[{"_mousePosition":[1062,350],"_rootPartCFrame":[776.025,222.952,47.142,0.002,0.003,1,0,1,-0.003,-1,0,0.002],"_humanoidState":8,"_cameraCFrame":[785.173,228.781,47.253,0.012,-0.428,0.904,0,0.904,0.428,-1,-0.005,0.011],"_shiftlockState":false,"_pose":"Standing","_animationQueue":[],"_animationSpeed":1,"_zoom":10.117},{"_mousePosition":[1057,351],"_rootPartCFrame":[775.778,222.833,47.139,0.003,0,1,0,1,0,-1,0,0.003],"_humanoidState":8,"_cameraCFrame":[784.922,228.662,47.25,0.012,-0.428,0.904,0,0.904,0.428,-1,-0.005,0.011],"_shiftlockState":false,"_pose":"Standing","_animationQueue":[],"_animationSpeed":1,"_zoom":10.117},{"_mousePosition":[1053,352],"_rootPartCFrame":[775.645,222.76,47.137,0.004,0,1,0,1,0,-1,0,0.004],"_humanoidState":8,"_cameraCFrame":[784.789,228.589,47.249,0.012,-0.428,0.904,0,0.904,0.428,-1,-0.005,0.011],"_shiftlockState":false,"_pose":"Running","_animationQueue":[["walk",0.1]],"_animationSpeed":1.066,"_zoom":10.117},{"_mousePosition":[1047,354],"_rootPartCFrame":[775.379,222.651,47.134,0.005,0,1,0,1,0,-1,0,0.005],"_humanoidState":8,"_cameraCFrame":[784.522,228.48,47.245,0.012,-0.428,0.904,0,0.904,0.428,-1,-0.005,0.011],"_shiftlockState":false,"_pose":"Running","_animationQueue":[],"_animationSpeed":1.066,"_zoom":10.117},{"_mousePosition":[1039,356],"_rootPartCFrame":[775.112,222.661,47.131,0.006,0,1,0,1,0,-1,0,0.006],"_humanoidState":8,"_cameraCFrame":[784.256,228.49,47.242,0.012,-0.428,0.904,0,0.904,0.428,-1,-0.005,0.011],"_shiftlockState":false,"_pose":"Running","_animationQueue":[],"_animationSpeed":1.066,"_zoom":10.117},{"_mousePosition":[1028,360],"_rootPartCFrame":[774.712,222.683,47.126,0.007,0,1,0,1,0,-1,0,0.007],"_humanoidState":8,"_cameraCFrame":[783.856,228.512,47.237,0.012,-0.428,0.904,0,0.904,0.428,-1,-0.005,0.011],"_shiftlockState":false,"_pose":"Running","_animationQueue":[["walk",0.1]],"_animationSpeed":1.066,"_zoom":10.117},{"_mousePosition":[1012,365],"_rootPartCFrame":[774.446,222.69,47.123,0.008,0,1,0,1,0,-1,0,0.008],"_humanoidState":8,"_cameraCFrame":[783.589,228.519,47.234,0.012,-0.428,0.904,0,0.904,0.428,-1,-0.005,0.011],"_shiftlockState":false,"_pose":"Running","_animationQueue":[],"_animationSpeed":1.066,"_zoom":10.117},{"_mousePosition":[994,373],"_rootPartCFrame":[774.179,222.695,47.12,0.009,0,1,0,1,0,-1,0,0.009],"_humanoidState":8,"_cameraCFrame":[783.323,228.524,47.231,0.012,-0.428,0.904,0,0.904,0.428,-1,-0.005,0.011],"_shiftlockState":false,"_pose":"Running","_animationQueue":[],"_animationSpeed":1.066,"_zoom":10.117},{"_mousePosition":[977,381],"_rootPartCFrame":[773.913,222.697,47.116,0.009,0,1,0,1,0,-1,0,0.009],"_humanoidState":8,"_cameraCFrame":[783.056,228.526,47.228,0.012,-0.428,0.904,0,0.904,0.428,-1,-0.005,0.011],"_shiftlockState":false,"_pose":"Running","_animationQueue":[],"_animationSpeed":1.066,"_zoom":10.117},{"_mousePosition":[960,387],"_rootPartCFrame":[773.646,222.698,47.113,0.009,0,1,0,1,0,-1,0,0.009],"_humanoidState":8,"_cameraCFrame":[782.789,228.527,47.224,0.012,-0.428,0.904,0,0.904,0.428,-1,-0.005,0.011],"_shiftlockState":false,"_pose":"Running","_animationQueue":[],"_animationSpeed":1.066,"_zoom":10.117},{"_mousePosition":[944,392],"_rootPartCFrame":[773.379,222.699,47.11,0.01,0,1,0,1,0,-1,0,0.01],"_humanoidState":8,"_cameraCFrame":[782.523,228.528,47.221,0.012,-0.428,0.904,0,0.904,0.428,-1,-0.005,0.011],"_shiftlockState":false,"_pose":"Running","_animationQueue":[],"_animationSpeed":1.066,"_zoom":10.117},{"_mousePosition":[927,396],"_rootPartCFrame":[773.113,222.699,47.107,0.01,0,1,0,1,0,-1,0,0.01],"_humanoidState":8,"_cameraCFrame":[782.256,228.528,47.218,0.012,-0.428,0.904,0,0.904,0.428,-1,-0.005,0.011],"_shiftlockState":false,"_pose":"Running","_animationQueue":[],"_animationSpeed":1.066,"_zoom":10.117},{"_mousePosition":[907,402],"_rootPartCFrame":[772.846,222.699,47.103,0.01,0,1,0,1,0,-1,0,0.01],"_humanoidState":8,"_cameraCFrame":[781.99,228.528,47.215,0.012,-0.428,0.904,0,0.904,0.428,-1,-0.005,0.011],"_shiftlockState":false,"_pose":"Running","_animationQueue":[["walk",0.1]],"_animationSpeed":1.066,"_zoom":10.117},{"_mousePosition":[884,406],"_rootPartCFrame":[772.58,222.7,47.1,0.011,0,1,0,1,0,-1,0,0.011],"_humanoidState":8,"_cameraCFrame":[781.723,228.528,47.211,0.012,-0.428,0.904,0,0.904,0.428,-1,-0.005,0.011],"_shiftlockState":false,"_pose":"Running","_animationQueue":[],"_animationSpeed":1.066,"_zoom":10.117},{"_mousePosition":[861,409],"_rootPartCFrame":[772.313,222.7,47.097,0.011,0,1,0,1,0,-1,0,0.011],"_humanoidState":8,"_cameraCFrame":[781.456,228.529,47.208,0.012,-0.428,0.904,0,0.904,0.428,-1,-0.005,0.011],"_shiftlockState":false,"_pose":"Running","_animationQueue":[],"_animationSpeed":1.066,"_zoom":10.117},{"_mousePosition":[842,412],"_rootPartCFrame":[772.046,222.7,47.094,0.011,0,1,0,1,0,-1,0,0.011],"_humanoidState":8,"_cameraCFrame":[781.19,228.529,47.205,0.012,-0.428,0.904,0,0.904,0.428,-1,-0.005,0.011],"_shiftlockState":false,"_pose":"Running","_animationQueue":[],"_animationSpeed":1.066,"_zoom":10.117},{"_mousePosition":[831,413],"_rootPartCFrame":[771.78,222.7,47.09,0.011,0,1,0,1,0,-1,0,0.011],"_humanoidState":8,"_cameraCFrame":[780.923,228.529,47.202,0.012,-0.428,0.904,0,0.904,0.428,-1,-0.005,0.011],"_shiftlockState":false,"_pose":"Running","_animationQueue":[],"_animationSpeed":1.066,"_zoom":10.117},{"_mousePosition":[824,413],"_rootPartCFrame":[771.513,222.7,47.087,0.011,0,1,0,1,0,-1,0,0.011],"_humanoidState":8,"_cameraCFrame":[780.657,228.529,47.198,0.012,-0.428,0.904,0,0.904,0.428,-1,-0.005,0.011],"_shiftlockState":false,"_pose":"Running","_animationQueue":[],"_animationSpeed":1.066,"_zoom":10.117},{"_mousePosition":[817,414],"_rootPartCFrame":[771.247,222.7,47.084,0.011,0,1,0,1,0,-1,0,0.011],"_humanoidState":8,"_cameraCFrame":[780.39,228.529,47.195,0.012,-0.428,0.904,0,0.904,0.428,-1,-0.005,0.011],"_shiftlockState":false,"_pose":"Running","_animationQueue":[],"_animationSpeed":1.066,"_zoom":10.117},{"_mousePosition":[811,414],"_rootPartCFrame":[770.98,222.7,47.081,0.012,0,1,0,1,0,-1,0,0.012],"_humanoidState":8,"_cameraCFrame":[780.123,228.529,47.192,0.012,-0.428,0.904,0,0.904,0.428,-1,-0.005,0.011],"_shiftlockState":false,"_pose":"Running","_animationQueue":[["walk",0.1]],"_animationSpeed":1.066,"_zoom":10.117},{"_mousePosition":[807,414],"_rootPartCFrame":[770.713,222.7,47.077,0.012,0,1,0,1,0,-1,0,0.012],"_humanoidState":8,"_cameraCFrame":[779.857,228.529,47.189,0.012,-0.428,0.904,0,0.904,0.428,-1,-0.005,0.011],"_shiftlockState":false,"_pose":"Running","_animationQueue":[],"_animationSpeed":1.066,"_zoom":10.117},{"_mousePosition":[802,414],"_rootPartCFrame":[770.447,222.7,47.074,0.012,0,1,0,1,0,-1,0,0.012],"_humanoidState":8,"_cameraCFrame":[779.59,228.529,47.185,0.012,-0.428,0.904,0,0.904,0.428,-1,-0.005,0.011],"_shiftlockState":false,"_pose":"Running","_animationQueue":[],"_animationSpeed":1.066,"_zoom":10.117},{"_mousePosition":[799,414],"_rootPartCFrame":[770.247,222.679,47.072,0.012,0,1,0,1,0,-1,0,0.012],"_humanoidState":8,"_cameraCFrame":[779.39,228.508,47.183,0.012,-0.428,0.904,0,0.904,0.428,-1,-0.005,0.011],"_shiftlockState":false,"_pose":"Running","_animationQueue":[],"_animationSpeed":1.066,"_zoom":10.117},{"_mousePosition":[795,416],"_rootPartCFrame":[769.914,222.577,47.068,0.012,0,1,0,1,0,-1,0,0.012],"_humanoidState":8,"_cameraCFrame":[779.057,228.406,47.179,0.012,-0.428,0.904,0,0.904,0.428,-1,-0.005,0.011],"_shiftlockState":false,"_pose":"Running","_animationQueue":[],"_animationSpeed":1.066,"_zoom":10.117},{"_mousePosition":[791,417],"_rootPartCFrame":[769.647,222.434,47.064,0.012,0,1,0,1,0,-1,0,0.012],"_humanoidState":8,"_cameraCFrame":[778.79,228.263,47.176,0.012,-0.428,0.904,0,0.904,0.428,-1,-0.005,0.011],"_shiftlockState":false,"_pose":"Running","_animationQueue":[],"_animationSpeed":1.066,"_zoom":10.117},{"_mousePosition":[787,418],"_rootPartCFrame":[769.38,222.236,47.061,0.012,0,1,0,1,0,-1,0,0.012],"_humanoidState":8,"_cameraCFrame":[778.524,228.065,47.172,0.012,-0.428,0.904,0,0.904,0.428,-1,-0.005,0.011],"_shiftlockState":false,"_pose":"Running","_animationQueue":[],"_animationSpeed":1.066,"_zoom":10.117},{"_mousePosition":[785,420],"_rootPartCFrame":[769.114,222.328,47.058,0.012,0,1,0,1,0,-1,0,0.012],"_humanoidState":8,"_cameraCFrame":[778.257,228.157,47.169,0.012,-0.428,0.904,0,0.904,0.428,-1,-0.005,0.011],"_shiftlockState":false,"_pose":"Running","_animationQueue":[["walk",0.1]],"_animationSpeed":1.066,"_zoom":10.117},{"_mousePosition":[784,420],"_rootPartCFrame":[768.847,222.478,47.055,0.012,0,1,0,1,0,-1,0,0.012],"_humanoidState":8,"_cameraCFrame":[777.991,228.307,47.166,0.012,-0.428,0.904,0,0.904,0.428,-1,-0.005,0.011],"_shiftlockState":false,"_pose":"Running","_animationQueue":[],"_animationSpeed":1.066,"_zoom":10.117},{"_mousePosition":[783,420],"_rootPartCFrame":[768.581,222.576,47.051,0.012,0,1,0,1,0,-1,0,0.012],"_humanoidState":8,"_cameraCFrame":[777.724,228.405,47.163,0.012,-0.428,0.904,0,0.904,0.428,-1,-0.005,0.011],"_shiftlockState":false,"_pose":"Running","_animationQueue":[],"_animationSpeed":1.066,"_zoom":10.117},{"_mousePosition":[783,420],"_rootPartCFrame":[768.314,222.632,47.048,0.012,0,1,0,1,0,-1,0,0.012],"_humanoidState":8,"_cameraCFrame":[777.457,228.461,47.159,0.012,-0.428,0.904,0,0.904,0.428,-1,-0.005,0.011],"_shiftlockState":false,"_pose":"Running","_animationQueue":[],"_animationSpeed":1.066,"_zoom":10.117},{"_mousePosition":[783,420],"_rootPartCFrame":[768.047,222.663,47.045,0.012,0,1,0,1,0,-1,0,0.012],"_humanoidState":8,"_cameraCFrame":[777.191,228.492,47.156,0.012,-0.428,0.904,0,0.904,0.428,-1,-0.005,0.011],"_shiftlockState":false,"_pose":"Running","_animationQueue":[],"_animationSpeed":1.066,"_zoom":10.117},{"_mousePosition":[783,420],"_rootPartCFrame":[767.781,222.68,47.042,0.012,0,1,0,1,0,-1,0,0.012],"_humanoidState":8,"_cameraCFrame":[776.924,228.508,47.153,0.012,-0.428,0.904,0,0.904,0.428,-1,-0.005,0.011],"_shiftlockState":false,"_pose":"Running","_animationQueue":[],"_animationSpeed":1.066,"_zoom":10.117},{"_mousePosition":[783,420],"_rootPartCFrame":[767.514,222.689,47.038,0.012,0,1,0,1,0,-1,0,0.012],"_humanoidState":8,"_cameraCFrame":[776.658,228.518,47.14,0.011,-0.428,0.904,0,0.904,0.428,-1,-0.005,0.01],"_shiftlockState":false,"_pose":"Running","_animationQueue":[],"_animationSpeed":1.066,"_zoom":10.117},{"_mousePosition":[783,420],"_rootPartCFrame":[767.248,222.694,47.035,0.012,0,1,0,1,0,-1,0,0.012],"_humanoidState":8,"_cameraCFrame":[776.391,228.523,47.137,0.011,-0.428,0.904,0,0.904,0.428,-1,-0.005,0.01],"_shiftlockState":false,"_pose":"Running","_animationQueue":[["walk",0.1]],"_animationSpeed":1.066,"_zoom":10.117},{"_mousePosition":[783,420],"_rootPartCFrame":[766.981,222.696,47.032,0.012,0,1,0,1,0,-1,0,0.012],"_humanoidState":8,"_cameraCFrame":[776.124,228.525,47.134,0.011,-0.428,0.904,0,0.904,0.428,-1,-0.005,0.01],"_shiftlockState":false,"_pose":"Running","_animationQueue":[],"_animationSpeed":1.066,"_zoom":10.117},{"_mousePosition":[783,420],"_rootPartCFrame":[766.781,222.698,47.03,0.012,0,1,0,1,0,-1,0,0.012],"_humanoidState":8,"_cameraCFrame":[775.924,228.527,47.132,0.011,-0.428,0.904,0,0.904,0.428,-1,-0.005,0.01],"_shiftlockState":false,"_pose":"Running","_animationQueue":[],"_animationSpeed":1.066,"_zoom":10.117},{"_mousePosition":[783,420],"_rootPartCFrame":[766.448,222.699,47.026,0.012,0,1,0,1,0,-1,0,0.012],"_humanoidState":8,"_cameraCFrame":[775.591,228.528,47.128,0.011,-0.428,0.904,0,0.904,0.428,-1,-0.005,0.01],"_shiftlockState":false,"_pose":"Running","_animationQueue":[],"_animationSpeed":1.066,"_zoom":10.117},{"_mousePosition":[783,420],"_rootPartCFrame":[766.115,222.699,47.023,0.012,0,1,0,1,0,-1,0,0.012],"_humanoidState":8,"_cameraCFrame":[775.258,228.528,47.124,0.011,-0.428,0.904,0,0.904,0.428,-1,-0.005,0.01],"_shiftlockState":false,"_pose":"Running","_animationQueue":[],"_animationSpeed":1.066,"_zoom":10.117},{"_mousePosition":[783,420],"_rootPartCFrame":[765.981,222.699,47.021,0.012,0,1,0,1,0,-1,0,0.012],"_humanoidState":8,"_cameraCFrame":[775.125,228.528,47.123,0.011,-0.428,0.904,0,0.904,0.428,-1,-0.005,0.01],"_shiftlockState":false,"_pose":"Running","_animationQueue":[],"_animationSpeed":1.066,"_zoom":10.117},{"_mousePosition":[783,420],"_rootPartCFrame":[765.715,222.699,47.018,0.012,0,1,0,1,0,-1,0,0.012],"_humanoidState":8,"_cameraCFrame":[774.858,228.528,47.12,0.011,-0.428,0.904,0,0.904,0.428,-1,-0.005,0.01],"_shiftlockState":false,"_pose":"Running","_animationQueue":[],"_animationSpeed":1.066,"_zoom":10.117},{"_mousePosition":[783,420],"_rootPartCFrame":[765.315,222.7,47.014,0.011,0,1,0,1,0,-1,0,0.011],"_humanoidState":8,"_cameraCFrame":[774.458,228.529,47.115,0.011,-0.428,0.904,0,0.904,0.428,-1,-0.005,0.01],"_shiftlockState":false,"_pose":"Running","_animationQueue":[["walk",0.1]],"_animationSpeed":1.066,"_zoom":10.117},{"_mousePosition":[783,420],"_rootPartCFrame":[765.181,222.7,47.012,0.011,0,1,0,1,0,-1,0,0.011],"_humanoidState":8,"_cameraCFrame":[774.325,228.529,47.114,0.011,-0.428,0.904,0,0.904,0.428,-1,-0.005,0.01],"_shiftlockState":false,"_pose":"Running","_animationQueue":[],"_animationSpeed":1.066,"_zoom":10.117},{"_mousePosition":[783,420],"_rootPartCFrame":[764.781,222.7,47.008,0.011,0,1,0,1,0,-1,0,0.011],"_humanoidState":8,"_cameraCFrame":[773.925,228.529,47.109,0.011,-0.428,0.904,0,0.904,0.428,-1,-0.005,0.01],"_shiftlockState":false,"_pose":"Running","_animationQueue":[],"_animationSpeed":1.066,"_zoom":10.117},{"_mousePosition":[783,420],"_rootPartCFrame":[764.515,222.7,47.005,0.011,0,1,0,1,0,-1,0,0.011],"_humanoidState":8,"_cameraCFrame":[773.658,228.529,47.106,0.011,-0.428,0.904,0,0.904,0.428,-1,-0.005,0.01],"_shiftlockState":false,"_pose":"Running","_animationQueue":[],"_animationSpeed":1.066,"_zoom":10.117},{"_mousePosition":[783,420],"_rootPartCFrame":[764.382,222.7,47.003,0.011,0,1,0,1,0,-1,0,0.011],"_humanoidState":8,"_cameraCFrame":[773.525,228.529,47.105,0.011,-0.428,0.904,0,0.904,0.428,-1,-0.005,0.01],"_shiftlockState":false,"_pose":"Running","_animationQueue":[],"_animationSpeed":1.066,"_zoom":10.117},{"_mousePosition":[783,420],"_rootPartCFrame":[763.982,222.7,46.999,0.011,0,1,0,1,0,-1,0,0.011],"_humanoidState":8,"_cameraCFrame":[773.125,228.529,47.1,0.011,-0.428,0.904,0,0.904,0.428,-1,-0.005,0.01],"_shiftlockState":false,"_pose":"Running","_animationQueue":[],"_animationSpeed":1.066,"_zoom":10.117},{"_mousePosition":[783,420],"_rootPartCFrame":[763.715,222.7,46.996,0.011,0,1,0,1,0,-1,0,0.011],"_humanoidState":8,"_cameraCFrame":[772.859,228.529,47.097,0.011,-0.428,0.904,0,0.904,0.428,-1,-0.005,0.01],"_shiftlockState":false,"_pose":"Running","_animationQueue":[],"_animationSpeed":1.066,"_zoom":10.117},{"_mousePosition":[783,420],"_rootPartCFrame":[763.582,222.7,46.994,0.011,0,1,0,1,0,-1,0,0.011],"_humanoidState":8,"_cameraCFrame":[772.725,228.529,47.096,0.011,-0.428,0.904,0,0.904,0.428,-1,-0.005,0.01],"_shiftlockState":false,"_pose":"Running","_animationQueue":[["walk",0.1]],"_animationSpeed":1.066,"_zoom":10.117},{"_mousePosition":[783,420],"_rootPartCFrame":[763.315,222.7,46.991,0.011,0,1,0,1,0,-1,0,0.011],"_humanoidState":8,"_cameraCFrame":[772.459,228.529,47.093,0.011,-0.428,0.904,0,0.904,0.428,-1,-0.005,0.01],"_shiftlockState":false,"_pose":"Running","_animationQueue":[],"_animationSpeed":1.066,"_zoom":10.117},{"_mousePosition":[783,420],"_rootPartCFrame":[762.915,222.7,46.987,0.011,0,1,0,1,0,-1,0,0.011],"_humanoidState":8,"_cameraCFrame":[772.059,228.529,47.089,0.011,-0.428,0.904,0,0.904,0.428,-1,-0.005,0.01],"_shiftlockState":false,"_pose":"Running","_animationQueue":[],"_animationSpeed":1.066,"_zoom":10.117},{"_mousePosition":[783,420],"_rootPartCFrame":[762.782,222.7,46.985,0.011,0,1,0,1,0,-1,0,0.011],"_humanoidState":8,"_cameraCFrame":[771.925,228.529,47.087,0.011,-0.428,0.904,0,0.904,0.428,-1,-0.005,0.01],"_shiftlockState":false,"_pose":"Running","_animationQueue":[],"_animationSpeed":1.066,"_zoom":10.117},{"_mousePosition":[783,420],"_rootPartCFrame":[762.382,222.7,46.981,0.011,0,1,0,1,0,-1,0,0.011],"_humanoidState":8,"_cameraCFrame":[771.526,228.529,47.083,0.011,-0.428,0.904,0,0.904,0.428,-1,-0.005,0.01],"_shiftlockState":false,"_pose":"Running","_animationQueue":[],"_animationSpeed":1.066,"_zoom":10.117},{"_mousePosition":[783,420],"_rootPartCFrame":[762.249,222.7,46.979,0.011,0,1,0,1,0,-1,0,0.011],"_humanoidState":8,"_cameraCFrame":[771.392,228.529,47.081,0.011,-0.428,0.904,0,0.904,0.428,-1,-0.005,0.01],"_shiftlockState":false,"_pose":"Running","_animationQueue":[],"_animationSpeed":1.066,"_zoom":10.117},{"_mousePosition":[783,420],"_rootPartCFrame":[761.982,222.7,46.977,0.011,0,1,0,1,0,-1,0,0.011],"_humanoidState":8,"_cameraCFrame":[771.126,228.529,47.078,0.011,-0.428,0.904,0,0.904,0.428,-1,-0.005,0.01],"_shiftlockState":false,"_pose":"Running","_animationQueue":[["walk",0.1]],"_animationSpeed":1.066,"_zoom":10.117},{"_mousePosition":[783,420],"_rootPartCFrame":[761.582,222.7,46.972,0.011,0,1,0,1,0,-1,0,0.011],"_humanoidState":8,"_cameraCFrame":[770.726,228.529,47.074,0.011,-0.428,0.904,0,0.904,0.428,-1,-0.005,0.01],"_shiftlockState":false,"_pose":"Running","_animationQueue":[],"_animationSpeed":1.066,"_zoom":10.117},{"_mousePosition":[783,420],"_rootPartCFrame":[761.449,222.7,46.971,0.011,0,1,0,1,0,-1,0,0.011],"_humanoidState":8,"_cameraCFrame":[770.592,228.529,47.072,0.011,-0.428,0.904,0,0.904,0.428,-1,-0.005,0.01],"_shiftlockState":false,"_pose":"Running","_animationQueue":[],"_animationSpeed":1.066,"_zoom":10.117},{"_mousePosition":[783,420],"_rootPartCFrame":[761.182,222.7,46.968,0.011,0,1,0,1,0,-1,0,0.011],"_humanoidState":8,"_cameraCFrame":[770.326,228.529,47.069,0.011,-0.428,0.904,0,0.904,0.428,-1,-0.005,0.01],"_shiftlockState":false,"_pose":"Running","_animationQueue":[],"_animationSpeed":1.066,"_zoom":10.117},{"_mousePosition":[783,420],"_rootPartCFrame":[760.782,222.7,46.963,0.011,0,1,0,1,0,-1,0,0.011],"_humanoidState":8,"_cameraCFrame":[769.926,228.529,47.065,0.011,-0.428,0.904,0,0.904,0.428,-1,-0.005,0.01],"_shiftlockState":false,"_pose":"Running","_animationQueue":[],"_animationSpeed":1.066,"_zoom":10.117},{"_mousePosition":[783,420],"_rootPartCFrame":[760.516,222.7,46.96,0.011,0,1,0,1,0,-1,0,0.011],"_humanoidState":8,"_cameraCFrame":[769.659,228.529,47.062,0.011,-0.428,0.904,0,0.904,0.428,-1,-0.005,0.01],"_shiftlockState":false,"_pose":"Running","_animationQueue":[],"_animationSpeed":1.066,"_zoom":10.117},{"_mousePosition":[783,420],"_rootPartCFrame":[760.249,222.7,46.957,0.011,0,1,0,1,0,-1,0,0.011],"_humanoidState":8,"_cameraCFrame":[769.393,228.529,47.059,0.011,-0.428,0.904,0,0.904,0.428,-1,-0.005,0.01],"_shiftlockState":false,"_pose":"Running","_animationQueue":[],"_animationSpeed":1.066,"_zoom":10.117},{"_mousePosition":[783,420],"_rootPartCFrame":[759.983,222.7,46.954,0.011,0,1,0,1,0,-1,0,0.011],"_humanoidState":8,"_cameraCFrame":[769.126,228.529,47.056,0.011,-0.428,0.904,0,0.904,0.428,-1,-0.005,0.01],"_shiftlockState":false,"_pose":"Running","_animationQueue":[["walk",0.1]],"_animationSpeed":1.066,"_zoom":10.117},{"_mousePosition":[783,420],"_rootPartCFrame":[759.849,222.7,46.953,0.011,0,1,0,1,0,-1,0,0.011],"_humanoidState":8,"_cameraCFrame":[768.993,228.529,47.054,0.011,-0.428,0.904,0,0.904,0.428,-1,-0.005,0.01],"_shiftlockState":false,"_pose":"Running","_animationQueue":[],"_animationSpeed":1.066,"_zoom":10.117},{"_mousePosition":[783,420],"_rootPartCFrame":[759.583,222.7,46.95,0.011,0,1,0,1,0,-1,0,0.011],"_humanoidState":8,"_cameraCFrame":[768.726,228.529,47.051,0.011,-0.428,0.904,0,0.904,0.428,-1,-0.005,0.01],"_shiftlockState":false,"_pose":"Running","_animationQueue":[],"_animationSpeed":1.066,"_zoom":10.117},{"_mousePosition":[783,420],"_rootPartCFrame":[759.316,222.7,46.947,0.011,0,1,0,1,0,-1,0,0.011],"_humanoidState":8,"_cameraCFrame":[768.46,228.529,47.049,0.011,-0.428,0.904,0,0.904,0.428,-1,-0.005,0.01],"_shiftlockState":false,"_pose":"Running","_animationQueue":[],"_animationSpeed":1.066,"_zoom":10.117},{"_mousePosition":[783,420],"_rootPartCFrame":[759.05,222.7,46.944,0.011,0,1,0,1,0,-1,0,0.011],"_humanoidState":8,"_cameraCFrame":[768.193,228.529,47.046,0.011,-0.428,0.904,0,0.904,0.428,-1,-0.005,0.01],"_shiftlockState":false,"_pose":"Running","_animationQueue":[],"_animationSpeed":1.066,"_zoom":10.117},{"_mousePosition":[783,420],"_rootPartCFrame":[758.65,222.7,46.939,0.011,0,1,0,1,0,-1,0,0.011],"_humanoidState":8,"_cameraCFrame":[767.793,228.529,47.041,0.011,-0.428,0.904,0,0.904,0.428,-1,-0.005,0.01],"_shiftlockState":false,"_pose":"Running","_animationQueue":[],"_animationSpeed":1.066,"_zoom":10.117},{"_mousePosition":[783,420],"_rootPartCFrame":[758.516,222.7,46.938,0.011,0,1,0,1,0,-1,0,0.011],"_humanoidState":8,"_cameraCFrame":[767.66,228.529,47.04,0.011,-0.428,0.904,0,0.904,0.428,-1,-0.005,0.01],"_shiftlockState":false,"_pose":"Running","_animationQueue":[],"_animationSpeed":1.066,"_zoom":10.117},{"_mousePosition":[783,420],"_rootPartCFrame":[758.116,222.7,46.933,0.011,0,1,0,1,0,-1,0,0.011],"_humanoidState":8,"_cameraCFrame":[767.26,228.529,47.035,0.011,-0.428,0.904,0,0.904,0.428,-1,-0.005,0.01],"_shiftlockState":false,"_pose":"Running","_animationQueue":[["walk",0.1]],"_animationSpeed":1.066,"_zoom":10.117},{"_mousePosition":[783,420],"_rootPartCFrame":[757.85,222.7,46.931,0.011,0,1,0,1,0,-1,0,0.011],"_humanoidState":8,"_cameraCFrame":[766.993,228.529,47.032,0.011,-0.428,0.904,0,0.904,0.428,-1,-0.005,0.01],"_shiftlockState":false,"_pose":"Running","_animationQueue":[],"_animationSpeed":1.066,"_zoom":10.117},{"_mousePosition":[783,420],"_rootPartCFrame":[757.583,222.7,46.928,0.011,0,1,0,1,0,-1,0,0.011],"_humanoidState":8,"_cameraCFrame":[766.727,228.529,47.029,0.011,-0.428,0.904,0,0.904,0.428,-1,-0.005,0.01],"_shiftlockState":false,"_pose":"Running","_animationQueue":[],"_animationSpeed":1.066,"_zoom":10.117},{"_mousePosition":[783,420],"_rootPartCFrame":[757.317,222.7,46.925,0.011,0,1,0,1,0,-1,0,0.011],"_humanoidState":8,"_cameraCFrame":[766.46,228.529,47.026,0.011,-0.428,0.904,0,0.904,0.428,-1,-0.005,0.01],"_shiftlockState":false,"_pose":"Running","_animationQueue":[],"_animationSpeed":1.066,"_zoom":10.117},{"_mousePosition":[783,420],"_rootPartCFrame":[757.183,222.7,46.923,0.011,0,1,0,1,0,-1,0,0.011],"_humanoidState":8,"_cameraCFrame":[766.327,228.529,47.025,0.011,-0.428,0.904,0,0.904,0.428,-1,-0.005,0.01],"_shiftlockState":false,"_pose":"Running","_animationQueue":[],"_animationSpeed":1.066,"_zoom":10.117},{"_mousePosition":[783,420],"_rootPartCFrame":[756.917,222.7,46.92,0.011,0,1,0,1,0,-1,0,0.011],"_humanoidState":8,"_cameraCFrame":[766.06,228.529,47.022,0.011,-0.428,0.904,0,0.904,0.428,-1,-0.005,0.01],"_shiftlockState":false,"_pose":"Running","_animationQueue":[],"_animationSpeed":1.066,"_zoom":10.117},{"_mousePosition":[783,420],"_rootPartCFrame":[756.517,222.7,46.916,0.011,0,1,0,1,0,-1,0,0.011],"_humanoidState":8,"_cameraCFrame":[765.66,228.529,47.017,0.011,-0.428,0.904,0,0.904,0.428,-1,-0.005,0.01],"_shiftlockState":false,"_pose":"Running","_animationQueue":[],"_animationSpeed":1.066,"_zoom":10.117},{"_mousePosition":[783,420],"_rootPartCFrame":[756.317,222.679,46.913,0.011,0,1,0,1,0,-1,0,0.011],"_humanoidState":8,"_cameraCFrame":[765.46,228.508,47.015,0.011,-0.428,0.904,0,0.904,0.428,-1,-0.005,0.01],"_shiftlockState":false,"_pose":"Running","_animationQueue":[["walk",0.1]],"_animationSpeed":1.066,"_zoom":10.117},{"_mousePosition":[783,420],"_rootPartCFrame":[756.05,222.604,46.91,0.011,0,1,0,1,0,-1,0,0.011],"_humanoidState":8,"_cameraCFrame":[765.194,228.433,47.012,0.011,-0.428,0.904,0,0.904,0.428,-1,-0.005,0.01],"_shiftlockState":false,"_pose":"Running","_animationQueue":[],"_animationSpeed":1.066,"_zoom":10.117},{"_mousePosition":[783,420],"_rootPartCFrame":[755.784,222.475,46.908,0.011,0,1,0,1,0,-1,0,0.011],"_humanoidState":8,"_cameraCFrame":[764.927,228.304,47.009,0.011,-0.428,0.904,0,0.904,0.428,-1,-0.005,0.01],"_shiftlockState":false,"_pose":"Running","_animationQueue":[],"_animationSpeed":1.066,"_zoom":10.117},{"_mousePosition":[783,420],"_rootPartCFrame":[755.45,222.53,46.904,0.011,0,1,0,1,0,-1,0,0.011],"_humanoidState":8,"_cameraCFrame":[764.594,228.359,47.006,0.011,-0.428,0.904,0,0.904,0.428,-1,-0.005,0.01],"_shiftlockState":false,"_pose":"Running","_animationQueue":[],"_animationSpeed":1.066,"_zoom":10.117},{"_mousePosition":[783,420],"_rootPartCFrame":[755.25,222.585,46.902,0.011,0,1,0,1,0,-1,0,0.011],"_humanoidState":8,"_cameraCFrame":[764.394,228.414,47.003,0.011,-0.428,0.904,0,0.904,0.428,-1,-0.005,0.01],"_shiftlockState":false,"_pose":"Running","_animationQueue":[],"_animationSpeed":1.066,"_zoom":10.117},{"_mousePosition":[783,420],"_rootPartCFrame":[754.917,222.644,46.898,0.011,0,1,0,1,0,-1,0,0.011],"_humanoidState":8,"_cameraCFrame":[764.061,228.473,47,0.011,-0.428,0.904,0,0.904,0.428,-1,-0.005,0.01],"_shiftlockState":false,"_pose":"Running","_animationQueue":[],"_animationSpeed":1.066,"_zoom":10.117},{"_mousePosition":[783,420],"_rootPartCFrame":[754.651,222.669,46.895,0.011,0,1,0,1,0,-1,0,0.011],"_humanoidState":8,"_cameraCFrame":[763.794,228.498,46.997,0.011,-0.428,0.904,0,0.904,0.428,-1,-0.005,0.01],"_shiftlockState":false,"_pose":"Running","_animationQueue":[["walk",0.1]],"_animationSpeed":1.066,"_zoom":10.117},{"_mousePosition":[783,420],"_rootPartCFrame":[754.451,222.68,46.893,0.011,0,1,0,1,0,-1,0,0.011],"_humanoidState":8,"_cameraCFrame":[763.594,228.509,46.994,0.011,-0.428,0.904,0,0.904,0.428,-1,-0.005,0.01],"_shiftlockState":false,"_pose":"Running","_animationQueue":[],"_animationSpeed":1.066,"_zoom":10.117},{"_mousePosition":[783,420],"_rootPartCFrame":[754.117,222.691,46.889,0.011,0,1,0,1,0,-1,0,0.011],"_humanoidState":8,"_cameraCFrame":[763.261,228.52,46.991,0.011,-0.428,0.904,0,0.904,0.428,-1,-0.005,0.01],"_shiftlockState":false,"_pose":"Running","_animationQueue":[],"_animationSpeed":1.066,"_zoom":10.117},{"_mousePosition":[783,420],"_rootPartCFrame":[753.851,222.695,46.886,0.011,0,1,0,1,0,-1,0,0.011],"_humanoidState":8,"_cameraCFrame":[762.994,228.524,46.988,0.011,-0.428,0.904,0,0.904,0.428,-1,-0.005,0.01],"_shiftlockState":false,"_pose":"Running","_animationQueue":[],"_animationSpeed":1.066,"_zoom":10.117},{"_mousePosition":[783,420],"_rootPartCFrame":[753.651,222.697,46.884,0.011,0,1,0,1,0,-1,0,0.011],"_humanoidState":8,"_cameraCFrame":[762.794,228.525,46.986,0.011,-0.428,0.904,0,0.904,0.428,-1,-0.005,0.01],"_shiftlockState":false,"_pose":"Running","_animationQueue":[],"_animationSpeed":1.066,"_zoom":10.117},{"_mousePosition":[783,420],"_rootPartCFrame":[753.318,222.698,46.88,0.011,0,1,0,1,0,-1,0,0.011],"_humanoidState":8,"_cameraCFrame":[762.461,228.527,46.982,0.011,-0.428,0.904,0,0.904,0.428,-1,-0.005,0.01],"_shiftlockState":false,"_pose":"Running","_animationQueue":[],"_animationSpeed":1.066,"_zoom":10.117},{"_mousePosition":[783,420],"_rootPartCFrame":[753.051,222.699,46.877,0.011,0,1,0,1,0,-1,0,0.011],"_humanoidState":8,"_cameraCFrame":[762.195,228.528,46.979,0.011,-0.428,0.904,0,0.904,0.428,-1,-0.005,0.01],"_shiftlockState":false,"_pose":"Running","_animationQueue":[["walk",0.1]],"_animationSpeed":1.066,"_zoom":10.117},{"_mousePosition":[783,420],"_rootPartCFrame":[752.718,222.699,46.873,0.011,0,1,0,1,0,-1,0,0.011],"_humanoidState":8,"_cameraCFrame":[761.861,228.528,46.975,0.011,-0.428,0.904,0,0.904,0.428,-1,-0.005,0.01],"_shiftlockState":false,"_pose":"Running","_animationQueue":[],"_animationSpeed":1.066,"_zoom":10.117},{"_mousePosition":[783,420],"_rootPartCFrame":[752.518,222.699,46.871,0.011,0,1,0,1,0,-1,0,0.011],"_humanoidState":8,"_cameraCFrame":[761.661,228.528,46.973,0.011,-0.428,0.904,0,0.904,0.428,-1,-0.005,0.01],"_shiftlockState":false,"_pose":"Running","_animationQueue":[],"_animationSpeed":1.066,"_zoom":10.117},{"_mousePosition":[783,420],"_rootPartCFrame":[752.318,222.7,46.869,0.011,0,1,0,1,0,-1,0,0.011],"_humanoidState":8,"_cameraCFrame":[761.461,228.528,46.971,0.011,-0.428,0.904,0,0.904,0.428,-1,-0.005,0.01],"_shiftlockState":false,"_pose":"Running","_animationQueue":[],"_animationSpeed":1.066,"_zoom":10.117},{"_mousePosition":[783,420],"_rootPartCFrame":[751.918,222.7,46.865,0.011,0,1,0,1,0,-1,0,0.011],"_humanoidState":8,"_cameraCFrame":[761.061,228.529,46.966,0.011,-0.428,0.904,0,0.904,0.428,-1,-0.005,0.01],"_shiftlockState":false,"_pose":"Running","_animationQueue":[],"_animationSpeed":1.066,"_zoom":10.117},{"_mousePosition":[783,420],"_rootPartCFrame":[751.785,222.7,46.863,0.011,0,1,0,1,0,-1,0,0.011],"_humanoidState":8,"_cameraCFrame":[760.928,228.529,46.965,0.011,-0.428,0.904,0,0.904,0.428,-1,-0.005,0.01],"_shiftlockState":false,"_pose":"Running","_animationQueue":[],"_animationSpeed":1.066,"_zoom":10.117},{"_mousePosition":[783,420],"_rootPartCFrame":[751.518,222.7,46.86,0.011,0,1,0,1,0,-1,0,0.011],"_humanoidState":8,"_cameraCFrame":[760.662,228.529,46.962,0.011,-0.428,0.904,0,0.904,0.428,-1,-0.005,0.01],"_shiftlockState":false,"_pose":"Running","_animationQueue":[],"_animationSpeed":1.066,"_zoom":10.117},{"_mousePosition":[783,420],"_rootPartCFrame":[751.118,222.7,46.856,0.011,0,1,0,1,0,-1,0,0.011],"_humanoidState":8,"_cameraCFrame":[760.262,228.529,46.957,0.011,-0.428,0.904,0,0.904,0.428,-1,-0.005,0.01],"_shiftlockState":false,"_pose":"Running","_animationQueue":[["walk",0.1]],"_animationSpeed":1.066,"_zoom":10.117},{"_mousePosition":[783,420],"_rootPartCFrame":[750.985,222.7,46.854,0.011,0,1,0,1,0,-1,0,0.011],"_humanoidState":8,"_cameraCFrame":[760.128,228.529,46.956,0.011,-0.428,0.904,0,0.904,0.428,-1,-0.005,0.01],"_shiftlockState":false,"_pose":"Running","_animationQueue":[],"_animationSpeed":1.066,"_zoom":10.117},{"_mousePosition":[783,420],"_rootPartCFrame":[750.585,222.7,46.85,0.011,0,1,0,1,0,-1,0,0.011],"_humanoidState":8,"_cameraCFrame":[759.728,228.529,46.951,0.011,-0.428,0.904,0,0.904,0.428,-1,-0.005,0.01],"_shiftlockState":false,"_pose":"Running","_animationQueue":[],"_animationSpeed":1.066,"_zoom":10.117},{"_mousePosition":[783,420],"_rootPartCFrame":[750.318,222.7,46.847,0.011,0,1,0,1,0,-1,0,0.011],"_humanoidState":8,"_cameraCFrame":[759.462,228.529,46.948,0.011,-0.428,0.904,0,0.904,0.428,-1,-0.005,0.01],"_shiftlockState":false,"_pose":"Running","_animationQueue":[],"_animationSpeed":1.066,"_zoom":10.117},{"_mousePosition":[783,420],"_rootPartCFrame":[750.185,222.7,46.845,0.011,0,1,0,1,0,-1,0,0.011],"_humanoidState":8,"_cameraCFrame":[759.329,228.529,46.947,0.011,-0.428,0.904,0,0.904,0.428,-1,-0.005,0.01],"_shiftlockState":false,"_pose":"Running","_animationQueue":[],"_animationSpeed":1.066,"_zoom":10.117},{"_mousePosition":[783,420],"_rootPartCFrame":[749.785,222.7,46.841,0.011,0,1,0,1,0,-1,0,0.011],"_humanoidState":8,"_cameraCFrame":[758.929,228.529,46.943,0.011,-0.428,0.904,0,0.904,0.428,-1,-0.005,0.01],"_shiftlockState":false,"_pose":"Running","_animationQueue":[],"_animationSpeed":1.066,"_zoom":10.117},{"_mousePosition":[783,420],"_rootPartCFrame":[749.519,222.7,46.838,0.011,0,1,0,1,0,-1,0,0.011],"_humanoidState":8,"_cameraCFrame":[758.662,228.529,46.94,0.011,-0.428,0.904,0,0.904,0.428,-1,-0.005,0.01],"_shiftlockState":false,"_pose":"Running","_animationQueue":[["walk",0.1]],"_animationSpeed":1.066,"_zoom":10.117},{"_mousePosition":[783,420],"_rootPartCFrame":[749.385,222.7,46.836,0.011,0,1,0,1,0,-1,0,0.011],"_humanoidState":8,"_cameraCFrame":[758.529,228.529,46.938,0.011,-0.428,0.904,0,0.904,0.428,-1,-0.005,0.01],"_shiftlockState":false,"_pose":"Running","_animationQueue":[],"_animationSpeed":1.066,"_zoom":10.117},{"_mousePosition":[783,420],"_rootPartCFrame":[749.119,222.7,46.833,0.011,0,1,0,1,0,-1,0,0.011],"_humanoidState":8,"_cameraCFrame":[758.262,228.529,46.935,0.011,-0.428,0.904,0,0.904,0.428,-1,-0.005,0.01],"_shiftlockState":false,"_pose":"Running","_animationQueue":[],"_animationSpeed":1.066,"_zoom":10.117},{"_mousePosition":[783,420],"_rootPartCFrame":[748.719,222.7,46.829,0.011,0,1,0,1,0,-1,0,0.011],"_humanoidState":8,"_cameraCFrame":[757.862,228.529,46.931,0.011,-0.428,0.904,0,0.904,0.428,-1,-0.005,0.01],"_shiftlockState":false,"_pose":"Running","_animationQueue":[],"_animationSpeed":1.066,"_zoom":10.117},{"_mousePosition":[783,420],"_rootPartCFrame":[748.452,222.7,46.826,0.011,0,1,0,1,0,-1,0,0.011],"_humanoidState":8,"_cameraCFrame":[757.596,228.529,46.928,0.011,-0.428,0.904,0,0.904,0.428,-1,-0.005,0.01],"_shiftlockState":false,"_pose":"Running","_animationQueue":[],"_animationSpeed":1.066,"_zoom":10.117},{"_mousePosition":[783,420],"_rootPartCFrame":[748.186,222.7,46.823,0.011,0,1,0,1,0,-1,0,0.011],"_humanoidState":8,"_cameraCFrame":[757.329,228.529,46.925,0.011,-0.428,0.904,0,0.904,0.428,-1,-0.005,0.01],"_shiftlockState":false,"_pose":"Running","_animationQueue":[],"_animationSpeed":1.066,"_zoom":10.117},{"_mousePosition":[783,420],"_rootPartCFrame":[747.919,222.7,46.82,0.011,0,1,0,1,0,-1,0,0.011],"_humanoidState":8,"_cameraCFrame":[757.062,228.529,46.922,0.011,-0.428,0.904,0,0.904,0.428,-1,-0.005,0.01],"_shiftlockState":false,"_pose":"Running","_animationQueue":[],"_animationSpeed":1.066,"_zoom":10.117},{"_mousePosition":[783,420],"_rootPartCFrame":[747.652,222.7,46.817,0.011,0,1,0,1,0,-1,0,0.011],"_humanoidState":8,"_cameraCFrame":[756.796,228.529,46.919,0.011,-0.428,0.904,0,0.904,0.428,-1,-0.005,0.01],"_shiftlockState":false,"_pose":"Running","_animationQueue":[["walk",0.1]],"_animationSpeed":1.066,"_zoom":10.117},{"_mousePosition":[783,420],"_rootPartCFrame":[747.386,222.7,46.814,0.011,0,1,0,1,0,-1,0,0.011],"_humanoidState":8,"_cameraCFrame":[756.529,228.529,46.916,0.011,-0.428,0.904,0,0.904,0.428,-1,-0.005,0.01],"_shiftlockState":false,"_pose":"Running","_animationQueue":[],"_animationSpeed":1.066,"_zoom":10.117},{"_mousePosition":[783,420],"_rootPartCFrame":[747.119,222.7,46.811,0.011,0,1,0,1,0,-1,0,0.011],"_humanoidState":8,"_cameraCFrame":[756.263,228.529,46.913,0.011,-0.428,0.904,0,0.904,0.428,-1,-0.005,0.01],"_shiftlockState":false,"_pose":"Running","_animationQueue":[],"_animationSpeed":1.066,"_zoom":10.117},{"_mousePosition":[783,420],"_rootPartCFrame":[746.853,222.7,46.808,0.011,0,1,0,1,0,-1,0,0.011],"_humanoidState":8,"_cameraCFrame":[755.996,228.529,46.91,0.011,-0.428,0.904,0,0.904,0.428,-1,-0.005,0.01],"_shiftlockState":false,"_pose":"Running","_animationQueue":[],"_animationSpeed":1.066,"_zoom":10.117},{"_mousePosition":[783,420],"_rootPartCFrame":[746.586,222.7,46.805,0.011,0,1,0,1,0,-1,0,0.011],"_humanoidState":8,"_cameraCFrame":[755.729,228.529,46.907,0.011,-0.428,0.904,0,0.904,0.428,-1,-0.005,0.01],"_shiftlockState":false,"_pose":"Running","_animationQueue":[],"_animationSpeed":1.066,"_zoom":10.117},{"_mousePosition":[783,420],"_rootPartCFrame":[746.319,222.7,46.802,0.011,0,1,0,1,0,-1,0,0.011],"_humanoidState":8,"_cameraCFrame":[755.463,228.529,46.904,0.011,-0.428,0.904,0,0.904,0.428,-1,-0.005,0.01],"_shiftlockState":false,"_pose":"Running","_animationQueue":[],"_animationSpeed":1.066,"_zoom":10.117},{"_mousePosition":[783,420],"_rootPartCFrame":[746.053,222.7,46.799,0.011,0,1,0,1,0,-1,0,0.011],"_humanoidState":8,"_cameraCFrame":[755.196,228.529,46.901,0.011,-0.428,0.904,0,0.904,0.428,-1,-0.005,0.01],"_shiftlockState":false,"_pose":"Running","_animationQueue":[],"_animationSpeed":1.066,"_zoom":10.117},{"_mousePosition":[783,420],"_rootPartCFrame":[745.786,222.7,46.796,0.011,0,1,0,1,0,-1,0,0.011],"_humanoidState":8,"_cameraCFrame":[754.93,228.529,46.898,0.011,-0.428,0.904,0,0.904,0.428,-1,-0.005,0.01],"_shiftlockState":false,"_pose":"Running","_animationQueue":[["walk",0.1]],"_animationSpeed":1.066,"_zoom":10.117},{"_mousePosition":[783,420],"_rootPartCFrame":[745.52,222.7,46.793,0.011,0,1,0,1,0,-1,0,0.011],"_humanoidState":8,"_cameraCFrame":[754.663,228.529,46.895,0.011,-0.428,0.904,0,0.904,0.428,-1,-0.005,0.01],"_shiftlockState":false,"_pose":"Running","_animationQueue":[],"_animationSpeed":1.066,"_zoom":10.117},{"_mousePosition":[783,420],"_rootPartCFrame":[745.386,222.7,46.792,0.011,0,1,0,1,0,-1,0,0.011],"_humanoidState":8,"_cameraCFrame":[754.53,228.529,46.894,0.011,-0.428,0.904,0,0.904,0.428,-1,-0.005,0.01],"_shiftlockState":false,"_pose":"Running","_animationQueue":[],"_animationSpeed":1.066,"_zoom":10.117},{"_mousePosition":[783,420],"_rootPartCFrame":[745.12,222.7,46.789,0.011,0,1,0,1,0,-1,0,0.011],"_humanoidState":8,"_cameraCFrame":[754.26,228.536,46.891,0.011,-0.429,0.903,0,0.903,0.429,-1,-0.005,0.01],"_shiftlockState":false,"_pose":"Running","_animationQueue":[],"_animationSpeed":1.066,"_zoom":10.117},{"_mousePosition":[783,420],"_rootPartCFrame":[744.853,222.7,46.786,0.011,0,1,0,1,0,-1,0,0.011],"_humanoidState":8,"_cameraCFrame":[753.986,228.551,46.868,0.009,-0.43,0.903,0,0.903,0.43,-1,-0.004,0.008],"_shiftlockState":false,"_pose":"Running","_animationQueue":[],"_animationSpeed":1.066,"_zoom":10.117},{"_mousePosition":[783,420],"_rootPartCFrame":[744.586,222.7,46.783,0.011,0,1,0,1,0,-1,0,0.011],"_humanoidState":8,"_cameraCFrame":[753.709,228.573,46.846,0.007,-0.432,0.902,0,0.902,0.432,-1,-0.003,0.006],"_shiftlockState":false,"_pose":"Running","_animationQueue":[],"_animationSpeed":1.066,"_zoom":10.117},{"_mousePosition":[783,420],"_rootPartCFrame":[744.32,222.7,46.781,0.011,0,1,0,1,0,-1,0,0.011],"_humanoidState":8,"_cameraCFrame":[753.436,228.587,46.825,0.005,-0.434,0.901,0,0.901,0.434,-1,-0.002,0.004],"_shiftlockState":false,"_pose":"Running","_animationQueue":[["walk",0.1]],"_animationSpeed":1.066,"_zoom":10.117},{"_mousePosition":[783,420],"_rootPartCFrame":[744.053,222.666,46.778,0.011,0,1,0,1,0,-1,0,0.011],"_humanoidState":8,"_cameraCFrame":[753.162,228.568,46.803,0.003,-0.435,0.9,0,0.9,0.435,-1,-0.001,0.002],"_shiftlockState":false,"_pose":"Running","_animationQueue":[],"_animationSpeed":1.066,"_zoom":10.117},{"_mousePosition":[783,420],"_rootPartCFrame":[743.787,222.577,46.776,0.01,0,1,0,1,0,-1,0,0.01],"_humanoidState":8,"_cameraCFrame":[752.892,228.487,46.791,0.002,-0.436,0.9,0,0.9,0.436,-1,-0.001,0.002],"_shiftlockState":false,"_pose":"Running","_animationQueue":[],"_animationSpeed":1.066,"_zoom":10.117},{"_mousePosition":[783,420],"_rootPartCFrame":[743.52,222.434,46.773,0.01,0,1,0,1,0,-1,0,0.01],"_humanoidState":8,"_cameraCFrame":[752.622,228.351,46.779,0.001,-0.437,0.9,0,0.9,0.437,-1,0,0.001],"_shiftlockState":false,"_pose":"Running","_animationQueue":[],"_animationSpeed":1.066,"_zoom":10.117},{"_mousePosition":[783,420],"_rootPartCFrame":[743.187,222.178,46.77,0.01,0,1,0,1,0,-1,0,0.01],"_humanoidState":8,"_cameraCFrame":[752.285,228.103,46.776,0.001,-0.437,0.899,0,0.899,0.437,-1,0,0.001],"_shiftlockState":false,"_pose":"Running","_animationQueue":[],"_animationSpeed":1.066,"_zoom":10.117},{"_mousePosition":[783,420],"_rootPartCFrame":[742.987,222.239,46.77,0.009,0,1,0,1,0,-1,0,0.009],"_humanoidState":8,"_cameraCFrame":[752.085,228.164,46.766,0,-0.437,0.899,0,0.899,0.437,-1,0,0],"_shiftlockState":false,"_pose":"Running","_animationQueue":[],"_animationSpeed":1.066,"_zoom":10.117},{"_mousePosition":[783,420],"_rootPartCFrame":[742.654,222.453,46.77,0.008,0,1,0,1,0,-1,0,0.008],"_humanoidState":8,"_cameraCFrame":[751.748,228.385,46.756,-0.001,-0.438,0.899,0,0.899,0.438,-1,0.001,-0.001],"_shiftlockState":false,"_pose":"Running","_animationQueue":[],"_animationSpeed":1.066,"_zoom":10.117},{"_mousePosition":[783,420],"_rootPartCFrame":[742.387,222.562,46.77,0.007,0,1,0,1,0,-1,0,0.007],"_humanoidState":8,"_cameraCFrame":[751.478,228.501,46.757,-0.001,-0.439,0.899,0,0.899,0.439,-1,0.001,-0.001],"_shiftlockState":false,"_pose":"Running","_animationQueue":[["walk",0.1]],"_animationSpeed":1.066,"_zoom":10.117},{"_mousePosition":[783,420],"_rootPartCFrame":[742.187,222.612,46.77,0.006,0,1,0,1,0,-1,0,0.006],"_humanoidState":8,"_cameraCFrame":[751.278,228.551,46.757,-0.001,-0.439,0.899,0,0.899,0.439,-1,0.001,-0.001],"_shiftlockState":false,"_pose":"Running","_animationQueue":[],"_animationSpeed":1.066,"_zoom":10.117},{"_mousePosition":[783,420],"_rootPartCFrame":[741.92,222.652,46.77,0.005,0,1,0,1,0,-1,0,0.005],"_humanoidState":8,"_cameraCFrame":[751.011,228.591,46.748,-0.002,-0.439,0.899,0,0.899,0.439,-1,0.001,-0.002],"_shiftlockState":false,"_pose":"Running","_animationQueue":[],"_animationSpeed":1.066,"_zoom":10.117},{"_mousePosition":[783,420],"_rootPartCFrame":[741.654,222.674,46.771,0.004,0,1,0,1,0,-1,0,0.004],"_humanoid