[{"_mousePosition":[482,269],"_rootPartCFrame":[776.028,222.7,47.142,0,0,1,0,1,0,-1,0,0],"_humanoidState":8,"_cameraCFrame":[777.406,240.384,34.381,-0.994,-0.084,0.067,0,0.621,0.784,-0.107,0.779,-0.618],"_shiftlockState":false,"_pose":"Standing","_animationQueue":[],"_animationSpeed":1,"_zoom":20.656},{"_mousePosition":[482,269],"_rootPartCFrame":[775.782,222.7,47.116,0.015,0,1,0,1,0,-1,0,0.015],"_humanoidState":8,"_cameraCFrame":[777.161,240.384,34.355,-0.994,-0.084,0.067,0,0.621,0.784,-0.107,0.779,-0.618],"_shiftlockState":false,"_pose":"Standing","_animationQueue":[],"_animationSpeed":1,"_zoom":20.656},{"_mousePosition":[482,269],"_rootPartCFrame":[775.518,222.7,47.087,0.028,0,1,0,1,0,-1,0,0.028],"_humanoidState":8,"_cameraCFrame":[776.897,240.384,34.326,-0.994,-0.084,0.067,0,0.621,0.784,-0.107,0.779,-0.618],"_shiftlockState":false,"_pose":"Running","_animationQueue":[["walk",0.1]],"_animationSpeed":1.066,"_zoom":20.656},{"_mousePosition":[482,269],"_rootPartCFrame":[775.253,222.7,47.059,0.038,0,0.999,0,1,0,-0.999,0,0.038],"_humanoidState":8,"_cameraCFrame":[776.632,240.384,34.298,-0.994,-0.084,0.067,0,0.621,0.784,-0.107,0.779,-0.618],"_shiftlockState":false,"_pose":"Running","_animationQueue":[],"_animationSpeed":1.066,"_zoom":20.656},{"_mousePosition":[482,269],"_rootPartCFrame":[774.988,222.7,47.03,0.048,0,0.999,0,1,0,-0.999,0,0.048],"_humanoidState":8,"_cameraCFrame":[776.366,240.384,34.269,-0.994,-0.084,0.067,0,0.621,0.784,-0.107,0.779,-0.618],"_shiftlockState":false,"_pose":"Running","_animationQueue":[],"_animationSpeed":1.066,"_zoom":20.656},{"_mousePosition":[482,269],"_rootPartCFrame":[774.723,222.7,47.001,0.056,0,0.998,0,1,0,-0.998,0,0.056],"_humanoidState":8,"_cameraCFrame":[776.101,240.384,34.24,-0.994,-0.084,0.067,0,0.621,0.784,-0.107,0.779,-0.618],"_shiftlockState":false,"_pose":"Running","_animationQueue":[["walk",0.1]],"_animationSpeed":1.066,"_zoom":20.656},{"_mousePosition":[482,269],"_rootPartCFrame":[774.458,222.7,46.973,0.063,0,0.998,0,1,0,-0.998,0,0.063],"_humanoidState":8,"_cameraCFrame":[775.765,240.434,34.268,-0.995,-0.08,0.063,0,0.618,0.786,-0.102,0.782,-0.615],"_shiftlockState":false,"_pose":"Running","_animationQueue":[],"_animationSpeed":1.066,"_zoom":20.656},{"_mousePosition":[482,269],"_rootPartCFrame":[774.192,222.7,46.944,0.069,0,0.998,0,1,0,-0.998,0,0.069],"_humanoidState":8,"_cameraCFrame":[775.455,240.533,34.362,-0.995,-0.079,0.061,0,0.612,0.791,-0.1,0.787,-0.609],"_shiftlockState":false,"_pose":"Running","_animationQueue":[],"_animationSpeed":1.066,"_zoom":20.656},{"_mousePosition":[482,269],"_rootPartCFrame":[773.927,222.7,46.917,0.073,0,0.997,0,1,0,-0.997,0,0.073],"_humanoidState":8,"_cameraCFrame":[775.18,240.606,34.43,-0.995,-0.079,0.061,0,0.608,0.794,-0.1,0.79,-0.605],"_shiftlockState":false,"_pose":"Running","_animationQueue":[],"_animationSpeed":1.066,"_zoom":20.656},{"_mousePosition":[482,269],"_rootPartCFrame":[773.662,222.7,46.89,0.077,0,0.997,0,1,0,-0.997,0,0.077],"_humanoidState":8,"_cameraCFrame":[774.833,240.752,34.589,-0.995,-0.076,0.057,0,0.598,0.801,-0.095,0.798,-0.596],"_shiftlockState":false,"_pose":"Running","_animationQueue":[],"_animationSpeed":1.066,"_zoom":20.656},{"_mousePosition":[482,269],"_rootPartCFrame":[773.396,222.7,46.863,0.08,0,0.997,0,1,0,-0.997,0,0.08],"_humanoidState":8,"_cameraCFrame":[774.525,240.848,34.688,-0.996,-0.074,0.055,0,0.592,0.806,-0.092,0.803,-0.589],"_shiftlockState":false,"_pose":"Running","_animationQueue":[],"_animationSpeed":1.066,"_zoom":20.656},{"_mousePosition":[482,269],"_rootPartCFrame":[773.131,222.7,46.838,0.082,0,0.997,0,1,0,-0.997,0,0.082],"_humanoidState":8,"_cameraCFrame":[774.247,240.943,34.792,-0.996,-0.075,0.054,0,0.586,0.811,-0.092,0.807,-0.583],"_shiftlockState":false,"_pose":"Running","_animationQueue":[["walk",0.1]],"_animationSpeed":1.066,"_zoom":20.656},{"_mousePosition":[482,269],"_rootPartCFrame":[772.865,222.7,46.813,0.084,0,0.996,0,1,0,-0.996,0,0.084],"_humanoidState":8,"_cameraCFrame":[773.943,241.013,34.863,-0.996,-0.073,0.052,0,0.581,0.814,-0.09,0.811,-0.579],"_shiftlockState":false,"_pose":"Running","_animationQueue":[],"_animationSpeed":1.066,"_zoom":20.656},{"_mousePosition":[482,269],"_rootPartCFrame":[772.6,222.7,46.789,0.085,0,0.996,0,1,0,-0.996,0,0.085],"_humanoidState":8,"_cameraCFrame":[773.668,241.083,34.936,-0.996,-0.073,0.052,0,0.576,0.817,-0.09,0.814,-0.574],"_shiftlockState":false,"_pose":"Running","_animationQueue":[],"_animationSpeed":1.066,"_zoom":20.656},{"_mousePosition":[482,269],"_rootPartCFrame":[772.334,222.7,46.765,0.086,0,0.996,0,1,0,-0.996,0,0.086],"_humanoidState":8,"_cameraCFrame":[773.367,241.129,34.975,-0.996,-0.072,0.05,0,0.573,0.82,-0.087,0.816,-0.571],"_shiftlockState":false,"_pose":"Running","_animationQueue":[],"_animationSpeed":1.066,"_zoom":20.656},{"_mousePosition":[482,269],"_rootPartCFrame":[772.069,222.7,46.741,0.086,0,0.996,0,1,0,-0.996,0,0.086],"_humanoidState":8,"_cameraCFrame":[773.098,241.152,34.984,-0.996,-0.072,0.05,0,0.571,0.821,-0.087,0.818,-0.569],"_shiftlockState":false,"_pose":"Running","_animationQueue":[],"_animationSpeed":1.066,"_zoom":20.656},{"_mousePosition":[482,269],"_rootPartCFrame":[771.803,222.7,46.717,0.086,0,0.996,0,1,0,-0.996,0,0.086],"_humanoidState":8,"_cameraCFrame":[772.83,241.175,34.994,-0.996,-0.072,0.05,0,0.57,0.822,-0.087,0.819,-0.568],"_shiftlockState":false,"_pose":"Running","_animationQueue":[],"_animationSpeed":1.066,"_zoom":20.656},{"_mousePosition":[482,269],"_rootPartCFrame":[771.537,222.7,46.694,0.086,0,0.996,0,1,0,-0.996,0,0.086],"_humanoidState":8,"_cameraCFrame":[772.561,241.198,35.003,-0.996,-0.072,0.05,0,0.568,0.823,-0.087,0.82,-0.566],"_shiftlockState":false,"_pose":"Running","_animationQueue":[],"_animationSpeed":1.066,"_zoom":20.656},{"_mousePosition":[482,269],"_rootPartCFrame":[771.272,222.7,46.671,0.087,0,0.996,0,1,0,-0.996,0,0.087],"_humanoidState":8,"_cameraCFrame":[772.293,241.221,35.013,-0.996,-0.072,0.049,0,0.567,0.824,-0.087,0.821,-0.564],"_shiftlockState":false,"_pose":"Running","_animationQueue":[["walk",0.1]],"_animationSpeed":1.066,"_zoom":20.656},{"_mousePosition":[482,269],"_rootPartCFrame":[771.006,222.7,46.648,0.087,0,0.996,0,1,0,-0.996,0,0.087],"_humanoidState":8,"_cameraCFrame":[772.027,241.221,34.99,-0.996,-0.072,0.049,0,0.567,0.824,-0.087,0.821,-0.564],"_shiftlockState":false,"_pose":"Running","_animationQueue":[],"_animationSpeed":1.066,"_zoom":20.656},{"_mousePosition":[482,269],"_rootPartCFrame":[770.741,222.7,46.624,0.087,0,0.996,0,1,0,-0.996,0,0.087],"_humanoidState":8,"_cameraCFrame":[771.762,241.221,34.967,-0.996,-0.072,0.049,0,0.567,0.824,-0.087,0.821,-0.564],"_shiftlockState":false,"_pose":"Running","_animationQueue":[],"_animationSpeed":1.066,"_zoom":20.656},{"_mousePosition":[482,269],"_rootPartCFrame":[770.475,223.563,46.601,0.087,0,0.996,0,1,0,-0.996,0,0.087],"_humanoidState":3,"_cameraCFrame":[771.496,242.084,34.943,-0.996,-0.072,0.049,0,0.567,0.824,-0.087,0.821,-0.564],"_shiftlockState":false,"_pose":"Jumping","_animationQueue":[["walk",0.1],["jump",0.1]],"_animationSpeed":1,"_zoom":20.656},{"_mousePosition":[482,269],"_rootPartCFrame":[770.209,224.371,46.578,0.087,0,0.996,0,1,0,-0.996,0,0.087],"_humanoidState":5,"_cameraCFrame":[771.23,242.892,34.92,-0.996,-0.072,0.049,0,0.567,0.824,-0.087,0.821,-0.564],"_shiftlockState":false,"_pose":"FreeFall","_animationQueue":[["jump",0.1]],"_animationSpeed":1,"_zoom":20.656},{"_mousePosition":[482,269],"_rootPartCFrame":[769.944,225.125,46.555,0.087,0,0.996,0,1,0,-0.996,0,0.087],"_humanoidState":5,"_cameraCFrame":[770.959,243.692,34.963,-0.996,-0.072,0.049,0,0.563,0.826,-0.087,0.823,-0.561],"_shiftlockState":false,"_pose":"FreeFall","_animationQueue":[],"_animationSpeed":1,"_zoom":20.656},{"_mousePosition":[482,269],"_rootPartCFrame":[769.678,225.824,46.531,0.087,0,0.996,0,1,0,-0.996,0,0.087],"_humanoidState":5,"_cameraCFrame":[768.947,244.414,34.82,-0.996,-0.072,0.049,0,0.562,0.827,-0.087,0.824,-0.56],"_shiftlockState":true,"_pose":"FreeFall","_animationQueue":[],"_animationSpeed":1,"_zoom":20.656},{"_mousePosition":[683,384],"_rootPartCFrame":[769.412,226.469,46.508,-0.984,0,0.178,0,1,0,-0.178,0,-0.984],"_humanoidState":5,"_cameraCFrame":[768.682,245.058,34.797,-0.996,-0.072,0.049,0,0.562,0.827,-0.087,0.824,-0.56],"_shiftlockState":true,"_pose":"FreeFall","_animationQueue":[],"_animationSpeed":1,"_zoom":20.656},{"_mousePosition":[683,384],"_rootPartCFrame":[769.147,227.06,46.485,-0.977,0,0.214,0,1,0,-0.214,0,-0.977],"_humanoidState":5,"_cameraCFrame":[768.41,245.694,34.84,-0.996,-0.072,0.049,0,0.558,0.83,-0.087,0.826,-0.556],"_shiftlockState":true,"_pose":"FreeFall","_animationQueue":[],"_animationSpeed":1,"_zoom":20.656},{"_mousePosition":[683,384],"_rootPartCFrame":[768.881,227.595,46.461,-0.976,0,0.218,0,1,0,-0.218,0,-0.976],"_humanoidState":5,"_cameraCFrame":[768.139,246.275,34.883,-0.996,-0.073,0.048,0,0.555,0.832,-0.087,0.829,-0.553],"_shiftlockState":true,"_pose":"FreeFall","_animationQueue":[],"_animationSpeed":1,"_zoom":20.656},{"_mousePosition":[683,384],"_rootPartCFrame":[768.682,227.962,46.444,-0.983,0,0.186,0,1,0,-0.186,0,-0.983],"_humanoidState":5,"_cameraCFrame":[767.963,246.685,34.931,-0.996,-0.075,0.05,0,0.552,0.834,-0.09,0.83,-0.55],"_shiftlockState":true,"_pose":"FreeFall","_animationQueue":[],"_animationSpeed":1,"_zoom":20.656},{"_mousePosition":[683,384],"_rootPartCFrame":[768.35,228.504,46.415,-0.967,0,0.254,0,1,0,-0.254,0,-0.967],"_humanoidState":5,"_cameraCFrame":[767.654,247.272,34.967,-0.996,-0.077,0.051,0,0.549,0.836,-0.092,0.832,-0.546],"_shiftlockState":true,"_pose":"FreeFall","_animationQueue":[],"_animationSpeed":1,"_zoom":20.656},{"_mousePosition":[683,384],"_rootPartCFrame":[768.084,228.876,46.391,-0.975,0,0.224,0,1,0,-0.224,0,-0.975],"_humanoidState":5,"_cameraCFrame":[767.414,247.666,34.975,-0.995,-0.079,0.052,0,0.547,0.837,-0.095,0.833,-0.545],"_shiftlockState":true,"_pose":"FreeFall","_animationQueue":[],"_animationSpeed":1,"_zoom":20.656},{"_mousePosition":[683,384],"_rootPartCFrame":[767.819,229.194,46.367,-0.974,0,0.226,0,1,0,-0.226,0,-0.974],"_humanoidState":5,"_cameraCFrame":[767.174,248.006,34.982,-0.995,-0.082,0.053,0,0.545,0.838,-0.097,0.834,-0.543],"_shiftlockState":true,"_pose":"FreeFall","_animationQueue":[],"_animationSpeed":1,"_zoom":20.656},{"_mousePosition":[683,384],"_rootPartCFrame":[767.553,229.457,46.341,-0.973,0,0.229,0,1,0,-0.229,0,-0.973],"_humanoidState":5,"_cameraCFrame":[766.908,248.27,34.957,-0.995,-0.082,0.053,0,0.545,0.838,-0.097,0.834,-0.543],"_shiftlockState":true,"_pose":"FreeFall","_animationQueue":[],"_animationSpeed":1,"_zoom":20.656},{"_mousePosition":[683,384],"_rootPartCFrame":[767.288,229.666,46.316,-0.973,0,0.229,0,1,0,-0.229,0,-0.973],"_humanoidState":5,"_cameraCFrame":[766.64,248.5,34.965,-0.995,-0.082,0.053,0,0.544,0.839,-0.097,0.835,-0.541],"_shiftlockState":true,"_pose":"FreeFall","_animationQueue":[],"_animationSpeed":1,"_zoom":20.656},{"_mousePosition":[683,384],"_rootPartCFrame":[767.023,229.821,46.29,-0.973,0,0.229,0,1,0,-0.229,0,-0.973],"_humanoidState":5,"_cameraCFrame":[766.403,248.655,34.937,-0.995,-0.084,0.054,0,0.544,0.839,-0.1,0.835,-0.541],"_shiftlockState":true,"_pose":"FreeFall","_animationQueue":[],"_animationSpeed":1,"_zoom":20.656},{"_mousePosition":[683,384],"_rootPartCFrame":[766.757,229.921,46.264,-0.973,0,0.231,0,1,0,-0.231,0,-0.973],"_humanoidState":5,"_cameraCFrame":[766.195,248.755,34.908,-0.994,-0.088,0.057,0,0.544,0.839,-0.105,0.835,-0.541],"_shiftlockState":true,"_pose":"FreeFall","_animationQueue":[],"_animationSpeed":1,"_zoom":20.656},{"_mousePosition":[683,384],"_rootPartCFrame":[766.492,229.966,46.237,-0.972,0,0.236,0,1,0,-0.236,0,-0.972],"_humanoidState":5,"_cameraCFrame":[765.955,248.822,34.914,-0.994,-0.09,0.058,0,0.542,0.84,-0.107,0.835,-0.539],"_shiftlockState":true,"_pose":"FreeFall","_animationQueue":[],"_animationSpeed":1,"_zoom":20.656},{"_mousePosition":[683,384],"_rootPartCFrame":[766.227,229.957,46.209,-0.971,0,0.239,0,1,0,-0.239,0,-0.971],"_humanoidState":5,"_cameraCFrame":[765.718,248.813,34.885,-0.994,-0.092,0.06,0,0.542,0.84,-0.11,0.835,-0.539],"_shiftlockState":true,"_pose":"FreeFall","_animationQueue":[["fall",0.3]],"_animationSpeed":1,"_zoom":20.656},{"_mousePosition":[683,384],"_rootPartCFrame":[765.961,229.893,46.181,-0.971,0,0.241,0,1,0,-0.241,0,-0.971],"_humanoidState":5,"_cameraCFrame":[765.482,248.749,34.855,-0.994,-0.094,0.061,0,0.542,0.84,-0.112,0.835,-0.539],"_shiftlockState":true,"_pose":"FreeFall","_animationQueue":[],"_animationSpeed":1,"_zoom":20.656},{"_mousePosition":[683,384],"_rootPartCFrame":[765.696,229.775,46.152,-0.97,0,0.243,0,1,0,-0.243,0,-0.97],"_humanoidState":5,"_cameraCFrame":[765.242,248.653,34.858,-0.993,-0.097,0.062,0,0.541,0.841,-0.115,0.836,-0.537],"_shiftlockState":true,"_pose":"FreeFall","_animationQueue":[],"_animationSpeed":1,"_zoom":20.656},{"_mousePosition":[683,384],"_rootPartCFrame":[765.431,229.603,46.122,-0.969,0,0.246,0,1,0,-0.246,0,-0.969],"_humanoidState":5,"_cameraCFrame":[765.034,248.48,34.826,-0.993,-0.101,0.065,0,0.541,0.841,-0.12,0.835,-0.537],"_shiftlockState":true,"_pose":"FreeFall","_animationQueue":[],"_animationSpeed":1,"_zoom":20.656},{"_mousePosition":[683,384],"_rootPartCFrame":[765.167,229.375,46.091,-0.968,0,0.251,0,1,0,-0.251,0,-0.968],"_humanoidState":5,"_cameraCFrame":[764.822,248.275,34.827,-0.992,-0.105,0.067,0,0.539,0.842,-0.125,0.836,-0.535],"_shiftlockState":true,"_pose":"FreeFall","_animationQueue":[],"_animationSpeed":1,"_zoom":20.656},{"_mousePosition":[683,384],"_rootPartCFrame":[764.902,229.094,46.059,-0.967,0,0.256,0,1,0,-0.256,0,-0.967],"_humanoidState":5,"_cameraCFrame":[764.638,248.015,34.827,-0.991,-0.112,0.071,0,0.537,0.843,-0.133,0.836,-0.533],"_shiftlockState":true,"_pose":"FreeFall","_animationQueue":[],"_animationSpeed":1,"_zoom":20.656},{"_mousePosition":[683,384],"_rootPartCFrame":[764.637,228.758,46.026,-0.965,0,0.263,0,1,0,-0.263,0,-0.965],"_humanoidState":5,"_cameraCFrame":[764.534,247.722,34.858,-0.989,-0.125,0.079,0,0.534,0.845,-0.148,0.836,-0.528],"_shiftlockState":true,"_pose":"FreeFall","_animationQueue":[],"_animationSpeed":1,"_zoom":20.656},{"_mousePosition":[683,384],"_rootPartCFrame":[764.373,228.367,45.991,-0.961,0,0.278,0,1,0,-0.278,0,-0.961],"_humanoidState":5,"_cameraCFrame":[764.434,247.353,34.857,-0.987,-0.138,0.087,0,0.532,0.847,-0.163,0.835,-0.525],"_shiftlockState":true,"_pose":"FreeFall","_animationQueue":[["fall",0.3]],"_animationSpeed":1,"_zoom":20.656},{"_mousePosition":[683,384],"_rootPartCFrame":[764.109,227.922,45.952,-0.956,0,0.292,0,1,0,-0.292,0,-0.956],"_humanoidState":5,"_cameraCFrame":[764.383,246.95,34.888,-0.983,-0.155,0.097,0,0.529,0.849,-0.183,0.834,-0.52],"_shiftlockState":true,"_pose":"FreeFall","_animationQueue":[],"_animationSpeed":1,"_zoom":20.656},{"_mousePosition":[683,384],"_rootPartCFrame":[763.846,227.422,45.91,-0.95,0,0.312,0,1,0,-0.312,0,-0.95],"_humanoidState":5,"_cameraCFrame":[764.524,246.493,34.931,-0.976,-0.187,0.116,0,0.526,0.851,-0.22,0.83,-0.513],"_shiftlockState":true,"_pose":"FreeFall","_animationQueue":[],"_animationSpeed":1,"_zoom":20.656},{"_mousePosition":[683,384],"_rootPartCFrame":[763.583,226.868,45.862,-0.938,0,0.347,0,1,0,-0.347,0,-0.938],"_humanoidState":5,"_cameraCFrame":[764.531,245.96,34.937,-0.97,-0.208,0.128,0,0.524,0.852,-0.244,0.826,-0.508],"_shiftlockState":true,"_pose":"FreeFall","_animationQueue":[],"_animationSpeed":1,"_zoom":20.656},{"_mousePosition":[683,384],"_rootPartCFrame":[763.323,226.26,45.805,-0.929,0,0.371,0,1,0,-0.371,0,-0.929],"_humanoidState":5,"_cameraCFrame":[764.501,245.394,34.97,-0.964,-0.227,0.139,0,0.521,0.854,-0.266,0.823,-0.502],"_shiftlockState":true,"_pose":"FreeFall","_animationQueue":[],"_animationSpeed":1,"_zoom":20.656},{"_mousePosition":[683,384],"_rootPartCFrame":[763.129,225.768,45.757,-0.932,0,0.361,0,1,0,-0.361,0,-0.932],"_humanoidState":5,"_cameraCFrame":[764.499,244.902,34.945,-0.959,-0.242,0.148,0,0.521,0.854,-0.283,0.819,-0.499],"_shiftlockState":true,"_pose":"FreeFall","_animationQueue":[],"_animationSpeed":1,"_zoom":20.656},{"_mousePosition":[683,384],"_rootPartCFrame":[762.807,224.879,45.669,-0.899,0,0.438,0,1,0,-0.438,0,-0.899],"_humanoidState":5,"_cameraCFrame":[764.232,244.013,34.864,-0.958,-0.246,0.15,0,0.521,0.854,-0.288,0.817,-0.499],"_shiftlockState":true,"_pose":"FreeFall","_animationQueue":[["fall",0.3]],"_animationSpeed":1,"_zoom":20.656},{"_mousePosition":[683,384],"_rootPartCFrame":[762.551,224.107,45.594,-0.911,0,0.413,0,1,0,-0.413,0,-0.911],"_humanoidState":5,"_cameraCFrame":[763.976,243.241,34.789,-0.958,-0.246,0.15,0,0.521,0.854,-0.288,0.817,-0.499],"_shiftlockState":true,"_pose":"FreeFall","_animationQueue":[],"_animationSpeed":1,"_zoom":20.656},{"_mousePosition":[683,384],"_rootPartCFrame":[762.36,223.492,45.537,-0.924,0,0.382,0,1,0,-0.382,0,-0.924],"_humanoidState":5,"_cameraCFrame":[763.784,242.626,34.732,-0.958,-0.246,0.15,0,0.521,0.854,-0.288,0.817,-0.499],"_shiftlockState":true,"_pose":"FreeFall","_animationQueue":[],"_animationSpeed":1,"_zoom":20.656},{"_mousePosition":[683,384],"_rootPartCFrame":[762.104,222.625,45.46,-0.945,0,0.327,0,1,0,-0.327,0,-0.945],"_humanoidState":7,"_cameraCFrame":[763.474,241.759,34.648,-0.959,-0.242,0.148,0,0.521,0.854,-0.283,0.819,-0.499],"_shiftlockState":true,"_pose":"FreeFall","_animationQueue":[["walk",0.1],["fall",0.3],["fall",0.3]],"_animationSpeed":1,"_zoom":20.656},{"_mousePosition":[683,384],"_rootPartCFrame":[761.785,222.436,45.364,-0.958,0,0.288,0,1,0,-0.288,0,-0.958],"_humanoidState":7,"_cameraCFrame":[762.991,241.57,34.532,-0.963,-0.229,0.14,0,0.521,0.854,-0.269,0.822,-0.502],"_shiftlockState":true,"_pose":"FreeFall","_animationQueue":[],"_animationSpeed":1,"_zoom":20.656},{"_mousePosition":[683,384],"_rootPartCFrame":[761.465,222.527,45.269,-0.963,0,0.269,0,1,0,-0.269,0,-0.963],"_humanoidState":8,"_cameraCFrame":[762.479,241.661,34.418,-0.968,-0.215,0.131,0,0.521,0.854,-0.252,0.826,-0.504],"_shiftlockState":true,"_pose":"Running","_animationQueue":[["walk",0.1],["fall",0.3],["walk",0.1]],"_animationSpeed":1.103,"_zoom":20.656},{"_mousePosition":[683,384],"_rootPartCFrame":[761.21,223.39,45.194,-0.968,0,0.252,0,1,0,-0.252,0,-0.968],"_humanoidState":3,"_cameraCFrame":[761.968,242.545,34.356,-0.973,-0.196,0.119,0,0.519,0.855,-0.23,0.832,-0.505],"_shiftlockState":true,"_pose":"Jumping","_animationQueue":[["walk",0.1],["jump",0.1]],"_animationSpeed":1,"_zoom":20.656},{"_mousePosition":[683,384],"_rootPartCFrame":[760.952,224.198,45.125,-0.948,0,0.318,0,1,0,-0.318,0,-0.948],"_humanoidState":5,"_cameraCFrame":[761.491,243.353,34.274,-0.978,-0.179,0.109,0,0.519,0.855,-0.21,0.836,-0.508],"_shiftlockState":true,"_pose":"FreeFall","_animationQueue":[["jump",0.1]],"_animationSpeed":1,"_zoom":20.656},{"_mousePosition":[683,384],"_rootPartCFrame":[760.693,224.952,45.063,-0.943,0,0.333,0,1,0,-0.333,0,-0.943],"_humanoidState":5,"_cameraCFrame":[761.094,244.107,34.206,-0.98,-0.169,0.102,0,0.519,0.855,-0.197,0.838,-0.509],"_shiftlockState":true,"_pose":"FreeFall","_animationQueue":[],"_animationSpeed":1,"_zoom":20.656},{"_mousePosition":[683,384],"_rootPartCFrame":[760.432,225.651,45.006,-0.946,0,0.325,0,1,0,-0.325,0,-0.946],"_humanoidState":5,"_cameraCFrame":[760.833,244.806,34.149,-0.98,-0.169,0.102,0,0.519,0.855,-0.197,0.838,-0.509],"_shiftlockState":true,"_pose":"FreeFall","_animationQueue":[],"_animationSpeed":1,"_zoom":20.656},{"_mousePosition":[683,384],"_rootPartCFrame":[760.171,226.296,44.953,-0.945,0,0.326,0,1,0,-0.326,0,-0.945],"_humanoidState":5,"_cameraCFrame":[760.572,245.451,34.096,-0.98,-0.169,0.102,0,0.519,0.855,-0.197,0.838,-0.509],"_shiftlockState":true,"_pose":"FreeFall","_animationQueue":[],"_animationSpeed":1,"_zoom":20.656},{"_mousePosition":[683,384],"_rootPartCFrame":[759.975,226.744,44.914,-0.956,0,0.294,0,1,0,-0.294,0,-0.956],"_humanoidState":5,"_cameraCFrame":[760.376,245.899,34.057,-0.98,-0.169,0.102,0,0.519,0.855,-0.197,0.838,-0.509],"_shiftlockState":true,"_pose":"FreeFall","_animationQueue":[],"_animationSpeed":1,"_zoom":20.656},{"_mousePosition":[683,384],"_rootPartCFrame":[759.713,227.294,44.861,-0.945,0,0.326,0,1,0,-0.326,0,-0.945],"_humanoidState":5,"_cameraCFrame":[760.114,246.449,34.004,-0.98,-0.169,0.102,0,0.519,0.855,-0.197,0.838,-0.509],"_shiftlockState":true,"_pose":"FreeFall","_animationQueue":[],"_animationSpeed":1,"_zoom":20.656},{"_mousePosition":[683,384],"_rootPartCFrame":[759.386,227.904,44.795,-0.934,0,0.357,0,1,0,-0.357,0,-0.934],"_humanoidState":5,"_cameraCFrame":[759.788,247.059,33.938,-0.98,-0.169,0.102,0,0.519,0.855,-0.197,0.838,-0.509],"_shiftlockState":true,"_pose":"FreeFall","_animationQueue":[],"_animationSpeed":1,"_zoom":20.656},{"_mousePosition":[683,384],"_rootPartCFrame":[759.19,228.229,44.756,-0.956,0,0.294,0,1,0,-0.294,0,-0.956],"_humanoidState":5,"_cameraCFrame":[759.591,247.384,33.899,-0.98,-0.169,0.102,0,0.519,0.855,-0.197,0.838,-0.509],"_shiftlockState":true,"_pose":"FreeFall","_animationQueue":[],"_animationSpeed":1,"_zoom":20.656},{"_mousePosition":[683,384],"_rootPartCFrame":[758.929,228.615,44.703,-0.945,0,0.326,0,1,0,-0.326,0,-0.945],"_humanoidState":5,"_cameraCFrame":[759.323,247.791,33.88,-0.98,-0.169,0.102,0,0.517,0.856,-0.197,0.839,-0.507],"_shiftlockState":true,"_pose":"FreeFall","_animationQueue":[],"_animationSpeed":1,"_zoom":20.656},{"_mousePosition":[683,384],"_rootPartCFrame":[758.602,229.021,44.637,-0.934,0,0.357,0,1,0,-0.357,0,-0.934],"_humanoidState":5,"_cameraCFrame":[758.99,248.218,33.848,-0.98,-0.169,0.102,0,0.516,0.857,-0.197,0.84,-0.506],"_shiftlockState":true,"_pose":"FreeFall","_animationQueue":[],"_animationSpeed":1,"_zoom":20.656},{"_mousePosition":[683,384],"_rootPartCFrame":[758.34,229.284,44.585,-0.945,0,0.326,0,1,0,-0.326,0,-0.945],"_humanoidState":5,"_cameraCFrame":[758.783,248.481,33.797,-0.979,-0.173,0.104,0,0.516,0.857,-0.202,0.839,-0.505],"_shiftlockState":true,"_pose":"FreeFall","_animationQueue":[],"_animationSpeed":1,"_zoom":20.656},{"_mousePosition":[683,384],"_rootPartCFrame":[758.079,229.493,44.532,-0.944,0,0.331,0,1,0,-0.331,0,-0.944],"_humanoidState":5,"_cameraCFrame":[758.596,248.711,33.782,-0.978,-0.18,0.108,0,0.514,0.858,-0.21,0.839,-0.503],"_shiftlockState":true,"_pose":"FreeFall","_animationQueue":[],"_animationSpeed":1,"_zoom":20.656},{"_mousePosition":[683,384],"_rootPartCFrame":[757.818,229.648,44.478,-0.941,0,0.338,0,1,0,-0.338,0,-0.941],"_humanoidState":5,"_cameraCFrame":[758.409,248.886,33.766,-0.976,-0.187,0.111,0,0.512,0.859,-0.217,0.838,-0.5],"_shiftlockState":true,"_pose":"FreeFall","_animationQueue":[],"_animationSpeed":1,"_zoom":20.656},{"_mousePosition":[683,384],"_rootPartCFrame":[757.557,229.748,44.423,-0.939,0,0.345,0,1,0,-0.345,0,-0.939],"_humanoidState":5,"_cameraCFrame":[758.248,249.006,33.751,-0.974,-0.195,0.116,0,0.511,0.86,-0.227,0.837,-0.497],"_shiftlockState":true,"_pose":"FreeFall","_animationQueue":[],"_animationSpeed":1,"_zoom":20.656},{"_mousePosition":[683,384],"_rootPartCFrame":[757.297,229.793,44.365,-0.935,0,0.354,0,1,0,-0.354,0,-0.935],"_humanoidState":5,"_cameraCFrame":[758.069,249.052,33.699,-0.972,-0.202,0.12,0,0.511,0.86,-0.234,0.836,-0.497],"_shiftlockState":true,"_pose":"FreeFall","_animationQueue":[],"_animationSpeed":1,"_zoom":20.656},{"_mousePosition":[683,384],"_rootPartCFrame":[757.037,229.784,44.305,-0.932,0,0.362,0,1,0,-0.362,0,-0.932],"_humanoidState":5,"_cameraCFrame":[757.917,249.043,33.647,-0.97,-0.21,0.125,0,0.511,0.86,-0.244,0.834,-0.495],"_shiftlockState":true,"_pose":"FreeFall","_animationQueue":[],"_animationSpeed":1,"_zoom":20.656},{"_mousePosition":[683,384],"_rootPartCFrame":[756.777,229.72,44.243,-0.929,0,0.371,0,1,0,-0.371,0,-0.929],"_humanoidState":5,"_cameraCFrame":[757.748,249.02,33.661,-0.967,-0.219,0.129,0,0.507,0.862,-0.254,0.833,-0.491],"_shiftlockState":true,"_pose":"FreeFall","_animationQueue":[],"_animationSpeed":1,"_zoom":20.656},{"_mousePosition":[683,384],"_rootPartCFrame":[756.519,229.602,44.178,-0.925,0,0.38,0,1,0,-0.38,0,-0.925],"_humanoidState":5,"_cameraCFrame":[757.614,248.922,33.643,-0.964,-0.23,0.135,0,0.506,0.863,-0.266,0.832,-0.487],"_shiftlockState":true,"_pose":"FreeFall","_animationQueue":[],"_animationSpeed":1,"_zoom":20.656},{"_mousePosition":[683,384],"_rootPartCFrame":[756.261,229.43,44.11,-0.92,0,0.392,0,1,0,-0.392,0,-0.92],"_humanoidState":5,"_cameraCFrame":[757.409,248.75,33.581,-0.963,-0.234,0.137,0,0.506,0.863,-0.271,0.83,-0.487],"_shiftlockState":true,"_pose":"FreeFall","_animationQueue":[],"_animationSpeed":1,"_zoom":20.656},{"_mousePosition":[683,384],"_rootPartCFrame":[756.004,229.202,44.04,-0.918,0,0.397,0,1,0,-0.397,0,-0.918],"_humanoidState":5,"_cameraCFrame":[757.152,248.523,33.511,-0.963,-0.234,0.137,0,0.506,0.863,-0.271,0.83,-0.487],"_shiftlockState":true,"_pose":"FreeFall","_animationQueue":[["fall",0.3]],"_animationSpeed":1,"_zoom":20.656},{"_mousePosition":[683,384],"_rootPartCFrame":[755.811,228.996,43.986,-0.931,0,0.366,0,1,0,-0.366,0,-0.931],"_humanoidState":5,"_cameraCFrame":[756.977,248.337,33.493,-0.962,-0.236,0.138,0,0.504,0.864,-0.274,0.831,-0.485],"_shiftlockState":true,"_pose":"FreeFall","_animationQueue":[],"_animationSpeed":1,"_zoom":20.656},{"_mousePosition":[683,384],"_rootPartCFrame":[755.49,228.585,43.895,-0.903,0,0.429,0,1,0,-0.429,0,-0.903],"_humanoidState":5,"_cameraCFrame":[756.594,247.945,33.431,-0.963,-0.232,0.135,0,0.502,0.865,-0.269,0.833,-0.484],"_shiftlockState":true,"_pose":"FreeFall","_animationQueue":[],"_animationSpeed":1,"_zoom":20.656},{"_mousePosition":[683,384],"_rootPartCFrame":[755.234,228.194,43.823,-0.919,0,0.394,0,1,0,-0.394,0,-0.919],"_humanoidState":5,"_cameraCFrame":[756.196,247.575,33.378,-0.967,-0.222,0.128,0,0.501,0.866,-0.257,0.837,-0.484],"_shiftlockState":true,"_pose":"FreeFall","_animationQueue":[],"_animationSpeed":1,"_zoom":20.656},{"_mousePosition":[683,384],"_rootPartCFrame":[754.977,227.749,43.751,-0.924,0,0.383,0,1,0,-0.383,0,-0.924],"_humanoidState":5,"_cameraCFrame":[755.711,247.17,33.357,-0.972,-0.206,0.118,0,0.497,0.868,-0.237,0.843,-0.483],"_shiftlockState":true,"_pose":"FreeFall","_animationQueue":[],"_animationSpeed":1,"_zoom":20.656},{"_mousePosition":[683,384],"_rootPartCFrame":[754.719,227.249,43.682,-0.931,0,0.364,0,1,0,-0.364,0,-0.931],"_humanoidState":5,"_cameraCFrame":[755.149,246.71,33.34,-0.978,-0.182,0.104,0,0.494,0.87,-0.21,0.85,-0.483],"_shiftlockState":true,"_pose":"FreeFall","_animationQueue":[],"_animationSpeed":1,"_zoom":20.656},{"_mousePosition":[683,384],"_rootPartCFrame":[754.46,226.695,43.618,-0.941,0,0.338,0,1,0,-0.338,0,-0.941],"_humanoidState":5,"_cameraCFrame":[754.318,246.235,33.406,-0.988,-0.138,0.077,0,0.487,0.873,-0.158,0.862,-0.481],"_shiftlockState":true,"_pose":"FreeFall","_animationQueue":[],"_animationSpeed":1,"_zoom":20.656},{"_mousePosition":[683,384],"_rootPartCFrame":[754.2,226.087,43.561,-0.982,0,0.19,0,1,0,-0.19,0,-0.982],"_humanoidState":7,"_cameraCFrame":[753.687,245.666,33.431,-0.992,-0.107,0.059,0,0.484,0.875,-0.122,0.869,-0.48],"_shiftlockState":true,"_pose":"FreeFall","_animationQueue":[["fall",0.3],["walk",0.1],["fall",0.3],["fall",0.3]],"_animationSpeed":1,"_zoom":20.656},{"_mousePosition":[683,384],"_rootPartCFrame":[753.937,225.958,43.517,-0.992,0,0.124,0,1,0,-0.124,0,-0.992],"_humanoidState":7,"_cameraCFrame":[753.139,245.557,33.44,-0.995,-0.083,0.046,0,0.482,0.876,-0.095,0.872,-0.48],"_shiftlockState":true,"_pose":"FreeFall","_animationQueue":[],"_animationSpeed":1,"_zoom":20.656},{"_mousePosition":[683,384],"_rootPartCFrame":[753.739,226,43.491,-0.995,0,0.095,0,1,0,-0.095,0,-0.995],"_humanoidState":7,"_cameraCFrame":[752.864,245.598,33.42,-0.996,-0.076,0.042,0,0.482,0.876,-0.087,0.873,-0.48],"_shiftlockState":true,"_pose":"FreeFall","_animationQueue":[],"_animationSpeed":1,"_zoom":20.656},{"_mousePosition":[683,384],"_rootPartCFrame":[753.341,226.077,43.452,-0.996,0,0.087,0,1,0,-0.087,0,-0.996],"_humanoidState":8,"_cameraCFrame":[752.466,245.676,33.381,-0.996,-0.076,0.042,0,0.482,0.876,-0.087,0.873,-0.48],"_shiftlockState":true,"_pose":"Running","_animationQueue":[["walk",0.1],["fall",0.3],["walk",0.1]],"_animationSpeed":1.103,"_zoom":20.656},{"_mousePosition":[683,384],"_rootPartCFrame":[753.075,226.105,43.428,-0.996,0,0.087,0,1,0,-0.087,0,-0.996],"_humanoidState":8,"_cameraCFrame":[752.149,245.704,33.362,-0.997,-0.072,0.04,0,0.482,0.876,-0.082,0.873,-0.48],"_shiftlockState":true,"_pose":"Running","_animationQueue":[],"_animationSpeed":1.103,"_zoom":20.656},{"_mousePosition":[683,384],"_rootPartCFrame":[752.809,226.12,43.405,-0.997,0,0.082,0,1,0,-0.082,0,-0.997],"_humanoidState":8,"_cameraCFrame":[751.884,245.718,33.339,-0.997,-0.072,0.04,0,0.482,0.876,-0.082,0.873,-0.48],"_shiftlockState":true,"_pose":"Running","_animationQueue":[],"_animationSpeed":1.103,"_zoom":20.656},{"_mousePosition":[683,384],"_rootPartCFrame":[752.61,226.127,43.388,-0.997,0,0.082,0,1,0,-0.082,0,-0.997],"_humanoidState":8,"_cameraCFrame":[751.684,245.725,33.322,-0.997,-0.072,0.04,0,0.482,0.876,-0.082,0.873,-0.48],"_shiftlockState":true,"_pose":"Running","_animationQueue":[],"_animationSpeed":1.103,"_zoom":20.656},{"_mousePosition":[683,384],"_rootPartCFrame":[752.278,227.21,43.361,-0.997,0,0.082,0,1,0,-0.082,0,-0.997],"_humanoidState":3,"_cameraCFrame":[751.378,246.809,33.292,-0.996,-0.074,0.041,0,0.482,0.876,-0.085,0.873,-0.48],"_shiftlockState":true,"_pose":"Jumping","_animationQueue":[["walk",0.1],["walk",0.1],["jump",0.1]],"_animationSpeed":1,"_zoom":20.656},{"_mousePosition":[683,384],"_rootPartCFrame":[752.012,228.019,43.339,-0.984,0,0.176,0,1,0,-0.176,0,-0.984],"_humanoidState":5,"_cameraCFrame":[751.188,247.617,33.264,-0.996,-0.081,0.044,0,0.482,0.876,-0.092,0.872,-0.48],"_shiftlockState":true,"_pose":"FreeFall","_animationQueue":[["jump",0.1]],"_animationSpeed":1,"_zoom":20.656},{"_mousePosition":[683,384],"_rootPartCFrame":[751.746,228.773,43.316,-0.976,0,0.219,0,1,0,-0.219,0,-0.976],"_humanoidState":5,"_cameraCFrame":[750.948,248.371,33.239,-0.995,-0.083,0.046,0,0.482,0.876,-0.095,0.872,-0.48],"_shiftlockState":true,"_pose":"FreeFall","_animationQueue":[],"_animationSpeed":1,"_zoom":20.656},{"_mousePosition":[683,384],"_rootPartCFrame":[751.481,229.472,43.292,-0.974,0,0.226,0,1,0,-0.226,0,-0.974],"_humanoidState":5,"_cameraCFrame":[750.682,249.07,33.215,-0.995,-0.083,0.046,0,0.482,0.876,-0.095,0.872,-0.48],"_shiftlockState":true,"_pose":"FreeFall","_animationQueue":[],"_animationSpeed":1,"_zoom":20.656},{"_mousePosition":[683,384],"_rootPartCFrame":[751.281,229.961,43.273,-0.981,0,0.194,0,1,0,-0.194,0,-0.981],"_humanoidState":5,"_cameraCFrame":[750.483,249.559,33.196,-0.995,-0.083,0.046,0,0.482,0.876,-0.095,0.872,-0.48],"_shiftlockState":true,"_pose":"FreeFall","_animationQueue":[],"_animationSpeed":1,"_zoom":20.656},{"_mousePosition":[683,384],"_rootPartCFrame":[751.016,230.565,43.248,-0.974,0,0.226,0,1,0,-0.226,0,-0.974],"_humanoidState":5,"_cameraCFrame":[750.218,250.163,33.171,-0.995,-0.083,0.046,0,0.482,0.876,-0.095,0.872,-0.48],"_shiftlockState":true,"_pose":"FreeFall","_animationQueue":[],"_animationSpeed":1,"_zoom":20.656},{"_mousePosition":[683,384],"_rootPartCFrame":[750.684,231.243,43.216,-0.966,0,0.259,0,1,0,-0.259,0,-0.966],"_humanoidState":5,"_cameraCFrame":[749.886,250.841,33.139,-0.995,-0.083,0.046,0,0.482,0.876,-0.095,0.872,-0.48],"_shiftlockState":true,"_pose":"FreeFall","_animationQueue":[],"_animationSpeed":1,"_zoom":20.656},{"_mousePosition":[683,384],"_rootPartCFrame":[750.485,231.609,43.197,-0.981,0,0.194,0,1,0,-0.194,0,-0.981],"_humanoidState":5,"_cameraCFrame":[749.687,251.208,33.12,-0.995,-0.083,0.046,0,0.482,0.876,-0.095,0.872,-0.48],"_shiftlockState":true,"_pose":"FreeFall","_animationQueue":[],"_animationSpeed":1,"_zoom":20.656},{"_mousePosition":[683,384],"_rootPartCFrame":[750.154,232.151,43.166,-0.966,0,0.259,0,1,0,-0.259,0,-0.966],"_humanoidState":5,"_cameraCFrame":[749.301,251.769,33.128,-0.996,-0.079,0.043,0,0.48,0.877,-0.09,0.874,-0.478],"_shiftlockState":true,"_pose":"FreeFall","_animationQueue":[],"_animationSpeed":1,"_zoom":20.656},{"_mousePosition":[683,384],"_rootPartCFrame":[749.888,232.524,43.141,-0.975,0,0.221,0,1,0,-0.221,0,-0.975],"_humanoidState":5,"_cameraCFrame":[748.957,252.161,33.145,-0.997,-0.072,0.039,0,0.479,0.878,-0.082,0.875,-0.477],"_shiftlockState":true,"_pose":"FreeFall","_animationQueue":[],"_animationSpeed":1,"_zoom":20.656},{"_mousePosition":[683,384],"_rootPartCFrame":[749.623,232.842,43.116,-0.977,0,0.214,0,1,0,-0.214,0,-0.977],"_humanoidState":5,"_cameraCFrame":[748.61,252.517,33.199,-0.997,-0.066,0.035,0,0.475,0.88,-0.075,0.877,-0.474],"_shiftlockState":true,"_pose":"FreeFall","_animationQueue":[],"_animationSpeed":1,"_zoom":20.656},{"_mousePosition":[683,384],"_rootPartCFrame":[749.357,233.105,43.094,-0.978,0,0.206,0,1,0,-0.206,0,-0.978],"_humanoidState":5,"_cameraCFrame":[748.269,252.781,33.184,-0.998,-0.059,0.032,0,0.475,0.88,-0.067,0.878,-0.474],"_shiftlockState":true,"_pose":"FreeFall","_animationQueue":[],"_animationSpeed":1,"_zoom":20.656},{"_mousePosition":[683,384],"_rootPartCFrame":[749.091,233.314,43.074,-0.98,0,0.199,0,1,0,-0.199,0,-0.98],"_humanoidState":5,"_cameraCFrame":[747.976,253.009,33.202,-0.998,-0.057,0.031,0,0.473,0.881,-0.065,0.879,-0.472],"_shiftlockState":true,"_pose":"FreeFall","_animationQueue":[],"_animationSpeed":1,"_zoom":20.656},{"_mousePosition":[683,384],"_rootPartCFrame":[748.825,233.468,43.056,-0.98,0,0.197,0,1,0,-0.197,0,-0.98],"_humanoidState":5,"_cameraCFrame":[747.71,253.163,33.184,-0.998,-0.057,0.031,0,0.473,0.881,-0.065,0.879,-0.472],"_shiftlockState":true,"_pose":"FreeFall","_animationQueue":[],"_animationSpeed":1,"_zoom":20.656},{"_mousePosition":[683,384],"_rootPartCFrame":[748.625,233.548,43.043,-0.986,0,0.164,0,1,0,-0.164,0,-0.986],"_humanoidState":5,"_cameraCFrame":[747.51,253.243,33.171,-0.998,-0.057,0.031,0,0.473,0.881,-0.065,0.879,-0.472],"_shiftlockState":true,"_pose":"FreeFall","_animationQueue":[],"_animationSpeed":1,"_zoom":20.656},{"_mousePosition":[683,384],"_rootPartCFrame":[748.293,233.614,43.021,-0.973,0,0.229,0,1,0,-0.229,0,-0.973],"_humanoidState":5,"_cameraCFrame":[747.178,253.308,33.15,-0.998,-0.057,0.031,0,0.473,0.881,-0.065,0.879,-0.472],"_shiftlockState":true,"_pose":"FreeFall","_animationQueue":[],"_animationSpeed":1,"_zoom":20.656},{"_mousePosition":[683,384],"_rootPartCFrame":[748.093,233.612,43.008,-0.986,0,0.164,0,1,0,-0.164,0,-0.986],"_humanoidState":5,"_cameraCFrame":[746.928,253.306,33.142,-0.998,-0.052,0.028,0,0.473,0.881,-0.059,0.879,-0.473],"_shiftlockState":true,"_pose":"FreeFall","_animationQueue":[],"_animationSpeed":1,"_zoom":20.656},{"_mousePosition":[683,384],"_rootPartCFrame":[747.76,233.541,42.987,-0.975,0,0.224,0,1,0,-0.224,0,-0.975],"_humanoidState":5,"_cameraCFrame":[746.544,253.255,33.162,-0.999,-0.048,0.026,0,0.472,0.882,-0.054,0.88,-0.471],"_shiftlockState":true,"_pose":"FreeFall","_animationQueue":[],"_animationSpeed":1,"_zoom":20.656},{"_mousePosition":[683,384],"_rootPartCFrame":[747.494,233.423,42.971,-0.982,0,0.187,0,1,0,-0.187,0,-0.982],"_humanoidState":5,"_cameraCFrame":[746.226,253.155,33.188,-0.999,-0.044,0.023,0,0.47,0.883,-0.049,0.882,-0.469],"_shiftlockState":true,"_pose":"FreeFall","_animationQueue":[],"_animationSpeed":1,"_zoom":20.656},{"_mousePosition":[683,384],"_rootPartCFrame":[747.228,233.25,42.956,-0.983,0,0.182,0,1,0,-0.182,0,-0.983],"_humanoidState":5,"_cameraCFrame":[745.908,253.002,33.215,-0.999,-0.039,0.021,0,0.468,0.884,-0.044,0.883,-0.468],"_shiftlockState":true,"_pose":"FreeFall","_animationQueue":[["fall",0.3]],"_animationSpeed":1,"_zoom":20.656},{"_mousePosition":[683,384],"_rootPartCFrame":[746.962,233.023,42.943,-0.984,0,0.177,0,1,0,-0.177,0,-0.984],"_humanoidState":5,"_cameraCFrame":[745.591,252.793,33.244,-0.999,-0.035,0.018,0,0.467,0.884,-0.039,0.884,-0.466],"_shiftlockState":true,"_pose":"FreeFall","_animationQueue":[],"_animationSpeed":1,"_zoom":20.656},{"_mousePosition":[683,384],"_rootPartCFrame":[746.695,232.742,42.931,-0.985,0,0.172,0,1,0,-0.172,0,-0.985],"_humanoidState":5,"_cameraCFrame":[745.276,252.512,33.239,-0.999,-0.03,0.016,0,0.467,0.884,-0.034,0.884,-0.466],"_shiftlockState":true,"_pose":"FreeFall","_animationQueue":[],"_animationSpeed":1,"_zoom":20.656},{"_mousePosition":[683,384],"_rootPartCFrame":[746.429,232.406,42.92,-0.986,0,0.167,0,1,0,-0.167,0,-0.986],"_humanoidState":5,"_cameraCFrame":[744.96,252.194,33.272,-1,-0.026,0.014,0,0.465,0.885,-0.029,0.885,-0.465],"_shiftlockState":true,"_pose":"FreeFall","_animationQueue":[],"_animationSpeed":1,"_zoom":20.656},{"_mousePosition":[683,384],"_rootPartCFrame":[746.162,232.015,42.911,-0.987,0,0.162,0,1,0,-0.162,0,-0.987],"_humanoidState":5,"_cameraCFrame":[744.619,251.822,33.309,-1,-0.019,0.01,0,0.463,0.886,-0.022,0.886,-0.463],"_shiftlockState":true,"_pose":"FreeFall","_animationQueue":[],"_animationSpeed":1,"_zoom":20.656},{"_mousePosition":[683,384],"_rootPartCFrame":[745.896,231.57,42.903,-0.988,0,0.154,0,1,0,-0.154,0,-0.988],"_humanoidState":5,"_cameraCFrame":[744.279,251.396,33.349,-1,-0.012,0.006,0,0.461,0.887,-0.014,0.887,-0.461],"_shiftlockState":true,"_pose":"FreeFall","_animationQueue":[],"_animationSpeed":1,"_zoom":20.656},{"_mousePosition":[683,384],"_rootPartCFrame":[745.629,231.07,42.897,-0.989,0,0.147,0,1,0,-0.147,0,-0.989],"_humanoidState":5,"_cameraCFrame":[743.94,250.915,33.391,-1,-0.006,0.003,0,0.46,0.888,-0.006,0.888,-0.46],"_shiftlockState":true,"_pose":"FreeFall","_animationQueue":[],"_animationSpeed":1,"_zoom":20.656},{"_mousePosition":[683,384],"_rootPartCFrame":[745.362,230.516,42.893,-0.99,0,0.139,0,1,0,-0.139,0,-0.99],"_humanoidState":5,"_cameraCFrame":[743.577,250.379,33.441,-1,0.003,-0.002,0,0.458,0.889,0.004,0.889,-0.458],"_shiftlockState":true,"_pose":"FreeFall","_animationQueue":[["fall",0.3]],"_animationSpeed":1,"_zoom":20.656},{"_mousePosition":[683,384],"_rootPartCFrame":[745.096,229.907,42.891,-0.992,0,0.129,0,1,0,-0.129,0,-0.992],"_humanoidState":5,"_cameraCFrame":[743.216,249.807,33.529,-1,0.012,-0.006,0,0.454,0.891,0.014,0.891,-0.454],"_shiftlockState":true,"_pose":"FreeFall","_animationQueue":[],"_animationSpeed":1,"_zoom":20.656},{"_mousePosition":[683,384],"_rootPartCFrame":[744.829,229.244,42.891,-0.993,0,0.119,0,1,0,-0.119,0,-0.993],"_humanoidState":5,"_cameraCFrame":[742.808,249.163,33.595,-1,0.026,-0.013,0,0.453,0.892,0.029,0.891,-0.453],"_shiftlockState":true,"_pose":"FreeFall","_animationQueue":[],"_animationSpeed":1,"_zoom":20.656},{"_mousePosition":[683,384],"_rootPartCFrame":[744.563,228.527,42.894,-0.995,0,0.104,0,1,0,-0.104,0,-0.995],"_humanoidState":5,"_cameraCFrame":[742.519,248.463,33.639,-1,0.028,-0.014,0,0.451,0.893,0.032,0.892,-0.451],"_shiftlockState":true,"_pose":"FreeFall","_animationQueue":[],"_animationSpeed":1,"_zoom":20.656},{"_mousePosition":[683,384],"_rootPartCFrame":[744.296,227.755,42.902,-0.995,0,0.102,0,1,0,-0.102,0,-0.995],"_humanoidState":5,"_cameraCFrame":[742.253,247.691,33.646,-1,0.028,-0.014,0,0.451,0.893,0.032,0.892,-0.451],"_shiftlockState":true,"_pose":"FreeFall","_animationQueue":[],"_animationSpeed":1,"_zoom":20.656},{"_mousePosition":[683,384],"_rootPartCFrame":[744.096,227.14,42.908,-0.998,0,0.068,0,1,0,-0.068,0,-0.998],"_humanoidState":5,"_cameraCFrame":[742.053,247.076,33.653,-1,0.028,-0.014,0,0.451,0.893,0.032,0.892,-0.451],"_shiftlockState":true,"_pose":"FreeFall","_animationQueue":[],"_animationSpeed":1,"_zoom":20.656},{"_mousePosition":[683,384],"_rootPartCFrame":[743.83,226.272,42.916,-0.995,0,0.102,0,1,0,-0.102,0,-0.995],"_humanoidState":5,"_cameraCFrame":[741.786,246.209,33.661,-1,0.028,-0.014,0,0.451,0.893,0.032,0.892,-0.451],"_shiftlockState":true,"_pose":"FreeFall","_animationQueue":[],"_animationSpeed":1,"_zoom":20.656},{"_mousePosition":[683,384],"_rootPartCFrame":[743.496,225.111,42.927,-0.991,0,0.135,0,1,0,-0.135,0,-0.991],"_humanoidState":5,"_cameraCFrame":[741.453,245.048,33.672,-1,0.028,-0.014,0,0.451,0.893,0.032,0.892,-0.451],"_shiftlockState":true,"_pose":"FreeFall","_animationQueue":[["fall",0.3]],"_animationSpeed":1,"_zoom":20.656},{"_mousePosition":[683,384],"_rootPartCFrame":[