[{"_mousePosition":[1196,411],"_rootPartCFrame":[776.027,222.982,47.142,0.002,0,1,0,1,0,-1,0,0.002],"_humanoidState":8,"_cameraCFrame":[781.394,229.475,47.164,0.004,-0.681,0.732,0,0.732,0.681,-1,-0.003,0.003],"_shiftlockState":false,"_pose":"Standing","_animationQueue":[],"_animationSpeed":1,"_zoom":7.33},{"_mousePosition":[1195,411],"_rootPartCFrame":[775.906,222.888,47.02,0.08,0,0.997,0,1,0,-0.997,0,0.08],"_humanoidState":8,"_cameraCFrame":[781.273,229.381,47.042,0.004,-0.681,0.732,0,0.732,0.681,-1,-0.003,0.003],"_shiftlockState":false,"_pose":"Standing","_animationQueue":[],"_animationSpeed":1,"_zoom":7.33},{"_mousePosition":[1191,414],"_rootPartCFrame":[775.626,222.634,46.737,0.22,0,0.975,0,1,0,-0.975,0,0.22],"_humanoidState":8,"_cameraCFrame":[780.992,229.127,46.759,0.004,-0.681,0.732,0,0.732,0.681,-1,-0.003,0.003],"_shiftlockState":false,"_pose":"Running","_animationQueue":[["walk",0.1]],"_animationSpeed":1.003,"_zoom":7.33},{"_mousePosition":[1184,421],"_rootPartCFrame":[775.532,222.621,46.643,0.258,0,0.966,0,1,0,-0.966,0,0.258],"_humanoidState":8,"_cameraCFrame":[780.898,229.114,46.665,0.004,-0.681,0.732,0,0.732,0.681,-1,-0.003,0.003],"_shiftlockState":false,"_pose":"Running","_animationQueue":[["walk",0.1]],"_animationSpeed":1.103,"_zoom":7.33},{"_mousePosition":[1163,443],"_rootPartCFrame":[775.344,222.643,46.453,0.327,0,0.945,0,1,0,-0.945,0,0.327],"_humanoidState":8,"_cameraCFrame":[780.711,229.136,46.475,0.004,-0.681,0.732,0,0.732,0.681,-1,-0.003,0.003],"_shiftlockState":false,"_pose":"Running","_animationQueue":[],"_animationSpeed":1.103,"_zoom":7.33},{"_mousePosition":[1134,474],"_rootPartCFrame":[775.156,222.667,46.264,0.384,0,0.923,0,1,0,-0.923,0,0.384],"_humanoidState":8,"_cameraCFrame":[780.523,229.16,46.286,0.004,-0.681,0.732,0,0.732,0.681,-1,-0.003,0.003],"_shiftlockState":false,"_pose":"Running","_animationQueue":[],"_animationSpeed":1.103,"_zoom":7.33},{"_mousePosition":[1089,519],"_rootPartCFrame":[774.781,222.69,45.885,0.48,0,0.877,0,1,0,-0.877,0,0.48],"_humanoidState":8,"_cameraCFrame":[780.147,229.183,45.907,0.004,-0.681,0.732,0,0.732,0.681,-1,-0.003,0.003],"_shiftlockState":false,"_pose":"Running","_animationQueue":[],"_animationSpeed":1.103,"_zoom":7.33},{"_mousePosition":[1066,543],"_rootPartCFrame":[774.687,222.693,45.791,0.498,0,0.867,0,1,0,-0.867,0,0.498],"_humanoidState":8,"_cameraCFrame":[780.054,229.185,45.813,0.004,-0.681,0.732,0,0.732,0.681,-1,-0.003,0.003],"_shiftlockState":false,"_pose":"Running","_animationQueue":[],"_animationSpeed":1.103,"_zoom":7.33},{"_mousePosition":[1021,583],"_rootPartCFrame":[774.405,222.697,45.507,0.544,0,0.839,0,1,0,-0.839,0,0.544],"_humanoidState":8,"_cameraCFrame":[779.772,229.19,45.529,0.004,-0.681,0.732,0,0.732,0.681,-1,-0.003,0.003],"_shiftlockState":false,"_pose":"Running","_animationQueue":[["walk",0.1]],"_animationSpeed":1.103,"_zoom":7.33},{"_mousePosition":[999,598],"_rootPartCFrame":[774.311,222.698,45.412,0.556,0,0.831,0,1,0,-0.831,0,0.556],"_humanoidState":8,"_cameraCFrame":[779.678,229.19,45.434,0.004,-0.681,0.732,0,0.732,0.681,-1,-0.003,0.003],"_shiftlockState":false,"_pose":"Running","_animationQueue":[],"_animationSpeed":1.103,"_zoom":7.33},{"_mousePosition":[970,617],"_rootPartCFrame":[774.218,222.698,45.317,0.568,0,0.823,0,1,0,-0.823,0,0.568],"_humanoidState":8,"_cameraCFrame":[779.584,229.191,45.339,0.004,-0.681,0.732,0,0.732,0.681,-1,-0.003,0.003],"_shiftlockState":false,"_pose":"Running","_animationQueue":[],"_animationSpeed":1.103,"_zoom":7.33},{"_mousePosition":[943,633],"_rootPartCFrame":[774.03,222.699,45.128,0.588,0,0.809,0,1,0,-0.809,0,0.588],"_humanoidState":8,"_cameraCFrame":[779.396,229.192,45.15,0.004,-0.681,0.732,0,0.732,0.681,-1,-0.003,0.003],"_shiftlockState":false,"_pose":"Running","_animationQueue":[],"_animationSpeed":1.103,"_zoom":7.33},{"_mousePosition":[918,647],"_rootPartCFrame":[773.842,222.699,44.939,0.606,0,0.796,0,1,0,-0.796,0,0.606],"_humanoidState":8,"_cameraCFrame":[779.209,229.192,44.961,0.004,-0.681,0.732,0,0.732,0.681,-1,-0.003,0.003],"_shiftlockState":false,"_pose":"Running","_animationQueue":[],"_animationSpeed":1.103,"_zoom":7.33},{"_mousePosition":[896,659],"_rootPartCFrame":[773.654,222.699,44.75,0.62,0,0.784,0,1,0,-0.784,0,0.62],"_humanoidState":8,"_cameraCFrame":[779.021,229.192,44.771,0.004,-0.681,0.732,0,0.732,0.681,-1,-0.003,0.003],"_shiftlockState":false,"_pose":"Running","_animationQueue":[],"_animationSpeed":1.103,"_zoom":7.33},{"_mousePosition":[873,671],"_rootPartCFrame":[773.467,222.7,44.56,0.633,0,0.774,0,1,0,-0.774,0,0.633],"_humanoidState":8,"_cameraCFrame":[778.833,229.192,44.582,0.004,-0.681,0.732,0,0.732,0.681,-1,-0.003,0.003],"_shiftlockState":false,"_pose":"Running","_animationQueue":[],"_animationSpeed":1.103,"_zoom":7.33},{"_mousePosition":[840,687],"_rootPartCFrame":[773.279,222.7,44.371,0.644,0,0.765,0,1,0,-0.765,0,0.644],"_humanoidState":8,"_cameraCFrame":[778.646,229.192,44.393,0.004,-0.681,0.732,0,0.732,0.681,-1,-0.003,0.003],"_shiftlockState":false,"_pose":"Running","_animationQueue":[["walk",0.1]],"_animationSpeed":1.103,"_zoom":7.33},{"_mousePosition":[840,687],"_rootPartCFrame":[773.091,222.7,44.182,0.653,0,0.757,0,1,0,-0.757,0,0.653],"_humanoidState":8,"_cameraCFrame":[778.458,229.192,44.204,0.004,-0.681,0.732,0,0.732,0.681,-1,-0.003,0.003],"_shiftlockState":false,"_pose":"Running","_animationQueue":[],"_animationSpeed":1.103,"_zoom":7.33},{"_mousePosition":[840,687],"_rootPartCFrame":[772.81,222.7,43.898,0.665,0,0.747,0,1,0,-0.747,0,0.665],"_humanoidState":8,"_cameraCFrame":[778.176,229.192,43.92,0.004,-0.681,0.732,0,0.732,0.681,-1,-0.003,0.003],"_shiftlockState":false,"_pose":"Running","_animationQueue":[],"_animationSpeed":1.103,"_zoom":7.33},{"_mousePosition":[840,687],"_rootPartCFrame":[772.716,222.7,43.803,0.668,0,0.744,0,1,0,-0.744,0,0.668],"_humanoidState":8,"_cameraCFrame":[778.082,229.192,43.825,0.004,-0.681,0.732,0,0.732,0.681,-1,-0.003,0.003],"_shiftlockState":false,"_pose":"Running","_animationQueue":[],"_animationSpeed":1.103,"_zoom":7.33},{"_mousePosition":[840,687],"_rootPartCFrame":[772.528,222.7,43.614,0.674,0,0.739,0,1,0,-0.739,0,0.674],"_humanoidState":8,"_cameraCFrame":[777.895,229.192,43.636,0.004,-0.681,0.732,0,0.732,0.681,-1,-0.003,0.003],"_shiftlockState":false,"_pose":"Running","_animationQueue":[],"_animationSpeed":1.103,"_zoom":7.33},{"_mousePosition":[840,687],"_rootPartCFrame":[772.34,222.7,43.424,0.679,0,0.734,0,1,0,-0.734,0,0.679],"_humanoidState":8,"_cameraCFrame":[777.707,229.192,43.446,0.004,-0.681,0.732,0,0.732,0.681,-1,-0.003,0.003],"_shiftlockState":false,"_pose":"Running","_animationQueue":[],"_animationSpeed":1.103,"_zoom":7.33},{"_mousePosition":[840,687],"_rootPartCFrame":[772.152,222.7,43.235,0.683,0,0.73,0,1,0,-0.73,0,0.683],"_humanoidState":8,"_cameraCFrame":[777.519,229.192,43.257,0.004,-0.681,0.732,0,0.732,0.681,-1,-0.003,0.003],"_shiftlockState":false,"_pose":"Running","_animationQueue":[],"_animationSpeed":1.103,"_zoom":7.33},{"_mousePosition":[840,687],"_rootPartCFrame":[771.871,222.7,42.951,0.689,0,0.725,0,1,0,-0.725,0,0.689],"_humanoidState":8,"_cameraCFrame":[777.237,229.192,42.973,0.004,-0.681,0.732,0,0.732,0.681,-1,-0.003,0.003],"_shiftlockState":false,"_pose":"Running","_animationQueue":[["walk",0.1]],"_animationSpeed":1.103,"_zoom":7.33},{"_mousePosition":[840,687],"_rootPartCFrame":[771.777,222.7,42.856,0.69,0,0.724,0,1,0,-0.724,0,0.69],"_humanoidState":8,"_cameraCFrame":[777.144,229.192,42.878,0.004,-0.681,0.732,0,0.732,0.681,-1,-0.003,0.003],"_shiftlockState":false,"_pose":"Running","_animationQueue":[],"_animationSpeed":1.103,"_zoom":7.33},{"_mousePosition":[840,687],"_rootPartCFrame":[771.589,222.7,42.667,0.693,0,0.721,0,1,0,-0.721,0,0.693],"_humanoidState":8,"_cameraCFrame":[776.956,229.192,42.689,0.004,-0.681,0.732,0,0.732,0.681,-1,-0.003,0.003],"_shiftlockState":false,"_pose":"Running","_animationQueue":[],"_animationSpeed":1.103,"_zoom":7.33},{"_mousePosition":[840,687],"_rootPartCFrame":[771.308,222.7,42.383,0.696,0,0.718,0,1,0,-0.718,0,0.696],"_humanoidState":8,"_cameraCFrame":[776.674,229.192,42.405,0.004,-0.681,0.732,0,0.732,0.681,-1,-0.003,0.003],"_shiftlockState":false,"_pose":"Running","_animationQueue":[],"_animationSpeed":1.103,"_zoom":7.33},{"_mousePosition":[840,687],"_rootPartCFrame":[771.12,222.7,42.194,0.698,0,0.716,0,1,0,-0.716,0,0.698],"_humanoidState":8,"_cameraCFrame":[776.486,229.192,42.216,0.004,-0.681,0.732,0,0.732,0.681,-1,-0.003,0.003],"_shiftlockState":false,"_pose":"Running","_animationQueue":[],"_animationSpeed":1.103,"_zoom":7.33},{"_mousePosition":[840,687],"_rootPartCFrame":[770.932,223.563,42.004,0.7,0,0.714,0,1,0,-0.714,0,0.7],"_humanoidState":3,"_cameraCFrame":[776.299,230.055,42.026,0.004,-0.681,0.732,0,0.732,0.681,-1,-0.003,0.003],"_shiftlockState":false,"_pose":"Jumping","_animationQueue":[["walk",0.1],["jump",0.1]],"_animationSpeed":1,"_zoom":7.33},{"_mousePosition":[840,687],"_rootPartCFrame":[770.791,224.174,41.862,0.701,0,0.713,0,1,0,-0.713,0,0.701],"_humanoidState":5,"_cameraCFrame":[776.165,230.667,40.134,0.004,-0.681,0.732,0,0.732,0.681,-1,-0.003,0.003],"_shiftlockState":true,"_pose":"FreeFall","_animationQueue":[["jump",0.1]],"_animationSpeed":1,"_zoom":7.33},{"_mousePosition":[683,352.5],"_rootPartCFrame":[770.604,224.941,41.673,0.077,0,0.997,0,1,0,-0.997,0,0.077],"_humanoidState":5,"_cameraCFrame":[775.977,231.434,39.945,0.004,-0.681,0.732,0,0.732,0.681,-1,-0.003,0.003],"_shiftlockState":true,"_pose":"FreeFall","_animationQueue":[],"_animationSpeed":1,"_zoom":7.33},{"_mousePosition":[683,352.5],"_rootPartCFrame":[770.369,225.824,41.436,0.131,0,0.991,0,1,0,-0.991,0,0.131],"_humanoidState":5,"_cameraCFrame":[775.743,232.317,39.708,0.004,-0.681,0.732,0,0.732,0.681,-1,-0.003,0.003],"_shiftlockState":true,"_pose":"FreeFall","_animationQueue":[],"_animationSpeed":1,"_zoom":7.33},{"_mousePosition":[683,352.5],"_rootPartCFrame":[770.228,226.313,41.294,0.082,0,0.997,0,1,0,-0.997,0,0.082],"_humanoidState":5,"_cameraCFrame":[775.369,232.972,39.359,-0.036,-0.703,0.71,0,0.71,0.704,-0.999,0.025,-0.025],"_shiftlockState":true,"_pose":"FreeFall","_animationQueue":[],"_animationSpeed":1,"_zoom":7.33},{"_mousePosition":[683,352.5],"_rootPartCFrame":[769.993,227.06,41.058,0.1,0,0.995,0,1,0,-0.995,0,0.1],"_humanoidState":5,"_cameraCFrame":[774.992,233.806,38.989,-0.063,-0.714,0.697,0,0.698,0.716,-0.998,0.045,-0.044],"_shiftlockState":true,"_pose":"FreeFall","_animationQueue":[],"_animationSpeed":1,"_zoom":7.33},{"_mousePosition":[683,352.5],"_rootPartCFrame":[769.799,227.595,40.875,0.046,0,0.999,0,1,0,-0.999,0,0.046],"_humanoidState":5,"_cameraCFrame":[774.534,234.484,38.565,-0.115,-0.73,0.673,0,0.678,0.735,-0.993,0.085,-0.078],"_shiftlockState":true,"_pose":"FreeFall","_animationQueue":[],"_animationSpeed":1,"_zoom":7.33},{"_mousePosition":[683,352.5],"_rootPartCFrame":[769.65,227.962,40.742,-0.032,0,0.999,0,1,0,-0.999,0,-0.032],"_humanoidState":5,"_cameraCFrame":[774.064,234.996,38.159,-0.179,-0.743,0.645,0,0.656,0.755,-0.984,0.135,-0.118],"_shiftlockState":true,"_pose":"FreeFall","_animationQueue":[],"_animationSpeed":1,"_zoom":7.33},{"_mousePosition":[683,352.5],"_rootPartCFrame":[769.442,228.402,40.574,-0.068,0,0.998,0,1,0,-0.998,0,-0.068],"_humanoidState":5,"_cameraCFrame":[773.477,235.574,37.686,-0.258,-0.748,0.612,0,0.633,0.774,-0.966,0.2,-0.163],"_shiftlockState":true,"_pose":"FreeFall","_animationQueue":[],"_animationSpeed":1,"_zoom":7.33},{"_mousePosition":[683,352.5],"_rootPartCFrame":[769.225,228.788,40.42,-0.146,0,0.989,0,1,0,-0.989,0,-0.146],"_humanoidState":5,"_cameraCFrame":[772.807,236.081,37.196,-0.354,-0.739,0.573,0,0.613,0.79,-0.935,0.279,-0.217],"_shiftlockState":true,"_pose":"FreeFall","_animationQueue":[],"_animationSpeed":1,"_zoom":7.33},{"_mousePosition":[683,352.5],"_rootPartCFrame":[768.939,229.194,40.249,-0.213,0,0.977,0,1,0,-0.977,0,-0.213],"_humanoidState":5,"_cameraCFrame":[772.005,236.587,36.692,-0.46,-0.714,0.528,0,0.595,0.804,-0.888,0.37,-0.273],"_shiftlockState":true,"_pose":"FreeFall","_animationQueue":[],"_animationSpeed":1,"_zoom":7.33},{"_mousePosition":[683,352.5],"_rootPartCFrame":[768.699,229.457,40.133,-0.351,0,0.937,0,1,0,-0.937,0,-0.351],"_humanoidState":5,"_cameraCFrame":[771.193,236.944,36.295,-0.566,-0.673,0.475,0,0.577,0.817,-0.824,0.463,-0.327],"_shiftlockState":true,"_pose":"FreeFall","_animationQueue":[],"_animationSpeed":1,"_zoom":7.33},{"_mousePosition":[683,352.5],"_rootPartCFrame":[768.449,229.666,40.043,-0.463,0,0.886,0,1,0,-0.886,0,-0.463],"_humanoidState":5,"_cameraCFrame":[770.431,237.21,36.002,-0.656,-0.622,0.427,0,0.566,0.825,-0.755,0.541,-0.371],"_shiftlockState":true,"_pose":"FreeFall","_animationQueue":[],"_animationSpeed":1,"_zoom":7.33},{"_mousePosition":[683,352.5],"_rootPartCFrame":[768.255,229.787,39.996,-0.585,0,0.811,0,1,0,-0.811,0,-0.585],"_humanoidState":5,"_cameraCFrame":[769.77,237.361,35.8,-0.732,-0.565,0.381,0,0.56,0.829,-0.681,0.606,-0.41],"_shiftlockState":true,"_pose":"FreeFall","_animationQueue":[],"_animationSpeed":1,"_zoom":7.33},{"_mousePosition":[683,352.5],"_rootPartCFrame":[767.991,229.901,39.965,-0.646,0,0.764,0,1,0,-0.764,0,-0.646],"_humanoidState":5,"_cameraCFrame":[769.157,237.481,35.669,-0.784,-0.515,0.346,0,0.558,0.83,-0.62,0.651,-0.438],"_shiftlockState":true,"_pose":"FreeFall","_animationQueue":[],"_animationSpeed":1,"_zoom":7.33},{"_mousePosition":[683,352.5],"_rootPartCFrame":[767.724,229.96,39.965,-0.707,0,0.707,0,1,0,-0.707,0,-0.707],"_humanoidState":5,"_cameraCFrame":[768.496,237.534,35.572,-0.838,-0.452,0.305,0,0.56,0.829,-0.545,0.695,-0.469],"_shiftlockState":true,"_pose":"FreeFall","_animationQueue":[],"_animationSpeed":1,"_zoom":7.33},{"_mousePosition":[683,352.5],"_rootPartCFrame":[767.459,229.964,39.991,-0.769,0,0.639,0,1,0,-0.639,0,-0.769],"_humanoidState":5,"_cameraCFrame":[767.893,237.512,35.515,-0.879,-0.393,0.269,0,0.565,0.825,-0.476,0.725,-0.497],"_shiftlockState":true,"_pose":"FreeFall","_animationQueue":[["fall",0.3]],"_animationSpeed":1,"_zoom":7.33},{"_mousePosition":[683,352.5],"_rootPartCFrame":[767.197,229.914,40.04,-0.818,0,0.575,0,1,0,-0.575,0,-0.818],"_humanoidState":5,"_cameraCFrame":[767.333,237.425,35.496,-0.911,-0.338,0.236,0,0.572,0.82,-0.412,0.747,-0.521],"_shiftlockState":true,"_pose":"FreeFall","_animationQueue":[],"_animationSpeed":1,"_zoom":7.33},{"_mousePosition":[683,352.5],"_rootPartCFrame":[766.94,229.81,40.112,-0.858,0,0.514,0,1,0,-0.514,0,-0.858],"_humanoidState":5,"_cameraCFrame":[766.834,237.283,35.518,-0.933,-0.293,0.208,0,0.58,0.815,-0.359,0.76,-0.541],"_shiftlockState":true,"_pose":"FreeFall","_animationQueue":[],"_animationSpeed":1,"_zoom":7.33},{"_mousePosition":[683,352.5],"_rootPartCFrame":[766.69,229.651,40.202,-0.887,0,0.462,0,1,0,-0.462,0,-0.887],"_humanoidState":5,"_cameraCFrame":[766.293,237.069,35.553,-0.956,-0.238,0.174,0,0.59,0.807,-0.295,0.771,-0.564],"_shiftlockState":true,"_pose":"FreeFall","_animationQueue":[],"_animationSpeed":1,"_zoom":7.33},{"_mousePosition":[683,352.5],"_rootPartCFrame":[766.445,229.437,40.308,-0.916,0,0.401,0,1,0,-0.401,0,-0.916],"_humanoidState":5,"_cameraCFrame":[765.738,236.792,35.616,-0.974,-0.181,0.136,0,0.602,0.799,-0.226,0.778,-0.586],"_shiftlockState":true,"_pose":"FreeFall","_animationQueue":[],"_animationSpeed":1,"_zoom":7.33},{"_mousePosition":[683,352.5],"_rootPartCFrame":[766.208,229.169,40.43,-0.942,0,0.336,0,1,0,-0.336,0,-0.942],"_humanoidState":5,"_cameraCFrame":[765.136,236.441,35.704,-0.989,-0.115,0.09,0,0.616,0.787,-0.146,0.779,-0.61],"_shiftlockState":true,"_pose":"FreeFall","_animationQueue":[],"_animationSpeed":1,"_zoom":7.33},{"_mousePosition":[683,352.5],"_rootPartCFrame":[765.98,228.847,40.567,-0.966,0,0.259,0,1,0,-0.259,0,-0.966],"_humanoidState":5,"_cameraCFrame":[764.638,236.03,35.804,-0.996,-0.067,0.055,0,0.632,0.775,-0.087,0.772,-0.629],"_shiftlockState":true,"_pose":"FreeFall","_animationQueue":[["fall",0.3]],"_animationSpeed":1,"_zoom":7.33},{"_mousePosition":[683,352.5],"_rootPartCFrame":[765.763,228.47,40.722,-0.999,0,0.039,0,1,0,-0.039,0,-0.999],"_humanoidState":5,"_cameraCFrame":[764.233,235.526,35.866,-0.999,-0.035,0.03,0,0.652,0.758,-0.046,0.757,-0.652],"_shiftlockState":true,"_pose":"FreeFall","_animationQueue":[],"_animationSpeed":1,"_zoom":7.33},{"_mousePosition":[683,352.5],"_rootPartCFrame":[765.571,228.039,40.892,-0.997,0,0.08,0,1,0,-0.08,0,-0.997],"_humanoidState":5,"_cameraCFrame":[764.16,235.126,36.035,-0.997,-0.054,0.046,0,0.647,0.762,-0.071,0.76,-0.646],"_shiftlockState":true,"_pose":"FreeFall","_animationQueue":[],"_animationSpeed":1,"_zoom":7.33},{"_mousePosition":[683,352.5],"_rootPartCFrame":[765.413,227.553,41.081,-0.997,0,0.072,0,1,0,-0.072,0,-0.997],"_humanoidState":5,"_cameraCFrame":[764.216,234.693,36.228,-0.993,-0.089,0.074,0,0.639,0.769,-0.116,0.764,-0.634],"_shiftlockState":true,"_pose":"FreeFall","_animationQueue":[],"_animationSpeed":1,"_zoom":7.33},{"_mousePosition":[683,352.5],"_rootPartCFrame":[765.29,227.012,41.288,-0.994,0,0.111,0,1,0,-0.111,0,-0.994],"_humanoidState":5,"_cameraCFrame":[764.328,234.205,36.445,-0.986,-0.128,0.104,0,0.63,0.777,-0.165,0.766,-0.621],"_shiftlockState":true,"_pose":"FreeFall","_animationQueue":[],"_animationSpeed":1,"_zoom":7.33},{"_mousePosition":[683,352.5],"_rootPartCFrame":[765.202,226.417,41.517,-0.987,0,0.159,0,1,0,-0.159,0,-0.987],"_humanoidState":5,"_cameraCFrame":[764.471,233.658,36.69,-0.977,-0.168,0.133,0,0.622,0.783,-0.215,0.765,-0.607],"_shiftlockState":true,"_pose":"FreeFall","_animationQueue":[],"_animationSpeed":1,"_zoom":7.33},{"_mousePosition":[683,352.5],"_rootPartCFrame":[765.144,225.768,41.768,-0.978,0,0.208,0,1,0,-0.208,0,-0.978],"_humanoidState":5,"_cameraCFrame":[764.553,233.049,36.97,-0.969,-0.193,0.151,0,0.615,0.789,-0.245,0.765,-0.596],"_shiftlockState":true,"_pose":"FreeFall","_animationQueue":[["fall",0.3]],"_animationSpeed":1,"_zoom":7.33},{"_mousePosition":[683,352.5],"_rootPartCFrame":[765.088,225.064,42.029,-0.971,0,0.24,0,1,0,-0.24,0,-0.971],"_humanoidState":5,"_cameraCFrame":[764.478,232.355,37.246,-0.97,-0.191,0.148,0,0.613,0.79,-0.242,0.767,-0.595],"_shiftlockState":true,"_pose":"FreeFall","_animationQueue":[],"_animationSpeed":1,"_zoom":7.33},{"_mousePosition":[683,352.5],"_rootPartCFrame":[765.016,224.322,42.171,-0.981,-0.002,0.196,-0.011,0.999,-0.045,-0.196,-0.046,-0.98],"_humanoidState":5,"_cameraCFrame":[764.213,231.67,37.419,-0.978,-0.165,0.124,0,0.603,0.798,-0.206,0.781,-0.59],"_shiftlockState":true,"_pose":"FreeFall","_animationQueue":[],"_animationSpeed":1,"_zoom":7.33},{"_mousePosition":[683,352.5],"_rootPartCFrame":[764.955,224.379,42.2,-0.988,-0.004,0.157,-0.007,1,-0.02,-0.157,-0.021,-0.987],"_humanoidState":12,"_cameraCFrame":[763.75,231.864,37.749,-0.992,-0.104,0.073,0,0.577,0.817,-0.127,0.81,-0.573],"_shiftlockState":true,"_pose":"Climbing","_animationQueue":[["walk",0.1],["fall",0.3],["climb",0.1],["climb",0]],"_animationSpeed":-3.725,"_zoom":7.33},{"_mousePosition":[683,352.5],"_rootPartCFrame":[764.928,224.563,42.218,-0.993,-0.001,0.121,-0.001,1,0,-0.121,0,-0.993],"_humanoidState":12,"_cameraCFrame":[763.383,232.188,38.108,-0.999,-0.042,0.028,0,0.549,0.836,-0.051,0.835,-0.549],"_shiftlockState":true,"_pose":"Climbing","_animationQueue":[["climb",0.1]],"_animationSpeed":0.845,"_zoom":7.33},{"_mousePosition":[683,352.5],"_rootPartCFrame":[764.926,224.749,42.218,-0.999,0,0.05,0,1,0.002,-0.05,0.002,-0.999],"_humanoidState":12,"_cameraCFrame":[763.123,232.52,38.45,-1,0.012,-0.007,0,0.518,0.855,0.014,0.855,-0.518],"_shiftlockState":true,"_pose":"Climbing","_animationQueue":[["climb",0.1]],"_animationSpeed":0.931,"_zoom":7.33},{"_mousePosition":[683,352.5],"_rootPartCFrame":[764.925,224.936,42.217,-1,0,-0.014,0,1,0.001,0.014,0.001,-1],"_humanoidState":12,"_cameraCFrame":[762.925,232.814,38.738,-0.998,0.061,-0.035,0,0.493,0.87,0.071,0.868,-0.492],"_shiftlockState":true,"_pose":"Climbing","_animationQueue":[],"_animationSpeed":0.931,"_zoom":7.33},{"_mousePosition":[683,352.5],"_rootPartCFrame":[764.925,225.169,42.218,-0.998,0,-0.071,0,1,0,0.071,0,-0.998],"_humanoidState":12,"_cameraCFrame":[762.758,233.087,38.916,-0.993,0.107,-0.059,0,0.483,0.876,0.122,0.869,-0.479],"_shiftlockState":true,"_pose":"Climbing","_animationQueue":[["climb",0]],"_animationSpeed":0.931,"_zoom":7.33},{"_mousePosition":[683,352.5],"_rootPartCFrame":[764.927,225.289,42.232,-0.993,0,-0.122,0,1,0,0.122,0,-0.993],"_humanoidState":8,"_cameraCFrame":[762.551,233.181,39.025,-0.983,0.159,-0.089,0,0.489,0.872,0.183,0.857,-0.481],"_shiftlockState":true,"_pose":"Standing","_animationQueue":[["climb",0.1],["idle",0.1],["idle",0.1]],"_animationSpeed":1,"_zoom":7.33},{"_mousePosition":[683,352.5],"_rootPartCFrame":[764.965,225.399,42.283,-0.995,-0.001,-0.099,-0.002,1,0.003,0.099,0.003,-0.995],"_humanoidState":5,"_cameraCFrame":[762.488,233.257,39.086,-0.978,0.182,-0.104,0,0.498,0.867,0.209,0.848,-0.487],"_shiftlockState":true,"_pose":"FreeFall","_animationQueue":[["walk",0.1],["fall",0.3]],"_animationSpeed":1,"_zoom":7.33},{"_mousePosition":[683,352.5],"_rootPartCFrame":[764.981,225.42,42.296,-0.991,-0.001,-0.132,-0.002,1,0.001,0.132,0.001,-0.991],"_humanoidState":5,"_cameraCFrame":[762.468,233.263,39.095,-0.976,0.189,-0.11,0,0.501,0.865,0.219,0.844,-0.489],"_shiftlockState":true,"_pose":"FreeFall","_animationQueue":[],"_animationSpeed":1,"_zoom":7.33},{"_mousePosition":[683,352.5],"_rootPartCFrame":[764.976,225.401,42.325,-0.994,-0.001,-0.111,-0.001,1,0,0.111,0,-0.994],"_humanoidState":5,"_cameraCFrame":[762.505,233.244,39.091,-0.978,0.179,-0.103,0,0.501,0.865,0.206,0.847,-0.49],"_shiftlockState":true,"_pose":"FreeFall","_animationQueue":[],"_animationSpeed":1,"_zoom":7.33},{"_mousePosition":[683,352.5],"_rootPartCFrame":[764.98,225.339,42.327,-0.995,0,-0.102,0,1,0,0.102,0,-0.995],"_humanoidState":5,"_cameraCFrame":[763.019,233.091,38.604,-0.998,0.048,-0.029,0,0.522,0.853,0.056,0.852,-0.521],"_shiftlockState":true,"_pose":"FreeFall","_animationQueue":[],"_animationSpeed":1,"_zoom":7.33},{"_mousePosition":[683,352.5],"_rootPartCFrame":[765.052,225.253,42.4,-1,0,0.024,0,1,0,-0.024,0,-1],"_humanoidState":5,"_cameraCFrame":[765.031,232.836,37.951,-0.921,-0.323,0.217,0,0.558,0.83,-0.389,0.764,-0.514],"_shiftlockState":true,"_pose":"FreeFall","_animationQueue":[["fall",0.3]],"_animationSpeed":1,"_zoom":7.33},{"_mousePosition":[683,352.5],"_rootPartCFrame":[765.089,225.152,42.081,-0.925,-0.005,0.379,-0.006,1,0,-0.379,-0.002,-0.925],"_humanoidState":5,"_cameraCFrame":[767.876,232.695,38.547,-0.481,-0.723,0.496,0,0.566,0.824,-0.877,0.397,-0.272],"_shiftlockState":true,"_pose":"FreeFall","_animationQueue":[],"_animationSpeed":1,"_zoom":7.33},{"_mousePosition":[683,352.5],"_rootPartCFrame":[764.97,225.238,41.799,-0.451,0.002,0.892,-0.001,1,-0.003,-0.892,-0.002,-0.451],"_humanoidState":7,"_cameraCFrame":[768.869,232.94,40.019,-0.007,-0.846,0.533,0,0.533,0.846,-1,0.006,-0.004],"_shiftlockState":true,"_pose":"FreeFall","_animationQueue":[["walk",0.1],["fall",0.3],["fall",0.3]],"_animationSpeed":1,"_zoom":7.33},{"_mousePosition":[683,352.5],"_rootPartCFrame":[764.837,225.289,41.81,0.021,0.003,1,0,1,-0.003,-1,0,0.021],"_humanoidState":7,"_cameraCFrame":[768.039,233.462,40.381,0.103,-0.905,0.412,0,0.414,0.91,-0.995,-0.094,0.043],"_shiftlockState":true,"_pose":"FreeFall","_animationQueue":[],"_animationSpeed":1,"_zoom":7.33},{"_mousePosition":[683,352.5],"_rootPartCFrame":[764.677,225.311,41.83,0.116,0.001,0.993,0,1,-0.001,-0.993,0,0.116],"_humanoidState":8,"_cameraCFrame":[766.869,233.817,40.124,0.02,-0.956,0.294,0,0.294,0.956,-1,-0.02,0.006],"_shiftlockState":true,"_pose":"Running","_animationQueue":[["walk",0.1],["fall",0.3],["walk",0.1]],"_animationSpeed":0.77,"_zoom":7.33},{"_mousePosition":[683,352.5],"_rootPartCFrame":[764.531,226.283,41.848,0.025,-0.001,1,0,1,0.001,-1,0,0.025],"_humanoidState":3,"_cameraCFrame":[765.873,234.916,39.822,-0.181,-0.957,0.226,0,0.23,0.973,-0.984,0.176,-0.042],"_shiftlockState":true,"_pose":"Jumping","_animationQueue":[["walk",0.1],["jump",0.1]],"_animationSpeed":1,"_zoom":7.33},{"_mousePosition":[683,352.5],"_rootPartCFrame":[764.382,227.22,41.815,-0.089,-0.001,0.996,0,1,0.001,-0.996,0,-0.089],"_humanoidState":5,"_cameraCFrame":[765.174,235.878,39.596,-0.38,-0.903,0.199,0,0.215,0.977,-0.925,0.371,-0.082],"_shiftlockState":true,"_pose":"FreeFall","_animationQueue":[["jump",0.1]],"_animationSpeed":1,"_zoom":7.33},{"_mousePosition":[683,352.5],"_rootPartCFrame":[764.218,228.103,41.744,-0.259,0,0.966,0,1,0,-0.966,0,-0.259],"_humanoidState":5,"_cameraCFrame":[764.442,236.775,39.44,-0.578,-0.798,0.169,0,0.207,0.978,-0.816,0.565,-0.119],"_shiftlockState":true,"_pose":"FreeFall","_animationQueue":[],"_animationSpeed":1,"_zoom":7.33},{"_mousePosition":[683,352.5],"_rootPartCFrame":[764.026,228.932,41.675,-0.465,0,0.885,0,1,0,-0.885,0,-0.465],"_humanoidState":5,"_cameraCFrame":[763.769,237.604,39.374,-0.734,-0.664,0.14,0,0.207,0.978,-0.679,0.718,-0.152],"_shiftlockState":true,"_pose":"FreeFall","_animationQueue":[],"_animationSpeed":1,"_zoom":7.33},{"_mousePosition":[683,352.5],"_rootPartCFrame":[763.8,229.706,41.609,-0.638,0,0.77,0,1,0,-0.77,0,-0.638],"_humanoidState":5,"_cameraCFrame":[763.246,238.338,39.238,-0.841,-0.527,0.125,0,0.231,0.973,-0.542,0.818,-0.194],"_shiftlockState":true,"_pose":"FreeFall","_animationQueue":[],"_animationSpeed":1,"_zoom":7.33},{"_mousePosition":[683,352.5],"_rootPartCFrame":[763.551,230.426,41.575,-0.764,0,0.645,0,1,0,-0.645,0,-0.764],"_humanoidState":5,"_cameraCFrame":[762.825,238.982,39.03,-0.903,-0.414,0.116,0,0.271,0.963,-0.43,0.869,-0.245],"_shiftlockState":true,"_pose":"FreeFall","_animationQueue":[],"_animationSpeed":1,"_zoom":7.33},{"_mousePosition":[683,352.5],"_rootPartCFrame":[763.295,231.091,41.578,-0.843,0,0.538,0,1,0,-0.538,0,-0.843],"_humanoidState":5,"_cameraCFrame":[762.457,239.541,38.788,-0.939,-0.327,0.11,0,0.318,0.948,-0.345,0.89,-0.298],"_shiftlockState":true,"_pose":"FreeFall","_animationQueue":[],"_animationSpeed":1,"_zoom":7.33},{"_mousePosition":[683,352.5],"_rootPartCFrame":[763.04,231.701,41.622,-0.891,0,0.454,0,1,0,-0.454,0,-0.891],"_humanoidState":5,"_cameraCFrame":[762.178,239.995,38.477,-0.956,-0.273,0.111,0,0.375,0.927,-0.295,0.886,-0.359],"_shiftlockState":true,"_pose":"FreeFall","_animationQueue":[],"_animationSpeed":1,"_zoom":7.33},{"_mousePosition":[683,352.5],"_rootPartCFrame":[762.791,232.257,41.704,-0.916,0,0.401,0,1,0,-0.401,0,-0.916],"_humanoidState":5,"_cameraCFrame":[762.032,240.37,38.171,-0.957,-0.261,0.125,0,0.431,0.902,-0.29,0.864,-0.413],"_shiftlockState":true,"_pose":"FreeFall","_animationQueue":[],"_animationSpeed":1,"_zoom":7.33},{"_mousePosition":[683,352.5],"_rootPartCFrame":[762.552,232.759,41.821,-0.921,0,0.391,0,1,0,-0.391,0,-0.921],"_humanoidState":5,"_cameraCFrame":[762.008,240.634,37.839,-0.951,-0.269,0.153,0,0.494,0.87,-0.31,0.827,-0.469],"_shiftlockState":true,"_pose":"FreeFall","_animationQueue":[],"_animationSpeed":1,"_zoom":7.33},{"_mousePosition":[683,352.5],"_rootPartCFrame":[762.317,233.206,41.946,-0.914,0,0.406,0,1,0,-0.406,0,-0.914],"_humanoidState":5,"_cameraCFrame":[761.993,240.864,37.614,-0.943,-0.28,0.181,0,0.543,0.84,-0.333,0.792,-0.511],"_shiftlockState":true,"_pose":"FreeFall","_animationQueue":[],"_animationSpeed":1,"_zoom":7.33},{"_mousePosition":[683,352.5],"_rootPartCFrame":[762.081,233.591,42.016,-0.919,0.003,0.393,0.003,1,-0.001,-0.393,0,-0.919],"_humanoidState":5,"_cameraCFrame":[761.859,241.11,37.487,-0.941,-0.279,0.194,0,0.571,0.821,-0.339,0.772,-0.537],"_shiftlockState":true,"_pose":"FreeFall","_animationQueue":[],"_animationSpeed":1,"_zoom":7.33},{"_mousePosition":[683,352.5],"_rootPartCFrame":[761.845,233.896,41.976,-0.92,0.005,0.393,0.005,1,-0.002,-0.393,0,-0.92],"_humanoidState":5,"_cameraCFrame":[761.626,241.415,37.448,-0.941,-0.279,0.194,0,0.571,0.821,-0.339,0.772,-0.537],"_shiftlockState":true,"_pose":"FreeFall","_animationQueue":[],"_animationSpeed":1,"_zoom":7.33},{"_mousePosition":[683,352.5],"_rootPartCFrame":[761.632,234.097,41.955,-0.931,0.001,0.364,0.001,1,-0.001,-0.364,0,-0.931],"_humanoidState":12,"_cameraCFrame":[761.407,241.616,37.426,-0.941,-0.279,0.194,0,0.571,0.821,-0.339,0.772,-0.537],"_shiftlockState":true,"_pose":"Climbing","_animationQueue":[["walk",0.1],["climb",0.1]],"_animationSpeed":1.423,"_zoom":7.33},{"_mousePosition":[683,352.5],"_rootPartCFrame":[761.459,234.284,41.937,-0.94,0,0.342,0,1,0,-0.342,0,-0.94],"_humanoidState":12,"_cameraCFrame":[761.232,241.803,37.408,-0.941,-0.279,0.194,0,0.571,0.821,-0.339,0.772,-0.537],"_shiftlockState":true,"_pose":"Climbing","_animationQueue":[["climb",0.1]],"_animationSpeed":0.943,"_zoom":7.33},{"_mousePosition":[683,352.5],"_rootPartCFrame":[761.327,234.47,41.923,-0.941,0,0.34,0,1,0,-0.34,0,-0.941],"_humanoidState":12,"_cameraCFrame":[761.099,241.99,37.394,-0.941,-0.279,0.194,0,0.571,0.821,-0.339,0.772,-0.537],"_shiftlockState":true,"_pose":"Climbing","_animationQueue":[],"_animationSpeed":0.943,"_zoom":7.33},{"_mousePosition":[683,352.5],"_rootPartCFrame":[761.233,234.657,41.913,-0.941,0,0.339,0,1,0,-0.339,0,-0.941],"_humanoidState":12,"_cameraCFrame":[761.006,242.176,37.385,-0.941,-0.279,0.194,0,0.571,0.821,-0.339,0.772,-0.537],"_shiftlockState":true,"_pose":"Climbing","_animationQueue":[],"_animationSpeed":0.943,"_zoom":7.33},{"_mousePosition":[683,352.5],"_rootPartCFrame":[761.179,234.844,41.908,-0.941,0,0.339,0,1,0,-0.339,0,-0.941],"_humanoidState":12,"_cameraCFrame":[760.952,242.363,37.379,-0.941,-0.279,0.194,0,0.571,0.821,-0.339,0.772,-0.537],"_shiftlockState":true,"_pose":"Climbing","_animationQueue":[],"_animationSpeed":0.943,"_zoom":7.33},{"_mousePosition":[683,352.5],"_rootPartCFrame":[761.164,235.03,41.906,-0.941,0,0.339,0,1,0,-0.339,0,-0.941],"_humanoidState":12,"_cameraCFrame":[760.937,242.549,37.378,-0.941,-0.279,0.194,0,0.571,0.821,-0.339,0.772,-0.537],"_shiftlockState":true,"_pose":"Climbing","_animationQueue":[],"_animationSpeed":0.943,"_zoom":7.33},{"_mousePosition":[683,352.5],"_rootPartCFrame":[761.163,235.217,41.906,-0.941,0,0.339,0,1,0,-0.339,0,-0.941],"_humanoidState":12,"_cameraCFrame":[760.936,242.736,37.378,-0.941,-0.279,0.194,0,0.571,0.821,-0.339,0.772,-0.537],"_shiftlockState":true,"_pose":"Climbing","_animationQueue":[],"_animationSpeed":0.943,"_zoom":7.33},{"_mousePosition":[683,352.5],"_rootPartCFrame":[761.163,235.403,41.906,-0.941,0,0.339,0,1,0,-0.339,0,-0.941],"_humanoidState":12,"_cameraCFrame":[760.936,242.923,37.378,-0.941,-0.279,0.194,0,0.571,0.821,-0.339,0.772,-0.537],"_shiftlockState":true,"_pose":"Climbing","_animationQueue":[],"_animationSpeed":0.943,"_zoom":7.33},{"_mousePosition":[683,352.5],"_rootPartCFrame":[761.163,235.59,41.906,-0.941,0,0.339,0,1,0,-0.339,0,-0.941],"_humanoidState":12,"_cameraCFrame":[760.936,243.109,37.378,-0.941,-0.279,0.194,0,0.571,0.821,-0.339,0.772,-0.537],"_shiftlockState":true,"_pose":"Climbing","_animationQueue":[],"_animationSpeed":0.943,"_zoom":7.33},{"_mousePosition":[683,352.5],"_rootPartCFrame":[761.163,235.73,41.906,-0.941,0,0.339,0,1,0,-0.339,0,-0.941],"_humanoidState":12,"_cameraCFrame":[760.936,243.249,37.378,-0.941,-0.279,0.194,0,0.571,0.821,-0.339,0.772,-0.537],"_shiftlockState":true,"_pose":"Climbing","_animationQueue":[],"_animationSpeed":0.943,"_zoom":7.33},{"_mousePosition":[683,352.5],"_rootPartCFrame":[761.163,235.963,41.906,-0.941,0,0.339,0,1,0,-0.339,0,-0.941],"_humanoidState":12,"_cameraCFrame":[760.868,243.476,37.373,-0.946,-0.266,0.186,0,0.572,0.82,-0.324,0.776,-0.541],"_shiftlockState":true,"_pose":"Climbing","_animationQueue":[],"_animationSpeed":0.943,"_zoom":7.33},{"_mousePosition":[683,352.5],"_rootPartCFrame":[761.163,236.15,41.906,-0.946,0,0.324,0,1,0,-0.324,0,-0.946],"_humanoidState":12,"_cameraCFrame":[760.669,243.639,37.358,-0.96,-0.229,0.162,0,0.577,0.817,-0.281,0.784,-0.553],"_shiftlockState":true,"_pose":"Climbing","_animationQueue":[],"_animationSpeed":0.943,"_zoom":7.33},{"_mousePosition":[683,352.5],"_rootPartCFrame":[761.163,236.337,41.906,-0.97,0,0.244,0,1,0,-0.244,0,-0.97],"_humanoidState":12,"_cameraCFrame":[760.455,243.798,37.35,-0.972,-0.189,0.136,0,0.582,0.813,-0.233,0.791,-0.566],"_shiftlockState":true,"_pose":"Climbing","_animationQueue":[],"_animationSpeed":0.943,"_zoom":7.33},{"_mousePosition":[683,352.5],"_rootPartCFrame":[761.163,236.524,41.906,-0.972,0,0.233,0,1,0,-0.233,0,-0.972],"_humanoidState":12,"_cameraCFrame":[760.433,243.977,37.344,-0.974,-0.185,0.133,0,0.583,0.812,-0.228,0.791,-0.568],"_shiftlockState":true,"_pose":"Climbing","_animationQueue":[],"_animationSpeed":0.943,"_zoom":7.33},{"_mousePosition":[683,352.5],"_rootPartCFrame":[761.163,236.71,41.906,-0.974,0,0.228,0,1,0,-0.228,0,-0.974],"_humanoidState":12,"_cameraCFrame":[760.433,244.164,37.344,-0.974,-0.185,0.133,0,0.583,0.812,-0.228,0.791,-0.568],"_shiftlockState":true,"_pose":"Climbing","_animationQueue":[],"_animationSpeed":0.943,"_zoom":7.33},{"_mousePosition":[683,352.5],"_rootPartCFrame":[761.163,236.85,41.906,-0.974,0,0.228,0,1,0,-0.228,0,-0.974],"_humanoidState":12,"_cameraCFrame":[760.433,244.304,37.344,-0.974,-0.185,0.133,0,0.583,0.812,-0.228,0.791,-0.568],"_shiftlockState":true,"_pose":"Climbing","_animationQueue":[],"_animationSpeed":0.943,"_zoom":7.33},{"_mousePosition":[683,352.5],"_rootPartCFrame":[761.163,237.084,41.906,-0.974,0,0.228,0,1,0,-0.228,0,-0.974],"_humanoidState":12,"_cameraCFrame":[760.433,244.537,37.344,-0.974,-0.185,0.133,0,0.583,0.812,-0.228,0.791,-0.568],"_shiftlockState":true,"_pose":"Climbing","_animationQueue":[],"_animationSpeed":0.943,"_zoom":7.33},{"_mousePosition":[683,352.5],"_rootPartCFrame":[761.163,237.27,41.906,-0.974,0,0.228,0,1,0,-0.228,0,-0.974],"_humanoidState":12,"_cameraCFrame":[760.433,244.724,37.344,-0.974,-0.185,0.133,0,0.583,0.812,-0.228,0.791,-0.568],"_shiftlockState":true,"_pose":"Climbing","_animationQueue":[],"_animationSpeed":0.943,"_zoom":7.33},{"_mousePosition":[683,352.5],"_rootPartCFrame":[761.163,237.457,41.906,-0.974,0,0.228,0,1,0,-0.228,0,-0.974],"_humanoidState":12,"_cameraCFrame":[760.433,244.911,37.344,-0.974,-0.185,0.133,0,0.583,0.812,-0.228,0.791,-0.568],"_shiftlockState":true,"_pose":"Climbing","_animationQueue":[],"_animationSpeed":0.943,"_zoom":7.33},{"_mousePosition":[683,352.5],"_rootPartCFrame":[761.163,237.644,41.906,-0.974,0,0.228,0,1,0,-0.228,0,-0.974],"_humanoidState":12,"_cameraCFrame":[760.433,245.097,37.344,-0.974,-0.185,0.133,0,0.583,0.812,-0.228,0.791,-0.568],"_shiftlockState":true,"_pose":"Climbing","_animationQueue":[],"_animationSpeed":0.943,"_zoom":7.33},{"_mousePosition":[683,352.5],"_rootPartCFrame":[761.163,237.83,41.906,-0.974,0,0.228,0,1,0,-0.228,0,-0.974],"_humanoidState":12,"_cameraCFrame":[760.434,245.28,37.339,-0.974,-0.185,0.133,0,0.584,0.812,-0.228,0.79,-0.569],"_shiftlockState":true,"_pose":"Climbing","_animationQueue":[],"_animationSpeed":0.943,"_zoom":7.33},{"_mousePosition":[683,352.5],"_rootPartCFrame":[761.163,238.017,41.906,-0.974,0,0.228,0,1,0,-0.228,0,-0.974],"_humanoidState":12,"_cameraCFrame":[760.434,245.467,37.339,-0.974,-0.185,0.133,0,0.584,0.812,-0.228,0.79,-0.569],"_shiftlockState":true,"_pose":"Climbing","_animationQueue":[],"_animationSpeed":0.943,"_zoom":7.33},{"_mousePosition":[683,352.5],"_rootPartCFrame":[761.163,238.157,41.906,-0.974,0,0.228,0,1,0,-0.228,0,-0.974],"_humanoidState":12,"_cameraCFrame":[760.434,245.607,37.339,-0.974,-0.185,0.133,0,0.584,0.812,-0.228,0.79,-0.569],"_shiftlockState":true,"_pose":"Climbing","_animationQueue":[],"_animationSpeed":0.943,"_zoom":7.33},{"_mousePosition":[683,352.5],"_rootPartCFrame":[761.163,238.39,41.906,-0.974,0,0.228,0,1,0,-0.228,0,-0.974],"_humanoidState":12,"_cameraCFrame":[760.434,245.84,37.339,-0.974,-0.185,0.133,0,0.584,0.812,-0.228,0.79,-0.569],"_shiftlockState":true,"_pose":"Climbing","_animationQueue":[],"_animationSpeed":0.943,"_zoom":7.33},{"_mousePosition":[683,352.5],"_rootPartCFrame":[761.163,238.577,41.906,-0.974,0,0.228,0,1,0,-0.228,0,-0.974],"_humanoidState":12,"_cameraCFrame":[760.434,246.027,37.339,-0.974,-0.185,0.133,0,0.584,0.812,-0.228,0.79,-0.569],"_shiftlockState":true,"_pose":"Climbing","_animationQueue":[],"_animationSpeed":0.943,"_zoom":7.33},{"_mousePosition":[683,352.5],"_rootPartCFrame":[761.163,238.763,41.906,-0.974,0,0.228,0,1,0,-0.228,0,-0.974],"_humanoidState":12,"_cameraCFrame":[760.434,246.214,37.339,-0.974,-0.185,0.133,0,0.584,0.812,-0.228,0.79,-0.569],"_shiftlockState":true,"_pose":"Climbing","_animationQueue":[],"_animationSpeed":0.943,"_zoom":7.33},{"_mousePosition":[683,352.5],"_rootPartCFrame":[761.163,238.95,41.906,-0.974,0,0.228,0,1,0,-0.228,0,-0.974],"_humanoidState":12,"_cameraCFrame":[760.434,246.4,37.339,-0.974,-0.185,0.133,0,0.584,0.812,-0.228,0.79,-0.569],"_shiftlockState":true,"_pose":"Climbing","_animationQueue":[],"_animationSpeed":0.943,"_zoom":7.33},{"_mousePosition":[683,352.5],"_rootPartCFrame":[761.163,239.137,41.906,-0.974,0,0.228,0,1,0,-0.228,0,-0.974],"_humanoidState":12,"_cameraCFrame":[760.39,246.577,37.333,-0.976,-0.176,0.128,0,0.586,0.81,-0.218,0.791,-0.572],"_shiftlockState":true,"_pose":"Climbing","_animationQueue":[],"_animationSpeed":0.943,"_zoom":7.33},{"_mousePosition":[683,352.5],"_rootPartCFrame":[761.157,239.289,41.93,-0.976,0,0.218,0,1,0,-0.218,0,-0.976],"_humanoidState":8,"_cameraCFrame":[760.188,246.673,37.323,-0.985,-0.138,0.103,0,0.596,0.803,-0.172,0.791,-0.587],"_shiftlockState":true,"_pose":"Standing","_animationQueue":[["climb",0.1],["idle",0.1],["idle",0.1]],"_animationSpeed":1,"_zoom":7.33},{"_mousePosition":[683,352.5],"_rootPartCFrame":[761.142,239.387,41.993,-0.984,0,0.177,0,1,0,-0.177,0,-0.984],"_humanoidState":5,"_cameraCFrame":[759.492,246.557,37.31,-1,-0.017,0.014,0,0.634,0.773,-0.021,0.773,-0.634],"_shiftlockState":true,"_pose":"FreeFall","_animationQueue":[["walk",0.1],["fall",0.3]],"_animationSpeed":1,"_zoom":7.33},{"_mousePosition":[683,352.5],"_rootPartCFrame":[761.115,239.431,42.094,-0.999,0,0.037,0,1,0,-0.037,0,-0.999],"_humanoidState":5,"_cameraCFrame":[758.216,246.236,37.595,-0.972,0.172,-0.164,0,0.69,0.724,0.237,0.703,-0.67],"_shiftlockState":true,"_pose":"FreeFall","_animationQueue":[],"_animationSpeed":1,"_zoom":7.33},{"_mousePosition":[683,352.5],"_rootPartCFrame":[761.088,239.423,42.204,-0.982,0.001,-0.191,0.001,1,0,0.191,0,-0.982],"_humanoidState":5,"_cameraCFrame":[756.207,245.679,38.988,-0.775,0.41,-0.481,0,0.761,0.649,0.632,0.503,-0.59],"_shiftlockState":true,"_pose":"FreeFall","_animationQueue":[],"_animationSpeed":1,"_zoom":7.33},{"_mousePosition":[683,352.5],"_rootPartCFrame":[761.119,239.423,41.944,-0.798,0.001,-0.602,0.001,1,0.001,0.602,0,-0.798],"_humanoidState":7,"_cameraCFrame":[754.937,245.084,40.831,-0.444,0.509,-0.738,0,0.823,0.568,0.896,0.252,-0.366],"_shiftlockState":true,"_pose":"FreeFall","_animationQueue":[["walk",0.1],["fall",0.3],["fall",0.3]],"_animationSpeed":1,"_zoom":7.33},{"_mousePosition":[683,352.5],"_rootPartCFrame":[761.158,239.381,41.816,-0.425,0,-0.905,0,1,0,0.905,0,-0.425],"_humanoidState":7,"_cameraCFrame":[754.559,244.496,42.233,-0.203,0.483,-0.852,0,0.87,0.493,0.979,0.1,-0.177],"_shiftlockState":true,"_pose":"FreeFall","_animationQueue":[["fall",0.3]],"_animationSpeed":1,"_zoom":7.33},{"_mousePosition":[683,352.5],"_rootPartCFrame":[761.167,239.289,41.819,-0.194,0,-0.981,0,1,0,0.981,0,-0.194],"_humanoidState":8,"_cameraCFrame":[754.486,244.123,42.838,-0.11,0.452,-0.885,0,0.891,0.455,0.994,0.05,-0.098],"_shiftlockState":true,"_pose":"Running","_animationQueue":[["walk",0.1],["fall",0.3],["walk",0.1]],"_animationSpeed":0.133,"_zoom":7.33},{"_mousePosition":[683,352.5],"_rootPartCFrame":[761.168,240.007,41.82,-0.107,0,-0.994,0,1,0,0.994,0,-0.107],"_humanoidState":3,"_cameraCFrame":[754.405,244.736,42.614,-0.142,0.436,-0.889,0,0.898,0.44,0.99,0.063,-0.128],"_shiftlockState":true,"_pose":"Jumping","_animationQueue":[["walk",0.1],["jump",0.1]],"_animationSpeed":1,"_zoom":7.33},{"_mousePosition":[683,352.5],"_rootPartCFrame":[761.192,240.918,41.781,-0.066,0,-0.998,0,1,0,0.998,0,-0.066],"_humanoidState":5,"_cameraCFrame":[754.378,245.636,41.692,-0.269,0.423,-0.865,0,0.898,0.439,0.963,0.118,-0.242],"_shiftlockState":true,"_po