[{"_mousePosition":[1237,403],"_rootPartCFrame":[776.034,222.98,47.142,-0.001,-0.007,1,0,1,0.007,-1,0,-0.001],"_humanoidState":8,"_cameraCFrame":[784.105,229.777,47.142,0,-0.548,0.836,0,0.836,0.548,-1,0,0],"_shiftlockState":false,"_pose":"Standing","_animationQueue":[],"_animationSpeed":1,"_zoom":9.663},{"_mousePosition":[1237,403],"_rootPartCFrame":[775.788,222.849,47.142,-0.001,-0.001,1,0,1,0.001,-1,0,-0.001],"_humanoidState":8,"_cameraCFrame":[783.868,229.647,47.142,0,-0.548,0.836,0,0.836,0.548,-1,0,0],"_shiftlockState":false,"_pose":"Standing","_animationQueue":[],"_animationSpeed":1,"_zoom":9.663},{"_mousePosition":[1237,403],"_rootPartCFrame":[775.522,222.679,47.142,-0.001,0,1,0,1,0,-1,0,-0.001],"_humanoidState":8,"_cameraCFrame":[783.604,229.476,47.142,0,-0.548,0.836,0,0.836,0.548,-1,0,0],"_shiftlockState":false,"_pose":"Running","_animationQueue":[["walk",0.1]],"_animationSpeed":1.067,"_zoom":9.663},{"_mousePosition":[1237,403],"_rootPartCFrame":[775.255,222.655,47.142,-0.001,0,1,0,1,0,-1,0,-0.001],"_humanoidState":8,"_cameraCFrame":[783.337,229.453,47.142,0,-0.548,0.836,0,0.836,0.548,-1,0,0],"_shiftlockState":false,"_pose":"Running","_animationQueue":[],"_animationSpeed":1.067,"_zoom":9.663},{"_mousePosition":[1237,403],"_rootPartCFrame":[774.988,222.671,47.142,-0.001,0,1,0,1,0,-1,0,-0.001],"_humanoidState":8,"_cameraCFrame":[783.07,229.468,47.142,0,-0.548,0.836,0,0.836,0.548,-1,0,0],"_shiftlockState":false,"_pose":"Running","_animationQueue":[["walk",0.1]],"_animationSpeed":1.067,"_zoom":9.663},{"_mousePosition":[1237,403],"_rootPartCFrame":[774.722,222.683,47.142,0,0,1,0,1,0,-1,0,0],"_humanoidState":8,"_cameraCFrame":[782.803,229.481,47.142,0,-0.548,0.836,0,0.836,0.548,-1,0,0],"_shiftlockState":false,"_pose":"Running","_animationQueue":[],"_animationSpeed":1.067,"_zoom":9.663},{"_mousePosition":[1237,403],"_rootPartCFrame":[774.455,222.691,47.142,0,0,1,0,1,0,-1,0,0],"_humanoidState":8,"_cameraCFrame":[782.536,229.488,47.142,0,-0.548,0.836,0,0.836,0.548,-1,0,0],"_shiftlockState":false,"_pose":"Running","_animationQueue":[],"_animationSpeed":1.067,"_zoom":9.663},{"_mousePosition":[1237,403],"_rootPartCFrame":[774.188,222.695,47.142,0,0,1,0,1,0,-1,0,0],"_humanoidState":8,"_cameraCFrame":[782.27,229.492,47.142,0,-0.548,0.836,0,0.836,0.548,-1,0,0],"_shiftlockState":false,"_pose":"Running","_animationQueue":[],"_animationSpeed":1.067,"_zoom":9.663},{"_mousePosition":[1237,403],"_rootPartCFrame":[773.922,222.697,47.142,0,0,1,0,1,0,-1,0,0],"_humanoidState":8,"_cameraCFrame":[782.003,229.495,47.142,0,-0.548,0.836,0,0.836,0.548,-1,0,0],"_shiftlockState":false,"_pose":"Running","_animationQueue":[],"_animationSpeed":1.067,"_zoom":9.663},{"_mousePosition":[1237,403],"_rootPartCFrame":[773.655,222.698,47.142,0,0,1,0,1,0,-1,0,0],"_humanoidState":8,"_cameraCFrame":[781.736,229.496,45.392,0,-0.548,0.836,0,0.836,0.548,-1,0,0],"_shiftlockState":true,"_pose":"Running","_animationQueue":[],"_animationSpeed":1.067,"_zoom":9.663},{"_mousePosition":[683,384],"_rootPartCFrame":[773.388,222.699,47.142,0,0,1,0,1,0,-1,0,0],"_humanoidState":8,"_cameraCFrame":[781.47,229.496,45.392,0,-0.548,0.836,0,0.836,0.548,-1,0,0],"_shiftlockState":true,"_pose":"Running","_animationQueue":[["walk",0.1]],"_animationSpeed":1.067,"_zoom":9.663},{"_mousePosition":[683,384],"_rootPartCFrame":[773.122,222.699,47.142,0,0,1,0,1,0,-1,0,0],"_humanoidState":8,"_cameraCFrame":[781.203,229.497,45.392,0,-0.548,0.836,0,0.836,0.548,-1,0,0],"_shiftlockState":true,"_pose":"Running","_animationQueue":[],"_animationSpeed":1.067,"_zoom":9.663},{"_mousePosition":[683,384],"_rootPartCFrame":[772.855,222.699,47.142,0,0,1,0,1,0,-1,0,0],"_humanoidState":8,"_cameraCFrame":[780.937,229.497,45.392,0,-0.548,0.836,0,0.836,0.548,-1,0,0],"_shiftlockState":true,"_pose":"Running","_animationQueue":[],"_animationSpeed":1.067,"_zoom":9.663},{"_mousePosition":[683,384],"_rootPartCFrame":[772.588,222.7,47.142,0,0,1,0,1,0,-1,0,0],"_humanoidState":8,"_cameraCFrame":[780.67,229.497,45.392,0,-0.548,0.836,0,0.836,0.548,-1,0,0],"_shiftlockState":true,"_pose":"Running","_animationQueue":[],"_animationSpeed":1.067,"_zoom":9.663},{"_mousePosition":[683,384],"_rootPartCFrame":[772.322,222.7,47.142,0,0,1,0,1,0,-1,0,0],"_humanoidState":8,"_cameraCFrame":[780.403,229.497,45.392,0,-0.548,0.836,0,0.836,0.548,-1,0,0],"_shiftlockState":true,"_pose":"Running","_animationQueue":[],"_animationSpeed":1.067,"_zoom":9.663},{"_mousePosition":[683,384],"_rootPartCFrame":[772.055,222.7,47.142,0,0,1,0,1,0,-1,0,0],"_humanoidState":8,"_cameraCFrame":[780.137,229.497,45.392,0,-0.548,0.836,0,0.836,0.548,-1,0,0],"_shiftlockState":true,"_pose":"Running","_animationQueue":[],"_animationSpeed":1.067,"_zoom":9.663},{"_mousePosition":[683,384],"_rootPartCFrame":[771.789,222.7,47.142,0,0,1,0,1,0,-1,0,0],"_humanoidState":8,"_cameraCFrame":[779.87,229.497,45.392,0,-0.548,0.836,0,0.836,0.548,-1,0,0],"_shiftlockState":true,"_pose":"Running","_animationQueue":[],"_animationSpeed":1.067,"_zoom":9.663},{"_mousePosition":[683,384],"_rootPartCFrame":[771.522,223.573,47.142,0,0,1,0,1,0,-1,0,0],"_humanoidState":3,"_cameraCFrame":[779.604,230.37,45.392,0,-0.548,0.836,0,0.836,0.548,-1,0,0],"_shiftlockState":true,"_pose":"Jumping","_animationQueue":[["walk",0.1],["walk",0.1],["jump",0.1]],"_animationSpeed":1,"_zoom":9.663},{"_mousePosition":[683,384],"_rootPartCFrame":[771.255,224.395,47.142,0,0,1,0,1,0,-1,0,0],"_humanoidState":5,"_cameraCFrame":[779.337,231.192,45.392,0,-0.548,0.836,0,0.836,0.548,-1,0,0],"_shiftlockState":true,"_pose":"FreeFall","_animationQueue":[["jump",0.1]],"_animationSpeed":1,"_zoom":9.663},{"_mousePosition":[683,384],"_rootPartCFrame":[770.989,225.162,47.142,0,0,1,0,1,0,-1,0,0],"_humanoidState":5,"_cameraCFrame":[779.07,231.96,45.392,0,-0.548,0.836,0,0.836,0.548,-1,0,0],"_shiftlockState":true,"_pose":"FreeFall","_animationQueue":[],"_animationSpeed":1,"_zoom":9.663},{"_mousePosition":[683,384],"_rootPartCFrame":[770.722,225.875,47.142,0,0,1,0,1,0,-1,0,0],"_humanoidState":5,"_cameraCFrame":[778.804,232.673,45.392,0,-0.548,0.836,0,0.836,0.548,-1,0,0],"_shiftlockState":true,"_pose":"FreeFall","_animationQueue":[],"_animationSpeed":1,"_zoom":9.663},{"_mousePosition":[683,384],"_rootPartCFrame":[770.456,226.534,47.142,0,0,1,0,1,0,-1,0,0],"_humanoidState":5,"_cameraCFrame":[778.537,233.331,45.392,0,-0.548,0.836,0,0.836,0.548,-1,0,0],"_shiftlockState":true,"_pose":"FreeFall","_animationQueue":[],"_animationSpeed":1,"_zoom":9.663},{"_mousePosition":[683,384],"_rootPartCFrame":[770.198,227.138,47.165,-0.072,0,0.997,0,1,0,-0.997,0,-0.072],"_humanoidState":5,"_cameraCFrame":[778.28,233.935,45.415,0,-0.548,0.836,0,0.836,0.548,-1,0,0],"_shiftlockState":true,"_pose":"FreeFall","_animationQueue":[],"_animationSpeed":1,"_zoom":9.663},{"_mousePosition":[683,384],"_rootPartCFrame":[769.956,227.687,47.225,-0.101,0,0.995,0,1,0,-0.995,0,-0.101],"_humanoidState":5,"_cameraCFrame":[778.038,234.485,45.475,0,-0.548,0.836,0,0.836,0.548,-1,0,0],"_shiftlockState":true,"_pose":"FreeFall","_animationQueue":[],"_animationSpeed":1,"_zoom":9.663},{"_mousePosition":[683,384],"_rootPartCFrame":[769.73,228.182,47.321,-0.104,0,0.995,0,1,0,-0.995,0,-0.104],"_humanoidState":5,"_cameraCFrame":[777.811,234.98,45.571,0,-0.548,0.836,0,0.836,0.548,-1,0,0],"_shiftlockState":true,"_pose":"FreeFall","_animationQueue":[],"_animationSpeed":1,"_zoom":9.663},{"_mousePosition":[683,384],"_rootPartCFrame":[769.518,228.623,47.454,-0.104,0,0.995,0,1,0,-0.995,0,-0.104],"_humanoidState":5,"_cameraCFrame":[777.6,235.42,45.704,0,-0.548,0.836,0,0.836,0.548,-1,0,0],"_shiftlockState":true,"_pose":"FreeFall","_animationQueue":[],"_animationSpeed":1,"_zoom":9.663},{"_mousePosition":[683,384],"_rootPartCFrame":[769.322,229.009,47.624,-0.104,0,0.995,0,1,0,-0.995,0,-0.104],"_humanoidState":5,"_cameraCFrame":[777.403,235.806,45.874,0,-0.548,0.836,0,0.836,0.548,-1,0,0],"_shiftlockState":true,"_pose":"FreeFall","_animationQueue":[],"_animationSpeed":1,"_zoom":9.663},{"_mousePosition":[683,384],"_rootPartCFrame":[769.121,229.34,47.784,-0.032,0,0.999,0,1,0,-0.999,0,-0.032],"_humanoidState":5,"_cameraCFrame":[777.203,236.138,46.034,0,-0.548,0.836,0,0.836,0.548,-1,0,0],"_shiftlockState":true,"_pose":"FreeFall","_animationQueue":[],"_animationSpeed":1,"_zoom":9.663},{"_mousePosition":[683,384],"_rootPartCFrame":[768.906,229.617,47.907,-0.004,0,1,0,1,0,-1,0,-0.004],"_humanoidState":5,"_cameraCFrame":[776.987,236.415,46.157,0,-0.548,0.836,0,0.836,0.548,-1,0,0],"_shiftlockState":true,"_pose":"FreeFall","_animationQueue":[],"_animationSpeed":1,"_zoom":9.663},{"_mousePosition":[683,384],"_rootPartCFrame":[768.675,229.84,47.994,0,0,1,0,1,0,-1,0,0],"_humanoidState":5,"_cameraCFrame":[776.757,236.637,46.244,0,-0.548,0.836,0,0.836,0.548,-1,0,0],"_shiftlockState":true,"_pose":"FreeFall","_animationQueue":[],"_animationSpeed":1,"_zoom":9.663},{"_mousePosition":[683,384],"_rootPartCFrame":[768.429,230.008,48.045,0,0,1,0,1,0,-1,0,0],"_humanoidState":5,"_cameraCFrame":[776.511,236.805,46.295,0,-0.548,0.836,0,0.836,0.548,-1,0,0],"_shiftlockState":true,"_pose":"FreeFall","_animationQueue":[],"_animationSpeed":1,"_zoom":9.663},{"_mousePosition":[683,384],"_rootPartCFrame":[768.169,230.122,48.059,0,0,1,0,1,0,-1,0,0],"_humanoidState":5,"_cameraCFrame":[776.25,236.919,46.309,0,-0.548,0.836,0,0.836,0.548,-1,0,0],"_shiftlockState":true,"_pose":"FreeFall","_animationQueue":[],"_animationSpeed":1,"_zoom":9.663},{"_mousePosition":[683,384],"_rootPartCFrame":[767.902,230.181,48.059,0,0,1,0,1,0,-1,0,0],"_humanoidState":5,"_cameraCFrame":[775.984,236.978,46.309,0,-0.548,0.836,0,0.836,0.548,-1,0,0],"_shiftlockState":true,"_pose":"FreeFall","_animationQueue":[],"_animationSpeed":1,"_zoom":9.663},{"_mousePosition":[683,384],"_rootPartCFrame":[767.833,230.186,48.059,0,0,1,0,1,0,-1,0,0],"_humanoidState":5,"_cameraCFrame":[775.915,236.984,46.309,0,-0.548,0.836,0,0.836,0.548,-1,0,0],"_shiftlockState":true,"_pose":"FreeFall","_animationQueue":[],"_animationSpeed":1,"_zoom":9.663},{"_mousePosition":[683,384],"_rootPartCFrame":[767.932,230.139,48.059,0,0,1,0,1,0,-1,0,0],"_humanoidState":5,"_cameraCFrame":[774.884,236.936,52.537,0.707,-0.388,0.591,0,0.836,0.548,-0.707,-0.388,0.591],"_shiftlockState":true,"_pose":"FreeFall","_animationQueue":[],"_animationSpeed":1,"_zoom":9.663},{"_mousePosition":[683,384],"_rootPartCFrame":[768.397,230.455,48.01,0.696,-0.046,0.717,0.078,0.997,-0.011,-0.714,0.063,0.697],"_humanoidState":7,"_cameraCFrame":[775.279,237.248,52.582,0.707,-0.388,0.591,0,0.836,0.548,-0.707,-0.388,0.591],"_shiftlockState":true,"_pose":"FreeFall","_animationQueue":[["walk",0.1]],"_animationSpeed":0.346,"_zoom":9.663},{"_mousePosition":[683,384],"_rootPartCFrame":[768.484,231.021,47.891,0.735,-0.018,0.677,0.03,1,-0.006,-0.677,0.024,0.736],"_humanoidState":7,"_cameraCFrame":[775.409,237.818,52.405,0.707,-0.388,0.591,0,0.836,0.548,-0.707,-0.388,0.591],"_shiftlockState":true,"_pose":"FreeFall","_animationQueue":[],"_animationSpeed":0.346,"_zoom":9.663},{"_mousePosition":[683,384],"_rootPartCFrame":[768.536,231.532,47.793,0.717,0.004,0.697,-0.006,1,0.001,-0.697,-0.005,0.717],"_humanoidState":8,"_cameraCFrame":[776.624,238.329,46.036,0,-0.548,0.836,0,0.836,0.548,-1,0,0],"_shiftlockState":true,"_pose":"Running","_animationQueue":[["fall",0.3],["walk",0.1],["fall",0.3],["walk",0.1]],"_animationSpeed":0.612,"_zoom":9.663},{"_mousePosition":[683,384],"_rootPartCFrame":[768.577,232.415,47.713,0.005,0.007,1,-0.019,1,-0.007,-1,-0.019,0.006],"_humanoidState":3,"_cameraCFrame":[776.67,239.213,45.936,0,-0.548,0.836,0,0.836,0.548,-1,0,0],"_shiftlockState":true,"_pose":"Jumping","_animationQueue":[["walk",0.1],["jump",0.1]],"_animationSpeed":1,"_zoom":9.663},{"_mousePosition":[683,384],"_rootPartCFrame":[768.592,233.057,47.661,0.001,0.007,1,-0.015,1,-0.007,-1,-0.015,0.002],"_humanoidState":5,"_cameraCFrame":[776.683,239.855,45.888,0,-0.548,0.836,0,0.836,0.548,-1,0,0],"_shiftlockState":true,"_pose":"FreeFall","_animationQueue":[["jump",0.1]],"_animationSpeed":1,"_zoom":9.663},{"_mousePosition":[683,384],"_rootPartCFrame":[768.568,234.059,47.586,0,0.002,1,-0.004,1,-0.002,-1,-0.004,0],"_humanoidState":5,"_cameraCFrame":[776.652,240.857,45.831,0,-0.548,0.836,0,0.836,0.548,-1,0,0],"_shiftlockState":true,"_pose":"FreeFall","_animationQueue":[],"_animationSpeed":1,"_zoom":9.663},{"_mousePosition":[683,384],"_rootPartCFrame":[768.505,234.8,47.536,0,0,1,0,1,0,-1,0,0],"_humanoidState":5,"_cameraCFrame":[776.587,241.597,45.785,0,-0.548,0.836,0,0.836,0.548,-1,0,0],"_shiftlockState":true,"_pose":"FreeFall","_animationQueue":[],"_animationSpeed":1,"_zoom":9.663},{"_mousePosition":[683,384],"_rootPartCFrame":[768.405,235.486,47.494,0,0,1,0,1,0,-1,0,0],"_humanoidState":5,"_cameraCFrame":[776.486,242.283,45.745,0,-0.548,0.836,0,0.836,0.548,-1,0,0],"_shiftlockState":true,"_pose":"FreeFall","_animationQueue":[],"_animationSpeed":1,"_zoom":9.663},{"_mousePosition":[683,384],"_rootPartCFrame":[768.266,236.117,47.462,0,0,1,0,1,0,-1,0,0],"_humanoidState":5,"_cameraCFrame":[776.347,242.915,45.713,0,-0.548,0.836,0,0.836,0.548,-1,0,0],"_shiftlockState":true,"_pose":"FreeFall","_animationQueue":[],"_animationSpeed":1,"_zoom":9.663},{"_mousePosition":[683,384],"_rootPartCFrame":[768.088,236.694,47.44,0,0,1,0,1,0,-1,0,0],"_humanoidState":5,"_cameraCFrame":[776.169,243.491,45.69,0,-0.548,0.836,0,0.836,0.548,-1,0,0],"_shiftlockState":true,"_pose":"FreeFall","_animationQueue":[],"_animationSpeed":1,"_zoom":9.663},{"_mousePosition":[683,384],"_rootPartCFrame":[767.872,237.216,47.427,0,0,1,0,1,0,-1,0,0],"_humanoidState":5,"_cameraCFrame":[775.953,244.014,45.677,0,-0.548,0.836,0,0.836,0.548,-1,0,0],"_shiftlockState":true,"_pose":"FreeFall","_animationQueue":[],"_animationSpeed":1,"_zoom":9.663},{"_mousePosition":[683,384],"_rootPartCFrame":[767.839,237.632,47.423,0.002,0.002,1,0,1,-0.002,-1,0,0.002],"_humanoidState":5,"_cameraCFrame":[775.923,244.43,45.673,0,-0.548,0.836,0,0.836,0.548,-1,0,0],"_shiftlockState":true,"_pose":"FreeFall","_animationQueue":[],"_animationSpeed":1,"_zoom":9.663},{"_mousePosition":[683,384],"_rootPartCFrame":[767.929,237.942,47.421,0,0.001,1,0,1,-0.001,-1,0,0],"_humanoidState":5,"_cameraCFrame":[776.011,244.74,45.671,0,-0.548,0.836,0,0.836,0.548,-1,0,0],"_shiftlockState":true,"_pose":"FreeFall","_animationQueue":[],"_animationSpeed":1,"_zoom":9.663},{"_mousePosition":[683,384],"_rootPartCFrame":[767.979,238.198,47.419,0,0,1,0,1,0,-1,0,0],"_humanoidState":5,"_cameraCFrame":[776.061,244.995,45.669,0,-0.548,0.836,0,0.836,0.548,-1,0,0],"_shiftlockState":true,"_pose":"FreeFall","_animationQueue":[],"_animationSpeed":1,"_zoom":9.663},{"_mousePosition":[683,384],"_rootPartCFrame":[767.99,238.399,47.417,0,0,1,0,1,0,-1,0,0],"_humanoidState":5,"_cameraCFrame":[776.071,245.196,45.667,0,-0.548,0.836,0,0.836,0.548,-1,0,0],"_shiftlockState":true,"_pose":"FreeFall","_animationQueue":[],"_animationSpeed":1,"_zoom":9.663},{"_mousePosition":[683,384],"_rootPartCFrame":[767.96,238.545,47.415,0,0,1,0,1,0,-1,0,0],"_humanoidState":5,"_cameraCFrame":[776.042,245.343,45.665,0,-0.548,0.836,0,0.836,0.548,-1,0,0],"_shiftlockState":true,"_pose":"FreeFall","_animationQueue":[],"_animationSpeed":1,"_zoom":9.663},{"_mousePosition":[683,384],"_rootPartCFrame":[767.892,238.637,47.414,0,0,1,0,1,0,-1,0,0],"_humanoidState":5,"_cameraCFrame":[775.973,245.435,45.664,0,-0.548,0.836,0,0.836,0.548,-1,0,0],"_shiftlockState":true,"_pose":"FreeFall","_animationQueue":[],"_animationSpeed":1,"_zoom":9.663},{"_mousePosition":[683,384],"_rootPartCFrame":[767.783,238.674,47.413,0,0,1,0,1,0,-1,0,0],"_humanoidState":5,"_cameraCFrame":[775.865,245.472,45.663,0,-0.548,0.836,0,0.836,0.548,-1,0,0],"_shiftlockState":true,"_pose":"FreeFall","_animationQueue":[],"_animationSpeed":1,"_zoom":9.663},{"_mousePosition":[683,384],"_rootPartCFrame":[767.803,238.665,47.416,0,0,1,0,1,0,-1,0,0],"_humanoidState":5,"_cameraCFrame":[774.755,245.463,51.893,0.707,-0.388,0.591,0,0.836,0.548,-0.707,-0.388,0.591],"_shiftlockState":true,"_pose":"FreeFall","_animationQueue":[],"_animationSpeed":1,"_zoom":9.663},{"_mousePosition":[683,384],"_rootPartCFrame":[768.35,238.809,47.382,0.694,0.02,0.72,0.012,0.999,-0.039,-0.72,0.036,0.693],"_humanoidState":7,"_cameraCFrame":[775.332,245.605,51.912,0.707,-0.388,0.591,0,0.836,0.548,-0.707,-0.388,0.591],"_shiftlockState":true,"_pose":"FreeFall","_animationQueue":[["walk",0.1]],"_animationSpeed":0.282,"_zoom":9.663},{"_mousePosition":[683,384],"_rootPartCFrame":[768.355,239.36,47.276,0.726,0.003,0.687,-0.013,1,0.009,-0.687,-0.015,0.726],"_humanoidState":7,"_cameraCFrame":[776.44,246.158,45.503,0,-0.548,0.836,0,0.836,0.548,-1,0,0],"_shiftlockState":true,"_pose":"FreeFall","_animationQueue":[],"_animationSpeed":0.282,"_zoom":9.663},{"_mousePosition":[683,384],"_rootPartCFrame":[768.377,239.959,47.196,0.006,0,1,-0.007,1,0,-1,-0.007,0.006],"_humanoidState":8,"_cameraCFrame":[776.458,246.757,45.436,0,-0.548,0.836,0,0.836,0.548,-1,0,0],"_shiftlockState":true,"_pose":"Running","_animationQueue":[["fall",0.3],["walk",0.1],["fall",0.3],["walk",0.1]],"_animationSpeed":0.432,"_zoom":9.663},{"_mousePosition":[683,384],"_rootPartCFrame":[768.386,240.622,47.164,0.001,0.003,1,0.001,1,-0.003,-1,0.001,0.001],"_humanoidState":3,"_cameraCFrame":[776.471,247.42,45.416,0,-0.548,0.836,0,0.836,0.548,-1,0,0],"_shiftlockState":true,"_pose":"Jumping","_animationQueue":[["walk",0.1],["jump",0.1]],"_animationSpeed":1,"_zoom":9.663},{"_mousePosition":[683,384],"_rootPartCFrame":[768.363,241.675,47.112,0,0.002,1,0.003,1,-0.002,-1,0.003,0],"_humanoidState":5,"_cameraCFrame":[776.447,248.473,45.367,0,-0.548,0.836,0,0.836,0.548,-1,0,0],"_shiftlockState":true,"_pose":"FreeFall","_animationQueue":[["jump",0.1]],"_animationSpeed":1,"_zoom":9.663},{"_mousePosition":[683,384],"_rootPartCFrame":[768.319,242.266,47.086,0,0.001,1,0.001,1,-0.001,-1,0.001,0],"_humanoidState":5,"_cameraCFrame":[776.402,249.064,45.338,0,-0.548,0.836,0,0.836,0.548,-1,0,0],"_shiftlockState":true,"_pose":"FreeFall","_animationQueue":[],"_animationSpeed":1,"_zoom":9.663},{"_mousePosition":[683,384],"_rootPartCFrame":[768.166,243.356,47.044,0,0,1,0,1,0,-1,0,0],"_humanoidState":5,"_cameraCFrame":[776.247,250.153,45.294,0,-0.548,0.836,0,0.836,0.548,-1,0,0],"_shiftlockState":true,"_pose":"FreeFall","_animationQueue":[],"_animationSpeed":1,"_zoom":9.663},{"_mousePosition":[683,384],"_rootPartCFrame":[768.015,244.015,47.025,0,0,1,0,1,0,-1,0,0],"_humanoidState":5,"_cameraCFrame":[776.097,250.812,45.275,0,-0.548,0.836,0,0.836,0.548,-1,0,0],"_shiftlockState":true,"_pose":"FreeFall","_animationQueue":[],"_animationSpeed":1,"_zoom":9.663},{"_mousePosition":[683,384],"_rootPartCFrame":[767.825,244.619,47.012,0,0,1,0,1,0,-1,0,0],"_humanoidState":5,"_cameraCFrame":[775.907,251.416,45.262,0,-0.548,0.836,0,0.836,0.548,-1,0,0],"_shiftlockState":true,"_pose":"FreeFall","_animationQueue":[],"_animationSpeed":1,"_zoom":9.663},{"_mousePosition":[683,384],"_rootPartCFrame":[767.851,245.099,47.007,0,0,1,0,1,0,-1,0,0],"_humanoidState":5,"_cameraCFrame":[775.933,251.896,45.257,0,-0.548,0.836,0,0.836,0.548,-1,0,0],"_shiftlockState":true,"_pose":"FreeFall","_animationQueue":[],"_animationSpeed":1,"_zoom":9.663},{"_mousePosition":[683,384],"_rootPartCFrame":[767.923,245.594,47.003,0,0,1,0,1,0,-1,0,0],"_humanoidState":5,"_cameraCFrame":[776.005,252.391,45.253,0,-0.548,0.836,0,0.836,0.548,-1,0,0],"_shiftlockState":true,"_pose":"FreeFall","_animationQueue":[["fall",0.3]],"_animationSpeed":1,"_zoom":9.663},{"_mousePosition":[683,384],"_rootPartCFrame":[767.936,245.85,47.001,0,0,1,0,1,0,-1,0,0],"_humanoidState":5,"_cameraCFrame":[776.018,252.647,45.251,0,-0.548,0.836,0,0.836,0.548,-1,0,0],"_shiftlockState":true,"_pose":"FreeFall","_animationQueue":[],"_animationSpeed":1,"_zoom":9.663},{"_mousePosition":[683,384],"_rootPartCFrame":[767.92,246.144,46.998,0,0,1,0,1,0,-1,0,0],"_humanoidState":5,"_cameraCFrame":[776.001,252.941,45.248,0,-0.548,0.836,0,0.836,0.548,-1,0,0],"_shiftlockState":true,"_pose":"FreeFall","_animationQueue":[],"_animationSpeed":1,"_zoom":9.663},{"_mousePosition":[683,384],"_rootPartCFrame":[767.863,246.383,46.996,0,0,1,0,1,0,-1,0,0],"_humanoidState":5,"_cameraCFrame":[775.945,253.18,45.246,0,-0.548,0.836,0,0.836,0.548,-1,0,0],"_shiftlockState":true,"_pose":"FreeFall","_animationQueue":[],"_animationSpeed":1,"_zoom":9.663},{"_mousePosition":[683,384],"_rootPartCFrame":[767.767,246.568,46.995,0,0,1,0,1,0,-1,0,0],"_humanoidState":5,"_cameraCFrame":[775.849,253.365,45.245,0,-0.548,0.836,0,0.836,0.548,-1,0,0],"_shiftlockState":true,"_pose":"FreeFall","_animationQueue":[],"_animationSpeed":1,"_zoom":9.663},{"_mousePosition":[683,384],"_rootPartCFrame":[767.821,246.656,46.978,0,0.001,1,0,1,-0.001,-1,0,0],"_humanoidState":5,"_cameraCFrame":[775.903,253.453,45.228,0,-0.548,0.836,0,0.836,0.548,-1,0,0],"_shiftlockState":true,"_pose":"FreeFall","_animationQueue":[],"_animationSpeed":1,"_zoom":9.663},{"_mousePosition":[683,384],"_rootPartCFrame":[767.837,246.689,46.955,0,0,1,0,1,0,-1,0,0],"_humanoidState":5,"_cameraCFrame":[775.919,253.486,45.205,0,-0.548,0.836,0,0.836,0.548,-1,0,0],"_shiftlockState":true,"_pose":"FreeFall","_animationQueue":[["fall",0.3]],"_animationSpeed":1,"_zoom":9.663},{"_mousePosition":[683,384],"_rootPartCFrame":[767.818,246.668,46.944,0,0,1,0,1,0,-1,0,0],"_humanoidState":5,"_cameraCFrame":[775.899,253.465,45.194,0,-0.548,0.836,0,0.836,0.548,-1,0,0],"_shiftlockState":true,"_pose":"FreeFall","_animationQueue":[],"_animationSpeed":1,"_zoom":9.663},{"_mousePosition":[683,384],"_rootPartCFrame":[767.787,246.594,46.916,-0.006,0.005,1,0,1,-0.005,-1,-0.001,-0.006],"_humanoidState":5,"_cameraCFrame":[774.747,253.391,51.393,0.707,-0.388,0.591,0,0.836,0.548,-0.707,-0.388,0.591],"_shiftlockState":true,"_pose":"FreeFall","_animationQueue":[],"_animationSpeed":1,"_zoom":9.663},{"_mousePosition":[683,384],"_rootPartCFrame":[768.321,246.388,46.835,0.68,-0.03,0.732,0.038,0.999,0.005,-0.732,0.025,0.681],"_humanoidState":7,"_cameraCFrame":[775.228,253.184,51.349,0.707,-0.388,0.591,0,0.836,0.548,-0.707,-0.388,0.591],"_shiftlockState":true,"_pose":"FreeFall","_animationQueue":[["walk",0.1],["fall",0.3],["fall",0.3]],"_animationSpeed":1,"_zoom":9.663},{"_mousePosition":[683,384],"_rootPartCFrame":[768.425,246.969,46.635,0.748,0,0.664,-0.001,1,0.001,-0.664,-0.002,0.748],"_humanoidState":7,"_cameraCFrame":[776.506,253.767,44.883,0,-0.548,0.836,0,0.836,0.548,-1,0,0],"_shiftlockState":true,"_pose":"FreeFall","_animationQueue":[],"_animationSpeed":1,"_zoom":9.663},{"_mousePosition":[683,384],"_rootPartCFrame":[768.429,247.136,46.575,0.012,0.005,1,-0.005,1,-0.005,-1,-0.005,0.012],"_humanoidState":8,"_cameraCFrame":[776.518,253.933,44.816,0,-0.548,0.836,0,0.836,0.548,-1,0,0],"_shiftlockState":true,"_pose":"Running","_animationQueue":[["walk",0.1],["fall",0.3],["walk",0.1]],"_animationSpeed":0.583,"_zoom":9.663},{"_mousePosition":[683,384],"_rootPartCFrame":[768.436,248.019,46.459,0.017,0.013,1,-0.01,1,-0.013,-1,-0.01,0.017],"_humanoidState":3,"_cameraCFrame":[776.537,254.817,44.693,0,-0.548,0.836,0,0.836,0.548,-1,0,0],"_shiftlockState":true,"_pose":"Jumping","_animationQueue":[["walk",0.1],["jump",0.1]],"_animationSpeed":1,"_zoom":9.663},{"_mousePosition":[683,384],"_rootPartCFrame":[768.417,248.869,46.355,0.005,0.008,1,-0.006,1,-0.008,-1,-0.006,0.005],"_humanoidState":5,"_cameraCFrame":[776.511,255.666,44.595,0,-0.548,0.836,0,0.836,0.548,-1,0,0],"_shiftlockState":true,"_pose":"FreeFall","_animationQueue":[["jump",0.1]],"_animationSpeed":1,"_zoom":9.663},{"_mousePosition":[683,384],"_rootPartCFrame":[768.361,249.663,46.267,0.001,0.002,1,-0.002,1,-0.002,-1,-0.002,0.001],"_humanoidState":5,"_cameraCFrame":[776.446,256.461,44.514,0,-0.548,0.836,0,0.836,0.548,-1,0,0],"_shiftlockState":true,"_pose":"FreeFall","_animationQueue":[],"_animationSpeed":1,"_zoom":9.663},{"_mousePosition":[683,384],"_rootPartCFrame":[768.269,250.404,46.193,0,0,1,0,1,0,-1,0,0],"_humanoidState":5,"_cameraCFrame":[776.35,257.201,44.443,0,-0.548,0.836,0,0.836,0.548,-1,0,0],"_shiftlockState":true,"_pose":"FreeFall","_animationQueue":[["jump",0.1]],"_animationSpeed":1,"_zoom":9.663},{"_mousePosition":[683,384],"_rootPartCFrame":[768.141,251.09,46.134,0,0,1,0,1,0,-1,0,0],"_humanoidState":5,"_cameraCFrame":[776.222,257.887,44.385,0,-0.548,0.836,0,0.836,0.548,-1,0,0],"_shiftlockState":true,"_pose":"FreeFall","_animationQueue":[],"_animationSpeed":1,"_zoom":9.663},{"_mousePosition":[683,384],"_rootPartCFrame":[767.977,251.721,46.091,0,0,1,0,1,0,-1,0,0],"_humanoidState":5,"_cameraCFrame":[776.058,258.519,44.341,0,-0.548,0.836,0,0.836,0.548,-1,0,0],"_shiftlockState":true,"_pose":"FreeFall","_animationQueue":[],"_animationSpeed":1,"_zoom":9.663},{"_mousePosition":[683,384],"_rootPartCFrame":[767.776,252.298,46.064,0,0,1,0,1,0,-1,0,0],"_humanoidState":5,"_cameraCFrame":[775.857,259.095,44.314,0,-0.548,0.836,0,0.836,0.548,-1,0,0],"_shiftlockState":true,"_pose":"FreeFall","_animationQueue":[],"_animationSpeed":1,"_zoom":9.663},{"_mousePosition":[683,384],"_rootPartCFrame":[767.871,252.729,46.054,0,0.004,1,0,1,-0.004,-1,0,0],"_humanoidState":5,"_cameraCFrame":[775.958,259.527,44.304,0,-0.548,0.836,0,0.836,0.548,-1,0,0],"_shiftlockState":true,"_pose":"FreeFall","_animationQueue":[],"_animationSpeed":1,"_zoom":9.663},{"_mousePosition":[683,384],"_rootPartCFrame":[767.921,253.106,46.046,0,0.002,1,0,1,-0.002,-1,0,0],"_humanoidState":5,"_cameraCFrame":[776.005,259.903,44.296,0,-0.548,0.836,0,0.836,0.548,-1,0,0],"_shiftlockState":true,"_pose":"FreeFall","_animationQueue":[],"_animationSpeed":1,"_zoom":9.663},{"_mousePosition":[683,384],"_rootPartCFrame":[767.932,253.428,46.04,0,0,1,0,1,0,-1,0,0],"_humanoidState":5,"_cameraCFrame":[776.015,260.226,44.29,0,-0.548,0.836,0,0.836,0.548,-1,0,0],"_shiftlockState":true,"_pose":"FreeFall","_animationQueue":[["fall",0.3]],"_animationSpeed":1,"_zoom":9.663},{"_mousePosition":[683,384],"_rootPartCFrame":[767.904,253.696,46.034,0,0,1,0,1,0,-1,0,0],"_humanoidState":5,"_cameraCFrame":[775.986,260.493,44.284,0,-0.548,0.836,0,0.836,0.548,-1,0,0],"_shiftlockState":true,"_pose":"FreeFall","_animationQueue":[],"_animationSpeed":1,"_zoom":9.663},{"_mousePosition":[683,384],"_rootPartCFrame":[767.836,253.909,46.03,0,0,1,0,1,0,-1,0,0],"_humanoidState":5,"_cameraCFrame":[775.918,260.707,44.28,0,-0.548,0.836,0,0.836,0.548,-1,0,0],"_shiftlockState":true,"_pose":"FreeFall","_animationQueue":[],"_animationSpeed":1,"_zoom":9.663},{"_mousePosition":[683,384],"_rootPartCFrame":[767.773,254.057,46.027,0,0,1,0,1,0,-1,0,0],"_humanoidState":5,"_cameraCFrame":[775.855,260.855,44.277,0,-0.548,0.836,0,0.836,0.548,-1,0,0],"_shiftlockState":true,"_pose":"FreeFall","_animationQueue":[],"_animationSpeed":1,"_zoom":9.663},{"_mousePosition":[683,384],"_rootPartCFrame":[767.822,254.119,46.027,0,0,1,0,1,0,-1,0,0],"_humanoidState":5,"_cameraCFrame":[775.903,260.916,44.277,0,-0.548,0.836,0,0.836,0.548,-1,0,0],"_shiftlockState":true,"_pose":"FreeFall","_animationQueue":[],"_animationSpeed":1,"_zoom":9.663},{"_mousePosition":[683,384],"_rootPartCFrame":[767.83,254.126,46.027,0,0,1,0,1,0,-1,0,0],"_humanoidState":5,"_cameraCFrame":[775.912,260.923,44.277,0,-0.548,0.836,0,0.836,0.548,-1,0,0],"_shiftlockState":true,"_pose":"FreeFall","_animationQueue":[],"_animationSpeed":1,"_zoom":9.663},{"_mousePosition":[683,384],"_rootPartCFrame":[767.799,254.078,46.027,0,0,1,0,1,0,-1,0,0],"_humanoidState":5,"_cameraCFrame":[775.88,260.875,44.277,0,-0.548,0.836,0,0.836,0.548,-1,0,0],"_shiftlockState":true,"_pose":"FreeFall","_animationQueue":[["fall",0.3]],"_animationSpeed":1,"_zoom":9.663},{"_mousePosition":[683,384],"_rootPartCFrame":[767.789,254.01,46.019,-0.004,0.005,1,-0.001,1,-0.005,-1,-0.001,-0.004],"_humanoidState":5,"_cameraCFrame":[775.878,260.807,44.268,0,-0.548,0.836,0,0.836,0.548,-1,0,0],"_shiftlockState":true,"_pose":"FreeFall","_animationQueue":[],"_animationSpeed":1,"_zoom":9.663},{"_mousePosition":[683,384],"_rootPartCFrame":[767.81,253.833,45.993,0.001,0.003,1,0,1,-0.003,-1,0,0.001],"_humanoidState":5,"_cameraCFrame":[775.896,260.63,44.243,0,-0.548,0.836,0,0.836,0.548,-1,0,0],"_shiftlockState":true,"_pose":"FreeFall","_animationQueue":[],"_animationSpeed":1,"_zoom":9.663},{"_mousePosition":[683,384],"_rootPartCFrame":[767.789,253.63,45.989,0,0.001,1,0,1,-0.001,-1,0,0],"_humanoidState":5,"_cameraCFrame":[775.872,260.427,44.239,0,-0.548,0.836,0,0.836,0.548,-1,0,0],"_shiftlockState":true,"_pose":"FreeFall","_animationQueue":[],"_animationSpeed":1,"_zoom":9.663},{"_mousePosition":[683,384],"_rootPartCFrame":[767.797,253.375,45.951,-0.004,0.004,1,0,1,-0.004,-1,0,-0.004],"_humanoidState":5,"_cameraCFrame":[774.754,260.172,50.428,0.707,-0.388,0.591,0,0.836,0.548,-0.707,-0.388,0.591],"_shiftlockState":true,"_pose":"FreeFall","_animationQueue":[],"_animationSpeed":1,"_zoom":9.663},{"_mousePosition":[683,384],"_rootPartCFrame":[768.376,253.296,45.873,0.687,-0.047,0.726,0.057,0.998,0.011,-0.725,0.034,0.688],"_humanoidState":7,"_cameraCFrame":[775.257,260.09,50.401,0.707,-0.388,0.591,0,0.836,0.548,-0.707,-0.388,0.591],"_shiftlockState":true,"_pose":"FreeFall","_animationQueue":[["walk",0.1],["fall",0.3],["fall",0.3]],"_animationSpeed":1,"_zoom":9.663},{"_mousePosition":[683,384],"_rootPartCFrame":[768.563,253.362,45.739,0.726,-0.05,0.685,0.057,0.998,0.013,-0.685,0.03,0.728],"_humanoidState":7,"_cameraCFrame":[775.439,260.157,50.26,0.707,-0.388,0.591,0,0.836,0.548,-0.707,-0.388,0.591],"_shiftlockState":true,"_pose":"FreeFall","_animationQueue":[],"_animationSpeed":1,"_zoom":9.663},{"_mousePosition":[683,384],"_rootPartCFrame":[768.686,253.377,45.627,0.733,0,0.681,0,1,0.001,-0.681,-0.001,0.733],"_humanoidState":7,"_cameraCFrame":[776.767,260.175,43.876,0,-0.548,0.836,0,0.836,0.548,-1,0,0],"_shiftlockState":true,"_pose":"FreeFall","_animationQueue":[["fall",0.3]],"_animationSpeed":1,"_zoom":9.663},{"_mousePosition":[683,384],"_rootPartCFrame":[768.833,253.334,45.478,0.017,0.011,1,-0.007,1,-0.01,-1,-0.007,0.017],"_humanoidState":8,"_cameraCFrame":[776.93,260.131,43.718,0,-0.548,0.836,0,0.836,0.548,-1,0,0],"_shiftlockState":true,"_pose":"Running","_animationQueue":[["walk",0.1],["fall",0.3],["walk",0.1]],"_animationSpeed":0.887,"_zoom":9.663},{"_mousePosition":[683,384],"_rootPartCFrame":[768.931,254.217,45.376,0.003,0.002,1,-0.001,1,-0.002,-1,-0.001,0.003],"_humanoidState":3,"_cameraCFrame":[777.015,261.015,43.624,0,-0.548,0.836,0,0.836,0.548,-1,0,0],"_shiftlockState":true,"_pose":"Jumping","_animationQueue":[["walk",0.1],["jump",0.1]],"_animationSpeed":1,"_zoom":9.663},{"_mousePosition":[683,384],"_rootPartCFrame":[769.008,255.066,45.279,0.001,-0.001,1,0.001,1,0.001,-1,0.001,0.001],"_humanoidState":5,"_cameraCFrame":[777.087,261.864,43.531,0,-0.548,0.836,0,0.836,0.548,-1,0,0],"_shiftlockState":true,"_pose":"FreeFall","_animationQueue":[["jump",0.1]],"_animationSpeed":1,"_zoom":9.663},{"_mousePosition":[683,384],"_rootPartCFrame":[769.047,255.861,45.193,0,-0.001,1,0.001,1,0.001,-1,0.001,0],"_humanoidState":5,"_cameraCFrame":[777.127,262.659,43.444,0,-0.548,0.836,0,0.836,0.548,-1,0,0],"_shiftlockState":true,"_pose":"FreeFall","_animationQueue":[],"_animationSpeed":1,"_zoom":9.663},{"_mousePosition":[683,384],"_rootPartCFrame":[769.047,256.601,45.118,0,0,1,0,1,0,-1,0,0],"_humanoidState":5,"_cameraCFrame":[777.128,263.399,43.368,0,-0.548,0.836,0,0.836,0.548,-1,0,0],"_shiftlockState":true,"_pose":"FreeFall","_animationQueue":[],"_animationSpeed":1,"_zoom":9.663},{"_mousePosition":[683,384],"_rootPartCFrame":[769.023,257.121,45.068,0,0,1,0,1,0,-1,0,0],"_humanoidState":5,"_cameraCFrame":[777.104,263.918,43.319,0,-0.548,0.836,0,0.836,0.548,-1,0,0],"_shiftlockState":true,"_pose":"FreeFall","_animationQueue":[],"_animationSpeed":1,"_zoom":9.663},{"_mousePosition":[683,384],"_rootPartCFrame":[768.934,257.918,45,0,0,1,0,1,0,-1,0,0],"_humanoidState":5,"_cameraCFrame":[777.015,264.716,43.25,0,-0.548,0.836,0,0.836,0.548,-1,0,0],"_shiftlockState":true,"_pose":"FreeFall","_animationQueue":[],"_animationSpeed":1,"_zoom":9.663},{"_mousePosition":[683,384],"_rootPartCFrame":[768.82,258.495,44.957,0,0,1,0,1,0,-1,0,0],"_humanoidState":5,"_cameraCFrame":[776.901,265.293,43.207,0,-0.548,0.836,0,0.836,0.548,-1,0,0],"_shiftlockState":true,"_pose":"FreeFall","_animationQueue":[],"_animationSpeed":1,"_zoom":9.663},{"_mousePosition":[683,384],"_rootPartCFrame":[768.667,259.017,44.924,0,0,1,0,1,0,-1,0,0],"_humanoidState":5,"_cameraCFrame":[776.749,265.815,43.174,0,-0.548,0.836,0,0.836,0.548,-1,0,0],"_shiftlockState":true,"_pose":"FreeFall","_animationQueue":[],"_animationSpeed":1,"_zoom":9.663},{"_mousePosition":[683,384],"_rootPartCFrame":[768.528,259.373,44.907,0,0,1,0,1,0,-1,0,0],"_humanoidState":5,"_cameraCFrame":[776.609,266.171,43.157,0,-0.548,0.836,0,0.836,0.548,-1,0,0],"_shiftlockState":true,"_pose":"FreeFall","_animationQueue":[],"_animationSpeed":1,"_zoom":9.663},{"_mousePosition":[683,384],"_rootPartCFrame":[768.248,259.898,44.892,0,0,1,0,1,0,-1,0,0],"_humanoidState":5,"_cameraCFrame":[776.329,266.696,43.142,0,-0.548,0.836,0,0.836,0.548,-1,0,0],"_shiftlockState":true,"_pose":"FreeFall","_animationQueue":[],"_animationSpeed":1,"_zoom":9.663},{"_mousePosition":[683,384],"_rootPartCFrame":[768.053,260.173,44.891,0,0,1,0,1,0,-1,0,0],"_humanoidState":5,"_cameraCFrame":[776.135,266.97,43.141,0,-0.548,0.836,0,0.836,0.548,-1,0,0],"_shiftlockState":true,"_pose":"FreeFall","_animationQueue":[],"_animationSpeed":1,"_zoom":9.663},{"_mousePosition":[683,384],"_rootPartCFrame":[767.787,260.491,44.891,0,0,1,0,1,0,-1,0,0],"_humanoidState":5,"_cameraCFrame":[775.868,267.288,43.141,0,-0.548,0.836,0,0.836,0.548,-1,0,0],"_shiftlockState":true,"_pose":"FreeFall","_animationQueue":[],"_animationSpeed":1,"_zoom":9.663},{"_mousePosition":[683,384],"_rootPartCFrame":[767.874,260.7,44.919,0,0,1,0,1,0,-1,0,0],"_humanoidState":5,"_cameraCFrame":[775.956,267.497,43.169,0,-0.548,0.836,0,0.836,0.548,-1,0,0],"_shiftlockState":true,"_pose":"FreeFall","_animationQueue":[],"_animationSpeed":1,"_zoom":9.663},{"_mousePosition":[683,384],"_rootPartCFrame":[767.937,260.768,44.936,0,0,1,0,1,0,-1,0,0],"_humanoidState":5,"_cameraCFrame":[776.019,267.565,43.186,0,-0.548,0.836,0,0.836,0.548,-1,0,0],"_shiftlockState":true,"_pose":"FreeFall","_animationQueue":[],"_animationSpeed":1,"_zoom":9.663},{"_mousePosition":[683,384],"_rootPartCFrame":[767.993,260.813,44.962,0,0,1,0,1,0,-1,0,0],"_humanoidState":5,"_cameraCFrame":[776.075,267.61,43.212,0,-0.548,0.836,0,0.836,0.548,-1,0,0],"_shiftlockState":true,"_pose":"FreeFall","_animationQueue":[],"_animationSpeed":1,"_zoom":9.663},{"_mousePosition":[683,384],"_rootPartCFrame":[767.994,260.788,44.979,0,0,1,0,1,0,-1,0,0],"_humanoidState":5,"_cameraCFrame":[774.946,267.585,49.456,0.707,-0.388,0.591,0,0.836,0.548,-0.707,-0.388,0.591],"_shiftlockState":true,"_pose":"FreeFall","_animationQueue":[],"_animationSpeed":1,"_zoom":9.663},{"_mousePosition":[683,384],"_rootPartCFrame":[768.339,261.193,44.914,0.704,0.004,0.71,0,1,-0.006,-0.711,0.004,0.704],"_humanoidState":7,"_cameraCFrame":[775.297,267.991,49.398,0.707,-0.388,0.591,0,0.836,0.548,-0.707,-0.388,0.591],"_shiftlockState":true,"_pose":"FreeFall","_animationQueue":[["walk",0.1]],"_animationSpeed":0.091,"_zoom":9.663},{"_mousePosition":[683,384],"_rootPartCFrame":[768.35,261.524,44.831,0.72,0.001,0.694,0.002,1,-0.004,-0.694,0.005,0.72],"_humanoidState":7,"_cameraCFrame":[776.433,268.322,43.088,0,-0.548,0.836,0,0.836,0.548,-1,0,0],"_shiftlockState":true,"_pose":"FreeFall","_animationQueue":[["fall",0.3]],"_animationSpeed":1,"_zoom":9.663},{"_mousePosition":[683,384],"_rootPartCFrame":[768.365,262,44.726,0.008,-0.001,1,0,1,0.001,-1,0,0.008],"_humanoidState":8,"_cameraCFrame":[776.446,268.798,42.976,0,-0.548,0.836,0,0.836,0.548,-1,0,0],"_shiftlockState":true,"_pose":"Running","_animationQueue":[["walk",0.1],["fall",0.3],["walk",0.1]],"_animationSpeed":0.473,"_zoom":9.663},{"_mousePosition":[683,384],"_rootPartCFrame":[768.373,262.663,44.678,0.001,-0.001,1,-0.001,1,0.001,-1,-0.001,0.001],"_humanoidState":3,"_cameraCFrame":[776.452,269.46,42.927,0,-0.548,0.836,0,0.836,0.548,-1,0,0],"_shiftlockState":true,"_pose":"Jumping","_animationQueue":[["walk",0.1],["jump",0.1]],"_animationSpeed":1,"_zoom":9.663},{"_mousePosition":[683,384],"_rootPartCFrame":[768.359,263.512,44.62,0.001,-0.001,1,-0.001,1,0.001,-1,-0.001,0.001],"_humanoidState":5,"_cameraCFrame":[776.439,270.31,42.869,0,-0.548,0.836,0,0.836,0.548,-1,0,0],"_shiftlockState":true,"_pose":"FreeFall","_animationQueue":[["jump",0.1]],"_animationSpeed":1,"_zoom":9.663},{"_mousePosition":[683,384],"_rootPartCFrame":[768.287,264.497,44.56,0,0,1,0,1,0,-1,0,0],"_humanoidState":5,"_cameraCFrame":[776.368,271.295,42.81,0,-0.548,0.836,0,0.836,0.548,-1,0,0],"_shiftlockState":true,"_pose":"FreeFall","_animationQueue":[],"_animationSpeed":1,"_zoom":9.663},{"_mousePosition":[683,384],"_rootPartCFrame":[768.215,265.047,44.531,0,0,1,0,1,0,-1,0,0],"_humanoidState":5,"_cameraCFrame":[776.297,271.845,42.781,0,-0.548,0.836,0,0.836,0.548,-1,0,0],"_shiftlockState":true,"_pose":"FreeFall","_animationQueue":[],"_animationSpeed":1,"_zoom":9.663},{"_mousePosition":[683,384],"_rootPartCFrame":[768.085,265.733,44.5,0,0,1,0,1,0,-1,0,0],"_humanoidState":5,"_cameraCFrame":[776.166,272.531,42.75,0,-0.548,0.836,0,0.836,0.548,-1,0,0],"_shiftlockState":true,"_pose":"FreeFall","_animationQueue":[],"_animationSpeed":1,"_zoom":9.663},{"_mousePosition":[683,384],"_rootPartCFrame":[767.868,266.514,44.473,0,0,1,0,1,0,-1,0,0],"_humanoidState":5,"_cameraCFrame":[775.949,273.311,42.723,0,-0.548,0.836,0,0.836,0.548,-1,0,0],"_shiftlockState":true,"_pose":"FreeFall","_animationQueue":[],"_animationSpeed":1,"_zoom":9.663},{"_mousePosition":[683,384],"_rootPartCFrame":[767.83,267.033,44.466,0.001,0.001,1,0,1,-0.001,-1,0,0.001],"_humanoidState":5,"_cameraCFrame":[775.913,273.83,42.716,0,-0.548,0.836,0,0.836,0.548,-1,0,0],"_shiftlockState":true,"_pose":"FreeFall","_animationQueue":[],"_animationSpeed":1,"_zoom":9.663},{"_mousePosition":[683,384],"_rootPartCFrame":[767.887,267.352,44.465,0,0,1,0,1,0,-1,0,0],"_humanoidState":5,"_cameraCFrame":[775.969,274.149,42.715,0,-0.548,0.836,0,0.836,0.548,-1,0,0],"_shiftlockState":true,"_pose":"FreeFall","_animationQueue":[["fall",0.3]],"_animationSpeed":1,"_zoom":9.663},{"_mousePosition":[683,384],"_rootPartCFrame":[767.929,267.731,44.465,0,0,1,0,1,0,-1,0,0],"_humanoidState":5,"_cameraCFrame":[776.01,274.528,42.715,0,-0.548,0.836,0,0.836,0.548,-1,0,0],"_shiftlockState":true,"_pose":"FreeFall","_animationQueue":[],"_animationSpeed":1,"_zoom":9.663},{"_mousePosition":[683,384],"_rootPartCFrame":[767.931,268.055,44.464,0,0,1,0,1,0,-1,0,0],"_humanoidState":5,"_cameraCFrame":[776.012,274.853,42.714,0,-0.548,0.836,0,0.836,0.548,-1,0,0],"_shiftlockState":true,"_pose":"FreeFall","_animationQueue":[],"_animationSpeed":1,"_zoom":9.663},{"_mousePosition":[683,384],"_rootPartCFrame":[767.893,268.325,44.464,0,0,1,0,1,0,-1,0,0],"_humanoidState":5,"_cameraCFrame":[775.974,275.122,42.714,0,-0.548,0.836,0,0.836,0.548,-1,0,0],"_shiftlockState":true,"_pose":"FreeFall","_animationQueue":[],"_animationSpeed":1,"_zoom":9.663},{"_mousePosition":[683,384],"_rootPartCFrame":[767.815,268.54,44.464,0,0,1,0,1,0,-1,0,0],"_humanoidState":5,"_cameraCFrame":[775.897,275.338,42.714,0,-0.548,0.836,0,0.836,0.548,-1,0,0],"_shiftlockState":true,"_pose":"FreeFall","_animationQueue":[],"_animationSpeed":1,"_zoom":9.663},{"_mousePosition":[683,384],"_rootPartCFrame":[767.785,268.679,44.471,0,-0.011,1,0,1,0.011,-1,0,0],"_humanoidState":5,"_cameraCFrame":[775.85,275.477,42.721,0,-0.548,0.836,0,0.836,0.548,-1,0,0],"_shiftlockState":true,"_pose":"FreeFall","_animationQueue":[],"_animationSpeed":1,"_zoom":9.663},{"_mousePosition":[683,384],"_rootPartCFrame":[767.814,268.742,44.484,0,-0.009,1,0,1,0.009,-1,0,0],"_humanoidState":5,"_cameraCFrame":[775.882,275.54,42.734,0,-0.548,0.836,0,0.836,0.548,-1,0,0],"_shiftlockState":true,"_pose":"FreeFall","_animationQueue":[],"_animationSpeed":1,"_zoom":9.663},{"_mousePosition":[683,384],"_rootPartCFrame":[767.805,268.751,44.495,0,-0.003,1,0,1,0.003,-1,0,0],"_humanoidState":5,"_cameraCFrame":