[{"_mousePosition":[1163,400],"_rootPartCFrame":[776.023,222.959,47.142,0.003,0.004,1,0,1,-0.004,-1,0,0.003],"_humanoidState":8,"_cameraCFrame":[784.322,229.382,47.76,0.074,-0.508,0.858,0,0.86,0.509,-0.997,-0.038,0.064],"_shiftlockState":false,"_pose":"Standing","_animationQueue":[],"_animationSpeed":1,"_zoom":9.663},{"_mousePosition":[1163,400],"_rootPartCFrame":[776.023,222.774,47.142,0.003,0,1,0,1,0,-1,0,0.003],"_humanoidState":8,"_cameraCFrame":[784.315,229.197,47.76,0.074,-0.508,0.858,0,0.86,0.509,-0.997,-0.038,0.064],"_shiftlockState":false,"_pose":"Standing","_animationQueue":[],"_animationSpeed":1,"_zoom":9.663},{"_mousePosition":[1163,400],"_rootPartCFrame":[776.023,222.689,47.142,0.003,0,1,0,1,0,-1,0,0.003],"_humanoidState":8,"_cameraCFrame":[784.315,229.112,47.76,0.074,-0.508,0.858,0,0.86,0.509,-0.997,-0.038,0.064],"_shiftlockState":false,"_pose":"Standing","_animationQueue":[],"_animationSpeed":1,"_zoom":9.663},{"_mousePosition":[1163,400],"_rootPartCFrame":[776.023,222.652,47.142,0.003,0,1,0,1,0,-1,0,0.003],"_humanoidState":8,"_cameraCFrame":[784.315,229.074,47.76,0.074,-0.508,0.858,0,0.86,0.509,-0.997,-0.038,0.064],"_shiftlockState":false,"_pose":"Standing","_animationQueue":[],"_animationSpeed":1,"_zoom":9.663},{"_mousePosition":[1163,400],"_rootPartCFrame":[776.023,222.663,47.142,0.003,0,1,0,1,0,-1,0,0.003],"_humanoidState":8,"_cameraCFrame":[784.315,229.086,47.76,0.074,-0.508,0.858,0,0.86,0.509,-0.997,-0.038,0.064],"_shiftlockState":false,"_pose":"Standing","_animationQueue":[],"_animationSpeed":1,"_zoom":9.663},{"_mousePosition":[1163,400],"_rootPartCFrame":[776.023,222.678,47.142,0.003,0,1,0,1,0,-1,0,0.003],"_humanoidState":8,"_cameraCFrame":[784.315,229.101,47.76,0.074,-0.508,0.858,0,0.86,0.509,-0.997,-0.038,0.064],"_shiftlockState":false,"_pose":"Standing","_animationQueue":[],"_animationSpeed":1,"_zoom":9.663},{"_mousePosition":[1163,400],"_rootPartCFrame":[776.023,222.688,47.142,0.003,0,1,0,1,0,-1,0,0.003],"_humanoidState":8,"_cameraCFrame":[784.315,229.111,47.76,0.074,-0.508,0.858,0,0.86,0.509,-0.997,-0.038,0.064],"_shiftlockState":false,"_pose":"Standing","_animationQueue":[],"_animationSpeed":1,"_zoom":9.663},{"_mousePosition":[1163,400],"_rootPartCFrame":[776.023,222.693,47.142,0.003,0,1,0,1,0,-1,0,0.003],"_humanoidState":8,"_cameraCFrame":[784.315,229.116,47.76,0.074,-0.508,0.858,0,0.86,0.509,-0.997,-0.038,0.064],"_shiftlockState":false,"_pose":"Standing","_animationQueue":[],"_animationSpeed":1,"_zoom":9.663},{"_mousePosition":[1163,400],"_rootPartCFrame":[775.798,222.697,47.126,0.012,0,1,0,1,0,-1,0,0.012],"_humanoidState":8,"_cameraCFrame":[784.09,229.119,47.743,0.074,-0.508,0.858,0,0.86,0.509,-0.997,-0.038,0.064],"_shiftlockState":false,"_pose":"Standing","_animationQueue":[],"_animationSpeed":1,"_zoom":9.663},{"_mousePosition":[1163,400],"_rootPartCFrame":[775.6,222.698,47.111,0.018,0,1,0,1,0,-1,0,0.018],"_humanoidState":8,"_cameraCFrame":[783.892,229.121,47.728,0.074,-0.508,0.858,0,0.86,0.509,-0.997,-0.038,0.064],"_shiftlockState":false,"_pose":"Running","_animationQueue":[["walk",0.1]],"_animationSpeed":1.066,"_zoom":9.663},{"_mousePosition":[1163,400],"_rootPartCFrame":[775.334,222.699,47.091,0.026,0,1,0,1,0,-1,0,0.026],"_humanoidState":8,"_cameraCFrame":[783.626,229.121,47.709,0.074,-0.508,0.858,0,0.86,0.509,-0.997,-0.038,0.064],"_shiftlockState":false,"_pose":"Running","_animationQueue":[],"_animationSpeed":1.066,"_zoom":9.663},{"_mousePosition":[1163,400],"_rootPartCFrame":[775.068,222.699,47.071,0.033,0,0.999,0,1,0,-0.999,0,0.033],"_humanoidState":8,"_cameraCFrame":[783.36,229.122,47.689,0.074,-0.508,0.858,0,0.86,0.509,-0.997,-0.038,0.064],"_shiftlockState":false,"_pose":"Running","_animationQueue":[],"_animationSpeed":1.066,"_zoom":9.663},{"_mousePosition":[1163,400],"_rootPartCFrame":[774.802,222.699,47.051,0.039,0,0.999,0,1,0,-0.999,0,0.039],"_humanoidState":8,"_cameraCFrame":[783.094,229.122,47.669,0.074,-0.508,0.858,0,0.86,0.509,-0.997,-0.038,0.064],"_shiftlockState":false,"_pose":"Running","_animationQueue":[],"_animationSpeed":1.066,"_zoom":9.663},{"_mousePosition":[1163,400],"_rootPartCFrame":[774.537,222.699,47.032,0.044,0,0.999,0,1,0,-0.999,0,0.044],"_humanoidState":8,"_cameraCFrame":[782.829,229.122,47.649,0.074,-0.508,0.858,0,0.86,0.509,-0.997,-0.038,0.064],"_shiftlockState":false,"_pose":"Running","_animationQueue":[],"_animationSpeed":1.066,"_zoom":9.663},{"_mousePosition":[1163,400],"_rootPartCFrame":[774.271,222.7,47.012,0.048,0,0.999,0,1,0,-0.999,0,0.048],"_humanoidState":8,"_cameraCFrame":[782.563,229.122,47.629,0.074,-0.508,0.858,0,0.86,0.509,-0.997,-0.038,0.064],"_shiftlockState":false,"_pose":"Running","_animationQueue":[],"_animationSpeed":1.066,"_zoom":9.663},{"_mousePosition":[1163,400],"_rootPartCFrame":[774.005,222.7,46.992,0.052,0,0.999,0,1,0,-0.999,0,0.052],"_humanoidState":8,"_cameraCFrame":[782.297,229.123,47.61,0.074,-0.508,0.858,0,0.86,0.509,-0.997,-0.038,0.064],"_shiftlockState":false,"_pose":"Running","_animationQueue":[["walk",0.1]],"_animationSpeed":1.066,"_zoom":9.663},{"_mousePosition":[1163,400],"_rootPartCFrame":[773.672,222.7,46.967,0.056,0,0.998,0,1,0,-0.998,0,0.056],"_humanoidState":8,"_cameraCFrame":[781.964,229.123,47.585,0.074,-0.508,0.858,0,0.86,0.509,-0.997,-0.038,0.064],"_shiftlockState":false,"_pose":"Running","_animationQueue":[],"_animationSpeed":1.066,"_zoom":9.663},{"_mousePosition":[1163,400],"_rootPartCFrame":[773.407,222.7,46.947,0.058,0,0.998,0,1,0,-0.998,0,0.058],"_humanoidState":8,"_cameraCFrame":[781.699,229.123,47.565,0.074,-0.508,0.858,0,0.86,0.509,-0.997,-0.038,0.064],"_shiftlockState":false,"_pose":"Running","_animationQueue":[],"_animationSpeed":1.066,"_zoom":9.663},{"_mousePosition":[1163,400],"_rootPartCFrame":[773.141,222.7,46.928,0.06,0,0.998,0,1,0,-0.998,0,0.06],"_humanoidState":8,"_cameraCFrame":[781.433,229.123,47.545,0.074,-0.508,0.858,0,0.86,0.509,-0.997,-0.038,0.064],"_shiftlockState":false,"_pose":"Running","_animationQueue":[],"_animationSpeed":1.066,"_zoom":9.663},{"_mousePosition":[1163,400],"_rootPartCFrame":[772.875,222.7,46.908,0.062,0,0.998,0,1,0,-0.998,0,0.062],"_humanoidState":8,"_cameraCFrame":[781.167,229.123,47.525,0.074,-0.508,0.858,0,0.86,0.509,-0.997,-0.038,0.064],"_shiftlockState":false,"_pose":"Running","_animationQueue":[],"_animationSpeed":1.066,"_zoom":9.663},{"_mousePosition":[1163,400],"_rootPartCFrame":[772.609,222.7,46.888,0.064,0,0.998,0,1,0,-0.998,0,0.064],"_humanoidState":8,"_cameraCFrame":[780.901,229.123,47.506,0.074,-0.508,0.858,0,0.86,0.509,-0.997,-0.038,0.064],"_shiftlockState":false,"_pose":"Running","_animationQueue":[],"_animationSpeed":1.066,"_zoom":9.663},{"_mousePosition":[1163,400],"_rootPartCFrame":[772.343,222.7,46.868,0.065,0,0.998,0,1,0,-0.998,0,0.065],"_humanoidState":8,"_cameraCFrame":[780.635,229.123,47.486,0.074,-0.508,0.858,0,0.86,0.509,-0.997,-0.038,0.064],"_shiftlockState":false,"_pose":"Running","_animationQueue":[],"_animationSpeed":1.066,"_zoom":9.663},{"_mousePosition":[1163,400],"_rootPartCFrame":[772.077,222.7,46.848,0.066,0,0.998,0,1,0,-0.998,0,0.066],"_humanoidState":8,"_cameraCFrame":[780.369,229.123,47.466,0.074,-0.508,0.858,0,0.86,0.509,-0.997,-0.038,0.064],"_shiftlockState":false,"_pose":"Running","_animationQueue":[["walk",0.1]],"_animationSpeed":1.066,"_zoom":9.663},{"_mousePosition":[1163,400],"_rootPartCFrame":[771.811,222.7,46.829,0.068,0,0.998,0,1,0,-0.998,0,0.068],"_humanoidState":8,"_cameraCFrame":[780.103,229.123,47.446,0.074,-0.508,0.858,0,0.86,0.509,-0.997,-0.038,0.064],"_shiftlockState":false,"_pose":"Running","_animationQueue":[],"_animationSpeed":1.066,"_zoom":9.663},{"_mousePosition":[1163,400],"_rootPartCFrame":[771.546,222.7,46.809,0.068,0,0.998,0,1,0,-0.998,0,0.068],"_humanoidState":8,"_cameraCFrame":[779.838,229.123,47.426,0.074,-0.508,0.858,0,0.86,0.509,-0.997,-0.038,0.064],"_shiftlockState":false,"_pose":"Running","_animationQueue":[],"_animationSpeed":1.066,"_zoom":9.663},{"_mousePosition":[1163,400],"_rootPartCFrame":[771.28,222.7,46.789,0.069,0,0.998,0,1,0,-0.998,0,0.069],"_humanoidState":8,"_cameraCFrame":[779.572,229.123,47.407,0.074,-0.508,0.858,0,0.86,0.509,-0.997,-0.038,0.064],"_shiftlockState":false,"_pose":"Running","_animationQueue":[],"_animationSpeed":1.066,"_zoom":9.663},{"_mousePosition":[1163,400],"_rootPartCFrame":[771.014,222.7,46.769,0.07,0,0.998,0,1,0,-0.998,0,0.07],"_humanoidState":8,"_cameraCFrame":[779.306,229.123,47.387,0.074,-0.508,0.858,0,0.86,0.509,-0.997,-0.038,0.064],"_shiftlockState":false,"_pose":"Running","_animationQueue":[],"_animationSpeed":1.066,"_zoom":9.663},{"_mousePosition":[1163,400],"_rootPartCFrame":[770.681,223.77,46.744,0.071,0,0.997,0,1,0,-0.997,0,0.071],"_humanoidState":3,"_cameraCFrame":[778.973,230.193,47.362,0.074,-0.508,0.858,0,0.86,0.509,-0.997,-0.038,0.064],"_shiftlockState":false,"_pose":"Jumping","_animationQueue":[["walk",0.1],["jump",0.1]],"_animationSpeed":1,"_zoom":9.663},{"_mousePosition":[1163,400],"_rootPartCFrame":[770.482,224.371,46.73,0.071,0,0.997,0,1,0,-0.997,0,0.071],"_humanoidState":5,"_cameraCFrame":[778.774,230.794,47.347,0.074,-0.508,0.858,0,0.86,0.509,-0.997,-0.038,0.064],"_shiftlockState":false,"_pose":"FreeFall","_animationQueue":[["jump",0.1]],"_animationSpeed":1,"_zoom":9.663},{"_mousePosition":[1163,400],"_rootPartCFrame":[770.216,225.125,46.71,0.072,0,0.997,0,1,0,-0.997,0,0.072],"_humanoidState":5,"_cameraCFrame":[778.508,231.548,47.327,0.074,-0.508,0.858,0,0.86,0.509,-0.997,-0.038,0.064],"_shiftlockState":false,"_pose":"FreeFall","_animationQueue":[],"_animationSpeed":1,"_zoom":9.663},{"_mousePosition":[1163,400],"_rootPartCFrame":[769.95,225.824,46.69,0.072,0,0.997,0,1,0,-0.997,0,0.072],"_humanoidState":5,"_cameraCFrame":[778.242,232.247,47.308,0.074,-0.508,0.858,0,0.86,0.509,-0.997,-0.038,0.064],"_shiftlockState":false,"_pose":"FreeFall","_animationQueue":[],"_animationSpeed":1,"_zoom":9.663},{"_mousePosition":[1163,400],"_rootPartCFrame":[769.684,226.469,46.67,0.072,0,0.997,0,1,0,-0.997,0,0.072],"_humanoidState":5,"_cameraCFrame":[777.976,232.892,47.288,0.074,-0.508,0.858,0,0.86,0.509,-0.997,-0.038,0.064],"_shiftlockState":false,"_pose":"FreeFall","_animationQueue":[],"_animationSpeed":1,"_zoom":9.663},{"_mousePosition":[1163,400],"_rootPartCFrame":[769.419,227.06,46.65,0.073,0,0.997,0,1,0,-0.997,0,0.073],"_humanoidState":5,"_cameraCFrame":[777.711,233.482,47.268,0.074,-0.508,0.858,0,0.86,0.509,-0.997,-0.038,0.064],"_shiftlockState":false,"_pose":"FreeFall","_animationQueue":[],"_animationSpeed":1,"_zoom":9.663},{"_mousePosition":[1163,400],"_rootPartCFrame":[769.153,227.595,46.631,0.073,0,0.997,0,1,0,-0.997,0,0.073],"_humanoidState":5,"_cameraCFrame":[777.445,234.018,47.248,0.074,-0.508,0.858,0,0.86,0.509,-0.997,-0.038,0.064],"_shiftlockState":false,"_pose":"FreeFall","_animationQueue":[],"_animationSpeed":1,"_zoom":9.663},{"_mousePosition":[1163,400],"_rootPartCFrame":[768.887,228.077,46.611,0.073,0,0.997,0,1,0,-0.997,0,0.073],"_humanoidState":5,"_cameraCFrame":[777.179,234.5,47.228,0.074,-0.508,0.858,0,0.86,0.509,-0.997,-0.038,0.064],"_shiftlockState":false,"_pose":"FreeFall","_animationQueue":[],"_animationSpeed":1,"_zoom":9.663},{"_mousePosition":[1163,400],"_rootPartCFrame":[768.621,228.504,46.591,0.073,0,0.997,0,1,0,-0.997,0,0.073],"_humanoidState":5,"_cameraCFrame":[776.913,234.927,47.209,0.074,-0.508,0.858,0,0.86,0.509,-0.997,-0.038,0.064],"_shiftlockState":false,"_pose":"FreeFall","_animationQueue":[],"_animationSpeed":1,"_zoom":9.663},{"_mousePosition":[1163,400],"_rootPartCFrame":[768.355,228.876,46.571,0.073,0,0.997,0,1,0,-0.997,0,0.073],"_humanoidState":5,"_cameraCFrame":[776.647,235.299,47.189,0.074,-0.508,0.858,0,0.86,0.509,-0.997,-0.038,0.064],"_shiftlockState":false,"_pose":"FreeFall","_animationQueue":[],"_animationSpeed":1,"_zoom":9.663},{"_mousePosition":[1163,400],"_rootPartCFrame":[768.089,229.194,46.551,0.073,0,0.997,0,1,0,-0.997,0,0.073],"_humanoidState":5,"_cameraCFrame":[776.381,235.617,47.169,0.074,-0.508,0.858,0,0.86,0.509,-0.997,-0.038,0.064],"_shiftlockState":false,"_pose":"FreeFall","_animationQueue":[],"_animationSpeed":1,"_zoom":9.663},{"_mousePosition":[1163,400],"_rootPartCFrame":[767.823,229.457,46.531,0.074,0,0.997,0,1,0,-0.997,0,0.074],"_humanoidState":5,"_cameraCFrame":[776.115,235.88,47.149,0.074,-0.508,0.858,0,0.86,0.509,-0.997,-0.038,0.064],"_shiftlockState":false,"_pose":"FreeFall","_animationQueue":[],"_animationSpeed":1,"_zoom":9.663},{"_mousePosition":[1163,400],"_rootPartCFrame":[767.557,229.666,46.512,0.074,0,0.997,0,1,0,-0.997,0,0.074],"_humanoidState":5,"_cameraCFrame":[775.849,236.089,47.129,0.074,-0.508,0.858,0,0.86,0.509,-0.997,-0.038,0.064],"_shiftlockState":false,"_pose":"FreeFall","_animationQueue":[],"_animationSpeed":1,"_zoom":9.663},{"_mousePosition":[1163,400],"_rootPartCFrame":[767.292,229.821,46.492,0.074,0,0.997,0,1,0,-0.997,0,0.074],"_humanoidState":5,"_cameraCFrame":[775.584,236.244,47.11,0.074,-0.508,0.858,0,0.86,0.509,-0.997,-0.038,0.064],"_shiftlockState":false,"_pose":"FreeFall","_animationQueue":[],"_animationSpeed":1,"_zoom":9.663},{"_mousePosition":[1163,400],"_rootPartCFrame":[767.026,229.921,46.472,0.074,0,0.997,0,1,0,-0.997,0,0.074],"_humanoidState":5,"_cameraCFrame":[775.318,236.343,47.09,0.074,-0.508,0.858,0,0.86,0.509,-0.997,-0.038,0.064],"_shiftlockState":false,"_pose":"FreeFall","_animationQueue":[],"_animationSpeed":1,"_zoom":9.663},{"_mousePosition":[1163,400],"_rootPartCFrame":[766.76,229.966,46.452,0.074,0,0.997,0,1,0,-0.997,0,0.074],"_humanoidState":5,"_cameraCFrame":[775.052,236.389,47.07,0.074,-0.508,0.858,0,0.86,0.509,-0.997,-0.038,0.064],"_shiftlockState":false,"_pose":"FreeFall","_animationQueue":[["fall",0.3]],"_animationSpeed":1,"_zoom":9.663},{"_mousePosition":[1163,400],"_rootPartCFrame":[766.494,229.957,46.432,0.074,0,0.997,0,1,0,-0.997,0,0.074],"_humanoidState":5,"_cameraCFrame":[774.786,236.38,47.05,0.074,-0.508,0.858,0,0.86,0.509,-0.997,-0.038,0.064],"_shiftlockState":false,"_pose":"FreeFall","_animationQueue":[],"_animationSpeed":1,"_zoom":9.663},{"_mousePosition":[1163,400],"_rootPartCFrame":[766.228,229.893,46.413,0.074,0,0.997,0,1,0,-0.997,0,0.074],"_humanoidState":5,"_cameraCFrame":[774.52,236.316,47.03,0.074,-0.508,0.858,0,0.86,0.509,-0.997,-0.038,0.064],"_shiftlockState":false,"_pose":"FreeFall","_animationQueue":[],"_animationSpeed":1,"_zoom":9.663},{"_mousePosition":[1163,400],"_rootPartCFrame":[765.962,229.775,46.393,0.074,0,0.997,0,1,0,-0.997,0,0.074],"_humanoidState":5,"_cameraCFrame":[774.254,236.198,47.01,0.074,-0.508,0.858,0,0.86,0.509,-0.997,-0.038,0.064],"_shiftlockState":false,"_pose":"FreeFall","_animationQueue":[],"_animationSpeed":1,"_zoom":9.663},{"_mousePosition":[1163,400],"_rootPartCFrame":[765.696,229.603,46.373,0.074,0,0.997,0,1,0,-0.997,0,0.074],"_humanoidState":5,"_cameraCFrame":[773.988,236.025,46.991,0.074,-0.508,0.858,0,0.86,0.509,-0.997,-0.038,0.064],"_shiftlockState":false,"_pose":"FreeFall","_animationQueue":[],"_animationSpeed":1,"_zoom":9.663},{"_mousePosition":[1163,400],"_rootPartCFrame":[765.438,229.375,46.377,0.002,0,1,0,1,0,-1,0,0.002],"_humanoidState":5,"_cameraCFrame":[773.73,235.798,46.994,0.074,-0.508,0.858,0,0.86,0.509,-0.997,-0.038,0.064],"_shiftlockState":false,"_pose":"FreeFall","_animationQueue":[],"_animationSpeed":1,"_zoom":9.663},{"_mousePosition":[1163,400],"_rootPartCFrame":[765.133,229.015,46.435,-0.116,0,0.993,0,1,0,-0.993,0,-0.116],"_humanoidState":5,"_cameraCFrame":[773.425,235.438,47.052,0.074,-0.508,0.858,0,0.86,0.509,-0.997,-0.038,0.064],"_shiftlockState":false,"_pose":"FreeFall","_animationQueue":[["fall",0.3]],"_animationSpeed":1,"_zoom":9.663},{"_mousePosition":[1163,400],"_rootPartCFrame":[764.959,228.758,46.498,-0.179,0,0.984,0,1,0,-0.984,0,-0.179],"_humanoidState":5,"_cameraCFrame":[773.251,235.181,47.115,0.074,-0.508,0.858,0,0.86,0.509,-0.997,-0.038,0.064],"_shiftlockState":false,"_pose":"FreeFall","_animationQueue":[],"_animationSpeed":1,"_zoom":9.663},{"_mousePosition":[1163,400],"_rootPartCFrame":[764.738,228.367,46.614,-0.252,0,0.968,0,1,0,-0.968,0,-0.252],"_humanoidState":5,"_cameraCFrame":[773.03,234.79,47.232,0.074,-0.508,0.858,0,0.86,0.509,-0.997,-0.038,0.064],"_shiftlockState":false,"_pose":"FreeFall","_animationQueue":[],"_animationSpeed":1,"_zoom":9.663},{"_mousePosition":[1163,400],"_rootPartCFrame":[764.53,227.922,46.769,-0.313,0,0.95,0,1,0,-0.95,0,-0.313],"_humanoidState":5,"_cameraCFrame":[772.822,234.345,47.387,0.074,-0.508,0.858,0,0.86,0.509,-0.997,-0.038,0.064],"_shiftlockState":false,"_pose":"FreeFall","_animationQueue":[],"_animationSpeed":1,"_zoom":9.663},{"_mousePosition":[1163,400],"_rootPartCFrame":[764.328,227.422,46.942,-0.365,0,0.931,0,1,0,-0.931,0,-0.365],"_humanoidState":5,"_cameraCFrame":[772.62,233.845,47.56,0.074,-0.508,0.858,0,0.86,0.509,-0.997,-0.038,0.064],"_shiftlockState":false,"_pose":"FreeFall","_animationQueue":[],"_animationSpeed":1,"_zoom":9.663},{"_mousePosition":[1163,400],"_rootPartCFrame":[764.125,226.868,47.116,-0.409,0,0.912,0,1,0,-0.912,0,-0.409],"_humanoidState":5,"_cameraCFrame":[772.417,233.291,47.734,0.074,-0.508,0.858,0,0.86,0.509,-0.997,-0.038,0.064],"_shiftlockState":false,"_pose":"FreeFall","_animationQueue":[],"_animationSpeed":1,"_zoom":9.663},{"_mousePosition":[1163,400],"_rootPartCFrame":[763.923,226.26,47.29,-0.446,0,0.895,0,1,0,-0.895,0,-0.446],"_humanoidState":5,"_cameraCFrame":[772.215,232.683,47.908,0.074,-0.508,0.858,0,0.86,0.509,-0.997,-0.038,0.064],"_shiftlockState":false,"_pose":"FreeFall","_animationQueue":[],"_animationSpeed":1,"_zoom":9.663},{"_mousePosition":[1163,400],"_rootPartCFrame":[763.713,225.597,47.441,-0.412,0,0.911,0,1,0,-0.911,0,-0.412],"_humanoidState":5,"_cameraCFrame":[772.005,232.02,48.058,0.074,-0.508,0.858,0,0.86,0.509,-0.997,-0.038,0.064],"_shiftlockState":false,"_pose":"FreeFall","_animationQueue":[["fall",0.3]],"_animationSpeed":1,"_zoom":9.663},{"_mousePosition":[1163,400],"_rootPartCFrame":[763.491,224.879,47.554,-0.353,0,0.936,0,1,0,-0.936,0,-0.353],"_humanoidState":5,"_cameraCFrame":[771.783,231.302,48.171,0.074,-0.508,0.858,0,0.86,0.509,-0.997,-0.038,0.064],"_shiftlockState":false,"_pose":"FreeFall","_animationQueue":[],"_animationSpeed":1,"_zoom":9.663},{"_mousePosition":[1163,400],"_rootPartCFrame":[763.257,224.107,47.629,-0.296,0,0.955,0,1,0,-0.955,0,-0.296],"_humanoidState":5,"_cameraCFrame":[771.549,230.53,48.246,0.074,-0.508,0.858,0,0.86,0.509,-0.997,-0.038,0.064],"_shiftlockState":false,"_pose":"FreeFall","_animationQueue":[],"_animationSpeed":1,"_zoom":9.663},{"_mousePosition":[1163,400],"_rootPartCFrame":[763.009,223.28,47.666,-0.245,0,0.969,0,1,0,-0.969,0,-0.245],"_humanoidState":5,"_cameraCFrame":[771.301,229.703,48.283,0.074,-0.508,0.858,0,0.86,0.509,-0.997,-0.038,0.064],"_shiftlockState":false,"_pose":"FreeFall","_animationQueue":[],"_animationSpeed":1,"_zoom":9.663},{"_mousePosition":[1163,400],"_rootPartCFrame":[762.746,222.508,47.652,-0.201,0,0.98,0,1,0,-0.98,0,-0.201],"_humanoidState":7,"_cameraCFrame":[771.038,228.931,48.27,0.074,-0.508,0.858,0,0.86,0.509,-0.997,-0.038,0.064],"_shiftlockState":false,"_pose":"FreeFall","_animationQueue":[["walk",0.1],["fall",0.3],["fall",0.3]],"_animationSpeed":1,"_zoom":9.663},{"_mousePosition":[1163,400],"_rootPartCFrame":[762.48,222.46,47.633,-0.163,0,0.987,0,1,0,-0.987,0,-0.163],"_humanoidState":7,"_cameraCFrame":[770.795,228.883,47.633,0,-0.509,0.86,0,0.86,0.509,-1,0,0],"_shiftlockState":false,"_pose":"FreeFall","_animationQueue":[],"_animationSpeed":1,"_zoom":9.663},{"_mousePosition":[1163,400],"_rootPartCFrame":[762.146,222.57,47.63,-0.133,0,0.991,0,1,0,-0.991,0,-0.133],"_humanoidState":8,"_cameraCFrame":[770.461,228.993,45.88,0,-0.509,0.86,0,0.86,0.509,-1,0,0],"_shiftlockState":true,"_pose":"Running","_animationQueue":[["walk",0.1],["fall",0.3],["walk",0.1]],"_animationSpeed":1.103,"_zoom":9.663},{"_mousePosition":[683,384],"_rootPartCFrame":[761.88,222.628,47.63,0.01,0,1,0,1,0,-1,0,0.01],"_humanoidState":8,"_cameraCFrame":[770.195,229.051,45.88,0,-0.509,0.86,0,0.86,0.509,-1,0,0],"_shiftlockState":true,"_pose":"Running","_animationQueue":[["walk",0.1]],"_animationSpeed":1.103,"_zoom":9.663},{"_mousePosition":[683,384],"_rootPartCFrame":[761.613,223.502,47.63,0.009,0,1,0,1,0,-1,0,0.009],"_humanoidState":3,"_cameraCFrame":[769.928,229.925,45.88,0,-0.509,0.86,0,0.86,0.509,-1,0,0],"_shiftlockState":true,"_pose":"Jumping","_animationQueue":[["walk",0.1],["jump",0.1]],"_animationSpeed":1,"_zoom":9.663},{"_mousePosition":[683,384],"_rootPartCFrame":[761.413,224.123,47.63,0.003,0,1,0,1,0,-1,0,0.003],"_humanoidState":5,"_cameraCFrame":[769.728,230.546,45.88,0,-0.509,0.86,0,0.86,0.509,-1,0,0],"_shiftlockState":true,"_pose":"FreeFall","_animationQueue":[["jump",0.1]],"_animationSpeed":1,"_zoom":9.663},{"_mousePosition":[683,384],"_rootPartCFrame":[761.147,224.904,47.63,0.001,0,1,0,1,0,-1,0,0.001],"_humanoidState":5,"_cameraCFrame":[769.461,231.327,45.88,0,-0.509,0.86,0,0.86,0.509,-1,0,0],"_shiftlockState":true,"_pose":"FreeFall","_animationQueue":[],"_animationSpeed":1,"_zoom":9.663},{"_mousePosition":[683,384],"_rootPartCFrame":[760.88,225.631,47.63,0,0,1,0,1,0,-1,0,0],"_humanoidState":5,"_cameraCFrame":[769.195,232.054,45.88,0,-0.509,0.86,0,0.86,0.509,-1,0,0],"_shiftlockState":true,"_pose":"FreeFall","_animationQueue":[],"_animationSpeed":1,"_zoom":9.663},{"_mousePosition":[683,384],"_rootPartCFrame":[760.547,226.463,47.63,0,0,1,0,1,0,-1,0,0],"_humanoidState":5,"_cameraCFrame":[768.862,232.886,45.88,0,-0.509,0.86,0,0.86,0.509,-1,0,0],"_shiftlockState":true,"_pose":"FreeFall","_animationQueue":[],"_animationSpeed":1,"_zoom":9.663},{"_mousePosition":[683,384],"_rootPartCFrame":[760.347,226.921,47.63,0,0,1,0,1,0,-1,0,0],"_humanoidState":5,"_cameraCFrame":[768.662,233.344,45.88,0,-0.509,0.86,0,0.86,0.509,-1,0,0],"_shiftlockState":true,"_pose":"FreeFall","_animationQueue":[],"_animationSpeed":1,"_zoom":9.663},{"_mousePosition":[683,384],"_rootPartCFrame":[760.08,227.484,47.63,0,0,1,0,1,0,-1,0,0],"_humanoidState":5,"_cameraCFrame":[768.395,233.907,45.88,0,-0.509,0.86,0,0.86,0.509,-1,0,0],"_shiftlockState":true,"_pose":"FreeFall","_animationQueue":[],"_animationSpeed":1,"_zoom":9.663},{"_mousePosition":[683,384],"_rootPartCFrame":[759.814,227.993,47.63,0,0,1,0,1,0,-1,0,0],"_humanoidState":5,"_cameraCFrame":[768.128,234.416,45.88,0,-0.509,0.86,0,0.86,0.509,-1,0,0],"_shiftlockState":true,"_pose":"FreeFall","_animationQueue":[],"_animationSpeed":1,"_zoom":9.663},{"_mousePosition":[683,384],"_rootPartCFrame":[759.547,228.447,47.63,0,0,1,0,1,0,-1,0,0],"_humanoidState":5,"_cameraCFrame":[767.862,234.87,45.88,0,-0.509,0.86,0,0.86,0.509,-1,0,0],"_shiftlockState":true,"_pose":"FreeFall","_animationQueue":[],"_animationSpeed":1,"_zoom":9.663},{"_mousePosition":[683,384],"_rootPartCFrame":[759.28,228.846,47.63,0,0,1,0,1,0,-1,0,0],"_humanoidState":5,"_cameraCFrame":[767.595,235.269,45.88,0,-0.509,0.86,0,0.86,0.509,-1,0,0],"_shiftlockState":true,"_pose":"FreeFall","_animationQueue":[],"_animationSpeed":1,"_zoom":9.663},{"_mousePosition":[683,384],"_rootPartCFrame":[759.014,229.191,47.63,0,0,1,0,1,0,-1,0,0],"_humanoidState":5,"_cameraCFrame":[767.329,235.615,45.88,0,-0.509,0.86,0,0.86,0.509,-1,0,0],"_shiftlockState":true,"_pose":"FreeFall","_animationQueue":[],"_animationSpeed":1,"_zoom":9.663},{"_mousePosition":[683,384],"_rootPartCFrame":[758.747,229.482,47.63,0,0,1,0,1,0,-1,0,0],"_humanoidState":5,"_cameraCFrame":[767.062,235.905,45.88,0,-0.509,0.86,0,0.86,0.509,-1,0,0],"_shiftlockState":true,"_pose":"FreeFall","_animationQueue":[],"_animationSpeed":1,"_zoom":9.663},{"_mousePosition":[683,384],"_rootPartCFrame":[758.481,229.718,47.63,0,0,1,0,1,0,-1,0,0],"_humanoidState":5,"_cameraCFrame":[766.795,236.141,45.88,0,-0.509,0.86,0,0.86,0.509,-1,0,0],"_shiftlockState":true,"_pose":"FreeFall","_animationQueue":[],"_animationSpeed":1,"_zoom":9.663},{"_mousePosition":[683,384],"_rootPartCFrame":[758.214,229.9,47.63,0,0,1,0,1,0,-1,0,0],"_humanoidState":5,"_cameraCFrame":[766.529,236.323,45.88,0,-0.509,0.86,0,0.86,0.509,-1,0,0],"_shiftlockState":true,"_pose":"FreeFall","_animationQueue":[],"_animationSpeed":1,"_zoom":9.663},{"_mousePosition":[683,384],"_rootPartCFrame":[757.947,230.027,47.63,0,0,1,0,1,0,-1,0,0],"_humanoidState":5,"_cameraCFrame":[766.262,236.45,45.88,0,-0.509,0.86,0,0.86,0.509,-1,0,0],"_shiftlockState":true,"_pose":"FreeFall","_animationQueue":[],"_animationSpeed":1,"_zoom":9.663},{"_mousePosition":[683,384],"_rootPartCFrame":[757.681,230.1,47.63,0,0,1,0,1,0,-1,0,0],"_humanoidState":5,"_cameraCFrame":[765.996,236.523,45.88,0,-0.509,0.86,0,0.86,0.509,-1,0,0],"_shiftlockState":true,"_pose":"FreeFall","_animationQueue":[],"_animationSpeed":1,"_zoom":9.663},{"_mousePosition":[683,384],"_rootPartCFrame":[757.414,230.118,47.63,0,0,1,0,1,0,-1,0,0],"_humanoidState":5,"_cameraCFrame":[765.729,236.541,45.88,0,-0.509,0.86,0,0.86,0.509,-1,0,0],"_shiftlockState":true,"_pose":"FreeFall","_animationQueue":[],"_animationSpeed":1,"_zoom":9.663},{"_mousePosition":[683,384],"_rootPartCFrame":[757.148,230.082,47.63,0,0,1,0,1,0,-1,0,0],"_humanoidState":5,"_cameraCFrame":[764.265,236.505,52.272,0.707,-0.36,0.608,0,0.86,0.509,-0.707,-0.36,0.608],"_shiftlockState":true,"_pose":"FreeFall","_animationQueue":[],"_animationSpeed":1,"_zoom":9.663},{"_mousePosition":[683,384],"_rootPartCFrame":[757.567,230.407,47.549,0.669,0,0.743,0.001,1,-0.001,-0.743,0.001,0.669],"_humanoidState":7,"_cameraCFrame":[764.684,236.83,52.192,0.707,-0.36,0.608,0,0.86,0.509,-0.707,-0.36,0.608],"_shiftlockState":true,"_pose":"FreeFall","_animationQueue":[["walk",0.1]],"_animationSpeed":1.103,"_zoom":9.663},{"_mousePosition":[683,384],"_rootPartCFrame":[757.598,230.745,47.429,0.723,0,0.69,0.002,1,-0.002,-0.69,0.003,0.723],"_humanoidState":7,"_cameraCFrame":[764.715,237.168,52.076,0.707,-0.36,0.608,0,0.86,0.509,-0.707,-0.36,0.608],"_shiftlockState":true,"_pose":"FreeFall","_animationQueue":[],"_animationSpeed":1.103,"_zoom":9.663},{"_mousePosition":[683,384],"_rootPartCFrame":[757.606,231.023,47.331,0.714,0,0.701,0.001,1,-0.001,-0.701,0.001,0.714],"_humanoidState":8,"_cameraCFrame":[765.921,237.446,45.582,0,-0.509,0.86,0,0.86,0.509,-1,0,0],"_shiftlockState":true,"_pose":"Running","_animationQueue":[["fall",0.3],["walk",0.1],["fall",0.3],["walk",0.1]],"_animationSpeed":0.509,"_zoom":9.663},{"_mousePosition":[683,384],"_rootPartCFrame":[757.614,232.127,47.226,0.004,0.001,1,-0.002,1,-0.001,-1,-0.002,0.004],"_humanoidState":3,"_cameraCFrame":[765.93,238.55,45.473,0,-0.509,0.86,0,0.86,0.509,-1,0,0],"_shiftlockState":true,"_pose":"Jumping","_animationQueue":[["walk",0.1],["jump",0.1]],"_animationSpeed":1,"_zoom":9.663},{"_mousePosition":[683,384],"_rootPartCFrame":[757.61,232.769,47.176,-0.048,0,0.999,-0.002,1,-0.001,-0.999,-0.002,-0.048],"_humanoidState":5,"_cameraCFrame":[765.926,239.192,45.423,0,-0.509,0.86,0,0.86,0.509,-1,0,0],"_shiftlockState":true,"_pose":"FreeFall","_animationQueue":[["jump",0.1]],"_animationSpeed":1,"_zoom":9.663},{"_mousePosition":[683,384],"_rootPartCFrame":[757.585,233.578,47.137,-0.098,0,0.995,-0.001,1,0,-0.995,-0.001,-0.098],"_humanoidState":5,"_cameraCFrame":[765.9,240.001,45.386,0,-0.509,0.86,0,0.86,0.509,-1,0,0],"_shiftlockState":true,"_pose":"FreeFall","_animationQueue":[],"_animationSpeed":1,"_zoom":9.663},{"_mousePosition":[683,384],"_rootPartCFrame":[757.521,234.511,47.134,-0.13,0,0.992,0,1,0,-0.992,0,-0.13],"_humanoidState":5,"_cameraCFrame":[765.836,240.935,45.384,0,-0.509,0.86,0,0.86,0.509,-1,0,0],"_shiftlockState":true,"_pose":"FreeFall","_animationQueue":[],"_animationSpeed":1,"_zoom":9.663},{"_mousePosition":[683,384],"_rootPartCFrame":[757.466,235.031,47.156,-0.078,0,0.997,0,1,0,-0.997,0,-0.078],"_humanoidState":5,"_cameraCFrame":[765.781,241.454,45.407,0,-0.509,0.86,0,0.86,0.509,-1,0,0],"_shiftlockState":true,"_pose":"FreeFall","_animationQueue":[],"_animationSpeed":1,"_zoom":9.663},{"_mousePosition":[683,384],"_rootPartCFrame":[757.371,235.676,47.214,-0.104,0,0.995,0,1,0,-0.995,0,-0.104],"_humanoidState":5,"_cameraCFrame":[765.686,242.099,45.464,0,-0.509,0.86,0,0.86,0.509,-1,0,0],"_shiftlockState":true,"_pose":"FreeFall","_animationQueue":[],"_animationSpeed":1,"_zoom":9.663},{"_mousePosition":[683,384],"_rootPartCFrame":[757.253,236.266,47.305,-0.104,0,0.995,0,1,0,-0.995,0,-0.104],"_humanoidState":5,"_cameraCFrame":[765.568,242.689,45.555,0,-0.509,0.86,0,0.86,0.509,-1,0,0],"_shiftlockState":true,"_pose":"FreeFall","_animationQueue":[],"_animationSpeed":1,"_zoom":9.663},{"_mousePosition":[683,384],"_rootPartCFrame":[757.112,236.802,47.427,-0.104,0,0.995,0,1,0,-0.995,0,-0.104],"_humanoidState":5,"_cameraCFrame":[765.427,243.225,45.677,0,-0.509,0.86,0,0.86,0.509,-1,0,0],"_shiftlockState":true,"_pose":"FreeFall","_animationQueue":[],"_animationSpeed":1,"_zoom":9.663},{"_mousePosition":[683,384],"_rootPartCFrame":[757.081,237.36,47.567,0.028,-0.001,1,-0.006,1,0.001,-1,-0.006,0.028],"_humanoidState":5,"_cameraCFrame":[765.395,243.783,45.809,0,-0.509,0.86,0,0.86,0.509,-1,0,0],"_shiftlockState":true,"_pose":"FreeFall","_animationQueue":[],"_animationSpeed":1,"_zoom":9.663},{"_mousePosition":[683,384],"_rootPartCFrame":[757.096,237.639,47.627,0.008,0.002,1,-0.004,1,-0.002,-1,-0.004,0.008],"_humanoidState":5,"_cameraCFrame":[765.413,244.062,45.871,0,-0.509,0.86,0,0.86,0.509,-1,0,0],"_shiftlockState":true,"_pose":"FreeFall","_animationQueue":[],"_animationSpeed":1,"_zoom":9.663},{"_mousePosition":[683,384],"_rootPartCFrame":[757.08,237.963,47.698,0.002,0.001,1,-0.001,1,-0.001,-1,-0.001,0.002],"_humanoidState":5,"_cameraCFrame":[765.396,244.386,45.946,0,-0.509,0.86,0,0.86,0.509,-1,0,0],"_shiftlockState":true,"_pose":"FreeFall","_animationQueue":[],"_animationSpeed":1,"_zoom":9.663},{"_mousePosition":[683,384],"_rootPartCFrame":[757.025,238.232,47.757,0,0,1,0,1,0,-1,0,0],"_humanoidState":5,"_cameraCFrame":[765.341,244.655,46.007,0,-0.509,0.86,0,0.86,0.509,-1,0,0],"_shiftlockState":true,"_pose":"FreeFall","_animationQueue":[],"_animationSpeed":1,"_zoom":9.663},{"_mousePosition":[683,384],"_rootPartCFrame":[757.051,238.424,47.796,0,0,1,0,1,0,-1,0,0],"_humanoidState":5,"_cameraCFrame":[765.367,244.847,46.046,0,-0.509,0.86,0,0.86,0.509,-1,0,0],"_shiftlockState":true,"_pose":"FreeFall","_animationQueue":[],"_animationSpeed":1,"_zoom":9.663},{"_mousePosition":[683,384],"_rootPartCFrame":[757.044,238.562,47.82,0,0,1,0,1,0,-1,0,0],"_humanoidState":5,"_cameraCFrame":[765.359,244.985,46.07,0,-0.509,0.86,0,0.86,0.509,-1,0,0],"_shiftlockState":true,"_pose":"FreeFall","_animationQueue":[],"_animationSpeed":1,"_zoom":9.663},{"_mousePosition":[683,384],"_rootPartCFrame":[757.034,238.64,47.839,0,0,1,0,1,0,-1,0,0],"_humanoidState":5,"_cameraCFrame":[765.349,245.064,46.089,0,-0.509,0.86,0,0.86,0.509,-1,0,0],"_shiftlockState":true,"_pose":"FreeFall","_animationQueue":[],"_animationSpeed":1,"_zoom":9.663},{"_mousePosition":[683,384],"_rootPartCFrame":[757.023,238.66,47.851,0,0,1,0,1,0,-1,0,0],"_humanoidState":5,"_cameraCFrame":[765.338,245.083,46.101,0,-0.509,0.86,0,0.86,0.509,-1,0,0],"_shiftlockState":true,"_pose":"FreeFall","_animationQueue":[],"_animationSpeed":1,"_zoom":9.663},{"_mousePosition":[683,384],"_rootPartCFrame":[757.038,238.627,47.849,0,0,1,0,1,0,-1,0,0],"_humanoidState":5,"_cameraCFrame":[765.353,245.05,46.099,0,-0.509,0.86,0,0.86,0.509,-1,0,0],"_shiftlockState":true,"_pose":"FreeFall","_animationQueue":[],"_animationSpeed":1,"_zoom":9.663},{"_mousePosition":[683,384],"_rootPartCFrame":[757.03,238.54,47.847,0,0,1,0,1,0,-1,0,0],"_humanoidState":5,"_cameraCFrame":[764.147,244.963,52.489,0.707,-0.36,0.608,0,0.86,0.509,-0.707,-0.36,0.608],"_shiftlockState":true,"_pose":"FreeFall","_animationQueue":[],"_animationSpeed":1,"_zoom":9.663},{"_mousePosition":[683,384],"_rootPartCFrame":[757.531,238.266,47.797,0.682,-0.007,0.732,0.018,1,-0.007,-0.731,0.018,0.682],"_humanoidState":7,"_cameraCFrame":[764.637,244.689,52.466,0.707,-0.36,0.608,0,0.86,0.509,-0.707,-0.36,0.608],"_shiftlockState":true,"_pose":"FreeFall","_animationQueue":[["walk",0.1]],"_animationSpeed":0.059,"_zoom":9.663},{"_mousePosition":[683,384],"_rootPartCFrame":[757.565,238.239,47.71,0.716,-0.007,0.698,0.015,1,-0.005,-0.698,0.013,0.716],"_humanoidState":7,"_cameraCFrame":[764.671,244.662,52.372,0.707,-0.36,0.608,0,0.86,0.509,-0.707,-0.36,0.608],"_shiftlockState":true,"_pose":"FreeFall","_animationQueue":[],"_animationSpeed":0.059,"_zoom":9.663},{"_mousePosition":[683,384],"_rootPartCFrame":[757.58,238.191,47.65,0.707,0.007,0.707,-0.004,1,-0.006,-0.707,0.002,0.707],"_humanoidState":8,"_cameraCFrame":[765.905,244.614,45.902,0,-0.509,0.86,0,0.86,0.509,-1,0,0],"_shiftlockState":true,"_pose":"Running","_animationQueue":[["fall",0.3],["walk",0.1],["fall",0.3],["walk",0.1]],"_animationSpeed":0.39,"_zoom":9.663},{"_mousePosition":[683,384],"_rootPartCFrame":[757.611,239.074,47.623,-0.029,0.047,0.998,-0.003,0.999,-0.048,-1,-0.005,-0.029],"_humanoidState":3,"_cameraCFrame":[765.997,245.495,45.867,0,-0.509,0.86,0,0.86,0.509,-1,0,0],"_shiftlockState":true,"_pose":"Jumping","_animationQueue":[["walk",0.1],["jump",0.1]],"_animationSpeed":1,"_zoom":9.663},{"_mousePosition":[683,384],"_rootPartCFrame":[757.602,239.924,47.6,-0.009,0.033,0.999,-0.002,0.999,-0.033,-1,-0.002,-0.009],"_humanoidState":5,"_cameraCFrame":[765.967,246.346,45.847,0,-0.509,0.86,0,0.86,0.509,-1,0,0],"_shiftlockState":true,"_pose":"FreeFall","_animationQueue":[["jump",0.1]],"_animationSpeed":1,"_zoom":9.663},{"_mousePosition":[683,384],"_rootPartCFrame":[757.55,240.719,47.581,-0.001,0.01,1,0,1,-0.01,-1,0,-0.001],"_humanoidState":5,"_cameraCFrame":[765.88,247.142,45.83,0,-0.509,0.86,0,0.86,0.509,-1,0,0],"_shiftlockState":true,"_pose":"FreeFall","_animationQueue":[],"_animationSpeed":1,"_zoom":9.663},{"_mousePosition":[683,384],"_rootPartCFrame":[757.463,241.46,47.564,0,0.001,1,0,1,-0.001,-1,0,0],"_humanoidState":5,"_cameraCFrame":[765.779,247.883,45.814,0,-0.509,0.86,0,0.86,0.509,-1,0,0],"_shiftlockState":true,"_pose":"FreeFall","_animationQueue":[],"_animationSpeed":1,"_zoom":9.663},{"_mousePosition":[683,384],"_rootPartCFrame":[757.338,242.146,47.551,0,-0.001,1,0,1,0.001,-1,0,0],"_humanoidState":5,"_cameraCFrame":[765.652,248.569,45.801,0,-0.509,0.86,0,0.86,0.509,-1,0,0],"_shiftlockState":true,"_pose":"FreeFall","_animationQueue":[],"_animationSpeed":1,"_zoom":9.663},{"_mousePosition":[683,384],"_rootPartCFrame":[757.175,242.778,47.542,0,0,1,0,1,0,-1,0,0],"_humanoidState":5,"_cameraCFrame":[765.489,249.201,45.792,0,-0.509,0.86,0,0.86,0.509,-1,0,0],"_shiftlockState":true,"_pose":"FreeFall","_animationQueue":[],"_animationSpeed":1,"_zoom":9.663},{"_mousePosition":[683,384],"_rootPartCFrame":[757.069,243.331,47.536,0.001,0.001,1,0,1,-0.001,-1,0,0.001],"_humanoidState":5,"_cameraCFrame":[765.386,249.754,45.786,0,-0.509,0.86,0,0.86,0.509,-1,0,0],"_shiftlockState":true,"_pose":"FreeFall","_animationQueue":[],"_animationSpeed":1,"_zoom":9.663},{"_mousePosition":[683,384],"_rootPartCFrame":[757.148,243.757,47.533,0,0.001,1,0,1,-0.001,-1,0,0],"_humanoidState":5,"_cameraCFrame":[765.464,250.18,45.783,0,-0.509,0.86,0,0.86,0.509,-1,0,0],"_shiftlockState":true,"_pose":"FreeFall","_animationQueue":[],"_animationSpeed":1,"_zoom":9.663},{"_mousePosition":[683,384],"_rootPartCFrame":[757.193,244.129,47.545,-0.072,0,0.997,0,1,0,-0.997,0,-0.072],"_humanoidState":5,"_cameraCFrame":[765.508,250.552,45.795,0,-0.509,0.86,0,0.86,0.509,-1,0,0],"_shiftlockState":true,"_pose":"FreeFall","_animationQueue":[],"_animationSpeed":1,"_zoom":9.663},{"_mousePosition":[683,384],"_rootPartCFrame":[757.205,244.446,47.581,-0.101,0,0.995,0,1,0,-0.995,0,-0.101],"_humanoidState":5,"_cameraCFrame":[765.52,250.869,45.831,0,-0.509,0.86,0,0.86,0.509,-1,0,0],"_shiftlockState":true,"_pose":"FreeFall","_animationQueue":[],"_animationSpeed":1,"_zoom":9.663},{"_mousePosition":[683,384],"_rootPartCFrame":[757.187,244.708,47.641,-0.104,0,0.995,0,1,0,-0.995,0,-0.104],"_humanoidState":5,"_cameraCFrame":[765.501,251.132,45.891,0,-0.509,0.86,0,0.86,0.509,-1,0,0],"_shiftlockState":true,"_pose":"FreeFall","_animationQueue":[],"_animationSpeed":1,"_zoom":9.663},{"_mousePosition":[683,384],"_rootPartCFrame":[757.136,244.917,47.725,-0.104,0,0.995,0,1,0,-0.995,0,-0.104],"_humanoidState":5,"_cameraCFrame":[765.451,251.34,45.975,0,-0.509,0.86,0,0.86,0.509,-1,0,0],"_shiftlockState":true,"_pose":"FreeFall","_animationQueue":[],"_animationSpeed":1,"_zoom":9.663},{"_mousePosition":[683,384],"_rootPartCFrame":[757.099,245.065,47.834,-0.068,0,0.998,-0.003,1,-0.001,-0.998,-0.003,-0.068],"_humanoidState":5,"_cameraCFrame":[765.414,251.488,46.079,0,-0.509,0.86,0,0.86,0.509,-1,0,0],"_shiftlockState":true,"_pose":"FreeFall","_animationQueue":[],"_animationSpeed":1,"_zoom":9.663},{"_mousePosition":[683,384],"_rootPartCFrame":[757.13,245.141,47.965,-0.06,0,0.998,-0.004,1,0,-0.998,-0.004,-0.06],"_humanoidState":5,"_cameraCFrame":[765.446,251.564,46.209,0,-0.509,0.86,0,0.86,0.509,-1,0,0],"_shiftlockState":true,"_pose":"FreeFall","_animationQueue":[],"_animationSpeed":1,"_zoom":9.663},{"_mousePosition":[683,384],"_rootPartCFrame":[757.124,245.163,48.107,-0.099,0,0.995,-0.002,1,0,-0.995,-0.002,-0.099],"_humanoidState":5,"_cameraCFrame":[765.439,251.587,46.354,0,-0.509,0.86,0,0.86,0.509,-1,0,0],"_shiftlockState":true,"_pose":"FreeFall","_animationQueue":[],"_animationSpeed":1,"_zoom":9.663},{"_mousePosition":[683,384],"_rootPartCFrame":[757.081,245.131,48.239,-0.032,0,0.999,0,1,0,-0.999,0,-0.032],"_humanoidState":5,"_cameraCFrame":[765.396,251.554,46.489,0,-0.509,0.86,0,0.86,0.509,-1,0,0],"_shiftlockState":true,"_pose":"FreeFall","_animationQueue":[],"_animationSpeed":1,"_zoom":9.663},{"_mousePosition":[683,384],"_rootPartCFrame":[757.023,245.046,48.358,0.01,0,1,0.001,1,0,-1,0.001,0.01],"_humanoidState":5,"_cameraCFrame":[764.14,251.47,53.002,0.707,-0.36,0.608,0,0.86,0.509,-0.707,-0.36,0.608],"_shiftlockState":true,"_pose":"FreeFall","_animationQueue":[],"_animationSpeed":1,"_zoom":9.663},{"_mousePosition":[683,384],"_rootPartCFrame":[757.647,245.429,48.35,0.713,-0.044,0.7,0.034,0.999,0.028,-0.7,0.004,0.714],"_humanoidState":7,"_cameraCFrame":[764.698,251.851,52.999,0.707,-0.36,0.608,0,0.86,0.509,-0.707,-0.36,0.608],"_shiftlockState":true,"_pose":"FreeFall","_animationQueue":[["walk",0.1]],"_animationSpeed":0.541,"_zoom":9.663},{"_mousePosition":[683,384],"_rootPartCFrame":[757.746,245.989,48.279,0.739,-0.018,0.674,0.014,1,0.011,-0.674,0.001,0.739],"_humanoidState":7,"_cameraCFrame":[764.837,252.411,52.923,0.707,-0.36,0.608,0,0.86,0.509,-0.707,-0.36,0.608],"_shiftlockState":true,"_pose":"FreeFall","_animationQueue":[],"_animationSpeed":0.541,"_zoom":9.663},{"_mousePosition":[683,384],"_rootPartCFrame":[757.81,246.493,48.219,0.718,0.003,0.696,-0.002,1,-0.002,-0.696,0,0.718],"_humanoidState":8,"_cameraCFrame":[766.129,252.916,46.469,0,-0.509,0.86,0,0.86,0.509,-1,0,0],"_shiftlockState":true,"_pose":"Running","_animationQueue":[["fall",0.3],["walk",0.1],["fall",0.3],["walk",0.1]],"_animationSpeed":0.486,"_zoom":9.663},{"_mousePosition":[683,384],"_rootPartCFrame":[757.859,247.376,48.17,0.006,0.011,1,-0.004,1,-0.011,-1,-0.004,0.006],"_humanoidState":3,"_cameraCFrame":[766.189,253.799,46.414,0,-0.509,0.86,0,0.86,0.509,-1,0,0],"_shiftlockState":true,"_pose":"Jumping","_animationQueue":[["walk",0.1],["jump",0.1]],"_animationSpeed":1,"_zoom":9.663},{"_mousePosition":[683,384],"_rootPartCFrame":[757.879,248.226,48.125,0.002,0.007,1,-0.002,1,-0.007,-1,-0.002,0.002],"_humanoidState":5,"_cameraCFrame":[766.205,254.649,46.372,0,-0.509,0.86,0,0.86,0.509,-1,0,0],"_shiftlockState":true,"_pose":"FreeFall","_animationQueue":[["jump",0.1]],"_animationSpeed":1,"_zoom":9.663},{"_mousePosition":[683,384],"_rootPartCFrame":[757.861,249.02,48.086,0,0.002,1,-0.001,1,-0.002,-1,-0.001,0],"_humanoidState":5,"_cameraCFrame":[766.179,255.444,46.335,0,-0.509,0.86,0,0.86,0.509,-1,0,0],"_shiftlockState":true,"_pose":"FreeFall","_animationQueue":[],"_animationSpeed":1,"_zoom":9.663},{"_mousePosition":[683,384],"_rootPartCFrame":[757.803,249.761,48.053,0,0,1,0,1,0,-1,0,0],"_humanoidState":5,"_cameraCFrame":[766.118,256.184,46.303,0,-0.509,0.86,0,0.86,0.509,-1,0,0],"_shiftlockStat