[{"_mousePosition":[798,338],"_rootPartCFrame":[776.025,222.7,47.142,0.002,0,1,0,1,0,-1,0,0.002],"_humanoidState":8,"_cameraCFrame":[775.867,236.508,44.966,-0.997,0.071,-0.013,0,0.175,0.985,0.072,0.982,-0.174],"_shiftlockState":false,"_pose":"Standing","_animationQueue":[],"_animationSpeed":1,"_zoom":12.5},{"_mousePosition":[798,338],"_rootPartCFrame":[775.854,222.695,47.155,-0.006,0,1,0,1,0,-1,0,-0.006],"_humanoidState":8,"_cameraCFrame":[775.701,236.503,44.978,-0.998,0.069,-0.012,0,0.175,0.985,0.07,0.982,-0.174],"_shiftlockState":false,"_pose":"Standing","_animationQueue":[],"_animationSpeed":1,"_zoom":12.5},{"_mousePosition":[798,338],"_rootPartCFrame":[775.59,222.696,47.174,-0.015,0,1,0,1,0,-1,0,-0.015],"_humanoidState":8,"_cameraCFrame":[775.443,236.504,44.997,-0.998,0.066,-0.012,0,0.175,0.985,0.067,0.982,-0.174],"_shiftlockState":false,"_pose":"Running","_animationQueue":[["walk",0.1]],"_animationSpeed":1.003,"_zoom":12.5},{"_mousePosition":[798,338],"_rootPartCFrame":[775.324,222.698,47.193,-0.022,0,1,0,1,0,-1,0,-0.022],"_humanoidState":8,"_cameraCFrame":[775.182,236.506,45.015,-0.998,0.064,-0.011,0,0.175,0.985,0.065,0.983,-0.174],"_shiftlockState":false,"_pose":"Running","_animationQueue":[["walk",0.1]],"_animationSpeed":1.101,"_zoom":12.5},{"_mousePosition":[798,338],"_rootPartCFrame":[775.058,222.699,47.211,-0.028,0,1,0,1,0,-1,0,-0.028],"_humanoidState":8,"_cameraCFrame":[774.922,236.507,45.033,-0.998,0.061,-0.011,0,0.175,0.985,0.062,0.983,-0.174],"_shiftlockState":false,"_pose":"Running","_animationQueue":[],"_animationSpeed":1.101,"_zoom":12.5},{"_mousePosition":[798,338],"_rootPartCFrame":[774.792,222.699,47.228,-0.033,0,0.999,0,1,0,-0.999,0,-0.033],"_humanoidState":8,"_cameraCFrame":[774.672,236.507,45.049,-0.999,0.054,-0.01,0,0.175,0.985,0.055,0.983,-0.174],"_shiftlockState":false,"_pose":"Running","_animationQueue":[],"_animationSpeed":1.101,"_zoom":12.5},{"_mousePosition":[798,338],"_rootPartCFrame":[774.525,222.699,47.245,-0.037,0,0.999,0,1,0,-0.999,0,-0.037],"_humanoidState":8,"_cameraCFrame":[774.418,236.509,45.077,-0.999,0.049,-0.009,0,0.174,0.985,0.05,0.984,-0.173],"_shiftlockState":false,"_pose":"Running","_animationQueue":[],"_animationSpeed":1.101,"_zoom":12.5},{"_mousePosition":[798,338],"_rootPartCFrame":[774.259,222.699,47.26,-0.04,0,0.999,0,1,0,-0.999,0,-0.04],"_humanoidState":8,"_cameraCFrame":[772.414,236.51,45.169,-0.999,0.044,-0.008,0,0.174,0.985,0.045,0.984,-0.173],"_shiftlockState":true,"_pose":"Running","_animationQueue":[],"_animationSpeed":1.101,"_zoom":12.5},{"_mousePosition":[683,357.5],"_rootPartCFrame":[773.926,222.7,47.276,-0.99,0,-0.142,0,1,0,0.142,0,-0.99],"_humanoidState":8,"_cameraCFrame":[772.081,236.51,45.186,-0.999,0.044,-0.008,0,0.174,0.985,0.045,0.984,-0.173],"_shiftlockState":true,"_pose":"Running","_animationQueue":[["walk",0.1]],"_animationSpeed":1.101,"_zoom":12.5},{"_mousePosition":[683,357.5],"_rootPartCFrame":[773.727,222.7,47.285,-0.997,0,-0.072,0,1,0,0.072,0,-0.997],"_humanoidState":8,"_cameraCFrame":[771.897,236.51,45.181,-0.999,0.036,-0.006,0,0.174,0.985,0.037,0.984,-0.174],"_shiftlockState":true,"_pose":"Running","_animationQueue":[],"_animationSpeed":1.101,"_zoom":12.5},{"_mousePosition":[683,357.5],"_rootPartCFrame":[773.46,222.7,47.297,-0.999,0,-0.043,0,1,0,0.043,0,-0.999],"_humanoidState":8,"_cameraCFrame":[771.647,236.51,45.179,-1,0.029,-0.005,0,0.174,0.985,0.029,0.984,-0.174],"_shiftlockState":true,"_pose":"Running","_animationQueue":[],"_animationSpeed":1.101,"_zoom":12.5},{"_mousePosition":[683,357.5],"_rootPartCFrame":[773.194,222.7,47.308,-1,0,-0.03,0,1,0,0.03,0,-1],"_humanoidState":8,"_cameraCFrame":[771.397,236.51,45.176,-1,0.022,-0.004,0,0.174,0.985,0.022,0.985,-0.174],"_shiftlockState":true,"_pose":"Running","_animationQueue":[],"_animationSpeed":1.101,"_zoom":12.5},{"_mousePosition":[683,357.5],"_rootPartCFrame":[772.927,222.7,47.316,-1,0,-0.022,0,1,0,0.022,0,-1],"_humanoidState":8,"_cameraCFrame":[771.141,236.51,45.175,-1,0.017,-0.003,0,0.174,0.985,0.017,0.985,-0.174],"_shiftlockState":true,"_pose":"Running","_animationQueue":[],"_animationSpeed":1.101,"_zoom":12.5},{"_mousePosition":[683,357.5],"_rootPartCFrame":[772.661,222.7,47.322,-1,0,-0.017,0,1,0,0.017,0,-1],"_humanoidState":8,"_cameraCFrame":[770.88,236.51,45.176,-1,0.014,-0.002,0,0.174,0.985,0.014,0.985,-0.174],"_shiftlockState":true,"_pose":"Running","_animationQueue":[],"_animationSpeed":1.101,"_zoom":12.5},{"_mousePosition":[683,357.5],"_rootPartCFrame":[772.394,222.7,47.326,-1,0,-0.014,0,1,0,0.014,0,-1],"_humanoidState":8,"_cameraCFrame":[770.613,236.51,45.181,-1,0.014,-0.002,0,0.174,0.985,0.014,0.985,-0.174],"_shiftlockState":true,"_pose":"Running","_animationQueue":[],"_animationSpeed":1.101,"_zoom":12.5},{"_mousePosition":[683,357.5],"_rootPartCFrame":[772.127,222.7,47.33,-1,0,-0.014,0,1,0,0.014,0,-1],"_humanoidState":8,"_cameraCFrame":[770.347,236.51,45.185,-1,0.014,-0.002,0,0.174,0.985,0.014,0.985,-0.174],"_shiftlockState":true,"_pose":"Running","_animationQueue":[["walk",0.1]],"_animationSpeed":1.101,"_zoom":12.5},{"_mousePosition":[683,357.5],"_rootPartCFrame":[771.861,222.7,47.334,-1,0,-0.014,0,1,0,0.014,0,-1],"_humanoidState":8,"_cameraCFrame":[770.085,234.359,45.568,-1,0.014,-0.002,0,0.174,0.985,0.014,0.985,-0.174],"_shiftlockState":true,"_pose":"Running","_animationQueue":[],"_animationSpeed":1.101,"_zoom":12.5},{"_mousePosition":[683,357.5],"_rootPartCFrame":[771.527,222.7,47.339,-1,0,-0.014,0,1,0,0.014,0,-1],"_humanoidState":8,"_cameraCFrame":[769.752,234.364,45.572,-1,0.014,-0.002,0,0.174,0.985,0.014,0.985,-0.174],"_shiftlockState":true,"_pose":"Running","_animationQueue":[],"_animationSpeed":1.101,"_zoom":12.5},{"_mousePosition":[683,357],"_rootPartCFrame":[771.261,222.7,47.343,-1,0,-0.014,0,1,0,0.014,0,-1],"_humanoidState":8,"_cameraCFrame":[769.485,234.386,45.572,-1,0.014,-0.002,0,0.174,0.985,0.014,0.985,-0.174],"_shiftlockState":true,"_pose":"Running","_animationQueue":[],"_animationSpeed":1.101,"_zoom":12.5},{"_mousePosition":[683,357],"_rootPartCFrame":[770.994,222.7,47.347,-1,0,-0.014,0,1,0,0.014,0,-1],"_humanoidState":8,"_cameraCFrame":[769.219,234.407,45.572,-1,0.014,-0.002,0,0.174,0.985,0.014,0.985,-0.174],"_shiftlockState":true,"_pose":"Running","_animationQueue":[],"_animationSpeed":1.101,"_zoom":12.5},{"_mousePosition":[683,357],"_rootPartCFrame":[770.794,222.7,47.349,-1,0,-0.014,0,1,0,0.014,0,-1],"_humanoidState":8,"_cameraCFrame":[769.018,234.584,45.543,-1,0.014,-0.002,0,0.174,0.985,0.014,0.985,-0.174],"_shiftlockState":true,"_pose":"Running","_animationQueue":[],"_animationSpeed":1.101,"_zoom":12.5},{"_mousePosition":[683,357.5],"_rootPartCFrame":[770.528,222.7,47.353,-1,0,-0.014,0,1,0,0.014,0,-1],"_humanoidState":8,"_cameraCFrame":[768.751,234.91,45.49,-1,0.014,-0.002,0,0.174,0.985,0.014,0.985,-0.174],"_shiftlockState":true,"_pose":"Running","_animationQueue":[["walk",0.1]],"_animationSpeed":1.101,"_zoom":12.5},{"_mousePosition":[683,357.5],"_rootPartCFrame":[770.061,222.7,47.36,-1,0,-0.014,0,1,0,0.014,0,-1],"_humanoidState":8,"_cameraCFrame":[768.254,235.335,45.449,-1,0.029,-0.005,0,0.174,0.985,0.029,0.984,-0.174],"_shiftlockState":true,"_pose":"Running","_animationQueue":[],"_animationSpeed":1.101,"_zoom":12.5},{"_mousePosition":[683,357.5],"_rootPartCFrame":[769.928,222.689,47.362,-1,0,-0.029,0,1,0,0.029,0,-1],"_humanoidState":8,"_cameraCFrame":[768.066,235.583,45.456,-0.998,0.056,-0.01,0,0.174,0.985,0.057,0.983,-0.173],"_shiftlockState":true,"_pose":"Running","_animationQueue":[],"_animationSpeed":1.101,"_zoom":12.5},{"_mousePosition":[683,357.5],"_rootPartCFrame":[769.661,222.628,47.366,-0.998,0,-0.057,0,1,0,0.057,0,-0.998],"_humanoidState":8,"_cameraCFrame":[767.715,235.766,45.499,-0.995,0.099,-0.017,0,0.174,0.985,0.1,0.98,-0.173],"_shiftlockState":true,"_pose":"Running","_animationQueue":[],"_animationSpeed":1.101,"_zoom":12.5},{"_mousePosition":[683,357.5],"_rootPartCFrame":[769.461,222.546,47.368,-0.995,0,-0.1,0,1,0,0.1,0,-0.995],"_humanoidState":8,"_cameraCFrame":[767.426,235.891,45.556,-0.989,0.143,-0.025,0,0.174,0.985,0.145,0.974,-0.172],"_shiftlockState":true,"_pose":"Running","_animationQueue":[],"_animationSpeed":1.101,"_zoom":12.5},{"_mousePosition":[683,357.5],"_rootPartCFrame":[769.195,222.39,47.372,-0.989,0,-0.145,0,1,0,0.145,0,-0.989],"_humanoidState":8,"_cameraCFrame":[767.031,235.869,45.686,-0.977,0.212,-0.037,0,0.174,0.985,0.215,0.962,-0.17],"_shiftlockState":true,"_pose":"Running","_animationQueue":[],"_animationSpeed":1.101,"_zoom":12.5},{"_mousePosition":[683,357.5],"_rootPartCFrame":[768.861,223.473,47.377,-0.977,0,-0.215,0,1,0,0.215,0,-0.977],"_humanoidState":3,"_cameraCFrame":[766.665,237.051,45.712,-0.973,0.229,-0.04,0,0.174,0.985,0.232,0.958,-0.169],"_shiftlockState":true,"_pose":"Jumping","_animationQueue":[["walk",0.1],["walk",0.1],["jump",0.1]],"_animationSpeed":1,"_zoom":12.5},{"_mousePosition":[683,357.5],"_rootPartCFrame":[768.663,224.085,47.395,-0.985,0,-0.171,0,1,0,0.171,0,-0.985],"_humanoidState":5,"_cameraCFrame":[766.413,237.737,45.785,-0.965,0.258,-0.045,0,0.174,0.985,0.262,0.95,-0.168],"_shiftlockState":true,"_pose":"FreeFall","_animationQueue":[["jump",0.1]],"_animationSpeed":1,"_zoom":12.5},{"_mousePosition":[683,357.5],"_rootPartCFrame":[768.403,224.852,47.449,-0.99,0,-0.139,0,1,0,0.139,0,-0.99],"_humanoidState":5,"_cameraCFrame":[766.122,238.558,45.869,-0.96,0.275,-0.048,0,0.174,0.985,0.279,0.946,-0.167],"_shiftlockState":true,"_pose":"FreeFall","_animationQueue":[],"_animationSpeed":1,"_zoom":12.5},{"_mousePosition":[683,357.5],"_rootPartCFrame":[768.081,225.735,47.534,-0.993,0,-0.117,0,1,0,0.117,0,-0.993],"_humanoidState":5,"_cameraCFrame":[765.791,239.472,45.962,-0.959,0.279,-0.049,0,0.174,0.985,0.284,0.944,-0.167],"_shiftlockState":true,"_pose":"FreeFall","_animationQueue":[],"_animationSpeed":1,"_zoom":12.5},{"_mousePosition":[683,357.5],"_rootPartCFrame":[767.824,226.38,47.608,-0.988,0,-0.154,0,1,0,0.154,0,-0.988],"_humanoidState":5,"_cameraCFrame":[765.525,240.141,46.043,-0.957,0.284,-0.05,0,0.174,0.985,0.288,0.943,-0.166],"_shiftlockState":true,"_pose":"FreeFall","_animationQueue":[],"_animationSpeed":1,"_zoom":12.5},{"_mousePosition":[683,357.5],"_rootPartCFrame":[767.569,226.97,47.684,-0.987,0,-0.159,0,1,0,0.159,0,-0.987],"_humanoidState":5,"_cameraCFrame":[765.249,240.748,46.145,-0.954,0.296,-0.052,0,0.174,0.985,0.301,0.939,-0.166],"_shiftlockState":true,"_pose":"FreeFall","_animationQueue":[],"_animationSpeed":1,"_zoom":12.5},{"_mousePosition":[683,357.5],"_rootPartCFrame":[767.313,227.506,47.76,-0.985,0,-0.171,0,1,0,0.171,0,-0.985],"_humanoidState":5,"_cameraCFrame":[764.951,241.294,46.285,-0.945,0.322,-0.057,0,0.174,0.985,0.327,0.931,-0.164],"_shiftlockState":true,"_pose":"FreeFall","_animationQueue":[],"_animationSpeed":1,"_zoom":12.5},{"_mousePosition":[683,357.5],"_rootPartCFrame":[767.059,227.988,47.84,-0.98,0,-0.199,0,1,0,0.199,0,-0.98],"_humanoidState":5,"_cameraCFrame":[764.638,241.784,46.46,-0.931,0.359,-0.063,0,0.174,0.985,0.365,0.917,-0.162],"_shiftlockState":true,"_pose":"FreeFall","_animationQueue":[],"_animationSpeed":1,"_zoom":12.5},{"_mousePosition":[683,357.5],"_rootPartCFrame":[766.807,228.415,47.926,-0.971,0,-0.238,0,1,0,0.238,0,-0.971],"_humanoidState":5,"_cameraCFrame":[764.322,242.215,46.663,-0.912,0.403,-0.071,0,0.174,0.985,0.409,0.899,-0.158],"_shiftlockState":true,"_pose":"FreeFall","_animationQueue":[],"_animationSpeed":1,"_zoom":12.5},{"_mousePosition":[683,357.5],"_rootPartCFrame":[766.558,228.787,48.022,-0.959,0,-0.284,0,1,0,0.284,0,-0.959],"_humanoidState":5,"_cameraCFrame":[764.012,242.591,46.886,-0.891,0.448,-0.079,0,0.174,0.985,0.455,0.877,-0.155],"_shiftlockState":true,"_pose":"FreeFall","_animationQueue":[],"_animationSpeed":1,"_zoom":12.5},{"_mousePosition":[683,357.5],"_rootPartCFrame":[766.314,229.105,48.129,-0.943,0,-0.333,0,1,0,0.333,0,-0.943],"_humanoidState":5,"_cameraCFrame":[763.714,242.911,47.123,-0.866,0.492,-0.087,0,0.174,0.985,0.499,0.853,-0.15],"_shiftlockState":true,"_pose":"FreeFall","_animationQueue":[],"_animationSpeed":1,"_zoom":12.5},{"_mousePosition":[683,357.5],"_rootPartCFrame":[766.075,229.368,48.249,-0.925,0,-0.38,0,1,0,0.38,0,-0.925],"_humanoidState":5,"_cameraCFrame":[763.428,243.176,47.376,-0.84,0.534,-0.094,0,0.174,0.985,0.543,0.827,-0.146],"_shiftlockState":true,"_pose":"FreeFall","_animationQueue":[],"_animationSpeed":1,"_zoom":12.5},{"_mousePosition":[683,357.5],"_rootPartCFrame":[765.901,229.53,48.347,-0.89,0,-0.456,0,1,0,0.456,0,-0.89],"_humanoidState":5,"_cameraCFrame":[763.185,243.338,47.718,-0.787,0.607,-0.107,0,0.174,0.985,0.617,0.775,-0.137],"_shiftlockState":true,"_pose":"FreeFall","_animationQueue":[],"_animationSpeed":1,"_zoom":12.5},{"_mousePosition":[683,357.5],"_rootPartCFrame":[765.62,229.732,48.526,-0.879,0,-0.478,0,1,0,0.478,0,-0.879],"_humanoidState":5,"_cameraCFrame":[762.881,243.541,48.007,-0.762,0.638,-0.113,0,0.174,0.985,0.648,0.75,-0.132],"_shiftlockState":true,"_pose":"FreeFall","_animationQueue":[],"_animationSpeed":1,"_zoom":12.5},{"_mousePosition":[683,357.5],"_rootPartCFrame":[765.459,229.812,48.645,-0.822,0,-0.569,0,1,0,0.569,0,-0.822],"_humanoidState":5,"_cameraCFrame":[762.674,243.621,48.518,-0.662,0.738,-0.13,0,0.174,0.985,0.749,0.652,-0.115],"_shiftlockState":true,"_pose":"FreeFall","_animationQueue":[],"_animationSpeed":1,"_zoom":12.5},{"_mousePosition":[683,357.5],"_rootPartCFrame":[765.255,229.871,48.816,-0.756,0,-0.655,0,1,0,0.655,0,-0.756],"_humanoidState":5,"_cameraCFrame":[762.473,243.68,49,-0.575,0.806,-0.142,0,0.174,0.985,0.818,0.566,-0.1],"_shiftlockState":true,"_pose":"FreeFall","_animationQueue":[],"_animationSpeed":1,"_zoom":12.5},{"_mousePosition":[683,357.5],"_rootPartCFrame":[765.068,229.875,49.006,-0.679,0,-0.735,0,1,0,0.735,0,-0.679],"_humanoidState":5,"_cameraCFrame":[762.328,243.685,49.518,-0.474,0.867,-0.153,0,0.174,0.985,0.881,0.467,-0.082],"_shiftlockState":true,"_pose":"FreeFall","_animationQueue":[],"_animationSpeed":1,"_zoom":12.5},{"_mousePosition":[683,357.5],"_rootPartCFrame":[764.907,229.825,49.217,-0.587,0,-0.81,0,1,0,0.81,0,-0.587],"_humanoidState":5,"_cameraCFrame":[762.244,243.635,50.045,-0.368,0.916,-0.161,0,0.174,0.985,0.93,0.363,-0.064],"_shiftlockState":true,"_pose":"FreeFall","_animationQueue":[],"_animationSpeed":1,"_zoom":12.5},{"_mousePosition":[683,357.5],"_rootPartCFrame":[764.771,229.721,49.446,-0.489,0,-0.873,0,1,0,0.873,0,-0.489],"_humanoidState":5,"_cameraCFrame":[762.179,243.522,50.572,-0.255,0.951,-0.172,0,0.177,0.984,0.967,0.251,-0.045],"_shiftlockState":true,"_pose":"FreeFall","_animationQueue":[],"_animationSpeed":1,"_zoom":12.5},{"_mousePosition":[683,357.5],"_rootPartCFrame":[764.663,229.562,49.69,-0.382,0,-0.924,0,1,0,0.924,0,-0.382],"_humanoidState":5,"_cameraCFrame":[762.149,243.35,51.098,-0.141,0.973,-0.181,0,0.183,0.983,0.99,0.139,-0.026],"_shiftlockState":true,"_pose":"FreeFall","_animationQueue":[],"_animationSpeed":1,"_zoom":12.5},{"_mousePosition":[683,357.5],"_rootPartCFrame":[764.585,229.348,49.944,-0.272,0,-0.962,0,1,0,0.962,0,-0.272],"_humanoidState":5,"_cameraCFrame":[762.222,243.132,51.628,-0.028,0.982,-0.185,0,0.185,0.983,1,0.027,-0.005],"_shiftlockState":true,"_pose":"FreeFall","_animationQueue":[["fall",0.3]],"_animationSpeed":1,"_zoom":12.5},{"_mousePosition":[683,357.5],"_rootPartCFrame":[764.534,229.005,50.258,-0.181,0,-0.983,0,1,0,0.983,0,-0.181],"_humanoidState":5,"_cameraCFrame":[762.349,242.784,52.197,0.083,0.979,-0.186,0,0.187,0.982,0.997,-0.082,0.016],"_shiftlockState":true,"_pose":"FreeFall","_animationQueue":[],"_animationSpeed":1,"_zoom":12.5},{"_mousePosition":[683,357.5],"_rootPartCFrame":[764.537,228.669,50.5,-0.037,0,-0.999,0,1,0,0.999,0,-0.037],"_humanoidState":5,"_cameraCFrame":[762.563,242.443,52.679,0.196,0.963,-0.185,0,0.189,0.982,0.981,-0.192,0.037],"_shiftlockState":true,"_pose":"FreeFall","_animationQueue":[],"_animationSpeed":1,"_zoom":12.5},{"_mousePosition":[683,357.5],"_rootPartCFrame":[764.564,228.381,50.673,0.107,0,-0.994,0,1,0,0.994,0,0.107],"_humanoidState":5,"_cameraCFrame":[762.823,242.146,53.09,0.313,0.932,-0.183,0,0.193,0.981,0.95,-0.307,0.06],"_shiftlockState":true,"_pose":"FreeFall","_animationQueue":[],"_animationSpeed":1,"_zoom":12.5},{"_mousePosition":[683,357.5],"_rootPartCFrame":[764.654,227.833,50.943,0.167,0,-0.986,0,1,0,0.986,0,0.167],"_humanoidState":5,"_cameraCFrame":[763.209,241.584,53.613,0.444,0.878,-0.178,0,0.199,0.98,0.896,-0.436,0.088],"_shiftlockState":true,"_pose":"FreeFall","_animationQueue":[],"_animationSpeed":1,"_zoom":12.5},{"_mousePosition":[683,357.5],"_rootPartCFrame":[764.766,227.333,51.137,0.331,0,-0.943,0,1,0,0.943,0,0.331],"_humanoidState":5,"_cameraCFrame":[763.866,241.055,54.161,0.639,0.752,-0.162,0,0.21,0.978,0.769,-0.625,0.134],"_shiftlockState":true,"_pose":"FreeFall","_animationQueue":[],"_animationSpeed":1,"_zoom":12.5},{"_mousePosition":[683,357.5],"_rootPartCFrame":[764.91,226.779,51.309,0.534,0,-0.846,0,1,0,0.846,0,0.534],"_humanoidState":5,"_cameraCFrame":[764.399,240.474,54.523,0.748,0.647,-0.146,0,0.219,0.976,0.664,-0.73,0.164],"_shiftlockState":true,"_pose":"FreeFall","_animationQueue":[["fall",0.3]],"_animationSpeed":1,"_zoom":12.5},{"_mousePosition":[683,357.5],"_rootPartCFrame":[765.037,226.328,51.419,0.681,0,-0.732,0,1,0,0.732,0,0.681],"_humanoidState":5,"_cameraCFrame":[764.948,240.001,54.753,0.837,0.533,-0.124,0,0.227,0.974,0.547,-0.815,0.19],"_shiftlockState":true,"_pose":"FreeFall","_animationQueue":[],"_animationSpeed":1,"_zoom":12.5},{"_mousePosition":[683,357.5],"_rootPartCFrame":[765.224,225.678,51.537,0.762,0,-0.647,0,1,0,0.647,0,0.762],"_humanoidState":5,"_cameraCFrame":[765.587,239.341,54.893,0.906,0.412,-0.098,0,0.231,0.973,0.423,-0.881,0.209],"_shiftlockState":true,"_pose":"FreeFall","_animationQueue":[],"_animationSpeed":1,"_zoom":12.5},{"_mousePosition":[683,357.5],"_rootPartCFrame":[765.428,224.974,51.619,0.847,0,-0.532,0,1,0,0.532,0,0.847],"_humanoidState":5,"_cameraCFrame":[766.221,238.631,54.92,0.954,0.293,-0.07,0,0.233,0.973,0.301,-0.927,0.222],"_shiftlockState":true,"_pose":"FreeFall","_animationQueue":[],"_animationSpeed":1,"_zoom":12.5},{"_mousePosition":[683,357.5],"_rootPartCFrame":[765.728,224.018,51.556,0.946,0,-0.324,0,1,0,0.324,0,0.946],"_humanoidState":7,"_cameraCFrame":[766.903,237.669,54.763,0.983,0.18,-0.044,0,0.235,0.972,0.186,-0.955,0.231],"_shiftlockState":true,"_pose":"FreeFall","_animationQueue":[["walk",0.1],["fall",0.3],["fall",0.3]],"_animationSpeed":1,"_zoom":12.5},{"_mousePosition":[683,357.5],"_rootPartCFrame":[765.967,223.662,51.438,0.984,0,-0.177,0,1,0,0.177,0,0.984],"_humanoidState":7,"_cameraCFrame":[767.466,237.307,54.53,0.997,0.08,-0.02,0,0.237,0.972,0.083,-0.968,0.236],"_shiftlockState":true,"_pose":"FreeFall","_animationQueue":[],"_animationSpeed":1,"_zoom":12.5},{"_mousePosition":[683,357.5],"_rootPartCFrame":[766.189,223.745,51.291,1,0,0.003,0,1,0,-0.003,0,1],"_humanoidState":8,"_cameraCFrame":[767.952,237.389,54.245,1,-0.004,0.001,0,0.237,0.972,-0.004,-0.972,0.237],"_shiftlockState":true,"_pose":"Running","_animationQueue":[["walk",0.1]],"_animationSpeed":1.103,"_zoom":12.5},{"_mousePosition":[683,357.5],"_rootPartCFrame":[766.282,223.848,51.007,1,0,0.004,0,1,0,-0.004,0,1],"_humanoidState":8,"_cameraCFrame":[768.044,237.492,53.961,1,-0.004,0.001,0,0.237,0.972,-0.004,-0.972,0.237],"_shiftlockState":true,"_pose":"Running","_animationQueue":[],"_animationSpeed":1.103,"_zoom":12.5},{"_mousePosition":[683,357.5],"_rootPartCFrame":[766.276,223.87,51.061,1,0,0.004,0,1,0,-0.004,0,1],"_humanoidState":8,"_cameraCFrame":[768.038,237.515,54.015,1,-0.004,0.001,0,0.237,0.972,-0.004,-0.972,0.237],"_shiftlockState":true,"_pose":"Running","_animationQueue":[],"_animationSpeed":1.103,"_zoom":12.5},{"_mousePosition":[683,357.5],"_rootPartCFrame":[766.273,223.891,51.037,1,-0.004,0.015,0.004,1,-0.002,-0.015,0.002,1],"_humanoidState":8,"_cameraCFrame":[766.28,237.535,54.001,1,-0.004,0.001,0,0.237,0.972,-0.004,-0.972,0.237],"_shiftlockState":false,"_pose":"Running","_animationQueue":[],"_animationSpeed":0.106,"_zoom":12.5},{"_mousePosition":[683,357.5],"_rootPartCFrame":[766.269,223.909,51.02,1,0.003,-0.006,-0.003,1,-0.004,0.006,0.004,1],"_humanoidState":8,"_cameraCFrame":[766.286,237.553,53.987,1,-0.004,0.001,0,0.237,0.972,-0.004,-0.972,0.237],"_shiftlockState":false,"_pose":"Running","_animationQueue":[],"_animationSpeed":0.106,"_zoom":12.5},{"_mousePosition":[683,357.5],"_rootPartCFrame":[766.269,223.913,51.02,1,0.003,-0.004,-0.003,1,-0.006,0.004,0.006,1],"_humanoidState":8,"_cameraCFrame":[766.286,237.557,53.99,1,-0.004,0.001,0,0.237,0.972,-0.004,-0.972,0.237],"_shiftlockState":false,"_pose":"Running","_animationQueue":[],"_animationSpeed":0.106,"_zoom":12.5},{"_mousePosition":[683,357.5],"_rootPartCFrame":[766.269,223.913,51.02,1,0.003,-0.004,-0.003,1,-0.006,0.004,0.006,1],"_humanoidState":8,"_cameraCFrame":[766.286,237.557,53.99,1,-0.004,0.001,0,0.237,0.972,-0.004,-0.972,0.237],"_shiftlockState":false,"_pose":"Standing","_animationQueue":[["walk",0.1],["idle",0.1]],"_animationSpeed":1,"_zoom":12.5},{"_mousePosition":[683,355],"_rootPartCFrame":[766.269,223.913,51.02,1,0.003,-0.004,-0.003,1,-0.006,0.004,0.006,1],"_humanoidState":8,"_cameraCFrame":[766.286,237.557,53.99,1,-0.004,0.001,0,0.237,0.972,-0.004,-0.972,0.237],"_shiftlockState":false,"_pose":"Standing","_animationQueue":[],"_animationSpeed":1,"_zoom":12.5},{"_mousePosition":[683,355],"_rootPartCFrame":[766.271,223.916,51.009,1,0.001,0.008,-0.001,1,-0.002,-0.008,0.002,1],"_humanoidState":8,"_cameraCFrame":[766.285,237.561,53.973,1,-0.004,0.001,0,0.237,0.972,-0.004,-0.972,0.237],"_shiftlockState":false,"_pose":"Standing","_animationQueue":[],"_animationSpeed":1,"_zoom":12.5},{"_mousePosition":[683,355],"_rootPartCFrame":[766.271,223.916,51.009,1,0.001,0.008,-0.001,1,-0.002,-0.008,0.002,1],"_humanoidState":8,"_cameraCFrame":[766.285,237.561,53.973,1,-0.004,0.001,0,0.237,0.972,-0.004,-0.972,0.237],"_shiftlockState":false,"_pose":"Standing","_animationQueue":[],"_animationSpeed":1,"_zoom":12.5},{"_mousePosition":[683,355],"_rootPartCFrame":[766.271,223.916,51.009,1,0.001,0.008,-0.001,1,-0.002,-0.008,0.002,1],"_humanoidState":8,"_cameraCFrame":[766.285,237.561,53.973,1,-0.004,0.001,0,0.237,0.972,-0.004,-0.972,0.237],"_shiftlockState":false,"_pose":"Standing","_animationQueue":[],"_animationSpeed":1,"_zoom":12.5},{"_mousePosition":[686,354],"_rootPartCFrame":[766.271,223.916,51.009,1,0.001,0.008,-0.001,1,-0.002,-0.008,0.002,1],"_humanoidState":8,"_cameraCFrame":[766.159,237.572,53.924,0.999,0.038,-0.009,0,0.233,0.972,0.039,-0.972,0.233],"_shiftlockState":false,"_pose":"Standing","_animationQueue":[["idle",0.1]],"_animationSpeed":1,"_zoom":12.5},{"_mousePosition":[686,354],"_rootPartCFrame":[766.271,223.916,51.009,1,0.001,0.008,-0.001,1,-0.002,-0.008,0.002,1],"_humanoidState":8,"_cameraCFrame":[766.033,237.588,53.845,0.996,0.082,-0.019,0,0.227,0.974,0.084,-0.97,0.227],"_shiftlockState":false,"_pose":"Standing","_animationQueue":[],"_animationSpeed":1,"_zoom":12.5},{"_mousePosition":[686,354],"_rootPartCFrame":[766.271,223.916,51.009,1,0.001,0.008,-0.001,1,-0.002,-0.008,0.002,1],"_humanoidState":8,"_cameraCFrame":[765.855,237.61,53.728,0.988,0.148,-0.033,0,0.22,0.976,0.152,-0.964,0.217],"_shiftlockState":false,"_pose":"Standing","_animationQueue":[],"_animationSpeed":1,"_zoom":12.5},{"_mousePosition":[686,354],"_rootPartCFrame":[766.271,223.916,51.009,1,0.001,0.008,-0.001,1,-0.002,-0.008,0.002,1],"_humanoidState":8,"_cameraCFrame":[765.754,237.621,53.662,0.981,0.187,-0.041,0,0.216,0.976,0.192,-0.958,0.212],"_shiftlockState":false,"_pose":"Standing","_animationQueue":[],"_animationSpeed":1,"_zoom":12.5},{"_mousePosition":[686,354],"_rootPartCFrame":[766.271,223.916,51.009,1,0.001,0.008,-0.001,1,-0.002,-0.008,0.002,1],"_humanoidState":8,"_cameraCFrame":[765.691,237.631,53.6,0.976,0.214,-0.047,0,0.212,0.977,0.219,-0.953,0.207],"_shiftlockState":false,"_pose":"Standing","_animationQueue":[],"_animationSpeed":1,"_zoom":12.5},{"_mousePosition":[686,354],"_rootPartCFrame":[766.271,223.916,51.009,1,0.001,0.008,-0.001,1,-0.002,-0.008,0.002,1],"_humanoidState":8,"_cameraCFrame":[765.67,237.636,53.571,0.973,0.224,-0.048,0,0.21,0.978,0.229,-0.952,0.205],"_shiftlockState":false,"_pose":"Standing","_animationQueue":[],"_animationSpeed":1,"_zoom":12.5},{"_mousePosition":[686,354],"_rootPartCFrame":[766.271,223.916,51.009,1,0.001,0.008,-0.001,1,-0.002,-0.008,0.002,1],"_humanoidState":8,"_cameraCFrame":[765.67,237.636,53.571,0.973,0.224,-0.048,0,0.21,0.978,0.229,-0.952,0.205],"_shiftlockState":false,"_pose":"Standing","_animationQueue":[],"_animationSpeed":1,"_zoom":12.5},{"_mousePosition":[686,354],"_rootPartCFrame":[766.271,223.916,51.009,1,0.001,0.008,-0.001,1,-0.002,-0.008,0.002,1],"_humanoidState":8,"_cameraCFrame":[765.67,237.636,53.571,0.973,0.224,-0.048,0,0.21,0.978,0.229,-0.952,0.205],"_shiftlockState":false,"_pose":"Standing","_animationQueue":[],"_animationSpeed":1,"_zoom":12.5},{"_mousePosition":[686,354],"_rootPartCFrame":[766.271,223.916,51.009,1,0.001,0.008,-0.001,1,-0.002,-0.008,0.002,1],"_humanoidState":8,"_cameraCFrame":[765.67,237.636,53.571,0.973,0.224,-0.048,0,0.21,0.978,0.229,-0.952,0.205],"_shiftlockState":false,"_pose":"Standing","_animationQueue":[],"_animationSpeed":1,"_zoom":12.5},{"_mousePosition":[686,354],"_rootPartCFrame":[766.271,223.916,51.009,1,0.001,0.008,-0.001,1,-0.002,-0.008,0.002,1],"_humanoidState":8,"_cameraCFrame":[765.67,237.636,53.571,0.973,0.224,-0.048,0,0.21,0.978,0.229,-0.952,0.205],"_shiftlockState":false,"_pose":"Standing","_animationQueue":[],"_animationSpeed":1,"_zoom":12.5},{"_mousePosition":[686,354],"_rootPartCFrame":[766.271,223.927,51.01,1,0,0.008,0,1,-0.001,-0.008,0.001,1],"_humanoidState":8,"_cameraCFrame":[765.67,237.648,53.571,0.973,0.224,-0.048,0,0.21,0.978,0.229,-0.952,0.205],"_shiftlockState":false,"_pose":"Standing","_animationQueue":[],"_animationSpeed":1,"_zoom":12.5},{"_mousePosition":[686,354],"_rootPartCFrame":[766.271,223.937,51.011,1,0,0.007,0,1,-0.001,-0.007,0.001,1],"_humanoidState":8,"_cameraCFrame":[765.669,237.657,53.571,0.973,0.224,-0.048,0,0.21,0.978,0.229,-0.952,0.205],"_shiftlockState":false,"_pose":"Standing","_animationQueue":[],"_animationSpeed":1,"_zoom":12.5},{"_mousePosition":[686,354],"_rootPartCFrame":[766.271,223.942,51.011,1,0,0.007,0,1,-0.001,-0.007,0.001,1],"_humanoidState":8,"_cameraCFrame":[765.661,237.673,53.52,0.972,0.231,-0.049,0,0.206,0.978,0.236,-0.951,0.201],"_shiftlockState":false,"_pose":"Standing","_animationQueue":[],"_animationSpeed":1,"_zoom":12.5},{"_mousePosition":[686,354],"_rootPartCFrame":[766.271,223.946,51.011,1,0,0.007,0,1,0,-0.007,0,1],"_humanoidState":8,"_cameraCFrame":[765.661,237.676,53.52,0.972,0.231,-0.049,0,0.206,0.978,0.236,-0.951,0.201],"_shiftlockState":false,"_pose":"Standing","_animationQueue":[],"_animationSpeed":1,"_zoom":12.5},{"_mousePosition":[686,354],"_rootPartCFrame":[766.271,224.819,51.025,1,0,0.006,0,1,0,-0.006,0,1],"_humanoidState":3,"_cameraCFrame":[765.661,238.549,53.533,0.972,0.231,-0.049,0,0.206,0.978,0.236,-0.951,0.201],"_shiftlockState":false,"_pose":"Jumping","_animationQueue":[["walk",0.1],["jump",0.1]],"_animationSpeed":1,"_zoom":12.5},{"_mousePosition":[686,354],"_rootPartCFrame":[766.271,225.641,51.025,1,0,0.006,0,1,0,-0.006,0,1],"_humanoidState":5,"_cameraCFrame":[765.667,239.376,53.51,0.972,0.231,-0.048,0,0.205,0.979,0.236,-0.951,0.199],"_shiftlockState":false,"_pose":"FreeFall","_animationQueue":[["jump",0.1]],"_animationSpeed":1,"_zoom":12.5},{"_mousePosition":[686,354],"_rootPartCFrame":[766.271,226.408,51.025,1,0,0.006,0,1,0,-0.006,0,1],"_humanoidState":5,"_cameraCFrame":[765.667,240.144,53.51,0.972,0.231,-0.048,0,0.205,0.979,0.236,-0.951,0.199],"_shiftlockState":false,"_pose":"FreeFall","_animationQueue":[],"_animationSpeed":1,"_zoom":12.5},{"_mousePosition":[686,354],"_rootPartCFrame":[766.271,227.121,51.028,1,0,0.006,0,1,0,-0.006,0,1],"_humanoidState":5,"_cameraCFrame":[765.667,240.857,53.513,0.972,0.231,-0.048,0,0.205,0.979,0.236,-0.951,0.199],"_shiftlockState":false,"_pose":"FreeFall","_animationQueue":[],"_animationSpeed":1,"_zoom":12.5},{"_mousePosition":[686,354],"_rootPartCFrame":[766.271,227.78,51.034,1,0,0.005,0,1,0,-0.005,0,1],"_humanoidState":5,"_cameraCFrame":[765.667,241.515,53.519,0.972,0.231,-0.048,0,0.205,0.979,0.236,-0.951,0.199],"_shiftlockState":false,"_pose":"FreeFall","_animationQueue":[],"_animationSpeed":1,"_zoom":12.5},{"_mousePosition":[686,354],"_rootPartCFrame":[766.271,228.384,51.04,1,0,0.005,0,1,-0.001,-0.005,0.001,1],"_humanoidState":5,"_cameraCFrame":[765.667,242.119,53.526,0.972,0.231,-0.048,0,0.205,0.979,0.236,-0.951,0.199],"_shiftlockState":false,"_pose":"FreeFall","_animationQueue":[],"_animationSpeed":1,"_zoom":12.5},{"_mousePosition":[686,353],"_rootPartCFrame":[766.271,228.933,51.042,1,0,0.005,0,1,0,-0.005,0,1],"_humanoidState":5,"_cameraCFrame":[765.667,242.669,53.527,0.972,0.231,-0.048,0,0.205,0.979,0.236,-0.951,0.199],"_shiftlockState":false,"_pose":"FreeFall","_animationQueue":[],"_animationSpeed":1,"_zoom":12.5},{"_mousePosition":[686,353],"_rootPartCFrame":[766.265,229.428,51.047,1,0,0.005,0,1,0,-0.005,0,1],"_humanoidState":5,"_cameraCFrame":[765.661,243.163,53.532,0.972,0.231,-0.048,0,0.205,0.979,0.236,-0.951,0.199],"_shiftlockState":false,"_pose":"FreeFall","_animationQueue":[],"_animationSpeed":1,"_zoom":12.5},{"_mousePosition":[686,353],"_rootPartCFrame":[766.265,229.868,51.047,1,0,0.005,0,1,0,-0.005,0,1],"_humanoidState":5,"_cameraCFrame":[765.661,243.604,53.532,0.972,0.231,-0.048,0,0.205,0.979,0.236,-0.951,0.199],"_shiftlockState":false,"_pose":"FreeFall","_animationQueue":[],"_animationSpeed":1,"_zoom":12.5},{"_mousePosition":[685,353],"_rootPartCFrame":[766.265,230.254,51.047,1,0,0.005,0,1,0,-0.005,0,1],"_humanoidState":5,"_cameraCFrame":[765.661,243.99,53.532,0.972,0.231,-0.048,0,0.205,0.979,0.236,-0.951,0.199],"_shiftlockState":false,"_pose":"FreeFall","_animationQueue":[],"_animationSpeed":1,"_zoom":12.5},{"_mousePosition":[685,353],"_rootPartCFrame":[766.282,230.657,51.035,1,-0.001,-0.015,0.001,1,0,0.015,0,1],"_humanoidState":5,"_cameraCFrame":[767.376,244.393,53.934,0.972,0.231,-0.048,0,0.205,0.979,0.236,-0.951,0.199],"_shiftlockState":true,"_pose":"FreeFall","_animationQueue":[],"_animationSpeed":1,"_zoom":12.5},{"_mousePosition":[683,357.5],"_rootPartCFrame":[766.35,230.851,51.244,0.974,-0.002,-0.226,0.002,1,-0.001,0.226,0,0.974],"_humanoidState":5,"_cameraCFrame":[767.443,244.587,54.143,0.972,0.231,-0.048,0,0.205,0.979,0.236,-0.951,0.199],"_shiftlockState":true,"_pose":"FreeFall","_animationQueue":[],"_animationSpeed":1,"_zoom":12.5},{"_mousePosition":[683,357.5],"_rootPartCFrame":[766.46,231.063,51.298,0.972,-0.001,-0.236,0.001,1,0,0.236,0,0.972],"_humanoidState":5,"_cameraCFrame":[767.569,244.798,54.191,0.973,0.227,-0.047,0,0.205,0.979,0.232,-0.952,0.199],"_shiftlockState":true,"_pose":"FreeFall","_animationQueue":[],"_animationSpeed":1,"_zoom":12.5},{"_mousePosition":[683,357.5],"_rootPartCFrame":[766.564,231.22,51.313,0.973,0,-0.232,0,1,0,0.232,0,0.973],"_humanoidState":5,"_cameraCFrame":[767.682,244.955,54.203,0.973,0.224,-0.047,0,0.205,0.979,0.229,-0.953,0.199],"_shiftlockState":true,"_pose":"FreeFall","_animationQueue":[],"_animationSpeed":1,"_zoom":12.5},{"_mousePosition":[683,357.5],"_rootPartCFrame":[766.662,231.322,51.289,0.973,0,-0.229,0,1,0,0.229,0,0.973],"_humanoidState":5,"_cameraCFrame":[767.787,245.058,54.176,0.974,0.222,-0.046,0,0.205,0.979,0.227,-0.953,0.199],"_shiftlockState":true,"_pose":"FreeFall","_animationQueue":[],"_animationSpeed":1,"_zoom":12.5},{"_mousePosition":[683,357.5],"_rootPartCFrame":[766.754,231.37,51.226,0.974,0,-0.227,0,1,0,0.227,0,0.974],"_humanoidState":5,"_cameraCFrame":[767.886,245.106,54.11,0.975,0.219,-0.046,0,0.205,0.979,0.224,-0.954,0.199],"_shiftlockState":true,"_pose":"FreeFall","_animationQueue":[],"_animationSpeed":1,"_zoom":12.5},{"_mousePosition":[683,357.5],"_rootPartCFrame":[766.84,231.36,51.222,0.98,-0.001,-0.198,0.001,1,0,0.198,0,0.98],"_humanoidState":5,"_cameraCFrame":[767.972,245.096,54.106,0.975,0.219,-0.046,0,0.205,0.979,0.224,-0.954,0.199],"_shiftlockState":true,"_pose":"FreeFall","_animationQueue":[],"_animationSpeed":1,"_zoom":12.5},{"_mousePosition":[683,357.5],"_rootPartCFrame":[766.943,231.295,51.259,0.975,0,-0.221,0,1,0,0.221,0,0.975],"_humanoidState":5,"_cameraCFrame":[768.074,245.031,54.144,0.975,0.219,-0.046,0,0.205,0.979,0.224,-0.954,0.199],"_shiftlockState":true,"_pose":"FreeFall","_animationQueue":[["fall",0.3]],"_animationSpeed":1,"_zoom":12.5},{"_mousePosition":[683,357.5],"_rootPartCFrame":[767.016,231.176,51.289,0.975,0,-0.224,0,1,0,0.224,0,0.975],"_humanoidState":5,"_cameraCFrame":[768.148,244.912,54.173,0.975,0.219,-0.046,0,0.205,0.979,0.224,-0.954,0.199],"_shiftlockState":true,"_pose":"FreeFall","_animationQueue":[],"_animationSpeed":1,"_zoom":12.5},{"_mousePosition":[683,357.5],"_rootPartCFrame":[767.052,231.002,51.303,0.975,0,-0.224,0,1,0,0.224,0,0.975],"_humanoidState":5,"_cameraCFrame":[768.184,244.738,54.188,0.975,0.219,-0.046,0,0.205,0.979,0.224,-0.954,0.199],"_shiftlockState":true,"_pose":"FreeFall","_animationQueue":[],"_animationSpeed":1,"_zoom":12.5},{"_mousePosition":[683,357.5],"_rootPartCFrame":[767.057,230.774,51.305,0.975,0,-0.224,0,1,0,0.224,0,0.975],"_humanoidState":5,"_cameraCFrame":[768.189,244.51,54.19,0.975,0.219,-0.046,0,0.205,0.979,0.224,-0.954,0.199],"_shiftlockState":true,"_pose":"FreeFall","_animationQueue":[],"_animationSpeed":1,"_zoom":12.5},{"_mousePosition":[683,357.5],"_rootPartCFrame":[767.057,230.491,51.305,0.975,0,-0.224,0,1,0,0.224,0,0.975],"_humanoidState":5,"_cameraCFrame":[768.189,244.227,54.19,0.975,0.219,-0.046,0,0.205,0.979,0.224,-0.954,0.199],"_shiftlockState":true,"_pose":"FreeFall","_animationQueue":[],"_animationSpeed":1,"_zoom":12.5},{"_mousePosition":[683,357.5],"_rootPartCFrame":[767.057,230.154,51.305,0.975,0,-0.224,0,1,0,0.224,0,0.975],"_humanoidState":5,"_cameraCFrame":[768.189,243.89,54.19,0.975,0.219,-0.046,0,0.205,0.979,0.224,-0.954,0.199],"_shiftlockState":true,"_pose":"FreeFall","_animationQueue":[],"_animationSpeed":1,"_zoom":12.5},{"_mousePosition":[683,357.5],"_rootPartCFrame":[767.057,229.763,51.305,0.975,0,-0.224,0,1,0,0.224,0,0.975],"_humanoidState":5,"_cameraCFrame":[768.204,243.498,54.184,0.976,0.215,-0.045,0,0.205,0.979,0.219,-0.955,0.2],"_shiftlockState":true,"_pose":"FreeFall","_animationQueue":[["fall",0.3]],"_animationSpeed":1,"_zoom":12.5},{"_mousePosition":[683,357.5],"_rootPartCFrame":[767.057,229.196,51.305,0.976,0,-0.219,0,1,0,0.219,0,0.976],"_humanoidState":5,"_cameraCFrame":[766.559,242.901,53.959,0.983,0.18,-0.04,0,0.216,0.976,0.185,-0.96,0.212],"_shiftlockState":false,"_pose":"FreeFall","_animationQueue":[],"_animationSpeed":1,"_zoom":12.5},{"_mousePosition":[683,357.5],"_rootPartCFrame":[767.057,228.682,51.305,0.976,0,-0.219,0,1,0,0.219,0,0.976],"_humanoidState":5,"_cameraCFrame":[766.559,242.387,53.959,0.983,0.18,-0.04,0,0.216,0.976,0.185,-0.96,0.212],"_shiftlockState":false,"_pose":"FreeFall","_animationQueue":[],"_animationSpeed":1,"_zoom":12.5},{"_mousePosition":[679,357],"_rootPartCFrame":[767.057,228.113,51.305,0.976,0,-0.219,0,1,0,0.219,0,0.976],"_humanoidState":5,"_cameraCFrame":[766.559,241.818,53.959,0.983,0.18,-0.04,0,0.216,0.976,0.185,-0.96,0.212],"_shiftlockState":false,"_pose":"FreeFall","_animationQueue":[],"_animationSpeed":1,"_zoom":12.5},{"_mousePosition":[679,357],"_rootPartCFrame":[767.057,227.651,51.305,0.976,0,-0.219,0,1,0,0.219,0,0.976],"_humanoidState":5,"_cameraCFrame":[766.559,241.356,53.959,0.983,0.18,-0.04,0,0.216,0.976,0.185,-0.96,0.212],"_shiftlockState":false,"_pose":"FreeFall","_animationQueue":[],"_animationSpeed":1,"_zoom":12.5},{"_mousePosition":[679,357],"_rootPartCFrame":[767.057,226.987,51.305,0.976,0,-0.219,0,1,0,0.219,0,0.976],"_humanoidState":5,"_cameraCFrame":[766.559,240.691,53.959,0.983,0.18,-0.04,0,0.216,0.976,0.185,-0.96,0.212],"_shiftlockState":false,"_pose":"FreeFall","_animationQueue":[],"_animationSpeed":1,"_zoom":12.5},{"_mousePosition":[679,357],"_rootPartCFrame":[767.057,226.08,51.305,0.976,0,-0.219,0,1,0,0.219,0,0.976],"_humanoidState":5,"_cameraCFrame":[766.559,239.785,53.959,0.983,0.18,-0.04,0,0.216,0.976,0.185,-0.96,0.212],"_shiftlockState":false,"_pose":"FreeFall","_animationQueue":[["fall",0.3]],"_animationSpeed":1,"_zoom":12.5},{"_mousePosition":[679,357],"_rootPartCFrame":[767.057,225.293,51.305,0.976,0,-0.219,0,1,0,0.219,0,0.976],"_humanoidState":5,"_cameraCFrame":[766.559,238.998,53.959,0.983,0.18,-0.04,0,0.216,0.976,0.185,-0.96,0.212],"_shiftlockState":false,"_pose":"FreeFall","_animationQueue":[],"_animationSpeed":1,"_zoom":12.5},{"_mousePosition":[679,357],"_rootPartCFrame":[767.057,224.452,51.305,0.976,0,-0.219,0,1,0,0.219,0,0.976],"_humanoidState":5,"_cameraCFrame":[766.559,238.156,53.959,0.983,0.18,-0.04,0,0.216,0.976,0.185,-0.96,0.212],"_shiftlockState":false,"_pose":"FreeFall","_animationQueue":[],"_animationSpeed":1,"_zoom":12.5},{"_mousePosition":[679,357],"_rootPartCFrame":[767.057,223.785,51.305,0.976,0,-0.219,0,1,0,0.219,0,0.976],"_humanoidState":7,"_cameraCFrame":[766.559,237.49,53.959,0.983,0.18,-0.04,0,0.216,0.976,0.185,-0.96,0.212],"_shiftlockState":false,"_pose":"FreeFall","_animationQueue":[["fall",0.3],["fall",0.3]],"_animationSpeed":1,"_zoom":12.5},{"_mousePosition":[674,356],"_rootPartCFrame":[767.057,223.628,51.305,0.976,0,-0.219,0,1,0,0.219,0,0.976],"_humanoidState":7,"_cameraCFrame":[766.559,237.333,53.959,0.983,0.18,-0.04,0,0.216,0.976,0.185,-0.96,0.212],"_shiftlockState":false,"_pose":"FreeFall","_animationQueue":[],"_animationSpeed":1,"_zoom":12.5},{"_mousePosition":[674,347],"_rootPartCFrame":[767.057,223.738,51.305,0.976,0,-0.219,0,1,0,0.219,0,0.976],"_humanoidState":7,"_cameraCFrame":[766.559,237.443,53.959,0.983,0.18,-0.04,0,0.216,0.976,0.185,-0.96,0.212],"_shiftlockState":false,"_pose":"FreeFall","_animationQueue":[],"_animationSpeed":1,"_zoom":12.5},{"_mousePosition":[677,325],"_rootPartCFrame":[767.057,223.845,51.305,0.976,0,-0.219,0,1,0,0.219,0,0.976],"_humanoidState":8,"_cameraCFrame":[766.559,237.55,53.959,0.983,0.18,-0.04,0,0.216,0.976,0.185,-0.96,0.212],"_shiftlockState":false,"_pose":"Standing","_animationQueue":[["fall",0.3],["idle",0.1]],"_animationSpeed":1,"_zoom":12.5},{"_mousePosition":[692,266],"_rootPartCFrame":[767.057,224.708,51.305,0.976,0,-0.219,0,1,0,0.219,0,0.976],"_humanoidState":3,"_cameraCFrame":[766.559,238.413,53.959,0.983,0.18,-0.04,0,0.216,0.976,0.185,-0.96,0.212],"_shiftlockState":false,"_pose":"Jumping","_animationQueue":[["idle",0.1],["jump",0.1]],"_animationSpeed":1,"_zoom":12.5},{"_mousePosition":[702,234],"_rootPartCFrame":[767.057,225.517,51.305,0.976,0,-0.219,0,1,0,0.219,0,0.976],"_humanoidState":5,"_cameraCFrame":[766.559,239.222,53.959,0.983,0.18,-0.04,0,0.216,0.976,0.185,-0.96,0.212],"_shiftlockState":false,"_pose":"FreeFall","_animationQueue":[["jump",0.1]],"_animationSpeed":1,"_zoom":12.5},{"_mousePosition":[746,95],"_rootPartCFrame":[767.057,226.271,51.305,0.976,0,-0.219,0,1,0,0.219,0,0.976],"_humanoidState":5,"_cameraCFrame":[766.559,239.975,53.959,0.983,0.18,-0.04,0,0.216,0.976,0.185,-0.96,0.212],"_shiftlockState":false,"_pose":"FreeFall","_animationQueue":[],"_animationSpeed":1,"_zoom":12.5},{"_mousePosition":[762,41],"_rootPartCFrame":[767.057,226.97,51.305,0.976,0,-0.219,0,1,0,0.219,0,0.976],"_humanoidState":5,"_cameraCFrame":[766.559,240.675,53.959,0.983,0.18,-0.04,0,0.216,0.976,0.185,-0.96,0.212],"_shiftlockState":false,"_pose":"FreeFall","_animationQueue":[],"_animationSpeed":1,"_zoom":12.5},{"_mousePosition":[762,41],"_rootPartCFrame":[767.057,227.615,51.305,0.976,0,-0.219,0,1,0,0.219,0,0.976],"_humanoidState":5,"_cameraCFrame":[766.559,241.32,53.959,0.983,0.18,-0.04,0,0.216,0.976,0.185,-0.96,0.212],"_shiftlockState":false,"_pose":"FreeFall","_animationQueue":[],"_animationSpeed":1,"_zoom":12.5},{"_mousePosition":[762,41],"_rootPartCFrame":[767.057,228.205,51.305,0.976,0,-0.219,0,1,0,0.219,0,0.976],"_humanoidState":5,"_cameraCFrame":[766.559,241.91,53.95