[{"_mousePosition":[1169,412],"_rootPartCFrame":[776.033,222.981,47.142,-0.001,-0.006,1,0,1,0.006,-1,0,-0.001],"_humanoidState":8,"_cameraCFrame":[776.682,230.499,44.571,-0.969,-0.227,0.1,0,0.404,0.915,-0.248,0.886,-0.391],"_shiftlockState":false,"_pose":"Standing","_animationQueue":[],"_animationSpeed":1,"_zoom":6.577},{"_mousePosition":[1162,414],"_rootPartCFrame":[775.92,222.915,47.113,0.018,-0.003,1,0,1,0.003,-1,0,0.018],"_humanoidState":8,"_cameraCFrame":[776.573,230.433,44.541,-0.969,-0.227,0.1,0,0.404,0.915,-0.248,0.886,-0.391],"_shiftlockState":false,"_pose":"Standing","_animationQueue":[],"_animationSpeed":1,"_zoom":6.577},{"_mousePosition":[1115,423],"_rootPartCFrame":[775.666,222.771,47.048,0.049,0,0.999,0,1,0,-0.999,0,0.049],"_humanoidState":8,"_cameraCFrame":[776.324,230.289,44.477,-0.969,-0.227,0.1,0,0.404,0.915,-0.248,0.886,-0.391],"_shiftlockState":false,"_pose":"Running","_animationQueue":[["walk",0.1]],"_animationSpeed":0.83,"_zoom":6.577},{"_mousePosition":[1106,424],"_rootPartCFrame":[775.407,222.655,46.982,0.076,0,0.997,0,1,0,-0.997,0,0.076],"_humanoidState":8,"_cameraCFrame":[776.066,230.173,44.411,-0.969,-0.227,0.1,0,0.404,0.915,-0.248,0.886,-0.391],"_shiftlockState":false,"_pose":"Running","_animationQueue":[["walk",0.1]],"_animationSpeed":1.1,"_zoom":6.577},{"_mousePosition":[1063,429],"_rootPartCFrame":[775.02,222.671,46.883,0.111,0,0.994,0,1,0,-0.994,0,0.111],"_humanoidState":8,"_cameraCFrame":[775.677,230.188,44.311,-0.969,-0.227,0.1,0,0.404,0.915,-0.248,0.886,-0.391],"_shiftlockState":false,"_pose":"Running","_animationQueue":[["walk",0.1]],"_animationSpeed":1.1,"_zoom":6.577},{"_mousePosition":[1041,430],"_rootPartCFrame":[774.891,222.678,46.85,0.12,0,0.993,0,1,0,-0.993,0,0.12],"_humanoidState":8,"_cameraCFrame":[775.548,230.195,44.278,-0.969,-0.227,0.1,0,0.404,0.915,-0.248,0.886,-0.391],"_shiftlockState":false,"_pose":"Running","_animationQueue":[],"_animationSpeed":1.1,"_zoom":6.577},{"_mousePosition":[1019,432],"_rootPartCFrame":[774.503,222.691,46.751,0.146,0,0.989,0,1,0,-0.989,0,0.146],"_humanoidState":8,"_cameraCFrame":[775.161,230.208,44.179,-0.969,-0.227,0.1,0,0.404,0.915,-0.248,0.886,-0.391],"_shiftlockState":false,"_pose":"Running","_animationQueue":[],"_animationSpeed":1.1,"_zoom":6.577},{"_mousePosition":[1014,432],"_rootPartCFrame":[774.245,222.695,46.685,0.16,0,0.987,0,1,0,-0.987,0,0.16],"_humanoidState":8,"_cameraCFrame":[774.903,230.212,44.113,-0.969,-0.227,0.1,0,0.404,0.915,-0.248,0.886,-0.391],"_shiftlockState":false,"_pose":"Running","_animationQueue":[],"_animationSpeed":1.1,"_zoom":6.577},{"_mousePosition":[977,438],"_rootPartCFrame":[774.116,222.696,46.652,0.166,0,0.986,0,1,0,-0.986,0,0.166],"_humanoidState":8,"_cameraCFrame":[773.078,230.214,43.647,-0.969,-0.227,0.1,0,0.404,0.915,-0.248,0.886,-0.391],"_shiftlockState":true,"_pose":"Running","_animationQueue":[],"_animationSpeed":1.1,"_zoom":6.577},{"_mousePosition":[683,384],"_rootPartCFrame":[773.728,222.698,46.553,-0.994,0,0.113,0,1,0,-0.113,0,-0.994],"_humanoidState":8,"_cameraCFrame":[772.691,230.216,43.547,-0.969,-0.227,0.1,0,0.404,0.915,-0.248,0.886,-0.391],"_shiftlockState":true,"_pose":"Running","_animationQueue":[],"_animationSpeed":1.1,"_zoom":6.577},{"_mousePosition":[683,384],"_rootPartCFrame":[773.535,222.699,46.503,-0.974,0,0.225,0,1,0,-0.225,0,-0.974],"_humanoidState":8,"_cameraCFrame":[772.407,230.233,43.565,-0.975,-0.203,0.088,0,0.398,0.918,-0.221,0.895,-0.388],"_shiftlockState":true,"_pose":"Running","_animationQueue":[],"_animationSpeed":1.1,"_zoom":6.577},{"_mousePosition":[683,384],"_rootPartCFrame":[773.276,222.699,46.437,-0.976,0,0.218,0,1,0,-0.218,0,-0.976],"_humanoidState":8,"_cameraCFrame":[772.044,230.257,43.59,-0.982,-0.175,0.074,0,0.389,0.921,-0.19,0.904,-0.382],"_shiftlockState":true,"_pose":"Running","_animationQueue":[["walk",0.1]],"_animationSpeed":1.1,"_zoom":6.577},{"_mousePosition":[683,384],"_rootPartCFrame":[772.951,222.699,46.362,-0.982,0,0.189,0,1,0,-0.189,0,-0.982],"_humanoidState":8,"_cameraCFrame":[771.65,230.28,43.595,-0.986,-0.156,0.064,0,0.381,0.924,-0.169,0.911,-0.376],"_shiftlockState":true,"_pose":"Running","_animationQueue":[],"_animationSpeed":1.1,"_zoom":6.577},{"_mousePosition":[683,384],"_rootPartCFrame":[772.755,222.7,46.323,-0.986,0,0.169,0,1,0,-0.169,0,-0.986],"_humanoidState":8,"_cameraCFrame":[771.37,230.313,43.673,-0.99,-0.133,0.053,0,0.369,0.93,-0.143,0.92,-0.365],"_shiftlockState":true,"_pose":"Running","_animationQueue":[],"_animationSpeed":1.1,"_zoom":6.577},{"_mousePosition":[683,384],"_rootPartCFrame":[772.493,222.7,46.277,-0.99,0,0.143,0,1,0,-0.143,0,-0.99],"_humanoidState":8,"_cameraCFrame":[771.027,230.354,43.768,-0.993,-0.11,0.041,0,0.353,0.936,-0.117,0.929,-0.35],"_shiftlockState":true,"_pose":"Running","_animationQueue":[],"_animationSpeed":1.1,"_zoom":6.577},{"_mousePosition":[683,384],"_rootPartCFrame":[772.229,222.7,46.238,-0.993,0,0.117,0,1,0,-0.117,0,-0.993],"_humanoidState":8,"_cameraCFrame":[770.669,230.401,43.908,-0.996,-0.079,0.028,0,0.333,0.943,-0.084,0.94,-0.332],"_shiftlockState":true,"_pose":"Running","_animationQueue":[],"_animationSpeed":1.1,"_zoom":6.577},{"_mousePosition":[683,384],"_rootPartCFrame":[771.898,222.7,46.198,-0.996,0,0.084,0,1,0,-0.084,0,-0.996],"_humanoidState":8,"_cameraCFrame":[770.252,230.444,44.049,-0.999,-0.047,0.015,0,0.314,0.949,-0.049,0.948,-0.314],"_shiftlockState":true,"_pose":"Running","_animationQueue":[],"_animationSpeed":1.1,"_zoom":6.577},{"_mousePosition":[683,384],"_rootPartCFrame":[771.633,222.7,46.174,-0.999,0,0.049,0,1,0,-0.049,0,-0.999],"_humanoidState":8,"_cameraCFrame":[769.905,230.476,44.189,-1,-0.011,0.003,0,0.299,0.954,-0.012,0.954,-0.299],"_shiftlockState":true,"_pose":"Running","_animationQueue":[["walk",0.1]],"_animationSpeed":1.1,"_zoom":6.577},{"_mousePosition":[683,384],"_rootPartCFrame":[771.366,222.7,46.16,-1,0,0.012,0,1,0,-0.012,0,-1],"_humanoidState":8,"_cameraCFrame":[769.577,230.49,44.278,-1,0.02,-0.006,0,0.292,0.956,0.021,0.956,-0.292],"_shiftlockState":true,"_pose":"Running","_animationQueue":[],"_animationSpeed":1.1,"_zoom":6.577},{"_mousePosition":[683,384],"_rootPartCFrame":[771.166,222.7,46.156,-1,0,-0.021,0,1,0,0.021,0,-1],"_humanoidState":8,"_cameraCFrame":[769.281,230.486,44.353,-0.997,0.069,-0.021,0,0.294,0.956,0.072,0.953,-0.293],"_shiftlockState":true,"_pose":"Running","_animationQueue":[],"_animationSpeed":1.1,"_zoom":6.577},{"_mousePosition":[683,384],"_rootPartCFrame":[770.9,222.7,46.16,-0.997,0,-0.072,0,1,0,0.072,0,-0.997],"_humanoidState":8,"_cameraCFrame":[768.917,230.457,44.362,-0.993,0.115,-0.037,0,0.308,0.951,0.121,0.944,-0.306],"_shiftlockState":true,"_pose":"Running","_animationQueue":[],"_animationSpeed":1.1,"_zoom":6.577},{"_mousePosition":[683,384],"_rootPartCFrame":[770.634,222.7,46.177,-0.993,0,-0.121,0,1,0,0.121,0,-0.993],"_humanoidState":8,"_cameraCFrame":[768.594,230.432,44.357,-0.989,0.139,-0.047,0,0.319,0.948,0.147,0.937,-0.316],"_shiftlockState":true,"_pose":"Running","_animationQueue":[],"_animationSpeed":1.1,"_zoom":6.577},{"_mousePosition":[683,384],"_rootPartCFrame":[770.369,222.7,46.208,-0.989,0,-0.147,0,1,0,0.147,0,-0.989],"_humanoidState":8,"_cameraCFrame":[768.325,230.427,44.374,-0.989,0.14,-0.048,0,0.322,0.947,0.148,0.936,-0.318],"_shiftlockState":true,"_pose":"Running","_animationQueue":[],"_animationSpeed":1.1,"_zoom":6.577},{"_mousePosition":[683,384],"_rootPartCFrame":[770.105,222.7,46.246,-0.989,0,-0.148,0,1,0,0.148,0,-0.989],"_humanoidState":8,"_cameraCFrame":[768.061,230.427,44.412,-0.989,0.14,-0.048,0,0.322,0.947,0.148,0.936,-0.318],"_shiftlockState":true,"_pose":"Running","_animationQueue":[],"_animationSpeed":1.1,"_zoom":6.577},{"_mousePosition":[683,384],"_rootPartCFrame":[769.775,222.649,46.295,-0.989,0,-0.148,0,1,0,0.148,0,-0.989],"_humanoidState":8,"_cameraCFrame":[767.731,230.376,44.461,-0.989,0.14,-0.048,0,0.322,0.947,0.148,0.936,-0.318],"_shiftlockState":true,"_pose":"Running","_animationQueue":[["walk",0.1]],"_animationSpeed":1.1,"_zoom":6.577},{"_mousePosition":[683,384],"_rootPartCFrame":[769.577,222.577,46.324,-0.989,0,-0.148,0,1,0,0.148,0,-0.989],"_humanoidState":8,"_cameraCFrame":[767.534,230.304,44.491,-0.989,0.14,-0.048,0,0.322,0.947,0.148,0.936,-0.318],"_shiftlockState":true,"_pose":"Running","_animationQueue":[],"_animationSpeed":1.1,"_zoom":6.577},{"_mousePosition":[683,384],"_rootPartCFrame":[769.314,222.434,46.363,-0.989,0,-0.148,0,1,0,0.148,0,-0.989],"_humanoidState":8,"_cameraCFrame":[767.27,230.161,44.53,-0.989,0.14,-0.048,0,0.322,0.947,0.148,0.936,-0.318],"_shiftlockState":true,"_pose":"Running","_animationQueue":[],"_animationSpeed":1.1,"_zoom":6.577},{"_mousePosition":[683,384],"_rootPartCFrame":[769.05,223.307,46.402,-0.989,0,-0.148,0,1,0,0.148,0,-0.989],"_humanoidState":3,"_cameraCFrame":[767.006,231.034,44.569,-0.989,0.14,-0.048,0,0.322,0.947,0.148,0.936,-0.318],"_shiftlockState":true,"_pose":"Jumping","_animationQueue":[["walk",0.1],["jump",0.1]],"_animationSpeed":1,"_zoom":6.577},{"_mousePosition":[683,384],"_rootPartCFrame":[768.786,224.129,46.442,-0.998,0,-0.057,0,1,0,0.057,0,-0.998],"_humanoidState":5,"_cameraCFrame":[766.742,231.857,44.609,-0.989,0.14,-0.048,0,0.322,0.947,0.148,0.936,-0.318],"_shiftlockState":true,"_pose":"FreeFall","_animationQueue":[["jump",0.1]],"_animationSpeed":1,"_zoom":6.577},{"_mousePosition":[683,384],"_rootPartCFrame":[768.523,224.897,46.481,-1,0,-0.02,0,1,0,0.02,0,-1],"_humanoidState":5,"_cameraCFrame":[766.479,232.624,44.648,-0.989,0.14,-0.048,0,0.322,0.947,0.148,0.936,-0.318],"_shiftlockState":true,"_pose":"FreeFall","_animationQueue":[],"_animationSpeed":1,"_zoom":6.577},{"_mousePosition":[683,384],"_rootPartCFrame":[768.259,225.61,46.521,-1,0,-0.016,0,1,0,0.016,0,-1],"_humanoidState":5,"_cameraCFrame":[766.208,233.474,44.641,-0.989,0.14,-0.048,0,0.322,0.947,0.148,0.936,-0.318],"_shiftlockState":true,"_pose":"FreeFall","_animationQueue":[],"_animationSpeed":1,"_zoom":8.721},{"_mousePosition":[683,384],"_rootPartCFrame":[767.995,226.268,46.56,-1,0,-0.015,0,1,0,0.015,0,-1],"_humanoidState":5,"_cameraCFrame":[765.929,234.437,44.579,-0.989,0.14,-0.048,0,0.322,0.947,0.148,0.936,-0.318],"_shiftlockState":true,"_pose":"FreeFall","_animationQueue":[],"_animationSpeed":1,"_zoom":8.721},{"_mousePosition":[683,384],"_rootPartCFrame":[767.732,226.872,46.6,-1,0,-0.015,0,1,0,0.015,0,-1],"_humanoidState":5,"_cameraCFrame":[765.652,235.421,44.513,-0.989,0.139,-0.047,0,0.319,0.948,0.147,0.938,-0.315],"_shiftlockState":true,"_pose":"FreeFall","_animationQueue":[],"_animationSpeed":1,"_zoom":8.721},{"_mousePosition":[683,384],"_rootPartCFrame":[767.468,227.422,46.639,-1,0,-0.014,0,1,0,0.014,0,-1],"_humanoidState":5,"_cameraCFrame":[765.396,236.307,44.478,-0.99,0.133,-0.044,0,0.313,0.95,0.14,0.941,-0.309],"_shiftlockState":true,"_pose":"FreeFall","_animationQueue":[],"_animationSpeed":1,"_zoom":8.721},{"_mousePosition":[683,384],"_rootPartCFrame":[767.204,227.917,46.679,-1,0,-0.007,0,1,0,0.007,0,-1],"_humanoidState":5,"_cameraCFrame":[765.166,237.061,44.466,-0.992,0.117,-0.038,0,0.305,0.952,0.123,0.945,-0.303],"_shiftlockState":true,"_pose":"FreeFall","_animationQueue":[],"_animationSpeed":1,"_zoom":8.721},{"_mousePosition":[683,384],"_rootPartCFrame":[766.94,228.357,46.716,-1,0,0.01,0,1,0,-0.01,0,-1],"_humanoidState":5,"_cameraCFrame":[764.948,237.721,44.477,-0.995,0.099,-0.031,0,0.296,0.955,0.103,0.95,-0.294],"_shiftlockState":true,"_pose":"FreeFall","_animationQueue":[],"_animationSpeed":1,"_zoom":8.721},{"_mousePosition":[683,384],"_rootPartCFrame":[766.61,228.831,46.758,-0.998,0,0.063,0,1,0,-0.063,0,-0.998],"_humanoidState":5,"_cameraCFrame":[764.65,238.35,44.484,-0.996,0.085,-0.026,0,0.291,0.957,0.089,0.953,-0.29],"_shiftlockState":true,"_pose":"FreeFall","_animationQueue":[],"_animationSpeed":1,"_zoom":8.721},{"_mousePosition":[683,384],"_rootPartCFrame":[766.411,229.075,46.779,-1,0,0.011,0,1,0,-0.011,0,-1],"_humanoidState":5,"_cameraCFrame":[764.475,238.704,44.48,-0.997,0.075,-0.023,0,0.288,0.958,0.078,0.955,-0.287],"_shiftlockState":true,"_pose":"FreeFall","_animationQueue":[],"_animationSpeed":1,"_zoom":8.721},{"_mousePosition":[683,384],"_rootPartCFrame":[766.079,229.413,46.809,-0.996,0,0.088,0,1,0,-0.088,0,-0.996],"_humanoidState":5,"_cameraCFrame":[764.164,239.116,44.491,-0.998,0.066,-0.02,0,0.286,0.958,0.069,0.956,-0.285],"_shiftlockState":true,"_pose":"FreeFall","_animationQueue":[],"_animationSpeed":1,"_zoom":8.721},{"_mousePosition":[683,384],"_rootPartCFrame":[765.88,229.574,46.825,-1,0,0.031,0,1,0,-0.031,0,-1],"_humanoidState":5,"_cameraCFrame":[763.978,239.333,44.51,-0.998,0.061,-0.018,0,0.282,0.959,0.064,0.957,-0.282],"_shiftlockState":true,"_pose":"FreeFall","_animationQueue":[],"_animationSpeed":1,"_zoom":8.721},{"_mousePosition":[683,384],"_rootPartCFrame":[765.547,229.776,46.849,-0.995,0,0.103,0,1,0,-0.103,0,-0.995],"_humanoidState":5,"_cameraCFrame":[763.65,239.57,44.526,-0.998,0.059,-0.017,0,0.282,0.959,0.062,0.958,-0.281],"_shiftlockState":true,"_pose":"FreeFall","_animationQueue":[],"_animationSpeed":1,"_zoom":8.721},{"_mousePosition":[683,384],"_rootPartCFrame":[765.347,229.856,46.862,-0.999,0,0.038,0,1,0,-0.038,0,-0.999],"_humanoidState":5,"_cameraCFrame":[763.458,239.679,44.539,-0.998,0.056,-0.016,0,0.28,0.96,0.059,0.958,-0.28],"_shiftlockState":true,"_pose":"FreeFall","_animationQueue":[],"_animationSpeed":1,"_zoom":8.721},{"_mousePosition":[683,384],"_rootPartCFrame":[765.081,229.915,46.878,-0.997,0,0.075,0,1,0,-0.075,0,-0.997],"_humanoidState":5,"_cameraCFrame":[763.202,239.758,44.556,-0.999,0.052,-0.015,0,0.279,0.96,0.054,0.959,-0.278],"_shiftlockState":true,"_pose":"FreeFall","_animationQueue":[],"_animationSpeed":1,"_zoom":8.721},{"_mousePosition":[683,384],"_rootPartCFrame":[764.815,229.919,46.894,-0.997,0,0.079,0,1,0,-0.079,0,-0.997],"_humanoidState":5,"_cameraCFrame":[762.949,239.779,44.58,-0.999,0.047,-0.014,0,0.276,0.961,0.049,0.96,-0.276],"_shiftlockState":true,"_pose":"FreeFall","_animationQueue":[],"_animationSpeed":1,"_zoom":8.721},{"_mousePosition":[683,384],"_rootPartCFrame":[764.549,229.869,46.909,-0.996,0,0.084,0,1,0,-0.084,0,-0.996],"_humanoidState":5,"_cameraCFrame":[762.699,239.744,44.607,-0.999,0.041,-0.012,0,0.273,0.962,0.043,0.961,-0.273],"_shiftlockState":true,"_pose":"FreeFall","_animationQueue":[["fall",0.3]],"_animationSpeed":1,"_zoom":8.721},{"_mousePosition":[683,384],"_rootPartCFrame":[764.282,229.765,46.922,-0.996,0,0.09,0,1,0,-0.09,0,-0.996],"_humanoidState":5,"_cameraCFrame":[762.455,239.654,44.636,-0.999,0.032,-0.009,0,0.269,0.963,0.033,0.963,-0.269],"_shiftlockState":true,"_pose":"FreeFall","_animationQueue":[],"_animationSpeed":1,"_zoom":8.721},{"_mousePosition":[683,384],"_rootPartCFrame":[764.016,229.606,46.934,-0.995,0,0.1,0,1,0,-0.1,0,-0.995],"_humanoidState":5,"_cameraCFrame":[762.218,239.51,44.664,-1,0.02,-0.006,0,0.265,0.964,0.021,0.964,-0.265],"_shiftlockState":true,"_pose":"FreeFall","_animationQueue":[],"_animationSpeed":1,"_zoom":8.721},{"_mousePosition":[683,384],"_rootPartCFrame":[763.683,229.331,46.945,-0.989,0,0.145,0,1,0,-0.145,0,-0.989],"_humanoidState":5,"_cameraCFrame":[761.924,239.25,44.693,-1,0.004,-0.001,0,0.259,0.966,0.004,0.966,-0.259],"_shiftlockState":true,"_pose":"FreeFall","_animationQueue":[],"_animationSpeed":1,"_zoom":8.721},{"_mousePosition":[683,384],"_rootPartCFrame":[763.416,229.049,46.951,-0.992,0,0.129,0,1,0,-0.129,0,-0.992],"_humanoidState":5,"_cameraCFrame":[761.704,238.982,44.71,-1,-0.016,0.004,0,0.254,0.967,-0.017,0.967,-0.254],"_shiftlockState":true,"_pose":"FreeFall","_animationQueue":[],"_animationSpeed":1,"_zoom":8.721},{"_mousePosition":[683,384],"_rootPartCFrame":[763.216,228.802,46.953,-0.993,0,0.117,0,1,0,-0.117,0,-0.993],"_humanoidState":5,"_cameraCFrame":[761.559,238.745,44.703,-0.999,-0.041,0.01,0,0.25,0.968,-0.042,0.967,-0.25],"_shiftlockState":true,"_pose":"FreeFall","_animationQueue":[],"_animationSpeed":1,"_zoom":8.721},{"_mousePosition":[683,384],"_rootPartCFrame":[762.883,228.322,46.948,-0.978,0,0.207,0,1,0,-0.207,0,-0.978],"_humanoidState":5,"_cameraCFrame":[761.288,238.273,44.679,-0.998,-0.068,0.017,0,0.247,0.969,-0.07,0.967,-0.246],"_shiftlockState":true,"_pose":"FreeFall","_animationQueue":[["fall",0.3]],"_animationSpeed":1,"_zoom":8.721},{"_mousePosition":[683,384],"_rootPartCFrame":[762.683,227.994,46.941,-0.986,0,0.169,0,1,0,-0.169,0,-0.986],"_humanoidState":5,"_cameraCFrame":[761.162,237.948,44.634,-0.995,-0.099,0.025,0,0.245,0.969,-0.103,0.964,-0.244],"_shiftlockState":true,"_pose":"FreeFall","_animationQueue":[],"_animationSpeed":1,"_zoom":8.721},{"_mousePosition":[683,384],"_rootPartCFrame":[762.417,227.508,46.923,-0.972,0,0.234,0,1,0,-0.234,0,-0.972],"_humanoidState":5,"_cameraCFrame":[761.007,237.464,44.553,-0.989,-0.146,0.037,0,0.244,0.97,-0.15,0.959,-0.242],"_shiftlockState":true,"_pose":"FreeFall","_animationQueue":[],"_animationSpeed":1,"_zoom":8.721},{"_mousePosition":[683,384],"_rootPartCFrame":[762.085,226.824,46.89,-0.95,0,0.312,0,1,0,-0.312,0,-0.95],"_humanoidState":5,"_cameraCFrame":[760.837,236.78,44.431,-0.976,-0.21,0.053,0,0.244,0.97,-0.216,0.947,-0.239],"_shiftlockState":true,"_pose":"FreeFall","_animationQueue":[],"_animationSpeed":1,"_zoom":8.721},{"_mousePosition":[683,384],"_rootPartCFrame":[761.887,226.372,46.862,-0.95,0,0.313,0,1,0,-0.313,0,-0.95],"_humanoidState":5,"_cameraCFrame":[760.911,236.329,44.283,-0.947,-0.31,0.078,0,0.244,0.97,-0.32,0.919,-0.232],"_shiftlockState":true,"_pose":"FreeFall","_animationQueue":[],"_animationSpeed":1,"_zoom":8.721},{"_mousePosition":[683,384],"_rootPartCFrame":[761.626,225.723,46.807,-0.896,0,0.443,0,1,0,-0.443,0,-0.896],"_humanoidState":5,"_cameraCFrame":[761.046,235.679,44.111,-0.889,-0.444,0.112,0,0.244,0.97,-0.458,0.862,-0.217],"_shiftlockState":true,"_pose":"FreeFall","_animationQueue":[],"_animationSpeed":1,"_zoom":8.721},{"_mousePosition":[683,384],"_rootPartCFrame":[761.371,225.019,46.73,-0.82,0,0.572,0,1,0,-0.572,0,-0.82],"_humanoidState":5,"_cameraCFrame":[761.249,234.972,43.965,-0.802,-0.579,0.147,0,0.246,0.969,-0.597,0.777,-0.197],"_shiftlockState":true,"_pose":"FreeFall","_animationQueue":[],"_animationSpeed":1,"_zoom":8.721},{"_mousePosition":[683,384],"_rootPartCFrame":[761.128,224.26,46.624,-0.716,0,0.698,0,1,0,-0.698,0,-0.716],"_humanoidState":5,"_cameraCFrame":[761.553,234.212,43.883,-0.67,-0.72,0.183,0,0.247,0.969,-0.743,0.649,-0.165],"_shiftlockState":true,"_pose":"FreeFall","_animationQueue":[["fall",0.3]],"_animationSpeed":1,"_zoom":8.721},{"_mousePosition":[683,384],"_rootPartCFrame":[760.848,223.235,46.445,-0.537,0,0.843,0,1,0,-0.843,0,-0.537],"_humanoidState":5,"_cameraCFrame":[761.763,233.199,43.866,-0.511,-0.834,0.207,0,0.241,0.97,-0.86,0.496,-0.123],"_shiftlockState":true,"_pose":"FreeFall","_animationQueue":[],"_animationSpeed":1,"_zoom":8.721},{"_mousePosition":[683,384],"_rootPartCFrame":[760.696,222.58,46.317,-0.422,0,0.906,0,1,0,-0.906,0,-0.422],"_humanoidState":5,"_cameraCFrame":[761.936,232.565,43.953,-0.364,-0.906,0.215,0,0.231,0.973,-0.931,0.354,-0.084],"_shiftlockState":true,"_pose":"FreeFall","_animationQueue":[],"_animationSpeed":1,"_zoom":8.721},{"_mousePosition":[683,384],"_rootPartCFrame":[760.551,221.964,46.095,-0.325,0,0.946,0,1,0,-0.946,0,-0.325],"_humanoidState":7,"_cameraCFrame":[761.971,231.972,43.926,-0.248,-0.945,0.212,0,0.219,0.976,-0.969,0.242,-0.054],"_shiftlockState":true,"_pose":"FreeFall","_animationQueue":[["walk",0.1],["fall",0.3],["fall",0.3]],"_animationSpeed":1,"_zoom":8.721},{"_mousePosition":[683,384],"_rootPartCFrame":[760.448,221.971,45.85,-0.243,0,0.97,0,1,0,-0.97,0,-0.243],"_humanoidState":7,"_cameraCFrame":[761.98,231.991,43.802,-0.174,-0.962,0.211,0,0.214,0.977,-0.985,0.17,-0.037],"_shiftlockState":true,"_pose":"FreeFall","_animationQueue":[],"_animationSpeed":1,"_zoom":8.721},{"_mousePosition":[683,384],"_rootPartCFrame":[760.339,221.991,45.574,-0.173,0,0.985,0,1,0,-0.985,0,-0.173],"_humanoidState":8,"_cameraCFrame":[761.89,232.019,43.573,-0.148,-0.967,0.208,0,0.21,0.978,-0.989,0.145,-0.031],"_shiftlockState":true,"_pose":"Running","_animationQueue":[["walk",0.1],["fall",0.3],["walk",0.1]],"_animationSpeed":1.103,"_zoom":8.721},{"_mousePosition":[683,384],"_rootPartCFrame":[760.28,222.651,45.423,-0.148,0,0.989,0,1,0,-0.989,0,-0.148],"_humanoidState":3,"_cameraCFrame":[761.83,232.679,43.427,-0.145,-0.968,0.207,0,0.209,0.978,-0.989,0.142,-0.03],"_shiftlockState":true,"_pose":"Jumping","_animationQueue":[["walk",0.1],["jump",0.1]],"_animationSpeed":1,"_zoom":8.721},{"_mousePosition":[683,384],"_rootPartCFrame":[760.214,223.486,45.2,-0.053,0,0.999,0,1,0,-0.999,0,-0.053],"_humanoidState":5,"_cameraCFrame":[761.753,233.516,43.202,-0.147,-0.967,0.206,0,0.208,0.978,-0.989,0.144,-0.031],"_shiftlockState":true,"_pose":"FreeFall","_animationQueue":[["jump",0.1]],"_animationSpeed":1,"_zoom":8.721},{"_mousePosition":[683,384],"_rootPartCFrame":[760.168,224.267,44.946,-0.019,0,1,0,1,0,-1,0,-0.019],"_humanoidState":5,"_cameraCFrame":[761.675,234.3,42.936,-0.156,-0.966,0.204,0,0.207,0.978,-0.988,0.153,-0.032],"_shiftlockState":true,"_pose":"FreeFall","_animationQueue":[],"_animationSpeed":1,"_zoom":8.721},{"_mousePosition":[683,384],"_rootPartCFrame":[760.129,224.994,44.683,-0.024,0,1,0,1,0,-1,0,-0.024],"_humanoidState":5,"_cameraCFrame":[761.603,235.03,42.661,-0.166,-0.965,0.202,0,0.205,0.979,-0.986,0.162,-0.034],"_shiftlockState":true,"_pose":"FreeFall","_animationQueue":[],"_animationSpeed":1,"_zoom":8.721},{"_mousePosition":[683,384],"_rootPartCFrame":[760.088,225.666,44.419,-0.033,0,0.999,0,1,0,-0.999,0,-0.033],"_humanoidState":5,"_cameraCFrame":[761.53,235.703,42.38,-0.178,-0.963,0.201,0,0.204,0.979,-0.984,0.174,-0.036],"_shiftlockState":true,"_pose":"FreeFall","_animationQueue":[],"_animationSpeed":1,"_zoom":8.721},{"_mousePosition":[683,384],"_rootPartCFrame":[760.044,226.284,44.156,-0.046,0,0.999,0,1,0,-0.999,0,-0.046],"_humanoidState":5,"_cameraCFrame":[761.466,236.321,42.103,-0.187,-0.962,0.201,0,0.204,0.979,-0.982,0.183,-0.038],"_shiftlockState":true,"_pose":"FreeFall","_animationQueue":[],"_animationSpeed":1,"_zoom":8.721},{"_mousePosition":[683,384],"_rootPartCFrame":[759.997,226.847,43.894,-0.055,0,0.998,0,1,0,-0.998,0,-0.055],"_humanoidState":5,"_cameraCFrame":[761.389,236.887,41.832,-0.195,-0.96,0.199,0,0.203,0.979,-0.981,0.191,-0.04],"_shiftlockState":true,"_pose":"FreeFall","_animationQueue":[],"_animationSpeed":1,"_zoom":8.721},{"_mousePosition":[683,384],"_rootPartCFrame":[759.935,227.474,43.566,-0.03,0,1,0,1,0,-1,0,-0.03],"_humanoidState":5,"_cameraCFrame":[761.298,237.517,41.497,-0.203,-0.959,0.197,0,0.201,0.98,-0.979,0.199,-0.041],"_shiftlockState":true,"_pose":"FreeFall","_animationQueue":[],"_animationSpeed":1,"_zoom":8.721},{"_mousePosition":[683,384],"_rootPartCFrame":[759.896,227.81,43.37,-0.104,0,0.995,0,1,0,-0.995,0,-0.104],"_humanoidState":5,"_cameraCFrame":[761.22,237.856,41.287,-0.215,-0.957,0.195,0,0.2,0.98,-0.977,0.211,-0.043],"_shiftlockState":true,"_pose":"FreeFall","_animationQueue":[],"_animationSpeed":1,"_zoom":8.721},{"_mousePosition":[683,384],"_rootPartCFrame":[759.842,228.209,43.109,-0.083,0,0.997,0,1,0,-0.997,0,-0.083],"_humanoidState":5,"_cameraCFrame":[761.107,238.259,41.006,-0.233,-0.953,0.192,0,0.197,0.98,-0.972,0.229,-0.046],"_shiftlockState":true,"_pose":"FreeFall","_animationQueue":[],"_animationSpeed":1,"_zoom":8.721},{"_mousePosition":[683,384],"_rootPartCFrame":[759.771,228.632,42.783,-0.069,0,0.998,0,1,0,-0.998,0,-0.069],"_humanoidState":5,"_cameraCFrame":[760.982,238.685,40.66,-0.252,-0.949,0.189,0,0.196,0.981,-0.968,0.247,-0.049],"_shiftlockState":true,"_pose":"FreeFall","_animationQueue":[],"_animationSpeed":1,"_zoom":8.721},{"_mousePosition":[683,384],"_rootPartCFrame":[759.725,228.845,42.589,-0.154,0,0.988,0,1,0,-0.988,0,-0.154],"_humanoidState":5,"_cameraCFrame":[760.88,238.902,40.451,-0.268,-0.945,0.186,0,0.193,0.981,-0.963,0.263,-0.052],"_shiftlockState":true,"_pose":"FreeFall","_animationQueue":[],"_animationSpeed":1,"_zoom":8.721},{"_mousePosition":[683,384],"_rootPartCFrame":[759.659,229.081,42.33,-0.137,0,0.991,0,1,0,-0.991,0,-0.137],"_humanoidState":5,"_cameraCFrame":[760.767,239.142,40.184,-0.28,-0.942,0.183,0,0.191,0.982,-0.96,0.275,-0.053],"_shiftlockState":true,"_pose":"FreeFall","_animationQueue":[],"_animationSpeed":1,"_zoom":8.721},{"_mousePosition":[683,384],"_rootPartCFrame":[759.588,229.263,42.073,-0.15,0,0.989,0,1,0,-0.989,0,-0.15],"_humanoidState":5,"_cameraCFrame":[760.67,239.325,39.919,-0.289,-0.94,0.182,0,0.19,0.982,-0.957,0.284,-0.055],"_shiftlockState":true,"_pose":"FreeFall","_animationQueue":[],"_animationSpeed":1,"_zoom":8.721},{"_mousePosition":[683,384],"_rootPartCFrame":[759.514,229.39,41.817,-0.159,0,0.987,0,1,0,-0.987,0,-0.159],"_humanoidState":5,"_cameraCFrame":[760.573,239.452,39.651,-0.299,-0.937,0.181,0,0.19,0.982,-0.954,0.293,-0.057],"_shiftlockState":true,"_pose":"FreeFall","_animationQueue":[],"_animationSpeed":1,"_zoom":8.721},{"_mousePosition":[683,384],"_rootPartCFrame":[759.437,229.463,41.562,-0.169,0,0.986,0,1,0,-0.986,0,-0.169],"_humanoidState":5,"_cameraCFrame":[760.471,239.526,39.389,-0.307,-0.935,0.18,0,0.189,0.982,-0.952,0.301,-0.058],"_shiftlockState":true,"_pose":"FreeFall","_animationQueue":[],"_animationSpeed":1,"_zoom":8.721},{"_mousePosition":[683,384],"_rootPartCFrame":[759.358,229.481,41.307,-0.178,0,0.984,0,1,0,-0.984,0,-0.178],"_humanoidState":5,"_cameraCFrame":[760.378,239.544,39.128,-0.313,-0.933,0.18,0,0.189,0.982,-0.95,0.307,-0.059],"_shiftlockState":true,"_pose":"FreeFall","_animationQueue":[],"_animationSpeed":1,"_zoom":8.721},{"_mousePosition":[683,384],"_rootPartCFrame":[759.276,229.445,41.053,-0.184,0,0.983,0,1,0,-0.983,0,-0.184],"_humanoidState":5,"_cameraCFrame":[760.281,239.508,38.867,-0.32,-0.93,0.179,0,0.189,0.982,-0.947,0.314,-0.061],"_shiftlockState":true,"_pose":"FreeFall","_animationQueue":[],"_animationSpeed":1,"_zoom":8.721},{"_mousePosition":[683,384],"_rootPartCFrame":[759.193,229.354,40.8,-0.191,0,0.982,0,1,0,-0.982,0,-0.191],"_humanoidState":5,"_cameraCFrame":[760.175,239.417,38.603,-0.33,-0.927,0.179,0,0.189,0.982,-0.944,0.324,-0.062],"_shiftlockState":true,"_pose":"FreeFall","_animationQueue":[],"_animationSpeed":1,"_zoom":8.721},{"_mousePosition":[683,384],"_rootPartCFrame":[759.108,229.208,40.547,-0.201,0,0.98,0,1,0,-0.98,0,-0.201],"_humanoidState":5,"_cameraCFrame":[760.06,239.272,38.337,-0.343,-0.923,0.178,0,0.189,0.982,-0.939,0.336,-0.065],"_shiftlockState":true,"_pose":"FreeFall","_animationQueue":[],"_animationSpeed":1,"_zoom":8.721},{"_mousePosition":[683,384],"_rootPartCFrame":[759.021,229.008,40.295,-0.215,0,0.977,0,1,0,-0.977,0,-0.215],"_humanoidState":5,"_cameraCFrame":[759.94,239.072,38.072,-0.356,-0.917,0.177,0,0.189,0.982,-0.934,0.35,-0.067],"_shiftlockState":true,"_pose":"FreeFall","_animationQueue":[],"_animationSpeed":1,"_zoom":8.721},{"_mousePosition":[683,384],"_rootPartCFrame":[758.907,228.682,39.982,-0.196,0,0.981,0,1,0,-0.981,0,-0.196],"_humanoidState":5,"_cameraCFrame":[759.785,238.748,37.752,-0.368,-0.913,0.175,0,0.188,0.982,-0.93,0.361,-0.069],"_shiftlockState":true,"_pose":"FreeFall","_animationQueue":[["fall",0.3]],"_animationSpeed":1,"_zoom":8.721},{"_mousePosition":[683,384],"_rootPartCFrame":[758.836,228.445,39.795,-0.273,0,0.962,0,1,0,-0.962,0,-0.273],"_humanoidState":5,"_cameraCFrame":[759.685,238.513,37.559,-0.378,-0.91,0.173,0,0.187,0.982,-0.926,0.371,-0.071],"_shiftlockState":true,"_pose":"FreeFall","_animationQueue":[],"_animationSpeed":1,"_zoom":8.721},{"_mousePosition":[683,384],"_rootPartCFrame":[758.714,227.983,39.485,-0.219,0,0.976,0,1,0,-0.976,0,-0.219],"_humanoidState":5,"_cameraCFrame":[759.515,238.054,37.246,-0.389,-0.905,0.17,0,0.185,0.983,-0.921,0.383,-0.072],"_shiftlockState":true,"_pose":"FreeFall","_animationQueue":[],"_animationSpeed":1,"_zoom":8.721},{"_mousePosition":[683,384],"_rootPartCFrame":[758.639,227.664,39.299,-0.295,0,0.955,0,1,0,-0.955,0,-0.295],"_humanoidState":5,"_cameraCFrame":[759.401,237.737,37.052,-0.403,-0.9,0.168,0,0.184,0.983,-0.915,0.396,-0.074],"_shiftlockState":true,"_pose":"FreeFall","_animationQueue":[],"_animationSpeed":1,"_zoom":8.721},{"_mousePosition":[683,384],"_rootPartCFrame":[758.51,227.065,38.992,-0.245,0,0.969,0,1,0,-0.969,0,-0.245],"_humanoidState":5,"_cameraCFrame":[759.21,237.142,36.74,-0.42,-0.892,0.165,0,0.181,0.983,-0.908,0.413,-0.076],"_shiftlockState":true,"_pose":"FreeFall","_animationQueue":[],"_animationSpeed":1,"_zoom":8.721},{"_mousePosition":[683,384],"_rootPartCFrame":[758.43,226.665,38.809,-0.327,0,0.945,0,1,0,-0.945,0,-0.327],"_humanoidState":5,"_cameraCFrame":[759.032,236.747,36.547,-0.449,-0.879,0.159,0,0.178,0.984,-0.893,0.442,-0.08],"_shiftlockState":true,"_pose":"FreeFall","_animationQueue":[],"_animationSpeed":1,"_zoom":8.721},{"_mousePosition":[683,384],"_rootPartCFrame":[758.318,226.083,38.566,-0.327,0,0.945,0,1,0,-0.945,0,-0.327],"_humanoidState":5,"_cameraCFrame":[758.788,236.172,36.3,-0.487,-0.86,0.152,0,0.174,0.985,-0.873,0.48,-0.085],"_shiftlockState":true,"_pose":"FreeFall","_animationQueue":[],"_animationSpeed":1,"_zoom":8.721},{"_mousePosition":[683,384],"_rootPartCFrame":[758.2,225.448,38.328,-0.367,0,0.93,0,1,0,-0.93,0,-0.367],"_humanoidState":5,"_cameraCFrame":[758.584,235.536,36.045,-0.52,-0.841,0.148,0,0.174,0.985,-0.854,0.512,-0.09],"_shiftlockState":true,"_pose":"FreeFall","_animationQueue":[["fall",0.3]],"_animationSpeed":1,"_zoom":8.721},{"_mousePosition":[683,384],"_rootPartCFrame":[758.039,224.576,38.036,-0.371,0,0.929,0,1,0,-0.929,0,-0.371],"_humanoidState":5,"_cameraCFrame":[758.327,234.665,35.739,-0.555,-0.819,0.144,0,0.174,0.985,-0.832,0.547,-0.096],"_shiftlockState":true,"_pose":"FreeFall","_animationQueue":[],"_animationSpeed":1,"_zoom":8.721},{"_mousePosition":[683,384],"_rootPartCFrame":[757.936,224.012,37.864,-0.469,0,0.883,0,1,0,-0.883,0,-0.469],"_humanoidState":5,"_cameraCFrame":[758.128,234.101,35.558,-0.589,-0.796,0.14,0,0.174,0.985,-0.808,0.58,-0.102],"_shiftlockState":true,"_pose":"FreeFall","_animationQueue":[],"_animationSpeed":1,"_zoom":8.721},{"_mousePosition":[683,384],"_rootPartCFrame":[757.79,223.213,37.641,-0.477,0,0.879,0,1,0,-0.879,0,-0.477],"_humanoidState":5,"_cameraCFrame":[757.921,233.302,35.331,-0.61,-0.78,0.138,0,0.174,0.985,-0.792,0.601,-0.106],"_shiftlockState":true,"_pose":"FreeFall","_animationQueue":[],"_animationSpeed":1,"_zoom":8.721},{"_mousePosition":[683,384],"_rootPartCFrame":[757.595,222.137,37.371,-0.583,0,0.812,0,1,0,-0.812,0,-0.583],"_humanoidState":7,"_cameraCFrame":[757.685,232.226,35.059,-0.624,-0.769,0.136,0,0.174,0.985,-0.781,0.615,-0.108],"_shiftlockState":true,"_pose":"FreeFall","_animationQueue":[["walk",0.1],["fall",0.3],["fall",0.3]],"_animationSpeed":1,"_zoom":8.721},{"_mousePosition":[683,384],"_rootPartCFrame":[757.433,221.983,37.159,-0.625,0,0.781,0,1,0,-0.781,0,-0.625],"_humanoidState":7,"_cameraCFrame":[757.506,232.072,34.846,-0.63,-0.765,0.135,0,0.174,0.985,-0.777,0.62,-0.109],"_shiftlockState":true,"_pose":"FreeFall","_animationQueue":[],"_animationSpeed":1,"_zoom":8.721},{"_mousePosition":[683,384],"_rootPartCFrame":[757.308,222.026,37.003,-0.63,0,0.777,0,1,0,-0.777,0,-0.63],"_humanoidState":8,"_cameraCFrame":[757.362,232.115,34.689,-0.637,-0.76,0.134,0,0.174,0.985,-0.771,0.627,-0.111],"_shiftlockState":true,"_pose":"Running","_animationQueue":[["walk",0.1],["fall",0.3],["walk",0.1]],"_animationSpeed":1.103,"_zoom":8.721},{"_mousePosition":[683,384],"_rootPartCFrame":[757.141,222.03,36.795,-0.637,0,0.771,0,1,0,-0.771,0,-0.637],"_humanoidState":8,"_cameraCFrame":[757.183,232.119,34.482,-0.641,-0.756,0.133,0,0.174,0.985,-0.768,0.631,-0.111],"_shiftlockState":true,"_pose":"Running","_animationQueue":[["walk",0.1]],"_animationSpeed":1.103,"_zoom":8.721},{"_mousePosition":[683,384],"_rootPartCFrame":[756.971,221.938,36.59,-0.641,0,0.768,0,1,0,-0.768,0,-0.641],"_humanoidState":8,"_cameraCFrame":[757.015,232.027,34.276,-0.64,-0.757,0.133,0,0.174,0.985,-0.769,0.63,-0.111],"_shiftlockState":true,"_pose":"Running","_animationQueue":[],"_animationSpeed":1.103,"_zoom":8.721},{"_mousePosition":[683,384],"_rootPartCFrame":[756.8,221.791,36.385,-0.64,0,0.769,0,1,0,-0.769,0,-0.64],"_humanoidState":8,"_cameraCFrame":[756.841,231.877,34.062,-0.645,-0.753,0.134,0,0.175,0.985,-0.765,0.635,-0.113],"_shiftlockState":true,"_pose":"Running","_animationQueue":[],"_animationSpeed":1.103,"_zoom":8.721},{"_mousePosition":[683,384],"_rootPartCFrame":[756.63,221.59,36.18,-0.645,0,0.765,0,1,0,-0.765,0,-0.645],"_humanoidState":8,"_cameraCFrame":[756.67,231.676,33.857,-0.645,-0.753,0.134,0,0.175,0.985,-0.765,0.635,-0.113],"_shiftlockState":true,"_pose":"Running","_animationQueue":[],"_animationSpeed":1.103,"_zoom":8.721},{"_mousePosition":[683,384],"_rootPartCFrame":[756.458,221.334,35.976,-0.645,0,0.765,0,1,0,-0.765,0,-0.645],"_humanoidState":8,"_cameraCFrame":[756.498,231.42,33.653,-0.645,-0.753,0.134,0,0.175,0.985,-0.765,0.635,-0.113],"_shiftlockState":true,"_pose":"Running","_animationQueue":[],"_animationSpeed":1.103,"_zoom":8.721},{"_mousePosition":[683,384],"_rootPartCFrame":[756.286,221.023,35.772,-0.645,0,0.765,0,1,0,-0.765,0,-0.645],"_humanoidState":8,"_cameraCFrame":[756.326,231.109,33.449,-0.645,-0.753,0.134,0,0.175,0.985,-0.765,0.635,-0.113],"_shiftlockState":true,"_pose":"Running","_animationQueue":[],"_animationSpeed":1.103,"_zoom":8.721},{"_mousePosition":[683,384],"_rootPartCFrame":[756.071,222.107,35.517,-0.645,0,0.765,0,1,0,-0.765,0,-0.645],"_humanoidState":3,"_cameraCFrame":[756.112,232.193,33.194,-0.645,-0.753,0.134,0,0.175,0.985,-0.765,0.635,-0.113],"_shiftlockState":true,"_pose":"Jumping","_animationQueue":[["walk",0.1],["jump",0.1]],"_animationSpeed":1,"_zoom":8.721},{"_mousePosition":[683,384],"_rootPartCFrame":[755.942,222.718,35.364,-0.595,0,0.803,0,1,0,-0.803,0,-0.595],"_humanoidState":5,"_cameraCFrame":[755.983,232.805,33.041,-0.645,-0.753,0.134,0,0.175,0.985,-0.765,0.635,-0.113],"_shiftlockState":true,"_pose":"FreeFall","_animationQueue":[["jump",0.1]],"_animationSpeed":1,"_zoom":8.721},{"_mousePosition":[683,384],"_rootPartCFrame":[755.77,223.486,35.16,-0.544,0,0.839,0,1,0,-0.839,0,-0.544],"_humanoidState":5,"_cameraCFrame":[755.811,233.572,32.837,-0.645,-0.753,0.134,0,0.175,0.985,-0.765,0.635,-0.113],"_shiftlockState":true,"_pose":"FreeFall","_animationQueue":[],"_animationSpeed":1,"_zoom":8.721},{"_mousePosition":[683,384],"_rootPartCFrame":[755.598,224.199,34.957,-0.538,0,0.843,0,1,0,-0.843,0,-0.538],"_humanoidState":5,"_cameraCFrame":[755.639,234.285,32.634,-0.645,-0.753,0.134,0,0.175,0.985,-0.765,0.635,-0.113],"_shiftlockState":true,"_pose":"FreeFall","_animationQueue":[],"_animationSpeed":1,"_zoom":8.721},{"_mousePosition":[683,384],"_rootPartCFrame":[755.427,224.857,34.753,-0.537,0,0.843,0,1,0,-0.843,0,-0.537],"_humanoidState":5,"_cameraCFrame":[755.467,234.944,32.43,-0.645,-0.753,0.134,0,0.175,0.985,-0.765,0.635,-0.113],"_shiftlockState":true,"_pose":"FreeFall","_animationQueue":[],"_animationSpeed":1,"_zoom":8.721},{"_mousePosition":[683,384],"_rootPartCFrame":[755.255,225.461,34.549,-0.537,0,0.843,0,1,0,-0.843,0,-0.537],"_humanoidState":5,"_cameraCFrame":[755.295,235.548,32.226,-0.645,-0.753,0.134,0,0.175,0.985,-0.765,0.635,-0.113],"_shiftlockState":true,"_pose":"FreeFall","_animationQueue":[],"_animationSpeed":1,"_zoom":8.721},{"_mousePosition":[683,384],"_rootPartCFrame":[755.083,226.011,34.345,-0.537,0,0.843,0,1,0,-0.843,0,-0.537],"_humanoidState":5,"_cameraCFrame":[755.123,236.097,32.022,-0.645,-0.753,0.134,0,0.175,0.985,-0.765,0.635,-0.113],"_shiftlockState":true,"_pose":"FreeFall","_animationQueue":[],"_animationSpeed":1,"_zoom":8.721},{"_mousePosition":[683,384],"_rootPartCFrame":[754.911,226.506,34.141,-0.537,0,0.843,0,1,0,-0.843,0,-0.537],"_humanoidState":5,"_cameraCFrame":[754.951,236.592,31.818,-0.645,-0.753,0.134,0,0.175,0.985,-0.765,0.635,-0.113],"_shiftlockState":true,"_pose":"FreeFall","_animationQueue":[],"_animationSpeed":1,"_zoom":8.721},{"_mousePosition":[683,384],"_rootPartCFrame":[754.739,226.946,33.937,-0.537,0,0.843,0,1,0,-0.843,0,-0.537],"_humanoidState":5,"_cameraCFrame":[754.78,237.033,31.614,-0.645,-0.753,0.134,0,0.175,0.985,-0.765,0.635,-0.113],"_shiftlockState":true,"_pose":"FreeFall","_animationQueue":[],"_animationSpeed":1,"_zoom":8.721},{"_mousePosition":[683,384],"_rootPartCFrame":[754.567,227.332,33.733,-0.537,0,0.843,0,1,0,-0.843,0,-0.537],"_humanoidState":5,"_cameraCFrame":[754.608,237.419,31.41,-0.645,-0.753,0.134,0,0.175,0.985,-0.765,0.635,-0.113],"_shiftlockState":true,"_pose":"FreeFall","_animationQueue":[],"_animationSpeed":1,"_zoom":8.721},{"_mousePosition":[683,384],"_rootPartCFrame":[754.395,227.664,33.529,-0.537,0,0.843,0,1,0,-0.843,0,-0.537],"_humanoidState":5,"_cameraCFrame":[754.437,237.747,31.193,-0.649,-0.748,0.135,0,0.178,0.984,-0.76,0.639,-0.115],"_shiftlockState":true,"_pose":"FreeFall","_animationQueue":[],"_animationSpeed":1,"_zoom":8.721},{"_mousePosition":[683,384],"_rootPartCFrame":[754.18,228.002,33.275,-0.514,0,0.858,0,1,0,-0.858,0,-0.514],"_humanoidState":5,"_cameraCFrame":[754.257,238.277,30.886,-0.657,-0.741,0.137,0,0.182,0.983,-0.754,0.646,-0.12],"_shiftlockState":true,"_pose":"FreeFall","_animationQueue":[],"_animationSpeed":1,"_zoom":11.402},{"_mousePosition":[683,384],"_rootPartCFrame":[754.008,228.211,33.072,-0.551,0,0.834,0,1,0,-0.834,0,-0.551],"_humanoidState":5,"_cameraCFrame":[754.128,238.887,30.623,-0.664,-0.735,0.137,0,0.184,0.983,-0.747,0.653,-0.122],"_shiftlockState":true,"_pose":"FreeFall","_animationQueue":[],"_animationSpeed":1,"_zoom":11.402},{"_mousePosition":[683,384],"_rootPartCFrame":[753.876,228.332,32.921,-0.586,0,0.81,0,1,0,-0.81,0,-0.586],"_humanoidState":5,"_cameraCFrame":[754.049,239.462,30.403,-0.671,-0.728,0.138,0,0.186,0.983,-0.741,0.66,-0.125],"_shiftlockState":true,"_pose":"FreeFall","_animationQueue":[],"_animationSpeed":1,"_zoom":11.402},{"_mousePosition":[683,384],"_rootPartCFrame":[753.699,228.445,32.721,-0.567,0,0.824,0,1,0,-0.824,0,-0.567],"_humanoidState":5,"_cameraCFrame":[753.941,239.954,30.138,-0.672,-0.727,0.139,0,0.188,0.982,-0.74,0.66,-0.126],"_shiftlockState":true,"_pose":"FreeFall","_animationQueue":[],"_animationSpeed":1,"_zoom":11.402},{"_mousePosition":[683,384],"_rootPartCFrame":[753.521,228.504,32.523,-0.568,0,0.823,0,1,0,-0.823,0,-0.568],"_humanoidState":5,"_cameraCFrame":[753.811,240.359,29.896,-0.672,-0.727,0.139,0,0.188,0.982,-0.74,0.66,-0.126],"_shiftlockState":true,"_pose":"FreeFall","_animationQueue":[],"_animationSpeed":1,"_zoom":11.402},{"_mousePosition":[683,384],"_rootPartCFrame":[753.297,228.501,32.276,-0.54,0,0.842,0,1,0,-0.842,0,-0.54],"_humanoidState":5,"_cameraCFrame":[753.615,240.59,29.618,-0.674,-0.726,0.139,0,0.188,0.982,-0.739,0.662,-0.127],"_shiftlockState":true,"_pose":"FreeFall","_animationQueue":[],"_animationSpeed":1,"_zoom":11.402},{"_mousePosition":[683,384],"_rootPartCFrame":[753.162,228.459,32.128,-0.597,0,0.803,0,1,0,-0.803,0,-0.597],"_humanoidState":5,"_cameraCFrame":[753.479,240.733,29.443,-0.681,-0.719,0.138,0,0.188,0.982,-0.732,0.669,-0.128],"_shiftlockState":true,"_pose":"FreeFall","_animationQueue":[],"_animationSpeed":1,"_zoom":11.402},{"_mousePosition":[683,384],"_rootPartCFrame":[752.983,228.354,31.931,-0.578,0,0.816,0,1,0,-0.816,0,-0.578],"_humanoidState":5,"_cameraCFrame":[753.277,240.754,29.225,-0.692,-0.709,0.136,0,0.188,0.982,-0.722,0.68,-0.13],"_shiftlockState":true,"_pose":"FreeFall","_animationQueue":[],"_animationSpeed":1,"_zoom":11.402},{"_mousePosition":[683,384],"_rootPartCFrame":[752.801,228.195,31.736,-0.59,0,0.807,0,1,0,-0.807,0,-0.59],"_humanoidState":5,"_cameraCFrame":[753.048,240.698,29.023,-0.705,-0.697,0.132,0,0.186,0.982,-0.709,0.692,-0.131],"_shiftlockState":true,"_pose":"FreeFall","_animationQueue":[],"_animationSpeed":1,"_zoom":11.402},{"_mousePosition":[683,384],"_rootPartCFrame":[752.617,227.982,31.543,-0.604,0,0.797,0,1,0,-0.797,0,-0.604],"_humanoidState":5,"_cameraCFrame":[752.814,240.551,28.838,-0.715,-0.687,0.129,0,0.184,0.983,-0.699,0.703,-0.132],"_shiftlockState":true,"_pose":"FreeFall","_animationQueue":[