[{"_mousePosition":[589,323],"_rootPartCFrame":[776.028,222.7,47.142,0.002,0,1,0,1,0,-1,0,0.002],"_humanoidState":8,"_cameraCFrame":[782.118,239.13,47.142,0,-0.926,0.378,0,0.378,0.926,-1,0,0],"_shiftlockState":false,"_pose":"Standing","_animationQueue":[],"_animationSpeed":1,"_zoom":16.125},{"_mousePosition":[589,323],"_rootPartCFrame":[775.781,222.7,47.142,0.002,0,1,0,1,0,-1,0,0.002],"_humanoidState":8,"_cameraCFrame":[781.842,239.142,47.142,0,-0.927,0.376,0,0.376,0.927,-1,0,0],"_shiftlockState":false,"_pose":"Standing","_animationQueue":[],"_animationSpeed":1,"_zoom":16.125},{"_mousePosition":[589,323],"_rootPartCFrame":[775.515,222.7,47.142,0.001,0,1,0,1,0,-1,0,0.001],"_humanoidState":8,"_cameraCFrame":[781.576,239.142,47.142,0,-0.927,0.376,0,0.376,0.927,-1,0,0],"_shiftlockState":false,"_pose":"Running","_animationQueue":[["walk",0.1]],"_animationSpeed":1.066,"_zoom":16.125},{"_mousePosition":[589,323],"_rootPartCFrame":[775.249,222.7,47.142,0.001,0,1,0,1,0,-1,0,0.001],"_humanoidState":8,"_cameraCFrame":[781.31,239.142,47.142,0,-0.927,0.376,0,0.376,0.927,-1,0,0],"_shiftlockState":false,"_pose":"Running","_animationQueue":[],"_animationSpeed":1.066,"_zoom":16.125},{"_mousePosition":[589,323],"_rootPartCFrame":[774.982,222.7,47.142,0.001,0,1,0,1,0,-1,0,0.001],"_humanoidState":8,"_cameraCFrame":[781.043,239.142,47.142,0,-0.927,0.376,0,0.376,0.927,-1,0,0],"_shiftlockState":false,"_pose":"Running","_animationQueue":[],"_animationSpeed":1.066,"_zoom":16.125},{"_mousePosition":[589,323],"_rootPartCFrame":[774.715,222.7,47.142,0.001,0,1,0,1,0,-1,0,0.001],"_humanoidState":8,"_cameraCFrame":[780.776,239.142,47.142,0,-0.927,0.376,0,0.376,0.927,-1,0,0],"_shiftlockState":false,"_pose":"Running","_animationQueue":[["walk",0.1]],"_animationSpeed":1.066,"_zoom":16.125},{"_mousePosition":[589,323],"_rootPartCFrame":[774.448,222.7,47.142,0.001,0,1,0,1,0,-1,0,0.001],"_humanoidState":8,"_cameraCFrame":[780.509,239.142,47.142,0,-0.927,0.376,0,0.376,0.927,-1,0,0],"_shiftlockState":false,"_pose":"Running","_animationQueue":[],"_animationSpeed":1.066,"_zoom":16.125},{"_mousePosition":[589,323],"_rootPartCFrame":[774.182,222.7,47.142,0.001,0,1,0,1,0,-1,0,0.001],"_humanoidState":8,"_cameraCFrame":[780.243,239.142,47.142,0,-0.927,0.376,0,0.376,0.927,-1,0,0],"_shiftlockState":false,"_pose":"Running","_animationQueue":[],"_animationSpeed":1.066,"_zoom":16.125},{"_mousePosition":[589,323],"_rootPartCFrame":[773.915,222.7,47.142,0.001,0,1,0,1,0,-1,0,0.001],"_humanoidState":8,"_cameraCFrame":[779.976,239.142,47.142,0,-0.927,0.376,0,0.376,0.927,-1,0,0],"_shiftlockState":false,"_pose":"Running","_animationQueue":[],"_animationSpeed":1.066,"_zoom":16.125},{"_mousePosition":[589,323],"_rootPartCFrame":[773.648,222.7,47.142,0.001,0,1,0,1,0,-1,0,0.001],"_humanoidState":8,"_cameraCFrame":[779.709,239.142,47.142,0,-0.927,0.376,0,0.376,0.927,-1,0,0],"_shiftlockState":false,"_pose":"Running","_animationQueue":[],"_animationSpeed":1.066,"_zoom":16.125},{"_mousePosition":[589,323],"_rootPartCFrame":[773.382,222.7,47.142,0,0,1,0,1,0,-1,0,0],"_humanoidState":8,"_cameraCFrame":[779.442,239.142,47.142,0,-0.927,0.376,0,0.376,0.927,-1,0,0],"_shiftlockState":false,"_pose":"Running","_animationQueue":[],"_animationSpeed":1.066,"_zoom":16.125},{"_mousePosition":[589,323],"_rootPartCFrame":[773.115,222.7,47.142,0,0,1,0,1,0,-1,0,0],"_humanoidState":8,"_cameraCFrame":[779.176,239.142,47.142,0,-0.927,0.376,0,0.376,0.927,-1,0,0],"_shiftlockState":false,"_pose":"Running","_animationQueue":[],"_animationSpeed":1.066,"_zoom":16.125},{"_mousePosition":[589,323],"_rootPartCFrame":[772.848,222.7,47.142,0,0,1,0,1,0,-1,0,0],"_humanoidState":8,"_cameraCFrame":[778.909,239.142,47.142,0,-0.927,0.376,0,0.376,0.927,-1,0,0],"_shiftlockState":false,"_pose":"Running","_animationQueue":[["walk",0.1]],"_animationSpeed":1.066,"_zoom":16.125},{"_mousePosition":[589,323],"_rootPartCFrame":[772.581,222.7,47.142,0,0,1,0,1,0,-1,0,0],"_humanoidState":8,"_cameraCFrame":[778.642,239.142,47.142,0,-0.927,0.376,0,0.376,0.927,-1,0,0],"_shiftlockState":false,"_pose":"Running","_animationQueue":[],"_animationSpeed":1.066,"_zoom":16.125},{"_mousePosition":[589,323],"_rootPartCFrame":[772.315,222.7,47.142,0,0,1,0,1,0,-1,0,0],"_humanoidState":8,"_cameraCFrame":[778.376,239.142,47.142,0,-0.927,0.376,0,0.376,0.927,-1,0,0],"_shiftlockState":false,"_pose":"Running","_animationQueue":[],"_animationSpeed":1.066,"_zoom":16.125},{"_mousePosition":[589,323],"_rootPartCFrame":[772.048,222.7,47.142,0,0,1,0,1,0,-1,0,0],"_humanoidState":8,"_cameraCFrame":[778.109,239.142,47.142,0,-0.927,0.376,0,0.376,0.927,-1,0,0],"_shiftlockState":false,"_pose":"Running","_animationQueue":[],"_animationSpeed":1.066,"_zoom":16.125},{"_mousePosition":[589,323],"_rootPartCFrame":[771.781,222.7,47.142,0,0,1,0,1,0,-1,0,0],"_humanoidState":8,"_cameraCFrame":[777.842,239.142,47.142,0,-0.927,0.376,0,0.376,0.927,-1,0,0],"_shiftlockState":false,"_pose":"Running","_animationQueue":[],"_animationSpeed":1.066,"_zoom":16.125},{"_mousePosition":[589,323],"_rootPartCFrame":[771.515,222.7,47.142,0,0,1,0,1,0,-1,0,0],"_humanoidState":8,"_cameraCFrame":[777.575,239.142,47.142,0,-0.927,0.376,0,0.376,0.927,-1,0,0],"_shiftlockState":false,"_pose":"Running","_animationQueue":[],"_animationSpeed":1.066,"_zoom":16.125},{"_mousePosition":[589,323],"_rootPartCFrame":[771.248,222.7,47.142,0,0,1,0,1,0,-1,0,0],"_humanoidState":8,"_cameraCFrame":[777.309,239.142,47.142,0,-0.927,0.376,0,0.376,0.927,-1,0,0],"_shiftlockState":false,"_pose":"Running","_animationQueue":[["walk",0.1]],"_animationSpeed":1.066,"_zoom":16.125},{"_mousePosition":[589,323],"_rootPartCFrame":[770.981,222.7,47.142,0,0,1,0,1,0,-1,0,0],"_humanoidState":8,"_cameraCFrame":[777.042,239.142,47.142,0,-0.927,0.376,0,0.376,0.927,-1,0,0],"_shiftlockState":false,"_pose":"Running","_animationQueue":[],"_animationSpeed":1.066,"_zoom":16.125},{"_mousePosition":[589,323],"_rootPartCFrame":[770.714,222.7,47.142,0,0,1,0,1,0,-1,0,0],"_humanoidState":8,"_cameraCFrame":[776.775,239.142,47.142,0,-0.927,0.376,0,0.376,0.927,-1,0,0],"_shiftlockState":false,"_pose":"Running","_animationQueue":[],"_animationSpeed":1.066,"_zoom":16.125},{"_mousePosition":[589,323],"_rootPartCFrame":[770.448,222.7,47.142,0,0,1,0,1,0,-1,0,0],"_humanoidState":8,"_cameraCFrame":[776.508,239.142,47.142,0,-0.927,0.376,0,0.376,0.927,-1,0,0],"_shiftlockState":false,"_pose":"Running","_animationQueue":[],"_animationSpeed":1.066,"_zoom":16.125},{"_mousePosition":[589,323],"_rootPartCFrame":[770.181,222.666,47.142,0,0,1,0,1,0,-1,0,0],"_humanoidState":8,"_cameraCFrame":[776.242,239.108,47.142,0,-0.927,0.376,0,0.376,0.927,-1,0,0],"_shiftlockState":false,"_pose":"Running","_animationQueue":[],"_animationSpeed":1.066,"_zoom":16.125},{"_mousePosition":[589,323],"_rootPartCFrame":[769.848,223.736,47.142,0,0,1,0,1,0,-1,0,0],"_humanoidState":3,"_cameraCFrame":[775.909,240.178,47.142,0,-0.927,0.376,0,0.376,0.927,-1,0,0],"_shiftlockState":false,"_pose":"Jumping","_animationQueue":[["walk",0.1],["jump",0.1]],"_animationSpeed":1,"_zoom":16.125},{"_mousePosition":[589,323],"_rootPartCFrame":[769.648,224.337,47.142,0,0,1,0,1,0,-1,0,0],"_humanoidState":5,"_cameraCFrame":[775.709,240.779,47.142,0,-0.927,0.376,0,0.376,0.927,-1,0,0],"_shiftlockState":false,"_pose":"FreeFall","_animationQueue":[["jump",0.1]],"_animationSpeed":1,"_zoom":16.125},{"_mousePosition":[589,323],"_rootPartCFrame":[769.248,225.447,47.142,0,0,1,0,1,0,-1,0,0],"_humanoidState":5,"_cameraCFrame":[775.309,241.89,47.142,0,-0.927,0.376,0,0.376,0.927,-1,0,0],"_shiftlockState":false,"_pose":"FreeFall","_animationQueue":[],"_animationSpeed":1,"_zoom":16.125},{"_mousePosition":[589,323],"_rootPartCFrame":[769.115,225.79,47.142,0,0,1,0,1,0,-1,0,0],"_humanoidState":5,"_cameraCFrame":[775.175,242.233,47.142,0,-0.927,0.376,0,0.376,0.927,-1,0,0],"_shiftlockState":false,"_pose":"FreeFall","_animationQueue":[],"_animationSpeed":1,"_zoom":16.125},{"_mousePosition":[589,323],"_rootPartCFrame":[768.848,226.435,47.142,0,0,1,0,1,0,-1,0,0],"_humanoidState":5,"_cameraCFrame":[774.909,242.878,47.142,0,-0.927,0.376,0,0.376,0.927,-1,0,0],"_shiftlockState":false,"_pose":"FreeFall","_animationQueue":[],"_animationSpeed":1,"_zoom":16.125},{"_mousePosition":[589,323],"_rootPartCFrame":[768.581,227.025,47.142,0,0,1,0,1,0,-1,0,0],"_humanoidState":5,"_cameraCFrame":[774.642,243.468,47.142,0,-0.927,0.376,0,0.376,0.927,-1,0,0],"_shiftlockState":false,"_pose":"FreeFall","_animationQueue":[],"_animationSpeed":1,"_zoom":16.125},{"_mousePosition":[589,323],"_rootPartCFrame":[768.315,227.561,47.142,0,0,1,0,1,0,-1,0,0],"_humanoidState":5,"_cameraCFrame":[774.376,244.004,47.142,0,-0.927,0.376,0,0.376,0.927,-1,0,0],"_shiftlockState":false,"_pose":"FreeFall","_animationQueue":[],"_animationSpeed":1,"_zoom":16.125},{"_mousePosition":[589,323],"_rootPartCFrame":[768.048,228.043,47.142,0,0,1,0,1,0,-1,0,0],"_humanoidState":5,"_cameraCFrame":[774.109,244.485,47.142,0,-0.927,0.376,0,0.376,0.927,-1,0,0],"_shiftlockState":false,"_pose":"FreeFall","_animationQueue":[],"_animationSpeed":1,"_zoom":16.125},{"_mousePosition":[589,323],"_rootPartCFrame":[767.782,228.47,47.142,0,0,1,0,1,0,-1,0,0],"_humanoidState":5,"_cameraCFrame":[773.842,244.912,47.142,0,-0.927,0.376,0,0.376,0.927,-1,0,0],"_shiftlockState":false,"_pose":"FreeFall","_animationQueue":[],"_animationSpeed":1,"_zoom":16.125},{"_mousePosition":[589,323],"_rootPartCFrame":[767.515,228.842,47.142,0,0,1,0,1,0,-1,0,0],"_humanoidState":5,"_cameraCFrame":[773.576,245.285,47.142,0,-0.927,0.376,0,0.376,0.927,-1,0,0],"_shiftlockState":false,"_pose":"FreeFall","_animationQueue":[],"_animationSpeed":1,"_zoom":16.125},{"_mousePosition":[589,323],"_rootPartCFrame":[767.248,229.16,47.142,0,0,1,0,1,0,-1,0,0],"_humanoidState":5,"_cameraCFrame":[773.309,245.603,47.142,0,-0.927,0.376,0,0.376,0.927,-1,0,0],"_shiftlockState":false,"_pose":"FreeFall","_animationQueue":[],"_animationSpeed":1,"_zoom":16.125},{"_mousePosition":[589,323],"_rootPartCFrame":[766.982,229.423,47.142,0,0,1,0,1,0,-1,0,0],"_humanoidState":5,"_cameraCFrame":[773.043,245.866,47.142,0,-0.927,0.376,0,0.376,0.927,-1,0,0],"_shiftlockState":false,"_pose":"FreeFall","_animationQueue":[],"_animationSpeed":1,"_zoom":16.125},{"_mousePosition":[589,323],"_rootPartCFrame":[766.715,229.632,47.142,0,0,1,0,1,0,-1,0,0],"_humanoidState":5,"_cameraCFrame":[772.776,246.075,47.142,0,-0.927,0.376,0,0.376,0.927,-1,0,0],"_shiftlockState":false,"_pose":"FreeFall","_animationQueue":[],"_animationSpeed":1,"_zoom":16.125},{"_mousePosition":[589,323],"_rootPartCFrame":[766.449,229.787,47.142,0,0,1,0,1,0,-1,0,0],"_humanoidState":5,"_cameraCFrame":[772.509,246.229,47.142,0,-0.927,0.376,0,0.376,0.927,-1,0,0],"_shiftlockState":false,"_pose":"FreeFall","_animationQueue":[],"_animationSpeed":1,"_zoom":16.125},{"_mousePosition":[589,323],"_rootPartCFrame":[766.182,229.887,47.142,0,0,1,0,1,0,-1,0,0],"_humanoidState":5,"_cameraCFrame":[772.243,246.329,47.142,0,-0.927,0.376,0,0.376,0.927,-1,0,0],"_shiftlockState":false,"_pose":"FreeFall","_animationQueue":[],"_animationSpeed":1,"_zoom":16.125},{"_mousePosition":[589,323],"_rootPartCFrame":[765.915,229.932,47.142,0,0,1,0,1,0,-1,0,0],"_humanoidState":5,"_cameraCFrame":[771.976,246.375,47.142,0,-0.927,0.376,0,0.376,0.927,-1,0,0],"_shiftlockState":false,"_pose":"FreeFall","_animationQueue":[["fall",0.3]],"_animationSpeed":1,"_zoom":16.125},{"_mousePosition":[589,323],"_rootPartCFrame":[765.649,229.923,47.142,0,0,1,0,1,0,-1,0,0],"_humanoidState":5,"_cameraCFrame":[771.71,246.365,47.142,0,-0.927,0.376,0,0.376,0.927,-1,0,0],"_shiftlockState":false,"_pose":"FreeFall","_animationQueue":[],"_animationSpeed":1,"_zoom":16.125},{"_mousePosition":[589,323],"_rootPartCFrame":[765.382,229.859,47.142,0,0,1,0,1,0,-1,0,0],"_humanoidState":5,"_cameraCFrame":[771.443,246.302,47.142,0,-0.927,0.376,0,0.376,0.927,-1,0,0],"_shiftlockState":false,"_pose":"FreeFall","_animationQueue":[],"_animationSpeed":1,"_zoom":16.125},{"_mousePosition":[589,323],"_rootPartCFrame":[765.116,229.741,47.142,0,0,1,0,1,0,-1,0,0],"_humanoidState":5,"_cameraCFrame":[771.176,246.184,47.142,0,-0.927,0.376,0,0.376,0.927,-1,0,0],"_shiftlockState":false,"_pose":"FreeFall","_animationQueue":[],"_animationSpeed":1,"_zoom":16.125},{"_mousePosition":[589,323],"_rootPartCFrame":[764.849,229.568,47.142,0,0,1,0,1,0,-1,0,0],"_humanoidState":5,"_cameraCFrame":[770.91,246.011,47.142,0,-0.927,0.376,0,0.376,0.927,-1,0,0],"_shiftlockState":false,"_pose":"FreeFall","_animationQueue":[],"_animationSpeed":1,"_zoom":16.125},{"_mousePosition":[589,323],"_rootPartCFrame":[764.582,229.341,47.142,0,0,1,0,1,0,-1,0,0],"_humanoidState":5,"_cameraCFrame":[770.643,245.784,47.142,0,-0.927,0.376,0,0.376,0.927,-1,0,0],"_shiftlockState":false,"_pose":"FreeFall","_animationQueue":[],"_animationSpeed":1,"_zoom":16.125},{"_mousePosition":[589,323],"_rootPartCFrame":[764.316,229.06,47.142,0,0,1,0,1,0,-1,0,0],"_humanoidState":5,"_cameraCFrame":[770.377,245.502,47.142,0,-0.927,0.376,0,0.376,0.927,-1,0,0],"_shiftlockState":false,"_pose":"FreeFall","_animationQueue":[],"_animationSpeed":1,"_zoom":16.125},{"_mousePosition":[589,323],"_rootPartCFrame":[764.049,228.724,47.142,0,0,1,0,1,0,-1,0,0],"_humanoidState":5,"_cameraCFrame":[770.11,245.166,47.142,0,-0.927,0.376,0,0.376,0.927,-1,0,0],"_shiftlockState":false,"_pose":"FreeFall","_animationQueue":[["fall",0.3]],"_animationSpeed":1,"_zoom":16.125},{"_mousePosition":[589,323],"_rootPartCFrame":[763.783,228.333,47.142,0,0,1,0,1,0,-1,0,0],"_humanoidState":5,"_cameraCFrame":[769.843,244.776,47.142,0,-0.927,0.376,0,0.376,0.927,-1,0,0],"_shiftlockState":false,"_pose":"FreeFall","_animationQueue":[],"_animationSpeed":1,"_zoom":16.125},{"_mousePosition":[589,323],"_rootPartCFrame":[763.516,227.888,47.142,0,0,1,0,1,0,-1,0,0],"_humanoidState":5,"_cameraCFrame":[769.577,244.331,47.142,0,-0.927,0.376,0,0.376,0.927,-1,0,0],"_shiftlockState":false,"_pose":"FreeFall","_animationQueue":[],"_animationSpeed":1,"_zoom":16.125},{"_mousePosition":[589,323],"_rootPartCFrame":[763.249,227.388,47.142,0,0,1,0,1,0,-1,0,0],"_humanoidState":5,"_cameraCFrame":[769.31,243.831,47.142,0,-0.927,0.376,0,0.376,0.927,-1,0,0],"_shiftlockState":false,"_pose":"FreeFall","_animationQueue":[],"_animationSpeed":1,"_zoom":16.125},{"_mousePosition":[589,323],"_rootPartCFrame":[762.983,226.834,47.142,0,0,1,0,1,0,-1,0,0],"_humanoidState":5,"_cameraCFrame":[769.044,243.277,47.142,0,-0.927,0.376,0,0.376,0.927,-1,0,0],"_shiftlockState":false,"_pose":"FreeFall","_animationQueue":[],"_animationSpeed":1,"_zoom":16.125},{"_mousePosition":[589,323],"_rootPartCFrame":[762.716,226.226,47.142,0,0,1,0,1,0,-1,0,0],"_humanoidState":5,"_cameraCFrame":[768.777,242.668,47.142,0,-0.927,0.376,0,0.376,0.927,-1,0,0],"_shiftlockState":false,"_pose":"FreeFall","_animationQueue":[],"_animationSpeed":1,"_zoom":16.125},{"_mousePosition":[589,323],"_rootPartCFrame":[762.45,225.563,47.142,0,0,1,0,1,0,-1,0,0],"_humanoidState":5,"_cameraCFrame":[768.51,242.005,47.142,0,-0.927,0.376,0,0.376,0.927,-1,0,0],"_shiftlockState":false,"_pose":"FreeFall","_animationQueue":[],"_animationSpeed":1,"_zoom":16.125},{"_mousePosition":[589,323],"_rootPartCFrame":[762.183,224.845,47.142,0,0,1,0,1,0,-1,0,0],"_humanoidState":5,"_cameraCFrame":[768.244,241.288,47.142,0,-0.927,0.376,0,0.376,0.927,-1,0,0],"_shiftlockState":false,"_pose":"FreeFall","_animationQueue":[["fall",0.3]],"_animationSpeed":1,"_zoom":16.125},{"_mousePosition":[589,323],"_rootPartCFrame":[761.916,224.073,47.142,0,0,1,0,1,0,-1,0,0],"_humanoidState":5,"_cameraCFrame":[767.977,240.515,47.142,0,-0.927,0.376,0,0.376,0.927,-1,0,0],"_shiftlockState":false,"_pose":"FreeFall","_animationQueue":[],"_animationSpeed":1,"_zoom":16.125},{"_mousePosition":[589,323],"_rootPartCFrame":[761.65,223.246,47.142,0,0,1,0,1,0,-1,0,0],"_humanoidState":5,"_cameraCFrame":[767.711,239.689,47.142,0,-0.927,0.376,0,0.376,0.927,-1,0,0],"_shiftlockState":false,"_pose":"FreeFall","_animationQueue":[],"_animationSpeed":1,"_zoom":16.125},{"_mousePosition":[589,323],"_rootPartCFrame":[761.383,222.476,47.142,0,0,1,0,1,0,-1,0,0],"_humanoidState":7,"_cameraCFrame":[767.444,238.919,47.142,0,-0.927,0.376,0,0.376,0.927,-1,0,0],"_shiftlockState":false,"_pose":"FreeFall","_animationQueue":[["walk",0.1],["fall",0.3],["fall",0.3]],"_animationSpeed":1,"_zoom":16.125},{"_mousePosition":[589,323],"_rootPartCFrame":[761.117,222.439,47.142,0,0,1,0,1,0,-1,0,0],"_humanoidState":7,"_cameraCFrame":[767.177,238.882,47.142,0,-0.927,0.376,0,0.376,0.927,-1,0,0],"_shiftlockState":false,"_pose":"FreeFall","_animationQueue":[],"_animationSpeed":1,"_zoom":16.125},{"_mousePosition":[589,323],"_rootPartCFrame":[760.783,222.56,47.142,0,0,1,0,1,0,-1,0,0],"_humanoidState":8,"_cameraCFrame":[766.844,239.002,47.142,0,-0.927,0.376,0,0.376,0.927,-1,0,0],"_shiftlockState":false,"_pose":"Running","_animationQueue":[["walk",0.1],["fall",0.3],["walk",0.1]],"_animationSpeed":1.103,"_zoom":16.125},{"_mousePosition":[589,323],"_rootPartCFrame":[760.516,222.623,47.142,0,0,1,0,1,0,-1,0,0],"_humanoidState":8,"_cameraCFrame":[766.577,239.065,47.142,0,-0.927,0.376,0,0.376,0.927,-1,0,0],"_shiftlockState":false,"_pose":"Running","_animationQueue":[],"_animationSpeed":1.103,"_zoom":16.125},{"_mousePosition":[589,323],"_rootPartCFrame":[760.25,222.658,47.142,0,0,1,0,1,0,-1,0,0],"_humanoidState":8,"_cameraCFrame":[766.311,239.101,47.142,0,-0.927,0.376,0,0.376,0.927,-1,0,0],"_shiftlockState":false,"_pose":"Running","_animationQueue":[["walk",0.1]],"_animationSpeed":1.103,"_zoom":16.125},{"_mousePosition":[589,323],"_rootPartCFrame":[759.983,222.677,47.142,0,0,1,0,1,0,-1,0,0],"_humanoidState":8,"_cameraCFrame":[766.044,239.12,47.142,0,-0.927,0.376,0,0.376,0.927,-1,0,0],"_shiftlockState":false,"_pose":"Running","_animationQueue":[],"_animationSpeed":1.103,"_zoom":16.125},{"_mousePosition":[589,323],"_rootPartCFrame":[759.716,222.688,47.142,0,0,1,0,1,0,-1,0,0],"_humanoidState":8,"_cameraCFrame":[765.777,239.13,47.142,0,-0.927,0.376,0,0.376,0.927,-1,0,0],"_shiftlockState":false,"_pose":"Running","_animationQueue":[],"_animationSpeed":1.103,"_zoom":16.125},{"_mousePosition":[589,323],"_rootPartCFrame":[759.45,222.693,47.142,0,0,1,0,1,0,-1,0,0],"_humanoidState":8,"_cameraCFrame":[765.51,239.136,47.142,0,-0.927,0.376,0,0.376,0.927,-1,0,0],"_shiftlockState":false,"_pose":"Running","_animationQueue":[],"_animationSpeed":1.103,"_zoom":16.125},{"_mousePosition":[589,323],"_rootPartCFrame":[759.183,222.696,47.142,0,0,1,0,1,0,-1,0,0],"_humanoidState":8,"_cameraCFrame":[765.244,239.139,47.142,0,-0.927,0.376,0,0.376,0.927,-1,0,0],"_shiftlockState":false,"_pose":"Running","_animationQueue":[],"_animationSpeed":1.103,"_zoom":16.125},{"_mousePosition":[589,323],"_rootPartCFrame":[758.916,222.698,47.142,0,0,1,0,1,0,-1,0,0],"_humanoidState":8,"_cameraCFrame":[764.977,239.14,47.142,0,-0.927,0.376,0,0.376,0.927,-1,0,0],"_shiftlockState":false,"_pose":"Running","_animationQueue":[],"_animationSpeed":1.103,"_zoom":16.125},{"_mousePosition":[589,323],"_rootPartCFrame":[758.649,222.699,47.142,0,0,1,0,1,0,-1,0,0],"_humanoidState":8,"_cameraCFrame":[764.71,239.141,47.142,0,-0.927,0.376,0,0.376,0.927,-1,0,0],"_shiftlockState":false,"_pose":"Running","_animationQueue":[["walk",0.1]],"_animationSpeed":1.103,"_zoom":16.125},{"_mousePosition":[589,323],"_rootPartCFrame":[758.383,222.699,47.142,0,0,1,0,1,0,-1,0,0],"_humanoidState":8,"_cameraCFrame":[764.414,239.153,47.158,0.003,-0.927,0.374,0,0.374,0.927,-1,-0.002,0.001],"_shiftlockState":false,"_pose":"Running","_animationQueue":[],"_animationSpeed":1.103,"_zoom":16.125},{"_mousePosition":[589,323],"_rootPartCFrame":[758.116,222.699,47.142,0,0,1,0,1,0,-1,0,0],"_humanoidState":8,"_cameraCFrame":[764.148,239.154,47.173,0.005,-0.927,0.374,0,0.374,0.927,-1,-0.005,0.002],"_shiftlockState":false,"_pose":"Running","_animationQueue":[],"_animationSpeed":1.103,"_zoom":16.125},{"_mousePosition":[589,323],"_rootPartCFrame":[757.849,222.699,47.142,0,0,1,0,1,0,-1,0,0],"_humanoidState":8,"_cameraCFrame":[763.881,239.154,47.188,0.008,-0.927,0.374,0,0.374,0.927,-1,-0.007,0.003],"_shiftlockState":false,"_pose":"Running","_animationQueue":[],"_animationSpeed":1.103,"_zoom":16.125},{"_mousePosition":[589,323],"_rootPartCFrame":[757.583,222.7,47.14,0.001,0,1,0,1,0,-1,0,0.001],"_humanoidState":8,"_cameraCFrame":[763.643,239.142,47.202,0.01,-0.927,0.376,0,0.376,0.927,-1,-0.009,0.004],"_shiftlockState":false,"_pose":"Running","_animationQueue":[],"_animationSpeed":1.103,"_zoom":16.125},{"_mousePosition":[589,323],"_rootPartCFrame":[757.316,222.7,47.138,0.002,0,1,0,1,0,-1,0,0.002],"_humanoidState":8,"_cameraCFrame":[763.405,239.13,47.231,0.015,-0.926,0.378,0,0.378,0.926,-1,-0.014,0.006],"_shiftlockState":false,"_pose":"Running","_animationQueue":[],"_animationSpeed":1.103,"_zoom":16.125},{"_mousePosition":[589,323],"_rootPartCFrame":[757.049,222.7,47.136,0.003,0,1,0,1,0,-1,0,0.003],"_humanoidState":8,"_cameraCFrame":[763.167,239.118,47.26,0.02,-0.925,0.379,0,0.379,0.925,-1,-0.019,0.008],"_shiftlockState":false,"_pose":"Running","_animationQueue":[],"_animationSpeed":1.103,"_zoom":16.125},{"_mousePosition":[589,323],"_rootPartCFrame":[756.783,222.7,47.132,0.004,0,1,0,1,0,-1,0,0.004],"_humanoidState":8,"_cameraCFrame":[762.928,239.107,47.319,0.03,-0.924,0.381,0,0.381,0.924,-1,-0.028,0.012],"_shiftlockState":false,"_pose":"Running","_animationQueue":[["walk",0.1]],"_animationSpeed":1.103,"_zoom":16.125},{"_mousePosition":[589,323],"_rootPartCFrame":[756.516,222.7,47.127,0.007,0,1,0,1,0,-1,0,0.007],"_humanoidState":8,"_cameraCFrame":[762.687,239.095,47.408,0.046,-0.923,0.383,0,0.383,0.924,-0.999,-0.042,0.017],"_shiftlockState":false,"_pose":"Running","_animationQueue":[],"_animationSpeed":1.103,"_zoom":16.125},{"_mousePosition":[589,323],"_rootPartCFrame":[756.25,222.7,47.119,0.01,0,1,0,1,0,-1,0,0.01],"_humanoidState":8,"_cameraCFrame":[762.441,239.082,47.542,0.068,-0.921,0.384,0,0.385,0.923,-0.998,-0.063,0.026],"_shiftlockState":false,"_pose":"Running","_animationQueue":[],"_animationSpeed":1.103,"_zoom":16.125},{"_mousePosition":[589,323],"_rootPartCFrame":[755.983,222.7,47.107,0.014,0,1,0,1,0,-1,0,0.014],"_humanoidState":8,"_cameraCFrame":[762.191,239.07,47.69,0.094,-0.918,0.385,0,0.387,0.922,-0.996,-0.086,0.036],"_shiftlockState":false,"_pose":"Running","_animationQueue":[],"_animationSpeed":1.103,"_zoom":16.125},{"_mousePosition":[589,323],"_rootPartCFrame":[755.717,222.7,47.089,0.021,0,1,0,1,0,-1,0,0.021],"_humanoidState":8,"_cameraCFrame":[761.939,239.058,47.817,0.116,-0.915,0.386,0,0.388,0.921,-0.993,-0.107,0.045],"_shiftlockState":false,"_pose":"Running","_animationQueue":[],"_animationSpeed":1.103,"_zoom":16.125},{"_mousePosition":[589,323],"_rootPartCFrame":[755.452,222.7,47.065,0.031,0,1,0,1,0,-1,0,0.031],"_humanoidState":8,"_cameraCFrame":[761.684,239.046,47.938,0.139,-0.912,0.386,0,0.39,0.921,-0.99,-0.128,0.054],"_shiftlockState":false,"_pose":"Running","_animationQueue":[],"_animationSpeed":1.103,"_zoom":16.125},{"_mousePosition":[589,323],"_rootPartCFrame":[755.187,222.7,47.034,0.042,0,0.999,0,1,0,-0.999,0,0.042],"_humanoidState":8,"_cameraCFrame":[761.462,239.021,48.011,0.154,-0.908,0.389,0,0.394,0.919,-0.988,-0.141,0.061],"_shiftlockState":false,"_pose":"Running","_animationQueue":[["walk",0.1]],"_animationSpeed":1.103,"_zoom":16.125},{"_mousePosition":[589,323],"_rootPartCFrame":[754.922,222.7,46.998,0.055,0,0.999,0,1,0,-0.999,0,0.055],"_humanoidState":8,"_cameraCFrame":[761.211,239.009,48.074,0.169,-0.905,0.39,0,0.396,0.918,-0.986,-0.155,0.067],"_shiftlockState":false,"_pose":"Running","_animationQueue":[],"_animationSpeed":1.103,"_zoom":16.125},{"_mousePosition":[589,323],"_rootPartCFrame":[754.659,222.7,46.957,0.068,0,0.998,0,1,0,-0.998,0,0.068],"_humanoidState":8,"_cameraCFrame":[760.964,238.996,48.102,0.179,-0.903,0.391,0,0.397,0.918,-0.984,-0.164,0.071],"_shiftlockState":false,"_pose":"Running","_animationQueue":[],"_animationSpeed":1.103,"_zoom":16.125},{"_mousePosition":[589,323],"_rootPartCFrame":[754.396,222.7,46.912,0.081,0,0.997,0,1,0,-0.997,0,0.081],"_humanoidState":8,"_cameraCFrame":[760.686,238.996,48.137,0.191,-0.901,0.39,0,0.397,0.918,-0.982,-0.175,0.076],"_shiftlockState":false,"_pose":"Running","_animationQueue":[],"_animationSpeed":1.103,"_zoom":16.125},{"_mousePosition":[589,323],"_rootPartCFrame":[754.134,222.7,46.865,0.094,0,0.996,0,1,0,-0.996,0,0.094],"_humanoidState":8,"_cameraCFrame":[760.451,238.971,48.245,0.213,-0.895,0.392,0,0.401,0.916,-0.977,-0.196,0.086],"_shiftlockState":false,"_pose":"Running","_animationQueue":[],"_animationSpeed":1.103,"_zoom":16.125},{"_mousePosition":[589,323],"_rootPartCFrame":[753.872,222.7,46.814,0.107,0,0.994,0,1,0,-0.994,0,0.107],"_humanoidState":8,"_cameraCFrame":[760.195,238.959,48.297,0.228,-0.891,0.392,0,0.403,0.915,-0.974,-0.209,0.092],"_shiftlockState":false,"_pose":"Running","_animationQueue":[],"_animationSpeed":1.103,"_zoom":16.125},{"_mousePosition":[589,323],"_rootPartCFrame":[753.611,222.7,46.758,0.122,0,0.993,0,1,0,-0.993,0,0.122],"_humanoidState":8,"_cameraCFrame":[759.943,238.946,48.327,0.241,-0.888,0.393,0,0.405,0.915,-0.971,-0.22,0.097],"_shiftlockState":false,"_pose":"Running","_animationQueue":[["walk",0.1]],"_animationSpeed":1.103,"_zoom":16.125},{"_mousePosition":[589,323],"_rootPartCFrame":[753.352,222.7,46.697,0.136,0,0.991,0,1,0,-0.991,0,0.136],"_humanoidState":8,"_cameraCFrame":[759.663,238.946,48.347,0.253,-0.885,0.391,0,0.405,0.915,-0.968,-0.231,0.102],"_shiftlockState":false,"_pose":"Running","_animationQueue":[],"_animationSpeed":1.103,"_zoom":16.125},{"_mousePosition":[589,323],"_rootPartCFrame":[753.093,222.7,46.633,0.15,0,0.989,0,1,0,-0.989,0,0.15],"_humanoidState":8,"_cameraCFrame":[759.379,238.946,48.379,0.267,-0.881,0.39,0,0.405,0.915,-0.964,-0.245,0.108],"_shiftlockState":false,"_pose":"Running","_animationQueue":[],"_animationSpeed":1.103,"_zoom":16.125},{"_mousePosition":[589,323],"_rootPartCFrame":[752.835,222.7,46.566,0.164,0,0.986,0,1,0,-0.986,0,0.164],"_humanoidState":8,"_cameraCFrame":[759.121,238.933,48.415,0.282,-0.877,0.39,0,0.406,0.914,-0.959,-0.258,0.115],"_shiftlockState":false,"_pose":"Running","_animationQueue":[],"_animationSpeed":1.103,"_zoom":16.125},{"_mousePosition":[589,323],"_rootPartCFrame":[752.578,222.7,46.495,0.178,0,0.984,0,1,0,-0.984,0,0.178],"_humanoidState":8,"_cameraCFrame":[758.862,238.92,48.447,0.297,-0.872,0.39,0,0.408,0.913,-0.955,-0.271,0.121],"_shiftlockState":false,"_pose":"Running","_animationQueue":[],"_animationSpeed":1.103,"_zoom":16.125},{"_mousePosition":[589,323],"_rootPartCFrame":[752.322,222.7,46.42,0.192,0,0.981,0,1,0,-0.981,0,0.192],"_humanoidState":8,"_cameraCFrame":[758.593,238.908,48.508,0.316,-0.865,0.389,0,0.41,0.912,-0.949,-0.288,0.129],"_shiftlockState":false,"_pose":"Running","_animationQueue":[],"_animationSpeed":1.103,"_zoom":16.125},{"_mousePosition":[589,323],"_rootPartCFrame":[752.067,222.7,46.342,0.206,0,0.979,0,1,0,-0.979,0,0.206],"_humanoidState":8,"_cameraCFrame":[758.327,238.895,48.55,0.333,-0.859,0.388,0,0.412,0.911,-0.943,-0.303,0.137],"_shiftlockState":false,"_pose":"Running","_animationQueue":[],"_animationSpeed":1.103,"_zoom":16.125},{"_mousePosition":[589,323],"_rootPartCFrame":[751.814,222.7,46.258,0.221,0,0.975,0,1,0,-0.975,0,0.221],"_humanoidState":8,"_cameraCFrame":[758.034,238.895,48.577,0.349,-0.854,0.386,0,0.412,0.911,-0.937,-0.318,0.144],"_shiftlockState":false,"_pose":"Running","_animationQueue":[["walk",0.1]],"_animationSpeed":1.103,"_zoom":16.125},{"_mousePosition":[589,323],"_rootPartCFrame":[751.562,222.7,46.169,0.236,0,0.972,0,1,0,-0.972,0,0.236],"_humanoidState":8,"_cameraCFrame":[757.722,238.895,48.645,0.373,-0.846,0.382,0,0.412,0.911,-0.928,-0.34,0.154],"_shiftlockState":false,"_pose":"Running","_animationQueue":[],"_animationSpeed":1.103,"_zoom":16.125},{"_mousePosition":[589,323],"_rootPartCFrame":[751.312,222.7,46.077,0.251,0,0.968,0,1,0,-0.968,0,0.251],"_humanoidState":8,"_cameraCFrame":[757.36,238.895,48.815,0.412,-0.83,0.375,0,0.412,0.911,-0.911,-0.376,0.17],"_shiftlockState":false,"_pose":"Running","_animationQueue":[],"_animationSpeed":1.103,"_zoom":16.125},{"_mousePosition":[589,323],"_rootPartCFrame":[751.064,222.7,45.978,0.267,0,0.964,0,1,0,-0.964,0,0.267],"_humanoidState":8,"_cameraCFrame":[756.866,238.933,49.023,0.465,-0.809,0.36,0,0.406,0.914,-0.885,-0.425,0.189],"_shiftlockState":false,"_pose":"Running","_animationQueue":[],"_animationSpeed":1.103,"_zoom":16.125},{"_mousePosition":[589,323],"_rootPartCFrame":[750.821,222.7,45.869,0.287,0,0.958,0,1,0,-0.958,0,0.287],"_humanoidState":8,"_cameraCFrame":[756.148,238.996,49.432,0.556,-0.763,0.33,0,0.397,0.918,-0.831,-0.51,0.221],"_shiftlockState":false,"_pose":"Running","_animationQueue":[],"_animationSpeed":1.103,"_zoom":16.125},{"_mousePosition":[589,323],"_rootPartCFrame":[750.585,222.7,45.746,0.311,0,0.95,0,1,0,-0.95,0,0.311],"_humanoidState":8,"_cameraCFrame":[755.6,239.021,49.642,0.614,-0.726,0.311,0,0.394,0.919,-0.79,-0.564,0.242],"_shiftlockState":false,"_pose":"Running","_animationQueue":[],"_animationSpeed":1.103,"_zoom":16.125},{"_mousePosition":[589,323],"_rootPartCFrame":[750.362,222.7,45.6,0.344,0,0.939,0,1,0,-0.939,0,0.344],"_humanoidState":8,"_cameraCFrame":[755.12,239.034,49.762,0.658,-0.692,0.295,0,0.392,0.92,-0.753,-0.606,0.258],"_shiftlockState":false,"_pose":"Running","_animationQueue":[["walk",0.1]],"_animationSpeed":1.103,"_zoom":16.125},{"_mousePosition":[589,323],"_rootPartCFrame":[750.15,222.7,45.437,0.382,0,0.924,0,1,0,-0.924,0,0.382],"_humanoidState":8,"_cameraCFrame":[754.736,239.034,49.789,0.688,-0.667,0.284,0,0.392,0.92,-0.725,-0.633,0.27],"_shiftlockState":false,"_pose":"Running","_animationQueue":[],"_animationSpeed":1.103,"_zoom":16.125},{"_mousePosition":[589,323],"_rootPartCFrame":[749.949,222.7,45.263,0.422,0,0.907,0,1,0,-0.907,0,0.422],"_humanoidState":8,"_cameraCFrame":[754.479,239.034,49.672,0.697,-0.659,0.281,0,0.392,0.92,-0.717,-0.642,0.273],"_shiftlockState":false,"_pose":"Running","_animationQueue":[],"_animationSpeed":1.103,"_zoom":16.125},{"_mousePosition":[589,323],"_rootPartCFrame":[749.755,222.7,45.08,0.461,0,0.888,0,1,0,-0.888,0,0.461],"_humanoidState":8,"_cameraCFrame":[754.24,239.034,49.535,0.705,-0.653,0.278,0,0.392,0.92,-0.71,-0.648,0.276],"_shiftlockState":false,"_pose":"Running","_animationQueue":[],"_animationSpeed":1.103,"_zoom":16.125},{"_mousePosition":[589,323],"_rootPartCFrame":[749.563,222.7,44.894,0.495,0,0.869,0,1,0,-0.869,0,0.495],"_humanoidState":8,"_cameraCFrame":[754.092,239.021,49.346,0.701,-0.655,0.281,0,0.394,0.919,-0.713,-0.644,0.276],"_shiftlockState":false,"_pose":"Running","_animationQueue":[],"_animationSpeed":1.103,"_zoom":16.125},{"_mousePosition":[589,323],"_rootPartCFrame":[749.374,222.7,44.706,0.526,0,0.851,0,1,0,-0.851,0,0.526],"_humanoidState":8,"_cameraCFrame":[754.012,238.996,49.129,0.69,-0.664,0.288,0,0.397,0.918,-0.724,-0.633,0.274],"_shiftlockState":false,"_pose":"Running","_animationQueue":[],"_animationSpeed":1.103,"_zoom":16.125},{"_mousePosition":[589,323],"_rootPartCFrame":[749.184,222.7,44.519,0.551,0,0.834,0,1,0,-0.834,0,0.551],"_humanoidState":8,"_cameraCFrame":[753.931,238.984,48.867,0.675,-0.676,0.294,0,0.399,0.917,-0.737,-0.619,0.27],"_shiftlockState":false,"_pose":"Running","_animationQueue":[["walk",0.1]],"_animationSpeed":1.103,"_zoom":16.125},{"_mousePosition":[589,323],"_rootPartCFrame":[748.991,222.7,44.335,0.571,0,0.821,0,1,0,-0.821,0,0.571],"_humanoidState":8,"_cameraCFrame":[753.836,238.984,48.573,0.658,-0.69,0.3,0,0.399,0.917,-0.753,-0.604,0.263],"_shiftlockState":false,"_pose":"Running","_animationQueue":[],"_animationSpeed":1.103,"_zoom":16.125},{"_mousePosition":[589,323],"_rootPartCFrame":[748.795,222.7,44.154,0.586,0,0.81,0,1,0,-0.81,0,0.586],"_humanoidState":8,"_cameraCFrame":[753.778,238.971,48.275,0.637,-0.706,0.309,0,0.401,0.916,-0.771,-0.584,0.256],"_shiftlockState":false,"_pose":"Running","_animationQueue":[],"_animationSpeed":1.103,"_zoom":16.125},{"_mousePosition":[589,323],"_rootPartCFrame":[748.594,222.7,43.978,0.597,0,0.802,0,1,0,-0.802,0,0.597],"_humanoidState":8,"_cameraCFrame":[753.766,238.946,47.955,0.61,-0.725,0.321,0,0.405,0.915,-0.793,-0.557,0.247],"_shiftlockState":false,"_pose":"Running","_animationQueue":[],"_animationSpeed":1.103,"_zoom":16.125},{"_mousePosition":[589,323],"_rootPartCFrame":[748.389,222.7,43.808,0.603,0,0.798,0,1,0,-0.798,0,0.603],"_humanoidState":8,"_cameraCFrame":[753.85,238.92,47.482,0.558,-0.757,0.339,0,0.408,0.913,-0.83,-0.51,0.228],"_shiftlockState":false,"_pose":"Running","_animationQueue":[],"_animationSpeed":1.103,"_zoom":16.125},{"_mousePosition":[589,323],"_rootPartCFrame":[748.178,222.7,43.645,0.604,0,0.797,0,1,0,-0.797,0,0.604],"_humanoidState":8,"_cameraCFrame":[753.874,238.882,47.111,0.52,-0.778,0.353,0,0.413,0.911,-0.854,-0.473,0.215],"_shiftlockState":false,"_pose":"Running","_animationQueue":[],"_animationSpeed":1.103,"_zoom":16.125},{"_mousePosition":[589,323],"_rootPartCFrame":[747.958,222.7,43.495,0.599,0,0.801,0,1,0,-0.801,0,0.599],"_humanoidState":8,"_cameraCFrame":[753.864,238.856,46.71,0.478,-0.798,0.366,0,0.417,0.909,-0.878,-0.435,0.199],"_shiftlockState":false,"_pose":"Running","_animationQueue":[],"_animationSpeed":1.103,"_zoom":16.125},{"_mousePosition":[589,323],"_rootPartCFrame":[747.731,222.7,43.355,0.589,0,0.808,0,1,0,-0.808,0,0.589],"_humanoidState":8,"_cameraCFrame":[753.902,238.803,46.302,0.431,-0.817,0.383,0,0.424,0.906,-0.902,-0.39,0.183],"_shiftlockState":false,"_pose":"Running","_animationQueue":[["walk",0.1]],"_animationSpeed":1.103,"_zoom":16.125},{"_mousePosition":[589,323],"_rootPartCFrame":[747.497,222.7,43.227,0.575,0,0.818,0,1,0,-0.818,0,0.575],"_humanoidState":8,"_cameraCFrame":[753.908,238.763,45.841,0.378,-0.836,0.398,0,0.429,0.903,-0.926,-0.341,0.162],"_shiftlockState":false,"_pose":"Running","_animationQueue":[],"_animationSpeed":1.103,"_zoom":16.125},{"_mousePosition":[589,323],"_rootPartCFrame":[747.257,222.7,43.111,0.557,0,0.83,0,1,0,-0.83,0,0.557],"_humanoidState":8,"_cameraCFrame":[753.863,238.735,45.366,0.323,-0.853,0.41,0,0.433,0.901,-0.946,-0.291,0.14],"_shiftlockState":false,"_pose":"Running","_animationQueue":[],"_animationSpeed":1.103,"_zoom":16.125},{"_mousePosition":[589,323],"_rootPartCFrame":[747.01,222.7,43.009,0.535,0,0.845,0,1,0,-0.845,0,0.535],"_humanoidState":8,"_cameraCFrame":[753.791,238.708,44.892,0.267,-0.867,0.42,0,0.436,0.9,-0.964,-0.241,0.117],"_shiftlockState":false,"_pose":"Running","_animationQueue":[],"_animationSpeed":1.103,"_zoom":16.125},{"_mousePosition":[589,323],"_rootPartCFrame":[746.759,222.7,42.922,0.508,0,0.861,0,1,0,-0.861,0,0.508],"_humanoidState":8,"_cameraCFrame":[753.657,238.694,44.448,0.216,-0.878,0.428,0,0.438,0.899,-0.976,-0.194,0.095],"_shiftlockState":false,"_pose":"Running","_animationQueue":[],"_animationSpeed":1.103,"_zoom":16.125},{"_mousePosition":[589,323],"_rootPartCFrame":[746.502,222.7,42.849,0.478,0,0.878,0,1,0,-0.878,0,0.478],"_humanoidState":8,"_cameraCFrame":[753.506,238.667,44.14,0.181,-0.882,0.434,0,0.442,0.897,-0.983,-0.163,0.08],"_shiftlockState":false,"_pose":"Running","_animationQueue":[],"_animationSpeed":1.103,"_zoom":16.125},{"_mousePosition":[589,323],"_rootPartCFrame":[746.242,222.7,42.791,0.445,0,0.895,0,1,0,-0.895,0,0.445],"_humanoidState":8,"_cameraCFrame":[753.273,238.667,43.921,0.159,-0.886,0.436,0,0.442,0.897,-0.987,-0.142,0.07],"_shiftlockState":false,"_pose":"Running","_animationQueue":[["walk",0.1]],"_animationSpeed":1.103,"_zoom":16.125},{"_mousePosition":[589,323],"_rootPartCFrame":[745.98,222.7,42.742,0.412,0,0.911,0,1,0,-0.911,0,0.412],"_humanoidState":8,"_cameraCFrame":[753.027,238.667,43.765,0.144,-0.888,0.437,0,0.442,0.897,-0.99,-0.129,0.063],"_shiftlockState":false,"_pose":"Running","_animationQueue":[],"_animationSpeed":1.103,"_zoom":16.125},{"_mousePosition":[589,323],"_rootPartCFrame":[745.717,222.7,42.699,0.379,0,0.925,0,1,0,-0.925,0,0.379],"_humanoidState":8,"_cameraCFrame":[752.772,238.667,43.669,0.136,-0.889,0.438,0,0.442,0.897,-0.991,-0.122,0.06],"_shiftlockState":false,"_pose":"Running","_animationQueue":[],"_animationSpeed":1.103,"_zoom":16.125},{"_mousePosition":[589,323],"_rootPartCFrame":[745.453,222.7,42.66,0.348,0,0.937,0,1,0,-0.937,0,0.348],"_humanoidState":8,"_cameraCFrame":[752.522,238.667,43.523,0.121,-0.891,0.438,0,0.442,0.897,-0.993,-0.109,0.054],"_shiftlockState":false,"_pose":"Running","_animationQueue":[],"_animationSpeed":1.103,"_zoom":16.125},{"_mousePosition":[589,323],"_rootPartCFrame":[745.189,222.7,42.624,0.321,0,0.947,0,1,0,-0.947,0,0.321],"_humanoidState":8,"_cameraCFrame":[752.27,238.667,43.379,0.106,-0.892,0.439,0,0.442,0.897,-0.994,-0.095,0.047],"_shiftlockState":false,"_pose":"Running","_animationQueue":[],"_animationSpeed":1.103,"_zoom":16.125},{"_mousePosition":[589,323],"_rootPartCFrame":[744.924,222.7,42.591,0.294,0,0.956,0,1,0,-0.956,0,0.294],"_humanoidState":8,"_cameraCFrame":[752.018,238.667,43.221,0.088,-0.894,0.44,0,0.442,0.897,-0.996,-0.079,0.039],"_shiftlockState":false,"_pose":"Running","_animationQueue":[],"_animationSpeed":1.103,"_zoom":16.125},{"_mousePosition":[589,323],"_rootPartCFrame":[744.659,222.7,42.562,0.27,0,0.963,0,1,0,-0.963,0,0.27],"_humanoidState":8,"_cameraCFrame":[751.792,238.653,43.051,0.068,-0.894,0.442,0,0.443,0.896,-0.998,-0.061,0.03],"_shiftlockState":false,"_pose":"Running","_animationQueue":[["walk",0.1]],"_animationSpeed":1.103,"_zoom":16.125},{"_mousePosition":[589,323],"_rootPartCFrame":[744.393,222.7,42.538,0.246,0,0.969,0,1,0,-0.969,0,0.246],"_humanoidState":8,"_cameraCFrame":[751.563,238.639,42.883,0.048,-0.894,0.445,0,0.445,0.895,-0.999,-0.043,0.021],"_shiftlockState":false,"_pose":"Running","_animationQueue":[],"_animationSpeed":1.103,"_zoom":16.125},{"_mousePosition":[589,323],"_rootPartCFrame":[744.127,222.7,42.52,0.222,0,0.975,0,1,0,-0.975,0,0.222],"_humanoidState":8,"_cameraCFrame":[751.331,238.625,42.702,0.025,-0.894,0.447,0,0.447,0.895,-1,-0.023,0.011],"_shiftlockState":false,"_pose":"Running","_animationQueue":[],"_animationSpeed":1.103,"_zoom":16.125},{"_mousePosition":[589,323],"_rootPartCFrame":[743.861,222.7,42.507,0.199,0,0.98,0,1,0,-0.98,0,0.199],"_humanoidState":8,"_cameraCFrame":[751.095,238.611,42.525,0.003,-0.894,0.449,0,0.449,0.894,-1,-0.002,0.001],"_shiftlockState":false,"_pose":"Running","_animationQueue":[],"_animationSpeed":1.103,"_zoom":16.125},{"_mousePosition":[589,323],"_rootPartCFrame":[743.594,222.7,42.499,0.176,0,0.984,0,1,0,-0.984,0,0.176],"_humanoidState":8,"_cameraCFrame":[750.855,238.597,42.334,-0.023,-0.893,0.45,0,0.45,0.893,-1,0.02,-0.01],"_shiftlockState":false,"_pose":"Running","_animationQueue":[],"_animationSpeed":1.103,"_zoom":16.125},{"_mousePosition":[589,323],"_rootPartCFrame":[743.328,222.7,42.498,0.153,0,0.988,0,1,0,-0.988,0,0.153],"_humanoidState":8,"_cameraCFrame":[750.61,238.583,42.166,-0.046,-0.891,0.452,0,0.452,0.892,-0.999,0.041,-0.021],"_shiftlockState":false,"_pose":"Running","_animationQueue":[],"_animationSpeed":1.103,"_zoom":16.125},{"_mousePosition":[589,323],"_rootPartCFrame":[743.061,222.7,42.504,0.13,0,0.991,0,1,0,-0.991,0,0.13],"_humanoidState":8,"_cameraCFrame":[750.391,238.554,42.021,-0.066,-0.888,0.455,0,0.456,0.89,-0.998,0.059,-0.03],"_shiftlockState":false,"_pose":"Running","_animationQueue":[],"_animationSpeed":1.103,"_zoom":16.125},{"_mousePosition":[589,323],"_rootPartCFrame":[742.795,222.7,42.515,0.107,0,0.994,0,1,0,-0.994,0,0.107],"_humanoidState":8,"_cameraCFrame":[750.143,238.54,41.9,-0.083,-0.886,0.456,0,0.457,0.889,-0.997,0.074,-0.038],"_shiftlockState":false,"_pose":"Running","_animationQueue":[["walk",0.1]],"_animationSpeed":1.103,"_zoom":16.125},{"_mousePosition":[589,323],"_rootPartCFrame":[742.462,223.77,42.53,0.078,0,0.997,0,1,0,-0.997,0,0.078],"_humanoidState":3,"_cameraCFrame":[749.81,239.61,41.915,-0.083,-0.886,0.456,0,0.457,0.889,-0.997,0.074,-0.038],"_shiftlockState":false,"_pose":"Jumping","_animationQueue":[["walk",0.1],["jump",0.1]],"_animationSpeed":1,"_zoom":16.125},{"_mousePosition":[589,323],"_rootPartCFrame":[742.262,224.371,42.546,0.061,0,0.998,0,1,0,-0.998,0,0.061],"_