[{"_mousePosition":[1193,392],"_rootPartCFrame":[776.035,222.97,47.142,-0.002,-0.008,1,0,1,0.008,-1,0,-0.002],"_humanoidState":8,"_cameraCFrame":[776.849,237.551,40.373,-0.993,-0.107,0.056,0,0.462,0.887,-0.121,0.88,-0.459],"_shiftlockState":false,"_pose":"Standing","_animationQueue":[],"_animationSpeed":1,"_zoom":14.752},{"_mousePosition":[1187,388],"_rootPartCFrame":[775.866,222.879,47.121,0.01,-0.002,1,0,1,0.002,-1,0,0.01],"_humanoidState":8,"_cameraCFrame":[776.688,237.461,40.352,-0.993,-0.107,0.056,0,0.462,0.887,-0.121,0.88,-0.459],"_shiftlockState":false,"_pose":"Standing","_animationQueue":[],"_animationSpeed":1,"_zoom":14.752},{"_mousePosition":[1187,388],"_rootPartCFrame":[775.602,222.727,47.089,0.025,0,1,0,1,0,-1,0,0.025],"_humanoidState":8,"_cameraCFrame":[776.429,237.309,40.32,-0.993,-0.107,0.056,0,0.462,0.887,-0.121,0.88,-0.459],"_shiftlockState":false,"_pose":"Running","_animationQueue":[["walk",0.1]],"_animationSpeed":1,"_zoom":14.752},{"_mousePosition":[1187,388],"_rootPartCFrame":[775.337,222.614,47.057,0.038,0,0.999,0,1,0,-0.999,0,0.038],"_humanoidState":8,"_cameraCFrame":[774.426,237.195,40.076,-0.993,-0.107,0.056,0,0.462,0.887,-0.121,0.88,-0.459],"_shiftlockState":true,"_pose":"Running","_animationQueue":[["walk",0.1]],"_animationSpeed":1.105,"_zoom":14.752},{"_mousePosition":[683,384],"_rootPartCFrame":[775.073,222.637,47.025,-0.999,0,0.033,0,1,0,-0.033,0,-0.999],"_humanoidState":8,"_cameraCFrame":[774.161,237.219,40.043,-0.993,-0.107,0.056,0,0.462,0.887,-0.121,0.88,-0.459],"_shiftlockState":true,"_pose":"Running","_animationQueue":[["walk",0.1]],"_animationSpeed":1.105,"_zoom":14.752},{"_mousePosition":[683,384],"_rootPartCFrame":[774.808,222.664,46.992,-0.994,0,0.112,0,1,0,-0.112,0,-0.994],"_humanoidState":8,"_cameraCFrame":[773.897,237.245,40.011,-0.993,-0.107,0.056,0,0.462,0.887,-0.121,0.88,-0.459],"_shiftlockState":true,"_pose":"Running","_animationQueue":[],"_animationSpeed":1.105,"_zoom":14.752},{"_mousePosition":[683,384],"_rootPartCFrame":[774.543,222.68,46.96,-0.993,0,0.121,0,1,0,-0.121,0,-0.993],"_humanoidState":8,"_cameraCFrame":[773.632,237.261,39.979,-0.993,-0.107,0.056,0,0.462,0.887,-0.121,0.88,-0.459],"_shiftlockState":true,"_pose":"Running","_animationQueue":[],"_animationSpeed":1.105,"_zoom":14.752},{"_mousePosition":[683,384],"_rootPartCFrame":[774.212,222.691,46.92,-0.993,0,0.121,0,1,0,-0.121,0,-0.993],"_humanoidState":8,"_cameraCFrame":[773.301,237.272,39.939,-0.993,-0.107,0.056,0,0.462,0.887,-0.121,0.88,-0.459],"_shiftlockState":true,"_pose":"Running","_animationQueue":[],"_animationSpeed":1.105,"_zoom":14.752},{"_mousePosition":[683,384],"_rootPartCFrame":[773.948,222.695,46.887,-0.993,0,0.121,0,1,0,-0.121,0,-0.993],"_humanoidState":8,"_cameraCFrame":[773.036,237.276,39.906,-0.993,-0.107,0.056,0,0.462,0.887,-0.121,0.88,-0.459],"_shiftlockState":true,"_pose":"Running","_animationQueue":[],"_animationSpeed":1.105,"_zoom":14.752},{"_mousePosition":[683,384],"_rootPartCFrame":[773.683,222.697,46.855,-0.993,0,0.121,0,1,0,-0.121,0,-0.993],"_humanoidState":8,"_cameraCFrame":[772.772,237.278,39.874,-0.993,-0.107,0.056,0,0.462,0.887,-0.121,0.88,-0.459],"_shiftlockState":true,"_pose":"Running","_animationQueue":[],"_animationSpeed":1.105,"_zoom":14.752},{"_mousePosition":[683,384],"_rootPartCFrame":[773.418,222.698,46.823,-0.993,0,0.121,0,1,0,-0.121,0,-0.993],"_humanoidState":8,"_cameraCFrame":[772.507,237.279,39.842,-0.993,-0.107,0.056,0,0.462,0.887,-0.121,0.88,-0.459],"_shiftlockState":true,"_pose":"Running","_animationQueue":[],"_animationSpeed":1.105,"_zoom":14.752},{"_mousePosition":[683,384],"_rootPartCFrame":[773.154,222.699,46.79,-0.993,0,0.121,0,1,0,-0.121,0,-0.993],"_humanoidState":8,"_cameraCFrame":[772.242,237.28,39.809,-0.993,-0.107,0.056,0,0.462,0.887,-0.121,0.88,-0.459],"_shiftlockState":true,"_pose":"Running","_animationQueue":[["walk",0.1]],"_animationSpeed":1.105,"_zoom":14.752},{"_mousePosition":[683,384],"_rootPartCFrame":[772.955,222.699,46.766,-0.993,0,0.121,0,1,0,-0.121,0,-0.993],"_humanoidState":8,"_cameraCFrame":[772.044,237.28,39.785,-0.993,-0.107,0.056,0,0.462,0.887,-0.121,0.88,-0.459],"_shiftlockState":true,"_pose":"Running","_animationQueue":[],"_animationSpeed":1.105,"_zoom":14.752},{"_mousePosition":[683,384],"_rootPartCFrame":[772.624,222.699,46.726,-0.993,0,0.121,0,1,0,-0.121,0,-0.993],"_humanoidState":8,"_cameraCFrame":[771.618,237.281,39.758,-0.994,-0.095,0.05,0,0.462,0.887,-0.108,0.882,-0.46],"_shiftlockState":true,"_pose":"Running","_animationQueue":[],"_animationSpeed":1.105,"_zoom":14.752},{"_mousePosition":[683,384],"_rootPartCFrame":[772.36,222.7,46.694,-0.994,0,0.108,0,1,0,-0.108,0,-0.994],"_humanoidState":8,"_cameraCFrame":[770.945,237.373,39.975,-0.999,-0.045,0.023,0,0.45,0.893,-0.05,0.892,-0.45],"_shiftlockState":true,"_pose":"Running","_animationQueue":[],"_animationSpeed":1.105,"_zoom":14.752},{"_mousePosition":[683,384],"_rootPartCFrame":[772.095,222.7,46.664,-0.999,0,0.05,0,1,0,-0.05,0,-0.999],"_humanoidState":8,"_cameraCFrame":[770.271,237.494,40.291,-1,0.01,-0.005,0,0.433,0.901,0.012,0.901,-0.433],"_shiftlockState":true,"_pose":"Running","_animationQueue":[],"_animationSpeed":1.105,"_zoom":14.752},{"_mousePosition":[683,384],"_rootPartCFrame":[771.829,222.7,46.649,-1,0,-0.012,0,1,0,0.012,0,-1],"_humanoidState":8,"_cameraCFrame":[769.882,237.555,40.442,-1,0.029,-0.013,0,0.425,0.905,0.031,0.905,-0.424],"_shiftlockState":true,"_pose":"Running","_animationQueue":[],"_animationSpeed":1.105,"_zoom":14.752},{"_mousePosition":[683,384],"_rootPartCFrame":[771.562,222.7,46.649,-1,0,-0.031,0,1,0,0.031,0,-1],"_humanoidState":8,"_cameraCFrame":[769.526,237.635,40.646,-0.999,0.043,-0.019,0,0.413,0.911,0.047,0.91,-0.413],"_shiftlockState":true,"_pose":"Running","_animationQueue":[["walk",0.1]],"_animationSpeed":1.105,"_zoom":14.752},{"_mousePosition":[683,384],"_rootPartCFrame":[771.295,222.7,46.657,-0.999,0,-0.047,0,1,0,0.047,0,-0.999],"_humanoidState":8,"_cameraCFrame":[769.22,237.717,40.856,-0.998,0.051,-0.022,0,0.4,0.916,0.056,0.915,-0.4],"_shiftlockState":true,"_pose":"Running","_animationQueue":[],"_animationSpeed":1.105,"_zoom":14.752},{"_mousePosition":[683,384],"_rootPartCFrame":[771.029,222.7,46.669,-0.998,0,-0.056,0,1,0,0.056,0,-0.998],"_humanoidState":8,"_cameraCFrame":[768.951,237.553,41.137,-0.998,0.054,-0.023,0,0.389,0.921,0.059,0.92,-0.389],"_shiftlockState":true,"_pose":"Running","_animationQueue":[],"_animationSpeed":1.105,"_zoom":11.402},{"_mousePosition":[683,384],"_rootPartCFrame":[770.763,223.563,46.681,-0.998,0,-0.059,0,1,0,0.059,0,-0.998],"_humanoidState":3,"_cameraCFrame":[768.692,237.954,41.47,-0.998,0.056,-0.023,0,0.382,0.924,0.061,0.922,-0.381],"_shiftlockState":true,"_pose":"Jumping","_animationQueue":[["walk",0.1],["jump",0.1]],"_animationSpeed":1,"_zoom":11.402},{"_mousePosition":[683,384],"_rootPartCFrame":[770.496,224.371,46.697,-1,0,0.031,0,1,0,-0.031,0,-1],"_humanoidState":5,"_cameraCFrame":[768.44,238.269,41.724,-0.998,0.056,-0.023,0,0.38,0.925,0.061,0.923,-0.379],"_shiftlockState":true,"_pose":"FreeFall","_animationQueue":[["jump",0.1]],"_animationSpeed":1,"_zoom":11.402},{"_mousePosition":[683,384],"_rootPartCFrame":[770.297,224.941,46.709,-0.999,0,0.035,0,1,0,-0.035,0,-0.999],"_humanoidState":5,"_cameraCFrame":[768.253,238.364,41.931,-0.998,0.056,-0.023,0,0.38,0.925,0.061,0.923,-0.379],"_shiftlockState":true,"_pose":"FreeFall","_animationQueue":[],"_animationSpeed":1,"_zoom":11.402},{"_mousePosition":[683,384],"_rootPartCFrame":[769.964,225.824,46.729,-0.995,0,0.105,0,1,0,-0.105,0,-0.995],"_humanoidState":5,"_cameraCFrame":[767.929,238.885,42.1,-0.998,0.056,-0.023,0,0.38,0.925,0.061,0.923,-0.379],"_shiftlockState":true,"_pose":"FreeFall","_animationQueue":[],"_animationSpeed":1,"_zoom":11.402},{"_mousePosition":[683,384],"_rootPartCFrame":[769.698,226.469,46.745,-0.997,0,0.072,0,1,0,-0.072,0,-0.997],"_humanoidState":5,"_cameraCFrame":[767.671,239.219,42.243,-0.998,0.056,-0.023,0,0.38,0.925,0.061,0.923,-0.379],"_shiftlockState":true,"_pose":"FreeFall","_animationQueue":[],"_animationSpeed":1,"_zoom":11.402},{"_mousePosition":[683,384],"_rootPartCFrame":[769.432,227.059,46.761,-0.997,0,0.072,0,1,0,-0.072,0,-0.997],"_humanoidState":5,"_cameraCFrame":[767.407,239.607,42.375,-0.998,0.057,-0.023,0,0.377,0.926,0.062,0.924,-0.377],"_shiftlockState":true,"_pose":"FreeFall","_animationQueue":[],"_animationSpeed":1,"_zoom":11.402},{"_mousePosition":[683,384],"_rootPartCFrame":[769.166,227.595,46.777,-0.997,0,0.071,0,1,0,-0.071,0,-0.997],"_humanoidState":5,"_cameraCFrame":[767.143,240.015,42.497,-0.998,0.058,-0.023,0,0.374,0.928,0.063,0.926,-0.373],"_shiftlockState":true,"_pose":"FreeFall","_animationQueue":[],"_animationSpeed":1,"_zoom":11.402},{"_mousePosition":[683,384],"_rootPartCFrame":[768.9,228.077,46.794,-0.998,0,0.07,0,1,0,-0.07,0,-0.998],"_humanoidState":5,"_cameraCFrame":[766.87,240.413,42.614,-0.998,0.061,-0.024,0,0.369,0.929,0.066,0.927,-0.368],"_shiftlockState":true,"_pose":"FreeFall","_animationQueue":[],"_animationSpeed":1,"_zoom":11.402},{"_mousePosition":[683,384],"_rootPartCFrame":[768.634,228.504,46.811,-0.998,0,0.067,0,1,0,-0.067,0,-0.998],"_humanoidState":5,"_cameraCFrame":[766.597,240.79,42.737,-0.998,0.064,-0.025,0,0.363,0.932,0.069,0.929,-0.362],"_shiftlockState":true,"_pose":"FreeFall","_animationQueue":[],"_animationSpeed":1,"_zoom":11.402},{"_mousePosition":[683,384],"_rootPartCFrame":[768.368,228.876,46.828,-0.998,0,0.064,0,1,0,-0.064,0,-0.998],"_humanoidState":5,"_cameraCFrame":[766.321,241.141,42.861,-0.997,0.068,-0.026,0,0.356,0.934,0.073,0.932,-0.355],"_shiftlockState":true,"_pose":"FreeFall","_animationQueue":[],"_animationSpeed":1,"_zoom":11.402},{"_mousePosition":[683,384],"_rootPartCFrame":[768.101,229.194,46.846,-0.998,0,0.06,0,1,0,-0.06,0,-0.998],"_humanoidState":5,"_cameraCFrame":[766.044,241.461,43.008,-0.997,0.074,-0.027,0,0.347,0.938,0.079,0.935,-0.346],"_shiftlockState":true,"_pose":"FreeFall","_animationQueue":[],"_animationSpeed":1,"_zoom":11.402},{"_mousePosition":[683,384],"_rootPartCFrame":[767.836,229.457,46.866,-0.999,0,0.055,0,1,0,-0.055,0,-0.999],"_humanoidState":5,"_cameraCFrame":[765.773,241.742,43.167,-0.997,0.078,-0.028,0,0.337,0.942,0.083,0.938,-0.336],"_shiftlockState":true,"_pose":"FreeFall","_animationQueue":[],"_animationSpeed":1,"_zoom":11.402},{"_mousePosition":[683,384],"_rootPartCFrame":[767.57,229.666,46.887,-0.999,0,0.05,0,1,0,-0.05,0,-0.999],"_humanoidState":5,"_cameraCFrame":[765.505,241.972,43.304,-0.996,0.081,-0.028,0,0.328,0.945,0.086,0.941,-0.326],"_shiftlockState":true,"_pose":"FreeFall","_animationQueue":[],"_animationSpeed":1,"_zoom":11.402},{"_mousePosition":[683,384],"_rootPartCFrame":[767.304,229.821,46.908,-0.999,0,0.047,0,1,0,-0.047,0,-0.999],"_humanoidState":5,"_cameraCFrame":[765.237,242.15,43.44,-0.996,0.084,-0.028,0,0.318,0.948,0.089,0.944,-0.317],"_shiftlockState":true,"_pose":"FreeFall","_animationQueue":[],"_animationSpeed":1,"_zoom":11.402},{"_mousePosition":[683,384],"_rootPartCFrame":[767.038,229.921,46.931,-0.999,0,0.044,0,1,0,-0.044,0,-0.999],"_humanoidState":5,"_cameraCFrame":[764.968,242.258,43.513,-0.996,0.086,-0.029,0,0.315,0.949,0.091,0.945,-0.313],"_shiftlockState":true,"_pose":"FreeFall","_animationQueue":[],"_animationSpeed":1,"_zoom":11.402},{"_mousePosition":[683,384],"_rootPartCFrame":[766.839,229.96,46.949,-1,0,0.009,0,1,0,-0.009,0,-1],"_humanoidState":5,"_cameraCFrame":[764.769,242.292,43.532,-0.996,0.086,-0.029,0,0.315,0.949,0.091,0.945,-0.313],"_shiftlockState":true,"_pose":"FreeFall","_animationQueue":[],"_animationSpeed":1,"_zoom":11.402},{"_mousePosition":[683,384],"_rootPartCFrame":[766.573,229.964,46.973,-0.999,0,0.042,0,1,0,-0.042,0,-0.999],"_humanoidState":5,"_cameraCFrame":[764.504,242.293,43.558,-0.996,0.086,-0.029,0,0.315,0.949,0.091,0.945,-0.313],"_shiftlockState":true,"_pose":"FreeFall","_animationQueue":[],"_animationSpeed":1,"_zoom":11.402},{"_mousePosition":[683,384],"_rootPartCFrame":[766.241,229.893,47.003,-0.997,0,0.075,0,1,0,-0.075,0,-0.997],"_humanoidState":5,"_cameraCFrame":[764.172,242.22,43.589,-0.996,0.086,-0.029,0,0.315,0.949,0.091,0.945,-0.313],"_shiftlockState":true,"_pose":"FreeFall","_animationQueue":[["fall",0.3]],"_animationSpeed":1,"_zoom":11.402},{"_mousePosition":[683,384],"_rootPartCFrame":[766.042,229.81,47.022,-1,0,0.009,0,1,0,-0.009,0,-1],"_humanoidState":5,"_cameraCFrame":[763.973,242.135,43.607,-0.996,0.086,-0.029,0,0.315,0.949,0.091,0.945,-0.313],"_shiftlockState":true,"_pose":"FreeFall","_animationQueue":[],"_animationSpeed":1,"_zoom":11.402},{"_mousePosition":[683,384],"_rootPartCFrame":[765.71,229.603,47.052,-0.997,0,0.075,0,1,0,-0.075,0,-0.997],"_humanoidState":5,"_cameraCFrame":[763.641,241.927,43.638,-0.996,0.086,-0.029,0,0.315,0.949,0.091,0.945,-0.313],"_shiftlockState":true,"_pose":"FreeFall","_animationQueue":[],"_animationSpeed":1,"_zoom":11.402},{"_mousePosition":[683,384],"_rootPartCFrame":[765.444,229.375,47.076,-0.999,0,0.042,0,1,0,-0.042,0,-0.999],"_humanoidState":5,"_cameraCFrame":[763.375,241.699,43.663,-0.996,0.086,-0.029,0,0.315,0.949,0.091,0.945,-0.313],"_shiftlockState":true,"_pose":"FreeFall","_animationQueue":[],"_animationSpeed":1,"_zoom":11.402},{"_mousePosition":[683,384],"_rootPartCFrame":[765.245,229.169,47.094,-1,0,0.009,0,1,0,-0.009,0,-1],"_humanoidState":5,"_cameraCFrame":[763.176,241.493,43.681,-0.996,0.086,-0.029,0,0.315,0.949,0.091,0.945,-0.313],"_shiftlockState":true,"_pose":"FreeFall","_animationQueue":[],"_animationSpeed":1,"_zoom":11.402},{"_mousePosition":[683,384],"_rootPartCFrame":[764.913,228.758,47.125,-0.997,0,0.075,0,1,0,-0.075,0,-0.997],"_humanoidState":5,"_cameraCFrame":[762.855,241.081,43.705,-0.996,0.083,-0.028,0,0.315,0.949,0.088,0.946,-0.313],"_shiftlockState":true,"_pose":"FreeFall","_animationQueue":[],"_animationSpeed":1,"_zoom":11.402},{"_mousePosition":[683,384],"_rootPartCFrame":[764.648,228.367,47.149,-0.999,0,0.045,0,1,0,-0.045,0,-0.999],"_humanoidState":5,"_cameraCFrame":[762.652,240.681,43.665,-0.998,0.066,-0.022,0,0.317,0.948,0.069,0.946,-0.316],"_shiftlockState":true,"_pose":"FreeFall","_animationQueue":[["fall",0.3]],"_animationSpeed":1,"_zoom":11.402},{"_mousePosition":[683,384],"_rootPartCFrame":[764.382,227.922,47.173,-0.998,0,0.064,0,1,0,-0.064,0,-0.998],"_humanoidState":5,"_cameraCFrame":[762.51,240.224,43.585,-0.999,0.032,-0.011,0,0.32,0.947,0.034,0.947,-0.32],"_shiftlockState":true,"_pose":"FreeFall","_animationQueue":[],"_animationSpeed":1,"_zoom":11.402},{"_mousePosition":[683,384],"_rootPartCFrame":[764.116,227.422,47.192,-0.995,0,0.1,0,1,0,-0.1,0,-0.995],"_humanoidState":5,"_cameraCFrame":[762.474,239.716,43.467,-1,-0.028,0.009,0,0.322,0.947,-0.029,0.946,-0.322],"_shiftlockState":true,"_pose":"FreeFall","_animationQueue":[],"_animationSpeed":1,"_zoom":11.402},{"_mousePosition":[683,384],"_rootPartCFrame":[763.916,227.012,47.2,-0.992,0,0.129,0,1,0,-0.129,0,-0.992],"_humanoidState":5,"_cameraCFrame":[762.646,239.299,43.316,-0.992,-0.119,0.041,0,0.324,0.946,-0.126,0.939,-0.321],"_shiftlockState":true,"_pose":"FreeFall","_animationQueue":[],"_animationSpeed":1,"_zoom":11.402},{"_mousePosition":[683,384],"_rootPartCFrame":[763.583,226.26,47.193,-0.957,0,0.289,0,1,0,-0.289,0,-0.957],"_humanoidState":5,"_cameraCFrame":[762.735,238.553,43.212,-0.973,-0.22,0.075,0,0.322,0.947,-0.232,0.921,-0.313],"_shiftlockState":true,"_pose":"FreeFall","_animationQueue":[],"_animationSpeed":1,"_zoom":11.402},{"_mousePosition":[683,384],"_rootPartCFrame":[763.318,225.597,47.163,-0.962,0,0.272,0,1,0,-0.272,0,-0.962],"_humanoidState":7,"_cameraCFrame":[762.798,237.916,43.198,-0.948,-0.301,0.1,0,0.315,0.949,-0.317,0.9,-0.299],"_shiftlockState":true,"_pose":"FreeFall","_animationQueue":[["walk",0.1],["fall",0.3],["fall",0.3]],"_animationSpeed":1,"_zoom":11.402},{"_mousePosition":[683,384],"_rootPartCFrame":[763.058,225.299,47.105,-0.947,0,0.321,0,1,0,-0.321,0,-0.947],"_humanoidState":7,"_cameraCFrame":[762.738,237.645,43.19,-0.929,-0.353,0.114,0,0.309,0.951,-0.371,0.883,-0.287],"_shiftlockState":true,"_pose":"FreeFall","_animationQueue":[],"_animationSpeed":1,"_zoom":11.402},{"_mousePosition":[683,384],"_rootPartCFrame":[762.804,225.387,47.024,-0.928,0,0.371,0,1,0,-0.371,0,-0.928],"_humanoidState":8,"_cameraCFrame":[762.567,237.755,43.165,-0.918,-0.378,0.12,0,0.302,0.953,-0.397,0.875,-0.278],"_shiftlockState":true,"_pose":"Running","_animationQueue":[["fall",0.3],["walk",0.1],["fall",0.3],["walk",0.1]],"_animationSpeed":1.103,"_zoom":11.402},{"_mousePosition":[683,384],"_rootPartCFrame":[762.556,225.472,46.927,-0.918,0,0.397,0,1,0,-0.397,0,-0.918],"_humanoidState":8,"_cameraCFrame":[762.342,237.859,43.122,-0.913,-0.39,0.121,0,0.297,0.955,-0.409,0.872,-0.271],"_shiftlockState":true,"_pose":"Running","_animationQueue":[],"_animationSpeed":1.103,"_zoom":11.402},{"_mousePosition":[683,384],"_rootPartCFrame":[762.31,225.523,46.823,-0.913,0,0.409,0,1,0,-0.409,0,-0.913],"_humanoidState":8,"_cameraCFrame":[762.09,237.921,43.049,-0.912,-0.392,0.121,0,0.294,0.956,-0.41,0.872,-0.268],"_shiftlockState":true,"_pose":"Running","_animationQueue":[],"_animationSpeed":1.103,"_zoom":11.402},{"_mousePosition":[683,384],"_rootPartCFrame":[762.067,225.551,46.714,-0.912,0,0.41,0,1,0,-0.41,0,-0.912],"_humanoidState":8,"_cameraCFrame":[761.816,237.955,42.958,-0.914,-0.387,0.118,0,0.292,0.956,-0.405,0.874,-0.267],"_shiftlockState":true,"_pose":"Running","_animationQueue":[],"_animationSpeed":1.103,"_zoom":11.402},{"_mousePosition":[683,384],"_rootPartCFrame":[761.823,225.54,46.605,-0.914,0,0.405,0,1,0,-0.405,0,-0.914],"_humanoidState":8,"_cameraCFrame":[761.499,237.951,42.878,-0.921,-0.373,0.113,0,0.29,0.957,-0.389,0.881,-0.267],"_shiftlockState":true,"_pose":"Running","_animationQueue":[],"_animationSpeed":1.103,"_zoom":11.402},{"_mousePosition":[683,384],"_rootPartCFrame":[761.58,226.413,46.496,-0.921,0,0.389,0,1,0,-0.389,0,-0.921],"_humanoidState":3,"_cameraCFrame":[761.187,238.83,42.791,-0.927,-0.358,0.108,0,0.289,0.957,-0.374,0.888,-0.268],"_shiftlockState":true,"_pose":"Jumping","_animationQueue":[["walk",0.1],["jump",0.1]],"_animationSpeed":1,"_zoom":11.402},{"_mousePosition":[683,384],"_rootPartCFrame":[761.335,227.235,46.392,-0.889,0,0.458,0,1,0,-0.458,0,-0.889],"_humanoidState":5,"_cameraCFrame":[760.873,239.657,42.71,-0.934,-0.343,0.103,0,0.287,0.958,-0.358,0.894,-0.268],"_shiftlockState":true,"_pose":"FreeFall","_animationQueue":[["jump",0.1]],"_animationSpeed":1,"_zoom":11.402},{"_mousePosition":[683,384],"_rootPartCFrame":[761.088,228.002,46.291,-0.88,0,0.475,0,1,0,-0.475,0,-0.88],"_humanoidState":5,"_cameraCFrame":[760.559,240.432,42.642,-0.939,-0.329,0.098,0,0.285,0.959,-0.344,0.9,-0.267],"_shiftlockState":true,"_pose":"FreeFall","_animationQueue":[],"_animationSpeed":1,"_zoom":11.402},{"_mousePosition":[683,384],"_rootPartCFrame":[760.839,228.715,46.195,-0.885,0,0.465,0,1,0,-0.465,0,-0.885],"_humanoidState":5,"_cameraCFrame":[760.233,241.153,42.582,-0.945,-0.313,0.092,0,0.282,0.959,-0.326,0.907,-0.267],"_shiftlockState":true,"_pose":"FreeFall","_animationQueue":[],"_animationSpeed":1,"_zoom":11.402},{"_mousePosition":[683,384],"_rootPartCFrame":[760.589,229.374,46.103,-0.894,0,0.449,0,1,0,-0.449,0,-0.894],"_humanoidState":5,"_cameraCFrame":[759.904,241.822,42.535,-0.951,-0.296,0.086,0,0.279,0.96,-0.308,0.914,-0.266],"_shiftlockState":true,"_pose":"FreeFall","_animationQueue":[],"_animationSpeed":1,"_zoom":11.402},{"_mousePosition":[683,384],"_rootPartCFrame":[760.337,229.978,46.015,-0.902,0,0.432,0,1,0,-0.432,0,-0.902],"_humanoidState":5,"_cameraCFrame":[759.557,242.436,42.499,-0.959,-0.274,0.079,0,0.276,0.961,-0.285,0.921,-0.265],"_shiftlockState":true,"_pose":"FreeFall","_animationQueue":[],"_animationSpeed":1,"_zoom":11.402},{"_mousePosition":[683,384],"_rootPartCFrame":[760.083,230.527,45.932,-0.912,0,0.41,0,1,0,-0.41,0,-0.912],"_humanoidState":5,"_cameraCFrame":[759.183,242.993,42.469,-0.967,-0.244,0.069,0,0.274,0.962,-0.254,0.93,-0.265],"_shiftlockState":true,"_pose":"FreeFall","_animationQueue":[],"_animationSpeed":1,"_zoom":11.402},{"_mousePosition":[683,384],"_rootPartCFrame":[759.828,231.022,45.856,-0.925,0,0.38,0,1,0,-0.38,0,-0.925],"_humanoidState":5,"_cameraCFrame":[758.799,243.496,42.452,-0.976,-0.211,0.059,0,0.271,0.962,-0.219,0.939,-0.265],"_shiftlockState":true,"_pose":"FreeFall","_animationQueue":[],"_animationSpeed":1,"_zoom":11.402},{"_mousePosition":[683,384],"_rootPartCFrame":[759.57,231.463,45.787,-0.938,0,0.347,0,1,0,-0.347,0,-0.938],"_humanoidState":5,"_cameraCFrame":[758.398,243.939,42.438,-0.984,-0.171,0.048,0,0.271,0.963,-0.178,0.947,-0.266],"_shiftlockState":true,"_pose":"FreeFall","_animationQueue":[],"_animationSpeed":1,"_zoom":11.402},{"_mousePosition":[683,384],"_rootPartCFrame":[759.311,231.849,45.727,-0.952,0,0.307,0,1,0,-0.307,0,-0.952],"_humanoidState":5,"_cameraCFrame":[757.968,244.332,42.468,-0.992,-0.124,0.034,0,0.268,0.963,-0.128,0.955,-0.266],"_shiftlockState":true,"_pose":"FreeFall","_animationQueue":[],"_animationSpeed":1,"_zoom":11.402},{"_mousePosition":[683,384],"_rootPartCFrame":[759.049,232.18,45.678,-0.966,0,0.259,0,1,0,-0.259,0,-0.966],"_humanoidState":5,"_cameraCFrame":[757.517,244.678,42.554,-0.997,-0.069,0.019,0,0.264,0.965,-0.071,0.962,-0.263],"_shiftlockState":true,"_pose":"FreeFall","_animationQueue":[],"_animationSpeed":1,"_zoom":11.402},{"_mousePosition":[683,384],"_rootPartCFrame":[758.784,232.457,45.642,-0.979,0,0.203,0,1,0,-0.203,0,-0.979],"_humanoidState":5,"_cameraCFrame":[757.076,244.782,42.751,-1,-0.014,0.004,0,0.256,0.967,-0.015,0.967,-0.256],"_shiftlockState":true,"_pose":"FreeFall","_animationQueue":[],"_animationSpeed":1,"_zoom":8.721},{"_mousePosition":[683,384],"_rootPartCFrame":[758.519,232.68,45.62,-0.989,0,0.147,0,1,0,-0.147,0,-0.989],"_humanoidState":5,"_cameraCFrame":[756.671,244.594,42.983,-0.999,0.036,-0.009,0,0.251,0.968,0.037,0.967,-0.251],"_shiftlockState":true,"_pose":"FreeFall","_animationQueue":[],"_animationSpeed":1,"_zoom":8.721},{"_mousePosition":[683,384],"_rootPartCFrame":[758.252,232.848,45.614,-0.995,0,0.096,0,1,0,-0.096,0,-0.995],"_humanoidState":5,"_cameraCFrame":[756.26,244.345,43.228,-0.995,0.094,-0.024,0,0.249,0.969,0.097,0.964,-0.248],"_shiftlockState":true,"_pose":"FreeFall","_animationQueue":[],"_animationSpeed":1,"_zoom":8.721},{"_mousePosition":[683,384],"_rootPartCFrame":[757.985,232.962,45.622,-0.999,0,0.036,0,1,0,-0.036,0,-0.999],"_humanoidState":5,"_cameraCFrame":[755.87,244.085,43.472,-0.988,0.153,-0.039,0,0.247,0.969,0.158,0.957,-0.244],"_shiftlockState":true,"_pose":"FreeFall","_animationQueue":[],"_animationSpeed":1,"_zoom":8.721},{"_mousePosition":[683,384],"_rootPartCFrame":[757.72,233.021,45.645,-1,0,-0.025,0,1,0,0.025,0,-1],"_humanoidState":5,"_cameraCFrame":[755.49,243.82,43.715,-0.975,0.213,-0.054,0,0.247,0.969,0.22,0.945,-0.241],"_shiftlockState":true,"_pose":"FreeFall","_animationQueue":[],"_animationSpeed":1,"_zoom":8.721},{"_mousePosition":[683,384],"_rootPartCFrame":[757.456,233.025,45.685,-0.996,0,-0.089,0,1,0,0.089,0,-0.996],"_humanoidState":5,"_cameraCFrame":[755.134,243.566,43.964,-0.96,0.27,-0.069,0,0.247,0.969,0.279,0.931,-0.237],"_shiftlockState":true,"_pose":"FreeFall","_animationQueue":[],"_animationSpeed":1,"_zoom":8.721},{"_mousePosition":[683,384],"_rootPartCFrame":[757.196,232.975,45.741,-0.989,0,-0.149,0,1,0,0.149,0,-0.989],"_humanoidState":5,"_cameraCFrame":[754.808,243.351,44.205,-0.944,0.319,-0.08,0,0.244,0.97,0.329,0.916,-0.231],"_shiftlockState":true,"_pose":"FreeFall","_animationQueue":[],"_animationSpeed":1,"_zoom":8.721},{"_mousePosition":[683,384],"_rootPartCFrame":[756.939,232.871,45.812,-0.98,0,-0.201,0,1,0,0.201,0,-0.98],"_humanoidState":5,"_cameraCFrame":[754.512,243.121,44.424,-0.931,0.355,-0.089,0,0.242,0.97,0.366,0.903,-0.225],"_shiftlockState":true,"_pose":"FreeFall","_animationQueue":[],"_animationSpeed":1,"_zoom":8.721},{"_mousePosition":[683,384],"_rootPartCFrame":[756.686,232.712,45.898,-0.971,0,-0.239,0,1,0,0.239,0,-0.971],"_humanoidState":5,"_cameraCFrame":[754.226,242.88,44.641,-0.916,0.389,-0.096,0,0.24,0.971,0.401,0.889,-0.219],"_shiftlockState":true,"_pose":"FreeFall","_animationQueue":[],"_animationSpeed":1,"_zoom":8.721},{"_mousePosition":[683,384],"_rootPartCFrame":[756.438,232.498,45.994,-0.961,0,-0.276,0,1,0,0.276,0,-0.961],"_humanoidState":5,"_cameraCFrame":[753.954,242.608,44.836,-0.904,0.415,-0.102,0,0.238,0.971,0.428,0.878,-0.215],"_shiftlockState":true,"_pose":"FreeFall","_animationQueue":[["fall",0.3]],"_animationSpeed":1,"_zoom":8.721},{"_mousePosition":[683,384],"_rootPartCFrame":[756.193,232.23,46.1,-0.953,0,-0.304,0,1,0,0.304,0,-0.953],"_humanoidState":5,"_cameraCFrame":[753.694,242.294,45.008,-0.895,0.433,-0.106,0,0.237,0.971,0.446,0.87,-0.212],"_shiftlockState":true,"_pose":"FreeFall","_animationQueue":[],"_animationSpeed":1,"_zoom":8.721},{"_mousePosition":[683,384],"_rootPartCFrame":[755.951,231.908,46.213,-0.946,0,-0.323,0,1,0,0.323,0,-0.946],"_humanoidState":5,"_cameraCFrame":[753.454,241.942,45.133,-0.894,0.435,-0.106,0,0.237,0.971,0.448,0.869,-0.212],"_shiftlockState":true,"_pose":"FreeFall","_animationQueue":[],"_animationSpeed":1,"_zoom":8.721},{"_mousePosition":[683,384],"_rootPartCFrame":[755.712,231.531,46.331,-0.946,0,-0.325,0,1,0,0.325,0,-0.946],"_humanoidState":5,"_cameraCFrame":[753.227,241.541,45.207,-0.901,0.422,-0.104,0,0.239,0.971,0.434,0.875,-0.215],"_shiftlockState":true,"_pose":"FreeFall","_animationQueue":[],"_animationSpeed":1,"_zoom":8.721},{"_mousePosition":[683,384],"_rootPartCFrame":[755.474,231.099,46.45,-0.95,0,-0.311,0,1,0,0.311,0,-0.95],"_humanoidState":5,"_cameraCFrame":[753.023,241.085,45.188,-0.918,0.384,-0.096,0,0.243,0.97,0.396,0.891,-0.224],"_shiftlockState":true,"_pose":"FreeFall","_animationQueue":[],"_animationSpeed":1,"_zoom":8.721},{"_mousePosition":[683,384],"_rootPartCFrame":[755.234,230.613,46.567,-0.963,0,-0.271,0,1,0,0.271,0,-0.963],"_humanoidState":5,"_cameraCFrame":[752.874,240.58,45.084,-0.946,0.315,-0.081,0,0.248,0.969,0.325,0.916,-0.235],"_shiftlockState":true,"_pose":"FreeFall","_animationQueue":[],"_animationSpeed":1,"_zoom":8.721},{"_mousePosition":[683,384],"_rootPartCFrame":[754.99,230.073,46.674,-0.981,0,-0.196,0,1,0,0.196,0,-0.981],"_humanoidState":5,"_cameraCFrame":[752.749,240.025,44.975,-0.969,0.24,-0.062,0,0.252,0.968,0.248,0.938,-0.244],"_shiftlockState":true,"_pose":"FreeFall","_animationQueue":[["fall",0.3]],"_animationSpeed":1,"_zoom":8.721},{"_mousePosition":[683,384],"_rootPartCFrame":[754.802,229.632,46.743,-0.989,0,-0.15,0,1,0,0.15,0,-0.989],"_humanoidState":5,"_cameraCFrame":[752.763,239.574,44.784,-0.99,0.133,-0.035,0,0.254,0.967,0.138,0.958,-0.252],"_shiftlockState":true,"_pose":"FreeFall","_animationQueue":[],"_animationSpeed":1,"_zoom":8.721},{"_mousePosition":[683,384],"_rootPartCFrame":[754.481,228.828,46.83,-1,0,0.028,0,1,0,-0.028,0,-1],"_humanoidState":5,"_cameraCFrame":[752.681,238.779,44.692,-1,0.022,-0.006,0,0.25,0.968,0.023,0.968,-0.25],"_shiftlockState":true,"_pose":"FreeFall","_animationQueue":[],"_animationSpeed":1,"_zoom":8.721},{"_mousePosition":[683,384],"_rootPartCFrame":[754.218,228.124,46.876,-0.994,0,0.11,0,1,0,-0.11,0,-0.994],"_humanoidState":5,"_cameraCFrame":[752.587,238.085,44.653,-0.999,-0.053,0.013,0,0.244,0.97,-0.054,0.968,-0.244],"_shiftlockState":true,"_pose":"FreeFall","_animationQueue":[],"_animationSpeed":1,"_zoom":8.721},{"_mousePosition":[683,384],"_rootPartCFrame":[753.952,227.366,46.886,-0.995,0,0.095,0,1,0,-0.095,0,-0.995],"_humanoidState":7,"_cameraCFrame":[752.466,237.339,44.614,-0.993,-0.118,0.029,0,0.238,0.971,-0.121,0.964,-0.236],"_shiftlockState":true,"_pose":"FreeFall","_animationQueue":[["walk",0.1],["fall",0.3],["fall",0.3]],"_animationSpeed":1,"_zoom":8.721},{"_mousePosition":[683,384],"_rootPartCFrame":[753.752,226.863,46.879,-0.992,0,0.125,0,1,0,-0.125,0,-0.992],"_humanoidState":7,"_cameraCFrame":[752.434,236.849,44.553,-0.98,-0.191,0.046,0,0.232,0.973,-0.197,0.954,-0.227],"_shiftlockState":true,"_pose":"FreeFall","_animationQueue":[],"_animationSpeed":1,"_zoom":8.721},{"_mousePosition":[683,384],"_rootPartCFrame":[753.421,226.888,46.841,-0.98,0,0.197,0,1,0,-0.197,0,-0.98],"_humanoidState":8,"_cameraCFrame":[752.251,236.885,44.477,-0.965,-0.256,0.059,0,0.226,0.974,-0.263,0.94,-0.218],"_shiftlockState":true,"_pose":"Running","_animationQueue":[["walk",0.1],["fall",0.3],["walk",0.1]],"_animationSpeed":1.103,"_zoom":8.721},{"_mousePosition":[683,384],"_rootPartCFrame":[753.159,226.969,46.791,-0.965,0,0.263,0,1,0,-0.263,0,-0.965],"_humanoidState":8,"_cameraCFrame":[752.114,236.976,44.409,-0.948,-0.311,0.07,0,0.221,0.975,-0.319,0.924,-0.209],"_shiftlockState":true,"_pose":"Running","_animationQueue":[["walk",0.1]],"_animationSpeed":1.103,"_zoom":8.721},{"_mousePosition":[683,384],"_rootPartCFrame":[752.901,227.021,46.724,-0.948,0,0.319,0,1,0,-0.319,0,-0.948],"_humanoidState":8,"_cameraCFrame":[751.897,237.033,44.346,-0.941,-0.331,0.074,0,0.218,0.976,-0.339,0.918,-0.205],"_shiftlockState":true,"_pose":"Running","_animationQueue":[],"_animationSpeed":1.103,"_zoom":8.721},{"_mousePosition":[683,384],"_rootPartCFrame":[752.708,227.031,46.671,-0.941,0,0.339,0,1,0,-0.339,0,-0.941],"_humanoidState":8,"_cameraCFrame":[751.717,237.044,44.288,-0.939,-0.335,0.075,0,0.218,0.976,-0.344,0.917,-0.204],"_shiftlockState":true,"_pose":"Running","_animationQueue":[],"_animationSpeed":1.103,"_zoom":8.721},{"_mousePosition":[683,384],"_rootPartCFrame":[752.387,226.981,46.584,-0.939,0,0.344,0,1,0,-0.344,0,-0.939],"_humanoidState":8,"_cameraCFrame":[751.393,236.995,44.207,-0.939,-0.335,0.074,0,0.217,0.976,-0.344,0.917,-0.204],"_shiftlockState":true,"_pose":"Running","_animationQueue":[],"_animationSpeed":1.103,"_zoom":8.721},{"_mousePosition":[683,384],"_rootPartCFrame":[752.129,227.854,46.514,-0.939,0,0.344,0,1,0,-0.344,0,-0.939],"_humanoidState":3,"_cameraCFrame":[751.135,237.868,44.137,-0.939,-0.335,0.074,0,0.217,0.976,-0.344,0.917,-0.204],"_shiftlockState":true,"_pose":"Jumping","_animationQueue":[["walk",0.1],["jump",0.1]],"_animationSpeed":1,"_zoom":8.721},{"_mousePosition":[683,384],"_rootPartCFrame":[751.94,228.476,46.449,-0.916,0,0.402,0,1,0,-0.402,0,-0.916],"_humanoidState":5,"_cameraCFrame":[750.941,238.492,44.08,-0.939,-0.335,0.074,0,0.216,0.976,-0.343,0.917,-0.203],"_shiftlockState":true,"_pose":"FreeFall","_animationQueue":[["jump",0.1]],"_animationSpeed":1,"_zoom":8.721},{"_mousePosition":[683,384],"_rootPartCFrame":[751.627,229.444,46.335,-0.874,0,0.486,0,1,0,-0.486,0,-0.874],"_humanoidState":5,"_cameraCFrame":[750.616,239.461,43.977,-0.941,-0.331,0.073,0,0.215,0.977,-0.339,0.919,-0.202],"_shiftlockState":true,"_pose":"FreeFall","_animationQueue":[],"_animationSpeed":1,"_zoom":8.721},{"_mousePosition":[683,384],"_rootPartCFrame":[751.376,230.157,46.244,-0.888,0,0.46,0,1,0,-0.46,0,-0.888],"_humanoidState":5,"_cameraCFrame":[750.327,240.18,43.924,-0.945,-0.319,0.069,0,0.212,0.977,-0.327,0.924,-0.2],"_shiftlockState":true,"_pose":"FreeFall","_animationQueue":[],"_animationSpeed":1,"_zoom":8.721},{"_mousePosition":[683,384],"_rootPartCFrame":[751.125,230.816,46.153,-0.893,0,0.449,0,1,0,-0.449,0,-0.893],"_humanoidState":5,"_cameraCFrame":[750.012,240.846,43.891,-0.952,-0.298,0.063,0,0.208,0.978,-0.305,0.932,-0.198],"_shiftlockState":true,"_pose":"FreeFall","_animationQueue":[],"_animationSpeed":1,"_zoom":8.721},{"_mousePosition":[683,384],"_rootPartCFrame":[750.874,231.42,46.066,-0.903,0,0.429,0,1,0,-0.429,0,-0.903],"_humanoidState":5,"_cameraCFrame":[749.699,241.457,43.863,-0.959,-0.277,0.058,0,0.204,0.979,-0.283,0.939,-0.196],"_shiftlockState":true,"_pose":"FreeFall","_animationQueue":[],"_animationSpeed":1,"_zoom":8.721},{"_mousePosition":[683,384],"_rootPartCFrame":[750.683,231.837,46.004,-0.926,0,0.377,0,1,0,-0.377,0,-0.926],"_humanoidState":5,"_cameraCFrame":[749.422,241.887,43.9,-0.968,-0.247,0.05,0,0.197,0.98,-0.252,0.949,-0.191],"_shiftlockState":true,"_pose":"FreeFall","_animationQueue":[],"_animationSpeed":1,"_zoom":8.721},{"_mousePosition":[683,384],"_rootPartCFrame":[750.364,232.464,45.909,-0.913,0,0.409,0,1,0,-0.409,0,-0.913],"_humanoidState":5,"_cameraCFrame":[749.012,242.524,43.903,-0.977,-0.21,0.041,0,0.191,0.981,-0.214,0.959,-0.187],"_shiftlockState":true,"_pose":"FreeFall","_animationQueue":[],"_animationSpeed":1,"_zoom":8.721},{"_mousePosition":[683,384],"_rootPartCFrame":[750.106,232.905,45.84,-0.94,0,0.342,0,1,0,-0.342,0,-0.94],"_humanoidState":5,"_cameraCFrame":[748.645,242.976,43.966,-0.986,-0.162,0.03,0,0.184,0.983,-0.165,0.969,-0.182],"_shiftlockState":true,"_pose":"FreeFall","_animationQueue":[],"_animationSpeed":1,"_zoom":8.721},{"_mousePosition":[683,384],"_rootPartCFrame":[749.846,233.291,45.782,-0.956,0,0.294,0,1,0,-0.294,0,-0.956],"_humanoidState":5,"_cameraCFrame":[748.278,243.371,44.04,-0.994,-0.108,0.02,0,0.179,0.984,-0.11,0.978,-0.178],"_shiftlockState":true,"_pose":"FreeFall","_animationQueue":[],"_animationSpeed":1,"_zoom":8.721},{"_mousePosition":[683,384],"_rootPartCFrame":[749.649,233.544,45.747,-0.978,0,0.208,0,1,0,-0.208,0,-0.978],"_humanoidState":5,"_cameraCFrame":[747.969,243.633,44.152,-0.999,-0.044,0.008,0,0.174,0.985,-0.045,0.984,-0.174],"_shiftlockState":true,"_pose":"FreeFall","_animationQueue":[],"_animationSpeed":1,"_zoom":8.721},{"_mousePosition":[683,384],"_rootPartCFrame":[749.318,233.899,45.708,-0.978,0,0.21,0,1,0,-0.21,0,-0.978],"_humanoidState":5,"_cameraCFrame":[747.552,243.988,44.212,-1,0.01,-0.002,0,0.174,0.985,0.011,0.985,-0.174],"_shiftlockState":true,"_pose":"FreeFall","_animationQueue":[],"_animationSpeed":1,"_zoom":8.721},{"_mousePosition":[683,384],"_rootPartCFrame":[749.052,234.122,45.693,-0.992,0,0.122,0,1,0,-0.122,0,-0.992],"_humanoidState":5,"_cameraCFrame":[747.203,244.21,44.301,-0.998,0.067,-0.012,0,0.174,0.985,0.068,0.983,-0.173],"_shiftlockState":true,"_pose":"FreeFall","_animationQueue":[],"_animationSpeed":1,"_zoom":8.721},{"_mousePosition":[683,384],"_rootPartCFrame":[748.785,234.29,45.694,-0.998,0,0.065,0,1,0,-0.065,0,-0.998],"_humanoidState":5,"_cameraCFrame":[746.869,244.378,44.397,-0.993,0.116,-0.021,0,0.174,0.985,0.118,0.978,-0.172],"_shiftlockState":true,"_pose":"FreeFall","_animationQueue":[],"_animationSpeed":1,"_zoom":8.721},{"_mousePosition":[683,384],"_rootPartCFrame":[748.519,234.403,45.71,-1,0,0.015,0,1,0,-0.015,0,-1],"_humanoidState":5,"_cameraCFrame":[746.536,244.492,44.517,-0.985,0.168,-0.03,0,0.174,0.985,0.171,0.97,-0.171],"_shiftlockState":true,"_pose":"FreeFall","_animationQueue":[["fall",0.3]],"_animationSpeed":1,"_zoom":8.721},{"_mousePosition":[683,384],"_rootPartCFrame":[748.254,234.462,45.739,-0.999,0,-0.039,0,1,0,0.039,0,-0.999],"_humanoidState":5,"_cameraCFrame":[746.204,244.551,44.664,-0.974,0.225,-0.04,0,0.174,0.985,0.228,0.959,-0.169],"_shiftlockState":true,"_pose":"FreeFall","_animationQueue":[],"_animationSpeed":1,"_zoom":8.721},{"_mousePosition":[683,384],"_rootPartCFrame":[747.991,234.467,45.783,-0.995,0,-0.097,0,1,0,0.097,0,-0.995],"_humanoidState":5,"_cameraCFrame":[745.884,244.554,44.814,-0.96,0.277,-0.049,0,0.174,0.985,0.281,0.945,-0.167],"_shiftlockState":true,"_pose":"FreeFall","_animationQueue":[],"_animationSpeed":1,"_zoom":8.721},{"_mousePosition":[683,384],"_rootPartCFrame":[747.731,234.417,45.841,-0.989,0,-0.151,0,1,0,0.151,0,-0.989],"_humanoidState":5,"_cameraCFrame":[745.584,244.504,44.964,-0.947,0.317,-0.056,0,0.174,0.985,0.322,0.932,-0.165],"_shiftlockState":true,"_pose":"FreeFall","_animationQueue":[],"_animationSpeed":1,"_zoom":8.721},{"_mousePosition":[683,384],"_rootPartCFrame":[747.475,234.312,45.914,-0.981,0,-0.193,0,1,0,0.193,0,-0.981],"_humanoidState":5,"_cameraCFrame":[745.295,244.4,45.123,-0.933,0.354,-0.063,0,0.174,0.985,0.359,0.919,-0.163],"_shiftlockState":true,"_pose":"FreeFall","_animationQueue":[],"_animationSpeed":1,"_zoom":8.721},{"_mousePosition":[683,384],"_rootPartCFrame":[747.222,234.153,45.998,-0.973,0,-0.232,0,1,0,0.232,0,-0.973],"_humanoidState":5,"_cameraCFrame":[745.015,244.241,45.286,-0.92,0.386,-0.068,0,0.174,0.985,0.392,0.906,-0.16],"_shiftlockState":true,"_pose":"FreeFall","_animationQueue":[],"_animationSpeed":1,"_zoom":8.721},{"_mousePosition":[683,384],"_rootPartCFrame":[746.972,233.94,46.093,-0.964,0,-0.267,0,1,0,0.267,0,-0.964],"_humanoidState":5,"_cameraCFrame":[744.744,244.025,45.418,-0.911,0.407,-0.073,0,0.176,0.984,0.413,0.896,-0.16],"_shiftlockState":true,"_pose":"FreeFall","_animationQueue":[],"_animationSpeed":1,"_zoom":8.721},{"_mousePosition":[683,384],"_rootPartCFrame":[746.726,233.672,46.196,-0.957,0,-0.289,0,1,0,0.289,0,-0.957],"_humanoidState":5,"_cameraCFrame":[744.49,243.756,45.532,-0.907,0.414,-0.074,0,0.177,0.984,0.42,0.893,-0.16],"_shiftlockState":true,"_pose":"FreeFall","_animationQueue":[["fall",0.3]],"_animationSpeed":1,"_zoom":8.721},{"_mousePosition":[683,384],"_rootPartCFrame":[746.483,233.349,46.305,-0.955,0,-0.296,0,1,0,0.296,0,-0.955],"_humanoidState":5,"_cameraCFrame":[744.248,243.431,45.607,-0.911,0.405,-0.073,0,0.178,0.984,0.412,0.897,-0.163],"_shiftlockState":true,"_pose":"FreeFall","_animationQueue":[],"_animationSpeed":1,"_zoom":8.721},{"_mousePosition":[683,384],"_rootPartCFrame":[746.241,232.972,46.417,-0.958,0,-0.287,0,1,0,0.287,0,-0.958],"_humanoidState":5,"_cameraCFrame":[744.043,243.046,45.532,-0.937,0.344,-0.064,0,0.183,0.983,0.35,0.921,-0.172],"_shiftlockState":true,"_pose":"FreeFall","_animationQueue":[],"_animationSpeed":1,"_zoom":8.721},{"_mousePosition":[683,384],"_rootPartCFrame":[745.998,232.541,46.527,-0.975,0,-0.222,0,1,0,0.222,0,-0.975],"_humanoidState":5,"_cameraCFrame":[743.924,242.606,45.316,-0.975,0.22,-0.042,0,0.189,0.982,0.224,0.957,-0.184],"_shiftlockState":true,"_pose":"FreeFall","_animationQueue":[],"_animationSpeed":1,"_zoom":8.721},{"_mousePosition":[683,384],"_rootPartCFrame":[745.75,232.055,46.623,-0.996,0,-0.093,0,1,0,0.093,0,-0.996],"_humanoidState":5,"_cameraCFrame":[743.977,242.116,44.981,-1,0.013,-0.003,0,0.191,0.982,0.014,0.981,-0.191],"_shiftlockState":true,"_pose":"FreeFall","_animationQueue":[],"_animationSpeed":1,"_zoom":8.721},{"_mousePosition":[683,384],"_rootPartCFrame":[745.493,231.514,46.695,-0.993,0,0.119,0,1,0,-0.119,0,-0.993],"_humanoidState":5,"_cameraCFrame":[744.146,241.574,44.683,-0.976,-0.212,0.041,0,0.192,0.981,-0.216,0.958,-0.187],"_shiftlockState":true,"_pose":"FreeFall","_animationQueue":[],"_animationSpeed":1,"_zoom":8.721},{"_mousePosition":[683,384],"_rootPartCFrame":[745.231,230.919,46.732,-0.939,0,0.344,0,1,0,-0.344,0,-0.939],"_humanoidState":5,"_cameraCFrame":[744.476,240.968,44.391,-0.887,-0.452,0.091,0,0.198,0.98,-0.461,0.87,-0.176],"_shiftlockState":true,"_pose":"FreeFall","_animationQueue":[["fall",0.3]],"_animationSpeed":1,"_zoom":8.721},{"_mousePosition":[683,384],"_rootPartCFrame":[744.974,230.27,46.778,-0.842,0,0.539,0,1,0,-0.539,0,-0.842],"_humanoidState":5,"_cameraCFrame":[744.922,240.305,44.275,-0.73,-0.669,0.14,0,0.205,0.979,-0.684,0.714,-0.15],"_shiftlockState":true,"_pose":"FreeFall","_animationQueue":[],"_animationSpeed":1,"_zoom":8.721},{"_mousePosition":[683,384],"_rootPartCFrame":[744.72,229.566,46.854,-0.679,0,0.734,0,1,0,-0.734,0,-0.679],"_humanoidState":5,"_cameraCFrame":[745.31,239.6,44.416,-0.532,-0.828,0.174,0,0.206,0.979,-0.847,0.521,-0.11],"_shiftlockState":true,"_pose":"FreeFall","_animationQueue":[],"_animationSpeed":1,"_zoom":8.721},{"_mousePosition":[683,384],"_rootPartCFrame":[744.456,228.808,46.874,-0.507,0,0.862,0,1,0,-0.862,0,-0.507],"_humanoidState":7,"_cameraCFrame":[745.554,238.842,44.618,-0.339,-0.921,0.194,0,0.206,0.979,-0.941,0.332,-0.07],"_shiftlockState":true,"_pose":"FreeFall","_animationQueue":[["walk",0.1],["fall",0.3],["fall",0.3]],"_animationSpeed":1,"_zoom":8.721},{"_mousePosition":[683,384],"_rootPartCFrame":[744.22,228.268,46.982,-0.325,0,0.946,0,1,0,-0.946,0,-0.325],"_humanoidState":7,"_cameraCFrame":[745.662,238.299,44.918,-0.192,-0.96,0.204,0,0.208,0.978,-0.981,0.187,-0.04],"_shiftlockState":true,"_pose":"FreeFall","_animationQueue":[],"_animationSpeed":1,"_zoom":8.721},{"_mousePosition":[683,384],"_rootPartCFrame":[744.035,228.301,47.057,-0.184,0,0.983,0,1