[{"_mousePosition":[1169,402],"_rootPartCFrame":[776.025,222.952,47.142,0.002,0.003,1,0,1,-0.003,-1,0,0.002],"_humanoidState":8,"_cameraCFrame":[777.386,232.232,42.487,-0.96,-0.237,0.148,0,0.529,0.849,-0.28,0.815,-0.508],"_shiftlockState":false,"_pose":"Standing","_animationQueue":[],"_animationSpeed":1,"_zoom":9.167},{"_mousePosition":[1169,402],"_rootPartCFrame":[775.788,222.833,47.073,0.041,0,0.999,0,1,0,-0.999,0,0.041],"_humanoidState":8,"_cameraCFrame":[777.145,232.113,42.418,-0.96,-0.237,0.148,0,0.529,0.849,-0.28,0.815,-0.508],"_shiftlockState":false,"_pose":"Standing","_animationQueue":[],"_animationSpeed":1,"_zoom":9.167},{"_mousePosition":[1169,402],"_rootPartCFrame":[775.533,222.673,46.999,0.074,0,0.997,0,1,0,-0.997,0,0.074],"_humanoidState":8,"_cameraCFrame":[776.889,231.952,42.344,-0.96,-0.237,0.148,0,0.529,0.849,-0.28,0.815,-0.508],"_shiftlockState":false,"_pose":"Running","_animationQueue":[["walk",0.1]],"_animationSpeed":1.066,"_zoom":9.167},{"_mousePosition":[1169,402],"_rootPartCFrame":[775.277,222.653,46.924,0.102,0,0.995,0,1,0,-0.995,0,0.102],"_humanoidState":8,"_cameraCFrame":[776.633,231.933,42.269,-0.96,-0.237,0.148,0,0.529,0.849,-0.28,0.815,-0.508],"_shiftlockState":false,"_pose":"Running","_animationQueue":[],"_animationSpeed":1.066,"_zoom":9.167},{"_mousePosition":[1167,402],"_rootPartCFrame":[775.021,222.669,46.849,0.127,0,0.992,0,1,0,-0.992,0,0.127],"_humanoidState":8,"_cameraCFrame":[776.377,231.949,42.194,-0.96,-0.237,0.148,0,0.529,0.849,-0.28,0.815,-0.508],"_shiftlockState":false,"_pose":"Running","_animationQueue":[["walk",0.1]],"_animationSpeed":1.066,"_zoom":9.167},{"_mousePosition":[1171,402],"_rootPartCFrame":[774.765,222.683,46.775,0.148,0,0.989,0,1,0,-0.989,0,0.148],"_humanoidState":8,"_cameraCFrame":[776.121,231.962,42.12,-0.96,-0.237,0.148,0,0.529,0.849,-0.28,0.815,-0.508],"_shiftlockState":false,"_pose":"Running","_animationQueue":[],"_animationSpeed":1.066,"_zoom":9.167},{"_mousePosition":[1178,402],"_rootPartCFrame":[774.509,222.69,46.7,0.166,0,0.986,0,1,0,-0.986,0,0.166],"_humanoidState":8,"_cameraCFrame":[775.865,231.97,42.045,-0.96,-0.237,0.148,0,0.529,0.849,-0.28,0.815,-0.508],"_shiftlockState":false,"_pose":"Running","_animationQueue":[],"_animationSpeed":1.066,"_zoom":9.167},{"_mousePosition":[1185,404],"_rootPartCFrame":[774.253,222.695,46.626,0.181,0,0.983,0,1,0,-0.983,0,0.181],"_humanoidState":8,"_cameraCFrame":[773.929,231.974,41.481,-0.96,-0.237,0.148,0,0.529,0.849,-0.28,0.815,-0.508],"_shiftlockState":true,"_pose":"Running","_animationQueue":[],"_animationSpeed":1.066,"_zoom":9.167},{"_mousePosition":[683,384],"_rootPartCFrame":[773.997,222.697,46.551,-0.976,0,0.219,0,1,0,-0.219,0,-0.976],"_humanoidState":8,"_cameraCFrame":[773.673,231.977,41.407,-0.96,-0.237,0.148,0,0.529,0.849,-0.28,0.815,-0.508],"_shiftlockState":true,"_pose":"Running","_animationQueue":[],"_animationSpeed":1.066,"_zoom":9.167},{"_mousePosition":[683,384],"_rootPartCFrame":[773.741,222.698,46.476,-0.967,0,0.254,0,1,0,-0.254,0,-0.967],"_humanoidState":8,"_cameraCFrame":[773.443,231.99,41.348,-0.958,-0.243,0.151,0,0.527,0.85,-0.286,0.815,-0.505],"_shiftlockState":true,"_pose":"Running","_animationQueue":[],"_animationSpeed":1.066,"_zoom":9.167},{"_mousePosition":[683,384],"_rootPartCFrame":[773.484,222.699,46.402,-0.959,0,0.283,0,1,0,-0.283,0,-0.959],"_humanoidState":8,"_cameraCFrame":[773.218,232.006,41.295,-0.956,-0.249,0.153,0,0.524,0.852,-0.293,0.814,-0.501],"_shiftlockState":true,"_pose":"Running","_animationQueue":[["walk",0.1]],"_animationSpeed":1.066,"_zoom":9.167},{"_mousePosition":[683,384],"_rootPartCFrame":[773.229,222.699,46.326,-0.956,0,0.292,0,1,0,-0.292,0,-0.956],"_humanoidState":8,"_cameraCFrame":[772.993,232.029,41.254,-0.954,-0.257,0.156,0,0.52,0.854,-0.301,0.815,-0.496],"_shiftlockState":true,"_pose":"Running","_animationQueue":[],"_animationSpeed":1.066,"_zoom":9.167},{"_mousePosition":[683,384],"_rootPartCFrame":[772.974,222.699,46.248,-0.954,0,0.301,0,1,0,-0.301,0,-0.954],"_humanoidState":8,"_cameraCFrame":[772.771,232.06,41.222,-0.951,-0.266,0.159,0,0.514,0.858,-0.31,0.815,-0.489],"_shiftlockState":true,"_pose":"Running","_animationQueue":[],"_animationSpeed":1.066,"_zoom":9.167},{"_mousePosition":[683,384],"_rootPartCFrame":[772.719,222.7,46.168,-0.951,0,0.31,0,1,0,-0.31,0,-0.951],"_humanoidState":8,"_cameraCFrame":[772.547,232.091,41.188,-0.948,-0.274,0.162,0,0.509,0.861,-0.319,0.816,-0.482],"_shiftlockState":true,"_pose":"Running","_animationQueue":[],"_animationSpeed":1.066,"_zoom":9.167},{"_mousePosition":[683,384],"_rootPartCFrame":[772.466,222.7,46.086,-0.948,0,0.319,0,1,0,-0.319,0,-0.948],"_humanoidState":8,"_cameraCFrame":[772.297,232.132,41.172,-0.946,-0.28,0.162,0,0.501,0.865,-0.324,0.819,-0.474],"_shiftlockState":true,"_pose":"Running","_animationQueue":[],"_animationSpeed":1.066,"_zoom":9.167},{"_mousePosition":[683,384],"_rootPartCFrame":[772.213,222.7,46.001,-0.946,0,0.324,0,1,0,-0.324,0,-0.946],"_humanoidState":8,"_cameraCFrame":[772.024,232.176,41.16,-0.946,-0.282,0.16,0,0.493,0.87,-0.325,0.823,-0.466],"_shiftlockState":true,"_pose":"Running","_animationQueue":[],"_animationSpeed":1.066,"_zoom":9.167},{"_mousePosition":[683,384],"_rootPartCFrame":[771.96,222.7,45.915,-0.946,0,0.325,0,1,0,-0.325,0,-0.946],"_humanoidState":8,"_cameraCFrame":[771.741,232.237,41.177,-0.946,-0.285,0.157,0,0.481,0.877,-0.326,0.829,-0.455],"_shiftlockState":true,"_pose":"Running","_animationQueue":[["walk",0.1]],"_animationSpeed":1.066,"_zoom":9.167},{"_mousePosition":[683,384],"_rootPartCFrame":[771.645,222.7,45.807,-0.946,0,0.326,0,1,0,-0.326,0,-0.946],"_humanoidState":8,"_cameraCFrame":[771.388,232.3,41.18,-0.946,-0.288,0.152,0,0.468,0.884,-0.326,0.836,-0.443],"_shiftlockState":true,"_pose":"Running","_animationQueue":[],"_animationSpeed":1.066,"_zoom":9.167},{"_mousePosition":[683,384],"_rootPartCFrame":[771.456,222.7,45.742,-0.946,0,0.326,0,1,0,-0.326,0,-0.946],"_humanoidState":8,"_cameraCFrame":[771.158,232.365,41.233,-0.946,-0.29,0.148,0,0.455,0.891,-0.326,0.842,-0.43],"_shiftlockState":true,"_pose":"Running","_animationQueue":[],"_animationSpeed":1.066,"_zoom":9.167},{"_mousePosition":[683,384],"_rootPartCFrame":[771.204,222.7,45.655,-0.946,0,0.326,0,1,0,-0.326,0,-0.946],"_humanoidState":8,"_cameraCFrame":[770.862,232.425,41.259,-0.946,-0.291,0.143,0,0.442,0.897,-0.325,0.849,-0.418],"_shiftlockState":true,"_pose":"Running","_animationQueue":[],"_animationSpeed":1.066,"_zoom":9.167},{"_mousePosition":[683,384],"_rootPartCFrame":[770.951,222.7,45.568,-0.946,0,0.325,0,1,0,-0.325,0,-0.946],"_humanoidState":8,"_cameraCFrame":[770.569,232.479,41.279,-0.946,-0.292,0.139,0,0.429,0.903,-0.324,0.855,-0.406],"_shiftlockState":true,"_pose":"Running","_animationQueue":[],"_animationSpeed":1.066,"_zoom":9.167},{"_mousePosition":[683,384],"_rootPartCFrame":[770.699,222.7,45.482,-0.946,0,0.324,0,1,0,-0.324,0,-0.946],"_humanoidState":8,"_cameraCFrame":[770.256,232.548,41.333,-0.947,-0.292,0.132,0,0.413,0.911,-0.321,0.863,-0.391],"_shiftlockState":true,"_pose":"Running","_animationQueue":[],"_animationSpeed":1.066,"_zoom":9.167},{"_mousePosition":[683,384],"_rootPartCFrame":[770.447,222.7,45.395,-0.947,0,0.321,0,1,0,-0.321,0,-0.947],"_humanoidState":8,"_cameraCFrame":[769.939,232.614,41.39,-0.949,-0.291,0.126,0,0.397,0.918,-0.317,0.871,-0.376],"_shiftlockState":true,"_pose":"Running","_animationQueue":[],"_animationSpeed":1.066,"_zoom":9.167},{"_mousePosition":[683,384],"_rootPartCFrame":[770.131,222.7,45.288,-0.949,0,0.317,0,1,0,-0.317,0,-0.949],"_humanoidState":8,"_cameraCFrame":[769.533,232.691,41.462,-0.951,-0.286,0.116,0,0.377,0.926,-0.309,0.881,-0.358],"_shiftlockState":true,"_pose":"Running","_animationQueue":[["walk",0.1]],"_animationSpeed":1.066,"_zoom":9.167},{"_mousePosition":[683,384],"_rootPartCFrame":[769.879,222.666,45.203,-0.951,0,0.309,0,1,0,-0.309,0,-0.951],"_humanoidState":8,"_cameraCFrame":[769.172,232.761,41.638,-0.953,-0.283,0.105,0,0.348,0.938,-0.302,0.894,-0.331],"_shiftlockState":true,"_pose":"Running","_animationQueue":[],"_animationSpeed":1.066,"_zoom":9.167},{"_mousePosition":[683,384],"_rootPartCFrame":[769.626,222.577,45.117,-0.953,0,0.302,0,1,0,-0.302,0,-0.953],"_humanoidState":8,"_cameraCFrame":[768.863,232.735,41.719,-0.954,-0.284,0.099,0,0.329,0.944,-0.301,0.901,-0.313],"_shiftlockState":true,"_pose":"Running","_animationQueue":[],"_animationSpeed":1.066,"_zoom":9.167},{"_mousePosition":[683,384],"_rootPartCFrame":[769.373,223.44,45.032,-0.954,0,0.301,0,1,0,-0.301,0,-0.954],"_humanoidState":3,"_cameraCFrame":[768.61,233.598,41.633,-0.954,-0.284,0.099,0,0.329,0.944,-0.301,0.901,-0.313],"_shiftlockState":true,"_pose":"Jumping","_animationQueue":[["walk",0.1],["jump",0.1]],"_animationSpeed":1,"_zoom":9.167},{"_mousePosition":[683,384],"_rootPartCFrame":[769.119,224.248,44.951,-0.922,0,0.387,0,1,0,-0.387,0,-0.922],"_humanoidState":5,"_cameraCFrame":[768.356,234.406,41.552,-0.954,-0.284,0.099,0,0.329,0.944,-0.301,0.901,-0.313],"_shiftlockState":true,"_pose":"FreeFall","_animationQueue":[["jump",0.1]],"_animationSpeed":1,"_zoom":9.167},{"_mousePosition":[683,384],"_rootPartCFrame":[768.865,225.002,44.871,-0.954,0,0.301,0,1,0,-0.301,0,-0.954],"_humanoidState":5,"_cameraCFrame":[768.004,235.158,41.49,-0.962,-0.257,0.09,0,0.329,0.944,-0.272,0.909,-0.317],"_shiftlockState":true,"_pose":"FreeFall","_animationQueue":[],"_animationSpeed":1,"_zoom":9.167},{"_mousePosition":[683,384],"_rootPartCFrame":[768.611,225.701,44.791,-0.918,0,0.397,0,1,0,-0.397,0,-0.918],"_humanoidState":5,"_cameraCFrame":[767.675,235.857,41.43,-0.968,-0.237,0.083,0,0.329,0.944,-0.251,0.914,-0.319],"_shiftlockState":true,"_pose":"FreeFall","_animationQueue":[],"_animationSpeed":1,"_zoom":9.167},{"_mousePosition":[683,384],"_rootPartCFrame":[768.355,226.346,44.717,-0.926,0,0.378,0,1,0,-0.378,0,-0.926],"_humanoidState":5,"_cameraCFrame":[767.338,236.497,41.367,-0.974,-0.214,0.075,0,0.331,0.944,-0.227,0.919,-0.322],"_shiftlockState":true,"_pose":"FreeFall","_animationQueue":[],"_animationSpeed":1,"_zoom":9.167},{"_mousePosition":[683,384],"_rootPartCFrame":[768.097,226.937,44.649,-0.935,0,0.354,0,1,0,-0.354,0,-0.935],"_humanoidState":5,"_cameraCFrame":[766.991,237.085,41.321,-0.98,-0.189,0.066,0,0.332,0.943,-0.2,0.924,-0.325],"_shiftlockState":true,"_pose":"FreeFall","_animationQueue":[],"_animationSpeed":1,"_zoom":9.167},{"_mousePosition":[683,384],"_rootPartCFrame":[767.837,227.473,44.587,-0.944,0,0.329,0,1,0,-0.329,0,-0.944],"_humanoidState":5,"_cameraCFrame":[766.654,237.616,41.274,-0.984,-0.167,0.059,0,0.333,0.943,-0.177,0.928,-0.328],"_shiftlockState":true,"_pose":"FreeFall","_animationQueue":[],"_animationSpeed":1,"_zoom":9.167},{"_mousePosition":[683,384],"_rootPartCFrame":[767.576,227.954,44.533,-0.952,0,0.306,0,1,0,-0.306,0,-0.952],"_humanoidState":5,"_cameraCFrame":[766.322,238.093,41.232,-0.988,-0.146,0.052,0,0.335,0.942,-0.155,0.931,-0.331],"_shiftlockState":true,"_pose":"FreeFall","_animationQueue":[],"_animationSpeed":1,"_zoom":9.167},{"_mousePosition":[683,384],"_rootPartCFrame":[767.314,228.381,44.485,-0.959,0,0.285,0,1,0,-0.285,0,-0.959],"_humanoidState":5,"_cameraCFrame":[765.993,238.515,41.197,-0.991,-0.126,0.045,0,0.336,0.942,-0.134,0.933,-0.333],"_shiftlockState":true,"_pose":"FreeFall","_animationQueue":[["fall",0.3]],"_animationSpeed":1,"_zoom":9.167},{"_mousePosition":[683,384],"_rootPartCFrame":[767.051,228.753,44.443,-0.964,0,0.265,0,1,0,-0.265,0,-0.964],"_humanoidState":5,"_cameraCFrame":[765.683,238.885,41.168,-0.993,-0.113,0.04,0,0.337,0.942,-0.12,0.935,-0.334],"_shiftlockState":true,"_pose":"FreeFall","_animationQueue":[],"_animationSpeed":1,"_zoom":9.167},{"_mousePosition":[683,384],"_rootPartCFrame":[766.786,229.071,44.406,-0.968,0,0.251,0,1,0,-0.251,0,-0.968],"_humanoidState":5,"_cameraCFrame":[765.371,239.2,41.145,-0.994,-0.099,0.035,0,0.338,0.941,-0.105,0.936,-0.336],"_shiftlockState":true,"_pose":"FreeFall","_animationQueue":[],"_animationSpeed":1,"_zoom":9.167},{"_mousePosition":[683,384],"_rootPartCFrame":[766.522,229.334,44.374,-0.972,0,0.236,0,1,0,-0.236,0,-0.972],"_humanoidState":5,"_cameraCFrame":[765.057,239.458,41.121,-0.996,-0.084,0.03,0,0.339,0.941,-0.089,0.937,-0.338],"_shiftlockState":true,"_pose":"FreeFall","_animationQueue":[],"_animationSpeed":1,"_zoom":9.167},{"_mousePosition":[683,384],"_rootPartCFrame":[766.257,229.543,44.345,-0.975,0,0.221,0,1,0,-0.221,0,-0.975],"_humanoidState":5,"_cameraCFrame":[764.751,239.667,41.111,-0.997,-0.072,0.026,0,0.339,0.941,-0.077,0.938,-0.338],"_shiftlockState":true,"_pose":"FreeFall","_animationQueue":[],"_animationSpeed":1,"_zoom":9.167},{"_mousePosition":[683,384],"_rootPartCFrame":[765.991,229.698,44.321,-0.978,0,0.209,0,1,0,-0.209,0,-0.978],"_humanoidState":5,"_cameraCFrame":[764.449,239.819,41.097,-0.998,-0.062,0.022,0,0.34,0.94,-0.065,0.938,-0.339],"_shiftlockState":true,"_pose":"FreeFall","_animationQueue":[],"_animationSpeed":1,"_zoom":9.167},{"_mousePosition":[683,384],"_rootPartCFrame":[765.725,229.798,44.3,-0.98,0,0.197,0,1,0,-0.197,0,-0.98],"_humanoidState":5,"_cameraCFrame":[764.16,239.916,41.081,-0.998,-0.055,0.02,0,0.341,0.94,-0.058,0.939,-0.34],"_shiftlockState":true,"_pose":"FreeFall","_animationQueue":[["fall",0.3]],"_animationSpeed":1,"_zoom":9.167},{"_mousePosition":[683,384],"_rootPartCFrame":[765.459,229.843,44.282,-0.982,0,0.19,0,1,0,-0.19,0,-0.982],"_humanoidState":5,"_cameraCFrame":[763.87,239.959,41.067,-0.999,-0.048,0.017,0,0.341,0.94,-0.051,0.939,-0.341],"_shiftlockState":true,"_pose":"FreeFall","_animationQueue":[],"_animationSpeed":1,"_zoom":9.167},{"_mousePosition":[683,384],"_rootPartCFrame":[765.193,229.834,44.266,-0.983,0,0.183,0,1,0,-0.183,0,-0.983],"_humanoidState":5,"_cameraCFrame":[763.591,239.948,41.051,-0.999,-0.044,0.016,0,0.342,0.94,-0.047,0.939,-0.342],"_shiftlockState":true,"_pose":"FreeFall","_animationQueue":[],"_animationSpeed":1,"_zoom":9.167},{"_mousePosition":[683,384],"_rootPartCFrame":[764.927,229.77,44.252,-0.984,0,0.179,0,1,0,-0.179,0,-0.984],"_humanoidState":5,"_cameraCFrame":[763.321,239.884,41.039,-0.999,-0.043,0.016,0,0.342,0.94,-0.046,0.939,-0.342],"_shiftlockState":true,"_pose":"FreeFall","_animationQueue":[],"_animationSpeed":1,"_zoom":9.167},{"_mousePosition":[683,384],"_rootPartCFrame":[764.66,229.652,44.239,-0.984,0,0.178,0,1,0,-0.178,0,-0.984],"_humanoidState":5,"_cameraCFrame":[763.052,239.766,41.028,-0.999,-0.042,0.015,0,0.342,0.94,-0.045,0.939,-0.342],"_shiftlockState":true,"_pose":"FreeFall","_animationQueue":[],"_animationSpeed":1,"_zoom":9.167},{"_mousePosition":[683,384],"_rootPartCFrame":[764.394,229.48,44.227,-0.984,0,0.177,0,1,0,-0.177,0,-0.984],"_humanoidState":5,"_cameraCFrame":[762.785,239.593,41.016,-0.999,-0.042,0.015,0,0.342,0.94,-0.045,0.939,-0.342],"_shiftlockState":true,"_pose":"FreeFall","_animationQueue":[],"_animationSpeed":1,"_zoom":9.167},{"_mousePosition":[683,384],"_rootPartCFrame":[764.128,229.252,44.215,-0.984,0,0.177,0,1,0,-0.177,0,-0.984],"_humanoidState":5,"_cameraCFrame":[762.519,239.364,40.997,-0.999,-0.042,0.015,0,0.343,0.939,-0.045,0.938,-0.343],"_shiftlockState":true,"_pose":"FreeFall","_animationQueue":[],"_animationSpeed":1,"_zoom":9.167},{"_mousePosition":[683,384],"_rootPartCFrame":[763.861,228.971,44.204,-0.984,0,0.177,0,1,0,-0.177,0,-0.984],"_humanoidState":5,"_cameraCFrame":[762.253,239.082,40.985,-0.999,-0.042,0.015,0,0.343,0.939,-0.045,0.938,-0.343],"_shiftlockState":true,"_pose":"FreeFall","_animationQueue":[["fall",0.3]],"_animationSpeed":1,"_zoom":9.167},{"_mousePosition":[683,384],"_rootPartCFrame":[763.595,228.635,44.192,-0.984,0,0.177,0,1,0,-0.177,0,-0.984],"_humanoidState":5,"_cameraCFrame":[761.967,238.741,40.97,-0.999,-0.036,0.013,0,0.344,0.939,-0.038,0.938,-0.344],"_shiftlockState":true,"_pose":"FreeFall","_animationQueue":[],"_animationSpeed":1,"_zoom":9.167},{"_mousePosition":[683,384],"_rootPartCFrame":[763.337,228.244,44.203,-0.988,0,0.152,0,1,0,-0.152,0,-0.988],"_humanoidState":5,"_cameraCFrame":[761.676,238.335,40.957,-1,-0.026,0.01,0,0.349,0.937,-0.028,0.937,-0.349],"_shiftlockState":true,"_pose":"FreeFall","_animationQueue":[],"_animationSpeed":1,"_zoom":9.167},{"_mousePosition":[683,384],"_rootPartCFrame":[763.093,227.799,44.252,-0.991,0,0.134,0,1,0,-0.134,0,-0.991],"_humanoidState":5,"_cameraCFrame":[761.396,237.866,40.963,-1,-0.015,0.006,0,0.356,0.935,-0.016,0.934,-0.356],"_shiftlockState":true,"_pose":"FreeFall","_animationQueue":[],"_animationSpeed":1,"_zoom":9.167},{"_mousePosition":[683,384],"_rootPartCFrame":[762.862,227.299,44.338,-0.993,0,0.122,0,1,0,-0.122,0,-0.993],"_humanoidState":5,"_cameraCFrame":[761.135,237.338,40.989,-1,-0.006,0.002,0,0.364,0.931,-0.007,0.931,-0.364],"_shiftlockState":true,"_pose":"FreeFall","_animationQueue":[],"_animationSpeed":1,"_zoom":9.167},{"_mousePosition":[683,384],"_rootPartCFrame":[762.646,226.745,44.461,-1,0,0.004,0,1,0,-0.004,0,-1],"_humanoidState":5,"_cameraCFrame":[760.887,236.753,41.052,-1,0.002,-0.001,0,0.372,0.928,0.003,0.928,-0.372],"_shiftlockState":true,"_pose":"FreeFall","_animationQueue":[],"_animationSpeed":1,"_zoom":9.167},{"_mousePosition":[683,384],"_rootPartCFrame":[762.494,226.294,44.577,-0.997,0,0.077,0,1,0,-0.077,0,-0.997],"_humanoidState":5,"_cameraCFrame":[760.71,236.296,41.168,-1,0.009,-0.004,0,0.374,0.927,0.01,0.927,-0.374],"_shiftlockState":true,"_pose":"FreeFall","_animationQueue":[],"_animationSpeed":1,"_zoom":9.167},{"_mousePosition":[683,384],"_rootPartCFrame":[762.256,225.473,44.807,-0.993,0,0.122,0,1,0,-0.122,0,-0.993],"_humanoidState":5,"_cameraCFrame":[760.436,235.467,41.396,-1,0.019,-0.008,0,0.376,0.927,0.02,0.926,-0.376],"_shiftlockState":true,"_pose":"FreeFall","_animationQueue":[],"_animationSpeed":1,"_zoom":9.167},{"_mousePosition":[683,384],"_rootPartCFrame":[762.116,224.94,44.95,-0.998,0,0.059,0,1,0,-0.059,0,-0.998],"_humanoidState":5,"_cameraCFrame":[760.248,234.92,41.529,-0.999,0.031,-0.013,0,0.38,0.925,0.034,0.925,-0.38],"_shiftlockState":true,"_pose":"FreeFall","_animationQueue":[],"_animationSpeed":1,"_zoom":9.167},{"_mousePosition":[683,384],"_rootPartCFrame":[761.884,223.984,45.19,-0.995,0,0.099,0,1,0,-0.099,0,-0.995],"_humanoidState":5,"_cameraCFrame":[759.98,233.947,41.748,-0.999,0.041,-0.017,0,0.384,0.923,0.044,0.922,-0.384],"_shiftlockState":true,"_pose":"FreeFall","_animationQueue":[["fall",0.3]],"_animationSpeed":1,"_zoom":9.167},{"_mousePosition":[683,384],"_rootPartCFrame":[761.702,223.157,45.385,-0.998,0,0.062,0,1,0,-0.062,0,-0.998],"_humanoidState":5,"_cameraCFrame":[759.762,233.1,41.913,-0.999,0.05,-0.021,0,0.39,0.921,0.054,0.92,-0.389],"_shiftlockState":true,"_pose":"FreeFall","_animationQueue":[],"_animationSpeed":1,"_zoom":9.167},{"_mousePosition":[683,384],"_rootPartCFrame":[761.522,222.276,45.581,-0.998,0,-0.056,0,1,0,0.056,0,-0.998],"_humanoidState":5,"_cameraCFrame":[759.573,232.199,42.067,-0.998,0.051,-0.022,0,0.395,0.919,0.056,0.917,-0.394],"_shiftlockState":true,"_pose":"FreeFall","_animationQueue":[],"_animationSpeed":1,"_zoom":9.167},{"_mousePosition":[683,384],"_rootPartCFrame":[761.344,221.34,45.78,-0.999,0,0.049,0,1,0,-0.049,0,-0.999],"_humanoidState":5,"_cameraCFrame":[759.395,231.264,42.266,-0.998,0.051,-0.022,0,0.395,0.919,0.056,0.917,-0.394],"_shiftlockState":true,"_pose":"FreeFall","_animationQueue":[],"_animationSpeed":1,"_zoom":9.167},{"_mousePosition":[683,384],"_rootPartCFrame":[761.166,220.35,45.979,-0.999,0,0.049,0,1,0,-0.049,0,-0.999],"_humanoidState":5,"_cameraCFrame":[759.217,230.274,42.465,-0.998,0.051,-0.022,0,0.395,0.919,0.056,0.917,-0.394],"_shiftlockState":true,"_pose":"FreeFall","_animationQueue":[],"_animationSpeed":1,"_zoom":9.167},{"_mousePosition":[683,384],"_rootPartCFrame":[761.043,220.32,46.117,-1,0,-0.026,0,1,0,0.026,0,-1],"_humanoidState":12,"_cameraCFrame":[759.481,230.157,42.223,-0.999,-0.044,0.02,0,0.416,0.909,-0.049,0.908,-0.415],"_shiftlockState":true,"_pose":"Climbing","_animationQueue":[["walk",0.1],["fall",0.3],["climb",0.1],["climb",0]],"_animationSpeed":-5.053,"_zoom":9.167},{"_mousePosition":[683,384],"_rootPartCFrame":[760.92,220.528,46.113,-1,0,0.005,0,1,0,-0.005,0,-1],"_humanoidState":12,"_cameraCFrame":[760.926,230.139,41.498,-0.925,-0.337,0.177,0,0.466,0.885,-0.38,0.818,-0.431],"_shiftlockState":true,"_pose":"Climbing","_animationQueue":[["climb",0.1]],"_animationSpeed":0.618,"_zoom":9.167},{"_mousePosition":[683,384],"_rootPartCFrame":[760.909,220.713,45.833,-0.928,0,0.372,-0.002,1,-0.003,-0.372,-0.003,-0.928],"_humanoidState":12,"_cameraCFrame":[763.239,230.237,41.671,-0.632,-0.678,0.375,0,0.484,0.875,-0.775,0.553,-0.306],"_shiftlockState":true,"_pose":"Climbing","_animationQueue":[["climb",0.1]],"_animationSpeed":0.915,"_zoom":9.167},{"_mousePosition":[683,384],"_rootPartCFrame":[760.741,221.413,45.551,-0.632,0.003,0.775,0.003,1,-0.001,-0.775,0.002,-0.632],"_humanoidState":8,"_cameraCFrame":[762.909,231.342,42.183,-0.521,-0.785,0.336,0,0.393,0.92,-0.854,0.479,-0.205],"_shiftlockState":true,"_pose":"Standing","_animationQueue":[["climb",0.1],["walk",0.1],["idle",0.1]],"_animationSpeed":1,"_zoom":9.167},{"_mousePosition":[683,384],"_rootPartCFrame":[760.543,221.965,45.499,-0.514,0,0.858,0.005,1,0.003,-0.858,0.006,-0.514],"_humanoidState":8,"_cameraCFrame":[761.458,232.327,42.729,-0.574,-0.791,0.21,0,0.256,0.967,-0.819,0.555,-0.147],"_shiftlockState":true,"_pose":"Running","_animationQueue":[["walk",0.1]],"_animationSpeed":0.84,"_zoom":9.167},{"_mousePosition":[683,384],"_rootPartCFrame":[760.355,222.463,45.432,-0.572,0,0.82,0.001,1,0.001,-0.82,0.001,-0.572],"_humanoidState":8,"_cameraCFrame":[760.492,232.967,42.984,-0.66,-0.738,0.141,0,0.188,0.982,-0.751,0.648,-0.124],"_shiftlockState":true,"_pose":"Running","_animationQueue":[],"_animationSpeed":0.84,"_zoom":9.167},{"_mousePosition":[683,384],"_rootPartCFrame":[760.177,222.906,45.326,-0.664,0,0.748,0,1,0,-0.748,0,-0.664],"_humanoidState":8,"_cameraCFrame":[760.089,233.401,42.838,-0.736,-0.665,0.131,0,0.193,0.981,-0.677,0.722,-0.142],"_shiftlockState":true,"_pose":"Running","_animationQueue":[],"_animationSpeed":0.84,"_zoom":9.167},{"_mousePosition":[683,384],"_rootPartCFrame":[760.005,222.944,45.202,-0.739,0.012,0.674,0.06,0.997,0.048,-0.671,0.076,-0.737],"_humanoidState":8,"_cameraCFrame":[759.731,233.406,42.744,-0.809,-0.576,0.122,0,0.208,0.978,-0.588,0.791,-0.168],"_shiftlockState":true,"_pose":"Running","_animationQueue":[["walk",0.1]],"_animationSpeed":0.84,"_zoom":9.167},{"_mousePosition":[683,384],"_rootPartCFrame":[759.812,222.854,45.021,-0.813,0.008,0.582,0.023,1,0.019,-0.582,0.029,-0.813],"_humanoidState":8,"_cameraCFrame":[759.237,233.278,42.398,-0.887,-0.449,0.105,0,0.229,0.974,-0.461,0.864,-0.203],"_shiftlockState":true,"_pose":"Running","_animationQueue":[["walk",0.1]],"_animationSpeed":0.971,"_zoom":9.167},{"_mousePosition":[683,384],"_rootPartCFrame":[759.567,223.958,44.794,-0.891,-0.007,0.455,-0.023,0.999,-0.031,-0.454,-0.038,-0.89],"_humanoidState":3,"_cameraCFrame":[758.792,234.332,41.953,-0.928,-0.362,0.094,0,0.25,0.968,-0.374,0.898,-0.232],"_shiftlockState":true,"_pose":"Jumping","_animationQueue":[["walk",0.1],["jump",0.1]],"_animationSpeed":1,"_zoom":9.167},{"_mousePosition":[683,384],"_rootPartCFrame":[759.413,224.601,44.68,-0.903,-0.01,0.429,-0.025,0.999,-0.029,-0.429,-0.037,-0.903],"_humanoidState":5,"_cameraCFrame":[758.418,234.918,41.732,-0.96,-0.269,0.076,0,0.273,0.962,-0.28,0.924,-0.262],"_shiftlockState":true,"_pose":"FreeFall","_animationQueue":[["jump",0.1]],"_animationSpeed":1,"_zoom":9.167},{"_mousePosition":[683,384],"_rootPartCFrame":[759.187,225.41,44.56,-0.918,-0.007,0.397,-0.012,1,-0.01,-0.397,-0.014,-0.918],"_humanoidState":5,"_cameraCFrame":[758.052,235.705,41.631,-0.974,-0.216,0.063,0,0.282,0.96,-0.225,0.935,-0.274],"_shiftlockState":true,"_pose":"FreeFall","_animationQueue":[],"_animationSpeed":1,"_zoom":9.167},{"_mousePosition":[683,384],"_rootPartCFrame":[758.941,226.164,44.472,-0.936,-0.003,0.352,-0.004,1,-0.001,-0.352,-0.002,-0.936],"_humanoidState":5,"_cameraCFrame":[757.685,236.445,41.567,-0.984,-0.171,0.051,0,0.287,0.958,-0.179,0.942,-0.282],"_shiftlockState":true,"_pose":"FreeFall","_animationQueue":[],"_animationSpeed":1,"_zoom":9.167},{"_mousePosition":[683,384],"_rootPartCFrame":[758.684,226.863,44.408,-0.951,-0.001,0.308,0,1,0.001,-0.308,0.001,-0.951],"_humanoidState":5,"_cameraCFrame":[757.334,237.128,41.5,-0.99,-0.136,0.042,0,0.293,0.956,-0.143,0.946,-0.29],"_shiftlockState":true,"_pose":"FreeFall","_animationQueue":[],"_animationSpeed":1,"_zoom":9.167},{"_mousePosition":[683,384],"_rootPartCFrame":[758.422,227.509,44.359,-0.962,0,0.273,0,1,0.001,-0.273,0.001,-0.962],"_humanoidState":5,"_cameraCFrame":[756.958,237.746,41.427,-0.995,-0.095,0.03,0,0.302,0.953,-0.1,0.948,-0.301],"_shiftlockState":true,"_pose":"FreeFall","_animationQueue":[],"_animationSpeed":1,"_zoom":9.167},{"_mousePosition":[683,384],"_rootPartCFrame":[758.158,228.099,44.32,-0.973,0,0.231,0,1,0,-0.231,0,-0.973],"_humanoidState":5,"_cameraCFrame":[756.62,238.315,41.357,-0.997,-0.069,0.023,0,0.31,0.951,-0.073,0.948,-0.309],"_shiftlockState":true,"_pose":"FreeFall","_animationQueue":[],"_animationSpeed":1,"_zoom":9.167},{"_mousePosition":[683,384],"_rootPartCFrame":[757.893,228.636,44.292,-0.979,0,0.205,0,1,0,-0.205,0,-0.979],"_humanoidState":5,"_cameraCFrame":[756.275,238.83,41.31,-0.999,-0.042,0.014,0,0.317,0.948,-0.045,0.947,-0.317],"_shiftlockState":true,"_pose":"FreeFall","_animationQueue":[],"_animationSpeed":1,"_zoom":9.167},{"_mousePosition":[683,384],"_rootPartCFrame":[757.56,229.229,44.266,-0.978,0,0.21,0,1,0,-0.21,0,-0.978],"_humanoidState":5,"_cameraCFrame":[755.872,239.409,41.283,-1,-0.02,0.007,0,0.322,0.947,-0.021,0.947,-0.321],"_shiftlockState":true,"_pose":"FreeFall","_animationQueue":[],"_animationSpeed":1,"_zoom":9.167},{"_mousePosition":[683,384],"_rootPartCFrame":[757.361,229.545,44.257,-0.993,0,0.12,0,1,0,-0.12,0,-0.993],"_humanoidState":5,"_cameraCFrame":[755.575,239.708,41.281,-1,0.011,-0.004,0,0.327,0.945,0.012,0.945,-0.327],"_shiftlockState":true,"_pose":"FreeFall","_animationQueue":[],"_animationSpeed":1,"_zoom":9.167},{"_mousePosition":[683,384],"_rootPartCFrame":[757.094,229.917,44.25,-0.993,0,0.121,0,1,0,-0.121,0,-0.993],"_humanoidState":5,"_cameraCFrame":[755.224,240.066,41.284,-0.999,0.038,-0.013,0,0.331,0.943,0.04,0.943,-0.331],"_shiftlockState":true,"_pose":"FreeFall","_animationQueue":[],"_animationSpeed":1,"_zoom":9.167},{"_mousePosition":[683,384],"_rootPartCFrame":[756.827,230.235,44.252,-0.996,0,0.093,0,1,0,-0.093,0,-0.996],"_humanoidState":5,"_cameraCFrame":[754.903,240.377,41.299,-0.998,0.055,-0.019,0,0.334,0.943,0.058,0.941,-0.333],"_shiftlockState":true,"_pose":"FreeFall","_animationQueue":[],"_animationSpeed":1,"_zoom":9.167},{"_mousePosition":[683,384],"_rootPartCFrame":[756.561,230.499,44.262,-0.997,0,0.075,0,1,0,-0.075,0,-0.997],"_humanoidState":5,"_cameraCFrame":[754.608,240.636,41.314,-0.998,0.063,-0.023,0,0.335,0.942,0.067,0.94,-0.335],"_shiftlockState":true,"_pose":"FreeFall","_animationQueue":[],"_animationSpeed":1,"_zoom":9.167},{"_mousePosition":[683,384],"_rootPartCFrame":[756.295,230.708,44.277,-0.998,0,0.066,0,1,0,-0.066,0,-0.998],"_humanoidState":5,"_cameraCFrame":[754.332,240.842,41.328,-0.998,0.066,-0.024,0,0.336,0.942,0.07,0.94,-0.335],"_shiftlockState":true,"_pose":"FreeFall","_animationQueue":[],"_animationSpeed":1,"_zoom":9.167},{"_mousePosition":[683,384],"_rootPartCFrame":[756.029,230.863,44.295,-0.998,0,0.063,0,1,0,-0.063,0,-0.998],"_humanoidState":5,"_cameraCFrame":[754.056,240.995,41.345,-0.997,0.069,-0.025,0,0.337,0.942,0.074,0.939,-0.336],"_shiftlockState":true,"_pose":"FreeFall","_animationQueue":[],"_animationSpeed":1,"_zoom":9.167},{"_mousePosition":[683,384],"_rootPartCFrame":[755.762,230.963,44.314,-0.998,0,0.06,0,1,0,-0.06,0,-0.998],"_humanoidState":5,"_cameraCFrame":[753.78,241.092,41.363,-0.997,0.072,-0.026,0,0.338,0.941,0.077,0.939,-0.337],"_shiftlockState":true,"_pose":"FreeFall","_animationQueue":[],"_animationSpeed":1,"_zoom":9.167},{"_mousePosition":[683,384],"_rootPartCFrame":[755.497,231.009,44.334,-0.998,0,0.057,0,1,0,-0.057,0,-0.998],"_humanoidState":5,"_cameraCFrame":[753.515,241.138,41.383,-0.997,0.072,-0.026,0,0.338,0.941,0.077,0.939,-0.337],"_shiftlockState":true,"_pose":"FreeFall","_animationQueue":[],"_animationSpeed":1,"_zoom":9.167},{"_mousePosition":[683,384],"_rootPartCFrame":[755.231,231,44.354,-0.998,0,0.057,0,1,0,-0.057,0,-0.998],"_humanoidState":5,"_cameraCFrame":[753.246,241.129,41.405,-0.997,0.073,-0.026,0,0.338,0.941,0.078,0.938,-0.337],"_shiftlockState":true,"_pose":"FreeFall","_animationQueue":[],"_animationSpeed":1,"_zoom":9.167},{"_mousePosition":[683,384],"_rootPartCFrame":[754.965,230.937,44.375,-0.998,0,0.055,0,1,0,-0.055,0,-0.998],"_humanoidState":5,"_cameraCFrame":[752.977,241.066,41.428,-0.997,0.074,-0.027,0,0.338,0.941,0.079,0.938,-0.336],"_shiftlockState":true,"_pose":"FreeFall","_animationQueue":[["fall",0.3]],"_animationSpeed":1,"_zoom":9.167},{"_mousePosition":[683,384],"_rootPartCFrame":[754.699,230.819,44.396,-0.999,0,0.054,0,1,0,-0.054,0,-0.999],"_humanoidState":5,"_cameraCFrame":[752.711,240.948,41.449,-0.997,0.074,-0.027,0,0.338,0.941,0.079,0.938,-0.336],"_shiftlockState":true,"_pose":"FreeFall","_animationQueue":[],"_animationSpeed":1,"_zoom":9.167},{"_mousePosition":[683,384],"_rootPartCFrame":[754.433,230.647,44.417,-0.999,0,0.054,0,1,0,-0.054,0,-0.999],"_humanoidState":5,"_cameraCFrame":[752.445,240.776,41.47,-0.997,0.074,-0.027,0,0.338,0.941,0.079,0.938,-0.336],"_shiftlockState":true,"_pose":"FreeFall","_animationQueue":[],"_animationSpeed":1,"_zoom":9.167},{"_mousePosition":[683,384],"_rootPartCFrame":[754.167,230.42,44.438,-0.999,0,0.054,0,1,0,-0.054,0,-0.999],"_humanoidState":5,"_cameraCFrame":[752.179,240.549,41.492,-0.997,0.074,-0.027,0,0.338,0.941,0.079,0.938,-0.336],"_shiftlockState":true,"_pose":"FreeFall","_animationQueue":[],"_animationSpeed":1,"_zoom":9.167},{"_mousePosition":[683,384],"_rootPartCFrame":[753.901,230.139,44.46,-0.999,0,0.054,0,1,0,-0.054,0,-0.999],"_humanoidState":5,"_cameraCFrame":[751.915,240.263,41.497,-0.997,0.073,-0.026,0,0.339,0.941,0.078,0.938,-0.338],"_shiftlockState":true,"_pose":"FreeFall","_animationQueue":[],"_animationSpeed":1,"_zoom":9.167},{"_mousePosition":[683,384],"_rootPartCFrame":[753.635,229.803,44.481,-0.998,0,0.055,0,1,0,-0.055,0,-0.998],"_humanoidState":5,"_cameraCFrame":[751.656,239.914,41.477,-0.997,0.07,-0.026,0,0.343,0.939,0.075,0.937,-0.342],"_shiftlockState":true,"_pose":"FreeFall","_animationQueue":[],"_animationSpeed":1,"_zoom":9.167},{"_mousePosition":[683,384],"_rootPartCFrame":[753.37,229.413,44.502,-0.998,0,0.059,0,1,0,-0.059,0,-0.998],"_humanoidState":5,"_cameraCFrame":[751.392,239.517,41.475,-0.997,0.069,-0.025,0,0.345,0.939,0.074,0.936,-0.344],"_shiftlockState":true,"_pose":"FreeFall","_animationQueue":[],"_animationSpeed":1,"_zoom":9.167},{"_mousePosition":[683,384],"_rootPartCFrame":[753.104,228.968,44.522,-0.998,0,0.06,0,1,0,-0.06,0,-0.998],"_humanoidState":5,"_cameraCFrame":[751.124,239.062,41.468,-0.997,0.069,-0.026,0,0.348,0.937,0.074,0.935,-0.347],"_shiftlockState":true,"_pose":"FreeFall","_animationQueue":[["fall",0.3]],"_animationSpeed":1,"_zoom":9.167},{"_mousePosition":[683,384],"_rootPartCFrame":[752.838,228.469,44.542,-0.998,0,0.06,0,1,0,-0.06,0,-0.998],"_humanoidState":5,"_cameraCFrame":[750.861,238.547,41.442,-0.997,0.067,-0.025,0,0.353,0.936,0.071,0.933,-0.352],"_shiftlockState":true,"_pose":"FreeFall","_animationQueue":[],"_animationSpeed":1,"_zoom":9.167},{"_mousePosition":[683,384],"_rootPartCFrame":[752.572,227.915,44.562,-0.998,0,0.062,0,1,0,-0.062,0,-0.998],"_humanoidState":5,"_cameraCFrame":[750.621,237.967,41.375,-0.998,0.058,-0.022,0,0.36,0.933,0.062,0.931,-0.36],"_shiftlockState":true,"_pose":"FreeFall","_animationQueue":[],"_animationSpeed":1,"_zoom":9.167},{"_mousePosition":[683,384],"_rootPartCFrame":[752.306,227.307,44.581,-0.997,0,0.071,0,1,0,-0.071,0,-0.997],"_humanoidState":5,"_cameraCFrame":[750.404,237.32,41.266,-0.999,0.042,-0.017,0,0.371,0.929,0.045,0.928,-0.37],"_shiftlockState":true,"_pose":"FreeFall","_animationQueue":[],"_animationSpeed":1,"_zoom":9.167},{"_mousePosition":[683,384],"_rootPartCFrame":[752.107,226.815,44.594,-0.999,0,0.055,0,1,0,-0.055,0,-0.999],"_humanoidState":5,"_cameraCFrame":[750.257,236.781,41.131,-1,0.026,-0.011,0,0.383,0.924,0.029,0.923,-0.383],"_shiftlockState":true,"_pose":"FreeFall","_animationQueue":[],"_animationSpeed":1,"_zoom":9.167},{"_mousePosition":[683,384],"_rootPartCFrame":[751.79,225.927,44.649,-0.994,0,0.109,0,1,0,-0.109,0,-0.994],"_humanoidState":5,"_cameraCFrame":[749.963,235.844,41.056,-1,0.019,-0.008,0,0.396,0.918,0.021,0.918,-0.396],"_shiftlockState":true,"_pose":"FreeFall","_animationQueue":[],"_animationSpeed":1,"_zoom":9.167},{"_mousePosition":[683,384],"_rootPartCFrame":[751.556,225.155,44.733,-0.997,0,0.083,0,1,0,-0.083,0,-0.997],"_humanoidState":5,"_cameraCFrame":[749.738,235.019,41.013,-1,0.016,-0.007,0,0.409,0.912,0.018,0.912,-0.409],"_shiftlockState":true,"_pose":"FreeFall","_animationQueue":[["fall",0.3]],"_animationSpeed":1,"_zoom":9.167},{"_mousePosition":[683,384],"_rootPartCFrame":[751.338,224.329,44.853,-0.996,0,0.086,0,1,0,-0.086,0,-0.996],"_humanoidState":5,"_cameraCFrame":[749.519,234.146,41.033,-1,0.016,-0.008,0,0.42,0.907,0.018,0.907,-0.42],"_shiftlockState":true,"_pose":"FreeFall","_animationQueue":[],"_animationSpeed":1,"_zoom":9.167},{"_mousePosition":[683,384],"_rootPartCFrame":[751.137,223.448,45.01,-0.996,0,0.086,0,1,0,-0.086,0,-0.996],"_humanoidState":5,"_cameraCFrame":[749.299,233.206,41.07,-1,0.02,-0.01,0,0.434,0.901,0.022,0.901,-0.434],"_shiftlockState":true,"_pose":"FreeFall","_animationQueue":[],"_animationSpeed":1,"_zoom":9.167},{"_mousePosition":[683,384],"_rootPartCFrame":[750.949,222.512,45.197,-0.997,0,0.083,0,1,0,-0.083,0,-0.997],"_humanoidState":5,"_cameraCFrame":[749.048,232.195,41.132,-0.999,0.033,-0.017,0,0.451,0.893,0.037,0.892,-0.451],"_shiftlockState":true,"_pose":"FreeFall","_animationQueue":[],"_animationSpeed":1,"_zoom":9.167},{"_mousePosition":[683,384],"_rootPartCFrame":[750.765,221.523,45.39,-0.998,0,0.069,0,1,0,-0.069,0,-0.998],"_humanoidState":5,"_cameraCFrame":[748.778,231.117,41.191,-0.998,0.049,-0.026,0,0.469,0.883,0.056,0.882,-0.469],"_shiftlockState":true,"_pose":"FreeFall","_animationQueue":[],"_animationSpeed":1,"_zoom":9.167},{"_mousePosition":[683,384],"_rootPartCFrame":[750.597,221.533,45.564,-1,0,-0.023,0,1,0,0.023,0,-1],"_humanoidState":12,"_cameraCFrame":[748.559,231.032,41.209,-0.998,0.057,-0.032,0,0.489,0.873,0.065,0.871,-0.487],"_shiftlockState":true,"_pose":"Climbing","_animationQueue":[["walk",0.1],["fall",0.3],["climb",0.1],["climb",0]],"_animationSpeed":-5.051,"_zoom":9.167},{"_mousePosition":[683,384],"_rootPartCFrame":[750.475,221.707,45.624,-1,-0.004,-0.007,-0.004,1,0,0.007,0,-1],"_humanoidState":12,"_cameraCFrame":[748.429,231.191,41.244,-0.998,0.057,-0.032,0,0.491,0.871,0.065,0.869,-0.49],"_shiftlockState":true,"_pose":"Climbing","_animationQueue":[["climb",0.1]],"_animationSpeed":0.815,"_zoom":9.167},{"_mousePosition":[683,384],"_rootPartCFrame":[750.399,221.892,45.617,-0.999,-0.002,-0.046,-0.002,1,0,0.046,0,-0.999],"_humanoidState":12,"_cameraCFrame":[748.356,231.376,41.236,-0.998,0.057,-0.032,0,0.491,0.871,0.065,0.869,-0.49],"_shiftlockState":true,"_pose":"Climbing","_animationQueue":[["climb",0.1]],"_animationSpeed":0.913,"_zoom":9.167},{"_mousePosition":[683,384],"_rootPartCFrame":[750.362,222.078,45.606,-0.998,0,-0.06,0,1,0,0.06,0,-0.998],"_humanoidState":12,"_cameraCFrame":[748.327,231.562,41.223,-0.998,0.056,-0.032,0,0.491,0.871,0.064,0.869,-0.49],"_shiftlockState":true,"_pose":"Climbing","_animationQueue":[],"_animationSpeed":0.913,"_zoom":9.167},{"_mousePosition":[683,384],"_rootPartCFrame":[750.357,222.265,45.603,-0.998,0,-0.063,0,1,0,0.063,0,-0.998],"_humanoidState":12,"_cameraCFrame":[748.842,231.668,40.876,-0.999,-0.043,0.025,0,0.507,0.862,-0.05,0.861,-0.506],"_shiftlockState":true,"_pose":"Climbing","_animationQueue":[],"_animationSpeed":0.913,"_zoom":9.167},{"_mousePosition":[683,384],"_rootPartCFrame":[750.357,222.451,45.603,-0.999,0,0.05,0,1,0,-0.05,0,-0.999],"_humanoidState":12,"_cameraCFrame":[750.655,231.712,40.429,-0.92,-0.331,0.208,0,0.532,0.847,-0.391,0.779,-0.49],"_shiftlockState":true,"_pose":"Climbing","_animationQueue":[],"_animationSpeed":0.913,"_zoom":9.167},{"_mousePosition":[683,384],"_rootPartCFrame":[750.357,222.638,45.326,-0.925,0,0.38,0,1,0,-0.38,0,-0.925],"_humanoidState":12,"_cameraCFrame":[752.999,231.922,40.907,-0.633,-0.658,0.409,0,0.528,0.849,-0.774,0.537,-0.334],"_shiftlockState":true,"_pose":"Climbing","_animationQueue":[["climb",0]],"_animationSpeed":0.913,"_zoom":9.167},{"_mousePosition":[683,384],"_rootPartCFrame":[750.194,222.786,45.081,-0.637,0.003,0.771,0.002,1,-0.003,-0.771,0,-0.637],"_humanoidState":8,"_cameraCFrame":[754.292,232.113,42.067,-0.279,-0.82,0.5,0,0.521,0.854,-0.96,0.238,-0.145],"_shiftlockState":true,"_pose":"Standing","_animationQueue":[["climb",0.1],["idle",0.1],["idle",0.1]],"_animationSpeed":1,"_zoom":9.167},{"_mousePosition":[683,384],"_rootPartCFrame":[749.976,222.84,45.054,-0.264,0.002,0.965,0,1,-0.002,-0.965,0,-0.264],"_humanoidState":8,"_cameraCFrame":[753.788,232.455,42.459,-0.207,-0.866,0.455,0,0.465,0.885,-0.978,0.183,-0.096],"_shiftlockState":true,"_pose":"Running","_animationQueue":[["walk",0.1]],"_animationSpeed":0.8,"_zoom":9.167},{"_mousePosition":[683,384],"_rootPartCFrame":[749.744,222.84,45.016,-0.2,0,0.98,0,1,0,-0.98,0,-0.2],"_humanoidState":8,"_cameraCFrame":[751.825,232.972,42.141,-0.416,-0.856,0.306,0,0.337,0.942,-0.91,0.391,-0.14],"_shiftlockState":true,"_pose":"Running","_animationQueue":[["walk",0.1]],"_animationSpeed":0.96,"_zoom":9.167},{"_mousePosition":[683,384],"_rootPartCFrame":[749.515,222.786,44.939,-0.424,0,0.906,0,1,0,-0.906,0,-0.424],"_humanoidState":8,"_cameraCFrame":[750.318,233.202,42.301,-0.554,-0.809,0.193,0,0.232,0.973,-0.832,0.539,-0.129],"_shiftlockState":true,"_pose":"Running","_animationQueue":[],"_animationSpeed":0.96,"_zoom":9.167},{"_mousePosition":[683,384],"_rootPartCFrame":[749.287,223.659,44.847,-0.565,0,0.825,0,1,0,-0.825,0,-0.565],"_humanoidState":3,"_cameraCFrame":[749.758,234.133,42.329,-0.592,-0.789,0.165,0,0.204,0.979,-0.806,0.58,-0.121],"_shiftlockState":true,"_pose":"Jumping","_animationQueue":[["walk",0.1],["jump",0.1]],"_animationSpeed":1,"_zoom":9.167},{"_mousePosition":[683,384],"_rootPartCFrame":[749.042,224.481,44.774,-0.532,0,0.847,0,1,0,-0.847,0,-0.532],"_humanoidState":5,"_cameraCFrame":[749.354,234.961,42.252,-0.635,-0.757,0.155,0,0.201,0.98,-0.772,0.622,-0.128],"_shiftlockState":true,"_pose":"FreeFall","_animationQueue":[["jump",0.1]],"_animationSpeed":1,"_zoom":9.167},{"_mousePosition":[683,384],"_rootPartCFrame":[748.781,225.248,44.729,-0.549,0,0.836,0,1,0,-0.836,0,-0.549],"_humanoidState":5,"_cameraCFrame":[748.929,235.712,42.134,-0.7,-0.698,0.15,0,0.21,0.978,-0.714,0.684,-0.147],"_shiftlockState":true,"_pose":"FreeFall","_animationQueue":[],"_animationSpeed":1,"_zoom":9.167},{"_mousePosition":[683,384],"_rootPartCFrame":[748.516,225.962,44.701,-0.614,0,0.789,0,1,0,-0.789,0,-0.614],"_humanoidState":5,"_cameraCFrame":[748.495,236.398,42.01,-0.765,-0.628,0.144,0,0.223,0.975,-0.644,0.745,-0.171],"_shiftlockState":true,"_pose":"FreeFall","_animationQueue":[],"_animationSpeed":1,"_zoom":9.167},{"_mousePosition":[683,384],"_rootPartCFrame":[748.249,226.62,44.693,-0.684,0,0.729,0,1,0,-0.729,0,-0.684],"_humanoidState":5,"_cameraCFrame":[748.022,237.036,41.945,-0.823,-0.553,0.132,0,0.232,0.973,-0.569,0.8,-0.191],"_shiftlockState":true,"_pose":"FreeFall","_animationQueue":[],"_animationSpeed":1,"_zoom":9.167},{"_mousePosition":[683,384],"_rootPartCFrame":[747.983,227.224,44.71,-0.75,0,0.661,0,1,0,-0.661,0,-0.75],"_humanoidState":5,"_cameraCFrame":[747.547,237.631,41.958,-0.867,-0.485,0.118,0,0.236,0.972,-0.499,0.842,-0.205],"_shiftlockState":true,"_pose":"FreeFall","_animationQueue":[],"_animationSpeed":1,"_zoom":9.167},{"_mousePosition":[683,384],"_rootPartCFrame":[747.72,227.77