[{"_mousePosition":[1166,404],"_rootPartCFrame":[776.025,222.952,47.142,0.001,0.003,1,0,1,-0.003,-1,0,0.001],"_humanoidState":8,"_cameraCFrame":[775.993,232.331,42.455,-1,0.007,-0.004,0,0.511,0.859,0.008,0.859,-0.511],"_shiftlockState":false,"_pose":"Standing","_animationQueue":[],"_animationSpeed":1,"_zoom":9.168},{"_mousePosition":[1175,413],"_rootPartCFrame":[775.907,222.893,47.143,0,0.001,1,0,1,-0.001,-1,0,0],"_humanoidState":8,"_cameraCFrame":[775.872,232.272,42.456,-1,0.007,-0.004,0,0.511,0.859,0.008,0.859,-0.511],"_shiftlockState":false,"_pose":"Standing","_animationQueue":[],"_animationSpeed":1,"_zoom":9.168},{"_mousePosition":[1185,423],"_rootPartCFrame":[775.645,222.76,47.145,-0.001,0,1,0,1,0,-1,0,-0.001],"_humanoidState":8,"_cameraCFrame":[775.609,232.139,42.458,-1,0.007,-0.004,0,0.511,0.859,0.008,0.859,-0.511],"_shiftlockState":false,"_pose":"Running","_animationQueue":[["walk",0.1]],"_animationSpeed":0.839,"_zoom":9.168},{"_mousePosition":[1191,428],"_rootPartCFrame":[775.379,222.651,47.147,-0.002,0,1,0,1,0,-1,0,-0.002],"_humanoidState":8,"_cameraCFrame":[775.342,232.031,42.46,-1,0.007,-0.004,0,0.511,0.859,0.008,0.859,-0.511],"_shiftlockState":false,"_pose":"Running","_animationQueue":[["walk",0.1]],"_animationSpeed":1.097,"_zoom":9.168},{"_mousePosition":[1209,446],"_rootPartCFrame":[775.112,222.661,47.149,-0.003,0,1,0,1,0,-1,0,-0.003],"_humanoidState":8,"_cameraCFrame":[775.076,232.04,42.462,-1,0.007,-0.004,0,0.511,0.859,0.008,0.859,-0.511],"_shiftlockState":false,"_pose":"Running","_animationQueue":[],"_animationSpeed":1.097,"_zoom":9.168},{"_mousePosition":[1215,450],"_rootPartCFrame":[774.846,222.677,47.151,-0.003,0,1,0,1,0,-1,0,-0.003],"_humanoidState":8,"_cameraCFrame":[773.059,232.056,42.478,-1,0.007,-0.004,0,0.511,0.859,0.008,0.859,-0.511],"_shiftlockState":true,"_pose":"Running","_animationQueue":[["walk",0.1]],"_animationSpeed":1.097,"_zoom":9.168},{"_mousePosition":[683,384],"_rootPartCFrame":[774.579,222.687,47.153,-0.995,0,-0.103,0,1,0,0.103,0,-0.995],"_humanoidState":8,"_cameraCFrame":[772.792,232.066,42.48,-1,0.007,-0.004,0,0.511,0.859,0.008,0.859,-0.511],"_shiftlockState":true,"_pose":"Running","_animationQueue":[],"_animationSpeed":1.097,"_zoom":9.168},{"_mousePosition":[683,384],"_rootPartCFrame":[774.312,222.693,47.155,-1,0,-0.018,0,1,0,0.018,0,-1],"_humanoidState":8,"_cameraCFrame":[772.622,232.15,42.58,-1,-0.011,0.007,0,0.497,0.868,-0.013,0.868,-0.497],"_shiftlockState":true,"_pose":"Running","_animationQueue":[],"_animationSpeed":1.097,"_zoom":9.168},{"_mousePosition":[683,384],"_rootPartCFrame":[773.979,222.697,47.158,-1,0,0.012,0,1,0,-0.012,0,-1],"_humanoidState":8,"_cameraCFrame":[772.353,232.212,42.661,-1,-0.024,0.013,0,0.485,0.874,-0.028,0.874,-0.485],"_shiftlockState":true,"_pose":"Running","_animationQueue":[],"_animationSpeed":1.097,"_zoom":9.168},{"_mousePosition":[683,384],"_rootPartCFrame":[773.779,222.698,47.156,-1,0,0.028,0,1,0,-0.028,0,-1],"_humanoidState":8,"_cameraCFrame":[772.224,232.277,42.749,-0.999,-0.039,0.021,0,0.473,0.881,-0.045,0.88,-0.472],"_shiftlockState":true,"_pose":"Running","_animationQueue":[],"_animationSpeed":1.097,"_zoom":9.168},{"_mousePosition":[683,384],"_rootPartCFrame":[773.513,222.699,47.149,-0.999,0,0.045,0,1,0,-0.045,0,-0.999],"_humanoidState":8,"_cameraCFrame":[772.033,232.343,42.838,-0.998,-0.056,0.029,0,0.459,0.888,-0.063,0.887,-0.458],"_shiftlockState":true,"_pose":"Running","_animationQueue":[],"_animationSpeed":1.097,"_zoom":9.168},{"_mousePosition":[683,384],"_rootPartCFrame":[773.246,222.699,47.138,-0.998,0,0.063,0,1,0,-0.063,0,-0.998],"_humanoidState":8,"_cameraCFrame":[771.834,232.404,42.919,-0.997,-0.073,0.036,0,0.446,0.895,-0.081,0.892,-0.445],"_shiftlockState":true,"_pose":"Running","_animationQueue":[],"_animationSpeed":1.097,"_zoom":9.168},{"_mousePosition":[683,384],"_rootPartCFrame":[772.914,222.699,47.118,-0.997,0,0.081,0,1,0,-0.081,0,-0.997],"_humanoidState":8,"_cameraCFrame":[771.542,232.443,42.962,-0.996,-0.083,0.04,0,0.437,0.899,-0.093,0.895,-0.436],"_shiftlockState":true,"_pose":"Running","_animationQueue":[["walk",0.1]],"_animationSpeed":1.097,"_zoom":9.168},{"_mousePosition":[683,384],"_rootPartCFrame":[772.714,222.699,47.102,-0.996,0,0.093,0,1,0,-0.093,0,-0.996],"_humanoidState":8,"_cameraCFrame":[771.363,232.476,43.004,-0.995,-0.089,0.043,0,0.43,0.903,-0.099,0.898,-0.428],"_shiftlockState":true,"_pose":"Running","_animationQueue":[],"_animationSpeed":1.097,"_zoom":9.168},{"_mousePosition":[683,384],"_rootPartCFrame":[772.382,222.7,47.072,-0.995,0,0.099,0,1,0,-0.099,0,-0.995],"_humanoidState":8,"_cameraCFrame":[771.043,232.498,43.015,-0.995,-0.093,0.044,0,0.425,0.905,-0.103,0.9,-0.423],"_shiftlockState":true,"_pose":"Running","_animationQueue":[],"_animationSpeed":1.097,"_zoom":9.168},{"_mousePosition":[683,384],"_rootPartCFrame":[772.183,222.7,47.052,-0.995,0,0.103,0,1,0,-0.103,0,-0.995],"_humanoidState":8,"_cameraCFrame":[770.857,232.532,43.062,-0.994,-0.098,0.045,0,0.417,0.909,-0.108,0.904,-0.415],"_shiftlockState":true,"_pose":"Running","_animationQueue":[],"_animationSpeed":1.097,"_zoom":9.168},{"_mousePosition":[683,384],"_rootPartCFrame":[771.918,222.7,47.025,-0.994,0,0.108,0,1,0,-0.108,0,-0.994],"_humanoidState":8,"_cameraCFrame":[770.6,232.584,43.141,-0.994,-0.104,0.046,0,0.405,0.915,-0.113,0.909,-0.402],"_shiftlockState":true,"_pose":"Running","_animationQueue":[],"_animationSpeed":1.097,"_zoom":9.168},{"_mousePosition":[683,384],"_rootPartCFrame":[771.653,222.7,46.997,-0.994,0,0.113,0,1,0,-0.113,0,-0.994],"_humanoidState":8,"_cameraCFrame":[770.341,232.637,43.227,-0.993,-0.109,0.046,0,0.391,0.92,-0.119,0.914,-0.388],"_shiftlockState":true,"_pose":"Running","_animationQueue":[],"_animationSpeed":1.097,"_zoom":9.168},{"_mousePosition":[683,384],"_rootPartCFrame":[771.388,222.7,46.966,-0.993,0,0.119,0,1,0,-0.119,0,-0.993],"_humanoidState":8,"_cameraCFrame":[770.073,232.688,43.315,-0.993,-0.113,0.046,0,0.378,0.926,-0.122,0.919,-0.375],"_shiftlockState":true,"_pose":"Running","_animationQueue":[],"_animationSpeed":1.097,"_zoom":9.168},{"_mousePosition":[683,384],"_rootPartCFrame":[771.123,222.7,46.935,-0.993,0,0.122,0,1,0,-0.122,0,-0.993],"_humanoidState":8,"_cameraCFrame":[769.806,232.729,43.382,-0.992,-0.116,0.046,0,0.367,0.93,-0.125,0.923,-0.364],"_shiftlockState":true,"_pose":"Running","_animationQueue":[["walk",0.1]],"_animationSpeed":1.097,"_zoom":9.168},{"_mousePosition":[683,384],"_rootPartCFrame":[770.792,222.7,46.895,-0.992,0,0.125,0,1,0,-0.125,0,-0.992],"_humanoidState":8,"_cameraCFrame":[769.475,232.729,43.341,-0.992,-0.116,0.046,0,0.367,0.93,-0.125,0.923,-0.364],"_shiftlockState":true,"_pose":"Running","_animationQueue":[],"_animationSpeed":1.097,"_zoom":9.168},{"_mousePosition":[683,384],"_rootPartCFrame":[770.594,222.7,46.87,-0.992,0,0.125,0,1,0,-0.125,0,-0.992],"_humanoidState":8,"_cameraCFrame":[769.277,232.729,43.316,-0.992,-0.116,0.046,0,0.367,0.93,-0.125,0.923,-0.364],"_shiftlockState":true,"_pose":"Running","_animationQueue":[],"_animationSpeed":1.097,"_zoom":9.168},{"_mousePosition":[683,384],"_rootPartCFrame":[770.329,222.7,46.836,-0.992,0,0.125,0,1,0,-0.125,0,-0.992],"_humanoidState":8,"_cameraCFrame":[769.012,232.729,43.283,-0.992,-0.116,0.046,0,0.367,0.93,-0.125,0.923,-0.364],"_shiftlockState":true,"_pose":"Running","_animationQueue":[],"_animationSpeed":1.097,"_zoom":9.168},{"_mousePosition":[683,384],"_rootPartCFrame":[769.998,222.7,46.795,-0.992,0,0.125,0,1,0,-0.125,0,-0.992],"_humanoidState":8,"_cameraCFrame":[768.682,232.729,43.241,-0.992,-0.116,0.046,0,0.367,0.93,-0.125,0.923,-0.364],"_shiftlockState":true,"_pose":"Running","_animationQueue":[],"_animationSpeed":1.097,"_zoom":9.168},{"_mousePosition":[683,384],"_rootPartCFrame":[769.668,222.649,46.753,-0.992,0,0.125,0,1,0,-0.125,0,-0.992],"_humanoidState":8,"_cameraCFrame":[768.351,232.678,43.2,-0.992,-0.116,0.046,0,0.367,0.93,-0.125,0.923,-0.364],"_shiftlockState":true,"_pose":"Running","_animationQueue":[],"_animationSpeed":1.097,"_zoom":9.168},{"_mousePosition":[683,384],"_rootPartCFrame":[769.469,222.577,46.728,-0.992,0,0.125,0,1,0,-0.125,0,-0.992],"_humanoidState":8,"_cameraCFrame":[768.152,232.607,43.175,-0.992,-0.116,0.046,0,0.367,0.93,-0.125,0.923,-0.364],"_shiftlockState":true,"_pose":"Running","_animationQueue":[],"_animationSpeed":1.097,"_zoom":9.168},{"_mousePosition":[683,384],"_rootPartCFrame":[769.204,222.434,46.695,-0.992,0,0.125,0,1,0,-0.125,0,-0.992],"_humanoidState":8,"_cameraCFrame":[767.888,232.464,43.141,-0.992,-0.116,0.046,0,0.367,0.93,-0.125,0.923,-0.364],"_shiftlockState":true,"_pose":"Running","_animationQueue":[["walk",0.1]],"_animationSpeed":1.097,"_zoom":9.168},{"_mousePosition":[683,384],"_rootPartCFrame":[768.94,222.236,46.662,-0.992,0,0.125,0,1,0,-0.125,0,-0.992],"_humanoidState":8,"_cameraCFrame":[767.623,232.266,43.108,-0.992,-0.116,0.046,0,0.367,0.93,-0.125,0.923,-0.364],"_shiftlockState":true,"_pose":"Running","_animationQueue":[],"_animationSpeed":1.097,"_zoom":9.168},{"_mousePosition":[683,384],"_rootPartCFrame":[768.609,223.32,46.62,-0.992,0,0.125,0,1,0,-0.125,0,-0.992],"_humanoidState":3,"_cameraCFrame":[767.292,233.35,43.067,-0.992,-0.116,0.046,0,0.367,0.93,-0.125,0.923,-0.364],"_shiftlockState":true,"_pose":"Jumping","_animationQueue":[["walk",0.1],["jump",0.1]],"_animationSpeed":1,"_zoom":9.168},{"_mousePosition":[683,384],"_rootPartCFrame":[768.41,223.932,46.595,-0.982,0,0.187,0,1,0,-0.187,0,-0.982],"_humanoidState":5,"_cameraCFrame":[767.094,233.961,43.042,-0.992,-0.116,0.046,0,0.367,0.93,-0.125,0.923,-0.364],"_shiftlockState":true,"_pose":"FreeFall","_animationQueue":[["jump",0.1]],"_animationSpeed":1,"_zoom":9.168},{"_mousePosition":[683,384],"_rootPartCFrame":[768.146,224.699,46.562,-0.969,0,0.248,0,1,0,-0.248,0,-0.969],"_humanoidState":5,"_cameraCFrame":[766.829,234.729,43.008,-0.992,-0.116,0.046,0,0.367,0.93,-0.125,0.923,-0.364],"_shiftlockState":true,"_pose":"FreeFall","_animationQueue":[],"_animationSpeed":1,"_zoom":9.168},{"_mousePosition":[683,384],"_rootPartCFrame":[767.881,225.412,46.529,-0.967,0,0.255,0,1,0,-0.255,0,-0.967],"_humanoidState":5,"_cameraCFrame":[766.564,235.442,42.975,-0.992,-0.116,0.046,0,0.367,0.93,-0.125,0.923,-0.364],"_shiftlockState":true,"_pose":"FreeFall","_animationQueue":[],"_animationSpeed":1,"_zoom":9.168},{"_mousePosition":[683,384],"_rootPartCFrame":[767.55,226.227,46.487,-0.958,0,0.288,0,1,0,-0.288,0,-0.958],"_humanoidState":5,"_cameraCFrame":[766.227,236.254,42.929,-0.992,-0.114,0.045,0,0.367,0.93,-0.123,0.923,-0.365],"_shiftlockState":true,"_pose":"FreeFall","_animationQueue":[],"_animationSpeed":1,"_zoom":9.168},{"_mousePosition":[683,384],"_rootPartCFrame":[767.352,226.675,46.462,-0.975,0,0.221,0,1,0,-0.221,0,-0.975],"_humanoidState":5,"_cameraCFrame":[765.945,236.68,42.884,-0.995,-0.091,0.037,0,0.373,0.928,-0.098,0.923,-0.372],"_shiftlockState":true,"_pose":"FreeFall","_animationQueue":[],"_animationSpeed":1,"_zoom":9.168},{"_mousePosition":[683,384],"_rootPartCFrame":[767.021,227.353,46.421,-0.965,0,0.261,0,1,0,-0.261,0,-0.965],"_humanoidState":5,"_cameraCFrame":[765.575,237.347,42.832,-0.996,-0.08,0.032,0,0.376,0.926,-0.086,0.923,-0.375],"_shiftlockState":true,"_pose":"FreeFall","_animationQueue":[],"_animationSpeed":1,"_zoom":9.168},{"_mousePosition":[683,384],"_rootPartCFrame":[766.822,227.719,46.4,-0.983,0,0.185,0,1,0,-0.185,0,-0.983],"_humanoidState":5,"_cameraCFrame":[765.361,237.266,42.985,-0.996,-0.08,0.033,0,0.377,0.926,-0.086,0.923,-0.376],"_shiftlockState":true,"_pose":"FreeFall","_animationQueue":[],"_animationSpeed":1,"_zoom":9.168},{"_mousePosition":[683,384],"_rootPartCFrame":[766.556,228.16,46.377,-0.976,0,0.218,0,1,0,-0.218,0,-0.976],"_humanoidState":5,"_cameraCFrame":[765.065,236.819,43.322,-0.996,-0.08,0.033,0,0.377,0.926,-0.086,0.923,-0.376],"_shiftlockState":true,"_pose":"FreeFall","_animationQueue":[],"_animationSpeed":1,"_zoom":9.168},{"_mousePosition":[683,384],"_rootPartCFrame":[766.291,228.546,46.354,-0.976,0,0.218,0,1,0,-0.218,0,-0.976],"_humanoidState":5,"_cameraCFrame":[764.784,236.766,43.477,-0.996,-0.08,0.033,0,0.377,0.926,-0.086,0.923,-0.376],"_shiftlockState":true,"_pose":"FreeFall","_animationQueue":[],"_animationSpeed":1,"_zoom":9.168},{"_mousePosition":[683,384],"_rootPartCFrame":[766.025,228.877,46.331,-0.976,0,0.218,0,1,0,-0.218,0,-0.976],"_humanoidState":5,"_cameraCFrame":[764.506,236.766,43.588,-0.996,-0.08,0.033,0,0.377,0.926,-0.086,0.923,-0.376],"_shiftlockState":true,"_pose":"FreeFall","_animationQueue":[],"_animationSpeed":1,"_zoom":9.168},{"_mousePosition":[683,384],"_rootPartCFrame":[765.76,229.154,46.308,-0.976,0,0.218,0,1,0,-0.218,0,-0.976],"_humanoidState":5,"_cameraCFrame":[764.231,236.766,43.677,-0.996,-0.08,0.033,0,0.377,0.926,-0.086,0.923,-0.376],"_shiftlockState":true,"_pose":"FreeFall","_animationQueue":[],"_animationSpeed":1,"_zoom":9.168},{"_mousePosition":[683,384],"_rootPartCFrame":[765.494,229.377,46.285,-0.976,0,0.218,0,1,0,-0.218,0,-0.976],"_humanoidState":5,"_cameraCFrame":[763.957,236.766,43.745,-0.996,-0.08,0.033,0,0.377,0.926,-0.086,0.923,-0.376],"_shiftlockState":true,"_pose":"FreeFall","_animationQueue":[],"_animationSpeed":1,"_zoom":9.168},{"_mousePosition":[683,384],"_rootPartCFrame":[765.228,229.545,46.262,-0.976,0,0.218,0,1,0,-0.218,0,-0.976],"_humanoidState":5,"_cameraCFrame":[763.694,236.766,43.785,-0.996,-0.083,0.034,0,0.377,0.926,-0.089,0.922,-0.376],"_shiftlockState":true,"_pose":"FreeFall","_animationQueue":[],"_animationSpeed":1,"_zoom":9.168},{"_mousePosition":[683,384],"_rootPartCFrame":[764.896,229.678,46.233,-0.967,0,0.253,0,1,0,-0.253,0,-0.967],"_humanoidState":5,"_cameraCFrame":[763.429,236.766,43.78,-0.993,-0.111,0.045,0,0.375,0.927,-0.12,0.92,-0.372],"_shiftlockState":true,"_pose":"FreeFall","_animationQueue":[],"_animationSpeed":1,"_zoom":9.168},{"_mousePosition":[683,384],"_rootPartCFrame":[764.631,229.724,46.209,-0.968,0,0.25,0,1,0,-0.25,0,-0.968],"_humanoidState":5,"_cameraCFrame":[763.358,236.767,43.676,-0.98,-0.184,0.074,0,0.373,0.928,-0.198,0.909,-0.366],"_shiftlockState":true,"_pose":"FreeFall","_animationQueue":[],"_animationSpeed":1,"_zoom":9.168},{"_mousePosition":[683,384],"_rootPartCFrame":[764.366,229.714,46.179,-0.945,0,0.327,0,1,0,-0.327,0,-0.945],"_humanoidState":5,"_cameraCFrame":[763.43,236.766,43.469,-0.948,-0.295,0.121,0,0.379,0.926,-0.318,0.877,-0.359],"_shiftlockState":true,"_pose":"FreeFall","_animationQueue":[],"_animationSpeed":1,"_zoom":9.168},{"_mousePosition":[683,384],"_rootPartCFrame":[764.104,229.651,46.13,-0.897,0,0.442,0,1,0,-0.442,0,-0.897],"_humanoidState":5,"_cameraCFrame":[763.569,236.765,43.224,-0.9,-0.402,0.171,0,0.391,0.921,-0.437,0.828,-0.351],"_shiftlockState":true,"_pose":"FreeFall","_animationQueue":[["fall",0.3]],"_animationSpeed":1,"_zoom":9.168},{"_mousePosition":[683,384],"_rootPartCFrame":[763.848,229.533,46.056,-0.834,0,0.552,0,1,0,-0.552,0,-0.834],"_humanoidState":5,"_cameraCFrame":[763.707,236.763,42.97,-0.849,-0.483,0.215,0,0.406,0.914,-0.528,0.776,-0.345],"_shiftlockState":true,"_pose":"FreeFall","_animationQueue":[],"_animationSpeed":1,"_zoom":9.168},{"_mousePosition":[683,384],"_rootPartCFrame":[763.603,229.36,45.951,-0.771,0,0.636,0,1,0,-0.636,0,-0.771],"_humanoidState":5,"_cameraCFrame":[763.715,236.753,42.742,-0.819,-0.522,0.238,0,0.416,0.91,-0.574,0.745,-0.34],"_shiftlockState":true,"_pose":"FreeFall","_animationQueue":[],"_animationSpeed":1,"_zoom":9.168},{"_mousePosition":[683,384],"_rootPartCFrame":[763.36,229.133,45.862,-0.752,0,0.659,0,1,0,-0.659,0,-0.752],"_humanoidState":5,"_cameraCFrame":[763.599,236.761,42.548,-0.81,-0.533,0.245,0,0.419,0.908,-0.587,0.736,-0.339],"_shiftlockState":true,"_pose":"FreeFall","_animationQueue":[],"_animationSpeed":1,"_zoom":9.168},{"_mousePosition":[683,384],"_rootPartCFrame":[763.174,228.927,45.82,-0.763,0,0.647,0,1,0,-0.647,0,-0.763],"_humanoidState":5,"_cameraCFrame":[763.467,236.74,42.438,-0.809,-0.533,0.246,0,0.419,0.908,-0.587,0.735,-0.339],"_shiftlockState":true,"_pose":"FreeFall","_animationQueue":[],"_animationSpeed":1,"_zoom":9.168},{"_mousePosition":[683,384],"_rootPartCFrame":[762.857,228.515,45.801,-0.726,0,0.687,0,1,0,-0.687,0,-0.726],"_humanoidState":5,"_cameraCFrame":[763.22,236.685,42.265,-0.815,-0.525,0.244,0,0.421,0.907,-0.579,0.74,-0.343],"_shiftlockState":true,"_pose":"FreeFall","_animationQueue":[],"_animationSpeed":1,"_zoom":9.168},{"_mousePosition":[683,384],"_rootPartCFrame":[762.596,228.125,45.828,-0.75,0,0.662,0,1,0,-0.662,0,-0.75],"_humanoidState":5,"_cameraCFrame":[762.998,236.639,42.125,-0.827,-0.509,0.239,0,0.424,0.905,-0.563,0.749,-0.351],"_shiftlockState":true,"_pose":"FreeFall","_animationQueue":[["fall",0.3]],"_animationSpeed":1,"_zoom":9.168},{"_mousePosition":[683,384],"_rootPartCFrame":[762.398,227.796,45.86,-0.779,0,0.627,0,1,0,-0.627,0,-0.779],"_humanoidState":5,"_cameraCFrame":[762.811,236.626,41.988,-0.841,-0.489,0.232,0,0.429,0.903,-0.542,0.759,-0.36],"_shiftlockState":true,"_pose":"FreeFall","_animationQueue":[],"_animationSpeed":1,"_zoom":9.168},{"_mousePosition":[683,384],"_rootPartCFrame":[762.136,227.31,45.909,-0.778,0,0.629,0,1,0,-0.629,0,-0.778],"_humanoidState":5,"_cameraCFrame":[762.534,236.378,41.9,-0.853,-0.47,0.225,0,0.432,0.902,-0.521,0.77,-0.369],"_shiftlockState":true,"_pose":"FreeFall","_animationQueue":[],"_animationSpeed":1,"_zoom":9.168},{"_mousePosition":[683,384],"_rootPartCFrame":[761.875,226.77,45.965,-0.792,0,0.61,0,1,0,-0.61,0,-0.792],"_humanoidState":5,"_cameraCFrame":[762.248,236.033,41.847,-0.864,-0.453,0.219,0,0.435,0.901,-0.503,0.778,-0.376],"_shiftlockState":true,"_pose":"FreeFall","_animationQueue":[],"_animationSpeed":1,"_zoom":9.168},{"_mousePosition":[683,384],"_rootPartCFrame":[761.66,226.186,45.981,-0.794,0.002,0.608,0.002,1,0,-0.608,0.001,-0.794],"_humanoidState":5,"_cameraCFrame":[762.003,235.593,41.785,-0.873,-0.439,0.213,0,0.436,0.9,-0.488,0.786,-0.381],"_shiftlockState":true,"_pose":"FreeFall","_animationQueue":[],"_animationSpeed":1,"_zoom":9.168},{"_mousePosition":[683,384],"_rootPartCFrame":[761.523,225.421,45.841,-0.785,0.002,0.62,0.003,1,0,-0.62,0.002,-0.785],"_humanoidState":5,"_cameraCFrame":[761.836,234.927,41.592,-0.88,-0.428,0.208,0,0.437,0.9,-0.476,0.791,-0.384],"_shiftlockState":true,"_pose":"FreeFall","_animationQueue":[],"_animationSpeed":1,"_zoom":9.168},{"_mousePosition":[683,384],"_rootPartCFrame":[761.428,225.443,45.781,-0.864,0.001,0.503,0.001,1,0,-0.503,0,-0.864],"_humanoidState":12,"_cameraCFrame":[761.686,235.026,41.492,-0.887,-0.415,0.201,0,0.437,0.9,-0.461,0.798,-0.388],"_shiftlockState":true,"_pose":"Climbing","_animationQueue":[["walk",0.1],["fall",0.3],["climb",0.1],["climb",0]],"_animationSpeed":-3.196,"_zoom":9.168},{"_mousePosition":[683,384],"_rootPartCFrame":[761.313,225.67,45.707,-0.884,0,0.467,0,1,0,-0.467,0,-0.884],"_humanoidState":12,"_cameraCFrame":[761.49,235.307,41.39,-0.897,-0.398,0.193,0,0.437,0.9,-0.442,0.807,-0.392],"_shiftlockState":true,"_pose":"Climbing","_animationQueue":[["climb",0.1]],"_animationSpeed":0.716,"_zoom":9.168},{"_mousePosition":[683,384],"_rootPartCFrame":[761.269,225.81,45.679,-0.897,0,0.443,0,1,0,-0.443,0,-0.897],"_humanoidState":12,"_cameraCFrame":[761.33,235.48,41.337,-0.909,-0.374,0.182,0,0.437,0.899,-0.416,0.818,-0.398],"_shiftlockState":true,"_pose":"Climbing","_animationQueue":[["climb",0.1]],"_animationSpeed":0.932,"_zoom":9.168},{"_mousePosition":[683,384],"_rootPartCFrame":[761.237,226.044,45.659,-0.909,0,0.416,0,1,0,-0.416,0,-0.909],"_humanoidState":12,"_cameraCFrame":[761.151,235.734,41.301,-0.924,-0.344,0.168,0,0.438,0.899,-0.383,0.83,-0.405],"_shiftlockState":true,"_pose":"Climbing","_animationQueue":[["climb",0]],"_animationSpeed":0.932,"_zoom":9.168},{"_mousePosition":[683,384],"_rootPartCFrame":[761.236,226.23,45.658,-0.924,0,0.383,0,1,0,-0.383,0,-0.924],"_humanoidState":12,"_cameraCFrame":[760.947,235.937,41.301,-0.941,-0.305,0.149,0,0.438,0.899,-0.339,0.846,-0.412],"_shiftlockState":true,"_pose":"Climbing","_animationQueue":[],"_animationSpeed":0.932,"_zoom":9.168},{"_mousePosition":[683,384],"_rootPartCFrame":[761.236,226.417,45.658,-0.941,0,0.339,0,1,0,-0.339,0,-0.941],"_humanoidState":12,"_cameraCFrame":[760.711,236.151,41.349,-0.957,-0.261,0.126,0,0.435,0.901,-0.29,0.862,-0.416],"_shiftlockState":true,"_pose":"Climbing","_animationQueue":[],"_animationSpeed":0.932,"_zoom":9.168},{"_mousePosition":[683,384],"_rootPartCFrame":[761.236,226.603,45.658,-0.957,0,0.29,0,1,0,-0.29,0,-0.957],"_humanoidState":12,"_cameraCFrame":[760.411,236.355,41.411,-0.975,-0.201,0.096,0,0.432,0.902,-0.223,0.879,-0.422],"_shiftlockState":true,"_pose":"Climbing","_animationQueue":[],"_animationSpeed":0.932,"_zoom":9.168},{"_mousePosition":[683,384],"_rootPartCFrame":[761.236,226.743,45.658,-0.975,0,0.223,0,1,0,-0.223,0,-0.975],"_humanoidState":12,"_cameraCFrame":[760.063,236.5,41.491,-0.99,-0.128,0.061,0,0.432,0.902,-0.141,0.893,-0.428],"_shiftlockState":true,"_pose":"Climbing","_animationQueue":[],"_animationSpeed":0.932,"_zoom":9.168},{"_mousePosition":[683,384],"_rootPartCFrame":[761.199,226.926,45.65,-0.99,0,0.141,0,1,0,-0.141,0,-0.99],"_humanoidState":8,"_cameraCFrame":[759.634,236.66,41.56,-0.999,-0.041,0.02,0,0.438,0.899,-0.046,0.898,-0.438],"_shiftlockState":true,"_pose":"Standing","_animationQueue":[["climb",0.1],["idle",0.1],["idle",0.1]],"_animationSpeed":1,"_zoom":9.168},{"_mousePosition":[683,384],"_rootPartCFrame":[761.148,226.994,45.64,-0.994,0,0.108,0,1,0,-0.108,0,-0.994],"_humanoidState":5,"_cameraCFrame":[759.083,236.678,41.667,-0.997,0.07,-0.035,0,0.45,0.893,0.078,0.89,-0.448],"_shiftlockState":true,"_pose":"FreeFall","_animationQueue":[["walk",0.1],["fall",0.3]],"_animationSpeed":1,"_zoom":9.168},{"_mousePosition":[683,384],"_rootPartCFrame":[761.046,227.038,45.596,-0.999,0,0.049,0,1,0,-0.049,0,-0.999],"_humanoidState":5,"_cameraCFrame":[758.34,236.635,41.832,-0.972,0.207,-0.11,0,0.468,0.884,0.234,0.859,-0.455],"_shiftlockState":true,"_pose":"FreeFall","_animationQueue":[],"_animationSpeed":1,"_zoom":9.168},{"_mousePosition":[683,384],"_rootPartCFrame":[760.862,227.016,45.475,-0.998,0,-0.065,0,1,0,0.065,0,-0.998],"_humanoidState":5,"_cameraCFrame":[757.385,236.501,42.123,-0.908,0.366,-0.206,0,0.491,0.871,0.42,0.791,-0.446],"_shiftlockState":true,"_pose":"FreeFall","_animationQueue":[],"_animationSpeed":1,"_zoom":9.168},{"_mousePosition":[683,384],"_rootPartCFrame":[760.726,226.961,45.324,-0.947,0,-0.321,0,1,0,0.321,0,-0.947],"_humanoidState":5,"_cameraCFrame":[756.547,236.321,42.519,-0.811,0.501,-0.301,0,0.515,0.857,0.585,0.695,-0.418],"_shiftlockState":true,"_pose":"FreeFall","_animationQueue":[],"_animationSpeed":1,"_zoom":9.168},{"_mousePosition":[683,384],"_rootPartCFrame":[760.47,226.803,45.228,-0.899,0,-0.438,0,1,0,0.438,0,-0.899],"_humanoidState":5,"_cameraCFrame":[755.745,236.05,43.047,-0.7,0.603,-0.382,0,0.535,0.845,0.714,0.592,-0.374],"_shiftlockState":true,"_pose":"FreeFall","_animationQueue":[],"_animationSpeed":1,"_zoom":9.168},{"_mousePosition":[683,384],"_rootPartCFrame":[760.315,226.67,45.121,-0.771,0,-0.637,0,1,0,0.637,0,-0.771],"_humanoidState":5,"_cameraCFrame":[755.218,235.817,43.493,-0.599,0.668,-0.442,0,0.552,0.834,0.801,0.5,-0.33],"_shiftlockState":true,"_pose":"FreeFall","_animationQueue":[],"_animationSpeed":1,"_zoom":9.168},{"_mousePosition":[683,384],"_rootPartCFrame":[760.08,226.383,45.044,-0.724,0,-0.69,0,1,0,0.69,0,-0.724],"_humanoidState":5,"_cameraCFrame":[754.861,235.472,43.538,-0.572,0.679,-0.46,0,0.561,0.828,0.82,0.474,-0.321],"_shiftlockState":true,"_pose":"FreeFall","_animationQueue":[["fall",0.3]],"_animationSpeed":1,"_zoom":9.168},{"_mousePosition":[683,384],"_rootPartCFrame":[759.942,226.169,45.05,-0.651,0,-0.759,0,1,0,0.759,0,-0.651],"_humanoidState":5,"_cameraCFrame":[754.708,235.2,43.319,-0.599,0.658,-0.457,0,0.57,0.821,0.801,0.492,-0.342],"_shiftlockState":true,"_pose":"FreeFall","_animationQueue":[],"_animationSpeed":1,"_zoom":9.168},{"_mousePosition":[683,384],"_rootPartCFrame":[759.723,225.75,45.088,-0.724,0,-0.69,-0.001,1,0.001,0.69,0.001,-0.724],"_humanoidState":5,"_cameraCFrame":[754.636,234.731,42.793,-0.677,0.601,-0.426,0,0.578,0.816,0.736,0.552,-0.391],"_shiftlockState":true,"_pose":"FreeFall","_animationQueue":[],"_animationSpeed":1,"_zoom":9.168},{"_mousePosition":[683,384],"_rootPartCFrame":[759.599,225.463,45.104,-0.748,0,-0.664,-0.001,1,0.001,0.664,0.001,-0.748],"_humanoidState":5,"_cameraCFrame":[754.946,234.431,41.992,-0.788,0.502,-0.357,0,0.58,0.815,0.616,0.642,-0.457],"_shiftlockState":true,"_pose":"FreeFall","_animationQueue":[],"_animationSpeed":1,"_zoom":9.168},{"_mousePosition":[683,384],"_rootPartCFrame":[759.432,225.034,45.185,-0.863,0,-0.505,0,1,0,0.505,0,-0.863],"_humanoidState":5,"_cameraCFrame":[755.412,234.069,41.421,-0.88,0.39,-0.27,0,0.57,0.822,0.475,0.723,-0.501],"_shiftlockState":true,"_pose":"FreeFall","_animationQueue":[],"_animationSpeed":1,"_zoom":9.168},{"_mousePosition":[683,384],"_rootPartCFrame":[759.25,224.549,45.302,-0.935,0,-0.354,0,1,0,0.354,0,-0.935],"_humanoidState":5,"_cameraCFrame":[755.819,233.697,41.196,-0.935,0.296,-0.196,0,0.552,0.834,0.355,0.78,-0.516],"_shiftlockState":true,"_pose":"FreeFall","_animationQueue":[],"_animationSpeed":1,"_zoom":9.168},{"_mousePosition":[683,384],"_rootPartCFrame":[759.044,224.68,45.444,-0.949,0,-0.314,0,1,0,0.314,0,-0.949],"_humanoidState":12,"_cameraCFrame":[755.924,233.899,41.227,-0.956,0.246,-0.158,0,0.539,0.842,0.293,0.805,-0.516],"_shiftlockState":true,"_pose":"Climbing","_animationQueue":[["walk",0.1],["fall",0.3],["climb",0.1],["climb",0]],"_animationSpeed":-2.524,"_zoom":9.168},{"_mousePosition":[683,384],"_rootPartCFrame":[758.916,224.865,45.532,-0.957,0,-0.29,0,1,0,0.29,0,-0.957],"_humanoidState":12,"_cameraCFrame":[755.877,234.129,41.336,-0.96,0.236,-0.148,0,0.532,0.847,0.278,0.813,-0.511],"_shiftlockState":true,"_pose":"Climbing","_animationQueue":[["climb",0.1]],"_animationSpeed":0.908,"_zoom":9.168},{"_mousePosition":[683,384],"_rootPartCFrame":[758.82,225.052,45.597,-0.961,0,-0.278,0,1,0,0.278,0,-0.961],"_humanoidState":12,"_cameraCFrame":[755.661,234.327,41.513,-0.952,0.261,-0.163,0,0.53,0.848,0.307,0.807,-0.504],"_shiftlockState":true,"_pose":"Climbing","_animationQueue":[],"_animationSpeed":0.908,"_zoom":9.168},{"_mousePosition":[683,384],"_rootPartCFrame":[758.758,225.239,45.64,-0.952,0,-0.307,0,1,0,0.307,0,-0.952],"_humanoidState":12,"_cameraCFrame":[755.348,234.506,41.747,-0.931,0.31,-0.194,0,0.531,0.847,0.366,0.789,-0.494],"_shiftlockState":true,"_pose":"Climbing","_animationQueue":[["climb",0]],"_animationSpeed":0.908,"_zoom":9.168},{"_mousePosition":[683,384],"_rootPartCFrame":[758.728,225.425,45.661,-0.895,0,-0.446,0,1,0,0.446,0,-0.895],"_humanoidState":12,"_cameraCFrame":[754.526,234.649,42.532,-0.831,0.469,-0.3,0,0.539,0.843,0.556,0.7,-0.448],"_shiftlockState":true,"_pose":"Climbing","_animationQueue":[["climb",0]],"_animationSpeed":0.908,"_zoom":9.168},{"_mousePosition":[683,384],"_rootPartCFrame":[758.724,225.612,45.664,-0.831,0,-0.556,0,1,0,0.556,0,-0.831],"_humanoidState":12,"_cameraCFrame":[754.112,234.812,43.106,-0.748,0.558,-0.36,0,0.543,0.84,0.664,0.628,-0.406],"_shiftlockState":true,"_pose":"Climbing","_animationQueue":[],"_animationSpeed":0.908,"_zoom":9.168},{"_mousePosition":[683,384],"_rootPartCFrame":[758.724,225.752,45.664,-0.748,0,-0.664,0,1,0,0.664,0,-0.748],"_humanoidState":12,"_cameraCFrame":[753.771,234.932,43.766,-0.646,0.64,-0.417,0,0.546,0.838,0.764,0.541,-0.353],"_shiftlockState":true,"_pose":"Climbing","_animationQueue":[],"_animationSpeed":0.908,"_zoom":9.168},{"_mousePosition":[683,384],"_rootPartCFrame":[758.724,225.938,45.664,-0.646,0,-0.763,0,1,0,0.763,0,-0.646],"_humanoidState":12,"_cameraCFrame":[753.556,235.102,44.372,-0.548,0.699,-0.459,0,0.549,0.836,0.837,0.458,-0.301],"_shiftlockState":true,"_pose":"Climbing","_animationQueue":[],"_animationSpeed":0.908,"_zoom":9.168},{"_mousePosition":[683,384],"_rootPartCFrame":[758.724,226.125,45.664,-0.548,0,-0.837,0,1,0,0.837,0,-0.548],"_humanoidState":12,"_cameraCFrame":[753.382,235.256,45.081,-0.426,0.753,-0.501,0,0.554,0.832,0.905,0.355,-0.236],"_shiftlockState":true,"_pose":"Climbing","_animationQueue":[],"_animationSpeed":0.908,"_zoom":9.168},{"_mousePosition":[683,384],"_rootPartCFrame":[758.711,226.3,45.688,-0.422,0,-0.907,0,1,0,0.907,0,-0.422],"_humanoidState":8,"_cameraCFrame":[753.268,235.382,45.683,-0.322,0.783,-0.532,0,0.562,0.827,0.947,0.267,-0.181],"_shiftlockState":true,"_pose":"Standing","_animationQueue":[["climb",0.1],["idle",0.1],["idle",0.1]],"_animationSpeed":1,"_zoom":9.168},{"_mousePosition":[683,384],"_rootPartCFrame":[758.683,226.361,45.738,-0.374,0,-0.927,0,1,0,0.927,0,-0.374],"_humanoidState":5,"_cameraCFrame":[753.173,235.376,46.275,-0.223,0.799,-0.558,0,0.573,0.82,0.975,0.183,-0.128],"_shiftlockState":true,"_pose":"FreeFall","_animationQueue":[["walk",0.1],["fall",0.3]],"_animationSpeed":1,"_zoom":9.168},{"_mousePosition":[683,384],"_rootPartCFrame":[758.634,226.394,45.841,-0.33,0.001,-0.944,0,1,0.001,0.944,0.001,-0.33],"_humanoidState":5,"_cameraCFrame":[753.104,235.349,46.815,-0.142,0.805,-0.576,0,0.582,0.813,0.99,0.116,-0.083],"_shiftlockState":true,"_pose":"FreeFall","_animationQueue":[],"_animationSpeed":1,"_zoom":9.168},{"_mousePosition":[683,384],"_rootPartCFrame":[758.575,226.36,45.995,-0.281,0,-0.96,0,1,0,0.96,0.001,-0.281],"_humanoidState":5,"_cameraCFrame":[753.035,235.272,47.216,-0.097,0.805,-0.586,0,0.589,0.808,0.995,0.078,-0.057],"_shiftlockState":true,"_pose":"FreeFall","_animationQueue":[],"_animationSpeed":1,"_zoom":9.168},{"_mousePosition":[683,384],"_rootPartCFrame":[758.552,226.3,46.095,-0.178,0.001,-0.984,0,1,0.001,0.984,0.001,-0.178],"_humanoidState":5,"_cameraCFrame":[753.017,235.203,47.384,-0.084,0.805,-0.588,0,0.59,0.807,0.996,0.068,-0.05],"_shiftlockState":true,"_pose":"FreeFall","_animationQueue":[],"_animationSpeed":1,"_zoom":9.168},{"_mousePosition":[683,384],"_rootPartCFrame":[758.536,226.492,46.193,-0.119,0.001,-0.993,0,1,0.001,0.993,0,-0.119],"_humanoidState":12,"_cameraCFrame":[752.972,235.386,47.406,-0.098,0.803,-0.588,0,0.591,0.807,0.995,0.079,-0.058],"_shiftlockState":true,"_pose":"Climbing","_animationQueue":[["fall",0.3],["walk",0.1],["fall",0.3],["climb",0.1],["climb",0]],"_animationSpeed":-0.472,"_zoom":9.168},{"_mousePosition":[683,384],"_rootPartCFrame":[757.99,227.184,46.193,-0.105,0,-0.994,0,1,0,0.994,0,-0.105],"_humanoidState":3,"_cameraCFrame":[752.302,236.034,47.055,-0.158,0.792,-0.59,0,0.598,0.802,0.987,0.127,-0.094],"_shiftlockState":true,"_pose":"Jumping","_animationQueue":[["climb",0.1],["jump",0.1]],"_animationSpeed":1,"_zoom":9.168},{"_mousePosition":[683,384],"_rootPartCFrame":[757.593,227.666,46.211,-0.205,0,-0.979,0,1,0,0.979,0,-0.205],"_humanoidState":5,"_cameraCFrame":[751.798,236.481,46.413,-0.268,0.769,-0.581,0,0.603,0.798,0.963,0.214,-0.162],"_shiftlockState":true,"_pose":"FreeFall","_animationQueue":[["jump",0.1]],"_animationSpeed":1,"_zoom":9.168},{"_mousePosition":[683,384],"_rootPartCFrame":[757.093,228.261,46.252,-0.35,0,-0.937,0,1,0,0.937,0,-0.35],"_humanoidState":5,"_cameraCFrame":[751.334,237.072,45.537,-0.417,0.725,-0.549,0,0.603,0.797,0.909,0.332,-0.251],"_shiftlockState":true,"_pose":"FreeFall","_animationQueue":[],"_animationSpeed":1,"_zoom":9.168},{"_mousePosition":[683,384],"_rootPartCFrame":[756.518,228.929,46.319,-0.511,0,-0.86,0,1,0,0.86,0,-0.511],"_humanoidState":5,"_cameraCFrame":[750.953,237.762,44.775,-0.547,0.67,-0.503,0,0.6,0.8,0.837,0.437,-0.328],"_shiftlockState":true,"_pose":"FreeFall","_animationQueue":[],"_animationSpeed":1,"_zoom":9.168},{"_mousePosition":[683,384],"_rootPartCFrame":[756.208,229.289,46.351,-0.566,0,-0.824,0,1,0,0.824,0,-0.566],"_humanoidState":5,"_cameraCFrame":[751.012,238.126,43.845,-0.687,0.581,-0.436,0,0.6,0.8,0.726,0.55,-0.412],"_shiftlockState":true,"_pose":"FreeFall","_animationQueue":[],"_animationSpeed":1,"_zoom":9.168},{"_mousePosition":[683,384],"_rootPartCFrame":[755.748,229.82,46.392,-0.825,0,-0.565,0,1,0,0.565,0,-0.825],"_humanoidState":5,"_cameraCFrame":[751.536,238.685,42.502,-0.87,0.396,-0.293,0,0.596,0.803,0.493,0.699,-0.518],"_shiftlockState":true,"_pose":"FreeFall","_animationQueue":[["jump",0.1]],"_animationSpeed":1,"_zoom":9.168},{"_mousePosition":[683,384],"_rootPartCFrame":[755.498,230.098,46.425,-0.9,0,-0.437,0,1,0,0.437,0,-0.9],"_humanoidState":5,"_cameraCFrame":[751.689,238.981,42.17,-0.914,0.327,-0.241,0,0.593,0.805,0.407,0.736,-0.542],"_shiftlockState":true,"_pose":"FreeFall","_animationQueue":[],"_animationSpeed":1,"_zoom":9.168},{"_mousePosition":[683,384],"_rootPartCFrame":[755.265,230.345,46.472,-0.947,0,-0.32,0,1,0,0.32,0,-0.947],"_humanoidState":5,"_cameraCFrame":[751.954,239.245,41.848,-0.953,0.245,-0.179,0,0.59,0.807,0.304,0.769,-0.562],"_shiftlockState":true,"_pose":"FreeFall","_animationQueue":[],"_animationSpeed":1,"_zoom":9.168},{"_mousePosition":[683,384],"_rootPartCFrame":[754.983,230.628,46.556,-0.984,0,-0.176,0,1,0,0.176,0,-0.984],"_humanoidState":5,"_cameraCFrame":[752.185,239.554,41.642,-0.979,0.163,-0.118,0,0.586,0.81,0.202,0.793,-0.574],"_shiftlockState":true,"_pose":"FreeFall","_animationQueue":[],"_animationSpeed":1,"_zoom":9.168},{"_mousePosition":[683,384],"_rootPartCFrame":[754.726,230.855,46.639,-0.998,0,-0.07,0,1,0,0.07,0,-0.998],"_humanoidState":5,"_cameraCFrame":[752.505,239.816,41.489,-0.996,0.073,-0.052,0,0.581,0.814,0.09,0.81,-0.579],"_shiftlockState":true,"_pose":"FreeFall","_animationQueue":[["fall",0.3]],"_animationSpeed":1,"_zoom":9.168},{"_mousePosition":[683,384],"_rootPartCFrame":[754.467,231.028,46.7,-0.999,0,0.043,0,1,0,-0.043,0,-0.999],"_humanoidState":5,"_cameraCFrame":[752.918,240.023,41.357,-0.999,-0.031,0.022,0,0.576,0.817,-0.038,0.817,-0.576],"_shiftlockState":true,"_pose":"FreeFall","_animationQueue":[],"_animationSpeed":1,"_zoom":9.168},{"_mousePosition":[683,384],"_rootPartCFrame":[754.136,231.168,46.74,-0.979,0,0.203,0,1,0,-0.203,0,-0.979],"_humanoidState":5,"_cameraCFrame":[753.093,240.184,41.305,-0.991,-0.108,0.075,0,0.573,0.82,-0.132,0.813,-0.568],"_shiftlockState":true,"_pose":"FreeFall","_animationQueue":[],"_animationSpeed":1,"_zoom":9.168},{"_mousePosition":[683,384],"_rootPartCFrame":[753.937,231.211,46.743,-0.973,0,0.23,0,1,0,-0.23,0,-0.973],"_humanoidState":5,"_cameraCFrame":[753.57,240.248,41.25,-0.967,-0.209,0.145,0,0.569,0.822,-0.254,0.795,-0.551],"_shiftlockState":true,"_pose":"FreeFall","_animationQueue":[],"_animationSpeed":1,"_zoom":9.168},{"_mousePosition":[683,384],"_rootPartCFrame":[753.605,231.215,46.709,-0.912,0,0.411,0,1,0,-0.411,0,-0.912],"_humanoidState":5,"_cameraCFrame":[753.905,240.256,41.218,-0.929,-0.304,0.21,0,0.569,0.823,-0.369,0.764,-0.528],"_shiftlockState":true,"_pose":"FreeFall","_animationQueue":[],"_animationSpeed":1,"_zoom":9.168},{"_mousePosition":[683,384],"_rootPartCFrame":[753.345,231.156,46.652,-0.872,0,0.49,0,1,0,-0.49,0,-0.872],"_humanoidState":5,"_cameraCFrame":[754.211,240.198,41.221,-0.886,-0.381,0.264,0,0.569,0.823,-0.463,0.729,-0.504],"_shiftlockState":true,"_pose":"FreeFall","_animationQueue":[],"_animationSpeed":1,"_zoom":9.168},{"_mousePosition":[683,384],"_rootPartCFrame":[753.156,231.077,46.589,-0.835,0,0.55,0,1,0,-0.55,0,-0.835],"_humanoidState":5,"_cameraCFrame":[754.504,240.114,41.251,-0.841,-0.444,0.308,0,0.569,0.822,-0.54,0.692,-0.479],"_shiftlockState":true,"_pose":"FreeFall","_animationQueue":[["fall",0.3]],"_animationSpeed":1,"_zoom":9.168},{"_mousePosition":[683,384],"_rootPartCFrame":[752.856,230.876,46.444,-0.74,0,0.672,0,1,0,-0.672,0,-0.74],"_humanoidState":5,"_cameraCFrame":[754.586,239.887,41.182,-0.803,-0.489,0.342,0,0.573,0.819,-0.596,0.658,-0.46],"_shiftlockState":true,"_pose":"FreeFall","_animationQueue":[],"_animationSpeed":1,"_zoom":9.168},{"_mousePosition":[683,384],"_rootPartCFrame":[752.629,230.654,46.305,-0.716,0,0.698,0,1,0,-0.698,0,-0.716],"_humanoidState":5,"_cameraCFrame":[754.609,239.649,41.107,-0.775,-0.517,0.364,0,0.576,0.817,-0.632,0.634,-0.446],"_shiftlockState":true,"_pose":"FreeFall","_animationQueue":[],"_animationSpeed":1,"_zoom":9.168},{"_mousePosition":[683,384],"_rootPartCFrame":[752.399,230.377,46.186,-0.701,0,0.713,0,1,0,-0.713,0,-0.701],"_humanoidState":5,"_cameraCFrame":[754.581,239.359,41.05,-0.751,-0.539,0.381,0,0.578,0.816,-0.66,0.613,-0.434],"_shiftlockState":true,"_pose":"FreeFall","_animationQueue":[],"_animationSpeed":1,"_zoom":9.168},{"_mousePosition":[683,384],"_rootPartCFrame":[752.16,230.046,46.105,-0.681,0,0.732,0,1,0,-0.732,0,-0.681],"_humanoidState":5,"_cameraCFrame":[754.563,239.02,41.057,-0.723,-0.563,0.4,0,0.579,0.815,-0.691,0.589,-0.419],"_shiftlockState":true,"_pose":"FreeFall","_animationQueue":[],"_animationSpeed":1,"_zoom":9.168},{"_mousePosition":[683,384],"_rootPartCFrame":[751.974,229.762,46.07,-0.67,0,0.743,0,1,0,-0.743,0,-0.67],"_humanoidState":5,"_cameraCFrame":[754.654,238.736,41.163,-0.684,-0.595,0.423,0,0.579,0.815,-0.73,0.557,-0.396],"_shiftlockState":true,"_pose":"FreeFall","_animationQueue":[],"_animationSpeed":1,"_zoom":9.168},{"_mousePosition":[683,384],"_rootPartCFrame":[751.648,229.221,46.057,-0.59,0,0.808,0,1,0,-0.808,0,-0.59],"_humanoidState":5,"_cameraCFrame":[754.595,238.19,41.299,-0.643,-0.624,0.444,0,0.58,0.815,-0.766,0.524,-0.373],"_shiftlockState":true,"_pose":"FreeFall","_animationQueue":[["fall",0.3]],"_animationSpeed":1,"_zoom":9.168},{"_mousePosition":[683,384],"_rootPartCFrame":[751.382,228.726,46.05,-0.565,0,0.825,0,1,0,-0.825,0,-0.565],"_humanoidState":5,"_cameraCFrame":[754.535,237.687,41.412,-0.61,-0.645,0.46,0,0.581,0.814,-0.792,0.497,-0.355],"_shiftlockState":true,"_pose":"FreeFall","_animationQueue":[],"_animationSpeed":1,"_zoom":9.168},{"_mousePosition":[683,384],"_rootPartCFrame":[751.116,228.177,46.029,-0.529,0,0.848,0,1,0,-0.848,0,-0.529],"_humanoidState":5,"_cameraCFrame":[754.332,237.125,41.414,-0.602,-0.649,0.466,0,0.583,0.812,-0.799,0.489,-0.351],"_shiftlockState":true,"_pose":"FreeFall","_animationQueue":[],"_animationSpeed":1,"_zoom":9.168},{"_mousePosition":[683,384],"_rootPartCFrame":[751.057,228.222,45.966,-0.572,0,0.82,0,1,0,-0.82,0,-0.572],"_humanoidState":12,"_cameraCFrame":[754.243,237.139,41.282,-0.613,-0.639,0.464,0,0.588,0.809,-0.79,0.496,-0.36],"_shiftlockState":true,"_pose":"Climbing","_animationQueue":[["walk",0.1],["fall",0.3],["climb",0.1],["climb",0]],"_animationSpeed":-2.847,"_zoom":9.168},{"_mousePosition":[683,384],"_rootPartCFrame":[751.064,228.451,45.866,-0.604,0,0.797,0,1,0,-0.797,0,-0.604],"_humanoidState":12,"_cameraCFrame":[754.108,237.334,41.035,-0.642,-0.617,0.455,0,0.593,0.805,-0.767,0.517,-0.381],"_shiftlockState":true,"_pose":"Climbing","_animationQueue":[["climb",0.1]],"_animationSpeed":0.799,"_zoom":9.168},{"_mousePosition":[683,384],"_rootPartCFrame":[751.067,228.638,45.831,-0.642,0,0.767,0,1,0,-0.767,0,-0.642],"_humanoidState":12,"_cameraCFrame":[753.858,237.49,40.803,-0.685,-0.584,0.435,0,0.597,0.802,-0.728,0.549,-0.409],"_shiftlockState":true,"_pose":"Climbing","_animationQueue":[["climb",0.1],["climb",0]],"_animationSpeed":0.932,"_zoom":9.168},{"_mousePosition":[683,384],"_rootPartCFrame":[751.067,228.824,45.827,-0.685,0,0.728,0,1,0,-0.728,0,-0.685],"_humanoidState":12,"_cameraCFrame":[753.553,237.641,40.591,-0.732,-0.544,0.411,0,0.603,0.798,-0.682,0.584,-0.441],"_shiftlockState":true,"_pose":"Climbing","_animationQueue":[],"_animationSpeed":0.932,"_zoom":9.168},{"_mousePosition":[683,384],"_rootPartCFrame":[751.067,228.964,45.827,-0.732,0,0.682,0,1,0,-0.682,0,-0.732],"_humanoidState":12,"_cameraCFrame":[753.12,237.713,40.317,-0.791,-0.484,0.375,0,0.612,0.791,-0.612,0.625,-0.484],"_shiftlockState":true,"_pose":"Climbing","_animationQueue":[],"_animationSpeed":0.932,"_zoom":9.168},{"_mousePosition":[683,384],"_rootPartCFrame":[751.067,229.151,45.827,-0.791,0,0.612,0,1,0,-0.612,0,-0.791],"_humanoidState":12,"_cameraCFrame":[752.518,237.795,39.997,-0.858,-0.4,0.322,0,0.627,0.779,-0.514,0.668,-0.538],"_shiftlockState":true,"_pose":"Climbing","_animationQueue":[],"_animationSpeed":0.932,"_zoom":9.168},{"_mousePosition":[683,384],"_rootPartCFrame":[751.067,229.338