[{"_mousePosition":[1202,402],"_rootPartCFrame":[776.028,222.95,47.142,0,0,1,0,1,0,-1,0,0],"_humanoidState":8,"_cameraCFrame":[775.654,234.572,49.272,0.985,0.169,-0.036,0,0.209,0.978,0.173,-0.963,0.206],"_shiftlockState":false,"_pose":"Standing","_animationQueue":[],"_animationSpeed":1,"_zoom":10.351},{"_mousePosition":[1200,402],"_rootPartCFrame":[776.028,222.729,47.142,0,0,1,0,1,0,-1,0,0],"_humanoidState":8,"_cameraCFrame":[775.654,234.352,49.272,0.985,0.169,-0.036,0,0.209,0.978,0.173,-0.963,0.206],"_shiftlockState":false,"_pose":"Standing","_animationQueue":[],"_animationSpeed":1,"_zoom":10.351},{"_mousePosition":[1192,402],"_rootPartCFrame":[776.028,222.663,47.142,0,0,1,0,1,0,-1,0,0],"_humanoidState":8,"_cameraCFrame":[775.654,234.286,49.272,0.985,0.169,-0.036,0,0.209,0.978,0.173,-0.963,0.206],"_shiftlockState":false,"_pose":"Standing","_animationQueue":[],"_animationSpeed":1,"_zoom":10.351},{"_mousePosition":[1168,403],"_rootPartCFrame":[776.028,222.65,47.142,0,0,1,0,1,0,-1,0,0],"_humanoidState":8,"_cameraCFrame":[775.654,234.272,49.272,0.985,0.169,-0.036,0,0.209,0.978,0.173,-0.963,0.206],"_shiftlockState":false,"_pose":"Standing","_animationQueue":[],"_animationSpeed":1,"_zoom":10.351},{"_mousePosition":[1128,402],"_rootPartCFrame":[776.028,222.662,47.142,0,0,1,0,1,0,-1,0,0],"_humanoidState":8,"_cameraCFrame":[775.654,234.285,49.272,0.985,0.169,-0.036,0,0.209,0.978,0.173,-0.963,0.206],"_shiftlockState":false,"_pose":"Standing","_animationQueue":[],"_animationSpeed":1,"_zoom":10.351},{"_mousePosition":[1076,398],"_rootPartCFrame":[776.028,222.678,47.142,0,0,1,0,1,0,-1,0,0],"_humanoidState":8,"_cameraCFrame":[775.654,234.3,49.272,0.985,0.169,-0.036,0,0.209,0.978,0.173,-0.963,0.206],"_shiftlockState":false,"_pose":"Standing","_animationQueue":[],"_animationSpeed":1,"_zoom":10.351},{"_mousePosition":[1017,389],"_rootPartCFrame":[776.028,222.687,47.142,0,0,1,0,1,0,-1,0,0],"_humanoidState":8,"_cameraCFrame":[775.654,234.31,49.272,0.985,0.169,-0.036,0,0.209,0.978,0.173,-0.963,0.206],"_shiftlockState":false,"_pose":"Standing","_animationQueue":[],"_animationSpeed":1,"_zoom":10.351},{"_mousePosition":[959,378],"_rootPartCFrame":[776.028,222.693,47.142,0,0,1,0,1,0,-1,0,0],"_humanoidState":8,"_cameraCFrame":[775.654,234.315,49.272,0.985,0.169,-0.036,0,0.209,0.978,0.173,-0.963,0.206],"_shiftlockState":false,"_pose":"Standing","_animationQueue":[],"_animationSpeed":1,"_zoom":10.351},{"_mousePosition":[922,374],"_rootPartCFrame":[776.028,222.697,47.142,0,0,1,0,1,0,-1,0,0],"_humanoidState":8,"_cameraCFrame":[775.654,234.319,49.272,0.985,0.169,-0.036,0,0.209,0.978,0.173,-0.963,0.206],"_shiftlockState":false,"_pose":"Standing","_animationQueue":[],"_animationSpeed":1,"_zoom":10.351},{"_mousePosition":[896,372],"_rootPartCFrame":[776.028,222.698,47.142,0,0,1,0,1,0,-1,0,0],"_humanoidState":8,"_cameraCFrame":[775.654,234.32,49.272,0.985,0.169,-0.036,0,0.209,0.978,0.173,-0.963,0.206],"_shiftlockState":false,"_pose":"Standing","_animationQueue":[],"_animationSpeed":1,"_zoom":10.351},{"_mousePosition":[896,372],"_rootPartCFrame":[776.028,222.699,47.142,0,0,1,0,1,0,-1,0,0],"_humanoidState":8,"_cameraCFrame":[775.669,234.321,49.275,0.986,0.162,-0.035,0,0.209,0.978,0.166,-0.964,0.206],"_shiftlockState":false,"_pose":"Standing","_animationQueue":[],"_animationSpeed":1,"_zoom":10.351},{"_mousePosition":[896,372],"_rootPartCFrame":[776.028,222.699,47.142,0,0,1,0,1,0,-1,0,0],"_humanoidState":8,"_cameraCFrame":[775.669,234.322,49.275,0.986,0.162,-0.035,0,0.209,0.978,0.166,-0.964,0.206],"_shiftlockState":false,"_pose":"Standing","_animationQueue":[],"_animationSpeed":1,"_zoom":10.351},{"_mousePosition":[896,372],"_rootPartCFrame":[776.028,222.699,47.142,0,0,1,0,1,0,-1,0,0],"_humanoidState":8,"_cameraCFrame":[775.671,234.324,49.267,0.986,0.162,-0.035,0,0.208,0.978,0.166,-0.965,0.205],"_shiftlockState":false,"_pose":"Standing","_animationQueue":[],"_animationSpeed":1,"_zoom":10.351},{"_mousePosition":[896,372],"_rootPartCFrame":[776.028,222.699,47.142,0,0,1,0,1,0,-1,0,0],"_humanoidState":8,"_cameraCFrame":[775.657,234.339,49.19,0.984,0.175,-0.036,0,0.201,0.98,0.178,-0.964,0.198],"_shiftlockState":false,"_pose":"Standing","_animationQueue":[],"_animationSpeed":1,"_zoom":10.351},{"_mousePosition":[896,372],"_rootPartCFrame":[776.028,222.7,47.142,0,0,1,0,1,0,-1,0,0],"_humanoidState":8,"_cameraCFrame":[775.639,234.36,49.078,0.98,0.193,-0.038,0,0.191,0.982,0.197,-0.962,0.187],"_shiftlockState":false,"_pose":"Standing","_animationQueue":[],"_animationSpeed":1,"_zoom":10.351},{"_mousePosition":[896,372],"_rootPartCFrame":[775.869,222.7,47.114,0.016,0,1,0,1,0,-1,0,0.016],"_humanoidState":8,"_cameraCFrame":[775.465,234.378,48.954,0.977,0.211,-0.039,0,0.182,0.983,0.214,-0.96,0.178],"_shiftlockState":false,"_pose":"Standing","_animationQueue":[],"_animationSpeed":1,"_zoom":10.351},{"_mousePosition":[896,372],"_rootPartCFrame":[775.545,222.7,47.049,0.046,0,0.999,0,1,0,-0.999,0,0.046],"_humanoidState":8,"_cameraCFrame":[775.118,234.393,48.795,0.971,0.234,-0.041,0,0.174,0.985,0.238,-0.957,0.169],"_shiftlockState":false,"_pose":"Running","_animationQueue":[["walk",0.1]],"_animationSpeed":1.003,"_zoom":10.351},{"_mousePosition":[896,372],"_rootPartCFrame":[775.284,222.7,46.992,0.069,0,0.998,0,1,0,-0.998,0,0.069],"_humanoidState":8,"_cameraCFrame":[774.828,234.393,48.731,0.967,0.25,-0.044,0,0.174,0.985,0.254,-0.953,0.168],"_shiftlockState":false,"_pose":"Running","_animationQueue":[["walk",0.1]],"_animationSpeed":1.103,"_zoom":10.351},{"_mousePosition":[896,372],"_rootPartCFrame":[775.025,222.7,46.93,0.092,0,0.996,0,1,0,-0.996,0,0.092],"_humanoidState":8,"_cameraCFrame":[774.543,234.393,48.661,0.963,0.264,-0.047,0,0.174,0.985,0.268,-0.949,0.167],"_shiftlockState":false,"_pose":"Running","_animationQueue":[],"_animationSpeed":1.103,"_zoom":10.351},{"_mousePosition":[896,372],"_rootPartCFrame":[774.767,222.7,46.862,0.113,0,0.994,0,1,0,-0.994,0,0.113],"_humanoidState":8,"_cameraCFrame":[774.262,234.393,48.587,0.96,0.277,-0.049,0,0.174,0.985,0.281,-0.945,0.167],"_shiftlockState":false,"_pose":"Running","_animationQueue":[],"_animationSpeed":1.103,"_zoom":10.351},{"_mousePosition":[896,372],"_rootPartCFrame":[774.51,222.7,46.791,0.134,0,0.991,0,1,0,-0.991,0,0.134],"_humanoidState":8,"_cameraCFrame":[773.983,234.393,48.51,0.956,0.289,-0.051,0,0.174,0.985,0.293,-0.942,0.166],"_shiftlockState":false,"_pose":"Running","_animationQueue":[["walk",0.1]],"_animationSpeed":1.103,"_zoom":10.351},{"_mousePosition":[896,372],"_rootPartCFrame":[774.254,222.7,46.716,0.154,0,0.988,0,1,0,-0.988,0,0.154],"_humanoidState":8,"_cameraCFrame":[773.709,234.393,48.429,0.953,0.298,-0.053,0,0.174,0.985,0.303,-0.938,0.165],"_shiftlockState":false,"_pose":"Running","_animationQueue":[],"_animationSpeed":1.103,"_zoom":10.351},{"_mousePosition":[896,372],"_rootPartCFrame":[773.999,222.7,46.639,0.173,0,0.985,0,1,0,-0.985,0,0.173],"_humanoidState":8,"_cameraCFrame":[773.442,234.393,48.347,0.951,0.305,-0.054,0,0.174,0.985,0.31,-0.936,0.165],"_shiftlockState":false,"_pose":"Running","_animationQueue":[],"_animationSpeed":1.103,"_zoom":10.351},{"_mousePosition":[896,372],"_rootPartCFrame":[773.745,222.7,46.558,0.191,0,0.982,0,1,0,-0.982,0,0.191],"_humanoidState":8,"_cameraCFrame":[773.175,234.393,48.263,0.948,0.312,-0.055,0,0.174,0.985,0.317,-0.934,0.165],"_shiftlockState":false,"_pose":"Running","_animationQueue":[],"_animationSpeed":1.103,"_zoom":10.351},{"_mousePosition":[896,372],"_rootPartCFrame":[773.491,222.7,46.475,0.207,0,0.978,0,1,0,-0.978,0,0.207],"_humanoidState":8,"_cameraCFrame":[772.911,234.393,48.177,0.946,0.318,-0.056,0,0.174,0.985,0.323,-0.932,0.164],"_shiftlockState":false,"_pose":"Running","_animationQueue":[],"_animationSpeed":1.103,"_zoom":10.351},{"_mousePosition":[896,372],"_rootPartCFrame":[773.238,222.7,46.391,0.222,0,0.975,0,1,0,-0.975,0,0.222],"_humanoidState":8,"_cameraCFrame":[772.654,234.393,48.091,0.946,0.32,-0.056,0,0.174,0.985,0.325,-0.931,0.164],"_shiftlockState":false,"_pose":"Running","_animationQueue":[],"_animationSpeed":1.103,"_zoom":10.351},{"_mousePosition":[896,372],"_rootPartCFrame":[772.986,222.7,46.305,0.236,0,0.972,0,1,0,-0.972,0,0.236],"_humanoidState":8,"_cameraCFrame":[772.398,234.393,48.004,0.945,0.322,-0.057,0,0.174,0.985,0.327,-0.931,0.164],"_shiftlockState":false,"_pose":"Running","_animationQueue":[],"_animationSpeed":1.103,"_zoom":10.351},{"_mousePosition":[896,372],"_rootPartCFrame":[772.733,222.7,46.218,0.248,0,0.969,0,1,0,-0.969,0,0.248],"_humanoidState":8,"_cameraCFrame":[772.144,234.393,47.917,0.945,0.323,-0.057,0,0.174,0.985,0.328,-0.93,0.164],"_shiftlockState":false,"_pose":"Running","_animationQueue":[["walk",0.1]],"_animationSpeed":1.103,"_zoom":10.351},{"_mousePosition":[896,372],"_rootPartCFrame":[772.481,222.7,46.131,0.259,0,0.966,0,1,0,-0.966,0,0.259],"_humanoidState":8,"_cameraCFrame":[771.892,234.393,47.829,0.945,0.323,-0.057,0,0.174,0.985,0.328,-0.93,0.164],"_shiftlockState":false,"_pose":"Running","_animationQueue":[],"_animationSpeed":1.103,"_zoom":10.351},{"_mousePosition":[896,372],"_rootPartCFrame":[772.229,222.7,46.044,0.268,0,0.963,0,1,0,-0.963,0,0.268],"_humanoidState":8,"_cameraCFrame":[773.293,234.393,48.316,0.945,0.323,-0.057,0,0.174,0.985,0.328,-0.93,0.164],"_shiftlockState":true,"_pose":"Running","_animationQueue":[],"_animationSpeed":1.103,"_zoom":10.351},{"_mousePosition":[683,384],"_rootPartCFrame":[771.977,222.7,45.956,0.916,0,-0.401,0,1,0,0.401,0,0.916],"_humanoidState":8,"_cameraCFrame":[773.041,234.393,48.228,0.945,0.323,-0.057,0,0.174,0.985,0.328,-0.93,0.164],"_shiftlockState":true,"_pose":"Running","_animationQueue":[],"_animationSpeed":1.103,"_zoom":10.351},{"_mousePosition":[683,384],"_rootPartCFrame":[771.726,222.7,45.869,0.934,0,-0.356,0,1,0,0.356,0,0.934],"_humanoidState":8,"_cameraCFrame":[772.789,234.393,48.141,0.945,0.323,-0.057,0,0.174,0.985,0.328,-0.93,0.164],"_shiftlockState":true,"_pose":"Running","_animationQueue":[],"_animationSpeed":1.103,"_zoom":10.351},{"_mousePosition":[683,384],"_rootPartCFrame":[771.474,222.7,45.782,0.944,0,-0.331,0,1,0,0.331,0,0.944],"_humanoidState":8,"_cameraCFrame":[772.535,234.393,48.055,0.944,0.324,-0.057,0,0.174,0.985,0.329,-0.93,0.164],"_shiftlockState":true,"_pose":"Running","_animationQueue":[],"_animationSpeed":1.103,"_zoom":10.351},{"_mousePosition":[683,384],"_rootPartCFrame":[771.285,222.7,45.716,0.944,0,-0.329,0,1,0,0.329,0,0.944],"_humanoidState":8,"_cameraCFrame":[772.344,234.393,47.99,0.944,0.325,-0.057,0,0.174,0.985,0.33,-0.93,0.164],"_shiftlockState":true,"_pose":"Running","_animationQueue":[],"_animationSpeed":1.103,"_zoom":10.351},{"_mousePosition":[683,384],"_rootPartCFrame":[770.97,222.7,45.606,0.944,0,-0.33,0,1,0,0.33,0,0.944],"_humanoidState":8,"_cameraCFrame":[772.029,234.393,47.88,0.944,0.325,-0.057,0,0.174,0.985,0.33,-0.93,0.164],"_shiftlockState":true,"_pose":"Running","_animationQueue":[["walk",0.1]],"_animationSpeed":1.103,"_zoom":10.351},{"_mousePosition":[683,384],"_rootPartCFrame":[770.718,223.573,45.519,0.944,0,-0.33,0,1,0,0.33,0,0.944],"_humanoidState":3,"_cameraCFrame":[771.777,235.266,47.793,0.944,0.325,-0.057,0,0.174,0.985,0.33,-0.93,0.164],"_shiftlockState":true,"_pose":"Jumping","_animationQueue":[["walk",0.1],["jump",0.1]],"_animationSpeed":1,"_zoom":10.351},{"_mousePosition":[683,384],"_rootPartCFrame":[770.529,224.194,45.453,0.963,0,-0.27,0,1,0,0.27,0,0.963],"_humanoidState":5,"_cameraCFrame":[771.595,235.888,47.724,0.945,0.322,-0.057,0,0.174,0.985,0.327,-0.931,0.164],"_shiftlockState":true,"_pose":"FreeFall","_animationQueue":[["jump",0.1]],"_animationSpeed":1,"_zoom":10.351},{"_mousePosition":[683,384],"_rootPartCFrame":[770.215,225.162,45.343,0.985,0,-0.174,0,1,0,0.174,0,0.985],"_humanoidState":5,"_cameraCFrame":[771.307,236.856,47.601,0.949,0.311,-0.055,0,0.174,0.985,0.316,-0.934,0.165],"_shiftlockState":true,"_pose":"FreeFall","_animationQueue":[],"_animationSpeed":1,"_zoom":10.351},{"_mousePosition":[683,384],"_rootPartCFrame":[769.963,225.875,45.255,0.982,0,-0.188,0,1,0,0.188,0,0.982],"_humanoidState":5,"_cameraCFrame":[771.09,237.569,47.496,0.954,0.297,-0.052,0,0.174,0.985,0.301,-0.939,0.166],"_shiftlockState":true,"_pose":"FreeFall","_animationQueue":[],"_animationSpeed":1,"_zoom":10.351},{"_mousePosition":[683,384],"_rootPartCFrame":[769.71,226.534,45.171,0.985,0,-0.172,0,1,0,0.172,0,0.985],"_humanoidState":5,"_cameraCFrame":[770.875,238.228,47.392,0.959,0.281,-0.05,0,0.174,0.985,0.285,-0.944,0.166],"_shiftlockState":true,"_pose":"FreeFall","_animationQueue":[],"_animationSpeed":1,"_zoom":10.351},{"_mousePosition":[683,384],"_rootPartCFrame":[769.392,227.28,45.07,0.993,0,-0.122,0,1,0,0.122,0,0.993],"_humanoidState":5,"_cameraCFrame":[770.59,238.974,47.274,0.963,0.267,-0.047,0,0.174,0.985,0.271,-0.948,0.167],"_shiftlockState":true,"_pose":"FreeFall","_animationQueue":[],"_animationSpeed":1,"_zoom":10.351},{"_mousePosition":[683,384],"_rootPartCFrame":[769.201,227.687,45.012,0.985,0,-0.174,0,1,0,0.174,0,0.985],"_humanoidState":5,"_cameraCFrame":[770.428,239.381,47.2,0.966,0.254,-0.045,0,0.174,0.985,0.258,-0.952,0.168],"_shiftlockState":true,"_pose":"FreeFall","_animationQueue":[],"_animationSpeed":1,"_zoom":10.351},{"_mousePosition":[683,384],"_rootPartCFrame":[768.944,228.182,44.939,0.992,0,-0.127,0,1,0,0.127,0,0.992],"_humanoidState":5,"_cameraCFrame":[770.188,239.875,47.125,0.968,0.246,-0.044,0,0.174,0.985,0.25,-0.953,0.169],"_shiftlockState":true,"_pose":"FreeFall","_animationQueue":[],"_animationSpeed":1,"_zoom":10.351},{"_mousePosition":[683,384],"_rootPartCFrame":[768.687,228.623,44.87,0.993,0,-0.119,0,1,0,0.119,0,0.993],"_humanoidState":5,"_cameraCFrame":[769.946,240.315,47.046,0.97,0.239,-0.042,0,0.174,0.985,0.243,-0.955,0.169],"_shiftlockState":true,"_pose":"FreeFall","_animationQueue":[],"_animationSpeed":1,"_zoom":10.351},{"_mousePosition":[683,384],"_rootPartCFrame":[768.364,229.097,44.786,0.997,0,-0.078,0,1,0,0.078,0,0.997],"_humanoidState":5,"_cameraCFrame":[769.63,240.789,46.959,0.971,0.236,-0.042,0,0.174,0.985,0.24,-0.956,0.169],"_shiftlockState":true,"_pose":"FreeFall","_animationQueue":[],"_animationSpeed":1,"_zoom":10.351},{"_mousePosition":[683,384],"_rootPartCFrame":[768.234,229.263,44.754,0.985,0,-0.174,0,1,0,0.174,0,0.985],"_humanoidState":5,"_cameraCFrame":[769.503,240.955,46.925,0.971,0.235,-0.042,0,0.174,0.985,0.239,-0.956,0.169],"_shiftlockState":true,"_pose":"FreeFall","_animationQueue":[],"_animationSpeed":1,"_zoom":10.351},{"_mousePosition":[683,384],"_rootPartCFrame":[767.976,229.553,44.69,0.994,0,-0.107,0,1,0,0.107,0,0.994],"_humanoidState":5,"_cameraCFrame":[769.244,241.246,46.861,0.971,0.235,-0.042,0,0.174,0.985,0.239,-0.956,0.169],"_shiftlockState":true,"_pose":"FreeFall","_animationQueue":[],"_animationSpeed":1,"_zoom":10.351},{"_mousePosition":[683,384],"_rootPartCFrame":[767.717,229.789,44.626,0.994,0,-0.107,0,1,0,0.107,0,0.994],"_humanoidState":5,"_cameraCFrame":[768.985,241.482,46.797,0.971,0.235,-0.042,0,0.174,0.985,0.239,-0.956,0.169],"_shiftlockState":true,"_pose":"FreeFall","_animationQueue":[],"_animationSpeed":1,"_zoom":10.351},{"_mousePosition":[683,384],"_rootPartCFrame":[767.393,230.008,44.547,0.997,0,-0.074,0,1,0,0.074,0,0.997],"_humanoidState":5,"_cameraCFrame":[768.662,241.7,46.718,0.971,0.235,-0.042,0,0.174,0.985,0.239,-0.956,0.169],"_shiftlockState":true,"_pose":"FreeFall","_animationQueue":[],"_animationSpeed":1,"_zoom":10.351},{"_mousePosition":[683,384],"_rootPartCFrame":[767.199,230.098,44.499,0.99,0,-0.14,0,1,0,0.14,0,0.99],"_humanoidState":5,"_cameraCFrame":[768.467,241.79,46.67,0.971,0.235,-0.042,0,0.174,0.985,0.239,-0.956,0.169],"_shiftlockState":true,"_pose":"FreeFall","_animationQueue":[],"_animationSpeed":1,"_zoom":10.351},{"_mousePosition":[683,384],"_rootPartCFrame":[766.94,230.171,44.435,0.994,0,-0.107,0,1,0,0.107,0,0.994],"_humanoidState":5,"_cameraCFrame":[768.217,241.865,46.594,0.972,0.232,-0.041,0,0.174,0.985,0.236,-0.957,0.169],"_shiftlockState":true,"_pose":"FreeFall","_animationQueue":[],"_animationSpeed":1,"_zoom":10.351},{"_mousePosition":[683,384],"_rootPartCFrame":[766.616,230.185,44.356,0.997,0,-0.071,0,1,0,0.071,0,0.997],"_humanoidState":5,"_cameraCFrame":[767.909,241.879,46.505,0.974,0.225,-0.04,0,0.174,0.985,0.228,-0.959,0.169],"_shiftlockState":true,"_pose":"FreeFall","_animationQueue":[],"_animationSpeed":1,"_zoom":10.351},{"_mousePosition":[683,384],"_rootPartCFrame":[766.357,230.135,44.293,0.995,0,-0.097,0,1,0,0.097,0,0.995],"_humanoidState":5,"_cameraCFrame":[767.688,241.829,46.419,0.977,0.208,-0.037,0,0.174,0.985,0.211,-0.963,0.17],"_shiftlockState":true,"_pose":"FreeFall","_animationQueue":[],"_animationSpeed":1,"_zoom":10.351},{"_mousePosition":[683,384],"_rootPartCFrame":[766.097,230.031,44.232,0.997,0,-0.079,0,1,0,0.079,0,0.997],"_humanoidState":5,"_cameraCFrame":[767.492,241.724,46.317,0.983,0.178,-0.031,0,0.174,0.985,0.181,-0.968,0.171],"_shiftlockState":true,"_pose":"FreeFall","_animationQueue":[["fall",0.3]],"_animationSpeed":1,"_zoom":10.351},{"_mousePosition":[683,384],"_rootPartCFrame":[765.852,229.872,44.15,0.997,0,-0.071,0,1,0,0.071,0,0.997],"_humanoidState":5,"_cameraCFrame":[767.33,241.564,46.185,0.99,0.139,-0.025,0,0.174,0.985,0.141,-0.975,0.173],"_shiftlockState":true,"_pose":"FreeFall","_animationQueue":[],"_animationSpeed":1,"_zoom":10.351},{"_mousePosition":[683,384],"_rootPartCFrame":[765.629,229.658,44.036,0.999,0,-0.041,0,1,0,0.041,0,0.999],"_humanoidState":5,"_cameraCFrame":[767.204,241.343,46.035,0.996,0.09,-0.016,0,0.178,0.984,0.091,-0.98,0.178],"_shiftlockState":true,"_pose":"FreeFall","_animationQueue":[],"_animationSpeed":1,"_zoom":10.351},{"_mousePosition":[683,384],"_rootPartCFrame":[765.428,229.39,43.889,1,0,0.007,0,1,0,-0.007,0,1],"_humanoidState":5,"_cameraCFrame":[767.119,241.061,45.862,1,0.03,-0.006,0,0.186,0.983,0.03,-0.982,0.185],"_shiftlockState":true,"_pose":"FreeFall","_animationQueue":[],"_animationSpeed":1,"_zoom":10.351},{"_mousePosition":[683,384],"_rootPartCFrame":[765.289,229.153,43.756,0.999,0,0.042,0,1,0,-0.042,0,0.999],"_humanoidState":5,"_cameraCFrame":[767.11,240.806,45.711,0.999,-0.035,0.007,0,0.195,0.981,-0.036,-0.98,0.195],"_shiftlockState":true,"_pose":"FreeFall","_animationQueue":[],"_animationSpeed":1,"_zoom":10.351},{"_mousePosition":[683,384],"_rootPartCFrame":[765.062,228.691,43.514,0.988,0,0.155,0,1,0,-0.155,0,0.988],"_humanoidState":5,"_cameraCFrame":[767.017,240.319,45.461,0.995,-0.098,0.021,0,0.206,0.979,-0.1,-0.974,0.205],"_shiftlockState":true,"_pose":"FreeFall","_animationQueue":[],"_animationSpeed":1,"_zoom":10.351},{"_mousePosition":[683,384],"_rootPartCFrame":[764.869,228.259,43.33,0.981,0,0.195,0,1,0,-0.195,0,0.981],"_humanoidState":5,"_cameraCFrame":[766.947,239.869,45.25,0.988,-0.154,0.034,0,0.215,0.977,-0.157,-0.964,0.212],"_shiftlockState":true,"_pose":"FreeFall","_animationQueue":[["fall",0.3]],"_animationSpeed":1,"_zoom":10.351},{"_mousePosition":[683,384],"_rootPartCFrame":[764.664,227.773,43.159,0.968,0,0.252,0,1,0,-0.252,0,0.968],"_humanoidState":5,"_cameraCFrame":[766.863,239.366,45.03,0.977,-0.208,0.047,0,0.222,0.975,-0.213,-0.953,0.217],"_shiftlockState":true,"_pose":"FreeFall","_animationQueue":[],"_animationSpeed":1,"_zoom":10.351},{"_mousePosition":[683,384],"_rootPartCFrame":[764.439,227.265,43.065,0.983,-0.006,0.182,0.005,1,0.003,-0.182,-0.002,0.983],"_humanoidState":7,"_cameraCFrame":[766.734,238.845,44.877,0.965,-0.254,0.059,0,0.227,0.974,-0.261,-0.94,0.219],"_shiftlockState":true,"_pose":"FreeFall","_animationQueue":[["walk",0.1],["fall",0.3],["fall",0.3]],"_animationSpeed":1,"_zoom":10.351},{"_mousePosition":[683,384],"_rootPartCFrame":[764.193,226.728,43.007,0.977,-0.006,0.213,0.005,1,0.002,-0.213,-0.001,0.977],"_humanoidState":7,"_cameraCFrame":[766.581,238.297,44.765,0.953,-0.295,0.07,0,0.232,0.973,-0.303,-0.927,0.221],"_shiftlockState":true,"_pose":"FreeFall","_animationQueue":[],"_animationSpeed":1,"_zoom":10.351},{"_mousePosition":[683,384],"_rootPartCFrame":[763.983,226.557,42.87,0.971,-0.003,0.239,0.002,1,0.006,-0.239,-0.005,0.971],"_humanoidState":8,"_cameraCFrame":[766.433,238.117,44.583,0.944,-0.321,0.078,0,0.235,0.972,-0.33,-0.918,0.222],"_shiftlockState":true,"_pose":"Running","_animationQueue":[["walk",0.1],["fall",0.3],["walk",0.1]],"_animationSpeed":1.056,"_zoom":10.351},{"_mousePosition":[683,384],"_rootPartCFrame":[763.852,226.6,42.763,0.966,0.001,0.26,-0.001,1,0.002,-0.26,-0.002,0.966],"_humanoidState":8,"_cameraCFrame":[766.353,238.159,44.427,0.935,-0.343,0.083,0,0.236,0.972,-0.353,-0.909,0.221],"_shiftlockState":true,"_pose":"Running","_animationQueue":[["walk",0.1]],"_animationSpeed":0.715,"_zoom":10.351},{"_mousePosition":[683,384],"_rootPartCFrame":[763.711,226.632,42.67,0.959,0.003,0.284,-0.002,1,-0.001,-0.284,0.001,0.959],"_humanoidState":8,"_cameraCFrame":[766.234,238.19,44.309,0.931,-0.354,0.086,0,0.236,0.972,-0.364,-0.905,0.22],"_shiftlockState":true,"_pose":"Running","_animationQueue":[],"_animationSpeed":0.715,"_zoom":10.351},{"_mousePosition":[683,384],"_rootPartCFrame":[763.562,226.653,42.584,0.955,0.002,0.297,-0.001,1,-0.003,-0.297,0.002,0.955],"_humanoidState":8,"_cameraCFrame":[766.086,238.212,44.222,0.931,-0.355,0.086,0,0.236,0.972,-0.365,-0.905,0.22],"_shiftlockState":true,"_pose":"Running","_animationQueue":[["walk",0.1]],"_animationSpeed":0.715,"_zoom":10.351},{"_mousePosition":[683,384],"_rootPartCFrame":[763.414,226.668,42.492,0.954,0.001,0.298,0,1,-0.004,-0.298,0.004,0.954],"_humanoidState":8,"_cameraCFrame":[765.937,238.226,44.132,0.931,-0.355,0.086,0,0.236,0.972,-0.365,-0.905,0.22],"_shiftlockState":true,"_pose":"Running","_animationQueue":[],"_animationSpeed":0.715,"_zoom":10.351},{"_mousePosition":[683,384],"_rootPartCFrame":[763.268,226.678,42.397,0.954,0,0.298,0.001,1,-0.005,-0.298,0.005,0.954],"_humanoidState":8,"_cameraCFrame":[764.112,238.238,44.689,0.938,-0.337,0.082,0,0.235,0.972,-0.347,-0.912,0.221],"_shiftlockState":false,"_pose":"Running","_animationQueue":[],"_animationSpeed":0.715,"_zoom":10.351},{"_mousePosition":[683,384],"_rootPartCFrame":[763.129,226.685,42.287,0.973,0,0.231,0.002,1,-0.006,-0.231,0.006,0.973],"_humanoidState":8,"_cameraCFrame":[763.973,238.245,44.58,0.938,-0.337,0.082,0,0.235,0.972,-0.347,-0.912,0.221],"_shiftlockState":false,"_pose":"Running","_animationQueue":[],"_animationSpeed":0.715,"_zoom":10.351},{"_mousePosition":[683,384],"_rootPartCFrame":[762.996,226.689,42.172,0.987,-0.001,0.161,0.002,1,-0.007,-0.161,0.007,0.987],"_humanoidState":8,"_cameraCFrame":[763.648,238.265,44.461,0.961,-0.269,0.063,0,0.229,0.973,-0.276,-0.936,0.22],"_shiftlockState":false,"_pose":"Running","_animationQueue":[],"_animationSpeed":0.715,"_zoom":10.351},{"_mousePosition":[683,384],"_rootPartCFrame":[762.951,226.693,42.134,0.991,-0.001,0.136,0.002,1,-0.006,-0.136,0.006,0.991],"_humanoidState":8,"_cameraCFrame":[763.426,238.282,44.407,0.979,-0.201,0.046,0,0.223,0.975,-0.206,-0.954,0.219],"_shiftlockState":false,"_pose":"Running","_animationQueue":[],"_animationSpeed":0.715,"_zoom":10.351},{"_mousePosition":[683,384],"_rootPartCFrame":[762.948,226.695,42.135,0.991,-0.001,0.132,0.001,1,-0.003,-0.132,0.004,0.991],"_humanoidState":8,"_cameraCFrame":[763.199,238.297,44.382,0.994,-0.109,0.024,0,0.218,0.976,-0.112,-0.97,0.217],"_shiftlockState":false,"_pose":"Running","_animationQueue":[["walk",0.1],["walk",0.1]],"_animationSpeed":0.04,"_zoom":10.351},{"_mousePosition":[683,384],"_rootPartCFrame":[762.948,226.696,42.136,0.991,-0.001,0.131,0.001,1,-0.002,-0.131,0.002,0.991],"_humanoidState":8,"_cameraCFrame":[762.965,238.309,44.347,1,-0.008,0.002,0,0.213,0.977,-0.008,-0.977,0.213],"_shiftlockState":false,"_pose":"Standing","_animationQueue":[["idle",0.1]],"_animationSpeed":1,"_zoom":10.351},{"_mousePosition":[683,384],"_rootPartCFrame":[762.934,227.78,42.158,0.992,-0.002,0.129,0.002,1,-0.002,-0.129,0.002,0.992],"_humanoidState":3,"_cameraCFrame":[762.745,239.395,44.352,0.996,0.083,-0.018,0,0.212,0.977,0.085,-0.974,0.212],"_shiftlockState":false,"_pose":"Jumping","_animationQueue":[["walk",0.1],["jump",0.1]],"_animationSpeed":1,"_zoom":10.351},{"_mousePosition":[689,381],"_rootPartCFrame":[762.934,228.588,42.158,0.992,-0.001,0.129,0.001,1,-0.001,-0.129,0.001,0.992],"_humanoidState":5,"_cameraCFrame":[761.421,240.282,41.187,-0.541,0.828,-0.146,0,0.174,0.985,0.841,0.533,-0.094],"_shiftlockState":false,"_pose":"FreeFall","_animationQueue":[],"_animationSpeed":1,"_zoom":10.351},{"_mousePosition":[701,379],"_rootPartCFrame":[762.954,229.522,42.126,0.999,0,0.043,0,1,0,-0.043,0,0.999],"_humanoidState":5,"_cameraCFrame":[761.442,241.216,41.154,-0.541,0.828,-0.146,0,0.174,0.985,0.841,0.533,-0.094],"_shiftlockState":false,"_pose":"FreeFall","_animationQueue":[],"_animationSpeed":1,"_zoom":10.351},{"_mousePosition":[724,377],"_rootPartCFrame":[762.983,230.041,42.083,1,0,-0.02,0,1,0,0.02,0,1],"_humanoidState":5,"_cameraCFrame":[761.471,241.735,41.11,-0.541,0.828,-0.146,0,0.174,0.985,0.841,0.533,-0.094],"_shiftlockState":false,"_pose":"FreeFall","_animationQueue":[],"_animationSpeed":1,"_zoom":10.351},{"_mousePosition":[762,370],"_rootPartCFrame":[763,230.679,42.049,0.994,0.001,-0.107,-0.001,1,-0.001,0.107,0.001,0.994],"_humanoidState":5,"_cameraCFrame":[761.49,242.373,41.078,-0.541,0.828,-0.146,0,0.174,0.985,0.841,0.533,-0.094],"_shiftlockState":false,"_pose":"FreeFall","_animationQueue":[],"_animationSpeed":1,"_zoom":10.351},{"_mousePosition":[827,353],"_rootPartCFrame":[763.021,231.259,42.011,0.985,0.001,-0.174,-0.001,1,0,0.174,0,0.985],"_humanoidState":5,"_cameraCFrame":[761.51,242.953,41.039,-0.541,0.828,-0.146,0,0.174,0.985,0.841,0.533,-0.094],"_shiftlockState":false,"_pose":"FreeFall","_animationQueue":[],"_animationSpeed":1,"_zoom":10.351},{"_mousePosition":[910,315],"_rootPartCFrame":[763.051,231.904,41.946,0.968,0.001,-0.252,-0.001,1,-0.001,0.252,0.001,0.968],"_humanoidState":5,"_cameraCFrame":[761.54,243.598,40.975,-0.541,0.828,-0.146,0,0.174,0.985,0.841,0.533,-0.094],"_shiftlockState":false,"_pose":"FreeFall","_animationQueue":[],"_animationSpeed":1,"_zoom":10.351},{"_mousePosition":[921,317],"_rootPartCFrame":[763.077,232.457,41.878,0.951,0.001,-0.31,-0.001,1,0,0.31,0,0.951],"_humanoidState":5,"_cameraCFrame":[761.566,244.151,40.907,-0.541,0.828,-0.146,0,0.174,0.985,0.841,0.533,-0.094],"_shiftlockState":false,"_pose":"FreeFall","_animationQueue":[["fall",0.3]],"_animationSpeed":1,"_zoom":10.351},{"_mousePosition":[939,317],"_rootPartCFrame":[763.077,232.743,41.864,0.937,0.002,-0.35,-0.002,1,-0.001,0.35,0.001,0.937],"_humanoidState":5,"_cameraCFrame":[761.559,244.435,40.887,-0.541,0.828,-0.147,0,0.175,0.985,0.841,0.533,-0.095],"_shiftlockState":false,"_pose":"FreeFall","_animationQueue":[["fall",0.3]],"_animationSpeed":1,"_zoom":10.351},{"_mousePosition":[945,318],"_rootPartCFrame":[763.094,233.075,41.825,0.924,0.001,-0.381,-0.001,1,0,0.381,0.001,0.924],"_humanoidState":5,"_cameraCFrame":[761.574,244.767,40.847,-0.541,0.828,-0.147,0,0.175,0.985,0.841,0.533,-0.095],"_shiftlockState":false,"_pose":"FreeFall","_animationQueue":[["fall",0.3]],"_animationSpeed":1,"_zoom":10.351},{"_mousePosition":[952,319],"_rootPartCFrame":[763.101,233.347,41.798,0.909,0.001,-0.417,-0.002,1,0,0.417,0.001,0.909],"_humanoidState":5,"_cameraCFrame":[761.582,245.039,40.821,-0.541,0.828,-0.147,0,0.175,0.985,0.841,0.533,-0.095],"_shiftlockState":false,"_pose":"FreeFall","_animationQueue":[],"_animationSpeed":1,"_zoom":10.351},{"_mousePosition":[961,319],"_rootPartCFrame":[763.112,233.563,41.769,0.899,0.001,-0.438,-0.001,1,0,0.438,0,0.899],"_humanoidState":5,"_cameraCFrame":[761.593,245.255,40.791,-0.541,0.828,-0.147,0,0.175,0.985,0.841,0.533,-0.095],"_shiftlockState":false,"_pose":"FreeFall","_animationQueue":[],"_animationSpeed":1,"_zoom":10.351},{"_mousePosition":[976,315],"_rootPartCFrame":[763.111,233.719,41.745,0.886,0.001,-0.463,-0.001,1,0,0.463,0.001,0.886],"_humanoidState":5,"_cameraCFrame":[761.592,245.411,40.768,-0.541,0.828,-0.147,0,0.175,0.985,0.841,0.533,-0.095],"_shiftlockState":false,"_pose":"FreeFall","_animationQueue":[],"_animationSpeed":1,"_zoom":10.351},{"_mousePosition":[1022,286],"_rootPartCFrame":[763.11,233.836,41.712,0.876,0.001,-0.482,-0.001,1,0,0.482,0.001,0.876],"_humanoidState":5,"_cameraCFrame":[761.581,245.525,40.724,-0.543,0.827,-0.148,0,0.176,0.984,0.84,0.534,-0.096],"_shiftlockState":false,"_pose":"FreeFall","_animationQueue":[],"_animationSpeed":1,"_zoom":10.351},{"_mousePosition":[1047,266],"_rootPartCFrame":[763.1,233.863,41.683,0.867,0.001,-0.499,-0.001,1,0,0.499,0.001,0.867],"_humanoidState":5,"_cameraCFrame":[761.571,245.553,40.695,-0.543,0.827,-0.148,0,0.176,0.984,0.84,0.534,-0.096],"_shiftlockState":false,"_pose":"FreeFall","_animationQueue":[["fall",0.3]],"_animationSpeed":1,"_zoom":10.351},{"_mousePosition":[1077,234],"_rootPartCFrame":[763.098,233.823,41.668,0.862,0,-0.506,0,1,0,0.506,0,0.862],"_humanoidState":5,"_cameraCFrame":[761.568,245.513,40.679,-0.543,0.827,-0.148,0,0.176,0.984,0.84,0.534,-0.096],"_shiftlockState":false,"_pose":"FreeFall","_animationQueue":[],"_animationSpeed":1,"_zoom":10.351},{"_mousePosition":[1106,195],"_rootPartCFrame":[763.092,233.758,41.667,0.86,0,-0.511,0,1,0,0.511,0,0.86],"_humanoidState":5,"_cameraCFrame":[761.562,245.447,40.678,-0.543,0.827,-0.148,0,0.176,0.984,0.84,0.534,-0.096],"_shiftlockState":false,"_pose":"FreeFall","_animationQueue":[],"_animationSpeed":1,"_zoom":10.351},{"_mousePosition":[1129,158],"_rootPartCFrame":[763.09,233.582,41.649,0.854,0,-0.52,0,1,0,0.52,0,0.854],"_humanoidState":5,"_cameraCFrame":[761.559,245.271,40.66,-0.543,0.827,-0.148,0,0.176,0.984,0.84,0.534,-0.096],"_shiftlockState":false,"_pose":"FreeFall","_animationQueue":[],"_animationSpeed":1,"_zoom":10.351},{"_mousePosition":[1151,116],"_rootPartCFrame":[763.083,233.437,41.633,0.852,0,-0.524,0,1,0,0.524,0,0.852],"_humanoidState":5,"_cameraCFrame":[761.552,245.126,40.644,-0.543,0.827,-0.148,0,0.176,0.984,0.84,0.534,-0.096],"_shiftlockState":false,"_pose":"FreeFall","_animationQueue":[],"_animationSpeed":1,"_zoom":10.351},{"_mousePosition":[1168,85],"_rootPartCFrame":[763.083,233.131,41.651,0.849,-0.001,-0.529,0,1,-0.002,0.529,0.002,0.849],"_humanoidState":5,"_cameraCFrame":[761.551,244.82,40.665,-0.543,0.827,-0.148,0,0.176,0.984,0.84,0.534,-0.096],"_shiftlockState":false,"_pose":"FreeFall","_animationQueue":[],"_animationSpeed":1,"_zoom":10.351},{"_mousePosition":[1186,47],"_rootPartCFrame":[763.1,232.825,41.683,0.847,0,-0.531,0,1,-0.001,0.531,0.001,0.847],"_humanoidState":5,"_cameraCFrame":[761.569,244.515,40.695,-0.543,0.827,-0.148,0,0.176,0.984,0.84,0.534,-0.096],"_shiftlockState":false,"_pose":"FreeFall","_animationQueue":[],"_animationSpeed":1,"_zoom":10.351},{"_mousePosition":[1199,11],"_rootPartCFrame":[763.116,232.56,41.687,0.847,0,-0.532,0,1,0,0.532,0,0.847],"_humanoidState":5,"_cameraCFrame":[761.586,244.249,40.699,-0.543,0.827,-0.148,0,0.176,0.984,0.84,0.534,-0.096],"_shiftlockState":false,"_pose":"FreeFall","_animationQueue":[["fall",0.3]],"_animationSpeed":1,"_zoom":10.351},{"_mousePosition":[1200,7],"_rootPartCFrame":[763.127,232.16,41.703,0.847,-0.001,-0.532,0,1,-0.002,0.532,0.001,0.847],"_humanoidState":5,"_cameraCFrame":[761.596,243.849,40.716,-0.543,0.827,-0.148,0,0.176,0.984,0.84,0.534,-0.096],"_shiftlockState":false,"_pose":"FreeFall","_animationQueue":[],"_animationSpeed":1,"_zoom":10.351},{"_mousePosition":[1200,7],"_rootPartCFrame":[763.132,231.582,41.715,0.846,0,-0.534,0,1,-0.001,0.534,0.001,0.846],"_humanoidState":5,"_cameraCFrame":[761.602,243.272,40.727,-0.543,0.827,-0.148,0,0.176,0.984,0.84,0.534,-0.096],"_shiftlockState":false,"_pose":"FreeFall","_animationQueue":[],"_animationSpeed":1,"_zoom":10.351},{"_mousePosition":[1200,7],"_rootPartCFrame":[763.139,231.195,41.715,0.845,-0.001,-0.534,0,1,-0.001,0.534,0.001,0.845],"_humanoidState":5,"_cameraCFrame":[761.608,242.884,40.728,-0.543,0.827,-0.148,0,0.176,0.984,0.84,0.534,-0.096],"_shiftlockState":false,"_pose":"FreeFall","_animationQueue":[],"_animationSpeed":1,"_zoom":10.351},{"_mousePosition":[1200,7],"_rootPartCFrame":[763.165,230.632,41.723,0.845,-0.001,-0.534,0,1,-0.003,0.534,0.002,0.845],"_humanoidState":5,"_cameraCFrame":[761.632,242.321,40.737,-0.543,0.827,-0.148,0,0.176,0.984,0.84,0.534,-0.096],"_shiftlockState":false,"_pose":"FreeFall","_animationQueue":[],"_animationSpeed":1,"_zoom":10.351},{"_mousePosition":[1200,7],"_rootPartCFrame":[763.203,230.015,41.734,0.846,-0.002,-0.533,0,1,-0.005,0.533,0.004,0.846],"_humanoidState":5,"_cameraCFrame":[761.669,241.704,40.752,-0.543,0.827,-0.148,0,0.176,0.984,0.84,0.534,-0.096],"_shiftlockState":false,"_pose":"FreeFall","_animationQueue":[],"_animationSpeed":1,"_zoom":10.351},{"_mousePosition":[1200,7],"_rootPartCFrame":[763.252,229.346,41.75,0.848,-0.004,-0.53,0,1,-0.008,0.53,0.007,0.848],"_humanoidState":5,"_cameraCFrame":[761.716,241.035,40.771,-0.543,0.827,-0.148,0,0.176,0.984,0.84,0.534,-0.096],"_shiftlockState":false,"_pose":"FreeFall","_animationQueue":[["fall",0.3]],"_animationSpeed":1,"_zoom":10.351},{"_mousePosition":[1200,7],"_rootPartCFrame":[763.267,228.624,41.759,0.847,-0.003,-0.531,0,1,-0.005,0.531,0.005,0.847],"_humanoidState":5,"_cameraCFrame":[761.733,240.313,40.777,-0.543,0.827,-0.148,0,0.176,0.984,0.84,0.534,-0.096],"_shiftlockState":false,"_pose":"FreeFall","_animationQueue":[],"_animationSpeed":1,"_zoom":10.351},{"_mousePosition":[1200,7],"_rootPartCFrame":[763.275,227.849,41.765,0.847,-0.002,-0.531,0,1,-0.004,0.531,0.004,0.847],"_humanoidState":5,"_cameraCFrame":[761.742,239.538,40.781,-0.543,0.827,-0.148,0,0.176,0.984,0.84,0.534,-0.096],"_shiftlockState":false,"_pose":"FreeFall","_animationQueue":[],"_animationSpeed":1,"_zoom":10.351},{"_mousePosition":[1200,7],"_rootPartCFrame":[763.29,227.022,41.765,0.845,-0.003,-0.535,0,1,-0.006,0.535,0.005,0.845],"_humanoidState":5,"_cameraCFrame":[761.755,238.712,40.783,-0.543,0.827,-0.148,0,0.176,0.984,0.84,0.534,-0.096],"_shiftlockState":false,"_pose":"FreeFall","_animationQueue":[],"_animationSpeed":1,"_zoom":10.351},{"_mousePosition":[1200,7],"_rootPartCFrame":[763.295,226.455,41.768,0.839,-0.009,-0.544,0.001,1,-0.015,0.544,0.012,0.839],"_humanoidState":7,"_cameraCFrame":[761.751,238.144,40.797,-0.543,0.827,-0.148,0,0.176,0.984,0.84,0.534,-0.096],"_shiftlockState":false,"_pose":"FreeFall","_animationQueue":[["walk",0.1],["fall",0.3],["fall",0.3]],"_animationSpeed":1,"_zoom":10.351},{"_mousePosition":[1200,7],"_rootPartCFrame":[763.301,226.486,41.762,0.84,-0.006,-0.543,0,1,-0.012,0.543,0.011,0.84],"_humanoidState":7,"_cameraCFrame":[761.761,238.175,40.788,-0.543,0.827,-0.148,0,0.176,0.984,0.84,0.534,-0.096],"_shiftlockState":false,"_pose":"FreeFall","_animationQueue":[],"_animationSpeed":1,"_zoom":10.351},{"_mousePosition":[1200,7],"_rootPartCFrame":[763.317,226.554,41.732,0.829,0.002,-0.559,-0.002,1,0.001,0.559,0,0.829],"_humanoidState":8,"_cameraCFrame":[761.789,238.243,40.743,-0.543,0.827,-0.148,0,0.176,0.984,0.84,0.534,-0.096],"_shiftlockState":false,"_pose":"Running","_animationQueue":[["walk",0.1],["fall",0.3],["walk",0.1]],"_animationSpeed":0.073,"_zoom":10.351},{"_mousePosition":[1200,7],"_rootPartCFrame":[763.275,227.785,41.771,0.841,-0.012,-0.542,0.006,1,-0.013,0.542,0.008,0.841],"_humanoidState":3,"_cameraCFrame":[761.726,239.474,40.794,-0.543,0.827,-0.148,0,0.176,0.984,0.84,0.534,-0.096],"_shiftlockState":false,"_pose":"Jumping","_animationQueue":[["walk",0.1],["walk",0.1],["jump",0.1]],"_animationSpeed":1,"_zoom":10.351},{"_mousePosition":[1198,250],"_rootPartCFrame":[763.155,232.731,41.851,0.879,-0.064,-0.472,0.038,0.997,-0.065,0.475,0.039,0.879],"_humanoidState":3,"_cameraCFrame":[761.528,244.417,40.921,-0.543,0.827,-0.148,0,0.176,0.984,0.84,0.534,-0.096],"_shiftlockState":false,"_pose":"Jumping","_animationQueue":[],"_animationSpeed":1,"_zoom":10.351},{"_mousePosition":[1194,259],"_rootPartCFrame":[763.152,233.935,41.844,0.879,-0.035,-0.475,0.021,0.999,-0.036,0.476,0.021,0.879],"_humanoidState":5,"_cameraCFrame":[761.568,245.623,40.887,-0.543,0.827,-0.148,0,0.176,0.984,0.84,0.534,-0.096],"_shiftlockState":false,"_pose":"FreeFall","_animationQueue":[["jump",0.1]],"_animationSpeed":1,"_zoom":10.351},{"_mousePosition":[1193,261],"_rootPartCFrame":[763.17,235.084,41.805,0.875,-0.009,-0.483,0.005,1,-0.009,0.484,0.006,0.875],"_humanoidState":5,"_cameraCFrame":[761.626,246.773,40.824,-0.543,0.827,-0.148,0,0.176,0.984,0.84,0.534,-0.096],"_shiftlockState":false,"_pose":"FreeFall","_animationQueue":[],"_animationSpeed":1,"_zoom":10.351},{"_mousePosition":[1193,259],"_rootPartCFrame":[763.197,236.176,41.752,0.867,-0.005,-0.498,0,1,-0.01,0.498,0.009,0.867],"_humanoidState":5,"_cameraCFrame":[761.657,247.864,40.771,-0.544,0.826,-0.148,0,0.176,0.984,0.839,0.536,-0.096],"_shiftlockState":false,"_pose":"FreeFall","_animationQueue":[["jump",0.1],["fall",0.3]],"_animationSpeed":1,"_zoom":10.351},{"_mousePosition":[1193,259],"_rootPartCFrame":[763.201,237.2,41.74,0.851,-0.001,-0.526,-0.003,1,-0.006,0.526,0.007,0.85],"_humanoidState":5,"_cameraCFrame":[761.667,248.889,40.756,-0.544,0.826,-0.148,0,0.176,0.984,0.839,0.536,-0.096],"_shiftlockState":false,"_pose":"FreeFall","_animationQueue":[],"_animationSpeed":1,"_zoom":10.351},{"_mousePosition":[1193,259],"_rootPartCFrame":[763.216,238.169,41.714,0.847,0,-0.532,-0.001,1,-0.002,0.532,0.002,0.847],"_humanoidState":5,"_cameraCFrame":[761.684,249.858,40.724,-0.544,0.826,-0.148,0,0.176,0.984,0.839,0.536,-0.096],"_shiftlockState":false,"_pose":"FreeFall","_animationQueue":[],"_animationSpeed":1,"_zoom":10.351},{"_mousePosition":[1193,259],"_rootPartCFrame":[763.218,239.078,41.704,0.837,0.001,-0.548,-0.002,1,-0.001,0.548,0.002,0.837],"_humanoidState":5,"_cameraCFrame":[761.687,250.767,40.713,-0.544,0.826,-0.148,0,0.176,0.984,0.839,0.536,-0.096],"_shiftlockState":false,"_pose":"FreeFall","_animationQueue":[],"_animationSpeed":1,"_zoom":10.351},{"_mousePosition":[1193,259],"_rootPartCFrame":[763.219,239.93,41.71,0.835,0,-0.55,-0.001,1,-0.001,0.55,0.001,0.835],"_humanoidState":5,"_cameraCFrame":[761.687,251.618,40.718,-0.544,0.826,-0.148,0,0.176,0.984,0.839,0.536,-0.096],"_shiftlockState":false,"_pose":"FreeFall","_animationQueue":[],"_animationSpeed":1,"_zoom":10.351},{"_mousePosition":[1193,259],"_rootPartCFrame":[763.227,240.727,41.709,0.836,0,-0.549,0,1,0.001,0.549,0,0.836],"_humanoidState":5,"_cameraCFrame":[761.695,252.415,40.714,-0.544,0.826,-0.148,0,0.176,0.984,0.839,0.536,-0.096],"_shiftlockState":false,"_pose":"FreeFall","_animationQueue":[],"_animationSpeed":1,"_zoom":10.351},{"_mousePosition":[1193,259],"_rootPartCFrame":[763.227,241,41.71,0.837,0,-0.548,0,1,0.001,0.548,-0.001,0.837],"_humanoidState":12,"_cameraCFrame":[761.695,252.688,40.715,-0.544,0.826,-0.148,0,0.176,0.984,0.839,0.536,-0.096],"_shiftlockState":false,"_pose":"Climbing","_animationQueue":[["fall",0.3],["climb",0.1]],"_animationSpeed":3.879,"_zoom":10.351},{"_mousePosition":[1193,259],"_rootPartCFrame":[763.227,241.188,41.71,0.837,0,-0.548,0,1,0,0.548,0,0.837],"_humanoidState":12,"_cameraCFrame":[761.695,252.877,40.716,-0.544,0.826,-0.148,0,0.176,0.984,0.839,0.536,-0.096],"_shiftlockState":false,"_pose":"Climbing","_animationQueue":[["climb",0.1]],"_animationSpeed":0.992,"_zoom":10.351},{"_mousePosition":[1193,259],"_rootPartCFrame":[763.227,241.375,41.71,0.837,0,-0.548,0,1,0,0.548,0,0.837],"_humanoidState":12,"_cameraCFrame":[761.695,253.064,40.716,-0.544,0.826,-0.148,0,0.176,0.984,0.839,0.536,-0.096],"_shiftlockState":false,"_pose":"Climbing","_animationQueue":[["climb",0.1]],"_animationSpeed":0.934,"_zoom":10.351},{"_mousePosition":[1190,263],"_rootPartCFrame":[763.227,241.562,41.71,0.837,0,-0.548,0,1,0,0.548,0,0.837],"_humanoidState":12,"_cameraCFrame":[761.695,253.25,40.716,-0.544,0.826,-0.148,0,0.176,0.984,0.839,0.536,-0.096],"_shiftlockState":false,"_pose":"Climbing","_animationQueue":[],"_animationSpeed":0.934,"_zoom":10.351},{"_mousePosition":[1187,264],"_rootPartCFrame":[763.227,241.748,41.71,0.837,0,-0.548,0,1,0,0.548,0,0.837],"_humanoidState":12,"_cameraCFrame":[761.695,253.437,40.716,-0.544,0.826,-0.148,0,0.176,0.984,0.839,0.536,-0.096],"_shiftl