[{"_mousePosition":[581,339],"_rootPartCFrame":[776.028,222.7,47.142,0,0,1,0,1,0,-1,0,0],"_humanoidState":8,"_cameraCFrame":[780.403,239.719,47.243,0.023,-0.962,0.271,0,0.271,0.962,-1,-0.022,0.006],"_shiftlockState":false,"_pose":"Standing","_animationQueue":[],"_animationSpeed":1,"_zoom":16.125},{"_mousePosition":[581,339],"_rootPartCFrame":[775.781,222.7,47.137,0.003,0,1,0,1,0,-1,0,0.003],"_humanoidState":8,"_cameraCFrame":[780.156,239.719,47.237,0.023,-0.962,0.271,0,0.271,0.962,-1,-0.022,0.006],"_shiftlockState":false,"_pose":"Standing","_animationQueue":[],"_animationSpeed":1,"_zoom":16.125},{"_mousePosition":[581,339],"_rootPartCFrame":[775.515,222.7,47.131,0.006,0,1,0,1,0,-1,0,0.006],"_humanoidState":8,"_cameraCFrame":[779.89,239.719,47.231,0.023,-0.962,0.271,0,0.271,0.962,-1,-0.022,0.006],"_shiftlockState":false,"_pose":"Running","_animationQueue":[["walk",0.1]],"_animationSpeed":1.066,"_zoom":16.125},{"_mousePosition":[581,339],"_rootPartCFrame":[775.382,222.7,47.128,0.007,0,1,0,1,0,-1,0,0.007],"_humanoidState":8,"_cameraCFrame":[779.757,239.719,47.228,0.023,-0.962,0.271,0,0.271,0.962,-1,-0.022,0.006],"_shiftlockState":false,"_pose":"Running","_animationQueue":[],"_animationSpeed":1.066,"_zoom":16.125},{"_mousePosition":[581,339],"_rootPartCFrame":[774.982,222.7,47.118,0.01,0,1,0,1,0,-1,0,0.01],"_humanoidState":8,"_cameraCFrame":[779.357,239.719,47.219,0.023,-0.962,0.271,0,0.271,0.962,-1,-0.022,0.006],"_shiftlockState":false,"_pose":"Running","_animationQueue":[],"_animationSpeed":1.066,"_zoom":16.125},{"_mousePosition":[581,339],"_rootPartCFrame":[774.849,222.7,47.115,0.011,0,1,0,1,0,-1,0,0.011],"_humanoidState":8,"_cameraCFrame":[779.164,239.736,47.204,0.02,-0.963,0.268,0,0.268,0.964,-1,-0.02,0.005],"_shiftlockState":false,"_pose":"Running","_animationQueue":[["walk",0.1]],"_animationSpeed":1.066,"_zoom":16.125},{"_mousePosition":[581,339],"_rootPartCFrame":[774.449,222.7,47.106,0.014,0,1,0,1,0,-1,0,0.014],"_humanoidState":8,"_cameraCFrame":[778.764,239.736,47.194,0.02,-0.963,0.268,0,0.268,0.964,-1,-0.02,0.005],"_shiftlockState":false,"_pose":"Running","_animationQueue":[],"_animationSpeed":1.066,"_zoom":16.125},{"_mousePosition":[581,339],"_rootPartCFrame":[774.182,222.7,47.101,0.015,0,1,0,1,0,-1,0,0.015],"_humanoidState":8,"_cameraCFrame":[778.497,239.736,47.189,0.02,-0.963,0.268,0,0.268,0.964,-1,-0.02,0.005],"_shiftlockState":false,"_pose":"Running","_animationQueue":[],"_animationSpeed":1.066,"_zoom":16.125},{"_mousePosition":[581,339],"_rootPartCFrame":[773.916,222.7,47.095,0.015,0,1,0,1,0,-1,0,0.015],"_humanoidState":8,"_cameraCFrame":[778.23,239.736,47.183,0.02,-0.963,0.268,0,0.268,0.964,-1,-0.02,0.005],"_shiftlockState":false,"_pose":"Running","_animationQueue":[],"_animationSpeed":1.066,"_zoom":16.125},{"_mousePosition":[581,339],"_rootPartCFrame":[773.649,222.7,47.09,0.016,0,1,0,1,0,-1,0,0.016],"_humanoidState":8,"_cameraCFrame":[777.964,239.736,47.178,0.02,-0.963,0.268,0,0.268,0.964,-1,-0.02,0.005],"_shiftlockState":false,"_pose":"Running","_animationQueue":[],"_animationSpeed":1.066,"_zoom":16.125},{"_mousePosition":[581,339],"_rootPartCFrame":[773.382,222.7,47.084,0.017,0,1,0,1,0,-1,0,0.017],"_humanoidState":8,"_cameraCFrame":[777.697,239.736,47.172,0.02,-0.963,0.268,0,0.268,0.964,-1,-0.02,0.005],"_shiftlockState":false,"_pose":"Running","_animationQueue":[],"_animationSpeed":1.066,"_zoom":16.125},{"_mousePosition":[581,339],"_rootPartCFrame":[773.116,222.7,47.079,0.017,0,1,0,1,0,-1,0,0.017],"_humanoidState":8,"_cameraCFrame":[777.431,239.736,47.156,0.018,-0.963,0.268,0,0.268,0.964,-1,-0.017,0.005],"_shiftlockState":false,"_pose":"Running","_animationQueue":[],"_animationSpeed":1.066,"_zoom":16.125},{"_mousePosition":[581,339],"_rootPartCFrame":[772.983,222.7,47.076,0.017,0,1,0,1,0,-1,0,0.017],"_humanoidState":8,"_cameraCFrame":[777.328,239.728,47.143,0.015,-0.963,0.269,0,0.27,0.963,-1,-0.015,0.004],"_shiftlockState":false,"_pose":"Running","_animationQueue":[["walk",0.1]],"_animationSpeed":1.066,"_zoom":16.125},{"_mousePosition":[581,339],"_rootPartCFrame":[772.716,222.7,47.071,0.017,0,1,0,1,0,-1,0,0.017],"_humanoidState":8,"_cameraCFrame":[777.122,239.711,47.117,0.01,-0.962,0.273,0,0.273,0.962,-1,-0.01,0.003],"_shiftlockState":false,"_pose":"Running","_animationQueue":[],"_animationSpeed":1.066,"_zoom":16.125},{"_mousePosition":[581,339],"_rootPartCFrame":[772.316,222.7,47.065,0.017,0,1,0,1,0,-1,0,0.017],"_humanoidState":8,"_cameraCFrame":[776.843,239.676,47.077,0.003,-0.96,0.281,0,0.281,0.96,-1,-0.003,0.001],"_shiftlockState":false,"_pose":"Running","_animationQueue":[],"_animationSpeed":1.066,"_zoom":16.125},{"_mousePosition":[581,339],"_rootPartCFrame":[772.183,222.7,47.064,0.017,0,1,0,1,0,-1,0,0.017],"_humanoidState":8,"_cameraCFrame":[776.83,239.64,47.041,-0.005,-0.958,0.288,0,0.288,0.958,-1,0.005,-0.001],"_shiftlockState":false,"_pose":"Running","_animationQueue":[],"_animationSpeed":1.066,"_zoom":16.125},{"_mousePosition":[581,339],"_rootPartCFrame":[771.783,222.7,47.062,0.014,0,1,0,1,0,-1,0,0.014],"_humanoidState":8,"_cameraCFrame":[776.58,239.594,47.015,-0.01,-0.955,0.298,0,0.298,0.955,-1,0.009,-0.003],"_shiftlockState":false,"_pose":"Running","_animationQueue":[],"_animationSpeed":1.066,"_zoom":16.125},{"_mousePosition":[581,339],"_rootPartCFrame":[771.516,222.7,47.063,0.012,0,1,0,1,0,-1,0,0.012],"_humanoidState":8,"_cameraCFrame":[776.493,239.537,46.976,-0.018,-0.951,0.309,0,0.309,0.951,-1,0.017,-0.005],"_shiftlockState":false,"_pose":"Running","_animationQueue":[],"_animationSpeed":1.066,"_zoom":16.125},{"_mousePosition":[581,339],"_rootPartCFrame":[771.249,222.7,47.066,0.009,0,1,0,1,0,-1,0,0.009],"_humanoidState":8,"_cameraCFrame":[776.583,239.417,46.945,-0.023,-0.943,0.331,0,0.331,0.944,-1,0.021,-0.007],"_shiftlockState":false,"_pose":"Running","_animationQueue":[],"_animationSpeed":1.066,"_zoom":16.125},{"_mousePosition":[581,339],"_rootPartCFrame":[770.983,223.563,47.069,0.006,0,1,0,1,0,-1,0,0.006],"_humanoidState":3,"_cameraCFrame":[776.553,240.194,46.943,-0.023,-0.938,0.345,0,0.346,0.938,-1,0.021,-0.008],"_shiftlockState":false,"_pose":"Jumping","_animationQueue":[["walk",0.1],["walk",0.1],["jump",0.1]],"_animationSpeed":1,"_zoom":16.125},{"_mousePosition":[581,339],"_rootPartCFrame":[770.716,224.371,47.074,0.002,0,1,0,1,0,-1,0,0.002],"_humanoidState":5,"_cameraCFrame":[776.521,240.914,46.928,-0.025,-0.933,0.36,0,0.36,0.933,-1,0.023,-0.009],"_shiftlockState":false,"_pose":"FreeFall","_animationQueue":[["jump",0.1]],"_animationSpeed":1,"_zoom":16.125},{"_mousePosition":[581,339],"_rootPartCFrame":[770.516,224.941,47.079,0,0,1,0,1,0,-1,0,0],"_humanoidState":5,"_cameraCFrame":[776.555,241.392,46.927,-0.025,-0.927,0.374,0,0.375,0.927,-1,0.023,-0.009],"_shiftlockState":false,"_pose":"FreeFall","_animationQueue":[],"_animationSpeed":1,"_zoom":16.125},{"_mousePosition":[581,339],"_rootPartCFrame":[770.183,225.824,47.087,-0.004,0,1,0,1,0,-1,0,-0.004],"_humanoidState":5,"_cameraCFrame":[776.425,242.191,46.93,-0.025,-0.922,0.387,0,0.387,0.922,-1,0.023,-0.01],"_shiftlockState":false,"_pose":"FreeFall","_animationQueue":[],"_animationSpeed":1,"_zoom":16.125},{"_mousePosition":[581,339],"_rootPartCFrame":[769.916,226.469,47.094,-0.007,0,1,0,1,0,-1,0,-0.007],"_humanoidState":5,"_cameraCFrame":[776.331,242.762,46.932,-0.025,-0.917,0.398,0,0.398,0.917,-1,0.023,-0.01],"_shiftlockState":false,"_pose":"FreeFall","_animationQueue":[],"_animationSpeed":1,"_zoom":16.125},{"_mousePosition":[581,339],"_rootPartCFrame":[769.65,227.06,47.1,-0.01,0,1,0,1,0,-1,0,-0.01],"_humanoidState":5,"_cameraCFrame":[776.237,243.277,46.935,-0.025,-0.912,0.409,0,0.409,0.913,-1,0.023,-0.01],"_shiftlockState":false,"_pose":"FreeFall","_animationQueue":[],"_animationSpeed":1,"_zoom":16.125},{"_mousePosition":[581,339],"_rootPartCFrame":[769.383,227.595,47.107,-0.012,0,1,0,1,0,-1,0,-0.012],"_humanoidState":5,"_cameraCFrame":[776.085,243.761,46.939,-0.025,-0.909,0.416,0,0.416,0.909,-1,0.023,-0.01],"_shiftlockState":false,"_pose":"FreeFall","_animationQueue":[],"_animationSpeed":1,"_zoom":16.125},{"_mousePosition":[581,339],"_rootPartCFrame":[769.117,228.077,47.114,-0.014,0,1,0,1,0,-1,0,-0.014],"_humanoidState":5,"_cameraCFrame":[775.933,244.189,46.942,-0.025,-0.906,0.423,0,0.423,0.906,-1,0.023,-0.011],"_shiftlockState":false,"_pose":"FreeFall","_animationQueue":[],"_animationSpeed":1,"_zoom":16.125},{"_mousePosition":[581,339],"_rootPartCFrame":[768.85,228.504,47.12,-0.015,0,1,0,1,0,-1,0,-0.015],"_humanoidState":5,"_cameraCFrame":[775.751,244.576,46.947,-0.025,-0.903,0.428,0,0.428,0.904,-1,0.023,-0.011],"_shiftlockState":false,"_pose":"FreeFall","_animationQueue":[],"_animationSpeed":1,"_zoom":16.125},{"_mousePosition":[581,339],"_rootPartCFrame":[768.65,228.788,47.125,-0.016,0,1,0,1,0,-1,0,-0.016],"_humanoidState":5,"_cameraCFrame":[775.551,244.861,46.952,-0.025,-0.903,0.428,0,0.428,0.904,-1,0.023,-0.011],"_shiftlockState":false,"_pose":"FreeFall","_animationQueue":[],"_animationSpeed":1,"_zoom":16.125},{"_mousePosition":[581,339],"_rootPartCFrame":[768.383,229.12,47.132,-0.018,0,1,0,1,0,-1,0,-0.018],"_humanoidState":5,"_cameraCFrame":[775.313,245.179,46.958,-0.025,-0.903,0.43,0,0.43,0.903,-1,0.023,-0.011],"_shiftlockState":false,"_pose":"FreeFall","_animationQueue":[],"_animationSpeed":1,"_zoom":16.125},{"_mousePosition":[581,339],"_rootPartCFrame":[768.117,229.397,47.139,-0.019,0,1,0,1,0,-1,0,-0.019],"_humanoidState":5,"_cameraCFrame":[775.075,245.442,46.964,-0.025,-0.902,0.432,0,0.432,0.902,-1,0.023,-0.011],"_shiftlockState":false,"_pose":"FreeFall","_animationQueue":[],"_animationSpeed":1,"_zoom":16.125},{"_mousePosition":[581,339],"_rootPartCFrame":[767.784,229.666,47.147,-0.02,0,1,0,1,0,-1,0,-0.02],"_humanoidState":5,"_cameraCFrame":[774.798,245.684,46.971,-0.025,-0.9,0.435,0,0.435,0.9,-1,0.023,-0.011],"_shiftlockState":false,"_pose":"FreeFall","_animationQueue":[],"_animationSpeed":1,"_zoom":16.125},{"_mousePosition":[581,339],"_rootPartCFrame":[767.584,229.787,47.152,-0.02,0,1,0,1,0,-1,0,-0.02],"_humanoidState":5,"_cameraCFrame":[774.655,245.778,46.975,-0.025,-0.898,0.439,0,0.439,0.899,-1,0.023,-0.011],"_shiftlockState":false,"_pose":"FreeFall","_animationQueue":[],"_animationSpeed":1,"_zoom":16.125},{"_mousePosition":[581,339],"_rootPartCFrame":[767.317,229.901,47.159,-0.021,0,1,0,1,0,-1,0,-0.021],"_humanoidState":5,"_cameraCFrame":[774.473,245.85,46.997,-0.023,-0.896,0.444,0,0.444,0.896,-1,0.02,-0.01],"_shiftlockState":false,"_pose":"FreeFall","_animationQueue":[],"_animationSpeed":1,"_zoom":16.125},{"_mousePosition":[581,339],"_rootPartCFrame":[766.984,229.966,47.167,-0.022,0,1,0,1,0,-1,0,-0.022],"_humanoidState":5,"_cameraCFrame":[774.225,245.873,47.022,-0.02,-0.893,0.449,0,0.449,0.893,-1,0.018,-0.009],"_shiftlockState":false,"_pose":"FreeFall","_animationQueue":[],"_animationSpeed":1,"_zoom":16.125},{"_mousePosition":[581,339],"_rootPartCFrame":[766.717,229.957,47.173,-0.022,0,1,0,1,0,-1,0,-0.022],"_humanoidState":5,"_cameraCFrame":[774.042,245.821,47.045,-0.018,-0.891,0.454,0,0.454,0.891,-1,0.016,-0.008],"_shiftlockState":false,"_pose":"FreeFall","_animationQueue":[],"_animationSpeed":1,"_zoom":16.125},{"_mousePosition":[581,339],"_rootPartCFrame":[766.451,229.893,47.179,-0.022,0,1,0,1,0,-1,0,-0.022],"_humanoidState":5,"_cameraCFrame":[773.86,245.715,47.068,-0.015,-0.888,0.46,0,0.46,0.888,-1,0.013,-0.007],"_shiftlockState":false,"_pose":"FreeFall","_animationQueue":[],"_animationSpeed":1,"_zoom":16.125},{"_mousePosition":[581,339],"_rootPartCFrame":[766.184,229.775,47.184,-0.021,0,1,0,1,0,-1,0,-0.021],"_humanoidState":5,"_cameraCFrame":[773.649,245.568,47.072,-0.015,-0.886,0.463,0,0.463,0.886,-1,0.013,-0.007],"_shiftlockState":false,"_pose":"FreeFall","_animationQueue":[],"_animationSpeed":1,"_zoom":16.125},{"_mousePosition":[581,339],"_rootPartCFrame":[765.917,229.603,47.188,-0.021,0,1,0,1,0,-1,0,-0.021],"_humanoidState":5,"_cameraCFrame":[773.411,245.38,47.094,-0.012,-0.885,0.465,0,0.465,0.885,-1,0.011,-0.006],"_shiftlockState":false,"_pose":"FreeFall","_animationQueue":[],"_animationSpeed":1,"_zoom":16.125},{"_mousePosition":[581,339],"_rootPartCFrame":[765.651,229.375,47.192,-0.02,0,1,0,1,0,-1,0,-0.02],"_humanoidState":5,"_cameraCFrame":[773.2,245.124,47.098,-0.012,-0.884,0.468,0,0.468,0.884,-1,0.011,-0.006],"_shiftlockState":false,"_pose":"FreeFall","_animationQueue":[["fall",0.3]],"_animationSpeed":1,"_zoom":16.125},{"_mousePosition":[581,339],"_rootPartCFrame":[765.384,229.094,47.195,-0.019,0,1,0,1,0,-1,0,-0.019],"_humanoidState":5,"_cameraCFrame":[772.961,244.828,47.101,-0.012,-0.883,0.47,0,0.47,0.883,-1,0.011,-0.006],"_shiftlockState":false,"_pose":"FreeFall","_animationQueue":[],"_animationSpeed":1,"_zoom":16.125},{"_mousePosition":[581,339],"_rootPartCFrame":[765.117,228.758,47.198,-0.018,0,1,0,1,0,-1,0,-0.018],"_humanoidState":5,"_cameraCFrame":[772.722,244.477,47.104,-0.012,-0.882,0.472,0,0.472,0.882,-1,0.011,-0.006],"_shiftlockState":false,"_pose":"FreeFall","_animationQueue":[],"_animationSpeed":1,"_zoom":16.125},{"_mousePosition":[581,339],"_rootPartCFrame":[764.851,228.367,47.202,-0.017,0,1,0,1,0,-1,0,-0.017],"_humanoidState":5,"_cameraCFrame":[772.511,244.056,47.126,-0.01,-0.88,0.475,0,0.475,0.88,-1,0.009,-0.005],"_shiftlockState":false,"_pose":"FreeFall","_animationQueue":[],"_animationSpeed":1,"_zoom":16.125},{"_mousePosition":[581,339],"_rootPartCFrame":[764.584,227.922,47.205,-0.017,0,1,0,1,0,-1,0,-0.017],"_humanoidState":5,"_cameraCFrame":[772.3,243.581,47.128,-0.01,-0.878,0.478,0,0.478,0.878,-1,0.009,-0.005],"_shiftlockState":false,"_pose":"FreeFall","_animationQueue":[],"_animationSpeed":1,"_zoom":16.125},{"_mousePosition":[581,339],"_rootPartCFrame":[764.318,227.422,47.208,-0.016,0,1,0,1,0,-1,0,-0.016],"_humanoidState":5,"_cameraCFrame":[772.088,243.052,47.15,-0.007,-0.876,0.482,0,0.482,0.876,-1,0.006,-0.004],"_shiftlockState":false,"_pose":"FreeFall","_animationQueue":[],"_animationSpeed":1,"_zoom":16.125},{"_mousePosition":[581,339],"_rootPartCFrame":[764.051,226.868,47.21,-0.015,0,1,0,1,0,-1,0,-0.015],"_humanoidState":5,"_cameraCFrame":[771.877,242.467,47.172,-0.005,-0.874,0.485,0,0.485,0.874,-1,0.004,-0.002],"_shiftlockState":false,"_pose":"FreeFall","_animationQueue":[["fall",0.3]],"_animationSpeed":1,"_zoom":16.125},{"_mousePosition":[581,339],"_rootPartCFrame":[763.784,226.26,47.213,-0.014,0,1,0,1,0,-1,0,-0.014],"_humanoidState":5,"_cameraCFrame":[771.692,241.812,47.174,-0.005,-0.871,0.49,0,0.49,0.871,-1,0.004,-0.002],"_shiftlockState":false,"_pose":"FreeFall","_animationQueue":[],"_animationSpeed":1,"_zoom":16.125},{"_mousePosition":[581,339],"_rootPartCFrame":[763.518,225.597,47.214,-0.013,0,1,0,1,0,-1,0,-0.013],"_humanoidState":5,"_cameraCFrame":[771.535,241.087,47.195,-0.002,-0.868,0.497,0,0.497,0.868,-1,0.002,-0.001],"_shiftlockState":false,"_pose":"FreeFall","_animationQueue":[],"_animationSpeed":1,"_zoom":16.125},{"_mousePosition":[581,339],"_rootPartCFrame":[763.318,225.064,47.215,-0.012,0,1,0,1,0,-1,0,-0.012],"_humanoidState":5,"_cameraCFrame":[771.444,240.491,47.217,0,-0.864,0.504,0,0.504,0.864,-1,0,0],"_shiftlockState":false,"_pose":"FreeFall","_animationQueue":[],"_animationSpeed":1,"_zoom":16.125},{"_mousePosition":[581,339],"_rootPartCFrame":[762.985,224.107,47.216,-0.01,0,1,0,1,0,-1,0,-0.01],"_humanoidState":5,"_cameraCFrame":[771.219,239.471,47.259,0.005,-0.86,0.511,0,0.511,0.86,-1,-0.005,0.003],"_shiftlockState":false,"_pose":"FreeFall","_animationQueue":[],"_animationSpeed":1,"_zoom":16.125},{"_mousePosition":[581,339],"_rootPartCFrame":[762.718,223.28,47.216,-0.009,0,1,0,1,0,-1,0,-0.009],"_humanoidState":5,"_cameraCFrame":[771.06,238.58,47.26,0.005,-0.856,0.517,0,0.517,0.856,-1,-0.005,0.003],"_shiftlockState":false,"_pose":"FreeFall","_animationQueue":[],"_animationSpeed":1,"_zoom":16.125},{"_mousePosition":[581,339],"_rootPartCFrame":[762.518,222.625,47.215,-0.008,0,1,0,1,0,-1,0,-0.008],"_humanoidState":7,"_cameraCFrame":[770.914,237.891,47.28,0.008,-0.854,0.521,0,0.521,0.854,-1,-0.007,0.004],"_shiftlockState":false,"_pose":"FreeFall","_animationQueue":[["walk",0.1],["fall",0.3],["fall",0.3]],"_animationSpeed":1,"_zoom":16.125},{"_mousePosition":[581,339],"_rootPartCFrame":[762.185,222.258,47.213,-0.006,0,1,0,1,0,-1,0,-0.006],"_humanoidState":7,"_cameraCFrame":[770.607,237.509,47.279,0.008,-0.853,0.522,0,0.522,0.853,-1,-0.007,0.004],"_shiftlockState":false,"_pose":"FreeFall","_animationQueue":[["fall",0.3]],"_animationSpeed":1,"_zoom":16.125},{"_mousePosition":[581,339],"_rootPartCFrame":[761.852,222.383,47.211,-0.003,0,1,0,1,0,-1,0,-0.003],"_humanoidState":8,"_cameraCFrame":[770.274,237.633,47.276,0.008,-0.853,0.522,0,0.522,0.853,-1,-0.007,0.004],"_shiftlockState":false,"_pose":"Running","_animationQueue":[["walk",0.1],["fall",0.3],["walk",0.1]],"_animationSpeed":1.103,"_zoom":16.125},{"_mousePosition":[581,339],"_rootPartCFrame":[761.718,222.408,47.21,-0.003,0,1,0,1,0,-1,0,-0.003],"_humanoidState":8,"_cameraCFrame":[770.141,237.658,47.275,0.008,-0.853,0.522,0,0.522,0.853,-1,-0.007,0.004],"_shiftlockState":false,"_pose":"Running","_animationQueue":[],"_animationSpeed":1.103,"_zoom":16.125},{"_mousePosition":[581,339],"_rootPartCFrame":[761.385,223.491,47.207,-0.001,0,1,0,1,0,-1,0,-0.001],"_humanoidState":3,"_cameraCFrame":[769.808,238.742,47.273,0.008,-0.853,0.522,0,0.522,0.853,-1,-0.007,0.004],"_shiftlockState":false,"_pose":"Jumping","_animationQueue":[["walk",0.1],["jump",0.1]],"_animationSpeed":1,"_zoom":16.125},{"_mousePosition":[581,339],"_rootPartCFrame":[761.118,224.3,47.205,0.001,0,1,0,1,0,-1,0,0.001],"_humanoidState":5,"_cameraCFrame":[769.541,239.55,47.271,0.008,-0.853,0.522,0,0.522,0.853,-1,-0.007,0.004],"_shiftlockState":false,"_pose":"FreeFall","_animationQueue":[["jump",0.1]],"_animationSpeed":1,"_zoom":16.125},{"_mousePosition":[581,339],"_rootPartCFrame":[760.852,225.054,47.203,0.002,0,1,0,1,0,-1,0,0.002],"_humanoidState":5,"_cameraCFrame":[769.274,240.304,47.269,0.008,-0.853,0.522,0,0.522,0.853,-1,-0.007,0.004],"_shiftlockState":false,"_pose":"FreeFall","_animationQueue":[],"_animationSpeed":1,"_zoom":16.125},{"_mousePosition":[581,339],"_rootPartCFrame":[760.585,225.753,47.201,0.002,0,1,0,1,0,-1,0,0.002],"_humanoidState":5,"_cameraCFrame":[769.008,241.003,47.266,0.008,-0.853,0.522,0,0.522,0.853,-1,-0.007,0.004],"_shiftlockState":false,"_pose":"FreeFall","_animationQueue":[],"_animationSpeed":1,"_zoom":16.125},{"_mousePosition":[581,339],"_rootPartCFrame":[760.319,226.398,47.199,0.003,0,1,0,1,0,-1,0,0.003],"_humanoidState":5,"_cameraCFrame":[768.741,241.648,47.264,0.008,-0.853,0.522,0,0.522,0.853,-1,-0.007,0.004],"_shiftlockState":false,"_pose":"FreeFall","_animationQueue":[],"_animationSpeed":1,"_zoom":16.125},{"_mousePosition":[581,339],"_rootPartCFrame":[760.052,226.988,47.197,0.004,0,1,0,1,0,-1,0,0.004],"_humanoidState":5,"_cameraCFrame":[768.475,242.239,47.262,0.008,-0.853,0.522,0,0.522,0.853,-1,-0.007,0.004],"_shiftlockState":false,"_pose":"FreeFall","_animationQueue":[],"_animationSpeed":1,"_zoom":16.125},{"_mousePosition":[581,339],"_rootPartCFrame":[759.785,227.524,47.195,0.004,0,1,0,1,0,-1,0,0.004],"_humanoidState":5,"_cameraCFrame":[768.208,242.774,47.26,0.008,-0.853,0.522,0,0.522,0.853,-1,-0.007,0.004],"_shiftlockState":false,"_pose":"FreeFall","_animationQueue":[],"_animationSpeed":1,"_zoom":16.125},{"_mousePosition":[581,339],"_rootPartCFrame":[759.519,228.006,47.193,0.005,0,1,0,1,0,-1,0,0.005],"_humanoidState":5,"_cameraCFrame":[767.941,243.256,47.258,0.008,-0.853,0.522,0,0.522,0.853,-1,-0.007,0.004],"_shiftlockState":false,"_pose":"FreeFall","_animationQueue":[],"_animationSpeed":1,"_zoom":16.125},{"_mousePosition":[581,339],"_rootPartCFrame":[759.319,228.331,47.191,0.005,0,1,0,1,0,-1,0,0.005],"_humanoidState":5,"_cameraCFrame":[767.768,243.565,47.257,0.008,-0.852,0.524,0,0.524,0.852,-1,-0.007,0.004],"_shiftlockState":false,"_pose":"FreeFall","_animationQueue":[],"_animationSpeed":1,"_zoom":16.125},{"_mousePosition":[581,339],"_rootPartCFrame":[758.986,228.805,47.188,0.006,0,1,0,1,0,-1,0,0.006],"_humanoidState":5,"_cameraCFrame":[767.435,244.039,47.254,0.008,-0.852,0.524,0,0.524,0.852,-1,-0.007,0.004],"_shiftlockState":false,"_pose":"FreeFall","_animationQueue":[],"_animationSpeed":1,"_zoom":16.125},{"_mousePosition":[581,339],"_rootPartCFrame":[758.719,229.123,47.186,0.006,0,1,0,1,0,-1,0,0.006],"_humanoidState":5,"_cameraCFrame":[767.195,244.34,47.252,0.008,-0.851,0.526,0,0.526,0.851,-1,-0.007,0.004],"_shiftlockState":false,"_pose":"FreeFall","_animationQueue":[],"_animationSpeed":1,"_zoom":16.125},{"_mousePosition":[581,339],"_rootPartCFrame":[758.452,229.386,47.184,0.006,0,1,0,1,0,-1,0,0.006],"_humanoidState":5,"_cameraCFrame":[766.929,244.604,47.25,0.008,-0.851,0.526,0,0.526,0.851,-1,-0.007,0.004],"_shiftlockState":false,"_pose":"FreeFall","_animationQueue":[],"_animationSpeed":1,"_zoom":16.125},{"_mousePosition":[581,339],"_rootPartCFrame":[758.186,229.595,47.182,0.006,0,1,0,1,0,-1,0,0.006],"_humanoidState":5,"_cameraCFrame":[766.715,244.779,47.249,0.008,-0.849,0.529,0,0.529,0.849,-1,-0.007,0.004],"_shiftlockState":false,"_pose":"FreeFall","_animationQueue":[],"_animationSpeed":1,"_zoom":16.125},{"_mousePosition":[581,339],"_rootPartCFrame":[757.919,229.749,47.18,0.007,0,1,0,1,0,-1,0,0.007],"_humanoidState":5,"_cameraCFrame":[766.475,244.917,47.247,0.008,-0.848,0.531,0,0.531,0.848,-1,-0.007,0.004],"_shiftlockState":false,"_pose":"FreeFall","_animationQueue":[],"_animationSpeed":1,"_zoom":16.125},{"_mousePosition":[581,339],"_rootPartCFrame":[757.653,229.849,47.178,0.007,0,1,0,1,0,-1,0,0.007],"_humanoidState":5,"_cameraCFrame":[766.262,244.983,47.245,0.008,-0.846,0.534,0,0.534,0.846,-1,-0.007,0.004],"_shiftlockState":false,"_pose":"FreeFall","_animationQueue":[],"_animationSpeed":1,"_zoom":16.125},{"_mousePosition":[581,339],"_rootPartCFrame":[757.386,229.895,47.176,0.007,0,1,0,1,0,-1,0,0.007],"_humanoidState":5,"_cameraCFrame":[766.022,245.012,47.243,0.008,-0.844,0.536,0,0.536,0.844,-1,-0.007,0.004],"_shiftlockState":false,"_pose":"FreeFall","_animationQueue":[],"_animationSpeed":1,"_zoom":16.125},{"_mousePosition":[581,339],"_rootPartCFrame":[757.119,229.886,47.174,0.007,0,1,0,1,0,-1,0,0.007],"_humanoidState":5,"_cameraCFrame":[765.808,244.969,47.242,0.008,-0.842,0.539,0,0.539,0.842,-1,-0.007,0.004],"_shiftlockState":false,"_pose":"FreeFall","_animationQueue":[["fall",0.3]],"_animationSpeed":1,"_zoom":16.125},{"_mousePosition":[581,339],"_rootPartCFrame":[756.853,229.822,47.172,0.007,0,1,0,1,0,-1,0,0.007],"_humanoidState":5,"_cameraCFrame":[765.595,244.872,47.24,0.008,-0.84,0.542,0,0.542,0.84,-1,-0.007,0.004],"_shiftlockState":false,"_pose":"FreeFall","_animationQueue":[],"_animationSpeed":1,"_zoom":16.125},{"_mousePosition":[581,339],"_rootPartCFrame":[756.586,229.704,47.17,0.007,0,1,0,1,0,-1,0,0.007],"_humanoidState":5,"_cameraCFrame":[765.381,244.719,47.238,0.008,-0.838,0.545,0,0.545,0.838,-1,-0.007,0.004],"_shiftlockState":false,"_pose":"FreeFall","_animationQueue":[],"_animationSpeed":1,"_zoom":16.125},{"_mousePosition":[581,339],"_rootPartCFrame":[756.32,229.531,47.168,0.007,0,1,0,1,0,-1,0,0.007],"_humanoidState":5,"_cameraCFrame":[765.193,244.495,47.214,0.005,-0.835,0.55,0,0.55,0.835,-1,-0.004,0.003],"_shiftlockState":false,"_pose":"FreeFall","_animationQueue":[],"_animationSpeed":1,"_zoom":16.125},{"_mousePosition":[581,339],"_rootPartCFrame":[756.053,229.304,47.166,0.007,0,1,0,1,0,-1,0,0.007],"_humanoidState":5,"_cameraCFrame":[765.031,244.198,47.19,0.003,-0.831,0.557,0,0.557,0.831,-1,-0.002,0.002],"_shiftlockState":false,"_pose":"FreeFall","_animationQueue":[],"_animationSpeed":1,"_zoom":16.125},{"_mousePosition":[581,339],"_rootPartCFrame":[755.786,229.023,47.164,0.007,0,1,0,1,0,-1,0,0.007],"_humanoidState":5,"_cameraCFrame":[764.869,243.846,47.143,-0.002,-0.826,0.563,0,0.563,0.826,-1,0.002,-0.001],"_shiftlockState":false,"_pose":"FreeFall","_animationQueue":[],"_animationSpeed":1,"_zoom":16.125},{"_mousePosition":[581,339],"_rootPartCFrame":[755.52,228.686,47.163,0.007,0,1,0,1,0,-1,0,0.007],"_humanoidState":5,"_cameraCFrame":[764.68,243.457,47.119,-0.005,-0.823,0.568,0,0.568,0.823,-1,0.004,-0.003],"_shiftlockState":false,"_pose":"FreeFall","_animationQueue":[["fall",0.3]],"_animationSpeed":1,"_zoom":16.125},{"_mousePosition":[581,339],"_rootPartCFrame":[755.253,228.296,47.164,0.006,0,1,0,1,0,-1,0,0.006],"_humanoidState":5,"_cameraCFrame":[764.491,243.013,47.095,-0.007,-0.82,0.573,0,0.573,0.82,-1,0.006,-0.004],"_shiftlockState":false,"_pose":"FreeFall","_animationQueue":[],"_animationSpeed":1,"_zoom":16.125},{"_mousePosition":[581,339],"_rootPartCFrame":[754.987,227.851,47.165,0.004,0,1,0,1,0,-1,0,0.004],"_humanoidState":5,"_cameraCFrame":[764.275,242.531,47.096,-0.007,-0.817,0.576,0,0.576,0.817,-1,0.006,-0.004],"_shiftlockState":false,"_pose":"FreeFall","_animationQueue":[],"_animationSpeed":1,"_zoom":16.125},{"_mousePosition":[581,339],"_rootPartCFrame":[754.72,227.351,47.167,0.003,0,1,0,1,0,-1,0,0.003],"_humanoidState":5,"_cameraCFrame":[764.009,242.032,47.098,-0.007,-0.817,0.576,0,0.576,0.817,-1,0.006,-0.004],"_shiftlockState":false,"_pose":"FreeFall","_animationQueue":[],"_animationSpeed":1,"_zoom":16.125},{"_mousePosition":[581,339],"_rootPartCFrame":[754.453,226.797,47.169,0.001,0,1,0,1,0,-1,0,0.001],"_humanoidState":7,"_cameraCFrame":[763.742,241.478,47.1,-0.007,-0.817,0.576,0,0.576,0.817,-1,0.006,-0.004],"_shiftlockState":false,"_pose":"FreeFall","_animationQueue":[["walk",0.1],["fall",0.3],["fall",0.3]],"_animationSpeed":1,"_zoom":16.125},{"_mousePosition":[581,339],"_rootPartCFrame":[754.187,226.393,47.171,0,0,1,0,1,0,-1,0,0],"_humanoidState":7,"_cameraCFrame":[763.476,241.073,47.102,-0.007,-0.817,0.576,0,0.576,0.817,-1,0.006,-0.004],"_shiftlockState":false,"_pose":"FreeFall","_animationQueue":[],"_animationSpeed":1,"_zoom":16.125},{"_mousePosition":[581,339],"_rootPartCFrame":[753.987,226.395,47.172,-0.001,0,1,0,1,0,-1,0,-0.001],"_humanoidState":7,"_cameraCFrame":[763.276,241.075,47.103,-0.007,-0.817,0.576,0,0.576,0.817,-1,0.006,-0.004],"_shiftlockState":false,"_pose":"FreeFall","_animationQueue":[],"_animationSpeed":1,"_zoom":16.125},{"_mousePosition":[581,339],"_rootPartCFrame":[753.72,226.422,47.174,-0.002,0,1,0,1,0,-1,0,-0.002],"_humanoidState":8,"_cameraCFrame":[763.009,241.103,47.105,-0.007,-0.817,0.576,0,0.576,0.817,-1,0.006,-0.004],"_shiftlockState":false,"_pose":"Running","_animationQueue":[["fall",0.3],["walk",0.1],["fall",0.3],["walk",0.1]],"_animationSpeed":1.103,"_zoom":16.125},{"_mousePosition":[581,339],"_rootPartCFrame":[753.32,226.374,47.177,-0.003,0,1,0,1,0,-1,0,-0.003],"_humanoidState":8,"_cameraCFrame":[762.609,241.055,47.108,-0.007,-0.817,0.576,0,0.576,0.817,-1,0.006,-0.004],"_shiftlockState":false,"_pose":"Running","_animationQueue":[],"_animationSpeed":1.103,"_zoom":16.125},{"_mousePosition":[581,339],"_rootPartCFrame":[753.187,226.331,47.178,-0.003,0,1,0,1,0,-1,0,-0.003],"_humanoidState":8,"_cameraCFrame":[762.476,241.011,47.109,-0.007,-0.817,0.576,0,0.576,0.817,-1,0.006,-0.004],"_shiftlockState":false,"_pose":"Running","_animationQueue":[],"_animationSpeed":1.103,"_zoom":16.125},{"_mousePosition":[581,339],"_rootPartCFrame":[752.92,226.203,47.18,-0.004,0,1,0,1,0,-1,0,-0.004],"_humanoidState":8,"_cameraCFrame":[762.209,240.884,47.111,-0.007,-0.817,0.576,0,0.576,0.817,-1,0.006,-0.004],"_shiftlockState":false,"_pose":"Running","_animationQueue":[],"_animationSpeed":1.103,"_zoom":16.125},{"_mousePosition":[581,339],"_rootPartCFrame":[752.521,226.091,47.183,-0.004,0,1,0,1,0,-1,0,-0.004],"_humanoidState":8,"_cameraCFrame":[761.809,240.772,47.114,-0.007,-0.817,0.576,0,0.576,0.817,-1,0.006,-0.004],"_shiftlockState":false,"_pose":"Running","_animationQueue":[],"_animationSpeed":1.103,"_zoom":16.125},{"_mousePosition":[581,339],"_rootPartCFrame":[752.254,226.044,47.185,-0.005,0,1,0,1,0,-1,0,-0.005],"_humanoidState":8,"_cameraCFrame":[761.543,240.725,47.116,-0.007,-0.817,0.576,0,0.576,0.817,-1,0.006,-0.004],"_shiftlockState":false,"_pose":"Running","_animationQueue":[],"_animationSpeed":1.103,"_zoom":16.125},{"_mousePosition":[581,339],"_rootPartCFrame":[751.987,225.942,47.187,-0.005,0,1,0,1,0,-1,0,-0.005],"_humanoidState":8,"_cameraCFrame":[761.276,240.623,47.118,-0.007,-0.817,0.576,0,0.576,0.817,-1,0.006,-0.004],"_shiftlockState":false,"_pose":"Running","_animationQueue":[],"_animationSpeed":1.103,"_zoom":16.125},{"_mousePosition":[581,339],"_rootPartCFrame":[751.721,225.852,47.189,-0.005,0,1,0,1,0,-1,0,-0.005],"_humanoidState":8,"_cameraCFrame":[761.01,240.532,47.12,-0.007,-0.817,0.576,0,0.576,0.817,-1,0.006,-0.004],"_shiftlockState":false,"_pose":"Running","_animationQueue":[["walk",0.1]],"_animationSpeed":1.103,"_zoom":16.125},{"_mousePosition":[581,339],"_rootPartCFrame":[751.454,225.772,47.191,-0.006,0,1,0,1,0,-1,0,-0.006],"_humanoidState":8,"_cameraCFrame":[760.743,240.453,47.122,-0.007,-0.817,0.576,0,0.576,0.817,-1,0.006,-0.004],"_shiftlockState":false,"_pose":"Running","_animationQueue":[],"_animationSpeed":1.103,"_zoom":16.125},{"_mousePosition":[581,339],"_rootPartCFrame":[751.188,225.695,47.193,-0.006,0,1,0,1,0,-1,0,-0.006],"_humanoidState":8,"_cameraCFrame":[760.476,240.376,47.124,-0.007,-0.817,0.576,0,0.576,0.817,-1,0.006,-0.004],"_shiftlockState":false,"_pose":"Running","_animationQueue":[],"_animationSpeed":1.103,"_zoom":16.125},{"_mousePosition":[581,339],"_rootPartCFrame":[750.921,225.621,47.195,-0.006,0,1,0,1,0,-1,0,-0.006],"_humanoidState":8,"_cameraCFrame":[760.21,240.301,47.126,-0.007,-0.817,0.576,0,0.576,0.817,-1,0.006,-0.004],"_shiftlockState":false,"_pose":"Running","_animationQueue":[],"_animationSpeed":1.103,"_zoom":16.125},{"_mousePosition":[581,339],"_rootPartCFrame":[750.654,225.492,47.197,-0.006,0,1,0,1,0,-1,0,-0.006],"_humanoidState":8,"_cameraCFrame":[759.943,240.172,47.128,-0.007,-0.817,0.576,0,0.576,0.817,-1,0.006,-0.004],"_shiftlockState":false,"_pose":"Running","_animationQueue":[],"_animationSpeed":1.103,"_zoom":16.125},{"_mousePosition":[581,339],"_rootPartCFrame":[750.521,225.407,47.198,-0.006,0,1,0,1,0,-1,0,-0.006],"_humanoidState":8,"_cameraCFrame":[759.81,240.087,47.129,-0.007,-0.817,0.576,0,0.576,0.817,-1,0.006,-0.004],"_shiftlockState":false,"_pose":"Running","_animationQueue":[],"_animationSpeed":1.103,"_zoom":16.125},{"_mousePosition":[581,339],"_rootPartCFrame":[750.188,226.49,47.2,-0.007,0,1,0,1,0,-1,0,-0.007],"_humanoidState":3,"_cameraCFrame":[759.477,241.171,47.132,-0.007,-0.817,0.576,0,0.576,0.817,-1,0.006,-0.004],"_shiftlockState":false,"_pose":"Jumping","_animationQueue":[["walk",0.1],["walk",0.1],["jump",0.1]],"_animationSpeed":1,"_zoom":16.125},{"_mousePosition":[581,339],"_rootPartCFrame":[749.921,227.299,47.202,-0.007,0,1,0,1,0,-1,0,-0.007],"_humanoidState":5,"_cameraCFrame":[759.21,241.98,47.133,-0.007,-0.817,0.576,0,0.576,0.817,-1,0.006,-0.004],"_shiftlockState":false,"_pose":"FreeFall","_animationQueue":[["jump",0.1]],"_animationSpeed":1,"_zoom":16.125},{"_mousePosition":[581,339],"_rootPartCFrame":[749.655,228.053,47.204,-0.007,0,1,0,1,0,-1,0,-0.007],"_humanoidState":5,"_cameraCFrame":[758.943,242.733,47.135,-0.007,-0.817,0.576,0,0.576,0.817,-1,0.006,-0.004],"_shiftlockState":false,"_pose":"FreeFall","_animationQueue":[],"_animationSpeed":1,"_zoom":16.125},{"_mousePosition":[581,339],"_rootPartCFrame":[749.388,228.752,47.206,-0.007,0,1,0,1,0,-1,0,-0.007],"_humanoidState":5,"_cameraCFrame":[758.677,243.433,47.137,-0.007,-0.817,0.576,0,0.576,0.817,-1,0.006,-0.004],"_shiftlockState":false,"_pose":"FreeFall","_animationQueue":[],"_animationSpeed":1,"_zoom":16.125},{"_mousePosition":[581,339],"_rootPartCFrame":[749.121,229.397,47.208,-0.007,0,1,0,1,0,-1,0,-0.007],"_humanoidState":5,"_cameraCFrame":[758.41,244.078,47.139,-0.007,-0.817,0.576,0,0.576,0.817,-1,0.006,-0.004],"_shiftlockState":false,"_pose":"FreeFall","_animationQueue":[],"_animationSpeed":1,"_zoom":16.125},{"_mousePosition":[581,339],"_rootPartCFrame":[748.921,229.845,47.21,-0.007,0,1,0,1,0,-1,0,-0.007],"_humanoidState":5,"_cameraCFrame":[758.21,244.526,47.141,-0.007,-0.817,0.576,0,0.576,0.817,-1,0.006,-0.004],"_shiftlockState":false,"_pose":"FreeFall","_animationQueue":[],"_animationSpeed":1,"_zoom":16.125},{"_mousePosition":[581,339],"_rootPartCFrame":[748.588,230.523,47.212,-0.007,0,1,0,1,0,-1,0,-0.007],"_humanoidState":5,"_cameraCFrame":[757.877,245.204,47.143,-0.007,-0.817,0.576,0,0.576,0.817,-1,0.006,-0.004],"_shiftlockState":false,"_pose":"FreeFall","_animationQueue":[],"_animationSpeed":1,"_zoom":16.125},{"_mousePosition":[581,339],"_rootPartCFrame":[748.322,231.005,47.214,-0.007,0,1,0,1,0,-1,0,-0.007],"_humanoidState":5,"_cameraCFrame":[757.61,245.685,47.145,-0.007,-0.817,0.576,0,0.576,0.817,-1,0.006,-0.004],"_shiftlockState":false,"_pose":"FreeFall","_animationQueue":[],"_animationSpeed":1,"_zoom":16.125},{"_mousePosition":[581,339],"_rootPartCFrame":[748.055,231.432,47.216,-0.007,0,1,0,1,0,-1,0,-0.007],"_humanoidState":5,"_cameraCFrame":[757.344,246.112,47.147,-0.007,-0.817,0.576,0,0.576,0.817,-1,0.006,-0.004],"_shiftlockState":false,"_pose":"FreeFall","_animationQueue":[],"_animationSpeed":1,"_zoom":16.125},{"_mousePosition":[581,339],"_rootPartCFrame":[747.788,231.804,47.218,-0.007,0,1,0,1,0,-1,0,-0.007],"_humanoidState":5,"_cameraCFrame":[757.077,246.485,47.149,-0.007,-0.817,0.576,0,0.576,0.817,-1,0.006,-0.004],"_shiftlockState":false,"_pose":"FreeFall","_animationQueue":[],"_animationSpeed":1,"_zoom":16.125},{"_mousePosition":[581,339],"_rootPartCFrame":[747.522,232.122,47.22,-0.007,0,1,0,1,0,-1,0,-0.007],"_humanoidState":5,"_cameraCFrame":[756.811,246.803,47.151,-0.007,-0.817,0.576,0,0.576,0.817,-1,0.006,-0.004],"_shiftlockState":false,"_pose":"FreeFall","_animationQueue":[],"_animationSpeed":1,"_zoom":16.125},{"_mousePosition":[581,339],"_rootPartCFrame":[747.255,232.385,47.222,-0.007,0,1,0,1,0,-1,0,-0.007],"_humanoidState":5,"_cameraCFrame":[756.544,247.066,47.153,-0.007,-0.817,0.576,0,0.576,0.817,-1,0.006,-0.004],"_shiftlockState":false,"_pose":"FreeFall","_animationQueue":[],"_animationSpeed":1,"_zoom":16.125},{"_mousePosition":[581,339],"_rootPartCFrame":[746.989,232.594,47.224,-0.007,0,1,0,1,0,-1,0,-0.007],"_humanoidState":5,"_cameraCFrame":[756.277,247.275,47.155,-0.007,-0.817,0.576,0,0.576,0.817,-1,0.006,-0.004],"_shiftlockState":false,"_pose":"FreeFall","_animationQueue":[],"_animationSpeed":1,"_zoom":16.125},{"_mousePosition":[581,339],"_rootPartCFrame":[746.722,232.749,47.226,-0.007,0,1,0,1,0,-1,0,-0.007],"_humanoidState":5,"_cameraCFrame":[756.011,247.429,47.157,-0.007,-0.817,0.576,0,0.576,0.817,-1,0.006,-0.004],"_shiftlockState":false,"_pose":"FreeFall","_animationQueue":[],"_animationSpeed":1,"_zoom":16.125},{"_mousePosition":[581,339],"_rootPartCFrame":[746.522,232.829,47.227,-0.007,0,1,0,1,0,-1,0,-0.007],"_humanoidState":5,"_cameraCFrame":[755.811,247.509,47.159,-0.007,-0.817,0.576,0,0.576,0.817,-1,0.006,-0.004],"_shiftlockState":false,"_pose":"FreeFall","_animationQueue":[],"_animationSpeed":1,"_zoom":16.125},{"_mousePosition":[581,339],"_rootPartCFrame":[746.189,232.894,47.23,-0.007,0,1,0,1,0,-1,0,-0.007],"_humanoidState":5,"_cameraCFrame":[755.478,247.575,47.161,-0.007,-0.817,0.576,0,0.576,0.817,-1,0.006,-0.004],"_shiftlockState":false,"_pose":"FreeFall","_animationQueue":[],"_animationSpeed":1,"_zoom":16.125},{"_mousePosition":[581,339],"_rootPartCFrame":[745.922,232.885,47.232,-0.007,0,1,0,1,0,-1,0,-0.007],"_humanoidState":5,"_cameraCFrame":[755.211,247.565,47.163,-0.007,-0.817,0.576,0,0.576,0.817,-1,0.006,-0.004],"_shiftlockState":false,"_pose":"FreeFall","_animationQueue":[],"_animationSpeed":1,"_zoom":16.125},{"_mousePosition":[581,339],"_rootPartCFrame":[745.722,232.842,47.233,-0.007,0,1,0,1,0,-1,0,-0.007],"_humanoidState":5,"_cameraCFrame":[755.011,247.523,47.164,-0.007,-0.817,0.576,0,0.576,0.817,-1,0.006,-0.004],"_shiftlockState":false,"_pose":"FreeFall","_animationQueue":[],"_animationSpeed":1,"_zoom":16.125},{"_mousePosition":[581,339],"_rootPartCFrame":[745.389,232.703,47.236,-0.007,0,1,0,1,0,-1,0,-0.007],"_humanoidState":5,"_cameraCFrame":[754.678,247.384,47.167,-0.007,-0.817,0.576,0,0.576,0.817,-1,0.006,-0.004],"_shiftlockState":false,"_pose":"FreeFall","_animationQueue":[],"_animationSpeed":1,"_zoom":16.125},{"_mousePosition":[581,339],"_rootPartCFrame":[745.122,232.53,47.238,-0.007,0,1,0,1,0,-1,0,-0.007],"_humanoidState":5,"_cameraCFrame":[754.411,247.211,47.169,-0.007,-0.817,0.576,0,0.576,0.817,-1,0.006,-0.004],"_shiftlockState":false,"_pose":"FreeFall","_animationQueue":[],"_animationSpeed":1,"_zoom":16.125},{"_mousePosition":[581,339],"_rootPartCFrame":[744.856,232.303,47.24,-0.007,0,1,0,1,0,-1,0,-0.007],"_humanoidState":5,"_cameraCFrame":[754.145,246.984,47.171,-0.007,-0.817,0.576,0,0.576,0.817,-1,0.006,-0.004],"_shiftlockState":false,"_pose":"FreeFall","_animationQueue":[["fall",0.3]],"_animationSpeed":1,"_zoom":16.125},{"_mousePosition":[581,339],"_rootPartCFrame":[744.589,232.022,47.242,-0.007,0,1,0,1,0,-1,0,-0.007],"_humanoidState":5,"_cameraCFrame":[753.878,246.702,47.173,-0.007,-0.817,0.576,0,0.576,0.817,-1,0.006,-0.004],"_shiftlockState":false,"_pose":"FreeFall","_animationQueue":[],"_animationSpeed":1,"_zoom":16.125},{"_mousePosition":[581,339],"_rootPartCFrame":[744.323,231.686,47.243,-0.007,0,1,0,1,0,-1,0,-0.007],"_humanoidState":5,"_cameraCFrame":[753.611,246.366,47.175,-0.007,-0.817,0.576,0,0.576,0.817,-1,0.006,-0.004],"_shiftlockState":false,"_pose":"FreeFall","_animationQueue":[],"_animationSpeed":1,"_zoom":16.125},{"_mousePosition":[581,339],"_rootPartCFrame":[744.123,231.398,47.245,-0.007,0,1,0,1,0,-1,0,-0.007],"_humanoidState":7,"_cameraCFrame":[753.411,246.079,47.176,-0.007,-0.817,0.576,0,0.576,0.817,-1,0.006,-0.004],"_shiftlockState":false,"_pose":"FreeFall","_animationQueue":[["walk",0.1],["fall",0.3],["fall",0.3]],"_animationSpeed":1,"_zoom":16.125},{"_mousePosition":[581,339],"_rootPartCFrame":[743.789,230.85,47.247,-0.007,0,1,0,1,0,-1,0,-0.007],"_humanoidState":7,"_cameraCFrame":[753.078,245.531,47.179,-0.007,-0.817,0.576,0,0.576,0.817,-1,0.006,-0.004],"_shiftlockState":false,"_pose":"FreeFall","_animationQueue":[],"_animationSpeed":1,"_zoom":16.125},{"_mousePosition":[581,339],"_rootPartCFrame":[743.456,230.411,47.25,-0.007,0,1,0,1,0,-1,0,-0.007],"_humanoidState":8,"_cameraCFrame":[752.745,245.092,47.181,-0.007,-0.817,0.576,0,0.576,0.817,-1,0.006,-0.004],"_shiftlockState":false,"_pose":"Running","_animationQueue":[["walk",0.1],["fall",0.3],["walk",0.1]],"_animationSpeed":1.103,"_zoom":16.125},{"_mousePosition":[581,339],"_rootPartCFrame":[743.19,230.403,47.252,-0.007,0,1,0,1,0,-1,0,-0.007],"_humanoidState":8,"_cameraCFrame":[752.478,245.084,47.183,-0.007,-0.817,0.576,0,0.576,0.817,-1,0.006,-0.004],"_shiftlockState":false,"_pose":"Running","_animationQueue":[],"_animationSpeed":1.103,"_zoom":16.125},{"_mousePosition":[581,339],"_rootPartCFrame":[742.923,230.372,47.254,-0.007,0,1,0,1,0,-1,0,-0.007],"_humanoidState":8,"_cameraCFrame":[752.212,245.053,47.185,-0.007,-0.817,0.576,0,0.576,0.817,-1,0.006,-0.004],"_shiftlockState":false,"_pose":"Running","_animationQueue":[["walk",0.1]],"_animationSpeed":1.103,"_zoom":16.125},{"_mousePosition":[581,339],"_rootPartCFrame":[742.656,230.286,47.256,-0.007,0,1,0,1,0,-1,0,-0.007],"_humanoidState":8,"_cameraCFrame":[751.945,244.967,47.187,-0.007,-0.817,0.576,0,0.576,0.817,-1,0.006,-0.004],"_shiftlockState":false,"_pose":"Running","_animationQueue":[],"_animationSpeed":1.103,"_zoom":16.125},{"_mousePosition":[581,339],"_rootPartCFrame":[742.39,230.171,47.258,-0.007,0,1,0,1,0,-1,0,-0.007],"_humanoidState":8,"_cameraCFrame":[751.678,244.851,47.189,-0.007,-0.817,0.576,0,0.576,0.817,-1,0.006,-0.004],"_shiftlockState":false,"_pose":"Running","_animationQueue":[],"_animationSpeed":1.103,"_zoom":16.125},{"_mousePosition":[581,339],"_rootPartCFrame":[742.123,230.089,47.26,-0.007,0,1,0,1,0,-1,0,-0.007],"_humanoidState":8,"_cameraCFrame":[751.412,244.77,47.191,-0.007,-0.817,0.576,0,0.576,0.817,-1,0.006,-0.004],"_shiftlockState":false,"_pose":"Running","_animationQueue":[],"_animationSpeed":1.103,"_zoom":16.125},{"_mousePosition":[581,339],"_rootPartCFrame":[741.