[{"_mousePosition":[832,401],"_rootPartCFrame":[776.028,222.7,47.142,0,0,1,0,1,0,-1,0,0],"_humanoidState":8,"_cameraCFrame":[782.781,236.683,39.488,-0.75,-0.512,0.419,0,0.633,0.774,-0.662,0.581,-0.475],"_shiftlockState":false,"_pose":"Standing","_animationQueue":[],"_animationSpeed":1,"_zoom":16.125},{"_mousePosition":[832,401],"_rootPartCFrame":[775.799,222.7,46.943,0.118,0,0.993,0,1,0,-0.993,0,0.118],"_humanoidState":8,"_cameraCFrame":[782.471,236.782,39.38,-0.75,-0.516,0.414,0,0.625,0.78,-0.662,0.585,-0.469],"_shiftlockState":false,"_pose":"Standing","_animationQueue":[],"_animationSpeed":1,"_zoom":16.125},{"_mousePosition":[832,401],"_rootPartCFrame":[775.699,222.7,46.855,0.159,0,0.987,0,1,0,-0.987,0,0.159],"_humanoidState":8,"_cameraCFrame":[782.274,236.899,39.403,-0.75,-0.521,0.408,0,0.616,0.788,-0.662,0.591,-0.462],"_shiftlockState":false,"_pose":"Running","_animationQueue":[["walk",0.1]],"_animationSpeed":1.089,"_zoom":16.125},{"_mousePosition":[832,401],"_rootPartCFrame":[775.499,222.7,46.678,0.233,0,0.972,0,1,0,-0.972,0,0.233],"_humanoidState":8,"_cameraCFrame":[781.994,237.014,39.355,-0.748,-0.527,0.403,0,0.607,0.795,-0.663,0.595,-0.454],"_shiftlockState":false,"_pose":"Running","_animationQueue":[["walk",0.1]],"_animationSpeed":1.089,"_zoom":16.125},{"_mousePosition":[832,401],"_rootPartCFrame":[775.299,222.7,46.502,0.297,0,0.955,0,1,0,-0.955,0,0.297],"_humanoidState":8,"_cameraCFrame":[781.73,237.128,39.324,-0.745,-0.535,0.399,0,0.598,0.802,-0.667,0.597,-0.445],"_shiftlockState":false,"_pose":"Running","_animationQueue":[],"_animationSpeed":1.089,"_zoom":16.125},{"_mousePosition":[832,401],"_rootPartCFrame":[775.1,222.7,46.325,0.351,0,0.936,0,1,0,-0.936,0,0.351],"_humanoidState":8,"_cameraCFrame":[781.501,237.239,39.324,-0.738,-0.546,0.397,0,0.588,0.809,-0.675,0.597,-0.434],"_shiftlockState":false,"_pose":"Running","_animationQueue":[],"_animationSpeed":1.089,"_zoom":16.125},{"_mousePosition":[832,401],"_rootPartCFrame":[774.901,222.7,46.147,0.398,0,0.917,0,1,0,-0.917,0,0.398],"_humanoidState":8,"_cameraCFrame":[781.303,237.331,39.321,-0.729,-0.557,0.397,0,0.58,0.814,-0.684,0.594,-0.423],"_shiftlockState":false,"_pose":"Running","_animationQueue":[],"_animationSpeed":1.089,"_zoom":16.125},{"_mousePosition":[832,401],"_rootPartCFrame":[774.606,222.7,45.878,0.458,0,0.889,0,1,0,-0.889,0,0.458],"_humanoidState":8,"_cameraCFrame":[781.021,237.422,39.242,-0.719,-0.57,0.398,0,0.572,0.82,-0.695,0.59,-0.412],"_shiftlockState":false,"_pose":"Running","_animationQueue":[],"_animationSpeed":1.089,"_zoom":16.125},{"_mousePosition":[832,401],"_rootPartCFrame":[774.411,222.7,45.695,0.491,0,0.871,0,1,0,-0.871,0,0.491],"_humanoidState":8,"_cameraCFrame":[780.835,237.511,39.249,-0.708,-0.583,0.398,0,0.564,0.826,-0.706,0.585,-0.4],"_shiftlockState":false,"_pose":"Running","_animationQueue":[],"_animationSpeed":1.089,"_zoom":16.125},{"_mousePosition":[832,401],"_rootPartCFrame":[774.315,222.7,45.603,0.506,0,0.862,0,1,0,-0.862,0,0.506],"_humanoidState":8,"_cameraCFrame":[780.746,237.582,39.311,-0.699,-0.593,0.399,0,0.558,0.83,-0.715,0.58,-0.39],"_shiftlockState":false,"_pose":"Running","_animationQueue":[["walk",0.1]],"_animationSpeed":1.089,"_zoom":16.125},{"_mousePosition":[832,401],"_rootPartCFrame":[774.126,222.7,45.415,0.535,0,0.845,0,1,0,-0.845,0,0.535],"_humanoidState":8,"_cameraCFrame":[780.57,237.599,39.174,-0.696,-0.597,0.4,0,0.556,0.831,-0.718,0.578,-0.387],"_shiftlockState":false,"_pose":"Running","_animationQueue":[],"_animationSpeed":1.089,"_zoom":16.125},{"_mousePosition":[832,401],"_rootPartCFrame":[773.846,222.7,45.129,0.574,0,0.819,0,1,0,-0.819,0,0.574],"_humanoidState":8,"_cameraCFrame":[779.072,237.617,37.663,-0.694,-0.599,0.399,0,0.555,0.832,-0.72,0.577,-0.385],"_shiftlockState":true,"_pose":"Running","_animationQueue":[],"_animationSpeed":1.089,"_zoom":16.125},{"_mousePosition":[683,384],"_rootPartCFrame":[773.66,222.7,44.938,-0.732,0,0.682,0,1,0,-0.682,0,-0.732],"_humanoidState":8,"_cameraCFrame":[778.887,237.617,37.471,-0.694,-0.599,0.399,0,0.555,0.832,-0.72,0.577,-0.385],"_shiftlockState":true,"_pose":"Running","_animationQueue":[],"_animationSpeed":1.089,"_zoom":16.125},{"_mousePosition":[683,384],"_rootPartCFrame":[773.521,222.7,44.794,-0.709,0,0.705,0,1,0,-0.705,0,-0.709],"_humanoidState":8,"_cameraCFrame":[778.673,237.651,37.337,-0.698,-0.598,0.395,0,0.551,0.834,-0.717,0.582,-0.385],"_shiftlockState":true,"_pose":"Running","_animationQueue":[],"_animationSpeed":1.089,"_zoom":16.125},{"_mousePosition":[683,384],"_rootPartCFrame":[773.336,222.7,44.602,-0.701,0,0.713,0,1,0,-0.713,0,-0.701],"_humanoidState":8,"_cameraCFrame":[778.224,237.737,37.124,-0.714,-0.588,0.381,0,0.543,0.84,-0.7,0.599,-0.388],"_shiftlockState":true,"_pose":"Running","_animationQueue":[],"_animationSpeed":1.089,"_zoom":16.125},{"_mousePosition":[683,384],"_rootPartCFrame":[773.151,222.7,44.411,-0.714,0,0.7,0,1,0,-0.7,0,-0.714],"_humanoidState":8,"_cameraCFrame":[777.644,237.839,36.87,-0.74,-0.569,0.359,0,0.533,0.846,-0.673,0.626,-0.395],"_shiftlockState":true,"_pose":"Running","_animationQueue":[],"_animationSpeed":1.089,"_zoom":16.125},{"_mousePosition":[683,384],"_rootPartCFrame":[772.961,222.7,44.223,-0.74,0,0.673,0,1,0,-0.673,0,-0.74],"_humanoidState":8,"_cameraCFrame":[776.951,237.971,36.64,-0.771,-0.544,0.331,0,0.52,0.854,-0.637,0.659,-0.401],"_shiftlockState":true,"_pose":"Running","_animationQueue":[["walk",0.1]],"_animationSpeed":1.089,"_zoom":16.125},{"_mousePosition":[683,384],"_rootPartCFrame":[772.765,222.7,44.043,-0.771,0,0.637,0,1,0,-0.637,0,-0.771],"_humanoidState":8,"_cameraCFrame":[776.234,238.084,36.41,-0.804,-0.512,0.302,0,0.508,0.861,-0.595,0.692,-0.409],"_shiftlockState":true,"_pose":"Running","_animationQueue":[],"_animationSpeed":1.089,"_zoom":16.125},{"_mousePosition":[683,384],"_rootPartCFrame":[772.56,222.7,43.871,-0.804,0,0.595,0,1,0,-0.595,0,-0.804],"_humanoidState":8,"_cameraCFrame":[775.534,238.195,36.231,-0.833,-0.48,0.275,0,0.497,0.868,-0.553,0.723,-0.414],"_shiftlockState":true,"_pose":"Running","_animationQueue":[],"_animationSpeed":1.089,"_zoom":16.125},{"_mousePosition":[683,384],"_rootPartCFrame":[772.347,222.7,43.711,-0.833,0,0.553,0,1,0,-0.553,0,-0.833],"_humanoidState":8,"_cameraCFrame":[774.847,238.288,36.072,-0.86,-0.446,0.248,0,0.487,0.874,-0.51,0.751,-0.418],"_shiftlockState":true,"_pose":"Running","_animationQueue":[],"_animationSpeed":1.089,"_zoom":16.125},{"_mousePosition":[683,384],"_rootPartCFrame":[772.126,222.7,43.562,-0.86,0,0.51,0,1,0,-0.51,0,-0.86],"_humanoidState":8,"_cameraCFrame":[774.198,238.333,35.879,-0.885,-0.409,0.224,0,0.481,0.877,-0.466,0.775,-0.426],"_shiftlockState":true,"_pose":"Running","_animationQueue":[],"_animationSpeed":1.089,"_zoom":16.125},{"_mousePosition":[683,384],"_rootPartCFrame":[771.841,222.7,43.39,-0.885,0,0.466,0,1,0,-0.466,0,-0.885],"_humanoidState":8,"_cameraCFrame":[773.537,238.363,35.671,-0.905,-0.374,0.203,0,0.478,0.878,-0.425,0.795,-0.433],"_shiftlockState":true,"_pose":"Running","_animationQueue":[],"_animationSpeed":1.089,"_zoom":16.125},{"_mousePosition":[683,384],"_rootPartCFrame":[771.665,222.7,43.295,-0.905,0,0.425,0,1,0,-0.425,0,-0.905],"_humanoidState":8,"_cameraCFrame":[773.084,238.393,35.575,-0.918,-0.348,0.188,0,0.475,0.88,-0.395,0.808,-0.436],"_shiftlockState":true,"_pose":"Running","_animationQueue":[["walk",0.1]],"_animationSpeed":1.089,"_zoom":16.125},{"_mousePosition":[683,384],"_rootPartCFrame":[771.424,222.7,43.18,-0.918,0,0.395,0,1,0,-0.395,0,-0.918],"_humanoidState":8,"_cameraCFrame":[772.706,238.393,35.436,-0.925,-0.334,0.18,0,0.475,0.88,-0.379,0.815,-0.439],"_shiftlockState":true,"_pose":"Running","_animationQueue":[],"_animationSpeed":1.089,"_zoom":16.125},{"_mousePosition":[683,384],"_rootPartCFrame":[771.119,222.7,43.047,-0.925,0,0.379,0,1,0,-0.379,0,-0.925],"_humanoidState":8,"_cameraCFrame":[772.401,238.393,35.303,-0.925,-0.334,0.18,0,0.475,0.88,-0.379,0.815,-0.439],"_shiftlockState":true,"_pose":"Running","_animationQueue":[],"_animationSpeed":1.089,"_zoom":16.125},{"_mousePosition":[683,384],"_rootPartCFrame":[770.934,222.7,42.97,-0.925,0,0.379,0,1,0,-0.379,0,-0.925],"_humanoidState":8,"_cameraCFrame":[772.127,238.408,35.239,-0.929,-0.326,0.175,0,0.473,0.881,-0.37,0.819,-0.439],"_shiftlockState":true,"_pose":"Running","_animationQueue":[],"_animationSpeed":1.089,"_zoom":16.125},{"_mousePosition":[683,384],"_rootPartCFrame":[770.564,222.7,42.819,-0.929,0,0.37,0,1,0,-0.37,0,-0.929],"_humanoidState":8,"_cameraCFrame":[771.678,238.438,35.13,-0.932,-0.32,0.17,0,0.469,0.883,-0.363,0.823,-0.437],"_shiftlockState":true,"_pose":"Running","_animationQueue":[],"_animationSpeed":1.089,"_zoom":16.125},{"_mousePosition":[683,384],"_rootPartCFrame":[770.316,222.7,42.72,-0.932,0,0.363,0,1,0,-0.363,0,-0.932],"_humanoidState":8,"_cameraCFrame":[771.275,238.467,35.065,-0.938,-0.306,0.161,0,0.466,0.885,-0.346,0.83,-0.437],"_shiftlockState":true,"_pose":"Running","_animationQueue":[],"_animationSpeed":1.089,"_zoom":16.125},{"_mousePosition":[683,384],"_rootPartCFrame":[770.067,222.7,42.623,-0.938,0,0.346,0,1,0,-0.346,0,-0.938],"_humanoidState":8,"_cameraCFrame":[770.776,238.496,34.995,-0.948,-0.282,0.147,0,0.463,0.887,-0.318,0.841,-0.439],"_shiftlockState":true,"_pose":"Running","_animationQueue":[["walk",0.1]],"_animationSpeed":1.089,"_zoom":16.125},{"_mousePosition":[683,384],"_rootPartCFrame":[769.819,222.666,42.526,-0.948,0,0.317,0,1,0,-0.317,0,-0.948],"_humanoidState":8,"_cameraCFrame":[770.168,238.52,34.983,-0.961,-0.246,0.126,0,0.456,0.89,-0.276,0.856,-0.438],"_shiftlockState":true,"_pose":"Running","_animationQueue":[],"_animationSpeed":1.089,"_zoom":16.125},{"_mousePosition":[683,384],"_rootPartCFrame":[769.57,222.577,42.43,-0.961,0,0.276,0,1,0,-0.276,0,-0.961],"_humanoidState":8,"_cameraCFrame":[769.48,238.474,34.96,-0.975,-0.199,0.1,0,0.45,0.893,-0.223,0.87,-0.439],"_shiftlockState":true,"_pose":"Running","_animationQueue":[],"_animationSpeed":1.089,"_zoom":16.125},{"_mousePosition":[683,384],"_rootPartCFrame":[769.26,223.647,42.309,-0.975,0,0.223,0,1,0,-0.223,0,-0.975],"_humanoidState":3,"_cameraCFrame":[768.717,239.6,34.968,-0.986,-0.148,0.073,0,0.443,0.896,-0.165,0.884,-0.437],"_shiftlockState":true,"_pose":"Jumping","_animationQueue":[["walk",0.1],["jump",0.1]],"_animationSpeed":1,"_zoom":16.125},{"_mousePosition":[683,384],"_rootPartCFrame":[769.004,224.442,42.235,-0.967,0,0.255,0,1,0,-0.255,0,-0.967],"_humanoidState":5,"_cameraCFrame":[767.947,240.464,35.089,-0.995,-0.088,0.042,0,0.435,0.901,-0.098,0.896,-0.433],"_shiftlockState":true,"_pose":"FreeFall","_animationQueue":[["jump",0.1]],"_animationSpeed":1,"_zoom":16.125},{"_mousePosition":[683,384],"_rootPartCFrame":[768.742,225.182,42.187,-0.974,0,0.224,0,1,0,-0.224,0,-0.974],"_humanoidState":5,"_cameraCFrame":[767.592,241.218,35.083,-0.996,-0.077,0.037,0,0.433,0.901,-0.085,0.898,-0.431],"_shiftlockState":true,"_pose":"FreeFall","_animationQueue":[],"_animationSpeed":1,"_zoom":16.125},{"_mousePosition":[683,384],"_rootPartCFrame":[768.61,225.532,42.171,-0.989,0,0.151,0,1,0,-0.151,0,-0.989],"_humanoidState":5,"_cameraCFrame":[767.386,241.581,35.108,-0.997,-0.068,0.032,0,0.431,0.902,-0.075,0.9,-0.43],"_shiftlockState":true,"_pose":"FreeFall","_animationQueue":[],"_animationSpeed":1,"_zoom":16.125},{"_mousePosition":[683,384],"_rootPartCFrame":[768.344,226.19,42.147,-0.978,0,0.207,0,1,0,-0.207,0,-0.978],"_humanoidState":5,"_cameraCFrame":[767.121,242.24,35.084,-0.997,-0.068,0.032,0,0.431,0.902,-0.075,0.9,-0.43],"_shiftlockState":true,"_pose":"FreeFall","_animationQueue":[],"_animationSpeed":1,"_zoom":16.125},{"_mousePosition":[683,384],"_rootPartCFrame":[768.078,226.794,42.127,-0.978,0,0.207,0,1,0,-0.207,0,-0.978],"_humanoidState":5,"_cameraCFrame":[766.837,242.844,35.067,-0.997,-0.065,0.031,0,0.431,0.902,-0.072,0.9,-0.43],"_shiftlockState":true,"_pose":"FreeFall","_animationQueue":[],"_animationSpeed":1,"_zoom":16.125},{"_mousePosition":[683,384],"_rootPartCFrame":[767.879,227.212,42.112,-0.985,0,0.172,0,1,0,-0.172,0,-0.985],"_humanoidState":5,"_cameraCFrame":[766.655,243.261,35.048,-0.997,-0.068,0.032,0,0.431,0.902,-0.075,0.9,-0.43],"_shiftlockState":true,"_pose":"FreeFall","_animationQueue":[],"_animationSpeed":1,"_zoom":16.125},{"_mousePosition":[683,384],"_rootPartCFrame":[767.547,227.839,42.088,-0.971,0,0.239,0,1,0,-0.239,0,-0.971],"_humanoidState":5,"_cameraCFrame":[766.359,243.888,35.018,-0.997,-0.072,0.035,0,0.431,0.902,-0.08,0.899,-0.43],"_shiftlockState":true,"_pose":"FreeFall","_animationQueue":[],"_animationSpeed":1,"_zoom":16.125},{"_mousePosition":[683,384],"_rootPartCFrame":[767.347,228.174,42.073,-0.984,0,0.179,0,1,0,-0.179,0,-0.984],"_humanoidState":5,"_cameraCFrame":[766.195,244.224,34.997,-0.996,-0.077,0.037,0,0.431,0.902,-0.085,0.899,-0.43],"_shiftlockState":true,"_pose":"FreeFall","_animationQueue":[],"_animationSpeed":1,"_zoom":16.125},{"_mousePosition":[683,384],"_rootPartCFrame":[767.081,228.574,42.052,-0.976,0,0.217,0,1,0,-0.217,0,-0.976],"_humanoidState":5,"_cameraCFrame":[765.929,244.624,34.976,-0.996,-0.077,0.037,0,0.431,0.902,-0.085,0.899,-0.43],"_shiftlockState":true,"_pose":"FreeFall","_animationQueue":[],"_animationSpeed":1,"_zoom":16.125},{"_mousePosition":[683,384],"_rootPartCFrame":[766.816,228.919,42.029,-0.976,0,0.217,0,1,0,-0.217,0,-0.976],"_humanoidState":5,"_cameraCFrame":[765.664,244.969,34.954,-0.996,-0.077,0.037,0,0.431,0.902,-0.085,0.899,-0.43],"_shiftlockState":true,"_pose":"FreeFall","_animationQueue":[],"_animationSpeed":1,"_zoom":16.125},{"_mousePosition":[683,384],"_rootPartCFrame":[766.55,229.21,42.007,-0.976,0,0.217,0,1,0,-0.217,0,-0.976],"_humanoidState":5,"_cameraCFrame":[765.398,245.259,34.931,-0.996,-0.077,0.037,0,0.431,0.902,-0.085,0.899,-0.43],"_shiftlockState":true,"_pose":"FreeFall","_animationQueue":[],"_animationSpeed":1,"_zoom":16.125},{"_mousePosition":[683,384],"_rootPartCFrame":[766.284,229.446,41.984,-0.976,0,0.217,0,1,0,-0.217,0,-0.976],"_humanoidState":5,"_cameraCFrame":[765.132,245.495,34.908,-0.996,-0.077,0.037,0,0.431,0.902,-0.085,0.899,-0.43],"_shiftlockState":true,"_pose":"FreeFall","_animationQueue":[],"_animationSpeed":1,"_zoom":16.125},{"_mousePosition":[683,384],"_rootPartCFrame":[766.019,229.628,41.961,-0.976,0,0.217,0,1,0,-0.217,0,-0.976],"_humanoidState":5,"_cameraCFrame":[764.759,245.677,34.904,-0.998,-0.063,0.03,0,0.431,0.902,-0.07,0.9,-0.43],"_shiftlockState":true,"_pose":"FreeFall","_animationQueue":[],"_animationSpeed":1,"_zoom":16.125},{"_mousePosition":[683,384],"_rootPartCFrame":[765.753,229.755,41.938,-0.979,0,0.202,0,1,0,-0.202,0,-0.979],"_humanoidState":5,"_cameraCFrame":[764.227,245.804,34.934,-0.999,-0.029,0.014,0,0.431,0.902,-0.032,0.902,-0.431],"_shiftlockState":true,"_pose":"FreeFall","_animationQueue":[],"_animationSpeed":1,"_zoom":16.125},{"_mousePosition":[683,384],"_rootPartCFrame":[765.487,229.827,41.919,-0.986,0,0.165,0,1,0,-0.165,0,-0.986],"_humanoidState":5,"_cameraCFrame":[763.504,245.877,35.03,-0.999,0.03,-0.015,0,0.431,0.902,0.034,0.902,-0.431],"_shiftlockState":true,"_pose":"FreeFall","_animationQueue":[],"_animationSpeed":1,"_zoom":16.125},{"_mousePosition":[683,384],"_rootPartCFrame":[765.221,229.846,41.909,-0.995,0,0.099,0,1,0,-0.099,0,-0.995],"_humanoidState":5,"_cameraCFrame":[762.301,245.895,35.362,-0.985,0.155,-0.074,0,0.431,0.902,0.172,0.889,-0.425],"_shiftlockState":true,"_pose":"FreeFall","_animationQueue":[],"_animationSpeed":1,"_zoom":16.125},{"_mousePosition":[683,384],"_rootPartCFrame":[764.902,229.792,41.933,-1,0,-0.016,0,1,0,0.016,0,-1],"_humanoidState":5,"_cameraCFrame":[761.296,245.8,35.641,-0.962,0.246,-0.119,0,0.436,0.9,0.273,0.866,-0.42],"_shiftlockState":true,"_pose":"FreeFall","_animationQueue":[["fall",0.3]],"_animationSpeed":1,"_zoom":16.125},{"_mousePosition":[683,384],"_rootPartCFrame":[764.737,229.723,41.92,-0.983,0,-0.184,0,1,0.001,0.184,0.001,-0.983],"_humanoidState":5,"_cameraCFrame":[760.473,245.677,35.921,-0.929,0.331,-0.164,0,0.443,0.896,0.369,0.833,-0.412],"_shiftlockState":true,"_pose":"FreeFall","_animationQueue":[],"_animationSpeed":1,"_zoom":16.125},{"_mousePosition":[683,384],"_rootPartCFrame":[764.551,229.589,41.878,-0.967,0.001,-0.254,0,1,0.001,0.254,0.001,-0.967],"_humanoidState":5,"_cameraCFrame":[759.681,245.472,36.179,-0.891,0.405,-0.205,0,0.452,0.892,0.454,0.795,-0.403],"_shiftlockState":true,"_pose":"FreeFall","_animationQueue":[],"_animationSpeed":1,"_zoom":16.125},{"_mousePosition":[683,384],"_rootPartCFrame":[764.411,229.41,41.848,-0.93,-0.003,-0.368,0.003,1,-0.015,0.368,-0.015,-0.93],"_humanoidState":5,"_cameraCFrame":[759.033,245.235,36.443,-0.851,0.466,-0.241,0,0.459,0.888,0.525,0.756,-0.391],"_shiftlockState":true,"_pose":"FreeFall","_animationQueue":[],"_animationSpeed":1,"_zoom":16.125},{"_mousePosition":[683,384],"_rootPartCFrame":[764.271,230.228,41.989,-0.864,0,-0.504,0.001,1,-0.001,0.504,-0.001,-0.864],"_humanoidState":7,"_cameraCFrame":[758.525,246.04,36.962,-0.813,0.516,-0.268,0,0.461,0.888,0.582,0.722,-0.375],"_shiftlockState":true,"_pose":"FreeFall","_animationQueue":[["walk",0.1],["fall",0.3],["fall",0.3]],"_animationSpeed":1,"_zoom":16.125},{"_mousePosition":[683,384],"_rootPartCFrame":[764.182,231.292,42.345,-0.813,0.001,-0.583,-0.001,1,0.004,0.583,0.004,-0.813],"_humanoidState":7,"_cameraCFrame":[758.039,247.103,37.822,-0.762,0.575,-0.298,0,0.461,0.888,0.648,0.676,-0.351],"_shiftlockState":true,"_pose":"FreeFall","_animationQueue":[],"_animationSpeed":1,"_zoom":16.125},{"_mousePosition":[683,384],"_rootPartCFrame":[764.107,231.979,42.786,-0.762,0,-0.648,0,1,0,0.648,0,-0.762],"_humanoidState":8,"_cameraCFrame":[757.781,247.805,38.562,-0.732,0.606,-0.313,0,0.459,0.888,0.682,0.65,-0.336],"_shiftlockState":true,"_pose":"Running","_animationQueue":[["fall",0.3],["walk",0.1],["fall",0.3],["walk",0.1]],"_animationSpeed":1.02,"_zoom":16.125},{"_mousePosition":[683,384],"_rootPartCFrame":[764.219,232.216,43.035,-0.732,0,-0.682,0,1,0,0.682,0,-0.732],"_humanoidState":8,"_cameraCFrame":[757.807,248.085,39.097,-0.707,0.63,-0.321,0,0.454,0.891,0.707,0.63,-0.321],"_shiftlockState":true,"_pose":"Running","_animationQueue":[],"_animationSpeed":1.02,"_zoom":16.125},{"_mousePosition":[683,384],"_rootPartCFrame":[764.336,232.305,43.163,-0.707,0,-0.707,0,1,0,0.707,0,-0.707],"_humanoidState":8,"_cameraCFrame":[757.924,248.174,39.225,-0.707,0.63,-0.321,0,0.454,0.891,0.707,0.63,-0.321],"_shiftlockState":true,"_pose":"Running","_animationQueue":[["walk",0.1]],"_animationSpeed":0.734,"_zoom":16.125},{"_mousePosition":[683,384],"_rootPartCFrame":[764.395,232.325,43.223,-0.707,0,-0.707,0,1,0,0.707,0,-0.707],"_humanoidState":8,"_cameraCFrame":[757.983,248.194,39.286,-0.707,0.63,-0.321,0,0.454,0.891,0.707,0.63,-0.321],"_shiftlockState":true,"_pose":"Running","_animationQueue":[],"_animationSpeed":0.734,"_zoom":16.125},{"_mousePosition":[683,384],"_rootPartCFrame":[764.514,232.33,43.343,-0.707,0,-0.707,0,1,0,0.707,0,-0.707],"_humanoidState":8,"_cameraCFrame":[758.189,248.156,39.119,-0.732,0.606,-0.313,0,0.459,0.888,0.682,0.65,-0.336],"_shiftlockState":true,"_pose":"Running","_animationQueue":[],"_animationSpeed":0.734,"_zoom":16.125},{"_mousePosition":[683,384],"_rootPartCFrame":[764.597,232.371,43.445,-0.704,0.01,-0.71,-0.001,1,0.016,0.71,0.012,-0.704],"_humanoidState":8,"_cameraCFrame":[758.449,248.139,38.823,-0.767,0.568,-0.299,0,0.466,0.885,0.642,0.679,-0.357],"_shiftlockState":true,"_pose":"Running","_animationQueue":[],"_animationSpeed":0.734,"_zoom":16.125},{"_mousePosition":[683,384],"_rootPartCFrame":[764.645,232.433,43.529,-0.745,0.017,-0.667,0.003,1,0.022,0.667,0.014,-0.745],"_humanoidState":8,"_cameraCFrame":[758.819,248.112,38.278,-0.818,0.506,-0.274,0,0.476,0.879,0.576,0.719,-0.389],"_shiftlockState":true,"_pose":"Running","_animationQueue":[["walk",0.1]],"_animationSpeed":0.473,"_zoom":16.125},{"_mousePosition":[683,384],"_rootPartCFrame":[764.647,232.534,43.556,-0.814,0.004,-0.581,0.001,1,0.005,0.581,0.003,-0.814],"_humanoidState":8,"_cameraCFrame":[759.373,248.137,37.536,-0.878,0.419,-0.232,0,0.485,0.875,0.479,0.768,-0.426],"_shiftlockState":true,"_pose":"Running","_animationQueue":[["walk",0.1],["walk",0.1]],"_animationSpeed":0.546,"_zoom":16.125},{"_mousePosition":[683,384],"_rootPartCFrame":[764.579,232.577,43.46,-0.881,-0.001,-0.473,0,1,-0.001,0.473,-0.001,-0.881],"_humanoidState":8,"_cameraCFrame":[760.026,248.119,36.736,-0.929,0.321,-0.181,0,0.492,0.871,0.369,0.809,-0.457],"_shiftlockState":true,"_pose":"Standing","_animationQueue":[["idle",0.1]],"_animationSpeed":1,"_zoom":16.125},{"_mousePosition":[683,384],"_rootPartCFrame":[764.481,232.568,43.285,-0.932,-0.001,-0.362,0,1,-0.001,0.362,-0.001,-0.932],"_humanoidState":8,"_cameraCFrame":[760.63,248.032,35.986,-0.963,0.232,-0.134,0,0.5,0.866,0.268,0.834,-0.482],"_shiftlockState":true,"_pose":"Running","_animationQueue":[["walk",0.1]],"_animationSpeed":0.719,"_zoom":16.125},{"_mousePosition":[683,384],"_rootPartCFrame":[764.375,232.476,43.029,-0.964,0,-0.266,0,1,0,0.266,0,-0.964],"_humanoidState":8,"_cameraCFrame":[761.127,247.876,35.328,-0.982,0.161,-0.095,0,0.507,0.862,0.187,0.847,-0.498],"_shiftlockState":true,"_pose":"Running","_animationQueue":[["walk",0.1]],"_animationSpeed":0.846,"_zoom":16.125},{"_mousePosition":[683,384],"_rootPartCFrame":[764.307,232.341,42.799,-0.982,0,-0.187,0,1,0,0.187,0,-0.982],"_humanoidState":8,"_cameraCFrame":[761.503,247.693,34.842,-0.992,0.111,-0.066,0,0.512,0.859,0.13,0.852,-0.508],"_shiftlockState":true,"_pose":"Running","_animationQueue":[["walk",0.1]],"_animationSpeed":0.929,"_zoom":16.125},{"_mousePosition":[683,384],"_rootPartCFrame":[764.269,232.204,42.615,-0.992,0,-0.13,0,1,0,0.13,0,-0.992],"_humanoidState":8,"_cameraCFrame":[761.743,247.524,34.509,-0.996,0.081,-0.049,0,0.515,0.857,0.094,0.853,-0.513],"_shiftlockState":true,"_pose":"Running","_animationQueue":[["walk",0.1]],"_animationSpeed":0.999,"_zoom":16.125},{"_mousePosition":[683,384],"_rootPartCFrame":[764.233,232.004,42.358,-0.996,0,-0.094,0,1,0,0.094,0,-0.996],"_humanoidState":8,"_cameraCFrame":[761.87,247.309,34.177,-0.997,0.063,-0.038,0,0.517,0.856,0.074,0.854,-0.515],"_shiftlockState":true,"_pose":"Running","_animationQueue":[["walk",0.1]],"_animationSpeed":0.999,"_zoom":16.125},{"_mousePosition":[683,384],"_rootPartCFrame":[764.191,233.075,42.036,-0.997,0,-0.074,0,1,0,0.074,0,-0.997],"_humanoidState":3,"_cameraCFrame":[761.928,248.346,33.771,-0.998,0.053,-0.032,0,0.52,0.854,0.062,0.852,-0.519],"_shiftlockState":true,"_pose":"Jumping","_animationQueue":[["walk",0.1],["jump",0.1]],"_animationSpeed":1,"_zoom":16.125},{"_mousePosition":[683,384],"_rootPartCFrame":[764.174,233.676,41.838,-1,0,0.001,0,1,0,-0.001,0,-1],"_humanoidState":5,"_cameraCFrame":[762.013,248.915,33.492,-0.999,0.042,-0.026,0,0.524,0.852,0.049,0.851,-0.523],"_shiftlockState":true,"_pose":"FreeFall","_animationQueue":[["jump",0.1]],"_animationSpeed":1,"_zoom":16.125},{"_mousePosition":[683,384],"_rootPartCFrame":[764.151,234.61,41.543,-1,0,-0.014,0,1,0,0.014,0,-1],"_humanoidState":5,"_cameraCFrame":[762.032,249.848,33.186,-0.999,0.037,-0.023,0,0.524,0.852,0.044,0.851,-0.523],"_shiftlockState":true,"_pose":"FreeFall","_animationQueue":[],"_animationSpeed":1,"_zoom":16.125},{"_mousePosition":[683,384],"_rootPartCFrame":[764.133,235.458,41.31,-0.999,0,-0.042,0,1,0,0.042,0,-0.999],"_humanoidState":5,"_cameraCFrame":[762.098,250.681,32.905,-0.999,0.029,-0.018,0,0.525,0.851,0.034,0.851,-0.525],"_shiftlockState":true,"_pose":"FreeFall","_animationQueue":[],"_animationSpeed":1,"_zoom":16.125},{"_mousePosition":[683,384],"_rootPartCFrame":[764.12,236.222,41.139,-0.999,0,-0.034,0,1,0,0.034,0,-0.999],"_humanoidState":5,"_cameraCFrame":[762.17,251.444,32.714,-1,0.02,-0.012,0,0.525,0.851,0.024,0.851,-0.525],"_shiftlockState":true,"_pose":"FreeFall","_animationQueue":[],"_animationSpeed":1,"_zoom":16.125},{"_mousePosition":[683,384],"_rootPartCFrame":[764.116,236.503,41.088,-1,0,-0.024,0,1,0,0.024,0,-1],"_humanoidState":5,"_cameraCFrame":[762.23,251.726,32.649,-1,0.014,-0.008,0,0.525,0.851,0.016,0.851,-0.525],"_shiftlockState":true,"_pose":"FreeFall","_animationQueue":[],"_animationSpeed":1,"_zoom":16.125},{"_mousePosition":[683,384],"_rootPartCFrame":[764.111,236.9,41.03,-1,0,-0.016,0,1,0,0.016,0,-1],"_humanoidState":5,"_cameraCFrame":[762.225,252.123,32.591,-1,0.014,-0.008,0,0.525,0.851,0.016,0.851,-0.525],"_shiftlockState":true,"_pose":"FreeFall","_animationQueue":[],"_animationSpeed":1,"_zoom":16.125},{"_mousePosition":[683,384],"_rootPartCFrame":[764.106,237.266,40.994,-1,0,-0.016,0,1,0,0.016,0,-1],"_humanoidState":5,"_cameraCFrame":[762.221,252.489,32.555,-1,0.014,-0.008,0,0.525,0.851,0.016,0.851,-0.525],"_shiftlockState":true,"_pose":"FreeFall","_animationQueue":[],"_animationSpeed":1,"_zoom":16.125},{"_mousePosition":[683,384],"_rootPartCFrame":[764.102,237.707,40.982,-1,0,-0.016,0,1,0,0.016,0,-1],"_humanoidState":5,"_cameraCFrame":[762.237,252.929,32.538,-1,0.011,-0.007,0,0.525,0.851,0.013,0.851,-0.525],"_shiftlockState":true,"_pose":"FreeFall","_animationQueue":[],"_animationSpeed":1,"_zoom":16.125},{"_mousePosition":[683,384],"_rootPartCFrame":[764.098,238.093,41.008,-1,0,-0.014,0,1,0,0.014,0,-1],"_humanoidState":5,"_cameraCFrame":[762.234,253.332,32.591,-1,0.011,-0.007,0,0.524,0.852,0.013,0.852,-0.523],"_shiftlockState":true,"_pose":"FreeFall","_animationQueue":[],"_animationSpeed":1,"_zoom":16.125},{"_mousePosition":[683,384],"_rootPartCFrame":[764.096,238.424,41.075,-1,0,-0.014,0,1,0,0.014,0,-1],"_humanoidState":5,"_cameraCFrame":[762.233,253.696,32.711,-1,0.012,-0.007,0,0.52,0.854,0.013,0.854,-0.52],"_shiftlockState":true,"_pose":"FreeFall","_animationQueue":[],"_animationSpeed":1,"_zoom":16.125},{"_mousePosition":[683,384],"_rootPartCFrame":[764.095,238.762,41.214,-1,0,-0.014,0,1,0,0.014,0,-1],"_humanoidState":5,"_cameraCFrame":[762.19,254.066,32.914,-1,0.016,-0.01,0,0.517,0.856,0.019,0.856,-0.517],"_shiftlockState":true,"_pose":"FreeFall","_animationQueue":[],"_animationSpeed":1,"_zoom":16.125},{"_mousePosition":[683,384],"_rootPartCFrame":[764.095,238.971,41.37,-1,0,-0.018,0,1,0,0.018,0,-1],"_humanoidState":5,"_cameraCFrame":[762.171,254.308,33.128,-1,0.018,-0.011,0,0.514,0.858,0.021,0.858,-0.513],"_shiftlockState":true,"_pose":"FreeFall","_animationQueue":[],"_animationSpeed":1,"_zoom":16.125},{"_mousePosition":[683,384],"_rootPartCFrame":[764.096,239.092,41.513,-1,0,-0.021,0,1,0,0.021,0,-1],"_humanoidState":5,"_cameraCFrame":[762.153,254.461,33.33,-1,0.02,-0.012,0,0.51,0.86,0.024,0.86,-0.51],"_shiftlockState":true,"_pose":"FreeFall","_animationQueue":[],"_animationSpeed":1,"_zoom":16.125},{"_mousePosition":[683,384],"_rootPartCFrame":[764.1,239.205,41.738,-1,0,-0.023,0,1,0,0.023,0,-1],"_humanoidState":5,"_cameraCFrame":[762.137,254.606,33.615,-1,0.023,-0.013,0,0.507,0.862,0.026,0.862,-0.507],"_shiftlockState":true,"_pose":"FreeFall","_animationQueue":[],"_animationSpeed":1,"_zoom":16.125},{"_mousePosition":[683,384],"_rootPartCFrame":[764.106,239.265,41.998,-1,0,-0.026,0,1,0,0.026,0,-1],"_humanoidState":5,"_cameraCFrame":[762.143,254.665,33.875,-1,0.023,-0.013,0,0.507,0.862,0.026,0.862,-0.507],"_shiftlockState":true,"_pose":"FreeFall","_animationQueue":[],"_animationSpeed":1,"_zoom":16.125},{"_mousePosition":[683,384],"_rootPartCFrame":[764.112,239.269,42.265,-1,0,-0.026,0,1,0,0.026,0,-1],"_humanoidState":5,"_cameraCFrame":[762.192,254.701,34.186,-1,0.018,-0.011,0,0.503,0.864,0.021,0.864,-0.503],"_shiftlockState":true,"_pose":"FreeFall","_animationQueue":[],"_animationSpeed":1,"_zoom":16.125},{"_mousePosition":[683,384],"_rootPartCFrame":[764.12,239.698,42.531,-1,0,0.012,0,1,0,-0.012,0,-1],"_humanoidState":7,"_cameraCFrame":[762.345,255.209,34.555,-1,0.003,-0.002,0,0.495,0.869,0.003,0.869,-0.495],"_shiftlockState":true,"_pose":"FreeFall","_animationQueue":[["walk",0.1]],"_animationSpeed":1.103,"_zoom":16.125},{"_mousePosition":[683,384],"_rootPartCFrame":[763.973,240.194,42.711,-1,0,-0.003,0,1,0,0.003,0,-1],"_humanoidState":8,"_cameraCFrame":[762.058,255.737,34.822,-1,0.018,-0.01,0,0.492,0.871,0.021,0.871,-0.491],"_shiftlockState":true,"_pose":"Running","_animationQueue":[["fall",0.3],["walk",0.1],["fall",0.3],["walk",0.1]],"_animationSpeed":1.103,"_zoom":16.125},{"_mousePosition":[683,384],"_rootPartCFrame":[763.793,240.378,42.73,-1,0,-0.021,0,1,0,0.021,0,-1],"_humanoidState":8,"_cameraCFrame":[761.761,255.966,34.954,-0.999,0.032,-0.018,0,0.486,0.874,0.036,0.873,-0.486],"_shiftlockState":true,"_pose":"Running","_animationQueue":[["walk",0.1]],"_animationSpeed":0.812,"_zoom":16.125},{"_mousePosition":[683,384],"_rootPartCFrame":[763.461,240.543,42.737,-0.999,0,-0.036,0,1,0,0.036,0,-0.999],"_humanoidState":8,"_cameraCFrame":[761.333,256.162,35.042,-0.999,0.043,-0.024,0,0.483,0.876,0.049,0.875,-0.482],"_shiftlockState":true,"_pose":"Running","_animationQueue":[["walk",0.1]],"_animationSpeed":1.073,"_zoom":16.125},{"_mousePosition":[683,384],"_rootPartCFrame":[763.261,240.596,42.744,-0.999,0,-0.049,0,1,0,0.049,0,-0.999],"_humanoidState":8,"_cameraCFrame":[761.059,256.245,35.126,-0.998,0.052,-0.028,0,0.48,0.877,0.059,0.876,-0.479],"_shiftlockState":true,"_pose":"Running","_animationQueue":[],"_animationSpeed":1.073,"_zoom":16.125},{"_mousePosition":[683,384],"_rootPartCFrame":[762.928,240.645,42.76,-0.998,0,-0.061,0,1,0,0.061,0,-0.998],"_humanoidState":8,"_cameraCFrame":[760.867,256.308,35.128,-0.999,0.036,-0.019,0,0.478,0.878,0.04,0.878,-0.478],"_shiftlockState":true,"_pose":"Running","_animationQueue":[],"_animationSpeed":1.073,"_zoom":16.125},{"_mousePosition":[683,384],"_rootPartCFrame":[762.529,240.67,42.784,-0.999,0,-0.04,0,1,0,0.04,0,-0.999],"_humanoidState":8,"_cameraCFrame":[760.798,256.318,35.043,-1,-0.002,0.001,0,0.48,0.877,-0.003,0.877,-0.48],"_shiftlockState":true,"_pose":"Running","_animationQueue":[],"_animationSpeed":1.073,"_zoom":16.125},{"_mousePosition":[683,384],"_rootPartCFrame":[762.329,240.677,42.793,-0.997,0,0.076,0,1,0,-0.076,0,-0.997],"_humanoidState":8,"_cameraCFrame":[761.141,256.309,34.921,-0.997,-0.063,0.035,0,0.482,0.876,-0.072,0.874,-0.48],"_shiftlockState":true,"_pose":"Running","_animationQueue":[["walk",0.1]],"_animationSpeed":1.073,"_zoom":16.125},{"_mousePosition":[683,384],"_rootPartCFrame":[762.063,240.682,42.777,-0.997,0,0.072,0,1,0,-0.072,0,-0.997],"_humanoidState":8,"_cameraCFrame":[760.873,256.328,34.932,-0.997,-0.063,0.034,0,0.48,0.877,-0.072,0.875,-0.479],"_shiftlockState":true,"_pose":"Running","_animationQueue":[],"_animationSpeed":1.073,"_zoom":16.125},{"_mousePosition":[683,384],"_rootPartCFrame":[761.797,240.684,42.758,-0.997,0,0.072,0,1,0,-0.072,0,-0.997],"_humanoidState":8,"_cameraCFrame":[760.906,256.331,34.874,-0.994,-0.096,0.053,0,0.48,0.877,-0.11,0.872,-0.477],"_shiftlockState":true,"_pose":"Running","_animationQueue":[],"_animationSpeed":1.073,"_zoom":16.125},{"_mousePosition":[683,384],"_rootPartCFrame":[761.398,240.686,42.729,-0.994,0,0.11,0,1,0,-0.11,0,-0.994],"_humanoidState":8,"_cameraCFrame":[760.835,256.302,34.761,-0.989,-0.131,0.072,0,0.483,0.875,-0.15,0.866,-0.478],"_shiftlockState":true,"_pose":"Running","_animationQueue":[["walk",0.1]],"_animationSpeed":1.073,"_zoom":16.125},{"_mousePosition":[683,384],"_rootPartCFrame":[761.265,240.686,42.716,-0.989,0,0.15,0,1,0,-0.15,0,-0.989],"_humanoidState":8,"_cameraCFrame":[761.668,256.226,34.604,-0.965,-0.229,0.13,0,0.492,0.871,-0.264,0.84,-0.474],"_shiftlockState":true,"_pose":"Running","_animationQueue":[],"_animationSpeed":1.073,"_zoom":16.125},{"_mousePosition":[683,384],"_rootPartCFrame":[761.068,240.687,42.687,-0.964,0,0.267,0,1,0,-0.267,0,-0.964],"_humanoidState":8,"_cameraCFrame":[762.696,256.164,34.622,-0.916,-0.348,0.2,0,0.499,0.867,-0.402,0.794,-0.457],"_shiftlockState":true,"_pose":"Running","_animationQueue":[],"_animationSpeed":1.073,"_zoom":16.125},{"_mousePosition":[683,384],"_rootPartCFrame":[761.001,240.687,42.638,-0.919,0,0.395,0,1,0,-0.395,0,-0.919],"_humanoidState":8,"_cameraCFrame":[763.864,256.085,34.782,-0.847,-0.458,0.269,0,0.507,0.862,-0.531,0.73,-0.43],"_shiftlockState":true,"_pose":"Running","_animationQueue":[],"_animationSpeed":1.073,"_zoom":16.125},{"_mousePosition":[683,384],"_rootPartCFrame":[760.955,240.687,42.573,-0.846,0,0.534,0,1,0,-0.534,0,-0.846],"_humanoidState":8,"_cameraCFrame":[765.037,255.956,35.036,-0.764,-0.551,0.336,0,0.52,0.854,-0.646,0.652,-0.397],"_shiftlockState":true,"_pose":"Running","_animationQueue":[["walk",0.1]],"_animationSpeed":0.364,"_zoom":16.125},{"_mousePosition":[683,384],"_rootPartCFrame":[760.752,240.687,42.445,-0.758,0,0.652,0,1,0,-0.652,0,-0.758],"_humanoidState":8,"_cameraCFrame":[765.041,255.924,34.963,-0.749,-0.565,0.347,0,0.524,0.852,-0.663,0.638,-0.392],"_shiftlockState":true,"_pose":"Running","_animationQueue":[["walk",0.1]],"_animationSpeed":0.607,"_zoom":16.125},{"_mousePosition":[683,384],"_rootPartCFrame":[760.546,240.687,42.278,-0.747,0,0.665,0,1,0,-0.665,0,-0.747],"_humanoidState":8,"_cameraCFrame":[764.91,255.924,34.839,-0.742,-0.571,0.351,0,0.524,0.852,-0.671,0.632,-0.389],"_shiftlockState":true,"_pose":"Running","_animationQueue":[["walk",0.1]],"_animationSpeed":1.088,"_zoom":16.125},{"_mousePosition":[683,384],"_rootPartCFrame":[760.345,240.687,42.102,-0.742,0,0.671,0,1,0,-0.671,0,-0.742],"_humanoidState":8,"_cameraCFrame":[764.465,255.94,34.554,-0.762,-0.552,0.338,0,0.522,0.853,-0.648,0.65,-0.398],"_shiftlockState":true,"_pose":"Running","_animationQueue":[["walk",0.1]],"_animationSpeed":1.088,"_zoom":16.125},{"_mousePosition":[683,384],"_rootPartCFrame":[760.147,240.687,41.923,-0.762,0,0.648,0,1,0,-0.648,0,-0.762],"_humanoidState":8,"_cameraCFrame":[763.808,255.973,34.201,-0.797,-0.517,0.313,0,0.519,0.855,-0.604,0.681,-0.413],"_shiftlockState":true,"_pose":"Running","_animationQueue":[],"_animationSpeed":1.088,"_zoom":16.125},{"_mousePosition":[683,384],"_rootPartCFrame":[759.945,240.687,41.75,-0.797,0,0.604,0,1,0,-0.604,0,-0.797],"_humanoidState":8,"_cameraCFrame":[763.04,256.005,33.841,-0.836,-0.47,0.283,0,0.515,0.857,-0.548,0.717,-0.431],"_shiftlockState":true,"_pose":"Running","_animationQueue":[],"_animationSpeed":1.088,"_zoom":16.125},{"_mousePosition":[683,384],"_rootPartCFrame":[759.742,240.653,41.577,-0.836,0,0.548,0,1,0,-0.548,0,-0.836],"_humanoidState":8,"_cameraCFrame":[762.153,255.987,33.461,-0.879,-0.409,0.245,0,0.514,0.858,-0.477,0.754,-0.452],"_shiftlockState":true,"_pose":"Running","_animationQueue":[],"_animationSpeed":1.088,"_zoom":16.125},{"_mousePosition":[683,384],"_rootPartCFrame":[759.539,240.564,41.404,-0.879,0,0.477,0,1,0,-0.477,0,-0.879],"_humanoidState":8,"_cameraCFrame":[761.202,255.899,33.102,-0.919,-0.339,0.203,0,0.514,0.858,-0.395,0.788,-0.472],"_shiftlockState":true,"_pose":"Running","_animationQueue":[],"_animationSpeed":1.088,"_zoom":16.125},{"_mousePosition":[683,384],"_rootPartCFrame":[759.335,240.421,41.232,-0.919,0,0.395,0,1,0,-0.395,0,-0.919],"_humanoidState":8,"_cameraCFrame":[760.271,255.772,32.843,-0.949,-0.27,0.161,0,0.512,0.859,-0.314,0.815,-0.486],"_shiftlockState":true,"_pose":"Running","_animationQueue":[],"_animationSpeed":1.088,"_zoom":16.125},{"_mousePosition":[683,384],"_rootPartCFrame":[759.132,241.294,41.059,-0.949,0,0.314,0,1,0,-0.314,0,-0.949],"_humanoidState":3,"_cameraCFrame":[759.45,256.645,32.624,-0.97,-0.21,0.125,0,0.512,0.859,-0.244,0.833,-0.497],"_shiftlockState":true,"_pose":"Jumping","_animationQueue":[["walk",0.1],["walk",0.1],["jump",0.1]],"_animationSpeed":1,"_zoom":16.125},{"_mousePosition":[683,384],"_rootPartCFrame":[758.917,242.117,40.908,-0.943,0,0.332,0,1,0,-0.332,0,-0.943],"_humanoidState":5,"_cameraCFrame":[758.679,257.467,32.471,-0.984,-0.154,0.092,0,0.512,0.859,-0.18,0.845,-0.504],"_shiftlockState":true,"_pose":"FreeFall","_animationQueue":[["jump",0.1]],"_animationSpeed":1,"_zoom":16.125},{"_mousePosition":[683,384],"_rootPartCFrame":[758.683,242.884,40.792,-0.953,0,0.304,0,1,0,-0.304,0,-0.953],"_humanoidState":5,"_cameraCFrame":[757.98,258.218,32.354,-0.992,-0.107,0.064,0,0.514,0.858,-0.125,0.851,-0.51],"_shiftlockState":true,"_pose":"FreeFall","_animationQueue":[],"_animationSpeed":1,"_zoom":16.125},{"_mousePosition":[683,384],"_rootPartCFrame":[758.434,243.597,40.713,-0.967,0,0.255,0,1,0,-0.255,0,-0.967],"_humanoidState":5,"_cameraCFrame":[757.056,258.85,32.225,-0.999,-0.038,0.023,0,0.522,0.853,-0.044,0.852,-0.522],"_shiftlockState":true,"_pose":"FreeFall","_animationQueue":[],"_animationSpeed":1,"_zoom":16.125},{"_mousePosition":[683,384],"_rootPartCFrame":[758.172,244.256,40.668,-0.984,0,0.176,0,1,0,-0.176,0,-0.984],"_humanoidState":5,"_cameraCFrame":[756.366,259.459,32.181,-1,0.006,-0.003,0,0.527,0.85,0.007,0.85,-0.527],"_shiftlockState":true,"_pose":"FreeFall","_animationQueue":[],"_animationSpeed":1,"_zoom":16.125},{"_mousePosition":[683,384],"_rootPartCFrame":[757.906,244.86,40.651,-0.992,0,0.126,0,1,0,-0.126,0,-0.992],"_humanoidState":5,"_cameraCFrame":[755.736,260.047,32.223,-0.999,0.042,-0.026,0,0.529,0.849,0.05,0.848,-0.528],"_shiftlockState":true,"_pose":"FreeFall","_animationQueue":[],"_animationSpeed":1,"_zoom":16.125},{"_mousePosition":[683,384],"_rootPartCFrame":[757.64,245.409,40.651,-0.997,0,0.084,0,1,0,-0.084,0,-0.997],"_humanoidState":5,"_cameraCFrame":[755.214,260.596,32.293,-0.997,0.068,-0.042,0,0.529,0.849,0.08,0.846,-0.527],"_shiftlockState":true,"_pose":"FreeFall","_animationQueue":[],"_animationSpeed":1,"_zoom":16.125},{"_mousePosition":[683,384],"_rootPartCFrame":[757.374,245.904,40.663,-0.999,0,0.053,0,1,0,-0.053,0,-0.999],"_humanoidState":5,"_cameraCFrame":[754.842,261.091,32.336,-0.996,0.079,-0.049,0,0.529,0.849,0.092,0.845,-0.526],"_shiftlockState":true,"_pose":"FreeFall","_animationQueue":[],"_animationSpeed":1,"_zoom":16.125},{"_mousePosition":[683,384],"_rootPartCFrame":[757.108,246.345,40.683,-0.999,0,0.041,0,1,0,-0.041,0,-0.999],"_humanoidState":5,"_cameraCFrame":[754.555,261.532,32.362,-0.995,0.081,-0.05,0,0.529,0.849,0.095,0.845,-0.526],"_shiftlockState":true,"_pose":"FreeFall","_animationQueue":[],"_animationSpeed":1,"_zoom":16.125},{"_mousePosition":[683,384],"_rootPartCFrame":[756.842,246.731,40.707,-0.999,0,0.038,0,1,0,-0.038,0,-0.999],"_humanoidState":5,"_cameraCFrame":[754.229,261.934,32.432,-0.995,0.087,-0.054,0,0.527,0.85,0.103,0.845,-0.524],"_shiftlockState":true,"_pose":"FreeFall","_animationQueue":[],"_animationSpeed":1,"_zoom":16.125},{"_mousePosition":[683,384],"_rootPartCFrame":[756.577,247.062,40.732,-1,0,0.031,0,1,0,-0.031,0,-1],"_humanoidState":5,"_cameraCFrame":[753.845,262.299,32.551,-0.993,0.1,-0.062,0,0.524,0.852,0.118,0.846,-0.52],"_shiftlockState":true,"_pose":"FreeFall","_animationQueue":[],"_animationSpeed":1,"_zoom":16.125},{"_mousePosition":[683,384],"_rootPartCFrame":[756.311,247.339,40.759,-1,0,0.015,0,1,0,-0.015,0,-1],"_humanoidState":5,"_cameraCFrame":[753.422,262.609,32.689,-0.99,0.118,-0.072,0,0.52,0.854,0.138,0.846,-0.515],"_shiftlockState":true,"_pose":"FreeFall","_animationQueue":[],"_animationSpeed":1,"_zoom":16.125},{"_mousePosition":[683,384],"_rootPartCFrame":[756.046,247.562,40.79,-1,0,-0.005,0,1,0,0.005,0,-1],"_humanoidState":5,"_cameraCFrame":[753.023,262.864,32.825,-0.988,0.133,-0.08,0,0.517,0.856,0.155,0.846,-0.511],"_shiftlockState":true,"_pose":"FreeFall","_animationQueue":[],"_animationSpeed":1,"_zoom":16.125},{"_mousePosition":[683,384],"_rootPartCFrame":[755.782,247.73,40.826,-1,0,-0.023,0,1,0,0.023,0,-1],"_humanoidState":5,"_cameraCFrame":[752.652,263.08,32.987,-0.985,0.146,-0.087,0,0.512,0.859,0.17,0.846,-0.505],"_shiftlockState":true,"_pose":"FreeFall","_animationQueue":[],"_animationSpeed":1,"_zoom":16.125},{"_mousePosition":[683,384],"_rootPartCFrame":[755.519,247.843,40.867,-0.999,0,-0.038,0,1,0,0.038,0,-0.999],"_humanoidState":5,"_cameraCFrame":[752.373,263.21,33.062,-0.985,0.149,-0.088,0,0.51,0.86,0.173,0.847,-0.503],"_shiftlockState":true,"_pose":"FreeFall","_animationQueue":[],"_animationSpeed":1,"_zoom":16.125},{"_mousePosition":[683,384],"_rootPartCFrame":[755.256,247.902,40.911,-0.999,0,-0.04,0,1,0,0.04,0,-0.999],"_humanoidState":5,"_cameraCFrame":[752.027,263.317,33.227,-0.983,0.16,-0.094,0,0.505,0.863,0.185,0.