[{"_mousePosition":[1123,387],"_rootPartCFrame":[776.031,222.961,47.142,0,-0.004,1,0,1,0.004,-1,0,0],"_humanoidState":8,"_cameraCFrame":[782.59,233.509,46.806,-0.051,-0.808,0.587,0,0.588,0.809,-0.999,0.041,-0.03],"_shiftlockState":false,"_pose":"Standing","_animationQueue":[],"_animationSpeed":1,"_zoom":11.184},{"_mousePosition":[1118,386],"_rootPartCFrame":[775.728,222.805,47.157,-0.008,0,1,0,1,0,-1,0,-0.008],"_humanoidState":8,"_cameraCFrame":[782.293,233.353,46.822,-0.051,-0.808,0.587,0,0.588,0.809,-0.999,0.041,-0.03],"_shiftlockState":false,"_pose":"Standing","_animationQueue":[],"_animationSpeed":1,"_zoom":11.184},{"_mousePosition":[1051,372],"_rootPartCFrame":[775.595,222.724,47.164,-0.011,0,1,0,1,0,-1,0,-0.011],"_humanoidState":8,"_cameraCFrame":[782.161,233.272,46.829,-0.051,-0.808,0.587,0,0.588,0.809,-0.999,0.041,-0.03],"_shiftlockState":false,"_pose":"Running","_animationQueue":[["walk",0.1]],"_animationSpeed":1.09,"_zoom":11.184},{"_mousePosition":[1045,371],"_rootPartCFrame":[775.329,222.612,47.178,-0.017,0,1,0,1,0,-1,0,-0.017],"_humanoidState":8,"_cameraCFrame":[781.894,233.161,46.842,-0.051,-0.808,0.587,0,0.588,0.809,-0.999,0.041,-0.03],"_shiftlockState":false,"_pose":"Running","_animationQueue":[],"_animationSpeed":1.09,"_zoom":11.184},{"_mousePosition":[1003,366],"_rootPartCFrame":[775.062,222.637,47.191,-0.021,0,1,0,1,0,-1,0,-0.021],"_humanoidState":8,"_cameraCFrame":[781.628,233.185,46.856,-0.051,-0.808,0.587,0,0.588,0.809,-0.999,0.041,-0.03],"_shiftlockState":false,"_pose":"Running","_animationQueue":[],"_animationSpeed":1.09,"_zoom":11.184},{"_mousePosition":[1000,366],"_rootPartCFrame":[774.796,222.663,47.205,-0.025,0,1,0,1,0,-1,0,-0.025],"_humanoidState":8,"_cameraCFrame":[781.361,233.211,46.87,-0.051,-0.808,0.587,0,0.588,0.809,-0.999,0.041,-0.03],"_shiftlockState":false,"_pose":"Running","_animationQueue":[],"_animationSpeed":1.09,"_zoom":11.184},{"_mousePosition":[961,365],"_rootPartCFrame":[774.53,222.68,47.219,-0.029,0,1,0,1,0,-1,0,-0.029],"_humanoidState":8,"_cameraCFrame":[781.095,233.228,46.883,-0.051,-0.808,0.587,0,0.588,0.809,-0.999,0.041,-0.03],"_shiftlockState":false,"_pose":"Running","_animationQueue":[],"_animationSpeed":1.09,"_zoom":11.184},{"_mousePosition":[958,365],"_rootPartCFrame":[774.263,222.689,47.232,-0.032,0,0.999,0,1,0,-0.999,0,-0.032],"_humanoidState":8,"_cameraCFrame":[780.829,233.237,46.897,-0.051,-0.808,0.587,0,0.588,0.809,-0.999,0.041,-0.03],"_shiftlockState":false,"_pose":"Running","_animationQueue":[],"_animationSpeed":1.09,"_zoom":11.184},{"_mousePosition":[933,370],"_rootPartCFrame":[773.997,222.694,47.246,-0.034,0,0.999,0,1,0,-0.999,0,-0.034],"_humanoidState":8,"_cameraCFrame":[780.562,233.242,46.91,-0.051,-0.808,0.587,0,0.588,0.809,-0.999,0.041,-0.03],"_shiftlockState":false,"_pose":"Running","_animationQueue":[["walk",0.1]],"_animationSpeed":1.09,"_zoom":11.184},{"_mousePosition":[931,371],"_rootPartCFrame":[773.731,222.697,47.26,-0.037,0,0.999,0,1,0,-0.999,0,-0.037],"_humanoidState":8,"_cameraCFrame":[780.296,233.245,46.924,-0.051,-0.808,0.587,0,0.588,0.809,-0.999,0.041,-0.03],"_shiftlockState":false,"_pose":"Running","_animationQueue":[],"_animationSpeed":1.09,"_zoom":11.184},{"_mousePosition":[922,378],"_rootPartCFrame":[773.464,222.698,47.273,-0.039,0,0.999,0,1,0,-0.999,0,-0.039],"_humanoidState":8,"_cameraCFrame":[780.03,233.246,46.938,-0.051,-0.808,0.587,0,0.588,0.809,-0.999,0.041,-0.03],"_shiftlockState":false,"_pose":"Running","_animationQueue":[],"_animationSpeed":1.09,"_zoom":11.184},{"_mousePosition":[922,378],"_rootPartCFrame":[773.198,222.699,47.287,-0.04,0,0.999,0,1,0,-0.999,0,-0.04],"_humanoidState":8,"_cameraCFrame":[779.763,233.247,46.951,-0.051,-0.808,0.587,0,0.588,0.809,-0.999,0.041,-0.03],"_shiftlockState":false,"_pose":"Running","_animationQueue":[],"_animationSpeed":1.09,"_zoom":11.184},{"_mousePosition":[916,391],"_rootPartCFrame":[772.932,222.699,47.3,-0.042,0,0.999,0,1,0,-0.999,0,-0.042],"_humanoidState":8,"_cameraCFrame":[779.497,233.247,46.965,-0.051,-0.808,0.587,0,0.588,0.809,-0.999,0.041,-0.03],"_shiftlockState":false,"_pose":"Running","_animationQueue":[],"_animationSpeed":1.09,"_zoom":11.184},{"_mousePosition":[916,391],"_rootPartCFrame":[772.665,222.699,47.314,-0.043,0,0.999,0,1,0,-0.999,0,-0.043],"_humanoidState":8,"_cameraCFrame":[779.105,233.337,46.958,-0.055,-0.816,0.576,0,0.577,0.817,-0.998,0.045,-0.032],"_shiftlockState":false,"_pose":"Running","_animationQueue":[],"_animationSpeed":1.09,"_zoom":11.184},{"_mousePosition":[916,391],"_rootPartCFrame":[772.399,222.7,47.328,-0.044,0,0.999,0,1,0,-0.999,0,-0.044],"_humanoidState":8,"_cameraCFrame":[778.712,233.424,46.972,-0.056,-0.824,0.564,0,0.565,0.825,-0.998,0.046,-0.032],"_shiftlockState":false,"_pose":"Running","_animationQueue":[["walk",0.1]],"_animationSpeed":1.09,"_zoom":11.184},{"_mousePosition":[916,391],"_rootPartCFrame":[772.133,222.7,47.342,-0.046,0,0.999,0,1,0,-0.999,0,-0.046],"_humanoidState":8,"_cameraCFrame":[778.334,233.5,46.999,-0.055,-0.83,0.555,0,0.555,0.832,-0.998,0.046,-0.031],"_shiftlockState":false,"_pose":"Running","_animationQueue":[],"_animationSpeed":1.09,"_zoom":11.184},{"_mousePosition":[916,391],"_rootPartCFrame":[771.866,222.7,47.357,-0.047,0,0.999,0,1,0,-0.999,0,-0.047],"_humanoidState":8,"_cameraCFrame":[777.972,233.565,47.045,-0.051,-0.836,0.546,0,0.547,0.837,-0.999,0.043,-0.028],"_shiftlockState":false,"_pose":"Running","_animationQueue":[],"_animationSpeed":1.09,"_zoom":11.184},{"_mousePosition":[916,391],"_rootPartCFrame":[771.6,222.7,47.372,-0.048,0,0.999,0,1,0,-0.999,0,-0.048],"_humanoidState":8,"_cameraCFrame":[777.624,233.619,47.102,-0.045,-0.841,0.539,0,0.539,0.842,-0.999,0.038,-0.024],"_shiftlockState":false,"_pose":"Running","_animationQueue":[],"_animationSpeed":1.09,"_zoom":11.184},{"_mousePosition":[916,391],"_rootPartCFrame":[771.334,222.7,47.386,-0.049,0,0.999,0,1,0,-0.999,0,-0.049],"_humanoidState":8,"_cameraCFrame":[777.269,233.677,47.182,-0.034,-0.847,0.531,0,0.531,0.847,-0.999,0.029,-0.018],"_shiftlockState":false,"_pose":"Running","_animationQueue":[],"_animationSpeed":1.09,"_zoom":11.184},{"_mousePosition":[916,391],"_rootPartCFrame":[771.068,222.7,47.398,-0.048,0,0.999,0,1,0,-0.999,0,-0.048],"_humanoidState":8,"_cameraCFrame":[776.928,233.724,47.276,-0.021,-0.851,0.524,0,0.524,0.852,-1,0.018,-0.011],"_shiftlockState":false,"_pose":"Running","_animationQueue":[],"_animationSpeed":1.09,"_zoom":11.184},{"_mousePosition":[916,391],"_rootPartCFrame":[770.801,222.7,47.407,-0.046,0,0.999,0,1,0,-0.999,0,-0.046],"_humanoidState":8,"_cameraCFrame":[776.586,233.771,47.39,-0.003,-0.856,0.517,0,0.517,0.856,-1,0.002,-0.001],"_shiftlockState":false,"_pose":"Running","_animationQueue":[],"_animationSpeed":1.09,"_zoom":11.184},{"_mousePosition":[916,391],"_rootPartCFrame":[770.534,222.7,47.413,-0.043,0,0.999,0,1,0,-0.999,0,-0.043],"_humanoidState":8,"_cameraCFrame":[776.257,233.808,47.492,0.014,-0.859,0.512,0,0.512,0.859,-1,-0.012,0.007],"_shiftlockState":false,"_pose":"Running","_animationQueue":[["walk",0.1]],"_animationSpeed":1.09,"_zoom":11.184},{"_mousePosition":[916,391],"_rootPartCFrame":[770.268,222.666,47.418,-0.04,0,0.999,0,1,0,-0.999,0,-0.04],"_humanoidState":8,"_cameraCFrame":[775.935,233.806,47.556,0.024,-0.862,0.507,0,0.507,0.862,-1,-0.021,0.012],"_shiftlockState":false,"_pose":"Running","_animationQueue":[],"_animationSpeed":1.09,"_zoom":11.184},{"_mousePosition":[916,391],"_rootPartCFrame":[770.001,223.528,47.424,-0.036,0,0.999,0,1,0,-0.999,0,-0.036],"_humanoidState":3,"_cameraCFrame":[775.645,234.683,47.573,0.026,-0.863,0.505,0,0.505,0.863,-1,-0.023,0.013],"_shiftlockState":false,"_pose":"Jumping","_animationQueue":[["walk",0.1],["jump",0.1]],"_animationSpeed":1,"_zoom":11.184},{"_mousePosition":[916,391],"_rootPartCFrame":[769.801,224.14,47.421,-0.032,0,1,0,1,0,-1,0,-0.032],"_humanoidState":5,"_cameraCFrame":[775.421,235.308,47.575,0.027,-0.864,0.503,0,0.503,0.864,-1,-0.024,0.014],"_shiftlockState":false,"_pose":"FreeFall","_animationQueue":[["jump",0.1]],"_animationSpeed":1,"_zoom":11.184},{"_mousePosition":[916,391],"_rootPartCFrame":[769.535,224.907,47.414,-0.024,0,1,0,1,0,-1,0,-0.024],"_humanoidState":5,"_cameraCFrame":[775.139,236.085,47.574,0.029,-0.865,0.501,0,0.501,0.865,-1,-0.025,0.014],"_shiftlockState":false,"_pose":"FreeFall","_animationQueue":[],"_animationSpeed":1,"_zoom":11.184},{"_mousePosition":[916,391],"_rootPartCFrame":[769.268,225.62,47.407,-0.017,0,1,0,1,0,-1,0,-0.017],"_humanoidState":5,"_cameraCFrame":[774.872,236.798,47.567,0.029,-0.865,0.501,0,0.501,0.865,-1,-0.025,0.014],"_shiftlockState":false,"_pose":"FreeFall","_animationQueue":[],"_animationSpeed":1,"_zoom":11.184},{"_mousePosition":[916,391],"_rootPartCFrame":[769.001,226.279,47.399,-0.011,0,1,0,1,0,-1,0,-0.011],"_humanoidState":5,"_cameraCFrame":[774.606,237.456,47.559,0.029,-0.865,0.501,0,0.501,0.865,-1,-0.025,0.014],"_shiftlockState":false,"_pose":"FreeFall","_animationQueue":[],"_animationSpeed":1,"_zoom":11.184},{"_mousePosition":[880,403],"_rootPartCFrame":[768.735,226.883,47.391,-0.005,0,1,0,1,0,-1,0,-0.005],"_humanoidState":5,"_cameraCFrame":[774.34,238.06,47.536,0.026,-0.865,0.501,0,0.501,0.865,-1,-0.022,0.013],"_shiftlockState":false,"_pose":"FreeFall","_animationQueue":[["jump",0.1]],"_animationSpeed":1,"_zoom":11.184},{"_mousePosition":[880,403],"_rootPartCFrame":[768.468,227.433,47.384,0,0,1,0,1,0,-1,0,0],"_humanoidState":5,"_cameraCFrame":[774.074,238.609,47.523,0.025,-0.865,0.501,0,0.501,0.865,-1,-0.021,0.012],"_shiftlockState":false,"_pose":"FreeFall","_animationQueue":[],"_animationSpeed":1,"_zoom":11.184},{"_mousePosition":[880,403],"_rootPartCFrame":[768.202,227.928,47.377,0.003,0,1,0,1,0,-1,0,0.003],"_humanoidState":5,"_cameraCFrame":[773.807,239.105,47.51,0.024,-0.865,0.501,0,0.501,0.865,-1,-0.021,0.012],"_shiftlockState":false,"_pose":"FreeFall","_animationQueue":[],"_animationSpeed":1,"_zoom":11.184},{"_mousePosition":[880,403],"_rootPartCFrame":[768.002,228.263,47.372,0.006,0,1,0,1,0,-1,0,0.006],"_humanoidState":5,"_cameraCFrame":[773.6,239.445,47.493,0.022,-0.865,0.501,0,0.501,0.866,-1,-0.019,0.011],"_shiftlockState":false,"_pose":"FreeFall","_animationQueue":[],"_animationSpeed":1,"_zoom":11.184},{"_mousePosition":[880,403],"_rootPartCFrame":[767.669,228.754,47.364,0.009,0,1,0,1,0,-1,0,0.009],"_humanoidState":5,"_cameraCFrame":[773.259,239.94,47.467,0.019,-0.866,0.5,0,0.5,0.866,-1,-0.016,0.009],"_shiftlockState":false,"_pose":"FreeFall","_animationQueue":[],"_animationSpeed":1,"_zoom":11.184},{"_mousePosition":[880,403],"_rootPartCFrame":[767.402,229.086,47.358,0.011,0,1,0,1,0,-1,0,0.011],"_humanoidState":5,"_cameraCFrame":[772.985,240.276,47.444,0.015,-0.866,0.499,0,0.499,0.866,-1,-0.013,0.008],"_shiftlockState":false,"_pose":"FreeFall","_animationQueue":[["fall",0.3]],"_animationSpeed":1,"_zoom":11.184},{"_mousePosition":[880,403],"_rootPartCFrame":[767.135,229.363,47.353,0.012,0,1,0,1,0,-1,0,0.012],"_humanoidState":5,"_cameraCFrame":[772.711,240.558,47.409,0.01,-0.867,0.499,0,0.499,0.867,-1,-0.009,0.005],"_shiftlockState":false,"_pose":"FreeFall","_animationQueue":[],"_animationSpeed":1,"_zoom":11.184},{"_mousePosition":[880,403],"_rootPartCFrame":[766.869,229.585,47.348,0.013,0,1,0,1,0,-1,0,0.013],"_humanoidState":5,"_cameraCFrame":[772.437,240.785,47.376,0.005,-0.867,0.498,0,0.498,0.867,-1,-0.004,0.002],"_shiftlockState":false,"_pose":"FreeFall","_animationQueue":[],"_animationSpeed":1,"_zoom":11.184},{"_mousePosition":[880,403],"_rootPartCFrame":[766.627,229.753,47.345,0.013,0,1,0,1,0,-1,0,0.013],"_humanoidState":5,"_cameraCFrame":[772.179,240.962,47.349,0.001,-0.868,0.496,0,0.496,0.868,-1,-0.001,0],"_shiftlockState":false,"_pose":"FreeFall","_animationQueue":[],"_animationSpeed":1,"_zoom":11.184},{"_mousePosition":[683,384],"_rootPartCFrame":[766.472,229.843,47.342,0.013,0,1,0,1,0,-1,0,0.013],"_humanoidState":5,"_cameraCFrame":[772.01,241.035,47.32,-0.004,-0.868,0.496,0,0.496,0.868,-1,0.004,-0.002],"_shiftlockState":false,"_pose":"FreeFall","_animationQueue":[],"_animationSpeed":1,"_zoom":11.184},{"_mousePosition":[683,384],"_rootPartCFrame":[766.263,229.925,47.339,0.013,0,1,0,1,0,-1,0,0.013],"_humanoidState":5,"_cameraCFrame":[771.805,241.124,47.316,-0.004,-0.868,0.496,0,0.496,0.868,-1,0.004,-0.002],"_shiftlockState":false,"_pose":"FreeFall","_animationQueue":[],"_animationSpeed":1,"_zoom":11.184},{"_mousePosition":[683,384],"_rootPartCFrame":[766.167,229.934,47.337,0.013,0,1,0,1,0,-1,0,0.013],"_humanoidState":5,"_cameraCFrame":[771.711,241.136,47.315,-0.004,-0.868,0.496,0,0.496,0.868,-1,0.004,-0.002],"_shiftlockState":false,"_pose":"FreeFall","_animationQueue":[],"_animationSpeed":1,"_zoom":11.184},{"_mousePosition":[683,384],"_rootPartCFrame":[766.074,229.897,47.336,0.013,0,1,0,1,0,-1,0,0.013],"_humanoidState":5,"_cameraCFrame":[771.62,241.103,47.313,-0.004,-0.868,0.496,0,0.496,0.868,-1,0.004,-0.002],"_shiftlockState":false,"_pose":"FreeFall","_animationQueue":[],"_animationSpeed":1,"_zoom":11.184},{"_mousePosition":[683,384],"_rootPartCFrame":[766.021,229.807,47.335,0.013,0,1,0,1,0,-1,0,0.013],"_humanoidState":5,"_cameraCFrame":[771.568,241.014,47.313,-0.004,-0.868,0.496,0,0.496,0.868,-1,0.004,-0.002],"_shiftlockState":false,"_pose":"FreeFall","_animationQueue":[],"_animationSpeed":1,"_zoom":11.184},{"_mousePosition":[683,384],"_rootPartCFrame":[765.936,229.616,47.335,0.011,0,1,0,1,0,-1,0,0.011],"_humanoidState":5,"_cameraCFrame":[771.484,240.825,47.312,-0.004,-0.868,0.496,0,0.496,0.868,-1,0.004,-0.002],"_shiftlockState":false,"_pose":"FreeFall","_animationQueue":[["fall",0.3]],"_animationSpeed":1,"_zoom":11.184},{"_mousePosition":[683,384],"_rootPartCFrame":[765.855,229.461,47.334,0.009,0,1,0,1,0,-1,0,0.009],"_humanoidState":5,"_cameraCFrame":[771.395,240.675,47.306,-0.005,-0.869,0.495,0,0.495,0.869,-1,0.004,-0.003],"_shiftlockState":false,"_pose":"FreeFall","_animationQueue":[],"_animationSpeed":1,"_zoom":11.184},{"_mousePosition":[683,384],"_rootPartCFrame":[765.713,229.207,47.335,0.008,0,1,0,1,0,-1,0,0.008],"_humanoidState":5,"_cameraCFrame":[771.253,240.421,47.307,-0.005,-0.869,0.495,0,0.495,0.869,-1,0.004,-0.003],"_shiftlockState":false,"_pose":"FreeFall","_animationQueue":[],"_animationSpeed":1,"_zoom":11.184},{"_mousePosition":[683,384],"_rootPartCFrame":[765.531,228.898,47.335,0.006,0,1,0,1,0,-1,0,0.006],"_humanoidState":5,"_cameraCFrame":[771.071,240.113,47.301,-0.006,-0.869,0.495,0,0.495,0.869,-1,0.005,-0.003],"_shiftlockState":false,"_pose":"FreeFall","_animationQueue":[],"_animationSpeed":1,"_zoom":11.184},{"_mousePosition":[683,384],"_rootPartCFrame":[765.309,228.535,47.336,0.004,0,1,0,1,0,-1,0,0.004],"_humanoidState":5,"_cameraCFrame":[770.849,239.749,47.302,-0.006,-0.869,0.495,0,0.495,0.869,-1,0.005,-0.003],"_shiftlockState":false,"_pose":"FreeFall","_animationQueue":[],"_animationSpeed":1,"_zoom":11.184},{"_mousePosition":[683,384],"_rootPartCFrame":[765.051,228.117,47.338,0.003,0,1,0,1,0,-1,0,0.003],"_humanoidState":5,"_cameraCFrame":[770.591,239.332,47.298,-0.007,-0.869,0.495,0,0.495,0.869,-1,0.006,-0.004],"_shiftlockState":false,"_pose":"FreeFall","_animationQueue":[],"_animationSpeed":1,"_zoom":11.184},{"_mousePosition":[683,384],"_rootPartCFrame":[764.717,227.518,47.34,0.001,0,1,0,1,0,-1,0,0.001],"_humanoidState":5,"_cameraCFrame":[770.25,238.737,47.288,-0.009,-0.869,0.495,0,0.495,0.869,-1,0.008,-0.005],"_shiftlockState":false,"_pose":"FreeFall","_animationQueue":[],"_animationSpeed":1,"_zoom":11.184},{"_mousePosition":[683,384],"_rootPartCFrame":[764.451,226.978,47.341,0,0,1,0,1,0,-1,0,0],"_humanoidState":5,"_cameraCFrame":[769.984,238.197,47.29,-0.009,-0.869,0.495,0,0.495,0.869,-1,0.008,-0.005],"_shiftlockState":false,"_pose":"FreeFall","_animationQueue":[["fall",0.3]],"_animationSpeed":1,"_zoom":11.184},{"_mousePosition":[683,384],"_rootPartCFrame":[764.251,226.537,47.343,-0.001,0,1,0,1,0,-1,0,-0.001],"_humanoidState":5,"_cameraCFrame":[769.784,237.756,47.292,-0.009,-0.869,0.495,0,0.495,0.869,-1,0.008,-0.005],"_shiftlockState":false,"_pose":"FreeFall","_animationQueue":[],"_animationSpeed":1,"_zoom":11.184},{"_mousePosition":[683,384],"_rootPartCFrame":[763.984,225.901,47.346,-0.002,0,1,0,1,0,-1,0,-0.002],"_humanoidState":5,"_cameraCFrame":[769.509,237.124,47.289,-0.01,-0.869,0.494,0,0.494,0.869,-1,0.009,-0.005],"_shiftlockState":false,"_pose":"FreeFall","_animationQueue":[],"_animationSpeed":1,"_zoom":11.184},{"_mousePosition":[683,384],"_rootPartCFrame":[763.651,225.029,47.349,-0.003,0,1,0,1,0,-1,0,-0.003],"_humanoidState":5,"_cameraCFrame":[769.176,236.253,47.292,-0.01,-0.869,0.494,0,0.494,0.869,-1,0.009,-0.005],"_shiftlockState":false,"_pose":"FreeFall","_animationQueue":[],"_animationSpeed":1,"_zoom":11.184},{"_mousePosition":[683,384],"_rootPartCFrame":[763.508,225.027,47.348,0.045,0,0.999,-0.006,1,0,-0.999,-0.006,0.045],"_humanoidState":12,"_cameraCFrame":[769.033,236.251,47.277,-0.011,-0.869,0.494,0,0.494,0.869,-1,0.01,-0.006],"_shiftlockState":false,"_pose":"Climbing","_animationQueue":[["walk",0.1],["fall",0.3],["climb",0.1],["climb",0]],"_animationSpeed":-3.622,"_zoom":11.184},{"_mousePosition":[683,384],"_rootPartCFrame":[763.593,225.188,47.372,0.014,0,1,-0.001,1,0,-1,-0.001,0.014],"_humanoidState":12,"_cameraCFrame":[769.118,236.412,47.302,-0.012,-0.869,0.494,0,0.494,0.869,-1,0.011,-0.006],"_shiftlockState":false,"_pose":"Climbing","_animationQueue":[["climb",0.1]],"_animationSpeed":0.443,"_zoom":11.184},{"_mousePosition":[683,384],"_rootPartCFrame":[763.617,225.421,47.382,0.01,0,1,0,1,0,-1,0,0.01],"_humanoidState":12,"_cameraCFrame":[769.142,236.644,47.308,-0.013,-0.869,0.494,0,0.494,0.869,-1,0.012,-0.007],"_shiftlockState":false,"_pose":"Climbing","_animationQueue":[["climb",0.1]],"_animationSpeed":0.916,"_zoom":11.184},{"_mousePosition":[683,384],"_rootPartCFrame":[763.618,225.561,47.382,0.01,0,1,0,1,0,-1,0,0.01],"_humanoidState":12,"_cameraCFrame":[769.143,236.784,47.308,-0.013,-0.869,0.494,0,0.494,0.869,-1,0.012,-0.007],"_shiftlockState":false,"_pose":"Climbing","_animationQueue":[["climb",0]],"_animationSpeed":0.916,"_zoom":11.184},{"_mousePosition":[683,384],"_rootPartCFrame":[763.618,225.747,47.382,0.01,0,1,0,1,0,-1,0,0.01],"_humanoidState":12,"_cameraCFrame":[769.143,236.971,47.307,-0.013,-0.869,0.494,0,0.494,0.869,-1,0.012,-0.007],"_shiftlockState":false,"_pose":"Climbing","_animationQueue":[],"_animationSpeed":0.916,"_zoom":11.184},{"_mousePosition":[683,384],"_rootPartCFrame":[763.618,225.981,47.382,0.01,0,1,0,1,0,-1,0,0.01],"_humanoidState":12,"_cameraCFrame":[769.143,237.204,47.307,-0.013,-0.869,0.494,0,0.494,0.869,-1,0.012,-0.007],"_shiftlockState":false,"_pose":"Climbing","_animationQueue":[],"_animationSpeed":0.916,"_zoom":11.184},{"_mousePosition":[683,384],"_rootPartCFrame":[763.618,226.121,47.382,0.01,0,1,0,1,0,-1,0,0.01],"_humanoidState":12,"_cameraCFrame":[769.143,237.344,47.307,-0.013,-0.869,0.494,0,0.494,0.869,-1,0.012,-0.007],"_shiftlockState":false,"_pose":"Climbing","_animationQueue":[],"_animationSpeed":0.916,"_zoom":11.184},{"_mousePosition":[683,384],"_rootPartCFrame":[763.618,226.307,47.382,0.01,0,1,0,1,0,-1,0,0.01],"_humanoidState":12,"_cameraCFrame":[763.707,233.641,49.781,0.999,-0.034,0.014,0,0.381,0.925,-0.037,-0.924,0.38],"_shiftlockState":false,"_pose":"Climbing","_animationQueue":[["climb",0]],"_animationSpeed":0.916,"_zoom":11.184},{"_mousePosition":[683,384],"_rootPartCFrame":[763.618,226.175,47.382,0.01,0,1,0,1,0,-1,0,0.01],"_humanoidState":12,"_cameraCFrame":[763.709,233.641,49.835,0.999,-0.034,0.014,0,0.381,0.925,-0.037,-0.924,0.38],"_shiftlockState":false,"_pose":"Climbing","_animationQueue":[],"_animationSpeed":0.916,"_zoom":11.184},{"_mousePosition":[683,384],"_rootPartCFrame":[763.618,225.99,47.382,0.01,0,1,0,1,0,-1,0,0.01],"_humanoidState":12,"_cameraCFrame":[765.461,233.641,49.846,0.999,-0.034,0.014,0,0.381,0.925,-0.037,-0.924,0.38],"_shiftlockState":true,"_pose":"Climbing","_animationQueue":[["climb",0.1]],"_animationSpeed":-0.896,"_zoom":11.184},{"_mousePosition":[683,384],"_rootPartCFrame":[764.198,226.492,47.419,0.996,0.003,-0.092,-0.003,1,0.003,0.092,-0.002,0.996],"_humanoidState":8,"_cameraCFrame":[766.05,234.426,49.996,0.999,-0.034,0.014,0,0.381,0.925,-0.037,-0.924,0.38],"_shiftlockState":true,"_pose":"Standing","_animationQueue":[["climb",0.1],["idle",0.1],["idle",0.1]],"_animationSpeed":1,"_zoom":11.184},{"_mousePosition":[683,384],"_rootPartCFrame":[764.435,226.853,47.411,1,0,0.013,0,1,0,-0.013,0,1],"_humanoidState":8,"_cameraCFrame":[766.361,235.568,50.262,0.998,-0.056,0.023,0,0.38,0.925,-0.06,-0.923,0.379],"_shiftlockState":true,"_pose":"Running","_animationQueue":[["walk",0.1]],"_animationSpeed":0.982,"_zoom":11.184},{"_mousePosition":[683,384],"_rootPartCFrame":[764.764,227.227,47.398,0.998,0,0.059,0,1,0,-0.059,0,0.998],"_humanoidState":8,"_cameraCFrame":[766.907,236.623,50.419,0.992,-0.115,0.048,0,0.382,0.924,-0.125,-0.917,0.379],"_shiftlockState":true,"_pose":"Running","_animationQueue":[],"_animationSpeed":0.982,"_zoom":11.184},{"_mousePosition":[683,384],"_rootPartCFrame":[764.964,227.41,47.387,0.992,0,0.125,0,1,0,-0.125,0,0.992],"_humanoidState":8,"_cameraCFrame":[767.697,237.419,50.408,0.958,-0.264,0.114,0,0.397,0.918,-0.288,-0.879,0.38],"_shiftlockState":true,"_pose":"Running","_animationQueue":[["walk",0.1]],"_animationSpeed":1.102,"_zoom":11.184},{"_mousePosition":[683,384],"_rootPartCFrame":[765.293,227.647,47.349,0.955,0,0.297,0,1,0,-0.297,0,0.955],"_humanoidState":8,"_cameraCFrame":[768.911,237.952,50.11,0.866,-0.452,0.216,0,0.431,0.903,-0.5,-0.781,0.373],"_shiftlockState":true,"_pose":"Running","_animationQueue":[],"_animationSpeed":1.102,"_zoom":11.184},{"_mousePosition":[683,384],"_rootPartCFrame":[765.557,228.51,47.316,0.861,0,0.509,0,1,0,-0.509,0,0.861],"_humanoidState":3,"_cameraCFrame":[770.278,238.966,49.358,0.686,-0.64,0.346,0,0.475,0.88,-0.728,-0.603,0.326],"_shiftlockState":true,"_pose":"Jumping","_animationQueue":[["walk",0.1],["jump",0.1]],"_animationSpeed":1,"_zoom":11.184},{"_mousePosition":[683,384],"_rootPartCFrame":[765.838,229.319,47.237,0.748,0,0.664,0,1,0,-0.664,0,0.748],"_humanoidState":5,"_cameraCFrame":[771.597,239.737,47.819,0.397,-0.781,0.483,0,0.526,0.85,-0.918,-0.337,0.209],"_shiftlockState":true,"_pose":"FreeFall","_animationQueue":[["jump",0.1]],"_animationSpeed":1,"_zoom":11.184},{"_mousePosition":[683,384],"_rootPartCFrame":[766.112,230.072,47.116,0.511,0,0.86,0,1,0,-0.86,0,0.511],"_humanoidState":5,"_cameraCFrame":[772.414,240.28,45.651,0.046,-0.812,0.581,0,0.582,0.813,-0.999,-0.037,0.026],"_shiftlockState":true,"_pose":"FreeFall","_animationQueue":[],"_animationSpeed":1,"_zoom":11.184},{"_mousePosition":[683,384],"_rootPartCFrame":[766.366,230.772,46.966,0.177,0,0.984,0,1,0,-0.984,0,0.177],"_humanoidState":5,"_cameraCFrame":[772.578,240.721,43.7,-0.23,-0.758,0.61,0,0.627,0.779,-0.973,0.179,-0.144],"_shiftlockState":true,"_pose":"FreeFall","_animationQueue":[],"_animationSpeed":1,"_zoom":11.184},{"_mousePosition":[683,384],"_rootPartCFrame":[766.591,231.417,46.8,-0.099,0,0.995,0,1,0,-0.995,0,-0.099],"_humanoidState":5,"_cameraCFrame":[772.485,241.174,42.313,-0.401,-0.691,0.602,0,0.657,0.754,-0.916,0.302,-0.263],"_shiftlockState":true,"_pose":"FreeFall","_animationQueue":[],"_animationSpeed":1,"_zoom":11.184},{"_mousePosition":[683,384],"_rootPartCFrame":[766.782,232.007,46.631,-0.278,0,0.96,0,1,0,-0.96,0,-0.278],"_humanoidState":5,"_cameraCFrame":[772.471,241.56,41.384,-0.494,-0.635,0.594,0,0.683,0.73,-0.869,0.361,-0.338],"_shiftlockState":true,"_pose":"FreeFall","_animationQueue":[],"_animationSpeed":1,"_zoom":11.184},{"_mousePosition":[683,384],"_rootPartCFrame":[766.941,232.543,46.463,-0.385,0,0.923,0,1,0,-0.923,0,-0.385],"_humanoidState":5,"_cameraCFrame":[772.601,241.927,40.841,-0.532,-0.603,0.595,0,0.703,0.712,-0.847,0.378,-0.374],"_shiftlockState":true,"_pose":"FreeFall","_animationQueue":[],"_animationSpeed":1,"_zoom":11.184},{"_mousePosition":[683,384],"_rootPartCFrame":[767.037,232.909,46.341,-0.458,0,0.889,0,1,0,-0.889,0,-0.458],"_humanoidState":5,"_cameraCFrame":[772.774,242.211,40.613,-0.537,-0.592,0.601,0,0.712,0.702,-0.843,0.377,-0.383],"_shiftlockState":true,"_pose":"FreeFall","_animationQueue":[],"_animationSpeed":1,"_zoom":11.184},{"_mousePosition":[683,384],"_rootPartCFrame":[767.136,233.35,46.184,-0.534,0,0.845,0,1,0,-0.845,0,-0.534],"_humanoidState":5,"_cameraCFrame":[773.367,242.732,40.97,-0.462,-0.625,0.629,0,0.709,0.705,-0.887,0.325,-0.327],"_shiftlockState":true,"_pose":"FreeFall","_animationQueue":[["jump",0.1]],"_animationSpeed":1,"_zoom":11.184},{"_mousePosition":[683,384],"_rootPartCFrame":[767.204,233.736,46.046,-0.439,0,0.898,0,1,0,-0.898,0,-0.439],"_humanoidState":5,"_cameraCFrame":[773.707,243.182,41.28,-0.402,-0.651,0.644,0,0.704,0.71,-0.916,0.286,-0.283],"_shiftlockState":true,"_pose":"FreeFall","_animationQueue":[],"_animationSpeed":1,"_zoom":11.184},{"_mousePosition":[683,384],"_rootPartCFrame":[767.242,234.068,45.935,-0.407,0,0.913,0,1,0,-0.913,0,-0.407],"_humanoidState":5,"_cameraCFrame":[773.96,243.564,41.569,-0.349,-0.67,0.655,0,0.699,0.715,-0.937,0.249,-0.244],"_shiftlockState":true,"_pose":"FreeFall","_animationQueue":[],"_animationSpeed":1,"_zoom":11.184},{"_mousePosition":[683,384],"_rootPartCFrame":[767.25,234.28,45.868,-0.354,0,0.935,0,1,0,-0.935,0,-0.354],"_humanoidState":5,"_cameraCFrame":[774.117,243.802,41.787,-0.31,-0.682,0.662,0,0.697,0.717,-0.951,0.222,-0.216],"_shiftlockState":true,"_pose":"FreeFall","_animationQueue":[],"_animationSpeed":1,"_zoom":11.184},{"_mousePosition":[683,384],"_rootPartCFrame":[767.233,234.517,45.799,-0.316,0,0.949,0,1,0,-0.949,0,-0.316],"_humanoidState":5,"_cameraCFrame":[774.198,244.057,41.927,-0.282,-0.69,0.667,0,0.695,0.719,-0.959,0.203,-0.196],"_shiftlockState":true,"_pose":"FreeFall","_animationQueue":[],"_animationSpeed":1,"_zoom":11.184},{"_mousePosition":[683,384],"_rootPartCFrame":[767.183,234.698,45.751,-0.286,0,0.958,0,1,0,-0.958,0,-0.286],"_humanoidState":5,"_cameraCFrame":[774.219,244.251,42.037,-0.261,-0.695,0.67,0,0.694,0.72,-0.965,0.188,-0.181],"_shiftlockState":true,"_pose":"FreeFall","_animationQueue":[],"_animationSpeed":1,"_zoom":11.184},{"_mousePosition":[683,384],"_rootPartCFrame":[767.073,234.849,45.721,-0.265,0,0.964,0,1,0,-0.964,0,-0.265],"_humanoidState":5,"_cameraCFrame":[774.17,244.408,42.142,-0.243,-0.699,0.673,0,0.693,0.721,-0.97,0.175,-0.168],"_shiftlockState":true,"_pose":"FreeFall","_animationQueue":[["fall",0.3]],"_animationSpeed":1,"_zoom":11.184},{"_mousePosition":[683,384],"_rootPartCFrame":[766.981,234.898,45.718,-0.245,0,0.97,0,1,0,-0.97,0,-0.245],"_humanoidState":5,"_cameraCFrame":[774.174,244.464,42.349,-0.214,-0.704,0.677,0,0.693,0.721,-0.977,0.154,-0.148],"_shiftlockState":true,"_pose":"FreeFall","_animationQueue":[],"_animationSpeed":1,"_zoom":11.184},{"_mousePosition":[683,384],"_rootPartCFrame":[766.783,234.912,45.735,-0.219,0,0.976,0,1,0,-0.976,0,-0.219],"_humanoidState":5,"_cameraCFrame":[774.085,244.49,42.642,-0.177,-0.711,0.681,0,0.692,0.722,-0.984,0.128,-0.123],"_shiftlockState":true,"_pose":"FreeFall","_animationQueue":[],"_animationSpeed":1,"_zoom":11.184},{"_mousePosition":[683,384],"_rootPartCFrame":[766.584,234.862,45.767,-0.182,0,0.983,0,1,0,-0.983,0,-0.182],"_humanoidState":5,"_cameraCFrame":[773.979,244.453,42.938,-0.142,-0.716,0.683,0,0.69,0.723,-0.99,0.103,-0.098],"_shiftlockState":true,"_pose":"FreeFall","_animationQueue":[],"_animationSpeed":1,"_zoom":11.184},{"_mousePosition":[683,384],"_rootPartCFrame":[766.347,234.758,45.81,-0.147,0,0.989,0,1,0,-0.989,0,-0.147],"_humanoidState":5,"_cameraCFrame":[773.825,244.342,43.19,-0.114,-0.718,0.687,0,0.691,0.723,-0.993,0.082,-0.079],"_shiftlockState":true,"_pose":"FreeFall","_animationQueue":[],"_animationSpeed":1,"_zoom":11.184},{"_mousePosition":[683,384],"_rootPartCFrame":[766.085,234.599,45.849,-0.118,0,0.993,0,1,0,-0.993,0,-0.118],"_humanoidState":5,"_cameraCFrame":[773.583,244.177,43.268,-0.109,-0.718,0.687,0,0.692,0.722,-0.994,0.079,-0.075],"_shiftlockState":true,"_pose":"FreeFall","_animationQueue":[],"_animationSpeed":1,"_zoom":11.184},{"_mousePosition":[683,384],"_rootPartCFrame":[766.044,234.687,45.873,-0.016,-0.024,1,0,1,0.024,-1,0,-0.016],"_humanoidState":12,"_cameraCFrame":[773.52,244.252,43.291,-0.109,-0.717,0.689,0,0.693,0.721,-0.994,0.078,-0.075],"_shiftlockState":true,"_pose":"Climbing","_animationQueue":[["walk",0.1],["fall",0.3],["climb",0.1],["climb",0]],"_animationSpeed":-0.897,"_zoom":11.184},{"_mousePosition":[683,384],"_rootPartCFrame":[766.066,234.87,45.889,-0.077,-0.013,0.997,-0.001,1,0.013,-0.997,0,-0.077],"_humanoidState":12,"_cameraCFrame":[773.557,244.404,43.208,-0.121,-0.713,0.691,0,0.696,0.718,-0.993,0.087,-0.084],"_shiftlockState":true,"_pose":"Climbing","_animationQueue":[["climb",0.1],["climb",0]],"_animationSpeed":0.837,"_zoom":11.184},{"_mousePosition":[683,384],"_rootPartCFrame":[766.079,235.108,45.89,-0.115,0,0.993,0,1,0,-0.993,0,-0.115],"_humanoidState":12,"_cameraCFrame":[773.56,244.63,43.09,-0.137,-0.71,0.69,0,0.697,0.717,-0.991,0.098,-0.095],"_shiftlockState":true,"_pose":"Climbing","_animationQueue":[["climb",0.1]],"_animationSpeed":0.925,"_zoom":11.184},{"_mousePosition":[683,384],"_rootPartCFrame":[766.079,235.295,45.89,-0.137,0.001,0.991,0,1,-0.001,-0.991,0,-0.137],"_humanoidState":12,"_cameraCFrame":[773.507,244.798,42.9,-0.162,-0.706,0.689,0,0.699,0.716,-0.987,0.116,-0.113],"_shiftlockState":true,"_pose":"Climbing","_animationQueue":[],"_animationSpeed":0.925,"_zoom":11.184},{"_mousePosition":[683,384],"_rootPartCFrame":[766.079,235.435,45.89,-0.162,0,0.987,0,1,0,-0.987,0,-0.162],"_humanoidState":12,"_cameraCFrame":[773.417,244.919,42.641,-0.196,-0.7,0.687,0,0.7,0.714,-0.981,0.14,-0.137],"_shiftlockState":true,"_pose":"Climbing","_animationQueue":[],"_animationSpeed":0.925,"_zoom":11.184},{"_mousePosition":[683,384],"_rootPartCFrame":[766.079,235.668,45.89,-0.208,0,0.978,0,1,0,-0.978,0,-0.208],"_humanoidState":12,"_cameraCFrame":[773.355,245.243,42.729,-0.186,-0.709,0.68,0,0.692,0.722,-0.982,0.135,-0.129],"_shiftlockState":true,"_pose":"Climbing","_animationQueue":[["climb",0.1]],"_animationSpeed":0.925,"_zoom":11.184},{"_mousePosition":[683,384],"_rootPartCFrame":[766.079,235.855,45.89,-0.186,0,0.982,0,1,0,-0.982,0,-0.186],"_humanoidState":12,"_cameraCFrame":[773.264,245.578,42.908,-0.166,-0.725,0.668,0,0.678,0.735,-0.986,0.122,-0.112],"_shiftlockState":true,"_pose":"Climbing","_animationQueue":[],"_animationSpeed":0.925,"_zoom":11.184},{"_mousePosition":[683,384],"_rootPartCFrame":[766.055,236.007,45.895,-0.166,0,0.986,0,1,0,-0.986,0,-0.166],"_humanoidState":8,"_cameraCFrame":[773.128,245.864,43.018,-0.154,-0.738,0.657,0,0.665,0.747,-0.988,0.115,-0.103],"_shiftlockState":true,"_pose":"Standing","_animationQueue":[["climb",0.1],["idle",0.1],["idle",0.1]],"_animationSpeed":1,"_zoom":11.184},{"_mousePosition":[683,384],"_rootPartCFrame":[766.016,236.88,45.902,-0.154,0,0.988,0,1,0,-0.988,0,-0.154],"_humanoidState":3,"_cameraCFrame":[773.029,246.815,43.105,-0.145,-0.746,0.65,0,0.657,0.754,-0.989,0.109,-0.095],"_shiftlockState":true,"_pose":"Jumping","_animationQueue":[["walk",0.1],["jump",0.1]],"_animationSpeed":1,"_zoom":11.184},{"_mousePosition":[683,384],"_rootPartCFrame":[765.972,237.502,45.91,-0.146,0,0.989,0,1,0,-0.989,0,-0.146],"_humanoidState":5,"_cameraCFrame":[772.962,247.454,43.109,-0.146,-0.748,0.648,0,0.655,0.756,-0.989,0.11,-0.096],"_shiftlockState":true,"_pose":"FreeFall","_animationQueue":[["jump",0.1]],"_animationSpeed":1,"_zoom":11.184},{"_mousePosition":[683,384],"_rootPartCFrame":[765.879,238.283,45.925,-0.146,0,0.989,0,1,0,-0.989,0,-0.146],"_humanoidState":5,"_cameraCFrame":[772.869,248.235,43.124,-0.146,-0.748,0.648,0,0.655,0.756,-0.989,0.11,-0.096],"_shiftlockState":true,"_pose":"FreeFall","_animationQueue":[],"_animationSpeed":1,"_zoom":11.184},{"_mousePosition":[683,384],"_rootPartCFrame":[765.707,239.183,45.952,-0.146,0,0.989,0,1,0,-0.989,0,-0.146],"_humanoidState":5,"_cameraCFrame":[772.663,249.177,43.191,-0.141,-0.752,0.644,0,0.651,0.759,-0.99,0.107,-0.092],"_shiftlockState":true,"_pose":"FreeFall","_animationQueue":[],"_animationSpeed":1,"_zoom":11.184},{"_mousePosition":[683,384],"_rootPartCFrame":[765.474,239.998,45.987,-0.142,0,0.99,0,1,0,-0.99,0,-0.142],"_humanoidState":5,"_cameraCFrame":[772.41,250.02,43.267,-0.136,-0.755,0.641,0,0.648,0.762,-0.991,0.104,-0.088],"_shiftlockState":true,"_pose":"FreeFall","_animationQueue":[],"_animationSpeed":1,"_zoom":11.184},{"_mousePosition":[683,384],"_rootPartCFrame":[765.304,240.446,46.012,-0.137,0,0.991,0,1,0,-0.991,0,-0.137],"_humanoidState":5,"_cameraCFrame":[772.226,250.497,43.348,-0.129,-0.758,0.639,0,0.644,0.765,-0.992,0.099,-0.083],"_shiftlockState":true,"_pose":"FreeFall","_animationQueue":[["fall",0.3]],"_animationSpeed":1,"_zoom":11.184},{"_mousePosition":[683,384],"_rootPartCFrame":[765.048,240.995,46.048,-0.13,0,0.992,0,1,0,-0.992,0,-0.13],"_humanoidState":5,"_cameraCFrame":[771.944,251.099,43.485,-0.115,-0.764,0.635,0,0.639,0.769,-0.993,0.089,-0.074],"_shiftlockState":true,"_pose":"FreeFall","_animationQueue":[],"_animationSpeed":1,"_zoom":11.184},{"_mousePosition":[683,384],"_rootPartCFrame":[764.718,241.605,46.091,-0.117,0,0.993,0,1,0,-0.993,0,-0.117],"_humanoidState":5,"_cameraCFrame":[771.576,251.767,43.622,-0.103,-0.77,0.629,0,0.633,0.774,-0.995,0.08,-0.065],"_shiftlockState":true,"_pose":"FreeFall","_animationQueue":[],"_animationSpeed":1,"_zoom":11.184},{"_mousePosition":[683,384],"_rootPartCFrame":[764.453,242.032,46.123,-0.105,0,0.995,0,1,0,-0.995,0,-0.105],"_humanoidState":5,"_cameraCFrame":[771.269,252.256,43.761,-0.088,-0.777,0.623,0,0.626,0.78,-0.996,0.069,-0.055],"_shiftlockState":true,"_pose":"FreeFall","_animationQueue":[],"_animationSpeed":1,"_zoom":11.184},{"_mousePosition":[683,384],"_rootPartCFrame":[764.188,242.405,46.151,-0.09,0,0.996,0,1,0,-0.996,0,-0.09],"_humanoidState":5,"_cameraCFrame":[770.961,252.69,43.895,-0.074,-0.783,0.617,0,0.619,0.786,-0.997,0.058,-0.046],"_shiftlockState":true,"_pose":"FreeFall","_animationQueue":[],"_animationSpeed":1,"_zoom":11.184},{"_mousePosition":[683,384],"_rootPartCFrame":[763.989,242.648,46.169,-0.075,0,0.997,0,1,0,-0.997,0,-0.075],"_humanoidState":5,"_cameraCFrame":[770.713,253,44.032,-0.057,-0.79,0.61,0,0.611,0.791,-0.998,0.045,-0.035],"_shiftlockState":true,"_pose":"FreeFall","_animationQueue":[],"_animationSpeed":1,"_zoom":11.184},{"_mousePosition":[683,384],"_rootPartCFrame":[763.723,242.925,46.189,-0.059,0,0.998,0,1,0,-0.998,0,-0.059],"_humanoidState":5,"_cameraCFrame":[770.404,253.337,44.168,-0.04,-0.796,0.604,0,0.604,0.797,-0.999,0.032,-0.024],"_shiftlockState":true,"_pose":"FreeFall","_animationQueue":[["fall",0.3]],"_animationSpeed":1,"_zoom":11.184},{"_mousePosition":[683,384],"_rootPartCFrame":[763.525,243.134,46.21,0.009,0,1,-0.006,1,0,-1,-0.006,0.009],"_humanoidState":5,"_cameraCFrame":[770.186,253.617,46.044,-0.024,-0.803,0.596,0,0.596,0.803,-1,0.019,-0.014],"_shiftlockState":false,"_pose":"FreeFall","_animationQueue":[],"_animationSpeed":1,"_zoom":11.184},{"_mousePosition":[683,384],"_rootPartCFrame":[763.619,243.225,46.233,-0.018,0,1,0,1,0,-1,0,-0.018],"_humanoidState":5,"_cameraCFrame":[770.28,253.708,46.076,-0.024,-0.803,0.596,0,0.596,0.803,-1,0.019,-0.014],"_shiftlockState":false,"_pose":"FreeFall","_animationQueue":[],"_animationSpeed":1,"_zoom":11.184},{"_mousePosition":[683,384],"_rootPartCFrame":[763.643,243.239,46.244,-0.021,0,1,0,1,0,-1,0,-0.021],"_humanoidState":5,"_cameraCFrame":[770.248,253.764,46.186,-0.009,-0.807,0.591,0,0.591,0.807,-1,0.007,-0.005],"_shiftlockState":false,"_pose":"FreeFall","_animationQueue":[],"_animationSpeed":1,"_zoom":11.184},{"_mousePosition":[683,384],"_rootPartCFrame":[763.641,243.209,46.257,-0.022,0,1,0,1,0,-1,0,-0.022],"_humanoidState":5,"_cameraCFrame":[770.202,253.766,46.275,0.003,-0.81,0.587,0,0.587,0.81,-1,-0.002,0.002],"_shiftlockState":false,"_pose":"FreeFall","_animationQueue":[],"_animationSpeed":1,"_zoom":11.184},{"_mousePosition":[683,384],"_rootPartCFrame":[763.561,243.202,46.26,-0.021,0,1,0,1,0,-1,0,-0.021],"_humanoidState":7,"_cameraCFrame":[770.078,253.79,46.345,0.013,-0.813,0.583,0,0.583,0.813,-1,-0.011,0.008],"_shiftlockState":false,"_pose":"FreeFall","_animationQueue":[["walk",0.1],["fall",0.3],["fall",0.3]],"_animationSpeed":1,"_zoom":11.184},{"_mousePosition":[683,384],"_rootPartCFrame":[763.528,243.198,46.267,0.005,0.011,1,-0.001,1,-0.011,-1,-0.001,0.005],"_humanoidState":7,"_cameraCFrame":[770.015,253.818,46.425,0.025,-0.815,0.579,0,0.579,0.815,-1,-0.02,0.014],"_shiftlockState":false,"_pose":"FreeFall","_animationQueue":[],"_animationSpeed":1,"_zoom":11.184},{"_mousePosition":[683,384],"_rootPartCFrame":[763.525,243.202,46.265,0.001,0.003,1,-0.001,1,-0.003,-1,-0.001,0.001],"_humanoidState":8,"_cameraCFrame":[769.97,253.843,46.477,0.033,-0.817,0.576,0,0.576,0.817,-0.999,-0.027,0.019],"_shiftlockState":false,"_pose":"Running","_animationQueue":[["fall",0.3],["walk",0.1],["fall",0.3],["walk",0.1]],"_animationSpeed":0.083,"_zoom":11.184},{"_mousePosition":[683,384],"_rootPartCFrame":[763.525,243.202,46.265,0.001,0.003,1,-0.001,1,-0.003,-1,-0.001,0.001],"_humanoidState":8,"_cameraCFrame":[769.954,253.853,46.503,0.037,-0.818,0.574,0,0.575,0.818,-0.999,-0.03,0.021],"_shiftlockState":false,"_pose":"Running","_animationQueue":[["walk",0.1]],"_animationSpeed":0.058,"_zoom":11.184},{"_mousePosition":[683,384],"_rootPartCFrame":[763.525,243.202,46.265,0.001,0.003,1,-0.001,1,-0.003,-1,-0.001,0.001],"_humanoidState":8,"_cameraCFrame":[769.954,253.853,46.503,0.037,-0.818,0.574,0,0.575,0.818,-0.999,-0.03,0.021],"_shiftlockState":false,"_pose":"Standing","_animationQueue":[["idle",0.1]],"_animationSpeed":1,"_zoom":11.184},{"_mousePosition":[683,384],"_rootPartCFrame":[763.526,243.09,46.265,0.002,0.002,1,0,1,-0.002,-1,0,0.002],"_humanoidState":8,"_cameraCFrame":[769.954,253.741,46.504,0.037,-0.818,0.574,0,0.575,0.818,-0.999,-0.03,0.021],"_shiftlockState":false,"_pose":"Standing","_animationQueue":[],"_animationSpeed":1,"_zoom":11.184},{"_mousePosition":[683,384],"_rootPartCFrame":[763.527,242.922,46.265,0.002,0.002,1,0,1,-0.002,-1,0,0.002],"_humanoidState":8,"_cameraCFrame":[769.954,253.573,46.504,0.037,-0.818,0.574,0,0.575,0.818,-0.999,-0.03,0.021],"_shiftlockState":false,"_pose":"Standing","_animationQueue":[],"_animationSpeed":1,"_zoom":11.184},{"_mousePosition":[683,384],"_rootPartCFrame":[763.691,242.739,46.258,-0.175,0.002,0.985,0.01,1,0,-0.984,0.01,-0.175],"_humanoidState":8,"_cameraCFrame":[770.125,253.386,46.512,0.037,-0.817,0.575,0,0.575,0.818,-0.999,-0.03,0.021],"_shiftlockState":false,"_pose":"Standing","_animationQueue":[],"_animationSpeed":1,"_zoom":11.184},{"_mousePosition":[683,384],"_rootPartCFrame":[763.889,242.559,46.241,-0.403,0.001,0.915,0.012,1,0.004,-0.915,0.013,-0.403],"_humanoidState":8,"_cameraCFrame":[770.354,253.184,46.473,0.033,-0.816,0.578,0,0.578,0.816,-0.999,-0.027,0.019],"_shiftlockState":false,"_pose":"Running","_animationQueue":[["walk",0.1]],"_animationSpeed":0.818,"_zoom":11.184},{"_mousePosition":[683,384],"_rootPartCFrame":[764.082,242.328,46.228,-0.693,0.005,0.721,0.006,1,-0.001,-0.721,0.004,-0.693],"_humanoidState":8,"_cameraCFrame":[770.605,252.917,46.395,0.025,-0.812,0.583,0,0.583,0.813,-1,-0.02,0.014],"_shiftlockState":false,"_pose":"Running","_animationQueue":[["walk",0.1]],"_animationSpeed":0.818,"_zoom":11.184},{"_mousePosition":[683,384],"_rootPartCFrame":[764.161,242.226,46.228,-0.839,0.002,0.545,0.002,1,-0.001,-0.545,0.001,-0.839],"_humanoidState":8,"_cameraCFrame":[770.74,252.773,46.309,0.012,-0.809,0.588,0,0.588,0.809,-1,-0.01,0.007],"_shiftlockState":false,"_pose":"Running","_animationQueue":[["walk",0.1]],"_animationSpeed":0.44,"_zoom":11.184},{"_mousePosition":[683,384],"_rootPartCFrame":[764.277,243.33,46.232,-0.982,-0.003,0.189,-0.003,1,-0.003,-0.189,-0.004,-0.982],"_humanoidState":3,"_cameraCFrame":[770.907,253.834,46.23,0.001,-0.805,0.593,0,0.593,0.805,-1,0,0],"_shiftlockState":false,"_pose":"Jumping","_animationQueue":[["walk",0.1],["jump",0.1]],"_animationSpeed":1,"_zoo