[{"_mousePosition":[1184,415],"_rootPartCFrame":[776.026,222.98,47.142,0.003,0.002,1,0,1,-0.002,-1,0,0.003],"_humanoidState":8,"_cameraCFrame":[785.764,235.2,47.142,0,-0.74,0.672,0,0.672,0.74,-1,0,0],"_shiftlockState":false,"_pose":"Standing","_animationQueue":[],"_animationSpeed":1,"_zoom":14.48},{"_mousePosition":[1159,420],"_rootPartCFrame":[775.779,222.849,47.142,0.003,0,1,0,1,0,-1,0,0.003],"_humanoidState":8,"_cameraCFrame":[785.514,235.069,47.142,0,-0.74,0.672,0,0.672,0.74,-1,0,0],"_shiftlockState":false,"_pose":"Standing","_animationQueue":[],"_animationSpeed":1,"_zoom":14.48},{"_mousePosition":[1159,420],"_rootPartCFrame":[775.513,222.679,47.142,0.002,0,1,0,1,0,-1,0,0.002],"_humanoidState":8,"_cameraCFrame":[785.248,234.898,47.142,0,-0.74,0.672,0,0.672,0.74,-1,0,0],"_shiftlockState":false,"_pose":"Running","_animationQueue":[["walk",0.1]],"_animationSpeed":1.066,"_zoom":14.48},{"_mousePosition":[1094,425],"_rootPartCFrame":[775.247,222.655,47.142,0.002,0,1,0,1,0,-1,0,0.002],"_humanoidState":8,"_cameraCFrame":[784.981,234.875,47.142,0,-0.74,0.672,0,0.672,0.74,-1,0,0],"_shiftlockState":false,"_pose":"Running","_animationQueue":[],"_animationSpeed":1.066,"_zoom":14.48},{"_mousePosition":[1049,428],"_rootPartCFrame":[774.98,222.671,47.142,0.002,0,1,0,1,0,-1,0,0.002],"_humanoidState":8,"_cameraCFrame":[784.714,234.89,47.142,0,-0.74,0.672,0,0.672,0.74,-1,0,0],"_shiftlockState":false,"_pose":"Running","_animationQueue":[],"_animationSpeed":1.066,"_zoom":14.48},{"_mousePosition":[1049,428],"_rootPartCFrame":[774.713,222.683,47.142,0.001,0,1,0,1,0,-1,0,0.001],"_humanoidState":8,"_cameraCFrame":[784.448,234.903,47.142,0,-0.74,0.672,0,0.672,0.74,-1,0,0],"_shiftlockState":false,"_pose":"Running","_animationQueue":[],"_animationSpeed":1.066,"_zoom":14.48},{"_mousePosition":[961,434],"_rootPartCFrame":[774.58,222.688,47.142,0.001,0,1,0,1,0,-1,0,0.001],"_humanoidState":8,"_cameraCFrame":[784.314,234.907,47.142,0,-0.74,0.672,0,0.672,0.74,-1,0,0],"_shiftlockState":false,"_pose":"Running","_animationQueue":[["walk",0.1]],"_animationSpeed":1.066,"_zoom":14.48},{"_mousePosition":[916,435],"_rootPartCFrame":[774.18,222.695,47.142,0.001,0,1,0,1,0,-1,0,0.001],"_humanoidState":8,"_cameraCFrame":[783.914,234.914,47.142,0,-0.74,0.672,0,0.672,0.74,-1,0,0],"_shiftlockState":false,"_pose":"Running","_animationQueue":[],"_animationSpeed":1.066,"_zoom":14.48},{"_mousePosition":[876,435],"_rootPartCFrame":[773.913,222.697,47.142,0.001,0,1,0,1,0,-1,0,0.001],"_humanoidState":8,"_cameraCFrame":[783.648,234.917,47.142,0,-0.74,0.672,0,0.672,0.74,-1,0,0],"_shiftlockState":false,"_pose":"Running","_animationQueue":[],"_animationSpeed":1.066,"_zoom":14.48},{"_mousePosition":[839,435],"_rootPartCFrame":[773.646,222.698,47.142,0.001,0,1,0,1,0,-1,0,0.001],"_humanoidState":8,"_cameraCFrame":[783.381,234.918,47.142,0,-0.74,0.672,0,0.672,0.74,-1,0,0],"_shiftlockState":false,"_pose":"Running","_animationQueue":[],"_animationSpeed":1.066,"_zoom":14.48},{"_mousePosition":[836,435],"_rootPartCFrame":[773.38,222.699,47.142,0.001,0,1,0,1,0,-1,0,0.001],"_humanoidState":8,"_cameraCFrame":[783.114,234.918,47.142,0,-0.74,0.672,0,0.672,0.74,-1,0,0],"_shiftlockState":false,"_pose":"Running","_animationQueue":[],"_animationSpeed":1.066,"_zoom":14.48},{"_mousePosition":[756,435],"_rootPartCFrame":[773.113,222.699,47.142,0.001,0,1,0,1,0,-1,0,0.001],"_humanoidState":8,"_cameraCFrame":[782.847,234.919,47.142,0,-0.74,0.672,0,0.672,0.74,-1,0,0],"_shiftlockState":false,"_pose":"Running","_animationQueue":[],"_animationSpeed":1.066,"_zoom":14.48},{"_mousePosition":[716,436],"_rootPartCFrame":[772.979,222.699,47.142,0.001,0,1,0,1,0,-1,0,0.001],"_humanoidState":8,"_cameraCFrame":[782.714,234.919,47.142,0,-0.74,0.672,0,0.672,0.74,-1,0,0],"_shiftlockState":false,"_pose":"Running","_animationQueue":[["walk",0.1]],"_animationSpeed":1.066,"_zoom":14.48},{"_mousePosition":[657,443],"_rootPartCFrame":[772.579,222.7,47.142,0,0,1,0,1,0,-1,0,0],"_humanoidState":8,"_cameraCFrame":[782.314,234.92,47.142,0,-0.74,0.672,0,0.672,0.74,-1,0,0],"_shiftlockState":false,"_pose":"Running","_animationQueue":[],"_animationSpeed":1.066,"_zoom":14.48},{"_mousePosition":[657,443],"_rootPartCFrame":[772.312,222.695,47.142,0,0,1,0,1,0,-1,0,0],"_humanoidState":8,"_cameraCFrame":[782.047,234.914,47.142,0,-0.74,0.672,0,0.672,0.74,-1,0,0],"_shiftlockState":false,"_pose":"Running","_animationQueue":[["walk",0.1]],"_animationSpeed":1.066,"_zoom":14.48},{"_mousePosition":[657,443],"_rootPartCFrame":[772.046,222.696,47.142,0,0,1,0,1,0,-1,0,0],"_humanoidState":8,"_cameraCFrame":[781.78,234.916,47.142,0,-0.74,0.672,0,0.672,0.74,-1,0,0],"_shiftlockState":false,"_pose":"Running","_animationQueue":[],"_animationSpeed":1.066,"_zoom":14.48},{"_mousePosition":[657,443],"_rootPartCFrame":[771.779,222.698,47.142,0,0,1,0,1,0,-1,0,0],"_humanoidState":8,"_cameraCFrame":[781.505,234.925,47.111,-0.003,-0.741,0.672,0,0.672,0.741,-1,0.002,-0.002],"_shiftlockState":false,"_pose":"Running","_animationQueue":[],"_animationSpeed":1.066,"_zoom":14.48},{"_mousePosition":[657,443],"_rootPartCFrame":[771.512,222.699,47.142,0,0,1,0,1,0,-1,0,0],"_humanoidState":8,"_cameraCFrame":[781.186,234.973,47.051,-0.009,-0.744,0.668,0,0.668,0.744,-1,0.007,-0.006],"_shiftlockState":false,"_pose":"Running","_animationQueue":[],"_animationSpeed":1.066,"_zoom":14.48},{"_mousePosition":[657,443],"_rootPartCFrame":[771.245,222.699,47.143,0,0,1,0,1,0,-1,0,0],"_humanoidState":8,"_cameraCFrame":[780.813,235.067,46.942,-0.021,-0.75,0.661,0,0.661,0.751,-1,0.016,-0.014],"_shiftlockState":false,"_pose":"Running","_animationQueue":[],"_animationSpeed":1.066,"_zoom":14.48},{"_mousePosition":[657,443],"_rootPartCFrame":[770.846,222.699,47.146,-0.002,0,1,0,1,0,-1,0,-0.002],"_humanoidState":8,"_cameraCFrame":[780.296,235.167,46.849,-0.031,-0.757,0.653,0,0.653,0.757,-1,0.024,-0.021],"_shiftlockState":false,"_pose":"Running","_animationQueue":[],"_animationSpeed":1.066,"_zoom":14.48},{"_mousePosition":[657,443],"_rootPartCFrame":[770.579,222.7,47.152,-0.004,0,1,0,1,0,-1,0,-0.004],"_humanoidState":8,"_cameraCFrame":[779.853,235.31,46.695,-0.049,-0.766,0.64,0,0.641,0.767,-0.999,0.038,-0.032],"_shiftlockState":false,"_pose":"Running","_animationQueue":[],"_animationSpeed":1.066,"_zoom":14.48},{"_mousePosition":[657,443],"_rootPartCFrame":[770.312,222.666,47.157,-0.007,0,1,0,1,0,-1,0,-0.007],"_humanoidState":8,"_cameraCFrame":[779.348,235.461,46.503,-0.072,-0.778,0.624,0,0.626,0.78,-0.997,0.056,-0.045],"_shiftlockState":false,"_pose":"Running","_animationQueue":[["walk",0.1]],"_animationSpeed":1.066,"_zoom":14.48},{"_mousePosition":[657,443],"_rootPartCFrame":[770.046,222.577,47.163,-0.01,0,1,0,1,0,-1,0,-0.01],"_humanoidState":8,"_cameraCFrame":[778.774,235.596,46.264,-0.102,-0.791,0.603,0,0.606,0.795,-0.995,0.081,-0.062],"_shiftlockState":false,"_pose":"Running","_animationQueue":[],"_animationSpeed":1.066,"_zoom":14.48},{"_mousePosition":[657,443],"_rootPartCFrame":[769.779,223.45,47.168,-0.012,0,1,0,1,0,-1,0,-0.012],"_humanoidState":3,"_cameraCFrame":[778.178,236.691,46.036,-0.134,-0.804,0.58,0,0.585,0.811,-0.991,0.108,-0.078],"_shiftlockState":false,"_pose":"Jumping","_animationQueue":[["walk",0.1],["jump",0.1]],"_animationSpeed":1,"_zoom":14.48},{"_mousePosition":[657,443],"_rootPartCFrame":[769.58,224.072,47.184,-0.018,0,1,0,1,0,-1,0,-0.018],"_humanoidState":5,"_cameraCFrame":[777.577,237.567,45.832,-0.167,-0.817,0.552,0,0.56,0.828,-0.986,0.138,-0.093],"_shiftlockState":false,"_pose":"FreeFall","_animationQueue":[["jump",0.1]],"_animationSpeed":1,"_zoom":14.48},{"_mousePosition":[657,443],"_rootPartCFrame":[769.315,224.853,47.219,-0.032,0,0.999,0,1,0,-0.999,0,-0.032],"_humanoidState":5,"_cameraCFrame":[776.949,238.566,45.721,-0.193,-0.828,0.527,0,0.537,0.843,-0.981,0.162,-0.103],"_shiftlockState":false,"_pose":"FreeFall","_animationQueue":[],"_animationSpeed":1,"_zoom":14.48},{"_mousePosition":[657,443],"_rootPartCFrame":[768.987,225.753,47.273,-0.054,0,0.999,0,1,0,-0.999,0,-0.054],"_humanoidState":5,"_cameraCFrame":[776.368,239.614,45.728,-0.205,-0.836,0.51,0,0.521,0.854,-0.979,0.175,-0.107],"_shiftlockState":false,"_pose":"FreeFall","_animationQueue":[],"_animationSpeed":1,"_zoom":14.48},{"_mousePosition":[657,443],"_rootPartCFrame":[768.79,226.252,47.31,-0.067,0,0.998,0,1,0,-0.998,0,-0.067],"_humanoidState":5,"_cameraCFrame":[775.969,240.227,45.729,-0.215,-0.841,0.496,0,0.508,0.862,-0.977,0.185,-0.109],"_shiftlockState":false,"_pose":"FreeFall","_animationQueue":[],"_animationSpeed":1,"_zoom":14.48},{"_mousePosition":[657,443],"_rootPartCFrame":[768.464,227.015,47.378,-0.09,0,0.996,0,1,0,-0.996,0,-0.09],"_humanoidState":5,"_cameraCFrame":[775.427,241.108,45.76,-0.226,-0.847,0.481,0,0.494,0.87,-0.974,0.197,-0.112],"_shiftlockState":false,"_pose":"FreeFall","_animationQueue":[],"_animationSpeed":1,"_zoom":14.48},{"_mousePosition":[657,443],"_rootPartCFrame":[768.203,227.565,47.435,-0.108,0,0.994,0,1,0,-0.994,0,-0.108],"_humanoidState":5,"_cameraCFrame":[774.944,241.771,45.764,-0.241,-0.852,0.466,0,0.48,0.877,-0.971,0.211,-0.115],"_shiftlockState":false,"_pose":"FreeFall","_animationQueue":[],"_animationSpeed":1,"_zoom":14.48},{"_mousePosition":[657,443],"_rootPartCFrame":[768.008,227.941,47.48,-0.12,0,0.993,0,1,0,-0.993,0,-0.12],"_humanoidState":5,"_cameraCFrame":[774.603,242.214,45.735,-0.256,-0.853,0.455,0,0.471,0.882,-0.967,0.226,-0.12],"_shiftlockState":false,"_pose":"FreeFall","_animationQueue":[],"_animationSpeed":1,"_zoom":14.48},{"_mousePosition":[657,443],"_rootPartCFrame":[767.749,228.395,47.544,-0.136,0,0.991,0,1,0,-0.991,0,-0.136],"_humanoidState":5,"_cameraCFrame":[774.327,242.668,45.737,-0.265,-0.851,0.454,0,0.471,0.882,-0.964,0.234,-0.125],"_shiftlockState":false,"_pose":"FreeFall","_animationQueue":[],"_animationSpeed":1,"_zoom":14.48},{"_mousePosition":[657,443],"_rootPartCFrame":[767.427,228.886,47.628,-0.156,0,0.988,0,1,0,-0.988,0,-0.156],"_humanoidState":5,"_cameraCFrame":[774.034,243.148,45.85,-0.26,-0.851,0.456,0,0.473,0.881,-0.966,0.229,-0.123],"_shiftlockState":false,"_pose":"FreeFall","_animationQueue":[],"_animationSpeed":1,"_zoom":14.48},{"_mousePosition":[657,443],"_rootPartCFrame":[767.17,229.218,47.698,-0.171,0,0.985,0,1,0,-0.985,0,-0.171],"_humanoidState":5,"_cameraCFrame":[773.777,243.479,45.921,-0.26,-0.851,0.456,0,0.473,0.881,-0.966,0.229,-0.123],"_shiftlockState":false,"_pose":"FreeFall","_animationQueue":[],"_animationSpeed":1,"_zoom":14.48},{"_mousePosition":[657,443],"_rootPartCFrame":[766.977,229.431,47.751,-0.181,0,0.983,0,1,0,-0.983,0,-0.181],"_humanoidState":5,"_cameraCFrame":[773.584,243.692,45.973,-0.26,-0.851,0.456,0,0.473,0.881,-0.966,0.229,-0.123],"_shiftlockState":false,"_pose":"FreeFall","_animationQueue":[],"_animationSpeed":1,"_zoom":14.48},{"_mousePosition":[657,443],"_rootPartCFrame":[766.655,229.717,47.837,-0.195,0,0.981,0,1,0,-0.981,0,-0.195],"_humanoidState":5,"_cameraCFrame":[773.262,243.979,46.059,-0.26,-0.851,0.456,0,0.473,0.881,-0.966,0.229,-0.123],"_shiftlockState":false,"_pose":"FreeFall","_animationQueue":[],"_animationSpeed":1,"_zoom":14.48},{"_mousePosition":[657,443],"_rootPartCFrame":[766.461,229.849,47.889,-0.202,0,0.979,0,1,0,-0.979,0,-0.202],"_humanoidState":5,"_cameraCFrame":[772.614,244.11,44.421,-0.26,-0.851,0.456,0,0.473,0.881,-0.966,0.229,-0.123],"_shiftlockState":true,"_pose":"FreeFall","_animationQueue":[],"_animationSpeed":1,"_zoom":14.48},{"_mousePosition":[683,384],"_rootPartCFrame":[766.139,229.999,47.976,-0.263,0,0.965,0,1,0,-0.965,0,-0.263],"_humanoidState":5,"_cameraCFrame":[772.292,244.26,44.508,-0.26,-0.851,0.456,0,0.473,0.881,-0.966,0.229,-0.123],"_shiftlockState":true,"_pose":"FreeFall","_animationQueue":[],"_animationSpeed":1,"_zoom":14.48},{"_mousePosition":[683,384],"_rootPartCFrame":[765.946,230.048,48.028,-0.26,0,0.966,0,1,0,-0.966,0,-0.26],"_humanoidState":5,"_cameraCFrame":[772.099,244.31,44.56,-0.26,-0.851,0.456,0,0.473,0.881,-0.966,0.229,-0.123],"_shiftlockState":true,"_pose":"FreeFall","_animationQueue":[],"_animationSpeed":1,"_zoom":14.48},{"_mousePosition":[683,384],"_rootPartCFrame":[765.689,230.066,48.097,-0.26,0,0.966,0,1,0,-0.966,0,-0.26],"_humanoidState":5,"_cameraCFrame":[771.841,244.328,44.629,-0.26,-0.851,0.456,0,0.473,0.881,-0.966,0.229,-0.123],"_shiftlockState":true,"_pose":"FreeFall","_animationQueue":[],"_animationSpeed":1,"_zoom":14.48},{"_mousePosition":[683,384],"_rootPartCFrame":[765.431,230.03,48.166,-0.26,0,0.966,0,1,0,-0.966,0,-0.26],"_humanoidState":5,"_cameraCFrame":[771.583,244.292,44.699,-0.26,-0.851,0.456,0,0.473,0.881,-0.966,0.229,-0.123],"_shiftlockState":true,"_pose":"FreeFall","_animationQueue":[],"_animationSpeed":1,"_zoom":14.48},{"_mousePosition":[683,384],"_rootPartCFrame":[765.109,229.908,48.253,-0.26,0,0.966,0,1,0,-0.966,0,-0.26],"_humanoidState":5,"_cameraCFrame":[771.262,244.17,44.785,-0.26,-0.851,0.456,0,0.473,0.881,-0.966,0.229,-0.123],"_shiftlockState":true,"_pose":"FreeFall","_animationQueue":[["fall",0.3]],"_animationSpeed":1,"_zoom":14.48},{"_mousePosition":[683,384],"_rootPartCFrame":[764.916,229.794,48.305,-0.26,0,0.966,0,1,0,-0.966,0,-0.26],"_humanoidState":5,"_cameraCFrame":[771.068,244.055,44.837,-0.26,-0.851,0.456,0,0.473,0.881,-0.966,0.229,-0.123],"_shiftlockState":true,"_pose":"FreeFall","_animationQueue":[],"_animationSpeed":1,"_zoom":14.48},{"_mousePosition":[683,384],"_rootPartCFrame":[764.658,229.594,48.374,-0.26,0,0.966,0,1,0,-0.966,0,-0.26],"_humanoidState":5,"_cameraCFrame":[770.844,243.839,44.905,-0.259,-0.85,0.458,0,0.475,0.88,-0.966,0.228,-0.123],"_shiftlockState":true,"_pose":"FreeFall","_animationQueue":[],"_animationSpeed":1,"_zoom":14.48},{"_mousePosition":[683,384],"_rootPartCFrame":[764.336,229.268,48.461,-0.259,0,0.966,0,1,0,-0.966,0,-0.259],"_humanoidState":5,"_cameraCFrame":[770.537,243.513,45.018,-0.255,-0.851,0.459,0,0.475,0.88,-0.967,0.224,-0.121],"_shiftlockState":true,"_pose":"FreeFall","_animationQueue":[],"_animationSpeed":1,"_zoom":14.48},{"_mousePosition":[683,384],"_rootPartCFrame":[764.079,228.945,48.53,-0.255,0,0.967,0,1,0,-0.967,0,-0.255],"_humanoidState":5,"_cameraCFrame":[770.285,243.207,45.159,-0.245,-0.855,0.458,0,0.473,0.881,-0.97,0.216,-0.116],"_shiftlockState":true,"_pose":"FreeFall","_animationQueue":[],"_animationSpeed":1,"_zoom":14.48},{"_mousePosition":[683,384],"_rootPartCFrame":[763.821,228.568,48.598,-0.246,0,0.969,0,1,0,-0.969,0,-0.246],"_humanoidState":5,"_cameraCFrame":[769.982,242.874,45.312,-0.234,-0.86,0.454,0,0.467,0.884,-0.972,0.207,-0.109],"_shiftlockState":true,"_pose":"FreeFall","_animationQueue":[],"_animationSpeed":1,"_zoom":14.48},{"_mousePosition":[683,384],"_rootPartCFrame":[763.563,228.137,48.664,-0.236,0,0.972,0,1,0,-0.972,0,-0.236],"_humanoidState":5,"_cameraCFrame":[769.68,242.491,45.489,-0.22,-0.866,0.449,0,0.46,0.888,-0.975,0.195,-0.101],"_shiftlockState":true,"_pose":"FreeFall","_animationQueue":[["fall",0.3]],"_animationSpeed":1,"_zoom":14.48},{"_mousePosition":[683,384],"_rootPartCFrame":[763.303,227.651,48.727,-0.222,0,0.975,0,1,0,-0.975,0,-0.222],"_humanoidState":5,"_cameraCFrame":[769.326,242.09,45.72,-0.199,-0.876,0.44,0,0.449,0.894,-0.98,0.178,-0.089],"_shiftlockState":true,"_pose":"FreeFall","_animationQueue":[],"_animationSpeed":1,"_zoom":14.48},{"_mousePosition":[683,384],"_rootPartCFrame":[763.108,227.25,48.771,-0.201,0,0.98,0,1,0,-0.98,0,-0.201],"_humanoidState":5,"_cameraCFrame":[768.956,241.808,45.934,-0.178,-0.887,0.425,0,0.432,0.902,-0.984,0.161,-0.077],"_shiftlockState":true,"_pose":"FreeFall","_animationQueue":[],"_animationSpeed":1,"_zoom":14.48},{"_mousePosition":[683,384],"_rootPartCFrame":[762.88,227.169,48.819,-0.179,0,0.984,0,1,0,-0.984,0,-0.179],"_humanoidState":7,"_cameraCFrame":[768.527,241.835,46.082,-0.168,-0.896,0.41,0,0.416,0.909,-0.986,0.153,-0.07],"_shiftlockState":true,"_pose":"FreeFall","_animationQueue":[["walk",0.1],["fall",0.3],["fall",0.3]],"_animationSpeed":1,"_zoom":14.48},{"_mousePosition":[683,384],"_rootPartCFrame":[762.71,227.168,48.85,-0.168,0,0.986,0,1,0,-0.986,0,-0.168],"_humanoidState":7,"_cameraCFrame":[768.161,241.93,46.178,-0.163,-0.904,0.396,0,0.401,0.916,-0.987,0.149,-0.065],"_shiftlockState":true,"_pose":"FreeFall","_animationQueue":[],"_animationSpeed":1,"_zoom":14.48},{"_mousePosition":[683,384],"_rootPartCFrame":[762.582,227.168,48.872,-0.163,0,0.987,0,1,0,-0.987,0,-0.163],"_humanoidState":8,"_cameraCFrame":[767.801,242.036,46.262,-0.159,-0.911,0.38,0,0.384,0.923,-0.987,0.146,-0.061],"_shiftlockState":true,"_pose":"Running","_animationQueue":[["walk",0.1],["fall",0.3],["walk",0.1]],"_animationSpeed":0.716,"_zoom":14.48},{"_mousePosition":[683,384],"_rootPartCFrame":[762.369,228.252,48.908,-0.159,0,0.987,0,1,0,-0.987,0,-0.159],"_humanoidState":3,"_cameraCFrame":[767.377,243.212,46.36,-0.153,-0.919,0.364,0,0.369,0.93,-0.988,0.143,-0.057],"_shiftlockState":true,"_pose":"Jumping","_animationQueue":[["walk",0.1],["jump",0.1]],"_animationSpeed":1,"_zoom":14.48},{"_mousePosition":[683,384],"_rootPartCFrame":[762.174,229.061,48.941,-0.154,0,0.988,0,1,0,-0.988,0,-0.154],"_humanoidState":5,"_cameraCFrame":[767.009,244.096,46.463,-0.145,-0.925,0.351,0,0.355,0.935,-0.989,0.136,-0.052],"_shiftlockState":true,"_pose":"FreeFall","_animationQueue":[["jump",0.1]],"_animationSpeed":1,"_zoom":14.48},{"_mousePosition":[683,384],"_rootPartCFrame":[762.002,229.631,48.969,-0.146,0,0.989,0,1,0,-0.989,0,-0.146],"_humanoidState":5,"_cameraCFrame":[766.684,244.732,46.556,-0.137,-0.93,0.34,0,0.343,0.939,-0.991,0.128,-0.047],"_shiftlockState":true,"_pose":"FreeFall","_animationQueue":[],"_animationSpeed":1,"_zoom":14.48},{"_mousePosition":[683,384],"_rootPartCFrame":[761.744,230.344,49.007,-0.138,0,0.99,0,1,0,-0.99,0,-0.138],"_humanoidState":5,"_cameraCFrame":[766.326,245.489,46.649,-0.128,-0.934,0.332,0,0.335,0.942,-0.992,0.121,-0.043],"_shiftlockState":true,"_pose":"FreeFall","_animationQueue":[],"_animationSpeed":1,"_zoom":14.48},{"_mousePosition":[683,384],"_rootPartCFrame":[761.48,231.003,49.044,-0.13,0,0.992,0,1,0,-0.992,0,-0.13],"_humanoidState":5,"_cameraCFrame":[766.047,246.159,46.723,-0.121,-0.936,0.33,0,0.332,0.943,-0.993,0.114,-0.04],"_shiftlockState":true,"_pose":"FreeFall","_animationQueue":[],"_animationSpeed":1,"_zoom":14.48},{"_mousePosition":[683,384],"_rootPartCFrame":[761.215,231.607,49.079,-0.122,0,0.993,0,1,0,-0.993,0,-0.122],"_humanoidState":5,"_cameraCFrame":[765.879,246.731,46.767,-0.117,-0.934,0.336,0,0.339,0.941,-0.993,0.11,-0.04],"_shiftlockState":true,"_pose":"FreeFall","_animationQueue":[],"_animationSpeed":1,"_zoom":14.48},{"_mousePosition":[683,384],"_rootPartCFrame":[760.885,232.285,49.119,-0.118,0,0.993,0,1,0,-0.993,0,-0.118],"_humanoidState":5,"_cameraCFrame":[765.56,247.406,46.806,-0.117,-0.934,0.337,0,0.339,0.941,-0.993,0.11,-0.04],"_shiftlockState":true,"_pose":"FreeFall","_animationQueue":[],"_animationSpeed":1,"_zoom":14.48},{"_mousePosition":[683,384],"_rootPartCFrame":[760.686,232.651,49.143,-0.117,0,0.993,0,1,0,-0.993,0,-0.117],"_humanoidState":5,"_cameraCFrame":[765.361,247.772,46.83,-0.117,-0.934,0.337,0,0.339,0.941,-0.993,0.11,-0.04],"_shiftlockState":true,"_pose":"FreeFall","_animationQueue":[],"_animationSpeed":1,"_zoom":14.48},{"_mousePosition":[683,384],"_rootPartCFrame":[760.421,233.092,49.174,-0.117,0,0.993,0,1,0,-0.993,0,-0.117],"_humanoidState":5,"_cameraCFrame":[765.096,248.213,46.861,-0.117,-0.934,0.337,0,0.339,0.941,-0.993,0.11,-0.04],"_shiftlockState":true,"_pose":"FreeFall","_animationQueue":[],"_animationSpeed":1,"_zoom":14.48},{"_mousePosition":[683,384],"_rootPartCFrame":[760.156,233.478,49.205,-0.117,0,0.993,0,1,0,-0.993,0,-0.117],"_humanoidState":5,"_cameraCFrame":[764.831,248.599,46.892,-0.117,-0.934,0.337,0,0.339,0.941,-0.993,0.11,-0.04],"_shiftlockState":true,"_pose":"FreeFall","_animationQueue":[],"_animationSpeed":1,"_zoom":14.48},{"_mousePosition":[683,384],"_rootPartCFrame":[759.891,233.809,49.236,-0.117,0,0.993,0,1,0,-0.993,0,-0.117],"_humanoidState":5,"_cameraCFrame":[764.566,248.93,46.923,-0.117,-0.934,0.337,0,0.339,0.941,-0.993,0.11,-0.04],"_shiftlockState":true,"_pose":"FreeFall","_animationQueue":[],"_animationSpeed":1,"_zoom":14.48},{"_mousePosition":[683,384],"_rootPartCFrame":[759.626,234.086,49.268,-0.117,0,0.993,0,1,0,-0.993,0,-0.117],"_humanoidState":5,"_cameraCFrame":[764.301,249.207,46.955,-0.117,-0.934,0.337,0,0.339,0.941,-0.993,0.11,-0.04],"_shiftlockState":true,"_pose":"FreeFall","_animationQueue":[],"_animationSpeed":1,"_zoom":14.48},{"_mousePosition":[683,384],"_rootPartCFrame":[759.361,234.309,49.299,-0.117,0,0.993,0,1,0,-0.993,0,-0.117],"_humanoidState":5,"_cameraCFrame":[764.036,249.43,46.986,-0.117,-0.934,0.337,0,0.339,0.941,-0.993,0.11,-0.04],"_shiftlockState":true,"_pose":"FreeFall","_animationQueue":[],"_animationSpeed":1,"_zoom":14.48},{"_mousePosition":[683,384],"_rootPartCFrame":[759.097,234.477,49.33,-0.117,0,0.993,0,1,0,-0.993,0,-0.117],"_humanoidState":5,"_cameraCFrame":[763.771,249.598,47.017,-0.117,-0.934,0.337,0,0.339,0.941,-0.993,0.11,-0.04],"_shiftlockState":true,"_pose":"FreeFall","_animationQueue":[],"_animationSpeed":1,"_zoom":14.48},{"_mousePosition":[683,384],"_rootPartCFrame":[758.832,234.59,49.361,-0.117,0,0.993,0,1,0,-0.993,0,-0.117],"_humanoidState":5,"_cameraCFrame":[763.507,249.711,47.048,-0.117,-0.934,0.337,0,0.339,0.941,-0.993,0.11,-0.04],"_shiftlockState":true,"_pose":"FreeFall","_animationQueue":[],"_animationSpeed":1,"_zoom":14.48},{"_mousePosition":[683,384],"_rootPartCFrame":[758.567,234.649,49.392,-0.117,0,0.993,0,1,0,-0.993,0,-0.117],"_humanoidState":5,"_cameraCFrame":[763.242,249.77,47.079,-0.117,-0.934,0.337,0,0.339,0.941,-0.993,0.11,-0.04],"_shiftlockState":true,"_pose":"FreeFall","_animationQueue":[],"_animationSpeed":1,"_zoom":14.48},{"_mousePosition":[683,384],"_rootPartCFrame":[758.302,234.654,49.424,-0.117,0,0.993,0,1,0,-0.993,0,-0.117],"_humanoidState":5,"_cameraCFrame":[762.977,249.775,47.111,-0.117,-0.934,0.337,0,0.339,0.941,-0.993,0.11,-0.04],"_shiftlockState":true,"_pose":"FreeFall","_animationQueue":[],"_animationSpeed":1,"_zoom":14.48},{"_mousePosition":[683,384],"_rootPartCFrame":[757.971,234.583,49.463,-0.117,0,0.993,0,1,0,-0.993,0,-0.117],"_humanoidState":5,"_cameraCFrame":[762.646,249.704,47.15,-0.117,-0.934,0.337,0,0.339,0.941,-0.993,0.11,-0.04],"_shiftlockState":true,"_pose":"FreeFall","_animationQueue":[],"_animationSpeed":1,"_zoom":14.48},{"_mousePosition":[683,384],"_rootPartCFrame":[757.706,234.465,49.494,-0.117,0,0.993,0,1,0,-0.993,0,-0.117],"_humanoidState":5,"_cameraCFrame":[762.381,249.586,47.181,-0.117,-0.934,0.337,0,0.339,0.941,-0.993,0.11,-0.04],"_shiftlockState":true,"_pose":"FreeFall","_animationQueue":[],"_animationSpeed":1,"_zoom":14.48},{"_mousePosition":[683,384],"_rootPartCFrame":[757.507,234.34,49.517,-0.117,0,0.993,0,1,0,-0.993,0,-0.117],"_humanoidState":5,"_cameraCFrame":[762.182,249.461,47.204,-0.117,-0.934,0.337,0,0.339,0.941,-0.993,0.11,-0.04],"_shiftlockState":true,"_pose":"FreeFall","_animationQueue":[],"_animationSpeed":1,"_zoom":14.48},{"_mousePosition":[683,384],"_rootPartCFrame":[757.242,234.127,49.548,-0.117,0,0.993,0,1,0,-0.993,0,-0.117],"_humanoidState":5,"_cameraCFrame":[761.917,249.248,47.235,-0.117,-0.934,0.337,0,0.339,0.941,-0.993,0.11,-0.04],"_shiftlockState":true,"_pose":"FreeFall","_animationQueue":[],"_animationSpeed":1,"_zoom":14.48},{"_mousePosition":[683,384],"_rootPartCFrame":[757.055,234.093,49.571,-0.117,0,0.993,0,1,0,-0.993,0,-0.117],"_humanoidState":7,"_cameraCFrame":[761.71,249.221,47.265,-0.116,-0.935,0.336,0,0.338,0.941,-0.993,0.109,-0.039],"_shiftlockState":true,"_pose":"FreeFall","_animationQueue":[["fall",0.3],["walk",0.1],["fall",0.3],["fall",0.3]],"_animationSpeed":1,"_zoom":14.48},{"_mousePosition":[683,384],"_rootPartCFrame":[756.883,234.092,49.591,-0.116,0,0.993,0,1,0,-0.993,0,-0.116],"_humanoidState":7,"_cameraCFrame":[761.5,249.236,47.3,-0.114,-0.936,0.333,0,0.335,0.942,-0.993,0.107,-0.038],"_shiftlockState":true,"_pose":"FreeFall","_animationQueue":[],"_animationSpeed":1,"_zoom":14.48},{"_mousePosition":[683,384],"_rootPartCFrame":[756.712,234.092,49.611,-0.114,0,0.993,0,1,0,-0.993,0,-0.114],"_humanoidState":8,"_cameraCFrame":[761.261,249.271,47.393,-0.1,-0.94,0.326,0,0.328,0.945,-0.995,0.095,-0.033],"_shiftlockState":true,"_pose":"Running","_animationQueue":[["walk",0.1],["fall",0.3],["walk",0.1]],"_animationSpeed":0.712,"_zoom":14.48},{"_mousePosition":[683,384],"_rootPartCFrame":[756.499,235.162,49.636,-0.1,0,0.995,0,1,0,-0.995,0,-0.1],"_humanoidState":3,"_cameraCFrame":[760.979,250.379,47.513,-0.082,-0.944,0.319,0,0.32,0.947,-0.997,0.077,-0.026],"_shiftlockState":true,"_pose":"Jumping","_animationQueue":[["walk",0.1],["jump",0.1]],"_animationSpeed":1,"_zoom":14.48},{"_mousePosition":[683,384],"_rootPartCFrame":[756.356,235.763,49.652,-0.083,0,0.997,0,1,0,-0.997,0,-0.083],"_humanoidState":5,"_cameraCFrame":[760.727,251.039,47.689,-0.048,-0.95,0.308,0,0.308,0.951,-0.999,0.046,-0.015],"_shiftlockState":true,"_pose":"FreeFall","_animationQueue":[["jump",0.1]],"_animationSpeed":1,"_zoom":14.48},{"_mousePosition":[683,384],"_rootPartCFrame":[756.13,236.517,49.674,-0.011,0,1,0,1,0,-1,0,-0.011],"_humanoidState":5,"_cameraCFrame":[760.312,251.863,47.797,-0.03,-0.956,0.292,0,0.293,0.956,-1,0.029,-0.009],"_shiftlockState":true,"_pose":"FreeFall","_animationQueue":[],"_animationSpeed":1,"_zoom":14.48},{"_mousePosition":[683,384],"_rootPartCFrame":[755.872,237.216,49.683,-0.03,0,1,0,1,0,-1,0,-0.03],"_humanoidState":5,"_cameraCFrame":[759.944,252.583,47.718,-0.052,-0.956,0.288,0,0.288,0.958,-0.999,0.05,-0.015],"_shiftlockState":true,"_pose":"FreeFall","_animationQueue":[],"_animationSpeed":1,"_zoom":14.48},{"_mousePosition":[683,384],"_rootPartCFrame":[755.606,237.861,49.69,-0.049,0,0.999,0,1,0,-0.999,0,-0.049],"_humanoidState":5,"_cameraCFrame":[759.545,253.251,47.622,-0.079,-0.956,0.282,0,0.283,0.959,-0.997,0.076,-0.022],"_shiftlockState":true,"_pose":"FreeFall","_animationQueue":[],"_animationSpeed":1,"_zoom":14.48},{"_mousePosition":[683,384],"_rootPartCFrame":[755.339,238.452,49.703,-0.076,0,0.997,0,1,0,-0.997,0,-0.076],"_humanoidState":5,"_cameraCFrame":[759.1,253.871,47.503,-0.116,-0.955,0.274,0,0.276,0.961,-0.993,0.111,-0.032],"_shiftlockState":true,"_pose":"FreeFall","_animationQueue":[],"_animationSpeed":1,"_zoom":14.48},{"_mousePosition":[683,384],"_rootPartCFrame":[755.073,238.988,49.723,-0.111,0,0.994,0,1,0,-0.994,0,-0.111],"_humanoidState":5,"_cameraCFrame":[758.652,254.432,47.386,-0.156,-0.951,0.266,0,0.269,0.963,-0.988,0.15,-0.042],"_shiftlockState":true,"_pose":"FreeFall","_animationQueue":[],"_animationSpeed":1,"_zoom":14.48},{"_mousePosition":[683,384],"_rootPartCFrame":[754.808,239.469,49.753,-0.151,0,0.989,0,1,0,-0.989,0,-0.151],"_humanoidState":5,"_cameraCFrame":[758.211,254.939,47.303,-0.192,-0.947,0.258,0,0.263,0.965,-0.981,0.185,-0.051],"_shiftlockState":true,"_pose":"FreeFall","_animationQueue":[["fall",0.3]],"_animationSpeed":1,"_zoom":14.48},{"_mousePosition":[683,384],"_rootPartCFrame":[754.479,239.994,49.803,-0.186,0,0.983,0,1,0,-0.983,0,-0.186],"_humanoidState":5,"_cameraCFrame":[757.753,255.479,47.267,-0.221,-0.942,0.253,0,0.259,0.966,-0.975,0.213,-0.057],"_shiftlockState":true,"_pose":"FreeFall","_animationQueue":[],"_animationSpeed":1,"_zoom":14.48},{"_mousePosition":[683,384],"_rootPartCFrame":[754.282,240.268,49.84,-0.218,0,0.976,0,1,0,-0.976,0,-0.218],"_humanoidState":5,"_cameraCFrame":[757.443,255.768,47.243,-0.243,-0.938,0.248,0,0.255,0.967,-0.97,0.235,-0.062],"_shiftlockState":true,"_pose":"FreeFall","_animationQueue":[],"_animationSpeed":1,"_zoom":14.48},{"_mousePosition":[683,384],"_rootPartCFrame":[754.022,240.586,49.898,-0.24,0,0.971,0,1,0,-0.971,0,-0.24],"_humanoidState":5,"_cameraCFrame":[757.125,256.095,47.28,-0.252,-0.936,0.245,0,0.253,0.967,-0.968,0.244,-0.064],"_shiftlockState":true,"_pose":"FreeFall","_animationQueue":[],"_animationSpeed":1,"_zoom":14.48},{"_mousePosition":[683,384],"_rootPartCFrame":[753.763,240.849,49.962,-0.251,0,0.968,0,1,0,-0.968,0,-0.251],"_humanoidState":5,"_cameraCFrame":[756.844,256.361,47.334,-0.257,-0.935,0.244,0,0.252,0.968,-0.967,0.248,-0.065],"_shiftlockState":true,"_pose":"FreeFall","_animationQueue":[],"_animationSpeed":1,"_zoom":14.48},{"_mousePosition":[683,384],"_rootPartCFrame":[753.505,241.058,50.029,-0.256,0,0.967,0,1,0,-0.967,0,-0.256],"_humanoidState":5,"_cameraCFrame":[756.484,256.219,47.424,-0.258,-0.935,0.243,0,0.251,0.968,-0.966,0.249,-0.065],"_shiftlockState":true,"_pose":"FreeFall","_animationQueue":[],"_animationSpeed":1,"_zoom":14.48},{"_mousePosition":[683,384],"_rootPartCFrame":[753.247,241.213,50.097,-0.257,0,0.966,0,1,0,-0.966,0,-0.257],"_humanoidState":5,"_cameraCFrame":[755.905,255.138,47.578,-0.258,-0.935,0.242,0,0.251,0.968,-0.966,0.249,-0.065],"_shiftlockState":true,"_pose":"FreeFall","_animationQueue":[],"_animationSpeed":1,"_zoom":14.48},{"_mousePosition":[683,384],"_rootPartCFrame":[752.99,241.313,50.166,-0.257,0,0.966,0,1,0,-0.966,0,-0.257],"_humanoidState":5,"_cameraCFrame":[755.339,254.081,47.728,-0.258,-0.936,0.241,0,0.249,0.968,-0.966,0.249,-0.064],"_shiftlockState":true,"_pose":"FreeFall","_animationQueue":[["fall",0.3]],"_animationSpeed":1,"_zoom":14.48},{"_mousePosition":[683,384],"_rootPartCFrame":[752.732,241.358,50.234,-0.258,0,0.966,0,1,0,-0.966,0,-0.258],"_humanoidState":5,"_cameraCFrame":[754.802,253.078,47.888,-0.251,-0.938,0.238,0,0.246,0.969,-0.968,0.244,-0.062],"_shiftlockState":true,"_pose":"FreeFall","_animationQueue":[],"_animationSpeed":1,"_zoom":14.48},{"_mousePosition":[683,384],"_rootPartCFrame":[752.474,241.349,50.303,-0.252,0,0.968,0,1,0,-0.968,0,-0.252],"_humanoidState":5,"_cameraCFrame":[754.3,252.141,48.043,-0.242,-0.941,0.235,0,0.242,0.97,-0.97,0.235,-0.059],"_shiftlockState":true,"_pose":"FreeFall","_animationQueue":[],"_animationSpeed":1,"_zoom":14.48},{"_mousePosition":[683,384],"_rootPartCFrame":[752.216,241.285,50.37,-0.243,0,0.97,0,1,0,-0.97,0,-0.243],"_humanoidState":5,"_cameraCFrame":[753.996,251.909,48.149,-0.231,-0.945,0.232,0,0.239,0.971,-0.973,0.224,-0.055],"_shiftlockState":true,"_pose":"FreeFall","_animationQueue":[],"_animationSpeed":1,"_zoom":14.48},{"_mousePosition":[683,384],"_rootPartCFrame":[751.958,241.167,50.435,-0.233,0,0.973,0,1,0,-0.973,0,-0.233],"_humanoidState":5,"_cameraCFrame":[753.852,252.213,48.227,-0.215,-0.949,0.231,0,0.237,0.972,-0.977,0.209,-0.051],"_shiftlockState":true,"_pose":"FreeFall","_animationQueue":[],"_animationSpeed":1,"_zoom":14.48},{"_mousePosition":[683,384],"_rootPartCFrame":[751.698,240.995,50.497,-0.217,0,0.976,0,1,0,-0.976,0,-0.217],"_humanoidState":5,"_cameraCFrame":[753.818,252.865,48.304,-0.19,-0.954,0.23,0,0.234,0.972,-0.982,0.185,-0.045],"_shiftlockState":true,"_pose":"FreeFall","_animationQueue":[],"_animationSpeed":1,"_zoom":14.48},{"_mousePosition":[683,384],"_rootPartCFrame":[751.373,240.702,50.57,-0.194,0,0.981,0,1,0,-0.981,0,-0.194],"_humanoidState":5,"_cameraCFrame":[753.734,253.384,48.427,-0.155,-0.961,0.229,0,0.232,0.973,-0.988,0.151,-0.036],"_shiftlockState":true,"_pose":"FreeFall","_animationQueue":[["fall",0.3]],"_animationSpeed":1,"_zoom":14.48},{"_mousePosition":[683,384],"_rootPartCFrame":[751.177,240.486,50.609,-0.158,0,0.987,0,1,0,-0.987,0,-0.158],"_humanoidState":5,"_cameraCFrame":[751.616,244.724,48.795,-0.117,-0.966,0.229,0,0.23,0.973,-0.993,0.114,-0.027],"_shiftlockState":true,"_pose":"FreeFall","_animationQueue":[],"_animationSpeed":1,"_zoom":14.48},{"_mousePosition":[683,384],"_rootPartCFrame":[750.848,240.057,50.662,-0.123,0,0.992,0,1,0,-0.992,0,-0.123],"_humanoidState":5,"_cameraCFrame":[751.436,244.725,48.856,-0.084,-0.97,0.226,0,0.227,0.974,-0.996,0.082,-0.019],"_shiftlockState":true,"_pose":"FreeFall","_animationQueue":[],"_animationSpeed":1,"_zoom":14.48},{"_mousePosition":[683,384],"_rootPartCFrame":[750.711,239.653,50.683,-0.086,0,0.996,0,1,0,-0.996,0,-0.086],"_humanoidState":7,"_cameraCFrame":[751.426,244.725,48.886,-0.061,-0.973,0.224,0,0.225,0.974,-0.998,0.06,-0.014],"_shiftlockState":true,"_pose":"FreeFall","_animationQueue":[["walk",0.1],["fall",0.3],["fall",0.3]],"_animationSpeed":1,"_zoom":14.48},{"_mousePosition":[683,384],"_rootPartCFrame":[750.78,239.591,50.68,-0.062,0,0.998,0,1,0,-0.998,0,-0.062],"_humanoidState":7,"_cameraCFrame":[751.542,244.725,48.897,-0.042,-0.974,0.224,0,0.224,0.975,-0.999,0.041,-0.009],"_shiftlockState":true,"_pose":"FreeFall","_animationQueue":[],"_animationSpeed":1,"_zoom":14.48},{"_mousePosition":[683,384],"_rootPartCFrame":[750.953,239.589,50.669,-0.042,0,0.999,0,1,0,-0.999,0,-0.042],"_humanoidState":7,"_cameraCFrame":[751.754,244.725,48.903,-0.02,-0.974,0.224,0,0.224,0.975,-1,0.019,-0.004],"_shiftlockState":true,"_pose":"FreeFall","_animationQueue":[],"_animationSpeed":1,"_zoom":14.48},{"_mousePosition":[683,384],"_rootPartCFrame":[751.218,239.485,50.657,-0.02,0,1,0,1,0,-1,0,-0.02],"_humanoidState":8,"_cameraCFrame":[752.072,244.724,48.905,-0.003,-0.975,0.224,0,0.224,0.975,-1,0.003,-0.001],"_shiftlockState":true,"_pose":"Running","_animationQueue":[["walk",0.1],["fall",0.3],["walk",0.1]],"_animationSpeed":1.063,"_zoom":14.48},{"_mousePosition":[683,384],"_rootPartCFrame":[751.481,239.316,50.652,-0.003,0,1,0,1,0,-1,0,-0.003],"_humanoidState":8,"_cameraCFrame":[752.537,245.344,48.908,0.007,-0.974,0.225,0,0.225,0.974,-1,-0.006,0.001],"_shiftlockState":true,"_pose":"Running","_animationQueue":[["walk",0.1]],"_animationSpeed":1.063,"_zoom":14.48},{"_mousePosition":[683,384],"_rootPartCFrame":[751.733,239.092,50.65,0.007,0,1,0,1,0,-1,0,0.007],"_humanoidState":8,"_cameraCFrame":[753.189,246.814,48.913,0.009,-0.974,0.226,0,0.226,0.974,-1,-0.008,0.002],"_shiftlockState":true,"_pose":"Running","_animationQueue":[],"_animationSpeed":1.063,"_zoom":14.48},{"_mousePosition":[683,384],"_rootPartCFrame":[752.047,240.242,50.649,0.009,0,1,0,1,0,-1,0,0.009],"_humanoidState":3,"_cameraCFrame":[753.919,249.76,48.916,0.009,-0.974,0.226,0,0.226,0.974,-1,-0.008,0.002],"_shiftlockState":true,"_pose":"Jumping","_animationQueue":[["walk",0.1],["jump",0.1]],"_animationSpeed":1,"_zoom":14.48},{"_mousePosition":[683,384],"_rootPartCFrame":[752.245,240.893,50.651,0.071,0,0.997,0,1,0,-0.997,0,0.071],"_humanoidState":5,"_cameraCFrame":[754.481,251.985,48.92,0.009,-0.974,0.226,0,0.226,0.974,-1,-0.008,0.002],"_shiftlockState":true,"_pose":"FreeFall","_animationQueue":[["jump",0.1]],"_animationSpeed":1,"_zoom":14.48},{"_mousePosition":[683,384],"_rootPartCFrame":[752.512,241.714,50.653,0.133,0,0.991,0,1,0,-0.991,0,0.133],"_humanoidState":5,"_cameraCFrame":[755.024,253.998,48.925,0.009,-0.974,0.226,0,0.226,0.974,-1,-0.008,0.002],"_shiftlockState":true,"_pose":"FreeFall","_animationQueue":[],"_animationSpeed":1,"_zoom":14.48},{"_mousePosition":[683,384],"_rootPartCFrame":[752.778,242.48,50.655,-0.043,0,0.999,0,1,0,-0.999,0,-0.043],"_humanoidState":5,"_cameraCFrame":[755.573,255.774,48.927,0.008,-0.973,0.23,0,0.23,0.973,-1,-0.007,0.002],"_shiftlockState":true,"_pose":"FreeFall","_animationQueue":[],"_animationSpeed":1,"_zoom":14.48},{"_mousePosition":[683,384],"_rootPartCFrame":[753.045,243.191,50.658,-0.116,0,0.993,0,1,0,-0.993,0,-0.116],"_humanoidState":5,"_cameraCFrame":[756.064,257.131,48.909,0,-0.972,0.236,0,0.236,0.972,-1,0,0],"_shiftlockState":true,"_pose":"FreeFall","_animationQueue":[],"_animationSpeed":1,"_zoom":14.48},{"_mousePosition":[683,384],"_rootPartCFrame":[753.341,244.004,50.66,-0.042,0,0.999,0,1,0,-0.999,0,-0.042],"_humanoidState":5,"_cameraCFrame":[756.518,258.416,48.891,-0.006,-0.971,0.24,0,0.24,0.971,-1,0.006,-0.001],"_shiftlockState":true,"_pose":"FreeFall","_animationQueue":[],"_animationSpeed":1,"_zoom":14.48},{"_mousePosition":[683,384],"_rootPartCFrame":[753.489,244.451,50.662,-0.008,0,1,0,1,0,-1,0,-0.008],"_humanoidState":5,"_cameraCFrame":[756.769,259.223,48.875,-0.011,-0.97,0.241,0,0.241,0.97,-1,0.011,-0.003],"_shiftlockState":true,"_pose":"FreeFall","_animationQueue":[],"_animationSpeed":1,"_zoom":14.48},{"_mousePosition":[683,384],"_rootPartCFrame":[753.651,244.999,50.663,-0.012,0,1,0,1,0,-1,0,-0.012],"_humanoidState":5,"_cameraCFrame":[757.007,260.019,48.858,-0.016,-0.97,0.243,0,0.243,0.97,-1,0.016,-0.004],"_shiftlockState":true,"_pose":"FreeFall","_animationQueue":[],"_animationSpeed":1,"_zoom":14.48},{"_mousePosition":[683,384],"_rootPartCFrame":[753.774,245.493,50.664,-0.017,0,1,0,1,0,-1,0,-0.017],"_humanoidState":5,"_cameraCFrame":[757.198,260.675,48.821,-0.027,-0.969,0.246,0,0.246,0.969,-1,0.026,-0.007],"_shiftlockState":true,"_pose":"FreeFall","_animationQueue":[],"_animationSpeed":1,"_zoom":14.48},{"_mousePosition":[683,384],"_rootPartCFrame":[753.857,245.932,50.665,-0.026,0,1,0,1,0,-1,0,-0.026],"_humanoidState":5,"_cameraCFrame":[757.339,261.22,48.791,-0.035,-0.968,0.249,0,0.249,0.968,-0.999,0.034,-0.009],"_shiftlockState":true,"_pose":"FreeFall","_animationQueue":[],"_animationSpeed":1,"_zoom":14.48},{"_mousePosition":[683,384],"_rootPartCFrame":[753.9,246.316,50.667,-0.034,0,0.999,0,1,0,-0.999,0,-0.034],"_humanoidState":5,"_cameraCFrame":[757.427,261.669,48.754,-0.046,-0.967,0.252,0,0.252,0.968,-0.999,0.044,-0.012],"_shiftlockState":true,"_pose":"FreeFall","_animationQueue":[],"_animationSpeed":1,"_zoom":14.48},{"_mousePosition":[683,384],"_rootPartCFrame":[753.904,246.646,50.67,-0.044,0,0.999,0,1,0,-0.999,0,-0.044],"_humanoidState":5,"_cameraCFrame":[757.471,262.041,48.72,-0.055,-0.965,0.255,0,0.255,0.967,-0.998,0.053,-0.014],"_shiftlockState":true,"_pose":"FreeFall","_animationQueue":[],"_animationSpeed":1,"_zoom":14.48},{"_mousePosition":[683,384],"_rootPartCFrame":[753.867,246.922,50.673,-0.054,0,0.999,0,1,0,-0.999,0,-0.054],"_humanoidState":5,"_cameraCFrame":[757.465,262.342,48.699,-0.061,-0.964,0.257,0,0.258,0.966,-0.998,0.059,-0.016],"_shiftlockState":true,"_pose":"FreeFall","_animationQueue":[],"_animationSpeed":1,"_zoom":14.48},{"_mousePosition":[683,384],"_rootPartCFrame":[753.791,247.143,50.679,-0.06,0,0.998,0,1,0,-0.998,0,-0.06],"_humanoidState":5,"_cameraCFrame":[757.396,262.587,48.704,-0.061,-0.964,0.257,0,0.258,0.966,-0.998,0.059,-0.016],"_shiftlockState":true,"_pose":"FreeFall","_animationQueue":[],"_animationSpeed":1,"_zoom":14.48},{"_mousePosition":[683,384],"_rootPartCFrame":[753.676,247.309,50.687,-0.061,0,0.998,0,1,0,-0.998,0,-0.061],"_humanoidState":5,"_cameraCFrame":[757.284,262.77,48.711,-0.061,-0.964,0.257,0,0.258,0.966,-0.998,0.059,-0.016],"_shiftlockState":true,"_pose":"FreeFall","_animationQueue":[],"_animationSpeed":1,"_zoom":14.48},{"_mousePosition":[683,384],"_rootPartCFrame":[753.521,247.421,50.697,-0.061,0,0.998,0,1,0,-0.998,0,-0.061],"_humanoidState":5,"_cameraCFrame":[757.132,262.891,48.721,-0.061,-0.964,0.257,0,0.258,0.966,-0.998,0.059,-0.016],"_shiftlockState":true,"_pose":"FreeFall","_animationQueue":[],"_animationSpeed":1,"_zoom":14.48},{"_mousePosition":[683,384],"_rootPartCFrame":[753.326,247.479,50.709,-0.061,0,0.998,0,1,0,-0.998,0,-0.061],"_humanoidState":5,"_cameraCFrame":[756.939,262.957,48.733,-0.061,-0.964,0.257,0,0.258,0.966,-0.998,0.059,-0.016],"_shiftlockState":true,"_pose":"FreeFall","_animationQueue":[],"_animationSpeed":1,"_zoom":14.48},{"_mousePosition":[683,384],"_rootPartCFrame":[753.091,247.482,50.724,-0.061,0,0.998,0,1,0,-0.998,0,-0.061],"_humanoidState":5,"_cameraCFrame":[756.706,262.964,48.748,-0.061,-0.964,0.257,0,0.258,0.966,-0.998,0.059,-0.016],"_shiftlockState":true,"_pose":"FreeFall","_animationQueue":[],"_animationSpeed":1,"_zoom":14.48},{"_mousePosition":[683,384],"_rootPartCFrame":[752.828,247.43,50.74,-0.061,0,0.998,0,1,0,-0.998,0,-0.061],"_humanoidState":5,"_cameraCFrame":[756.443,262.915,48.764,-0.061,-0.964,0.257,0,0.258,0.966,-0.998,0.059,-0.016],"_shiftlockState":true,"_pose":"FreeFall","_animationQueue":[["fall",0.3]],"_animationSpeed":1,"_zoom":14.48},{"_mousePosition":[683,384],"_rootPartCFrame":[752.799,247.375,50.773,0.03,0,1,0.007,1,0,-1,0.007,0.03],"_humanoidState":5,"_cameraCFrame":[756.415,262.862,48.808,-0.061,-0.964,0.257,0,0.258,0.966,-0.998,0.059,-0.016],"_shiftlockState":true,"_pose":"FreeFall","_animationQueue":[],"_animationSpeed":1,"_zoom":14.48},{"_mousePosition":[683,