[{"_mousePosition":[1229,411],"_rootPartCFrame":[776.035,222.97,47.142,-0.002,-0.008,1,0,1,0.008,-1,0,-0.002],"_humanoidState":8,"_cameraCFrame":[776.082,229.518,44.078,-1,-0.016,0.01,0,0.519,0.855,-0.019,0.855,-0.519],"_shiftlockState":false,"_pose":"Standing","_animationQueue":[],"_animationSpeed":1,"_zoom":5.905},{"_mousePosition":[1221,418],"_rootPartCFrame":[775.864,222.879,47.139,0,-0.002,1,0,1,0.002,-1,0,0],"_humanoidState":8,"_cameraCFrame":[774.17,229.427,44.041,-1,-0.016,0.01,0,0.519,0.855,-0.019,0.855,-0.519],"_shiftlockState":true,"_pose":"Standing","_animationQueue":[],"_animationSpeed":1,"_zoom":5.905},{"_mousePosition":[683,384],"_rootPartCFrame":[775.534,222.689,47.132,-0.997,0.001,-0.075,0.001,1,0.001,0.075,0,-0.997],"_humanoidState":8,"_cameraCFrame":[773.845,229.237,44.035,-1,-0.016,0.01,0,0.519,0.855,-0.019,0.855,-0.519],"_shiftlockState":true,"_pose":"Running","_animationQueue":[["walk",0.1]],"_animationSpeed":1,"_zoom":5.905},{"_mousePosition":[683,384],"_rootPartCFrame":[775.334,222.651,47.128,-1,0,-0.008,0,1,0,0.008,0,-1],"_humanoidState":8,"_cameraCFrame":[773.602,229.228,44.103,-1,-0.005,0.003,0,0.511,0.86,-0.006,0.86,-0.511],"_shiftlockState":true,"_pose":"Running","_animationQueue":[["walk",0.1],["walk",0.1]],"_animationSpeed":1.104,"_zoom":5.905},{"_mousePosition":[683,384],"_rootPartCFrame":[775.068,222.662,47.123,-1,0,0,0,1,0,0,0,-1],"_humanoidState":8,"_cameraCFrame":[773.297,229.273,44.177,-1,0.006,-0.003,0,0.501,0.865,0.007,0.865,-0.501],"_shiftlockState":true,"_pose":"Running","_animationQueue":[],"_animationSpeed":1.104,"_zoom":5.905},{"_mousePosition":[683,384],"_rootPartCFrame":[774.801,222.678,47.121,-1,0,-0.008,0,1,0,0.008,0,-1],"_humanoidState":8,"_cameraCFrame":[773.007,229.312,44.232,-1,0.013,-0.008,0,0.494,0.869,0.015,0.869,-0.494],"_shiftlockState":true,"_pose":"Running","_animationQueue":[],"_animationSpeed":1.104,"_zoom":5.905},{"_mousePosition":[683,384],"_rootPartCFrame":[774.534,222.687,47.123,-1,0,-0.015,0,1,0,0.015,0,-1],"_humanoidState":8,"_cameraCFrame":[772.714,229.354,44.308,-1,0.022,-0.012,0,0.484,0.875,0.025,0.875,-0.484],"_shiftlockState":true,"_pose":"Running","_animationQueue":[],"_animationSpeed":1.104,"_zoom":5.905},{"_mousePosition":[683,384],"_rootPartCFrame":[774.268,222.693,47.126,-1,0,-0.025,0,1,0,0.025,0,-1],"_humanoidState":8,"_cameraCFrame":[772.424,229.396,44.396,-0.999,0.03,-0.016,0,0.473,0.881,0.034,0.881,-0.472],"_shiftlockState":true,"_pose":"Running","_animationQueue":[],"_animationSpeed":1.104,"_zoom":5.905},{"_mousePosition":[683,384],"_rootPartCFrame":[774.001,222.696,47.133,-0.999,0,-0.034,0,1,0,0.034,0,-0.999],"_humanoidState":8,"_cameraCFrame":[772.134,229.433,44.483,-0.999,0.039,-0.02,0,0.462,0.887,0.044,0.886,-0.462],"_shiftlockState":true,"_pose":"Running","_animationQueue":[],"_animationSpeed":1.104,"_zoom":5.905},{"_mousePosition":[683,384],"_rootPartCFrame":[773.735,222.698,47.141,-0.999,0,-0.044,0,1,0,0.044,0,-0.999],"_humanoidState":8,"_cameraCFrame":[771.839,229.476,44.596,-0.998,0.05,-0.025,0,0.448,0.894,0.056,0.892,-0.448],"_shiftlockState":true,"_pose":"Running","_animationQueue":[["walk",0.1]],"_animationSpeed":1.104,"_zoom":5.905},{"_mousePosition":[683,384],"_rootPartCFrame":[773.468,222.699,47.153,-0.998,0,-0.056,0,1,0,0.056,0,-0.998],"_humanoidState":8,"_cameraCFrame":[771.547,229.521,44.72,-0.998,0.062,-0.03,0,0.433,0.901,0.069,0.899,-0.432],"_shiftlockState":true,"_pose":"Running","_animationQueue":[],"_animationSpeed":1.104,"_zoom":5.905},{"_mousePosition":[683,384],"_rootPartCFrame":[773.202,222.699,47.167,-0.998,0,-0.069,0,1,0,0.069,0,-0.998],"_humanoidState":8,"_cameraCFrame":[771.259,229.56,44.839,-0.997,0.073,-0.034,0,0.419,0.908,0.08,0.905,-0.418],"_shiftlockState":true,"_pose":"Running","_animationQueue":[],"_animationSpeed":1.104,"_zoom":5.905},{"_mousePosition":[683,384],"_rootPartCFrame":[772.936,222.699,47.185,-0.997,0,-0.08,0,1,0,0.08,0,-0.997],"_humanoidState":8,"_cameraCFrame":[770.98,229.591,44.942,-0.996,0.081,-0.036,0,0.408,0.913,0.088,0.91,-0.406],"_shiftlockState":true,"_pose":"Running","_animationQueue":[],"_animationSpeed":1.104,"_zoom":5.905},{"_mousePosition":[683,384],"_rootPartCFrame":[772.67,222.699,47.206,-0.996,0,-0.088,0,1,0,0.088,0,-0.996],"_humanoidState":8,"_cameraCFrame":[770.707,229.613,45.021,-0.996,0.086,-0.037,0,0.4,0.917,0.094,0.913,-0.398],"_shiftlockState":true,"_pose":"Running","_animationQueue":[],"_animationSpeed":1.104,"_zoom":5.905},{"_mousePosition":[683,384],"_rootPartCFrame":[772.404,222.7,47.229,-0.995,0,-0.097,0,1,0,0.097,0,-0.995],"_humanoidState":8,"_cameraCFrame":[770.49,229.642,45.073,-0.997,0.068,-0.029,0,0.388,0.922,0.074,0.919,-0.387],"_shiftlockState":true,"_pose":"Running","_animationQueue":[],"_animationSpeed":1.104,"_zoom":5.905},{"_mousePosition":[683,384],"_rootPartCFrame":[772.139,222.695,47.254,-0.997,0,-0.074,0,1,0,0.074,0,-0.997],"_humanoidState":8,"_cameraCFrame":[770.254,229.648,45.101,-0.998,0.056,-0.023,0,0.384,0.924,0.061,0.922,-0.383],"_shiftlockState":true,"_pose":"Running","_animationQueue":[],"_animationSpeed":1.104,"_zoom":5.905},{"_mousePosition":[683,384],"_rootPartCFrame":[771.873,222.696,47.275,-0.998,0,-0.061,0,1,0,0.061,0,-0.998],"_humanoidState":8,"_cameraCFrame":[770.003,229.659,45.131,-0.999,0.051,-0.021,0,0.38,0.925,0.055,0.924,-0.379],"_shiftlockState":true,"_pose":"Running","_animationQueue":[],"_animationSpeed":1.104,"_zoom":5.905},{"_mousePosition":[683,384],"_rootPartCFrame":[771.607,222.698,47.291,-0.999,0,-0.055,0,1,0,0.055,0,-0.999],"_humanoidState":8,"_cameraCFrame":[769.742,229.666,45.157,-0.999,0.049,-0.02,0,0.378,0.926,0.053,0.925,-0.377],"_shiftlockState":true,"_pose":"Running","_animationQueue":[],"_animationSpeed":1.104,"_zoom":5.905},{"_mousePosition":[683,384],"_rootPartCFrame":[771.34,222.699,47.306,-0.999,0,-0.053,0,1,0,0.053,0,-0.999],"_humanoidState":8,"_cameraCFrame":[769.481,229.674,45.186,-0.999,0.047,-0.019,0,0.375,0.927,0.051,0.926,-0.374],"_shiftlockState":true,"_pose":"Running","_animationQueue":[],"_animationSpeed":1.104,"_zoom":5.905},{"_mousePosition":[683,384],"_rootPartCFrame":[771.074,222.699,47.32,-0.999,0,-0.051,0,1,0,0.051,0,-0.999],"_humanoidState":8,"_cameraCFrame":[769.222,229.681,45.212,-0.999,0.044,-0.018,0,0.372,0.928,0.047,0.927,-0.371],"_shiftlockState":true,"_pose":"Running","_animationQueue":[["walk",0.1]],"_animationSpeed":1.104,"_zoom":5.905},{"_mousePosition":[683,384],"_rootPartCFrame":[770.808,223.562,47.334,-0.999,0,-0.047,0,1,0,0.047,0,-0.999],"_humanoidState":3,"_cameraCFrame":[768.961,230.551,45.24,-0.999,0.042,-0.017,0,0.369,0.93,0.045,0.929,-0.368],"_shiftlockState":true,"_pose":"Jumping","_animationQueue":[["walk",0.1],["jump",0.1]],"_animationSpeed":1,"_zoom":5.905},{"_mousePosition":[683,384],"_rootPartCFrame":[770.475,224.564,47.35,-0.997,0,0.078,0,1,0,-0.078,0,-0.997],"_humanoidState":5,"_cameraCFrame":[768.63,231.557,45.262,-0.999,0.041,-0.016,0,0.367,0.93,0.044,0.929,-0.367],"_shiftlockState":true,"_pose":"FreeFall","_animationQueue":[["jump",0.1]],"_animationSpeed":1,"_zoom":5.905},{"_mousePosition":[683,384],"_rootPartCFrame":[770.275,225.124,47.359,-0.999,0,0.053,0,1,0,-0.053,0,-0.999],"_humanoidState":5,"_cameraCFrame":[768.431,232.119,45.276,-0.999,0.041,-0.016,0,0.366,0.93,0.044,0.93,-0.366],"_shiftlockState":true,"_pose":"FreeFall","_animationQueue":[],"_animationSpeed":1,"_zoom":5.905},{"_mousePosition":[683,384],"_rootPartCFrame":[770.008,225.824,47.371,-0.996,0,0.088,0,1,0,-0.088,0,-0.996],"_humanoidState":5,"_cameraCFrame":[768.165,232.82,45.292,-0.999,0.041,-0.016,0,0.366,0.931,0.044,0.93,-0.365],"_shiftlockState":true,"_pose":"FreeFall","_animationQueue":[],"_animationSpeed":1,"_zoom":5.905},{"_mousePosition":[683,384],"_rootPartCFrame":[769.742,226.469,47.383,-0.996,0,0.089,0,1,0,-0.089,0,-0.996],"_humanoidState":5,"_cameraCFrame":[767.898,233.465,45.304,-0.999,0.041,-0.016,0,0.366,0.931,0.044,0.93,-0.365],"_shiftlockState":true,"_pose":"FreeFall","_animationQueue":[],"_animationSpeed":1,"_zoom":5.905},{"_mousePosition":[683,384],"_rootPartCFrame":[769.476,227.059,47.395,-0.996,0,0.089,0,1,0,-0.089,0,-0.996],"_humanoidState":5,"_cameraCFrame":[767.632,234.055,45.316,-0.999,0.041,-0.016,0,0.366,0.931,0.044,0.93,-0.365],"_shiftlockState":true,"_pose":"FreeFall","_animationQueue":[],"_animationSpeed":1,"_zoom":5.905},{"_mousePosition":[683,384],"_rootPartCFrame":[769.209,227.595,47.407,-0.996,0,0.089,0,1,0,-0.089,0,-0.996],"_humanoidState":5,"_cameraCFrame":[767.366,234.593,45.332,-0.999,0.041,-0.016,0,0.365,0.931,0.044,0.93,-0.364],"_shiftlockState":true,"_pose":"FreeFall","_animationQueue":[],"_animationSpeed":1,"_zoom":5.905},{"_mousePosition":[683,384],"_rootPartCFrame":[768.943,228.076,47.419,-0.996,0,0.089,0,1,0,-0.089,0,-0.996],"_humanoidState":5,"_cameraCFrame":[767.087,235.078,45.364,-0.999,0.047,-0.018,0,0.363,0.932,0.051,0.93,-0.363],"_shiftlockState":true,"_pose":"FreeFall","_animationQueue":[],"_animationSpeed":1,"_zoom":5.905},{"_mousePosition":[683,384],"_rootPartCFrame":[768.677,228.503,47.43,-0.997,0,0.083,0,1,0,-0.083,0,-0.997],"_humanoidState":5,"_cameraCFrame":[766.789,235.51,45.419,-0.998,0.062,-0.024,0,0.361,0.933,0.066,0.93,-0.36],"_shiftlockState":true,"_pose":"FreeFall","_animationQueue":[],"_animationSpeed":1,"_zoom":5.905},{"_mousePosition":[683,384],"_rootPartCFrame":[768.41,228.876,47.444,-0.998,0,0.067,0,1,0,-0.067,0,-0.998],"_humanoidState":5,"_cameraCFrame":[766.482,235.892,45.501,-0.996,0.082,-0.031,0,0.357,0.934,0.088,0.931,-0.355],"_shiftlockState":true,"_pose":"FreeFall","_animationQueue":[],"_animationSpeed":1,"_zoom":5.905},{"_mousePosition":[683,384],"_rootPartCFrame":[768.144,229.193,47.461,-0.999,0,0.045,0,1,0,-0.045,0,-0.999],"_humanoidState":5,"_cameraCFrame":[766.17,236.219,45.589,-0.994,0.106,-0.04,0,0.353,0.936,0.113,0.93,-0.351],"_shiftlockState":true,"_pose":"FreeFall","_animationQueue":[],"_animationSpeed":1,"_zoom":5.905},{"_mousePosition":[683,384],"_rootPartCFrame":[767.879,229.457,47.483,-1,0,0.02,0,1,0,-0.02,0,-1],"_humanoidState":5,"_cameraCFrame":[765.851,236.494,45.705,-0.99,0.135,-0.05,0,0.347,0.938,0.144,0.928,-0.344],"_shiftlockState":true,"_pose":"FreeFall","_animationQueue":[],"_animationSpeed":1,"_zoom":5.905},{"_mousePosition":[683,384],"_rootPartCFrame":[767.614,229.666,47.512,-1,0,-0.012,0,1,0,0.012,0,-1],"_humanoidState":5,"_cameraCFrame":[765.533,236.714,45.834,-0.984,0.167,-0.061,0,0.342,0.94,0.177,0.925,-0.337],"_shiftlockState":true,"_pose":"FreeFall","_animationQueue":[],"_animationSpeed":1,"_zoom":5.905},{"_mousePosition":[683,384],"_rootPartCFrame":[767.361,229.82,47.564,-0.998,0,-0.062,0,1,0,0.062,0,-0.998],"_humanoidState":5,"_cameraCFrame":[765.228,236.882,45.998,-0.977,0.201,-0.072,0,0.336,0.942,0.213,0.92,-0.328],"_shiftlockState":true,"_pose":"FreeFall","_animationQueue":[],"_animationSpeed":1,"_zoom":5.905},{"_mousePosition":[683,384],"_rootPartCFrame":[767.129,229.92,47.65,-0.995,0,-0.105,0,1,0,0.105,0,-0.995],"_humanoidState":5,"_cameraCFrame":[764.939,236.991,46.201,-0.967,0.24,-0.084,0,0.332,0.943,0.254,0.912,-0.321],"_shiftlockState":true,"_pose":"FreeFall","_animationQueue":[],"_animationSpeed":1,"_zoom":5.905},{"_mousePosition":[683,384],"_rootPartCFrame":[766.917,229.965,47.769,-0.989,0,-0.146,0,1,0,0.146,0,-0.989],"_humanoidState":5,"_cameraCFrame":[764.65,237.04,46.457,-0.951,0.292,-0.102,0,0.33,0.944,0.309,0.898,-0.314],"_shiftlockState":true,"_pose":"FreeFall","_animationQueue":[],"_animationSpeed":1,"_zoom":5.905},{"_mousePosition":[683,384],"_rootPartCFrame":[766.728,229.956,47.921,-0.98,0,-0.201,0,1,0,0.201,0,-0.98],"_humanoidState":5,"_cameraCFrame":[764.38,237.03,46.762,-0.929,0.351,-0.123,0,0.33,0.944,0.371,0.876,-0.306],"_shiftlockState":true,"_pose":"FreeFall","_animationQueue":[],"_animationSpeed":1,"_zoom":5.905},{"_mousePosition":[683,384],"_rootPartCFrame":[766.563,229.893,48.105,-0.964,0,-0.264,0,1,0,0.264,0,-0.964],"_humanoidState":5,"_cameraCFrame":[764.106,236.953,47.115,-0.893,0.423,-0.151,0,0.337,0.942,0.45,0.841,-0.301],"_shiftlockState":true,"_pose":"FreeFall","_animationQueue":[],"_animationSpeed":1,"_zoom":5.905},{"_mousePosition":[683,384],"_rootPartCFrame":[766.426,229.775,48.318,-0.939,0,-0.344,0,1,0,0.344,0,-0.939],"_humanoidState":5,"_cameraCFrame":[763.855,236.812,47.502,-0.849,0.496,-0.184,0,0.347,0.938,0.529,0.796,-0.295],"_shiftlockState":true,"_pose":"FreeFall","_animationQueue":[],"_animationSpeed":1,"_zoom":5.905},{"_mousePosition":[683,384],"_rootPartCFrame":[766.315,229.605,48.525,-0.909,0.001,-0.417,0.001,1,0,0.417,0,-0.909],"_humanoidState":5,"_cameraCFrame":[763.652,236.618,47.863,-0.805,0.555,-0.213,0,0.358,0.934,0.594,0.751,-0.288],"_shiftlockState":true,"_pose":"FreeFall","_animationQueue":[["fall",0.3]],"_animationSpeed":1,"_zoom":5.905},{"_mousePosition":[683,384],"_rootPartCFrame":[766.151,229.736,48.534,-0.839,0,-0.544,0,1,0,0.544,0,-0.839],"_humanoidState":12,"_cameraCFrame":[763.421,236.728,47.983,-0.77,0.594,-0.234,0,0.367,0.93,0.638,0.716,-0.283],"_shiftlockState":true,"_pose":"Climbing","_animationQueue":[["walk",0.1],["fall",0.3],["climb",0.1],["climb",0]],"_animationSpeed":-0.914,"_zoom":5.905},{"_mousePosition":[683,384],"_rootPartCFrame":[765.679,230.429,48.156,-0.79,0,-0.613,-0.002,1,0.003,0.613,0.004,-0.79],"_humanoidState":3,"_cameraCFrame":[762.927,237.411,47.613,-0.764,0.599,-0.24,0,0.372,0.928,0.645,0.71,-0.284],"_shiftlockState":true,"_pose":"Jumping","_animationQueue":[["climb",0.1],["jump",0.1]],"_animationSpeed":1,"_zoom":5.905},{"_mousePosition":[683,384],"_rootPartCFrame":[765.253,231.067,47.836,-0.815,0,-0.58,-0.001,1,0.002,0.58,0.003,-0.815],"_humanoidState":5,"_cameraCFrame":[762.496,238.006,46.977,-0.816,0.533,-0.225,0,0.389,0.921,0.579,0.751,-0.318],"_shiftlockState":true,"_pose":"FreeFall","_animationQueue":[["jump",0.1]],"_animationSpeed":1,"_zoom":5.905},{"_mousePosition":[683,384],"_rootPartCFrame":[764.851,231.651,47.549,-0.867,0,-0.499,0,1,0.001,0.499,0.001,-0.867],"_humanoidState":5,"_cameraCFrame":[762.364,238.012,46.303,-0.911,0.377,-0.168,0,0.406,0.914,0.413,0.832,-0.37],"_shiftlockState":true,"_pose":"FreeFall","_animationQueue":[],"_animationSpeed":1,"_zoom":5.905},{"_mousePosition":[683,384],"_rootPartCFrame":[764.47,232.181,47.295,-0.942,0,-0.335,0,1,0,0.335,0,-0.942],"_humanoidState":5,"_cameraCFrame":[762.567,238.012,45.479,-0.997,0.074,-0.033,0,0.413,0.911,0.081,0.908,-0.412],"_shiftlockState":true,"_pose":"FreeFall","_animationQueue":[],"_animationSpeed":1,"_zoom":5.905},{"_mousePosition":[683,384],"_rootPartCFrame":[764.109,232.656,47.076,-1,0,-0.015,0,1,0,0.015,0,-1],"_humanoidState":5,"_cameraCFrame":[762.962,238.013,44.925,-0.952,-0.28,0.123,0,0.403,0.915,-0.306,0.871,-0.383],"_shiftlockState":true,"_pose":"FreeFall","_animationQueue":[],"_animationSpeed":1,"_zoom":5.905},{"_mousePosition":[683,384],"_rootPartCFrame":[763.766,233.077,46.892,-0.934,0,0.358,0,1,0,-0.358,0,-0.934],"_humanoidState":5,"_cameraCFrame":[763.377,238.014,44.656,-0.759,-0.6,0.252,0,0.387,0.922,-0.651,0.7,-0.294],"_shiftlockState":true,"_pose":"FreeFall","_animationQueue":[],"_animationSpeed":1,"_zoom":5.905},{"_mousePosition":[683,384],"_rootPartCFrame":[763.437,233.443,46.745,-0.724,0,0.69,0,1,0,-0.69,0,-0.724],"_humanoidState":5,"_cameraCFrame":[763.847,238.016,44.65,-0.404,-0.85,0.338,0,0.369,0.929,-0.915,0.376,-0.149],"_shiftlockState":true,"_pose":"FreeFall","_animationQueue":[],"_animationSpeed":1,"_zoom":5.905},{"_mousePosition":[683,384],"_rootPartCFrame":[763.122,233.755,46.635,-0.36,0,0.933,0,1,0,-0.933,0,-0.36],"_humanoidState":5,"_cameraCFrame":[764.076,238.018,44.827,-0.058,-0.932,0.357,0,0.357,0.934,-0.998,0.054,-0.021],"_shiftlockState":true,"_pose":"FreeFall","_animationQueue":[],"_animationSpeed":1,"_zoom":5.905},{"_mousePosition":[683,384],"_rootPartCFrame":[762.836,234.012,46.539,-0.004,0,1,0,1,0,-1,0,-0.004],"_humanoidState":5,"_cameraCFrame":[764.15,238.019,45.051,0.229,-0.912,0.341,0,0.351,0.937,-0.973,-0.215,0.08],"_shiftlockState":true,"_pose":"FreeFall","_animationQueue":[],"_animationSpeed":1,"_zoom":5.905},{"_mousePosition":[683,384],"_rootPartCFrame":[762.582,234.214,46.425,0.29,0,0.957,0,1,0,-0.957,0,0.29],"_humanoidState":5,"_cameraCFrame":[764.129,238.019,45.238,0.444,-0.84,0.313,0,0.349,0.937,-0.896,-0.416,0.155],"_shiftlockState":true,"_pose":"FreeFall","_animationQueue":[],"_animationSpeed":1,"_zoom":5.905},{"_mousePosition":[683,384],"_rootPartCFrame":[762.332,234.362,46.323,0.443,0,0.896,0,1,0,-0.896,0,0.443],"_humanoidState":5,"_cameraCFrame":[763.953,238.019,45.284,0.54,-0.789,0.294,0,0.349,0.937,-0.842,-0.506,0.188],"_shiftlockState":true,"_pose":"FreeFall","_animationQueue":[],"_animationSpeed":1,"_zoom":5.905},{"_mousePosition":[683,384],"_rootPartCFrame":[762.088,234.456,46.215,0.526,0,0.85,0,1,0,-0.85,0,0.526],"_humanoidState":5,"_cameraCFrame":[762.694,238.019,46.666,0.597,-0.753,0.276,0,0.344,0.939,-0.802,-0.56,0.205],"_shiftlockState":false,"_pose":"FreeFall","_animationQueue":[],"_animationSpeed":1,"_zoom":5.905},{"_mousePosition":[683,384],"_rootPartCFrame":[761.859,234.495,46.079,0.524,0,0.852,0,1,0,-0.852,0,0.524],"_humanoidState":5,"_cameraCFrame":[762.454,238.019,46.522,0.597,-0.753,0.276,0,0.344,0.939,-0.802,-0.56,0.205],"_shiftlockState":false,"_pose":"FreeFall","_animationQueue":[],"_animationSpeed":1,"_zoom":5.905},{"_mousePosition":[683,384],"_rootPartCFrame":[761.643,234.48,45.924,0.531,0,0.848,0,1,0,-0.848,0,0.531],"_humanoidState":5,"_cameraCFrame":[762.242,238.019,46.369,0.597,-0.753,0.276,0,0.344,0.939,-0.802,-0.56,0.205],"_shiftlockState":false,"_pose":"FreeFall","_animationQueue":[],"_animationSpeed":1,"_zoom":5.905},{"_mousePosition":[683,384],"_rootPartCFrame":[761.429,234.41,45.764,0.54,0,0.842,0,1,0,-0.842,0,0.54],"_humanoidState":5,"_cameraCFrame":[762.048,238.019,46.225,0.597,-0.753,0.276,0,0.344,0.939,-0.802,-0.56,0.205],"_shiftlockState":false,"_pose":"FreeFall","_animationQueue":[],"_animationSpeed":1,"_zoom":5.905},{"_mousePosition":[683,384],"_rootPartCFrame":[761.215,234.286,45.605,0.548,0,0.837,0,1,0,-0.837,0,0.548],"_humanoidState":5,"_cameraCFrame":[761.871,238.019,46.093,0.597,-0.753,0.276,0,0.344,0.939,-0.802,-0.56,0.205],"_shiftlockState":false,"_pose":"FreeFall","_animationQueue":[],"_animationSpeed":1,"_zoom":5.905},{"_mousePosition":[683,384],"_rootPartCFrame":[761.001,234.107,45.446,0.555,0,0.832,0,1,0,-0.832,0,0.555],"_humanoidState":5,"_cameraCFrame":[761.71,238.019,45.973,0.597,-0.753,0.276,0,0.344,0.939,-0.802,-0.56,0.205],"_shiftlockState":false,"_pose":"FreeFall","_animationQueue":[],"_animationSpeed":1,"_zoom":5.905},{"_mousePosition":[683,384],"_rootPartCFrame":[760.787,233.873,45.287,0.561,0,0.828,0,1,0,-0.828,0,0.561],"_humanoidState":5,"_cameraCFrame":[761.559,237.999,45.861,0.597,-0.753,0.276,0,0.344,0.939,-0.802,-0.56,0.205],"_shiftlockState":false,"_pose":"FreeFall","_animationQueue":[["fall",0.3]],"_animationSpeed":1,"_zoom":5.905},{"_mousePosition":[683,384],"_rootPartCFrame":[760.574,233.585,45.128,0.566,0,0.824,0,1,0,-0.824,0,0.566],"_humanoidState":5,"_cameraCFrame":[761.435,238.019,45.769,0.597,-0.753,0.276,0,0.344,0.939,-0.802,-0.56,0.205],"_shiftlockState":false,"_pose":"FreeFall","_animationQueue":[],"_animationSpeed":1,"_zoom":5.905},{"_mousePosition":[683,384],"_rootPartCFrame":[760.36,233.243,44.969,0.57,0,0.821,0,1,0,-0.821,0,0.57],"_humanoidState":5,"_cameraCFrame":[761.28,237.876,45.653,0.597,-0.753,0.276,0,0.344,0.939,-0.802,-0.56,0.205],"_shiftlockState":false,"_pose":"FreeFall","_animationQueue":[],"_animationSpeed":1,"_zoom":5.905},{"_mousePosition":[683,384],"_rootPartCFrame":[760.146,232.846,44.81,0.574,0,0.819,0,1,0,-0.819,0,0.574],"_humanoidState":5,"_cameraCFrame":[761.191,237.906,45.587,0.597,-0.753,0.276,0,0.344,0.939,-0.802,-0.56,0.205],"_shiftlockState":false,"_pose":"FreeFall","_animationQueue":[],"_animationSpeed":1,"_zoom":5.905},{"_mousePosition":[683,384],"_rootPartCFrame":[759.932,232.395,44.65,0.577,0,0.817,0,1,0,-0.817,0,0.577],"_humanoidState":5,"_cameraCFrame":[761.11,237.907,45.527,0.597,-0.753,0.276,0,0.344,0.939,-0.802,-0.56,0.205],"_shiftlockState":false,"_pose":"FreeFall","_animationQueue":[],"_animationSpeed":1,"_zoom":5.905},{"_mousePosition":[683,384],"_rootPartCFrame":[759.718,231.889,44.491,0.58,0,0.815,0,1,0,-0.815,0,0.58],"_humanoidState":5,"_cameraCFrame":[761.01,237.8,45.446,0.594,-0.756,0.275,0,0.342,0.94,-0.804,-0.558,0.203],"_shiftlockState":false,"_pose":"FreeFall","_animationQueue":[],"_animationSpeed":1,"_zoom":5.905},{"_mousePosition":[683,384],"_rootPartCFrame":[759.451,231.18,44.292,0.583,0,0.812,0,1,0,-0.812,0,0.583],"_humanoidState":5,"_cameraCFrame":[760.789,237.38,45.332,0.614,-0.743,0.268,0,0.339,0.941,-0.79,-0.577,0.208],"_shiftlockState":false,"_pose":"FreeFall","_animationQueue":[["fall",0.3]],"_animationSpeed":1,"_zoom":5.905},{"_mousePosition":[683,384],"_rootPartCFrame":[759.29,230.714,44.173,0.584,0,0.811,0,1,0,-0.811,0,0.584],"_humanoidState":5,"_cameraCFrame":[760.503,236.941,45.245,0.662,-0.709,0.243,0,0.324,0.946,-0.75,-0.626,0.214],"_shiftlockState":false,"_pose":"FreeFall","_animationQueue":[],"_animationSpeed":1,"_zoom":4.324},{"_mousePosition":[683,384],"_rootPartCFrame":[759.079,230.044,44.011,0.588,0,0.809,0,1,0,-0.809,0,0.588],"_humanoidState":5,"_cameraCFrame":[760.12,236.073,45.053,0.708,-0.672,0.219,0,0.309,0.951,-0.707,-0.673,0.219],"_shiftlockState":false,"_pose":"FreeFall","_animationQueue":[],"_animationSpeed":1,"_zoom":2.216},{"_mousePosition":[683,384],"_rootPartCFrame":[758.877,229.32,43.836,0.596,0,0.803,0,1,0,-0.803,0,0.596],"_humanoidState":5,"_cameraCFrame":[759.724,234.852,44.8,0.751,-0.629,0.2,0,0.303,0.953,-0.66,-0.716,0.228],"_shiftlockState":false,"_pose":"FreeFall","_animationQueue":[],"_animationSpeed":1,"_zoom":1.373},{"_mousePosition":[683,384],"_rootPartCFrame":[758.687,228.542,43.649,0.61,0,0.793,0,1,0,-0.793,0,0.61],"_humanoidState":5,"_cameraCFrame":[759.355,233.483,44.517,0.793,-0.581,0.185,0,0.303,0.953,-0.61,-0.755,0.24],"_shiftlockState":false,"_pose":"FreeFall","_animationQueue":[],"_animationSpeed":1,"_zoom":1.373},{"_mousePosition":[683,384],"_rootPartCFrame":[758.509,227.709,43.451,0.628,0,0.778,0,1,0,-0.778,0,0.628],"_humanoidState":5,"_cameraCFrame":[759.018,232.079,44.212,0.831,-0.53,0.169,0,0.304,0.953,-0.556,-0.792,0.253],"_shiftlockState":false,"_pose":"FreeFall","_animationQueue":[],"_animationSpeed":1,"_zoom":0.5},{"_mousePosition":[683,384],"_rootPartCFrame":[758.344,226.822,43.242,0.832,0,0.555,0,1,0,-0.555,0,0.832],"_humanoidState":5,"_cameraCFrame":[758.756,230.644,43.858,0.831,-0.53,0.169,0,0.304,0.953,-0.556,-0.792,0.253],"_shiftlockState":false,"_pose":"FreeFall","_animationQueue":[],"_animationSpeed":1,"_zoom":0.5},{"_mousePosition":[683,384],"_rootPartCFrame":[758.193,225.88,43.022,0.83,0,0.558,0,1,0,-0.558,0,0.83],"_humanoidState":5,"_cameraCFrame":[758.497,229.209,43.526,0.856,-0.492,0.158,0,0.306,0.952,-0.516,-0.815,0.262],"_shiftlockState":false,"_pose":"FreeFall","_animationQueue":[["fall",0.3]],"_animationSpeed":1,"_zoom":0.5},{"_mousePosition":[683,384],"_rootPartCFrame":[758.044,224.883,42.8,0.854,0,0.52,0,1,0,-0.52,0,0.854],"_humanoidState":5,"_cameraCFrame":[758.268,227.827,43.21,0.878,-0.456,0.148,0,0.308,0.951,-0.479,-0.835,0.27],"_shiftlockState":false,"_pose":"FreeFall","_animationQueue":[],"_animationSpeed":1,"_zoom":0.5},{"_mousePosition":[683,384],"_rootPartCFrame":[757.905,223.833,42.573,0.875,0,0.484,0,1,0,-0.484,0,0.875],"_humanoidState":5,"_cameraCFrame":[758.074,226.487,42.909,0.894,-0.427,0.139,0,0.309,0.951,-0.449,-0.85,0.277],"_shiftlockState":false,"_pose":"FreeFall","_animationQueue":[],"_animationSpeed":1,"_zoom":0.5},{"_mousePosition":[683,384],"_rootPartCFrame":[757.776,222.727,42.34,0.891,0,0.453,0,1,0,-0.453,0,0.891],"_humanoidState":5,"_cameraCFrame":[757.91,225.172,42.619,0.902,-0.41,0.135,0,0.312,0.95,-0.432,-0.857,0.281],"_shiftlockState":false,"_pose":"FreeFall","_animationQueue":[],"_animationSpeed":1,"_zoom":0.5},{"_mousePosition":[683,384],"_rootPartCFrame":[757.66,222.721,42.128,0.901,0,0.433,0,1,0,-0.433,0,0.901],"_humanoidState":12,"_cameraCFrame":[757.773,225.025,42.366,0.903,-0.408,0.134,0,0.312,0.95,-0.429,-0.858,0.282],"_shiftlockState":false,"_pose":"Climbing","_animationQueue":[["walk",0.1],["fall",0.3],["climb",0.1],["climb",0]],"_animationSpeed":-5.629,"_zoom":0.5},{"_mousePosition":[683,384],"_rootPartCFrame":[757.632,222.875,42.087,0.904,0.003,0.427,-0.004,1,0.001,-0.427,-0.002,0.904],"_humanoidState":12,"_cameraCFrame":[757.704,224.85,42.225,0.903,-0.408,0.134,0,0.312,0.95,-0.429,-0.858,0.282],"_shiftlockState":false,"_pose":"Climbing","_animationQueue":[],"_animationSpeed":0.804,"_zoom":0.5},{"_mousePosition":[683,384],"_rootPartCFrame":[757.64,223.057,42.135,0.91,0.002,0.415,-0.002,1,0,-0.415,-0.001,0.91],"_humanoidState":12,"_cameraCFrame":[757.71,225.032,42.274,0.903,-0.408,0.134,0,0.312,0.95,-0.429,-0.858,0.282],"_shiftlockState":false,"_pose":"Climbing","_animationQueue":[],"_animationSpeed":0.804,"_zoom":0.5},{"_mousePosition":[683,384],"_rootPartCFrame":[757.64,223.244,42.147,0.904,0,0.427,0,1,0,-0.427,0,0.904],"_humanoidState":12,"_cameraCFrame":[757.705,225.219,42.287,0.909,-0.397,0.129,0,0.308,0.951,-0.418,-0.864,0.28],"_shiftlockState":false,"_pose":"Climbing","_animationQueue":[["climb",0.1]],"_animationSpeed":0.93,"_zoom":0.5},{"_mousePosition":[683,384],"_rootPartCFrame":[757.64,223.477,42.147,0.909,0,0.418,0,1,0,-0.418,0,0.909],"_humanoidState":12,"_cameraCFrame":[757.697,225.454,42.286,0.924,-0.365,0.115,0,0.301,0.954,-0.382,-0.881,0.278],"_shiftlockState":false,"_pose":"Climbing","_animationQueue":[],"_animationSpeed":0.93,"_zoom":0.5},{"_mousePosition":[683,384],"_rootPartCFrame":[757.64,223.617,42.147,0.924,0,0.382,0,1,0,-0.382,0,0.924],"_humanoidState":12,"_cameraCFrame":[757.681,225.595,42.288,0.96,-0.267,0.082,0,0.293,0.956,-0.28,-0.918,0.281],"_shiftlockState":false,"_pose":"Climbing","_animationQueue":[],"_animationSpeed":0.93,"_zoom":0.5},{"_mousePosition":[683,384],"_rootPartCFrame":[757.64,223.804,42.147,0.96,0,0.28,0,1,0,-0.28,0,0.96],"_humanoidState":12,"_cameraCFrame":[757.651,225.782,42.291,0.997,-0.075,0.023,0,0.288,0.958,-0.078,-0.955,0.287],"_shiftlockState":false,"_pose":"Climbing","_animationQueue":[],"_animationSpeed":0.93,"_zoom":0.5},{"_mousePosition":[683,384],"_rootPartCFrame":[757.64,223.99,42.147,0.982,0,-0.186,0,1,0,0.186,0,0.982],"_humanoidState":8,"_cameraCFrame":[757.612,225.97,42.282,0.979,0.197,-0.057,0,0.277,0.961,0.205,-0.94,0.271],"_shiftlockState":false,"_pose":"Standing","_animationQueue":[["climb",0.1],["climb",0.1],["idle",0.1],["idle",0.1]],"_animationSpeed":1,"_zoom":0.5},{"_mousePosition":[683,384],"_rootPartCFrame":[757.634,224.073,42.17,0.985,0,-0.175,0,1,0,0.175,0,0.985],"_humanoidState":5,"_cameraCFrame":[757.603,226.054,42.304,0.973,0.22,-0.063,0,0.275,0.961,0.229,-0.936,0.268],"_shiftlockState":false,"_pose":"FreeFall","_animationQueue":[["idle",0.1],["fall",0.3]],"_animationSpeed":1,"_zoom":0.5},{"_mousePosition":[683,384],"_rootPartCFrame":[757.614,224.172,42.169,0.987,0,-0.158,0,1,0,0.158,0,0.987],"_humanoidState":5,"_cameraCFrame":[757.573,226.153,42.299,0.954,0.288,-0.081,0,0.272,0.962,0.299,-0.918,0.26],"_shiftlockState":false,"_pose":"FreeFall","_animationQueue":[],"_animationSpeed":1,"_zoom":0.5},{"_mousePosition":[683,384],"_rootPartCFrame":[757.567,224.257,42.184,0.982,0,-0.189,0,1,0,0.189,0,0.982],"_humanoidState":5,"_cameraCFrame":[757.51,226.239,42.304,0.902,0.416,-0.115,0,0.265,0.964,0.432,-0.87,0.239],"_shiftlockState":false,"_pose":"FreeFall","_animationQueue":[["fall",0.3]],"_animationSpeed":1,"_zoom":0.5},{"_mousePosition":[683,384],"_rootPartCFrame":[757.461,224.286,42.265,0.961,0,-0.276,0,1,0,0.276,0,0.961],"_humanoidState":5,"_cameraCFrame":[757.378,226.269,42.361,0.758,0.631,-0.166,0,0.254,0.967,0.652,-0.733,0.193],"_shiftlockState":false,"_pose":"FreeFall","_animationQueue":[],"_animationSpeed":1,"_zoom":0.5},{"_mousePosition":[683,384],"_rootPartCFrame":[757.342,224.248,42.469,0.842,0,-0.539,-0.001,1,-0.001,0.539,0.002,0.842],"_humanoidState":5,"_cameraCFrame":[757.245,226.233,42.545,0.607,0.771,-0.193,0,0.243,0.97,0.795,-0.589,0.148],"_shiftlockState":false,"_pose":"FreeFall","_animationQueue":[],"_animationSpeed":1,"_zoom":0.5},{"_mousePosition":[683,384],"_rootPartCFrame":[757.248,224.186,42.582,0.68,0,-0.733,-0.001,1,-0.001,0.733,0.001,0.68],"_humanoidState":5,"_cameraCFrame":[757.146,226.174,42.626,0.383,0.901,-0.203,0,0.22,0.976,0.924,-0.374,0.084],"_shiftlockState":false,"_pose":"FreeFall","_animationQueue":[],"_animationSpeed":1,"_zoom":0.5},{"_mousePosition":[683,384],"_rootPartCFrame":[757.108,224.06,42.661,0.495,0,-0.869,-0.001,1,-0.001,0.869,0.001,0.495],"_humanoidState":5,"_cameraCFrame":[757.01,226.05,42.687,0.245,0.95,-0.195,0,0.201,0.98,0.969,-0.24,0.049],"_shiftlockState":false,"_pose":"FreeFall","_animationQueue":[],"_animationSpeed":1,"_zoom":0.5},{"_mousePosition":[683,384],"_rootPartCFrame":[756.963,223.879,42.684,0.371,0,-0.929,0,1,0,0.929,0,0.371],"_humanoidState":5,"_cameraCFrame":[756.869,225.87,42.701,0.177,0.966,-0.188,0,0.191,0.982,0.984,-0.173,0.034],"_shiftlockState":false,"_pose":"FreeFall","_animationQueue":[],"_animationSpeed":1,"_zoom":0.5},{"_mousePosition":[683,384],"_rootPartCFrame":[756.794,223.576,42.658,0.337,0,-0.941,0,1,0,0.941,0,0.337],"_humanoidState":5,"_cameraCFrame":[756.702,225.567,42.676,0.19,0.964,-0.184,0,0.187,0.982,0.982,-0.187,0.036],"_shiftlockState":false,"_pose":"FreeFall","_animationQueue":[],"_animationSpeed":1,"_zoom":0.5},{"_mousePosition":[683,384],"_rootPartCFrame":[756.701,223.353,42.615,0.287,0,-0.958,0,1,0,0.958,0,0.287],"_humanoidState":5,"_cameraCFrame":[756.607,225.343,42.642,0.279,0.942,-0.188,0,0.196,0.981,0.96,-0.273,0.055],"_shiftlockState":false,"_pose":"FreeFall","_animationQueue":[["fall",0.3]],"_animationSpeed":1,"_zoom":0.5},{"_mousePosition":[683,384],"_rootPartCFrame":[756.61,223.039,42.664,0.368,-0.004,-0.93,0.001,1,-0.004,0.93,0.001,0.368],"_humanoidState":5,"_cameraCFrame":[756.507,225.028,42.707,0.401,0.896,-0.193,0,0.211,0.977,0.916,-0.392,0.085],"_shiftlockState":false,"_pose":"FreeFall","_animationQueue":[],"_animationSpeed":1,"_zoom":0.5},{"_mousePosition":[683,384],"_rootPartCFrame":[756.522,222.67,42.666,0.515,-0.002,-0.857,0.001,1,-0.002,0.857,0,0.515],"_humanoidState":5,"_cameraCFrame":[756.421,224.656,42.729,0.54,0.819,-0.196,0,0.232,0.973,0.842,-0.525,0.125],"_shiftlockState":false,"_pose":"FreeFall","_animationQueue":[],"_animationSpeed":1,"_zoom":0.5},{"_mousePosition":[683,384],"_rootPartCFrame":[756.431,222.246,42.629,0.646,0,-0.763,0,1,0,0.763,0,0.646],"_humanoidState":5,"_cameraCFrame":[756.336,224.231,42.71,0.648,0.738,-0.19,0,0.249,0.969,0.762,-0.627,0.161],"_shiftlockState":false,"_pose":"FreeFall","_animationQueue":[],"_animationSpeed":1,"_zoom":0.5},{"_mousePosition":[683,384],"_rootPartCFrame":[756.332,221.771,42.571,0.743,0,-0.669,-0.005,1,-0.006,0.669,0.007,0.743],"_humanoidState":5,"_cameraCFrame":[756.242,223.753,42.678,0.736,0.653,-0.179,0,0.264,0.965,0.677,-0.71,0.194],"_shiftlockState":false,"_pose":"FreeFall","_animationQueue":[],"_animationSpeed":1,"_zoom":0.5},{"_mousePosition":[683,384],"_rootPartCFrame":[756.22,221.25,42.516,0.823,0,-0.569,-0.007,1,-0.009,0.569,0.011,0.823],"_humanoidState":5,"_cameraCFrame":[756.137,223.231,42.641,0.793,0.586,-0.166,0,0.273,0.962,0.609,-0.763,0.217],"_shiftlockState":false,"_pose":"FreeFall","_animationQueue":[],"_animationSpeed":1,"_zoom":0.5},{"_mousePosition":[683,384],"_rootPartCFrame":[756.091,220.681,42.464,0.869,0,-0.494,-0.005,1,-0.01,0.494,0.011,0.869],"_humanoidState":5,"_cameraCFrame":[756.012,222.661,42.597,0.832,0.533,-0.156,0,0.28,0.96,0.555,-0.798,0.233],"_shiftlockState":false,"_pose":"FreeFall","_animationQueue":[],"_animationSpeed":1,"_zoom":0.5},{"_mousePosition":[683,384],"_rootPartCFrame":[755.935,220.058,42.358,0.898,-0.001,-0.44,-0.001,1,-0.004,0.44,0.004,0.898],"_humanoidState":5,"_cameraCFrame":[755.86,222.037,42.485,0.851,0.504,-0.149,0,0.283,0.959,0.525,-0.816,0.241],"_shiftlockState":false,"_pose":"FreeFall","_animationQueue":[["fall",0.3]],"_animationSpeed":1,"_zoom":0.5},{"_mousePosition":[683,384],"_rootPartCFrame":[755.794,220.123,42.26,0.872,0,-0.49,0,1,0,0.49,0,0.872],"_humanoidState":12,"_cameraCFrame":[755.72,222.102,42.382,0.856,0.496,-0.147,0,0.285,0.959,0.517,-0.82,0.244],"_shiftlockState":false,"_pose":"Climbing","_animationQueue":[["walk",0.1],["fall",0.3],["climb",0.1],["climb",0]],"_animationSpeed":-3.218,"_zoom":0.5},{"_mousePosition":[683,384],"_rootPartCFrame":[755.687,220.307,42.187,0.858,0,-0.513,0,1,0,0.513,0,0.858],"_humanoidState":12,"_cameraCFrame":[755.613,222.286,42.308,0.855,0.498,-0.148,0,0.285,0.959,0.519,-0.819,0.243],"_shiftlockState":false,"_pose":"Climbing","_animationQueue":[["climb",0.1]],"_animationSpeed":0.852,"_zoom":0.5},{"_mousePosition":[683,384],"_rootPartCFrame":[755.612,220.494,42.136,0.855,0,-0.519,0,1,0,0.519,0,0.855],"_humanoidState":12,"_cameraCFrame":[755.536,222.473,42.256,0.844,0.515,-0.153,0,0.285,0.959,0.537,-0.809,0.24],"_shiftlockState":false,"_pose":"Climbing","_animationQueue":[["climb",0.1]],"_animationSpeed":0.932,"_zoom":0.5},{"_mousePosition":[683,384],"_rootPartCFrame":[755.571,220.68,42.108,0.844,0,-0.537,0,1,0,0.537,0,0.844],"_humanoidState":12,"_cameraCFrame":[755.489,222.66,42.224,0.818,0.552,-0.163,0,0.284,0.959,0.575,-0.784,0.232],"_shiftlockState":false,"_pose":"Climbing","_animationQueue":[],"_animationSpeed":0.932,"_zoom":0.5},{"_mousePosition":[683,384],"_rootPartCFrame":[755.561,220.867,42.101,0.818,0,-0.575,0,1,0,0.575,0,0.818],"_humanoidState":12,"_cameraCFrame":[755.471,222.846,42.21,0.775,0.606,-0.178,0,0.282,0.959,0.632,-0.743,0.219],"_shiftlockState":false,"_pose":"Climbing","_animationQueue":[["climb",0]],"_animationSpeed":0.932,"_zoom":0.5},{"_mousePosition":[683,384],"_rootPartCFrame":[755.56,221.1,42.101,0.775,0,-0.632,0,1,0,0.632,0,0.775],"_humanoidState":12,"_cameraCFrame":[755.462,223.08,42.2,0.711,0.675,-0.197,0,0.281,0.96,0.703,-0.683,0.2],"_shiftlockState":false,"_pose":"Climbing","_animationQueue":[],"_animationSpeed":0.932,"_zoom":0.5},{"_mousePosition":[683,384],"_rootPartCFrame":[755.56,221.24,42.101,0.711,0,-0.703,0,1,0,0.703,0,0.711],"_humanoidState":12,"_cameraCFrame":[755.448,223.221,42.18,0.576,0.786,-0.225,0,0.275,0.961,0.817,-0.554,0.159],"_shiftlockState":false,"_pose":"Climbing","_animationQueue":[],"_animationSpeed":0.932,"_zoom":0.5},{"_mousePosition":[683,384],"_rootPartCFrame":[755.508,221.427,42.137,0.578,0,-0.816,0,1,0,0.816,0,0.578],"_humanoidState":12,"_cameraCFrame":[755.386,223.408,42.194,0.422,0.873,-0.245,0,0.27,0.963,0.907,-0.406,0.114],"_shiftlockState":false,"_pose":"Climbing","_animationQueue":[],"_animationSpeed":0.932,"_zoom":0.5},{"_mousePosition":[683,384],"_rootPartCFrame":[755.416,221.609,42.14,0.294,0,-0.956,0,1,0,0.956,0,0.294],"_humanoidState":5,"_cameraCFrame":[755.289,223.591,42.183,0.323,0.912,-0.254,0,0.268,0.963,0.946,-0.311,0.087],"_shiftlockState":false,"_pose":"FreeFall","_animationQueue":[["idle",0.1],["walk",0.1],["fall",0.3]],"_animationSpeed":1,"_zoom":0.5},{"_mousePosition":[683,384],"_rootPartCFrame":[755.367,221.69,42.114,0.322,0,-0.947,0,1,0,0.947,0,0.322],"_humanoidState":5,"_cameraCFrame":[755.24,223.672,42.163,0.366,0.896,-0.252,0,0.271,0.963,0.931,-0.353,0.099],"_shiftlockState":false,"_pose":"FreeFall","_animationQueue":[["fall",0.3]],"_animationSpeed":1,"_zoom":0.5},{"_mousePosition":[683,384],"_rootPartCFrame":[755.36,221.709,42.093,0.369,0,-0.93,0.001,1,0,0.93,-0.001,0.369],"_humanoidState":5,"_cameraCFrame":[755.233,223.689,42.153,0.44,0.862,-0.252,0,0.28,0.96,0.898,-0.422,0.123],"_shiftlockState":false,"_pose":"FreeFall","_animationQueue":[],"_animationSpeed":1,"_zoom":0.5},{"_mousePosition":[683,384],"_rootPartCFrame":[755.364,221.689,42.07,0.439,0,-0.899,0,1,0,0.899,0,0.439],"_humanoidState":5,"_cameraCFrame":[755.238,223.666,42.147,0.523,0.814,-0.251,0,0.295,0.956,0.852,-0.5,0.154],"_shiftlockState":false,"_pose":"FreeFall","_animationQueue":[],"_animationSpeed":1,"_zoom":0.5},{"_mousePosition":[683,384],"_rootPartCFrame":[755.369,221.625,42.056,0.519,0,-0.855,-0.001,1,0,0.855,0.001,0.519],"_humanoidState":5,"_cameraCFrame":[755.246,223.6,42.153,0.613,0.75,-0.248,0,0.313,0.95,0.79,-0.582,0.192],"_shiftlockState":false,"_pose":"FreeFall","_animationQueue":[],"_animationSpeed":1,"_zoom":0.5},{"_mousePosition":[683,384],"_rootPartCFrame":[755.375,221.818,42.051,0.61,0,-0.792,0,1,0,0.792,0,0.61],"_humanoidState":12,"_cameraCFrame":[755.253,223.79,42.163,0.679,0.693,-0.242,0,0.33,0.944,0.734,-0.641,0.224],"_shiftlockState":false,"_pose":"Climbing","_animationQueue":[["walk",0.1],["fall",0.3],["climb",0.1],["climb",0]],"_animationSpeed":-0.422,"_zoom":0.5},{"_mousePosition":[683,384],"_rootPartCFrame":[755.375,221.957,42.051,0.679,0,-0.734,0,1,0,0.734,0,0.679],"_humanoidState":12,"_cameraCFrame":[755.257,223.926,42.179,0.738,0.632,-0.235,0,0.348,0.937,0.675,-0.692,0.257],"_shiftlockState":false,"_pose":"Climbing","_animationQueue":[["climb",0.1],["climb",0]],"_animationSpeed":0.923,"_zoom":0.5},{"_mousePosition":[683,384],"_rootPartCFrame":[755.375,222.144,42.051,0.738,0,-0.675,0,1,0,0.675,0,0.738],"_humanoidState":12,"_cameraCFrame":[755.261,224.11,42.194,0.784,0.578,-0.226,0,0.364,0.931,0.621,-0.73,0.285],"_shiftlockState":false,"_pose":"Climbing","_animationQueue":[],"_animationSpeed":0.923,"_zoom":0.5},{"_mousePosition":[683,384],"_rootPartCFrame":[755.375,222.331,42.051,0.784,0,-0.621,0,1,0,0.621,0,0.784],"_humanoidState":12,"_cameraCFrame":[755.266,224.293,42.206,0.819,0.53,-0.217,0,0.379,0.925,0.573,-0.758,0.311],"_shiftlockState":false,"_pose":"Climbing","_animationQueue":[],"_animationSpeed":0.923,"_zoom":0.5},{"_mousePosition":[683,384],"_rootPartCFrame":[755.375,222.517,42.051,0.819,0,-0.573,0,1,0,0.573,0,0.819],"_humanoidState":12,"_cameraCFrame":[755.269,224.478,42.213,0.837,0.505,-0.212,0,0.387,0.922,0.547,-0.772,0.324],"_shiftlockState":false,"_pose":"Climbing","_animationQueue":[],"_animationSpeed":0.923,"_zoom":0.5},{"_mousePosition":[683,384],"_rootPartCFrame":[755.375,222.704,42.051,0.837,0,-0.547,0,1,0,0.547,0,0.837],"_humanoidState":12,"_cameraCFrame":[755.27,224.665,42.215,0.842,0.498,-0.21,0,0.389,0.921,0.54,-0.775,0.327],"_shiftlockState":false,"_pose":"Climbing","_animationQueue":[],"_animationSpeed":0.923,"_zoom":0.5},{"_mousePosition":[683,384],"_rootPartCFrame":[755.375,222.891,42.051,0.842,0,-0.54,0,1,0,0.54,0,0.842],"_humanoidState":12,"_cameraCFrame":[755.269,224.851,42.215,0.842,0.498,-0.21,0,0.39,0.921,0.54,-0.775,0.328],"_shiftlockState":false,"_pose":"Climbing","_animationQueue":[],"_animationSpeed":0.923,"_zoom":0.5},{"_mousePosition":[683,384],"_rootPartCFrame":[755.375,223.077,42.051,0.842,0,-0.54,0,1,0,0.54,0,0.842],"_humanoidState":12,"_cameraCFrame":[755.269,225.038,42.215,0.841,0.498,-0.211,0,0.39,0.921,0.541,-0.775,0.328],"_shiftlockState":false,"_pose":"Climbing","_animationQueue":[],"_animationSpeed":0.923,"_zoom":0.5},{"_mousePosition":[683,384],"_rootPartCFrame":[755.375,223.264,42.051,0.841,0,-0.541,0,1,0,0.541,0,0.841],"_humanoidState":12,"_cameraCFrame":[755.268,225.224,42.215,0.837,0.504,-0.214,0,0.391,0.92,0.547,-0.77,0.327],"_shiftlockState":false,"_pose":"Climbing","_animationQueue":[],"_animationSpeed":0.923,"_zoom":0.5},{"_mousePosition":[683,384],"_rootPartCFrame":[755.375,223.451,42.051,0.837,0,-0.547,0,1,0,0.547,0,0.837],"_humanoidState":12,"_cameraCFrame":[755.266,225.411,42.214,0.834,0.508,-0.216,0,0.392,0.92,0.552,-0.767,0.327],"_shiftlockState":false,"_pose":"Climbing","_animationQueue":[],"_animationSpeed":0.923,"_zoom":0.5},{"_mousePosition":[683,384],"_rootPartCFrame":[755.375,223.637,42.051,0.834,0,-0.552,0,1,0,0.552,0,0.834],"_humanoidState":12,"_cameraCFrame":[755.265,225.597,42.214,0.83,0.513,-0.219,0,0.393,0.919,0.558,-0.763,0.326],"_shiftlockState":false,"_pose":"Climbing","_animationQueue":[],"_animationSpeed":0.923,"_zoom":0.5},{"_mo