[{"_mousePosition":[671,304],"_rootPartCFrame":[776.023,222.7,47.142,0.003,0,1,0,1,0,-1,0,0.003],"_humanoidState":8,"_cameraCFrame":[783.91,238.264,47.043,-0.013,-0.872,0.489,0,0.489,0.872,-1,0.011,-0.006],"_shiftlockState":false,"_pose":"Standing","_animationQueue":[],"_animationSpeed":1,"_zoom":16.125},{"_mousePosition":[671,304],"_rootPartCFrame":[775.72,222.7,47.146,0.001,0,1,0,1,0,-1,0,0.001],"_humanoidState":8,"_cameraCFrame":[783.607,238.264,47.047,-0.013,-0.872,0.489,0,0.489,0.872,-1,0.011,-0.006],"_shiftlockState":false,"_pose":"Standing","_animationQueue":[],"_animationSpeed":1,"_zoom":16.125},{"_mousePosition":[671,304],"_rootPartCFrame":[775.587,222.7,47.148,0,0,1,0,1,0,-1,0,0],"_humanoidState":8,"_cameraCFrame":[783.474,238.264,47.049,-0.013,-0.872,0.489,0,0.489,0.872,-1,0.011,-0.006],"_shiftlockState":false,"_pose":"Running","_animationQueue":[["walk",0.1]],"_animationSpeed":1.089,"_zoom":16.125},{"_mousePosition":[671,304],"_rootPartCFrame":[775.32,222.7,47.151,-0.002,0,1,0,1,0,-1,0,-0.002],"_humanoidState":8,"_cameraCFrame":[783.207,238.264,47.052,-0.013,-0.872,0.489,0,0.489,0.872,-1,0.011,-0.006],"_shiftlockState":false,"_pose":"Running","_animationQueue":[],"_animationSpeed":1.089,"_zoom":16.125},{"_mousePosition":[671,304],"_rootPartCFrame":[774.92,222.7,47.156,-0.004,0,1,0,1,0,-1,0,-0.004],"_humanoidState":8,"_cameraCFrame":[782.807,238.264,47.057,-0.013,-0.872,0.489,0,0.489,0.872,-1,0.011,-0.006],"_shiftlockState":false,"_pose":"Running","_animationQueue":[],"_animationSpeed":1.089,"_zoom":16.125},{"_mousePosition":[671,304],"_rootPartCFrame":[774.787,222.7,47.158,-0.005,0,1,0,1,0,-1,0,-0.005],"_humanoidState":8,"_cameraCFrame":[782.674,238.264,47.059,-0.013,-0.872,0.489,0,0.489,0.872,-1,0.011,-0.006],"_shiftlockState":false,"_pose":"Running","_animationQueue":[["walk",0.1]],"_animationSpeed":1.089,"_zoom":16.125},{"_mousePosition":[671,304],"_rootPartCFrame":[774.521,222.7,47.161,-0.006,0,1,0,1,0,-1,0,-0.006],"_humanoidState":8,"_cameraCFrame":[782.407,238.264,47.062,-0.013,-0.872,0.489,0,0.489,0.872,-1,0.011,-0.006],"_shiftlockState":false,"_pose":"Running","_animationQueue":[],"_animationSpeed":1.089,"_zoom":16.125},{"_mousePosition":[671,304],"_rootPartCFrame":[774.121,222.7,47.166,-0.007,0,1,0,1,0,-1,0,-0.007],"_humanoidState":8,"_cameraCFrame":[782.007,238.264,47.067,-0.013,-0.872,0.489,0,0.489,0.872,-1,0.011,-0.006],"_shiftlockState":false,"_pose":"Running","_animationQueue":[],"_animationSpeed":1.089,"_zoom":16.125},{"_mousePosition":[671,304],"_rootPartCFrame":[773.854,222.7,47.17,-0.008,0,1,0,1,0,-1,0,-0.008],"_humanoidState":8,"_cameraCFrame":[781.741,238.264,47.07,-0.013,-0.872,0.489,0,0.489,0.872,-1,0.011,-0.006],"_shiftlockState":false,"_pose":"Running","_animationQueue":[],"_animationSpeed":1.089,"_zoom":16.125},{"_mousePosition":[671,304],"_rootPartCFrame":[773.721,222.7,47.171,-0.008,0,1,0,1,0,-1,0,-0.008],"_humanoidState":8,"_cameraCFrame":[781.607,238.264,47.072,-0.013,-0.872,0.489,0,0.489,0.872,-1,0.011,-0.006],"_shiftlockState":false,"_pose":"Running","_animationQueue":[],"_animationSpeed":1.089,"_zoom":16.125},{"_mousePosition":[671,304],"_rootPartCFrame":[773.454,222.7,47.175,-0.009,0,1,0,1,0,-1,0,-0.009],"_humanoidState":8,"_cameraCFrame":[781.341,238.264,47.075,-0.013,-0.872,0.489,0,0.489,0.872,-1,0.011,-0.006],"_shiftlockState":false,"_pose":"Running","_animationQueue":[],"_animationSpeed":1.089,"_zoom":16.125},{"_mousePosition":[671,304],"_rootPartCFrame":[773.188,222.7,47.178,-0.009,0,1,0,1,0,-1,0,-0.009],"_humanoidState":8,"_cameraCFrame":[781.074,238.264,47.079,-0.013,-0.872,0.489,0,0.489,0.872,-1,0.011,-0.006],"_shiftlockState":false,"_pose":"Running","_animationQueue":[],"_animationSpeed":1.089,"_zoom":16.125},{"_mousePosition":[671,304],"_rootPartCFrame":[772.788,222.7,47.183,-0.01,0,1,0,1,0,-1,0,-0.01],"_humanoidState":8,"_cameraCFrame":[780.674,238.264,47.084,-0.013,-0.872,0.489,0,0.489,0.872,-1,0.011,-0.006],"_shiftlockState":false,"_pose":"Running","_animationQueue":[["walk",0.1]],"_animationSpeed":1.089,"_zoom":16.125},{"_mousePosition":[671,304],"_rootPartCFrame":[772.521,222.7,47.186,-0.01,0,1,0,1,0,-1,0,-0.01],"_humanoidState":8,"_cameraCFrame":[780.408,238.264,47.087,-0.013,-0.872,0.489,0,0.489,0.872,-1,0.011,-0.006],"_shiftlockState":false,"_pose":"Running","_animationQueue":[],"_animationSpeed":1.089,"_zoom":16.125},{"_mousePosition":[671,304],"_rootPartCFrame":[772.388,222.7,47.188,-0.01,0,1,0,1,0,-1,0,-0.01],"_humanoidState":8,"_cameraCFrame":[780.274,238.264,47.089,-0.013,-0.872,0.489,0,0.489,0.872,-1,0.011,-0.006],"_shiftlockState":false,"_pose":"Running","_animationQueue":[],"_animationSpeed":1.089,"_zoom":16.125},{"_mousePosition":[671,304],"_rootPartCFrame":[772.121,222.7,47.191,-0.011,0,1,0,1,0,-1,0,-0.011],"_humanoidState":8,"_cameraCFrame":[780.008,238.264,47.092,-0.013,-0.872,0.489,0,0.489,0.872,-1,0.011,-0.006],"_shiftlockState":false,"_pose":"Running","_animationQueue":[],"_animationSpeed":1.089,"_zoom":16.125},{"_mousePosition":[671,304],"_rootPartCFrame":[771.721,222.7,47.197,-0.011,0,1,0,1,0,-1,0,-0.011],"_humanoidState":8,"_cameraCFrame":[779.608,238.264,47.097,-0.013,-0.872,0.489,0,0.489,0.872,-1,0.011,-0.006],"_shiftlockState":false,"_pose":"Running","_animationQueue":[],"_animationSpeed":1.089,"_zoom":16.125},{"_mousePosition":[671,304],"_rootPartCFrame":[771.588,222.7,47.198,-0.011,0,1,0,1,0,-1,0,-0.011],"_humanoidState":8,"_cameraCFrame":[779.475,238.264,47.099,-0.013,-0.872,0.489,0,0.489,0.872,-1,0.011,-0.006],"_shiftlockState":false,"_pose":"Running","_animationQueue":[],"_animationSpeed":1.089,"_zoom":16.125},{"_mousePosition":[671,304],"_rootPartCFrame":[771.321,222.7,47.202,-0.011,0,1,0,1,0,-1,0,-0.011],"_humanoidState":8,"_cameraCFrame":[779.208,238.264,47.102,-0.013,-0.872,0.489,0,0.489,0.872,-1,0.011,-0.006],"_shiftlockState":false,"_pose":"Running","_animationQueue":[],"_animationSpeed":1.089,"_zoom":16.125},{"_mousePosition":[671,304],"_rootPartCFrame":[770.921,222.7,47.207,-0.012,0,1,0,1,0,-1,0,-0.012],"_humanoidState":8,"_cameraCFrame":[778.808,238.264,47.107,-0.013,-0.872,0.489,0,0.489,0.872,-1,0.011,-0.006],"_shiftlockState":false,"_pose":"Running","_animationQueue":[["walk",0.1]],"_animationSpeed":1.089,"_zoom":16.125},{"_mousePosition":[671,304],"_rootPartCFrame":[770.655,223.563,47.21,-0.012,0,1,0,1,0,-1,0,-0.012],"_humanoidState":3,"_cameraCFrame":[778.542,239.127,47.111,-0.013,-0.872,0.489,0,0.489,0.872,-1,0.011,-0.006],"_shiftlockState":false,"_pose":"Jumping","_animationQueue":[["walk",0.1],["jump",0.1]],"_animationSpeed":1,"_zoom":16.125},{"_mousePosition":[671,304],"_rootPartCFrame":[770.455,224.174,47.212,-0.012,0,1,0,1,0,-1,0,-0.012],"_humanoidState":5,"_cameraCFrame":[778.342,239.738,47.113,-0.013,-0.872,0.489,0,0.489,0.872,-1,0.011,-0.006],"_shiftlockState":false,"_pose":"FreeFall","_animationQueue":[["jump",0.1]],"_animationSpeed":1,"_zoom":16.125},{"_mousePosition":[671,304],"_rootPartCFrame":[770.188,224.941,47.216,-0.012,0,1,0,1,0,-1,0,-0.012],"_humanoidState":5,"_cameraCFrame":[778.075,240.506,47.117,-0.013,-0.872,0.489,0,0.489,0.872,-1,0.011,-0.006],"_shiftlockState":false,"_pose":"FreeFall","_animationQueue":[],"_animationSpeed":1,"_zoom":16.125},{"_mousePosition":[671,304],"_rootPartCFrame":[769.855,225.824,47.22,-0.012,0,1,0,1,0,-1,0,-0.012],"_humanoidState":5,"_cameraCFrame":[777.742,241.389,47.121,-0.013,-0.872,0.489,0,0.489,0.872,-1,0.011,-0.006],"_shiftlockState":false,"_pose":"FreeFall","_animationQueue":[],"_animationSpeed":1,"_zoom":16.125},{"_mousePosition":[671,304],"_rootPartCFrame":[769.588,226.469,47.223,-0.012,0,1,0,1,0,-1,0,-0.012],"_humanoidState":5,"_cameraCFrame":[777.475,242.033,47.124,-0.013,-0.872,0.489,0,0.489,0.872,-1,0.011,-0.006],"_shiftlockState":false,"_pose":"FreeFall","_animationQueue":[],"_animationSpeed":1,"_zoom":16.125},{"_mousePosition":[671,304],"_rootPartCFrame":[769.322,227.06,47.227,-0.012,0,1,0,1,0,-1,0,-0.012],"_humanoidState":5,"_cameraCFrame":[777.208,242.624,47.128,-0.013,-0.872,0.489,0,0.489,0.872,-1,0.011,-0.006],"_shiftlockState":false,"_pose":"FreeFall","_animationQueue":[],"_animationSpeed":1,"_zoom":16.125},{"_mousePosition":[671,304],"_rootPartCFrame":[769.122,227.467,47.229,-0.012,0,1,0,1,0,-1,0,-0.012],"_humanoidState":5,"_cameraCFrame":[777.009,243.031,47.13,-0.013,-0.872,0.489,0,0.489,0.872,-1,0.011,-0.006],"_shiftlockState":false,"_pose":"FreeFall","_animationQueue":[],"_animationSpeed":1,"_zoom":16.125},{"_mousePosition":[671,304],"_rootPartCFrame":[768.855,227.962,47.233,-0.012,0,1,0,1,0,-1,0,-0.012],"_humanoidState":5,"_cameraCFrame":[776.742,243.526,47.133,-0.013,-0.872,0.489,0,0.489,0.872,-1,0.011,-0.006],"_shiftlockState":false,"_pose":"FreeFall","_animationQueue":[],"_animationSpeed":1,"_zoom":16.125},{"_mousePosition":[671,304],"_rootPartCFrame":[768.589,228.402,47.236,-0.012,0,1,0,1,0,-1,0,-0.012],"_humanoidState":5,"_cameraCFrame":[776.475,243.966,47.137,-0.013,-0.872,0.489,0,0.489,0.872,-1,0.011,-0.006],"_shiftlockState":false,"_pose":"FreeFall","_animationQueue":[],"_animationSpeed":1,"_zoom":16.125},{"_mousePosition":[671,304],"_rootPartCFrame":[768.322,228.788,47.239,-0.012,0,1,0,1,0,-1,0,-0.012],"_humanoidState":5,"_cameraCFrame":[776.209,244.352,47.14,-0.013,-0.872,0.489,0,0.489,0.872,-1,0.011,-0.006],"_shiftlockState":false,"_pose":"FreeFall","_animationQueue":[],"_animationSpeed":1,"_zoom":16.125},{"_mousePosition":[671,304],"_rootPartCFrame":[767.989,229.194,47.244,-0.012,0,1,0,1,0,-1,0,-0.012],"_humanoidState":5,"_cameraCFrame":[775.875,244.758,47.144,-0.013,-0.872,0.489,0,0.489,0.872,-1,0.011,-0.006],"_shiftlockState":false,"_pose":"FreeFall","_animationQueue":[],"_animationSpeed":1,"_zoom":16.125},{"_mousePosition":[671,304],"_rootPartCFrame":[767.789,229.397,47.246,-0.012,0,1,0,1,0,-1,0,-0.012],"_humanoidState":5,"_cameraCFrame":[775.676,244.961,47.147,-0.013,-0.872,0.489,0,0.489,0.872,-1,0.011,-0.006],"_shiftlockState":false,"_pose":"FreeFall","_animationQueue":[],"_animationSpeed":1,"_zoom":16.125},{"_mousePosition":[671,304],"_rootPartCFrame":[767.522,229.619,47.249,-0.012,0,1,0,1,0,-1,0,-0.012],"_humanoidState":5,"_cameraCFrame":[775.409,245.183,47.15,-0.013,-0.872,0.489,0,0.489,0.872,-1,0.011,-0.006],"_shiftlockState":false,"_pose":"FreeFall","_animationQueue":[],"_animationSpeed":1,"_zoom":16.125},{"_mousePosition":[671,304],"_rootPartCFrame":[767.122,229.851,47.254,-0.012,0,1,0,1,0,-1,0,-0.012],"_humanoidState":5,"_cameraCFrame":[774.982,245.43,47.156,-0.013,-0.873,0.487,0,0.487,0.873,-1,0.011,-0.006],"_shiftlockState":false,"_pose":"FreeFall","_animationQueue":[],"_animationSpeed":1,"_zoom":16.125},{"_mousePosition":[671,304],"_rootPartCFrame":[766.922,229.921,47.257,-0.012,0,1,0,1,0,-1,0,-0.012],"_humanoidState":5,"_cameraCFrame":[774.782,245.5,47.158,-0.013,-0.873,0.487,0,0.487,0.873,-1,0.011,-0.006],"_shiftlockState":false,"_pose":"FreeFall","_animationQueue":[],"_animationSpeed":1,"_zoom":16.125},{"_mousePosition":[671,304],"_rootPartCFrame":[766.722,229.96,47.259,-0.012,0,1,0,1,0,-1,0,-0.012],"_humanoidState":5,"_cameraCFrame":[774.582,245.539,47.161,-0.013,-0.873,0.487,0,0.487,0.873,-1,0.011,-0.006],"_shiftlockState":false,"_pose":"FreeFall","_animationQueue":[],"_animationSpeed":1,"_zoom":16.125},{"_mousePosition":[671,304],"_rootPartCFrame":[766.389,229.957,47.264,-0.013,0,1,0,1,0,-1,0,-0.013],"_humanoidState":5,"_cameraCFrame":[774.248,245.537,47.165,-0.013,-0.873,0.487,0,0.487,0.873,-1,0.011,-0.006],"_shiftlockState":false,"_pose":"FreeFall","_animationQueue":[],"_animationSpeed":1,"_zoom":16.125},{"_mousePosition":[671,304],"_rootPartCFrame":[766.189,229.914,47.266,-0.013,0,1,0,1,0,-1,0,-0.013],"_humanoidState":5,"_cameraCFrame":[774.049,245.494,47.167,-0.013,-0.873,0.487,0,0.487,0.873,-1,0.011,-0.006],"_shiftlockState":false,"_pose":"FreeFall","_animationQueue":[],"_animationSpeed":1,"_zoom":16.125},{"_mousePosition":[671,304],"_rootPartCFrame":[765.856,229.775,47.27,-0.013,0,1,0,1,0,-1,0,-0.013],"_humanoidState":5,"_cameraCFrame":[773.715,245.355,47.171,-0.013,-0.873,0.487,0,0.487,0.873,-1,0.011,-0.006],"_shiftlockState":false,"_pose":"FreeFall","_animationQueue":[["fall",0.3]],"_animationSpeed":1,"_zoom":16.125},{"_mousePosition":[671,304],"_rootPartCFrame":[765.589,229.603,47.274,-0.013,0,1,0,1,0,-1,0,-0.013],"_humanoidState":5,"_cameraCFrame":[773.449,245.182,47.175,-0.013,-0.873,0.487,0,0.487,0.873,-1,0.011,-0.006],"_shiftlockState":false,"_pose":"FreeFall","_animationQueue":[],"_animationSpeed":1,"_zoom":16.125},{"_mousePosition":[671,304],"_rootPartCFrame":[765.389,229.437,47.276,-0.013,0,1,0,1,0,-1,0,-0.013],"_humanoidState":5,"_cameraCFrame":[773.249,245.017,47.177,-0.013,-0.873,0.487,0,0.487,0.873,-1,0.011,-0.006],"_shiftlockState":false,"_pose":"FreeFall","_animationQueue":[],"_animationSpeed":1,"_zoom":16.125},{"_mousePosition":[671,304],"_rootPartCFrame":[765.123,229.169,47.28,-0.013,0,1,0,1,0,-1,0,-0.013],"_humanoidState":5,"_cameraCFrame":[772.982,244.749,47.181,-0.013,-0.873,0.487,0,0.487,0.873,-1,0.011,-0.006],"_shiftlockState":false,"_pose":"FreeFall","_animationQueue":[],"_animationSpeed":1,"_zoom":16.125},{"_mousePosition":[671,304],"_rootPartCFrame":[764.79,228.758,47.284,-0.013,0,1,0,1,0,-1,0,-0.013],"_humanoidState":5,"_cameraCFrame":[772.649,244.337,47.185,-0.013,-0.873,0.487,0,0.487,0.873,-1,0.011,-0.006],"_shiftlockState":false,"_pose":"FreeFall","_animationQueue":[],"_animationSpeed":1,"_zoom":16.125},{"_mousePosition":[671,304],"_rootPartCFrame":[764.59,228.47,47.286,-0.013,0,1,0,1,0,-1,0,-0.013],"_humanoidState":5,"_cameraCFrame":[772.449,244.05,47.187,-0.013,-0.873,0.487,0,0.487,0.873,-1,0.011,-0.006],"_shiftlockState":false,"_pose":"FreeFall","_animationQueue":[],"_animationSpeed":1,"_zoom":16.125},{"_mousePosition":[671,304],"_rootPartCFrame":[764.323,228.038,47.29,-0.013,0,1,0,1,0,-1,0,-0.013],"_humanoidState":5,"_cameraCFrame":[772.182,243.618,47.191,-0.013,-0.873,0.487,0,0.487,0.873,-1,0.011,-0.006],"_shiftlockState":false,"_pose":"FreeFall","_animationQueue":[],"_animationSpeed":1,"_zoom":16.125},{"_mousePosition":[671,304],"_rootPartCFrame":[763.99,227.422,47.294,-0.013,0,1,0,1,0,-1,0,-0.013],"_humanoidState":5,"_cameraCFrame":[771.849,243.002,47.195,-0.013,-0.873,0.487,0,0.487,0.873,-1,0.011,-0.006],"_shiftlockState":false,"_pose":"FreeFall","_animationQueue":[["fall",0.3]],"_animationSpeed":1,"_zoom":16.125},{"_mousePosition":[671,304],"_rootPartCFrame":[763.723,226.868,47.297,-0.013,0,1,0,1,0,-1,0,-0.013],"_humanoidState":5,"_cameraCFrame":[771.582,242.448,47.198,-0.013,-0.873,0.487,0,0.487,0.873,-1,0.011,-0.006],"_shiftlockState":false,"_pose":"FreeFall","_animationQueue":[],"_animationSpeed":1,"_zoom":16.125},{"_mousePosition":[671,304],"_rootPartCFrame":[763.457,226.26,47.301,-0.013,0,1,0,1,0,-1,0,-0.013],"_humanoidState":5,"_cameraCFrame":[771.316,241.839,47.202,-0.013,-0.873,0.487,0,0.487,0.873,-1,0.011,-0.006],"_shiftlockState":false,"_pose":"FreeFall","_animationQueue":[],"_animationSpeed":1,"_zoom":16.125},{"_mousePosition":[671,304],"_rootPartCFrame":[763.19,225.597,47.304,-0.013,0,1,0,1,0,-1,0,-0.013],"_humanoidState":5,"_cameraCFrame":[771.049,241.176,47.205,-0.013,-0.873,0.487,0,0.487,0.873,-1,0.011,-0.006],"_shiftlockState":false,"_pose":"FreeFall","_animationQueue":[],"_animationSpeed":1,"_zoom":16.125},{"_mousePosition":[671,304],"_rootPartCFrame":[762.99,225.064,47.306,-0.013,0,1,0,1,0,-1,0,-0.013],"_humanoidState":5,"_cameraCFrame":[770.849,240.643,47.208,-0.013,-0.873,0.487,0,0.487,0.873,-1,0.011,-0.006],"_shiftlockState":false,"_pose":"FreeFall","_animationQueue":[],"_animationSpeed":1,"_zoom":16.125},{"_mousePosition":[671,304],"_rootPartCFrame":[762.657,224.107,47.311,-0.013,0,1,0,1,0,-1,0,-0.013],"_humanoidState":5,"_cameraCFrame":[770.516,239.687,47.212,-0.013,-0.873,0.487,0,0.487,0.873,-1,0.011,-0.006],"_shiftlockState":false,"_pose":"FreeFall","_animationQueue":[],"_animationSpeed":1,"_zoom":16.125},{"_mousePosition":[671,304],"_rootPartCFrame":[762.39,223.28,47.314,-0.013,0,1,0,1,0,-1,0,-0.013],"_humanoidState":5,"_cameraCFrame":[770.249,238.86,47.215,-0.013,-0.873,0.487,0,0.487,0.873,-1,0.011,-0.006],"_shiftlockState":false,"_pose":"FreeFall","_animationQueue":[["fall",0.3]],"_animationSpeed":1,"_zoom":16.125},{"_mousePosition":[671,304],"_rootPartCFrame":[762.124,222.508,47.317,-0.013,0,1,0,1,0,-1,0,-0.013],"_humanoidState":7,"_cameraCFrame":[769.983,238.088,47.218,-0.013,-0.873,0.487,0,0.487,0.873,-1,0.011,-0.006],"_shiftlockState":false,"_pose":"FreeFall","_animationQueue":[["walk",0.1],["fall",0.3],["fall",0.3]],"_animationSpeed":1,"_zoom":16.125},{"_mousePosition":[671,304],"_rootPartCFrame":[761.924,222.444,47.32,-0.013,0,1,0,1,0,-1,0,-0.013],"_humanoidState":7,"_cameraCFrame":[769.783,238.024,47.221,-0.013,-0.873,0.487,0,0.487,0.873,-1,0.011,-0.006],"_shiftlockState":false,"_pose":"FreeFall","_animationQueue":[],"_animationSpeed":1,"_zoom":16.125},{"_mousePosition":[671,304],"_rootPartCFrame":[761.657,222.527,47.323,-0.013,0,1,0,1,0,-1,0,-0.013],"_humanoidState":7,"_cameraCFrame":[769.516,238.106,47.224,-0.013,-0.873,0.487,0,0.487,0.873,-1,0.011,-0.006],"_shiftlockState":false,"_pose":"FreeFall","_animationQueue":[],"_animationSpeed":1,"_zoom":16.125},{"_mousePosition":[671,304],"_rootPartCFrame":[761.39,222.6,47.327,-0.013,0,1,0,1,0,-1,0,-0.013],"_humanoidState":8,"_cameraCFrame":[769.25,238.18,47.228,-0.013,-0.873,0.487,0,0.487,0.873,-1,0.011,-0.006],"_shiftlockState":false,"_pose":"Running","_animationQueue":[["walk",0.1],["fall",0.3],["walk",0.1]],"_animationSpeed":1.103,"_zoom":16.125},{"_mousePosition":[671,304],"_rootPartCFrame":[761.124,222.645,47.33,-0.013,0,1,0,1,0,-1,0,-0.013],"_humanoidState":8,"_cameraCFrame":[768.983,238.225,47.231,-0.013,-0.873,0.487,0,0.487,0.873,-1,0.011,-0.006],"_shiftlockState":false,"_pose":"Running","_animationQueue":[],"_animationSpeed":1.103,"_zoom":16.125},{"_mousePosition":[671,304],"_rootPartCFrame":[760.857,222.67,47.333,-0.013,0,1,0,1,0,-1,0,-0.013],"_humanoidState":8,"_cameraCFrame":[768.716,238.25,47.234,-0.013,-0.873,0.487,0,0.487,0.873,-1,0.011,-0.006],"_shiftlockState":false,"_pose":"Running","_animationQueue":[],"_animationSpeed":1.103,"_zoom":16.125},{"_mousePosition":[671,304],"_rootPartCFrame":[760.457,222.688,47.338,-0.013,0,1,0,1,0,-1,0,-0.013],"_humanoidState":8,"_cameraCFrame":[768.317,238.268,47.239,-0.013,-0.873,0.487,0,0.487,0.873,-1,0.011,-0.006],"_shiftlockState":false,"_pose":"Running","_animationQueue":[["walk",0.1]],"_animationSpeed":1.103,"_zoom":16.125},{"_mousePosition":[671,304],"_rootPartCFrame":[760.324,222.691,47.34,-0.013,0,1,0,1,0,-1,0,-0.013],"_humanoidState":8,"_cameraCFrame":[768.183,238.271,47.241,-0.013,-0.873,0.487,0,0.487,0.873,-1,0.011,-0.006],"_shiftlockState":false,"_pose":"Running","_animationQueue":[],"_animationSpeed":1.103,"_zoom":16.125},{"_mousePosition":[671,304],"_rootPartCFrame":[760.057,222.695,47.343,-0.013,0,1,0,1,0,-1,0,-0.013],"_humanoidState":8,"_cameraCFrame":[767.917,238.275,47.245,-0.013,-0.873,0.487,0,0.487,0.873,-1,0.011,-0.006],"_shiftlockState":false,"_pose":"Running","_animationQueue":[],"_animationSpeed":1.103,"_zoom":16.125},{"_mousePosition":[671,304],"_rootPartCFrame":[759.657,222.698,47.348,-0.013,0,1,0,1,0,-1,0,-0.013],"_humanoidState":8,"_cameraCFrame":[767.517,238.278,47.25,-0.013,-0.873,0.487,0,0.487,0.873,-1,0.011,-0.006],"_shiftlockState":false,"_pose":"Running","_animationQueue":[],"_animationSpeed":1.103,"_zoom":16.125},{"_mousePosition":[671,304],"_rootPartCFrame":[759.524,222.698,47.35,-0.013,0,1,0,1,0,-1,0,-0.013],"_humanoidState":8,"_cameraCFrame":[767.383,238.278,47.251,-0.013,-0.873,0.487,0,0.487,0.873,-1,0.011,-0.006],"_shiftlockState":false,"_pose":"Running","_animationQueue":[],"_animationSpeed":1.103,"_zoom":16.125},{"_mousePosition":[671,304],"_rootPartCFrame":[759.191,223.782,47.354,-0.013,0,1,0,1,0,-1,0,-0.013],"_humanoidState":3,"_cameraCFrame":[767.05,239.362,47.255,-0.013,-0.873,0.487,0,0.487,0.873,-1,0.011,-0.006],"_shiftlockState":false,"_pose":"Jumping","_animationQueue":[["walk",0.1],["jump",0.1]],"_animationSpeed":1,"_zoom":16.125},{"_mousePosition":[671,304],"_rootPartCFrame":[758.991,224.394,47.357,-0.013,0,1,0,1,0,-1,0,-0.013],"_humanoidState":5,"_cameraCFrame":[766.85,239.973,47.258,-0.013,-0.873,0.487,0,0.487,0.873,-1,0.011,-0.006],"_shiftlockState":false,"_pose":"FreeFall","_animationQueue":[["jump",0.1]],"_animationSpeed":1,"_zoom":16.125},{"_mousePosition":[671,304],"_rootPartCFrame":[758.724,225.161,47.36,-0.013,0,1,0,1,0,-1,0,-0.013],"_humanoidState":5,"_cameraCFrame":[766.584,240.741,47.261,-0.013,-0.873,0.487,0,0.487,0.873,-1,0.011,-0.006],"_shiftlockState":false,"_pose":"FreeFall","_animationQueue":[],"_animationSpeed":1,"_zoom":16.125},{"_mousePosition":[671,304],"_rootPartCFrame":[758.391,226.044,47.364,-0.013,0,1,0,1,0,-1,0,-0.013],"_humanoidState":5,"_cameraCFrame":[766.25,241.623,47.265,-0.013,-0.873,0.487,0,0.487,0.873,-1,0.011,-0.006],"_shiftlockState":false,"_pose":"FreeFall","_animationQueue":[],"_animationSpeed":1,"_zoom":16.125},{"_mousePosition":[671,304],"_rootPartCFrame":[758.191,226.533,47.367,-0.013,0,1,0,1,0,-1,0,-0.013],"_humanoidState":5,"_cameraCFrame":[766.05,242.112,47.268,-0.013,-0.873,0.487,0,0.487,0.873,-1,0.011,-0.006],"_shiftlockState":false,"_pose":"FreeFall","_animationQueue":[],"_animationSpeed":1,"_zoom":16.125},{"_mousePosition":[671,304],"_rootPartCFrame":[757.858,227.279,47.371,-0.013,0,1,0,1,0,-1,0,-0.013],"_humanoidState":5,"_cameraCFrame":[765.717,242.859,47.272,-0.013,-0.873,0.487,0,0.487,0.873,-1,0.011,-0.006],"_shiftlockState":false,"_pose":"FreeFall","_animationQueue":[],"_animationSpeed":1,"_zoom":16.125},{"_mousePosition":[671,304],"_rootPartCFrame":[757.658,227.686,47.374,-0.013,0,1,0,1,0,-1,0,-0.013],"_humanoidState":5,"_cameraCFrame":[765.517,243.266,47.275,-0.013,-0.873,0.487,0,0.487,0.873,-1,0.011,-0.006],"_shiftlockState":false,"_pose":"FreeFall","_animationQueue":[],"_animationSpeed":1,"_zoom":16.125},{"_mousePosition":[671,304],"_rootPartCFrame":[757.325,228.296,47.378,-0.013,0,1,0,1,0,-1,0,-0.013],"_humanoidState":5,"_cameraCFrame":[765.184,243.876,47.279,-0.013,-0.873,0.487,0,0.487,0.873,-1,0.011,-0.006],"_shiftlockState":false,"_pose":"FreeFall","_animationQueue":[],"_animationSpeed":1,"_zoom":16.125},{"_mousePosition":[671,304],"_rootPartCFrame":[757.125,228.622,47.38,-0.013,0,1,0,1,0,-1,0,-0.013],"_humanoidState":5,"_cameraCFrame":[764.984,244.201,47.281,-0.013,-0.873,0.487,0,0.487,0.873,-1,0.011,-0.006],"_shiftlockState":false,"_pose":"FreeFall","_animationQueue":[],"_animationSpeed":1,"_zoom":16.125},{"_mousePosition":[671,304],"_rootPartCFrame":[756.858,229.008,47.384,-0.013,0,1,0,1,0,-1,0,-0.013],"_humanoidState":5,"_cameraCFrame":[764.718,244.587,47.305,-0.01,-0.873,0.487,0,0.487,0.873,-1,0.009,-0.005],"_shiftlockState":false,"_pose":"FreeFall","_animationQueue":[],"_animationSpeed":1,"_zoom":16.125},{"_mousePosition":[671,304],"_rootPartCFrame":[756.525,229.414,47.388,-0.013,0,1,0,1,0,-1,0,-0.013],"_humanoidState":5,"_cameraCFrame":[764.384,244.993,47.309,-0.01,-0.873,0.487,0,0.487,0.873,-1,0.009,-0.005],"_shiftlockState":false,"_pose":"FreeFall","_animationQueue":[],"_animationSpeed":1,"_zoom":16.125},{"_mousePosition":[671,304],"_rootPartCFrame":[756.325,229.616,47.39,-0.012,0,1,0,1,0,-1,0,-0.012],"_humanoidState":5,"_cameraCFrame":[764.185,245.196,47.311,-0.01,-0.873,0.487,0,0.487,0.873,-1,0.009,-0.005],"_shiftlockState":false,"_pose":"FreeFall","_animationQueue":[],"_animationSpeed":1,"_zoom":16.125},{"_mousePosition":[671,304],"_rootPartCFrame":[756.058,229.839,47.393,-0.012,0,1,0,1,0,-1,0,-0.012],"_humanoidState":5,"_cameraCFrame":[763.918,245.418,47.314,-0.01,-0.873,0.487,0,0.487,0.873,-1,0.009,-0.005],"_shiftlockState":false,"_pose":"FreeFall","_animationQueue":[],"_animationSpeed":1,"_zoom":16.125},{"_mousePosition":[671,304],"_rootPartCFrame":[755.792,230.007,47.395,-0.012,0,1,0,1,0,-1,0,-0.012],"_humanoidState":5,"_cameraCFrame":[763.651,245.586,47.316,-0.01,-0.873,0.487,0,0.487,0.873,-1,0.009,-0.005],"_shiftlockState":false,"_pose":"FreeFall","_animationQueue":[],"_animationSpeed":1,"_zoom":16.125},{"_mousePosition":[671,304],"_rootPartCFrame":[755.458,230.14,47.399,-0.012,0,1,0,1,0,-1,0,-0.012],"_humanoidState":5,"_cameraCFrame":[763.318,245.72,47.32,-0.01,-0.873,0.487,0,0.487,0.873,-1,0.009,-0.005],"_shiftlockState":false,"_pose":"FreeFall","_animationQueue":[["fall",0.3]],"_animationSpeed":1,"_zoom":16.125},{"_mousePosition":[671,304],"_rootPartCFrame":[755.259,230.179,47.401,-0.011,0,1,0,1,0,-1,0,-0.011],"_humanoidState":5,"_cameraCFrame":[763.118,245.759,47.322,-0.01,-0.873,0.487,0,0.487,0.873,-1,0.009,-0.005],"_shiftlockState":false,"_pose":"FreeFall","_animationQueue":[],"_animationSpeed":1,"_zoom":16.125},{"_mousePosition":[671,304],"_rootPartCFrame":[754.992,230.184,47.403,-0.011,0,1,0,1,0,-1,0,-0.011],"_humanoidState":5,"_cameraCFrame":[762.852,245.764,47.324,-0.01,-0.873,0.487,0,0.487,0.873,-1,0.009,-0.005],"_shiftlockState":false,"_pose":"FreeFall","_animationQueue":[],"_animationSpeed":1,"_zoom":16.125},{"_mousePosition":[671,304],"_rootPartCFrame":[754.659,230.113,47.407,-0.011,0,1,0,1,0,-1,0,-0.011],"_humanoidState":5,"_cameraCFrame":[762.518,245.693,47.348,-0.008,-0.873,0.487,0,0.487,0.873,-1,0.007,-0.004],"_shiftlockState":false,"_pose":"FreeFall","_animationQueue":[],"_animationSpeed":1,"_zoom":16.125},{"_mousePosition":[671,304],"_rootPartCFrame":[754.392,229.995,47.409,-0.011,0,1,0,1,0,-1,0,-0.011],"_humanoidState":5,"_cameraCFrame":[762.252,245.574,47.35,-0.008,-0.873,0.487,0,0.487,0.873,-1,0.007,-0.004],"_shiftlockState":false,"_pose":"FreeFall","_animationQueue":[],"_animationSpeed":1,"_zoom":16.125},{"_mousePosition":[671,304],"_rootPartCFrame":[754.125,229.822,47.412,-0.011,0,1,0,1,0,-1,0,-0.011],"_humanoidState":5,"_cameraCFrame":[761.985,245.402,47.352,-0.008,-0.873,0.487,0,0.487,0.873,-1,0.007,-0.004],"_shiftlockState":false,"_pose":"FreeFall","_animationQueue":[],"_animationSpeed":1,"_zoom":16.125},{"_mousePosition":[671,304],"_rootPartCFrame":[753.926,229.657,47.413,-0.01,0,1,0,1,0,-1,0,-0.01],"_humanoidState":5,"_cameraCFrame":[761.785,245.237,47.354,-0.008,-0.873,0.487,0,0.487,0.873,-1,0.007,-0.004],"_shiftlockState":false,"_pose":"FreeFall","_animationQueue":[],"_animationSpeed":1,"_zoom":16.125},{"_mousePosition":[671,304],"_rootPartCFrame":[753.592,229.313,47.416,-0.01,0,1,0,1,0,-1,0,-0.01],"_humanoidState":5,"_cameraCFrame":[761.452,244.893,47.356,-0.008,-0.873,0.487,0,0.487,0.873,-1,0.007,-0.004],"_shiftlockState":false,"_pose":"FreeFall","_animationQueue":[["fall",0.3]],"_animationSpeed":1,"_zoom":16.125},{"_mousePosition":[671,304],"_rootPartCFrame":[753.326,228.977,47.418,-0.009,0,1,0,1,0,-1,0,-0.009],"_humanoidState":5,"_cameraCFrame":[761.185,244.557,47.358,-0.008,-0.873,0.487,0,0.487,0.873,-1,0.007,-0.004],"_shiftlockState":false,"_pose":"FreeFall","_animationQueue":[],"_animationSpeed":1,"_zoom":16.125},{"_mousePosition":[671,304],"_rootPartCFrame":[753.126,228.689,47.419,-0.009,0,1,0,1,0,-1,0,-0.009],"_humanoidState":5,"_cameraCFrame":[760.985,244.269,47.36,-0.008,-0.873,0.487,0,0.487,0.873,-1,0.007,-0.004],"_shiftlockState":false,"_pose":"FreeFall","_animationQueue":[],"_animationSpeed":1,"_zoom":16.125},{"_mousePosition":[671,304],"_rootPartCFrame":[752.859,228.258,47.421,-0.009,0,1,0,1,0,-1,0,-0.009],"_humanoidState":5,"_cameraCFrame":[760.719,243.838,47.362,-0.008,-0.873,0.487,0,0.487,0.873,-1,0.007,-0.004],"_shiftlockState":false,"_pose":"FreeFall","_animationQueue":[],"_animationSpeed":1,"_zoom":16.125},{"_mousePosition":[671,304],"_rootPartCFrame":[752.593,227.772,47.423,-0.009,0,1,0,1,0,-1,0,-0.009],"_humanoidState":5,"_cameraCFrame":[760.452,243.352,47.364,-0.008,-0.873,0.487,0,0.487,0.873,-1,0.007,-0.004],"_shiftlockState":false,"_pose":"FreeFall","_animationQueue":[],"_animationSpeed":1,"_zoom":16.125},{"_mousePosition":[671,304],"_rootPartCFrame":[752.326,227.232,47.425,-0.009,0,1,0,1,0,-1,0,-0.009],"_humanoidState":5,"_cameraCFrame":[760.186,242.811,47.366,-0.008,-0.873,0.487,0,0.487,0.873,-1,0.007,-0.004],"_shiftlockState":false,"_pose":"FreeFall","_animationQueue":[],"_animationSpeed":1,"_zoom":16.125},{"_mousePosition":[671,304],"_rootPartCFrame":[752.059,226.637,47.427,-0.008,0,1,0,1,0,-1,0,-0.008],"_humanoidState":5,"_cameraCFrame":[759.919,242.216,47.368,-0.008,-0.873,0.487,0,0.487,0.873,-1,0.007,-0.004],"_shiftlockState":false,"_pose":"FreeFall","_animationQueue":[],"_animationSpeed":1,"_zoom":16.125},{"_mousePosition":[671,304],"_rootPartCFrame":[751.793,225.987,47.429,-0.008,0,1,0,1,0,-1,0,-0.008],"_humanoidState":5,"_cameraCFrame":[759.652,241.567,47.37,-0.008,-0.873,0.487,0,0.487,0.873,-1,0.007,-0.004],"_shiftlockState":false,"_pose":"FreeFall","_animationQueue":[["fall",0.3]],"_animationSpeed":1,"_zoom":16.125},{"_mousePosition":[671,304],"_rootPartCFrame":[751.526,225.283,47.431,-0.008,0,1,0,1,0,-1,0,-0.008],"_humanoidState":5,"_cameraCFrame":[759.386,240.863,47.372,-0.008,-0.873,0.487,0,0.487,0.873,-1,0.007,-0.004],"_shiftlockState":false,"_pose":"FreeFall","_animationQueue":[],"_animationSpeed":1,"_zoom":16.125},{"_mousePosition":[671,304],"_rootPartCFrame":[751.26,224.525,47.433,-0.008,0,1,0,1,0,-1,0,-0.008],"_humanoidState":5,"_cameraCFrame":[759.119,240.104,47.374,-0.008,-0.873,0.487,0,0.487,0.873,-1,0.007,-0.004],"_shiftlockState":false,"_pose":"FreeFall","_animationQueue":[],"_animationSpeed":1,"_zoom":16.125},{"_mousePosition":[671,304],"_rootPartCFrame":[750.993,223.712,47.435,-0.008,0,1,0,1,0,-1,0,-0.008],"_humanoidState":5,"_cameraCFrame":[758.853,239.291,47.376,-0.008,-0.873,0.487,0,0.487,0.873,-1,0.007,-0.004],"_shiftlockState":false,"_pose":"FreeFall","_animationQueue":[],"_animationSpeed":1,"_zoom":16.125},{"_mousePosition":[671,304],"_rootPartCFrame":[750.66,222.619,47.438,-0.008,0,1,0,1,0,-1,0,-0.008],"_humanoidState":7,"_cameraCFrame":[758.519,238.198,47.378,-0.008,-0.873,0.487,0,0.487,0.873,-1,0.007,-0.004],"_shiftlockState":false,"_pose":"FreeFall","_animationQueue":[["walk",0.1],["fall",0.3],["fall",0.3]],"_animationSpeed":1,"_zoom":16.125},{"_mousePosition":[671,304],"_rootPartCFrame":[750.46,222.432,47.439,-0.008,0,1,0,1,0,-1,0,-0.008],"_humanoidState":7,"_cameraCFrame":[758.319,238.011,47.38,-0.008,-0.873,0.487,0,0.487,0.873,-1,0.007,-0.004],"_shiftlockState":false,"_pose":"FreeFall","_animationQueue":[],"_animationSpeed":1,"_zoom":16.125},{"_mousePosition":[671,304],"_rootPartCFrame":[750.06,222.549,47.442,-0.008,0,1,0,1,0,-1,0,-0.008],"_humanoidState":8,"_cameraCFrame":[757.92,238.129,47.383,-0.008,-0.873,0.487,0,0.487,0.873,-1,0.007,-0.004],"_shiftlockState":false,"_pose":"Running","_animationQueue":[["fall",0.3],["walk",0.1],["fall",0.3],["walk",0.1]],"_animationSpeed":1.103,"_zoom":16.125},{"_mousePosition":[671,304],"_rootPartCFrame":[749.86,223.208,47.444,-0.008,0,1,0,1,0,-1,0,-0.008],"_humanoidState":3,"_cameraCFrame":[757.72,238.788,47.384,-0.008,-0.873,0.487,0,0.487,0.873,-1,0.007,-0.004],"_shiftlockState":false,"_pose":"Jumping","_animationQueue":[["walk",0.1],["jump",0.1]],"_animationSpeed":1,"_zoom":16.125},{"_mousePosition":[671,304],"_rootPartCFrame":[749.593,224.044,47.446,-0.008,0,1,0,1,0,-1,0,-0.008],"_humanoidState":5,"_cameraCFrame":[757.453,239.623,47.386,-0.008,-0.873,0.487,0,0.487,0.873,-1,0.007,-0.004],"_shiftlockState":false,"_pose":"FreeFall","_animationQueue":[["jump",0.1]],"_animationSpeed":1,"_zoom":16.125},{"_mousePosition":[671,304],"_rootPartCFrame":[749.327,224.825,47.448,-0.008,0,1,0,1,0,-1,0,-0.008],"_humanoidState":5,"_cameraCFrame":[757.186,240.404,47.388,-0.008,-0.873,0.487,0,0.487,0.873,-1,0.007,-0.004],"_shiftlockState":false,"_pose":"FreeFall","_animationQueue":[],"_animationSpeed":1,"_zoom":16.125},{"_mousePosition":[671,304],"_rootPartCFrame":[748.993,225.725,47.45,-0.008,0,1,0,1,0,-1,0,-0.008],"_humanoidState":5,"_cameraCFrame":[756.853,241.304,47.391,-0.008,-0.873,0.487,0,0.487,0.873,-1,0.007,-0.004],"_shiftlockState":false,"_pose":"FreeFall","_animationQueue":[],"_animationSpeed":1,"_zoom":16.125},{"_mousePosition":[671,304],"_rootPartCFrame":[748.793,226.224,47.452,-0.008,0,1,0,1,0,-1,0,-0.008],"_humanoidState":5,"_cameraCFrame":[756.653,241.803,47.392,-0.008,-0.873,0.487,0,0.487,0.873,-1,0.007,-0.004],"_shiftlockState":false,"_pose":"FreeFall","_animationQueue":[],"_animationSpeed":1,"_zoom":16.125},{"_mousePosition":[671,304],"_rootPartCFrame":[748.46,226.987,47.454,-0.008,0,1,0,1,0,-1,0,-0.008],"_humanoidState":5,"_cameraCFrame":[756.32,242.567,47.395,-0.008,-0.873,0.487,0,0.487,0.873,-1,0.007,-0.004],"_shiftlockState":false,"_pose":"FreeFall","_animationQueue":[],"_animationSpeed":1,"_zoom":16.125},{"_mousePosition":[671,304],"_rootPartCFrame":[748.26,227.404,47.456,-0.008,0,1,0,1,0,-1,0,-0.008],"_humanoidState":5,"_cameraCFrame":[756.12,242.984,47.396,-0.008,-0.873,0.487,0,0.487,0.873,-1,0.007,-0.004],"_shiftlockState":false,"_pose":"FreeFall","_animationQueue":[],"_animationSpeed":1,"_zoom":16.125},{"_mousePosition":[671,304],"_rootPartCFrame":[747.927,228.032,47.458,-0.008,0,1,0,1,0,-1,0,-0.008],"_humanoidState":5,"_cameraCFrame":[755.787,243.611,47.399,-0.008,-0.873,0.487,0,0.487,0.873,-1,0.007,-0.004],"_shiftlockState":false,"_pose":"FreeFall","_animationQueue":[],"_animationSpeed":1,"_zoom":16.125},{"_mousePosition":[671,304],"_rootPartCFrame":[747.66,228.472,47.46,-0.008,0,1,0,1,0,-1,0,-0.008],"_humanoidState":5,"_cameraCFrame":[755.52,244.052,47.401,-0.008,-0.873,0.487,0,0.487,0.873,-1,0.007,-0.004],"_shiftlockState":false,"_pose":"FreeFall","_animationQueue":[],"_animationSpeed":1,"_zoom":16.125},{"_mousePosition":[671,304],"_rootPartCFrame":[747.394,228.858,47.462,-0.008,0,1,0,1,0,-1,0,-0.008],"_humanoidState":5,"_cameraCFrame":[755.254,244.438,47.403,-0.008,-0.873,0.487,0,0.487,0.873,-1,0.007,-0.004],"_shiftlockState":false,"_pose":"FreeFall","_animationQueue":[],"_animationSpeed":1,"_zoom":16.125},{"_mousePosition":[671,304],"_rootPartCFrame":[747.127,229.19,47.464,-0.008,0,1,0,1,0,-1,0,-0.008],"_humanoidState":5,"_cameraCFrame":[754.987,244.769,47.405,-0.008,-0.873,0.487,0,0.487,0.873,-1,0.007,-0.004],"_shiftlockState":false,"_pose":"FreeFall","_animationQueue":[],"_animationSpeed":1,"_zoom":16.125},{"_mousePosition":[671,304],"_rootPartCFrame":[746.861,229.467,47.466,-0.008,0,1,0,1,0,-1,0,-0.008],"_humanoidState":5,"_cameraCFrame":[754.72,245.046,47.407,-0.008,-0.873,0.487,0,0.487,0.873,-1,0.007,-0.004],"_shiftlockState":false,"_pose":"FreeFall","_animationQueue":[],"_animationSpeed":1,"_zoom":16.125},{"_mousePosition":[671,304],"_rootPartCFrame":[746.594,229.689,47.468,-0.008,0,1,0,1,0,-1,0,-0.008],"_humanoidState":5,"_cameraCFrame":[754.454,245.269,47.409,-0.008,-0.873,0.487,0,0.487,0.873,-1,0.007,-0.004],"_shiftlockState":false,"_pose":"FreeFall","_animationQueue":[],"_animationSpeed":1,"_zoom":16.125},{"_mousePosition":[671,304],"_rootPartCFrame":[746.394,229.82,47.47,-0.008,0,1,0,1,0,-1,0,-0.008],"_humanoidState":5,"_cameraCFrame":[754.254,245.4,47.41,-0.008,-0.873,0.487,0,0.487,0.873,-1,0.007,-0.004],"_shiftlockState":false,"_pose":"FreeFall","_animationQueue":[],"_animationSpeed":1,"_zoom":16.125},{"_mousePosition":[671,304],"_rootPartCFrame":[746.127,229.948,47.472,-0.008,0,1,0,1,0,-1,0,-0.008],"_humanoidState":5,"_cameraCFrame":[753.987,245.527,47.412,-0.008,-0.873,0.487,0,0.487,0.873,-1,0.007,-0.004],"_shiftlockState":false,"_pose":"FreeFall","_animationQueue":[],"_animationSpeed":1,"_zoom":16.125},{"_mousePosition":[671,304],"_rootPartCFrame":[745.861,230.02,47.474,-0.008,0,1,0,1,0,-1,0,-0.008],"_humanoidState":5,"_cameraCFrame":[753.721,245.6,47.414,-0.008,-0.873,0.487,0,0.487,0.873,-1,0.007,-0.004],"_shiftlockState":false,"_pose":"FreeFall","_animationQueue":[],"_animationSpeed":1,"_zoom":16.125},{"_mousePosition":[671,304],"_rootPartCFrame":[745.528,230.034,47.476,-0.008,0,1,0,1,0,-1,0,-0.008],"_humanoidState":5,"_cameraCFrame":[753.387,245.614,47.417,-0.008,-0.873,0.487,0,0.487,0.873,-1,0.007,-0.004],"_shiftlockState":false,"_pose":"FreeFall","_animationQueue":[],"_animationSpeed":1,"_zoom":16.125},{"_mousePosition":[671,304],"_rootPartCFrame":[745.328,230.002,47.478,-0.008,0,1,0,1,0,-1,0,-0.008],"_humanoidState":5,"_cameraCFrame":[753.187,245.582,47.418,-0.008,-0.873,0.487,0,0.487,0.873,-1,0.007,-0.004],"_shiftlockState":false,"_pose":"FreeFall","_animationQueue":[],"_animationSpeed":1,"_zoom":16.125},{"_mousePosition":[671,304],"_rootPartCFrame":[745.061,229.911,47.48,-0.008,0,1,0,1,0,-1,0,-0.008],"_humanoidState":5,"_cameraCFrame":[752.921,245.491,47.42,-0.008,-0.873,0.487,0,0.487,0.873,-1,0.007,-0.004],"_shiftlockState":false,"_pose":"FreeFall","_animationQueue":[],"_animationSpeed":1,"_zoom":16.125},{"_mousePosition":[671,304],"_rootPartCFrame":[744.794,229.766,47.482,-0.008,0,1,0,1,0,-1,0,-0.008],"_humanoidState":5,"_cameraCFrame":[752.654,245.345,47.422,-0.008,-0.873,0.487,0,0.487,0.873,-1,0.007,-0.004],"_shiftlockState":false,"_pose":"FreeFall","_animationQueue":[],"_animationSpeed":1,"_zoom":16.125},{"_mousePosition":[671,304],"_rootPartCFrame":[744.528,229.566,47.484,-0.008,0,1,0,1,0,-1,0,-0.008],"_humanoidState":5,"_cameraCFrame":[752.388,245.146,47.424,-0.008,-0.873,0.487,0,0.487,0.873,-1,0.007,-0.004],"_shiftlockState":false,"_pose":"FreeFall","_animationQueue":[],"_animationSpeed":1,"_zoom":16.125},{"_mousePosition":[671,304],"_rootPartCFrame":[744.261,229.312,47.486,-0.008,0,1,0,1,0,-1,0,-0.008],"_humanoidState":5,"_cameraCFrame":[752.121,244.891,47.426,-0.008,-0.873,0.487,0,0.487,0.873,-1,0.007,-0.004],"_shiftlockState":false,"_pose":"FreeFall","_animationQueue":[["fall",0.3]],"_animationSpeed":1,"_zoom":16.125},{"_mousePosition":[671,304],"_rootPartCFrame":[743.995,229.003,47.488,-0.008,0,1,0,1,0,-1,0,-0.008],"_humanoidState":5,"_cameraCFrame":[751.854,244.582,47.428,-0.008,-0.873,0.487,0,0.487,0.873,-1,0.007,-0.004],"_shiftlockState":false,"_pose":"FreeFall","_animationQueue":[],"_animationSpeed":1,"_zoom":16.125},{"_mousePosition":[671,304],"_rootPartCFrame":[743.728,228.639,47.49,-0.008,0,1,0,1,0,-1,0,-0.008],"_humanoidState":5,"_cameraCFrame":[751.588,244.219,47.43,-0.008,-0.873,0.487,0,0.487,0.873,-1,0.007,-0.004],"_shiftlockState":false,"_pose":"FreeFall","_animationQueue":[],"_animationSpeed":1,"_zoom":16.125},{"_mousePosition":[671,304],"_rootPartCFrame":[743.461,228.221,47.492,-0.008,0,1,0,1,0,-1,0,-0.008],"_humanoidState":5,"_cameraCFrame":[751.321,243.801,47.432,-0.008,-0.873,0.487,0,0.487,0.873,-1,0.007,-0.004],"_shiftlockState":false,"_pose":"FreeFall","_animationQueue":[],"_animationSpeed":1,"_zoom":16.125},{"_mousePosition":[671,304],"_rootPartCFrame":[743.195,227.749,47.494,-0.008,0,1,0,1,0,-1,0,-0.008],"_humanoidState":5,"_cameraCFrame":[751.055,243.329,47.434,-0.008,-0.873,0.487,0,0.487,0.873,-1,0.007,-0.004],"_shiftlockState":false,"_pose":"FreeFall","_animationQueue":[],"_animationSpeed":1,"_zoom":16.125},{"_mousePosition":[671,304],"_rootPartCFrame":[742.928,227.222,47.496,-0.008,0,1,0,1,0,-1,0,-0.008],"_humanoidState":5,"_cameraCFrame":[750.788,242.802,47.436,-0.008,-0.873,0.487,0,0.487,0.873,-1,0.007,-0.004],"_shiftlockState":false,"_pose":"FreeFall","_animationQueue":[],"_animationSpeed":1,"_zoom":16.125},{"_mousePosition":[671,304],"_rootPartCFrame":[742.662,226.641,47.498,-0.008,0,1,0,1,0,-1,0,-0.008],"_humanoidState":5,"_cameraCFrame":[750.521,242.221,47.438,-0.008,-0.873,0.487,0,0.487,0.873,-1,0.007,-0.004],"_shiftlockState":false,"_pose":"FreeFall","_animationQueue":[["fall",0.3]],"_animationSpeed":1,"_zoom":16.125},{"_mousePosition":[671,304],"_rootPartCFrame":[742.395,226.005,47.5,-0.008,0,1,0,1,0,-1,0,-0.008],"_humanoidState":5,"_cameraCFrame":[750.255,241.585,47.44,-0.008,-0.873,0.487,0,0.487,0.873,-1,0.007,-0.004],"_shiftlockState":false,"_pose":"FreeFall","_animationQueue":[],"_animationSpeed":1,"_zoom":16.125},{"_mousePosition":[671,304],"_rootPartCFrame":[742.128,225.315,47.502,-0.008,0,1,0,1,0,-1,0,-0.008],"_humanoidState":5,"_cameraCFrame":[749.988,240.894,47.442,-0.008,-0.873,0.487,0,0.487,0.873,-1,0.007,-0.004],"_shiftlockState":false,"_pose":"FreeFall","_animationQueue":[],"_ani