[{"_mousePosition":[1096,372],"_rootPartCFrame":[776.024,222.974,47.142,0.004,0.004,1,0,1,-0.004,-1,0,0.004],"_humanoidState":8,"_cameraCFrame":[787.287,234.961,46.449,-0.061,-0.68,0.731,0,0.732,0.681,-0.998,0.042,-0.045],"_shiftlockState":false,"_pose":"Standing","_animationQueue":[],"_animationSpeed":1,"_zoom":15.4},{"_mousePosition":[1020,378],"_rootPartCFrame":[775.777,222.846,47.157,-0.005,0.001,1,0,1,-0.001,-1,0,-0.005],"_humanoidState":8,"_cameraCFrame":[787.035,234.832,46.464,-0.061,-0.68,0.731,0,0.732,0.681,-0.998,0.042,-0.045],"_shiftlockState":false,"_pose":"Standing","_animationQueue":[],"_animationSpeed":1,"_zoom":15.4},{"_mousePosition":[981,378],"_rootPartCFrame":[775.512,222.677,47.174,-0.013,0,1,0,1,0,-1,0,-0.013],"_humanoidState":8,"_cameraCFrame":[786.768,234.664,46.481,-0.061,-0.68,0.731,0,0.732,0.681,-0.998,0.042,-0.045],"_shiftlockState":false,"_pose":"Running","_animationQueue":[["walk",0.1]],"_animationSpeed":1.065,"_zoom":15.4},{"_mousePosition":[892,378],"_rootPartCFrame":[775.379,222.654,47.182,-0.016,0,1,0,1,0,-1,0,-0.016],"_humanoidState":8,"_cameraCFrame":[786.635,234.641,46.489,-0.061,-0.68,0.731,0,0.732,0.681,-0.998,0.042,-0.045],"_shiftlockState":false,"_pose":"Running","_animationQueue":[],"_animationSpeed":1.065,"_zoom":15.4},{"_mousePosition":[834,378],"_rootPartCFrame":[774.98,222.67,47.206,-0.025,0,1,0,1,0,-1,0,-0.025],"_humanoidState":8,"_cameraCFrame":[786.237,234.657,46.513,-0.061,-0.68,0.731,0,0.732,0.681,-0.998,0.042,-0.045],"_shiftlockState":false,"_pose":"Running","_animationQueue":[["walk",0.1]],"_animationSpeed":1.065,"_zoom":15.4},{"_mousePosition":[736,377],"_rootPartCFrame":[774.714,222.683,47.223,-0.03,0,1,0,1,0,-1,0,-0.03],"_humanoidState":8,"_cameraCFrame":[785.97,234.67,46.53,-0.061,-0.68,0.731,0,0.732,0.681,-0.998,0.042,-0.045],"_shiftlockState":false,"_pose":"Running","_animationQueue":[],"_animationSpeed":1.065,"_zoom":15.4},{"_mousePosition":[702,377],"_rootPartCFrame":[774.448,222.691,47.239,-0.034,0,0.999,0,1,0,-0.999,0,-0.034],"_humanoidState":8,"_cameraCFrame":[785.704,234.677,46.546,-0.061,-0.68,0.731,0,0.732,0.681,-0.998,0.042,-0.045],"_shiftlockState":false,"_pose":"Running","_animationQueue":[],"_animationSpeed":1.065,"_zoom":15.4},{"_mousePosition":[626,385],"_rootPartCFrame":[774.315,222.693,47.247,-0.036,0,0.999,0,1,0,-0.999,0,-0.036],"_humanoidState":8,"_cameraCFrame":[785.571,234.68,46.554,-0.061,-0.68,0.731,0,0.732,0.681,-0.998,0.042,-0.045],"_shiftlockState":false,"_pose":"Running","_animationQueue":[],"_animationSpeed":1.065,"_zoom":15.4},{"_mousePosition":[583,396],"_rootPartCFrame":[773.915,222.697,47.272,-0.041,0,0.999,0,1,0,-0.999,0,-0.041],"_humanoidState":8,"_cameraCFrame":[785.172,234.684,46.579,-0.061,-0.68,0.731,0,0.732,0.681,-0.998,0.042,-0.045],"_shiftlockState":false,"_pose":"Running","_animationQueue":[],"_animationSpeed":1.065,"_zoom":15.4},{"_mousePosition":[500,423],"_rootPartCFrame":[773.782,222.698,47.28,-0.043,0,0.999,0,1,0,-0.999,0,-0.043],"_humanoidState":8,"_cameraCFrame":[785.039,234.684,46.587,-0.061,-0.68,0.731,0,0.732,0.681,-0.998,0.042,-0.045],"_shiftlockState":false,"_pose":"Running","_animationQueue":[],"_animationSpeed":1.065,"_zoom":15.4},{"_mousePosition":[463,438],"_rootPartCFrame":[773.383,222.699,47.305,-0.046,0,0.999,0,1,0,-0.999,0,-0.046],"_humanoidState":8,"_cameraCFrame":[784.64,234.686,46.612,-0.061,-0.68,0.731,0,0.732,0.681,-0.998,0.042,-0.045],"_shiftlockState":false,"_pose":"Running","_animationQueue":[["walk",0.1]],"_animationSpeed":1.065,"_zoom":15.4},{"_mousePosition":[463,438],"_rootPartCFrame":[773.17,222.699,47.165,0.046,0,0.999,0,1,0,-0.999,0,0.046],"_humanoidState":8,"_cameraCFrame":[783.895,234.929,43.992,-0.13,-0.691,0.711,0,0.717,0.697,-0.991,0.091,-0.093],"_shiftlockState":true,"_pose":"Running","_animationQueue":[],"_animationSpeed":1.065,"_zoom":15.4},{"_mousePosition":[683,384],"_rootPartCFrame":[772.97,222.699,46.99,-0.108,0,0.994,0,1,0,-0.994,0,-0.108],"_humanoidState":8,"_cameraCFrame":[783.695,234.929,43.816,-0.13,-0.691,0.711,0,0.717,0.697,-0.991,0.091,-0.093],"_shiftlockState":true,"_pose":"Running","_animationQueue":[],"_animationSpeed":1.065,"_zoom":15.4},{"_mousePosition":[683,384],"_rootPartCFrame":[772.813,222.7,46.866,-0.13,0,0.992,0,1,0,-0.992,0,-0.13],"_humanoidState":8,"_cameraCFrame":[783.225,235.097,43.253,-0.174,-0.697,0.696,0,0.707,0.708,-0.985,0.123,-0.123],"_shiftlockState":true,"_pose":"Running","_animationQueue":[],"_animationSpeed":1.065,"_zoom":15.4},{"_mousePosition":[683,384],"_rootPartCFrame":[772.549,222.7,46.663,-0.174,0,0.985,0,1,0,-0.985,0,-0.174],"_humanoidState":8,"_cameraCFrame":[782.708,235.228,42.741,-0.206,-0.701,0.683,0,0.698,0.716,-0.979,0.147,-0.143],"_shiftlockState":true,"_pose":"Running","_animationQueue":[],"_animationSpeed":1.065,"_zoom":15.4},{"_mousePosition":[683,384],"_rootPartCFrame":[772.386,222.7,46.547,-0.206,0,0.979,0,1,0,-0.979,0,-0.206],"_humanoidState":8,"_cameraCFrame":[782.274,235.366,42.331,-0.237,-0.704,0.669,0,0.689,0.725,-0.971,0.172,-0.163],"_shiftlockState":true,"_pose":"Running","_animationQueue":[],"_animationSpeed":1.065,"_zoom":15.4},{"_mousePosition":[683,384],"_rootPartCFrame":[772.108,222.7,46.364,-0.237,0,0.971,0,1,0,-0.971,0,-0.237],"_humanoidState":8,"_cameraCFrame":[781.858,235.434,42.011,-0.252,-0.706,0.662,0,0.684,0.73,-0.968,0.184,-0.173],"_shiftlockState":true,"_pose":"Running","_animationQueue":[],"_animationSpeed":1.065,"_zoom":15.4},{"_mousePosition":[683,384],"_rootPartCFrame":[771.938,222.7,46.259,-0.252,0,0.968,0,1,0,-0.968,0,-0.252],"_humanoidState":8,"_cameraCFrame":[781.576,235.493,41.811,-0.264,-0.707,0.656,0,0.68,0.733,-0.965,0.193,-0.179],"_shiftlockState":true,"_pose":"Running","_animationQueue":[["walk",0.1]],"_animationSpeed":1.065,"_zoom":15.4},{"_mousePosition":[683,384],"_rootPartCFrame":[771.65,222.7,46.09,-0.264,0,0.965,0,1,0,-0.965,0,-0.264],"_humanoidState":8,"_cameraCFrame":[781.216,235.535,41.594,-0.27,-0.709,0.652,0,0.677,0.736,-0.963,0.198,-0.183],"_shiftlockState":true,"_pose":"Running","_animationQueue":[],"_animationSpeed":1.065,"_zoom":15.4},{"_mousePosition":[683,384],"_rootPartCFrame":[771.477,222.7,45.99,-0.27,0,0.963,0,1,0,-0.963,0,-0.27],"_humanoidState":8,"_cameraCFrame":[780.948,235.594,41.442,-0.277,-0.711,0.646,0,0.673,0.74,-0.961,0.205,-0.186],"_shiftlockState":true,"_pose":"Running","_animationQueue":[],"_animationSpeed":1.065,"_zoom":15.4},{"_mousePosition":[683,384],"_rootPartCFrame":[771.186,222.7,45.827,-0.277,0,0.961,0,1,0,-0.961,0,-0.277],"_humanoidState":8,"_cameraCFrame":[780.562,235.652,41.227,-0.284,-0.713,0.641,0,0.669,0.744,-0.959,0.211,-0.19],"_shiftlockState":true,"_pose":"Running","_animationQueue":[],"_animationSpeed":1.065,"_zoom":15.4},{"_mousePosition":[683,384],"_rootPartCFrame":[771.012,222.7,45.73,-0.284,0,0.959,0,1,0,-0.959,0,-0.284],"_humanoidState":8,"_cameraCFrame":[780.185,235.768,41.013,-0.3,-0.717,0.63,0,0.66,0.751,-0.954,0.225,-0.198],"_shiftlockState":true,"_pose":"Running","_animationQueue":[],"_animationSpeed":1.065,"_zoom":15.4},{"_mousePosition":[683,384],"_rootPartCFrame":[770.719,222.7,45.57,-0.3,0,0.954,0,1,0,-0.954,0,-0.3],"_humanoidState":8,"_cameraCFrame":[779.667,235.882,40.704,-0.32,-0.719,0.617,0,0.652,0.759,-0.948,0.242,-0.208],"_shiftlockState":true,"_pose":"Running","_animationQueue":[],"_animationSpeed":1.065,"_zoom":15.4},{"_mousePosition":[683,384],"_rootPartCFrame":[770.542,222.7,45.477,-0.32,0,0.948,0,1,0,-0.948,0,-0.32],"_humanoidState":8,"_cameraCFrame":[779.146,236.026,40.347,-0.354,-0.718,0.599,0,0.64,0.768,-0.935,0.272,-0.227],"_shiftlockState":true,"_pose":"Running","_animationQueue":[["walk",0.1]],"_animationSpeed":1.065,"_zoom":15.4},{"_mousePosition":[683,384],"_rootPartCFrame":[770.246,223.77,45.323,-0.354,0,0.935,0,1,0,-0.935,0,-0.354],"_humanoidState":3,"_cameraCFrame":[778.533,237.223,39.966,-0.385,-0.716,0.582,0,0.631,0.776,-0.923,0.299,-0.243],"_shiftlockState":true,"_pose":"Jumping","_animationQueue":[["walk",0.1],["jump",0.1]],"_animationSpeed":1,"_zoom":15.4},{"_mousePosition":[683,384],"_rootPartCFrame":[770.004,224.564,45.211,-0.315,0,0.949,0,1,0,-0.949,0,-0.315],"_humanoidState":5,"_cameraCFrame":[777.854,238.172,39.553,-0.428,-0.71,0.558,0,0.618,0.786,-0.904,0.337,-0.265],"_shiftlockState":true,"_pose":"FreeFall","_animationQueue":[["jump",0.1]],"_animationSpeed":1,"_zoom":15.4},{"_mousePosition":[683,384],"_rootPartCFrame":[769.758,225.305,45.108,-0.33,0,0.944,0,1,0,-0.944,0,-0.33],"_humanoidState":5,"_cameraCFrame":[777.128,239.065,39.141,-0.475,-0.701,0.533,0,0.605,0.796,-0.88,0.378,-0.287],"_shiftlockState":true,"_pose":"FreeFall","_animationQueue":[],"_animationSpeed":1,"_zoom":15.4},{"_mousePosition":[683,384],"_rootPartCFrame":[769.57,225.824,45.04,-0.4,0,0.916,0,1,0,-0.916,0,-0.4],"_humanoidState":5,"_cameraCFrame":[776.433,239.74,38.796,-0.521,-0.688,0.505,0,0.592,0.806,-0.853,0.42,-0.308],"_shiftlockState":true,"_pose":"FreeFall","_animationQueue":[],"_animationSpeed":1,"_zoom":15.4},{"_mousePosition":[683,384],"_rootPartCFrame":[769.252,226.622,44.942,-0.398,0,0.918,0,1,0,-0.918,0,-0.398],"_humanoidState":5,"_cameraCFrame":[775.572,240.676,38.41,-0.571,-0.669,0.475,0,0.579,0.815,-0.821,0.466,-0.331],"_shiftlockState":true,"_pose":"FreeFall","_animationQueue":[],"_animationSpeed":1,"_zoom":15.4},{"_mousePosition":[683,384],"_rootPartCFrame":[769.058,227.059,44.893,-0.5,0,0.866,0,1,0,-0.866,0,-0.5],"_humanoidState":5,"_cameraCFrame":[774.814,241.228,38.066,-0.623,-0.643,0.445,0,0.569,0.823,-0.782,0.513,-0.354],"_shiftlockState":true,"_pose":"FreeFall","_animationQueue":[],"_animationSpeed":1,"_zoom":15.4},{"_mousePosition":[683,384],"_rootPartCFrame":[768.73,227.721,44.832,-0.507,0,0.862,0,1,0,-0.862,0,-0.507],"_humanoidState":5,"_cameraCFrame":[774.007,241.973,37.778,-0.666,-0.618,0.418,0,0.561,0.828,-0.746,0.551,-0.373],"_shiftlockState":true,"_pose":"FreeFall","_animationQueue":[],"_animationSpeed":1,"_zoom":15.4},{"_mousePosition":[683,384],"_rootPartCFrame":[768.466,228.189,44.799,-0.578,0,0.816,0,1,0,-0.816,0,-0.578],"_humanoidState":5,"_cameraCFrame":[773.217,242.517,37.513,-0.711,-0.586,0.389,0,0.553,0.833,-0.704,0.592,-0.393],"_shiftlockState":true,"_pose":"FreeFall","_animationQueue":[],"_animationSpeed":1,"_zoom":15.4},{"_mousePosition":[683,384],"_rootPartCFrame":[768.2,228.602,44.781,-0.627,0,0.779,0,1,0,-0.779,0,-0.627],"_humanoidState":5,"_cameraCFrame":[772.446,242.985,37.283,-0.752,-0.551,0.361,0,0.548,0.837,-0.659,0.629,-0.412],"_shiftlockState":true,"_pose":"FreeFall","_animationQueue":[],"_animationSpeed":1,"_zoom":15.4},{"_mousePosition":[683,384],"_rootPartCFrame":[768,228.876,44.78,-0.694,0,0.72,0,1,0,-0.72,0,-0.694],"_humanoidState":5,"_cameraCFrame":[771.735,243.293,37.071,-0.792,-0.512,0.333,0,0.545,0.839,-0.611,0.664,-0.431],"_shiftlockState":true,"_pose":"FreeFall","_animationQueue":[],"_animationSpeed":1,"_zoom":15.4},{"_mousePosition":[683,384],"_rootPartCFrame":[767.667,229.265,44.799,-0.698,0,0.716,0,1,0,-0.716,0,-0.698],"_humanoidState":5,"_cameraCFrame":[771.068,243.682,36.937,-0.817,-0.483,0.314,0,0.545,0.839,-0.576,0.686,-0.445],"_shiftlockState":true,"_pose":"FreeFall","_animationQueue":[],"_animationSpeed":1,"_zoom":15.4},{"_mousePosition":[683,384],"_rootPartCFrame":[767.469,229.457,44.822,-0.766,0,0.642,0,1,0,-0.642,0,-0.766],"_humanoidState":5,"_cameraCFrame":[770.422,243.881,36.792,-0.848,-0.445,0.288,0,0.544,0.839,-0.53,0.712,-0.461],"_shiftlockState":true,"_pose":"FreeFall","_animationQueue":[],"_animationSpeed":1,"_zoom":15.4},{"_mousePosition":[683,384],"_rootPartCFrame":[767.206,229.666,44.866,-0.784,0,0.621,0,1,0,-0.621,0,-0.784],"_humanoidState":5,"_cameraCFrame":[769.692,244.09,36.679,-0.877,-0.403,0.261,0,0.544,0.839,-0.48,0.736,-0.477],"_shiftlockState":true,"_pose":"FreeFall","_animationQueue":[],"_animationSpeed":1,"_zoom":15.4},{"_mousePosition":[683,384],"_rootPartCFrame":[766.88,229.851,44.938,-0.801,0,0.598,0,1,0,-0.598,0,-0.801],"_humanoidState":5,"_cameraCFrame":[768.878,244.268,36.609,-0.904,-0.358,0.233,0,0.545,0.839,-0.427,0.758,-0.492],"_shiftlockState":true,"_pose":"FreeFall","_animationQueue":[],"_animationSpeed":1,"_zoom":15.4},{"_mousePosition":[683,384],"_rootPartCFrame":[766.624,229.937,45.011,-0.851,0,0.526,0,1,0,-0.526,0,-0.851],"_humanoidState":5,"_cameraCFrame":[768.165,244.34,36.564,-0.927,-0.315,0.205,0,0.546,0.838,-0.376,0.776,-0.506],"_shiftlockState":true,"_pose":"FreeFall","_animationQueue":[],"_animationSpeed":1,"_zoom":15.4},{"_mousePosition":[683,384],"_rootPartCFrame":[766.435,229.966,45.076,-0.948,0,0.317,0,1,0,-0.317,0,-0.948],"_humanoidState":5,"_cameraCFrame":[767.45,244.355,36.528,-0.948,-0.266,0.174,0,0.547,0.837,-0.317,0.794,-0.519],"_shiftlockState":true,"_pose":"FreeFall","_animationQueue":[],"_animationSpeed":1,"_zoom":15.4},{"_mousePosition":[683,384],"_rootPartCFrame":[766.257,229.964,45.153,-0.938,0,0.347,0,1,0,-0.347,0,-0.938],"_humanoidState":5,"_cameraCFrame":[767.257,244.366,36.624,-0.949,-0.265,0.173,0,0.546,0.838,-0.316,0.795,-0.518],"_shiftlockState":true,"_pose":"FreeFall","_animationQueue":[["fall",0.3]],"_animationSpeed":1,"_zoom":15.4},{"_mousePosition":[683,384],"_rootPartCFrame":[766.045,229.914,45.281,-0.946,0,0.323,0,1,0,-0.323,0,-0.946],"_humanoidState":5,"_cameraCFrame":[767.029,244.33,36.77,-0.949,-0.264,0.172,0,0.545,0.839,-0.315,0.796,-0.517],"_shiftlockState":true,"_pose":"FreeFall","_animationQueue":[],"_animationSpeed":1,"_zoom":15.4},{"_mousePosition":[683,384],"_rootPartCFrame":[765.861,229.81,45.436,-0.949,0,0.316,0,1,0,-0.316,0,-0.949],"_humanoidState":5,"_cameraCFrame":[766.83,244.239,36.944,-0.949,-0.264,0.171,0,0.543,0.84,-0.314,0.797,-0.516],"_shiftlockState":true,"_pose":"FreeFall","_animationQueue":[],"_animationSpeed":1,"_zoom":15.4},{"_mousePosition":[683,384],"_rootPartCFrame":[765.705,229.651,45.619,-0.95,0,0.313,0,1,0,-0.313,0,-0.95],"_humanoidState":5,"_cameraCFrame":[765.917,243.973,36.914,-0.974,-0.187,0.124,0,0.554,0.833,-0.225,0.811,-0.54],"_shiftlockState":true,"_pose":"FreeFall","_animationQueue":[["fall",0.3]],"_animationSpeed":1,"_zoom":15.4},{"_mousePosition":[683,384],"_rootPartCFrame":[765.584,229.496,45.755,-0.961,0,0.278,0,1,0,-0.278,0,-0.961],"_humanoidState":5,"_cameraCFrame":[765.504,243.756,36.957,-0.982,-0.157,0.106,0,0.56,0.829,-0.19,0.813,-0.55],"_shiftlockState":true,"_pose":"FreeFall","_animationQueue":[],"_animationSpeed":1,"_zoom":15.4},{"_mousePosition":[683,384],"_rootPartCFrame":[765.445,229.31,45.879,-0.964,0,0.266,0,1,0,-0.266,0,-0.964],"_humanoidState":5,"_cameraCFrame":[765.06,243.493,36.978,-0.988,-0.127,0.087,0,0.567,0.824,-0.154,0.814,-0.56],"_shiftlockState":true,"_pose":"FreeFall","_animationQueue":[],"_animationSpeed":1,"_zoom":15.4},{"_mousePosition":[683,384],"_rootPartCFrame":[765.341,229.17,45.956,-0.978,0,0.207,0,1,0,-0.207,0,-0.978],"_humanoidState":5,"_cameraCFrame":[764.518,243.231,36.915,-0.995,-0.084,0.06,0,0.578,0.816,-0.103,0.811,-0.575],"_shiftlockState":true,"_pose":"FreeFall","_animationQueue":[],"_animationSpeed":1,"_zoom":15.4},{"_mousePosition":[683,384],"_rootPartCFrame":[765.166,228.864,46.031,-0.996,0.003,0.088,0,0.999,-0.034,-0.088,-0.033,-0.996],"_humanoidState":5,"_cameraCFrame":[763.969,242.824,36.843,-0.998,-0.049,0.035,0,0.588,0.809,-0.06,0.808,-0.587],"_shiftlockState":true,"_pose":"FreeFall","_animationQueue":[],"_animationSpeed":1,"_zoom":15.4},{"_mousePosition":[683,384],"_rootPartCFrame":[765.029,228.529,46.045,-1,0,0.013,0,1,-0.024,-0.013,-0.024,-1],"_humanoidState":5,"_cameraCFrame":[763.403,242.368,36.773,-1,-0.011,0.008,0,0.598,0.801,-0.013,0.801,-0.598],"_shiftlockState":true,"_pose":"FreeFall","_animationQueue":[],"_animationSpeed":1,"_zoom":15.4},{"_mousePosition":[683,384],"_rootPartCFrame":[764.91,228.139,46.096,-1,0,0.012,0,1,-0.007,-0.012,-0.007,-1],"_humanoidState":5,"_cameraCFrame":[763.283,241.979,36.849,-1,-0.011,0.008,0,0.598,0.801,-0.013,0.801,-0.598],"_shiftlockState":true,"_pose":"FreeFall","_animationQueue":[],"_animationSpeed":1,"_zoom":15.4},{"_mousePosition":[683,384],"_rootPartCFrame":[764.82,228.236,46.139,-1,0.001,0.004,0.001,1,-0.002,-0.004,-0.002,-1],"_humanoidState":12,"_cameraCFrame":[763.195,242.076,36.9,-1,-0.011,0.008,0,0.598,0.801,-0.013,0.801,-0.598],"_shiftlockState":true,"_pose":"Climbing","_animationQueue":[["walk",0.1],["fall",0.3],["climb",0.1],["climb",0]],"_animationSpeed":-2.051,"_zoom":15.4},{"_mousePosition":[683,384],"_rootPartCFrame":[764.772,228.419,46.142,-1,0.001,0.002,0.001,1,0,-0.002,0,-1],"_humanoidState":12,"_cameraCFrame":[763.147,242.259,36.906,-1,-0.011,0.008,0,0.598,0.801,-0.013,0.801,-0.598],"_shiftlockState":true,"_pose":"Climbing","_animationQueue":[["climb",0.1]],"_animationSpeed":0.837,"_zoom":15.4},{"_mousePosition":[683,384],"_rootPartCFrame":[764.761,228.606,46.142,-1,0,0.012,0,1,0,-0.012,0,-1],"_humanoidState":12,"_cameraCFrame":[763.135,242.446,36.906,-1,-0.011,0.008,0,0.598,0.801,-0.013,0.801,-0.598],"_shiftlockState":true,"_pose":"Climbing","_animationQueue":[["climb",0.1],["climb",0]],"_animationSpeed":0.93,"_zoom":15.4},{"_mousePosition":[683,384],"_rootPartCFrame":[764.761,228.792,46.142,-1,0,0.013,0,1,0,-0.013,0,-1],"_humanoidState":12,"_cameraCFrame":[763.134,242.632,36.906,-1,-0.011,0.008,0,0.598,0.801,-0.013,0.801,-0.598],"_shiftlockState":true,"_pose":"Climbing","_animationQueue":[],"_animationSpeed":0.93,"_zoom":15.4},{"_mousePosition":[683,384],"_rootPartCFrame":[764.761,228.979,46.142,-1,0,0.013,0,1,0,-0.013,0,-1],"_humanoidState":12,"_cameraCFrame":[763.134,242.819,36.906,-1,-0.011,0.008,0,0.598,0.801,-0.013,0.801,-0.598],"_shiftlockState":true,"_pose":"Climbing","_animationQueue":[],"_animationSpeed":0.93,"_zoom":15.4},{"_mousePosition":[683,384],"_rootPartCFrame":[764.761,229.166,46.142,-1,0,0.013,0,1,0,-0.013,0,-1],"_humanoidState":12,"_cameraCFrame":[763.115,242.998,36.9,-1,-0.009,0.007,0,0.599,0.801,-0.011,0.801,-0.599],"_shiftlockState":true,"_pose":"Climbing","_animationQueue":[],"_animationSpeed":0.93,"_zoom":15.4},{"_mousePosition":[683,384],"_rootPartCFrame":[764.761,229.399,46.142,-1,0,0.011,0,1,0,-0.011,0,-1],"_humanoidState":12,"_cameraCFrame":[762.451,243.104,36.872,-0.998,0.047,-0.037,0,0.61,0.793,0.06,0.791,-0.609],"_shiftlockState":true,"_pose":"Climbing","_animationQueue":[],"_animationSpeed":0.93,"_zoom":15.4},{"_mousePosition":[683,384],"_rootPartCFrame":[764.761,229.539,46.109,-0.998,0,-0.058,0,1,0,0.058,0,-0.998],"_humanoidState":12,"_cameraCFrame":[760.623,243.029,37.202,-0.967,0.197,-0.159,0,0.628,0.779,0.253,0.753,-0.607],"_shiftlockState":true,"_pose":"Climbing","_animationQueue":[],"_animationSpeed":0.93,"_zoom":15.4},{"_mousePosition":[683,384],"_rootPartCFrame":[764.86,230.3,45.952,-0.979,-0.005,-0.206,-0.005,1,-0.002,0.206,-0.001,-0.979],"_humanoidState":8,"_cameraCFrame":[757.967,243.382,38.291,-0.846,0.4,-0.351,0,0.659,0.752,0.532,0.637,-0.558],"_shiftlockState":true,"_pose":"Standing","_animationQueue":[["climb",0.1],["idle",0.1],["idle",0.1]],"_animationSpeed":1,"_zoom":15.4},{"_mousePosition":[683,384],"_rootPartCFrame":[765.058,230.88,45.727,-0.88,-0.01,-0.475,-0.008,1,-0.006,0.475,-0.001,-0.88],"_humanoidState":8,"_cameraCFrame":[755.376,243.284,40.444,-0.613,0.56,-0.558,0,0.706,0.708,0.79,0.434,-0.433],"_shiftlockState":true,"_pose":"Running","_animationQueue":[["walk",0.1]],"_animationSpeed":0.593,"_zoom":15.4},{"_mousePosition":[683,384],"_rootPartCFrame":[765.287,230.669,45.468,-0.665,-0.031,-0.747,-0.057,0.998,0.009,0.745,0.049,-0.665],"_humanoidState":8,"_cameraCFrame":[753.794,242.234,42.737,-0.38,0.605,-0.7,0,0.757,0.654,0.925,0.248,-0.287],"_shiftlockState":true,"_pose":"Running","_animationQueue":[["walk",0.1]],"_animationSpeed":0.909,"_zoom":15.4},{"_mousePosition":[683,384],"_rootPartCFrame":[765.485,231.605,45.331,-0.394,-0.002,-0.919,-0.028,1,0.009,0.919,0.029,-0.394],"_humanoidState":3,"_cameraCFrame":[754.145,242.207,43.472,-0.314,0.594,-0.741,0,0.78,0.625,0.949,0.196,-0.245],"_shiftlockState":true,"_pose":"Jumping","_animationQueue":[["walk",0.1],["jump",0.1]],"_animationSpeed":1,"_zoom":15.4},{"_mousePosition":[683,384],"_rootPartCFrame":[765.763,232.724,45.18,-0.234,0.002,-0.972,-0.005,1,0.003,0.972,0.005,-0.234],"_humanoidState":5,"_cameraCFrame":[754.44,243.191,42.328,-0.387,0.565,-0.728,0,0.79,0.613,0.922,0.237,-0.306],"_shiftlockState":true,"_pose":"FreeFall","_animationQueue":[["jump",0.1]],"_animationSpeed":1,"_zoom":15.4},{"_mousePosition":[683,384],"_rootPartCFrame":[765.942,233.355,45.091,-0.314,0.001,-0.95,-0.001,1,0.001,0.95,0.001,-0.314],"_humanoidState":5,"_cameraCFrame":[755.116,243.626,39.944,-0.557,0.494,-0.668,0,0.804,0.595,0.831,0.331,-0.448],"_shiftlockState":true,"_pose":"FreeFall","_animationQueue":[],"_animationSpeed":1,"_zoom":15.4},{"_mousePosition":[683,384],"_rootPartCFrame":[766.187,234.148,44.986,-0.45,0,-0.893,0,1,0,0.893,0,-0.45],"_humanoidState":5,"_cameraCFrame":[756.754,244.219,37.091,-0.744,0.384,-0.546,0,0.818,0.576,0.668,0.428,-0.609],"_shiftlockState":true,"_pose":"FreeFall","_animationQueue":[],"_animationSpeed":1,"_zoom":15.4},{"_mousePosition":[683,384],"_rootPartCFrame":[766.44,234.886,44.909,-0.65,0,-0.76,0,1,0,0.76,0,-0.65],"_humanoidState":5,"_cameraCFrame":[760.274,244.72,33.881,-0.932,0.201,-0.302,0,0.832,0.554,0.362,0.517,-0.776],"_shiftlockState":true,"_pose":"FreeFall","_animationQueue":[],"_animationSpeed":1,"_zoom":15.4},{"_mousePosition":[683,384],"_rootPartCFrame":[766.767,235.733,44.867,-0.859,0,-0.512,0,1,0,0.512,0,-0.859],"_humanoidState":5,"_cameraCFrame":[763.645,245.451,32.442,-0.994,0.059,-0.091,0,0.839,0.544,0.109,0.54,-0.834],"_shiftlockState":true,"_pose":"FreeFall","_animationQueue":[],"_animationSpeed":1,"_zoom":15.4},{"_mousePosition":[683,384],"_rootPartCFrame":[766.962,236.2,44.871,-0.978,0,-0.208,0,1,0,0.208,0,-0.978],"_humanoidState":5,"_cameraCFrame":[768.172,245.758,31.915,-0.974,-0.12,0.192,0,0.848,0.53,-0.226,0.516,-0.826],"_shiftlockState":true,"_pose":"FreeFall","_animationQueue":[],"_animationSpeed":1,"_zoom":15.4},{"_mousePosition":[683,384],"_rootPartCFrame":[767.273,236.91,44.926,-0.892,0,0.452,0,1,0,-0.452,0,-0.892],"_humanoidState":5,"_cameraCFrame":[771.64,246.478,32.434,-0.892,-0.237,0.385,0,0.852,0.524,-0.452,0.467,-0.76],"_shiftlockState":true,"_pose":"FreeFall","_animationQueue":[["fall",0.3]],"_animationSpeed":1,"_zoom":15.4},{"_mousePosition":[683,384],"_rootPartCFrame":[767.331,237.042,44.943,-0.892,0,0.452,0,1,0,-0.452,0,-0.892],"_humanoidState":5,"_cameraCFrame":[772.368,246.578,32.685,-0.867,-0.26,0.426,0,0.853,0.522,-0.499,0.452,-0.739],"_shiftlockState":true,"_pose":"FreeFall","_animationQueue":[["fall",0.3]],"_animationSpeed":1,"_zoom":15.4},{"_mousePosition":[683,384],"_rootPartCFrame":[767.493,237.417,45,-0.879,0,0.477,0,1,0,-0.477,0,-0.879],"_humanoidState":5,"_cameraCFrame":[772.977,246.911,32.907,-0.848,-0.275,0.453,0,0.855,0.519,-0.529,0.44,-0.725],"_shiftlockState":true,"_pose":"FreeFall","_animationQueue":[],"_animationSpeed":1,"_zoom":15.4},{"_mousePosition":[683,384],"_rootPartCFrame":[767.635,237.761,45.066,-0.853,0,0.522,0,1,0,-0.522,0,-0.853],"_humanoidState":5,"_cameraCFrame":[773.494,247.223,33.129,-0.832,-0.287,0.475,0,0.856,0.517,-0.555,0.43,-0.712],"_shiftlockState":true,"_pose":"FreeFall","_animationQueue":[],"_animationSpeed":1,"_zoom":15.4},{"_mousePosition":[683,384],"_rootPartCFrame":[767.791,238.173,45.167,-0.835,0,0.551,0,1,0,-0.551,0,-0.835],"_humanoidState":5,"_cameraCFrame":[773.94,247.624,33.369,-0.818,-0.297,0.492,0,0.856,0.516,-0.575,0.423,-0.701],"_shiftlockState":true,"_pose":"FreeFall","_animationQueue":[],"_animationSpeed":1,"_zoom":15.4},{"_mousePosition":[683,384],"_rootPartCFrame":[767.911,238.53,45.284,-0.82,0,0.572,0,1,0,-0.572,0,-0.82],"_humanoidState":5,"_cameraCFrame":[774.472,247.96,33.695,-0.798,-0.31,0.517,0,0.857,0.515,-0.603,0.411,-0.684],"_shiftlockState":true,"_pose":"FreeFall","_animationQueue":[],"_animationSpeed":1,"_zoom":15.4},{"_mousePosition":[683,384],"_rootPartCFrame":[767.994,238.833,45.414,-0.8,0,0.599,0,1,0,-0.599,0,-0.8],"_humanoidState":5,"_cameraCFrame":[775.184,248.209,34.168,-0.765,-0.33,0.554,0,0.859,0.511,-0.644,0.391,-0.657],"_shiftlockState":true,"_pose":"FreeFall","_animationQueue":[],"_animationSpeed":1,"_zoom":15.4},{"_mousePosition":[683,384],"_rootPartCFrame":[768.04,239.081,45.558,-0.769,0,0.64,0,1,0,-0.64,0,-0.769],"_humanoidState":5,"_cameraCFrame":[775.894,248.415,34.734,-0.726,-0.35,0.592,0,0.861,0.509,-0.688,0.369,-0.625],"_shiftlockState":true,"_pose":"FreeFall","_animationQueue":[["fall",0.3]],"_animationSpeed":1,"_zoom":15.4},{"_mousePosition":[683,384],"_rootPartCFrame":[768.047,239.274,45.713,-0.731,0,0.683,0,1,0,-0.683,0,-0.731],"_humanoidState":5,"_cameraCFrame":[776.745,248.565,35.522,-0.669,-0.376,0.641,0,0.863,0.506,-0.743,0.339,-0.577],"_shiftlockState":true,"_pose":"FreeFall","_animationQueue":[],"_animationSpeed":1,"_zoom":15.4},{"_mousePosition":[683,384],"_rootPartCFrame":[768.001,239.439,45.919,-0.678,0,0.735,0,1,0,-0.735,0,-0.678],"_humanoidState":5,"_cameraCFrame":[777.477,248.655,36.385,-0.611,-0.396,0.685,0,0.865,0.501,-0.791,0.306,-0.529],"_shiftlockState":true,"_pose":"FreeFall","_animationQueue":[],"_animationSpeed":1,"_zoom":15.4},{"_mousePosition":[683,384],"_rootPartCFrame":[767.945,239.498,46.046,-0.617,0,0.787,0,1,0,-0.787,0,-0.617],"_humanoidState":5,"_cameraCFrame":[778.207,248.552,37.224,-0.548,-0.41,0.729,0,0.871,0.491,-0.836,0.269,-0.478],"_shiftlockState":true,"_pose":"FreeFall","_animationQueue":[],"_animationSpeed":1,"_zoom":15.4},{"_mousePosition":[683,384],"_rootPartCFrame":[767.834,239.528,46.215,-0.557,0,0.831,0,1,0,-0.831,0,-0.557],"_humanoidState":5,"_cameraCFrame":[779.081,248.167,38.293,-0.467,-0.41,0.783,0,0.886,0.464,-0.884,0.217,-0.414],"_shiftlockState":true,"_pose":"FreeFall","_animationQueue":[],"_animationSpeed":1,"_zoom":15.4},{"_mousePosition":[683,384],"_rootPartCFrame":[767.642,239.489,46.417,-0.48,0,0.877,0,1,0,-0.877,0,-0.48],"_humanoidState":5,"_cameraCFrame":[779.779,247.404,39.222,-0.399,-0.382,0.833,0,0.909,0.417,-0.917,0.166,-0.363],"_shiftlockState":true,"_pose":"FreeFall","_animationQueue":[],"_animationSpeed":1,"_zoom":15.4},{"_mousePosition":[683,384],"_rootPartCFrame":[767.498,239.424,46.528,-0.407,0,0.914,0,1,0,-0.914,0,-0.407],"_humanoidState":5,"_cameraCFrame":[780.224,246.758,39.877,-0.352,-0.355,0.866,0,0.925,0.379,-0.936,0.133,-0.326],"_shiftlockState":true,"_pose":"FreeFall","_animationQueue":[],"_animationSpeed":1,"_zoom":15.4},{"_mousePosition":[683,384],"_rootPartCFrame":[767.279,239.291,46.656,-0.359,0,0.933,0,1,0,-0.933,0,-0.359],"_humanoidState":5,"_cameraCFrame":[780.329,246.301,40.366,-0.322,-0.339,0.884,0,0.934,0.358,-0.947,0.115,-0.301],"_shiftlockState":true,"_pose":"FreeFall","_animationQueue":[["fall",0.3]],"_animationSpeed":1,"_zoom":15.4},{"_mousePosition":[683,384],"_rootPartCFrame":[767.035,239.103,46.757,-0.327,0,0.945,0,1,0,-0.945,0,-0.327],"_humanoidState":5,"_cameraCFrame":[780.145,246.056,40.542,-0.316,-0.336,0.887,0,0.935,0.354,-0.949,0.112,-0.296],"_shiftlockState":true,"_pose":"FreeFall","_animationQueue":[],"_animationSpeed":1,"_zoom":15.4},{"_mousePosition":[683,384],"_rootPartCFrame":[766.783,238.86,46.844,-0.318,0,0.948,0,1,0,-0.948,0,-0.318],"_humanoidState":5,"_cameraCFrame":[779.893,245.813,40.63,-0.316,-0.336,0.887,0,0.935,0.354,-0.949,0.112,-0.296],"_shiftlockState":true,"_pose":"FreeFall","_animationQueue":[],"_animationSpeed":1,"_zoom":15.4},{"_mousePosition":[683,384],"_rootPartCFrame":[766.669,238.591,46.936,-0.243,0,0.97,0.008,1,0.002,-0.97,0.008,-0.243],"_humanoidState":5,"_cameraCFrame":[779.779,245.544,40.734,-0.316,-0.336,0.887,0,0.935,0.354,-0.949,0.112,-0.296],"_shiftlockState":true,"_pose":"FreeFall","_animationQueue":[],"_animationSpeed":1,"_zoom":15.4},{"_mousePosition":[683,384],"_rootPartCFrame":[766.691,238.294,47.04,-0.283,0,0.959,0.007,1,0.002,-0.959,0.007,-0.283],"_humanoidState":5,"_cameraCFrame":[780.481,244.979,42.234,-0.214,-0.329,0.92,0,0.942,0.337,-0.977,0.072,-0.202],"_shiftlockState":true,"_pose":"FreeFall","_animationQueue":[],"_animationSpeed":1,"_zoom":15.4},{"_mousePosition":[683,384],"_rootPartCFrame":[766.672,237.943,47.131,-0.22,0,0.976,0.002,1,0.001,-0.976,0.002,-0.22],"_humanoidState":5,"_cameraCFrame":[781.48,243.945,47.954,0.173,-0.288,0.942,0,0.956,0.292,-0.985,-0.05,0.165],"_shiftlockState":true,"_pose":"FreeFall","_animationQueue":[],"_animationSpeed":1,"_zoom":15.4},{"_mousePosition":[683,384],"_rootPartCFrame":[766.614,237.538,47.218,0.134,0,0.991,0,1,0,-0.991,0,0.134],"_humanoidState":5,"_cameraCFrame":[779.255,243.492,55,0.621,-0.227,0.75,0,0.957,0.289,-0.784,-0.18,0.594],"_shiftlockState":true,"_pose":"FreeFall","_animationQueue":[["fall",0.3]],"_animationSpeed":1,"_zoom":15.4},{"_mousePosition":[683,384],"_rootPartCFrame":[766.908,238.12,47.276,0.555,-0.02,0.832,0.008,1,0.018,-0.832,-0.004,0.555],"_humanoidState":7,"_cameraCFrame":[772.998,244.417,60.678,0.953,-0.095,0.289,0,0.95,0.312,-0.304,-0.297,0.905],"_shiftlockState":true,"_pose":"FreeFall","_animationQueue":[["walk",0.1],["fall",0.3],["fall",0.3]],"_animationSpeed":1,"_zoom":15.4},{"_mousePosition":[683,384],"_rootPartCFrame":[767.023,238.922,47.328,0.965,-0.003,0.263,0.003,1,0.001,-0.263,0,0.965],"_humanoidState":7,"_cameraCFrame":[768.742,245.513,61.865,1,0.001,-0.002,0,0.944,0.331,0.002,-0.331,0.944],"_shiftlockState":true,"_pose":"FreeFall","_animationQueue":[],"_animationSpeed":1,"_zoom":15.4},{"_mousePosition":[683,384],"_rootPartCFrame":[767.023,239.361,47.328,1,0.001,-0.012,-0.001,1,-0.003,0.012,0.003,1],"_humanoidState":8,"_cameraCFrame":[769.608,247.802,60.946,0.998,-0.027,0.054,0,0.893,0.451,-0.061,-0.45,0.891],"_shiftlockState":true,"_pose":"Running","_animationQueue":[["fall",0.3],["walk",0.1]],"_animationSpeed":0.029,"_zoom":15.4},{"_mousePosition":[683,384],"_rootPartCFrame":[767.022,240.465,47.326,0.999,0.004,0.052,-0.004,1,-0.004,-0.052,0.004,0.999],"_humanoidState":3,"_cameraCFrame":[771.046,251.023,59.25,0.983,-0.109,0.149,0,0.809,0.588,-0.185,-0.578,0.795],"_shiftlockState":true,"_pose":"Jumping","_animationQueue":[["walk",0.1],["jump",0.1]],"_animationSpeed":1,"_zoom":15.4},{"_mousePosition":[683,384],"_rootPartCFrame":[767.009,241.107,47.315,0.975,0.003,0.223,-0.003,1,-0.003,-0.223,0.002,0.975],"_humanoidState":5,"_cameraCFrame":[770.638,252.844,58.377,0.986,-0.11,0.123,0,0.747,0.665,-0.165,-0.656,0.737],"_shiftlockState":true,"_pose":"FreeFall","_animationQueue":[["jump",0.1]],"_animationSpeed":1,"_zoom":15.4},{"_mousePosition":[683,384],"_rootPartCFrame":[767.004,241.907,47.279,0.968,0.002,0.249,-0.002,1,0,-0.249,-0.001,0.968],"_humanoidState":5,"_cameraCFrame":[770.342,253.983,58.106,0.99,-0.098,0.104,0,0.727,0.687,-0.143,-0.68,0.719],"_shiftlockState":true,"_pose":"FreeFall","_animationQueue":[],"_animationSpeed":1,"_zoom":15.4},{"_mousePosition":[683,384],"_rootPartCFrame":[767.036,242.627,47.224,0.972,0.001,0.236,-0.002,1,0.002,-0.236,-0.002,0.972],"_humanoidState":5,"_cameraCFrame":[771.487,255.172,57.142,0.966,-0.184,0.179,0,0.697,0.717,-0.257,-0.693,0.673],"_shiftlockState":true,"_pose":"FreeFall","_animationQueue":[],"_animationSpeed":1,"_zoom":15.4},{"_mousePosition":[683,384],"_rootPartCFrame":[767.031,243.293,47.154,0.938,0,0.346,-0.001,1,0.001,-0.346,-0.001,0.938],"_humanoidState":5,"_cameraCFrame":[773.462,256.086,55.599,0.885,-0.342,0.317,0,0.68,0.733,-0.466,-0.649,0.601],"_shiftlockState":true,"_pose":"FreeFall","_animationQueue":[],"_animationSpeed":1,"_zoom":15.4},{"_mousePosition":[683,384],"_rootPartCFrame":[767.019,243.896,47.071,0.844,-0.005,0.537,0.004,1,0.003,-0.537,-0.001,0.844],"_humanoidState":5,"_cameraCFrame":[775.245,256.596,53.926,0.757,-0.475,0.449,0,0.686,0.727,-0.654,-0.55,0.519],"_shiftlockState":true,"_pose":"FreeFall","_animationQueue":[],"_animationSpeed":1,"_zoom":15.4},{"_mousePosition":[683,384],"_rootPartCFrame":[766.994,244.436,46.986,0.705,-0.004,0.709,0.003,1,0.003,-0.709,0,0.705],"_humanoidState":5,"_cameraCFrame":[776.876,256.842,51.835,0.577,-0.578,0.576,0,0.706,0.708,-0.816,-0.409,0.408],"_shiftlockState":true,"_pose":"FreeFall","_animationQueue":[],"_animationSpeed":1,"_zoom":15.4},{"_mousePosition":[683,384],"_rootPartCFrame":[766.93,244.922,46.908,0.516,-0.001,0.856,0.001,1,0.001,-0.856,0,0.516],"_humanoidState":5,"_cameraCFrame":[778.218,256.771,49.288,0.352,-0.629,0.693,0,0.741,0.672,-0.936,-0.237,0.261],"_shiftlockState":true,"_pose":"FreeFall","_animationQueue":[],"_animationSpeed":1,"_zoom":15.4},{"_mousePosition":[683,384],"_rootPartCFrame":[766.83,245.353,46.847,0.285,0,0.959,0,1,0,-0.959,0,0.285],"_humanoidState":5,"_cameraCFrame":[778.816,256.657,47.514,0.2,-0.624,0.756,0,0.771,0.637,-0.98,-0.128,0.155],"_shiftlockState":true,"_pose":"FreeFall","_animationQueue":[],"_animationSpeed":1,"_zoom":15.4},{"_mousePosition":[683,384],"_rootPartCFrame":[766.654,245.816,46.771,0.197,0,0.98,0,1,0,-0.98,0,0.197],"_humanoidState":5,"_cameraCFrame":[778.861,256.859,47.148,0.174,-0.61,0.773,0,0.785,0.62,-0.985,-0.108,0.136],"_shiftlockState":true,"_pose":"FreeFall","_animationQueue":[],"_animationSpeed":1,"_zoom":15.4},{"_mousePosition":[683,384],"_rootPartCFrame":[766.519,246.052,46.723,0.18,0,0.984,0,1,0,-0.984,0,0.18],"_humanoidState":5,"_cameraCFrame":[778.804,256.978,47.399,0.196,-0.6,0.775,0,0.791,0.612,-0.981,-0.12,0.155],"_shiftlockState":true,"_pose":"FreeFall","_animationQueue":[],"_animationSpeed":1,"_zoom":15.4},{"_mousePosition":[683,384],"_rootPartCFrame":[766.305,246.32,46.666,0.196,0,0.981,0,1,0,-0.981,0,0.196],"_humanoidState":5,"_cameraCFrame":[778.617,257.177,47.713,0.225,-0.592,0.774,0,0.794,0.608,-0.974,-0.137,0.179],"_shiftlockState":true,"_pose":"FreeFall","_animationQueue":[],"_animationSpeed":1,"_zoom":15.4},{"_mousePosition":[683,384],"_rootPartCFrame":[766.054,246.533,46.613,0.222,0,0.975,0,1,0,-0.975,0,0.222],"_humanoidState":5,"_cameraCFrame":[778.342,257.38,47.984,0.25,-0.588,0.769,0,0.795,0.607,-0.968,-0.152,0.199],"_shiftlockState":true,"_pose":"FreeFall","_animationQueue":[],"_animationSpeed":1,"_zoom":15.4},{"_mousePosition":[683,384],"_rootPartCFrame":[765.794,246.692,46.554,0.247,0,0.969,0,1,0,-0.969,0,0.247],"_humanoidState":5,"_cameraCFrame":[778.011,257.618,48.012,0.259,-0.591,0.764,0,0.791,0.612,-0.966,-0.158,0.204],"_shiftlockState":true,"_pose":"FreeFall","_animationQueue":[],"_animationSpeed":1,"_zoom":15.4},{"_mousePosition":[683,352.5],"_rootPartCFrame":[765.536,246.796,46.488,0.237,0,0.971,0,1,0,-0.971,0,0.237],"_humanoidState":5,"_cameraCFrame":[777.798,257.723,47.491,0.222,-0.597,0.771,0,0.791,0.612,-0.975,-0.136,0.176],"_shiftlockState":true,"_pose":"FreeFall","_animationQueue":[["jump",0.1]],"_animationSpeed":1,"_zoom":15.4},{"_mousePosition":[683,352.5],"_rootPartCFrame":[765.212,246.85,46.408,0.224,0,0.975,0,1,0,-0.975,0,0.224],"_humanoidState":5,"_cameraCFrame":[777.568,257.668,47.261,0.209,-0.592,0.779,0,0.796,0.605,-0.978,-0.127,0.167],"_shiftlockState":true,"_pose":"FreeFall","_animationQueue":[],"_animationSpeed":1,"_zoom":15.4},{"_mousePosition":[683,352.5],"_rootPartCFrame":[765.018,246.841,46.363,0.21,0,0.978,0,1,0,-0.978,0,0.21],"_humanoidState":5,"_cameraCFrame":[777.488,257.521,47.029,0.193,-0.585,0.788,0,0.803,0.596,-0.981,-0.115,0.155],"_shiftlockState":true,"_pose":"FreeFall","_animationQueue":[],"_animationSpeed":1,"_zoom":15.4},{"_mousePosition":[683,352.5],"_rootPartCFrame":[764.757,246.733,46.307,0.193,0,0.981,0,1,0,-0.981,0,0.193],"_humanoidState":7,"_cameraCFrame":[777.307,257.313,46.829,0.18,-0.58,0.794,0,0.808,0.59,-0.984,-0.106,0.146],"_shiftlockState":true,"_pose":"FreeFall","_animationQueue":[["walk",0.1],["fall",0.3],["fall",0.3]],"_animationSpeed":1,"_zoom":15.4},{"_mousePosition":[683,352.5],"_rootPartCFrame":[764.495,246.567,46.255,0.18,0,0.984,0,1,0,-0.984,0,0.18],"_humanoidState":7,"_cameraCFrame":[777.098,257.076,46.734,0.176,-0.576,0.798,0,0.811,0.585,-0.984,-0.103,0.143],"_shiftlockState":true,"_pose":"FreeFall","_animationQueue":[["fall",0.3]],"_animationSpeed":1,"_zoom":15.4},{"_mousePosition":[683,352.5],"_rootPartCFrame":[764.168,246.275,46.194,0.176,0,0.984,0,1,0,-0.984,0,0.176],"_humanoidState":8,"_cameraCFrame":[776.836,256.694,46.645,0.173,-0.57,0.803,0,0.815,0.579,-0.985,-0.1,0.141],"_shiftlockState":true,"_pose":"Running","_animationQueue":[["walk",0.1],["fall",0.3],["walk",0.1]],"_animationSpeed":1.103,"_zoom":15.4},{"_mousePosition":[683,352.5],"_rootPartCFrame":[763.905,246.149,46.147,0.173,0,0.985,0,1,0,-0.985,0,0.173],"_humanoidState":8,"_cameraCFrame":[776.637,256.476,46.595,0.172,-0.565,0.807,0,0.819,0.573,-0.985,-0.099,0.141],"_shiftlockState":true,"_pose":"Running","_animationQueue":[],"_animationSpeed":1.103,"_zoom":15.4},{"_mousePosition":[683,352.5],"_rootPartCFrame":[763.642,246.158,46.101,0.172,0,0.985,0,1,0,-0.985,0,0.172],"_humanoidState":8,"_cameraCFrame":[776.466,256.352,46.525,0.169,-0.556,0.814,0,0.825,0.565,-0.986,-0.095,0.14],"_shiftlockState":true,"_pose":"Running","_animationQueue":[],"_animationSpeed":1.103,"_zoom":15.4},{"_mousePosition":[683,352.5],"_rootPartCFrame":[763.38,246.175,46.055,0.169,0,0.986,0,1,0,-0.986,0,0.169],"_humanoidState":8,"_cameraCFrame":[776.294,256.235,46.453,0.166,-0.548,0.82,0,0.831,0.556,-0.986,-0.092,0.138],"_shiftlockState":true,"_pose":"Running","_animationQueue":[],"_animationSpeed":1.103,"_zoom":15.4},{"_mousePosition":[683,352.5],"_rootPartCFrame":[763.051,246.187,45.998,0.166,0,0.986,0,1,0,-0.986,0,0.166],"_humanoidState":8,"_cameraCFrame":[776.035,256.144,46.354,0.162,-0.542,0.825,0,0.836,0.549,-0.987,-0.089,0.135],"_shiftlockState":true,"_pose":"Running","_animationQueue":[],"_animationSpeed":1.103,"_zoom":15.4},{"_mousePosition":[683,352.5],"_rootPartCFrame":[762.854,246.192,45.965,0.162,0,0.987,0,1,0,-0.987,0,0.162],"_humanoidState":8,"_cameraCFrame":[775.92,256.024,46.252,0.156,-0.534,0.831,0,0.841,0.541,-0.988,-0.084,0.131],"_shiftlockState":true,"_pose":"Running","_animationQueue":[["walk",0.1]],"_animationSpeed":1.103,"_zoom":15.4},{"_mousePosition":[683,352.5],"_rootPartCFrame":[762.525,246.196,45.911,0.156,0,0.988,0,1,0,-0.988,0,0.156],"_humanoidState":8,"_cameraCFrame":[775.672,255.902,46.072,0.145,-0.527,0.837,0,0.846,0.533,-0.989,-0.077,0.123],"_shiftlockState":true,"_pose":"Running","_animationQueue":[],"_animationSpeed":1.103,"_zoom":15.4},{"_mousePosition":[683,352.5],"_rootPartCFrame":[762.327,246.197,45.88,0.145,0,0.989,0,1,0,-0.989,0,0.145],"_humanoidState":8,"_cameraCFrame":[775.541,255.798,45.926,0.136,-0.521,0.843,0,0.85,0.526,-0.991,-0.072,0.116],"_shiftlockState":true,"_pose":"Running","_animationQueue":[],"_animationSpeed":1.103,"_zoom":15.4},{"_mousePosition":[683,352.5],"_rootPartCFrame":[762.064,246.198,45.84,0.136,0,0.991,0,1,0,-0.991,0,0.136],"_humanoidState":8,"_cameraCFrame":[775.322,255.725,45.768,0.127,-0.517,0.847,0,0.853,0.521,-0.992,-0.066,0.108],"_shiftlockState":true,"_pose":"Running","_animationQueue":[],"_animationSpeed":1.103,"_zoom":15.4},{"_mousePosition":[683,352.5],"_rootPartCFrame":[761.799,246.199,45.804,0.127,0,0.992,0,1,0,-0.992,0,0.127],"_humanoidState":8,"_cameraCFrame":[775.083,255.683,45.651,0.12,-0.515,0.849,0,0.855,0.518,-0.993,-0.062,0.103],"_shiftlockState":true,"_pose":"Running","_animationQueue":[],"_animationSpeed":1.103,"_zoom":15.4},{"_mousePosition":[683,352.5],"_rootPartCFrame":[761.535,246.199,45.77,0.12,0,0.993,0,1,0,-0.993,0,0.12],"_humanoidState":8,"_cameraCFrame":[774.831,255.662,45.577,0.117,-0.514,0.85,0,0.856,0.517,-0.993,-0.061,0.1],"_shiftlockState":true,"_pose":"Running","_animationQueue":[],"_animationSpeed":1.103,"_zoom":15.4},{"_mousePosition":[683,352.5],"_rootPartCFrame":[761.27,246.199,45.737,0.117,0,0.993,0,1,0,-0.993,0,0.117],"_humanoidState":8,"_cameraCFrame":[774.572,255.652,45.504,0.114,-0.513,0.851,0,0.856,0.516,-0.993,-0.059,0.098],"_shiftlockState":true,"_pose":"Running","_animationQueue":[],"_animationSpeed":1.103,"_zoom":15.4},{"_mousePosition":[683,352.5],"_rootPartCFrame":[761.005,246.199,45.706,0.114,0,0.993,0,1,0,-0.993,0,0.114],"_humanoidState":8,"_came