[{"_mousePosition":[583,473],"_rootPartCFrame":[776.023,222.7,47.142,0.003,0,1,0,1,0,-1,0,0.003],"_humanoidState":8,"_cameraCFrame":[775.507,243.992,41.254,-0.996,0.084,-0.025,0,0.286,0.958,0.087,0.955,-0.285],"_shiftlockState":false,"_pose":"Standing","_animationQueue":[],"_animationSpeed":1,"_zoom":20.656},{"_mousePosition":[583,473],"_rootPartCFrame":[775.852,222.695,47.157,-0.006,0,1,0,1,0,-1,0,-0.006],"_humanoidState":8,"_cameraCFrame":[775.335,243.987,41.269,-0.996,0.084,-0.025,0,0.286,0.958,0.087,0.955,-0.285],"_shiftlockState":false,"_pose":"Standing","_animationQueue":[],"_animationSpeed":1,"_zoom":20.656},{"_mousePosition":[583,473],"_rootPartCFrame":[775.588,222.696,47.18,-0.017,0,1,0,1,0,-1,0,-0.017],"_humanoidState":8,"_cameraCFrame":[775.072,243.989,41.292,-0.996,0.084,-0.025,0,0.286,0.958,0.087,0.955,-0.285],"_shiftlockState":false,"_pose":"Running","_animationQueue":[["walk",0.1]],"_animationSpeed":1.003,"_zoom":20.656},{"_mousePosition":[583,473],"_rootPartCFrame":[775.323,222.698,47.203,-0.026,0,1,0,1,0,-1,0,-0.026],"_humanoidState":8,"_cameraCFrame":[774.806,243.99,41.315,-0.996,0.084,-0.025,0,0.286,0.958,0.087,0.955,-0.285],"_shiftlockState":false,"_pose":"Running","_animationQueue":[["walk",0.1],["walk",0.1]],"_animationSpeed":1.101,"_zoom":20.656},{"_mousePosition":[583,473],"_rootPartCFrame":[775.057,222.699,47.227,-0.035,0,0.999,0,1,0,-0.999,0,-0.035],"_humanoidState":8,"_cameraCFrame":[774.541,243.991,41.339,-0.996,0.084,-0.025,0,0.286,0.958,0.087,0.955,-0.285],"_shiftlockState":false,"_pose":"Running","_animationQueue":[],"_animationSpeed":1.101,"_zoom":20.656},{"_mousePosition":[583,473],"_rootPartCFrame":[774.791,222.699,47.25,-0.042,0,0.999,0,1,0,-0.999,0,-0.042],"_humanoidState":8,"_cameraCFrame":[774.275,243.991,41.362,-0.996,0.084,-0.025,0,0.286,0.958,0.087,0.955,-0.285],"_shiftlockState":false,"_pose":"Running","_animationQueue":[],"_animationSpeed":1.101,"_zoom":20.656},{"_mousePosition":[583,473],"_rootPartCFrame":[774.526,222.699,47.273,-0.048,0,0.999,0,1,0,-0.999,0,-0.048],"_humanoidState":8,"_cameraCFrame":[774.009,243.992,41.385,-0.996,0.084,-0.025,0,0.286,0.958,0.087,0.955,-0.285],"_shiftlockState":false,"_pose":"Running","_animationQueue":[],"_animationSpeed":1.101,"_zoom":20.656},{"_mousePosition":[583,473],"_rootPartCFrame":[774.26,222.699,47.297,-0.053,0,0.999,0,1,0,-0.999,0,-0.053],"_humanoidState":8,"_cameraCFrame":[773.732,244.003,41.448,-0.996,0.086,-0.026,0,0.284,0.959,0.09,0.955,-0.283],"_shiftlockState":false,"_pose":"Running","_animationQueue":[],"_animationSpeed":1.101,"_zoom":20.656},{"_mousePosition":[583,473],"_rootPartCFrame":[773.995,222.7,47.32,-0.058,0,0.998,0,1,0,-0.998,0,-0.058],"_humanoidState":8,"_cameraCFrame":[773.467,244.003,41.472,-0.996,0.086,-0.026,0,0.284,0.959,0.09,0.955,-0.283],"_shiftlockState":false,"_pose":"Running","_animationQueue":[],"_animationSpeed":1.101,"_zoom":20.656},{"_mousePosition":[583,473],"_rootPartCFrame":[773.729,222.7,47.344,-0.062,0,0.998,0,1,0,-0.998,0,-0.062],"_humanoidState":8,"_cameraCFrame":[773.204,244.015,41.534,-0.996,0.086,-0.025,0,0.282,0.959,0.09,0.955,-0.281],"_shiftlockState":false,"_pose":"Running","_animationQueue":[["walk",0.1]],"_animationSpeed":1.101,"_zoom":20.656},{"_mousePosition":[583,473],"_rootPartCFrame":[773.463,222.7,47.368,-0.066,0,0.998,0,1,0,-0.998,0,-0.066],"_humanoidState":8,"_cameraCFrame":[772.946,244.037,41.635,-0.996,0.086,-0.025,0,0.279,0.96,0.09,0.956,-0.278],"_shiftlockState":false,"_pose":"Running","_animationQueue":[],"_animationSpeed":1.101,"_zoom":20.656},{"_mousePosition":[583,473],"_rootPartCFrame":[773.198,222.7,47.392,-0.069,0,0.998,0,1,0,-0.998,0,-0.069],"_humanoidState":8,"_cameraCFrame":[772.687,244.06,41.736,-0.996,0.086,-0.025,0,0.275,0.961,0.09,0.958,-0.274],"_shiftlockState":false,"_pose":"Running","_animationQueue":[],"_animationSpeed":1.101,"_zoom":20.656},{"_mousePosition":[583,473],"_rootPartCFrame":[772.932,222.7,47.416,-0.072,0,0.997,0,1,0,-0.997,0,-0.072],"_humanoidState":8,"_cameraCFrame":[772.432,244.093,41.876,-0.996,0.087,-0.024,0,0.269,0.963,0.09,0.959,-0.268],"_shiftlockState":false,"_pose":"Running","_animationQueue":[],"_animationSpeed":1.101,"_zoom":20.656},{"_mousePosition":[583,473],"_rootPartCFrame":[772.666,222.7,47.44,-0.074,0,0.997,0,1,0,-0.997,0,-0.074],"_humanoidState":8,"_cameraCFrame":[772.204,244.125,42.013,-0.996,0.082,-0.022,0,0.264,0.965,0.085,0.961,-0.263],"_shiftlockState":false,"_pose":"Running","_animationQueue":[],"_animationSpeed":1.101,"_zoom":20.656},{"_mousePosition":[583,473],"_rootPartCFrame":[772.401,222.7,47.464,-0.077,0,0.997,0,1,0,-0.997,0,-0.077],"_humanoidState":8,"_cameraCFrame":[771.975,244.156,42.151,-0.997,0.077,-0.021,0,0.258,0.966,0.08,0.963,-0.257],"_shiftlockState":false,"_pose":"Running","_animationQueue":[],"_animationSpeed":1.101,"_zoom":20.656},{"_mousePosition":[583,473],"_rootPartCFrame":[772.135,222.7,47.486,-0.078,0,0.997,0,1,0,-0.997,0,-0.078],"_humanoidState":8,"_cameraCFrame":[770.003,244.197,42.458,-0.997,0.072,-0.019,0,0.25,0.968,0.075,0.965,-0.25],"_shiftlockState":true,"_pose":"Running","_animationQueue":[],"_animationSpeed":1.101,"_zoom":20.656},{"_mousePosition":[683,384],"_rootPartCFrame":[771.869,222.7,47.508,-0.986,0,-0.168,0,1,0,0.168,0,-0.986],"_humanoidState":8,"_cameraCFrame":[769.737,244.197,42.479,-0.997,0.072,-0.019,0,0.25,0.968,0.075,0.965,-0.25],"_shiftlockState":true,"_pose":"Running","_animationQueue":[["walk",0.1]],"_animationSpeed":1.101,"_zoom":20.656},{"_mousePosition":[683,384],"_rootPartCFrame":[771.603,222.7,47.528,-0.994,0,-0.106,0,1,0,0.106,0,-0.994],"_humanoidState":8,"_cameraCFrame":[769.508,244.237,42.644,-0.998,0.068,-0.017,0,0.243,0.97,0.07,0.968,-0.242],"_shiftlockState":true,"_pose":"Running","_animationQueue":[],"_animationSpeed":1.101,"_zoom":20.656},{"_mousePosition":[683,384],"_rootPartCFrame":[771.337,222.7,47.548,-0.997,0,-0.073,0,1,0,0.073,0,-0.997],"_humanoidState":8,"_cameraCFrame":[769.301,244.275,42.799,-0.998,0.058,-0.014,0,0.235,0.972,0.06,0.97,-0.235],"_shiftlockState":true,"_pose":"Running","_animationQueue":[],"_animationSpeed":1.101,"_zoom":20.656},{"_mousePosition":[683,384],"_rootPartCFrame":[771.071,222.7,47.567,-0.998,0,-0.06,0,1,0,0.06,0,-0.998],"_humanoidState":8,"_cameraCFrame":[769.116,244.322,42.983,-0.999,0.043,-0.01,0,0.226,0.974,0.044,0.973,-0.226],"_shiftlockState":true,"_pose":"Running","_animationQueue":[],"_animationSpeed":1.101,"_zoom":20.656},{"_mousePosition":[683,384],"_rootPartCFrame":[770.805,223.573,47.585,-0.999,0,-0.045,0,1,0,0.045,0,-0.999],"_humanoidState":3,"_cameraCFrame":[768.9,245.222,43.1,-0.999,0.034,-0.008,0,0.22,0.975,0.034,0.975,-0.22],"_shiftlockState":true,"_pose":"Jumping","_animationQueue":[["walk",0.1],["jump",0.1]],"_animationSpeed":1,"_zoom":20.656},{"_mousePosition":[683,384],"_rootPartCFrame":[770.539,224.395,47.598,-0.998,0,0.058,0,1,0,-0.058,0,-0.998],"_humanoidState":5,"_cameraCFrame":[768.693,246.07,43.207,-1,0.021,-0.005,0,0.214,0.977,0.022,0.976,-0.214],"_shiftlockState":true,"_pose":"FreeFall","_animationQueue":[["jump",0.1]],"_animationSpeed":1,"_zoom":20.656},{"_mousePosition":[683,384],"_rootPartCFrame":[770.272,225.162,47.608,-0.994,0,0.107,0,1,0,-0.107,0,-0.994],"_humanoidState":5,"_cameraCFrame":[768.483,246.863,43.312,-1,0.009,-0.002,0,0.209,0.978,0.009,0.978,-0.209],"_shiftlockState":true,"_pose":"FreeFall","_animationQueue":[],"_animationSpeed":1,"_zoom":20.656},{"_mousePosition":[683,384],"_rootPartCFrame":[770.006,225.875,47.614,-0.992,0,0.123,0,1,0,-0.123,0,-0.992],"_humanoidState":5,"_cameraCFrame":[768.26,247.609,43.458,-1,-0.001,0,0,0.201,0.98,-0.001,0.98,-0.201],"_shiftlockState":true,"_pose":"FreeFall","_animationQueue":[],"_animationSpeed":1,"_zoom":20.656},{"_mousePosition":[683,384],"_rootPartCFrame":[769.739,226.534,47.617,-0.991,0,0.134,0,1,0,-0.134,0,-0.991],"_humanoidState":5,"_cameraCFrame":[768.035,248.292,43.561,-1,-0.011,0.002,0,0.195,0.981,-0.011,0.981,-0.195],"_shiftlockState":true,"_pose":"FreeFall","_animationQueue":[],"_animationSpeed":1,"_zoom":20.656},{"_mousePosition":[683,384],"_rootPartCFrame":[769.473,227.138,47.617,-0.99,0,0.144,0,1,0,-0.144,0,-0.99],"_humanoidState":5,"_cameraCFrame":[767.797,248.919,43.667,-1,-0.018,0.004,0,0.19,0.982,-0.019,0.982,-0.19],"_shiftlockState":true,"_pose":"FreeFall","_animationQueue":[],"_animationSpeed":1,"_zoom":20.656},{"_mousePosition":[683,384],"_rootPartCFrame":[769.139,227.816,47.614,-0.983,0,0.184,0,1,0,-0.184,0,-0.983],"_humanoidState":5,"_cameraCFrame":[767.501,249.612,43.726,-1,-0.028,0.005,0,0.186,0.983,-0.029,0.982,-0.186],"_shiftlockState":true,"_pose":"FreeFall","_animationQueue":[],"_animationSpeed":1,"_zoom":20.656},{"_mousePosition":[683,384],"_rootPartCFrame":[768.939,228.182,47.61,-0.992,0,0.129,0,1,0,-0.129,0,-0.992],"_humanoidState":5,"_cameraCFrame":[767.328,249.993,43.789,-0.999,-0.036,0.007,0,0.182,0.983,-0.037,0.983,-0.182],"_shiftlockState":true,"_pose":"FreeFall","_animationQueue":[],"_animationSpeed":1,"_zoom":20.656},{"_mousePosition":[683,384],"_rootPartCFrame":[768.673,228.623,47.603,-0.986,0,0.169,0,1,0,-0.169,0,-0.986],"_humanoidState":5,"_cameraCFrame":[767.087,250.448,43.849,-0.999,-0.043,0.008,0,0.178,0.984,-0.044,0.983,-0.178],"_shiftlockState":true,"_pose":"FreeFall","_animationQueue":[],"_animationSpeed":1,"_zoom":20.656},{"_mousePosition":[683,384],"_rootPartCFrame":[768.406,229.009,47.594,-0.984,0,0.176,0,1,0,-0.176,0,-0.984],"_humanoidState":5,"_cameraCFrame":[766.856,250.842,43.863,-0.999,-0.053,0.01,0,0.176,0.984,-0.054,0.983,-0.176],"_shiftlockState":true,"_pose":"FreeFall","_animationQueue":[],"_animationSpeed":1,"_zoom":20.656},{"_mousePosition":[683,384],"_rootPartCFrame":[768.073,229.415,47.579,-0.976,0,0.219,0,1,0,-0.219,0,-0.976],"_humanoidState":5,"_cameraCFrame":[766.567,251.257,43.883,-0.998,-0.066,0.012,0,0.174,0.985,-0.067,0.983,-0.173],"_shiftlockState":true,"_pose":"FreeFall","_animationQueue":[],"_animationSpeed":1,"_zoom":20.656},{"_mousePosition":[683,384],"_rootPartCFrame":[767.873,229.617,47.569,-0.986,0,0.166,0,1,0,-0.166,0,-0.986],"_humanoidState":5,"_cameraCFrame":[766.49,251.46,43.825,-0.995,-0.098,0.017,0,0.174,0.985,-0.1,0.98,-0.173],"_shiftlockState":true,"_pose":"FreeFall","_animationQueue":[],"_animationSpeed":1,"_zoom":20.656},{"_mousePosition":[683,384],"_rootPartCFrame":[767.607,229.84,47.551,-0.973,0,0.231,0,1,0,-0.231,0,-0.973],"_humanoidState":5,"_cameraCFrame":[766.319,251.682,43.774,-0.992,-0.123,0.022,0,0.174,0.985,-0.125,0.977,-0.172],"_shiftlockState":true,"_pose":"FreeFall","_animationQueue":[],"_animationSpeed":1,"_zoom":20.656},{"_mousePosition":[683,384],"_rootPartCFrame":[767.342,230.008,47.526,-0.967,0,0.255,0,1,0,-0.255,0,-0.967],"_humanoidState":5,"_cameraCFrame":[766.149,251.85,43.718,-0.989,-0.148,0.026,0,0.174,0.985,-0.15,0.974,-0.172],"_shiftlockState":true,"_pose":"FreeFall","_animationQueue":[],"_animationSpeed":1,"_zoom":20.656},{"_mousePosition":[683,384],"_rootPartCFrame":[767.077,230.122,47.494,-0.96,0,0.28,0,1,0,-0.28,0,-0.96],"_humanoidState":5,"_cameraCFrame":[765.952,251.964,43.665,-0.986,-0.165,0.029,0,0.174,0.985,-0.167,0.971,-0.171],"_shiftlockState":true,"_pose":"FreeFall","_animationQueue":[],"_animationSpeed":1,"_zoom":20.656},{"_mousePosition":[683,384],"_rootPartCFrame":[766.813,230.181,47.455,-0.955,0,0.297,0,1,0,-0.297,0,-0.955],"_humanoidState":5,"_cameraCFrame":[765.737,252.023,43.612,-0.984,-0.177,0.031,0,0.174,0.985,-0.18,0.969,-0.171],"_shiftlockState":true,"_pose":"FreeFall","_animationQueue":[],"_animationSpeed":1,"_zoom":20.656},{"_mousePosition":[683,384],"_rootPartCFrame":[766.485,230.178,47.4,-0.94,0,0.34,0,1,0,-0.34,0,-0.94],"_humanoidState":5,"_cameraCFrame":[765.428,252.02,43.551,-0.983,-0.182,0.032,0,0.174,0.985,-0.185,0.968,-0.171],"_shiftlockState":true,"_pose":"FreeFall","_animationQueue":[["fall",0.3]],"_animationSpeed":1,"_zoom":20.656},{"_mousePosition":[683,384],"_rootPartCFrame":[766.222,230.114,47.352,-0.95,0,0.314,0,1,0,-0.314,0,-0.95],"_humanoidState":5,"_cameraCFrame":[765.162,251.58,43.567,-0.982,-0.184,0.033,0,0.174,0.985,-0.187,0.967,-0.171],"_shiftlockState":true,"_pose":"FreeFall","_animationQueue":[],"_animationSpeed":1,"_zoom":16.125},{"_mousePosition":[683,384],"_rootPartCFrame":[765.96,229.996,47.303,-0.949,0,0.316,0,1,0,-0.316,0,-0.949],"_humanoidState":5,"_cameraCFrame":[764.894,250.722,43.64,-0.981,-0.189,0.033,0,0.174,0.985,-0.192,0.966,-0.17],"_shiftlockState":true,"_pose":"FreeFall","_animationQueue":[],"_animationSpeed":1,"_zoom":16.125},{"_mousePosition":[683,384],"_rootPartCFrame":[765.698,229.823,47.254,-0.947,0,0.321,0,1,0,-0.321,0,-0.947],"_humanoidState":5,"_cameraCFrame":[764.653,249.826,43.702,-0.979,-0.202,0.036,0,0.174,0.985,-0.205,0.964,-0.17],"_shiftlockState":true,"_pose":"FreeFall","_animationQueue":[],"_animationSpeed":1,"_zoom":16.125},{"_mousePosition":[683,384],"_rootPartCFrame":[765.502,229.658,47.215,-0.954,0,0.301,0,1,0,-0.301,0,-0.954],"_humanoidState":5,"_cameraCFrame":[764.503,249.02,43.753,-0.974,-0.221,0.039,0,0.174,0.985,-0.224,0.96,-0.169],"_shiftlockState":true,"_pose":"FreeFall","_animationQueue":[],"_animationSpeed":1,"_zoom":16.125},{"_mousePosition":[683,384],"_rootPartCFrame":[765.176,229.315,47.148,-0.924,0,0.383,0,1,0,-0.383,0,-0.924],"_humanoidState":5,"_cameraCFrame":[764.249,248.126,43.753,-0.968,-0.248,0.044,0,0.174,0.985,-0.251,0.953,-0.168],"_shiftlockState":true,"_pose":"FreeFall","_animationQueue":[],"_animationSpeed":1,"_zoom":16.125},{"_mousePosition":[683,384],"_rootPartCFrame":[764.915,228.979,47.089,-0.926,0,0.378,0,1,0,-0.378,0,-0.926],"_humanoidState":5,"_cameraCFrame":[764.089,247.371,43.734,-0.958,-0.281,0.05,0,0.174,0.985,-0.286,0.944,-0.166],"_shiftlockState":true,"_pose":"FreeFall","_animationQueue":[["fall",0.3]],"_animationSpeed":1,"_zoom":16.125},{"_mousePosition":[683,384],"_rootPartCFrame":[764.657,228.588,47.023,-0.912,0,0.41,0,1,0,-0.41,0,-0.912],"_humanoidState":5,"_cameraCFrame":[763.976,246.688,43.681,-0.944,-0.326,0.058,0,0.174,0.985,-0.331,0.929,-0.164],"_shiftlockState":true,"_pose":"FreeFall","_animationQueue":[],"_animationSpeed":1,"_zoom":16.125},{"_mousePosition":[683,384],"_rootPartCFrame":[764.401,228.143,46.948,-0.891,0,0.454,0,1,0,-0.454,0,-0.891],"_humanoidState":5,"_cameraCFrame":[764.018,246.007,43.595,-0.908,-0.412,0.073,0,0.174,0.985,-0.418,0.895,-0.158],"_shiftlockState":true,"_pose":"FreeFall","_animationQueue":[],"_animationSpeed":1,"_zoom":16.125},{"_mousePosition":[683,384],"_rootPartCFrame":[764.149,227.643,46.861,-0.845,0,0.535,0,1,0,-0.535,0,-0.845],"_humanoidState":5,"_cameraCFrame":[764.034,245.36,43.511,-0.87,-0.485,0.086,0,0.174,0.985,-0.492,0.857,-0.151],"_shiftlockState":true,"_pose":"FreeFall","_animationQueue":[],"_animationSpeed":1,"_zoom":16.125},{"_mousePosition":[683,384],"_rootPartCFrame":[763.965,227.233,46.783,-0.817,0,0.577,0,1,0,-0.577,0,-0.817],"_humanoidState":5,"_cameraCFrame":[764.153,244.846,43.451,-0.821,-0.563,0.099,0,0.174,0.985,-0.572,0.808,-0.142],"_shiftlockState":true,"_pose":"FreeFall","_animationQueue":[],"_animationSpeed":1,"_zoom":16.125},{"_mousePosition":[683,384],"_rootPartCFrame":[763.731,226.638,46.655,-0.796,0,0.605,0,1,0,-0.605,0,-0.796],"_humanoidState":7,"_cameraCFrame":[764.255,244.174,43.371,-0.757,-0.644,0.113,0,0.174,0.985,-0.654,0.745,-0.131],"_shiftlockState":true,"_pose":"FreeFall","_animationQueue":[["walk",0.1],["fall",0.3],["fall",0.3]],"_animationSpeed":1,"_zoom":16.125},{"_mousePosition":[683,384],"_rootPartCFrame":[763.511,225.988,46.506,-0.754,0,0.657,0,1,0,-0.657,0,-0.754],"_humanoidState":7,"_cameraCFrame":[764.405,243.475,43.311,-0.676,-0.726,0.128,0,0.174,0.985,-0.737,0.666,-0.117],"_shiftlockState":true,"_pose":"FreeFall","_animationQueue":[],"_animationSpeed":1,"_zoom":16.125},{"_mousePosition":[683,384],"_rootPartCFrame":[763.256,225.887,46.291,-0.67,0,0.742,0,1,0,-0.742,0,-0.67],"_humanoidState":8,"_cameraCFrame":[764.58,243.338,43.254,-0.567,-0.811,0.143,0,0.174,0.985,-0.824,0.558,-0.098],"_shiftlockState":true,"_pose":"Running","_animationQueue":[["fall",0.3],["walk",0.1],["fall",0.3],["walk",0.1]],"_animationSpeed":1.103,"_zoom":16.125},{"_mousePosition":[683,384],"_rootPartCFrame":[763.073,225.915,46.097,-0.56,0,0.828,0,1,0,-0.828,0,-0.56],"_humanoidState":8,"_cameraCFrame":[764.823,243.34,43.289,-0.441,-0.884,0.156,0,0.174,0.985,-0.898,0.434,-0.076],"_shiftlockState":true,"_pose":"Running","_animationQueue":[],"_animationSpeed":1.103,"_zoom":16.125},{"_mousePosition":[683,384],"_rootPartCFrame":[762.879,225.89,45.826,-0.43,0,0.903,0,1,0,-0.903,0,-0.43],"_humanoidState":8,"_cameraCFrame":[764.999,243.3,43.289,-0.312,-0.936,0.165,0,0.174,0.985,-0.95,0.307,-0.054],"_shiftlockState":true,"_pose":"Running","_animationQueue":[],"_animationSpeed":1.103,"_zoom":16.125},{"_mousePosition":[683,384],"_rootPartCFrame":[762.757,225.808,45.59,-0.303,0,0.953,0,1,0,-0.953,0,-0.303],"_humanoidState":8,"_cameraCFrame":[765.138,243.208,43.298,-0.207,-0.964,0.17,0,0.174,0.985,-0.978,0.204,-0.036],"_shiftlockState":true,"_pose":"Running","_animationQueue":[],"_animationSpeed":1.103,"_zoom":16.125},{"_mousePosition":[683,384],"_rootPartCFrame":[762.668,225.684,45.339,-0.2,0,0.98,0,1,0,-0.98,0,-0.2],"_humanoidState":8,"_cameraCFrame":[765.247,243.077,43.273,-0.117,-0.978,0.172,0,0.174,0.985,-0.993,0.115,-0.02],"_shiftlockState":true,"_pose":"Running","_animationQueue":[],"_animationSpeed":1.103,"_zoom":16.125},{"_mousePosition":[683,384],"_rootPartCFrame":[762.609,225.589,45.079,-0.115,0,0.993,0,1,0,-0.993,0,-0.115],"_humanoidState":8,"_cameraCFrame":[765.208,242.978,43.04,-0.107,-0.979,0.173,0,0.174,0.985,-0.994,0.105,-0.019],"_shiftlockState":true,"_pose":"Running","_animationQueue":[],"_animationSpeed":1.103,"_zoom":16.125},{"_mousePosition":[683,384],"_rootPartCFrame":[762.574,225.526,44.815,-0.107,0,0.994,0,1,0,-0.994,0,-0.107],"_humanoidState":8,"_cameraCFrame":[765.109,242.912,42.698,-0.137,-0.976,0.172,0,0.174,0.985,-0.991,0.135,-0.024],"_shiftlockState":true,"_pose":"Running","_animationQueue":[["walk",0.1]],"_animationSpeed":1.103,"_zoom":16.125},{"_mousePosition":[683,384],"_rootPartCFrame":[762.545,225.456,44.549,-0.137,0,0.991,0,1,0,-0.991,0,-0.137],"_humanoidState":8,"_cameraCFrame":[764.924,242.84,42.258,-0.207,-0.964,0.17,0,0.174,0.985,-0.978,0.204,-0.036],"_shiftlockState":true,"_pose":"Running","_animationQueue":[],"_animationSpeed":1.103,"_zoom":16.125},{"_mousePosition":[683,384],"_rootPartCFrame":[762.517,226.329,44.284,-0.207,0,0.978,0,1,0,-0.978,0,-0.207],"_humanoidState":3,"_cameraCFrame":[764.639,243.712,41.754,-0.309,-0.937,0.165,0,0.174,0.985,-0.951,0.305,-0.054],"_shiftlockState":true,"_pose":"Jumping","_animationQueue":[["walk",0.1],["jump",0.1]],"_animationSpeed":1,"_zoom":16.125},{"_mousePosition":[683,384],"_rootPartCFrame":[762.469,227.151,44.022,-0.221,0,0.975,0,1,0,-0.975,0,-0.221],"_humanoidState":5,"_cameraCFrame":[764.275,244.533,41.258,-0.42,-0.894,0.158,0,0.174,0.985,-0.908,0.414,-0.073],"_shiftlockState":true,"_pose":"FreeFall","_animationQueue":[["jump",0.1]],"_animationSpeed":1,"_zoom":16.125},{"_mousePosition":[683,384],"_rootPartCFrame":[762.415,227.732,43.83,-0.331,0,0.943,0,1,0,-0.943,0,-0.331],"_humanoidState":5,"_cameraCFrame":[763.85,245.113,40.856,-0.533,-0.833,0.147,0,0.174,0.985,-0.846,0.525,-0.093],"_shiftlockState":true,"_pose":"FreeFall","_animationQueue":[],"_animationSpeed":1,"_zoom":16.125},{"_mousePosition":[683,384],"_rootPartCFrame":[762.314,228.459,43.584,-0.417,0,0.909,0,1,0,-0.909,0,-0.417],"_humanoidState":5,"_cameraCFrame":[763.363,245.839,40.453,-0.636,-0.76,0.134,0,0.174,0.985,-0.772,0.626,-0.11],"_shiftlockState":true,"_pose":"FreeFall","_animationQueue":[],"_animationSpeed":1,"_zoom":16.125},{"_mousePosition":[683,384],"_rootPartCFrame":[762.183,229.131,43.352,-0.528,0,0.849,0,1,0,-0.849,0,-0.528],"_humanoidState":5,"_cameraCFrame":[762.845,246.511,40.117,-0.725,-0.679,0.12,0,0.174,0.985,-0.689,0.714,-0.126],"_shiftlockState":true,"_pose":"FreeFall","_animationQueue":[],"_animationSpeed":1,"_zoom":16.125},{"_mousePosition":[683,384],"_rootPartCFrame":[762.024,229.749,43.139,-0.627,0,0.779,0,1,0,-0.779,0,-0.627],"_humanoidState":5,"_cameraCFrame":[762.339,247.129,39.852,-0.794,-0.599,0.106,0,0.174,0.985,-0.608,0.782,-0.138],"_shiftlockState":true,"_pose":"FreeFall","_animationQueue":[],"_animationSpeed":1,"_zoom":16.125},{"_mousePosition":[683,384],"_rootPartCFrame":[761.84,230.312,42.947,-0.706,0,0.708,0,1,0,-0.708,0,-0.706],"_humanoidState":5,"_cameraCFrame":[761.854,247.692,39.645,-0.846,-0.526,0.093,0,0.174,0.985,-0.534,0.833,-0.147],"_shiftlockState":true,"_pose":"FreeFall","_animationQueue":[],"_animationSpeed":1,"_zoom":16.125},{"_mousePosition":[683,384],"_rootPartCFrame":[761.634,230.82,42.778,-0.767,0,0.641,0,1,0,-0.641,0,-0.767],"_humanoidState":5,"_cameraCFrame":[761.39,248.2,39.485,-0.885,-0.459,0.081,0,0.174,0.985,-0.466,0.871,-0.154],"_shiftlockState":true,"_pose":"FreeFall","_animationQueue":[],"_animationSpeed":1,"_zoom":16.125},{"_mousePosition":[683,384],"_rootPartCFrame":[761.412,231.275,42.63,-0.815,0,0.579,0,1,0,-0.579,0,-0.815],"_humanoidState":5,"_cameraCFrame":[760.919,248.654,39.366,-0.918,-0.391,0.069,0,0.174,0.985,-0.397,0.904,-0.159],"_shiftlockState":true,"_pose":"FreeFall","_animationQueue":[],"_animationSpeed":1,"_zoom":16.125},{"_mousePosition":[683,384],"_rootPartCFrame":[761.179,231.674,42.502,-0.857,0,0.516,0,1,0,-0.516,0,-0.857],"_humanoidState":5,"_cameraCFrame":[760.406,249.054,39.292,-0.948,-0.312,0.055,0,0.174,0.985,-0.317,0.934,-0.165],"_shiftlockState":true,"_pose":"FreeFall","_animationQueue":[],"_animationSpeed":1,"_zoom":16.125},{"_mousePosition":[683,384],"_rootPartCFrame":[760.936,232.019,42.392,-0.898,0,0.44,0,1,0,-0.44,0,-0.898],"_humanoidState":5,"_cameraCFrame":[759.843,249.399,39.277,-0.976,-0.216,0.038,0,0.174,0.985,-0.219,0.961,-0.169],"_shiftlockState":true,"_pose":"FreeFall","_animationQueue":[],"_animationSpeed":1,"_zoom":16.125},{"_mousePosition":[683,384],"_rootPartCFrame":[760.685,232.31,42.303,-0.938,0,0.347,0,1,0,-0.347,0,-0.938],"_humanoidState":5,"_cameraCFrame":[759.082,249.69,39.416,-0.999,-0.051,0.009,0,0.174,0.985,-0.052,0.983,-0.173],"_shiftlockState":true,"_pose":"FreeFall","_animationQueue":[],"_animationSpeed":1,"_zoom":16.125},{"_mousePosition":[683,384],"_rootPartCFrame":[760.427,232.546,42.237,-0.983,0,0.184,0,1,0,-0.184,0,-0.983],"_humanoidState":5,"_cameraCFrame":[758.533,249.926,39.532,-0.999,0.051,-0.009,0,0.174,0.985,0.052,0.983,-0.173],"_shiftlockState":true,"_pose":"FreeFall","_animationQueue":[],"_animationSpeed":1,"_zoom":16.125},{"_mousePosition":[683,384],"_rootPartCFrame":[760.097,232.765,42.198,-0.993,0,0.114,0,1,0,-0.114,0,-0.993],"_humanoidState":5,"_cameraCFrame":[757.959,250.145,39.682,-0.989,0.143,-0.025,0,0.174,0.985,0.145,0.974,-0.172],"_shiftlockState":true,"_pose":"FreeFall","_animationQueue":[],"_animationSpeed":1,"_zoom":16.125},{"_mousePosition":[683,384],"_rootPartCFrame":[759.897,232.855,42.2,-0.999,0,-0.046,0,1,0,0.046,0,-0.999],"_humanoidState":5,"_cameraCFrame":[757.533,250.235,39.895,-0.971,0.233,-0.041,0,0.174,0.985,0.237,0.957,-0.169],"_shiftlockState":true,"_pose":"FreeFall","_animationQueue":[],"_animationSpeed":1,"_zoom":16.125},{"_mousePosition":[683,384],"_rootPartCFrame":[759.633,232.928,42.231,-0.994,0,-0.106,0,1,0,0.106,0,-0.994],"_humanoidState":5,"_cameraCFrame":[757.048,250.307,40.176,-0.943,0.329,-0.058,0,0.174,0.985,0.334,0.928,-0.164],"_shiftlockState":true,"_pose":"FreeFall","_animationQueue":[],"_animationSpeed":1,"_zoom":16.125},{"_mousePosition":[683,384],"_rootPartCFrame":[759.372,232.946,42.288,-0.979,0,-0.206,0,1,0,0.206,0,-0.979],"_humanoidState":5,"_cameraCFrame":[756.575,250.326,40.533,-0.9,0.43,-0.076,0,0.174,0.985,0.437,0.886,-0.156],"_shiftlockState":true,"_pose":"FreeFall","_animationQueue":[],"_animationSpeed":1,"_zoom":16.125},{"_mousePosition":[683,384],"_rootPartCFrame":[759.056,232.892,42.392,-0.96,0,-0.281,0,1,0,0.281,0,-0.96],"_humanoidState":5,"_cameraCFrame":[756.078,250.272,40.966,-0.844,0.528,-0.093,0,0.174,0.985,0.536,0.831,-0.147],"_shiftlockState":true,"_pose":"FreeFall","_animationQueue":[],"_animationSpeed":1,"_zoom":16.125},{"_mousePosition":[683,384],"_rootPartCFrame":[758.813,232.787,42.5,-0.908,0,-0.419,0,1,0,0.419,0,-0.908],"_humanoidState":5,"_cameraCFrame":[755.697,250.167,41.406,-0.781,0.615,-0.108,0,0.174,0.985,0.625,0.769,-0.136],"_shiftlockState":true,"_pose":"FreeFall","_animationQueue":[["fall",0.3]],"_animationSpeed":1,"_zoom":16.125},{"_mousePosition":[683,384],"_rootPartCFrame":[758.639,232.673,42.599,-0.839,0,-0.544,0,1,0,0.544,0,-0.839],"_humanoidState":5,"_cameraCFrame":[755.418,250.053,41.874,-0.703,0.7,-0.123,0,0.174,0.985,0.711,0.692,-0.122],"_shiftlockState":true,"_pose":"FreeFall","_animationQueue":[],"_animationSpeed":1,"_zoom":16.125},{"_mousePosition":[683,384],"_rootPartCFrame":[758.425,232.473,42.756,-0.791,0,-0.611,0,1,0,0.611,0,-0.791],"_humanoidState":5,"_cameraCFrame":[755.138,249.853,42.436,-0.61,0.781,-0.138,0,0.174,0.985,0.793,0.6,-0.106],"_shiftlockState":true,"_pose":"FreeFall","_animationQueue":[],"_animationSpeed":1,"_zoom":16.125},{"_mousePosition":[683,384],"_rootPartCFrame":[758.23,232.219,42.938,-0.71,0,-0.705,0,1,0,0.705,0,-0.71],"_humanoidState":5,"_cameraCFrame":[754.876,249.588,42.97,-0.514,0.844,-0.152,0,0.177,0.984,0.858,0.505,-0.091],"_shiftlockState":true,"_pose":"FreeFall","_animationQueue":[],"_animationSpeed":1,"_zoom":16.125},{"_mousePosition":[683,384],"_rootPartCFrame":[758.059,231.91,43.141,-0.623,0,-0.782,0,1,0,0.782,0,-0.623],"_humanoidState":5,"_cameraCFrame":[754.625,249.256,43.573,-0.394,0.903,-0.17,0,0.185,0.983,0.919,0.387,-0.073],"_shiftlockState":true,"_pose":"FreeFall","_animationQueue":[],"_animationSpeed":1,"_zoom":16.125},{"_mousePosition":[683,384],"_rootPartCFrame":[757.879,231.447,43.421,-0.541,0,-0.841,0,1,0,0.841,0,-0.541],"_humanoidState":5,"_cameraCFrame":[754.413,248.782,44.004,-0.347,0.921,-0.177,0,0.189,0.982,0.938,0.341,-0.066],"_shiftlockState":true,"_pose":"FreeFall","_animationQueue":[],"_animationSpeed":1,"_zoom":16.125},{"_mousePosition":[683,384],"_rootPartCFrame":[757.762,231.016,43.66,-0.469,0,-0.883,0,1,0,0.883,0,-0.469],"_humanoidState":5,"_cameraCFrame":[754.307,248.35,44.305,-0.331,0.927,-0.178,0,0.189,0.982,0.944,0.325,-0.062],"_shiftlockState":true,"_pose":"FreeFall","_animationQueue":[],"_animationSpeed":1,"_zoom":16.125},{"_mousePosition":[683,384],"_rootPartCFrame":[757.621,230.267,44.034,-0.511,0,-0.859,0,1,0,0.859,0,-0.511],"_humanoidState":5,"_cameraCFrame":[754.163,247.601,44.661,-0.335,0.925,-0.178,0,0.189,0.982,0.942,0.329,-0.063],"_shiftlockState":true,"_pose":"FreeFall","_animationQueue":[["fall",0.3]],"_animationSpeed":1,"_zoom":16.125},{"_mousePosition":[683,384],"_rootPartCFrame":[757.576,229.989,44.16,-0.397,0,-0.918,0,1,0,0.918,0,-0.397],"_humanoidState":5,"_cameraCFrame":[754.178,247.341,44.655,-0.38,0.909,-0.169,0,0.183,0.983,0.925,0.374,-0.07],"_shiftlockState":true,"_pose":"FreeFall","_animationQueue":[],"_animationSpeed":1,"_zoom":16.125},{"_mousePosition":[683,384],"_rootPartCFrame":[757.487,229.394,44.411,-0.5,0,-0.866,0,1,0,0.866,0,-0.5],"_humanoidState":5,"_cameraCFrame":[754.083,246.752,44.575,-0.472,0.867,-0.16,0,0.181,0.983,0.882,0.464,-0.086],"_shiftlockState":true,"_pose":"FreeFall","_animationQueue":[],"_animationSpeed":1,"_zoom":16.125},{"_mousePosition":[683,384],"_rootPartCFrame":[757.387,228.745,44.659,-0.585,0,-0.811,0,1,0,0.811,0,-0.585],"_humanoidState":5,"_cameraCFrame":[754.004,246.103,44.254,-0.612,0.778,-0.143,0,0.181,0.983,0.791,0.602,-0.111],"_shiftlockState":true,"_pose":"FreeFall","_animationQueue":[],"_animationSpeed":1,"_zoom":16.125},{"_mousePosition":[683,384],"_rootPartCFrame":[757.299,228.222,44.838,-0.688,0,-0.726,0,1,0,0.726,0,-0.688],"_humanoidState":5,"_cameraCFrame":[754.106,245.58,43.648,-0.781,0.614,-0.113,0,0.181,0.983,0.625,0.768,-0.142],"_shiftlockState":true,"_pose":"FreeFall","_animationQueue":[],"_animationSpeed":1,"_zoom":16.125},{"_mousePosition":[683,384],"_rootPartCFrame":[757.115,227.283,45.114,-0.874,0,-0.486,0,1,0,0.486,0,-0.874],"_humanoidState":5,"_cameraCFrame":[754.474,244.662,43.132,-0.933,0.355,-0.063,0,0.174,0.985,0.36,0.919,-0.162],"_shiftlockState":true,"_pose":"FreeFall","_animationQueue":[],"_animationSpeed":1,"_zoom":16.125},{"_mousePosition":[683,384],"_rootPartCFrame":[756.913,226.47,45.287,-0.949,0,-0.315,0,1,0,0.315,0,-0.949],"_humanoidState":7,"_cameraCFrame":[755.202,243.849,42.463,-1,-0.014,0.002,0,0.174,0.985,-0.014,0.985,-0.174],"_shiftlockState":true,"_pose":"FreeFall","_animationQueue":[["walk",0.1],["fall",0.3],["fall",0.3]],"_animationSpeed":1,"_zoom":16.125},{"_mousePosition":[683,384],"_rootPartCFrame":[756.609,225.864,45.418,-0.999,0,0.042,0,1,0,-0.042,0,-0.999],"_humanoidState":7,"_cameraCFrame":[756.223,243.244,42.139,-0.904,-0.421,0.074,0,0.174,0.985,-0.427,0.89,-0.157],"_shiftlockState":true,"_pose":"FreeFall","_animationQueue":[["fall",0.3]],"_animationSpeed":1,"_zoom":16.125},{"_mousePosition":[683,384],"_rootPartCFrame":[756.278,225.921,45.43,-0.89,0,0.456,0,1,0,-0.456,0,-0.89],"_humanoidState":8,"_cameraCFrame":[757.239,243.301,42.271,-0.657,-0.742,0.131,0,0.174,0.985,-0.754,0.647,-0.114],"_shiftlockState":true,"_pose":"Running","_animationQueue":[["walk",0.1],["fall",0.3],["walk",0.1]],"_animationSpeed":1.103,"_zoom":16.125},{"_mousePosition":[683,384],"_rootPartCFrame":[756.032,225.944,45.34,-0.637,0,0.771,0,1,0,-0.771,0,-0.637],"_humanoidState":8,"_cameraCFrame":[758.009,243.324,42.695,-0.362,-0.918,0.162,0,0.174,0.985,-0.932,0.356,-0.063],"_shiftlockState":true,"_pose":"Running","_animationQueue":[],"_animationSpeed":1.103,"_zoom":16.125},{"_mousePosition":[683,384],"_rootPartCFrame":[755.842,225.914,45.158,-0.341,0,0.94,0,1,0,-0.94,0,-0.341],"_humanoidState":8,"_cameraCFrame":[758.573,243.294,43.301,-0.039,-0.984,0.174,0,0.174,0.985,-0.999,0.038,-0.007],"_shiftlockState":true,"_pose":"Running","_animationQueue":[],"_animationSpeed":1.103,"_zoom":16.125},{"_mousePosition":[683,384],"_rootPartCFrame":[755.756,225.856,44.98,-0.023,0,1,0,1,0,-1,0,-0.023],"_humanoidState":8,"_cameraCFrame":[758.636,243.236,43.365,0.047,-0.984,0.173,0,0.174,0.985,-0.999,-0.047,0.008],"_shiftlockState":true,"_pose":"Running","_animationQueue":[],"_animationSpeed":1.103,"_zoom":16.125},{"_mousePosition":[683,384],"_rootPartCFrame":[755.73,225.731,44.717,0.054,0,0.999,0,1,0,-0.999,0,0.054],"_humanoidState":8,"_cameraCFrame":[758.58,243.111,43.051,0.03,-0.984,0.174,0,0.174,0.985,-1,-0.029,0.005],"_shiftlockState":true,"_pose":"Running","_animationQueue":[],"_animationSpeed":1.103,"_zoom":16.125},{"_mousePosition":[683,384],"_rootPartCFrame":[755.738,225.604,44.451,0.03,0,1,0,1,0,-1,0,0.03],"_humanoidState":8,"_cameraCFrame":[758.376,242.984,42.465,-0.087,-0.981,0.173,0,0.174,0.985,-0.996,0.085,-0.015],"_shiftlockState":true,"_pose":"Running","_animationQueue":[],"_animationSpeed":1.103,"_zoom":16.125},{"_mousePosition":[683,384],"_rootPartCFrame":[755.751,225.508,44.185,-0.087,0,0.996,0,1,0,-0.996,0,-0.087],"_humanoidState":8,"_cameraCFrame":[757.992,242.888,41.759,-0.263,-0.95,0.168,0,0.174,0.985,-0.965,0.259,-0.046],"_shiftlockState":true,"_pose":"Running","_animationQueue":[["walk",0.1]],"_animationSpeed":1.103,"_zoom":16.125},{"_mousePosition":[683,384],"_rootPartCFrame":[755.767,226.578,43.852,-0.263,0,0.965,0,1,0,-0.965,0,-0.263],"_humanoidState":3,"_cameraCFrame":[757.517,243.958,41.052,-0.438,-0.885,0.156,0,0.174,0.985,-0.899,0.432,-0.076],"_shiftlockState":true,"_pose":"Jumping","_animationQueue":[["walk",0.1],["jump",0.1]],"_animationSpeed":1,"_zoom":16.125},{"_mousePosition":[683,384],"_rootPartCFrame":[755.762,227.18,43.654,-0.381,0,0.925,0,1,0,-0.925,0,-0.381],"_humanoidState":5,"_cameraCFrame":[757.106,244.537,40.523,-0.586,-0.797,0.147,0,0.181,0.983,-0.811,0.576,-0.106],"_shiftlockState":true,"_pose":"FreeFall","_animationQueue":[["jump",0.1]],"_animationSpeed":1,"_zoom":16.125},{"_mousePosition":[683,384],"_rootPartCFrame":[755.72,227.933,43.396,-0.48,0,0.877,0,1,0,-0.877,0,-0.48],"_humanoidState":5,"_cameraCFrame":[756.712,245.262,39.997,-0.696,-0.705,0.137,0,0.191,0.982,-0.718,0.683,-0.133],"_shiftlockState":true,"_pose":"FreeFall","_animationQueue":[],"_animationSpeed":1,"_zoom":16.125},{"_mousePosition":[683,384],"_rootPartCFrame":[755.665,228.463,43.211,-0.622,0,0.783,0,1,0,-0.783,0,-0.622],"_humanoidState":5,"_cameraCFrame":[756.362,245.754,39.575,-0.776,-0.617,0.128,0,0.202,0.979,-0.63,0.76,-0.157],"_shiftlockState":true,"_pose":"FreeFall","_animationQueue":[],"_animationSpeed":1,"_zoom":16.125},{"_mousePosition":[683,384],"_rootPartCFrame":[755.559,229.122,42.979,-0.686,0,0.728,0,1,0,-0.728,0,-0.686],"_humanoidState":5,"_cameraCFrame":[755.992,246.387,39.192,-0.831,-0.545,0.117,0,0.21,0.978,-0.557,0.812,-0.174],"_shiftlockState":true,"_pose":"FreeFall","_animationQueue":[],"_animationSpeed":1,"_zoom":16.125},{"_mousePosition":[683,384],"_rootPartCFrame":[755.419,229.726,42.767,-0.749,0,0.662,0,1,0,-0.662,0,-0.749],"_humanoidState":5,"_cameraCFrame":[755.574,246.978,38.904,-0.873,-0.477,0.104,0,0.214,0.977,-0.488,0.853,-0.187],"_shiftlockState":true,"_pose":"FreeFall","_animationQueue":[],"_animationSpeed":1,"_zoom":16.125},{"_mousePosition":[683,384],"_rootPartCFrame":[755.248,230.275,42.578,-0.8,0,0.6,0,1,0,-0.6,0,-0.8],"_humanoidState":5,"_cameraCFrame":[755.08,247.527,38.716,-0.911,-0.404,0.088,0,0.214,0.977,-0.413,0.889,-0.195],"_shiftlockState":true,"_pose":"FreeFall","_animationQueue":[],"_animationSpeed":1,"_zoom":16.125},{"_mousePosition":[683,384],"_rootPartCFrame":[755.047,230.77,42.417,-0.848,0,0.531,0,1,0,-0.531,0,-0.848],"_humanoidState":5,"_cameraCFrame":[754.287,248.022,38.626,-0.963,-0.262,0.057,0,0.214,0.977,-0.269,0.941,-0.206],"_shiftlockState":true,"_pose":"FreeFall","_animationQueue":[],"_animationSpeed":1,"_zoom":16.125},{"_mousePosition":[683,384],"_rootPartCFrame":[754.82,231.211,42.285,-0.919,0,0.394,0,1,0,-0.394,0,-0.919],"_humanoidState":5,"_cameraCFrame":[753.607,248.463,38.615,-0.989,-0.146,0.032,0,0.214,0.977,-0.15,0.966,-0.211],"_shiftlockState":true,"_pose":"FreeFall","_animationQueue":[],"_animationSpeed":1,"_zoom":16.125},{"_mousePosition":[683,384],"_rootPartCFrame":[754.511,231.685,42.17,-0.95,0,0.312,0,1,0,-0.312,0,-0.95],"_humanoidState":5,"_cameraCFrame":[752.8,248.937,38.703,-1,-0.011,0.002,0,0.214,0.977,-0.011,0.977,-0.214],"_shiftlockState":true,"_pose":"FreeFall","_animationQueue":[],"_animationSpeed":1,"_zoom":16.125},{"_mousePosition":[683,384],"_rootPartCFrame":[754.316,231.928,42.127,-0.994,0,0.111,0,1,0,-0.111,0,-0.994],"_humanoidState":5,"_cameraCFrame":[752.096,249.16,38.862,-0.99,0.134,-0.03,0,0.219,0.976,0.138,0.966,-0.217],"_shiftlockState":true,"_pose":"FreeFall","_animationQueue":[],"_animationSpeed":1,"_zoom":16.125},{"_mousePosition":[683,384],"_rootPartCFrame":[754.052,232.205,42.105,-1,0,-0.005,0,1,0,0.005,0,-1],"_humanoidState":5,"_cameraCFrame":[751.319,249.402,39.066,-0.958,0.278,-0.065,0,0.229,0.973,0.286,0.933,-0.219],"_shiftlockState":true,"_pose":"FreeFall","_animationQueue":[],"_animationSpeed":1,"_zoom":16.125},{"_mousePosition":[683,384],"_rootPartCFrame":[753.787,232.428,42.121,-0.988,0,-0.156,0,1,0,0.156,0,-0.988],"_humanoidState":5,"_cameraCFrame":[750.56,249.595,39.437,-0.902,0.42,-0.102,0,0.237,0.972,0.432,0.876,-0.213],"_shiftlockState":true,"_pose":"FreeFall","_animationQueue":[],"_animationSpeed":1,"_zoom":16.125},{"_mousePosition":[683,384],"_rootPartCFrame":[753.527,232.596,42.176,-0.951,0,-0.308,0,1,0,0.308,0,-0.951],"_humanoidState":5,"_cameraCFrame":[749.857,249.725,39.867,-0.829,0.542,-0.138,0,0.246,0.969,0.559,0.803,-0.204],"_shiftlockState":true,"_pose":"FreeFall","_animationQueue":[],"_animationSpeed":1,"_zoom":16.125},{"_mousePosition":[683,384],"_rootPartCFrame":[753.279,232.709,42.269,-0.896,0,-0.444,0,1,0,0.444,0,-0.896],"_humanoidState":5,"_cameraCFrame":[749.241,249.799,40.337,-0.75,0.639,-0.169,0,0.255,0.967,0.661,0.725,-0.192],"_shiftlockState":true,"_pose":"FreeFall","_animationQueue":[],"_animationSpeed":1,"_zoom":16.125},{"_mousePosition":[683,384],"_rootPartCFrame":[752.991,232.775,42.435,-0.849,0,-0.528,0,1,0,0.528,0,-0.849],"_humanoidState":5,"_cameraCFrame":[748.713,249.84,40.859,-0.679,0.708,-0.192,0,0.261,0.965,0.734,0.656,-0.177],"_shiftlockState":true,"_pose":"FreeFall","_animationQueue":[],"_animationSpeed":1,"_zoom":16.125},{"_mousePosition":[683,384],"_rootPartCFrame":[752.833,232.773,42.557,-0.749,0,-0.662,0,1,0,0.662,0,-0.749],"_humanoidState":5,"_cameraCFrame":[748.391,249.83,41.415,-0.6,0.772,-0.21,0,0.263,0.965,0.8,0.579,-0.158],"_shiftlockState":true,"_pose":"FreeFall","_animationQueue":[],"_animationSpeed":1,"_zoom":16.125},{"_mousePosition":[683,384],"_rootPartCFrame":[752.599,232.702,42.793,-0.724,0,-0.69,0,1,0,0.69,0,-0.724],"_humanoidState":5,"_cameraCFrame":[748.123,249.759,41.786,-0.575,0.789,-0.215,0,0.263,0.965,0.818,0.555,-0.151],"_shiftlockState":true,"_pose":"FreeFall","_animationQueue":[],"_animationSpeed":1,"_zoom":16.125},{"_mousePosition":[683,384],"_rootPartCFrame":[752.433,232.584,43.002,-0.679,0,-0.734,0,1,0,0.734,0,-0.679],"_humanoidState":5,"_cameraCFrame":[748.024,249.682,42.414,-0.511,0.831,-0.218,0,0.254,0.967,0.859,0.495,-0.13],"_shiftlockState":true,"_pose":"FreeFall","_animationQueue":[],"_animationSpeed":1,"_zoom":16.125},{"_mousePosition":[683,384],"_rootPartCFrame":[752.279,232.411,43.219,-0.621,0,-0.784,0,1,0,0.784,0,-0.621],"_humanoidState":5,"_cameraCFrame":[747.905,249.525,42.817,-0.481,0.849,-0.219,0,0.25,0.968,0.877,0.465,-0.12],"_shiftlockState":true,"_pose":"FreeFall","_animationQueue":[["fall",0.3]],"_animationSpeed":1,"_zoom":16.125},{"_mousePosition":[683,384],"_rootPartCFrame":[752.173,232.246,43.389,-0.566,0,-0.825,0,1,0,0.825,0,-0.566],"_humanoidState":5,"_cameraCFrame":[747.822,249.367,43.057,-0.47,0.855,-0.219,0,0.248,0.969,0.883,0.455,-0.116],"_shiftlockState":true,"_pose":"FreeFall","_animationQueue":[],"_animationSpeed":1,"_zoom":16.125},{"_mousePosition":[683,384],"_rootPartCFrame":[752.043,231.978,43.622,-0.583,0,-0.813,0,1,0,0.813,0,-0.583],"_humanoidState":5,"_cameraCFrame":[747.692,249.099,43.29,-0.47,0.855,-0.219,0,0.248,0.969,0.883,0.455,-0.116],"_shiftlockState":true,"_pose":"FreeFall","_animationQueue":[],"_animationSpeed":1,"_zoom":16.125},{"_mousePosition":[683,384],"_rootPartCFrame":[751.918,231.655,43.857,-0.583,0,-0.813,0,1,0,0.813,0,-0.583],"_humanoidState":5,"_cameraCFrame":[747.592,248.785,43.561,-0.465,0.858,-0.218,0,0.246,0.969,0.885,0.451,-0.114],"_shiftlockState":true,"_pose":"FreeFall","_animationQueue":[],"_animationSpeed":1,"_zoom":16.125},{"_mousePosition":[683,384],"_rootPartCFrame":[751.792,231.278,44.092,-0.579,0,-0.816,0,1,0,0.816,0,-0.579],"_humanoidState":5,"_cameraCFrame":[747.501,248.415,43.713,-0.485,0.848,-0.213,0,0.244,0.97,0.874,0.47,-0.118],"_shiftlockState":true,"_pose":"FreeFall","_animationQueue":[],"_animationSpeed":1,"_zoom":16.125},{"_mousePosition":[683,384],"_rootPartCFrame":[751.668,230.847,44.328,-0.597,0,-0.802,0,1,0,0.802,0,-0.597],"_humanoidState":5,"_cameraCFrame":[747.409,247.984,43.678,-0.539,0.817,-0.206,0,0.244,0.97,0.842,0.523,-0.132],"_shiftlockState":true,"_pose":"FreeFall","_animationQueue":[],"_animationSpeed":1,"_zoom":16.125},{"_mousePosition":[683,384],"_rootPartCFrame":[751.54,230.361,44.562,-0.646,0,-0.763,0,1,0,0.763,0,-0.646],"_humanoidState":5,"_cameraCFrame":[747.414,247.506,43.42,-0.637,0.748,-0.187,0,0.242,0.97,0.77,0.618,-0.154],"_shiftlockState":true,"_pose":"FreeFall","_animationQueue":[],"_animationSpeed":1,"_zoom":16.125},{"_mousePosition":[683,384],"_rootPartCFrame":[751.398,229.821,44.788,-0.734,0,-0.679,0,1,0,0.679,0,-0.734],"_humanoidState":5,"_cameraCFrame":[747.611,246.988,42.978,-0.768,0.622,-0.151,0,0.237,0.972,0.64,0.746,-0.182],"_shiftlockState":true,"_pose":"FreeFall","_animationQueue":[["fall",0.3]],"_animationSpeed":1,"_zoom":16.125},{"_mousePosition":[683,384],"_rootPartCFrame