[{"_mousePosition":[1193,394],"_rootPartCFrame":[776.034,222.978,47.142,-0.001,-0.007,1,0,1,0.007,-1,0,-0.001],"_humanoidState":8,"_cameraCFrame":[776.337,235.345,44.515,-0.993,-0.115,0.028,0,0.237,0.972,-0.118,0.965,-0.235],"_shiftlockState":false,"_pose":"Standing","_animationQueue":[],"_animationSpeed":1,"_zoom":11.184},{"_mousePosition":[1181,395],"_rootPartCFrame":[775.79,222.848,47.113,0.016,-0.001,1,0,1,0.001,-1,0,0.016],"_humanoidState":8,"_cameraCFrame":[776.102,235.215,44.486,-0.993,-0.115,0.028,0,0.237,0.972,-0.118,0.965,-0.235],"_shiftlockState":false,"_pose":"Standing","_animationQueue":[],"_animationSpeed":1,"_zoom":11.184},{"_mousePosition":[1162,398],"_rootPartCFrame":[775.525,222.678,47.081,0.03,0,1,0,1,0,-1,0,0.03],"_humanoidState":8,"_cameraCFrame":[775.839,235.045,44.454,-0.993,-0.115,0.028,0,0.237,0.972,-0.118,0.965,-0.235],"_shiftlockState":false,"_pose":"Running","_animationQueue":[["walk",0.1]],"_animationSpeed":1.067,"_zoom":11.184},{"_mousePosition":[1160,398],"_rootPartCFrame":[775.26,222.655,47.05,0.042,0,0.999,0,1,0,-0.999,0,0.042],"_humanoidState":8,"_cameraCFrame":[775.574,235.022,44.423,-0.993,-0.115,0.028,0,0.237,0.972,-0.118,0.965,-0.235],"_shiftlockState":false,"_pose":"Running","_animationQueue":[],"_animationSpeed":1.067,"_zoom":11.184},{"_mousePosition":[1111,409],"_rootPartCFrame":[774.996,222.67,47.018,0.052,0,0.999,0,1,0,-0.999,0,0.052],"_humanoidState":8,"_cameraCFrame":[775.309,235.037,44.391,-0.993,-0.115,0.028,0,0.237,0.972,-0.118,0.965,-0.235],"_shiftlockState":false,"_pose":"Running","_animationQueue":[],"_animationSpeed":1.067,"_zoom":11.184},{"_mousePosition":[1086,414],"_rootPartCFrame":[774.731,222.683,46.987,0.061,0,0.998,0,1,0,-0.998,0,0.061],"_humanoidState":8,"_cameraCFrame":[775.044,235.05,44.36,-0.993,-0.115,0.028,0,0.237,0.972,-0.118,0.965,-0.235],"_shiftlockState":false,"_pose":"Running","_animationQueue":[["walk",0.1]],"_animationSpeed":1.067,"_zoom":11.184},{"_mousePosition":[1082,415],"_rootPartCFrame":[774.466,222.691,46.955,0.069,0,0.998,0,1,0,-0.998,0,0.069],"_humanoidState":8,"_cameraCFrame":[774.779,235.057,44.328,-0.993,-0.115,0.028,0,0.237,0.972,-0.118,0.965,-0.235],"_shiftlockState":false,"_pose":"Running","_animationQueue":[],"_animationSpeed":1.067,"_zoom":11.184},{"_mousePosition":[1013,429],"_rootPartCFrame":[774.201,222.695,46.924,0.076,0,0.997,0,1,0,-0.997,0,0.076],"_humanoidState":8,"_cameraCFrame":[774.514,235.061,44.296,-0.993,-0.115,0.028,0,0.237,0.972,-0.118,0.965,-0.235],"_shiftlockState":false,"_pose":"Running","_animationQueue":[],"_animationSpeed":1.067,"_zoom":11.184},{"_mousePosition":[969,438],"_rootPartCFrame":[773.937,222.697,46.892,0.081,0,0.997,0,1,0,-0.997,0,0.081],"_humanoidState":8,"_cameraCFrame":[774.25,235.064,44.265,-0.993,-0.115,0.028,0,0.237,0.972,-0.118,0.965,-0.235],"_shiftlockState":false,"_pose":"Running","_animationQueue":[],"_animationSpeed":1.067,"_zoom":11.184},{"_mousePosition":[920,448],"_rootPartCFrame":[773.672,222.698,46.861,0.086,0,0.996,0,1,0,-0.996,0,0.086],"_humanoidState":8,"_cameraCFrame":[773.985,235.065,44.233,-0.993,-0.115,0.028,0,0.237,0.972,-0.118,0.965,-0.235],"_shiftlockState":false,"_pose":"Running","_animationQueue":[],"_animationSpeed":1.067,"_zoom":11.184},{"_mousePosition":[880,456],"_rootPartCFrame":[773.407,222.699,46.829,0.091,0,0.996,0,1,0,-0.996,0,0.091],"_humanoidState":8,"_cameraCFrame":[773.72,235.065,44.202,-0.993,-0.115,0.028,0,0.237,0.972,-0.118,0.965,-0.235],"_shiftlockState":false,"_pose":"Running","_animationQueue":[],"_animationSpeed":1.067,"_zoom":11.184},{"_mousePosition":[846,462],"_rootPartCFrame":[773.142,222.699,46.797,0.094,0,0.996,0,1,0,-0.996,0,0.094],"_humanoidState":8,"_cameraCFrame":[773.455,235.066,44.17,-0.993,-0.115,0.028,0,0.237,0.972,-0.118,0.965,-0.235],"_shiftlockState":false,"_pose":"Running","_animationQueue":[],"_animationSpeed":1.067,"_zoom":11.184},{"_mousePosition":[846,462],"_rootPartCFrame":[772.878,222.699,46.766,0.098,0,0.995,0,1,0,-0.995,0,0.098],"_humanoidState":8,"_cameraCFrame":[773.191,235.066,44.139,-0.993,-0.115,0.028,0,0.237,0.972,-0.118,0.965,-0.235],"_shiftlockState":false,"_pose":"Running","_animationQueue":[["walk",0.1]],"_animationSpeed":1.067,"_zoom":11.184},{"_mousePosition":[812,465],"_rootPartCFrame":[772.613,222.7,46.734,0.1,0,0.995,0,1,0,-0.995,0,0.1],"_humanoidState":8,"_cameraCFrame":[772.926,235.066,44.107,-0.993,-0.115,0.028,0,0.237,0.972,-0.118,0.965,-0.235],"_shiftlockState":false,"_pose":"Running","_animationQueue":[],"_animationSpeed":1.067,"_zoom":11.184},{"_mousePosition":[803,465],"_rootPartCFrame":[772.348,222.7,46.703,0.103,0,0.995,0,1,0,-0.995,0,0.103],"_humanoidState":8,"_cameraCFrame":[772.661,235.066,44.076,-0.993,-0.115,0.028,0,0.237,0.972,-0.118,0.965,-0.235],"_shiftlockState":false,"_pose":"Running","_animationQueue":[],"_animationSpeed":1.067,"_zoom":11.184},{"_mousePosition":[803,465],"_rootPartCFrame":[772.083,222.7,46.671,0.105,0,0.994,0,1,0,-0.994,0,0.105],"_humanoidState":8,"_cameraCFrame":[772.396,235.066,44.044,-0.993,-0.115,0.028,0,0.237,0.972,-0.118,0.965,-0.235],"_shiftlockState":false,"_pose":"Running","_animationQueue":[],"_animationSpeed":1.067,"_zoom":11.184},{"_mousePosition":[782,466],"_rootPartCFrame":[771.818,222.7,46.64,0.107,0,0.994,0,1,0,-0.994,0,0.107],"_humanoidState":8,"_cameraCFrame":[772.131,235.066,44.013,-0.993,-0.115,0.028,0,0.237,0.972,-0.118,0.965,-0.235],"_shiftlockState":false,"_pose":"Running","_animationQueue":[],"_animationSpeed":1.067,"_zoom":11.184},{"_mousePosition":[764,470],"_rootPartCFrame":[771.554,222.7,46.608,0.108,0,0.994,0,1,0,-0.994,0,0.108],"_humanoidState":8,"_cameraCFrame":[771.867,235.066,43.981,-0.993,-0.115,0.028,0,0.237,0.972,-0.118,0.965,-0.235],"_shiftlockState":false,"_pose":"Running","_animationQueue":[],"_animationSpeed":1.067,"_zoom":11.184},{"_mousePosition":[760,472],"_rootPartCFrame":[771.289,222.7,46.577,0.11,0,0.994,0,1,0,-0.994,0,0.11],"_humanoidState":8,"_cameraCFrame":[771.602,235.066,43.949,-0.993,-0.115,0.028,0,0.237,0.972,-0.118,0.965,-0.235],"_shiftlockState":false,"_pose":"Running","_animationQueue":[],"_animationSpeed":1.067,"_zoom":11.184},{"_mousePosition":[714,491],"_rootPartCFrame":[771.024,222.7,46.545,0.111,0,0.994,0,1,0,-0.994,0,0.111],"_humanoidState":8,"_cameraCFrame":[771.337,235.066,43.918,-0.993,-0.115,0.028,0,0.237,0.972,-0.118,0.965,-0.235],"_shiftlockState":false,"_pose":"Running","_animationQueue":[["walk",0.1]],"_animationSpeed":1.067,"_zoom":11.184},{"_mousePosition":[714,491],"_rootPartCFrame":[770.759,222.7,46.514,0.112,0,0.994,0,1,0,-0.994,0,0.112],"_humanoidState":8,"_cameraCFrame":[770.959,235.107,44.051,-0.997,-0.079,0.018,0,0.221,0.975,-0.081,0.972,-0.22],"_shiftlockState":false,"_pose":"Running","_animationQueue":[],"_animationSpeed":1.067,"_zoom":11.184},{"_mousePosition":[714,491],"_rootPartCFrame":[770.495,222.7,46.482,0.113,0,0.994,0,1,0,-0.994,0,0.113],"_humanoidState":8,"_cameraCFrame":[770.614,235.15,44.209,-0.999,-0.051,0.011,0,0.204,0.979,-0.053,0.978,-0.203],"_shiftlockState":false,"_pose":"Running","_animationQueue":[],"_animationSpeed":1.067,"_zoom":11.184},{"_mousePosition":[714,491],"_rootPartCFrame":[770.23,222.666,46.45,0.114,0,0.994,0,1,0,-0.994,0,0.114],"_humanoidState":8,"_cameraCFrame":[770.295,235.156,44.379,-0.999,-0.031,0.006,0,0.185,0.983,-0.032,0.982,-0.185],"_shiftlockState":false,"_pose":"Running","_animationQueue":[],"_animationSpeed":1.067,"_zoom":11.184},{"_mousePosition":[714,491],"_rootPartCFrame":[769.965,222.577,46.419,0.114,0,0.993,0,1,0,-0.993,0,0.114],"_humanoidState":8,"_cameraCFrame":[770.01,235.088,44.462,-1,-0.023,0.004,0,0.175,0.985,-0.023,0.984,-0.175],"_shiftlockState":false,"_pose":"Running","_animationQueue":[],"_animationSpeed":1.067,"_zoom":11.184},{"_mousePosition":[714,491],"_rootPartCFrame":[769.7,222.434,46.387,0.115,0,0.993,0,1,0,-0.993,0,0.115],"_humanoidState":8,"_cameraCFrame":[769.743,234.948,44.446,-1,-0.022,0.004,0,0.174,0.985,-0.022,0.985,-0.174],"_shiftlockState":false,"_pose":"Running","_animationQueue":[],"_animationSpeed":1.067,"_zoom":11.184},{"_mousePosition":[714,491],"_rootPartCFrame":[769.435,222.236,46.356,0.116,0,0.993,0,1,0,-0.993,0,0.116],"_humanoidState":8,"_cameraCFrame":[769.478,234.75,44.414,-1,-0.022,0.004,0,0.174,0.985,-0.022,0.985,-0.174],"_shiftlockState":false,"_pose":"Running","_animationQueue":[],"_animationSpeed":1.067,"_zoom":11.184},{"_mousePosition":[714,491],"_rootPartCFrame":[769.17,223.11,46.324,0.117,0,0.993,0,1,0,-0.993,0,0.117],"_humanoidState":3,"_cameraCFrame":[769.213,235.624,44.383,-1,-0.022,0.004,0,0.174,0.985,-0.022,0.985,-0.174],"_shiftlockState":false,"_pose":"Jumping","_animationQueue":[["walk",0.1],["walk",0.1],["jump",0.1]],"_animationSpeed":1,"_zoom":11.184},{"_mousePosition":[714,491],"_rootPartCFrame":[768.904,223.932,46.312,0.109,0,0.994,0,1,0,-0.994,0,0.109],"_humanoidState":5,"_cameraCFrame":[768.945,236.446,44.37,-1,-0.021,0.004,0,0.174,0.985,-0.021,0.985,-0.174],"_shiftlockState":false,"_pose":"FreeFall","_animationQueue":[["jump",0.1]],"_animationSpeed":1,"_zoom":11.184},{"_mousePosition":[714,491],"_rootPartCFrame":[768.637,224.699,46.306,0.097,0,0.995,0,1,0,-0.995,0,0.097],"_humanoidState":5,"_cameraCFrame":[768.674,237.213,44.364,-1,-0.019,0.003,0,0.174,0.985,-0.019,0.985,-0.174],"_shiftlockState":false,"_pose":"FreeFall","_animationQueue":[],"_animationSpeed":1,"_zoom":11.184},{"_mousePosition":[714,491],"_rootPartCFrame":[768.371,225.412,46.3,0.087,0,0.996,0,1,0,-0.996,0,0.087],"_humanoidState":5,"_cameraCFrame":[768.408,237.926,44.359,-1,-0.019,0.003,0,0.174,0.985,-0.019,0.985,-0.174],"_shiftlockState":false,"_pose":"FreeFall","_animationQueue":[],"_animationSpeed":1,"_zoom":11.184},{"_mousePosition":[714,491],"_rootPartCFrame":[768.104,226.071,46.295,0.077,0,0.997,0,1,0,-0.997,0,0.077],"_humanoidState":5,"_cameraCFrame":[768.139,238.585,44.353,-1,-0.018,0.003,0,0.174,0.985,-0.018,0.985,-0.174],"_shiftlockState":false,"_pose":"FreeFall","_animationQueue":[],"_animationSpeed":1,"_zoom":11.184},{"_mousePosition":[714,491],"_rootPartCFrame":[767.838,226.675,46.29,0.069,0,0.998,0,1,0,-0.998,0,0.069],"_humanoidState":5,"_cameraCFrame":[767.873,239.189,44.348,-1,-0.018,0.003,0,0.174,0.985,-0.018,0.985,-0.174],"_shiftlockState":false,"_pose":"FreeFall","_animationQueue":[],"_animationSpeed":1,"_zoom":11.184},{"_mousePosition":[714,491],"_rootPartCFrame":[767.571,227.224,46.285,0.062,0,0.998,0,1,0,-0.998,0,0.062],"_humanoidState":5,"_cameraCFrame":[767.606,239.738,44.343,-1,-0.018,0.003,0,0.174,0.985,-0.018,0.985,-0.174],"_shiftlockState":false,"_pose":"FreeFall","_animationQueue":[],"_animationSpeed":1,"_zoom":11.184},{"_mousePosition":[714,491],"_rootPartCFrame":[767.304,227.719,46.28,0.056,0,0.998,0,1,0,-0.998,0,0.056],"_humanoidState":5,"_cameraCFrame":[767.339,240.233,44.339,-1,-0.018,0.003,0,0.174,0.985,-0.018,0.985,-0.174],"_shiftlockState":false,"_pose":"FreeFall","_animationQueue":[],"_animationSpeed":1,"_zoom":11.184},{"_mousePosition":[714,491],"_rootPartCFrame":[767.038,228.16,46.276,0.051,0,0.999,0,1,0,-0.999,0,0.051],"_humanoidState":5,"_cameraCFrame":[767.073,240.674,44.334,-1,-0.018,0.003,0,0.174,0.985,-0.018,0.985,-0.174],"_shiftlockState":false,"_pose":"FreeFall","_animationQueue":[],"_animationSpeed":1,"_zoom":11.184},{"_mousePosition":[714,491],"_rootPartCFrame":[766.771,228.546,46.271,0.046,0,0.999,0,1,0,-0.999,0,0.046],"_humanoidState":5,"_cameraCFrame":[766.806,241.06,44.329,-1,-0.018,0.003,0,0.174,0.985,-0.018,0.985,-0.174],"_shiftlockState":false,"_pose":"FreeFall","_animationQueue":[],"_animationSpeed":1,"_zoom":11.184},{"_mousePosition":[714,491],"_rootPartCFrame":[766.505,228.877,46.266,0.042,0,0.999,0,1,0,-0.999,0,0.042],"_humanoidState":5,"_cameraCFrame":[766.54,241.391,44.324,-1,-0.018,0.003,0,0.174,0.985,-0.018,0.985,-0.174],"_shiftlockState":false,"_pose":"FreeFall","_animationQueue":[],"_animationSpeed":1,"_zoom":11.184},{"_mousePosition":[714,491],"_rootPartCFrame":[766.238,229.154,46.261,0.039,0,0.999,0,1,0,-0.999,0,0.039],"_humanoidState":5,"_cameraCFrame":[766.273,241.668,44.319,-1,-0.018,0.003,0,0.174,0.985,-0.018,0.985,-0.174],"_shiftlockState":false,"_pose":"FreeFall","_animationQueue":[],"_animationSpeed":1,"_zoom":11.184},{"_mousePosition":[714,491],"_rootPartCFrame":[765.905,229.424,46.255,0.035,0,0.999,0,1,0,-0.999,0,0.035],"_humanoidState":5,"_cameraCFrame":[765.94,241.938,44.313,-1,-0.018,0.003,0,0.174,0.985,-0.018,0.985,-0.174],"_shiftlockState":false,"_pose":"FreeFall","_animationQueue":[],"_animationSpeed":1,"_zoom":11.184},{"_mousePosition":[714,491],"_rootPartCFrame":[765.705,229.545,46.251,0.033,0,0.999,0,1,0,-0.999,0,0.033],"_humanoidState":5,"_cameraCFrame":[765.74,242.059,44.31,-1,-0.018,0.003,0,0.174,0.985,-0.018,0.985,-0.174],"_shiftlockState":false,"_pose":"FreeFall","_animationQueue":[],"_animationSpeed":1,"_zoom":11.184},{"_mousePosition":[714,491],"_rootPartCFrame":[765.438,229.658,46.247,0.031,0,1,0,1,0,-1,0,0.031],"_humanoidState":5,"_cameraCFrame":[765.471,242.172,44.305,-1,-0.017,0.003,0,0.174,0.985,-0.017,0.985,-0.174],"_shiftlockState":false,"_pose":"FreeFall","_animationQueue":[],"_animationSpeed":1,"_zoom":11.184},{"_mousePosition":[714,491],"_rootPartCFrame":[765.172,229.717,46.242,0.029,0,1,0,1,0,-1,0,0.029],"_humanoidState":5,"_cameraCFrame":[765.191,242.227,44.273,-1,-0.01,0.002,0,0.176,0.984,-0.01,0.984,-0.176],"_shiftlockState":false,"_pose":"FreeFall","_animationQueue":[],"_animationSpeed":1,"_zoom":11.184},{"_mousePosition":[714,491],"_rootPartCFrame":[764.905,229.722,46.237,0.028,0,1,0,1,0,-1,0,0.028],"_humanoidState":5,"_cameraCFrame":[764.922,242.225,44.233,-1,-0.008,0.002,0,0.179,0.984,-0.009,0.984,-0.179],"_shiftlockState":false,"_pose":"FreeFall","_animationQueue":[],"_animationSpeed":1,"_zoom":11.184},{"_mousePosition":[714,491],"_rootPartCFrame":[764.638,229.672,46.234,0.025,0,1,0,1,0,-1,0,0.025],"_humanoidState":5,"_cameraCFrame":[764.689,242.175,44.231,-1,-0.025,0.005,0,0.179,0.984,-0.025,0.983,-0.179],"_shiftlockState":false,"_pose":"FreeFall","_animationQueue":[],"_animationSpeed":1,"_zoom":11.184},{"_mousePosition":[714,491],"_rootPartCFrame":[764.305,229.533,46.231,0.023,0,1,0,1,0,-1,0,0.023],"_humanoidState":5,"_cameraCFrame":[764.395,242.037,44.238,-0.999,-0.045,0.008,0,0.178,0.984,-0.045,0.983,-0.178],"_shiftlockState":false,"_pose":"FreeFall","_animationQueue":[],"_animationSpeed":1,"_zoom":11.184},{"_mousePosition":[714,491],"_rootPartCFrame":[764.105,229.408,46.227,0.022,0,1,0,1,0,-1,0,0.022],"_humanoidState":5,"_cameraCFrame":[764.248,241.918,44.263,-0.997,-0.071,0.013,0,0.176,0.984,-0.072,0.982,-0.176],"_shiftlockState":false,"_pose":"FreeFall","_animationQueue":[],"_animationSpeed":1,"_zoom":11.184},{"_mousePosition":[714,491],"_rootPartCFrame":[763.772,229.133,46.213,0.025,0,1,0,1,0,-1,0,0.025],"_humanoidState":5,"_cameraCFrame":[763.964,241.642,44.253,-0.995,-0.096,0.017,0,0.176,0.984,-0.097,0.98,-0.175],"_shiftlockState":false,"_pose":"FreeFall","_animationQueue":[["fall",0.3]],"_animationSpeed":1,"_zoom":11.184},{"_mousePosition":[714,491],"_rootPartCFrame":[763.506,228.851,46.195,0.03,0,1,0,1,0,-1,0,0.03],"_humanoidState":5,"_cameraCFrame":[763.756,241.358,44.224,-0.992,-0.124,0.022,0,0.178,0.984,-0.126,0.976,-0.176],"_shiftlockState":false,"_pose":"FreeFall","_animationQueue":[],"_animationSpeed":1,"_zoom":11.184},{"_mousePosition":[714,491],"_rootPartCFrame":[763.307,228.604,46.176,0.036,0,0.999,0,1,0,-0.999,0,0.036],"_humanoidState":5,"_cameraCFrame":[763.659,241.103,44.176,-0.985,-0.17,0.031,0,0.182,0.983,-0.173,0.969,-0.179],"_shiftlockState":false,"_pose":"FreeFall","_animationQueue":[],"_animationSpeed":1,"_zoom":11.184},{"_mousePosition":[714,491],"_rootPartCFrame":[763.042,228.228,46.144,0.047,0,0.999,0,1,0,-0.999,0,0.047],"_humanoidState":5,"_cameraCFrame":[761.869,240.714,43.681,-0.969,-0.245,0.047,0,0.187,0.982,-0.249,0.951,-0.181],"_shiftlockState":true,"_pose":"FreeFall","_animationQueue":[],"_animationSpeed":1,"_zoom":11.184},{"_mousePosition":[683,384],"_rootPartCFrame":[762.727,229.021,46.09,-0.985,0.008,0.17,0.008,1,-0.002,-0.17,0,-0.985],"_humanoidState":7,"_cameraCFrame":[761.566,241.507,43.627,-0.969,-0.245,0.047,0,0.187,0.982,-0.249,0.951,-0.181],"_shiftlockState":true,"_pose":"FreeFall","_animationQueue":[["walk",0.1],["fall",0.3],["fall",0.3]],"_animationSpeed":1,"_zoom":11.184},{"_mousePosition":[683,384],"_rootPartCFrame":[762.533,229.469,46.043,-0.974,-0.001,0.226,-0.001,1,0,-0.226,0,-0.974],"_humanoidState":7,"_cameraCFrame":[761.595,241.953,43.466,-0.942,-0.331,0.064,0,0.189,0.982,-0.337,0.925,-0.178],"_shiftlockState":true,"_pose":"FreeFall","_animationQueue":[],"_animationSpeed":1,"_zoom":11.184},{"_mousePosition":[683,384],"_rootPartCFrame":[762.418,229.87,46.014,-0.943,-0.002,0.334,-0.002,1,0,-0.334,0,-0.943],"_humanoidState":8,"_cameraCFrame":[761.699,242.351,43.36,-0.91,-0.406,0.078,0,0.19,0.982,-0.414,0.894,-0.173],"_shiftlockState":true,"_pose":"Running","_animationQueue":[["fall",0.3],["walk",0.1],["fall",0.3],["walk",0.1]],"_animationSpeed":1.102,"_zoom":11.184},{"_mousePosition":[683,384],"_rootPartCFrame":[762.277,230.189,45.964,-0.91,0,0.414,0,1,0,-0.414,0,-0.91],"_humanoidState":12,"_cameraCFrame":[761.777,242.676,43.282,-0.872,-0.482,0.092,0,0.187,0.982,-0.49,0.856,-0.163],"_shiftlockState":true,"_pose":"Climbing","_animationQueue":[["walk",0.1],["walk",0.1],["climb",0.1]],"_animationSpeed":1.446,"_zoom":11.184},{"_mousePosition":[683,384],"_rootPartCFrame":[761.978,230.452,45.831,-0.872,0,0.49,0,1,0,-0.49,0,-0.872],"_humanoidState":8,"_cameraCFrame":[761.602,242.949,43.17,-0.843,-0.53,0.098,0,0.182,0.983,-0.539,0.828,-0.154],"_shiftlockState":true,"_pose":"Running","_animationQueue":[["walk",0.1],["climb",0.1],["walk",0.1],["walk",0.1]],"_animationSpeed":0.939,"_zoom":11.184},{"_mousePosition":[683,384],"_rootPartCFrame":[761.796,231.111,45.749,-0.843,0,0.539,0,1,0,-0.539,0,-0.843],"_humanoidState":3,"_cameraCFrame":[761.485,243.617,43.12,-0.823,-0.559,0.101,0,0.178,0.984,-0.568,0.81,-0.146],"_shiftlockState":true,"_pose":"Jumping","_animationQueue":[["walk",0.1],["jump",0.1]],"_animationSpeed":1,"_zoom":11.184},{"_mousePosition":[683,384],"_rootPartCFrame":[761.508,232.147,45.582,-0.747,0,0.665,0,1,0,-0.665,0,-0.747],"_humanoidState":5,"_cameraCFrame":[761.206,244.657,42.965,-0.819,-0.565,0.101,0,0.176,0.984,-0.574,0.806,-0.144],"_shiftlockState":true,"_pose":"FreeFall","_animationQueue":[["jump",0.1]],"_animationSpeed":1,"_zoom":11.184},{"_mousePosition":[683,384],"_rootPartCFrame":[761.343,232.728,45.47,-0.759,0,0.651,0,1,0,-0.651,0,-0.759],"_humanoidState":5,"_cameraCFrame":[761.027,245.239,42.861,-0.82,-0.563,0.1,0,0.175,0.985,-0.572,0.808,-0.144],"_shiftlockState":true,"_pose":"FreeFall","_animationQueue":[],"_animationSpeed":1,"_zoom":11.184},{"_mousePosition":[683,384],"_rootPartCFrame":[761.124,233.455,45.317,-0.738,0,0.675,0,1,0,-0.675,0,-0.738],"_humanoidState":5,"_cameraCFrame":[760.758,245.969,42.728,-0.829,-0.55,0.097,0,0.174,0.985,-0.559,0.817,-0.144],"_shiftlockState":true,"_pose":"FreeFall","_animationQueue":[],"_animationSpeed":1,"_zoom":11.184},{"_mousePosition":[683,384],"_rootPartCFrame":[760.905,234.127,45.164,-0.843,0,0.537,0,1,0,-0.537,0,-0.843],"_humanoidState":5,"_cameraCFrame":[760.488,246.637,42.567,-0.842,-0.53,0.095,0,0.176,0.984,-0.539,0.829,-0.148],"_shiftlockState":true,"_pose":"FreeFall","_animationQueue":[["jump",0.1]],"_animationSpeed":1,"_zoom":11.184},{"_mousePosition":[683,384],"_rootPartCFrame":[760.707,234.745,45.026,-0.82,0,0.573,0,1,0,-0.573,0,-0.82],"_humanoidState":5,"_cameraCFrame":[760.29,247.255,42.429,-0.842,-0.53,0.095,0,0.176,0.984,-0.539,0.829,-0.148],"_shiftlockState":true,"_pose":"FreeFall","_animationQueue":[["fall",0.3]],"_animationSpeed":1,"_zoom":11.184},{"_mousePosition":[683,384],"_rootPartCFrame":[760.541,235.308,44.91,-0.84,0,0.543,0,1,0,-0.543,0,-0.84],"_humanoidState":5,"_cameraCFrame":[760.124,247.818,42.314,-0.842,-0.53,0.095,0,0.176,0.984,-0.539,0.829,-0.148],"_shiftlockState":true,"_pose":"FreeFall","_animationQueue":[],"_animationSpeed":1,"_zoom":11.184},{"_mousePosition":[683,384],"_rootPartCFrame":[760.388,235.816,44.828,-0.842,0,0.539,0,1,0,-0.539,0,-0.842],"_humanoidState":5,"_cameraCFrame":[759.971,248.327,42.231,-0.842,-0.53,0.095,0,0.176,0.984,-0.539,0.829,-0.148],"_shiftlockState":true,"_pose":"FreeFall","_animationQueue":[],"_animationSpeed":1,"_zoom":11.184},{"_mousePosition":[683,384],"_rootPartCFrame":[760.236,236.271,44.785,-0.842,0,0.539,0,1,0,-0.539,0,-0.842],"_humanoidState":5,"_cameraCFrame":[759.82,248.781,42.189,-0.842,-0.53,0.095,0,0.176,0.984,-0.539,0.829,-0.148],"_shiftlockState":true,"_pose":"FreeFall","_animationQueue":[],"_animationSpeed":1,"_zoom":11.184},{"_mousePosition":[683,384],"_rootPartCFrame":[760.086,236.67,44.783,-0.842,0,0.539,0,1,0,-0.539,0,-0.842],"_humanoidState":5,"_cameraCFrame":[759.669,249.181,42.186,-0.842,-0.53,0.095,0,0.176,0.984,-0.539,0.829,-0.148],"_shiftlockState":true,"_pose":"FreeFall","_animationQueue":[],"_animationSpeed":1,"_zoom":11.184},{"_mousePosition":[683,384],"_rootPartCFrame":[759.961,237.015,44.793,-0.842,0,0.539,0,1,0,-0.539,0,-0.842],"_humanoidState":5,"_cameraCFrame":[759.544,249.526,42.196,-0.842,-0.53,0.095,0,0.176,0.984,-0.539,0.829,-0.148],"_shiftlockState":true,"_pose":"FreeFall","_animationQueue":[],"_animationSpeed":1,"_zoom":11.184},{"_mousePosition":[683,384],"_rootPartCFrame":[759.875,237.306,44.799,-0.842,0,0.539,0,1,0,-0.539,0,-0.842],"_humanoidState":5,"_cameraCFrame":[759.458,249.816,42.203,-0.842,-0.53,0.095,0,0.176,0.984,-0.539,0.829,-0.148],"_shiftlockState":true,"_pose":"FreeFall","_animationQueue":[],"_animationSpeed":1,"_zoom":11.184},{"_mousePosition":[683,384],"_rootPartCFrame":[759.823,237.593,44.804,-0.842,0,0.539,0,1,0,-0.539,0,-0.842],"_humanoidState":5,"_cameraCFrame":[759.392,250.106,42.223,-0.844,-0.529,0.093,0,0.174,0.985,-0.537,0.831,-0.147],"_shiftlockState":true,"_pose":"FreeFall","_animationQueue":[["fall",0.3]],"_animationSpeed":1,"_zoom":11.184},{"_mousePosition":[683,384],"_rootPartCFrame":[759.819,237.724,44.804,-0.844,0,0.537,0,1,0,-0.537,0,-0.844],"_humanoidState":5,"_cameraCFrame":[759.359,250.238,42.231,-0.849,-0.52,0.092,0,0.174,0.985,-0.528,0.836,-0.147],"_shiftlockState":true,"_pose":"FreeFall","_animationQueue":[],"_animationSpeed":1,"_zoom":11.184},{"_mousePosition":[683,384],"_rootPartCFrame":[759.819,237.851,44.804,-0.849,0,0.528,0,1,0,-0.528,0,-0.849],"_humanoidState":5,"_cameraCFrame":[759.306,250.362,42.227,-0.862,-0.5,0.089,0,0.175,0.985,-0.507,0.848,-0.151],"_shiftlockState":true,"_pose":"FreeFall","_animationQueue":[],"_animationSpeed":1,"_zoom":11.184},{"_mousePosition":[683,384],"_rootPartCFrame":[759.819,237.924,44.804,-0.862,0,0.508,0,1,0,-0.508,0,-0.862],"_humanoidState":5,"_cameraCFrame":[759.273,250.408,42.124,-0.881,-0.465,0.089,0,0.188,0.982,-0.474,0.865,-0.165],"_shiftlockState":true,"_pose":"FreeFall","_animationQueue":[],"_animationSpeed":1,"_zoom":11.184},{"_mousePosition":[683,384],"_rootPartCFrame":[759.8,237.938,44.836,-0.878,0,0.478,0,1,0,-0.478,0,-0.878],"_humanoidState":5,"_cameraCFrame":[759.283,250.374,41.96,-0.894,-0.438,0.094,0,0.209,0.978,-0.448,0.874,-0.187],"_shiftlockState":true,"_pose":"FreeFall","_animationQueue":[],"_animationSpeed":1,"_zoom":11.184},{"_mousePosition":[683,384],"_rootPartCFrame":[759.774,237.905,44.881,-0.893,0,0.451,0,1,0,-0.451,0,-0.893],"_humanoidState":5,"_cameraCFrame":[759.336,250.271,41.738,-0.902,-0.419,0.102,0,0.237,0.972,-0.431,0.877,-0.214],"_shiftlockState":true,"_pose":"FreeFall","_animationQueue":[],"_animationSpeed":1,"_zoom":11.184},{"_mousePosition":[683,384],"_rootPartCFrame":[759.709,237.783,45.001,-0.901,0,0.434,0,1,0,-0.434,0,-0.901],"_humanoidState":5,"_cameraCFrame":[759.299,250.123,41.765,-0.905,-0.413,0.105,0,0.246,0.969,-0.426,0.877,-0.223],"_shiftlockState":true,"_pose":"FreeFall","_animationQueue":[],"_animationSpeed":1,"_zoom":11.184},{"_mousePosition":[683,384],"_rootPartCFrame":[759.658,237.669,45.101,-0.904,0,0.427,0,1,0,-0.427,0,-0.904],"_humanoidState":5,"_cameraCFrame":[759.248,250.009,41.864,-0.905,-0.413,0.105,0,0.246,0.969,-0.426,0.877,-0.223],"_shiftlockState":true,"_pose":"FreeFall","_animationQueue":[["fall",0.3]],"_animationSpeed":1,"_zoom":11.184},{"_mousePosition":[683,384],"_rootPartCFrame":[759.577,237.469,45.265,-0.905,0,0.426,0,1,0,-0.426,0,-0.905],"_humanoidState":5,"_cameraCFrame":[759.166,249.809,42.029,-0.905,-0.413,0.105,0,0.246,0.969,-0.426,0.877,-0.223],"_shiftlockState":true,"_pose":"FreeFall","_animationQueue":[],"_animationSpeed":1,"_zoom":11.184},{"_mousePosition":[683,384],"_rootPartCFrame":[759.518,237.585,45.386,-0.918,0.004,0.396,0.004,1,0,-0.396,0.002,-0.918],"_humanoidState":12,"_cameraCFrame":[759.113,249.925,42.152,-0.905,-0.413,0.105,0,0.246,0.969,-0.426,0.877,-0.223],"_shiftlockState":true,"_pose":"Climbing","_animationQueue":[["walk",0.1],["fall",0.3],["climb",0.1],["climb",0]],"_animationSpeed":-1.101,"_zoom":11.184},{"_mousePosition":[683,384],"_rootPartCFrame":[759.504,237.684,45.41,-0.924,0.005,0.381,0.005,1,0,-0.381,0.002,-0.924],"_humanoidState":8,"_cameraCFrame":[759.101,250.024,42.177,-0.905,-0.413,0.105,0,0.246,0.969,-0.426,0.877,-0.223],"_shiftlockState":true,"_pose":"Running","_animationQueue":[["walk",0.1],["climb",0.1],["walk",0.1],["walk",0.1]],"_animationSpeed":0.072,"_zoom":11.184},{"_mousePosition":[683,384],"_rootPartCFrame":[759.495,237.714,45.413,-0.917,0.004,0.4,0.004,1,0,-0.4,0.002,-0.917],"_humanoidState":5,"_cameraCFrame":[759.098,250.054,42.179,-0.904,-0.415,0.105,0,0.246,0.969,-0.428,0.876,-0.222],"_shiftlockState":true,"_pose":"FreeFall","_animationQueue":[["walk",0.1],["fall",0.3]],"_animationSpeed":1,"_zoom":11.184},{"_mousePosition":[683,384],"_rootPartCFrame":[759.5,237.669,45.398,-0.908,0.001,0.42,0.001,1,0,-0.42,0.001,-0.908],"_humanoidState":5,"_cameraCFrame":[759.921,249.939,41.938,-0.798,-0.58,0.162,0,0.27,0.963,-0.602,0.769,-0.215],"_shiftlockState":true,"_pose":"FreeFall","_animationQueue":[],"_animationSpeed":1,"_zoom":11.184},{"_mousePosition":[683,384],"_rootPartCFrame":[759.607,237.739,45.256,-0.801,0,0.599,0,1,0,-0.599,0,-0.801],"_humanoidState":7,"_cameraCFrame":[761.321,249.984,42.134,-0.527,-0.817,0.236,0,0.277,0.961,-0.85,0.506,-0.146],"_shiftlockState":true,"_pose":"FreeFall","_animationQueue":[["fall",0.3],["fall",0.3],["fall",0.3]],"_animationSpeed":1,"_zoom":11.184},{"_mousePosition":[683,384],"_rootPartCFrame":[759.608,237.806,45.071,-0.517,0,0.856,0,1,0,-0.856,-0.001,-0.517],"_humanoidState":7,"_cameraCFrame":[761.566,250.166,42.545,-0.326,-0.918,0.226,0,0.239,0.971,-0.946,0.316,-0.078],"_shiftlockState":true,"_pose":"FreeFall","_animationQueue":[],"_animationSpeed":1,"_zoom":11.184},{"_mousePosition":[683,384],"_rootPartCFrame":[759.607,237.855,45.071,-0.303,0,0.953,0,1,0,-0.953,0,-0.303],"_humanoidState":7,"_cameraCFrame":[760.397,250.369,42.579,-0.506,-0.849,0.15,0,0.174,0.985,-0.862,0.498,-0.088],"_shiftlockState":true,"_pose":"FreeFall","_animationQueue":[],"_animationSpeed":1,"_zoom":11.184},{"_mousePosition":[683,384],"_rootPartCFrame":[759.608,237.849,45.071,-0.5,0,0.866,0,1,0,-0.866,0,-0.5],"_humanoidState":8,"_cameraCFrame":[759.799,250.363,42.463,-0.692,-0.711,0.125,0,0.174,0.985,-0.722,0.681,-0.12],"_shiftlockState":true,"_pose":"Standing","_animationQueue":[["fall",0.3],["idle",0.1]],"_animationSpeed":1,"_zoom":11.184},{"_mousePosition":[683,384],"_rootPartCFrame":[759.608,238.722,45.07,-0.69,0,0.724,0,1,0,-0.724,0,-0.69],"_humanoidState":3,"_cameraCFrame":[759.6,251.168,42.183,-0.797,-0.591,0.124,0,0.205,0.979,-0.604,0.78,-0.164],"_shiftlockState":true,"_pose":"Jumping","_animationQueue":[["walk",0.1],["jump",0.1]],"_animationSpeed":1,"_zoom":11.184},{"_mousePosition":[683,384],"_rootPartCFrame":[759.608,239.544,45.07,-0.796,0,0.605,0,1,0,-0.605,0,-0.796],"_humanoidState":5,"_cameraCFrame":[759.14,251.973,42.157,-0.889,-0.448,0.097,0,0.212,0.977,-0.458,0.869,-0.189],"_shiftlockState":true,"_pose":"FreeFall","_animationQueue":[["jump",0.1]],"_animationSpeed":1,"_zoom":11.184},{"_mousePosition":[683,384],"_rootPartCFrame":[759.608,240.312,45.07,-0.889,0,0.458,0,1,0,-0.458,0,-0.889],"_humanoidState":5,"_cameraCFrame":[758.727,252.705,42.119,-0.951,-0.301,0.07,0,0.227,0.974,-0.309,0.926,-0.215],"_shiftlockState":true,"_pose":"FreeFall","_animationQueue":[],"_animationSpeed":1,"_zoom":11.184},{"_mousePosition":[683,384],"_rootPartCFrame":[759.608,241.025,45.07,-0.951,0,0.309,0,1,0,-0.309,0,-0.951],"_humanoidState":5,"_cameraCFrame":[758.391,253.34,41.956,-0.984,-0.172,0.045,0,0.255,0.967,-0.177,0.952,-0.251],"_shiftlockState":true,"_pose":"FreeFall","_animationQueue":[],"_animationSpeed":1,"_zoom":11.184},{"_mousePosition":[683,384],"_rootPartCFrame":[759.608,241.683,45.07,-0.984,0,0.177,0,1,0,-0.177,0,-0.984],"_humanoidState":5,"_cameraCFrame":[758.179,253.956,41.899,-0.995,-0.1,0.028,0,0.269,0.963,-0.104,0.958,-0.267],"_shiftlockState":true,"_pose":"FreeFall","_animationQueue":[],"_animationSpeed":1,"_zoom":11.184},{"_mousePosition":[683,384],"_rootPartCFrame":[759.608,242.287,45.07,-0.995,0,0.104,0,1,0,-0.104,0,-0.995],"_humanoidState":5,"_cameraCFrame":[758.052,254.538,41.884,-0.998,-0.06,0.017,0,0.276,0.961,-0.062,0.959,-0.275],"_shiftlockState":true,"_pose":"FreeFall","_animationQueue":[],"_animationSpeed":1,"_zoom":11.184},{"_mousePosition":[683,384],"_rootPartCFrame":[759.608,242.837,45.07,-0.998,0,0.062,0,1,0,-0.062,0,-0.998],"_humanoidState":5,"_cameraCFrame":[757.938,255.034,41.763,-1,-0.023,0.007,0,0.292,0.956,-0.024,0.956,-0.292],"_shiftlockState":true,"_pose":"FreeFall","_animationQueue":[],"_animationSpeed":1,"_zoom":11.184},{"_mousePosition":[683,384],"_rootPartCFrame":[759.605,243.447,45.108,-1,0,-0.01,0,1,0,0.01,0,-1],"_humanoidState":5,"_cameraCFrame":[757.821,255.576,41.645,-1,0.009,-0.003,0,0.311,0.95,0.01,0.95,-0.311],"_shiftlockState":true,"_pose":"FreeFall","_animationQueue":[["climb",0.1],["fall",0.3]],"_animationSpeed":1,"_zoom":11.184},{"_mousePosition":[683,384],"_rootPartCFrame":[759.604,243.674,45.133,-1,0,-0.008,0,1,0,0.008,0,-1],"_humanoidState":12,"_cameraCFrame":[757.82,255.803,41.67,-1,0.009,-0.003,0,0.311,0.95,0.01,0.95,-0.311],"_shiftlockState":true,"_pose":"Climbing","_animationQueue":[["walk",0.1],["fall",0.3],["climb",0.1]],"_animationSpeed":2.305,"_zoom":11.184},{"_mousePosition":[683,384],"_rootPartCFrame":[759.604,243.861,45.134,-1,0,-0.009,0,1,0,0.009,0,-1],"_humanoidState":12,"_cameraCFrame":[757.82,255.99,41.672,-1,0.009,-0.003,0,0.311,0.95,0.01,0.95,-0.311],"_shiftlockState":true,"_pose":"Climbing","_animationQueue":[["climb",0.1]],"_animationSpeed":0.96,"_zoom":11.184},{"_mousePosition":[683,384],"_rootPartCFrame":[759.604,244.048,45.134,-1,0,-0.01,0,1,0,0.01,0,-1],"_humanoidState":12,"_cameraCFrame":[757.82,256.177,41.672,-1,0.009,-0.003,0,0.311,0.95,0.01,0.95,-0.311],"_shiftlockState":true,"_pose":"Climbing","_animationQueue":[],"_animationSpeed":0.96,"_zoom":11.184},{"_mousePosition":[683,384],"_rootPartCFrame":[759.604,244.235,45.134,-1,0,-0.01,0,1,0,0.01,0,-1],"_humanoidState":12,"_cameraCFrame":[757.82,256.364,41.672,-1,0.009,-0.003,0,0.311,0.95,0.01,0.95,-0.311],"_shiftlockState":true,"_pose":"Climbing","_animationQueue":[],"_animationSpeed":0.96,"_zoom":11.184},{"_mousePosition":[683,384],"_rootPartCFrame":[759.604,244.421,45.134,-1,0,-0.01,0,1,0,0.01,0,-1],"_humanoidState":12,"_cameraCFrame":[757.82,256.55,41.672,-1,0.009,-0.003,0,0.311,0.95,0.01,0.95,-0.311],"_shiftlockState":true,"_pose":"Climbing","_animationQueue":[],"_animationSpeed":0.96,"_zoom":11.184},{"_mousePosition":[683,384],"_rootPartCFrame":[759.604,244.608,45.134,-1,0,-0.01,0,1,0,0.01,0,-1],"_humanoidState":12,"_cameraCFrame":[757.82,256.737,41.672,-1,0.009,-0.003,0,0.311,0.95,0.01,0.95,-0.311],"_shiftlockState":true,"_pose":"Climbing","_animationQueue":[],"_animationSpeed":0.96,"_zoom":11.184},{"_mousePosition":[683,384],"_rootPartCFrame":[759.604,244.795,45.134,-1,0,-0.01,0,1,0,0.01,0,-1],"_humanoidState":12,"_cameraCFrame":[757.82,256.924,41.672,-1,0.009,-0.003,0,0.311,0.95,0.01,0.95,-0.311],"_shiftlockState":true,"_pose":"Climbing","_animationQueue":[],"_animationSpeed":0.96,"_zoom":11.184},{"_mousePosition":[683,384],"_rootPartCFrame":[759.604,244.981,45.134,-1,0,-0.01,0,1,0,0.01,0,-1],"_humanoidState":12,"_cameraCFrame":[757.824,257.11,41.67,-1,0.008,-0.003,0,0.311,0.95,0.009,0.95,-0.311],"_shiftlockState":true,"_pose":"Climbing","_animationQueue":[],"_animationSpeed":0.96,"_zoom":11.184},{"_mousePosition":[683,384],"_rootPartCFrame":[759.604,245.168,45.134,-1,0,-0.009,0,1,0,0.009,0,-1],"_humanoidState":12,"_cameraCFrame":[757.835,257.294,41.656,-1,0.005,-0.002,0,0.312,0.95,0.005,0.95,-0.312],"_shiftlockState":true,"_pose":"Climbing","_animationQueue":[],"_animationSpeed":0.96,"_zoom":11.184},{"_mousePosition":[683,384],"_rootPartCFrame":[759.604,245.355,45.134,-1,0,-0.005,0,1,0,0.005,0,-1],"_humanoidState":12,"_cameraCFrame":[757.842,257.481,41.652,-1,0.003,-0.001,0,0.312,0.95,0.003,0.95,-0.312],"_shiftlockState":true,"_pose":"Climbing","_animationQueue":[],"_animationSpeed":0.96,"_zoom":11.184},{"_mousePosition":[683,384],"_rootPartCFrame":[759.604,245.541,45.134,-1,0,-0.003,0,1,0,0.003,0,-1],"_humanoidState":12,"_cameraCFrame":[757.849,257.665,41.64,-1,0.001,0,0,0.313,0.95,0.001,0.95,-0.313],"_shiftlockState":true,"_pose":"Climbing","_animationQueue":[],"_animationSpeed":0.96,"_zoom":11.184},{"_mousePosition":[683,384],"_rootPartCFrame":[759.604,245.728,45.134,-1,0,-0.001,0,1,0,0.001,0,-1],"_humanoidState":12,"_cameraCFrame":[757.853,257.851,41.638,-1,0,0,0,0.313,0.95,0,0.95,-0.313],"_shiftlockState":true,"_pose":"Climbing","_animationQueue":[],"_animationSpeed":0.96,"_zoom":11.184},{"_mousePosition":[683,384],"_rootPartCFrame":[759.604,245.915,45.134,-1,0,0,0,1,0,0,0,-1],"_humanoidState":12,"_cameraCFrame":[757.857,258.038,41.636,-1,-0.001,0,0,0.313,0.95,-0.001,0.95,-0.313],"_shiftlockState":true,"_pose":"Climbing","_animationQueue":[],"_animationSpeed":0.96,"_zoom":11.184},{"_mousePosition":[683,384],"_rootPartCFrame":[759.604,246.101,45.134,-1,0,0.001,0,1,0,-0.001,0,-1],"_humanoidState":12,"_cameraCFrame":[757.857,258.225,41.636,-1,-0.001,0,0,0.313,0.95,-0.001,0.95,-0.313],"_shiftlockState":true,"_pose":"Climbing","_animationQueue":[],"_animationSpeed":0.96,"_zoom":11.184},{"_mousePosition":[683,384],"_rootPartCFrame":[759.604,246.288,45.134,-1,0,0.001,0,1,0,-0.001,0,-1],"_humanoidState":12,"_cameraCFrame":[757.86,258.411,41.634,-1,-0.002,0.001,0,0.313,0.95,-0.002,0.95,-0.313],"_shiftlockState":true,"_pose":"Climbing","_animationQueue":[],"_animationSpeed":0.96,"_zoom":11.184},{"_mousePosition":[683,384],"_rootPartCFrame":[759.604,246.475,45.134,-1,0,0.002,0,1,0,-0.002,0,-1],"_humanoidState":12,"_cameraCFrame":[757.864,258.598,41.632,-1,-0.003,0.001,0,0.313,0.95,-0.003,0.95,-0.313],"_shiftlockState":true,"_pose":"Climbing","_animationQueue":[],"_animationSpeed":0.96,"_zoom":11.184},{"_mousePosition":[683,384],"_rootPartCFrame":[759.604,246.661,45.134,-1,0,0.003,0,1,0,-0.003,0,-1],"_humanoidState":12,"_cameraCFrame":[757.868,258.784,41.63,-1,-0.004,0.001,0,0.313,0.95,-0.004,0.95,-0.313],"_shiftlockState":true,"_pose":"Climbing","_animationQueue":[],"_animationSpeed":0.96,"_zoom":11.184},{"_mousePosition":[683,384],"_rootPartCFrame":[759.604,246.848,45.134,-1,0,0.004,0,1,0,-0.004,0,-1],"_humanoidState":12,"_cameraCFrame":[757.871,258.971,41.629,-1,-0.005,0.002,0,0.313,0.95,-0.005,0.95,-0.313],"_shiftlockState":true,"_pose":"Climbing","_animationQueue":[],"_animationSpeed":0.96,"_zoom":11.184},{"_mousePosition":[683,384],"_rootPartCFrame":[759.604,247,45.159,-1,0,0.005,0,1,0,-0.005,0,-1],"_humanoidState":8,"_cameraCFrame":[757.875,259.124,41.652,-1,-0.006,0.002,0,0.313,0.95,-0.006,0.95,-0.313],"_shiftlockState":true,"_pose":"Standing","_animationQueue":[["climb",0.1],["idle",0.1],["idle",0.1]],"_animationSpeed":1,"_zoom":11.184},{"_mousePosition":[683,384],"_rootPartCFrame":[759.604,247.099,45.224,-1,0,0.006,0,1,0,-0.006,0,-1],"_humanoidState":5,"_cameraCFrame":[757.879,259.222,41.714,-1,-0.007,0.002,0,0.313,0.95,-0.007,0.95,-0.313],"_shiftlockState":true,"_pose":"FreeFall","_animationQueue":[["walk",0.1],["fall",0.3]],"_animationSpeed":1,"_zoom":11.184},{"_mousePosition":[683,384],"_rootPartCFrame":[759.603,247.142,45.328,-1,0,0.007,0,1,0,-0.007,0,-1],"_humanoidState":5,"_cameraCFrame":[757.882,259.263,41.808,-1,-0.008,0.003,0,0.313,0.95,-0.008,0.95,-0.313],"_shiftlockState":true,"_pose":"FreeFall","_animationQueue":[],"_animationSpeed":1,"_zoom":11.184},{"_mousePosition":[683,384],"_rootPartCFrame":[759.602,247.131,45.472,-1,0,0.008,0,1,0,-0.008,0,-1],"_humanoidState":5,"_cameraCFrame":[757.881,259.252,41.952,-1,-0.008,0.003,0,0.313,0.95,-0.008,0.95,-0.313],"_shiftlockState":true,"_pose":"FreeFall","_animationQueue":[],"_animationSpeed":1,"_zoom":11.184},{"_mousePosition":[683,384],"_rootPartCFrame":[759.601,247.066,45.656,-1,0,0.008,0,1,0,-0.008,0,-1],"_humanoidState":5,"_cameraCFrame":[757.88,259.186,42.136,-1,-0.008,0.003,0,0.313,0.95,-0.008,0.95,-0.313],"_shiftlockState":true,"_pose":"FreeFall","_animationQueue":[],"_animationSpeed":1,"_zoom":11.184},{"_mousePosition":[683,384],"_rootPartCFrame":[759.602,247.038,45.571,-1,0,0.008,0,1,0,-0.008,0,-1],"_humanoidState":5,"_cameraCFrame":[757.881,259.159,42.052,-1,-0.008,0.003,0,0.313,0.95,-0.008,0.95,-0.313],"_shiftlockState":true,"_pose":"FreeFall","_animationQueue":[["fall",0.3]],"_animationSpeed":1,"_zoom":11.184},{"_mousePosition":[683,384],"_rootPartCFrame":[759.603,246.956,45.526,-0.684,0,0.73,0,1,0,-0.73,0,-0.684],"_humanoidState":7,"_cameraCFrame":[760.464,259.266,42.28,-0.691,-0.698,0.185,0,0.256,0.967,-0.723,0.668,-0.177],"_shiftlockState":true,"_pose":"FreeFall","_animationQueue":[["fall",0.3],["walk",0.1],["fall",0.3],["fall",0.3]],"_animationSpeed":1,"_zoom":11.184},{"_mousePosition":[683,384],"_rootPartCFrame":[759.75,247.007,45.18,-0.702,0.001,0.712,0,1,-0.002,-0.712,-0.001,-0.702],"_humanoidState":7,"_cameraCFrame":[760.547,259.327,41.945,-0.7,-0.691,0.181,0,0.253,0.967,-0.714,0.678,-0.177],"_shiftlockState":true,"_pose":"FreeFall","_animationQueue":[["fall",0.3]],"_animationSpeed":1,"_zoom":11.184},{"_mousePosition":[683,384],"_rootPartCFrame":[759.619,247.058,45.025,-0.701,0,0.714,0,1,0,-0.714,0,-0.701],"_humanoidState":8,"_cameraCFrame":[760.336,259.387,41.805,-0.712,-0.68,0.176,0,0.25,0.968,-0.702,0.69,-0.178],"_shiftlockState":true,"_pose":"Running","_animationQueue":[["walk",0.1],["fall",0.3],["walk",0.1]],"_animationSpeed":0.938,"_zoom":11.184},{"_mousePosition":[683,384],"_rootPartCFrame":[759.493,247.921,44.887,-0.712,-0.001,0.702,0,1,0.001,-0.702,0.001,-0.712],"_humanoidState":3,"_cameraCFrame":[760.121,260.259,41.679,-0.726,-0.666,0.17,0,0.247,0.969,-0.688,0.704,-0.179],"_shiftlockState":true,"_pose":"Jumping","_animationQueue":[["walk",0.1],["jump",0.1]],"_animationSpeed":1,"_zoom":11.184},{"_mousePosition":[683,384],"_rootPartCFrame":[759.348,248.73,44.733,-0.66,0,0.751,0,1,0.001,-0.751,0,-0.66],"_humanoidState":5,"_cameraCFrame":[759.884,261.074,41.531,-0.742,-0.65,0.164,0,0.245,0.97,-0.671,0.719,-0.181],"_shiftlockState":true,"_pose":"FreeFall","_animationQueue":[["jump",0.1]],"_animationSpeed":1,"_zoom":11.184},{"_mousePosition":[683,384],"_rootPartCFrame":[759.17,249.483,44.559,-0.65,0,0.76,0,1,0,-0.76,0,-0.65],"_humanoidState":5,"_cameraCFrame":[759.584,261.832,41.353,-0.764,-0.625,0.157,0,0.243,0.97,-0.645,0.742,-0.186],"_shiftlockState":true,"_pose":"FreeFall","_animationQueue":[],"_animationSpeed":1,"_zoom":11.184},{"_mousePosition":[683,384],"_rootPartCFrame":[758.973,250.183,44.379,-0.672,0,0.74,0,1,0,-0.74,0,-0.672],"_humanoidState":5,"_cameraCFrame":[759.261,262.534,41.167,-0.788,-0.597,0.149,0,0.242,0.97,-0.615,0.765,-0.191],"_shiftlockState":true,"_pose":"FreeFall","_animationQueue":[],"_animationSpeed":1,"_zoom":11.184},{"_mousePosition":[683,384],"_rootPartCFrame":[758.77,250.828,44.206,-0.699,0,0.715,0,1,0,-0.715,0,-0.699],"_humanoidState":5,"_cameraCFrame":[758