[{"_mousePosition":[1226,404],"_rootPartCFrame":[776.024,222.974,47.142,0.004,0.004,1,0,1,-0.004,-1,0,0.004],"_humanoidState":8,"_cameraCFrame":[776.03,235.648,37.934,-1,0,0,0,0.636,0.772,0,0.772,-0.636],"_shiftlockState":false,"_pose":"Standing","_animationQueue":[],"_animationSpeed":1,"_zoom":14.479},{"_mousePosition":[1226,404],"_rootPartCFrame":[775.777,222.846,47.142,0.003,0.001,1,0,1,-0.001,-1,0,0.003],"_humanoidState":8,"_cameraCFrame":[775.778,235.52,37.934,-1,0,0,0,0.636,0.772,0,0.772,-0.636],"_shiftlockState":false,"_pose":"Standing","_animationQueue":[],"_animationSpeed":1,"_zoom":14.479},{"_mousePosition":[1226,404],"_rootPartCFrame":[775.511,222.677,47.142,0.003,0,1,0,1,0,-1,0,0.003],"_humanoidState":8,"_cameraCFrame":[775.511,235.351,37.934,-1,0,0,0,0.636,0.772,0,0.772,-0.636],"_shiftlockState":false,"_pose":"Running","_animationQueue":[["walk",0.1]],"_animationSpeed":1.065,"_zoom":14.479},{"_mousePosition":[1226,404],"_rootPartCFrame":[775.245,222.655,47.142,0.003,0,1,0,1,0,-1,0,0.003],"_humanoidState":8,"_cameraCFrame":[775.244,235.328,37.934,-1,0,0,0,0.636,0.772,0,0.772,-0.636],"_shiftlockState":false,"_pose":"Running","_animationQueue":[],"_animationSpeed":1.065,"_zoom":14.479},{"_mousePosition":[1226,404],"_rootPartCFrame":[774.978,222.67,47.142,0.002,0,1,0,1,0,-1,0,0.002],"_humanoidState":8,"_cameraCFrame":[774.978,235.344,37.934,-1,0,0,0,0.636,0.772,0,0.772,-0.636],"_shiftlockState":false,"_pose":"Running","_animationQueue":[],"_animationSpeed":1.065,"_zoom":14.479},{"_mousePosition":[1226,404],"_rootPartCFrame":[774.711,222.683,47.142,0.002,0,1,0,1,0,-1,0,0.002],"_humanoidState":8,"_cameraCFrame":[774.711,235.357,37.934,-1,0,0,0,0.636,0.772,0,0.772,-0.636],"_shiftlockState":false,"_pose":"Running","_animationQueue":[],"_animationSpeed":1.065,"_zoom":14.479},{"_mousePosition":[1226,404],"_rootPartCFrame":[774.444,222.691,47.142,0.002,0,1,0,1,0,-1,0,0.002],"_humanoidState":8,"_cameraCFrame":[774.444,235.364,37.934,-1,0,0,0,0.636,0.772,0,0.772,-0.636],"_shiftlockState":false,"_pose":"Running","_animationQueue":[],"_animationSpeed":1.065,"_zoom":14.479},{"_mousePosition":[1226,404],"_rootPartCFrame":[774.178,222.695,47.142,0.001,0,1,0,1,0,-1,0,0.001],"_humanoidState":8,"_cameraCFrame":[774.178,235.368,37.934,-1,0,0,0,0.636,0.772,0,0.772,-0.636],"_shiftlockState":false,"_pose":"Running","_animationQueue":[],"_animationSpeed":1.065,"_zoom":14.479},{"_mousePosition":[1226,404],"_rootPartCFrame":[773.911,222.697,47.142,0.001,0,1,0,1,0,-1,0,0.001],"_humanoidState":8,"_cameraCFrame":[772.161,235.371,37.934,-1,0,0,0,0.636,0.772,0,0.772,-0.636],"_shiftlockState":true,"_pose":"Running","_animationQueue":[["walk",0.1]],"_animationSpeed":1.065,"_zoom":14.479},{"_mousePosition":[683,384],"_rootPartCFrame":[773.644,222.698,47.142,-0.996,0,-0.094,0,1,0,0.094,0,-0.996],"_humanoidState":8,"_cameraCFrame":[771.894,235.372,37.934,-1,0,0,0,0.636,0.772,0,0.772,-0.636],"_shiftlockState":true,"_pose":"Running","_animationQueue":[],"_animationSpeed":1.065,"_zoom":14.479},{"_mousePosition":[683,384],"_rootPartCFrame":[773.378,222.699,47.142,-1,0,-0.01,0,1,0,0.01,0,-1],"_humanoidState":8,"_cameraCFrame":[771.628,235.373,37.934,-1,0,0,0,0.636,0.772,0,0.772,-0.636],"_shiftlockState":true,"_pose":"Running","_animationQueue":[],"_animationSpeed":1.065,"_zoom":14.479},{"_mousePosition":[683,384],"_rootPartCFrame":[773.111,222.699,47.142,-1,0,0,0,1,0,0,0,-1],"_humanoidState":8,"_cameraCFrame":[771.361,235.373,37.934,-1,0,0,0,0.636,0.772,0,0.772,-0.636],"_shiftlockState":true,"_pose":"Running","_animationQueue":[],"_animationSpeed":1.065,"_zoom":14.479},{"_mousePosition":[683,384],"_rootPartCFrame":[772.844,222.699,47.142,-1,0,0,0,1,0,0,0,-1],"_humanoidState":8,"_cameraCFrame":[771.094,235.373,37.934,-1,0,0,0,0.636,0.772,0,0.772,-0.636],"_shiftlockState":true,"_pose":"Running","_animationQueue":[],"_animationSpeed":1.065,"_zoom":14.479},{"_mousePosition":[683,384],"_rootPartCFrame":[772.577,222.7,47.142,-1,0,0,0,1,0,0,0,-1],"_humanoidState":8,"_cameraCFrame":[770.827,235.373,37.934,-1,0,0,0,0.636,0.772,0,0.772,-0.636],"_shiftlockState":true,"_pose":"Running","_animationQueue":[],"_animationSpeed":1.065,"_zoom":14.479},{"_mousePosition":[683,384],"_rootPartCFrame":[772.374,222.7,46.99,-1,0,0,0,1,0,0,0,-1],"_humanoidState":8,"_cameraCFrame":[770.624,235.373,37.782,-1,0,0,0,0.636,0.772,0,0.772,-0.636],"_shiftlockState":true,"_pose":"Running","_animationQueue":[["walk",0.1]],"_animationSpeed":1.065,"_zoom":14.479},{"_mousePosition":[683,384],"_rootPartCFrame":[772.185,222.7,46.802,-1,0,0,0,1,0,0,0,-1],"_humanoidState":8,"_cameraCFrame":[770.435,235.373,37.594,-1,0,0,0,0.636,0.772,0,0.772,-0.636],"_shiftlockState":true,"_pose":"Running","_animationQueue":[],"_animationSpeed":1.065,"_zoom":14.479},{"_mousePosition":[683,384],"_rootPartCFrame":[771.996,222.7,46.614,-1,0,0,0,1,0,0,0,-1],"_humanoidState":8,"_cameraCFrame":[770.246,235.373,37.405,-1,0,0,0,0.636,0.772,0,0.772,-0.636],"_shiftlockState":true,"_pose":"Running","_animationQueue":[],"_animationSpeed":1.065,"_zoom":14.479},{"_mousePosition":[683,384],"_rootPartCFrame":[771.808,222.7,46.425,-1,0,0,0,1,0,0,0,-1],"_humanoidState":8,"_cameraCFrame":[770.058,235.373,37.217,-1,0,0,0,0.636,0.772,0,0.772,-0.636],"_shiftlockState":true,"_pose":"Running","_animationQueue":[],"_animationSpeed":1.065,"_zoom":14.479},{"_mousePosition":[683,384],"_rootPartCFrame":[771.619,222.7,46.236,-1,0,0,0,1,0,0,0,-1],"_humanoidState":8,"_cameraCFrame":[769.869,235.373,37.028,-1,0,0,0,0.636,0.772,0,0.772,-0.636],"_shiftlockState":true,"_pose":"Running","_animationQueue":[],"_animationSpeed":1.065,"_zoom":14.479},{"_mousePosition":[683,384],"_rootPartCFrame":[771.43,222.7,46.048,-1,0,0,0,1,0,0,0,-1],"_humanoidState":8,"_cameraCFrame":[769.68,235.373,36.84,-1,0,0,0,0.636,0.772,0,0.772,-0.636],"_shiftlockState":true,"_pose":"Running","_animationQueue":[],"_animationSpeed":1.065,"_zoom":14.479},{"_mousePosition":[683,384],"_rootPartCFrame":[771.242,222.7,45.859,-1,0,0,0,1,0,0,0,-1],"_humanoidState":8,"_cameraCFrame":[769.492,235.373,36.651,-1,0,0,0,0.636,0.772,0,0.772,-0.636],"_shiftlockState":true,"_pose":"Running","_animationQueue":[],"_animationSpeed":1.065,"_zoom":14.479},{"_mousePosition":[683,384],"_rootPartCFrame":[771.053,222.7,45.671,-1,0,0,0,1,0,0,0,-1],"_humanoidState":8,"_cameraCFrame":[769.303,235.373,36.463,-1,0,0,0,0.636,0.772,0,0.772,-0.636],"_shiftlockState":true,"_pose":"Running","_animationQueue":[["walk",0.1]],"_animationSpeed":1.065,"_zoom":14.479},{"_mousePosition":[683,384],"_rootPartCFrame":[770.802,222.7,45.634,-1,0,0,0,1,0,0,0,-1],"_humanoidState":8,"_cameraCFrame":[769.052,235.373,36.426,-1,0,0,0,0.636,0.772,0,0.772,-0.636],"_shiftlockState":true,"_pose":"Running","_animationQueue":[],"_animationSpeed":1.065,"_zoom":14.479},{"_mousePosition":[683,384],"_rootPartCFrame":[770.535,222.7,45.634,-1,0,0,0,1,0,0,0,-1],"_humanoidState":8,"_cameraCFrame":[768.785,235.373,36.425,-1,0,0,0,0.636,0.772,0,0.772,-0.636],"_shiftlockState":true,"_pose":"Running","_animationQueue":[],"_animationSpeed":1.065,"_zoom":14.479},{"_mousePosition":[683,384],"_rootPartCFrame":[770.269,222.7,45.634,-1,0,0,0,1,0,0,0,-1],"_humanoidState":8,"_cameraCFrame":[768.519,235.373,36.425,-1,0,0,0,0.636,0.772,0,0.772,-0.636],"_shiftlockState":true,"_pose":"Running","_animationQueue":[],"_animationSpeed":1.065,"_zoom":14.479},{"_mousePosition":[683,384],"_rootPartCFrame":[770.002,223.563,45.634,-1,0,0,0,1,0,0,0,-1],"_humanoidState":3,"_cameraCFrame":[768.252,236.236,36.425,-1,0,0,0,0.636,0.772,0,0.772,-0.636],"_shiftlockState":true,"_pose":"Jumping","_animationQueue":[["walk",0.1],["jump",0.1]],"_animationSpeed":1,"_zoom":14.479},{"_mousePosition":[683,384],"_rootPartCFrame":[769.736,224.371,45.634,-0.996,0,0.092,0,1,0,-0.092,0,-0.996],"_humanoidState":5,"_cameraCFrame":[767.986,237.045,36.425,-1,0,0,0,0.636,0.772,0,0.772,-0.636],"_shiftlockState":true,"_pose":"FreeFall","_animationQueue":[["jump",0.1]],"_animationSpeed":1,"_zoom":14.479},{"_mousePosition":[683,384],"_rootPartCFrame":[769.469,225.125,45.634,-0.992,0,0.128,0,1,0,-0.128,0,-0.992],"_humanoidState":5,"_cameraCFrame":[767.719,237.799,36.425,-1,0,0,0,0.636,0.772,0,0.772,-0.636],"_shiftlockState":true,"_pose":"FreeFall","_animationQueue":[],"_animationSpeed":1,"_zoom":14.479},{"_mousePosition":[683,384],"_rootPartCFrame":[769.202,225.824,45.634,-0.991,0,0.132,0,1,0,-0.132,0,-0.991],"_humanoidState":5,"_cameraCFrame":[767.452,238.498,36.425,-1,0,0,0,0.636,0.772,0,0.772,-0.636],"_shiftlockState":true,"_pose":"FreeFall","_animationQueue":[],"_animationSpeed":1,"_zoom":14.479},{"_mousePosition":[683,384],"_rootPartCFrame":[768.936,226.469,45.634,-0.991,0,0.133,0,1,0,-0.133,0,-0.991],"_humanoidState":5,"_cameraCFrame":[767.186,239.143,36.425,-1,0,0,0,0.636,0.772,0,0.772,-0.636],"_shiftlockState":true,"_pose":"FreeFall","_animationQueue":[],"_animationSpeed":1,"_zoom":14.479},{"_mousePosition":[683,384],"_rootPartCFrame":[768.669,227.06,45.634,-0.991,0,0.133,0,1,0,-0.133,0,-0.991],"_humanoidState":5,"_cameraCFrame":[766.919,239.733,36.425,-1,0,0,0,0.636,0.772,0,0.772,-0.636],"_shiftlockState":true,"_pose":"FreeFall","_animationQueue":[],"_animationSpeed":1,"_zoom":14.479},{"_mousePosition":[683,384],"_rootPartCFrame":[768.403,227.595,45.634,-0.991,0,0.133,0,1,0,-0.133,0,-0.991],"_humanoidState":5,"_cameraCFrame":[766.653,240.269,36.425,-1,0,0,0,0.636,0.772,0,0.772,-0.636],"_shiftlockState":true,"_pose":"FreeFall","_animationQueue":[],"_animationSpeed":1,"_zoom":14.479},{"_mousePosition":[683,384],"_rootPartCFrame":[768.136,228.077,45.634,-0.991,0,0.133,0,1,0,-0.133,0,-0.991],"_humanoidState":5,"_cameraCFrame":[766.386,240.751,36.425,-1,0,0,0,0.636,0.772,0,0.772,-0.636],"_shiftlockState":true,"_pose":"FreeFall","_animationQueue":[],"_animationSpeed":1,"_zoom":14.479},{"_mousePosition":[683,384],"_rootPartCFrame":[767.869,228.504,45.634,-0.991,0,0.133,0,1,0,-0.133,0,-0.991],"_humanoidState":5,"_cameraCFrame":[766.119,241.177,36.425,-1,0,0,0,0.636,0.772,0,0.772,-0.636],"_shiftlockState":true,"_pose":"FreeFall","_animationQueue":[],"_animationSpeed":1,"_zoom":14.479},{"_mousePosition":[683,384],"_rootPartCFrame":[767.603,228.876,45.634,-0.991,0,0.133,0,1,0,-0.133,0,-0.991],"_humanoidState":5,"_cameraCFrame":[765.853,241.55,36.425,-1,0,0,0,0.636,0.772,0,0.772,-0.636],"_shiftlockState":true,"_pose":"FreeFall","_animationQueue":[],"_animationSpeed":1,"_zoom":14.479},{"_mousePosition":[683,384],"_rootPartCFrame":[767.336,229.194,45.634,-0.991,0,0.133,0,1,0,-0.133,0,-0.991],"_humanoidState":5,"_cameraCFrame":[765.586,241.868,36.425,-1,0,0,0,0.636,0.772,0,0.772,-0.636],"_shiftlockState":true,"_pose":"FreeFall","_animationQueue":[],"_animationSpeed":1,"_zoom":14.479},{"_mousePosition":[683,384],"_rootPartCFrame":[767.07,229.457,45.634,-0.991,0,0.133,0,1,0,-0.133,0,-0.991],"_humanoidState":5,"_cameraCFrame":[765.32,242.131,36.425,-1,0,0,0,0.636,0.772,0,0.772,-0.636],"_shiftlockState":true,"_pose":"FreeFall","_animationQueue":[],"_animationSpeed":1,"_zoom":14.479},{"_mousePosition":[683,384],"_rootPartCFrame":[766.803,229.666,45.634,-0.991,0,0.133,0,1,0,-0.133,0,-0.991],"_humanoidState":5,"_cameraCFrame":[765.053,242.34,36.425,-1,0,0,0,0.636,0.772,0,0.772,-0.636],"_shiftlockState":true,"_pose":"FreeFall","_animationQueue":[],"_animationSpeed":1,"_zoom":14.479},{"_mousePosition":[683,384],"_rootPartCFrame":[766.536,229.821,45.634,-0.991,0,0.133,0,1,0,-0.133,0,-0.991],"_humanoidState":5,"_cameraCFrame":[764.786,242.494,36.425,-1,0,0,0,0.636,0.772,0,0.772,-0.636],"_shiftlockState":true,"_pose":"FreeFall","_animationQueue":[],"_animationSpeed":1,"_zoom":14.479},{"_mousePosition":[683,384],"_rootPartCFrame":[766.27,229.921,45.634,-0.991,0,0.133,0,1,0,-0.133,0,-0.991],"_humanoidState":5,"_cameraCFrame":[764.52,242.594,36.425,-1,0,0,0,0.636,0.772,0,0.772,-0.636],"_shiftlockState":true,"_pose":"FreeFall","_animationQueue":[],"_animationSpeed":1,"_zoom":14.479},{"_mousePosition":[683,384],"_rootPartCFrame":[766.07,229.96,45.634,-0.995,0,0.1,0,1,0,-0.1,0,-0.995],"_humanoidState":5,"_cameraCFrame":[764.32,242.633,36.425,-1,0,0,0,0.636,0.772,0,0.772,-0.636],"_shiftlockState":true,"_pose":"FreeFall","_animationQueue":[["fall",0.3]],"_animationSpeed":1,"_zoom":14.479},{"_mousePosition":[683,384],"_rootPartCFrame":[765.737,229.957,45.634,-0.986,0,0.166,0,1,0,-0.166,0,-0.986],"_humanoidState":5,"_cameraCFrame":[763.987,242.631,36.425,-1,0,0,0,0.636,0.772,0,0.772,-0.636],"_shiftlockState":true,"_pose":"FreeFall","_animationQueue":[],"_animationSpeed":1,"_zoom":14.479},{"_mousePosition":[683,384],"_rootPartCFrame":[765.473,229.894,45.611,-0.992,0,0.129,0,1,-0.002,-0.129,-0.002,-0.992],"_humanoidState":5,"_cameraCFrame":[763.724,242.568,36.4,-1,0,0,0,0.636,0.772,0,0.772,-0.636],"_shiftlockState":true,"_pose":"FreeFall","_animationQueue":[],"_animationSpeed":1,"_zoom":14.479},{"_mousePosition":[683,384],"_rootPartCFrame":[765.224,229.778,45.562,-0.994,0.001,0.109,0,1,-0.002,-0.109,-0.002,-0.994],"_humanoidState":5,"_cameraCFrame":[763.475,242.452,36.351,-1,0,0,0,0.636,0.772,0,0.772,-0.636],"_shiftlockState":true,"_pose":"FreeFall","_animationQueue":[],"_animationSpeed":1,"_zoom":14.479},{"_mousePosition":[683,384],"_rootPartCFrame":[764.984,229.608,45.553,-0.994,0,0.105,0,1,-0.001,-0.105,-0.001,-0.994],"_humanoidState":5,"_cameraCFrame":[763.235,242.282,36.343,-1,0,0,0,0.636,0.772,0,0.772,-0.636],"_shiftlockState":true,"_pose":"FreeFall","_animationQueue":[],"_animationSpeed":1,"_zoom":14.479},{"_mousePosition":[683,384],"_rootPartCFrame":[764.688,229.386,45.543,-0.996,0,0.087,-0.001,1,-0.016,-0.087,-0.016,-0.996],"_humanoidState":5,"_cameraCFrame":[762.939,242.06,36.31,-1,0,0,0,0.636,0.772,0,0.772,-0.636],"_shiftlockState":true,"_pose":"FreeFall","_animationQueue":[],"_animationSpeed":1,"_zoom":14.479},{"_mousePosition":[683,384],"_rootPartCFrame":[764.514,229.191,45.525,-0.998,0.002,0.057,0,1,-0.026,-0.057,-0.026,-0.998],"_humanoidState":5,"_cameraCFrame":[762.767,241.865,36.278,-1,0,0,0,0.636,0.772,0,0.772,-0.636],"_shiftlockState":true,"_pose":"FreeFall","_animationQueue":[["fall",0.3]],"_animationSpeed":1,"_zoom":14.479},{"_mousePosition":[683,384],"_rootPartCFrame":[764.232,228.799,45.552,-0.992,0,0.126,-0.001,1,-0.009,-0.126,-0.009,-0.992],"_humanoidState":5,"_cameraCFrame":[762.483,241.472,36.331,-1,0,0,0,0.636,0.772,0,0.772,-0.636],"_shiftlockState":true,"_pose":"FreeFall","_animationQueue":[],"_animationSpeed":1,"_zoom":14.479},{"_mousePosition":[683,384],"_rootPartCFrame":[764.016,228.423,45.616,-0.995,-0.001,0.104,-0.001,1,-0.001,-0.104,-0.002,-0.995],"_humanoidState":5,"_cameraCFrame":[762.265,241.096,36.406,-1,0,0,0,0.636,0.772,0,0.772,-0.636],"_shiftlockState":true,"_pose":"FreeFall","_animationQueue":[],"_animationSpeed":1,"_zoom":14.479},{"_mousePosition":[683,384],"_rootPartCFrame":[763.86,228.105,45.688,-0.997,-0.001,0.078,-0.001,1,0,-0.078,0,-0.997],"_humanoidState":5,"_cameraCFrame":[762.109,240.779,36.481,-1,0,0,0,0.636,0.772,0,0.772,-0.636],"_shiftlockState":true,"_pose":"FreeFall","_animationQueue":[],"_animationSpeed":1,"_zoom":14.479},{"_mousePosition":[683,384],"_rootPartCFrame":[763.61,227.508,45.857,-0.991,0,0.13,0,1,0,-0.13,0,-0.991],"_humanoidState":5,"_cameraCFrame":[761.86,240.182,36.649,-1,0,0,0,0.636,0.772,0,0.772,-0.636],"_shiftlockState":true,"_pose":"FreeFall","_animationQueue":[],"_animationSpeed":1,"_zoom":14.479},{"_mousePosition":[683,384],"_rootPartCFrame":[763.419,226.969,46.033,-0.995,0,0.104,0,1,0,-0.104,0,-0.995],"_humanoidState":5,"_cameraCFrame":[761.669,239.642,36.825,-1,0,0,0,0.636,0.772,0,0.772,-0.636],"_shiftlockState":true,"_pose":"FreeFall","_animationQueue":[],"_animationSpeed":1,"_zoom":14.479},{"_mousePosition":[683,384],"_rootPartCFrame":[763.207,226.402,46.07,-1,-0.006,0.019,-0.006,0.999,-0.035,-0.019,-0.035,-0.999],"_humanoidState":5,"_cameraCFrame":[761.448,239.074,36.81,-1,0,0,0,0.636,0.772,0,0.772,-0.636],"_shiftlockState":true,"_pose":"FreeFall","_animationQueue":[["fall",0.3]],"_animationSpeed":1,"_zoom":14.479},{"_mousePosition":[683,384],"_rootPartCFrame":[762.985,225.801,46.058,-0.998,-0.007,0.064,-0.008,1,-0.014,-0.064,-0.014,-0.998],"_humanoidState":5,"_cameraCFrame":[761.225,238.474,36.828,-1,0,0,0,0.636,0.772,0,0.772,-0.636],"_shiftlockState":true,"_pose":"FreeFall","_animationQueue":[],"_animationSpeed":1,"_zoom":14.479},{"_mousePosition":[683,384],"_rootPartCFrame":[762.751,225.155,46.013,-0.997,-0.005,0.081,-0.005,1,-0.008,-0.081,-0.008,-0.997],"_humanoidState":5,"_cameraCFrame":[768.018,237.828,38.252,-0.707,-0.546,0.45,0,0.636,0.772,-0.707,0.546,-0.45],"_shiftlockState":true,"_pose":"FreeFall","_animationQueue":[],"_animationSpeed":1,"_zoom":14.479},{"_mousePosition":[683,384],"_rootPartCFrame":[762.57,225.738,45.489,-0.733,-0.004,0.68,-0.052,0.997,-0.05,-0.678,-0.072,-0.732],"_humanoidState":7,"_cameraCFrame":[767.838,238.408,37.633,-0.707,-0.546,0.45,0,0.636,0.772,-0.707,0.546,-0.45],"_shiftlockState":true,"_pose":"FreeFall","_animationQueue":[["walk",0.1],["fall",0.3],["fall",0.3]],"_animationSpeed":1,"_zoom":14.479},{"_mousePosition":[683,384],"_rootPartCFrame":[762.336,226.424,45.472,-0.68,-0.002,0.733,-0.006,1,-0.003,-0.733,-0.007,-0.68],"_humanoidState":7,"_cameraCFrame":[767.607,239.098,37.713,-0.707,-0.546,0.45,0,0.636,0.772,-0.707,0.546,-0.45],"_shiftlockState":true,"_pose":"FreeFall","_animationQueue":[],"_animationSpeed":1,"_zoom":14.479},{"_mousePosition":[683,384],"_rootPartCFrame":[762.121,227.055,45.453,-0.697,-0.001,0.717,0.009,1,0.009,-0.717,0.013,-0.697],"_humanoidState":8,"_cameraCFrame":[760.37,239.729,36.264,-1,0,0,0,0.636,0.772,0,0.772,-0.636],"_shiftlockState":true,"_pose":"Running","_animationQueue":[["walk",0.1],["fall",0.3],["walk",0.1]],"_animationSpeed":0.992,"_zoom":14.479},{"_mousePosition":[683,384],"_rootPartCFrame":[761.921,227.938,45.429,-1,0.01,0.005,0.01,1,0.008,-0.005,0.008,-1],"_humanoidState":3,"_cameraCFrame":[760.186,240.612,36.232,-1,0,0,0,0.636,0.772,0,0.772,-0.636],"_shiftlockState":true,"_pose":"Jumping","_animationQueue":[["walk",0.1],["jump",0.1]],"_animationSpeed":1,"_zoom":14.479},{"_mousePosition":[683,384],"_rootPartCFrame":[761.721,228.788,45.428,-0.997,0.005,0.074,0.006,1,0.003,-0.074,0.004,-0.997],"_humanoidState":5,"_cameraCFrame":[759.979,241.461,36.226,-1,0,0,0,0.636,0.772,0,0.772,-0.636],"_shiftlockState":true,"_pose":"FreeFall","_animationQueue":[["jump",0.1]],"_animationSpeed":1,"_zoom":14.479},{"_mousePosition":[683,384],"_rootPartCFrame":[761.523,229.582,45.468,-0.995,0.002,0.101,0.002,1,0,-0.101,0.001,-0.995],"_humanoidState":5,"_cameraCFrame":[759.775,242.256,36.261,-1,0,0,0,0.636,0.772,0,0.772,-0.636],"_shiftlockState":true,"_pose":"FreeFall","_animationQueue":[],"_animationSpeed":1,"_zoom":14.479},{"_mousePosition":[683,384],"_rootPartCFrame":[761.328,230.323,45.548,-0.995,0,0.104,0,1,0,-0.104,0,-0.995],"_humanoidState":5,"_cameraCFrame":[759.578,242.996,36.34,-1,0,0,0,0.636,0.772,0,0.772,-0.636],"_shiftlockState":true,"_pose":"FreeFall","_animationQueue":[],"_animationSpeed":1,"_zoom":14.479},{"_mousePosition":[683,384],"_rootPartCFrame":[761.118,231.008,45.624,-0.992,0,0.124,0,1,0,-0.124,0,-0.992],"_humanoidState":5,"_cameraCFrame":[759.368,243.682,36.415,-1,0,0,0,0.636,0.772,0,0.772,-0.636],"_shiftlockState":true,"_pose":"FreeFall","_animationQueue":[],"_animationSpeed":1,"_zoom":14.479},{"_mousePosition":[683,384],"_rootPartCFrame":[760.885,231.64,45.668,-0.991,0,0.132,0,1,0,-0.132,0,-0.991],"_humanoidState":5,"_cameraCFrame":[759.135,244.313,36.459,-1,0,0,0,0.636,0.772,0,0.772,-0.636],"_shiftlockState":true,"_pose":"FreeFall","_animationQueue":[],"_animationSpeed":1,"_zoom":14.479},{"_mousePosition":[683,384],"_rootPartCFrame":[760.695,232.077,45.68,-0.995,0,0.1,0,1,0,-0.1,0,-0.995],"_humanoidState":5,"_cameraCFrame":[758.945,244.751,36.472,-1,0,0,0,0.636,0.772,0,0.772,-0.636],"_shiftlockState":true,"_pose":"FreeFall","_animationQueue":[],"_animationSpeed":1,"_zoom":14.479},{"_mousePosition":[683,384],"_rootPartCFrame":[760.362,232.739,45.681,-0.986,0,0.166,0,1,0,-0.166,0,-0.986],"_humanoidState":5,"_cameraCFrame":[758.612,245.412,36.473,-1,0,0,0,0.636,0.772,0,0.772,-0.636],"_shiftlockState":true,"_pose":"FreeFall","_animationQueue":[],"_animationSpeed":1,"_zoom":14.479},{"_mousePosition":[683,384],"_rootPartCFrame":[760.096,233.207,45.681,-0.991,0,0.133,0,1,0,-0.133,0,-0.991],"_humanoidState":5,"_cameraCFrame":[758.346,245.88,36.473,-1,0,0,0,0.636,0.772,0,0.772,-0.636],"_shiftlockState":true,"_pose":"FreeFall","_animationQueue":[],"_animationSpeed":1,"_zoom":14.479},{"_mousePosition":[683,384],"_rootPartCFrame":[759.829,233.62,45.681,-0.991,0,0.133,0,1,0,-0.133,0,-0.991],"_humanoidState":5,"_cameraCFrame":[758.079,246.293,36.473,-1,0,0,0,0.636,0.772,0,0.772,-0.636],"_shiftlockState":true,"_pose":"FreeFall","_animationQueue":[],"_animationSpeed":1,"_zoom":14.479},{"_mousePosition":[683,384],"_rootPartCFrame":[759.563,233.979,45.681,-0.991,0,0.133,0,1,0,-0.133,0,-0.991],"_humanoidState":5,"_cameraCFrame":[757.813,246.652,36.473,-1,0,0,0,0.636,0.772,0,0.772,-0.636],"_shiftlockState":true,"_pose":"FreeFall","_animationQueue":[],"_animationSpeed":1,"_zoom":14.479},{"_mousePosition":[683,384],"_rootPartCFrame":[759.296,234.283,45.681,-0.991,0,0.133,0,1,0,-0.133,0,-0.991],"_humanoidState":5,"_cameraCFrame":[757.546,246.957,36.473,-1,0,0,0,0.636,0.772,0,0.772,-0.636],"_shiftlockState":true,"_pose":"FreeFall","_animationQueue":[],"_animationSpeed":1,"_zoom":14.479},{"_mousePosition":[683,384],"_rootPartCFrame":[759.029,234.533,45.681,-0.991,0,0.133,0,1,0,-0.133,0,-0.991],"_humanoidState":5,"_cameraCFrame":[757.279,247.206,36.473,-1,0,0,0,0.636,0.772,0,0.772,-0.636],"_shiftlockState":true,"_pose":"FreeFall","_animationQueue":[],"_animationSpeed":1,"_zoom":14.479},{"_mousePosition":[683,384],"_rootPartCFrame":[758.763,234.728,45.681,-0.991,0,0.133,0,1,0,-0.133,0,-0.991],"_humanoidState":5,"_cameraCFrame":[757.013,247.402,36.473,-1,0,0,0,0.636,0.772,0,0.772,-0.636],"_shiftlockState":true,"_pose":"FreeFall","_animationQueue":[],"_animationSpeed":1,"_zoom":14.479},{"_mousePosition":[683,384],"_rootPartCFrame":[758.496,234.869,45.681,-0.991,0,0.133,0,1,0,-0.133,0,-0.991],"_humanoidState":5,"_cameraCFrame":[756.746,247.542,36.473,-1,0,0,0,0.636,0.772,0,0.772,-0.636],"_shiftlockState":true,"_pose":"FreeFall","_animationQueue":[],"_animationSpeed":1,"_zoom":14.479},{"_mousePosition":[683,384],"_rootPartCFrame":[758.23,234.955,45.681,-0.991,0,0.133,0,1,0,-0.133,0,-0.991],"_humanoidState":5,"_cameraCFrame":[756.48,247.629,36.473,-1,0,0,0,0.636,0.772,0,0.772,-0.636],"_shiftlockState":true,"_pose":"FreeFall","_animationQueue":[],"_animationSpeed":1,"_zoom":14.479},{"_mousePosition":[683,384],"_rootPartCFrame":[757.963,234.987,45.681,-0.991,0,0.133,0,1,0,-0.133,0,-0.991],"_humanoidState":5,"_cameraCFrame":[756.213,247.66,36.473,-1,0,0,0,0.636,0.772,0,0.772,-0.636],"_shiftlockState":true,"_pose":"FreeFall","_animationQueue":[],"_animationSpeed":1,"_zoom":14.479},{"_mousePosition":[683,384],"_rootPartCFrame":[757.696,234.964,45.681,-0.991,0,0.133,0,1,0,-0.133,0,-0.991],"_humanoidState":5,"_cameraCFrame":[755.946,247.638,36.473,-1,0,0,0,0.636,0.772,0,0.772,-0.636],"_shiftlockState":true,"_pose":"FreeFall","_animationQueue":[],"_animationSpeed":1,"_zoom":14.479},{"_mousePosition":[683,384],"_rootPartCFrame":[757.439,234.887,45.704,-0.994,0,0.113,0,1,0,-0.113,0,-0.994],"_humanoidState":5,"_cameraCFrame":[755.689,247.56,36.496,-1,0,0,0,0.636,0.772,0,0.772,-0.636],"_shiftlockState":true,"_pose":"FreeFall","_animationQueue":[],"_animationSpeed":1,"_zoom":14.479},{"_mousePosition":[683,384],"_rootPartCFrame":[757.197,234.755,45.764,-0.994,0,0.105,0,1,0,-0.105,0,-0.994],"_humanoidState":5,"_cameraCFrame":[755.447,247.429,36.555,-1,0,0,0,0.636,0.772,0,0.772,-0.636],"_shiftlockState":true,"_pose":"FreeFall","_animationQueue":[],"_animationSpeed":1,"_zoom":14.479},{"_mousePosition":[683,384],"_rootPartCFrame":[756.971,234.569,45.86,-0.995,0,0.105,0,1,0,-0.105,0,-0.995],"_humanoidState":5,"_cameraCFrame":[755.221,247.242,36.652,-1,0,0,0,0.636,0.772,0,0.772,-0.636],"_shiftlockState":true,"_pose":"FreeFall","_animationQueue":[["fall",0.3]],"_animationSpeed":1,"_zoom":14.479},{"_mousePosition":[683,384],"_rootPartCFrame":[756.759,234.328,45.993,-0.995,0,0.104,0,1,0,-0.104,0,-0.995],"_humanoidState":5,"_cameraCFrame":[755.009,247.002,36.785,-1,0,0,0,0.636,0.772,0,0.772,-0.636],"_shiftlockState":true,"_pose":"FreeFall","_animationQueue":[],"_animationSpeed":1,"_zoom":14.479},{"_mousePosition":[683,384],"_rootPartCFrame":[756.56,234.043,46.073,-0.999,-0.005,0.049,-0.005,1,-0.001,-0.048,-0.001,-0.999],"_humanoidState":5,"_cameraCFrame":[754.803,246.716,36.863,-1,0,0,0,0.636,0.772,0,0.772,-0.636],"_shiftlockState":true,"_pose":"FreeFall","_animationQueue":[],"_animationSpeed":1,"_zoom":14.479},{"_mousePosition":[683,384],"_rootPartCFrame":[756.365,233.733,46.067,-0.999,-0.007,0.038,-0.007,1,0,-0.038,0,-0.999],"_humanoidState":5,"_cameraCFrame":[754.604,246.406,36.858,-1,0,0,0,0.636,0.772,0,0.772,-0.636],"_shiftlockState":true,"_pose":"FreeFall","_animationQueue":[],"_animationSpeed":1,"_zoom":14.479},{"_mousePosition":[683,384],"_rootPartCFrame":[756.168,233.373,46.054,-0.997,-0.005,0.071,-0.005,1,0,-0.071,-0.001,-0.997],"_humanoidState":5,"_cameraCFrame":[754.41,246.047,36.844,-1,0,0,0,0.636,0.772,0,0.772,-0.636],"_shiftlockState":true,"_pose":"FreeFall","_animationQueue":[],"_animationSpeed":1,"_zoom":14.479},{"_mousePosition":[683,384],"_rootPartCFrame":[755.94,232.974,46.002,-0.996,-0.004,0.093,-0.004,1,0,-0.093,0,-0.996],"_humanoidState":5,"_cameraCFrame":[761.208,245.648,38.253,-0.707,-0.546,0.45,0,0.636,0.772,-0.707,0.546,-0.45],"_shiftlockState":true,"_pose":"FreeFall","_animationQueue":[],"_animationSpeed":1,"_zoom":14.479},{"_mousePosition":[683,384],"_rootPartCFrame":[755.745,232.912,45.493,-0.663,0.001,0.749,0.001,1,-0.001,-0.749,0,-0.663],"_humanoidState":7,"_cameraCFrame":[761.02,245.586,37.744,-0.707,-0.546,0.45,0,0.636,0.772,-0.707,0.546,-0.45],"_shiftlockState":true,"_pose":"FreeFall","_animationQueue":[["walk",0.1],["fall",0.3],["fall",0.3]],"_animationSpeed":1,"_zoom":14.479},{"_mousePosition":[683,384],"_rootPartCFrame":[755.564,232.981,45.314,-0.672,0.001,0.741,0.002,1,0,-0.741,0.001,-0.672],"_humanoidState":7,"_cameraCFrame":[760.84,245.655,37.567,-0.707,-0.546,0.45,0,0.636,0.772,-0.707,0.546,-0.45],"_shiftlockState":true,"_pose":"FreeFall","_animationQueue":[["fall",0.3]],"_animationSpeed":1,"_zoom":14.479},{"_mousePosition":[683,384],"_rootPartCFrame":[755.402,233.028,45.152,-0.697,0,0.717,0,1,0,-0.717,0,-0.697],"_humanoidState":8,"_cameraCFrame":[753.652,245.701,35.944,-1,0,0,0,0.636,0.772,0,0.772,-0.636],"_shiftlockState":true,"_pose":"Running","_animationQueue":[["walk",0.1],["fall",0.3],["walk",0.1]],"_animationSpeed":1.052,"_zoom":14.479},{"_mousePosition":[683,384],"_rootPartCFrame":[755.25,233.911,45,-1,0,0.005,0,1,-0.001,-0.005,-0.001,-1],"_humanoidState":3,"_cameraCFrame":[753.5,246.585,35.791,-1,0,0,0,0.636,0.772,0,0.772,-0.636],"_shiftlockState":true,"_pose":"Jumping","_animationQueue":[["walk",0.1],["jump",0.1]],"_animationSpeed":1,"_zoom":14.479},{"_mousePosition":[683,384],"_rootPartCFrame":[755.084,234.76,44.868,-0.996,0,0.094,0,1,0,-0.094,0,-0.996],"_humanoidState":5,"_cameraCFrame":[753.333,247.434,35.659,-1,0,0,0,0.636,0.772,0,0.772,-0.636],"_shiftlockState":true,"_pose":"FreeFall","_animationQueue":[["jump",0.1]],"_animationSpeed":1,"_zoom":14.479},{"_mousePosition":[683,384],"_rootPartCFrame":[754.943,235.362,44.79,-0.995,0,0.096,0,1,0,-0.096,0,-0.995],"_humanoidState":5,"_cameraCFrame":[753.193,248.035,35.582,-1,0,0,0,0.636,0.772,0,0.772,-0.636],"_shiftlockState":true,"_pose":"FreeFall","_animationQueue":[],"_animationSpeed":1,"_zoom":14.479},{"_mousePosition":[683,384],"_rootPartCFrame":[754.679,236.295,44.7,-0.986,0,0.165,0,1,0,-0.165,0,-0.986],"_humanoidState":5,"_cameraCFrame":[752.929,248.969,35.492,-1,0,0,0,0.636,0.772,0,0.772,-0.636],"_shiftlockState":true,"_pose":"FreeFall","_animationQueue":[],"_animationSpeed":1,"_zoom":14.479},{"_mousePosition":[683,384],"_rootPartCFrame":[754.44,236.981,44.663,-0.991,0,0.133,0,1,0,-0.133,0,-0.991],"_humanoidState":5,"_cameraCFrame":[752.69,249.655,35.455,-1,0,0,0,0.636,0.772,0,0.772,-0.636],"_shiftlockState":true,"_pose":"FreeFall","_animationQueue":[],"_animationSpeed":1,"_zoom":14.479},{"_mousePosition":[683,384],"_rootPartCFrame":[754.18,237.612,44.655,-0.991,0,0.133,0,1,0,-0.133,0,-0.991],"_humanoidState":5,"_cameraCFrame":[752.43,250.286,35.447,-1,0,0,0,0.636,0.772,0,0.772,-0.636],"_shiftlockState":true,"_pose":"FreeFall","_animationQueue":[],"_animationSpeed":1,"_zoom":14.479},{"_mousePosition":[683,384],"_rootPartCFrame":[753.913,238.189,44.655,-0.991,0,0.133,0,1,0,-0.133,0,-0.991],"_humanoidState":5,"_cameraCFrame":[752.163,250.863,35.447,-1,0,0,0,0.636,0.772,0,0.772,-0.636],"_shiftlockState":true,"_pose":"FreeFall","_animationQueue":[],"_animationSpeed":1,"_zoom":14.479},{"_mousePosition":[683,384],"_rootPartCFrame":[753.646,238.711,44.655,-0.991,0,0.133,0,1,0,-0.133,0,-0.991],"_humanoidState":5,"_cameraCFrame":[751.896,251.385,35.447,-1,0,0,0,0.636,0.772,0,0.772,-0.636],"_shiftlockState":true,"_pose":"FreeFall","_animationQueue":[],"_animationSpeed":1,"_zoom":14.479},{"_mousePosition":[683,384],"_rootPartCFrame":[753.447,239.067,44.655,-0.995,0,0.1,0,1,0,-0.1,0,-0.995],"_humanoidState":5,"_cameraCFrame":[751.697,251.741,35.447,-1,0,0,0,0.636,0.772,0,0.772,-0.636],"_shiftlockState":true,"_pose":"FreeFall","_animationQueue":[],"_animationSpeed":1,"_zoom":14.479},{"_mousePosition":[683,384],"_rootPartCFrame":[753.113,239.592,44.655,-0.986,0,0.166,0,1,0,-0.166,0,-0.986],"_humanoidState":5,"_cameraCFrame":[751.363,252.266,35.447,-1,0,0,0,0.636,0.772,0,0.772,-0.636],"_shiftlockState":true,"_pose":"FreeFall","_animationQueue":[],"_animationSpeed":1,"_zoom":14.479},{"_mousePosition":[683,384],"_rootPartCFrame":[752.847,239.951,44.655,-0.991,0,0.133,0,1,0,-0.133,0,-0.991],"_humanoidState":5,"_cameraCFrame":[751.097,252.625,35.447,-1,0,0,0,0.636,0.772,0,0.772,-0.636],"_shiftlockState":true,"_pose":"FreeFall","_animationQueue":[],"_animationSpeed":1,"_zoom":14.479},{"_mousePosition":[683,384],"_rootPartCFrame":[752.647,240.185,44.655,-0.995,0,0.1,0,1,0,-0.1,0,-0.995],"_humanoidState":5,"_cameraCFrame":[750.897,252.858,35.447,-1,0,0,0,0.636,0.772,0,0.772,-0.636],"_shiftlockState":true,"_pose":"FreeFall","_animationQueue":[],"_animationSpeed":1,"_zoom":14.479},{"_mousePosition":[683,384],"_rootPartCFrame":[752.313,240.505,44.655,-0.986,0,0.166,0,1,0,-0.166,0,-0.986],"_humanoidState":5,"_cameraCFrame":[750.563,253.179,35.447,-1,0,0,0,0.636,0.772,0,0.772,-0.636],"_shiftlockState":true,"_pose":"FreeFall","_animationQueue":[],"_animationSpeed":1,"_zoom":14.479},{"_mousePosition":[683,384],"_rootPartCFrame":[752.047,240.701,44.655,-0.991,0,0.133,0,1,0,-0.133,0,-0.991],"_humanoidState":5,"_cameraCFrame":[750.297,253.374,35.447,-1,0,0,0,0.636,0.772,0,0.772,-0.636],"_shiftlockState":true,"_pose":"FreeFall","_animationQueue":[],"_animationSpeed":1,"_zoom":14.479},{"_mousePosition":[683,384],"_rootPartCFrame":[751.847,240.811,44.655,-0.995,0,0.1,0,1,0,-0.1,0,-0.995],"_humanoidState":5,"_cameraCFrame":[750.097,253.485,35.447,-1,0,0,0,0.636,0.772,0,0.772,-0.636],"_shiftlockState":true,"_pose":"FreeFall","_animationQueue":[],"_animationSpeed":1,"_zoom":14.479},{"_mousePosition":[683,384],"_rootPartCFrame":[751.514,240.928,44.655,-0.986,0,0.166,0,1,0,-0.166,0,-0.986],"_humanoidState":5,"_cameraCFrame":[749.764,253.601,35.447,-1,0,0,0,0.636,0.772,0,0.772,-0.636],"_shiftlockState":true,"_pose":"FreeFall","_animationQueue":[],"_animationSpeed":1,"_zoom":14.479},{"_mousePosition":[683,384],"_rootPartCFrame":[751.247,240.959,44.655,-0.991,0,0.133,0,1,0,-0.133,0,-0.991],"_humanoidState":5,"_cameraCFrame":[749.497,253.633,35.447,-1,0,0,0,0.636,0.772,0,0.772,-0.636],"_shiftlockState":true,"_pose":"FreeFall","_animationQueue":[],"_animationSpeed":1,"_zoom":14.479},{"_mousePosition":[683,384],"_rootPartCFrame":[750.98,240.937,44.655,-0.991,0,0.133,0,1,0,-0.133,0,-0.991],"_humanoidState":5,"_cameraCFrame":[749.23,253.61,35.447,-1,0,0,0,0.636,0.772,0,0.772,-0.636],"_shiftlockState":true,"_pose":"FreeFall","_animationQueue":[],"_animationSpeed":1,"_zoom":14.479},{"_mousePosition":[683,384],"_rootPartCFrame":[750.714,240.859,44.655,-0.991,0,0.133,0,1,0,-0.133,0,-0.991],"_humanoidState":5,"_cameraCFrame":[748.964,253.533,35.447,-1,0,0,0,0.636,0.772,0,0.772,-0.636],"_shiftlockState":true,"_pose":"FreeFall","_animationQueue":[],"_animationSpeed":1,"_zoom":14.479},{"_mousePosition":[683,384],"_rootPartCFrame":[750.447,240.728,44.655,-0.991,0,0.133,0,1,0,-0.133,0,-0.991],"_humanoidState":5,"_cameraCFrame":[748.697,253.401,35.447,-1,0,0,0,0.636,0.772,0,0.772,-0.636],"_shiftlockState":true,"_pose":"FreeFall","_animationQueue":[["fall",0.3]],"_animationSpeed":1,"_zoom":14.479},{"_mousePosition":[683,384],"_rootPartCFrame":[750.247,240.593,44.655,-0.995,0,0.1,0,1,0,-0.1,0,-0.995],"_humanoidState":5,"_cameraCFrame":[748.497,253.267,35.447,-1,0,0,0,0.636,0.772,0,0.772,-0.636],"_shiftlockState":true,"_pose":"FreeFall","_animationQueue":[],"_animationSpeed":1,"_zoom":14.479},{"_mousePosition":[683,384],"_rootPartCFrame":[749.928,240.301,44.689,-0.99,0,0.14,0,1,0,-0.14,0,-0.99],"_humanoidState":5,"_cameraCFrame":[748.178,252.974,35.481,-1,0,0,0,0.636,0.772,0,0.772,-0.636],"_shiftlockState":true,"_pose":"FreeFall","_animationQueue":[],"_animationSpeed":1,"_zoom":14.479},{"_mousePosition":[683,384],"_rootPartCFrame":[749.69,240.006,44.758,-0.994,0,0.105,0,1,0,-0.105,0,-0.994],"_humanoidState":5,"_cameraCFrame":[747.94,252.679,35.55,-1,0,0,0,0.636,0.772,0,0.772,-0.636],"_shiftlockState":true,"_pose":"FreeFall","_animationQueue":[],"_animationSpeed":1,"_zoom":14.479},{"_mousePosition":[683,384],"_rootPartCFrame":[749.521,239.748,44.834,-0.997,0,0.078,0,1,0,-0.078,0,-0.997],"_humanoidState":5,"_cameraCFrame":[747.771,252.422,35.626,-1,0,0,0,0.636,0.772,0,0.772,-0.636],"_shiftlockState":true,"_pose":"FreeFall","_animationQueue":[],"_animationSpeed":1,"_zoom":14.479},{"_mousePosition":[683,384],"_rootPartCFrame":[749.259,239.252,45.006,-0.991,0,0.13,0,1,0,-0.13,0,-0.991],"_humanoidState":5,"_cameraCFrame":[747.509,251.925,35.798,-1,0,0,0,0.636,0.772,0,0.772,-0.636],"_shiftlockState":true,"_pose":"FreeFall","_animationQueue":[],"_animationSpeed":1,"_zoom":14.479},{"_mousePosition":[683,384],"_rootPartCFrame":[749.066,238.793,45.183,-0.995,0,0.104,0,1,0,-0.104,0,-0.995],"_humanoidState":5,"_cameraCFrame":[747.316,251.466,35.975,-1,0,0,0,0.636,0.772,0,0.772,-0.636],"_shiftlockState":true,"_pose":"FreeFall","_animationQueue":[["fall",0.3]],"_animationSpeed":1,"_zoom":14.479},{"_mousePosition":[683,384],"_rootPartCFrame":[748.877,238.28,45.371,-0.995,0,0.104,0,1,0,-0.104,0,-0.995],"_humanoidState":5,"_cameraCFrame":[747.127,250.953,36.163,-1,0,0,0,0.636,0.772,0,0.772,-0.636],"_shiftlockState":true,"_pose":"FreeFall","_animationQueue":[],"_animationSpeed":1,"_zoom":14.479},{"_mousePosition":[683,384],"_rootPartCFrame":[748.689,237.712,45.56,-0.995,0,0.104,0,1,0,-0.104,0,-0.995],"_humanoidState":5,"_cameraCFrame":[746.939,250.385,36.352,-1,0,0,0,0.636,0.772,0,0.772,-0.636],"_shiftlockState":true,"_pose":"FreeFall","_animationQueue":[],"_animationSpeed":1,"_zoom":14.479},{"_mousePosition":[683,384],"_rootPartCFrame":[748.5,237.09,45.749,-0.995,0,0.104,0,1,0,-0.104,0,-0.995],"_humanoidState":5,"_cameraCFrame":[746.75,249.763,36.54,-1,0,0,0,0.636,0.772,0,0.772,-0.636],"_shiftlockState":true,"_pose":"FreeFall","_animationQueue":[],"_animationSpeed":1,"_zoom":14.479},{"_mousePosition":[683,384],"_rootPartCFrame":[748.312,236.413,45.937,-0.995,0,0.104,0,1,0,-0.104,0,-0.995],"_humanoidState":5,"_cameraCFrame":[746.562,249.087,36.729,-1,0,0,0,0.636,0.772,0,0.772,-0.636],"_shiftlockState":true,"_pose":"FreeFall","_animationQueue":[],"_animationSpeed":1,"_zoom":14.479},{"_mousePosition":[683,384],"_rootPartCFrame":[748.108,235.695,46.025,-0.998,-0.006,0.068,-0.006,1,-0.002,-0.068,-0.002,-0.998],"_humanoidState":5,"_cameraCFrame":[753.373,248.368,38.274,-0.707,-0.546,0.45,0,0.636,0.772,-0.707,0.546,-0.45],"_shiftlockState":true,"_pose":"FreeFall","_animationQueue":[],"_animationSpeed":1,"_zoom":14.479},{"_mousePosition":[683,384],"_rootPartCFrame":[747.921,235.691,45.496,-0.709,-0.01,0.706,-0.008,1,0.006,-0.706,-0.001,-0.709],"_humanoidState":7,"_cameraCFrame":[753.18,248.365,37.746,-0.707,-0.546,0.45,0,0.636,0.772,-0.707,0.546,-0.45],"_shiftlockState":true,"_pose":"FreeFall","_animationQueue":[["walk",0.1],["fall",0.3],["fall",0.3]],"_animationSpeed":1,"_zoom":14.479},{"_mousePosition":[683,384],"_rootPartCFrame":[747.743,235.83,45.317,-0.676,0,0.737,0.002,1,0.002,-0.737,0.002,-0.676],"_humanoidState":7,"_cameraCFrame":[753.017,248.503,37.572,-0.707,-0.546,0.45,0,0.636,0.772,-0.707,0.546,-0.45],"_shiftlockState":true,"_pose":"FreeFall","_animationQueue":[["fall",0.3]],"_animationSpeed":1,"_zoom":14.479},{"_mousePosition":[683,384],"_rootPartCFrame":[747.608,235.9,45.182,-0.682,0.004,0.732,0.004,1,-0.002,-0.732,0.002,-0.682],"_humanoidState":7,"_cameraCFrame":[745.864,248.574,35.976,-1,0,0,0,0.636,0.772,0,0.772,-0.636],"_shiftlockState":true,"_pose":"FreeFall","_animationQueue":[],"_animationSpeed":1,"_zoom":14.479},{"_mousePosition":[683,384],"_rootPartCFrame":[747.407,235.956,44.985,-1,0.001,0.015,0.001,1,-0.001,-0.015,-0.001,-1],"_humanoidState":8,"_cameraCFrame":[745.658,248.629,35.775,-1,0,0,0,0.636,0.772,0,0.772,-0.636],"_shiftlockState":true,"_pose":"Running","_animationQueue":[["walk",0.1],["fall",0.3],["walk",0.1]],"_animationSpeed":1.055,"_zoom":14.479},{"_mousePosition":[683,384],"_rootPartCFrame":[747.26,236.839,44.841,-1,-0.001,0.003,-0.001,1,0.001,-0.003,0.001,-1],"_humanoidState":3,"_cameraCFrame":[745.508,249.513,35.633,-1,0,0,0,0.636,0.772,0,0.772,-0.636],"_shiftlockState":true,"_pose":"Jumping","_animationQueue":[["walk",0.1],["jump",0.1]],"_animationSpeed":1,"_zoom":14.479},{"_mousePosition":[683,384],"_rootPartCFrame":[747.098,237.688,44.715,-0.996,-0.001,0.093,-0.001,1,0.001,-0.093,0.001,-0.996],"_humanoidState":5,"_cameraCFrame":[745.346,250.362,35.508,-1,0,0,0,0.636,0.772,0,0.772,-0.636],"_shiftlockState":true,"_pose":"FreeFall","_animationQueue":[["jump",0.1]],"_animationSpeed":1,"_zoom":14.479},{"_mousePosition":[683,384],"_rootPartCFrame":[746.911,238.483,44.62,-0.992,0,0.128,0,1,0,-0.128,0,-0.992],"_humanoidState":5,"_cameraCFrame":[745.16,251.157,35.413,-1,0,0,0,0.636,0.772,0,0.772,-0.636],"_shiftlockState":true,"_pose":"FreeFall","_animationQueue":[],"_animationSpeed":1,"_zoom":14.479},{"_mousePosition":[683,384],"_rootPartCFrame":[746.698,239.223,44.556,-0.991,0,0.132,0,1,0,-0.132,0,-0.991],"_humanoidState":5,"_cameraCFrame":[744.948,251.897,35.348,-1,0,0,0,0.636,0.772,0,0.772,-0.636],"_shiftlockState":true,"_pose":"FreeFall","_animationQueue":[],"_animationSpeed":1,"_zoom":14.479},{"_mousePosition":[683,384],"_rootPartCFrame":[746.459,239.909,44.522,-0.991,0,0.133,0,1,0,-0.133,0,-0.991],"_humanoidState":5,"_cameraCFrame":[744.71,252.583,35.314,-1,0,0,0,0.636,0.772,0,0.772,-0.636],"_shiftlockState":true,"_pose":"FreeFall","_animationQueue":[],"_animationSpeed":1,"_zoom":14.479},{"_mousePosition":[683,384],"_rootPartCFrame":[746.198,240.54,44.516,-0.991,0,0.133,0,1,0,-0.133,0,-0.991],"_humanoidState":5,"_cameraCFrame":[744.448,253.214,35.307,-1,0,0,0,0.636,0.772,0,0.772,-0.636],"_shiftlockState":true,"_pose":"FreeFall","_animationQueue":[],"_animationSpeed":1,"_zoom":14.479},{"_mousePosition":[683,384],"_rootPartCFrame":[745.998,240.978,44.516,-0.995,0,0.1,0,1,0,-0.1,0,-0.995],"_humanoidState":5,"_cameraCFrame":[744.248,253.652,35.307,-1,0,0,0,0.636,0.772,0,0.772,-0.636],"_shiftlockState":true,"_pose":"FreeFall","_animationQueue":[],"_animationSpeed":1,"_zoom":14.479},{"_mousePosition":[683,384],"_rootPartCFrame":[745.665,241.64,44.516,-0.986,0,0.166,0,1,0,-0.166,0,-0.986],"_humanoidState":5,"_cameraCFrame":[743.915,254.313,35.307,-1,0,0,0,0.636,0.772,0