[{"_mousePosition":[1196,396],"_rootPartCFrame":[776.024,222.975,47.142,0.004,0.004,1,0,1,-0.004,-1,0,0.004],"_humanoidState":8,"_cameraCFrame":[781.528,230.101,43.799,-0.52,-0.562,0.643,0,0.753,0.658,-0.854,0.342,-0.391],"_shiftlockState":false,"_pose":"Standing","_animationQueue":[],"_animationSpeed":1,"_zoom":8.547},{"_mousePosition":[1135,399],"_rootPartCFrame":[775.877,222.883,47.231,-0.05,0.001,0.999,0,1,-0.001,-0.999,0,-0.05],"_humanoidState":8,"_cameraCFrame":[781.376,230.009,43.888,-0.52,-0.562,0.643,0,0.753,0.658,-0.854,0.342,-0.391],"_shiftlockState":false,"_pose":"Standing","_animationQueue":[],"_animationSpeed":1,"_zoom":8.547},{"_mousePosition":[1093,400],"_rootPartCFrame":[775.651,222.729,47.369,-0.116,0,0.993,0,1,0,-0.993,0,-0.116],"_humanoidState":8,"_cameraCFrame":[781.148,229.855,44.026,-0.52,-0.562,0.643,0,0.753,0.658,-0.854,0.342,-0.391],"_shiftlockState":false,"_pose":"Running","_animationQueue":[["walk",0.1]],"_animationSpeed":1.005,"_zoom":8.547},{"_mousePosition":[1073,400],"_rootPartCFrame":[775.423,222.614,47.507,-0.174,0,0.985,0,1,0,-0.985,0,-0.174],"_humanoidState":8,"_cameraCFrame":[780.921,229.74,44.164,-0.52,-0.562,0.643,0,0.753,0.658,-0.854,0.342,-0.391],"_shiftlockState":false,"_pose":"Running","_animationQueue":[["walk",0.1]],"_animationSpeed":1.1,"_zoom":8.547},{"_mousePosition":[683,384],"_rootPartCFrame":[775.195,222.638,47.646,-0.223,0,0.975,0,1,0,-0.975,0,-0.223],"_humanoidState":8,"_cameraCFrame":[780.618,229.867,44.356,-0.519,-0.573,0.634,0,0.742,0.67,-0.855,0.348,-0.385],"_shiftlockState":false,"_pose":"Running","_animationQueue":[],"_animationSpeed":1.1,"_zoom":8.547},{"_mousePosition":[683,384],"_rootPartCFrame":[774.967,222.664,47.785,-0.266,0,0.964,0,1,0,-0.964,0,-0.266],"_humanoidState":8,"_cameraCFrame":[780.311,229.989,44.535,-0.52,-0.582,0.625,0,0.732,0.682,-0.854,0.354,-0.38],"_shiftlockState":false,"_pose":"Running","_animationQueue":[["walk",0.1]],"_animationSpeed":1.1,"_zoom":8.547},{"_mousePosition":[683,384],"_rootPartCFrame":[774.739,222.68,47.923,-0.302,0,0.953,0,1,0,-0.953,0,-0.302],"_humanoidState":8,"_cameraCFrame":[779.999,230.105,44.717,-0.52,-0.592,0.615,0,0.721,0.693,-0.854,0.361,-0.375],"_shiftlockState":false,"_pose":"Running","_animationQueue":[],"_animationSpeed":1.1,"_zoom":8.547},{"_mousePosition":[683,384],"_rootPartCFrame":[774.511,222.689,48.061,-0.333,0,0.943,0,1,0,-0.943,0,-0.333],"_humanoidState":8,"_cameraCFrame":[779.663,230.247,44.929,-0.52,-0.606,0.603,0,0.705,0.709,-0.854,0.368,-0.367],"_shiftlockState":false,"_pose":"Running","_animationQueue":[],"_animationSpeed":1.1,"_zoom":8.547},{"_mousePosition":[683,384],"_rootPartCFrame":[774.284,222.694,48.2,-0.359,0,0.933,0,1,0,-0.933,0,-0.359],"_humanoidState":8,"_cameraCFrame":[779.336,230.372,45.142,-0.518,-0.618,0.591,0,0.691,0.723,-0.856,0.374,-0.358],"_shiftlockState":false,"_pose":"Running","_animationQueue":[],"_animationSpeed":1.1,"_zoom":8.547},{"_mousePosition":[683,384],"_rootPartCFrame":[774.056,222.697,48.339,-0.382,0,0.924,0,1,0,-0.924,0,-0.382],"_humanoidState":8,"_cameraCFrame":[779.021,230.488,45.369,-0.513,-0.632,0.581,0,0.677,0.736,-0.858,0.378,-0.347],"_shiftlockState":false,"_pose":"Running","_animationQueue":[],"_animationSpeed":1.1,"_zoom":8.547},{"_mousePosition":[683,384],"_rootPartCFrame":[773.828,222.698,48.477,-0.401,0,0.916,0,1,0,-0.916,0,-0.401],"_humanoidState":8,"_cameraCFrame":[778.717,230.591,45.601,-0.507,-0.645,0.572,0,0.664,0.748,-0.862,0.379,-0.336],"_shiftlockState":false,"_pose":"Running","_animationQueue":[],"_animationSpeed":1.1,"_zoom":8.547},{"_mousePosition":[683,384],"_rootPartCFrame":[773.484,222.699,48.682,-0.424,0,0.906,0,1,0,-0.906,0,-0.424],"_humanoidState":8,"_cameraCFrame":[778.3,230.678,45.877,-0.503,-0.655,0.564,0,0.652,0.758,-0.864,0.382,-0.328],"_shiftlockState":false,"_pose":"Running","_animationQueue":[["walk",0.1]],"_animationSpeed":1.1,"_zoom":8.547},{"_mousePosition":[683,384],"_rootPartCFrame":[773.369,222.699,48.75,-0.43,0,0.903,0,1,0,-0.903,0,-0.43],"_humanoidState":8,"_cameraCFrame":[778.112,230.759,46.007,-0.501,-0.664,0.555,0,0.641,0.767,-0.866,0.384,-0.321],"_shiftlockState":false,"_pose":"Running","_animationQueue":[],"_animationSpeed":1.1,"_zoom":8.547},{"_mousePosition":[683,384],"_rootPartCFrame":[773.139,222.699,48.884,-0.44,0,0.898,0,1,0,-0.898,0,-0.44],"_humanoidState":8,"_cameraCFrame":[777.779,230.86,46.207,-0.5,-0.675,0.543,0,0.627,0.779,-0.866,0.389,-0.313],"_shiftlockState":false,"_pose":"Running","_animationQueue":[],"_animationSpeed":1.1,"_zoom":8.547},{"_mousePosition":[683,382],"_rootPartCFrame":[772.908,222.7,49.018,-0.449,0,0.894,0,1,0,-0.894,0,-0.449],"_humanoidState":8,"_cameraCFrame":[777.446,230.951,46.394,-0.501,-0.684,0.531,0,0.613,0.79,-0.866,0.395,-0.307],"_shiftlockState":false,"_pose":"Running","_animationQueue":[],"_animationSpeed":1.1,"_zoom":8.547},{"_mousePosition":[683,382],"_rootPartCFrame":[772.677,222.695,49.151,-0.456,0,0.89,0,1,0,-0.89,0,-0.456],"_humanoidState":8,"_cameraCFrame":[777.215,230.946,46.528,-0.501,-0.684,0.531,0,0.613,0.79,-0.866,0.395,-0.307],"_shiftlockState":false,"_pose":"Running","_animationQueue":[],"_animationSpeed":1.1,"_zoom":8.547},{"_mousePosition":[683,382],"_rootPartCFrame":[772.446,222.696,49.285,-0.462,0,0.887,0,1,0,-0.887,0,-0.462],"_humanoidState":8,"_cameraCFrame":[776.984,230.947,46.661,-0.501,-0.684,0.531,0,0.613,0.79,-0.866,0.395,-0.307],"_shiftlockState":false,"_pose":"Running","_animationQueue":[],"_animationSpeed":1.1,"_zoom":8.547},{"_mousePosition":[683,382],"_rootPartCFrame":[772.215,222.698,49.418,-0.467,0,0.884,0,1,0,-0.884,0,-0.467],"_humanoidState":8,"_cameraCFrame":[776.754,230.953,46.807,-0.499,-0.685,0.531,0,0.613,0.79,-0.867,0.394,-0.306],"_shiftlockState":false,"_pose":"Running","_animationQueue":[],"_animationSpeed":1.1,"_zoom":8.547},{"_mousePosition":[683,382],"_rootPartCFrame":[771.985,222.699,49.552,-0.472,0,0.882,0,1,0,-0.882,0,-0.472],"_humanoidState":8,"_cameraCFrame":[776.517,230.967,46.963,-0.496,-0.688,0.53,0,0.611,0.792,-0.868,0.393,-0.303],"_shiftlockState":false,"_pose":"Running","_animationQueue":[["walk",0.1]],"_animationSpeed":1.1,"_zoom":8.547},{"_mousePosition":[683,382],"_rootPartCFrame":[771.754,222.699,49.685,-0.476,0,0.88,0,1,0,-0.88,0,-0.476],"_humanoidState":8,"_cameraCFrame":[776.256,231.001,47.132,-0.493,-0.692,0.527,0,0.606,0.796,-0.87,0.393,-0.299],"_shiftlockState":false,"_pose":"Running","_animationQueue":[],"_animationSpeed":1.1,"_zoom":8.547},{"_mousePosition":[683,382],"_rootPartCFrame":[771.522,222.699,49.817,-0.478,0,0.878,0,1,0,-0.878,0,-0.478],"_humanoidState":8,"_cameraCFrame":[775.965,231.059,47.316,-0.491,-0.699,0.52,0,0.597,0.803,-0.871,0.394,-0.293],"_shiftlockState":false,"_pose":"Running","_animationQueue":[],"_animationSpeed":1.1,"_zoom":8.547},{"_mousePosition":[683,382],"_rootPartCFrame":[771.29,222.699,49.949,-0.48,0,0.877,0,1,0,-0.877,0,-0.48],"_humanoidState":8,"_cameraCFrame":[775.654,231.132,47.511,-0.488,-0.708,0.511,0,0.585,0.811,-0.873,0.396,-0.285],"_shiftlockState":false,"_pose":"Running","_animationQueue":[],"_animationSpeed":1.1,"_zoom":8.547},{"_mousePosition":[683,382],"_rootPartCFrame":[771.058,222.7,50.08,-0.482,0,0.876,0,1,0,-0.876,0,-0.482],"_humanoidState":8,"_cameraCFrame":[775.318,231.22,47.711,-0.486,-0.718,0.499,0,0.57,0.821,-0.874,0.399,-0.277],"_shiftlockState":false,"_pose":"Running","_animationQueue":[],"_animationSpeed":1.1,"_zoom":8.547},{"_mousePosition":[683,382],"_rootPartCFrame":[770.825,222.7,50.21,-0.483,0,0.876,0,1,0,-0.876,0,-0.483],"_humanoidState":8,"_cameraCFrame":[774.951,231.324,47.916,-0.486,-0.729,0.483,0,0.552,0.834,-0.874,0.405,-0.268],"_shiftlockState":false,"_pose":"Running","_animationQueue":[],"_animationSpeed":1.1,"_zoom":8.547},{"_mousePosition":[683,382],"_rootPartCFrame":[770.592,222.7,50.339,-0.483,0,0.876,0,1,0,-0.876,0,-0.483],"_humanoidState":8,"_cameraCFrame":[774.544,231.451,48.137,-0.487,-0.741,0.462,0,0.529,0.848,-0.873,0.413,-0.258],"_shiftlockState":false,"_pose":"Running","_animationQueue":[],"_animationSpeed":1.1,"_zoom":8.547},{"_mousePosition":[683,382],"_rootPartCFrame":[770.359,222.7,50.469,-0.484,0,0.875,0,1,0,-0.875,0,-0.484],"_humanoidState":8,"_cameraCFrame":[774.092,231.597,48.373,-0.49,-0.755,0.437,0,0.501,0.865,-0.872,0.424,-0.245],"_shiftlockState":false,"_pose":"Running","_animationQueue":[["walk",0.1]],"_animationSpeed":1.1,"_zoom":8.547},{"_mousePosition":[683,382],"_rootPartCFrame":[770.126,222.7,50.599,-0.484,0,0.875,0,1,0,-0.875,0,-0.484],"_humanoidState":8,"_cameraCFrame":[773.646,231.728,48.603,-0.493,-0.766,0.412,0,0.474,0.881,-0.87,0.434,-0.234],"_shiftlockState":false,"_pose":"Running","_animationQueue":[],"_animationSpeed":1.1,"_zoom":8.547},{"_mousePosition":[683,382],"_rootPartCFrame":[769.893,222.666,50.729,-0.484,0,0.875,0,1,0,-0.875,0,-0.484],"_humanoidState":8,"_cameraCFrame":[773.176,231.826,48.835,-0.5,-0.776,0.384,0,0.443,0.896,-0.866,0.448,-0.222],"_shiftlockState":false,"_pose":"Running","_animationQueue":[],"_animationSpeed":1.1,"_zoom":8.547},{"_mousePosition":[683,382],"_rootPartCFrame":[769.66,223.528,50.859,-0.485,0,0.875,0,1,0,-0.875,0,-0.485],"_humanoidState":3,"_cameraCFrame":[772.77,232.779,49.039,-0.505,-0.783,0.364,0,0.422,0.907,-0.863,0.458,-0.213],"_shiftlockState":false,"_pose":"Jumping","_animationQueue":[["walk",0.1],["jump",0.1]],"_animationSpeed":1,"_zoom":8.547},{"_mousePosition":[683,382],"_rootPartCFrame":[769.429,224.337,50.991,-0.486,0,0.874,0,1,0,-0.874,0,-0.486],"_humanoidState":5,"_cameraCFrame":[772.376,233.664,49.229,-0.513,-0.786,0.345,0,0.402,0.916,-0.858,0.47,-0.206],"_shiftlockState":false,"_pose":"FreeFall","_animationQueue":[["jump",0.1]],"_animationSpeed":1,"_zoom":8.547},{"_mousePosition":[683,382],"_rootPartCFrame":[769.256,224.907,51.092,-0.488,0,0.873,0,1,0,-0.873,0,-0.488],"_humanoidState":5,"_cameraCFrame":[772.041,234.302,49.367,-0.527,-0.785,0.326,0,0.383,0.924,-0.85,0.486,-0.202],"_shiftlockState":false,"_pose":"FreeFall","_animationQueue":[],"_animationSpeed":1,"_zoom":8.547},{"_mousePosition":[683,382],"_rootPartCFrame":[768.97,225.79,51.263,-0.492,0,0.871,0,1,0,-0.871,0,-0.492],"_humanoidState":5,"_cameraCFrame":[771.591,235.249,49.578,-0.541,-0.783,0.307,0,0.365,0.931,-0.841,0.504,-0.197],"_shiftlockState":false,"_pose":"FreeFall","_animationQueue":[],"_animationSpeed":1,"_zoom":8.547},{"_mousePosition":[683,382],"_rootPartCFrame":[768.743,226.435,51.403,-0.496,0,0.868,0,1,0,-0.868,0,-0.496],"_humanoidState":5,"_cameraCFrame":[771.19,235.958,49.759,-0.557,-0.779,0.286,0,0.345,0.939,-0.83,0.523,-0.192],"_shiftlockState":false,"_pose":"FreeFall","_animationQueue":[],"_animationSpeed":1,"_zoom":8.547},{"_mousePosition":[683,382],"_rootPartCFrame":[768.518,227.025,51.546,-0.502,0,0.865,0,1,0,-0.865,0,-0.502],"_humanoidState":5,"_cameraCFrame":[770.814,236.601,49.945,-0.572,-0.775,0.269,0,0.327,0.945,-0.82,0.541,-0.187],"_shiftlockState":false,"_pose":"FreeFall","_animationQueue":[],"_animationSpeed":1,"_zoom":8.547},{"_mousePosition":[683,382],"_rootPartCFrame":[768.352,227.432,51.657,-0.507,0,0.862,0,1,0,-0.862,0,-0.507],"_humanoidState":5,"_cameraCFrame":[770.481,237.065,50.115,-0.587,-0.771,0.249,0,0.308,0.952,-0.81,0.558,-0.18],"_shiftlockState":false,"_pose":"FreeFall","_animationQueue":[],"_animationSpeed":1,"_zoom":8.547},{"_mousePosition":[683,382],"_rootPartCFrame":[768.078,228.043,51.847,-0.517,0,0.856,0,1,0,-0.856,0,-0.517],"_humanoidState":5,"_cameraCFrame":[770.07,237.719,50.353,-0.6,-0.765,0.233,0,0.291,0.957,-0.8,0.574,-0.175],"_shiftlockState":false,"_pose":"FreeFall","_animationQueue":[],"_animationSpeed":1,"_zoom":8.547},{"_mousePosition":[683,382],"_rootPartCFrame":[767.915,228.368,51.964,-0.524,0,0.852,0,1,0,-0.852,0,-0.524],"_humanoidState":5,"_cameraCFrame":[769.777,238.081,50.505,-0.617,-0.756,0.218,0,0.277,0.961,-0.787,0.593,-0.171],"_shiftlockState":false,"_pose":"FreeFall","_animationQueue":[],"_animationSpeed":1,"_zoom":8.547},{"_mousePosition":[683,382],"_rootPartCFrame":[767.702,228.754,52.123,-0.534,0,0.845,0,1,0,-0.845,0,-0.534],"_humanoidState":5,"_cameraCFrame":[768.317,238.499,49.338,-0.639,-0.742,0.203,0,0.264,0.965,-0.769,0.616,-0.168],"_shiftlockState":true,"_pose":"FreeFall","_animationQueue":[],"_animationSpeed":1,"_zoom":8.547},{"_mousePosition":[683,384],"_rootPartCFrame":[767.439,229.16,52.328,-0.639,0,0.769,0,1,0,-0.769,0,-0.639],"_humanoidState":5,"_cameraCFrame":[768.054,238.905,49.543,-0.639,-0.742,0.203,0,0.264,0.965,-0.769,0.616,-0.168],"_shiftlockState":true,"_pose":"FreeFall","_animationQueue":[],"_animationSpeed":1,"_zoom":8.547},{"_mousePosition":[683,384],"_rootPartCFrame":[767.222,229.423,52.469,-0.581,0,0.814,0,1,0,-0.814,0,-0.581],"_humanoidState":5,"_cameraCFrame":[767.702,239.184,49.705,-0.663,-0.723,0.192,0,0.257,0.967,-0.748,0.641,-0.17],"_shiftlockState":true,"_pose":"FreeFall","_animationQueue":[],"_animationSpeed":1,"_zoom":8.547},{"_mousePosition":[683,384],"_rootPartCFrame":[766.994,229.632,52.571,-0.582,0,0.813,0,1,0,-0.813,0,-0.582],"_humanoidState":5,"_cameraCFrame":[767.322,239.407,49.827,-0.693,-0.698,0.18,0,0.25,0.968,-0.721,0.671,-0.174],"_shiftlockState":true,"_pose":"FreeFall","_animationQueue":[],"_animationSpeed":1,"_zoom":8.547},{"_mousePosition":[683,384],"_rootPartCFrame":[766.754,229.787,52.636,-0.611,0,0.792,0,1,0,-0.792,0,-0.611],"_humanoidState":5,"_cameraCFrame":[766.971,239.563,49.886,-0.721,-0.671,0.173,0,0.25,0.968,-0.693,0.698,-0.18],"_shiftlockState":true,"_pose":"FreeFall","_animationQueue":[],"_animationSpeed":1,"_zoom":8.547},{"_mousePosition":[683,384],"_rootPartCFrame":[766.565,229.867,52.66,-0.661,0,0.75,0,1,0,-0.75,0,-0.661],"_humanoidState":5,"_cameraCFrame":[766.649,239.64,49.892,-0.755,-0.634,0.165,0,0.251,0.968,-0.655,0.731,-0.19],"_shiftlockState":true,"_pose":"FreeFall","_animationQueue":[],"_animationSpeed":1,"_zoom":8.547},{"_mousePosition":[683,384],"_rootPartCFrame":[766.234,229.932,52.67,-0.657,0,0.754,0,1,0,-0.754,0,-0.657],"_humanoidState":5,"_cameraCFrame":[765.937,238.029,50.216,-0.786,-0.598,0.158,0,0.256,0.967,-0.618,0.76,-0.201],"_shiftlockState":true,"_pose":"FreeFall","_animationQueue":[],"_animationSpeed":1,"_zoom":8.547},{"_mousePosition":[683,384],"_rootPartCFrame":[765.968,229.923,52.687,-0.713,0,0.702,0,1,0,-0.702,0,-0.713],"_humanoidState":5,"_cameraCFrame":[765.567,238.028,50.222,-0.817,-0.557,0.15,0,0.26,0.965,-0.577,0.789,-0.213],"_shiftlockState":true,"_pose":"FreeFall","_animationQueue":[["fall",0.3]],"_animationSpeed":1,"_zoom":8.547},{"_mousePosition":[683,384],"_rootPartCFrame":[765.703,229.859,52.717,-0.747,0,0.664,0,1,0,-0.664,0,-0.747],"_humanoidState":5,"_cameraCFrame":[765.222,238.028,50.224,-0.842,-0.52,0.144,0,0.266,0.964,-0.54,0.812,-0.224],"_shiftlockState":true,"_pose":"FreeFall","_animationQueue":[],"_animationSpeed":1,"_zoom":8.547},{"_mousePosition":[683,384],"_rootPartCFrame":[765.505,229.776,52.749,-0.794,0,0.608,0,1,0,-0.608,0,-0.794],"_humanoidState":5,"_cameraCFrame":[764.927,238.027,50.22,-0.87,-0.474,0.135,0,0.273,0.962,-0.493,0.837,-0.237],"_shiftlockState":true,"_pose":"FreeFall","_animationQueue":[],"_animationSpeed":1,"_zoom":8.547},{"_mousePosition":[683,384],"_rootPartCFrame":[765.179,229.568,52.818,-0.793,0,0.609,0,1,0,-0.609,0,-0.793],"_humanoidState":5,"_cameraCFrame":[764.542,237.906,50.243,-0.888,-0.442,0.129,0,0.28,0.96,-0.46,0.852,-0.248],"_shiftlockState":true,"_pose":"FreeFall","_animationQueue":[],"_animationSpeed":1,"_zoom":8.547},{"_mousePosition":[683,384],"_rootPartCFrame":[764.986,229.403,52.869,-0.847,0,0.532,0,1,0,-0.532,0,-0.847],"_humanoidState":5,"_cameraCFrame":[764.287,237.97,50.194,-0.909,-0.399,0.121,0,0.29,0.957,-0.417,0.87,-0.264],"_shiftlockState":true,"_pose":"FreeFall","_animationQueue":[],"_animationSpeed":1,"_zoom":8.547},{"_mousePosition":[683,384],"_rootPartCFrame":[764.668,229.06,52.969,-0.843,0,0.538,0,1,0,-0.538,0,-0.843],"_humanoidState":5,"_cameraCFrame":[763.948,237.858,50.179,-0.921,-0.372,0.117,0,0.299,0.954,-0.39,0.879,-0.275],"_shiftlockState":true,"_pose":"FreeFall","_animationQueue":[],"_animationSpeed":1,"_zoom":8.547},{"_mousePosition":[683,384],"_rootPartCFrame":[764.417,228.724,53.06,-0.873,0,0.488,0,1,0,-0.488,0,-0.873],"_humanoidState":5,"_cameraCFrame":[763.676,237.711,50.133,-0.932,-0.344,0.113,0,0.312,0.95,-0.362,0.886,-0.291],"_shiftlockState":true,"_pose":"FreeFall","_animationQueue":[],"_animationSpeed":1,"_zoom":8.547},{"_mousePosition":[683,384],"_rootPartCFrame":[764.17,228.333,53.159,-0.888,0,0.461,0,1,0,-0.461,0,-0.888],"_humanoidState":5,"_cameraCFrame":[763.414,237.45,50.095,-0.941,-0.321,0.111,0,0.326,0.945,-0.339,0.889,-0.307],"_shiftlockState":true,"_pose":"FreeFall","_animationQueue":[["fall",0.3]],"_animationSpeed":1,"_zoom":8.547},{"_mousePosition":[683,384],"_rootPartCFrame":[763.986,228.004,53.238,-0.91,0,0.414,0,1,0,-0.414,0,-0.91],"_humanoidState":5,"_cameraCFrame":[763.224,237.206,50.011,-0.948,-0.299,0.109,0,0.343,0.939,-0.318,0.89,-0.326],"_shiftlockState":true,"_pose":"FreeFall","_animationQueue":[],"_animationSpeed":1,"_zoom":8.547},{"_mousePosition":[683,384],"_rootPartCFrame":[763.684,227.388,53.379,-0.897,0,0.443,0,1,0,-0.443,0,-0.897],"_humanoidState":5,"_cameraCFrame":[762.913,236.642,50.012,-0.953,-0.281,0.108,0,0.359,0.934,-0.301,0.89,-0.342],"_shiftlockState":true,"_pose":"FreeFall","_animationQueue":[],"_animationSpeed":1,"_zoom":8.547},{"_mousePosition":[683,384],"_rootPartCFrame":[763.445,226.834,53.497,-0.916,0,0.402,0,1,0,-0.402,0,-0.916],"_humanoidState":5,"_cameraCFrame":[762.647,236.094,49.986,-0.96,-0.26,0.105,0,0.376,0.927,-0.28,0.89,-0.361],"_shiftlockState":true,"_pose":"FreeFall","_animationQueue":[],"_animationSpeed":1,"_zoom":8.547},{"_mousePosition":[683,384],"_rootPartCFrame":[763.208,226.226,53.619,-0.924,0,0.382,0,1,0,-0.382,0,-0.924],"_humanoidState":5,"_cameraCFrame":[762.354,235.452,49.915,-0.968,-0.228,0.1,0,0.4,0.916,-0.249,0.887,-0.388],"_shiftlockState":true,"_pose":"FreeFall","_animationQueue":[],"_animationSpeed":1,"_zoom":8.547},{"_mousePosition":[683,384],"_rootPartCFrame":[762.974,225.563,53.747,-0.936,0,0.353,0,1,0,-0.353,0,-0.936],"_humanoidState":5,"_cameraCFrame":[762.042,234.697,49.796,-0.977,-0.192,0.092,0,0.433,0.902,-0.212,0.881,-0.423],"_shiftlockState":true,"_pose":"FreeFall","_animationQueue":[],"_animationSpeed":1,"_zoom":8.547},{"_mousePosition":[683,384],"_rootPartCFrame":[762.743,224.845,53.881,-0.948,0,0.318,0,1,0,-0.318,0,-0.948],"_humanoidState":5,"_cameraCFrame":[761.756,233.828,49.614,-0.983,-0.161,0.086,0,0.473,0.881,-0.183,0.866,-0.465],"_shiftlockState":true,"_pose":"FreeFall","_animationQueue":[],"_animationSpeed":1,"_zoom":8.547},{"_mousePosition":[683,384],"_rootPartCFrame":[762.584,224.854,53.975,-0.977,0,0.213,0,1,0,-0.213,0,-0.977],"_humanoidState":12,"_cameraCFrame":[761.601,233.649,49.36,-0.986,-0.145,0.087,0,0.515,0.857,-0.169,0.845,-0.507],"_shiftlockState":true,"_pose":"Climbing","_animationQueue":[["fall",0.3],["walk",0.1],["fall",0.3],["climb",0.1],["climb",0]],"_animationSpeed":-3.69,"_zoom":8.547},{"_mousePosition":[683,384],"_rootPartCFrame":[762.361,225.08,54.107,-0.984,0,0.176,0,1,0,-0.176,0,-0.984],"_humanoidState":12,"_cameraCFrame":[761.397,233.804,49.354,-0.986,-0.143,0.089,0,0.531,0.848,-0.168,0.835,-0.523],"_shiftlockState":true,"_pose":"Climbing","_animationQueue":[["climb",0.1]],"_animationSpeed":0.69,"_zoom":8.547},{"_mousePosition":[683,384],"_rootPartCFrame":[762.221,225.266,54.189,-0.986,0,0.169,0,1,0,-0.169,0,-0.986],"_humanoidState":12,"_cameraCFrame":[761.258,233.997,49.432,-0.986,-0.143,0.089,0,0.531,0.848,-0.168,0.835,-0.523],"_shiftlockState":true,"_pose":"Climbing","_animationQueue":[["climb",0.1]],"_animationSpeed":0.932,"_zoom":8.547},{"_mousePosition":[683,384],"_rootPartCFrame":[762.139,225.406,54.238,-0.986,0,0.168,0,1,0,-0.168,0,-0.986],"_humanoidState":12,"_cameraCFrame":[761.176,234.141,49.478,-0.986,-0.143,0.089,0,0.531,0.848,-0.168,0.835,-0.523],"_shiftlockState":true,"_pose":"Climbing","_animationQueue":[["climb",0]],"_animationSpeed":0.932,"_zoom":8.547},{"_mousePosition":[683,384],"_rootPartCFrame":[762.076,225.588,54.244,-0.991,0.002,0.137,0.002,1,0,-0.137,0,-0.991],"_humanoidState":12,"_cameraCFrame":[761.272,234.308,49.427,-0.98,-0.168,0.106,0,0.534,0.845,-0.199,0.829,-0.523],"_shiftlockState":true,"_pose":"Climbing","_animationQueue":[],"_animationSpeed":0.932,"_zoom":8.547},{"_mousePosition":[683,384],"_rootPartCFrame":[762.05,225.821,54.231,-0.981,0,0.195,0,1,0,-0.195,0,-0.981],"_humanoidState":12,"_cameraCFrame":[762.669,234.384,49.155,-0.891,-0.375,0.255,0,0.562,0.827,-0.453,0.737,-0.501],"_shiftlockState":true,"_pose":"Climbing","_animationQueue":[],"_animationSpeed":0.932,"_zoom":8.547},{"_mousePosition":[683,384],"_rootPartCFrame":[762.05,225.961,54.029,-0.895,0,0.446,0,1,0,-0.446,0,-0.895],"_humanoidState":12,"_cameraCFrame":[765.156,234.395,49.748,-0.569,-0.667,0.48,0,0.584,0.812,-0.822,0.462,-0.333],"_shiftlockState":true,"_pose":"Climbing","_animationQueue":[],"_animationSpeed":0.932,"_zoom":8.547},{"_mousePosition":[683,384],"_rootPartCFrame":[761.98,226.555,53.786,-0.567,0.003,0.824,0.002,1,-0.003,-0.824,0,-0.567],"_humanoidState":8,"_cameraCFrame":[766.529,235.171,51.596,-0.095,-0.829,0.551,0,0.554,0.833,-0.996,0.079,-0.052],"_shiftlockState":true,"_pose":"Standing","_animationQueue":[["climb",0.1],["idle",0.1],["idle",0.1]],"_animationSpeed":1,"_zoom":8.547},{"_mousePosition":[683,384],"_rootPartCFrame":[761.9,227.439,53.786,-0.089,0.006,0.996,0.002,1,-0.006,-0.996,0.001,-0.089],"_humanoidState":3,"_cameraCFrame":[766.166,236.449,52.537,0.12,-0.873,0.474,0,0.477,0.879,-0.993,-0.105,0.057],"_shiftlockState":true,"_pose":"Jumping","_animationQueue":[["walk",0.1],["jump",0.1]],"_animationSpeed":1,"_zoom":8.547},{"_mousePosition":[683,384],"_rootPartCFrame":[761.825,228.081,53.785,0.108,0.004,0.994,0.001,1,-0.004,-0.994,0.002,0.108],"_humanoidState":5,"_cameraCFrame":[765.475,237.474,53.072,0.292,-0.883,0.366,0,0.383,0.924,-0.956,-0.27,0.112],"_shiftlockState":true,"_pose":"FreeFall","_animationQueue":[["jump",0.1]],"_animationSpeed":1,"_zoom":8.547},{"_mousePosition":[683,384],"_rootPartCFrame":[761.65,229.083,53.72,0.263,0.001,0.965,-0.001,1,0,-0.965,-0.001,0.263],"_humanoidState":5,"_cameraCFrame":[764.73,238.022,53.47,0.499,-0.82,0.281,0,0.324,0.946,-0.867,-0.472,0.161],"_shiftlockState":true,"_pose":"FreeFall","_animationQueue":[],"_animationSpeed":1,"_zoom":8.547},{"_mousePosition":[683,384],"_rootPartCFrame":[761.433,230,53.743,0.381,0,0.924,0,1,0,-0.924,0,0.381],"_humanoidState":5,"_cameraCFrame":[764.152,238.024,53.724,0.639,-0.733,0.234,0,0.304,0.953,-0.77,-0.608,0.194],"_shiftlockState":true,"_pose":"FreeFall","_animationQueue":[],"_animationSpeed":1,"_zoom":8.547},{"_mousePosition":[683,384],"_rootPartCFrame":[761.282,230.509,53.776,0.563,0,0.827,0,1,0,-0.827,0,0.563],"_humanoidState":5,"_cameraCFrame":[763.767,238.026,53.969,0.755,-0.629,0.185,0,0.283,0.959,-0.655,-0.724,0.214],"_shiftlockState":true,"_pose":"FreeFall","_animationQueue":[],"_animationSpeed":1,"_zoom":8.547},{"_mousePosition":[683,384],"_rootPartCFrame":[761.049,231.14,53.814,0.666,0,0.746,0,1,0,-0.746,0,0.666],"_humanoidState":5,"_cameraCFrame":[763.36,238.027,54.051,0.817,-0.555,0.157,0,0.273,0.962,-0.577,-0.786,0.223],"_shiftlockState":true,"_pose":"FreeFall","_animationQueue":[],"_animationSpeed":1,"_zoom":8.547},{"_mousePosition":[683,384],"_rootPartCFrame":[760.793,231.717,53.823,0.741,0,0.671,0,1,0,-0.671,0,0.741],"_humanoidState":5,"_cameraCFrame":[762.992,238.027,54.062,0.853,-0.503,0.141,0,0.271,0.963,-0.522,-0.821,0.231],"_shiftlockState":true,"_pose":"FreeFall","_animationQueue":[],"_animationSpeed":1,"_zoom":8.547},{"_mousePosition":[683,384],"_rootPartCFrame":[760.531,232.239,53.794,0.787,0,0.617,0,1,0,-0.617,0,0.787],"_humanoidState":5,"_cameraCFrame":[762.647,238.027,53.99,0.872,-0.47,0.132,0,0.271,0.963,-0.489,-0.84,0.236],"_shiftlockState":true,"_pose":"FreeFall","_animationQueue":[],"_animationSpeed":1,"_zoom":8.547},{"_mousePosition":[683,384],"_rootPartCFrame":[760.272,232.707,53.736,0.813,0,0.582,0,1,0,-0.582,0,0.813],"_humanoidState":5,"_cameraCFrame":[762.322,238.027,53.868,0.883,-0.451,0.127,0,0.271,0.962,-0.468,-0.85,0.24],"_shiftlockState":true,"_pose":"FreeFall","_animationQueue":[],"_animationSpeed":1,"_zoom":8.547},{"_mousePosition":[683,384],"_rootPartCFrame":[760.014,233.12,53.665,0.828,0,0.561,0,1,0,-0.561,0,0.828],"_humanoidState":5,"_cameraCFrame":[762.011,238.027,53.72,0.889,-0.441,0.125,0,0.272,0.962,-0.458,-0.855,0.242],"_shiftlockState":true,"_pose":"FreeFall","_animationQueue":[],"_animationSpeed":1,"_zoom":8.547},{"_mousePosition":[683,384],"_rootPartCFrame":[759.759,233.479,53.588,0.835,0,0.55,0,1,0,-0.55,0,0.835],"_humanoidState":5,"_cameraCFrame":[761.711,238.027,53.567,0.892,-0.435,0.124,0,0.273,0.962,-0.453,-0.858,0.243],"_shiftlockState":true,"_pose":"FreeFall","_animationQueue":[],"_animationSpeed":1,"_zoom":8.547},{"_mousePosition":[683,384],"_rootPartCFrame":[759.505,233.783,53.507,0.839,0,0.544,0,1,0,-0.544,0,0.839],"_humanoidState":5,"_cameraCFrame":[761.418,238.027,53.409,0.892,-0.435,0.124,0,0.273,0.962,-0.453,-0.858,0.243],"_shiftlockState":true,"_pose":"FreeFall","_animationQueue":[],"_animationSpeed":1,"_zoom":8.547},{"_mousePosition":[683,384],"_rootPartCFrame":[759.315,233.976,53.445,0.853,0,0.521,0,1,0,-0.521,0,0.853],"_humanoidState":5,"_cameraCFrame":[761.203,238.027,53.301,0.892,-0.435,0.123,0,0.273,0.962,-0.452,-0.858,0.243],"_shiftlockState":true,"_pose":"FreeFall","_animationQueue":[],"_animationSpeed":1,"_zoom":8.547},{"_mousePosition":[683,384],"_rootPartCFrame":[758.998,234.228,53.342,0.825,0,0.564,0,1,0,-0.564,0,0.825],"_humanoidState":5,"_cameraCFrame":[760.855,238.027,53.143,0.895,-0.43,0.122,0,0.273,0.962,-0.447,-0.861,0.244],"_shiftlockState":true,"_pose":"FreeFall","_animationQueue":[],"_animationSpeed":1,"_zoom":8.547},{"_mousePosition":[683,384],"_rootPartCFrame":[758.745,234.369,53.259,0.843,0,0.539,0,1,0,-0.539,0,0.843],"_humanoidState":5,"_cameraCFrame":[760.586,238.027,53.045,0.9,-0.42,0.119,0,0.273,0.962,-0.437,-0.865,0.245],"_shiftlockState":true,"_pose":"FreeFall","_animationQueue":[],"_animationSpeed":1,"_zoom":8.547},{"_mousePosition":[683,384],"_rootPartCFrame":[758.492,234.455,53.175,0.848,0,0.529,0,1,0,-0.529,0,0.848],"_humanoidState":5,"_cameraCFrame":[760.326,238.027,52.974,0.909,-0.402,0.113,0,0.271,0.962,-0.418,-0.874,0.246],"_shiftlockState":true,"_pose":"FreeFall","_animationQueue":[],"_animationSpeed":1,"_zoom":8.547},{"_mousePosition":[683,384],"_rootPartCFrame":[758.24,234.487,53.088,0.859,0,0.512,0,1,0,-0.512,0,0.859],"_humanoidState":5,"_cameraCFrame":[760.074,238.027,52.938,0.922,-0.372,0.104,0,0.269,0.963,-0.386,-0.888,0.248],"_shiftlockState":true,"_pose":"FreeFall","_animationQueue":[],"_animationSpeed":1,"_zoom":8.547},{"_mousePosition":[683,384],"_rootPartCFrame":[757.989,234.464,52.996,0.875,0,0.484,0,1,0,-0.484,0,0.875],"_humanoidState":5,"_cameraCFrame":[759.828,238.028,52.948,0.943,-0.321,0.088,0,0.264,0.964,-0.332,-0.91,0.249],"_shiftlockState":true,"_pose":"FreeFall","_animationQueue":[],"_animationSpeed":1,"_zoom":8.547},{"_mousePosition":[683,384],"_rootPartCFrame":[757.742,234.387,52.896,0.9,0,0.435,0,1,0,-0.435,0,0.9],"_humanoidState":5,"_cameraCFrame":[759.581,238.028,53.021,0.968,-0.241,0.065,0,0.261,0.965,-0.249,-0.935,0.253],"_shiftlockState":true,"_pose":"FreeFall","_animationQueue":[["fall",0.3]],"_animationSpeed":1,"_zoom":8.547},{"_mousePosition":[683,384],"_rootPartCFrame":[757.5,234.255,52.783,0.933,0,0.359,0,1,0,-0.359,0,0.933],"_humanoidState":5,"_cameraCFrame":[759.323,238.028,53.127,0.989,-0.145,0.039,0,0.26,0.965,-0.15,-0.955,0.257],"_shiftlockState":true,"_pose":"FreeFall","_animationQueue":[],"_animationSpeed":1,"_zoom":8.547},{"_mousePosition":[683,384],"_rootPartCFrame":[757.319,234.121,52.712,0.97,0,0.243,0,1,0,-0.243,0,0.97],"_humanoidState":5,"_cameraCFrame":[759.09,238.028,53.309,0.999,-0.033,0.009,0,0.264,0.965,-0.034,-0.964,0.263],"_shiftlockState":true,"_pose":"FreeFall","_animationQueue":[],"_animationSpeed":1,"_zoom":8.547},{"_mousePosition":[683,384],"_rootPartCFrame":[757.008,233.828,52.642,0.98,0,0.198,0,1,0,-0.198,0,0.98],"_humanoidState":5,"_cameraCFrame":[758.698,238.027,53.525,0.997,0.071,-0.02,0,0.27,0.963,0.074,-0.96,0.269],"_shiftlockState":true,"_pose":"FreeFall","_animationQueue":[],"_animationSpeed":1,"_zoom":8.547},{"_mousePosition":[683,384],"_rootPartCFrame":[756.815,233.612,52.629,1,0,0.026,0,1,0,-0.026,0,1],"_humanoidState":5,"_cameraCFrame":[758.338,238.027,53.826,0.975,0.213,-0.061,0,0.274,0.962,0.222,-0.938,0.267],"_shiftlockState":true,"_pose":"FreeFall","_animationQueue":[],"_animationSpeed":1,"_zoom":8.547},{"_mousePosition":[683,384],"_rootPartCFrame":[756.483,233.183,52.606,0.998,0,-0.057,0,1,0,0.057,0,0.998],"_humanoidState":5,"_cameraCFrame":[757.809,237.96,54.081,0.94,0.329,-0.094,0,0.274,0.962,0.342,-0.904,0.257],"_shiftlockState":true,"_pose":"FreeFall","_animationQueue":[],"_animationSpeed":1,"_zoom":8.547},{"_mousePosition":[683,384],"_rootPartCFrame":[756.221,232.779,52.563,0.977,0,-0.214,0,1,0,0.214,0,0.977],"_humanoidState":5,"_cameraCFrame":[757.308,238.027,54.3,0.894,0.431,-0.123,0,0.274,0.962,0.448,-0.86,0.245],"_shiftlockState":true,"_pose":"FreeFall","_animationQueue":[["fall",0.3]],"_animationSpeed":1,"_zoom":8.547},{"_mousePosition":[683,384],"_rootPartCFrame":[755.967,232.32,52.485,0.946,0,-0.325,0,1,0,0.325,0,0.946],"_humanoidState":5,"_cameraCFrame":[756.802,237.909,54.413,0.839,0.523,-0.149,0,0.274,0.962,0.544,-0.807,0.23],"_shiftlockState":true,"_pose":"FreeFall","_animationQueue":[],"_animationSpeed":1,"_zoom":8.547},{"_mousePosition":[683,384],"_rootPartCFrame":[755.784,231.941,52.405,0.889,0,-0.458,0,1,0,0.458,0,0.889],"_humanoidState":5,"_cameraCFrame":[756.322,238.026,54.536,0.781,0.599,-0.174,0,0.278,0.96,0.624,-0.751,0.217],"_shiftlockState":true,"_pose":"FreeFall","_animationQueue":[],"_animationSpeed":1,"_zoom":8.547},{"_mousePosition":[683,384],"_rootPartCFrame":[755.498,231.24,52.234,0.874,0,-0.486,0,1,0,0.486,0,0.874],"_humanoidState":5,"_cameraCFrame":[755.792,237.592,54.482,0.73,0.655,-0.194,0,0.284,0.959,0.683,-0.7,0.208],"_shiftlockState":true,"_pose":"FreeFall","_animationQueue":[],"_animationSpeed":1,"_zoom":8.547},{"_mousePosition":[683,384],"_rootPartCFrame":[755.338,230.778,52.115,0.795,0,-0.607,0,1,0,0.607,0,0.795],"_humanoidState":5,"_cameraCFrame":[755.286,237.744,54.537,0.676,0.705,-0.216,0,0.293,0.956,0.737,-0.646,0.198],"_shiftlockState":true,"_pose":"FreeFall","_animationQueue":[],"_animationSpeed":1,"_zoom":8.547},{"_mousePosition":[683,384],"_rootPartCFrame":[755.109,229.941,51.893,0.778,0,-0.628,0,1,0,0.628,0,0.778],"_humanoidState":5,"_cameraCFrame":[754.778,237.514,54.466,0.646,0.728,-0.23,0,0.301,0.954,0.763,-0.616,0.194],"_shiftlockState":true,"_pose":"FreeFall","_animationQueue":[],"_animationSpeed":1,"_zoom":8.547},{"_mousePosition":[683,384],"_rootPartCFrame":[754.966,229.209,51.696,0.727,0,-0.687,0,1,0,0.687,0,0.727],"_humanoidState":5,"_cameraCFrame":[754.432,237.309,54.399,0.635,0.736,-0.237,0,0.307,0.952,0.773,-0.604,0.195],"_shiftlockState":true,"_pose":"FreeFall","_animationQueue":[["fall",0.3]],"_animationSpeed":1,"_zoom":8.547},{"_mousePosition":[683,384],"_rootPartCFrame":[754.859,228.424,51.484,0.714,0,-0.7,0,1,0,0.7,0,0.714],"_humanoidState":5,"_cameraCFrame":[754.22,236.88,54.27,0.634,0.736,-0.239,0,0.309,0.951,0.773,-0.603,0.196],"_shiftlockState":true,"_pose":"FreeFall","_animationQueue":[],"_animationSpeed":1,"_zoom":8.547},{"_mousePosition":[683,384],"_rootPartCFrame":[754.804,227.799,51.314,0.693,0,-0.721,0,1,0,0.721,0,0.693],"_humanoidState":5,"_cameraCFrame":[754.052,236.599,54.209,0.638,0.731,-0.243,0,0.315,0.949,0.77,-0.605,0.201],"_shiftlockState":true,"_pose":"FreeFall","_animationQueue":[],"_animationSpeed":1,"_zoom":8.547},{"_mousePosition":[683,384],"_rootPartCFrame":[754.757,226.689,51.014,0.733,0,-0.681,0,1,0,0.681,0,0.733],"_humanoidState":5,"_cameraCFrame":[753.942,235.696,54.025,0.652,0.717,-0.246,0,0.325,0.946,0.758,-0.617,0.212],"_shiftlockState":true,"_pose":"FreeFall","_animationQueue":[],"_animationSpeed":1,"_zoom":8.547},{"_mousePosition":[683,384],"_rootPartCFrame":[754.757,225.982,50.823,0.709,0,-0.705,0,1,0,0.705,0,0.709],"_humanoidState":5,"_cameraCFrame":[753.89,235.151,53.964,0.67,0.699,-0.25,0,0.337,0.941,0.742,-0.631,0.226],"_shiftlockState":true,"_pose":"FreeFall","_animationQueue":[],"_animationSpeed":1,"_zoom":8.547},{"_mousePosition":[683,384],"_rootPartCFrame":[754.78,224.736,50.492,0.759,0,-0.651,0,1,0,0.651,0,0.759],"_humanoidState":5,"_cameraCFrame":[753.887,233.99,53.733,0.685,0.683,-0.253,0,0.347,0.938,0.729,-0.642,0.238],"_shiftlockState":true,"_pose":"FreeFall","_animationQueue":[],"_animationSpeed":1,"_zoom":8.547},{"_mousePosition":[683,384],"_rootPartCFrame":[754.794,223.677,50.225,0.756,0,-0.655,0,1,0,0.655,0,0.756],"_humanoidState":5,"_cameraCFrame":[753.921,232.952,53.639,0.718,0.648,-0.255,0,0.366,0.931,0.696,-0.668,0.263],"_shiftlockState":true,"_pose":"FreeFall","_animationQueue":[],"_animationSpeed":1,"_zoom":8.547},{"_mousePosition":[683,384],"_rootPartCFrame":[754.807,223.678,49.984,0.739,0,-0.673,0,1,0,0.673,0,0.739],"_humanoidState":12,"_cameraCFrame":[754.134,232.903,53.698,0.789,0.564,-0.244,0,0.397,0.918,0.614,-0.724,0.314],"_shiftlockState":true,"_pose":"Climbing","_animationQueue":[["fall",0.3],["walk",0.1],["fall",0.3],["climb",0.1],["climb",0]],"_animationSpeed":-5.393,"_zoom":8.547},{"_mousePosition":[683,384],"_rootPartCFrame":[754.815,223.815,49.829,0.791,0,-0.611,0,1,0,0.611,0,0.791],"_humanoidState":12,"_cameraCFrame":[754.798,232.82,54.113,0.911,0.365,-0.19,0,0.462,0.887,0.412,-0.808,0.421],"_shiftlockState":true,"_pose":"Climbing","_animationQueue":[["climb",0.1]],"_animationSpeed":0.808,"_zoom":8.547},{"_mousePosition":[683,384],"_rootPartCFrame":[754.774,224.032,49.812,0.874,0.004,-0.487,-0.005,1,0,0.487,0.002,0.874],"_humanoidState":12,"_cameraCFrame":[755.774,232.711,54.567,0.987,0.137,-0.086,0,0.533,0.846,0.162,-0.835,0.526],"_shiftlockState":true,"_pose":"Climbing","_animationQueue":[["climb",0.1]],"_animationSpeed":0.927,"_zoom":8.547},{"_mousePosition":[683,384],"_rootPartCFrame":[754.628,224.172,50.015,0.984,0.001,-0.177,-0.001,1,-0.001,0.177,0.001,0.984],"_humanoidState":12,"_cameraCFrame":[757.44,232.46,54.653,0.977,-0.171,0.129,0,0.603,0.798,-0.215,-0.779,0.589],"_shiftlockState":true,"_pose":"Climbing","_animationQueue":[],"_animationSpeed":0.927,"_zoom":8.547},{"_mousePosition":[683,384],"_rootPartCFrame":[754.352,224.698,50.101,0.978,0.003,0.208,-0.002,1,-0.002,-0.208,0.001,0.978],"_humanoidState":8,"_cameraCFrame":[758.177,232.895,54.131,0.905,-0.334,0.262,0,0.618,0.786,-0.424,-0.712,0.56],"_shiftlockState":true,"_pose":"Standing","_animationQueue":[["climb",0.1],["walk",0.1],["idle",0.1]],"_animationSpeed":1,"_zoom":8.547},{"_mousePosition":[683,384],"_rootPartCFrame":[754.129,225.09,50.004,0.902,0.001,0.432,-0.001,1,-0.001,-0.432,0.001,0.902],"_humanoidState":8,"_cameraCFrame":[758.11,233.407,53.682,0.88,-0.38,0.286,0,0.601,0.799,-0.476,-0.703,0.529],"_shiftlockState":true,"_pose":"Running","_animationQueue":[["walk",0.1]],"_animationSpeed":0.882,"_zoom":8.547},{"_mousePosition":[683,384],"_rootPartCFrame":[753.917,225.973,49.865,0.873,0,0.487,0,1,0.001,-0.487,0,0.873],"_humanoidState":3,"_cameraCFrame":[757.516,234.472,53.603,0.912,-0.336,0.235,0,0.572,0.82,-0.41,-0.748,0.522],"_shiftlockState":true,"_pose":"Jumping","_animationQueue":[["walk",0.1],["walk",0.1],["jump",0.1]],"_animationSpeed":1,"_zoom":8.547},{"_mousePosition":[683,384],"_rootPartCFrame":[753.75,226.615,49.774,0.887,-0.001,0.462,0,1,0.001,-0.462,-0.001,0.887],"_humanoidState":5,"_cameraCFrame":[756.429,235.407,53.726,0.976,-0.187,0.114,0,0.52,0.854,-0.219,-0.833,0.508],"_shiftlockState":true,"_pose":"FreeFall","_animationQueue":[["jump",0.1]],"_animationSpeed":1,"_zoom":8.547},{"_mousePosition":[683,384],"_rootPartCFrame":[753.444,227.617,49.65,0.931,0,0.364,0,1,0,-0.364,0,0.931],"_humanoidState":5,"_cameraCFrame":[755.27,236.588,53.758,1,-0.016,0.009,0,0.485,0.875,-0.018,-0.874,0.485],"_shiftlockState":true,"_pose":"FreeFall","_animationQueue":[],"_animationSpeed":1,"_zoom":8.547},{"_mousePosition":[683,384],"_rootPartCFrame":[753.264,228.177,49.566,0.965,0,-0.263,0,1,0,0.263,0,0.965],"_humanoidState":5,"_cameraCFrame":[753.944,237.38,53.604,0.962,0.245,-0.118,0,0.433,0.901,0.271,-0.867,0.417],"_shiftlockState":true,"_pose":"FreeFall","_animationQueue":[["jump",0.1]],"_animationSpeed":1,"_zoom":8.547},{"_mousePosition":[683,384],"_rootPartCFrame":[753.019,228.876,49.467,0.99,0,-0.142,0,1,0,0.142,0,0.99],"_humanoidState":5,"_cameraCFrame":[753.693,238.01,53.414,0.96,0.253,-0.119,0,0.427,0.904,0.279,-0.868,0.41],"_shiftlockState":true,"_pose":"FreeFall","_animationQueue":[],"_animationSpeed":1,"_zoom":8.547},{"_mousePosition":[683,384],"_rootPartCFrame":[752.763,229.521,49.393,0.989,0,-0.149,0,1,0,0.149,0,0.989],"_humanoidState":5,"_cameraCFrame":[753.498,238.011,52.997,0.957,0.264,-0.122,0,0.42,0.907,0.29,-0.868,0.402],"_shiftlockState":true,"_pose":"FreeFall","_animationQueue":[["fall",0.3]],"_animationSpeed":1,"_zoom":8.547},{"_mousePosition":[683,384],"_rootPartCFrame":[752.507,230.112,49.319,0.987,0,-0.161,0,1,0,0.161,0,0.987],"_humanoidState":5,"_cameraCFrame":[753.28,238.012,52.617,0.952,0.28,-0.127,0,0.413,0.911,0.307,-0.867,0.393],"_shiftlockState":true,"_pose":"FreeFall","_animationQueue":[],"_animationSpeed":1,"_zoom":8.547},{"_mousePosition":[683,384],"_rootPartCFrame":[752.251,230.648,49.242,0.984,0,-0.178,0,1,0,0.178,0,0.984],"_humanoidState":5,"_cameraCFrame":[753.043,238.013,52.27,0.944,0.303,-0.134,0,0.405,0.914,0.331,-0.863,0.382],"_shiftlockState":true,"_pose":"FreeFall","_animationQueue":[],"_animationSpeed":1,"_zoom":8.547},{"_mousePosition":[683,384],"_rootPartCFrame":[752.061,231.014,49.181,0.972,0,-0.235,0,1,0,0.235,0,0.972],"_humanoidState":5,"_cameraCFrame":[752.823,238.014,52.027,0.931,0.336,-0.145,0,0.396,0.918,0.366,-0.855,0.368],"_shiftlockState":true,"_pose":"FreeFall","_animationQueue":[],"_animationSpeed":1,"_zoom":8.547},{"_mousePosition":[683,384],"_rootPartCFrame":[751.746,231.556,49.072,0.979,0,-0.206,0,1,0,0.206,0,0.979],"_humanoidState":5,"_cameraCFrame":[752.516,238.015,51.69,0.917,0.367,-0.155,0,0.389,0.921,0.399,-0.845,0.357],"_shiftlockState":true,"_pose":"FreeFall","_animationQueue":[],"_animationSpeed":1,"_zoom":8.547},{"_mousePosition":[683,384],"_rootPartCFrame":[751.497,231.928,48.975,0.962,0,-0.273,0,1,0,0.273,0,0.962],"_humanoidState":5,"_cameraCFrame":[752.257,238.015,51.45,0.903,0.397,-0.165,0,0.384,0.923,0.43,-0.834,0.347],"_shiftlockState":true,"_pose":"FreeFall","_animationQueue":[],"_animationSpeed":1,"_zoom":8.547},{"_mousePosition":[683,384],"_rootPartCFrame":[751.252,232.246,48.87,0.952,0,-0.306,0,1,0,0.306,0,0.952],"_humanoidState":5,"_cameraCFrame":[751.992,238.016,51.227,0.886,0.43,-0.176,0,0.378,0.926,0.465,-0.82,0.335],"_shiftlockState":true,"_pose":"FreeFall","_animationQueue":[],"_animationSpeed":1,"_zoom":8.547},{"_mousePosition":[683,384],"_rootPartCFrame":[751.071,232.449,48.786,0.927,0,-0.374,0,1,0,0.374,0,0.927],"_humanoidState":5,"_cameraCFrame":[751.754,238.017,51.08,0.863,0.469,-0.189,0,0.373,0.928,0.506,-0.8,0.321],"_shiftlockState":true,"_pose":"FreeFall","_animationQueue":[["fall",0.3]],"_animationSpeed":1,"_zoom":8.547},{"_mousePosition":[683,384],"_rootPartCFrame":[750.775,232.718,48.632,0.935,0,-0.356,0,1,0,0.356,0,0.935],"_humanoidState":5,"_cameraCFrame":[751.426,238.017,50.841,0.838,0.507,-0.2,0,0.367,0.93,0.545,-0.78,0.307],"_shiftlockState":true,"_pose":"FreeFall","_animationQueue":[],"_animationSpeed":1,"_zoom":8.547},{"_mousePosition":[683,384],"_rootPartCFrame":[750.602,232.839,48.533,0.889,0,-0.459,0,1,0,0.459,0,0.889],"_humanoidState":5,"_cameraCFrame":[751.183,238.018,50.718,0.811,0.545,-0.212,0,0.363,0.932,0.585,-0.756,0.294],"_shiftloc