[{"_mousePosition":[1110,392],"_rootPartCFrame":[776.035,222.977,47.142,-0.001,-0.007,1,0,1,0.007,-1,0,-0.001],"_humanoidState":8,"_cameraCFrame":[796.872,235.803,48.187,0.05,-0.476,0.878,0,0.879,0.477,-0.999,-0.024,0.044],"_shiftlockState":false,"_pose":"Standing","_animationQueue":[],"_animationSpeed":1,"_zoom":23.749},{"_mousePosition":[1081,391],"_rootPartCFrame":[775.918,222.912,47.136,0.003,-0.003,1,0,1,0.003,-1,0,0.003],"_humanoidState":8,"_cameraCFrame":[796.761,235.738,48.181,0.05,-0.476,0.878,0,0.879,0.477,-0.999,-0.024,0.044],"_shiftlockState":false,"_pose":"Standing","_animationQueue":[],"_animationSpeed":1,"_zoom":23.749},{"_mousePosition":[1038,387],"_rootPartCFrame":[775.79,222.848,47.13,0.006,-0.001,1,0,1,0.001,-1,0,0.006],"_humanoidState":8,"_cameraCFrame":[796.636,235.674,48.174,0.05,-0.476,0.878,0,0.879,0.477,-0.999,-0.024,0.044],"_shiftlockState":false,"_pose":"Running","_animationQueue":[["walk",0.1]],"_animationSpeed":0.829,"_zoom":23.749},{"_mousePosition":[1014,384],"_rootPartCFrame":[775.39,222.655,47.11,0.015,0,1,0,1,0,-1,0,0.015],"_humanoidState":8,"_cameraCFrame":[796.239,235.481,48.154,0.05,-0.476,0.878,0,0.879,0.477,-0.999,-0.024,0.044],"_shiftlockState":false,"_pose":"Running","_animationQueue":[["walk",0.1],["walk",0.1]],"_animationSpeed":1.067,"_zoom":23.749},{"_mousePosition":[983,380],"_rootPartCFrame":[775.257,222.655,47.103,0.017,0,1,0,1,0,-1,0,0.017],"_humanoidState":8,"_cameraCFrame":[796.105,235.481,48.148,0.05,-0.476,0.878,0,0.879,0.477,-0.999,-0.024,0.044],"_shiftlockState":false,"_pose":"Running","_animationQueue":[],"_animationSpeed":1.067,"_zoom":23.749},{"_mousePosition":[959,378],"_rootPartCFrame":[774.991,222.67,47.09,0.022,0,1,0,1,0,-1,0,0.022],"_humanoidState":8,"_cameraCFrame":[795.839,235.497,48.134,0.05,-0.476,0.878,0,0.879,0.477,-0.999,-0.024,0.044],"_shiftlockState":false,"_pose":"Running","_animationQueue":[],"_animationSpeed":1.067,"_zoom":23.749},{"_mousePosition":[924,375],"_rootPartCFrame":[774.724,222.683,47.076,0.026,0,1,0,1,0,-1,0,0.026],"_humanoidState":8,"_cameraCFrame":[795.572,235.509,48.121,0.05,-0.476,0.878,0,0.879,0.477,-0.999,-0.024,0.044],"_shiftlockState":false,"_pose":"Running","_animationQueue":[],"_animationSpeed":1.067,"_zoom":23.749},{"_mousePosition":[900,373],"_rootPartCFrame":[774.325,222.693,47.056,0.03,0,1,0,1,0,-1,0,0.03],"_humanoidState":8,"_cameraCFrame":[795.173,235.519,48.101,0.05,-0.476,0.878,0,0.879,0.477,-0.999,-0.024,0.044],"_shiftlockState":false,"_pose":"Running","_animationQueue":[],"_animationSpeed":1.067,"_zoom":23.749},{"_mousePosition":[855,370],"_rootPartCFrame":[774.192,222.695,47.05,0.032,0,0.999,0,1,0,-0.999,0,0.032],"_humanoidState":8,"_cameraCFrame":[795.039,235.521,48.094,0.05,-0.476,0.878,0,0.879,0.477,-0.999,-0.024,0.044],"_shiftlockState":false,"_pose":"Running","_animationQueue":[],"_animationSpeed":1.067,"_zoom":23.749},{"_mousePosition":[822,367],"_rootPartCFrame":[773.792,222.698,47.03,0.035,0,0.999,0,1,0,-0.999,0,0.035],"_humanoidState":8,"_cameraCFrame":[794.64,235.524,48.074,0.05,-0.476,0.878,0,0.879,0.477,-0.999,-0.024,0.044],"_shiftlockState":false,"_pose":"Running","_animationQueue":[],"_animationSpeed":1.067,"_zoom":23.749},{"_mousePosition":[778,362],"_rootPartCFrame":[773.659,222.698,47.023,0.037,0,0.999,0,1,0,-0.999,0,0.037],"_humanoidState":8,"_cameraCFrame":[794.507,235.525,48.068,0.05,-0.476,0.878,0,0.879,0.477,-0.999,-0.024,0.044],"_shiftlockState":false,"_pose":"Running","_animationQueue":[["walk",0.1]],"_animationSpeed":1.067,"_zoom":23.749},{"_mousePosition":[753,359],"_rootPartCFrame":[773.259,222.699,47.003,0.039,0,0.999,0,1,0,-0.999,0,0.039],"_humanoidState":8,"_cameraCFrame":[794.107,235.525,48.048,0.05,-0.476,0.878,0,0.879,0.477,-0.999,-0.024,0.044],"_shiftlockState":false,"_pose":"Running","_animationQueue":[],"_animationSpeed":1.067,"_zoom":23.749},{"_mousePosition":[721,357],"_rootPartCFrame":[773.126,222.699,46.996,0.04,0,0.999,0,1,0,-0.999,0,0.04],"_humanoidState":8,"_cameraCFrame":[793.974,235.526,48.041,0.05,-0.476,0.878,0,0.879,0.477,-0.999,-0.024,0.044],"_shiftlockState":false,"_pose":"Running","_animationQueue":[],"_animationSpeed":1.067,"_zoom":23.749},{"_mousePosition":[707,357],"_rootPartCFrame":[772.86,222.699,46.983,0.041,0,0.999,0,1,0,-0.999,0,0.041],"_humanoidState":8,"_cameraCFrame":[793.708,235.526,48.028,0.05,-0.476,0.878,0,0.879,0.477,-0.999,-0.024,0.044],"_shiftlockState":false,"_pose":"Running","_animationQueue":[],"_animationSpeed":1.067,"_zoom":23.749},{"_mousePosition":[698,359],"_rootPartCFrame":[772.593,222.699,46.97,0.043,0,0.999,0,1,0,-0.999,0,0.043],"_humanoidState":8,"_cameraCFrame":[793.441,235.526,48.014,0.05,-0.476,0.878,0,0.879,0.477,-0.999,-0.024,0.044],"_shiftlockState":false,"_pose":"Running","_animationQueue":[],"_animationSpeed":1.067,"_zoom":23.749},{"_mousePosition":[696,364],"_rootPartCFrame":[772.194,222.7,46.95,0.044,0,0.999,0,1,0,-0.999,0,0.044],"_humanoidState":8,"_cameraCFrame":[793.042,235.526,47.994,0.05,-0.476,0.878,0,0.879,0.477,-0.999,-0.024,0.044],"_shiftlockState":false,"_pose":"Running","_animationQueue":[],"_animationSpeed":1.067,"_zoom":23.749},{"_mousePosition":[696,364],"_rootPartCFrame":[772.061,222.7,46.943,0.044,0,0.999,0,1,0,-0.999,0,0.044],"_humanoidState":8,"_cameraCFrame":[792.735,235.828,48.109,0.056,-0.489,0.871,0,0.872,0.49,-0.998,-0.028,0.049],"_shiftlockState":false,"_pose":"Running","_animationQueue":[["walk",0.1]],"_animationSpeed":1.067,"_zoom":23.749},{"_mousePosition":[696,364],"_rootPartCFrame":[771.728,223.783,46.926,0.046,0,0.999,0,1,0,-0.999,0,0.046],"_humanoidState":3,"_cameraCFrame":[792.207,237.227,48.318,0.068,-0.502,0.862,0,0.864,0.503,-0.998,-0.034,0.059],"_shiftlockState":false,"_pose":"Jumping","_animationQueue":[["walk",0.1],["jump",0.1]],"_animationSpeed":1,"_zoom":23.749},{"_mousePosition":[696,364],"_rootPartCFrame":[771.528,224.395,46.915,0.046,0,0.999,0,1,0,-0.999,0,0.046],"_humanoidState":5,"_cameraCFrame":[791.759,238.217,48.61,0.083,-0.517,0.852,0,0.855,0.519,-0.997,-0.043,0.071],"_shiftlockState":false,"_pose":"FreeFall","_animationQueue":[["jump",0.1]],"_animationSpeed":1,"_zoom":23.749},{"_mousePosition":[696,364],"_rootPartCFrame":[771.262,225.162,46.898,0.049,0,0.999,0,1,0,-0.999,0,0.049],"_humanoidState":5,"_cameraCFrame":[791.167,239.456,48.923,0.101,-0.536,0.838,0,0.842,0.539,-0.995,-0.055,0.085],"_shiftlockState":false,"_pose":"FreeFall","_animationQueue":[],"_animationSpeed":1,"_zoom":23.749},{"_mousePosition":[696,364],"_rootPartCFrame":[770.996,225.875,46.876,0.053,0,0.999,0,1,0,-0.999,0,0.053],"_humanoidState":5,"_cameraCFrame":[790.523,240.713,49.069,0.112,-0.558,0.822,0,0.827,0.562,-0.994,-0.063,0.092],"_shiftlockState":false,"_pose":"FreeFall","_animationQueue":[],"_animationSpeed":1,"_zoom":23.749},{"_mousePosition":[696,364],"_rootPartCFrame":[770.731,226.534,46.85,0.059,0,0.998,0,1,0,-0.998,0,0.059],"_humanoidState":5,"_cameraCFrame":[789.802,242.013,49.053,0.115,-0.585,0.803,0,0.808,0.589,-0.993,-0.068,0.093],"_shiftlockState":false,"_pose":"FreeFall","_animationQueue":[],"_animationSpeed":1,"_zoom":23.749},{"_mousePosition":[696,364],"_rootPartCFrame":[770.466,227.138,46.82,0.065,0,0.998,0,1,0,-0.998,0,0.065],"_humanoidState":5,"_cameraCFrame":[789.118,243.199,48.836,0.107,-0.61,0.785,0,0.79,0.613,-0.994,-0.066,0.085],"_shiftlockState":false,"_pose":"FreeFall","_animationQueue":[],"_animationSpeed":1,"_zoom":23.749},{"_mousePosition":[696,364],"_rootPartCFrame":[770.134,227.816,46.782,0.074,0,0.997,0,1,0,-0.997,0,0.074],"_humanoidState":5,"_cameraCFrame":[788.547,244.208,48.577,0.097,-0.624,0.775,0,0.779,0.627,-0.995,-0.061,0.076],"_shiftlockState":false,"_pose":"FreeFall","_animationQueue":[],"_animationSpeed":1,"_zoom":23.749},{"_mousePosition":[696,364],"_rootPartCFrame":[769.936,228.182,46.76,0.078,0,0.997,0,1,0,-0.997,0,0.078],"_humanoidState":5,"_cameraCFrame":[788.293,244.634,48.628,0.101,-0.626,0.773,0,0.777,0.63,-0.995,-0.064,0.079],"_shiftlockState":false,"_pose":"FreeFall","_animationQueue":[],"_animationSpeed":1,"_zoom":23.749},{"_mousePosition":[696,364],"_rootPartCFrame":[769.67,228.623,46.734,0.081,0,0.997,0,1,0,-0.997,0,0.081],"_humanoidState":5,"_cameraCFrame":[788.003,245.104,48.599,0.101,-0.628,0.772,0,0.776,0.631,-0.995,-0.064,0.079],"_shiftlockState":false,"_pose":"FreeFall","_animationQueue":[],"_animationSpeed":1,"_zoom":23.749},{"_mousePosition":[696,364],"_rootPartCFrame":[769.405,229.009,46.707,0.084,0,0.996,0,1,0,-0.996,0,0.084],"_humanoidState":5,"_cameraCFrame":[787.738,245.49,48.572,0.101,-0.628,0.772,0,0.776,0.631,-0.995,-0.064,0.079],"_shiftlockState":false,"_pose":"FreeFall","_animationQueue":[],"_animationSpeed":1,"_zoom":23.749},{"_mousePosition":[696,364],"_rootPartCFrame":[769.139,229.34,46.68,0.086,0,0.996,0,1,0,-0.996,0,0.086],"_humanoidState":5,"_cameraCFrame":[787.472,245.821,48.545,0.101,-0.628,0.772,0,0.776,0.631,-0.995,-0.064,0.079],"_shiftlockState":false,"_pose":"FreeFall","_animationQueue":[],"_animationSpeed":1,"_zoom":23.749},{"_mousePosition":[696,364],"_rootPartCFrame":[768.874,229.617,46.653,0.088,0,0.996,0,1,0,-0.996,0,0.088],"_humanoidState":5,"_cameraCFrame":[787.384,246.098,46.777,0.101,-0.628,0.772,0,0.776,0.631,-0.995,-0.064,0.079],"_shiftlockState":true,"_pose":"FreeFall","_animationQueue":[],"_animationSpeed":1,"_zoom":23.749},{"_mousePosition":[683,384],"_rootPartCFrame":[768.609,229.84,46.626,0.102,0,0.995,0,1,0,-0.995,0,0.102],"_humanoidState":5,"_cameraCFrame":[787.119,246.321,46.75,0.101,-0.628,0.772,0,0.776,0.631,-0.995,-0.064,0.079],"_shiftlockState":true,"_pose":"FreeFall","_animationQueue":[],"_animationSpeed":1,"_zoom":23.749},{"_mousePosition":[683,384],"_rootPartCFrame":[768.343,230.008,46.599,0.101,0,0.995,0,1,0,-0.995,0,0.101],"_humanoidState":5,"_cameraCFrame":[786.853,246.489,46.723,0.101,-0.628,0.772,0,0.776,0.631,-0.995,-0.064,0.079],"_shiftlockState":true,"_pose":"FreeFall","_animationQueue":[],"_animationSpeed":1,"_zoom":23.749},{"_mousePosition":[683,384],"_rootPartCFrame":[768.078,230.121,46.572,0.101,0,0.995,0,1,0,-0.995,0,0.101],"_humanoidState":5,"_cameraCFrame":[786.588,246.602,46.696,0.101,-0.628,0.772,0,0.776,0.631,-0.995,-0.064,0.079],"_shiftlockState":true,"_pose":"FreeFall","_animationQueue":[],"_animationSpeed":1,"_zoom":23.749},{"_mousePosition":[683,384],"_rootPartCFrame":[767.813,230.18,46.545,0.101,0,0.995,0,1,0,-0.995,0,0.101],"_humanoidState":5,"_cameraCFrame":[786.323,246.661,46.669,0.101,-0.628,0.772,0,0.776,0.631,-0.995,-0.064,0.079],"_shiftlockState":true,"_pose":"FreeFall","_animationQueue":[],"_animationSpeed":1,"_zoom":23.749},{"_mousePosition":[683,384],"_rootPartCFrame":[767.547,230.185,46.518,0.101,0,0.995,0,1,0,-0.995,0,0.101],"_humanoidState":5,"_cameraCFrame":[786.057,246.666,46.642,0.101,-0.628,0.772,0,0.776,0.631,-0.995,-0.064,0.079],"_shiftlockState":true,"_pose":"FreeFall","_animationQueue":[],"_animationSpeed":1,"_zoom":23.749},{"_mousePosition":[683,384],"_rootPartCFrame":[767.282,230.135,46.491,0.101,0,0.995,0,1,0,-0.995,0,0.101],"_humanoidState":5,"_cameraCFrame":[785.792,246.616,46.615,0.101,-0.628,0.772,0,0.776,0.631,-0.995,-0.064,0.079],"_shiftlockState":true,"_pose":"FreeFall","_animationQueue":[],"_animationSpeed":1,"_zoom":23.749},{"_mousePosition":[683,384],"_rootPartCFrame":[767.016,230.03,46.464,0.101,0,0.995,0,1,0,-0.995,0,0.101],"_humanoidState":5,"_cameraCFrame":[785.204,246.151,46.479,0.097,-0.625,0.774,0,0.778,0.628,-0.995,-0.061,0.075],"_shiftlockState":true,"_pose":"FreeFall","_animationQueue":[],"_animationSpeed":1,"_zoom":18.599},{"_mousePosition":[683,384],"_rootPartCFrame":[766.685,229.823,46.431,0.098,0,0.995,0,1,0,-0.995,0,0.098],"_humanoidState":5,"_cameraCFrame":[784.269,245.408,46.313,0.093,-0.624,0.776,0,0.779,0.627,-0.996,-0.058,0.072],"_shiftlockState":true,"_pose":"FreeFall","_animationQueue":[["fall",0.3]],"_animationSpeed":1,"_zoom":18.599},{"_mousePosition":[683,384],"_rootPartCFrame":[766.419,229.596,46.405,0.093,0,0.996,0,1,0,-0.996,0,0.093],"_humanoidState":5,"_cameraCFrame":[783.313,244.624,46.099,0.086,-0.625,0.776,0,0.779,0.627,-0.996,-0.054,0.067],"_shiftlockState":true,"_pose":"FreeFall","_animationQueue":[],"_animationSpeed":1,"_zoom":18.599},{"_mousePosition":[683,384],"_rootPartCFrame":[766.22,229.389,46.386,0.086,0,0.996,0,1,0,-0.996,0,0.086],"_humanoidState":5,"_cameraCFrame":[782.492,243.959,45.993,0.083,-0.626,0.775,0,0.778,0.628,-0.997,-0.052,0.065],"_shiftlockState":true,"_pose":"FreeFall","_animationQueue":[],"_animationSpeed":1,"_zoom":18.599},{"_mousePosition":[683,384],"_rootPartCFrame":[765.955,229.067,46.363,0.084,0,0.996,0,1,0,-0.996,0,0.084],"_humanoidState":5,"_cameraCFrame":[781.51,243.201,45.894,0.082,-0.631,0.772,0,0.774,0.633,-0.997,-0.052,0.064],"_shiftlockState":true,"_pose":"FreeFall","_animationQueue":[],"_animationSpeed":1,"_zoom":14.479},{"_mousePosition":[683,384],"_rootPartCFrame":[765.689,228.69,46.34,0.083,0,0.997,0,1,0,-0.997,0,0.083],"_humanoidState":5,"_cameraCFrame":[780.201,242.185,45.739,0.079,-0.638,0.766,0,0.769,0.64,-0.997,-0.051,0.061],"_shiftlockState":true,"_pose":"FreeFall","_animationQueue":[],"_animationSpeed":1,"_zoom":14.479},{"_mousePosition":[683,384],"_rootPartCFrame":[765.423,228.258,46.318,0.08,0,0.997,0,1,0,-0.997,0,0.08],"_humanoidState":5,"_cameraCFrame":[779.009,241.205,45.587,0.075,-0.645,0.76,0,0.763,0.647,-0.997,-0.049,0.057],"_shiftlockState":true,"_pose":"FreeFall","_animationQueue":[],"_animationSpeed":1,"_zoom":14.479},{"_mousePosition":[683,384],"_rootPartCFrame":[765.157,227.772,46.297,0.076,0,0.997,0,1,0,-0.997,0,0.076],"_humanoidState":5,"_cameraCFrame":[778.021,240.358,45.458,0.071,-0.654,0.753,0,0.755,0.656,-0.997,-0.047,0.054],"_shiftlockState":true,"_pose":"FreeFall","_animationQueue":[],"_animationSpeed":1,"_zoom":14.479},{"_mousePosition":[683,384],"_rootPartCFrame":[764.891,227.232,46.277,0.072,0,0.997,0,1,0,-0.997,0,0.072],"_humanoidState":5,"_cameraCFrame":[777.08,239.527,45.351,0.068,-0.664,0.744,0,0.746,0.666,-0.998,-0.045,0.051],"_shiftlockState":true,"_pose":"FreeFall","_animationQueue":[["fall",0.3]],"_animationSpeed":1,"_zoom":14.479},{"_mousePosition":[683,384],"_rootPartCFrame":[764.625,226.637,46.258,0.068,0,0.998,0,1,0,-0.998,0,0.068],"_humanoidState":5,"_cameraCFrame":[776.285,238.701,45.236,0.063,-0.673,0.737,0,0.739,0.674,-0.998,-0.042,0.046],"_shiftlockState":true,"_pose":"FreeFall","_animationQueue":[],"_animationSpeed":1,"_zoom":14.479},{"_mousePosition":[683,384],"_rootPartCFrame":[764.359,225.987,46.24,0.063,0,0.998,0,1,0,-0.998,0,0.063],"_humanoidState":5,"_cameraCFrame":[775.675,237.928,45.113,0.055,-0.68,0.731,0,0.733,0.681,-0.998,-0.038,0.04],"_shiftlockState":true,"_pose":"FreeFall","_animationQueue":[],"_animationSpeed":1,"_zoom":14.479},{"_mousePosition":[683,384],"_rootPartCFrame":[764.093,225.283,46.223,0.056,0,0.998,0,1,0,-0.998,0,0.056],"_humanoidState":5,"_cameraCFrame":[775.082,237.137,44.907,0.04,-0.687,0.725,0,0.726,0.688,-0.999,-0.027,0.029],"_shiftlockState":true,"_pose":"FreeFall","_animationQueue":[],"_animationSpeed":1,"_zoom":14.479},{"_mousePosition":[683,384],"_rootPartCFrame":[763.827,224.525,46.208,0.022,0,1,0,1,0,-1,0,0.022],"_humanoidState":5,"_cameraCFrame":[774.185,236.154,44.526,0.007,-0.7,0.715,0,0.715,0.7,-1,-0.005,0.005],"_shiftlockState":true,"_pose":"FreeFall","_animationQueue":[["fall",0.3]],"_animationSpeed":1,"_zoom":14.479},{"_mousePosition":[683,384],"_rootPartCFrame":[763.494,223.5,46.199,0.009,0,1,0,1,0,-1,0,0.009],"_humanoidState":5,"_cameraCFrame":[773.763,235.187,44.334,-0.011,-0.704,0.711,0,0.711,0.704,-1,0.008,-0.008],"_shiftlockState":true,"_pose":"FreeFall","_animationQueue":[],"_animationSpeed":1,"_zoom":14.479},{"_mousePosition":[683,384],"_rootPartCFrame":[763.294,222.845,46.197,-0.011,0,1,0,1,0,-1,0,-0.011],"_humanoidState":7,"_cameraCFrame":[773.456,234.598,44.119,-0.032,-0.708,0.706,0,0.706,0.708,-0.999,0.023,-0.023],"_shiftlockState":true,"_pose":"FreeFall","_animationQueue":[["walk",0.1],["fall",0.3],["fall",0.3]],"_animationSpeed":1,"_zoom":14.479},{"_mousePosition":[683,384],"_rootPartCFrame":[763.027,222.673,46.2,-0.032,0,0.999,0,1,0,-0.999,0,-0.032],"_humanoidState":7,"_cameraCFrame":[773.088,234.484,43.923,-0.052,-0.711,0.701,0,0.702,0.712,-0.999,0.037,-0.037],"_shiftlockState":true,"_pose":"FreeFall","_animationQueue":[],"_animationSpeed":1,"_zoom":14.479},{"_mousePosition":[683,384],"_rootPartCFrame":[762.761,222.764,46.207,-0.052,0,0.999,0,1,0,-0.999,0,-0.052],"_humanoidState":7,"_cameraCFrame":[772.735,234.616,43.744,-0.071,-0.713,0.697,0,0.699,0.715,-0.997,0.051,-0.05],"_shiftlockState":true,"_pose":"FreeFall","_animationQueue":[],"_animationSpeed":1,"_zoom":14.479},{"_mousePosition":[683,384],"_rootPartCFrame":[762.494,222.823,46.221,-0.071,0,0.997,0,1,0,-0.997,0,-0.071],"_humanoidState":8,"_cameraCFrame":[772.39,234.708,43.583,-0.089,-0.714,0.694,0,0.697,0.717,-0.996,0.064,-0.062],"_shiftlockState":true,"_pose":"Running","_animationQueue":[["fall",0.3],["walk",0.1],["fall",0.3],["walk",0.1]],"_animationSpeed":1.103,"_zoom":14.479},{"_mousePosition":[683,384],"_rootPartCFrame":[762.095,222.894,46.248,-0.089,0,0.996,0,1,0,-0.996,0,-0.089],"_humanoidState":8,"_cameraCFrame":[771.914,234.802,43.428,-0.107,-0.715,0.691,0,0.695,0.719,-0.994,0.077,-0.075],"_shiftlockState":true,"_pose":"Running","_animationQueue":[],"_animationSpeed":1.103,"_zoom":14.479},{"_mousePosition":[683,384],"_rootPartCFrame":[761.896,222.914,46.266,-0.107,0,0.994,0,1,0,-0.994,0,-0.107],"_humanoidState":8,"_cameraCFrame":[771.601,234.855,43.183,-0.134,-0.715,0.687,0,0.693,0.721,-0.991,0.097,-0.093],"_shiftlockState":true,"_pose":"Running","_animationQueue":[],"_animationSpeed":1.103,"_zoom":14.479},{"_mousePosition":[683,384],"_rootPartCFrame":[761.631,222.931,46.293,-0.134,0,0.991,0,1,0,-0.991,0,-0.134],"_humanoidState":8,"_cameraCFrame":[771.177,234.92,42.896,-0.168,-0.714,0.68,0,0.689,0.724,-0.986,0.121,-0.115],"_shiftlockState":true,"_pose":"Running","_animationQueue":[],"_animationSpeed":1.103,"_zoom":14.479},{"_mousePosition":[683,384],"_rootPartCFrame":[761.366,222.939,46.328,-0.168,0,0.986,0,1,0,-0.986,0,-0.168],"_humanoidState":8,"_cameraCFrame":[770.755,234.985,42.674,-0.195,-0.714,0.672,0,0.685,0.728,-0.981,0.142,-0.134],"_shiftlockState":true,"_pose":"Running","_animationQueue":[],"_animationSpeed":1.103,"_zoom":14.479},{"_mousePosition":[683,384],"_rootPartCFrame":[761.103,222.944,46.371,-0.195,0,0.981,0,1,0,-0.981,0,-0.195],"_humanoidState":8,"_cameraCFrame":[770.339,235.053,42.517,-0.218,-0.715,0.664,0,0.681,0.733,-0.976,0.16,-0.148],"_shiftlockState":true,"_pose":"Running","_animationQueue":[],"_animationSpeed":1.103,"_zoom":14.479},{"_mousePosition":[683,384],"_rootPartCFrame":[760.842,222.947,46.422,-0.218,0,0.976,0,1,0,-0.976,0,-0.218],"_humanoidState":8,"_cameraCFrame":[769.978,235.103,42.464,-0.23,-0.716,0.659,0,0.677,0.736,-0.973,0.169,-0.156],"_shiftlockState":true,"_pose":"Running","_animationQueue":[],"_animationSpeed":1.103,"_zoom":14.479},{"_mousePosition":[683,384],"_rootPartCFrame":[760.581,222.948,46.48,-0.23,0,0.973,0,1,0,-0.973,0,-0.23],"_humanoidState":8,"_cameraCFrame":[769.705,235.113,42.513,-0.231,-0.717,0.658,0,0.676,0.737,-0.973,0.17,-0.156],"_shiftlockState":true,"_pose":"Running","_animationQueue":[["walk",0.1]],"_animationSpeed":1.103,"_zoom":14.479},{"_mousePosition":[683,384],"_rootPartCFrame":[760.322,222.949,46.541,-0.231,0,0.973,0,1,0,-0.973,0,-0.231],"_humanoidState":8,"_cameraCFrame":[769.445,235.113,42.574,-0.231,-0.717,0.658,0,0.676,0.737,-0.973,0.17,-0.156],"_shiftlockState":true,"_pose":"Running","_animationQueue":[],"_animationSpeed":1.103,"_zoom":14.479},{"_mousePosition":[683,384],"_rootPartCFrame":[760.062,222.949,46.602,-0.231,0,0.973,0,1,0,-0.973,0,-0.231],"_humanoidState":8,"_cameraCFrame":[769.176,235.161,42.743,-0.221,-0.722,0.656,0,0.673,0.74,-0.975,0.163,-0.149],"_shiftlockState":true,"_pose":"Running","_animationQueue":[],"_animationSpeed":1.103,"_zoom":14.479},{"_mousePosition":[683,384],"_rootPartCFrame":[759.803,222.949,46.664,-0.221,0,0.975,0,1,0,-0.975,0,-0.221],"_humanoidState":8,"_cameraCFrame":[768.968,235.232,43.136,-0.187,-0.732,0.656,0,0.667,0.745,-0.982,0.139,-0.125],"_shiftlockState":true,"_pose":"Running","_animationQueue":[],"_animationSpeed":1.103,"_zoom":14.479},{"_mousePosition":[683,384],"_rootPartCFrame":[759.543,222.95,46.723,-0.187,0,0.982,0,1,0,-0.982,0,-0.187],"_humanoidState":8,"_cameraCFrame":[768.789,235.325,43.733,-0.131,-0.745,0.654,0,0.66,0.751,-0.991,0.099,-0.087],"_shiftlockState":true,"_pose":"Running","_animationQueue":[],"_animationSpeed":1.103,"_zoom":14.479},{"_mousePosition":[683,384],"_rootPartCFrame":[759.281,222.95,46.774,-0.131,0,0.991,0,1,0,-0.991,0,-0.131],"_humanoidState":8,"_cameraCFrame":[768.625,235.417,44.515,-0.054,-0.756,0.652,0,0.653,0.757,-0.999,0.041,-0.035],"_shiftlockState":true,"_pose":"Running","_animationQueue":[],"_animationSpeed":1.103,"_zoom":14.479},{"_mousePosition":[683,384],"_rootPartCFrame":[758.953,224.02,46.837,-0.054,0,0.999,0,1,0,-0.999,0,-0.054],"_humanoidState":3,"_cameraCFrame":[768.35,236.54,45.119,0.003,-0.761,0.649,0,0.649,0.761,-1,-0.003,0.002],"_shiftlockState":true,"_pose":"Jumping","_animationQueue":[["walk",0.1],["walk",0.1],["jump",0.1]],"_animationSpeed":1,"_zoom":14.479},{"_mousePosition":[683,384],"_rootPartCFrame":[758.755,224.621,46.86,0,0,1,0,1,0,-1,0,0],"_humanoidState":5,"_cameraCFrame":[768.193,237.164,45.565,0.048,-0.762,0.646,0,0.647,0.763,-0.999,-0.037,0.031],"_shiftlockState":true,"_pose":"FreeFall","_animationQueue":[["jump",0.1]],"_animationSpeed":1,"_zoom":14.479},{"_mousePosition":[683,384],"_rootPartCFrame":[758.489,225.375,46.863,0.042,0,0.999,0,1,0,-0.999,0,0.042],"_humanoidState":5,"_cameraCFrame":[767.942,237.918,45.687,0.061,-0.761,0.646,0,0.647,0.763,-0.998,-0.046,0.039],"_shiftlockState":true,"_pose":"FreeFall","_animationQueue":[],"_animationSpeed":1,"_zoom":14.479},{"_mousePosition":[683,384],"_rootPartCFrame":[758.222,226.074,46.852,0.058,0,0.998,0,1,0,-0.998,0,0.058],"_humanoidState":5,"_cameraCFrame":[767.676,238.617,45.676,0.061,-0.761,0.646,0,0.647,0.763,-0.998,-0.046,0.039],"_shiftlockState":true,"_pose":"FreeFall","_animationQueue":[],"_animationSpeed":1,"_zoom":14.479},{"_mousePosition":[683,384],"_rootPartCFrame":[757.956,226.719,46.837,0.06,0,0.998,0,1,0,-0.998,0,0.06],"_humanoidState":5,"_cameraCFrame":[767.407,239.262,45.641,0.059,-0.761,0.646,0,0.647,0.763,-0.998,-0.045,0.038],"_shiftlockState":true,"_pose":"FreeFall","_animationQueue":[],"_animationSpeed":1,"_zoom":14.479},{"_mousePosition":[683,384],"_rootPartCFrame":[757.69,227.309,46.82,0.059,0,0.998,0,1,0,-0.998,0,0.059],"_humanoidState":5,"_cameraCFrame":[767.155,239.83,45.527,0.048,-0.76,0.648,0,0.649,0.761,-0.999,-0.037,0.031],"_shiftlockState":true,"_pose":"FreeFall","_animationQueue":[],"_animationSpeed":1,"_zoom":14.479},{"_mousePosition":[683,384],"_rootPartCFrame":[757.424,227.845,46.805,0.049,0,0.999,0,1,0,-0.999,0,0.049],"_humanoidState":5,"_cameraCFrame":[766.898,240.343,45.393,0.036,-0.759,0.65,0,0.65,0.76,-0.999,-0.027,0.023],"_shiftlockState":true,"_pose":"FreeFall","_animationQueue":[],"_animationSpeed":1,"_zoom":14.479},{"_mousePosition":[683,384],"_rootPartCFrame":[757.158,228.327,46.791,0.037,0,0.999,0,1,0,-0.999,0,0.037],"_humanoidState":5,"_cameraCFrame":[766.646,240.794,45.242,0.021,-0.757,0.653,0,0.653,0.757,-1,-0.016,0.014],"_shiftlockState":true,"_pose":"FreeFall","_animationQueue":[],"_animationSpeed":1,"_zoom":14.479},{"_mousePosition":[683,384],"_rootPartCFrame":[756.891,228.754,46.781,0.023,0,1,0,1,0,-1,0,0.023],"_humanoidState":5,"_cameraCFrame":[766.396,241.183,45.073,0.004,-0.755,0.656,0,0.656,0.755,-1,-0.003,0.003],"_shiftlockState":true,"_pose":"FreeFall","_animationQueue":[],"_animationSpeed":1,"_zoom":14.479},{"_mousePosition":[683,384],"_rootPartCFrame":[756.625,229.126,46.775,0.007,0,1,0,1,0,-1,0,0.007],"_humanoidState":5,"_cameraCFrame":[766.162,241.494,44.867,-0.016,-0.75,0.661,0,0.661,0.751,-1,0.012,-0.011],"_shiftlockState":true,"_pose":"FreeFall","_animationQueue":[],"_animationSpeed":1,"_zoom":14.479},{"_mousePosition":[683,384],"_rootPartCFrame":[756.358,229.444,46.773,-0.014,0,1,0,1,0,-1,0,-0.014],"_humanoidState":5,"_cameraCFrame":[765.951,241.718,44.632,-0.041,-0.744,0.667,0,0.668,0.744,-0.999,0.03,-0.027],"_shiftlockState":true,"_pose":"FreeFall","_animationQueue":[],"_animationSpeed":1,"_zoom":14.479},{"_mousePosition":[683,384],"_rootPartCFrame":[756.091,229.707,46.777,-0.038,0,0.999,0,1,0,-0.999,0,-0.038],"_humanoidState":5,"_cameraCFrame":[765.754,241.848,44.305,-0.074,-0.733,0.676,0,0.678,0.735,-0.997,0.054,-0.05],"_shiftlockState":true,"_pose":"FreeFall","_animationQueue":[],"_animationSpeed":1,"_zoom":14.479},{"_mousePosition":[683,384],"_rootPartCFrame":[755.758,229.96,46.789,-0.069,0,0.998,0,1,0,-0.998,0,-0.069],"_humanoidState":5,"_cameraCFrame":[765.477,241.973,44.011,-0.104,-0.722,0.684,0,0.688,0.726,-0.995,0.076,-0.072],"_shiftlockState":true,"_pose":"FreeFall","_animationQueue":[],"_animationSpeed":1,"_zoom":14.479},{"_mousePosition":[683,384],"_rootPartCFrame":[755.559,230.071,46.803,-0.101,0,0.995,0,1,0,-0.995,0,-0.101],"_humanoidState":5,"_cameraCFrame":[765.553,241.963,45.479,-0.131,-0.712,0.69,0,0.696,0.718,-0.991,0.094,-0.091],"_shiftlockState":false,"_pose":"FreeFall","_animationQueue":[],"_animationSpeed":1,"_zoom":14.479},{"_mousePosition":[683,384],"_rootPartCFrame":[755.227,230.187,46.836,-0.1,0,0.995,0,1,0,-0.995,0,-0.1],"_humanoidState":5,"_cameraCFrame":[765.222,242.079,45.512,-0.131,-0.712,0.69,0,0.696,0.718,-0.991,0.094,-0.091],"_shiftlockState":false,"_pose":"FreeFall","_animationQueue":[],"_animationSpeed":1,"_zoom":14.479},{"_mousePosition":[683,384],"_rootPartCFrame":[755.029,230.216,46.861,-0.102,0,0.995,0,1,0,-0.995,0,-0.102],"_humanoidState":5,"_cameraCFrame":[765.088,242.043,45.518,-0.132,-0.707,0.695,0,0.701,0.713,-0.991,0.094,-0.093],"_shiftlockState":false,"_pose":"FreeFall","_animationQueue":[],"_animationSpeed":1,"_zoom":14.479},{"_mousePosition":[683,384],"_rootPartCFrame":[754.764,230.207,46.896,-0.106,0,0.994,0,1,0,-0.994,0,-0.106],"_humanoidState":5,"_cameraCFrame":[764.917,241.943,45.562,-0.13,-0.701,0.701,0,0.707,0.707,-0.991,0.092,-0.092],"_shiftlockState":false,"_pose":"FreeFall","_animationQueue":[],"_animationSpeed":1,"_zoom":14.479},{"_mousePosition":[683,384],"_rootPartCFrame":[754.5,230.143,46.932,-0.11,0,0.994,0,1,0,-0.994,0,-0.11],"_humanoidState":5,"_cameraCFrame":[764.796,241.747,45.688,-0.12,-0.693,0.711,0,0.716,0.698,-0.993,0.084,-0.086],"_shiftlockState":false,"_pose":"FreeFall","_animationQueue":[],"_animationSpeed":1,"_zoom":14.479},{"_mousePosition":[683,384],"_rootPartCFrame":[754.26,230.29,46.964,-0.111,0,0.994,0,1,0,-0.994,0,-0.111],"_humanoidState":12,"_cameraCFrame":[764.786,241.674,45.882,-0.102,-0.679,0.727,0,0.731,0.683,-0.995,0.07,-0.075],"_shiftlockState":false,"_pose":"Climbing","_animationQueue":[["walk",0.1],["climb",0.1]],"_animationSpeed":-0.42,"_zoom":14.479},{"_mousePosition":[683,384],"_rootPartCFrame":[754.098,230.466,46.988,-0.072,0,0.997,-0.005,1,0,-0.997,-0.005,-0.072],"_humanoidState":12,"_cameraCFrame":[764.906,241.565,46.144,-0.077,-0.661,0.746,0,0.749,0.663,-0.997,0.051,-0.058],"_shiftlockState":false,"_pose":"Climbing","_animationQueue":[["climb",0.1]],"_animationSpeed":0.907,"_zoom":14.479},{"_mousePosition":[683,384],"_rootPartCFrame":[754.074,230.646,46.998,-0.024,0,1,-0.005,1,0,-1,-0.005,-0.024],"_humanoidState":12,"_cameraCFrame":[765.269,241.319,46.559,-0.038,-0.633,0.773,0,0.774,0.633,-0.999,0.024,-0.03],"_shiftlockState":false,"_pose":"Climbing","_animationQueue":[["climb",0.1]],"_animationSpeed":0.727,"_zoom":14.479},{"_mousePosition":[683,384],"_rootPartCFrame":[754.073,230.833,46.999,-0.019,0,1,-0.001,1,0,-1,-0.001,-0.019],"_humanoidState":12,"_cameraCFrame":[765.685,240.98,46.851,-0.013,-0.597,0.802,0,0.802,0.597,-1,0.008,-0.01],"_shiftlockState":false,"_pose":"Climbing","_animationQueue":[["climb",0.1]],"_animationSpeed":0.929,"_zoom":14.479},{"_mousePosition":[683,384],"_rootPartCFrame":[754.073,230.926,46.999,-0.019,0,1,0,1,0,-1,0,-0.019],"_humanoidState":12,"_cameraCFrame":[765.699,241.055,46.816,-0.016,-0.596,0.803,0,0.803,0.596,-1,0.009,-0.013],"_shiftlockState":false,"_pose":"Climbing","_animationQueue":[],"_animationSpeed":0.929,"_zoom":14.479},{"_mousePosition":[683,384],"_rootPartCFrame":[754.073,231.02,46.999,-0.018,0,1,0,1,0,-1,0,-0.018],"_humanoidState":12,"_cameraCFrame":[765.712,241.13,46.804,-0.017,-0.595,0.804,0,0.804,0.595,-1,0.01,-0.013],"_shiftlockState":false,"_pose":"Climbing","_animationQueue":[],"_animationSpeed":0.929,"_zoom":14.479},{"_mousePosition":[683,384],"_rootPartCFrame":[754.073,231.206,46.999,-0.018,0,1,0,1,0,-1,0,-0.018],"_humanoidState":12,"_cameraCFrame":[765.712,241.316,46.804,-0.017,-0.595,0.804,0,0.804,0.595,-1,0.01,-0.013],"_shiftlockState":false,"_pose":"Climbing","_animationQueue":[],"_animationSpeed":0.929,"_zoom":14.479},{"_mousePosition":[683,384],"_rootPartCFrame":[754.073,231.393,46.999,-0.018,0,1,0,1,0,-1,0,-0.018],"_humanoidState":12,"_cameraCFrame":[765.726,241.484,46.803,-0.017,-0.593,0.805,0,0.805,0.593,-1,0.01,-0.014],"_shiftlockState":false,"_pose":"Climbing","_animationQueue":[],"_animationSpeed":0.929,"_zoom":14.479},{"_mousePosition":[683,384],"_rootPartCFrame":[754.073,231.58,46.999,-0.018,0,1,0,1,0,-1,0,-0.018],"_humanoidState":12,"_cameraCFrame":[765.754,241.633,46.827,-0.015,-0.591,0.807,0,0.807,0.591,-1,0.009,-0.012],"_shiftlockState":false,"_pose":"Climbing","_animationQueue":[],"_animationSpeed":0.929,"_zoom":14.479},{"_mousePosition":[683,384],"_rootPartCFrame":[754.073,231.766,46.999,-0.018,0,1,0,1,0,-1,0,-0.018],"_humanoidState":12,"_cameraCFrame":[765.796,241.763,46.851,-0.013,-0.587,0.81,0,0.81,0.587,-1,0.007,-0.01],"_shiftlockState":false,"_pose":"Climbing","_animationQueue":[],"_animationSpeed":0.929,"_zoom":14.479},{"_mousePosition":[683,384],"_rootPartCFrame":[754.073,231.953,46.999,-0.018,0,1,0,1,0,-1,0,-0.018],"_humanoidState":12,"_cameraCFrame":[765.844,241.883,46.875,-0.01,-0.582,0.813,0,0.813,0.582,-1,0.006,-0.009],"_shiftlockState":false,"_pose":"Climbing","_animationQueue":[],"_animationSpeed":0.929,"_zoom":14.479},{"_mousePosition":[683,384],"_rootPartCFrame":[754.073,232.14,46.999,-0.018,0,1,0,1,0,-1,0,-0.018],"_humanoidState":12,"_cameraCFrame":[765.918,241.965,46.887,-0.009,-0.575,0.818,0,0.818,0.575,-1,0.005,-0.008],"_shiftlockState":false,"_pose":"Climbing","_animationQueue":[],"_animationSpeed":0.929,"_zoom":14.479},{"_mousePosition":[683,384],"_rootPartCFrame":[754.073,232.326,46.999,-0.018,0,1,0,1,0,-1,0,-0.018],"_humanoidState":12,"_cameraCFrame":[766.038,241.979,46.898,-0.008,-0.563,0.826,0,0.826,0.563,-1,0.005,-0.007],"_shiftlockState":false,"_pose":"Climbing","_animationQueue":[],"_animationSpeed":0.929,"_zoom":14.479},{"_mousePosition":[683,384],"_rootPartCFrame":[754.073,232.513,46.999,-0.018,0,1,0,1,0,-1,0,-0.018],"_humanoidState":12,"_cameraCFrame":[766.174,241.962,46.897,-0.008,-0.549,0.836,0,0.836,0.549,-1,0.005,-0.007],"_shiftlockState":false,"_pose":"Climbing","_animationQueue":[],"_animationSpeed":0.929,"_zoom":14.479},{"_mousePosition":[683,384],"_rootPartCFrame":[754.073,232.699,46.999,-0.018,0,1,0,1,0,-1,0,-0.018],"_humanoidState":12,"_cameraCFrame":[766.332,241.903,46.845,-0.013,-0.532,0.847,0,0.847,0.532,-1,0.007,-0.011],"_shiftlockState":false,"_pose":"Climbing","_animationQueue":[],"_animationSpeed":0.929,"_zoom":14.479},{"_mousePosition":[683,384],"_rootPartCFrame":[754.073,232.886,46.999,-0.018,0,1,0,1,0,-1,0,-0.018],"_humanoidState":12,"_cameraCFrame":[766.441,241.911,46.791,-0.017,-0.52,0.854,0,0.854,0.52,-1,0.009,-0.014],"_shiftlockState":false,"_pose":"Climbing","_animationQueue":[],"_animationSpeed":0.929,"_zoom":14.479},{"_mousePosition":[683,384],"_rootPartCFrame":[754.073,233.073,46.999,-0.018,0,1,0,1,0,-1,0,-0.018],"_humanoidState":12,"_cameraCFrame":[766.53,241.947,46.698,-0.024,-0.509,0.86,0,0.861,0.509,-1,0.012,-0.021],"_shiftlockState":false,"_pose":"Climbing","_animationQueue":[],"_animationSpeed":0.929,"_zoom":14.479},{"_mousePosition":[683,384],"_rootPartCFrame":[754.073,233.259,46.999,-0.018,0,1,0,1,0,-1,0,-0.018],"_humanoidState":12,"_cameraCFrame":[766.537,242.023,44.856,-0.031,-0.501,0.865,0,0.865,0.502,-1,0.016,-0.027],"_shiftlockState":true,"_pose":"Climbing","_animationQueue":[],"_animationSpeed":0.929,"_zoom":14.479},{"_mousePosition":[683,384],"_rootPartCFrame":[754.073,233.446,46.999,-0.031,0,1,0,1,0,-1,0,-0.031],"_humanoidState":12,"_cameraCFrame":[766.537,242.21,44.856,-0.031,-0.501,0.865,0,0.865,0.502,-1,0.016,-0.027],"_shiftlockState":true,"_pose":"Climbing","_animationQueue":[["climb",0]],"_animationSpeed":0.929,"_zoom":14.479},{"_mousePosition":[683,384],"_rootPartCFrame":[754.073,233.633,46.999,-0.031,0,1,0,1,0,-1,0,-0.031],"_humanoidState":12,"_cameraCFrame":[766.535,242.397,44.843,-0.032,-0.501,0.865,0,0.865,0.502,-0.999,0.016,-0.028],"_shiftlockState":true,"_pose":"Climbing","_animationQueue":[],"_animationSpeed":0.929,"_zoom":14.479},{"_mousePosition":[683,384],"_rootPartCFrame":[754.073,233.819,46.999,-0.032,0,0.999,0,1,0,-0.999,0,-0.032],"_humanoidState":12,"_cameraCFrame":[766.535,242.583,44.843,-0.032,-0.501,0.865,0,0.865,0.502,-0.999,0.016,-0.028],"_shiftlockState":true,"_pose":"Climbing","_animationQueue":[],"_animationSpeed":0.929,"_zoom":14.479},{"_mousePosition":[683,384],"_rootPartCFrame":[754.073,234.006,46.999,-0.032,0,0.999,0,1,0,-0.999,0,-0.032],"_humanoidState":12,"_cameraCFrame":[766.535,242.77,44.843,-0.032,-0.501,0.865,0,0.865,0.502,-0.999,0.016,-0.028],"_shiftlockState":true,"_pose":"Climbing","_animationQueue":[],"_animationSpeed":0.929,"_zoom":14.479},{"_mousePosition":[683,384],"_rootPartCFrame":[754.073,234.193,46.999,-0.032,0,0.999,0,1,0,-0.999,0,-0.032],"_humanoidState":12,"_cameraCFrame":[766.54,242.946,44.843,-0.032,-0.501,0.865,0,0.865,0.501,-0.999,0.016,-0.028],"_shiftlockState":true,"_pose":"Climbing","_animationQueue":[],"_animationSpeed":0.929,"_zoom":14.479},{"_mousePosition":[683,384],"_rootPartCFrame":[754.073,234.379,46.999,-0.032,0,0.999,0,1,0,-0.999,0,-0.032],"_humanoidState":12,"_cameraCFrame":[766.55,243.113,44.829,-0.034,-0.499,0.866,0,0.866,0.5,-0.999,0.017,-0.029],"_shiftlockState":true,"_pose":"Climbing","_animationQueue":[],"_animationSpeed":0.929,"_zoom":14.479},{"_mousePosition":[683,384],"_rootPartCFrame":[754.073,234.566,46.999,-0.034,0,0.999,0,1,0,-0.999,0,-0.034],"_humanoidState":12,"_cameraCFrame":[766.563,243.269,44.803,-0.036,-0.497,0.867,0,0.867,0.497,-0.999,0.018,-0.031],"_shiftlockState":true,"_pose":"Climbing","_animationQueue":[],"_animationSpeed":0.929,"_zoom":14.479},{"_mousePosition":[683,384],"_rootPartCFrame":[754.073,234.753,46.999,-0.036,0,0.999,0,1,0,-0.999,0,-0.036],"_humanoidState":12,"_cameraCFrame":[766.592,243.405,44.802,-0.036,-0.494,0.869,0,0.869,0.494,-0.999,0.018,-0.031],"_shiftlockState":true,"_pose":"Climbing","_animationQueue":[],"_animationSpeed":0.929,"_zoom":14.479},{"_mousePosition":[683,384],"_rootPartCFrame":[754.073,234.939,46.999,-0.036,0,0.999,0,1,0,-0.999,0,-0.036],"_humanoidState":12,"_cameraCFrame":[766.624,243.531,44.787,-0.037,-0.489,0.871,0,0.872,0.49,-0.999,0.018,-0.032],"_shiftlockState":true,"_pose":"Climbing","_animationQueue":[],"_animationSpeed":0.929,"_zoom":14.479},{"_mousePosition":[683,384],"_rootPartCFrame":[754.073,235.126,46.999,-0.037,0,0.999,0,1,0,-0.999,0,-0.037],"_humanoidState":12,"_cameraCFrame":[766.652,243.666,44.786,-0.037,-0.486,0.873,0,0.874,0.486,-0.999,0.018,-0.032],"_shiftlockState":true,"_pose":"Climbing","_animationQueue":[],"_animationSpeed":0.929,"_zoom":14.479},{"_mousePosition":[683,384],"_rootPartCFrame":[754.073,235.313,46.999,-0.037,0,0.999,0,1,0,-0.999,0,-0.037],"_humanoidState":12,"_cameraCFrame":[766.681,243.802,44.785,-0.037,-0.482,0.875,0,0.876,0.483,-0.999,0.018,-0.032],"_shiftlockState":true,"_pose":"Climbing","_animationQueue":[],"_animationSpeed":0.929,"_zoom":14.479},{"_mousePosition":[683,384],"_rootPartCFrame":[754.073,235.546,46.999,-0.037,0,0.999,0,1,0,-0.999,0,-0.037],"_humanoidState":12,"_cameraCFrame":[766.703,243.994,44.784,-0.037,-0.48,0.877,0,0.877,0.48,-0.999,0.018,-0.032],"_shiftlockState":true,"_pose":"Climbing","_animationQueue":[],"_animationSpeed":0.929,"_zoom":14.479},{"_mousePosition":[683,384],"_rootPartCFrame":[754.073,235.732,46.999,-0.037,0,0.999,0,1,0,-0.999,0,-0.037],"_humanoidState":12,"_cameraCFrame":[766.709,244.171,44.784,-0.037,-0.479,0.877,0,0.878,0.479,-0.999,0.018,-0.032],"_shiftlockState":true,"_pose":"Climbing","_animationQueue":[],"_animationSpeed":0.929,"_zoom":14.479},{"_mousePosition":[683,384],"_rootPartCFrame":[754.073,235.872,46.999,-0.037,0,0.999,0,1,0,-0.999,0,-0.037],"_humanoidState":12,"_cameraCFrame":[766.72,244.29,44.784,-0.037,-0.477,0.878,0,0.878,0.478,-0.999,0.018,-0.032],"_shiftlockState":true,"_pose":"Climbing","_animationQueue":[],"_animationSpeed":0.929,"_zoom":14.479},{"_mousePosition":[683,384],"_rootPartCFrame":[754.073,236.059,46.999,-0.037,0,0.999,0,1,0,-0.999,0,-0.037],"_humanoidState":12,"_cameraCFrame":[766.728,244.467,44.797,-0.036,-0.477,0.878,0,0.879,0.477,-0.999,0.017,-0.031],"_shiftlockState":true,"_pose":"Climbing","_animationQueue":[],"_animationSpeed":0.929,"_zoom":14.479},{"_mousePosition":[683,384],"_rootPartCFrame":[754.073,236.246,46.999,-0.036,0,0.999,0,1,0,-0.999,0,-0.036],"_humanoidState":12,"_cameraCFrame":[766.73,244.653,44.81,-0.035,-0.477,0.878,0,0.879,0.477,-0.999,0.016,-0.03],"_shiftlockState":true,"_pose":"Climbing","_animationQueue":[],"_animationSpeed":0.929,"_zoom":14.479},{"_mousePosition":[683,384],"_rootPartCFrame":[754.073,236.432,46.999,-0.035,0,0.999,0,1,0,-0.999,0,-0.035],"_humanoidState":12,"_cameraCFrame":[766.736,244.83,44.81,-0.035,-0.476,0.879,0,0.879,0.476,-0.999,0.016,-0.03],"_shiftlockState":true,"_pose":"Climbing","_animationQueue":[],"_animationSpeed":0.929,"_zoom":14.479},{"_mousePosition":[683,384],"_rootPartCFrame":[754.073,236.619,46.999,-0.035,0,0.999,0,1,0,-0.999,0,-0.035],"_humanoidState":12,"_cameraCFrame":[766.741,245.006,44.81,-0.035,-0.475,0.879,0,0.88,0.476,-0.999,0.016,-0.03],"_shiftlockState":true,"_pose":"Climbing","_animationQueue":[],"_animationSpeed":0.929,"_zoom":14.479},{"_mousePosition":[683,384],"_rootPartCFrame":[754.073,236.806,46.999,-0.035,0,0.999,0,1,0,-0.999,0,-0.035],"_humanoidState":12,"_cameraCFrame":[766.762,245.162,44.836,-0.032,-0.473,0.88,0,0.881,0.474,-0.999,0.015,-0.029],"_shiftlockState":true,"_pose":"Climbing","_animationQueue":[],"_animationSpeed":0.929,"_zoom":14.479},{"_mousePosition":[683,384],"_rootPartCFrame":[754.073,236.992,46.999,-0.032,0,0.999,0,1,0,-0.999,0,-0.032],"_humanoidState":12,"_cameraCFrame":[766.783,245.318,44.862,-0.03,-0.471,0.882,0,0.882,0.471,-1,0.014,-0.027],"_shiftlockState":true,"_pose":"Climbing","_animationQueue":[],"_animationSpeed":0.929,"_zoom":14.479},{"_mousePosition":[683,384],"_rootPartCFrame":[754.073,237.179,46.999,-0.03,0,1,0,1,0,-1,0,-0.03],"_humanoidState":12,"_cameraCFrame":[766.815,245.453,44.887,-0.028,-0.468,0.883,0,0.884,0.468,-1,0.013,-0.025],"_shiftlockState":true,"_pose":"Climbing","_animationQueue":[],"_animationSpeed":0.929,"_zoom":14.479},{"_mousePosition":[683,384],"_rootPartCFrame":[754.073,237.366,46.999,-0.028,0,1,0,1,0,-1,0,-0.028],"_humanoidState":12,"_cameraCFrame":[766.836,245.608,44.914,-0.026,-0.466,0.885,0,0.885,0.466,-1,0.012,-0.023],"_shiftlockState":true,"_pose":"Climbing","_animationQueue":[],"_animationSpeed":0.929,"_zoom":14.479},{"_mousePosition":[683,384],"_rootPartCFrame":[754.073,237.552,46.999,0.803,0,0.596,0,1,0,-0.596,0,0.803],"_humanoidState":12,"_cameraCFrame":[763.175,245.597,56.327,0.803,-0.269,0.532,0,0.892,0.452,-0.596,-0.363,0.716],"_shiftlockState":true,"_pose":"Climbing","_animationQueue":[],"_animationSpeed":0.929,"_zoom":14.479},{"_mousePosition":[683,384],"_rootPartCFrame":[754.835,238.246,47.397,0.805,0.001,0.593,-0.001,1,-0.001,-0.593,0,0.805],"_humanoidState":3,"_cameraCFrame":[763.