[{"_mousePosition":[1164,392],"_rootPartCFrame":[776.028,222.95,47.142,0,0,1,0,1,0,-1,0,0],"_humanoidState":8,"_cameraCFrame":[788.916,237.859,47.347,0.016,-0.721,0.693,0,0.693,0.721,-1,-0.011,0.011],"_shiftlockState":false,"_pose":"Standing","_animationQueue":[],"_animationSpeed":1,"_zoom":18.6},{"_mousePosition":[1164,392],"_rootPartCFrame":[775.856,222.865,47.139,0.002,0,1,0,1,0,-1,0,0.002],"_humanoidState":8,"_cameraCFrame":[788.745,237.774,47.344,0.016,-0.721,0.693,0,0.693,0.721,-1,-0.011,0.011],"_shiftlockState":false,"_pose":"Standing","_animationQueue":[],"_animationSpeed":1,"_zoom":18.6},{"_mousePosition":[1086,362],"_rootPartCFrame":[775.592,222.719,47.135,0.003,0,1,0,1,0,-1,0,0.003],"_humanoidState":8,"_cameraCFrame":[788.48,237.628,47.34,0.016,-0.721,0.693,0,0.693,0.721,-1,-0.011,0.011],"_shiftlockState":false,"_pose":"Running","_animationQueue":[["walk",0.1]],"_animationSpeed":1.003,"_zoom":18.6},{"_mousePosition":[1081,361],"_rootPartCFrame":[775.325,222.61,47.131,0.005,0,1,0,1,0,-1,0,0.005],"_humanoidState":8,"_cameraCFrame":[788.213,237.52,47.335,0.016,-0.721,0.693,0,0.693,0.721,-1,-0.011,0.011],"_shiftlockState":false,"_pose":"Running","_animationQueue":[["walk",0.1]],"_animationSpeed":1.101,"_zoom":18.6},{"_mousePosition":[1017,337],"_rootPartCFrame":[775.058,222.636,47.127,0.007,0,1,0,1,0,-1,0,0.007],"_humanoidState":8,"_cameraCFrame":[787.947,237.545,47.331,0.016,-0.721,0.693,0,0.693,0.721,-1,-0.011,0.011],"_shiftlockState":false,"_pose":"Running","_animationQueue":[],"_animationSpeed":1.101,"_zoom":18.6},{"_mousePosition":[1013,335],"_rootPartCFrame":[774.792,222.663,47.122,0.008,0,1,0,1,0,-1,0,0.008],"_humanoidState":8,"_cameraCFrame":[787.68,237.572,47.327,0.016,-0.721,0.693,0,0.693,0.721,-1,-0.011,0.011],"_shiftlockState":false,"_pose":"Running","_animationQueue":[["walk",0.1]],"_animationSpeed":1.101,"_zoom":18.6},{"_mousePosition":[959,321],"_rootPartCFrame":[774.525,222.68,47.118,0.009,0,1,0,1,0,-1,0,0.009],"_humanoidState":8,"_cameraCFrame":[787.414,237.589,47.323,0.016,-0.721,0.693,0,0.693,0.721,-1,-0.011,0.011],"_shiftlockState":false,"_pose":"Running","_animationQueue":[],"_animationSpeed":1.101,"_zoom":18.6},{"_mousePosition":[956,320],"_rootPartCFrame":[774.259,222.689,47.114,0.01,0,1,0,1,0,-1,0,0.01],"_humanoidState":8,"_cameraCFrame":[787.147,237.598,47.318,0.016,-0.721,0.693,0,0.693,0.721,-1,-0.011,0.011],"_shiftlockState":false,"_pose":"Running","_animationQueue":[],"_animationSpeed":1.101,"_zoom":18.6},{"_mousePosition":[902,313],"_rootPartCFrame":[773.992,222.694,47.11,0.011,0,1,0,1,0,-1,0,0.011],"_humanoidState":8,"_cameraCFrame":[786.88,237.603,47.314,0.016,-0.721,0.693,0,0.693,0.721,-1,-0.011,0.011],"_shiftlockState":false,"_pose":"Running","_animationQueue":[],"_animationSpeed":1.101,"_zoom":18.6},{"_mousePosition":[900,313],"_rootPartCFrame":[773.725,222.697,47.105,0.011,0,1,0,1,0,-1,0,0.011],"_humanoidState":8,"_cameraCFrame":[786.614,237.606,47.31,0.016,-0.721,0.693,0,0.693,0.721,-1,-0.011,0.011],"_shiftlockState":false,"_pose":"Running","_animationQueue":[],"_animationSpeed":1.101,"_zoom":18.6},{"_mousePosition":[848,309],"_rootPartCFrame":[773.459,222.698,47.101,0.012,0,1,0,1,0,-1,0,0.012],"_humanoidState":8,"_cameraCFrame":[786.347,237.607,47.306,0.016,-0.721,0.693,0,0.693,0.721,-1,-0.011,0.011],"_shiftlockState":false,"_pose":"Running","_animationQueue":[],"_animationSpeed":1.101,"_zoom":18.6},{"_mousePosition":[843,309],"_rootPartCFrame":[773.192,222.699,47.097,0.013,0,1,0,1,0,-1,0,0.013],"_humanoidState":8,"_cameraCFrame":[786.081,237.608,47.302,0.016,-0.721,0.693,0,0.693,0.721,-1,-0.011,0.011],"_shiftlockState":false,"_pose":"Running","_animationQueue":[["walk",0.1]],"_animationSpeed":1.101,"_zoom":18.6},{"_mousePosition":[808,308],"_rootPartCFrame":[772.926,222.699,47.093,0.013,0,1,0,1,0,-1,0,0.013],"_humanoidState":8,"_cameraCFrame":[785.814,237.608,47.297,0.016,-0.721,0.693,0,0.693,0.721,-1,-0.011,0.011],"_shiftlockState":false,"_pose":"Running","_animationQueue":[],"_animationSpeed":1.101,"_zoom":18.6},{"_mousePosition":[806,308],"_rootPartCFrame":[772.659,222.699,47.088,0.013,0,1,0,1,0,-1,0,0.013],"_humanoidState":8,"_cameraCFrame":[785.547,237.609,47.293,0.016,-0.721,0.693,0,0.693,0.721,-1,-0.011,0.011],"_shiftlockState":false,"_pose":"Running","_animationQueue":[],"_animationSpeed":1.101,"_zoom":18.6},{"_mousePosition":[792,307],"_rootPartCFrame":[772.392,222.7,47.084,0.014,0,1,0,1,0,-1,0,0.014],"_humanoidState":8,"_cameraCFrame":[785.281,237.609,47.289,0.016,-0.721,0.693,0,0.693,0.721,-1,-0.011,0.011],"_shiftlockState":false,"_pose":"Running","_animationQueue":[],"_animationSpeed":1.101,"_zoom":18.6},{"_mousePosition":[791,307],"_rootPartCFrame":[771.992,222.7,47.078,0.014,0,1,0,1,0,-1,0,0.014],"_humanoidState":8,"_cameraCFrame":[784.881,237.609,47.282,0.016,-0.721,0.693,0,0.693,0.721,-1,-0.011,0.011],"_shiftlockState":false,"_pose":"Running","_animationQueue":[],"_animationSpeed":1.101,"_zoom":18.6},{"_mousePosition":[789,308],"_rootPartCFrame":[771.859,222.7,47.076,0.014,0,1,0,1,0,-1,0,0.014],"_humanoidState":8,"_cameraCFrame":[784.748,237.609,47.28,0.016,-0.721,0.693,0,0.693,0.721,-1,-0.011,0.011],"_shiftlockState":false,"_pose":"Running","_animationQueue":[],"_animationSpeed":1.101,"_zoom":18.6},{"_mousePosition":[789,308],"_rootPartCFrame":[771.593,222.7,47.072,0.014,0,1,0,1,0,-1,0,0.014],"_humanoidState":8,"_cameraCFrame":[784.481,237.609,47.276,0.016,-0.721,0.693,0,0.693,0.721,-1,-0.011,0.011],"_shiftlockState":false,"_pose":"Running","_animationQueue":[],"_animationSpeed":1.101,"_zoom":18.6},{"_mousePosition":[789,308],"_rootPartCFrame":[771.326,222.7,47.067,0.015,0,1,0,1,0,-1,0,0.015],"_humanoidState":8,"_cameraCFrame":[784.139,237.681,47.271,0.016,-0.725,0.689,0,0.689,0.725,-1,-0.012,0.011],"_shiftlockState":false,"_pose":"Running","_animationQueue":[["walk",0.1]],"_animationSpeed":1.101,"_zoom":18.6},{"_mousePosition":[789,308],"_rootPartCFrame":[771.059,222.7,47.063,0.015,0,1,0,1,0,-1,0,0.015],"_humanoidState":8,"_cameraCFrame":[783.796,237.753,47.265,0.016,-0.729,0.685,0,0.685,0.729,-1,-0.012,0.011],"_shiftlockState":false,"_pose":"Running","_animationQueue":[],"_animationSpeed":1.101,"_zoom":18.6},{"_mousePosition":[789,308],"_rootPartCFrame":[770.793,222.7,47.059,0.015,0,1,0,1,0,-1,0,0.015],"_humanoidState":8,"_cameraCFrame":[783.431,237.846,47.246,0.015,-0.734,0.679,0,0.68,0.734,-1,-0.011,0.01],"_shiftlockState":false,"_pose":"Running","_animationQueue":[],"_animationSpeed":1.101,"_zoom":18.6},{"_mousePosition":[789,308],"_rootPartCFrame":[770.526,222.7,47.055,0.015,0,1,0,1,0,-1,0,0.015],"_humanoidState":8,"_cameraCFrame":[783.054,237.947,47.214,0.013,-0.739,0.674,0,0.674,0.739,-1,-0.009,0.009],"_shiftlockState":false,"_pose":"Running","_animationQueue":[],"_animationSpeed":1.101,"_zoom":18.6},{"_mousePosition":[789,308],"_rootPartCFrame":[770.26,222.666,47.05,0.015,0,1,0,1,0,-1,0,0.015],"_humanoidState":8,"_cameraCFrame":[782.676,238.014,47.182,0.011,-0.744,0.668,0,0.668,0.745,-1,-0.008,0.007],"_shiftlockState":false,"_pose":"Running","_animationQueue":[],"_animationSpeed":1.101,"_zoom":18.6},{"_mousePosition":[789,308],"_rootPartCFrame":[769.993,222.577,47.046,0.015,0,1,0,1,0,-1,0,0.015],"_humanoidState":8,"_cameraCFrame":[782.275,238.044,47.164,0.01,-0.751,0.66,0,0.66,0.751,-1,-0.007,0.006],"_shiftlockState":false,"_pose":"Running","_animationQueue":[],"_animationSpeed":1.101,"_zoom":18.6},{"_mousePosition":[789,308],"_rootPartCFrame":[769.726,222.434,47.042,0.015,0,1,0,1,0,-1,0,0.015],"_humanoidState":8,"_cameraCFrame":[781.896,238,47.133,0.007,-0.756,0.654,0,0.654,0.756,-1,-0.006,0.005],"_shiftlockState":false,"_pose":"Running","_animationQueue":[["walk",0.1]],"_animationSpeed":1.101,"_zoom":18.6},{"_mousePosition":[789,308],"_rootPartCFrame":[769.46,222.236,47.038,0.016,0,1,0,1,0,-1,0,0.016],"_humanoidState":8,"_cameraCFrame":[781.538,237.881,47.116,0.006,-0.76,0.649,0,0.649,0.76,-1,-0.005,0.004],"_shiftlockState":false,"_pose":"Running","_animationQueue":[],"_animationSpeed":1.101,"_zoom":18.6},{"_mousePosition":[789,308],"_rootPartCFrame":[769.127,223.32,47.032,0.016,0,1,0,1,0,-1,0,0.016],"_humanoidState":3,"_cameraCFrame":[781.171,238.994,47.11,0.006,-0.762,0.648,0,0.648,0.762,-1,-0.005,0.004],"_shiftlockState":false,"_pose":"Jumping","_animationQueue":[["walk",0.1],["jump",0.1]],"_animationSpeed":1,"_zoom":18.6},{"_mousePosition":[789,308],"_rootPartCFrame":[768.86,224.129,47.03,0.015,0,1,0,1,0,-1,0,0.015],"_humanoidState":5,"_cameraCFrame":[780.893,239.812,47.095,0.005,-0.763,0.647,0,0.647,0.763,-1,-0.004,0.003],"_shiftlockState":false,"_pose":"FreeFall","_animationQueue":[["jump",0.1]],"_animationSpeed":1,"_zoom":18.6},{"_mousePosition":[789,308],"_rootPartCFrame":[768.66,224.699,47.029,0.014,0,1,0,1,0,-1,0,0.014],"_humanoidState":5,"_cameraCFrame":[780.693,240.382,47.094,0.005,-0.763,0.647,0,0.647,0.763,-1,-0.004,0.003],"_shiftlockState":false,"_pose":"FreeFall","_animationQueue":[],"_animationSpeed":1,"_zoom":18.6},{"_mousePosition":[789,308],"_rootPartCFrame":[768.393,225.412,47.028,0.013,0,1,0,1,0,-1,0,0.013],"_humanoidState":5,"_cameraCFrame":[780.392,241.124,47.092,0.005,-0.764,0.645,0,0.645,0.764,-1,-0.004,0.003],"_shiftlockState":false,"_pose":"FreeFall","_animationQueue":[],"_animationSpeed":1,"_zoom":18.6},{"_mousePosition":[789,308],"_rootPartCFrame":[768.127,226.071,47.026,0.012,0,1,0,1,0,-1,0,0.012],"_humanoidState":5,"_cameraCFrame":[780.068,241.831,47.078,0.004,-0.767,0.642,0,0.642,0.767,-1,-0.003,0.003],"_shiftlockState":false,"_pose":"FreeFall","_animationQueue":[],"_animationSpeed":1,"_zoom":18.6},{"_mousePosition":[789,308],"_rootPartCFrame":[767.86,226.675,47.025,0.011,0,1,0,1,0,-1,0,0.011],"_humanoidState":5,"_cameraCFrame":[779.721,242.502,47.051,0.002,-0.77,0.638,0,0.638,0.77,-1,-0.002,0.001],"_shiftlockState":false,"_pose":"FreeFall","_animationQueue":[],"_animationSpeed":1,"_zoom":18.6},{"_mousePosition":[789,308],"_rootPartCFrame":[767.594,227.224,47.023,0.01,0,1,0,1,0,-1,0,0.01],"_humanoidState":5,"_cameraCFrame":[779.396,243.1,47.038,0.001,-0.773,0.635,0,0.635,0.773,-1,-0.001,0.001],"_shiftlockState":false,"_pose":"FreeFall","_animationQueue":[],"_animationSpeed":1,"_zoom":18.6},{"_mousePosition":[789,308],"_rootPartCFrame":[767.327,227.719,47.023,0.009,0,1,0,1,0,-1,0,0.009],"_humanoidState":5,"_cameraCFrame":[779.06,243.651,47.012,-0.001,-0.776,0.631,0,0.631,0.776,-1,0.001,-0.001],"_shiftlockState":false,"_pose":"FreeFall","_animationQueue":[],"_animationSpeed":1,"_zoom":18.6},{"_mousePosition":[789,308],"_rootPartCFrame":[767.06,228.16,47.022,0.008,0,1,0,1,0,-1,0,0.008],"_humanoidState":5,"_cameraCFrame":[778.724,244.149,46.988,-0.003,-0.779,0.627,0,0.627,0.779,-1,0.002,-0.002],"_shiftlockState":false,"_pose":"FreeFall","_animationQueue":[],"_animationSpeed":1,"_zoom":18.6},{"_mousePosition":[789,308],"_rootPartCFrame":[766.794,228.546,47.023,0.007,0,1,0,1,0,-1,0,0.007],"_humanoidState":5,"_cameraCFrame":[778.351,244.619,46.94,-0.007,-0.783,0.621,0,0.621,0.784,-1,0.006,-0.004],"_shiftlockState":false,"_pose":"FreeFall","_animationQueue":[],"_animationSpeed":1,"_zoom":18.6},{"_mousePosition":[789,308],"_rootPartCFrame":[766.461,228.952,47.024,0.005,0,1,0,1,0,-1,0,0.005],"_humanoidState":5,"_cameraCFrame":[777.959,245.071,46.905,-0.01,-0.786,0.618,0,0.618,0.786,-1,0.008,-0.006],"_shiftlockState":false,"_pose":"FreeFall","_animationQueue":[],"_animationSpeed":1,"_zoom":18.6},{"_mousePosition":[789,308],"_rootPartCFrame":[766.261,229.154,47.025,0.004,0,1,0,1,0,-1,0,0.004],"_humanoidState":5,"_cameraCFrame":[777.735,245.292,46.894,-0.011,-0.787,0.617,0,0.617,0.787,-1,0.009,-0.007],"_shiftlockState":false,"_pose":"FreeFall","_animationQueue":[],"_animationSpeed":1,"_zoom":18.6},{"_mousePosition":[789,308],"_rootPartCFrame":[765.994,229.377,47.027,0.002,0,1,0,1,0,-1,0,0.002],"_humanoidState":5,"_cameraCFrame":[777.445,245.533,46.885,-0.012,-0.788,0.616,0,0.616,0.788,-1,0.01,-0.008],"_shiftlockState":false,"_pose":"FreeFall","_animationQueue":[],"_animationSpeed":1,"_zoom":18.6},{"_mousePosition":[789,308],"_rootPartCFrame":[765.727,229.545,47.03,0,0,1,0,1,0,-1,0,0],"_humanoidState":5,"_cameraCFrame":[777.166,245.711,46.888,-0.012,-0.788,0.615,0,0.615,0.788,-1,0.01,-0.008],"_shiftlockState":false,"_pose":"FreeFall","_animationQueue":[],"_animationSpeed":1,"_zoom":18.6},{"_mousePosition":[789,308],"_rootPartCFrame":[765.461,229.658,47.034,-0.001,0,1,0,1,0,-1,0,-0.001],"_humanoidState":5,"_cameraCFrame":[776.876,245.843,46.88,-0.013,-0.789,0.614,0,0.614,0.789,-1,0.011,-0.008],"_shiftlockState":false,"_pose":"FreeFall","_animationQueue":[],"_animationSpeed":1,"_zoom":18.6},{"_mousePosition":[789,308],"_rootPartCFrame":[765.194,229.717,47.037,-0.003,0,1,0,1,0,-1,0,-0.003],"_humanoidState":5,"_cameraCFrame":[776.609,245.902,46.883,-0.013,-0.789,0.614,0,0.614,0.789,-1,0.011,-0.008],"_shiftlockState":false,"_pose":"FreeFall","_animationQueue":[],"_animationSpeed":1,"_zoom":18.6},{"_mousePosition":[789,308],"_rootPartCFrame":[764.928,229.722,47.04,-0.004,0,1,0,1,0,-1,0,-0.004],"_humanoidState":5,"_cameraCFrame":[776.343,245.906,46.887,-0.013,-0.789,0.614,0,0.614,0.789,-1,0.011,-0.008],"_shiftlockState":false,"_pose":"FreeFall","_animationQueue":[],"_animationSpeed":1,"_zoom":18.6},{"_mousePosition":[789,308],"_rootPartCFrame":[764.661,229.672,47.044,-0.006,0,1,0,1,0,-1,0,-0.006],"_humanoidState":5,"_cameraCFrame":[776.076,245.856,46.891,-0.013,-0.789,0.614,0,0.614,0.789,-1,0.011,-0.008],"_shiftlockState":false,"_pose":"FreeFall","_animationQueue":[["fall",0.3]],"_animationSpeed":1,"_zoom":18.6},{"_mousePosition":[789,308],"_rootPartCFrame":[764.394,229.567,47.048,-0.007,0,1,0,1,0,-1,0,-0.007],"_humanoidState":5,"_cameraCFrame":[775.798,245.761,46.894,-0.013,-0.79,0.613,0,0.613,0.79,-1,0.011,-0.008],"_shiftlockState":false,"_pose":"FreeFall","_animationQueue":[],"_animationSpeed":1,"_zoom":18.6},{"_mousePosition":[789,308],"_rootPartCFrame":[764.128,229.408,47.051,-0.008,0,1,0,1,0,-1,0,-0.008],"_humanoidState":5,"_cameraCFrame":[775.273,245.366,46.901,-0.013,-0.792,0.611,0,0.611,0.792,-1,0.011,-0.008],"_shiftlockState":false,"_pose":"FreeFall","_animationQueue":[],"_animationSpeed":1,"_zoom":14.48},{"_mousePosition":[789,308],"_rootPartCFrame":[763.861,229.195,47.055,-0.008,0,1,0,1,0,-1,0,-0.008],"_humanoidState":5,"_cameraCFrame":[774.619,244.65,46.91,-0.013,-0.792,0.611,0,0.611,0.792,-1,0.011,-0.008],"_shiftlockState":false,"_pose":"FreeFall","_animationQueue":[],"_animationSpeed":1,"_zoom":14.48},{"_mousePosition":[789,308],"_rootPartCFrame":[763.595,228.927,47.058,-0.009,0,1,0,1,0,-1,0,-0.009],"_humanoidState":5,"_cameraCFrame":[773.897,243.858,46.92,-0.013,-0.793,0.609,0,0.609,0.793,-1,0.011,-0.008],"_shiftlockState":false,"_pose":"FreeFall","_animationQueue":[],"_animationSpeed":1,"_zoom":14.48},{"_mousePosition":[789,308],"_rootPartCFrame":[763.328,228.604,47.062,-0.01,0,1,0,1,0,-1,0,-0.01],"_humanoidState":5,"_cameraCFrame":[773.257,243.114,46.939,-0.012,-0.795,0.607,0,0.607,0.795,-1,0.01,-0.008],"_shiftlockState":false,"_pose":"FreeFall","_animationQueue":[],"_animationSpeed":1,"_zoom":14.48},{"_mousePosition":[789,308],"_rootPartCFrame":[763.061,228.228,47.066,-0.01,0,1,0,1,0,-1,0,-0.01],"_humanoidState":5,"_cameraCFrame":[772.628,242.325,46.957,-0.011,-0.796,0.605,0,0.605,0.796,-1,0.009,-0.007],"_shiftlockState":false,"_pose":"FreeFall","_animationQueue":[],"_animationSpeed":1,"_zoom":14.48},{"_mousePosition":[789,308],"_rootPartCFrame":[762.795,227.796,47.069,-0.011,0,1,0,1,0,-1,0,-0.011],"_humanoidState":5,"_cameraCFrame":[772.108,241.62,46.973,-0.01,-0.798,0.603,0,0.603,0.798,-1,0.008,-0.006],"_shiftlockState":false,"_pose":"FreeFall","_animationQueue":[["fall",0.3]],"_animationSpeed":1,"_zoom":14.48},{"_mousePosition":[789,308],"_rootPartCFrame":[762.595,227.437,47.071,-0.011,0,1,0,1,0,-1,0,-0.011],"_humanoidState":5,"_cameraCFrame":[771.702,241.049,46.987,-0.009,-0.799,0.601,0,0.601,0.799,-1,0.007,-0.006],"_shiftlockState":false,"_pose":"FreeFall","_animationQueue":[],"_animationSpeed":1,"_zoom":14.48},{"_mousePosition":[789,308],"_rootPartCFrame":[762.262,226.77,47.075,-0.011,0,1,0,1,0,-1,0,-0.011],"_humanoidState":5,"_cameraCFrame":[771.204,240.243,47.001,-0.008,-0.801,0.598,0,0.598,0.801,-1,0.007,-0.005],"_shiftlockState":false,"_pose":"FreeFall","_animationQueue":[],"_animationSpeed":1,"_zoom":14.48},{"_mousePosition":[789,308],"_rootPartCFrame":[761.995,226.175,47.077,-0.011,0,1,0,1,0,-1,0,-0.011],"_humanoidState":5,"_cameraCFrame":[770.806,239.552,47.023,-0.006,-0.803,0.596,0,0.596,0.803,-1,0.005,-0.004],"_shiftlockState":false,"_pose":"FreeFall","_animationQueue":[],"_animationSpeed":1,"_zoom":14.48},{"_mousePosition":[789,308],"_rootPartCFrame":[761.728,225.525,47.079,-0.01,0,1,0,1,0,-1,0,-0.01],"_humanoidState":5,"_cameraCFrame":[770.434,238.86,47.035,-0.005,-0.806,0.593,0,0.593,0.806,-1,0.004,-0.003],"_shiftlockState":false,"_pose":"FreeFall","_animationQueue":[],"_animationSpeed":1,"_zoom":14.48},{"_mousePosition":[789,308],"_rootPartCFrame":[761.462,224.821,47.081,-0.01,0,1,0,1,0,-1,0,-0.01],"_humanoidState":5,"_cameraCFrame":[770.067,238.139,47.038,-0.005,-0.808,0.589,0,0.589,0.808,-1,0.004,-0.003],"_shiftlockState":false,"_pose":"FreeFall","_animationQueue":[],"_animationSpeed":1,"_zoom":14.48},{"_mousePosition":[789,308],"_rootPartCFrame":[761.195,224.063,47.083,-0.009,0,1,0,1,0,-1,0,-0.009],"_humanoidState":5,"_cameraCFrame":[769.727,237.379,47.048,-0.004,-0.811,0.585,0,0.585,0.811,-1,0.003,-0.002],"_shiftlockState":false,"_pose":"FreeFall","_animationQueue":[["fall",0.3]],"_animationSpeed":1,"_zoom":14.48},{"_mousePosition":[789,308],"_rootPartCFrame":[760.929,223.25,47.084,-0.009,0,1,0,1,0,-1,0,-0.009],"_humanoidState":5,"_cameraCFrame":[769.385,236.582,47.068,-0.002,-0.814,0.581,0,0.581,0.814,-1,0.002,-0.001],"_shiftlockState":false,"_pose":"FreeFall","_animationQueue":[],"_animationSpeed":1,"_zoom":14.48},{"_mousePosition":[789,308],"_rootPartCFrame":[760.662,222.491,47.085,-0.008,0,1,0,1,0,-1,0,-0.008],"_humanoidState":7,"_cameraCFrame":[769.01,235.872,47.095,0.001,-0.818,0.575,0,0.575,0.818,-1,-0.001,0.001],"_shiftlockState":false,"_pose":"FreeFall","_animationQueue":[["walk",0.1],["fall",0.3],["fall",0.3]],"_animationSpeed":1,"_zoom":14.48},{"_mousePosition":[789,308],"_rootPartCFrame":[760.329,222.473,47.086,-0.007,0,1,0,1,0,-1,0,-0.007],"_humanoidState":7,"_cameraCFrame":[768.563,235.918,47.122,0.004,-0.823,0.568,0,0.568,0.823,-1,-0.004,0.002],"_shiftlockState":false,"_pose":"FreeFall","_animationQueue":[],"_animationSpeed":1,"_zoom":14.48},{"_mousePosition":[789,308],"_rootPartCFrame":[760.129,222.544,47.086,-0.006,0,1,0,1,0,-1,0,-0.006],"_humanoidState":8,"_cameraCFrame":[768.232,236.065,47.146,0.007,-0.829,0.559,0,0.559,0.829,-1,-0.006,0.004],"_shiftlockState":false,"_pose":"Running","_animationQueue":[["walk",0.1],["fall",0.3],["walk",0.1]],"_animationSpeed":1.103,"_zoom":14.48},{"_mousePosition":[789,308],"_rootPartCFrame":[759.795,222.625,47.084,-0.005,0,1,0,1,0,-1,0,-0.005],"_humanoidState":8,"_cameraCFrame":[767.808,236.2,47.17,0.011,-0.833,0.553,0,0.553,0.833,-1,-0.009,0.006],"_shiftlockState":false,"_pose":"Running","_animationQueue":[],"_animationSpeed":1.103,"_zoom":14.48},{"_mousePosition":[789,308],"_rootPartCFrame":[759.595,222.652,47.083,-0.004,0,1,0,1,0,-1,0,-0.004],"_humanoidState":8,"_cameraCFrame":[767.518,236.282,47.184,0.013,-0.837,0.547,0,0.547,0.837,-1,-0.011,0.007],"_shiftlockState":false,"_pose":"Running","_animationQueue":[["walk",0.1]],"_animationSpeed":1.103,"_zoom":14.48},{"_mousePosition":[789,308],"_rootPartCFrame":[759.329,222.674,47.08,-0.002,0,1,0,1,0,-1,0,-0.002],"_humanoidState":8,"_cameraCFrame":[767.141,236.371,47.196,0.015,-0.842,0.539,0,0.539,0.842,-1,-0.012,0.008],"_shiftlockState":false,"_pose":"Running","_animationQueue":[],"_animationSpeed":1.103,"_zoom":14.48},{"_mousePosition":[789,308],"_rootPartCFrame":[759.062,222.685,47.077,0,0,1,0,1,0,-1,0,0],"_humanoidState":8,"_cameraCFrame":[766.765,236.45,47.207,0.017,-0.847,0.532,0,0.532,0.847,-1,-0.014,0.009],"_shiftlockState":false,"_pose":"Running","_animationQueue":[],"_animationSpeed":1.103,"_zoom":14.48},{"_mousePosition":[789,308],"_rootPartCFrame":[758.796,222.692,47.073,0.002,0,1,0,1,0,-1,0,0.002],"_humanoidState":8,"_cameraCFrame":[766.378,236.53,47.225,0.02,-0.852,0.524,0,0.524,0.852,-1,-0.017,0.011],"_shiftlockState":false,"_pose":"Running","_animationQueue":[],"_animationSpeed":1.103,"_zoom":14.48},{"_mousePosition":[789,308],"_rootPartCFrame":[758.529,222.695,47.069,0.004,0,1,0,1,0,-1,0,0.004],"_humanoidState":8,"_cameraCFrame":[766.011,236.593,47.242,0.023,-0.856,0.517,0,0.517,0.856,-1,-0.02,0.012],"_shiftlockState":false,"_pose":"Running","_animationQueue":[],"_animationSpeed":1.103,"_zoom":14.48},{"_mousePosition":[789,308],"_rootPartCFrame":[758.262,222.697,47.063,0.006,0,1,0,1,0,-1,0,0.006],"_humanoidState":8,"_cameraCFrame":[765.644,236.655,47.25,0.025,-0.86,0.51,0,0.51,0.86,-1,-0.022,0.013],"_shiftlockState":false,"_pose":"Running","_animationQueue":[],"_animationSpeed":1.103,"_zoom":14.48},{"_mousePosition":[789,308],"_rootPartCFrame":[757.996,222.698,47.057,0.008,0,1,0,1,0,-1,0,0.008],"_humanoidState":8,"_cameraCFrame":[765.256,236.726,47.256,0.027,-0.865,0.501,0,0.502,0.865,-1,-0.024,0.014],"_shiftlockState":false,"_pose":"Running","_animationQueue":[],"_animationSpeed":1.103,"_zoom":14.48},{"_mousePosition":[789,308],"_rootPartCFrame":[757.729,222.699,47.051,0.011,0,1,0,1,0,-1,0,0.011],"_humanoidState":8,"_cameraCFrame":[764.837,236.813,47.253,0.028,-0.871,0.491,0,0.491,0.871,-1,-0.025,0.014],"_shiftlockState":false,"_pose":"Running","_animationQueue":[["walk",0.1]],"_animationSpeed":1.103,"_zoom":14.48},{"_mousePosition":[789,308],"_rootPartCFrame":[757.463,222.699,47.043,0.013,0,1,0,1,0,-1,0,0.013],"_humanoidState":8,"_cameraCFrame":[764.366,236.927,47.24,0.028,-0.879,0.477,0,0.477,0.879,-1,-0.025,0.014],"_shiftlockState":false,"_pose":"Running","_animationQueue":[],"_animationSpeed":1.103,"_zoom":14.48},{"_mousePosition":[789,308],"_rootPartCFrame":[757.196,222.699,47.036,0.015,0,1,0,1,0,-1,0,0.015],"_humanoidState":8,"_cameraCFrame":[763.82,237.074,47.245,0.032,-0.889,0.457,0,0.458,0.889,-1,-0.028,0.014],"_shiftlockState":false,"_pose":"Running","_animationQueue":[],"_animationSpeed":1.103,"_zoom":14.48},{"_mousePosition":[789,308],"_rootPartCFrame":[756.863,223.783,47.026,0.018,0,1,0,1,0,-1,0,0.018],"_humanoidState":3,"_cameraCFrame":[763.298,238.253,47.277,0.039,-0.895,0.444,0,0.445,0.896,-0.999,-0.035,0.017],"_shiftlockState":false,"_pose":"Jumping","_animationQueue":[["walk",0.1],["jump",0.1]],"_animationSpeed":1,"_zoom":14.48},{"_mousePosition":[789,308],"_rootPartCFrame":[756.663,224.395,47.02,0.019,0,1,0,1,0,-1,0,0.019],"_humanoidState":5,"_cameraCFrame":[762.82,238.996,47.363,0.056,-0.903,0.425,0,0.426,0.905,-0.998,-0.05,0.024],"_shiftlockState":false,"_pose":"FreeFall","_animationQueue":[["jump",0.1]],"_animationSpeed":1,"_zoom":14.48},{"_mousePosition":[789,308],"_rootPartCFrame":[756.396,225.162,47.01,0.021,0,1,0,1,0,-1,0,0.021],"_humanoidState":5,"_cameraCFrame":[762.281,239.885,47.443,0.073,-0.911,0.406,0,0.408,0.913,-0.997,-0.067,0.03],"_shiftlockState":false,"_pose":"FreeFall","_animationQueue":[],"_animationSpeed":1,"_zoom":14.48},{"_mousePosition":[789,308],"_rootPartCFrame":[756.13,225.875,46.996,0.025,0,1,0,1,0,-1,0,0.025],"_humanoidState":5,"_cameraCFrame":[761.794,240.692,47.502,0.089,-0.916,0.391,0,0.393,0.92,-0.996,-0.082,0.035],"_shiftlockState":false,"_pose":"FreeFall","_animationQueue":[],"_animationSpeed":1,"_zoom":14.48},{"_mousePosition":[789,308],"_rootPartCFrame":[755.864,226.534,46.977,0.031,0,1,0,1,0,-1,0,0.031],"_humanoidState":5,"_cameraCFrame":[761.325,241.431,47.575,0.109,-0.92,0.377,0,0.379,0.925,-0.994,-0.101,0.041],"_shiftlockState":false,"_pose":"FreeFall","_animationQueue":[],"_animationSpeed":1,"_zoom":14.48},{"_mousePosition":[789,308],"_rootPartCFrame":[755.599,227.138,46.954,0.038,0,0.999,0,1,0,-0.999,0,0.038],"_humanoidState":5,"_cameraCFrame":[760.887,242.101,47.623,0.125,-0.922,0.365,0,0.368,0.93,-0.992,-0.117,0.046],"_shiftlockState":false,"_pose":"FreeFall","_animationQueue":[],"_animationSpeed":1,"_zoom":14.48},{"_mousePosition":[789,308],"_rootPartCFrame":[755.333,227.687,46.926,0.047,0,0.999,0,1,0,-0.999,0,0.047],"_humanoidState":5,"_cameraCFrame":[760.622,242.65,47.595,0.125,-0.922,0.365,0,0.368,0.93,-0.992,-0.117,0.046],"_shiftlockState":false,"_pose":"FreeFall","_animationQueue":[],"_animationSpeed":1,"_zoom":14.48},{"_mousePosition":[789,308],"_rootPartCFrame":[755.069,228.182,46.893,0.057,0,0.998,0,1,0,-0.998,0,0.057],"_humanoidState":5,"_cameraCFrame":[760.357,243.145,47.562,0.125,-0.922,0.365,0,0.368,0.93,-0.992,-0.117,0.046],"_shiftlockState":false,"_pose":"FreeFall","_animationQueue":[],"_animationSpeed":1,"_zoom":14.48},{"_mousePosition":[789,308],"_rootPartCFrame":[754.804,228.623,46.86,0.067,0,0.998,0,1,0,-0.998,0,0.067],"_humanoidState":5,"_cameraCFrame":[760.093,243.586,47.529,0.125,-0.922,0.365,0,0.368,0.93,-0.992,-0.117,0.046],"_shiftlockState":false,"_pose":"FreeFall","_animationQueue":[],"_animationSpeed":1,"_zoom":14.48},{"_mousePosition":[789,308],"_rootPartCFrame":[754.539,229.009,46.826,0.075,0,0.997,0,1,0,-0.997,0,0.075],"_humanoidState":5,"_cameraCFrame":[759.828,243.972,47.495,0.125,-0.922,0.365,0,0.368,0.93,-0.992,-0.117,0.046],"_shiftlockState":false,"_pose":"FreeFall","_animationQueue":[],"_animationSpeed":1,"_zoom":14.48},{"_mousePosition":[789,308],"_rootPartCFrame":[754.275,229.34,46.793,0.082,0,0.997,0,1,0,-0.997,0,0.082],"_humanoidState":5,"_cameraCFrame":[759.563,244.303,47.462,0.125,-0.922,0.365,0,0.368,0.93,-0.992,-0.117,0.046],"_shiftlockState":false,"_pose":"FreeFall","_animationQueue":[],"_animationSpeed":1,"_zoom":14.48},{"_mousePosition":[789,308],"_rootPartCFrame":[754.01,229.617,46.759,0.088,0,0.996,0,1,0,-0.996,0,0.088],"_humanoidState":5,"_cameraCFrame":[759.299,244.58,47.428,0.125,-0.922,0.365,0,0.368,0.93,-0.992,-0.117,0.046],"_shiftlockState":false,"_pose":"FreeFall","_animationQueue":[],"_animationSpeed":1,"_zoom":14.48},{"_mousePosition":[789,308],"_rootPartCFrame":[753.745,229.84,46.726,0.094,0,0.996,0,1,0,-0.996,0,0.094],"_humanoidState":5,"_cameraCFrame":[759.034,244.803,47.395,0.125,-0.922,0.365,0,0.368,0.93,-0.992,-0.117,0.046],"_shiftlockState":false,"_pose":"FreeFall","_animationQueue":[],"_animationSpeed":1,"_zoom":14.48},{"_mousePosition":[789,308],"_rootPartCFrame":[753.481,230.008,46.692,0.098,0,0.995,0,1,0,-0.995,0,0.098],"_humanoidState":5,"_cameraCFrame":[758.769,244.971,47.361,0.125,-0.922,0.365,0,0.368,0.93,-0.992,-0.117,0.046],"_shiftlockState":false,"_pose":"FreeFall","_animationQueue":[],"_animationSpeed":1,"_zoom":14.48},{"_mousePosition":[789,308],"_rootPartCFrame":[753.216,230.121,46.659,0.102,0,0.995,0,1,0,-0.995,0,0.102],"_humanoidState":5,"_cameraCFrame":[758.505,245.084,47.328,0.125,-0.922,0.365,0,0.368,0.93,-0.992,-0.117,0.046],"_shiftlockState":false,"_pose":"FreeFall","_animationQueue":[],"_animationSpeed":1,"_zoom":14.48},{"_mousePosition":[789,308],"_rootPartCFrame":[752.951,230.18,46.625,0.105,0,0.994,0,1,0,-0.994,0,0.105],"_humanoidState":5,"_cameraCFrame":[758.24,245.143,47.294,0.125,-0.922,0.365,0,0.368,0.93,-0.992,-0.117,0.046],"_shiftlockState":false,"_pose":"FreeFall","_animationQueue":[],"_animationSpeed":1,"_zoom":14.48},{"_mousePosition":[789,308],"_rootPartCFrame":[752.687,230.185,46.592,0.108,0,0.994,0,1,0,-0.994,0,0.108],"_humanoidState":5,"_cameraCFrame":[757.975,245.148,47.261,0.125,-0.922,0.365,0,0.368,0.93,-0.992,-0.117,0.046],"_shiftlockState":false,"_pose":"FreeFall","_animationQueue":[],"_animationSpeed":1,"_zoom":14.48},{"_mousePosition":[789,308],"_rootPartCFrame":[752.422,230.135,46.558,0.111,0,0.994,0,1,0,-0.994,0,0.111],"_humanoidState":5,"_cameraCFrame":[757.711,245.098,47.227,0.125,-0.922,0.365,0,0.368,0.93,-0.992,-0.117,0.046],"_shiftlockState":false,"_pose":"FreeFall","_animationQueue":[["fall",0.3]],"_animationSpeed":1,"_zoom":14.48},{"_mousePosition":[789,308],"_rootPartCFrame":[752.158,230.03,46.525,0.113,0,0.994,0,1,0,-0.994,0,0.113],"_humanoidState":5,"_cameraCFrame":[757.446,244.994,47.194,0.125,-0.922,0.365,0,0.368,0.93,-0.992,-0.117,0.046],"_shiftlockState":false,"_pose":"FreeFall","_animationQueue":[],"_animationSpeed":1,"_zoom":14.48},{"_mousePosition":[789,308],"_rootPartCFrame":[751.893,229.871,46.491,0.114,0,0.993,0,1,0,-0.993,0,0.114],"_humanoidState":5,"_cameraCFrame":[757.275,244.804,47.007,0.095,-0.923,0.372,0,0.373,0.928,-0.995,-0.088,0.036],"_shiftlockState":false,"_pose":"FreeFall","_animationQueue":[],"_animationSpeed":1,"_zoom":14.48},{"_mousePosition":[789,308],"_rootPartCFrame":[751.628,229.658,46.458,0.116,0,0.993,0,1,0,-0.993,0,0.116],"_humanoidState":5,"_cameraCFrame":[757.128,244.551,46.672,0.039,-0.924,0.38,0,0.38,0.925,-0.999,-0.036,0.015],"_shiftlockState":false,"_pose":"FreeFall","_animationQueue":[],"_animationSpeed":1,"_zoom":14.48},{"_mousePosition":[789,308],"_rootPartCFrame":[751.363,229.39,46.431,0.115,0,0.993,0,1,0,-0.993,0,0.115],"_humanoidState":5,"_cameraCFrame":[756.914,244.283,44.839,0.028,-0.925,0.38,0,0.38,0.925,-1,-0.026,0.011],"_shiftlockState":true,"_pose":"FreeFall","_animationQueue":[],"_animationSpeed":1,"_zoom":14.48},{"_mousePosition":[683,384],"_rootPartCFrame":[751.097,229.068,46.419,0.029,0,1,0,1,0,-1,0,0.029],"_humanoidState":5,"_cameraCFrame":[756.648,243.961,44.826,0.028,-0.925,0.38,0,0.38,0.925,-1,-0.026,0.011],"_shiftlockState":true,"_pose":"FreeFall","_animationQueue":[],"_animationSpeed":1,"_zoom":14.48},{"_mousePosition":[683,384],"_rootPartCFrame":[750.83,228.691,46.411,0.029,0,1,0,1,0,-1,0,0.029],"_humanoidState":5,"_cameraCFrame":[756.335,243.597,44.771,0.02,-0.926,0.378,0,0.378,0.926,-1,-0.019,0.008],"_shiftlockState":true,"_pose":"FreeFall","_animationQueue":[["fall",0.3]],"_animationSpeed":1,"_zoom":14.48},{"_mousePosition":[683,384],"_rootPartCFrame":[750.563,228.259,46.403,0.021,0,1,0,1,0,-1,0,0.021],"_humanoidState":5,"_cameraCFrame":[756.035,243.174,44.723,0.013,-0.926,0.376,0,0.376,0.926,-1,-0.012,0.005],"_shiftlockState":true,"_pose":"FreeFall","_animationQueue":[],"_animationSpeed":1,"_zoom":14.48},{"_mousePosition":[683,384],"_rootPartCFrame":[750.297,227.773,46.397,0.014,0,1,0,1,0,-1,0,0.014],"_humanoidState":5,"_cameraCFrame":[755.736,242.697,44.683,0.006,-0.927,0.375,0,0.375,0.927,-1,-0.006,0.002],"_shiftlockState":true,"_pose":"FreeFall","_animationQueue":[],"_animationSpeed":1,"_zoom":14.48},{"_mousePosition":[683,384],"_rootPartCFrame":[750.03,227.233,46.394,0.007,0,1,0,1,0,-1,0,0.007],"_humanoidState":7,"_cameraCFrame":[755.395,242.178,44.617,-0.005,-0.929,0.371,0,0.371,0.929,-1,0.005,-0.002],"_shiftlockState":true,"_pose":"FreeFall","_animationQueue":[["walk",0.1],["fall",0.3],["fall",0.3]],"_animationSpeed":1,"_zoom":14.48},{"_mousePosition":[683,384],"_rootPartCFrame":[749.764,226.638,46.392,-0.005,0,1,0,1,0,-1,0,-0.005],"_humanoidState":7,"_cameraCFrame":[755.048,241.605,44.537,-0.02,-0.93,0.367,0,0.367,0.93,-1,0.018,-0.007],"_shiftlockState":true,"_pose":"FreeFall","_animationQueue":[],"_animationSpeed":1,"_zoom":14.48},{"_mousePosition":[683,384],"_rootPartCFrame":[749.497,226.529,46.393,-0.02,0,1,0,1,0,-1,0,-0.02],"_humanoidState":8,"_cameraCFrame":[754.686,241.522,44.458,-0.035,-0.931,0.363,0,0.363,0.932,-0.999,0.033,-0.013],"_shiftlockState":true,"_pose":"Running","_animationQueue":[["walk",0.1],["fall",0.3],["walk",0.1]],"_animationSpeed":1.103,"_zoom":14.48},{"_mousePosition":[683,384],"_rootPartCFrame":[749.23,226.59,46.398,-0.035,0,0.999,0,1,0,-0.999,0,-0.035],"_humanoidState":8,"_cameraCFrame":[754.345,241.6,44.384,-0.051,-0.932,0.359,0,0.36,0.933,-0.999,0.048,-0.018],"_shiftlockState":true,"_pose":"Running","_animationQueue":[],"_animationSpeed":1.103,"_zoom":14.48},{"_mousePosition":[683,384],"_rootPartCFrame":[748.897,227.674,46.404,-0.051,0,0.999,0,1,0,-0.999,0,-0.051],"_humanoidState":3,"_cameraCFrame":[753.975,242.692,44.354,-0.058,-0.932,0.358,0,0.358,0.934,-0.998,0.055,-0.021],"_shiftlockState":true,"_pose":"Jumping","_animationQueue":[["walk",0.1],["walk",0.1],["jump",0.1]],"_animationSpeed":1,"_zoom":14.48},{"_mousePosition":[683,384],"_rootPartCFrame":[748.712,228.285,46.408,-0.058,0,0.998,0,1,0,-0.998,0,-0.058],"_humanoidState":5,"_cameraCFrame":[753.773,243.307,44.342,-0.062,-0.932,0.357,0,0.358,0.934,-0.998,0.058,-0.022],"_shiftlockState":true,"_pose":"FreeFall","_animationQueue":[["jump",0.1]],"_animationSpeed":1,"_zoom":14.48},{"_mousePosition":[683,384],"_rootPartCFrame":[748.5,229.053,46.412,-0.062,0,0.998,0,1,0,-0.998,0,-0.062],"_humanoidState":5,"_cameraCFrame":[753.556,244.075,44.336,-0.064,-0.932,0.357,0,0.358,0.934,-0.998,0.059,-0.023],"_shiftlockState":true,"_pose":"FreeFall","_animationQueue":[],"_animationSpeed":1,"_zoom":14.48},{"_mousePosition":[683,384],"_rootPartCFrame":[748.328,229.766,46.415,-0.064,0,0.998,0,1,0,-0.998,0,-0.064],"_humanoidState":5,"_cameraCFrame":[753.38,244.788,44.328,-0.066,-0.932,0.357,0,0.358,0.934,-0.998,0.061,-0.024],"_shiftlockState":true,"_pose":"FreeFall","_animationQueue":[],"_animationSpeed":1,"_zoom":14.48},{"_mousePosition":[683,384],"_rootPartCFrame":[748.195,230.424,46.418,-0.066,0,0.998,0,1,0,-0.998,0,-0.066],"_humanoidState":5,"_cameraCFrame":[753.258,245.438,44.303,-0.071,-0.931,0.358,0,0.359,0.933,-0.997,0.066,-0.025],"_shiftlockState":true,"_pose":"FreeFall","_animationQueue":[],"_animationSpeed":1,"_zoom":14.48},{"_mousePosition":[683,384],"_rootPartCFrame":[748.102,231.028,46.42,-0.071,0,0.997,0,1,0,-0.997,0,-0.071],"_humanoidState":5,"_cameraCFrame":[753.206,246.021,44.269,-0.077,-0.929,0.362,0,0.363,0.932,-0.997,0.072,-0.028],"_shiftlockState":true,"_pose":"FreeFall","_animationQueue":[],"_animationSpeed":1,"_zoom":14.48},{"_mousePosition":[683,384],"_rootPartCFrame":[748.049,231.578,46.421,-0.077,0,0.997,0,1,0,-0.997,0,-0.077],"_humanoidState":5,"_cameraCFrame":[753.25,246.528,44.234,-0.082,-0.926,0.369,0,0.37,0.929,-0.997,0.077,-0.031],"_shiftlockState":true,"_pose":"FreeFall","_animationQueue":[],"_animationSpeed":1,"_zoom":14.48},{"_mousePosition":[683,384],"_rootPartCFrame":[748.035,232.073,46.421,-0.082,0,0.997,0,1,0,-0.997,0,-0.082],"_humanoidState":5,"_cameraCFrame":[753.493,246.912,44.184,-0.088,-0.918,0.388,0,0.389,0.921,-0.996,0.081,-0.034],"_shiftlockState":true,"_pose":"FreeFall","_animationQueue":[],"_animationSpeed":1,"_zoom":14.48},{"_mousePosition":[683,384],"_rootPartCFrame":[747.993,232.615,46.424,-0.087,0,0.996,0,1,0,-0.996,0,-0.087],"_humanoidState":5,"_cameraCFrame":[753.756,247.319,44.148,-0.09,-0.908,0.409,0,0.41,0.912,-0.996,0.082,-0.037],"_shiftlockState":true,"_pose":"FreeFall","_animationQueue":[],"_animationSpeed":1,"_zoom":14.48},{"_mousePosition":[683,384],"_rootPartCFrame":[747.916,232.987,46.431,-0.089,0,0.996,0,1,0,-0.996,0,-0.089],"_humanoidState":5,"_cameraCFrame":[754.018,247.533,44.13,-0.089,-0.897,0.432,0,0.434,0.901,-0.996,0.08,-0.038],"_shiftlockState":true,"_pose":"FreeFall","_animationQueue":[],"_animationSpeed":1,"_zoom":14.48},{"_mousePosition":[683,384],"_rootPartCFrame":[747.832,233.231,46.438,-0.089,0,0.996,0,1,0,-0.996,0,-0.089],"_humanoidState":5,"_cameraCFrame":[754.148,247.674,44.132,-0.087,-0.891,0.447,0,0.448,0.894,-0.996,0.077,-0.039],"_shiftlockState":true,"_pose":"FreeFall","_animationQueue":[],"_animationSpeed":1,"_zoom":14.48},{"_mousePosition":[683,384],"_rootPartCFrame":[747.685,233.508,46.451,-0.087,0,0.996,0,1,0,-0.996,0,-0.087],"_humanoidState":5,"_cameraCFrame":[754.001,247.951,44.145,-0.087,-0.891,0.447,0,0.448,0.894,-0.996,0.077,-0.039],"_shiftlockState":true,"_pose":"FreeFall","_animationQueue":[],"_animationSpeed":1,"_zoom":14.48},{"_mousePosition":[683,384],"_rootPartCFrame":[747.499,233.73,46.467,-0.087,0,0.996,0,1,0,-0.996,0,-0.087],"_humanoidState":5,"_cameraCFrame":[753.815,248.174,44.161,-0.087,-0.891,0.447,0,0.448,0.894,-0.996,0.077,-0.039],"_shiftlockState":true,"_pose":"FreeFall","_animationQueue":[],"_animationSpeed":1,"_zoom":14.48},{"_mousePosition":[683,384],"_rootPartCFrame":[747.274,233.898,46.486,-0.087,0,0.996,0,1,0,-0.996,0,-0.087],"_humanoidState":5,"_cameraCFrame":[753.589,248.342,44.181,-0.087,-0.891,0.447,0,0.448,0.894,-0.996,0.077,-0.039],"_shiftlockState":true,"_pose":"FreeFall","_animationQueue":[],"_animationSpeed":1,"_zoom":14.48},{"_mousePosition":[683,384],"_rootPartCFrame":[747.014,234.012,46.509,-0.087,0,0.996,0,1,0,-0.996,0,-0.087],"_humanoidState":5,"_cameraCFrame":[753.33,248.455,44.203,-0.087,-0.891,0.447,0,0.448,0.894,-0.996,0.077,-0.039],"_shiftlockState":true,"_pose":"FreeFall","_animationQueue":[],"_animationSpeed":1,"_zoom":14.48},{"_mousePosition":[683,384],"_rootPartCFrame":[746.748,234.071,46.532,-0.087,0,0.996,0,1,0,-0.996,0,-0.087],"_humanoidState":5,"_cameraCFrame":[753.064,248.514,44.226,-0.087,-0.891,0.447,0,0.448,0.894,-0.996,0.077,-0.039],"_shiftlockState":true,"_pose":"FreeFall","_animationQueue":[],"_animationSpeed":1,"_zoom":14.48},{"_mousePosition":[683,384],"_rootPartCFrame":[746.544,234.075,46.563,-0.036,0,0.999,0,1,0,-0.999,0,-0.036],"_humanoidState":5,"_cameraCFrame":[753.355,248.38,45.013,0.029,-0.884,0.467,0,0.467,0.884,-1,-0.026,0.014],"_shiftlockState":true,"_pose":"FreeFall","_animationQueue":[],"_animationSpeed":1,"_zoom":14.48},{"_mousePosition":[683,384],"_rootPartCFrame":[746.627,234.025,46.573,0.013,0,1,0,1,0,-1,0,0.013],"_humanoidState":5,"_cameraCFrame":[753.932,248.099,47.697,0.382,-0.803,0.458,0,0.496,0.868,-0.924,-0.332,0.189],"_shiftlockState":true,"_pose":"FreeFall","_animationQueue":[],"_animationSpeed":1,"_zoom":14.48},{"_mousePosition":[683,384],"_rootPartCFrame":[746.853,233.781,46.574,0.394,0,0.919,-0.001,1,0,-0.919,-0.001,0.394],"_humanoidState":7,"_cameraCFrame":[752.624,247.866,51.158,0.79,-0.533,0.303,0,0.495,0.869,-0.613,-0.687,0.391],"_shiftlockState":true,"_pose":"FreeFall","_animationQueue":[["walk",0.1]],"_animationSpeed":0.282,"_zoom":14.48},{"_mousePosition":[683,384],"_rootPartCFrame":[747.08,233.683,46.574,0.796,0,0.606,-0.001,1,0.001,-0.606,-0.001,0.796],"_humanoidState":7,"_cameraCFrame":[751.99,248.142,51.121,0.848,-0.475,0.237,0,0.446,0.895,-0.53,-0.759,0.378],"_shiftlockState":true,"_pose":"FreeFall","_animationQueue":[],"_animationSpeed":0.282,"_zoom":14.48},{"_mousePosition":[683,384],"_rootPartCFrame":[747.123,233.511,46.574,0.851,0,0.525,0,1,0,-0.525,-0.001,0.851],"_humanoidState":8,"_cameraCFrame":[751.453,248.877,47.886,0.638,-0.738,0.222,0,0.288,0.958,-0.77,-0.611,0.184],"_shiftlockState":true,"_pose":"Running","_animationQueue":[["walk",0.1]],"_animationSpeed":0.024,"_zoom":14.48},{"_mousePosition":[683,384],"_rootPartCFrame":[747.123,234.395,46.574,0.641,0,0.767,0,1,0,-0.767,0,0.641],"_humanoidState":3,"_cameraCFrame":[750.621,250.051,46.287,0.426,-0.885,0.19,0,0.21,0.978,-0.905,-0.416,0.089],"_shiftlockState":true,"_pose":"Jumping","_animationQueue":[["walk",0.1],["walk",0.1],["jump",0.1]],"_animationSpeed":1,"_zoom":14.48},{"_mousePosition":[683,384],"_rootPartCFrame":[747.123,235.244,46.574,0.427,0,0.904,0,1,0,-0.904,0,0.427],"_humanoidState":5,"_cameraCFrame":[751.067,250.775,46.02,0.31,-0.921,0.235,0,0.247,0.969,-0.951,-0.301,0.077],"_shiftlockState":true,"_pose":"FreeFall","_animationQueue":[["jump",0.1]],"_animationSpeed":1,"_zoom":14.48},{"_mousePosition":[683,384],"_rootPartCFrame":[747.123,236.039,46.574,0.31,0,0.951,0,1,0,-0.951,0,0.31],"_humanoidState":5,"_cameraCFrame":[751.172,251.523,45.687,0.218,-0.942,0.253,0,0.259,0.966,-0.976,-0.211,0.057],"_shiftlockState":true,"_pose":"FreeFall","_animationQueue":[],"_animationSpeed":1,"_zoom":14.48},{"_mousePosition":[683,384],"_rootPartCFrame":[747.123,236.779,46.574,0.218,0,0.976,0,1,0,-0.976,0,0.218],"_humanoidState":5,"_cameraCFrame":[751.309,252.2,45.39,0.138,-0.952,0.272,0,0.275,0.961,-0.99,-0.133,0.038],"_shiftlockState":true,"_pose":"FreeFall","_animationQueue":[],"_animationSpeed":1,"_zoom":14.48},{"_mousePosition":[683,384],"_rootPartCFrame":[747.123,237.465,46.574,0.138,0,0.99,0,1,0,-0.99,0,0.1