[{"_mousePosition":[1177,398],"_rootPartCFrame":[776.028,222.95,47.142,0,0,1,0,1,0,-1,0,0],"_humanoidState":8,"_cameraCFrame":[776.307,234.948,50.988,0.997,-0.068,0.025,0,0.345,0.939,-0.072,-0.936,0.344],"_shiftlockState":false,"_pose":"Standing","_animationQueue":[],"_animationSpeed":1,"_zoom":11.184},{"_mousePosition":[1170,398],"_rootPartCFrame":[775.782,222.832,47.16,-0.01,0,1,0,1,0,-1,0,-0.01],"_humanoidState":8,"_cameraCFrame":[776.061,234.83,51.006,0.997,-0.068,0.025,0,0.345,0.939,-0.072,-0.936,0.344],"_shiftlockState":false,"_pose":"Standing","_animationQueue":[],"_animationSpeed":1,"_zoom":11.184},{"_mousePosition":[1118,398],"_rootPartCFrame":[775.517,222.672,47.179,-0.019,0,1,0,1,0,-1,0,-0.019],"_humanoidState":8,"_cameraCFrame":[775.796,234.67,51.025,0.997,-0.068,0.025,0,0.345,0.939,-0.072,-0.936,0.344],"_shiftlockState":false,"_pose":"Running","_animationQueue":[["walk",0.1]],"_animationSpeed":1.066,"_zoom":11.184},{"_mousePosition":[1106,398],"_rootPartCFrame":[775.251,222.653,47.198,-0.026,0,1,0,1,0,-1,0,-0.026],"_humanoidState":8,"_cameraCFrame":[775.53,234.651,51.044,0.997,-0.068,0.025,0,0.345,0.939,-0.072,-0.936,0.344],"_shiftlockState":false,"_pose":"Running","_animationQueue":[],"_animationSpeed":1.066,"_zoom":11.184},{"_mousePosition":[1048,394],"_rootPartCFrame":[774.985,222.669,47.218,-0.032,0,0.999,0,1,0,-0.999,0,-0.032],"_humanoidState":8,"_cameraCFrame":[775.264,234.668,51.064,0.997,-0.068,0.025,0,0.345,0.939,-0.072,-0.936,0.344],"_shiftlockState":false,"_pose":"Running","_animationQueue":[],"_animationSpeed":1.066,"_zoom":11.184},{"_mousePosition":[1033,392],"_rootPartCFrame":[774.719,222.683,47.237,-0.038,0,0.999,0,1,0,-0.999,0,-0.038],"_humanoidState":8,"_cameraCFrame":[774.998,234.681,51.083,0.997,-0.068,0.025,0,0.345,0.939,-0.072,-0.936,0.344],"_shiftlockState":false,"_pose":"Running","_animationQueue":[["walk",0.1]],"_animationSpeed":1.066,"_zoom":11.184},{"_mousePosition":[973,389],"_rootPartCFrame":[774.453,222.69,47.256,-0.042,0,0.999,0,1,0,-0.999,0,-0.042],"_humanoidState":8,"_cameraCFrame":[774.732,234.689,51.102,0.997,-0.068,0.025,0,0.345,0.939,-0.072,-0.936,0.344],"_shiftlockState":false,"_pose":"Running","_animationQueue":[],"_animationSpeed":1.066,"_zoom":11.184},{"_mousePosition":[961,388],"_rootPartCFrame":[774.187,222.695,47.276,-0.046,0,0.999,0,1,0,-0.999,0,-0.046],"_humanoidState":8,"_cameraCFrame":[774.466,234.693,51.122,0.997,-0.068,0.025,0,0.345,0.939,-0.072,-0.936,0.344],"_shiftlockState":false,"_pose":"Running","_animationQueue":[],"_animationSpeed":1.066,"_zoom":11.184},{"_mousePosition":[902,387],"_rootPartCFrame":[773.921,222.697,47.295,-0.05,0,0.999,0,1,0,-0.999,0,-0.05],"_humanoidState":8,"_cameraCFrame":[774.2,234.695,51.141,0.997,-0.068,0.025,0,0.345,0.939,-0.072,-0.936,0.344],"_shiftlockState":false,"_pose":"Running","_animationQueue":[],"_animationSpeed":1.066,"_zoom":11.184},{"_mousePosition":[860,386],"_rootPartCFrame":[773.655,222.698,47.314,-0.053,0,0.999,0,1,0,-0.999,0,-0.053],"_humanoidState":8,"_cameraCFrame":[773.934,234.696,51.16,0.997,-0.068,0.025,0,0.345,0.939,-0.072,-0.936,0.344],"_shiftlockState":false,"_pose":"Running","_animationQueue":[],"_animationSpeed":1.066,"_zoom":11.184},{"_mousePosition":[826,386],"_rootPartCFrame":[773.389,222.699,47.334,-0.056,0,0.998,0,1,0,-0.998,0,-0.056],"_humanoidState":8,"_cameraCFrame":[773.668,234.697,51.18,0.997,-0.068,0.025,0,0.345,0.939,-0.072,-0.936,0.344],"_shiftlockState":false,"_pose":"Running","_animationQueue":[],"_animationSpeed":1.066,"_zoom":11.184},{"_mousePosition":[810,386],"_rootPartCFrame":[773.123,222.699,47.353,-0.058,0,0.998,0,1,0,-0.998,0,-0.058],"_humanoidState":8,"_cameraCFrame":[773.402,234.697,51.199,0.997,-0.068,0.025,0,0.345,0.939,-0.072,-0.936,0.344],"_shiftlockState":false,"_pose":"Running","_animationQueue":[],"_animationSpeed":1.066,"_zoom":11.184},{"_mousePosition":[766,403],"_rootPartCFrame":[772.857,222.699,47.372,-0.06,0,0.998,0,1,0,-0.998,0,-0.06],"_humanoidState":8,"_cameraCFrame":[773.136,234.698,51.218,0.997,-0.068,0.025,0,0.345,0.939,-0.072,-0.936,0.344],"_shiftlockState":false,"_pose":"Running","_animationQueue":[["walk",0.1]],"_animationSpeed":1.066,"_zoom":11.184},{"_mousePosition":[766,403],"_rootPartCFrame":[772.591,222.7,47.392,-0.062,0,0.998,0,1,0,-0.998,0,-0.062],"_humanoidState":8,"_cameraCFrame":[774.674,234.759,50.901,0.996,-0.087,0.03,0,0.33,0.944,-0.092,-0.94,0.328],"_shiftlockState":true,"_pose":"Running","_animationQueue":[],"_animationSpeed":1.066,"_zoom":11.184},{"_mousePosition":[683,384],"_rootPartCFrame":[772.259,222.7,47.416,1,0,-0.002,0,1,0,0.002,0,1],"_humanoidState":8,"_cameraCFrame":[774.341,234.759,50.925,0.996,-0.087,0.03,0,0.33,0.944,-0.092,-0.94,0.328],"_shiftlockState":true,"_pose":"Running","_animationQueue":[],"_animationSpeed":1.066,"_zoom":11.184},{"_mousePosition":[683,384],"_rootPartCFrame":[772.059,222.7,47.434,0.998,0,0.066,0,1,0,-0.066,0,0.998],"_humanoidState":8,"_cameraCFrame":[774.108,234.805,50.82,0.996,-0.082,0.027,0,0.317,0.948,-0.086,-0.945,0.316],"_shiftlockState":true,"_pose":"Running","_animationQueue":[],"_animationSpeed":1.066,"_zoom":11.184},{"_mousePosition":[683,384],"_rootPartCFrame":[771.794,222.7,47.458,0.997,0,0.08,0,1,0,-0.08,0,0.997],"_humanoidState":8,"_cameraCFrame":[773.783,234.85,50.737,0.997,-0.068,0.022,0,0.305,0.952,-0.071,-0.95,0.304],"_shiftlockState":true,"_pose":"Running","_animationQueue":[],"_animationSpeed":1.066,"_zoom":11.184},{"_mousePosition":[683,384],"_rootPartCFrame":[771.528,222.7,47.481,0.997,0,0.071,0,1,0,-0.071,0,0.997],"_humanoidState":8,"_cameraCFrame":[773.412,234.909,50.628,0.999,-0.04,0.012,0,0.288,0.958,-0.042,-0.957,0.288],"_shiftlockState":true,"_pose":"Running","_animationQueue":[],"_animationSpeed":1.066,"_zoom":11.184},{"_mousePosition":[683,384],"_rootPartCFrame":[771.262,222.7,47.501,0.999,0,0.042,0,1,0,-0.042,0,0.999],"_humanoidState":8,"_cameraCFrame":[773.058,234.957,50.533,1,-0.014,0.004,0,0.273,0.962,-0.015,-0.962,0.273],"_shiftlockState":true,"_pose":"Running","_animationQueue":[["walk",0.1]],"_animationSpeed":1.066,"_zoom":11.184},{"_mousePosition":[683,384],"_rootPartCFrame":[770.996,222.7,47.513,1,0,0.015,0,1,0,-0.015,0,1],"_humanoidState":8,"_cameraCFrame":[772.716,235,50.433,1,0.01,-0.003,0,0.26,0.966,0.01,-0.966,0.259],"_shiftlockState":true,"_pose":"Running","_animationQueue":[],"_animationSpeed":1.066,"_zoom":11.184},{"_mousePosition":[683,384],"_rootPartCFrame":[770.663,222.7,47.52,1,0,-0.01,0,1,0,0.01,0,1],"_humanoidState":8,"_cameraCFrame":[772.323,235.039,50.328,0.999,0.031,-0.008,0,0.246,0.969,0.032,-0.969,0.246],"_shiftlockState":true,"_pose":"Running","_animationQueue":[],"_animationSpeed":1.066,"_zoom":11.184},{"_mousePosition":[683,384],"_rootPartCFrame":[770.463,222.7,47.518,0.999,0,-0.032,0,1,0,0.032,0,0.999],"_humanoidState":8,"_cameraCFrame":[772.071,235.072,50.23,0.999,0.052,-0.012,0,0.235,0.972,0.053,-0.971,0.234],"_shiftlockState":true,"_pose":"Running","_animationQueue":[],"_animationSpeed":1.066,"_zoom":11.184},{"_mousePosition":[683,384],"_rootPartCFrame":[770.196,222.7,47.511,0.999,0,-0.053,0,1,0,0.053,0,0.999],"_humanoidState":8,"_cameraCFrame":[771.765,235.101,50.128,0.997,0.069,-0.016,0,0.224,0.975,0.071,-0.972,0.223],"_shiftlockState":true,"_pose":"Running","_animationQueue":[],"_animationSpeed":1.066,"_zoom":11.184},{"_mousePosition":[683,384],"_rootPartCFrame":[769.929,222.666,47.502,0.997,0,-0.071,0,1,0,0.071,0,0.997],"_humanoidState":8,"_cameraCFrame":[771.478,235.094,50.015,0.997,0.08,-0.017,0,0.212,0.977,0.082,-0.974,0.212],"_shiftlockState":true,"_pose":"Running","_animationQueue":[],"_animationSpeed":1.066,"_zoom":11.184},{"_mousePosition":[683,384],"_rootPartCFrame":[769.596,222.546,47.491,0.997,0,-0.082,0,1,0,0.082,0,0.997],"_humanoidState":8,"_cameraCFrame":[771.145,234.988,49.946,0.996,0.083,-0.017,0,0.207,0.978,0.084,-0.975,0.206],"_shiftlockState":true,"_pose":"Running","_animationQueue":[["walk",0.1]],"_animationSpeed":1.066,"_zoom":11.184},{"_mousePosition":[683,384],"_rootPartCFrame":[769.396,222.434,47.485,0.996,0,-0.084,0,1,0,0.084,0,0.996],"_humanoidState":8,"_cameraCFrame":[770.948,234.885,49.895,0.996,0.083,-0.017,0,0.203,0.979,0.084,-0.976,0.202],"_shiftlockState":true,"_pose":"Running","_animationQueue":[],"_animationSpeed":1.066,"_zoom":11.184},{"_mousePosition":[683,384],"_rootPartCFrame":[769.13,222.236,47.476,0.996,0,-0.084,0,1,0,0.084,0,0.996],"_humanoidState":8,"_cameraCFrame":[770.677,234.7,49.832,0.996,0.087,-0.017,0,0.198,0.98,0.089,-0.976,0.197],"_shiftlockState":true,"_pose":"Running","_animationQueue":[],"_animationSpeed":1.066,"_zoom":11.184},{"_mousePosition":[683,384],"_rootPartCFrame":[768.863,223.11,47.468,0.996,0,-0.089,0,1,0,0.089,0,0.996],"_humanoidState":3,"_cameraCFrame":[770.382,235.586,49.784,0.995,0.101,-0.02,0,0.192,0.981,0.103,-0.976,0.191],"_shiftlockState":true,"_pose":"Jumping","_animationQueue":[["walk",0.1],["jump",0.1]],"_animationSpeed":1,"_zoom":11.184},{"_mousePosition":[683,384],"_rootPartCFrame":[768.597,223.932,47.446,1,0,-0.011,0,1,0,0.011,0,1],"_humanoidState":5,"_cameraCFrame":[770.064,236.428,49.699,0.991,0.129,-0.024,0,0.182,0.983,0.131,-0.975,0.181],"_shiftlockState":true,"_pose":"FreeFall","_animationQueue":[["jump",0.1]],"_animationSpeed":1,"_zoom":11.184},{"_mousePosition":[683,384],"_rootPartCFrame":[768.332,224.699,47.42,1,0,-0.003,0,1,0,0.003,0,1],"_humanoidState":5,"_cameraCFrame":[769.704,237.213,49.645,0.984,0.177,-0.031,0,0.174,0.985,0.18,-0.969,0.171],"_shiftlockState":true,"_pose":"FreeFall","_animationQueue":[],"_animationSpeed":1,"_zoom":11.184},{"_mousePosition":[683,384],"_rootPartCFrame":[768.068,225.412,47.386,0.999,0,-0.048,0,1,0,0.048,0,0.999],"_humanoidState":5,"_cameraCFrame":[769.3,237.926,49.691,0.971,0.237,-0.042,0,0.174,0.985,0.24,-0.956,0.169],"_shiftlockState":true,"_pose":"FreeFall","_animationQueue":[],"_animationSpeed":1,"_zoom":11.184},{"_mousePosition":[683,384],"_rootPartCFrame":[767.805,226.071,47.34,0.994,0,-0.109,0,1,0,0.109,0,0.994],"_humanoidState":5,"_cameraCFrame":[768.865,238.585,49.729,0.95,0.306,-0.054,0,0.174,0.985,0.311,-0.936,0.165],"_shiftlockState":true,"_pose":"FreeFall","_animationQueue":[],"_animationSpeed":1,"_zoom":11.184},{"_mousePosition":[683,384],"_rootPartCFrame":[767.481,226.817,47.262,0.989,0,-0.149,0,1,0,0.149,0,0.989],"_humanoidState":5,"_cameraCFrame":[768.376,239.331,49.718,0.927,0.369,-0.065,0,0.174,0.985,0.375,-0.913,0.161],"_shiftlockState":true,"_pose":"FreeFall","_animationQueue":[],"_animationSpeed":1,"_zoom":11.184},{"_mousePosition":[683,384],"_rootPartCFrame":[767.29,227.224,47.204,0.96,0,-0.28,0,1,0,0.28,0,0.96],"_humanoidState":5,"_cameraCFrame":[768.063,239.738,49.701,0.908,0.413,-0.073,0,0.174,0.985,0.42,-0.894,0.158],"_shiftlockState":true,"_pose":"FreeFall","_animationQueue":[],"_animationSpeed":1,"_zoom":11.184},{"_mousePosition":[683,384],"_rootPartCFrame":[767.041,227.719,47.107,0.955,0,-0.295,0,1,0,0.295,0,0.955],"_humanoidState":5,"_cameraCFrame":[767.733,240.233,49.628,0.894,0.442,-0.078,0,0.174,0.985,0.449,-0.88,0.155],"_shiftlockState":true,"_pose":"FreeFall","_animationQueue":[],"_animationSpeed":1,"_zoom":11.184},{"_mousePosition":[683,384],"_rootPartCFrame":[766.759,228.261,46.957,0.949,0,-0.316,0,1,0,0.316,0,0.949],"_humanoidState":5,"_cameraCFrame":[767.44,240.775,49.481,0.892,0.446,-0.079,0,0.174,0.985,0.453,-0.878,0.155],"_shiftlockState":true,"_pose":"FreeFall","_animationQueue":[],"_animationSpeed":1,"_zoom":11.184},{"_mousePosition":[683,384],"_rootPartCFrame":[766.611,228.546,46.846,0.925,0,-0.38,0,1,0,0.38,0,0.925],"_humanoidState":5,"_cameraCFrame":[767.321,241.06,49.362,0.897,0.436,-0.077,0,0.174,0.985,0.442,-0.883,0.156],"_shiftlockState":true,"_pose":"FreeFall","_animationQueue":[],"_animationSpeed":1,"_zoom":11.184},{"_mousePosition":[683,384],"_rootPartCFrame":[766.401,228.952,46.628,0.947,0,-0.323,0,1,0,0.323,0,0.947],"_humanoidState":5,"_cameraCFrame":[767.177,241.459,49.152,0.911,0.407,-0.073,0,0.177,0.984,0.413,-0.896,0.161],"_shiftlockState":true,"_pose":"FreeFall","_animationQueue":[],"_animationSpeed":1,"_zoom":11.184},{"_mousePosition":[683,384],"_rootPartCFrame":[766.296,229.154,46.477,0.939,0,-0.343,0,1,0,0.343,0,0.939],"_humanoidState":5,"_cameraCFrame":[767.168,241.651,49.019,0.929,0.364,-0.067,0,0.182,0.983,0.37,-0.914,0.169],"_shiftlockState":true,"_pose":"FreeFall","_animationQueue":[],"_animationSpeed":1,"_zoom":11.184},{"_mousePosition":[683,384],"_rootPartCFrame":[766.181,229.377,46.25,0.961,0,-0.276,0,1,0,0.276,0,0.961],"_humanoidState":5,"_cameraCFrame":[767.199,241.851,48.833,0.953,0.296,-0.058,0,0.193,0.981,0.302,-0.936,0.184],"_shiftlockState":true,"_pose":"FreeFall","_animationQueue":[],"_animationSpeed":1,"_zoom":11.184},{"_mousePosition":[683,384],"_rootPartCFrame":[766.076,229.545,46.006,0.978,0,-0.209,0,1,0,0.209,0,0.978],"_humanoidState":5,"_cameraCFrame":[767.265,241.989,48.645,0.975,0.219,-0.046,0,0.206,0.979,0.224,-0.954,0.201],"_shiftlockState":true,"_pose":"FreeFall","_animationQueue":[],"_animationSpeed":1,"_zoom":11.184},{"_mousePosition":[683,384],"_rootPartCFrame":[765.956,229.658,45.768,0.991,0,-0.131,0,1,0,0.131,0,0.991],"_humanoidState":5,"_cameraCFrame":[767.365,242.077,48.401,0.991,0.131,-0.029,0,0.216,0.976,0.134,-0.967,0.214],"_shiftlockState":true,"_pose":"FreeFall","_animationQueue":[],"_animationSpeed":1,"_zoom":11.184},{"_mousePosition":[683,384],"_rootPartCFrame":[765.84,229.724,45.467,0.993,0,-0.115,0,1,0,0.115,0,0.993],"_humanoidState":5,"_cameraCFrame":[767.463,242.123,48.059,0.999,0.049,-0.011,0,0.224,0.975,0.05,-0.973,0.224],"_shiftlockState":true,"_pose":"FreeFall","_animationQueue":[],"_animationSpeed":1,"_zoom":11.184},{"_mousePosition":[683,384],"_rootPartCFrame":[765.8,229.722,45.282,0.998,0,-0.057,0,1,0,0.057,0,0.998],"_humanoidState":5,"_cameraCFrame":[767.684,242.098,47.791,0.999,-0.051,0.012,0,0.233,0.973,-0.053,-0.971,0.233],"_shiftlockState":true,"_pose":"FreeFall","_animationQueue":[],"_animationSpeed":1,"_zoom":11.184},{"_mousePosition":[683,384],"_rootPartCFrame":[765.78,229.672,45.026,0.999,0,0.04,0,1,0,-0.04,0,0.999],"_humanoidState":5,"_cameraCFrame":[767.935,242.018,47.445,0.988,-0.152,0.038,0,0.244,0.97,-0.157,-0.958,0.241],"_shiftlockState":true,"_pose":"FreeFall","_animationQueue":[["fall",0.3]],"_animationSpeed":1,"_zoom":11.184},{"_mousePosition":[683,384],"_rootPartCFrame":[765.767,229.567,44.761,0.99,0,0.143,0,1,0,-0.143,0,0.99],"_humanoidState":5,"_cameraCFrame":[768.274,241.869,47.04,0.958,-0.276,0.074,0,0.259,0.966,-0.286,-0.925,0.249],"_shiftlockState":true,"_pose":"FreeFall","_animationQueue":[],"_animationSpeed":1,"_zoom":11.184},{"_mousePosition":[683,384],"_rootPartCFrame":[765.722,229.36,44.431,0.964,0,0.266,0,1,0,-0.266,0,0.964],"_humanoidState":5,"_cameraCFrame":[768.533,241.62,46.542,0.919,-0.38,0.108,0,0.273,0.962,-0.395,-0.884,0.251],"_shiftlockState":true,"_pose":"FreeFall","_animationQueue":[],"_animationSpeed":1,"_zoom":11.184},{"_mousePosition":[683,384],"_rootPartCFrame":[765.677,229.195,44.236,0.924,0,0.383,0,1,0,-0.383,0,0.924],"_humanoidState":5,"_cameraCFrame":[768.771,241.415,46.147,0.87,-0.473,0.141,0,0.285,0.959,-0.493,-0.834,0.248],"_shiftlockState":true,"_pose":"FreeFall","_animationQueue":[],"_animationSpeed":1,"_zoom":11.184},{"_mousePosition":[683,384],"_rootPartCFrame":[765.584,228.927,43.987,0.877,0,0.48,0,1,0,-0.48,0,0.877],"_humanoidState":5,"_cameraCFrame":[768.924,241.11,45.676,0.816,-0.552,0.171,0,0.296,0.955,-0.578,-0.78,0.241],"_shiftlockState":true,"_pose":"FreeFall","_animationQueue":[],"_animationSpeed":1,"_zoom":11.184},{"_mousePosition":[683,384],"_rootPartCFrame":[765.462,228.605,43.751,0.824,0,0.566,0,1,0,-0.566,0,0.824],"_humanoidState":5,"_cameraCFrame":[769.076,240.739,45.164,0.745,-0.634,0.207,0,0.31,0.951,-0.667,-0.708,0.231],"_shiftlockState":true,"_pose":"FreeFall","_animationQueue":[],"_animationSpeed":1,"_zoom":11.184},{"_mousePosition":[683,384],"_rootPartCFrame":[765.276,228.125,43.474,0.757,0,0.653,0,1,0,-0.653,0,0.757],"_humanoidState":5,"_cameraCFrame":[769.142,240.205,44.599,0.669,-0.703,0.241,0,0.324,0.946,-0.743,-0.633,0.217],"_shiftlockState":true,"_pose":"FreeFall","_animationQueue":[["fall",0.3]],"_animationSpeed":1,"_zoom":11.184},{"_mousePosition":[683,384],"_rootPartCFrame":[765.15,227.796,43.32,0.677,0,0.736,0,1,0,-0.736,0,0.677],"_humanoidState":5,"_cameraCFrame":[769.298,239.804,44.041,0.565,-0.775,0.282,0,0.342,0.94,-0.825,-0.531,0.194],"_shiftlockState":true,"_pose":"FreeFall","_animationQueue":[],"_animationSpeed":1,"_zoom":11.184},{"_mousePosition":[683,384],"_rootPartCFrame":[764.959,227.31,43.134,0.579,0,0.815,0,1,0,-0.815,0,0.579],"_humanoidState":5,"_cameraCFrame":[769.303,239.258,43.476,0.472,-0.823,0.314,0,0.357,0.934,-0.881,-0.441,0.169],"_shiftlockState":true,"_pose":"FreeFall","_animationQueue":[],"_animationSpeed":1,"_zoom":11.184},{"_mousePosition":[683,384],"_rootPartCFrame":[764.747,226.77,42.973,0.486,0,0.874,0,1,0,-0.874,0,0.486],"_humanoidState":5,"_cameraCFrame":[769.278,238.642,42.789,0.348,-0.869,0.351,0,0.374,0.927,-0.937,-0.323,0.13],"_shiftlockState":true,"_pose":"FreeFall","_animationQueue":[],"_animationSpeed":1,"_zoom":11.184},{"_mousePosition":[683,384],"_rootPartCFrame":[764.456,226.017,42.811,0.344,0,0.939,0,1,0,-0.939,0,0.344],"_humanoidState":7,"_cameraCFrame":[769.1,237.824,42.219,0.253,-0.891,0.376,0,0.388,0.922,-0.967,-0.234,0.098],"_shiftlockState":true,"_pose":"FreeFall","_animationQueue":[["walk",0.1],["fall",0.3],["fall",0.3]],"_animationSpeed":1,"_zoom":11.184},{"_mousePosition":[683,384],"_rootPartCFrame":[764.404,225.583,42.86,0.342,-0.009,0.94,0.011,1,0.005,-0.94,0.009,0.342],"_humanoidState":7,"_cameraCFrame":[769.112,237.322,41.867,0.16,-0.904,0.397,0,0.402,0.916,-0.987,-0.147,0.064],"_shiftlockState":true,"_pose":"FreeFall","_animationQueue":[],"_animationSpeed":1,"_zoom":11.184},{"_mousePosition":[683,384],"_rootPartCFrame":[764.319,225.565,42.966,0.263,-0.003,0.965,0.005,1,0.001,-0.965,0.005,0.263],"_humanoidState":8,"_cameraCFrame":[768.886,237.26,43.471,0.108,-0.906,0.409,0,0.411,0.912,-0.994,-0.099,0.045],"_shiftlockState":false,"_pose":"Running","_animationQueue":[["walk",0.1],["fall",0.3],["walk",0.1]],"_animationSpeed":0.546,"_zoom":11.184},{"_mousePosition":[683,384],"_rootPartCFrame":[764.193,225.599,43.011,0.348,0.005,0.938,-0.004,1,-0.004,-0.938,-0.003,0.348],"_humanoidState":8,"_cameraCFrame":[768.771,237.294,43.505,0.108,-0.906,0.409,0,0.411,0.912,-0.994,-0.099,0.045],"_shiftlockState":false,"_pose":"Running","_animationQueue":[["walk",0.1],["walk",0.1]],"_animationSpeed":0.458,"_zoom":11.184},{"_mousePosition":[683,352.5],"_rootPartCFrame":[764.054,225.624,43.057,0.433,0.007,0.901,-0.007,1,-0.004,-0.901,-0.005,0.433],"_humanoidState":8,"_cameraCFrame":[762.515,238.138,44.222,0.603,0.785,-0.138,0,0.174,0.985,0.798,-0.594,0.105],"_shiftlockState":false,"_pose":"Running","_animationQueue":[["walk",0.1]],"_animationSpeed":0.562,"_zoom":11.184},{"_mousePosition":[683,352.5],"_rootPartCFrame":[763.926,226.487,43.114,0.516,0.008,0.856,-0.007,1,-0.005,-0.856,-0.004,0.516],"_humanoidState":3,"_cameraCFrame":[762.389,239.001,44.28,0.603,0.785,-0.138,0,0.174,0.985,0.798,-0.594,0.105],"_shiftlockState":false,"_pose":"Jumping","_animationQueue":[["walk",0.1],["jump",0.1]],"_animationSpeed":1,"_zoom":11.184},{"_mousePosition":[683,352.5],"_rootPartCFrame":[763.822,227.291,43.164,0.551,0.006,0.834,-0.005,1,-0.004,-0.834,-0.002,0.551],"_humanoidState":5,"_cameraCFrame":[762.282,239.805,44.333,0.603,0.785,-0.138,0,0.174,0.985,0.798,-0.594,0.105],"_shiftlockState":false,"_pose":"FreeFall","_animationQueue":[["jump",0.1]],"_animationSpeed":1,"_zoom":11.184},{"_mousePosition":[683,352.5],"_rootPartCFrame":[763.763,228.036,43.204,0.56,0.004,0.829,-0.002,1,-0.003,-0.829,0,0.56],"_humanoidState":5,"_cameraCFrame":[762.22,240.55,44.376,0.603,0.785,-0.138,0,0.174,0.985,0.798,-0.594,0.105],"_shiftlockState":false,"_pose":"FreeFall","_animationQueue":[],"_animationSpeed":1,"_zoom":11.184},{"_mousePosition":[683,352.5],"_rootPartCFrame":[763.741,228.725,43.226,0.562,0.003,0.827,0,1,-0.003,-0.827,0.002,0.562],"_humanoidState":5,"_cameraCFrame":[762.196,241.239,44.4,0.603,0.785,-0.138,0,0.174,0.985,0.798,-0.594,0.105],"_shiftlockState":false,"_pose":"FreeFall","_animationQueue":[],"_animationSpeed":1,"_zoom":11.184},{"_mousePosition":[683,352.5],"_rootPartCFrame":[763.74,229.509,43.228,0.563,0.001,0.826,0,1,-0.002,-0.826,0.001,0.563],"_humanoidState":5,"_cameraCFrame":[762.193,242.023,44.401,0.603,0.785,-0.138,0,0.174,0.985,0.798,-0.594,0.105],"_shiftlockState":false,"_pose":"FreeFall","_animationQueue":[],"_animationSpeed":1,"_zoom":11.184},{"_mousePosition":[683,352.5],"_rootPartCFrame":[763.741,229.939,43.23,0.564,0.001,0.826,0,1,-0.001,-0.826,0.001,0.564],"_humanoidState":5,"_cameraCFrame":[762.194,242.453,44.403,0.603,0.785,-0.138,0,0.174,0.985,0.798,-0.594,0.105],"_shiftlockState":false,"_pose":"FreeFall","_animationQueue":[],"_animationSpeed":1,"_zoom":11.184},{"_mousePosition":[683,352.5],"_rootPartCFrame":[763.742,230.464,43.237,0.564,0,0.826,0,1,0,-0.826,0,0.564],"_humanoidState":5,"_cameraCFrame":[762.194,242.978,44.409,0.603,0.785,-0.138,0,0.174,0.985,0.798,-0.594,0.105],"_shiftlockState":false,"_pose":"FreeFall","_animationQueue":[],"_animationSpeed":1,"_zoom":11.184},{"_mousePosition":[683,352.5],"_rootPartCFrame":[763.743,231.044,43.243,0.564,0,0.826,0,1,0,-0.826,0,0.564],"_humanoidState":5,"_cameraCFrame":[762.194,243.558,44.415,0.603,0.785,-0.138,0,0.174,0.985,0.798,-0.594,0.105],"_shiftlockState":false,"_pose":"FreeFall","_animationQueue":[],"_animationSpeed":1,"_zoom":11.184},{"_mousePosition":[688,352],"_rootPartCFrame":[763.742,231.35,43.247,0.564,0,0.826,0,1,0,-0.826,0,0.564],"_humanoidState":5,"_cameraCFrame":[762.313,243.859,44.601,0.688,0.714,-0.128,0,0.176,0.984,0.726,-0.677,0.121],"_shiftlockState":false,"_pose":"FreeFall","_animationQueue":[],"_animationSpeed":1,"_zoom":11.184},{"_mousePosition":[696,356],"_rootPartCFrame":[763.732,231.626,43.237,0.575,0,0.818,0,1,0,-0.818,0,0.575],"_humanoidState":5,"_cameraCFrame":[762.303,244.136,44.591,0.688,0.714,-0.128,0,0.176,0.984,0.726,-0.677,0.121],"_shiftlockState":false,"_pose":"FreeFall","_animationQueue":[["fall",0.3]],"_animationSpeed":1,"_zoom":11.184},{"_mousePosition":[704,358],"_rootPartCFrame":[763.694,231.947,43.199,0.595,0,0.803,0,1,0,-0.803,0,0.595],"_humanoidState":5,"_cameraCFrame":[762.265,244.456,44.553,0.688,0.714,-0.128,0,0.176,0.984,0.726,-0.677,0.121],"_shiftlockState":false,"_pose":"FreeFall","_animationQueue":[],"_animationSpeed":1,"_zoom":11.184},{"_mousePosition":[716,362],"_rootPartCFrame":[763.685,232.146,43.19,0.621,0.001,0.784,-0.001,1,0,-0.784,-0.001,0.621],"_humanoidState":5,"_cameraCFrame":[762.257,244.655,44.543,0.688,0.714,-0.128,0,0.176,0.984,0.726,-0.677,0.121],"_shiftlockState":false,"_pose":"FreeFall","_animationQueue":[],"_animationSpeed":1,"_zoom":11.184},{"_mousePosition":[730,366],"_rootPartCFrame":[763.659,232.407,43.162,0.646,0.001,0.764,-0.001,1,0,-0.764,-0.001,0.646],"_humanoidState":5,"_cameraCFrame":[762.231,244.917,44.515,0.688,0.714,-0.128,0,0.176,0.984,0.726,-0.677,0.121],"_shiftlockState":false,"_pose":"FreeFall","_animationQueue":[],"_animationSpeed":1,"_zoom":11.184},{"_mousePosition":[746,370],"_rootPartCFrame":[763.635,232.552,43.155,0.663,0.001,0.749,-0.001,1,0,-0.749,-0.001,0.663],"_humanoidState":5,"_cameraCFrame":[762.207,245.061,44.508,0.688,0.714,-0.128,0,0.176,0.984,0.726,-0.677,0.121],"_shiftlockState":false,"_pose":"FreeFall","_animationQueue":[],"_animationSpeed":1,"_zoom":11.184},{"_mousePosition":[769,374],"_rootPartCFrame":[763.611,232.641,43.159,0.673,0,0.739,0,1,0,-0.739,0,0.673],"_humanoidState":5,"_cameraCFrame":[762.183,245.15,44.513,0.688,0.714,-0.128,0,0.176,0.984,0.726,-0.677,0.121],"_shiftlockState":false,"_pose":"FreeFall","_animationQueue":[],"_animationSpeed":1,"_zoom":11.184},{"_mousePosition":[798,375],"_rootPartCFrame":[763.577,232.676,43.175,0.681,0,0.732,0,1,0,-0.732,0,0.681],"_humanoidState":5,"_cameraCFrame":[762.148,245.185,44.529,0.688,0.714,-0.128,0,0.176,0.984,0.726,-0.677,0.121],"_shiftlockState":false,"_pose":"FreeFall","_animationQueue":[["fall",0.3]],"_animationSpeed":1,"_zoom":11.184},{"_mousePosition":[836,374],"_rootPartCFrame":[763.54,232.656,43.207,0.688,0,0.726,0,1,0,-0.726,0,0.688],"_humanoidState":5,"_cameraCFrame":[762.111,245.165,44.562,0.688,0.714,-0.128,0,0.176,0.984,0.726,-0.677,0.121],"_shiftlockState":false,"_pose":"FreeFall","_animationQueue":[],"_animationSpeed":1,"_zoom":11.184},{"_mousePosition":[877,366],"_rootPartCFrame":[763.5,232.582,43.227,0.694,0,0.72,0,1,0,-0.72,0,0.694],"_humanoidState":5,"_cameraCFrame":[762.071,245.091,44.582,0.688,0.714,-0.128,0,0.176,0.984,0.726,-0.677,0.121],"_shiftlockState":false,"_pose":"FreeFall","_animationQueue":[],"_animationSpeed":1,"_zoom":11.184},{"_mousePosition":[920,350],"_rootPartCFrame":[763.446,232.455,43.276,0.7,0,0.714,0,1,0,-0.714,0,0.7],"_humanoidState":5,"_cameraCFrame":[762.017,244.964,44.63,0.688,0.714,-0.128,0,0.176,0.984,0.726,-0.677,0.121],"_shiftlockState":false,"_pose":"FreeFall","_animationQueue":[],"_animationSpeed":1,"_zoom":11.184},{"_mousePosition":[972,312],"_rootPartCFrame":[763.376,232.273,43.339,0.704,0,0.71,0,1,0,-0.71,0,0.704],"_humanoidState":5,"_cameraCFrame":[761.947,244.782,44.693,0.688,0.714,-0.128,0,0.176,0.984,0.726,-0.677,0.121],"_shiftlockState":false,"_pose":"FreeFall","_animationQueue":[],"_animationSpeed":1,"_zoom":11.184},{"_mousePosition":[1007,276],"_rootPartCFrame":[763.395,231.97,43.35,0.706,0.001,0.708,0,1,-0.002,-0.708,0.001,0.706],"_humanoidState":5,"_cameraCFrame":[761.968,244.479,44.705,0.688,0.714,-0.128,0,0.176,0.984,0.726,-0.677,0.121],"_shiftlockState":false,"_pose":"FreeFall","_animationQueue":[],"_animationSpeed":1,"_zoom":11.184},{"_mousePosition":[1055,217],"_rootPartCFrame":[763.406,231.748,43.338,0.708,0.001,0.706,0,1,-0.001,-0.706,0,0.708],"_humanoidState":5,"_cameraCFrame":[761.979,244.257,44.693,0.688,0.714,-0.128,0,0.176,0.984,0.726,-0.677,0.121],"_shiftlockState":false,"_pose":"FreeFall","_animationQueue":[],"_animationSpeed":1,"_zoom":11.184},{"_mousePosition":[1104,153],"_rootPartCFrame":[763.462,231.403,43.321,0.71,0,0.704,0,1,0,-0.704,0,0.71],"_humanoidState":5,"_cameraCFrame":[762.034,243.913,44.676,0.688,0.714,-0.128,0,0.176,0.984,0.726,-0.677,0.121],"_shiftlockState":false,"_pose":"FreeFall","_animationQueue":[["fall",0.3]],"_animationSpeed":1,"_zoom":11.184},{"_mousePosition":[1157,85],"_rootPartCFrame":[763.496,231.005,43.292,0.712,0,0.702,0,1,0,-0.702,0,0.712],"_humanoidState":5,"_cameraCFrame":[762.067,243.514,44.646,0.688,0.714,-0.128,0,0.176,0.984,0.726,-0.677,0.121],"_shiftlockState":false,"_pose":"FreeFall","_animationQueue":[],"_animationSpeed":1,"_zoom":11.184},{"_mousePosition":[1190,39],"_rootPartCFrame":[763.545,230.551,43.266,0.714,0,0.7,0,1,0,-0.7,0,0.714],"_humanoidState":5,"_cameraCFrame":[762.116,243.061,44.62,0.688,0.714,-0.128,0,0.176,0.984,0.726,-0.677,0.121],"_shiftlockState":false,"_pose":"FreeFall","_animationQueue":[],"_animationSpeed":1,"_zoom":11.184},{"_mousePosition":[1213,1],"_rootPartCFrame":[763.57,230.044,43.234,0.715,0.001,0.699,0,1,-0.001,-0.699,0.001,0.715],"_humanoidState":5,"_cameraCFrame":[762.143,242.553,44.59,0.688,0.714,-0.128,0,0.176,0.984,0.726,-0.677,0.121],"_shiftlockState":false,"_pose":"FreeFall","_animationQueue":[],"_animationSpeed":1,"_zoom":11.184},{"_mousePosition":[1213,1],"_rootPartCFrame":[763.619,229.182,43.183,0.716,0.002,0.698,0,1,-0.003,-0.698,0.002,0.716],"_humanoidState":5,"_cameraCFrame":[762.193,241.691,44.54,0.688,0.714,-0.128,0,0.176,0.984,0.726,-0.677,0.121],"_shiftlockState":false,"_pose":"FreeFall","_animationQueue":[],"_animationSpeed":1,"_zoom":11.184},{"_mousePosition":[1213,1],"_rootPartCFrame":[763.622,229.026,43.176,0.716,0.002,0.698,0,1,-0.002,-0.698,0.001,0.716],"_humanoidState":5,"_cameraCFrame":[762.196,241.535,44.532,0.688,0.714,-0.128,0,0.176,0.984,0.726,-0.677,0.121],"_shiftlockState":false,"_pose":"FreeFall","_animationQueue":[],"_animationSpeed":1,"_zoom":11.184},{"_mousePosition":[1213,1],"_rootPartCFrame":[763.649,228.198,43.148,0.716,0.002,0.698,0,1,-0.003,-0.698,0.002,0.716],"_humanoidState":5,"_cameraCFrame":[762.223,240.707,44.505,0.688,0.714,-0.128,0,0.176,0.984,0.726,-0.677,0.121],"_shiftlockState":false,"_pose":"FreeFall","_animationQueue":[],"_animationSpeed":1,"_zoom":11.184},{"_mousePosition":[1213,1],"_rootPartCFrame":[763.662,227.475,43.13,0.717,0.002,0.698,0,1,-0.003,-0.698,0.002,0.717],"_humanoidState":5,"_cameraCFrame":[762.236,239.984,44.487,0.688,0.714,-0.128,0,0.176,0.984,0.726,-0.677,0.121],"_shiftlockState":false,"_pose":"FreeFall","_animationQueue":[["fall",0.3]],"_animationSpeed":1,"_zoom":11.184},{"_mousePosition":[1213,1],"_rootPartCFrame":[763.663,226.697,43.099,0.717,0.001,0.697,0,1,-0.001,-0.697,0.001,0.717],"_humanoidState":5,"_cameraCFrame":[762.236,239.207,44.454,0.688,0.714,-0.128,0,0.176,0.984,0.726,-0.677,0.121],"_shiftlockState":false,"_pose":"FreeFall","_animationQueue":[],"_animationSpeed":1,"_zoom":11.184},{"_mousePosition":[1213,1],"_rootPartCFrame":[763.662,225.907,43.077,0.71,0.007,0.704,-0.001,1,-0.008,-0.704,0.005,0.71],"_humanoidState":7,"_cameraCFrame":[762.244,238.416,44.439,0.688,0.714,-0.128,0,0.176,0.984,0.726,-0.677,0.121],"_shiftlockState":false,"_pose":"FreeFall","_animationQueue":[["walk",0.1],["fall",0.3],["fall",0.3]],"_animationSpeed":1,"_zoom":11.184},{"_mousePosition":[1213,1],"_rootPartCFrame":[763.668,225.391,43.07,0.707,0.008,0.707,0,1,-0.012,-0.707,0.008,0.707],"_humanoidState":7,"_cameraCFrame":[762.252,237.9,44.437,0.688,0.714,-0.128,0,0.176,0.984,0.726,-0.677,0.121],"_shiftlockState":false,"_pose":"FreeFall","_animationQueue":[],"_animationSpeed":1,"_zoom":11.184},{"_mousePosition":[1213,1],"_rootPartCFrame":[763.645,225.421,43.053,0.7,0.007,0.714,-0.003,1,-0.007,-0.714,0.003,0.7],"_humanoidState":7,"_cameraCFrame":[762.226,237.93,44.411,0.688,0.714,-0.128,0,0.176,0.984,0.726,-0.677,0.121],"_shiftlockState":false,"_pose":"FreeFall","_animationQueue":[],"_animationSpeed":1,"_zoom":11.184},{"_mousePosition":[1213,1],"_rootPartCFrame":[763.623,225.518,43.04,0.719,-0.002,0.695,-0.001,1,0.005,-0.695,-0.004,0.719],"_humanoidState":8,"_cameraCFrame":[762.19,238.027,44.388,0.688,0.714,-0.128,0,0.176,0.984,0.726,-0.677,0.121],"_shiftlockState":false,"_pose":"Running","_animationQueue":[["walk",0.1],["fall",0.3],["walk",0.1]],"_animationSpeed":0.095,"_zoom":11.184},{"_mousePosition":[1213,1],"_rootPartCFrame":[763.653,226.413,43.081,0.707,0.001,0.707,0.004,1,-0.005,-0.707,0.006,0.707],"_humanoidState":3,"_cameraCFrame":[762.225,238.922,44.445,0.688,0.714,-0.128,0,0.176,0.984,0.726,-0.677,0.121],"_shiftlockState":false,"_pose":"Jumping","_animationQueue":[["walk",0.1],["jump",0.1]],"_animationSpeed":1,"_zoom":11.184},{"_mousePosition":[1213,1],"_rootPartCFrame":[763.672,227.914,43.117,0.689,0.004,0.725,0.014,1,-0.019,-0.725,0.023,0.689],"_humanoidState":3,"_cameraCFrame":[762.25,240.423,44.506,0.688,0.714,-0.128,0,0.176,0.984,0.726,-0.677,0.121],"_shiftlockState":false,"_pose":"Jumping","_animationQueue":[],"_animationSpeed":1,"_zoom":11.184},{"_mousePosition":[1274,421],"_rootPartCFrame":[763.627,232.21,43.088,0.709,0.002,0.705,0,1,-0.002,-0.705,0.001,0.709],"_humanoidState":5,"_cameraCFrame":[762.201,244.719,44.444,0.688,0.714,-0.128,0,0.176,0.984,0.726,-0.677,0.121],"_shiftlockState":false,"_pose":"FreeFall","_animationQueue":[["jump",0.1]],"_animationSpeed":1,"_zoom":11.184},{"_mousePosition":[1268,432],"_rootPartCFrame":[763.628,233.115,43.09,0.709,0.003,0.706,0,1,-0.004,-0.706,0.003,0.709],"_humanoidState":5,"_cameraCFrame":[762.204,245.624,44.449,0.688,0.714,-0.128,0,0.176,0.984,0.726,-0.677,0.121],"_shiftlockState":false,"_pose":"FreeFall","_animationQueue":[],"_animationSpeed":1,"_zoom":11.184},{"_mousePosition":[1260,444],"_rootPartCFrame":[763.648,234.16,43.083,0.71,0.001,0.704,0,1,-0.001,-0.704,0.001,0.71],"_humanoidState":5,"_cameraCFrame":[762.22,246.669,44.439,0.688,0.714,-0.128,0,0.176,0.984,0.726,-0.677,0.121],"_shiftlockState":false,"_pose":"FreeFall","_animationQueue":[],"_animationSpeed":1,"_zoom":11.184},{"_mousePosition":[1248,460],"_rootPartCFrame":[763.659,234.934,43.074,0.712,0,0.702,0,1,0,-0.702,0,0.712],"_humanoidState":5,"_cameraCFrame":[762.231,247.444,44.429,0.688,0.714,-0.128,0,0.176,0.984,0.726,-0.677,0.121],"_shiftlockState":false,"_pose":"FreeFall","_animationQueue":[],"_animationSpeed":1,"_zoom":11.184},{"_mousePosition":[1238,469],"_rootPartCFrame":[763.669,235.654,43.061,0.713,0.001,0.701,0,1,-0.002,-0.701,0.001,0.713],"_humanoidState":5,"_cameraCFrame":[762.242,248.163,44.417,0.688,0.714,-0.128,0,0.176,0.984,0.726,-0.677,0.121],"_shiftlockState":false,"_pose":"FreeFall","_animationQueue":[],"_animationSpeed":1,"_zoom":11.184},{"_mousePosition":[1224,474],"_rootPartCFrame":[763.68,236.318,43.039,0.712,0.001,0.702,0,1,-0.001,-0.702,0.001,0.712],"_humanoidState":5,"_cameraCFrame":[762.252,248.828,44.396,0.688,0.714,-0.128,0,0.176,0.984,0.726,-0.677,0.121],"_shiftlockState":false,"_pose":"FreeFall","_animationQueue":[],"_animationSpeed":1,"_zoom":11.184},{"_mousePosition":[1207,476],"_rootPartCFrame":[763.709,236.925,43.004,0.71,0,0.704,0.001,1,-0.001,-0.704,0.002,0.71],"_humanoidState":5,"_cameraCFrame":[762.281,249.434,44.36,0.688,0.714,-0.128,0,0.176,0.984,0.726,-0.677,0.121],"_shiftlockState":false,"_pose":"FreeFall","_animationQueue":[],"_animationSpeed":1,"_zoom":11.184},{"_mousePosition":[1186,476],"_rootPartCFrame":[763.761,237.476,42.953,0.71,0,0.704,0.001,1,-0.001,-0.704,0.001,0.71],"_humanoidState":5,"_cameraCFrame":[762.332,249.985,44.309,0.688,0.714,-0.128,0,0.176,0.984,0.726,-0.677,0.121],"_shiftlockState":false,"_pose":"FreeFall","_animationQueue":[],"_animationSpeed":1,"_zoom":11.184},{"_mousePosition":[1156,470],"_rootPartCFrame":[763.821,237.972,42.895,0.712,0,0.702,0,1,0,-0.702,0,0.712],"_humanoidState":5,"_cameraCFrame":[762.392,250.482,44.25,0.688,0.714,-0.128,0,0.176,0.984,0.726,-0.677,0.121],"_shiftlockState":false,"_pose":"FreeFall","_animationQueue":[],"_animationSpeed":1,"_zoom":11.184},{"_mousePosition":[1126,457],"_rootPartCFrame":[763.896,238.414,42.828,0.714,0,0.701,0,1,0,-0.701,0,0.714],"_humanoidState":5,"_cameraCFrame":[762.467,250.924,44.182,0.688,0.714,-0.128,0,0.176,0.984,0.726,-0.677,0.121],"_shiftlockState":false,"_pose":"FreeFall","_animationQueue":[["fall",0.3]],"_animationSpeed":1,"_zoom":11.184},{"_mousePosition":[1089,440],"_rootPartCFrame":[763.973,238.801,42.749,0.715,0,0.699,0,1,0,-0.699,0,0.715],"_humanoidState":5,"_cameraCFrame":[762.543,251.311,44.103,0.688,0.714,-0.128,0,0.176,0.984,0.726,-0.677,0.121],"_shiftlockState":false,"_pose":"FreeFall","_animationQueue":[],"_animationSpeed":1,"_zoom":11.184},{"_mousePosition":[1054,421],"_rootPartCFrame":[764.06,239.133,42.658,0.715,-0.001,0.699,0,1,0.001,-0.699,0,0.715],"_humanoidState":5,"_cameraCFrame":[762.63,251.643,44.012,0.688,0.714,-0.128,0,0.176,0.984,0.726,-0.677,0.121],"_shiftlockState":false,"_pose":"FreeFall","_animationQueue":[],"_animationSpeed":1,"_zoom":11.184},{"_mousePosition":[1024,406],"_rootPartCFrame":[764.209,239.471,42.523,0.716,0,0.699,0,1,0,-0.699,0,0.716],"_humanoidState":5,"_cameraCFrame":[762.779,251.98,43.877,0.688,0.714,-0.128,0,0.176,0.984,0.726,-0.677,0.121],"_shiftlockState":false,"_pose":"FreeFall","_animationQueue":[],"_animationSpeed":1,"_zoom":11.184},{"_mousePosition":[998,391],"_rootPartCFrame":[764.302,239.632,42.438,0.717,0,0.698,0,1,0,-0.698,0,0.717],"_humanoidState":5,"_cameraCFrame":[762.873,252.142,43.792,0.688,0.714,-0.128,0,0.176,0.984,0.726,-0.677,0.121],"_shiftlockState":false,"_pose":"FreeFall","_animationQueue":[],"_animationSpeed":1,"_zoom":11.184},{"_mousePosition":[978,380],"_rootPartCFrame":[764.392,239.8,42.315,0.718,0,0.696,0,1,0,-0.696,0,0.718],"_humanoidState":5,"_cameraCFrame":[762.963,252.309,43.669,0.688,0.714,-0.128,0,0.176,0.984,0.726,-0.677,0.121],"_shiftlockState":false,"_pose":"FreeFall","_animationQueue":[],"_animationSpeed":1,"_zoom":11.184},{"_mousePosition":[952,362],"_rootPartCFrame":[764.444,239.913,42.182,0.719,0,0.695,0,1,0,-0.695,0,0.719],"_humanoidState":5,"_cameraCFrame":[762.955,252.328,44.112,0.792,0.596,-0.133,0,0.218,0.976,0.611,-0.773,0.173],"_shiftlockState":false,"_pose":"FreeFall","_animationQueue":[["fall",0.3],["fall",0.3]],"_animationSpeed":1,"_zoom":11.184},{"_mousePosition":[952,362],"_rootPartCFrame":[764.454,239.978,42.006,0.711,0,0.703,0,1,0,-0.703,0,0.711],"_humanoidState":5,"_cameraCFrame":[763.027,252.379,44.057,0.821,0.557,-0.128,0,0.223,0.975,0.571,-0.8,0.183],"_shiftlockState":false,"_pose":"FreeFall","_animationQueue":[],"_animationSpeed":1,"_zoom":11.184},{"_mousePosition":[952,362],"_rootPartCFrame":[764.431,239.976,41.897,0.702,0,0.712,0,1,0,-0.712,0,0.702],"_humanoidState":5,"_cameraCFrame":[763.142,252.361,44.12,0.865,0.488,-0.115,0,0.23,0.973,0.501,-0.842,0.199],"_shiftlockState":false,"_pose":"FreeFall","_animationQueue":[],"_animationSpeed":1,"_zoom":11.184},{"_mousePosition":[952,362],"_rootPartCFrame":[764.218,240.546,41.708,0.683,0,0.73,0,1,0,-0.73,0,0.683],"_humanoidState":7,"_cameraCFrame":[763.142,252.916,44.108,0.912,0.398,-0.096,0,0.235,0.972,0.409,-0.887,0.215],"_shiftlockState":false,"_pose":"FreeFall","_animationQueue":[["walk",0.1],["fall",0.3],["fall",0.3]],"_animationSpeed":1,"_zoom":11.184},{"_mousePosition":[952,362],"_rootPartCFrame":[764.047,240.855,41.605,0.668,0,0.744,0,1,0,-0.744,0,0.668],"_humanoidState":7,"_cameraCFrame":[765.04,253.201,44.69,0.967,0.249,-0.063,0,0.244,0.97,0.256,-0.937,0.236],"_shiftlockState":true,"_pose":"FreeFall","_animationQueue":[],"_animationSpeed":1,"_zoom":11.184},{"_mousePosition":[683,384],"_rootPartCFrame":[763.745,241.165,41.466,0.946,0,-0.324,0,1,0,0.324,0,0.946],"_humanoidState":8,"_cameraCFrame":[764.737,253.512,44.55,0.967,0.249,-0.063,0,0.244,0.97,0.256,-0.937,0.236],"_shiftlockState":true,"_pose":"Running","_animationQueue":[["walk",0.1],["fall",0.3],["walk",0.1]],"_animationSpeed":1.102,"_zoom":11.184},{"_mousePosition":[683,384],"_rootPartCFrame":[763.554,241.273,41.409,0.961,0,-0.276,0,1,0,0.276,0,0.961],"_humanoidState":8,"_cameraCFrame":[765.053,253.585,44.405,0.996,0.082,-0.022,0,0.256,0.967,0.085,-0.963,0.255],"_shiftlockState":true,"_pose":"Running","_animationQueue":[["walk",0.1]],"_animationSpeed":1.102,"_zoom":11.184},{"_mousePosition":[683,384],"_rootPartCFrame":[763.231,241.368,41.323,0.997,0,-0.078,0,1,0,0.078,0,0.997],"_humanoidState":8,"_cameraCFrame":[765.173,253.643,44.199,0.998,-0.063,0.018,0,0.268,0.963,-0.065,-0.961,0.267],"_shiftlockState":true,"_pose":"Running","_animationQueue":[],"_animationSpeed":1.102,"_zoom":11.184},{"_mousePosition":[683,384],"_rootPartCFrame":[763.033,241.398,41.299,0.997,0,0.073,0,1,0,-0.073,0,0.997],"_humanoidState":8,"_cameraCFrame":[765.276,253.636,44.095,0.986,-0.159,0.046,0,0.28,0.96,-0.165,-0.947,0.276],"_shiftlockState":true,"_pose":"Running","_animationQueue":[],"_animationSpeed":1.102,"_zoom":11.184},{"_mousePosition":[683,384],"_rootPartCFrame":[762.701,241.426,41.315,0.986,0,0.168,0,1,0,-0.168,0,0.986],"_humanoidState":8,"_cameraCFrame":[765.067,253.644,44.086,0.979,-0.196,0.058,0,0.286,0.958,-0.204,-0.938,0.28],"_shiftlockState":true,"_pose":"Running","_animationQueue":[],"_animationSpeed":1.102,"_zoom":11.184},{"_mousePosition":[683,384],"_rootPartCFrame":[762.501,241.418,41.328,0.979,0,0.204,0,1,0,-0.204,0,0.979],"_humanoidState":8,"_cameraCFrame":[764.94,253.63,44.056,0.973,-0.219,0.066,0,0.287,0.958,-0.229,-0.932,0.28],"_shiftlockState":true,"_pose":"Running","_animationQueue":[],"_animationSpeed":1.102,"_zoom":11.184},{"_mousePosition":[683,384],"_rootPartCFrame":[762.235,241.359,41.345,0.973,0,0.229,0,1,0,-0.229,0,0.973],"_humanoidState":8,"_cameraCFrame":[764.722,253.571,44.029,0.969,-0.236,0.071,0,0.287,0.958,-0.246,-0.928,0.279],"_shiftlockState":true,"_pose":"Running","_animationQueue":[],"_anima