[{"_mousePosition":[1201,407],"_rootPartCFrame":[776.034,222.98,47.142,-0.001,-0.006,1,0,1,0.006,-1,0,-0.001],"_humanoidState":8,"_cameraCFrame":[776.879,231.058,41.752,-0.988,-0.12,0.1,0,0.639,0.77,-0.157,0.76,-0.631],"_shiftlockState":false,"_pose":"Standing","_animationQueue":[],"_animationSpeed":1,"_zoom":8.547},{"_mousePosition":[1181,411],"_rootPartCFrame":[775.735,222.816,47.095,0.025,0,1,0,1,0,-1,0,0.025],"_humanoidState":8,"_cameraCFrame":[776.589,230.893,41.704,-0.988,-0.12,0.1,0,0.639,0.77,-0.157,0.76,-0.631],"_shiftlockState":false,"_pose":"Standing","_animationQueue":[],"_animationSpeed":1,"_zoom":8.547},{"_mousePosition":[1170,414],"_rootPartCFrame":[775.603,222.731,47.074,0.034,0,0.999,0,1,0,-0.999,0,0.034],"_humanoidState":8,"_cameraCFrame":[776.458,230.809,41.683,-0.988,-0.12,0.1,0,0.639,0.77,-0.157,0.76,-0.631],"_shiftlockState":false,"_pose":"Running","_animationQueue":[["walk",0.1]],"_animationSpeed":1.091,"_zoom":8.547},{"_mousePosition":[1164,414],"_rootPartCFrame":[775.34,222.615,47.032,0.051,0,0.999,0,1,0,-0.999,0,0.051],"_humanoidState":8,"_cameraCFrame":[776.194,230.693,41.642,-0.988,-0.12,0.1,0,0.639,0.77,-0.157,0.76,-0.631],"_shiftlockState":false,"_pose":"Running","_animationQueue":[],"_animationSpeed":1.091,"_zoom":8.547},{"_mousePosition":[1155,416],"_rootPartCFrame":[775.076,222.638,46.99,0.065,0,0.998,0,1,0,-0.998,0,0.065],"_humanoidState":8,"_cameraCFrame":[775.931,230.716,41.6,-0.988,-0.12,0.1,0,0.639,0.77,-0.157,0.76,-0.631],"_shiftlockState":false,"_pose":"Running","_animationQueue":[],"_animationSpeed":1.091,"_zoom":8.547},{"_mousePosition":[1146,419],"_rootPartCFrame":[774.681,222.673,46.928,0.084,0,0.996,0,1,0,-0.996,0,0.084],"_humanoidState":8,"_cameraCFrame":[775.535,230.751,41.537,-0.988,-0.12,0.1,0,0.639,0.77,-0.157,0.76,-0.631],"_shiftlockState":false,"_pose":"Running","_animationQueue":[],"_animationSpeed":1.091,"_zoom":8.547},{"_mousePosition":[1136,423],"_rootPartCFrame":[774.549,222.68,46.907,0.089,0,0.996,0,1,0,-0.996,0,0.089],"_humanoidState":8,"_cameraCFrame":[775.404,230.758,41.516,-0.988,-0.12,0.1,0,0.639,0.77,-0.157,0.76,-0.631],"_shiftlockState":false,"_pose":"Running","_animationQueue":[],"_animationSpeed":1.091,"_zoom":8.547},{"_mousePosition":[1119,432],"_rootPartCFrame":[774.286,222.689,46.865,0.098,0,0.995,0,1,0,-0.995,0,0.098],"_humanoidState":8,"_cameraCFrame":[773.412,230.767,41.201,-0.988,-0.12,0.1,0,0.639,0.77,-0.157,0.76,-0.631],"_shiftlockState":true,"_pose":"Running","_animationQueue":[],"_animationSpeed":1.091,"_zoom":8.547},{"_mousePosition":[683,384],"_rootPartCFrame":[774.023,222.694,46.823,-0.988,0,0.156,0,1,0,-0.156,0,-0.988],"_humanoidState":8,"_cameraCFrame":[773.223,230.815,41.199,-0.985,-0.132,0.108,0,0.632,0.775,-0.171,0.763,-0.623],"_shiftlockState":true,"_pose":"Running","_animationQueue":[["walk",0.1]],"_animationSpeed":1.091,"_zoom":8.547},{"_mousePosition":[683,384],"_rootPartCFrame":[773.628,222.697,46.76,-0.989,0,0.146,0,1,0,-0.146,0,-0.989],"_humanoidState":8,"_cameraCFrame":[772.908,230.88,41.198,-0.982,-0.147,0.117,0,0.624,0.782,-0.187,0.768,-0.612],"_shiftlockState":true,"_pose":"Running","_animationQueue":[],"_animationSpeed":1.091,"_zoom":8.547},{"_mousePosition":[683,384],"_rootPartCFrame":[773.431,222.698,46.727,-0.982,0,0.187,0,1,0,-0.187,0,-0.982],"_humanoidState":8,"_cameraCFrame":[772.808,230.953,41.24,-0.978,-0.164,0.127,0,0.613,0.79,-0.208,0.773,-0.599],"_shiftlockState":true,"_pose":"Running","_animationQueue":[["walk",0.1]],"_animationSpeed":1.091,"_zoom":8.547},{"_mousePosition":[683,384],"_rootPartCFrame":[773.169,222.699,46.677,-0.978,0,0.208,0,1,0,-0.208,0,-0.978],"_humanoidState":8,"_cameraCFrame":[772.636,231.02,41.265,-0.974,-0.182,0.137,0,0.603,0.798,-0.227,0.777,-0.587],"_shiftlockState":true,"_pose":"Running","_animationQueue":[],"_animationSpeed":1.091,"_zoom":8.547},{"_mousePosition":[683,384],"_rootPartCFrame":[772.908,222.699,46.623,-0.974,0,0.227,0,1,0,-0.227,0,-0.974],"_humanoidState":8,"_cameraCFrame":[772.426,231.091,41.295,-0.971,-0.194,0.142,0,0.592,0.806,-0.241,0.783,-0.574],"_shiftlockState":true,"_pose":"Running","_animationQueue":[],"_animationSpeed":1.091,"_zoom":8.547},{"_mousePosition":[683,384],"_rootPartCFrame":[772.648,222.699,46.563,-0.971,0,0.241,0,1,0,-0.241,0,-0.971],"_humanoidState":8,"_cameraCFrame":[772.208,231.148,41.305,-0.968,-0.205,0.147,0,0.582,0.813,-0.252,0.787,-0.564],"_shiftlockState":true,"_pose":"Running","_animationQueue":[],"_animationSpeed":1.091,"_zoom":8.547},{"_mousePosition":[683,384],"_rootPartCFrame":[772.389,222.7,46.499,-0.968,0,0.252,0,1,0,-0.252,0,-0.968],"_humanoidState":8,"_cameraCFrame":[771.981,231.195,41.303,-0.965,-0.214,0.15,0,0.574,0.819,-0.261,0.79,-0.555],"_shiftlockState":true,"_pose":"Running","_animationQueue":[],"_animationSpeed":1.091,"_zoom":8.547},{"_mousePosition":[683,384],"_rootPartCFrame":[772.131,222.7,46.433,-0.965,0,0.261,0,1,0,-0.261,0,-0.965],"_humanoidState":8,"_cameraCFrame":[771.739,231.239,41.294,-0.964,-0.22,0.151,0,0.567,0.824,-0.267,0.794,-0.547],"_shiftlockState":true,"_pose":"Running","_animationQueue":[],"_animationSpeed":1.091,"_zoom":8.547},{"_mousePosition":[683,384],"_rootPartCFrame":[771.873,222.7,46.363,-0.964,0,0.267,0,1,0,-0.267,0,-0.964],"_humanoidState":8,"_cameraCFrame":[771.483,231.262,41.256,-0.963,-0.222,0.152,0,0.563,0.826,-0.269,0.796,-0.542],"_shiftlockState":true,"_pose":"Running","_animationQueue":[["walk",0.1]],"_animationSpeed":1.091,"_zoom":8.547},{"_mousePosition":[683,384],"_rootPartCFrame":[771.616,222.7,46.292,-0.963,0,0.269,0,1,0,-0.269,0,-0.963],"_humanoidState":8,"_cameraCFrame":[771.218,231.282,41.213,-0.963,-0.223,0.151,0,0.56,0.829,-0.269,0.798,-0.539],"_shiftlockState":true,"_pose":"Running","_animationQueue":[],"_animationSpeed":1.091,"_zoom":8.547},{"_mousePosition":[683,384],"_rootPartCFrame":[771.359,222.7,46.221,-0.963,0,0.269,0,1,0,-0.269,0,-0.963],"_humanoidState":8,"_cameraCFrame":[770.943,231.301,41.17,-0.964,-0.222,0.149,0,0.557,0.831,-0.267,0.801,-0.536],"_shiftlockState":true,"_pose":"Running","_animationQueue":[],"_animationSpeed":1.091,"_zoom":8.547},{"_mousePosition":[683,384],"_rootPartCFrame":[771.102,222.7,46.149,-0.964,0,0.267,0,1,0,-0.267,0,-0.964],"_humanoidState":8,"_cameraCFrame":[770.638,231.327,41.14,-0.966,-0.217,0.143,0,0.552,0.834,-0.26,0.805,-0.533],"_shiftlockState":true,"_pose":"Running","_animationQueue":[],"_animationSpeed":1.091,"_zoom":8.547},{"_mousePosition":[683,384],"_rootPartCFrame":[770.845,222.7,46.078,-0.966,0,0.26,0,1,0,-0.26,0,-0.966],"_humanoidState":8,"_cameraCFrame":[770.29,231.362,41.127,-0.97,-0.205,0.134,0,0.546,0.838,-0.245,0.812,-0.529],"_shiftlockState":true,"_pose":"Running","_animationQueue":[],"_animationSpeed":1.091,"_zoom":8.547},{"_mousePosition":[683,384],"_rootPartCFrame":[770.588,222.7,46.008,-0.97,0,0.245,0,1,0,-0.245,0,-0.97],"_humanoidState":8,"_cameraCFrame":[769.91,231.403,41.133,-0.975,-0.188,0.12,0,0.538,0.843,-0.223,0.821,-0.525],"_shiftlockState":true,"_pose":"Running","_animationQueue":[],"_animationSpeed":1.091,"_zoom":8.547},{"_mousePosition":[683,384],"_rootPartCFrame":[770.33,222.7,45.942,-0.975,0,0.223,0,1,0,-0.223,0,-0.975],"_humanoidState":8,"_cameraCFrame":[769.524,231.436,41.136,-0.98,-0.169,0.106,0,0.532,0.847,-0.2,0.83,-0.521],"_shiftlockState":true,"_pose":"Running","_animationQueue":[],"_animationSpeed":1.091,"_zoom":8.547},{"_mousePosition":[683,384],"_rootPartCFrame":[770.07,222.7,45.882,-0.98,0,0.2,0,1,0,-0.2,0,-0.98],"_humanoidState":8,"_cameraCFrame":[769.133,231.472,41.155,-0.985,-0.149,0.092,0,0.525,0.851,-0.175,0.838,-0.517],"_shiftlockState":true,"_pose":"Running","_animationQueue":[["walk",0.1]],"_animationSpeed":1.091,"_zoom":8.547},{"_mousePosition":[683,384],"_rootPartCFrame":[769.81,222.666,45.822,-0.985,0,0.175,0,1,0,-0.175,0,-0.985],"_humanoidState":8,"_cameraCFrame":[768.771,231.471,41.167,-0.988,-0.133,0.081,0,0.519,0.855,-0.155,0.844,-0.513],"_shiftlockState":true,"_pose":"Running","_animationQueue":[],"_animationSpeed":1.091,"_zoom":8.547},{"_mousePosition":[683,384],"_rootPartCFrame":[769.55,223.528,45.763,-0.988,0,0.155,0,1,0,-0.155,0,-0.988],"_humanoidState":3,"_cameraCFrame":[768.448,232.351,41.15,-0.99,-0.123,0.074,0,0.516,0.857,-0.143,0.848,-0.51],"_shiftlockState":true,"_pose":"Jumping","_animationQueue":[["walk",0.1],["jump",0.1]],"_animationSpeed":1,"_zoom":8.547},{"_mousePosition":[683,384],"_rootPartCFrame":[769.287,224.337,45.718,-0.972,0,0.233,0,1,0,-0.233,0,-0.972],"_humanoidState":5,"_cameraCFrame":[768.155,233.167,41.124,-0.991,-0.117,0.07,0,0.514,0.858,-0.137,0.85,-0.509],"_shiftlockState":true,"_pose":"FreeFall","_animationQueue":[["jump",0.1]],"_animationSpeed":1,"_zoom":8.547},{"_mousePosition":[683,384],"_rootPartCFrame":[769.023,225.091,45.679,-0.965,0,0.263,0,1,0,-0.263,0,-0.965],"_humanoidState":5,"_cameraCFrame":[767.875,233.928,41.101,-0.991,-0.115,0.069,0,0.513,0.858,-0.134,0.851,-0.508],"_shiftlockState":true,"_pose":"FreeFall","_animationQueue":[],"_animationSpeed":1,"_zoom":8.547},{"_mousePosition":[683,384],"_rootPartCFrame":[768.759,225.79,45.643,-0.965,0,0.264,0,1,0,-0.264,0,-0.965],"_humanoidState":5,"_cameraCFrame":[767.591,234.631,41.075,-0.992,-0.111,0.066,0,0.512,0.859,-0.13,0.852,-0.508],"_shiftlockState":true,"_pose":"FreeFall","_animationQueue":[],"_animationSpeed":1,"_zoom":8.547},{"_mousePosition":[683,384],"_rootPartCFrame":[768.495,226.435,45.607,-0.966,0,0.26,0,1,0,-0.26,0,-0.966],"_humanoidState":5,"_cameraCFrame":[767.292,235.283,41.059,-0.992,-0.105,0.062,0,0.511,0.86,-0.122,0.853,-0.507],"_shiftlockState":true,"_pose":"FreeFall","_animationQueue":[],"_animationSpeed":1,"_zoom":8.547},{"_mousePosition":[683,384],"_rootPartCFrame":[768.23,227.025,45.572,-0.967,0,0.253,0,1,0,-0.253,0,-0.967],"_humanoidState":5,"_cameraCFrame":[766.983,235.88,41.048,-0.994,-0.097,0.058,0,0.509,0.86,-0.113,0.855,-0.506],"_shiftlockState":true,"_pose":"FreeFall","_animationQueue":[],"_animationSpeed":1,"_zoom":8.547},{"_mousePosition":[683,384],"_rootPartCFrame":[767.9,227.687,45.531,-0.961,0,0.276,0,1,0,-0.276,0,-0.961],"_humanoidState":5,"_cameraCFrame":[766.604,236.548,41.032,-0.995,-0.088,0.052,0,0.508,0.861,-0.103,0.857,-0.505],"_shiftlockState":true,"_pose":"FreeFall","_animationQueue":[],"_animationSpeed":1,"_zoom":8.547},{"_mousePosition":[683,384],"_rootPartCFrame":[767.701,228.043,45.508,-0.98,0,0.201,0,1,0,-0.201,0,-0.98],"_humanoidState":5,"_cameraCFrame":[766.367,236.908,41.026,-0.996,-0.081,0.048,0,0.507,0.862,-0.094,0.858,-0.505],"_shiftlockState":true,"_pose":"FreeFall","_animationQueue":[],"_animationSpeed":1,"_zoom":8.547},{"_mousePosition":[683,384],"_rootPartCFrame":[767.436,228.47,45.48,-0.974,0,0.226,0,1,0,-0.226,0,-0.974],"_humanoidState":5,"_cameraCFrame":[766.083,237.338,41.01,-0.996,-0.078,0.046,0,0.507,0.862,-0.09,0.859,-0.505],"_shiftlockState":true,"_pose":"FreeFall","_animationQueue":[],"_animationSpeed":1,"_zoom":8.547},{"_mousePosition":[683,384],"_rootPartCFrame":[767.17,228.842,45.455,-0.975,0,0.222,0,1,0,-0.222,0,-0.975],"_humanoidState":5,"_cameraCFrame":[765.817,237.711,40.984,-0.996,-0.078,0.046,0,0.507,0.862,-0.09,0.859,-0.505],"_shiftlockState":true,"_pose":"FreeFall","_animationQueue":[],"_animationSpeed":1,"_zoom":8.547},{"_mousePosition":[683,384],"_rootPartCFrame":[766.905,229.16,45.431,-0.975,0,0.222,0,1,0,-0.222,0,-0.975],"_humanoidState":5,"_cameraCFrame":[765.575,238.029,40.953,-0.995,-0.082,0.048,0,0.507,0.862,-0.095,0.858,-0.504],"_shiftlockState":true,"_pose":"FreeFall","_animationQueue":[],"_animationSpeed":1,"_zoom":8.547},{"_mousePosition":[683,384],"_rootPartCFrame":[766.639,229.423,45.407,-0.974,0,0.227,0,1,0,-0.227,0,-0.974],"_humanoidState":5,"_cameraCFrame":[765.453,238.282,40.872,-0.992,-0.109,0.064,0,0.509,0.861,-0.126,0.854,-0.505],"_shiftlockState":true,"_pose":"FreeFall","_animationQueue":[],"_animationSpeed":1,"_zoom":8.547},{"_mousePosition":[683,384],"_rootPartCFrame":[766.374,229.632,45.381,-0.966,0,0.257,0,1,0,-0.257,0,-0.966],"_humanoidState":5,"_cameraCFrame":[765.539,238.459,40.719,-0.98,-0.171,0.103,0,0.515,0.857,-0.2,0.84,-0.505],"_shiftlockState":true,"_pose":"FreeFall","_animationQueue":[],"_animationSpeed":1,"_zoom":8.547},{"_mousePosition":[683,384],"_rootPartCFrame":[766.109,229.787,45.349,-0.945,0,0.328,0,1,0,-0.328,0,-0.945],"_humanoidState":5,"_cameraCFrame":[765.72,238.574,40.568,-0.958,-0.246,0.151,0,0.523,0.853,-0.288,0.816,-0.5],"_shiftlockState":true,"_pose":"FreeFall","_animationQueue":[],"_animationSpeed":1,"_zoom":8.547},{"_mousePosition":[683,384],"_rootPartCFrame":[765.847,229.887,45.3,-0.911,0,0.413,0,1,0,-0.413,0,-0.911],"_humanoidState":5,"_cameraCFrame":[765.917,238.637,40.448,-0.927,-0.317,0.198,0,0.529,0.848,-0.374,0.787,-0.491],"_shiftlockState":true,"_pose":"FreeFall","_animationQueue":[],"_animationSpeed":1,"_zoom":8.547},{"_mousePosition":[683,384],"_rootPartCFrame":[765.59,229.932,45.228,-0.869,0,0.494,0,1,0,-0.494,0,-0.869],"_humanoidState":5,"_cameraCFrame":[765.99,238.646,40.339,-0.902,-0.364,0.231,0,0.536,0.844,-0.432,0.761,-0.484],"_shiftlockState":true,"_pose":"FreeFall","_animationQueue":[],"_animationSpeed":1,"_zoom":8.547},{"_mousePosition":[683,384],"_rootPartCFrame":[765.341,229.923,45.134,-0.837,0,0.548,0,1,0,-0.548,0,-0.837],"_humanoidState":5,"_cameraCFrame":[765.941,238.6,40.21,-0.886,-0.389,0.252,0,0.543,0.84,-0.463,0.744,-0.481],"_shiftlockState":true,"_pose":"FreeFall","_animationQueue":[],"_animationSpeed":1,"_zoom":8.547},{"_mousePosition":[683,384],"_rootPartCFrame":[765.099,229.859,45.022,-0.817,0,0.577,0,1,0,-0.577,0,-0.817],"_humanoidState":5,"_cameraCFrame":[765.741,238.521,40.081,-0.883,-0.393,0.256,0,0.546,0.838,-0.469,0.74,-0.482],"_shiftlockState":true,"_pose":"FreeFall","_animationQueue":[],"_animationSpeed":1,"_zoom":8.547},{"_mousePosition":[683,384],"_rootPartCFrame":[764.857,229.741,44.932,-0.825,0,0.565,0,1,0,-0.565,0,-0.825],"_humanoidState":5,"_cameraCFrame":[765.488,238.395,39.979,-0.885,-0.39,0.255,0,0.547,0.837,-0.466,0.741,-0.484],"_shiftlockState":true,"_pose":"FreeFall","_animationQueue":[["fall",0.3]],"_animationSpeed":1,"_zoom":8.547},{"_mousePosition":[683,384],"_rootPartCFrame":[764.611,229.568,44.882,-0.831,0,0.557,0,1,0,-0.557,0,-0.831],"_humanoidState":5,"_cameraCFrame":[765.16,238.208,39.897,-0.893,-0.375,0.247,0,0.55,0.835,-0.449,0.746,-0.491],"_shiftlockState":true,"_pose":"FreeFall","_animationQueue":[],"_animationSpeed":1,"_zoom":8.547},{"_mousePosition":[683,384],"_rootPartCFrame":[764.301,229.276,44.874,-0.826,0,0.564,0,1,0,-0.564,0,-0.826],"_humanoidState":5,"_cameraCFrame":[764.709,237.889,39.839,-0.907,-0.35,0.234,0,0.555,0.832,-0.421,0.755,-0.503],"_shiftlockState":true,"_pose":"FreeFall","_animationQueue":[],"_animationSpeed":1,"_zoom":8.547},{"_mousePosition":[683,384],"_rootPartCFrame":[764.112,229.06,44.9,-0.87,0,0.493,0,1,0,-0.493,0,-0.87],"_humanoidState":5,"_cameraCFrame":[764.359,237.642,39.811,-0.921,-0.322,0.218,0,0.56,0.829,-0.389,0.763,-0.516],"_shiftlockState":true,"_pose":"FreeFall","_animationQueue":[],"_animationSpeed":1,"_zoom":8.547},{"_mousePosition":[683,384],"_rootPartCFrame":[763.862,228.724,44.969,-0.874,0,0.487,0,1,0,-0.487,0,-0.874],"_humanoidState":5,"_cameraCFrame":[763.883,237.267,39.82,-0.939,-0.283,0.195,0,0.567,0.824,-0.344,0.774,-0.532],"_shiftlockState":true,"_pose":"FreeFall","_animationQueue":[],"_animationSpeed":1,"_zoom":8.547},{"_mousePosition":[683,384],"_rootPartCFrame":[763.614,228.333,45.066,-0.895,0,0.445,0,1,0,-0.445,0,-0.895],"_humanoidState":5,"_cameraCFrame":[763.38,236.829,39.859,-0.956,-0.24,0.168,0,0.574,0.819,-0.293,0.783,-0.549],"_shiftlockState":true,"_pose":"FreeFall","_animationQueue":[],"_animationSpeed":1,"_zoom":8.547},{"_mousePosition":[683,384],"_rootPartCFrame":[763.371,227.888,45.177,-0.918,0,0.398,0,1,0,-0.398,0,-0.918],"_humanoidState":5,"_cameraCFrame":[762.886,236.34,39.928,-0.97,-0.198,0.142,0,0.582,0.813,-0.244,0.789,-0.564],"_shiftlockState":true,"_pose":"FreeFall","_animationQueue":[],"_animationSpeed":1,"_zoom":8.547},{"_mousePosition":[683,384],"_rootPartCFrame":[763.135,227.388,45.3,-0.937,0,0.35,0,1,0,-0.35,0,-0.937],"_humanoidState":5,"_cameraCFrame":[762.429,235.804,40.028,-0.98,-0.162,0.118,0,0.588,0.809,-0.201,0.793,-0.576],"_shiftlockState":true,"_pose":"FreeFall","_animationQueue":[["fall",0.3]],"_animationSpeed":1,"_zoom":8.547},{"_mousePosition":[683,384],"_rootPartCFrame":[762.905,226.834,45.435,-0.951,0,0.308,0,1,0,-0.308,0,-0.951],"_humanoidState":5,"_cameraCFrame":[762.001,235.226,40.162,-0.987,-0.131,0.096,0,0.592,0.806,-0.163,0.796,-0.584],"_shiftlockState":true,"_pose":"FreeFall","_animationQueue":[],"_animationSpeed":1,"_zoom":8.547},{"_mousePosition":[683,384],"_rootPartCFrame":[762.697,226.909,45.559,-0.981,0,0.196,0,1,0,-0.196,0,-0.981],"_humanoidState":12,"_cameraCFrame":[761.633,235.276,40.284,-0.991,-0.106,0.078,0,0.595,0.803,-0.132,0.796,-0.59],"_shiftlockState":true,"_pose":"Climbing","_animationQueue":[["walk",0.1],["fall",0.3],["climb",0.1],["climb",0]],"_animationSpeed":-2.873,"_zoom":8.547},{"_mousePosition":[683,384],"_rootPartCFrame":[762.539,227.084,45.614,-0.993,0.002,0.118,0.002,1,0,-0.118,0,-0.993],"_humanoidState":12,"_cameraCFrame":[761.313,235.435,40.353,-0.995,-0.081,0.06,0,0.598,0.802,-0.1,0.797,-0.595],"_shiftlockState":true,"_pose":"Climbing","_animationQueue":[["climb",0.1]],"_animationSpeed":0.858,"_zoom":8.547},{"_mousePosition":[683,384],"_rootPartCFrame":[762.452,227.266,45.568,-0.997,0.002,0.08,0.002,1,0,-0.08,0,-0.997],"_humanoidState":12,"_cameraCFrame":[761.07,235.591,40.314,-0.998,-0.056,0.042,0,0.602,0.799,-0.07,0.797,-0.6],"_shiftlockState":true,"_pose":"Climbing","_animationQueue":[["climb",0.1]],"_animationSpeed":0.748,"_zoom":8.547},{"_mousePosition":[683,384],"_rootPartCFrame":[762.4,227.452,45.54,-0.998,0,0.068,0,1,0,-0.068,0,-0.998],"_humanoidState":12,"_cameraCFrame":[760.787,235.749,40.313,-1,-0.021,0.016,0,0.606,0.795,-0.026,0.795,-0.606],"_shiftlockState":true,"_pose":"Climbing","_animationQueue":[["climb",0.1],["climb",0]],"_animationSpeed":0.93,"_zoom":8.547},{"_mousePosition":[683,384],"_rootPartCFrame":[762.383,227.639,45.531,-1,0,0.026,0,1,0,-0.026,0,-1],"_humanoidState":12,"_cameraCFrame":[760.502,235.893,40.339,-1,0.02,-0.015,0,0.613,0.79,0.025,0.79,-0.613],"_shiftlockState":true,"_pose":"Climbing","_animationQueue":[],"_animationSpeed":0.93,"_zoom":8.547},{"_mousePosition":[683,384],"_rootPartCFrame":[762.382,227.825,45.53,-1,0,-0.025,0,1,0,0.025,0,-1],"_humanoidState":12,"_cameraCFrame":[760.022,236.016,40.453,-0.993,0.092,-0.073,0,0.622,0.783,0.117,0.777,-0.618],"_shiftlockState":true,"_pose":"Climbing","_animationQueue":[],"_animationSpeed":0.93,"_zoom":8.547},{"_mousePosition":[683,384],"_rootPartCFrame":[762.382,228.012,45.53,-0.993,0,-0.117,0,1,0,0.117,0,-0.993],"_humanoidState":12,"_cameraCFrame":[759.496,236.133,40.638,-0.976,0.169,-0.138,0,0.632,0.775,0.218,0.756,-0.617],"_shiftlockState":true,"_pose":"Climbing","_animationQueue":[],"_animationSpeed":0.93,"_zoom":8.547},{"_mousePosition":[683,384],"_rootPartCFrame":[762.382,228.199,45.463,-0.977,0,-0.215,0,1,0,0.215,0,-0.977],"_humanoidState":12,"_cameraCFrame":[758.686,236.214,40.991,-0.927,0.286,-0.243,0,0.647,0.762,0.375,0.707,-0.6],"_shiftlockState":true,"_pose":"Climbing","_animationQueue":[],"_animationSpeed":0.93,"_zoom":8.547},{"_mousePosition":[683,384],"_rootPartCFrame":[762.382,228.385,45.333,-0.929,0,-0.37,0,1,0,0.37,0,-0.929],"_humanoidState":12,"_cameraCFrame":[757.887,236.261,41.426,-0.849,0.394,-0.352,0,0.666,0.746,0.529,0.633,-0.565],"_shiftlockState":true,"_pose":"Climbing","_animationQueue":[],"_animationSpeed":0.93,"_zoom":8.547},{"_mousePosition":[683,384],"_rootPartCFrame":[762.359,228.534,45.22,-0.849,-0.001,-0.528,0,1,0,0.528,0,-0.849],"_humanoidState":8,"_cameraCFrame":[757.067,236.228,42.096,-0.733,0.493,-0.469,0,0.689,0.725,0.681,0.531,-0.505],"_shiftlockState":true,"_pose":"Standing","_animationQueue":[["climb",0.1],["idle",0.1],["idle",0.1]],"_animationSpeed":1,"_zoom":8.547},{"_mousePosition":[683,384],"_rootPartCFrame":[762.303,228.627,45.147,-0.792,0,-0.61,0,1,0,0.61,0,-0.792],"_humanoidState":5,"_cameraCFrame":[756.428,236.127,42.78,-0.615,0.553,-0.561,0,0.712,0.702,0.788,0.432,-0.438],"_shiftlockState":true,"_pose":"FreeFall","_animationQueue":[["walk",0.1],["fall",0.3]],"_animationSpeed":1,"_zoom":8.547},{"_mousePosition":[683,384],"_rootPartCFrame":[762.222,228.665,45.102,-0.712,0,-0.702,0,1,0,0.702,0,-0.712],"_humanoidState":5,"_cameraCFrame":[755.883,235.95,43.531,-0.492,0.589,-0.641,0,0.736,0.677,0.871,0.333,-0.362],"_shiftlockState":true,"_pose":"FreeFall","_animationQueue":[["fall",0.3]],"_animationSpeed":1,"_zoom":8.547},{"_mousePosition":[683,384],"_rootPartCFrame":[762.142,228.646,45.057,-0.595,0,-0.804,0,1,0,0.804,0,-0.595],"_humanoidState":5,"_cameraCFrame":[755.514,235.742,44.117,-0.394,0.602,-0.695,0,0.756,0.655,0.919,0.258,-0.298],"_shiftlockState":true,"_pose":"FreeFall","_animationQueue":[],"_animationSpeed":1,"_zoom":8.547},{"_mousePosition":[683,384],"_rootPartCFrame":[762.065,228.576,45.041,-0.502,0,-0.865,0,1,0,0.865,0,-0.502],"_humanoidState":5,"_cameraCFrame":[755.309,235.556,44.366,-0.353,0.6,-0.718,0,0.767,0.641,0.936,0.226,-0.271],"_shiftlockState":true,"_pose":"FreeFall","_animationQueue":[],"_animationSpeed":1,"_zoom":8.547},{"_mousePosition":[683,384],"_rootPartCFrame":[761.993,228.456,45.03,-0.463,-0.001,-0.886,0,1,-0.001,0.886,0,-0.463],"_humanoidState":5,"_cameraCFrame":[755.218,235.404,44.289,-0.36,0.595,-0.719,0,0.771,0.637,0.933,0.23,-0.278],"_shiftlockState":true,"_pose":"FreeFall","_animationQueue":[],"_animationSpeed":1,"_zoom":8.547},{"_mousePosition":[683,384],"_rootPartCFrame":[761.926,228.287,45.024,-0.473,-0.001,-0.881,-0.001,1,-0.001,0.881,0.001,-0.473],"_humanoidState":5,"_cameraCFrame":[755.238,235.235,43.712,-0.438,0.573,-0.693,0,0.771,0.637,0.899,0.279,-0.338],"_shiftlockState":true,"_pose":"FreeFall","_animationQueue":[],"_animationSpeed":1,"_zoom":8.547},{"_mousePosition":[683,384],"_rootPartCFrame":[761.84,228.066,45.01,-0.552,-0.001,-0.834,-0.001,1,0,0.834,0.001,-0.552],"_humanoidState":5,"_cameraCFrame":[755.465,235.088,42.777,-0.564,0.534,-0.63,0,0.763,0.646,0.826,0.364,-0.43],"_shiftlockState":true,"_pose":"FreeFall","_animationQueue":[],"_animationSpeed":1,"_zoom":8.547},{"_mousePosition":[683,384],"_rootPartCFrame":[761.72,227.712,45.043,-0.693,0,-0.721,0,1,0,0.721,0,-0.693],"_humanoidState":5,"_cameraCFrame":[755.923,234.849,41.767,-0.703,0.469,-0.534,0,0.752,0.66,0.711,0.464,-0.529],"_shiftlockState":true,"_pose":"FreeFall","_animationQueue":[["fall",0.3]],"_animationSpeed":1,"_zoom":8.547},{"_mousePosition":[683,384],"_rootPartCFrame":[761.642,227.459,45.091,-0.771,0,-0.637,0,1,0,0.637,0,-0.771],"_humanoidState":5,"_cameraCFrame":[756.551,234.714,40.959,-0.815,0.391,-0.429,0,0.739,0.673,0.58,0.548,-0.602],"_shiftlockState":true,"_pose":"FreeFall","_animationQueue":[],"_animationSpeed":1,"_zoom":8.547},{"_mousePosition":[683,384],"_rootPartCFrame":[761.521,227.074,45.186,-0.884,0,-0.467,0,1,0,0.467,0,-0.884],"_humanoidState":5,"_cameraCFrame":[756.867,234.425,40.689,-0.863,0.345,-0.368,0,0.729,0.685,0.504,0.591,-0.629],"_shiftlockState":true,"_pose":"FreeFall","_animationQueue":[],"_animationSpeed":1,"_zoom":8.547},{"_mousePosition":[683,384],"_rootPartCFrame":[761.37,226.634,45.305,-0.923,0,-0.385,0,1,0,0.385,0,-0.923],"_humanoidState":5,"_cameraCFrame":[756.887,234.036,40.701,-0.879,0.329,-0.344,0,0.723,0.69,0.476,0.607,-0.636],"_shiftlockState":true,"_pose":"FreeFall","_animationQueue":[],"_animationSpeed":1,"_zoom":8.547},{"_mousePosition":[683,384],"_rootPartCFrame":[761.21,226.726,45.384,-0.9,0,-0.435,0,1,0,0.435,0,-0.9],"_humanoidState":12,"_cameraCFrame":[756.733,234.161,40.819,-0.878,0.332,-0.344,0,0.719,0.695,0.478,0.61,-0.632],"_shiftlockState":true,"_pose":"Climbing","_animationQueue":[["walk",0.1],["fall",0.3],["climb",0.1],["climb",0]],"_animationSpeed":-2.3,"_zoom":8.547},{"_mousePosition":[683,384],"_rootPartCFrame":[761.082,226.909,45.434,-0.884,0,-0.468,0,1,0,0.468,0,-0.884],"_humanoidState":12,"_cameraCFrame":[756.439,234.36,41.059,-0.859,0.356,-0.367,0,0.718,0.696,0.512,0.598,-0.617],"_shiftlockState":true,"_pose":"Climbing","_animationQueue":[["climb",0.1]],"_animationSpeed":0.862,"_zoom":8.547},{"_mousePosition":[683,384],"_rootPartCFrame":[760.986,227.096,45.46,-0.861,0,-0.509,0,1,0,0.509,0,-0.861],"_humanoidState":12,"_cameraCFrame":[756.061,234.547,41.405,-0.823,0.396,-0.408,0,0.718,0.696,0.568,0.573,-0.591],"_shiftlockState":true,"_pose":"Climbing","_animationQueue":[["climb",0.1]],"_animationSpeed":0.929,"_zoom":8.547},{"_mousePosition":[683,384],"_rootPartCFrame":[760.92,227.283,45.462,-0.824,0,-0.567,0,1,0,0.567,0,-0.824],"_humanoidState":12,"_cameraCFrame":[755.613,234.699,41.863,-0.766,0.445,-0.464,0,0.722,0.692,0.643,0.53,-0.553],"_shiftlockState":true,"_pose":"Climbing","_animationQueue":[["climb",0]],"_animationSpeed":0.929,"_zoom":8.547},{"_mousePosition":[683,384],"_rootPartCFrame":[760.877,227.469,45.437,-0.767,0,-0.642,0,1,0,0.642,0,-0.767],"_humanoidState":12,"_cameraCFrame":[755.189,234.82,42.352,-0.697,0.491,-0.523,0,0.729,0.685,0.717,0.477,-0.508],"_shiftlockState":true,"_pose":"Climbing","_animationQueue":[],"_animationSpeed":0.929,"_zoom":8.547},{"_mousePosition":[683,384],"_rootPartCFrame":[760.837,227.656,45.399,-0.698,0,-0.716,0,1,0,0.716,0,-0.698],"_humanoidState":12,"_cameraCFrame":[754.835,234.931,42.806,-0.628,0.526,-0.574,0,0.737,0.676,0.778,0.424,-0.463],"_shiftlockState":true,"_pose":"Climbing","_animationQueue":[],"_animationSpeed":0.929,"_zoom":8.547},{"_mousePosition":[683,384],"_rootPartCFrame":[760.781,227.808,45.386,-0.629,0,-0.777,0,1,0,0.777,0,-0.629],"_humanoidState":8,"_cameraCFrame":[754.507,235.007,43.318,-0.553,0.555,-0.621,0,0.745,0.667,0.833,0.369,-0.412],"_shiftlockState":true,"_pose":"Standing","_animationQueue":[["climb",0.1],["idle",0.1],["idle",0.1]],"_animationSpeed":1,"_zoom":8.547},{"_mousePosition":[683,384],"_rootPartCFrame":[760.705,227.906,45.412,-0.629,0,-0.778,0,1,0,0.778,0,-0.629],"_humanoidState":5,"_cameraCFrame":[754.243,235.038,43.787,-0.49,0.574,-0.656,0,0.752,0.659,0.872,0.323,-0.369],"_shiftlockState":true,"_pose":"FreeFall","_animationQueue":[["walk",0.1],["fall",0.3]],"_animationSpeed":1,"_zoom":8.547},{"_mousePosition":[683,384],"_rootPartCFrame":[760.611,227.95,45.477,-0.599,0,-0.801,0,1,0,0.801,0,-0.599],"_humanoidState":5,"_cameraCFrame":[754.014,235.019,44.223,-0.436,0.586,-0.683,0,0.759,0.652,0.9,0.284,-0.331],"_shiftlockState":true,"_pose":"FreeFall","_animationQueue":[],"_animationSpeed":1,"_zoom":8.547},{"_mousePosition":[683,384],"_rootPartCFrame":[760.509,227.939,45.584,-0.552,0,-0.834,0,1,0,0.834,0,-0.552],"_humanoidState":5,"_cameraCFrame":[753.775,234.924,44.762,-0.373,0.595,-0.712,0,0.767,0.642,0.928,0.239,-0.286],"_shiftlockState":true,"_pose":"FreeFall","_animationQueue":[],"_animationSpeed":1,"_zoom":8.547},{"_mousePosition":[683,384],"_rootPartCFrame":[760.401,227.874,45.733,-0.493,0,-0.87,0,1,0,0.87,0,-0.493],"_humanoidState":5,"_cameraCFrame":[753.532,234.747,45.465,-0.292,0.601,-0.744,0,0.778,0.629,0.956,0.184,-0.227],"_shiftlockState":true,"_pose":"FreeFall","_animationQueue":[["fall",0.3]],"_animationSpeed":1,"_zoom":8.547},{"_mousePosition":[683,384],"_rootPartCFrame":[760.32,227.754,45.909,-0.406,0,-0.914,0,1,0,0.914,0,-0.406],"_humanoidState":5,"_cameraCFrame":[753.394,234.557,46.074,-0.229,0.604,-0.763,0,0.784,0.62,0.973,0.142,-0.18],"_shiftlockState":true,"_pose":"FreeFall","_animationQueue":[],"_animationSpeed":1,"_zoom":8.547},{"_mousePosition":[683,384],"_rootPartCFrame":[760.267,227.892,46.068,-0.265,0,-0.964,0,1,0,0.964,0,-0.265],"_humanoidState":12,"_cameraCFrame":[753.314,234.625,46.695,-0.163,0.604,-0.78,0,0.791,0.612,0.987,0.1,-0.129],"_shiftlockState":true,"_pose":"Climbing","_animationQueue":[["walk",0.1],["fall",0.3],["climb",0.1],["climb",0]],"_animationSpeed":-0.702,"_zoom":8.547},{"_mousePosition":[683,384],"_rootPartCFrame":[760.227,228.078,46.19,-0.167,0,-0.986,0,1,0,0.986,0,-0.167],"_humanoidState":12,"_cameraCFrame":[753.283,234.734,47.334,-0.088,0.601,-0.794,0,0.798,0.603,0.996,0.053,-0.07],"_shiftlockState":true,"_pose":"Climbing","_animationQueue":[["climb",0.1],["climb",0]],"_animationSpeed":0.901,"_zoom":8.547},{"_mousePosition":[683,384],"_rootPartCFrame":[760.194,228.312,46.29,-0.088,0,-0.996,0,1,0,0.996,0,-0.088],"_humanoidState":12,"_cameraCFrame":[753.267,234.907,47.765,-0.04,0.596,-0.802,0,0.803,0.596,0.999,0.024,-0.032],"_shiftlockState":true,"_pose":"Climbing","_animationQueue":[],"_animationSpeed":0.901,"_zoom":8.547},{"_mousePosition":[683,384],"_rootPartCFrame":[760.183,228.451,46.321,-0.04,0,-0.999,0,1,0,0.999,0,-0.04],"_humanoidState":12,"_cameraCFrame":[753.266,234.969,46.472,0.022,0.587,-0.809,0,0.81,0.587,1,-0.013,0.018],"_shiftlockState":false,"_pose":"Climbing","_animationQueue":[],"_animationSpeed":0.901,"_zoom":8.547},{"_mousePosition":[683,384],"_rootPartCFrame":[760.18,228.638,46.332,-0.04,0,-0.999,0,1,0,0.999,0,-0.04],"_humanoidState":12,"_cameraCFrame":[753.262,235.156,46.483,0.022,0.587,-0.809,0,0.81,0.587,1,-0.013,0.018],"_shiftlockState":false,"_pose":"Climbing","_animationQueue":[],"_animationSpeed":0.901,"_zoom":8.547},{"_mousePosition":[673,381],"_rootPartCFrame":[760.18,228.825,46.332,-0.04,0,-0.999,0,1,0,0.999,0,-0.04],"_humanoidState":12,"_cameraCFrame":[753.262,235.342,46.483,0.022,0.587,-0.809,0,0.81,0.587,1,-0.013,0.018],"_shiftlockState":false,"_pose":"Climbing","_animationQueue":[],"_animationSpeed":0.901,"_zoom":8.547},{"_mousePosition":[673,381],"_rootPartCFrame":[760.18,229.011,46.332,-0.04,0,-0.999,0,1,0,0.999,0,-0.04],"_humanoidState":12,"_cameraCFrame":[753.237,235.49,46.579,0.036,0.582,-0.812,0,0.813,0.582,0.999,-0.021,0.029],"_shiftlockState":false,"_pose":"Climbing","_animationQueue":[],"_animationSpeed":0.901,"_zoom":8.547},{"_mousePosition":[673,381],"_rootPartCFrame":[760.18,229.198,46.332,-0.04,0,-0.999,0,1,0,0.999,0,-0.04],"_humanoidState":12,"_cameraCFrame":[753.233,235.671,46.586,0.037,0.581,-0.813,0,0.813,0.582,0.999,-0.021,0.03],"_shiftlockState":false,"_pose":"Climbing","_animationQueue":[],"_animationSpeed":0.901,"_zoom":8.547},{"_mousePosition":[673,381],"_rootPartCFrame":[760.18,229.385,46.332,-0.04,0,-0.999,0,1,0,0.999,0,-0.04],"_humanoidState":12,"_cameraCFrame":[753.233,235.858,46.586,0.037,0.581,-0.813,0,0.813,0.582,0.999,-0.021,0.03],"_shiftlockState":false,"_pose":"Climbing","_animationQueue":[],"_animationSpeed":0.901,"_zoom":8.547},{"_mousePosition":[673,381],"_rootPartCFrame":[760.18,229.571,46.332,-0.04,0,-0.999,0,1,0,0.999,0,-0.04],"_humanoidState":12,"_cameraCFrame":[753.21,236.016,46.47,0.02,0.578,-0.815,0,0.816,0.579,1,-0.011,0.016],"_shiftlockState":false,"_pose":"Climbing","_animationQueue":[],"_animationSpeed":0.901,"_zoom":8.547},{"_mousePosition":[673,381],"_rootPartCFrame":[760.18,229.758,46.332,-0.04,0,-0.999,0,1,0,0.999,0,-0.04],"_humanoidState":12,"_cameraCFrame":[753.21,236.197,46.061,-0.039,0.577,-0.815,0,0.816,0.578,0.999,0.022,-0.032],"_shiftlockState":false,"_pose":"Climbing","_animationQueue":[],"_animationSpeed":0.901,"_zoom":8.547},{"_mousePosition":[673,381],"_rootPartCFrame":[760.18,229.945,46.332,-0.04,0,-0.999,0,1,0,0.999,0,-0.04],"_humanoidState":12,"_cameraCFrame":[753.303,236.406,45.264,-0.153,0.574,-0.805,0,0.814,0.581,0.988,0.089,-0.125],"_shiftlockState":false,"_pose":"Climbing","_animationQueue":[],"_animationSpeed":0.901,"_zoom":8.547},{"_mousePosition":[673,381],"_rootPartCFrame":[760.18,230.131,46.332,-0.04,0,-0.999,0,1,0,0.999,0,-0.04],"_humanoidState":12,"_cameraCFrame":[753.805,236.682,43.706,-0.381,0.546,-0.746,0,0.807,0.591,0.925,0.225,-0.307],"_shiftlockState":false,"_pose":"Climbing","_animationQueue":[],"_animationSpeed":0.901,"_zoom":8.547},{"_mousePosition":[673,381],"_rootPartCFrame":[760.18,230.318,46.332,-0.04,0,-0.999,0,1,0,0.999,0,-0.04],"_humanoidState":12,"_cameraCFrame":[754.951,236.974,41.959,-0.642,0.463,-0.612,0,0.798,0.603,0.767,0.387,-0.512],"_shiftlockState":false,"_pose":"Climbing","_animationQueue":[],"_animationSpeed":0.901,"_zoom":8.547},{"_mousePosition":[673,381],"_rootPartCFrame":[760.18,230.505,46.332,-0.04,0,-0.999,0,1,0,0.999,0,-0.04],"_humanoidState":12,"_cameraCFrame":[756.933,237.259,40.424,-0.876,0.296,-0.38,0,0.789,0.615,0.482,0.539,-0.691],"_shiftlockState":false,"_pose":"Climbing","_animationQueue":[],"_animationSpeed":0.901,"_zoom":8.547},{"_mousePosition":[673,381],"_rootPartCFrame":[760.18,230.691,46.332,-0.04,0,-0.999,0,1,0,0.999,0,-0.04],"_humanoidState":12,"_cameraCFrame":[758.844,237.462,39.738,-0.98,0.122,-0.156,0,0.787,0.617,0.199,0.604,-0.772],"_shiftlockState":false,"_pose":"Climbing","_animationQueue":[],"_animationSpeed":0.901,"_zoom":8.547},{"_mousePosition":[673,381],"_rootPartCFrame":[760.18,230.878,46.332,-0.04,0,-0.999,0,1,0,0.999,0,-0.04],"_humanoidState":12,"_cameraCFrame":[761.341,237.567,39.64,-0.985,-0.104,0.136,0,0.795,0.607,-0.171,0.598,-0.783],"_shiftlockState":false,"_pose":"Climbing","_animationQueue":[],"_animationSpeed":0.901,"_zoom":8.547},{"_mousePosition":[673,381],"_rootPartCFrame":[760.18,231.065,46.332,-0.04,0,-0.999,0,1,0,0.999,0,-0.04],"_humanoidState":12,"_cameraCFrame":[763.704,237.643,40.43,-0.859,-0.305,0.412,0,0.804,0.594,-0.513,0.51,-0.691],"_shiftlockState":false,"_pose":"Climbing","_animationQueue":[],"_animationSpeed":0.901,"_zoom":8.547},{"_mousePosition":[673,381],"_rootPartCFrame":[760.18,231.251,46.332,-0.04,0,-0.999,0,1,0,0.999,0,-0.04],"_humanoidState":12,"_cameraCFrame":[765.497,237.802,41.943,-0.637,-0.456,0.622,0,0.807,0.591,-0.771,0.376,-0.513],"_shiftlockState":false,"_pose":"Climbing","_animationQueue":[],"_animationSpeed":0.901,"_zoom":8.547},{"_mousePosition":[673,381],"_rootPartCFrame":[760.18,231.119,46.332,-0.04,0,-0.999,0,1,0,0.999,0,-0.04],"_humanoidState":12,"_cameraCFrame":[766.494,237.648,43.522,-0.407,-0.538,0.739,0,0.809,0.588,-0.914,0.239,-0.329],"_shiftlockState":false,"_pose":"Climbing","_animationQueue":[],"_animationSpeed":0.901,"_zoom":8.547},{"_mousePosition":[673,381],"_rootPartCFrame":[760.18,230.934,46.332,-0.04,0,-0.999,0,1,0,0.999,0,-0.04],"_humanoidState":12,"_cameraCFrame":[767.008,237.407,45.03,-0.187,-0.572,0.799,0,0.813,0.582,-0.982,0.109,-0.152],"_shiftlockState":false,"_pose":"Climbing","_animationQueue":[["climb",0.1]],"_animationSpeed":-0.896,"_zoom":8.547},{"_mousePosition":[673,381],"_rootPartCFrame":[760.18,230.747,46.332,-0.04,0,-0.999,0,1,0,0.999,0,-0.04],"_humanoidState":12,"_cameraCFrame":[767.164,237.158,45.937,-0.056,-0.574,0.817,0,0.818,0.575,-0.998,0.032,-0.046],"_shiftlockState":false,"_pose":"Climbing","_animationQueue":[],"_animationSpeed":-0.896,"_zoom":8.547},{"_mousePosition":[673,381],"_rootPartCFrame":[760.18,230.561,46.332,-0.04,0,-0.999,0,1,0,0.999,0,-0.04],"_humanoidState":12,"_cameraCFrame":[767.224,236.892,46.62,0.041,-0.565,0.824,0,0.825,0.565,-0.999,-0.023,0.034],"_shiftlockState":false,"_pose":"Climbing","_animationQueue":[],"_animationSpeed":-0.896,"_zoom":8.547},{"_mousePosition":[673,381],"_rootPartCFrame":[759.453,231.067,46.303,-0.04,0,-0.999,0,1,0,0.999,0,-0.04],"_humanoidState":3,"_cameraCFrame":[766.513,237.359,46.792,0.069,-0.559,0.826,0,0.828,0.561,-0.998,-0.039,0.057],"_shiftlockState":false,"_pose":"Jumping","_animationQueue":[["climb",0.1],["jump",0.1]],"_animationSpeed":1,"_zoom":8.547},{"_mousePosition":[673,381],"_rootPartCFrame":[758.751,231.52,46.275,0.052,0,-0.999,0,1,0,0.999,0,0.052],"_humanoidState":5,"_cameraCFrame":[764.548,236.948,46.683,0.07,-0.559,0.826,0,0.829,0.56,-0.998,-0.039,0.058],"_shiftlockState":false,"_pose":"FreeFall","_animationQueue":[["jump",0.1]],"_animationSpeed":1,"_zoom":8.547},{"_mousePosition":[673,381],"_rootPartCFrame":[758.088,231.918,46.248,0.18,0,-0.984,0,1,0,0.984,0,0.18],"_humanoidState":5,"_cameraCFrame":[762.585,236.448,46.55,0.067,-0.557,0.828,0,0.83,0.558,-0.998,-0.037,0.056],"_shiftlockState":false,"_pose":"FreeFall","_animationQueue":[],"_animationSpeed":1,"_zoom":8.547},{"_mousePosition":[673,381],"_rootPartCFrame":[757.465,232.261,46.222,0.308,0,-0.951,0,1,0,0.951,0,0.308],"_humanoidState":5,"_cameraCFrame":[761.483,236.447,46.433,0.052,-0.555,0.831,0,0.832,0.555,-0.999,-0.029,0.044],"_shiftlockState":false,"_pose":"FreeFall","_animationQueue":[],"_animationSpeed":1,"_zoom":8.547},{"_mousePosition":[673,381],"_rootPartCFrame":[756.882,232.55,46.197,0.432,0,-0.902,0,1,0,0.902,0,0.432],"_humanoidState":5,"_cameraCFrame":[760.483,236.447,46.329,0.037,-0.554,0.832,0,0.833,0.554,-0.999,-0.02,0.031],"_shiftlockState":false,"_pose":"FreeFall","_animationQueue":[],"_animationSpeed":1,"_zoom":8.547},{"_mousePosition":[673,381],"_rootPartCFrame":[756.339,232.784,46.173,0.548,0,-0.837,0,1,0,0.837,0,0.548],"_humanoidState":5,"_cameraCFrame":[759.595,236.447,46.238,0.02,-0.553,0.833,0,0.833,0.553,-1,-0.011,0.017],"_shiftlockState":false,"_pose":"FreeFall","_animationQueue":[],"_animationSpeed":1,"_zoom":8.547},{"_mousePosition":[673,381],"_rootPartCFrame":[755.835,232.964,46.15,0.654,0,-0.756,0,1,0,0.756,0,0.654],"_humanoidState":5,"_cameraCFrame":[758.811,236.447,46.154,0.001,-0.555,0.832,0,0.832,0.555,-1,-0.001,0.001],"_shiftlockState":false,"_pose":"FreeFall","_animationQueue":[],"_animationSpeed":1,"_zoom":8.547},{"_mousePosition":[673,381],"_rootPartCFrame":[755.371,233.089,46.131,0.749,0,-0.663,0,1,0,0.663,0,0.749],"_humanoidState":5,"_cameraCFrame":[758.114,236.448,44.341,-0.015,-0.557,0.83,0,0.83,0.557,-1,0.008,-0.012],"_shiftlockState":true,"_pose":"FreeFall","_animationQueue":[],"_animationSpeed":1,"_zoom":8.547},{"_mousePosition":[683,384],"_rootPartCFrame":[754.947,233.16,46.115,-0.054,0,0.999,0,1,0,-0.999,0,-0.054],"_humanoidState":5,"_cameraCFrame":[757.584,236.448,44.326,-0.015,-0.557,0.83,0,0.83,0.557,-1,0.008,-0.012],"_shiftlockState":true,"_pose":"FreeFall","_animationQueue":[],"_animationSpeed":1,"_zoom":8.547},{"_mousePosition":[683,384],"_rootPartCFrame":[754.562,233.177,46.103,-0.019,0,1,0,1,0,-1,0,-0.019],"_humanoidState":5,"_cameraCFrame":[757.147,236.456,44.291,-0.024,-0.56,0.828,0,0.828,0.561,-1,0.013,-0.02],"_shiftlockState":true,"_pose":"FreeFall","_animationQueue":[],"_animationSpeed":1,"_zoom":8.547},{"_mousePosition":[683,384],"_rootPartCFrame":[754.216,233.138,46.097,-0.024,0,1,0,1,0,-1,0,-0.024],"_humanoidState":5,"_cameraCFrame":[757.067,236.622,44.263,-0.029,-0.564,0.825,0,0.826,0.564,-1,0.016,-0.024],"_shiftlockState":true,"_pose":"FreeFall","_animationQueue":[],"_animationSpeed":1,"_zoom":8.547},{"_mousePosition":[683,384],"_rootPartCFrame":[753.909,233.046,46.097,-0.028,0,1,0,1,0,-1,0,-0.028],"_humanoidState":5,"_cameraCFrame":[757.066,236.759,44.237,-0.034,-0.566,0.823,0,0.824,0.567,-0.999,0.02,-0.028],"_shiftlockState":true,"_pose":"FreeFall","_animationQueue":[],"_animationSpeed":1,"_zoom":8.547},{"_mousePosition":[683,384],"_rootPartCFrame":[753.637,232.899,46.103,-0.034,0,0.999,0,1,0,-0.999,0,-0.034],"_humanoidState":5,"_cameraCFrame":[757.057,236.824,44.198,-0.045,-0.569,0.821,0,0.822,0.569,-0.999,0.026,-0.037],"_shiftlockState":true,"_pose":"FreeFall","_animationQueue":[],"_animationSpeed":1,"_zoom":8.547},{"_mousePosition":[683,384],"_rootPartCFrame":[753.37,232.697,46.112,-0.044,0,0.999,0,1,0,-0.999,0,-0.044],"_humanoidState":5,"_cameraCFrame":[757.061,236.87,44.103,-0.069,-0.572,0.817,0,0.819,0.573,-0.998,0.04,-0.057],"_shiftlockState":true,"_pose":"FreeFall","_animationQueue":[],"_animationSpeed":1,"_zoom":8.547},{"_mousePosition":[683,384],"_rootPartCFrame":[753.104,232.441,46.124,-0.066,0,0.998,0,1,0,-0.998,0,-0.066],"_humanoidState":5,"_cameraCFrame":[756.96,236.828,43.942,-0.109,-0.575,0.811,0,0.816,0.579,-0.994,0.063,-0.089],"_shiftlockState":true,"_pose":"FreeFall","_animationQueue":[],"_animationSpeed":1,"_zoom":8.547},{"_mousePosition":[683,384],"_rootPartCFrame":[752.808,232.605,46.137,-0.108,0,0.994,0,1,0,-0.994,0,-0.108],"_humanoidState":12,"_cameraCFrame":[757.027,237.37,43.712,-0.153,-0.577,0.802,0