[{"_mousePosition":[1163,408],"_rootPartCFrame":[776.026,222.98,47.142,0.003,0.002,1,0,1,-0.002,-1,0,0.003],"_humanoidState":8,"_cameraCFrame":[774.225,246.7,38.952,-0.977,0.201,-0.076,0,0.353,0.936,0.215,0.914,-0.345],"_shiftlockState":false,"_pose":"Standing","_animationQueue":[],"_animationSpeed":1,"_zoom":23.75},{"_mousePosition":[1157,410],"_rootPartCFrame":[775.785,222.849,47.195,-0.028,0,1,0,1,0,-1,0,-0.028],"_humanoidState":8,"_cameraCFrame":[773.981,246.569,39.005,-0.977,0.201,-0.076,0,0.353,0.936,0.215,0.914,-0.345],"_shiftlockState":false,"_pose":"Standing","_animationQueue":[],"_animationSpeed":1,"_zoom":23.75},{"_mousePosition":[1155,412],"_rootPartCFrame":[775.525,222.679,47.252,-0.053,0,0.999,0,1,0,-0.999,0,-0.053],"_humanoidState":8,"_cameraCFrame":[773.721,246.399,39.062,-0.977,0.201,-0.076,0,0.353,0.936,0.215,0.914,-0.345],"_shiftlockState":false,"_pose":"Running","_animationQueue":[["walk",0.1]],"_animationSpeed":1.066,"_zoom":23.75},{"_mousePosition":[1155,412],"_rootPartCFrame":[775.265,222.655,47.31,-0.075,0,0.997,0,1,0,-0.997,0,-0.075],"_humanoidState":8,"_cameraCFrame":[773.461,246.375,39.12,-0.977,0.201,-0.076,0,0.353,0.936,0.215,0.914,-0.345],"_shiftlockState":false,"_pose":"Running","_animationQueue":[],"_animationSpeed":1.066,"_zoom":23.75},{"_mousePosition":[1155,412],"_rootPartCFrame":[775.005,222.671,47.367,-0.094,0,0.996,0,1,0,-0.996,0,-0.094],"_humanoidState":8,"_cameraCFrame":[773.2,246.391,39.177,-0.977,0.201,-0.076,0,0.353,0.936,0.215,0.914,-0.345],"_shiftlockState":false,"_pose":"Running","_animationQueue":[],"_animationSpeed":1.066,"_zoom":23.75},{"_mousePosition":[1155,412],"_rootPartCFrame":[774.744,222.683,47.424,-0.111,0,0.994,0,1,0,-0.994,0,-0.111],"_humanoidState":8,"_cameraCFrame":[772.94,246.403,39.234,-0.977,0.201,-0.076,0,0.353,0.936,0.215,0.914,-0.345],"_shiftlockState":false,"_pose":"Running","_animationQueue":[],"_animationSpeed":1.066,"_zoom":23.75},{"_mousePosition":[1154,414],"_rootPartCFrame":[774.484,222.691,47.482,-0.125,0,0.992,0,1,0,-0.992,0,-0.125],"_humanoidState":8,"_cameraCFrame":[770.97,246.411,39.668,-0.977,0.201,-0.076,0,0.353,0.936,0.215,0.914,-0.345],"_shiftlockState":true,"_pose":"Running","_animationQueue":[["walk",0.1]],"_animationSpeed":1.066,"_zoom":23.75},{"_mousePosition":[683,384],"_rootPartCFrame":[774.093,222.696,47.568,-0.939,0,-0.343,0,1,0,0.343,0,-0.939],"_humanoidState":8,"_cameraCFrame":[770.606,246.088,39.875,-0.977,0.201,-0.076,0,0.353,0.936,0.215,0.914,-0.345],"_shiftlockState":true,"_pose":"Running","_animationQueue":[],"_animationSpeed":1.066,"_zoom":18.6},{"_mousePosition":[683,384],"_rootPartCFrame":[773.898,222.697,47.611,-0.971,0,-0.24,0,1,0,0.24,0,-0.971],"_humanoidState":8,"_cameraCFrame":[770.553,245.556,40.217,-0.979,0.193,-0.072,0,0.348,0.938,0.206,0.917,-0.34],"_shiftlockState":true,"_pose":"Running","_animationQueue":[],"_animationSpeed":1.066,"_zoom":18.6},{"_mousePosition":[683,384],"_rootPartCFrame":[773.702,222.698,47.654,-0.978,0,-0.21,0,1,0,0.21,0,-0.978],"_humanoidState":8,"_cameraCFrame":[770.598,244.748,40.594,-0.983,0.173,-0.063,0,0.343,0.939,0.184,0.923,-0.337],"_shiftlockState":true,"_pose":"Running","_animationQueue":[],"_animationSpeed":1.066,"_zoom":18.6},{"_mousePosition":[683,384],"_rootPartCFrame":[773.441,222.699,47.709,-0.983,0,-0.185,0,1,0,0.185,0,-0.983],"_humanoidState":8,"_cameraCFrame":[770.539,244.089,40.913,-0.987,0.154,-0.056,0,0.339,0.941,0.164,0.928,-0.335],"_shiftlockState":true,"_pose":"Running","_animationQueue":[],"_animationSpeed":1.066,"_zoom":18.6},{"_mousePosition":[683,384],"_rootPartCFrame":[773.179,222.699,47.759,-0.986,0,-0.164,0,1,0,0.164,0,-0.986],"_humanoidState":8,"_cameraCFrame":[770.578,243.162,41.353,-0.992,0.122,-0.043,0,0.333,0.943,0.13,0.935,-0.33],"_shiftlockState":true,"_pose":"Running","_animationQueue":[],"_animationSpeed":1.066,"_zoom":14.48},{"_mousePosition":[683,384],"_rootPartCFrame":[772.917,222.699,47.804,-0.992,0,-0.13,0,1,0,0.13,0,-0.992],"_humanoidState":8,"_cameraCFrame":[770.586,241.979,41.823,-0.995,0.09,-0.031,0,0.328,0.945,0.095,0.94,-0.327],"_shiftlockState":true,"_pose":"Running","_animationQueue":[],"_animationSpeed":1.066,"_zoom":14.48},{"_mousePosition":[683,384],"_rootPartCFrame":[772.652,222.7,47.84,-0.995,0,-0.095,0,1,0,0.095,0,-0.995],"_humanoidState":8,"_cameraCFrame":[770.524,241.079,42.181,-0.998,0.062,-0.021,0,0.324,0.946,0.066,0.944,-0.324],"_shiftlockState":true,"_pose":"Running","_animationQueue":[["walk",0.1]],"_animationSpeed":1.066,"_zoom":14.48},{"_mousePosition":[683,384],"_rootPartCFrame":[772.387,222.7,47.866,-0.998,0,-0.066,0,1,0,0.066,0,-0.998],"_humanoidState":8,"_cameraCFrame":[770.44,240.242,42.536,-0.999,0.035,-0.012,0,0.319,0.948,0.037,0.947,-0.319],"_shiftlockState":true,"_pose":"Running","_animationQueue":[],"_animationSpeed":1.066,"_zoom":14.48},{"_mousePosition":[683,384],"_rootPartCFrame":[772.121,222.7,47.885,-0.999,0,-0.037,0,1,0,0.037,0,-0.999],"_humanoidState":8,"_cameraCFrame":[770.329,239.634,42.913,-1,0.008,-0.003,0,0.307,0.952,0.008,0.952,-0.307],"_shiftlockState":true,"_pose":"Running","_animationQueue":[],"_animationSpeed":1.066,"_zoom":14.48},{"_mousePosition":[683,384],"_rootPartCFrame":[771.855,222.7,47.896,-1,0,-0.008,0,1,0,0.008,0,-1],"_humanoidState":8,"_cameraCFrame":[770.172,239.222,43.23,-1,-0.014,0.004,0,0.295,0.955,-0.015,0.955,-0.295],"_shiftlockState":true,"_pose":"Running","_animationQueue":[],"_animationSpeed":1.066,"_zoom":14.48},{"_mousePosition":[683,384],"_rootPartCFrame":[771.588,222.7,47.899,-1,0,0.015,0,1,0,-0.015,0,-1],"_humanoidState":8,"_cameraCFrame":[769.913,238.894,43.409,-1,-0.016,0.005,0,0.291,0.957,-0.017,0.957,-0.29],"_shiftlockState":true,"_pose":"Running","_animationQueue":[],"_animationSpeed":1.066,"_zoom":14.48},{"_mousePosition":[683,384],"_rootPartCFrame":[771.321,222.7,47.896,-1,0,0.017,0,1,0,-0.017,0,-1],"_humanoidState":8,"_cameraCFrame":[769.608,238.073,43.749,-1,-0.008,0.003,0,0.285,0.958,-0.009,0.958,-0.285],"_shiftlockState":true,"_pose":"Running","_animationQueue":[],"_animationSpeed":1.066,"_zoom":14.48},{"_mousePosition":[683,384],"_rootPartCFrame":[770.988,222.695,47.89,-1,0,0.009,0,1,0,-0.009,0,-1],"_humanoidState":8,"_cameraCFrame":[769.248,238.083,43.799,-1,-0.002,0.001,0,0.282,0.959,-0.003,0.959,-0.282],"_shiftlockState":true,"_pose":"Running","_animationQueue":[["walk",0.1]],"_animationSpeed":1.066,"_zoom":14.48},{"_mousePosition":[683,384],"_rootPartCFrame":[770.721,222.697,47.888,-1,0,0.003,0,1,0,-0.003,0,-1],"_humanoidState":8,"_cameraCFrame":[768.948,238.102,43.866,-1,0.006,-0.002,0,0.278,0.96,0.006,0.96,-0.278],"_shiftlockState":true,"_pose":"Running","_animationQueue":[],"_animationSpeed":1.066,"_zoom":14.48},{"_mousePosition":[683,384],"_rootPartCFrame":[770.455,222.698,47.887,-1,0,-0.006,0,1,0,0.006,0,-1],"_humanoidState":8,"_cameraCFrame":[768.644,238.124,43.95,-1,0.015,-0.004,0,0.274,0.962,0.015,0.962,-0.274],"_shiftlockState":true,"_pose":"Running","_animationQueue":[],"_animationSpeed":1.066,"_zoom":14.48},{"_mousePosition":[683,384],"_rootPartCFrame":[770.188,222.699,47.888,-1,0,-0.015,0,1,0,0.015,0,-1],"_humanoidState":8,"_cameraCFrame":[768.346,238.141,44.022,-1,0.023,-0.006,0,0.27,0.963,0.024,0.963,-0.27],"_shiftlockState":true,"_pose":"Running","_animationQueue":[],"_animationSpeed":1.066,"_zoom":14.48},{"_mousePosition":[683,384],"_rootPartCFrame":[769.921,222.665,47.889,-1,0,-0.024,0,1,0,0.024,0,-1],"_humanoidState":8,"_cameraCFrame":[768.049,238.12,44.084,-0.999,0.031,-0.009,0,0.267,0.964,0.032,0.963,-0.267],"_shiftlockState":true,"_pose":"Running","_animationQueue":[],"_animationSpeed":1.066,"_zoom":14.48},{"_mousePosition":[683,384],"_rootPartCFrame":[769.588,222.547,47.891,-0.999,0,-0.032,0,1,0,0.032,0,-0.999],"_humanoidState":8,"_cameraCFrame":[767.693,238.011,44.132,-0.999,0.037,-0.01,0,0.264,0.964,0.038,0.964,-0.264],"_shiftlockState":true,"_pose":"Running","_animationQueue":[],"_animationSpeed":1.066,"_zoom":14.48},{"_mousePosition":[683,384],"_rootPartCFrame":[769.388,223.199,47.893,-0.999,0,-0.038,0,1,0,0.038,0,-0.999],"_humanoidState":3,"_cameraCFrame":[767.478,238.666,44.152,-0.999,0.041,-0.011,0,0.264,0.965,0.042,0.964,-0.263],"_shiftlockState":true,"_pose":"Jumping","_animationQueue":[["walk",0.1],["jump",0.1]],"_animationSpeed":1,"_zoom":14.48},{"_mousePosition":[683,384],"_rootPartCFrame":[769.122,224.021,47.901,-0.999,0,0.05,0,1,0,-0.05,0,-0.999],"_humanoidState":5,"_cameraCFrame":[767.2,239.495,44.189,-0.999,0.044,-0.012,0,0.262,0.965,0.046,0.964,-0.262],"_shiftlockState":true,"_pose":"FreeFall","_animationQueue":[["jump",0.1]],"_animationSpeed":1,"_zoom":14.48},{"_mousePosition":[683,384],"_rootPartCFrame":[768.855,224.789,47.913,-0.997,0,0.083,0,1,0,-0.083,0,-0.997],"_humanoidState":5,"_cameraCFrame":[766.935,240.268,44.223,-0.999,0.044,-0.012,0,0.261,0.965,0.046,0.964,-0.26],"_shiftlockState":true,"_pose":"FreeFall","_animationQueue":[],"_animationSpeed":1,"_zoom":14.48},{"_mousePosition":[683,384],"_rootPartCFrame":[768.589,225.502,47.925,-0.996,0,0.087,0,1,0,-0.087,0,-0.996],"_humanoidState":5,"_cameraCFrame":[766.728,240.987,44.228,-1,0.029,-0.008,0,0.259,0.966,0.03,0.965,-0.259],"_shiftlockState":true,"_pose":"FreeFall","_animationQueue":[],"_animationSpeed":1,"_zoom":14.48},{"_mousePosition":[683,384],"_rootPartCFrame":[768.323,226.16,47.937,-0.995,0,0.103,0,1,0,-0.103,0,-0.995],"_humanoidState":5,"_cameraCFrame":[766.602,241.643,44.161,-1,-0.008,0.002,0,0.26,0.966,-0.008,0.966,-0.26],"_shiftlockState":true,"_pose":"FreeFall","_animationQueue":[],"_animationSpeed":1,"_zoom":14.48},{"_mousePosition":[683,384],"_rootPartCFrame":[768.056,226.764,47.945,-0.99,0,0.141,0,1,0,-0.141,0,-0.99],"_humanoidState":5,"_cameraCFrame":[766.601,242.197,43.885,-0.997,-0.071,0.02,0,0.272,0.962,-0.074,0.96,-0.272],"_shiftlockState":true,"_pose":"FreeFall","_animationQueue":[],"_animationSpeed":1,"_zoom":14.48},{"_mousePosition":[683,384],"_rootPartCFrame":[767.789,227.314,47.945,-0.979,0,0.206,0,1,0,-0.206,0,-0.979],"_humanoidState":5,"_cameraCFrame":[766.614,242.681,43.581,-0.991,-0.128,0.039,0,0.288,0.958,-0.134,0.949,-0.285],"_shiftlockState":true,"_pose":"FreeFall","_animationQueue":[],"_animationSpeed":1,"_zoom":14.48},{"_mousePosition":[683,384],"_rootPartCFrame":[767.523,227.809,47.928,-0.964,0,0.265,0,1,0,-0.265,0,-0.964],"_humanoidState":5,"_cameraCFrame":[766.718,243.09,43.219,-0.979,-0.194,0.063,0,0.307,0.952,-0.204,0.932,-0.301],"_shiftlockState":true,"_pose":"FreeFall","_animationQueue":[],"_animationSpeed":1,"_zoom":14.48},{"_mousePosition":[683,384],"_rootPartCFrame":[767.259,228.249,47.895,-0.943,0,0.333,0,1,0,-0.333,0,-0.943],"_humanoidState":5,"_cameraCFrame":[766.689,243.494,43.048,-0.969,-0.235,0.078,0,0.315,0.949,-0.247,0.92,-0.305],"_shiftlockState":true,"_pose":"FreeFall","_animationQueue":[],"_animationSpeed":1,"_zoom":14.48},{"_mousePosition":[683,384],"_rootPartCFrame":[766.997,228.635,47.844,-0.928,0,0.374,0,1,0,-0.374,0,-0.928],"_humanoidState":5,"_cameraCFrame":[766.545,243.872,42.964,-0.963,-0.256,0.085,0,0.316,0.949,-0.269,0.914,-0.304],"_shiftlockState":true,"_pose":"FreeFall","_animationQueue":[],"_animationSpeed":1,"_zoom":14.48},{"_mousePosition":[683,384],"_rootPartCFrame":[766.74,228.967,47.815,-0.927,0,0.375,0,1,0,-0.375,0,-0.927],"_humanoidState":5,"_cameraCFrame":[766.339,244.204,42.93,-0.96,-0.265,0.088,0,0.316,0.949,-0.279,0.911,-0.304],"_shiftlockState":true,"_pose":"FreeFall","_animationQueue":[],"_animationSpeed":1,"_zoom":14.48},{"_mousePosition":[683,384],"_rootPartCFrame":[766.489,229.244,47.824,-0.926,0,0.378,0,1,0,-0.378,0,-0.926],"_humanoidState":5,"_cameraCFrame":[766.088,244.481,42.94,-0.96,-0.265,0.088,0,0.316,0.949,-0.279,0.911,-0.304],"_shiftlockState":true,"_pose":"FreeFall","_animationQueue":[],"_animationSpeed":1,"_zoom":14.48},{"_mousePosition":[683,384],"_rootPartCFrame":[766.244,229.466,47.873,-0.926,0,0.378,0,1,0,-0.378,0,-0.926],"_humanoidState":5,"_cameraCFrame":[765.838,244.703,42.989,-0.96,-0.264,0.088,0,0.316,0.949,-0.278,0.911,-0.304],"_shiftlockState":true,"_pose":"FreeFall","_animationQueue":[],"_animationSpeed":1,"_zoom":14.48},{"_mousePosition":[683,384],"_rootPartCFrame":[766.005,229.634,47.962,-0.926,0,0.377,0,1,0,-0.377,0,-0.926],"_humanoidState":5,"_cameraCFrame":[765.574,244.845,43.007,-0.963,-0.255,0.087,0,0.322,0.947,-0.269,0.912,-0.31],"_shiftlockState":true,"_pose":"FreeFall","_animationQueue":[],"_animationSpeed":1,"_zoom":14.48},{"_mousePosition":[683,384],"_rootPartCFrame":[765.77,229.748,48.084,-0.929,0,0.369,0,1,0,-0.369,0,-0.929],"_humanoidState":5,"_cameraCFrame":[765.341,244.944,43.088,-0.964,-0.253,0.087,0,0.325,0.946,-0.267,0.911,-0.313],"_shiftlockState":true,"_pose":"FreeFall","_animationQueue":[],"_animationSpeed":1,"_zoom":14.48},{"_mousePosition":[683,384],"_rootPartCFrame":[765.538,229.807,48.215,-0.93,0,0.367,0,1,0,-0.367,0,-0.93],"_humanoidState":5,"_cameraCFrame":[765.108,245.003,43.218,-0.964,-0.253,0.087,0,0.325,0.946,-0.267,0.911,-0.313],"_shiftlockState":true,"_pose":"FreeFall","_animationQueue":[],"_animationSpeed":1,"_zoom":14.48},{"_mousePosition":[683,384],"_rootPartCFrame":[765.305,229.811,48.346,-0.93,0,0.367,0,1,0,-0.367,0,-0.93],"_humanoidState":5,"_cameraCFrame":[764.876,245.007,43.349,-0.964,-0.253,0.087,0,0.325,0.946,-0.267,0.911,-0.313],"_shiftlockState":true,"_pose":"FreeFall","_animationQueue":[],"_animationSpeed":1,"_zoom":14.48},{"_mousePosition":[683,384],"_rootPartCFrame":[765.073,229.761,48.477,-0.93,0,0.367,0,1,0,-0.367,0,-0.93],"_humanoidState":5,"_cameraCFrame":[764.644,244.957,43.48,-0.964,-0.253,0.087,0,0.325,0.946,-0.267,0.911,-0.313],"_shiftlockState":true,"_pose":"FreeFall","_animationQueue":[],"_animationSpeed":1,"_zoom":14.48},{"_mousePosition":[683,384],"_rootPartCFrame":[764.952,229.899,48.455,-0.958,0.015,0.286,0.007,1,-0.031,-0.287,-0.027,-0.958],"_humanoidState":12,"_cameraCFrame":[764.796,245.06,43.309,-0.951,-0.292,0.103,0,0.331,0.943,-0.309,0.897,-0.315],"_shiftlockState":true,"_pose":"Climbing","_animationQueue":[["walk",0.1],["climb",0.1]],"_animationSpeed":-0.352,"_zoom":14.48},{"_mousePosition":[683,384],"_rootPartCFrame":[764.889,230.084,48.41,-0.951,0.005,0.31,0.002,1,-0.01,-0.31,-0.009,-0.951],"_humanoidState":12,"_cameraCFrame":[766.307,245.079,43.047,-0.837,-0.51,0.198,0,0.362,0.932,-0.548,0.78,-0.303],"_shiftlockState":true,"_pose":"Climbing","_animationQueue":[["climb",0.1]],"_animationSpeed":0.877,"_zoom":14.48},{"_mousePosition":[683,384],"_rootPartCFrame":[764.865,230.233,48.321,-0.837,0.001,0.546,0.002,1,0.001,-0.546,0.002,-0.837],"_humanoidState":8,"_cameraCFrame":[768.274,245.279,44.125,-0.531,-0.793,0.299,0,0.353,0.935,-0.847,0.497,-0.188],"_shiftlockState":true,"_pose":"Running","_animationQueue":[["walk",0.1],["climb",0.1],["walk",0.1],["walk",0.1]],"_animationSpeed":0.259,"_zoom":14.48},{"_mousePosition":[683,384],"_rootPartCFrame":[764.938,231.317,47.953,-0.549,0.008,0.836,-0.001,1,-0.01,-0.836,-0.006,-0.549],"_humanoidState":3,"_cameraCFrame":[768.077,246.681,44.667,-0.401,-0.877,0.264,0,0.289,0.957,-0.916,0.384,-0.116],"_shiftlockState":true,"_pose":"Jumping","_animationQueue":[["walk",0.1],["jump",0.1]],"_animationSpeed":1,"_zoom":14.48},{"_mousePosition":[683,384],"_rootPartCFrame":[764.906,231.928,47.854,-0.346,0.006,0.938,-0.001,1,-0.007,-0.938,-0.003,-0.346],"_humanoidState":5,"_cameraCFrame":[765.931,247.688,44.96,-0.585,-0.799,0.141,0,0.174,0.985,-0.811,0.576,-0.102],"_shiftlockState":true,"_pose":"FreeFall","_animationQueue":[["jump",0.1]],"_animationSpeed":1,"_zoom":14.48},{"_mousePosition":[683,384],"_rootPartCFrame":[764.829,232.696,47.766,-0.48,0.001,0.878,-0.001,1,-0.002,-0.878,-0.002,-0.48],"_humanoidState":5,"_cameraCFrame":[765.119,248.456,44.713,-0.763,-0.636,0.112,0,0.174,0.985,-0.646,0.752,-0.133],"_shiftlockState":true,"_pose":"FreeFall","_animationQueue":[],"_animationSpeed":1,"_zoom":14.48},{"_mousePosition":[683,384],"_rootPartCFrame":[764.735,233.409,47.642,-0.672,0,0.741,-0.001,1,0,-0.741,-0.001,-0.672],"_humanoidState":5,"_cameraCFrame":[764.494,249.169,44.587,-0.863,-0.497,0.088,0,0.174,0.985,-0.505,0.85,-0.15],"_shiftlockState":true,"_pose":"FreeFall","_animationQueue":[],"_animationSpeed":1,"_zoom":14.48},{"_mousePosition":[683,384],"_rootPartCFrame":[764.61,234.067,47.497,-0.788,0,0.615,0,1,0,-0.615,0,-0.788],"_humanoidState":5,"_cameraCFrame":[764.098,249.771,44.224,-0.92,-0.383,0.076,0,0.194,0.981,-0.391,0.903,-0.179],"_shiftlockState":true,"_pose":"FreeFall","_animationQueue":[],"_animationSpeed":1,"_zoom":14.48},{"_mousePosition":[683,384],"_rootPartCFrame":[764.447,234.671,47.352,-0.86,0,0.51,0,1,0,-0.51,0,-0.86],"_humanoidState":5,"_cameraCFrame":[763.521,250.296,43.833,-0.97,-0.236,0.053,0,0.22,0.975,-0.242,0.946,-0.214],"_shiftlockState":true,"_pose":"FreeFall","_animationQueue":[],"_animationSpeed":1,"_zoom":14.48},{"_mousePosition":[683,384],"_rootPartCFrame":[764.247,235.221,47.221,-0.929,0,0.369,0,1,0,-0.369,0,-0.929],"_humanoidState":5,"_cameraCFrame":[762.877,250.767,43.538,-0.994,-0.102,0.026,0,0.243,0.97,-0.105,0.965,-0.242],"_shiftlockState":true,"_pose":"FreeFall","_animationQueue":[],"_animationSpeed":1,"_zoom":14.48},{"_mousePosition":[683,384],"_rootPartCFrame":[764.019,235.716,47.117,-0.972,0,0.236,0,1,0,-0.236,0,-0.972],"_humanoidState":5,"_cameraCFrame":[762.208,251.182,43.322,-1,0.016,-0.004,0,0.264,0.964,0.016,0.964,-0.264],"_shiftlockState":true,"_pose":"FreeFall","_animationQueue":[],"_animationSpeed":1,"_zoom":14.48},{"_mousePosition":[683,384],"_rootPartCFrame":[763.772,236.156,47.048,-0.993,0,0.117,0,1,0,-0.117,0,-0.993],"_humanoidState":5,"_cameraCFrame":[761.443,251.526,43.181,-0.99,0.137,-0.041,0,0.287,0.958,0.144,0.948,-0.284],"_shiftlockState":true,"_pose":"FreeFall","_animationQueue":[],"_animationSpeed":1,"_zoom":14.48},{"_mousePosition":[683,384],"_rootPartCFrame":[763.514,236.542,47.016,-1,0,-0.011,0,1,0,0.011,0,-1],"_humanoidState":5,"_cameraCFrame":[760.743,251.843,43.195,-0.969,0.234,-0.074,0,0.303,0.953,0.245,0.924,-0.294],"_shiftlockState":true,"_pose":"FreeFall","_animationQueue":[],"_animationSpeed":1,"_zoom":14.48},{"_mousePosition":[683,384],"_rootPartCFrame":[763.251,236.874,47.024,-0.993,0,-0.114,0,1,0,0.114,0,-0.993],"_humanoidState":5,"_cameraCFrame":[759.934,252.091,43.339,-0.931,0.345,-0.117,0,0.32,0.947,0.364,0.882,-0.298],"_shiftlockState":true,"_pose":"FreeFall","_animationQueue":[],"_animationSpeed":1,"_zoom":14.48},{"_mousePosition":[683,384],"_rootPartCFrame":[762.991,237.151,47.071,-0.972,0,-0.237,0,1,0,0.237,0,-0.972],"_humanoidState":5,"_cameraCFrame":[759.021,252.259,43.639,-0.869,0.465,-0.169,0,0.342,0.94,0.495,0.817,-0.297],"_shiftlockState":true,"_pose":"FreeFall","_animationQueue":[],"_animationSpeed":1,"_zoom":14.48},{"_mousePosition":[683,384],"_rootPartCFrame":[762.676,237.421,47.178,-0.939,0,-0.344,0,1,0,0.344,0,-0.939],"_humanoidState":5,"_cameraCFrame":[758.431,252.477,43.869,-0.838,0.511,-0.192,0,0.352,0.936,0.546,0.784,-0.294],"_shiftlockState":true,"_pose":"FreeFall","_animationQueue":[],"_animationSpeed":1,"_zoom":14.48},{"_mousePosition":[683,384],"_rootPartCFrame":[762.496,237.542,47.264,-0.785,0,-0.619,0,1,0,0.619,0,-0.785],"_humanoidState":5,"_cameraCFrame":[757.78,252.538,44.377,-0.765,0.6,-0.233,0,0.362,0.932,0.644,0.713,-0.277],"_shiftlockState":true,"_pose":"FreeFall","_animationQueue":[],"_animationSpeed":1,"_zoom":14.48},{"_mousePosition":[683,384],"_rootPartCFrame":[762.327,237.632,47.369,-0.826,0,-0.564,0,1,0,0.564,0,-0.826],"_humanoidState":5,"_cameraCFrame":[757.548,252.646,44.669,-0.744,0.624,-0.24,0,0.359,0.933,0.668,0.694,-0.267],"_shiftlockState":true,"_pose":"FreeFall","_animationQueue":[],"_animationSpeed":1,"_zoom":14.48},{"_mousePosition":[683,384],"_rootPartCFrame":[762.118,237.705,47.534,-0.826,0,-0.564,0,1,0,0.564,0,-0.826],"_humanoidState":5,"_cameraCFrame":[757.272,252.739,45.07,-0.716,0.653,-0.248,0,0.355,0.935,0.698,0.669,-0.255],"_shiftlockState":true,"_pose":"FreeFall","_animationQueue":[],"_animationSpeed":1,"_zoom":14.48},{"_mousePosition":[683,384],"_rootPartCFrame":[761.896,237.719,47.764,-0.809,0,-0.587,0,1,0,0.587,0,-0.809],"_humanoidState":5,"_cameraCFrame":[757.003,252.766,45.466,-0.695,0.673,-0.254,0,0.353,0.936,0.719,0.65,-0.246],"_shiftlockState":true,"_pose":"FreeFall","_animationQueue":[],"_animationSpeed":1,"_zoom":14.48},{"_mousePosition":[683,384],"_rootPartCFrame":[761.789,237.687,47.915,-0.752,0,-0.659,0,1,0,0.659,0,-0.752],"_humanoidState":5,"_cameraCFrame":[756.816,252.737,45.821,-0.666,0.698,-0.263,0,0.352,0.936,0.746,0.623,-0.235],"_shiftlockState":true,"_pose":"FreeFall","_animationQueue":[["fall",0.3]],"_animationSpeed":1,"_zoom":14.48},{"_mousePosition":[683,384],"_rootPartCFrame":[761.678,237.596,48.131,-0.744,0,-0.669,0,1,0,0.669,0,-0.744],"_humanoidState":5,"_cameraCFrame":[756.626,252.647,46.236,-0.636,0.722,-0.272,0,0.352,0.936,0.772,0.595,-0.224],"_shiftlockState":true,"_pose":"FreeFall","_animationQueue":[],"_animationSpeed":1,"_zoom":14.48},{"_mousePosition":[683,384],"_rootPartCFrame":[761.604,237.451,48.361,-0.717,0,-0.697,0,1,0,0.697,0,-0.717],"_humanoidState":5,"_cameraCFrame":[756.451,252.489,46.661,-0.603,0.746,-0.283,0,0.355,0.935,0.798,0.564,-0.214],"_shiftlockState":true,"_pose":"FreeFall","_animationQueue":[],"_animationSpeed":1,"_zoom":14.48},{"_mousePosition":[683,384],"_rootPartCFrame":[761.568,237.251,48.606,-0.687,0,-0.727,0,1,0,0.727,0,-0.687],"_humanoidState":5,"_cameraCFrame":[756.259,252.26,47.173,-0.554,0.777,-0.3,0,0.36,0.933,0.832,0.517,-0.2],"_shiftlockState":true,"_pose":"FreeFall","_animationQueue":[],"_animationSpeed":1,"_zoom":14.48},{"_mousePosition":[683,384],"_rootPartCFrame":[761.569,236.996,48.861,-0.644,0,-0.765,0,1,0,0.765,0,-0.644],"_humanoidState":5,"_cameraCFrame":[756.089,251.967,47.75,-0.495,0.808,-0.319,0,0.367,0.93,0.869,0.461,-0.182],"_shiftlockState":true,"_pose":"FreeFall","_animationQueue":[],"_animationSpeed":1,"_zoom":14.48},{"_mousePosition":[683,384],"_rootPartCFrame":[761.608,236.688,49.121,-0.591,0,-0.807,0,1,0,0.807,0,-0.591],"_humanoidState":5,"_cameraCFrame":[755.984,251.624,48.371,-0.431,0.837,-0.336,0,0.373,0.928,0.902,0.4,-0.161],"_shiftlockState":true,"_pose":"FreeFall","_animationQueue":[],"_animationSpeed":1,"_zoom":14.48},{"_mousePosition":[683,384],"_rootPartCFrame":[761.675,236.324,49.38,-0.531,0,-0.847,0,1,0,0.847,0,-0.531],"_humanoidState":5,"_cameraCFrame":[755.873,251.203,49.101,-0.347,0.867,-0.359,0,0.382,0.924,0.938,0.32,-0.133],"_shiftlockState":true,"_pose":"FreeFall","_animationQueue":[],"_animationSpeed":1,"_zoom":14.48},{"_mousePosition":[683,384],"_rootPartCFrame":[761.76,235.906,49.632,-0.453,0,-0.892,0,1,0,0.892,0,-0.453],"_humanoidState":5,"_cameraCFrame":[755.8,250.718,49.791,-0.268,0.886,-0.379,0,0.394,0.919,0.963,0.246,-0.105],"_shiftlockState":true,"_pose":"FreeFall","_animationQueue":[["fall",0.3]],"_animationSpeed":1,"_zoom":14.48},{"_mousePosition":[683,384],"_rootPartCFrame":[761.866,235.434,49.877,-0.378,0,-0.926,0,1,0,0.926,0,-0.378],"_humanoidState":5,"_cameraCFrame":[755.714,250.147,50.44,-0.195,0.895,-0.401,0,0.409,0.912,0.981,0.178,-0.08],"_shiftlockState":true,"_pose":"FreeFall","_animationQueue":[],"_animationSpeed":1,"_zoom":14.48},{"_mousePosition":[683,384],"_rootPartCFrame":[761.905,234.922,50.076,-0.312,-0.003,-0.95,0.001,1,-0.003,0.95,-0.002,-0.312],"_humanoidState":5,"_cameraCFrame":[755.544,249.518,50.982,-0.134,0.896,-0.423,0,0.427,0.904,0.991,0.121,-0.057],"_shiftlockState":true,"_pose":"FreeFall","_animationQueue":[],"_animationSpeed":1,"_zoom":14.48},{"_mousePosition":[683,384],"_rootPartCFrame":[761.771,234.4,50.192,-0.253,-0.004,-0.967,0.001,1,-0.004,0.967,-0.003,-0.253],"_humanoidState":5,"_cameraCFrame":[755.115,248.826,51.379,-0.085,0.89,-0.449,0,0.451,0.893,0.996,0.076,-0.038],"_shiftlockState":true,"_pose":"FreeFall","_animationQueue":[],"_animationSpeed":1,"_zoom":14.48},{"_mousePosition":[683,384],"_rootPartCFrame":[761.701,233.823,50.331,-0.196,-0.002,-0.981,0,1,-0.002,0.981,-0.001,-0.196],"_humanoidState":5,"_cameraCFrame":[754.847,248.126,51.695,-0.057,0.883,-0.466,0,0.467,0.884,0.998,0.05,-0.026],"_shiftlockState":true,"_pose":"FreeFall","_animationQueue":[],"_animationSpeed":1,"_zoom":14.48},{"_mousePosition":[683,384],"_rootPartCFrame":[761.67,233.191,50.481,-0.165,0,-0.986,0,1,0,0.986,0,-0.165],"_humanoidState":5,"_cameraCFrame":[754.803,247.484,51.873,-0.052,0.882,-0.468,0,0.469,0.883,0.999,0.046,-0.025],"_shiftlockState":true,"_pose":"FreeFall","_animationQueue":[],"_animationSpeed":1,"_zoom":14.48},{"_mousePosition":[683,384],"_rootPartCFrame":[761.677,232.505,50.64,-0.158,0,-0.987,0,1,0,0.987,0,-0.158],"_humanoidState":5,"_cameraCFrame":[754.81,246.798,52.032,-0.052,0.882,-0.468,0,0.469,0.883,0.999,0.046,-0.025],"_shiftlockState":true,"_pose":"FreeFall","_animationQueue":[],"_animationSpeed":1,"_zoom":14.48},{"_mousePosition":[683,384],"_rootPartCFrame":[761.722,231.765,50.808,-0.157,0,-0.988,0,1,0,0.988,0,-0.157],"_humanoidState":5,"_cameraCFrame":[754.856,246.057,52.2,-0.052,0.882,-0.468,0,0.469,0.883,0.999,0.046,-0.025],"_shiftlockState":true,"_pose":"FreeFall","_animationQueue":[["fall",0.3]],"_animationSpeed":1,"_zoom":14.48},{"_mousePosition":[683,384],"_rootPartCFrame":[761.717,230.987,50.968,-0.131,-0.016,-0.991,-0.002,1,-0.016,0.991,0,-0.131],"_humanoidState":5,"_cameraCFrame":[754.595,245.196,51.878,-0.119,0.871,-0.476,0,0.479,0.878,0.993,0.105,-0.057],"_shiftlockState":true,"_pose":"FreeFall","_animationQueue":[],"_animationSpeed":1,"_zoom":14.48},{"_mousePosition":[683,384],"_rootPartCFrame":[761.655,230.193,51.114,-0.192,-0.005,-0.981,-0.004,1,-0.004,0.981,0.003,-0.192],"_humanoidState":5,"_cameraCFrame":[754.06,244.01,49.252,-0.45,0.759,-0.47,0,0.526,0.851,0.893,0.383,-0.237],"_shiftlockState":true,"_pose":"FreeFall","_animationQueue":[],"_animationSpeed":1,"_zoom":14.48},{"_mousePosition":[683,384],"_rootPartCFrame":[761.452,230.096,51.223,-0.42,-0.013,-0.907,-0.006,1,-0.011,0.907,0.001,-0.42],"_humanoidState":7,"_cameraCFrame":[755.753,243.647,45.288,-0.853,0.434,-0.289,0,0.554,0.832,0.522,0.71,-0.473],"_shiftlockState":true,"_pose":"FreeFall","_animationQueue":[["walk",0.1],["fall",0.3],["fall",0.3]],"_animationSpeed":1,"_zoom":14.48},{"_mousePosition":[683,384],"_rootPartCFrame":[761.247,230.218,51.488,-0.855,-0.007,-0.519,-0.003,1,-0.008,0.519,-0.005,-0.855],"_humanoidState":7,"_cameraCFrame":[759.198,244.114,44.069,-0.999,0.033,-0.02,0,0.517,0.856,0.039,0.855,-0.517],"_shiftlockState":true,"_pose":"FreeFall","_animationQueue":[],"_animationSpeed":1,"_zoom":14.48},{"_mousePosition":[683,384],"_rootPartCFrame":[761.299,230.305,51.714,-0.999,-0.001,-0.032,-0.001,1,-0.002,0.032,-0.002,-0.999],"_humanoidState":8,"_cameraCFrame":[760.13,245.107,45.843,-0.995,-0.092,0.04,0,0.395,0.919,-0.1,0.914,-0.393],"_shiftlockState":true,"_pose":"Running","_animationQueue":[["walk",0.1],["fall",0.3],["walk",0.1]],"_animationSpeed":1.058,"_zoom":14.48},{"_mousePosition":[683,384],"_rootPartCFrame":[761.336,231.189,51.927,-0.995,0.001,0.103,0.002,1,0.003,-0.103,0.003,-0.995],"_humanoidState":3,"_cameraCFrame":[760.118,246.561,47.594,-0.992,-0.119,0.036,0,0.287,0.958,-0.124,0.951,-0.285],"_shiftlockState":true,"_pose":"Jumping","_animationQueue":[["walk",0.1],["jump",0.1]],"_animationSpeed":1,"_zoom":14.48},{"_mousePosition":[683,384],"_rootPartCFrame":[761.364,232.038,52.121,-0.976,0.001,0.216,0.002,1,0.003,-0.216,0.003,-0.976],"_humanoidState":5,"_cameraCFrame":[760.207,247.509,48.101,-0.989,-0.145,0.039,0,0.263,0.965,-0.15,0.954,-0.26],"_shiftlockState":true,"_pose":"FreeFall","_animationQueue":[["jump",0.1]],"_animationSpeed":1,"_zoom":14.48},{"_mousePosition":[683,384],"_rootPartCFrame":[761.36,232.833,52.291,-0.961,0.001,0.276,0.001,1,0.001,-0.276,0.001,-0.961],"_humanoidState":5,"_cameraCFrame":[760.394,248.337,48.333,-0.979,-0.196,0.052,0,0.254,0.967,-0.203,0.947,-0.249],"_shiftlockState":true,"_pose":"FreeFall","_animationQueue":[],"_animationSpeed":1,"_zoom":14.48},{"_mousePosition":[683,384],"_rootPartCFrame":[761.319,233.573,52.451,-0.952,0,0.307,0,1,0,-0.307,0,-0.952],"_humanoidState":5,"_cameraCFrame":[760.438,249.157,48.764,-0.97,-0.236,0.056,0,0.232,0.973,-0.243,0.944,-0.225],"_shiftlockState":true,"_pose":"FreeFall","_animationQueue":[],"_animationSpeed":1,"_zoom":14.48},{"_mousePosition":[683,384],"_rootPartCFrame":[761.239,234.259,52.61,-0.941,0,0.338,0,1,0,-0.338,0,-0.941],"_humanoidState":5,"_cameraCFrame":[760.364,249.882,49.075,-0.967,-0.25,0.056,0,0.22,0.975,-0.256,0.943,-0.213],"_shiftlockState":true,"_pose":"FreeFall","_animationQueue":[],"_animationSpeed":1,"_zoom":14.48},{"_mousePosition":[683,384],"_rootPartCFrame":[761.12,234.89,52.763,-0.936,0,0.353,0,1,0,-0.353,0,-0.936],"_humanoidState":5,"_cameraCFrame":[760.248,250.514,49.228,-0.966,-0.25,0.057,0,0.22,0.975,-0.257,0.943,-0.213],"_shiftlockState":true,"_pose":"FreeFall","_animationQueue":[],"_animationSpeed":1,"_zoom":14.48},{"_mousePosition":[683,384],"_rootPartCFrame":[760.961,235.467,52.91,-0.935,0,0.356,0,1,0,-0.356,0,-0.935],"_humanoidState":5,"_cameraCFrame":[760.09,251.09,49.375,-0.966,-0.25,0.057,0,0.22,0.975,-0.257,0.943,-0.213],"_shiftlockState":true,"_pose":"FreeFall","_animationQueue":[],"_animationSpeed":1,"_zoom":14.48},{"_mousePosition":[683,384],"_rootPartCFrame":[760.763,235.989,53.05,-0.934,0,0.356,0,1,0,-0.356,0,-0.934],"_humanoidState":5,"_cameraCFrame":[759.892,251.613,49.515,-0.966,-0.25,0.057,0,0.22,0.975,-0.257,0.943,-0.213],"_shiftlockState":true,"_pose":"FreeFall","_animationQueue":[],"_animationSpeed":1,"_zoom":14.48},{"_mousePosition":[683,384],"_rootPartCFrame":[760.536,236.457,53.184,-0.934,0,0.356,0,1,0,-0.356,0,-0.934],"_humanoidState":5,"_cameraCFrame":[759.665,252.081,49.649,-0.966,-0.25,0.057,0,0.22,0.975,-0.257,0.943,-0.213],"_shiftlockState":true,"_pose":"FreeFall","_animationQueue":[],"_animationSpeed":1,"_zoom":14.48},{"_mousePosition":[683,384],"_rootPartCFrame":[760.305,236.87,53.318,-0.934,0,0.356,0,1,0,-0.356,0,-0.934],"_humanoidState":5,"_cameraCFrame":[759.434,252.494,49.783,-0.966,-0.25,0.057,0,0.22,0.975,-0.257,0.943,-0.213],"_shiftlockState":true,"_pose":"FreeFall","_animationQueue":[],"_animationSpeed":1,"_zoom":14.48},{"_mousePosition":[683,384],"_rootPartCFrame":[760.075,237.229,53.452,-0.934,0,0.356,0,1,0,-0.356,0,-0.934],"_humanoidState":5,"_cameraCFrame":[759.203,252.853,49.917,-0.966,-0.25,0.057,0,0.22,0.975,-0.257,0.943,-0.213],"_shiftlockState":true,"_pose":"FreeFall","_animationQueue":[],"_animationSpeed":1,"_zoom":14.48},{"_mousePosition":[683,384],"_rootPartCFrame":[759.844,237.533,53.586,-0.934,0,0.356,0,1,0,-0.356,0,-0.934],"_humanoidState":5,"_cameraCFrame":[758.973,253.157,50.05,-0.966,-0.25,0.057,0,0.22,0.975,-0.257,0.943,-0.213],"_shiftlockState":true,"_pose":"FreeFall","_animationQueue":[],"_animationSpeed":1,"_zoom":14.48},{"_mousePosition":[683,384],"_rootPartCFrame":[759.613,237.783,53.719,-0.934,0,0.356,0,1,0,-0.356,0,-0.934],"_humanoidState":5,"_cameraCFrame":[758.742,253.407,50.184,-0.966,-0.25,0.057,0,0.22,0.975,-0.257,0.943,-0.213],"_shiftlockState":true,"_pose":"FreeFall","_animationQueue":[],"_animationSpeed":1,"_zoom":14.48},{"_mousePosition":[683,384],"_rootPartCFrame":[759.382,237.978,53.853,-0.934,0,0.356,0,1,0,-0.356,0,-0.934],"_humanoidState":5,"_cameraCFrame":[758.511,253.602,50.318,-0.966,-0.25,0.057,0,0.22,0.975,-0.257,0.943,-0.213],"_shiftlockState":true,"_pose":"FreeFall","_animationQueue":[],"_animationSpeed":1,"_zoom":14.48},{"_mousePosition":[683,384],"_rootPartCFrame":[759.152,238.119,53.987,-0.934,0,0.356,0,1,0,-0.356,0,-0.934],"_humanoidState":5,"_cameraCFrame":[758.144,253.711,50.363,-0.977,-0.205,0.049,0,0.23,0.973,-0.211,0.951,-0.225],"_shiftlockState":true,"_pose":"FreeFall","_animationQueue":[],"_animationSpeed":1,"_zoom":14.48},{"_mousePosition":[683,384],"_rootPartCFrame":[758.921,238.205,54.121,-0.949,0,0.316,0,1,0,-0.316,0,-0.949],"_humanoidState":5,"_cameraCFrame":[757.668,253.767,50.457,-0.99,-0.135,0.033,0,0.239,0.971,-0.139,0.962,-0.236],"_shiftlockState":true,"_pose":"FreeFall","_animationQueue":[],"_animationSpeed":1,"_zoom":14.48},{"_mousePosition":[683,384],"_rootPartCFrame":[758.696,238.237,54.264,-0.968,0,0.25,0,1,0,-0.25,0,-0.968],"_humanoidState":5,"_cameraCFrame":[757.293,253.802,50.666,-0.995,-0.095,0.023,0,0.238,0.971,-0.098,0.967,-0.237],"_shiftlockState":true,"_pose":"FreeFall","_animationQueue":[],"_animationSpeed":1,"_zoom":14.48},{"_mousePosition":[683,384],"_rootPartCFrame":[758.481,238.214,54.421,-0.978,0,0.208,0,1,0,-0.208,0,-0.978],"_humanoidState":5,"_cameraCFrame":[756.956,253.787,50.906,-0.998,-0.063,0.015,0,0.235,0.972,-0.065,0.97,-0.235],"_shiftlockState":true,"_pose":"FreeFall","_animationQueue":[],"_animationSpeed":1,"_zoom":14.48},{"_mousePosition":[683,384],"_rootPartCFrame":[758.274,238.137,54.589,-0.985,0,0.174,0,1,0,-0.174,0,-0.985],"_humanoidState":5,"_cameraCFrame":[756.654,253.705,51.094,-0.999,-0.037,0.009,0,0.237,0.972,-0.038,0.971,-0.237],"_shiftlockState":true,"_pose":"FreeFall","_animationQueue":[],"_animationSpeed":1,"_zoom":14.48},{"_mousePosition":[683,384],"_rootPartCFrame":[758.072,238.005,54.764,-0.989,0,0.146,0,1,0,-0.146,0,-0.989],"_humanoidState":5,"_cameraCFrame":[756.36,253.548,51.212,-1,-0.01,0.003,0,0.244,0.97,-0.01,0.97,-0.244],"_shiftlockState":true,"_pose":"FreeFall","_animationQueue":[],"_animationSpeed":1,"_zoom":14.48},{"_mousePosition":[683,384],"_rootPartCFrame":[757.876,237.819,54.944,-0.993,0,0.119,0,1,0,-0.119,0,-0.993],"_humanoidState":5,"_cameraCFrame":[756.077,253.33,51.311,-1,0.013,-0.003,0,0.253,0.968,0.014,0.967,-0.253],"_shiftlockState":true,"_pose":"FreeFall","_animationQueue":[],"_animationSpeed":1,"_zoom":14.48},{"_mousePosition":[683,384],"_rootPartCFrame":[757.685,237.578,55.13,-0.996,0,0.094,0,1,0,-0.094,0,-0.996],"_humanoidState":5,"_cameraCFrame":[755.811,253.037,51.339,-0.999,0.031,-0.009,0,0.266,0.964,0.032,0.964,-0.266],"_shiftlockState":true,"_pose":"FreeFall","_animationQueue":[["fall",0.3]],"_animationSpeed":1,"_zoom":14.48},{"_mousePosition":[683,384],"_rootPartCFrame":[757.498,237.283,55.321,-0.997,0,0.075,0,1,0,-0.075,0,-0.997],"_humanoidState":5,"_cameraCFrame":[755.576,252.685,51.348,-0.999,0.041,-0.012,0,0.28,0.96,0.043,0.959,-0.28],"_shiftlockState":true,"_pose":"FreeFall","_animationQueue":[],"_animationSpeed":1,"_zoom":14.48},{"_mousePosition":[683,384],"_rootPartCFrame":[757.315,236.934,55.515,-0.998,0,0.063,0,1,0,-0.063,0,-0.998],"_humanoidState":5,"_cameraCFrame":[755.37,252.319,51.496,-0.999,0.046,-0.014,0,0.284,0.959,0.048,0.958,-0.283],"_shiftlockState":true,"_pose":"FreeFall","_animationQueue":[],"_animationSpeed":1,"_zoom":14.48},{"_mousePosition":[683,384],"_rootPartCFrame":[757.135,236.529,55.711,-0.998,0,0.057,0,1,0,-0.057,0,-0.998],"_humanoidState":5,"_cameraCFrame":[755.18,251.911,51.685,-0.999,0.048,-0.014,0,0.284,0.959,0.05,0.957,-0.284],"_shiftlockState":true,"_pose":"FreeFall","_animationQueue":[],"_animationSpeed":1,"_zoom":14.48},{"_mousePosition":[683,384],"_rootPartCFrame":[756.955,236.071,55.908,-0.998,0,0.055,0,1,0,-0.055,0,-0.998],"_humanoidState":5,"_cameraCFrame":[755.001,251.452,51.882,-0.999,0.048,-0.014,0,0.284,0.959,0.05,0.957,-0.284],"_shiftlockState":true,"_pose":"FreeFall","_animationQueue":[],"_animationSpeed":1,"_zoom":14.48},{"_mousePosition":[683,384],"_rootPartCFrame":[756.776,235.557,56.106,-0.999,0,0.055,0,1,0,-0.055,0,-0.999],"_humanoidState":5,"_cameraCFrame":[754.822,250.939,52.08,-0.999,0.048,-0.014,0,0.284,0.959,0.05,0.957,-0.284],"_shiftlockState":true,"_pose":"FreeFall","_animationQueue":[],"_animationSpeed":1,"_zoom":14.48},{"_mousePosition":[683,384],"_rootPartCFrame":[756.597,234.99,56.304,-0.999,0,0.054,0,1,0,-0.054,0,-0.999],"_humanoidState":5,"_cameraCFrame":[754.643,250.371,52.278,-0.999,0.048,-0.014,0,0.284,0.959,0.05,0.957,-0.284],"_shiftlockState":true,"_pose":"FreeFall","_animationQueue":[],"_animationSpeed":1,"_zoom":14.48},{"_mousePosition":[683,384],"_rootPartCFrame":[756.418,234.367,56.501,-0.999,0,0.054,0,1,0,-0.054,0,-0.999],"_humanoidState":5,"_cameraCFrame":[754.464,249.749,52.476,-0.999,0.048,-0.014,0,0.284,0.959,0.05,0.957,-0.284],"_shiftlockState":true,"_pose":"FreeFall","_animationQueue":[["fall",0.3]],"_animationSpeed":1,"_zoom":14.48},{"_mousePosition":[683,384],"_rootPartCFrame":[756.284,233.865,56.65,-1,0,0.028,0,1,0,-0.028,0,-1],"_humanoidState":5,"_cameraCFrame":[754.329,249.247,52.624,-0.999,0.048,-0.014,0,0.284,0.959,0.05,0.957,-0.284],"_shiftlockState":true,"_pose":"FreeFall","_animationQueue":[],"_animationSpeed":1,"_zoom":14.48},{"_mousePosition":[683,384],"_rootPartCFrame":[756.06,232.959,56.897,-0.997,0,0.081,0,1,0,-0.081,0,-0.997],"_humanoidState":5,"_cameraCFrame":[754.106,248.341,52.871,-0.999,0.048,-0.014,0,0.284,0.959,0.05,0.957,-0.284],"_shiftlockState":true,"_pose":"FreeFall","_animationQueue":[],"_animationSpeed":1,"_zoom":14.48},{"_mousePosition":[683,384],"_rootPartCFrame":[755.948,232.202,56.939,-0.995,0.004,0.101,0.004,1,0,-0.101,0.001,-0.995],"_humanoidState":5,"_cameraCFrame":[754.016,247.58,52.894,-0.999,0.044,-0.013,0,0.285,0.958,0.046,0.957,-0.285],"_shiftlockState":true,"_pose":"FreeFall","_animationQueue":[],"_animationSpeed":1,"_zoom":14.48},{"_mousePosition":[683,384],"_rootPartCFrame":[755.849,231.178,56.88,-0.996,0.001,0.093,0.001,1,0,-0.093,0,-0.996],"_humanoidState":5,"_cameraCFrame":[754.555,246.431,52.199,-0.995,-0.093,0.031,0,0.313,0.95,-0.098,0.945,-0.311],"_shiftlockState":true,"_pose":"FreeFall","_animationQueue":[],"_animationSpeed":1,"_zoom":14.48},{"_mousePosition":[683,384],"_rootPartCFrame":[755.771,230.523,56.886,-0.986,0,0.167,0,1,0,-0.167,0,-0.986],"_humanoidState":5,"_cameraCFrame":[756.847,245.541,51.515,-0.867,-0.466,0.179,0,0.358,0.934,-0.499,0.809,-0.311],"_shiftlockState":true,"_pose":"FreeFall","_animationQueue":[],"_animationSpeed":1,"_zoom":14.48},{"_mousePosition":[683,384],"_rootPartCFrame":[755.651,229.603,56.924,-0.835,0,0.551,0,1,0,-0.551,0,-0.835],"_humanoidState":5,"_cameraCFrame":[758.935,244.561,52.361,-0.589,-0.751,0.298,0,0.369,0.929,-0.808,0.548,-0.218],"_shiftlockState":true,"_pose":"FreeFall","_animationQueue":[["fall",0.3]],"_animationSpeed":1,"_zoom":14.48},{"_mousePosition":[683,384],"_rootPartCFrame":[755.736,229.485,56.72,-0.626,0.011,0.779,-0.013,1,-0.025,-0.779,-0.025,-0.626],"_humanoidState":7,"_cameraCFrame":[759.451,244.856,54.106,-0.208,-0.937,0.281,0,0.287,0.958,-0.978,0.199,-0.06],"_shiftlockState":true,"_pose":"FreeFall","_animationQueue":[["walk",0.1],["fall",0.3],["fall",0.3]],"_animationSpeed":1,"_zoom":14.48},{"_mousePosition":[683,384],"_rootPartCFrame":[755.598,229.483,56.415,-0.221,0.007,0.975,-0.009,1,-0.009,-0.975,-0.011,-0.221],"_humanoidState":7,"_cameraCFrame":[757.815,245.232,54.202,-0.185,-0.967,0.175,0,0.178,0.984,-0.983,0.182,-0.033],"_shiftlockState":true,"_pose":"FreeFall","_animationQueue":[],"_animationSpeed":1,"_zoom":14.48},{"_mousePosition":[683,384],"_rootPartCFrame":[755.488,229.463,56.372,-0.184,0.005,0.983,-0.006,1,-0.006,-0.983,-0.007,-0.184],"_humanoidState":8,"_cameraCFrame":[757.515,245.223,54.058,-0.241,-0.956,0.169,0,0.174,0.985,-0.971,0.237,-0.042],"_shiftlockState":true,"_pose":"Running","_animationQueue":[["walk",0.1],["fall",0.3],["walk",0.1]],"_animationSpeed":0.73,"_zoom":14.48},{"_mousePosition":[683,384],"_rootPartCFrame":[755.35,230.347,56.319,-0.24,-0.001,0.971,0.001,1,0.001,-0.971,0.001,-0.24],"_humanoidState":3,"_cameraCFrame":[757.262,246.107,53.928,-0.284,-0.944,0.166,0,0.174,0.985,-0.959,0.28,-0.049],"_shiftlockState":true,"_pose":"Jumping","_animationQueue":[["walk",0.1],["jump",0.1]],"_animationSpeed":1,"_zoom":14.48},{"_mousePosition":[683,384],"_rootPartCFrame":[755.194,231.196,56.247,-0.21,-0.002,0.978,0.002,1,0.002,-0.978,0.002,-0.21],"_humanoidState":5,"_cameraCFrame":[757.068,246.956,53.829,-0.299,-0.94,0.166,0,0.174,0.985,-0.954,0.294,-0.052],"_shiftlockState":true,"_pose":"FreeFall","_animationQueue":[["jump",0.1]],"_animationSpeed":1,"_zoom":14.48},{"_mousePosition":[683,384],"_rootPa