[{"_mousePosition":[476,290],"_rootPartCFrame":[776.028,222.7,47.142,0,0,1,0,1,0,-1,0,0],"_humanoidState":8,"_cameraCFrame":[782.128,239.124,46.892,-0.041,-0.925,0.378,0,0.379,0.926,-0.999,0.038,-0.016],"_shiftlockState":false,"_pose":"Standing","_animationQueue":[],"_animationSpeed":1,"_zoom":16.125},{"_mousePosition":[476,290],"_rootPartCFrame":[775.725,222.7,47.155,-0.007,0,1,0,1,0,-1,0,-0.007],"_humanoidState":8,"_cameraCFrame":[781.825,239.124,46.905,-0.041,-0.925,0.378,0,0.379,0.926,-0.999,0.038,-0.016],"_shiftlockState":false,"_pose":"Standing","_animationQueue":[],"_animationSpeed":1,"_zoom":16.125},{"_mousePosition":[476,290],"_rootPartCFrame":[775.458,222.7,47.166,-0.011,0,1,0,1,0,-1,0,-0.011],"_humanoidState":8,"_cameraCFrame":[781.501,239.148,46.918,-0.041,-0.926,0.375,0,0.375,0.927,-0.999,0.038,-0.015],"_shiftlockState":false,"_pose":"Running","_animationQueue":[["walk",0.1]],"_animationSpeed":1.089,"_zoom":16.125},{"_mousePosition":[476,290],"_rootPartCFrame":[775.192,222.7,47.177,-0.015,0,1,0,1,0,-1,0,-0.015],"_humanoidState":8,"_cameraCFrame":[781.234,239.148,46.929,-0.041,-0.926,0.375,0,0.375,0.927,-0.999,0.038,-0.015],"_shiftlockState":false,"_pose":"Running","_animationQueue":[],"_animationSpeed":1.089,"_zoom":16.125},{"_mousePosition":[476,290],"_rootPartCFrame":[774.925,222.7,47.188,-0.019,0,1,0,1,0,-1,0,-0.019],"_humanoidState":8,"_cameraCFrame":[780.968,239.148,46.94,-0.041,-0.926,0.375,0,0.375,0.927,-0.999,0.038,-0.015],"_shiftlockState":false,"_pose":"Running","_animationQueue":[],"_animationSpeed":1.089,"_zoom":16.125},{"_mousePosition":[476,290],"_rootPartCFrame":[774.792,222.7,47.193,-0.02,0,1,0,1,0,-1,0,-0.02],"_humanoidState":8,"_cameraCFrame":[780.834,239.148,46.945,-0.041,-0.926,0.375,0,0.375,0.927,-0.999,0.038,-0.015],"_shiftlockState":false,"_pose":"Running","_animationQueue":[],"_animationSpeed":1.089,"_zoom":16.125},{"_mousePosition":[476,290],"_rootPartCFrame":[774.526,222.7,47.204,-0.023,0,1,0,1,0,-1,0,-0.023],"_humanoidState":8,"_cameraCFrame":[780.539,239.16,46.957,-0.041,-0.927,0.373,0,0.373,0.928,-0.999,0.038,-0.015],"_shiftlockState":false,"_pose":"Running","_animationQueue":[],"_animationSpeed":1.089,"_zoom":16.125},{"_mousePosition":[476,290],"_rootPartCFrame":[774.126,222.7,47.22,-0.027,0,1,0,1,0,-1,0,-0.027],"_humanoidState":8,"_cameraCFrame":[780.081,239.183,46.976,-0.041,-0.928,0.369,0,0.37,0.929,-0.999,0.038,-0.015],"_shiftlockState":false,"_pose":"Running","_animationQueue":[],"_animationSpeed":1.089,"_zoom":16.125},{"_mousePosition":[476,290],"_rootPartCFrame":[773.86,222.7,47.231,-0.029,0,1,0,1,0,-1,0,-0.029],"_humanoidState":8,"_cameraCFrame":[779.756,239.206,46.989,-0.041,-0.93,0.366,0,0.366,0.931,-0.999,0.038,-0.015],"_shiftlockState":false,"_pose":"Running","_animationQueue":[["walk",0.1]],"_animationSpeed":1.089,"_zoom":16.125},{"_mousePosition":[476,290],"_rootPartCFrame":[773.593,222.7,47.242,-0.03,0,1,0,1,0,-1,0,-0.03],"_humanoidState":8,"_cameraCFrame":[779.46,239.217,47.002,-0.041,-0.931,0.364,0,0.364,0.931,-0.999,0.038,-0.015],"_shiftlockState":false,"_pose":"Running","_animationQueue":[],"_animationSpeed":1.089,"_zoom":16.125},{"_mousePosition":[476,290],"_rootPartCFrame":[773.327,222.7,47.253,-0.032,0,0.999,0,1,0,-0.999,0,-0.032],"_humanoidState":8,"_cameraCFrame":[779.164,239.229,47.014,-0.041,-0.931,0.362,0,0.362,0.932,-0.999,0.038,-0.015],"_shiftlockState":false,"_pose":"Running","_animationQueue":[],"_animationSpeed":1.089,"_zoom":16.125},{"_mousePosition":[476,290],"_rootPartCFrame":[773.06,222.7,47.264,-0.033,0,0.999,0,1,0,-0.999,0,-0.033],"_humanoidState":8,"_cameraCFrame":[778.869,239.24,47.026,-0.041,-0.932,0.36,0,0.361,0.933,-0.999,0.038,-0.015],"_shiftlockState":false,"_pose":"Running","_animationQueue":[],"_animationSpeed":1.089,"_zoom":16.125},{"_mousePosition":[476,290],"_rootPartCFrame":[772.927,222.7,47.27,-0.034,0,0.999,0,1,0,-0.999,0,-0.034],"_humanoidState":8,"_cameraCFrame":[778.735,239.24,47.031,-0.041,-0.932,0.36,0,0.361,0.933,-0.999,0.038,-0.015],"_shiftlockState":false,"_pose":"Running","_animationQueue":[],"_animationSpeed":1.089,"_zoom":16.125},{"_mousePosition":[476,290],"_rootPartCFrame":[772.66,222.7,47.281,-0.035,0,0.999,0,1,0,-0.999,0,-0.035],"_humanoidState":8,"_cameraCFrame":[778.469,239.24,47.042,-0.041,-0.932,0.36,0,0.361,0.933,-0.999,0.038,-0.015],"_shiftlockState":false,"_pose":"Running","_animationQueue":[],"_animationSpeed":1.089,"_zoom":16.125},{"_mousePosition":[476,290],"_rootPartCFrame":[772.261,222.7,47.297,-0.036,0,0.999,0,1,0,-0.999,0,-0.036],"_humanoidState":8,"_cameraCFrame":[778.011,239.263,47.061,-0.041,-0.933,0.357,0,0.357,0.934,-0.999,0.038,-0.015],"_shiftlockState":false,"_pose":"Running","_animationQueue":[],"_animationSpeed":1.089,"_zoom":16.125},{"_mousePosition":[476,290],"_rootPartCFrame":[771.994,222.7,47.308,-0.037,0,0.999,0,1,0,-0.999,0,-0.037],"_humanoidState":8,"_cameraCFrame":[777.685,239.285,47.074,-0.041,-0.935,0.353,0,0.353,0.936,-0.999,0.038,-0.014],"_shiftlockState":false,"_pose":"Running","_animationQueue":[["walk",0.1]],"_animationSpeed":1.089,"_zoom":16.125},{"_mousePosition":[476,290],"_rootPartCFrame":[771.861,222.7,47.313,-0.037,0,0.999,0,1,0,-0.999,0,-0.037],"_humanoidState":8,"_cameraCFrame":[777.523,239.296,47.095,-0.038,-0.936,0.351,0,0.351,0.936,-0.999,0.036,-0.014],"_shiftlockState":false,"_pose":"Running","_animationQueue":[],"_animationSpeed":1.089,"_zoom":16.125},{"_mousePosition":[476,290],"_rootPartCFrame":[771.461,222.7,47.33,-0.038,0,0.999,0,1,0,-0.999,0,-0.038],"_humanoidState":8,"_cameraCFrame":[777.095,239.307,47.141,-0.033,-0.936,0.349,0,0.35,0.937,-0.999,0.031,-0.012],"_shiftlockState":false,"_pose":"Running","_animationQueue":[],"_animationSpeed":1.089,"_zoom":16.125},{"_mousePosition":[476,290],"_rootPartCFrame":[771.328,222.7,47.335,-0.038,0,0.999,0,1,0,-0.999,0,-0.038],"_humanoidState":8,"_cameraCFrame":[776.933,239.318,47.162,-0.031,-0.937,0.348,0,0.348,0.938,-1,0.029,-0.011],"_shiftlockState":false,"_pose":"Running","_animationQueue":[],"_animationSpeed":1.089,"_zoom":16.125},{"_mousePosition":[476,290],"_rootPartCFrame":[770.995,223.783,47.348,-0.038,0,0.999,0,1,0,-0.999,0,-0.038],"_humanoidState":3,"_cameraCFrame":[776.601,240.402,47.189,-0.028,-0.937,0.348,0,0.348,0.938,-1,0.027,-0.01],"_shiftlockState":false,"_pose":"Jumping","_animationQueue":[["walk",0.1],["jump",0.1]],"_animationSpeed":1,"_zoom":16.125},{"_mousePosition":[476,290],"_rootPartCFrame":[770.728,224.592,47.356,-0.037,0,0.999,0,1,0,-0.999,0,-0.037],"_humanoidState":5,"_cameraCFrame":[776.305,241.221,47.198,-0.028,-0.938,0.346,0,0.346,0.938,-1,0.027,-0.01],"_shiftlockState":false,"_pose":"FreeFall","_animationQueue":[["jump",0.1]],"_animationSpeed":1,"_zoom":16.125},{"_mousePosition":[476,290],"_rootPartCFrame":[770.462,225.346,47.364,-0.036,0,0.999,0,1,0,-0.999,0,-0.036],"_humanoidState":5,"_cameraCFrame":[776.038,241.975,47.206,-0.028,-0.938,0.346,0,0.346,0.938,-1,0.027,-0.01],"_shiftlockState":false,"_pose":"FreeFall","_animationQueue":[],"_animationSpeed":1,"_zoom":16.125},{"_mousePosition":[476,290],"_rootPartCFrame":[770.262,225.875,47.37,-0.035,0,0.999,0,1,0,-0.999,0,-0.035],"_humanoidState":5,"_cameraCFrame":[775.838,242.505,47.226,-0.026,-0.938,0.346,0,0.346,0.938,-1,0.024,-0.009],"_shiftlockState":false,"_pose":"FreeFall","_animationQueue":[],"_animationSpeed":1,"_zoom":16.125},{"_mousePosition":[476,290],"_rootPartCFrame":[769.929,226.69,47.379,-0.034,0,0.999,0,1,0,-0.999,0,-0.034],"_humanoidState":5,"_cameraCFrame":[775.476,243.33,47.236,-0.026,-0.939,0.344,0,0.344,0.939,-1,0.024,-0.009],"_shiftlockState":false,"_pose":"FreeFall","_animationQueue":[],"_animationSpeed":1,"_zoom":16.125},{"_mousePosition":[476,290],"_rootPartCFrame":[769.662,227.28,47.386,-0.033,0,0.999,0,1,0,-0.999,0,-0.033],"_humanoidState":5,"_cameraCFrame":[775.21,243.921,47.271,-0.021,-0.939,0.344,0,0.344,0.939,-1,0.019,-0.007],"_shiftlockState":false,"_pose":"FreeFall","_animationQueue":[],"_animationSpeed":1,"_zoom":16.125},{"_mousePosition":[476,290],"_rootPartCFrame":[769.462,227.687,47.391,-0.032,0,0.999,0,1,0,-0.999,0,-0.032],"_humanoidState":5,"_cameraCFrame":[774.981,244.338,47.305,-0.016,-0.939,0.342,0,0.342,0.94,-1,0.015,-0.005],"_shiftlockState":false,"_pose":"FreeFall","_animationQueue":[],"_animationSpeed":1,"_zoom":16.125},{"_mousePosition":[476,290],"_rootPartCFrame":[769.195,228.182,47.397,-0.031,0,1,0,1,0,-1,0,-0.031],"_humanoidState":5,"_cameraCFrame":[774.685,244.844,47.339,-0.011,-0.94,0.34,0,0.34,0.94,-1,0.01,-0.004],"_shiftlockState":false,"_pose":"FreeFall","_animationQueue":[],"_animationSpeed":1,"_zoom":16.125},{"_mousePosition":[476,290],"_rootPartCFrame":[768.929,228.623,47.401,-0.029,0,1,0,1,0,-1,0,-0.029],"_humanoidState":5,"_cameraCFrame":[774.418,245.285,47.357,-0.008,-0.94,0.34,0,0.34,0.94,-1,0.008,-0.003],"_shiftlockState":false,"_pose":"FreeFall","_animationQueue":[],"_animationSpeed":1,"_zoom":16.125},{"_mousePosition":[476,290],"_rootPartCFrame":[768.662,229.009,47.404,-0.027,0,1,0,1,0,-1,0,-0.027],"_humanoidState":5,"_cameraCFrame":[774.152,245.671,47.36,-0.008,-0.94,0.34,0,0.34,0.94,-1,0.008,-0.003],"_shiftlockState":false,"_pose":"FreeFall","_animationQueue":[],"_animationSpeed":1,"_zoom":16.125},{"_mousePosition":[476,290],"_rootPartCFrame":[768.329,229.415,47.407,-0.024,0,1,0,1,0,-1,0,-0.024],"_humanoidState":5,"_cameraCFrame":[773.819,246.077,47.363,-0.008,-0.94,0.34,0,0.34,0.94,-1,0.008,-0.003],"_shiftlockState":false,"_pose":"FreeFall","_animationQueue":[],"_animationSpeed":1,"_zoom":16.125},{"_mousePosition":[476,290],"_rootPartCFrame":[768.129,229.617,47.409,-0.022,0,1,0,1,0,-1,0,-0.022],"_humanoidState":5,"_cameraCFrame":[773.619,246.279,47.364,-0.008,-0.94,0.34,0,0.34,0.94,-1,0.008,-0.003],"_shiftlockState":false,"_pose":"FreeFall","_animationQueue":[],"_animationSpeed":1,"_zoom":16.125},{"_mousePosition":[476,290],"_rootPartCFrame":[767.862,229.84,47.411,-0.02,0,1,0,1,0,-1,0,-0.02],"_humanoidState":5,"_cameraCFrame":[773.352,246.502,47.367,-0.008,-0.94,0.34,0,0.34,0.94,-1,0.008,-0.003],"_shiftlockState":false,"_pose":"FreeFall","_animationQueue":[],"_animationSpeed":1,"_zoom":16.125},{"_mousePosition":[476,290],"_rootPartCFrame":[767.596,230.008,47.413,-0.018,0,1,0,1,0,-1,0,-0.018],"_humanoidState":5,"_cameraCFrame":[773.085,246.67,47.369,-0.008,-0.94,0.34,0,0.34,0.94,-1,0.008,-0.003],"_shiftlockState":false,"_pose":"FreeFall","_animationQueue":[],"_animationSpeed":1,"_zoom":16.125},{"_mousePosition":[476,290],"_rootPartCFrame":[767.329,230.122,47.415,-0.017,0,1,0,1,0,-1,0,-0.017],"_humanoidState":5,"_cameraCFrame":[772.819,246.783,47.371,-0.008,-0.94,0.34,0,0.34,0.94,-1,0.008,-0.003],"_shiftlockState":false,"_pose":"FreeFall","_animationQueue":[],"_animationSpeed":1,"_zoom":16.125},{"_mousePosition":[476,290],"_rootPartCFrame":[766.996,230.187,47.418,-0.015,0,1,0,1,0,-1,0,-0.015],"_humanoidState":5,"_cameraCFrame":[772.486,246.849,47.374,-0.008,-0.94,0.34,0,0.34,0.94,-1,0.008,-0.003],"_shiftlockState":false,"_pose":"FreeFall","_animationQueue":[],"_animationSpeed":1,"_zoom":16.125},{"_mousePosition":[476,290],"_rootPartCFrame":[766.796,230.185,47.42,-0.015,0,1,0,1,0,-1,0,-0.015],"_humanoidState":5,"_cameraCFrame":[772.256,246.858,47.375,-0.008,-0.941,0.339,0,0.339,0.941,-1,0.008,-0.003],"_shiftlockState":false,"_pose":"FreeFall","_animationQueue":[],"_animationSpeed":1,"_zoom":16.125},{"_mousePosition":[476,290],"_rootPartCFrame":[766.463,230.114,47.422,-0.013,0,1,0,1,0,-1,0,-0.013],"_humanoidState":5,"_cameraCFrame":[771.923,246.787,47.392,-0.006,-0.941,0.339,0,0.339,0.941,-1,0.005,-0.002],"_shiftlockState":false,"_pose":"FreeFall","_animationQueue":[["fall",0.3]],"_animationSpeed":1,"_zoom":16.125},{"_mousePosition":[476,290],"_rootPartCFrame":[766.263,230.031,47.424,-0.013,0,1,0,1,0,-1,0,-0.013],"_humanoidState":5,"_cameraCFrame":[771.723,246.703,47.394,-0.006,-0.941,0.339,0,0.339,0.941,-1,0.005,-0.002],"_shiftlockState":false,"_pose":"FreeFall","_animationQueue":[],"_animationSpeed":1,"_zoom":16.125},{"_mousePosition":[476,290],"_rootPartCFrame":[765.996,229.872,47.426,-0.012,0,1,0,1,0,-1,0,-0.012],"_humanoidState":5,"_cameraCFrame":[771.456,246.544,47.409,-0.003,-0.941,0.339,0,0.339,0.941,-1,0.003,-0.001],"_shiftlockState":false,"_pose":"FreeFall","_animationQueue":[],"_animationSpeed":1,"_zoom":16.125},{"_mousePosition":[476,290],"_rootPartCFrame":[765.663,229.596,47.427,-0.011,0,1,0,1,0,-1,0,-0.011],"_humanoidState":5,"_cameraCFrame":[771.123,246.269,47.425,-0.001,-0.941,0.339,0,0.339,0.941,-1,0,0],"_shiftlockState":false,"_pose":"FreeFall","_animationQueue":[],"_animationSpeed":1,"_zoom":16.125},{"_mousePosition":[476,290],"_rootPartCFrame":[765.463,229.39,47.428,-0.01,0,1,0,1,0,-1,0,-0.01],"_humanoidState":5,"_cameraCFrame":[770.923,246.063,47.425,-0.001,-0.941,0.339,0,0.339,0.941,-1,0,0],"_shiftlockState":false,"_pose":"FreeFall","_animationQueue":[],"_animationSpeed":1,"_zoom":16.125},{"_mousePosition":[476,290],"_rootPartCFrame":[765.196,229.068,47.428,-0.009,0,1,0,1,0,-1,0,-0.009],"_humanoidState":5,"_cameraCFrame":[770.657,245.74,47.439,0.002,-0.941,0.339,0,0.339,0.941,-1,-0.002,0.001],"_shiftlockState":false,"_pose":"FreeFall","_animationQueue":[],"_animationSpeed":1,"_zoom":16.125},{"_mousePosition":[476,290],"_rootPartCFrame":[764.93,228.691,47.429,-0.008,0,1,0,1,0,-1,0,-0.008],"_humanoidState":5,"_cameraCFrame":[770.39,245.363,47.44,0.002,-0.941,0.339,0,0.339,0.941,-1,-0.002,0.001],"_shiftlockState":false,"_pose":"FreeFall","_animationQueue":[],"_animationSpeed":1,"_zoom":16.125},{"_mousePosition":[476,290],"_rootPartCFrame":[764.663,228.259,47.428,-0.007,0,1,0,1,0,-1,0,-0.007],"_humanoidState":5,"_cameraCFrame":[770.123,244.932,47.453,0.005,-0.941,0.339,0,0.339,0.941,-1,-0.004,0.002],"_shiftlockState":false,"_pose":"FreeFall","_animationQueue":[["fall",0.3]],"_animationSpeed":1,"_zoom":16.125},{"_mousePosition":[476,290],"_rootPartCFrame":[764.33,227.643,47.427,-0.005,0,1,0,1,0,-1,0,-0.005],"_humanoidState":5,"_cameraCFrame":[769.79,244.316,47.466,0.007,-0.941,0.339,0,0.339,0.941,-1,-0.007,0.002],"_shiftlockState":false,"_pose":"FreeFall","_animationQueue":[],"_animationSpeed":1,"_zoom":16.125},{"_mousePosition":[476,290],"_rootPartCFrame":[764.13,227.233,47.427,-0.004,0,1,0,1,0,-1,0,-0.004],"_humanoidState":5,"_cameraCFrame":[769.59,243.905,47.465,0.007,-0.941,0.339,0,0.339,0.941,-1,-0.007,0.002],"_shiftlockState":false,"_pose":"FreeFall","_animationQueue":[],"_animationSpeed":1,"_zoom":16.125},{"_mousePosition":[476,290],"_rootPartCFrame":[763.863,226.638,47.425,-0.003,0,1,0,1,0,-1,0,-0.003],"_humanoidState":5,"_cameraCFrame":[769.323,243.31,47.477,0.01,-0.941,0.339,0,0.339,0.941,-1,-0.009,0.003],"_shiftlockState":false,"_pose":"FreeFall","_animationQueue":[],"_animationSpeed":1,"_zoom":16.125},{"_mousePosition":[476,290],"_rootPartCFrame":[763.53,225.817,47.422,-0.001,0,1,0,1,0,-1,0,-0.001],"_humanoidState":5,"_cameraCFrame":[768.99,242.49,47.475,0.01,-0.941,0.339,0,0.339,0.941,-1,-0.009,0.003],"_shiftlockState":false,"_pose":"FreeFall","_animationQueue":[],"_animationSpeed":1,"_zoom":16.125},{"_mousePosition":[476,290],"_rootPartCFrame":[763.33,225.284,47.421,0,0,1,0,1,0,-1,0,0],"_humanoidState":5,"_cameraCFrame":[768.79,241.957,47.487,0.012,-0.941,0.339,0,0.339,0.941,-1,-0.011,0.004],"_shiftlockState":false,"_pose":"FreeFall","_animationQueue":[],"_animationSpeed":1,"_zoom":16.125},{"_mousePosition":[476,290],"_rootPartCFrame":[763.064,224.526,47.418,0.001,0,1,0,1,0,-1,0,0.001],"_humanoidState":5,"_cameraCFrame":[768.553,241.188,47.485,0.012,-0.94,0.34,0,0.34,0.94,-1,-0.011,0.004],"_shiftlockState":false,"_pose":"FreeFall","_animationQueue":[["fall",0.3]],"_animationSpeed":1,"_zoom":16.125},{"_mousePosition":[476,290],"_rootPartCFrame":[762.73,223.501,47.414,0.003,0,1,0,1,0,-1,0,0.003],"_humanoidState":5,"_cameraCFrame":[768.22,240.163,47.481,0.012,-0.94,0.34,0,0.34,0.94,-1,-0.011,0.004],"_shiftlockState":false,"_pose":"FreeFall","_animationQueue":[],"_animationSpeed":1,"_zoom":16.125},{"_mousePosition":[476,290],"_rootPartCFrame":[762.53,222.845,47.412,0.004,0,1,0,1,0,-1,0,0.004],"_humanoidState":7,"_cameraCFrame":[768.02,239.507,47.492,0.015,-0.94,0.34,0,0.34,0.94,-1,-0.014,0.005],"_shiftlockState":false,"_pose":"FreeFall","_animationQueue":[["walk",0.1],["fall",0.3],["fall",0.3]],"_animationSpeed":1,"_zoom":16.125},{"_mousePosition":[476,290],"_rootPartCFrame":[762.197,221.998,47.408,0.005,0,1,0,1,0,-1,0,0.005],"_humanoidState":7,"_cameraCFrame":[767.686,238.66,47.488,0.015,-0.94,0.34,0,0.34,0.94,-1,-0.014,0.005],"_shiftlockState":false,"_pose":"FreeFall","_animationQueue":[],"_animationSpeed":1,"_zoom":16.125},{"_mousePosition":[476,290],"_rootPartCFrame":[761.955,221.782,47.405,0.006,0,1,0,1,0,-1,0,0.006],"_humanoidState":8,"_cameraCFrame":[767.474,238.433,47.5,0.017,-0.939,0.342,0,0.342,0.94,-1,-0.016,0.006],"_shiftlockState":false,"_pose":"Running","_animationQueue":[["walk",0.1],["fall",0.3],["walk",0.1]],"_animationSpeed":1.103,"_zoom":16.125},{"_mousePosition":[476,290],"_rootPartCFrame":[761.785,222.441,47.403,0.006,0,1,0,1,0,-1,0,0.006],"_humanoidState":3,"_cameraCFrame":[767.303,239.092,47.512,0.02,-0.939,0.342,0,0.342,0.94,-1,-0.019,0.007],"_shiftlockState":false,"_pose":"Jumping","_animationQueue":[["walk",0.1],["jump",0.1]],"_animationSpeed":1,"_zoom":16.125},{"_mousePosition":[476,290],"_rootPartCFrame":[761.534,223.277,47.399,0.007,0,1,0,1,0,-1,0,0.007],"_humanoidState":5,"_cameraCFrame":[767.053,239.928,47.508,0.02,-0.939,0.342,0,0.342,0.94,-1,-0.019,0.007],"_shiftlockState":false,"_pose":"FreeFall","_animationQueue":[["jump",0.1]],"_animationSpeed":1,"_zoom":16.125},{"_mousePosition":[476,290],"_rootPartCFrame":[761.268,224.058,47.394,0.009,0,1,0,1,0,-1,0,0.009],"_humanoidState":5,"_cameraCFrame":[766.787,240.709,47.503,0.02,-0.939,0.342,0,0.342,0.94,-1,-0.019,0.007],"_shiftlockState":false,"_pose":"FreeFall","_animationQueue":[],"_animationSpeed":1,"_zoom":16.125},{"_mousePosition":[476,290],"_rootPartCFrame":[761.002,224.784,47.388,0.01,0,1,0,1,0,-1,0,0.01],"_humanoidState":5,"_cameraCFrame":[766.52,241.435,47.497,0.02,-0.939,0.342,0,0.342,0.94,-1,-0.019,0.007],"_shiftlockState":false,"_pose":"FreeFall","_animationQueue":[],"_animationSpeed":1,"_zoom":16.125},{"_mousePosition":[476,290],"_rootPartCFrame":[760.735,225.457,47.383,0.011,0,1,0,1,0,-1,0,0.011],"_humanoidState":5,"_cameraCFrame":[766.253,242.108,47.492,0.02,-0.939,0.342,0,0.342,0.94,-1,-0.019,0.007],"_shiftlockState":false,"_pose":"FreeFall","_animationQueue":[],"_animationSpeed":1,"_zoom":16.125},{"_mousePosition":[476,290],"_rootPartCFrame":[760.469,226.074,47.378,0.013,0,1,0,1,0,-1,0,0.013],"_humanoidState":5,"_cameraCFrame":[765.987,242.725,47.487,0.02,-0.939,0.342,0,0.342,0.94,-1,-0.019,0.007],"_shiftlockState":false,"_pose":"FreeFall","_animationQueue":[],"_animationSpeed":1,"_zoom":16.125},{"_mousePosition":[476,290],"_rootPartCFrame":[760.202,226.637,47.373,0.014,0,1,0,1,0,-1,0,0.014],"_humanoidState":5,"_cameraCFrame":[765.72,243.288,47.482,0.02,-0.939,0.342,0,0.342,0.94,-1,-0.019,0.007],"_shiftlockState":false,"_pose":"FreeFall","_animationQueue":[],"_animationSpeed":1,"_zoom":16.125},{"_mousePosition":[476,290],"_rootPartCFrame":[759.935,227.146,47.367,0.014,0,1,0,1,0,-1,0,0.014],"_humanoidState":5,"_cameraCFrame":[765.454,243.797,47.476,0.02,-0.939,0.342,0,0.342,0.94,-1,-0.019,0.007],"_shiftlockState":false,"_pose":"FreeFall","_animationQueue":[],"_animationSpeed":1,"_zoom":16.125},{"_mousePosition":[476,290],"_rootPartCFrame":[759.669,227.6,47.362,0.015,0,1,0,1,0,-1,0,0.015],"_humanoidState":5,"_cameraCFrame":[765.187,244.251,47.471,0.02,-0.939,0.342,0,0.342,0.94,-1,-0.019,0.007],"_shiftlockState":false,"_pose":"FreeFall","_animationQueue":[],"_animationSpeed":1,"_zoom":16.125},{"_mousePosition":[476,290],"_rootPartCFrame":[759.402,228,47.357,0.016,0,1,0,1,0,-1,0,0.016],"_humanoidState":5,"_cameraCFrame":[764.92,244.651,47.466,0.02,-0.939,0.342,0,0.342,0.94,-1,-0.019,0.007],"_shiftlockState":false,"_pose":"FreeFall","_animationQueue":[],"_animationSpeed":1,"_zoom":16.125},{"_mousePosition":[476,290],"_rootPartCFrame":[759.069,228.423,47.35,0.017,0,1,0,1,0,-1,0,0.017],"_humanoidState":5,"_cameraCFrame":[764.587,245.074,47.459,0.02,-0.939,0.342,0,0.342,0.94,-1,-0.019,0.007],"_shiftlockState":false,"_pose":"FreeFall","_animationQueue":[],"_animationSpeed":1,"_zoom":16.125},{"_mousePosition":[476,290],"_rootPartCFrame":[758.869,228.636,47.346,0.017,0,1,0,1,0,-1,0,0.017],"_humanoidState":5,"_cameraCFrame":[764.387,245.287,47.455,0.02,-0.939,0.342,0,0.342,0.94,-1,-0.019,0.007],"_shiftlockState":false,"_pose":"FreeFall","_animationQueue":[],"_animationSpeed":1,"_zoom":16.125},{"_mousePosition":[476,290],"_rootPartCFrame":[758.602,228.872,47.341,0.017,0,1,0,1,0,-1,0,0.017],"_humanoidState":5,"_cameraCFrame":[764.121,245.523,47.45,0.02,-0.939,0.342,0,0.342,0.94,-1,-0.019,0.007],"_shiftlockState":false,"_pose":"FreeFall","_animationQueue":[],"_animationSpeed":1,"_zoom":16.125},{"_mousePosition":[476,290],"_rootPartCFrame":[758.336,229.053,47.336,0.018,0,1,0,1,0,-1,0,0.018],"_humanoidState":5,"_cameraCFrame":[763.854,245.704,47.445,0.02,-0.939,0.342,0,0.342,0.94,-1,-0.019,0.007],"_shiftlockState":false,"_pose":"FreeFall","_animationQueue":[],"_animationSpeed":1,"_zoom":16.125},{"_mousePosition":[476,290],"_rootPartCFrame":[758.069,229.18,47.33,0.018,0,1,0,1,0,-1,0,0.018],"_humanoidState":5,"_cameraCFrame":[763.587,245.831,47.439,0.02,-0.939,0.342,0,0.342,0.94,-1,-0.019,0.007],"_shiftlockState":false,"_pose":"FreeFall","_animationQueue":[],"_animationSpeed":1,"_zoom":16.125},{"_mousePosition":[476,290],"_rootPartCFrame":[757.803,229.253,47.325,0.018,0,1,0,1,0,-1,0,0.018],"_humanoidState":5,"_cameraCFrame":[763.321,245.904,47.434,0.02,-0.939,0.342,0,0.342,0.94,-1,-0.019,0.007],"_shiftlockState":false,"_pose":"FreeFall","_animationQueue":[],"_animationSpeed":1,"_zoom":16.125},{"_mousePosition":[476,290],"_rootPartCFrame":[757.536,229.271,47.32,0.018,0,1,0,1,0,-1,0,0.018],"_humanoidState":5,"_cameraCFrame":[763.054,245.922,47.429,0.02,-0.939,0.342,0,0.342,0.94,-1,-0.019,0.007],"_shiftlockState":false,"_pose":"FreeFall","_animationQueue":[],"_animationSpeed":1,"_zoom":16.125},{"_mousePosition":[476,290],"_rootPartCFrame":[757.269,229.235,47.315,0.019,0,1,0,1,0,-1,0,0.019],"_humanoidState":5,"_cameraCFrame":[762.788,245.886,47.424,0.02,-0.939,0.342,0,0.342,0.94,-1,-0.019,0.007],"_shiftlockState":false,"_pose":"FreeFall","_animationQueue":[],"_animationSpeed":1,"_zoom":16.125},{"_mousePosition":[476,290],"_rootPartCFrame":[757.003,229.144,47.309,0.019,0,1,0,1,0,-1,0,0.019],"_humanoidState":5,"_cameraCFrame":[762.521,245.795,47.418,0.02,-0.939,0.342,0,0.342,0.94,-1,-0.019,0.007],"_shiftlockState":false,"_pose":"FreeFall","_animationQueue":[],"_animationSpeed":1,"_zoom":16.125},{"_mousePosition":[476,290],"_rootPartCFrame":[756.736,228.999,47.304,0.019,0,1,0,1,0,-1,0,0.019],"_humanoidState":5,"_cameraCFrame":[762.254,245.65,47.413,0.02,-0.939,0.342,0,0.342,0.94,-1,-0.019,0.007],"_shiftlockState":false,"_pose":"FreeFall","_animationQueue":[],"_animationSpeed":1,"_zoom":16.125},{"_mousePosition":[476,290],"_rootPartCFrame":[756.403,228.74,47.298,0.019,0,1,0,1,0,-1,0,0.019],"_humanoidState":5,"_cameraCFrame":[761.921,245.391,47.407,0.02,-0.939,0.342,0,0.342,0.94,-1,-0.019,0.007],"_shiftlockState":false,"_pose":"FreeFall","_animationQueue":[["fall",0.3]],"_animationSpeed":1,"_zoom":16.125},{"_mousePosition":[476,290],"_rootPartCFrame":[756.203,228.545,47.294,0.019,0,1,0,1,0,-1,0,0.019],"_humanoidState":5,"_cameraCFrame":[761.721,245.196,47.403,0.02,-0.939,0.342,0,0.342,0.94,-1,-0.019,0.007],"_shiftlockState":false,"_pose":"FreeFall","_animationQueue":[],"_animationSpeed":1,"_zoom":16.125},{"_mousePosition":[476,290],"_rootPartCFrame":[755.936,228.236,47.288,0.019,0,1,0,1,0,-1,0,0.019],"_humanoidState":5,"_cameraCFrame":[761.455,244.887,47.397,0.02,-0.939,0.342,0,0.342,0.94,-1,-0.019,0.007],"_shiftlockState":false,"_pose":"FreeFall","_animationQueue":[],"_animationSpeed":1,"_zoom":16.125},{"_mousePosition":[476,290],"_rootPartCFrame":[755.67,227.872,47.283,0.019,0,1,0,1,0,-1,0,0.019],"_humanoidState":5,"_cameraCFrame":[761.217,244.513,47.393,0.02,-0.939,0.344,0,0.344,0.939,-1,-0.019,0.007],"_shiftlockState":false,"_pose":"FreeFall","_animationQueue":[],"_animationSpeed":1,"_zoom":16.125},{"_mousePosition":[476,290],"_rootPartCFrame":[755.403,227.454,47.278,0.019,0,1,0,1,0,-1,0,0.019],"_humanoidState":5,"_cameraCFrame":[760.951,244.095,47.387,0.02,-0.939,0.344,0,0.344,0.939,-1,-0.019,0.007],"_shiftlockState":false,"_pose":"FreeFall","_animationQueue":[],"_animationSpeed":1,"_zoom":16.125},{"_mousePosition":[476,290],"_rootPartCFrame":[755.137,226.982,47.273,0.019,0,1,0,1,0,-1,0,0.019],"_humanoidState":5,"_cameraCFrame":[760.714,243.611,47.383,0.02,-0.938,0.346,0,0.346,0.938,-1,-0.019,0.007],"_shiftlockState":false,"_pose":"FreeFall","_animationQueue":[],"_animationSpeed":1,"_zoom":16.125},{"_mousePosition":[476,290],"_rootPartCFrame":[754.803,226.315,47.266,0.019,0,1,0,1,0,-1,0,0.019],"_humanoidState":5,"_cameraCFrame":[760.38,242.944,47.376,0.02,-0.938,0.346,0,0.346,0.938,-1,-0.019,0.007],"_shiftlockState":false,"_pose":"FreeFall","_animationQueue":[["fall",0.3]],"_animationSpeed":1,"_zoom":16.125},{"_mousePosition":[476,290],"_rootPartCFrame":[754.603,225.874,47.262,0.019,0,1,0,1,0,-1,0,0.019],"_humanoidState":5,"_cameraCFrame":[760.21,242.492,47.373,0.02,-0.937,0.348,0,0.348,0.938,-1,-0.019,0.007],"_shiftlockState":false,"_pose":"FreeFall","_animationQueue":[],"_animationSpeed":1,"_zoom":16.125},{"_mousePosition":[476,290],"_rootPartCFrame":[754.27,225.071,47.255,0.02,0,1,0,1,0,-1,0,0.02],"_humanoidState":5,"_cameraCFrame":[759.877,241.689,47.366,0.02,-0.937,0.348,0,0.348,0.938,-1,-0.019,0.007],"_shiftlockState":false,"_pose":"FreeFall","_animationQueue":[],"_animationSpeed":1,"_zoom":16.125},{"_mousePosition":[476,290],"_rootPartCFrame":[754.07,224.548,47.252,0.02,0,1,0,1,0,-1,0,0.02],"_humanoidState":5,"_cameraCFrame":[759.677,241.166,47.362,0.02,-0.937,0.348,0,0.348,0.938,-1,-0.019,0.007],"_shiftlockState":false,"_pose":"FreeFall","_animationQueue":[],"_animationSpeed":1,"_zoom":16.125},{"_mousePosition":[476,290],"_rootPartCFrame":[753.804,223.803,47.246,0.02,0,1,0,1,0,-1,0,0.02],"_humanoidState":5,"_cameraCFrame":[759.41,240.421,47.357,0.02,-0.937,0.348,0,0.348,0.938,-1,-0.019,0.007],"_shiftlockState":false,"_pose":"FreeFall","_animationQueue":[],"_animationSpeed":1,"_zoom":16.125},{"_mousePosition":[476,290],"_rootPartCFrame":[753.537,223.003,47.241,0.02,0,1,0,1,0,-1,0,0.02],"_humanoidState":5,"_cameraCFrame":[759.144,239.622,47.352,0.02,-0.937,0.348,0,0.348,0.938,-1,-0.019,0.007],"_shiftlockState":false,"_pose":"FreeFall","_animationQueue":[],"_animationSpeed":1,"_zoom":16.125},{"_mousePosition":[476,290],"_rootPartCFrame":[753.27,222.15,47.236,0.02,0,1,0,1,0,-1,0,0.02],"_humanoidState":5,"_cameraCFrame":[758.877,238.768,47.346,0.02,-0.937,0.348,0,0.348,0.938,-1,-0.019,0.007],"_shiftlockState":false,"_pose":"FreeFall","_animationQueue":[],"_animationSpeed":1,"_zoom":16.125},{"_mousePosition":[476,290],"_rootPartCFrame":[753.004,221.241,47.23,0.02,0,1,0,1,0,-1,0,0.02],"_humanoidState":5,"_cameraCFrame":[758.61,237.86,47.341,0.02,-0.937,0.348,0,0.348,0.938,-1,-0.019,0.007],"_shiftlockState":false,"_pose":"FreeFall","_animationQueue":[["fall",0.3]],"_animationSpeed":1,"_zoom":16.125},{"_mousePosition":[476,290],"_rootPartCFrame":[752.737,220.278,47.225,0.02,0,1,0,1,0,-1,0,0.02],"_humanoidState":5,"_cameraCFrame":[758.344,236.897,47.336,0.02,-0.937,0.348,0,0.348,0.938,-1,-0.019,0.007],"_shiftlockState":false,"_pose":"FreeFall","_animationQueue":[],"_animationSpeed":1,"_zoom":16.125},{"_mousePosition":[476,290],"_rootPartCFrame":[752.471,219.261,47.22,0.02,0,1,0,1,0,-1,0,0.02],"_humanoidState":5,"_cameraCFrame":[758.077,235.88,47.331,0.02,-0.937,0.348,0,0.348,0.938,-1,-0.019,0.007],"_shiftlockState":false,"_pose":"FreeFall","_animationQueue":[],"_animationSpeed":1,"_zoom":16.125},{"_mousePosition":[476,290],"_rootPartCFrame":[752.204,218.189,47.215,0.02,0,1,0,1,0,-1,0,0.02],"_humanoidState":7,"_cameraCFrame":[757.811,234.808,47.325,0.02,-0.937,0.348,0,0.348,0.938,-1,-0.019,0.007],"_shiftlockState":false,"_pose":"FreeFall","_animationQueue":[["walk",0.1],["fall",0.3],["fall",0.3]],"_animationSpeed":1,"_zoom":16.125},{"_mousePosition":[476,290],"_rootPartCFrame":[751.937,217.993,47.209,0.02,0,1,0,1,0,-1,0,0.02],"_humanoidState":7,"_cameraCFrame":[757.544,234.611,47.32,0.02,-0.937,0.348,0,0.348,0.938,-1,-0.019,0.007],"_shiftlockState":false,"_pose":"FreeFall","_animationQueue":[],"_animationSpeed":1,"_zoom":16.125},{"_mousePosition":[476,290],"_rootPartCFrame":[751.537,218.14,47.202,0.02,0,1,0,1,0,-1,0,0.02],"_humanoidState":8,"_cameraCFrame":[757.144,234.758,47.312,0.02,-0.937,0.348,0,0.348,0.938,-1,-0.019,0.007],"_shiftlockState":false,"_pose":"Running","_animationQueue":[["walk",0.1],["fall",0.3],["walk",0.1]],"_animationSpeed":1.103,"_zoom":16.125},{"_mousePosition":[476,290],"_rootPartCFrame":[751.338,218.799,47.198,0.02,0,1,0,1,0,-1,0,0.02],"_humanoidState":3,"_cameraCFrame":[756.944,235.418,47.308,0.02,-0.937,0.348,0,0.348,0.938,-1,-0.019,0.007],"_shiftlockState":false,"_pose":"Jumping","_animationQueue":[["walk",0.1],["walk",0.1],["jump",0.1]],"_animationSpeed":1,"_zoom":16.125},{"_mousePosition":[476,290],"_rootPartCFrame":[751.071,219.635,47.192,0.02,0,1,0,1,0,-1,0,0.02],"_humanoidState":5,"_cameraCFrame":[756.678,236.253,47.303,0.02,-0.937,0.348,0,0.348,0.938,-1,-0.019,0.007],"_shiftlockState":false,"_pose":"FreeFall","_animationQueue":[["jump",0.1]],"_animationSpeed":1,"_zoom":16.125},{"_mousePosition":[476,290],"_rootPartCFrame":[750.738,220.603,47.186,0.02,0,1,0,1,0,-1,0,0.02],"_humanoidState":5,"_cameraCFrame":[756.344,237.221,47.296,0.02,-0.937,0.348,0,0.348,0.938,-1,-0.019,0.007],"_shiftlockState":false,"_pose":"FreeFall","_animationQueue":[],"_animationSpeed":1,"_zoom":16.125},{"_mousePosition":[476,290],"_rootPartCFrame":[750.538,221.143,47.182,0.02,0,1,0,1,0,-1,0,0.02],"_humanoidState":5,"_cameraCFrame":[756.144,237.761,47.292,0.02,-0.937,0.348,0,0.348,0.938,-1,-0.019,0.007],"_shiftlockState":false,"_pose":"FreeFall","_animationQueue":[],"_animationSpeed":1,"_zoom":16.125},{"_mousePosition":[476,290],"_rootPartCFrame":[750.271,221.815,47.177,0.02,0,1,0,1,0,-1,0,0.02],"_humanoidState":5,"_cameraCFrame":[755.878,238.433,47.287,0.02,-0.937,0.348,0,0.348,0.938,-1,-0.019,0.007],"_shiftlockState":false,"_pose":"FreeFall","_animationQueue":[],"_animationSpeed":1,"_zoom":16.125},{"_mousePosition":[476,290],"_rootPartCFrame":[749.938,222.578,47.17,0.02,0,1,0,1,0,-1,0,0.02],"_humanoidState":5,"_cameraCFrame":[755.544,239.197,47.281,0.02,-0.937,0.348,0,0.348,0.938,-1,-0.019,0.007],"_shiftlockState":false,"_pose":"FreeFall","_animationQueue":[],"_animationSpeed":1,"_zoom":16.125},{"_mousePosition":[476,290],"_rootPartCFrame":[749.738,222.995,47.166,0.02,0,1,0,1,0,-1,0,0.02],"_humanoidState":5,"_cameraCFrame":[755.345,239.614,47.277,0.02,-0.937,0.348,0,0.348,0.938,-1,-0.019,0.007],"_shiftlockState":false,"_pose":"FreeFall","_animationQueue":[],"_animationSpeed":1,"_zoom":16.125},{"_mousePosition":[476,290],"_rootPartCFrame":[749.471,223.504,47.161,0.02,0,1,0,1,0,-1,0,0.02],"_humanoidState":5,"_cameraCFrame":[755.078,240.123,47.271,0.02,-0.937,0.348,0,0.348,0.938,-1,-0.019,0.007],"_shiftlockState":false,"_pose":"FreeFall","_animationQueue":[],"_animationSpeed":1,"_zoom":16.125},{"_mousePosition":[476,290],"_rootPartCFrame":[749.138,224.063,47.154,0.02,0,1,0,1,0,-1,0,0.02],"_humanoidState":5,"_cameraCFrame":[754.745,240.682,47.265,0.02,-0.937,0.348,0,0.348,0.938,-1,-0.019,0.007],"_shiftlockState":false,"_pose":"FreeFall","_animationQueue":[],"_animationSpeed":1,"_zoom":16.125},{"_mousePosition":[476,290],"_rootPartCFrame":[748.938,224.358,47.15,0.02,0,1,0,1,0,-1,0,0.02],"_humanoidState":5,"_cameraCFrame":[754.545,240.976,47.261,0.02,-0.937,0.348,0,0.348,0.938,-1,-0.019,0.007],"_shiftlockState":false,"_pose":"FreeFall","_animationQueue":[],"_animationSpeed":1,"_zoom":16.125},{"_mousePosition":[476,290],"_rootPartCFrame":[748.672,224.703,47.145,0.02,0,1,0,1,0,-1,0,0.02],"_humanoidState":5,"_cameraCFrame":[754.278,241.322,47.241,0.017,-0.937,0.348,0,0.348,0.938,-1,-0.016,0.006],"_shiftlockState":false,"_pose":"FreeFall","_animationQueue":[],"_animationSpeed":1,"_zoom":16.125},{"_mousePosition":[476,290],"_rootPartCFrame":[748.405,224.994,47.14,0.02,0,1,0,1,0,-1,0,0.02],"_humanoidState":5,"_cameraCFrame":[754.012,241.612,47.236,0.017,-0.937,0.348,0,0.348,0.938,-1,-0.016,0.006],"_shiftlockState":false,"_pose":"FreeFall","_animationQueue":[],"_animationSpeed":1,"_zoom":16.125},{"_mousePosition":[476,290],"_rootPartCFrame":[748.072,225.28,47.134,0.019,0,1,0,1,0,-1,0,0.019],"_humanoidState":5,"_cameraCFrame":[753.679,241.899,47.23,0.017,-0.937,0.348,0,0.348,0.938,-1,-0.016,0.006],"_shiftlockState":false,"_pose":"FreeFall","_animationQueue":[],"_animationSpeed":1,"_zoom":16.125},{"_mousePosition":[476,290],"_rootPartCFrame":[747.872,225.411,47.13,0.019,0,1,0,1,0,-1,0,0.019],"_humanoidState":5,"_cameraCFrame":[753.479,242.03,47.227,0.017,-0.937,0.348,0,0.348,0.938,-1,-0.016,0.006],"_shiftlockState":false,"_pose":"FreeFall","_animationQueue":[],"_animationSpeed":1,"_zoom":16.125},{"_mousePosition":[476,290],"_rootPartCFrame":[747.605,225.539,47.126,0.019,0,1,0,1,0,-1,0,0.019],"_humanoidState":5,"_cameraCFrame":[753.212,242.157,47.222,0.017,-0.937,0.348,0,0.348,0.938,-1,-0.016,0.006],"_shiftlockState":false,"_pose":"FreeFall","_animationQueue":[],"_animationSpeed":1,"_zoom":16.125},{"_mousePosition":[476,290],"_rootPartCFrame":[747.339,225.611,47.121,0.019,0,1,0,1,0,-1,0,0.019],"_humanoidState":5,"_cameraCFrame":[752.945,242.23,47.218,0.017,-0.937,0.348,0,0.348,0.938,-1,-0.016,0.006],"_shiftlockState":false,"_pose":"FreeFall","_animationQueue":[],"_animationSpeed":1,"_zoom":16.125},{"_mousePosition":[476,290],"_rootPartCFrame":[747.072,225.629,47.117,0.018,0,1,0,1,0,-1,0,0.018],"_humanoidState":5,"_cameraCFrame":[752.679,242.248,47.213,0.017,-0.937,0.348,0,0.348,0.938,-1,-0.016,0.006],"_shiftlockState":false,"_pose":"FreeFall","_animationQueue":[],"_animationSpeed":1,"_zoom":16.125},{"_mousePosition":[476,290],"_rootPartCFrame":[746.805,225.593,47.112,0.018,0,1,0,1,0,-1,0,0.018],"_humanoidState":5,"_cameraCFrame":[752.412,242.212,47.209,0.017,-0.937,0.348,0,0.348,0.938,-1,-0.016,0.006],"_shiftlockState":false,"_pose":"FreeFall","_animationQueue":[],"_animationSpeed":1,"_zoom":16.125},{"_mousePosition":[476,290],"_rootPartCFrame":[746.539,225.502,47.107,0.018,0,1,0,1,0,-1,0,0.018],"_humanoidState":5,"_cameraCFrame":[752.146,242.121,47.204,0.017,-0.937,0.348,0,0.348,0.938,-1,-0.016,0.006],"_shiftlockState":false,"_pose":"FreeFall","_animationQueue":[],"_animationSpeed":1,"_zoom":16.125},{"_mousePosition":[476,290],"_rootPartCFrame":[746.272,225.357,47.103,0.018,0,1,0,1,0,-1,0,0.018],"_humanoidState":5,"_cameraCFrame":[751.879,241.975,47.199,0.017,-0.937,0.348,0,0.348,0.938,-1,-0.016,0.006],"_shiftlockState":false,"_pose":"FreeFall","_animationQueue":[],"_animationSpeed":1,"_zoom":16.125},{"_mousePosition":[476,290],"_rootPartCFrame":[745.939,225.098,47.097,0.018,0,1,0,1,0,-1,0,0.018],"_humanoidState":5,"_cameraCFrame":[751.546,241.717,47.194,0.017,-0.937,0.348,0,0.348,0.938,-1,-0.016,0.006],"_shiftlockState":false,"_pose":"FreeFall","_animationQueue":[["fall",0.3]],"_animationSpeed":1,"_zoom":16.125},{"_mousePosition":[476,290],"_rootPartCFrame":[745.739,224.903,47.094,0.018,0,1,0,1,0,-1,0,0.018],"_humanoidState":5,"_cameraCFrame":[751.346,241.521,47.19,0.017,-0.937,0.348,0,0.348,0.938,-1,-0.016,0.006],"_shiftlockState":false,"_pose":"FreeFall","_animationQueue":[],"_animationSpeed":1,"_zoom":16.125},{"_mousePosition":[476,290],"_rootPartCFrame":[745.472,224.594,47.089,0.018,0,1,0,1,0,-1,0,0.018],"_humanoidState":5,"_cameraCFrame":[751.079,241.212,47.186,0.017,-0.937,0.348,0,0.348,0.938,-1,-0.016,0.006],"_shiftlockState":false,"_pose":"FreeFall","_animationQueue":[],"_animationSpeed":1,"_zoom":16.125},{"_mousePosition":[476,290],"_rootPartCFrame":[745.206,224.23,47.084,0.018,0,1,0,1,0,-1,0,0.018],"_humanoidState":5,"_cameraCFrame":[750.813,240.849,47.181,0.017,-0.937,0.348,0,0.348,0.938,-1,-0.016,0.006],"_shiftlockState":false,"_pose":"FreeFall","_animationQueue":[],"_animationSpeed":1,"_zoom":16.125},{"_mousePosition":[476,290],"_rootPartCFrame":[744.939,223.813,47.08,0.018,0,1,0,1,0,-1,0,0.018],"_humanoidState":5,"_cameraCFrame":[750.546,240.431,47.176,0.017,-0.937,0.348,0,0.348,0.938,-1,-0.016,0.006],"_shiftlockState":false,"_pose":"FreeFall","_animationQueue":[],"_animationSpeed":1,"_zoom":16.125},{"_mousePosition":[476,290],"_rootPartCFrame":[744.672,223.34,47.075,0.018,0,1,0,1,0,-1,0,0.018],"_humanoidState":5,"_cameraCFrame":[750.279,239.959,47.172,0.017,-0.937,0.348,0,0.348,0.938,-1,-0.016,0.006],"_shiftlockState":false,"_pose":"FreeFall","_animationQueue":[],"_animationSpeed":1,"_zoom":16.125},{"_mousePosition":[476,290],"_rootPartCFrame":[744.339,222.673,47.07,0.017,0,1,0,1,0,-1,0,0.017],"_humanoidState":5,"_cameraCFrame":[749.946,239.292,47.166,0.017,-0.937,0.348,0,0.348,0.938,-1,-0.016,0.006],"_shiftlockState":false,"_pose":"FreeFall","_animationQueue":[["fall",0.3]],"_animationSpeed":1,"_zoom":16.125},{"_mousePosition":[476,290],"_rootPartCFrame":[744.139,222.232,47.066,0.017,0,1,0,1,0,-1,0,0.017],"_humanoidState":5,"_cameraCFrame":[749.746,238.85,47.163,0.017,-0.937,0.348,0,0.348,0.938,-1,-0.016,0.006],"_shiftlockState":false,"_pose":"FreeFall","_animationQueue":[],"_animationSpeed":1,"_zoom":16.125},{"_mousePosition":[476,290],"_rootPartCFrame":[743.873,221.596,47.061,0.017,0,1,0,1,0,-1,0,0.017],"_humanoidState":5,"_cameraCFrame":[749.48,238.215,47.158,0.017,-0.937,0.348,0,0.348,0.938,-1,-0.016,0.006],"_shiftlockState":false,"_pose":"FreeFall","_animationQueue":[],"_animationSpeed":1,"_zoom":16.125},{"_mousePosition":[476,290],"_rootPartCFrame":[743.539,220.725,47.056,0.017,0,1,0,1,0,-1,0,0.017],"_humanoidState":5,"_cameraCFrame":[749.146,237.343,47.152,0.017,-0.937,0.348,0,0.348,0.938,-1,-0.016,0.006],"_shiftlockState":false,"_pose":"FreeFall","_animationQueue":[],"_animationSpeed":1,"_zoom":16.125},{"_mousePosition":[476,290],"_rootPartCFrame":[743.339,220.161,47.052,0.017,0,1,0,1,0,-1,0,0.017],"_humanoidState":5,"_cameraCFrame":[748.946,236.779,47.149,0.017,-0.937,0.348,0,0.348,0.938,-1,-0.016,0.006],"_shiftlockState":false,"_pose":"FreeFall","_animationQueue":[],"_animationSpeed":1,"_zoom":16.125},{"_mousePosition":[476,290],"_rootPartCFrame":[743.073,219.362,47.048,0.017,0,1,0,1,0,-1,0,0.017],"_humanoidState":5,"_cameraCFrame":[748.68,235.98,47.13,0.015,-0.937,0.348,0,0.348,0.938,-1,-0.014,0.005],"_shiftlockState":false,"_pose":"FreeFall","_animationQueue":[],"_animationSpeed":1,"_zoom":16.125},{"_mousePosition":[476,290],"_rootPartCFrame":[742.74,218.286,47.042,0.017,0,1,0,1,0,-1,0,0.017],"_humanoidState":5,"_cameraCFrame":[748.347,234.904,47.124,0.015,-0.937,0.348,0,0.348,0.938,-1,-0.014,0.005],"_shiftlockState":false,"_pose":"FreeFall","_animationQueue":[["fall",0.3]],"_animationSpeed":1,"_zoom":16.125},{"_mousePosition":[476,290],"_rootPartCFrame":[742.54,217.599,47.039,0.017,0,1,0,1,0,-1,0,0.017],"_humanoidState":5,"_cameraCFrame":[748.147,234.218,47.107,0.012,-0.938,0.348,0,0.348,0.938,-1,-0.011,0.004],"_shiftlockState":false,"_pose":"FreeFall","_animationQueue":[],"_animationSpeed":1,"_zoom":16.125},{"_mousePosition":[476,290],"_rootPartCFrame":[742.273,216.637,47.035,0.017,0,1,0,1,0,-1,0,0.017],"_humanoidState":5,"_cameraCFrame":[747.91,233.244,47.089,0.01,-0.937,0.35,0,0.35,0.937,-1,-0.009,0.003],"_shiftlockState":false,"_pose":"FreeFall","_animationQueue":[],"_animationSpeed":1,"_zoom":16.125},{"_mousePosition":[476,290],"_rootPartCFrame":[741.94,215.356,47.031,0.016,0,1,0,1,0,-1,0,0.016],"_humanoidState":5,"_cameraCFrame":[747.577,231.964,47.085,0.01,-0.937,0.35,0,0.35,0.937,-1,-0.009,0.003],"_shiftlockState":false,"_pose":"FreeFall","_animationQ