[{"_mousePosition":[706,363],"_rootPartCFrame":[776.024,222.7,47.142,0.002,0,1,0,1,0,-1,0,0.002],"_humanoidState":8,"_cameraCFrame":[788.107,240.951,46.894,-0.021,-0.811,0.585,0,0.585,0.811,-1,0.017,-0.012],"_shiftlockState":false,"_pose":"Standing","_animationQueue":[],"_animationSpeed":1,"_zoom":20.656},{"_mousePosition":[706,363],"_rootPartCFrame":[775.777,222.695,47.147,-0.001,0,1,0,1,0,-1,0,-0.001],"_humanoidState":8,"_cameraCFrame":[787.861,240.947,46.899,-0.021,-0.811,0.585,0,0.585,0.811,-1,0.017,-0.012],"_shiftlockState":false,"_pose":"Standing","_animationQueue":[],"_animationSpeed":1,"_zoom":20.656},{"_mousePosition":[706,363],"_rootPartCFrame":[775.511,222.697,47.153,-0.004,0,1,0,1,0,-1,0,-0.004],"_humanoidState":8,"_cameraCFrame":[787.595,240.948,46.905,-0.021,-0.811,0.585,0,0.585,0.811,-1,0.017,-0.012],"_shiftlockState":false,"_pose":"Running","_animationQueue":[["walk",0.1]],"_animationSpeed":1.066,"_zoom":20.656},{"_mousePosition":[706,363],"_rootPartCFrame":[775.245,222.698,47.158,-0.006,0,1,0,1,0,-1,0,-0.006],"_humanoidState":8,"_cameraCFrame":[787.328,240.949,46.91,-0.021,-0.811,0.585,0,0.585,0.811,-1,0.017,-0.012],"_shiftlockState":false,"_pose":"Running","_animationQueue":[],"_animationSpeed":1.066,"_zoom":20.656},{"_mousePosition":[706,363],"_rootPartCFrame":[774.978,222.699,47.163,-0.008,0,1,0,1,0,-1,0,-0.008],"_humanoidState":8,"_cameraCFrame":[787.061,240.95,46.916,-0.021,-0.811,0.585,0,0.585,0.811,-1,0.017,-0.012],"_shiftlockState":false,"_pose":"Running","_animationQueue":[],"_animationSpeed":1.066,"_zoom":20.656},{"_mousePosition":[706,363],"_rootPartCFrame":[774.712,222.699,47.169,-0.01,0,1,0,1,0,-1,0,-0.01],"_humanoidState":8,"_cameraCFrame":[786.795,240.95,46.921,-0.021,-0.811,0.585,0,0.585,0.811,-1,0.017,-0.012],"_shiftlockState":false,"_pose":"Running","_animationQueue":[],"_animationSpeed":1.066,"_zoom":20.656},{"_mousePosition":[706,363],"_rootPartCFrame":[774.445,222.699,47.174,-0.011,0,1,0,1,0,-1,0,-0.011],"_humanoidState":8,"_cameraCFrame":[786.463,240.998,46.928,-0.021,-0.813,0.582,0,0.582,0.813,-1,0.017,-0.012],"_shiftlockState":false,"_pose":"Running","_animationQueue":[["walk",0.1]],"_animationSpeed":1.066,"_zoom":20.656},{"_mousePosition":[706,363],"_rootPartCFrame":[774.178,222.7,47.18,-0.012,0,1,0,1,0,-1,0,-0.012],"_humanoidState":8,"_cameraCFrame":[786.164,241.021,46.934,-0.021,-0.814,0.58,0,0.58,0.814,-1,0.017,-0.012],"_shiftlockState":false,"_pose":"Running","_animationQueue":[],"_animationSpeed":1.066,"_zoom":20.656},{"_mousePosition":[706,363],"_rootPartCFrame":[773.912,222.7,47.185,-0.014,0,1,0,1,0,-1,0,-0.014],"_humanoidState":8,"_cameraCFrame":[785.636,241.206,47.212,0.002,-0.823,0.568,0,0.568,0.823,-1,-0.002,0.001],"_shiftlockState":false,"_pose":"Running","_animationQueue":[],"_animationSpeed":1.066,"_zoom":20.656},{"_mousePosition":[706,363],"_rootPartCFrame":[773.645,222.7,47.191,-0.014,0,1,0,1,0,-1,0,-0.014],"_humanoidState":8,"_cameraCFrame":[785.088,241.387,47.767,0.05,-0.831,0.554,0,0.555,0.832,-0.999,-0.042,0.028],"_shiftlockState":false,"_pose":"Running","_animationQueue":[],"_animationSpeed":1.066,"_zoom":20.656},{"_mousePosition":[706,363],"_rootPartCFrame":[773.379,222.7,47.191,-0.013,0,1,0,1,0,-1,0,-0.013],"_humanoidState":8,"_cameraCFrame":[784.387,241.628,48.503,0.118,-0.838,0.533,0,0.537,0.844,-0.993,-0.1,0.064],"_shiftlockState":false,"_pose":"Running","_animationQueue":[],"_animationSpeed":1.066,"_zoom":20.656},{"_mousePosition":[706,363],"_rootPartCFrame":[773.112,222.7,47.178,-0.005,0,1,0,1,0,-1,0,-0.005],"_humanoidState":8,"_cameraCFrame":[783.571,241.883,49.322,0.201,-0.839,0.506,0,0.517,0.856,-0.98,-0.172,0.104],"_shiftlockState":false,"_pose":"Running","_animationQueue":[],"_animationSpeed":1.066,"_zoom":20.656},{"_mousePosition":[706,363],"_rootPartCFrame":[772.847,222.7,47.148,0.011,0,1,0,1,0,-1,0,0.011],"_humanoidState":8,"_cameraCFrame":[782.628,242.148,50.129,0.292,-0.831,0.473,0,0.495,0.869,-0.957,-0.253,0.144],"_shiftlockState":false,"_pose":"Running","_animationQueue":[],"_animationSpeed":1.066,"_zoom":20.656},{"_mousePosition":[706,363],"_rootPartCFrame":[772.586,222.7,47.096,0.035,0,0.999,0,1,0,-0.999,0,0.035],"_humanoidState":8,"_cameraCFrame":[781.541,242.42,50.905,0.391,-0.812,0.434,0,0.471,0.882,-0.92,-0.345,0.184],"_shiftlockState":false,"_pose":"Running","_animationQueue":[["walk",0.1]],"_animationSpeed":1.066,"_zoom":20.656},{"_mousePosition":[706,363],"_rootPartCFrame":[772.33,222.7,47.021,0.069,0,0.998,0,1,0,-0.998,0,0.069],"_humanoidState":8,"_cameraCFrame":[780.327,242.696,51.557,0.493,-0.779,0.387,0,0.445,0.895,-0.87,-0.442,0.22],"_shiftlockState":false,"_pose":"Running","_animationQueue":[],"_animationSpeed":1.066,"_zoom":20.656},{"_mousePosition":[706,363],"_rootPartCFrame":[772.084,222.7,46.918,0.112,0,0.994,0,1,0,-0.994,0,0.112],"_humanoidState":8,"_cameraCFrame":[778.43,243.106,52.299,0.647,-0.698,0.307,0,0.403,0.915,-0.763,-0.592,0.26],"_shiftlockState":false,"_pose":"Running","_animationQueue":[],"_animationSpeed":1.066,"_zoom":20.656},{"_mousePosition":[706,363],"_rootPartCFrame":[771.828,222.7,46.966,0.071,0,0.997,0,1,0,-0.997,0,0.071],"_humanoidState":8,"_cameraCFrame":[777.622,243.233,52.518,0.692,-0.665,0.28,0,0.388,0.921,-0.722,-0.637,0.269],"_shiftlockState":false,"_pose":"Running","_animationQueue":[],"_animationSpeed":1.066,"_zoom":20.656},{"_mousePosition":[706,363],"_rootPartCFrame":[771.563,222.7,46.992,0.048,0,0.999,0,1,0,-0.999,0,0.048],"_humanoidState":8,"_cameraCFrame":[776.302,243.46,52.759,0.773,-0.592,0.229,0,0.361,0.932,-0.635,-0.72,0.279],"_shiftlockState":false,"_pose":"Running","_animationQueue":[],"_animationSpeed":1.066,"_zoom":20.656},{"_mousePosition":[706,363],"_rootPartCFrame":[771.297,222.7,46.999,0.037,0,0.999,0,1,0,-0.999,0,0.037],"_humanoidState":8,"_cameraCFrame":[775.042,243.67,52.792,0.84,-0.512,0.181,0,0.334,0.943,-0.543,-0.792,0.28],"_shiftlockState":false,"_pose":"Running","_animationQueue":[],"_animationSpeed":1.066,"_zoom":20.656},{"_mousePosition":[706,363],"_rootPartCFrame":[771.031,222.7,46.975,0.044,0,0.999,0,1,0,-0.999,0,0.044],"_humanoidState":8,"_cameraCFrame":[773.593,243.876,52.718,0.913,-0.388,0.124,0,0.304,0.953,-0.407,-0.87,0.278],"_shiftlockState":false,"_pose":"Running","_animationQueue":[],"_animationSpeed":1.066,"_zoom":20.656},{"_mousePosition":[706,363],"_rootPartCFrame":[770.802,222.7,47.098,-0.03,0,1,0,1,0,-1,0,-0.03],"_humanoidState":8,"_cameraCFrame":[773.015,243.936,52.778,0.932,-0.347,0.107,0,0.295,0.955,-0.363,-0.89,0.275],"_shiftlockState":false,"_pose":"Running","_animationQueue":[["walk",0.1]],"_animationSpeed":1.066,"_zoom":20.656},{"_mousePosition":[706,363],"_rootPartCFrame":[770.56,222.7,47.209,-0.084,0,0.996,0,1,0,-0.996,0,-0.084],"_humanoidState":8,"_cameraCFrame":[771.843,244.106,52.574,0.973,-0.224,0.062,0,0.267,0.964,-0.233,-0.937,0.26],"_shiftlockState":false,"_pose":"Running","_animationQueue":[],"_animationSpeed":1.066,"_zoom":20.656},{"_mousePosition":[706,363],"_rootPartCFrame":[770.312,222.701,47.307,-0.124,0,0.992,0,1,0,-0.992,0,-0.124],"_humanoidState":8,"_cameraCFrame":[771.097,244.21,52.374,0.988,-0.148,0.038,0,0.248,0.969,-0.153,-0.957,0.245],"_shiftlockState":false,"_pose":"Running","_animationQueue":[],"_animationSpeed":1.066,"_zoom":20.656},{"_mousePosition":[706,363],"_rootPartCFrame":[770.053,222.701,47.372,-0.141,0,0.99,0,1,0,-0.99,0,-0.141],"_humanoidState":8,"_cameraCFrame":[770.44,244.288,52.171,0.997,-0.078,0.019,0,0.233,0.972,-0.08,-0.969,0.232],"_shiftlockState":false,"_pose":"Running","_animationQueue":[],"_animationSpeed":1.066,"_zoom":20.656},{"_mousePosition":[706,363],"_rootPartCFrame":[769.79,222.701,47.414,-0.144,0,0.99,0,1,0,-0.99,0,-0.144],"_humanoidState":8,"_cameraCFrame":[769.856,244.36,51.915,1,-0.014,0.003,0,0.218,0.976,-0.015,-0.976,0.218],"_shiftlockState":false,"_pose":"Running","_animationQueue":[],"_animationSpeed":1.066,"_zoom":20.656},{"_mousePosition":[706,363],"_rootPartCFrame":[769.524,222.701,47.437,-0.136,0,0.991,0,1,0,-0.991,0,-0.136],"_humanoidState":8,"_cameraCFrame":[769.382,244.412,51.7,0.999,0.033,-0.007,0,0.206,0.978,0.033,-0.978,0.206],"_shiftlockState":false,"_pose":"Running","_animationQueue":[],"_animationSpeed":1.066,"_zoom":20.656},{"_mousePosition":[706,363],"_rootPartCFrame":[769.258,222.701,47.443,-0.121,0,0.993,0,1,0,-0.993,0,-0.121],"_humanoidState":8,"_cameraCFrame":[768.978,244.453,51.501,0.998,0.067,-0.014,0,0.197,0.98,0.069,-0.978,0.196],"_shiftlockState":false,"_pose":"Running","_animationQueue":[],"_animationSpeed":1.066,"_zoom":20.656},{"_mousePosition":[706,363],"_rootPartCFrame":[768.991,222.701,47.435,-0.101,0,0.995,0,1,0,-0.995,0,-0.101],"_humanoidState":8,"_cameraCFrame":[768.643,244.484,51.329,0.996,0.087,-0.017,0,0.189,0.982,0.089,-0.978,0.189],"_shiftlockState":false,"_pose":"Running","_animationQueue":[["walk",0.1]],"_animationSpeed":1.066,"_zoom":20.656},{"_mousePosition":[706,363],"_rootPartCFrame":[768.725,222.701,47.417,-0.079,0,0.997,0,1,0,-0.997,0,-0.079],"_humanoidState":8,"_cameraCFrame":[768.325,244.514,51.148,0.994,0.105,-0.019,0,0.182,0.983,0.107,-0.978,0.181],"_shiftlockState":false,"_pose":"Running","_animationQueue":[],"_animationSpeed":1.066,"_zoom":20.656},{"_mousePosition":[706,363],"_rootPartCFrame":[768.46,222.701,47.394,-0.056,0,0.998,0,1,0,-0.998,0,-0.056],"_humanoidState":8,"_cameraCFrame":[768.027,244.535,51.001,0.993,0.117,-0.021,0,0.176,0.984,0.119,-0.977,0.175],"_shiftlockState":false,"_pose":"Running","_animationQueue":[],"_animationSpeed":1.066,"_zoom":20.656},{"_mousePosition":[706,363],"_rootPartCFrame":[768.195,222.701,47.366,-0.034,0,0.999,0,1,0,-0.999,0,-0.034],"_humanoidState":8,"_cameraCFrame":[767.731,244.543,50.923,0.992,0.127,-0.022,0,0.174,0.985,0.129,-0.977,0.172],"_shiftlockState":false,"_pose":"Running","_animationQueue":[],"_animationSpeed":1.066,"_zoom":20.656},{"_mousePosition":[706,363],"_rootPartCFrame":[767.93,222.701,47.334,-0.014,0,1,0,1,0,-1,0,-0.014],"_humanoidState":8,"_cameraCFrame":[767.439,244.543,50.887,0.991,0.135,-0.024,0,0.174,0.985,0.137,-0.976,0.172],"_shiftlockState":false,"_pose":"Running","_animationQueue":[],"_animationSpeed":1.066,"_zoom":20.656},{"_mousePosition":[706,363],"_rootPartCFrame":[767.665,222.701,47.3,0.005,0,1,0,1,0,-1,0,0.005],"_humanoidState":8,"_cameraCFrame":[767.175,244.543,50.853,0.991,0.135,-0.024,0,0.174,0.985,0.137,-0.976,0.172],"_shiftlockState":false,"_pose":"Running","_animationQueue":[],"_animationSpeed":1.066,"_zoom":20.656},{"_mousePosition":[706,363],"_rootPartCFrame":[767.401,222.701,47.264,0.023,0,1,0,1,0,-1,0,0.023],"_humanoidState":8,"_cameraCFrame":[766.911,244.543,50.817,0.991,0.135,-0.024,0,0.174,0.985,0.137,-0.976,0.172],"_shiftlockState":false,"_pose":"Running","_animationQueue":[["walk",0.1]],"_animationSpeed":1.066,"_zoom":20.656},{"_mousePosition":[706,363],"_rootPartCFrame":[767.137,222.701,47.227,0.039,0,0.999,0,1,0,-0.999,0,0.039],"_humanoidState":8,"_cameraCFrame":[766.646,244.543,50.78,0.991,0.135,-0.024,0,0.174,0.985,0.137,-0.976,0.172],"_shiftlockState":false,"_pose":"Running","_animationQueue":[],"_animationSpeed":1.066,"_zoom":20.656},{"_mousePosition":[706,363],"_rootPartCFrame":[766.873,222.701,47.191,0.052,0,0.999,0,1,0,-0.999,0,0.052],"_humanoidState":8,"_cameraCFrame":[766.373,244.543,50.743,0.99,0.137,-0.024,0,0.174,0.985,0.139,-0.975,0.172],"_shiftlockState":false,"_pose":"Running","_animationQueue":[],"_animationSpeed":1.066,"_zoom":20.656},{"_mousePosition":[706,363],"_rootPartCFrame":[766.609,222.701,47.154,0.063,0,0.998,0,1,0,-0.998,0,0.063],"_humanoidState":8,"_cameraCFrame":[766.1,244.543,50.705,0.99,0.14,-0.025,0,0.174,0.985,0.142,-0.975,0.172],"_shiftlockState":false,"_pose":"Running","_animationQueue":[],"_animationSpeed":1.066,"_zoom":20.656},{"_mousePosition":[706,363],"_rootPartCFrame":[766.345,222.701,47.117,0.074,0,0.997,0,1,0,-0.997,0,0.074],"_humanoidState":8,"_cameraCFrame":[765.836,244.543,50.668,0.99,0.14,-0.025,0,0.174,0.985,0.142,-0.975,0.172],"_shiftlockState":false,"_pose":"Running","_animationQueue":[],"_animationSpeed":1.066,"_zoom":20.656},{"_mousePosition":[706,363],"_rootPartCFrame":[766.081,222.701,47.08,0.083,0,0.997,0,1,0,-0.997,0,0.083],"_humanoidState":8,"_cameraCFrame":[765.608,244.543,50.635,0.991,0.13,-0.023,0,0.174,0.985,0.132,-0.976,0.172],"_shiftlockState":false,"_pose":"Running","_animationQueue":[],"_animationSpeed":1.066,"_zoom":20.656},{"_mousePosition":[706,363],"_rootPartCFrame":[765.817,222.701,47.042,0.091,0,0.996,0,1,0,-0.996,0,0.091],"_humanoidState":8,"_cameraCFrame":[765.407,244.543,50.605,0.993,0.112,-0.02,0,0.174,0.985,0.114,-0.978,0.173],"_shiftlockState":false,"_pose":"Running","_animationQueue":[],"_animationSpeed":1.066,"_zoom":20.656},{"_mousePosition":[706,363],"_rootPartCFrame":[765.552,222.701,47.006,0.097,0,0.995,0,1,0,-0.995,0,0.097],"_humanoidState":8,"_cameraCFrame":[765.206,244.543,50.577,0.995,0.095,-0.017,0,0.174,0.985,0.097,-0.98,0.173],"_shiftlockState":false,"_pose":"Running","_animationQueue":[["walk",0.1]],"_animationSpeed":1.066,"_zoom":20.656},{"_mousePosition":[706,363],"_rootPartCFrame":[765.288,222.701,46.976,0.099,0,0.995,0,1,0,-0.995,0,0.099],"_humanoidState":8,"_cameraCFrame":[764.977,244.543,50.549,0.996,0.085,-0.015,0,0.174,0.985,0.086,-0.981,0.173],"_shiftlockState":false,"_pose":"Running","_animationQueue":[],"_animationSpeed":1.066,"_zoom":20.656},{"_mousePosition":[706,363],"_rootPartCFrame":[765.022,222.701,46.949,0.099,0,0.995,0,1,0,-0.995,0,0.099],"_humanoidState":8,"_cameraCFrame":[764.73,244.543,50.524,0.997,0.08,-0.014,0,0.174,0.985,0.081,-0.982,0.173],"_shiftlockState":false,"_pose":"Running","_animationQueue":[],"_animationSpeed":1.066,"_zoom":20.656},{"_mousePosition":[706,363],"_rootPartCFrame":[764.757,222.701,46.926,0.098,0,0.995,0,1,0,-0.995,0,0.098],"_humanoidState":8,"_cameraCFrame":[764.483,244.543,50.503,0.997,0.075,-0.013,0,0.174,0.985,0.076,-0.982,0.173],"_shiftlockState":false,"_pose":"Running","_animationQueue":[],"_animationSpeed":1.066,"_zoom":20.656},{"_mousePosition":[706,363],"_rootPartCFrame":[764.491,222.701,46.904,0.095,0,0.995,0,1,0,-0.995,0,0.095],"_humanoidState":8,"_cameraCFrame":[764.298,244.543,50.486,0.999,0.053,-0.009,0,0.174,0.985,0.054,-0.983,0.173],"_shiftlockState":false,"_pose":"Running","_animationQueue":[],"_animationSpeed":1.066,"_zoom":20.656},{"_mousePosition":[706,363],"_rootPartCFrame":[764.225,222.701,46.884,0.093,0,0.996,0,1,0,-0.996,0,0.093],"_humanoidState":8,"_cameraCFrame":[764.132,244.543,50.47,1,0.025,-0.004,0,0.174,0.985,0.026,-0.984,0.174],"_shiftlockState":false,"_pose":"Running","_animationQueue":[],"_animationSpeed":1.066,"_zoom":20.656},{"_mousePosition":[706,363],"_rootPartCFrame":[763.959,222.701,46.869,0.088,0,0.996,0,1,0,-0.996,0,0.088],"_humanoidState":8,"_cameraCFrame":[763.975,244.543,50.456,1,-0.004,0.001,0,0.174,0.985,-0.005,-0.985,0.174],"_shiftlockState":false,"_pose":"Running","_animationQueue":[["walk",0.1]],"_animationSpeed":1.066,"_zoom":20.656},{"_mousePosition":[706,363],"_rootPartCFrame":[763.692,222.701,46.862,0.08,0,0.997,0,1,0,-0.997,0,0.08],"_humanoidState":8,"_cameraCFrame":[763.781,244.543,50.447,1,-0.024,0.004,0,0.174,0.985,-0.025,-0.985,0.174],"_shiftlockState":false,"_pose":"Running","_animationQueue":[],"_animationSpeed":1.066,"_zoom":20.656},{"_mousePosition":[706,363],"_rootPartCFrame":[763.426,222.701,46.862,0.069,0,0.998,0,1,0,-0.998,0,0.069],"_humanoidState":8,"_cameraCFrame":[763.533,244.543,50.447,1,-0.029,0.005,0,0.174,0.985,-0.03,-0.984,0.174],"_shiftlockState":false,"_pose":"Running","_animationQueue":[],"_animationSpeed":1.066,"_zoom":20.656},{"_mousePosition":[706,363],"_rootPartCFrame":[763.159,222.701,46.868,0.057,0,0.998,0,1,0,-0.998,0,0.057],"_humanoidState":8,"_cameraCFrame":[763.275,244.543,50.453,0.999,-0.032,0.006,0,0.174,0.985,-0.032,-0.984,0.174],"_shiftlockState":false,"_pose":"Running","_animationQueue":[],"_animationSpeed":1.066,"_zoom":20.656},{"_mousePosition":[706,363],"_rootPartCFrame":[762.892,222.701,46.876,0.045,0,0.999,0,1,0,-0.999,0,0.045],"_humanoidState":8,"_cameraCFrame":[763.008,244.543,50.461,0.999,-0.032,0.006,0,0.174,0.985,-0.032,-0.984,0.174],"_shiftlockState":false,"_pose":"Running","_animationQueue":[],"_animationSpeed":1.066,"_zoom":20.656},{"_mousePosition":[706,363],"_rootPartCFrame":[762.626,222.701,46.885,0.035,0,0.999,0,1,0,-0.999,0,0.035],"_humanoidState":8,"_cameraCFrame":[762.742,244.543,50.47,0.999,-0.032,0.006,0,0.174,0.985,-0.032,-0.984,0.174],"_shiftlockState":false,"_pose":"Running","_animationQueue":[],"_animationSpeed":1.066,"_zoom":20.656},{"_mousePosition":[706,363],"_rootPartCFrame":[762.359,222.701,46.893,0.026,0,1,0,1,0,-1,0,0.026],"_humanoidState":8,"_cameraCFrame":[762.475,244.543,50.478,0.999,-0.032,0.006,0,0.174,0.985,-0.032,-0.984,0.174],"_shiftlockState":false,"_pose":"Running","_animationQueue":[["walk",0.1]],"_animationSpeed":1.066,"_zoom":20.656},{"_mousePosition":[706,363],"_rootPartCFrame":[762.093,222.701,46.902,0.018,0,1,0,1,0,-1,0,0.018],"_humanoidState":8,"_cameraCFrame":[762.209,244.543,50.487,0.999,-0.032,0.006,0,0.174,0.985,-0.032,-0.984,0.174],"_shiftlockState":false,"_pose":"Running","_animationQueue":[],"_animationSpeed":1.066,"_zoom":20.656},{"_mousePosition":[706,363],"_rootPartCFrame":[761.826,222.701,46.911,0.011,0,1,0,1,0,-1,0,0.011],"_humanoidState":8,"_cameraCFrame":[761.943,244.543,50.496,0.999,-0.032,0.006,0,0.174,0.985,-0.032,-0.984,0.174],"_shiftlockState":false,"_pose":"Running","_animationQueue":[],"_animationSpeed":1.066,"_zoom":20.656},{"_mousePosition":[706,363],"_rootPartCFrame":[761.56,222.701,46.919,0.005,0,1,0,1,0,-1,0,0.005],"_humanoidState":8,"_cameraCFrame":[761.676,244.543,50.504,0.999,-0.032,0.006,0,0.174,0.985,-0.032,-0.984,0.174],"_shiftlockState":false,"_pose":"Running","_animationQueue":[],"_animationSpeed":1.066,"_zoom":20.656},{"_mousePosition":[706,363],"_rootPartCFrame":[761.293,222.701,46.928,0,0,1,0,1,0,-1,0,0],"_humanoidState":8,"_cameraCFrame":[761.41,244.543,50.513,0.999,-0.032,0.006,0,0.174,0.985,-0.032,-0.984,0.174],"_shiftlockState":false,"_pose":"Running","_animationQueue":[],"_animationSpeed":1.066,"_zoom":20.656},{"_mousePosition":[706,363],"_rootPartCFrame":[761.027,222.701,46.937,-0.004,0,1,0,1,0,-1,0,-0.004],"_humanoidState":8,"_cameraCFrame":[761.143,244.543,50.522,0.999,-0.032,0.006,0,0.174,0.985,-0.032,-0.984,0.174],"_shiftlockState":false,"_pose":"Running","_animationQueue":[],"_animationSpeed":1.066,"_zoom":20.656},{"_mousePosition":[706,363],"_rootPartCFrame":[760.76,222.701,46.945,-0.008,0,1,0,1,0,-1,0,-0.008],"_humanoidState":8,"_cameraCFrame":[760.895,244.543,50.53,0.999,-0.037,0.006,0,0.174,0.985,-0.037,-0.984,0.174],"_shiftlockState":false,"_pose":"Running","_animationQueue":[],"_animationSpeed":1.066,"_zoom":20.656},{"_mousePosition":[706,363],"_rootPartCFrame":[760.494,222.701,46.954,-0.011,0,1,0,1,0,-1,0,-0.011],"_humanoidState":8,"_cameraCFrame":[760.637,244.543,50.538,0.999,-0.039,0.007,0,0.174,0.985,-0.04,-0.984,0.174],"_shiftlockState":false,"_pose":"Running","_animationQueue":[["walk",0.1]],"_animationSpeed":1.066,"_zoom":20.656},{"_mousePosition":[706,363],"_rootPartCFrame":[760.228,222.701,46.964,-0.015,0,1,0,1,0,-1,0,-0.015],"_humanoidState":8,"_cameraCFrame":[760.371,244.543,50.548,0.999,-0.039,0.007,0,0.174,0.985,-0.04,-0.984,0.174],"_shiftlockState":false,"_pose":"Running","_animationQueue":[],"_animationSpeed":1.066,"_zoom":20.656},{"_mousePosition":[706,363],"_rootPartCFrame":[759.961,222.701,46.974,-0.018,0,1,0,1,0,-1,0,-0.018],"_humanoidState":8,"_cameraCFrame":[760.104,244.543,50.558,0.999,-0.039,0.007,0,0.174,0.985,-0.04,-0.984,0.174],"_shiftlockState":false,"_pose":"Running","_animationQueue":[],"_animationSpeed":1.066,"_zoom":20.656},{"_mousePosition":[706,363],"_rootPartCFrame":[759.695,222.701,46.985,-0.021,0,1,0,1,0,-1,0,-0.021],"_humanoidState":8,"_cameraCFrame":[759.838,244.543,50.569,0.999,-0.039,0.007,0,0.174,0.985,-0.04,-0.984,0.174],"_shiftlockState":false,"_pose":"Running","_animationQueue":[],"_animationSpeed":1.066,"_zoom":20.656},{"_mousePosition":[706,363],"_rootPartCFrame":[759.428,222.701,46.996,-0.024,0,1,0,1,0,-1,0,-0.024],"_humanoidState":8,"_cameraCFrame":[759.571,244.543,50.58,0.999,-0.039,0.007,0,0.174,0.985,-0.04,-0.984,0.174],"_shiftlockState":false,"_pose":"Running","_animationQueue":[],"_animationSpeed":1.066,"_zoom":20.656},{"_mousePosition":[706,363],"_rootPartCFrame":[759.162,222.701,47.006,-0.026,0,1,0,1,0,-1,0,-0.026],"_humanoidState":8,"_cameraCFrame":[759.305,244.543,50.59,0.999,-0.039,0.007,0,0.174,0.985,-0.04,-0.984,0.174],"_shiftlockState":false,"_pose":"Running","_animationQueue":[],"_animationSpeed":1.066,"_zoom":20.656},{"_mousePosition":[706,363],"_rootPartCFrame":[758.895,222.701,47.017,-0.028,0,1,0,1,0,-1,0,-0.028],"_humanoidState":8,"_cameraCFrame":[759.038,244.543,50.601,0.999,-0.039,0.007,0,0.174,0.985,-0.04,-0.984,0.174],"_shiftlockState":false,"_pose":"Running","_animationQueue":[],"_animationSpeed":1.066,"_zoom":20.656},{"_mousePosition":[706,363],"_rootPartCFrame":[758.629,222.701,47.028,-0.029,0,1,0,1,0,-1,0,-0.029],"_humanoidState":8,"_cameraCFrame":[758.772,244.543,50.612,0.999,-0.039,0.007,0,0.174,0.985,-0.04,-0.984,0.174],"_shiftlockState":false,"_pose":"Running","_animationQueue":[["walk",0.1]],"_animationSpeed":1.066,"_zoom":20.656},{"_mousePosition":[706,363],"_rootPartCFrame":[758.362,222.701,47.038,-0.031,0,1,0,1,0,-1,0,-0.031],"_humanoidState":8,"_cameraCFrame":[758.505,244.543,50.622,0.999,-0.039,0.007,0,0.174,0.985,-0.04,-0.984,0.174],"_shiftlockState":false,"_pose":"Running","_animationQueue":[],"_animationSpeed":1.066,"_zoom":20.656},{"_mousePosition":[706,363],"_rootPartCFrame":[758.096,222.701,47.049,-0.032,0,0.999,0,1,0,-0.999,0,-0.032],"_humanoidState":8,"_cameraCFrame":[758.239,244.543,50.633,0.999,-0.039,0.007,0,0.174,0.985,-0.04,-0.984,0.174],"_shiftlockState":false,"_pose":"Running","_animationQueue":[],"_animationSpeed":1.066,"_zoom":20.656},{"_mousePosition":[706,363],"_rootPartCFrame":[757.829,222.701,47.06,-0.033,0,0.999,0,1,0,-0.999,0,-0.033],"_humanoidState":8,"_cameraCFrame":[757.973,244.543,50.644,0.999,-0.039,0.007,0,0.174,0.985,-0.04,-0.984,0.174],"_shiftlockState":false,"_pose":"Running","_animationQueue":[],"_animationSpeed":1.066,"_zoom":20.656},{"_mousePosition":[706,363],"_rootPartCFrame":[757.563,222.701,47.07,-0.034,0,0.999,0,1,0,-0.999,0,-0.034],"_humanoidState":8,"_cameraCFrame":[757.706,244.543,50.654,0.999,-0.039,0.007,0,0.174,0.985,-0.04,-0.984,0.174],"_shiftlockState":false,"_pose":"Running","_animationQueue":[],"_animationSpeed":1.066,"_zoom":20.656},{"_mousePosition":[706,363],"_rootPartCFrame":[757.296,222.701,47.081,-0.035,0,0.999,0,1,0,-0.999,0,-0.035],"_humanoidState":8,"_cameraCFrame":[757.421,244.543,50.666,0.999,-0.034,0.006,0,0.174,0.985,-0.035,-0.984,0.174],"_shiftlockState":false,"_pose":"Running","_animationQueue":[],"_animationSpeed":1.066,"_zoom":20.656},{"_mousePosition":[706,363],"_rootPartCFrame":[757.03,222.701,47.092,-0.036,0,0.999,0,1,0,-0.999,0,-0.036],"_humanoidState":8,"_cameraCFrame":[757.137,244.543,50.677,1,-0.029,0.005,0,0.174,0.985,-0.03,-0.984,0.174],"_shiftlockState":false,"_pose":"Running","_animationQueue":[],"_animationSpeed":1.066,"_zoom":20.656},{"_mousePosition":[706,363],"_rootPartCFrame":[756.763,222.701,47.101,-0.036,0,0.999,0,1,0,-0.999,0,-0.036],"_humanoidState":8,"_cameraCFrame":[756.852,244.543,50.687,1,-0.024,0.004,0,0.174,0.985,-0.025,-0.985,0.174],"_shiftlockState":false,"_pose":"Running","_animationQueue":[["walk",0.1]],"_animationSpeed":1.066,"_zoom":20.656},{"_mousePosition":[706,363],"_rootPartCFrame":[756.497,222.701,47.109,-0.035,0,0.999,0,1,0,-0.999,0,-0.035],"_humanoidState":8,"_cameraCFrame":[756.577,244.543,50.695,1,-0.022,0.004,0,0.174,0.985,-0.022,-0.985,0.174],"_shiftlockState":false,"_pose":"Running","_animationQueue":[],"_animationSpeed":1.066,"_zoom":20.656},{"_mousePosition":[706,363],"_rootPartCFrame":[756.23,222.701,47.116,-0.034,0,0.999,0,1,0,-0.999,0,-0.034],"_humanoidState":8,"_cameraCFrame":[756.31,244.543,50.702,1,-0.022,0.004,0,0.174,0.985,-0.022,-0.985,0.174],"_shiftlockState":false,"_pose":"Running","_animationQueue":[],"_animationSpeed":1.066,"_zoom":20.656},{"_mousePosition":[706,363],"_rootPartCFrame":[755.964,222.701,47.122,-0.032,0,0.999,0,1,0,-0.999,0,-0.032],"_humanoidState":8,"_cameraCFrame":[757.793,244.543,50.669,1,-0.022,0.004,0,0.174,0.985,-0.022,-0.985,0.174],"_shiftlockState":true,"_pose":"Running","_animationQueue":[],"_animationSpeed":1.066,"_zoom":20.656},{"_mousePosition":[683,384],"_rootPartCFrame":[755.697,222.701,47.128,0.999,0,-0.051,0,1,0,0.051,0,0.999],"_humanoidState":8,"_cameraCFrame":[757.526,244.543,50.675,1,-0.022,0.004,0,0.174,0.985,-0.022,-0.985,0.174],"_shiftlockState":true,"_pose":"Running","_animationQueue":[],"_animationSpeed":1.066,"_zoom":20.656},{"_mousePosition":[683,384],"_rootPartCFrame":[755.43,222.701,47.134,1,0,-0.007,0,1,0,0.007,0,1],"_humanoidState":8,"_cameraCFrame":[757.26,244.543,50.681,1,-0.022,0.004,0,0.174,0.985,-0.022,-0.985,0.174],"_shiftlockState":true,"_pose":"Running","_animationQueue":[],"_animationSpeed":1.066,"_zoom":20.656},{"_mousePosition":[683,384],"_rootPartCFrame":[755.164,222.701,47.14,1,0,0.019,0,1,0,-0.019,0,1],"_humanoidState":8,"_cameraCFrame":[756.993,244.543,50.687,1,-0.022,0.004,0,0.174,0.985,-0.022,-0.985,0.174],"_shiftlockState":true,"_pose":"Running","_animationQueue":[],"_animationSpeed":1.066,"_zoom":20.656},{"_mousePosition":[683,384],"_rootPartCFrame":[754.897,222.701,47.145,1,0,0.022,0,1,0,-0.022,0,1],"_humanoidState":8,"_cameraCFrame":[756.727,244.543,50.692,1,-0.022,0.004,0,0.174,0.985,-0.022,-0.985,0.174],"_shiftlockState":true,"_pose":"Running","_animationQueue":[["walk",0.1]],"_animationSpeed":1.066,"_zoom":20.656},{"_mousePosition":[683,384],"_rootPartCFrame":[754.63,222.701,47.151,1,0,0.022,0,1,0,-0.022,0,1],"_humanoidState":8,"_cameraCFrame":[756.46,244.543,50.698,1,-0.022,0.004,0,0.174,0.985,-0.022,-0.985,0.174],"_shiftlockState":true,"_pose":"Running","_animationQueue":[],"_animationSpeed":1.066,"_zoom":20.656},{"_mousePosition":[683,384],"_rootPartCFrame":[754.364,222.701,47.157,1,0,0.022,0,1,0,-0.022,0,1],"_humanoidState":8,"_cameraCFrame":[756.193,244.543,50.704,1,-0.022,0.004,0,0.174,0.985,-0.022,-0.985,0.174],"_shiftlockState":true,"_pose":"Running","_animationQueue":[],"_animationSpeed":1.066,"_zoom":20.656},{"_mousePosition":[683,384],"_rootPartCFrame":[754.097,222.701,47.163,1,0,0.022,0,1,0,-0.022,0,1],"_humanoidState":8,"_cameraCFrame":[755.927,244.543,50.71,1,-0.022,0.004,0,0.174,0.985,-0.022,-0.985,0.174],"_shiftlockState":true,"_pose":"Running","_animationQueue":[],"_animationSpeed":1.066,"_zoom":20.656},{"_mousePosition":[683,384],"_rootPartCFrame":[753.831,222.701,47.169,1,0,0.022,0,1,0,-0.022,0,1],"_humanoidState":8,"_cameraCFrame":[755.66,244.543,50.716,1,-0.022,0.004,0,0.174,0.985,-0.022,-0.985,0.174],"_shiftlockState":true,"_pose":"Running","_animationQueue":[],"_animationSpeed":1.066,"_zoom":20.656},{"_mousePosition":[683,384],"_rootPartCFrame":[753.564,222.701,47.175,1,0,0.022,0,1,0,-0.022,0,1],"_humanoidState":8,"_cameraCFrame":[755.393,244.543,50.722,1,-0.022,0.004,0,0.174,0.985,-0.022,-0.985,0.174],"_shiftlockState":true,"_pose":"Running","_animationQueue":[],"_animationSpeed":1.066,"_zoom":20.656},{"_mousePosition":[683,384],"_rootPartCFrame":[753.297,222.701,47.181,1,0,0.022,0,1,0,-0.022,0,1],"_humanoidState":8,"_cameraCFrame":[755.127,244.543,50.728,1,-0.022,0.004,0,0.174,0.985,-0.022,-0.985,0.174],"_shiftlockState":true,"_pose":"Running","_animationQueue":[],"_animationSpeed":1.066,"_zoom":20.656},{"_mousePosition":[683,384],"_rootPartCFrame":[753.031,222.701,47.187,1,0,0.022,0,1,0,-0.022,0,1],"_humanoidState":8,"_cameraCFrame":[754.86,244.543,50.734,1,-0.022,0.004,0,0.174,0.985,-0.022,-0.985,0.174],"_shiftlockState":true,"_pose":"Running","_animationQueue":[["walk",0.1]],"_animationSpeed":1.066,"_zoom":20.656},{"_mousePosition":[683,384],"_rootPartCFrame":[752.764,222.701,47.193,1,0,0.022,0,1,0,-0.022,0,1],"_humanoidState":8,"_cameraCFrame":[754.594,244.543,50.74,1,-0.022,0.004,0,0.174,0.985,-0.022,-0.985,0.174],"_shiftlockState":true,"_pose":"Running","_animationQueue":[],"_animationSpeed":1.066,"_zoom":20.656},{"_mousePosition":[683,384],"_rootPartCFrame":[752.498,222.701,47.199,1,0,0.022,0,1,0,-0.022,0,1],"_humanoidState":8,"_cameraCFrame":[754.318,244.543,50.751,1,-0.019,0.003,0,0.174,0.985,-0.02,-0.985,0.174],"_shiftlockState":true,"_pose":"Running","_animationQueue":[],"_animationSpeed":1.066,"_zoom":20.656},{"_mousePosition":[683,384],"_rootPartCFrame":[752.231,222.701,47.205,1,0,0.02,0,1,0,-0.02,0,1],"_humanoidState":8,"_cameraCFrame":[754.051,244.543,50.756,1,-0.019,0.003,0,0.174,0.985,-0.02,-0.985,0.174],"_shiftlockState":true,"_pose":"Running","_animationQueue":[],"_animationSpeed":1.066,"_zoom":20.656},{"_mousePosition":[683,384],"_rootPartCFrame":[751.964,222.701,47.21,1,0,0.02,0,1,0,-0.02,0,1],"_humanoidState":8,"_cameraCFrame":[753.776,244.543,50.766,1,-0.017,0.003,0,0.174,0.985,-0.017,-0.985,0.174],"_shiftlockState":true,"_pose":"Running","_animationQueue":[],"_animationSpeed":1.066,"_zoom":20.656},{"_mousePosition":[683,384],"_rootPartCFrame":[751.631,222.701,47.217,1,0,0.017,0,1,0,-0.017,0,1],"_humanoidState":8,"_cameraCFrame":[753.443,244.543,50.773,1,-0.017,0.003,0,0.174,0.985,-0.017,-0.985,0.174],"_shiftlockState":true,"_pose":"Running","_animationQueue":[],"_animationSpeed":1.066,"_zoom":20.656},{"_mousePosition":[683,384],"_rootPartCFrame":[751.365,222.701,47.221,1,0,0.017,0,1,0,-0.017,0,1],"_humanoidState":8,"_cameraCFrame":[753.176,244.543,50.778,1,-0.017,0.003,0,0.174,0.985,-0.017,-0.985,0.174],"_shiftlockState":true,"_pose":"Running","_animationQueue":[],"_animationSpeed":1.066,"_zoom":20.656},{"_mousePosition":[683,384],"_rootPartCFrame":[751.098,222.701,47.226,1,0,0.017,0,1,0,-0.017,0,1],"_humanoidState":8,"_cameraCFrame":[752.909,244.543,50.782,1,-0.017,0.003,0,0.174,0.985,-0.017,-0.985,0.174],"_shiftlockState":true,"_pose":"Running","_animationQueue":[["walk",0.1]],"_animationSpeed":1.066,"_zoom":20.656},{"_mousePosition":[683,384],"_rootPartCFrame":[750.831,222.701,47.231,1,0,0.017,0,1,0,-0.017,0,1],"_humanoidState":8,"_cameraCFrame":[752.643,244.543,50.787,1,-0.017,0.003,0,0.174,0.985,-0.017,-0.985,0.174],"_shiftlockState":true,"_pose":"Running","_animationQueue":[],"_animationSpeed":1.066,"_zoom":20.656},{"_mousePosition":[683,384],"_rootPartCFrame":[750.565,222.701,47.235,1,0,0.017,0,1,0,-0.017,0,1],"_humanoidState":8,"_cameraCFrame":[752.367,244.543,50.796,1,-0.014,0.003,0,0.174,0.985,-0.015,-0.985,0.174],"_shiftlockState":true,"_pose":"Running","_animationQueue":[],"_animationSpeed":1.066,"_zoom":20.656},{"_mousePosition":[683,384],"_rootPartCFrame":[750.298,222.701,47.24,1,0,0.015,0,1,0,-0.015,0,1],"_humanoidState":8,"_cameraCFrame":[752.092,244.543,50.805,1,-0.012,0.002,0,0.174,0.985,-0.012,-0.985,0.174],"_shiftlockState":true,"_pose":"Running","_animationQueue":[],"_animationSpeed":1.066,"_zoom":20.656},{"_mousePosition":[683,384],"_rootPartCFrame":[750.032,222.701,47.244,1,0,0.012,0,1,0,-0.012,0,1],"_humanoidState":8,"_cameraCFrame":[751.825,244.543,50.809,1,-0.012,0.002,0,0.174,0.985,-0.012,-0.985,0.174],"_shiftlockState":true,"_pose":"Running","_animationQueue":[],"_animationSpeed":1.066,"_zoom":20.656},{"_mousePosition":[683,384],"_rootPartCFrame":[749.765,222.701,47.247,1,0,0.012,0,1,0,-0.012,0,1],"_humanoidState":8,"_cameraCFrame":[751.558,244.543,50.812,1,-0.012,0.002,0,0.174,0.985,-0.012,-0.985,0.174],"_shiftlockState":true,"_pose":"Running","_animationQueue":[],"_animationSpeed":1.066,"_zoom":20.656},{"_mousePosition":[683,384],"_rootPartCFrame":[749.498,222.701,47.25,1,0,0.012,0,1,0,-0.012,0,1],"_humanoidState":8,"_cameraCFrame":[751.283,244.543,50.82,1,-0.009,0.002,0,0.174,0.985,-0.01,-0.985,0.174],"_shiftlockState":true,"_pose":"Running","_animationQueue":[],"_animationSpeed":1.066,"_zoom":20.656},{"_mousePosition":[683,384],"_rootPartCFrame":[749.232,222.701,47.254,1,0,0.01,0,1,0,-0.01,0,1],"_humanoidState":8,"_cameraCFrame":[751.016,244.543,50.823,1,-0.009,0.002,0,0.174,0.985,-0.01,-0.985,0.174],"_shiftlockState":true,"_pose":"Running","_animationQueue":[["walk",0.1]],"_animationSpeed":1.066,"_zoom":20.656},{"_mousePosition":[683,384],"_rootPartCFrame":[748.965,222.701,47.256,1,0,0.01,0,1,0,-0.01,0,1],"_humanoidState":8,"_cameraCFrame":[750.75,244.543,50.826,1,-0.009,0.002,0,0.174,0.985,-0.01,-0.985,0.174],"_shiftlockState":true,"_pose":"Running","_animationQueue":[],"_animationSpeed":1.066,"_zoom":20.656},{"_mousePosition":[683,384],"_rootPartCFrame":[748.699,222.701,47.259,1,0,0.01,0,1,0,-0.01,0,1],"_humanoidState":8,"_cameraCFrame":[750.483,244.543,50.829,1,-0.009,0.002,0,0.174,0.985,-0.01,-0.985,0.174],"_shiftlockState":true,"_pose":"Running","_animationQueue":[],"_animationSpeed":1.066,"_zoom":20.656},{"_mousePosition":[683,384],"_rootPartCFrame":[748.365,222.701,47.262,1,0,0.01,0,1,0,-0.01,0,1],"_humanoidState":8,"_cameraCFrame":[750.15,244.543,50.832,1,-0.009,0.002,0,0.174,0.985,-0.01,-0.985,0.174],"_shiftlockState":true,"_pose":"Running","_animationQueue":[],"_animationSpeed":1.066,"_zoom":20.656},{"_mousePosition":[683,384],"_rootPartCFrame":[748.165,222.701,47.264,1,0,0.01,0,1,0,-0.01,0,1],"_humanoidState":8,"_cameraCFrame":[749.941,244.543,50.838,1,-0.007,0.001,0,0.174,0.985,-0.007,-0.985,0.174],"_shiftlockState":true,"_pose":"Running","_animationQueue":[],"_animationSpeed":1.066,"_zoom":20.656},{"_mousePosition":[683,384],"_rootPartCFrame":[747.899,222.701,47.266,1,0,0.007,0,1,0,-0.007,0,1],"_humanoidState":8,"_cameraCFrame":[749.674,244.543,50.841,1,-0.007,0.001,0,0.174,0.985,-0.007,-0.985,0.174],"_shiftlockState":true,"_pose":"Running","_animationQueue":[],"_animationSpeed":1.066,"_zoom":20.656},{"_mousePosition":[683,384],"_rootPartCFrame":[747.632,222.701,47.268,1,0,0.007,0,1,0,-0.007,0,1],"_humanoidState":8,"_cameraCFrame":[749.408,244.543,50.843,1,-0.007,0.001,0,0.174,0.985,-0.007,-0.985,0.174],"_shiftlockState":true,"_pose":"Running","_animationQueue":[],"_animationSpeed":1.066,"_zoom":20.656},{"_mousePosition":[683,384],"_rootPartCFrame":[747.366,222.667,47.27,1,0,0.007,0,1,0,-0.007,0,1],"_humanoidState":8,"_cameraCFrame":[749.141,244.509,50.845,1,-0.007,0.001,0,0.174,0.985,-0.007,-0.985,0.174],"_shiftlockState":true,"_pose":"Running","_animationQueue":[["walk",0.1]],"_animationSpeed":1.066,"_zoom":20.656},{"_mousePosition":[683,384],"_rootPartCFrame":[747.099,222.579,47.272,1,0,0.007,0,1,0,-0.007,0,1],"_humanoidState":8,"_cameraCFrame":[747.124,244.421,50.859,1,-0.007,0.001,0,0.174,0.985,-0.007,-0.985,0.174],"_shiftlockState":false,"_pose":"Running","_animationQueue":[],"_animationSpeed":1.066,"_zoom":20.656},{"_mousePosition":[683,384],"_rootPartCFrame":[746.832,222.435,47.274,1,0,0.007,0,1,0,-0.007,0,1],"_humanoidState":8,"_cameraCFrame":[746.858,244.278,50.861,1,-0.007,0.001,0,0.174,0.985,-0.007,-0.985,0.174],"_shiftlockState":false,"_pose":"Running","_animationQueue":[],"_animationSpeed":1.066,"_zoom":20.656},{"_mousePosition":[683,384],"_rootPartCFrame":[746.566,222.238,47.276,1,0,0.007,0,1,0,-0.007,0,1],"_humanoidState":8,"_cameraCFrame":[746.591,244.08,50.863,1,-0.007,0.001,0,0.174,0.985,-0.007,-0.985,0.174],"_shiftlockState":false,"_pose":"Running","_animationQueue":[],"_animationSpeed":1.066,"_zoom":20.656},{"_mousePosition":[683,384],"_rootPartCFrame":[746.299,223.111,47.278,1,0,0.007,0,1,0,-0.007,0,1],"_humanoidState":3,"_cameraCFrame":[746.325,244.953,50.865,1,-0.007,0.001,0,0.174,0.985,-0.007,-0.985,0.174],"_shiftlockState":false,"_pose":"Jumping","_animationQueue":[["walk",0.1],["jump",0.1]],"_animationSpeed":1,"_zoom":20.656},{"_mousePosition":[683,384],"_rootPartCFrame":[746.033,223.933,47.28,0.995,0,0.099,0,1,0,-0.099,0,0.995],"_humanoidState":5,"_cameraCFrame":[746.058,245.775,50.867,1,-0.007,0.001,0,0.174,0.985,-0.007,-0.985,0.174],"_shiftlockState":false,"_pose":"FreeFall","_animationQueue":[["jump",0.1]],"_animationSpeed":1,"_zoom":20.656},{"_mousePosition":[683,384],"_rootPartCFrame":[745.766,224.701,47.282,0.974,0,0.226,0,1,0,-0.226,0,0.974],"_humanoidState":5,"_cameraCFrame":[745.791,246.543,50.868,1,-0.007,0.001,0,0.174,0.985,-0.007,-0.985,0.174],"_shiftlockState":false,"_pose":"FreeFall","_animationQueue":[],"_animationSpeed":1,"_zoom":20.656},{"_mousePosition":[683,384],"_rootPartCFrame":[745.499,225.414,47.284,0.936,0,0.353,0,1,0,-0.353,0,0.936],"_humanoidState":5,"_cameraCFrame":[745.525,247.256,50.87,1,-0.007,0.001,0,0.174,0.985,-0.007,-0.985,0.174],"_shiftlockState":false,"_pose":"FreeFall","_animationQueue":[],"_animationSpeed":1,"_zoom":20.656},{"_mousePosition":[683,384],"_rootPartCFrame":[745.233,226.072,47.285,0.881,0,0.474,0,1,0,-0.474,0,0.881],"_humanoidState":5,"_cameraCFrame":[745.267,247.914,50.872,1,-0.009,0.002,0,0.174,0.985,-0.01,-0.985,0.174],"_shiftlockState":false,"_pose":"FreeFall","_animationQueue":[],"_animationSpeed":1,"_zoom":20.656},{"_mousePosition":[683,384],"_rootPartCFrame":[744.966,226.676,47.287,0.81,0,0.587,0,1,0,-0.587,0,0.81],"_humanoidState":5,"_cameraCFrame":[745.01,248.518,50.874,1,-0.012,0.002,0,0.174,0.985,-0.012,-0.985,0.174],"_shiftlockState":false,"_pose":"FreeFall","_animationQueue":[],"_animationSpeed":1,"_zoom":20.656},{"_mousePosition":[683,384],"_rootPartCFrame":[744.7,227.226,47.29,0.728,0,0.686,0,1,0,-0.686,0,0.728],"_humanoidState":5,"_cameraCFrame":[744.752,249.068,50.876,1,-0.014,0.003,0,0.174,0.985,-0.015,-0.985,0.174],"_shiftlockState":false,"_pose":"FreeFall","_animationQueue":[],"_animationSpeed":1,"_zoom":20.656},{"_mousePosition":[683,384],"_rootPartCFrame":[744.433,227.721,47.293,0.644,0,0.765,0,1,0,-0.765,0,0.644],"_humanoidState":5,"_cameraCFrame":[744.486,249.563,50.879,1,-0.014,0.003,0,0.174,0.985,-0.015,-0.985,0.174],"_shiftlockState":false,"_pose":"FreeFall","_animationQueue":[],"_animationSpeed":1,"_zoom":20.656},{"_mousePosition":[683,384],"_rootPartCFrame":[744.166,228.161,47.297,0.564,0,0.826,0,1,0,-0.826,0,0.564],"_humanoidState":5,"_cameraCFrame":[744.228,250.003,50.883,1,-0.017,0.003,0,0.174,0.985,-0.017,-0.985,0.174],"_shiftlockState":false,"_pose":"FreeFall","_animationQueue":[],"_animationSpeed":1,"_zoom":20.656},{"_mousePosition":[683,384],"_rootPartCFrame":[743.9,228.547,47.301,0.49,0,0.872,0,1,0,-0.872,0,0.49],"_humanoidState":5,"_cameraCFrame":[743.961,250.389,50.887,1,-0.017,0.003,0,0.174,0.985,-0.017,-0.985,0.174],"_shiftlockState":false,"_pose":"FreeFall","_animationQueue":[],"_animationSpeed":1,"_zoom":20.656},{"_mousePosition":[683,384],"_rootPartCFrame":[743.633,228.879,47.305,0.424,0,0.906,0,1,0,-0.906,0,0.424],"_humanoidState":5,"_cameraCFrame":[743.704,250.721,50.891,1,-0.019,0.003,0,0.174,0.985,-0.02,-0.985,0.174],"_shiftlockState":false,"_pose":"FreeFall","_animationQueue":[],"_animationSpeed":1,"_zoom":20.656},{"_mousePosition":[683,384],"_rootPartCFrame":[743.3,229.217,47.311,0.351,0,0.937,0,1,0,-0.937,0,0.351],"_humanoidState":5,"_cameraCFrame":[743.371,251.059,50.897,1,-0.019,0.003,0,0.174,0.985,-0.02,-0.985,0.174],"_shiftlockState":false,"_pose":"FreeFall","_animationQueue":[],"_animationSpeed":1,"_zoom":20.656},{"_mousePosition":[683,384],"_rootPartCFrame":[743.1,229.378,47.315,0.312,0,0.95,0,1,0,-0.95,0,0.312],"_humanoidState":5,"_cameraCFrame":[743.171,251.22,50.901,1,-0.019,0.003,0,0.174,0.985,-0.02,-0.985,0.174],"_shiftlockState":false,"_pose":"FreeFall","_animationQueue":[],"_animationSpeed":1,"_zoom":20.656},{"_mousePosition":[683,384],"_rootPartCFrame":[742.833,229.546,47.32,0.267,0,0.964,0,1,0,-0.964,0,0.267],"_humanoidState":5,"_cameraCFrame":[742.904,251.389,50.906,1,-0.019,0.003,0,0.174,0.985,-0.02,-0.985,0.174],"_shiftlockState":false,"_pose":"FreeFall","_animationQueue":[],"_animationSpeed":1,"_zoom":20.656},{"_mousePosition":[683,384],"_rootPartCFrame":[742.567,229.66,47.325,0.227,0,0.974,0,1,0,-0.974,0,0.227],"_humanoidState":5,"_cameraCFrame":[742.638,251.502,50.911,1,-0.019,0.003,0,0.174,0.985,-0.02,-0.98