[{"_mousePosition":[546,259],"_rootPartCFrame":[776.034,222.7,47.142,-0.002,0,1,0,1,0,-1,0,-0.002],"_humanoidState":8,"_cameraCFrame":[781.291,234.88,47.762,0.117,-0.89,0.441,0,0.444,0.896,-0.993,-0.105,0.052],"_shiftlockState":false,"_pose":"Standing","_animationQueue":[],"_animationSpeed":1,"_zoom":11.92},{"_mousePosition":[546,260],"_rootPartCFrame":[775.789,222.695,47.113,0.015,0,1,0,1,0,-1,0,0.015],"_humanoidState":8,"_cameraCFrame":[781.046,234.876,47.733,0.117,-0.89,0.441,0,0.444,0.896,-0.993,-0.105,0.052],"_shiftlockState":false,"_pose":"Standing","_animationQueue":[],"_animationSpeed":1,"_zoom":11.92},{"_mousePosition":[545,262],"_rootPartCFrame":[775.525,222.697,47.082,0.029,0,1,0,1,0,-1,0,0.029],"_humanoidState":8,"_cameraCFrame":[780.782,234.877,47.702,0.117,-0.89,0.441,0,0.444,0.896,-0.993,-0.105,0.052],"_shiftlockState":false,"_pose":"Running","_animationQueue":[["walk",0.1]],"_animationSpeed":1.066,"_zoom":11.92},{"_mousePosition":[545,262],"_rootPartCFrame":[775.26,222.698,47.051,0.041,0,0.999,0,1,0,-0.999,0,0.041],"_humanoidState":8,"_cameraCFrame":[780.517,234.878,47.671,0.117,-0.89,0.441,0,0.444,0.896,-0.993,-0.105,0.052],"_shiftlockState":false,"_pose":"Running","_animationQueue":[],"_animationSpeed":1.066,"_zoom":11.92},{"_mousePosition":[545,262],"_rootPartCFrame":[774.995,222.699,47.02,0.051,0,0.999,0,1,0,-0.999,0,0.051],"_humanoidState":8,"_cameraCFrame":[780.252,234.879,47.639,0.117,-0.89,0.441,0,0.444,0.896,-0.993,-0.105,0.052],"_shiftlockState":false,"_pose":"Running","_animationQueue":[],"_animationSpeed":1.066,"_zoom":11.92},{"_mousePosition":[545,262],"_rootPartCFrame":[774.73,222.699,46.988,0.06,0,0.998,0,1,0,-0.998,0,0.06],"_humanoidState":8,"_cameraCFrame":[779.987,234.88,47.608,0.117,-0.89,0.441,0,0.444,0.896,-0.993,-0.105,0.052],"_shiftlockState":false,"_pose":"Running","_animationQueue":[],"_animationSpeed":1.066,"_zoom":11.92},{"_mousePosition":[545,262],"_rootPartCFrame":[774.466,222.699,46.957,0.068,0,0.998,0,1,0,-0.998,0,0.068],"_humanoidState":8,"_cameraCFrame":[779.722,234.88,47.577,0.117,-0.89,0.441,0,0.444,0.896,-0.993,-0.105,0.052],"_shiftlockState":false,"_pose":"Running","_animationQueue":[],"_animationSpeed":1.066,"_zoom":11.92},{"_mousePosition":[545,262],"_rootPartCFrame":[774.201,222.7,46.926,0.074,0,0.997,0,1,0,-0.997,0,0.074],"_humanoidState":8,"_cameraCFrame":[779.438,234.89,47.53,0.115,-0.891,0.439,0,0.442,0.897,-0.993,-0.103,0.051],"_shiftlockState":false,"_pose":"Running","_animationQueue":[["walk",0.1]],"_animationSpeed":1.066,"_zoom":11.92},{"_mousePosition":[545,262],"_rootPartCFrame":[773.936,222.7,46.895,0.08,0,0.997,0,1,0,-0.997,0,0.08],"_humanoidState":8,"_cameraCFrame":[779.237,234.859,47.492,0.112,-0.889,0.445,0,0.448,0.894,-0.994,-0.1,0.05],"_shiftlockState":false,"_pose":"Running","_animationQueue":[],"_animationSpeed":1.066,"_zoom":11.92},{"_mousePosition":[545,262],"_rootPartCFrame":[773.671,222.7,46.864,0.085,0,0.996,0,1,0,-0.996,0,0.085],"_humanoidState":8,"_cameraCFrame":[779.202,234.742,47.445,0.105,-0.88,0.464,0,0.467,0.884,-0.995,-0.092,0.049],"_shiftlockState":false,"_pose":"Running","_animationQueue":[],"_animationSpeed":1.066,"_zoom":11.92},{"_mousePosition":[545,262],"_rootPartCFrame":[773.406,222.7,46.834,0.089,0,0.996,0,1,0,-0.996,0,0.089],"_humanoidState":8,"_cameraCFrame":[779.286,234.552,47.407,0.097,-0.864,0.493,0,0.496,0.869,-0.995,-0.084,0.048],"_shiftlockState":false,"_pose":"Running","_animationQueue":[],"_animationSpeed":1.066,"_zoom":11.92},{"_mousePosition":[545,262],"_rootPartCFrame":[773.141,222.7,46.806,0.091,0,0.996,0,1,0,-0.996,0,0.091],"_humanoidState":8,"_cameraCFrame":[779.419,234.314,47.402,0.094,-0.845,0.527,0,0.529,0.849,-0.996,-0.08,0.05],"_shiftlockState":false,"_pose":"Running","_animationQueue":[],"_animationSpeed":1.066,"_zoom":11.92},{"_mousePosition":[545,262],"_rootPartCFrame":[772.875,222.7,46.78,0.092,0,0.996,0,1,0,-0.996,0,0.092],"_humanoidState":8,"_cameraCFrame":[779.581,234.035,47.399,0.092,-0.822,0.563,0,0.565,0.825,-0.996,-0.076,0.052],"_shiftlockState":false,"_pose":"Running","_animationQueue":[],"_animationSpeed":1.066,"_zoom":11.92},{"_mousePosition":[545,262],"_rootPartCFrame":[772.61,222.7,46.755,0.092,0,0.996,0,1,0,-0.996,0,0.092],"_humanoidState":8,"_cameraCFrame":[779.713,233.751,47.392,0.089,-0.798,0.596,0,0.598,0.801,-0.996,-0.072,0.053],"_shiftlockState":false,"_pose":"Running","_animationQueue":[],"_animationSpeed":1.066,"_zoom":11.92},{"_mousePosition":[545,262],"_rootPartCFrame":[772.344,222.7,46.73,0.092,0,0.996,0,1,0,-0.996,0,0.092],"_humanoidState":8,"_cameraCFrame":[779.799,233.481,47.342,0.082,-0.776,0.625,0,0.628,0.779,-0.997,-0.064,0.051],"_shiftlockState":false,"_pose":"Running","_animationQueue":[["walk",0.1]],"_animationSpeed":1.066,"_zoom":11.92},{"_mousePosition":[545,262],"_rootPartCFrame":[772.079,222.7,46.706,0.092,0,0.996,0,1,0,-0.996,0,0.092],"_humanoidState":8,"_cameraCFrame":[779.841,233.228,47.284,0.074,-0.755,0.651,0,0.653,0.757,-0.997,-0.056,0.049],"_shiftlockState":false,"_pose":"Running","_animationQueue":[],"_animationSpeed":1.066,"_zoom":11.92},{"_mousePosition":[545,262],"_rootPartCFrame":[771.813,222.7,46.684,0.091,0,0.996,0,1,0,-0.996,0,0.091],"_humanoidState":8,"_cameraCFrame":[779.769,233.059,47.236,0.069,-0.741,0.667,0,0.669,0.743,-0.998,-0.051,0.046],"_shiftlockState":false,"_pose":"Running","_animationQueue":[],"_animationSpeed":1.066,"_zoom":11.92},{"_mousePosition":[545,262],"_rootPartCFrame":[771.547,222.7,46.664,0.089,0,0.996,0,1,0,-0.996,0,0.089],"_humanoidState":8,"_cameraCFrame":[779.641,232.933,47.205,0.067,-0.731,0.679,0,0.681,0.733,-0.998,-0.049,0.045],"_shiftlockState":false,"_pose":"Running","_animationQueue":[],"_animationSpeed":1.066,"_zoom":11.92},{"_mousePosition":[545,262],"_rootPartCFrame":[771.281,222.7,46.646,0.086,0,0.996,0,1,0,-0.996,0,0.086],"_humanoidState":8,"_cameraCFrame":[779.41,232.902,47.169,0.064,-0.729,0.682,0,0.683,0.73,-0.998,-0.047,0.044],"_shiftlockState":false,"_pose":"Running","_animationQueue":[],"_animationSpeed":1.066,"_zoom":11.92},{"_mousePosition":[545,262],"_rootPartCFrame":[771.015,222.7,46.628,0.083,0,0.997,0,1,0,-0.997,0,0.083],"_humanoidState":8,"_cameraCFrame":[779.144,232.902,47.151,0.064,-0.729,0.682,0,0.683,0.73,-0.998,-0.047,0.044],"_shiftlockState":false,"_pose":"Running","_animationQueue":[],"_animationSpeed":1.066,"_zoom":11.92},{"_mousePosition":[545,262],"_rootPartCFrame":[770.749,222.7,46.611,0.081,0,0.997,0,1,0,-0.997,0,0.081],"_humanoidState":8,"_cameraCFrame":[778.878,232.902,47.134,0.064,-0.729,0.682,0,0.683,0.73,-0.998,-0.047,0.044],"_shiftlockState":false,"_pose":"Running","_animationQueue":[],"_animationSpeed":1.066,"_zoom":11.92},{"_mousePosition":[545,262],"_rootPartCFrame":[770.483,223.563,46.594,0.078,0,0.997,0,1,0,-0.997,0,0.078],"_humanoidState":3,"_cameraCFrame":[778.612,233.765,47.116,0.064,-0.729,0.682,0,0.683,0.73,-0.998,-0.047,0.044],"_shiftlockState":false,"_pose":"Jumping","_animationQueue":[["walk",0.1],["walk",0.1],["jump",0.1]],"_animationSpeed":1,"_zoom":11.92},{"_mousePosition":[545,262],"_rootPartCFrame":[770.283,224.174,46.581,0.077,0,0.997,0,1,0,-0.997,0,0.077],"_humanoidState":5,"_cameraCFrame":[778.412,234.376,47.104,0.064,-0.729,0.682,0,0.683,0.73,-0.998,-0.047,0.044],"_shiftlockState":false,"_pose":"FreeFall","_animationQueue":[["jump",0.1]],"_animationSpeed":1,"_zoom":11.92},{"_mousePosition":[545,262],"_rootPartCFrame":[770.017,224.941,46.564,0.075,0,0.997,0,1,0,-0.997,0,0.075],"_humanoidState":5,"_cameraCFrame":[778.146,235.144,47.086,0.064,-0.729,0.682,0,0.683,0.73,-0.998,-0.047,0.044],"_shiftlockState":false,"_pose":"FreeFall","_animationQueue":[],"_animationSpeed":1,"_zoom":11.92},{"_mousePosition":[545,262],"_rootPartCFrame":[769.751,225.654,46.547,0.073,0,0.997,0,1,0,-0.997,0,0.073],"_humanoidState":5,"_cameraCFrame":[777.88,235.857,47.069,0.064,-0.729,0.682,0,0.683,0.73,-0.998,-0.047,0.044],"_shiftlockState":false,"_pose":"FreeFall","_animationQueue":[],"_animationSpeed":1,"_zoom":11.92},{"_mousePosition":[545,262],"_rootPartCFrame":[769.485,226.313,46.529,0.072,0,0.997,0,1,0,-0.997,0,0.072],"_humanoidState":5,"_cameraCFrame":[777.614,236.515,47.052,0.064,-0.729,0.682,0,0.683,0.73,-0.998,-0.047,0.044],"_shiftlockState":false,"_pose":"FreeFall","_animationQueue":[],"_animationSpeed":1,"_zoom":11.92},{"_mousePosition":[545,262],"_rootPartCFrame":[769.219,226.917,46.512,0.071,0,0.997,0,1,0,-0.997,0,0.071],"_humanoidState":5,"_cameraCFrame":[777.382,237.087,47.037,0.064,-0.726,0.685,0,0.686,0.727,-0.998,-0.047,0.044],"_shiftlockState":false,"_pose":"FreeFall","_animationQueue":[],"_animationSpeed":1,"_zoom":11.92},{"_mousePosition":[545,262],"_rootPartCFrame":[768.953,227.467,46.495,0.07,0,0.998,0,1,0,-0.998,0,0.07],"_humanoidState":5,"_cameraCFrame":[777.118,237.637,46.979,0.059,-0.726,0.685,0,0.686,0.727,-0.998,-0.043,0.041],"_shiftlockState":false,"_pose":"FreeFall","_animationQueue":[],"_animationSpeed":1,"_zoom":11.92},{"_mousePosition":[545,262],"_rootPartCFrame":[768.686,227.962,46.478,0.069,0,0.998,0,1,0,-0.998,0,0.069],"_humanoidState":5,"_cameraCFrame":[776.854,238.132,46.92,0.054,-0.726,0.685,0,0.686,0.727,-0.999,-0.039,0.037],"_shiftlockState":false,"_pose":"FreeFall","_animationQueue":[],"_animationSpeed":1,"_zoom":11.92},{"_mousePosition":[545,262],"_rootPartCFrame":[768.42,228.402,46.462,0.068,0,0.998,0,1,0,-0.998,0,0.068],"_humanoidState":5,"_cameraCFrame":[776.588,238.572,46.904,0.054,-0.726,0.685,0,0.686,0.727,-0.999,-0.039,0.037],"_shiftlockState":false,"_pose":"FreeFall","_animationQueue":[],"_animationSpeed":1,"_zoom":11.92},{"_mousePosition":[545,262],"_rootPartCFrame":[768.154,228.788,46.447,0.066,0,0.998,0,1,0,-0.998,0,0.066],"_humanoidState":5,"_cameraCFrame":[776.322,238.958,46.89,0.054,-0.726,0.685,0,0.686,0.727,-0.999,-0.039,0.037],"_shiftlockState":false,"_pose":"FreeFall","_animationQueue":[],"_animationSpeed":1,"_zoom":11.92},{"_mousePosition":[545,262],"_rootPartCFrame":[767.888,229.12,46.433,0.065,0,0.998,0,1,0,-0.998,0,0.065],"_humanoidState":5,"_cameraCFrame":[776.056,239.29,46.875,0.054,-0.726,0.685,0,0.686,0.727,-0.999,-0.039,0.037],"_shiftlockState":false,"_pose":"FreeFall","_animationQueue":[],"_animationSpeed":1,"_zoom":11.92},{"_mousePosition":[545,262],"_rootPartCFrame":[767.621,229.397,46.419,0.063,0,0.998,0,1,0,-0.998,0,0.063],"_humanoidState":5,"_cameraCFrame":[775.789,239.567,46.861,0.054,-0.726,0.685,0,0.686,0.727,-0.999,-0.039,0.037],"_shiftlockState":false,"_pose":"FreeFall","_animationQueue":[],"_animationSpeed":1,"_zoom":11.92},{"_mousePosition":[545,262],"_rootPartCFrame":[767.355,229.619,46.404,0.062,0,0.998,0,1,0,-0.998,0,0.062],"_humanoidState":5,"_cameraCFrame":[775.523,239.789,46.847,0.054,-0.726,0.685,0,0.686,0.727,-0.999,-0.039,0.037],"_shiftlockState":false,"_pose":"FreeFall","_animationQueue":[],"_animationSpeed":1,"_zoom":11.92},{"_mousePosition":[545,262],"_rootPartCFrame":[767.089,229.787,46.39,0.061,0,0.998,0,1,0,-0.998,0,0.061],"_humanoidState":5,"_cameraCFrame":[775.257,239.957,46.832,0.054,-0.726,0.685,0,0.686,0.727,-0.999,-0.039,0.037],"_shiftlockState":false,"_pose":"FreeFall","_animationQueue":[],"_animationSpeed":1,"_zoom":11.92},{"_mousePosition":[545,262],"_rootPartCFrame":[766.822,229.901,46.375,0.06,0,0.998,0,1,0,-0.998,0,0.06],"_humanoidState":5,"_cameraCFrame":[774.99,240.071,46.818,0.054,-0.726,0.685,0,0.686,0.727,-0.999,-0.039,0.037],"_shiftlockState":false,"_pose":"FreeFall","_animationQueue":[],"_animationSpeed":1,"_zoom":11.92},{"_mousePosition":[545,262],"_rootPartCFrame":[766.556,229.96,46.361,0.059,0,0.998,0,1,0,-0.998,0,0.059],"_humanoidState":5,"_cameraCFrame":[774.724,240.13,46.803,0.054,-0.726,0.685,0,0.686,0.727,-0.999,-0.039,0.037],"_shiftlockState":false,"_pose":"FreeFall","_animationQueue":[],"_animationSpeed":1,"_zoom":11.92},{"_mousePosition":[545,262],"_rootPartCFrame":[766.289,229.964,46.347,0.058,0,0.998,0,1,0,-0.998,0,0.058],"_humanoidState":5,"_cameraCFrame":[774.458,240.134,46.789,0.054,-0.726,0.685,0,0.686,0.727,-0.999,-0.039,0.037],"_shiftlockState":false,"_pose":"FreeFall","_animationQueue":[],"_animationSpeed":1,"_zoom":11.92},{"_mousePosition":[545,262],"_rootPartCFrame":[766.023,229.914,46.332,0.058,0,0.998,0,1,0,-0.998,0,0.058],"_humanoidState":5,"_cameraCFrame":[774.191,240.085,46.774,0.054,-0.726,0.685,0,0.686,0.727,-0.999,-0.039,0.037],"_shiftlockState":false,"_pose":"FreeFall","_animationQueue":[],"_animationSpeed":1,"_zoom":11.92},{"_mousePosition":[545,262],"_rootPartCFrame":[765.757,229.81,46.318,0.057,0,0.998,0,1,0,-0.998,0,0.057],"_humanoidState":5,"_cameraCFrame":[773.925,239.98,46.76,0.054,-0.726,0.685,0,0.686,0.727,-0.999,-0.039,0.037],"_shiftlockState":false,"_pose":"FreeFall","_animationQueue":[],"_animationSpeed":1,"_zoom":11.92},{"_mousePosition":[545,262],"_rootPartCFrame":[765.49,229.651,46.303,0.057,0,0.998,0,1,0,-0.998,0,0.057],"_humanoidState":5,"_cameraCFrame":[773.658,239.821,46.746,0.054,-0.726,0.685,0,0.686,0.727,-0.999,-0.039,0.037],"_shiftlockState":false,"_pose":"FreeFall","_animationQueue":[],"_animationSpeed":1,"_zoom":11.92},{"_mousePosition":[545,262],"_rootPartCFrame":[765.224,229.437,46.289,0.056,0,0.998,0,1,0,-0.998,0,0.056],"_humanoidState":5,"_cameraCFrame":[773.392,239.608,46.731,0.054,-0.726,0.685,0,0.686,0.727,-0.999,-0.039,0.037],"_shiftlockState":false,"_pose":"FreeFall","_animationQueue":[],"_animationSpeed":1,"_zoom":11.92},{"_mousePosition":[545,262],"_rootPartCFrame":[764.958,229.169,46.274,0.056,0,0.998,0,1,0,-0.998,0,0.056],"_humanoidState":5,"_cameraCFrame":[773.126,239.34,46.717,0.054,-0.726,0.685,0,0.686,0.727,-0.999,-0.039,0.037],"_shiftlockState":false,"_pose":"FreeFall","_animationQueue":[["fall",0.3]],"_animationSpeed":1,"_zoom":11.92},{"_mousePosition":[545,262],"_rootPartCFrame":[764.691,228.847,46.26,0.056,0,0.998,0,1,0,-0.998,0,0.056],"_humanoidState":5,"_cameraCFrame":[772.859,239.017,46.702,0.054,-0.726,0.685,0,0.686,0.727,-0.999,-0.039,0.037],"_shiftlockState":false,"_pose":"FreeFall","_animationQueue":[],"_animationSpeed":1,"_zoom":11.92},{"_mousePosition":[545,262],"_rootPartCFrame":[764.425,228.47,46.246,0.056,0,0.998,0,1,0,-0.998,0,0.056],"_humanoidState":5,"_cameraCFrame":[772.556,238.672,46.748,0.062,-0.729,0.682,0,0.683,0.73,-0.998,-0.045,0.042],"_shiftlockState":false,"_pose":"FreeFall","_animationQueue":[],"_animationSpeed":1,"_zoom":11.92},{"_mousePosition":[545,262],"_rootPartCFrame":[764.159,228.038,46.231,0.055,0,0.998,0,1,0,-0.998,0,0.055],"_humanoidState":5,"_cameraCFrame":[772.313,238.335,45.104,0.077,-0.736,0.673,0,0.675,0.738,-0.997,-0.057,0.052],"_shiftlockState":true,"_pose":"FreeFall","_animationQueue":[],"_animationSpeed":1,"_zoom":11.92},{"_mousePosition":[683,384],"_rootPartCFrame":[763.892,227.552,46.215,0.075,0,0.997,0,1,0,-0.997,0,0.075],"_humanoidState":5,"_cameraCFrame":[772.047,237.849,45.088,0.077,-0.736,0.673,0,0.675,0.738,-0.997,-0.057,0.052],"_shiftlockState":true,"_pose":"FreeFall","_animationQueue":[],"_animationSpeed":1,"_zoom":11.92},{"_mousePosition":[683,384],"_rootPartCFrame":[763.627,227.012,46.195,0.076,0,0.997,0,1,0,-0.997,0,0.076],"_humanoidState":5,"_cameraCFrame":[771.721,237.387,45.266,0.102,-0.741,0.664,0,0.668,0.745,-0.995,-0.076,0.068],"_shiftlockState":true,"_pose":"FreeFall","_animationQueue":[],"_animationSpeed":1,"_zoom":11.92},{"_mousePosition":[683,384],"_rootPartCFrame":[763.361,226.417,46.175,0.1,0,0.995,0,1,0,-0.995,0,0.1],"_humanoidState":5,"_cameraCFrame":[771.347,236.915,45.534,0.14,-0.747,0.649,0,0.656,0.755,-0.99,-0.105,0.092],"_shiftlockState":true,"_pose":"FreeFall","_animationQueue":[],"_animationSpeed":1,"_zoom":11.92},{"_mousePosition":[683,384],"_rootPartCFrame":[763.095,225.768,46.148,0.135,0,0.991,0,1,0,-0.991,0,0.135],"_humanoidState":5,"_cameraCFrame":[770.91,236.431,45.816,0.182,-0.756,0.629,0,0.64,0.769,-0.983,-0.14,0.116],"_shiftlockState":true,"_pose":"FreeFall","_animationQueue":[["fall",0.3]],"_animationSpeed":1,"_zoom":11.92},{"_mousePosition":[683,384],"_rootPartCFrame":[762.837,225.064,46.145,0.105,0,0.994,0,1,0,-0.994,0,0.105],"_humanoidState":5,"_cameraCFrame":[770.395,235.946,46.127,0.229,-0.766,0.6,0,0.617,0.787,-0.973,-0.18,0.141],"_shiftlockState":true,"_pose":"FreeFall","_animationQueue":[],"_animationSpeed":1,"_zoom":11.92},{"_mousePosition":[683,384],"_rootPartCFrame":[762.588,224.305,46.181,0.124,0,0.992,0,1,0,-0.992,0,0.124],"_humanoidState":5,"_cameraCFrame":[769.869,235.398,46.523,0.285,-0.771,0.569,0,0.594,0.805,-0.958,-0.23,0.169],"_shiftlockState":true,"_pose":"FreeFall","_animationQueue":[],"_animationSpeed":1,"_zoom":11.92},{"_mousePosition":[683,384],"_rootPartCFrame":[762.289,223.28,46.279,0.149,0,0.989,0,1,0,-0.989,0,0.149],"_humanoidState":5,"_cameraCFrame":[769.269,234.576,46.966,0.343,-0.772,0.535,0,0.57,0.822,-0.939,-0.282,0.195],"_shiftlockState":true,"_pose":"FreeFall","_animationQueue":[],"_animationSpeed":1,"_zoom":11.92},{"_mousePosition":[683,384],"_rootPartCFrame":[762.055,222.508,46.402,0.319,0,0.948,0,1,0,-0.948,0,0.319],"_humanoidState":7,"_cameraCFrame":[768.73,233.986,47.42,0.402,-0.766,0.501,0,0.547,0.837,-0.916,-0.336,0.22],"_shiftlockState":true,"_pose":"FreeFall","_animationQueue":[["walk",0.1],["fall",0.3],["fall",0.3]],"_animationSpeed":1,"_zoom":11.92},{"_mousePosition":[683,384],"_rootPartCFrame":[761.874,222.444,46.488,0.401,0,0.916,0,1,0,-0.916,0,0.401],"_humanoidState":7,"_cameraCFrame":[768.277,234.071,47.754,0.45,-0.759,0.471,0,0.527,0.85,-0.893,-0.382,0.237],"_shiftlockState":true,"_pose":"FreeFall","_animationQueue":[],"_animationSpeed":1,"_zoom":11.92},{"_mousePosition":[683,384],"_rootPartCFrame":[761.565,222.553,46.611,0.45,0,0.893,0,1,0,-0.893,0,0.45],"_humanoidState":8,"_cameraCFrame":[767.585,234.382,48.093,0.503,-0.749,0.431,0,0.499,0.867,-0.864,-0.436,0.251],"_shiftlockState":true,"_pose":"Running","_animationQueue":[["fall",0.3],["walk",0.1],["fall",0.3],["walk",0.1]],"_animationSpeed":1.103,"_zoom":11.92},{"_mousePosition":[683,384],"_rootPartCFrame":[761.312,222.618,46.696,0.503,0,0.864,0,1,0,-0.864,0,0.503],"_humanoidState":8,"_cameraCFrame":[767.148,234.539,48.274,0.529,-0.742,0.412,0,0.485,0.874,-0.848,-0.463,0.257],"_shiftlockState":true,"_pose":"Running","_animationQueue":[],"_animationSpeed":1.103,"_zoom":11.92},{"_mousePosition":[683,384],"_rootPartCFrame":[761.054,222.655,46.765,0.529,0,0.848,0,1,0,-0.848,0,0.529],"_humanoidState":8,"_cameraCFrame":[766.772,234.632,48.405,0.546,-0.736,0.399,0,0.477,0.879,-0.838,-0.48,0.261],"_shiftlockState":true,"_pose":"Running","_animationQueue":[],"_animationSpeed":1.103,"_zoom":11.92},{"_mousePosition":[683,384],"_rootPartCFrame":[760.795,222.676,46.826,0.546,0,0.838,0,1,0,-0.838,0,0.546],"_humanoidState":8,"_cameraCFrame":[766.423,234.697,48.493,0.557,-0.733,0.39,0,0.47,0.883,-0.831,-0.492,0.262],"_shiftlockState":true,"_pose":"Running","_animationQueue":[],"_animationSpeed":1.103,"_zoom":11.92},{"_mousePosition":[683,384],"_rootPartCFrame":[760.534,222.687,46.882,0.557,0,0.831,0,1,0,-0.831,0,0.557],"_humanoidState":8,"_cameraCFrame":[766.111,234.73,48.582,0.565,-0.73,0.385,0,0.467,0.884,-0.825,-0.5,0.264],"_shiftlockState":true,"_pose":"Running","_animationQueue":[],"_animationSpeed":1.103,"_zoom":11.92},{"_mousePosition":[683,384],"_rootPartCFrame":[760.272,222.693,46.933,0.565,0,0.825,0,1,0,-0.825,0,0.565],"_humanoidState":8,"_cameraCFrame":[765.781,234.768,48.655,0.574,-0.727,0.378,0,0.461,0.887,-0.819,-0.509,0.265],"_shiftlockState":true,"_pose":"Running","_animationQueue":[],"_animationSpeed":1.103,"_zoom":11.92},{"_mousePosition":[683,384],"_rootPartCFrame":[760.01,222.696,46.983,0.574,0,0.819,0,1,0,-0.819,0,0.574],"_humanoidState":8,"_cameraCFrame":[765.426,234.814,48.739,0.586,-0.722,0.368,0,0.455,0.891,-0.81,-0.522,0.266],"_shiftlockState":true,"_pose":"Running","_animationQueue":[],"_animationSpeed":1.103,"_zoom":11.92},{"_mousePosition":[683,384],"_rootPartCFrame":[759.747,222.698,47.03,0.586,0,0.81,0,1,0,-0.81,0,0.586],"_humanoidState":8,"_cameraCFrame":[765.018,234.878,48.847,0.606,-0.713,0.353,0,0.444,0.896,-0.795,-0.543,0.269],"_shiftlockState":true,"_pose":"Running","_animationQueue":[["walk",0.1]],"_animationSpeed":1.103,"_zoom":11.92},{"_mousePosition":[683,384],"_rootPartCFrame":[759.484,222.699,47.072,0.606,0,0.795,0,1,0,-0.795,0,0.606],"_humanoidState":8,"_cameraCFrame":[764.595,234.94,48.983,0.632,-0.698,0.336,0,0.434,0.901,-0.775,-0.57,0.274],"_shiftlockState":true,"_pose":"Running","_animationQueue":[],"_animationSpeed":1.103,"_zoom":11.92},{"_mousePosition":[683,384],"_rootPartCFrame":[759.22,222.699,47.109,0.632,0,0.775,0,1,0,-0.775,0,0.632],"_humanoidState":8,"_cameraCFrame":[764.134,235.02,49.089,0.659,-0.683,0.315,0,0.419,0.908,-0.752,-0.598,0.276],"_shiftlockState":true,"_pose":"Running","_animationQueue":[],"_animationSpeed":1.103,"_zoom":11.92},{"_mousePosition":[683,384],"_rootPartCFrame":[758.955,222.699,47.137,0.659,0,0.752,0,1,0,-0.752,0,0.659],"_humanoidState":8,"_cameraCFrame":[763.631,235.115,49.168,0.689,-0.664,0.291,0,0.402,0.916,-0.725,-0.631,0.277],"_shiftlockState":true,"_pose":"Running","_animationQueue":[],"_animationSpeed":1.103,"_zoom":11.92},{"_mousePosition":[683,384],"_rootPartCFrame":[758.689,222.7,47.156,0.689,0,0.725,0,1,0,-0.725,0,0.689],"_humanoidState":8,"_cameraCFrame":[763.156,235.198,49.214,0.714,-0.646,0.27,0,0.386,0.923,-0.7,-0.659,0.275],"_shiftlockState":true,"_pose":"Running","_animationQueue":[],"_animationSpeed":1.103,"_zoom":11.92},{"_mousePosition":[683,384],"_rootPartCFrame":[758.423,222.7,47.165,0.714,0,0.7,0,1,0,-0.7,0,0.714],"_humanoidState":8,"_cameraCFrame":[762.629,235.302,49.21,0.742,-0.624,0.244,0,0.364,0.931,-0.67,-0.691,0.27],"_shiftlockState":true,"_pose":"Running","_animationQueue":[],"_animationSpeed":1.103,"_zoom":11.92},{"_mousePosition":[683,384],"_rootPartCFrame":[758.156,222.7,47.163,0.742,0,0.67,0,1,0,-0.67,0,0.742],"_humanoidState":8,"_cameraCFrame":[762.215,235.361,49.189,0.757,-0.612,0.229,0,0.351,0.936,-0.653,-0.709,0.266],"_shiftlockState":true,"_pose":"Running","_animationQueue":[["walk",0.1]],"_animationSpeed":1.103,"_zoom":11.92},{"_mousePosition":[683,384],"_rootPartCFrame":[757.89,222.7,47.151,0.757,0,0.653,0,1,0,-0.653,0,0.757],"_humanoidState":8,"_cameraCFrame":[761.834,235.409,49.138,0.767,-0.603,0.218,0,0.34,0.94,-0.642,-0.721,0.261],"_shiftlockState":true,"_pose":"Running","_animationQueue":[],"_animationSpeed":1.103,"_zoom":11.92},{"_mousePosition":[683,384],"_rootPartCFrame":[757.624,222.7,47.133,0.767,0,0.642,0,1,0,-0.642,0,0.767],"_humanoidState":8,"_cameraCFrame":[761.492,235.44,49.092,0.773,-0.598,0.211,0,0.333,0.943,-0.634,-0.729,0.257],"_shiftlockState":true,"_pose":"Running","_animationQueue":[],"_animationSpeed":1.103,"_zoom":11.92},{"_mousePosition":[683,384],"_rootPartCFrame":[757.358,222.7,47.11,0.773,0,0.634,0,1,0,-0.634,0,0.773],"_humanoidState":8,"_cameraCFrame":[761.184,235.455,49.064,0.778,-0.593,0.207,0,0.329,0.944,-0.628,-0.735,0.256],"_shiftlockState":true,"_pose":"Running","_animationQueue":[],"_animationSpeed":1.103,"_zoom":11.92},{"_mousePosition":[683,384],"_rootPartCFrame":[757.093,222.7,47.084,0.778,0,0.628,0,1,0,-0.628,0,0.778],"_humanoidState":8,"_cameraCFrame":[760.919,235.455,49.038,0.778,-0.593,0.207,0,0.329,0.944,-0.628,-0.735,0.256],"_shiftlockState":true,"_pose":"Running","_animationQueue":[],"_animationSpeed":1.103,"_zoom":11.92},{"_mousePosition":[683,384],"_rootPartCFrame":[756.828,222.7,47.056,0.778,0,0.628,0,1,0,-0.628,0,0.778],"_humanoidState":8,"_cameraCFrame":[760.653,235.455,49.01,0.778,-0.593,0.207,0,0.329,0.944,-0.628,-0.735,0.256],"_shiftlockState":true,"_pose":"Running","_animationQueue":[],"_animationSpeed":1.103,"_zoom":11.92},{"_mousePosition":[683,384],"_rootPartCFrame":[756.562,222.7,47.028,0.778,0,0.628,0,1,0,-0.628,0,0.778],"_humanoidState":8,"_cameraCFrame":[760.388,235.455,48.982,0.778,-0.593,0.207,0,0.329,0.944,-0.628,-0.735,0.256],"_shiftlockState":true,"_pose":"Running","_animationQueue":[],"_animationSpeed":1.103,"_zoom":11.92},{"_mousePosition":[683,384],"_rootPartCFrame":[756.297,222.7,46.999,0.778,0,0.628,0,1,0,-0.628,0,0.778],"_humanoidState":8,"_cameraCFrame":[760.123,235.455,48.953,0.778,-0.593,0.207,0,0.329,0.944,-0.628,-0.735,0.256],"_shiftlockState":true,"_pose":"Running","_animationQueue":[["walk",0.1]],"_animationSpeed":1.103,"_zoom":11.92},{"_mousePosition":[683,384],"_rootPartCFrame":[755.966,222.7,46.964,0.778,0,0.628,0,1,0,-0.628,0,0.778],"_humanoidState":8,"_cameraCFrame":[759.754,235.471,48.903,0.781,-0.59,0.203,0,0.325,0.946,-0.624,-0.739,0.254],"_shiftlockState":true,"_pose":"Running","_animationQueue":[],"_animationSpeed":1.103,"_zoom":11.92},{"_mousePosition":[683,384],"_rootPartCFrame":[755.701,222.7,46.935,0.781,0,0.624,0,1,0,-0.624,0,0.781],"_humanoidState":8,"_cameraCFrame":[759.476,235.478,48.857,0.781,-0.591,0.202,0,0.324,0.946,-0.624,-0.739,0.253],"_shiftlockState":true,"_pose":"Running","_animationQueue":[],"_animationSpeed":1.103,"_zoom":11.92},{"_mousePosition":[683,384],"_rootPartCFrame":[755.436,222.7,46.906,0.781,0,0.624,0,1,0,-0.624,0,0.781],"_humanoidState":8,"_cameraCFrame":[759.183,235.493,48.794,0.781,-0.591,0.2,0,0.32,0.947,-0.624,-0.74,0.25],"_shiftlockState":true,"_pose":"Running","_animationQueue":[],"_animationSpeed":1.103,"_zoom":11.92},{"_mousePosition":[683,384],"_rootPartCFrame":[755.171,222.7,46.876,0.781,0,0.624,0,1,0,-0.624,0,0.781],"_humanoidState":8,"_cameraCFrame":[758.891,235.508,48.73,0.781,-0.592,0.197,0,0.316,0.949,-0.624,-0.741,0.247],"_shiftlockState":true,"_pose":"Running","_animationQueue":[],"_animationSpeed":1.103,"_zoom":11.92},{"_mousePosition":[683,384],"_rootPartCFrame":[754.906,222.7,46.847,0.781,0,0.624,0,1,0,-0.624,0,0.781],"_humanoidState":8,"_cameraCFrame":[758.612,235.515,48.683,0.781,-0.592,0.196,0,0.314,0.949,-0.624,-0.742,0.246],"_shiftlockState":true,"_pose":"Running","_animationQueue":[],"_animationSpeed":1.103,"_zoom":11.92},{"_mousePosition":[683,384],"_rootPartCFrame":[754.641,222.7,46.817,0.781,0,0.624,0,1,0,-0.624,0,0.781],"_humanoidState":8,"_cameraCFrame":[758.333,235.523,48.636,0.781,-0.593,0.195,0,0.313,0.95,-0.624,-0.742,0.244],"_shiftlockState":true,"_pose":"Running","_animationQueue":[["walk",0.1]],"_animationSpeed":1.103,"_zoom":11.92},{"_mousePosition":[683,384],"_rootPartCFrame":[754.31,222.7,46.78,0.781,0,0.624,0,1,0,-0.624,0,0.781],"_humanoidState":8,"_cameraCFrame":[757.975,235.537,48.564,0.781,-0.594,0.193,0,0.309,0.951,-0.624,-0.743,0.241],"_shiftlockState":true,"_pose":"Running","_animationQueue":[],"_animationSpeed":1.103,"_zoom":11.92},{"_mousePosition":[683,384],"_rootPartCFrame":[754.111,222.7,46.758,0.781,0,0.624,0,1,0,-0.624,0,0.781],"_humanoidState":8,"_cameraCFrame":[757.776,235.537,48.542,0.781,-0.594,0.193,0,0.309,0.951,-0.624,-0.743,0.241],"_shiftlockState":true,"_pose":"Running","_animationQueue":[],"_animationSpeed":1.103,"_zoom":11.92},{"_mousePosition":[683,384],"_rootPartCFrame":[753.846,222.7,46.728,0.781,0,0.624,0,1,0,-0.624,0,0.781],"_humanoidState":8,"_cameraCFrame":[757.502,235.544,48.486,0.78,-0.596,0.192,0,0.307,0.952,-0.626,-0.742,0.239],"_shiftlockState":true,"_pose":"Running","_animationQueue":[],"_animationSpeed":1.103,"_zoom":11.92},{"_mousePosition":[683,384],"_rootPartCFrame":[753.581,222.7,46.698,0.78,0,0.626,0,1,0,-0.626,0,0.78],"_humanoidState":8,"_cameraCFrame":[757.241,235.544,48.447,0.778,-0.598,0.193,0,0.307,0.952,-0.628,-0.741,0.239],"_shiftlockState":true,"_pose":"Running","_animationQueue":[],"_animationSpeed":1.103,"_zoom":11.92},{"_mousePosition":[683,384],"_rootPartCFrame":[753.316,222.7,46.669,0.778,0,0.628,0,1,0,-0.628,0,0.778],"_humanoidState":8,"_cameraCFrame":[756.953,235.558,48.374,0.777,-0.6,0.191,0,0.303,0.953,-0.63,-0.74,0.236],"_shiftlockState":true,"_pose":"Running","_animationQueue":[],"_animationSpeed":1.103,"_zoom":11.92},{"_mousePosition":[683,384],"_rootPartCFrame":[753.051,222.7,46.641,0.777,0,0.63,0,1,0,-0.63,0,0.777],"_humanoidState":8,"_cameraCFrame":[756.682,235.565,48.31,0.773,-0.604,0.191,0,0.301,0.953,-0.634,-0.737,0.233],"_shiftlockState":true,"_pose":"Running","_animationQueue":[],"_animationSpeed":1.103,"_zoom":11.92},{"_mousePosition":[683,384],"_rootPartCFrame":[752.786,222.7,46.613,0.773,0,0.634,0,1,0,-0.634,0,0.773],"_humanoidState":8,"_cameraCFrame":[756.411,235.572,48.247,0.77,-0.609,0.191,0,0.3,0.954,-0.638,-0.735,0.231],"_shiftlockState":true,"_pose":"Running","_animationQueue":[["walk",0.1]],"_animationSpeed":1.103,"_zoom":11.92},{"_mousePosition":[683,384],"_rootPartCFrame":[752.521,222.7,46.587,0.77,0,0.638,0,1,0,-0.638,0,0.77],"_humanoidState":8,"_cameraCFrame":[756.13,235.586,48.159,0.765,-0.615,0.19,0,0.296,0.955,-0.644,-0.731,0.226],"_shiftlockState":true,"_pose":"Running","_animationQueue":[],"_animationSpeed":1.103,"_zoom":11.92},{"_mousePosition":[683,384],"_rootPartCFrame":[752.189,222.7,46.555,0.765,0,0.644,0,1,0,-0.644,0,0.765],"_humanoidState":8,"_cameraCFrame":[755.791,235.593,48.093,0.762,-0.619,0.19,0,0.294,0.956,-0.648,-0.728,0.224],"_shiftlockState":true,"_pose":"Running","_animationQueue":[],"_animationSpeed":1.103,"_zoom":11.92},{"_mousePosition":[683,384],"_rootPartCFrame":[751.923,222.7,46.532,0.762,0,0.648,0,1,0,-0.648,0,0.762],"_humanoidState":8,"_cameraCFrame":[755.512,235.607,47.999,0.755,-0.627,0.19,0,0.29,0.957,-0.655,-0.723,0.219],"_shiftlockState":true,"_pose":"Running","_animationQueue":[],"_animationSpeed":1.103,"_zoom":11.92},{"_mousePosition":[683,384],"_rootPartCFrame":[751.657,222.7,46.51,0.755,0,0.655,0,1,0,-0.655,0,0.755],"_humanoidState":8,"_cameraCFrame":[755.243,235.613,47.933,0.75,-0.633,0.191,0,0.288,0.958,-0.661,-0.719,0.216],"_shiftlockState":true,"_pose":"Running","_animationQueue":[],"_animationSpeed":1.103,"_zoom":11.92},{"_mousePosition":[683,384],"_rootPartCFrame":[751.258,222.7,46.482,0.75,0,0.661,0,1,0,-0.661,0,0.75],"_humanoidState":8,"_cameraCFrame":[754.84,235.62,47.861,0.745,-0.639,0.191,0,0.287,0.958,-0.667,-0.714,0.214],"_shiftlockState":true,"_pose":"Running","_animationQueue":[],"_animationSpeed":1.103,"_zoom":11.92},{"_mousePosition":[683,384],"_rootPartCFrame":[751.059,222.7,46.469,0.745,0,0.667,0,1,0,-0.667,0,0.745],"_humanoidState":8,"_cameraCFrame":[754.625,235.627,47.832,0.745,-0.639,0.19,0,0.285,0.959,-0.667,-0.715,0.212],"_shiftlockState":true,"_pose":"Running","_animationQueue":[["walk",0.1]],"_animationSpeed":1.103,"_zoom":11.92},{"_mousePosition":[683,384],"_rootPartCFrame":[750.793,222.7,46.454,0.745,0,0.667,0,1,0,-0.667,0,0.745],"_humanoidState":8,"_cameraCFrame":[754.359,235.627,47.816,0.745,-0.639,0.19,0,0.285,0.959,-0.667,-0.715,0.212],"_shiftlockState":true,"_pose":"Running","_animationQueue":[],"_animationSpeed":1.103,"_zoom":11.92},{"_mousePosition":[683,384],"_rootPartCFrame":[750.593,222.7,46.443,0.745,0,0.667,0,1,0,-0.667,0,0.745],"_humanoidState":8,"_cameraCFrame":[754.159,235.627,47.805,0.745,-0.639,0.19,0,0.285,0.959,-0.667,-0.715,0.212],"_shiftlockState":true,"_pose":"Running","_animationQueue":[],"_animationSpeed":1.103,"_zoom":11.92},{"_mousePosition":[683,384],"_rootPartCFrame":[750.26,222.7,46.424,0.745,0,0.667,0,1,0,-0.667,0,0.745],"_humanoidState":8,"_cameraCFrame":[753.826,235.627,47.787,0.745,-0.639,0.19,0,0.285,0.959,-0.667,-0.715,0.212],"_shiftlockState":true,"_pose":"Running","_animationQueue":[],"_animationSpeed":1.103,"_zoom":11.92},{"_mousePosition":[683,384],"_rootPartCFrame":[750.06,222.7,46.413,0.745,0,0.667,0,1,0,-0.667,0,0.745],"_humanoidState":8,"_cameraCFrame":[753.626,235.627,47.775,0.745,-0.639,0.19,0,0.285,0.959,-0.667,-0.715,0.212],"_shiftlockState":true,"_pose":"Running","_animationQueue":[],"_animationSpeed":1.103,"_zoom":11.92},{"_mousePosition":[683,384],"_rootPartCFrame":[749.794,222.7,46.398,0.745,0,0.667,0,1,0,-0.667,0,0.745],"_humanoidState":8,"_cameraCFrame":[753.345,235.633,47.744,0.745,-0.639,0.188,0,0.283,0.959,-0.667,-0.715,0.211],"_shiftlockState":true,"_pose":"Running","_animationQueue":[],"_animationSpeed":1.103,"_zoom":11.92},{"_mousePosition":[683,384],"_rootPartCFrame":[749.527,222.7,46.383,0.745,0,0.667,0,1,0,-0.667,0,0.745],"_humanoidState":8,"_cameraCFrame":[753.064,235.64,47.713,0.745,-0.64,0.187,0,0.281,0.96,-0.667,-0.715,0.209],"_shiftlockState":true,"_pose":"Running","_animationQueue":[],"_animationSpeed":1.103,"_zoom":11.92},{"_mousePosition":[683,384],"_rootPartCFrame":[749.261,222.7,46.368,0.745,0,0.667,0,1,0,-0.667,0,0.745],"_humanoidState":8,"_cameraCFrame":[752.779,235.646,47.69,0.747,-0.638,0.185,0,0.279,0.96,-0.665,-0.717,0.208],"_shiftlockState":true,"_pose":"Running","_animationQueue":[["walk",0.1]],"_animationSpeed":1.103,"_zoom":11.92},{"_mousePosition":[683,384],"_rootPartCFrame":[748.995,222.7,46.353,0.747,0,0.665,0,1,0,-0.665,0,0.747],"_humanoidState":8,"_cameraCFrame":[752.446,235.659,47.738,0.765,-0.619,0.177,0,0.275,0.961,-0.644,-0.736,0.211],"_shiftlockState":true,"_pose":"Running","_animationQueue":[],"_animationSpeed":1.103,"_zoom":11.92},{"_mousePosition":[683,384],"_rootPartCFrame":[748.729,222.7,46.338,0.765,0,0.644,0,1,0,-0.644,0,0.765],"_humanoidState":8,"_cameraCFrame":[752.115,235.665,47.827,0.788,-0.593,0.168,0,0.273,0.962,-0.616,-0.758,0.215],"_shiftlockState":true,"_pose":"Running","_animationQueue":[],"_animationSpeed":1.103,"_zoom":11.92},{"_mousePosition":[683,384],"_rootPartCFrame":[748.463,222.7,46.316,0.788,0,0.616,0,1,0,-0.616,0,0.788],"_humanoidState":8,"_cameraCFrame":[751.757,235.665,47.999,0.822,-0.548,0.156,0,0.273,0.962,-0.569,-0.791,0.225],"_shiftlockState":true,"_pose":"Running","_animationQueue":[],"_animationSpeed":1.103,"_zoom":11.92},{"_mousePosition":[683,384],"_rootPartCFrame":[748.198,222.7,46.285,0.822,0,0.569,0,1,0,-0.569,0,0.822],"_humanoidState":8,"_cameraCFrame":[751.314,235.672,48.242,0.871,-0.474,0.134,0,0.272,0.962,-0.492,-0.838,0.236],"_shiftlockState":true,"_pose":"Running","_animationQueue":[],"_animationSpeed":1.103,"_zoom":11.92},{"_mousePosition":[683,384],"_rootPartCFrame":[747.959,222.7,46.092,0.871,0,0.492,0,1,0,-0.492,0,0.871],"_humanoidState":8,"_cameraCFrame":[750.804,235.672,48.426,0.926,-0.364,0.103,0,0.272,0.962,-0.378,-0.891,0.251],"_shiftlockState":true,"_pose":"Running","_animationQueue":[],"_animationSpeed":1.103,"_zoom":11.92},{"_mousePosition":[683,384],"_rootPartCFrame":[747.824,222.7,45.863,0.928,0,0.373,0,1,0,-0.373,0,0.928],"_humanoidState":8,"_cameraCFrame":[750.325,235.646,48.669,0.97,-0.232,0.067,0,0.279,0.96,-0.241,-0.932,0.271],"_shiftlockState":true,"_pose":"Running","_animationQueue":[["walk",0.1]],"_animationSpeed":1.103,"_zoom":11.92},{"_mousePosition":[683,384],"_rootPartCFrame":[747.692,223.573,45.632,0.972,0,0.234,0,1,0,-0.234,0,0.972],"_humanoidState":3,"_cameraCFrame":[749.783,236.486,48.873,0.995,-0.098,0.029,0,0.288,0.958,-0.102,-0.953,0.287],"_shiftlockState":true,"_pose":"Jumping","_animationQueue":[["walk",0.1],["jump",0.1]],"_animationSpeed":1,"_zoom":11.92},{"_mousePosition":[683,384],"_rootPartCFrame":[747.607,224.194,45.452,0.994,0,0.109,0,1,0,-0.109,0,0.994],"_humanoidState":5,"_cameraCFrame":[749.233,237.067,49.081,0.999,0.033,-0.01,0,0.3,0.954,0.035,-0.954,0.299],"_shiftlockState":true,"_pose":"FreeFall","_animationQueue":[["jump",0.1]],"_animationSpeed":1,"_zoom":11.92},{"_mousePosition":[683,384],"_rootPartCFrame":[747.527,224.976,45.202,1,0,-0.018,0,1,0,0.018,0,1],"_humanoidState":5,"_cameraCFrame":[748.69,237.806,49.13,0.988,0.145,-0.048,0,0.311,0.951,0.153,-0.939,0.307],"_shiftlockState":true,"_pose":"FreeFall","_animationQueue":[],"_animationSpeed":1,"_zoom":11.92},{"_mousePosition":[683,384],"_rootPartCFrame":[747.486,225.702,44.944,0.991,0,-0.137,0,1,0,0.137,0,0.991],"_humanoidState":5,"_cameraCFrame":[748.286,238.488,49.084,0.972,0.222,-0.076,0,0.322,0.947,0.235,-0.92,0.313],"_shiftlockState":true,"_pose":"FreeFall","_animationQueue":[],"_animationSpeed":1,"_zoom":11.92},{"_mousePosition":[683,384],"_rootPartCFrame":[747.484,226.374,44.683,0.975,0,-0.223,0,1,0,0.223,0,0.975],"_humanoidState":5,"_cameraCFrame":[748.025,239.115,48.985,0.958,0.27,-0.095,0,0.333,0.943,0.286,-0.904,0.319],"_shiftlockState":true,"_pose":"FreeFall","_animationQueue":[],"_animationSpeed":1,"_zoom":11.92},{"_mousePosition":[683,384],"_rootPartCFrame":[747.521,226.992,44.422,0.961,0,-0.278,0,1,0,0.278,0,0.961],"_humanoidState":5,"_cameraCFrame":[747.898,239.693,48.842,0.949,0.296,-0.108,0,0.342,0.94,0.315,-0.892,0.325],"_shiftlockState":true,"_pose":"FreeFall","_animationQueue":[],"_animationSpeed":1,"_zoom":11.92},{"_mousePosition":[683,384],"_rootPartCFrame":[747.592,227.555,44.165,0.951,0,-0.31,0,1,0,0.31,0,0.951],"_humanoidState":5,"_cameraCFrame":[747.891,240.232,48.652,0.945,0.307,-0.114,0,0.347,0.938,0.327,-0.886,0.328],"_shiftlockState":true,"_pose":"FreeFall","_animationQueue":[],"_animationSpeed":1,"_zoom":11.92},{"_mousePosition":[683,384],"_rootPartCFrame":[747.675,228.064,43.912,0.946,0,-0.325,0,1,0,0.325,0,0.946],"_humanoidState":5,"_cameraCFrame":[747.962,240.741,48.399,0.944,0.309,-0.115,0,0.347,0.938,0.33,-0.885,0.328],"_shiftlockState":true,"_pose":"FreeFall","_animationQueue":[],"_animationSpeed":1,"_zoom":11.92},{"_mousePosition":[683,384],"_rootPartCFrame":[747.762,228.518,43.66,0.944,0,-0.329,0,1,0,0.329,0,0.944],"_humanoidState":5,"_cameraCFrame":[748.049,241.195,48.147,0.944,0.309,-0.115,0,0.347,0.938,0.33,-0.885,0.328],"_shiftlockState":true,"_pose":"FreeFall","_animationQueue":[],"_animationSpeed":1,"_zoom":11.92},{"_mousePosition":[683,384],"_rootPartCFrame":[747.85,228.918,43.408,0.944,0,-0.329,0,1,0,0.329,0,0.944],"_humanoidState":5,"_cameraCFrame":[748.16,241.595,47.894,0.946,0.305,-0.113,0,0.347,0.938,0.325,-0.887,0.329],"_shiftlockState":true,"_pose":"FreeFall","_animationQueue":[],"_animationSpeed":1,"_zoom":11.92},{"_mousePosition":[683,384],"_rootPartCFrame":[747.96,229.34,43.093,0.946,0,-0.325,0,1,0,0.325,0,0.946],"_humanoidState":5,"_cameraCFrame":[748.292,242.018,47.578,0.947,0.3,-0.111,0,0.347,0.938,0.32,-0.888,0.329],"_shiftlockState":true,"_pose":"FreeFall","_animationQueue":[],"_animationSpeed":1,"_zoom":11.92},{"_mousePosition":[683,384],"_rootPartCFrame":[748.039,229.545,42.865,0.947,0,-0.32,0,1,0,0.32,0,0.947],"_humanoidState":12,"_cameraCFrame":[748.395,242.223,47.347,0.949,0.296,-0.11,0,0.347,0.938,0.315,-0.89,0.33],"_shiftlockState":true,"_pose":"Climbing","_animationQueue":[["walk",0.1],["climb",0.1]],"_animationSpeed":1.555,"_zoom":11.92},{"_mousePosition":[683,384],"_rootPartCFrame":[748.082,229.672,42.783,0.966,-0.002,-0.258,0.008,1,0.021,0.258,-0.023,0.966],"_humanoidState":12,"_cameraCFrame":[748.468,242.349,47.228,0.951,0.289,-0.107,0,0.347,0.938,0.308,-0.892,0.331],"_shiftlockState":true,"_pose":"Climbing","_animationQueue":[["climb",0.1]],"_animationSpeed":0.946,"_zoom":11.92},{"_mousePosition":[683,384],"_rootPartCFrame":[748.113,229.856,42.764,0.96,-0.001,-0.279,0.005,1,0.011,0.279,-0.012,0.96],"_humanoidState":12,"_cameraCFrame":[748.55,242.525,47.241,0.955,0.277,-0.103,0,0.349,0.937,0.296,-0.895,0.334],"_shiftlockState":true,"_pose":"Climbing","_animationQueue":[["climb",0.1]],"_animationSpeed":0.842,"_zoom":11.92},{"_mousePosition":[683,384],"_rootPartCFrame":[748.116,230.042,42.761,0.956,0,-0.293,0,1,0,0.293,0,0.956],"_humanoidState":12,"_cameraCFrame":[748.641,242.703,47.267,0.961,0.259,-0.097,0,0.351,0.936,0.276,-0.9,0.337],"_shiftlockState":true,"_pose":"Climbing","_animationQueue":[["climb",0.1]],"_animationSpeed":0.932,"_zoom":11.92},{"_mousePosition":[683,384],"_rootPartCFrame":[748.116,230.229,42.76,0.961,0,-0.276,0,1,-0.001,0.276,0.001,0.961],"_humanoidState":12,"_cameraCFrame":[748.784,242.882,47.27,0.97,0.229,-0.086,0,0.353,0.936,0.245,-0.907,0.342],"_shiftlockState":true,"_pose":"Climbing","_animationQueue":[],"_animationSpeed":0.932,"_zoom":11.92},{"_mousePosition":[683,384],"_rootPartCFrame":[748.116,230.416,42.76,0.97,0,-0.245,0,1,0,0.245,0,0.97],"_humanoidState":12,"_cameraCFrame":[748.961,243.06,47.259,0.979,0.192,-0.073,0,0.355,0.935,0.205,-0.915,0.347],"_shiftlockState":true,"_pose":"Climbing","_animationQueue":[],"_animationSpeed":0.932,"_zoom":11.92},{"_mo