[{"_mousePosition":[759,366],"_rootPartCFrame":[776.024,222.7,47.142,0.004,0,1,0,1,0,-1,0,0.004],"_humanoidState":8,"_cameraCFrame":[776.086,239.359,44.431,-1,-0.022,0.004,0,0.176,0.984,-0.023,0.984,-0.176],"_shiftlockState":false,"_pose":"Standing","_animationQueue":[],"_animationSpeed":1,"_zoom":15.4},{"_mousePosition":[759,366],"_rootPartCFrame":[775.852,222.695,47.138,0.006,0,1,0,1,0,-1,0,0.006],"_humanoidState":8,"_cameraCFrame":[775.914,239.354,44.427,-1,-0.022,0.004,0,0.176,0.984,-0.023,0.984,-0.176],"_shiftlockState":false,"_pose":"Standing","_animationQueue":[],"_animationSpeed":1,"_zoom":15.4},{"_mousePosition":[759,366],"_rootPartCFrame":[775.588,222.696,47.132,0.008,0,1,0,1,0,-1,0,0.008],"_humanoidState":8,"_cameraCFrame":[775.65,239.356,44.421,-1,-0.022,0.004,0,0.176,0.984,-0.023,0.984,-0.176],"_shiftlockState":false,"_pose":"Running","_animationQueue":[["walk",0.1]],"_animationSpeed":1.003,"_zoom":15.4},{"_mousePosition":[759,366],"_rootPartCFrame":[775.321,222.698,47.126,0.01,0,1,0,1,0,-1,0,0.01],"_humanoidState":8,"_cameraCFrame":[775.383,239.357,44.415,-1,-0.022,0.004,0,0.176,0.984,-0.023,0.984,-0.176],"_shiftlockState":false,"_pose":"Running","_animationQueue":[["walk",0.1]],"_animationSpeed":1.101,"_zoom":15.4},{"_mousePosition":[759,366],"_rootPartCFrame":[775.054,222.699,47.12,0.012,0,1,0,1,0,-1,0,0.012],"_humanoidState":8,"_cameraCFrame":[775.116,239.358,44.409,-1,-0.022,0.004,0,0.176,0.984,-0.023,0.984,-0.176],"_shiftlockState":false,"_pose":"Running","_animationQueue":[],"_animationSpeed":1.101,"_zoom":15.4},{"_mousePosition":[759,366],"_rootPartCFrame":[774.788,222.699,47.114,0.013,0,1,0,1,0,-1,0,0.013],"_humanoidState":8,"_cameraCFrame":[774.85,239.359,44.403,-1,-0.022,0.004,0,0.176,0.984,-0.023,0.984,-0.176],"_shiftlockState":false,"_pose":"Running","_animationQueue":[],"_animationSpeed":1.101,"_zoom":15.4},{"_mousePosition":[759,366],"_rootPartCFrame":[774.521,222.699,47.108,0.015,0,1,0,1,0,-1,0,0.015],"_humanoidState":8,"_cameraCFrame":[774.583,239.359,44.397,-1,-0.022,0.004,0,0.176,0.984,-0.023,0.984,-0.176],"_shiftlockState":false,"_pose":"Running","_animationQueue":[["walk",0.1]],"_animationSpeed":1.101,"_zoom":15.4},{"_mousePosition":[759,366],"_rootPartCFrame":[774.255,222.699,47.102,0.016,0,1,0,1,0,-1,0,0.016],"_humanoidState":8,"_cameraCFrame":[774.317,239.359,44.391,-1,-0.022,0.004,0,0.176,0.984,-0.023,0.984,-0.176],"_shiftlockState":false,"_pose":"Running","_animationQueue":[],"_animationSpeed":1.101,"_zoom":15.4},{"_mousePosition":[759,366],"_rootPartCFrame":[773.988,222.7,47.095,0.017,0,1,0,1,0,-1,0,0.017],"_humanoidState":8,"_cameraCFrame":[772.3,239.359,44.345,-1,-0.022,0.004,0,0.176,0.984,-0.023,0.984,-0.176],"_shiftlockState":true,"_pose":"Running","_animationQueue":[],"_animationSpeed":1.101,"_zoom":15.4},{"_mousePosition":[683,384],"_rootPartCFrame":[773.721,222.7,47.089,-0.997,0,-0.071,0,1,0,0.071,0,-0.997],"_humanoidState":8,"_cameraCFrame":[772.034,239.359,44.339,-1,-0.022,0.004,0,0.176,0.984,-0.023,0.984,-0.176],"_shiftlockState":true,"_pose":"Running","_animationQueue":[],"_animationSpeed":1.101,"_zoom":15.4},{"_mousePosition":[683,384],"_rootPartCFrame":[773.455,222.7,47.083,-1,0,0.013,0,1,0,-0.013,0,-1],"_humanoidState":8,"_cameraCFrame":[771.767,239.359,44.333,-1,-0.022,0.004,0,0.176,0.984,-0.023,0.984,-0.176],"_shiftlockState":true,"_pose":"Running","_animationQueue":[],"_animationSpeed":1.101,"_zoom":15.4},{"_mousePosition":[683,384],"_rootPartCFrame":[773.188,222.7,47.077,-1,0,0.023,0,1,0,-0.023,0,-1],"_humanoidState":8,"_cameraCFrame":[771.501,239.359,44.327,-1,-0.022,0.004,0,0.176,0.984,-0.023,0.984,-0.176],"_shiftlockState":true,"_pose":"Running","_animationQueue":[],"_animationSpeed":1.101,"_zoom":15.4},{"_mousePosition":[683,384],"_rootPartCFrame":[772.922,222.7,47.071,-1,0,0.023,0,1,0,-0.023,0,-1],"_humanoidState":8,"_cameraCFrame":[771.234,239.359,44.32,-1,-0.022,0.004,0,0.176,0.984,-0.023,0.984,-0.176],"_shiftlockState":true,"_pose":"Running","_animationQueue":[],"_animationSpeed":1.101,"_zoom":15.4},{"_mousePosition":[683,384],"_rootPartCFrame":[772.655,222.7,47.065,-1,0,0.023,0,1,0,-0.023,0,-1],"_humanoidState":8,"_cameraCFrame":[770.967,239.359,44.314,-1,-0.022,0.004,0,0.176,0.984,-0.023,0.984,-0.176],"_shiftlockState":true,"_pose":"Running","_animationQueue":[["walk",0.1]],"_animationSpeed":1.101,"_zoom":15.4},{"_mousePosition":[683,384],"_rootPartCFrame":[772.388,222.7,47.059,-1,0,0.023,0,1,0,-0.023,0,-1],"_humanoidState":8,"_cameraCFrame":[770.701,239.359,44.308,-1,-0.022,0.004,0,0.176,0.984,-0.023,0.984,-0.176],"_shiftlockState":true,"_pose":"Running","_animationQueue":[],"_animationSpeed":1.101,"_zoom":15.4},{"_mousePosition":[683,384],"_rootPartCFrame":[772.122,222.7,47.053,-1,0,0.023,0,1,0,-0.023,0,-1],"_humanoidState":8,"_cameraCFrame":[770.434,239.359,44.302,-1,-0.022,0.004,0,0.176,0.984,-0.023,0.984,-0.176],"_shiftlockState":true,"_pose":"Running","_animationQueue":[],"_animationSpeed":1.101,"_zoom":15.4},{"_mousePosition":[683,384],"_rootPartCFrame":[771.855,222.7,47.047,-1,0,0.023,0,1,0,-0.023,0,-1],"_humanoidState":8,"_cameraCFrame":[770.167,239.364,44.326,-1,-0.023,0.004,0,0.174,0.985,-0.023,0.984,-0.174],"_shiftlockState":true,"_pose":"Running","_animationQueue":[],"_animationSpeed":1.101,"_zoom":15.4},{"_mousePosition":[683,384],"_rootPartCFrame":[771.589,222.7,47.041,-1,0,0.023,0,1,0,-0.023,0,-1],"_humanoidState":8,"_cameraCFrame":[769.9,239.364,44.319,-1,-0.023,0.004,0,0.174,0.985,-0.023,0.984,-0.174],"_shiftlockState":true,"_pose":"Running","_animationQueue":[],"_animationSpeed":1.101,"_zoom":15.4},{"_mousePosition":[683,384],"_rootPartCFrame":[771.322,222.7,47.034,-1,0,0.023,0,1,0,-0.023,0,-1],"_humanoidState":8,"_cameraCFrame":[769.634,239.366,44.321,-1,-0.023,0.004,0,0.174,0.985,-0.023,0.985,-0.174],"_shiftlockState":true,"_pose":"Running","_animationQueue":[],"_animationSpeed":1.101,"_zoom":15.4},{"_mousePosition":[683,384],"_rootPartCFrame":[771.055,222.7,47.028,-1,0,0.023,0,1,0,-0.023,0,-1],"_humanoidState":8,"_cameraCFrame":[769.367,239.366,44.315,-1,-0.023,0.004,0,0.174,0.985,-0.023,0.985,-0.174],"_shiftlockState":true,"_pose":"Running","_animationQueue":[["walk",0.1]],"_animationSpeed":1.101,"_zoom":15.4},{"_mousePosition":[683,384],"_rootPartCFrame":[770.722,223.783,47.021,-1,0,0.023,0,1,0,-0.023,0,-1],"_humanoidState":3,"_cameraCFrame":[769.034,240.449,44.307,-1,-0.023,0.004,0,0.174,0.985,-0.023,0.985,-0.174],"_shiftlockState":true,"_pose":"Jumping","_animationQueue":[["walk",0.1],["jump",0.1]],"_animationSpeed":1,"_zoom":15.4},{"_mousePosition":[683,384],"_rootPartCFrame":[770.456,224.592,47.015,-0.993,0,0.115,0,1,0,-0.115,0,-0.993],"_humanoidState":5,"_cameraCFrame":[768.767,241.258,44.301,-1,-0.023,0.004,0,0.174,0.985,-0.023,0.985,-0.174],"_shiftlockState":true,"_pose":"FreeFall","_animationQueue":[["jump",0.1]],"_animationSpeed":1,"_zoom":15.4},{"_mousePosition":[683,384],"_rootPartCFrame":[770.256,225.162,47.01,-0.993,0,0.118,0,1,0,-0.118,0,-0.993],"_humanoidState":5,"_cameraCFrame":[768.567,241.828,44.297,-1,-0.023,0.004,0,0.174,0.985,-0.023,0.985,-0.174],"_shiftlockState":true,"_pose":"FreeFall","_animationQueue":[],"_animationSpeed":1,"_zoom":15.4},{"_mousePosition":[683,384],"_rootPartCFrame":[769.989,225.875,47.004,-0.988,0,0.155,0,1,0,-0.155,0,-0.988],"_humanoidState":5,"_cameraCFrame":[768.301,242.541,44.291,-1,-0.023,0.004,0,0.174,0.985,-0.023,0.985,-0.174],"_shiftlockState":true,"_pose":"FreeFall","_animationQueue":[],"_animationSpeed":1,"_zoom":15.4},{"_mousePosition":[683,384],"_rootPartCFrame":[769.722,226.534,46.998,-0.988,0,0.155,0,1,0,-0.155,0,-0.988],"_humanoidState":5,"_cameraCFrame":[768.048,243.2,44.276,-1,-0.027,0.005,0,0.174,0.985,-0.028,0.984,-0.174],"_shiftlockState":true,"_pose":"FreeFall","_animationQueue":[],"_animationSpeed":1,"_zoom":15.4},{"_mousePosition":[683,384],"_rootPartCFrame":[769.456,227.138,46.992,-0.987,0,0.16,0,1,0,-0.16,0,-0.987],"_humanoidState":5,"_cameraCFrame":[767.795,243.804,44.261,-0.999,-0.032,0.006,0,0.174,0.985,-0.033,0.984,-0.174],"_shiftlockState":true,"_pose":"FreeFall","_animationQueue":[],"_animationSpeed":1,"_zoom":15.4},{"_mousePosition":[683,384],"_rootPartCFrame":[769.123,227.816,46.983,-0.98,0,0.198,0,1,0,-0.198,0,-0.98],"_humanoidState":5,"_cameraCFrame":[767.489,244.482,44.236,-0.999,-0.042,0.007,0,0.174,0.985,-0.043,0.984,-0.173],"_shiftlockState":true,"_pose":"FreeFall","_animationQueue":[],"_animationSpeed":1,"_zoom":15.4},{"_mousePosition":[683,384],"_rootPartCFrame":[768.923,228.182,46.976,-0.99,0,0.143,0,1,0,-0.143,0,-0.99],"_humanoidState":5,"_cameraCFrame":[767.324,244.848,44.209,-0.998,-0.055,0.01,0,0.174,0.985,-0.056,0.983,-0.173],"_shiftlockState":true,"_pose":"FreeFall","_animationQueue":[],"_animationSpeed":1,"_zoom":15.4},{"_mousePosition":[683,384],"_rootPartCFrame":[768.656,228.623,46.965,-0.982,0,0.188,0,1,0,-0.188,0,-0.982],"_humanoidState":5,"_cameraCFrame":[767.097,245.028,44.22,-0.997,-0.07,0.012,0,0.174,0.985,-0.071,0.982,-0.173],"_shiftlockState":true,"_pose":"FreeFall","_animationQueue":[],"_animationSpeed":1,"_zoom":11.92},{"_mousePosition":[683,384],"_rootPartCFrame":[768.39,229.009,46.951,-0.979,0,0.203,0,1,0,-0.203,0,-0.979],"_humanoidState":5,"_cameraCFrame":[766.864,244.854,44.28,-0.996,-0.085,0.015,0,0.174,0.985,-0.086,0.981,-0.173],"_shiftlockState":true,"_pose":"FreeFall","_animationQueue":[],"_animationSpeed":1,"_zoom":11.92},{"_mousePosition":[683,384],"_rootPartCFrame":[768.124,229.34,46.933,-0.976,0,0.218,0,1,0,-0.218,0,-0.976],"_humanoidState":5,"_cameraCFrame":[766.615,244.625,44.345,-0.995,-0.095,0.017,0,0.174,0.985,-0.096,0.98,-0.173],"_shiftlockState":true,"_pose":"FreeFall","_animationQueue":[],"_animationSpeed":1,"_zoom":11.92},{"_mousePosition":[683,384],"_rootPartCFrame":[767.858,229.617,46.91,-0.974,0,0.228,0,1,0,-0.228,0,-0.974],"_humanoidState":5,"_cameraCFrame":[766.366,244.376,44.4,-0.994,-0.105,0.018,0,0.174,0.985,-0.106,0.979,-0.173],"_shiftlockState":true,"_pose":"FreeFall","_animationQueue":[],"_animationSpeed":1,"_zoom":11.92},{"_mousePosition":[683,384],"_rootPartCFrame":[767.593,229.84,46.885,-0.971,0,0.237,0,1,0,-0.237,0,-0.971],"_humanoidState":5,"_cameraCFrame":[766.106,244.199,44.437,-0.994,-0.11,0.019,0,0.174,0.985,-0.111,0.979,-0.173],"_shiftlockState":true,"_pose":"FreeFall","_animationQueue":[],"_animationSpeed":1,"_zoom":11.92},{"_mousePosition":[683,384],"_rootPartCFrame":[767.327,230.008,46.857,-0.97,0,0.242,0,1,0,-0.242,0,-0.97],"_humanoidState":5,"_cameraCFrame":[765.84,244.04,44.463,-0.994,-0.112,0.02,0,0.174,0.985,-0.114,0.978,-0.173],"_shiftlockState":true,"_pose":"FreeFall","_animationQueue":[],"_animationSpeed":1,"_zoom":11.92},{"_mousePosition":[683,384],"_rootPartCFrame":[767.062,230.122,46.828,-0.97,0,0.245,0,1,0,-0.245,0,-0.97],"_humanoidState":5,"_cameraCFrame":[765.57,243.901,44.478,-0.994,-0.112,0.02,0,0.174,0.985,-0.114,0.978,-0.173],"_shiftlockState":true,"_pose":"FreeFall","_animationQueue":[],"_animationSpeed":1,"_zoom":11.92},{"_mousePosition":[683,384],"_rootPartCFrame":[766.797,230.181,46.798,-0.97,0,0.245,0,1,0,-0.245,0,-0.97],"_humanoidState":5,"_cameraCFrame":[765.302,243.808,44.474,-0.994,-0.112,0.02,0,0.174,0.985,-0.114,0.978,-0.173],"_shiftlockState":true,"_pose":"FreeFall","_animationQueue":[],"_animationSpeed":1,"_zoom":11.92},{"_mousePosition":[683,384],"_rootPartCFrame":[766.533,230.185,46.767,-0.97,0,0.245,0,1,0,-0.245,0,-0.97],"_humanoidState":5,"_cameraCFrame":[765.046,243.683,44.459,-0.993,-0.117,0.021,0,0.174,0.985,-0.119,0.978,-0.172],"_shiftlockState":true,"_pose":"FreeFall","_animationQueue":[],"_animationSpeed":1,"_zoom":11.92},{"_mousePosition":[683,384],"_rootPartCFrame":[766.268,230.135,46.737,-0.968,0,0.25,0,1,0,-0.25,0,-0.968],"_humanoidState":5,"_cameraCFrame":[764.785,243.553,44.439,-0.993,-0.119,0.021,0,0.174,0.985,-0.121,0.978,-0.172],"_shiftlockState":true,"_pose":"FreeFall","_animationQueue":[],"_animationSpeed":1,"_zoom":11.92},{"_mousePosition":[683,384],"_rootPartCFrame":[766.003,230.031,46.705,-0.968,0,0.252,0,1,0,-0.252,0,-0.968],"_humanoidState":5,"_cameraCFrame":[764.531,243.392,44.41,-0.992,-0.124,0.022,0,0.174,0.985,-0.126,0.977,-0.172],"_shiftlockState":true,"_pose":"FreeFall","_animationQueue":[],"_animationSpeed":1,"_zoom":11.92},{"_mousePosition":[683,384],"_rootPartCFrame":[765.738,229.872,46.673,-0.966,0,0.257,0,1,0,-0.257,0,-0.966],"_humanoidState":5,"_cameraCFrame":[764.277,243.19,44.377,-0.991,-0.129,0.023,0,0.174,0.985,-0.131,0.976,-0.172],"_shiftlockState":true,"_pose":"FreeFall","_animationQueue":[["fall",0.3]],"_animationSpeed":1,"_zoom":11.92},{"_mousePosition":[683,384],"_rootPartCFrame":[765.473,229.658,46.64,-0.965,0,0.262,0,1,0,-0.262,0,-0.965],"_humanoidState":5,"_cameraCFrame":[764.012,242.951,44.348,-0.991,-0.129,0.023,0,0.174,0.985,-0.131,0.976,-0.172],"_shiftlockState":true,"_pose":"FreeFall","_animationQueue":[],"_animationSpeed":1,"_zoom":11.92},{"_mousePosition":[683,384],"_rootPartCFrame":[765.209,229.39,46.605,-0.965,0,0.262,0,1,0,-0.262,0,-0.965],"_humanoidState":5,"_cameraCFrame":[763.747,242.666,44.317,-0.991,-0.129,0.023,0,0.174,0.985,-0.131,0.976,-0.172],"_shiftlockState":true,"_pose":"FreeFall","_animationQueue":[],"_animationSpeed":1,"_zoom":11.92},{"_mousePosition":[683,384],"_rootPartCFrame":[764.945,229.068,46.57,-0.965,0,0.262,0,1,0,-0.262,0,-0.965],"_humanoidState":5,"_cameraCFrame":[763.482,242.331,44.284,-0.991,-0.129,0.023,0,0.174,0.985,-0.131,0.976,-0.172],"_shiftlockState":true,"_pose":"FreeFall","_animationQueue":[],"_animationSpeed":1,"_zoom":11.92},{"_mousePosition":[683,384],"_rootPartCFrame":[764.68,228.691,46.535,-0.965,0,0.262,0,1,0,-0.262,0,-0.965],"_humanoidState":5,"_cameraCFrame":[763.223,241.945,44.247,-0.991,-0.132,0.023,0,0.174,0.985,-0.134,0.976,-0.172],"_shiftlockState":true,"_pose":"FreeFall","_animationQueue":[],"_animationSpeed":1,"_zoom":11.92},{"_mousePosition":[683,384],"_rootPartCFrame":[764.416,228.259,46.5,-0.964,0,0.264,0,1,0,-0.264,0,-0.964],"_humanoidState":5,"_cameraCFrame":[762.97,241.509,44.205,-0.99,-0.137,0.024,0,0.174,0.985,-0.139,0.975,-0.172],"_shiftlockState":true,"_pose":"FreeFall","_animationQueue":[],"_animationSpeed":1,"_zoom":11.92},{"_mousePosition":[683,384],"_rootPartCFrame":[764.152,227.773,46.464,-0.963,0,0.269,0,1,0,-0.269,0,-0.963],"_humanoidState":5,"_cameraCFrame":[762.718,241.019,44.163,-0.99,-0.142,0.025,0,0.174,0.985,-0.144,0.975,-0.172],"_shiftlockState":true,"_pose":"FreeFall","_animationQueue":[["fall",0.3]],"_animationSpeed":1,"_zoom":11.92},{"_mousePosition":[683,384],"_rootPartCFrame":[763.887,227.233,46.427,-0.962,0,0.274,0,1,0,-0.274,0,-0.962],"_humanoidState":5,"_cameraCFrame":[762.477,240.476,44.112,-0.988,-0.152,0.027,0,0.174,0.985,-0.154,0.973,-0.172],"_shiftlockState":true,"_pose":"FreeFall","_animationQueue":[],"_animationSpeed":1,"_zoom":11.92},{"_mousePosition":[683,384],"_rootPartCFrame":[763.624,226.638,46.389,-0.959,0,0.284,0,1,0,-0.284,0,-0.959],"_humanoidState":5,"_cameraCFrame":[762.248,239.88,44.053,-0.986,-0.166,0.029,0,0.174,0.985,-0.169,0.971,-0.171],"_shiftlockState":true,"_pose":"FreeFall","_animationQueue":[],"_animationSpeed":1,"_zoom":11.92},{"_mousePosition":[683,384],"_rootPartCFrame":[763.36,225.988,46.349,-0.954,0,0.298,0,1,0,-0.298,0,-0.954],"_humanoidState":5,"_cameraCFrame":[762.056,239.229,43.972,-0.98,-0.196,0.034,0,0.174,0.985,-0.199,0.965,-0.17],"_shiftlockState":true,"_pose":"FreeFall","_animationQueue":[],"_animationSpeed":1,"_zoom":11.92},{"_mousePosition":[683,384],"_rootPartCFrame":[763.097,225.284,46.304,-0.945,0,0.327,0,1,0,-0.327,0,-0.945],"_humanoidState":5,"_cameraCFrame":[761.848,238.524,43.899,-0.975,-0.218,0.038,0,0.174,0.985,-0.221,0.96,-0.169],"_shiftlockState":true,"_pose":"FreeFall","_animationQueue":[],"_animationSpeed":1,"_zoom":11.92},{"_mousePosition":[683,384],"_rootPartCFrame":[762.835,224.526,46.252,-0.937,0,0.349,0,1,0,-0.349,0,-0.937],"_humanoidState":5,"_cameraCFrame":[761.641,237.766,43.819,-0.97,-0.239,0.042,0,0.174,0.985,-0.243,0.955,-0.168],"_shiftlockState":true,"_pose":"FreeFall","_animationQueue":[],"_animationSpeed":1,"_zoom":11.92},{"_mousePosition":[683,384],"_rootPartCFrame":[762.575,223.713,46.194,-0.929,0,0.37,0,1,0,-0.37,0,-0.929],"_humanoidState":5,"_cameraCFrame":[761.437,236.952,43.735,-0.964,-0.261,0.046,0,0.174,0.985,-0.265,0.95,-0.167],"_shiftlockState":true,"_pose":"FreeFall","_animationQueue":[],"_animationSpeed":1,"_zoom":11.92},{"_mousePosition":[683,384],"_rootPartCFrame":[762.316,222.845,46.13,-0.954,0,0.3,0,1,0,-0.3,0,-0.954],"_humanoidState":7,"_cameraCFrame":[761.24,236.085,43.643,-0.957,-0.285,0.05,0,0.174,0.985,-0.289,0.943,-0.166],"_shiftlockState":true,"_pose":"FreeFall","_animationQueue":[["fall",0.3],["walk",0.1],["fall",0.3],["fall",0.3]],"_animationSpeed":1,"_zoom":11.92},{"_mousePosition":[683,384],"_rootPartCFrame":[762.059,222.674,46.061,-0.956,0,0.292,0,1,0,-0.292,0,-0.956],"_humanoidState":7,"_cameraCFrame":[761.046,235.913,43.546,-0.95,-0.309,0.054,0,0.174,0.985,-0.314,0.935,-0.165],"_shiftlockState":true,"_pose":"FreeFall","_animationQueue":[],"_animationSpeed":1,"_zoom":11.92},{"_mousePosition":[683,384],"_rootPartCFrame":[761.803,222.767,45.984,-0.949,0,0.314,0,1,0,-0.314,0,-0.949],"_humanoidState":8,"_cameraCFrame":[760.868,236.006,43.441,-0.94,-0.337,0.059,0,0.174,0.985,-0.342,0.925,-0.163],"_shiftlockState":true,"_pose":"Running","_animationQueue":[["walk",0.1],["fall",0.3],["walk",0.1]],"_animationSpeed":1.103,"_zoom":11.92},{"_mousePosition":[683,384],"_rootPartCFrame":[761.55,222.846,45.902,-0.94,0,0.342,0,1,0,-0.342,0,-0.94],"_humanoidState":8,"_cameraCFrame":[760.698,236.085,43.328,-0.928,-0.367,0.065,0,0.174,0.985,-0.373,0.914,-0.161],"_shiftlockState":true,"_pose":"Running","_animationQueue":[],"_animationSpeed":1.103,"_zoom":11.92},{"_mousePosition":[683,384],"_rootPartCFrame":[761.299,222.893,45.812,-0.928,0,0.373,0,1,0,-0.373,0,-0.928],"_humanoidState":8,"_cameraCFrame":[760.539,236.132,43.21,-0.914,-0.399,0.07,0,0.174,0.985,-0.406,0.9,-0.159],"_shiftlockState":true,"_pose":"Running","_animationQueue":[],"_animationSpeed":1.103,"_zoom":11.92},{"_mousePosition":[683,384],"_rootPartCFrame":[761.051,222.919,45.713,-0.914,0,0.406,0,1,0,-0.406,0,-0.914],"_humanoidState":8,"_cameraCFrame":[760.384,236.158,43.086,-0.899,-0.431,0.076,0,0.174,0.985,-0.438,0.885,-0.156],"_shiftlockState":true,"_pose":"Running","_animationQueue":[],"_animationSpeed":1.103,"_zoom":11.92},{"_mousePosition":[683,384],"_rootPartCFrame":[760.746,222.935,45.58,-0.899,0,0.438,0,1,0,-0.438,0,-0.899],"_humanoidState":8,"_cameraCFrame":[760.185,236.174,42.928,-0.881,-0.467,0.082,0,0.174,0.985,-0.474,0.867,-0.153],"_shiftlockState":true,"_pose":"Running","_animationQueue":[["walk",0.1]],"_animationSpeed":1.103,"_zoom":11.92},{"_mousePosition":[683,384],"_rootPartCFrame":[760.565,222.94,45.493,-0.881,0,0.474,0,1,0,-0.474,0,-0.881],"_humanoidState":8,"_cameraCFrame":[760.12,236.179,42.82,-0.859,-0.503,0.089,0,0.174,0.985,-0.511,0.846,-0.149],"_shiftlockState":true,"_pose":"Running","_animationQueue":[],"_animationSpeed":1.103,"_zoom":11.92},{"_mousePosition":[683,384],"_rootPartCFrame":[760.33,222.945,45.368,-0.859,0,0.511,0,1,0,-0.511,0,-0.859],"_humanoidState":8,"_cameraCFrame":[760.047,236.184,42.673,-0.827,-0.554,0.098,0,0.174,0.985,-0.562,0.814,-0.144],"_shiftlockState":true,"_pose":"Running","_animationQueue":[],"_animationSpeed":1.103,"_zoom":11.92},{"_mousePosition":[683,384],"_rootPartCFrame":[760.1,222.947,45.234,-0.827,0,0.562,0,1,0,-0.562,0,-0.827],"_humanoidState":8,"_cameraCFrame":[760.139,236.186,42.523,-0.754,-0.647,0.114,0,0.174,0.985,-0.657,0.743,-0.131],"_shiftlockState":true,"_pose":"Running","_animationQueue":[],"_animationSpeed":1.103,"_zoom":11.92},{"_mousePosition":[683,384],"_rootPartCFrame":[759.878,222.948,45.086,-0.751,0,0.661,0,1,0,-0.661,0,-0.751],"_humanoidState":8,"_cameraCFrame":[760.17,236.187,42.391,-0.69,-0.713,0.126,0,0.174,0.985,-0.724,0.679,-0.12],"_shiftlockState":true,"_pose":"Running","_animationQueue":[],"_animationSpeed":1.103,"_zoom":11.92},{"_mousePosition":[683,384],"_rootPartCFrame":[759.674,222.949,44.914,-0.688,0,0.726,0,1,0,-0.726,0,-0.688],"_humanoidState":8,"_cameraCFrame":[760.21,236.188,42.257,-0.621,-0.772,0.136,0,0.174,0.985,-0.784,0.611,-0.108],"_shiftlockState":true,"_pose":"Running","_animationQueue":[],"_animationSpeed":1.103,"_zoom":11.92},{"_mousePosition":[683,384],"_rootPartCFrame":[759.488,222.949,44.724,-0.621,0,0.784,0,1,0,-0.784,0,-0.621],"_humanoidState":8,"_cameraCFrame":[760.237,236.188,42.119,-0.555,-0.819,0.144,0,0.174,0.985,-0.832,0.547,-0.096],"_shiftlockState":true,"_pose":"Running","_animationQueue":[],"_animationSpeed":1.103,"_zoom":11.92},{"_mousePosition":[683,384],"_rootPartCFrame":[759.278,222.949,44.465,-0.555,0,0.832,0,1,0,-0.832,0,-0.555],"_humanoidState":8,"_cameraCFrame":[760.19,236.188,41.913,-0.502,-0.852,0.15,0,0.174,0.985,-0.865,0.494,-0.087],"_shiftlockState":true,"_pose":"Running","_animationQueue":[["walk",0.1]],"_animationSpeed":1.103,"_zoom":11.92},{"_mousePosition":[683,384],"_rootPartCFrame":[759.164,222.95,44.3,-0.502,0,0.865,0,1,0,-0.865,0,-0.502],"_humanoidState":8,"_cameraCFrame":[760.179,236.188,41.787,-0.466,-0.871,0.154,0,0.174,0.985,-0.885,0.459,-0.081],"_shiftlockState":true,"_pose":"Running","_animationQueue":[],"_animationSpeed":1.103,"_zoom":11.92},{"_mousePosition":[683,384],"_rootPartCFrame":[759.028,222.95,44.071,-0.466,0,0.885,0,1,0,-0.885,0,-0.466],"_humanoidState":8,"_cameraCFrame":[760.1,236.188,41.582,-0.446,-0.881,0.155,0,0.174,0.985,-0.895,0.439,-0.077],"_shiftlockState":true,"_pose":"Running","_animationQueue":[],"_animationSpeed":1.103,"_zoom":11.92},{"_mousePosition":[683,384],"_rootPartCFrame":[758.894,222.916,43.84,-0.446,0,0.895,0,1,0,-0.895,0,-0.446],"_humanoidState":8,"_cameraCFrame":[759.986,236.154,41.359,-0.439,-0.885,0.156,0,0.174,0.985,-0.898,0.432,-0.076],"_shiftlockState":true,"_pose":"Running","_animationQueue":[],"_animationSpeed":1.103,"_zoom":11.92},{"_mousePosition":[683,384],"_rootPartCFrame":[758.761,222.827,43.61,-0.439,0,0.898,0,1,0,-0.898,0,-0.439],"_humanoidState":8,"_cameraCFrame":[759.858,236.066,41.131,-0.437,-0.886,0.156,0,0.174,0.985,-0.9,0.43,-0.076],"_shiftlockState":true,"_pose":"Running","_animationQueue":[],"_animationSpeed":1.103,"_zoom":11.92},{"_mousePosition":[683,384],"_rootPartCFrame":[758.627,222.684,43.379,-0.437,0,0.9,0,1,0,-0.9,0,-0.437],"_humanoidState":8,"_cameraCFrame":[759.724,235.923,40.901,-0.437,-0.886,0.156,0,0.174,0.985,-0.9,0.43,-0.076],"_shiftlockState":true,"_pose":"Running","_animationQueue":[],"_animationSpeed":1.103,"_zoom":11.92},{"_mousePosition":[683,384],"_rootPartCFrame":[758.493,222.486,43.148,-0.437,0,0.9,0,1,0,-0.9,0,-0.437],"_humanoidState":8,"_cameraCFrame":[759.59,235.725,40.67,-0.437,-0.886,0.156,0,0.174,0.985,-0.9,0.43,-0.076],"_shiftlockState":true,"_pose":"Running","_animationQueue":[],"_animationSpeed":1.103,"_zoom":11.92},{"_mousePosition":[683,384],"_rootPartCFrame":[758.359,222.234,42.918,-0.437,0,0.9,0,1,0,-0.9,0,-0.437],"_humanoidState":8,"_cameraCFrame":[759.406,235.473,40.418,-0.455,-0.877,0.155,0,0.174,0.985,-0.89,0.448,-0.079],"_shiftlockState":true,"_pose":"Running","_animationQueue":[["walk",0.1]],"_animationSpeed":1.103,"_zoom":11.92},{"_mousePosition":[683,384],"_rootPartCFrame":[758.226,223.108,42.687,-0.455,0,0.89,0,1,0,-0.89,0,-0.455],"_humanoidState":3,"_cameraCFrame":[759.19,236.347,40.154,-0.484,-0.862,0.152,0,0.174,0.985,-0.875,0.477,-0.084],"_shiftlockState":true,"_pose":"Jumping","_animationQueue":[["walk",0.1],["jump",0.1]],"_animationSpeed":1,"_zoom":11.92},{"_mousePosition":[683,384],"_rootPartCFrame":[758.102,223.93,42.451,-0.402,0,0.916,0,1,0,-0.916,0,-0.402],"_humanoidState":5,"_cameraCFrame":[758.931,237.169,39.87,-0.53,-0.835,0.147,0,0.174,0.985,-0.848,0.522,-0.092],"_shiftlockState":true,"_pose":"FreeFall","_animationQueue":[["jump",0.1]],"_animationSpeed":1,"_zoom":11.92},{"_mousePosition":[683,384],"_rootPartCFrame":[757.974,224.697,42.217,-0.417,0,0.909,0,1,0,-0.909,0,-0.417],"_humanoidState":5,"_cameraCFrame":[758.598,237.936,39.579,-0.595,-0.792,0.14,0,0.174,0.985,-0.804,0.586,-0.103],"_shiftlockState":true,"_pose":"FreeFall","_animationQueue":[],"_animationSpeed":1,"_zoom":11.92},{"_mousePosition":[683,384],"_rootPartCFrame":[757.835,225.41,41.989,-0.483,0,0.876,0,1,0,-0.876,0,-0.483],"_humanoidState":5,"_cameraCFrame":[758.175,238.649,39.3,-0.677,-0.725,0.128,0,0.174,0.985,-0.736,0.666,-0.117],"_shiftlockState":true,"_pose":"FreeFall","_animationQueue":[],"_animationSpeed":1,"_zoom":11.92},{"_mousePosition":[683,384],"_rootPartCFrame":[757.68,226.069,41.773,-0.573,0,0.82,0,1,0,-0.82,0,-0.573],"_humanoidState":5,"_cameraCFrame":[757.671,239.308,39.062,-0.766,-0.633,0.112,0,0.174,0.985,-0.643,0.754,-0.133],"_shiftlockState":true,"_pose":"FreeFall","_animationQueue":[],"_animationSpeed":1,"_zoom":11.92},{"_mousePosition":[683,384],"_rootPartCFrame":[757.506,226.673,41.571,-0.674,0,0.739,0,1,0,-0.739,0,-0.674],"_humanoidState":5,"_cameraCFrame":[757.107,239.912,38.89,-0.85,-0.518,0.091,0,0.174,0.985,-0.526,0.837,-0.148],"_shiftlockState":true,"_pose":"FreeFall","_animationQueue":[],"_animationSpeed":1,"_zoom":11.92},{"_mousePosition":[683,384],"_rootPartCFrame":[757.31,227.222,41.391,-0.773,0,0.635,0,1,0,-0.635,0,-0.773],"_humanoidState":5,"_cameraCFrame":[756.511,240.461,38.801,-0.92,-0.386,0.068,0,0.174,0.985,-0.392,0.906,-0.16],"_shiftlockState":true,"_pose":"FreeFall","_animationQueue":[],"_animationSpeed":1,"_zoom":11.92},{"_mousePosition":[683,384],"_rootPartCFrame":[757.093,227.717,41.237,-0.86,0,0.51,0,1,0,-0.51,0,-0.86],"_humanoidState":5,"_cameraCFrame":[755.899,240.956,38.804,-0.97,-0.239,0.042,0,0.174,0.985,-0.243,0.955,-0.168],"_shiftlockState":true,"_pose":"FreeFall","_animationQueue":[],"_animationSpeed":1,"_zoom":11.92},{"_mousePosition":[683,384],"_rootPartCFrame":[756.857,228.158,41.115,-0.929,0,0.37,0,1,0,-0.37,0,-0.929],"_humanoidState":5,"_cameraCFrame":[755.298,241.397,38.898,-0.996,-0.087,0.015,0,0.174,0.985,-0.089,0.981,-0.173],"_shiftlockState":true,"_pose":"FreeFall","_animationQueue":[],"_animationSpeed":1,"_zoom":11.92},{"_mousePosition":[683,384],"_rootPartCFrame":[756.606,228.544,41.029,-0.975,0,0.22,0,1,0,-0.22,0,-0.975],"_humanoidState":5,"_cameraCFrame":[754.738,241.779,39.041,-0.998,0.057,-0.01,0,0.176,0.984,0.058,0.983,-0.175],"_shiftlockState":true,"_pose":"FreeFall","_animationQueue":[],"_animationSpeed":1,"_zoom":11.92},{"_mousePosition":[683,384],"_rootPartCFrame":[756.345,228.875,40.981,-0.997,0,0.075,0,1,0,-0.075,0,-0.997],"_humanoidState":5,"_cameraCFrame":[754.192,242.089,39.166,-0.98,0.195,-0.037,0,0.185,0.983,0.199,0.963,-0.181],"_shiftlockState":true,"_pose":"FreeFall","_animationQueue":[],"_animationSpeed":1,"_zoom":11.92},{"_mousePosition":[683,384],"_rootPartCFrame":[756.107,229.152,40.937,-0.998,0,-0.066,0,1,0,0.066,0,-0.998],"_humanoidState":5,"_cameraCFrame":[753.7,242.349,39.339,-0.945,0.322,-0.063,0,0.193,0.981,0.328,0.927,-0.182],"_shiftlockState":true,"_pose":"FreeFall","_animationQueue":[],"_animationSpeed":1,"_zoom":11.92},{"_mousePosition":[683,384],"_rootPartCFrame":[755.88,229.375,40.897,-0.98,0,-0.199,0,1,0,0.199,0,-0.98],"_humanoidState":5,"_cameraCFrame":[753.199,242.558,39.682,-0.873,0.477,-0.097,0,0.199,0.98,0.487,0.856,-0.173],"_shiftlockState":true,"_pose":"FreeFall","_animationQueue":[],"_animationSpeed":1,"_zoom":11.92},{"_mousePosition":[683,384],"_rootPartCFrame":[755.661,229.543,40.87,-0.931,0,-0.366,0,1,0,0.366,0,-0.931],"_humanoidState":5,"_cameraCFrame":[752.855,242.721,39.92,-0.818,0.563,-0.115,0,0.2,0.98,0.575,0.802,-0.164],"_shiftlockState":true,"_pose":"FreeFall","_animationQueue":[],"_animationSpeed":1,"_zoom":11.92},{"_mousePosition":[683,384],"_rootPartCFrame":[755.443,229.656,40.893,-0.887,0,-0.461,0,1,0,0.461,0,-0.887],"_humanoidState":5,"_cameraCFrame":[752.557,242.834,40.225,-0.758,0.639,-0.131,0,0.2,0.98,0.653,0.742,-0.152],"_shiftlockState":true,"_pose":"FreeFall","_animationQueue":[],"_animationSpeed":1,"_zoom":11.92},{"_mousePosition":[683,384],"_rootPartCFrame":[755.223,229.715,40.957,-0.838,0,-0.546,0,1,0,0.546,0,-0.838],"_humanoidState":5,"_cameraCFrame":[752.271,242.889,40.553,-0.692,0.707,-0.146,0,0.202,0.979,0.722,0.677,-0.14],"_shiftlockState":true,"_pose":"FreeFall","_animationQueue":[],"_animationSpeed":1,"_zoom":11.92},{"_mousePosition":[683,384],"_rootPartCFrame":[755.061,229.724,41.03,-0.76,0,-0.65,0,1,0,0.65,0,-0.76],"_humanoidState":5,"_cameraCFrame":[752.084,242.897,40.912,-0.619,0.769,-0.159,0,0.202,0.979,0.785,0.606,-0.125],"_shiftlockState":true,"_pose":"FreeFall","_animationQueue":[],"_animationSpeed":1,"_zoom":11.92},{"_mousePosition":[683,384],"_rootPartCFrame":[754.806,229.67,41.2,-0.741,0,-0.672,0,1,0,0.672,0,-0.741],"_humanoidState":5,"_cameraCFrame":[751.811,242.839,41.333,-0.547,0.819,-0.171,0,0.204,0.979,0.837,0.536,-0.112],"_shiftlockState":true,"_pose":"FreeFall","_animationQueue":[],"_animationSpeed":1,"_zoom":11.92},{"_mousePosition":[683,384],"_rootPartCFrame":[754.621,229.565,41.375,-0.653,0,-0.757,0,1,0,0.757,0,-0.653],"_humanoidState":5,"_cameraCFrame":[751.605,242.725,41.721,-0.48,0.858,-0.183,0,0.208,0.978,0.877,0.469,-0.1],"_shiftlockState":true,"_pose":"FreeFall","_animationQueue":[],"_animationSpeed":1,"_zoom":11.92},{"_mousePosition":[683,384],"_rootPartCFrame":[754.46,229.406,41.582,-0.592,0,-0.806,0,1,0,0.806,0,-0.592],"_humanoidState":5,"_cameraCFrame":[751.429,242.556,42.083,-0.428,0.883,-0.192,0,0.212,0.977,0.904,0.418,-0.091],"_shiftlockState":true,"_pose":"FreeFall","_animationQueue":[["fall",0.3]],"_animationSpeed":1,"_zoom":11.92},{"_mousePosition":[683,384],"_rootPartCFrame":[754.326,229.193,41.812,-0.544,0,-0.839,0,1,0,0.839,0,-0.544],"_humanoidState":5,"_cameraCFrame":[751.31,242.342,42.397,-0.403,0.895,-0.194,0,0.212,0.977,0.915,0.393,-0.085],"_shiftlockState":true,"_pose":"FreeFall","_animationQueue":[],"_animationSpeed":1,"_zoom":11.92},{"_mousePosition":[683,384],"_rootPartCFrame":[754.21,228.925,42.052,-0.521,0,-0.854,0,1,0,0.854,0,-0.521],"_humanoidState":5,"_cameraCFrame":[751.174,242.069,42.635,-0.4,0.895,-0.196,0,0.214,0.977,0.916,0.391,-0.086],"_shiftlockState":true,"_pose":"FreeFall","_animationQueue":[],"_animationSpeed":1,"_zoom":11.92},{"_mousePosition":[683,384],"_rootPartCFrame":[754.101,228.603,42.295,-0.518,0,-0.855,0,1,0,0.855,0,-0.518],"_humanoidState":5,"_cameraCFrame":[750.988,241.732,42.758,-0.428,0.882,-0.198,0,0.219,0.976,0.904,0.417,-0.094],"_shiftlockState":true,"_pose":"FreeFall","_animationQueue":[],"_animationSpeed":1,"_zoom":11.92},{"_mousePosition":[683,384],"_rootPartCFrame":[754.004,228.123,42.601,-0.547,0,-0.837,0,1,0,0.837,0,-0.547],"_humanoidState":5,"_cameraCFrame":[750.686,241.204,42.54,-0.543,0.816,-0.199,0,0.237,0.972,0.84,0.527,-0.128],"_shiftlockState":true,"_pose":"FreeFall","_animationQueue":[],"_animationSpeed":1,"_zoom":11.92},{"_mousePosition":[683,384],"_rootPartCFrame":[753.971,227.678,42.847,-0.618,0,-0.786,0,1,0,0.786,0,-0.618],"_humanoidState":5,"_cameraCFrame":[750.551,240.714,42.243,-0.646,0.738,-0.192,0,0.252,0.968,0.763,0.626,-0.163],"_shiftlockState":true,"_pose":"FreeFall","_animationQueue":[],"_animationSpeed":1,"_zoom":11.92},{"_mousePosition":[683,384],"_rootPartCFrame":[753.977,227.178,43.099,-0.711,0,-0.703,0,1,0,0.703,0,-0.711],"_humanoidState":5,"_cameraCFrame":[750.588,240.172,41.857,-0.756,0.631,-0.173,0,0.265,0.964,0.655,0.729,-0.2],"_shiftlockState":true,"_pose":"FreeFall","_animationQueue":[["fall",0.3]],"_animationSpeed":1,"_zoom":11.92},{"_mousePosition":[683,384],"_rootPartCFrame":[753.994,226.768,43.296,-0.796,0,-0.605,0,1,0,0.605,0,-0.796],"_humanoidState":5,"_cameraCFrame":[750.774,239.724,41.418,-0.85,0.506,-0.145,0,0.276,0.961,0.526,0.817,-0.235],"_shiftlockState":true,"_pose":"FreeFall","_animationQueue":[],"_animationSpeed":1,"_zoom":11.92},{"_mousePosition":[683,384],"_rootPartCFrame":[753.987,226.015,43.628,-0.901,0,-0.434,0,1,0,0.434,0,-0.901],"_humanoidState":5,"_cameraCFrame":[751.055,238.933,41.14,-0.923,0.368,-0.11,0,0.287,0.958,0.385,0.884,-0.265],"_shiftlockState":true,"_pose":"FreeFall","_animationQueue":[],"_animationSpeed":1,"_zoom":11.92},{"_mousePosition":[683,384],"_rootPartCFrame":[753.945,225.352,43.891,-0.952,0,-0.306,0,1,0,0.306,0,-0.952],"_humanoidState":5,"_cameraCFrame":[751.365,238.215,40.828,-0.969,0.234,-0.074,0,0.302,0.953,0.245,0.924,-0.293],"_shiftlockState":true,"_pose":"FreeFall","_animationQueue":[],"_animationSpeed":1,"_zoom":11.92},{"_mousePosition":[683,384],"_rootPartCFrame":[753.866,224.635,44.144,-0.987,0,-0.163,0,1,0,0.163,0,-0.987],"_humanoidState":5,"_cameraCFrame":[751.626,237.44,40.632,-0.991,0.127,-0.042,0,0.317,0.948,0.134,0.94,-0.314],"_shiftlockState":true,"_pose":"FreeFall","_animationQueue":[],"_animationSpeed":1,"_zoom":11.92},{"_mousePosition":[683,384],"_rootPartCFrame":[753.797,223.863,44.394,-0.993,0,-0.118,0,1,0,0.118,0,-0.993],"_humanoidState":5,"_cameraCFrame":[751.842,236.623,40.581,-0.999,0.05,-0.017,0,0.328,0.945,0.053,0.943,-0.328],"_shiftlockState":true,"_pose":"FreeFall","_animationQueue":[],"_animationSpeed":1,"_zoom":11.92},{"_mousePosition":[683,384],"_rootPartCFrame":[753.771,223.248,44.585,-0.998,0,-0.059,0,1,0,0.059,0,-0.998],"_humanoidState":5,"_cameraCFrame":[752.011,235.985,40.612,-1,0.002,-0.001,0,0.334,0.943,0.002,0.943,-0.334],"_shiftlockState":true,"_pose":"FreeFall","_animationQueue":[],"_animationSpeed":1,"_zoom":11.92},{"_mousePosition":[683,384],"_rootPartCFrame":[753.769,222.38,44.847,-1,0,-0.01,0,1,0,0.01,0,-1],"_humanoidState":5,"_cameraCFrame":[752.09,235.109,40.817,-1,-0.017,0.006,0,0.335,0.942,-0.018,0.942,-0.335],"_shiftlockState":true,"_pose":"FreeFall","_animationQueue":[["fall",0.3]],"_animationSpeed":1,"_zoom":11.92},{"_mousePosition":[683,384],"_rootPartCFrame":[753.771,221.458,45.113,-1,0,0.014,0,1,0,-0.014,0,-1],"_humanoidState":5,"_cameraCFrame":[752.093,234.187,41.084,-1,-0.017,0.006,0,0.335,0.942,-0.018,0.942,-0.335],"_shiftlockState":true,"_pose":"FreeFall","_animationQueue":[],"_animationSpeed":1,"_zoom":11.92},{"_mousePosition":[683,384],"_rootPartCFrame":[753.772,221.479,45.355,-1,0,0.017,0,1,0,-0.017,0,-1],"_humanoidState":12,"_cameraCFrame":[752.093,234.208,41.326,-1,-0.017,0.006,0,0.335,0.942,-0.018,0.942,-0.335],"_shiftlockState":true,"_pose":"Climbing","_animationQueue":[["walk",0.1],["fall",0.3],["climb",0.1],["climb",0]],"_animationSpeed":-4.712,"_zoom":11.92},{"_mousePosition":[683,384],"_rootPartCFrame":[753.772,221.662,45.557,-1,0,0.018,0,1,0,-0.018,0,-1],"_humanoidState":12,"_cameraCFrame":[752.135,234.392,41.511,-1,-0.026,0.009,0,0.335,0.942,-0.028,0.942,-0.335],"_shiftlockState":true,"_pose":"Climbing","_animationQueue":[["climb",0.1]],"_animationSpeed":0.822,"_zoom":11.92},{"_mousePosition":[683,384],"_rootPartCFrame":[753.757,221.79,45.635,-1,0.014,0.002,0.014,1,0.001,-0.002,0.001,-1],"_humanoidState":12,"_cameraCFrame":[752.15,234.519,41.586,-1,-0.029,0.01,0,0.335,0.942,-0.03,0.942,-0.335],"_shiftlockState":true,"_pose":"Climbing","_animationQueue":[["climb",0.1]],"_animationSpeed":0.931,"_zoom":11.92},{"_mousePosition":[683,384],"_rootPartCFrame":[753.696,221.947,45.586,-0.999,0.013,0.039,0.013,1,0.001,-0.039,0.002,-0.999],"_humanoidState":12,"_cameraCFrame":[752.088,234.676,41.538,-1,-0.029,0.01,0,0.335,0.942,-0.03,0.942,-0.335],"_shiftlockState":true,"_pose":"Climbing","_animationQueue":[["climb",0.1]],"_animationSpeed":-0.075,"_zoom":11.92},{"_mousePosition":[683,384],"_rootPartCFrame":[753.664,222.133,45.561,-1,0.002,0.031,0.002,1,0,-0.031,0,-1],"_humanoidState":12,"_cameraCFrame":[752.039,234.862,41.511,-1,-0.029,0.01,0,0.335,0.942,-0.03,0.942,-0.335],"_shiftlockState":true,"_pose":"Climbing","_animationQueue":[["climb",0.1]],"_animationSpeed":0.914,"_zoom":11.92},{"_mousePosition":[683,384],"_rootPartCFrame":[753.66,222.32,45.557,-1,-0.001,0.031,-0.001,1,0,-0.031,0,-1],"_humanoidState":12,"_cameraCFrame":[752.031,235.049,41.507,-1,-0.029,0.01,0,0.335,0.942,-0.03,0.942,-0.335],"_shiftlockState":true,"_pose":"Climbing","_animationQueue":[],"_animationSpeed":0.914,"_zoom":11.92},{"_mousePosition":[683,384],"_rootPartCFrame":[753.66,222.506,45.557,-1,0,0.03,0,1,0,-0.03,0,-1],"_humanoidState":12,"_cameraCFrame":[752.042,235.236,41.503,-0.999,-0.031,0.011,0,0.335,0.942,-0.033,0.942,-0.335],"_shiftlockState":true,"_pose":"Climbing","_animationQueue":[["climb",0]],"_animationSpeed":0.914,"_zoom":11.92},{"_mousePosition":[683,384],"_rootPartCFrame":[753.66,222.693,45.557,-0.999,0,0.033,0,1,0,-0.033,0,-0.999],"_humanoidState":12,"_cameraCFrame":[752.042,235.422,41.503,-0.999,-0.031,0.011,0,0.335,0.942,-0.033,0.942,-0.335],"_shiftlockState":true,"_pose":"Climbing","_animationQueue":[],"_animationSpeed":0.914,"_zoom":11.92},{"_mousePosition":[683,384],"_rootPartCFrame":[753.66,222.88,45.557,-0.999,0,0.033,0,1,0,-0.033,0,-0.999],"_humanoidState":12,"_cameraCFrame":[752.042,235.609,41.503,-0.999,-0.031,0.011,0,0.335,0.942,-0.033,0.942,-0.335],"_shiftlockState":true,"_pose":"Climbing","_animationQueue":[],"_animationSpeed":0.914,"_zoom":11.92},{"_mousePosition":[683,384],"_rootPartCFrame":[753.66,223.066,45.557,-0.999,0,0.033,0,1,0,-0.033,0,-0.999],"_humanoidState":12,"_cameraCFrame":[752.042,235.796,41.503,-0.999,-0.031,0.011,0,0.335,0.942,-0.033,0.942,-0.335],"_shiftlockState":true,"_pose":"Climbing","_animationQueue":[],"_animationSpeed":0.914,"_zoom":11.92},{"_mousePosition":[683,384],"_rootPartCFrame":[753.66,223.253,45.557,-0.999,0,0.033,0,1,0,-0.033,0,-0.999],"_humanoidState":12,"_cameraCFrame":[752.042,235.982,41.503,-0.999,-0.031,0.011,0,0.335,0.942,-0.033,0.942,-0.335],"_shiftlockState":true,"_pose":"Climbing","_animationQueue":[],"_animationSpeed":0.914,"_zoom":11.92},{"_mousePosition":[683,384],"_rootPartCFrame":[753.66,223.44,45.557,-0.999,0,0.033,0,1,0,-0.033,0,-0.999],"_humanoidState":12,"_cameraCFrame":[752.042,236.169,41.503,-0.999,-0.031,0.011,0,0.335,0.942,-0.033,0.942,-0.335],"_shiftlockState":true,"_pose":"Climbing","_animationQueue":[],"_animationSpeed":0.914,"_zoom":11.92},{"_mousePosition":[683,384],"_rootPartCFrame":[753.66,223.626,45.557,-0.999,0,0.033,0,1,0,-0.033,0,-0.999],"_humanoidState":12,"_cameraCFrame":[752.053,236.356,41.499,-0.999,-0.033,0.012,0,0.335,0.942,-0.035,0.941,-0.335],"_shiftlockState":true,"_pose":"Climbing","_animationQueue":[],"_animationSpeed":0.914,"_zoom":11.92},{"_mousePosition":[683,384],"_rootPartCFrame":[753.66,223.813,45.557,-0.999,0,0.036,0,1,0,-0.036,0,-0.999],"_humanoidState":12,"_cameraCFrame":[752.053,236.542,41.499,-0.999,-0.033,0.012,0,0.335,0.942,-0.035,0.941,-0.335],"_shiftlockState":true,"_pose":"Climbing","_animationQueue":[],"_animationSpeed":0.914,"_zoom":11.92},{"_mousePosition":[683,384],"_rootPartCFrame":[753.66,224,45.557,-0.999,0,0.036,0,1,0,-0.036,0,-0.999],"_humanoidState":12,"_cameraCFrame":[752.053,236.729,41.499,-0.999,-0.033,0.012,0,0.335,0.942,-0.035,0.941,-0.335],"_shiftlockState":true,"_pose":"Climbing","_animationQueue":[],"_animationSpeed":0.914,"_zoom":11.92},{"_mousePosition":[683,384],"_rootPartCFrame":[753.66,224.186,45.557,-0.999,0,0.036,0,1,0,-0.036,0,-0.999],"_humanoidState":12,"_cameraCFrame":[752.053,236.915,41.499,-0.999,-0.033,0.012,0,0.335,0.942,-0.035,0.941,-0.335],"_shiftlockState":true,"_pose":"Climbing","_animationQueue":[],"_animationSpeed":0.914,"_zoom":11.92},{"_mousePosition":[683,384],"_rootPartCFrame":[753.66,224.373,45.557,-0.999,0,0.036,0,1,0,-0.036,0,-0.999],"_humanoidState":12,"_cameraCFrame":[752.053,237.102,41.499,-0.999,-0.033,0.012,0,0.335,0.942,-0.035,0.941,-0.335],"_shiftlockState":true,"_pose":"Climbing","_animationQueue":[],"_animationSpeed":0.914,"_zoom":11.92},{"_mousePosition":[683,384],"_rootPartCFrame":[753.66,224.56,45.557,-0.999,0,0.036,0,1,0,-0.036,0,-0.999],"_humanoidState":12,"_cameraCFrame":[752.053,237.289,41.499,-0.999,-0.033,0.012,0,0.335,0.942,-0.035,0.941,-0.335],"_shiftlockState":true,"_pose":"Climbing","_animationQueue":[],"_animationSpeed":0.914,"_zoom":11.9