[{"_mousePosition":[1112,352],"_rootPartCFrame":[776.025,222.978,47.142,0.003,0.003,1,0,1,-0.003,-1,0,0.003],"_humanoidState":8,"_cameraCFrame":[782.631,234.403,47.142,0,-0.833,0.554,0,0.554,0.833,-1,0,0],"_shiftlockState":false,"_pose":"Standing","_animationQueue":[],"_animationSpeed":1,"_zoom":11.92},{"_mousePosition":[1112,352],"_rootPartCFrame":[775.778,222.848,47.142,0.003,0,1,0,1,0,-1,0,0.003],"_humanoidState":8,"_cameraCFrame":[782.38,234.273,47.142,0,-0.833,0.554,0,0.554,0.833,-1,0,0],"_shiftlockState":false,"_pose":"Standing","_animationQueue":[],"_animationSpeed":1,"_zoom":11.92},{"_mousePosition":[1071,346],"_rootPartCFrame":[775.512,222.678,47.142,0.002,0,1,0,1,0,-1,0,0.002],"_humanoidState":8,"_cameraCFrame":[782.113,234.104,47.142,0,-0.833,0.554,0,0.554,0.833,-1,0,0],"_shiftlockState":false,"_pose":"Running","_animationQueue":[["walk",0.1]],"_animationSpeed":1.066,"_zoom":11.92},{"_mousePosition":[1051,344],"_rootPartCFrame":[775.246,222.655,47.142,0.002,0,1,0,1,0,-1,0,0.002],"_humanoidState":8,"_cameraCFrame":[781.847,234.08,47.142,0,-0.833,0.554,0,0.554,0.833,-1,0,0],"_shiftlockState":false,"_pose":"Running","_animationQueue":[],"_animationSpeed":1.066,"_zoom":11.92},{"_mousePosition":[1035,342],"_rootPartCFrame":[774.979,222.67,47.142,0.002,0,1,0,1,0,-1,0,0.002],"_humanoidState":8,"_cameraCFrame":[781.58,234.096,47.142,0,-0.833,0.554,0,0.554,0.833,-1,0,0],"_shiftlockState":false,"_pose":"Running","_animationQueue":[],"_animationSpeed":1.066,"_zoom":11.92},{"_mousePosition":[1019,342],"_rootPartCFrame":[774.712,222.683,47.142,0.001,0,1,0,1,0,-1,0,0.001],"_humanoidState":8,"_cameraCFrame":[781.313,234.109,47.142,0,-0.833,0.554,0,0.554,0.833,-1,0,0],"_shiftlockState":false,"_pose":"Running","_animationQueue":[["walk",0.1]],"_animationSpeed":1.066,"_zoom":11.92},{"_mousePosition":[1019,342],"_rootPartCFrame":[774.446,222.691,47.142,0.001,0,1,0,1,0,-1,0,0.001],"_humanoidState":8,"_cameraCFrame":[781.047,234.116,47.142,0,-0.833,0.554,0,0.554,0.833,-1,0,0],"_shiftlockState":false,"_pose":"Running","_animationQueue":[],"_animationSpeed":1.066,"_zoom":11.92},{"_mousePosition":[984,341],"_rootPartCFrame":[774.312,222.693,47.142,0.001,0,1,0,1,0,-1,0,0.001],"_humanoidState":8,"_cameraCFrame":[780.913,234.118,47.142,0,-0.833,0.554,0,0.554,0.833,-1,0,0],"_shiftlockState":false,"_pose":"Running","_animationQueue":[],"_animationSpeed":1.066,"_zoom":11.92},{"_mousePosition":[966,340],"_rootPartCFrame":[773.912,222.697,47.142,0.001,0,1,0,1,0,-1,0,0.001],"_humanoidState":8,"_cameraCFrame":[780.513,234.122,47.142,0,-0.833,0.554,0,0.554,0.833,-1,0,0],"_shiftlockState":false,"_pose":"Running","_animationQueue":[],"_animationSpeed":1.066,"_zoom":11.92},{"_mousePosition":[963,340],"_rootPartCFrame":[773.779,222.698,47.142,0.001,0,1,0,1,0,-1,0,0.001],"_humanoidState":8,"_cameraCFrame":[780.38,234.123,47.142,0,-0.833,0.554,0,0.554,0.833,-1,0,0],"_shiftlockState":false,"_pose":"Running","_animationQueue":[],"_animationSpeed":1.066,"_zoom":11.92},{"_mousePosition":[932,340],"_rootPartCFrame":[773.379,222.699,47.142,0.001,0,1,0,1,0,-1,0,0.001],"_humanoidState":8,"_cameraCFrame":[779.98,234.124,47.142,0,-0.833,0.554,0,0.554,0.833,-1,0,0],"_shiftlockState":false,"_pose":"Running","_animationQueue":[],"_animationSpeed":1.066,"_zoom":11.92},{"_mousePosition":[930,340],"_rootPartCFrame":[773.112,222.699,47.142,0.001,0,1,0,1,0,-1,0,0.001],"_humanoidState":8,"_cameraCFrame":[779.713,234.125,47.142,0,-0.833,0.554,0,0.554,0.833,-1,0,0],"_shiftlockState":false,"_pose":"Running","_animationQueue":[],"_animationSpeed":1.066,"_zoom":11.92},{"_mousePosition":[918,345],"_rootPartCFrame":[772.845,222.699,47.142,0.001,0,1,0,1,0,-1,0,0.001],"_humanoidState":8,"_cameraCFrame":[779.446,234.125,47.142,0,-0.833,0.554,0,0.554,0.833,-1,0,0],"_shiftlockState":false,"_pose":"Running","_animationQueue":[["walk",0.1]],"_animationSpeed":1.066,"_zoom":11.92},{"_mousePosition":[917,346],"_rootPartCFrame":[772.712,222.7,47.142,0,0,1,0,1,0,-1,0,0],"_humanoidState":8,"_cameraCFrame":[779.313,234.125,47.142,0,-0.833,0.554,0,0.554,0.833,-1,0,0],"_shiftlockState":false,"_pose":"Running","_animationQueue":[],"_animationSpeed":1.066,"_zoom":11.92},{"_mousePosition":[910,356],"_rootPartCFrame":[772.312,222.7,47.142,0,0,1,0,1,0,-1,0,0],"_humanoidState":8,"_cameraCFrame":[778.913,234.125,47.142,0,-0.833,0.554,0,0.554,0.833,-1,0,0],"_shiftlockState":false,"_pose":"Running","_animationQueue":[],"_animationSpeed":1.066,"_zoom":11.92},{"_mousePosition":[909,357],"_rootPartCFrame":[772.178,222.7,47.142,0,0,1,0,1,0,-1,0,0],"_humanoidState":8,"_cameraCFrame":[778.779,234.125,47.142,0,-0.833,0.554,0,0.554,0.833,-1,0,0],"_shiftlockState":false,"_pose":"Running","_animationQueue":[],"_animationSpeed":1.066,"_zoom":11.92},{"_mousePosition":[909,357],"_rootPartCFrame":[771.778,222.7,47.142,0,0,1,0,1,0,-1,0,0],"_humanoidState":8,"_cameraCFrame":[778.251,234.209,47.122,-0.003,-0.84,0.543,0,0.543,0.84,-1,0.003,-0.002],"_shiftlockState":false,"_pose":"Running","_animationQueue":[],"_animationSpeed":1.066,"_zoom":11.92},{"_mousePosition":[909,357],"_rootPartCFrame":[771.512,222.7,47.142,0,0,1,0,1,0,-1,0,0],"_humanoidState":8,"_cameraCFrame":[777.822,234.312,47.109,-0.005,-0.848,0.529,0,0.529,0.848,-1,0.004,-0.003],"_shiftlockState":false,"_pose":"Running","_animationQueue":[],"_animationSpeed":1.066,"_zoom":11.92},{"_mousePosition":[909,357],"_rootPartCFrame":[771.245,222.7,47.143,0,0,1,0,1,0,-1,0,0],"_humanoidState":8,"_cameraCFrame":[777.383,234.418,47.098,-0.007,-0.857,0.515,0,0.515,0.857,-1,0.006,-0.004],"_shiftlockState":false,"_pose":"Running","_animationQueue":[],"_animationSpeed":1.066,"_zoom":11.92},{"_mousePosition":[909,357],"_rootPartCFrame":[771.112,222.7,47.143,0,0,1,0,1,0,-1,0,0],"_humanoidState":8,"_cameraCFrame":[777.034,234.544,47.081,-0.01,-0.868,0.497,0,0.497,0.868,-1,0.009,-0.005],"_shiftlockState":false,"_pose":"Running","_animationQueue":[["walk",0.1]],"_animationSpeed":1.066,"_zoom":11.92},{"_mousePosition":[909,357],"_rootPartCFrame":[770.712,222.7,47.146,-0.002,0,1,0,1,0,-1,0,-0.002],"_humanoidState":8,"_cameraCFrame":[776.449,234.648,47.086,-0.01,-0.876,0.481,0,0.481,0.877,-1,0.009,-0.005],"_shiftlockState":false,"_pose":"Running","_animationQueue":[],"_animationSpeed":1.066,"_zoom":11.92},{"_mousePosition":[909,357],"_rootPartCFrame":[770.578,222.7,47.148,-0.002,0,1,0,1,0,-1,0,-0.002],"_humanoidState":8,"_cameraCFrame":[776.087,234.77,47.09,-0.01,-0.887,0.462,0,0.462,0.887,-1,0.009,-0.005],"_shiftlockState":false,"_pose":"Running","_animationQueue":[],"_animationSpeed":1.066,"_zoom":11.92},{"_mousePosition":[909,357],"_rootPartCFrame":[770.245,222.649,47.151,-0.004,0,1,0,1,0,-1,0,-0.004],"_humanoidState":8,"_cameraCFrame":[775.548,234.824,47.096,-0.01,-0.896,0.445,0,0.445,0.896,-1,0.009,-0.005],"_shiftlockState":false,"_pose":"Running","_animationQueue":[],"_animationSpeed":1.066,"_zoom":11.92},{"_mousePosition":[909,357],"_rootPartCFrame":[770.045,222.577,47.153,-0.005,0,1,0,1,0,-1,0,-0.005],"_humanoidState":8,"_cameraCFrame":[775.106,234.869,47.106,-0.009,-0.905,0.425,0,0.425,0.905,-1,0.009,-0.004],"_shiftlockState":false,"_pose":"Running","_animationQueue":[],"_animationSpeed":1.066,"_zoom":11.92},{"_mousePosition":[909,357],"_rootPartCFrame":[769.712,223.647,47.157,-0.006,0,1,0,1,0,-1,0,-0.006],"_humanoidState":3,"_cameraCFrame":[774.598,236.019,47.111,-0.009,-0.912,0.41,0,0.41,0.912,-1,0.009,-0.004],"_shiftlockState":false,"_pose":"Jumping","_animationQueue":[["walk",0.1],["jump",0.1]],"_animationSpeed":1,"_zoom":11.92},{"_mousePosition":[909,357],"_rootPartCFrame":[769.512,224.248,47.159,-0.007,0,1,0,1,0,-1,0,-0.007],"_humanoidState":5,"_cameraCFrame":[774.196,236.709,47.114,-0.009,-0.92,0.393,0,0.393,0.92,-1,0.009,-0.004],"_shiftlockState":false,"_pose":"FreeFall","_animationQueue":[["jump",0.1]],"_animationSpeed":1,"_zoom":11.92},{"_mousePosition":[909,357],"_rootPartCFrame":[769.179,225.182,47.162,-0.007,0,1,0,1,0,-1,0,-0.007],"_humanoidState":5,"_cameraCFrame":[773.712,237.706,47.119,-0.009,-0.925,0.38,0,0.38,0.925,-1,0.009,-0.004],"_shiftlockState":false,"_pose":"FreeFall","_animationQueue":[],"_animationSpeed":1,"_zoom":11.92},{"_mousePosition":[909,357],"_rootPartCFrame":[768.979,225.702,47.164,-0.007,0,1,0,1,0,-1,0,-0.007],"_humanoidState":5,"_cameraCFrame":[773.333,238.298,47.113,-0.012,-0.931,0.365,0,0.365,0.931,-1,0.011,-0.004],"_shiftlockState":false,"_pose":"FreeFall","_animationQueue":[],"_animationSpeed":1,"_zoom":11.92},{"_mousePosition":[909,357],"_rootPartCFrame":[768.712,226.347,47.166,-0.008,0,1,0,1,0,-1,0,-0.008],"_humanoidState":5,"_cameraCFrame":[772.923,238.998,47.113,-0.013,-0.935,0.353,0,0.353,0.936,-1,0.012,-0.004],"_shiftlockState":false,"_pose":"FreeFall","_animationQueue":[],"_animationSpeed":1,"_zoom":11.92},{"_mousePosition":[909,357],"_rootPartCFrame":[768.445,226.937,47.169,-0.008,0,1,0,1,0,-1,0,-0.008],"_humanoidState":5,"_cameraCFrame":[772.494,239.648,47.114,-0.014,-0.94,0.34,0,0.34,0.941,-1,0.013,-0.005],"_shiftlockState":false,"_pose":"FreeFall","_animationQueue":[],"_animationSpeed":1,"_zoom":11.92},{"_mousePosition":[909,357],"_rootPartCFrame":[768.112,227.598,47.173,-0.009,0,1,0,1,0,-1,0,-0.009],"_humanoidState":5,"_cameraCFrame":[772.052,240.348,47.12,-0.014,-0.944,0.331,0,0.331,0.944,-1,0.013,-0.005],"_shiftlockState":false,"_pose":"FreeFall","_animationQueue":[],"_animationSpeed":1,"_zoom":11.92},{"_mousePosition":[909,357],"_rootPartCFrame":[767.912,227.954,47.176,-0.009,0,1,0,1,0,-1,0,-0.009],"_humanoidState":5,"_cameraCFrame":[771.762,240.735,47.132,-0.012,-0.946,0.323,0,0.323,0.946,-1,0.011,-0.004],"_shiftlockState":false,"_pose":"FreeFall","_animationQueue":[],"_animationSpeed":1,"_zoom":11.92},{"_mousePosition":[909,357],"_rootPartCFrame":[767.579,228.479,47.181,-0.01,0,1,0,1,0,-1,0,-0.01],"_humanoidState":5,"_cameraCFrame":[771.374,241.279,47.141,-0.01,-0.948,0.318,0,0.318,0.948,-1,0.01,-0.003],"_shiftlockState":false,"_pose":"FreeFall","_animationQueue":[],"_animationSpeed":1,"_zoom":11.92},{"_mousePosition":[909,357],"_rootPartCFrame":[767.379,228.753,47.183,-0.01,0,1,0,1,0,-1,0,-0.01],"_humanoidState":5,"_cameraCFrame":[771.129,241.568,47.152,-0.008,-0.949,0.315,0,0.315,0.949,-1,0.008,-0.003],"_shiftlockState":false,"_pose":"FreeFall","_animationQueue":[],"_animationSpeed":1,"_zoom":11.92},{"_mousePosition":[909,357],"_rootPartCFrame":[767.046,229.142,47.186,-0.01,0,1,0,1,0,-1,0,-0.01],"_humanoidState":5,"_cameraCFrame":[770.768,241.966,47.159,-0.007,-0.95,0.312,0,0.312,0.95,-1,0.007,-0.002],"_shiftlockState":false,"_pose":"FreeFall","_animationQueue":[],"_animationSpeed":1,"_zoom":11.92},{"_mousePosition":[909,357],"_rootPartCFrame":[766.846,229.335,47.188,-0.01,0,1,0,1,0,-1,0,-0.01],"_humanoidState":5,"_cameraCFrame":[770.55,242.165,47.165,-0.006,-0.95,0.311,0,0.311,0.95,-1,0.006,-0.002],"_shiftlockState":false,"_pose":"FreeFall","_animationQueue":[],"_animationSpeed":1,"_zoom":11.92},{"_mousePosition":[909,357],"_rootPartCFrame":[766.579,229.544,47.19,-0.01,0,1,0,1,0,-1,0,-0.01],"_humanoidState":5,"_cameraCFrame":[770.265,242.38,47.171,-0.005,-0.951,0.309,0,0.309,0.951,-1,0.005,-0.002],"_shiftlockState":false,"_pose":"FreeFall","_animationQueue":[],"_animationSpeed":1,"_zoom":11.92},{"_mousePosition":[909,357],"_rootPartCFrame":[766.313,229.698,47.192,-0.009,0,1,0,1,0,-1,0,-0.009],"_humanoidState":5,"_cameraCFrame":[769.971,242.543,47.177,-0.004,-0.952,0.307,0,0.307,0.952,-1,0.004,-0.001],"_shiftlockState":false,"_pose":"FreeFall","_animationQueue":[],"_animationSpeed":1,"_zoom":11.92},{"_mousePosition":[909,357],"_rootPartCFrame":[766.046,229.798,47.193,-0.009,0,1,0,1,0,-1,0,-0.009],"_humanoidState":5,"_cameraCFrame":[769.695,242.646,47.182,-0.003,-0.952,0.306,0,0.306,0.952,-1,0.003,-0.001],"_shiftlockState":false,"_pose":"FreeFall","_animationQueue":[],"_animationSpeed":1,"_zoom":11.92},{"_mousePosition":[909,357],"_rootPartCFrame":[765.779,229.843,47.195,-0.008,0,1,0,1,0,-1,0,-0.008],"_humanoidState":5,"_cameraCFrame":[769.41,242.697,47.183,-0.003,-0.952,0.305,0,0.305,0.952,-1,0.003,-0.001],"_shiftlockState":false,"_pose":"FreeFall","_animationQueue":[],"_animationSpeed":1,"_zoom":11.92},{"_mousePosition":[909,357],"_rootPartCFrame":[765.513,229.834,47.195,-0.008,0,1,0,1,0,-1,0,-0.008],"_humanoidState":5,"_cameraCFrame":[769.134,242.691,47.188,-0.002,-0.953,0.304,0,0.304,0.953,-1,0.002,-0.001],"_shiftlockState":false,"_pose":"FreeFall","_animationQueue":[],"_animationSpeed":1,"_zoom":11.92},{"_mousePosition":[909,357],"_rootPartCFrame":[765.246,229.771,47.196,-0.007,0,1,0,1,0,-1,0,-0.007],"_humanoidState":5,"_cameraCFrame":[768.859,242.63,47.189,-0.002,-0.953,0.303,0,0.303,0.953,-1,0.002,-0.001],"_shiftlockState":false,"_pose":"FreeFall","_animationQueue":[],"_animationSpeed":1,"_zoom":11.92},{"_mousePosition":[909,357],"_rootPartCFrame":[764.98,229.653,47.197,-0.006,0,1,0,1,0,-1,0,-0.006],"_humanoidState":5,"_cameraCFrame":[768.583,242.515,47.189,-0.002,-0.953,0.302,0,0.302,0.953,-1,0.002,-0.001],"_shiftlockState":false,"_pose":"FreeFall","_animationQueue":[],"_animationSpeed":1,"_zoom":11.92},{"_mousePosition":[909,357],"_rootPartCFrame":[764.713,229.48,47.197,-0.006,0,1,0,1,0,-1,0,-0.006],"_humanoidState":5,"_cameraCFrame":[768.307,242.345,47.19,-0.002,-0.953,0.302,0,0.302,0.953,-1,0.002,-0.001],"_shiftlockState":false,"_pose":"FreeFall","_animationQueue":[],"_animationSpeed":1,"_zoom":11.92},{"_mousePosition":[909,357],"_rootPartCFrame":[764.38,229.188,47.198,-0.005,0,1,0,1,0,-1,0,-0.005],"_humanoidState":5,"_cameraCFrame":[767.974,242.053,47.194,-0.001,-0.953,0.302,0,0.302,0.953,-1,0.001,0],"_shiftlockState":false,"_pose":"FreeFall","_animationQueue":[],"_animationSpeed":1,"_zoom":11.92},{"_mousePosition":[909,357],"_rootPartCFrame":[764.18,228.971,47.199,-0.005,0,1,0,1,0,-1,0,-0.005],"_humanoidState":5,"_cameraCFrame":[767.765,241.839,47.195,-0.001,-0.954,0.301,0,0.301,0.954,-1,0.001,0],"_shiftlockState":false,"_pose":"FreeFall","_animationQueue":[["fall",0.3]],"_animationSpeed":1,"_zoom":11.92},{"_mousePosition":[909,357],"_rootPartCFrame":[763.913,228.635,47.199,-0.004,0,1,0,1,0,-1,0,-0.004],"_humanoidState":5,"_cameraCFrame":[767.489,241.506,47.195,-0.001,-0.954,0.3,0,0.3,0.954,-1,0.001,0],"_shiftlockState":false,"_pose":"FreeFall","_animationQueue":[],"_animationSpeed":1,"_zoom":11.92},{"_mousePosition":[909,357],"_rootPartCFrame":[763.647,228.245,47.199,-0.004,0,1,0,1,0,-1,0,-0.004],"_humanoidState":5,"_cameraCFrame":[767.213,241.118,47.195,-0.001,-0.954,0.299,0,0.299,0.954,-1,0.001,0],"_shiftlockState":false,"_pose":"FreeFall","_animationQueue":[],"_animationSpeed":1,"_zoom":11.92},{"_mousePosition":[909,357],"_rootPartCFrame":[763.38,227.799,47.199,-0.003,0,1,0,1,0,-1,0,-0.003],"_humanoidState":5,"_cameraCFrame":[766.928,240.679,47.196,-0.001,-0.955,0.298,0,0.298,0.955,-1,0.001,0],"_shiftlockState":false,"_pose":"FreeFall","_animationQueue":[],"_animationSpeed":1,"_zoom":11.92},{"_mousePosition":[909,357],"_rootPartCFrame":[763.113,227.3,47.2,-0.003,0,1,0,1,0,-1,0,-0.003],"_humanoidState":5,"_cameraCFrame":[766.653,240.182,47.196,-0.001,-0.955,0.297,0,0.297,0.955,-1,0.001,0],"_shiftlockState":false,"_pose":"FreeFall","_animationQueue":[],"_animationSpeed":1,"_zoom":11.92},{"_mousePosition":[909,357],"_rootPartCFrame":[762.847,226.746,47.2,-0.003,0,1,0,1,0,-1,0,-0.003],"_humanoidState":5,"_cameraCFrame":[766.377,239.631,47.196,-0.001,-0.955,0.296,0,0.296,0.955,-1,0.001,0],"_shiftlockState":false,"_pose":"FreeFall","_animationQueue":[],"_animationSpeed":1,"_zoom":11.92},{"_mousePosition":[909,357],"_rootPartCFrame":[762.605,226.82,47.2,-0.003,0,1,0,1,0,-1,0,-0.003],"_humanoidState":12,"_cameraCFrame":[766.126,239.709,47.197,-0.001,-0.955,0.295,0,0.295,0.955,-1,0.001,0],"_shiftlockState":false,"_pose":"Climbing","_animationQueue":[["walk",0.1],["fall",0.3],["climb",0.1],["climb",0]],"_animationSpeed":-2.873,"_zoom":11.92},{"_mousePosition":[909,357],"_rootPartCFrame":[763.149,227.811,47.198,-0.003,0,1,0,1,0,-1,0,-0.003],"_humanoidState":3,"_cameraCFrame":[766.67,240.699,47.195,-0.001,-0.955,0.295,0,0.295,0.955,-1,0.001,0],"_shiftlockState":false,"_pose":"Jumping","_animationQueue":[["climb",0.1],["jump",0.1]],"_animationSpeed":1,"_zoom":11.92},{"_mousePosition":[909,357],"_rootPartCFrame":[763.46,228.365,47.197,-0.003,0,1,0,1,0,-1,0,-0.003],"_humanoidState":5,"_cameraCFrame":[766.972,241.256,47.193,-0.001,-0.956,0.295,0,0.295,0.956,-1,0.001,0],"_shiftlockState":false,"_pose":"FreeFall","_animationQueue":[["jump",0.1]],"_animationSpeed":1,"_zoom":11.92},{"_mousePosition":[909,357],"_rootPartCFrame":[763.929,229.219,47.195,-0.002,0,1,0,1,0,-1,0,-0.002],"_humanoidState":5,"_cameraCFrame":[767.441,242.11,47.192,-0.001,-0.956,0.295,0,0.295,0.956,-1,0.001,0],"_shiftlockState":false,"_pose":"FreeFall","_animationQueue":[],"_animationSpeed":1,"_zoom":11.92},{"_mousePosition":[909,357],"_rootPartCFrame":[764.181,229.691,47.194,-0.002,0,1,0,1,0,-1,0,-0.002],"_humanoidState":5,"_cameraCFrame":[767.693,242.582,47.191,-0.001,-0.956,0.295,0,0.295,0.956,-1,0.001,0],"_shiftlockState":false,"_pose":"FreeFall","_animationQueue":[],"_animationSpeed":1,"_zoom":11.92},{"_mousePosition":[909,357],"_rootPartCFrame":[764.482,230.273,47.193,-0.002,0,1,0,1,0,-1,0,-0.002],"_humanoidState":5,"_cameraCFrame":[767.994,243.164,47.189,-0.001,-0.956,0.295,0,0.295,0.956,-1,0.001,0],"_shiftlockState":false,"_pose":"FreeFall","_animationQueue":[],"_animationSpeed":1,"_zoom":11.92},{"_mousePosition":[909,357],"_rootPartCFrame":[764.743,230.8,47.192,-0.002,0,1,0,1,0,-1,0,-0.002],"_humanoidState":5,"_cameraCFrame":[768.255,243.691,47.188,-0.001,-0.956,0.295,0,0.295,0.956,-1,0.001,0],"_shiftlockState":false,"_pose":"FreeFall","_animationQueue":[],"_animationSpeed":1,"_zoom":11.92},{"_mousePosition":[909,357],"_rootPartCFrame":[764.965,231.272,47.191,-0.002,0,1,0,1,0,-1,0,-0.002],"_humanoidState":5,"_cameraCFrame":[768.476,244.163,47.187,-0.001,-0.956,0.295,0,0.295,0.956,-1,0.001,0],"_shiftlockState":false,"_pose":"FreeFall","_animationQueue":[],"_animationSpeed":1,"_zoom":11.92},{"_mousePosition":[909,357],"_rootPartCFrame":[765.146,231.69,47.19,-0.002,0,1,0,1,0,-1,0,-0.002],"_humanoidState":5,"_cameraCFrame":[768.658,244.581,47.186,-0.001,-0.956,0.295,0,0.295,0.956,-1,0.001,0],"_shiftlockState":false,"_pose":"FreeFall","_animationQueue":[],"_animationSpeed":1,"_zoom":11.92},{"_mousePosition":[909,357],"_rootPartCFrame":[765.288,232.054,47.189,-0.002,0,1,0,1,0,-1,0,-0.002],"_humanoidState":5,"_cameraCFrame":[768.8,244.945,47.186,-0.001,-0.956,0.295,0,0.295,0.956,-1,0.001,0],"_shiftlockState":false,"_pose":"FreeFall","_animationQueue":[],"_animationSpeed":1,"_zoom":11.92},{"_mousePosition":[909,357],"_rootPartCFrame":[765.391,232.363,47.188,-0.002,0,1,0,1,0,-1,0,-0.002],"_humanoidState":5,"_cameraCFrame":[768.902,245.254,47.185,-0.001,-0.956,0.295,0,0.295,0.956,-1,0.001,0],"_shiftlockState":false,"_pose":"FreeFall","_animationQueue":[],"_animationSpeed":1,"_zoom":11.92},{"_mousePosition":[909,357],"_rootPartCFrame":[765.453,232.617,47.188,-0.001,0,1,0,1,0,-1,0,-0.001],"_humanoidState":5,"_cameraCFrame":[768.965,245.508,47.184,-0.001,-0.956,0.295,0,0.295,0.956,-1,0.001,0],"_shiftlockState":false,"_pose":"FreeFall","_animationQueue":[],"_animationSpeed":1,"_zoom":11.92},{"_mousePosition":[909,357],"_rootPartCFrame":[765.476,232.817,47.187,-0.001,0,1,0,1,0,-1,0,-0.001],"_humanoidState":5,"_cameraCFrame":[768.988,245.708,47.184,-0.001,-0.956,0.295,0,0.295,0.956,-1,0.001,0],"_shiftlockState":false,"_pose":"FreeFall","_animationQueue":[],"_animationSpeed":1,"_zoom":11.92},{"_mousePosition":[909,357],"_rootPartCFrame":[765.436,233.015,47.187,-0.001,0,1,0,1,0,-1,0,-0.001],"_humanoidState":5,"_cameraCFrame":[768.948,245.906,47.183,-0.001,-0.956,0.295,0,0.295,0.956,-1,0.001,0],"_shiftlockState":false,"_pose":"FreeFall","_animationQueue":[],"_animationSpeed":1,"_zoom":11.92},{"_mousePosition":[909,357],"_rootPartCFrame":[765.403,233.053,47.187,-0.001,0,1,0,1,0,-1,0,-0.001],"_humanoidState":5,"_cameraCFrame":[768.914,245.944,47.183,-0.001,-0.956,0.295,0,0.295,0.956,-1,0.001,0],"_shiftlockState":false,"_pose":"FreeFall","_animationQueue":[],"_animationSpeed":1,"_zoom":11.92},{"_mousePosition":[909,357],"_rootPartCFrame":[765.276,233.09,47.187,-0.001,0,1,0,1,0,-1,0,-0.001],"_humanoidState":5,"_cameraCFrame":[768.778,245.984,47.183,-0.001,-0.956,0.294,0,0.294,0.956,-1,0.001,0],"_shiftlockState":false,"_pose":"FreeFall","_animationQueue":[],"_animationSpeed":1,"_zoom":11.92},{"_mousePosition":[909,357],"_rootPartCFrame":[765.13,233.059,47.186,-0.001,0,1,0,1,0,-1,0,-0.001],"_humanoidState":5,"_cameraCFrame":[768.632,245.953,47.183,-0.001,-0.956,0.294,0,0.294,0.956,-1,0.001,0],"_shiftlockState":false,"_pose":"FreeFall","_animationQueue":[],"_animationSpeed":1,"_zoom":11.92},{"_mousePosition":[909,357],"_rootPartCFrame":[764.995,232.999,47.187,-0.001,0,1,0,1,0,-1,0,-0.001],"_humanoidState":5,"_cameraCFrame":[768.488,245.896,47.183,-0.001,-0.956,0.293,0,0.293,0.956,-1,0.001,0],"_shiftlockState":false,"_pose":"FreeFall","_animationQueue":[],"_animationSpeed":1,"_zoom":11.92},{"_mousePosition":[909,357],"_rootPartCFrame":[764.779,232.872,47.187,-0.001,0,1,0,1,0,-1,0,-0.001],"_humanoidState":5,"_cameraCFrame":[768.272,245.769,47.183,-0.001,-0.956,0.293,0,0.293,0.956,-1,0.001,0],"_shiftlockState":false,"_pose":"FreeFall","_animationQueue":[],"_animationSpeed":1,"_zoom":11.92},{"_mousePosition":[909,357],"_rootPartCFrame":[764.459,232.637,47.187,-0.001,0,1,0,1,0,-1,0,-0.001],"_humanoidState":5,"_cameraCFrame":[767.952,245.534,47.183,-0.001,-0.956,0.293,0,0.293,0.956,-1,0.001,0],"_shiftlockState":false,"_pose":"FreeFall","_animationQueue":[],"_animationSpeed":1,"_zoom":11.92},{"_mousePosition":[909,357],"_rootPartCFrame":[764.259,232.455,47.187,-0.001,0,1,0,1,0,-1,0,-0.001],"_humanoidState":5,"_cameraCFrame":[767.752,245.351,47.184,-0.001,-0.956,0.293,0,0.293,0.956,-1,0.001,0],"_shiftlockState":false,"_pose":"FreeFall","_animationQueue":[],"_animationSpeed":1,"_zoom":11.92},{"_mousePosition":[909,357],"_rootPartCFrame":[763.926,232.083,47.188,-0.001,0,1,0,1,0,-1,0,-0.001],"_humanoidState":5,"_cameraCFrame":[767.419,244.98,47.184,-0.001,-0.956,0.293,0,0.293,0.956,-1,0.001,0],"_shiftlockState":false,"_pose":"FreeFall","_animationQueue":[["fall",0.3]],"_animationSpeed":1,"_zoom":11.92},{"_mousePosition":[909,357],"_rootPartCFrame":[763.726,231.819,47.188,-0.001,0,1,0,1,0,-1,0,-0.001],"_humanoidState":5,"_cameraCFrame":[767.219,244.716,47.184,-0.001,-0.956,0.293,0,0.293,0.956,-1,0.001,0],"_shiftlockState":false,"_pose":"FreeFall","_animationQueue":[],"_animationSpeed":1,"_zoom":11.92},{"_mousePosition":[909,357],"_rootPartCFrame":[763.459,231.42,47.188,-0.001,0,1,0,1,0,-1,0,-0.001],"_humanoidState":5,"_cameraCFrame":[766.952,244.316,47.184,-0.001,-0.956,0.293,0,0.293,0.956,-1,0.001,0],"_shiftlockState":false,"_pose":"FreeFall","_animationQueue":[],"_animationSpeed":1,"_zoom":11.92},{"_mousePosition":[909,357],"_rootPartCFrame":[763.193,230.966,47.188,-0.001,0,1,0,1,0,-1,0,-0.001],"_humanoidState":5,"_cameraCFrame":[766.686,243.862,47.185,-0.001,-0.956,0.293,0,0.293,0.956,-1,0.001,0],"_shiftlockState":false,"_pose":"FreeFall","_animationQueue":[],"_animationSpeed":1,"_zoom":11.92},{"_mousePosition":[909,357],"_rootPartCFrame":[762.926,230.457,47.189,-0.001,0,1,0,1,0,-1,0,-0.001],"_humanoidState":5,"_cameraCFrame":[766.419,243.354,47.185,-0.001,-0.956,0.293,0,0.293,0.956,-1,0.001,0],"_shiftlockState":false,"_pose":"FreeFall","_animationQueue":[],"_animationSpeed":1,"_zoom":11.92},{"_mousePosition":[909,357],"_rootPartCFrame":[762.684,230.538,47.189,-0.001,0,1,0,1,0,-1,0,-0.001],"_humanoidState":12,"_cameraCFrame":[766.177,243.435,47.185,-0.001,-0.956,0.293,0,0.293,0.956,-1,0.001,0],"_shiftlockState":false,"_pose":"Climbing","_animationQueue":[["walk",0.1],["fall",0.3],["climb",0.1],["climb",0]],"_animationSpeed":-2.645,"_zoom":11.92},{"_mousePosition":[909,357],"_rootPartCFrame":[763.227,231.53,47.188,-0.001,0,1,0,1,0,-1,0,-0.001],"_humanoidState":3,"_cameraCFrame":[766.72,244.426,47.185,-0.001,-0.956,0.293,0,0.293,0.956,-1,0.001,0],"_shiftlockState":false,"_pose":"Jumping","_animationQueue":[["climb",0.1],["jump",0.1]],"_animationSpeed":1,"_zoom":11.92},{"_mousePosition":[909,357],"_rootPartCFrame":[763.538,232.084,47.188,-0.001,0,1,0,1,0,-1,0,-0.001],"_humanoidState":5,"_cameraCFrame":[767.031,244.98,47.184,-0.001,-0.956,0.293,0,0.293,0.956,-1,0.001,0],"_shiftlockState":false,"_pose":"FreeFall","_animationQueue":[["jump",0.1]],"_animationSpeed":1,"_zoom":11.92},{"_mousePosition":[909,357],"_rootPartCFrame":[763.918,232.775,47.187,-0.001,0,1,0,1,0,-1,0,-0.001],"_humanoidState":5,"_cameraCFrame":[767.411,245.671,47.184,-0.001,-0.956,0.293,0,0.293,0.956,-1,0.001,0],"_shiftlockState":false,"_pose":"FreeFall","_animationQueue":[],"_animationSpeed":1,"_zoom":11.92},{"_mousePosition":[909,357],"_rootPartCFrame":[764.258,233.411,47.187,-0.001,0,1,0,1,0,-1,0,-0.001],"_humanoidState":5,"_cameraCFrame":[767.751,246.308,47.183,-0.001,-0.956,0.293,0,0.293,0.956,-1,0.001,0],"_shiftlockState":false,"_pose":"FreeFall","_animationQueue":[],"_animationSpeed":1,"_zoom":11.92},{"_mousePosition":[909,357],"_rootPartCFrame":[764.628,234.13,47.187,-0.001,0,1,0,1,0,-1,0,-0.001],"_humanoidState":5,"_cameraCFrame":[768.121,247.027,47.183,-0.001,-0.956,0.293,0,0.293,0.956,-1,0.001,0],"_shiftlockState":false,"_pose":"FreeFall","_animationQueue":[],"_animationSpeed":1,"_zoom":11.92},{"_mousePosition":[909,357],"_rootPartCFrame":[764.819,234.52,47.186,-0.001,0,1,0,1,0,-1,0,-0.001],"_humanoidState":5,"_cameraCFrame":[768.313,247.417,47.183,-0.001,-0.956,0.293,0,0.293,0.956,-1,0.001,0],"_shiftlockState":false,"_pose":"FreeFall","_animationQueue":[],"_animationSpeed":1,"_zoom":11.92},{"_mousePosition":[909,357],"_rootPartCFrame":[765.04,234.993,47.186,-0.001,0,1,0,1,0,-1,0,-0.001],"_humanoidState":5,"_cameraCFrame":[768.534,247.89,47.183,-0.001,-0.956,0.293,0,0.293,0.956,-1,0.001,0],"_shiftlockState":false,"_pose":"FreeFall","_animationQueue":[],"_animationSpeed":1,"_zoom":11.92},{"_mousePosition":[909,357],"_rootPartCFrame":[765.222,235.412,47.186,-0.001,0,1,0,1,0,-1,0,-0.001],"_humanoidState":5,"_cameraCFrame":[768.715,248.308,47.182,-0.001,-0.956,0.293,0,0.293,0.956,-1,0.001,0],"_shiftlockState":false,"_pose":"FreeFall","_animationQueue":[],"_animationSpeed":1,"_zoom":11.92},{"_mousePosition":[909,357],"_rootPartCFrame":[765.363,235.776,47.186,-0.001,0,1,0,1,0,-1,0,-0.001],"_humanoidState":5,"_cameraCFrame":[768.857,248.672,47.182,-0.001,-0.956,0.293,0,0.293,0.956,-1,0.001,0],"_shiftlockState":false,"_pose":"FreeFall","_animationQueue":[],"_animationSpeed":1,"_zoom":11.92},{"_mousePosition":[909,357],"_rootPartCFrame":[765.465,236.085,47.186,-0.001,0,1,0,1,0,-1,0,-0.001],"_humanoidState":5,"_cameraCFrame":[768.958,248.982,47.182,-0.001,-0.956,0.293,0,0.293,0.956,-1,0.001,0],"_shiftlockState":false,"_pose":"FreeFall","_animationQueue":[],"_animationSpeed":1,"_zoom":11.92},{"_mousePosition":[909,357],"_rootPartCFrame":[765.527,236.34,47.186,-0.001,0,1,0,1,0,-1,0,-0.001],"_humanoidState":5,"_cameraCFrame":[769.02,249.237,47.182,-0.001,-0.956,0.293,0,0.293,0.956,-1,0.001,0],"_shiftlockState":false,"_pose":"FreeFall","_animationQueue":[],"_animationSpeed":1,"_zoom":11.92},{"_mousePosition":[909,357],"_rootPartCFrame":[765.55,236.54,47.186,-0.001,0,1,0,1,0,-1,0,-0.001],"_humanoidState":5,"_cameraCFrame":[769.043,249.437,47.182,-0.001,-0.956,0.293,0,0.293,0.956,-1,0.001,0],"_shiftlockState":false,"_pose":"FreeFall","_animationQueue":[],"_animationSpeed":1,"_zoom":11.92},{"_mousePosition":[909,357],"_rootPartCFrame":[765.522,236.714,47.186,-0.001,0,1,0,1,0,-1,0,-0.001],"_humanoidState":5,"_cameraCFrame":[769.015,249.611,47.182,-0.001,-0.956,0.293,0,0.293,0.956,-1,0.001,0],"_shiftlockState":false,"_pose":"FreeFall","_animationQueue":[],"_animationSpeed":1,"_zoom":11.92},{"_mousePosition":[909,357],"_rootPartCFrame":[765.475,236.778,47.186,-0.001,0,1,0,1,0,-1,0,-0.001],"_humanoidState":5,"_cameraCFrame":[768.968,249.674,47.182,-0.001,-0.956,0.293,0,0.293,0.956,-1,0.001,0],"_shiftlockState":false,"_pose":"FreeFall","_animationQueue":[],"_animationSpeed":1,"_zoom":11.92},{"_mousePosition":[909,357],"_rootPartCFrame":[765.379,236.815,47.186,-0.001,0,1,0,1,0,-1,0,-0.001],"_humanoidState":5,"_cameraCFrame":[768.872,249.711,47.182,-0.001,-0.956,0.293,0,0.293,0.956,-1,0.001,0],"_shiftlockState":false,"_pose":"FreeFall","_animationQueue":[],"_animationSpeed":1,"_zoom":11.92},{"_mousePosition":[909,357],"_rootPartCFrame":[765.202,236.784,47.186,-0.001,0,1,0,1,0,-1,0,-0.001],"_humanoidState":5,"_cameraCFrame":[768.695,249.681,47.182,-0.001,-0.956,0.293,0,0.293,0.956,-1,0.001,0],"_shiftlockState":false,"_pose":"FreeFall","_animationQueue":[],"_animationSpeed":1,"_zoom":11.92},{"_mousePosition":[909,357],"_rootPartCFrame":[765.066,236.725,47.186,-0.001,0,1,0,1,0,-1,0,-0.001],"_humanoidState":5,"_cameraCFrame":[768.559,249.622,47.182,-0.001,-0.956,0.293,0,0.293,0.956,-1,0.001,0],"_shiftlockState":false,"_pose":"FreeFall","_animationQueue":[],"_animationSpeed":1,"_zoom":11.92},{"_mousePosition":[909,357],"_rootPartCFrame":[764.85,236.598,47.186,-0.001,0,1,0,1,0,-1,0,-0.001],"_humanoidState":5,"_cameraCFrame":[768.343,249.495,47.183,-0.001,-0.956,0.293,0,0.293,0.956,-1,0.001,0],"_shiftlockState":false,"_pose":"FreeFall","_animationQueue":[],"_animationSpeed":1,"_zoom":11.92},{"_mousePosition":[909,357],"_rootPartCFrame":[764.596,236.417,47.187,-0.001,0,1,0,1,0,-1,0,-0.001],"_humanoidState":5,"_cameraCFrame":[768.089,249.314,47.183,-0.001,-0.956,0.293,0,0.293,0.956,-1,0.001,0],"_shiftlockState":false,"_pose":"FreeFall","_animationQueue":[],"_animationSpeed":1,"_zoom":11.92},{"_mousePosition":[909,357],"_rootPartCFrame":[764.329,236.182,47.187,-0.001,0,1,0,1,0,-1,0,-0.001],"_humanoidState":5,"_cameraCFrame":[767.823,249.078,47.183,-0.001,-0.956,0.293,0,0.293,0.956,-1,0.001,0],"_shiftlockState":false,"_pose":"FreeFall","_animationQueue":[],"_animationSpeed":1,"_zoom":11.92},{"_mousePosition":[909,357],"_rootPartCFrame":[764.088,236.303,47.187,-0.001,0,1,0,1,0,-1,0,-0.001],"_humanoidState":12,"_cameraCFrame":[767.581,249.2,47.183,-0.001,-0.956,0.293,0,0.293,0.956,-1,0.001,0],"_shiftlockState":false,"_pose":"Climbing","_animationQueue":[["walk",0.1],["climb",0.1],["climb",0]],"_animationSpeed":-1.28,"_zoom":11.92},{"_mousePosition":[909,357],"_rootPartCFrame":[764.047,236.458,47.187,0,0,1,0,1,0,-1,0,0],"_humanoidState":12,"_cameraCFrame":[767.54,249.354,47.184,-0.001,-0.956,0.293,0,0.293,0.956,-1,0.001,0],"_shiftlockState":false,"_pose":"Climbing","_animationQueue":[["climb",0.1],["climb",0]],"_animationSpeed":0.89,"_zoom":11.92},{"_mousePosition":[909,357],"_rootPartCFrame":[764.115,236.639,47.187,0,0,1,0,1,0,-1,0,0],"_humanoidState":12,"_cameraCFrame":[767.608,249.536,47.184,-0.001,-0.956,0.293,0,0.293,0.956,-1,0.001,0],"_shiftlockState":false,"_pose":"Climbing","_animationQueue":[["climb",0.1]],"_animationSpeed":0.763,"_zoom":11.92},{"_mousePosition":[909,357],"_rootPartCFrame":[764.144,236.826,47.187,0,0,1,0,1,0,-1,0,0],"_humanoidState":12,"_cameraCFrame":[767.637,249.723,47.184,-0.001,-0.956,0.293,0,0.293,0.956,-1,0.001,0],"_shiftlockState":false,"_pose":"Climbing","_animationQueue":[["climb",0.1]],"_animationSpeed":0.93,"_zoom":11.92},{"_mousePosition":[909,357],"_rootPartCFrame":[764.146,237.059,47.187,0,0,1,0,1,0,-1,0,0],"_humanoidState":12,"_cameraCFrame":[767.639,249.956,47.184,-0.001,-0.956,0.293,0,0.293,0.956,-1,0.001,0],"_shiftlockState":false,"_pose":"Climbing","_animationQueue":[],"_animationSpeed":0.93,"_zoom":11.92},{"_mousePosition":[909,357],"_rootPartCFrame":[764.146,237.199,47.187,0,0,1,0,1,0,-1,0,0],"_humanoidState":12,"_cameraCFrame":[767.639,250.096,47.184,-0.001,-0.956,0.293,0,0.293,0.956,-1,0.001,0],"_shiftlockState":false,"_pose":"Climbing","_animationQueue":[],"_animationSpeed":0.93,"_zoom":11.92},{"_mousePosition":[909,357],"_rootPartCFrame":[764.146,237.386,47.187,0,0,1,0,1,0,-1,0,0],"_humanoidState":12,"_cameraCFrame":[767.685,250.268,47.184,-0.001,-0.955,0.297,0,0.297,0.955,-1,0.001,0],"_shiftlockState":false,"_pose":"Climbing","_animationQueue":[],"_animationSpeed":0.93,"_zoom":11.92},{"_mousePosition":[909,357],"_rootPartCFrame":[764.146,237.619,47.187,0,0,1,0,1,0,-1,0,0],"_humanoidState":12,"_cameraCFrame":[767.923,250.425,47.183,-0.001,-0.948,0.317,0,0.317,0.948,-1,0.001,0],"_shiftlockState":false,"_pose":"Climbing","_animationQueue":[],"_animationSpeed":0.93,"_zoom":11.92},{"_mousePosition":[909,357],"_rootPartCFrame":[764.146,237.759,47.187,0,0,1,0,1,0,-1,0,0],"_humanoidState":12,"_cameraCFrame":[768.295,250.434,47.187,0,-0.937,0.348,0,0.348,0.937,-1,0,0],"_shiftlockState":false,"_pose":"Climbing","_animationQueue":[],"_animationSpeed":0.93,"_zoom":11.92},{"_mousePosition":[909,357],"_rootPartCFrame":[764.146,237.946,47.187,0,0,1,0,1,0,-1,0,0],"_humanoidState":12,"_cameraCFrame":[768.954,250.353,47.187,0,-0.915,0.403,0,0.403,0.915,-1,0,0],"_shiftlockState":false,"_pose":"Climbing","_animationQueue":[],"_animationSpeed":0.93,"_zoom":11.92},{"_mousePosition":[909,357],"_rootPartCFrame":[764.146,238.132,47.187,0,0,1,0,1,0,-1,0,0],"_humanoidState":12,"_cameraCFrame":[769.672,250.194,47.182,-0.001,-0.886,0.464,0,0.464,0.886,-1,0.001,0],"_shiftlockState":false,"_pose":"Climbing","_animationQueue":[],"_animationSpeed":0.93,"_zoom":11.92},{"_mousePosition":[909,357],"_rootPartCFrame":[764.146,238.319,47.187,0,0,1,0,1,0,-1,0,0],"_humanoidState":12,"_cameraCFrame":[770.415,249.957,47.122,-0.01,-0.85,0.526,0,0.526,0.851,-1,0.009,-0.006],"_shiftlockState":false,"_pose":"Climbing","_animationQueue":[],"_animationSpeed":0.93,"_zoom":11.92},{"_mousePosition":[909,357],"_rootPartCFrame":[764.146,238.552,47.187,0,0,1,0,1,0,-1,0,0],"_humanoidState":12,"_cameraCFrame":[771.046,249.771,47.028,-0.023,-0.815,0.579,0,0.579,0.815,-1,0.019,-0.013],"_shiftlockState":false,"_pose":"Climbing","_animationQueue":[],"_animationSpeed":0.93,"_zoom":11.92},{"_mousePosition":[909,357],"_rootPartCFrame":[764.146,238.692,47.187,0,0,1,0,1,0,-1,0,0],"_humanoidState":12,"_cameraCFrame":[771.52,249.554,46.925,-0.036,-0.785,0.619,0,0.619,0.785,-0.999,0.028,-0.022],"_shiftlockState":false,"_pose":"Climbing","_animationQueue":[],"_animationSpeed":0.93,"_zoom":11.92},{"_mousePosition":[909,357],"_rootPartCFrame":[764.146,238.926,47.187,0,0,1,0,1,0,-1,0,0],"_humanoidState":12,"_cameraCFrame":[771.772,249.581,46.86,-0.043,-0.767,0.64,0,0.64,0.768,-0.999,0.033,-0.027],"_shiftlockState":false,"_pose":"Climbing","_animationQueue":[],"_animationSpeed":0.93,"_zoom":11.92},{"_mousePosition":[909,357],"_rootPartCFrame":[764.146,239.066,47.187,0,0,1,0,1,0,-1,0,0],"_humanoidState":12,"_cameraCFrame":[771.945,249.572,46.803,-0.049,-0.755,0.654,0,0.655,0.756,-0.999,0.037,-0.032],"_shiftlockState":false,"_pose":"Climbing","_animationQueue":[],"_animationSpeed":0.93,"_zoom":11.92},{"_mousePosition":[909,357],"_rootPartCFrame":[764.146,239.299,47.187,0,0,1,0,1,0,-1,0,0],"_humanoidState":12,"_cameraCFrame":[772.024,249.736,46.783,-0.051,-0.749,0.661,0,0.662,0.75,-0.999,0.038,-0.034],"_shiftlockState":false,"_pose":"Climbing","_animationQueue":[],"_animationSpeed":0.93,"_zoom":11.92},{"_mousePosition":[909,357],"_rootPartCFrame":[764.146,239.439,47.187,0,0,1,0,1,0,-1,0,0],"_humanoidState":12,"_cameraCFrame":[772.088,249.818,46.779,-0.051,-0.744,0.666,0,0.667,0.745,-0.999,0.038,-0.034],"_shiftlockState":false,"_pose":"Climbing","_animationQueue":[],"_animationSpeed":0.93,"_zoom":11.92},{"_mousePosition":[909,357],"_rootPartCFrame":[764.146,239.672,47.187,0,0,1,0,1,0,-1,0,0],"_humanoidState":12,"_cameraCFrame":[772.124,250.019,46.778,-0.051,-0.741,0.669,0,0.67,0.742,-0.999,0.038,-0.034],"_shiftlockState":false,"_pose":"Climbing","_animationQueue":[],"_animationSpeed":0.93,"_zoom":11.92},{"_mousePosition":[909,357],"_rootPartCFrame":[764.146,239.812,47.187,0,0,1,0,1,0,-1,0,0],"_humanoidState":12,"_cameraCFrame":[772.153,250.133,46.776,-0.051,-0.739,0.672,0,0.673,0.74,-0.999,0.038,-0.034],"_shiftlockState":false,"_pose":"Climbing","_animationQueue":[],"_animationSpeed":0.93,"_zoom":11.92},{"_mousePosition":[909,357],"_rootPartCFrame":[764.146,239.999,47.187,0,0,1,0,1,0,-1,0,0],"_humanoidState":12,"_cameraCFrame":[772.167,250.307,46.784,-0.05,-0.738,0.673,0,0.674,0.739,-0.999,0.037,-0.034],"_shiftlockState":false,"_pose":"Climbing","_animationQueue":[],"_animationSpeed":0.93,"_zoom":11.92},{"_mousePosition":[909,357],"_rootPartCFrame":[764.146,240.186,47.187,0,0,1,0,1,0,-1,0,0],"_humanoidState":12,"_cameraCFrame":[772.174,250.487,46.783,-0.05,-0.737,0.674,0,0.674,0.738,-0.999,0.037,-0.034],"_shiftlockState":false,"_pose":"Climbing","_animationQueue":[],"_animationSpeed":0.93,"_zoom":11.92},{"_mousePosition":[909,357],"_rootPartCFrame":[764.146,240.372,47.187,0,0,1,0,1,0,-1,0,0],"_humanoidState":12,"_cameraCFrame":[772.171,250.674,46.725,-0.058,-0.737,0.673,0,0.674,0.738,-0.998,0.043,-0.039],"_shiftlockState":false,"_pose":"Climbing","_animationQueue":[],"_animationSpeed":0.93,"_zoom":11.92},{"_mousePosition":[909,357],"_rootPartCFrame":[764.146,240.605,47.187,0,0,1,0,1,0,-1,0,0],"_humanoidState":12,"_cameraCFrame":[772.156,250.901,46.43,-0.094,-0.735,0.672,0,0.675,0.738,-0.996,0.069,-0.064],"_shiftlockState":false,"_pose":"Climbing","_animationQueue":[],"_animationSpeed":0.93,"_zoom":11.92},{"_mousePosition":[909,357],"_rootPartCFrame":[764.146,240.792,47.187,0,0,1,0,1,0,-1,0,0],"_humanoidState":12,"_cameraCFrame":[772.045,251.133,45.945,-0.155,-0.733,0.663,0,0.671,0.742,-0.988,0.115,-0.104],"_shiftlockState":false,"_pose":"Climbing","_animationQueue":[],"_animationSpeed":0.93,"_zoom":11.92},{"_mousePosition":[909,357],"_rootPartCFrame":[764.146,240.932,47.187,0,0,1,0,1,0,-1,0,0],"_humanoidState":12,"_cameraCFrame":[771.429,251.298,45.104,-0.275,-0.731,0.625,0,0.65,0.76,-0.961,0.209,-0.179],"_shiftlockState":false,"_pose":"Climbing","_animationQueue":[],"_animationSpeed":0.93,"_zoom":9.136},{"_mousePosition":[909,357],"_rootPartCFrame":[764.146,241.165,47.187,0,0,1,0,1,0,-1,0,0],"_humanoidState":12,"_cameraCFrame":[770.564,251.492,44.442,-0.393,-0.721,0.57,0,0.62,0.784,-0.919,0.308,-0.244],"_shiftlockState":false,"_pose":"Climbing","_animationQueue":[],"_animationSpeed":0.93,"_zoom":9.136},{"_mousePosition":[909,357],"_rootPartCFrame":[764.146,241.305,47.187,0,0,1,0,1,0,-1,0,0],"_humanoidState":12,"_cameraCFrame":[768.762,251.569,43.729,-0.6,-0.669,0.44,0,0.55,0.835,-0.8,0.501,-0.33],"_shiftlockState":false,"_pose":"Climbing","_animationQueue":[],"_animationSpeed":0.93,"_zoom":6.909},{"_mousePosition":[909,357],"_rootPartCFrame":[764.146,241.539,47.187,0,0,1,0,1,0,-1,0,0],"_humanoidState":12,"_cameraCFrame":[767.359,251.63,43.634,-0.742,-0.586,0.327,0,0.487,0.873,-0.671,0.648,-0.361],"_shiftlockState":false,"_pose":"Climbing","_animationQueue":[],"_animationSpeed":0.93,"_zoom":6.909},{"_mousePosition":[909,357],"_rootPartCFrame":[764.146,241.679,47.187,0,0,1,0,1,0,-1,0,0],"_humanoidState":12,"_cameraCFrame":[765.555,251.355,44.109,-0.909,-0.385,0.159,0,0.383,0.924,-0.416,0.84,-0.348],"_shiftlockState":false,"_pose":"Climbing","_animationQueue":[],"_animationSpeed":0.93,"_zoom":5.127},{"_mousePosition":[909,357],"_rootPartCFrame":[764.146,241.912,47.187,0,0,1,0,1,0,-1,0,0],"_humanoidState":12,"_cameraCFrame":[764.851,251.031,44.642,-0.964,-0.252,0.087,0,0.328,0.945,-0.267,0.911,-0.316],"_shiftlockState":false,"_pose":"Climbing","_animationQueue":[],"_animationSpeed":0.93,"_zoom":5.127},{"_mousePosition":[909,357],"_rootPartCFrame":[764.146,242.052,47.187,0,0,1,0,1,0,-1,0,0],"_humanoidState":12,"_cameraCFrame":[764.506,250.447,44.962,-0.987,-0.152,0.05,0,0.311,0.95,-0.16,0.938,-0.307],"_shiftlockState":false,"_pose":"Climbing","_animationQueue":[["climb",0]],"_animationSpeed":0.93,"_zoom":5.127},{"_mousePosition":[909,357],"_rootPartCFrame":[764.146,242.285,47.187,0,0,1,0,1,0,-1,0,0],"_humanoidState":12,"_cameraCFrame":[764.39,250.11,45.037,-0.994,-0.107,0.037,0,0.324,0.946,-0.113,0.94,-0.322],"_shiftlockState":false,"_pose":"Climbing","_animation