[{"_mousePosition":[1207,397],"_rootPartCFrame":[776.035,222.973,47.142,-0.002,-0.008,1,0,1,0.008,-1,0,-0.002],"_humanoidState":8,"_cameraCFrame":[777.911,232.224,44.074,-0.852,-0.475,0.221,0,0.421,0.907,-0.524,0.772,-0.359],"_shiftlockState":false,"_pose":"Standing","_animationQueue":[],"_animationSpeed":1,"_zoom":8.547},{"_mousePosition":[1210,399],"_rootPartCFrame":[775.89,222.882,47.052,0.053,-0.002,0.999,0,1,0.002,-0.999,0,0.053],"_humanoidState":8,"_cameraCFrame":[777.775,232.132,43.984,-0.852,-0.475,0.221,0,0.421,0.907,-0.524,0.772,-0.359],"_shiftlockState":false,"_pose":"Standing","_animationQueue":[],"_animationSpeed":1,"_zoom":8.547},{"_mousePosition":[1238,412],"_rootPartCFrame":[775.664,222.729,46.913,0.119,0,0.993,0,1,0,-0.993,0,0.119],"_humanoidState":8,"_cameraCFrame":[777.553,231.979,43.846,-0.852,-0.475,0.221,0,0.421,0.907,-0.524,0.772,-0.359],"_shiftlockState":false,"_pose":"Running","_animationQueue":[["walk",0.1]],"_animationSpeed":1,"_zoom":8.547},{"_mousePosition":[1245,415],"_rootPartCFrame":[775.436,222.614,46.774,0.177,0,0.984,0,1,0,-0.984,0,0.177],"_humanoidState":8,"_cameraCFrame":[777.325,231.865,43.706,-0.852,-0.475,0.221,0,0.421,0.907,-0.524,0.772,-0.359],"_shiftlockState":false,"_pose":"Running","_animationQueue":[["walk",0.1]],"_animationSpeed":1.104,"_zoom":8.547},{"_mousePosition":[1280,430],"_rootPartCFrame":[775.209,222.638,46.634,0.227,0,0.974,0,1,0,-0.974,0,0.227],"_humanoidState":8,"_cameraCFrame":[775.607,231.888,42.649,-0.852,-0.475,0.221,0,0.421,0.907,-0.524,0.772,-0.359],"_shiftlockState":true,"_pose":"Running","_animationQueue":[],"_animationSpeed":1.104,"_zoom":8.547},{"_mousePosition":[683,384],"_rootPartCFrame":[774.925,222.668,46.459,-0.882,0,0.472,0,1,0,-0.472,0,-0.882],"_humanoidState":8,"_cameraCFrame":[775.324,231.919,42.474,-0.852,-0.475,0.221,0,0.421,0.907,-0.524,0.772,-0.359],"_shiftlockState":true,"_pose":"Running","_animationQueue":[["walk",0.1]],"_animationSpeed":1.104,"_zoom":8.547},{"_mousePosition":[683,384],"_rootPartCFrame":[774.755,222.68,46.354,-0.862,0,0.506,0,1,0,-0.506,0,-0.862],"_humanoidState":8,"_cameraCFrame":[775.197,231.97,42.453,-0.839,-0.496,0.224,0,0.411,0.912,-0.544,0.765,-0.345],"_shiftlockState":true,"_pose":"Running","_animationQueue":[],"_animationSpeed":1.104,"_zoom":8.547},{"_mousePosition":[683,384],"_rootPartCFrame":[774.528,222.689,46.214,-0.842,0,0.54,0,1,0,-0.54,0,-0.842],"_humanoidState":8,"_cameraCFrame":[775.008,232.027,42.414,-0.825,-0.518,0.225,0,0.399,0.917,-0.565,0.757,-0.329],"_shiftlockState":true,"_pose":"Running","_animationQueue":[],"_animationSpeed":1.104,"_zoom":8.547},{"_mousePosition":[683,384],"_rootPartCFrame":[774.304,222.694,46.07,-0.826,0,0.564,0,1,0,-0.564,0,-0.826],"_humanoidState":8,"_cameraCFrame":[774.804,232.083,42.38,-0.812,-0.539,0.225,0,0.385,0.923,-0.584,0.749,-0.312],"_shiftlockState":true,"_pose":"Running","_animationQueue":[],"_animationSpeed":1.104,"_zoom":8.547},{"_mousePosition":[683,384],"_rootPartCFrame":[774.083,222.696,45.92,-0.812,0,0.584,0,1,0,-0.584,0,-0.812],"_humanoidState":8,"_cameraCFrame":[774.603,232.135,42.341,-0.797,-0.562,0.224,0,0.37,0.929,-0.605,0.74,-0.295],"_shiftlockState":true,"_pose":"Running","_animationQueue":[],"_animationSpeed":1.104,"_zoom":8.547},{"_mousePosition":[683,384],"_rootPartCFrame":[773.866,222.698,45.765,-0.797,0,0.605,0,1,0,-0.605,0,-0.797],"_humanoidState":8,"_cameraCFrame":[774.386,232.18,42.282,-0.785,-0.578,0.222,0,0.358,0.934,-0.619,0.733,-0.281],"_shiftlockState":true,"_pose":"Running","_animationQueue":[],"_animationSpeed":1.104,"_zoom":8.547},{"_mousePosition":[683,384],"_rootPartCFrame":[773.653,222.699,45.605,-0.785,0,0.619,0,1,0,-0.619,0,-0.785],"_humanoidState":8,"_cameraCFrame":[774.152,232.219,42.208,-0.777,-0.591,0.217,0,0.346,0.938,-0.629,0.729,-0.269],"_shiftlockState":true,"_pose":"Running","_animationQueue":[],"_animationSpeed":1.104,"_zoom":8.547},{"_mousePosition":[683,384],"_rootPartCFrame":[773.443,222.699,45.44,-0.777,0,0.629,0,1,0,-0.629,0,-0.777],"_humanoidState":8,"_cameraCFrame":[773.887,232.257,42.126,-0.775,-0.596,0.211,0,0.333,0.943,-0.632,0.731,-0.258],"_shiftlockState":true,"_pose":"Running","_animationQueue":[["walk",0.1]],"_animationSpeed":1.104,"_zoom":8.547},{"_mousePosition":[683,384],"_rootPartCFrame":[773.236,222.699,45.273,-0.775,0,0.632,0,1,0,-0.632,0,-0.775],"_humanoidState":8,"_cameraCFrame":[773.608,232.291,42.033,-0.777,-0.596,0.203,0,0.322,0.947,-0.629,0.736,-0.25],"_shiftlockState":true,"_pose":"Running","_animationQueue":[],"_animationSpeed":1.104,"_zoom":8.547},{"_mousePosition":[683,384],"_rootPartCFrame":[773.029,222.7,45.105,-0.777,0,0.629,0,1,0,-0.629,0,-0.777],"_humanoidState":8,"_cameraCFrame":[773.308,232.328,41.949,-0.782,-0.593,0.193,0,0.309,0.951,-0.624,0.744,-0.242],"_shiftlockState":true,"_pose":"Running","_animationQueue":[],"_animationSpeed":1.104,"_zoom":8.547},{"_mousePosition":[683,384],"_rootPartCFrame":[772.822,222.7,44.937,-0.782,0,0.624,0,1,0,-0.624,0,-0.782],"_humanoidState":8,"_cameraCFrame":[772.997,232.368,41.877,-0.787,-0.59,0.182,0,0.294,0.956,-0.617,0.752,-0.232],"_shiftlockState":true,"_pose":"Running","_animationQueue":[],"_animationSpeed":1.104,"_zoom":8.547},{"_mousePosition":[683,384],"_rootPartCFrame":[772.613,222.7,44.77,-0.787,0,0.617,0,1,0,-0.617,0,-0.787],"_humanoidState":8,"_cameraCFrame":[772.678,232.404,41.803,-0.795,-0.583,0.17,0,0.28,0.96,-0.607,0.763,-0.223],"_shiftlockState":true,"_pose":"Running","_animationQueue":[],"_animationSpeed":1.104,"_zoom":8.547},{"_mousePosition":[683,384],"_rootPartCFrame":[772.404,222.7,44.605,-0.795,0,0.607,0,1,0,-0.607,0,-0.795],"_humanoidState":8,"_cameraCFrame":[772.361,232.43,41.712,-0.805,-0.571,0.16,0,0.27,0.963,-0.593,0.776,-0.217],"_shiftlockState":true,"_pose":"Running","_animationQueue":[],"_animationSpeed":1.104,"_zoom":8.547},{"_mousePosition":[683,384],"_rootPartCFrame":[772.192,222.7,44.443,-0.805,0,0.593,0,1,0,-0.593,0,-0.805],"_humanoidState":8,"_cameraCFrame":[772.028,232.452,41.617,-0.821,-0.552,0.149,0,0.26,0.966,-0.572,0.792,-0.214],"_shiftlockState":true,"_pose":"Running","_animationQueue":[["walk",0.1]],"_animationSpeed":1.104,"_zoom":8.547},{"_mousePosition":[683,384],"_rootPartCFrame":[771.978,222.7,44.284,-0.84,0,0.542,0,1,0,-0.542,0,-0.84],"_humanoidState":8,"_cameraCFrame":[771.64,232.482,41.562,-0.843,-0.522,0.133,0,0.247,0.969,-0.538,0.817,-0.208],"_shiftlockState":true,"_pose":"Running","_animationQueue":[["walk",0.1]],"_animationSpeed":1.104,"_zoom":8.547},{"_mousePosition":[683,384],"_rootPartCFrame":[771.699,222.695,44.102,-0.843,0,0.538,0,1,0,-0.538,0,-0.843],"_humanoidState":8,"_cameraCFrame":[771.301,232.492,41.434,-0.848,-0.514,0.127,0,0.24,0.971,-0.529,0.824,-0.204],"_shiftlockState":true,"_pose":"Running","_animationQueue":[],"_animationSpeed":1.104,"_zoom":8.547},{"_mousePosition":[683,384],"_rootPartCFrame":[771.474,222.697,43.958,-0.848,0,0.529,0,1,0,-0.529,0,-0.848],"_humanoidState":8,"_cameraCFrame":[770.986,232.515,41.373,-0.857,-0.501,0.118,0,0.23,0.973,-0.515,0.834,-0.197],"_shiftlockState":true,"_pose":"Running","_animationQueue":[],"_animationSpeed":1.104,"_zoom":8.547},{"_mousePosition":[683,384],"_rootPartCFrame":[771.248,222.698,43.817,-0.857,0,0.515,0,1,0,-0.515,0,-0.857],"_humanoidState":8,"_cameraCFrame":[770.651,232.539,41.33,-0.869,-0.483,0.108,0,0.218,0.976,-0.495,0.848,-0.189],"_shiftlockState":true,"_pose":"Running","_animationQueue":[],"_animationSpeed":1.104,"_zoom":8.547},{"_mousePosition":[683,384],"_rootPartCFrame":[771.02,222.699,43.679,-0.869,0,0.495,0,1,0,-0.495,0,-0.869],"_humanoidState":8,"_cameraCFrame":[770.31,232.562,41.298,-0.881,-0.462,0.097,0,0.206,0.978,-0.472,0.862,-0.182],"_shiftlockState":true,"_pose":"Running","_animationQueue":[["walk",0.1]],"_animationSpeed":1.104,"_zoom":8.547},{"_mousePosition":[683,384],"_rootPartCFrame":[770.789,222.699,43.546,-0.881,0,0.472,0,1,0,-0.472,0,-0.881],"_humanoidState":8,"_cameraCFrame":[769.988,232.578,41.249,-0.893,-0.442,0.089,0,0.198,0.98,-0.451,0.875,-0.176],"_shiftlockState":true,"_pose":"Running","_animationQueue":[],"_animationSpeed":1.104,"_zoom":8.547},{"_mousePosition":[683,384],"_rootPartCFrame":[770.554,222.699,43.419,-0.893,0,0.451,0,1,0,-0.451,0,-0.893],"_humanoidState":8,"_cameraCFrame":[769.653,232.593,41.215,-0.906,-0.416,0.08,0,0.189,0.982,-0.424,0.89,-0.171],"_shiftlockState":true,"_pose":"Running","_animationQueue":[],"_animationSpeed":1.104,"_zoom":8.547},{"_mousePosition":[683,384],"_rootPartCFrame":[770.317,222.7,43.298,-0.906,0,0.424,0,1,0,-0.424,0,-0.906],"_humanoidState":8,"_cameraCFrame":[769.336,232.604,41.173,-0.916,-0.394,0.073,0,0.182,0.983,-0.401,0.901,-0.167],"_shiftlockState":true,"_pose":"Running","_animationQueue":[],"_animationSpeed":1.104,"_zoom":8.547},{"_mousePosition":[683,384],"_rootPartCFrame":[770.076,222.7,43.184,-0.916,0,0.401,0,1,0,-0.401,0,-0.916],"_humanoidState":8,"_cameraCFrame":[769.015,232.615,41.143,-0.927,-0.37,0.066,0,0.175,0.985,-0.376,0.913,-0.162],"_shiftlockState":true,"_pose":"Running","_animationQueue":[],"_animationSpeed":1.104,"_zoom":8.547},{"_mousePosition":[683,384],"_rootPartCFrame":[769.834,222.666,43.071,-0.927,0,0.376,0,1,0,-0.376,0,-0.927],"_humanoidState":8,"_cameraCFrame":[768.723,232.583,41.063,-0.935,-0.349,0.062,0,0.174,0.985,-0.354,0.921,-0.162],"_shiftlockState":true,"_pose":"Running","_animationQueue":[],"_animationSpeed":1.104,"_zoom":8.547},{"_mousePosition":[683,384],"_rootPartCFrame":[769.653,222.604,42.986,-0.935,0,0.354,0,1,0,-0.354,0,-0.935],"_humanoidState":8,"_cameraCFrame":[768.496,232.521,41.004,-0.943,-0.328,0.058,0,0.174,0.985,-0.333,0.929,-0.164],"_shiftlockState":true,"_pose":"Running","_animationQueue":[],"_animationSpeed":1.104,"_zoom":8.547},{"_mousePosition":[683,384],"_rootPartCFrame":[769.351,222.434,42.845,-0.943,0,0.333,0,1,0,-0.333,0,-0.943],"_humanoidState":8,"_cameraCFrame":[768.155,232.351,40.887,-0.95,-0.309,0.054,0,0.174,0.985,-0.314,0.935,-0.165],"_shiftlockState":true,"_pose":"Running","_animationQueue":[["walk",0.1]],"_animationSpeed":1.104,"_zoom":8.547},{"_mousePosition":[683,384],"_rootPartCFrame":[769.17,222.291,42.76,-0.95,0,0.314,0,1,0,-0.314,0,-0.95],"_humanoidState":8,"_cameraCFrame":[767.925,232.208,40.833,-0.957,-0.285,0.05,0,0.174,0.985,-0.29,0.943,-0.166],"_shiftlockState":true,"_pose":"Running","_animationQueue":[],"_animationSpeed":1.104,"_zoom":8.547},{"_mousePosition":[683,384],"_rootPartCFrame":[768.868,223.361,42.619,-0.957,0,0.29,0,1,0,-0.29,0,-0.957],"_humanoidState":3,"_cameraCFrame":[767.582,233.278,40.719,-0.963,-0.265,0.047,0,0.174,0.985,-0.269,0.949,-0.167],"_shiftlockState":true,"_pose":"Jumping","_animationQueue":[["walk",0.1],["jump",0.1]],"_animationSpeed":1,"_zoom":8.547},{"_mousePosition":[683,384],"_rootPartCFrame":[768.682,223.962,42.548,-0.945,0,0.328,0,1,0,-0.328,0,-0.945],"_humanoidState":5,"_cameraCFrame":[767.35,233.879,40.68,-0.969,-0.242,0.043,0,0.174,0.985,-0.245,0.955,-0.168],"_shiftlockState":true,"_pose":"FreeFall","_animationQueue":[["jump",0.1]],"_animationSpeed":1,"_zoom":8.547},{"_mousePosition":[683,384],"_rootPartCFrame":[768.362,224.896,42.457,-0.919,0,0.395,0,1,0,-0.395,0,-0.919],"_humanoidState":5,"_cameraCFrame":[766.989,234.813,40.618,-0.975,-0.221,0.039,0,0.174,0.985,-0.224,0.96,-0.169],"_shiftlockState":true,"_pose":"FreeFall","_animationQueue":[],"_animationSpeed":1,"_zoom":8.547},{"_mousePosition":[683,384],"_rootPartCFrame":[768.103,225.582,42.39,-0.936,0,0.351,0,1,0,-0.351,0,-0.936],"_humanoidState":5,"_cameraCFrame":[766.7,235.499,40.575,-0.978,-0.204,0.036,0,0.174,0.985,-0.208,0.963,-0.17],"_shiftlockState":true,"_pose":"FreeFall","_animationQueue":[],"_animationSpeed":1,"_zoom":8.547},{"_mousePosition":[683,384],"_rootPartCFrame":[767.844,226.213,42.33,-0.942,0,0.336,0,1,0,-0.336,0,-0.942],"_humanoidState":5,"_cameraCFrame":[766.419,236.13,40.531,-0.981,-0.193,0.034,0,0.174,0.985,-0.196,0.966,-0.17],"_shiftlockState":true,"_pose":"FreeFall","_animationQueue":[],"_animationSpeed":1,"_zoom":8.547},{"_mousePosition":[683,384],"_rootPartCFrame":[767.583,226.79,42.274,-0.946,0,0.325,0,1,0,-0.325,0,-0.946],"_humanoidState":5,"_cameraCFrame":[766.145,236.707,40.485,-0.982,-0.186,0.033,0,0.174,0.985,-0.189,0.967,-0.171],"_shiftlockState":true,"_pose":"FreeFall","_animationQueue":[],"_animationSpeed":1,"_zoom":8.547},{"_mousePosition":[683,384],"_rootPartCFrame":[767.322,227.312,42.221,-0.948,0,0.318,0,1,0,-0.318,0,-0.948],"_humanoidState":5,"_cameraCFrame":[765.873,237.229,40.441,-0.983,-0.18,0.032,0,0.174,0.985,-0.183,0.968,-0.171],"_shiftlockState":true,"_pose":"FreeFall","_animationQueue":[],"_animationSpeed":1,"_zoom":8.547},{"_mousePosition":[683,384],"_rootPartCFrame":[767.06,227.78,42.17,-0.95,0,0.312,0,1,0,-0.312,0,-0.95],"_humanoidState":5,"_cameraCFrame":[765.603,237.697,40.397,-0.984,-0.176,0.031,0,0.174,0.985,-0.179,0.969,-0.171],"_shiftlockState":true,"_pose":"FreeFall","_animationQueue":[],"_animationSpeed":1,"_zoom":8.547},{"_mousePosition":[683,384],"_rootPartCFrame":[766.798,228.193,42.121,-0.951,0,0.308,0,1,0,-0.308,0,-0.951],"_humanoidState":5,"_cameraCFrame":[765.33,238.11,40.357,-0.985,-0.17,0.03,0,0.174,0.985,-0.173,0.97,-0.171],"_shiftlockState":true,"_pose":"FreeFall","_animationQueue":[],"_animationSpeed":1,"_zoom":8.547},{"_mousePosition":[683,384],"_rootPartCFrame":[766.535,228.552,42.073,-0.953,0,0.302,0,1,0,-0.302,0,-0.953],"_humanoidState":5,"_cameraCFrame":[765.055,238.469,40.32,-0.986,-0.163,0.029,0,0.174,0.985,-0.165,0.971,-0.171],"_shiftlockState":true,"_pose":"FreeFall","_animationQueue":[],"_animationSpeed":1,"_zoom":8.547},{"_mousePosition":[683,384],"_rootPartCFrame":[766.273,228.856,42.027,-0.955,0,0.295,0,1,0,-0.295,0,-0.955],"_humanoidState":5,"_cameraCFrame":[764.778,238.773,40.286,-0.988,-0.155,0.027,0,0.174,0.985,-0.157,0.973,-0.171],"_shiftlockState":true,"_pose":"FreeFall","_animationQueue":[],"_animationSpeed":1,"_zoom":8.547},{"_mousePosition":[683,384],"_rootPartCFrame":[766.01,229.106,41.982,-0.958,0,0.287,0,1,0,-0.287,0,-0.958],"_humanoidState":5,"_cameraCFrame":[764.498,239.023,40.256,-0.989,-0.146,0.026,0,0.174,0.985,-0.148,0.974,-0.172],"_shiftlockState":true,"_pose":"FreeFall","_animationQueue":[],"_animationSpeed":1,"_zoom":8.547},{"_mousePosition":[683,384],"_rootPartCFrame":[765.746,229.301,41.94,-0.961,0,0.278,0,1,0,-0.278,0,-0.961],"_humanoidState":5,"_cameraCFrame":[764.222,239.218,40.225,-0.99,-0.138,0.024,0,0.174,0.985,-0.141,0.975,-0.172],"_shiftlockState":true,"_pose":"FreeFall","_animationQueue":[],"_animationSpeed":1,"_zoom":8.547},{"_mousePosition":[683,384],"_rootPartCFrame":[765.483,229.442,41.9,-0.963,0,0.271,0,1,0,-0.271,0,-0.963],"_humanoidState":5,"_cameraCFrame":[763.95,239.359,40.193,-0.991,-0.133,0.024,0,0.174,0.985,-0.135,0.976,-0.172],"_shiftlockState":true,"_pose":"FreeFall","_animationQueue":[],"_animationSpeed":1,"_zoom":8.547},{"_mousePosition":[683,384],"_rootPartCFrame":[765.219,229.528,41.863,-0.964,0,0.266,0,1,0,-0.266,0,-0.964],"_humanoidState":5,"_cameraCFrame":[763.684,239.446,40.157,-0.991,-0.132,0.023,0,0.174,0.985,-0.134,0.976,-0.172],"_shiftlockState":true,"_pose":"FreeFall","_animationQueue":[],"_animationSpeed":1,"_zoom":8.547},{"_mousePosition":[683,384],"_rootPartCFrame":[764.955,229.56,41.826,-0.964,0,0.265,0,1,0,-0.265,0,-0.964],"_humanoidState":5,"_cameraCFrame":[763.42,239.477,40.12,-0.991,-0.132,0.023,0,0.174,0.985,-0.134,0.976,-0.172],"_shiftlockState":true,"_pose":"FreeFall","_animationQueue":[],"_animationSpeed":1,"_zoom":8.547},{"_mousePosition":[683,384],"_rootPartCFrame":[764.69,229.537,41.79,-0.964,0,0.265,0,1,0,-0.265,0,-0.964],"_humanoidState":5,"_cameraCFrame":[763.158,239.455,40.083,-0.991,-0.133,0.024,0,0.174,0.985,-0.135,0.976,-0.172],"_shiftlockState":true,"_pose":"FreeFall","_animationQueue":[],"_animationSpeed":1,"_zoom":8.547},{"_mousePosition":[683,384],"_rootPartCFrame":[764.492,229.485,41.764,-0.972,0,0.234,0,1,0,-0.234,0,-0.972],"_humanoidState":5,"_cameraCFrame":[762.963,239.402,40.053,-0.991,-0.135,0.024,0,0.174,0.985,-0.138,0.975,-0.172],"_shiftlockState":true,"_pose":"FreeFall","_animationQueue":[],"_animationSpeed":1,"_zoom":8.547},{"_mousePosition":[683,384],"_rootPartCFrame":[764.162,229.328,41.718,-0.954,0,0.3,0,1,0,-0.3,0,-0.954],"_humanoidState":5,"_cameraCFrame":[762.633,239.246,40.008,-0.991,-0.135,0.024,0,0.174,0.985,-0.138,0.975,-0.172],"_shiftlockState":true,"_pose":"FreeFall","_animationQueue":[["fall",0.3]],"_animationSpeed":1,"_zoom":8.547},{"_mousePosition":[683,384],"_rootPartCFrame":[763.898,229.142,41.682,-0.963,0,0.268,0,1,0,-0.268,0,-0.963],"_humanoidState":5,"_cameraCFrame":[762.369,239.059,39.971,-0.991,-0.135,0.024,0,0.174,0.985,-0.138,0.975,-0.172],"_shiftlockState":true,"_pose":"FreeFall","_animationQueue":[],"_animationSpeed":1,"_zoom":8.547},{"_mousePosition":[683,384],"_rootPartCFrame":[763.634,228.902,41.645,-0.963,0,0.268,0,1,0,-0.268,0,-0.963],"_humanoidState":5,"_cameraCFrame":[762.104,238.819,39.934,-0.991,-0.135,0.024,0,0.174,0.985,-0.138,0.975,-0.172],"_shiftlockState":true,"_pose":"FreeFall","_animationQueue":[],"_animationSpeed":1,"_zoom":8.547},{"_mousePosition":[683,384],"_rootPartCFrame":[763.37,228.606,41.608,-0.963,0,0.268,0,1,0,-0.268,0,-0.963],"_humanoidState":5,"_cameraCFrame":[761.831,238.523,39.906,-0.991,-0.13,0.023,0,0.174,0.985,-0.132,0.976,-0.172],"_shiftlockState":true,"_pose":"FreeFall","_animationQueue":[],"_animationSpeed":1,"_zoom":8.547},{"_mousePosition":[683,384],"_rootPartCFrame":[763.105,228.257,41.572,-0.965,0,0.263,0,1,0,-0.263,0,-0.965],"_humanoidState":5,"_cameraCFrame":[761.542,238.174,39.892,-0.993,-0.116,0.02,0,0.174,0.985,-0.118,0.978,-0.172],"_shiftlockState":true,"_pose":"FreeFall","_animationQueue":[],"_animationSpeed":1,"_zoom":8.547},{"_mousePosition":[683,384],"_rootPartCFrame":[762.841,227.852,41.536,-0.969,0,0.249,0,1,0,-0.249,0,-0.969],"_humanoidState":5,"_cameraCFrame":[761.236,237.769,39.896,-0.996,-0.091,0.016,0,0.174,0.985,-0.093,0.981,-0.173],"_shiftlockState":true,"_pose":"FreeFall","_animationQueue":[],"_animationSpeed":1,"_zoom":8.547},{"_mousePosition":[683,384],"_rootPartCFrame":[762.576,227.394,41.504,-0.975,0,0.224,0,1,0,-0.224,0,-0.975],"_humanoidState":5,"_cameraCFrame":[760.891,237.311,39.947,-0.999,-0.042,0.007,0,0.174,0.985,-0.043,0.984,-0.173],"_shiftlockState":true,"_pose":"FreeFall","_animationQueue":[["fall",0.3]],"_animationSpeed":1,"_zoom":8.547},{"_mousePosition":[683,384],"_rootPartCFrame":[762.311,226.88,41.479,-0.985,0,0.175,0,1,0,-0.175,0,-0.985],"_humanoidState":5,"_cameraCFrame":[760.51,236.798,40.056,-0.999,0.034,-0.006,0,0.174,0.985,0.035,0.984,-0.174],"_shiftlockState":true,"_pose":"FreeFall","_animationQueue":[],"_animationSpeed":1,"_zoom":8.547},{"_mousePosition":[683,384],"_rootPartCFrame":[762.045,226.313,41.465,-0.995,0,0.098,0,1,0,-0.098,0,-0.995],"_humanoidState":5,"_cameraCFrame":[760.097,236.229,40.244,-0.989,0.143,-0.025,0,0.174,0.985,0.145,0.974,-0.173],"_shiftlockState":true,"_pose":"FreeFall","_animationQueue":[],"_animationSpeed":1,"_zoom":8.547},{"_mousePosition":[683,384],"_rootPartCFrame":[761.778,225.69,41.47,-1,0,-0.013,0,1,0,0.013,0,-1],"_humanoidState":5,"_cameraCFrame":[759.637,235.59,40.485,-0.954,0.293,-0.055,0,0.185,0.983,0.298,0.938,-0.176],"_shiftlockState":true,"_pose":"FreeFall","_animationQueue":[],"_animationSpeed":1,"_zoom":8.547},{"_mousePosition":[683,384],"_rootPartCFrame":[761.52,225.014,41.427,-0.986,0,-0.166,0,1,0,0.166,0,-0.986],"_humanoidState":5,"_cameraCFrame":[759.201,234.89,40.665,-0.899,0.43,-0.087,0,0.199,0.98,0.438,0.881,-0.179],"_shiftlockState":true,"_pose":"FreeFall","_animationQueue":[],"_animationSpeed":1,"_zoom":8.547},{"_mousePosition":[683,384],"_rootPartCFrame":[761.269,224.282,41.405,-0.95,0,-0.313,0,1,0,0.313,0,-0.95],"_humanoidState":5,"_cameraCFrame":[758.785,234.13,40.895,-0.822,0.557,-0.122,0,0.215,0.977,0.57,0.802,-0.176],"_shiftlockState":true,"_pose":"FreeFall","_animationQueue":[],"_animationSpeed":1,"_zoom":8.547},{"_mousePosition":[683,384],"_rootPartCFrame":[761.018,224.543,41.492,-0.838,0,-0.546,0,1,0,0.546,0,-0.838],"_humanoidState":7,"_cameraCFrame":[758.394,234.356,41.16,-0.751,0.643,-0.153,0,0.232,0.973,0.661,0.73,-0.174],"_shiftlockState":true,"_pose":"FreeFall","_animationQueue":[["walk",0.1],["fall",0.3],["fall",0.3]],"_animationSpeed":1,"_zoom":8.547},{"_mousePosition":[683,384],"_rootPartCFrame":[760.793,225.009,41.635,-0.746,0,-0.666,0,1,0,0.666,0,-0.746],"_humanoidState":7,"_cameraCFrame":[758.094,234.801,41.369,-0.717,0.676,-0.169,0,0.242,0.97,0.697,0.696,-0.174],"_shiftlockState":true,"_pose":"FreeFall","_animationQueue":[["fall",0.3]],"_animationSpeed":1,"_zoom":8.547},{"_mousePosition":[683,384],"_rootPartCFrame":[760.54,225.367,41.852,-0.716,0,-0.698,0,1,0,0.698,0,-0.716],"_humanoidState":8,"_cameraCFrame":[757.819,235.149,41.512,-0.729,0.664,-0.169,0,0.247,0.969,0.685,0.706,-0.18],"_shiftlockState":true,"_pose":"Running","_animationQueue":[["walk",0.1],["fall",0.3],["walk",0.1]],"_animationSpeed":1.103,"_zoom":8.547},{"_mousePosition":[683,384],"_rootPartCFrame":[760.347,225.522,42.036,-0.729,0,-0.685,0,1,0,0.685,0,-0.729],"_humanoidState":8,"_cameraCFrame":[757.644,235.287,41.332,-0.803,0.577,-0.152,0,0.255,0.967,0.596,0.776,-0.204],"_shiftlockState":true,"_pose":"Running","_animationQueue":[],"_animationSpeed":1.103,"_zoom":8.547},{"_mousePosition":[683,384],"_rootPartCFrame":[760.16,225.595,42.137,-0.803,-0.001,-0.595,0.001,1,-0.003,0.595,-0.004,-0.803],"_humanoidState":8,"_cameraCFrame":[757.627,235.34,40.82,-0.908,0.404,-0.11,0,0.263,0.965,0.418,0.876,-0.239],"_shiftlockState":true,"_pose":"Running","_animationQueue":[],"_animationSpeed":1.103,"_zoom":8.547},{"_mousePosition":[683,384],"_rootPartCFrame":[759.943,225.635,42.101,-0.913,0.001,-0.408,0.001,1,0,0.408,-0.001,-0.913],"_humanoidState":8,"_cameraCFrame":[757.833,235.353,40.068,-0.986,0.158,-0.045,0,0.275,0.961,0.164,0.948,-0.271],"_shiftlockState":true,"_pose":"Running","_animationQueue":[["walk",0.1]],"_animationSpeed":0.597,"_zoom":8.547},{"_mousePosition":[683,384],"_rootPartCFrame":[759.706,225.663,42.211,-0.988,0,-0.156,0,1,0,0.156,0,-0.988],"_humanoidState":8,"_cameraCFrame":[758.142,235.385,39.746,-0.997,-0.074,0.021,0,0.273,0.962,-0.077,0.959,-0.273],"_shiftlockState":true,"_pose":"Running","_animationQueue":[["walk",0.1]],"_animationSpeed":0.951,"_zoom":8.547},{"_mousePosition":[683,384],"_rootPartCFrame":[759.447,225.68,42.264,-0.996,0,0.092,0,1,0,-0.092,0,-0.996],"_humanoidState":8,"_cameraCFrame":[758.38,235.455,39.716,-0.958,-0.277,0.071,0,0.25,0.968,-0.286,0.928,-0.24],"_shiftlockState":true,"_pose":"Running","_animationQueue":[["walk",0.1]],"_animationSpeed":1.1,"_zoom":8.547},{"_mousePosition":[683,384],"_rootPartCFrame":[759.181,225.689,42.253,-0.954,0,0.299,0,1,0,-0.299,0,-0.954],"_humanoidState":8,"_cameraCFrame":[758.471,235.515,39.747,-0.896,-0.433,0.1,0,0.226,0.974,-0.444,0.873,-0.202],"_shiftlockState":true,"_pose":"Running","_animationQueue":[["walk",0.1]],"_animationSpeed":1.1,"_zoom":8.547},{"_mousePosition":[683,384],"_rootPartCFrame":[758.924,225.694,42.179,-0.891,0,0.454,0,1,0,-0.454,0,-0.891],"_humanoidState":8,"_cameraCFrame":[758.438,235.557,39.743,-0.834,-0.54,0.114,0,0.206,0.979,-0.552,0.816,-0.172],"_shiftlockState":true,"_pose":"Running","_animationQueue":[],"_animationSpeed":1.1,"_zoom":8.547},{"_mousePosition":[683,384],"_rootPartCFrame":[758.683,225.697,42.059,-0.829,0,0.559,0,1,0,-0.559,0,-0.829],"_humanoidState":8,"_cameraCFrame":[758.343,235.586,39.689,-0.779,-0.615,0.12,0,0.191,0.982,-0.627,0.765,-0.149],"_shiftlockState":true,"_pose":"Running","_animationQueue":[],"_animationSpeed":1.1,"_zoom":8.547},{"_mousePosition":[683,384],"_rootPartCFrame":[758.444,226.57,41.941,-0.774,0,0.633,0,1,0,-0.633,0,-0.774],"_humanoidState":3,"_cameraCFrame":[758.141,236.466,39.59,-0.763,-0.635,0.121,0,0.187,0.982,-0.646,0.75,-0.143],"_shiftlockState":true,"_pose":"Jumping","_animationQueue":[["walk",0.1],["jump",0.1]],"_animationSpeed":1,"_zoom":8.547},{"_mousePosition":[683,384],"_rootPartCFrame":[758.218,227.392,41.802,-0.699,0,0.715,0,1,0,-0.715,0,-0.699],"_humanoidState":5,"_cameraCFrame":[757.9,237.287,39.449,-0.769,-0.628,0.12,0,0.188,0.982,-0.64,0.755,-0.144],"_shiftlockState":true,"_pose":"FreeFall","_animationQueue":[["jump",0.1]],"_animationSpeed":1,"_zoom":8.547},{"_mousePosition":[683,384],"_rootPartCFrame":[758.011,228.159,41.635,-0.68,0,0.733,0,1,0,-0.733,0,-0.68],"_humanoidState":5,"_cameraCFrame":[757.584,238.049,39.28,-0.802,-0.587,0.114,0,0.191,0.982,-0.598,0.787,-0.153],"_shiftlockState":true,"_pose":"FreeFall","_animationQueue":[],"_animationSpeed":1,"_zoom":8.547},{"_mousePosition":[683,384],"_rootPartCFrame":[757.806,228.872,41.464,-0.716,0,0.699,0,1,0,-0.699,0,-0.716],"_humanoidState":5,"_cameraCFrame":[757.195,238.751,39.111,-0.853,-0.512,0.103,0,0.197,0.98,-0.522,0.836,-0.168],"_shiftlockState":true,"_pose":"FreeFall","_animationQueue":[],"_animationSpeed":1,"_zoom":8.547},{"_mousePosition":[683,384],"_rootPartCFrame":[757.593,229.531,41.303,-0.776,0,0.631,0,1,0,-0.631,0,-0.776],"_humanoidState":5,"_cameraCFrame":[756.684,239.406,39.033,-0.915,-0.396,0.081,0,0.2,0.98,-0.405,0.896,-0.183],"_shiftlockState":true,"_pose":"FreeFall","_animationQueue":[],"_animationSpeed":1,"_zoom":8.547},{"_mousePosition":[683,384],"_rootPartCFrame":[757.369,230.135,41.159,-0.853,0,0.522,0,1,0,-0.522,0,-0.853],"_humanoidState":5,"_cameraCFrame":[756.102,240.014,39.084,-0.968,-0.248,0.05,0,0.197,0.98,-0.252,0.949,-0.191],"_shiftlockState":true,"_pose":"FreeFall","_animationQueue":[],"_animationSpeed":1,"_zoom":8.547},{"_mousePosition":[683,384],"_rootPartCFrame":[757.131,230.684,41.04,-0.925,0,0.379,0,1,0,-0.379,0,-0.925],"_humanoidState":5,"_cameraCFrame":[755.525,240.574,39.265,-0.996,-0.083,0.016,0,0.191,0.982,-0.084,0.978,-0.19],"_shiftlockState":true,"_pose":"FreeFall","_animationQueue":[],"_animationSpeed":1,"_zoom":8.547},{"_mousePosition":[683,384],"_rootPartCFrame":[756.88,231.18,40.953,-0.976,0,0.216,0,1,0,-0.216,0,-0.976],"_humanoidState":5,"_cameraCFrame":[755.035,241.082,39.501,-0.998,0.062,-0.012,0,0.183,0.983,0.063,0.981,-0.183],"_shiftlockState":true,"_pose":"FreeFall","_animationQueue":[],"_animationSpeed":1,"_zoom":8.547},{"_mousePosition":[683,384],"_rootPartCFrame":[756.619,231.62,40.905,-0.998,0,0.07,0,1,0,-0.07,0,-0.998],"_humanoidState":5,"_cameraCFrame":[754.557,241.53,39.84,-0.971,0.234,-0.042,0,0.178,0.984,0.238,0.956,-0.173],"_shiftlockState":true,"_pose":"FreeFall","_animationQueue":[],"_animationSpeed":1,"_zoom":8.547},{"_mousePosition":[683,384],"_rootPartCFrame":[756.288,232.094,40.899,-0.997,0,-0.073,0,1,0,0.073,0,-0.997],"_humanoidState":5,"_cameraCFrame":[754.11,241.996,40.021,-0.94,0.334,-0.062,0,0.183,0.983,0.34,0.925,-0.172],"_shiftlockState":true,"_pose":"FreeFall","_animationQueue":[],"_animationSpeed":1,"_zoom":8.547},{"_mousePosition":[683,384],"_rootPartCFrame":[756.091,232.338,40.923,-0.97,0,-0.244,0,1,0,0.244,0,-0.97],"_humanoidState":5,"_cameraCFrame":[753.782,242.224,40.256,-0.89,0.448,-0.088,0,0.193,0.981,0.456,0.873,-0.171],"_shiftlockState":true,"_pose":"FreeFall","_animationQueue":[],"_animationSpeed":1,"_zoom":8.547},{"_mousePosition":[683,384],"_rootPartCFrame":[755.834,232.615,40.99,-0.943,0,-0.334,0,1,0,0.334,0,-0.943],"_humanoidState":5,"_cameraCFrame":[753.4,242.482,40.577,-0.817,0.565,-0.118,0,0.204,0.979,0.577,0.8,-0.166],"_shiftlockState":true,"_pose":"FreeFall","_animationQueue":[],"_animationSpeed":1,"_zoom":8.547},{"_mousePosition":[683,384],"_rootPartCFrame":[755.59,232.837,41.093,-0.886,0,-0.463,0,1,0,0.463,0,-0.886],"_humanoidState":5,"_cameraCFrame":[753.074,242.689,40.929,-0.739,0.658,-0.143,0,0.212,0.977,0.673,0.723,-0.157],"_shiftlockState":true,"_pose":"FreeFall","_animationQueue":[],"_animationSpeed":1,"_zoom":8.547},{"_mousePosition":[683,384],"_rootPartCFrame":[755.363,233.005,41.231,-0.822,0,-0.569,0,1,0,0.569,0,-0.822],"_humanoidState":5,"_cameraCFrame":[752.804,242.845,41.325,-0.656,0.736,-0.165,0,0.219,0.976,0.754,0.64,-0.144],"_shiftlockState":true,"_pose":"FreeFall","_animationQueue":[],"_animationSpeed":1,"_zoom":8.547},{"_mousePosition":[683,384],"_rootPartCFrame":[755.157,233.119,41.4,-0.751,0,-0.661,0,1,0,0.661,0,-0.751],"_humanoidState":5,"_cameraCFrame":[752.583,242.943,41.829,-0.539,0.82,-0.191,0,0.227,0.974,0.842,0.525,-0.122],"_shiftlockState":true,"_pose":"FreeFall","_animationQueue":[],"_animationSpeed":1,"_zoom":8.547},{"_mousePosition":[683,384],"_rootPartCFrame":[754.974,233.178,41.593,-0.646,0,-0.763,0,1,0,0.763,0,-0.646],"_humanoidState":5,"_cameraCFrame":[752.427,242.982,42.412,-0.391,0.894,-0.218,0,0.237,0.972,0.92,0.38,-0.093],"_shiftlockState":true,"_pose":"FreeFall","_animationQueue":[],"_animationSpeed":1,"_zoom":8.547},{"_mousePosition":[683,384],"_rootPartCFrame":[754.817,233.182,41.807,-0.51,0,-0.86,0,1,0,0.86,0,-0.51],"_humanoidState":5,"_cameraCFrame":[752.384,242.949,43.169,-0.168,0.954,-0.25,0,0.254,0.967,0.986,0.162,-0.043],"_shiftlockState":true,"_pose":"FreeFall","_animationQueue":[],"_animationSpeed":1,"_zoom":8.547},{"_mousePosition":[683,384],"_rootPartCFrame":[754.692,233.132,42.041,-0.297,0,-0.955,0,1,0,0.955,0,-0.297],"_humanoidState":5,"_cameraCFrame":[752.434,242.84,43.95,0.068,0.958,-0.278,0,0.279,0.96,0.998,-0.066,0.019],"_shiftlockState":true,"_pose":"FreeFall","_animationQueue":[["fall",0.3]],"_animationSpeed":1,"_zoom":8.547},{"_mousePosition":[683,384],"_rootPartCFrame":[754.603,233.028,42.29,-0.065,0,-0.998,0,1,0,0.998,0,-0.065],"_humanoidState":5,"_cameraCFrame":[752.543,242.667,44.66,0.261,0.919,-0.294,0,0.305,0.952,0.965,-0.249,0.08],"_shiftlockState":true,"_pose":"FreeFall","_animationQueue":[],"_animationSpeed":1,"_zoom":8.547},{"_mousePosition":[683,384],"_rootPartCFrame":[754.553,232.869,42.546,0.131,0,-0.991,0,1,0,0.991,0,0.131],"_humanoidState":5,"_cameraCFrame":[752.669,242.45,45.241,0.389,0.871,-0.3,0,0.326,0.945,0.921,-0.368,0.127],"_shiftlockState":true,"_pose":"FreeFall","_animationQueue":[],"_animationSpeed":1,"_zoom":8.547},{"_mousePosition":[683,384],"_rootPartCFrame":[754.543,232.655,42.805,0.263,0,-0.965,0,1,0,0.965,0,0.263],"_humanoidState":5,"_cameraCFrame":[752.881,242.176,45.808,0.506,0.81,-0.298,0,0.345,0.938,0.863,-0.475,0.175],"_shiftlockState":true,"_pose":"FreeFall","_animationQueue":[],"_animationSpeed":1,"_zoom":8.547},{"_mousePosition":[683,384],"_rootPartCFrame":[754.572,232.387,43.06,0.387,0,-0.922,0,1,0,0.922,0,0.387],"_humanoidState":5,"_cameraCFrame":[753.041,241.872,46.225,0.564,0.771,-0.295,0,0.357,0.934,0.826,-0.527,0.201],"_shiftlockState":true,"_pose":"FreeFall","_animationQueue":[],"_animationSpeed":1,"_zoom":8.547},{"_mousePosition":[683,384],"_rootPartCFrame":[754.64,232.065,43.307,0.449,0,-0.893,0,1,0,0.893,0,0.449],"_humanoidState":5,"_cameraCFrame":[753.183,241.517,46.586,0.6,0.744,-0.293,0,0.367,0.93,0.8,-0.558,0.22],"_shiftlockState":true,"_pose":"FreeFall","_animationQueue":[],"_animationSpeed":1,"_zoom":8.547},{"_mousePosition":[683,384],"_rootPartCFrame":[754.746,231.688,43.542,0.488,0,-0.873,0,1,0,0.873,0,0.488],"_humanoidState":5,"_cameraCFrame":[753.142,241.13,46.777,0.568,0.765,-0.304,0,0.37,0.929,0.823,-0.528,0.21],"_shiftlockState":true,"_pose":"FreeFall","_animationQueue":[["fall",0.3]],"_animationSpeed":1,"_zoom":8.547},{"_mousePosition":[683,384],"_rootPartCFrame":[754.889,231.256,43.763,0.454,0,-0.891,0,1,0,0.891,0,0.454],"_humanoidState":5,"_cameraCFrame":[752.86,240.701,46.744,0.45,0.83,-0.329,0,0.369,0.93,0.893,-0.418,0.166],"_shiftlockState":true,"_pose":"FreeFall","_animationQueue":[],"_animationSpeed":1,"_zoom":8.547},{"_mousePosition":[683,384],"_rootPartCFrame":[755.041,230.77,43.982,0.327,0,-0.945,0,1,0,0.945,0,0.327],"_humanoidState":5,"_cameraCFrame":[752.419,240.217,46.449,0.245,0.901,-0.357,0,0.368,0.93,0.97,-0.228,0.09],"_shiftlockState":true,"_pose":"FreeFall","_animationQueue":[],"_animationSpeed":1,"_zoom":8.547},{"_mousePosition":[683,384],"_rootPartCFrame":[755.172,230.23,44.213,0.114,0,-0.993,0,1,0,0.993,0,0.114],"_humanoidState":5,"_cameraCFrame":[751.901,239.709,45.532,-0.135,0.925,-0.355,0,0.358,0.934,0.991,0.126,-0.049],"_shiftlockState":true,"_pose":"FreeFall","_animationQueue":[],"_animationSpeed":1,"_zoom":8.547},{"_mousePosition":[683,384],"_rootPartCFrame":[755.246,229.635,44.469,-0.187,0,-0.982,0,1,0,0.982,0,-0.187],"_humanoidState":7,"_cameraCFrame":[751.85,239.165,44.775,-0.434,0.846,-0.309,0,0.342,0.94,0.901,0.408,-0.149],"_shiftlockState":true,"_pose":"FreeFall","_animationQueue":[["walk",0.1],["fall",0.3],["fall",0.3]],"_animationSpeed":1,"_zoom":8.547},{"_mousePosition":[683,384],"_rootPartCFrame":[755.23,229.514,44.732,-0.453,0,-0.891,0,1,0,0.891,0,-0.453],"_humanoidState":7,"_cameraCFrame":[752.121,239.095,43.661,-0.779,0.593,-0.204,0,0.326,0.945,0.627,0.736,-0.254],"_shiftlockState":true,"_pose":"FreeFall","_animationQueue":[],"_animationSpeed":1,"_zoom":8.547},{"_mousePosition":[683,384],"_rootPartCFrame":[755.096,229.593,45.035,-0.799,0,-0.601,0,1,0,0.601,0,-0.799],"_humanoidState":8,"_cameraCFrame":[752.618,239.188,42.924,-0.956,0.278,-0.094,0,0.321,0.947,0.293,0.905,-0.307],"_shiftlockState":true,"_pose":"Running","_animationQueue":[["walk",0.1],["fall",0.3],["walk",0.1]],"_animationSpeed":1.101,"_zoom":8.547},{"_mousePosition":[683,384],"_rootPartCFrame":[754.909,229.641,45.219,-0.963,0,-0.27,0,1,0,0.27,0,-0.963],"_humanoidState":8,"_cameraCFrame":[753.169,239.27,42.572,-1,-0.004,0.001,0,0.309,0.951,-0.004,0.951,-0.309],"_shiftlockState":true,"_pose":"Running","_animationQueue":[["walk",0.1]],"_animationSpeed":1.101,"_zoom":8.547},{"_mousePosition":[683,384],"_rootPartCFrame":[754.664,229.667,45.315,-1,0,0.024,0,1,0,-0.024,0,-1],"_humanoidState":8,"_cameraCFrame":[753.544,239.338,42.468,-0.973,-0.222,0.068,0,0.294,0.956,-0.232,0.93,-0.285],"_shiftlockState":true,"_pose":"Running","_animationQueue":[],"_animationSpeed":1.101,"_zoom":8.547},{"_mousePosition":[683,384],"_rootPartCFrame":[754.399,229.682,45.326,-0.969,0,0.247,0,1,0,-0.247,0,-0.969],"_humanoidState":8,"_cameraCFrame":[753.689,239.373,42.406,-0.928,-0.358,0.107,0,0.286,0.958,-0.374,0.889,-0.265],"_shiftlockState":true,"_pose":"Running","_animationQueue":[],"_animationSpeed":1.101,"_zoom":8.547},{"_mousePosition":[683,384],"_rootPartCFrame":[754.139,229.69,45.273,-0.924,0,0.384,0,1,0,-0.384,0,-0.924],"_humanoidState":8,"_cameraCFrame":[753.648,239.385,42.32,-0.896,-0.425,0.126,0,0.284,0.959,-0.443,0.859,-0.255],"_shiftlockState":true,"_pose":"Running","_animationQueue":[],"_animationSpeed":1.101,"_zoom":8.547},{"_mousePosition":[683,384],"_rootPartCFrame":[753.879,229.691,45.211,-0.892,0,0.452,0,1,0,-0.452,0,-0.892],"_humanoidState":8,"_cameraCFrame":[753.534,239.385,42.237,-0.873,-0.467,0.138,0,0.284,0.959,-0.487,0.837,-0.248],"_shiftlockState":true,"_pose":"Running","_animationQueue":[],"_animationSpeed":1.101,"_zoom":8.547},{"_mousePosition":[683,384],"_rootPartCFrame":[753.62,229.691,45.15,-0.869,0,0.495,0,1,0,-0.495,0,-0.869],"_humanoidState":8,"_cameraCFrame":[753.325,239.383,42.165,-0.866,-0.48,0.143,0,0.285,0.959,-0.501,0.83,-0.247],"_shiftlockState":true,"_pose":"Running","_animationQueue":[],"_animationSpeed":1.101,"_zoom":8.547},{"_mousePosition":[683,384],"_rootPartCFrame":[753.426,229.691,45.103,-0.862,0,0.506,0,1,0,-0.506,0,-0.862],"_humanoidState":8,"_cameraCFrame":[753.133,239.383,42.118,-0.865,-0.481,0.143,0,0.285,0.959,-0.502,0.829,-0.247],"_shiftlockState":true,"_pose":"Running","_animationQueue":[],"_animationSpeed":1.101,"_zoom":8.547},{"_mousePosition":[683,384],"_rootPartCFrame":[753.102,229.691,45.026,-0.86,0,0.511,0,1,0,-0.511,0,-0.86],"_humanoidState":8,"_cameraCFrame":[752.803,239.383,42.041,-0.866,-0.479,0.142,0,0.285,0.959,-0.5,0.83,-0.247],"_shiftlockState":true,"_pose":"Running","_animationQueue":[["walk",0.1]],"_animationSpeed":1.101,"_zoom":8.547},{"_mousePosition":[683,384],"_rootPartCFrame":[752.842,230.554,44.964,-0.862,0,0.507,0,1,0,-0.507,0,-0.862],"_humanoidState":3,"_cameraCFrame":[752.503,240.248,41.989,-0.872,-0.469,0.139,0,0.284,0.959,-0.489,0.836,-0.248],"_shiftlockState":true,"_pose":"Jumping","_animationQueue":[["walk",0.1],["jump",0.1]],"_animationSpeed":1,"_zoom":8.547},{"_mousePosition":[683,384],"_rootPartCFrame":[752.592,231.362,44.879,-0.822,0,0.569,0,1,0,-0.569,0,-0.822],"_humanoidState":5,"_cameraCFrame":[752.2,241.063,41.927,-0.879,-0.457,0.134,0,0.282,0.959,-0.476,0.844,-0.248],"_shiftlockState":true,"_pose":"FreeFall","_animationQueue":[["jump",0.1]],"_animationSpeed":1,"_zoom":8.547},{"_mousePosition":[683,384],"_rootPartCFrame":[752.355,232.116,44.759,-0.811,0,0.585,0,1,0,-0.585,0,-0.811],"_humanoidState":5,"_cameraCFrame":[751.902,241.826,41.843,-0.887,-0.444,0.128,0,0.278,0.961,-0.462,0.852,-0.247],"_shiftlockState":true,"_pose":"FreeFall","_animationQueue":[],"_animationSpeed":1,"_zoom":8.547},{"_mousePosition":[683,384],"_rootPartCFrame":[752.121,232.816,44.632,-0.818,0,0.575,0,1,0,-0.575,0,-0.818],"_humanoidState":5,"_cameraCFrame":[751.595,242.537,41.76,-0.895,-0.428,0.122,0,0.273,0.962,-0.445,0.861,-0.245],"_shiftlockState":true,"_pose":"FreeFall","_animationQueue":[],"_animationSpeed":1,"_zoom":8.547},{"_mousePosition":[683,384],"_rootPartCFrame":[751.885,233.46,44.508,-0.828,0,0.56,0,1,0,-0.56,0,-0.828],"_humanoidState":5,"_cameraCFrame":[751.258,243.195,41.695,-0.908,-0.404,0.113,0,0.268,0.963,-0.42,0.874,-0.243],"_shiftlockState":true,"_pose":"FreeFall","_animationQueue":[],"_animationSpeed":1,"_zoom":8.547},{"_mousePosition":[683,384],"_rootPartCFrame":[751.647,234.051,44.389,-0.844,0,0.537,0,1,0,-0.537,0,-0.844],"_humanoidState":5,"_cameraCFrame":[750.936,243.791,41.612,-0.919,-0.381,0.105,0,0.266,0.964,-0.395,0.886,-0.244],"_shiftlockState":true,"_pose":"FreeFall","_animationQueue":[],"_animationSpeed":1,"_zoom":8.547},{"_mousePosition":[683,384],"_rootPartCFrame":[751.405,234.587,44.276,-0.858,0,0.514,0,1,0,-0.514,0,-0.858],"_humanoidState":5,"_cameraCFrame":[750.597,244.278,41.542,-0.931,-0.352,0.097,0,0.265,0.964,-0.365,0.898,-0.247],"_shiftlockState":true,"_pose":"FreeFall","_animationQueue":[],"_animationSpeed":1,"_zoom":8.547},{"_mousePosition":[683,384],"_rootPartCFrame":[751.161,235.068,44.169,-0.874,0,0.485,0,1,0,-0.485,0,-0.874],"_humanoidState":5,"_cameraCFrame":[750.204,244.278,41.599,-0.944,-0.318,0.087,0,0.264,0.964,-0.33,0.911,-0.249],"_shiftlockState":true,"_pose":"FreeFall","_animationQueue":[],"_animationSpeed":1,"_zoom":8.547},{"_mousePosition":[683,384],"_rootPartCFrame":[750.913,235.495,44.071,-0.892,0,0.452,0,1,0,-0.452,0,-0.892],"_humanoidState":5,"_cameraCFrame":[749.823,244.278,41.652,-0.956,-0.282,0.077,0,0.264,0.964,-0.293,0.922,-0.253],"_shiftlockState":true,"_pose":"FreeFall","_animationQueue":[],"_animationSpeed":1,"_zoom":8.547},{"_mousePosition":[683,384],"_rootPartCFrame":[750.599,235.952,43.959,-0.894,0,0.447,0,1,0,-0.447,0,-0.894],"_humanoidState":5,"_cameraCFrame":[749.391,244.279,41.712,-0.966,-0.25,0.068,0,0.263,0.965,-0.26,0.932,-0.254],"_shiftlockState":true,"_pose":"FreeFall","_animationQueue":[],"_animationSpeed":1,"_zoom":8.547},{"_mousePosition":[683,384],"_rootPartCFrame":[750.408,236.185,43.9,-0.935,0,0.355,0,1,0,-0.355,0,-0.935],"_humanoidState":5,"_cameraCFrame":[749.088,244.279,41.769,-0.976,-0.209,0.057,0,0.263,0.965,-0.217,0.942,-0.256],"_shiftlockState":true,"_pose":"FreeFall","_animationQueue":[],"_animationSpeed":1,"_zoom":8.547},{"_mousePosition":[683,384],"_rootPartCFrame":[750.151,236.449,43.829,-0.939,0,0.345,0,1,0,-0.345,0,-0.939],"_humanoidState":5,"_cameraCFrame":[748.742,244.279,41.822,-0.983,-0.176,0.048,0,0.262,0.965,-0.182,0.949,-0.257],"_shiftlockState":true,"_pose":"FreeFall","_animationQueue":[],"_animationSpeed":1,"_zoom":8.547},{"_mousePosition":[683,384],"_rootPartCFrame":[749.891,236.658,43.769,-0.95,0,0.311,0,1,0,-0.311,0,-0.95],"_humanoidState":5,"_cameraCFrame":[748.395,244.279,41.877,-0.99,-0.138,0.037,0,0.262,0.965,-0.143,0.955,-0.259],"_shiftlockState":true,"_pose":"FreeFall","_animationQueue":[],"_animation