[{"_mousePosition":[1131,372],"_rootPartCFrame":[776.028,222.95,47.142,0,0,1,0,1,0,-1,0,0],"_humanoidState":8,"_cameraCFrame":[777.064,230.046,43.225,-0.967,-0.207,0.15,0,0.586,0.81,-0.256,0.783,-0.567],"_shiftlockState":false,"_pose":"Standing","_animationQueue":[],"_animationSpeed":1,"_zoom":6.909},{"_mousePosition":[1131,376],"_rootPartCFrame":[775.914,222.891,47.112,0.019,0,1,0,1,0,-1,0,0.019],"_humanoidState":8,"_cameraCFrame":[776.95,229.987,43.195,-0.967,-0.207,0.15,0,0.586,0.81,-0.256,0.783,-0.567],"_shiftlockState":false,"_pose":"Standing","_animationQueue":[],"_animationSpeed":1,"_zoom":6.909},{"_mousePosition":[1128,385],"_rootPartCFrame":[775.79,222.832,47.079,0.035,0,0.999,0,1,0,-0.999,0,0.035],"_humanoidState":8,"_cameraCFrame":[776.826,229.928,43.162,-0.967,-0.207,0.15,0,0.586,0.81,-0.256,0.783,-0.567],"_shiftlockState":false,"_pose":"Running","_animationQueue":[["walk",0.1]],"_animationSpeed":0.836,"_zoom":6.909},{"_mousePosition":[1128,391],"_rootPartCFrame":[775.532,222.672,47.011,0.065,0,0.998,0,1,0,-0.998,0,0.065],"_humanoidState":8,"_cameraCFrame":[776.569,229.768,43.094,-0.967,-0.207,0.15,0,0.586,0.81,-0.256,0.783,-0.567],"_shiftlockState":false,"_pose":"Running","_animationQueue":[["walk",0.1]],"_animationSpeed":1.066,"_zoom":6.909},{"_mousePosition":[1127,411],"_rootPartCFrame":[775.275,222.653,46.943,0.091,0,0.996,0,1,0,-0.996,0,0.091],"_humanoidState":8,"_cameraCFrame":[776.311,229.749,43.025,-0.967,-0.207,0.15,0,0.586,0.81,-0.256,0.783,-0.567],"_shiftlockState":false,"_pose":"Running","_animationQueue":[["walk",0.1]],"_animationSpeed":1.066,"_zoom":6.909},{"_mousePosition":[1130,418],"_rootPartCFrame":[774.888,222.677,46.84,0.125,0,0.992,0,1,0,-0.992,0,0.125],"_humanoidState":8,"_cameraCFrame":[775.924,229.773,42.923,-0.967,-0.207,0.15,0,0.586,0.81,-0.256,0.783,-0.567],"_shiftlockState":false,"_pose":"Running","_animationQueue":[],"_animationSpeed":1.066,"_zoom":6.909},{"_mousePosition":[1142,437],"_rootPartCFrame":[774.759,222.683,46.806,0.134,0,0.991,0,1,0,-0.991,0,0.134],"_humanoidState":8,"_cameraCFrame":[775.795,229.779,42.889,-0.967,-0.207,0.15,0,0.586,0.81,-0.256,0.783,-0.567],"_shiftlockState":false,"_pose":"Running","_animationQueue":[],"_animationSpeed":1.066,"_zoom":6.909},{"_mousePosition":[1166,464],"_rootPartCFrame":[774.501,222.69,46.738,0.151,0,0.989,0,1,0,-0.989,0,0.151],"_humanoidState":8,"_cameraCFrame":[775.538,229.786,42.821,-0.967,-0.207,0.15,0,0.586,0.81,-0.256,0.783,-0.567],"_shiftlockState":false,"_pose":"Running","_animationQueue":[],"_animationSpeed":1.066,"_zoom":6.909},{"_mousePosition":[1194,489],"_rootPartCFrame":[774.243,222.695,46.67,0.165,0,0.986,0,1,0,-0.986,0,0.165],"_humanoidState":8,"_cameraCFrame":[775.28,229.791,42.753,-0.967,-0.207,0.15,0,0.586,0.81,-0.256,0.783,-0.567],"_shiftlockState":false,"_pose":"Running","_animationQueue":[],"_animationSpeed":1.066,"_zoom":6.909},{"_mousePosition":[1242,523],"_rootPartCFrame":[773.986,222.697,46.602,0.177,0,0.984,0,1,0,-0.984,0,0.177],"_humanoidState":8,"_cameraCFrame":[775.022,229.793,42.684,-0.967,-0.207,0.15,0,0.586,0.81,-0.256,0.783,-0.567],"_shiftlockState":false,"_pose":"Running","_animationQueue":[],"_animationSpeed":1.066,"_zoom":6.909},{"_mousePosition":[1272,542],"_rootPartCFrame":[773.728,222.698,46.534,0.188,0,0.982,0,1,0,-0.982,0,0.188],"_humanoidState":8,"_cameraCFrame":[773.072,229.794,42.169,-0.967,-0.207,0.15,0,0.586,0.81,-0.256,0.783,-0.567],"_shiftlockState":true,"_pose":"Running","_animationQueue":[["walk",0.1]],"_animationSpeed":1.066,"_zoom":6.909},{"_mousePosition":[683,384],"_rootPartCFrame":[773.406,222.699,46.448,-0.986,0,0.169,0,1,0,-0.169,0,-0.986],"_humanoidState":8,"_cameraCFrame":[772.75,229.795,42.083,-0.967,-0.207,0.15,0,0.586,0.81,-0.256,0.783,-0.567],"_shiftlockState":true,"_pose":"Running","_animationQueue":[],"_animationSpeed":1.066,"_zoom":6.909},{"_mousePosition":[683,384],"_rootPartCFrame":[773.148,222.699,46.38,-0.974,0,0.228,0,1,0,-0.228,0,-0.974],"_humanoidState":8,"_cameraCFrame":[772.595,229.86,42.085,-0.959,-0.233,0.163,0,0.573,0.819,-0.284,0.786,-0.55],"_shiftlockState":true,"_pose":"Running","_animationQueue":[],"_animationSpeed":1.066,"_zoom":6.909},{"_mousePosition":[683,384],"_rootPartCFrame":[772.89,222.699,46.312,-0.96,0,0.281,0,1,0,-0.281,0,-0.96],"_humanoidState":8,"_cameraCFrame":[772.393,229.917,42.086,-0.953,-0.25,0.17,0,0.561,0.828,-0.302,0.789,-0.535],"_shiftlockState":true,"_pose":"Running","_animationQueue":[],"_animationSpeed":1.066,"_zoom":6.909},{"_mousePosition":[683,384],"_rootPartCFrame":[772.698,222.7,46.256,-0.951,0,0.308,0,1,0,-0.308,0,-0.951],"_humanoidState":8,"_cameraCFrame":[772.278,230.022,42.166,-0.944,-0.279,0.178,0,0.539,0.843,-0.331,0.795,-0.508],"_shiftlockState":true,"_pose":"Running","_animationQueue":[],"_animationSpeed":1.066,"_zoom":6.909},{"_mousePosition":[683,384],"_rootPartCFrame":[772.381,222.695,46.154,-0.944,0,0.331,0,1,0,-0.331,0,-0.944],"_humanoidState":8,"_cameraCFrame":[772.036,230.05,42.104,-0.936,-0.299,0.187,0,0.531,0.847,-0.352,0.793,-0.497],"_shiftlockState":true,"_pose":"Running","_animationQueue":[],"_animationSpeed":1.066,"_zoom":6.909},{"_mousePosition":[683,384],"_rootPartCFrame":[772.129,222.697,46.066,-0.936,0,0.352,0,1,0,-0.352,0,-0.936],"_humanoidState":8,"_cameraCFrame":[771.901,230.095,42.072,-0.923,-0.329,0.201,0,0.521,0.854,-0.386,0.788,-0.48],"_shiftlockState":true,"_pose":"Running","_animationQueue":[],"_animationSpeed":1.066,"_zoom":6.909},{"_mousePosition":[683,384],"_rootPartCFrame":[771.817,222.698,45.95,-0.923,0,0.386,0,1,0,-0.386,0,-0.923],"_humanoidState":8,"_cameraCFrame":[771.664,230.134,42.008,-0.913,-0.351,0.209,0,0.512,0.859,-0.409,0.784,-0.467],"_shiftlockState":true,"_pose":"Running","_animationQueue":[["walk",0.1]],"_animationSpeed":1.066,"_zoom":6.909},{"_mousePosition":[683,384],"_rootPartCFrame":[771.632,222.699,45.874,-0.913,0,0.409,0,1,0,-0.409,0,-0.913],"_humanoidState":8,"_cameraCFrame":[771.535,230.177,41.994,-0.903,-0.371,0.215,0,0.501,0.865,-0.429,0.782,-0.453],"_shiftlockState":true,"_pose":"Running","_animationQueue":[],"_animationSpeed":1.066,"_zoom":6.909},{"_mousePosition":[683,384],"_rootPartCFrame":[771.388,222.699,45.766,-0.903,0,0.429,0,1,0,-0.429,0,-0.903],"_humanoidState":8,"_cameraCFrame":[771.288,230.224,41.96,-0.9,-0.38,0.213,0,0.489,0.872,-0.436,0.785,-0.44],"_shiftlockState":true,"_pose":"Running","_animationQueue":[],"_animationSpeed":1.066,"_zoom":6.909},{"_mousePosition":[683,384],"_rootPartCFrame":[771.086,222.699,45.624,-0.9,0,0.436,0,1,0,-0.436,0,-0.9],"_humanoidState":8,"_cameraCFrame":[770.963,230.254,41.866,-0.9,-0.382,0.21,0,0.482,0.876,-0.436,0.789,-0.433],"_shiftlockState":true,"_pose":"Running","_animationQueue":[],"_animationSpeed":1.066,"_zoom":6.909},{"_mousePosition":[683,384],"_rootPartCFrame":[770.906,222.7,45.537,-0.9,0,0.436,0,1,0,-0.436,0,-0.9],"_humanoidState":8,"_cameraCFrame":[770.732,230.294,41.846,-0.902,-0.381,0.203,0,0.471,0.882,-0.431,0.796,-0.425],"_shiftlockState":true,"_pose":"Running","_animationQueue":[],"_animationSpeed":1.066,"_zoom":6.909},{"_mousePosition":[683,384],"_rootPartCFrame":[770.666,222.7,45.421,-0.902,0,0.431,0,1,0,-0.431,0,-0.902],"_humanoidState":8,"_cameraCFrame":[770.451,230.325,41.784,-0.904,-0.379,0.198,0,0.462,0.887,-0.428,0.801,-0.418],"_shiftlockState":true,"_pose":"Running","_animationQueue":[],"_animationSpeed":1.066,"_zoom":6.909},{"_mousePosition":[683,384],"_rootPartCFrame":[770.366,222.7,45.277,-0.904,0,0.428,0,1,0,-0.428,0,-0.904],"_humanoidState":8,"_cameraCFrame":[770.109,230.348,41.682,-0.907,-0.376,0.192,0,0.456,0.89,-0.422,0.807,-0.413],"_shiftlockState":true,"_pose":"Running","_animationQueue":[["walk",0.1]],"_animationSpeed":1.066,"_zoom":6.909},{"_mousePosition":[683,384],"_rootPartCFrame":[770.185,222.7,45.191,-0.907,0,0.422,0,1,0,-0.422,0,-0.907],"_humanoidState":8,"_cameraCFrame":[769.887,230.366,41.63,-0.91,-0.371,0.187,0,0.451,0.893,-0.415,0.812,-0.41],"_shiftlockState":true,"_pose":"Running","_animationQueue":[],"_animationSpeed":1.066,"_zoom":6.909},{"_mousePosition":[683,384],"_rootPartCFrame":[769.943,222.7,45.078,-0.91,0,0.415,0,1,0,-0.415,0,-0.91],"_humanoidState":8,"_cameraCFrame":[769.586,230.388,41.561,-0.914,-0.363,0.18,0,0.445,0.896,-0.405,0.819,-0.406],"_shiftlockState":true,"_pose":"Running","_animationQueue":[],"_animationSpeed":1.066,"_zoom":6.909},{"_mousePosition":[683,384],"_rootPartCFrame":[769.702,222.666,44.966,-0.914,0,0.405,0,1,0,-0.405,0,-0.914],"_humanoidState":8,"_cameraCFrame":[769.268,230.381,41.506,-0.921,-0.351,0.17,0,0.437,0.9,-0.39,0.828,-0.402],"_shiftlockState":true,"_pose":"Running","_animationQueue":[],"_animationSpeed":1.066,"_zoom":6.909},{"_mousePosition":[683,384],"_rootPartCFrame":[769.399,222.546,44.825,-0.921,0,0.39,0,1,0,-0.39,0,-0.921],"_humanoidState":8,"_cameraCFrame":[768.871,230.291,41.431,-0.929,-0.335,0.159,0,0.428,0.904,-0.371,0.839,-0.397],"_shiftlockState":true,"_pose":"Running","_animationQueue":[],"_animationSpeed":1.066,"_zoom":6.909},{"_mousePosition":[683,384],"_rootPartCFrame":[769.218,223.205,44.741,-0.929,0,0.371,0,1,0,-0.371,0,-0.929],"_humanoidState":3,"_cameraCFrame":[768.592,230.981,41.42,-0.937,-0.318,0.147,0,0.418,0.908,-0.351,0.851,-0.392],"_shiftlockState":true,"_pose":"Jumping","_animationQueue":[["walk",0.1],["jump",0.1]],"_animationSpeed":1,"_zoom":6.909},{"_mousePosition":[683,384],"_rootPartCFrame":[768.971,224.041,44.64,-0.9,0,0.435,0,1,0,-0.435,0,-0.9],"_humanoidState":5,"_cameraCFrame":[768.258,231.842,41.386,-0.944,-0.302,0.136,0,0.41,0.912,-0.331,0.861,-0.387],"_shiftlockState":true,"_pose":"FreeFall","_animationQueue":[["jump",0.1]],"_animationSpeed":1,"_zoom":6.909},{"_mousePosition":[683,384],"_rootPartCFrame":[768.722,224.822,44.545,-0.894,0,0.449,0,1,0,-0.449,0,-0.894],"_humanoidState":5,"_cameraCFrame":[767.918,232.641,41.348,-0.951,-0.282,0.125,0,0.404,0.915,-0.308,0.87,-0.385],"_shiftlockState":true,"_pose":"FreeFall","_animationQueue":[],"_animationSpeed":1,"_zoom":6.909},{"_mousePosition":[683,384],"_rootPartCFrame":[768.408,225.722,44.434,-0.887,0,0.461,0,1,0,-0.461,0,-0.887],"_humanoidState":5,"_cameraCFrame":[767.534,233.554,41.282,-0.957,-0.266,0.116,0,0.4,0.917,-0.29,0.877,-0.383],"_shiftlockState":true,"_pose":"FreeFall","_animationQueue":[],"_animationSpeed":1,"_zoom":6.909},{"_mousePosition":[683,384],"_rootPartCFrame":[768.218,226.221,44.372,-0.923,0,0.384,0,1,0,-0.384,0,-0.923],"_humanoidState":5,"_cameraCFrame":[767.26,234.067,41.271,-0.964,-0.245,0.106,0,0.396,0.918,-0.267,0.885,-0.381],"_shiftlockState":true,"_pose":"FreeFall","_animationQueue":[],"_animationSpeed":1,"_zoom":6.909},{"_mousePosition":[683,384],"_rootPartCFrame":[767.963,226.839,44.294,-0.92,0,0.393,0,1,0,-0.393,0,-0.92],"_humanoidState":5,"_cameraCFrame":[766.938,234.695,41.238,-0.969,-0.228,0.097,0,0.392,0.92,-0.248,0.891,-0.38],"_shiftlockState":true,"_pose":"FreeFall","_animationQueue":[],"_animationSpeed":1,"_zoom":6.909},{"_mousePosition":[683,384],"_rootPartCFrame":[767.706,227.402,44.222,-0.927,0,0.374,0,1,0,-0.374,0,-0.927],"_humanoidState":5,"_cameraCFrame":[766.59,235.274,41.23,-0.975,-0.204,0.086,0,0.387,0.922,-0.221,0.899,-0.377],"_shiftlockState":true,"_pose":"FreeFall","_animationQueue":[],"_animationSpeed":1,"_zoom":6.909},{"_mousePosition":[683,384],"_rootPartCFrame":[767.448,227.91,44.155,-0.937,0,0.349,0,1,0,-0.349,0,-0.937],"_humanoidState":5,"_cameraCFrame":[766.257,235.795,41.22,-0.98,-0.184,0.076,0,0.382,0.924,-0.199,0.906,-0.375],"_shiftlockState":true,"_pose":"FreeFall","_animationQueue":[],"_animationSpeed":1,"_zoom":6.909},{"_mousePosition":[683,384],"_rootPartCFrame":[767.188,228.365,44.095,-0.945,0,0.327,0,1,0,-0.327,0,-0.945],"_humanoidState":5,"_cameraCFrame":[765.901,236.268,41.243,-0.986,-0.156,0.063,0,0.375,0.927,-0.169,0.914,-0.37],"_shiftlockState":true,"_pose":"FreeFall","_animationQueue":[],"_animationSpeed":1,"_zoom":6.909},{"_mousePosition":[683,384],"_rootPartCFrame":[766.927,228.764,44.041,-0.954,0,0.298,0,1,0,-0.298,0,-0.954],"_humanoidState":5,"_cameraCFrame":[765.563,236.684,41.263,-0.99,-0.134,0.053,0,0.369,0.929,-0.144,0.92,-0.366],"_shiftlockState":true,"_pose":"FreeFall","_animationQueue":[],"_animationSpeed":1,"_zoom":6.909},{"_mousePosition":[683,384],"_rootPartCFrame":[766.599,229.187,43.983,-0.952,0,0.306,0,1,0,-0.306,0,-0.952],"_humanoidState":5,"_cameraCFrame":[765.149,237.124,41.288,-0.993,-0.107,0.042,0,0.363,0.932,-0.115,0.925,-0.361],"_shiftlockState":true,"_pose":"FreeFall","_animationQueue":[],"_animationSpeed":1,"_zoom":6.909},{"_mousePosition":[683,384],"_rootPartCFrame":[766.335,229.464,43.944,-0.969,0,0.246,0,1,0,-0.246,0,-0.969],"_humanoidState":5,"_cameraCFrame":[764.823,237.413,41.312,-0.996,-0.087,0.033,0,0.359,0.933,-0.093,0.929,-0.357],"_shiftlockState":true,"_pose":"FreeFall","_animationQueue":[],"_animationSpeed":1,"_zoom":6.909},{"_mousePosition":[683,384],"_rootPartCFrame":[766.136,229.636,43.92,-0.981,0,0.192,0,1,0,-0.192,0,-0.981],"_humanoidState":5,"_cameraCFrame":[764.551,237.599,41.367,-0.998,-0.062,0.023,0,0.354,0.935,-0.066,0.933,-0.353],"_shiftlockState":true,"_pose":"FreeFall","_animationQueue":[],"_animationSpeed":1,"_zoom":6.909},{"_mousePosition":[683,384],"_rootPartCFrame":[765.871,229.818,43.894,-0.98,0,0.198,0,1,0,-0.198,0,-0.98],"_humanoidState":5,"_cameraCFrame":[764.226,237.792,41.409,-0.999,-0.04,0.015,0,0.349,0.937,-0.043,0.936,-0.349],"_shiftlockState":true,"_pose":"FreeFall","_animationQueue":[],"_animationSpeed":1,"_zoom":6.909},{"_mousePosition":[683,384],"_rootPartCFrame":[765.605,229.945,43.876,-0.985,0,0.175,0,1,0,-0.175,0,-0.985],"_humanoidState":5,"_cameraCFrame":[763.888,237.931,41.471,-1,-0.013,0.005,0,0.345,0.939,-0.014,0.939,-0.345],"_shiftlockState":true,"_pose":"FreeFall","_animationQueue":[],"_animationSpeed":1,"_zoom":6.909},{"_mousePosition":[683,384],"_rootPartCFrame":[765.339,230.018,43.863,-0.989,0,0.146,0,1,0,-0.146,0,-0.989],"_humanoidState":5,"_cameraCFrame":[763.525,238.015,41.562,-1,0.026,-0.009,0,0.34,0.94,0.027,0.94,-0.34],"_shiftlockState":true,"_pose":"FreeFall","_animationQueue":[],"_animationSpeed":1,"_zoom":6.909},{"_mousePosition":[683,384],"_rootPartCFrame":[765.005,230.032,43.857,-0.99,0,0.139,0,1,0,-0.139,0,-0.99],"_humanoidState":5,"_cameraCFrame":[763.119,238.035,41.632,-0.998,0.056,-0.02,0,0.338,0.941,0.06,0.94,-0.337],"_shiftlockState":true,"_pose":"FreeFall","_animationQueue":[],"_animationSpeed":1,"_zoom":6.909},{"_mousePosition":[683,384],"_rootPartCFrame":[764.805,229.999,43.861,-0.999,0,0.04,0,1,0,-0.04,0,-0.999],"_humanoidState":5,"_cameraCFrame":[762.839,238.01,41.73,-0.995,0.092,-0.033,0,0.335,0.942,0.097,0.938,-0.333],"_shiftlockState":true,"_pose":"FreeFall","_animationQueue":[],"_animationSpeed":1,"_zoom":6.909},{"_mousePosition":[683,384],"_rootPartCFrame":[764.539,229.909,43.876,-0.999,0,0.036,0,1,0,-0.036,0,-0.999],"_humanoidState":5,"_cameraCFrame":[762.491,237.928,41.853,-0.99,0.13,-0.046,0,0.331,0.944,0.138,0.935,-0.328],"_shiftlockState":true,"_pose":"FreeFall","_animationQueue":[],"_animationSpeed":1,"_zoom":6.909},{"_mousePosition":[683,384],"_rootPartCFrame":[764.274,229.763,43.9,-1,0,-0.005,0,1,0,0.005,0,-1],"_humanoidState":5,"_cameraCFrame":[762.162,237.79,41.967,-0.985,0.161,-0.056,0,0.328,0.945,0.171,0.931,-0.323],"_shiftlockState":true,"_pose":"FreeFall","_animationQueue":[],"_animationSpeed":1,"_zoom":6.909},{"_mousePosition":[683,384],"_rootPartCFrame":[764.009,229.563,43.935,-0.999,0,-0.038,0,1,0,0.038,0,-0.999],"_humanoidState":5,"_cameraCFrame":[761.799,237.592,42.123,-0.975,0.211,-0.073,0,0.327,0.945,0.223,0.921,-0.319],"_shiftlockState":true,"_pose":"FreeFall","_animationQueue":[],"_animationSpeed":1,"_zoom":6.909},{"_mousePosition":[683,384],"_rootPartCFrame":[763.746,229.309,43.98,-0.996,0,-0.092,0,1,0,0.092,0,-0.996],"_humanoidState":5,"_cameraCFrame":[761.431,237.332,42.282,-0.96,0.263,-0.092,0,0.329,0.944,0.279,0.907,-0.316],"_shiftlockState":true,"_pose":"FreeFall","_animationQueue":[["fall",0.3]],"_animationSpeed":1,"_zoom":6.909},{"_mousePosition":[683,384],"_rootPartCFrame":[763.497,229,44.046,-0.942,0,-0.336,0,1,0,0.336,0,-0.942],"_humanoidState":5,"_cameraCFrame":[761.025,237.017,42.558,-0.93,0.348,-0.122,0,0.332,0.943,0.369,0.877,-0.309],"_shiftlockState":true,"_pose":"FreeFall","_animationQueue":[],"_animationSpeed":1,"_zoom":6.909},{"_mousePosition":[683,384],"_rootPartCFrame":[763.247,228.637,44.134,-0.969,0,-0.247,0,1,0,0.247,0,-0.969],"_humanoidState":5,"_cameraCFrame":[760.73,236.65,42.707,-0.919,0.372,-0.132,0,0.334,0.943,0.395,0.866,-0.307],"_shiftlockState":true,"_pose":"FreeFall","_animationQueue":[],"_animationSpeed":1,"_zoom":6.909},{"_mousePosition":[683,384],"_rootPartCFrame":[763.039,228.328,44.152,-0.954,0,-0.299,0,1,0,0.299,0,-0.954],"_humanoidState":5,"_cameraCFrame":[760.466,236.34,42.818,-0.903,0.405,-0.144,0,0.334,0.942,0.43,0.851,-0.302],"_shiftlockState":true,"_pose":"FreeFall","_animationQueue":[],"_animationSpeed":1,"_zoom":6.909},{"_mousePosition":[683,384],"_rootPartCFrame":[762.724,227.746,44.259,-0.962,0,-0.273,0,1,0,0.273,0,-0.962],"_humanoidState":5,"_cameraCFrame":[760.106,235.754,42.998,-0.889,0.431,-0.154,0,0.336,0.942,0.458,0.837,-0.299],"_shiftlockState":true,"_pose":"FreeFall","_animationQueue":[["fall",0.3]],"_animationSpeed":1,"_zoom":6.909},{"_mousePosition":[683,384],"_rootPartCFrame":[762.595,227.49,44.299,-0.901,0,-0.433,0,1,-0.001,0.433,-0.001,-0.901],"_humanoidState":7,"_cameraCFrame":[759.927,235.494,43.125,-0.872,0.462,-0.165,0,0.337,0.941,0.49,0.82,-0.294],"_shiftlockState":true,"_pose":"FreeFall","_animationQueue":[["walk",0.1],["fall",0.3],["fall",0.3]],"_animationSpeed":1,"_zoom":6.909},{"_mousePosition":[683,384],"_rootPartCFrame":[762.292,227.263,44.44,-0.877,0,-0.48,0,1,0,0.48,0,-0.877],"_humanoidState":7,"_cameraCFrame":[759.607,235.265,43.296,-0.865,0.472,-0.17,0,0.338,0.941,0.501,0.814,-0.293],"_shiftlockState":true,"_pose":"FreeFall","_animationQueue":[],"_animationSpeed":1,"_zoom":6.909},{"_mousePosition":[683,384],"_rootPartCFrame":[762.059,227.326,44.57,-0.866,0,-0.501,0,1,0,0.501,0,-0.866],"_humanoidState":7,"_cameraCFrame":[759.387,235.321,43.354,-0.875,0.455,-0.165,0,0.341,0.94,0.484,0.823,-0.299],"_shiftlockState":true,"_pose":"FreeFall","_animationQueue":[],"_animationSpeed":1,"_zoom":6.909},{"_mousePosition":[683,384],"_rootPartCFrame":[761.771,227.389,44.736,-0.875,0,-0.484,0,1,0,0.484,0,-0.875],"_humanoidState":8,"_cameraCFrame":[759.219,235.352,43.152,-0.924,0.358,-0.135,0,0.353,0.936,0.383,0.864,-0.326],"_shiftlockState":true,"_pose":"Running","_animationQueue":[["walk",0.1],["fall",0.3],["walk",0.1]],"_animationSpeed":1.103,"_zoom":6.909},{"_mousePosition":[683,384],"_rootPartCFrame":[761.52,227.416,44.802,-0.916,0,-0.401,0.001,1,-0.001,0.401,-0.001,-0.916],"_humanoidState":8,"_cameraCFrame":[759.403,235.324,42.51,-0.989,0.139,-0.056,0,0.374,0.928,0.15,0.917,-0.369],"_shiftlockState":true,"_pose":"Running","_animationQueue":[],"_animationSpeed":1.103,"_zoom":6.909},{"_mousePosition":[683,384],"_rootPartCFrame":[761.261,227.431,44.906,-0.99,0,-0.141,0,1,-0.001,0.141,-0.001,-0.99],"_humanoidState":8,"_cameraCFrame":[759.913,235.282,41.964,-0.99,-0.13,0.056,0,0.394,0.919,-0.142,0.91,-0.39],"_shiftlockState":true,"_pose":"Running","_animationQueue":[],"_animationSpeed":1.103,"_zoom":6.909},{"_mousePosition":[683,384],"_rootPartCFrame":[760.999,227.44,44.955,-0.987,0,0.159,0,1,0,-0.159,0,-0.987],"_humanoidState":8,"_cameraCFrame":[760.715,235.257,41.668,-0.89,-0.416,0.184,0,0.405,0.914,-0.455,0.814,-0.36],"_shiftlockState":true,"_pose":"Running","_animationQueue":[["walk",0.1]],"_animationSpeed":1.103,"_zoom":6.909},{"_mousePosition":[683,384],"_rootPartCFrame":[760.736,227.444,44.929,-0.881,0,0.473,0,1,0,-0.473,0,-0.881],"_humanoidState":8,"_cameraCFrame":[761.104,235.266,41.659,-0.782,-0.57,0.251,0,0.403,0.915,-0.623,0.716,-0.315],"_shiftlockState":true,"_pose":"Running","_animationQueue":[],"_animationSpeed":1.103,"_zoom":6.909},{"_mousePosition":[683,384],"_rootPartCFrame":[760.494,227.447,44.821,-0.773,0,0.635,0,1,0,-0.635,0,-0.773],"_humanoidState":8,"_cameraCFrame":[761.308,235.251,41.598,-0.695,-0.656,0.294,0,0.409,0.912,-0.719,0.635,-0.285],"_shiftlockState":true,"_pose":"Running","_animationQueue":[],"_animationSpeed":1.103,"_zoom":6.909},{"_mousePosition":[683,384],"_rootPartCFrame":[760.281,227.448,44.662,-0.689,0,0.725,0,1,0,-0.725,0,-0.689],"_humanoidState":8,"_cameraCFrame":[761.27,235.234,41.451,-0.662,-0.682,0.311,0,0.415,0.91,-0.749,0.603,-0.275],"_shiftlockState":true,"_pose":"Running","_animationQueue":[],"_animationSpeed":1.103,"_zoom":6.909},{"_mousePosition":[683,384],"_rootPartCFrame":[760.072,228.463,44.497,-0.656,0,0.755,0,1,0,-0.755,0,-0.656],"_humanoidState":3,"_cameraCFrame":[761.026,236.232,41.244,-0.676,-0.668,0.309,0,0.42,0.907,-0.737,0.614,-0.284],"_shiftlockState":true,"_pose":"Jumping","_animationQueue":[["walk",0.1],["jump",0.1]],"_animationSpeed":1,"_zoom":6.909},{"_mousePosition":[683,384],"_rootPartCFrame":[759.879,229.426,44.313,-0.604,0,0.797,0,1,0,-0.797,0,-0.604],"_humanoidState":5,"_cameraCFrame":[760.715,237.16,40.961,-0.714,-0.632,0.302,0,0.431,0.902,-0.7,0.644,-0.308],"_shiftlockState":true,"_pose":"FreeFall","_animationQueue":[["jump",0.1]],"_animationSpeed":1,"_zoom":6.909},{"_mousePosition":[683,384],"_rootPartCFrame":[759.699,230.335,44.117,-0.618,0,0.786,0,1,0,-0.786,0,-0.618],"_humanoidState":5,"_cameraCFrame":[760.365,238.012,40.626,-0.763,-0.578,0.29,0,0.448,0.894,-0.647,0.682,-0.342],"_shiftlockState":true,"_pose":"FreeFall","_animationQueue":[],"_animationSpeed":1,"_zoom":6.909},{"_mousePosition":[683,384],"_rootPartCFrame":[759.51,231.189,43.929,-0.67,0,0.742,0,1,0,-0.742,0,-0.67],"_humanoidState":5,"_cameraCFrame":[759.965,238.793,40.277,-0.814,-0.513,0.272,0,0.469,0.883,-0.581,0.719,-0.382],"_shiftlockState":true,"_pose":"FreeFall","_animationQueue":[],"_animationSpeed":1,"_zoom":6.909},{"_mousePosition":[683,384],"_rootPartCFrame":[759.309,231.989,43.754,-0.73,0,0.684,0,1,0,-0.684,0,-0.73],"_humanoidState":5,"_cameraCFrame":[759.462,239.482,39.9,-0.872,-0.424,0.243,0,0.498,0.867,-0.489,0.757,-0.434],"_shiftlockState":true,"_pose":"FreeFall","_animationQueue":[],"_animationSpeed":1,"_zoom":6.909},{"_mousePosition":[683,384],"_rootPartCFrame":[759.045,232.912,43.574,-0.787,0,0.616,0,1,0,-0.616,0,-0.787],"_humanoidState":5,"_cameraCFrame":[758.937,240.318,39.585,-0.91,-0.354,0.215,0,0.519,0.855,-0.414,0.778,-0.472],"_shiftlockState":true,"_pose":"FreeFall","_animationQueue":[],"_animationSpeed":1,"_zoom":6.909},{"_mousePosition":[683,384],"_rootPartCFrame":[758.88,233.425,43.495,-0.87,0,0.492,0,1,0,-0.492,0,-0.87],"_humanoidState":5,"_cameraCFrame":[758.393,240.712,39.363,-0.95,-0.261,0.17,0,0.546,0.838,-0.312,0.796,-0.519],"_shiftlockState":true,"_pose":"FreeFall","_animationQueue":[],"_animationSpeed":1,"_zoom":6.909},{"_mousePosition":[683,384],"_rootPartCFrame":[758.654,234.062,43.424,-0.907,0,0.422,0,1,0,-0.422,0,-0.907],"_humanoidState":5,"_cameraCFrame":[757.872,241.258,39.213,-0.972,-0.194,0.133,0,0.566,0.825,-0.235,0.801,-0.55],"_shiftlockState":true,"_pose":"FreeFall","_animationQueue":[],"_animationSpeed":1,"_zoom":6.909},{"_mousePosition":[683,384],"_rootPartCFrame":[758.425,234.643,43.392,-0.938,0,0.346,0,1,0,-0.346,0,-0.938],"_humanoidState":5,"_cameraCFrame":[757.281,241.731,39.118,-0.989,-0.117,0.085,0,0.588,0.809,-0.145,0.8,-0.582],"_shiftlockState":true,"_pose":"FreeFall","_animationQueue":[],"_animationSpeed":1,"_zoom":6.909},{"_mousePosition":[683,384],"_rootPartCFrame":[758.137,235.294,43.408,-0.958,0,0.287,0,1,0,-0.287,0,-0.958],"_humanoidState":5,"_cameraCFrame":[756.725,242.282,39.085,-0.997,-0.063,0.048,0,0.608,0.794,-0.079,0.792,-0.606],"_shiftlockState":true,"_pose":"FreeFall","_animationQueue":[],"_animationSpeed":1,"_zoom":6.909},{"_mousePosition":[683,384],"_rootPartCFrame":[757.967,235.644,43.448,-0.986,0,0.164,0,1,0,-0.164,0,-0.986],"_humanoidState":5,"_cameraCFrame":[756.197,242.496,39.088,-1,0.004,-0.003,0,0.632,0.775,0.005,0.775,-0.632],"_shiftlockState":true,"_pose":"FreeFall","_animationQueue":[],"_animationSpeed":1,"_zoom":6.909},{"_mousePosition":[683,384],"_rootPartCFrame":[757.692,236.158,43.562,-0.99,0,0.139,0,1,0,-0.139,0,-0.99],"_humanoidState":5,"_cameraCFrame":[755.718,242.918,39.177,-0.999,0.039,-0.033,0,0.648,0.761,0.051,0.76,-0.648],"_shiftlockState":true,"_pose":"FreeFall","_animationQueue":[],"_animationSpeed":1,"_zoom":6.909},{"_mousePosition":[683,384],"_rootPartCFrame":[757.536,236.426,43.66,-0.999,0,0.034,0,1,0,-0.034,0,-0.999],"_humanoidState":5,"_cameraCFrame":[755.349,243.076,39.245,-0.995,0.072,-0.064,0,0.667,0.745,0.097,0.742,-0.663],"_shiftlockState":true,"_pose":"FreeFall","_animationQueue":[],"_animationSpeed":1,"_zoom":6.909},{"_mousePosition":[683,384],"_rootPartCFrame":[757.294,236.804,43.867,-0.999,0,0.042,0,1,0,-0.042,0,-0.999],"_humanoidState":5,"_cameraCFrame":[754.976,243.364,39.416,-0.992,0.091,-0.084,0,0.681,0.732,0.124,0.727,-0.676],"_shiftlockState":true,"_pose":"FreeFall","_animationQueue":[],"_animationSpeed":1,"_zoom":6.909},{"_mousePosition":[683,384],"_rootPartCFrame":[757.163,236.99,44.017,-0.999,0,-0.042,0,1,0,0.042,0,-0.999],"_humanoidState":5,"_cameraCFrame":[754.677,243.431,39.522,-0.988,0.112,-0.11,0,0.699,0.715,0.157,0.706,-0.69],"_shiftlockState":true,"_pose":"FreeFall","_animationQueue":[],"_animationSpeed":1,"_zoom":6.909},{"_mousePosition":[683,384],"_rootPartCFrame":[756.998,237.19,44.226,-0.999,0,-0.048,0,1,0,0.048,0,-0.999],"_humanoidState":5,"_cameraCFrame":[754.394,243.545,39.704,-0.984,0.126,-0.128,0,0.712,0.703,0.18,0.691,-0.7],"_shiftlockState":true,"_pose":"FreeFall","_animationQueue":[["fall",0.3]],"_animationSpeed":1,"_zoom":6.909},{"_mousePosition":[683,384],"_rootPartCFrame":[756.862,237.366,44.35,-0.98,-0.004,-0.197,-0.005,1,0.005,0.197,0.006,-0.98],"_humanoidState":12,"_cameraCFrame":[754.164,243.639,39.803,-0.981,0.135,-0.141,0,0.723,0.691,0.195,0.678,-0.709],"_shiftlockState":true,"_pose":"Climbing","_animationQueue":[["climb",0.1]],"_animationSpeed":0.9,"_zoom":6.909},{"_mousePosition":[683,384],"_rootPartCFrame":[756.794,237.552,44.385,-0.986,-0.003,-0.17,-0.003,1,0.003,0.17,0.004,-0.985],"_humanoidState":12,"_cameraCFrame":[754.108,243.826,39.828,-0.981,0.134,-0.14,0,0.723,0.691,0.193,0.678,-0.709],"_shiftlockState":true,"_pose":"Climbing","_animationQueue":[],"_animationSpeed":0.9,"_zoom":6.909},{"_mousePosition":[683,384],"_rootPartCFrame":[756.77,237.739,44.399,-0.982,0,-0.19,0,1,0,0.19,0,-0.982],"_humanoidState":12,"_cameraCFrame":[754.151,244.024,39.812,-0.984,0.125,-0.13,0,0.721,0.693,0.18,0.681,-0.71],"_shiftlockState":true,"_pose":"Climbing","_animationQueue":[],"_animationSpeed":0.9,"_zoom":6.909},{"_mousePosition":[683,384],"_rootPartCFrame":[756.768,237.925,44.4,-0.984,0,-0.18,0,1,0,0.18,0,-0.984],"_humanoidState":12,"_cameraCFrame":[754.328,244.235,39.74,-0.99,0.099,-0.102,0,0.718,0.696,0.143,0.689,-0.711],"_shiftlockState":true,"_pose":"Climbing","_animationQueue":[],"_animationSpeed":0.9,"_zoom":6.909},{"_mousePosition":[683,384],"_rootPartCFrame":[756.768,238.112,44.4,-0.99,0,-0.143,0,1,0,0.143,0,-0.99],"_humanoidState":12,"_cameraCFrame":[754.845,244.457,39.54,-0.999,0.025,-0.025,0,0.713,0.701,0.035,0.701,-0.712],"_shiftlockState":true,"_pose":"Climbing","_animationQueue":[],"_animationSpeed":0.9,"_zoom":6.909},{"_mousePosition":[683,384],"_rootPartCFrame":[756.768,238.299,44.4,-0.999,0,-0.035,0,1,0,0.035,0,-0.999],"_humanoidState":12,"_cameraCFrame":[755.796,244.707,39.325,-0.988,-0.111,0.11,0,0.704,0.71,-0.156,0.702,-0.695],"_shiftlockState":true,"_pose":"Climbing","_animationQueue":[],"_animationSpeed":0.9,"_zoom":6.909},{"_mousePosition":[683,384],"_rootPartCFrame":[756.773,239.011,44.611,-0.986,0,0.169,0,1,0,-0.169,0,-0.986],"_humanoidState":8,"_cameraCFrame":[757.245,245.505,39.548,-0.903,-0.311,0.297,0,0.691,0.723,-0.43,0.653,-0.624],"_shiftlockState":true,"_pose":"Standing","_animationQueue":[["climb",0.1],["idle",0.1],["idle",0.1]],"_animationSpeed":1,"_zoom":6.909},{"_mousePosition":[683,384],"_rootPartCFrame":[756.738,239.43,44.872,-0.896,0,0.445,0,1,0,-0.445,0,-0.896],"_humanoidState":8,"_cameraCFrame":[758.393,245.978,40.12,-0.771,-0.465,0.435,0,0.683,0.731,-0.637,0.563,-0.526],"_shiftlockState":true,"_pose":"Running","_animationQueue":[["walk",0.1]],"_animationSpeed":1.008,"_zoom":6.909},{"_mousePosition":[683,384],"_rootPartCFrame":[756.635,239.665,45.116,-0.761,0,0.649,0,1,0,-0.649,0,-0.761],"_humanoidState":8,"_cameraCFrame":[759.47,246.239,40.991,-0.574,-0.601,0.556,0,0.679,0.734,-0.819,0.422,-0.39],"_shiftlockState":true,"_pose":"Running","_animationQueue":[["walk",0.1]],"_animationSpeed":1.101,"_zoom":6.909},{"_mousePosition":[683,384],"_rootPartCFrame":[756.473,239.795,45.327,-0.56,0,0.828,0,1,0,-0.828,0,-0.56],"_humanoidState":8,"_cameraCFrame":[760.005,246.395,41.818,-0.41,-0.673,0.615,0,0.675,0.738,-0.912,0.303,-0.277],"_shiftlockState":true,"_pose":"Running","_animationQueue":[],"_animationSpeed":1.101,"_zoom":6.909},{"_mousePosition":[683,384],"_rootPartCFrame":[756.317,239.852,45.449,-0.401,0,0.916,0,1,0,-0.916,0,-0.401],"_humanoidState":8,"_cameraCFrame":[760.449,246.489,42.744,-0.216,-0.726,0.653,0,0.669,0.744,-0.976,0.161,-0.144],"_shiftlockState":true,"_pose":"Running","_animationQueue":[],"_animationSpeed":1.101,"_zoom":6.909},{"_mousePosition":[683,384],"_rootPartCFrame":[756.017,239.904,45.593,-0.2,0,0.98,0,1,0,-0.98,0,-0.2],"_humanoidState":8,"_cameraCFrame":[760.448,246.575,43.49,-0.078,-0.746,0.661,0,0.663,0.748,-0.997,0.059,-0.052],"_shiftlockState":true,"_pose":"Running","_animationQueue":[],"_animationSpeed":1.101,"_zoom":6.909},{"_mousePosition":[683,384],"_rootPartCFrame":[755.759,239.925,45.659,-0.069,0,0.998,0,1,0,-0.998,0,-0.069],"_humanoidState":8,"_cameraCFrame":[760.349,246.633,44.044,0.03,-0.753,0.657,0,0.657,0.754,-1,-0.022,0.019],"_shiftlockState":true,"_pose":"Running","_animationQueue":[],"_animationSpeed":1.101,"_zoom":6.909},{"_mousePosition":[683,384],"_rootPartCFrame":[755.494,239.936,45.686,0.032,0,0.999,0,1,0,-0.999,0,0.032],"_humanoidState":8,"_cameraCFrame":[760.137,246.666,44.312,0.082,-0.754,0.651,0,0.653,0.757,-0.997,-0.062,0.053],"_shiftlockState":true,"_pose":"Running","_animationQueue":[],"_animationSpeed":1.101,"_zoom":6.909},{"_mousePosition":[683,384],"_rootPartCFrame":[755.227,239.943,45.683,0.082,0,0.997,0,1,0,-0.997,0,0.082],"_humanoidState":8,"_cameraCFrame":[759.884,246.676,44.371,0.095,-0.754,0.65,0,0.653,0.758,-0.995,-0.072,0.062],"_shiftlockState":true,"_pose":"Running","_animationQueue":[["walk",0.1]],"_animationSpeed":1.101,"_zoom":6.909},{"_mousePosition":[683,384],"_rootPartCFrame":[754.962,239.946,45.663,0.095,0,0.995,0,1,0,-0.995,0,0.095],"_humanoidState":8,"_cameraCFrame":[759.618,246.679,44.351,0.095,-0.754,0.65,0,0.653,0.758,-0.995,-0.072,0.062],"_shiftlockState":true,"_pose":"Running","_animationQueue":[],"_animationSpeed":1.101,"_zoom":6.909},{"_mousePosition":[683,384],"_rootPartCFrame":[754.763,239.947,45.645,0.095,0,0.995,0,1,0,-0.995,0,0.095],"_humanoidState":8,"_cameraCFrame":[759.414,246.681,44.313,0.091,-0.754,0.65,0,0.653,0.758,-0.996,-0.069,0.06],"_shiftlockState":true,"_pose":"Running","_animationQueue":[],"_animationSpeed":1.101,"_zoom":6.909},{"_mousePosition":[683,384],"_rootPartCFrame":[754.431,239.949,45.613,0.091,0,0.996,0,1,0,-0.996,0,0.091],"_humanoidState":8,"_cameraCFrame":[759.066,246.682,44.228,0.08,-0.755,0.651,0,0.653,0.758,-0.997,-0.06,0.052],"_shiftlockState":true,"_pose":"Running","_animationQueue":[],"_animationSpeed":1.101,"_zoom":6.909},{"_mousePosition":[683,384],"_rootPartCFrame":[754.165,240.812,45.587,0.08,0,0.997,0,1,0,-0.997,0,0.08],"_humanoidState":3,"_cameraCFrame":[758.778,247.549,44.14,0.066,-0.756,0.651,0,0.652,0.758,-0.998,-0.05,0.043],"_shiftlockState":true,"_pose":"Jumping","_animationQueue":[["walk",0.1],["jump",0.1]],"_animationSpeed":1,"_zoom":6.909},{"_mousePosition":[683,384],"_rootPartCFrame":[753.9,241.62,45.565,0.067,0,0.998,0,1,0,-0.998,0,0.067],"_humanoidState":5,"_cameraCFrame":[758.491,248.361,44.064,0.055,-0.757,0.651,0,0.652,0.759,-0.999,-0.041,0.036],"_shiftlockState":true,"_pose":"FreeFall","_animationQueue":[["jump",0.1]],"_animationSpeed":1,"_zoom":6.909},{"_mousePosition":[683,384],"_rootPartCFrame":[753.634,242.374,45.546,0.056,0,0.998,0,1,0,-0.998,0,0.056],"_humanoidState":5,"_cameraCFrame":[758.194,249.122,43.978,0.04,-0.759,0.65,0,0.65,0.76,-0.999,-0.03,0.026],"_shiftlockState":true,"_pose":"FreeFall","_animationQueue":[],"_animationSpeed":1,"_zoom":6.909},{"_mousePosition":[683,384],"_rootPartCFrame":[753.367,243.073,45.531,0.042,0,0.999,0,1,0,-0.999,0,0.042],"_humanoidState":5,"_cameraCFrame":[757.901,249.832,43.924,0.032,-0.761,0.648,0,0.649,0.761,-0.999,-0.024,0.021],"_shiftlockState":true,"_pose":"FreeFall","_animationQueue":[],"_animationSpeed":1,"_zoom":6.909},{"_mousePosition":[683,384],"_rootPartCFrame":[753.101,243.718,45.519,0.033,0,0.999,0,1,0,-0.999,0,0.033],"_humanoidState":5,"_cameraCFrame":[757.603,250.492,43.869,0.022,-0.763,0.646,0,0.646,0.763,-1,-0.017,0.014],"_shiftlockState":true,"_pose":"FreeFall","_animationQueue":[],"_animationSpeed":1,"_zoom":6.909},{"_mousePosition":[683,384],"_rootPartCFrame":[752.768,244.448,45.508,0.024,0,1,0,1,0,-1,0,0.024],"_humanoidState":5,"_cameraCFrame":[757.25,251.228,43.829,0.016,-0.764,0.645,0,0.645,0.764,-1,-0.012,0.01],"_shiftlockState":true,"_pose":"FreeFall","_animationQueue":[],"_animationSpeed":1,"_zoom":6.909},{"_mousePosition":[683,384],"_rootPartCFrame":[752.568,244.844,45.503,0.017,0,1,0,1,0,-1,0,0.017],"_humanoidState":5,"_cameraCFrame":[757.026,251.632,43.782,0.007,-0.765,0.644,0,0.644,0.765,-1,-0.005,0.004],"_shiftlockState":true,"_pose":"FreeFall","_animationQueue":[],"_animationSpeed":1,"_zoom":6.909},{"_mousePosition":[683,384],"_rootPartCFrame":[752.301,245.326,45.498,0.008,0,1,0,1,0,-1,0,0.008],"_humanoidState":5,"_cameraCFrame":[756.719,252.124,43.707,-0.009,-0.767,0.642,0,0.642,0.767,-1,0.007,-0.006],"_shiftlockState":true,"_pose":"FreeFall","_animationQueue":[],"_animationSpeed":1,"_zoom":6.909},{"_mousePosition":[683,384],"_rootPartCFrame":[752.035,245.753,45.495,-0.007,0,1,0,1,0,-1,0,-0.007],"_humanoidState":5,"_cameraCFrame":[756.403,252.566,43.626,-0.027,-0.769,0.639,0,0.639,0.769,-1,0.021,-0.017],"_shiftlockState":true,"_pose":"FreeFall","_animationQueue":[],"_animationSpeed":1,"_zoom":6.909},{"_mousePosition":[683,384],"_rootPartCFrame":[751.768,246.125,45.496,-0.025,0,1,0,1,0,-1,0,-0.025],"_humanoidState":5,"_cameraCFrame":[756.081,252.959,43.56,-0.043,-0.771,0.635,0,0.636,0.772,-0.999,0.033,-0.027],"_shiftlockState":true,"_pose":"FreeFall","_animationQueue":[],"_animationSpeed":1,"_zoom":6.909},{"_mousePosition":[683,384],"_rootPartCFrame":[751.501,246.443,45.502,-0.041,0,0.999,0,1,0,-0.999,0,-0.041],"_humanoidState":5,"_cameraCFrame":[755.755,253.302,43.505,-0.057,-0.774,0.63,0,0.631,0.776,-0.998,0.044,-0.036],"_shiftlockState":true,"_pose":"FreeFall","_animationQueue":[],"_animationSpeed":1,"_zoom":6.909},{"_mousePosition":[683,384],"_rootPartCFrame":[751.235,246.706,45.512,-0.055,0,0.998,0,1,0,-0.998,0,-0.055],"_humanoidState":5,"_cameraCFrame":[755.469,253.572,43.493,-0.063,-0.775,0.629,0,0.63,0.777,-0.998,0.049,-0.039],"_shiftlockState":true,"_pose":"FreeFall","_animationQueue":[],"_animationSpeed":1,"_zoom":6.909},{"_mousePosition":[683,384],"_rootPartCFrame":[750.969,246.915,45.526,-0.061,0,0.998,0,1,0,-0.998,0,-0.061],"_humanoidState":5,"_cameraCFrame":[755.194,253.785,43.499,-0.065,-0.776,0.628,0,0.629,0.777,-0.998,0.05,-0.041],"_shiftlockState":true,"_pose":"FreeFall","_animationQueue":[],"_animationSpeed":1,"_zoom":6.909},{"_mousePosition":[683,384],"_rootPartCFrame":[750.703,247.07,45.542,-0.064,0,0.998,0,1,0,-0.998,0,-0.064],"_humanoidState":5,"_cameraCFrame":[754.928,253.939,43.515,-0.065,-0.776,0.628,0,0.629,0.777,-0.998,0.05,-0.041],"_shiftlockState":true,"_pose":"FreeFall","_animationQueue":[],"_animationSpeed":1,"_zoom":6.909},{"_mousePosition":[683,384],"_rootPartCFrame":[750.436,247.17,45.56,-0.065,0,0.998,0,1,0,-0.998,0,-0.065],"_humanoidState":5,"_cameraCFrame":[754.661,254.039,43.53,-0.065,-0.775,0.628,0,0.629,0.777,-0.998,0.051,-0.041],"_shiftlockState":true,"_pose":"FreeFall","_animationQueue":[],"_animationSpeed":1,"_zoom":6.909},{"_mousePosition":[683,384],"_rootPartCFrame":[750.17,247.215,45.577,-0.065,0,0.998,0,1,0,-0.998,0,-0.065],"_humanoidState":5,"_cameraCFrame":[754.395,254.084,43.548,-0.065,-0.775,0.628,0,0.629,0.777,-0.998,0.051,-0.041],"_shiftlockState":true,"_pose":"FreeFall","_animationQueue":[],"_animationSpeed":1,"_zoom":6.909},{"_mousePosition":[683,384],"_rootPartCFrame":[749.904,247.206,45.595,-0.065,0,0.998,0,1,0,-0.998,0,-0.065],"_humanoidState":5,"_cameraCFrame":[754.129,254.075,43.565,-0.065,-0.775,0.628,0,0.629,0.777,-0.998,0.051,-0.041],"_shiftlockState":true,"_pose":"FreeFall","_animationQueue":[],"_animationSpeed":1,"_zoom":6.909},{"_mousePosition":[683,384],"_rootPartCFrame":[749.638,247.143,45.612,-0.065,0,0.998,0,1,0,-0.998,0,-0.065],"_humanoidState":5,"_cameraCFrame":[753.863,254.012,43.583,-0.065,-0.775,0.628,0,0.629,0.777,-0.998,0.051,-0.041],"_shiftlockState":true,"_pose":"FreeFall","_animationQueue":[],"_animationSpeed":1,"_zoom":6.909},{"_mousePosition":[683,384],"_rootPartCFrame":[749.372,247.025,45.629,-0.065,0,0.998,0,1,0,-0.998,0,-0.065],"_humanoidState":5,"_cameraCFrame":[753.597,253.893,43.6,-0.065,-0.775,0.628,0,0.629,0.777,-0.998,0.051,-0.041],"_shiftlockState":true,"_pose":"FreeFall","_animationQueue":[],"_animationSpeed":1,"_zoom":6.909},{"_mousePosition":[683,384],"_rootPartCFrame":[749.105,246.852,45.647,-0.065,0,0.998,0,1,0,-0.998,0,-0.065],"_humanoidState":5,"_cameraCFrame":[753.331,253.721,43.617,-0.065,-0.775,0.628,0,0.629,0.777,-0.998,0.051,-0.041],"_shiftlockState":true,"_pose":"FreeFall","_animationQueue":[["fall",0.3]],"_animationSpeed":1,"_zoom":6.909},{"_mousePosition":[683,384],"_rootPartCFrame":[748.839,246.625,45.664,-0.065,0,0.998,0,1,0,-0.998,0,-0.065],"_humanoidState":5,"_cameraCFrame":[753.065,253.494,43.635,-0.065,-0.775,0.628,0,0.629,0.777,-0.998,0.051,-0.041],"_shiftlockState":true,"_pose":"FreeFall","_animationQueue":[],"_animationSpeed":1,"_zoom":6.909},{"_mousePosition":[683,384],"_rootPartCFrame":[748.573,246.343,45.682,-0.065,0,0.998,0,1,0,-0.998,0,-0.065],"_humanoidState":5,"_cameraCFrame":[752.798,253.212,43.652,-0.065,-0.775,0.628,0,0.629,0.777,-0.998,0.051,-0.041],"_shiftlockState":true,"_pose":"FreeFall","_animationQueue":[],"_animationSpeed":1,"_zoom":6.909},{"_mousePosition":[683,384],"_rootPartCFrame":[748.307,246.007,45.699,-0.065,0,0.998,0,1,0,-0.998,0,-0.065],"_humanoidState":5,"_cameraCFrame":[752.532,252.876,43.669,-0.065,-0.775,0.628,0,0.629,0.777,-0.998,0.051,-0.041],"_shiftlockState":true,"_pose":"FreeFall","_animationQueue":[],"_animationSpeed":1,"_zoom":6.909},{"_mousePosition":[683,384],"_rootPartCFrame":[748.107,245.719,45.712,-0.065,0,0.998,0,1,0,-0.998,0,-0.065],"_humanoidState":5,"_cameraCFrame":[752.333,252.588,43.682,-0.065,-0.775,0.628,0,0.629,0.777,-0.998,0.051,-0.041],"_shiftlockState":true,"_pose":"FreeFall","_animationQueue":[],"_animationSpeed":1,"_zoom":6.909},{"_mousePosition":[683,384],"_rootPartCFrame":[747.775,245.171,45.734,-0.065,0,0.998,0,1,0,-0.998,0,-0.065],"_humanoidState":5,"_cameraCFrame":[752,252.04,43.704,-0.065,-0.775,0.628,0,0.629,0.777,-0.998,0.051,-0.041],"_shiftlockState":true,"_pose":"FreeFall","_animationQueue":[],"_animationSpeed":1,"_zoom":6.909},{"_mousePosition":[683,384],"_rootPartCFrame":[747.575,244.802,45.747,-0.065,0,0.998,0,1,0,-0.998,0,-0.065],"_humanoidState":5,"_cameraCFrame":[751.801,251.671,43.717,-0.065,-0.775,0.628,0,0.629,0.777,-0.998,0.051,-0.041],"_shiftlockState":true,"_pose":"FreeFall","_animationQueue":[],"_animationSpeed":1,"_zoom":6.909},{"_mousePosition":[683,384],"_rootPartCFrame":[747.243,244.118,45.769,-0.065,0,0.998,0,1,0,-0.998,0,-0.065],"_humanoidState":5,"_cameraCFrame":[751