[{"_mousePosition":[1156,399],"_rootPartCFrame":[776.023,222.962,47.142,0.003,0.005,1,0,1,-0.005,-1,0,0.003],"_humanoidState":8,"_cameraCFrame":[783.562,236.829,47.146,0,-0.854,0.52,0,0.52,0.854,-1,0,0],"_shiftlockState":false,"_pose":"Standing","_animationQueue":[],"_animationSpeed":1,"_zoom":14.48},{"_mousePosition":[1156,399],"_rootPartCFrame":[776.023,222.712,47.142,0.003,0,1,0,1,0,-1,0,0.003],"_humanoidState":8,"_cameraCFrame":[783.555,236.579,47.146,0,-0.854,0.52,0,0.52,0.854,-1,0,0],"_shiftlockState":false,"_pose":"Standing","_animationQueue":[],"_animationSpeed":1,"_zoom":14.48},{"_mousePosition":[1148,399],"_rootPartCFrame":[776.023,222.615,47.142,0.003,0,1,0,1,0,-1,0,0.003],"_humanoidState":8,"_cameraCFrame":[783.555,236.482,47.146,0,-0.854,0.52,0,0.52,0.854,-1,0,0],"_shiftlockState":false,"_pose":"Standing","_animationQueue":[],"_animationSpeed":1,"_zoom":14.48},{"_mousePosition":[1128,399],"_rootPartCFrame":[776.023,222.604,47.142,0.003,0,1,0,1,0,-1,0,0.003],"_humanoidState":8,"_cameraCFrame":[783.555,236.471,47.146,0,-0.854,0.52,0,0.52,0.854,-1,0,0],"_shiftlockState":false,"_pose":"Standing","_animationQueue":[],"_animationSpeed":1,"_zoom":14.48},{"_mousePosition":[1099,403],"_rootPartCFrame":[776.023,222.633,47.142,0.003,0,1,0,1,0,-1,0,0.003],"_humanoidState":8,"_cameraCFrame":[783.556,236.5,47.146,0,-0.854,0.52,0,0.52,0.854,-1,0,0],"_shiftlockState":false,"_pose":"Standing","_animationQueue":[],"_animationSpeed":1,"_zoom":14.48},{"_mousePosition":[1049,406],"_rootPartCFrame":[776.023,222.662,47.142,0.003,0,1,0,1,0,-1,0,0.003],"_humanoidState":8,"_cameraCFrame":[783.556,236.528,47.146,0,-0.854,0.52,0,0.52,0.854,-1,0,0],"_shiftlockState":false,"_pose":"Standing","_animationQueue":[],"_animationSpeed":1,"_zoom":14.48},{"_mousePosition":[998,406],"_rootPartCFrame":[775.703,222.684,47.142,0.003,0,1,0,1,0,-1,0,0.003],"_humanoidState":8,"_cameraCFrame":[783.235,236.551,47.146,0,-0.854,0.52,0,0.52,0.854,-1,0,0],"_shiftlockState":false,"_pose":"Standing","_animationQueue":[],"_animationSpeed":1,"_zoom":14.48},{"_mousePosition":[929,403],"_rootPartCFrame":[775.437,222.691,47.142,0.003,0,1,0,1,0,-1,0,0.003],"_humanoidState":8,"_cameraCFrame":[782.969,236.558,47.146,0,-0.854,0.52,0,0.52,0.854,-1,0,0],"_shiftlockState":false,"_pose":"Running","_animationQueue":[["walk",0.1]],"_animationSpeed":1.089,"_zoom":14.48},{"_mousePosition":[892,398],"_rootPartCFrame":[775.17,222.695,47.142,0.002,0,1,0,1,0,-1,0,0.002],"_humanoidState":8,"_cameraCFrame":[782.702,236.562,47.145,0,-0.854,0.52,0,0.52,0.854,-1,0,0],"_shiftlockState":false,"_pose":"Running","_animationQueue":[],"_animationSpeed":1.089,"_zoom":14.48},{"_mousePosition":[855,390],"_rootPartCFrame":[775.037,222.696,47.142,0.002,0,1,0,1,0,-1,0,0.002],"_humanoidState":8,"_cameraCFrame":[782.569,236.563,47.145,0,-0.854,0.52,0,0.52,0.854,-1,0,0],"_shiftlockState":false,"_pose":"Running","_animationQueue":[],"_animationSpeed":1.089,"_zoom":14.48},{"_mousePosition":[838,386],"_rootPartCFrame":[774.77,222.698,47.142,0.002,0,1,0,1,0,-1,0,0.002],"_humanoidState":8,"_cameraCFrame":[782.302,236.565,47.145,0,-0.854,0.52,0,0.52,0.854,-1,0,0],"_shiftlockState":false,"_pose":"Running","_animationQueue":[],"_animationSpeed":1.089,"_zoom":14.48},{"_mousePosition":[837,386],"_rootPartCFrame":[774.503,222.699,47.142,0.002,0,1,0,1,0,-1,0,0.002],"_humanoidState":8,"_cameraCFrame":[782.035,236.565,47.145,0,-0.854,0.52,0,0.52,0.854,-1,0,0],"_shiftlockState":false,"_pose":"Running","_animationQueue":[],"_animationSpeed":1.089,"_zoom":14.48},{"_mousePosition":[837,386],"_rootPartCFrame":[774.236,222.699,47.142,0.002,0,1,0,1,0,-1,0,0.002],"_humanoidState":8,"_cameraCFrame":[781.769,236.566,47.145,0,-0.854,0.52,0,0.52,0.854,-1,0,0],"_shiftlockState":false,"_pose":"Running","_animationQueue":[["walk",0.1]],"_animationSpeed":1.089,"_zoom":14.48},{"_mousePosition":[837,386],"_rootPartCFrame":[773.97,222.699,47.141,0.001,0,1,0,1,0,-1,0,0.001],"_humanoidState":8,"_cameraCFrame":[781.502,236.566,47.137,-0.001,-0.854,0.52,0,0.52,0.854,-1,0.001,0],"_shiftlockState":false,"_pose":"Running","_animationQueue":[],"_animationSpeed":1.089,"_zoom":14.48},{"_mousePosition":[837,386],"_rootPartCFrame":[773.703,222.7,47.141,0.001,0,1,0,1,0,-1,0,0.001],"_humanoidState":8,"_cameraCFrame":[781.165,236.608,47.106,-0.005,-0.857,0.515,0,0.515,0.857,-1,0.004,-0.002],"_shiftlockState":false,"_pose":"Running","_animationQueue":[],"_animationSpeed":1.089,"_zoom":14.48},{"_mousePosition":[837,386],"_rootPartCFrame":[773.436,222.7,47.141,0.001,0,1,0,1,0,-1,0,0.001],"_humanoidState":8,"_cameraCFrame":[780.758,236.692,47.06,-0.011,-0.863,0.506,0,0.506,0.863,-1,0.01,-0.006],"_shiftlockState":false,"_pose":"Running","_animationQueue":[],"_animationSpeed":1.089,"_zoom":14.48},{"_mousePosition":[837,386],"_rootPartCFrame":[773.169,222.7,47.143,0,0,1,0,1,0,-1,0,0],"_humanoidState":8,"_cameraCFrame":[780.328,236.785,47.003,-0.019,-0.869,0.494,0,0.494,0.869,-1,0.017,-0.01],"_shiftlockState":false,"_pose":"Running","_animationQueue":[],"_animationSpeed":1.089,"_zoom":14.48},{"_mousePosition":[837,386],"_rootPartCFrame":[772.903,222.7,47.145,-0.001,0,1,0,1,0,-1,0,-0.001],"_humanoidState":8,"_cameraCFrame":[779.867,236.894,46.952,-0.028,-0.876,0.481,0,0.481,0.877,-1,0.024,-0.013],"_shiftlockState":false,"_pose":"Running","_animationQueue":[],"_animationSpeed":1.089,"_zoom":14.48},{"_mousePosition":[837,386],"_rootPartCFrame":[772.636,222.7,47.15,-0.003,0,1,0,1,0,-1,0,-0.003],"_humanoidState":8,"_cameraCFrame":[779.402,236.999,46.891,-0.038,-0.883,0.467,0,0.468,0.884,-0.999,0.034,-0.018],"_shiftlockState":false,"_pose":"Running","_animationQueue":[["walk",0.1]],"_animationSpeed":1.089,"_zoom":14.48},{"_mousePosition":[837,386],"_rootPartCFrame":[772.37,222.7,47.158,-0.007,0,1,0,1,0,-1,0,-0.007],"_humanoidState":8,"_cameraCFrame":[778.894,237.122,46.826,-0.051,-0.891,0.451,0,0.451,0.892,-0.999,0.045,-0.023],"_shiftlockState":false,"_pose":"Running","_animationQueue":[],"_animationSpeed":1.089,"_zoom":14.48},{"_mousePosition":[837,386],"_rootPartCFrame":[772.103,222.7,47.168,-0.011,0,1,0,1,0,-1,0,-0.011],"_humanoidState":8,"_cameraCFrame":[778.384,237.241,46.795,-0.059,-0.899,0.434,0,0.435,0.901,-0.998,0.053,-0.026],"_shiftlockState":false,"_pose":"Running","_animationQueue":[],"_animationSpeed":1.089,"_zoom":14.48},{"_mousePosition":[837,386],"_rootPartCFrame":[771.837,222.7,47.181,-0.016,0,1,0,1,0,-1,0,-0.016],"_humanoidState":8,"_cameraCFrame":[777.873,237.356,46.785,-0.065,-0.907,0.417,0,0.418,0.909,-0.998,0.059,-0.027],"_shiftlockState":false,"_pose":"Running","_animationQueue":[],"_animationSpeed":1.089,"_zoom":14.48},{"_mousePosition":[837,386],"_rootPartCFrame":[771.571,222.7,47.197,-0.022,0,1,0,1,0,-1,0,-0.022],"_humanoidState":8,"_cameraCFrame":[777.348,237.47,46.775,-0.073,-0.914,0.399,0,0.4,0.916,-0.997,0.067,-0.029],"_shiftlockState":false,"_pose":"Running","_animationQueue":[],"_animationSpeed":1.089,"_zoom":14.48},{"_mousePosition":[837,386],"_rootPartCFrame":[771.305,222.7,47.214,-0.028,0,1,0,1,0,-1,0,-0.028],"_humanoidState":8,"_cameraCFrame":[776.823,237.58,46.776,-0.079,-0.921,0.381,0,0.382,0.924,-0.997,0.073,-0.03],"_shiftlockState":false,"_pose":"Running","_animationQueue":[],"_animationSpeed":1.089,"_zoom":14.48},{"_mousePosition":[837,386],"_rootPartCFrame":[771.039,222.7,47.233,-0.034,0,0.999,0,1,0,-0.999,0,-0.034],"_humanoidState":8,"_cameraCFrame":[776.352,237.663,46.823,-0.077,-0.927,0.367,0,0.368,0.93,-0.997,0.072,-0.028],"_shiftlockState":false,"_pose":"Running","_animationQueue":[["walk",0.1]],"_animationSpeed":1.089,"_zoom":14.48},{"_mousePosition":[837,386],"_rootPartCFrame":[770.773,222.7,47.254,-0.04,0,0.999,0,1,0,-0.999,0,-0.04],"_humanoidState":8,"_cameraCFrame":[775.983,237.706,46.929,-0.062,-0.931,0.36,0,0.361,0.933,-0.998,0.058,-0.022],"_shiftlockState":false,"_pose":"Running","_animationQueue":[],"_animationSpeed":1.089,"_zoom":14.48},{"_mousePosition":[837,386],"_rootPartCFrame":[770.507,222.7,47.275,-0.045,0,0.999,0,1,0,-0.999,0,-0.045],"_humanoidState":8,"_cameraCFrame":[775.698,237.714,46.983,-0.056,-0.932,0.358,0,0.359,0.933,-0.998,0.052,-0.02],"_shiftlockState":false,"_pose":"Running","_animationQueue":[],"_animationSpeed":1.089,"_zoom":14.48},{"_mousePosition":[837,386],"_rootPartCFrame":[770.241,222.666,47.295,-0.05,0,0.999,0,1,0,-0.999,0,-0.05],"_humanoidState":8,"_cameraCFrame":[775.432,237.68,47.004,-0.056,-0.932,0.358,0,0.359,0.933,-0.998,0.052,-0.02],"_shiftlockState":false,"_pose":"Running","_animationQueue":[],"_animationSpeed":1.089,"_zoom":14.48},{"_mousePosition":[837,386],"_rootPartCFrame":[769.975,222.577,47.316,-0.055,0,0.999,0,1,0,-0.999,0,-0.055],"_humanoidState":8,"_cameraCFrame":[775.166,237.591,47.024,-0.056,-0.932,0.358,0,0.359,0.933,-0.998,0.052,-0.02],"_shiftlockState":false,"_pose":"Running","_animationQueue":[],"_animationSpeed":1.089,"_zoom":14.48},{"_mousePosition":[837,386],"_rootPartCFrame":[769.709,223.44,47.336,-0.06,0,0.998,0,1,0,-0.998,0,-0.06],"_humanoidState":3,"_cameraCFrame":[774.9,238.454,47.045,-0.056,-0.932,0.358,0,0.359,0.933,-0.998,0.052,-0.02],"_shiftlockState":false,"_pose":"Jumping","_animationQueue":[["walk",0.1],["jump",0.1]],"_animationSpeed":1,"_zoom":14.48},{"_mousePosition":[837,386],"_rootPartCFrame":[769.443,224.248,47.352,-0.061,0,0.998,0,1,0,-0.998,0,-0.061],"_humanoidState":5,"_cameraCFrame":[774.634,239.263,47.06,-0.056,-0.932,0.358,0,0.359,0.933,-0.998,0.052,-0.02],"_shiftlockState":false,"_pose":"FreeFall","_animationQueue":[["jump",0.1]],"_animationSpeed":1,"_zoom":14.48},{"_mousePosition":[837,386],"_rootPartCFrame":[769.177,225.002,47.367,-0.06,0,0.998,0,1,0,-0.998,0,-0.06],"_humanoidState":5,"_cameraCFrame":[774.368,240.017,47.075,-0.056,-0.932,0.358,0,0.359,0.933,-0.998,0.052,-0.02],"_shiftlockState":false,"_pose":"FreeFall","_animationQueue":[],"_animationSpeed":1,"_zoom":14.48},{"_mousePosition":[837,386],"_rootPartCFrame":[768.91,225.702,47.382,-0.06,0,0.998,0,1,0,-0.998,0,-0.06],"_humanoidState":5,"_cameraCFrame":[774.101,240.716,47.09,-0.056,-0.932,0.358,0,0.359,0.933,-0.998,0.052,-0.02],"_shiftlockState":false,"_pose":"FreeFall","_animationQueue":[],"_animationSpeed":1,"_zoom":14.48},{"_mousePosition":[837,386],"_rootPartCFrame":[768.644,226.347,47.397,-0.059,0,0.998,0,1,0,-0.998,0,-0.059],"_humanoidState":5,"_cameraCFrame":[773.737,241.361,45.358,-0.056,-0.932,0.358,0,0.359,0.933,-0.998,0.052,-0.02],"_shiftlockState":true,"_pose":"FreeFall","_animationQueue":[],"_animationSpeed":1,"_zoom":14.48},{"_mousePosition":[683,384],"_rootPartCFrame":[768.378,226.937,47.412,-0.056,0,0.998,0,1,0,-0.998,0,-0.056],"_humanoidState":5,"_cameraCFrame":[773.47,241.951,45.373,-0.056,-0.932,0.358,0,0.359,0.933,-0.998,0.052,-0.02],"_shiftlockState":true,"_pose":"FreeFall","_animationQueue":[],"_animationSpeed":1,"_zoom":14.48},{"_mousePosition":[683,384],"_rootPartCFrame":[768.111,227.473,47.427,-0.056,0,0.998,0,1,0,-0.998,0,-0.056],"_humanoidState":5,"_cameraCFrame":[773.204,242.487,45.388,-0.056,-0.932,0.358,0,0.359,0.933,-0.998,0.052,-0.02],"_shiftlockState":true,"_pose":"FreeFall","_animationQueue":[],"_animationSpeed":1,"_zoom":14.48},{"_mousePosition":[683,384],"_rootPartCFrame":[767.845,227.954,47.442,-0.056,0,0.998,0,1,0,-0.998,0,-0.056],"_humanoidState":5,"_cameraCFrame":[772.938,242.969,45.403,-0.056,-0.932,0.358,0,0.359,0.933,-0.998,0.052,-0.02],"_shiftlockState":true,"_pose":"FreeFall","_animationQueue":[],"_animationSpeed":1,"_zoom":14.48},{"_mousePosition":[683,384],"_rootPartCFrame":[767.578,228.381,47.457,-0.056,0,0.998,0,1,0,-0.998,0,-0.056],"_humanoidState":5,"_cameraCFrame":[772.671,243.395,45.418,-0.056,-0.932,0.358,0,0.359,0.933,-0.998,0.052,-0.02],"_shiftlockState":true,"_pose":"FreeFall","_animationQueue":[],"_animationSpeed":1,"_zoom":14.48},{"_mousePosition":[683,384],"_rootPartCFrame":[767.312,228.753,47.472,-0.056,0,0.998,0,1,0,-0.998,0,-0.056],"_humanoidState":5,"_cameraCFrame":[772.405,243.768,45.433,-0.056,-0.932,0.358,0,0.359,0.933,-0.998,0.052,-0.02],"_shiftlockState":true,"_pose":"FreeFall","_animationQueue":[],"_animationSpeed":1,"_zoom":14.48},{"_mousePosition":[683,384],"_rootPartCFrame":[767.046,229.071,47.487,-0.056,0,0.998,0,1,0,-0.998,0,-0.056],"_humanoidState":5,"_cameraCFrame":[772.139,244.086,45.448,-0.056,-0.932,0.358,0,0.359,0.933,-0.998,0.052,-0.02],"_shiftlockState":true,"_pose":"FreeFall","_animationQueue":[],"_animationSpeed":1,"_zoom":14.48},{"_mousePosition":[683,384],"_rootPartCFrame":[766.779,229.335,47.501,-0.056,0,0.998,0,1,0,-0.998,0,-0.056],"_humanoidState":5,"_cameraCFrame":[771.872,244.349,45.463,-0.056,-0.932,0.358,0,0.359,0.933,-0.998,0.052,-0.02],"_shiftlockState":true,"_pose":"FreeFall","_animationQueue":[],"_animationSpeed":1,"_zoom":14.48},{"_mousePosition":[683,384],"_rootPartCFrame":[766.513,229.544,47.516,-0.056,0,0.998,0,1,0,-0.998,0,-0.056],"_humanoidState":5,"_cameraCFrame":[771.606,244.558,45.478,-0.056,-0.932,0.358,0,0.359,0.933,-0.998,0.052,-0.02],"_shiftlockState":true,"_pose":"FreeFall","_animationQueue":[],"_animationSpeed":1,"_zoom":14.48},{"_mousePosition":[683,384],"_rootPartCFrame":[766.247,229.698,47.531,-0.056,0,0.998,0,1,0,-0.998,0,-0.056],"_humanoidState":5,"_cameraCFrame":[771.34,244.712,45.493,-0.056,-0.932,0.358,0,0.359,0.933,-0.998,0.052,-0.02],"_shiftlockState":true,"_pose":"FreeFall","_animationQueue":[],"_animationSpeed":1,"_zoom":14.48},{"_mousePosition":[683,384],"_rootPartCFrame":[765.98,229.798,47.546,-0.056,0,0.998,0,1,0,-0.998,0,-0.056],"_humanoidState":5,"_cameraCFrame":[771.073,244.812,45.508,-0.056,-0.932,0.358,0,0.359,0.933,-0.998,0.052,-0.02],"_shiftlockState":true,"_pose":"FreeFall","_animationQueue":[],"_animationSpeed":1,"_zoom":14.48},{"_mousePosition":[683,384],"_rootPartCFrame":[765.714,229.843,47.561,-0.056,0,0.998,0,1,0,-0.998,0,-0.056],"_humanoidState":5,"_cameraCFrame":[770.807,244.858,45.523,-0.056,-0.932,0.358,0,0.359,0.933,-0.998,0.052,-0.02],"_shiftlockState":true,"_pose":"FreeFall","_animationQueue":[],"_animationSpeed":1,"_zoom":14.48},{"_mousePosition":[683,384],"_rootPartCFrame":[765.448,229.834,47.576,-0.056,0,0.998,0,1,0,-0.998,0,-0.056],"_humanoidState":5,"_cameraCFrame":[770.541,244.849,45.538,-0.056,-0.932,0.358,0,0.359,0.933,-0.998,0.052,-0.02],"_shiftlockState":true,"_pose":"FreeFall","_animationQueue":[["fall",0.3]],"_animationSpeed":1,"_zoom":14.48},{"_mousePosition":[683,384],"_rootPartCFrame":[765.19,229.771,47.568,0.016,0,1,0,1,0,-1,0,0.016],"_humanoidState":5,"_cameraCFrame":[769.941,244.851,45.174,-0.131,-0.93,0.344,0,0.347,0.938,-0.991,0.123,-0.045],"_shiftlockState":true,"_pose":"FreeFall","_animationQueue":[],"_animationSpeed":1,"_zoom":14.48},{"_mousePosition":[683,384],"_rootPartCFrame":[764.945,229.653,47.522,-0.024,0,1,0,1,0,-1,0,-0.024],"_humanoidState":5,"_cameraCFrame":[769.056,244.854,44.677,-0.245,-0.917,0.314,0,0.323,0.946,-0.969,0.232,-0.079],"_shiftlockState":true,"_pose":"FreeFall","_animationQueue":[],"_animationSpeed":1,"_zoom":14.48},{"_mousePosition":[683,384],"_rootPartCFrame":[764.711,229.48,47.438,-0.13,0,0.992,0,1,0,-0.992,0,-0.13],"_humanoidState":5,"_cameraCFrame":[767.973,244.853,44.332,-0.354,-0.896,0.268,0,0.287,0.958,-0.935,0.339,-0.101],"_shiftlockState":true,"_pose":"FreeFall","_animationQueue":[],"_animationSpeed":1,"_zoom":14.48},{"_mousePosition":[683,384],"_rootPartCFrame":[764.425,229.188,47.282,-0.211,0,0.978,0,1,0,-0.978,0,-0.211],"_humanoidState":5,"_cameraCFrame":[766.824,244.728,44.143,-0.443,-0.869,0.219,0,0.245,0.97,-0.896,0.43,-0.108],"_shiftlockState":true,"_pose":"FreeFall","_animationQueue":[],"_animationSpeed":1,"_zoom":14.48},{"_mousePosition":[683,384],"_rootPartCFrame":[764.246,228.971,47.193,-0.362,0,0.932,0,1,0,-0.932,0,-0.362],"_humanoidState":5,"_cameraCFrame":[765.651,244.678,44.203,-0.542,-0.824,0.163,0,0.193,0.981,-0.84,0.532,-0.105],"_shiftlockState":true,"_pose":"FreeFall","_animationQueue":[],"_animationSpeed":1,"_zoom":14.48},{"_mousePosition":[683,384],"_rootPartCFrame":[763.997,228.635,47.099,-0.439,0,0.899,0,1,0,-0.899,0,-0.439],"_humanoidState":5,"_cameraCFrame":[764.86,244.395,44.16,-0.627,-0.768,0.135,0,0.174,0.985,-0.779,0.617,-0.109],"_shiftlockState":true,"_pose":"FreeFall","_animationQueue":[["fall",0.3]],"_animationSpeed":1,"_zoom":14.48},{"_mousePosition":[683,384],"_rootPartCFrame":[763.76,228.245,46.993,-0.521,0,0.854,0,1,0,-0.854,0,-0.521],"_humanoidState":5,"_cameraCFrame":[764.368,244.005,43.991,-0.691,-0.712,0.126,0,0.174,0.985,-0.723,0.681,-0.12],"_shiftlockState":true,"_pose":"FreeFall","_animationQueue":[],"_animationSpeed":1,"_zoom":14.48},{"_mousePosition":[683,384],"_rootPartCFrame":[763.547,227.799,46.855,-0.589,0,0.808,0,1,0,-0.808,0,-0.589],"_humanoidState":5,"_cameraCFrame":[763.924,243.559,43.814,-0.744,-0.658,0.116,0,0.174,0.985,-0.668,0.733,-0.129],"_shiftlockState":true,"_pose":"FreeFall","_animationQueue":[],"_animationSpeed":1,"_zoom":14.48},{"_mousePosition":[683,384],"_rootPartCFrame":[763.352,227.3,46.681,-0.649,0,0.761,0,1,0,-0.761,0,-0.649],"_humanoidState":5,"_cameraCFrame":[763.541,243.06,43.624,-0.784,-0.611,0.108,0,0.174,0.985,-0.621,0.772,-0.136],"_shiftlockState":true,"_pose":"FreeFall","_animationQueue":[],"_animationSpeed":1,"_zoom":14.48},{"_mousePosition":[683,384],"_rootPartCFrame":[763.155,226.746,46.502,-0.695,0,0.719,0,1,0,-0.719,0,-0.695],"_humanoidState":5,"_cameraCFrame":[763.193,242.506,43.439,-0.814,-0.573,0.101,0,0.174,0.985,-0.581,0.801,-0.141],"_shiftlockState":true,"_pose":"FreeFall","_animationQueue":[],"_animationSpeed":1,"_zoom":14.48},{"_mousePosition":[683,384],"_rootPartCFrame":[762.948,226.137,46.335,-0.729,0,0.684,0,1,0,-0.684,0,-0.729],"_humanoidState":5,"_cameraCFrame":[762.816,241.897,43.274,-0.845,-0.527,0.093,0,0.174,0.985,-0.535,0.832,-0.147],"_shiftlockState":true,"_pose":"FreeFall","_animationQueue":[],"_animationSpeed":1,"_zoom":14.48},{"_mousePosition":[683,384],"_rootPartCFrame":[762.732,225.474,46.178,-0.766,0,0.643,0,1,0,-0.643,0,-0.766],"_humanoidState":5,"_cameraCFrame":[762.496,241.228,43.095,-0.865,-0.493,0.088,0,0.176,0.984,-0.501,0.852,-0.152],"_shiftlockState":true,"_pose":"FreeFall","_animationQueue":[],"_animationSpeed":1,"_zoom":14.48},{"_mousePosition":[683,384],"_rootPartCFrame":[762.508,224.756,46.033,-0.791,0,0.612,0,1,0,-0.612,0,-0.791],"_humanoidState":5,"_cameraCFrame":[762.239,240.502,42.915,-0.874,-0.478,0.087,0,0.179,0.984,-0.486,0.86,-0.157],"_shiftlockState":true,"_pose":"FreeFall","_animationQueue":[["fall",0.3]],"_animationSpeed":1,"_zoom":14.48},{"_mousePosition":[683,384],"_rootPartCFrame":[762.278,223.984,45.898,-0.802,0,0.598,0,1,0,-0.598,0,-0.802],"_humanoidState":5,"_cameraCFrame":[762.036,239.711,42.691,-0.878,-0.471,0.089,0,0.186,0.982,-0.479,0.862,-0.164],"_shiftlockState":true,"_pose":"FreeFall","_animationQueue":[],"_animationSpeed":1,"_zoom":14.48},{"_mousePosition":[683,384],"_rootPartCFrame":[762.051,223.868,45.771,-0.86,0,0.51,0,1,0,-0.51,0,-0.86],"_humanoidState":7,"_cameraCFrame":[761.809,239.594,42.564,-0.878,-0.471,0.089,0,0.186,0.982,-0.479,0.862,-0.164],"_shiftlockState":true,"_pose":"FreeFall","_animationQueue":[["walk",0.1],["fall",0.3],["fall",0.3]],"_animationSpeed":1,"_zoom":14.48},{"_mousePosition":[683,384],"_rootPartCFrame":[761.823,223.865,45.646,-0.877,0,0.481,0,1,0,-0.481,0,-0.877],"_humanoidState":7,"_cameraCFrame":[761.581,239.592,42.439,-0.878,-0.471,0.089,0,0.186,0.982,-0.479,0.862,-0.164],"_shiftlockState":true,"_pose":"FreeFall","_animationQueue":[],"_animationSpeed":1,"_zoom":14.48},{"_mousePosition":[683,384],"_rootPartCFrame":[761.595,223.761,45.522,-0.877,0,0.48,0,1,0,-0.48,0,-0.877],"_humanoidState":8,"_cameraCFrame":[761.353,239.488,42.315,-0.878,-0.471,0.089,0,0.186,0.982,-0.479,0.862,-0.164],"_shiftlockState":true,"_pose":"Running","_animationQueue":[["walk",0.1],["fall",0.3],["walk",0.1]],"_animationSpeed":1.074,"_zoom":14.48},{"_mousePosition":[683,384],"_rootPartCFrame":[761.368,223.592,45.397,-0.878,0,0.479,0,1,0,-0.479,0,-0.878],"_humanoidState":8,"_cameraCFrame":[761.125,239.319,42.191,-0.878,-0.471,0.089,0,0.186,0.982,-0.479,0.862,-0.164],"_shiftlockState":true,"_pose":"Running","_animationQueue":[],"_animationSpeed":1.074,"_zoom":14.48},{"_mousePosition":[683,384],"_rootPartCFrame":[761.14,223.369,45.273,-0.878,0,0.479,0,1,0,-0.479,0,-0.878],"_humanoidState":8,"_cameraCFrame":[760.898,239.095,42.066,-0.878,-0.471,0.089,0,0.186,0.982,-0.479,0.862,-0.164],"_shiftlockState":true,"_pose":"Running","_animationQueue":[],"_animationSpeed":1.074,"_zoom":14.48},{"_mousePosition":[683,384],"_rootPartCFrame":[760.912,223.09,45.149,-0.878,0,0.479,0,1,0,-0.479,0,-0.878],"_humanoidState":8,"_cameraCFrame":[760.67,238.817,41.942,-0.878,-0.471,0.089,0,0.186,0.982,-0.479,0.862,-0.164],"_shiftlockState":true,"_pose":"Running","_animationQueue":[["walk",0.1]],"_animationSpeed":1.074,"_zoom":14.48},{"_mousePosition":[683,384],"_rootPartCFrame":[760.82,223.1,45.098,-0.878,0,0.479,0,1,0,-0.479,0,-0.878],"_humanoidState":8,"_cameraCFrame":[760.578,238.827,41.891,-0.878,-0.471,0.089,0,0.186,0.982,-0.479,0.862,-0.164],"_shiftlockState":true,"_pose":"Running","_animationQueue":[],"_animationSpeed":1.074,"_zoom":14.48},{"_mousePosition":[683,384],"_rootPartCFrame":[760.816,223.161,45.096,-0.878,0,0.479,0,1,0,-0.479,0,-0.878],"_humanoidState":8,"_cameraCFrame":[760.574,238.887,41.889,-0.878,-0.471,0.089,0,0.186,0.982,-0.479,0.862,-0.164],"_shiftlockState":true,"_pose":"Running","_animationQueue":[["walk",0.1]],"_animationSpeed":0.222,"_zoom":14.48},{"_mousePosition":[683,384],"_rootPartCFrame":[760.816,223.202,45.096,-0.878,0,0.479,0,1,0,-0.479,0,-0.878],"_humanoidState":8,"_cameraCFrame":[760.574,238.929,41.889,-0.878,-0.471,0.089,0,0.186,0.982,-0.479,0.862,-0.164],"_shiftlockState":true,"_pose":"Standing","_animationQueue":[["idle",0.1]],"_animationSpeed":1,"_zoom":14.48},{"_mousePosition":[683,384],"_rootPartCFrame":[760.816,223.226,45.096,-0.878,0,0.479,0,1,0,-0.479,0,-0.878],"_humanoidState":8,"_cameraCFrame":[760.574,238.952,41.889,-0.878,-0.471,0.089,0,0.186,0.982,-0.479,0.862,-0.164],"_shiftlockState":true,"_pose":"Standing","_animationQueue":[],"_animationSpeed":1,"_zoom":14.48},{"_mousePosition":[683,384],"_rootPartCFrame":[760.816,223.243,45.096,-0.878,0,0.479,0,1,0,-0.479,0,-0.878],"_humanoidState":8,"_cameraCFrame":[760.574,238.969,41.889,-0.878,-0.471,0.089,0,0.186,0.982,-0.479,0.862,-0.164],"_shiftlockState":true,"_pose":"Standing","_animationQueue":[],"_animationSpeed":1,"_zoom":14.48},{"_mousePosition":[683,384],"_rootPartCFrame":[760.816,223.246,45.096,-0.878,0,0.479,0,1,0,-0.479,0,-0.878],"_humanoidState":8,"_cameraCFrame":[760.574,238.972,41.889,-0.878,-0.471,0.089,0,0.186,0.982,-0.479,0.862,-0.164],"_shiftlockState":true,"_pose":"Standing","_animationQueue":[],"_animationSpeed":1,"_zoom":14.48},{"_mousePosition":[683,384],"_rootPartCFrame":[760.816,223.25,45.096,-0.878,0,0.479,0,1,0,-0.479,0,-0.878],"_humanoidState":8,"_cameraCFrame":[760.574,238.976,41.889,-0.878,-0.471,0.089,0,0.186,0.982,-0.479,0.862,-0.164],"_shiftlockState":true,"_pose":"Standing","_animationQueue":[],"_animationSpeed":1,"_zoom":14.48},{"_mousePosition":[683,384],"_rootPartCFrame":[760.816,223.251,45.096,-0.878,0,0.479,0,1,0,-0.479,0,-0.878],"_humanoidState":8,"_cameraCFrame":[760.574,238.978,41.889,-0.878,-0.471,0.089,0,0.186,0.982,-0.479,0.862,-0.164],"_shiftlockState":true,"_pose":"Standing","_animationQueue":[],"_animationSpeed":1,"_zoom":14.48},{"_mousePosition":[683,384],"_rootPartCFrame":[760.816,223.253,45.096,-0.878,0,0.479,0,1,0,-0.479,0,-0.878],"_humanoidState":8,"_cameraCFrame":[760.576,238.977,41.879,-0.878,-0.47,0.09,0,0.187,0.982,-0.478,0.863,-0.164],"_shiftlockState":true,"_pose":"Standing","_animationQueue":[],"_animationSpeed":1,"_zoom":14.48},{"_mousePosition":[683,384],"_rootPartCFrame":[760.816,223.253,45.096,-0.878,0,0.478,0,1,0,-0.478,0,-0.878],"_humanoidState":8,"_cameraCFrame":[760.584,238.969,41.84,-0.88,-0.466,0.09,0,0.19,0.982,-0.475,0.864,-0.167],"_shiftlockState":true,"_pose":"Standing","_animationQueue":[],"_animationSpeed":1,"_zoom":14.48},{"_mousePosition":[683,384],"_rootPartCFrame":[760.816,223.253,45.096,-0.88,0,0.475,0,1,0,-0.475,0,-0.88],"_humanoidState":8,"_cameraCFrame":[760.586,238.967,41.83,-0.881,-0.465,0.091,0,0.191,0.982,-0.474,0.864,-0.168],"_shiftlockState":true,"_pose":"Standing","_animationQueue":[],"_animationSpeed":1,"_zoom":14.48},{"_mousePosition":[683,384],"_rootPartCFrame":[760.816,223.253,45.096,-0.881,0,0.474,0,1,0,-0.474,0,-0.881],"_humanoidState":8,"_cameraCFrame":[760.583,238.967,41.83,-0.881,-0.464,0.09,0,0.191,0.982,-0.473,0.865,-0.168],"_shiftlockState":true,"_pose":"Standing","_animationQueue":[],"_animationSpeed":1,"_zoom":14.48},{"_mousePosition":[683,384],"_rootPartCFrame":[760.816,223.253,45.096,-0.881,0,0.473,0,1,0,-0.473,0,-0.881],"_humanoidState":8,"_cameraCFrame":[760.568,238.971,41.851,-0.882,-0.463,0.089,0,0.19,0.982,-0.472,0.866,-0.167],"_shiftlockState":true,"_pose":"Standing","_animationQueue":[],"_animationSpeed":1,"_zoom":14.48},{"_mousePosition":[683,384],"_rootPartCFrame":[760.816,223.238,45.096,-0.882,0,0.472,0,1,0,-0.472,0,-0.882],"_humanoidState":8,"_cameraCFrame":[760.55,238.958,41.862,-0.884,-0.46,0.088,0,0.189,0.982,-0.468,0.868,-0.167],"_shiftlockState":true,"_pose":"Standing","_animationQueue":[],"_animationSpeed":1,"_zoom":14.48},{"_mousePosition":[683,384],"_rootPartCFrame":[760.816,223.243,45.096,-0.884,0,0.468,0,1,0,-0.468,0,-0.884],"_humanoidState":8,"_cameraCFrame":[760.538,238.96,41.853,-0.886,-0.455,0.088,0,0.19,0.982,-0.464,0.87,-0.168],"_shiftlockState":true,"_pose":"Standing","_animationQueue":[],"_animationSpeed":1,"_zoom":14.48},{"_mousePosition":[683,384],"_rootPartCFrame":[760.816,223.247,45.096,-0.886,0,0.464,0,1,0,-0.464,0,-0.886],"_humanoidState":8,"_cameraCFrame":[760.55,238.958,41.823,-0.886,-0.454,0.089,0,0.192,0.981,-0.463,0.87,-0.17],"_shiftlockState":true,"_pose":"Standing","_animationQueue":[],"_animationSpeed":1,"_zoom":14.48},{"_mousePosition":[683,384],"_rootPartCFrame":[760.816,223.25,45.096,-0.886,0,0.463,0,1,0,-0.463,0,-0.886],"_humanoidState":8,"_cameraCFrame":[760.563,238.954,41.793,-0.887,-0.453,0.09,0,0.194,0.981,-0.462,0.87,-0.172],"_shiftlockState":true,"_pose":"Standing","_animationQueue":[],"_animationSpeed":1,"_zoom":14.48},{"_mousePosition":[683,384],"_rootPartCFrame":[760.816,223.251,45.096,-0.887,0,0.462,0,1,0,-0.462,0,-0.887],"_humanoidState":8,"_cameraCFrame":[760.589,238.944,41.742,-0.887,-0.453,0.092,0,0.198,0.98,-0.462,0.869,-0.176],"_shiftlockState":true,"_pose":"Standing","_animationQueue":[],"_animationSpeed":1,"_zoom":14.48},{"_mousePosition":[683,384],"_rootPartCFrame":[760.816,223.252,45.096,-0.887,0,0.462,0,1,0,-0.462,0,-0.887],"_humanoidState":8,"_cameraCFrame":[760.598,238.943,41.732,-0.886,-0.454,0.092,0,0.199,0.98,-0.463,0.869,-0.176],"_shiftlockState":true,"_pose":"Standing","_animationQueue":[],"_animationSpeed":1,"_zoom":14.48},{"_mousePosition":[683,384],"_rootPartCFrame":[760.816,223.252,45.096,-0.886,0,0.463,0,1,0,-0.463,0,-0.886],"_humanoidState":8,"_cameraCFrame":[760.616,238.943,41.731,-0.884,-0.458,0.093,0,0.199,0.98,-0.467,0.866,-0.176],"_shiftlockState":true,"_pose":"Standing","_animationQueue":[],"_animationSpeed":1,"_zoom":14.48},{"_mousePosition":[683,384],"_rootPartCFrame":[760.816,223.253,45.096,-0.884,0,0.467,0,1,0,-0.467,0,-0.884],"_humanoidState":8,"_cameraCFrame":[760.626,238.943,41.73,-0.883,-0.461,0.094,0,0.199,0.98,-0.47,0.865,-0.176],"_shiftlockState":true,"_pose":"Standing","_animationQueue":[],"_animationSpeed":1,"_zoom":14.48},{"_mousePosition":[683,384],"_rootPartCFrame":[760.816,223.253,45.096,-0.883,0,0.47,0,1,0,-0.47,0,-0.883],"_humanoidState":8,"_cameraCFrame":[760.63,238.943,41.73,-0.882,-0.462,0.094,0,0.199,0.98,-0.471,0.864,-0.176],"_shiftlockState":true,"_pose":"Standing","_animationQueue":[],"_animationSpeed":1,"_zoom":14.48},{"_mousePosition":[683,384],"_rootPartCFrame":[760.816,223.253,45.096,-0.882,0,0.471,0,1,0,-0.471,0,-0.882],"_humanoidState":8,"_cameraCFrame":[760.633,238.944,41.73,-0.882,-0.463,0.094,0,0.199,0.98,-0.472,0.864,-0.175],"_shiftlockState":true,"_pose":"Standing","_animationQueue":[],"_animationSpeed":1,"_zoom":14.48},{"_mousePosition":[683,384],"_rootPartCFrame":[760.816,223.253,45.096,-0.882,0,0.472,0,1,0,-0.472,0,-0.882],"_humanoidState":8,"_cameraCFrame":[760.646,238.941,41.719,-0.881,-0.464,0.095,0,0.2,0.98,-0.474,0.863,-0.176],"_shiftlockState":true,"_pose":"Standing","_animationQueue":[],"_animationSpeed":1,"_zoom":14.48},{"_mousePosition":[683,384],"_rootPartCFrame":[760.816,223.253,45.096,-0.881,0,0.474,0,1,0,-0.474,0,-0.881],"_humanoidState":8,"_cameraCFrame":[760.653,238.941,41.719,-0.88,-0.466,0.095,0,0.2,0.98,-0.476,0.862,-0.176],"_shiftlockState":true,"_pose":"Standing","_animationQueue":[],"_animationSpeed":1,"_zoom":14.48},{"_mousePosition":[683,384],"_rootPartCFrame":[760.816,223.253,45.096,-0.88,0,0.476,0,1,0,-0.476,0,-0.88],"_humanoidState":8,"_cameraCFrame":[760.66,238.942,41.719,-0.879,-0.468,0.095,0,0.2,0.98,-0.478,0.861,-0.176],"_shiftlockState":true,"_pose":"Standing","_animationQueue":[],"_animationSpeed":1,"_zoom":14.48},{"_mousePosition":[683,384],"_rootPartCFrame":[760.816,223.254,45.096,-0.879,0,0.478,0,1,0,-0.478,0,-0.879],"_humanoidState":8,"_cameraCFrame":[760.66,238.942,41.719,-0.879,-0.468,0.095,0,0.2,0.98,-0.478,0.861,-0.176],"_shiftlockState":true,"_pose":"Standing","_animationQueue":[],"_animationSpeed":1,"_zoom":14.48},{"_mousePosition":[683,384],"_rootPartCFrame":[760.816,223.254,45.096,-0.879,0,0.478,0,1,0,-0.478,0,-0.879],"_humanoidState":8,"_cameraCFrame":[760.667,238.942,41.718,-0.878,-0.47,0.096,0,0.2,0.98,-0.479,0.86,-0.175],"_shiftlockState":true,"_pose":"Standing","_animationQueue":[],"_animationSpeed":1,"_zoom":14.48},{"_mousePosition":[683,384],"_rootPartCFrame":[760.816,223.254,45.096,-0.878,0,0.479,0,1,0,-0.479,0,-0.878],"_humanoidState":8,"_cameraCFrame":[760.683,238.944,41.727,-0.875,-0.475,0.096,0,0.199,0.98,-0.485,0.857,-0.174],"_shiftlockState":true,"_pose":"Standing","_animationQueue":[],"_animationSpeed":1,"_zoom":14.48},{"_mousePosition":[683,384],"_rootPartCFrame":[760.816,223.254,45.096,-0.875,0,0.485,0,1,0,-0.485,0,-0.875],"_humanoidState":8,"_cameraCFrame":[760.693,238.949,41.747,-0.872,-0.481,0.097,0,0.197,0.98,-0.49,0.854,-0.172],"_shiftlockState":true,"_pose":"Standing","_animationQueue":[],"_animationSpeed":1,"_zoom":14.48},{"_mousePosition":[683,384],"_rootPartCFrame":[760.816,223.254,45.096,-0.871,0,0.49,0,1,0,-0.49,0,-0.871],"_humanoidState":8,"_cameraCFrame":[760.706,238.954,41.766,-0.868,-0.487,0.097,0,0.196,0.981,-0.497,0.851,-0.17],"_shiftlockState":true,"_pose":"Standing","_animationQueue":[],"_animationSpeed":1,"_zoom":14.48},{"_mousePosition":[683,384],"_rootPartCFrame":[760.816,223.254,45.096,-0.868,0,0.497,0,1,0,-0.497,0,-0.868],"_humanoidState":8,"_cameraCFrame":[760.718,238.956,41.775,-0.865,-0.492,0.098,0,0.195,0.981,-0.501,0.849,-0.169],"_shiftlockState":true,"_pose":"Standing","_animationQueue":[],"_animationSpeed":1,"_zoom":14.48},{"_mousePosition":[683,384],"_rootPartCFrame":[760.816,223.255,45.096,-0.865,0,0.501,0,1,0,-0.501,0,-0.865],"_humanoidState":8,"_cameraCFrame":[760.722,238.959,41.785,-0.864,-0.494,0.098,0,0.194,0.981,-0.504,0.847,-0.168],"_shiftlockState":true,"_pose":"Standing","_animationQueue":[],"_animationSpeed":1,"_zoom":14.48},{"_mousePosition":[683,384],"_rootPartCFrame":[760.816,223.255,45.096,-0.864,0,0.504,0,1,0,-0.504,0,-0.864],"_humanoidState":8,"_cameraCFrame":[760.727,238.961,41.794,-0.862,-0.497,0.098,0,0.193,0.981,-0.507,0.846,-0.167],"_shiftlockState":true,"_pose":"Standing","_animationQueue":[],"_animationSpeed":1,"_zoom":14.48},{"_mousePosition":[683,384],"_rootPartCFrame":[760.949,223.241,45.174,-0.862,0,0.507,0,1,0,-0.507,0,-0.862],"_humanoidState":8,"_cameraCFrame":[760.867,238.948,41.872,-0.861,-0.499,0.098,0,0.193,0.981,-0.509,0.845,-0.167],"_shiftlockState":true,"_pose":"Standing","_animationQueue":[],"_animationSpeed":1,"_zoom":14.48},{"_mousePosition":[683,384],"_rootPartCFrame":[761.17,223.178,45.303,-0.861,0,0.509,0,1,0,-0.509,0,-0.861],"_humanoidState":8,"_cameraCFrame":[761.096,238.887,42.011,-0.859,-0.503,0.099,0,0.193,0.981,-0.512,0.843,-0.165],"_shiftlockState":true,"_pose":"Running","_animationQueue":[["walk",0.1]],"_animationSpeed":0.852,"_zoom":14.48},{"_mousePosition":[683,384],"_rootPartCFrame":[761.393,223.099,45.435,-0.859,0,0.512,0,1,0,-0.512,0,-0.859],"_humanoidState":8,"_cameraCFrame":[761.343,238.808,42.143,-0.855,-0.509,0.1,0,0.193,0.981,-0.518,0.839,-0.165],"_shiftlockState":true,"_pose":"Running","_animationQueue":[["walk",0.1]],"_animationSpeed":1.071,"_zoom":14.48},{"_mousePosition":[683,384],"_rootPartCFrame":[761.617,223.049,45.568,-0.855,0,0.518,0,1,0,-0.518,0,-0.855],"_humanoidState":8,"_cameraCFrame":[761.598,238.76,42.285,-0.849,-0.518,0.101,0,0.192,0.981,-0.528,0.833,-0.163],"_shiftlockState":true,"_pose":"Running","_animationQueue":[],"_animationSpeed":1.071,"_zoom":14.48},{"_mousePosition":[683,384],"_rootPartCFrame":[761.839,223.026,45.703,-0.849,0,0.528,0,1,0,-0.528,0,-0.849],"_humanoidState":8,"_cameraCFrame":[761.865,238.737,42.42,-0.842,-0.53,0.104,0,0.192,0.981,-0.54,0.826,-0.162],"_shiftlockState":true,"_pose":"Running","_animationQueue":[["walk",0.1]],"_animationSpeed":1.071,"_zoom":14.48},{"_mousePosition":[683,384],"_rootPartCFrame":[762.06,222.949,45.84,-0.842,0,0.54,0,1,0,-0.54,0,-0.842],"_humanoidState":8,"_cameraCFrame":[762.132,238.663,42.567,-0.833,-0.543,0.106,0,0.191,0.982,-0.553,0.818,-0.159],"_shiftlockState":true,"_pose":"Running","_animationQueue":[],"_animationSpeed":1.071,"_zoom":14.48},{"_mousePosition":[683,384],"_rootPartCFrame":[762.279,222.942,45.98,-0.833,0,0.553,0,1,0,-0.553,0,-0.833],"_humanoidState":8,"_cameraCFrame":[762.416,238.657,42.719,-0.821,-0.561,0.109,0,0.19,0.982,-0.571,0.806,-0.156],"_shiftlockState":true,"_pose":"Running","_animationQueue":[],"_animationSpeed":1.071,"_zoom":14.48},{"_mousePosition":[683,384],"_rootPartCFrame":[762.496,222.942,46.124,-0.821,0,0.571,0,1,0,-0.571,0,-0.821],"_humanoidState":8,"_cameraCFrame":[762.739,238.662,42.888,-0.799,-0.59,0.113,0,0.189,0.982,-0.601,0.785,-0.151],"_shiftlockState":true,"_pose":"Running","_animationQueue":[],"_animationSpeed":1.071,"_zoom":14.48},{"_mousePosition":[683,384],"_rootPartCFrame":[762.71,222.942,46.272,-0.799,0,0.601,0,1,0,-0.601,0,-0.799],"_humanoidState":8,"_cameraCFrame":[763.137,238.666,43.075,-0.761,-0.638,0.121,0,0.187,0.982,-0.649,0.747,-0.142],"_shiftlockState":true,"_pose":"Running","_animationQueue":[],"_animationSpeed":1.071,"_zoom":14.48},{"_mousePosition":[683,384],"_rootPartCFrame":[762.924,223.815,46.421,-0.761,0,0.649,0,1,0,-0.649,0,-0.761],"_humanoidState":3,"_cameraCFrame":[763.566,239.541,43.27,-0.713,-0.688,0.131,0,0.186,0.982,-0.701,0.701,-0.133],"_shiftlockState":true,"_pose":"Jumping","_animationQueue":[["walk",0.1],["jump",0.1]],"_animationSpeed":1,"_zoom":14.48},{"_mousePosition":[683,384],"_rootPartCFrame":[763.13,224.637,46.588,-0.775,0,0.632,0,1,0,-0.632,0,-0.775],"_humanoidState":5,"_cameraCFrame":[764.05,240.366,43.516,-0.646,-0.75,0.142,0,0.186,0.983,-0.763,0.635,-0.12],"_shiftlockState":true,"_pose":"FreeFall","_animationQueue":[["jump",0.1]],"_animationSpeed":1,"_zoom":14.48},{"_mousePosition":[683,384],"_rootPartCFrame":[763.323,225.405,46.772,-0.738,0,0.674,0,1,0,-0.674,0,-0.738],"_humanoidState":5,"_cameraCFrame":[764.503,241.14,43.822,-0.57,-0.808,0.15,0,0.183,0.983,-0.821,0.561,-0.104],"_shiftlockState":true,"_pose":"FreeFall","_animationQueue":[],"_animationSpeed":1,"_zoom":14.48},{"_mousePosition":[683,384],"_rootPartCFrame":[763.499,226.118,46.971,-0.674,0,0.739,0,1,0,-0.739,0,-0.674],"_humanoidState":5,"_cameraCFrame":[764.947,241.857,44.164,-0.486,-0.859,0.159,0,0.182,0.983,-0.874,0.478,-0.088],"_shiftlockState":true,"_pose":"FreeFall","_animationQueue":[],"_animationSpeed":1,"_zoom":14.48},{"_mousePosition":[683,384],"_rootPartCFrame":[763.656,226.776,47.186,-0.598,0,0.802,0,1,0,-0.802,0,-0.598],"_humanoidState":5,"_cameraCFrame":[765.379,242.515,44.539,-0.396,-0.903,0.167,0,0.182,0.983,-0.918,0.389,-0.072],"_shiftlockState":true,"_pose":"FreeFall","_animationQueue":[],"_animationSpeed":1,"_zoom":14.48},{"_mousePosition":[683,384],"_rootPartCFrame":[763.792,227.38,47.416,-0.514,0,0.858,0,1,0,-0.858,0,-0.514],"_humanoidState":5,"_cameraCFrame":[765.786,243.122,44.978,-0.292,-0.941,0.173,0,0.181,0.984,-0.957,0.287,-0.053],"_shiftlockState":true,"_pose":"FreeFall","_animationQueue":[],"_animationSpeed":1,"_zoom":14.48},{"_mousePosition":[683,384],"_rootPartCFrame":[763.904,227.93,47.657,-0.416,0,0.909,0,1,0,-0.909,0,-0.416],"_humanoidState":5,"_cameraCFrame":[766.131,243.675,45.458,-0.185,-0.967,0.176,0,0.179,0.984,-0.983,0.182,-0.033],"_shiftlockState":true,"_pose":"FreeFall","_animationQueue":[],"_animationSpeed":1,"_zoom":14.48},{"_mousePosition":[683,384],"_rootPartCFrame":[763.991,228.425,47.909,-0.314,0,0.949,0,1,0,-0.949,0,-0.314],"_humanoidState":5,"_cameraCFrame":[766.451,244.174,46.005,-0.061,-0.982,0.177,0,0.178,0.984,-0.998,0.06,-0.011],"_shiftlockState":true,"_pose":"FreeFall","_animationQueue":[],"_animationSpeed":1,"_zoom":14.48},{"_mousePosition":[683,384],"_rootPartCFrame":[764.053,228.967,48.222,-0.215,0,0.977,0,1,0,-0.977,0,-0.215],"_humanoidState":5,"_cameraCFrame":[766.71,244.717,46.604,0.051,-0.983,0.177,0,0.178,0.984,-0.999,-0.05,0.009],"_shiftlockState":true,"_pose":"FreeFall","_animationQueue":[],"_animationSpeed":1,"_zoom":14.48},{"_mousePosition":[683,384],"_rootPartCFrame":[764.061,229.251,48.404,-0.04,0,0.999,0,1,0,-0.999,0,-0.04],"_humanoidState":5,"_cameraCFrame":[767.035,244.98,47.205,0.193,-0.964,0.182,0,0.186,0.983,-0.981,-0.19,0.036],"_shiftlockState":true,"_pose":"FreeFall","_animationQueue":[],"_animationSpeed":1,"_zoom":14.48},{"_mousePosition":[683,384],"_rootPartCFrame":[764.038,229.583,48.637,0.071,0,0.997,0,1,0,-0.997,0,0.071],"_humanoidState":5,"_cameraCFrame":[767.398,245.261,47.994,0.341,-0.92,0.191,0,0.203,0.979,-0.94,-0.334,0.069],"_shiftlockState":true,"_pose":"FreeFall","_animationQueue":[],"_animationSpeed":1,"_zoom":14.48},{"_mousePosition":[683,384],"_rootPartCFrame":[763.979,229.86,48.856,0.222,0,0.975,0,1,0,-0.975,0,0.222],"_humanoidState":5,"_cameraCFrame":[767.597,245.489,48.861,0.485,-0.853,0.191,0,0.219,0.976,-0.875,-0.473,0.106],"_shiftlockState":true,"_pose":"FreeFall","_animationQueue":[],"_animationSpeed":1,"_zoom":14.48},{"_mousePosition":[683,384],"_rootPartCFrame":[763.884,230.082,49.056,0.372,0,0.928,0,1,0,-0.928,0,0.372],"_humanoidState":5,"_cameraCFrame":[767.545,245.694,49.501,0.577,-0.796,0.183,0,0.224,0.975,-0.817,-0.562,0.129],"_shiftlockState":true,"_pose":"FreeFall","_animationQueue":[],"_animationSpeed":1,"_zoom":14.48},{"_mousePosition":[683,384],"_rootPartCFrame":[763.757,230.25,49.233,0.474,0,0.88,0,1,0,-0.88,0,0.474],"_humanoidState":5,"_cameraCFrame":[767.376,245.859,49.997,0.645,-0.745,0.172,0,0.225,0.974,-0.764,-0.628,0.145],"_shiftlockState":true,"_pose":"FreeFall","_animationQueue":[],"_animationSpeed":1,"_zoom":14.48},{"_mousePosition":[683,384],"_rootPartCFrame":[763.613,230.364,49.377,0.61,0,0.792,0,1,0,-0.792,0,0.61],"_humanoidState":5,"_cameraCFrame":[767.193,245.973,50.303,0.679,-0.716,0.165,0,0.225,0.974,-0.734,-0.661,0.153],"_shiftlockState":true,"_pose":"FreeFall","_animationQueue":[],"_animationSpeed":1,"_zoom":14.48},{"_mousePosition":[683,384],"_rootPartCFrame":[763.46,230.423,49.482,0.67,0,0.742,0,1,0,-0.742,0,0.67],"_humanoidState":5,"_cameraCFrame":[767.033,246.032,50.438,0.685,-0.71,0.164,0,0.225,0.974,-0.729,-0.667,0.154],"_shiftlockState":true,"_pose":"FreeFall","_animationQueue":[["fall",0.3]],"_animationSpeed":1,"_zoom":14.48},{"_mousePosition":[683,384],"_rootPartCFrame":[763.301,230.427,49.547,0.682,0,0.731,0,1,0,-0.731,0,0.682],"_humanoidState":5,"_cameraCFrame":[766.89,246.036,50.44,0.672,-0.722,0.167,0,0.225,0.974,-0.741,-0.655,0.151],"_shiftlockState":true,"_pose":"FreeFall","_animationQueue":[],"_animationSpeed":1,"_zoom