[{"_mousePosition":[1209,360],"_rootPartCFrame":[776.033,222.959,47.142,-0.001,-0.006,1,0,1,0.006,-1,0,-0.001],"_humanoidState":8,"_cameraCFrame":[773.737,235.657,42.08,-0.911,0.369,-0.183,0,0.444,0.896,0.412,0.816,-0.405],"_shiftlockState":false,"_pose":"Standing","_animationQueue":[],"_animationSpeed":1,"_zoom":12.5},{"_mousePosition":[1208,360],"_rootPartCFrame":[775.987,222.925,47.163,-0.016,-0.004,1,0,1,0.004,-1,0,-0.016],"_humanoidState":8,"_cameraCFrame":[773.694,235.624,42.101,-0.911,0.369,-0.183,0,0.444,0.896,0.412,0.816,-0.405],"_shiftlockState":false,"_pose":"Standing","_animationQueue":[],"_animationSpeed":1,"_zoom":12.5},{"_mousePosition":[1204,367],"_rootPartCFrame":[775.757,222.804,47.267,-0.069,0,0.998,0,1,0,-0.998,0,-0.069],"_humanoidState":8,"_cameraCFrame":[773.469,235.502,42.205,-0.911,0.369,-0.183,0,0.444,0.896,0.412,0.816,-0.405],"_shiftlockState":false,"_pose":"Running","_animationQueue":[["walk",0.1]],"_animationSpeed":0.553,"_zoom":12.5},{"_mousePosition":[1204,369],"_rootPartCFrame":[775.514,222.66,47.377,-0.117,0,0.993,0,1,0,-0.993,0,-0.117],"_humanoidState":8,"_cameraCFrame":[773.227,235.358,42.315,-0.911,0.369,-0.183,0,0.444,0.896,0.412,0.816,-0.405],"_shiftlockState":false,"_pose":"Running","_animationQueue":[["walk",0.1]],"_animationSpeed":1.091,"_zoom":12.5},{"_mousePosition":[1202,378],"_rootPartCFrame":[775.149,222.661,47.541,-0.178,0,0.984,0,1,0,-0.984,0,-0.178],"_humanoidState":8,"_cameraCFrame":[772.862,235.359,42.48,-0.911,0.369,-0.183,0,0.444,0.896,0.412,0.816,-0.405],"_shiftlockState":false,"_pose":"Running","_animationQueue":[["walk",0.1]],"_animationSpeed":1.091,"_zoom":12.5},{"_mousePosition":[1200,386],"_rootPartCFrame":[775.028,222.67,47.596,-0.195,0,0.981,0,1,0,-0.981,0,-0.195],"_humanoidState":8,"_cameraCFrame":[771.146,235.368,43.255,-0.911,0.369,-0.183,0,0.444,0.896,0.412,0.816,-0.405],"_shiftlockState":true,"_pose":"Running","_animationQueue":[],"_animationSpeed":1.091,"_zoom":12.5},{"_mousePosition":[683,384],"_rootPartCFrame":[774.663,222.688,47.761,-0.828,0,-0.561,0,1,0,0.561,0,-0.828],"_humanoidState":8,"_cameraCFrame":[770.781,235.386,43.42,-0.911,0.369,-0.183,0,0.444,0.896,0.412,0.816,-0.405],"_shiftlockState":true,"_pose":"Running","_animationQueue":[],"_animationSpeed":1.091,"_zoom":12.5},{"_mousePosition":[683,384],"_rootPartCFrame":[774.481,222.692,47.843,-0.911,0,-0.412,0,1,0,0.412,0,-0.911],"_humanoidState":8,"_cameraCFrame":[770.663,235.452,43.608,-0.912,0.369,-0.178,0,0.434,0.901,0.409,0.822,-0.396],"_shiftlockState":true,"_pose":"Running","_animationQueue":[["walk",0.1]],"_animationSpeed":1.091,"_zoom":12.5},{"_mousePosition":[683,384],"_rootPartCFrame":[774.238,222.695,47.953,-0.913,0,-0.407,0,1,0,0.407,0,-0.913],"_humanoidState":8,"_cameraCFrame":[770.464,235.466,43.795,-0.913,0.369,-0.175,0,0.428,0.904,0.408,0.825,-0.391],"_shiftlockState":true,"_pose":"Running","_animationQueue":[["walk",0.1],["walk",0.1]],"_animationSpeed":1.091,"_zoom":12.5},{"_mousePosition":[683,384],"_rootPartCFrame":[773.995,222.697,48.062,-0.913,0,-0.408,0,1,0,0.408,0,-0.913],"_humanoidState":8,"_cameraCFrame":[770.233,235.494,43.933,-0.913,0.369,-0.173,0,0.425,0.905,0.408,0.826,-0.388],"_shiftlockState":true,"_pose":"Running","_animationQueue":[],"_animationSpeed":1.091,"_zoom":12.5},{"_mousePosition":[683,384],"_rootPartCFrame":[773.751,222.698,48.171,-0.913,0,-0.408,0,1,0,0.408,0,-0.913],"_humanoidState":8,"_cameraCFrame":[770.031,235.535,44.094,-0.914,0.368,-0.17,0,0.419,0.908,0.405,0.83,-0.383],"_shiftlockState":true,"_pose":"Running","_animationQueue":[],"_animationSpeed":1.091,"_zoom":12.5},{"_mousePosition":[683,384],"_rootPartCFrame":[773.507,222.699,48.279,-0.914,0,-0.405,0,1,0,0.405,0,-0.914],"_humanoidState":8,"_cameraCFrame":[769.837,235.578,44.261,-0.916,0.365,-0.165,0,0.413,0.911,0.401,0.834,-0.378],"_shiftlockState":true,"_pose":"Running","_animationQueue":[],"_animationSpeed":1.091,"_zoom":12.5},{"_mousePosition":[683,384],"_rootPartCFrame":[773.264,222.699,48.387,-0.916,0,-0.401,0,1,0,0.401,0,-0.916],"_humanoidState":8,"_cameraCFrame":[769.666,235.63,44.442,-0.919,0.361,-0.159,0,0.404,0.915,0.394,0.841,-0.371],"_shiftlockState":true,"_pose":"Running","_animationQueue":[],"_animationSpeed":1.091,"_zoom":12.5},{"_mousePosition":[683,384],"_rootPartCFrame":[773.019,222.699,48.495,-0.923,0,-0.385,0,1,0,0.385,0,-0.923],"_humanoidState":8,"_cameraCFrame":[769.643,235.72,44.636,-0.932,0.334,-0.14,0,0.386,0.923,0.362,0.86,-0.36],"_shiftlockState":true,"_pose":"Running","_animationQueue":[],"_animationSpeed":1.091,"_zoom":12.5},{"_mousePosition":[683,384],"_rootPartCFrame":[772.773,222.699,48.598,-0.932,0,-0.362,0,1,0,0.362,0,-0.932],"_humanoidState":8,"_cameraCFrame":[769.495,235.754,44.745,-0.939,0.319,-0.131,0,0.38,0.925,0.344,0.868,-0.357],"_shiftlockState":true,"_pose":"Running","_animationQueue":[],"_animationSpeed":1.091,"_zoom":12.5},{"_mousePosition":[683,384],"_rootPartCFrame":[772.525,222.699,48.695,-0.939,0,-0.344,0,1,0,0.344,0,-0.939],"_humanoidState":8,"_cameraCFrame":[769.369,235.784,44.818,-0.947,0.296,-0.12,0,0.375,0.927,0.32,0.878,-0.355],"_shiftlockState":true,"_pose":"Running","_animationQueue":[["walk",0.1]],"_animationSpeed":1.091,"_zoom":12.5},{"_mousePosition":[683,384],"_rootPartCFrame":[772.275,222.7,48.787,-0.947,0,-0.32,0,1,0,0.32,0,-0.947],"_humanoidState":8,"_cameraCFrame":[769.245,235.812,44.888,-0.956,0.273,-0.109,0,0.369,0.929,0.294,0.888,-0.353],"_shiftlockState":true,"_pose":"Running","_animationQueue":[],"_animationSpeed":1.091,"_zoom":12.5},{"_mousePosition":[683,384],"_rootPartCFrame":[771.959,222.7,48.895,-0.956,0,-0.294,0,1,0,0.294,0,-0.956],"_humanoidState":8,"_cameraCFrame":[769.014,235.828,44.975,-0.961,0.257,-0.101,0,0.366,0.93,0.276,0.894,-0.352],"_shiftlockState":true,"_pose":"Running","_animationQueue":[],"_animationSpeed":1.091,"_zoom":12.5},{"_mousePosition":[683,384],"_rootPartCFrame":[771.768,222.7,48.955,-0.961,0,-0.276,0,1,0,0.276,0,-0.961],"_humanoidState":8,"_cameraCFrame":[768.913,235.847,45.022,-0.967,0.239,-0.093,0,0.363,0.932,0.257,0.901,-0.351],"_shiftlockState":true,"_pose":"Running","_animationQueue":[],"_animationSpeed":1.091,"_zoom":12.5},{"_mousePosition":[683,384],"_rootPartCFrame":[771.448,222.7,49.047,-0.967,0,-0.257,0,1,0,0.257,0,-0.967],"_humanoidState":8,"_cameraCFrame":[768.654,235.866,45.124,-0.97,0.228,-0.088,0,0.359,0.933,0.244,0.905,-0.348],"_shiftlockState":true,"_pose":"Running","_animationQueue":[],"_animationSpeed":1.091,"_zoom":12.5},{"_mousePosition":[683,384],"_rootPartCFrame":[771.19,222.7,49.117,-0.97,0,-0.244,0,1,0,0.244,0,-0.97],"_humanoidState":8,"_cameraCFrame":[768.445,235.884,45.213,-0.972,0.22,-0.084,0,0.355,0.935,0.235,0.909,-0.345],"_shiftlockState":true,"_pose":"Running","_animationQueue":[],"_animationSpeed":1.091,"_zoom":12.5},{"_mousePosition":[683,384],"_rootPartCFrame":[770.932,222.7,49.182,-0.972,0,-0.235,0,1,0,0.235,0,-0.972],"_humanoidState":8,"_cameraCFrame":[768.224,235.898,45.295,-0.974,0.214,-0.08,0,0.352,0.936,0.228,0.911,-0.343],"_shiftlockState":true,"_pose":"Running","_animationQueue":[["walk",0.1]],"_animationSpeed":1.091,"_zoom":12.5},{"_mousePosition":[683,384],"_rootPartCFrame":[770.738,222.7,49.23,-0.974,0,-0.228,0,1,0,0.228,0,-0.974],"_humanoidState":8,"_cameraCFrame":[768.082,235.92,45.37,-0.976,0.204,-0.076,0,0.348,0.938,0.218,0.915,-0.339],"_shiftlockState":true,"_pose":"Running","_animationQueue":[],"_animationSpeed":1.091,"_zoom":12.5},{"_mousePosition":[683,384],"_rootPartCFrame":[770.413,222.7,49.306,-0.976,0,-0.218,0,1,0,0.218,0,-0.976],"_humanoidState":8,"_cameraCFrame":[767.824,235.944,45.475,-0.979,0.192,-0.07,0,0.342,0.94,0.205,0.92,-0.335],"_shiftlockState":true,"_pose":"Running","_animationQueue":[],"_animationSpeed":1.091,"_zoom":12.5},{"_mousePosition":[683,384],"_rootPartCFrame":[770.218,222.7,49.35,-0.979,0,-0.205,0,1,0,0.205,0,-0.979],"_humanoidState":8,"_cameraCFrame":[767.694,235.968,45.549,-0.982,0.18,-0.064,0,0.337,0.941,0.191,0.924,-0.331],"_shiftlockState":true,"_pose":"Running","_animationQueue":[],"_animationSpeed":1.091,"_zoom":12.5},{"_mousePosition":[683,384],"_rootPartCFrame":[769.827,222.7,49.432,-0.982,0,-0.191,0,1,0,0.191,0,-0.982],"_humanoidState":8,"_cameraCFrame":[767.347,235.985,45.655,-0.983,0.172,-0.061,0,0.333,0.943,0.182,0.927,-0.328],"_shiftlockState":true,"_pose":"Running","_animationQueue":[],"_animationSpeed":1.091,"_zoom":12.5},{"_mousePosition":[683,384],"_rootPartCFrame":[769.696,222.689,49.46,-0.983,0,-0.182,0,1,0,0.182,0,-0.983],"_humanoidState":8,"_cameraCFrame":[767.247,235.988,45.704,-0.984,0.166,-0.058,0,0.33,0.944,0.176,0.929,-0.325],"_shiftlockState":true,"_pose":"Running","_animationQueue":[],"_animationSpeed":1.091,"_zoom":12.5},{"_mousePosition":[683,384],"_rootPartCFrame":[769.37,222.604,49.528,-0.984,0,-0.176,0,1,0,0.176,0,-0.984],"_humanoidState":8,"_cameraCFrame":[766.955,235.923,45.813,-0.986,0.16,-0.055,0,0.326,0.945,0.17,0.932,-0.321],"_shiftlockState":true,"_pose":"Running","_animationQueue":[],"_animationSpeed":1.091,"_zoom":12.5},{"_mousePosition":[683,384],"_rootPartCFrame":[769.109,222.475,49.583,-0.986,0,-0.17,0,1,0,0.17,0,-0.986],"_humanoidState":8,"_cameraCFrame":[766.719,235.813,45.914,-0.986,0.157,-0.053,0,0.321,0.947,0.166,0.934,-0.317],"_shiftlockState":true,"_pose":"Running","_animationQueue":[["walk",0.1]],"_animationSpeed":1.091,"_zoom":12.5},{"_mousePosition":[683,384],"_rootPartCFrame":[768.848,222.291,49.637,-0.986,0,-0.166,0,1,0,0.166,0,-0.986],"_humanoidState":8,"_cameraCFrame":[766.477,235.645,46.008,-0.987,0.154,-0.052,0,0.317,0.948,0.162,0.936,-0.313],"_shiftlockState":true,"_pose":"Running","_animationQueue":[],"_animationSpeed":1.091,"_zoom":12.5},{"_mousePosition":[683,384],"_rootPartCFrame":[768.587,223.154,49.692,-0.987,0,-0.162,0,1,0,0.162,0,-0.987],"_humanoidState":3,"_cameraCFrame":[766.224,236.518,46.089,-0.987,0.153,-0.051,0,0.315,0.949,0.161,0.937,-0.311],"_shiftlockState":true,"_pose":"Jumping","_animationQueue":[["walk",0.1],["jump",0.1]],"_animationSpeed":1,"_zoom":12.5},{"_mousePosition":[683,384],"_rootPartCFrame":[768.324,223.962,49.737,-0.998,0,-0.07,0,1,0,0.07,0,-0.998],"_humanoidState":5,"_cameraCFrame":[765.965,237.332,46.153,-0.987,0.153,-0.051,0,0.313,0.95,0.161,0.937,-0.309],"_shiftlockState":true,"_pose":"FreeFall","_animationQueue":[["jump",0.1]],"_animationSpeed":1,"_zoom":12.5},{"_mousePosition":[683,384],"_rootPartCFrame":[768.061,224.716,49.78,-0.999,0,-0.034,0,1,0,0.034,0,-0.999],"_humanoidState":5,"_cameraCFrame":[765.713,237.902,46.266,-0.987,0.153,-0.05,0,0.313,0.95,0.161,0.937,-0.309],"_shiftlockState":true,"_pose":"FreeFall","_animationQueue":[],"_animationSpeed":1,"_zoom":9.6},{"_mousePosition":[683,384],"_rootPartCFrame":[767.798,225.416,49.823,-1,0,-0.029,0,1,0,0.029,0,-1],"_humanoidState":5,"_cameraCFrame":[765.472,238.186,46.444,-0.987,0.153,-0.05,0,0.313,0.95,0.161,0.937,-0.309],"_shiftlockState":true,"_pose":"FreeFall","_animationQueue":[],"_animationSpeed":1,"_zoom":9.6},{"_mousePosition":[683,384],"_rootPartCFrame":[767.6,225.904,49.855,-0.998,0,-0.062,0,1,0,0.062,0,-0.998],"_humanoidState":5,"_cameraCFrame":[765.301,238.173,46.661,-0.987,0.154,-0.051,0,0.311,0.95,0.162,0.938,-0.307],"_shiftlockState":true,"_pose":"FreeFall","_animationQueue":[],"_animationSpeed":1,"_zoom":9.6},{"_mousePosition":[683,384],"_rootPartCFrame":[767.271,226.651,49.909,-1,0,0.003,0,1,0,-0.003,0,-1],"_humanoidState":5,"_cameraCFrame":[764.995,238.531,46.879,-0.987,0.156,-0.05,0,0.308,0.951,0.163,0.939,-0.304],"_shiftlockState":true,"_pose":"FreeFall","_animationQueue":[],"_animationSpeed":1,"_zoom":9.6},{"_mousePosition":[683,384],"_rootPartCFrame":[767.074,227.058,49.941,-0.998,0,-0.064,0,1,0,0.064,0,-0.998],"_humanoidState":5,"_cameraCFrame":[764.836,238.601,47.103,-0.987,0.154,-0.048,0,0.3,0.954,0.161,0.941,-0.296],"_shiftlockState":true,"_pose":"FreeFall","_animationQueue":[],"_animationSpeed":1,"_zoom":9.6},{"_mousePosition":[683,384],"_rootPartCFrame":[766.679,227.78,50.007,-0.999,0,0.038,0,1,0,-0.038,0,-0.999],"_humanoidState":5,"_cameraCFrame":[764.492,239.106,47.32,-0.988,0.147,-0.045,0,0.291,0.957,0.153,0.945,-0.288],"_shiftlockState":true,"_pose":"FreeFall","_animationQueue":[],"_animationSpeed":1,"_zoom":9.6},{"_mousePosition":[683,384],"_rootPartCFrame":[766.548,227.993,50.028,-0.996,0,-0.087,0,1,0,0.087,0,-0.996],"_humanoidState":5,"_cameraCFrame":[764.389,239.157,47.505,-0.988,0.146,-0.043,0,0.28,0.96,0.152,0.949,-0.277],"_shiftlockState":true,"_pose":"FreeFall","_animationQueue":[],"_animationSpeed":1,"_zoom":9.6},{"_mousePosition":[683,384],"_rootPartCFrame":[766.218,228.467,50.08,-1,0,0.014,0,1,0,-0.014,0,-1],"_humanoidState":5,"_cameraCFrame":[764.065,239.498,47.595,-0.988,0.146,-0.043,0,0.28,0.96,0.152,0.949,-0.277],"_shiftlockState":true,"_pose":"FreeFall","_animationQueue":[],"_animationSpeed":1,"_zoom":9.6},{"_mousePosition":[683,384],"_rootPartCFrame":[766.021,228.711,50.11,-0.999,0,-0.053,0,1,0,0.053,0,-0.999],"_humanoidState":5,"_cameraCFrame":[763.872,239.631,47.657,-0.988,0.146,-0.043,0,0.28,0.96,0.152,0.949,-0.277],"_shiftlockState":true,"_pose":"FreeFall","_animationQueue":[],"_animationSpeed":1,"_zoom":9.6},{"_mousePosition":[683,384],"_rootPartCFrame":[765.691,229.049,50.161,-1,0,0.014,0,1,0,-0.014,0,-1],"_humanoidState":5,"_cameraCFrame":[763.545,239.912,47.724,-0.988,0.146,-0.043,0,0.28,0.96,0.152,0.949,-0.277],"_shiftlockState":true,"_pose":"FreeFall","_animationQueue":[],"_animationSpeed":1,"_zoom":9.6},{"_mousePosition":[683,384],"_rootPartCFrame":[765.493,229.21,50.191,-0.999,0,-0.053,0,1,0,0.053,0,-0.999],"_humanoidState":5,"_cameraCFrame":[763.35,240.025,47.769,-0.988,0.146,-0.043,0,0.28,0.96,0.152,0.949,-0.277],"_shiftlockState":true,"_pose":"FreeFall","_animationQueue":[],"_animationSpeed":1,"_zoom":9.6},{"_mousePosition":[683,384],"_rootPartCFrame":[765.164,229.412,50.242,-1,0,0.014,0,1,0,-0.014,0,-1],"_humanoidState":5,"_cameraCFrame":[763.022,240.194,47.829,-0.988,0.146,-0.043,0,0.28,0.96,0.152,0.949,-0.277],"_shiftlockState":true,"_pose":"FreeFall","_animationQueue":[],"_animationSpeed":1,"_zoom":9.6},{"_mousePosition":[683,384],"_rootPartCFrame":[764.966,229.492,50.272,-0.999,0,-0.053,0,1,0,0.053,0,-0.999],"_humanoidState":5,"_cameraCFrame":[762.825,240.252,47.866,-0.988,0.146,-0.043,0,0.28,0.96,0.152,0.949,-0.277],"_shiftlockState":true,"_pose":"FreeFall","_animationQueue":[],"_animationSpeed":1,"_zoom":9.6},{"_mousePosition":[683,384],"_rootPartCFrame":[764.636,229.557,50.323,-1,0,0.014,0,1,0,-0.014,0,-1],"_humanoidState":5,"_cameraCFrame":[762.496,240.302,47.921,-0.988,0.146,-0.043,0,0.28,0.96,0.152,0.949,-0.277],"_shiftlockState":true,"_pose":"FreeFall","_animationQueue":[],"_animationSpeed":1,"_zoom":9.6},{"_mousePosition":[683,384],"_rootPartCFrame":[764.439,229.556,50.353,-0.999,0,-0.053,0,1,0,0.053,0,-0.999],"_humanoidState":5,"_cameraCFrame":[762.299,240.29,47.954,-0.988,0.146,-0.043,0,0.28,0.96,0.152,0.949,-0.277],"_shiftlockState":true,"_pose":"FreeFall","_animationQueue":[],"_animationSpeed":1,"_zoom":9.6},{"_mousePosition":[683,384],"_rootPartCFrame":[764.109,229.485,50.404,-1,0,0.014,0,1,0,-0.014,0,-1],"_humanoidState":5,"_cameraCFrame":[761.969,240.213,48.007,-0.988,0.146,-0.043,0,0.28,0.96,0.152,0.949,-0.277],"_shiftlockState":true,"_pose":"FreeFall","_animationQueue":[],"_animationSpeed":1,"_zoom":9.6},{"_mousePosition":[683,384],"_rootPartCFrame":[763.911,229.401,50.435,-0.999,0,-0.053,0,1,0,0.053,0,-0.999],"_humanoidState":5,"_cameraCFrame":[761.772,240.125,48.039,-0.988,0.146,-0.043,0,0.28,0.96,0.152,0.949,-0.277],"_shiftlockState":true,"_pose":"FreeFall","_animationQueue":[["fall",0.3]],"_animationSpeed":1,"_zoom":9.6},{"_mousePosition":[683,384],"_rootPartCFrame":[763.582,229.194,50.485,-1,0,0.014,0,1,0,-0.014,0,-1],"_humanoidState":5,"_cameraCFrame":[761.44,239.914,48.092,-0.988,0.147,-0.043,0,0.28,0.96,0.153,0.949,-0.277],"_shiftlockState":true,"_pose":"FreeFall","_animationQueue":[],"_animationSpeed":1,"_zoom":9.6},{"_mousePosition":[683,384],"_rootPartCFrame":[763.318,228.967,50.526,-1,0,-0.02,0,1,0,0.02,0,-1],"_humanoidState":5,"_cameraCFrame":[761.103,239.67,48.142,-0.984,0.172,-0.051,0,0.286,0.958,0.18,0.943,-0.281],"_shiftlockState":true,"_pose":"FreeFall","_animationQueue":[],"_animationSpeed":1,"_zoom":9.6},{"_mousePosition":[683,384],"_rootPartCFrame":[763.055,228.685,50.567,-0.999,0,-0.048,0,1,0,0.048,0,-0.999],"_humanoidState":5,"_cameraCFrame":[760.768,239.374,48.198,-0.979,0.197,-0.06,0,0.29,0.957,0.206,0.936,-0.284],"_shiftlockState":true,"_pose":"FreeFall","_animationQueue":[],"_animationSpeed":1,"_zoom":9.6},{"_mousePosition":[683,384],"_rootPartCFrame":[762.858,228.438,50.602,-0.994,0,-0.107,0,1,0,0.107,0,-0.994],"_humanoidState":5,"_cameraCFrame":[760.505,238.907,48.322,-0.972,0.225,-0.069,0,0.295,0.955,0.235,0.929,-0.287],"_shiftlockState":true,"_pose":"FreeFall","_animationQueue":[],"_animationSpeed":1,"_zoom":7.28},{"_mousePosition":[683,384],"_rootPartCFrame":[762.466,227.852,50.683,-0.999,0,-0.038,0,1,0,0.038,0,-0.999],"_humanoidState":5,"_cameraCFrame":[760.081,237.982,48.51,-0.967,0.244,-0.077,0,0.3,0.954,0.256,0.922,-0.29],"_shiftlockState":true,"_pose":"FreeFall","_animationQueue":[],"_animationSpeed":1,"_zoom":7.28},{"_mousePosition":[683,384],"_rootPartCFrame":[762.336,227.63,50.713,-0.982,0,-0.191,0,1,0,0.191,0,-0.982],"_humanoidState":5,"_cameraCFrame":[759.945,237.32,48.666,-0.963,0.257,-0.082,0,0.304,0.953,0.27,0.917,-0.293],"_shiftlockState":true,"_pose":"FreeFall","_animationQueue":[["fall",0.3]],"_animationSpeed":1,"_zoom":7.28},{"_mousePosition":[683,384],"_rootPartCFrame":[761.949,226.88,50.814,-0.997,0,-0.073,0,1,0,0.073,0,-0.997],"_humanoidState":5,"_cameraCFrame":[759.597,236.127,48.904,-0.963,0.257,-0.082,0,0.304,0.953,0.27,0.917,-0.293],"_shiftlockState":true,"_pose":"FreeFall","_animationQueue":[],"_animationSpeed":1,"_zoom":5.424},{"_mousePosition":[683,384],"_rootPartCFrame":[761.757,226.46,50.868,-0.985,0,-0.172,0,1,0,0.172,0,-0.985],"_humanoidState":5,"_cameraCFrame":[759.449,235.185,49.118,-0.963,0.257,-0.082,0,0.304,0.953,0.27,0.917,-0.293],"_shiftlockState":true,"_pose":"FreeFall","_animationQueue":[],"_animationSpeed":1,"_zoom":5.424},{"_mousePosition":[683,384],"_rootPartCFrame":[761.5,225.851,50.94,-0.99,0,-0.139,0,1,0,0.139,0,-0.99],"_humanoidState":5,"_cameraCFrame":[759.236,234.065,49.347,-0.963,0.257,-0.082,0,0.304,0.953,0.27,0.917,-0.293],"_shiftlockState":true,"_pose":"FreeFall","_animationQueue":[],"_animationSpeed":1,"_zoom":5.424},{"_mousePosition":[683,384],"_rootPartCFrame":[761.258,225.188,51.031,-0.987,0,-0.159,0,1,0,0.159,0,-0.987],"_humanoidState":5,"_cameraCFrame":[759.03,232.98,49.563,-0.963,0.257,-0.082,0,0.305,0.952,0.27,0.917,-0.294],"_shiftlockState":true,"_pose":"FreeFall","_animationQueue":[],"_animationSpeed":1,"_zoom":5.424},{"_mousePosition":[683,384],"_rootPartCFrame":[761.041,224.47,51.154,-0.986,0,-0.167,0,1,0,0.167,0,-0.986],"_humanoidState":5,"_cameraCFrame":[760.52,231.968,49.294,-0.963,0.257,-0.083,0,0.307,0.952,0.27,0.917,-0.295],"_shiftlockState":false,"_pose":"FreeFall","_animationQueue":[],"_animationSpeed":1,"_zoom":5.424},{"_mousePosition":[683,384],"_rootPartCFrame":[760.854,224.521,51.275,-0.991,0,-0.135,0,1,0,0.135,0,-0.991],"_humanoidState":12,"_cameraCFrame":[760.356,231.756,49.496,-0.963,0.257,-0.083,0,0.307,0.952,0.27,0.917,-0.295],"_shiftlockState":false,"_pose":"Climbing","_animationQueue":[["fall",0.3],["walk",0.1],["fall",0.3],["climb",0.1],["climb",0]],"_animationSpeed":-3.69,"_zoom":5.424},{"_mousePosition":[683,384],"_rootPartCFrame":[760.701,224.705,51.374,-0.991,0,-0.131,0,1,0,0.131,0,-0.991],"_humanoidState":12,"_cameraCFrame":[760.219,231.757,49.632,-0.964,0.254,-0.083,0,0.31,0.951,0.267,0.916,-0.298],"_shiftlockState":false,"_pose":"Climbing","_animationQueue":[["climb",0.1]],"_animationSpeed":0.842,"_zoom":5.424},{"_mousePosition":[683,384],"_rootPartCFrame":[760.581,224.892,51.452,-0.991,0,-0.13,0,1,0,0.13,0,-0.991],"_humanoidState":12,"_cameraCFrame":[760.121,231.803,49.696,-0.967,0.24,-0.081,0,0.318,0.948,0.254,0.917,-0.308],"_shiftlockState":false,"_pose":"Climbing","_animationQueue":[["climb",0.1]],"_animationSpeed":0.932,"_zoom":5.424},{"_mousePosition":[683,384],"_rootPartCFrame":[760.477,225.125,51.519,-0.991,0,-0.13,0,1,0,0.13,0,-0.991],"_humanoidState":12,"_cameraCFrame":[760.073,231.94,49.723,-0.976,0.208,-0.072,0,0.327,0.945,0.22,0.922,-0.319],"_shiftlockState":false,"_pose":"Climbing","_animationQueue":[],"_animationSpeed":0.932,"_zoom":5.424},{"_mousePosition":[683,384],"_rootPartCFrame":[760.44,225.265,51.543,-0.991,0,-0.13,0,1,0,0.13,0,-0.991],"_humanoidState":12,"_cameraCFrame":[760.201,231.99,49.678,-0.992,0.12,-0.043,0,0.339,0.941,0.127,0.933,-0.336],"_shiftlockState":false,"_pose":"Climbing","_animationQueue":[["climb",0]],"_animationSpeed":0.932,"_zoom":5.424},{"_mousePosition":[683,384],"_rootPartCFrame":[760.42,225.498,51.556,-0.991,0,-0.13,0,1,0,0.13,0,-0.991],"_humanoidState":12,"_cameraCFrame":[760.432,232.173,49.656,-1,-0.006,0.002,0,0.345,0.939,-0.006,0.939,-0.345],"_shiftlockState":false,"_pose":"Climbing","_animationQueue":[],"_animationSpeed":0.932,"_zoom":5.424},{"_mousePosition":[683,384],"_rootPartCFrame":[760.419,225.638,51.556,-0.991,0,-0.13,0,1,0,0.13,0,-0.991],"_humanoidState":12,"_cameraCFrame":[760.847,232.271,49.673,-0.975,-0.207,0.078,0,0.352,0.936,-0.221,0.913,-0.343],"_shiftlockState":false,"_pose":"Climbing","_animationQueue":[],"_animationSpeed":0.932,"_zoom":5.424},{"_mousePosition":[683,384],"_rootPartCFrame":[760.419,225.791,51.581,-0.993,0,-0.118,0,1,0,0.118,0,-0.993],"_humanoidState":8,"_cameraCFrame":[761.336,232.373,49.797,-0.889,-0.425,0.168,0,0.367,0.93,-0.457,0.827,-0.327],"_shiftlockState":false,"_pose":"Standing","_animationQueue":[["climb",0.1],["walk",0.1],["idle",0.1]],"_animationSpeed":1,"_zoom":5.424},{"_mousePosition":[683,384],"_rootPartCFrame":[760.411,225.88,51.616,-0.997,-0.001,-0.071,-0.001,1,0,0.071,0,-0.997],"_humanoidState":5,"_cameraCFrame":[761.849,232.407,50.077,-0.73,-0.63,0.264,0,0.387,0.922,-0.683,0.673,-0.282],"_shiftlockState":false,"_pose":"FreeFall","_animationQueue":[["walk",0.1],["fall",0.3]],"_animationSpeed":1,"_zoom":5.424},{"_mousePosition":[683,384],"_rootPartCFrame":[760.385,225.903,51.655,-1,-0.001,0.019,-0.001,1,0,-0.019,0,-1],"_humanoidState":5,"_cameraCFrame":[762.145,232.406,50.44,-0.568,-0.757,0.324,0,0.393,0.919,-0.823,0.522,-0.223],"_shiftlockState":false,"_pose":"FreeFall","_animationQueue":[],"_animationSpeed":1,"_zoom":5.424},{"_mousePosition":[683,384],"_rootPartCFrame":[760.374,225.879,51.628,-0.999,-0.002,0.033,-0.002,1,0,-0.033,0,-0.999],"_humanoidState":5,"_cameraCFrame":[762.326,232.381,50.792,-0.393,-0.846,0.36,0,0.391,0.92,-0.919,0.362,-0.154],"_shiftlockState":false,"_pose":"FreeFall","_animationQueue":[],"_animationSpeed":1,"_zoom":5.424},{"_mousePosition":[683,384],"_rootPartCFrame":[760.324,225.784,51.532,-0.991,-0.003,0.133,-0.003,1,0,-0.133,0,-0.991],"_humanoidState":5,"_cameraCFrame":[761.897,232.291,49.295,-0.26,-0.89,0.374,0,0.387,0.922,-0.966,0.239,-0.101],"_shiftlockState":true,"_pose":"FreeFall","_animationQueue":[],"_animationSpeed":1,"_zoom":5.424},{"_mousePosition":[683,384],"_rootPartCFrame":[760.206,225.797,51.062,-0.191,0,0.982,0,1,0,-0.982,0,-0.191],"_humanoidState":7,"_cameraCFrame":[761.783,232.302,48.825,-0.26,-0.89,0.374,0,0.387,0.922,-0.966,0.239,-0.101],"_shiftlockState":true,"_pose":"FreeFall","_animationQueue":[["walk",0.1],["fall",0.3],["fall",0.3]],"_animationSpeed":1,"_zoom":5.424},{"_mousePosition":[683,384],"_rootPartCFrame":[759.974,225.811,50.963,-0.182,0,0.983,0.001,1,0,-0.983,0.001,-0.182],"_humanoidState":7,"_cameraCFrame":[761.661,232.314,48.811,-0.211,-0.901,0.379,0,0.387,0.922,-0.978,0.194,-0.082],"_shiftlockState":true,"_pose":"FreeFall","_animationQueue":[],"_animationSpeed":1,"_zoom":5.424},{"_mousePosition":[683,384],"_rootPartCFrame":[759.727,225.77,50.864,-0.134,0,0.991,0,1,0,-0.991,0,-0.134],"_humanoidState":7,"_cameraCFrame":[761.427,232.273,48.721,-0.205,-0.902,0.379,0,0.387,0.922,-0.979,0.189,-0.079],"_shiftlockState":true,"_pose":"FreeFall","_animationQueue":[["fall",0.3]],"_animationSpeed":1,"_zoom":5.424},{"_mousePosition":[683,384],"_rootPartCFrame":[759.502,225.675,50.774,-0.181,0,0.984,0,1,0,-0.984,0,-0.181],"_humanoidState":8,"_cameraCFrame":[761.143,232.184,48.601,-0.224,-0.9,0.375,0,0.384,0.923,-0.975,0.207,-0.086],"_shiftlockState":true,"_pose":"Running","_animationQueue":[["walk",0.1],["fall",0.3],["walk",0.1]],"_animationSpeed":1.104,"_zoom":5.424},{"_mousePosition":[683,384],"_rootPartCFrame":[759.292,226.538,50.69,-0.215,0,0.977,0,1,0,-0.977,0,-0.215],"_humanoidState":3,"_cameraCFrame":[760.901,233.048,48.497,-0.236,-0.897,0.373,0,0.384,0.923,-0.972,0.218,-0.091],"_shiftlockState":true,"_pose":"Jumping","_animationQueue":[["walk",0.1],["jump",0.1]],"_animationSpeed":1,"_zoom":5.424},{"_mousePosition":[683,384],"_rootPartCFrame":[759.075,227.346,50.581,-0.162,0,0.987,0,1,0,-0.987,0,-0.162],"_humanoidState":5,"_cameraCFrame":[760.684,233.856,48.389,-0.236,-0.897,0.373,0,0.384,0.923,-0.972,0.218,-0.091],"_shiftlockState":true,"_pose":"FreeFall","_animationQueue":[["jump",0.1]],"_animationSpeed":1,"_zoom":5.424},{"_mousePosition":[683,384],"_rootPartCFrame":[758.905,227.917,50.48,-0.162,0,0.987,0,1,0,-0.987,0,-0.162],"_humanoidState":5,"_cameraCFrame":[760.514,234.426,48.288,-0.236,-0.897,0.373,0,0.384,0.923,-0.972,0.218,-0.091],"_shiftlockState":true,"_pose":"FreeFall","_animationQueue":[],"_animationSpeed":1,"_zoom":5.424},{"_mousePosition":[683,384],"_rootPartCFrame":[758.62,228.8,50.307,-0.108,0,0.994,0,1,0,-0.994,0,-0.108],"_humanoidState":5,"_cameraCFrame":[760.229,235.309,48.115,-0.236,-0.897,0.373,0,0.384,0.923,-0.972,0.218,-0.091],"_shiftlockState":true,"_pose":"FreeFall","_animationQueue":[],"_animationSpeed":1,"_zoom":5.424},{"_mousePosition":[683,384],"_rootPartCFrame":[758.45,229.288,50.203,-0.159,0,0.987,0,1,0,-0.987,0,-0.159],"_humanoidState":5,"_cameraCFrame":[760.058,235.797,48.011,-0.236,-0.897,0.373,0,0.384,0.923,-0.972,0.218,-0.091],"_shiftlockState":true,"_pose":"FreeFall","_animationQueue":[],"_animationSpeed":1,"_zoom":5.424},{"_mousePosition":[683,384],"_rootPartCFrame":[758.165,230.035,50.029,-0.108,0,0.994,0,1,0,-0.994,0,-0.108],"_humanoidState":5,"_cameraCFrame":[759.774,236.544,47.837,-0.236,-0.897,0.373,0,0.384,0.923,-0.972,0.218,-0.091],"_shiftlockState":true,"_pose":"FreeFall","_animationQueue":[],"_animationSpeed":1,"_zoom":5.424},{"_mousePosition":[683,384],"_rootPartCFrame":[757.994,230.442,49.925,-0.159,0,0.987,0,1,0,-0.987,0,-0.159],"_humanoidState":5,"_cameraCFrame":[759.603,236.951,47.733,-0.236,-0.897,0.373,0,0.384,0.923,-0.972,0.218,-0.091],"_shiftlockState":true,"_pose":"FreeFall","_animationQueue":[],"_animationSpeed":1,"_zoom":5.424},{"_mousePosition":[683,384],"_rootPartCFrame":[757.709,231.052,49.752,-0.108,0,0.994,0,1,0,-0.994,0,-0.108],"_humanoidState":5,"_cameraCFrame":[759.318,237.561,47.56,-0.236,-0.897,0.373,0,0.384,0.923,-0.972,0.218,-0.091],"_shiftlockState":true,"_pose":"FreeFall","_animationQueue":[],"_animationSpeed":1,"_zoom":5.424},{"_mousePosition":[683,384],"_rootPartCFrame":[757.539,231.378,49.648,-0.159,0,0.987,0,1,0,-0.987,0,-0.159],"_humanoidState":5,"_cameraCFrame":[759.147,237.886,47.456,-0.236,-0.897,0.373,0,0.384,0.923,-0.972,0.218,-0.091],"_shiftlockState":true,"_pose":"FreeFall","_animationQueue":[],"_animationSpeed":1,"_zoom":5.424},{"_mousePosition":[683,384],"_rootPartCFrame":[757.254,231.852,49.475,-0.108,0,0.994,0,1,0,-0.994,0,-0.108],"_humanoidState":5,"_cameraCFrame":[758.858,238.36,47.279,-0.238,-0.897,0.373,0,0.384,0.923,-0.971,0.22,-0.091],"_shiftlockState":true,"_pose":"FreeFall","_animationQueue":[],"_animationSpeed":1,"_zoom":5.424},{"_mousePosition":[683,384],"_rootPartCFrame":[757.083,232.095,49.371,-0.161,0,0.987,0,1,0,-0.987,0,-0.161],"_humanoidState":5,"_cameraCFrame":[758.656,238.595,47.134,-0.261,-0.89,0.374,0,0.387,0.922,-0.965,0.24,-0.101],"_shiftlockState":true,"_pose":"FreeFall","_animationQueue":[],"_animationSpeed":1,"_zoom":5.424},{"_mousePosition":[683,384],"_rootPartCFrame":[756.798,232.433,49.198,-0.13,0,0.992,0,1,0,-0.992,0,-0.13],"_humanoidState":5,"_cameraCFrame":[758.367,238.921,46.932,-0.274,-0.885,0.378,0,0.393,0.92,-0.962,0.252,-0.107],"_shiftlockState":true,"_pose":"FreeFall","_animationQueue":[],"_animationSpeed":1,"_zoom":5.424},{"_mousePosition":[683,384],"_rootPartCFrame":[756.567,232.642,49.064,-0.17,0,0.985,0,1,0,-0.985,0,-0.17],"_humanoidState":5,"_cameraCFrame":[758.136,239.125,46.787,-0.279,-0.882,0.379,0,0.395,0.919,-0.96,0.256,-0.11],"_shiftlockState":true,"_pose":"FreeFall","_animationQueue":[],"_animationSpeed":1,"_zoom":5.424},{"_mousePosition":[683,384],"_rootPartCFrame":[756.393,232.763,48.967,-0.202,0,0.979,0,1,0,-0.979,0,-0.202],"_humanoidState":5,"_cameraCFrame":[757.961,239.246,46.689,-0.279,-0.882,0.379,0,0.395,0.919,-0.96,0.256,-0.11],"_shiftlockState":true,"_pose":"FreeFall","_animationQueue":[],"_animationSpeed":1,"_zoom":5.424},{"_mousePosition":[683,384],"_rootPartCFrame":[756.159,232.876,48.838,-0.177,0,0.984,0,1,0,-0.984,0,-0.177],"_humanoidState":5,"_cameraCFrame":[757.728,239.359,46.56,-0.279,-0.882,0.379,0,0.395,0.919,-0.96,0.256,-0.11],"_shiftlockState":true,"_pose":"FreeFall","_animationQueue":[],"_animationSpeed":1,"_zoom":5.424},{"_mousePosition":[683,384],"_rootPartCFrame":[755.867,232.941,48.677,-0.151,0,0.989,0,1,0,-0.989,0,-0.151],"_humanoidState":5,"_cameraCFrame":[757.646,239.916,46.336,-0.28,-0.881,0.38,0,0.396,0.918,-0.96,0.257,-0.111],"_shiftlockState":true,"_pose":"FreeFall","_animationQueue":[],"_animationSpeed":1,"_zoom":7.28},{"_mousePosition":[683,384],"_rootPartCFrame":[755.341,232.844,48.388,-0.048,0,0.999,0,1,0,-0.999,0,-0.048],"_humanoidState":5,"_cameraCFrame":[757.215,240.021,46.019,-0.28,-0.881,0.382,0,0.398,0.917,-0.96,0.257,-0.111],"_shiftlockState":true,"_pose":"FreeFall","_animationQueue":[],"_animationSpeed":1,"_zoom":7.28},{"_mousePosition":[683,384],"_rootPartCFrame":[755.225,232.785,48.324,-0.229,0,0.973,0,1,0,-0.973,0,-0.229],"_humanoidState":5,"_cameraCFrame":[757.304,240.392,45.901,-0.278,-0.88,0.385,0,0.401,0.916,-0.961,0.255,-0.111],"_shiftlockState":true,"_pose":"FreeFall","_animationQueue":[],"_animationSpeed":1,"_zoom":9.6},{"_mousePosition":[683,384],"_rootPartCFrame":[754.932,232.578,48.164,-0.15,0,0.989,0,1,0,-0.989,0,-0.15],"_humanoidState":5,"_cameraCFrame":[757.253,240.705,45.683,-0.274,-0.881,0.387,0,0.402,0.916,-0.962,0.251,-0.11],"_shiftlockState":true,"_pose":"FreeFall","_animationQueue":[],"_animationSpeed":1,"_zoom":9.6},{"_mousePosition":[683,384],"_rootPartCFrame":[754.757,232.413,48.067,-0.198,0,0.98,0,1,0,-0.98,0,-0.198],"_humanoidState":5,"_cameraCFrame":[757.32,241.062,45.528,-0.271,-0.881,0.389,0,0.404,0.915,-0.963,0.248,-0.109],"_shiftlockState":true,"_pose":"FreeFall","_animationQueue":[],"_animationSpeed":1,"_zoom":9.6},{"_mousePosition":[683,384],"_rootPartCFrame":[754.466,232.069,47.905,-0.143,0,0.99,0,1,0,-0.99,0,-0.143],"_humanoidState":5,"_cameraCFrame":[757.225,241.158,45.315,-0.27,-0.881,0.389,0,0.404,0.915,-0.963,0.247,-0.109],"_shiftlockState":true,"_pose":"FreeFall","_animationQueue":[],"_animationSpeed":1,"_zoom":9.6},{"_mousePosition":[683,384],"_rootPartCFrame":[754.291,231.822,47.807,-0.194,0,0.981,0,1,0,-0.981,0,-0.194],"_humanoidState":5,"_cameraCFrame":[757.191,241.235,45.181,-0.269,-0.881,0.39,0,0.404,0.915,-0.963,0.246,-0.109],"_shiftlockState":true,"_pose":"FreeFall","_animationQueue":[],"_animationSpeed":1,"_zoom":9.6},{"_mousePosition":[683,384],"_rootPartCFrame":[754.001,231.343,47.644,-0.141,0,0.99,0,1,0,-0.99,0,-0.141],"_humanoidState":5,"_cameraCFrame":[757.023,241.024,44.984,-0.269,-0.881,0.39,0,0.405,0.914,-0.963,0.246,-0.109],"_shiftlockState":true,"_pose":"FreeFall","_animationQueue":[],"_animationSpeed":1,"_zoom":9.6},{"_mousePosition":[683,384],"_rootPartCFrame":[753.768,230.897,47.513,-0.167,0,0.986,0,1,0,-0.986,0,-0.167],"_humanoidState":5,"_cameraCFrame":[756.869,240.763,44.831,-0.269,-0.881,0.39,0,0.405,0.914,-0.963,0.246,-0.109],"_shiftlockState":true,"_pose":"FreeFall","_animationQueue":[["fall",0.3]],"_animationSpeed":1,"_zoom":9.6},{"_mousePosition":[683,384],"_rootPartCFrame":[753.536,230.398,47.382,-0.167,0,0.986,0,1,0,-0.986,0,-0.167],"_humanoidState":5,"_cameraCFrame":[756.69,240.387,44.685,-0.269,-0.881,0.39,0,0.405,0.914,-0.963,0.246,-0.109],"_shiftlockState":true,"_pose":"FreeFall","_animationQueue":[],"_animationSpeed":1,"_zoom":9.6},{"_mousePosition":[683,384],"_rootPartCFrame":[753.362,229.987,47.284,-0.192,0,0.981,0,1,0,-0.981,0,-0.192],"_humanoidState":5,"_cameraCFrame":[756.553,240.065,44.577,-0.269,-0.881,0.39,0,0.405,0.914,-0.963,0.246,-0.109],"_shiftlockState":true,"_pose":"FreeFall","_animationQueue":[],"_animationSpeed":1,"_zoom":9.6},{"_mousePosition":[683,384],"_rootPartCFrame":[753.072,229.235,47.12,-0.141,0,0.99,0,1,0,-0.99,0,-0.141],"_humanoidState":5,"_cameraCFrame":[756.31,239.365,44.4,-0.269,-0.88,0.392,0,0.407,0.913,-0.963,0.245,-0.109],"_shiftlockState":true,"_pose":"FreeFall","_animationQueue":[],"_animationSpeed":1,"_zoom":9.6},{"_mousePosition":[683,384],"_rootPartCFrame":[752.898,228.743,47.022,-0.192,0,0.981,0,1,0,-0.981,0,-0.192],"_humanoidState":5,"_cameraCFrame":[756.212,238.894,44.272,-0.271,-0.876,0.399,0,0.414,0.91,-0.963,0.246,-0.112],"_shiftlockState":true,"_pose":"FreeFall","_animationQueue":[],"_animationSpeed":1,"_zoom":9.6},{"_mousePosition":[683,384],"_rootPartCFrame":[752.607,227.854,46.858,-0.143,0,0.99,0,1,0,-0.99,0,-0.143],"_humanoidState":5,"_cameraCFrame":[756.006,237.992,44.063,-0.276,-0.871,0.407,0,0.424,0.906,-0.961,0.25,-0.117],"_shiftlockState":true,"_pose":"FreeFall","_animationQueue":[],"_animationSpeed":1,"_zoom":9.6},{"_mousePosition":[683,384],"_rootPartCFrame":[752.375,227.082,46.728,-0.173,0,0.985,0,1,0,-0.985,0,-0.173],"_humanoidState":5,"_cameraCFrame":[755.925,237.168,43.88,-0.278,-0.863,0.422,0,0.44,0.898,-0.961,0.25,-0.122],"_shiftlockState":true,"_pose":"FreeFall","_animationQueue":[["fall",0.3]],"_animationSpeed":1,"_zoom":9.6},{"_mousePosition":[683,384],"_rootPartCFrame":[752.142,226.256,46.598,-0.176,0,0.984,0,1,0,-0.984,0,-0.176],"_humanoidState":5,"_cameraCFrame":[755.781,236.318,43.752,-0.272,-0.861,0.43,0,0.447,0.895,-0.962,0.243,-0.121],"_shiftlockState":true,"_pose":"FreeFall","_animationQueue":[],"_animationSpeed":1,"_zoom":9.6},{"_mousePosition":[683,384],"_rootPartCFrame":[751.908,225.375,46.47,-0.17,0,0.985,0,1,0,-0.985,0,-0.17],"_humanoidState":5,"_cameraCFrame":[755.552,235.446,43.622,-0.272,-0.861,0.43,0,0.447,0.895,-0.962,0.243,-0.121],"_shiftlockState":true,"_pose":"FreeFall","_animationQueue":[],"_animationSpeed":1,"_zoom":9.6},{"_mousePosition":[683,384],"_rootPartCFrame":[751.739,225.392,46.361,-0.208,0,0.978,-0.003,1,-0.001,-0.978,-0.003,-0.208],"_humanoidState":12,"_cameraCFrame":[755.385,235.47,43.508,-0.272,-0.861,0.43,0,0.447,0.895,-0.962,0.243,-0.121],"_shiftlockState":true,"_pose":"Climbing","_animationQueue":[["walk",0.1],["fall",0.3],["climb",0.1],["climb",0]],"_animationSpeed":-4.508,"_zoom":9.6},{"_mousePosition":[683,384],"_rootPartCFrame":[751.737,225.524,46.319,-0.231,0,0.973,-0.004,1,-0.001,-0.973,-0.004,-0.231],"_humanoidState":12,"_cameraCFrame":[755.386,235.605,43.464,-0.272,-0.861,0.43,0,0.447,0.895,-0.962,0.243,-0.121],"_shiftlockState":true,"_pose":"Climbing","_animationQueue":[["climb",0.1]],"_animationSpeed":0.647,"_zoom":9.6},{"_mousePosition":[683,384],"_rootPartCFrame":[751.731,225.693,46.253,-0.244,0,0.97,-0.002,1,-0.001,-0.97,-0.002,-0.244],"_humanoidState":8,"_cameraCFrame":[755.888,235.699,43.91,-0.137,-0.878,0.458,0,0.463,0.887,-0.991,0.121,-0.063],"_shiftlockState":true,"_pose":"Running","_animationQueue":[["walk",0.1],["climb",0.1],["walk",0.1],["walk",0.1]],"_animationSpeed":0.206,"_zoom":9.6},{"_mousePosition":[683,384],"_rootPartCFrame":[751.69,225.761,46.187,-0.071,0,0.997,-0.001,1,0,-0.997,-0.001,-0.071],"_humanoidState":5,"_cameraCFrame":[756.56,235.711,46,0.323,-0.833,0.449,0,0.474,0.881,-0.946,-0.285,0.153],"_shiftlockState":true,"_pose":"FreeFall","_animationQueue":[["walk",0.1],["walk",0.1],["fall",0.3]],"_animationSpeed":1,"_zoom":9.6},{"_mousePosition":[683,384],"_rootPartCFrame":[751.778,225.758,46.118,0.318,0,0.948,0.001,1,-0.001,-0.948,0.002,0.318],"_humanoidState":5,"_cameraCFrame":[756.105,235.835,47.826,0.69,-0.647,0.325,0,0.449,0.894,-0.724,-0.617,0.31],"_shiftlockState":true,"_pose":"FreeFall","_animationQueue":[],"_animationSpeed":1,"_zoom":9.6},{"_mousePosition":[683,384],"_rootPartCFrame":[752.013,225.778,46.062,0.686,0.001,0.728,0,1,-0.001,-0.728,0.001,0.686],"_humanoidState":7,"_cameraCFrame":[755.247,236.272,48.024,0.855,-0.485,0.181,0,0.349,0.937,-0.518,-0.802,0.299],"_shiftlockState":true,"_pose":"FreeFall","_animationQueue":[["walk",0.1],["fall",0.3],["fall",0.3]],"_animationSpeed":1,"_zoom":9.6},{"_mousePosition":[683,384],"_rootPartCFrame":[752.117,225.779,45.848,0.866,0,0.501,0,1,0,-0.501,0,0.866],"_humanoidState":7,"_cameraCFrame":[754.974,236.602,46.213,0.704,-0.69,0.169,0,0.238,0.971,-0.711,-0.683,0.168],"_shiftlockState":true,"_pose":"FreeFall","_animationQueue":[],"_animationSpeed":1,"_zoom":9.6},{"_mousePosition":[683,384],"_rootPartCFrame":[752.106,225.734,45.726,0.717,0,0.697,0,1,0,-0.697,0,0.717],"_humanoidState":7,"_cameraCFrame":[754.339,236.687,44.8,0.405,-0.9,0.159,0,0.174,0.985,-0.914,-0.399,0.07],"_shiftlockState":true,"_pose":"FreeFall","_animationQueue":[],"_animationSpeed":1,"_zoom":9.6},{"_mousePosition":[683,384],"_rootPartCFrame":[752.087,225.626,45.581,0.413,0,0.911,0,1,0,-0.911,0,0.413],"_humanoidState":8,"_cameraCFrame":[753.979,236.58,44.078,0.138,-0.975,0.172,0,0.174,0.985,-0.99,-0.136,0.024],"_shiftlockState":true,"_pose":"Running","_animationQueue":[["walk",0.1],["fall",0.3],["walk",0.1]],"_animationSpeed":0.707,"_zoom":9.6},{"_mousePosition":[683,384],"_rootPartCFrame":[752.074,226.285,45.483,0.14,0,0.99,0,1,0,-0.99,0,0.14],"_humanoidState":3,"_cameraCFrame":[753.64,237.217,43.532,-0.12,-0.975,0.185,0,0.186,0.982,-0.993,0.118,-0.022],"_shiftlockState":true,"_pose":"Jumping","_animationQueue":[["walk",0.1],["jump",0.1]],"_animationSpeed":1,"_zoom":9.6},{"_mousePosition":[683,384],"_rootPartCFrame":[752.021,227.321,45.302,0.004,0,1,0,1,0,-1,0,0.004],"_humanoidState":5,"_cameraCFrame":[753.484,238.195,43.022,-0.294,-0.933,0.206,0,0.216,0.976,-0.956,0.287,-0.063],"_shiftlockState":true,"_pose":"FreeFall","_animationQueue":[["jump",0.1]],"_animationSpeed":1,"_zoom":9.6},{"_mousePosition":[683,384],"_rootPartCFrame":[751.967,228.089,45.123,-0.167,0,0.986,0,1,0,-0.986,0,-0.167],"_humanoidState":5,"_cameraCFrame":[753.285,238.885,42.468,-0.46,-0.86,0.221,0,0.249,0.968,-0.888,0.446,-0.115],"_shiftlockState":true,"_pose":"FreeFall","_animationQueue":[],"_animationSpeed":1,"_zoom":9.6},{"_mousePosition":[683,384],"_rootPartCFrame":[751.906,228.802,44.908,-0.339,0,0.941,0,1,0,-0.941,0,-0.339],"_humanoidState":5,"_cameraCFrame":[753.094,239.529,41.965,-0.567,-0.792,0.227,0,0.276,0.961,-0.824,0.545,-0.156],"_shiftlockState":true,"_pose":"FreeFall","_animationQueue":[],"_animationSpeed":1,"_zoom":9.6},{"_mousePosition":[683,384],"_rootPartCFrame":[751.841,229.301,44.734,-0.482,0,0.876,0,1,0,-0.876,0,-0.482],"_humanoidState":5,"_cameraCFrame":[752.82,239.969,41.538,-0.661,-0.716,0.223,0,0.297,0.955,-0.75,0.631,-0.196],"_shiftlockState":true,"_pose":"FreeFall","_animationQueue":[],"_animationSpeed":1,"_zoom":9.6},{"_mousePosition":[683,384],"_rootPartCFrame":[751.685,230.064,44.451,-0.528,0,0.849,0,1,0,-0.849,0,-0.528],"_humanoidState":5,"_cameraCFrame":[752.42,240.709,41.126,-0.727,-0.654,0.209,0,0.304,0.953,-0.687,0.692,-0.221],"_shiftlockState":true,"_pose":"FreeFall","_animationQueue":[],"_animationSpeed":1,"_zoom":9.6},{"_mousePosition":[683,384],"_rootPartCFrame":[751.564,230.481,44.293,-0.655,0,0.756,0,1,0,-0.756,0,-0.655],"_humanoidState":5,"_cameraCFrame":[751.99,241.117,40.889,-0.79,-0.58