[{"_mousePosition":[691,276],"_rootPartCFrame":[776.031,222.7,47.142,-0.001,0,1,0,1,0,-1,0,-0.001],"_humanoidState":8,"_cameraCFrame":[780.25,239.011,47.142,0,-0.962,0.274,0,0.274,0.962,-1,0,0],"_shiftlockState":false,"_pose":"Standing","_animationQueue":[],"_animationSpeed":1,"_zoom":15.4},{"_mousePosition":[691,276],"_rootPartCFrame":[775.784,222.695,47.142,-0.001,0,1,0,1,0,-1,0,-0.001],"_humanoidState":8,"_cameraCFrame":[780.003,239.006,47.142,0,-0.962,0.274,0,0.274,0.962,-1,0,0],"_shiftlockState":false,"_pose":"Standing","_animationQueue":[["idle",0]],"_animationSpeed":1,"_zoom":15.4},{"_mousePosition":[691,276],"_rootPartCFrame":[775.518,222.697,47.142,-0.001,0,1,0,1,0,-1,0,-0.001],"_humanoidState":8,"_cameraCFrame":[779.737,239.008,47.142,0,-0.962,0.274,0,0.274,0.962,-1,0,0],"_shiftlockState":false,"_pose":"Running","_animationQueue":[["walk",0.1]],"_animationSpeed":1.066,"_zoom":15.4},{"_mousePosition":[691,276],"_rootPartCFrame":[775.252,222.698,47.142,-0.001,0,1,0,1,0,-1,0,-0.001],"_humanoidState":8,"_cameraCFrame":[779.47,239.009,47.142,0,-0.962,0.274,0,0.274,0.962,-1,0,0],"_shiftlockState":false,"_pose":"Running","_animationQueue":[],"_animationSpeed":1.066,"_zoom":15.4},{"_mousePosition":[691,276],"_rootPartCFrame":[774.985,222.699,47.142,-0.001,0,1,0,1,0,-1,0,-0.001],"_humanoidState":8,"_cameraCFrame":[779.204,239.01,47.142,0,-0.962,0.274,0,0.274,0.962,-1,0,0],"_shiftlockState":false,"_pose":"Running","_animationQueue":[],"_animationSpeed":1.066,"_zoom":15.4},{"_mousePosition":[691,276],"_rootPartCFrame":[774.718,222.699,47.142,0,0,1,0,1,0,-1,0,0],"_humanoidState":8,"_cameraCFrame":[778.937,239.01,47.142,0,-0.962,0.274,0,0.274,0.962,-1,0,0],"_shiftlockState":false,"_pose":"Running","_animationQueue":[],"_animationSpeed":1.066,"_zoom":15.4},{"_mousePosition":[691,276],"_rootPartCFrame":[774.452,222.699,47.142,0,0,1,0,1,0,-1,0,0],"_humanoidState":8,"_cameraCFrame":[778.67,239.01,47.142,0,-0.962,0.274,0,0.274,0.962,-1,0,0],"_shiftlockState":false,"_pose":"Running","_animationQueue":[],"_animationSpeed":1.066,"_zoom":15.4},{"_mousePosition":[691,276],"_rootPartCFrame":[774.185,222.7,47.142,0,0,1,0,1,0,-1,0,0],"_humanoidState":8,"_cameraCFrame":[778.403,239.01,47.142,0,-0.962,0.274,0,0.274,0.962,-1,0,0],"_shiftlockState":false,"_pose":"Running","_animationQueue":[],"_animationSpeed":1.066,"_zoom":15.4},{"_mousePosition":[691,276],"_rootPartCFrame":[773.918,222.7,47.142,0,0,1,0,1,0,-1,0,0],"_humanoidState":8,"_cameraCFrame":[778.137,239.011,47.142,0,-0.962,0.274,0,0.274,0.962,-1,0,0],"_shiftlockState":false,"_pose":"Running","_animationQueue":[],"_animationSpeed":1.066,"_zoom":15.4},{"_mousePosition":[691,276],"_rootPartCFrame":[773.651,222.7,47.142,0,0,1,0,1,0,-1,0,0],"_humanoidState":8,"_cameraCFrame":[777.87,239.011,47.142,0,-0.962,0.274,0,0.274,0.962,-1,0,0],"_shiftlockState":false,"_pose":"Running","_animationQueue":[["walk",0.1]],"_animationSpeed":1.066,"_zoom":15.4},{"_mousePosition":[691,276],"_rootPartCFrame":[773.385,222.7,47.142,0,0,1,0,1,0,-1,0,0],"_humanoidState":8,"_cameraCFrame":[777.603,239.011,47.142,0,-0.962,0.274,0,0.274,0.962,-1,0,0],"_shiftlockState":false,"_pose":"Running","_animationQueue":[],"_animationSpeed":1.066,"_zoom":15.4},{"_mousePosition":[691,276],"_rootPartCFrame":[773.118,222.7,47.142,0,0,1,0,1,0,-1,0,0],"_humanoidState":8,"_cameraCFrame":[777.336,239.011,47.142,0,-0.962,0.274,0,0.274,0.962,-1,0,0],"_shiftlockState":false,"_pose":"Running","_animationQueue":[],"_animationSpeed":1.066,"_zoom":15.4},{"_mousePosition":[691,276],"_rootPartCFrame":[772.851,222.7,47.142,0,0,1,0,1,0,-1,0,0],"_humanoidState":8,"_cameraCFrame":[777.07,239.011,47.142,0,-0.962,0.274,0,0.274,0.962,-1,0,0],"_shiftlockState":false,"_pose":"Running","_animationQueue":[],"_animationSpeed":1.066,"_zoom":15.4},{"_mousePosition":[691,276],"_rootPartCFrame":[772.585,222.7,47.142,0,0,1,0,1,0,-1,0,0],"_humanoidState":8,"_cameraCFrame":[776.803,239.011,47.142,0,-0.962,0.274,0,0.274,0.962,-1,0,0],"_shiftlockState":false,"_pose":"Running","_animationQueue":[],"_animationSpeed":1.066,"_zoom":15.4},{"_mousePosition":[691,276],"_rootPartCFrame":[772.318,222.7,47.142,0,0,1,0,1,0,-1,0,0],"_humanoidState":8,"_cameraCFrame":[776.536,239.011,47.142,0,-0.962,0.274,0,0.274,0.962,-1,0,0],"_shiftlockState":false,"_pose":"Running","_animationQueue":[],"_animationSpeed":1.066,"_zoom":15.4},{"_mousePosition":[691,276],"_rootPartCFrame":[772.051,222.7,47.142,0,0,1,0,1,0,-1,0,0],"_humanoidState":8,"_cameraCFrame":[776.27,239.011,47.142,0,-0.962,0.274,0,0.274,0.962,-1,0,0],"_shiftlockState":false,"_pose":"Running","_animationQueue":[],"_animationSpeed":1.066,"_zoom":15.4},{"_mousePosition":[691,276],"_rootPartCFrame":[771.784,222.7,47.142,0,0,1,0,1,0,-1,0,0],"_humanoidState":8,"_cameraCFrame":[776.003,239.011,47.142,0,-0.962,0.274,0,0.274,0.962,-1,0,0],"_shiftlockState":false,"_pose":"Running","_animationQueue":[["walk",0.1]],"_animationSpeed":1.066,"_zoom":15.4},{"_mousePosition":[691,276],"_rootPartCFrame":[771.518,222.7,47.142,0,0,1,0,1,0,-1,0,0],"_humanoidState":8,"_cameraCFrame":[775.736,239.011,47.142,0,-0.962,0.274,0,0.274,0.962,-1,0,0],"_shiftlockState":false,"_pose":"Running","_animationQueue":[],"_animationSpeed":1.066,"_zoom":15.4},{"_mousePosition":[691,276],"_rootPartCFrame":[771.251,222.7,47.142,0,0,1,0,1,0,-1,0,0],"_humanoidState":8,"_cameraCFrame":[775.469,239.011,47.142,0,-0.962,0.274,0,0.274,0.962,-1,0,0],"_shiftlockState":false,"_pose":"Running","_animationQueue":[],"_animationSpeed":1.066,"_zoom":15.4},{"_mousePosition":[691,276],"_rootPartCFrame":[770.984,222.7,47.142,0,0,1,0,1,0,-1,0,0],"_humanoidState":8,"_cameraCFrame":[775.203,239.011,47.142,0,-0.962,0.274,0,0.274,0.962,-1,0,0],"_shiftlockState":false,"_pose":"Running","_animationQueue":[],"_animationSpeed":1.066,"_zoom":15.4},{"_mousePosition":[691,276],"_rootPartCFrame":[770.717,222.7,47.142,0,0,1,0,1,0,-1,0,0],"_humanoidState":8,"_cameraCFrame":[774.936,239.011,47.142,0,-0.962,0.274,0,0.274,0.962,-1,0,0],"_shiftlockState":false,"_pose":"Running","_animationQueue":[],"_animationSpeed":1.066,"_zoom":15.4},{"_mousePosition":[691,276],"_rootPartCFrame":[770.451,222.7,47.142,0,0,1,0,1,0,-1,0,0],"_humanoidState":8,"_cameraCFrame":[774.669,239.011,47.142,0,-0.962,0.274,0,0.274,0.962,-1,0,0],"_shiftlockState":false,"_pose":"Running","_animationQueue":[],"_animationSpeed":1.066,"_zoom":15.4},{"_mousePosition":[691,276],"_rootPartCFrame":[770.184,222.666,47.142,0,0,1,0,1,0,-1,0,0],"_humanoidState":8,"_cameraCFrame":[774.403,238.977,47.142,0,-0.962,0.274,0,0.274,0.962,-1,0,0],"_shiftlockState":false,"_pose":"Running","_animationQueue":[],"_animationSpeed":1.066,"_zoom":15.4},{"_mousePosition":[691,276],"_rootPartCFrame":[769.918,222.577,47.142,0,0,1,0,1,0,-1,0,0],"_humanoidState":8,"_cameraCFrame":[774.136,238.888,47.142,0,-0.962,0.274,0,0.274,0.962,-1,0,0],"_shiftlockState":false,"_pose":"Running","_animationQueue":[["walk",0.1]],"_animationSpeed":1.066,"_zoom":15.4},{"_mousePosition":[691,276],"_rootPartCFrame":[769.651,222.434,47.142,0,0,1,0,1,0,-1,0,0],"_humanoidState":8,"_cameraCFrame":[773.869,238.745,47.142,0,-0.962,0.274,0,0.274,0.962,-1,0,0],"_shiftlockState":false,"_pose":"Running","_animationQueue":[],"_animationSpeed":1.066,"_zoom":15.4},{"_mousePosition":[691,276],"_rootPartCFrame":[769.384,222.236,47.142,0,0,1,0,1,0,-1,0,0],"_humanoidState":8,"_cameraCFrame":[773.603,238.547,47.142,0,-0.962,0.274,0,0.274,0.962,-1,0,0],"_shiftlockState":false,"_pose":"Running","_animationQueue":[],"_animationSpeed":1.066,"_zoom":15.4},{"_mousePosition":[691,276],"_rootPartCFrame":[769.118,223.11,47.142,0,0,1,0,1,0,-1,0,0],"_humanoidState":3,"_cameraCFrame":[773.336,239.42,47.142,0,-0.962,0.274,0,0.274,0.962,-1,0,0],"_shiftlockState":false,"_pose":"Jumping","_animationQueue":[["walk",0.1],["jump",0.1]],"_animationSpeed":1,"_zoom":15.4},{"_mousePosition":[691,276],"_rootPartCFrame":[768.851,223.932,47.142,0,0,1,0,1,0,-1,0,0],"_humanoidState":5,"_cameraCFrame":[773.07,240.242,47.142,0,-0.962,0.274,0,0.274,0.962,-1,0,0],"_shiftlockState":false,"_pose":"FreeFall","_animationQueue":[["jump",0.1]],"_animationSpeed":1,"_zoom":15.4},{"_mousePosition":[691,276],"_rootPartCFrame":[768.585,224.699,47.142,0,0,1,0,1,0,-1,0,0],"_humanoidState":5,"_cameraCFrame":[772.803,241.01,47.142,0,-0.962,0.274,0,0.274,0.962,-1,0,0],"_shiftlockState":false,"_pose":"FreeFall","_animationQueue":[],"_animationSpeed":1,"_zoom":15.4},{"_mousePosition":[691,276],"_rootPartCFrame":[768.318,225.412,47.142,0,0,1,0,1,0,-1,0,0],"_humanoidState":5,"_cameraCFrame":[772.536,241.723,47.142,0,-0.962,0.274,0,0.274,0.962,-1,0,0],"_shiftlockState":false,"_pose":"FreeFall","_animationQueue":[],"_animationSpeed":1,"_zoom":15.4},{"_mousePosition":[691,276],"_rootPartCFrame":[768.051,226.071,47.142,0,0,1,0,1,0,-1,0,0],"_humanoidState":5,"_cameraCFrame":[772.27,242.382,47.142,0,-0.962,0.274,0,0.274,0.962,-1,0,0],"_shiftlockState":false,"_pose":"FreeFall","_animationQueue":[],"_animationSpeed":1,"_zoom":15.4},{"_mousePosition":[691,276],"_rootPartCFrame":[767.785,226.675,47.142,0,0,1,0,1,0,-1,0,0],"_humanoidState":5,"_cameraCFrame":[772.003,242.986,47.142,0,-0.962,0.274,0,0.274,0.962,-1,0,0],"_shiftlockState":false,"_pose":"FreeFall","_animationQueue":[],"_animationSpeed":1,"_zoom":15.4},{"_mousePosition":[691,276],"_rootPartCFrame":[767.518,227.224,47.142,0,0,1,0,1,0,-1,0,0],"_humanoidState":5,"_cameraCFrame":[771.737,243.535,47.142,0,-0.962,0.274,0,0.274,0.962,-1,0,0],"_shiftlockState":false,"_pose":"FreeFall","_animationQueue":[],"_animationSpeed":1,"_zoom":15.4},{"_mousePosition":[691,276],"_rootPartCFrame":[767.252,227.719,47.142,0,0,1,0,1,0,-1,0,0],"_humanoidState":5,"_cameraCFrame":[771.47,244.03,47.142,0,-0.962,0.274,0,0.274,0.962,-1,0,0],"_shiftlockState":false,"_pose":"FreeFall","_animationQueue":[],"_animationSpeed":1,"_zoom":15.4},{"_mousePosition":[691,276],"_rootPartCFrame":[766.985,228.16,47.142,0,0,1,0,1,0,-1,0,0],"_humanoidState":5,"_cameraCFrame":[771.203,244.471,47.142,0,-0.962,0.274,0,0.274,0.962,-1,0,0],"_shiftlockState":false,"_pose":"FreeFall","_animationQueue":[],"_animationSpeed":1,"_zoom":15.4},{"_mousePosition":[691,276],"_rootPartCFrame":[766.718,228.546,47.142,0,0,1,0,1,0,-1,0,0],"_humanoidState":5,"_cameraCFrame":[770.937,244.857,47.142,0,-0.962,0.274,0,0.274,0.962,-1,0,0],"_shiftlockState":false,"_pose":"FreeFall","_animationQueue":[],"_animationSpeed":1,"_zoom":15.4},{"_mousePosition":[691,276],"_rootPartCFrame":[766.452,228.877,47.142,0,0,1,0,1,0,-1,0,0],"_humanoidState":5,"_cameraCFrame":[770.67,245.188,47.142,0,-0.962,0.274,0,0.274,0.962,-1,0,0],"_shiftlockState":false,"_pose":"FreeFall","_animationQueue":[],"_animationSpeed":1,"_zoom":15.4},{"_mousePosition":[691,276],"_rootPartCFrame":[766.185,229.154,47.142,0,0,1,0,1,0,-1,0,0],"_humanoidState":5,"_cameraCFrame":[770.404,245.465,47.142,0,-0.962,0.274,0,0.274,0.962,-1,0,0],"_shiftlockState":false,"_pose":"FreeFall","_animationQueue":[],"_animationSpeed":1,"_zoom":15.4},{"_mousePosition":[691,276],"_rootPartCFrame":[765.919,229.377,47.142,0,0,1,0,1,0,-1,0,0],"_humanoidState":5,"_cameraCFrame":[770.137,245.688,47.142,0,-0.962,0.274,0,0.274,0.962,-1,0,0],"_shiftlockState":false,"_pose":"FreeFall","_animationQueue":[],"_animationSpeed":1,"_zoom":15.4},{"_mousePosition":[691,276],"_rootPartCFrame":[765.652,229.545,47.142,0,0,1,0,1,0,-1,0,0],"_humanoidState":5,"_cameraCFrame":[769.87,245.856,47.142,0,-0.962,0.274,0,0.274,0.962,-1,0,0],"_shiftlockState":false,"_pose":"FreeFall","_animationQueue":[],"_animationSpeed":1,"_zoom":15.4},{"_mousePosition":[691,276],"_rootPartCFrame":[765.319,229.678,47.142,0,0,1,0,1,0,-1,0,0],"_humanoidState":5,"_cameraCFrame":[769.537,245.989,47.142,0,-0.962,0.274,0,0.274,0.962,-1,0,0],"_shiftlockState":false,"_pose":"FreeFall","_animationQueue":[],"_animationSpeed":1,"_zoom":15.4},{"_mousePosition":[691,276],"_rootPartCFrame":[765.052,229.724,47.142,0,0,1,0,1,0,-1,0,0],"_humanoidState":5,"_cameraCFrame":[769.271,246.035,47.142,0,-0.962,0.274,0,0.274,0.962,-1,0,0],"_shiftlockState":false,"_pose":"FreeFall","_animationQueue":[],"_animationSpeed":1,"_zoom":15.4},{"_mousePosition":[691,276],"_rootPartCFrame":[764.785,229.714,47.142,0,0,1,0,1,0,-1,0,0],"_humanoidState":5,"_cameraCFrame":[769.004,246.025,47.142,0,-0.962,0.274,0,0.274,0.962,-1,0,0],"_shiftlockState":false,"_pose":"FreeFall","_animationQueue":[["fall",0.3]],"_animationSpeed":1,"_zoom":15.4},{"_mousePosition":[691,276],"_rootPartCFrame":[764.519,229.651,47.142,0,0,1,0,1,0,-1,0,0],"_humanoidState":5,"_cameraCFrame":[768.737,245.962,47.142,0,-0.962,0.274,0,0.274,0.962,-1,0,0],"_shiftlockState":false,"_pose":"FreeFall","_animationQueue":[],"_animationSpeed":1,"_zoom":15.4},{"_mousePosition":[691,276],"_rootPartCFrame":[764.252,229.533,47.142,0,0,1,0,1,0,-1,0,0],"_humanoidState":5,"_cameraCFrame":[768.471,245.844,47.142,0,-0.962,0.274,0,0.274,0.962,-1,0,0],"_shiftlockState":false,"_pose":"FreeFall","_animationQueue":[],"_animationSpeed":1,"_zoom":15.4},{"_mousePosition":[691,276],"_rootPartCFrame":[764.052,229.408,47.142,0,0,1,0,1,0,-1,0,0],"_humanoidState":5,"_cameraCFrame":[768.271,245.719,47.142,0,-0.962,0.274,0,0.274,0.962,-1,0,0],"_shiftlockState":false,"_pose":"FreeFall","_animationQueue":[],"_animationSpeed":1,"_zoom":15.4},{"_mousePosition":[691,276],"_rootPartCFrame":[763.719,229.133,47.142,0,0,1,0,1,0,-1,0,0],"_humanoidState":5,"_cameraCFrame":[767.938,245.444,47.142,0,-0.962,0.274,0,0.274,0.962,-1,0,0],"_shiftlockState":false,"_pose":"FreeFall","_animationQueue":[],"_animationSpeed":1,"_zoom":15.4},{"_mousePosition":[691,275],"_rootPartCFrame":[763.452,228.851,47.142,0,0,1,0,1,0,-1,0,0],"_humanoidState":5,"_cameraCFrame":[767.671,245.162,47.142,0,-0.962,0.274,0,0.274,0.962,-1,0,0],"_shiftlockState":false,"_pose":"FreeFall","_animationQueue":[],"_animationSpeed":1,"_zoom":15.4},{"_mousePosition":[693,272],"_rootPartCFrame":[763.253,228.604,47.142,0,0,1,0,1,0,-1,0,0],"_humanoidState":5,"_cameraCFrame":[767.471,244.915,47.142,0,-0.962,0.274,0,0.274,0.962,-1,0,0],"_shiftlockState":false,"_pose":"FreeFall","_animationQueue":[],"_animationSpeed":1,"_zoom":15.4},{"_mousePosition":[697,267],"_rootPartCFrame":[762.986,228.228,47.142,0,0,1,0,1,0,-1,0,0],"_humanoidState":5,"_cameraCFrame":[767.204,244.538,47.142,0,-0.962,0.274,0,0.274,0.962,-1,0,0],"_shiftlockState":false,"_pose":"FreeFall","_animationQueue":[["fall",0.3]],"_animationSpeed":1,"_zoom":15.4},{"_mousePosition":[701,260],"_rootPartCFrame":[762.719,227.796,47.142,0,0,1,0,1,0,-1,0,0],"_humanoidState":5,"_cameraCFrame":[766.938,244.107,47.142,0,-0.962,0.274,0,0.274,0.962,-1,0,0],"_shiftlockState":false,"_pose":"FreeFall","_animationQueue":[],"_animationSpeed":1,"_zoom":15.4},{"_mousePosition":[707,249],"_rootPartCFrame":[762.453,227.31,47.142,0,0,1,0,1,0,-1,0,0],"_humanoidState":5,"_cameraCFrame":[766.671,243.621,47.142,0,-0.962,0.274,0,0.274,0.962,-1,0,0],"_shiftlockState":false,"_pose":"FreeFall","_animationQueue":[],"_animationSpeed":1,"_zoom":15.4},{"_mousePosition":[713,236],"_rootPartCFrame":[762.186,226.77,47.142,0,0,1,0,1,0,-1,0,0],"_humanoidState":5,"_cameraCFrame":[766.405,243.081,47.142,0,-0.962,0.274,0,0.274,0.962,-1,0,0],"_shiftlockState":false,"_pose":"FreeFall","_animationQueue":[],"_animationSpeed":1,"_zoom":15.4},{"_mousePosition":[720,219],"_rootPartCFrame":[761.919,226.175,47.142,0,0,1,0,1,0,-1,0,0],"_humanoidState":5,"_cameraCFrame":[766.138,242.486,47.142,0,-0.962,0.274,0,0.274,0.962,-1,0,0],"_shiftlockState":false,"_pose":"FreeFall","_animationQueue":[],"_animationSpeed":1,"_zoom":15.4},{"_mousePosition":[726,203],"_rootPartCFrame":[761.653,225.525,47.142,0,0,1,0,1,0,-1,0,0],"_humanoidState":5,"_cameraCFrame":[765.871,241.836,47.142,0,-0.962,0.274,0,0.274,0.962,-1,0,0],"_shiftlockState":false,"_pose":"FreeFall","_animationQueue":[],"_animationSpeed":1,"_zoom":15.4},{"_mousePosition":[730,185],"_rootPartCFrame":[761.386,224.821,47.142,0,0,1,0,1,0,-1,0,0],"_humanoidState":5,"_cameraCFrame":[765.605,241.132,47.142,0,-0.962,0.274,0,0.274,0.962,-1,0,0],"_shiftlockState":false,"_pose":"FreeFall","_animationQueue":[["fall",0.3]],"_animationSpeed":1,"_zoom":15.4},{"_mousePosition":[734,164],"_rootPartCFrame":[761.12,224.063,47.142,0,0,1,0,1,0,-1,0,0],"_humanoidState":7,"_cameraCFrame":[765.338,240.374,47.142,0,-0.962,0.274,0,0.274,0.962,-1,0,0],"_shiftlockState":false,"_pose":"FreeFall","_animationQueue":[["walk",0.1],["fall",0.3],["fall",0.3]],"_animationSpeed":1,"_zoom":15.4},{"_mousePosition":[740,141],"_rootPartCFrame":[760.853,223.703,47.142,0,0,1,0,1,0,-1,0,0],"_humanoidState":7,"_cameraCFrame":[765.072,240.014,47.142,0,-0.962,0.274,0,0.274,0.962,-1,0,0],"_shiftlockState":false,"_pose":"FreeFall","_animationQueue":[],"_animationSpeed":1,"_zoom":15.4},{"_mousePosition":[753,95],"_rootPartCFrame":[760.52,223.795,47.142,0,0,1,0,1,0,-1,0,0],"_humanoidState":8,"_cameraCFrame":[764.738,240.106,47.142,0,-0.962,0.274,0,0.274,0.962,-1,0,0],"_shiftlockState":false,"_pose":"Running","_animationQueue":[["walk",0.1],["fall",0.3],["walk",0.1]],"_animationSpeed":1.103,"_zoom":15.4},{"_mousePosition":[762,69],"_rootPartCFrame":[760.253,224.668,47.142,0,0,1,0,1,0,-1,0,0],"_humanoidState":3,"_cameraCFrame":[764.472,240.979,47.142,0,-0.962,0.274,0,0.274,0.962,-1,0,0],"_shiftlockState":false,"_pose":"Jumping","_animationQueue":[["walk",0.1],["jump",0.1]],"_animationSpeed":1,"_zoom":15.4},{"_mousePosition":[772,36],"_rootPartCFrame":[759.987,225.49,47.142,0,0,1,0,1,0,-1,0,0],"_humanoidState":5,"_cameraCFrame":[764.205,241.801,47.142,0,-0.962,0.274,0,0.274,0.962,-1,0,0],"_shiftlockState":false,"_pose":"FreeFall","_animationQueue":[["jump",0.1]],"_animationSpeed":1,"_zoom":15.4},{"_mousePosition":[778,14],"_rootPartCFrame":[759.72,226.258,47.142,0,0,1,0,1,0,-1,0,0],"_humanoidState":5,"_cameraCFrame":[763.938,242.569,47.142,0,-0.962,0.274,0,0.274,0.962,-1,0,0],"_shiftlockState":false,"_pose":"FreeFall","_animationQueue":[],"_animationSpeed":1,"_zoom":15.4},{"_mousePosition":[778,14],"_rootPartCFrame":[759.453,226.971,47.142,0,0,1,0,1,0,-1,0,0],"_humanoidState":5,"_cameraCFrame":[763.672,243.282,47.142,0,-0.962,0.274,0,0.274,0.962,-1,0,0],"_shiftlockState":false,"_pose":"FreeFall","_animationQueue":[],"_animationSpeed":1,"_zoom":15.4},{"_mousePosition":[778,14],"_rootPartCFrame":[759.187,227.63,47.142,0,0,1,0,1,0,-1,0,0],"_humanoidState":5,"_cameraCFrame":[763.405,243.941,47.142,0,-0.962,0.274,0,0.274,0.962,-1,0,0],"_shiftlockState":false,"_pose":"FreeFall","_animationQueue":[],"_animationSpeed":1,"_zoom":15.4},{"_mousePosition":[778,14],"_rootPartCFrame":[758.945,228.234,47.142,0,0,1,0,1,0,-1,0,0],"_humanoidState":5,"_cameraCFrame":[763.163,244.545,47.142,0,-0.962,0.274,0,0.274,0.962,-1,0,0],"_shiftlockState":false,"_pose":"FreeFall","_animationQueue":[],"_animationSpeed":1,"_zoom":15.4},{"_mousePosition":[778,14],"_rootPartCFrame":[758.743,228.783,47.142,0,0,1,0,1,0,-1,0,0],"_humanoidState":5,"_cameraCFrame":[762.961,245.094,47.142,0,-0.962,0.274,0,0.274,0.962,-1,0,0],"_shiftlockState":false,"_pose":"FreeFall","_animationQueue":[],"_animationSpeed":1,"_zoom":15.4},{"_mousePosition":[778,14],"_rootPartCFrame":[758.58,229.278,47.142,0,0,1,0,1,0,-1,0,0],"_humanoidState":5,"_cameraCFrame":[762.799,245.589,47.142,0,-0.962,0.274,0,0.274,0.962,-1,0,0],"_shiftlockState":false,"_pose":"FreeFall","_animationQueue":[],"_animationSpeed":1,"_zoom":15.4},{"_mousePosition":[778,14],"_rootPartCFrame":[758.458,229.719,47.142,0,0,1,0,1,0,-1,0,0],"_humanoidState":5,"_cameraCFrame":[762.676,246.03,47.142,0,-0.962,0.274,0,0.274,0.962,-1,0,0],"_shiftlockState":false,"_pose":"FreeFall","_animationQueue":[],"_animationSpeed":1,"_zoom":15.4},{"_mousePosition":[778,14],"_rootPartCFrame":[758.375,230.105,47.142,0,0,1,0,1,0,-1,0,0],"_humanoidState":5,"_cameraCFrame":[762.593,246.416,47.142,0,-0.962,0.274,0,0.274,0.962,-1,0,0],"_shiftlockState":false,"_pose":"FreeFall","_animationQueue":[],"_animationSpeed":1,"_zoom":15.4},{"_mousePosition":[778,14],"_rootPartCFrame":[758.331,230.436,47.142,0,0,1,0,1,0,-1,0,0],"_humanoidState":5,"_cameraCFrame":[762.55,246.747,47.142,0,-0.962,0.274,0,0.274,0.962,-1,0,0],"_shiftlockState":false,"_pose":"FreeFall","_animationQueue":[],"_animationSpeed":1,"_zoom":15.4},{"_mousePosition":[778,14],"_rootPartCFrame":[758.324,230.713,47.142,0,0,1,0,1,0,-1,0,0],"_humanoidState":5,"_cameraCFrame":[762.542,247.024,47.142,0,-0.962,0.274,0,0.274,0.962,-1,0,0],"_shiftlockState":false,"_pose":"FreeFall","_animationQueue":[],"_animationSpeed":1,"_zoom":15.4},{"_mousePosition":[778,14],"_rootPartCFrame":[758.323,230.936,47.142,0,0,1,0,1,0,-1,0,0],"_humanoidState":5,"_cameraCFrame":[762.542,247.247,47.142,0,-0.962,0.274,0,0.274,0.962,-1,0,0],"_shiftlockState":false,"_pose":"FreeFall","_animationQueue":[],"_animationSpeed":1,"_zoom":15.4},{"_mousePosition":[778,14],"_rootPartCFrame":[758.323,231.104,47.142,0,0,1,0,1,0,-1,0,0],"_humanoidState":5,"_cameraCFrame":[762.542,247.415,47.142,0,-0.962,0.274,0,0.274,0.962,-1,0,0],"_shiftlockState":false,"_pose":"FreeFall","_animationQueue":[],"_animationSpeed":1,"_zoom":15.4},{"_mousePosition":[778,14],"_rootPartCFrame":[758.323,231.217,47.142,0,0,1,0,1,0,-1,0,0],"_humanoidState":5,"_cameraCFrame":[762.542,247.528,47.142,0,-0.962,0.274,0,0.274,0.962,-1,0,0],"_shiftlockState":false,"_pose":"FreeFall","_animationQueue":[],"_animationSpeed":1,"_zoom":15.4},{"_mousePosition":[778,14],"_rootPartCFrame":[758.323,231.276,47.142,0,0,1,0,1,0,-1,0,0],"_humanoidState":5,"_cameraCFrame":[762.542,247.587,47.142,0,-0.962,0.274,0,0.274,0.962,-1,0,0],"_shiftlockState":false,"_pose":"FreeFall","_animationQueue":[],"_animationSpeed":1,"_zoom":15.4},{"_mousePosition":[778,14],"_rootPartCFrame":[758.323,231.281,47.142,0,0,1,0,1,0,-1,0,0],"_humanoidState":5,"_cameraCFrame":[762.542,247.592,47.142,0,-0.962,0.274,0,0.274,0.962,-1,0,0],"_shiftlockState":false,"_pose":"FreeFall","_animationQueue":[["fall",0.3]],"_animationSpeed":1,"_zoom":15.4},{"_mousePosition":[778,14],"_rootPartCFrame":[758.323,231.231,47.142,0,0,1,0,1,0,-1,0,0],"_humanoidState":5,"_cameraCFrame":[762.542,247.542,47.142,0,-0.962,0.274,0,0.274,0.962,-1,0,0],"_shiftlockState":false,"_pose":"FreeFall","_animationQueue":[],"_animationSpeed":1,"_zoom":15.4},{"_mousePosition":[778,14],"_rootPartCFrame":[758.323,231.126,47.142,0,0,1,0,1,0,-1,0,0],"_humanoidState":5,"_cameraCFrame":[762.542,247.437,47.142,0,-0.962,0.274,0,0.274,0.962,-1,0,0],"_shiftlockState":false,"_pose":"FreeFall","_animationQueue":[],"_animationSpeed":1,"_zoom":15.4},{"_mousePosition":[778,14],"_rootPartCFrame":[758.323,230.967,47.142,0,0,1,0,1,0,-1,0,0],"_humanoidState":5,"_cameraCFrame":[762.542,247.278,47.142,0,-0.962,0.274,0,0.274,0.962,-1,0,0],"_shiftlockState":false,"_pose":"FreeFall","_animationQueue":[],"_animationSpeed":1,"_zoom":15.4},{"_mousePosition":[778,14],"_rootPartCFrame":[758.323,230.692,47.142,0,0,1,0,1,0,-1,0,0],"_humanoidState":5,"_cameraCFrame":[762.542,247.003,47.142,0,-0.962,0.274,0,0.274,0.962,-1,0,0],"_shiftlockState":false,"_pose":"FreeFall","_animationQueue":[],"_animationSpeed":1,"_zoom":15.4},{"_mousePosition":[778,14],"_rootPartCFrame":[758.309,230.486,47.142,0,0,1,0,1,0,-1,0,0],"_humanoidState":5,"_cameraCFrame":[762.527,246.797,47.142,0,-0.962,0.274,0,0.274,0.962,-1,0,0],"_shiftlockState":false,"_pose":"FreeFall","_animationQueue":[],"_animationSpeed":1,"_zoom":15.4},{"_mousePosition":[778,14],"_rootPartCFrame":[758.212,229.982,47.142,0,0,1,0,1,0,-1,0,0],"_humanoidState":5,"_cameraCFrame":[762.43,246.293,47.142,0,-0.962,0.274,0,0.274,0.962,-1,0,0],"_shiftlockState":false,"_pose":"FreeFall","_animationQueue":[["fall",0.3]],"_animationSpeed":1,"_zoom":15.4},{"_mousePosition":[778,14],"_rootPartCFrame":[758.098,229.578,47.142,0,0,1,0,1,0,-1,0,0],"_humanoidState":5,"_cameraCFrame":[762.316,245.888,47.142,0,-0.962,0.274,0,0.274,0.962,-1,0,0],"_shiftlockState":false,"_pose":"FreeFall","_animationQueue":[],"_animationSpeed":1,"_zoom":15.4},{"_mousePosition":[778,14],"_rootPartCFrame":[757.986,229.239,47.142,0,0,1,0,1,0,-1,0,0],"_humanoidState":5,"_cameraCFrame":[762.204,245.55,47.142,0,-0.962,0.274,0,0.274,0.962,-1,0,0],"_shiftlockState":false,"_pose":"FreeFall","_animationQueue":[],"_animationSpeed":1,"_zoom":15.4},{"_mousePosition":[778,14],"_rootPartCFrame":[757.802,228.739,47.142,0,0,1,0,1,0,-1,0,0],"_humanoidState":5,"_cameraCFrame":[762.021,245.05,47.142,0,-0.962,0.274,0,0.274,0.962,-1,0,0],"_shiftlockState":false,"_pose":"FreeFall","_animationQueue":[],"_animationSpeed":1,"_zoom":15.4},{"_mousePosition":[778,14],"_rootPartCFrame":[757.579,228.185,47.142,0,0,1,0,1,0,-1,0,0],"_humanoidState":5,"_cameraCFrame":[761.797,244.496,47.142,0,-0.962,0.274,0,0.274,0.962,-1,0,0],"_shiftlockState":false,"_pose":"FreeFall","_animationQueue":[],"_animationSpeed":1,"_zoom":15.4},{"_mousePosition":[778,14],"_rootPartCFrame":[757.32,227.576,47.142,0,0,1,0,1,0,-1,0,0],"_humanoidState":5,"_cameraCFrame":[761.538,243.887,47.142,0,-0.962,0.274,0,0.274,0.962,-1,0,0],"_shiftlockState":false,"_pose":"FreeFall","_animationQueue":[],"_animationSpeed":1,"_zoom":15.4},{"_mousePosition":[778,14],"_rootPartCFrame":[757.12,227.084,47.142,0,0,1,0,1,0,-1,0,0],"_humanoidState":5,"_cameraCFrame":[761.339,243.395,47.142,0,-0.962,0.274,0,0.274,0.962,-1,0,0],"_shiftlockState":false,"_pose":"FreeFall","_animationQueue":[],"_animationSpeed":1,"_zoom":15.4},{"_mousePosition":[778,14],"_rootPartCFrame":[756.853,226.38,47.142,0,0,1,0,1,0,-1,0,0],"_humanoidState":5,"_cameraCFrame":[761.072,242.691,47.142,0,-0.962,0.274,0,0.274,0.962,-1,0,0],"_shiftlockState":false,"_pose":"FreeFall","_animationQueue":[["fall",0.3]],"_animationSpeed":1,"_zoom":15.4},{"_mousePosition":[778,14],"_rootPartCFrame":[756.612,225.622,47.142,0,0,1,0,1,0,-1,0,0],"_humanoidState":5,"_cameraCFrame":[760.83,241.933,47.142,0,-0.962,0.274,0,0.274,0.962,-1,0,0],"_shiftlockState":false,"_pose":"FreeFall","_animationQueue":[],"_animationSpeed":1,"_zoom":15.4},{"_mousePosition":[778,14],"_rootPartCFrame":[756.577,224.845,47.142,0,0.028,1,0,1,-0.028,-1,0,0],"_humanoidState":5,"_cameraCFrame":[760.838,241.155,47.142,0,-0.962,0.274,0,0.274,0.962,-1,0,0],"_shiftlockState":false,"_pose":"FreeFall","_animationQueue":[],"_animationSpeed":1,"_zoom":15.4},{"_mousePosition":[778,14],"_rootPartCFrame":[756.771,224.049,47.142,-0.285,0.017,0.958,0.005,1,-0.016,-0.958,0.001,-0.285],"_humanoidState":7,"_cameraCFrame":[761.015,240.36,47.143,0,-0.962,0.274,0,0.274,0.962,-1,0,0],"_shiftlockState":false,"_pose":"FreeFall","_animationQueue":[["walk",0.1],["fall",0.3],["fall",0.3]],"_animationSpeed":1,"_zoom":15.4},{"_mousePosition":[778,14],"_rootPartCFrame":[757.035,223.676,47.142,-0.618,-0.008,0.786,-0.002,1,0.008,-0.786,0.003,-0.618],"_humanoidState":7,"_cameraCFrame":[761.242,239.987,47.147,0,-0.962,0.274,0,0.274,0.962,-1,0,0],"_shiftlockState":false,"_pose":"FreeFall","_animationQueue":[],"_animationSpeed":1,"_zoom":15.4},{"_mousePosition":[778,14],"_rootPartCFrame":[757.305,223.74,47.141,-0.848,-0.006,0.531,-0.004,1,0.004,-0.531,0.002,-0.848],"_humanoidState":8,"_cameraCFrame":[761.514,240.051,47.144,0,-0.962,0.274,0,0.274,0.962,-1,0,0],"_shiftlockState":false,"_pose":"Running","_animationQueue":[["walk",0.1],["fall",0.3],["walk",0.1]],"_animationSpeed":1.113,"_zoom":15.4},{"_mousePosition":[778,14],"_rootPartCFrame":[757.572,224.623,47.141,-0.975,0,0.222,-0.001,1,-0.001,-0.222,-0.002,-0.975],"_humanoidState":3,"_cameraCFrame":[761.79,240.934,47.138,0,-0.962,0.274,0,0.274,0.962,-1,0,0],"_shiftlockState":false,"_pose":"Jumping","_animationQueue":[["walk",0.1],["walk",0.1],["jump",0.1]],"_animationSpeed":1,"_zoom":15.4},{"_mousePosition":[778,14],"_rootPartCFrame":[758.641,228.157,47.139,-0.44,0.015,-0.898,0.021,1,0.006,0.898,-0.016,-0.441],"_humanoidState":3,"_cameraCFrame":[762.881,244.467,45.365,0,-0.962,0.274,0,0.274,0.962,-1,0,0],"_shiftlockState":true,"_pose":"Jumping","_animationQueue":[],"_animationSpeed":1,"_zoom":15.4},{"_mousePosition":[683,357.5],"_rootPartCFrame":[758.881,229.006,47.135,-0.103,0.001,0.995,0.011,1,0.001,-0.995,0.011,-0.103],"_humanoidState":5,"_cameraCFrame":[763.1,245.317,45.401,0,-0.962,0.274,0,0.274,0.962,-1,0,0],"_shiftlockState":true,"_pose":"FreeFall","_animationQueue":[["jump",0.1]],"_animationSpeed":1,"_zoom":15.4},{"_mousePosition":[683,357.5],"_rootPartCFrame":[758.985,229.41,47.133,-0.009,0,1,0.006,1,0,-1,0.006,-0.009],"_humanoidState":5,"_cameraCFrame":[763.204,245.721,45.392,0,-0.962,0.274,0,0.274,0.962,-1,0,0],"_shiftlockState":true,"_pose":"FreeFall","_animationQueue":[],"_animationSpeed":1,"_zoom":15.4},{"_mousePosition":[683,357.5],"_rootPartCFrame":[759.123,229.991,47.131,-0.004,0,1,0.002,1,0,-1,0.002,-0.004],"_humanoidState":5,"_cameraCFrame":[763.342,246.302,45.383,0,-0.962,0.274,0,0.274,0.962,-1,0,0],"_shiftlockState":true,"_pose":"FreeFall","_animationQueue":[],"_animationSpeed":1,"_zoom":15.4},{"_mousePosition":[683,357.5],"_rootPartCFrame":[759.238,230.541,47.129,-0.001,0,1,0,1,0,-1,0,-0.001],"_humanoidState":5,"_cameraCFrame":[763.456,246.852,45.379,0,-0.962,0.274,0,0.274,0.962,-1,0,0],"_shiftlockState":true,"_pose":"FreeFall","_animationQueue":[],"_animationSpeed":1,"_zoom":15.4},{"_mousePosition":[683,357.5],"_rootPartCFrame":[759.356,231.227,47.128,0,0,1,0,1,0,-1,0,0],"_humanoidState":5,"_cameraCFrame":[763.575,247.538,45.378,0,-0.962,0.274,0,0.274,0.962,-1,0,0],"_shiftlockState":true,"_pose":"FreeFall","_animationQueue":[],"_animationSpeed":1,"_zoom":15.4},{"_mousePosition":[683,357.5],"_rootPartCFrame":[759.435,231.858,47.127,0,0,1,0,1,0,-1,0,0],"_humanoidState":5,"_cameraCFrame":[763.654,248.169,45.377,0,-0.962,0.274,0,0.274,0.962,-1,0,0],"_shiftlockState":true,"_pose":"FreeFall","_animationQueue":[],"_animationSpeed":1,"_zoom":15.4},{"_mousePosition":[683,357.5],"_rootPartCFrame":[759.475,232.435,47.127,0,0,1,0,1,0,-1,0,0],"_humanoidState":5,"_cameraCFrame":[763.693,248.746,45.377,0,-0.962,0.274,0,0.274,0.962,-1,0,0],"_shiftlockState":true,"_pose":"FreeFall","_animationQueue":[],"_animationSpeed":1,"_zoom":15.4},{"_mousePosition":[683,357.5],"_rootPartCFrame":[759.474,232.957,47.126,0,0,1,0,1,0,-1,0,0],"_humanoidState":5,"_cameraCFrame":[763.693,249.268,45.376,0,-0.962,0.274,0,0.274,0.962,-1,0,0],"_shiftlockState":true,"_pose":"FreeFall","_animationQueue":[],"_animationSpeed":1,"_zoom":15.4},{"_mousePosition":[683,357.5],"_rootPartCFrame":[759.434,233.425,47.125,0,0,1,0,1,0,-1,0,0],"_humanoidState":5,"_cameraCFrame":[763.653,249.736,45.375,0,-0.962,0.274,0,0.274,0.962,-1,0,0],"_shiftlockState":true,"_pose":"FreeFall","_animationQueue":[],"_animationSpeed":1,"_zoom":15.4},{"_mousePosition":[683,357.5],"_rootPartCFrame":[759.354,233.838,47.125,0,0,1,0,1,0,-1,0,0],"_humanoidState":5,"_cameraCFrame":[763.573,250.149,45.375,0,-0.962,0.274,0,0.274,0.962,-1,0,0],"_shiftlockState":true,"_pose":"FreeFall","_animationQueue":[],"_animationSpeed":1,"_zoom":15.4},{"_mousePosition":[683,357.5],"_rootPartCFrame":[759.235,234.197,47.124,0,0,1,0,1,0,-1,0,0],"_humanoidState":5,"_cameraCFrame":[763.453,250.508,45.374,0,-0.962,0.274,0,0.274,0.962,-1,0,0],"_shiftlockState":true,"_pose":"FreeFall","_animationQueue":[],"_animationSpeed":1,"_zoom":15.4},{"_mousePosition":[683,357.5],"_rootPartCFrame":[759.075,234.501,47.124,0,0,1,0,1,0,-1,0,0],"_humanoidState":5,"_cameraCFrame":[763.294,250.812,45.374,0,-0.962,0.274,0,0.274,0.962,-1,0,0],"_shiftlockState":true,"_pose":"FreeFall","_animationQueue":[],"_animationSpeed":1,"_zoom":15.4},{"_mousePosition":[683,357.5],"_rootPartCFrame":[758.876,234.751,47.124,0,0,1,0,1,0,-1,0,0],"_humanoidState":5,"_cameraCFrame":[763.095,251.062,45.374,0,-0.962,0.274,0,0.274,0.962,-1,0,0],"_shiftlockState":true,"_pose":"FreeFall","_animationQueue":[],"_animationSpeed":1,"_zoom":15.4},{"_mousePosition":[683,357.5],"_rootPartCFrame":[758.638,234.946,47.124,0,0,1,0,1,0,-1,0,0],"_humanoidState":5,"_cameraCFrame":[762.856,251.257,45.374,0,-0.962,0.274,0,0.274,0.962,-1,0,0],"_shiftlockState":true,"_pose":"FreeFall","_animationQueue":[],"_animationSpeed":1,"_zoom":15.4},{"_mousePosition":[683,357.5],"_rootPartCFrame":[758.373,235.087,47.124,0,0,1,0,1,0,-1,0,0],"_humanoidState":5,"_cameraCFrame":[762.591,251.398,45.374,0,-0.962,0.274,0,0.274,0.962,-1,0,0],"_shiftlockState":true,"_pose":"FreeFall","_animationQueue":[["fall",0.3]],"_animationSpeed":1,"_zoom":15.4},{"_mousePosition":[683,357.5],"_rootPartCFrame":[758.04,235.186,47.124,0,0,1,0,1,0,-1,0,0],"_humanoidState":5,"_cameraCFrame":[762.258,251.497,45.374,0,-0.962,0.274,0,0.274,0.962,-1,0,0],"_shiftlockState":true,"_pose":"FreeFall","_animationQueue":[],"_animationSpeed":1,"_zoom":15.4},{"_mousePosition":[683,357.5],"_rootPartCFrame":[757.773,235.204,47.124,0,0,1,0,1,0,-1,0,0],"_humanoidState":5,"_cameraCFrame":[761.992,251.515,45.374,0,-0.962,0.274,0,0.274,0.962,-1,0,0],"_shiftlockState":true,"_pose":"FreeFall","_animationQueue":[],"_animationSpeed":1,"_zoom":15.4},{"_mousePosition":[683,357.5],"_rootPartCFrame":[757.506,235.168,47.124,0,0,1,0,1,0,-1,0,0],"_humanoidState":5,"_cameraCFrame":[761.725,251.479,45.374,0,-0.962,0.274,0,0.274,0.962,-1,0,0],"_shiftlockState":true,"_pose":"FreeFall","_animationQueue":[],"_animationSpeed":1,"_zoom":15.4},{"_mousePosition":[683,357.5],"_rootPartCFrame":[757.625,235.319,47.124,-0.004,0,1,0,1,0,-1,0,-0.004],"_humanoidState":12,"_cameraCFrame":[761.844,251.63,45.374,0,-0.962,0.274,0,0.274,0.962,-1,0,0],"_shiftlockState":true,"_pose":"Climbing","_animationQueue":[["walk",0.1],["fall",0.3],["climb",0.1]],"_animationSpeed":-0.284,"_zoom":15.4},{"_mousePosition":[683,357.5],"_rootPartCFrame":[757.687,235.458,47.124,0,0,1,0,1,0,-1,0,0],"_humanoidState":12,"_cameraCFrame":[761.906,251.769,45.374,0,-0.962,0.274,0,0.274,0.962,-1,0,0],"_shiftlockState":true,"_pose":"Climbing","_animationQueue":[["climb",0.1]],"_animationSpeed":0.909,"_zoom":15.4},{"_mousePosition":[683,357.5],"_rootPartCFrame":[757.742,235.691,47.124,0,0,1,0,1,0,-1,0,0],"_humanoidState":12,"_cameraCFrame":[761.961,252.002,45.374,0,-0.962,0.274,0,0.274,0.962,-1,0,0],"_shiftlockState":true,"_pose":"Climbing","_animationQueue":[],"_animationSpeed":0.909,"_zoom":15.4},{"_mousePosition":[683,357.5],"_rootPartCFrame":[757.741,235.844,47.124,0,0,1,0,1,0,-1,0,0],"_humanoidState":8,"_cameraCFrame":[761.96,252.155,45.374,0,-0.962,0.274,0,0.274,0.962,-1,0,0],"_shiftlockState":true,"_pose":"Running","_animationQueue":[["walk",0.1],["climb",0.1],["walk",0.1],["walk",0.1]],"_animationSpeed":0.099,"_zoom":15.4},{"_mousePosition":[683,357.5],"_rootPartCFrame":[757.701,235.942,47.124,0,0,1,0,1,0,-1,0,0],"_humanoidState":5,"_cameraCFrame":[761.919,252.253,45.374,0,-0.962,0.274,0,0.274,0.962,-1,0,0],"_shiftlockState":true,"_pose":"FreeFall","_animationQueue":[["walk",0.1],["fall",0.3]],"_animationSpeed":1,"_zoom":15.4},{"_mousePosition":[683,357.5],"_rootPartCFrame":[757.67,236.113,47.124,0,0,1,0,1,0,-1,0,0],"_humanoidState":12,"_cameraCFrame":[761.889,252.424,45.374,0,-0.962,0.274,0,0.274,0.962,-1,0,0],"_shiftlockState":true,"_pose":"Climbing","_animationQueue":[["walk",0.1],["fall",0.3],["climb",0.1]],"_animationSpeed":0.388,"_zoom":15.4},{"_mousePosition":[683,357.5],"_rootPartCFrame":[757.668,236.299,47.124,0,0,1,0,1,0,-1,0,0],"_humanoidState":12,"_cameraCFrame":[761.886,252.61,45.374,0,-0.962,0.274,0,0.274,0.962,-1,0,0],"_shiftlockState":true,"_pose":"Climbing","_animationQueue":[["climb",0.1]],"_animationSpeed":0.923,"_zoom":15.4},{"_mousePosition":[683,357.5],"_rootPartCFrame":[757.668,236.439,47.124,0,0,1,0,1,0,-1,0,0],"_humanoidState":12,"_cameraCFrame":[761.886,252.75,45.374,0,-0.962,0.274,0,0.274,0.962,-1,0,0],"_shiftlockState":true,"_pose":"Climbing","_animationQueue":[],"_animationSpeed":0.923,"_zoom":15.4},{"_mousePosition":[683,357.5],"_rootPartCFrame":[757.668,236.626,47.124,0,0,1,0,1,0,-1,0,0],"_humanoidState":12,"_cameraCFrame":[761.886,252.936,45.374,0,-0.962,0.274,0,0.274,0.962,-1,0,0],"_shiftlockState":true,"_pose":"Climbing","_animationQueue":[],"_animationSpeed":0.923,"_zoom":15.4},{"_mousePosition":[683,357.5],"_rootPartCFrame":[757.643,236.778,47.124,0,0,1,0,1,0,-1,0,0],"_humanoidState":8,"_cameraCFrame":[761.861,253.089,45.374,0,-0.962,0.274,0,0.274,0.962,-1,0,0],"_shiftlockState":true,"_pose":"Standing","_animationQueue":[["climb",0.1],["idle",0.1],["idle",0.1]],"_animationSpeed":1,"_zoom":15.4},{"_mousePosition":[683,357.5],"_rootPartCFrame":[757.578,236.876,47.124,0,0,1,0,1,0,-1,0,0],"_humanoidState":5,"_cameraCFrame":[761.797,253.187,45.374,0,-0.962,0.274,0,0.274,0.962,-1,0,0],"_shiftlockState":true,"_pose":"FreeFall","_animationQueue":[["walk",0.1],["fall",0.3]],"_animationSpeed":1,"_zoom":15.4},{"_mousePosition":[683,357.5],"_rootPartCFrame":[757.474,236.92,47.124,0,0,1,0,1,0,-1,0,0],"_humanoidState":5,"_cameraCFrame":[761.693,253.231,45.374,0,-0.962,0.274,0,0.274,0.962,-1,0,0],"_shiftlockState":true,"_pose":"FreeFall","_animationQueue":[],"_animationSpeed":1,"_zoom":15.4},{"_mousePosition":[683,357.5],"_rootPartCFrame":[757.33,236.909,47.124,0,0,1,0,1,0,-1,0,0],"_humanoidState":5,"_cameraCFrame":[761.549,253.22,45.374,0,-0.962,0.274,0,0.274,0.962,-1,0,0],"_shiftlockState":true,"_pose":"FreeFall","_animationQueue":[],"_animationSpeed":1,"_zoom":15.4},{"_mousePosition":[683,357.5],"_rootPartCFrame":[757.019,237.404,47.124,0,0,1,0,1,0,-1,0,0],"_humanoidState":7,"_cameraCFrame":[761.238,253.715,45.374,0,-0.962,0.274,0,0.274,0.962,-1,0,0],"_shiftlockState":true,"_pose":"FreeFall","_animationQueue":[["walk",0.1],["fall",0.3],["fall",0.3]],"_animationSpeed":1,"_zoom":15.4},{"_mousePosition":[683,357.5],"_rootPartCFrame":[756.819,237.676,47.124,0,0,1,0,1,0,-1,0,0],"_humanoidState":7,"_cameraCFrame":[761.038,253.987,45.374,0,-0.962,0.274,0,0.274,0.962,-1,0,0],"_shiftlockState":true,"_pose":"FreeFall","_animationQueue":[],"_animationSpeed":1,"_zoom":15.4},{"_mousePosition":[683,357.5],"_rootPartCFrame":[756.486,237.949,47.124,0,0,1,0,1,0,-1,0,0],"_humanoidState":8,"_cameraCFrame":[760.704,254.26,45.374,0,-0.962,0.274,0,0.274,0.962,-1,0,0],"_shiftlockState":true,"_pose":"Running","_animationQueue":[["fall",0.3],["walk",0.1],["fall",0.3],["walk",0.1]],"_animationSpeed":1.103,"_zoom":15.4},{"_mousePosition":[683,357.5],"_rootPartCFrame":[756.224,238.156,47.124,0,0,1,0,1,0,-1,0,0],"_humanoidState":8,"_cameraCFrame":[760.442,254.467,45.374,0,-0.962,0.274,0,0.274,0.962,-1,0,0],"_shiftlockState":true,"_pose":"Running","_animationQueue":[],"_animationSpeed":1.103,"_zoom":15.4},{"_mousePosition":[683,384],"_rootPartCFrame":[755.919,238.418,47.124,0,0,1,0,1,0,-1,0,0],"_humanoidState":8,"_cameraCFrame":[760.138,254.729,45.374,0,-0.962,0.274,0,0.274,0.962,-1,0,0],"_shiftlockState":true,"_pose":"Running","_animationQueue":[["walk",0.1]],"_animationSpeed":1.103,"_zoom":15.4},{"_mousePosition":[683,384],"_rootPartCFrame":[755.652,238.709,47.124,0,0,1,0,1,0,-1,0,0],"_humanoidState":8,"_cameraCFrame":[759.875,255.02,45.385,0.003,-0.962,0.274,0,0.274,0.962,-1,-0.002,0.001],"_shiftlockState":true,"_pose":"Running","_animationQueue":[],"_animationSpeed":1.103,"_zoom":15.4},{"_mousePosition":[683,384],"_rootPartCFrame":[755.431,238.944,47.124,0.003,0,1,0,1,0,-1,0,0.003],"_humanoidState":8,"_cameraCFrame":[759.662,255.255,45.406,0.008,-0.962,0.274,0,0.274,0.962,-1,-0.007,0.002],"_shiftlockState":true,"_pose":"Running","_animationQueue":[["walk",0.1]],"_animationSpeed":0.871,"_zoom":15.4},{"_mousePosition":[683,384],"_rootPartCFrame":[755.188,239.267,47.123,0.008,0,1,0,1,0,-1,0,0.008],"_humanoidState":8,"_cameraCFrame":[759.428,255.578,45.427,0.013,-0.962,0.274,0,0.274,0.962,-1,-0.012,0.003],"_shiftlockState":true,"_pose":"Running","_animationQueue":[["walk",0.1]],"_animationSpeed":0.924,"_zoom":15.4},{"_mousePosition":[683,384],"_rootPartCFrame":[755.069,239.461,47.123,0.013,0,1,0,1,0,-1,0,0.013],"_humanoidState":8,"_cameraCFrame":[759.309,255.772,45.426,0.013,-0.962,0.274,0,0.274,0.962,-1,-0.012,0.003],"_shiftlockState":true,"_pose":"Running","_animationQueue":[["walk",0.1]],"_animationSpeed":0.788,"_zoom":15.4},{"_mousePosition":[683,384],"_rootPartCFrame":[754.904,239.726,47.121,0.013,0,1,0,1,0,-1,0,0.013],"_humanoidState":8,"_cameraCFrame":[759