[{"_mousePosition":[933,392],"_rootPartCFrame":[776.024,222.7,47.142,0.004,0,1,0,1,0,-1,0,0.004],"_humanoidState":8,"_cameraCFrame":[776.252,236.51,44.984,-0.994,-0.104,0.018,0,0.174,0.985,-0.105,0.979,-0.173],"_shiftlockState":false,"_pose":"Standing","_animationQueue":[],"_animationSpeed":1,"_zoom":12.5},{"_mousePosition":[933,392],"_rootPartCFrame":[775.853,222.7,47.123,0.015,0,1,0,1,0,-1,0,0.015],"_humanoidState":8,"_cameraCFrame":[776.071,236.51,44.963,-0.995,-0.099,0.017,0,0.174,0.985,-0.1,0.98,-0.173],"_shiftlockState":false,"_pose":"Standing","_animationQueue":[],"_animationSpeed":1,"_zoom":12.5},{"_mousePosition":[933,392],"_rootPartCFrame":[775.59,222.7,47.095,0.027,0,1,0,1,0,-1,0,0.027],"_humanoidState":8,"_cameraCFrame":[775.791,236.51,44.934,-0.996,-0.091,0.016,0,0.174,0.985,-0.093,0.981,-0.173],"_shiftlockState":false,"_pose":"Running","_animationQueue":[["walk",0.1]],"_animationSpeed":1.003,"_zoom":12.5},{"_mousePosition":[933,392],"_rootPartCFrame":[775.325,222.7,47.068,0.037,0,0.999,0,1,0,-0.999,0,0.037],"_humanoidState":8,"_cameraCFrame":[775.515,236.51,44.906,-0.996,-0.086,0.015,0,0.174,0.985,-0.088,0.981,-0.173],"_shiftlockState":false,"_pose":"Running","_animationQueue":[["walk",0.1],["walk",0.1]],"_animationSpeed":1.101,"_zoom":12.5},{"_mousePosition":[933,392],"_rootPartCFrame":[775.059,222.7,47.043,0.045,0,0.999,0,1,0,-0.999,0,0.045],"_humanoidState":8,"_cameraCFrame":[775.244,236.51,44.88,-0.996,-0.084,0.015,0,0.174,0.985,-0.085,0.981,-0.173],"_shiftlockState":false,"_pose":"Running","_animationQueue":[],"_animationSpeed":1.101,"_zoom":12.5},{"_mousePosition":[933,392],"_rootPartCFrame":[774.793,222.7,47.02,0.05,0,0.999,0,1,0,-0.999,0,0.05],"_humanoidState":8,"_cameraCFrame":[774.973,236.51,44.857,-0.997,-0.081,0.014,0,0.174,0.985,-0.083,0.981,-0.173],"_shiftlockState":false,"_pose":"Running","_animationQueue":[],"_animationSpeed":1.101,"_zoom":12.5},{"_mousePosition":[933,392],"_rootPartCFrame":[774.528,222.7,46.997,0.055,0,0.998,0,1,0,-0.998,0,0.055],"_humanoidState":8,"_cameraCFrame":[774.696,236.51,44.833,-0.997,-0.076,0.013,0,0.174,0.985,-0.078,0.982,-0.173],"_shiftlockState":false,"_pose":"Running","_animationQueue":[],"_animationSpeed":1.101,"_zoom":12.5},{"_mousePosition":[933,392],"_rootPartCFrame":[774.262,222.7,46.975,0.059,0,0.998,0,1,0,-0.998,0,0.059],"_humanoidState":8,"_cameraCFrame":[774.408,236.51,44.809,-0.998,-0.066,0.012,0,0.174,0.985,-0.067,0.983,-0.173],"_shiftlockState":false,"_pose":"Running","_animationQueue":[],"_animationSpeed":1.101,"_zoom":12.5},{"_mousePosition":[933,392],"_rootPartCFrame":[773.996,222.7,46.954,0.062,0,0.998,0,1,0,-0.998,0,0.062],"_humanoidState":8,"_cameraCFrame":[774.126,236.51,44.787,-0.998,-0.059,0.01,0,0.174,0.985,-0.06,0.983,-0.173],"_shiftlockState":false,"_pose":"Running","_animationQueue":[],"_animationSpeed":1.101,"_zoom":12.5},{"_mousePosition":[933,392],"_rootPartCFrame":[773.73,222.7,46.936,0.063,0,0.998,0,1,0,-0.998,0,0.063],"_humanoidState":8,"_cameraCFrame":[773.844,236.51,44.768,-0.999,-0.052,0.009,0,0.174,0.985,-0.052,0.983,-0.173],"_shiftlockState":false,"_pose":"Running","_animationQueue":[["walk",0.1]],"_animationSpeed":1.101,"_zoom":12.5},{"_mousePosition":[933,392],"_rootPartCFrame":[773.464,222.7,46.92,0.062,0,0.998,0,1,0,-0.998,0,0.062],"_humanoidState":8,"_cameraCFrame":[773.566,236.51,44.752,-0.999,-0.047,0.008,0,0.174,0.985,-0.047,0.984,-0.173],"_shiftlockState":false,"_pose":"Running","_animationQueue":[],"_animationSpeed":1.101,"_zoom":12.5},{"_mousePosition":[933,392],"_rootPartCFrame":[773.198,222.7,46.906,0.061,0,0.998,0,1,0,-0.998,0,0.061],"_humanoidState":8,"_cameraCFrame":[773.3,236.51,44.737,-0.999,-0.047,0.008,0,0.174,0.985,-0.047,0.984,-0.173],"_shiftlockState":false,"_pose":"Running","_animationQueue":[],"_animationSpeed":1.101,"_zoom":12.5},{"_mousePosition":[933,392],"_rootPartCFrame":[772.931,222.7,46.893,0.059,0,0.998,0,1,0,-0.998,0,0.059],"_humanoidState":8,"_cameraCFrame":[773.034,236.51,44.725,-0.999,-0.047,0.008,0,0.174,0.985,-0.047,0.984,-0.173],"_shiftlockState":false,"_pose":"Running","_animationQueue":[],"_animationSpeed":1.101,"_zoom":12.5},{"_mousePosition":[933,392],"_rootPartCFrame":[772.665,222.7,46.88,0.058,0,0.998,0,1,0,-0.998,0,0.058],"_humanoidState":8,"_cameraCFrame":[772.767,236.51,44.712,-0.999,-0.047,0.008,0,0.174,0.985,-0.047,0.984,-0.173],"_shiftlockState":false,"_pose":"Running","_animationQueue":[],"_animationSpeed":1.101,"_zoom":12.5},{"_mousePosition":[933,392],"_rootPartCFrame":[772.398,222.7,46.868,0.056,0,0.998,0,1,0,-0.998,0,0.056],"_humanoidState":8,"_cameraCFrame":[772.496,236.51,44.699,-0.999,-0.044,0.008,0,0.174,0.985,-0.045,0.984,-0.173],"_shiftlockState":false,"_pose":"Running","_animationQueue":[],"_animationSpeed":1.101,"_zoom":12.5},{"_mousePosition":[933,392],"_rootPartCFrame":[772.132,222.7,46.855,0.055,0,0.998,0,1,0,-0.998,0,0.055],"_humanoidState":8,"_cameraCFrame":[772.218,236.51,44.686,-0.999,-0.039,0.007,0,0.174,0.985,-0.04,0.984,-0.174],"_shiftlockState":false,"_pose":"Running","_animationQueue":[],"_animationSpeed":1.101,"_zoom":12.5},{"_mousePosition":[933,392],"_rootPartCFrame":[771.866,222.7,46.843,0.054,0,0.999,0,1,0,-0.999,0,0.054],"_humanoidState":8,"_cameraCFrame":[771.952,236.51,44.674,-0.999,-0.039,0.007,0,0.174,0.985,-0.04,0.984,-0.174],"_shiftlockState":false,"_pose":"Running","_animationQueue":[["walk",0.1]],"_animationSpeed":1.101,"_zoom":12.5},{"_mousePosition":[933,392],"_rootPartCFrame":[771.599,222.7,46.832,0.052,0,0.999,0,1,0,-0.999,0,0.052],"_humanoidState":8,"_cameraCFrame":[771.68,236.51,44.663,-0.999,-0.037,0.006,0,0.174,0.985,-0.037,0.984,-0.174],"_shiftlockState":false,"_pose":"Running","_animationQueue":[],"_animationSpeed":1.101,"_zoom":12.5},{"_mousePosition":[933,392],"_rootPartCFrame":[771.333,222.7,46.822,0.05,0,0.999,0,1,0,-0.999,0,0.05],"_humanoidState":8,"_cameraCFrame":[771.414,236.51,44.653,-0.999,-0.037,0.006,0,0.174,0.985,-0.037,0.984,-0.174],"_shiftlockState":false,"_pose":"Running","_animationQueue":[],"_animationSpeed":1.101,"_zoom":12.5},{"_mousePosition":[933,392],"_rootPartCFrame":[771.066,222.7,46.812,0.048,0,0.999,0,1,0,-0.999,0,0.048],"_humanoidState":8,"_cameraCFrame":[771.147,236.51,44.643,-0.999,-0.037,0.006,0,0.174,0.985,-0.037,0.984,-0.174],"_shiftlockState":false,"_pose":"Running","_animationQueue":[],"_animationSpeed":1.101,"_zoom":12.5},{"_mousePosition":[933,392],"_rootPartCFrame":[770.8,222.7,46.802,0.047,0,0.999,0,1,0,-0.999,0,0.047],"_humanoidState":8,"_cameraCFrame":[769.132,236.51,44.568,-0.999,-0.037,0.006,0,0.174,0.985,-0.037,0.984,-0.174],"_shiftlockState":true,"_pose":"Running","_animationQueue":[],"_animationSpeed":1.101,"_zoom":12.5},{"_mousePosition":[683,384],"_rootPartCFrame":[770.533,222.7,46.792,-0.998,0,-0.058,0,1,0,0.058,0,-0.998],"_humanoidState":8,"_cameraCFrame":[768.865,236.51,44.558,-0.999,-0.037,0.006,0,0.174,0.985,-0.037,0.984,-0.174],"_shiftlockState":true,"_pose":"Running","_animationQueue":[],"_animationSpeed":1.101,"_zoom":12.5},{"_mousePosition":[683,384],"_rootPartCFrame":[770.267,222.7,46.782,-1,0,0.027,0,1,0,-0.027,0,-1],"_humanoidState":8,"_cameraCFrame":[768.599,236.51,44.548,-0.999,-0.037,0.006,0,0.174,0.985,-0.037,0.984,-0.174],"_shiftlockState":true,"_pose":"Running","_animationQueue":[],"_animationSpeed":1.101,"_zoom":12.5},{"_mousePosition":[683,384],"_rootPartCFrame":[770,222.7,46.772,-0.999,0,0.037,0,1,0,-0.037,0,-0.999],"_humanoidState":8,"_cameraCFrame":[768.332,236.51,44.538,-0.999,-0.037,0.006,0,0.174,0.985,-0.037,0.984,-0.174],"_shiftlockState":true,"_pose":"Running","_animationQueue":[["walk",0.1]],"_animationSpeed":1.101,"_zoom":12.5},{"_mousePosition":[683,384],"_rootPartCFrame":[769.667,223.783,46.76,-0.999,0,0.037,0,1,0,-0.037,0,-0.999],"_humanoidState":3,"_cameraCFrame":[767.999,237.593,44.526,-0.999,-0.037,0.006,0,0.174,0.985,-0.037,0.984,-0.174],"_shiftlockState":true,"_pose":"Jumping","_animationQueue":[["walk",0.1],["jump",0.1]],"_animationSpeed":1,"_zoom":12.5},{"_mousePosition":[683,384],"_rootPartCFrame":[769.401,224.592,46.75,-0.992,0,0.129,0,1,0,-0.129,0,-0.992],"_humanoidState":5,"_cameraCFrame":[767.727,238.402,44.52,-0.999,-0.034,0.006,0,0.174,0.985,-0.035,0.984,-0.174],"_shiftlockState":true,"_pose":"FreeFall","_animationQueue":[["jump",0.1]],"_animationSpeed":1,"_zoom":12.5},{"_mousePosition":[683,384],"_rootPartCFrame":[769.134,225.346,46.74,-0.987,0,0.162,0,1,0,-0.162,0,-0.987],"_humanoidState":5,"_cameraCFrame":[767.449,239.156,44.518,-1,-0.029,0.005,0,0.174,0.985,-0.03,0.984,-0.174],"_shiftlockState":true,"_pose":"FreeFall","_animationQueue":[],"_animationSpeed":1,"_zoom":12.5},{"_mousePosition":[683,384],"_rootPartCFrame":[768.867,226.045,46.731,-0.987,0,0.162,0,1,0,-0.162,0,-0.987],"_humanoidState":5,"_cameraCFrame":[767.171,239.855,44.518,-1,-0.024,0.004,0,0.174,0.985,-0.025,0.985,-0.174],"_shiftlockState":true,"_pose":"FreeFall","_animationQueue":[],"_animationSpeed":1,"_zoom":12.5},{"_mousePosition":[683,384],"_rootPartCFrame":[768.601,226.69,46.722,-0.988,0,0.157,0,1,0,-0.157,0,-0.988],"_humanoidState":5,"_cameraCFrame":[766.893,240.5,44.518,-1,-0.019,0.003,0,0.174,0.985,-0.019,0.985,-0.174],"_shiftlockState":true,"_pose":"FreeFall","_animationQueue":[],"_animationSpeed":1,"_zoom":12.5},{"_mousePosition":[683,384],"_rootPartCFrame":[768.334,227.28,46.716,-0.988,0,0.152,0,1,0,-0.152,0,-0.988],"_humanoidState":5,"_cameraCFrame":[766.621,241.09,44.516,-1,-0.017,0.003,0,0.174,0.985,-0.017,0.985,-0.174],"_shiftlockState":true,"_pose":"FreeFall","_animationQueue":[],"_animationSpeed":1,"_zoom":12.5},{"_mousePosition":[683,384],"_rootPartCFrame":[768.068,227.816,46.71,-0.989,0,0.15,0,1,0,-0.15,0,-0.989],"_humanoidState":5,"_cameraCFrame":[766.355,241.626,44.51,-1,-0.017,0.003,0,0.174,0.985,-0.017,0.985,-0.174],"_shiftlockState":true,"_pose":"FreeFall","_animationQueue":[],"_animationSpeed":1,"_zoom":12.5},{"_mousePosition":[683,384],"_rootPartCFrame":[767.801,228.298,46.706,-0.989,0,0.15,0,1,0,-0.15,0,-0.989],"_humanoidState":5,"_cameraCFrame":[766.088,242.108,44.506,-1,-0.017,0.003,0,0.174,0.985,-0.017,0.985,-0.174],"_shiftlockState":true,"_pose":"FreeFall","_animationQueue":[],"_animationSpeed":1,"_zoom":12.5},{"_mousePosition":[683,384],"_rootPartCFrame":[767.534,228.725,46.701,-0.989,0,0.15,0,1,0,-0.15,0,-0.989],"_humanoidState":5,"_cameraCFrame":[765.821,242.535,44.501,-1,-0.017,0.003,0,0.174,0.985,-0.017,0.985,-0.174],"_shiftlockState":true,"_pose":"FreeFall","_animationQueue":[],"_animationSpeed":1,"_zoom":12.5},{"_mousePosition":[683,384],"_rootPartCFrame":[767.268,229.097,46.697,-0.989,0,0.15,0,1,0,-0.15,0,-0.989],"_humanoidState":5,"_cameraCFrame":[765.555,242.907,44.497,-1,-0.017,0.003,0,0.174,0.985,-0.017,0.985,-0.174],"_shiftlockState":true,"_pose":"FreeFall","_animationQueue":[],"_animationSpeed":1,"_zoom":12.5},{"_mousePosition":[683,384],"_rootPartCFrame":[767.001,229.415,46.692,-0.989,0,0.15,0,1,0,-0.15,0,-0.989],"_humanoidState":5,"_cameraCFrame":[765.288,243.225,44.492,-1,-0.017,0.003,0,0.174,0.985,-0.017,0.985,-0.174],"_shiftlockState":true,"_pose":"FreeFall","_animationQueue":[],"_animationSpeed":1,"_zoom":12.5},{"_mousePosition":[683,384],"_rootPartCFrame":[766.735,229.678,46.688,-0.989,0,0.15,0,1,0,-0.15,0,-0.989],"_humanoidState":5,"_cameraCFrame":[765.022,243.488,44.488,-1,-0.017,0.003,0,0.174,0.985,-0.017,0.985,-0.174],"_shiftlockState":true,"_pose":"FreeFall","_animationQueue":[],"_animationSpeed":1,"_zoom":12.5},{"_mousePosition":[683,384],"_rootPartCFrame":[766.468,229.887,46.683,-0.989,0,0.15,0,1,0,-0.15,0,-0.989],"_humanoidState":5,"_cameraCFrame":[764.755,243.697,44.483,-1,-0.017,0.003,0,0.174,0.985,-0.017,0.985,-0.174],"_shiftlockState":true,"_pose":"FreeFall","_animationQueue":[],"_animationSpeed":1,"_zoom":12.5},{"_mousePosition":[683,384],"_rootPartCFrame":[766.201,230.042,46.679,-0.989,0,0.15,0,1,0,-0.15,0,-0.989],"_humanoidState":5,"_cameraCFrame":[764.488,243.852,44.479,-1,-0.017,0.003,0,0.174,0.985,-0.017,0.985,-0.174],"_shiftlockState":true,"_pose":"FreeFall","_animationQueue":[],"_animationSpeed":1,"_zoom":12.5},{"_mousePosition":[683,384],"_rootPartCFrame":[765.935,230.141,46.674,-0.989,0,0.15,0,1,0,-0.15,0,-0.989],"_humanoidState":5,"_cameraCFrame":[764.222,243.952,44.474,-1,-0.017,0.003,0,0.174,0.985,-0.017,0.985,-0.174],"_shiftlockState":true,"_pose":"FreeFall","_animationQueue":[],"_animationSpeed":1,"_zoom":12.5},{"_mousePosition":[683,384],"_rootPartCFrame":[765.668,230.187,46.67,-0.989,0,0.15,0,1,0,-0.15,0,-0.989],"_humanoidState":5,"_cameraCFrame":[763.955,243.997,44.47,-1,-0.017,0.003,0,0.174,0.985,-0.017,0.985,-0.174],"_shiftlockState":true,"_pose":"FreeFall","_animationQueue":[],"_animationSpeed":1,"_zoom":12.5},{"_mousePosition":[683,384],"_rootPartCFrame":[765.402,230.178,46.665,-0.989,0,0.15,0,1,0,-0.15,0,-0.989],"_humanoidState":5,"_cameraCFrame":[763.689,243.988,44.465,-1,-0.017,0.003,0,0.174,0.985,-0.017,0.985,-0.174],"_shiftlockState":true,"_pose":"FreeFall","_animationQueue":[],"_animationSpeed":1,"_zoom":12.5},{"_mousePosition":[683,384],"_rootPartCFrame":[765.135,230.114,46.661,-0.989,0,0.15,0,1,0,-0.15,0,-0.989],"_humanoidState":5,"_cameraCFrame":[763.422,243.924,44.461,-1,-0.017,0.003,0,0.174,0.985,-0.017,0.985,-0.174],"_shiftlockState":true,"_pose":"FreeFall","_animationQueue":[],"_animationSpeed":1,"_zoom":12.5},{"_mousePosition":[683,384],"_rootPartCFrame":[764.868,229.996,46.656,-0.989,0,0.15,0,1,0,-0.15,0,-0.989],"_humanoidState":5,"_cameraCFrame":[763.156,244.107,44.403,-1,-0.017,0.003,0,0.174,0.985,-0.017,0.985,-0.174],"_shiftlockState":true,"_pose":"FreeFall","_animationQueue":[],"_animationSpeed":1,"_zoom":16.125},{"_mousePosition":[683,384],"_rootPartCFrame":[764.602,229.823,46.652,-0.989,0,0.15,0,1,0,-0.15,0,-0.989],"_humanoidState":5,"_cameraCFrame":[762.891,244.452,44.307,-1,-0.017,0.003,0,0.174,0.985,-0.017,0.985,-0.174],"_shiftlockState":true,"_pose":"FreeFall","_animationQueue":[["fall",0.3]],"_animationSpeed":1,"_zoom":16.125},{"_mousePosition":[683,384],"_rootPartCFrame":[764.335,229.596,46.647,-0.989,0,0.15,0,1,0,-0.15,0,-0.989],"_humanoidState":5,"_cameraCFrame":[762.626,244.843,44.194,-1,-0.017,0.003,0,0.174,0.985,-0.017,0.985,-0.174],"_shiftlockState":true,"_pose":"FreeFall","_animationQueue":[],"_animationSpeed":1,"_zoom":16.125},{"_mousePosition":[683,384],"_rootPartCFrame":[764.069,229.315,46.643,-0.989,0,0.15,0,1,0,-0.15,0,-0.989],"_humanoidState":5,"_cameraCFrame":[762.361,245.08,44.098,-1,-0.017,0.003,0,0.174,0.985,-0.017,0.985,-0.174],"_shiftlockState":true,"_pose":"FreeFall","_animationQueue":[],"_animationSpeed":1,"_zoom":16.125},{"_mousePosition":[683,384],"_rootPartCFrame":[763.802,228.979,46.638,-0.989,0,0.15,0,1,0,-0.15,0,-0.989],"_humanoidState":5,"_cameraCFrame":[762.096,245.191,44.015,-1,-0.017,0.003,0,0.174,0.985,-0.017,0.985,-0.174],"_shiftlockState":true,"_pose":"FreeFall","_animationQueue":[],"_animationSpeed":1,"_zoom":16.125},{"_mousePosition":[683,384],"_rootPartCFrame":[763.535,228.588,46.633,-0.989,0,0.15,0,1,0,-0.15,0,-0.989],"_humanoidState":5,"_cameraCFrame":[761.831,245.141,43.95,-1,-0.017,0.003,0,0.174,0.985,-0.017,0.985,-0.174],"_shiftlockState":true,"_pose":"FreeFall","_animationQueue":[],"_animationSpeed":1,"_zoom":16.125},{"_mousePosition":[683,384],"_rootPartCFrame":[763.269,228.143,46.629,-0.989,0,0.15,0,1,0,-0.15,0,-0.989],"_humanoidState":5,"_cameraCFrame":[761.565,244.947,43.901,-1,-0.017,0.003,0,0.174,0.985,-0.017,0.985,-0.174],"_shiftlockState":true,"_pose":"FreeFall","_animationQueue":[],"_animationSpeed":1,"_zoom":16.125},{"_mousePosition":[683,384],"_rootPartCFrame":[763.002,227.643,46.624,-0.989,0,0.15,0,1,0,-0.15,0,-0.989],"_humanoidState":5,"_cameraCFrame":[761.299,244.618,43.867,-1,-0.017,0.003,0,0.174,0.985,-0.017,0.985,-0.174],"_shiftlockState":true,"_pose":"FreeFall","_animationQueue":[],"_animationSpeed":1,"_zoom":16.125},{"_mousePosition":[683,384],"_rootPartCFrame":[762.736,227.089,46.62,-0.989,0,0.15,0,1,0,-0.15,0,-0.989],"_humanoidState":5,"_cameraCFrame":[761.039,244.193,43.835,-1,-0.019,0.003,0,0.174,0.985,-0.019,0.985,-0.174],"_shiftlockState":true,"_pose":"FreeFall","_animationQueue":[["fall",0.3]],"_animationSpeed":1,"_zoom":16.125},{"_mousePosition":[683,384],"_rootPartCFrame":[762.469,226.481,46.615,-0.988,0,0.152,0,1,0,-0.152,0,-0.988],"_humanoidState":5,"_cameraCFrame":[760.78,243.67,43.811,-1,-0.022,0.004,0,0.174,0.985,-0.022,0.985,-0.174],"_shiftlockState":true,"_pose":"FreeFall","_animationQueue":[],"_animationSpeed":1,"_zoom":16.125},{"_mousePosition":[683,384],"_rootPartCFrame":[762.202,225.817,46.61,-0.988,0,0.155,0,1,0,-0.155,0,-0.988],"_humanoidState":5,"_cameraCFrame":[760.528,243.07,43.786,-1,-0.027,0.005,0,0.174,0.985,-0.027,0.984,-0.174],"_shiftlockState":true,"_pose":"FreeFall","_animationQueue":[],"_animationSpeed":1,"_zoom":16.125},{"_mousePosition":[683,384],"_rootPartCFrame":[761.936,225.1,46.605,-0.987,0,0.16,0,1,0,-0.16,0,-0.987],"_humanoidState":5,"_cameraCFrame":[760.283,242.397,43.76,-0.999,-0.034,0.006,0,0.174,0.985,-0.035,0.984,-0.174],"_shiftlockState":true,"_pose":"FreeFall","_animationQueue":[],"_animationSpeed":1,"_zoom":16.125},{"_mousePosition":[683,384],"_rootPartCFrame":[761.669,224.328,46.598,-0.986,0,0.167,0,1,0,-0.167,0,-0.986],"_humanoidState":5,"_cameraCFrame":[760.031,241.653,43.74,-0.999,-0.039,0.007,0,0.174,0.985,-0.04,0.984,-0.174],"_shiftlockState":true,"_pose":"FreeFall","_animationQueue":[],"_animationSpeed":1,"_zoom":16.125},{"_mousePosition":[683,384],"_rootPartCFrame":[761.403,223.501,46.589,-0.985,0,0.172,0,1,0,-0.172,0,-0.985],"_humanoidState":5,"_cameraCFrame":[759.765,240.843,43.728,-0.999,-0.039,0.007,0,0.174,0.985,-0.04,0.984,-0.174],"_shiftlockState":true,"_pose":"FreeFall","_animationQueue":[],"_animationSpeed":1,"_zoom":16.125},{"_mousePosition":[683,384],"_rootPartCFrame":[761.14,223.393,46.578,-0.997,0,0.075,0,1,0,-0.075,0,-0.997],"_humanoidState":7,"_cameraCFrame":[759.502,240.749,43.715,-0.999,-0.039,0.007,0,0.174,0.985,-0.04,0.984,-0.174],"_shiftlockState":true,"_pose":"FreeFall","_animationQueue":[["walk",0.1],["fall",0.3],["fall",0.3]],"_animationSpeed":1,"_zoom":16.125},{"_mousePosition":[683,384],"_rootPartCFrame":[760.877,223.469,46.568,-0.999,0,0.042,0,1,0,-0.042,0,-0.999],"_humanoidState":7,"_cameraCFrame":[759.247,240.833,43.699,-0.999,-0.042,0.007,0,0.174,0.985,-0.042,0.984,-0.173],"_shiftlockState":true,"_pose":"FreeFall","_animationQueue":[["fall",0.3]],"_animationSpeed":1,"_zoom":16.125},{"_mousePosition":[683,384],"_rootPartCFrame":[760.615,223.55,46.558,-0.999,0,0.042,0,1,0,-0.042,0,-0.999],"_humanoidState":8,"_cameraCFrame":[758.992,240.919,43.684,-0.999,-0.044,0.008,0,0.174,0.985,-0.045,0.984,-0.173],"_shiftlockState":true,"_pose":"Running","_animationQueue":[["walk",0.1],["fall",0.3],["walk",0.1]],"_animationSpeed":1.087,"_zoom":16.125},{"_mousePosition":[683,384],"_rootPartCFrame":[760.352,223.619,46.546,-0.999,0,0.045,0,1,0,-0.045,0,-0.999],"_humanoidState":8,"_cameraCFrame":[758.751,240.992,43.66,-0.999,-0.052,0.009,0,0.174,0.985,-0.052,0.983,-0.173],"_shiftlockState":true,"_pose":"Running","_animationQueue":[],"_animationSpeed":1.087,"_zoom":16.125},{"_mousePosition":[683,384],"_rootPartCFrame":[760.09,223.679,46.535,-0.999,0,0.052,0,1,0,-0.052,0,-0.999],"_humanoidState":8,"_cameraCFrame":[758.526,241.054,43.628,-0.998,-0.064,0.011,0,0.174,0.985,-0.065,0.983,-0.173],"_shiftlockState":true,"_pose":"Running","_animationQueue":[],"_animationSpeed":1.087,"_zoom":16.125},{"_mousePosition":[683,384],"_rootPartCFrame":[759.828,223.732,46.521,-0.998,0,0.065,0,1,0,-0.065,0,-0.998],"_humanoidState":8,"_cameraCFrame":[758.345,241.109,43.571,-0.996,-0.091,0.016,0,0.174,0.985,-0.093,0.981,-0.173],"_shiftlockState":true,"_pose":"Running","_animationQueue":[],"_animationSpeed":1.087,"_zoom":16.125},{"_mousePosition":[683,384],"_rootPartCFrame":[759.565,223.782,46.504,-0.996,0,0.093,0,1,0,-0.093,0,-0.996],"_humanoidState":8,"_cameraCFrame":[758.203,241.16,43.497,-0.991,-0.131,0.023,0,0.174,0.985,-0.133,0.976,-0.172],"_shiftlockState":true,"_pose":"Running","_animationQueue":[],"_animationSpeed":1.087,"_zoom":16.125},{"_mousePosition":[683,384],"_rootPartCFrame":[759.304,223.831,46.481,-0.991,0,0.133,0,1,0,-0.133,0,-0.991],"_humanoidState":8,"_cameraCFrame":[758.111,241.209,43.402,-0.982,-0.185,0.033,0,0.174,0.985,-0.188,0.967,-0.171],"_shiftlockState":true,"_pose":"Running","_animationQueue":[],"_animationSpeed":1.087,"_zoom":16.125},{"_mousePosition":[683,384],"_rootPartCFrame":[759.044,223.878,46.447,-0.982,0,0.188,0,1,0,-0.188,0,-0.982],"_humanoidState":8,"_cameraCFrame":[758.104,241.257,43.281,-0.964,-0.263,0.046,0,0.174,0.985,-0.267,0.949,-0.167],"_shiftlockState":true,"_pose":"Running","_animationQueue":[["walk",0.1]],"_animationSpeed":1.087,"_zoom":16.125},{"_mousePosition":[683,384],"_rootPartCFrame":[758.785,223.925,46.398,-0.964,0,0.267,0,1,0,-0.267,0,-0.964],"_humanoidState":8,"_cameraCFrame":[758.162,241.304,43.156,-0.933,-0.355,0.063,0,0.174,0.985,-0.36,0.919,-0.162],"_shiftlockState":true,"_pose":"Running","_animationQueue":[],"_animationSpeed":1.087,"_zoom":16.125},{"_mousePosition":[683,384],"_rootPartCFrame":[758.531,223.971,46.33,-0.933,0,0.36,0,1,0,-0.36,0,-0.933],"_humanoidState":8,"_cameraCFrame":[758.514,241.35,43.028,-0.851,-0.518,0.091,0,0.174,0.985,-0.526,0.838,-0.148],"_shiftlockState":true,"_pose":"Running","_animationQueue":[],"_animationSpeed":1.087,"_zoom":16.125},{"_mousePosition":[683,384],"_rootPartCFrame":[758.163,224.038,46.19,-0.842,0,0.54,0,1,0,-0.54,0,-0.842],"_humanoidState":8,"_cameraCFrame":[758.612,241.418,42.919,-0.768,-0.631,0.111,0,0.174,0.985,-0.641,0.756,-0.133],"_shiftlockState":true,"_pose":"Running","_animationQueue":[],"_animationSpeed":1.087,"_zoom":16.125},{"_mousePosition":[683,384],"_rootPartCFrame":[757.991,224.07,46.092,-0.763,0,0.646,0,1,0,-0.646,0,-0.763],"_humanoidState":8,"_cameraCFrame":[758.915,241.45,42.922,-0.666,-0.735,0.13,0,0.174,0.985,-0.746,0.656,-0.116],"_shiftlockState":true,"_pose":"Running","_animationQueue":[],"_animationSpeed":1.087,"_zoom":16.125},{"_mousePosition":[683,384],"_rootPartCFrame":[757.785,224.11,45.928,-0.659,0,0.752,0,1,0,-0.752,0,-0.659],"_humanoidState":8,"_cameraCFrame":[759.124,241.49,42.909,-0.56,-0.816,0.144,0,0.174,0.985,-0.828,0.552,-0.097],"_shiftlockState":true,"_pose":"Running","_animationQueue":[],"_animationSpeed":1.087,"_zoom":16.125},{"_mousePosition":[683,384],"_rootPartCFrame":[757.605,224.148,45.734,-0.553,0,0.833,0,1,0,-0.833,0,-0.553],"_humanoidState":8,"_cameraCFrame":[759.314,241.528,42.909,-0.451,-0.879,0.155,0,0.174,0.985,-0.892,0.444,-0.078],"_shiftlockState":true,"_pose":"Running","_animationQueue":[["walk",0.1]],"_animationSpeed":1.087,"_zoom":16.125},{"_mousePosition":[683,384],"_rootPartCFrame":[757.452,224.184,45.518,-0.444,0,0.896,0,1,0,-0.896,0,-0.444],"_humanoidState":8,"_cameraCFrame":[759.431,241.564,42.875,-0.361,-0.918,0.162,0,0.174,0.985,-0.933,0.356,-0.063],"_shiftlockState":true,"_pose":"Running","_animationQueue":[],"_animationSpeed":1.087,"_zoom":16.125},{"_mousePosition":[683,384],"_rootPartCFrame":[757.328,224.215,45.283,-0.359,0,0.933,0,1,0,-0.933,0,-0.359],"_humanoidState":8,"_cameraCFrame":[759.47,241.595,42.771,-0.301,-0.939,0.166,0,0.174,0.985,-0.953,0.297,-0.052],"_shiftlockState":true,"_pose":"Running","_animationQueue":[],"_animationSpeed":1.087,"_zoom":16.125},{"_mousePosition":[683,384],"_rootPartCFrame":[757.228,224.253,45.037,-0.301,0,0.954,0,1,0,-0.954,0,-0.301],"_humanoidState":8,"_cameraCFrame":[759.427,241.633,42.573,-0.28,-0.946,0.167,0,0.174,0.985,-0.96,0.275,-0.049],"_shiftlockState":true,"_pose":"Running","_animationQueue":[],"_animationSpeed":1.087,"_zoom":16.125},{"_mousePosition":[683,384],"_rootPartCFrame":[757.145,224.286,44.784,-0.28,0,0.96,0,1,0,-0.96,0,-0.28],"_humanoidState":8,"_cameraCFrame":[759.344,241.666,42.32,-0.28,-0.946,0.167,0,0.174,0.985,-0.96,0.275,-0.049],"_shiftlockState":true,"_pose":"Running","_animationQueue":[],"_animationSpeed":1.087,"_zoom":16.125},{"_mousePosition":[683,384],"_rootPartCFrame":[757.07,224.293,44.528,-0.28,0,0.96,0,1,0,-0.96,0,-0.28],"_humanoidState":8,"_cameraCFrame":[759.187,241.673,41.994,-0.311,-0.936,0.165,0,0.174,0.985,-0.95,0.306,-0.054],"_shiftlockState":true,"_pose":"Running","_animationQueue":[],"_animationSpeed":1.087,"_zoom":16.125},{"_mousePosition":[683,384],"_rootPartCFrame":[756.996,224.295,44.273,-0.311,0,0.95,0,1,0,-0.95,0,-0.311],"_humanoidState":8,"_cameraCFrame":[758.961,241.675,41.619,-0.366,-0.917,0.162,0,0.174,0.985,-0.931,0.36,-0.064],"_shiftlockState":true,"_pose":"Running","_animationQueue":[],"_animationSpeed":1.087,"_zoom":16.125},{"_mousePosition":[683,384],"_rootPartCFrame":[756.914,224.311,44.019,-0.366,0,0.931,0,1,0,-0.931,0,-0.366],"_humanoidState":8,"_cameraCFrame":[758.694,241.691,41.238,-0.429,-0.89,0.157,0,0.174,0.985,-0.904,0.422,-0.074],"_shiftlockState":true,"_pose":"Running","_animationQueue":[["walk",0.1]],"_animationSpeed":1.087,"_zoom":16.125},{"_mousePosition":[683,384],"_rootPartCFrame":[756.831,224.326,43.766,-0.429,0,0.904,0,1,0,-0.904,0,-0.429],"_humanoidState":8,"_cameraCFrame":[758.351,241.706,40.835,-0.509,-0.848,0.149,0,0.174,0.985,-0.861,0.501,-0.088],"_shiftlockState":true,"_pose":"Running","_animationQueue":[],"_animationSpeed":1.087,"_zoom":16.125},{"_mousePosition":[683,384],"_rootPartCFrame":[756.749,225.199,43.513,-0.509,0,0.861,0,1,0,-0.861,0,-0.509],"_humanoidState":3,"_cameraCFrame":[758.11,242.579,40.505,-0.554,-0.82,0.145,0,0.174,0.985,-0.833,0.546,-0.096],"_shiftlockState":true,"_pose":"Jumping","_animationQueue":[["walk",0.1],["jump",0.1]],"_animationSpeed":1,"_zoom":16.125},{"_mousePosition":[683,384],"_rootPartCFrame":[756.643,226.021,43.27,-0.475,0,0.88,0,1,0,-0.88,0,-0.475],"_humanoidState":5,"_cameraCFrame":[757.859,243.401,40.2,-0.593,-0.793,0.14,0,0.174,0.985,-0.805,0.584,-0.103],"_shiftlockState":true,"_pose":"FreeFall","_animationQueue":[["jump",0.1]],"_animationSpeed":1,"_zoom":16.125},{"_mousePosition":[683,384],"_rootPartCFrame":[756.504,226.788,43.043,-0.485,0,0.874,0,1,0,-0.874,0,-0.485],"_humanoidState":5,"_cameraCFrame":[757.555,244.168,39.913,-0.635,-0.761,0.134,0,0.174,0.985,-0.772,0.626,-0.11],"_shiftlockState":true,"_pose":"FreeFall","_animationQueue":[],"_animationSpeed":1,"_zoom":16.125},{"_mousePosition":[683,384],"_rootPartCFrame":[756.348,227.501,42.827,-0.527,0,0.85,0,1,0,-0.85,0,-0.527],"_humanoidState":5,"_cameraCFrame":[757.199,244.881,39.637,-0.683,-0.719,0.127,0,0.174,0.985,-0.731,0.672,-0.119],"_shiftlockState":true,"_pose":"FreeFall","_animationQueue":[],"_animationSpeed":1,"_zoom":16.125},{"_mousePosition":[683,384],"_rootPartCFrame":[756.18,228.16,42.62,-0.58,0,0.815,0,1,0,-0.815,0,-0.58],"_humanoidState":5,"_cameraCFrame":[756.787,245.54,39.374,-0.736,-0.666,0.118,0,0.174,0.985,-0.677,0.725,-0.128],"_shiftlockState":true,"_pose":"FreeFall","_animationQueue":[],"_animationSpeed":1,"_zoom":16.125},{"_mousePosition":[683,384],"_rootPartCFrame":[756,228.764,42.423,-0.64,0,0.769,0,1,0,-0.769,0,-0.64],"_humanoidState":5,"_cameraCFrame":[756.317,246.144,39.137,-0.793,-0.6,0.106,0,0.174,0.985,-0.609,0.781,-0.138],"_shiftlockState":true,"_pose":"FreeFall","_animationQueue":[],"_animationSpeed":1,"_zoom":16.125},{"_mousePosition":[683,384],"_rootPartCFrame":[755.807,229.313,42.24,-0.705,0,0.709,0,1,0,-0.709,0,-0.705],"_humanoidState":5,"_cameraCFrame":[755.815,246.693,38.938,-0.847,-0.524,0.092,0,0.174,0.985,-0.532,0.834,-0.147],"_shiftlockState":true,"_pose":"FreeFall","_animationQueue":[],"_animationSpeed":1,"_zoom":16.125},{"_mousePosition":[683,384],"_rootPartCFrame":[755.599,229.808,42.073,-0.769,0,0.64,0,1,0,-0.64,0,-0.769],"_humanoidState":5,"_cameraCFrame":[755.29,247.188,38.786,-0.894,-0.441,0.078,0,0.174,0.985,-0.448,0.88,-0.155],"_shiftlockState":true,"_pose":"FreeFall","_animationQueue":[],"_animationSpeed":1,"_zoom":16.125},{"_mousePosition":[683,384],"_rootPartCFrame":[755.377,230.249,41.926,-0.826,0,0.563,0,1,0,-0.563,0,-0.826],"_humanoidState":5,"_cameraCFrame":[754.753,247.629,38.684,-0.933,-0.355,0.063,0,0.174,0.985,-0.36,0.919,-0.162],"_shiftlockState":true,"_pose":"FreeFall","_animationQueue":[],"_animationSpeed":1,"_zoom":16.125},{"_mousePosition":[683,384],"_rootPartCFrame":[755.142,230.635,41.801,-0.877,0,0.481,0,1,0,-0.481,0,-0.877],"_humanoidState":5,"_cameraCFrame":[754.218,248.009,38.604,-0.963,-0.265,0.047,0,0.176,0.984,-0.269,0.948,-0.169],"_shiftlockState":true,"_pose":"FreeFall","_animationQueue":[],"_animationSpeed":1,"_zoom":16.125},{"_mousePosition":[683,384],"_rootPartCFrame":[754.896,230.966,41.699,-0.919,0,0.395,0,1,0,-0.395,0,-0.919],"_humanoidState":5,"_cameraCFrame":[753.72,248.33,38.529,-0.982,-0.185,0.034,0,0.179,0.984,-0.188,0.966,-0.176],"_shiftlockState":true,"_pose":"FreeFall","_animationQueue":[],"_animationSpeed":1,"_zoom":16.125},{"_mousePosition":[683,384],"_rootPartCFrame":[754.641,231.243,41.621,-0.949,0,0.317,0,1,0,-0.317,0,-0.949],"_humanoidState":5,"_cameraCFrame":[753.138,248.601,38.562,-0.997,-0.081,0.015,0,0.181,0.983,-0.083,0.98,-0.181],"_shiftlockState":true,"_pose":"FreeFall","_animationQueue":[],"_animationSpeed":1,"_zoom":16.125},{"_mousePosition":[683,384],"_rootPartCFrame":[754.38,231.466,41.566,-0.977,0,0.214,0,1,0,-0.214,0,-0.977],"_humanoidState":5,"_cameraCFrame":[752.703,248.818,38.569,-1,-0.024,0.004,0,0.183,0.983,-0.025,0.983,-0.183],"_shiftlockState":true,"_pose":"FreeFall","_animationQueue":[],"_animationSpeed":1,"_zoom":16.125},{"_mousePosition":[683,384],"_rootPartCFrame":[754.125,231.634,41.539,-0.99,0,0.143,0,1,0,-0.143,0,-0.99],"_humanoidState":5,"_cameraCFrame":[752.306,248.986,38.626,-1,0.023,-0.004,0,0.183,0.983,0.024,0.983,-0.183],"_shiftlockState":true,"_pose":"FreeFall","_animationQueue":[],"_animationSpeed":1,"_zoom":16.125},{"_mousePosition":[683,384],"_rootPartCFrame":[753.88,231.747,41.55,-0.996,0,0.089,0,1,0,-0.089,0,-0.996],"_humanoidState":5,"_cameraCFrame":[751.952,249.099,38.709,-0.998,0.06,-0.011,0,0.183,0.983,0.061,0.981,-0.183],"_shiftlockState":true,"_pose":"FreeFall","_animationQueue":[],"_animationSpeed":1,"_zoom":16.125},{"_mousePosition":[683,384],"_rootPartCFrame":[753.648,231.806,41.6,-0.999,0,0.049,0,1,0,-0.049,0,-0.999],"_humanoidState":5,"_cameraCFrame":[751.648,249.158,38.808,-0.996,0.085,-0.016,0,0.183,0.983,0.087,0.979,-0.183],"_shiftlockState":true,"_pose":"FreeFall","_animationQueue":[],"_animationSpeed":1,"_zoom":16.125},{"_mousePosition":[683,384],"_rootPartCFrame":[753.429,231.811,41.686,-1,0,0.022,0,1,0,-0.022,0,-1],"_humanoidState":5,"_cameraCFrame":[751.394,249.163,38.92,-0.995,0.098,-0.018,0,0.183,0.983,0.099,0.978,-0.182],"_shiftlockState":true,"_pose":"FreeFall","_animationQueue":[],"_animationSpeed":1,"_zoom":16.125},{"_mousePosition":[683,384],"_rootPartCFrame":[753.224,231.761,41.81,-1,0,0.007,0,1,0,-0.007,0,-1],"_humanoidState":5,"_cameraCFrame":[751.19,249.113,39.043,-0.995,0.098,-0.018,0,0.183,0.983,0.099,0.978,-0.182],"_shiftlockState":true,"_pose":"FreeFall","_animationQueue":[],"_animationSpeed":1,"_zoom":16.125},{"_mousePosition":[683,384],"_rootPartCFrame":[753.035,231.656,41.97,-1,0,0.006,0,1,0,-0.006,0,-1],"_humanoidState":5,"_cameraCFrame":[750.994,249.008,39.209,-0.995,0.1,-0.019,0,0.183,0.983,0.102,0.978,-0.182],"_shiftlockState":true,"_pose":"FreeFall","_animationQueue":[],"_animationSpeed":1,"_zoom":16.125},{"_mousePosition":[683,384],"_rootPartCFrame":[752.862,231.498,42.165,-1,0,0.003,0,1,0,-0.003,0,-1],"_humanoidState":5,"_cameraCFrame":[750.82,248.85,39.404,-0.995,0.1,-0.019,0,0.183,0.983,0.102,0.978,-0.182],"_shiftlockState":true,"_pose":"FreeFall","_animationQueue":[["fall",0.3]],"_animationSpeed":1,"_zoom":16.125},{"_mousePosition":[683,384],"_rootPartCFrame":[752.693,231.284,42.371,-1,0,0.003,0,1,0,-0.003,0,-1],"_humanoidState":5,"_cameraCFrame":[750.665,248.636,39.6,-0.995,0.095,-0.018,0,0.183,0.983,0.097,0.978,-0.182],"_shiftlockState":true,"_pose":"FreeFall","_animationQueue":[],"_animationSpeed":1,"_zoom":16.125},{"_mousePosition":[683,384],"_rootPartCFrame":[752.525,231.016,42.578,-1,0,0.007,0,1,0,-0.007,0,-1],"_humanoidState":5,"_cameraCFrame":[750.518,248.368,39.791,-0.996,0.088,-0.016,0,0.183,0.983,0.089,0.979,-0.183],"_shiftlockState":true,"_pose":"FreeFall","_animationQueue":[],"_animationSpeed":1,"_zoom":16.125},{"_mousePosition":[683,384],"_rootPartCFrame":[752.38,230.694,42.792,-0.998,0,-0.058,0,1,0,0.058,0,-0.998],"_humanoidState":5,"_cameraCFrame":[750.48,248.046,39.931,-0.999,0.051,-0.009,0,0.183,0.983,0.051,0.982,-0.183],"_shiftlockState":true,"_pose":"FreeFall","_animationQueue":[],"_animationSpeed":1,"_zoom":16.125},{"_mousePosition":[683,384],"_rootPartCFrame":[752.273,230.317,43.018,-0.999,0,-0.051,0,1,0,0.051,0,-0.999],"_humanoidState":5,"_cameraCFrame":[750.521,247.663,40.033,-1,0.001,0,0,0.185,0.983,0.001,0.983,-0.185],"_shiftlockState":true,"_pose":"FreeFall","_animationQueue":[],"_animationSpeed":1,"_zoom":16.125},{"_mousePosition":[683,384],"_rootPartCFrame":[752.205,229.885,43.256,-1,0,-0.006,0,1,0,0.006,0,-1],"_humanoidState":5,"_cameraCFrame":[750.642,247.214,40.078,-0.998,-0.059,0.011,0,0.191,0.982,-0.06,0.98,-0.191],"_shiftlockState":true,"_pose":"FreeFall","_animationQueue":[],"_animationSpeed":1,"_zoom":16.125},{"_mousePosition":[683,384],"_rootPartCFrame":[752.172,229.399,43.508,-0.999,0,0.052,0,1,0,-0.052,0,-0.999],"_humanoidState":5,"_cameraCFrame":[750.83,246.715,40.174,-0.992,-0.123,0.024,0,0.195,0.981,-0.125,0.973,-0.193],"_shiftlockState":true,"_pose":"FreeFall","_animationQueue":[["fall",0.3]],"_animationSpeed":1,"_zoom":16.125},{"_mousePosition":[683,384],"_rootPartCFrame":[752.156,228.859,43.773,-0.993,0,0.117,0,1,0,-0.117,0,-0.993],"_humanoidState":5,"_cameraCFrame":[751.053,246.156,40.267,-0.982,-0.187,0.038,0,0.2,0.98,-0.19,0.962,-0.197],"_shiftlockState":true,"_pose":"FreeFall","_animationQueue":[],"_animationSpeed":1,"_zoom":16.125},{"_mousePosition":[683,384],"_rootPartCFrame":[752.126,228.264,44.038,-0.983,0,0.182,0,1,0,-0.182,0,-0.983],"_humanoidState":5,"_cameraCFrame":[751.253,245.549,40.412,-0.968,-0.244,0.051,0,0.204,0.979,-0.25,0.948,-0.198],"_shiftlockState":true,"_pose":"FreeFall","_animationQueue":[],"_animationSpeed":1,"_zoom":16.125},{"_mousePosition":[683,384],"_rootPartCFrame":[752.078,227.614,44.3,-0.97,0,0.242,0,1,0,-0.242,0,-0.97],"_humanoidState":5,"_cameraCFrame":[751.446,244.893,40.597,-0.951,-0.304,0.064,0,0.206,0.979,-0.31,0.93,-0.196],"_shiftlockState":true,"_pose":"FreeFall","_animationQueue":[],"_animationSpeed":1,"_zoom":16.125},{"_mousePosition":[683,384],"_rootPartCFrame":[752.014,226.91,44.559,-0.953,0,0.302,0,1,0,-0.302,0,-0.953],"_humanoidState":5,"_cameraCFrame":[751.658,244.182,40.792,-0.926,-0.369,0.078,0,0.208,0.978,-0.377,0.906,-0.193],"_shiftlockState":true,"_pose":"FreeFall","_animationQueue":[],"_animationSpeed":1,"_zoom":16.125},{"_mousePosition":[683,384],"_rootPartCFrame":[751.934,226.152,44.814,-0.93,0,0.368,0,1,0,-0.368,0,-0.93],"_humanoidState":5,"_cameraCFrame":[751.874,243.424,41.03,-0.894,-0.438,0.093,0,0.208,0.978,-0.448,0.874,-0.186],"_shiftlockState":true,"_pose":"FreeFall","_animationQueue":[],"_animationSpeed":1,"_zoom":16.125},{"_mousePosition":[683,384],"_rootPartCFrame":[751.836,226.037,45.061,-0.895,0,0.446,0,1,0,-0.446,0,-0.895],"_humanoidState":7,"_cameraCFrame":[752.083,243.309,41.285,-0.855,-0.508,0.108,0,0.208,0.978,-0.519,0.836,-0.178],"_shiftlockState":true,"_pose":"FreeFall","_animationQueue":[["walk",0.1],["fall",0.3],["fall",0.3]],"_animationSpeed":1,"_zoom":16.125},{"_mousePosition":[683,384],"_rootPartCFrame":[751.72,226.035,45.3,-0.855,0,0.519,0,1,0,-0.519,0,-0.855],"_humanoidState":7,"_cameraCFrame":[752.29,243.307,41.559,-0.807,-0.578,0.123,0,0.208,0.978,-0.591,0.789,-0.168],"_shiftlockState":true,"_pose":"FreeFall","_animationQueue":[["fall",0.3]],"_animationSpeed":1,"_zoom":16.125},{"_mousePosition":[683,384],"_rootPartCFrame":[751.585,225.931,45.528,-0.807,0,0.591,0,1,0,-0.591,0,-0.807],"_humanoidState":8,"_cameraCFrame":[752.493,243.203,41.855,-0.75,-0.647,0.138,0,0.208,0.978,-0.662,0.733,-0.156],"_shiftlockState":true,"_pose":"Running","_animationQueue":[["walk",0.1],["fall",0.3],["walk",0.1]],"_animationSpeed":1.1,"_zoom":16.125},{"_mousePosition":[683,384],"_rootPartCFrame":[751.43,225.762,45.744,-0.75,0,0.662,0,1,0,-0.662,0,-0.75],"_humanoidState":8,"_cameraCFrame":[752.686,243.034,42.174,-0.683,-0.715,0.152,0,0.208,0.978,-0.731,0.668,-0.142],"_shiftlockState":true,"_pose":"Running","_animationQueue":[],"_animationSpeed":1.1,"_zoom":16.125},{"_mousePosition":[683,384],"_rootPartCFrame":[751.256,225.538,45.943,-0.683,0,0.731,0,1,0,-0.731,0,-0.683],"_humanoidState":8,"_cameraCFrame":[752.886,242.829,42.619,-0.583,-0.796,0.164,0,0.202,0.979,-0.812,0.571,-0.118],"_shiftlockState":true,"_pose":"Running","_animationQueue":[],"_animationSpeed":1.1,"_zoom":16.125},{"_mousePosition":[683,384],"_rootPartCFrame":[751.064,225.26,46.125,-0.577,0,0.817,0,1,0,-0.817,0,-0.577],"_humanoidState":8,"_cameraCFrame":[752.871,242.57,42.987,-0.518,-0.839,0.168,0,0.197,0.98,-0.856,0.508,-0.102],"_shiftlockState":true,"_pose":"Running","_animationQueue":[],"_animationSpeed":1.1,"_zoom":16.125},{"_mousePosition":[683,384],"_rootPartCFrame":[750.852,225.265,46.282,-0.517,0,0.856,0,1,0,-0.856,0,-0.517],"_humanoidState":8,"_cameraCFrame":[752.799,242.587,43.292,-0.463,-0.87,0.171,0,0.193,0.981,-0.887,0.454,-0.089],"_shiftlockState":true,"_pose":"Running","_animationQueue":[],"_animationSpeed":1.1,"_zoom":16.125},{"_mousePosition":[683,384],"_rootPartCFrame":[750.627,225.329,46.42,-0.462,0,0.887,0,1,0,-0.887,0,-0.462],"_humanoidState":8,"_cameraCFrame":[752.674,242.664,43.563,-0.415,-0.894,0.172,0,0.189,0.982,-0.91,0.407,-0.078],"_shiftlockState":true,"_pose":"Running","_animationQueue":[],"_animationSpeed":1.1,"_zoom":16.125},{"_mousePosition":[683,384],"_rootPartCFrame":[750.394,225.39,46.543,-0.415,0,0.91,0,1,0,-0.91,0,-0.415],"_humanoidState":8,"_cameraCFrame":[752.512,242.736,43.805,-0.373,-0.912,0.172,0,0.185,0.983,-0.928,0.366,-0.069],"_shiftlockState":true,"_pose":"Running","_animationQueue":[["walk",0.1]],"_animationSpeed":1.1,"_zoom":16.125},{"_mousePosition":[683,384],"_rootPartCFrame":[750.155,225.431,46.653,-0.373,0,0.928,0,1,0,-0.928,0,-0.373],"_humanoidState":8,"_cameraCFrame":[752.31,242.789,44.013,-0.34,-0.925,0.171,0,0.181,0.983,-0.94,0.334,-0.062],"_shiftlockState":true,"_pose":"Running","_animationQueue":[],"_animationSpeed":1.1,"_zoom":16.125},{"_mousePosition":[683,384],"_rootPartCFrame":[749.855,226.501,46.79,-0.34,0,0.94,0,1,0,-0.94,0,-0.34],"_humanoidState":3,"_cameraCFrame":[752.031,243.87,44.236,-0.311,-0.935,0.169,0,0.177,0.984,-0.95,0.306,-0.055],"_shiftlockState":true,"_pose":"Jumping","_animationQueue":[["walk",0.1],["jump",0.1]],"_animationSpeed":1,"_zoom":16.125},{"_mousePosition":[683,384],"_rootPartCFrame":[749.67,227.102,46.862,-0.313,0,0.95,0,1,0,-0.95,0,-0.313],"_humanoidState":5,"_cameraCFrame":[751.879,244.477,44.373,-0.287,-0.943,0.168,0,0.176,0.984,-0.958,0.282,-0.05],"_shiftlockState":true,"_pose":"FreeFall","_animationQueue":[["jump",0.1]],"_animationSpeed":1,"_zoom":16.125},{"_mousePosition":[683,384],"_rootPartCFrame":[749.417,227.856,46.946,-0.29,0,0.957,0,1,0,-0.957,0,-0.29],"_humanoidState":5,"_cameraCFrame":[751.659,245.236,44.522,-0.263,-0.95,0.168,0,0.174,0.985,-0.965,0.259,-0.046],"_shiftlockState":true,"_pose":"FreeFall","_animationQueue":[],"_animationSpeed":1,"_zoom":16.125},{"_mousePosition":[683,384],"_rootPartCFrame":[749.162,228.555,47.023,-0.266,0,0.964,0,1,0,-0.964,0,-0.266],"_humanoidState":5,"_cameraCFrame":[751.452,245.936,44.645,-0.243,-0.955,0.168,0,0.174,0.985,-0.97,0.239,-0.042],"_shiftlockState":true,"_pose":"FreeFall","_animationQueue":[],"_animationSpeed":1,"_zoom":16.125},{"_mousePosition":[683,384],"_rootPartCFrame":[748.904,229.2,47.094,-0.246,0,0.969,0,1,0,-0.969,0,-0.246],"_humanoidState":5,"_cameraCFrame":[751.237,246.58,44.757,-0.226,-0.959,0.169,0,0.174,0.985,-0.974,0.222,-0.039],"_shiftlockState":true,"_pose":"Fr