[{"_mousePosition":[467,270],"_rootPartCFrame":[776.025,222.7,47.142,0.003,0,1,0,1,0,-1,0,0.003],"_humanoidState":8,"_cameraCFrame":[785.637,237.146,47.062,-0.008,-0.803,0.596,0,0.596,0.803,-1,0.007,-0.005],"_shiftlockState":false,"_pose":"Standing","_animationQueue":[],"_animationSpeed":1,"_zoom":16.125},{"_mousePosition":[467,270],"_rootPartCFrame":[775.722,222.7,47.146,0.001,0,1,0,1,0,-1,0,0.001],"_humanoidState":8,"_cameraCFrame":[785.284,237.184,47.066,-0.008,-0.805,0.593,0,0.593,0.805,-1,0.007,-0.005],"_shiftlockState":false,"_pose":"Standing","_animationQueue":[],"_animationSpeed":1,"_zoom":16.125},{"_mousePosition":[467,270],"_rootPartCFrame":[775.589,222.7,47.147,0,0,1,0,1,0,-1,0,0],"_humanoidState":8,"_cameraCFrame":[784.998,237.295,47.116,-0.003,-0.812,0.584,0,0.584,0.812,-1,0.003,-0.002],"_shiftlockState":false,"_pose":"Running","_animationQueue":[["walk",0.1]],"_animationSpeed":1.089,"_zoom":16.125},{"_mousePosition":[467,270],"_rootPartCFrame":[775.322,222.7,47.149,-0.001,0,1,0,1,0,-1,0,-0.001],"_humanoidState":8,"_cameraCFrame":[784.629,237.368,47.118,-0.003,-0.817,0.577,0,0.577,0.817,-1,0.003,-0.002],"_shiftlockState":false,"_pose":"Running","_animationQueue":[],"_animationSpeed":1.089,"_zoom":16.125},{"_mousePosition":[467,270],"_rootPartCFrame":[775.056,222.7,47.15,-0.001,0,1,0,1,0,-1,0,-0.001],"_humanoidState":8,"_cameraCFrame":[784.26,237.44,47.166,0.002,-0.821,0.571,0,0.571,0.821,-1,-0.001,0.001],"_shiftlockState":false,"_pose":"Running","_animationQueue":[],"_animationSpeed":1.089,"_zoom":16.125},{"_mousePosition":[467,270],"_rootPartCFrame":[774.789,222.7,47.151,-0.002,0,1,0,1,0,-1,0,-0.002],"_humanoidState":8,"_cameraCFrame":[783.889,237.511,47.19,0.004,-0.826,0.564,0,0.564,0.826,-1,-0.004,0.002],"_shiftlockState":false,"_pose":"Running","_animationQueue":[["walk",0.1]],"_animationSpeed":1.089,"_zoom":16.125},{"_mousePosition":[467,270],"_rootPartCFrame":[774.522,222.7,47.151,-0.001,0,1,0,1,0,-1,0,-0.001],"_humanoidState":8,"_cameraCFrame":[783.518,237.582,47.235,0.009,-0.83,0.558,0,0.558,0.83,-1,-0.008,0.005],"_shiftlockState":false,"_pose":"Running","_animationQueue":[],"_animationSpeed":1.089,"_zoom":16.125},{"_mousePosition":[467,270],"_rootPartCFrame":[774.255,222.7,47.149,-0.001,0,1,0,1,0,-1,0,-0.001],"_humanoidState":8,"_cameraCFrame":[783.199,237.617,47.256,0.012,-0.832,0.555,0,0.555,0.832,-1,-0.01,0.007],"_shiftlockState":false,"_pose":"Running","_animationQueue":[],"_animationSpeed":1.089,"_zoom":16.125},{"_mousePosition":[467,270],"_rootPartCFrame":[773.989,222.7,47.147,0.001,0,1,0,1,0,-1,0,0.001],"_humanoidState":8,"_cameraCFrame":[782.88,237.651,47.275,0.014,-0.834,0.551,0,0.551,0.834,-1,-0.012,0.008],"_shiftlockState":false,"_pose":"Running","_animationQueue":[],"_animationSpeed":1.089,"_zoom":16.125},{"_mousePosition":[467,270],"_rootPartCFrame":[773.722,222.7,47.144,0.002,0,1,0,1,0,-1,0,0.002],"_humanoidState":8,"_cameraCFrame":[782.56,237.686,47.294,0.017,-0.836,0.548,0,0.548,0.836,-1,-0.014,0.009],"_shiftlockState":false,"_pose":"Running","_animationQueue":[],"_animationSpeed":1.089,"_zoom":16.125},{"_mousePosition":[467,270],"_rootPartCFrame":[773.456,222.7,47.14,0.004,0,1,0,1,0,-1,0,0.004],"_humanoidState":8,"_cameraCFrame":[782.294,237.686,47.29,0.017,-0.836,0.548,0,0.548,0.836,-1,-0.014,0.009],"_shiftlockState":false,"_pose":"Running","_animationQueue":[],"_animationSpeed":1.089,"_zoom":16.125},{"_mousePosition":[467,270],"_rootPartCFrame":[773.189,222.7,47.136,0.006,0,1,0,1,0,-1,0,0.006],"_humanoidState":8,"_cameraCFrame":[782.027,237.686,47.285,0.017,-0.836,0.548,0,0.548,0.836,-1,-0.014,0.009],"_shiftlockState":false,"_pose":"Running","_animationQueue":[],"_animationSpeed":1.089,"_zoom":16.125},{"_mousePosition":[467,270],"_rootPartCFrame":[772.922,222.7,47.131,0.007,0,1,0,1,0,-1,0,0.007],"_humanoidState":8,"_cameraCFrame":[781.708,237.72,47.28,0.017,-0.838,0.545,0,0.545,0.838,-1,-0.014,0.009],"_shiftlockState":false,"_pose":"Running","_animationQueue":[["walk",0.1]],"_animationSpeed":1.089,"_zoom":16.125},{"_mousePosition":[467,270],"_rootPartCFrame":[772.656,222.7,47.127,0.008,0,1,0,1,0,-1,0,0.008],"_humanoidState":8,"_cameraCFrame":[781.441,237.72,47.275,0.017,-0.838,0.545,0,0.545,0.838,-1,-0.014,0.009],"_shiftlockState":false,"_pose":"Running","_animationQueue":[],"_animationSpeed":1.089,"_zoom":16.125},{"_mousePosition":[467,270],"_rootPartCFrame":[772.389,222.7,47.122,0.01,0,1,0,1,0,-1,0,0.01],"_humanoidState":8,"_cameraCFrame":[781.096,237.771,47.27,0.017,-0.842,0.54,0,0.54,0.842,-1,-0.014,0.009],"_shiftlockState":false,"_pose":"Running","_animationQueue":[],"_animationSpeed":1.089,"_zoom":16.125},{"_mousePosition":[467,270],"_rootPartCFrame":[771.989,222.7,47.115,0.011,0,1,0,1,0,-1,0,0.011],"_humanoidState":8,"_cameraCFrame":[780.643,237.805,47.262,0.017,-0.844,0.537,0,0.537,0.844,-1,-0.014,0.009],"_shiftlockState":false,"_pose":"Running","_animationQueue":[],"_animationSpeed":1.089,"_zoom":16.125},{"_mousePosition":[467,270],"_rootPartCFrame":[771.856,222.7,47.113,0.011,0,1,0,1,0,-1,0,0.011],"_humanoidState":8,"_cameraCFrame":[780.456,237.839,47.259,0.017,-0.846,0.533,0,0.533,0.846,-1,-0.014,0.009],"_shiftlockState":false,"_pose":"Running","_animationQueue":[],"_animationSpeed":1.089,"_zoom":16.125},{"_mousePosition":[467,270],"_rootPartCFrame":[771.589,222.7,47.109,0.012,0,1,0,1,0,-1,0,0.012],"_humanoidState":8,"_cameraCFrame":[780.137,237.872,47.253,0.017,-0.848,0.53,0,0.53,0.848,-1,-0.014,0.009],"_shiftlockState":false,"_pose":"Running","_animationQueue":[],"_animationSpeed":1.089,"_zoom":16.125},{"_mousePosition":[467,270],"_rootPartCFrame":[771.056,222.7,47.1,0.013,0,1,0,1,0,-1,0,0.013],"_humanoidState":8,"_cameraCFrame":[779.55,237.906,47.243,0.017,-0.85,0.527,0,0.527,0.85,-1,-0.014,0.009],"_shiftlockState":false,"_pose":"Running","_animationQueue":[],"_animationSpeed":1.089,"_zoom":16.125},{"_mousePosition":[467,270],"_rootPartCFrame":[770.923,222.7,47.097,0.014,0,1,0,1,0,-1,0,0.014],"_humanoidState":8,"_cameraCFrame":[779.363,237.939,47.24,0.017,-0.852,0.523,0,0.524,0.852,-1,-0.014,0.009],"_shiftlockState":false,"_pose":"Running","_animationQueue":[["walk",0.1]],"_animationSpeed":1.089,"_zoom":16.125},{"_mousePosition":[467,270],"_rootPartCFrame":[770.79,222.7,47.095,0.014,0,1,0,1,0,-1,0,0.014],"_humanoidState":8,"_cameraCFrame":[779.176,237.972,47.237,0.017,-0.854,0.52,0,0.52,0.854,-1,-0.014,0.009],"_shiftlockState":false,"_pose":"Running","_animationQueue":[],"_animationSpeed":1.089,"_zoom":16.125},{"_mousePosition":[467,270],"_rootPartCFrame":[770.523,222.7,47.091,0.014,0,1,0,1,0,-1,0,0.014],"_humanoidState":8,"_cameraCFrame":[778.856,238.004,47.232,0.017,-0.856,0.517,0,0.517,0.856,-1,-0.014,0.009],"_shiftlockState":false,"_pose":"Running","_animationQueue":[],"_animationSpeed":1.089,"_zoom":16.125},{"_mousePosition":[467,270],"_rootPartCFrame":[770.256,222.701,47.086,0.015,0,1,0,1,0,-1,0,0.015],"_humanoidState":8,"_cameraCFrame":[778.536,238.037,47.226,0.017,-0.858,0.513,0,0.514,0.858,-1,-0.015,0.009],"_shiftlockState":false,"_pose":"Running","_animationQueue":[],"_animationSpeed":1.089,"_zoom":16.125},{"_mousePosition":[467,270],"_rootPartCFrame":[769.99,222.701,47.082,0.015,0,1,0,1,0,-1,0,0.015],"_humanoidState":8,"_cameraCFrame":[778.188,238.085,47.22,0.017,-0.861,0.508,0,0.508,0.861,-1,-0.015,0.009],"_shiftlockState":false,"_pose":"Running","_animationQueue":[],"_animationSpeed":1.089,"_zoom":16.125},{"_mousePosition":[467,270],"_rootPartCFrame":[769.723,222.701,47.077,0.015,0,1,0,1,0,-1,0,0.015],"_humanoidState":8,"_cameraCFrame":[777.867,238.117,47.215,0.017,-0.863,0.505,0,0.505,0.863,-1,-0.015,0.009],"_shiftlockState":false,"_pose":"Running","_animationQueue":[],"_animationSpeed":1.089,"_zoom":16.125},{"_mousePosition":[467,270],"_rootPartCFrame":[769.457,222.701,47.073,0.015,0,1,0,1,0,-1,0,0.015],"_humanoidState":8,"_cameraCFrame":[777.573,238.133,47.21,0.017,-0.864,0.503,0,0.503,0.864,-1,-0.015,0.009],"_shiftlockState":false,"_pose":"Running","_animationQueue":[],"_animationSpeed":1.089,"_zoom":16.125},{"_mousePosition":[467,270],"_rootPartCFrame":[769.19,222.701,47.068,0.016,0,1,0,1,0,-1,0,0.016],"_humanoidState":8,"_cameraCFrame":[777.253,238.165,47.205,0.017,-0.866,0.5,0,0.5,0.866,-1,-0.015,0.008],"_shiftlockState":false,"_pose":"Running","_animationQueue":[["walk",0.1]],"_animationSpeed":1.089,"_zoom":16.125},{"_mousePosition":[467,270],"_rootPartCFrame":[768.923,222.701,47.064,0.016,0,1,0,1,0,-1,0,0.016],"_humanoidState":8,"_cameraCFrame":[776.959,238.181,47.2,0.017,-0.867,0.498,0,0.498,0.867,-1,-0.015,0.008],"_shiftlockState":false,"_pose":"Running","_animationQueue":[],"_animationSpeed":1.089,"_zoom":16.125},{"_mousePosition":[467,270],"_rootPartCFrame":[768.657,222.701,47.059,0.016,0,1,0,1,0,-1,0,0.016],"_humanoidState":8,"_cameraCFrame":[776.638,238.212,47.194,0.017,-0.869,0.495,0,0.495,0.869,-1,-0.015,0.008],"_shiftlockState":false,"_pose":"Running","_animationQueue":[],"_animationSpeed":1.089,"_zoom":16.125},{"_mousePosition":[467,270],"_rootPartCFrame":[768.39,222.701,47.054,0.016,0,1,0,1,0,-1,0,0.016],"_humanoidState":8,"_cameraCFrame":[776.316,238.243,47.189,0.017,-0.871,0.492,0,0.492,0.871,-1,-0.015,0.008],"_shiftlockState":false,"_pose":"Running","_animationQueue":[],"_animationSpeed":1.089,"_zoom":16.125},{"_mousePosition":[467,270],"_rootPartCFrame":[768.124,222.701,47.05,0.016,0,1,0,1,0,-1,0,0.016],"_humanoidState":8,"_cameraCFrame":[775.995,238.274,47.183,0.017,-0.873,0.488,0,0.488,0.873,-1,-0.015,0.008],"_shiftlockState":false,"_pose":"Running","_animationQueue":[],"_animationSpeed":1.089,"_zoom":16.125},{"_mousePosition":[467,270],"_rootPartCFrame":[767.857,222.701,47.045,0.016,0,1,0,1,0,-1,0,0.016],"_humanoidState":8,"_cameraCFrame":[775.673,238.304,47.178,0.017,-0.874,0.485,0,0.485,0.875,-1,-0.015,0.008],"_shiftlockState":false,"_pose":"Running","_animationQueue":[],"_animationSpeed":1.089,"_zoom":16.125},{"_mousePosition":[467,270],"_rootPartCFrame":[767.59,222.701,47.041,0.016,0,1,0,1,0,-1,0,0.016],"_humanoidState":8,"_cameraCFrame":[775.379,238.32,47.173,0.017,-0.875,0.483,0,0.483,0.876,-1,-0.015,0.008],"_shiftlockState":false,"_pose":"Running","_animationQueue":[["walk",0.1]],"_animationSpeed":1.089,"_zoom":16.125},{"_mousePosition":[467,270],"_rootPartCFrame":[767.324,222.701,47.036,0.016,0,1,0,1,0,-1,0,0.016],"_humanoidState":8,"_cameraCFrame":[775.058,238.35,47.167,0.017,-0.877,0.48,0,0.48,0.877,-1,-0.015,0.008],"_shiftlockState":false,"_pose":"Running","_animationQueue":[],"_animationSpeed":1.089,"_zoom":16.125},{"_mousePosition":[467,270],"_rootPartCFrame":[767.057,222.701,47.032,0.017,0,1,0,1,0,-1,0,0.017],"_humanoidState":8,"_cameraCFrame":[774.736,238.38,47.162,0.017,-0.879,0.476,0,0.476,0.879,-1,-0.015,0.008],"_shiftlockState":false,"_pose":"Running","_animationQueue":[],"_animationSpeed":1.089,"_zoom":16.125},{"_mousePosition":[467,270],"_rootPartCFrame":[766.791,222.701,47.027,0.017,0,1,0,1,0,-1,0,0.017],"_humanoidState":8,"_cameraCFrame":[774.414,238.41,47.156,0.017,-0.881,0.473,0,0.473,0.881,-1,-0.015,0.008],"_shiftlockState":false,"_pose":"Running","_animationQueue":[],"_animationSpeed":1.089,"_zoom":16.125},{"_mousePosition":[467,270],"_rootPartCFrame":[766.524,222.701,47.023,0.017,0,1,0,1,0,-1,0,0.017],"_humanoidState":8,"_cameraCFrame":[774.036,238.469,47.15,0.017,-0.885,0.466,0,0.466,0.885,-1,-0.015,0.008],"_shiftlockState":false,"_pose":"Running","_animationQueue":[],"_animationSpeed":1.089,"_zoom":16.125},{"_mousePosition":[467,270],"_rootPartCFrame":[766.257,222.701,47.018,0.017,0,1,0,1,0,-1,0,0.017],"_humanoidState":8,"_cameraCFrame":[773.714,238.498,47.145,0.017,-0.886,0.462,0,0.463,0.887,-1,-0.015,0.008],"_shiftlockState":false,"_pose":"Running","_animationQueue":[],"_animationSpeed":1.089,"_zoom":16.125},{"_mousePosition":[467,270],"_rootPartCFrame":[765.991,222.701,47.014,0.017,0,1,0,1,0,-1,0,0.017],"_humanoidState":8,"_cameraCFrame":[773.308,238.57,47.138,0.017,-0.891,0.454,0,0.454,0.891,-1,-0.015,0.008],"_shiftlockState":false,"_pose":"Running","_animationQueue":[],"_animationSpeed":1.089,"_zoom":16.125},{"_mousePosition":[467,270],"_rootPartCFrame":[765.724,222.701,47.009,0.017,0,1,0,1,0,-1,0,0.017],"_humanoidState":8,"_cameraCFrame":[772.929,238.626,47.131,0.017,-0.894,0.447,0,0.447,0.895,-1,-0.015,0.008],"_shiftlockState":false,"_pose":"Running","_animationQueue":[["walk",0.1]],"_animationSpeed":1.089,"_zoom":16.125},{"_mousePosition":[467,270],"_rootPartCFrame":[765.458,222.701,47.005,0.017,0,1,0,1,0,-1,0,0.017],"_humanoidState":8,"_cameraCFrame":[772.578,238.668,47.125,0.017,-0.897,0.442,0,0.442,0.897,-1,-0.015,0.007],"_shiftlockState":false,"_pose":"Running","_animationQueue":[],"_animationSpeed":1.089,"_zoom":16.125},{"_mousePosition":[467,270],"_rootPartCFrame":[765.191,222.701,47,0.017,0,1,0,1,0,-1,0,0.017],"_humanoidState":8,"_cameraCFrame":[772.226,238.71,47.137,0.019,-0.9,0.436,0,0.436,0.9,-1,-0.018,0.008],"_shiftlockState":false,"_pose":"Running","_animationQueue":[],"_animationSpeed":1.089,"_zoom":16.125},{"_mousePosition":[467,270],"_rootPartCFrame":[764.924,222.701,46.996,0.017,0,1,0,1,0,-1,0,0.017],"_humanoidState":8,"_cameraCFrame":[771.875,238.751,47.149,0.022,-0.902,0.431,0,0.431,0.902,-1,-0.02,0.009],"_shiftlockState":false,"_pose":"Running","_animationQueue":[],"_animationSpeed":1.089,"_zoom":16.125},{"_mousePosition":[467,270],"_rootPartCFrame":[764.658,222.701,46.991,0.017,0,1,0,1,0,-1,0,0.017],"_humanoidState":8,"_cameraCFrame":[771.493,238.804,47.176,0.027,-0.905,0.424,0,0.424,0.906,-1,-0.024,0.011],"_shiftlockState":false,"_pose":"Running","_animationQueue":[],"_animationSpeed":1.089,"_zoom":16.125},{"_mousePosition":[467,270],"_rootPartCFrame":[764.391,222.701,46.985,0.018,0,1,0,1,0,-1,0,0.018],"_humanoidState":8,"_cameraCFrame":[771.112,238.857,47.201,0.032,-0.908,0.417,0,0.417,0.909,-0.999,-0.029,0.013],"_shiftlockState":false,"_pose":"Running","_animationQueue":[],"_animationSpeed":1.089,"_zoom":16.125},{"_mousePosition":[467,270],"_rootPartCFrame":[764.125,222.701,46.978,0.019,0,1,0,1,0,-1,0,0.019],"_humanoidState":8,"_cameraCFrame":[770.701,238.922,47.222,0.037,-0.912,0.408,0,0.408,0.913,-0.999,-0.034,0.015],"_shiftlockState":false,"_pose":"Running","_animationQueue":[],"_animationSpeed":1.089,"_zoom":16.125},{"_mousePosition":[467,270],"_rootPartCFrame":[763.858,222.701,46.969,0.021,0,1,0,1,0,-1,0,0.021],"_humanoidState":8,"_cameraCFrame":[770.259,238.998,47.272,0.047,-0.917,0.397,0,0.397,0.918,-0.999,-0.043,0.019],"_shiftlockState":false,"_pose":"Running","_animationQueue":[["walk",0.1]],"_animationSpeed":1.089,"_zoom":16.125},{"_mousePosition":[467,270],"_rootPartCFrame":[763.592,222.701,46.959,0.023,0,1,0,1,0,-1,0,0.023],"_humanoidState":8,"_cameraCFrame":[769.846,239.06,47.303,0.055,-0.92,0.388,0,0.388,0.921,-0.998,-0.051,0.021],"_shiftlockState":false,"_pose":"Running","_animationQueue":[],"_animationSpeed":1.089,"_zoom":16.125},{"_mousePosition":[467,270],"_rootPartCFrame":[763.325,222.701,46.947,0.026,0,1,0,1,0,-1,0,0.026],"_humanoidState":8,"_cameraCFrame":[769.46,239.108,47.346,0.065,-0.923,0.38,0,0.381,0.924,-0.998,-0.06,0.025],"_shiftlockState":false,"_pose":"Running","_animationQueue":[],"_animationSpeed":1.089,"_zoom":16.125},{"_mousePosition":[467,270],"_rootPartCFrame":[763.059,222.701,46.933,0.03,0,1,0,1,0,-1,0,0.03],"_humanoidState":8,"_cameraCFrame":[769.074,239.156,47.385,0.075,-0.925,0.373,0,0.374,0.927,-0.997,-0.07,0.028],"_shiftlockState":false,"_pose":"Running","_animationQueue":[],"_animationSpeed":1.089,"_zoom":16.125},{"_mousePosition":[467,270],"_rootPartCFrame":[762.793,222.701,46.915,0.034,0,0.999,0,1,0,-0.999,0,0.034],"_humanoidState":8,"_cameraCFrame":[768.627,239.225,47.429,0.088,-0.928,0.362,0,0.363,0.932,-0.996,-0.082,0.032],"_shiftlockState":false,"_pose":"Running","_animationQueue":[],"_animationSpeed":1.089,"_zoom":16.125},{"_mousePosition":[467,270],"_rootPartCFrame":[762.527,222.701,46.896,0.04,0,0.999,0,1,0,-0.999,0,0.04],"_humanoidState":8,"_cameraCFrame":[768.269,239.259,47.445,0.095,-0.93,0.356,0,0.358,0.934,-0.995,-0.089,0.034],"_shiftlockState":false,"_pose":"Running","_animationQueue":[],"_animationSpeed":1.089,"_zoom":16.125},{"_mousePosition":[467,270],"_rootPartCFrame":[762.261,222.701,46.873,0.046,0,0.999,0,1,0,-0.999,0,0.046],"_humanoidState":8,"_cameraCFrame":[767.941,239.281,47.46,0.103,-0.93,0.352,0,0.354,0.935,-0.995,-0.096,0.036],"_shiftlockState":false,"_pose":"Running","_animationQueue":[],"_animationSpeed":1.089,"_zoom":16.125},{"_mousePosition":[467,270],"_rootPartCFrame":[761.996,222.701,46.847,0.053,0,0.999,0,1,0,-0.999,0,0.053],"_humanoidState":8,"_cameraCFrame":[767.612,239.304,47.471,0.11,-0.931,0.348,0,0.35,0.937,-0.994,-0.103,0.039],"_shiftlockState":false,"_pose":"Running","_animationQueue":[["walk",0.1]],"_animationSpeed":1.089,"_zoom":16.125},{"_mousePosition":[467,270],"_rootPartCFrame":[761.731,222.701,46.82,0.059,0,0.998,0,1,0,-0.998,0,0.059],"_humanoidState":8,"_cameraCFrame":[767.284,239.325,47.479,0.118,-0.931,0.344,0,0.347,0.938,-0.993,-0.111,0.041],"_shiftlockState":false,"_pose":"Running","_animationQueue":[],"_animationSpeed":1.089,"_zoom":16.125},{"_mousePosition":[467,270],"_rootPartCFrame":[761.466,222.701,46.791,0.066,0,0.998,0,1,0,-0.998,0,0.066],"_humanoidState":8,"_cameraCFrame":[766.982,239.336,47.502,0.128,-0.931,0.342,0,0.345,0.939,-0.992,-0.12,0.044],"_shiftlockState":false,"_pose":"Running","_animationQueue":[],"_animationSpeed":1.089,"_zoom":16.125},{"_mousePosition":[467,270],"_rootPartCFrame":[761.201,222.701,46.76,0.073,0,0.997,0,1,0,-0.997,0,0.073],"_humanoidState":8,"_cameraCFrame":[766.652,239.358,47.519,0.138,-0.931,0.338,0,0.341,0.94,-0.99,-0.13,0.047],"_shiftlockState":false,"_pose":"Running","_animationQueue":[],"_animationSpeed":1.089,"_zoom":16.125},{"_mousePosition":[467,270],"_rootPartCFrame":[760.936,222.701,46.726,0.08,0,0.997,0,1,0,-0.997,0,0.08],"_humanoidState":8,"_cameraCFrame":[766.317,239.379,47.559,0.153,-0.93,0.334,0,0.338,0.941,-0.988,-0.144,0.052],"_shiftlockState":false,"_pose":"Running","_animationQueue":[],"_animationSpeed":1.089,"_zoom":16.125},{"_mousePosition":[467,270],"_rootPartCFrame":[760.672,222.701,46.689,0.088,0,0.996,0,1,0,-0.996,0,0.088],"_humanoidState":8,"_cameraCFrame":[765.976,239.4,47.621,0.173,-0.928,0.329,0,0.334,0.943,-0.985,-0.163,0.058],"_shiftlockState":false,"_pose":"Running","_animationQueue":[],"_animationSpeed":1.089,"_zoom":16.125},{"_mousePosition":[467,270],"_rootPartCFrame":[760.408,222.701,46.649,0.097,0,0.995,0,1,0,-0.995,0,0.097],"_humanoidState":8,"_cameraCFrame":[765.634,239.421,47.676,0.193,-0.926,0.324,0,0.33,0.944,-0.981,-0.182,0.064],"_shiftlockState":false,"_pose":"Running","_animationQueue":[["walk",0.1]],"_animationSpeed":1.089,"_zoom":16.125},{"_mousePosition":[467,270],"_rootPartCFrame":[760.146,222.701,46.603,0.107,0,0.994,0,1,0,-0.994,0,0.107],"_humanoidState":8,"_cameraCFrame":[765.286,239.442,47.749,0.218,-0.923,0.319,0,0.327,0.945,-0.976,-0.206,0.071],"_shiftlockState":false,"_pose":"Running","_animationQueue":[],"_animationSpeed":1.089,"_zoom":16.125},{"_mousePosition":[467,270],"_rootPartCFrame":[759.884,222.701,46.552,0.118,0,0.993,0,1,0,-0.993,0,0.118],"_humanoidState":8,"_cameraCFrame":[764.942,239.462,47.788,0.237,-0.919,0.314,0,0.323,0.946,-0.971,-0.225,0.077],"_shiftlockState":false,"_pose":"Running","_animationQueue":[],"_animationSpeed":1.089,"_zoom":16.125},{"_mousePosition":[467,270],"_rootPartCFrame":[759.623,222.701,46.494,0.131,0,0.991,0,1,0,-0.991,0,0.131],"_humanoidState":8,"_cameraCFrame":[764.585,239.482,47.868,0.267,-0.913,0.308,0,0.319,0.948,-0.964,-0.253,0.085],"_shiftlockState":false,"_pose":"Running","_animationQueue":[],"_animationSpeed":1.089,"_zoom":16.125},{"_mousePosition":[467,270],"_rootPartCFrame":[759.364,222.701,46.432,0.145,0,0.989,0,1,0,-0.989,0,0.145],"_humanoidState":8,"_cameraCFrame":[764.304,239.482,47.88,0.281,-0.909,0.306,0,0.319,0.948,-0.96,-0.267,0.09],"_shiftlockState":false,"_pose":"Running","_animationQueue":[],"_animationSpeed":1.089,"_zoom":16.125},{"_mousePosition":[467,270],"_rootPartCFrame":[759.107,222.701,46.361,0.162,0,0.987,0,1,0,-0.987,0,0.162],"_humanoidState":8,"_cameraCFrame":[764.024,239.482,47.884,0.296,-0.905,0.305,0,0.319,0.948,-0.955,-0.28,0.094],"_shiftlockState":false,"_pose":"Running","_animationQueue":[],"_animationSpeed":1.089,"_zoom":16.125},{"_mousePosition":[467,270],"_rootPartCFrame":[758.851,222.701,46.286,0.178,0,0.984,0,1,0,-0.984,0,0.178],"_humanoidState":8,"_cameraCFrame":[763.716,239.492,47.875,0.31,-0.901,0.302,0,0.317,0.948,-0.951,-0.294,0.098],"_shiftlockState":false,"_pose":"Running","_animationQueue":[],"_animationSpeed":1.089,"_zoom":16.125},{"_mousePosition":[467,270],"_rootPartCFrame":[758.531,223.785,46.193,0.198,0,0.98,0,1,0,-0.98,0,0.198],"_humanoidState":3,"_cameraCFrame":[763.352,240.586,47.821,0.32,-0.899,0.299,0,0.316,0.949,-0.947,-0.304,0.101],"_shiftlockState":false,"_pose":"Jumping","_animationQueue":[["walk",0.1],["walk",0.1],["jump",0.1]],"_animationSpeed":1,"_zoom":16.125},{"_mousePosition":[467,270],"_rootPartCFrame":[758.341,224.396,46.132,0.209,0,0.978,0,1,0,-0.978,0,0.209],"_humanoidState":5,"_cameraCFrame":[763.112,241.207,47.811,0.332,-0.896,0.296,0,0.314,0.95,-0.943,-0.315,0.104],"_shiftlockState":false,"_pose":"FreeFall","_animationQueue":[["jump",0.1]],"_animationSpeed":1,"_zoom":16.125},{"_mousePosition":[467,270],"_rootPartCFrame":[758.088,225.164,46.047,0.224,0,0.974,0,1,0,-0.974,0,0.224],"_humanoidState":5,"_cameraCFrame":[762.842,241.975,47.774,0.341,-0.892,0.295,0,0.314,0.95,-0.94,-0.324,0.107],"_shiftlockState":false,"_pose":"FreeFall","_animationQueue":[],"_animationSpeed":1,"_zoom":16.125},{"_mousePosition":[467,270],"_rootPartCFrame":[757.836,225.877,45.959,0.239,0,0.971,0,1,0,-0.971,0,0.239],"_humanoidState":5,"_cameraCFrame":[762.545,242.698,47.724,0.351,-0.89,0.292,0,0.312,0.95,-0.936,-0.333,0.109],"_shiftlockState":false,"_pose":"FreeFall","_animationQueue":[],"_animationSpeed":1,"_zoom":16.125},{"_mousePosition":[467,270],"_rootPartCFrame":[757.586,226.535,45.868,0.253,0,0.967,0,1,0,-0.967,0,0.253],"_humanoidState":5,"_cameraCFrame":[762.276,243.356,47.68,0.36,-0.886,0.291,0,0.312,0.95,-0.933,-0.342,0.112],"_shiftlockState":false,"_pose":"FreeFall","_animationQueue":[],"_animationSpeed":1,"_zoom":16.125},{"_mousePosition":[467,270],"_rootPartCFrame":[757.336,227.139,45.775,0.267,0,0.964,0,1,0,-0.964,0,0.267],"_humanoidState":5,"_cameraCFrame":[761.989,243.97,47.6,0.365,-0.885,0.289,0,0.31,0.951,-0.931,-0.347,0.113],"_shiftlockState":false,"_pose":"FreeFall","_animationQueue":[],"_animationSpeed":1,"_zoom":16.125},{"_mousePosition":[467,270],"_rootPartCFrame":[757.087,227.689,45.679,0.279,0,0.96,0,1,0,-0.96,0,0.279],"_humanoidState":5,"_cameraCFrame":[761.74,244.52,47.504,0.365,-0.885,0.289,0,0.31,0.951,-0.931,-0.347,0.113],"_shiftlockState":false,"_pose":"FreeFall","_animationQueue":[],"_animationSpeed":1,"_zoom":16.125},{"_mousePosition":[467,270],"_rootPartCFrame":[756.839,228.184,45.582,0.291,0,0.957,0,1,0,-0.957,0,0.291],"_humanoidState":5,"_cameraCFrame":[761.46,245.024,47.408,0.367,-0.885,0.287,0,0.308,0.951,-0.93,-0.35,0.113],"_shiftlockState":false,"_pose":"FreeFall","_animationQueue":[],"_animationSpeed":1,"_zoom":16.125},{"_mousePosition":[467,270],"_rootPartCFrame":[756.59,228.624,45.485,0.302,0,0.953,0,1,0,-0.953,0,0.302],"_humanoidState":5,"_cameraCFrame":[761.202,245.465,47.334,0.372,-0.883,0.286,0,0.308,0.951,-0.928,-0.354,0.115],"_shiftlockState":false,"_pose":"FreeFall","_animationQueue":[],"_animationSpeed":1,"_zoom":16.125},{"_mousePosition":[467,270],"_rootPartCFrame":[756.342,229.01,45.387,0.311,0,0.95,0,1,0,-0.95,0,0.311],"_humanoidState":5,"_cameraCFrame":[760.917,245.861,47.248,0.377,-0.882,0.284,0,0.306,0.952,-0.926,-0.359,0.115],"_shiftlockState":false,"_pose":"FreeFall","_animationQueue":[],"_animationSpeed":1,"_zoom":16.125},{"_mousePosition":[467,270],"_rootPartCFrame":[756.095,229.342,45.288,0.319,0,0.948,0,1,0,-0.948,0,0.319],"_humanoidState":5,"_cameraCFrame":[760.66,246.192,47.172,0.382,-0.88,0.283,0,0.306,0.952,-0.924,-0.363,0.117],"_shiftlockState":false,"_pose":"FreeFall","_animationQueue":[],"_animationSpeed":1,"_zoom":16.125},{"_mousePosition":[467,270],"_rootPartCFrame":[755.847,229.619,45.187,0.327,0,0.945,0,1,0,-0.945,0,0.327],"_humanoidState":5,"_cameraCFrame":[760.371,246.479,47.095,0.389,-0.878,0.281,0,0.304,0.953,-0.921,-0.37,0.118],"_shiftlockState":false,"_pose":"FreeFall","_animationQueue":[],"_animationSpeed":1,"_zoom":16.125},{"_mousePosition":[467,270],"_rootPartCFrame":[755.601,229.842,45.086,0.335,0,0.942,0,1,0,-0.942,0,0.335],"_humanoidState":5,"_cameraCFrame":[760.04,246.72,47.038,0.403,-0.873,0.275,0,0.301,0.954,-0.915,-0.384,0.121],"_shiftlockState":false,"_pose":"FreeFall","_animationQueue":[],"_animationSpeed":1,"_zoom":16.125},{"_mousePosition":[467,270],"_rootPartCFrame":[755.355,230.01,44.983,0.342,0,0.94,0,1,0,-0.94,0,0.342],"_humanoidState":5,"_cameraCFrame":[759.736,246.898,46.989,0.416,-0.868,0.272,0,0.299,0.954,-0.909,-0.397,0.124],"_shiftlockState":false,"_pose":"FreeFall","_animationQueue":[],"_animationSpeed":1,"_zoom":16.125},{"_mousePosition":[467,270],"_rootPartCFrame":[755.111,230.123,44.876,0.35,0,0.937,0,1,0,-0.937,0,0.35],"_humanoidState":5,"_cameraCFrame":[759.461,247.011,46.948,0.43,-0.862,0.27,0,0.299,0.954,-0.903,-0.41,0.129],"_shiftlockState":false,"_pose":"FreeFall","_animationQueue":[],"_animationSpeed":1,"_zoom":16.125},{"_mousePosition":[467,270],"_rootPartCFrame":[754.868,230.182,44.765,0.359,0,0.933,0,1,0,-0.933,0,0.359],"_humanoidState":5,"_cameraCFrame":[759.186,247.07,46.904,0.444,-0.855,0.268,0,0.299,0.954,-0.896,-0.423,0.133],"_shiftlockState":false,"_pose":"FreeFall","_animationQueue":[],"_animationSpeed":1,"_zoom":16.125},{"_mousePosition":[467,270],"_rootPartCFrame":[754.627,230.187,44.651,0.368,0,0.93,0,1,0,-0.93,0,0.368],"_humanoidState":5,"_cameraCFrame":[758.886,247.084,46.841,0.457,-0.849,0.264,0,0.297,0.955,-0.889,-0.437,0.136],"_shiftlockState":false,"_pose":"FreeFall","_animationQueue":[],"_animationSpeed":1,"_zoom":16.125},{"_mousePosition":[467,270],"_rootPartCFrame":[754.388,230.137,44.533,0.378,0,0.926,0,1,0,-0.926,0,0.378],"_humanoidState":5,"_cameraCFrame":[758.624,247.034,46.766,0.466,-0.845,0.263,0,0.297,0.955,-0.885,-0.445,0.138],"_shiftlockState":false,"_pose":"FreeFall","_animationQueue":[],"_animationSpeed":1,"_zoom":16.125},{"_mousePosition":[467,270],"_rootPartCFrame":[754.15,230.032,44.412,0.389,0,0.921,0,1,0,-0.921,0,0.389],"_humanoidState":5,"_cameraCFrame":[758.358,246.93,46.699,0.477,-0.839,0.261,0,0.297,0.955,-0.879,-0.456,0.142],"_shiftlockState":false,"_pose":"FreeFall","_animationQueue":[],"_animationSpeed":1,"_zoom":16.125},{"_mousePosition":[467,270],"_rootPartCFrame":[753.914,229.873,44.288,0.399,0,0.917,0,1,0,-0.917,0,0.399],"_humanoidState":5,"_cameraCFrame":[758.111,246.771,46.596,0.482,-0.837,0.26,0,0.297,0.955,-0.876,-0.46,0.143],"_shiftlockState":false,"_pose":"FreeFall","_animationQueue":[],"_animationSpeed":1,"_zoom":16.125},{"_mousePosition":[467,270],"_rootPartCFrame":[753.68,229.66,44.161,0.41,0,0.912,0,1,0,-0.912,0,0.41],"_humanoidState":5,"_cameraCFrame":[757.858,246.557,46.501,0.489,-0.833,0.259,0,0.297,0.955,-0.873,-0.467,0.145],"_shiftlockState":false,"_pose":"FreeFall","_animationQueue":[["fall",0.3]],"_animationSpeed":1,"_zoom":16.125},{"_mousePosition":[467,270],"_rootPartCFrame":[753.446,229.392,44.033,0.42,0,0.908,0,1,0,-0.908,0,0.42],"_humanoidState":5,"_cameraCFrame":[757.613,246.289,46.394,0.493,-0.831,0.258,0,0.297,0.955,-0.87,-0.471,0.146],"_shiftlockState":false,"_pose":"FreeFall","_animationQueue":[],"_animationSpeed":1,"_zoom":16.125},{"_mousePosition":[467,270],"_rootPartCFrame":[753.213,229.069,43.903,0.429,0,0.903,0,1,0,-0.903,0,0.429],"_humanoidState":5,"_cameraCFrame":[757.362,245.967,46.295,0.5,-0.827,0.257,0,0.297,0.955,-0.866,-0.477,0.148],"_shiftlockState":false,"_pose":"FreeFall","_animationQueue":[],"_animationSpeed":1,"_zoom":16.125},{"_mousePosition":[467,270],"_rootPartCFrame":[752.981,228.692,43.771,0.438,0,0.899,0,1,0,-0.899,0,0.438],"_humanoidState":5,"_cameraCFrame":[757.111,245.59,46.195,0.506,-0.824,0.256,0,0.297,0.955,-0.862,-0.483,0.15],"_shiftlockState":false,"_pose":"FreeFall","_animationQueue":[],"_animationSpeed":1,"_zoom":16.125},{"_mousePosition":[467,270],"_rootPartCFrame":[752.75,228.261,43.639,0.447,0,0.895,0,1,0,-0.895,0,0.447],"_humanoidState":5,"_cameraCFrame":[756.868,245.158,46.083,0.51,-0.821,0.255,0,0.297,0.955,-0.86,-0.487,0.152],"_shiftlockState":false,"_pose":"FreeFall","_animationQueue":[],"_animationSpeed":1,"_zoom":16.125},{"_mousePosition":[467,270],"_rootPartCFrame":[752.52,227.775,43.504,0.455,0,0.891,0,1,0,-0.891,0,0.455],"_humanoidState":5,"_cameraCFrame":[756.632,244.672,45.959,0.513,-0.82,0.255,0,0.297,0.955,-0.859,-0.49,0.152],"_shiftlockState":false,"_pose":"FreeFall","_animationQueue":[],"_animationSpeed":1,"_zoom":16.125},{"_mousePosition":[467,270],"_rootPartCFrame":[752.29,227.234,43.368,0.462,0,0.887,0,1,0,-0.887,0,0.462],"_humanoidState":5,"_cameraCFrame":[756.396,244.132,45.833,0.515,-0.819,0.255,0,0.297,0.955,-0.857,-0.492,0.153],"_shiftlockState":false,"_pose":"FreeFall","_animationQueue":[],"_animationSpeed":1,"_zoom":16.125},{"_mousePosition":[467,270],"_rootPartCFrame":[752.061,226.639,43.231,0.469,0,0.883,0,1,0,-0.883,0,0.469],"_humanoidState":5,"_cameraCFrame":[756.167,243.537,45.697,0.515,-0.819,0.255,0,0.297,0.955,-0.857,-0.492,0.153],"_shiftlockState":false,"_pose":"FreeFall","_animationQueue":[["fall",0.3]],"_animationSpeed":1,"_zoom":16.125},{"_mousePosition":[467,270],"_rootPartCFrame":[751.833,225.99,43.094,0.476,0,0.88,0,1,0,-0.88,0,0.476],"_humanoidState":7,"_cameraCFrame":[755.969,242.887,45.507,0.504,-0.825,0.257,0,0.297,0.955,-0.864,-0.481,0.15],"_shiftlockState":false,"_pose":"FreeFall","_animationQueue":[["walk",0.1],["fall",0.3],["fall",0.3]],"_animationSpeed":1,"_zoom":16.125},{"_mousePosition":[467,270],"_rootPartCFrame":[751.547,225.499,42.922,0.483,0,0.876,0,1,0,-0.876,0,0.483],"_humanoidState":7,"_cameraCFrame":[755.705,242.406,45.237,0.486,-0.835,0.258,0,0.295,0.955,-0.874,-0.465,0.144],"_shiftlockState":false,"_pose":"FreeFall","_animationQueue":[],"_animationSpeed":1,"_zoom":16.125},{"_mousePosition":[467,270],"_rootPartCFrame":[751.375,225.538,42.821,0.485,0,0.874,0,1,0,-0.874,0,0.485],"_humanoidState":8,"_cameraCFrame":[755.552,242.454,45.037,0.469,-0.845,0.259,0,0.293,0.956,-0.883,-0.448,0.137],"_shiftlockState":false,"_pose":"Running","_animationQueue":[["walk",0.1],["fall",0.3],["walk",0.1]],"_animationSpeed":1.103,"_zoom":16.125},{"_mousePosition":[467,270],"_rootPartCFrame":[751.144,226.411,42.687,0.488,0,0.873,0,1,0,-0.873,0,0.488],"_humanoidState":3,"_cameraCFrame":[755.345,243.336,44.793,0.448,-0.855,0.26,0,0.291,0.957,-0.894,-0.429,0.131],"_shiftlockState":false,"_pose":"Jumping","_animationQueue":[["walk",0.1],["jump",0.1]],"_animationSpeed":1,"_zoom":16.125},{"_mousePosition":[467,270],"_rootPartCFrame":[750.91,227.233,42.56,0.487,0,0.873,0,1,0,-0.873,0,0.487],"_humanoidState":5,"_cameraCFrame":[755.11,244.158,44.667,0.448,-0.855,0.26,0,0.291,0.957,-0.894,-0.429,0.131],"_shiftlockState":false,"_pose":"FreeFall","_animationQueue":[["jump",0.1]],"_animationSpeed":1,"_zoom":16.125},{"_mousePosition":[467,270],"_rootPartCFrame":[750.672,228,42.44,0.483,0,0.875,0,1,0,-0.875,0,0.483],"_humanoidState":5,"_cameraCFrame":[754.845,244.935,44.533,0.448,-0.856,0.259,0,0.29,0.957,-0.894,-0.429,0.13],"_shiftlockState":false,"_pose":"FreeFall","_animationQueue":[],"_animationSpeed":1,"_zoom":16.125},{"_mousePosition":[467,270],"_rootPartCFrame":[750.433,228.713,42.32,0.479,0,0.878,0,1,0,-0.878,0,0.479],"_humanoidState":5,"_cameraCFrame":[754.607,245.648,44.414,0.448,-0.856,0.259,0,0.29,0.957,-0.894,-0.429,0.13],"_shiftlockState":false,"_pose":"FreeFall","_animationQueue":[],"_animationSpeed":1,"_zoom":16.125},{"_mousePosition":[467,270],"_rootPartCFrame":[750.195,229.372,42.201,0.474,0,0.88,0,1,0,-0.88,0,0.474],"_humanoidState":5,"_cameraCFrame":[754.352,246.306,44.326,0.455,-0.852,0.258,0,0.29,0.957,-0.89,-0.436,0.132],"_shiftlockState":false,"_pose":"FreeFall","_animationQueue":[],"_animationSpeed":1,"_zoom":16.125},{"_mousePosition":[467,270],"_rootPartCFrame":[749.957,229.976,42.081,0.471,0,0.882,0,1,0,-0.882,0,0.471],"_humanoidState":5,"_cameraCFrame":[754.098,246.91,44.238,0.462,-0.849,0.257,0,0.29,0.957,-0.887,-0.442,0.134],"_shiftlockState":false,"_pose":"FreeFall","_animationQueue":[],"_animationSpeed":1,"_zoom":16.125},{"_mousePosition":[467,270],"_rootPartCFrame":[749.719,230.525,41.96,0.468,0,0.884,0,1,0,-0.884,0,0.468],"_humanoidState":5,"_cameraCFrame":[753.812,247.469,44.144,0.471,-0.845,0.254,0,0.288,0.958,-0.882,-0.451,0.135],"_shiftlockState":false,"_pose":"FreeFall","_animationQueue":[],"_animationSpeed":1,"_zoom":16.125},{"_mousePosition":[467,270],"_rootPartCFrame":[749.482,231.02,41.837,0.467,0,0.884,0,1,0,-0.884,0,0.467],"_humanoidState":5,"_cameraCFrame":[753.521,247.973,44.058,0.482,-0.84,0.25,0,0.286,0.958,-0.876,-0.462,0.138],"_shiftlockState":false,"_pose":"FreeFall","_animationQueue":[],"_animationSpeed":1,"_zoom":16.125},{"_mousePosition":[467,270],"_rootPartCFrame":[749.247,231.461,41.712,0.467,0,0.884,0,1,0,-0.884,0,0.467],"_humanoidState":5,"_cameraCFrame":[753.199,248.431,43.964,0.495,-0.834,0.245,0,0.282,0.959,-0.869,-0.475,0.14],"_shiftlockState":false,"_pose":"FreeFall","_animationQueue":[],"_animationSpeed":1,"_zoom":16.125},{"_mousePosition":[467,270],"_rootPartCFrame":[749.013,231.847,41.584,0.468,0,0.883,0,1,0,-0.883,0,0.468],"_humanoidState":5,"_cameraCFrame":[752.884,248.835,43.856,0.506,-0.828,0.24,0,0.278,0.96,-0.862,-0.486,0.141],"_shiftlockState":false,"_pose":"FreeFall","_animationQueue":[],"_animationSpeed":1,"_zoom":16.125},{"_mousePosition":[467,270],"_rootPartCFrame":[748.781,232.179,41.453,0.471,0,0.882,0,1,0,-0.882,0,0.471],"_humanoidState":5,"_cameraCFrame":[752.603,249.175,43.748,0.515,-0.824,0.237,0,0.276,0.961,-0.857,-0.495,0.142],"_shiftlockState":false,"_pose":"FreeFall","_animationQueue":[],"_animationSpeed":1,"_zoom":16.125},{"_mousePosition":[467,270],"_rootPartCFrame":[748.551,232.456,41.318,0.476,0,0.88,0,1,0,-0.88,0,0.476],"_humanoidState":5,"_cameraCFrame":[752.355,249.452,43.642,0.521,-0.82,0.236,0,0.276,0.961,-0.853,-0.501,0.144],"_shiftlockState":false,"_pose":"FreeFall","_animationQueue":[],"_animationSpeed":1,"_zoom":16.125},{"_mousePosition":[467,270],"_rootPartCFrame":[748.322,232.678,41.181,0.481,0,0.877,0,1,0,-0.877,0,0.481],"_humanoidState":5,"_cameraCFrame":[752.126,249.675,43.505,0.521,-0.82,0.236,0,0.276,0.961,-0.853,-0.501,0.144],"_shiftlockState":false,"_pose":"FreeFall","_animationQueue":[],"_animationSpeed":1,"_zoom":16.125},{"_mousePosition":[467,270],"_rootPartCFrame":[748.094,232.846,41.042,0.486,0,0.874,0,1,0,-0.874,0,0.486],"_humanoidState":5,"_cameraCFrame":[751.899,249.843,43.366,0.521,-0.82,0.236,0,0.276,0.961,-0.853,-0.501,0.144],"_shiftlockState":false,"_pose":"FreeFall","_animationQueue":[],"_animationSpeed":1,"_zoom":16.125},{"_mousePosition":[467,270],"_rootPartCFrame":[747.867,232.96,40.903,0.491,0,0.871,0,1,0,-0.871,0,0.491],"_humanoidState":5,"_cameraCFrame":[751.671,249.956,43.227,0.521,-0.82,0.236,0,0.276,0.961,-0.853,-0.501,0.144],"_shiftlockState":false,"_pose":"FreeFall","_animationQueue":[],"_animationSpeed":1,"_zoom":16.125},{"_mousePosition":[467,270],"_rootPartCFrame":[747.639,233.019,40.764,0.495,0,0.869,0,1,0,-0.869,0,0.495],"_humanoidState":5,"_cameraCFrame":[751.443,250.015,43.088,0.521,-0.82,0.236,0,0.276,0.961,-0.853,-0.501,0.144],"_shiftlockState":false,"_pose":"FreeFall","_animationQueue":[],"_animationSpeed":1,"_zoom":16.125},{"_mousePosition":[467,270],"_rootPartCFrame":[747.412,233.023,40.625,0.499,0,0.867,0,1,0,-0.867,0,0.499],"_humanoidState":5,"_cameraCFrame":[751.204,250.02,42.969,0.526,-0.818,0.235,0,0.276,0.961,-0.851,-0.505,0.145],"_shiftlockState":false,"_pose":"FreeFall","_animationQueue":[["fall",0.3]],"_animationSpeed":1,"_zoom":16.125},{"_mousePosition":[467,270],"_rootPartCFrame":[747.184,232.973,40.486,0.502,0,0.865,0,1,0,-0.865,0,0.502],"_humanoidState":5,"_cameraCFrame":[750.965,249.97,42.849,0.53,-0.815,0.234,0,0.276,0.961,-0.848,-0.509,0.146],"_shiftlockState":false,"_pose":"FreeFall","_animationQueue":[],"_animationSpeed":1,"_zoom":16.125},{"_mousePosition":[467,270],"_rootPartCFrame":[746.957,232.869,40.346,0.505,0,0.863,0,1,0,-0.863,0,0.505],"_humanoidState":5,"_cameraCFrame":[750.72,249.865,42.737,0.536,-0.811,0.233,0,0.276,0.961,-0.844,-0.515,0.148],"_shiftlockState":false,"_pose":"FreeFall","_animationQueue":[],"_animationSpeed":1,"_zoom":16.125},{"_mousePosition":[467,270],"_rootPartCFrame":[746.731,232.71,40.205,0.509,0,0.861,0,1,0,-0.861,0,0.509],"_humanoidState":5,"_cameraCFrame":[750.469,249.706,42.634,0.545,-0.806,0.232,0,0.276,0.961,-0.839,-0.524,0.151],"_shiftlockState":false,"_pose":"FreeFall","_animationQueue":[],"_animationSpeed":1,"_zoom":16.125},{"_mousePosition":[467,270],"_rootPartCFrame":[746.506,232.496,40.062,0.512,0,0.859,0,1,0,-0.859,0,0.512],"_humanoidState":5,"_cameraCFrame":[750.188,249.501,42.522,0.555,-0.8,0.228,0,0.275,0.962,-0.832,-0.534,0.153],"_shiftlockState":false,"_pose":"FreeFall","_animationQueue":[],"_animationSpeed":1,"_zoom":16.125},{"_mousePosition":[467,270],"_rootPartCFrame":[746.282,232.228,39.917,0.516,0,0.856,0,1,0,-0.856,0,0.516],"_humanoidState":5,"_cameraCFrame":[749.939,249.233,42.414,0.564,-0.794,0.227,0,0.275,0.962,-0.826,-0.542,0.155],"_shiftlockState":false,"_pose":"FreeFall","_animationQueue":[],"_animationSpeed":1,"_zoom":16.125},{"_mousePosition":[467,270],"_rootPartCFrame":[746.06,231.906,39.77,0.521,0,0.853,0,1,0,-0.853,0,0.521],"_humanoidState":5,"_cameraCFrame":[749.717,248.911,42.266,0.564,-0.794,0.227,0,0.275,0.962,-0.826,-0.542,0.155],"_shiftlockState":false,"_pose":"FreeFall","_animationQueue":[["fall",0.3]],"_animationSpeed":1,"_zoom":16.125},{"_mousePosition":[467,270],"_rootPartCFrame":[745.84,231.529,39.62,0.527,0,0.85,0,1,0,-0.85,0,0.527],"_humanoidState":5,"_cameraCFrame":[749.509,248.534,42.098,0.56,-0.797,0.228,0,0.275,0.962,-0.829,-0.538,0.154],"_shiftlockState":false,"_pose":"FreeFall","_animationQueue":[],"_animationSpeed":1,"_zoom":16.125},{"_mousePosition":[467,270],"_rootPartCFrame":[745.619,231.097,39.469,0.532,0,0.847,0,1,0,-0.847,0,0.532],"_humanoidState":5,"_cameraCFrame":[749.338,248.103,41.872,0.543,-0.808,0.231,0,0.275,0.962,-0.84,-0.522,0.149],"_shiftlockState":false,"_pose":"FreeFall","_animationQueue":[],"_animationSpeed":1,"_zoom":16.125},{"_mousePosition":[467,270],"_rootPartCFrame":[745.398,230.611,39.32,0.536,0,0.844,0,1,0,-0.844,0,0.536],"_humanoidState":5,"_cameraCFrame":[749.189,247.617,41.609,0.517,-0.823,0.235,0,0.275,0.962,-0.856,-0.497,0.142],"_shiftlockState":false,"_pose":"FreeFall","_animationQueue":[],"_animationSpeed":1,"_zoom":16.125},{"_mousePosition":[467,270],"_rootPartCFrame":[745.175,230.071,39.175,0.538,0,0.843,0,1,0,-0.843,0,0.538],"_humanoidState":5,"_cameraCFrame":[749.049,247.076,41.318,0.484,-0.841,0.24,0,0.275,0.962,-0.875,-0.466,0.133],"_shiftlockState":false,"_pose":"FreeFall","_animationQueue":[],"_animationSpeed":1,"_zoom":16.125},{"_mousePosition":[467,270],"_rootPartCFrame":[744.947,229.476,39.036,0.536,0,0.844,0,1,0,-0.844,0,0.536],"_humanoidState":7,"_cameraCFrame":[748.915,246.481,41.001,0.444,-0.862,0.246,0,0.275,0.962,-0.896,-0.427,0.122],"_shiftlockState":false,"_pose":"FreeFall","_animationQueue":[["walk",0.1],["fall",0.3],["fall",0.3]],"_animationSpeed":1,"_zoom":16.125},{"_mousePosition":[467,270],"_rootPartCFrame":[744.715,228.905,38.905,0.531,0,0.847,0,1,0,-0.847,0,0.531],"_humanoidState":7,"_cameraCFrame":[748.786,245.911,40.646,0.393,-0.884,0.252,0,0.275,0.962,-0.919,-0.378,0.108],"_shiftlockState":false,"_pose":"FreeFall","_animationQueue":[["fall",0.3]],"_animationSpeed":1,"_zoom":16.125},{"_mousePosition":[467,270],"_rootPartCFrame":[744.477,228.8