[{"_mousePosition":[911,379],"_rootPartCFrame":[776.034,222.963,47.142,-0.002,-0.007,1,0,1,0.007,-1,0,-0.002],"_humanoidState":8,"_cameraCFrame":[777.096,233.877,41.899,-0.98,-0.174,0.099,0,0.494,0.869,-0.2,0.852,-0.484],"_shiftlockState":false,"_pose":"Standing","_animationQueue":[],"_animationSpeed":1,"_zoom":10.829},{"_mousePosition":[903,385],"_rootPartCFrame":[775.92,222.901,47.118,0.013,-0.003,1,0,1,0.003,-1,0,0.013],"_humanoidState":8,"_cameraCFrame":[776.987,233.815,41.875,-0.98,-0.174,0.099,0,0.494,0.869,-0.2,0.852,-0.484],"_shiftlockState":false,"_pose":"Standing","_animationQueue":[],"_animationSpeed":1,"_zoom":10.829},{"_mousePosition":[884,400],"_rootPartCFrame":[775.793,222.839,47.093,0.026,-0.001,1,0,1,0.001,-1,0,0.026],"_humanoidState":8,"_cameraCFrame":[776.864,233.753,41.849,-0.98,-0.174,0.099,0,0.494,0.869,-0.2,0.852,-0.484],"_shiftlockState":false,"_pose":"Running","_animationQueue":[["walk",0.1]],"_animationSpeed":0.829,"_zoom":10.829},{"_mousePosition":[871,411],"_rootPartCFrame":[775.532,222.675,47.039,0.049,0,0.999,0,1,0,-0.999,0,0.049],"_humanoidState":8,"_cameraCFrame":[776.605,233.589,41.796,-0.98,-0.174,0.099,0,0.494,0.869,-0.2,0.852,-0.484],"_shiftlockState":false,"_pose":"Running","_animationQueue":[["walk",0.1],["walk",0.1]],"_animationSpeed":1.067,"_zoom":10.829},{"_mousePosition":[856,424],"_rootPartCFrame":[775.271,222.654,46.986,0.07,0,0.998,0,1,0,-0.998,0,0.07],"_humanoidState":8,"_cameraCFrame":[776.344,233.568,41.743,-0.98,-0.174,0.099,0,0.494,0.869,-0.2,0.852,-0.484],"_shiftlockState":false,"_pose":"Running","_animationQueue":[],"_animationSpeed":1.067,"_zoom":10.829},{"_mousePosition":[841,435],"_rootPartCFrame":[775.01,222.67,46.932,0.088,0,0.996,0,1,0,-0.996,0,0.088],"_humanoidState":8,"_cameraCFrame":[776.082,233.584,41.689,-0.98,-0.174,0.099,0,0.494,0.869,-0.2,0.852,-0.484],"_shiftlockState":false,"_pose":"Running","_animationQueue":[],"_animationSpeed":1.067,"_zoom":10.829},{"_mousePosition":[828,447],"_rootPartCFrame":[774.748,222.683,46.879,0.103,0,0.995,0,1,0,-0.995,0,0.103],"_humanoidState":8,"_cameraCFrame":[774.106,233.597,41.285,-0.98,-0.174,0.099,0,0.494,0.869,-0.2,0.852,-0.484],"_shiftlockState":true,"_pose":"Running","_animationQueue":[],"_animationSpeed":1.067,"_zoom":10.829},{"_mousePosition":[683,384],"_rootPartCFrame":[774.487,222.691,46.826,-0.99,0,0.138,0,1,0,-0.138,0,-0.99],"_humanoidState":8,"_cameraCFrame":[773.845,233.605,41.232,-0.98,-0.174,0.099,0,0.494,0.869,-0.2,0.852,-0.484],"_shiftlockState":true,"_pose":"Running","_animationQueue":[],"_animationSpeed":1.067,"_zoom":10.829},{"_mousePosition":[683,384],"_rootPartCFrame":[774.226,222.695,46.772,-0.985,0,0.175,0,1,0,-0.175,0,-0.985],"_humanoidState":8,"_cameraCFrame":[773.521,233.639,41.237,-0.982,-0.167,0.094,0,0.489,0.872,-0.191,0.856,-0.48],"_shiftlockState":true,"_pose":"Running","_animationQueue":[],"_animationSpeed":1.067,"_zoom":10.829},{"_mousePosition":[683,384],"_rootPartCFrame":[773.965,222.697,46.719,-0.982,0,0.188,0,1,0,-0.188,0,-0.982],"_humanoidState":8,"_cameraCFrame":[773.222,233.667,41.232,-0.983,-0.163,0.09,0,0.485,0.874,-0.186,0.859,-0.477],"_shiftlockState":true,"_pose":"Running","_animationQueue":[],"_animationSpeed":1.067,"_zoom":10.829},{"_mousePosition":[683,384],"_rootPartCFrame":[773.703,222.698,46.667,-0.983,0,0.186,0,1,0,-0.186,0,-0.983],"_humanoidState":8,"_cameraCFrame":[772.922,233.697,41.237,-0.984,-0.159,0.087,0,0.48,0.877,-0.181,0.863,-0.472],"_shiftlockState":true,"_pose":"Running","_animationQueue":[["walk",0.1]],"_animationSpeed":1.067,"_zoom":10.829},{"_mousePosition":[683,384],"_rootPartCFrame":[773.441,222.699,46.618,-0.984,0,0.181,0,1,0,-0.181,0,-0.984],"_humanoidState":8,"_cameraCFrame":[772.622,233.727,41.244,-0.984,-0.155,0.083,0,0.475,0.88,-0.176,0.866,-0.468],"_shiftlockState":true,"_pose":"Running","_animationQueue":[],"_animationSpeed":1.067,"_zoom":10.829},{"_mousePosition":[683,384],"_rootPartCFrame":[773.179,222.699,46.569,-0.984,0,0.176,0,1,0,-0.176,0,-0.984],"_humanoidState":8,"_cameraCFrame":[772.317,233.756,41.254,-0.986,-0.15,0.08,0,0.47,0.883,-0.17,0.87,-0.463],"_shiftlockState":true,"_pose":"Running","_animationQueue":[],"_animationSpeed":1.067,"_zoom":10.829},{"_mousePosition":[683,384],"_rootPartCFrame":[772.916,222.699,46.522,-0.986,0,0.17,0,1,0,-0.17,0,-0.986],"_humanoidState":8,"_cameraCFrame":[772.017,233.789,41.273,-0.986,-0.146,0.076,0,0.464,0.886,-0.164,0.874,-0.458],"_shiftlockState":true,"_pose":"Running","_animationQueue":[],"_animationSpeed":1.067,"_zoom":10.829},{"_mousePosition":[683,384],"_rootPartCFrame":[772.719,222.7,46.488,-0.986,0,0.164,0,1,0,-0.164,0,-0.986],"_humanoidState":8,"_cameraCFrame":[771.748,233.83,41.326,-0.988,-0.136,0.07,0,0.457,0.889,-0.153,0.879,-0.452],"_shiftlockState":true,"_pose":"Running","_animationQueue":[],"_animationSpeed":1.067,"_zoom":10.829},{"_mousePosition":[683,384],"_rootPartCFrame":[772.391,222.7,46.433,-0.988,0,0.153,0,1,0,-0.153,0,-0.988],"_humanoidState":8,"_cameraCFrame":[771.358,233.873,41.365,-0.99,-0.128,0.065,0,0.449,0.893,-0.144,0.884,-0.445],"_shiftlockState":true,"_pose":"Running","_animationQueue":[],"_animationSpeed":1.067,"_zoom":10.829},{"_mousePosition":[683,384],"_rootPartCFrame":[772.127,222.7,46.392,-0.99,0,0.144,0,1,0,-0.144,0,-0.99],"_humanoidState":8,"_cameraCFrame":[771.006,233.928,41.448,-0.992,-0.116,0.057,0,0.439,0.898,-0.129,0.891,-0.436],"_shiftlockState":true,"_pose":"Running","_animationQueue":[["walk",0.1]],"_animationSpeed":1.067,"_zoom":10.829},{"_mousePosition":[683,384],"_rootPartCFrame":[771.863,222.7,46.353,-0.993,0,0.12,0,1,0,-0.12,0,-0.993],"_humanoidState":8,"_cameraCFrame":[770.686,233.982,41.529,-0.993,-0.109,0.052,0,0.429,0.903,-0.121,0.897,-0.426],"_shiftlockState":true,"_pose":"Running","_animationQueue":[["walk",0.1]],"_animationSpeed":1.067,"_zoom":10.829},{"_mousePosition":[683,384],"_rootPartCFrame":[771.532,222.695,46.312,-0.993,0,0.121,0,1,0,-0.121,0,-0.993],"_humanoidState":8,"_cameraCFrame":[770.356,233.996,41.526,-0.993,-0.11,0.052,0,0.425,0.905,-0.122,0.898,-0.422],"_shiftlockState":true,"_pose":"Running","_animationQueue":[["walk",0.1]],"_animationSpeed":1.067,"_zoom":10.829},{"_mousePosition":[683,384],"_rootPartCFrame":[771.268,222.697,46.28,-0.993,0,0.122,0,1,0,-0.122,0,-0.993],"_humanoidState":8,"_cameraCFrame":[770.098,234.027,41.553,-0.992,-0.113,0.052,0,0.42,0.908,-0.125,0.901,-0.416],"_shiftlockState":true,"_pose":"Running","_animationQueue":[],"_animationSpeed":1.067,"_zoom":10.829},{"_mousePosition":[683,384],"_rootPartCFrame":[771.069,222.698,46.256,-0.992,0,0.125,0,1,0,-0.125,0,-0.992],"_humanoidState":8,"_cameraCFrame":[769.912,234.053,41.579,-0.992,-0.117,0.053,0,0.414,0.91,-0.129,0.902,-0.411],"_shiftlockState":true,"_pose":"Running","_animationQueue":[],"_animationSpeed":1.067,"_zoom":10.829},{"_mousePosition":[683,384],"_rootPartCFrame":[770.738,222.699,46.214,-0.992,0,0.129,0,1,0,-0.129,0,-0.992],"_humanoidState":8,"_cameraCFrame":[769.603,234.079,41.586,-0.991,-0.123,0.055,0,0.409,0.912,-0.135,0.904,-0.406],"_shiftlockState":true,"_pose":"Running","_animationQueue":[],"_animationSpeed":1.067,"_zoom":10.829},{"_mousePosition":[683,384],"_rootPartCFrame":[770.54,222.699,46.188,-0.991,0,0.135,0,1,0,-0.135,0,-0.991],"_humanoidState":8,"_cameraCFrame":[769.437,234.101,41.598,-0.99,-0.131,0.058,0,0.405,0.914,-0.143,0.905,-0.401],"_shiftlockState":true,"_pose":"Running","_animationQueue":[],"_animationSpeed":1.067,"_zoom":10.829},{"_mousePosition":[683,384],"_rootPartCFrame":[770.21,222.699,46.144,-0.99,0,0.143,0,1,0,-0.143,0,-0.99],"_humanoidState":8,"_cameraCFrame":[769.132,234.126,41.601,-0.989,-0.138,0.06,0,0.4,0.917,-0.151,0.906,-0.395],"_shiftlockState":true,"_pose":"Running","_animationQueue":[],"_animationSpeed":1.067,"_zoom":10.829},{"_mousePosition":[683,384],"_rootPartCFrame":[769.946,222.7,46.106,-0.989,0,0.151,0,1,0,-0.151,0,-0.989],"_humanoidState":8,"_cameraCFrame":[768.895,234.157,41.625,-0.987,-0.146,0.062,0,0.393,0.92,-0.159,0.908,-0.388],"_shiftlockState":true,"_pose":"Running","_animationQueue":[],"_animationSpeed":1.067,"_zoom":10.829},{"_mousePosition":[683,384],"_rootPartCFrame":[769.682,222.666,46.068,-0.987,0,0.159,0,1,0,-0.159,0,-0.987],"_humanoidState":8,"_cameraCFrame":[768.646,234.157,41.66,-0.986,-0.152,0.064,0,0.386,0.923,-0.165,0.91,-0.38],"_shiftlockState":true,"_pose":"Running","_animationQueue":[["walk",0.1]],"_animationSpeed":1.067,"_zoom":10.829},{"_mousePosition":[683,384],"_rootPartCFrame":[769.418,222.577,46.029,-0.986,0,0.165,0,1,0,-0.165,0,-0.986],"_humanoidState":8,"_cameraCFrame":[768.392,234.099,41.688,-0.985,-0.158,0.065,0,0.379,0.925,-0.17,0.912,-0.373],"_shiftlockState":true,"_pose":"Running","_animationQueue":[],"_animationSpeed":1.067,"_zoom":10.829},{"_mousePosition":[683,384],"_rootPartCFrame":[769.154,222.434,45.991,-0.985,0,0.17,0,1,0,-0.17,0,-0.985],"_humanoidState":8,"_cameraCFrame":[768.139,233.995,41.739,-0.984,-0.164,0.065,0,0.37,0.929,-0.177,0.914,-0.364],"_shiftlockState":true,"_pose":"Running","_animationQueue":[],"_animationSpeed":1.067,"_zoom":10.829},{"_mousePosition":[683,384],"_rootPartCFrame":[768.89,223.307,45.953,-0.984,0,0.177,0,1,0,-0.177,0,-0.984],"_humanoidState":3,"_cameraCFrame":[767.878,234.909,41.799,-0.983,-0.169,0.065,0,0.36,0.933,-0.182,0.917,-0.354],"_shiftlockState":true,"_pose":"Jumping","_animationQueue":[["walk",0.1],["jump",0.1]],"_animationSpeed":1,"_zoom":10.829},{"_mousePosition":[683,384],"_rootPartCFrame":[768.627,224.129,45.907,-0.962,0,0.271,0,1,0,-0.271,0,-0.962],"_humanoidState":5,"_cameraCFrame":[767.617,235.762,41.829,-0.983,-0.174,0.066,0,0.353,0.936,-0.186,0.919,-0.347],"_shiftlockState":true,"_pose":"FreeFall","_animationQueue":[["jump",0.1]],"_animationSpeed":1,"_zoom":10.829},{"_mousePosition":[683,384],"_rootPartCFrame":[768.365,224.897,45.859,-0.951,0,0.31,0,1,0,-0.31,0,-0.951],"_humanoidState":5,"_cameraCFrame":[767.347,236.554,41.844,-0.982,-0.175,0.065,0,0.347,0.938,-0.187,0.921,-0.341],"_shiftlockState":true,"_pose":"FreeFall","_animationQueue":[],"_animationSpeed":1,"_zoom":10.829},{"_mousePosition":[683,384],"_rootPartCFrame":[768.103,225.61,45.809,-0.949,0,0.315,0,1,0,-0.315,0,-0.949],"_humanoidState":5,"_cameraCFrame":[767.076,237.286,41.843,-0.982,-0.176,0.064,0,0.342,0.94,-0.187,0.923,-0.336],"_shiftlockState":true,"_pose":"FreeFall","_animationQueue":[],"_animationSpeed":1,"_zoom":10.829},{"_mousePosition":[683,384],"_rootPartCFrame":[767.907,226.109,45.772,-0.959,0,0.284,0,1,0,-0.284,0,-0.959],"_humanoidState":5,"_cameraCFrame":[766.858,237.802,41.858,-0.983,-0.173,0.062,0,0.338,0.941,-0.184,0.925,-0.332],"_shiftlockState":true,"_pose":"FreeFall","_animationQueue":[],"_animationSpeed":1,"_zoom":10.829},{"_mousePosition":[683,384],"_rootPartCFrame":[767.579,226.872,45.71,-0.939,0,0.344,0,1,0,-0.344,0,-0.939],"_humanoidState":5,"_cameraCFrame":[766.496,238.586,41.859,-0.984,-0.167,0.059,0,0.332,0.943,-0.178,0.928,-0.327],"_shiftlockState":true,"_pose":"FreeFall","_animationQueue":[],"_animationSpeed":1,"_zoom":10.829},{"_mousePosition":[683,384],"_rootPartCFrame":[767.383,227.29,45.673,-0.961,0,0.275,0,1,0,-0.275,0,-0.961],"_humanoidState":5,"_cameraCFrame":[766.249,239.024,41.89,-0.986,-0.158,0.055,0,0.327,0.945,-0.167,0.932,-0.322],"_shiftlockState":true,"_pose":"FreeFall","_animationQueue":[],"_animationSpeed":1,"_zoom":10.829},{"_mousePosition":[683,384],"_rootPartCFrame":[767.055,227.917,45.613,-0.945,0,0.328,0,1,0,-0.328,0,-0.945],"_humanoidState":5,"_cameraCFrame":[765.848,239.674,41.916,-0.989,-0.143,0.048,0,0.321,0.947,-0.151,0.936,-0.317],"_shiftlockState":true,"_pose":"FreeFall","_animationQueue":[],"_animationSpeed":1,"_zoom":10.829},{"_mousePosition":[683,384],"_rootPartCFrame":[766.792,228.357,45.568,-0.96,0,0.281,0,1,0,-0.281,0,-0.96],"_humanoidState":5,"_cameraCFrame":[765.525,240.128,41.93,-0.991,-0.129,0.043,0,0.317,0.948,-0.136,0.94,-0.314],"_shiftlockState":true,"_pose":"FreeFall","_animationQueue":[],"_animationSpeed":1,"_zoom":10.829},{"_mousePosition":[683,384],"_rootPartCFrame":[766.528,228.743,45.528,-0.964,0,0.267,0,1,0,-0.267,0,-0.964],"_humanoidState":5,"_cameraCFrame":[765.206,240.531,41.956,-0.992,-0.117,0.038,0,0.312,0.95,-0.123,0.943,-0.31],"_shiftlockState":true,"_pose":"FreeFall","_animationQueue":[],"_animationSpeed":1,"_zoom":10.829},{"_mousePosition":[683,384],"_rootPartCFrame":[766.33,228.997,45.5,-0.975,0,0.221,0,1,0,-0.221,0,-0.975],"_humanoidState":5,"_cameraCFrame":[764.953,240.806,42.012,-0.994,-0.104,0.033,0,0.306,0.952,-0.109,0.946,-0.304],"_shiftlockState":true,"_pose":"FreeFall","_animationQueue":[],"_animationSpeed":1,"_zoom":10.829},{"_mousePosition":[683,384],"_rootPartCFrame":[765.999,229.352,45.458,-0.962,0,0.272,0,1,0,-0.272,0,-0.962],"_humanoidState":5,"_cameraCFrame":[764.592,241.174,42.023,-0.995,-0.097,0.031,0,0.302,0.953,-0.102,0.948,-0.301],"_shiftlockState":true,"_pose":"FreeFall","_animationQueue":[],"_animationSpeed":1,"_zoom":10.829},{"_mousePosition":[683,384],"_rootPartCFrame":[765.734,229.574,45.429,-0.972,0,0.233,0,1,0,-0.233,0,-0.972],"_humanoidState":5,"_cameraCFrame":[764.298,241.41,42.045,-0.996,-0.09,0.028,0,0.299,0.954,-0.095,0.95,-0.297],"_shiftlockState":true,"_pose":"FreeFall","_animationQueue":[],"_animationSpeed":1,"_zoom":10.829},{"_mousePosition":[683,384],"_rootPartCFrame":[765.469,229.742,45.401,-0.974,0,0.226,0,1,0,-0.226,0,-0.974],"_humanoidState":5,"_cameraCFrame":[764.016,241.588,42.057,-0.996,-0.086,0.027,0,0.295,0.955,-0.09,0.951,-0.294],"_shiftlockState":true,"_pose":"FreeFall","_animationQueue":[],"_animationSpeed":1,"_zoom":10.829},{"_mousePosition":[683,384],"_rootPartCFrame":[765.204,229.856,45.376,-0.975,0,0.222,0,1,0,-0.222,0,-0.975],"_humanoidState":5,"_cameraCFrame":[763.735,241.707,42.054,-0.996,-0.082,0.025,0,0.294,0.956,-0.086,0.952,-0.293],"_shiftlockState":true,"_pose":"FreeFall","_animationQueue":[],"_animationSpeed":1,"_zoom":10.829},{"_mousePosition":[683,384],"_rootPartCFrame":[764.938,229.915,45.351,-0.976,0,0.218,0,1,0,-0.218,0,-0.976],"_humanoidState":5,"_cameraCFrame":[763.461,241.771,42.049,-0.996,-0.08,0.025,0,0.292,0.956,-0.084,0.953,-0.291],"_shiftlockState":true,"_pose":"FreeFall","_animationQueue":[],"_animationSpeed":1,"_zoom":10.829},{"_mousePosition":[683,384],"_rootPartCFrame":[764.739,229.924,45.334,-0.983,0,0.183,0,1,0,-0.183,0,-0.983],"_humanoidState":5,"_cameraCFrame":[763.254,241.782,42.043,-0.997,-0.078,0.024,0,0.292,0.957,-0.082,0.953,-0.291],"_shiftlockState":true,"_pose":"FreeFall","_animationQueue":[],"_animationSpeed":1,"_zoom":10.829},{"_mousePosition":[683,384],"_rootPartCFrame":[764.407,229.87,45.306,-0.969,0,0.246,0,1,0,-0.246,0,-0.969],"_humanoidState":5,"_cameraCFrame":[762.91,241.733,42.036,-0.997,-0.076,0.023,0,0.29,0.957,-0.079,0.954,-0.289],"_shiftlockState":true,"_pose":"FreeFall","_animationQueue":[["fall",0.3]],"_animationSpeed":1,"_zoom":10.829},{"_mousePosition":[683,384],"_rootPartCFrame":[764.141,229.765,45.284,-0.978,0,0.211,0,1,0,-0.211,0,-0.978],"_humanoidState":5,"_cameraCFrame":[762.629,241.634,42.037,-0.997,-0.072,0.022,0,0.289,0.957,-0.075,0.955,-0.288],"_shiftlockState":true,"_pose":"FreeFall","_animationQueue":[],"_animationSpeed":1,"_zoom":10.829},{"_mousePosition":[683,384],"_rootPartCFrame":[763.875,229.606,45.263,-0.978,0,0.207,0,1,0,-0.207,0,-0.978],"_humanoidState":5,"_cameraCFrame":[762.331,241.482,42.056,-0.998,-0.063,0.019,0,0.286,0.958,-0.065,0.956,-0.286],"_shiftlockState":true,"_pose":"FreeFall","_animationQueue":[],"_animationSpeed":1,"_zoom":10.829},{"_mousePosition":[683,384],"_rootPartCFrame":[763.676,229.451,45.248,-0.986,0,0.165,0,1,0,-0.165,0,-0.986],"_humanoidState":5,"_cameraCFrame":[762.087,241.337,42.095,-0.999,-0.05,0.015,0,0.283,0.959,-0.052,0.958,-0.283],"_shiftlockState":true,"_pose":"FreeFall","_animationQueue":[],"_animationSpeed":1,"_zoom":10.829},{"_mousePosition":[683,384],"_rootPartCFrame":[763.343,229.125,45.226,-0.976,0,0.217,0,1,0,-0.217,0,-0.976],"_humanoidState":5,"_cameraCFrame":[761.693,241.025,42.154,-0.999,-0.032,0.009,0,0.278,0.96,-0.033,0.96,-0.278],"_shiftlockState":true,"_pose":"FreeFall","_animationQueue":[],"_animationSpeed":1,"_zoom":10.829},{"_mousePosition":[683,384],"_rootPartCFrame":[763.143,228.888,45.215,-0.991,0,0.132,0,1,0,-0.132,0,-0.991],"_humanoidState":5,"_cameraCFrame":[761.401,240.813,42.279,-1,-0.002,0.001,0,0.271,0.963,-0.003,0.963,-0.271],"_shiftlockState":true,"_pose":"FreeFall","_animationQueue":[],"_animationSpeed":1,"_zoom":10.829},{"_mousePosition":[683,384],"_rootPartCFrame":[762.81,228.425,45.203,-0.986,0,0.168,0,1,0,-0.168,0,-0.986],"_humanoidState":5,"_cameraCFrame":[760.964,240.373,42.417,-0.999,0.033,-0.009,0,0.263,0.965,0.034,0.964,-0.263],"_shiftlockState":true,"_pose":"FreeFall","_animationQueue":[],"_animationSpeed":1,"_zoom":10.829},{"_mousePosition":[683,384],"_rootPartCFrame":[762.544,227.994,45.201,-0.995,0,0.099,0,1,0,-0.099,0,-0.995],"_humanoidState":5,"_cameraCFrame":[760.567,239.973,42.631,-0.996,0.083,-0.021,0,0.252,0.968,0.085,0.964,-0.251],"_shiftlockState":true,"_pose":"FreeFall","_animationQueue":[["fall",0.3]],"_animationSpeed":1,"_zoom":10.829},{"_mousePosition":[683,384],"_rootPartCFrame":[762.277,227.508,45.209,-0.999,0,0.048,0,1,0,-0.048,0,-0.999],"_humanoidState":5,"_cameraCFrame":[760.174,239.515,42.863,-0.99,0.137,-0.034,0,0.242,0.97,0.141,0.961,-0.239],"_shiftlockState":true,"_pose":"FreeFall","_animationQueue":[],"_animationSpeed":1,"_zoom":10.829},{"_mousePosition":[683,384],"_rootPartCFrame":[762.078,227.107,45.224,-0.999,0,-0.042,0,1,0,0.042,0,-0.999],"_humanoidState":5,"_cameraCFrame":[759.806,239.142,43.175,-0.974,0.22,-0.052,0,0.232,0.973,0.226,0.948,-0.226],"_shiftlockState":true,"_pose":"FreeFall","_animationQueue":[],"_animationSpeed":1,"_zoom":10.829},{"_mousePosition":[683,384],"_rootPartCFrame":[761.747,226.372,45.269,-0.998,0,-0.061,0,1,0,0.061,0,-0.998],"_humanoidState":5,"_cameraCFrame":[759.323,238.421,43.484,-0.951,0.303,-0.07,0,0.226,0.974,0.311,0.926,-0.215],"_shiftlockState":true,"_pose":"FreeFall","_animationQueue":[],"_animationSpeed":1,"_zoom":10.829},{"_mousePosition":[683,384],"_rootPartCFrame":[761.552,225.89,45.309,-0.977,0,-0.214,0,1,0,0.214,0,-0.977],"_humanoidState":5,"_cameraCFrame":[758.946,237.946,43.856,-0.907,0.411,-0.094,0,0.223,0.975,0.422,0.884,-0.202],"_shiftlockState":true,"_pose":"FreeFall","_animationQueue":[],"_animationSpeed":1,"_zoom":10.829},{"_mousePosition":[683,384],"_rootPartCFrame":[761.233,225.019,45.406,-0.964,0,-0.265,0,1,0,0.265,0,-0.964],"_humanoidState":5,"_cameraCFrame":[758.493,237.081,44.282,-0.853,0.509,-0.115,0,0.221,0.975,0.522,0.832,-0.188],"_shiftlockState":true,"_pose":"FreeFall","_animationQueue":[],"_animationSpeed":1,"_zoom":10.829},{"_mousePosition":[683,384],"_rootPartCFrame":[760.988,224.26,45.509,-0.915,0,-0.404,0,1,0,0.404,0,-0.915],"_humanoidState":5,"_cameraCFrame":[758.189,236.336,44.698,-0.799,0.587,-0.129,0,0.215,0.977,0.601,0.781,-0.172],"_shiftlockState":true,"_pose":"FreeFall","_animationQueue":[],"_animationSpeed":1,"_zoom":10.829},{"_mousePosition":[683,384],"_rootPartCFrame":[760.755,223.447,45.64,-0.872,0,-0.489,0,1,0,0.489,0,-0.872],"_humanoidState":5,"_cameraCFrame":[757.918,235.528,45.07,-0.75,0.647,-0.141,0,0.213,0.977,0.662,0.733,-0.16],"_shiftlockState":true,"_pose":"FreeFall","_animationQueue":[["fall",0.3]],"_animationSpeed":1,"_zoom":10.829},{"_mousePosition":[683,384],"_rootPartCFrame":[760.538,222.58,45.794,-0.831,0,-0.556,0,1,0,0.556,0,-0.831],"_humanoidState":5,"_cameraCFrame":[757.658,234.653,45.31,-0.724,0.674,-0.149,0,0.216,0.976,0.69,0.706,-0.156],"_shiftlockState":true,"_pose":"FreeFall","_animationQueue":[],"_animationSpeed":1,"_zoom":10.829},{"_mousePosition":[683,384],"_rootPartCFrame":[760.336,222.68,45.968,-0.746,0,-0.666,0,1,0,0.666,0,-0.746],"_humanoidState":7,"_cameraCFrame":[757.444,234.75,45.471,-0.724,0.674,-0.15,0,0.218,0.976,0.69,0.706,-0.157],"_shiftlockState":true,"_pose":"FreeFall","_animationQueue":[["walk",0.1],["fall",0.3],["fall",0.3]],"_animationSpeed":1,"_zoom":10.829},{"_mousePosition":[683,384],"_rootPartCFrame":[760.142,223.032,46.151,-0.725,0,-0.689,0,1,0,0.689,0,-0.725],"_humanoidState":7,"_cameraCFrame":[757.22,235.08,45.426,-0.76,0.633,-0.147,0,0.226,0.974,0.65,0.74,-0.172],"_shiftlockState":true,"_pose":"FreeFall","_animationQueue":[],"_animationSpeed":1,"_zoom":10.829},{"_mousePosition":[683,384],"_rootPartCFrame":[759.901,223.312,46.381,-0.76,0,-0.65,0,1,0,0.65,0,-0.76],"_humanoidState":8,"_cameraCFrame":[757.008,235.334,45.264,-0.824,0.551,-0.134,0,0.236,0.972,0.567,0.8,-0.195],"_shiftlockState":true,"_pose":"Running","_animationQueue":[["walk",0.1],["fall",0.3],["walk",0.1]],"_animationSpeed":1.103,"_zoom":10.829},{"_mousePosition":[683,384],"_rootPartCFrame":[759.672,223.434,46.528,-0.825,-0.001,-0.565,0,1,-0.002,0.565,-0.001,-0.825],"_humanoidState":8,"_cameraCFrame":[756.924,235.424,44.87,-0.9,0.422,-0.108,0,0.248,0.969,0.436,0.872,-0.223],"_shiftlockState":true,"_pose":"Running","_animationQueue":[],"_animationSpeed":1.103,"_zoom":10.829},{"_mousePosition":[683,384],"_rootPartCFrame":[759.391,223.499,46.619,-0.902,0,-0.432,0,1,-0.001,0.432,-0.001,-0.902],"_humanoidState":8,"_cameraCFrame":[756.845,235.482,44.633,-0.944,0.319,-0.083,0,0.25,0.968,0.329,0.914,-0.236],"_shiftlockState":true,"_pose":"Running","_animationQueue":[["walk",0.1]],"_animationSpeed":1.103,"_zoom":10.829},{"_mousePosition":[683,384],"_rootPartCFrame":[759.186,223.526,46.683,-0.946,0,-0.325,0,1,0,0.325,0,-0.946],"_humanoidState":8,"_cameraCFrame":[756.863,235.53,44.534,-0.972,0.229,-0.057,0,0.243,0.97,0.236,0.943,-0.237],"_shiftlockState":true,"_pose":"Running","_animationQueue":[],"_animationSpeed":1.103,"_zoom":10.829},{"_mousePosition":[683,384],"_rootPartCFrame":[758.863,223.552,46.787,-0.972,0,-0.234,0,1,0,0.234,0,-0.972],"_humanoidState":8,"_cameraCFrame":[756.663,235.574,44.601,-0.982,0.183,-0.044,0,0.236,0.972,0.188,0.954,-0.232],"_shiftlockState":true,"_pose":"Running","_animationQueue":[],"_animationSpeed":1.103,"_zoom":10.829},{"_mousePosition":[683,384],"_rootPartCFrame":[758.67,223.56,46.838,-0.982,0,-0.188,0,1,0,0.188,0,-0.982],"_humanoidState":8,"_cameraCFrame":[756.635,235.609,44.619,-0.993,0.119,-0.028,0,0.226,0.974,0.122,0.967,-0.225],"_shiftlockState":true,"_pose":"Running","_animationQueue":[],"_animationSpeed":1.103,"_zoom":10.829},{"_mousePosition":[683,384],"_rootPartCFrame":[758.343,223.568,46.902,-0.993,0,-0.122,0,1,0,0.122,0,-0.993],"_humanoidState":8,"_cameraCFrame":[756.473,235.645,44.677,-0.999,0.052,-0.011,0,0.214,0.977,0.053,0.975,-0.214],"_shiftlockState":true,"_pose":"Running","_animationQueue":[],"_animationSpeed":1.103,"_zoom":10.829},{"_mousePosition":[683,384],"_rootPartCFrame":[758.079,223.571,46.937,-0.999,0,-0.053,0,1,0,0.053,0,-0.999],"_humanoidState":8,"_cameraCFrame":[756.426,235.676,44.67,-0.999,-0.042,0.009,0,0.203,0.979,-0.043,0.978,-0.202],"_shiftlockState":true,"_pose":"Running","_animationQueue":[],"_animationSpeed":1.103,"_zoom":10.829},{"_mousePosition":[683,384],"_rootPartCFrame":[757.746,223.573,46.958,-0.999,0,0.043,0,1,0,-0.043,0,-0.999],"_humanoidState":8,"_cameraCFrame":[756.263,235.691,44.639,-0.993,-0.117,0.023,0,0.196,0.981,-0.12,0.974,-0.195],"_shiftlockState":true,"_pose":"Running","_animationQueue":[["walk",0.1]],"_animationSpeed":1.103,"_zoom":10.829},{"_mousePosition":[683,384],"_rootPartCFrame":[757.613,223.573,46.955,-0.993,0,0.12,0,1,0,-0.12,0,-0.993],"_humanoidState":8,"_cameraCFrame":[756.3,235.695,44.551,-0.981,-0.188,0.037,0,0.195,0.981,-0.192,0.963,-0.191],"_shiftlockState":true,"_pose":"Running","_animationQueue":[],"_animationSpeed":1.103,"_zoom":10.829},{"_mousePosition":[683,384],"_rootPartCFrame":[757.282,223.574,46.919,-0.981,0,0.192,0,1,0,-0.192,0,-0.981],"_humanoidState":8,"_cameraCFrame":[756.084,235.696,44.455,-0.971,-0.233,0.046,0,0.195,0.981,-0.238,0.953,-0.189],"_shiftlockState":true,"_pose":"Running","_animationQueue":[],"_animationSpeed":1.103,"_zoom":10.829},{"_mousePosition":[683,384],"_rootPartCFrame":[757.019,223.574,46.871,-0.971,0,0.238,0,1,0,-0.238,0,-0.971],"_humanoidState":8,"_cameraCFrame":[755.91,235.698,44.373,-0.962,-0.268,0.053,0,0.194,0.981,-0.273,0.944,-0.186],"_shiftlockState":true,"_pose":"Running","_animationQueue":[],"_animationSpeed":1.103,"_zoom":10.829},{"_mousePosition":[683,384],"_rootPartCFrame":[756.76,223.574,46.809,-0.962,0,0.273,0,1,0,-0.273,0,-0.962],"_humanoidState":8,"_cameraCFrame":[755.692,235.693,44.272,-0.958,-0.281,0.056,0,0.196,0.981,-0.286,0.939,-0.188],"_shiftlockState":true,"_pose":"Running","_animationQueue":[],"_animationSpeed":1.103,"_zoom":10.829},{"_mousePosition":[683,384],"_rootPartCFrame":[756.503,223.575,46.738,-0.958,0,0.286,0,1,0,-0.286,0,-0.958],"_humanoidState":8,"_cameraCFrame":[755.456,235.686,44.163,-0.957,-0.285,0.058,0,0.199,0.98,-0.29,0.938,-0.191],"_shiftlockState":true,"_pose":"Running","_animationQueue":[],"_animationSpeed":1.103,"_zoom":10.829},{"_mousePosition":[683,384],"_rootPartCFrame":[756.248,223.575,46.662,-0.957,0,0.291,0,1,0,-0.291,0,-0.957],"_humanoidState":8,"_cameraCFrame":[755.203,235.683,44.072,-0.957,-0.284,0.058,0,0.201,0.98,-0.289,0.938,-0.192],"_shiftlockState":true,"_pose":"Running","_animationQueue":[],"_animationSpeed":1.103,"_zoom":10.829},{"_mousePosition":[683,384],"_rootPartCFrame":[755.992,223.575,46.585,-0.957,0,0.289,0,1,0,-0.289,0,-0.957],"_humanoidState":8,"_cameraCFrame":[754.944,235.676,43.967,-0.959,-0.278,0.058,0,0.204,0.979,-0.284,0.938,-0.196],"_shiftlockState":true,"_pose":"Running","_animationQueue":[["walk",0.1]],"_animationSpeed":1.103,"_zoom":10.829},{"_mousePosition":[683,384],"_rootPartCFrame":[755.673,223.575,46.488,-0.959,0,0.284,0,1,0,-0.284,0,-0.959],"_humanoidState":8,"_cameraCFrame":[754.582,235.051,43.984,-0.96,-0.274,0.058,0,0.206,0.979,-0.28,0.939,-0.197],"_shiftlockState":true,"_pose":"Running","_animationQueue":[],"_animationSpeed":1.103,"_zoom":10.829},{"_mousePosition":[683,384],"_rootPartCFrame":[755.418,223.575,46.412,-0.96,0,0.28,0,1,0,-0.28,0,-0.96],"_humanoidState":8,"_cameraCFrame":[754.326,235.097,43.893,-0.96,-0.272,0.058,0,0.207,0.978,-0.278,0.94,-0.198],"_shiftlockState":true,"_pose":"Running","_animationQueue":[],"_animationSpeed":1.103,"_zoom":10.829},{"_mousePosition":[683,384],"_rootPartCFrame":[755.162,223.575,46.337,-0.96,0,0.278,0,1,0,-0.278,0,-0.96],"_humanoidState":8,"_cameraCFrame":[754.073,235.197,43.792,-0.961,-0.27,0.057,0,0.207,0.978,-0.276,0.94,-0.199],"_shiftlockState":true,"_pose":"Running","_animationQueue":[],"_animationSpeed":1.103,"_zoom":10.829},{"_mousePosition":[683,384],"_rootPartCFrame":[754.906,223.575,46.263,-0.961,0,0.276,0,1,0,-0.276,0,-0.961],"_humanoidState":8,"_cameraCFrame":[753.818,235.304,43.698,-0.962,-0.268,0.057,0,0.207,0.978,-0.274,0.941,-0.199],"_shiftlockState":true,"_pose":"Running","_animationQueue":[],"_animationSpeed":1.103,"_zoom":10.829},{"_mousePosition":[683,384],"_rootPartCFrame":[754.649,223.575,46.189,-0.962,0,0.274,0,1,0,-0.274,0,-0.962],"_humanoidState":8,"_cameraCFrame":[753.564,235.393,43.607,-0.962,-0.267,0.057,0,0.207,0.978,-0.273,0.941,-0.199],"_shiftlockState":true,"_pose":"Running","_animationQueue":[],"_animationSpeed":1.103,"_zoom":10.829},{"_mousePosition":[683,384],"_rootPartCFrame":[754.457,223.575,46.134,-0.962,0,0.273,0,1,0,-0.273,0,-0.962],"_humanoidState":8,"_cameraCFrame":[753.376,235.472,43.529,-0.962,-0.266,0.057,0,0.208,0.978,-0.272,0.941,-0.2],"_shiftlockState":true,"_pose":"Running","_animationQueue":[],"_animationSpeed":1.103,"_zoom":10.829},{"_mousePosition":[683,384],"_rootPartCFrame":[754.136,223.575,46.043,-0.962,0,0.272,0,1,0,-0.272,0,-0.962],"_humanoidState":8,"_cameraCFrame":[753.055,235.523,43.428,-0.962,-0.265,0.056,0,0.208,0.978,-0.271,0.941,-0.2],"_shiftlockState":true,"_pose":"Running","_animationQueue":[["walk",0.1]],"_animationSpeed":1.103,"_zoom":10.829},{"_mousePosition":[683,384],"_rootPartCFrame":[753.944,223.575,45.988,-0.962,0,0.271,0,1,0,-0.271,0,-0.962],"_humanoidState":8,"_cameraCFrame":[752.867,235.563,43.35,-0.963,-0.264,0.057,0,0.21,0.978,-0.27,0.941,-0.202],"_shiftlockState":true,"_pose":"Running","_animationQueue":[],"_animationSpeed":1.103,"_zoom":10.829},{"_mousePosition":[683,384],"_rootPartCFrame":[753.623,223.575,45.898,-0.963,0,0.27,0,1,0,-0.27,0,-0.963],"_humanoidState":8,"_cameraCFrame":[752.481,235.669,43.293,-0.969,-0.242,0.051,0,0.207,0.978,-0.247,0.948,-0.201],"_shiftlockState":true,"_pose":"Running","_animationQueue":[],"_animationSpeed":1.103,"_zoom":10.829},{"_mousePosition":[683,384],"_rootPartCFrame":[753.495,223.57,45.862,-0.969,0,0.247,0,1,0,-0.247,0,-0.969],"_humanoidState":8,"_cameraCFrame":[752.319,235.67,43.294,-0.972,-0.232,0.048,0,0.205,0.979,-0.237,0.951,-0.199],"_shiftlockState":true,"_pose":"Running","_animationQueue":[],"_animationSpeed":1.103,"_zoom":10.829},{"_mousePosition":[683,384],"_rootPartCFrame":[753.366,223.57,45.829,-0.972,0,0.237,0,1,0,-0.237,0,-0.972],"_humanoidState":8,"_cameraCFrame":[752.145,235.677,43.312,-0.975,-0.218,0.045,0,0.201,0.979,-0.223,0.955,-0.196],"_shiftlockState":true,"_pose":"Running","_animationQueue":[],"_animationSpeed":1.103,"_zoom":10.829},{"_mousePosition":[683,384],"_rootPartCFrame":[752.977,223.572,45.733,-0.975,0,0.223,0,1,0,-0.223,0,-0.975],"_humanoidState":8,"_cameraCFrame":[751.73,235.684,43.252,-0.977,-0.21,0.043,0,0.199,0.98,-0.214,0.957,-0.194],"_shiftlockState":true,"_pose":"Running","_animationQueue":[],"_animationSpeed":1.103,"_zoom":10.829},{"_mousePosition":[683,384],"_rootPartCFrame":[752.782,223.573,45.688,-0.977,0,0.214,0,1,0,-0.214,0,-0.977],"_humanoidState":8,"_cameraCFrame":[751.528,235.687,43.218,-0.977,-0.208,0.042,0,0.198,0.98,-0.212,0.958,-0.194],"_shiftlockState":true,"_pose":"Running","_animationQueue":[],"_animationSpeed":1.103,"_zoom":10.829},{"_mousePosition":[683,384],"_rootPartCFrame":[752.457,223.574,45.617,-0.977,0,0.212,0,1,0,-0.212,0,-0.977],"_humanoidState":8,"_cameraCFrame":[751.203,235.688,43.146,-0.977,-0.208,0.042,0,0.198,0.98,-0.212,0.958,-0.194],"_shiftlockState":true,"_pose":"Running","_animationQueue":[["walk",0.1]],"_animationSpeed":1.103,"_zoom":10.829},{"_mousePosition":[683,384],"_rootPartCFrame":[752.261,223.574,45.574,-0.977,0,0.212,0,1,0,-0.212,0,-0.977],"_humanoidState":8,"_cameraCFrame":[751.005,235.688,43.105,-0.977,-0.207,0.042,0,0.198,0.98,-0.211,0.958,-0.194],"_shiftlockState":true,"_pose":"Running","_animationQueue":[],"_animationSpeed":1.103,"_zoom":10.829},{"_mousePosition":[683,384],"_rootPartCFrame":[751.936,223.574,45.503,-0.977,0,0.211,0,1,0,-0.211,0,-0.977],"_humanoidState":8,"_cameraCFrame":[750.677,235.69,43.042,-0.977,-0.207,0.042,0,0.198,0.98,-0.211,0.958,-0.193],"_shiftlockState":true,"_pose":"Running","_animationQueue":[],"_animationSpeed":1.103,"_zoom":10.829},{"_mousePosition":[683,384],"_rootPartCFrame":[751.675,223.575,45.447,-0.977,0,0.211,0,1,0,-0.211,0,-0.977],"_humanoidState":8,"_cameraCFrame":[750.412,235.69,42.989,-0.978,-0.205,0.041,0,0.198,0.98,-0.209,0.959,-0.193],"_shiftlockState":true,"_pose":"Running","_animationQueue":[],"_animationSpeed":1.103,"_zoom":10.829},{"_mousePosition":[683,384],"_rootPartCFrame":[751.414,223.575,45.39,-0.978,0,0.209,0,1,0,-0.209,0,-0.978],"_humanoidState":8,"_cameraCFrame":[750.142,235.694,42.952,-0.978,-0.203,0.041,0,0.196,0.981,-0.207,0.959,-0.192],"_shiftlockState":true,"_pose":"Running","_animationQueue":[],"_animationSpeed":1.103,"_zoom":10.829},{"_mousePosition":[683,384],"_rootPartCFrame":[751.219,223.575,45.348,-0.978,0,0.207,0,1,0,-0.207,0,-0.978],"_humanoidState":8,"_cameraCFrame":[749.935,235.697,42.931,-0.979,-0.2,0.04,0,0.194,0.981,-0.204,0.96,-0.19],"_shiftlockState":true,"_pose":"Running","_animationQueue":[],"_animationSpeed":1.103,"_zoom":10.829},{"_mousePosition":[683,384],"_rootPartCFrame":[750.893,223.575,45.279,-0.979,0,0.204,0,1,0,-0.204,0,-0.979],"_humanoidState":8,"_cameraCFrame":[749.594,235.702,42.892,-0.98,-0.196,0.038,0,0.192,0.981,-0.2,0.962,-0.188],"_shiftlockState":true,"_pose":"Running","_animationQueue":[["walk",0.1]],"_animationSpeed":1.103,"_zoom":10.829},{"_mousePosition":[683,384],"_rootPartCFrame":[750.697,223.575,45.238,-0.98,0,0.2,0,1,0,-0.2,0,-0.98],"_humanoidState":8,"_cameraCFrame":[749.372,235.709,42.896,-0.981,-0.188,0.036,0,0.189,0.982,-0.192,0.964,-0.185],"_shiftlockState":true,"_pose":"Running","_animationQueue":[],"_animationSpeed":1.103,"_zoom":10.829},{"_mousePosition":[683,384],"_rootPartCFrame":[750.371,224.645,45.17,-0.981,0,0.192,0,1,0,-0.192,0,-0.981],"_humanoidState":3,"_cameraCFrame":[749.022,236.785,42.871,-0.983,-0.181,0.034,0,0.186,0.983,-0.185,0.966,-0.182],"_shiftlockState":true,"_pose":"Jumping","_animationQueue":[["walk",0.1],["jump",0.1]],"_animationSpeed":1,"_zoom":10.829},{"_mousePosition":[683,384],"_rootPartCFrame":[750.174,225.246,45.131,-0.969,0,0.246,0,1,0,-0.246,0,-0.969],"_humanoidState":5,"_cameraCFrame":[748.778,237.399,42.921,-0.986,-0.167,0.03,0,0.179,0.984,-0.169,0.97,-0.177],"_shiftlockState":true,"_pose":"FreeFall","_animationQueue":[["jump",0.1]],"_animationSpeed":1,"_zoom":10.829},{"_mousePosition":[683,384],"_rootPartCFrame":[749.847,226.18,45.069,-0.947,0,0.322,0,1,0,-0.322,0,-0.947],"_humanoidState":5,"_cameraCFrame":[748.404,238.343,42.936,-0.988,-0.149,0.026,0,0.175,0.985,-0.152,0.973,-0.173],"_shiftlockState":true,"_pose":"FreeFall","_animationQueue":[],"_animationSpeed":1,"_zoom":10.829},{"_mousePosition":[683,384],"_rootPartCFrame":[749.65,226.699,45.035,-0.968,0,0.249,0,1,0,-0.249,0,-0.968],"_humanoidState":5,"_cameraCFrame":[748.157,238.864,42.945,-0.992,-0.127,0.022,0,0.174,0.985,-0.129,0.977,-0.172],"_shiftlockState":true,"_pose":"FreeFall","_animationQueue":[],"_animationSpeed":1,"_zoom":10.829},{"_mousePosition":[683,384],"_rootPartCFrame":[749.321,227.497,44.984,-0.957,0,0.291,0,1,0,-0.291,0,-0.957],"_humanoidState":5,"_cameraCFrame":[747.788,239.661,42.922,-0.994,-0.108,0.019,0,0.174,0.985,-0.11,0.979,-0.173],"_shiftlockState":true,"_pose":"FreeFall","_animationQueue":[],"_animationSpeed":1,"_zoom":10.829},{"_mousePosition":[683,384],"_rootPartCFrame":[749.122,227.935,44.957,-0.978,0,0.209,0,1,0,-0.209,0,-0.978],"_humanoidState":5,"_cameraCFrame":[747.547,240.099,42.928,-0.996,-0.088,0.016,0,0.174,0.985,-0.089,0.981,-0.173],"_shiftlockState":true,"_pose":"FreeFall","_animationQueue":[],"_animationSpeed":1,"_zoom":10.829},{"_mousePosition":[683,384],"_rootPartCFrame":[748.791,228.596,44.92,-0.967,0,0.253,0,1,0,-0.253,0,-0.967],"_humanoidState":5,"_cameraCFrame":[747.187,240.76,42.914,-0.997,-0.074,0.013,0,0.174,0.985,-0.075,0.982,-0.173],"_shiftlockState":true,"_pose":"FreeFall","_animationQueue":[],"_animationSpeed":1,"_zoom":10.829},{"_mousePosition":[683,384],"_rootPartCFrame":[748.592,228.952,44.901,-0.985,0,0.174,0,1,0,-0.174,0,-0.985],"_humanoidState":5,"_cameraCFrame":[746.95,241.115,42.917,-0.998,-0.055,0.01,0,0.174,0.985,-0.056,0.983,-0.174],"_shiftlockState":true,"_pose":"FreeFall","_animationQueue":[],"_animationSpeed":1,"_zoom":10.829},{"_mousePosition":[683,384],"_rootPartCFrame":[748.26,229.477,44.875,-0.975,0,0.221,0,1,0,-0.221,0,-0.975],"_humanoidState":5,"_cameraCFrame":[746.572,241.634,42.897,-0.999,-0.031,0.006,0,0.178,0.984,-0.032,0.984,-0.178],"_shiftlockState":true,"_pose":"FreeFall","_animationQueue":[],"_animationSpeed":1,"_zoom":10.829},{"_mousePosition":[683,384],"_rootPartCFrame":[748.06,229.751,44.863,-0.991,0,0.131,0,1,0,-0.131,0,-0.991],"_humanoidState":5,"_cameraCFrame":[746.302,241.894,42.869,-1,0.004,-0.001,0,0.185,0.983,0.004,0.983,-0.185],"_shiftlockState":true,"_pose":"FreeFall","_animationQueue":[],"_animationSpeed":1,"_zoom":10.829},{"_mousePosition":[683,384],"_rootPartCFrame":[747.74,230.14,44.88,-0.99,0,0.14,0,1,0,-0.14,0,-0.99],"_humanoidState":5,"_cameraCFrame":[745.929,242.268,42.855,-1,0.029,-0.006,0,0.192,0.981,0.03,0.981,-0.192],"_shiftlockState":true,"_pose":"FreeFall","_animationQueue":[],"_animationSpeed":1,"_zoom":10.829},{"_mousePosition":[683,384],"_rootPartCFrame":[747.558,230.332,44.917,-0.999,0,0.052,0,1,0,-0.052,0,-0.999],"_humanoidState":5,"_cameraCFrame":[745.696,242.441,42.841,-0.999,0.052,-0.011,0,0.201,0.98,0.053,0.978,-0.2],"_shiftlockState":true,"_pose":"FreeFall","_animationQueue":[],"_animationSpeed":1,"_zoom":10.829},{"_mousePosition":[683,384],"_rootPartCFrame":[747.274,230.585,45.026,-0.997,0,0.082,0,1,0,-0.082,0,-0.997],"_humanoidState":5,"_cameraCFrame":[745.393,242.681,42.903,-0.998,0.059,-0.012,0,0.206,0.979,0.06,0.977,-0.206],"_shiftlockState":true,"_pose":"FreeFall","_animationQueue":[],"_animationSpeed":1,"_zoom":10.829},{"_mousePosition":[683,384],"_rootPartCFrame":[747.116,230.696,45.118,-1,0,0.02,0,1,0,-0.02,0,-1],"_humanoidState":5,"_cameraCFrame":[745.234,242.79,42.987,-0.998,0.059,-0.012,0,0.207,0.978,0.06,0.977,-0.207],"_shiftlockState":true,"_pose":"FreeFall","_animationQueue":[],"_animationSpeed":1,"_zoom":10.829},{"_mousePosition":[683,384],"_rootPartCFrame":[746.919,230.796,45.273,-0.999,0,0.045,0,1,0,-0.045,0,-0.999],"_humanoidState":5,"_cameraCFrame":[745.037,242.89,43.142,-0.998,0.059,-0.012,0,0.207,0.978,0.06,0.977,-0.207],"_shiftlockState":true,"_pose":"FreeFall","_animationQueue":[],"_animationSpeed":1,"_zoom":10.829},{"_mousePosition":[683,384],"_rootPartCFrame":[746.737,230.841,45.462,-0.999,0,0.044,0,1,0,-0.044,0,-0.999],"_humanoidState":5,"_cameraCFrame":[744.853,242.936,43.333,-0.998,0.06,-0.013,0,0.207,0.978,0.061,0.977,-0.207],"_shiftlockState":true,"_pose":"FreeFall","_animationQueue":[],"_animationSpeed":1,"_zoom":10.829},{"_mousePosition":[683,384],"_rootPartCFrame":[746.516,230.821,45.711,-0.998,0,0.07,0,1,0,-0.07,0,-0.998],"_humanoidState":5,"_cameraCFrame":[744.632,242.916,43.582,-0.998,0.06,-0.013,0,0.207,0.978,0.061,0.977,-0.207],"_shiftlockState":true,"_pose":"FreeFall","_animationQueue":[],"_animationSpeed":1,"_zoom":10.829},{"_mousePosition":[683,384],"_rootPartCFrame":[746.383,230.768,45.861,-1,0,0.017,0,1,0,-0.017,0,-1],"_humanoidState":5,"_cameraCFrame":[744.499,242.863,43.732,-0.998,0.06,-0.013,0,0.207,0.978,0.061,0.977,-0.207],"_shiftlockState":true,"_pose":"FreeFall","_animationQueue":[["fall",0.3]],"_animationSpeed":1,"_zoom":10.829},{"_mousePosition":[683,384],"_rootPartCFrame":[746.23,230.65,46.069,-1,0,-0.029,0,1,0,0.029,0,-1],"_humanoidState":5,"_cameraCFrame":[744.379,242.743,43.902,-0.999,0.045,-0.009,0,0.208,0.978,0.046,0.977,-0.207],"_shiftlockState":true,"_pose":"FreeFall","_animationQueue":[],"_animationSpeed":1,"_zoom":10.829},{"_mousePosition":[683,384],"_rootPartCFrame":[746.128,230.457,46.187,-1,0.004,0.012,0.004,1,0,-0.012,0,-1],"_humanoidState":5,"_cameraCFrame":[744.81,242.51,43.503,-0.986,-0.161,0.037,0,0.224,0.975,-0.165,0.961,-0.221],"_shiftlockState":true,"_pose":"FreeFall","_animationQueue":[],"_animationSpeed":1,"_zoom":10.829},{"_mousePosition":[683,384],"_rootPartCFrame":[746.093,230.281,46.109,-0.993,-0.006,0.122,-0.006,1,-0.002,-0.122,-0.003,-0.993],"_humanoidState":7,"_cameraCFrame":[745.553,242.347,43.208,-0.898,-0.429,0.096,0,0.219,0.976,-0.439,0.877,-0.196],"_shiftlockState":true,"_pose":"FreeFall","_animationQueue":[["walk",0.1],["fall",0.3],["fall",0.3]],"_animationSpeed":1,"_zoom":10.829},{"_mousePosition":[683,384],"_rootPartCFrame":[746.092,230.067,45.846,-0.906,-0.006,0.423,-0.006,1,0,-0.423,-0.003,-0.906],"_humanoidState":7,"_cameraCFrame":[746.281,242.202,43.159,-0.71,-0.692,0.133,0,0.189,0.982,-0.704,0.697,-0.134],"_shiftlockState":true,"_pose":"FreeFall","_animationQueue":[],"_animationSpeed":1,"_zoom":10.829},{"_mousePosition":[683,384],"_rootPartCFrame":[746.092,229.801,45.656,-0.711,-0.001,0.703,-0.001,1,0,-0.703,-0.001,-0.711],"_humanoidState":8,"_cameraCFrame":[746.329,241.966,43.097,-0.666,-0.735,0.13,0,0.174,0.985,-0.746,0.656,-0.116],"_shiftlockState":true,"_pose":"Running","_animationQueue":[["fall",0.3],["walk",0.1]],"_animationSpeed":0.02,"_zoom":10.829},{"_mousePosition":[683,384],"_rootPartCFrame":[746.092,230.685,45.623,-0.666,0.002,0.746,0.002,1,-0.002,-0.746,0,-0.666],"_humanoidState