[{"_mousePosition":[780,382],"_rootPartCFrame":[776.034,222.7,47.142,-0.001,0,1,0,1,0,-1,0,-0.001],"_humanoidState":8,"_cameraCFrame":[776.168,239.08,43.179,-0.999,-0.033,0.009,0,0.258,0.966,-0.034,0.966,-0.257],"_shiftlockState":false,"_pose":"Standing","_animationQueue":[],"_animationSpeed":1,"_zoom":15.4},{"_mousePosition":[780,382],"_rootPartCFrame":[775.862,222.7,47.137,0.002,0,1,0,1,0,-1,0,0.002],"_humanoidState":8,"_cameraCFrame":[775.997,239.08,43.173,-0.999,-0.033,0.009,0,0.258,0.966,-0.034,0.966,-0.257],"_shiftlockState":false,"_pose":"Standing","_animationQueue":[],"_animationSpeed":1,"_zoom":15.4},{"_mousePosition":[780,382],"_rootPartCFrame":[775.598,222.7,47.128,0.007,0,1,0,1,0,-1,0,0.007],"_humanoidState":8,"_cameraCFrame":[775.732,239.08,43.164,-0.999,-0.033,0.009,0,0.258,0.966,-0.034,0.966,-0.257],"_shiftlockState":false,"_pose":"Running","_animationQueue":[["walk",0.1]],"_animationSpeed":1.003,"_zoom":15.4},{"_mousePosition":[780,382],"_rootPartCFrame":[775.331,222.7,47.119,0.01,0,1,0,1,0,-1,0,0.01],"_humanoidState":8,"_cameraCFrame":[775.496,239.08,43.156,-0.999,-0.04,0.011,0,0.258,0.966,-0.041,0.965,-0.257],"_shiftlockState":false,"_pose":"Running","_animationQueue":[["walk",0.1]],"_animationSpeed":1.101,"_zoom":15.4},{"_mousePosition":[780,382],"_rootPartCFrame":[775.065,222.7,47.109,0.014,0,1,0,1,0,-1,0,0.014],"_humanoidState":8,"_cameraCFrame":[775.259,239.08,43.149,-0.999,-0.047,0.013,0,0.258,0.966,-0.049,0.965,-0.257],"_shiftlockState":false,"_pose":"Running","_animationQueue":[["walk",0.1]],"_animationSpeed":1.101,"_zoom":15.4},{"_mousePosition":[780,382],"_rootPartCFrame":[774.798,222.7,47.099,0.017,0,1,0,1,0,-1,0,0.017],"_humanoidState":8,"_cameraCFrame":[775.021,239.088,43.168,-0.998,-0.055,0.014,0,0.256,0.967,-0.057,0.965,-0.255],"_shiftlockState":false,"_pose":"Running","_animationQueue":[],"_animationSpeed":1.101,"_zoom":15.4},{"_mousePosition":[780,382],"_rootPartCFrame":[774.532,222.7,47.086,0.021,0,1,0,1,0,-1,0,0.021],"_humanoidState":8,"_cameraCFrame":[774.803,239.096,43.188,-0.998,-0.067,0.018,0,0.254,0.967,-0.069,0.965,-0.253],"_shiftlockState":false,"_pose":"Running","_animationQueue":[],"_animationSpeed":1.101,"_zoom":15.4},{"_mousePosition":[780,382],"_rootPartCFrame":[774.266,222.7,47.071,0.026,0,1,0,1,0,-1,0,0.026],"_humanoidState":8,"_cameraCFrame":[774.556,239.096,43.174,-0.997,-0.072,0.019,0,0.254,0.967,-0.074,0.965,-0.253],"_shiftlockState":false,"_pose":"Running","_animationQueue":[],"_animationSpeed":1.101,"_zoom":15.4},{"_mousePosition":[780,382],"_rootPartCFrame":[774,222.7,47.053,0.032,0,0.999,0,1,0,-0.999,0,0.032],"_humanoidState":8,"_cameraCFrame":[774.354,239.111,43.219,-0.996,-0.089,0.023,0,0.25,0.968,-0.092,0.964,-0.249],"_shiftlockState":false,"_pose":"Running","_animationQueue":[],"_animationSpeed":1.101,"_zoom":15.4},{"_mousePosition":[780,382],"_rootPartCFrame":[773.734,222.7,47.033,0.037,0,0.999,0,1,0,-0.999,0,0.037],"_humanoidState":8,"_cameraCFrame":[774.121,239.126,43.261,-0.995,-0.099,0.025,0,0.246,0.969,-0.102,0.964,-0.245],"_shiftlockState":false,"_pose":"Running","_animationQueue":[],"_animationSpeed":1.101,"_zoom":15.4},{"_mousePosition":[780,382],"_rootPartCFrame":[773.468,222.7,47.009,0.045,0,0.999,0,1,0,-0.999,0,0.045],"_humanoidState":8,"_cameraCFrame":[773.88,239.133,43.269,-0.994,-0.106,0.027,0,0.244,0.97,-0.11,0.964,-0.243],"_shiftlockState":false,"_pose":"Running","_animationQueue":[],"_animationSpeed":1.101,"_zoom":15.4},{"_mousePosition":[780,382],"_rootPartCFrame":[773.203,222.7,46.982,0.052,0,0.999,0,1,0,-0.999,0,0.052],"_humanoidState":8,"_cameraCFrame":[773.615,239.133,43.242,-0.994,-0.106,0.027,0,0.244,0.97,-0.11,0.964,-0.243],"_shiftlockState":false,"_pose":"Running","_animationQueue":[["walk",0.1]],"_animationSpeed":1.101,"_zoom":15.4},{"_mousePosition":[780,382],"_rootPartCFrame":[772.938,222.7,46.953,0.06,0,0.998,0,1,0,-0.998,0,0.06],"_humanoidState":8,"_cameraCFrame":[771.611,239.133,43.021,-0.994,-0.106,0.027,0,0.244,0.97,-0.11,0.964,-0.243],"_shiftlockState":true,"_pose":"Running","_animationQueue":[],"_animationSpeed":1.101,"_zoom":15.4},{"_mousePosition":[683,384],"_rootPartCFrame":[772.54,222.7,46.909,-1,0,-0.031,0,1,0,0.031,0,-1],"_humanoidState":8,"_cameraCFrame":[771.213,239.133,42.977,-0.994,-0.106,0.027,0,0.244,0.97,-0.11,0.964,-0.243],"_shiftlockState":true,"_pose":"Running","_animationQueue":[],"_animationSpeed":1.101,"_zoom":15.4},{"_mousePosition":[683,384],"_rootPartCFrame":[772.341,222.7,46.887,-0.996,0,0.086,0,1,0,-0.086,0,-0.996],"_humanoidState":8,"_cameraCFrame":[771.014,239.133,42.955,-0.994,-0.106,0.027,0,0.244,0.97,-0.11,0.964,-0.243],"_shiftlockState":true,"_pose":"Running","_animationQueue":[],"_animationSpeed":1.101,"_zoom":15.4},{"_mousePosition":[683,384],"_rootPartCFrame":[772.076,222.7,46.858,-0.994,0,0.106,0,1,0,-0.106,0,-0.994],"_humanoidState":8,"_cameraCFrame":[770.766,239.14,42.948,-0.993,-0.111,0.028,0,0.242,0.97,-0.115,0.964,-0.241],"_shiftlockState":true,"_pose":"Running","_animationQueue":[],"_animationSpeed":1.101,"_zoom":15.4},{"_mousePosition":[683,384],"_rootPartCFrame":[771.811,222.7,46.828,-0.993,0,0.114,0,1,0,-0.114,0,-0.993],"_humanoidState":8,"_cameraCFrame":[770.507,239.148,42.945,-0.993,-0.114,0.028,0,0.241,0.971,-0.117,0.964,-0.239],"_shiftlockState":true,"_pose":"Running","_animationQueue":[],"_animationSpeed":1.101,"_zoom":15.4},{"_mousePosition":[683,384],"_rootPartCFrame":[771.546,222.7,46.798,-0.993,0,0.117,0,1,0,-0.117,0,-0.993],"_humanoidState":8,"_cameraCFrame":[770.249,239.155,42.94,-0.993,-0.116,0.029,0,0.239,0.971,-0.12,0.964,-0.237],"_shiftlockState":true,"_pose":"Running","_animationQueue":[],"_animationSpeed":1.101,"_zoom":15.4},{"_mousePosition":[683,384],"_rootPartCFrame":[771.281,222.7,46.767,-0.993,0,0.12,0,1,0,-0.12,0,-0.993],"_humanoidState":8,"_cameraCFrame":[769.98,239.162,42.938,-0.993,-0.116,0.028,0,0.237,0.972,-0.12,0.965,-0.235],"_shiftlockState":true,"_pose":"Running","_animationQueue":[["walk",0.1]],"_animationSpeed":1.101,"_zoom":15.4},{"_mousePosition":[683,384],"_rootPartCFrame":[771.017,222.7,46.735,-0.993,0,0.12,0,1,0,-0.12,0,-0.993],"_humanoidState":8,"_cameraCFrame":[769.712,239.169,42.935,-0.993,-0.116,0.028,0,0.235,0.972,-0.12,0.965,-0.233],"_shiftlockState":true,"_pose":"Running","_animationQueue":[],"_animationSpeed":1.101,"_zoom":15.4},{"_mousePosition":[683,384],"_rootPartCFrame":[770.752,222.7,46.703,-0.993,0,0.12,0,1,0,-0.12,0,-0.993],"_humanoidState":8,"_cameraCFrame":[769.44,239.183,42.961,-0.993,-0.116,0.028,0,0.231,0.973,-0.12,0.966,-0.229],"_shiftlockState":true,"_pose":"Running","_animationQueue":[],"_animationSpeed":1.101,"_zoom":15.4},{"_mousePosition":[683,384],"_rootPartCFrame":[770.487,222.7,46.671,-0.993,0,0.12,0,1,0,-0.12,0,-0.993],"_humanoidState":8,"_cameraCFrame":[769.169,239.197,42.987,-0.993,-0.117,0.027,0,0.227,0.974,-0.12,0.967,-0.226],"_shiftlockState":true,"_pose":"Running","_animationQueue":[],"_animationSpeed":1.101,"_zoom":15.4},{"_mousePosition":[683,384],"_rootPartCFrame":[770.223,222.7,46.639,-0.993,0,0.12,0,1,0,-0.12,0,-0.993],"_humanoidState":8,"_cameraCFrame":[768.897,239.21,43.013,-0.993,-0.117,0.027,0,0.223,0.975,-0.12,0.968,-0.222],"_shiftlockState":true,"_pose":"Running","_animationQueue":[],"_animationSpeed":1.101,"_zoom":15.4},{"_mousePosition":[683,384],"_rootPartCFrame":[769.958,222.7,46.607,-0.993,0,0.12,0,1,0,-0.12,0,-0.993],"_humanoidState":8,"_cameraCFrame":[768.616,239.224,43.043,-0.993,-0.114,0.026,0,0.22,0.976,-0.117,0.969,-0.218],"_shiftlockState":true,"_pose":"Running","_animationQueue":[],"_animationSpeed":1.101,"_zoom":15.4},{"_mousePosition":[683,384],"_rootPartCFrame":[769.693,222.666,46.576,-0.993,0,0.117,0,1,0,-0.117,0,-0.993],"_humanoidState":8,"_cameraCFrame":[768.315,239.209,43.109,-0.994,-0.107,0.023,0,0.214,0.977,-0.11,0.971,-0.213],"_shiftlockState":true,"_pose":"Running","_animationQueue":[],"_animationSpeed":1.101,"_zoom":15.4},{"_mousePosition":[683,384],"_rootPartCFrame":[769.363,222.546,46.536,-0.994,0,0.11,0,1,0,-0.11,0,-0.994],"_humanoidState":8,"_cameraCFrame":[767.958,239.109,43.163,-0.995,-0.102,0.022,0,0.208,0.978,-0.105,0.973,-0.207],"_shiftlockState":true,"_pose":"Running","_animationQueue":[["walk",0.1]],"_animationSpeed":1.101,"_zoom":15.4},{"_mousePosition":[683,384],"_rootPartCFrame":[769.098,223.419,46.504,-0.995,0,0.105,0,1,0,-0.105,0,-0.995],"_humanoidState":3,"_cameraCFrame":[767.678,239.994,43.193,-0.995,-0.1,0.021,0,0.204,0.979,-0.102,0.974,-0.203],"_shiftlockState":true,"_pose":"Jumping","_animationQueue":[["walk",0.1],["jump",0.1]],"_animationSpeed":1,"_zoom":15.4},{"_mousePosition":[683,384],"_rootPartCFrame":[768.833,224.242,46.475,-0.981,0,0.193,0,1,0,-0.193,0,-0.981],"_humanoidState":5,"_cameraCFrame":[767.41,240.822,43.194,-0.995,-0.1,0.021,0,0.203,0.979,-0.102,0.974,-0.201],"_shiftlockState":true,"_pose":"FreeFall","_animationQueue":[["jump",0.1]],"_animationSpeed":1,"_zoom":15.4},{"_mousePosition":[683,384],"_rootPartCFrame":[768.568,225.009,46.448,-0.973,0,0.229,0,1,0,-0.229,0,-0.973],"_humanoidState":5,"_cameraCFrame":[767.145,241.59,43.167,-0.995,-0.1,0.021,0,0.203,0.979,-0.102,0.974,-0.201],"_shiftlockState":true,"_pose":"FreeFall","_animationQueue":[],"_animationSpeed":1,"_zoom":15.4},{"_mousePosition":[683,384],"_rootPartCFrame":[768.302,225.722,46.421,-0.973,0,0.233,0,1,0,-0.233,0,-0.973],"_humanoidState":5,"_cameraCFrame":[766.88,242.303,43.14,-0.995,-0.1,0.021,0,0.203,0.979,-0.102,0.974,-0.201],"_shiftlockState":true,"_pose":"FreeFall","_animationQueue":[],"_animationSpeed":1,"_zoom":15.4},{"_mousePosition":[683,384],"_rootPartCFrame":[768.037,226.381,46.393,-0.972,0,0.233,0,1,0,-0.233,0,-0.972],"_humanoidState":5,"_cameraCFrame":[766.614,242.961,43.112,-0.995,-0.1,0.021,0,0.203,0.979,-0.102,0.974,-0.201],"_shiftlockState":true,"_pose":"FreeFall","_animationQueue":[],"_animationSpeed":1,"_zoom":15.4},{"_mousePosition":[683,384],"_rootPartCFrame":[767.771,226.985,46.366,-0.972,0,0.233,0,1,0,-0.233,0,-0.972],"_humanoidState":5,"_cameraCFrame":[766.338,243.572,43.118,-0.995,-0.098,0.02,0,0.201,0.98,-0.1,0.975,-0.2],"_shiftlockState":true,"_pose":"FreeFall","_animationQueue":[],"_animationSpeed":1,"_zoom":15.4},{"_mousePosition":[683,384],"_rootPartCFrame":[767.506,227.534,46.339,-0.973,0,0.231,0,1,0,-0.231,0,-0.973],"_humanoidState":5,"_cameraCFrame":[766.061,244.127,43.124,-0.995,-0.095,0.019,0,0.199,0.98,-0.097,0.975,-0.198],"_shiftlockState":true,"_pose":"FreeFall","_animationQueue":[],"_animationSpeed":1,"_zoom":15.4},{"_mousePosition":[683,384],"_rootPartCFrame":[767.307,227.91,46.319,-0.981,0,0.196,0,1,0,-0.196,0,-0.981],"_humanoidState":5,"_cameraCFrame":[765.851,244.509,43.137,-0.996,-0.093,0.019,0,0.197,0.98,-0.095,0.976,-0.196],"_shiftlockState":true,"_pose":"FreeFall","_animationQueue":[],"_animationSpeed":1,"_zoom":15.4},{"_mousePosition":[683,384],"_rootPartCFrame":[767.042,228.365,46.293,-0.974,0,0.226,0,1,0,-0.226,0,-0.974],"_humanoidState":5,"_cameraCFrame":[765.575,244.969,43.144,-0.996,-0.09,0.018,0,0.195,0.981,-0.092,0.977,-0.194],"_shiftlockState":true,"_pose":"FreeFall","_animationQueue":[],"_animationSpeed":1,"_zoom":15.4},{"_mousePosition":[683,384],"_rootPartCFrame":[766.776,228.764,46.268,-0.975,0,0.223,0,1,0,-0.223,0,-0.975],"_humanoidState":5,"_cameraCFrame":[765.299,245.375,43.151,-0.996,-0.088,0.017,0,0.193,0.981,-0.089,0.977,-0.192],"_shiftlockState":true,"_pose":"FreeFall","_animationQueue":[],"_animationSpeed":1,"_zoom":15.4},{"_mousePosition":[683,384],"_rootPartCFrame":[766.511,229.109,46.243,-0.975,0,0.221,0,1,0,-0.221,0,-0.975],"_humanoidState":5,"_cameraCFrame":[765.013,245.731,43.193,-0.996,-0.083,0.016,0,0.189,0.982,-0.084,0.978,-0.188],"_shiftlockState":true,"_pose":"FreeFall","_animationQueue":[],"_animationSpeed":1,"_zoom":15.4},{"_mousePosition":[683,384],"_rootPartCFrame":[766.245,229.4,46.219,-0.976,0,0.216,0,1,0,-0.216,0,-0.976],"_humanoidState":5,"_cameraCFrame":[764.727,246.033,43.235,-0.997,-0.078,0.015,0,0.185,0.983,-0.079,0.98,-0.185],"_shiftlockState":true,"_pose":"FreeFall","_animationQueue":[],"_animationSpeed":1,"_zoom":15.4},{"_mousePosition":[683,384],"_rootPartCFrame":[765.979,229.636,46.196,-0.977,0,0.211,0,1,0,-0.211,0,-0.977],"_humanoidState":5,"_cameraCFrame":[764.435,246.28,43.283,-0.997,-0.071,0.013,0,0.181,0.983,-0.072,0.981,-0.181],"_shiftlockState":true,"_pose":"FreeFall","_animationQueue":[],"_animationSpeed":1,"_zoom":15.4},{"_mousePosition":[683,384],"_rootPartCFrame":[765.713,229.818,46.175,-0.979,0,0.204,0,1,0,-0.204,0,-0.979],"_humanoidState":5,"_cameraCFrame":[764.159,246.468,43.295,-0.998,-0.068,0.012,0,0.18,0.984,-0.069,0.981,-0.179],"_shiftlockState":true,"_pose":"FreeFall","_animationQueue":[],"_animationSpeed":1,"_zoom":15.4},{"_mousePosition":[683,384],"_rootPartCFrame":[765.448,229.945,46.156,-0.98,0,0.201,0,1,0,-0.201,0,-0.98],"_humanoidState":5,"_cameraCFrame":[763.893,246.595,43.276,-0.998,-0.068,0.012,0,0.18,0.984,-0.069,0.981,-0.179],"_shiftlockState":true,"_pose":"FreeFall","_animationQueue":[],"_animationSpeed":1,"_zoom":15.4},{"_mousePosition":[683,384],"_rootPartCFrame":[765.181,230.018,46.137,-0.98,0,0.201,0,1,0,-0.201,0,-0.98],"_humanoidState":5,"_cameraCFrame":[763.627,246.667,43.257,-0.998,-0.068,0.012,0,0.18,0.984,-0.069,0.981,-0.179],"_shiftlockState":true,"_pose":"FreeFall","_animationQueue":[],"_animationSpeed":1,"_zoom":15.4},{"_mousePosition":[683,384],"_rootPartCFrame":[764.915,230.036,46.119,-0.98,0,0.201,0,1,0,-0.201,0,-0.98],"_humanoidState":5,"_cameraCFrame":[763.361,246.685,43.239,-0.998,-0.068,0.012,0,0.18,0.984,-0.069,0.981,-0.179],"_shiftlockState":true,"_pose":"FreeFall","_animationQueue":[],"_animationSpeed":1,"_zoom":15.4},{"_mousePosition":[683,384],"_rootPartCFrame":[764.649,229.999,46.1,-0.98,0,0.201,0,1,0,-0.201,0,-0.98],"_humanoidState":5,"_cameraCFrame":[763.097,246.644,43.191,-0.998,-0.068,0.013,0,0.181,0.983,-0.069,0.981,-0.181],"_shiftlockState":true,"_pose":"FreeFall","_animationQueue":[],"_animationSpeed":1,"_zoom":15.4},{"_mousePosition":[683,384],"_rootPartCFrame":[764.317,229.877,46.077,-0.972,0,0.234,0,1,0,-0.234,0,-0.972],"_humanoidState":5,"_cameraCFrame":[762.781,246.516,43.13,-0.997,-0.073,0.014,0,0.183,0.983,-0.074,0.98,-0.183],"_shiftlockState":true,"_pose":"FreeFall","_animationQueue":[],"_animationSpeed":1,"_zoom":15.4},{"_mousePosition":[683,384],"_rootPartCFrame":[764.05,229.718,46.059,-0.979,0,0.206,0,1,0,-0.206,0,-0.979],"_humanoidState":5,"_cameraCFrame":[762.535,246.346,43.045,-0.997,-0.078,0.015,0,0.187,0.982,-0.079,0.979,-0.187],"_shiftlockState":true,"_pose":"FreeFall","_animationQueue":[["fall",0.3]],"_animationSpeed":1,"_zoom":15.4},{"_mousePosition":[683,384],"_rootPartCFrame":[763.785,229.505,46.039,-0.977,0,0.211,0,1,0,-0.211,0,-0.977],"_humanoidState":5,"_cameraCFrame":[762.269,246.133,43.026,-0.997,-0.078,0.015,0,0.187,0.982,-0.079,0.979,-0.187],"_shiftlockState":true,"_pose":"FreeFall","_animationQueue":[],"_animationSpeed":1,"_zoom":15.4},{"_mousePosition":[683,384],"_rootPartCFrame":[763.585,229.309,46.023,-0.984,0,0.178,0,1,0,-0.178,0,-0.984],"_humanoidState":5,"_cameraCFrame":[762.07,245.937,43.01,-0.997,-0.078,0.015,0,0.187,0.982,-0.079,0.979,-0.187],"_shiftlockState":true,"_pose":"FreeFall","_animationQueue":[],"_animationSpeed":1,"_zoom":15.4},{"_mousePosition":[683,384],"_rootPartCFrame":[763.319,229,46.002,-0.977,0,0.211,0,1,0,-0.211,0,-0.977],"_humanoidState":5,"_cameraCFrame":[761.804,245.628,42.989,-0.997,-0.078,0.015,0,0.187,0.982,-0.079,0.979,-0.187],"_shiftlockState":true,"_pose":"FreeFall","_animationQueue":[],"_animationSpeed":1,"_zoom":15.4},{"_mousePosition":[683,384],"_rootPartCFrame":[763.053,228.637,45.981,-0.977,0,0.211,0,1,0,-0.211,0,-0.977],"_humanoidState":5,"_cameraCFrame":[761.538,245.264,42.968,-0.997,-0.078,0.015,0,0.187,0.982,-0.079,0.979,-0.187],"_shiftlockState":true,"_pose":"FreeFall","_animationQueue":[],"_animationSpeed":1,"_zoom":15.4},{"_mousePosition":[683,384],"_rootPartCFrame":[762.788,228.219,45.96,-0.977,0,0.211,0,1,0,-0.211,0,-0.977],"_humanoidState":5,"_cameraCFrame":[761.272,244.847,42.947,-0.997,-0.078,0.015,0,0.187,0.982,-0.079,0.979,-0.187],"_shiftlockState":true,"_pose":"FreeFall","_animationQueue":[],"_animationSpeed":1,"_zoom":15.4},{"_mousePosition":[683,384],"_rootPartCFrame":[762.522,227.747,45.939,-0.977,0,0.211,0,1,0,-0.211,0,-0.977],"_humanoidState":5,"_cameraCFrame":[761.006,244.374,42.925,-0.997,-0.078,0.015,0,0.187,0.982,-0.079,0.979,-0.187],"_shiftlockState":true,"_pose":"FreeFall","_animationQueue":[],"_animationSpeed":1,"_zoom":15.4},{"_mousePosition":[683,384],"_rootPartCFrame":[762.256,227.22,45.917,-0.977,0,0.211,0,1,0,-0.211,0,-0.977],"_humanoidState":5,"_cameraCFrame":[760.74,243.847,42.904,-0.997,-0.078,0.015,0,0.187,0.982,-0.079,0.979,-0.187],"_shiftlockState":true,"_pose":"FreeFall","_animationQueue":[["fall",0.3]],"_animationSpeed":1,"_zoom":15.4},{"_mousePosition":[683,384],"_rootPartCFrame":[761.99,226.638,45.896,-0.977,0,0.211,0,1,0,-0.211,0,-0.977],"_humanoidState":5,"_cameraCFrame":[760.474,243.266,42.883,-0.997,-0.078,0.015,0,0.187,0.982,-0.079,0.979,-0.187],"_shiftlockState":true,"_pose":"FreeFall","_animationQueue":[],"_animationSpeed":1,"_zoom":15.4},{"_mousePosition":[683,384],"_rootPartCFrame":[761.724,226.003,45.875,-0.977,0,0.211,0,1,0,-0.211,0,-0.977],"_humanoidState":5,"_cameraCFrame":[760.208,242.63,42.862,-0.997,-0.078,0.015,0,0.187,0.982,-0.079,0.979,-0.187],"_shiftlockState":true,"_pose":"FreeFall","_animationQueue":[],"_animationSpeed":1,"_zoom":15.4},{"_mousePosition":[683,384],"_rootPartCFrame":[761.458,225.312,45.854,-0.977,0,0.211,0,1,0,-0.211,0,-0.977],"_humanoidState":5,"_cameraCFrame":[759.943,241.94,42.841,-0.997,-0.078,0.015,0,0.187,0.982,-0.079,0.979,-0.187],"_shiftlockState":true,"_pose":"FreeFall","_animationQueue":[],"_animationSpeed":1,"_zoom":15.4},{"_mousePosition":[683,384],"_rootPartCFrame":[761.192,224.567,45.833,-0.977,0,0.211,0,1,0,-0.211,0,-0.977],"_humanoidState":5,"_cameraCFrame":[759.677,241.195,42.82,-0.997,-0.078,0.015,0,0.187,0.982,-0.079,0.979,-0.187],"_shiftlockState":true,"_pose":"FreeFall","_animationQueue":[],"_animationSpeed":1,"_zoom":15.4},{"_mousePosition":[683,384],"_rootPartCFrame":[760.927,223.768,45.812,-0.977,0,0.211,0,1,0,-0.211,0,-0.977],"_humanoidState":5,"_cameraCFrame":[759.411,240.396,42.799,-0.997,-0.078,0.015,0,0.187,0.982,-0.079,0.979,-0.187],"_shiftlockState":true,"_pose":"FreeFall","_animationQueue":[],"_animationSpeed":1,"_zoom":15.4},{"_mousePosition":[683,384],"_rootPartCFrame":[760.783,223.647,45.8,-0.993,0,0.114,0,1,0,-0.114,0,-0.993],"_humanoidState":7,"_cameraCFrame":[759.252,240.275,42.795,-0.997,-0.073,0.014,0,0.187,0.982,-0.074,0.98,-0.187],"_shiftlockState":true,"_pose":"FreeFall","_animationQueue":[["walk",0.1],["fall",0.3],["fall",0.3]],"_animationSpeed":1,"_zoom":15.4},{"_mousePosition":[683,384],"_rootPartCFrame":[760.584,223.645,45.784,-0.997,0,0.077,0,1,0,-0.077,0,-0.997],"_humanoidState":7,"_cameraCFrame":[758.969,240.278,42.852,-0.999,-0.046,0.009,0,0.185,0.983,-0.047,0.982,-0.185],"_shiftlockState":true,"_pose":"FreeFall","_animationQueue":[["fall",0.3]],"_animationSpeed":1,"_zoom":15.4},{"_mousePosition":[683,384],"_rootPartCFrame":[760.329,223.541,45.765,-0.999,0,0.047,0,1,0,-0.047,0,-0.999],"_humanoidState":8,"_cameraCFrame":[758.61,240.185,42.951,-1,-0.011,0.002,0,0.181,0.983,-0.011,0.983,-0.181],"_shiftlockState":true,"_pose":"Running","_animationQueue":[["walk",0.1],["fall",0.3],["walk",0.1]],"_animationSpeed":1.008,"_zoom":15.4},{"_mousePosition":[683,384],"_rootPartCFrame":[760.072,223.372,45.753,-1,0,0.011,0,1,0,-0.011,0,-1],"_humanoidState":8,"_cameraCFrame":[758.276,240.027,43.046,-1,0.016,-0.003,0,0.178,0.984,0.017,0.984,-0.178],"_shiftlockState":true,"_pose":"Running","_animationQueue":[["walk",0.1]],"_animationSpeed":1.065,"_zoom":15.4},{"_mousePosition":[683,384],"_rootPartCFrame":[759.814,223.148,45.749,-1,0,-0.017,0,1,0,0.017,0,-1],"_humanoidState":8,"_cameraCFrame":[757.967,239.814,43.139,-0.999,0.036,-0.006,0,0.174,0.985,0.037,0.984,-0.174],"_shiftlockState":true,"_pose":"Running","_animationQueue":[],"_animationSpeed":1.065,"_zoom":15.4},{"_mousePosition":[683,384],"_rootPartCFrame":[759.428,222.71,45.755,-0.999,0,-0.037,0,1,0,0.037,0,-0.999],"_humanoidState":8,"_cameraCFrame":[757.548,239.376,43.171,-0.999,0.049,-0.009,0,0.174,0.985,0.05,0.984,-0.173],"_shiftlockState":true,"_pose":"Running","_animationQueue":[],"_animationSpeed":1.065,"_zoom":15.4},{"_mousePosition":[683,384],"_rootPartCFrame":[759.171,222.649,45.764,-0.999,0,-0.05,0,1,0,0.05,0,-0.999],"_humanoidState":8,"_cameraCFrame":[757.264,239.315,43.199,-0.998,0.059,-0.01,0,0.174,0.985,0.06,0.983,-0.173],"_shiftlockState":true,"_pose":"Running","_animationQueue":[],"_animationSpeed":1.065,"_zoom":15.4},{"_mousePosition":[683,384],"_rootPartCFrame":[758.913,222.658,45.776,-0.998,0,-0.06,0,1,0,0.06,0,-0.998],"_humanoidState":8,"_cameraCFrame":[756.987,239.324,43.225,-0.998,0.066,-0.012,0,0.174,0.985,0.067,0.983,-0.173],"_shiftlockState":true,"_pose":"Running","_animationQueue":[["walk",0.1]],"_animationSpeed":1.065,"_zoom":15.4},{"_mousePosition":[683,384],"_rootPartCFrame":[758.656,222.62,45.791,-0.998,0,-0.067,0,1,0,0.067,0,-0.998],"_humanoidState":8,"_cameraCFrame":[756.724,239.286,43.245,-0.998,0.069,-0.012,0,0.174,0.985,0.07,0.982,-0.173],"_shiftlockState":true,"_pose":"Running","_animationQueue":[],"_animationSpeed":1.065,"_zoom":15.4},{"_mousePosition":[683,384],"_rootPartCFrame":[758.399,222.529,45.808,-0.998,0,-0.07,0,1,0,0.07,0,-0.998],"_humanoidState":8,"_cameraCFrame":[756.467,239.195,43.262,-0.998,0.069,-0.012,0,0.174,0.985,0.07,0.982,-0.173],"_shiftlockState":true,"_pose":"Running","_animationQueue":[],"_animationSpeed":1.065,"_zoom":15.4},{"_mousePosition":[683,384],"_rootPartCFrame":[758.206,222.455,45.821,-0.998,0,-0.07,0,1,0,0.07,0,-0.998],"_humanoidState":8,"_cameraCFrame":[756.274,239.121,43.276,-0.998,0.069,-0.012,0,0.174,0.985,0.07,0.982,-0.173],"_shiftlockState":true,"_pose":"Running","_animationQueue":[],"_animationSpeed":1.065,"_zoom":15.4},{"_mousePosition":[683,384],"_rootPartCFrame":[757.885,222.368,45.844,-0.998,0,-0.07,0,1,0,0.07,0,-0.998],"_humanoidState":8,"_cameraCFrame":[755.96,239.032,43.28,-0.998,0.066,-0.012,0,0.174,0.985,0.067,0.982,-0.174],"_shiftlockState":true,"_pose":"Running","_animationQueue":[["walk",0.1]],"_animationSpeed":1.065,"_zoom":15.4},{"_mousePosition":[683,384],"_rootPartCFrame":[757.5,222.263,45.871,-0.998,0,-0.067,0,1,0,0.067,0,-0.998],"_humanoidState":8,"_cameraCFrame":[755.595,238.929,43.305,-0.998,0.058,-0.01,0,0.174,0.985,0.059,0.983,-0.173],"_shiftlockState":true,"_pose":"Running","_animationQueue":[],"_animationSpeed":1.065,"_zoom":15.4},{"_mousePosition":[683,384],"_rootPartCFrame":[757.307,222.213,45.884,-0.999,0,-0.047,0,1,0,0.047,0,-0.999],"_humanoidState":8,"_cameraCFrame":[755.435,238.877,43.284,-0.999,0.045,-0.008,0,0.174,0.985,0.046,0.984,-0.174],"_shiftlockState":true,"_pose":"Running","_animationQueue":[["walk",0.1],["walk",0.1]],"_animationSpeed":1.065,"_zoom":15.4},{"_mousePosition":[683,384],"_rootPartCFrame":[756.985,222.111,45.9,-0.999,0,-0.046,0,1,0,0.046,0,-0.999],"_humanoidState":8,"_cameraCFrame":[755.113,238.775,43.3,-0.999,0.045,-0.008,0,0.174,0.985,0.046,0.984,-0.174],"_shiftlockState":true,"_pose":"Running","_animationQueue":[],"_animationSpeed":1.065,"_zoom":15.4},{"_mousePosition":[683,384],"_rootPartCFrame":[756.728,222.058,45.911,-0.999,0,-0.046,0,1,0,0.046,0,-0.999],"_humanoidState":8,"_cameraCFrame":[754.869,238.72,43.286,-0.999,0.04,-0.007,0,0.175,0.985,0.041,0.984,-0.175],"_shiftlockState":true,"_pose":"Running","_animationQueue":[["walk",0.1]],"_animationSpeed":1.065,"_zoom":15.4},{"_mousePosition":[683,384],"_rootPartCFrame":[756.406,221.961,45.926,-0.999,0,-0.041,0,1,0,0.041,0,-0.999],"_humanoidState":8,"_cameraCFrame":[754.555,238.627,43.321,-0.999,0.038,-0.007,0,0.174,0.985,0.038,0.984,-0.174],"_shiftlockState":true,"_pose":"Running","_animationQueue":[],"_animationSpeed":1.065,"_zoom":15.4},{"_mousePosition":[683,384],"_rootPartCFrame":[756.213,221.917,45.934,-0.999,0,-0.038,0,1,0,0.038,0,-0.999],"_humanoidState":8,"_cameraCFrame":[754.402,238.583,43.301,-1,0.023,-0.004,0,0.174,0.985,0.023,0.985,-0.174],"_shiftlockState":true,"_pose":"Running","_animationQueue":[],"_animationSpeed":1.065,"_zoom":15.4},{"_mousePosition":[683,384],"_rootPartCFrame":[755.956,221.849,45.944,-1,0,-0.023,0,1,0,0.023,0,-1],"_humanoidState":8,"_cameraCFrame":[754.178,238.515,43.288,-1,0.01,-0.002,0,0.174,0.985,0.011,0.985,-0.174],"_shiftlockState":true,"_pose":"Running","_animationQueue":[],"_animationSpeed":1.065,"_zoom":15.4},{"_mousePosition":[683,384],"_rootPartCFrame":[755.698,221.78,45.95,-1,0,-0.011,0,1,0,0.011,0,-1],"_humanoidState":8,"_cameraCFrame":[753.961,238.446,43.268,-1,-0.005,0.001,0,0.174,0.985,-0.005,0.985,-0.174],"_shiftlockState":true,"_pose":"Running","_animationQueue":[],"_animationSpeed":1.065,"_zoom":15.4},{"_mousePosition":[683,384],"_rootPartCFrame":[755.441,221.711,45.954,-1,0,0.005,0,1,0,-0.005,0,-1],"_humanoidState":8,"_cameraCFrame":[753.737,238.377,43.249,-1,-0.017,0.003,0,0.174,0.985,-0.017,0.985,-0.174],"_shiftlockState":true,"_pose":"Running","_animationQueue":[],"_animationSpeed":1.065,"_zoom":15.4},{"_mousePosition":[683,384],"_rootPartCFrame":[755.183,221.642,45.953,-1,0,0.017,0,1,0,-0.017,0,-1],"_humanoidState":8,"_cameraCFrame":[753.521,238.308,43.223,-0.999,-0.032,0.006,0,0.174,0.985,-0.033,0.984,-0.174],"_shiftlockState":true,"_pose":"Running","_animationQueue":[],"_animationSpeed":1.065,"_zoom":15.4},{"_mousePosition":[683,384],"_rootPartCFrame":[754.926,221.573,45.949,-0.999,0,0.033,0,1,0,-0.033,0,-0.999],"_humanoidState":8,"_cameraCFrame":[753.291,238.239,43.203,-0.999,-0.042,0.007,0,0.174,0.985,-0.043,0.984,-0.173],"_shiftlockState":true,"_pose":"Running","_animationQueue":[["walk",0.1]],"_animationSpeed":1.065,"_zoom":15.4},{"_mousePosition":[683,384],"_rootPartCFrame":[754.668,221.504,45.941,-0.999,0,0.043,0,1,0,-0.043,0,-0.999],"_humanoidState":8,"_cameraCFrame":[753.041,238.17,43.191,-0.999,-0.044,0.008,0,0.174,0.985,-0.045,0.984,-0.173],"_shiftlockState":true,"_pose":"Running","_animationQueue":[],"_animationSpeed":1.065,"_zoom":15.4},{"_mousePosition":[683,384],"_rootPartCFrame":[754.411,221.435,45.931,-0.999,0,0.045,0,1,0,-0.045,0,-0.999],"_humanoidState":8,"_cameraCFrame":[752.783,238.101,43.18,-0.999,-0.044,0.008,0,0.174,0.985,-0.045,0.984,-0.173],"_shiftlockState":true,"_pose":"Running","_animationQueue":[],"_animationSpeed":1.065,"_zoom":15.4},{"_mousePosition":[683,384],"_rootPartCFrame":[754.154,221.366,45.919,-0.999,0,0.045,0,1,0,-0.045,0,-0.999],"_humanoidState":8,"_cameraCFrame":[752.526,238.032,43.169,-0.999,-0.044,0.008,0,0.174,0.985,-0.045,0.984,-0.173],"_shiftlockState":true,"_pose":"Running","_animationQueue":[],"_animationSpeed":1.065,"_zoom":15.4},{"_mousePosition":[683,384],"_rootPartCFrame":[753.896,221.297,45.907,-0.999,0,0.045,0,1,0,-0.045,0,-0.999],"_humanoidState":8,"_cameraCFrame":[752.276,237.963,43.153,-0.999,-0.047,0.008,0,0.174,0.985,-0.048,0.984,-0.173],"_shiftlockState":true,"_pose":"Running","_animationQueue":[],"_animationSpeed":1.065,"_zoom":15.4},{"_mousePosition":[683,384],"_rootPartCFrame":[753.639,221.228,45.896,-0.999,0,0.048,0,1,0,-0.048,0,-0.999],"_humanoidState":8,"_cameraCFrame":[752.018,237.894,43.141,-0.999,-0.047,0.008,0,0.174,0.985,-0.048,0.984,-0.173],"_shiftlockState":true,"_pose":"Running","_animationQueue":[],"_animationSpeed":1.065,"_zoom":15.4},{"_mousePosition":[683,384],"_rootPartCFrame":[753.382,221.159,45.884,-0.999,0,0.048,0,1,0,-0.048,0,-0.999],"_humanoidState":8,"_cameraCFrame":[751.74,237.825,43.141,-0.999,-0.039,0.007,0,0.174,0.985,-0.04,0.984,-0.174],"_shiftlockState":true,"_pose":"Running","_animationQueue":[["walk",0.1]],"_animationSpeed":1.065,"_zoom":15.4},{"_mousePosition":[683,384],"_rootPartCFrame":[753.124,221.09,45.871,-0.999,0,0.04,0,1,0,-0.04,0,-0.999],"_humanoidState":8,"_cameraCFrame":[751.448,237.756,43.15,-1,-0.027,0.005,0,0.174,0.985,-0.027,0.984,-0.174],"_shiftlockState":true,"_pose":"Running","_animationQueue":[],"_animationSpeed":1.065,"_zoom":15.4},{"_mousePosition":[683,384],"_rootPartCFrame":[752.867,221.021,45.861,-1,0,0.027,0,1,0,-0.027,0,-1],"_humanoidState":8,"_cameraCFrame":[751.129,237.687,43.178,-1,-0.005,0.001,0,0.174,0.985,-0.005,0.985,-0.174],"_shiftlockState":true,"_pose":"Running","_animationQueue":[],"_animationSpeed":1.065,"_zoom":15.4},{"_mousePosition":[683,384],"_rootPartCFrame":[752.609,220.952,45.853,-1,0,0.005,0,1,0,-0.005,0,-1],"_humanoidState":8,"_cameraCFrame":[750.831,237.618,43.198,-1,0.01,-0.002,0,0.174,0.985,0.011,0.985,-0.174],"_shiftlockState":true,"_pose":"Running","_animationQueue":[],"_animationSpeed":1.065,"_zoom":15.4},{"_mousePosition":[683,384],"_rootPartCFrame":[752.352,220.876,45.851,-1,0,-0.011,0,1,0,0.011,0,-1],"_humanoidState":8,"_cameraCFrame":[750.52,237.542,43.232,-1,0.03,-0.005,0,0.174,0.985,0.031,0.984,-0.174],"_shiftlockState":true,"_pose":"Running","_animationQueue":[],"_animationSpeed":1.065,"_zoom":15.4},{"_mousePosition":[683,384],"_rootPartCFrame":[752.094,220.803,45.854,-1,0,-0.031,0,1,0,0.031,0,-1],"_humanoidState":8,"_cameraCFrame":[750.217,237.469,43.267,-0.999,0.048,-0.008,0,0.174,0.985,0.048,0.984,-0.173],"_shiftlockState":true,"_pose":"Running","_animationQueue":[],"_animationSpeed":1.065,"_zoom":15.4},{"_mousePosition":[683,384],"_rootPartCFrame":[751.837,220.744,45.861,-0.999,0,-0.048,0,1,0,0.048,0,-0.999],"_humanoidState":8,"_cameraCFrame":[749.92,237.41,43.304,-0.998,0.063,-0.011,0,0.174,0.985,0.064,0.983,-0.173],"_shiftlockState":true,"_pose":"Running","_animationQueue":[],"_animationSpeed":1.065,"_zoom":15.4},{"_mousePosition":[683,384],"_rootPartCFrame":[751.579,220.673,45.873,-0.998,0,-0.064,0,1,0,0.064,0,-0.998],"_humanoidState":8,"_cameraCFrame":[749.637,237.339,43.335,-0.997,0.073,-0.013,0,0.174,0.985,0.074,0.982,-0.173],"_shiftlockState":true,"_pose":"Running","_animationQueue":[["walk",0.1]],"_animationSpeed":1.065,"_zoom":15.4},{"_mousePosition":[683,384],"_rootPartCFrame":[751.322,220.606,45.889,-0.997,0,-0.074,0,1,0,0.074,0,-0.997],"_humanoidState":8,"_cameraCFrame":[749.367,237.272,43.361,-0.997,0.078,-0.014,0,0.174,0.985,0.079,0.982,-0.173],"_shiftlockState":true,"_pose":"Running","_animationQueue":[],"_animationSpeed":1.065,"_zoom":15.4},{"_mousePosition":[683,384],"_rootPartCFrame":[751.065,220.524,45.908,-0.997,0,-0.079,0,1,0,0.079,0,-0.997],"_humanoidState":8,"_cameraCFrame":[749.107,236.956,43.426,-0.997,0.08,-0.014,0,0.174,0.985,0.081,0.982,-0.173],"_shiftlockState":true,"_pose":"Running","_animationQueue":[],"_animationSpeed":1.065,"_zoom":11.92},{"_mousePosition":[683,384],"_rootPartCFrame":[750.809,220.472,45.928,-0.997,0,-0.081,0,1,0,0.081,0,-0.997],"_humanoidState":8,"_cameraCFrame":[748.858,236.352,43.543,-0.997,0.08,-0.014,0,0.174,0.985,0.081,0.982,-0.173],"_shiftlockState":true,"_pose":"Running","_animationQueue":[],"_animationSpeed":1.065,"_zoom":11.92},{"_mousePosition":[683,384],"_rootPartCFrame":[750.552,220.394,45.949,-0.997,0,-0.081,0,1,0,0.081,0,-0.997],"_humanoidState":8,"_cameraCFrame":[748.61,235.645,43.675,-0.997,0.08,-0.014,0,0.174,0.985,0.081,0.982,-0.173],"_shiftlockState":true,"_pose":"Running","_animationQueue":[],"_animationSpeed":1.065,"_zoom":11.92},{"_mousePosition":[683,384],"_rootPartCFrame":[750.295,220.32,45.97,-0.997,0,-0.081,0,1,0,0.081,0,-0.997],"_humanoidState":8,"_cameraCFrame":[748.363,234.92,43.81,-0.997,0.08,-0.014,0,0.174,0.985,0.081,0.982,-0.173],"_shiftlockState":true,"_pose":"Running","_animationQueue":[],"_animationSpeed":1.065,"_zoom":9.136},{"_mousePosition":[683,384],"_rootPartCFrame":[750.038,220.262,45.991,-0.997,0,-0.081,0,1,0,0.081,0,-0.997],"_humanoidState":8,"_cameraCFrame":[748.119,233.991,43.984,-0.997,0.08,-0.014,0,0.174,0.985,0.081,0.982,-0.173],"_shiftlockState":true,"_pose":"Running","_animationQueue":[["walk",0.1]],"_animationSpeed":1.065,"_zoom":9.136},{"_mousePosition":[683,384],"_rootPartCFrame":[749.781,220.19,46.012,-0.997,0,-0.081,0,1,0,0.081,0,-0.997],"_humanoidState":8,"_cameraCFrame":[747.888,233.074,44.139,-0.997,0.073,-0.013,0,0.174,0.985,0.074,0.982,-0.173],"_shiftlockState":true,"_pose":"Running","_animationQueue":[],"_animationSpeed":1.065,"_zoom":9.136},{"_mousePosition":[683,384],"_rootPartCFrame":[749.524,220.189,46.033,-0.997,0,-0.074,0,1,0,0.074,0,-0.997],"_humanoidState":8,"_cameraCFrame":[747.661,232.49,44.239,-0.998,0.06,-0.011,0,0.174,0.985,0.061,0.983,-0.173],"_shiftlockState":true,"_pose":"Running","_animationQueue":[],"_animationSpeed":1.065,"_zoom":9.136},{"_mousePosition":[683,384],"_rootPartCFrame":[749.267,220.19,46.052,-0.998,0,-0.061,0,1,0,0.061,0,-0.998],"_humanoidState":8,"_cameraCFrame":[747.449,231.972,44.308,-0.999,0.038,-0.007,0,0.174,0.985,0.038,0.984,-0.174],"_shiftlockState":true,"_pose":"Running","_animationQueue":[],"_animationSpeed":1.065,"_zoom":9.136},{"_mousePosition":[683,384],"_rootPartCFrame":[749.01,220.131,46.068,-0.999,0,-0.038,0,1,0,0.038,0,-0.999],"_humanoidState":8,"_cameraCFrame":[747.251,231.527,44.333,-1,0.005,-0.001,0,0.174,0.985,0.005,0.985,-0.174],"_shiftlockState":true,"_pose":"Running","_animationQueue":[],"_animationSpeed":1.065,"_zoom":9.136},{"_mousePosition":[683,384],"_rootPartCFrame":[748.753,220.024,46.084,-1,0,-0.005,0,1,0,0.005,0,-1],"_humanoidState":8,"_cameraCFrame":[747.046,231.142,44.345,-1,-0.025,0.004,0,0.174,0.985,-0.025,0.985,-0.174],"_shiftlockState":true,"_pose":"Running","_animationQueue":[],"_animationSpeed":1.065,"_zoom":9.136},{"_mousePosition":[683,384],"_rootPartCFrame":[748.432,219.814,46.103,-1,0,0.025,0,1,0,-0.025,0,-1],"_humanoidState":8,"_cameraCFrame":[746.763,230.744,44.359,-0.999,-0.047,0.008,0,0.174,0.985,-0.048,0.984,-0.173],"_shiftlockState":true,"_pose":"Running","_animationQueue":[["walk",0.1]],"_animationSpeed":1.065,"_zoom":9.136},{"_mousePosition":[683,384],"_rootPartCFrame":[748.239,219.647,46.115,-0.999,0,0.048,0,1,0,-0.048,0,-0.999],"_humanoidState":8,"_cameraCFrame":[746.591,230.437,44.374,-0.998,-0.059,0.01,0,0.174,0.985,-0.06,0.983,-0.173],"_shiftlockState":true,"_pose":"Running","_animationQueue":[],"_animationSpeed":1.065,"_zoom":9.136},{"_mousePosition":[683,384],"_rootPartCFrame":[747.918,220.717,46.135,-0.998,0,0.06,0,1,0,-0.06,0,-0.998],"_humanoidState":3,"_cameraCFrame":[746.269,231.412,44.411,-0.998,-0.059,0.01,0,0.174,0.985,-0.06,0.983,-0.173],"_shiftlockState":true,"_pose":"Jumping","_animationQueue":[["walk",0.1],["jump",0.1]],"_animationSpeed":1,"_zoom":9.136},{"_mousePosition":[683,384],"_rootPartCFrame":[747.655,221.511,46.129,-0.988,0,0.152,0,1,0,-0.152,0,-0.988],"_humanoidState":5,"_cameraCFrame":[746.005,232.144,44.416,-0.998,-0.059,0.01,0,0.174,0.985,-0.06,0.983,-0.173],"_shiftlockState":true,"_pose":"FreeFall","_animationQueue":[["jump",0.1]],"_animationSpeed":1,"_zoom":9.136},{"_mousePosition":[683,384],"_rootPartCFrame":[747.455,222.072,46.117,-0.988,0,0.155,0,1,0,-0.155,0,-0.988],"_humanoidState":5,"_cameraCFrame":[745.805,232.659,44.412,-0.998,-0.059,0.01,0,0.174,0.985,-0.06,0.983,-0.173],"_shiftlockState":true,"_pose":"FreeFall","_animationQueue":[],"_animationSpeed":1,"_zoom":9.136},{"_mousePosition":[683,384],"_rootPartCFrame":[747.189,222.771,46.101,-0.981,0,0.191,0,1,0,-0.191,0,-0.981],"_humanoidState":5,"_cameraCFrame":[745.538,233.328,44.402,-0.998,-0.059,0.01,0,0.174,0.985,-0.06,0.983,-0.173],"_shiftlockState":true,"_pose":"FreeFall","_animationQueue":[],"_animationSpeed":1,"_zoom":9.136},{"_mousePosition":[683,384],"_rootPartCFrame":[746.856,223.569,46.081,-0.974,0,0.225,0,1,0,-0.225,0,-0.974],"_humanoidState":5,"_cameraCFrame":[745.206,234.106,44.385,-0.998,-0.059,0.01,0,0.174,0.985,-0.06,0.983,-0.173],"_shiftlockState":true,"_pose":"FreeFall","_animationQueue":[],"_animationSpeed":1,"_zoom":9.136},{"_mousePosition":[683,384],"_rootPartCFrame":[746.657,224.006,46.069,-0.987,0,0.16,0,1,0,-0.16,0,-0.987],"_humanoidState":5,"_cameraCFrame":[745.006,234.529,44.376,-0.998,-0.059,0.01,0,0.174,0.985,-0.06,0.983,-0.173],"_shiftlockState":true,"_pose":"FreeFall","_animationQueue":[],"_animationSpeed":1,"_zoom":9.136},{"_mousePosition":[683,384],"_rootPartCFrame":[746.391,224.542,46.053,-0.981,0,0.192,0,1,0,-0.192,0,-0.981],"_humanoidState":5,"_cameraCFrame":[744.74,235.057,44.361,-0.998,-0.059,0.01,0,0.174,0.985,-0.06,0.983,-0.173],"_shiftlockState":true,"_pose":"FreeFall","_animationQueue":[],"_animationSpeed":1,"_zoom":9.136},{"_mousePosition":[683,384],"_rootPartCFrame":[746.125,225.024,46.037,-0.981,0,0.192,0,1,0,-0.192,0,-0.981],"_humanoidState":5,"_cameraCFrame":[744.474,235.532,44.346,-0.998,-0.059,0.01,0,0.174,0.985,-0.06,0.983,-0.173],"_shiftlockState":true,"_pose":"FreeFall","_animationQueue":[],"_animationSpeed":1,"_zoom":9.136},{"_mousePosition":[683,384],"_rootPartCFrame":[745.858,225.451,46.021,-0.981,0,0.192,0,1,0,-0.192,0,-0.981],"_humanoidState":5,"_cameraCFrame":[744.207,235.955,44.33,-0.998,-0.059,0.01,0,0.174,0.985,-0.06,0.983,-0.173],"_shiftlockState":true,"_pose":"FreeFall","_animationQueue":[],"_animationSpeed":1,"_zoom":9.136},{"_mousePosition":[683,384],"_rootPartCFrame":[745.592,225.823,46.005,-0.981,0,0.192,0,1,0,-0.192,0,-0.981],"_humanoidState":5,"_cameraCFrame":[743.941,236.325,44.315,-0.998,-0.059,0.01,0,0.174,0.985,-0.06,0.983,-0.173],"_shiftlockState":true,"_pose":"FreeFall","_animationQueue":[],"_animationSpeed":1,"_zoom":9.136},{"_mousePosition":[683,384],"_rootPartCFrame":[745.326,226.141,45.989,-0.981,0,0.192,0,1,0,-0.192,0,-0.981],"_humanoidState":5,"_cameraCFrame":[743.675,236.641,44.299,-0.998,-0.059,0.01,0,0.174,0.985,-0.06,0.983,-0.173],"_shiftlockState":true,"_pose":"FreeFall","_animationQueue":[],"_animationSpeed":1,"_zoom":9.136},{"_mousePosition":[683,384],"_rootPartCFrame":[745.06,226.404,45.973,-0.981,0,0.192,0,1,0,-0.192,0,-0.981],"_humanoidState":5,"_cameraCFrame":[743.409,236.904,44.283,-0.998,-0.059,0.01,0,0.174,0.985,-0.06,0.983,-0.173],"_shiftlockState":true,"_pose":"FreeFall","_animationQueue":[],"_animationSpeed":1,"_zoom":9.136},{"_mousePosition":[683,384],"_rootPartCFrame":[744.794,226.613,45.957,-0.981,0,0.192,0,1,0,-0.192,0,-0.981],"_humanoidState":5,"_cameraCFrame":[743.143,237.112,44.267,-0.998,-0.059,0.01,0,0.174,0.985,-0.06,0.983,-0.173],"_shiftlockState":true,"_pose":"FreeFall","_animationQueue":[],"_animationSpeed":1,"_zoom":9.136},{"_mousePosition":[683,384],"_rootPartCFrame":[744.528,226.768,45.94,-0.981,0,0.192,0,1,0,-0.192,0,-0.981],"_humanoidState":5,"_cameraCFrame":[742.881,237.266,44.247,-0.998,-0.062,0.011,0,0.174,0.985,-0.063,0.983,-0.173],"_shiftlockState":true,"_pose":"FreeFall","_animationQueue":[],"_animationSpeed":1,"_zoom":9.136},{"_mousePosition":[683,384],"_rootPartCFrame":[744.262,226.868,45.924,-0.981,0,0.195,0,1,0,-0.195,0,-0.981],"_humanoidState":5,"_cameraCFrame":[742.623,237.365,44.223,-0.998,-0.067,0.012,0,0.174,0.985,-0.068,0.983,-0.173],"_shiftlockState":true,"_pose":"FreeFall","_animationQueue":[],"_animationSpeed":1,"_zoom":9.136},{"_mousePosition":[683,384],"_rootPartCFrame":[743.996,226.913,45.908,-0.98,0,0.2,0,1,0,-0.2,0,-0.98],"_humanoidState":5,"_cameraCFrame":[742.37,237.41,44.194,-0.997,-0.074,0.013,0,0.174,0.985,-0.075,0.982,-0.173],"_shiftlockState":true,"_pose":"FreeFall","_animationQueue":[],"_animationSpeed":1,"_zoom":9.136},{"_mousePosition":[683,384],"_rootPartCFrame":[743.729,226.904,45.89,-0.978,0,0.207,0,1,0,-0.207,0,-0.978],"_humanoidState":5,"_cameraCFrame":[742.109,237.401,44.172,-0.997,-0.077,0.014,0,0.174,0.985,-0.078,0.982,-0.173],"_shiftlockState":true,"_pose":"FreeFall","_animationQueue":[],"_animationSpeed":1,"_zoom":9.136},{"_mousePosition":[683,384],"_rootPartCFrame":[743.464,226.84,45.87,-0.978,0,0.21,0,1,0,-0.21,0,-0.978],"_humanoidState":5,"_cameraCFrame":[741.843,237.338,44.152,-0.997,-0.077,0.014,0,0.174,0.985,-0.078,0.982,-0.173],"_shiftlockState":true,"_pose":"FreeFall","_animationQueue":[],"_animationSpeed":1,"_zoom":9.136},{"_mousePosition":[683,38