[{"_mousePosition":[906,349],"_rootPartCFrame":[776.031,222.952,47.142,0,-0.003,1,0,1,0.003,-1,0,0],"_humanoidState":8,"_cameraCFrame":[786.189,228.234,47.816,0.066,-0.347,0.935,0,0.937,0.348,-0.998,-0.023,0.062],"_shiftlockState":false,"_pose":"Standing","_animationQueue":[],"_animationSpeed":1,"_zoom":10.864},{"_mousePosition":[879,346],"_rootPartCFrame":[775.785,222.833,47.126,0.009,0,1,0,1,0,-1,0,0.009],"_humanoidState":8,"_cameraCFrame":[785.947,228.115,47.8,0.066,-0.347,0.935,0,0.937,0.348,-0.998,-0.023,0.062],"_shiftlockState":false,"_pose":"Standing","_animationQueue":[],"_animationSpeed":1,"_zoom":10.864},{"_mousePosition":[852,344],"_rootPartCFrame":[775.52,222.673,47.108,0.017,0,1,0,1,0,-1,0,0.017],"_humanoidState":8,"_cameraCFrame":[785.682,227.955,47.782,0.066,-0.347,0.935,0,0.937,0.348,-0.998,-0.023,0.062],"_shiftlockState":false,"_pose":"Running","_animationQueue":[["walk",0.1]],"_animationSpeed":1.066,"_zoom":10.864},{"_mousePosition":[827,343],"_rootPartCFrame":[775.387,222.651,47.099,0.02,0,1,0,1,0,-1,0,0.02],"_humanoidState":8,"_cameraCFrame":[785.549,227.934,47.773,0.066,-0.347,0.935,0,0.937,0.348,-0.998,-0.023,0.062],"_shiftlockState":false,"_pose":"Running","_animationQueue":[],"_animationSpeed":1.066,"_zoom":10.864},{"_mousePosition":[807,345],"_rootPartCFrame":[775.12,222.661,47.082,0.026,0,1,0,1,0,-1,0,0.026],"_humanoidState":8,"_cameraCFrame":[785.283,227.943,47.755,0.066,-0.347,0.935,0,0.937,0.348,-0.998,-0.023,0.062],"_shiftlockState":false,"_pose":"Running","_animationQueue":[],"_animationSpeed":1.066,"_zoom":10.864},{"_mousePosition":[791,351],"_rootPartCFrame":[774.854,222.677,47.064,0.032,0,0.999,0,1,0,-0.999,0,0.032],"_humanoidState":8,"_cameraCFrame":[785.016,227.959,47.738,0.066,-0.347,0.935,0,0.937,0.348,-0.998,-0.023,0.062],"_shiftlockState":false,"_pose":"Running","_animationQueue":[["walk",0.1]],"_animationSpeed":1.066,"_zoom":10.864},{"_mousePosition":[791,351],"_rootPartCFrame":[774.455,222.69,47.038,0.039,0,0.999,0,1,0,-0.999,0,0.039],"_humanoidState":8,"_cameraCFrame":[784.583,228.096,47.486,0.044,-0.359,0.932,0,0.933,0.359,-0.999,-0.016,0.041],"_shiftlockState":false,"_pose":"Running","_animationQueue":[],"_animationSpeed":1.066,"_zoom":10.864},{"_mousePosition":[791,351],"_rootPartCFrame":[774.189,222.695,47.02,0.043,0,0.999,0,1,0,-0.999,0,0.043],"_humanoidState":8,"_cameraCFrame":[784.274,228.222,47.339,0.032,-0.371,0.928,0,0.929,0.371,-0.999,-0.012,0.029],"_shiftlockState":false,"_pose":"Running","_animationQueue":[],"_animationSpeed":1.066,"_zoom":10.864},{"_mousePosition":[791,351],"_rootPartCFrame":[774.056,222.696,47.014,0.043,0,0.999,0,1,0,-0.999,0,0.043],"_humanoidState":8,"_cameraCFrame":[784.04,228.474,47.236,0.022,-0.394,0.919,0,0.919,0.394,-1,-0.009,0.02],"_shiftlockState":false,"_pose":"Running","_animationQueue":[],"_animationSpeed":1.066,"_zoom":10.864},{"_mousePosition":[791,351],"_rootPartCFrame":[773.789,222.698,47.005,0.042,0,0.999,0,1,0,-0.999,0,0.042],"_humanoidState":8,"_cameraCFrame":[783.615,228.828,47.213,0.021,-0.426,0.904,0,0.905,0.426,-1,-0.009,0.019],"_shiftlockState":false,"_pose":"Running","_animationQueue":[],"_animationSpeed":1.066,"_zoom":10.864},{"_mousePosition":[791,351],"_rootPartCFrame":[773.523,222.699,46.999,0.039,0,0.999,0,1,0,-0.999,0,0.039],"_humanoidState":8,"_cameraCFrame":[783.132,229.26,47.263,0.027,-0.466,0.885,0,0.885,0.466,-1,-0.013,0.024],"_shiftlockState":false,"_pose":"Running","_animationQueue":[],"_animationSpeed":1.066,"_zoom":10.864},{"_mousePosition":[791,351],"_rootPartCFrame":[773.256,222.699,46.993,0.037,0,0.999,0,1,0,-0.999,0,0.037],"_humanoidState":8,"_cameraCFrame":[782.584,229.757,47.367,0.04,-0.511,0.859,0,0.859,0.512,-0.999,-0.02,0.034],"_shiftlockState":false,"_pose":"Running","_animationQueue":[],"_animationSpeed":1.066,"_zoom":10.864},{"_mousePosition":[791,351],"_rootPartCFrame":[772.99,222.699,46.986,0.035,0,0.999,0,1,0,-0.999,0,0.035],"_humanoidState":8,"_cameraCFrame":[782.01,230.239,47.413,0.047,-0.555,0.83,0,0.831,0.556,-0.999,-0.026,0.039],"_shiftlockState":false,"_pose":"Running","_animationQueue":[["walk",0.1]],"_animationSpeed":1.066,"_zoom":10.864},{"_mousePosition":[791,351],"_rootPartCFrame":[772.723,222.699,46.975,0.036,0,0.999,0,1,0,-0.999,0,0.036],"_humanoidState":8,"_cameraCFrame":[781.424,230.689,47.433,0.053,-0.597,0.801,0,0.802,0.597,-0.999,-0.031,0.042],"_shiftlockState":false,"_pose":"Running","_animationQueue":[],"_animationSpeed":1.066,"_zoom":10.864},{"_mousePosition":[791,351],"_rootPartCFrame":[772.457,222.7,46.963,0.037,0,0.999,0,1,0,-0.999,0,0.037],"_humanoidState":8,"_cameraCFrame":[780.842,231.09,47.457,0.059,-0.633,0.772,0,0.773,0.634,-0.998,-0.037,0.045],"_shiftlockState":false,"_pose":"Running","_animationQueue":[],"_animationSpeed":1.066,"_zoom":10.864},{"_mousePosition":[791,351],"_rootPartCFrame":[772.19,222.7,46.949,0.039,0,0.999,0,1,0,-0.999,0,0.039],"_humanoidState":8,"_cameraCFrame":[780.201,231.52,47.472,0.065,-0.672,0.737,0,0.739,0.674,-0.998,-0.044,0.048],"_shiftlockState":false,"_pose":"Running","_animationQueue":[],"_animationSpeed":1.066,"_zoom":10.864},{"_mousePosition":[791,351],"_rootPartCFrame":[771.924,222.7,46.933,0.042,0,0.999,0,1,0,-0.999,0,0.042],"_humanoidState":8,"_cameraCFrame":[779.531,231.937,47.478,0.071,-0.71,0.7,0,0.702,0.712,-0.997,-0.051,0.05],"_shiftlockState":false,"_pose":"Running","_animationQueue":[],"_animationSpeed":1.066,"_zoom":10.864},{"_mousePosition":[791,351],"_rootPartCFrame":[771.658,222.7,46.916,0.045,0,0.999,0,1,0,-0.999,0,0.045],"_humanoidState":8,"_cameraCFrame":[778.848,232.326,47.461,0.076,-0.746,0.662,0,0.664,0.748,-0.997,-0.057,0.05],"_shiftlockState":false,"_pose":"Running","_animationQueue":[],"_animationSpeed":1.066,"_zoom":10.864},{"_mousePosition":[791,351],"_rootPartCFrame":[771.392,222.7,46.897,0.048,0,0.999,0,1,0,-0.999,0,0.048],"_humanoidState":8,"_cameraCFrame":[778.082,232.741,47.454,0.083,-0.784,0.616,0,0.618,0.786,-0.997,-0.065,0.051],"_shiftlockState":false,"_pose":"Running","_animationQueue":[["walk",0.1]],"_animationSpeed":1.066,"_zoom":10.864},{"_mousePosition":[791,351],"_rootPartCFrame":[771.126,222.7,46.877,0.052,0,0.999,0,1,0,-0.999,0,0.052],"_humanoidState":8,"_cameraCFrame":[777.426,233.031,47.474,0.094,-0.809,0.58,0,0.582,0.813,-0.996,-0.077,0.055],"_shiftlockState":false,"_pose":"Running","_animationQueue":[],"_animationSpeed":1.066,"_zoom":10.864},{"_mousePosition":[791,351],"_rootPartCFrame":[770.861,222.7,46.855,0.056,0,0.998,0,1,0,-0.998,0,0.056],"_humanoidState":8,"_cameraCFrame":[776.794,233.274,47.55,0.116,-0.83,0.546,0,0.55,0.835,-0.993,-0.097,0.064],"_shiftlockState":false,"_pose":"Running","_animationQueue":[],"_animationSpeed":1.066,"_zoom":10.864},{"_mousePosition":[791,351],"_rootPartCFrame":[770.595,222.7,46.83,0.061,0,0.998,0,1,0,-0.998,0,0.061],"_humanoidState":8,"_cameraCFrame":[776.216,233.462,47.638,0.142,-0.844,0.517,0,0.523,0.853,-0.99,-0.121,0.074],"_shiftlockState":false,"_pose":"Running","_animationQueue":[],"_animationSpeed":1.066,"_zoom":10.864},{"_mousePosition":[791,351],"_rootPartCFrame":[770.33,222.7,46.8,0.068,0,0.998,0,1,0,-0.998,0,0.068],"_humanoidState":8,"_cameraCFrame":[775.671,233.618,47.693,0.165,-0.855,0.492,0,0.498,0.867,-0.986,-0.143,0.082],"_shiftlockState":false,"_pose":"Running","_animationQueue":[],"_animationSpeed":1.066,"_zoom":10.864},{"_mousePosition":[791,351],"_rootPartCFrame":[770.065,222.666,46.769,0.076,0,0.997,0,1,0,-0.997,0,0.076],"_humanoidState":8,"_cameraCFrame":[775.125,233.733,47.713,0.184,-0.866,0.466,0,0.474,0.881,-0.983,-0.162,0.087],"_shiftlockState":false,"_pose":"Running","_animationQueue":[],"_animationSpeed":1.066,"_zoom":10.864},{"_mousePosition":[791,351],"_rootPartCFrame":[769.8,223.528,46.738,0.083,0,0.997,0,1,0,-0.997,0,0.083],"_humanoidState":3,"_cameraCFrame":[774.66,234.698,47.693,0.193,-0.873,0.447,0,0.456,0.89,-0.981,-0.172,0.088],"_shiftlockState":false,"_pose":"Jumping","_animationQueue":[["walk",0.1],["walk",0.1],["jump",0.1]],"_animationSpeed":1,"_zoom":10.864},{"_mousePosition":[791,351],"_rootPartCFrame":[769.538,224.337,46.692,0.094,0,0.996,0,1,0,-0.996,0,0.094],"_humanoidState":5,"_cameraCFrame":[774.199,235.604,47.643,0.2,-0.881,0.429,0,0.438,0.899,-0.98,-0.18,0.088],"_shiftlockState":false,"_pose":"FreeFall","_animationQueue":[["jump",0.1]],"_animationSpeed":1,"_zoom":10.864},{"_mousePosition":[791,351],"_rootPartCFrame":[769.276,225.091,46.641,0.108,0,0.994,0,1,0,-0.994,0,0.108],"_humanoidState":5,"_cameraCFrame":[773.763,236.441,47.572,0.203,-0.888,0.413,0,0.422,0.907,-0.979,-0.184,0.086],"_shiftlockState":false,"_pose":"FreeFall","_animationQueue":[],"_animationSpeed":1,"_zoom":10.864},{"_mousePosition":[791,351],"_rootPartCFrame":[769.015,225.79,46.588,0.12,0,0.993,0,1,0,-0.993,0,0.12],"_humanoidState":5,"_cameraCFrame":[773.28,237.241,47.487,0.206,-0.896,0.393,0,0.401,0.916,-0.979,-0.189,0.083],"_shiftlockState":false,"_pose":"FreeFall","_animationQueue":[],"_animationSpeed":1,"_zoom":10.864},{"_mousePosition":[791,351],"_rootPartCFrame":[768.753,226.435,46.534,0.132,0,0.991,0,1,0,-0.991,0,0.132],"_humanoidState":5,"_cameraCFrame":[772.776,237.989,47.412,0.213,-0.904,0.37,0,0.379,0.925,-0.977,-0.197,0.081],"_shiftlockState":false,"_pose":"FreeFall","_animationQueue":[],"_animationSpeed":1,"_zoom":10.864},{"_mousePosition":[791,351],"_rootPartCFrame":[768.492,227.025,46.479,0.142,0,0.99,0,1,0,-0.99,0,0.142],"_humanoidState":5,"_cameraCFrame":[772.339,238.647,47.361,0.223,-0.908,0.354,0,0.363,0.932,-0.975,-0.208,0.081],"_shiftlockState":false,"_pose":"FreeFall","_animationQueue":[],"_animationSpeed":1,"_zoom":10.864},{"_mousePosition":[791,351],"_rootPartCFrame":[768.167,227.687,46.409,0.154,0,0.988,0,1,0,-0.988,0,0.154],"_humanoidState":5,"_cameraCFrame":[772.013,239.309,47.291,0.223,-0.908,0.354,0,0.363,0.932,-0.975,-0.208,0.081],"_shiftlockState":false,"_pose":"FreeFall","_animationQueue":[],"_animationSpeed":1,"_zoom":10.864},{"_mousePosition":[791,351],"_rootPartCFrame":[767.907,228.155,46.349,0.164,0,0.987,0,1,0,-0.987,0,0.164],"_humanoidState":5,"_cameraCFrame":[771.753,239.776,47.231,0.223,-0.908,0.354,0,0.363,0.932,-0.975,-0.208,0.081],"_shiftlockState":false,"_pose":"FreeFall","_animationQueue":[],"_animationSpeed":1,"_zoom":10.864},{"_mousePosition":[791,351],"_rootPartCFrame":[767.647,228.568,46.29,0.172,0,0.985,0,1,0,-0.985,0,0.172],"_humanoidState":5,"_cameraCFrame":[771.493,240.19,47.172,0.223,-0.908,0.354,0,0.363,0.932,-0.975,-0.208,0.081],"_shiftlockState":false,"_pose":"FreeFall","_animationQueue":[],"_animationSpeed":1,"_zoom":10.864},{"_mousePosition":[791,351],"_rootPartCFrame":[767.452,228.842,46.245,0.177,0,0.984,0,1,0,-0.984,0,0.177],"_humanoidState":5,"_cameraCFrame":[771.298,240.464,47.127,0.223,-0.908,0.354,0,0.363,0.932,-0.975,-0.208,0.081],"_shiftlockState":false,"_pose":"FreeFall","_animationQueue":[],"_animationSpeed":1,"_zoom":10.864},{"_mousePosition":[791,351],"_rootPartCFrame":[767.192,229.16,46.185,0.184,0,0.983,0,1,0,-0.983,0,0.184],"_humanoidState":5,"_cameraCFrame":[771.038,240.782,47.067,0.223,-0.908,0.354,0,0.363,0.932,-0.975,-0.208,0.081],"_shiftlockState":false,"_pose":"FreeFall","_animationQueue":[],"_animationSpeed":1,"_zoom":10.864},{"_mousePosition":[791,351],"_rootPartCFrame":[766.932,229.423,46.126,0.19,0,0.982,0,1,0,-0.982,0,0.19],"_humanoidState":5,"_cameraCFrame":[770.778,241.045,47.008,0.223,-0.908,0.354,0,0.363,0.932,-0.975,-0.208,0.081],"_shiftlockState":false,"_pose":"FreeFall","_animationQueue":[],"_animationSpeed":1,"_zoom":10.864},{"_mousePosition":[791,351],"_rootPartCFrame":[766.672,229.632,46.066,0.194,0,0.981,0,1,0,-0.981,0,0.194],"_humanoidState":5,"_cameraCFrame":[770.518,241.254,46.948,0.223,-0.908,0.354,0,0.363,0.932,-0.975,-0.208,0.081],"_shiftlockState":false,"_pose":"FreeFall","_animationQueue":[],"_animationSpeed":1,"_zoom":10.864},{"_mousePosition":[791,351],"_rootPartCFrame":[766.477,229.753,46.022,0.197,0,0.98,0,1,0,-0.98,0,0.197],"_humanoidState":5,"_cameraCFrame":[770.323,241.375,46.904,0.223,-0.908,0.354,0,0.363,0.932,-0.975,-0.208,0.081],"_shiftlockState":false,"_pose":"FreeFall","_animationQueue":[],"_animationSpeed":1,"_zoom":10.864},{"_mousePosition":[791,351],"_rootPartCFrame":[766.152,229.887,45.947,0.202,0,0.979,0,1,0,-0.979,0,0.202],"_humanoidState":5,"_cameraCFrame":[769.998,241.508,46.829,0.223,-0.908,0.354,0,0.363,0.932,-0.975,-0.208,0.081],"_shiftlockState":false,"_pose":"FreeFall","_animationQueue":[],"_animationSpeed":1,"_zoom":10.864},{"_mousePosition":[791,351],"_rootPartCFrame":[765.892,229.932,45.887,0.205,0,0.979,0,1,0,-0.979,0,0.205],"_humanoidState":5,"_cameraCFrame":[770.129,241.554,45.064,0.223,-0.908,0.354,0,0.363,0.932,-0.975,-0.208,0.081],"_shiftlockState":true,"_pose":"FreeFall","_animationQueue":[],"_animationSpeed":1,"_zoom":10.864},{"_mousePosition":[683,352.5],"_rootPartCFrame":[765.632,229.923,45.828,0.224,0,0.974,0,1,0,-0.974,0,0.224],"_humanoidState":5,"_cameraCFrame":[769.869,241.545,45.004,0.223,-0.908,0.354,0,0.363,0.932,-0.975,-0.208,0.081],"_shiftlockState":true,"_pose":"FreeFall","_animationQueue":[],"_animationSpeed":1,"_zoom":10.864},{"_mousePosition":[683,352.5],"_rootPartCFrame":[765.372,229.859,45.768,0.224,0,0.975,0,1,0,-0.975,0,0.224],"_humanoidState":5,"_cameraCFrame":[769.618,241.465,44.806,0.19,-0.913,0.36,0,0.367,0.93,-0.982,-0.176,0.07],"_shiftlockState":true,"_pose":"FreeFall","_animationQueue":[],"_animationSpeed":1,"_zoom":10.864},{"_mousePosition":[683,352.5],"_rootPartCFrame":[765.112,229.741,45.709,0.193,0,0.981,0,1,0,-0.981,0,0.193],"_humanoidState":5,"_cameraCFrame":[769.265,241.366,44.558,0.147,-0.922,0.359,0,0.363,0.932,-0.989,-0.137,0.053],"_shiftlockState":true,"_pose":"FreeFall","_animationQueue":[],"_animationSpeed":1,"_zoom":10.864},{"_mousePosition":[683,352.5],"_rootPartCFrame":[764.85,229.568,45.657,0.153,0,0.988,0,1,0,-0.988,0,0.153],"_humanoidState":5,"_cameraCFrame":[768.855,241.237,44.376,0.119,-0.929,0.349,0,0.352,0.936,-0.993,-0.112,0.042],"_shiftlockState":true,"_pose":"FreeFall","_animationQueue":[["fall",0.3]],"_animationSpeed":1,"_zoom":10.864},{"_mousePosition":[683,352.5],"_rootPartCFrame":[764.587,229.341,45.616,0.124,0,0.992,0,1,0,-0.992,0,0.124],"_humanoidState":5,"_cameraCFrame":[768.439,241.05,44.188,0.085,-0.936,0.341,0,0.342,0.94,-0.996,-0.08,0.029],"_shiftlockState":true,"_pose":"FreeFall","_animationQueue":[],"_animationSpeed":1,"_zoom":10.864},{"_mousePosition":[683,352.5],"_rootPartCFrame":[764.322,229.06,45.583,0.089,0,0.996,0,1,0,-0.996,0,0.089],"_humanoidState":5,"_cameraCFrame":[768.068,240.789,44.028,0.053,-0.94,0.336,0,0.337,0.942,-0.999,-0.05,0.018],"_shiftlockState":true,"_pose":"FreeFall","_animationQueue":[],"_animationSpeed":1,"_zoom":10.864},{"_mousePosition":[683,352.5],"_rootPartCFrame":[764.056,228.724,45.559,0.057,0,0.998,0,1,0,-0.998,0,0.057],"_humanoidState":5,"_cameraCFrame":[767.704,240.47,43.889,0.022,-0.943,0.332,0,0.332,0.943,-1,-0.021,0.007],"_shiftlockState":true,"_pose":"FreeFall","_animationQueue":[],"_animationSpeed":1,"_zoom":10.864},{"_mousePosition":[683,352.5],"_rootPartCFrame":[763.79,228.333,45.543,0.026,0,1,0,1,0,-1,0,0.026],"_humanoidState":5,"_cameraCFrame":[767.371,240.091,43.802,0.002,-0.944,0.329,0,0.329,0.944,-1,-0.002,0.001],"_shiftlockState":true,"_pose":"FreeFall","_animationQueue":[],"_animationSpeed":1,"_zoom":10.864},{"_mousePosition":[683,352.5],"_rootPartCFrame":[763.524,227.888,45.536,0.005,0,1,0,1,0,-1,0,0.005],"_humanoidState":5,"_cameraCFrame":[767.055,239.658,43.761,-0.007,-0.945,0.326,0,0.326,0.945,-1,0.007,-0.002],"_shiftlockState":true,"_pose":"FreeFall","_animationQueue":[],"_animationSpeed":1,"_zoom":10.864},{"_mousePosition":[683,352.5],"_rootPartCFrame":[763.257,227.388,45.535,-0.005,0,1,0,1,0,-1,0,-0.005],"_humanoidState":5,"_cameraCFrame":[766.788,239.158,43.76,-0.007,-0.945,0.326,0,0.326,0.945,-1,0.007,-0.002],"_shiftlockState":true,"_pose":"FreeFall","_animationQueue":[["fall",0.3]],"_animationSpeed":1,"_zoom":10.864},{"_mousePosition":[683,352.5],"_rootPartCFrame":[762.99,226.834,45.536,-0.007,0,1,0,1,0,-1,0,-0.007],"_humanoidState":5,"_cameraCFrame":[766.522,238.604,43.761,-0.007,-0.945,0.326,0,0.326,0.945,-1,0.007,-0.002],"_shiftlockState":true,"_pose":"FreeFall","_animationQueue":[],"_animationSpeed":1,"_zoom":10.864},{"_mousePosition":[683,352.5],"_rootPartCFrame":[762.724,226.226,45.538,-0.007,0,1,0,1,0,-1,0,-0.007],"_humanoidState":5,"_cameraCFrame":[766.255,237.995,43.763,-0.007,-0.945,0.326,0,0.326,0.945,-1,0.007,-0.002],"_shiftlockState":true,"_pose":"FreeFall","_animationQueue":[],"_animationSpeed":1,"_zoom":10.864},{"_mousePosition":[683,352.5],"_rootPartCFrame":[762.457,225.563,45.54,-0.007,0,1,0,1,0,-1,0,-0.007],"_humanoidState":5,"_cameraCFrame":[765.988,237.332,43.765,-0.007,-0.945,0.326,0,0.326,0.945,-1,0.007,-0.002],"_shiftlockState":true,"_pose":"FreeFall","_animationQueue":[],"_animationSpeed":1,"_zoom":10.864},{"_mousePosition":[683,352.5],"_rootPartCFrame":[762.191,224.845,45.542,-0.007,0,1,0,1,0,-1,0,-0.007],"_humanoidState":5,"_cameraCFrame":[765.722,236.615,43.767,-0.007,-0.945,0.326,0,0.326,0.945,-1,0.007,-0.002],"_shiftlockState":true,"_pose":"FreeFall","_animationQueue":[],"_animationSpeed":1,"_zoom":10.864},{"_mousePosition":[683,352.5],"_rootPartCFrame":[761.924,224.073,45.544,-0.007,0,1,0,1,0,-1,0,-0.007],"_humanoidState":5,"_cameraCFrame":[765.455,235.843,43.769,-0.007,-0.945,0.326,0,0.326,0.945,-1,0.007,-0.002],"_shiftlockState":true,"_pose":"FreeFall","_animationQueue":[],"_animationSpeed":1,"_zoom":10.864},{"_mousePosition":[683,352.5],"_rootPartCFrame":[761.657,223.246,45.546,-0.007,0,1,0,1,0,-1,0,-0.007],"_humanoidState":5,"_cameraCFrame":[765.18,235.019,43.771,-0.007,-0.946,0.325,0,0.325,0.946,-1,0.007,-0.002],"_shiftlockState":true,"_pose":"FreeFall","_animationQueue":[],"_animationSpeed":1,"_zoom":10.864},{"_mousePosition":[683,352.5],"_rootPartCFrame":[761.391,222.365,45.548,-0.007,0,1,0,1,0,-1,0,-0.007],"_humanoidState":5,"_cameraCFrame":[764.91,234.144,43.799,0,-0.946,0.324,0,0.324,0.946,-1,0,0],"_shiftlockState":true,"_pose":"FreeFall","_animationQueue":[["fall",0.3]],"_animationSpeed":1,"_zoom":10.864},{"_mousePosition":[683,352.5],"_rootPartCFrame":[761.124,222.261,45.55,0,0,1,0,1,0,-1,0,0],"_humanoidState":7,"_cameraCFrame":[764.638,234.048,43.841,0.012,-0.947,0.322,0,0.322,0.947,-1,-0.011,0.004],"_shiftlockState":true,"_pose":"FreeFall","_animationQueue":[["walk",0.1],["fall",0.3],["fall",0.3]],"_animationSpeed":1,"_zoom":10.864},{"_mousePosition":[683,352.5],"_rootPartCFrame":[760.858,222.42,45.55,0.012,0,1,0,1,0,-1,0,0.012],"_humanoidState":7,"_cameraCFrame":[764.37,234.215,43.888,0.025,-0.947,0.319,0,0.319,0.948,-1,-0.024,0.008],"_shiftlockState":true,"_pose":"FreeFall","_animationQueue":[],"_animationSpeed":1,"_zoom":10.864},{"_mousePosition":[683,352.5],"_rootPartCFrame":[760.591,222.515,45.547,0.025,0,1,0,1,0,-1,0,0.025],"_humanoidState":8,"_cameraCFrame":[764.111,234.319,43.955,0.045,-0.947,0.317,0,0.317,0.948,-0.999,-0.043,0.014],"_shiftlockState":true,"_pose":"Running","_animationQueue":[["walk",0.1],["fall",0.3],["walk",0.1]],"_animationSpeed":1.103,"_zoom":10.864},{"_mousePosition":[683,352.5],"_rootPartCFrame":[760.324,222.539,45.541,0.045,0,0.999,0,1,0,-0.999,0,0.045],"_humanoidState":8,"_cameraCFrame":[763.84,234.353,44.013,0.064,-0.947,0.313,0,0.314,0.949,-0.998,-0.061,0.02],"_shiftlockState":true,"_pose":"Running","_animationQueue":[],"_animationSpeed":1.103,"_zoom":10.864},{"_mousePosition":[683,352.5],"_rootPartCFrame":[760.058,222.498,45.529,0.064,0,0.998,0,1,0,-0.998,0,0.064],"_humanoidState":8,"_cameraCFrame":[763.564,234.324,44.054,0.08,-0.947,0.31,0,0.311,0.95,-0.997,-0.076,0.025],"_shiftlockState":true,"_pose":"Running","_animationQueue":[],"_animationSpeed":1.103,"_zoom":10.864},{"_mousePosition":[683,352.5],"_rootPartCFrame":[759.792,222.404,45.512,0.08,0,0.997,0,1,0,-0.997,0,0.08],"_humanoidState":8,"_cameraCFrame":[763.291,234.235,44.058,0.086,-0.947,0.308,0,0.309,0.951,-0.996,-0.082,0.027],"_shiftlockState":true,"_pose":"Running","_animationQueue":[["walk",0.1]],"_animationSpeed":1.103,"_zoom":10.864},{"_mousePosition":[683,352.5],"_rootPartCFrame":[759.526,222.255,45.491,0.086,0,0.996,0,1,0,-0.996,0,0.086],"_humanoidState":8,"_cameraCFrame":[763.015,234.088,44.033,0.085,-0.948,0.307,0,0.309,0.951,-0.996,-0.081,0.026],"_shiftlockState":true,"_pose":"Running","_animationQueue":[],"_animationSpeed":1.103,"_zoom":10.864},{"_mousePosition":[683,352.5],"_rootPartCFrame":[759.26,222.138,45.469,0.085,0,0.996,0,1,0,-0.996,0,0.085],"_humanoidState":8,"_cameraCFrame":[762.696,233.983,43.96,0.071,-0.95,0.305,0,0.306,0.952,-0.997,-0.068,0.022],"_shiftlockState":true,"_pose":"Running","_animationQueue":[],"_animationSpeed":1.103,"_zoom":10.864},{"_mousePosition":[683,352.5],"_rootPartCFrame":[758.995,222.097,45.446,0.071,0,0.997,0,1,0,-0.997,0,0.071],"_humanoidState":8,"_cameraCFrame":[762.323,233.958,43.811,0.035,-0.953,0.301,0,0.301,0.954,-0.999,-0.033,0.01],"_shiftlockState":true,"_pose":"Running","_animationQueue":[],"_animationSpeed":1.103,"_zoom":10.864},{"_mousePosition":[683,352.5],"_rootPartCFrame":[758.729,222.044,45.427,0.035,0,0.999,0,1,0,-0.999,0,0.035],"_humanoidState":8,"_cameraCFrame":[761.889,233.923,43.587,-0.028,-0.955,0.295,0,0.296,0.955,-1,0.027,-0.008],"_shiftlockState":true,"_pose":"Running","_animationQueue":[],"_animationSpeed":1.103,"_zoom":10.864},{"_mousePosition":[683,352.5],"_rootPartCFrame":[758.524,221.936,45.28,-0.028,0,1,0,1,0,-1,0,-0.028],"_humanoidState":8,"_cameraCFrame":[761.478,233.83,43.201,-0.107,-0.951,0.289,0,0.291,0.957,-0.994,0.103,-0.031],"_shiftlockState":true,"_pose":"Running","_animationQueue":[],"_animationSpeed":1.103,"_zoom":10.864},{"_mousePosition":[683,352.5],"_rootPartCFrame":[758.33,221.843,45.097,-0.107,0,0.994,0,1,0,-0.994,0,-0.107],"_humanoidState":8,"_cameraCFrame":[760.985,233.747,42.691,-0.224,-0.933,0.28,0,0.288,0.958,-0.975,0.215,-0.064],"_shiftlockState":true,"_pose":"Running","_animationQueue":[["walk",0.1]],"_animationSpeed":1.103,"_zoom":10.864},{"_mousePosition":[683,352.5],"_rootPartCFrame":[758.124,221.765,44.928,-0.231,0,0.973,0,1,0,-0.973,0,-0.231],"_humanoidState":8,"_cameraCFrame":[760.37,233.669,42.137,-0.374,-0.888,0.267,0,0.288,0.958,-0.928,0.358,-0.108],"_shiftlockState":true,"_pose":"Running","_animationQueue":[],"_animationSpeed":1.103,"_zoom":10.864},{"_mousePosition":[683,352.5],"_rootPartCFrame":[757.899,221.691,44.785,-0.383,0,0.924,0,1,0,-0.924,0,-0.383],"_humanoidState":8,"_cameraCFrame":[759.666,233.573,41.592,-0.536,-0.807,0.249,0,0.295,0.956,-0.844,0.512,-0.158],"_shiftlockState":true,"_pose":"Running","_animationQueue":[],"_animationSpeed":1.103,"_zoom":10.864},{"_mousePosition":[683,352.5],"_rootPartCFrame":[757.722,221.613,44.437,-0.55,0,0.835,0,1,0,-0.835,0,-0.55],"_humanoidState":8,"_cameraCFrame":[758.999,233.482,40.979,-0.661,-0.716,0.224,0,0.299,0.954,-0.75,0.631,-0.197],"_shiftlockState":true,"_pose":"Running","_animationQueue":[],"_animationSpeed":1.103,"_zoom":10.864},{"_mousePosition":[683,352.5],"_rootPartCFrame":[757.586,221.562,44.208,-0.669,0,0.744,0,1,0,-0.744,0,-0.669],"_humanoidState":8,"_cameraCFrame":[758.4,233.42,40.583,-0.758,-0.622,0.197,0,0.302,0.953,-0.653,0.722,-0.229],"_shiftlockState":true,"_pose":"Running","_animationQueue":[],"_animationSpeed":1.103,"_zoom":10.864},{"_mousePosition":[683,352.5],"_rootPartCFrame":[757.458,221.494,44.055,-0.762,0,0.648,0,1,0,-0.648,0,-0.762],"_humanoidState":8,"_cameraCFrame":[757.833,233.331,40.299,-0.836,-0.523,0.169,0,0.308,0.951,-0.549,0.795,-0.257],"_shiftlockState":true,"_pose":"Running","_animationQueue":[],"_animationSpeed":1.103,"_zoom":10.864},{"_mousePosition":[683,352.5],"_rootPartCFrame":[757.282,221.375,43.854,-0.84,0,0.542,0,1,0,-0.542,0,-0.84],"_humanoidState":8,"_cameraCFrame":[757.259,233.173,39.976,-0.895,-0.423,0.142,0,0.319,0.948,-0.446,0.849,-0.285],"_shiftlockState":true,"_pose":"Running","_animationQueue":[],"_animationSpeed":1.103,"_zoom":10.864},{"_mousePosition":[683,352.5],"_rootPartCFrame":[757.062,222.445,43.604,-0.9,0,0.436,0,1,0,-0.436,0,-0.9],"_humanoidState":3,"_cameraCFrame":[756.715,234.203,39.637,-0.933,-0.34,0.118,0,0.329,0.944,-0.36,0.881,-0.307],"_shiftlockState":true,"_pose":"Jumping","_animationQueue":[["walk",0.1],["walk",0.1],["jump",0.1]],"_animationSpeed":1,"_zoom":10.864},{"_mousePosition":[683,352.5],"_rootPartCFrame":[756.921,223.046,43.466,-0.91,0,0.415,0,1,0,-0.415,0,-0.91],"_humanoidState":5,"_cameraCFrame":[756.285,234.778,39.467,-0.958,-0.269,0.096,0,0.336,0.942,-0.285,0.903,-0.322],"_shiftlockState":true,"_pose":"FreeFall","_animationQueue":[["jump",0.1]],"_animationSpeed":1,"_zoom":10.864},{"_mousePosition":[683,352.5],"_rootPartCFrame":[756.712,223.8,43.31,-0.916,0,0.402,0,1,0,-0.402,0,-0.916],"_humanoidState":5,"_cameraCFrame":[755.85,235.502,39.278,-0.974,-0.212,0.078,0,0.344,0.939,-0.226,0.915,-0.335],"_shiftlockState":true,"_pose":"FreeFall","_animationQueue":[],"_animationSpeed":1,"_zoom":10.864},{"_mousePosition":[683,352.5],"_rootPartCFrame":[756.483,224.499,43.188,-0.936,0,0.352,0,1,0,-0.352,0,-0.936],"_humanoidState":5,"_cameraCFrame":[755.429,236.171,39.125,-0.985,-0.164,0.062,0,0.351,0.936,-0.175,0.922,-0.346],"_shiftlockState":true,"_pose":"FreeFall","_animationQueue":[],"_animationSpeed":1,"_zoom":10.864},{"_mousePosition":[683,352.5],"_rootPartCFrame":[756.189,225.297,43.089,-0.948,0,0.317,0,1,0,-0.317,0,-0.948],"_humanoidState":5,"_cameraCFrame":[755.003,236.938,38.984,-0.99,-0.131,0.05,0,0.359,0.933,-0.14,0.924,-0.355],"_shiftlockState":true,"_pose":"FreeFall","_animationQueue":[],"_animationSpeed":1,"_zoom":10.864},{"_mousePosition":[683,352.5],"_rootPartCFrame":[755.957,225.874,43.054,-0.969,0,0.248,0,1,0,-0.248,0,-0.969],"_humanoidState":5,"_cameraCFrame":[754.638,237.467,38.873,-0.994,-0.097,0.039,0,0.37,0.929,-0.105,0.924,-0.368],"_shiftlockState":true,"_pose":"FreeFall","_animationQueue":[],"_animationSpeed":1,"_zoom":10.864},{"_mousePosition":[683,352.5],"_rootPartCFrame":[755.785,226.27,43.054,-0.983,0,0.186,0,1,0,-0.186,0,-0.983],"_humanoidState":5,"_cameraCFrame":[754.339,237.79,38.741,-0.997,-0.066,0.028,0,0.386,0.922,-0.071,0.92,-0.385],"_shiftlockState":true,"_pose":"FreeFall","_animationQueue":[],"_animationSpeed":1,"_zoom":10.864},{"_mousePosition":[683,352.5],"_rootPartCFrame":[755.56,226.752,43.088,-0.984,0,0.18,0,1,0,-0.18,0,-0.984],"_humanoidState":5,"_cameraCFrame":[754.001,238.189,38.625,-0.999,-0.039,0.017,0,0.404,0.915,-0.043,0.914,-0.404],"_shiftlockState":true,"_pose":"FreeFall","_animationQueue":[],"_animationSpeed":1,"_zoom":10.864},{"_mousePosition":[683,352.5],"_rootPartCFrame":[755.341,227.179,43.162,-0.988,0,0.151,0,1,0,-0.151,0,-0.988],"_humanoidState":5,"_cameraCFrame":[753.712,238.529,38.534,-1,-0.024,0.011,0,0.422,0.907,-0.026,0.906,-0.422],"_shiftlockState":true,"_pose":"FreeFall","_animationQueue":[],"_animationSpeed":1,"_zoom":10.864},{"_mousePosition":[683,352.5],"_rootPartCFrame":[755.129,227.551,43.274,-0.991,0,0.133,0,1,0,-0.133,0,-0.991],"_humanoidState":5,"_cameraCFrame":[753.48,238.83,38.505,-1,-0.019,0.009,0,0.436,0.9,-0.021,0.9,-0.436],"_shiftlockState":true,"_pose":"FreeFall","_animationQueue":[],"_animationSpeed":1,"_zoom":10.864},{"_mousePosition":[683,352.5],"_rootPartCFrame":[754.927,227.869,43.425,-0.992,0,0.127,0,1,0,-0.127,0,-0.992],"_humanoidState":5,"_cameraCFrame":[753.27,239.094,38.549,-1,-0.017,0.009,0,0.446,0.895,-0.019,0.895,-0.446],"_shiftlockState":true,"_pose":"FreeFall","_animationQueue":[],"_animationSpeed":1,"_zoom":10.864},{"_mousePosition":[683,352.5],"_rootPartCFrame":[754.734,228.132,43.606,-0.992,0,0.124,0,1,0,-0.124,0,-0.992],"_humanoidState":5,"_cameraCFrame":[753.058,239.298,38.62,-1,-0.013,0.007,0,0.457,0.89,-0.015,0.89,-0.457],"_shiftlockState":true,"_pose":"FreeFall","_animationQueue":[],"_animationSpeed":1,"_zoom":10.864},{"_mousePosition":[683,352.5],"_rootPartCFrame":[754.542,228.341,43.791,-0.993,0,0.12,0,1,0,-0.12,0,-0.993],"_humanoidState":5,"_cameraCFrame":[752.814,239.43,38.675,-1,-0.004,0.002,0,0.47,0.883,-0.004,0.883,-0.47],"_shiftlockState":true,"_pose":"FreeFall","_animationQueue":[],"_animationSpeed":1,"_zoom":10.864},{"_mousePosition":[683,352.5],"_rootPartCFrame":[754.35,228.496,43.976,-1,0,-0.014,0,1,0,0.014,0,-1],"_humanoidState":5,"_cameraCFrame":[752.524,239.495,38.73,-1,0.013,-0.007,0,0.485,0.874,0.014,0.874,-0.485],"_shiftlockState":true,"_pose":"FreeFall","_animationQueue":[],"_animationSpeed":1,"_zoom":10.864},{"_mousePosition":[683,352.5],"_rootPartCFrame":[754.163,228.596,44.166,-0.996,0,0.091,0,1,0,-0.091,0,-0.996],"_humanoidState":5,"_cameraCFrame":[752.337,239.595,38.92,-1,0.013,-0.007,0,0.485,0.874,0.014,0.874,-0.485],"_shiftlockState":true,"_pose":"FreeFall","_animationQueue":[],"_animationSpeed":1,"_zoom":10.864},{"_mousePosition":[683,352.5],"_rootPartCFrame":[753.978,228.641,44.358,-0.996,0,0.09,0,1,0,-0.09,0,-0.996],"_humanoidState":5,"_cameraCFrame":[752.152,239.64,39.112,-1,0.013,-0.007,0,0.485,0.874,0.014,0.874,-0.485],"_shiftlockState":true,"_pose":"FreeFall","_animationQueue":[],"_animationSpeed":1,"_zoom":10.864},{"_mousePosition":[683,352.5],"_rootPartCFrame":[753.792,228.632,44.549,-0.996,0,0.09,0,1,0,-0.09,0,-0.996],"_humanoidState":5,"_cameraCFrame":[751.966,239.631,39.303,-1,0.013,-0.007,0,0.485,0.874,0.014,0.874,-0.485],"_shiftlockState":true,"_pose":"FreeFall","_animationQueue":[["fall",0.3]],"_animationSpeed":1,"_zoom":10.864},{"_mousePosition":[683,352.5],"_rootPartCFrame":[753.606,228.569,44.74,-0.996,0,0.09,0,1,0,-0.09,0,-0.996],"_humanoidState":5,"_cameraCFrame":[751.78,239.568,39.494,-1,0.013,-0.007,0,0.485,0.874,0.014,0.874,-0.485],"_shiftlockState":true,"_pose":"FreeFall","_animationQueue":[],"_animationSpeed":1,"_zoom":10.864},{"_mousePosition":[683,352.5],"_rootPartCFrame":[753.467,228.485,44.884,-0.998,0,0.064,0,1,0,-0.064,0,-0.998],"_humanoidState":5,"_cameraCFrame":[751.641,239.484,39.638,-1,0.013,-0.007,0,0.485,0.874,0.014,0.874,-0.485],"_shiftlockState":true,"_pose":"FreeFall","_animationQueue":[],"_animationSpeed":1,"_zoom":10.864},{"_mousePosition":[683,352.5],"_rootPartCFrame":[753.234,228.278,45.123,-0.993,0,0.116,0,1,0,-0.116,0,-0.993],"_humanoidState":5,"_cameraCFrame":[751.408,239.277,39.877,-1,0.013,-0.007,0,0.485,0.874,0.014,0.874,-0.485],"_shiftlockState":true,"_pose":"FreeFall","_animationQueue":[],"_animationSpeed":1,"_zoom":10.864},{"_mousePosition":[683,352.5],"_rootPartCFrame":[753.066,228.409,45.296,-1,0,0.018,0,1,0,-0.018,0,-1],"_humanoidState":12,"_cameraCFrame":[751.24,239.408,40.05,-1,0.013,-0.007,0,0.485,0.874,0.014,0.874,-0.485],"_shiftlockState":true,"_pose":"Climbing","_animationQueue":[["walk",0.1],["fall",0.3],["climb",0.1],["climb",0]],"_animationSpeed":-0.965,"_zoom":10.864},{"_mousePosition":[683,352.5],"_rootPartCFrame":[752.925,228.594,45.441,-1,0,-0.011,0,1,0,0.011,0,-1],"_humanoidState":12,"_cameraCFrame":[751.099,239.593,40.195,-1,0.013,-0.007,0,0.485,0.874,0.014,0.874,-0.485],"_shiftlockState":true,"_pose":"Climbing","_animationQueue":[["climb",0.1],["climb",0]],"_animationSpeed":0.896,"_zoom":10.864},{"_mousePosition":[683,352.5],"_rootPartCFrame":[752.812,228.781,45.558,-1,0,-0.014,0,1,0,0.014,0,-1],"_humanoidState":12,"_cameraCFrame":[750.986,239.78,40.312,-1,0.013,-0.007,0,0.485,0.874,0.014,0.874,-0.485],"_shiftlockState":true,"_pose":"Climbing","_animationQueue":[],"_animationSpeed":0.896,"_zoom":10.864},{"_mousePosition":[683,352.5],"_rootPartCFrame":[752.726,228.967,45.646,-1,0,-0.014,0,1,0,0.014,0,-1],"_humanoidState":12,"_cameraCFrame":[750.9,239.967,40.4,-1,0.013,-0.007,0,0.485,0.874,0.014,0.874,-0.485],"_shiftlockState":true,"_pose":"Climbing","_animationQueue":[],"_animationSpeed":0.896,"_zoom":10.864},{"_mousePosition":[683,352.5],"_rootPartCFrame":[752.669,229.154,45.705,-1,0,-0.014,0,1,0,0.014,0,-1],"_humanoidState":12,"_cameraCFrame":[750.843,240.153,40.459,-1,0.013,-0.007,0,0.485,0.874,0.014,0.874,-0.485],"_shiftlockState":true,"_pose":"Climbing","_animationQueue":[],"_animationSpeed":0.896,"_zoom":10.864},{"_mousePosition":[683,352.5],"_rootPartCFrame":[752.643,229.294,45.731,-1,0,-0.014,0,1,0,0.014,0,-1],"_humanoidState":12,"_cameraCFrame":[750.817,240.293,40.485,-1,0.013,-0.007,0,0.485,0.874,0.014,0.874,-0.485],"_shiftlockState":true,"_pose":"Climbing","_animationQueue":[],"_animationSpeed":0.896,"_zoom":10.864},{"_mousePosition":[683,352.5],"_rootPartCFrame":[752.633,229.527,45.742,-1,0,-0.014,0,1,0,0.014,0,-1],"_humanoidState":12,"_cameraCFrame":[750.807,240.527,40.496,-1,0.013,-0.007,0,0.485,0.874,0.014,0.874,-0.485],"_shiftlockState":true,"_pose":"Climbing","_animationQueue":[],"_animationSpeed":0.896,"_zoom":10.864},{"_mousePosition":[683,352.5],"_rootPartCFrame":[752.633,229.667,45.742,-1,0,-0.014,0,1,0,0.014,0,-1],"_humanoidState":12,"_cameraCFrame":[750.807,240.667,40.496,-1,0.013,-0.007,0,0.485,0.874,0.014,0.874,-0.485],"_shiftlockState":true,"_pose":"Climbing","_animationQueue":[],"_animationSpeed":0.896,"_zoom":10.864},{"_mousePosition":[683,352.5],"_rootPartCFrame":[752.633,229.854,45.742,-1,0,-0.014,0,1,0,0.014,0,-1],"_humanoidState":12,"_cameraCFrame":[750.807,240.853,40.496,-1,0.013,-0.007,0,0.485,0.874,0.014,0.874,-0.485],"_shiftlockState":true,"_pose":"Climbing","_animationQueue":[],"_animationSpeed":0.896,"_zoom":10.864},{"_mousePosition":[683,352.5],"_rootPartCFrame":[752.633,230.087,45.742,-1,0,-0.014,0,1,0,0.014,0,-1],"_humanoidState":12,"_cameraCFrame":[750.807,241.087,40.496,-1,0.013,-0.007,0,0.485,0.874,0.014,0.874,-0.485],"_shiftlockState":true,"_pose":"Climbing","_animationQueue":[],"_animationSpeed":0.896,"_zoom":10.864},{"_mousePosition":[683,352.5],"_rootPartCFrame":[752.633,230.227,45.742,-1,0,-0.014,0,1,0,0.014,0,-1],"_humanoidState":12,"_cameraCFrame":[750.807,241.227,40.496,-1,0.013,-0.007,0,0.485,0.874,0.014,0.874,-0.485],"_shiftlockState":true,"_pose":"Climbing","_animationQueue":[],"_animationSpeed":0.896,"_zoom":10.864},{"_mousePosition":[683,352.5],"_rootPartCFrame":[752.633,230.414,45.742,-1,0,-0.014,0,1,0,0.014,0,-1],"_humanoidState":12,"_cameraCFrame":[750.807,241.413,40.496,-1,0.013,-0.007,0,0.485,0.874,0.014,0.874,-0.485],"_shiftlockState":true,"_pose":"Climbing","_animationQueue":[],"_animationSpeed":0.896,"_zoom":10.864},{"_mousePosition":[683,352.5],"_rootPartCFrame":[752.633,230.647,45.742,-1,0,-0.014,0,1,0,0.014,0,-1],"_humanoidState":12,"_cameraCFrame":[750.807,241.646,40.496,-1,0.013,-0.007,0,0.485,0.874,0.014,0.874,-0.485],"_shiftlockState":true,"_pose":"Climbing","_animationQueue":[],"_animationSpeed":0.896,"_zoom":10.864},{"_mousePosition":[683,352.5],"_rootPartCFrame":[752.633,230.834,45.742,-1,0,-0.014,0,1,0,0.014,0,-1],"_humanoidState":12,"_cameraCFrame":[750.807,241.833,40.496,-1,0.013,-0.007,0,0.485,0.874,0.014,0.874,-0.485],"_shiftlockState":true,"_pose":"Climbing","_animationQueue":[],"_animationSpeed":0.896,"_zoom":10.864},{"_mousePosition":[683,352.5],"_rootPartCFrame":[752.632,230.963,45.732,-1,-0.005,-0.007,-0.005,1,-0.014,0.007,-0.014,-1],"_humanoidState":12,"_cameraCFrame":[750.798,241.962,40.465,-1,0.013,-0.007,0,0.485,0.874,0.014,0.874,-0.485],"_shiftlockState":true,"_pose":"Climbing","_animationQueue":[],"_animationSpeed":0.896,"_zoom":10.864},{"_mousePosition":[683,352.5],"_rootPartCFrame":[752.633,231.162,45.709,-1,-0.006,-0.002,-0.006,0.999,-0.053,0.003,-0.053,-0.999],"_humanoidState":12,"_cameraCFrame":[750.799,242.159,40.384,-1,0.013,-0.007,0,0.485,0.874,0.014,0.874,-0.485],"_shiftlockState":true,"_pose":"Climbing","_animationQueue":[["climb",0.1]],"_animationSpeed":0.715,"_zoom":10.864},{"_mousePosition":[683,352.5],"_rootPartCFrame":[752.633,231.308,45.677,-1,-0.009,0.006,-0.009,0.997,-0.078,-0.006,-0.078,-0.997],"_humanoidState":12,"_cameraCFrame":[750.794,242.303,40.314,-1,0.013,-0.007,0,0.485,0.874,0.014,0.874,-0.485],"_shiftlockState":true,"_pose":"Climbing","_animationQueue":[],"_animationSpeed":0.715,"_zoom":10.864},{"_mousePosition":[683,352.5],"_rootPartCFrame":[752.633,231.447,45.635,-1,-0.007,0,-0.007,0.995,-0.097,0,-0.097,-0.995],"_humanoidState":12,"_cameraCFrame":[750.795,242.439,40.243,-1,0.013,-0.007,0,0.485,0.874,0.014,0.874,-0.485],"_shiftlockState":true,"_pose":"Climbing","_animationQueue":[],"_animationSpeed":0.715,"_zoom":10.864},{"_mousePosition":[683,352.5],"_rootPartCFrame":[752.631,231.579,45.549,-1,-0.007,0.001,-0.007,0.995,-0.1,0,-0.1,-0.995],"_humanoidState":12,"_cameraCFrame":[750.795,242.571,40.153,-1,0.013,-0.007,0,0.485,0.874,0.014,0.874,-0.485],"_shiftlockState":true,"_pose":"Climbing","_animationQueue":[["climb",0.1]],"_animationSpeed":0.657,"_zoom":10.864},{"_mousePosition":[683,352.5],"_rootPartCFrame":[752.63,231.718,45.42,-1,-0.006,-0.001,-0.006,0.997,-0.083,0.001,-0.083,-0.997],"_humanoidState":12,"_cameraCFrame":[750.795,242.712,40.049,-1,0.013,-0.007,0,0.485,0.874,0.014,0.874,-0.485],"_shiftlockState":true,"_pose":"Climbing","_animationQueue":[],"_animationSpeed":0.657,"_zoom":10.864},{"_mousePosition":[683,352.5],"_rootPartCFrame":[752.628,231.831,45.304,-1,-0.006,-0.003,-0.006,0.998,-0.061,0.004,-0.061,-0.998],"_humanoidState":12,"_cameraCFrame":[750.792,242.827,39.967,-1,0.013,-0.007,0,0.485,0.874,0.014,0.874,-0.485],"_shiftlockState":true,"_pose":"Climbing","_animationQueue":[["climb",0.1]],"_animationSpeed":0.703,"_zoom":10.864},{"_mousePosition":[683,352.5],"_rootPartCFrame":[752.627,232.04,45.122,-1,-0.004,0.002,-0.004,1,-0.024,-0.002,-0.024,-1],"_humanoidState":12,"_cameraCFrame":[750.795,243.039,39.84,-1,0.013,-0.007,0,0.485,0.874,0.014,0.874,-0.485],"_shiftlockState":true,"_pose":"Climbing","_animationQueue":[["climb",0.1]],"_animationSpeed":0.817,"_zoom":10.864},{"_mousePosition":[683,352.5],"_rootPartCFrame":[752.625,232.215,44.991,-1,-0.002,-0.009,-0.001,1,-0.01,0.009,-0.01,-1],"_humanoidState":12,"_cameraCFrame":[750.797,243.214,39.731,-1,0.013,-0.007,0,0.485,0.874,0.014,0.874,-0.485],"_shiftlockState":true,"_pose":"Climbing","_animationQueue":[["climb",0.1]],"_animationSpeed":0.89,"_zoom":10.864},{"_mousePosition":[683,352.5],"_rootPartCFrame":[752.611,232.332,44.838,-1,-0.001,-0.008,-0.001,1,-0.003,0.008,-0.003,-1],"_humanoidState":8,"_cameraCFrame":[750.783,243.331,39.586,-1,0.013,-0.007,0,0.485,0.874,0.014,0.874,-0.485],"_shiftlockState":true,"_pose":"Running","_animationQueue":[["walk",0.1],["climb",0.1],["walk",0.1],["walk",0.1]],"_animationSpeed":0.461,"_zoom":10.864},{"_mousePosition":[683,352.5],"_rootPartCFrame":[752.588,232.39,44.749,-0.999,0.001,0.032,0.001,1,-0.007,-0.032,-0.007,-0.999],"_humanoidState":5,"_cameraCFrame":[750.764,243.389,39.492,-1,0.013,-0.007,0,0.485,0.874,0.014,0.874,-0.485],"_shiftlockState":true,"_pose":"FreeFall","_animationQueue":[["walk",0.1],["fall",0.3]],"_animationSpeed":1,"_zoom":10.864},{"_mousePosition":[683,352.5],"_rootPartCFrame":[752.533,232.396,44.594,-0.996,0.008,0.088,0.006,1,-0.023,-0.089,-0.023,-0.996],"_humanoidState":5,"_cameraCFrame":[750.719,243.395,39.314,-1,0.013,-0.007,0,0.485,0.874,0.014,0.874,-0.485],"_shiftlockState":true,"_pose":"FreeFall","_animationQueue":[],"_animationSpeed":1,"_zoom":10.864},{"_mousePosition":[683,352.5],"_rootPartCFrame":[752.476,232.338,44.503,-0.998,0.007,0.07,0.005,1,-0.029,-0.07,-0.029,-0.997],"_humanoidState":5,"_cameraCFrame":[750.661,243.337,39.214,-1,0.013,-0.007,0,0.485,0.874,0.014,0.874,-0.485],"_shiftlockState":true,"_pose":"FreeFall","_animationQueue":[],"_animationSpeed":1,"_zoom":10.864},{"_mousePosition":[683,352.5],"_rootPartCFrame":[752.409,232.222,44.381,-0.998,0.004,0.07,0.002,0.999,-0.036,-0.07,-0.036,-0.997],"_humanoidState":5,"_cameraCFrame":[750.589,243.22,39.082,-1,0.013,-0.007,0,0.485,0.874,0.014,0.874,-0.485],"_shiftlockState":true,"_pose":"FreeFall","_animationQueue":[],"_animationSpeed":1,"_zoom":10.864},{"_mousePosition":[683,352.5],"_rootPartCFrame":[752.33,232.049,44.27,-0.998,0.003,0.067,0,0.999,-0.038,-0.067,-0.038,-0.997],"_humanoidState":5,"_cameraCFrame":[750.508,243.047,38.967,-1,0.013,-0.007,0,0.485,0.874,0.014,0.874,-0.485],"_shiftlockState":true,"