[{"_mousePosition":[1204,381],"_rootPartCFrame":[776.023,222.959,47.142,0.003,0.004,1,0,1,-0.004,-1,0,0.003],"_humanoidState":8,"_cameraCFrame":[776.153,231.052,44.057,-0.999,-0.036,0.017,0,0.424,0.906,-0.04,0.905,-0.424],"_shiftlockState":false,"_pose":"Standing","_animationQueue":[],"_animationSpeed":1,"_zoom":7.28},{"_mousePosition":[1227,386],"_rootPartCFrame":[775.905,222.898,47.137,0.006,0.002,1,0,1,-0.002,-1,0,0.006],"_humanoidState":8,"_cameraCFrame":[776.031,230.991,44.052,-0.999,-0.036,0.017,0,0.424,0.906,-0.04,0.905,-0.424],"_shiftlockState":false,"_pose":"Standing","_animationQueue":[],"_animationSpeed":1,"_zoom":7.28},{"_mousePosition":[1264,397],"_rootPartCFrame":[775.776,222.837,47.132,0.008,0.001,1,0,1,-0.001,-1,0,0.008],"_humanoidState":8,"_cameraCFrame":[775.901,230.93,44.047,-0.999,-0.036,0.017,0,0.424,0.906,-0.04,0.905,-0.424],"_shiftlockState":false,"_pose":"Running","_animationQueue":[["walk",0.1]],"_animationSpeed":0.84,"_zoom":7.28},{"_mousePosition":[1299,407],"_rootPartCFrame":[775.511,222.674,47.121,0.012,0,1,0,1,0,-1,0,0.012],"_humanoidState":8,"_cameraCFrame":[775.634,230.767,44.036,-0.999,-0.036,0.017,0,0.424,0.906,-0.04,0.905,-0.424],"_shiftlockState":false,"_pose":"Running","_animationQueue":[["walk",0.1]],"_animationSpeed":1.065,"_zoom":7.28},{"_mousePosition":[1343,421],"_rootPartCFrame":[775.244,222.654,47.111,0.016,0,1,0,1,0,-1,0,0.016],"_humanoidState":8,"_cameraCFrame":[775.368,230.746,44.025,-0.999,-0.036,0.017,0,0.424,0.906,-0.04,0.905,-0.424],"_shiftlockState":false,"_pose":"Running","_animationQueue":[],"_animationSpeed":1.065,"_zoom":7.28},{"_mousePosition":[1365,440],"_rootPartCFrame":[774.978,222.67,47.1,0.019,0,1,0,1,0,-1,0,0.019],"_humanoidState":8,"_cameraCFrame":[773.353,230.762,43.945,-0.999,-0.036,0.017,0,0.424,0.906,-0.04,0.905,-0.424],"_shiftlockState":true,"_pose":"Running","_animationQueue":[],"_animationSpeed":1.065,"_zoom":7.28},{"_mousePosition":[683,384],"_rootPartCFrame":[774.645,222.685,47.087,-0.999,0,-0.054,0,1,0,0.054,0,-0.999],"_humanoidState":8,"_cameraCFrame":[773.02,230.778,43.931,-0.999,-0.036,0.017,0,0.424,0.906,-0.04,0.905,-0.424],"_shiftlockState":true,"_pose":"Running","_animationQueue":[],"_animationSpeed":1.065,"_zoom":7.28},{"_mousePosition":[683,384],"_rootPartCFrame":[774.378,222.692,47.076,-1,0,0.01,0,1,0,-0.01,0,-1],"_humanoidState":8,"_cameraCFrame":[772.954,230.833,43.926,-0.994,-0.097,0.043,0,0.409,0.912,-0.106,0.907,-0.407],"_shiftlockState":true,"_pose":"Running","_animationQueue":[["walk",0.1]],"_animationSpeed":1.065,"_zoom":7.28},{"_mousePosition":[683,384],"_rootPartCFrame":[774.179,222.695,47.068,-0.995,0,0.103,0,1,0,-0.103,0,-0.995],"_humanoidState":8,"_cameraCFrame":[772.974,230.881,43.922,-0.984,-0.165,0.071,0,0.395,0.918,-0.179,0.904,-0.389],"_shiftlockState":true,"_pose":"Running","_animationQueue":[],"_animationSpeed":1.065,"_zoom":7.28},{"_mousePosition":[683,384],"_rootPartCFrame":[773.913,222.697,47.042,-0.984,0,0.179,0,1,0,-0.179,0,-0.984],"_humanoidState":8,"_cameraCFrame":[772.892,230.918,43.904,-0.97,-0.223,0.093,0,0.384,0.923,-0.242,0.896,-0.373],"_shiftlockState":true,"_pose":"Running","_animationQueue":[],"_animationSpeed":1.065,"_zoom":7.28},{"_mousePosition":[683,384],"_rootPartCFrame":[773.651,222.698,46.997,-0.97,0,0.242,0,1,0,-0.242,0,-0.97],"_humanoidState":8,"_cameraCFrame":[772.804,230.952,43.879,-0.953,-0.28,0.113,0,0.373,0.928,-0.302,0.884,-0.356],"_shiftlockState":true,"_pose":"Running","_animationQueue":[],"_animationSpeed":1.065,"_zoom":7.28},{"_mousePosition":[683,384],"_rootPartCFrame":[773.391,222.699,46.935,-0.953,0,0.302,0,1,0,-0.302,0,-0.953],"_humanoidState":8,"_cameraCFrame":[772.667,230.985,43.857,-0.938,-0.324,0.126,0,0.362,0.932,-0.348,0.874,-0.339],"_shiftlockState":true,"_pose":"Running","_animationQueue":[],"_animationSpeed":1.065,"_zoom":7.28},{"_mousePosition":[683,384],"_rootPartCFrame":[773.136,222.699,46.857,-0.938,0,0.348,0,1,0,-0.348,0,-0.938],"_humanoidState":8,"_cameraCFrame":[772.477,231.009,43.815,-0.927,-0.35,0.132,0,0.354,0.935,-0.374,0.867,-0.328],"_shiftlockState":true,"_pose":"Running","_animationQueue":[],"_animationSpeed":1.065,"_zoom":7.28},{"_mousePosition":[683,384],"_rootPartCFrame":[772.886,222.699,46.766,-0.927,0,0.374,0,1,0,-0.374,0,-0.927],"_humanoidState":8,"_cameraCFrame":[772.261,231.028,43.759,-0.921,-0.366,0.135,0,0.347,0.938,-0.391,0.863,-0.319],"_shiftlockState":true,"_pose":"Running","_animationQueue":[],"_animationSpeed":1.065,"_zoom":7.28},{"_mousePosition":[683,384],"_rootPartCFrame":[772.638,222.7,46.668,-0.921,0,0.391,0,1,0,-0.391,0,-0.921],"_humanoidState":8,"_cameraCFrame":[772.044,231.046,43.695,-0.914,-0.382,0.138,0,0.34,0.94,-0.406,0.859,-0.311],"_shiftlockState":true,"_pose":"Running","_animationQueue":[["walk",0.1]],"_animationSpeed":1.065,"_zoom":7.28},{"_mousePosition":[683,384],"_rootPartCFrame":[772.331,222.7,46.538,-0.914,0,0.406,0,1,0,-0.406,0,-0.914],"_humanoidState":8,"_cameraCFrame":[771.769,231.064,43.601,-0.906,-0.398,0.141,0,0.333,0.943,-0.422,0.855,-0.302],"_shiftlockState":true,"_pose":"Running","_animationQueue":[],"_animationSpeed":1.065,"_zoom":7.28},{"_mousePosition":[683,384],"_rootPartCFrame":[772.148,222.7,46.457,-0.906,0,0.422,0,1,0,-0.422,0,-0.906],"_humanoidState":8,"_cameraCFrame":[771.623,231.083,43.559,-0.897,-0.417,0.144,0,0.326,0.946,-0.441,0.849,-0.292],"_shiftlockState":true,"_pose":"Running","_animationQueue":[],"_animationSpeed":1.065,"_zoom":7.28},{"_mousePosition":[683,384],"_rootPartCFrame":[771.906,222.7,46.346,-0.897,0,0.441,0,1,0,-0.441,0,-0.897],"_humanoidState":8,"_cameraCFrame":[771.396,231.094,43.471,-0.893,-0.427,0.145,0,0.321,0.947,-0.451,0.846,-0.287],"_shiftlockState":true,"_pose":"Running","_animationQueue":[],"_animationSpeed":1.065,"_zoom":7.28},{"_mousePosition":[683,384],"_rootPartCFrame":[771.666,222.7,46.229,-0.893,0,0.451,0,1,0,-0.451,0,-0.893],"_humanoidState":8,"_cameraCFrame":[771.156,231.094,43.354,-0.893,-0.427,0.145,0,0.321,0.947,-0.451,0.846,-0.287],"_shiftlockState":true,"_pose":"Running","_animationQueue":[],"_animationSpeed":1.065,"_zoom":7.28},{"_mousePosition":[683,384],"_rootPartCFrame":[771.428,222.7,46.109,-0.893,0,0.451,0,1,0,-0.451,0,-0.893],"_humanoidState":8,"_cameraCFrame":[770.9,231.094,43.238,-0.896,-0.421,0.143,0,0.321,0.947,-0.445,0.848,-0.287],"_shiftlockState":true,"_pose":"Running","_animationQueue":[],"_animationSpeed":1.065,"_zoom":7.28},{"_mousePosition":[683,384],"_rootPartCFrame":[771.19,222.7,45.989,-0.896,0,0.445,0,1,0,-0.445,0,-0.896],"_humanoidState":8,"_cameraCFrame":[770.597,231.098,43.139,-0.905,-0.404,0.136,0,0.319,0.948,-0.426,0.857,-0.289],"_shiftlockState":true,"_pose":"Running","_animationQueue":[["walk",0.1]],"_animationSpeed":1.065,"_zoom":7.28},{"_mousePosition":[683,384],"_rootPartCFrame":[770.891,222.7,45.84,-0.905,0,0.426,0,1,0,-0.426,0,-0.905],"_humanoidState":8,"_cameraCFrame":[770.196,231.1,43.019,-0.919,-0.373,0.125,0,0.319,0.948,-0.394,0.871,-0.293],"_shiftlockState":true,"_pose":"Running","_animationQueue":[],"_animationSpeed":1.065,"_zoom":7.28},{"_mousePosition":[683,384],"_rootPartCFrame":[770.651,222.7,45.726,-0.919,0,0.394,0,1,0,-0.394,0,-0.919],"_humanoidState":8,"_cameraCFrame":[769.828,231.1,42.939,-0.936,-0.333,0.112,0,0.319,0.948,-0.352,0.887,-0.298],"_shiftlockState":true,"_pose":"Running","_animationQueue":[],"_animationSpeed":1.065,"_zoom":7.28},{"_mousePosition":[683,384],"_rootPartCFrame":[770.406,222.7,45.62,-0.936,0,0.352,0,1,0,-0.352,0,-0.936],"_humanoidState":8,"_cameraCFrame":[769.456,231.104,42.883,-0.951,-0.293,0.098,0,0.317,0.948,-0.309,0.902,-0.302],"_shiftlockState":true,"_pose":"Running","_animationQueue":[],"_animationSpeed":1.065,"_zoom":7.28},{"_mousePosition":[683,384],"_rootPartCFrame":[770.157,222.7,45.524,-0.951,0,0.309,0,1,0,-0.309,0,-0.951],"_humanoidState":8,"_cameraCFrame":[769.089,231.109,42.846,-0.963,-0.255,0.085,0,0.315,0.949,-0.269,0.914,-0.303],"_shiftlockState":true,"_pose":"Running","_animationQueue":[],"_animationSpeed":1.065,"_zoom":7.28},{"_mousePosition":[683,384],"_rootPartCFrame":[769.904,222.7,45.44,-0.963,0,0.269,0,1,0,-0.269,0,-0.963],"_humanoidState":8,"_cameraCFrame":[768.767,231.115,42.804,-0.969,-0.234,0.077,0,0.313,0.95,-0.246,0.921,-0.303],"_shiftlockState":true,"_pose":"Running","_animationQueue":[],"_animationSpeed":1.065,"_zoom":7.28},{"_mousePosition":[683,384],"_rootPartCFrame":[769.65,222.666,45.358,-0.969,0,0.246,0,1,0,-0.246,0,-0.969],"_humanoidState":8,"_cameraCFrame":[768.481,231.088,42.755,-0.972,-0.224,0.073,0,0.309,0.951,-0.236,0.924,-0.301],"_shiftlockState":true,"_pose":"Running","_animationQueue":[],"_animationSpeed":1.065,"_zoom":7.28},{"_mousePosition":[683,384],"_rootPartCFrame":[769.397,222.577,45.275,-0.972,0,0.236,0,1,0,-0.236,0,-0.972],"_humanoidState":8,"_cameraCFrame":[768.214,231.003,42.689,-0.973,-0.22,0.071,0,0.308,0.951,-0.232,0.926,-0.3],"_shiftlockState":true,"_pose":"Running","_animationQueue":[["walk",0.1]],"_animationSpeed":1.065,"_zoom":7.28},{"_mousePosition":[683,384],"_rootPartCFrame":[769.08,223.647,45.172,-0.973,0,0.232,0,1,0,-0.232,0,-0.973],"_humanoidState":3,"_cameraCFrame":[767.887,232.079,42.604,-0.973,-0.219,0.07,0,0.306,0.952,-0.23,0.927,-0.297],"_shiftlockState":true,"_pose":"Jumping","_animationQueue":[["walk",0.1],["jump",0.1]],"_animationSpeed":1,"_zoom":7.28},{"_mousePosition":[683,384],"_rootPartCFrame":[768.886,224.248,45.121,-0.957,0,0.29,0,1,0,-0.29,0,-0.957],"_humanoidState":5,"_cameraCFrame":[767.685,232.685,42.573,-0.974,-0.217,0.069,0,0.303,0.953,-0.228,0.928,-0.295],"_shiftlockState":true,"_pose":"FreeFall","_animationQueue":[["jump",0.1]],"_animationSpeed":1,"_zoom":7.28},{"_mousePosition":[683,384],"_rootPartCFrame":[768.627,225.002,45.06,-0.938,0,0.347,0,1,0,-0.347,0,-0.938],"_humanoidState":5,"_cameraCFrame":[767.418,233.443,42.525,-0.974,-0.215,0.068,0,0.302,0.953,-0.226,0.929,-0.294],"_shiftlockState":true,"_pose":"FreeFall","_animationQueue":[],"_animationSpeed":1,"_zoom":7.28},{"_mousePosition":[683,384],"_rootPartCFrame":[768.367,225.702,44.999,-0.936,0,0.352,0,1,0,-0.352,0,-0.936],"_humanoidState":5,"_cameraCFrame":[767.153,234.146,42.476,-0.974,-0.214,0.067,0,0.3,0.954,-0.225,0.929,-0.293],"_shiftlockState":true,"_pose":"FreeFall","_animationQueue":[],"_animationSpeed":1,"_zoom":7.28},{"_mousePosition":[683,384],"_rootPartCFrame":[768.107,226.347,44.939,-0.936,0,0.352,0,1,0,-0.352,0,-0.936],"_humanoidState":5,"_cameraCFrame":[766.885,234.794,42.429,-0.975,-0.212,0.066,0,0.299,0.954,-0.223,0.93,-0.291],"_shiftlockState":true,"_pose":"FreeFall","_animationQueue":[],"_animationSpeed":1,"_zoom":7.28},{"_mousePosition":[683,384],"_rootPartCFrame":[767.783,227.076,44.864,-0.925,0,0.381,0,1,0,-0.381,0,-0.925],"_humanoidState":5,"_cameraCFrame":[766.549,235.529,42.375,-0.976,-0.21,0.065,0,0.296,0.955,-0.219,0.932,-0.289],"_shiftlockState":true,"_pose":"FreeFall","_animationQueue":[],"_animationSpeed":1,"_zoom":7.28},{"_mousePosition":[683,384],"_rootPartCFrame":[767.588,227.473,44.819,-0.949,0,0.316,0,1,0,-0.316,0,-0.949],"_humanoidState":5,"_cameraCFrame":[766.327,235.931,42.358,-0.978,-0.201,0.062,0,0.294,0.956,-0.21,0.934,-0.288],"_shiftlockState":true,"_pose":"FreeFall","_animationQueue":[],"_animationSpeed":1,"_zoom":7.28},{"_mousePosition":[683,384],"_rootPartCFrame":[767.327,227.954,44.761,-0.941,0,0.338,0,1,0,-0.338,0,-0.941],"_humanoidState":5,"_cameraCFrame":[766.018,236.416,42.335,-0.981,-0.183,0.056,0,0.293,0.956,-0.192,0.938,-0.287],"_shiftlockState":true,"_pose":"FreeFall","_animationQueue":[],"_animationSpeed":1,"_zoom":7.28},{"_mousePosition":[683,384],"_rootPartCFrame":[767.067,228.381,44.704,-0.947,0,0.32,0,1,0,-0.32,0,-0.947],"_humanoidState":5,"_cameraCFrame":[765.688,236.846,42.327,-0.986,-0.157,0.048,0,0.291,0.957,-0.164,0.944,-0.287],"_shiftlockState":true,"_pose":"FreeFall","_animationQueue":[],"_animationSpeed":1,"_zoom":7.28},{"_mousePosition":[683,384],"_rootPartCFrame":[766.74,228.838,44.64,-0.946,0,0.325,0,1,0,-0.325,0,-0.946],"_humanoidState":5,"_cameraCFrame":[765.281,237.31,42.331,-0.991,-0.126,0.038,0,0.288,0.958,-0.132,0.949,-0.285],"_shiftlockState":true,"_pose":"FreeFall","_animationQueue":[],"_animationSpeed":1,"_zoom":7.28},{"_mousePosition":[683,384],"_rootPartCFrame":[766.543,229.071,44.606,-0.973,0,0.23,0,1,0,-0.23,0,-0.973],"_humanoidState":5,"_cameraCFrame":[765.003,237.551,42.377,-0.995,-0.093,0.028,0,0.284,0.959,-0.098,0.954,-0.283],"_shiftlockState":true,"_pose":"FreeFall","_animationQueue":[],"_animationSpeed":1,"_zoom":7.28},{"_mousePosition":[683,384],"_rootPartCFrame":[766.279,229.335,44.569,-0.973,0,0.229,0,1,0,-0.229,0,-0.973],"_humanoidState":5,"_cameraCFrame":[764.665,237.823,42.42,-0.998,-0.063,0.018,0,0.28,0.96,-0.065,0.958,-0.28],"_shiftlockState":true,"_pose":"FreeFall","_animationQueue":[],"_animationSpeed":1,"_zoom":7.28},{"_mousePosition":[683,384],"_rootPartCFrame":[766.013,229.544,44.542,-0.98,0,0.197,0,1,0,-0.197,0,-0.98],"_humanoidState":5,"_cameraCFrame":[764.331,238.037,42.463,-0.999,-0.031,0.009,0,0.278,0.961,-0.033,0.96,-0.278],"_shiftlockState":true,"_pose":"FreeFall","_animationQueue":[],"_animationSpeed":1,"_zoom":7.28},{"_mousePosition":[683,384],"_rootPartCFrame":[765.747,229.698,44.523,-0.986,0,0.165,0,1,0,-0.165,0,-0.986],"_humanoidState":5,"_cameraCFrame":[763.994,238.193,42.509,-1,0.002,-0.001,0,0.277,0.961,0.002,0.961,-0.277],"_shiftlockState":true,"_pose":"FreeFall","_animationQueue":[],"_animationSpeed":1,"_zoom":7.28},{"_mousePosition":[683,384],"_rootPartCFrame":[765.414,229.814,44.511,-0.986,0,0.164,0,1,0,-0.164,0,-0.986],"_humanoidState":5,"_cameraCFrame":[763.594,238.311,42.562,-0.999,0.034,-0.01,0,0.276,0.961,0.035,0.96,-0.276],"_shiftlockState":true,"_pose":"FreeFall","_animationQueue":[],"_animationSpeed":1,"_zoom":7.28},{"_mousePosition":[683,384],"_rootPartCFrame":[765.214,229.843,44.51,-0.998,0,0.065,0,1,0,-0.065,0,-0.998],"_humanoidState":5,"_cameraCFrame":[763.33,238.341,42.629,-0.998,0.066,-0.019,0,0.276,0.961,0.069,0.959,-0.275],"_shiftlockState":true,"_pose":"FreeFall","_animationQueue":[],"_animationSpeed":1,"_zoom":7.28},{"_mousePosition":[683,384],"_rootPartCFrame":[764.948,229.834,44.518,-0.998,0,0.064,0,1,0,-0.064,0,-0.998],"_humanoidState":5,"_cameraCFrame":[763.012,238.336,42.702,-0.995,0.093,-0.027,0,0.274,0.962,0.097,0.957,-0.273],"_shiftlockState":true,"_pose":"FreeFall","_animationQueue":[],"_animationSpeed":1,"_zoom":7.28},{"_mousePosition":[683,384],"_rootPartCFrame":[764.615,229.746,44.54,-0.998,0,0.069,0,1,0,-0.069,0,-0.998],"_humanoidState":5,"_cameraCFrame":[762.635,238.252,42.792,-0.992,0.118,-0.033,0,0.272,0.962,0.123,0.955,-0.27],"_shiftlockState":true,"_pose":"FreeFall","_animationQueue":[],"_animationSpeed":1,"_zoom":7.28},{"_mousePosition":[683,384],"_rootPartCFrame":[764.416,229.653,44.558,-1,0,-0.023,0,1,0,0.023,0,-1],"_humanoidState":5,"_cameraCFrame":[762.392,238.16,42.868,-0.989,0.143,-0.04,0,0.271,0.963,0.149,0.952,-0.268],"_shiftlockState":true,"_pose":"FreeFall","_animationQueue":[],"_animationSpeed":1,"_zoom":7.28},{"_mousePosition":[683,384],"_rootPartCFrame":[764.151,229.48,44.59,-1,0,-0.016,0,1,0,0.016,0,-1],"_humanoidState":5,"_cameraCFrame":[762.088,237.986,42.942,-0.985,0.165,-0.047,0,0.272,0.962,0.172,0.948,-0.268],"_shiftlockState":true,"_pose":"FreeFall","_animationQueue":[["fall",0.3]],"_animationSpeed":1,"_zoom":7.28},{"_mousePosition":[683,384],"_rootPartCFrame":[763.887,229.253,44.628,-0.999,0,-0.039,0,1,0,0.039,0,-0.999],"_humanoidState":5,"_cameraCFrame":[761.79,237.757,43.016,-0.982,0.184,-0.052,0,0.272,0.962,0.191,0.944,-0.267],"_shiftlockState":true,"_pose":"FreeFall","_animationQueue":[],"_animationSpeed":1,"_zoom":7.28},{"_mousePosition":[683,384],"_rootPartCFrame":[763.624,228.971,44.673,-0.998,0,-0.059,0,1,0,0.059,0,-0.998],"_humanoidState":5,"_cameraCFrame":[761.506,237.474,43.082,-0.979,0.196,-0.056,0,0.273,0.962,0.204,0.942,-0.268],"_shiftlockState":true,"_pose":"FreeFall","_animationQueue":[],"_animationSpeed":1,"_zoom":7.28},{"_mousePosition":[683,384],"_rootPartCFrame":[763.363,228.635,44.724,-0.997,0,-0.072,0,1,0,0.072,0,-0.997],"_humanoidState":5,"_cameraCFrame":[761.228,237.137,43.147,-0.977,0.205,-0.058,0,0.274,0.962,0.213,0.94,-0.268],"_shiftlockState":true,"_pose":"FreeFall","_animationQueue":[],"_animationSpeed":1,"_zoom":7.28},{"_mousePosition":[683,384],"_rootPartCFrame":[763.101,228.245,44.777,-0.997,0,-0.081,0,1,0,0.081,0,-0.997],"_humanoidState":5,"_cameraCFrame":[760.951,236.746,43.223,-0.975,0.214,-0.061,0,0.274,0.962,0.223,0.938,-0.267],"_shiftlockState":true,"_pose":"FreeFall","_animationQueue":[],"_animationSpeed":1,"_zoom":7.28},{"_mousePosition":[683,384],"_rootPartCFrame":[762.776,227.68,44.848,-0.998,0,-0.058,0,1,0,0.058,0,-0.998],"_humanoidState":5,"_cameraCFrame":[760.596,236.179,43.327,-0.971,0.231,-0.066,0,0.275,0.962,0.24,0.933,-0.267],"_shiftlockState":true,"_pose":"FreeFall","_animationQueue":[],"_animationSpeed":1,"_zoom":7.28},{"_mousePosition":[683,384],"_rootPartCFrame":[762.581,227.3,44.892,-0.99,0,-0.142,0,1,0,0.142,0,-0.99],"_humanoidState":5,"_cameraCFrame":[760.351,235.795,43.421,-0.963,0.259,-0.075,0,0.277,0.961,0.27,0.925,-0.267],"_shiftlockState":true,"_pose":"FreeFall","_animationQueue":[],"_animationSpeed":1,"_zoom":7.28},{"_mousePosition":[683,384],"_rootPartCFrame":[762.322,226.746,44.955,-0.99,0,-0.139,0,1,0,0.139,0,-0.99],"_humanoidState":5,"_cameraCFrame":[760.122,234.276,43.805,-0.953,0.29,-0.085,0,0.28,0.96,0.302,0.915,-0.267],"_shiftlockState":true,"_pose":"FreeFall","_animationQueue":[["fall",0.3]],"_animationSpeed":1,"_zoom":7.28},{"_mousePosition":[683,384],"_rootPartCFrame":[762.078,226.137,45.006,-0.985,0,-0.172,0,1,0,0.172,0,-0.985],"_humanoidState":5,"_cameraCFrame":[759.824,233.742,43.894,-0.942,0.322,-0.095,0,0.283,0.959,0.336,0.903,-0.267],"_shiftlockState":true,"_pose":"FreeFall","_animationQueue":[],"_animationSpeed":1,"_zoom":7.28},{"_mousePosition":[683,384],"_rootPartCFrame":[761.835,225.474,45.07,-0.978,0,-0.207,0,1,0,0.207,0,-0.978],"_humanoidState":5,"_cameraCFrame":[759.527,233.233,43.967,-0.932,0.348,-0.104,0,0.286,0.958,0.363,0.893,-0.266],"_shiftlockState":true,"_pose":"FreeFall","_animationQueue":[],"_animationSpeed":1,"_zoom":7.28},{"_mousePosition":[683,384],"_rootPartCFrame":[761.584,224.756,45.158,-0.972,0,-0.236,0,1,0,0.236,0,-0.972],"_humanoidState":5,"_cameraCFrame":[759.235,232.668,44.047,-0.925,0.364,-0.109,0,0.287,0.958,0.38,0.886,-0.266],"_shiftlockState":true,"_pose":"FreeFall","_animationQueue":[],"_animationSpeed":1,"_zoom":7.28},{"_mousePosition":[683,384],"_rootPartCFrame":[761.331,223.985,45.241,-0.967,-0.001,-0.256,0,1,-0.007,0.256,-0.006,-0.967],"_humanoidState":5,"_cameraCFrame":[758.944,232.039,44.099,-0.92,0.375,-0.113,0,0.289,0.957,0.392,0.881,-0.266],"_shiftlockState":true,"_pose":"FreeFall","_animationQueue":[],"_animationSpeed":1,"_zoom":7.28},{"_mousePosition":[683,384],"_rootPartCFrame":[761.092,224.029,45.296,-0.935,-0.002,-0.355,0.001,1,-0.007,0.355,-0.007,-0.935],"_humanoidState":12,"_cameraCFrame":[758.687,232.191,44.123,-0.919,0.377,-0.114,0,0.289,0.957,0.394,0.88,-0.266],"_shiftlockState":true,"_pose":"Climbing","_animationQueue":[["walk",0.1],["fall",0.3],["climb",0.1],["climb",0]],"_animationSpeed":-3.942,"_zoom":7.28},{"_mousePosition":[683,384],"_rootPartCFrame":[760.659,224.693,44.862,-0.925,0,-0.38,0,1,-0.001,0.38,-0.001,-0.925],"_humanoidState":3,"_cameraCFrame":[758.266,232.775,43.72,-0.919,0.377,-0.114,0,0.289,0.957,0.394,0.88,-0.266],"_shiftlockState":true,"_pose":"Jumping","_animationQueue":[["climb",0.1],["jump",0.1]],"_animationSpeed":1,"_zoom":7.28},{"_mousePosition":[683,384],"_rootPartCFrame":[760.234,225.303,44.45,-0.953,0,-0.304,0,1,0.001,0.304,0.001,-0.953],"_humanoidState":5,"_cameraCFrame":[757.835,233.41,43.263,-0.922,0.371,-0.114,0,0.293,0.956,0.388,0.881,-0.27],"_shiftlockState":true,"_pose":"FreeFall","_animationQueue":[["jump",0.1]],"_animationSpeed":1,"_zoom":7.28},{"_mousePosition":[683,384],"_rootPartCFrame":[759.821,225.859,44.075,-0.964,0,-0.266,0,1,0.001,0.266,0.001,-0.964],"_humanoidState":5,"_cameraCFrame":[757.423,234.019,42.799,-0.928,0.356,-0.111,0,0.298,0.955,0.373,0.886,-0.276],"_shiftlockState":true,"_pose":"FreeFall","_animationQueue":[],"_animationSpeed":1,"_zoom":7.28},{"_mousePosition":[683,384],"_rootPartCFrame":[759.422,226.36,43.737,-0.969,0,-0.247,0,1,0,0.247,0,-0.969],"_humanoidState":5,"_cameraCFrame":[757.043,234.587,42.391,-0.936,0.337,-0.105,0,0.298,0.955,0.353,0.893,-0.279],"_shiftlockState":true,"_pose":"FreeFall","_animationQueue":[],"_animationSpeed":1,"_zoom":7.28},{"_mousePosition":[683,384],"_rootPartCFrame":[759.036,226.807,43.437,-0.974,0,-0.226,0,1,0,0.226,0,-0.974],"_humanoidState":5,"_cameraCFrame":[756.679,235.102,42.075,-0.94,0.326,-0.1,0,0.293,0.956,0.341,0.899,-0.276],"_shiftlockState":true,"_pose":"FreeFall","_animationQueue":[],"_animationSpeed":1,"_zoom":7.28},{"_mousePosition":[683,384],"_rootPartCFrame":[758.662,227.199,43.174,-0.977,0,-0.214,0,1,0,0.214,0,-0.977],"_humanoidState":5,"_cameraCFrame":[756.301,235.54,41.799,-0.94,0.326,-0.1,0,0.293,0.956,0.341,0.899,-0.276],"_shiftlockState":true,"_pose":"FreeFall","_animationQueue":[],"_animationSpeed":1,"_zoom":7.28},{"_mousePosition":[683,384],"_rootPartCFrame":[758.302,227.537,42.949,-0.977,0,-0.214,0,1,0,0.214,0,-0.977],"_humanoidState":5,"_cameraCFrame":[755.937,235.911,41.564,-0.94,0.326,-0.1,0,0.293,0.956,0.341,0.899,-0.276],"_shiftlockState":true,"_pose":"FreeFall","_animationQueue":[],"_animationSpeed":1,"_zoom":7.28},{"_mousePosition":[683,384],"_rootPartCFrame":[757.955,227.82,42.762,-0.977,0,-0.214,0,1,0,0.214,0,-0.977],"_humanoidState":5,"_cameraCFrame":[755.587,236.219,41.369,-0.94,0.326,-0.1,0,0.293,0.956,0.341,0.899,-0.276],"_shiftlockState":true,"_pose":"FreeFall","_animationQueue":[],"_animationSpeed":1,"_zoom":7.28},{"_mousePosition":[683,384],"_rootPartCFrame":[757.621,228.049,42.612,-0.977,0,-0.214,0,1,0,0.214,0,-0.977],"_humanoidState":5,"_cameraCFrame":[755.251,236.467,41.214,-0.94,0.326,-0.1,0,0.293,0.956,0.341,0.899,-0.276],"_shiftlockState":true,"_pose":"FreeFall","_animationQueue":[],"_animationSpeed":1,"_zoom":7.28},{"_mousePosition":[683,384],"_rootPartCFrame":[757.299,228.223,42.499,-0.977,0,-0.214,0,1,0,0.214,0,-0.977],"_humanoidState":5,"_cameraCFrame":[754.928,236.653,41.098,-0.94,0.326,-0.1,0,0.293,0.956,0.341,0.899,-0.276],"_shiftlockState":true,"_pose":"FreeFall","_animationQueue":[],"_animationSpeed":1,"_zoom":7.28},{"_mousePosition":[683,384],"_rootPartCFrame":[756.991,228.342,42.424,-0.977,0,-0.214,0,1,0,0.214,0,-0.977],"_humanoidState":5,"_cameraCFrame":[754.619,236.783,41.02,-0.94,0.326,-0.1,0,0.293,0.956,0.341,0.899,-0.276],"_shiftlockState":true,"_pose":"FreeFall","_animationQueue":[],"_animationSpeed":1,"_zoom":7.28},{"_mousePosition":[683,384],"_rootPartCFrame":[756.696,228.407,42.387,-0.977,0,-0.214,0,1,0,0.214,0,-0.977],"_humanoidState":5,"_cameraCFrame":[754.323,236.854,40.981,-0.94,0.326,-0.1,0,0.293,0.956,0.341,0.899,-0.276],"_shiftlockState":true,"_pose":"FreeFall","_animationQueue":[],"_animationSpeed":1,"_zoom":7.28},{"_mousePosition":[683,384],"_rootPartCFrame":[756.414,228.418,42.387,-0.977,0,-0.214,0,1,0,0.214,0,-0.977],"_humanoidState":5,"_cameraCFrame":[754.041,236.869,40.98,-0.94,0.326,-0.1,0,0.293,0.956,0.341,0.899,-0.276],"_shiftlockState":true,"_pose":"FreeFall","_animationQueue":[],"_animationSpeed":1,"_zoom":7.28},{"_mousePosition":[683,384],"_rootPartCFrame":[756.145,228.374,42.425,-0.977,0,-0.214,0,1,0,0.214,0,-0.977],"_humanoidState":5,"_cameraCFrame":[753.771,236.828,41.017,-0.94,0.326,-0.1,0,0.293,0.956,0.341,0.899,-0.276],"_shiftlockState":true,"_pose":"FreeFall","_animationQueue":[],"_animationSpeed":1,"_zoom":7.28},{"_mousePosition":[683,384],"_rootPartCFrame":[755.888,228.276,42.499,-0.977,0,-0.214,0,1,0,0.214,0,-0.977],"_humanoidState":5,"_cameraCFrame":[753.515,236.732,41.091,-0.94,0.326,-0.1,0,0.293,0.956,0.341,0.899,-0.276],"_shiftlockState":true,"_pose":"FreeFall","_animationQueue":[],"_animationSpeed":1,"_zoom":7.28},{"_mousePosition":[683,384],"_rootPartCFrame":[755.638,228.123,42.59,-0.977,0,-0.214,0,1,0,0.214,0,-0.977],"_humanoidState":5,"_cameraCFrame":[753.264,236.58,41.181,-0.94,0.326,-0.1,0,0.293,0.956,0.341,0.899,-0.276],"_shiftlockState":true,"_pose":"FreeFall","_animationQueue":[],"_animationSpeed":1,"_zoom":7.28},{"_mousePosition":[683,384],"_rootPartCFrame":[755.387,227.916,42.681,-0.977,0,-0.214,0,1,0,0.214,0,-0.977],"_humanoidState":5,"_cameraCFrame":[753.013,236.374,41.271,-0.94,0.326,-0.1,0,0.293,0.956,0.341,0.899,-0.276],"_shiftlockState":true,"_pose":"FreeFall","_animationQueue":[],"_animationSpeed":1,"_zoom":7.28},{"_mousePosition":[683,384],"_rootPartCFrame":[755.136,227.654,42.772,-0.977,0,-0.214,0,1,0,0.214,0,-0.977],"_humanoidState":5,"_cameraCFrame":[752.762,236.112,41.362,-0.94,0.326,-0.1,0,0.293,0.956,0.341,0.899,-0.276],"_shiftlockState":true,"_pose":"FreeFall","_animationQueue":[],"_animationSpeed":1,"_zoom":7.28},{"_mousePosition":[683,384],"_rootPartCFrame":[754.885,227.338,42.863,-0.977,0,-0.214,0,1,0,0.214,0,-0.977],"_humanoidState":5,"_cameraCFrame":[752.511,235.797,41.453,-0.94,0.326,-0.1,0,0.293,0.956,0.341,0.899,-0.276],"_shiftlockState":true,"_pose":"FreeFall","_animationQueue":[],"_animationSpeed":1,"_zoom":7.28},{"_mousePosition":[683,384],"_rootPartCFrame":[754.635,226.967,42.954,-0.977,0,-0.214,0,1,0,0.214,0,-0.977],"_humanoidState":5,"_cameraCFrame":[752.261,235.426,41.544,-0.94,0.326,-0.1,0,0.293,0.956,0.341,0.899,-0.276],"_shiftlockState":true,"_pose":"FreeFall","_animationQueue":[],"_animationSpeed":1,"_zoom":7.28},{"_mousePosition":[683,384],"_rootPartCFrame":[754.384,226.541,43.045,-0.977,0,-0.214,0,1,0,0.214,0,-0.977],"_humanoidState":5,"_cameraCFrame":[752.01,235.001,41.635,-0.94,0.326,-0.1,0,0.293,0.956,0.341,0.899,-0.276],"_shiftlockState":true,"_pose":"FreeFall","_animationQueue":[["fall",0.3]],"_animationSpeed":1,"_zoom":7.28},{"_mousePosition":[683,384],"_rootPartCFrame":[754.133,226.061,43.136,-0.977,0,-0.214,0,1,0,0.214,0,-0.977],"_humanoidState":5,"_cameraCFrame":[751.759,234.521,41.726,-0.94,0.326,-0.1,0,0.293,0.956,0.341,0.899,-0.276],"_shiftlockState":true,"_pose":"FreeFall","_animationQueue":[],"_animationSpeed":1,"_zoom":7.28},{"_mousePosition":[683,384],"_rootPartCFrame":[753.882,225.527,43.227,-0.977,0,-0.214,0,1,0,0.214,0,-0.977],"_humanoidState":5,"_cameraCFrame":[751.508,233.987,41.817,-0.94,0.326,-0.1,0,0.293,0.956,0.341,0.899,-0.276],"_shiftlockState":true,"_pose":"FreeFall","_animationQueue":[],"_animationSpeed":1,"_zoom":7.28},{"_mousePosition":[683,384],"_rootPartCFrame":[753.632,224.938,43.318,-0.977,0,-0.214,0,1,0,0.214,0,-0.977],"_humanoidState":5,"_cameraCFrame":[751.258,233.398,41.908,-0.94,0.326,-0.1,0,0.293,0.956,0.341,0.899,-0.276],"_shiftlockState":true,"_pose":"FreeFall","_animationQueue":[],"_animationSpeed":1,"_zoom":7.28},{"_mousePosition":[683,384],"_rootPartCFrame":[753.381,224.295,43.409,-0.977,0,-0.214,0,1,0,0.214,0,-0.977],"_humanoidState":5,"_cameraCFrame":[751.003,232.755,42.007,-0.939,0.329,-0.101,0,0.293,0.956,0.344,0.898,-0.275],"_shiftlockState":true,"_pose":"FreeFall","_animationQueue":[],"_animationSpeed":1,"_zoom":7.28},{"_mousePosition":[683,384],"_rootPartCFrame":[753.13,223.597,43.5,-0.976,0,-0.217,0,1,0,0.217,0,-0.976],"_humanoidState":5,"_cameraCFrame":[750.726,232.059,42.151,-0.932,0.347,-0.106,0,0.293,0.956,0.363,0.891,-0.273],"_shiftlockState":true,"_pose":"FreeFall","_animationQueue":[],"_animationSpeed":1,"_zoom":7.28},{"_mousePosition":[683,384],"_rootPartCFrame":[752.88,222.845,43.592,-0.972,0,-0.236,0,1,0,0.236,0,-0.972],"_humanoidState":5,"_cameraCFrame":[750.456,231.311,42.306,-0.924,0.365,-0.111,0,0.29,0.957,0.381,0.885,-0.268],"_shiftlockState":true,"_pose":"FreeFall","_animationQueue":[],"_animationSpeed":1,"_zoom":7.28},{"_mousePosition":[683,384],"_rootPartCFrame":[752.631,222.7,43.688,-0.937,0,-0.35,0,1,0,0.35,0,-0.937],"_humanoidState":7,"_cameraCFrame":[750.201,231.17,42.433,-0.921,0.373,-0.112,0,0.289,0.957,0.389,0.882,-0.266],"_shiftlockState":true,"_pose":"FreeFall","_animationQueue":[["fall",0.3],["walk",0.1],["fall",0.3],["fall",0.3]],"_animationSpeed":1,"_zoom":7.28},{"_mousePosition":[683,384],"_rootPartCFrame":[752.384,222.783,43.789,-0.922,0,-0.387,0,1,0,0.387,0,-0.922],"_humanoidState":7,"_cameraCFrame":[749.959,231.255,42.534,-0.922,0.371,-0.112,0,0.288,0.958,0.387,0.883,-0.265],"_shiftlockState":true,"_pose":"FreeFall","_animationQueue":[],"_animationSpeed":1,"_zoom":7.28},{"_mousePosition":[683,384],"_rootPartCFrame":[752.077,222.867,43.918,-0.922,0,-0.387,0,1,0,0.387,0,-0.922],"_humanoidState":8,"_cameraCFrame":[749.686,231.344,42.626,-0.93,0.352,-0.105,0,0.286,0.958,0.367,0.892,-0.266],"_shiftlockState":true,"_pose":"Running","_animationQueue":[["walk",0.1],["fall",0.3],["walk",0.1]],"_animationSpeed":1.103,"_zoom":7.28},{"_mousePosition":[683,384],"_rootPartCFrame":[751.831,222.905,44.022,-0.93,0,-0.367,0,1,0,0.367,0,-0.93],"_humanoidState":8,"_cameraCFrame":[749.501,231.384,42.631,-0.945,0.312,-0.093,0,0.285,0.959,0.326,0.906,-0.269],"_shiftlockState":true,"_pose":"Running","_animationQueue":[],"_animationSpeed":1.103,"_zoom":7.28},{"_mousePosition":[683,384],"_rootPartCFrame":[751.583,222.926,44.12,-0.945,0,-0.326,0,1,0,0.326,0,-0.945],"_humanoidState":8,"_cameraCFrame":[749.353,231.392,42.522,-0.967,0.244,-0.074,0,0.29,0.957,0.255,0.925,-0.281],"_shiftlockState":true,"_pose":"Running","_animationQueue":[],"_animationSpeed":1.103,"_zoom":7.28},{"_mousePosition":[683,384],"_rootPartCFrame":[751.332,222.937,44.209,-0.967,0,-0.255,0,1,0,0.255,0,-0.967],"_humanoidState":8,"_cameraCFrame":[749.256,231.368,42.284,-0.988,0.149,-0.048,0,0.306,0.952,0.156,0.94,-0.302],"_shiftlockState":true,"_pose":"Running","_animationQueue":[],"_animationSpeed":1.103,"_zoom":7.28},{"_mousePosition":[683,384],"_rootPartCFrame":[751.075,222.943,44.279,-0.988,0,-0.152,0,1,0,0.152,0,-0.988],"_humanoidState":8,"_cameraCFrame":[749.243,231.307,41.915,-0.999,0.032,-0.011,0,0.333,0.943,0.034,0.942,-0.333],"_shiftlockState":true,"_pose":"Running","_animationQueue":[["walk",0.1]],"_animationSpeed":1.103,"_zoom":7.28},{"_mousePosition":[683,384],"_rootPartCFrame":[750.812,222.946,44.325,-1,0,-0.027,0,1,0,0.027,0,-1],"_humanoidState":8,"_cameraCFrame":[749.37,231.196,41.423,-0.994,-0.101,0.041,0,0.375,0.927,-0.109,0.922,-0.372],"_shiftlockState":true,"_pose":"Running","_animationQueue":[],"_animationSpeed":1.103,"_zoom":7.28},{"_mousePosition":[683,384],"_rootPartCFrame":[750.546,222.948,44.339,-0.993,0,0.118,0,1,0,-0.118,0,-0.993],"_humanoidState":8,"_cameraCFrame":[749.662,231.035,40.892,-0.966,-0.235,0.111,0,0.426,0.905,-0.26,0.874,-0.411],"_shiftlockState":true,"_pose":"Running","_animationQueue":[],"_animationSpeed":1.103,"_zoom":7.28},{"_mousePosition":[683,384],"_rootPartCFrame":[750.281,222.949,44.316,-0.963,0,0.269,0,1,0,-0.269,0,-0.963],"_humanoidState":8,"_cameraCFrame":[750.326,230.762,40.291,-0.896,-0.386,0.221,0,0.498,0.867,-0.445,0.777,-0.446],"_shiftlockState":true,"_pose":"Running","_animationQueue":[],"_animationSpeed":1.103,"_zoom":7.28},{"_mousePosition":[683,384],"_rootPartCFrame":[750.022,222.949,44.252,-0.89,0,0.455,0,1,0,-0.455,0,-0.89],"_humanoidState":8,"_cameraCFrame":[751.15,230.464,39.938,-0.791,-0.506,0.345,0,0.563,0.826,-0.612,0.653,-0.445],"_shiftlockState":true,"_pose":"Running","_animationQueue":[],"_animationSpeed":1.103,"_zoom":7.28},{"_mousePosition":[683,384],"_rootPartCFrame":[749.768,222.949,44.304,-0.783,0,0.622,0,1,0,-0.622,0,-0.783],"_humanoidState":8,"_cameraCFrame":[752.116,230.191,40.11,-0.635,-0.609,0.475,0,0.615,0.789,-0.773,0.501,-0.39],"_shiftlockState":true,"_pose":"Running","_animationQueue":[],"_animationSpeed":1.103,"_zoom":7.28},{"_mousePosition":[683,384],"_rootPartCFrame":[749.544,222.95,44.537,-0.621,0,0.783,0,1,0,-0.783,0,-0.621],"_humanoidState":8,"_cameraCFrame":[752.693,230.047,40.689,-0.502,-0.665,0.553,0,0.639,0.769,-0.865,0.386,-0.321],"_shiftlockState":true,"_pose":"Running","_animationQueue":[["walk",0.1]],"_animationSpeed":1.103,"_zoom":7.28},{"_mousePosition":[683,384],"_rootPartCFrame":[749.344,222.95,44.712,-0.492,0,0.871,0,1,0,-0.871,0,-0.492],"_humanoidState":8,"_cameraCFrame":[753.242,229.902,41.376,-0.352,-0.701,0.62,0,0.663,0.749,-0.936,0.264,-0.233],"_shiftlockState":true,"_pose":"Running","_animationQueue":[],"_animationSpeed":1.103,"_zoom":7.28},{"_mousePosition":[683,384],"_rootPartCFrame":[749.175,222.95,44.818,-0.345,0,0.939,0,1,0,-0.939,0,-0.345],"_humanoidState":8,"_cameraCFrame":[753.514,229.772,41.834,-0.261,-0.706,0.659,0,0.682,0.731,-0.965,0.191,-0.178],"_shiftlockState":true,"_pose":"Running","_animationQueue":[],"_animationSpeed":1.103,"_zoom":7.28},{"_mousePosition":[683,384],"_rootPartCFrame":[748.928,222.95,44.918,-0.258,0,0.966,0,1,0,-0.966,0,-0.258],"_humanoidState":8,"_cameraCFrame":[753.669,229.597,42.255,-0.183,-0.695,0.695,0,0.707,0.707,-0.983,0.129,-0.129],"_shiftlockState":true,"_pose":"Running","_animationQueue":[],"_animationSpeed":1.103,"_zoom":7.28},{"_mousePosition":[683,384],"_rootPartCFrame":[748.672,222.95,44.991,-0.183,0,0.983,0,1,0,-0.983,0,-0.183],"_humanoidState":8,"_cameraCFrame":[753.746,229.411,42.605,-0.122,-0.676,0.726,0,0.732,0.681,-0.993,0.083,-0.089],"_shiftlockState":true,"_pose":"Running","_animationQueue":[],"_animationSpeed":1.103,"_zoom":7.28},{"_mousePosition":[683,384],"_rootPartCFrame":[748.41,222.95,45.043,-0.122,0,0.993,0,1,0,-0.993,0,-0.122],"_humanoidState":8,"_cameraCFrame":[753.699,229.258,42.816,-0.089,-0.658,0.748,0,0.751,0.661,-0.996,0.059,-0.067],"_shiftlockState":true,"_pose":"Running","_animationQueue":[],"_animationSpeed":1.103,"_zoom":7.28},{"_mousePosition":[683,384],"_rootPartCFrame":[748.08,222.95,45.086,-0.089,0,0.996,0,1,0,-0.996,0,-0.089],"_humanoidState":8,"_cameraCFrame":[753.538,229.111,42.955,-0.069,-0.639,0.766,0,0.768,0.64,-0.998,0.044,-0.053],"_shiftlockState":true,"_pose":"Running","_animationQueue":[],"_animationSpeed":1.103,"_zoom":7.28},{"_mousePosition":[683,384],"_rootPartCFrame":[747.748,222.95,45.117,-0.069,0,0.998,0,1,0,-0.998,0,-0.069],"_humanoidState":8,"_cameraCFrame":[753.363,228.961,43.072,-0.052,-0.619,0.784,0,0.785,0.62,-0.999,0.032,-0.041],"_shiftlockState":true,"_pose":"Running","_animationQueue":[["walk",0.1]],"_animationSpeed":1.103,"_zoom":7.28},{"_mousePosition":[683,384],"_rootPartCFrame":[747.548,222.95,45.131,-0.052,0,0.999,0,1,0,-0.999,0,-0.052],"_humanoidState":8,"_cameraCFrame":[753.313,228.812,43.183,-0.034,-0.599,0.8,0,0.801,0.599,-0.999,0.021,-0.027],"_shiftlockState":true,"_pose":"Running","_animationQueue":[],"_animationSpeed":1.103,"_zoom":7.28},{"_mousePosition":[683,384],"_rootPartCFrame":[747.282,222.95,45.146,-0.034,0,0.999,0,1,0,-0.999,0,-0.034],"_humanoidState":8,"_cameraCFrame":[753.192,228.665,43.311,-0.014,-0.579,0.815,0,0.815,0.579,-1,0.008,-0.012],"_shiftlockState":true,"_pose":"Running","_animationQueue":[],"_animationSpeed":1.103,"_zoom":7.28},{"_mousePosition":[683,384],"_rootPartCFrame":[746.949,222.95,45.158,-0.014,0,1,0,1,0,-1,0,-0.014],"_humanoidState":8,"_cameraCFrame":[752.988,228.53,43.441,0.006,-0.56,0.828,0,0.828,0.56,-1,-0.003,0.005],"_shiftlockState":true,"_pose":"Running","_animationQueue":[],"_animationSpeed":1.103,"_zoom":7.28},{"_mousePosition":[683,384],"_rootPartCFrame":[746.682,222.95,45.163,0.006,0,1,0,1,0,-1,0,0.006],"_humanoidState":8,"_cameraCFrame":[752.83,228.407,43.549,0.022,-0.544,0.839,0,0.839,0.544,-1,-0.012,0.019],"_shiftlockState":true,"_pose":"Running","_animationQueue":[],"_animationSpeed":1.103,"_zoom":7.28},{"_mousePosition":[683,384],"_rootPartCFrame":[746.482,222.95,45.162,0.022,0,1,0,1,0,-1,0,0.022],"_humanoidState":8,"_cameraCFrame":[752.717,228.298,43.622,0.034,-0.528,0.848,0,0.849,0.529,-0.999,-0.018,0.029],"_shiftlockState":true,"_pose":"Running","_animationQueue":[],"_animationSpeed":1.103,"_zoom":7.28},{"_mousePosition":[683,384],"_rootPartCFrame":[746.149,222.95,45.156,0.034,0,0.999,0,1,0,-0.999,0,0.034],"_humanoidState":8,"_cameraCFrame":[752.441,228.213,43.637,0.037,-0.517,0.855,0,0.856,0.517,-0.999,-0.019,0.032],"_shiftlockState":true,"_pose":"Running","_animationQueue":[],"_animationSpeed":1.103,"_zoom":7.28},{"_mousePosition":[683,384],"_rootPartCFrame":[745.949,222.95,45.149,0.037,0,0.999,0,1,0,-0.999,0,0.037],"_humanoidState":8,"_cameraCFrame":[752.281,228.138,43.612,0.034,-0.506,0.862,0,0.862,0.507,-0.999,-0.017,0.029],"_shiftlockState":true,"_pose":"Running","_animationQueue":[["walk",0.1]],"_animationSpeed":1.103,"_zoom":7.28},{"_mousePosition":[683,384],"_rootPartCFrame":[745.683,222.95,45.14,0.034,0,0.999,0,1,0,-0.999,0,0.034],"_humanoidState":8,"_cameraCFrame":[752.037,228.082,43.564,0.028,-0.499,0.866,0,0.867,0.499,-1,-0.014,0.024],"_shiftlockState":true,"_pose":"Running","_animationQueue":[],"_animationSpeed":1.103,"_zoom":7.28},{"_mousePosition":[683,384],"_rootPartCFrame":[745.416,222.95,45.13,0.028,0,1,0,1,0,-1,0,0.028],"_humanoidState":8,"_cameraCFrame":[751.788,228.046,43.542,0.025,-0.494,0.869,0,0.869,0.494,-1,-0.013,0.022],"_shiftlockState":true,"_pose":"Running","_animationQueue":[],"_animationSpeed":1.103,"_zoom":7.28},{"_mousePosition":[683,384],"_rootPartCFrame":[745.149,222.95,45.123,0.025,0,1,0,1,0,-1,0,0.025],"_humanoidState":8,"_cameraCFrame":[751.531,228.026,43.528,0.024,-0.491,0.871,0,0.871,0.491,-1,-0.012,0.021],"_shiftlockState":true,"_pose":"Running","_animationQueue":[],"_animationSpeed":1.103,"_zoom":7.28},{"_mousePosition":[683,384],"_rootPartCFrame":[744.883,222.95,45.116,0.024,0,1,0,1,0,-1,0,0.024],"_humanoidState":8,"_cameraCFrame":[751.272,228.01,43.514,0.023,-0.489,0.872,0,0.872,0.489,-1,-0.011,0.02],"_shiftlockState":true,"_pose":"Running","_animationQueue":[],"_animationSpeed":1.103,"_zoom":7.28},{"_mousePosition":[683,384],"_rootPartCFrame":[744.616,222.95,45.109,0.023,0,1,0,1,0,-1,0,0.023],"_humanoidState":8,"_cameraCFrame":[751.007,228,43.495,0.021,-0.488,0.873,0,0.873,0.488,-1,-0.01,0.019],"_shiftlockState":true,"_pose":"Running","_animationQueue":[],"_animationSpeed":1.103,"_zoom":7.28},{"_mousePosition":[683,384],"_rootPartCFrame":[744.35,222.95,45.103,0.021,0,1,0,1,0,-1,0,0.021],"_humanoidState":8,"_cameraCFrame":[750.74,227.99,43.462,0.017,-0.486,0.874,0,0.874,0.486,-1,-0.008,0.015],"_shiftlockState":true,"_pose":"Running","_animationQueue":[],"_animationSpeed":1.103,"_zoom":7.28},{"_mousePosition":[683,384],"_rootPartCFrame":[744.083,222.95,45.097,0.017,0,1,0,1,0,-1,0,0.017],"_humanoidState":8,"_cameraCFrame":[750.474,227.985,43.449,0.016,-0.486,0.874,0,0.874,0.486,-1,-0.008,0.014],"_shiftlockState":true,"_pose":"Running","_animationQueue":[["walk",0.1]],"_animationSpeed":1.103,"_zoom":7.28},{"_mousePosition":[683,384],"_rootPartCFrame":[743.75,222.95,45.092,0.016,0,1,0,1,0,-1,0,0.016],"_humanoidState":8,"_cameraCFrame":[750.139,227.985,43.437,0.015,-0.486,0.874,0,0.874,0.486,-1,-0.007,0.013],"_shiftlockState":true,"_pose":"Running","_animationQueue":[],"_animationSpeed":1.103,"_zoom":7.28},{"_mousePosition":[683,384],"_rootPartCFrame":[743.483,222.95,45.087,0.015,0,1,0,1,0,-1,0,0.015],"_humanoidState":8,"_cameraCFrame":[749.846,227.985,45.182,0.015,-0.486,0.874,0,0.874,0.486,-1,-0.007,0.013],"_shiftlockState":false,"_pose":"Running","_animationQueue":[],"_animationSpeed":1.103,"_zoom":7.28},{"_mousePosition":[683,384],"_rootPartCFrame":[743.216,222.95,45.083,0.015,0,1,0,1,0,-1,0,0.015],"_humanoidState":8,"_cameraCFrame":[749.58,227.985,45.178,0.015,-0.486,0.874,0,0.874,0.486,-1,-0.007,0.013],"_shiftlockState":false,"_pose":"Running","_animationQueue":[],"_animationSpeed":1.103,"_zoom":7.28},{"_mousePosition":[683,384],"_rootPartCFrame":[742.95,222.95,45.079,0.015,0,1,0,1,0,-1,0,0.015],"_humanoidState":8,"_cameraCFrame":[749.313,227.985,45.174,0.015,-0.486,0.874,0,0.874,0.486,-1,-0.007,0.013],"_shiftlockState":false,"_pose":"Running","_animationQueue":[],"_animationSpeed":1.103,"_zoom":7.28},{"_mousePosition":[683,384],"_rootPartCFrame":[742.683,222.95,45.075,