[{"_mousePosition":[1125,350],"_rootPartCFrame":[776.026,222.98,47.142,0.003,0.002,1,0,1,-0.002,-1,0,0.003],"_humanoidState":8,"_cameraCFrame":[782.759,236.757,48.634,0.216,-0.851,0.478,0,0.49,0.872,-0.976,-0.189,0.106],"_shiftlockState":false,"_pose":"Standing","_animationQueue":[],"_animationSpeed":1,"_zoom":14.08},{"_mousePosition":[1076,346],"_rootPartCFrame":[775.911,222.914,47.116,0.019,0.001,1,0,1,-0.001,-1,0,0.019],"_humanoidState":8,"_cameraCFrame":[782.642,236.691,48.609,0.216,-0.851,0.478,0,0.49,0.872,-0.976,-0.189,0.106],"_shiftlockState":false,"_pose":"Standing","_animationQueue":[],"_animationSpeed":1,"_zoom":14.08},{"_mousePosition":[1044,343],"_rootPartCFrame":[775.655,222.771,47.06,0.045,0,0.999,0,1,0,-0.999,0,0.045],"_humanoidState":8,"_cameraCFrame":[782.385,236.548,48.552,0.216,-0.851,0.478,0,0.49,0.872,-0.976,-0.189,0.106],"_shiftlockState":false,"_pose":"Running","_animationQueue":[["walk",0.1]],"_animationSpeed":0.838,"_zoom":14.08},{"_mousePosition":[1013,341],"_rootPartCFrame":[775.395,222.655,47.002,0.069,0,0.998,0,1,0,-0.998,0,0.069],"_humanoidState":8,"_cameraCFrame":[782.125,236.432,48.495,0.216,-0.851,0.478,0,0.49,0.872,-0.976,-0.189,0.106],"_shiftlockState":false,"_pose":"Running","_animationQueue":[["walk",0.1]],"_animationSpeed":1.097,"_zoom":14.08},{"_mousePosition":[987,341],"_rootPartCFrame":[775.135,222.662,46.944,0.089,0,0.996,0,1,0,-0.996,0,0.089],"_humanoidState":8,"_cameraCFrame":[781.865,236.44,48.437,0.216,-0.851,0.478,0,0.49,0.872,-0.976,-0.189,0.106],"_shiftlockState":false,"_pose":"Running","_animationQueue":[],"_animationSpeed":1.097,"_zoom":14.08},{"_mousePosition":[960,340],"_rootPartCFrame":[774.875,222.678,46.887,0.106,0,0.994,0,1,0,-0.994,0,0.106],"_humanoidState":8,"_cameraCFrame":[781.604,236.455,48.379,0.216,-0.851,0.478,0,0.49,0.872,-0.976,-0.189,0.106],"_shiftlockState":false,"_pose":"Running","_animationQueue":[],"_animationSpeed":1.097,"_zoom":14.08},{"_mousePosition":[934,340],"_rootPartCFrame":[774.614,222.688,46.829,0.121,0,0.993,0,1,0,-0.993,0,0.121],"_humanoidState":8,"_cameraCFrame":[781.344,236.465,48.321,0.216,-0.851,0.478,0,0.49,0.872,-0.976,-0.189,0.106],"_shiftlockState":false,"_pose":"Running","_animationQueue":[["walk",0.1]],"_animationSpeed":1.097,"_zoom":14.08},{"_mousePosition":[907,341],"_rootPartCFrame":[774.354,222.693,46.771,0.134,0,0.991,0,1,0,-0.991,0,0.134],"_humanoidState":8,"_cameraCFrame":[781.084,236.47,48.264,0.216,-0.851,0.478,0,0.49,0.872,-0.976,-0.189,0.106],"_shiftlockState":false,"_pose":"Running","_animationQueue":[],"_animationSpeed":1.097,"_zoom":14.08},{"_mousePosition":[880,346],"_rootPartCFrame":[774.093,222.696,46.713,0.145,0,0.989,0,1,0,-0.989,0,0.145],"_humanoidState":8,"_cameraCFrame":[780.823,236.473,48.206,0.216,-0.851,0.478,0,0.49,0.872,-0.976,-0.189,0.106],"_shiftlockState":false,"_pose":"Running","_animationQueue":[],"_animationSpeed":1.097,"_zoom":14.08},{"_mousePosition":[845,353],"_rootPartCFrame":[773.833,222.698,46.656,0.155,0,0.988,0,1,0,-0.988,0,0.155],"_humanoidState":8,"_cameraCFrame":[780.563,236.475,48.148,0.216,-0.851,0.478,0,0.49,0.872,-0.976,-0.189,0.106],"_shiftlockState":false,"_pose":"Running","_animationQueue":[],"_animationSpeed":1.097,"_zoom":14.08},{"_mousePosition":[845,353],"_rootPartCFrame":[773.573,222.699,46.598,0.164,0,0.987,0,1,0,-0.987,0,0.164],"_humanoidState":8,"_cameraCFrame":[780.265,236.531,47.769,0.172,-0.863,0.475,0,0.483,0.876,-0.985,-0.151,0.083],"_shiftlockState":false,"_pose":"Running","_animationQueue":[],"_animationSpeed":1.097,"_zoom":14.08},{"_mousePosition":[845,353],"_rootPartCFrame":[773.312,222.699,46.54,0.171,0,0.985,0,1,0,-0.985,0,0.171],"_humanoidState":8,"_cameraCFrame":[779.961,236.58,47.404,0.129,-0.872,0.472,0,0.476,0.879,-0.992,-0.113,0.061],"_shiftlockState":false,"_pose":"Running","_animationQueue":[],"_animationSpeed":1.097,"_zoom":14.08},{"_mousePosition":[845,353],"_rootPartCFrame":[773.05,222.699,46.493,0.172,0,0.985,0,1,0,-0.985,0,0.172],"_humanoidState":8,"_cameraCFrame":[779.619,236.64,47.075,0.088,-0.88,0.467,0,0.468,0.884,-0.996,-0.078,0.041],"_shiftlockState":false,"_pose":"Running","_animationQueue":[],"_animationSpeed":1.097,"_zoom":14.08},{"_mousePosition":[845,353],"_rootPartCFrame":[772.786,222.7,46.458,0.167,0,0.986,0,1,0,-0.986,0,0.167],"_humanoidState":8,"_cameraCFrame":[779.252,236.703,46.766,0.048,-0.887,0.459,0,0.46,0.888,-0.999,-0.042,0.022],"_shiftlockState":false,"_pose":"Running","_animationQueue":[["walk",0.1]],"_animationSpeed":1.097,"_zoom":14.08},{"_mousePosition":[845,353],"_rootPartCFrame":[772.52,222.7,46.434,0.157,0,0.988,0,1,0,-0.988,0,0.157],"_humanoidState":8,"_cameraCFrame":[778.862,236.77,46.503,0.011,-0.893,0.45,0,0.45,0.893,-1,-0.01,0.005],"_shiftlockState":false,"_pose":"Running","_animationQueue":[],"_animationSpeed":1.097,"_zoom":14.08},{"_mousePosition":[845,353],"_rootPartCFrame":[772.254,222.7,46.42,0.143,0,0.99,0,1,0,-0.99,0,0.143],"_humanoidState":8,"_cameraCFrame":[778.432,236.851,46.293,-0.021,-0.898,0.439,0,0.439,0.899,-1,0.018,-0.009],"_shiftlockState":false,"_pose":"Running","_animationQueue":[],"_animationSpeed":1.097,"_zoom":14.08},{"_mousePosition":[845,353],"_rootPartCFrame":[771.987,222.7,46.416,0.125,0,0.992,0,1,0,-0.992,0,0.125],"_humanoidState":8,"_cameraCFrame":[778.028,236.915,46.147,-0.045,-0.902,0.429,0,0.429,0.903,-0.999,0.04,-0.019],"_shiftlockState":false,"_pose":"Running","_animationQueue":[],"_animationSpeed":1.097,"_zoom":14.08},{"_mousePosition":[845,353],"_rootPartCFrame":[771.721,222.7,46.421,0.106,0,0.994,0,1,0,-0.994,0,0.106],"_humanoidState":8,"_cameraCFrame":[777.633,236.973,46.064,-0.06,-0.906,0.42,0,0.421,0.907,-0.998,0.055,-0.025],"_shiftlockState":false,"_pose":"Running","_animationQueue":[],"_animationSpeed":1.097,"_zoom":14.08},{"_mousePosition":[845,353],"_rootPartCFrame":[771.454,222.7,46.433,0.086,0,0.996,0,1,0,-0.996,0,0.086],"_humanoidState":8,"_cameraCFrame":[777.271,237.016,46.038,-0.068,-0.908,0.413,0,0.414,0.91,-0.998,0.062,-0.028],"_shiftlockState":false,"_pose":"Running","_animationQueue":[],"_animationSpeed":1.097,"_zoom":14.08},{"_mousePosition":[845,353],"_rootPartCFrame":[771.188,222.7,46.448,0.067,0,0.998,0,1,0,-0.998,0,0.067],"_humanoidState":8,"_cameraCFrame":[776.911,237.058,46.048,-0.07,-0.911,0.406,0,0.407,0.913,-0.998,0.064,-0.028],"_shiftlockState":false,"_pose":"Running","_animationQueue":[["walk",0.1]],"_animationSpeed":1.097,"_zoom":14.08},{"_mousePosition":[845,353],"_rootPartCFrame":[770.922,222.7,46.466,0.049,0,0.999,0,1,0,-0.999,0,0.049],"_humanoidState":8,"_cameraCFrame":[776.48,237.131,46.09,-0.068,-0.916,0.395,0,0.396,0.918,-0.998,0.062,-0.027],"_shiftlockState":false,"_pose":"Running","_animationQueue":[],"_animationSpeed":1.097,"_zoom":14.08},{"_mousePosition":[845,353],"_rootPartCFrame":[770.656,222.7,46.485,0.033,0,0.999,0,1,0,-0.999,0,0.033],"_humanoidState":8,"_cameraCFrame":[775.966,237.236,46.17,-0.059,-0.924,0.377,0,0.378,0.926,-0.998,0.055,-0.022],"_shiftlockState":false,"_pose":"Running","_animationQueue":[],"_animationSpeed":1.097,"_zoom":14.08},{"_mousePosition":[845,353],"_rootPartCFrame":[770.39,222.7,46.503,0.019,0,1,0,1,0,-1,0,0.019],"_humanoidState":8,"_cameraCFrame":[775.429,237.345,46.267,-0.047,-0.933,0.358,0,0.358,0.934,-0.999,0.044,-0.017],"_shiftlockState":false,"_pose":"Running","_animationQueue":[],"_animationSpeed":1.097,"_zoom":14.08},{"_mousePosition":[845,353],"_rootPartCFrame":[770.124,222.666,46.521,0.006,0,1,0,1,0,-1,0,0.006],"_humanoidState":8,"_cameraCFrame":[774.858,237.425,46.394,-0.027,-0.941,0.336,0,0.336,0.942,-1,0.025,-0.009],"_shiftlockState":false,"_pose":"Running","_animationQueue":[],"_animationSpeed":1.097,"_zoom":14.08},{"_mousePosition":[845,353],"_rootPartCFrame":[769.857,222.577,46.539,-0.008,0,1,0,1,0,-1,0,-0.008],"_humanoidState":8,"_cameraCFrame":[774.315,237.433,46.531,-0.002,-0.949,0.317,0,0.317,0.949,-1,0.002,-0.001],"_shiftlockState":false,"_pose":"Running","_animationQueue":[],"_animationSpeed":1.097,"_zoom":14.08},{"_mousePosition":[845,353],"_rootPartCFrame":[769.591,222.434,46.557,-0.021,0,1,0,1,0,-1,0,-0.021],"_humanoidState":8,"_cameraCFrame":[773.689,237.404,46.7,0.035,-0.956,0.291,0,0.291,0.957,-0.999,-0.033,0.01],"_shiftlockState":false,"_pose":"Running","_animationQueue":[],"_animationSpeed":1.097,"_zoom":14.08},{"_mousePosition":[845,353],"_rootPartCFrame":[769.325,223.307,46.575,-0.034,0,0.999,0,1,0,-0.999,0,-0.034],"_humanoidState":3,"_cameraCFrame":[773.08,238.375,46.813,0.063,-0.962,0.267,0,0.267,0.964,-0.998,-0.061,0.017],"_shiftlockState":false,"_pose":"Jumping","_animationQueue":[["walk",0.1],["walk",0.1],["jump",0.1]],"_animationSpeed":1,"_zoom":14.08},{"_mousePosition":[845,353],"_rootPartCFrame":[769.059,224.129,46.573,-0.032,0,0.999,0,1,0,-0.999,0,-0.032],"_humanoidState":5,"_cameraCFrame":[772.514,239.276,46.857,0.082,-0.966,0.245,0,0.246,0.969,-0.997,-0.079,0.02],"_shiftlockState":false,"_pose":"FreeFall","_animationQueue":[["jump",0.1]],"_animationSpeed":1,"_zoom":14.08},{"_mousePosition":[845,353],"_rootPartCFrame":[768.793,224.897,46.557,-0.021,0,1,0,1,0,-1,0,-0.021],"_humanoidState":5,"_cameraCFrame":[771.869,240.133,46.856,0.097,-0.971,0.219,0,0.22,0.976,-0.995,-0.094,0.021],"_shiftlockState":false,"_pose":"FreeFall","_animationQueue":[],"_animationSpeed":1,"_zoom":14.08},{"_mousePosition":[845,353],"_rootPartCFrame":[768.527,225.61,46.536,-0.008,0,1,0,1,0,-1,0,-0.008],"_humanoidState":5,"_cameraCFrame":[771.292,240.912,46.819,0.102,-0.975,0.196,0,0.197,0.98,-0.995,-0.1,0.02],"_shiftlockState":false,"_pose":"FreeFall","_animationQueue":[],"_animationSpeed":1,"_zoom":14.08},{"_mousePosition":[845,353],"_rootPartCFrame":[768.261,226.268,46.511,0.006,0,1,0,1,0,-1,0,0.006],"_humanoidState":5,"_cameraCFrame":[770.783,241.618,46.769,0.102,-0.979,0.179,0,0.18,0.984,-0.995,-0.1,0.018],"_shiftlockState":false,"_pose":"FreeFall","_animationQueue":[],"_animationSpeed":1,"_zoom":14.08},{"_mousePosition":[845,353],"_rootPartCFrame":[767.996,226.872,46.484,0.019,0,1,0,1,0,-1,0,0.019],"_humanoidState":5,"_cameraCFrame":[770.426,242.238,46.751,0.109,-0.979,0.173,0,0.174,0.985,-0.994,-0.107,0.019],"_shiftlockState":false,"_pose":"FreeFall","_animationQueue":[],"_animationSpeed":1,"_zoom":14.08},{"_mousePosition":[845,353],"_rootPartCFrame":[767.731,227.422,46.457,0.031,0,1,0,1,0,-1,0,0.031],"_humanoidState":5,"_cameraCFrame":[770.155,242.788,46.777,0.131,-0.976,0.172,0,0.174,0.985,-0.991,-0.129,0.023],"_shiftlockState":false,"_pose":"FreeFall","_animationQueue":[],"_animationSpeed":1,"_zoom":14.08},{"_mousePosition":[845,353],"_rootPartCFrame":[767.466,227.917,46.428,0.041,0,0.999,0,1,0,-0.999,0,0.041],"_humanoidState":5,"_cameraCFrame":[769.889,243.283,46.748,0.131,-0.976,0.172,0,0.174,0.985,-0.991,-0.129,0.023],"_shiftlockState":false,"_pose":"FreeFall","_animationQueue":[],"_animationSpeed":1,"_zoom":14.08},{"_mousePosition":[845,353],"_rootPartCFrame":[767.201,228.357,46.394,0.053,0,0.999,0,1,0,-0.999,0,0.053],"_humanoidState":5,"_cameraCFrame":[769.625,243.723,46.714,0.131,-0.976,0.172,0,0.174,0.985,-0.991,-0.129,0.023],"_shiftlockState":false,"_pose":"FreeFall","_animationQueue":[],"_animationSpeed":1,"_zoom":14.08},{"_mousePosition":[845,353],"_rootPartCFrame":[766.937,228.743,46.359,0.064,0,0.998,0,1,0,-0.998,0,0.064],"_humanoidState":5,"_cameraCFrame":[769.361,244.109,46.679,0.131,-0.976,0.172,0,0.174,0.985,-0.991,-0.129,0.023],"_shiftlockState":false,"_pose":"FreeFall","_animationQueue":[],"_animationSpeed":1,"_zoom":14.08},{"_mousePosition":[845,353],"_rootPartCFrame":[766.672,229.075,46.324,0.073,0,0.997,0,1,0,-0.997,0,0.073],"_humanoidState":5,"_cameraCFrame":[769.096,244.441,46.644,0.131,-0.976,0.172,0,0.174,0.985,-0.991,-0.129,0.023],"_shiftlockState":false,"_pose":"FreeFall","_animationQueue":[],"_animationSpeed":1,"_zoom":14.08},{"_mousePosition":[845,353],"_rootPartCFrame":[766.408,229.352,46.289,0.081,0,0.997,0,1,0,-0.997,0,0.081],"_humanoidState":5,"_cameraCFrame":[768.832,244.718,46.609,0.131,-0.976,0.172,0,0.174,0.985,-0.991,-0.129,0.023],"_shiftlockState":false,"_pose":"FreeFall","_animationQueue":[],"_animationSpeed":1,"_zoom":14.08},{"_mousePosition":[845,353],"_rootPartCFrame":[766.143,229.574,46.254,0.088,0,0.996,0,1,0,-0.996,0,0.088],"_humanoidState":5,"_cameraCFrame":[768.567,244.94,46.574,0.131,-0.976,0.172,0,0.174,0.985,-0.991,-0.129,0.023],"_shiftlockState":false,"_pose":"FreeFall","_animationQueue":[],"_animationSpeed":1,"_zoom":14.08},{"_mousePosition":[845,353],"_rootPartCFrame":[765.879,229.742,46.219,0.094,0,0.996,0,1,0,-0.996,0,0.094],"_humanoidState":5,"_cameraCFrame":[768.303,245.108,46.54,0.131,-0.976,0.172,0,0.174,0.985,-0.991,-0.129,0.023],"_shiftlockState":false,"_pose":"FreeFall","_animationQueue":[],"_animationSpeed":1,"_zoom":14.08},{"_mousePosition":[845,353],"_rootPartCFrame":[765.615,229.856,46.185,0.1,0,0.995,0,1,0,-0.995,0,0.1],"_humanoidState":5,"_cameraCFrame":[768.039,245.222,46.505,0.131,-0.976,0.172,0,0.174,0.985,-0.991,-0.129,0.023],"_shiftlockState":false,"_pose":"FreeFall","_animationQueue":[],"_animationSpeed":1,"_zoom":14.08},{"_mousePosition":[845,353],"_rootPartCFrame":[765.35,229.915,46.15,0.104,0,0.995,0,1,0,-0.995,0,0.104],"_humanoidState":5,"_cameraCFrame":[767.774,245.281,46.47,0.131,-0.976,0.172,0,0.174,0.985,-0.991,-0.129,0.023],"_shiftlockState":false,"_pose":"FreeFall","_animationQueue":[],"_animationSpeed":1,"_zoom":14.08},{"_mousePosition":[845,353],"_rootPartCFrame":[765.086,229.919,46.115,0.108,0,0.994,0,1,0,-0.994,0,0.108],"_humanoidState":5,"_cameraCFrame":[767.51,245.285,46.435,0.131,-0.976,0.172,0,0.174,0.985,-0.991,-0.129,0.023],"_shiftlockState":false,"_pose":"FreeFall","_animationQueue":[],"_animationSpeed":1,"_zoom":14.08},{"_mousePosition":[845,353],"_rootPartCFrame":[764.821,229.869,46.08,0.111,0,0.994,0,1,0,-0.994,0,0.111],"_humanoidState":5,"_cameraCFrame":[767.245,245.236,46.4,0.131,-0.976,0.172,0,0.174,0.985,-0.991,-0.129,0.023],"_shiftlockState":false,"_pose":"FreeFall","_animationQueue":[],"_animationSpeed":1,"_zoom":14.08},{"_mousePosition":[845,353],"_rootPartCFrame":[764.557,229.765,46.045,0.114,0,0.993,0,1,0,-0.993,0,0.114],"_humanoidState":5,"_cameraCFrame":[766.981,245.131,46.365,0.131,-0.976,0.172,0,0.174,0.985,-0.991,-0.129,0.023],"_shiftlockState":false,"_pose":"FreeFall","_animationQueue":[],"_animationSpeed":1,"_zoom":14.08},{"_mousePosition":[845,353],"_rootPartCFrame":[764.293,229.606,46.01,0.116,0,0.993,0,1,0,-0.993,0,0.116],"_humanoidState":5,"_cameraCFrame":[766.946,244.972,44.595,0.131,-0.976,0.172,0,0.174,0.985,-0.991,-0.129,0.023],"_shiftlockState":true,"_pose":"FreeFall","_animationQueue":[],"_animationSpeed":1,"_zoom":14.08},{"_mousePosition":[683,384],"_rootPartCFrame":[763.962,229.331,45.966,0.132,0,0.991,0,1,0,-0.991,0,0.132],"_humanoidState":5,"_cameraCFrame":[766.615,244.697,44.552,0.131,-0.976,0.172,0,0.174,0.985,-0.991,-0.129,0.023],"_shiftlockState":true,"_pose":"FreeFall","_animationQueue":[["fall",0.3]],"_animationSpeed":1,"_zoom":14.08},{"_mousePosition":[683,384],"_rootPartCFrame":[763.764,229.125,45.94,0.131,0,0.991,0,1,0,-0.991,0,0.131],"_humanoidState":5,"_cameraCFrame":[766.466,244.477,44.482,0.111,-0.978,0.178,0,0.179,0.984,-0.994,-0.109,0.02],"_shiftlockState":true,"_pose":"FreeFall","_animationQueue":[],"_animationSpeed":1,"_zoom":14.08},{"_mousePosition":[683,384],"_rootPartCFrame":[763.433,228.713,45.896,0.114,0,0.994,0,1,0,-0.994,0,0.114],"_humanoidState":5,"_cameraCFrame":[766.201,244.042,44.346,0.074,-0.98,0.187,0,0.188,0.982,-0.997,-0.072,0.014],"_shiftlockState":true,"_pose":"FreeFall","_animationQueue":[],"_animationSpeed":1,"_zoom":14.08},{"_mousePosition":[683,384],"_rootPartCFrame":[763.235,228.425,45.874,0.077,0,0.997,0,1,0,-0.997,0,0.077],"_humanoidState":5,"_cameraCFrame":[766.022,243.732,44.171,0.017,-0.98,0.196,0,0.196,0.981,-1,-0.017,0.003],"_shiftlockState":true,"_pose":"FreeFall","_animationQueue":[],"_animationSpeed":1,"_zoom":14.08},{"_mousePosition":[683,384],"_rootPartCFrame":[762.969,227.994,45.852,0.024,0,1,0,1,0,-1,0,0.024],"_humanoidState":5,"_cameraCFrame":[765.721,243.296,44.06,-0.015,-0.98,0.197,0,0.197,0.98,-1,0.015,-0.003],"_shiftlockState":true,"_pose":"FreeFall","_animationQueue":[],"_animationSpeed":1,"_zoom":14.08},{"_mousePosition":[683,384],"_rootPartCFrame":[762.702,227.508,45.846,-0.01,0,1,0,1,0,-1,0,-0.01],"_humanoidState":5,"_cameraCFrame":[765.379,242.815,43.974,-0.045,-0.98,0.196,0,0.196,0.981,-0.999,0.044,-0.009],"_shiftlockState":true,"_pose":"FreeFall","_animationQueue":[],"_animationSpeed":1,"_zoom":14.08},{"_mousePosition":[683,384],"_rootPartCFrame":[762.436,226.967,45.848,-0.04,0,0.999,0,1,0,-0.999,0,-0.04],"_humanoidState":5,"_cameraCFrame":[765.001,242.285,43.903,-0.074,-0.979,0.191,0,0.192,0.981,-0.997,0.073,-0.014],"_shiftlockState":true,"_pose":"FreeFall","_animationQueue":[],"_animationSpeed":1,"_zoom":14.08},{"_mousePosition":[683,384],"_rootPartCFrame":[762.169,226.372,45.859,-0.07,0,0.998,0,1,0,-0.998,0,-0.07],"_humanoidState":5,"_cameraCFrame":[764.642,241.701,43.871,-0.093,-0.978,0.187,0,0.188,0.982,-0.996,0.091,-0.017],"_shiftlockState":true,"_pose":"FreeFall","_animationQueue":[["fall",0.3]],"_animationSpeed":1,"_zoom":14.08},{"_mousePosition":[683,384],"_rootPartCFrame":[761.903,225.723,45.878,-0.09,0,0.996,0,1,0,-0.996,0,-0.09],"_humanoidState":5,"_cameraCFrame":[764.311,241.058,43.855,-0.108,-0.977,0.184,0,0.186,0.983,-0.994,0.106,-0.02],"_shiftlockState":true,"_pose":"FreeFall","_animationQueue":[],"_animationSpeed":1,"_zoom":14.08},{"_mousePosition":[683,384],"_rootPartCFrame":[761.638,225.019,45.901,-0.106,0,0.994,0,1,0,-0.994,0,-0.106],"_humanoidState":5,"_cameraCFrame":[764.024,240.356,43.868,-0.113,-0.976,0.184,0,0.185,0.983,-0.994,0.112,-0.021],"_shiftlockState":true,"_pose":"FreeFall","_animationQueue":[],"_animationSpeed":1,"_zoom":14.08},{"_mousePosition":[683,384],"_rootPartCFrame":[761.372,224.26,45.93,-0.112,0,0.994,0,1,0,-0.994,0,-0.112],"_humanoidState":5,"_cameraCFrame":[763.758,239.598,43.896,-0.113,-0.976,0.184,0,0.185,0.983,-0.994,0.112,-0.021],"_shiftlockState":true,"_pose":"FreeFall","_animationQueue":[],"_animationSpeed":1,"_zoom":14.08},{"_mousePosition":[683,384],"_rootPartCFrame":[761.108,223.447,45.96,-0.113,0,0.994,0,1,0,-0.994,0,-0.113],"_humanoidState":5,"_cameraCFrame":[763.493,238.785,43.926,-0.113,-0.976,0.184,0,0.185,0.983,-0.994,0.112,-0.021],"_shiftlockState":true,"_pose":"FreeFall","_animationQueue":[],"_animationSpeed":1,"_zoom":14.08},{"_mousePosition":[683,384],"_rootPartCFrame":[760.843,222.58,45.99,-0.113,0,0.994,0,1,0,-0.994,0,-0.113],"_humanoidState":5,"_cameraCFrame":[763.229,237.917,43.956,-0.113,-0.976,0.184,0,0.185,0.983,-0.994,0.112,-0.021],"_shiftlockState":true,"_pose":"FreeFall","_animationQueue":[],"_animationSpeed":1,"_zoom":14.08},{"_mousePosition":[683,384],"_rootPartCFrame":[760.578,222.413,46.02,-0.113,0,0.994,0,1,0,-0.994,0,-0.113],"_humanoidState":7,"_cameraCFrame":[762.972,237.751,43.996,-0.109,-0.977,0.184,0,0.185,0.983,-0.994,0.107,-0.02],"_shiftlockState":true,"_pose":"FreeFall","_animationQueue":[["walk",0.1],["fall",0.3],["fall",0.3]],"_animationSpeed":1,"_zoom":14.08},{"_mousePosition":[683,384],"_rootPartCFrame":[760.313,222.508,46.051,-0.109,0,0.994,0,1,0,-0.994,0,-0.109],"_humanoidState":7,"_cameraCFrame":[762.809,237.835,44.078,-0.086,-0.978,0.188,0,0.189,0.982,-0.996,0.085,-0.016],"_shiftlockState":true,"_pose":"FreeFall","_animationQueue":[["fall",0.3]],"_animationSpeed":1,"_zoom":14.08},{"_mousePosition":[683,384],"_rootPartCFrame":[760.048,222.59,46.08,-0.086,0,0.996,0,1,0,-0.996,0,-0.086],"_humanoidState":8,"_cameraCFrame":[762.695,237.904,44.216,-0.043,-0.98,0.193,0,0.193,0.981,-0.999,0.042,-0.008],"_shiftlockState":true,"_pose":"Running","_animationQueue":[["walk",0.1],["fall",0.3],["walk",0.1]],"_animationSpeed":1.103,"_zoom":14.08},{"_mousePosition":[683,384],"_rootPartCFrame":[759.782,222.639,46.103,-0.043,0,0.999,0,1,0,-0.999,0,-0.043],"_humanoidState":8,"_cameraCFrame":[762.553,237.947,44.375,0.008,-0.981,0.196,0,0.196,0.981,-1,-0.008,0.002],"_shiftlockState":true,"_pose":"Running","_animationQueue":[],"_animationSpeed":1.103,"_zoom":14.08},{"_mousePosition":[683,384],"_rootPartCFrame":[759.516,222.667,46.116,0.008,0,1,0,1,0,-1,0,0.008],"_humanoidState":8,"_cameraCFrame":[762.336,237.979,44.506,0.051,-0.98,0.194,0,0.194,0.981,-0.999,-0.05,0.01],"_shiftlockState":true,"_pose":"Running","_animationQueue":[],"_animationSpeed":1.103,"_zoom":14.08},{"_mousePosition":[683,384],"_rootPartCFrame":[759.249,222.682,46.115,0.051,0,0.999,0,1,0,-0.999,0,0.051],"_humanoidState":8,"_cameraCFrame":[762.068,238.003,44.579,0.078,-0.979,0.191,0,0.191,0.982,-0.997,-0.076,0.015],"_shiftlockState":true,"_pose":"Running","_animationQueue":[],"_animationSpeed":1.103,"_zoom":14.08},{"_mousePosition":[683,384],"_rootPartCFrame":[758.983,222.69,46.102,0.078,0,0.997,0,1,0,-0.997,0,0.078],"_humanoidState":8,"_cameraCFrame":[761.763,238.022,44.594,0.089,-0.978,0.186,0,0.187,0.982,-0.996,-0.088,0.017],"_shiftlockState":true,"_pose":"Running","_animationQueue":[],"_animationSpeed":1.103,"_zoom":14.08},{"_mousePosition":[683,384],"_rootPartCFrame":[758.65,223.76,46.086,0.089,0,0.996,0,1,0,-0.996,0,0.089],"_humanoidState":3,"_cameraCFrame":[761.408,239.096,44.576,0.089,-0.979,0.185,0,0.186,0.983,-0.996,-0.088,0.017],"_shiftlockState":true,"_pose":"Jumping","_animationQueue":[["walk",0.1],["walk",0.1],["jump",0.1]],"_animationSpeed":1,"_zoom":14.08},{"_mousePosition":[683,384],"_rootPartCFrame":[758.451,224.362,46.069,0.089,0,0.996,0,1,0,-0.996,0,0.089],"_humanoidState":5,"_cameraCFrame":[761.118,239.712,44.53,0.081,-0.98,0.179,0,0.18,0.984,-0.997,-0.08,0.015],"_shiftlockState":true,"_pose":"FreeFall","_animationQueue":[["jump",0.1]],"_animationSpeed":1,"_zoom":14.08},{"_mousePosition":[683,384],"_rootPartCFrame":[758.185,225.115,46.045,0.082,0,0.997,0,1,0,-0.997,0,0.082],"_humanoidState":5,"_cameraCFrame":[760.741,240.482,44.461,0.066,-0.983,0.173,0,0.174,0.985,-0.998,-0.065,0.012],"_shiftlockState":true,"_pose":"FreeFall","_animationQueue":[],"_animationSpeed":1,"_zoom":14.08},{"_mousePosition":[683,384],"_rootPartCFrame":[757.919,225.815,46.024,0.068,0,0.998,0,1,0,-0.998,0,0.068],"_humanoidState":5,"_cameraCFrame":[760.448,241.181,44.397,0.05,-0.984,0.173,0,0.174,0.985,-0.999,-0.049,0.009],"_shiftlockState":true,"_pose":"FreeFall","_animationQueue":[],"_animationSpeed":1,"_zoom":14.08},{"_mousePosition":[683,384],"_rootPartCFrame":[757.624,226.613,46,0.05,0,0.999,0,1,0,-0.999,0,0.05],"_humanoidState":5,"_cameraCFrame":[760.136,241.979,44.347,0.039,-0.984,0.174,0,0.174,0.985,-0.999,-0.039,0.007],"_shiftlockState":true,"_pose":"FreeFall","_animationQueue":[],"_animationSpeed":1,"_zoom":14.08},{"_mousePosition":[683,384],"_rootPartCFrame":[757.477,227.05,45.988,0.039,0,0.999,0,1,0,-0.999,0,0.039],"_humanoidState":5,"_cameraCFrame":[759.974,242.416,44.314,0.031,-0.984,0.174,0,0.174,0.985,-1,-0.03,0.005],"_shiftlockState":true,"_pose":"FreeFall","_animationQueue":[],"_animationSpeed":1,"_zoom":14.08},{"_mousePosition":[683,384],"_rootPartCFrame":[757.315,227.586,45.974,0.031,0,1,0,1,0,-1,0,0.031],"_humanoidState":5,"_cameraCFrame":[759.807,242.952,44.293,0.028,-0.984,0.174,0,0.174,0.985,-1,-0.027,0.005],"_shiftlockState":true,"_pose":"FreeFall","_animationQueue":[],"_animationSpeed":1,"_zoom":14.08},{"_mousePosition":[683,384],"_rootPartCFrame":[757.193,228.067,45.964,0.028,0,1,0,1,0,-1,0,0.028],"_humanoidState":5,"_cameraCFrame":[759.68,243.434,44.275,0.024,-0.985,0.174,0,0.174,0.985,-1,-0.024,0.004],"_shiftlockState":true,"_pose":"FreeFall","_animationQueue":[],"_animationSpeed":1,"_zoom":14.08},{"_mousePosition":[683,384],"_rootPartCFrame":[757.095,228.593,45.957,0.024,0,1,0,1,0,-1,0,0.024],"_humanoidState":5,"_cameraCFrame":[759.574,243.959,44.254,0.019,-0.985,0.174,0,0.174,0.985,-1,-0.019,0.003],"_shiftlockState":true,"_pose":"FreeFall","_animationQueue":[],"_animationSpeed":1,"_zoom":14.08},{"_mousePosition":[683,384],"_rootPartCFrame":[757.067,228.867,45.954,0.019,0,1,0,1,0,-1,0,0.019],"_humanoidState":5,"_cameraCFrame":[759.525,244.233,44.223,0.008,-0.985,0.174,0,0.174,0.985,-1,-0.008,0.001],"_shiftlockState":true,"_pose":"FreeFall","_animationQueue":[],"_animationSpeed":1,"_zoom":14.08},{"_mousePosition":[683,384],"_rootPartCFrame":[757.059,229.185,45.954,0.008,0,1,0,1,0,-1,0,0.008],"_humanoidState":5,"_cameraCFrame":[759.494,244.551,44.189,-0.006,-0.985,0.174,0,0.174,0.985,-1,0.006,-0.001],"_shiftlockState":true,"_pose":"FreeFall","_animationQueue":[],"_animationSpeed":1,"_zoom":14.08},{"_mousePosition":[683,384],"_rootPartCFrame":[757.059,229.505,45.954,-0.006,0,1,0,1,0,-1,0,-0.006],"_humanoidState":5,"_cameraCFrame":[759.462,244.871,44.146,-0.024,-0.985,0.174,0,0.174,0.985,-1,0.023,-0.004],"_shiftlockState":true,"_pose":"FreeFall","_animationQueue":[],"_animationSpeed":1,"_zoom":14.08},{"_mousePosition":[683,384],"_rootPartCFrame":[757.059,229.657,45.954,-0.024,0,1,0,1,0,-1,0,-0.024],"_humanoidState":5,"_cameraCFrame":[759.427,245.023,44.101,-0.043,-0.984,0.173,0,0.174,0.985,-0.999,0.042,-0.007],"_shiftlockState":true,"_pose":"FreeFall","_animationQueue":[],"_animationSpeed":1,"_zoom":14.08},{"_mousePosition":[683,384],"_rootPartCFrame":[757.022,229.841,45.954,-0.04,0,0.999,0,1,0,-0.999,0,-0.04],"_humanoidState":5,"_cameraCFrame":[759.361,245.208,44.065,-0.058,-0.983,0.173,0,0.174,0.985,-0.998,0.057,-0.01],"_shiftlockState":true,"_pose":"FreeFall","_animationQueue":[],"_animationSpeed":1,"_zoom":14.08},{"_mousePosition":[683,384],"_rootPartCFrame":[756.969,229.911,45.956,-0.057,0,0.998,0,1,0,-0.998,0,-0.057],"_humanoidState":5,"_cameraCFrame":[759.309,245.269,44.01,-0.081,-0.981,0.176,0,0.177,0.984,-0.997,0.08,-0.014],"_shiftlockState":true,"_pose":"FreeFall","_animationQueue":[],"_animationSpeed":1,"_zoom":14.08},{"_mousePosition":[683,384],"_rootPartCFrame":[756.833,229.959,45.962,-0.078,0,0.997,0,1,0,-0.997,0,-0.078],"_humanoidState":5,"_cameraCFrame":[759.201,245.307,43.978,-0.095,-0.979,0.18,0,0.181,0.984,-0.996,0.093,-0.017],"_shiftlockState":true,"_pose":"FreeFall","_animationQueue":[],"_animationSpeed":1,"_zoom":14.08},{"_mousePosition":[683,384],"_rootPartCFrame":[756.721,229.948,45.968,-0.093,0,0.996,0,1,0,-0.996,0,-0.093],"_humanoidState":5,"_cameraCFrame":[759.147,245.279,43.938,-0.11,-0.976,0.186,0,0.187,0.982,-0.994,0.108,-0.021],"_shiftlockState":true,"_pose":"FreeFall","_animationQueue":[],"_animationSpeed":1,"_zoom":14.08},{"_mousePosition":[683,384],"_rootPartCFrame":[756.538,229.884,45.981,-0.108,0,0.994,0,1,0,-0.994,0,-0.108],"_humanoidState":5,"_cameraCFrame":[759.119,245.18,43.904,-0.121,-0.973,0.198,0,0.2,0.98,-0.993,0.118,-0.024],"_shiftlockState":true,"_pose":"FreeFall","_animationQueue":[],"_animationSpeed":1,"_zoom":14.08},{"_mousePosition":[683,384],"_rootPartCFrame":[756.316,229.766,46.001,-0.119,0,0.993,0,1,0,-0.993,0,-0.119],"_humanoidState":5,"_cameraCFrame":[759.074,245.025,43.903,-0.121,-0.97,0.211,0,0.212,0.977,-0.993,0.118,-0.026],"_shiftlockState":true,"_pose":"FreeFall","_animationQueue":[],"_animationSpeed":1,"_zoom":14.08},{"_mousePosition":[683,384],"_rootPartCFrame":[756.06,229.593,46.031,-0.12,0,0.993,0,1,0,-0.993,0,-0.12],"_humanoidState":5,"_cameraCFrame":[758.841,244.847,43.933,-0.12,-0.97,0.212,0,0.214,0.977,-0.993,0.117,-0.026],"_shiftlockState":true,"_pose":"FreeFall","_animationQueue":[],"_animationSpeed":1,"_zoom":14.08},{"_mousePosition":[683,384],"_rootPartCFrame":[755.795,229.366,46.063,-0.12,0,0.993,0,1,0,-0.993,0,-0.12],"_humanoidState":5,"_cameraCFrame":[758.577,244.62,43.965,-0.12,-0.97,0.212,0,0.214,0.977,-0.993,0.117,-0.026],"_shiftlockState":true,"_pose":"FreeFall","_animationQueue":[["fall",0.3]],"_animationSpeed":1,"_zoom":14.08},{"_mousePosition":[683,384],"_rootPartCFrame":[755.531,229.085,46.095,-0.12,0,0.993,0,1,0,-0.993,0,-0.12],"_humanoidState":5,"_cameraCFrame":[758.312,244.338,43.997,-0.12,-0.97,0.212,0,0.214,0.977,-0.993,0.117,-0.026],"_shiftlockState":true,"_pose":"FreeFall","_animationQueue":[],"_animationSpeed":1,"_zoom":14.08},{"_mousePosition":[683,384],"_rootPartCFrame":[755.266,228.748,46.127,-0.12,0,0.993,0,1,0,-0.993,0,-0.12],"_humanoidState":5,"_cameraCFrame":[758.048,244.002,44.029,-0.12,-0.97,0.212,0,0.214,0.977,-0.993,0.117,-0.026],"_shiftlockState":true,"_pose":"FreeFall","_animationQueue":[],"_animationSpeed":1,"_zoom":14.08},{"_mousePosition":[683,384],"_rootPartCFrame":[755.001,228.358,46.159,-0.12,0,0.993,0,1,0,-0.993,0,-0.12],"_humanoidState":5,"_cameraCFrame":[757.783,243.612,44.061,-0.12,-0.97,0.212,0,0.214,0.977,-0.993,0.117,-0.026],"_shiftlockState":true,"_pose":"FreeFall","_animationQueue":[],"_animationSpeed":1,"_zoom":14.08},{"_mousePosition":[683,384],"_rootPartCFrame":[754.743,227.913,46.167,-0.048,0,0.999,0,1,0,-0.999,0,-0.048],"_humanoidState":5,"_cameraCFrame":[757.848,243.132,44.307,-0.035,-0.974,0.225,0,0.225,0.974,-0.999,0.034,-0.008],"_shiftlockState":true,"_pose":"FreeFall","_animationQueue":[],"_animationSpeed":1,"_zoom":14.08},{"_mousePosition":[683,384],"_rootPartCFrame":[754.576,227.43,46.13,-0.008,0.001,1,-0.008,1,-0.001,-1,-0.008,-0.008],"_humanoidState":5,"_cameraCFrame":[758.299,242.596,45.283,0.253,-0.939,0.233,0,0.241,0.971,-0.967,-0.246,0.061],"_shiftlockState":true,"_pose":"FreeFall","_animationQueue":[],"_animationSpeed":1,"_zoom":14.08},{"_mousePosition":[683,384],"_rootPartCFrame":[754.71,227.522,46.123,0.197,0.001,0.98,-0.009,1,0.001,-0.98,-0.009,0.197],"_humanoidState":12,"_cameraCFrame":[758.243,242.756,46.566,0.599,-0.781,0.176,0,0.22,0.975,-0.801,-0.584,0.132],"_shiftlockState":true,"_pose":"Climbing","_animationQueue":[["walk",0.1],["fall",0.3],["climb",0.1],["climb",0]],"_animationSpeed":-2.271,"_zoom":14.08},{"_mousePosition":[683,384],"_rootPartCFrame":[755.015,227.914,46.012,0.579,0.002,0.815,0.001,1,-0.003,-0.815,0.003,0.579],"_humanoidState":8,"_cameraCFrame":[758.033,243.262,46.688,0.732,-0.67,0.123,0,0.181,0.984,-0.681,-0.72,0.132],"_shiftlockState":true,"_pose":"Standing","_animationQueue":[["climb",0.1],["walk",0.1],["idle",0.1]],"_animationSpeed":1,"_zoom":14.08},{"_mousePosition":[683,384],"_rootPartCFrame":[755.111,228.293,45.829,0.729,0,0.684,0.003,1,-0.003,-0.684,0.004,0.729],"_humanoidState":8,"_cameraCFrame":[758.118,243.659,45.801,0.573,-0.807,0.142,0,0.174,0.985,-0.82,-0.564,0.099],"_shiftlockState":true,"_pose":"Running","_animationQueue":[["walk",0.1]],"_animationSpeed":0.655,"_zoom":14.08},{"_mousePosition":[683,384],"_rootPartCFrame":[755.11,229.177,45.633,0.576,-0.002,0.817,0.001,1,0.001,-0.817,0.001,0.576],"_humanoidState":3,"_cameraCFrame":[757.966,244.543,44.702,0.301,-0.939,0.166,0,0.174,0.985,-0.953,-0.297,0.052],"_shiftlockState":true,"_pose":"Jumping","_animationQueue":[["walk",0.1],["jump",0.1]],"_animationSpeed":1,"_zoom":14.08},{"_mousePosition":[683,384],"_rootPartCFrame":[755.096,230.026,45.416,0.389,-0.001,0.921,0,1,0.001,-0.921,0,0.389],"_humanoidState":5,"_cameraCFrame":[757.663,245.392,43.854,0.075,-0.982,0.173,0,0.174,0.985,-0.997,-0.074,0.013],"_shiftlockState":true,"_pose":"FreeFall","_animationQueue":[["jump",0.1]],"_animationSpeed":1,"_zoom":14.08},{"_mousePosition":[683,384],"_rootPartCFrame":[755.097,230.821,45.182,0.202,0,0.979,0,1,0,-0.979,0,0.202],"_humanoidState":5,"_cameraCFrame":[757.432,246.167,43.146,-0.117,-0.977,0.18,0,0.182,0.983,-0.993,0.115,-0.021],"_shiftlockState":true,"_pose":"FreeFall","_animationQueue":[],"_animationSpeed":1,"_zoom":14.08},{"_mousePosition":[683,384],"_rootPartCFrame":[755.116,231.561,44.924,0.016,0,1,0,1,0,-1,0,0.016],"_humanoidState":5,"_cameraCFrame":[757.31,246.848,42.391,-0.303,-0.933,0.193,0,0.203,0.979,-0.953,0.296,-0.061],"_shiftlockState":true,"_pose":"FreeFall","_animationQueue":[],"_animationSpeed":1,"_zoom":14.08},{"_mousePosition":[683,384],"_rootPartCFrame":[755.111,232.247,44.659,-0.173,0,0.985,0,1,0,-0.985,0,-0.173],"_humanoidState":5,"_cameraCFrame":[756.961,247.468,41.56,-0.502,-0.843,0.194,0,0.224,0.975,-0.865,0.49,-0.113],"_shiftlockState":true,"_pose":"FreeFall","_animationQueue":[],"_animationSpeed":1,"_zoom":14.08},{"_mousePosition":[683,384],"_rootPartCFrame":[755.055,233.027,44.348,-0.352,0,0.936,0,1,0,-0.936,0,-0.352],"_humanoidState":5,"_cameraCFrame":[756.518,248.212,40.9,-0.631,-0.754,0.182,0,0.235,0.972,-0.775,0.614,-0.149],"_shiftlockState":true,"_pose":"FreeFall","_animationQueue":[],"_animationSpeed":1,"_zoom":14.08},{"_mousePosition":[683,384],"_rootPartCFrame":[754.997,233.455,44.18,-0.554,0,0.833,0,1,0,-0.833,0,-0.554],"_humanoidState":5,"_cameraCFrame":[756.096,248.604,40.466,-0.727,-0.665,0.168,0,0.245,0.969,-0.686,0.705,-0.178],"_shiftlockState":true,"_pose":"FreeFall","_animationQueue":[],"_animationSpeed":1,"_zoom":14.08},{"_mousePosition":[683,384],"_rootPartCFrame":[754.896,233.977,43.98,-0.637,0,0.771,0,1,0,-0.771,0,-0.637],"_humanoidState":5,"_cameraCFrame":[755.609,249.09,40.043,-0.807,-0.571,0.151,0,0.256,0.967,-0.591,0.78,-0.206],"_shiftlockState":true,"_pose":"FreeFall","_animationQueue":[],"_animationSpeed":1,"_zoom":14.08},{"_mousePosition":[683,384],"_rootPartCFrame":[754.769,234.445,43.81,-0.729,0,0.684,0,1,0,-0.684,0,-0.729],"_humanoidState":5,"_cameraCFrame":[755.162,249.525,39.719,-0.86,-0.492,0.135,0,0.264,0.964,-0.51,0.829,-0.227],"_shiftlockState":true,"_pose":"FreeFall","_animationQueue":[],"_animationSpeed":1,"_zoom":14.08},{"_mousePosition":[683,384],"_rootPartCFrame":[754.62,234.858,43.673,-0.794,0,0.609,0,1,0,-0.609,0,-0.794],"_humanoidState":5,"_cameraCFrame":[754.717,249.908,39.465,-0.9,-0.42,0.119,0,0.272,0.962,-0.437,0.866,-0.245],"_shiftlockState":true,"_pose":"FreeFall","_animationQueue":[],"_animationSpeed":1,"_zoom":14.08},{"_mousePosition":[683,384],"_rootPartCFrame":[754.451,235.217,43.57,-0.843,0,0.538,0,1,0,-0.538,0,-0.843],"_humanoidState":5,"_cameraCFrame":[754.357,250.242,39.283,-0.922,-0.373,0.108,0,0.278,0.961,-0.388,0.885,-0.256],"_shiftlockState":true,"_pose":"FreeFall","_animationQueue":[],"_animationSpeed":1,"_zoom":14.08},{"_mousePosition":[683,384],"_rootPartCFrame":[754.265,235.521,43.503,-0.872,0,0.489,0,1,0,-0.489,0,-0.872],"_humanoidState":5,"_cameraCFrame":[753.962,250.517,39.136,-0.942,-0.321,0.096,0,0.285,0.959,-0.335,0.903,-0.269],"_shiftlockState":true,"_pose":"FreeFall","_animationQueue":[],"_animationSpeed":1,"_zoom":14.08},{"_mousePosition":[683,384],"_rootPartCFrame":[754.065,235.771,43.473,-0.899,0,0.439,0,1,0,-0.439,0,-0.899],"_humanoidState":5,"_cameraCFrame":[753.531,250.714,38.967,-0.962,-0.262,0.082,0,0.297,0.955,-0.274,0.918,-0.286],"_shiftlockState":true,"_pose":"FreeFall","_animationQueue":[],"_animationSpeed":1,"_zoom":14.08},{"_mousePosition":[683,384],"_rootPartCFrame":[753.853,235.966,43.482,-0.925,0,0.381,0,1,0,-0.381,0,-0.925],"_humanoidState":5,"_cameraCFrame":[753.133,250.847,38.819,-0.974,-0.214,0.07,0,0.311,0.95,-0.225,0.926,-0.303],"_shiftlockState":true,"_pose":"FreeFall","_animationQueue":[],"_animationSpeed":1,"_zoom":14.08},{"_mousePosition":[683,384],"_rootPartCFrame":[753.634,236.107,43.529,-0.943,0,0.332,0,1,0,-0.332,0,-0.943],"_humanoidState":5,"_cameraCFrame":[752.719,250.912,38.686,-0.984,-0.166,0.057,0,0.327,0.945,-0.175,0.93,-0.322],"_shiftlockState":true,"_pose":"FreeFall","_animationQueue":[],"_animationSpeed":1,"_zoom":14.08},{"_mousePosition":[683,384],"_rootPartCFrame":[753.411,236.193,43.615,-0.959,0,0.284,0,1,0,-0.284,0,-0.959],"_humanoidState":5,"_cameraCFrame":[752.376,250.934,38.622,-0.989,-0.137,0.049,0,0.34,0.94,-0.145,0.93,-0.337],"_shiftlockState":true,"_pose":"FreeFall","_animationQueue":[],"_animationSpeed":1,"_zoom":14.08},{"_mousePosition":[683,384],"_rootPartCFrame":[753.189,236.225,43.742,-0.968,0,0.253,0,1,0,-0.253,0,-0.968],"_humanoidState":5,"_cameraCFrame":[752.116,250.942,38.695,-0.991,-0.128,0.047,0,0.345,0.939,-0.136,0.93,-0.342],"_shiftlockState":true,"_pose":"FreeFall","_animationQueue":[],"_animationSpeed":1,"_zoom":14.08},{"_mousePosition":[683,384],"_rootPartCFrame":[752.974,236.202,43.897,-0.971,0,0.241,0,1,0,-0.241,0,-0.971],"_humanoidState":5,"_cameraCFrame":[751.901,250.919,38.851,-0.991,-0.128,0.047,0,0.345,0.939,-0.136,0.93,-0.342],"_shiftlockState":true,"_pose":"FreeFall","_animationQueue":[],"_animationSpeed":1,"_zoom":14.08},{"_mousePosition":[683,384],"_rootPartCFrame":[752.761,236.125,44.058,-0.971,0,0.239,0,1,0,-0.239,0,-0.971],"_humanoidState":5,"_cameraCFrame":[751.688,250.842,39.012,-0.991,-0.128,0.047,0,0.345,0.939,-0.136,0.93,-0.342],"_shiftlockState":true,"_pose":"FreeFall","_animationQueue":[["fall",0.3]],"_animationSpeed":1,"_zoom":14.08},{"_mousePosition":[683,384],"_rootPartCFrame":[752.549,235.993,44.219,-0.971,0,0.239,0,1,0,-0.239,0,-0.971],"_humanoidState":5,"_cameraCFrame":[751.476,250.71,39.173,-0.991,-0.128,0.047,0,0.345,0.939,-0.136,0.93,-0.342],"_shiftlockState":true,"_pose":"FreeFall","_animationQueue":[],"_animationSpeed":1,"_zoom":14.08},{"_mousePosition":[683,384],"_rootPartCFrame":[752.336,235.807,44.38,-0.971,0,0.239,0,1,0,-0.239,0,-0.971],"_humanoidState":5,"_cameraCFrame":[751.263,250.524,39.334,-0.991,-0.128,0.047,0,0.345,0.939,-0.136,0.93,-0.342],"_shiftlockState":true,"_pose":"FreeFall","_animationQueue":[],"_animationSpeed":1,"_zoom":14.08},{"_mousePosition":[683,384],"_rootPartCFrame":[752.123,235.577,44.446,-0.984,-0.005,0.178,-0.005,1,0,-0.178,-0.001,-0.984],"_humanoidState":5,"_cameraCFrame":[751.732,250.127,38.888,-0.969,-0.23,0.093,0,0.376,0.927,-0.248,0.898,-0.364],"_shiftlockState":true,"_pose":"FreeFall","_animationQueue":[],"_animationSpeed":1,"_zoom":14.08},{"_mousePosition":[683,384],"_rootPartCFrame":[751.909,235.325,44.369,-0.964,-0.008,0.267,-0.008,1,0,-0.267,-0.002,-0.964],"_humanoidState":5,"_cameraCFrame":[754.248,249.501,38.443,-0.792,-0.549,0.265,0,0.435,0.9,-0.61,0.713,-0.345],"_shiftlockState":true,"_pose":"FreeFall","_animationQueue":[],"_animationSpeed":1,"_zoom":14.08},{"_mousePosition":[683,384],"_rootPartCFrame":[751.638,236.176,44.155,-0.797,0.007,0.604,0.006,1,-0.004,-0.604,0.001,-0.797],"_humanoidState":7,"_cameraCFrame":[755.93,250.282,39.252,-0.549,-0.749,0.372,0,0.445,0.895,-0.836,0.491,-0.244],"_shiftlockState":true,"_pose":"FreeFall","_animationQueue":[["walk",0.1],["fall",0.3],["fall",0.3]],"_animationSpeed":1,"_zoom":14.08},{"_mousePosition":[683,384],"_rootPartCFrame":[751.472,236.736,44.043,-0.55,0.004,0.835,0.014,1,0.005,-0.835,0.015,-0.55],"_humanoidState":7,"_cameraCFrame":[755.86,251.103,39.999,-0.436,-0.823,0.365,0,0.406,0.914,-0.9,0.398,-0.177],"_shiftlockState":true,"_pose":"FreeFall","_animationQueue":[["fall",0.3]],"_animationSpeed":1,"_zoom":14.08},{"_mousePosition":[683,384],"_rootPartCFrame":[751.276,237.434,44.039,-0.433,0,0.902,0.005,1,0.003,-0.902,0.006,-0.433],"_humanoidState":8,"_cameraCFrame":[754.258,252.315,40.393,-0.485,-0.831,0.272,0,0.311,0.95,-0.874,0.461,-0.151],"_shiftlockState":true,"_pose":"Running","_animationQueue":[["walk",0.1],["fall",0.3],["walk",0.1]],"_animationSpeed":0.918,"_zoom":14.08},{"_mousePosition":[683,384],"_rootPartCFrame":[751.095,238.317,44.035,-0.484,-0.001,0.875,-0.005,1,-0.001,-0.875,-0.005,-0.484],"_humanoidState":3,"_cameraCFrame":[752.99,253.513,40.844,-0.516,-0.833,0.199,0,0.232,0.973,-0.857,0.502,-0.12],"_shiftlockState":true,"_pose":"Jumping","_animationQueue":[["walk",0.1],["jump",0.1]],"_animationSpeed":1,"_zoom":14.08},{"_mousePosition":[683,384],"_rootPartCFrame":[750.905,239.167,44.057,-0.513,-0.001,0.859,-0.005,1,-0.002,-0.859,-0.005,-0.513],"_humanoidState":5,"_cameraCFrame":[752.469,254.461,41.12,-0.501,-0.848,0.174,0,0.201,0.98,-0.865,0.491,-0.101],"_shiftlockState":true,"_pose":"FreeFall","_animationQueue":[["jump",0.1]],"_animationSpeed":1,"_zoom":14.08},{"_mousePosition":[683,384],"_rootPartCFrame":[750.702,239.962,44.118,-0.502,0,0.865,-0.002,1,-0.001,-0.865,-0.002,-0.502],"_humanoidState":5,"_cameraCFrame":[752.212,255.28,41.273,-0.486,-0.858,0.168,0,0.192,0.981,-0.874,0.477,-0.093],"_shiftlockState":true,"_pose":"FreeFall","_animationQueue":[],"_animationSpeed":1,"_zoom":14.08},{"_mousePosition":[683,384],"