[{"_mousePosition":[808,360],"_rootPartCFrame":[776.028,222.7,47.142,0,0,1,0,1,0,-1,0,0],"_humanoidState":8,"_cameraCFrame":[781.938,243.988,47.558,0.07,-0.956,0.286,0,0.287,0.958,-0.998,-0.067,0.02],"_shiftlockState":false,"_pose":"Standing","_animationQueue":[],"_animationSpeed":1,"_zoom":20.656},{"_mousePosition":[808,360],"_rootPartCFrame":[775.782,222.7,47.125,0.01,0,1,0,1,0,-1,0,0.01],"_humanoidState":8,"_cameraCFrame":[781.692,243.988,47.541,0.07,-0.956,0.286,0,0.287,0.958,-0.998,-0.067,0.02],"_shiftlockState":false,"_pose":"Standing","_animationQueue":[],"_animationSpeed":1,"_zoom":20.656},{"_mousePosition":[808,360],"_rootPartCFrame":[775.516,222.7,47.106,0.018,0,1,0,1,0,-1,0,0.018],"_humanoidState":8,"_cameraCFrame":[781.388,243.999,47.52,0.07,-0.956,0.284,0,0.285,0.959,-0.998,-0.067,0.02],"_shiftlockState":false,"_pose":"Running","_animationQueue":[["walk",0.1]],"_animationSpeed":1.066,"_zoom":20.656},{"_mousePosition":[808,360],"_rootPartCFrame":[775.25,222.7,47.088,0.025,0,1,0,1,0,-1,0,0.025],"_humanoidState":8,"_cameraCFrame":[781.122,243.999,47.501,0.07,-0.956,0.284,0,0.285,0.959,-0.998,-0.067,0.02],"_shiftlockState":false,"_pose":"Running","_animationQueue":[],"_animationSpeed":1.066,"_zoom":20.656},{"_mousePosition":[808,360],"_rootPartCFrame":[774.984,222.7,47.069,0.031,0,1,0,1,0,-1,0,0.031],"_humanoidState":8,"_cameraCFrame":[780.856,243.999,47.482,0.07,-0.956,0.284,0,0.285,0.959,-0.998,-0.067,0.02],"_shiftlockState":false,"_pose":"Running","_animationQueue":[],"_animationSpeed":1.066,"_zoom":20.656},{"_mousePosition":[808,360],"_rootPartCFrame":[774.718,222.7,47.05,0.036,0,0.999,0,1,0,-0.999,0,0.036],"_humanoidState":8,"_cameraCFrame":[780.59,243.999,47.463,0.07,-0.956,0.284,0,0.285,0.959,-0.998,-0.067,0.02],"_shiftlockState":false,"_pose":"Running","_animationQueue":[["walk",0.1]],"_animationSpeed":1.066,"_zoom":20.656},{"_mousePosition":[808,360],"_rootPartCFrame":[774.452,222.7,47.032,0.041,0,0.999,0,1,0,-0.999,0,0.041],"_humanoidState":8,"_cameraCFrame":[780.324,243.999,47.445,0.07,-0.956,0.284,0,0.285,0.959,-0.998,-0.067,0.02],"_shiftlockState":false,"_pose":"Running","_animationQueue":[],"_animationSpeed":1.066,"_zoom":20.656},{"_mousePosition":[808,360],"_rootPartCFrame":[774.186,222.7,47.013,0.045,0,0.999,0,1,0,-0.999,0,0.045],"_humanoidState":8,"_cameraCFrame":[780.058,243.999,47.426,0.07,-0.956,0.284,0,0.285,0.959,-0.998,-0.067,0.02],"_shiftlockState":false,"_pose":"Running","_animationQueue":[],"_animationSpeed":1.066,"_zoom":20.656},{"_mousePosition":[808,360],"_rootPartCFrame":[773.92,222.7,46.994,0.048,0,0.999,0,1,0,-0.999,0,0.048],"_humanoidState":8,"_cameraCFrame":[779.792,243.999,47.407,0.07,-0.956,0.284,0,0.285,0.959,-0.998,-0.067,0.02],"_shiftlockState":false,"_pose":"Running","_animationQueue":[],"_animationSpeed":1.066,"_zoom":20.656},{"_mousePosition":[808,360],"_rootPartCFrame":[773.654,222.7,46.975,0.051,0,0.999,0,1,0,-0.999,0,0.051],"_humanoidState":8,"_cameraCFrame":[779.526,243.999,47.389,0.07,-0.956,0.284,0,0.285,0.959,-0.998,-0.067,0.02],"_shiftlockState":false,"_pose":"Running","_animationQueue":[],"_animationSpeed":1.066,"_zoom":20.656},{"_mousePosition":[808,360],"_rootPartCFrame":[773.388,222.7,46.957,0.054,0,0.999,0,1,0,-0.999,0,0.054],"_humanoidState":8,"_cameraCFrame":[779.26,243.999,47.37,0.07,-0.956,0.284,0,0.285,0.959,-0.998,-0.067,0.02],"_shiftlockState":false,"_pose":"Running","_animationQueue":[],"_animationSpeed":1.066,"_zoom":20.656},{"_mousePosition":[808,360],"_rootPartCFrame":[773.122,222.7,46.938,0.056,0,0.998,0,1,0,-0.998,0,0.056],"_humanoidState":8,"_cameraCFrame":[778.994,243.999,47.351,0.07,-0.956,0.284,0,0.285,0.959,-0.998,-0.067,0.02],"_shiftlockState":false,"_pose":"Running","_animationQueue":[],"_animationSpeed":1.066,"_zoom":20.656},{"_mousePosition":[808,360],"_rootPartCFrame":[772.856,222.7,46.919,0.058,0,0.998,0,1,0,-0.998,0,0.058],"_humanoidState":8,"_cameraCFrame":[778.728,243.999,47.332,0.07,-0.956,0.284,0,0.285,0.959,-0.998,-0.067,0.02],"_shiftlockState":false,"_pose":"Running","_animationQueue":[["walk",0.1]],"_animationSpeed":1.066,"_zoom":20.656},{"_mousePosition":[808,360],"_rootPartCFrame":[772.59,222.7,46.901,0.06,0,0.998,0,1,0,-0.998,0,0.06],"_humanoidState":8,"_cameraCFrame":[778.462,243.999,47.314,0.07,-0.956,0.284,0,0.285,0.959,-0.998,-0.067,0.02],"_shiftlockState":false,"_pose":"Running","_animationQueue":[],"_animationSpeed":1.066,"_zoom":20.656},{"_mousePosition":[808,360],"_rootPartCFrame":[772.324,222.717,46.882,0.061,0,0.998,0,1,0,-0.998,0,0.061],"_humanoidState":8,"_cameraCFrame":[778.196,244.016,47.295,0.07,-0.956,0.284,0,0.285,0.959,-0.998,-0.067,0.02],"_shiftlockState":false,"_pose":"Running","_animationQueue":[],"_animationSpeed":1.066,"_zoom":20.656},{"_mousePosition":[808,360],"_rootPartCFrame":[772.058,222.748,46.863,0.062,0,0.998,0,1,0,-0.998,0,0.062],"_humanoidState":8,"_cameraCFrame":[777.93,244.048,47.276,0.07,-0.956,0.284,0,0.285,0.959,-0.998,-0.067,0.02],"_shiftlockState":false,"_pose":"Running","_animationQueue":[],"_animationSpeed":1.066,"_zoom":20.656},{"_mousePosition":[808,360],"_rootPartCFrame":[771.792,222.744,46.844,0.063,0,0.998,0,1,0,-0.998,0,0.063],"_humanoidState":8,"_cameraCFrame":[777.664,244.044,47.258,0.07,-0.956,0.284,0,0.285,0.959,-0.998,-0.067,0.02],"_shiftlockState":false,"_pose":"Running","_animationQueue":[],"_animationSpeed":1.066,"_zoom":20.656},{"_mousePosition":[808,360],"_rootPartCFrame":[771.526,222.769,46.826,0.064,0,0.998,0,1,0,-0.998,0,0.064],"_humanoidState":8,"_cameraCFrame":[777.398,244.068,47.239,0.07,-0.956,0.284,0,0.285,0.959,-0.998,-0.067,0.02],"_shiftlockState":false,"_pose":"Running","_animationQueue":[],"_animationSpeed":1.066,"_zoom":20.656},{"_mousePosition":[808,360],"_rootPartCFrame":[771.26,222.793,46.807,0.065,0,0.998,0,1,0,-0.998,0,0.065],"_humanoidState":8,"_cameraCFrame":[777.132,244.092,47.22,0.07,-0.956,0.284,0,0.285,0.959,-0.998,-0.067,0.02],"_shiftlockState":false,"_pose":"Running","_animationQueue":[],"_animationSpeed":1.066,"_zoom":20.656},{"_mousePosition":[808,360],"_rootPartCFrame":[770.995,222.773,46.788,0.066,0,0.998,0,1,0,-0.998,0,0.066],"_humanoidState":8,"_cameraCFrame":[776.866,244.073,47.201,0.07,-0.956,0.284,0,0.285,0.959,-0.998,-0.067,0.02],"_shiftlockState":false,"_pose":"Running","_animationQueue":[["walk",0.1]],"_animationSpeed":1.066,"_zoom":20.656},{"_mousePosition":[808,360],"_rootPartCFrame":[770.729,222.828,46.77,0.066,0,0.998,0,1,0,-0.998,0,0.066],"_humanoidState":8,"_cameraCFrame":[776.6,244.128,47.183,0.07,-0.956,0.284,0,0.285,0.959,-0.998,-0.067,0.02],"_shiftlockState":false,"_pose":"Running","_animationQueue":[],"_animationSpeed":1.066,"_zoom":20.656},{"_mousePosition":[808,360],"_rootPartCFrame":[770.462,223.701,46.751,0.067,0,0.998,0,1,0,-0.998,0,0.067],"_humanoidState":3,"_cameraCFrame":[776.334,245.001,47.164,0.07,-0.956,0.284,0,0.285,0.959,-0.998,-0.067,0.02],"_shiftlockState":false,"_pose":"Jumping","_animationQueue":[["walk",0.1],["jump",0.1]],"_animationSpeed":1,"_zoom":20.656},{"_mousePosition":[808,360],"_rootPartCFrame":[770.196,224.523,46.732,0.067,0,0.998,0,1,0,-0.998,0,0.067],"_humanoidState":5,"_cameraCFrame":[776.068,245.823,47.145,0.07,-0.956,0.284,0,0.285,0.959,-0.998,-0.067,0.02],"_shiftlockState":false,"_pose":"FreeFall","_animationQueue":[["jump",0.1]],"_animationSpeed":1,"_zoom":20.656},{"_mousePosition":[808,360],"_rootPartCFrame":[769.93,225.291,46.713,0.068,0,0.998,0,1,0,-0.998,0,0.068],"_humanoidState":5,"_cameraCFrame":[775.802,246.59,47.127,0.07,-0.956,0.284,0,0.285,0.959,-0.998,-0.067,0.02],"_shiftlockState":false,"_pose":"FreeFall","_animationQueue":[],"_animationSpeed":1,"_zoom":20.656},{"_mousePosition":[808,360],"_rootPartCFrame":[769.664,226.004,46.695,0.068,0,0.998,0,1,0,-0.998,0,0.068],"_humanoidState":5,"_cameraCFrame":[775.536,247.303,47.108,0.07,-0.956,0.284,0,0.285,0.959,-0.998,-0.067,0.02],"_shiftlockState":false,"_pose":"FreeFall","_animationQueue":[],"_animationSpeed":1,"_zoom":20.656},{"_mousePosition":[808,360],"_rootPartCFrame":[769.398,226.662,46.676,0.068,0,0.998,0,1,0,-0.998,0,0.068],"_humanoidState":5,"_cameraCFrame":[775.27,247.962,47.089,0.07,-0.956,0.284,0,0.285,0.959,-0.998,-0.067,0.02],"_shiftlockState":false,"_pose":"FreeFall","_animationQueue":[],"_animationSpeed":1,"_zoom":20.656},{"_mousePosition":[808,360],"_rootPartCFrame":[769.132,227.266,46.657,0.069,0,0.998,0,1,0,-0.998,0,0.069],"_humanoidState":5,"_cameraCFrame":[775.003,248.566,47.07,0.07,-0.956,0.284,0,0.285,0.959,-0.998,-0.067,0.02],"_shiftlockState":false,"_pose":"FreeFall","_animationQueue":[],"_animationSpeed":1,"_zoom":20.656},{"_mousePosition":[808,360],"_rootPartCFrame":[768.866,227.816,46.638,0.069,0,0.998,0,1,0,-0.998,0,0.069],"_humanoidState":5,"_cameraCFrame":[774.737,249.115,47.052,0.07,-0.956,0.284,0,0.285,0.959,-0.998,-0.067,0.02],"_shiftlockState":false,"_pose":"FreeFall","_animationQueue":[],"_animationSpeed":1,"_zoom":20.656},{"_mousePosition":[808,360],"_rootPartCFrame":[768.6,228.311,46.62,0.069,0,0.998,0,1,0,-0.998,0,0.069],"_humanoidState":5,"_cameraCFrame":[774.471,249.61,47.033,0.07,-0.956,0.284,0,0.285,0.959,-0.998,-0.067,0.02],"_shiftlockState":false,"_pose":"FreeFall","_animationQueue":[],"_animationSpeed":1,"_zoom":20.656},{"_mousePosition":[808,360],"_rootPartCFrame":[768.333,228.751,46.601,0.069,0,0.998,0,1,0,-0.998,0,0.069],"_humanoidState":5,"_cameraCFrame":[774.205,250.051,47.014,0.07,-0.956,0.284,0,0.285,0.959,-0.998,-0.067,0.02],"_shiftlockState":false,"_pose":"FreeFall","_animationQueue":[],"_animationSpeed":1,"_zoom":20.656},{"_mousePosition":[808,360],"_rootPartCFrame":[768.067,229.137,46.582,0.069,0,0.998,0,1,0,-0.998,0,0.069],"_humanoidState":5,"_cameraCFrame":[773.939,250.437,46.995,0.07,-0.956,0.284,0,0.285,0.959,-0.998,-0.067,0.02],"_shiftlockState":false,"_pose":"FreeFall","_animationQueue":[],"_animationSpeed":1,"_zoom":20.656},{"_mousePosition":[808,360],"_rootPartCFrame":[767.801,229.469,46.564,0.069,0,0.998,0,1,0,-0.998,0,0.069],"_humanoidState":5,"_cameraCFrame":[773.673,250.768,46.977,0.07,-0.956,0.284,0,0.285,0.959,-0.998,-0.067,0.02],"_shiftlockState":false,"_pose":"FreeFall","_animationQueue":[],"_animationSpeed":1,"_zoom":20.656},{"_mousePosition":[808,360],"_rootPartCFrame":[767.535,229.746,46.545,0.07,0,0.998,0,1,0,-0.998,0,0.07],"_humanoidState":5,"_cameraCFrame":[773.368,251.057,46.955,0.07,-0.957,0.282,0,0.283,0.959,-0.998,-0.067,0.02],"_shiftlockState":false,"_pose":"FreeFall","_animationQueue":[],"_animationSpeed":1,"_zoom":20.656},{"_mousePosition":[808,360],"_rootPartCFrame":[767.269,229.968,46.526,0.07,0,0.998,0,1,0,-0.998,0,0.07],"_humanoidState":5,"_cameraCFrame":[773.102,251.279,46.937,0.07,-0.957,0.282,0,0.283,0.959,-0.998,-0.067,0.02],"_shiftlockState":false,"_pose":"FreeFall","_animationQueue":[],"_animationSpeed":1,"_zoom":20.656},{"_mousePosition":[808,360],"_rootPartCFrame":[767.003,230.136,46.507,0.07,0,0.998,0,1,0,-0.998,0,0.07],"_humanoidState":5,"_cameraCFrame":[772.836,251.447,46.918,0.07,-0.957,0.282,0,0.283,0.959,-0.998,-0.067,0.02],"_shiftlockState":false,"_pose":"FreeFall","_animationQueue":[],"_animationSpeed":1,"_zoom":20.656},{"_mousePosition":[808,360],"_rootPartCFrame":[766.737,230.25,46.489,0.07,0,0.998,0,1,0,-0.998,0,0.07],"_humanoidState":5,"_cameraCFrame":[772.57,251.561,46.899,0.07,-0.957,0.282,0,0.283,0.959,-0.998,-0.067,0.02],"_shiftlockState":false,"_pose":"FreeFall","_animationQueue":[],"_animationSpeed":1,"_zoom":20.656},{"_mousePosition":[808,360],"_rootPartCFrame":[766.471,230.309,46.47,0.07,0,0.998,0,1,0,-0.998,0,0.07],"_humanoidState":5,"_cameraCFrame":[772.304,251.62,46.88,0.07,-0.957,0.282,0,0.283,0.959,-0.998,-0.067,0.02],"_shiftlockState":false,"_pose":"FreeFall","_animationQueue":[],"_animationSpeed":1,"_zoom":20.656},{"_mousePosition":[808,360],"_rootPartCFrame":[766.205,230.313,46.451,0.07,0,0.998,0,1,0,-0.998,0,0.07],"_humanoidState":5,"_cameraCFrame":[772.038,251.624,46.862,0.07,-0.957,0.282,0,0.283,0.959,-0.998,-0.067,0.02],"_shiftlockState":false,"_pose":"FreeFall","_animationQueue":[],"_animationSpeed":1,"_zoom":20.656},{"_mousePosition":[808,360],"_rootPartCFrame":[765.938,230.263,46.433,0.07,0,0.998,0,1,0,-0.998,0,0.07],"_humanoidState":5,"_cameraCFrame":[771.772,251.574,46.843,0.07,-0.957,0.282,0,0.283,0.959,-0.998,-0.067,0.02],"_shiftlockState":false,"_pose":"FreeFall","_animationQueue":[["fall",0.3]],"_animationSpeed":1,"_zoom":20.656},{"_mousePosition":[808,360],"_rootPartCFrame":[765.672,230.159,46.414,0.07,0,0.998,0,1,0,-0.998,0,0.07],"_humanoidState":5,"_cameraCFrame":[771.506,251.47,46.824,0.07,-0.957,0.282,0,0.283,0.959,-0.998,-0.067,0.02],"_shiftlockState":false,"_pose":"FreeFall","_animationQueue":[],"_animationSpeed":1,"_zoom":20.656},{"_mousePosition":[808,360],"_rootPartCFrame":[765.406,230,46.395,0.07,0,0.998,0,1,0,-0.998,0,0.07],"_humanoidState":5,"_cameraCFrame":[771.239,251.311,46.806,0.07,-0.957,0.282,0,0.283,0.959,-0.998,-0.067,0.02],"_shiftlockState":false,"_pose":"FreeFall","_animationQueue":[],"_animationSpeed":1,"_zoom":20.656},{"_mousePosition":[808,360],"_rootPartCFrame":[765.14,229.787,46.376,0.07,0,0.998,0,1,0,-0.998,0,0.07],"_humanoidState":5,"_cameraCFrame":[770.973,251.098,46.787,0.07,-0.957,0.282,0,0.283,0.959,-0.998,-0.067,0.02],"_shiftlockState":false,"_pose":"FreeFall","_animationQueue":[],"_animationSpeed":1,"_zoom":20.656},{"_mousePosition":[808,360],"_rootPartCFrame":[764.874,229.519,46.358,0.07,0,0.998,0,1,0,-0.998,0,0.07],"_humanoidState":5,"_cameraCFrame":[770.707,250.83,46.768,0.07,-0.957,0.282,0,0.283,0.959,-0.998,-0.067,0.02],"_shiftlockState":false,"_pose":"FreeFall","_animationQueue":[],"_animationSpeed":1,"_zoom":20.656},{"_mousePosition":[808,360],"_rootPartCFrame":[764.608,229.196,46.339,0.07,0,0.998,0,1,0,-0.998,0,0.07],"_humanoidState":5,"_cameraCFrame":[770.403,250.518,46.747,0.07,-0.957,0.281,0,0.281,0.96,-0.998,-0.067,0.02],"_shiftlockState":false,"_pose":"FreeFall","_animationQueue":[],"_animationSpeed":1,"_zoom":20.656},{"_mousePosition":[808,360],"_rootPartCFrame":[764.342,228.819,46.32,0.07,0,0.998,0,1,0,-0.998,0,0.07],"_humanoidState":5,"_cameraCFrame":[770.134,250.141,46.757,0.075,-0.957,0.28,0,0.281,0.96,-0.997,-0.072,0.021],"_shiftlockState":false,"_pose":"FreeFall","_animationQueue":[],"_animationSpeed":1,"_zoom":20.656},{"_mousePosition":[808,360],"_rootPartCFrame":[764.076,228.388,46.301,0.07,0,0.998,0,1,0,-0.998,0,0.07],"_humanoidState":5,"_cameraCFrame":[769.866,249.71,46.768,0.08,-0.957,0.28,0,0.281,0.96,-0.997,-0.077,0.023],"_shiftlockState":false,"_pose":"FreeFall","_animationQueue":[["fall",0.3]],"_animationSpeed":1,"_zoom":20.656},{"_mousePosition":[808,360],"_rootPartCFrame":[763.81,227.902,46.282,0.071,0,0.998,0,1,0,-0.998,0,0.071],"_humanoidState":5,"_cameraCFrame":[769.596,249.224,46.792,0.088,-0.956,0.28,0,0.281,0.96,-0.996,-0.084,0.025],"_shiftlockState":false,"_pose":"FreeFall","_animationQueue":[],"_animationSpeed":1,"_zoom":20.656},{"_mousePosition":[808,360],"_rootPartCFrame":[763.544,227.361,46.26,0.072,0,0.997,0,1,0,-0.997,0,0.072],"_humanoidState":5,"_cameraCFrame":[769.325,248.684,46.829,0.098,-0.955,0.28,0,0.281,0.96,-0.995,-0.094,0.028],"_shiftlockState":false,"_pose":"FreeFall","_animationQueue":[],"_animationSpeed":1,"_zoom":20.656},{"_mousePosition":[808,360],"_rootPartCFrame":[763.278,226.766,46.237,0.074,0,0.997,0,1,0,-0.997,0,0.074],"_humanoidState":5,"_cameraCFrame":[769.052,248.089,46.879,0.111,-0.954,0.28,0,0.281,0.96,-0.994,-0.106,0.031],"_shiftlockState":false,"_pose":"FreeFall","_animationQueue":[],"_animationSpeed":1,"_zoom":20.656},{"_mousePosition":[808,360],"_rootPartCFrame":[763.013,226.117,46.212,0.076,0,0.997,0,1,0,-0.997,0,0.076],"_humanoidState":5,"_cameraCFrame":[768.774,247.439,46.956,0.128,-0.952,0.279,0,0.281,0.96,-0.992,-0.123,0.036],"_shiftlockState":false,"_pose":"FreeFall","_animationQueue":[],"_animationSpeed":1,"_zoom":20.656},{"_mousePosition":[808,360],"_rootPartCFrame":[762.748,225.413,46.183,0.081,0,0.997,0,1,0,-0.997,0,0.081],"_humanoidState":5,"_cameraCFrame":[768.495,246.735,47.029,0.146,-0.949,0.278,0,0.281,0.96,-0.989,-0.14,0.041],"_shiftlockState":false,"_pose":"FreeFall","_animationQueue":[],"_animationSpeed":1,"_zoom":20.656},{"_mousePosition":[808,360],"_rootPartCFrame":[762.483,224.654,46.149,0.086,0,0.996,0,1,0,-0.996,0,0.086],"_humanoidState":5,"_cameraCFrame":[768.214,245.977,47.097,0.163,-0.947,0.277,0,0.281,0.96,-0.987,-0.157,0.046],"_shiftlockState":false,"_pose":"FreeFall","_animationQueue":[["fall",0.3]],"_animationSpeed":1,"_zoom":20.656},{"_mousePosition":[808,360],"_rootPartCFrame":[762.219,223.841,46.111,0.094,0,0.996,0,1,0,-0.996,0,0.094],"_humanoidState":5,"_cameraCFrame":[767.973,245.152,47.153,0.178,-0.944,0.279,0,0.283,0.959,-0.984,-0.171,0.05],"_shiftlockState":false,"_pose":"FreeFall","_animationQueue":[],"_animationSpeed":1,"_zoom":20.656},{"_mousePosition":[808,360],"_rootPartCFrame":[761.956,222.974,46.068,0.102,0,0.995,0,1,0,-0.995,0,0.102],"_humanoidState":5,"_cameraCFrame":[767.696,244.285,47.182,0.191,-0.942,0.278,0,0.283,0.959,-0.982,-0.183,0.054],"_shiftlockState":false,"_pose":"FreeFall","_animationQueue":[],"_animationSpeed":1,"_zoom":20.656},{"_mousePosition":[808,360],"_rootPartCFrame":[761.694,222.358,46.021,0.112,0,0.994,0,1,0,-0.994,0,0.112],"_humanoidState":7,"_cameraCFrame":[767.434,243.669,47.136,0.191,-0.942,0.278,0,0.283,0.959,-0.982,-0.183,0.054],"_shiftlockState":false,"_pose":"FreeFall","_animationQueue":[["walk",0.1],["fall",0.3],["fall",0.3]],"_animationSpeed":1,"_zoom":20.656},{"_mousePosition":[808,360],"_rootPartCFrame":[761.432,222.42,45.971,0.123,0,0.992,0,1,0,-0.992,0,0.123],"_humanoidState":7,"_cameraCFrame":[767.172,243.731,47.085,0.191,-0.942,0.278,0,0.283,0.959,-0.982,-0.183,0.054],"_shiftlockState":false,"_pose":"FreeFall","_animationQueue":[],"_animationSpeed":1,"_zoom":20.656},{"_mousePosition":[808,360],"_rootPartCFrame":[761.104,222.556,45.907,0.134,0,0.991,0,1,0,-0.991,0,0.134],"_humanoidState":8,"_cameraCFrame":[766.845,243.867,47.022,0.191,-0.942,0.278,0,0.283,0.959,-0.982,-0.183,0.054],"_shiftlockState":false,"_pose":"Running","_animationQueue":[["walk",0.1],["fall",0.3],["walk",0.1]],"_animationSpeed":1.103,"_zoom":20.656},{"_mousePosition":[808,360],"_rootPartCFrame":[760.843,222.621,45.857,0.142,0,0.99,0,1,0,-0.99,0,0.142],"_humanoidState":8,"_cameraCFrame":[766.583,243.932,46.971,0.191,-0.942,0.278,0,0.283,0.959,-0.982,-0.183,0.054],"_shiftlockState":false,"_pose":"Running","_animationQueue":[["walk",0.1]],"_animationSpeed":1.103,"_zoom":20.656},{"_mousePosition":[808,360],"_rootPartCFrame":[760.581,222.657,45.806,0.149,0,0.989,0,1,0,-0.989,0,0.149],"_humanoidState":8,"_cameraCFrame":[766.321,243.968,46.92,0.191,-0.942,0.278,0,0.283,0.959,-0.982,-0.183,0.054],"_shiftlockState":false,"_pose":"Running","_animationQueue":[],"_animationSpeed":1.103,"_zoom":20.656},{"_mousePosition":[808,360],"_rootPartCFrame":[760.254,223.727,45.742,0.157,0,0.988,0,1,0,-0.988,0,0.157],"_humanoidState":3,"_cameraCFrame":[765.994,245.038,46.857,0.191,-0.942,0.278,0,0.283,0.959,-0.982,-0.183,0.054],"_shiftlockState":false,"_pose":"Jumping","_animationQueue":[["walk",0.1],["jump",0.1]],"_animationSpeed":1,"_zoom":20.656},{"_mousePosition":[808,360],"_rootPartCFrame":[760.057,224.329,45.704,0.161,0,0.987,0,1,0,-0.987,0,0.161],"_humanoidState":5,"_cameraCFrame":[765.798,245.64,46.818,0.191,-0.942,0.278,0,0.283,0.959,-0.982,-0.183,0.054],"_shiftlockState":false,"_pose":"FreeFall","_animationQueue":[["jump",0.1]],"_animationSpeed":1,"_zoom":20.656},{"_mousePosition":[808,360],"_rootPartCFrame":[759.796,225.083,45.653,0.165,0,0.986,0,1,0,-0.986,0,0.165],"_humanoidState":5,"_cameraCFrame":[765.536,246.394,46.768,0.191,-0.942,0.278,0,0.283,0.959,-0.982,-0.183,0.054],"_shiftlockState":false,"_pose":"FreeFall","_animationQueue":[],"_animationSpeed":1,"_zoom":20.656},{"_mousePosition":[808,360],"_rootPartCFrame":[759.534,225.782,45.603,0.169,0,0.986,0,1,0,-0.986,0,0.169],"_humanoidState":5,"_cameraCFrame":[765.274,247.093,46.717,0.191,-0.942,0.278,0,0.283,0.959,-0.982,-0.183,0.054],"_shiftlockState":false,"_pose":"FreeFall","_animationQueue":[],"_animationSpeed":1,"_zoom":20.656},{"_mousePosition":[808,360],"_rootPartCFrame":[759.272,226.427,45.552,0.172,0,0.985,0,1,0,-0.985,0,0.172],"_humanoidState":5,"_cameraCFrame":[765.013,247.738,46.666,0.191,-0.942,0.278,0,0.283,0.959,-0.982,-0.183,0.054],"_shiftlockState":false,"_pose":"FreeFall","_animationQueue":[],"_animationSpeed":1,"_zoom":20.656},{"_mousePosition":[808,360],"_rootPartCFrame":[759.01,227.017,45.501,0.174,0,0.985,0,1,0,-0.985,0,0.174],"_humanoidState":5,"_cameraCFrame":[764.786,248.317,46.637,0.193,-0.941,0.28,0,0.285,0.959,-0.981,-0.185,0.055],"_shiftlockState":false,"_pose":"FreeFall","_animationQueue":[],"_animationSpeed":1,"_zoom":20.656},{"_mousePosition":[808,360],"_rootPartCFrame":[758.749,227.553,45.45,0.177,0,0.984,0,1,0,-0.984,0,0.177],"_humanoidState":5,"_cameraCFrame":[764.524,248.853,46.586,0.193,-0.941,0.28,0,0.285,0.959,-0.981,-0.185,0.055],"_shiftlockState":false,"_pose":"FreeFall","_animationQueue":[],"_animationSpeed":1,"_zoom":20.656},{"_mousePosition":[808,360],"_rootPartCFrame":[758.487,228.035,45.399,0.179,0,0.984,0,1,0,-0.984,0,0.179],"_humanoidState":5,"_cameraCFrame":[764.3,249.323,46.542,0.193,-0.94,0.281,0,0.287,0.958,-0.981,-0.185,0.055],"_shiftlockState":false,"_pose":"FreeFall","_animationQueue":[],"_animationSpeed":1,"_zoom":20.656},{"_mousePosition":[808,360],"_rootPartCFrame":[758.225,228.461,45.347,0.181,0,0.984,0,1,0,-0.984,0,0.181],"_humanoidState":5,"_cameraCFrame":[764.042,249.749,46.476,0.191,-0.94,0.282,0,0.287,0.958,-0.982,-0.183,0.055],"_shiftlockState":false,"_pose":"FreeFall","_animationQueue":[],"_animationSpeed":1,"_zoom":20.656},{"_mousePosition":[808,360],"_rootPartCFrame":[757.964,228.834,45.296,0.183,0,0.983,0,1,0,-0.983,0,0.183],"_humanoidState":5,"_cameraCFrame":[763.82,250.11,46.417,0.188,-0.94,0.284,0,0.289,0.957,-0.982,-0.18,0.054],"_shiftlockState":false,"_pose":"FreeFall","_animationQueue":[],"_animationSpeed":1,"_zoom":20.656},{"_mousePosition":[808,360],"_rootPartCFrame":[757.702,229.152,45.245,0.184,0,0.983,0,1,0,-0.983,0,0.184],"_humanoidState":5,"_cameraCFrame":[763.564,250.428,46.337,0.183,-0.941,0.284,0,0.289,0.957,-0.983,-0.175,0.053],"_shiftlockState":false,"_pose":"FreeFall","_animationQueue":[],"_animationSpeed":1,"_zoom":20.656},{"_mousePosition":[808,360],"_rootPartCFrame":[757.44,229.415,45.195,0.185,0,0.983,0,1,0,-0.983,0,0.185],"_humanoidState":5,"_cameraCFrame":[763.308,250.692,46.257,0.178,-0.942,0.284,0,0.289,0.957,-0.984,-0.171,0.051],"_shiftlockState":false,"_pose":"FreeFall","_animationQueue":[],"_animationSpeed":1,"_zoom":20.656},{"_mousePosition":[808,360],"_rootPartCFrame":[757.178,229.624,45.146,0.185,0,0.983,0,1,0,-0.983,0,0.185],"_humanoidState":5,"_cameraCFrame":[763.048,250.9,46.193,0.176,-0.943,0.284,0,0.289,0.957,-0.984,-0.168,0.051],"_shiftlockState":false,"_pose":"FreeFall","_animationQueue":[],"_animationSpeed":1,"_zoom":20.656},{"_mousePosition":[808,360],"_rootPartCFrame":[756.915,229.778,45.098,0.184,0,0.983,0,1,0,-0.983,0,0.184],"_humanoidState":5,"_cameraCFrame":[762.829,251.043,46.122,0.171,-0.943,0.286,0,0.291,0.957,-0.985,-0.163,0.05],"_shiftlockState":false,"_pose":"FreeFall","_animationQueue":[],"_animationSpeed":1,"_zoom":20.656},{"_mousePosition":[808,360],"_rootPartCFrame":[756.653,229.878,45.051,0.183,0,0.983,0,1,0,-0.983,0,0.183],"_humanoidState":5,"_cameraCFrame":[762.612,251.131,46.036,0.163,-0.943,0.289,0,0.292,0.956,-0.987,-0.156,0.048],"_shiftlockState":false,"_pose":"FreeFall","_animationQueue":[],"_animationSpeed":1,"_zoom":20.656},{"_mousePosition":[808,360],"_rootPartCFrame":[756.39,229.924,45.005,0.181,0,0.983,0,1,0,-0.983,0,0.181],"_humanoidState":5,"_cameraCFrame":[762.359,251.177,45.93,0.153,-0.945,0.289,0,0.292,0.956,-0.988,-0.146,0.045],"_shiftlockState":false,"_pose":"FreeFall","_animationQueue":[],"_animationSpeed":1,"_zoom":20.656},{"_mousePosition":[808,360],"_rootPartCFrame":[756.127,229.915,44.961,0.179,0,0.984,0,1,0,-0.984,0,0.179],"_humanoidState":5,"_cameraCFrame":[762.143,251.156,45.832,0.143,-0.946,0.291,0,0.294,0.956,-0.99,-0.137,0.042],"_shiftlockState":false,"_pose":"FreeFall","_animationQueue":[],"_animationSpeed":1,"_zoom":20.656},{"_mousePosition":[808,360],"_rootPartCFrame":[755.864,229.851,44.92,0.176,0,0.984,0,1,0,-0.984,0,0.176],"_humanoidState":5,"_cameraCFrame":[761.927,251.08,45.735,0.133,-0.947,0.294,0,0.296,0.955,-0.991,-0.127,0.039],"_shiftlockState":false,"_pose":"FreeFall","_animationQueue":[],"_animationSpeed":1,"_zoom":20.656},{"_mousePosition":[808,360],"_rootPartCFrame":[755.6,229.733,44.882,0.172,0,0.985,0,1,0,-0.985,0,0.172],"_humanoidState":5,"_cameraCFrame":[761.671,250.962,45.635,0.123,-0.948,0.294,0,0.296,0.955,-0.992,-0.118,0.036],"_shiftlockState":false,"_pose":"FreeFall","_animationQueue":[["fall",0.3]],"_animationSpeed":1,"_zoom":20.656},{"_mousePosition":[808,360],"_rootPartCFrame":[755.336,229.56,44.846,0.167,0,0.986,0,1,0,-0.986,0,0.167],"_humanoidState":5,"_cameraCFrame":[761.49,250.766,45.546,0.113,-0.948,0.298,0,0.3,0.954,-0.994,-0.108,0.034],"_shiftlockState":false,"_pose":"FreeFall","_animationQueue":[],"_animationSpeed":1,"_zoom":20.656},{"_mousePosition":[808,360],"_rootPartCFrame":[755.005,229.268,44.804,0.16,0,0.987,0,1,0,-0.987,0,0.16],"_humanoidState":5,"_cameraCFrame":[761.203,250.461,45.462,0.105,-0.948,0.3,0,0.302,0.953,-0.994,-0.101,0.032],"_shiftlockState":false,"_pose":"FreeFall","_animationQueue":[],"_animationSpeed":1,"_zoom":20.656},{"_mousePosition":[808,360],"_rootPartCFrame":[754.806,229.052,44.781,0.156,0,0.988,0,1,0,-0.988,0,0.156],"_humanoidState":5,"_cameraCFrame":[761.087,250.22,45.383,0.095,-0.948,0.304,0,0.305,0.952,-0.995,-0.091,0.029],"_shiftlockState":false,"_pose":"FreeFall","_animationQueue":[],"_animationSpeed":1,"_zoom":20.656},{"_mousePosition":[808,360],"_rootPartCFrame":[754.541,228.715,44.753,0.149,0,0.989,0,1,0,-0.989,0,0.149],"_humanoidState":5,"_cameraCFrame":[760.905,249.86,45.282,0.083,-0.948,0.308,0,0.309,0.951,-0.997,-0.079,0.026],"_shiftlockState":false,"_pose":"FreeFall","_animationQueue":[],"_animationSpeed":1,"_zoom":20.656},{"_mousePosition":[808,360],"_rootPartCFrame":[754.276,228.325,44.727,0.142,0,0.99,0,1,0,-0.99,0,0.142],"_humanoidState":5,"_cameraCFrame":[760.724,249.444,45.148,0.065,-0.948,0.312,0,0.313,0.95,-0.998,-0.062,0.02],"_shiftlockState":false,"_pose":"FreeFall","_animationQueue":[],"_animationSpeed":1,"_zoom":20.656},{"_mousePosition":[808,360],"_rootPartCFrame":[754.01,227.88,44.704,0.134,0,0.991,0,1,0,-0.991,0,0.134],"_humanoidState":5,"_cameraCFrame":[760.541,248.974,45.031,0.05,-0.947,0.316,0,0.317,0.949,-0.999,-0.047,0.016],"_shiftlockState":false,"_pose":"FreeFall","_animationQueue":[["fall",0.3]],"_animationSpeed":1,"_zoom":20.656},{"_mousePosition":[808,360],"_rootPartCFrame":[753.744,227.38,44.686,0.126,0,0.992,0,1,0,-0.992,0,0.126],"_humanoidState":5,"_cameraCFrame":[760.393,248.435,44.918,0.035,-0.946,0.322,0,0.322,0.947,-0.999,-0.033,0.011],"_shiftlockState":false,"_pose":"FreeFall","_animationQueue":[],"_animationSpeed":1,"_zoom":20.656},{"_mousePosition":[808,360],"_rootPartCFrame":[753.478,226.826,44.672,0.116,0,0.993,0,1,0,-0.993,0,0.116],"_humanoidState":5,"_cameraCFrame":[760.206,247.855,44.805,0.02,-0.945,0.326,0,0.326,0.945,-1,-0.019,0.006],"_shiftlockState":false,"_pose":"FreeFall","_animationQueue":[],"_animationSpeed":1,"_zoom":20.656},{"_mousePosition":[808,360],"_rootPartCFrame":[753.211,226.217,44.663,0.105,0,0.994,0,1,0,-0.994,0,0.105],"_humanoidState":5,"_cameraCFrame":[760.016,247.22,44.693,0.004,-0.944,0.329,0,0.329,0.944,-1,-0.004,0.001],"_shiftlockState":false,"_pose":"FreeFall","_animationQueue":[],"_animationSpeed":1,"_zoom":20.656},{"_mousePosition":[808,360],"_rootPartCFrame":[752.945,225.554,44.657,0.094,0,0.996,0,1,0,-0.996,0,0.094],"_humanoidState":5,"_cameraCFrame":[759.788,246.544,44.583,-0.011,-0.943,0.331,0,0.331,0.944,-1,0.01,-0.004],"_shiftlockState":false,"_pose":"FreeFall","_animationQueue":[],"_animationSpeed":1,"_zoom":20.656},{"_mousePosition":[808,360],"_rootPartCFrame":[752.678,224.837,44.655,0.082,0,0.997,0,1,0,-0.997,0,0.082],"_humanoidState":5,"_cameraCFrame":[759.632,245.786,44.457,-0.028,-0.941,0.337,0,0.337,0.942,-1,0.027,-0.01],"_shiftlockState":false,"_pose":"FreeFall","_animationQueue":[],"_animationSpeed":1,"_zoom":20.656},{"_mousePosition":[808,360],"_rootPartCFrame":[752.411,224.065,44.657,0.07,0,0.998,0,1,0,-0.998,0,0.07],"_humanoidState":5,"_cameraCFrame":[759.511,244.959,44.293,-0.051,-0.938,0.344,0,0.344,0.939,-0.999,0.048,-0.018],"_shiftlockState":false,"_pose":"FreeFall","_animationQueue":[],"_animationSpeed":1,"_zoom":20.656},{"_mousePosition":[808,360],"_rootPartCFrame":[752.145,223.238,44.664,0.057,0,0.998,0,1,0,-0.998,0,0.057],"_humanoidState":5,"_cameraCFrame":[759.372,244.076,43.981,-0.094,-0.932,0.35,0,0.351,0.936,-0.996,0.088,-0.033],"_shiftlockState":false,"_pose":"FreeFall","_animationQueue":[["fall",0.3]],"_animationSpeed":1,"_zoom":20.656},{"_mousePosition":[808,360],"_rootPartCFrame":[751.878,222.468,44.677,0.043,0,0.999,0,1,0,-0.999,0,0.043],"_humanoidState":7,"_cameraCFrame":[759.156,243.278,43.765,-0.124,-0.928,0.352,0,0.355,0.935,-0.992,0.116,-0.044],"_shiftlockState":false,"_pose":"FreeFall","_animationQueue":[["walk",0.1],["fall",0.3],["fall",0.3]],"_animationSpeed":1,"_zoom":20.656},{"_mousePosition":[808,360],"_rootPartCFrame":[751.613,222.434,44.7,0.026,0,1,0,1,0,-1,0,0.026],"_humanoidState":7,"_cameraCFrame":[758.942,243.215,43.612,-0.147,-0.923,0.355,0,0.359,0.933,-0.989,0.137,-0.053],"_shiftlockState":false,"_pose":"FreeFall","_animationQueue":[],"_animationSpeed":1,"_zoom":20.656},{"_mousePosition":[808,360],"_rootPartCFrame":[751.282,222.557,44.741,0.002,0,1,0,1,0,-1,0,0.002],"_humanoidState":8,"_cameraCFrame":[758.631,243.324,43.535,-0.162,-0.92,0.356,0,0.361,0.933,-0.987,0.151,-0.058],"_shiftlockState":false,"_pose":"Running","_animationQueue":[["walk",0.1],["fall",0.3],["walk",0.1]],"_animationSpeed":1.103,"_zoom":20.656},{"_mousePosition":[808,360],"_rootPartCFrame":[751.018,222.621,44.779,-0.018,0,1,0,1,0,-1,0,-0.018],"_humanoidState":8,"_cameraCFrame":[758.429,243.359,43.487,-0.172,-0.917,0.359,0,0.364,0.931,-0.985,0.16,-0.063],"_shiftlockState":false,"_pose":"Running","_animationQueue":[],"_animationSpeed":1.103,"_zoom":20.656},{"_mousePosition":[808,360],"_rootPartCFrame":[750.755,222.657,44.822,-0.038,0,0.999,0,1,0,-0.999,0,-0.038],"_humanoidState":8,"_cameraCFrame":[758.156,243.395,43.473,-0.179,-0.916,0.358,0,0.364,0.931,-0.984,0.167,-0.065],"_shiftlockState":false,"_pose":"Running","_animationQueue":[],"_animationSpeed":1.103,"_zoom":20.656},{"_mousePosition":[808,360],"_rootPartCFrame":[750.492,222.677,44.868,-0.056,0,0.998,0,1,0,-0.998,0,-0.056],"_humanoidState":8,"_cameraCFrame":[757.916,243.4,43.437,-0.189,-0.914,0.359,0,0.366,0.931,-0.982,0.176,-0.069],"_shiftlockState":false,"_pose":"Running","_animationQueue":[],"_animationSpeed":1.103,"_zoom":20.656},{"_mousePosition":[808,360],"_rootPartCFrame":[750.23,222.687,44.915,-0.072,0,0.997,0,1,0,-0.997,0,-0.072],"_humanoidState":8,"_cameraCFrame":[757.638,243.41,43.409,-0.199,-0.912,0.359,0,0.366,0.931,-0.98,0.185,-0.073],"_shiftlockState":false,"_pose":"Running","_animationQueue":[["walk",0.1]],"_animationSpeed":1.103,"_zoom":20.656},{"_mousePosition":[808,360],"_rootPartCFrame":[749.968,222.693,44.966,-0.088,0,0.996,0,1,0,-0.996,0,-0.088],"_humanoidState":8,"_cameraCFrame":[757.385,243.401,43.321,-0.217,-0.908,0.359,0,0.368,0.93,-0.976,0.201,-0.08],"_shiftlockState":false,"_pose":"Running","_animationQueue":[],"_animationSpeed":1.103,"_zoom":20.656},{"_mousePosition":[808,360],"_rootPartCFrame":[749.706,222.696,45.019,-0.103,0,0.995,0,1,0,-0.995,0,-0.103],"_humanoidState":8,"_cameraCFrame":[757.125,243.389,43.215,-0.236,-0.903,0.359,0,0.37,0.929,-0.972,0.22,-0.087],"_shiftlockState":false,"_pose":"Running","_animationQueue":[],"_animationSpeed":1.103,"_zoom":20.656},{"_mousePosition":[808,360],"_rootPartCFrame":[749.446,222.698,45.076,-0.118,0,0.993,0,1,0,-0.993,0,-0.118],"_humanoidState":8,"_cameraCFrame":[756.832,243.391,43.141,-0.253,-0.899,0.358,0,0.37,0.929,-0.967,0.235,-0.094],"_shiftlockState":false,"_pose":"Running","_animationQueue":[],"_animationSpeed":1.103,"_zoom":20.656},{"_mousePosition":[808,360],"_rootPartCFrame":[749.187,222.699,45.138,-0.134,0,0.991,0,1,0,-0.991,0,-0.134],"_humanoidState":8,"_cameraCFrame":[756.583,243.377,43.1,-0.266,-0.895,0.358,0,0.371,0.928,-0.964,0.247,-0.099],"_shiftlockState":false,"_pose":"Running","_animationQueue":[],"_animationSpeed":1.103,"_zoom":20.656},{"_mousePosition":[808,360],"_rootPartCFrame":[748.929,222.699,45.206,-0.15,0,0.989,0,1,0,-0.989,0,-0.15],"_humanoidState":8,"_cameraCFrame":[756.325,243.377,43.168,-0.266,-0.895,0.358,0,0.371,0.928,-0.964,0.247,-0.099],"_shiftlockState":false,"_pose":"Running","_animationQueue":[],"_animationSpeed":1.103,"_zoom":20.656},{"_mousePosition":[808,360],"_rootPartCFrame":[748.672,222.699,45.276,-0.166,0,0.986,0,1,0,-0.986,0,-0.166],"_humanoidState":8,"_cameraCFrame":[756.068,243.378,43.238,-0.266,-0.895,0.358,0,0.371,0.928,-0.964,0.247,-0.099],"_shiftlockState":false,"_pose":"Running","_animationQueue":[],"_animationSpeed":1.103,"_zoom":20.656},{"_mousePosition":[808,360],"_rootPartCFrame":[748.414,222.7,45.347,-0.179,0,0.984,0,1,0,-0.984,0,-0.179],"_humanoidState":8,"_cameraCFrame":[755.811,243.378,43.309,-0.266,-0.895,0.358,0,0.371,0.928,-0.964,0.247,-0.099],"_shiftlockState":false,"_pose":"Running","_animationQueue":[["walk",0.1]],"_animationSpeed":1.103,"_zoom":20.656},{"_mousePosition":[808,360],"_rootPartCFrame":[748.157,222.7,45.418,-0.191,0,0.982,0,1,0,-0.982,0,-0.191],"_humanoidState":8,"_cameraCFrame":[755.549,243.378,43.361,-0.268,-0.894,0.358,0,0.371,0.928,-0.963,0.249,-0.1],"_shiftlockState":false,"_pose":"Running","_animationQueue":[],"_animationSpeed":1.103,"_zoom":20.656},{"_mousePosition":[808,360],"_rootPartCFrame":[747.917,222.7,45.432,-0.201,0,0.98,0,1,0,-0.98,0,-0.201],"_humanoidState":8,"_cameraCFrame":[755.309,243.378,43.376,-0.268,-0.894,0.358,0,0.371,0.928,-0.963,0.249,-0.1],"_shiftlockState":false,"_pose":"Running","_animationQueue":[],"_animationSpeed":1.103,"_zoom":20.656},{"_mousePosition":[808,360],"_rootPartCFrame":[747.665,222.7,45.482,-0.209,0,0.978,0,1,0,-0.978,0,-0.209],"_humanoidState":8,"_cameraCFrame":[755.056,243.378,43.425,-0.268,-0.894,0.358,0,0.371,0.928,-0.963,0.249,-0.1],"_shiftlockState":false,"_pose":"Running","_animationQueue":[["walk",0.1]],"_animationSpeed":0.941,"_zoom":20.656},{"_mousePosition":[808,360],"_rootPartCFrame":[747.409,222.7,45.535,-0.218,0,0.976,0,1,0,-0.976,0,-0.218],"_humanoidState":8,"_cameraCFrame":[754.801,243.378,43.478,-0.268,-0.894,0.358,0,0.371,0.928,-0.963,0.249,-0.1],"_shiftlockState":false,"_pose":"Running","_animationQueue":[["walk",0.1]],"_animationSpeed":1.073,"_zoom":20.656},{"_mousePosition":[808,360],"_rootPartCFrame":[747.154,223.583,45.582,-0.229,0.001,0.974,-0.003,1,-0.001,-0.974,-0.003,-0.229],"_humanoidState":3,"_cameraCFrame":[754.546,244.261,43.521,-0.268,-0.894,0.358,0,0.371,0.928,-0.963,0.249,-0.1],"_shiftlockState":false,"_pose":"Jumping","_animationQueue":[["walk",0.1],["jump",0.1]],"_animationSpeed":1,"_zoom":20.656},{"_mousePosition":[808,360],"_rootPartCFrame":[746.898,224.466,45.631,-0.24,0.001,0.971,-0.006,1,-0.002,-0.971,-0.006,-0.24],"_humanoidState":3,"_cameraCFrame":[754.327,245.129,43.555,-0.268,-0.894,0.36,0,0.373,0.928,-0.963,0.249,-0.1],"_shiftlockState":false,"_pose":"Jumping","_animationQueue":[],"_animationSpeed":1,"_zoom":20.656},{"_mousePosition":[808,360],"_rootPartCFrame":[746.641,225.315,45.698,-0.246,0.001,0.969,-0.003,1,-0.002,-0.969,-0.004,-0.246],"_humanoidState":5,"_cameraCFrame":[754.106,245.964,43.616,-0.268,-0.893,0.361,0,0.375,0.927,-0.963,0.249,-0.101],"_shiftlockState":false,"_pose":"FreeFall","_animationQueue":[["jump",0.1]],"_animationSpeed":1,"_zoom":20.656},{"_mousePosition":[808,360],"_rootPartCFrame":[746.384,226.11,45.771,-0.249,0,0.968,-0.001,1,0,-0.968,-0.001,-0.249],"_humanoidState":5,"_cameraCFrame":[753.859,246.758,43.73,-0.263,-0.894,0.362,0,0.375,0.927,-0.965,0.244,-0.099],"_shiftlockState":false,"_pose":"FreeFall","_animationQueue":[],"_animationSpeed":1,"_zoom":20.656},{"_mousePosition":[808,360],"_rootPartCFrame":[746.127,226.851,45.842,-0.252,0,0.968,0,1,0,-0.968,0,-0.252],"_humanoidState":5,"_cameraCFrame":[753.653,247.484,43.85,-0.256,-0.895,0.364,0,0.377,0.926,-0.967,0.237,-0.096],"_shiftlockState":false,"_pose":"FreeFall","_animationQueue":[],"_animationSpeed":1,"_zoom":20.656},{"_mousePosition":[808,360],"_rootPartCFrame":[745.87,227.536,45.913,-0.254,0,0.967,0,1,0,-0.967,0,-0.254],"_humanoidState":5,"_cameraCFrame":[753.446,248.154,43.969,-0.249,-0.896,0.367,0,0.379,0.926,-0.969,0.23,-0.094],"_shiftlockState":false,"_pose":"FreeFall","_animationQueue":[],"_animationSpeed":1,"_zoom":20.656},{"_mousePosition":[808,360],"_rootPartCFrame":[745.612,228.168,45.981,-0.254,0,0.967,0,1,0,-0.967,0,-0.254],"_humanoidState":5,"_cameraCFrame":[753.198,248.785,44.076,-0.244,-0.898,0.367,0,0.379,0.926,-0.97,0.225,-0.092],"_shiftlockState":false,"_pose":"FreeFall","_animationQueue":[],"_animationSpeed":1,"_zoom":20.656},{"_mousePosition":[808,360],"_rootPartCFrame":[745.354,228.744,46.048,-0.254,0,0.967,0,1,0,-0.967,0,-0.254],"_humanoidState":5,"_cameraCFrame":[752.94,249.362,44.142,-0.244,-0.898,0.367,0,0.379,0.926,-0.97,0.225,-0.092],"_shiftlockState":false,"_pose":"FreeFall","_animationQueue":[],"_animationSpeed":1,"_zoom":20.656},{"_mousePosition":[808,360],"_rootPartCFrame":[745.096,229.267,46.113,-0.253,0,0.968,0,1,0,-0.968,0,-0.253],"_humanoidState":5,"_cameraCFrame":[752.691,249.884,44.246,-0.239,-0.899,0.368,0,0.379,0.926,-0.971,0.221,-0.09],"_shiftlockState":false,"_pose":"FreeFall","_animationQueue":[],"_animationSpeed":1,"_zoom":20.656},{"_mousePosition":[808,360],"_rootPartCFrame":[744.837,229.734,46.178,-0.252,0,0.968,0,1,0,-0.968,0,-0.252],"_humanoidState":5,"_cameraCFrame":[752.442,250.352,44.349,-0.234,-0.9,0.368,0,0.379,0.926,-0.972,0.216,-0.089],"_shiftlockState":false,"_pose":"FreeFall","_animationQueue":[],"_animationSpeed":1,"_zoom":20.656},{"_mousePosition":[808,360],"_rootPartCFrame":[744.578,230.148,46.242,-0.25,0,0.968,0,1,0,-0.968,0,-0.25],"_humanoidState":5,"_cameraCFrame":[752.201,250.766,44.49,-0.224,-0.902,0.369,0,0.379,0.926,-0.975,0.207,-0.085],"_shiftlockState":false,"_pose":"FreeFall","_animationQueue":[],"_animationSpeed":1,"_zoom":20.656},{"_mousePosition":[808,360],"_rootPartCFrame":[744.319,230.506,46.304,-0.248,0,0.969,0,1,0,-0.969,0,-0.248],"_humanoidState":5,"_cameraCFrame":[751.968,251.124,44.669,-0.209,-0.905,0.37,0,0.379,0.926,-0.978,0.194,-0.079],"_shiftlockState":false,"_pose":"FreeFall","_animationQueue":[],"_animationSpeed":1,"_zoom":20.656},{"_mousePosition":[808,360],"_rootPartCFrame":[744.059,230.811,46.364,-0.245,0,0.969,0,1,0,-0.969,0,-0.245],"_humanoidState":5,"_cameraCFrame":[751.736,251.429,44.865,-0.192,-0.908,0.372,0,0.379,0.926,-0.981,0.177,-0.073],"_shiftlockState":false,"_pose":"FreeFall","_animationQueue":[],"_animationSpeed":1,"_zoom":20.656},{"_mousePosition":[808,360],"_rootPartCFrame":[743.798,231.06,46.421,-0.241,0,0.971,0,1,0,-0.971,0,-0.241],"_humanoidState":5,"_cameraCFrame":[751.497,251.678,45.038,-0.177,-0.911,0.373,0,0.379,0.926,-0.984,0.164,-0.067],"_shiftlockState":false,"_pose":"FreeFall","_animationQueue":[],"_animationSpeed":1,"_zoom":20.656},{"_mousePosition":[808,360],"_rootPartCFrame":[743.537,231.256,46.473,-0.235,0,0.972,0,1,0,-0.972,0,-0.235],"_humanoidState":5,"_cameraCFrame":[751.255,251.874,45.207,-0.162,-0.913,0.374,0,0.379,0.926,-0.987,0.15,-0.061],"_shiftlockState":false,"_pose":"FreeFall","_animationQueue":[],"_animationSpeed":1,"_zoom":20.656},{"_mousePosition":[808,360],"_rootPartCFrame":[743.274,231.397,46.52,-0.228,0,0.974,0,1,0,-0.974,0,-0.228],"_humanoidState":5,"_came