[{"_mousePosition":[1173,368],"_rootPartCFrame":[776.028,222.95,47.142,0,0,1,0,1,0,-1,0,0],"_humanoidState":8,"_cameraCFrame":[778.063,237.221,40.049,-0.961,-0.239,0.138,0,0.5,0.866,-0.276,0.832,-0.481],"_shiftlockState":false,"_pose":"Standing","_animationQueue":[],"_animationSpeed":1,"_zoom":14.75},{"_mousePosition":[1176,376],"_rootPartCFrame":[775.791,222.832,47.074,0.039,0,0.999,0,1,0,-0.999,0,0.039],"_humanoidState":8,"_cameraCFrame":[777.826,237.103,39.981,-0.961,-0.239,0.138,0,0.5,0.866,-0.276,0.832,-0.481],"_shiftlockState":false,"_pose":"Standing","_animationQueue":[],"_animationSpeed":1,"_zoom":14.75},{"_mousePosition":[1179,384],"_rootPartCFrame":[775.535,222.672,47.001,0.071,0,0.997,0,1,0,-0.997,0,0.071],"_humanoidState":8,"_cameraCFrame":[777.57,236.943,39.907,-0.961,-0.239,0.138,0,0.5,0.866,-0.276,0.832,-0.481],"_shiftlockState":false,"_pose":"Running","_animationQueue":[["walk",0.1]],"_animationSpeed":1.066,"_zoom":14.75},{"_mousePosition":[1184,397],"_rootPartCFrame":[775.279,222.653,46.927,0.099,0,0.995,0,1,0,-0.995,0,0.099],"_humanoidState":8,"_cameraCFrame":[777.314,236.924,39.834,-0.961,-0.239,0.138,0,0.5,0.866,-0.276,0.832,-0.481],"_shiftlockState":false,"_pose":"Running","_animationQueue":[],"_animationSpeed":1.066,"_zoom":14.75},{"_mousePosition":[1189,406],"_rootPartCFrame":[775.023,222.669,46.854,0.124,0,0.992,0,1,0,-0.992,0,0.124],"_humanoidState":8,"_cameraCFrame":[777.058,236.941,39.76,-0.961,-0.239,0.138,0,0.5,0.866,-0.276,0.832,-0.481],"_shiftlockState":false,"_pose":"Running","_animationQueue":[["walk",0.1]],"_animationSpeed":1.066,"_zoom":14.75},{"_mousePosition":[1196,419],"_rootPartCFrame":[774.766,222.683,46.78,0.144,0,0.99,0,1,0,-0.99,0,0.144],"_humanoidState":8,"_cameraCFrame":[776.801,236.954,39.687,-0.961,-0.239,0.138,0,0.5,0.866,-0.276,0.832,-0.481],"_shiftlockState":false,"_pose":"Running","_animationQueue":[],"_animationSpeed":1.066,"_zoom":14.75},{"_mousePosition":[1200,427],"_rootPartCFrame":[774.51,222.69,46.706,0.162,0,0.987,0,1,0,-0.987,0,0.162],"_humanoidState":8,"_cameraCFrame":[776.545,236.962,39.613,-0.961,-0.239,0.138,0,0.5,0.866,-0.276,0.832,-0.481],"_shiftlockState":false,"_pose":"Running","_animationQueue":[],"_animationSpeed":1.066,"_zoom":14.75},{"_mousePosition":[1203,437],"_rootPartCFrame":[774.254,222.695,46.633,0.178,0,0.984,0,1,0,-0.984,0,0.178],"_humanoidState":8,"_cameraCFrame":[776.289,236.966,39.539,-0.961,-0.239,0.138,0,0.5,0.866,-0.276,0.832,-0.481],"_shiftlockState":false,"_pose":"Running","_animationQueue":[],"_animationSpeed":1.066,"_zoom":14.75},{"_mousePosition":[1203,437],"_rootPartCFrame":[773.997,222.697,46.559,0.191,0,0.982,0,1,0,-0.982,0,0.191],"_humanoidState":8,"_cameraCFrame":[776.017,237.074,39.655,-0.96,-0.245,0.137,0,0.488,0.873,-0.281,0.838,-0.468],"_shiftlockState":false,"_pose":"Running","_animationQueue":[],"_animationSpeed":1.066,"_zoom":14.75},{"_mousePosition":[1203,437],"_rootPartCFrame":[773.741,222.698,46.486,0.203,0,0.979,0,1,0,-0.979,0,0.203],"_humanoidState":8,"_cameraCFrame":[774.024,237.229,39.362,-0.959,-0.251,0.133,0,0.469,0.883,-0.284,0.847,-0.449],"_shiftlockState":true,"_pose":"Running","_animationQueue":[],"_animationSpeed":1.066,"_zoom":14.75},{"_mousePosition":[683,384],"_rootPartCFrame":[773.421,222.699,46.392,-0.98,0,0.199,0,1,0,-0.199,0,-0.98],"_humanoidState":8,"_cameraCFrame":[773.705,237.23,39.269,-0.959,-0.251,0.133,0,0.469,0.883,-0.284,0.847,-0.449],"_shiftlockState":true,"_pose":"Running","_animationQueue":[["walk",0.1]],"_animationSpeed":1.066,"_zoom":14.75},{"_mousePosition":[683,384],"_rootPartCFrame":[773.229,222.699,46.336,-0.966,0,0.259,0,1,0,-0.259,0,-0.966],"_humanoidState":8,"_cameraCFrame":[773.456,237.372,39.476,-0.958,-0.256,0.129,0,0.45,0.893,-0.287,0.856,-0.431],"_shiftlockState":true,"_pose":"Running","_animationQueue":[],"_animationSpeed":1.066,"_zoom":14.75},{"_mousePosition":[683,384],"_rootPartCFrame":[772.974,222.699,46.26,-0.96,0,0.281,0,1,0,-0.281,0,-0.96],"_humanoidState":8,"_cameraCFrame":[773.156,237.508,39.667,-0.956,-0.263,0.126,0,0.431,0.902,-0.292,0.863,-0.412],"_shiftlockState":true,"_pose":"Running","_animationQueue":[],"_animationSpeed":1.066,"_zoom":14.75},{"_mousePosition":[683,384],"_rootPartCFrame":[772.718,222.7,46.184,-0.957,0,0.291,0,1,0,-0.291,0,-0.957],"_humanoidState":8,"_cameraCFrame":[772.874,237.624,39.829,-0.954,-0.272,0.124,0,0.414,0.91,-0.299,0.869,-0.395],"_shiftlockState":true,"_pose":"Running","_animationQueue":[],"_animationSpeed":1.066,"_zoom":14.75},{"_mousePosition":[683,384],"_rootPartCFrame":[772.463,222.7,46.106,-0.954,0,0.299,0,1,0,-0.299,0,-0.954],"_humanoidState":8,"_cameraCFrame":[772.622,237.707,39.929,-0.951,-0.282,0.124,0,0.402,0.916,-0.308,0.871,-0.382],"_shiftlockState":true,"_pose":"Running","_animationQueue":[],"_animationSpeed":1.066,"_zoom":14.75},{"_mousePosition":[683,384],"_rootPartCFrame":[772.208,222.7,46.027,-0.951,0,0.308,0,1,0,-0.308,0,-0.951],"_humanoidState":8,"_cameraCFrame":[772.385,237.796,40.049,-0.947,-0.296,0.124,0,0.388,0.922,-0.321,0.873,-0.367],"_shiftlockState":true,"_pose":"Running","_animationQueue":[],"_animationSpeed":1.066,"_zoom":14.75},{"_mousePosition":[683,384],"_rootPartCFrame":[771.955,222.7,45.945,-0.947,0,0.321,0,1,0,-0.321,0,-0.947],"_humanoidState":8,"_cameraCFrame":[772.153,237.877,40.157,-0.942,-0.31,0.125,0,0.374,0.927,-0.335,0.874,-0.353],"_shiftlockState":true,"_pose":"Running","_animationQueue":[],"_animationSpeed":1.066,"_zoom":14.75},{"_mousePosition":[683,384],"_rootPartCFrame":[771.702,222.7,45.86,-0.942,0,0.335,0,1,0,-0.335,0,-0.942],"_humanoidState":8,"_cameraCFrame":[771.886,237.943,40.229,-0.94,-0.318,0.124,0,0.363,0.932,-0.342,0.876,-0.341],"_shiftlockState":true,"_pose":"Running","_animationQueue":[["walk",0.1]],"_animationSpeed":1.066,"_zoom":14.75},{"_mousePosition":[683,384],"_rootPartCFrame":[771.45,222.7,45.771,-0.94,0,0.342,0,1,0,-0.342,0,-0.94],"_humanoidState":8,"_cameraCFrame":[771.536,237.763,40.442,-0.939,-0.322,0.12,0,0.348,0.937,-0.343,0.88,-0.327],"_shiftlockState":true,"_pose":"Running","_animationQueue":[],"_animationSpeed":1.066,"_zoom":11.4},{"_mousePosition":[683,384],"_rootPartCFrame":[771.137,222.7,45.658,-0.939,0,0.343,0,1,0,-0.343,0,-0.939],"_humanoidState":8,"_cameraCFrame":[771.061,237.374,40.757,-0.94,-0.324,0.112,0,0.328,0.945,-0.342,0.887,-0.308],"_shiftlockState":true,"_pose":"Running","_animationQueue":[],"_animationSpeed":1.066,"_zoom":11.4},{"_mousePosition":[683,384],"_rootPartCFrame":[770.949,222.7,45.589,-0.94,0,0.342,0,1,0,-0.342,0,-0.94],"_humanoidState":8,"_cameraCFrame":[770.688,236.749,41.158,-0.941,-0.323,0.105,0,0.309,0.951,-0.34,0.895,-0.291],"_shiftlockState":true,"_pose":"Running","_animationQueue":[],"_animationSpeed":1.066,"_zoom":8.72},{"_mousePosition":[683,384],"_rootPartCFrame":[770.699,222.7,45.498,-0.941,0,0.34,0,1,0,-0.34,0,-0.941],"_humanoidState":8,"_cameraCFrame":[770.224,235.879,41.625,-0.942,-0.323,0.096,0,0.286,0.958,-0.337,0.902,-0.269],"_shiftlockState":true,"_pose":"Running","_animationQueue":[],"_animationSpeed":1.066,"_zoom":8.72},{"_mousePosition":[683,384],"_rootPartCFrame":[770.448,222.7,45.407,-0.942,0,0.337,0,1,0,-0.337,0,-0.942],"_humanoidState":8,"_cameraCFrame":[769.779,235.131,42.052,-0.943,-0.322,0.087,0,0.26,0.966,-0.334,0.91,-0.245],"_shiftlockState":true,"_pose":"Running","_animationQueue":[],"_animationSpeed":1.066,"_zoom":8.72},{"_mousePosition":[683,384],"_rootPartCFrame":[770.197,222.7,45.317,-0.943,0,0.334,0,1,0,-0.334,0,-0.943],"_humanoidState":8,"_cameraCFrame":[769.366,234.55,42.389,-0.944,-0.321,0.077,0,0.234,0.972,-0.33,0.918,-0.221],"_shiftlockState":true,"_pose":"Running","_animationQueue":[["walk",0.1]],"_animationSpeed":1.066,"_zoom":8.72},{"_mousePosition":[683,384],"_rootPartCFrame":[769.945,222.7,45.228,-0.944,0,0.33,0,1,0,-0.33,0,-0.944],"_humanoidState":8,"_cameraCFrame":[768.963,234.066,42.665,-0.947,-0.313,0.067,0,0.21,0.978,-0.32,0.926,-0.199],"_shiftlockState":true,"_pose":"Running","_animationQueue":[],"_animationSpeed":1.066,"_zoom":8.72},{"_mousePosition":[683,384],"_rootPartCFrame":[769.694,222.666,45.139,-0.948,0,0.32,0,1,0,-0.32,0,-0.948],"_humanoidState":8,"_cameraCFrame":[768.583,233.685,42.843,-0.954,-0.295,0.058,0,0.191,0.982,-0.301,0.936,-0.183],"_shiftlockState":true,"_pose":"Running","_animationQueue":[],"_animationSpeed":1.066,"_zoom":8.72},{"_mousePosition":[683,384],"_rootPartCFrame":[769.443,222.577,45.05,-0.954,0,0.301,0,1,0,-0.301,0,-0.954],"_humanoidState":8,"_cameraCFrame":[768.301,233.315,42.819,-0.955,-0.29,0.056,0,0.191,0.982,-0.296,0.938,-0.182],"_shiftlockState":true,"_pose":"Running","_animationQueue":[],"_animationSpeed":1.066,"_zoom":8.72},{"_mousePosition":[683,384],"_rootPartCFrame":[769.191,222.434,44.961,-0.955,0,0.296,0,1,0,-0.296,0,-0.955],"_humanoidState":8,"_cameraCFrame":[768.038,232.957,42.77,-0.955,-0.29,0.056,0,0.191,0.982,-0.296,0.938,-0.182],"_shiftlockState":true,"_pose":"Running","_animationQueue":[],"_animationSpeed":1.066,"_zoom":8.72},{"_mousePosition":[683,384],"_rootPartCFrame":[768.94,222.236,44.872,-0.955,0,0.296,0,1,0,-0.296,0,-0.955],"_humanoidState":8,"_cameraCFrame":[767.777,232.603,42.71,-0.955,-0.29,0.056,0,0.191,0.982,-0.296,0.938,-0.182],"_shiftlockState":true,"_pose":"Running","_animationQueue":[],"_animationSpeed":1.066,"_zoom":8.72},{"_mousePosition":[683,384],"_rootPartCFrame":[768.688,223.11,44.783,-0.955,0,0.296,0,1,0,-0.296,0,-0.955],"_humanoidState":3,"_cameraCFrame":[767.52,233.381,42.639,-0.955,-0.29,0.056,0,0.191,0.982,-0.296,0.938,-0.182],"_shiftlockState":true,"_pose":"Jumping","_animationQueue":[["walk",0.1],["walk",0.1],["jump",0.1]],"_animationSpeed":1,"_zoom":8.72},{"_mousePosition":[683,384],"_rootPartCFrame":[768.434,223.932,44.703,-0.924,0,0.382,0,1,0,-0.382,0,-0.924],"_humanoidState":5,"_cameraCFrame":[767.262,234.133,42.572,-0.955,-0.29,0.056,0,0.191,0.982,-0.296,0.938,-0.182],"_shiftlockState":true,"_pose":"FreeFall","_animationQueue":[["jump",0.1]],"_animationSpeed":1,"_zoom":8.72},{"_mousePosition":[683,384],"_rootPartCFrame":[768.179,224.699,44.624,-0.909,0,0.416,0,1,0,-0.416,0,-0.909],"_humanoidState":5,"_cameraCFrame":[767.005,234.855,42.501,-0.955,-0.29,0.056,0,0.191,0.982,-0.296,0.938,-0.182],"_shiftlockState":true,"_pose":"FreeFall","_animationQueue":[],"_animationSpeed":1,"_zoom":8.72},{"_mousePosition":[683,384],"_rootPartCFrame":[767.925,225.412,44.545,-0.908,0,0.42,0,1,0,-0.42,0,-0.908],"_humanoidState":5,"_cameraCFrame":[766.748,235.537,42.428,-0.955,-0.29,0.056,0,0.191,0.982,-0.296,0.938,-0.182],"_shiftlockState":true,"_pose":"FreeFall","_animationQueue":[],"_animationSpeed":1,"_zoom":8.72},{"_mousePosition":[683,384],"_rootPartCFrame":[767.734,225.911,44.486,-0.921,0,0.39,0,1,0,-0.39,0,-0.921],"_humanoidState":5,"_cameraCFrame":[766.556,236.014,42.373,-0.955,-0.29,0.056,0,0.191,0.982,-0.296,0.938,-0.182],"_shiftlockState":true,"_pose":"FreeFall","_animationQueue":[],"_animationSpeed":1,"_zoom":8.72},{"_mousePosition":[683,384],"_rootPartCFrame":[767.415,226.675,44.387,-0.893,0,0.45,0,1,0,-0.45,0,-0.893],"_humanoidState":5,"_cameraCFrame":[766.237,236.763,42.277,-0.955,-0.29,0.056,0,0.191,0.982,-0.296,0.938,-0.182],"_shiftlockState":true,"_pose":"FreeFall","_animationQueue":[],"_animationSpeed":1,"_zoom":8.72},{"_mousePosition":[683,384],"_rootPartCFrame":[767.161,227.224,44.309,-0.907,0,0.42,0,1,0,-0.42,0,-0.907],"_humanoidState":5,"_cameraCFrame":[765.982,237.303,42.2,-0.955,-0.29,0.056,0,0.191,0.982,-0.296,0.938,-0.182],"_shiftlockState":true,"_pose":"FreeFall","_animationQueue":[],"_animationSpeed":1,"_zoom":8.72},{"_mousePosition":[683,384],"_rootPartCFrame":[766.906,227.719,44.23,-0.907,0,0.42,0,1,0,-0.42,0,-0.907],"_humanoidState":5,"_cameraCFrame":[765.684,237.776,42.086,-0.964,-0.261,0.053,0,0.199,0.98,-0.267,0.944,-0.192],"_shiftlockState":true,"_pose":"FreeFall","_animationQueue":[],"_animationSpeed":1,"_zoom":8.72},{"_mousePosition":[683,384],"_rootPartCFrame":[766.651,228.16,44.151,-0.92,0,0.392,0,1,0,-0.392,0,-0.92],"_humanoidState":5,"_cameraCFrame":[765.38,238.203,41.996,-0.971,-0.234,0.049,0,0.205,0.979,-0.239,0.95,-0.199],"_shiftlockState":true,"_pose":"FreeFall","_animationQueue":[],"_animationSpeed":1,"_zoom":8.72},{"_mousePosition":[683,384],"_rootPartCFrame":[766.395,228.546,44.078,-0.931,0,0.366,0,1,0,-0.366,0,-0.931],"_humanoidState":5,"_cameraCFrame":[765.121,238.59,41.943,-0.971,-0.235,0.049,0,0.202,0.979,-0.24,0.951,-0.197],"_shiftlockState":true,"_pose":"FreeFall","_animationQueue":[],"_animationSpeed":1,"_zoom":8.72},{"_mousePosition":[683,384],"_rootPartCFrame":[766.136,228.877,44.014,-0.93,0,0.367,0,1,0,-0.367,0,-0.93],"_humanoidState":5,"_cameraCFrame":[764.876,238.927,41.899,-0.968,-0.246,0.05,0,0.198,0.98,-0.251,0.949,-0.192],"_shiftlockState":true,"_pose":"FreeFall","_animationQueue":[],"_animationSpeed":1,"_zoom":8.72},{"_mousePosition":[683,384],"_rootPartCFrame":[765.877,229.154,43.949,-0.926,0,0.377,0,1,0,-0.377,0,-0.926],"_humanoidState":5,"_cameraCFrame":[764.676,239.207,41.818,-0.96,-0.274,0.055,0,0.196,0.981,-0.28,0.941,-0.188],"_shiftlockState":true,"_pose":"FreeFall","_animationQueue":[],"_animationSpeed":1,"_zoom":8.72},{"_mousePosition":[683,384],"_rootPartCFrame":[765.619,229.377,43.883,-0.914,0,0.405,0,1,0,-0.405,0,-0.914],"_humanoidState":5,"_cameraCFrame":[764.558,239.426,41.667,-0.941,-0.333,0.067,0,0.198,0.98,-0.34,0.922,-0.186],"_shiftlockState":true,"_pose":"FreeFall","_animationQueue":[],"_animationSpeed":1,"_zoom":8.72},{"_mousePosition":[683,384],"_rootPartCFrame":[765.363,229.545,43.81,-0.887,0,0.461,0,1,0,-0.461,0,-0.887],"_humanoidState":5,"_cameraCFrame":[764.534,239.575,41.43,-0.908,-0.41,0.087,0,0.208,0.978,-0.419,0.888,-0.189],"_shiftlockState":true,"_pose":"FreeFall","_animationQueue":[],"_animationSpeed":1,"_zoom":8.72},{"_mousePosition":[683,384],"_rootPartCFrame":[765.111,229.658,43.722,-0.844,0,0.536,0,1,0,-0.536,0,-0.844],"_humanoidState":5,"_cameraCFrame":[764.537,239.661,41.175,-0.871,-0.478,0.109,0,0.222,0.975,-0.491,0.85,-0.194],"_shiftlockState":true,"_pose":"FreeFall","_animationQueue":[],"_animationSpeed":1,"_zoom":8.72},{"_mousePosition":[683,384],"_rootPartCFrame":[764.86,229.717,43.656,-0.814,0,0.58,0,1,0,-0.58,0,-0.814],"_humanoidState":5,"_cameraCFrame":[764.433,239.697,41.008,-0.852,-0.509,0.122,0,0.233,0.972,-0.523,0.829,-0.199],"_shiftlockState":true,"_pose":"FreeFall","_animationQueue":[],"_animationSpeed":1,"_zoom":8.72},{"_mousePosition":[683,384],"_rootPartCFrame":[764.608,229.722,43.631,-0.796,0,0.605,0,1,0,-0.605,0,-0.796],"_humanoidState":5,"_cameraCFrame":[764.281,239.668,40.863,-0.847,-0.515,0.132,0,0.249,0.969,-0.532,0.82,-0.211],"_shiftlockState":true,"_pose":"FreeFall","_animationQueue":[],"_animationSpeed":1,"_zoom":8.72},{"_mousePosition":[683,384],"_rootPartCFrame":[764.353,229.672,43.645,-0.788,0,0.616,0,1,0,-0.616,0,-0.788],"_humanoidState":5,"_cameraCFrame":[764.09,239.589,40.784,-0.846,-0.515,0.139,0,0.261,0.965,-0.534,0.816,-0.221],"_shiftlockState":true,"_pose":"FreeFall","_animationQueue":[],"_animationSpeed":1,"_zoom":8.72},{"_mousePosition":[683,384],"_rootPartCFrame":[764.094,229.567,43.695,-0.786,0,0.619,0,1,0,-0.619,0,-0.786],"_humanoidState":5,"_cameraCFrame":[763.884,239.46,40.759,-0.844,-0.516,0.145,0,0.271,0.962,-0.536,0.813,-0.229],"_shiftlockState":true,"_pose":"FreeFall","_animationQueue":[],"_animationSpeed":1,"_zoom":8.72},{"_mousePosition":[683,384],"_rootPartCFrame":[763.834,229.408,43.753,-0.784,0,0.621,0,1,0,-0.621,0,-0.784],"_humanoidState":5,"_cameraCFrame":[763.677,239.278,40.749,-0.843,-0.517,0.151,0,0.281,0.96,-0.538,0.809,-0.237],"_shiftlockState":true,"_pose":"FreeFall","_animationQueue":[["fall",0.3]],"_animationSpeed":1,"_zoom":8.72},{"_mousePosition":[683,384],"_rootPartCFrame":[763.574,229.195,43.811,-0.782,0,0.623,0,1,0,-0.623,0,-0.782],"_humanoidState":5,"_cameraCFrame":[763.488,239.032,40.716,-0.84,-0.518,0.159,0,0.293,0.956,-0.542,0.804,-0.246],"_shiftlockState":true,"_pose":"FreeFall","_animationQueue":[],"_animationSpeed":1,"_zoom":8.72},{"_mousePosition":[683,384],"_rootPartCFrame":[763.249,228.851,43.883,-0.763,0,0.646,0,1,0,-0.646,0,-0.763],"_humanoidState":5,"_cameraCFrame":[763.259,238.64,40.658,-0.838,-0.518,0.169,0,0.311,0.951,-0.545,0.797,-0.26],"_shiftlockState":true,"_pose":"FreeFall","_animationQueue":[],"_animationSpeed":1,"_zoom":8.72},{"_mousePosition":[683,384],"_rootPartCFrame":[763.053,228.605,43.926,-0.793,0,0.609,0,1,0,-0.609,0,-0.793],"_humanoidState":5,"_cameraCFrame":[763.19,238.325,40.534,-0.835,-0.518,0.183,0,0.334,0.943,-0.55,0.787,-0.279],"_shiftlockState":true,"_pose":"FreeFall","_animationQueue":[],"_animationSpeed":1,"_zoom":8.72},{"_mousePosition":[683,384],"_rootPartCFrame":[762.792,228.228,43.981,-0.774,0,0.633,0,1,0,-0.633,0,-0.774],"_humanoidState":5,"_cameraCFrame":[763.039,237.885,40.447,-0.833,-0.518,0.195,0,0.353,0.936,-0.553,0.779,-0.294],"_shiftlockState":true,"_pose":"FreeFall","_animationQueue":[],"_animationSpeed":1,"_zoom":8.72},{"_mousePosition":[683,384],"_rootPartCFrame":[762.531,227.796,44.035,-0.771,0,0.637,0,1,0,-0.637,0,-0.771],"_humanoidState":5,"_cameraCFrame":[762.818,237.431,40.452,-0.832,-0.518,0.2,0,0.36,0.933,-0.555,0.776,-0.3],"_shiftlockState":true,"_pose":"FreeFall","_animationQueue":[],"_animationSpeed":1,"_zoom":8.72},{"_mousePosition":[683,384],"_rootPartCFrame":[762.27,227.31,44.088,-0.77,0,0.639,0,1,0,-0.639,0,-0.77],"_humanoidState":5,"_cameraCFrame":[762.556,236.945,40.505,-0.832,-0.518,0.2,0,0.36,0.933,-0.555,0.776,-0.3],"_shiftlockState":true,"_pose":"FreeFall","_animationQueue":[],"_animationSpeed":1,"_zoom":8.72},{"_mousePosition":[683,384],"_rootPartCFrame":[762.008,226.77,44.14,-0.769,0,0.639,0,1,0,-0.639,0,-0.769],"_humanoidState":5,"_cameraCFrame":[762.295,236.405,40.557,-0.832,-0.518,0.2,0,0.36,0.933,-0.555,0.776,-0.3],"_shiftlockState":true,"_pose":"FreeFall","_animationQueue":[["fall",0.3]],"_animationSpeed":1,"_zoom":8.72},{"_mousePosition":[683,384],"_rootPartCFrame":[761.681,226.017,44.206,-0.752,0,0.659,0,1,0,-0.659,0,-0.752],"_humanoidState":5,"_cameraCFrame":[761.968,235.652,40.623,-0.832,-0.518,0.2,0,0.36,0.933,-0.555,0.776,-0.3],"_shiftlockState":true,"_pose":"FreeFall","_animationQueue":[],"_animationSpeed":1,"_zoom":8.72},{"_mousePosition":[683,384],"_rootPartCFrame":[761.635,225.539,44.127,-0.762,0.002,0.647,0.003,1,0,-0.647,0.002,-0.762],"_humanoidState":5,"_cameraCFrame":[761.925,235.174,40.547,-0.832,-0.518,0.2,0,0.36,0.933,-0.555,0.776,-0.3],"_shiftlockState":true,"_pose":"FreeFall","_animationQueue":[],"_animationSpeed":1,"_zoom":8.72},{"_mousePosition":[683,384],"_rootPartCFrame":[761.599,224.853,44.053,-0.763,0.002,0.647,0.002,1,-0.001,-0.647,0,-0.763],"_humanoidState":5,"_cameraCFrame":[761.888,234.488,40.47,-0.832,-0.518,0.2,0,0.36,0.933,-0.555,0.776,-0.3],"_shiftlockState":true,"_pose":"FreeFall","_animationQueue":[],"_animationSpeed":1,"_zoom":8.72},{"_mousePosition":[683,384],"_rootPartCFrame":[761.557,224.113,43.986,-0.768,0,0.641,0,1,0,-0.641,0,-0.768],"_humanoidState":5,"_cameraCFrame":[761.844,233.748,40.403,-0.832,-0.518,0.2,0,0.36,0.933,-0.555,0.776,-0.3],"_shiftlockState":true,"_pose":"FreeFall","_animationQueue":[],"_animationSpeed":1,"_zoom":8.72},{"_mousePosition":[683,384],"_rootPartCFrame":[761.51,223.318,43.92,-0.769,0,0.639,0,1,0,-0.639,0,-0.769],"_humanoidState":5,"_cameraCFrame":[761.906,232.94,40.318,-0.818,-0.536,0.209,0,0.364,0.931,-0.576,0.762,-0.297],"_shiftlockState":true,"_pose":"FreeFall","_animationQueue":[],"_animationSpeed":1,"_zoom":8.72},{"_mousePosition":[683,384],"_rootPartCFrame":[761.461,223.357,43.875,-0.799,0,0.602,0,1,0,-0.602,0,-0.799],"_humanoidState":12,"_cameraCFrame":[762.779,232.914,40.346,-0.667,-0.688,0.285,0,0.383,0.924,-0.745,0.616,-0.255],"_shiftlockState":true,"_pose":"Climbing","_animationQueue":[["walk",0.1],["fall",0.3],["climb",0.1],["climb",0]],"_animationSpeed":-4.076,"_zoom":8.72},{"_mousePosition":[683,384],"_rootPartCFrame":[761.442,223.541,43.856,-0.664,0,0.748,0,1,0,-0.748,0,-0.664],"_humanoidState":12,"_cameraCFrame":[763.51,233.143,40.826,-0.457,-0.826,0.329,0,0.37,0.929,-0.889,0.425,-0.169],"_shiftlockState":true,"_pose":"Climbing","_animationQueue":[["climb",0.1]],"_animationSpeed":0.834,"_zoom":8.72},{"_mousePosition":[683,384],"_rootPartCFrame":[761.522,223.728,43.796,-0.462,0.001,0.887,0,1,-0.001,-0.887,0,-0.462],"_humanoidState":12,"_cameraCFrame":[763.555,233.471,41.147,-0.357,-0.883,0.305,0,0.326,0.945,-0.934,0.337,-0.116],"_shiftlockState":true,"_pose":"Climbing","_animationQueue":[["climb",0.1]],"_animationSpeed":0.931,"_zoom":8.72},{"_mousePosition":[683,384],"_rootPartCFrame":[761.578,223.877,43.729,-0.362,0.001,0.932,0.001,1,0,-0.932,0.001,-0.362],"_humanoidState":8,"_cameraCFrame":[762.246,233.906,41.3,-0.51,-0.841,0.179,0,0.208,0.978,-0.86,0.499,-0.106],"_shiftlockState":true,"_pose":"Standing","_animationQueue":[["climb",0.1],["walk",0.1],["idle",0.1]],"_animationSpeed":1,"_zoom":8.72},{"_mousePosition":[683,384],"_rootPartCFrame":[761.556,224.76,43.706,-0.514,0.001,0.858,0.002,1,0,-0.858,0.001,-0.514],"_humanoidState":3,"_cameraCFrame":[761.35,234.848,41.404,-0.72,-0.684,0.121,0,0.174,0.985,-0.694,0.709,-0.125],"_shiftlockState":true,"_pose":"Jumping","_animationQueue":[["walk",0.1],["jump",0.1]],"_animationSpeed":1,"_zoom":8.72},{"_mousePosition":[683,384],"_rootPartCFrame":[761.51,225.609,43.679,-0.654,0.001,0.757,0.001,1,0,-0.757,0.001,-0.654],"_humanoidState":5,"_cameraCFrame":[760.985,235.697,41.426,-0.809,-0.579,0.102,0,0.174,0.985,-0.588,0.797,-0.141],"_shiftlockState":true,"_pose":"FreeFall","_animationQueue":[["jump",0.1]],"_animationSpeed":1,"_zoom":8.72},{"_mousePosition":[683,384],"_rootPartCFrame":[761.433,226.404,43.63,-0.727,0,0.686,0,1,0,-0.686,0,-0.727],"_humanoidState":5,"_cameraCFrame":[760.707,236.477,41.375,-0.868,-0.488,0.091,0,0.183,0.983,-0.496,0.854,-0.159],"_shiftlockState":true,"_pose":"FreeFall","_animationQueue":[],"_animationSpeed":1,"_zoom":8.72},{"_mousePosition":[683,384],"_rootPartCFrame":[761.326,227.144,43.554,-0.795,0,0.607,0,1,0,-0.607,0,-0.795],"_humanoidState":5,"_cameraCFrame":[760.366,237.193,41.295,-0.924,-0.374,0.075,0,0.197,0.98,-0.382,0.906,-0.182],"_shiftlockState":true,"_pose":"FreeFall","_animationQueue":[],"_animationSpeed":1,"_zoom":8.72},{"_mousePosition":[683,384],"_rootPartCFrame":[761.185,227.83,43.46,-0.865,0,0.501,0,1,0,-0.501,0,-0.865],"_humanoidState":5,"_cameraCFrame":[760.062,237.863,41.217,-0.953,-0.296,0.062,0,0.206,0.979,-0.303,0.933,-0.196],"_shiftlockState":true,"_pose":"FreeFall","_animationQueue":[],"_animationSpeed":1,"_zoom":8.72},{"_mousePosition":[683,384],"_rootPartCFrame":[761.011,228.462,43.349,-0.904,0,0.427,0,1,-0.001,-0.427,-0.001,-0.904],"_humanoidState":5,"_cameraCFrame":[759.745,238.48,41.125,-0.972,-0.228,0.05,0,0.214,0.977,-0.233,0.95,-0.208],"_shiftlockState":true,"_pose":"FreeFall","_animationQueue":[],"_animationSpeed":1,"_zoom":8.72},{"_mousePosition":[683,384],"_rootPartCFrame":[760.807,229.038,43.226,-0.932,0.001,0.362,0,1,-0.002,-0.362,-0.002,-0.932],"_humanoidState":5,"_cameraCFrame":[759.416,239.041,41.017,-0.985,-0.167,0.038,0,0.222,0.975,-0.172,0.961,-0.219],"_shiftlockState":true,"_pose":"FreeFall","_animationQueue":[],"_animationSpeed":1,"_zoom":8.72},{"_mousePosition":[683,384],"_rootPartCFrame":[760.593,229.561,43.083,-0.953,0,0.303,0,1,-0.002,-0.303,-0.002,-0.953],"_humanoidState":5,"_cameraCFrame":[759.072,239.546,40.892,-0.994,-0.106,0.025,0,0.23,0.973,-0.108,0.967,-0.229],"_shiftlockState":true,"_pose":"FreeFall","_animationQueue":[],"_animationSpeed":1,"_zoom":8.72},{"_mousePosition":[683,384],"_rootPartCFrame":[760.372,230.028,42.95,-0.97,0,0.242,0,1,-0.002,-0.242,-0.002,-0.97],"_humanoidState":5,"_cameraCFrame":[758.748,240.002,40.789,-0.998,-0.058,0.014,0,0.236,0.972,-0.059,0.97,-0.236],"_shiftlockState":true,"_pose":"FreeFall","_animationQueue":[],"_animationSpeed":1,"_zoom":8.72},{"_mousePosition":[683,384],"_rootPartCFrame":[760.145,230.442,42.84,-0.981,0,0.193,0,1,-0.001,-0.193,-0.001,-0.981],"_humanoidState":5,"_cameraCFrame":[758.419,240.407,40.726,-1,-0.011,0.003,0,0.24,0.971,-0.011,0.971,-0.24],"_shiftlockState":true,"_pose":"FreeFall","_animationQueue":[],"_animationSpeed":1,"_zoom":8.72},{"_mousePosition":[683,384],"_rootPartCFrame":[759.855,230.882,42.731,-0.984,0,0.178,0,1,0,-0.178,0,-0.984],"_humanoidState":5,"_cameraCFrame":[758.05,240.842,40.665,-1,0.026,-0.006,0,0.242,0.97,0.026,0.97,-0.242],"_shiftlockState":true,"_pose":"FreeFall","_animationQueue":[],"_animationSpeed":1,"_zoom":8.72},{"_mousePosition":[683,384],"_rootPartCFrame":[759.685,231.105,42.676,-0.997,0,0.074,0,1,0,-0.074,0,-0.997],"_humanoidState":5,"_cameraCFrame":[757.786,241.062,40.682,-0.997,0.07,-0.018,0,0.244,0.97,0.072,0.967,-0.243],"_shiftlockState":true,"_pose":"FreeFall","_animationQueue":[],"_animationSpeed":1,"_zoom":8.72},{"_mousePosition":[683,384],"_rootPartCFrame":[759.466,231.354,42.601,-0.998,0,0.061,0,1,0,-0.061,0,-0.998],"_humanoidState":5,"_cameraCFrame":[757.462,241.308,40.698,-0.992,0.122,-0.031,0,0.245,0.969,0.126,0.962,-0.243],"_shiftlockState":true,"_pose":"FreeFall","_animationQueue":[],"_animationSpeed":1,"_zoom":8.72},{"_mousePosition":[683,384],"_rootPartCFrame":[759.25,231.55,42.536,-1,0,0.008,0,1,0,-0.008,0,-1],"_humanoidState":5,"_cameraCFrame":[757.17,241.501,40.707,-0.986,0.16,-0.041,0,0.246,0.969,0.165,0.956,-0.243],"_shiftlockState":true,"_pose":"FreeFall","_animationQueue":[],"_animationSpeed":1,"_zoom":8.72},{"_mousePosition":[683,384],"_rootPartCFrame":[759.073,231.66,42.512,-0.998,0,-0.066,0,1,0,0.066,0,-0.998],"_humanoidState":5,"_cameraCFrame":[756.919,241.612,40.772,-0.979,0.2,-0.051,0,0.246,0.969,0.206,0.948,-0.241],"_shiftlockState":true,"_pose":"FreeFall","_animationQueue":[],"_animationSpeed":1,"_zoom":8.72},{"_mousePosition":[683,384],"_rootPartCFrame":[758.761,231.777,42.518,-0.999,0,-0.041,0,1,0,0.041,0,-0.999],"_humanoidState":5,"_cameraCFrame":[756.555,241.728,40.845,-0.972,0.228,-0.058,0,0.246,0.969,0.236,0.942,-0.239],"_shiftlockState":true,"_pose":"FreeFall","_animationQueue":[],"_animationSpeed":1,"_zoom":8.72},{"_mousePosition":[683,384],"_rootPartCFrame":[758.518,231.809,42.515,-0.995,0,-0.104,0,1,0,0.104,0,-0.995],"_humanoidState":5,"_cameraCFrame":[756.279,241.758,40.877,-0.967,0.246,-0.063,0,0.247,0.969,0.254,0.937,-0.239],"_shiftlockState":true,"_pose":"FreeFall","_animationQueue":[],"_animationSpeed":1,"_zoom":8.72},{"_mousePosition":[683,384],"_rootPartCFrame":[758.262,231.786,42.555,-0.992,0,-0.123,0,1,0,0.123,0,-0.992],"_humanoidState":5,"_cameraCFrame":[755.991,241.732,40.941,-0.963,0.262,-0.067,0,0.249,0.969,0.27,0.933,-0.239],"_shiftlockState":true,"_pose":"FreeFall","_animationQueue":[],"_animationSpeed":1,"_zoom":8.72},{"_mousePosition":[683,384],"_rootPartCFrame":[758.019,231.709,42.586,-0.99,0,-0.139,0,1,0,0.139,0,-0.99],"_humanoidState":5,"_cameraCFrame":[755.713,241.65,40.995,-0.958,0.279,-0.072,0,0.251,0.968,0.288,0.927,-0.24],"_shiftlockState":true,"_pose":"FreeFall","_animationQueue":[["fall",0.3]],"_animationSpeed":1,"_zoom":8.72},{"_mousePosition":[683,384],"_rootPartCFrame":[757.764,231.577,42.652,-0.987,0,-0.158,0,1,0,0.158,0,-0.987],"_humanoidState":5,"_cameraCFrame":[755.414,241.513,41.098,-0.95,0.301,-0.079,0,0.253,0.967,0.311,0.919,-0.241],"_shiftlockState":true,"_pose":"FreeFall","_animationQueue":[],"_animationSpeed":1,"_zoom":8.72},{"_mousePosition":[683,384],"_rootPartCFrame":[757.525,231.391,42.704,-0.983,0,-0.182,0,1,0,0.182,0,-0.983],"_humanoidState":5,"_cameraCFrame":[755.119,241.321,41.209,-0.94,0.331,-0.087,0,0.256,0.967,0.342,0.909,-0.24],"_shiftlockState":true,"_pose":"FreeFall","_animationQueue":[],"_animationSpeed":1,"_zoom":8.72},{"_mousePosition":[683,384],"_rootPartCFrame":[757.29,231.15,42.761,-0.977,0,-0.214,0,1,0,0.214,0,-0.977],"_humanoidState":5,"_cameraCFrame":[754.824,241.075,41.333,-0.927,0.362,-0.097,0,0.258,0.966,0.375,0.896,-0.239],"_shiftlockState":true,"_pose":"FreeFall","_animationQueue":[],"_animationSpeed":1,"_zoom":8.72},{"_mousePosition":[683,384],"_rootPartCFrame":[757.057,230.855,42.824,-0.969,0,-0.248,0,1,0,0.248,0,-0.969],"_humanoidState":5,"_cameraCFrame":[754.526,240.776,41.494,-0.91,0.401,-0.108,0,0.259,0.966,0.416,0.878,-0.236],"_shiftlockState":true,"_pose":"FreeFall","_animationQueue":[],"_animationSpeed":1,"_zoom":8.72},{"_mousePosition":[683,384],"_rootPartCFrame":[756.829,230.505,42.894,-0.957,0,-0.291,0,1,0,0.291,0,-0.957],"_humanoidState":5,"_cameraCFrame":[754.227,240.425,41.694,-0.886,0.448,-0.121,0,0.26,0.966,0.463,0.856,-0.231],"_shiftlockState":true,"_pose":"FreeFall","_animationQueue":[],"_animationSpeed":1,"_zoom":8.72},{"_mousePosition":[683,384],"_rootPartCFrame":[756.606,230.101,42.969,-0.94,0,-0.341,0,1,0,0.341,0,-0.94],"_humanoidState":5,"_cameraCFrame":[753.933,240.018,41.921,-0.857,0.498,-0.135,0,0.261,0.965,0.516,0.827,-0.224],"_shiftlockState":true,"_pose":"FreeFall","_animationQueue":[],"_animationSpeed":1,"_zoom":8.72},{"_mousePosition":[683,384],"_rootPartCFrame":[756.389,229.642,43.05,-0.918,0,-0.397,0,1,0,0.397,0,-0.918],"_humanoidState":5,"_cameraCFrame":[753.646,239.554,42.149,-0.824,0.547,-0.149,0,0.263,0.965,0.567,0.795,-0.217],"_shiftlockState":true,"_pose":"FreeFall","_animationQueue":[["fall",0.3]],"_animationSpeed":1,"_zoom":8.72},{"_mousePosition":[683,384],"_rootPartCFrame":[756.165,229.129,43.172,-0.892,0,-0.452,0,1,0,0.452,0,-0.892],"_humanoidState":5,"_cameraCFrame":[753.343,239.03,42.422,-0.785,0.597,-0.166,0,0.268,0.963,0.62,0.756,-0.21],"_shiftlockState":true,"_pose":"FreeFall","_animationQueue":[],"_animationSpeed":1,"_zoom":8.72},{"_mousePosition":[683,384],"_rootPartCFrame":[755.948,228.561,43.283,-0.861,0,-0.509,0,1,0,0.509,0,-0.861],"_humanoidState":5,"_cameraCFrame":[753.051,238.447,42.665,-0.746,0.641,-0.183,0,0.274,0.962,0.666,0.717,-0.204],"_shiftlockState":true,"_pose":"FreeFall","_animationQueue":[],"_animationSpeed":1,"_zoom":8.72},{"_mousePosition":[683,384],"_rootPartCFrame":[755.747,227.939,43.398,-0.828,0,-0.561,0,1,0,0.561,0,-0.828],"_humanoidState":5,"_cameraCFrame":[752.782,237.811,42.93,-0.703,0.683,-0.199,0,0.28,0.96,0.712,0.674,-0.196],"_shiftlockState":true,"_pose":"FreeFall","_animationQueue":[],"_animationSpeed":1,"_zoom":8.72},{"_mousePosition":[683,384],"_rootPartCFrame":[755.555,227.262,43.514,-0.791,0,-0.612,0,1,0,0.612,0,-0.791],"_humanoidState":5,"_cameraCFrame":[752.519,237.114,43.171,-0.661,0.719,-0.216,0,0.287,0.958,0.75,0.633,-0.19],"_shiftlockState":true,"_pose":"FreeFall","_animationQueue":[],"_animationSpeed":1,"_zoom":8.72},{"_mousePosition":[683,384],"_rootPartCFrame":[755.377,226.531,43.635,-0.755,0,-0.655,0,1,0,0.655,0,-0.755],"_humanoidState":5,"_cameraCFrame":[752.271,236.361,43.375,-0.628,0.743,-0.23,0,0.296,0.955,0.778,0.6,-0.186],"_shiftlockState":true,"_pose":"FreeFall","_animationQueue":[],"_animationSpeed":1,"_zoom":8.72},{"_mousePosition":[683,384],"_rootPartCFrame":[755.202,225.745,43.799,-0.726,0,-0.688,0,1,0,0.688,0,-0.726],"_humanoidState":5,"_cameraCFrame":[752.043,235.556,43.567,-0.612,0.754,-0.239,0,0.303,0.953,0.791,0.583,-0.185],"_shiftlockState":true,"_pose":"FreeFall","_animationQueue":[],"_animationSpeed":1,"_zoom":8.72},{"_mousePosition":[683,384],"_rootPartCFrame":[755.032,224.905,43.998,-0.712,0,-0.703,0,1,0,0.703,0,-0.712],"_humanoidState":5,"_cameraCFrame":[751.803,234.683,43.617,-0.633,0.735,-0.243,0,0.314,0.949,0.774,0.601,-0.199],"_shiftlockState":true,"_pose":"FreeFall","_animationQueue":[["fall",0.3]],"_animationSpeed":1,"_zoom":8.72},{"_mousePosition":[683,384],"_rootPartCFrame":[754.868,224.01,44.208,-0.73,0,-0.683,0,1,0,0.683,0,-0.73],"_humanoidState":5,"_cameraCFrame":[751.561,233.722,43.355,-0.711,0.663,-0.237,0,0.336,0.942,0.704,0.669,-0.239],"_shiftlockState":true,"_pose":"FreeFall","_animationQueue":[],"_animationSpeed":1,"_zoom":8.72},{"_mousePosition":[683,384],"_rootPartCFrame":[754.645,223.077,44.343,-0.768,-0.018,-0.64,-0.004,1,-0.023,0.641,-0.016,-0.768],"_humanoidState":5,"_cameraCFrame":[751.459,232.712,42.609,-0.844,0.5,-0.193,0,0.36,0.933,0.536,0.788,-0.304],"_shiftlockState":true,"_pose":"FreeFall","_animationQueue":[],"_animationSpeed":1,"_zoom":8.72},{"_mousePosition":[683,384],"_rootPartCFrame":[754.382,223.099,44.385,-0.844,-0.005,-0.536,-0.004,1,-0.004,0.536,-0.001,-0.844],"_humanoidState":12,"_cameraCFrame":[751.776,232.699,41.788,-0.958,0.265,-0.106,0,0.37,0.929,0.285,0.89,-0.355],"_shiftlockState":true,"_pose":"Climbing","_animationQueue":[["walk",0.1],["fall",0.3],["climb",0.1],["climb",0]],"_animationSpeed":-4.648,"_zoom":8.72},{"_mousePosition":[683,384],"_rootPartCFrame":[754.099,223.23,44.433,-0.961,0.001,-0.276,0.001,1,0.002,0.276,0.002,-0.961],"_humanoidState":8,"_cameraCFrame":[752.226,232.82,41.251,-0.999,0.036,-0.015,0,0.373,0.928,0.039,0.927,-0.373],"_shiftlockState":true,"_pose":"Running","_animationQueue":[["walk",0.1],["climb",0.1],["walk",0.1],["walk",0.1]],"_animationSpeed":0.905,"_zoom":8.72},{"_mousePosition":[683,384],"_rootPartCFrame":[753.843,223.306,44.521,-0.998,0,0.058,0,1,0.001,-0.058,0.001,-0.998],"_humanoidState":5,"_cameraCFrame":[752.497,232.929,41.16,-0.992,-0.115,0.045,0,0.364,0.932,-0.123,0.924,-0.361],"_shiftlockState":true,"_pose":"FreeFall","_animationQueue":[["walk",0.1],["fall",0.3]],"_animationSpeed":1,"_zoom":8.72},{"_mousePosition":[683,384],"_rootPartCFrame":[753.594,223.327,44.59,-0.968,0,0.25,0,1,0,-0.25,0,-0.968],"_humanoidState":5,"_cameraCFrame":[752.668,233.001,41.208,-0.968,-0.237,0.088,0,0.348,0.937,-0.253,0.907,-0.337],"_shiftlockState":true,"_pose":"FreeFall","_animationQueue":[["fall",0.3]],"_animationSpeed":1,"_zoom":8.72},{"_mousePosition":[683,384],"_rootPartCFrame":[753.337,223.294,44.621,-0.926,0,0.378,0,1,0,-0.378,0,-0.926],"_humanoidState":5,"_cameraCFrame":[752.643,233.004,41.271,-0.945,-0.308,0.11,0,0.337,0.941,-0.327,0.89,-0.319],"_shiftlockState":true,"_pose":"FreeFall","_animationQueue":[],"_animationSpeed":1,"_zoom":8.72},{"_mousePosition":[683,384],"_rootPartCFrame":[753.079,223.711,44.566,-0.931,0,0.365,0,1,0,-0.365,0,-0.931],"_humanoidState":7,"_cameraCFrame":[752.474,233.437,41.239,-0.934,-0.336,0.118,0,0.332,0.943,-0.356,0.881,-0.31],"_shiftlockState":true,"_pose":"FreeFall","_animationQueue":[["walk",0.1],["fall",0.3],["fall",0.3]],"_animationSpeed":1,"_zoom":8.72},{"_mousePosition":[683,384],"_rootPartCFrame":[752.826,224.126,44.482,-0.933,0,0.361,0,1,0,-0.361,0,-0.933],"_humanoidState":7,"_cameraCFrame":[752.23,233.854,41.16,-0.933,-0.339,0.119,0,0.331,0.944,-0.359,0.881,-0.309],"_shiftlockState":true,"_pose":"FreeFall","_animationQueue":[],"_animationSpeed":1,"_zoom":8.72},{"_mousePosition":[683,384],"_rootPartCFrame":[752.597,224.444,44.404,-0.933,0,0.36,0,1,0,-0.36,0,-0.933],"_humanoidState":8,"_cameraCFrame":[751.987,234.173,41.084,-0.935,-0.335,0.118,0,0.331,0.944,-0.355,0.882,-0.309],"_shiftlockState":true,"_pose":"Running","_animationQueue":[["walk",0.1],["fall",0.3],["walk",0.1]],"_animationSpeed":1.103,"_zoom":8.72},{"_mousePosition":[683,384],"_rootPartCFrame":[752.383,225.307,44.33,-0.935,0,0.355,0,1,0,-0.355,0,-0.935],"_humanoidState":3,"_cameraCFrame":[751.704,235.038,41.029,-0.942,-0.318,0.111,0,0.33,0.944,-0.337,0.889,-0.311],"_shiftlockState":true,"_pose":"Jumping","_animationQueue":[["walk",0.1],["jump",0.1]],"_animationSpeed":1,"_zoom":8.72},{"_mousePosition":[683,384],"_rootPartCFrame":[752.148,226.116,44.244,-0.907,0,0.422,0,1,0,-0.422,0,-0.907],"_humanoidState":5,"_cameraCFrame":[751.375,235.851,40.975,-0.95,-0.294,0.102,0,0.329,0.944,-0.311,0.898,-0.312],"_shiftlockState":true,"_pose":"FreeFall","_animationQueue":[["jump",0.1]],"_animationSpeed":1,"_zoom":8.72},{"_mousePosition":[683,384],"_rootPartCFrame":[751.897,226.87,44.153,-0.903,0,0.43,0,1,0,-0.43,0,-0.903],"_humanoidState":5,"_cameraCFrame":[751.027,236.616,40.939,-0.959,-0.269,0.093,0,0.325,0.946,-0.285,0.907,-0.311],"_shiftlockState":true,"_pose":"FreeFall","_animationQueue":[],"_animationSpeed":1,"_zoom":8.72},{"_mousePosition":[683,384],"_rootPartCFrame":[751.644,227.569,44.07,-0.912,0,0.409,0,1,0,-0.409,0,-0.912],"_humanoidState":5,"_cameraCFrame":[750.681,237.332,40.923,-0.965,-0.247,0.083,0,0.32,0.948,-0.261,0.915,-0.309],"_shiftlockState":true,"_pose":"FreeFall","_animationQueue":[],"_animationSpeed":1,"_zoom":8.72},{"_mousePosition":[683,384],"_rootPartCFrame":[751.389,228.214,43.993,-0.922,0,0.387,0,1,0,-0.387,0,-0.922],"_humanoidState":5,"_cameraCFrame":[750.326,237.997,40.932,-0.972,-0.223,0.073,0,0.313,0.95,-0.234,0.923,-0.304],"_shiftlockState":true,"_pose":"FreeFall","_animationQueue":[],"_animationSpeed":1,"_zoom":8.72},{"_mousePosition":[683,384],"_rootPartCFrame":[751.132,228.804,43.922,-0.932,0,0.361,0,1,0,-0.361,0,-0.932],"_humanoidState":5,"_cameraCFrame":[749.978,238.6,40.93,-0.978,-0.198,0.064,0,0.308,0.951,-0.208,0.931,-0.301],"_shiftlockState":true,"_pose":"FreeFall","_animationQueue":[],"_animationSpeed":1,"_zoom":8.72},{"_mousePosition":[683,384],"_rootPartCFrame":[750.873,229.34,43.859,-0.942,0,0.336,0,1,0,-0.336,0,-0.942],"_humanoidState":5,"_cameraCFrame":[749.611,239.14,40.923,-0.985,-0.164,0.053,0,0.307,0.952,-0.173,0.938,-0.302],"_shiftlockState":true,"_pose":"FreeFall","_animationQueue":[],"_animationSpeed":1,"_zoom":8.72},{"_mousePosition":[683,384],"_rootPartCFrame":[750.612,229.822,43.802,-0.953,0,0.302,0,1,0,-0.302,0,-0.953],"_humanoidState":5,"_cameraCFrame":[749.229,239.622,40.922,-0.991,-0.125,0.04,0,0.307,0.952,-0.131,0.944,-0.304],"_shiftlockState":true,"_pose":"FreeFall","_animationQueue":[],"_animationSpeed":1,"_zoom":8.72},{"_mousePosition":[683,384],"_rootPartCFrame":[750.35,230.249,43.755,-0.965,0,0.262,0,1,0,-0.262,0,-0.965],"_humanoidState":5,"_cameraCFrame":[748.859,240.046,40.922,-0.996,-0.089,0.029,0,0.307,0.952,-0.094,0.947,-0.306],"_shiftlockState":true,"_pose":"FreeFall","_animationQueue":[],"_animationSpeed":1,"_zoom":8.72},{"_mousePosition":[683,384],"_rootPartCFrame":[750.086,230.621,43.718,-0.974,0,0.225,0,1,0,-0.225,0,-0.974],"_humanoidState":5,"_cameraCFrame":[748.478,240.417,40.944,-0.999,-0.05,0.016,0,0.308,0.951,-0.052,0.95,-0.308],"_shiftlockState":true,"_pose":"FreeFall","_animationQueue":[],"_animationSpeed":1,"_zoom":8.72},{"_mousePosition":[683,384],"_rootPartCFrame":[749.82,230.939,43.691,-0.983,0,0.184,0,1,0,-0.184,0,-0.983],"_humanoidState":5,"_cameraCFrame":[748.095,240.735,40.989,-1,-0.009,0.003,0,0.308,0.951,-0.009,0.951,-0.308],"_shiftlockState":true,"_pose":"FreeFall","_animationQueue":[],"_animationSpeed":1,"_zoom":8.72},{"_mousePosition":[683,384],"_rootPartCFrame":[749.554,231.202,43.676,-0.99,0,0.142,0,1,0,-0.142,0,-0.99],"_humanoidState":5,"_cameraCFrame":[747.723,240.996,41.037,-1,0.029,-0.009,0,0.309,0.951,0.031,0.951,-0.309],"_shiftlockState":true,"_pose":"FreeFall","_animationQueue":[],"_animationSpeed":1,"_zoom":8.72},{"_mousePosition":[683,384],"_rootPartCFrame":[749.288,231.411,43.672,-0.995,0,0.103,0,1,0,-0.103,0,-0.995],"_humanoidState":5,"_cameraCFrame":[747.319,241.198,41.112,-0.997,0.079,-0.026,0,0.311,0.95,0.083,0.947,-0.31],"_shiftlockState":true,"_pose":"FreeFall","_animationQueue":[],"_animationSpeed":1,"_zoom":8.72},{"_mousePosition":[683,384],"_rootPartCFrame":[749.031,231.566,43.692,-0.999,0,0.035,0,1,0,-0.035,0,-0.999],"_humanoidState":5,"_cameraCFrame":[746.948,241.344,41.195,-0.992,0.12,-0.04,0,0.314,0.949,0.127,0.942,-0.312],"_shiftlockState":true,"_pose":"FreeFall","_animationQueue":[],"_animationSpeed":1,"_zoom":8.72},{"_mousePosition":[683,384],"_rootPartCFrame":[748.79,231.665,43.748,-0.987,0,-0.162,0,1,0,0.162,0,-0.987],"_humanoidState":5,"_cameraCFrame":[746.491,241.422,41.375,-0.978,0.199,-0.067,0,0.321,0.947,0.21,0.926,-0.314],"_shiftlockState":true,"_pose":"FreeFall","_animationQueue":[],"_animationSpeed":1,"_zoom":8.72},{"_mousePosition":[683,384],"_rootPartCFrame":[748.538,231.71,43.802,-0.996,0,-0.085,0,1,0,0.085,0,-0.996],"_humanoidState":5,"_cameraCFrame":[746.143,241.456,41.484,-0.969,0.233,-0.08,0,0.325,0.946,0.246,0.916,-0.315],"_shiftlockState":true,"_p