[{"_mousePosition":[1136,356],"_rootPartCFrame":[776.028,222.983,47.142,0.002,0,1,0,1,0,-1,0,0.002],"_humanoidState":8,"_cameraCFrame":[785.267,235.073,48.001,0.093,-0.749,0.656,0,0.659,0.752,-0.996,-0.07,0.061],"_shiftlockState":false,"_pose":"Standing","_animationQueue":[],"_animationSpeed":1,"_zoom":14.08},{"_mousePosition":[1112,360],"_rootPartCFrame":[775.911,222.916,47.131,0.009,0,1,0,1,0,-1,0,0.009],"_humanoidState":8,"_cameraCFrame":[785.149,235.007,47.99,0.093,-0.749,0.656,0,0.659,0.752,-0.996,-0.07,0.061],"_shiftlockState":false,"_pose":"Standing","_animationQueue":[],"_animationSpeed":1,"_zoom":14.08},{"_mousePosition":[1083,363],"_rootPartCFrame":[775.65,222.772,47.107,0.02,0,1,0,1,0,-1,0,0.02],"_humanoidState":8,"_cameraCFrame":[784.889,234.862,47.966,0.093,-0.749,0.656,0,0.659,0.752,-0.996,-0.07,0.061],"_shiftlockState":false,"_pose":"Running","_animationQueue":[["walk",0.1]],"_animationSpeed":0.836,"_zoom":14.08},{"_mousePosition":[1076,363],"_rootPartCFrame":[775.385,222.655,47.082,0.03,0,1,0,1,0,-1,0,0.03],"_humanoidState":8,"_cameraCFrame":[784.623,234.746,47.941,0.093,-0.749,0.656,0,0.659,0.752,-0.996,-0.07,0.061],"_shiftlockState":false,"_pose":"Running","_animationQueue":[["walk",0.1]],"_animationSpeed":1.098,"_zoom":14.08},{"_mousePosition":[1019,366],"_rootPartCFrame":[775.119,222.663,47.058,0.038,0,0.999,0,1,0,-0.999,0,0.038],"_humanoidState":8,"_cameraCFrame":[784.358,234.753,47.917,0.093,-0.749,0.656,0,0.659,0.752,-0.996,-0.07,0.061],"_shiftlockState":false,"_pose":"Running","_animationQueue":[],"_animationSpeed":1.098,"_zoom":14.08},{"_mousePosition":[1010,366],"_rootPartCFrame":[774.854,222.678,47.033,0.046,0,0.999,0,1,0,-0.999,0,0.046],"_humanoidState":8,"_cameraCFrame":[784.092,234.768,47.892,0.093,-0.749,0.656,0,0.659,0.752,-0.996,-0.07,0.061],"_shiftlockState":false,"_pose":"Running","_animationQueue":[],"_animationSpeed":1.098,"_zoom":14.08},{"_mousePosition":[935,366],"_rootPartCFrame":[774.588,222.688,47.008,0.052,0,0.999,0,1,0,-0.999,0,0.052],"_humanoidState":8,"_cameraCFrame":[783.827,234.778,47.867,0.093,-0.749,0.656,0,0.659,0.752,-0.996,-0.07,0.061],"_shiftlockState":false,"_pose":"Running","_animationQueue":[["walk",0.1]],"_animationSpeed":1.098,"_zoom":14.08},{"_mousePosition":[920,366],"_rootPartCFrame":[774.323,222.693,46.983,0.057,0,0.998,0,1,0,-0.998,0,0.057],"_humanoidState":8,"_cameraCFrame":[783.561,234.784,47.843,0.093,-0.749,0.656,0,0.659,0.752,-0.996,-0.07,0.061],"_shiftlockState":false,"_pose":"Running","_animationQueue":[],"_animationSpeed":1.098,"_zoom":14.08},{"_mousePosition":[827,366],"_rootPartCFrame":[774.057,222.696,46.959,0.062,0,0.998,0,1,0,-0.998,0,0.062],"_humanoidState":8,"_cameraCFrame":[783.296,234.787,47.818,0.093,-0.749,0.656,0,0.659,0.752,-0.996,-0.07,0.061],"_shiftlockState":false,"_pose":"Running","_animationQueue":[],"_animationSpeed":1.098,"_zoom":14.08},{"_mousePosition":[814,366],"_rootPartCFrame":[773.792,222.698,46.934,0.066,0,0.998,0,1,0,-0.998,0,0.066],"_humanoidState":8,"_cameraCFrame":[783.03,234.788,47.793,0.093,-0.749,0.656,0,0.659,0.752,-0.996,-0.07,0.061],"_shiftlockState":false,"_pose":"Running","_animationQueue":[],"_animationSpeed":1.098,"_zoom":14.08},{"_mousePosition":[731,363],"_rootPartCFrame":[773.526,222.699,46.909,0.07,0,0.998,0,1,0,-0.998,0,0.07],"_humanoidState":8,"_cameraCFrame":[782.765,234.789,47.768,0.093,-0.749,0.656,0,0.659,0.752,-0.996,-0.07,0.061],"_shiftlockState":false,"_pose":"Running","_animationQueue":[],"_animationSpeed":1.098,"_zoom":14.08},{"_mousePosition":[694,360],"_rootPartCFrame":[773.261,222.699,46.885,0.073,0,0.997,0,1,0,-0.997,0,0.073],"_humanoidState":8,"_cameraCFrame":[782.499,234.79,47.744,0.093,-0.749,0.656,0,0.659,0.752,-0.996,-0.07,0.061],"_shiftlockState":false,"_pose":"Running","_animationQueue":[],"_animationSpeed":1.098,"_zoom":14.08},{"_mousePosition":[669,356],"_rootPartCFrame":[772.995,222.699,46.86,0.076,0,0.997,0,1,0,-0.997,0,0.076],"_humanoidState":8,"_cameraCFrame":[782.234,234.79,47.719,0.093,-0.749,0.656,0,0.659,0.752,-0.996,-0.07,0.061],"_shiftlockState":false,"_pose":"Running","_animationQueue":[["walk",0.1]],"_animationSpeed":1.098,"_zoom":14.08},{"_mousePosition":[664,355],"_rootPartCFrame":[772.73,222.7,46.835,0.078,0,0.997,0,1,0,-0.997,0,0.078],"_humanoidState":8,"_cameraCFrame":[781.968,234.79,47.694,0.093,-0.749,0.656,0,0.659,0.752,-0.996,-0.07,0.061],"_shiftlockState":false,"_pose":"Running","_animationQueue":[],"_animationSpeed":1.098,"_zoom":14.08},{"_mousePosition":[641,357],"_rootPartCFrame":[772.464,222.7,46.811,0.08,0,0.997,0,1,0,-0.997,0,0.08],"_humanoidState":8,"_cameraCFrame":[781.703,234.79,47.67,0.093,-0.749,0.656,0,0.659,0.752,-0.996,-0.07,0.061],"_shiftlockState":false,"_pose":"Running","_animationQueue":[],"_animationSpeed":1.098,"_zoom":14.08},{"_mousePosition":[645,357],"_rootPartCFrame":[772.199,222.7,46.786,0.082,0,0.997,0,1,0,-0.997,0,0.082],"_humanoidState":8,"_cameraCFrame":[781.192,234.998,47.672,0.098,-0.763,0.639,0,0.642,0.767,-0.995,-0.075,0.063],"_shiftlockState":false,"_pose":"Running","_animationQueue":[["walk",0.1]],"_animationSpeed":1.098,"_zoom":14.08},{"_mousePosition":[645,357],"_rootPartCFrame":[771.933,222.695,46.765,0.082,0,0.997,0,1,0,-0.997,0,0.082],"_humanoidState":8,"_cameraCFrame":[780.746,235.13,47.764,0.113,-0.772,0.626,0,0.63,0.777,-0.994,-0.087,0.071],"_shiftlockState":false,"_pose":"Running","_animationQueue":[],"_animationSpeed":1.098,"_zoom":14.08},{"_mousePosition":[645,357],"_rootPartCFrame":[771.8,222.695,46.752,0.083,0,0.997,0,1,0,-0.997,0,0.083],"_humanoidState":8,"_cameraCFrame":[780.309,235.356,47.888,0.132,-0.786,0.604,0,0.61,0.793,-0.991,-0.105,0.081],"_shiftlockState":false,"_pose":"Running","_animationQueue":[],"_animationSpeed":1.098,"_zoom":14.08},{"_mousePosition":[645,357],"_rootPartCFrame":[771.535,222.697,46.722,0.087,0,0.996,0,1,0,-0.996,0,0.087],"_humanoidState":8,"_cameraCFrame":[779.633,235.648,47.968,0.152,-0.804,0.575,0,0.582,0.813,-0.988,-0.124,0.088],"_shiftlockState":false,"_pose":"Running","_animationQueue":[],"_animationSpeed":1.098,"_zoom":14.08},{"_mousePosition":[645,357],"_rootPartCFrame":[771.271,222.698,46.687,0.093,0,0.996,0,1,0,-0.996,0,0.093],"_humanoidState":8,"_cameraCFrame":[778.816,236.014,47.994,0.171,-0.827,0.536,0,0.544,0.839,-0.985,-0.143,0.093],"_shiftlockState":false,"_pose":"Running","_animationQueue":[],"_animationSpeed":1.098,"_zoom":14.08},{"_mousePosition":[645,357],"_rootPartCFrame":[771.007,222.699,46.647,0.1,0,0.995,0,1,0,-0.995,0,0.1],"_humanoidState":8,"_cameraCFrame":[777.973,236.359,48.005,0.191,-0.848,0.495,0,0.504,0.864,-0.982,-0.165,0.096],"_shiftlockState":false,"_pose":"Running","_animationQueue":[["walk",0.1]],"_animationSpeed":1.098,"_zoom":14.08},{"_mousePosition":[645,357],"_rootPartCFrame":[770.745,222.699,46.602,0.11,0,0.994,0,1,0,-0.994,0,0.11],"_humanoidState":8,"_cameraCFrame":[777.229,236.615,48.036,0.216,-0.861,0.461,0,0.472,0.882,-0.976,-0.19,0.102],"_shiftlockState":false,"_pose":"Running","_animationQueue":[],"_animationSpeed":1.098,"_zoom":14.08},{"_mousePosition":[645,357],"_rootPartCFrame":[770.483,222.699,46.552,0.12,0,0.993,0,1,0,-0.993,0,0.12],"_humanoidState":8,"_cameraCFrame":[776.529,236.822,48.082,0.245,-0.869,0.429,0,0.443,0.897,-0.969,-0.22,0.109],"_shiftlockState":false,"_pose":"Running","_animationQueue":[],"_animationSpeed":1.098,"_zoom":14.08},{"_mousePosition":[645,357],"_rootPartCFrame":[770.221,223.573,46.501,0.131,0,0.991,0,1,0,-0.991,0,0.131],"_humanoidState":3,"_cameraCFrame":[775.917,237.848,48.115,0.273,-0.873,0.405,0,0.42,0.907,-0.962,-0.247,0.115],"_shiftlockState":false,"_pose":"Jumping","_animationQueue":[["walk",0.1],["jump",0.1]],"_animationSpeed":1,"_zoom":14.08},{"_mousePosition":[645,357],"_rootPartCFrame":[769.962,224.395,46.437,0.145,0,0.989,0,1,0,-0.989,0,0.145],"_humanoidState":5,"_cameraCFrame":[775.403,238.768,48.147,0.3,-0.872,0.386,0,0.405,0.914,-0.954,-0.274,0.121],"_shiftlockState":false,"_pose":"FreeFall","_animationQueue":[["jump",0.1]],"_animationSpeed":1,"_zoom":14.08},{"_mousePosition":[645,357],"_rootPartCFrame":[769.769,224.975,46.384,0.157,0,0.988,0,1,0,-0.988,0,0.157],"_humanoidState":5,"_cameraCFrame":[774.926,239.461,48.124,0.32,-0.874,0.366,0,0.387,0.922,-0.948,-0.295,0.124],"_shiftlockState":false,"_pose":"FreeFall","_animationQueue":[],"_animationSpeed":1,"_zoom":14.08},{"_mousePosition":[645,357],"_rootPartCFrame":[769.451,225.875,46.285,0.181,0,0.984,0,1,0,-0.984,0,0.181],"_humanoidState":5,"_cameraCFrame":[774.457,240.413,48.074,0.337,-0.872,0.356,0,0.378,0.926,-0.942,-0.312,0.127],"_shiftlockState":false,"_pose":"FreeFall","_animationQueue":[],"_animationSpeed":1,"_zoom":14.08},{"_mousePosition":[645,357],"_rootPartCFrame":[769.261,226.374,46.222,0.195,0,0.981,0,1,0,-0.981,0,0.195],"_humanoidState":5,"_cameraCFrame":[774.267,240.912,48.011,0.337,-0.872,0.356,0,0.378,0.926,-0.942,-0.312,0.127],"_shiftlockState":false,"_pose":"FreeFall","_animationQueue":[],"_animationSpeed":1,"_zoom":14.08},{"_mousePosition":[645,357],"_rootPartCFrame":[769.01,226.992,46.133,0.214,0,0.977,0,1,0,-0.977,0,0.214],"_humanoidState":5,"_cameraCFrame":[774.016,241.53,47.922,0.337,-0.872,0.356,0,0.378,0.926,-0.942,-0.312,0.127],"_shiftlockState":false,"_pose":"FreeFall","_animationQueue":[],"_animationSpeed":1,"_zoom":14.08},{"_mousePosition":[645,357],"_rootPartCFrame":[768.696,227.687,46.021,0.235,0,0.972,0,1,0,-0.972,0,0.235],"_humanoidState":5,"_cameraCFrame":[773.702,242.225,47.81,0.337,-0.872,0.356,0,0.378,0.926,-0.942,-0.312,0.127],"_shiftlockState":false,"_pose":"FreeFall","_animationQueue":[],"_animationSpeed":1,"_zoom":14.08},{"_mousePosition":[645,357],"_rootPartCFrame":[768.508,228.064,45.953,0.247,0,0.969,0,1,0,-0.969,0,0.247],"_humanoidState":5,"_cameraCFrame":[773.514,242.601,47.743,0.337,-0.872,0.356,0,0.378,0.926,-0.942,-0.312,0.127],"_shiftlockState":false,"_pose":"FreeFall","_animationQueue":[],"_animationSpeed":1,"_zoom":14.08},{"_mousePosition":[645,357],"_rootPartCFrame":[768.256,228.518,45.864,0.259,0,0.966,0,1,0,-0.966,0,0.259],"_humanoidState":5,"_cameraCFrame":[773.262,243.055,47.653,0.337,-0.872,0.356,0,0.378,0.926,-0.942,-0.312,0.127],"_shiftlockState":false,"_pose":"FreeFall","_animationQueue":[],"_animationSpeed":1,"_zoom":14.08},{"_mousePosition":[645,357],"_rootPartCFrame":[767.942,229.009,45.752,0.273,0,0.962,0,1,0,-0.962,0,0.273],"_humanoidState":5,"_cameraCFrame":[772.948,243.547,47.541,0.337,-0.872,0.356,0,0.378,0.926,-0.942,-0.312,0.127],"_shiftlockState":false,"_pose":"FreeFall","_animationQueue":[],"_animationSpeed":1,"_zoom":14.08},{"_mousePosition":[645,357],"_rootPartCFrame":[767.754,229.262,45.684,0.28,0,0.96,0,1,0,-0.96,0,0.28],"_humanoidState":5,"_cameraCFrame":[772.76,243.8,47.473,0.337,-0.872,0.356,0,0.378,0.926,-0.942,-0.312,0.127],"_shiftlockState":false,"_pose":"FreeFall","_animationQueue":[],"_animationSpeed":1,"_zoom":14.08},{"_mousePosition":[645,357],"_rootPartCFrame":[767.44,229.617,45.572,0.29,0,0.957,0,1,0,-0.957,0,0.29],"_humanoidState":5,"_cameraCFrame":[772.446,244.155,47.361,0.337,-0.872,0.356,0,0.378,0.926,-0.942,-0.312,0.127],"_shiftlockState":false,"_pose":"FreeFall","_animationQueue":[],"_animationSpeed":1,"_zoom":14.08},{"_mousePosition":[645,357],"_rootPartCFrame":[767.189,229.84,45.482,0.297,0,0.955,0,1,0,-0.955,0,0.297],"_humanoidState":5,"_cameraCFrame":[772.195,244.378,47.271,0.337,-0.872,0.356,0,0.378,0.926,-0.942,-0.312,0.127],"_shiftlockState":false,"_pose":"FreeFall","_animationQueue":[],"_animationSpeed":1,"_zoom":14.08},{"_mousePosition":[645,357],"_rootPartCFrame":[767,229.971,45.415,0.301,0,0.954,0,1,0,-0.954,0,0.301],"_humanoidState":5,"_cameraCFrame":[772.006,244.509,47.204,0.337,-0.872,0.356,0,0.378,0.926,-0.942,-0.312,0.127],"_shiftlockState":false,"_pose":"FreeFall","_animationQueue":[],"_animationSpeed":1,"_zoom":14.08},{"_mousePosition":[645,357],"_rootPartCFrame":[766.749,230.098,45.325,0.306,0,0.952,0,1,0,-0.952,0,0.306],"_humanoidState":5,"_cameraCFrame":[771.755,244.636,47.114,0.337,-0.872,0.356,0,0.378,0.926,-0.942,-0.312,0.127],"_shiftlockState":false,"_pose":"FreeFall","_animationQueue":[],"_animationSpeed":1,"_zoom":14.08},{"_mousePosition":[645,357],"_rootPartCFrame":[766.498,230.171,45.236,0.31,0,0.951,0,1,0,-0.951,0,0.31],"_humanoidState":5,"_cameraCFrame":[771.504,244.709,47.025,0.337,-0.872,0.356,0,0.378,0.926,-0.942,-0.312,0.127],"_shiftlockState":false,"_pose":"FreeFall","_animationQueue":[],"_animationSpeed":1,"_zoom":14.08},{"_mousePosition":[645,357],"_rootPartCFrame":[766.247,230.189,45.146,0.314,0,0.949,0,1,0,-0.949,0,0.314],"_humanoidState":5,"_cameraCFrame":[771.169,244.765,46.888,0.334,-0.876,0.35,0,0.371,0.929,-0.943,-0.31,0.124],"_shiftlockState":false,"_pose":"FreeFall","_animationQueue":[],"_animationSpeed":1,"_zoom":14.08},{"_mousePosition":[645,357],"_rootPartCFrame":[765.932,230.135,45.034,0.318,0,0.948,0,1,0,-0.948,0,0.318],"_humanoidState":5,"_cameraCFrame":[770.609,244.818,46.644,0.326,-0.885,0.332,0,0.351,0.936,-0.945,-0.305,0.114],"_shiftlockState":false,"_pose":"FreeFall","_animationQueue":[["fall",0.3]],"_animationSpeed":1,"_zoom":14.08},{"_mousePosition":[645,357],"_rootPartCFrame":[765.681,230.03,44.945,0.32,0,0.947,0,1,0,-0.947,0,0.32],"_humanoidState":5,"_cameraCFrame":[770.158,244.791,46.481,0.325,-0.891,0.318,0,0.336,0.942,-0.946,-0.306,0.109],"_shiftlockState":false,"_pose":"FreeFall","_animationQueue":[],"_animationSpeed":1,"_zoom":14.08},{"_mousePosition":[645,357],"_rootPartCFrame":[765.429,229.871,44.857,0.321,0,0.947,0,1,0,-0.947,0,0.321],"_humanoidState":5,"_cameraCFrame":[769.736,244.696,46.326,0.323,-0.896,0.306,0,0.323,0.946,-0.947,-0.305,0.104],"_shiftlockState":false,"_pose":"FreeFall","_animationQueue":[],"_animationSpeed":1,"_zoom":14.08},{"_mousePosition":[645,357],"_rootPartCFrame":[765.24,229.716,44.792,0.322,0,0.947,0,1,0,-0.947,0,0.322],"_humanoidState":5,"_cameraCFrame":[769.385,244.605,46.133,0.308,-0.905,0.294,0,0.309,0.951,-0.951,-0.293,0.095],"_shiftlockState":false,"_pose":"FreeFall","_animationQueue":[],"_animationSpeed":1,"_zoom":14.08},{"_mousePosition":[645,357],"_rootPartCFrame":[764.924,229.39,44.685,0.322,0,0.947,0,1,0,-0.947,0,0.322],"_humanoidState":5,"_cameraCFrame":[768.991,244.317,45.879,0.282,-0.915,0.289,0,0.301,0.954,-0.959,-0.269,0.085],"_shiftlockState":false,"_pose":"FreeFall","_animationQueue":[],"_animationSpeed":1,"_zoom":14.08},{"_mousePosition":[645,357],"_rootPartCFrame":[764.734,229.153,44.623,0.321,0,0.947,0,1,0,-0.947,0,0.321],"_humanoidState":5,"_cameraCFrame":[768.77,244.104,45.64,0.244,-0.926,0.287,0,0.296,0.955,-0.97,-0.233,0.072],"_shiftlockState":false,"_pose":"FreeFall","_animationQueue":[],"_animationSpeed":1,"_zoom":14.08},{"_mousePosition":[645,357],"_rootPartCFrame":[764.415,228.691,44.528,0.316,0,0.949,0,1,0,-0.949,0,0.316],"_humanoidState":5,"_cameraCFrame":[768.396,243.668,45.399,0.214,-0.935,0.283,0,0.289,0.957,-0.977,-0.205,0.062],"_shiftlockState":false,"_pose":"FreeFall","_animationQueue":[["fall",0.3]],"_animationSpeed":1,"_zoom":14.08},{"_mousePosition":[645,357],"_rootPartCFrame":[764.156,228.259,44.461,0.308,0,0.951,0,1,0,-0.951,0,0.308],"_humanoidState":5,"_cameraCFrame":[768.101,243.253,45.238,0.193,-0.94,0.28,0,0.286,0.958,-0.981,-0.185,0.055],"_shiftlockState":false,"_pose":"FreeFall","_animationQueue":[],"_animationSpeed":1,"_zoom":14.08},{"_mousePosition":[645,357],"_rootPartCFrame":[763.896,227.773,44.403,0.297,0,0.955,0,1,0,-0.955,0,0.297],"_humanoidState":5,"_cameraCFrame":[767.827,242.773,45.139,0.184,-0.942,0.279,0,0.284,0.959,-0.983,-0.176,0.052],"_shiftlockState":false,"_pose":"FreeFall","_animationQueue":[],"_animationSpeed":1,"_zoom":14.08},{"_mousePosition":[645,357],"_rootPartCFrame":[763.7,227.373,44.363,0.287,0,0.958,0,1,0,-0.958,0,0.287],"_humanoidState":5,"_cameraCFrame":[767.941,242.376,43.373,0.183,-0.943,0.278,0,0.283,0.959,-0.983,-0.176,0.052],"_shiftlockState":true,"_pose":"FreeFall","_animationQueue":[],"_animationSpeed":1,"_zoom":14.08},{"_mousePosition":[683,384],"_rootPartCFrame":[763.373,226.638,44.302,0.179,0,0.984,0,1,0,-0.984,0,0.179],"_humanoidState":5,"_cameraCFrame":[767.614,241.641,43.311,0.183,-0.943,0.278,0,0.283,0.959,-0.983,-0.176,0.052],"_shiftlockState":true,"_pose":"FreeFall","_animationQueue":[],"_animationSpeed":1,"_zoom":14.08},{"_mousePosition":[683,384],"_rootPartCFrame":[763.176,226.156,44.265,0.183,0,0.983,0,1,0,-0.983,0,0.183],"_humanoidState":5,"_cameraCFrame":[767.417,241.159,43.274,0.183,-0.943,0.278,0,0.283,0.959,-0.983,-0.176,0.052],"_shiftlockState":true,"_pose":"FreeFall","_animationQueue":[],"_animationSpeed":1,"_zoom":14.08},{"_mousePosition":[683,384],"_rootPartCFrame":[762.914,225.465,44.216,0.183,0,0.983,0,1,0,-0.983,0,0.183],"_humanoidState":5,"_cameraCFrame":[767.144,240.472,43.224,0.183,-0.943,0.278,0,0.282,0.959,-0.983,-0.176,0.052],"_shiftlockState":true,"_pose":"FreeFall","_animationQueue":[],"_animationSpeed":1,"_zoom":14.08},{"_mousePosition":[683,384],"_rootPartCFrame":[762.586,224.526,44.155,0.183,0,0.983,0,1,0,-0.983,0,0.183],"_humanoidState":5,"_cameraCFrame":[766.739,239.554,43.14,0.181,-0.945,0.272,0,0.277,0.961,-0.983,-0.174,0.05],"_shiftlockState":true,"_pose":"FreeFall","_animationQueue":[["fall",0.3]],"_animationSpeed":1,"_zoom":14.08},{"_mousePosition":[683,384],"_rootPartCFrame":[762.324,223.713,44.106,0.181,0,0.983,0,1,0,-0.983,0,0.181],"_humanoidState":5,"_cameraCFrame":[766.388,238.766,43.063,0.178,-0.947,0.267,0,0.271,0.963,-0.984,-0.171,0.048],"_shiftlockState":true,"_pose":"FreeFall","_animationQueue":[],"_animationSpeed":1,"_zoom":14.08},{"_mousePosition":[683,384],"_rootPartCFrame":[762.127,223.067,44.07,0.178,0,0.984,0,1,0,-0.984,0,0.178],"_humanoidState":7,"_cameraCFrame":[766.071,238.154,42.997,0.176,-0.95,0.258,0,0.262,0.965,-0.984,-0.17,0.046],"_shiftlockState":true,"_pose":"FreeFall","_animationQueue":[["walk",0.1],["fall",0.3],["fall",0.3]],"_animationSpeed":1,"_zoom":14.08},{"_mousePosition":[683,384],"_rootPartCFrame":[761.799,222.225,44.011,0.176,0,0.984,0,1,0,-0.984,0,0.176],"_humanoidState":7,"_cameraCFrame":[765.588,237.352,42.898,0.173,-0.953,0.248,0,0.251,0.968,-0.985,-0.167,0.043],"_shiftlockState":true,"_pose":"FreeFall","_animationQueue":[],"_animationSpeed":1,"_zoom":14.08},{"_mousePosition":[683,384],"_rootPartCFrame":[761.537,222.23,43.964,0.173,0,0.985,0,1,0,-0.985,0,0.173],"_humanoidState":8,"_cameraCFrame":[765.139,237.406,42.811,0.171,-0.957,0.235,0,0.238,0.971,-0.985,-0.166,0.041],"_shiftlockState":true,"_pose":"Running","_animationQueue":[["walk",0.1],["fall",0.3],["walk",0.1]],"_animationSpeed":1.103,"_zoom":14.08},{"_mousePosition":[683,384],"_rootPartCFrame":[761.274,222.242,43.917,0.171,0,0.985,0,1,0,-0.985,0,0.171],"_humanoidState":8,"_cameraCFrame":[764.658,237.469,42.728,0.171,-0.961,0.219,0,0.222,0.975,-0.985,-0.166,0.038],"_shiftlockState":true,"_pose":"Running","_animationQueue":[],"_animationSpeed":1.103,"_zoom":14.08},{"_mousePosition":[683,384],"_rootPartCFrame":[761.011,222.16,43.872,0.171,0,0.985,0,1,0,-0.985,0,0.171],"_humanoidState":8,"_cameraCFrame":[764.187,237.436,42.671,0.179,-0.963,0.203,0,0.207,0.978,-0.984,-0.175,0.037],"_shiftlockState":true,"_pose":"Running","_animationQueue":[["walk",0.1]],"_animationSpeed":1.103,"_zoom":14.08},{"_mousePosition":[683,384],"_rootPartCFrame":[760.748,222.022,43.826,0.179,0,0.984,0,1,0,-0.984,0,0.179],"_humanoidState":8,"_cameraCFrame":[763.778,237.332,42.64,0.193,-0.962,0.191,0,0.195,0.981,-0.981,-0.19,0.038],"_shiftlockState":true,"_pose":"Running","_animationQueue":[],"_animationSpeed":1.103,"_zoom":14.08},{"_mousePosition":[683,384],"_rootPartCFrame":[760.486,221.83,43.779,0.193,0,0.981,0,1,0,-0.981,0,0.193],"_humanoidState":8,"_cameraCFrame":[763.386,237.17,42.619,0.213,-0.96,0.18,0,0.184,0.983,-0.977,-0.209,0.039],"_shiftlockState":true,"_pose":"Running","_animationQueue":[],"_animationSpeed":1.103,"_zoom":14.08},{"_mousePosition":[683,384],"_rootPartCFrame":[760.224,221.583,43.728,0.213,0,0.977,0,1,0,-0.977,0,0.213],"_humanoidState":8,"_cameraCFrame":[763.025,236.945,42.592,0.23,-0.958,0.17,0,0.175,0.985,-0.973,-0.227,0.04],"_shiftlockState":true,"_pose":"Running","_animationQueue":[],"_animationSpeed":1.103,"_zoom":14.08},{"_mousePosition":[683,384],"_rootPartCFrame":[759.964,221.281,43.671,0.23,0,0.973,0,1,0,-0.973,0,0.23],"_humanoidState":8,"_cameraCFrame":[762.769,236.647,42.59,0.25,-0.953,0.168,0,0.174,0.985,-0.968,-0.247,0.043],"_shiftlockState":true,"_pose":"Running","_animationQueue":[],"_animationSpeed":1.103,"_zoom":14.08},{"_mousePosition":[683,384],"_rootPartCFrame":[759.704,221.083,43.61,0.25,0,0.968,0,1,0,-0.968,0,0.25],"_humanoidState":8,"_cameraCFrame":[762.528,236.45,42.579,0.268,-0.949,0.167,0,0.174,0.985,-0.964,-0.264,0.046],"_shiftlockState":true,"_pose":"Running","_animationQueue":[],"_animationSpeed":1.103,"_zoom":14.08},{"_mousePosition":[683,384],"_rootPartCFrame":[759.446,221.077,43.544,0.268,0,0.964,0,1,0,-0.964,0,0.268],"_humanoidState":8,"_cameraCFrame":[762.284,236.443,42.551,0.281,-0.945,0.167,0,0.174,0.985,-0.96,-0.277,0.049],"_shiftlockState":true,"_pose":"Running","_animationQueue":[],"_animationSpeed":1.103,"_zoom":14.08},{"_mousePosition":[683,384],"_rootPartCFrame":[759.189,221.021,43.473,0.281,0,0.96,0,1,0,-0.96,0,0.281],"_humanoidState":8,"_cameraCFrame":[762.034,236.387,42.501,0.288,-0.943,0.166,0,0.174,0.985,-0.958,-0.283,0.05],"_shiftlockState":true,"_pose":"Running","_animationQueue":[["walk",0.1]],"_animationSpeed":1.103,"_zoom":14.08},{"_mousePosition":[683,384],"_rootPartCFrame":[758.933,220.91,43.398,0.288,0,0.958,0,1,0,-0.958,0,0.288],"_humanoidState":8,"_cameraCFrame":[761.784,236.276,42.444,0.294,-0.941,0.166,0,0.174,0.985,-0.956,-0.289,0.051],"_shiftlockState":true,"_pose":"Running","_animationQueue":[],"_animationSpeed":1.103,"_zoom":14.08},{"_mousePosition":[683,384],"_rootPartCFrame":[758.614,220.703,43.303,0.294,0,0.956,0,1,0,-0.956,0,0.294],"_humanoidState":8,"_cameraCFrame":[761.468,236.069,42.357,0.297,-0.94,0.166,0,0.174,0.985,-0.955,-0.292,0.052],"_shiftlockState":true,"_pose":"Running","_animationQueue":[],"_animationSpeed":1.103,"_zoom":14.08},{"_mousePosition":[683,384],"_rootPartCFrame":[758.358,221.576,43.226,0.297,0,0.955,0,1,0,-0.955,0,0.297],"_humanoidState":3,"_cameraCFrame":[761.214,236.943,42.287,0.299,-0.94,0.166,0,0.174,0.985,-0.954,-0.294,0.052],"_shiftlockState":true,"_pose":"Jumping","_animationQueue":[["walk",0.1],["jump",0.1]],"_animationSpeed":1,"_zoom":14.08},{"_mousePosition":[683,384],"_rootPartCFrame":[758.104,222.398,43.147,0.299,0,0.954,0,1,0,-0.954,0,0.299],"_humanoidState":5,"_cameraCFrame":[760.965,237.765,42.223,0.304,-0.938,0.165,0,0.174,0.985,-0.953,-0.299,0.053],"_shiftlockState":true,"_pose":"FreeFall","_animationQueue":[["jump",0.1]],"_animationSpeed":1,"_zoom":14.08},{"_mousePosition":[683,384],"_rootPartCFrame":[757.849,223.166,43.068,0.309,0,0.951,0,1,0,-0.951,0,0.309],"_humanoidState":5,"_cameraCFrame":[760.701,238.53,42.08,0.281,-0.945,0.168,0,0.175,0.985,-0.96,-0.277,0.049],"_shiftlockState":true,"_pose":"FreeFall","_animationQueue":[["jump",0.1],["fall",0.3]],"_animationSpeed":1,"_zoom":14.08},{"_mousePosition":[683,384],"_rootPartCFrame":[757.595,223.879,42.986,0.284,0,0.959,0,1,0,-0.959,0,0.284],"_humanoidState":5,"_cameraCFrame":[760.411,239.245,41.931,0.26,-0.951,0.168,0,0.174,0.985,-0.966,-0.256,0.045],"_shiftlockState":true,"_pose":"FreeFall","_animationQueue":[],"_animationSpeed":1,"_zoom":14.08},{"_mousePosition":[683,384],"_rootPartCFrame":[757.404,224.378,42.928,0.262,0,0.965,0,1,0,-0.965,0,0.262],"_humanoidState":5,"_cameraCFrame":[760.193,239.744,41.806,0.237,-0.957,0.169,0,0.174,0.985,-0.972,-0.233,0.041],"_shiftlockState":true,"_pose":"FreeFall","_animationQueue":[],"_animationSpeed":1,"_zoom":14.08},{"_mousePosition":[683,384],"_rootPartCFrame":[757.082,225.142,42.841,0.24,0,0.971,0,1,0,-0.971,0,0.24],"_humanoidState":5,"_cameraCFrame":[759.852,240.508,41.672,0.22,-0.961,0.169,0,0.174,0.985,-0.975,-0.217,0.038],"_shiftlockState":true,"_pose":"FreeFall","_animationQueue":[],"_animationSpeed":1,"_zoom":14.08},{"_mousePosition":[683,384],"_rootPartCFrame":[756.823,225.691,42.777,0.223,0,0.975,0,1,0,-0.975,0,0.223],"_humanoidState":5,"_cameraCFrame":[759.579,241.057,41.573,0.208,-0.963,0.17,0,0.174,0.985,-0.978,-0.205,0.036],"_shiftlockState":true,"_pose":"FreeFall","_animationQueue":[],"_animationSpeed":1,"_zoom":14.08},{"_mousePosition":[683,384],"_rootPartCFrame":[756.563,226.186,42.717,0.21,0,0.978,0,1,0,-0.978,0,0.21],"_humanoidState":5,"_cameraCFrame":[759.302,241.552,41.477,0.195,-0.966,0.17,0,0.174,0.985,-0.981,-0.192,0.034],"_shiftlockState":true,"_pose":"FreeFall","_animationQueue":[],"_animationSpeed":1,"_zoom":14.08},{"_mousePosition":[683,384],"_rootPartCFrame":[756.368,226.522,42.675,0.196,0,0.981,0,1,0,-0.981,0,0.196],"_humanoidState":5,"_cameraCFrame":[759.086,241.888,41.389,0.178,-0.969,0.171,0,0.174,0.985,-0.984,-0.175,0.031],"_shiftlockState":true,"_pose":"FreeFall","_animationQueue":[],"_animationSpeed":1,"_zoom":14.08},{"_mousePosition":[683,384],"_rootPartCFrame":[756.041,227.013,42.61,0.181,0,0.984,0,1,0,-0.984,0,0.181],"_humanoidState":5,"_cameraCFrame":[758.73,242.379,41.264,0.156,-0.973,0.172,0,0.174,0.985,-0.988,-0.154,0.027],"_shiftlockState":true,"_pose":"FreeFall","_animationQueue":[["fall",0.3]],"_animationSpeed":1,"_zoom":14.08},{"_mousePosition":[683,384],"_rootPartCFrame":[755.844,227.266,42.574,0.158,0,0.987,0,1,0,-0.987,0,0.158],"_humanoidState":5,"_cameraCFrame":[758.492,242.632,41.149,0.127,-0.977,0.172,0,0.174,0.985,-0.992,-0.126,0.022],"_shiftlockState":true,"_pose":"FreeFall","_animationQueue":[],"_animationSpeed":1,"_zoom":14.08},{"_mousePosition":[683,384],"_rootPartCFrame":[755.515,227.621,42.521,0.132,0,0.991,0,1,0,-0.991,0,0.132],"_humanoidState":5,"_cameraCFrame":[758.127,242.987,41.03,0.102,-0.98,0.173,0,0.174,0.985,-0.995,-0.101,0.018],"_shiftlockState":true,"_pose":"FreeFall","_animationQueue":[],"_animationSpeed":1,"_zoom":14.08},{"_mousePosition":[683,384],"_rootPartCFrame":[755.251,227.844,42.485,0.106,0,0.994,0,1,0,-0.994,0,0.106],"_humanoidState":5,"_cameraCFrame":[757.832,243.21,40.943,0.083,-0.981,0.173,0,0.174,0.985,-0.997,-0.081,0.014],"_shiftlockState":true,"_pose":"FreeFall","_animationQueue":[],"_animationSpeed":1,"_zoom":14.08},{"_mousePosition":[683,384],"_rootPartCFrame":[755.052,227.975,42.464,0.085,0,0.996,0,1,0,-0.996,0,0.085],"_humanoidState":5,"_cameraCFrame":[757.611,243.341,40.884,0.068,-0.983,0.173,0,0.174,0.985,-0.998,-0.067,0.012],"_shiftlockState":true,"_pose":"FreeFall","_animationQueue":[],"_animationSpeed":1,"_zoom":14.08},{"_mousePosition":[683,384],"_rootPartCFrame":[754.786,228.102,42.441,0.07,0,0.998,0,1,0,-0.998,0,0.07],"_humanoidState":5,"_cameraCFrame":[757.325,243.468,40.829,0.056,-0.983,0.173,0,0.174,0.985,-0.998,-0.055,0.01],"_shiftlockState":true,"_pose":"FreeFall","_animationQueue":[],"_animationSpeed":1,"_zoom":14.08},{"_mousePosition":[683,384],"_rootPartCFrame":[754.491,228.184,42.416,0.056,0,0.998,0,1,0,-0.998,0,0.056],"_humanoidState":5,"_cameraCFrame":[757.008,243.55,40.77,0.042,-0.984,0.173,0,0.174,0.985,-0.999,-0.041,0.007],"_shiftlockState":true,"_pose":"FreeFall","_animationQueue":[["fall",0.3]],"_animationSpeed":1,"_zoom":14.08},{"_mousePosition":[683,384],"_rootPartCFrame":[754.344,228.193,42.404,0.042,0,0.999,0,1,0,-0.999,0,0.042],"_humanoidState":5,"_cameraCFrame":[756.823,243.559,40.703,0.02,-0.985,0.174,0,0.174,0.985,-1,-0.02,0.003],"_shiftlockState":true,"_pose":"FreeFall","_animationQueue":[],"_animationSpeed":1,"_zoom":14.08},{"_mousePosition":[683,384],"_rootPartCFrame":[754.148,228.139,42.388,0.02,0,1,0,1,0,-1,0,0.02],"_humanoidState":5,"_cameraCFrame":[756.593,243.505,40.638,0,-0.985,0.174,0,0.174,0.985,-1,0,0],"_shiftlockState":true,"_pose":"FreeFall","_animationQueue":[],"_animationSpeed":1,"_zoom":14.08},{"_mousePosition":[683,384],"_rootPartCFrame":[754.036,228.034,42.378,0,0,1,0,1,0,-1,0,0],"_humanoidState":5,"_cameraCFrame":[756.455,243.4,40.593,-0.015,-0.985,0.174,0,0.174,0.985,-1,0.014,-0.003],"_shiftlockState":true,"_pose":"FreeFall","_animationQueue":[],"_animationSpeed":1,"_zoom":14.08},{"_mousePosition":[683,384],"_rootPartCFrame":[753.963,227.875,42.372,-0.015,0,1,0,1,0,-1,0,-0.015],"_humanoidState":5,"_cameraCFrame":[756.365,243.241,40.564,-0.024,-0.985,0.174,0,0.174,0.985,-1,0.024,-0.004],"_shiftlockState":true,"_pose":"FreeFall","_animationQueue":[],"_animationSpeed":1,"_zoom":14.08},{"_mousePosition":[683,384],"_rootPartCFrame":[753.934,227.72,42.37,-0.024,0,1,0,1,0,-1,0,-0.024],"_humanoidState":5,"_cameraCFrame":[756.323,243.086,40.544,-0.031,-0.984,0.174,0,0.174,0.985,-1,0.031,-0.005],"_shiftlockState":true,"_pose":"FreeFall","_animationQueue":[],"_animationSpeed":1,"_zoom":14.08},{"_mousePosition":[683,384],"_rootPartCFrame":[753.862,227.394,42.368,-0.03,0,1,0,1,0,-1,0,-0.03],"_humanoidState":5,"_cameraCFrame":[756.248,242.758,40.525,-0.039,-0.984,0.174,0,0.174,0.985,-0.999,0.038,-0.007],"_shiftlockState":true,"_pose":"FreeFall","_animationQueue":[["fall",0.3]],"_animationSpeed":1,"_zoom":14.08},{"_mousePosition":[683,384],"_rootPartCFrame":[753.788,227.157,42.369,-0.038,0,0.999,0,1,0,-0.999,0,-0.038],"_humanoidState":5,"_cameraCFrame":[756.211,242.511,40.497,-0.049,-0.983,0.178,0,0.178,0.984,-0.999,0.048,-0.009],"_shiftlockState":true,"_pose":"FreeFall","_animationQueue":[],"_animationSpeed":1,"_zoom":14.08},{"_mousePosition":[683,384],"_rootPartCFrame":[753.617,226.694,42.372,-0.048,0,0.999,0,1,0,-0.999,0,-0.048],"_humanoidState":5,"_cameraCFrame":[756.152,242.024,40.465,-0.061,-0.98,0.188,0,0.188,0.982,-0.998,0.06,-0.011],"_shiftlockState":true,"_pose":"FreeFall","_animationQueue":[],"_animationSpeed":1,"_zoom":14.08},{"_mousePosition":[683,384],"_rootPartCFrame":[753.484,226.376,42.376,-0.06,0,0.998,0,1,0,-0.998,0,-0.06],"_humanoidState":5,"_cameraCFrame":[756.2,241.663,40.413,-0.076,-0.976,0.202,0,0.203,0.979,-0.997,0.075,-0.015],"_shiftlockState":true,"_pose":"FreeFall","_animationQueue":[],"_animationSpeed":1,"_zoom":14.08},{"_mousePosition":[683,384],"_rootPartCFrame":[753.273,225.904,42.386,-0.074,0,0.997,0,1,0,-0.997,0,-0.074],"_humanoidState":5,"_cameraCFrame":[756.16,241.15,40.384,-0.085,-0.973,0.216,0,0.216,0.976,-0.996,0.083,-0.018],"_shiftlockState":true,"_pose":"FreeFall","_animationQueue":[],"_animationSpeed":1,"_zoom":14.08},{"_mousePosition":[683,384],"_rootPartCFrame":[753.023,225.377,42.402,-0.083,0,0.997,0,1,0,-0.997,0,-0.083],"_humanoidState":5,"_cameraCFrame":[755.943,240.616,40.398,-0.085,-0.972,0.218,0,0.219,0.976,-0.996,0.083,-0.019],"_shiftlockState":true,"_pose":"FreeFall","_animationQueue":[],"_animationSpeed":1,"_zoom":14.08},{"_mousePosition":[683,384],"_rootPartCFrame":[752.758,224.795,42.424,-0.084,0,0.996,0,1,0,-0.996,0,-0.084],"_humanoidState":5,"_cameraCFrame":[755.678,240.034,40.42,-0.085,-0.972,0.218,0,0.219,0.976,-0.996,0.083,-0.019],"_shiftlockState":true,"_pose":"FreeFall","_animationQueue":[],"_animationSpeed":1,"_zoom":14.08},{"_mousePosition":[683,384],"_rootPartCFrame":[752.492,224.16,42.447,-0.085,0,0.996,0,1,0,-0.996,0,-0.085],"_humanoidState":5,"_cameraCFrame":[755.412,239.399,40.442,-0.085,-0.972,0.218,0,0.219,0.976,-0.996,0.083,-0.019],"_shiftlockState":true,"_pose":"FreeFall","_animationQueue":[["fall",0.3]],"_animationSpeed":1,"_zoom":14.08},{"_mousePosition":[683,384],"_rootPartCFrame":[752.226,223.469,42.469,-0.085,0,0.996,0,1,0,-0.996,0,-0.085],"_humanoidState":5,"_cameraCFrame":[755.147,238.708,40.465,-0.085,-0.972,0.218,0,0.219,0.976,-0.996,0.083,-0.019],"_shiftlockState":true,"_pose":"FreeFall","_animationQueue":[],"_animationSpeed":1,"_zoom":14.08},{"_mousePosition":[683,384],"_rootPartCFrame":[751.961,222.724,42.492,-0.085,0,0.996,0,1,0,-0.996,0,-0.085],"_humanoidState":5,"_cameraCFrame":[755.019,237.948,40.593,-0.048,-0.974,0.223,0,0.223,0.975,-0.999,0.047,-0.011],"_shiftlockState":true,"_pose":"FreeFall","_animationQueue":[],"_animationSpeed":1,"_zoom":14.08},{"_mousePosition":[683,384],"_rootPartCFrame":[751.629,221.717,42.52,-0.053,0,0.999,0,1,0,-0.999,0,-0.053],"_humanoidState":5,"_cameraCFrame":[755.427,236.849,41.505,0.199,-0.949,0.245,0,0.25,0.968,-0.98,-0.192,0.05],"_shiftlockState":true,"_pose":"FreeFall","_animationQueue":[],"_animationSpeed":1,"_zoom":14.08},{"_mousePosition":[683,384],"_rootPartCFrame":[751.7,220.912,42.466,0.133,0.004,0.991,-0.011,1,-0.002,-0.991,-0.01,0.133],"_humanoidState":5,"_cameraCFrame":[755.641,236.033,42.983,0.557,-0.804,0.21,0,0.253,0.967,-0.831,-0.539,0.141],"_shiftlockState":true,"_pose":"FreeFall","_animationQueue":[],"_animationSpeed":1,"_zoom":14.08},{"_mousePosition":[683,384],"_rootPartCFrame":[751.968,220.972,42.371,0.532,0.007,0.847,-0.003,1,-0.006,-0.847,0,0.532],"_humanoidState":7,"_cameraCFrame":[755.499,236.122,43.985,0.782,-0.604,0.153,0,0.245,0.969,-0.623,-0.758,0.192],"_shiftlockState":true,"_pose":"FreeFall","_animationQueue":[["walk",0.1],["fall",0.3],["fall",0.3]],"_animationSpeed":1,"_zoom":14.08},{"_mousePosition":[683,384],"_rootPartCFrame":[752.104,221.171,42.311,0.755,-0.006,0.655,0.003,1,0.006,-0.655,-0.002,0.755],"_humanoidState":7,"_cameraCFrame":[755.093,236.537,42.534,0.641,-0.755,0.133,0,0.174,0.985,-0.767,-0.632,0.111],"_shiftlockState":true,"_pose":"FreeFall","_animationQueue":[["fall",0.3]],"_animationSpeed":1,"_zoom":14.08},{"_mousePosition":[683,384],"_rootPartCFrame":[752.117,221.315,42.245,0.642,-0.003,0.767,0.002,1,0.002,-0.767,0,0.642],"_humanoidState":8,"_cameraCFrame":[754.867,236.681,41.039,0.207,-0.963,0.17,0,0.174,0.985,-0.978,-0.204,0.036],"_shiftlockState":true,"_pose":"Running","_animationQueue":[["walk",0.1],["fall",0.3],["walk",0.1]],"_animationSpeed":0.38,"_zoom":14.08},{"_mousePosition":[683,384],"_rootPartCFrame":[752.125,221.977,42.206,0.207,0.001,0.978,0.002,1,-0.001,-0.978,0.002,0.207],"_humanoidState":3,"_cameraCFrame":[754.427,237.343,40.273,-0.078,-0.982,0.173,0,0.174,0.985,-0.997,0.077,-0.014],"_shiftlockState":true,"_pose":"Jumping","_animationQueue":[["walk",0.1],["jump",0.1]],"_animationSpeed":1,"_zoom":14.08},{"_mousePosition":[683,384],"_rootPartCFrame":[752.112,223.03,42.113,0.045,0.002,0.999,0.001,1,-0.002,-0.999,0.001,0.045],"_humanoidState":5,"_cameraCFrame":[753.912,238.392,39.682,-0.312,-0.935,0.166,0,0.175,0.985,-0.95,0.307,-0.055],"_shiftlockState":true,"_pose":"FreeFall","_animationQueue":[["jump",0.1]],"_animationSpeed":1,"_zoom":14.08},{"_mousePosition":[683,384],"_rootPartCFrame":[752.065,223.811,42.014,-0.186,0.001,0.983,0,1,-0.001,-0.983,0,-0.186],"_humanoidState":5,"_cameraCFrame":[753.193,239.176,39.217,-0.538,-0.83,0.147,0,0.174,0.985,-0.843,0.53,-0.094],"_shiftlockState":true,"_pose":"FreeFall","_animationQueue":[],"_animationSpeed":1,"_zoom":14.08},{"_mousePosition":[683,384],"_rootPartCFrame":[752.005,224.361,41.933,-0.452,0,0.892,0,1,0,-0.892,0,-0.452],"_humanoidState":5,"_cameraCFrame":[752.44,239.675,38.725,-0.761,-0.636,0.125,0,0.193,0.981,-0.649,0.747,-0.147],"_shiftlockState":true,"_pose":"FreeFall","_animationQueue":[],"_animationSpeed":1,"_zoom":14.08},{"_mousePosition":[683,384],"_rootPartCFrame":[751.877,225.21,41.764,-0.643,0,0.766,0,1,0,-0.766,0,-0.643],"_humanoidState":5,"_cameraCFrame":[751.614,240.393,38.018,-0.915,-0.392,0.095,0,0.236,0.972,-0.403,0.889,-0.216],"_shiftlockState":true,"_pose":"FreeFall","_animationQueue":[],"_animationSpeed":1,"_zoom":14.08},{"_mousePosition":[683,384],"_rootPartCFrame":[751.742,225.828,41.606,-0.854,0,0.521,0,1,0,-0.521,0,-0.854],"_humanoidState":5,"_cameraCFrame":[750.708,240.846,37.424,-0.985,-0.168,0.049,0,0.28,0.96,-0.175,0.945,-0.275],"_shiftlockState":true,"_pose":"FreeFall","_animationQueue":[],"_animationSpeed":1,"_zoom":14.08},{"_mousePosition":[683,384],"_rootPartCFrame":[751.617,226.255,41.492,-0.962,0,0.272,0,1,0,-0.272,0,-0.962],"_humanoidState":5,"_cameraCFrame":[749.705,241.115,37.113,-0.999,0.035,-0.012,0,0.316,0.949,0.037,0.948,-0.316],"_shiftlockState":true,"_pose":"FreeFall","_animationQueue":[],"_animationSpeed":1,"_zoom":14.08},{"_mousePosition":[683,384],"_rootPartCFrame":[751.425,226.778,41.364,-0.995,0,0.096,0,1,0,-0.096,0,-0.995],"_humanoidState":5,"_cameraCFrame":[748.761,241.529,37.052,-0.98,0.188,-0.067,0,0.338,0.941,0.2,0.922,-0.331],"_shiftlockState":true,"_pose":"FreeFall","_animationQueue":[],"_animationSpeed":1,"_zoom":14.08},{"_mousePosition":[683,384],"_rootPartCFrame":[751.213,227.245,41.269,-0.998,0,-0.068,0,1,0,0.068,0,-0.998],"_humanoidState":5,"_cameraCFrame":[747.9,241.915,37.158,-0.943,0.312,-0.118,0,0.354,0.935,0.334,0.882,-0.333],"_shiftlockState":true,"_pose":"FreeFall","_animationQueue":[],"_animationSpeed":1,"_zoom":14.08},{"_mousePosition":[683,384],"_rootPartCFrame":[750.927,227.753,41.203,-0.985,0,-0.173,0,1,0,0.173,0,-0.985],"_humanoidState":5,"_cameraCFrame":[747.285,242.39,37.271,-0.915,0.376,-0.145,0,0.36,0.933,0.403,0.854,-0.329],"_shiftlockState":true,"_pose":"FreeFall","_animationQueue":[],"_animationSpeed":1,"_zoom":14.08},{"_mousePosition":[683,384],"_rootPartCFrame":[750.749,228.017,41.192,-0.951,0,-0.31,0,1,0,0.31,0,-0.951],"_humanoidState":5,"_cameraCFrame":[746.926,242.659,37.45,-0.895,0.417,-0.16,0,0.359,0.933,0.446,0.835,-0.321],"_shiftlockState":true,"_pose":"FreeFall","_animationQueue":[],"_animationSpeed":1,"_zoom":14.08},{"_mousePosition":[683,384],"_rootPartCFrame":[750.45,228.389,41.224,-0.956,0,-0.292,0,1,0,0.292,0,-0.956],"_humanoidState":5,"_cameraCFrame":[746.593,243.051,37.589,-0.888,0.43,-0.164,0,0.355,0.935,0.46,0.83,-0.315],"_shiftlockState":true,"_pose":"FreeFall","_animationQueue":[],"_animationSpeed":1,"_zoom":14.08},{"_mousePosition":[683,384],"_rootPartCFrame":[750.269,228.571,41.272,-0.929,0,-0.37,0,1,0,0.37,0,-0.929],"_humanoidState":5,"_cameraCFrame":[746.432,243.261,37.72,-0.886,0.435,-0.162,0,0.35,0.937,0.464,0.83,-0.31],"_shiftlockState":true,"_pose":"FreeFall","_animationQueue":[],"_animationSpeed":1,"_zoom":14.08},{"_mousePosition":[683,384],"_rootPartCFrame":[750.044,228.767,41.268,-0.94,0,-0.341,0,1,0,0.341,0,-0.94],"_humanoidState":5,"_cameraCFrame":[746.216,243.464,37.734,-0.886,0.435,-0.162,0,0.348,0.937,0.464,0.83,-0.309],"_shiftlockState":true,"_pose":"FreeFall","_animationQueue":[],"_animationSpeed":1,"_zoom":14.08},{"_mousePosition":[683,384],"_rootPartCFrame":[749.824,228.907,41.226,-0.94,0,-0.342,0,1,0,0.342,0,-0.94],"_humanoidState":5,"_cameraCFrame":[746.016,243.609,37.686,-0.888,0.432,-0.16,0,0.348,0.938,0.46,0.832,-0.309],"_shiftlockState":true,"_pose":"FreeFall","_animationQueue":[],"_animationSpeed":1,"_zoom":14.08},{"_mousePosition":[683,384],"_rootPartCFrame":[749.534,229.007,41.255,-0.952,0,-0.307,0,1,0,0.307,0,-0.952],"_humanoidState":5,"_cameraCFrame":[745.74,243.704,37.685,-0.89,0.427,-0.159,0,0.348,0.937,0.456,0.834,-0.31],"_shiftlockState":true,"_pose":"FreeFall","_animationQueue":[],"_animationSpeed":1,"_zoom":14.08},{"_mousePosition":[683,384],"_rootPartCFrame":[749.359,229.026,41.302,-0.931,0,-0.365,0,1,0,0.365,0,-0.931],"_humanoidState":5,"_cameraCFrame":[745.567,243.719,37.715,-0.891,0.425,-0.159,0,0.349,0.937,0.454,0.835,-0.311],"_shiftlockState":true,"_pose":"FreeFall","_animationQueue":[],"_animationSpeed":1,"_zoom":14.08},{"_mousePosition":[683,384],"_rootPartCFrame":[749.064,228.989,41.429,-0.954,0,-0.3,0,1,0,0.3,0,-0.954],"_humanoidState":5,"_cameraCFrame":[745.272,243.682,37.842,-0.891,0.425,-0.159,0,0.349,0.937,0.454,0.835,-0.311],"_shiftlockState":true,"_pose":"FreeFall","_animationQueue":[],"_animationSpeed":1,"_zoom":14.08},{"_mousePosition":[683,384],"_rootPartCFrame":[748.826,228.877,41.549,-0.906,0,-0.424,0,1,0,0.424,0,-0.906],"_humanoidState":7,"_cameraCFrame":[745.035,243.57,37.962,-0.891,0.425,-0.159,0,0.349,0.937,0.454,0.835,-0.311],"_shiftlockState":true,"_pose":"FreeFall","_animationQueue":[["fall",0.3],["walk",0.1],["fall",0.3],["fall",0.3]],"_animationSpeed":1,"_zoom":14.08},{"_mousePosition":[683,384],"_rootPartCFrame":[748.648,228.758,41.64,-0.892,0,-0.453,0,1,0,0.453,0,-0.892],"_humanoidState":7,"_cameraCFrame":[744.827,