[{"_mousePosition":[695,418],"_rootPartCFrame":[776.027,222.7,47.142,0.002,0,1,0,1,0,-1,0,0.002],"_humanoidState":8,"_cameraCFrame":[781.177,235.446,45.338,-0.331,-0.849,0.412,0,0.437,0.9,-0.944,0.297,-0.144],"_shiftlockState":false,"_pose":"Standing","_animationQueue":[],"_animationSpeed":1,"_zoom":12.5},{"_mousePosition":[695,418],"_rootPartCFrame":[775.741,222.695,47.244,-0.055,0,0.999,0,1,0,-0.999,0,-0.055],"_humanoidState":8,"_cameraCFrame":[780.896,235.441,45.453,-0.328,-0.85,0.412,0,0.437,0.9,-0.945,0.295,-0.143],"_shiftlockState":false,"_pose":"Standing","_animationQueue":[],"_animationSpeed":1,"_zoom":12.5},{"_mousePosition":[695,418],"_rootPartCFrame":[775.616,222.696,47.288,-0.074,0,0.997,0,1,0,-0.997,0,-0.074],"_humanoidState":8,"_cameraCFrame":[780.775,235.442,45.51,-0.326,-0.851,0.413,0,0.437,0.9,-0.945,0.293,-0.142],"_shiftlockState":false,"_pose":"Running","_animationQueue":[["walk",0.1]],"_animationSpeed":1.089,"_zoom":12.5},{"_mousePosition":[695,418],"_rootPartCFrame":[775.364,222.698,47.375,-0.109,0,0.994,0,1,0,-0.994,0,-0.109],"_humanoidState":8,"_cameraCFrame":[780.511,235.454,45.631,-0.321,-0.853,0.412,0,0.435,0.901,-0.947,0.289,-0.14],"_shiftlockState":false,"_pose":"Running","_animationQueue":[],"_animationSpeed":1.089,"_zoom":12.5},{"_mousePosition":[695,418],"_rootPartCFrame":[775.112,222.699,47.462,-0.139,0,0.99,0,1,0,-0.99,0,-0.139],"_humanoidState":8,"_cameraCFrame":[780.247,235.466,45.751,-0.316,-0.855,0.411,0,0.433,0.901,-0.949,0.285,-0.137],"_shiftlockState":false,"_pose":"Running","_animationQueue":[],"_animationSpeed":1.089,"_zoom":12.5},{"_mousePosition":[695,418],"_rootPartCFrame":[774.733,222.699,47.591,-0.176,0,0.984,0,1,0,-0.984,0,-0.176],"_humanoidState":8,"_cameraCFrame":[779.856,235.477,45.912,-0.311,-0.857,0.41,0,0.431,0.902,-0.95,0.281,-0.134],"_shiftlockState":false,"_pose":"Running","_animationQueue":[["walk",0.1]],"_animationSpeed":1.089,"_zoom":12.5},{"_mousePosition":[695,418],"_rootPartCFrame":[774.606,222.699,47.633,-0.186,0,0.982,0,1,0,-0.982,0,-0.186],"_humanoidState":8,"_cameraCFrame":[779.717,235.488,45.987,-0.307,-0.86,0.409,0,0.43,0.903,-0.952,0.277,-0.132],"_shiftlockState":false,"_pose":"Running","_animationQueue":[],"_animationSpeed":1.089,"_zoom":12.5},{"_mousePosition":[695,418],"_rootPartCFrame":[774.353,222.699,47.716,-0.203,0,0.979,0,1,0,-0.979,0,-0.203],"_humanoidState":8,"_cameraCFrame":[779.451,235.498,46.103,-0.302,-0.862,0.408,0,0.428,0.904,-0.953,0.273,-0.129],"_shiftlockState":false,"_pose":"Running","_animationQueue":[],"_animationSpeed":1.089,"_zoom":12.5},{"_mousePosition":[695,418],"_rootPartCFrame":[773.972,222.7,47.839,-0.225,0,0.974,0,1,0,-0.974,0,-0.225],"_humanoidState":8,"_cameraCFrame":[779.053,235.509,46.245,-0.299,-0.863,0.406,0,0.426,0.905,-0.954,0.271,-0.128],"_shiftlockState":false,"_pose":"Running","_animationQueue":[],"_animationSpeed":1.089,"_zoom":12.5},{"_mousePosition":[695,418],"_rootPartCFrame":[773.718,222.7,47.919,-0.235,0,0.972,0,1,0,-0.972,0,-0.235],"_humanoidState":8,"_cameraCFrame":[778.761,235.529,46.352,-0.297,-0.866,0.403,0,0.422,0.906,-0.955,0.269,-0.125],"_shiftlockState":false,"_pose":"Running","_animationQueue":[],"_animationSpeed":1.089,"_zoom":12.5},{"_mousePosition":[695,418],"_rootPartCFrame":[773.591,222.7,47.959,-0.24,0,0.971,0,1,0,-0.971,0,-0.24],"_humanoidState":8,"_cameraCFrame":[778.617,235.54,46.411,-0.294,-0.867,0.402,0,0.421,0.907,-0.956,0.267,-0.124],"_shiftlockState":false,"_pose":"Running","_animationQueue":[],"_animationSpeed":1.089,"_zoom":12.5},{"_mousePosition":[695,418],"_rootPartCFrame":[773.209,222.7,48.078,-0.251,0,0.968,0,1,0,-0.968,0,-0.251],"_humanoidState":8,"_cameraCFrame":[778.2,235.56,46.568,-0.29,-0.87,0.399,0,0.417,0.909,-0.957,0.263,-0.121],"_shiftlockState":false,"_pose":"Running","_animationQueue":[],"_animationSpeed":1.089,"_zoom":12.5},{"_mousePosition":[695,418],"_rootPartCFrame":[773.082,222.7,48.118,-0.254,0,0.967,0,1,0,-0.967,0,-0.254],"_humanoidState":8,"_cameraCFrame":[777.995,235.6,46.658,-0.285,-0.874,0.393,0,0.41,0.912,-0.959,0.26,-0.117],"_shiftlockState":false,"_pose":"Running","_animationQueue":[["walk",0.1]],"_animationSpeed":1.089,"_zoom":12.5},{"_mousePosition":[695,418],"_rootPartCFrame":[772.826,222.7,48.195,-0.259,0,0.966,0,1,0,-0.966,0,-0.259],"_humanoidState":8,"_cameraCFrame":[777.64,235.65,46.791,-0.28,-0.879,0.385,0,0.401,0.916,-0.96,0.256,-0.112],"_shiftlockState":false,"_pose":"Running","_animationQueue":[],"_animationSpeed":1.089,"_zoom":12.5},{"_mousePosition":[695,418],"_rootPartCFrame":[772.443,222.7,48.309,-0.265,0,0.964,0,1,0,-0.964,0,-0.265],"_humanoidState":8,"_cameraCFrame":[777.163,235.698,46.984,-0.27,-0.886,0.378,0,0.392,0.92,-0.963,0.249,-0.106],"_shiftlockState":false,"_pose":"Running","_animationQueue":[],"_animationSpeed":1.089,"_zoom":12.5},{"_mousePosition":[695,418],"_rootPartCFrame":[772.315,222.708,48.346,-0.266,0,0.964,0,1,0,-0.964,0,-0.266],"_humanoidState":8,"_cameraCFrame":[776.915,235.763,47.093,-0.263,-0.892,0.368,0,0.381,0.924,-0.965,0.243,-0.1],"_shiftlockState":false,"_pose":"Running","_animationQueue":[],"_animationSpeed":1.089,"_zoom":12.5},{"_mousePosition":[695,418],"_rootPartCFrame":[772.058,222.742,48.419,-0.266,0,0.964,0,1,0,-0.964,0,-0.266],"_humanoidState":8,"_cameraCFrame":[776.537,235.852,47.235,-0.256,-0.898,0.358,0,0.371,0.929,-0.967,0.237,-0.095],"_shiftlockState":false,"_pose":"Running","_animationQueue":[],"_animationSpeed":1.089,"_zoom":12.5},{"_mousePosition":[695,418],"_rootPartCFrame":[771.801,222.767,48.489,-0.266,0,0.964,0,1,0,-0.964,0,-0.266],"_humanoidState":8,"_cameraCFrame":[776.198,235.913,47.35,-0.251,-0.902,0.352,0,0.363,0.932,-0.968,0.234,-0.091],"_shiftlockState":false,"_pose":"Running","_animationQueue":[],"_animationSpeed":1.089,"_zoom":12.5},{"_mousePosition":[695,418],"_rootPartCFrame":[771.414,222.787,48.591,-0.264,0,0.965,0,1,0,-0.965,0,-0.264],"_humanoidState":8,"_cameraCFrame":[775.77,235.95,47.475,-0.248,-0.904,0.348,0,0.36,0.933,-0.969,0.232,-0.089],"_shiftlockState":false,"_pose":"Running","_animationQueue":[["walk",0.1]],"_animationSpeed":1.089,"_zoom":12.5},{"_mousePosition":[695,418],"_rootPartCFrame":[771.156,222.801,48.658,-0.262,0,0.965,0,1,0,-0.965,0,-0.262],"_humanoidState":8,"_cameraCFrame":[775.471,235.982,47.564,-0.246,-0.906,0.345,0,0.356,0.934,-0.969,0.23,-0.088],"_shiftlockState":false,"_pose":"Running","_animationQueue":[],"_animationSpeed":1.089,"_zoom":12.5},{"_mousePosition":[695,418],"_rootPartCFrame":[771.027,222.814,48.691,-0.261,0,0.965,0,1,0,-0.965,0,-0.261],"_humanoidState":8,"_cameraCFrame":[775.3,236.012,47.62,-0.243,-0.908,0.342,0,0.352,0.936,-0.97,0.228,-0.086],"_shiftlockState":false,"_pose":"Running","_animationQueue":[],"_animationSpeed":1.089,"_zoom":12.5},{"_mousePosition":[695,418],"_rootPartCFrame":[770.704,223.897,48.774,-0.259,0,0.966,0,1,0,-0.966,0,-0.259],"_humanoidState":3,"_cameraCFrame":[774.936,237.113,47.724,-0.241,-0.91,0.339,0,0.349,0.937,-0.971,0.226,-0.084],"_shiftlockState":false,"_pose":"Jumping","_animationQueue":[["walk",0.1],["jump",0.1]],"_animationSpeed":1,"_zoom":12.5},{"_mousePosition":[695,418],"_rootPartCFrame":[770.446,224.706,48.839,-0.257,0,0.966,0,1,0,-0.966,0,-0.257],"_humanoidState":5,"_cameraCFrame":[774.655,237.929,47.795,-0.241,-0.91,0.337,0,0.347,0.938,-0.971,0.226,-0.084],"_shiftlockState":false,"_pose":"FreeFall","_animationQueue":[["jump",0.1]],"_animationSpeed":1,"_zoom":12.5},{"_mousePosition":[695,418],"_rootPartCFrame":[770.252,225.276,48.888,-0.255,0,0.967,0,1,0,-0.967,0,-0.255],"_humanoidState":5,"_cameraCFrame":[774.464,238.5,47.854,-0.238,-0.911,0.337,0,0.347,0.938,-0.971,0.224,-0.083],"_shiftlockState":false,"_pose":"FreeFall","_animationQueue":[],"_animationSpeed":1,"_zoom":12.5},{"_mousePosition":[695,418],"_rootPartCFrame":[769.993,225.989,48.952,-0.253,0,0.967,0,1,0,-0.967,0,-0.253],"_humanoidState":5,"_cameraCFrame":[774.16,239.23,47.929,-0.238,-0.912,0.333,0,0.343,0.939,-0.971,0.224,-0.082],"_shiftlockState":false,"_pose":"FreeFall","_animationQueue":[],"_animationSpeed":1,"_zoom":12.5},{"_mousePosition":[695,418],"_rootPartCFrame":[769.734,226.648,49.016,-0.251,0,0.968,0,1,0,-0.968,0,-0.251],"_humanoidState":5,"_cameraCFrame":[773.904,239.888,48.003,-0.236,-0.913,0.334,0,0.343,0.939,-0.972,0.222,-0.081],"_shiftlockState":false,"_pose":"FreeFall","_animationQueue":[],"_animationSpeed":1,"_zoom":12.5},{"_mousePosition":[695,418],"_rootPartCFrame":[769.475,227.252,49.079,-0.25,0,0.968,0,1,0,-0.968,0,-0.25],"_humanoidState":5,"_cameraCFrame":[773.603,240.509,48.088,-0.233,-0.915,0.33,0,0.34,0.941,-0.972,0.22,-0.079],"_shiftlockState":false,"_pose":"FreeFall","_animationQueue":[],"_animationSpeed":1,"_zoom":12.5},{"_mousePosition":[695,418],"_rootPartCFrame":[769.216,227.801,49.142,-0.248,0,0.969,0,1,0,-0.969,0,-0.248],"_humanoidState":5,"_cameraCFrame":[773.304,241.075,48.182,-0.229,-0.917,0.327,0,0.336,0.942,-0.974,0.215,-0.077],"_shiftlockState":false,"_pose":"FreeFall","_animationQueue":[],"_animationSpeed":1,"_zoom":12.5},{"_mousePosition":[695,418],"_rootPartCFrame":[768.956,228.296,49.204,-0.246,0,0.969,0,1,0,-0.969,0,-0.246],"_humanoidState":5,"_cameraCFrame":[772.985,241.594,48.291,-0.221,-0.92,0.322,0,0.33,0.944,-0.975,0.209,-0.073],"_shiftlockState":false,"_pose":"FreeFall","_animationQueue":[],"_animationSpeed":1,"_zoom":12.5},{"_mousePosition":[695,418],"_rootPartCFrame":[768.632,228.839,49.281,-0.243,0,0.97,0,1,0,-0.97,0,-0.243],"_humanoidState":5,"_cameraCFrame":[772.602,242.16,48.423,-0.211,-0.924,0.318,0,0.325,0.946,-0.977,0.2,-0.069],"_shiftlockState":false,"_pose":"FreeFall","_animationQueue":[],"_animationSpeed":1,"_zoom":12.5},{"_mousePosition":[695,418],"_rootPartCFrame":[768.437,229.123,49.325,-0.241,0,0.97,0,1,0,-0.97,0,-0.241],"_humanoidState":5,"_cameraCFrame":[772.37,242.46,48.517,-0.201,-0.928,0.315,0,0.321,0.947,-0.98,0.191,-0.065],"_shiftlockState":false,"_pose":"FreeFall","_animationQueue":[],"_animationSpeed":1,"_zoom":12.5},{"_mousePosition":[695,418],"_rootPartCFrame":[768.177,229.455,49.382,-0.238,0,0.971,0,1,0,-0.971,0,-0.238],"_humanoidState":5,"_cameraCFrame":[772.07,242.808,48.612,-0.194,-0.93,0.312,0,0.318,0.948,-0.981,0.184,-0.062],"_shiftlockState":false,"_pose":"FreeFall","_animationQueue":[],"_animationSpeed":1,"_zoom":12.5},{"_mousePosition":[695,418],"_rootPartCFrame":[767.915,229.732,49.436,-0.233,0,0.972,0,1,0,-0.972,0,-0.233],"_humanoidState":5,"_cameraCFrame":[771.768,243.1,48.695,-0.189,-0.932,0.308,0,0.314,0.949,-0.982,0.179,-0.059],"_shiftlockState":false,"_pose":"FreeFall","_animationQueue":[],"_animationSpeed":1,"_zoom":12.5},{"_mousePosition":[695,418],"_rootPartCFrame":[767.654,229.954,49.488,-0.228,0,0.974,0,1,0,-0.974,0,-0.228],"_humanoidState":5,"_cameraCFrame":[771.487,243.33,48.771,-0.184,-0.934,0.307,0,0.312,0.95,-0.983,0.175,-0.057],"_shiftlockState":false,"_pose":"FreeFall","_animationQueue":[],"_animationSpeed":1,"_zoom":12.5},{"_mousePosition":[695,418],"_rootPartCFrame":[767.327,230.156,49.551,-0.222,0,0.975,0,1,0,-0.975,0,-0.222],"_humanoidState":5,"_cameraCFrame":[771.164,243.532,48.853,-0.179,-0.935,0.307,0,0.312,0.95,-0.984,0.17,-0.056],"_shiftlockState":false,"_pose":"FreeFall","_animationQueue":[],"_animationSpeed":1,"_zoom":12.5},{"_mousePosition":[695,418],"_rootPartCFrame":[767.13,230.236,49.588,-0.218,0,0.976,0,1,0,-0.976,0,-0.218],"_humanoidState":5,"_cameraCFrame":[770.928,243.627,48.937,-0.169,-0.938,0.304,0,0.308,0.951,-0.986,0.161,-0.052],"_shiftlockState":false,"_pose":"FreeFall","_animationQueue":[],"_animationSpeed":1,"_zoom":12.5},{"_mousePosition":[695,418],"_rootPartCFrame":[766.868,230.295,49.636,-0.213,0,0.977,0,1,0,-0.977,0,-0.213],"_humanoidState":5,"_cameraCFrame":[770.651,243.693,49.037,-0.157,-0.94,0.303,0,0.306,0.952,-0.988,0.149,-0.048],"_shiftlockState":false,"_pose":"FreeFall","_animationQueue":[],"_animationSpeed":1,"_zoom":12.5},{"_mousePosition":[695,418],"_rootPartCFrame":[766.605,230.299,49.682,-0.207,0,0.978,0,1,0,-0.978,0,-0.207],"_humanoidState":5,"_cameraCFrame":[770.375,243.705,49.152,-0.139,-0.943,0.302,0,0.305,0.952,-0.99,0.132,-0.042],"_shiftlockState":false,"_pose":"FreeFall","_animationQueue":[],"_animationSpeed":1,"_zoom":12.5},{"_mousePosition":[695,418],"_rootPartCFrame":[766.342,230.249,49.724,-0.201,0,0.98,0,1,0,-0.98,0,-0.201],"_humanoidState":5,"_cameraCFrame":[770.122,243.655,49.271,-0.119,-0.946,0.302,0,0.305,0.952,-0.993,0.113,-0.036],"_shiftlockState":false,"_pose":"FreeFall","_animationQueue":[["fall",0.3]],"_animationSpeed":1,"_zoom":12.5},{"_mousePosition":[695,418],"_rootPartCFrame":[766.078,230.145,49.762,-0.193,0,0.981,0,1,0,-0.981,0,-0.193],"_humanoidState":5,"_cameraCFrame":[769.843,243.558,49.388,-0.099,-0.948,0.301,0,0.303,0.953,-0.995,0.094,-0.03],"_shiftlockState":false,"_pose":"FreeFall","_animationQueue":[],"_animationSpeed":1,"_zoom":12.5},{"_mousePosition":[695,418],"_rootPartCFrame":[765.813,229.986,49.794,-0.184,0,0.983,0,1,0,-0.983,0,-0.184],"_humanoidState":5,"_cameraCFrame":[769.588,243.399,49.525,-0.071,-0.951,0.302,0,0.303,0.953,-0.997,0.068,-0.022],"_shiftlockState":false,"_pose":"FreeFall","_animationQueue":[],"_animationSpeed":1,"_zoom":12.5},{"_mousePosition":[695,418],"_rootPartCFrame":[765.481,229.71,49.828,-0.17,0,0.985,0,1,0,-0.985,0,-0.17],"_humanoidState":5,"_cameraCFrame":[769.237,243.131,49.627,-0.053,-0.952,0.3,0,0.301,0.954,-0.999,0.051,-0.016],"_shiftlockState":false,"_pose":"FreeFall","_animationQueue":[],"_animationSpeed":1,"_zoom":12.5},{"_mousePosition":[695,418],"_rootPartCFrame":[765.215,229.429,49.848,-0.158,0,0.987,0,1,0,-0.987,0,-0.158],"_humanoidState":5,"_cameraCFrame":[768.974,242.85,49.714,-0.036,-0.953,0.301,0,0.301,0.954,-0.999,0.034,-0.011],"_shiftlockState":false,"_pose":"FreeFall","_animationQueue":[],"_animationSpeed":1,"_zoom":12.5},{"_mousePosition":[695,418],"_rootPartCFrame":[765.016,229.182,49.86,-0.148,0,0.989,0,1,0,-0.989,0,-0.148],"_humanoidState":5,"_cameraCFrame":[768.776,242.603,49.811,-0.013,-0.954,0.301,0,0.301,0.954,-1,0.012,-0.004],"_shiftlockState":false,"_pose":"FreeFall","_animationQueue":[],"_animationSpeed":1,"_zoom":12.5},{"_mousePosition":[695,418],"_rootPartCFrame":[764.749,228.805,49.87,-0.133,0,0.991,0,1,0,-0.991,0,-0.133],"_humanoidState":5,"_cameraCFrame":[768.51,242.226,49.916,0.012,-0.954,0.301,0,0.301,0.954,-1,-0.012,0.004],"_shiftlockState":false,"_pose":"FreeFall","_animationQueue":[["fall",0.3]],"_animationSpeed":1,"_zoom":12.5},{"_mousePosition":[695,418],"_rootPartCFrame":[764.483,228.373,49.874,-0.118,0,0.993,0,1,0,-0.993,0,-0.118],"_humanoidState":5,"_cameraCFrame":[768.24,241.794,50.035,0.043,-0.953,0.301,0,0.301,0.954,-0.999,-0.041,0.013],"_shiftlockState":false,"_pose":"FreeFall","_animationQueue":[],"_animationSpeed":1,"_zoom":12.5},{"_mousePosition":[695,418],"_rootPartCFrame":[764.216,227.887,49.872,-0.101,0,0.995,0,1,0,-0.995,0,-0.101],"_humanoidState":5,"_cameraCFrame":[767.943,241.315,50.154,0.076,-0.952,0.298,0,0.299,0.954,-0.997,-0.072,0.023],"_shiftlockState":false,"_pose":"FreeFall","_animationQueue":[],"_animationSpeed":1,"_zoom":12.5},{"_mousePosition":[695,418],"_rootPartCFrame":[763.95,227.347,49.862,-0.082,0,0.997,0,1,0,-0.997,0,-0.082],"_humanoidState":5,"_cameraCFrame":[767.664,240.775,50.276,0.111,-0.948,0.297,0,0.299,0.954,-0.994,-0.106,0.033],"_shiftlockState":false,"_pose":"FreeFall","_animationQueue":[],"_animationSpeed":1,"_zoom":12.5},{"_mousePosition":[695,418],"_rootPartCFrame":[763.684,226.752,49.843,-0.062,0,0.998,0,1,0,-0.998,0,-0.062],"_humanoidState":5,"_cameraCFrame":[767.38,240.18,50.398,0.148,-0.944,0.296,0,0.299,0.954,-0.989,-0.142,0.044],"_shiftlockState":false,"_pose":"FreeFall","_animationQueue":[],"_animationSpeed":1,"_zoom":12.5},{"_mousePosition":[695,418],"_rootPartCFrame":[763.419,226.102,49.815,-0.04,0,0.999,0,1,0,-0.999,0,-0.04],"_humanoidState":5,"_cameraCFrame":[767.091,239.531,50.51,0.186,-0.938,0.294,0,0.299,0.954,-0.983,-0.177,0.056],"_shiftlockState":false,"_pose":"FreeFall","_animationQueue":[],"_animationSpeed":1,"_zoom":12.5},{"_mousePosition":[695,418],"_rootPartCFrame":[763.089,225.214,49.767,-0.009,0,1,0,1,0,-1,0,-0.009],"_humanoidState":5,"_cameraCFrame":[766.73,238.642,50.61,0.226,-0.93,0.291,0,0.299,0.954,-0.974,-0.215,0.067],"_shiftlockState":false,"_pose":"FreeFall","_animationQueue":[["fall",0.3]],"_animationSpeed":1,"_zoom":12.5},{"_mousePosition":[695,418],"_rootPartCFrame":[762.826,224.442,49.719,0.017,0,1,0,1,0,-1,0,0.017],"_humanoidState":5,"_cameraCFrame":[766.431,237.87,50.708,0.265,-0.92,0.288,0,0.299,0.954,-0.964,-0.253,0.079],"_shiftlockState":false,"_pose":"FreeFall","_animationQueue":[],"_animationSpeed":1,"_zoom":12.5},{"_mousePosition":[695,418],"_rootPartCFrame":[762.631,223.827,49.675,0.037,0,0.999,0,1,0,-0.999,0,0.037],"_humanoidState":5,"_cameraCFrame":[766.175,237.255,50.864,0.318,-0.905,0.283,0,0.299,0.954,-0.948,-0.303,0.095],"_shiftlockState":false,"_pose":"FreeFall","_animationQueue":[],"_animationSpeed":1,"_zoom":12.5},{"_mousePosition":[695,418],"_rootPartCFrame":[762.309,222.734,49.589,0.075,0,0.997,0,1,0,-0.997,0,0.075],"_humanoidState":5,"_cameraCFrame":[765.812,236.162,50.893,0.349,-0.894,0.28,0,0.299,0.954,-0.937,-0.333,0.104],"_shiftlockState":false,"_pose":"FreeFall","_animationQueue":[],"_animationSpeed":1,"_zoom":12.5},{"_mousePosition":[695,418],"_rootPartCFrame":[762.056,222.34,49.506,0.107,0,0.994,0,1,0,-0.994,0,0.107],"_humanoidState":7,"_cameraCFrame":[765.517,235.768,50.916,0.377,-0.884,0.277,0,0.299,0.954,-0.926,-0.36,0.113],"_shiftlockState":false,"_pose":"FreeFall","_animationQueue":[["walk",0.1],["fall",0.3],["fall",0.3]],"_animationSpeed":1,"_zoom":12.5},{"_mousePosition":[695,418],"_rootPartCFrame":[761.806,222.444,49.414,0.14,0,0.99,0,1,0,-0.99,0,0.14],"_humanoidState":7,"_cameraCFrame":[765.223,235.872,50.929,0.405,-0.872,0.273,0,0.299,0.954,-0.914,-0.387,0.121],"_shiftlockState":false,"_pose":"FreeFall","_animationQueue":[],"_animationSpeed":1,"_zoom":12.5},{"_mousePosition":[695,418],"_rootPartCFrame":[761.497,222.572,49.289,0.18,0,0.984,0,1,0,-0.984,0,0.18],"_humanoidState":8,"_cameraCFrame":[764.87,236,50.898,0.431,-0.861,0.27,0,0.299,0.954,-0.903,-0.411,0.129],"_shiftlockState":false,"_pose":"Running","_animationQueue":[["fall",0.3],["walk",0.1],["fall",0.3],["walk",0.1]],"_animationSpeed":1.103,"_zoom":12.5},{"_mousePosition":[695,418],"_rootPartCFrame":[761.374,222.605,49.236,0.196,0,0.981,0,1,0,-0.981,0,0.196],"_humanoidState":8,"_cameraCFrame":[764.706,236.033,50.93,0.453,-0.851,0.267,0,0.299,0.954,-0.891,-0.433,0.136],"_shiftlockState":false,"_pose":"Running","_animationQueue":[],"_animationSpeed":1.103,"_zoom":12.5},{"_mousePosition":[695,418],"_rootPartCFrame":[761.133,222.648,49.121,0.228,0,0.974,0,1,0,-0.974,0,0.228],"_humanoidState":8,"_cameraCFrame":[764.421,236.077,50.899,0.476,-0.839,0.263,0,0.299,0.954,-0.88,-0.454,0.142],"_shiftlockState":false,"_pose":"Running","_animationQueue":[],"_animationSpeed":1.103,"_zoom":12.5},{"_mousePosition":[695,418],"_rootPartCFrame":[760.777,222.679,48.941,0.275,0,0.962,0,1,0,-0.962,0,0.275],"_humanoidState":8,"_cameraCFrame":[764.039,236.1,50.813,0.498,-0.827,0.261,0,0.301,0.954,-0.867,-0.475,0.15],"_shiftlockState":false,"_pose":"Running","_animationQueue":[],"_animationSpeed":1.103,"_zoom":12.5},{"_mousePosition":[695,418],"_rootPartCFrame":[760.539,223.553,48.82,0.305,0,0.952,0,1,0,-0.952,0,0.305],"_humanoidState":3,"_cameraCFrame":[763.786,236.973,50.717,0.504,-0.823,0.26,0,0.301,0.954,-0.864,-0.481,0.152],"_shiftlockState":false,"_pose":"Jumping","_animationQueue":[["walk",0.1],["jump",0.1]],"_animationSpeed":1,"_zoom":12.5},{"_mousePosition":[695,418],"_rootPartCFrame":[760.307,224.375,48.689,0.333,0,0.943,0,1,0,-0.943,0,0.333],"_humanoidState":5,"_cameraCFrame":[763.535,237.795,50.618,0.513,-0.819,0.258,0,0.301,0.954,-0.858,-0.489,0.154],"_shiftlockState":false,"_pose":"FreeFall","_animationQueue":[["jump",0.1]],"_animationSpeed":1,"_zoom":12.5},{"_mousePosition":[695,418],"_rootPartCFrame":[760.134,224.955,48.588,0.352,0,0.936,0,1,0,-0.936,0,0.352],"_humanoidState":5,"_cameraCFrame":[763.372,238.369,50.546,0.517,-0.816,0.259,0,0.303,0.953,-0.856,-0.493,0.157],"_shiftlockState":false,"_pose":"FreeFall","_animationQueue":[],"_animationSpeed":1,"_zoom":12.5},{"_mousePosition":[695,418],"_rootPartCFrame":[759.847,225.855,48.418,0.38,0,0.925,0,1,0,-0.925,0,0.38],"_humanoidState":5,"_cameraCFrame":[763.081,239.269,50.384,0.52,-0.814,0.259,0,0.303,0.953,-0.854,-0.495,0.157],"_shiftlockState":false,"_pose":"FreeFall","_animationQueue":[],"_animationSpeed":1,"_zoom":12.5},{"_mousePosition":[695,418],"_rootPartCFrame":[759.619,226.514,48.28,0.4,0,0.917,0,1,0,-0.917,0,0.4],"_humanoidState":5,"_cameraCFrame":[762.852,239.927,50.246,0.52,-0.814,0.259,0,0.303,0.953,-0.854,-0.495,0.157],"_shiftlockState":false,"_pose":"FreeFall","_animationQueue":[],"_animationSpeed":1,"_zoom":12.5},{"_mousePosition":[695,418],"_rootPartCFrame":[759.448,226.972,48.176,0.413,0,0.911,0,1,0,-0.911,0,0.413],"_humanoidState":5,"_cameraCFrame":[762.676,240.385,50.15,0.522,-0.813,0.258,0,0.303,0.953,-0.853,-0.497,0.158],"_shiftlockState":false,"_pose":"FreeFall","_animationQueue":[],"_animationSpeed":1,"_zoom":12.5},{"_mousePosition":[695,418],"_rootPartCFrame":[759.163,227.667,48.003,0.432,0,0.902,0,1,0,-0.902,0,0.432],"_humanoidState":5,"_cameraCFrame":[762.392,241.081,49.977,0.522,-0.813,0.258,0,0.303,0.953,-0.853,-0.497,0.158],"_shiftlockState":false,"_pose":"FreeFall","_animationQueue":[],"_animationSpeed":1,"_zoom":12.5},{"_mousePosition":[695,418],"_rootPartCFrame":[758.993,228.044,47.899,0.442,0,0.897,0,1,0,-0.897,0,0.442],"_humanoidState":5,"_cameraCFrame":[762.221,241.457,49.873,0.522,-0.813,0.258,0,0.303,0.953,-0.853,-0.497,0.158],"_shiftlockState":false,"_pose":"FreeFall","_animationQueue":[],"_animationSpeed":1,"_zoom":12.5},{"_mousePosition":[695,418],"_rootPartCFrame":[758.765,228.498,47.759,0.453,0,0.891,0,1,0,-0.891,0,0.453],"_humanoidState":5,"_cameraCFrame":[761.994,241.911,49.734,0.522,-0.813,0.258,0,0.303,0.953,-0.853,-0.497,0.158],"_shiftlockState":false,"_pose":"FreeFall","_animationQueue":[],"_animationSpeed":1,"_zoom":12.5},{"_mousePosition":[695,418],"_rootPartCFrame":[758.481,228.989,47.585,0.465,0,0.885,0,1,0,-0.885,0,0.465],"_humanoidState":5,"_cameraCFrame":[761.709,242.402,49.56,0.522,-0.813,0.258,0,0.303,0.953,-0.853,-0.497,0.158],"_shiftlockState":false,"_pose":"FreeFall","_animationQueue":[],"_animationSpeed":1,"_zoom":12.5},{"_mousePosition":[695,418],"_rootPartCFrame":[758.31,229.243,47.481,0.472,0,0.882,0,1,0,-0.882,0,0.472],"_humanoidState":5,"_cameraCFrame":[761.538,242.656,49.455,0.522,-0.813,0.258,0,0.303,0.953,-0.853,-0.497,0.158],"_shiftlockState":false,"_pose":"FreeFall","_animationQueue":[],"_animationSpeed":1,"_zoom":12.5},{"_mousePosition":[695,418],"_rootPartCFrame":[758.083,229.533,47.342,0.479,0,0.878,0,1,0,-0.878,0,0.479],"_humanoidState":5,"_cameraCFrame":[761.311,242.947,49.316,0.522,-0.813,0.258,0,0.303,0.953,-0.853,-0.497,0.158],"_shiftlockState":false,"_pose":"FreeFall","_animationQueue":[],"_animationSpeed":1,"_zoom":12.5},{"_mousePosition":[695,418],"_rootPartCFrame":[757.855,229.769,47.203,0.485,0,0.875,0,1,0,-0.875,0,0.485],"_humanoidState":5,"_cameraCFrame":[761.083,243.183,49.177,0.522,-0.813,0.258,0,0.303,0.953,-0.853,-0.497,0.158],"_shiftlockState":false,"_pose":"FreeFall","_animationQueue":[],"_animationSpeed":1,"_zoom":12.5},{"_mousePosition":[695,418],"_rootPartCFrame":[757.628,229.951,47.064,0.49,0,0.872,0,1,0,-0.872,0,0.49],"_humanoidState":5,"_cameraCFrame":[760.871,243.357,49.058,0.524,-0.811,0.259,0,0.305,0.952,-0.852,-0.499,0.16],"_shiftlockState":false,"_pose":"FreeFall","_animationQueue":[],"_animationSpeed":1,"_zoom":12.5},{"_mousePosition":[695,418],"_rootPartCFrame":[757.343,230.101,46.89,0.496,0,0.868,0,1,0,-0.868,0,0.496],"_humanoidState":5,"_cameraCFrame":[760.586,243.507,48.884,0.524,-0.811,0.259,0,0.305,0.952,-0.852,-0.499,0.16],"_shiftlockState":false,"_pose":"FreeFall","_animationQueue":[],"_animationSpeed":1,"_zoom":12.5},{"_mousePosition":[695,418],"_rootPartCFrame":[757.173,230.151,46.785,0.499,0,0.867,0,1,0,-0.867,0,0.499],"_humanoidState":5,"_cameraCFrame":[760.431,243.557,48.755,0.517,-0.815,0.261,0,0.305,0.952,-0.856,-0.493,0.158],"_shiftlockState":false,"_pose":"FreeFall","_animationQueue":[],"_animationSpeed":1,"_zoom":12.5},{"_mousePosition":[695,418],"_rootPartCFrame":[756.889,230.165,46.611,0.503,0,0.864,0,1,0,-0.864,0,0.503],"_humanoidState":5,"_cameraCFrame":[760.172,243.571,48.539,0.507,-0.821,0.263,0,0.305,0.952,-0.862,-0.482,0.154],"_shiftlockState":false,"_pose":"FreeFall","_animationQueue":[["fall",0.3]],"_animationSpeed":1,"_zoom":12.5},{"_mousePosition":[695,418],"_rootPartCFrame":[756.718,230.133,46.507,0.505,0,0.863,0,1,0,-0.863,0,0.505],"_humanoidState":5,"_cameraCFrame":[760.055,243.531,48.388,0.491,-0.829,0.267,0,0.306,0.952,-0.871,-0.468,0.151],"_shiftlockState":false,"_pose":"FreeFall","_animationQueue":[],"_animationSpeed":1,"_zoom":12.5},{"_mousePosition":[695,418],"_rootPartCFrame":[756.431,230.01,46.338,0.506,0,0.863,0,1,0,-0.863,0,0.506],"_humanoidState":5,"_cameraCFrame":[759.809,243.409,48.142,0.471,-0.84,0.27,0,0.306,0.952,-0.882,-0.449,0.144],"_shiftlockState":false,"_pose":"FreeFall","_animationQueue":[],"_animationSpeed":1,"_zoom":12.5},{"_mousePosition":[695,418],"_rootPartCFrame":[756.257,229.896,46.239,0.505,0,0.863,0,1,0,-0.863,0,0.505],"_humanoidState":5,"_cameraCFrame":[759.676,243.295,47.966,0.451,-0.85,0.274,0,0.306,0.952,-0.893,-0.429,0.138],"_shiftlockState":false,"_pose":"FreeFall","_animationQueue":[],"_animationSpeed":1,"_zoom":12.5},{"_mousePosition":[695,418],"_rootPartCFrame":[756.022,229.696,46.112,0.501,0,0.865,0,1,0,-0.865,0,0.501],"_humanoidState":5,"_cameraCFrame":[759.484,243.095,47.753,0.428,-0.86,0.277,0,0.306,0.952,-0.904,-0.408,0.131],"_shiftlockState":false,"_pose":"FreeFall","_animationQueue":[],"_animationSpeed":1,"_zoom":12.5},{"_mousePosition":[695,418],"_rootPartCFrame":[755.725,229.37,45.961,0.494,0,0.869,0,1,0,-0.869,0,0.494],"_humanoidState":5,"_cameraCFrame":[759.231,242.769,47.505,0.403,-0.871,0.28,0,0.306,0.952,-0.915,-0.384,0.123],"_shiftlockState":false,"_pose":"FreeFall","_animationQueue":[],"_animationSpeed":1,"_zoom":12.5},{"_mousePosition":[695,418],"_rootPartCFrame":[755.485,229.048,45.846,0.486,0,0.874,0,1,0,-0.874,0,0.486],"_humanoidState":5,"_cameraCFrame":[759.053,242.439,47.3,0.377,-0.881,0.286,0,0.308,0.951,-0.926,-0.359,0.116],"_shiftlockState":false,"_pose":"FreeFall","_animationQueue":[],"_animationSpeed":1,"_zoom":12.5},{"_mousePosition":[695,418],"_rootPartCFrame":[755.302,228.77,45.764,0.479,0,0.878,0,1,0,-0.878,0,0.479],"_humanoidState":5,"_cameraCFrame":[758.935,242.154,47.118,0.349,-0.891,0.291,0,0.31,0.951,-0.937,-0.332,0.108],"_shiftlockState":false,"_pose":"FreeFall","_animationQueue":[["fall",0.3]],"_animationSpeed":1,"_zoom":12.5},{"_mousePosition":[695,418],"_rootPartCFrame":[754.994,228.239,45.638,0.463,0,0.886,0,1,0,-0.886,0,0.463],"_humanoidState":5,"_cameraCFrame":[758.666,241.623,46.88,0.32,-0.901,0.294,0,0.31,0.951,-0.947,-0.305,0.099],"_shiftlockState":false,"_pose":"FreeFall","_animationQueue":[],"_animationSpeed":1,"_zoom":12.5},{"_mousePosition":[695,418],"_rootPartCFrame":[754.744,227.753,45.543,0.449,0,0.894,0,1,0,-0.894,0,0.449],"_humanoidState":5,"_cameraCFrame":[758.503,241.122,46.668,0.287,-0.91,0.301,0,0.314,0.949,-0.958,-0.272,0.09],"_shiftlockState":false,"_pose":"FreeFall","_animationQueue":[],"_animationSpeed":1,"_zoom":12.5},{"_mousePosition":[695,418],"_rootPartCFrame":[754.492,227.213,45.457,0.433,0,0.902,0,1,0,-0.902,0,0.433],"_humanoidState":5,"_cameraCFrame":[758.335,240.566,46.449,0.25,-0.918,0.307,0,0.318,0.948,-0.968,-0.237,0.079],"_shiftlockState":false,"_pose":"FreeFall","_animationQueue":[],"_animationSpeed":1,"_zoom":12.5},{"_mousePosition":[695,418],"_rootPartCFrame":[754.301,226.771,45.398,0.419,0,0.908,0,1,0,-0.908,0,0.419],"_humanoidState":5,"_cameraCFrame":[758.292,240.093,46.153,0.186,-0.929,0.319,0,0.325,0.946,-0.983,-0.176,0.06],"_shiftlockState":false,"_pose":"FreeFall","_animationQueue":[],"_animationSpeed":1,"_zoom":12.5},{"_mousePosition":[695,418],"_rootPartCFrame":[753.979,225.968,45.313,0.393,0,0.92,0,1,0,-0.92,0,0.393],"_humanoidState":5,"_cameraCFrame":[758.068,239.266,45.895,0.141,-0.934,0.327,0,0.33,0.944,-0.99,-0.133,0.047],"_shiftlockState":false,"_pose":"FreeFall","_animationQueue":[],"_animationSpeed":1,"_zoom":12.5},{"_mousePosition":[695,418],"_rootPartCFrame":[753.717,225.264,45.261,0.368,0,0.93,0,1,0,-0.93,0,0.368],"_humanoidState":5,"_cameraCFrame":[757.897,238.538,45.673,0.098,-0.937,0.334,0,0.336,0.942,-0.995,-0.093,0.033],"_shiftlockState":false,"_pose":"FreeFall","_animationQueue":[["fall",0.3]],"_animationSpeed":1,"_zoom":12.5},{"_mousePosition":[695,418],"_rootPartCFrame":[753.454,224.506,45.221,0.339,0,0.941,0,1,0,-0.941,0,0.339],"_humanoidState":5,"_cameraCFrame":[757.715,237.754,45.468,0.058,-0.938,0.341,0,0.341,0.94,-0.998,-0.054,0.02],"_shiftlockState":false,"_pose":"FreeFall","_animationQueue":[],"_animationSpeed":1,"_zoom":12.5},{"_mousePosition":[695,418],"_rootPartCFrame":[753.056,223.266,45.18,0.293,0,0.956,0,1,0,-0.956,0,0.293],"_humanoidState":5,"_cameraCFrame":[757.415,236.481,45.267,0.02,-0.937,0.349,0,0.349,0.937,-1,-0.019,0.007],"_shiftlockState":false,"_pose":"FreeFall","_animationQueue":[],"_animationSpeed":1,"_zoom":12.5},{"_mousePosition":[695,418],"_rootPartCFrame":[752.856,222.6,45.167,0.27,0,0.963,0,1,0,-0.963,0,0.27],"_humanoidState":7,"_cameraCFrame":[757.284,235.789,45.121,-0.01,-0.935,0.354,0,0.354,0.935,-1,0.01,-0.004],"_shiftlockState":false,"_pose":"FreeFall","_animationQueue":[["walk",0.1],["fall",0.3],["fall",0.3]],"_animationSpeed":1,"_zoom":12.5},{"_mousePosition":[695,418],"_rootPartCFrame":[752.656,222.417,45.162,0.246,0,0.969,0,1,0,-0.969,0,0.246],"_humanoidState":7,"_cameraCFrame":[757.171,235.571,44.966,-0.043,-0.931,0.361,0,0.362,0.932,-0.999,0.04,-0.016],"_shiftlockState":false,"_pose":"FreeFall","_animationQueue":[],"_animationSpeed":1,"_zoom":12.5},{"_mousePosition":[695,418],"_rootPartCFrame":[752.39,222.49,45.163,0.212,0,0.977,0,1,0,-0.977,0,0.212],"_humanoidState":7,"_cameraCFrame":[756.984,235.609,44.789,-0.081,-0.926,0.368,0,0.369,0.93,-0.997,0.075,-0.03],"_shiftlockState":false,"_pose":"FreeFall","_animationQueue":[],"_animationSpeed":1,"_zoom":12.5},{"_mousePosition":[695,418],"_rootPartCFrame":[752.19,222.558,45.171,0.187,0,0.982,0,1,0,-0.982,0,0.187],"_humanoidState":8,"_cameraCFrame":[756.855,235.641,44.6,-0.121,-0.92,0.373,0,0.376,0.927,-0.993,0.113,-0.046],"_shiftlockState":false,"_pose":"Running","_animationQueue":[["walk",0.1],["fall",0.3],["walk",0.1]],"_animationSpeed":1.103,"_zoom":12.5},{"_mousePosition":[695,418],"_rootPartCFrame":[751.791,222.642,45.202,0.134,0,0.991,0,1,0,-0.991,0,0.134],"_humanoidState":8,"_cameraCFrame":[756.515,235.688,44.405,-0.167,-0.911,0.378,0,0.383,0.924,-0.986,0.154,-0.064],"_shiftlockState":false,"_pose":"Running","_animationQueue":[["walk",0.1]],"_animationSpeed":1.103,"_zoom":12.5},{"_mousePosition":[695,418],"_rootPartCFrame":[751.526,222.669,45.234,0.1,0,0.995,0,1,0,-0.995,0,0.1],"_humanoidState":8,"_cameraCFrame":[756.328,235.648,44.042,-0.241,-0.891,0.384,0,0.396,0.918,-0.971,0.221,-0.095],"_shiftlockState":false,"_pose":"Running","_animationQueue":[],"_animationSpeed":1.103,"_zoom":12.5},{"_mousePosition":[695,418],"_rootPartCFrame":[751.263,222.683,45.277,0.065,0,0.998,0,1,0,-0.998,0,0.065],"_humanoidState":8,"_cameraCFrame":[756.091,235.623,43.843,-0.285,-0.877,0.386,0,0.403,0.915,-0.959,0.261,-0.115],"_shiftlockState":false,"_pose":"Running","_animationQueue":[],"_animationSpeed":1.103,"_zoom":12.5},{"_mousePosition":[695,418],"_rootPartCFrame":[751,223.556,45.322,0.029,0,1,0,1,0,-1,0,0.029],"_humanoidState":3,"_cameraCFrame":[755.813,236.477,43.691,-0.321,-0.865,0.385,0,0.407,0.914,-0.947,0.293,-0.13],"_shiftlockState":false,"_pose":"Jumping","_animationQueue":[["walk",0.1],["jump",0.1]],"_animationSpeed":1,"_zoom":12.5},{"_mousePosition":[695,418],"_rootPartCFrame":[750.742,224.378,45.387,-0.011,0,1,0,1,0,-1,0,-0.011],"_humanoidState":5,"_cameraCFrame":[755.554,237.279,43.62,-0.345,-0.856,0.385,0,0.41,0.912,-0.939,0.315,-0.141],"_shiftlockState":false,"_pose":"FreeFall","_animationQueue":[["jump",0.1]],"_animationSpeed":1,"_zoom":12.5},{"_mousePosition":[695,418],"_rootPartCFrame":[750.489,225.146,45.471,-0.053,0,0.999,0,1,0,-0.999,0,-0.053],"_humanoidState":5,"_cameraCFrame":[755.289,238.036,43.611,-0.361,-0.85,0.384,0,0.412,0.911,-0.932,0.329,-0.149],"_shiftlockState":false,"_pose":"FreeFall","_animationQueue":[],"_animationSpeed":1,"_zoom":12.5},{"_mousePosition":[695,418],"_rootPartCFrame":[750.301,225.686,45.539,-0.083,0,0.997,0,1,0,-0.997,0,-0.083],"_humanoidState":5,"_cameraCFrame":[755.072,238.576,43.606,-0.376,-0.845,0.382,0,0.412,0.911,-0.927,0.342,-0.155],"_shiftlockState":false,"_pose":"FreeFall","_animationQueue":[],"_animationSpeed":1,"_zoom":12.5},{"_mousePosition":[695,418],"_rootPartCFrame":[749.99,226.517,45.659,-0.132,0,0.991,0,1,0,-0.991,0,-0.132],"_humanoidState":5,"_cameraCFrame":[754.726,239.408,43.642,-0.392,-0.838,0.379,0,0.412,0.911,-0.92,0.357,-0.161],"_shiftlockState":false,"_pose":"FreeFall","_animationQueue":[],"_animationSpeed":1,"_zoom":12.5},{"_mousePosition":[695,418],"_rootPartCFrame":[749.743,227.121,45.759,-0.166,0,0.986,0,1,0,-0.986,0,-0.166],"_humanoidState":5,"_cameraCFrame":[754.457,240.002,43.637,-0.41,-0.83,0.377,0,0.414,0.91,-0.912,0.374,-0.17],"_shiftlockState":false,"_pose":"FreeFall","_animationQueue":[],"_animationSpeed":1,"_zoom":12.5},{"_mousePosition":[695,418],"_rootPartCFrame":[749.558,227.538,45.836,-0.19,0,0.982,0,1,0,-0.982,0,-0.19],"_humanoidState":5,"_cameraCFrame":[754.238,240.409,43.586,-0.433,-0.82,0.374,0,0.415,0.91,-0.901,0.394,-0.18],"_shiftlockState":false,"_pose":"FreeFall","_animationQueue":[],"_animationSpeed":1,"_zoom":12.5},{"_mousePosition":[695,418],"_rootPartCFrame":[749.254,228.166,45.972,-0.228,0,0.974,0,1,0,-0.974,0,-0.228],"_humanoidState":5,"_cameraCFrame":[753.927,241.016,43.608,-0.452,-0.81,0.374,0,0.419,0.908,-0.892,0.41,-0.189],"_shiftlockState":false,"_pose":"FreeFall","_animationQueue":[],"_animationSpeed":1,"_zoom":12.5},{"_mousePosition":[695,418],"_rootPartCFrame":[749.073,228.501,46.058,-0.25,0,0.968,0,1,0,-0.968,0,-0.25],"_humanoidState":5,"_cameraCFrame":[753.717,241.341,43.589,-0.47,-0.801,0.371,0,0.421,0.907,-0.883,0.426,-0.198],"_shiftlockState":false,"_pose":"FreeFall","_animationQueue":[],"_animationSpeed":1,"_zoom":12.5},{"_mousePosition":[695,418],"_rootPartCFrame":[748.835,228.901,46.178,-0.278,0,0.961,0,1,0,-0.961,0,-0.278],"_humanoidState":5,"_cameraCFrame":[753.434,241.741,43.627,-0.485,-0.793,0.368,0,0.421,0.907,-0.874,0.44,-0.204],"_shiftlockState":false,"_pose":"FreeFall","_animationQueue":[],"_animationSpeed":1,"_zoom":12.5},{"_mousePosition":[695,418],"_rootPartCFrame":[748.541,229.324,46.334,-0.311,0,0.95,0,1,0,-0.95,0,-0.311],"_humanoidState":5,"_cameraCFrame":[753.107,242.164,43.725,-0.496,-0.788,0.365,0,0.421,0.907,-0.868,0.45,-0.209],"_shiftlockState":false,"_pose":"FreeFall","_animationQueue":[],"_animationSpeed":1,"_zoom":12.5},{"_mousePosition":[695,418],"_rootPartCFrame":[748.307,229.601,46.462,-0.336,0,0.942,0,1,0,-0.942,0,-0.336],"_humanoidState":5,"_cameraCFrame":[752.886,242.431,43.831,-0.498,-0.786,0.366,0,0.422,0.906,-0.867,0.452,-0.211],"_shiftlockState":false,"_pose":"FreeFall","_animationQueue":[],"_animationSpeed":1,"_zoom":12.5},{"_mousePosition":[695,418],"_rootPartCFrame":[748.133,229.773,46.561,-0.353,0,0.936,0,1,0,-0.936,0,-0.353],"_humanoidState":5,"_cameraCFrame":[752.705,242.603,43.918,-0.5,-0.785,0.366,0,0.422,0.906,-0.866,0.454,-0.211],"_shiftlockState":false,"_pose":"FreeFall","_animationQueue":[],"_animationSpeed":1,"_zoom":12.5},{"_mousePosition":[695,418],"_rootPartCFrame":[747.902,229.954,46.694,-0.374,0,0.928,0,1,0,-0.928,0,-0.374],"_humanoidState":5,"_cameraCFrame":[752.46,242.784,44.028,-0.505,-0.782,0.365,0,0.422,0.906,-0.863,0.458,-0.213],"_shiftlockState":false,"_pose":"FreeFall","_animationQueue":[],"_animationSpeed":1,"_zoom":12.5},{"_mousePosition":[695,418],"_rootPartCFrame":[747.671,230.082,46.827,-0.392,0,0.92,0,1,0,-0.92,0,-0.392],"_humanoidState":5,"_cameraCFrame":[752.209,242.911,44.127,-0.511,-0.779,0.363,0,0.422,0.906,-0.859,0.464,-0.216],"_shiftlockState":false,"_pose":"FreeFall","_animationQueue":[],"_animationSpeed":1,"_zoom":12.5},{"_mousePosition":[695,418],"_rootPartCFrame":[747.441,230.154,46.962,-0.408,0,0.913,0,1,0,-0.913,0,-0.408],"_humanoidState":5,"_cameraCFrame":[751.958,242.984,44.227,-0.518,-0.775,0.361,0,0.422,0.906,-0.855,0.469,-0.219],"_shiftlockState":false,"_pose":"FreeFall","_animationQueue":[],"_animationSpeed":1,"_zoom":12.5},{"_mousePosition":[695,418],"_rootPartCFrame":[747.211,230.172,47.098,-0.423,0,0.906,0,1,0,-0.906,0,-0.423],"_humanoidState":5,"_cameraCFrame":[751.729,243.002,44.363,-0.518,-0.775,0.361,0,0.422,0.906,-0.855,0.469,-0.219],"_shiftlockState":false,"_pose":"FreeFall","_animationQueue":[],"_animationSpeed":1,"_zoom":12.5},{"_mousePosition":[695,418],"_rootPartCFrame":[746.983,230.136,47.236,-0.436,0,0.9,0,1,0,-0.9,0,-0.436],"_humanoidState":5,"_cameraCFrame":[751.5,242.966,44.501,-0.518,-0.775,0.361,0,0.422,0.906,-0.855,0.469,-0.219],"_shiftlockState":false,"_pose":"FreeFall","_animationQueue":[],"_animationSpeed":1,"_zoom":12.5},{"_mousePosition":[695,418],"_rootPartCFrame":[746.755,230.045,47.374,-0.448,0,0.894,0,1,0,-0.894,0,-0.448],"_humanoidState":5,"_cameraCFrame":[751.272,242.875,44.639,-0.518,-0.775,0.361,0,0.422,0.906,-0.855,0.469,-0.219],"_shiftlockState":false,"_pose":"FreeFall","_animationQueue":[["fall",0.3]],"_animationSpeed":1,"_zoom":12.5},{"_mousePosition":[695,418],"_rootPartCFrame":[746.527,229.9,47.512,-0.458,0,0.889,0,1,0,-0.889,0,-0.458],"_humanoidState":5,"_cameraCFrame":[751.044,242.73,44.777,-0.518,-0.775,0.361,0,0.422,0.906,-0.855,0.469,-0.219],"_shiftlockState":false,"_pose":"FreeFall","_animationQueue":[],"_animationSpeed":1,"_zoom":12.5},{"_mousePosition":[695,418],"_rootPartCFrame":[746.299,229.7,47.65,-0.466,0,0.885,0,1,0,-0.885,0,-0.466],"_humanoidState":5,"_cameraCFrame":[750.816,242.53,44.915,-0.518,-0.775,0.361,0,0.422,0.906,-0.855,0.469,-0.219],"_shiftlockState":false,"_pose":"FreeFall","_animationQueue":[],"_animationSpeed":1,"_zoom":12.5},{"_mousePosition":[695,418],"_rootPartCFrame":[746.071,229.446,47.788,-0.474,0,0.881,0,1,0,-0.881,0,-0.474],"_humanoidState":5,"_cameraCFrame":[750.588,242.275,45.053,-0.518,-0.775,0.361,0,0.422,0.906,-0.855,0.469,-0.219],"_shiftlockState":false,"_pose":"FreeFall","_animationQueue":[],"_animationSpeed":1,"_zoom":12.5},{"_mousePosition":[695,418],"_rootPartCFrame":[745.843,229.137,47.926,-0.48,0,0.877,0,1,0,-0.877,0,-0.48],"_humanoidState":5,"_cameraCFrame":[750.374,241.967,45.214,-0.514,-0.778,0.362,0,0.422,0.906,-0.858,0.465,-0.217],"_shiftlockState":false,"_pose":"FreeFall","_animationQueue":[],"_animationSpeed":1,"_zoom":12.5},{"_mousePosition":[695,418],"_rootPartCFrame":[745.615,228.773,48.064,-0.485,0,0.874,0,1,0,-0.874,0,-0.485],"_humanoidState":5,"_cameraCFrame":[750.167,241.603,45.387,-0.507,-0.781,0.364,0,0.422,0.906,-0.862,0.46,-0.214],"_shiftlockState":false,"_pose":"FreeFall","_animationQueue":[],"_animationSpeed":1,"_zoom":12.5},{"_mousePosition":[695,418],"_rootPartCFrame":[745.386,228.356,48.201,-0.49,0,0.872,0,1,0,-0.872,0,-0.49],"_humanoidState":5,"_cameraCFrame":[749.985,241.185,45.605,-0.492,-0.789,0.368,0,0.422,0.906,-0.871,0.446,-0.208],"_shiftlockState":false,"_pose":"FreeFall","_animationQueue":[],"_animationSpeed":1,"_zoom":12.5},{"_mousePosition":[695,418],"_rootPartCFrame":[745.156,227.883,48.337,-0.493,0,0.87,0,1,0,-0.87,0,-0.493],"_humanoidState":5,"_cameraCFrame":[749.888,240.703,45.942,-0.452,-0.808,0.379,0,0.424,0.906,-0.892,0.409,-0.192],"_shiftlockState":false,"_pose":"FreeFall","_animationQueue"