[{"_mousePosition":[551,486],"_rootPartCFrame":[776.03,222.7,47.142,0,0,1,0,1,0,-1,0,0],"_humanoidState":8,"_cameraCFrame":[787.703,240.129,47.378,0.02,-0.806,0.591,0,0.591,0.807,-1,-0.016,0.012],"_shiftlockState":false,"_pose":"Standing","_animationQueue":[],"_animationSpeed":1,"_zoom":19.75},{"_mousePosition":[551,486],"_rootPartCFrame":[775.858,222.695,47.139,0.002,0,1,0,1,0,-1,0,0.002],"_humanoidState":8,"_cameraCFrame":[787.47,240.169,47.344,0.018,-0.809,0.588,0,0.588,0.809,-1,-0.014,0.01],"_shiftlockState":false,"_pose":"Standing","_animationQueue":[],"_animationSpeed":1,"_zoom":19.75},{"_mousePosition":[551,486],"_rootPartCFrame":[775.594,222.696,47.133,0.004,0,1,0,1,0,-1,0,0.004],"_humanoidState":8,"_cameraCFrame":[787.081,240.261,47.307,0.015,-0.813,0.582,0,0.582,0.813,-1,-0.012,0.009],"_shiftlockState":false,"_pose":"Running","_animationQueue":[["walk",0.1]],"_animationSpeed":1.003,"_zoom":19.75},{"_mousePosition":[551,486],"_rootPartCFrame":[775.327,222.698,47.128,0.006,0,1,0,1,0,-1,0,0.006],"_humanoidState":8,"_cameraCFrame":[786.721,240.329,47.243,0.01,-0.817,0.577,0,0.577,0.817,-1,-0.008,0.006],"_shiftlockState":false,"_pose":"Running","_animationQueue":[["walk",0.1]],"_animationSpeed":1.101,"_zoom":19.75},{"_mousePosition":[551,486],"_rootPartCFrame":[775.06,222.699,47.124,0.008,0,1,0,1,0,-1,0,0.008],"_humanoidState":8,"_cameraCFrame":[786.36,240.397,47.238,0.01,-0.82,0.572,0,0.572,0.82,-1,-0.008,0.006],"_shiftlockState":false,"_pose":"Running","_animationQueue":[],"_animationSpeed":1.101,"_zoom":19.75},{"_mousePosition":[551,486],"_rootPartCFrame":[774.794,222.699,47.122,0.008,0,1,0,1,0,-1,0,0.008],"_humanoidState":8,"_cameraCFrame":[785.998,240.463,47.206,0.008,-0.823,0.567,0,0.567,0.823,-1,-0.006,0.004],"_shiftlockState":false,"_pose":"Running","_animationQueue":[],"_animationSpeed":1.101,"_zoom":19.75},{"_mousePosition":[551,486],"_rootPartCFrame":[774.527,222.699,47.119,0.008,0,1,0,1,0,-1,0,0.008],"_humanoidState":8,"_cameraCFrame":[785.637,240.528,47.175,0.005,-0.827,0.563,0,0.563,0.827,-1,-0.004,0.003],"_shiftlockState":false,"_pose":"Running","_animationQueue":[],"_animationSpeed":1.101,"_zoom":19.75},{"_mousePosition":[551,486],"_rootPartCFrame":[774.261,222.699,47.117,0.008,0,1,0,1,0,-1,0,0.008],"_humanoidState":8,"_cameraCFrame":[785.275,240.593,47.144,0.002,-0.83,0.558,0,0.558,0.83,-1,-0.002,0.001],"_shiftlockState":false,"_pose":"Running","_animationQueue":[],"_animationSpeed":1.101,"_zoom":19.75},{"_mousePosition":[551,486],"_rootPartCFrame":[773.994,222.7,47.115,0.008,0,1,0,1,0,-1,0,0.008],"_humanoidState":8,"_cameraCFrame":[784.88,240.679,47.115,0,-0.834,0.551,0,0.551,0.834,-1,0,0],"_shiftlockState":false,"_pose":"Running","_animationQueue":[["walk",0.1]],"_animationSpeed":1.101,"_zoom":19.75},{"_mousePosition":[551,486],"_rootPartCFrame":[773.727,222.7,47.115,0.007,0,1,0,1,0,-1,0,0.007],"_humanoidState":8,"_cameraCFrame":[784.484,240.763,47.087,-0.003,-0.839,0.545,0,0.545,0.839,-1,0.002,-0.001],"_shiftlockState":false,"_pose":"Running","_animationQueue":[],"_animationSpeed":1.101,"_zoom":19.75},{"_mousePosition":[551,486],"_rootPartCFrame":[773.46,222.7,47.115,0.006,0,1,0,1,0,-1,0,0.006],"_humanoidState":8,"_cameraCFrame":[784.088,240.846,47.06,-0.005,-0.843,0.538,0,0.538,0.843,-1,0.004,-0.003],"_shiftlockState":false,"_pose":"Running","_animationQueue":[],"_animationSpeed":1.101,"_zoom":19.75},{"_mousePosition":[551,486],"_rootPartCFrame":[773.194,222.7,47.115,0.005,0,1,0,1,0,-1,0,0.005],"_humanoidState":8,"_cameraCFrame":[783.658,240.949,47.009,-0.01,-0.848,0.53,0,0.53,0.848,-1,0.009,-0.005],"_shiftlockState":false,"_pose":"Running","_animationQueue":[],"_animationSpeed":1.101,"_zoom":19.75},{"_mousePosition":[551,486],"_rootPartCFrame":[772.927,222.7,47.117,0.004,0,1,0,1,0,-1,0,0.004],"_humanoidState":8,"_cameraCFrame":[783.26,241.03,46.985,-0.013,-0.852,0.523,0,0.523,0.852,-1,0.011,-0.007],"_shiftlockState":false,"_pose":"Running","_animationQueue":[],"_animationSpeed":1.101,"_zoom":19.75},{"_mousePosition":[551,486],"_rootPartCFrame":[772.66,222.7,47.119,0.002,0,1,0,1,0,-1,0,0.002],"_humanoidState":8,"_cameraCFrame":[782.862,241.11,46.964,-0.015,-0.856,0.517,0,0.517,0.856,-1,0.013,-0.008],"_shiftlockState":false,"_pose":"Running","_animationQueue":[],"_animationSpeed":1.101,"_zoom":19.75},{"_mousePosition":[551,486],"_rootPartCFrame":[772.394,222.717,47.122,0,0,1,0,1,0,-1,0,0],"_humanoidState":8,"_cameraCFrame":[782.496,241.187,46.943,-0.018,-0.859,0.511,0,0.512,0.859,-1,0.015,-0.009],"_shiftlockState":false,"_pose":"Running","_animationQueue":[["walk",0.1]],"_animationSpeed":1.101,"_zoom":19.75},{"_mousePosition":[551,486],"_rootPartCFrame":[772.127,222.748,47.126,-0.002,0,1,0,1,0,-1,0,-0.002],"_humanoidState":8,"_cameraCFrame":[782.096,241.296,46.924,-0.02,-0.863,0.505,0,0.505,0.863,-1,0.018,-0.01],"_shiftlockState":false,"_pose":"Running","_animationQueue":[],"_animationSpeed":1.101,"_zoom":19.75},{"_mousePosition":[551,486],"_rootPartCFrame":[771.861,222.771,47.131,-0.004,0,1,0,1,0,-1,0,-0.004],"_humanoidState":8,"_cameraCFrame":[781.729,241.377,46.906,-0.023,-0.866,0.5,0,0.5,0.866,-1,0.02,-0.011],"_shiftlockState":false,"_pose":"Running","_animationQueue":[],"_animationSpeed":1.101,"_zoom":19.75},{"_mousePosition":[551,486],"_rootPartCFrame":[771.594,222.784,47.137,-0.006,0,1,0,1,0,-1,0,-0.006],"_humanoidState":8,"_cameraCFrame":[781.395,241.429,46.888,-0.025,-0.868,0.496,0,0.496,0.868,-1,0.022,-0.013],"_shiftlockState":false,"_pose":"Running","_animationQueue":[],"_animationSpeed":1.101,"_zoom":19.75},{"_mousePosition":[551,486],"_rootPartCFrame":[771.327,222.8,47.143,-0.008,0,1,0,1,0,-1,0,-0.008],"_humanoidState":8,"_cameraCFrame":[781.012,241.482,45.122,-0.028,-0.87,0.493,0,0.493,0.87,-1,0.024,-0.014],"_shiftlockState":true,"_pose":"Running","_animationQueue":[],"_animationSpeed":1.101,"_zoom":19.75},{"_mousePosition":[683,384],"_rootPartCFrame":[771.061,223.673,47.149,-0.03,0,1,0,1,0,-1,0,-0.03],"_humanoidState":3,"_cameraCFrame":[780.746,242.356,45.128,-0.028,-0.87,0.493,0,0.493,0.87,-1,0.024,-0.014],"_shiftlockState":true,"_pose":"Jumping","_animationQueue":[["walk",0.1],["jump",0.1]],"_animationSpeed":1,"_zoom":19.75},{"_mousePosition":[683,384],"_rootPartCFrame":[770.794,224.495,47.156,-0.029,0,1,0,1,0,-1,0,-0.029],"_humanoidState":5,"_cameraCFrame":[780.479,243.178,45.135,-0.028,-0.87,0.493,0,0.493,0.87,-1,0.024,-0.014],"_shiftlockState":true,"_pose":"FreeFall","_animationQueue":[["jump",0.1]],"_animationSpeed":1,"_zoom":19.75},{"_mousePosition":[683,384],"_rootPartCFrame":[770.594,225.076,47.161,-0.028,0,1,0,1,0,-1,0,-0.028],"_humanoidState":5,"_cameraCFrame":[780.279,243.758,45.141,-0.028,-0.87,0.493,0,0.493,0.87,-1,0.024,-0.014],"_shiftlockState":true,"_pose":"FreeFall","_animationQueue":[],"_animationSpeed":1,"_zoom":19.75},{"_mousePosition":[683,384],"_rootPartCFrame":[770.261,225.975,47.171,-0.028,0,1,0,1,0,-1,0,-0.028],"_humanoidState":5,"_cameraCFrame":[779.946,244.658,45.15,-0.028,-0.87,0.493,0,0.493,0.87,-1,0.024,-0.014],"_shiftlockState":true,"_pose":"FreeFall","_animationQueue":[],"_animationSpeed":1,"_zoom":19.75},{"_mousePosition":[683,384],"_rootPartCFrame":[769.994,226.634,47.178,-0.028,0,1,0,1,0,-1,0,-0.028],"_humanoidState":5,"_cameraCFrame":[779.679,245.317,45.157,-0.028,-0.87,0.493,0,0.493,0.87,-1,0.024,-0.014],"_shiftlockState":true,"_pose":"FreeFall","_animationQueue":[],"_animationSpeed":1,"_zoom":19.75},{"_mousePosition":[683,384],"_rootPartCFrame":[769.728,227.238,47.186,-0.028,0,1,0,1,0,-1,0,-0.028],"_humanoidState":5,"_cameraCFrame":[779.413,245.921,45.165,-0.028,-0.87,0.493,0,0.493,0.87,-1,0.024,-0.014],"_shiftlockState":true,"_pose":"FreeFall","_animationQueue":[],"_animationSpeed":1,"_zoom":19.75},{"_mousePosition":[683,384],"_rootPartCFrame":[769.461,227.788,47.193,-0.028,0,1,0,1,0,-1,0,-0.028],"_humanoidState":5,"_cameraCFrame":[779.146,246.47,45.172,-0.028,-0.87,0.493,0,0.493,0.87,-1,0.024,-0.014],"_shiftlockState":true,"_pose":"FreeFall","_animationQueue":[],"_animationSpeed":1,"_zoom":19.75},{"_mousePosition":[683,384],"_rootPartCFrame":[769.195,228.283,47.2,-0.028,0,1,0,1,0,-1,0,-0.028],"_humanoidState":5,"_cameraCFrame":[778.88,246.965,45.18,-0.028,-0.87,0.493,0,0.493,0.87,-1,0.024,-0.014],"_shiftlockState":true,"_pose":"FreeFall","_animationQueue":[],"_animationSpeed":1,"_zoom":19.75},{"_mousePosition":[683,384],"_rootPartCFrame":[768.928,228.723,47.208,-0.028,0,1,0,1,0,-1,0,-0.028],"_humanoidState":5,"_cameraCFrame":[778.613,247.406,45.187,-0.028,-0.87,0.493,0,0.493,0.87,-1,0.024,-0.014],"_shiftlockState":true,"_pose":"FreeFall","_animationQueue":[],"_animationSpeed":1,"_zoom":19.75},{"_mousePosition":[683,384],"_rootPartCFrame":[768.661,229.109,47.215,-0.028,0,1,0,1,0,-1,0,-0.028],"_humanoidState":5,"_cameraCFrame":[778.346,247.792,45.195,-0.028,-0.87,0.493,0,0.493,0.87,-1,0.024,-0.014],"_shiftlockState":true,"_pose":"FreeFall","_animationQueue":[],"_animationSpeed":1,"_zoom":19.75},{"_mousePosition":[683,384],"_rootPartCFrame":[768.395,229.441,47.223,-0.028,0,1,0,1,0,-1,0,-0.028],"_humanoidState":5,"_cameraCFrame":[778.08,248.123,45.202,-0.028,-0.87,0.493,0,0.493,0.87,-1,0.024,-0.014],"_shiftlockState":true,"_pose":"FreeFall","_animationQueue":[],"_animationSpeed":1,"_zoom":19.75},{"_mousePosition":[683,384],"_rootPartCFrame":[768.128,229.718,47.23,-0.028,0,1,0,1,0,-1,0,-0.028],"_humanoidState":5,"_cameraCFrame":[777.813,248.4,45.209,-0.028,-0.87,0.493,0,0.493,0.87,-1,0.024,-0.014],"_shiftlockState":true,"_pose":"FreeFall","_animationQueue":[],"_animationSpeed":1,"_zoom":19.75},{"_mousePosition":[683,384],"_rootPartCFrame":[767.862,229.94,47.238,-0.028,0,1,0,1,0,-1,0,-0.028],"_humanoidState":5,"_cameraCFrame":[777.547,248.623,45.217,-0.028,-0.87,0.493,0,0.493,0.87,-1,0.024,-0.014],"_shiftlockState":true,"_pose":"FreeFall","_animationQueue":[],"_animationSpeed":1,"_zoom":19.75},{"_mousePosition":[683,384],"_rootPartCFrame":[767.595,230.108,47.245,-0.028,0,1,0,1,0,-1,0,-0.028],"_humanoidState":5,"_cameraCFrame":[777.28,248.791,45.224,-0.028,-0.87,0.493,0,0.493,0.87,-1,0.024,-0.014],"_shiftlockState":true,"_pose":"FreeFall","_animationQueue":[],"_animationSpeed":1,"_zoom":19.75},{"_mousePosition":[683,384],"_rootPartCFrame":[767.328,230.222,47.252,-0.028,0,1,0,1,0,-1,0,-0.028],"_humanoidState":5,"_cameraCFrame":[776.98,248.923,45.233,-0.028,-0.871,0.491,0,0.491,0.871,-1,0.024,-0.014],"_shiftlockState":true,"_pose":"FreeFall","_animationQueue":[["fall",0.3]],"_animationSpeed":1,"_zoom":19.75},{"_mousePosition":[683,384],"_rootPartCFrame":[767.062,230.281,47.26,-0.028,0,1,0,1,0,-1,0,-0.028],"_humanoidState":5,"_cameraCFrame":[776.713,248.982,45.24,-0.028,-0.871,0.491,0,0.491,0.871,-1,0.024,-0.014],"_shiftlockState":true,"_pose":"FreeFall","_animationQueue":[],"_animationSpeed":1,"_zoom":19.75},{"_mousePosition":[683,384],"_rootPartCFrame":[766.795,230.285,47.267,-0.028,0,1,0,1,0,-1,0,-0.028],"_humanoidState":5,"_cameraCFrame":[776.462,248.987,45.321,-0.02,-0.871,0.491,0,0.491,0.871,-1,0.018,-0.01],"_shiftlockState":true,"_pose":"FreeFall","_animationQueue":[],"_animationSpeed":1,"_zoom":19.75},{"_mousePosition":[683,384],"_rootPartCFrame":[766.529,230.235,47.275,-0.021,0,1,0,1,0,-1,0,-0.021],"_humanoidState":5,"_cameraCFrame":[776.233,248.937,45.524,0,-0.871,0.491,0,0.491,0.871,-1,0,0],"_shiftlockState":true,"_pose":"FreeFall","_animationQueue":[],"_animationSpeed":1,"_zoom":19.75},{"_mousePosition":[683,384],"_rootPartCFrame":[766.262,230.131,47.28,-0.002,0,1,0,1,0,-1,0,-0.002],"_humanoidState":5,"_cameraCFrame":[776.032,248.832,45.949,0.043,-0.87,0.491,0,0.491,0.871,-0.999,-0.037,0.021],"_shiftlockState":true,"_pose":"FreeFall","_animationQueue":[],"_animationSpeed":1,"_zoom":19.75},{"_mousePosition":[683,384],"_rootPartCFrame":[765.995,229.972,47.281,0.038,0,0.999,0,1,0,-0.999,0,0.038],"_humanoidState":5,"_cameraCFrame":[775.773,248.711,46.711,0.121,-0.866,0.484,0,0.488,0.873,-0.993,-0.106,0.059],"_shiftlockState":true,"_pose":"FreeFall","_animationQueue":[],"_animationSpeed":1,"_zoom":19.75},{"_mousePosition":[683,384],"_rootPartCFrame":[765.729,229.758,47.272,0.112,0,0.994,0,1,0,-0.994,0,0.112],"_humanoidState":5,"_cameraCFrame":[775.411,248.554,47.769,0.231,-0.852,0.47,0,0.483,0.876,-0.973,-0.202,0.111],"_shiftlockState":true,"_pose":"FreeFall","_animationQueue":[],"_animationSpeed":1,"_zoom":19.75},{"_mousePosition":[683,384],"_rootPartCFrame":[765.464,229.49,47.244,0.218,0,0.976,0,1,0,-0.976,0,0.218],"_humanoidState":5,"_cameraCFrame":[774.689,248.378,49.63,0.424,-0.797,0.43,0,0.474,0.88,-0.906,-0.373,0.201],"_shiftlockState":true,"_pose":"FreeFall","_animationQueue":[["fall",0.3]],"_animationSpeed":1,"_zoom":19.75},{"_mousePosition":[683,384],"_rootPartCFrame":[765.203,229.168,47.191,0.403,0,0.915,0,1,0,-0.915,0,0.403],"_humanoidState":5,"_cameraCFrame":[773.885,248.128,50.782,0.548,-0.74,0.391,0,0.467,0.884,-0.837,-0.484,0.256],"_shiftlockState":true,"_pose":"FreeFall","_animationQueue":[],"_animationSpeed":1,"_zoom":19.75},{"_mousePosition":[683,384],"_rootPartCFrame":[764.89,228.688,47.081,0.526,0,0.851,0,1,0,-0.851,0,0.526],"_humanoidState":5,"_cameraCFrame":[772.981,247.719,51.589,0.643,-0.68,0.353,0,0.46,0.888,-0.766,-0.571,0.296],"_shiftlockState":true,"_pose":"FreeFall","_animationQueue":[],"_animationSpeed":1,"_zoom":19.75},{"_mousePosition":[683,384],"_rootPartCFrame":[764.72,228.597,46.977,0.642,0,0.766,0,1,0,-0.766,0,0.642],"_humanoidState":7,"_cameraCFrame":[772.422,247.664,51.999,0.696,-0.639,0.328,0,0.457,0.889,-0.718,-0.619,0.318],"_shiftlockState":true,"_pose":"FreeFall","_animationQueue":[["walk",0.1],["fall",0.3],["fall",0.3]],"_animationSpeed":1,"_zoom":19.75},{"_mousePosition":[683,384],"_rootPartCFrame":[764.513,228.62,46.809,0.696,0,0.718,0,1,0,-0.718,0,0.696],"_humanoidState":7,"_cameraCFrame":[772.102,247.722,51.88,0.705,-0.632,0.322,0,0.454,0.891,-0.71,-0.628,0.32],"_shiftlockState":true,"_pose":"FreeFall","_animationQueue":[],"_animationSpeed":1,"_zoom":19.75},{"_mousePosition":[683,384],"_rootPartCFrame":[764.319,228.652,46.626,0.705,0,0.709,0,1,0,-0.709,0,0.705],"_humanoidState":7,"_cameraCFrame":[772.132,247.754,51.346,0.672,-0.66,0.336,0,0.454,0.891,-0.741,-0.599,0.305],"_shiftlockState":true,"_pose":"FreeFall","_animationQueue":[],"_animationSpeed":1,"_zoom":19.75},{"_mousePosition":[683,384],"_rootPartCFrame":[764.13,228.673,46.438,0.672,0,0.741,0,1,0,-0.741,0,0.672],"_humanoidState":8,"_cameraCFrame":[772.339,247.775,50.428,0.601,-0.712,0.362,0,0.454,0.891,-0.799,-0.536,0.273],"_shiftlockState":true,"_pose":"Running","_animationQueue":[["fall",0.3],["walk",0.1],["fall",0.3],["walk",0.1]],"_animationSpeed":1.103,"_zoom":19.75},{"_mousePosition":[683,384],"_rootPartCFrame":[763.941,229.536,46.251,0.601,0,0.799,0,1,0,-0.799,0,0.601],"_humanoidState":3,"_cameraCFrame":[772.654,248.585,49.289,0.502,-0.768,0.397,0,0.459,0.889,-0.865,-0.446,0.23],"_shiftlockState":true,"_pose":"Jumping","_animationQueue":[["walk",0.1],["jump",0.1]],"_animationSpeed":1,"_zoom":19.75},{"_mousePosition":[683,384],"_rootPartCFrame":[763.736,230.345,46.08,0.512,0,0.859,0,1,0,-0.859,0,0.512],"_humanoidState":5,"_cameraCFrame":[772.879,249.322,48.095,0.394,-0.813,0.428,0,0.466,0.885,-0.919,-0.349,0.183],"_shiftlockState":true,"_pose":"FreeFall","_animationQueue":[["jump",0.1]],"_animationSpeed":1,"_zoom":19.75},{"_mousePosition":[683,384],"_rootPartCFrame":[763.512,231.098,45.937,0.408,0,0.913,0,1,0,-0.913,0,0.408],"_humanoidState":5,"_cameraCFrame":[772.99,249.986,46.924,0.284,-0.844,0.455,0,0.474,0.88,-0.959,-0.25,0.135],"_shiftlockState":true,"_pose":"FreeFall","_animationQueue":[],"_animationSpeed":1,"_zoom":19.75},{"_mousePosition":[683,384],"_rootPartCFrame":[763.272,231.798,45.822,0.299,0,0.954,0,1,0,-0.954,0,0.299],"_humanoidState":5,"_cameraCFrame":[773.064,250.537,45.598,0.156,-0.862,0.482,0,0.488,0.873,-0.988,-0.136,0.076],"_shiftlockState":true,"_pose":"FreeFall","_animationQueue":[],"_animationSpeed":1,"_zoom":19.75},{"_mousePosition":[683,384],"_rootPartCFrame":[763.02,232.443,45.736,0.173,0,0.985,0,1,0,-0.985,0,0.173],"_humanoidState":5,"_cameraCFrame":[772.912,251.106,44.906,0.093,-0.865,0.493,0,0.495,0.869,-0.996,-0.081,0.046],"_shiftlockState":true,"_pose":"FreeFall","_animationQueue":[],"_animationSpeed":1,"_zoom":19.75},{"_mousePosition":[683,384],"_rootPartCFrame":[762.76,233.033,45.681,0.105,0,0.995,0,1,0,-0.995,0,0.105],"_humanoidState":5,"_cameraCFrame":[772.66,251.659,44.33,0.04,-0.866,0.498,0,0.498,0.867,-0.999,-0.035,0.02],"_shiftlockState":true,"_pose":"FreeFall","_animationQueue":[],"_animationSpeed":1,"_zoom":19.75},{"_mousePosition":[683,384],"_rootPartCFrame":[762.495,233.569,45.652,0.048,0,0.999,0,1,0,-0.999,0,0.048],"_humanoidState":5,"_cameraCFrame":[772.31,252.194,43.777,-0.013,-0.867,0.498,0,0.498,0.867,-1,0.011,-0.006],"_shiftlockState":true,"_pose":"FreeFall","_animationQueue":[],"_animationSpeed":1,"_zoom":19.75},{"_mousePosition":[683,384],"_rootPartCFrame":[762.229,234.05,45.639,-0.006,0,1,0,1,0,-1,0,-0.006],"_humanoidState":5,"_cameraCFrame":[771.891,252.695,43.223,-0.068,-0.866,0.495,0,0.496,0.868,-0.998,0.059,-0.034],"_shiftlockState":true,"_pose":"FreeFall","_animationQueue":[],"_animationSpeed":1,"_zoom":19.75},{"_mousePosition":[683,384],"_rootPartCFrame":[761.962,234.477,45.64,-0.061,0,0.998,0,1,0,-0.998,0,-0.061],"_humanoidState":5,"_cameraCFrame":[771.416,253.16,42.723,-0.121,-0.864,0.489,0,0.493,0.87,-0.993,0.105,-0.06],"_shiftlockState":true,"_pose":"FreeFall","_animationQueue":[],"_animationSpeed":1,"_zoom":19.75},{"_mousePosition":[683,384],"_rootPartCFrame":[761.696,234.85,45.656,-0.114,0,0.993,0,1,0,-0.993,0,-0.114],"_humanoidState":5,"_cameraCFrame":[770.873,253.589,42.235,-0.176,-0.859,0.48,0,0.488,0.873,-0.984,0.154,-0.086],"_shiftlockState":true,"_pose":"FreeFall","_animationQueue":[],"_animationSpeed":1,"_zoom":19.75},{"_mousePosition":[683,384],"_rootPartCFrame":[761.365,235.239,45.695,-0.167,0,0.986,0,1,0,-0.986,0,-0.167],"_humanoidState":5,"_cameraCFrame":[770.315,253.997,41.798,-0.228,-0.851,0.473,0,0.486,0.874,-0.974,0.2,-0.111],"_shiftlockState":true,"_pose":"FreeFall","_animationQueue":[],"_animationSpeed":1,"_zoom":19.75},{"_mousePosition":[683,384],"_rootPartCFrame":[761.168,235.431,45.728,-0.223,0,0.975,0,1,0,-0.975,0,-0.223],"_humanoidState":5,"_cameraCFrame":[769.909,254.189,41.384,-0.277,-0.84,0.467,0,0.486,0.874,-0.961,0.242,-0.135],"_shiftlockState":true,"_pose":"FreeFall","_animationQueue":[],"_animationSpeed":1,"_zoom":19.75},{"_mousePosition":[683,384],"_rootPartCFrame":[760.907,235.64,45.787,-0.271,0,0.963,0,1,0,-0.963,0,-0.271],"_humanoidState":5,"_cameraCFrame":[769.494,254.36,41.006,-0.323,-0.825,0.463,0,0.49,0.872,-0.946,0.282,-0.158],"_shiftlockState":true,"_pose":"FreeFall","_animationQueue":[],"_animationSpeed":1,"_zoom":19.75},{"_mousePosition":[683,384],"_rootPartCFrame":[760.651,235.794,45.859,-0.317,0,0.948,0,1,0,-0.948,0,-0.317],"_humanoidState":5,"_cameraCFrame":[769.13,254.458,40.698,-0.361,-0.81,0.461,0,0.495,0.869,-0.932,0.314,-0.179],"_shiftlockState":true,"_pose":"FreeFall","_animationQueue":[],"_animationSpeed":1,"_zoom":19.75},{"_mousePosition":[683,384],"_rootPartCFrame":[760.398,235.894,45.943,-0.356,0,0.935,0,1,0,-0.935,0,-0.356],"_humanoidState":5,"_cameraCFrame":[768.733,254.539,40.493,-0.392,-0.799,0.457,0,0.496,0.868,-0.92,0.34,-0.194],"_shiftlockState":true,"_pose":"FreeFall","_animationQueue":[],"_animationSpeed":1,"_zoom":19.75},{"_mousePosition":[683,384],"_rootPartCFrame":[760.149,235.94,46.038,-0.387,0,0.922,0,1,0,-0.922,0,-0.387],"_humanoidState":5,"_cameraCFrame":[768.386,254.584,40.441,-0.408,-0.793,0.453,0,0.496,0.868,-0.913,0.354,-0.202],"_shiftlockState":true,"_pose":"FreeFall","_animationQueue":[],"_animationSpeed":1,"_zoom":19.75},{"_mousePosition":[683,384],"_rootPartCFrame":[759.903,235.93,46.141,-0.405,0,0.914,0,1,0,-0.914,0,-0.405],"_humanoidState":5,"_cameraCFrame":[768.141,254.575,40.544,-0.408,-0.793,0.453,0,0.496,0.868,-0.913,0.354,-0.202],"_shiftlockState":true,"_pose":"FreeFall","_animationQueue":[],"_animationSpeed":1,"_zoom":19.75},{"_mousePosition":[683,384],"_rootPartCFrame":[759.659,235.821,46.249,-0.407,0,0.913,0,1,0,-0.913,0,-0.407],"_humanoidState":7,"_cameraCFrame":[767.897,254.466,40.652,-0.408,-0.793,0.453,0,0.496,0.868,-0.913,0.354,-0.202],"_shiftlockState":true,"_pose":"FreeFall","_animationQueue":[["walk",0.1]],"_animationSpeed":1.103,"_zoom":19.75},{"_mousePosition":[683,384],"_rootPartCFrame":[759.416,235.654,46.358,-0.408,0,0.913,0,1,0,-0.913,0,-0.408],"_humanoidState":7,"_cameraCFrame":[767.654,254.299,40.761,-0.408,-0.793,0.453,0,0.496,0.868,-0.913,0.354,-0.202],"_shiftlockState":true,"_pose":"FreeFall","_animationQueue":[],"_animationSpeed":1.103,"_zoom":19.75},{"_mousePosition":[683,384],"_rootPartCFrame":[759.172,235.429,46.467,-0.408,0,0.913,0,1,0,-0.913,0,-0.408],"_humanoidState":8,"_cameraCFrame":[767.44,254.055,40.856,-0.408,-0.792,0.455,0,0.498,0.867,-0.913,0.354,-0.203],"_shiftlockState":true,"_pose":"Running","_animationQueue":[["fall",0.3],["walk",0.1],["fall",0.3],["walk",0.1]],"_animationSpeed":1.103,"_zoom":19.75},{"_mousePosition":[683,384],"_rootPartCFrame":[758.929,236.303,46.575,-0.408,0,0.913,0,1,0,-0.913,0,-0.408],"_humanoidState":3,"_cameraCFrame":[767.27,254.909,41.014,-0.401,-0.793,0.458,0,0.5,0.866,-0.916,0.347,-0.2],"_shiftlockState":true,"_pose":"Jumping","_animationQueue":[["walk",0.1],["jump",0.1]],"_animationSpeed":1,"_zoom":19.75},{"_mousePosition":[683,384],"_rootPartCFrame":[758.685,237.125,46.684,-0.402,0,0.916,0,1,0,-0.916,0,-0.402],"_humanoidState":5,"_cameraCFrame":[767.213,255.692,41.289,-0.38,-0.799,0.465,0,0.503,0.864,-0.925,0.328,-0.191],"_shiftlockState":true,"_pose":"FreeFall","_animationQueue":[["jump",0.1]],"_animationSpeed":1,"_zoom":19.75},{"_mousePosition":[683,384],"_rootPartCFrame":[758.441,237.892,46.791,-0.382,0,0.924,0,1,0,-0.924,0,-0.382],"_humanoidState":5,"_cameraCFrame":[767.305,256.382,41.701,-0.342,-0.808,0.479,0,0.51,0.86,-0.94,0.294,-0.175],"_shiftlockState":true,"_pose":"FreeFall","_animationQueue":[],"_animationSpeed":1,"_zoom":19.75},{"_mousePosition":[683,384],"_rootPartCFrame":[758.195,238.605,46.893,-0.347,0,0.938,0,1,0,-0.938,0,-0.347],"_humanoidState":5,"_cameraCFrame":[767.356,257.055,42.215,-0.297,-0.82,0.49,0,0.513,0.858,-0.955,0.255,-0.152],"_shiftlockState":true,"_pose":"FreeFall","_animationQueue":[],"_animationSpeed":1,"_zoom":19.75},{"_mousePosition":[683,384],"_rootPartCFrame":[757.945,239.264,46.986,-0.302,0,0.953,0,1,0,-0.953,0,-0.302],"_humanoidState":5,"_cameraCFrame":[767.427,257.654,42.753,-0.248,-0.829,0.502,0,0.518,0.855,-0.969,0.212,-0.129],"_shiftlockState":true,"_pose":"FreeFall","_animationQueue":[],"_animationSpeed":1,"_zoom":19.75},{"_mousePosition":[683,384],"_rootPartCFrame":[757.691,239.868,47.067,-0.254,0,0.967,0,1,0,-0.967,0,-0.254],"_humanoidState":5,"_cameraCFrame":[767.407,258.238,43.312,-0.199,-0.837,0.51,0,0.52,0.854,-0.98,0.17,-0.103],"_shiftlockState":true,"_pose":"FreeFall","_animationQueue":[],"_animationSpeed":1,"_zoom":19.75},{"_mousePosition":[683,384],"_rootPartCFrame":[757.433,240.417,47.135,-0.205,0,0.979,0,1,0,-0.979,0,-0.205],"_humanoidState":5,"_cameraCFrame":[767.293,258.788,43.777,-0.159,-0.843,0.513,0,0.52,0.854,-0.987,0.136,-0.083],"_shiftlockState":true,"_pose":"FreeFall","_animationQueue":[],"_animationSpeed":1,"_zoom":19.75},{"_mousePosition":[683,384],"_rootPartCFrame":[757.172,240.912,47.19,-0.165,0,0.986,0,1,0,-0.986,0,-0.165],"_humanoidState":5,"_cameraCFrame":[767.13,259.283,44.133,-0.129,-0.847,0.516,0,0.52,0.854,-0.992,0.11,-0.067],"_shiftlockState":true,"_pose":"FreeFall","_animationQueue":[],"_animationSpeed":1,"_zoom":19.75},{"_mousePosition":[683,384],"_rootPartCFrame":[757.041,241.124,47.23,-0.053,0,0.999,-0.008,1,0,-0.999,-0.008,-0.053],"_humanoidState":12,"_cameraCFrame":[767.072,259.495,44.413,-0.104,-0.85,0.517,0,0.52,0.854,-0.995,0.089,-0.054],"_shiftlockState":true,"_pose":"Climbing","_animationQueue":[["walk",0.1],["climb",0.1]],"_animationSpeed":2.373,"_zoom":19.75},{"_mousePosition":[683,384],"_rootPartCFrame":[757.011,241.309,47.249,-0.069,0,0.998,-0.005,1,0,-0.998,-0.005,-0.069],"_humanoidState":12,"_cameraCFrame":[767.043,259.679,44.437,-0.104,-0.85,0.517,0,0.52,0.854,-0.995,0.089,-0.054],"_shiftlockState":true,"_pose":"Climbing","_animationQueue":[["climb",0.1]],"_animationSpeed":0.867,"_zoom":19.75},{"_mousePosition":[683,384],"_rootPartCFrame":[757.009,241.495,47.251,-0.1,0,0.995,0,1,0,-0.995,0,-0.1],"_humanoidState":12,"_cameraCFrame":[767.041,259.866,44.446,-0.104,-0.85,0.517,0,0.52,0.854,-0.995,0.089,-0.054],"_shiftlockState":true,"_pose":"Climbing","_animationQueue":[["climb",0.1]],"_animationSpeed":0.932,"_zoom":19.75},{"_mousePosition":[683,384],"_rootPartCFrame":[757.009,241.682,47.251,-0.103,0,0.995,0,1,0,-0.995,0,-0.103],"_humanoidState":12,"_cameraCFrame":[767.041,260.053,44.447,-0.104,-0.85,0.517,0,0.52,0.854,-0.995,0.089,-0.054],"_shiftlockState":true,"_pose":"Climbing","_animationQueue":[],"_animationSpeed":0.932,"_zoom":19.75},{"_mousePosition":[683,384],"_rootPartCFrame":[757.009,241.868,47.251,-0.104,0,0.995,0,1,0,-0.995,0,-0.104],"_humanoidState":12,"_cameraCFrame":[767.041,260.239,44.446,-0.104,-0.85,0.517,0,0.52,0.854,-0.995,0.089,-0.054],"_shiftlockState":true,"_pose":"Climbing","_animationQueue":[],"_animationSpeed":0.932,"_zoom":19.75},{"_mousePosition":[683,384],"_rootPartCFrame":[757.009,242.055,47.251,-0.104,0,0.995,0,1,0,-0.995,0,-0.104],"_humanoidState":12,"_cameraCFrame":[767.041,260.426,44.446,-0.104,-0.85,0.517,0,0.52,0.854,-0.995,0.089,-0.054],"_shiftlockState":true,"_pose":"Climbing","_animationQueue":[],"_animationSpeed":0.932,"_zoom":19.75},{"_mousePosition":[683,384],"_rootPartCFrame":[757.009,242.242,47.251,-0.104,0,0.995,0,1,0,-0.995,0,-0.104],"_humanoidState":12,"_cameraCFrame":[767.048,260.612,44.471,-0.101,-0.85,0.517,0,0.52,0.854,-0.995,0.086,-0.053],"_shiftlockState":true,"_pose":"Climbing","_animationQueue":[],"_animationSpeed":0.932,"_zoom":19.75},{"_mousePosition":[683,384],"_rootPartCFrame":[757.009,242.428,47.251,-0.101,0,0.995,0,1,0,-0.995,0,-0.101],"_humanoidState":12,"_cameraCFrame":[767.015,260.819,44.475,-0.101,-0.851,0.516,0,0.518,0.855,-0.995,0.086,-0.052],"_shiftlockState":true,"_pose":"Climbing","_animationQueue":[],"_animationSpeed":0.932,"_zoom":19.75},{"_mousePosition":[683,384],"_rootPartCFrame":[757.009,242.615,47.251,-0.101,0,0.995,0,1,0,-0.995,0,-0.101],"_humanoidState":12,"_cameraCFrame":[766.977,261.046,44.582,-0.091,-0.854,0.513,0,0.515,0.857,-0.996,0.078,-0.047],"_shiftlockState":true,"_pose":"Climbing","_animationQueue":[],"_animationSpeed":0.932,"_zoom":19.75},{"_mousePosition":[683,384],"_rootPartCFrame":[757.009,242.802,47.251,-0.091,0,0.996,0,1,0,-0.996,0,-0.091],"_humanoidState":12,"_cameraCFrame":[766.939,261.33,45.122,-0.038,-0.862,0.506,0,0.507,0.862,-0.999,0.033,-0.019],"_shiftlockState":true,"_pose":"Climbing","_animationQueue":[],"_animationSpeed":0.932,"_zoom":19.75},{"_mousePosition":[683,384],"_rootPartCFrame":[756.984,242.954,47.253,-0.038,0,0.999,0,1,0,-0.999,0,-0.038],"_humanoidState":8,"_cameraCFrame":[766.989,261.561,46.61,0.111,-0.861,0.497,0,0.5,0.866,-0.994,-0.096,0.056],"_shiftlockState":true,"_pose":"Standing","_animationQueue":[["climb",0.1],["idle",0.1],["idle",0.1]],"_animationSpeed":1,"_zoom":19.75},{"_mousePosition":[683,384],"_rootPartCFrame":[756.806,243.453,47.26,0.118,0,0.993,0,1,0,-0.993,0,0.118],"_humanoidState":8,"_cameraCFrame":[765.608,262.267,51.246,0.571,-0.72,0.395,0,0.481,0.877,-0.821,-0.5,0.275],"_shiftlockState":true,"_pose":"Running","_animationQueue":[["walk",0.1]],"_animationSpeed":0.164,"_zoom":19.75},{"_mousePosition":[683,384],"_rootPartCFrame":[756.545,243.884,47.237,0.591,0,0.806,0,1,0,-0.806,0,0.591],"_humanoidState":8,"_cameraCFrame":[762.578,262.808,54.526,0.875,-0.427,0.228,0,0.471,0.882,-0.484,-0.772,0.412],"_shiftlockState":true,"_pose":"Running","_animationQueue":[["walk",0.1]],"_animationSpeed":0.991,"_zoom":19.75},{"_mousePosition":[683,384],"_rootPartCFrame":[756.315,244.167,47.114,0.889,0,0.458,0,1,0,-0.458,0,0.889],"_humanoidState":8,"_cameraCFrame":[758.727,262.981,56.47,0.998,-0.061,0.034,0,0.481,0.877,-0.07,-0.874,0.48],"_shiftlockState":true,"_pose":"Running","_animationQueue":[["walk",0.1]],"_animationSpeed":1.101,"_zoom":19.75},{"_mousePosition":[683,384],"_rootPartCFrame":[756.165,244.296,46.9,0.999,0,0.042,0,1,0,-0.042,0,0.999],"_humanoidState":8,"_cameraCFrame":[755.836,262.903,56.92,0.978,0.179,-0.103,0,0.5,0.866,0.207,-0.847,0.489],"_shiftlockState":true,"_pose":"Running","_animationQueue":[],"_animationSpeed":1.101,"_zoom":19.75},{"_mousePosition":[683,384],"_rootPartCFrame":[756.033,245.169,46.669,0.972,0,-0.233,0,1,0,0.233,0,0.972],"_humanoidState":3,"_cameraCFrame":[754.706,263.6,56.903,0.956,0.253,-0.152,0,0.515,0.857,0.295,-0.819,0.492],"_shiftlockState":true,"_pose":"Jumping","_animationQueue":[["walk",0.1],["jump",0.1]],"_animationSpeed":1,"_zoom":19.75},{"_mousePosition":[683,384],"_rootPartCFrame":[755.926,245.992,46.435,0.956,0,-0.295,0,1,0,0.295,0,0.956],"_humanoidState":5,"_cameraCFrame":[755.313,264.241,57.027,0.975,0.188,-0.117,0,0.53,0.848,0.222,-0.827,0.517],"_shiftlockState":true,"_pose":"FreeFall","_animationQueue":[["jump",0.1]],"_animationSpeed":1,"_zoom":19.75},{"_mousePosition":[683,384],"_rootPartCFrame":[755.858,246.759,46.195,0.974,0,-0.226,0,1,0,0.226,0,0.974],"_humanoidState":5,"_cameraCFrame":[757.736,264.843,56.898,1,-0.01,0.006,0,0.543,0.84,-0.012,-0.84,0.543],"_shiftlockState":true,"_pose":"FreeFall","_animationQueue":[],"_animationSpeed":1,"_zoom":19.75},{"_mousePosition":[683,384],"_rootPartCFrame":[755.829,247.472,45.95,1,0,-0.012,0,1,0,0.012,0,1],"_humanoidState":5,"_cameraCFrame":[761.14,265.409,55.685,0.942,-0.278,0.185,0,0.554,0.832,-0.334,-0.784,0.523],"_shiftlockState":true,"_pose":"FreeFall","_animationQueue":[],"_animationSpeed":1,"_zoom":19.75},{"_mousePosition":[683,384],"_rootPartCFrame":[755.824,248.131,45.687,0.955,0,0.297,0,1,0,-0.297,0,0.955],"_humanoidState":5,"_cameraCFrame":[764.464,265.807,53.224,0.765,-0.528,0.37,0,0.574,0.819,-0.644,-0.626,0.439],"_shiftlockState":true,"_pose":"FreeFall","_animationQueue":[],"_animationSpeed":1,"_zoom":19.75},{"_mousePosition":[683,384],"_rootPartCFrame":[755.796,248.735,45.425,0.794,0,0.609,0,1,0,-0.609,0,0.794],"_humanoidState":5,"_cameraCFrame":[766.745,266.118,50.004,0.518,-0.688,0.508,0,0.594,0.804,-0.856,-0.416,0.308],"_shiftlockState":true,"_pose":"FreeFall","_animationQueue":[],"_animationSpeed":1,"_zoom":19.75},{"_mousePosition":[683,384],"_rootPartCFrame":[755.731,249.284,45.176,0.555,0,0.832,0,1,0,-0.832,0,0.555],"_humanoidState":5,"_cameraCFrame":[767.728,266.46,47.037,0.294,-0.759,0.581,0,0.608,0.794,-0.956,-0.233,0.179],"_shiftlockState":true,"_pose":"FreeFall","_animationQueue":[],"_animationSpeed":1,"_zoom":19.75},{"_mousePosition":[683,384],"_rootPartCFrame":[755.631,249.779,44.947,0.329,0,0.944,0,1,0,-0.944,0,0.329],"_humanoidState":5,"_cameraCFrame":[768.072,266.718,44.859,0.134,-0.775,0.618,0,0.624,0.782,-0.991,-0.104,0.083],"_shiftlockState":true,"_pose":"FreeFall","_animationQueue":[],"_animationSpeed":1,"_zoom":19.75},{"_mousePosition":[683,384],"_rootPartCFrame":[755.502,250.22,44.743,0.159,0,0.987,0,1,0,-0.987,0,0.159],"_humanoidState":5,"_cameraCFrame":[768.16,266.891,43.089,0.008,-0.768,0.64,0,0.64,0.768,-1,-0.006,0.005],"_shiftlockState":true,"_pose":"FreeFall","_animationQueue":[],"_animationSpeed":1,"_zoom":19.75},{"_mousePosition":[683,384],"_rootPartCFrame":[755.347,250.606,44.57,0.026,0,1,0,1,0,-1,0,0.026],"_humanoidState":5,"_cameraCFrame":[768.032,267.202,42.498,-0.025,-0.764,0.645,0,0.645,0.764,-1,0.019,-0.016],"_shiftlockState":true,"_pose":"FreeFall","_animationQueue":[],"_animationSpeed":1,"_zoom":19.75},{"_mousePosition":[683,384],"_rootPartCFrame":[755.169,250.937,44.429,-0.017,0,1,0,1,0,-1,0,-0.017],"_humanoidState":5,"_cameraCFrame":[767.798,267.534,42.037,-0.051,-0.763,0.644,0,0.645,0.764,-0.999,0.039,-0.033],"_shiftlockState":true,"_pose":"FreeFall","_animationQueue":[],"_animationSpeed":1,"_zoom":19.75},{"_mousePosition":[683,384],"_rootPartCFrame":[754.97,251.214,44.323,-0.046,0,0.999,0,1,0,-0.999,0,-0.046],"_humanoidState":5,"_cameraCFrame":[767.476,267.86,41.616,-0.076,-0.765,0.64,0,0.642,0.767,-0.997,0.058,-0.049],"_shiftlockState":true,"_pose":"FreeFall","_animationQueue":[],"_animationSpeed":1,"_zoom":19.75},{"_mousePosition":[683,384],"_rootPartCFrame":[754.752,251.437,44.25,-0.072,0,0.997,0,1,0,-0.997,0,-0.072],"_humanoidState":5,"_cameraCFrame":[767.044,268.181,41.146,-0.109,-0.767,0.632,0,0.636,0.772,-0.994,0.084,-0.069],"_shiftlockState":true,"_pose":"FreeFall","_animationQueue":[],"_animationSpeed":1,"_zoom":19.75},{"_mousePosition":[683,384],"_rootPartCFrame":[754.515,251.605,44.213,-0.105,0,0.995,0,1,0,-0.995,0,-0.105],"_humanoidState":5,"_cameraCFrame":[766.601,268.422,40.688,-0.144,-0.768,0.625,0,0.631,0.776,-0.99,0.112,-0.091],"_shiftlockState":true,"_pose":"FreeFall","_animationQueue":[],"_animationSpeed":1,"_zoom":19.75},{"_mousePosition":[683,384],"_rootPartCFrame":[754.262,251.718,44.212,-0.139,0,0.99,0,1,0,-0.99,0,-0.139],"_humanoidState":5,"_cameraCFrame":[766.157,268.584,40.272,-0.179,-0.766,0.618,0,0.628,0.778,-0.984,0.139,-0.112],"_shiftlockState":true,"_pose":"FreeFall","_animationQueue":[],"_animationSpeed":1,"_zoom":19.75},{"_mousePosition":[683,384],"_rootPartCFrame":[754,251.777,44.244,-0.174,0,0.985,0,1,0,-0.985,0,-0.174],"_humanoidState":5,"_cameraCFrame":[765.711,268.692,39.957,-0.209,-0.763,0.611,0,0.625,0.78,-0.978,0.163,-0.13],"_shiftlockState":true,"_pose":"FreeFall","_animationQueue":[["fall",0.3]],"_animationSpeed":1,"_zoom":19.75},{"_mousePosition":[683,384],"_rootPartCFrame":[753.737,251.782,44.29,-0.204,0,0.979,0,1,0,-0.979,0,-0.204],"_humanoidState":5,"_cameraCFrame":[765.242,268.744,39.635,-0.241,-0.76,0.604,0,0.622,0.783,-0.971,0.188,-0.15],"_shiftlockState":true,"_pose":"FreeFall","_animationQueue":[],"_animationSpeed":1,"_zoom":19.75},{"_mousePosition":[683,384],"_rootPartCFrame":[753.476,251.732,44.345,-0.236,0,0.972,0,1,0,-0.972,0,-0.236],"_humanoidState":5,"_cameraCFrame":[764.818,268.718,39.379,-0.268,-0.756,0.598,0,0.621,0.784,-0.964,0.21,-0.166],"_shiftlockState":true,"_pose":"FreeFall","_animationQueue":[],"_animationSpeed":1,"_zoom":19.75},{"_mousePosition":[683,384],"_rootPartCFrame":[753.217,251.627,44.408,-0.264,0,0.965,0,1,0,-0.965,0,-0.264],"_humanoidState":5,"_cameraCFrame":[764.43,268.614,39.157,-0.292,-0.75,0.594,0,0.621,0.784,-0.956,0.229,-0.181],"_shiftlockState":true,"_pose":"FreeFall","_animationQueue":[],"_animationSpeed":1,"_zoom":19.75},{"_mousePosition":[683,384],"_rootPartCFrame":[752.96,251.468,44.478,-0.288,0,0.957,0,1,0,-0.957,0,-0.288],"_humanoidState":5,"_cameraCFrame":[764.05,268.455,38.973,-0.314,-0.745,0.589,0,0.621,0.784,-0.95,0.246,-0.195],"_shiftlockState":true,"_pose":"FreeFall","_animationQueue":[],"_animationSpeed":1,"_zoom":19.75},{"_mousePosition":[683,384],"_rootPartCFrame":[752.704,251.255,44.555,-0.311,0,0.951,0,1,0,-0.951,0,-0.311],"_humanoidState":5,"_cameraCFrame":[763.594,268.265,38.726,-0.342,-0.738,0.582,0,0.619,0.785,-0.94,0.269,-0.212],"_shiftlockState":true,"_pose":"FreeFall","_animationQueue":[],"_animationSpeed":1,"_zoom":19.75},{"_mousePosition":[683,384],"_rootPartCFrame":[752.451,250.987,44.637,-0.339,0,0.941,0,1,0,-0.941,0,-0.339],"_humanoidState":5,"_cameraCFrame":[763.208,268.021,38.628,-0.359,-0.734,0.576,0,0.618,0.787,-0.933,0.282,-0.222],"_shiftlockState":true,"_pose":"FreeFall","_animationQueue":[["fall",0.3]],"_animationSpeed":1,"_zoom":19.75},{"_mousePosition":[683,384],"_rootPartCFrame":[752.2,250.664,44.727,-0.356,0,0.934,0,1,0,-0.934,0,-0.356],"_humanoidState":5,"_cameraCFrame":[762.817,267.698,38.474,-0.38,-0.728,0.571,0,0.618,0.787,-0.925,0.299,-0.235],"_shiftlockState":true,"_pose":"FreeFall","_animationQueue":[],"_animationSpeed":1,"_zoom":19.75},{"_mousePosition":[683,384],"_rootPartCFrame":[751.951,250.287,44.822,-0.377,0,0.926,0,1,0,-0.926,0,-0.377],"_humanoidState":5,"_cameraCFrame":[762.362,267.345,38.288,-0.406,-0.72,0.563,0,0.616,0.788,-0.914,0.319,-0.25],"_shiftlockState":true,"_pose":"FreeFall","_animationQueue":[],"_animationSpeed":1,"_zoom":19.75},{"_mousePosition":[683,384],"_rootPartCFrame":[751.704,249.856,44.923,-0.402,0,0.915,0,1,0,-0.915,0,-0.402],"_humanoidState":5,"_cameraCFrame":[761.877,266.914,38.024,-0.438,-0.708,0.554,0,0.616,0.788,-0.899,0.345,-0.27],"_shiftlockState":true,"_pose":"FreeFall","_animationQueue":[],"_animationSpeed":1,"_zoom":19.75},{"_mousePosition":[683,384],"_rootPartCFrame":[751.46,249.37,45.03,-0.434,0,0.901,0,1,0,-0.901,0,-0.434],"_humanoidState":5,"_cameraCFrame":[761.455,266.428,37.876,-0.46,-0.699,0.547,0,0.616,0.788,-0.888,0.363,-0.284],"_shiftlockState":true,"_pose":"FreeFall","_animationQueue":[],"_animationSpeed":1,"_zoom":19.75},{"_mousePosition":[683,384],"_rootPartCFrame":[751.219,248.83,45.146,-0.457,0,0.889,0,1,0,-0.889,0,-0.457],"_humanoidState":5,"_cameraCFrame":[761.214,265.887,37.992,-0.46,-0.699,0.547,0,0.616,0.788,-0.888,0.363,-0.284],"_shiftlockState":true,"_pose":"FreeFall","_animationQueue":[],"_animationSpeed":1,"_zoom":19.75},{"_mousePosition":[683,384],"_rootPartCFrame":[750.982,248.235,45.267,-0.459,0,0.888,0,1,0,-0.888,0,-0.459],"_humanoidState":5,"_cameraCFrame":[760.977,265.292,38.113,-0.46,-0.699,0.547,0,0.616,0.788,-0.888,0.363,-0.284],"_shiftlockState":true,"_pose":"FreeFall","_animationQueue":[],"_animationSpeed":1,"_zoom":19.75},{"_mousePosition":[683,384],"_rootPartCFrame":[750.745,247.585,45.39,-0.46,0,0.888,0,1,0,-0.888,0,-0.46],"_humanoidState":5,"_cameraCFrame":[760.722,264.643,38.211,-0.463,-0.698,0.546,0,0.616,0.788,-0.887,0.364,-0.285],"_shiftlockState":true,"_pose":"FreeFall","_animationQueue":[["fall",0.3]],"_animationSpeed":1,"_zoom":19.75},{"_mousePosition":[683,384],"_rootPartCFrame":[750.508,246.881,45.513,-0.462,0,0.887,0,1,0,-0.887,0,-0.462],"_humanoidState":5,"_cameraCFrame":[760.485,263.939,38.334,-0.463,-0.698,0.546,0,0.616,0.788,-0.887,0.364,-0.285],"_shiftlockState":true,"_pose":"FreeFall","_animationQueue":[],"_animationSpeed":1,"_zoom":19.75},{"_mousePosition":[683,384],"_rootPartCFrame":[750.272,246.123,45.636,-0.462,0,0.887,0,1,0,-0.887,0,-0.462],"_humanoidState":7,"_cameraCFrame":[760.285,263.18,38.507,-0.458,-0.7,0.548,0,0.616,0.788,-0.889,0.361,-0.282],"_shiftlockState":true,"_pose":"FreeFall","_animationQueue":[["walk",0.1],["fall",0.3],["fall",0.3]],"_animationSpeed":1,"_zoom":19.75},{"_mousePosition":[683,384],"_rootPartCFrame":[750.036,245.968,45.759,-0.458,0,0.889,0,1,0,-0.889,0,-0.458],"_humanoidState":7,"_cameraCFrame":[760.165,263.002,38.745,-0.447,-0.704,0.552,0,0.618,0.787,-0.895,0.351,-0.276],"_shiftlockState":true,"_pose":"FreeFall","_animationQueue":[],"_animationSpeed":1,"_zoom":19.75},{"_mousePosition":[683,384],"_rootPartCFrame":[749.68,246.083,45.943,-0.447,0,0.895,0,1,0,-0.895,0,-0.447],"_humanoidState":8,"_cameraCFrame":[759.977,263.093,39.122,-0.429,-0.71,0.559,0,0.619,0.785,-0.904,0.337,-0.265],"_shiftlockState":true,"_pose":"Running","_animationQueue":[["walk",0.1],["fall",0.3],["walk",0.1]],"_animationSpeed":1.103,"_zoom":19.75},{"_mousePosition":[683,384],"_rootPartCFrame":[749.502,246.742,46.035,-0.429,0,0.904,0,1,0,-0.904,0,-0.429],"_humanoidState":3,"_cameraCFrame":[759.985,263.752,39.502,-0.403,-0.719,0.567,0,0.619,0.785,-0.915,0.317,-0.25],"_shiftlockState":true,"_pose":"Jumping","_animationQueue":[["walk",0.1],["jump",0.1]],"_animationSpeed":1,"_zoom":19.75},{"_mousePosition":[683,384],"_rootPartCFrame":[749.262,247.577,46.15,-0.406,0,0.914,0,1,0,-0.914,0,-0.406],"_humanoidState":5,"_cameraCFrame":[760.013,264.564,40.009,-0.368,-0.729,0.577,0,0.621,0.784,-0.93,0.289,-0.229],"_shiftlockState":true,"_pose":"FreeFall","_animationQueue":[["jump",0.1]],"_animationSpeed":1,"_zoom":19.75},{"_mousePosition":[683,384],"_rootPartCFrame":[749.018,248.359,46.259,-0.372,0,0.928,0,1,0,-0.928,0,-0.372],"_humanoidState"