[{"_mousePosition":[797,287],"_rootPartCFrame":[776.028,222.7,47.142,0,0,1,0,1,0,-1,0,0],"_humanoidState":8,"_cameraCFrame":[784.384,243.09,47.058,-0.01,-0.914,0.405,0,0.405,0.915,-1,0.009,-0.004],"_shiftlockState":false,"_pose":"Standing","_animationQueue":[],"_animationSpeed":1,"_zoom":20.656},{"_mousePosition":[797,287],"_rootPartCFrame":[775.856,222.7,47.144,-0.001,0,1,0,1,0,-1,0,-0.001],"_humanoidState":8,"_cameraCFrame":[784.212,243.09,47.06,-0.01,-0.914,0.405,0,0.405,0.915,-1,0.009,-0.004],"_shiftlockState":false,"_pose":"Standing","_animationQueue":[],"_animationSpeed":1,"_zoom":20.656},{"_mousePosition":[797,287],"_rootPartCFrame":[775.591,222.7,47.147,-0.002,0,1,0,1,0,-1,0,-0.002],"_humanoidState":8,"_cameraCFrame":[783.874,243.122,47.084,-0.008,-0.916,0.401,0,0.401,0.916,-1,0.007,-0.003],"_shiftlockState":false,"_pose":"Running","_animationQueue":[["walk",0.1]],"_animationSpeed":1.003,"_zoom":20.656},{"_mousePosition":[797,287],"_rootPartCFrame":[775.325,222.7,47.149,-0.003,0,1,0,1,0,-1,0,-0.003],"_humanoidState":8,"_cameraCFrame":[783.608,243.122,47.087,-0.008,-0.916,0.401,0,0.401,0.916,-1,0.007,-0.003],"_shiftlockState":false,"_pose":"Running","_animationQueue":[["walk",0.1]],"_animationSpeed":1.101,"_zoom":20.656},{"_mousePosition":[797,287],"_rootPartCFrame":[775.058,222.7,47.152,-0.004,0,1,0,1,0,-1,0,-0.004],"_humanoidState":8,"_cameraCFrame":[783.341,243.122,47.089,-0.008,-0.916,0.401,0,0.401,0.916,-1,0.007,-0.003],"_shiftlockState":false,"_pose":"Running","_animationQueue":[],"_animationSpeed":1.101,"_zoom":20.656},{"_mousePosition":[797,287],"_rootPartCFrame":[774.791,222.7,47.154,-0.004,0,1,0,1,0,-1,0,-0.004],"_humanoidState":8,"_cameraCFrame":[783.074,243.122,47.091,-0.008,-0.916,0.401,0,0.401,0.916,-1,0.007,-0.003],"_shiftlockState":false,"_pose":"Running","_animationQueue":[],"_animationSpeed":1.101,"_zoom":20.656},{"_mousePosition":[797,287],"_rootPartCFrame":[774.525,222.7,47.156,-0.005,0,1,0,1,0,-1,0,-0.005],"_humanoidState":8,"_cameraCFrame":[782.808,243.122,47.093,-0.008,-0.916,0.401,0,0.401,0.916,-1,0.007,-0.003],"_shiftlockState":false,"_pose":"Running","_animationQueue":[],"_animationSpeed":1.101,"_zoom":20.656},{"_mousePosition":[797,287],"_rootPartCFrame":[774.258,222.7,47.158,-0.005,0,1,0,1,0,-1,0,-0.005],"_humanoidState":8,"_cameraCFrame":[782.541,243.122,47.095,-0.008,-0.916,0.401,0,0.401,0.916,-1,0.007,-0.003],"_shiftlockState":false,"_pose":"Running","_animationQueue":[["walk",0.1]],"_animationSpeed":1.101,"_zoom":20.656},{"_mousePosition":[797,287],"_rootPartCFrame":[773.992,222.7,47.16,-0.006,0,1,0,1,0,-1,0,-0.006],"_humanoidState":8,"_cameraCFrame":[782.238,243.138,47.097,-0.008,-0.917,0.399,0,0.399,0.917,-1,0.007,-0.003],"_shiftlockState":false,"_pose":"Running","_animationQueue":[],"_animationSpeed":1.101,"_zoom":20.656},{"_mousePosition":[797,287],"_rootPartCFrame":[773.725,222.7,47.162,-0.006,0,1,0,1,0,-1,0,-0.006],"_humanoidState":8,"_cameraCFrame":[781.971,243.138,47.099,-0.008,-0.917,0.399,0,0.399,0.917,-1,0.007,-0.003],"_shiftlockState":false,"_pose":"Running","_animationQueue":[],"_animationSpeed":1.101,"_zoom":20.656},{"_mousePosition":[797,287],"_rootPartCFrame":[773.458,222.7,47.164,-0.006,0,1,0,1,0,-1,0,-0.006],"_humanoidState":8,"_cameraCFrame":[781.631,243.17,47.102,-0.008,-0.918,0.396,0,0.396,0.918,-1,0.007,-0.003],"_shiftlockState":false,"_pose":"Running","_animationQueue":[],"_animationSpeed":1.101,"_zoom":20.656},{"_mousePosition":[797,287],"_rootPartCFrame":[773.192,222.7,47.166,-0.006,0,1,0,1,0,-1,0,-0.006],"_humanoidState":8,"_cameraCFrame":[781.327,243.186,47.104,-0.008,-0.919,0.394,0,0.394,0.919,-1,0.007,-0.003],"_shiftlockState":false,"_pose":"Running","_animationQueue":[],"_animationSpeed":1.101,"_zoom":20.656},{"_mousePosition":[797,287],"_rootPartCFrame":[772.925,222.7,47.168,-0.006,0,1,0,1,0,-1,0,-0.006],"_humanoidState":8,"_cameraCFrame":[781.023,243.202,47.106,-0.008,-0.92,0.392,0,0.392,0.92,-1,0.007,-0.003],"_shiftlockState":false,"_pose":"Running","_animationQueue":[],"_animationSpeed":1.101,"_zoom":20.656},{"_mousePosition":[797,287],"_rootPartCFrame":[772.525,222.7,47.171,-0.007,0,1,0,1,0,-1,0,-0.007],"_humanoidState":8,"_cameraCFrame":[780.549,243.234,47.11,-0.008,-0.921,0.388,0,0.388,0.921,-1,0.007,-0.003],"_shiftlockState":false,"_pose":"Running","_animationQueue":[["walk",0.1]],"_animationSpeed":1.101,"_zoom":20.656},{"_mousePosition":[797,287],"_rootPartCFrame":[772.259,222.717,47.173,-0.007,0,1,0,1,0,-1,0,-0.007],"_humanoidState":8,"_cameraCFrame":[780.171,243.297,47.113,-0.008,-0.924,0.383,0,0.383,0.924,-1,0.007,-0.003],"_shiftlockState":false,"_pose":"Running","_animationQueue":[],"_animationSpeed":1.101,"_zoom":20.656},{"_mousePosition":[797,287],"_rootPartCFrame":[771.992,222.748,47.175,-0.007,0,1,0,1,0,-1,0,-0.007],"_humanoidState":8,"_cameraCFrame":[779.868,243.344,47.115,-0.008,-0.924,0.381,0,0.381,0.924,-1,0.007,-0.003],"_shiftlockState":false,"_pose":"Running","_animationQueue":[],"_animationSpeed":1.101,"_zoom":20.656},{"_mousePosition":[797,287],"_rootPartCFrame":[771.726,222.771,47.177,-0.007,0,1,0,1,0,-1,0,-0.007],"_humanoidState":8,"_cameraCFrame":[779.527,243.397,47.118,-0.008,-0.926,0.378,0,0.378,0.926,-1,0.007,-0.003],"_shiftlockState":false,"_pose":"Running","_animationQueue":[],"_animationSpeed":1.101,"_zoom":20.656},{"_mousePosition":[797,287],"_rootPartCFrame":[771.459,222.793,47.179,-0.007,0,1,0,1,0,-1,0,-0.007],"_humanoidState":8,"_cameraCFrame":[779.223,243.434,47.12,-0.008,-0.927,0.376,0,0.376,0.927,-1,0.007,-0.003],"_shiftlockState":false,"_pose":"Running","_animationQueue":[],"_animationSpeed":1.101,"_zoom":20.656},{"_mousePosition":[797,287],"_rootPartCFrame":[770.992,224.287,47.182,-0.007,0,1,0,1,0,-1,0,-0.007],"_humanoidState":3,"_cameraCFrame":[778.756,244.929,47.123,-0.008,-0.927,0.376,0,0.376,0.927,-1,0.007,-0.003],"_shiftlockState":false,"_pose":"Jumping","_animationQueue":[["walk",0.1],["jump",0.1]],"_animationSpeed":1,"_zoom":20.656},{"_mousePosition":[797,287],"_rootPartCFrame":[770.659,225.255,47.185,-0.007,0,1,0,1,0,-1,0,-0.007],"_humanoidState":5,"_cameraCFrame":[778.386,245.912,47.126,-0.008,-0.927,0.374,0,0.374,0.927,-1,0.007,-0.003],"_shiftlockState":false,"_pose":"FreeFall","_animationQueue":[["jump",0.1]],"_animationSpeed":1,"_zoom":20.656},{"_mousePosition":[797,287],"_rootPartCFrame":[770.259,226.304,47.188,-0.007,0,1,0,1,0,-1,0,-0.007],"_humanoidState":5,"_cameraCFrame":[777.986,246.961,47.129,-0.008,-0.927,0.374,0,0.374,0.927,-1,0.007,-0.003],"_shiftlockState":false,"_pose":"FreeFall","_animationQueue":[],"_animationSpeed":1,"_zoom":20.656},{"_mousePosition":[797,287],"_rootPartCFrame":[770.059,226.783,47.19,-0.007,0,1,0,1,0,-1,0,-0.007],"_humanoidState":5,"_cameraCFrame":[777.786,247.44,47.131,-0.008,-0.927,0.374,0,0.374,0.927,-1,0.007,-0.003],"_shiftlockState":false,"_pose":"FreeFall","_animationQueue":[],"_animationSpeed":1,"_zoom":20.656},{"_mousePosition":[797,287],"_rootPartCFrame":[769.859,227.231,47.191,-0.007,0,1,0,1,0,-1,0,-0.007],"_humanoidState":5,"_cameraCFrame":[777.586,247.887,47.132,-0.008,-0.927,0.374,0,0.374,0.927,-1,0.007,-0.003],"_shiftlockState":false,"_pose":"FreeFall","_animationQueue":[],"_animationSpeed":1,"_zoom":20.656},{"_mousePosition":[797,287],"_rootPartCFrame":[769.593,227.78,47.193,-0.007,0,1,0,1,0,-1,0,-0.007],"_humanoidState":5,"_cameraCFrame":[777.319,248.437,47.134,-0.008,-0.927,0.374,0,0.374,0.927,-1,0.007,-0.003],"_shiftlockState":false,"_pose":"FreeFall","_animationQueue":[],"_animationSpeed":1,"_zoom":20.656},{"_mousePosition":[797,287],"_rootPartCFrame":[769.326,228.275,47.195,-0.007,0,1,0,1,0,-1,0,-0.007],"_humanoidState":5,"_cameraCFrame":[777.015,248.947,47.137,-0.008,-0.928,0.372,0,0.372,0.928,-1,0.007,-0.003],"_shiftlockState":false,"_pose":"FreeFall","_animationQueue":[],"_animationSpeed":1,"_zoom":20.656},{"_mousePosition":[797,287],"_rootPartCFrame":[769.06,228.716,47.197,-0.007,0,1,0,1,0,-1,0,-0.007],"_humanoidState":5,"_cameraCFrame":[776.749,249.388,47.139,-0.008,-0.928,0.372,0,0.372,0.928,-1,0.007,-0.003],"_shiftlockState":false,"_pose":"FreeFall","_animationQueue":[],"_animationSpeed":1,"_zoom":20.656},{"_mousePosition":[797,287],"_rootPartCFrame":[768.926,228.916,47.198,-0.007,0,1,0,1,0,-1,0,-0.007],"_humanoidState":5,"_cameraCFrame":[776.615,249.587,47.14,-0.008,-0.928,0.372,0,0.372,0.928,-1,0.007,-0.003],"_shiftlockState":false,"_pose":"FreeFall","_animationQueue":[],"_animationSpeed":1,"_zoom":20.656},{"_mousePosition":[797,287],"_rootPartCFrame":[768.726,229.19,47.2,-0.007,0,1,0,1,0,-1,0,-0.007],"_humanoidState":5,"_cameraCFrame":[776.415,249.862,47.141,-0.008,-0.928,0.372,0,0.372,0.928,-1,0.007,-0.003],"_shiftlockState":false,"_pose":"FreeFall","_animationQueue":[],"_animationSpeed":1,"_zoom":20.656},{"_mousePosition":[797,287],"_rootPartCFrame":[768.526,229.433,47.201,-0.008,0,1,0,1,0,-1,0,-0.008],"_humanoidState":5,"_cameraCFrame":[776.215,250.105,47.143,-0.008,-0.928,0.372,0,0.372,0.928,-1,0.007,-0.003],"_shiftlockState":false,"_pose":"FreeFall","_animationQueue":[],"_animationSpeed":1,"_zoom":20.656},{"_mousePosition":[797,287],"_rootPartCFrame":[768.26,229.71,47.203,-0.008,0,1,0,1,0,-1,0,-0.008],"_humanoidState":5,"_cameraCFrame":[775.949,250.382,47.145,-0.008,-0.928,0.372,0,0.372,0.928,-1,0.007,-0.003],"_shiftlockState":false,"_pose":"FreeFall","_animationQueue":[],"_animationSpeed":1,"_zoom":20.656},{"_mousePosition":[797,287],"_rootPartCFrame":[767.993,229.933,47.205,-0.008,0,1,0,1,0,-1,0,-0.008],"_humanoidState":5,"_cameraCFrame":[775.682,250.605,47.147,-0.008,-0.928,0.372,0,0.372,0.928,-1,0.007,-0.003],"_shiftlockState":false,"_pose":"FreeFall","_animationQueue":[],"_animationSpeed":1,"_zoom":20.656},{"_mousePosition":[797,287],"_rootPartCFrame":[767.793,230.064,47.207,-0.008,0,1,0,1,0,-1,0,-0.008],"_humanoidState":5,"_cameraCFrame":[775.482,250.736,47.148,-0.008,-0.928,0.372,0,0.372,0.928,-1,0.007,-0.003],"_shiftlockState":false,"_pose":"FreeFall","_animationQueue":[],"_animationSpeed":1,"_zoom":20.656},{"_mousePosition":[797,287],"_rootPartCFrame":[767.527,230.191,47.209,-0.008,0,1,0,1,0,-1,0,-0.008],"_humanoidState":5,"_cameraCFrame":[775.216,250.863,47.15,-0.008,-0.928,0.372,0,0.372,0.928,-1,0.007,-0.003],"_shiftlockState":false,"_pose":"FreeFall","_animationQueue":[],"_animationSpeed":1,"_zoom":20.656},{"_mousePosition":[797,287],"_rootPartCFrame":[767.26,230.264,47.211,-0.008,0,1,0,1,0,-1,0,-0.008],"_humanoidState":5,"_cameraCFrame":[774.949,250.936,47.152,-0.008,-0.928,0.372,0,0.372,0.928,-1,0.007,-0.003],"_shiftlockState":false,"_pose":"FreeFall","_animationQueue":[],"_animationSpeed":1,"_zoom":20.656},{"_mousePosition":[797,287],"_rootPartCFrame":[766.993,230.282,47.213,-0.008,0,1,0,1,0,-1,0,-0.008],"_humanoidState":5,"_cameraCFrame":[774.682,250.954,47.154,-0.008,-0.928,0.372,0,0.372,0.928,-1,0.007,-0.003],"_shiftlockState":false,"_pose":"FreeFall","_animationQueue":[],"_animationSpeed":1,"_zoom":20.656},{"_mousePosition":[797,287],"_rootPartCFrame":[766.727,230.246,47.215,-0.008,0,1,0,1,0,-1,0,-0.008],"_humanoidState":5,"_cameraCFrame":[774.416,250.917,47.157,-0.008,-0.928,0.372,0,0.372,0.928,-1,0.007,-0.003],"_shiftlockState":false,"_pose":"FreeFall","_animationQueue":[],"_animationSpeed":1,"_zoom":20.656},{"_mousePosition":[797,287],"_rootPartCFrame":[766.46,230.155,47.217,-0.008,0,1,0,1,0,-1,0,-0.008],"_humanoidState":5,"_cameraCFrame":[774.149,250.826,47.159,-0.008,-0.928,0.372,0,0.372,0.928,-1,0.007,-0.003],"_shiftlockState":false,"_pose":"FreeFall","_animationQueue":[],"_animationSpeed":1,"_zoom":20.656},{"_mousePosition":[797,287],"_rootPartCFrame":[766.194,230.009,47.219,-0.008,0,1,0,1,0,-1,0,-0.008],"_humanoidState":5,"_cameraCFrame":[773.883,250.681,47.161,-0.008,-0.928,0.372,0,0.372,0.928,-1,0.007,-0.003],"_shiftlockState":false,"_pose":"FreeFall","_animationQueue":[["fall",0.3]],"_animationSpeed":1,"_zoom":20.656},{"_mousePosition":[797,287],"_rootPartCFrame":[765.927,229.81,47.221,-0.008,0,1,0,1,0,-1,0,-0.008],"_humanoidState":5,"_cameraCFrame":[773.616,250.481,47.163,-0.008,-0.928,0.372,0,0.372,0.928,-1,0.007,-0.003],"_shiftlockState":false,"_pose":"FreeFall","_animationQueue":[],"_animationSpeed":1,"_zoom":20.656},{"_mousePosition":[797,287],"_rootPartCFrame":[765.66,229.555,47.223,-0.008,0,1,0,1,0,-1,0,-0.008],"_humanoidState":5,"_cameraCFrame":[773.349,250.227,47.145,-0.01,-0.928,0.372,0,0.372,0.928,-1,0.009,-0.004],"_shiftlockState":false,"_pose":"FreeFall","_animationQueue":[],"_animationSpeed":1,"_zoom":20.656},{"_mousePosition":[797,287],"_rootPartCFrame":[765.394,229.246,47.225,-0.008,0,1,0,1,0,-1,0,-0.008],"_humanoidState":5,"_cameraCFrame":[773.083,249.918,47.147,-0.01,-0.928,0.372,0,0.372,0.928,-1,0.009,-0.004],"_shiftlockState":false,"_pose":"FreeFall","_animationQueue":[],"_animationSpeed":1,"_zoom":20.656},{"_mousePosition":[797,287],"_rootPartCFrame":[765.127,228.883,47.228,-0.008,0,1,0,1,0,-1,0,-0.008],"_humanoidState":5,"_cameraCFrame":[772.816,249.555,47.15,-0.01,-0.928,0.372,0,0.372,0.928,-1,0.009,-0.004],"_shiftlockState":false,"_pose":"FreeFall","_animationQueue":[],"_animationSpeed":1,"_zoom":20.656},{"_mousePosition":[797,287],"_rootPartCFrame":[764.861,228.465,47.23,-0.008,0,1,0,1,0,-1,0,-0.008],"_humanoidState":5,"_cameraCFrame":[772.549,249.137,47.152,-0.01,-0.928,0.372,0,0.372,0.928,-1,0.009,-0.004],"_shiftlockState":false,"_pose":"FreeFall","_animationQueue":[],"_animationSpeed":1,"_zoom":20.656},{"_mousePosition":[797,287],"_rootPartCFrame":[764.594,227.993,47.233,-0.008,0,1,0,1,0,-1,0,-0.008],"_humanoidState":5,"_cameraCFrame":[772.283,248.665,47.155,-0.01,-0.928,0.372,0,0.372,0.928,-1,0.009,-0.004],"_shiftlockState":false,"_pose":"FreeFall","_animationQueue":[],"_animationSpeed":1,"_zoom":20.656},{"_mousePosition":[797,287],"_rootPartCFrame":[764.327,227.466,47.236,-0.009,0,1,0,1,0,-1,0,-0.009],"_humanoidState":5,"_cameraCFrame":[772.016,248.138,47.158,-0.01,-0.928,0.372,0,0.372,0.928,-1,0.009,-0.004],"_shiftlockState":false,"_pose":"FreeFall","_animationQueue":[["fall",0.3]],"_animationSpeed":1,"_zoom":20.656},{"_mousePosition":[797,287],"_rootPartCFrame":[764.061,226.885,47.238,-0.009,0,1,0,1,0,-1,0,-0.009],"_humanoidState":5,"_cameraCFrame":[771.75,247.556,47.161,-0.01,-0.928,0.372,0,0.372,0.928,-1,0.009,-0.004],"_shiftlockState":false,"_pose":"FreeFall","_animationQueue":[],"_animationSpeed":1,"_zoom":20.656},{"_mousePosition":[797,287],"_rootPartCFrame":[763.794,226.249,47.241,-0.009,0,1,0,1,0,-1,0,-0.009],"_humanoidState":5,"_cameraCFrame":[771.483,246.92,47.163,-0.01,-0.928,0.372,0,0.372,0.928,-1,0.009,-0.004],"_shiftlockState":false,"_pose":"FreeFall","_animationQueue":[],"_animationSpeed":1,"_zoom":20.656},{"_mousePosition":[797,287],"_rootPartCFrame":[763.528,225.558,47.244,-0.009,0,1,0,1,0,-1,0,-0.009],"_humanoidState":7,"_cameraCFrame":[771.216,246.23,47.166,-0.01,-0.928,0.372,0,0.372,0.928,-1,0.009,-0.004],"_shiftlockState":false,"_pose":"FreeFall","_animationQueue":[["walk",0.1],["fall",0.3],["fall",0.3]],"_animationSpeed":1,"_zoom":20.656},{"_mousePosition":[797,287],"_rootPartCFrame":[763.261,226.891,47.247,-0.009,0,1,0,1,0,-1,0,-0.009],"_humanoidState":3,"_cameraCFrame":[770.95,247.563,47.169,-0.01,-0.928,0.372,0,0.372,0.928,-1,0.009,-0.004],"_shiftlockState":false,"_pose":"Jumping","_animationQueue":[["fall",0.3],["jump",0.1]],"_animationSpeed":1,"_zoom":20.656},{"_mousePosition":[797,287],"_rootPartCFrame":[762.994,228.225,47.249,-0.009,0,1,0,1,0,-1,0,-0.009],"_humanoidState":5,"_cameraCFrame":[770.683,248.896,47.171,-0.01,-0.928,0.372,0,0.372,0.928,-1,0.009,-0.004],"_shiftlockState":false,"_pose":"FreeFall","_animationQueue":[["jump",0.1]],"_animationSpeed":1,"_zoom":20.656},{"_mousePosition":[797,287],"_rootPartCFrame":[762.728,229.558,47.252,-0.01,0,1,0,1,0,-1,0,-0.01],"_humanoidState":5,"_cameraCFrame":[770.417,250.23,47.174,-0.01,-0.928,0.372,0,0.372,0.928,-1,0.009,-0.004],"_shiftlockState":false,"_pose":"FreeFall","_animationQueue":[],"_animationSpeed":1,"_zoom":20.656},{"_mousePosition":[797,287],"_rootPartCFrame":[762.461,230.891,47.255,-0.01,0,1,0,1,0,-1,0,-0.01],"_humanoidState":5,"_cameraCFrame":[770.15,251.563,47.177,-0.01,-0.928,0.372,0,0.372,0.928,-1,0.009,-0.004],"_shiftlockState":false,"_pose":"FreeFall","_animationQueue":[],"_animationSpeed":1,"_zoom":20.656},{"_mousePosition":[797,287],"_rootPartCFrame":[762.195,232.225,47.257,-0.01,0,1,0,1,0,-1,0,-0.01],"_humanoidState":5,"_cameraCFrame":[769.883,252.896,47.18,-0.01,-0.928,0.372,0,0.372,0.928,-1,0.009,-0.004],"_shiftlockState":false,"_pose":"FreeFall","_animationQueue":[],"_animationSpeed":1,"_zoom":20.656},{"_mousePosition":[797,287],"_rootPartCFrame":[761.928,233.558,47.26,-0.01,0,1,0,1,0,-1,0,-0.01],"_humanoidState":5,"_cameraCFrame":[769.617,254.23,47.182,-0.01,-0.928,0.372,0,0.372,0.928,-1,0.009,-0.004],"_shiftlockState":false,"_pose":"FreeFall","_animationQueue":[],"_animationSpeed":1,"_zoom":20.656},{"_mousePosition":[797,287],"_rootPartCFrame":[761.661,234.891,47.263,-0.01,0,1,0,1,0,-1,0,-0.01],"_humanoidState":5,"_cameraCFrame":[769.35,255.563,47.185,-0.01,-0.928,0.372,0,0.372,0.928,-1,0.009,-0.004],"_shiftlockState":false,"_pose":"FreeFall","_animationQueue":[],"_animationSpeed":1,"_zoom":20.656},{"_mousePosition":[797,287],"_rootPartCFrame":[761.461,235.891,47.265,-0.01,0,1,0,1,0,-1,0,-0.01],"_humanoidState":5,"_cameraCFrame":[769.15,256.563,47.187,-0.01,-0.928,0.372,0,0.372,0.928,-1,0.009,-0.004],"_shiftlockState":false,"_pose":"FreeFall","_animationQueue":[],"_animationSpeed":1,"_zoom":20.656},{"_mousePosition":[797,287],"_rootPartCFrame":[761.128,237.507,47.268,-0.01,0,1,0,1,0,-1,0,-0.01],"_humanoidState":5,"_cameraCFrame":[768.817,258.179,47.19,-0.01,-0.928,0.372,0,0.372,0.928,-1,0.009,-0.004],"_shiftlockState":false,"_pose":"FreeFall","_animationQueue":[],"_animationSpeed":1,"_zoom":20.656},{"_mousePosition":[797,287],"_rootPartCFrame":[760.862,238.738,47.271,-0.01,0,1,0,1,0,-1,0,-0.01],"_humanoidState":5,"_cameraCFrame":[768.55,259.41,47.193,-0.01,-0.928,0.372,0,0.372,0.928,-1,0.009,-0.004],"_shiftlockState":false,"_pose":"FreeFall","_animationQueue":[],"_animationSpeed":1,"_zoom":20.656},{"_mousePosition":[797,287],"_rootPartCFrame":[760.595,239.915,47.274,-0.01,0,1,0,1,0,-1,0,-0.01],"_humanoidState":5,"_cameraCFrame":[768.284,260.586,47.196,-0.01,-0.928,0.372,0,0.372,0.928,-1,0.009,-0.004],"_shiftlockState":false,"_pose":"FreeFall","_animationQueue":[],"_animationSpeed":1,"_zoom":20.656},{"_mousePosition":[797,287],"_rootPartCFrame":[760.328,241.037,47.276,-0.01,0,1,0,1,0,-1,0,-0.01],"_humanoidState":5,"_cameraCFrame":[768.017,261.708,47.198,-0.01,-0.928,0.372,0,0.372,0.928,-1,0.009,-0.004],"_shiftlockState":false,"_pose":"FreeFall","_animationQueue":[],"_animationSpeed":1,"_zoom":20.656},{"_mousePosition":[797,287],"_rootPartCFrame":[760.062,242.104,47.279,-0.01,0,1,0,1,0,-1,0,-0.01],"_humanoidState":5,"_cameraCFrame":[767.751,262.776,47.201,-0.01,-0.928,0.372,0,0.372,0.928,-1,0.009,-0.004],"_shiftlockState":false,"_pose":"FreeFall","_animationQueue":[],"_animationSpeed":1,"_zoom":20.656},{"_mousePosition":[797,287],"_rootPartCFrame":[759.862,242.869,47.281,-0.01,0,1,0,1,0,-1,0,-0.01],"_humanoidState":5,"_cameraCFrame":[767.551,263.541,47.203,-0.01,-0.928,0.372,0,0.372,0.928,-1,0.009,-0.004],"_shiftlockState":false,"_pose":"FreeFall","_animationQueue":[],"_animationSpeed":1,"_zoom":20.656},{"_mousePosition":[797,287],"_rootPartCFrame":[759.529,244.076,47.284,-0.01,0,1,0,1,0,-1,0,-0.01],"_humanoidState":5,"_cameraCFrame":[767.217,264.748,47.207,-0.01,-0.928,0.372,0,0.372,0.928,-1,0.009,-0.004],"_shiftlockState":false,"_pose":"FreeFall","_animationQueue":[],"_animationSpeed":1,"_zoom":20.656},{"_mousePosition":[797,287],"_rootPartCFrame":[759.262,244.98,47.287,-0.01,0,1,0,1,0,-1,0,-0.01],"_humanoidState":5,"_cameraCFrame":[766.951,265.652,47.209,-0.01,-0.928,0.372,0,0.372,0.928,-1,0.009,-0.004],"_shiftlockState":false,"_pose":"FreeFall","_animationQueue":[],"_animationSpeed":1,"_zoom":20.656},{"_mousePosition":[797,287],"_rootPartCFrame":[759.062,245.623,47.289,-0.01,0,1,0,1,0,-1,0,-0.01],"_humanoidState":5,"_cameraCFrame":[766.751,266.294,47.211,-0.01,-0.928,0.372,0,0.372,0.928,-1,0.009,-0.004],"_shiftlockState":false,"_pose":"FreeFall","_animationQueue":[],"_animationSpeed":1,"_zoom":20.656},{"_mousePosition":[797,287],"_rootPartCFrame":[758.729,246.625,47.292,-0.01,0,1,0,1,0,-1,0,-0.01],"_humanoidState":5,"_cameraCFrame":[766.455,267.282,47.214,-0.01,-0.927,0.374,0,0.374,0.927,-1,0.009,-0.004],"_shiftlockState":false,"_pose":"FreeFall","_animationQueue":[["fall",0.3]],"_animationSpeed":1,"_zoom":20.656},{"_mousePosition":[797,287],"_rootPartCFrame":[758.462,247.366,47.295,-0.01,0,1,0,1,0,-1,0,-0.01],"_humanoidState":5,"_cameraCFrame":[766.188,268.023,47.217,-0.01,-0.927,0.374,0,0.374,0.927,-1,0.009,-0.004],"_shiftlockState":false,"_pose":"FreeFall","_animationQueue":[],"_animationSpeed":1,"_zoom":20.656},{"_mousePosition":[797,287],"_rootPartCFrame":[758.195,248.052,47.298,-0.01,0,1,0,1,0,-1,0,-0.01],"_humanoidState":5,"_cameraCFrame":[765.922,268.709,47.22,-0.01,-0.927,0.374,0,0.374,0.927,-1,0.009,-0.004],"_shiftlockState":false,"_pose":"FreeFall","_animationQueue":[],"_animationSpeed":1,"_zoom":20.656},{"_mousePosition":[797,287],"_rootPartCFrame":[757.929,248.684,47.301,-0.01,0,1,0,1,0,-1,0,-0.01],"_humanoidState":5,"_cameraCFrame":[765.655,269.34,47.222,-0.01,-0.927,0.374,0,0.374,0.927,-1,0.009,-0.004],"_shiftlockState":false,"_pose":"FreeFall","_animationQueue":[],"_animationSpeed":1,"_zoom":20.656},{"_mousePosition":[797,287],"_rootPartCFrame":[757.662,249.261,47.303,-0.01,0,1,0,1,0,-1,0,-0.01],"_humanoidState":5,"_cameraCFrame":[765.389,269.917,47.225,-0.01,-0.927,0.374,0,0.374,0.927,-1,0.009,-0.004],"_shiftlockState":false,"_pose":"FreeFall","_animationQueue":[],"_animationSpeed":1,"_zoom":20.656},{"_mousePosition":[797,287],"_rootPartCFrame":[757.462,249.658,47.305,-0.01,0,1,0,1,0,-1,0,-0.01],"_humanoidState":5,"_cameraCFrame":[765.189,270.315,47.227,-0.01,-0.927,0.374,0,0.374,0.927,-1,0.009,-0.004],"_shiftlockState":false,"_pose":"FreeFall","_animationQueue":[],"_animationSpeed":1,"_zoom":20.656},{"_mousePosition":[797,287],"_rootPartCFrame":[757.129,250.252,47.309,-0.01,0,1,0,1,0,-1,0,-0.01],"_humanoidState":5,"_cameraCFrame":[764.855,270.908,47.23,-0.01,-0.927,0.374,0,0.374,0.927,-1,0.009,-0.004],"_shiftlockState":false,"_pose":"FreeFall","_animationQueue":[],"_animationSpeed":1,"_zoom":20.656},{"_mousePosition":[797,287],"_rootPartCFrame":[756.862,250.665,47.311,-0.01,0,1,0,1,0,-1,0,-0.01],"_humanoidState":5,"_cameraCFrame":[764.626,271.307,47.233,-0.01,-0.927,0.376,0,0.376,0.927,-1,0.009,-0.004],"_shiftlockState":false,"_pose":"FreeFall","_animationQueue":[["fall",0.3]],"_animationSpeed":1,"_zoom":20.656},{"_mousePosition":[797,287],"_rootPartCFrame":[756.596,251.024,47.314,-0.01,0,1,0,1,0,-1,0,-0.01],"_humanoidState":5,"_cameraCFrame":[764.359,271.666,47.235,-0.01,-0.927,0.376,0,0.376,0.927,-1,0.009,-0.004],"_shiftlockState":false,"_pose":"FreeFall","_animationQueue":[],"_animationSpeed":1,"_zoom":20.656},{"_mousePosition":[797,287],"_rootPartCFrame":[756.329,251.329,47.317,-0.01,0,1,0,1,0,-1,0,-0.01],"_humanoidState":5,"_cameraCFrame":[764.093,271.971,47.238,-0.01,-0.927,0.376,0,0.376,0.927,-1,0.009,-0.004],"_shiftlockState":false,"_pose":"FreeFall","_animationQueue":[],"_animationSpeed":1,"_zoom":20.656},{"_mousePosition":[797,287],"_rootPartCFrame":[756.063,251.579,47.319,-0.01,0,1,0,1,0,-1,0,-0.01],"_humanoidState":5,"_cameraCFrame":[763.826,272.221,47.241,-0.01,-0.927,0.376,0,0.376,0.927,-1,0.009,-0.004],"_shiftlockState":false,"_pose":"FreeFall","_animationQueue":[],"_animationSpeed":1,"_zoom":20.656},{"_mousePosition":[797,287],"_rootPartCFrame":[755.863,251.731,47.321,-0.01,0,1,0,1,0,-1,0,-0.01],"_humanoidState":5,"_cameraCFrame":[763.626,272.373,47.243,-0.01,-0.927,0.376,0,0.376,0.927,-1,0.009,-0.004],"_shiftlockState":false,"_pose":"FreeFall","_animationQueue":[],"_animationSpeed":1,"_zoom":20.656},{"_mousePosition":[797,287],"_rootPartCFrame":[755.529,251.916,47.325,-0.01,0,1,0,1,0,-1,0,-0.01],"_humanoidState":5,"_cameraCFrame":[763.33,272.542,47.246,-0.01,-0.926,0.378,0,0.378,0.926,-1,0.009,-0.004],"_shiftlockState":false,"_pose":"FreeFall","_animationQueue":[],"_animationSpeed":1,"_zoom":20.656},{"_mousePosition":[797,287],"_rootPartCFrame":[755.196,252.016,47.328,-0.01,0,1,0,1,0,-1,0,-0.01],"_humanoidState":5,"_cameraCFrame":[763.034,272.627,47.229,-0.013,-0.925,0.379,0,0.379,0.925,-1,0.012,-0.005],"_shiftlockState":false,"_pose":"FreeFall","_animationQueue":[["fall",0.3]],"_animationSpeed":1,"_zoom":20.656},{"_mousePosition":[797,287],"_rootPartCFrame":[754.996,252.035,47.33,-0.01,0,1,0,1,0,-1,0,-0.01],"_humanoidState":5,"_cameraCFrame":[762.834,272.646,47.231,-0.013,-0.925,0.379,0,0.379,0.925,-1,0.012,-0.005],"_shiftlockState":false,"_pose":"FreeFall","_animationQueue":[],"_animationSpeed":1,"_zoom":20.656},{"_mousePosition":[797,287],"_rootPartCFrame":[754.73,252.012,47.334,-0.01,0,1,0,1,0,-1,0,-0.01],"_humanoidState":5,"_cameraCFrame":[762.568,272.624,47.234,-0.013,-0.925,0.379,0,0.379,0.925,-1,0.012,-0.005],"_shiftlockState":false,"_pose":"FreeFall","_animationQueue":[],"_animationSpeed":1,"_zoom":20.656},{"_mousePosition":[797,287],"_rootPartCFrame":[754.463,251.936,47.337,-0.011,0,1,0,1,0,-1,0,-0.011],"_humanoidState":5,"_cameraCFrame":[762.301,272.547,47.238,-0.013,-0.925,0.379,0,0.379,0.925,-1,0.012,-0.005],"_shiftlockState":false,"_pose":"FreeFall","_animationQueue":[],"_animationSpeed":1,"_zoom":20.656},{"_mousePosition":[797,287],"_rootPartCFrame":[754.196,251.804,47.34,-0.011,0,1,0,1,0,-1,0,-0.011],"_humanoidState":5,"_cameraCFrame":[762.034,272.415,47.241,-0.013,-0.925,0.379,0,0.379,0.925,-1,0.012,-0.005],"_shiftlockState":false,"_pose":"FreeFall","_animationQueue":[],"_animationSpeed":1,"_zoom":20.656},{"_mousePosition":[797,287],"_rootPartCFrame":[753.93,251.618,47.344,-0.011,0,1,0,1,0,-1,0,-0.011],"_humanoidState":5,"_cameraCFrame":[761.768,272.229,47.244,-0.013,-0.925,0.379,0,0.379,0.925,-1,0.012,-0.005],"_shiftlockState":false,"_pose":"FreeFall","_animationQueue":[],"_animationSpeed":1,"_zoom":20.656},{"_mousePosition":[797,287],"_rootPartCFrame":[753.663,251.378,47.347,-0.011,0,1,0,1,0,-1,0,-0.011],"_humanoidState":5,"_cameraCFrame":[761.538,271.974,47.247,-0.013,-0.924,0.381,0,0.381,0.924,-1,0.012,-0.005],"_shiftlockState":false,"_pose":"FreeFall","_animationQueue":[],"_animationSpeed":1,"_zoom":20.656},{"_mousePosition":[797,287],"_rootPartCFrame":[753.397,251.083,47.35,-0.012,0,1,0,1,0,-1,0,-0.012],"_humanoidState":5,"_cameraCFrame":[761.272,271.679,47.251,-0.013,-0.924,0.381,0,0.381,0.924,-1,0.012,-0.005],"_shiftlockState":false,"_pose":"FreeFall","_animationQueue":[["fall",0.3]],"_animationSpeed":1,"_zoom":20.656},{"_mousePosition":[797,287],"_rootPartCFrame":[753.13,250.734,47.354,-0.012,0,1,0,1,0,-1,0,-0.012],"_humanoidState":5,"_cameraCFrame":[761.005,271.33,47.254,-0.013,-0.924,0.381,0,0.381,0.924,-1,0.012,-0.005],"_shiftlockState":false,"_pose":"FreeFall","_animationQueue":[],"_animationSpeed":1,"_zoom":20.656},{"_mousePosition":[797,287],"_rootPartCFrame":[752.863,250.33,47.357,-0.012,0,1,0,1,0,-1,0,-0.012],"_humanoidState":5,"_cameraCFrame":[760.739,270.926,47.257,-0.013,-0.924,0.381,0,0.381,0.924,-1,0.012,-0.005],"_shiftlockState":false,"_pose":"FreeFall","_animationQueue":[],"_animationSpeed":1,"_zoom":20.656},{"_mousePosition":[797,287],"_rootPartCFrame":[752.597,249.872,47.361,-0.012,0,1,0,1,0,-1,0,-0.012],"_humanoidState":5,"_cameraCFrame":[760.472,270.467,47.261,-0.013,-0.924,0.381,0,0.381,0.924,-1,0.012,-0.005],"_shiftlockState":false,"_pose":"FreeFall","_animationQueue":[],"_animationSpeed":1,"_zoom":20.656},{"_mousePosition":[797,287],"_rootPartCFrame":[752.355,249.359,47.364,-0.012,0,1,0,1,0,-1,0,-0.012],"_humanoidState":5,"_cameraCFrame":[760.267,269.939,47.263,-0.013,-0.924,0.383,0,0.383,0.924,-1,0.012,-0.005],"_shiftlockState":false,"_pose":"FreeFall","_animationQueue":[],"_animationSpeed":1,"_zoom":20.656},{"_mousePosition":[797,287],"_rootPartCFrame":[752.153,248.791,47.366,-0.012,0,1,0,1,0,-1,0,-0.012],"_humanoidState":5,"_cameraCFrame":[760.065,269.372,47.266,-0.013,-0.924,0.383,0,0.383,0.924,-1,0.012,-0.005],"_shiftlockState":false,"_pose":"FreeFall","_animationQueue":[],"_animationSpeed":1,"_zoom":20.656},{"_mousePosition":[797,287],"_rootPartCFrame":[752.027,248.33,47.368,-0.012,0,1,0,1,0,-1,0,-0.012],"_humanoidState":5,"_cameraCFrame":[759.977,268.895,47.267,-0.013,-0.923,0.385,0,0.385,0.923,-1,0.012,-0.005],"_shiftlockState":false,"_pose":"FreeFall","_animationQueue":[],"_animationSpeed":1,"_zoom":20.656},{"_mousePosition":[797,287],"_rootPartCFrame":[751.868,247.493,47.37,-0.012,0,1,0,1,0,-1,0,-0.012],"_humanoidState":5,"_cameraCFrame":[759.817,268.058,47.269,-0.013,-0.923,0.385,0,0.385,0.923,-1,0.012,-0.005],"_shiftlockState":false,"_pose":"FreeFall","_animationQueue":[["fall",0.3]],"_animationSpeed":1,"_zoom":20.656},{"_mousePosition":[797,287],"_rootPartCFrame":[751.785,246.762,47.371,-0.012,0,1,0,1,0,-1,0,-0.012],"_humanoidState":5,"_cameraCFrame":[759.734,267.327,47.27,-0.013,-0.923,0.385,0,0.385,0.923,-1,0.012,-0.005],"_shiftlockState":false,"_pose":"FreeFall","_animationQueue":[],"_animationSpeed":1,"_zoom":20.656},{"_mousePosition":[797,287],"_rootPartCFrame":[751.749,246.178,47.371,-0.012,0,1,0,1,0,-1,0,-0.012],"_humanoidState":5,"_cameraCFrame":[759.698,266.743,47.271,-0.013,-0.923,0.385,0,0.385,0.923,-1,0.012,-0.005],"_shiftlockState":false,"_pose":"FreeFall","_animationQueue":[],"_animationSpeed":1,"_zoom":20.656},{"_mousePosition":[797,287],"_rootPartCFrame":[751.734,245.137,47.371,-0.012,0,1,0,1,0,-1,0,-0.012],"_humanoidState":5,"_cameraCFrame":[759.683,265.702,47.271,-0.013,-0.923,0.385,0,0.385,0.923,-1,0.012,-0.005],"_shiftlockState":false,"_pose":"FreeFall","_animationQueue":[],"_animationSpeed":1,"_zoom":20.656},{"_mousePosition":[797,287],"_rootPartCFrame":[751.734,244.243,47.371,-0.012,0,1,0,1,0,-1,0,-0.012],"_humanoidState":5,"_cameraCFrame":[759.683,264.808,47.271,-0.013,-0.923,0.385,0,0.385,0.923,-1,0.012,-0.005],"_shiftlockState":false,"_pose":"FreeFall","_animationQueue":[],"_animationSpeed":1,"_zoom":20.656},{"_mousePosition":[797,287],"_rootPartCFrame":[751.734,243.536,47.371,-0.012,0,1,0,1,0,-1,0,-0.012],"_humanoidState":5,"_cameraCFrame":[759.683,264.101,47.271,-0.013,-0.923,0.385,0,0.385,0.923,-1,0.012,-0.005],"_shiftlockState":false,"_pose":"FreeFall","_animationQueue":[],"_animationSpeed":1,"_zoom":20.656},{"_mousePosition":[797,287],"_rootPartCFrame":[751.734,242.29,47.371,-0.012,0,1,0,1,0,-1,0,-0.012],"_humanoidState":5,"_cameraCFrame":[759.683,262.856,47.271,-0.013,-0.923,0.385,0,0.385,0.923,-1,0.012,-0.005],"_shiftlockState":false,"_pose":"FreeFall","_animationQueue":[["fall",0.3]],"_animationSpeed":1,"_zoom":20.656},{"_mousePosition":[797,287],"_rootPartCFrame":[751.734,241.233,47.371,-0.012,0,1,0,1,0,-1,0,-0.012],"_humanoidState":5,"_cameraCFrame":[759.683,261.798,47.271,-0.013,-0.923,0.385,0,0.385,0.923,-1,0.012,-0.005],"_shiftlockState":false,"_pose":"FreeFall","_animationQueue":[],"_animationSpeed":1,"_zoom":20.656},{"_mousePosition":[797,287],"_rootPartCFrame":[751.734,240.403,47.371,-0.012,0,1,0,1,0,-1,0,-0.012],"_humanoidState":7,"_cameraCFrame":[759.683,260.969,47.271,-0.013,-0.923,0.385,0,0.385,0.923,-1,0.012,-0.005],"_shiftlockState":false,"_pose":"FreeFall","_animationQueue":[["fall",0.3],["fall",0.3]],"_animationSpeed":1,"_zoom":20.656},{"_mousePosition":[797,287],"_rootPartCFrame":[751.734,242.07,47.371,-0.012,0,1,0,1,0,-1,0,-0.012],"_humanoidState":3,"_cameraCFrame":[759.683,262.635,47.271,-0.013,-0.923,0.385,0,0.385,0.923,-1,0.012,-0.005],"_shiftlockState":false,"_pose":"Jumping","_animationQueue":[["fall",0.3],["jump",0.1]],"_animationSpeed":1,"_zoom":20.656},{"_mousePosition":[797,287],"_rootPartCFrame":[751.734,243.403,47.371,-0.012,0,1,0,1,0,-1,0,-0.012],"_humanoidState":5,"_cameraCFrame":[759.683,263.968,47.271,-0.013,-0.923,0.385,0,0.385,0.923,-1,0.012,-0.005],"_shiftlockState":false,"_pose":"FreeFall","_animationQueue":[["jump",0.1]],"_animationSpeed":1,"_zoom":20.656},{"_mousePosition":[797,287],"_rootPartCFrame":[751.734,244.736,47.371,-0.012,0,1,0,1,0,-1,0,-0.012],"_humanoidState":5,"_cameraCFrame":[759.683,265.302,47.271,-0.013,-0.923,0.385,0,0.385,0.923,-1,0.012,-0.005],"_shiftlockState":false,"_pose":"FreeFall","_animationQueue":[],"_animationSpeed":1,"_zoom":20.656},{"_mousePosition":[797,287],"_rootPartCFrame":[751.734,246.07,47.371,-0.012,0,1,0,1,0,-1,0,-0.012],"_humanoidState":5,"_cameraCFrame":[759.683,266.635,47.271,-0.013,-0.923,0.385,0,0.385,0.923,-1,0.012,-0.005],"_shiftlockState":false,"_pose":"FreeFall","_animationQueue":[],"_animationSpeed":1,"_zoom":20.656},{"_mousePosition":[797,287],"_rootPartCFrame":[751.709,247.403,47.372,-0.012,0,1,0,1,0,-1,0,-0.012],"_humanoidState":5,"_cameraCFrame":[759.658,267.968,47.271,-0.013,-0.923,0.385,0,0.385,0.923,-1,0.012,-0.005],"_shiftlockState":false,"_pose":"FreeFall","_animationQueue":[],"_animationSpeed":1,"_zoom":20.656},{"_mousePosition":[797,287],"_rootPartCFrame":[751.644,248.736,47.373,-0.012,0,1,0,1,0,-1,0,-0.012],"_humanoidState":5,"_cameraCFrame":[759.594,269.301,47.272,-0.013,-0.923,0.385,0,0.385,0.923,-1,0.012,-0.005],"_shiftlockState":false,"_pose":"FreeFall","_animationQueue":[],"_animationSpeed":1,"_zoom":20.656},{"_mousePosition":[797,287],"_rootPartCFrame":[751.54,250.07,47.374,-0.012,0,1,0,1,0,-1,0,-0.012],"_humanoidState":5,"_cameraCFrame":[759.49,270.635,47.273,-0.013,-0.923,0.385,0,0.385,0.923,-1,0.012,-0.005],"_shiftlockState":false,"_pose":"FreeFall","_animationQueue":[],"_animationSpeed":1,"_zoom":20.656},{"_mousePosition":[797,287],"_rootPartCFrame":[751.396,251.403,47.376,-0.012,0,1,0,1,0,-1,0,-0.012],"_humanoidState":5,"_cameraCFrame":[759.346,271.968,47.275,-0.013,-0.923,0.385,0,0.385,0.923,-1,0.012,-0.005],"_shiftlockState":false,"_pose":"FreeFall","_animationQueue":[],"_animationSpeed":1,"_zoom":20.656},{"_mousePosition":[797,287],"_rootPartCFrame":[751.262,252.383,47.377,-0.012,0,1,0,1,0,-1,0,-0.012],"_humanoidState":5,"_cameraCFrame":[759.212,272.948,47.277,-0.013,-0.923,0.385,0,0.385,0.923,-1,0.012,-0.005],"_shiftlockState":false,"_pose":"FreeFall","_animationQueue":[],"_animationSpeed":1,"_zoom":20.656},{"_mousePosition":[797,287],"_rootPartCFrame":[750.989,253.947,47.381,-0.012,0,1,0,1,0,-1,0,-0.012],"_humanoidState":5,"_cameraCFrame":[758.976,274.497,47.28,-0.013,-0.922,0.387,0,0.387,0.922,-1,0.012,-0.005],"_shiftlockState":false,"_pose":"FreeFall","_animationQueue":[],"_animationSpeed":1,"_zoom":20.656},{"_mousePosition":[797,287],"_rootPartCFrame":[750.73,255.137,47.384,-0.012,0,1,0,1,0,-1,0,-0.012],"_humanoidState":5,"_cameraCFrame":[758.717,275.687,47.283,-0.013,-0.922,0.387,0,0.387,0.922,-1,0.012,-0.005],"_shiftlockState":false,"_pose":"FreeFall","_animationQueue":[],"_animationSpeed":1,"_zoom":20.656},{"_mousePosition":[797,287],"_rootPartCFrame":[750.531,255.994,47.387,-0.012,0,1,0,1,0,-1,0,-0.012],"_humanoidState":5,"_cameraCFrame":[758.517,276.544,47.286,-0.013,-0.922,0.387,0,0.387,0.922,-1,0.012,-0.005],"_shiftlockState":false,"_pose":"FreeFall","_animationQueue":[],"_animationSpeed":1,"_zoom":20.656},{"_mousePosition":[797,287],"_rootPartCFrame":[750.197,257.354,47.391,-0.012,0,1,0,1,0,-1,0,-0.012],"_humanoidState":5,"_cameraCFrame":[758.184,277.904,47.29,-0.013,-0.922,0.387,0,0.387,0.922,-1,0.012,-0.005],"_shiftlockState":false,"_pose":"FreeFall","_animationQueue":[],"_animationSpeed":1,"_zoom":20.656},{"_mousePosition":[797,287],"_rootPartCFrame":[749.931,258.381,47.394,-0.013,0,1,0,1,0,-1,0,-0.013],"_humanoidState":5,"_cameraCFrame":[757.917,278.931,47.293,-0.013,-0.922,0.387,0,0.387,0.922,-1,0.012,-0.005],"_shiftlockState":false,"_pose":"FreeFall","_animationQueue":[],"_animationSpeed":1,"_zoom":20.656},{"_mousePosition":[797,287],"_rootPartCFrame":[749.731,259.116,47.397,-0.013,0,1,0,1,0,-1,0,-0.013],"_humanoidState":5,"_cameraCFrame":[757.755,279.649,47.295,-0.013,-0.921,0.388,0,0.388,0.921,-1,0.012,-0.005],"_shiftlockState":false,"_pose":"FreeFall","_animationQueue":[],"_animationSpeed":1,"_zoom":20.656},{"_mousePosition":[797,287],"_rootPartCFrame":[749.398,260.271,47.401,-0.013,0,1,0,1,0,-1,0,-0.013],"_humanoidState":5,"_cameraCFrame":[757.421,280.805,47.299,-0.013,-0.921,0.388,0,0.388,0.921,-1,0.012,-0.005],"_shiftlockState":false,"_pose":"FreeFall","_animationQueue":[],"_animationSpeed":1,"_zoom":20.656},{"_mousePosition":[797,287],"_rootPartCFrame":[749.131,261.134,47.404,-0.013,0,1,0,1,0,-1,0,-0.013],"_humanoidState":5,"_cameraCFrame":[757.155,281.668,47.303,-0.013,-0.921,0.388,0,0.388,0.921,-1,0.012,-0.005],"_shiftlockState":false,"_pose":"FreeFall","_animationQueue":[],"_animationSpeed":1,"_zoom":20.656},{"_mousePosition":[797,287],"_rootPartCFrame":[748.864,261.943,47.408,-0.013,0,1,0,1,0,-1,0,-0.013],"_humanoidState":5,"_cameraCFrame":[756.888,282.477,47.306,-0.013,-0.921,0.388,0,0.388,0.921,-1,0.012,-0.005],"_shiftlockState":false,"_pose":"FreeFall","_animationQueue":[["fall",0.3]],"_animationSpeed":1,"_zoom":20.656},{"_mousePosition":[797,287],"_rootPartCFrame":[748.598,262.698,47.411,-0.013,0,1,0,1,0,-1,0,-0.013],"_humanoidState":5,"_cameraCFrame":[756.622,283.231,47.31,-0.013,-0.921,0.388,0,0.388,0.921,-1,0.012,-0.005],"_shiftlockState":false,"_pose":"FreeFall","_animationQueue":[],"_animationSpeed":1,"_zoom":20.656},{"_mousePosition":[797,287],"_rootPartCFrame":[748.331,263.397,47.414,-0.013,0,1,0,1,0,-1,0,-0.013],"_humanoidState":5,"_cameraCFrame":[756.355,283.931,47.313,-0.013,-0.921,0.388,0,0.388,0.921,-1,0.012,-0.005],"_shiftlockState":false,"_pose":"FreeFall","_animationQueue":[],"_animationSpeed":1,"_zoom":20.656},{"_mousePosition":[797,287],"_rootPartCFrame":[748.131,263.886,47.417,-0.013,0,1,0,1,0,-1,0,-0.013],"_humanoidState":5,"_cameraCFrame":[756.155,284.42,47.315,-0.013,-0.921,0.388,0,0.388,0.921,-1,0.012,-0.005],"_shiftlockState":false,"_pose":"FreeFall","_animationQueue":[],"_animationSpeed":1,"_zoom":20.656},{"_mousePosition":[797,287],"_rootPartCFrame":[747.798,264.633,47.421,-0.013,0,1,0,1,0,-1,0,-0.013],"_humanoidState":5,"_cameraCFrame":[755.822,285.167,47.32,-0.013,-0.921,0.388,0,0.388,0.921,-1,0.012,-0.005],"_shiftlockState":false,"_pose":"FreeFall","_animationQueue":[],"_animationSpeed":1,"_zoom":20.656},{"_mousePosition":[797,287],"_rootPartCFrame":[747.531,265.17,47.425,-0.013,0,1,0,1,0,-1,0,-0.013],"_humanoidState":5,"_cameraCFrame":[755.555,285.704,47.323,-0.013,-0.921,0.388,0,0.388,0.921,-1,0.012,-0.005],"_shiftlockState":false,"_pose":"FreeFall","_animationQueue":[],"_animationSpeed":1,"_zoom":20.656},{"_mousePosition":[797,287],"_rootPartCFrame":[747.331,265.536,47.427,-0.013,0,1,0,1,0,-1,0,-0.013],"_humanoidState":5,"_cameraCFrame":[755.355,286.07,47.326,-0.013,-0.921,0.388,0,0.388,0.921,-1,0.012,-0.005],"_shiftlockState":false,"_pose":"FreeFall","_animationQueue":[],"_animationSpeed":1,"_zoom":20.656},{"_mousePosition":[797,287],"_rootPartCFrame":[746.998,266.079,47.431,-0.013,0,1,0,1,0,-1,0,-0.013],"_humanoidState":5,"_cameraCFrame":[755.022,286.613,47.33,-0.013,-0.921,0.388,0,0.388,0.921,-1,0.012,-0.005],"_shiftlockState":false,"_pose":"FreeFall","_animationQueue":[["fall",0.3]],"_animationSpeed":1,"_zoom":20.656},{"_mousePosition":[797,287],"_rootPartCFrame":[746.665,266.536,47.436,-0.013,0,1,0,1,0,-1,0,-0.013],"_humanoidState":5,"_cameraCFrame":[754.689,287.07,47.334,-0.013,-0.921,0.388,0,0.388,0.921,-1,0.012,-0.005],"_shiftlockState":false,"_pose":"FreeFall","_animationQueue":[],"_animationSpeed":1,"_zoom":20.656},{"_mousePosition":[797,287],"_rootPartCFrame":[746.465,266.77,47.438,-0.013,0,1,0,1,0,-1,0,-0.013],"_humanoidState":5,"_cameraCFrame":[754.489,287.304,47.337,-0.013,-0.921,0.388,0,0.388,0.921,-1,0.012,-0.005],"_shiftlockState":false,"_pose":"FreeFall","_animationQueue":[],"_animationSpeed":1,"_zoom":20.656},{"_mousePosition":[797,287],"_rootPartCFrame":[746.223,267.033,47.441,-0.013,0,1,0,1,0,-1,0,-0.013],"_humanoidState":5,"_cameraCFrame":[754.247,28