[{"_mousePosition":[627,320],"_rootPartCFrame":[776.028,222.7,47.142,0,0,1,0,1,0,-1,0,0],"_humanoidState":8,"_cameraCFrame":[785.936,242.324,47.117,-0.003,-0.877,0.48,0,0.48,0.877,-1,0.002,-0.001],"_shiftlockState":false,"_pose":"Standing","_animationQueue":[],"_animationSpeed":1,"_zoom":20.656},{"_mousePosition":[627,320],"_rootPartCFrame":[775.781,222.7,47.143,0,0,1,0,1,0,-1,0,0],"_humanoidState":8,"_cameraCFrame":[785.69,242.324,47.118,-0.003,-0.877,0.48,0,0.48,0.877,-1,0.002,-0.001],"_shiftlockState":false,"_pose":"Standing","_animationQueue":[],"_animationSpeed":1,"_zoom":20.656},{"_mousePosition":[627,320],"_rootPartCFrame":[775.515,222.7,47.144,-0.001,0,1,0,1,0,-1,0,-0.001],"_humanoidState":8,"_cameraCFrame":[785.424,242.324,47.119,-0.003,-0.877,0.48,0,0.48,0.877,-1,0.002,-0.001],"_shiftlockState":false,"_pose":"Running","_animationQueue":[["walk",0.1]],"_animationSpeed":1.066,"_zoom":20.656},{"_mousePosition":[627,320],"_rootPartCFrame":[775.249,222.7,47.144,-0.001,0,1,0,1,0,-1,0,-0.001],"_humanoidState":8,"_cameraCFrame":[785.157,242.324,47.119,-0.003,-0.877,0.48,0,0.48,0.877,-1,0.002,-0.001],"_shiftlockState":false,"_pose":"Running","_animationQueue":[],"_animationSpeed":1.066,"_zoom":20.656},{"_mousePosition":[627,320],"_rootPartCFrame":[774.982,222.7,47.145,-0.001,0,1,0,1,0,-1,0,-0.001],"_humanoidState":8,"_cameraCFrame":[784.89,242.324,47.12,-0.003,-0.877,0.48,0,0.48,0.877,-1,0.002,-0.001],"_shiftlockState":false,"_pose":"Running","_animationQueue":[],"_animationSpeed":1.066,"_zoom":20.656},{"_mousePosition":[627,320],"_rootPartCFrame":[774.715,222.7,47.146,-0.001,0,1,0,1,0,-1,0,-0.001],"_humanoidState":8,"_cameraCFrame":[784.624,242.324,47.121,-0.003,-0.877,0.48,0,0.48,0.877,-1,0.002,-0.001],"_shiftlockState":false,"_pose":"Running","_animationQueue":[],"_animationSpeed":1.066,"_zoom":20.656},{"_mousePosition":[627,320],"_rootPartCFrame":[774.448,222.7,47.146,-0.001,0,1,0,1,0,-1,0,-0.001],"_humanoidState":8,"_cameraCFrame":[784.357,242.324,47.121,-0.003,-0.877,0.48,0,0.48,0.877,-1,0.002,-0.001],"_shiftlockState":false,"_pose":"Running","_animationQueue":[],"_animationSpeed":1.066,"_zoom":20.656},{"_mousePosition":[627,320],"_rootPartCFrame":[774.182,222.7,47.147,-0.002,0,1,0,1,0,-1,0,-0.002],"_humanoidState":8,"_cameraCFrame":[784.09,242.324,47.122,-0.003,-0.877,0.48,0,0.48,0.877,-1,0.002,-0.001],"_shiftlockState":false,"_pose":"Running","_animationQueue":[["walk",0.1]],"_animationSpeed":1.066,"_zoom":20.656},{"_mousePosition":[627,320],"_rootPartCFrame":[773.915,222.7,47.148,-0.002,0,1,0,1,0,-1,0,-0.002],"_humanoidState":8,"_cameraCFrame":[783.823,242.324,47.123,-0.003,-0.877,0.48,0,0.48,0.877,-1,0.002,-0.001],"_shiftlockState":false,"_pose":"Running","_animationQueue":[],"_animationSpeed":1.066,"_zoom":20.656},{"_mousePosition":[627,320],"_rootPartCFrame":[773.648,222.7,47.148,-0.002,0,1,0,1,0,-1,0,-0.002],"_humanoidState":8,"_cameraCFrame":[783.557,242.324,47.123,-0.003,-0.877,0.48,0,0.48,0.877,-1,0.002,-0.001],"_shiftlockState":false,"_pose":"Running","_animationQueue":[],"_animationSpeed":1.066,"_zoom":20.656},{"_mousePosition":[627,320],"_rootPartCFrame":[773.381,222.7,47.149,-0.002,0,1,0,1,0,-1,0,-0.002],"_humanoidState":8,"_cameraCFrame":[783.29,242.324,47.124,-0.003,-0.877,0.48,0,0.48,0.877,-1,0.002,-0.001],"_shiftlockState":false,"_pose":"Running","_animationQueue":[],"_animationSpeed":1.066,"_zoom":20.656},{"_mousePosition":[627,320],"_rootPartCFrame":[773.115,222.7,47.15,-0.002,0,1,0,1,0,-1,0,-0.002],"_humanoidState":8,"_cameraCFrame":[783.023,242.324,47.125,-0.003,-0.877,0.48,0,0.48,0.877,-1,0.002,-0.001],"_shiftlockState":false,"_pose":"Running","_animationQueue":[],"_animationSpeed":1.066,"_zoom":20.656},{"_mousePosition":[627,320],"_rootPartCFrame":[772.848,222.7,47.15,-0.002,0,1,0,1,0,-1,0,-0.002],"_humanoidState":8,"_cameraCFrame":[782.757,242.324,47.125,-0.003,-0.877,0.48,0,0.48,0.877,-1,0.002,-0.001],"_shiftlockState":false,"_pose":"Running","_animationQueue":[],"_animationSpeed":1.066,"_zoom":20.656},{"_mousePosition":[627,320],"_rootPartCFrame":[772.581,222.7,47.151,-0.002,0,1,0,1,0,-1,0,-0.002],"_humanoidState":8,"_cameraCFrame":[782.49,242.324,47.126,-0.003,-0.877,0.48,0,0.48,0.877,-1,0.002,-0.001],"_shiftlockState":false,"_pose":"Running","_animationQueue":[["walk",0.1]],"_animationSpeed":1.066,"_zoom":20.656},{"_mousePosition":[627,320],"_rootPartCFrame":[772.315,222.717,47.152,-0.002,0,1,0,1,0,-1,0,-0.002],"_humanoidState":8,"_cameraCFrame":[782.223,242.341,47.127,-0.003,-0.877,0.48,0,0.48,0.877,-1,0.002,-0.001],"_shiftlockState":false,"_pose":"Running","_animationQueue":[],"_animationSpeed":1.066,"_zoom":20.656},{"_mousePosition":[627,320],"_rootPartCFrame":[772.048,222.748,47.152,-0.002,0,1,0,1,0,-1,0,-0.002],"_humanoidState":8,"_cameraCFrame":[781.956,242.373,47.127,-0.003,-0.877,0.48,0,0.48,0.877,-1,0.002,-0.001],"_shiftlockState":false,"_pose":"Running","_animationQueue":[],"_animationSpeed":1.066,"_zoom":20.656},{"_mousePosition":[627,320],"_rootPartCFrame":[771.781,223.621,47.153,-0.002,0,1,0,1,0,-1,0,-0.002],"_humanoidState":3,"_cameraCFrame":[781.69,243.246,47.128,-0.003,-0.877,0.48,0,0.48,0.877,-1,0.002,-0.001],"_shiftlockState":false,"_pose":"Jumping","_animationQueue":[["walk",0.1],["jump",0.1]],"_animationSpeed":1,"_zoom":20.656},{"_mousePosition":[627,320],"_rootPartCFrame":[771.515,224.443,47.154,-0.002,0,1,0,1,0,-1,0,-0.002],"_humanoidState":5,"_cameraCFrame":[781.423,244.068,47.129,-0.003,-0.877,0.48,0,0.48,0.877,-1,0.002,-0.001],"_shiftlockState":false,"_pose":"FreeFall","_animationQueue":[["jump",0.1]],"_animationSpeed":1,"_zoom":20.656},{"_mousePosition":[627,320],"_rootPartCFrame":[771.248,225.211,47.154,-0.002,0,1,0,1,0,-1,0,-0.002],"_humanoidState":5,"_cameraCFrame":[781.157,244.835,47.129,-0.003,-0.877,0.48,0,0.48,0.877,-1,0.002,-0.001],"_shiftlockState":false,"_pose":"FreeFall","_animationQueue":[],"_animationSpeed":1,"_zoom":20.656},{"_mousePosition":[627,320],"_rootPartCFrame":[770.981,225.924,47.155,-0.002,0,1,0,1,0,-1,0,-0.002],"_humanoidState":5,"_cameraCFrame":[780.89,245.548,47.13,-0.003,-0.877,0.48,0,0.48,0.877,-1,0.002,-0.001],"_shiftlockState":false,"_pose":"FreeFall","_animationQueue":[],"_animationSpeed":1,"_zoom":20.656},{"_mousePosition":[627,320],"_rootPartCFrame":[770.715,226.582,47.156,-0.002,0,1,0,1,0,-1,0,-0.002],"_humanoidState":5,"_cameraCFrame":[780.623,246.207,47.131,-0.003,-0.877,0.48,0,0.48,0.877,-1,0.002,-0.001],"_shiftlockState":false,"_pose":"FreeFall","_animationQueue":[],"_animationSpeed":1,"_zoom":20.656},{"_mousePosition":[627,320],"_rootPartCFrame":[770.448,227.186,47.156,-0.002,0,1,0,1,0,-1,0,-0.002],"_humanoidState":5,"_cameraCFrame":[780.357,246.811,47.131,-0.003,-0.877,0.48,0,0.48,0.877,-1,0.002,-0.001],"_shiftlockState":false,"_pose":"FreeFall","_animationQueue":[],"_animationSpeed":1,"_zoom":20.656},{"_mousePosition":[627,320],"_rootPartCFrame":[770.182,227.736,47.157,-0.002,0,1,0,1,0,-1,0,-0.002],"_humanoidState":5,"_cameraCFrame":[780.09,247.36,47.132,-0.003,-0.877,0.48,0,0.48,0.877,-1,0.002,-0.001],"_shiftlockState":false,"_pose":"FreeFall","_animationQueue":[],"_animationSpeed":1,"_zoom":20.656},{"_mousePosition":[627,320],"_rootPartCFrame":[769.915,228.231,47.158,-0.002,0,1,0,1,0,-1,0,-0.002],"_humanoidState":5,"_cameraCFrame":[779.824,247.855,47.133,-0.003,-0.877,0.48,0,0.48,0.877,-1,0.002,-0.001],"_shiftlockState":false,"_pose":"FreeFall","_animationQueue":[],"_animationSpeed":1,"_zoom":20.656},{"_mousePosition":[627,320],"_rootPartCFrame":[769.648,228.671,47.158,-0.002,0,1,0,1,0,-1,0,-0.002],"_humanoidState":5,"_cameraCFrame":[779.557,248.296,47.133,-0.003,-0.877,0.48,0,0.48,0.877,-1,0.002,-0.001],"_shiftlockState":false,"_pose":"FreeFall","_animationQueue":[],"_animationSpeed":1,"_zoom":20.656},{"_mousePosition":[627,320],"_rootPartCFrame":[769.382,229.057,47.159,-0.002,0,1,0,1,0,-1,0,-0.002],"_humanoidState":5,"_cameraCFrame":[779.29,248.682,47.134,-0.003,-0.877,0.48,0,0.48,0.877,-1,0.002,-0.001],"_shiftlockState":false,"_pose":"FreeFall","_animationQueue":[],"_animationSpeed":1,"_zoom":20.656},{"_mousePosition":[627,320],"_rootPartCFrame":[769.115,229.389,47.16,-0.002,0,1,0,1,0,-1,0,-0.002],"_humanoidState":5,"_cameraCFrame":[779.024,249.014,47.135,-0.003,-0.877,0.48,0,0.48,0.877,-1,0.002,-0.001],"_shiftlockState":false,"_pose":"FreeFall","_animationQueue":[],"_animationSpeed":1,"_zoom":20.656},{"_mousePosition":[627,320],"_rootPartCFrame":[768.849,229.666,47.16,-0.002,0,1,0,1,0,-1,0,-0.002],"_humanoidState":5,"_cameraCFrame":[778.757,249.291,47.135,-0.003,-0.877,0.48,0,0.48,0.877,-1,0.002,-0.001],"_shiftlockState":false,"_pose":"FreeFall","_animationQueue":[],"_animationSpeed":1,"_zoom":20.656},{"_mousePosition":[627,320],"_rootPartCFrame":[768.582,229.889,47.161,-0.002,0,1,0,1,0,-1,0,-0.002],"_humanoidState":5,"_cameraCFrame":[778.491,249.513,47.136,-0.003,-0.877,0.48,0,0.48,0.877,-1,0.002,-0.001],"_shiftlockState":false,"_pose":"FreeFall","_animationQueue":[],"_animationSpeed":1,"_zoom":20.656},{"_mousePosition":[627,320],"_rootPartCFrame":[768.315,230.057,47.162,-0.002,0,1,0,1,0,-1,0,-0.002],"_humanoidState":5,"_cameraCFrame":[778.224,249.681,47.137,-0.003,-0.877,0.48,0,0.48,0.877,-1,0.002,-0.001],"_shiftlockState":false,"_pose":"FreeFall","_animationQueue":[],"_animationSpeed":1,"_zoom":20.656},{"_mousePosition":[627,320],"_rootPartCFrame":[768.049,230.17,47.162,-0.003,0,1,0,1,0,-1,0,-0.003],"_humanoidState":5,"_cameraCFrame":[777.957,249.795,47.137,-0.003,-0.877,0.48,0,0.48,0.877,-1,0.002,-0.001],"_shiftlockState":false,"_pose":"FreeFall","_animationQueue":[],"_animationSpeed":1,"_zoom":20.656},{"_mousePosition":[627,320],"_rootPartCFrame":[767.782,230.229,47.163,-0.003,0,1,0,1,0,-1,0,-0.003],"_humanoidState":5,"_cameraCFrame":[777.691,249.854,47.138,-0.003,-0.877,0.48,0,0.48,0.877,-1,0.002,-0.001],"_shiftlockState":false,"_pose":"FreeFall","_animationQueue":[],"_animationSpeed":1,"_zoom":20.656},{"_mousePosition":[627,320],"_rootPartCFrame":[767.516,230.234,47.164,-0.003,0,1,0,1,0,-1,0,-0.003],"_humanoidState":5,"_cameraCFrame":[777.424,249.858,47.139,-0.003,-0.877,0.48,0,0.48,0.877,-1,0.002,-0.001],"_shiftlockState":false,"_pose":"FreeFall","_animationQueue":[["fall",0.3]],"_animationSpeed":1,"_zoom":20.656},{"_mousePosition":[627,320],"_rootPartCFrame":[767.249,230.184,47.164,-0.003,0,1,0,1,0,-1,0,-0.003],"_humanoidState":5,"_cameraCFrame":[777.158,249.808,47.139,-0.003,-0.877,0.48,0,0.48,0.877,-1,0.002,-0.001],"_shiftlockState":false,"_pose":"FreeFall","_animationQueue":[],"_animationSpeed":1,"_zoom":20.656},{"_mousePosition":[627,320],"_rootPartCFrame":[766.982,230.079,47.165,-0.003,0,1,0,1,0,-1,0,-0.003],"_humanoidState":5,"_cameraCFrame":[776.891,249.704,47.14,-0.003,-0.877,0.48,0,0.48,0.877,-1,0.002,-0.001],"_shiftlockState":false,"_pose":"FreeFall","_animationQueue":[],"_animationSpeed":1,"_zoom":20.656},{"_mousePosition":[627,320],"_rootPartCFrame":[766.716,229.92,47.166,-0.003,0,1,0,1,0,-1,0,-0.003],"_humanoidState":5,"_cameraCFrame":[776.624,249.545,47.141,-0.003,-0.877,0.48,0,0.48,0.877,-1,0.002,-0.001],"_shiftlockState":false,"_pose":"FreeFall","_animationQueue":[],"_animationSpeed":1,"_zoom":20.656},{"_mousePosition":[627,320],"_rootPartCFrame":[766.449,229.707,47.166,-0.003,0,1,0,1,0,-1,0,-0.003],"_humanoidState":5,"_cameraCFrame":[776.358,249.331,47.141,-0.003,-0.877,0.48,0,0.48,0.877,-1,0.002,-0.001],"_shiftlockState":false,"_pose":"FreeFall","_animationQueue":[],"_animationSpeed":1,"_zoom":20.656},{"_mousePosition":[627,320],"_rootPartCFrame":[766.183,229.439,47.167,-0.003,0,1,0,1,0,-1,0,-0.003],"_humanoidState":5,"_cameraCFrame":[776.091,249.063,47.142,-0.003,-0.877,0.48,0,0.48,0.877,-1,0.002,-0.001],"_shiftlockState":false,"_pose":"FreeFall","_animationQueue":[],"_animationSpeed":1,"_zoom":20.656},{"_mousePosition":[627,320],"_rootPartCFrame":[765.916,229.116,47.168,-0.003,0,1,0,1,0,-1,0,-0.003],"_humanoidState":5,"_cameraCFrame":[775.825,248.741,47.143,-0.003,-0.877,0.48,0,0.48,0.877,-1,0.002,-0.001],"_shiftlockState":false,"_pose":"FreeFall","_animationQueue":[],"_animationSpeed":1,"_zoom":20.656},{"_mousePosition":[627,320],"_rootPartCFrame":[765.649,228.739,47.168,-0.003,0,1,0,1,0,-1,0,-0.003],"_humanoidState":5,"_cameraCFrame":[775.558,248.364,47.143,-0.003,-0.877,0.48,0,0.48,0.877,-1,0.002,-0.001],"_shiftlockState":false,"_pose":"FreeFall","_animationQueue":[["fall",0.3]],"_animationSpeed":1,"_zoom":20.656},{"_mousePosition":[627,320],"_rootPartCFrame":[765.383,228.308,47.169,-0.003,0,1,0,1,0,-1,0,-0.003],"_humanoidState":5,"_cameraCFrame":[775.291,247.932,47.144,-0.003,-0.877,0.48,0,0.48,0.877,-1,0.002,-0.001],"_shiftlockState":false,"_pose":"FreeFall","_animationQueue":[],"_animationSpeed":1,"_zoom":20.656},{"_mousePosition":[627,320],"_rootPartCFrame":[765.116,227.822,47.17,-0.003,0,1,0,1,0,-1,0,-0.003],"_humanoidState":5,"_cameraCFrame":[775.025,247.446,47.145,-0.003,-0.877,0.48,0,0.48,0.877,-1,0.002,-0.001],"_shiftlockState":false,"_pose":"FreeFall","_animationQueue":[],"_animationSpeed":1,"_zoom":20.656},{"_mousePosition":[627,320],"_rootPartCFrame":[764.85,227.281,47.171,-0.003,0,1,0,1,0,-1,0,-0.003],"_humanoidState":5,"_cameraCFrame":[774.758,246.906,47.145,-0.003,-0.877,0.48,0,0.48,0.877,-1,0.002,-0.001],"_shiftlockState":false,"_pose":"FreeFall","_animationQueue":[],"_animationSpeed":1,"_zoom":20.656},{"_mousePosition":[627,320],"_rootPartCFrame":[764.583,226.686,47.171,-0.003,0,1,0,1,0,-1,0,-0.003],"_humanoidState":5,"_cameraCFrame":[774.492,246.311,47.146,-0.003,-0.877,0.48,0,0.48,0.877,-1,0.002,-0.001],"_shiftlockState":false,"_pose":"FreeFall","_animationQueue":[],"_animationSpeed":1,"_zoom":20.656},{"_mousePosition":[627,320],"_rootPartCFrame":[764.316,226.037,47.172,-0.003,0,1,0,1,0,-1,0,-0.003],"_humanoidState":5,"_cameraCFrame":[774.225,245.661,47.147,-0.003,-0.877,0.48,0,0.48,0.877,-1,0.002,-0.001],"_shiftlockState":false,"_pose":"FreeFall","_animationQueue":[],"_animationSpeed":1,"_zoom":20.656},{"_mousePosition":[627,320],"_rootPartCFrame":[764.05,225.333,47.173,-0.003,0,1,0,1,0,-1,0,-0.003],"_humanoidState":5,"_cameraCFrame":[773.994,244.938,47.147,-0.003,-0.876,0.481,0,0.481,0.877,-1,0.002,-0.001],"_shiftlockState":false,"_pose":"FreeFall","_animationQueue":[["fall",0.3]],"_animationSpeed":1,"_zoom":20.656},{"_mousePosition":[627,320],"_rootPartCFrame":[763.783,224.574,47.173,-0.003,0,1,0,1,0,-1,0,-0.003],"_humanoidState":5,"_cameraCFrame":[773.727,244.18,47.148,-0.003,-0.876,0.481,0,0.481,0.877,-1,0.002,-0.001],"_shiftlockState":false,"_pose":"FreeFall","_animationQueue":[],"_animationSpeed":1,"_zoom":20.656},{"_mousePosition":[627,320],"_rootPartCFrame":[763.517,223.761,47.174,-0.003,0,1,0,1,0,-1,0,-0.003],"_humanoidState":5,"_cameraCFrame":[773.461,243.367,47.149,-0.003,-0.876,0.481,0,0.481,0.877,-1,0.002,-0.001],"_shiftlockState":false,"_pose":"FreeFall","_animationQueue":[],"_animationSpeed":1,"_zoom":20.656},{"_mousePosition":[627,320],"_rootPartCFrame":[763.25,222.894,47.175,-0.003,0,1,0,1,0,-1,0,-0.003],"_humanoidState":5,"_cameraCFrame":[773.194,242.499,47.149,-0.003,-0.876,0.481,0,0.481,0.877,-1,0.002,-0.001],"_shiftlockState":false,"_pose":"FreeFall","_animationQueue":[],"_animationSpeed":1,"_zoom":20.656},{"_mousePosition":[627,320],"_rootPartCFrame":[762.917,221.733,47.175,-0.003,0,1,0,1,0,-1,0,-0.003],"_humanoidState":7,"_cameraCFrame":[772.861,241.338,47.15,-0.003,-0.876,0.481,0,0.481,0.877,-1,0.002,-0.001],"_shiftlockState":false,"_pose":"FreeFall","_animationQueue":[["walk",0.1],["fall",0.3],["fall",0.3]],"_animationSpeed":1,"_zoom":20.656},{"_mousePosition":[627,320],"_rootPartCFrame":[762.65,221.58,47.176,-0.003,0,1,0,1,0,-1,0,-0.003],"_humanoidState":7,"_cameraCFrame":[772.594,241.185,47.151,-0.003,-0.876,0.481,0,0.481,0.877,-1,0.002,-0.001],"_shiftlockState":false,"_pose":"FreeFall","_animationQueue":[],"_animationSpeed":1,"_zoom":20.656},{"_mousePosition":[627,320],"_rootPartCFrame":[762.383,221.711,47.177,-0.003,0,1,0,1,0,-1,0,-0.003],"_humanoidState":8,"_cameraCFrame":[772.327,241.316,47.152,-0.003,-0.876,0.481,0,0.481,0.877,-1,0.002,-0.001],"_shiftlockState":false,"_pose":"Running","_animationQueue":[["walk",0.1],["fall",0.3],["walk",0.1]],"_animationSpeed":1.103,"_zoom":20.656},{"_mousePosition":[627,320],"_rootPartCFrame":[762.117,222.584,47.177,-0.003,0,1,0,1,0,-1,0,-0.003],"_humanoidState":3,"_cameraCFrame":[772.061,242.189,47.152,-0.003,-0.876,0.481,0,0.481,0.877,-1,0.002,-0.001],"_shiftlockState":false,"_pose":"Jumping","_animationQueue":[["walk",0.1],["walk",0.1],["jump",0.1]],"_animationSpeed":1,"_zoom":20.656},{"_mousePosition":[627,320],"_rootPartCFrame":[761.85,223.406,47.178,-0.003,0,1,0,1,0,-1,0,-0.003],"_humanoidState":5,"_cameraCFrame":[771.794,243.011,47.153,-0.003,-0.876,0.481,0,0.481,0.877,-1,0.002,-0.001],"_shiftlockState":false,"_pose":"FreeFall","_animationQueue":[["jump",0.1]],"_animationSpeed":1,"_zoom":20.656},{"_mousePosition":[627,320],"_rootPartCFrame":[761.584,224.173,47.179,-0.003,0,1,0,1,0,-1,0,-0.003],"_humanoidState":5,"_cameraCFrame":[771.528,243.779,47.154,-0.003,-0.876,0.481,0,0.481,0.877,-1,0.002,-0.001],"_shiftlockState":false,"_pose":"FreeFall","_animationQueue":[],"_animationSpeed":1,"_zoom":20.656},{"_mousePosition":[627,320],"_rootPartCFrame":[761.317,224.887,47.179,-0.003,0,1,0,1,0,-1,0,-0.003],"_humanoidState":5,"_cameraCFrame":[771.261,244.492,47.154,-0.003,-0.876,0.481,0,0.481,0.877,-1,0.002,-0.001],"_shiftlockState":false,"_pose":"FreeFall","_animationQueue":[],"_animationSpeed":1,"_zoom":20.656},{"_mousePosition":[627,320],"_rootPartCFrame":[761.05,225.545,47.18,-0.003,0,1,0,1,0,-1,0,-0.003],"_humanoidState":5,"_cameraCFrame":[770.994,245.15,47.155,-0.003,-0.876,0.481,0,0.481,0.877,-1,0.002,-0.001],"_shiftlockState":false,"_pose":"FreeFall","_animationQueue":[],"_animationSpeed":1,"_zoom":20.656},{"_mousePosition":[627,320],"_rootPartCFrame":[760.784,226.149,47.181,-0.003,0,1,0,1,0,-1,0,-0.003],"_humanoidState":5,"_cameraCFrame":[770.728,245.754,47.156,-0.003,-0.876,0.481,0,0.481,0.877,-1,0.002,-0.001],"_shiftlockState":false,"_pose":"FreeFall","_animationQueue":[],"_animationSpeed":1,"_zoom":20.656},{"_mousePosition":[627,320],"_rootPartCFrame":[760.517,226.699,47.181,-0.003,0,1,0,1,0,-1,0,-0.003],"_humanoidState":5,"_cameraCFrame":[770.461,246.304,47.156,-0.003,-0.876,0.481,0,0.481,0.877,-1,0.002,-0.001],"_shiftlockState":false,"_pose":"FreeFall","_animationQueue":[],"_animationSpeed":1,"_zoom":20.656},{"_mousePosition":[627,320],"_rootPartCFrame":[760.251,227.194,47.182,-0.003,0,1,0,1,0,-1,0,-0.003],"_humanoidState":5,"_cameraCFrame":[770.195,246.799,47.157,-0.003,-0.876,0.481,0,0.481,0.877,-1,0.002,-0.001],"_shiftlockState":false,"_pose":"FreeFall","_animationQueue":[],"_animationSpeed":1,"_zoom":20.656},{"_mousePosition":[627,320],"_rootPartCFrame":[759.984,227.634,47.183,-0.003,0,1,0,1,0,-1,0,-0.003],"_humanoidState":5,"_cameraCFrame":[769.928,247.239,47.158,-0.003,-0.876,0.481,0,0.481,0.877,-1,0.002,-0.001],"_shiftlockState":false,"_pose":"FreeFall","_animationQueue":[],"_animationSpeed":1,"_zoom":20.656},{"_mousePosition":[627,320],"_rootPartCFrame":[759.717,228.02,47.183,-0.003,0,1,0,1,0,-1,0,-0.003],"_humanoidState":5,"_cameraCFrame":[769.661,247.625,47.158,-0.003,-0.876,0.481,0,0.481,0.877,-1,0.002,-0.001],"_shiftlockState":false,"_pose":"FreeFall","_animationQueue":[],"_animationSpeed":1,"_zoom":20.656},{"_mousePosition":[627,320],"_rootPartCFrame":[759.451,228.352,47.184,-0.003,0,1,0,1,0,-1,0,-0.003],"_humanoidState":5,"_cameraCFrame":[769.43,247.937,47.134,-0.005,-0.876,0.483,0,0.483,0.876,-1,0.004,-0.002],"_shiftlockState":false,"_pose":"FreeFall","_animationQueue":[],"_animationSpeed":1,"_zoom":20.656},{"_mousePosition":[627,320],"_rootPartCFrame":[759.184,228.629,47.185,-0.003,0,1,0,1,0,-1,0,-0.003],"_humanoidState":5,"_cameraCFrame":[769.163,248.214,47.134,-0.005,-0.876,0.483,0,0.483,0.876,-1,0.004,-0.002],"_shiftlockState":false,"_pose":"FreeFall","_animationQueue":[],"_animationSpeed":1,"_zoom":20.656},{"_mousePosition":[627,320],"_rootPartCFrame":[758.918,228.851,47.186,-0.003,0,1,0,1,0,-1,0,-0.003],"_humanoidState":5,"_cameraCFrame":[768.897,248.437,47.136,-0.005,-0.876,0.483,0,0.483,0.876,-1,0.004,-0.002],"_shiftlockState":false,"_pose":"FreeFall","_animationQueue":[],"_animationSpeed":1,"_zoom":20.656},{"_mousePosition":[627,320],"_rootPartCFrame":[758.651,229.019,47.187,-0.003,0,1,0,1,0,-1,0,-0.003],"_humanoidState":5,"_cameraCFrame":[768.63,248.605,47.137,-0.005,-0.876,0.483,0,0.483,0.876,-1,0.004,-0.002],"_shiftlockState":false,"_pose":"FreeFall","_animationQueue":[],"_animationSpeed":1,"_zoom":20.656},{"_mousePosition":[627,320],"_rootPartCFrame":[758.384,229.133,47.189,-0.003,0,1,0,1,0,-1,0,-0.003],"_humanoidState":5,"_cameraCFrame":[768.364,248.719,47.138,-0.005,-0.876,0.483,0,0.483,0.876,-1,0.004,-0.002],"_shiftlockState":false,"_pose":"FreeFall","_animationQueue":[],"_animationSpeed":1,"_zoom":20.656},{"_mousePosition":[627,320],"_rootPartCFrame":[758.118,229.192,47.19,-0.004,0,1,0,1,0,-1,0,-0.004],"_humanoidState":5,"_cameraCFrame":[768.097,248.778,47.14,-0.005,-0.876,0.483,0,0.483,0.876,-1,0.004,-0.002],"_shiftlockState":false,"_pose":"FreeFall","_animationQueue":[],"_animationSpeed":1,"_zoom":20.656},{"_mousePosition":[627,320],"_rootPartCFrame":[757.851,229.196,47.191,-0.004,0,1,0,1,0,-1,0,-0.004],"_humanoidState":5,"_cameraCFrame":[767.83,248.782,47.141,-0.005,-0.876,0.483,0,0.483,0.876,-1,0.004,-0.002],"_shiftlockState":false,"_pose":"FreeFall","_animationQueue":[],"_animationSpeed":1,"_zoom":20.656},{"_mousePosition":[627,320],"_rootPartCFrame":[757.518,229.125,47.193,-0.004,0,1,0,1,0,-1,0,-0.004],"_humanoidState":5,"_cameraCFrame":[767.497,248.711,47.143,-0.005,-0.876,0.483,0,0.483,0.876,-1,0.004,-0.002],"_shiftlockState":false,"_pose":"FreeFall","_animationQueue":[],"_animationSpeed":1,"_zoom":20.656},{"_mousePosition":[627,320],"_rootPartCFrame":[757.318,229.042,47.194,-0.004,0,1,0,1,0,-1,0,-0.004],"_humanoidState":5,"_cameraCFrame":[767.297,248.628,47.144,-0.005,-0.876,0.483,0,0.483,0.876,-1,0.004,-0.002],"_shiftlockState":false,"_pose":"FreeFall","_animationQueue":[],"_animationSpeed":1,"_zoom":20.656},{"_mousePosition":[627,320],"_rootPartCFrame":[757.051,228.883,47.195,-0.004,0,1,0,1,0,-1,0,-0.004],"_humanoidState":5,"_cameraCFrame":[767.031,248.469,47.145,-0.005,-0.876,0.483,0,0.483,0.876,-1,0.004,-0.002],"_shiftlockState":false,"_pose":"FreeFall","_animationQueue":[],"_animationSpeed":1,"_zoom":20.656},{"_mousePosition":[627,320],"_rootPartCFrame":[756.785,228.669,47.197,-0.004,0,1,0,1,0,-1,0,-0.004],"_humanoidState":5,"_cameraCFrame":[766.764,248.255,47.146,-0.005,-0.876,0.483,0,0.483,0.876,-1,0.004,-0.002],"_shiftlockState":false,"_pose":"FreeFall","_animationQueue":[["fall",0.3]],"_animationSpeed":1,"_zoom":20.656},{"_mousePosition":[627,320],"_rootPartCFrame":[756.518,228.401,47.198,-0.004,0,1,0,1,0,-1,0,-0.004],"_humanoidState":5,"_cameraCFrame":[766.497,247.987,47.148,-0.005,-0.876,0.483,0,0.483,0.876,-1,0.004,-0.002],"_shiftlockState":false,"_pose":"FreeFall","_animationQueue":[],"_animationSpeed":1,"_zoom":20.656},{"_mousePosition":[627,320],"_rootPartCFrame":[756.252,228.079,47.199,-0.005,0,1,0,1,0,-1,0,-0.005],"_humanoidState":5,"_cameraCFrame":[766.231,247.665,47.149,-0.005,-0.876,0.483,0,0.483,0.876,-1,0.004,-0.002],"_shiftlockState":false,"_pose":"FreeFall","_animationQueue":[],"_animationSpeed":1,"_zoom":20.656},{"_mousePosition":[627,320],"_rootPartCFrame":[755.985,227.702,47.201,-0.005,0,1,0,1,0,-1,0,-0.005],"_humanoidState":5,"_cameraCFrame":[765.964,247.288,47.15,-0.005,-0.876,0.483,0,0.483,0.876,-1,0.004,-0.002],"_shiftlockState":false,"_pose":"FreeFall","_animationQueue":[],"_animationSpeed":1,"_zoom":20.656},{"_mousePosition":[627,320],"_rootPartCFrame":[755.718,227.27,47.202,-0.005,0,1,0,1,0,-1,0,-0.005],"_humanoidState":5,"_cameraCFrame":[765.698,246.856,47.152,-0.005,-0.876,0.483,0,0.483,0.876,-1,0.004,-0.002],"_shiftlockState":false,"_pose":"FreeFall","_animationQueue":[],"_animationSpeed":1,"_zoom":20.656},{"_mousePosition":[627,320],"_rootPartCFrame":[755.452,226.784,47.203,-0.005,0,1,0,1,0,-1,0,-0.005],"_humanoidState":5,"_cameraCFrame":[765.431,246.37,47.153,-0.005,-0.876,0.483,0,0.483,0.876,-1,0.004,-0.002],"_shiftlockState":false,"_pose":"FreeFall","_animationQueue":[],"_animationSpeed":1,"_zoom":20.656},{"_mousePosition":[627,320],"_rootPartCFrame":[755.185,226.244,47.205,-0.005,0,1,0,1,0,-1,0,-0.005],"_humanoidState":5,"_cameraCFrame":[765.164,245.83,47.154,-0.005,-0.876,0.483,0,0.483,0.876,-1,0.004,-0.002],"_shiftlockState":false,"_pose":"FreeFall","_animationQueue":[["fall",0.3]],"_animationSpeed":1,"_zoom":20.656},{"_mousePosition":[627,320],"_rootPartCFrame":[754.852,225.492,47.207,-0.005,0,1,0,1,0,-1,0,-0.005],"_humanoidState":5,"_cameraCFrame":[764.831,245.078,47.156,-0.005,-0.876,0.483,0,0.483,0.876,-1,0.004,-0.002],"_shiftlockState":false,"_pose":"FreeFall","_animationQueue":[],"_animationSpeed":1,"_zoom":20.656},{"_mousePosition":[627,320],"_rootPartCFrame":[754.652,225,47.208,-0.005,0,1,0,1,0,-1,0,-0.005],"_humanoidState":5,"_cameraCFrame":[764.631,244.585,47.157,-0.005,-0.876,0.483,0,0.483,0.876,-1,0.004,-0.002],"_shiftlockState":false,"_pose":"FreeFall","_animationQueue":[],"_animationSpeed":1,"_zoom":20.656},{"_mousePosition":[627,320],"_rootPartCFrame":[754.385,224.296,47.209,-0.005,0,1,0,1,0,-1,0,-0.005],"_humanoidState":5,"_cameraCFrame":[764.365,243.881,47.158,-0.005,-0.876,0.483,0,0.483,0.876,-1,0.004,-0.002],"_shiftlockState":false,"_pose":"FreeFall","_animationQueue":[],"_animationSpeed":1,"_zoom":20.656},{"_mousePosition":[627,320],"_rootPartCFrame":[754.119,223.537,47.21,-0.005,0,1,0,1,0,-1,0,-0.005],"_humanoidState":5,"_cameraCFrame":[764.098,243.123,47.16,-0.005,-0.876,0.483,0,0.483,0.876,-1,0.004,-0.002],"_shiftlockState":false,"_pose":"FreeFall","_animationQueue":[],"_animationSpeed":1,"_zoom":20.656},{"_mousePosition":[627,320],"_rootPartCFrame":[753.786,222.512,47.212,-0.005,0,1,0,1,0,-1,0,-0.005],"_humanoidState":5,"_cameraCFrame":[763.765,242.098,47.161,-0.005,-0.876,0.483,0,0.483,0.876,-1,0.004,-0.002],"_shiftlockState":false,"_pose":"FreeFall","_animationQueue":[],"_animationSpeed":1,"_zoom":20.656},{"_mousePosition":[627,320],"_rootPartCFrame":[753.586,221.857,47.213,-0.005,0,1,0,1,0,-1,0,-0.005],"_humanoidState":5,"_cameraCFrame":[763.565,241.442,47.162,-0.005,-0.876,0.483,0,0.483,0.876,-1,0.004,-0.002],"_shiftlockState":false,"_pose":"FreeFall","_animationQueue":[],"_animationSpeed":1,"_zoom":20.656},{"_mousePosition":[627,320],"_rootPartCFrame":[753.319,220.935,47.214,-0.005,0,1,0,1,0,-1,0,-0.005],"_humanoidState":5,"_cameraCFrame":[763.298,240.52,47.164,-0.005,-0.876,0.483,0,0.483,0.876,-1,0.004,-0.002],"_shiftlockState":false,"_pose":"FreeFall","_animationQueue":[["fall",0.3]],"_animationSpeed":1,"_zoom":20.656},{"_mousePosition":[627,320],"_rootPartCFrame":[753.056,220.081,47.216,-0.005,0,1,0,1,0,-1,0,-0.005],"_humanoidState":7,"_cameraCFrame":[763.035,239.667,47.165,-0.005,-0.876,0.483,0,0.483,0.876,-1,0.004,-0.002],"_shiftlockState":false,"_pose":"FreeFall","_animationQueue":[["walk",0.1],["fall",0.3],["fall",0.3]],"_animationSpeed":1,"_zoom":20.656},{"_mousePosition":[627,320],"_rootPartCFrame":[752.793,220.033,47.217,-0.005,0,1,0,1,0,-1,0,-0.005],"_humanoidState":7,"_cameraCFrame":[762.772,239.619,47.166,-0.005,-0.876,0.483,0,0.483,0.876,-1,0.004,-0.002],"_shiftlockState":false,"_pose":"FreeFall","_animationQueue":[],"_animationSpeed":1,"_zoom":20.656},{"_mousePosition":[627,320],"_rootPartCFrame":[752.465,220.135,47.219,-0.005,0,1,0,1,0,-1,0,-0.005],"_humanoidState":8,"_cameraCFrame":[762.444,239.721,47.168,-0.005,-0.876,0.483,0,0.483,0.876,-1,0.004,-0.002],"_shiftlockState":false,"_pose":"Running","_animationQueue":[["walk",0.1],["fall",0.3],["walk",0.1]],"_animationSpeed":1.087,"_zoom":20.656},{"_mousePosition":[627,320],"_rootPartCFrame":[752.268,220.787,47.22,-0.005,0,1,0,1,0,-1,0,-0.005],"_humanoidState":3,"_cameraCFrame":[762.247,240.373,47.169,-0.005,-0.876,0.483,0,0.483,0.876,-1,0.004,-0.002],"_shiftlockState":false,"_pose":"Jumping","_animationQueue":[["walk",0.1],["jump",0.1]],"_animationSpeed":1,"_zoom":20.656},{"_mousePosition":[627,320],"_rootPartCFrame":[752.002,221.609,47.221,-0.005,0,1,0,1,0,-1,0,-0.005],"_humanoidState":5,"_cameraCFrame":[761.981,241.195,47.145,-0.008,-0.876,0.483,0,0.483,0.876,-1,0.007,-0.004],"_shiftlockState":false,"_pose":"FreeFall","_animationQueue":[["jump",0.1]],"_animationSpeed":1,"_zoom":20.656},{"_mousePosition":[627,320],"_rootPartCFrame":[751.669,222.56,47.223,-0.005,0,1,0,1,0,-1,0,-0.005],"_humanoidState":5,"_cameraCFrame":[761.647,242.146,47.147,-0.008,-0.876,0.483,0,0.483,0.876,-1,0.007,-0.004],"_shiftlockState":false,"_pose":"FreeFall","_animationQueue":[],"_animationSpeed":1,"_zoom":20.656},{"_mousePosition":[627,320],"_rootPartCFrame":[751.469,223.09,47.224,-0.005,0,1,0,1,0,-1,0,-0.005],"_humanoidState":5,"_cameraCFrame":[761.447,242.676,47.148,-0.008,-0.876,0.483,0,0.483,0.876,-1,0.007,-0.004],"_shiftlockState":false,"_pose":"FreeFall","_animationQueue":[],"_animationSpeed":1,"_zoom":20.656},{"_mousePosition":[627,320],"_rootPartCFrame":[751.202,223.748,47.226,-0.005,0,1,0,1,0,-1,0,-0.005],"_humanoidState":5,"_cameraCFrame":[761.181,243.334,47.15,-0.008,-0.876,0.483,0,0.483,0.876,-1,0.007,-0.004],"_shiftlockState":false,"_pose":"FreeFall","_animationQueue":[],"_animationSpeed":1,"_zoom":20.656},{"_mousePosition":[627,320],"_rootPartCFrame":[750.935,224.352,47.228,-0.006,0,1,0,1,0,-1,0,-0.006],"_humanoidState":5,"_cameraCFrame":[760.914,243.938,47.152,-0.008,-0.876,0.483,0,0.483,0.876,-1,0.007,-0.004],"_shiftlockState":false,"_pose":"FreeFall","_animationQueue":[],"_animationSpeed":1,"_zoom":20.656},{"_mousePosition":[627,320],"_rootPartCFrame":[750.669,224.902,47.23,-0.006,0,1,0,1,0,-1,0,-0.006],"_humanoidState":5,"_cameraCFrame":[760.648,244.488,47.154,-0.008,-0.876,0.483,0,0.483,0.876,-1,0.007,-0.004],"_shiftlockState":false,"_pose":"FreeFall","_animationQueue":[],"_animationSpeed":1,"_zoom":20.656},{"_mousePosition":[627,320],"_rootPartCFrame":[750.402,225.397,47.232,-0.006,0,1,0,1,0,-1,0,-0.006],"_humanoidState":5,"_cameraCFrame":[760.381,244.983,47.156,-0.008,-0.876,0.483,0,0.483,0.876,-1,0.007,-0.004],"_shiftlockState":false,"_pose":"FreeFall","_animationQueue":[],"_animationSpeed":1,"_zoom":20.656},{"_mousePosition":[627,320],"_rootPartCFrame":[750.136,225.837,47.234,-0.006,0,1,0,1,0,-1,0,-0.006],"_humanoidState":5,"_cameraCFrame":[760.114,245.423,47.158,-0.008,-0.876,0.483,0,0.483,0.876,-1,0.007,-0.004],"_shiftlockState":false,"_pose":"FreeFall","_animationQueue":[],"_animationSpeed":1,"_zoom":20.656},{"_mousePosition":[627,320],"_rootPartCFrame":[749.869,226.223,47.236,-0.007,0,1,0,1,0,-1,0,-0.007],"_humanoidState":5,"_cameraCFrame":[759.848,245.809,47.16,-0.008,-0.876,0.483,0,0.483,0.876,-1,0.007,-0.004],"_shiftlockState":false,"_pose":"FreeFall","_animationQueue":[],"_animationSpeed":1,"_zoom":20.656},{"_mousePosition":[627,320],"_rootPartCFrame":[749.602,226.555,47.238,-0.007,0,1,0,1,0,-1,0,-0.007],"_humanoidState":5,"_cameraCFrame":[759.581,246.141,47.162,-0.008,-0.876,0.483,0,0.483,0.876,-1,0.007,-0.004],"_shiftlockState":false,"_pose":"FreeFall","_animationQueue":[],"_animationSpeed":1,"_zoom":20.656},{"_mousePosition":[627,320],"_rootPartCFrame":[749.336,226.832,47.24,-0.007,0,1,0,1,0,-1,0,-0.007],"_humanoidState":5,"_cameraCFrame":[759.315,246.418,47.164,-0.008,-0.876,0.483,0,0.483,0.876,-1,0.007,-0.004],"_shiftlockState":false,"_pose":"FreeFall","_animationQueue":[],"_animationSpeed":1,"_zoom":20.656},{"_mousePosition":[627,320],"_rootPartCFrame":[749.069,227.054,47.242,-0.007,0,1,0,1,0,-1,0,-0.007],"_humanoidState":5,"_cameraCFrame":[759.048,246.64,47.166,-0.008,-0.876,0.483,0,0.483,0.876,-1,0.007,-0.004],"_shiftlockState":false,"_pose":"FreeFall","_animationQueue":[],"_animationSpeed":1,"_zoom":20.656},{"_mousePosition":[627,320],"_rootPartCFrame":[748.803,227.222,47.244,-0.007,0,1,0,1,0,-1,0,-0.007],"_humanoidState":5,"_cameraCFrame":[758.781,246.808,47.169,-0.008,-0.876,0.483,0,0.483,0.876,-1,0.007,-0.004],"_shiftlockState":false,"_pose":"FreeFall","_animationQueue":[],"_animationSpeed":1,"_zoom":20.656},{"_mousePosition":[627,320],"_rootPartCFrame":[748.536,227.336,47.246,-0.007,0,1,0,1,0,-1,0,-0.007],"_humanoidState":5,"_cameraCFrame":[758.515,246.922,47.171,-0.008,-0.876,0.483,0,0.483,0.876,-1,0.007,-0.004],"_shiftlockState":false,"_pose":"FreeFall","_animationQueue":[],"_animationSpeed":1,"_zoom":20.656},{"_mousePosition":[627,320],"_rootPartCFrame":[748.269,227.395,47.248,-0.007,0,1,0,1,0,-1,0,-0.007],"_humanoidState":5,"_cameraCFrame":[758.248,246.981,47.173,-0.008,-0.876,0.483,0,0.483,0.876,-1,0.007,-0.004],"_shiftlockState":false,"_pose":"FreeFall","_animationQueue":[["fall",0.3]],"_animationSpeed":1,"_zoom":20.656},{"_mousePosition":[627,320],"_rootPartCFrame":[747.936,227.392,47.251,-0.007,0,1,0,1,0,-1,0,-0.007],"_humanoidState":5,"_cameraCFrame":[757.915,246.978,47.175,-0.008,-0.876,0.483,0,0.483,0.876,-1,0.007,-0.004],"_shiftlockState":false,"_pose":"FreeFall","_animationQueue":[],"_animationSpeed":1,"_zoom":20.656},{"_mousePosition":[627,320],"_rootPartCFrame":[747.736,227.35,47.252,-0.007,0,1,0,1,0,-1,0,-0.007],"_humanoidState":5,"_cameraCFrame":[757.715,246.935,47.177,-0.008,-0.876,0.483,0,0.483,0.876,-1,0.007,-0.004],"_shiftlockState":false,"_pose":"FreeFall","_animationQueue":[],"_animationSpeed":1,"_zoom":20.656},{"_mousePosition":[627,320],"_rootPartCFrame":[747.47,227.245,47.254,-0.007,0,1,0,1,0,-1,0,-0.007],"_humanoidState":5,"_cameraCFrame":[757.448,246.831,47.179,-0.008,-0.876,0.483,0,0.483,0.876,-1,0.007,-0.004],"_shiftlockState":false,"_pose":"FreeFall","_animationQueue":[],"_animationSpeed":1,"_zoom":20.656},{"_mousePosition":[627,320],"_rootPartCFrame":[747.203,227.086,47.256,-0.007,0,1,0,1,0,-1,0,-0.007],"_humanoidState":5,"_cameraCFrame":[757.182,246.672,47.181,-0.008,-0.876,0.483,0,0.483,0.876,-1,0.007,-0.004],"_shiftlockState":false,"_pose":"FreeFall","_animationQueue":[],"_animationSpeed":1,"_zoom":20.656},{"_mousePosition":[627,320],"_rootPartCFrame":[746.936,226.873,47.258,-0.007,0,1,0,1,0,-1,0,-0.007],"_humanoidState":5,"_cameraCFrame":[756.915,246.458,47.183,-0.008,-0.876,0.483,0,0.483,0.876,-1,0.007,-0.004],"_shiftlockState":false,"_pose":"FreeFall","_animationQueue":[],"_animationSpeed":1,"_zoom":20.656},{"_mousePosition":[627,320],"_rootPartCFrame":[746.67,226.605,47.261,-0.007,0,1,0,1,0,-1,0,-0.007],"_humanoidState":5,"_cameraCFrame":[756.649,246.19,47.185,-0.008,-0.876,0.483,0,0.483,0.876,-1,0.007,-0.004],"_shiftlockState":false,"_pose":"FreeFall","_animationQueue":[],"_animationSpeed":1,"_zoom":20.656},{"_mousePosition":[627,320],"_rootPartCFrame":[746.403,226.282,47.263,-0.007,0,1,0,1,0,-1,0,-0.007],"_humanoidState":5,"_cameraCFrame":[756.382,245.868,47.187,-0.008,-0.876,0.483,0,0.483,0.876,-1,0.007,-0.004],"_shiftlockState":false,"_pose":"FreeFall","_animationQueue":[["fall",0.3]],"_animationSpeed":1,"_zoom":20.656},{"_mousePosition":[627,320],"_rootPartCFrame":[746.137,225.905,47.265,-0.007,0,1,0,1,0,-1,0,-0.007],"_humanoidState":5,"_cameraCFrame":[756.151,245.471,47.189,-0.008,-0.875,0.485,0,0.485,0.875,-1,0.007,-0.004],"_shiftlockState":false,"_pose":"FreeFall","_animationQueue":[],"_animationSpeed":1,"_zoom":20.656},{"_mousePosition":[627,320],"_rootPartCFrame":[745.803,225.357,47.267,-0.007,0,1,0,1,0,-1,0,-0.007],"_humanoidState":5,"_cameraCFrame":[755.853,244.904,47.191,-0.008,-0.874,0.487,0,0.487,0.874,-1,0.007,-0.004],"_shiftlockState":false,"_pose":"FreeFall","_animationQueue":[],"_animationSpeed":1,"_zoom":20.656},{"_mousePosition":[627,320],"_rootPartCFrame":[745.603,224.988,47.269,-0.008,0,1,0,1,0,-1,0,-0.008],"_humanoidState":5,"_cameraCFrame":[755.723,244.495,47.192,-0.008,-0.872,0.49,0,0.49,0.872,-1,0.007,-0.004],"_shiftlockState":false,"_pose":"FreeFall","_animationQueue":[],"_animationSpeed":1,"_zoom":20.656},{"_mousePosition":[627,320],"_rootPartCFrame":[745.337,224.447,47.271,-0.008,0,1,0,1,0,-1,0,-0.008],"_humanoidState":5,"_cameraCFrame":[755.526,243.915,47.193,-0.008,-0.87,0.493,0,0.493,0.87,-1,0.007,-0.004],"_shiftlockState":false,"_pose":"FreeFall","_animationQueue":[],"_animationSpeed":1,"_zoom":20.656},{"_mousePosition":[627,320],"_rootPartCFrame":[745.07,223.852,47.273,-0.008,0,1,0,1,0,-1,0,-0.008],"_humanoidState":5,"_cameraCFrame":[755.434,243.22,47.168,-0.01,-0.865,0.502,0,0.502,0.865,-1,0.009,-0.005],"_shiftlockState":false,"_pose":"FreeFall","_animationQueue":[],"_animationSpeed":1,"_zoom":20.656},{"_mousePosition":[627,320],"_rootPartCFrame":[744.737,223.032,47.275,-0.008,0,1,0,1,0,-1,0,-0.008],"_humanoidState":5,"_cameraCFrame":[755.24,242.318,47.169,-0.01,-0.861,0.508,0,0.508,0.861,-1,0.009,-0.005],"_shiftlockState":false,"_pose":"FreeFall","_animationQueue":[["fall",0.3]],"_animationSpeed":1,"_zoom":20.656},{"_mousePosition":[627,320],"_rootPartCFrame":[744.537,222.499,47.277,-0.008,0,1,0,1,0,-1,0,-0.008],"_humanoidState":5,"_cameraCFrame":[755.143,241.723,47.143,-0.013,-0.858,0.513,0,0.514,0.858,-1,0.011,-0.006],"_shiftlockState":false,"_pose":"FreeFall","_animationQueue":[],"_animationSpeed":1,"_zoom":20.656},{"_mousePosition":[627,320],"_rootPartCFrame":[744.204,221.542,47.281,-0.008,0,1,0,1,0,-1,0,-0.008],"_humanoidState":5,"_cameraCFrame":[754.914,240.705,47.145,-0.013,-0.855,0.518,0,0.519,0.855,-1,0.011,-0.007],"_shiftlockState":false,"_pose":"FreeFall","_animationQueue":[],"_animationSpeed":1,"_zoom":20.656},{"_mousePosition":[627,320],"_rootPartCFrame":[744.004,220.927,47.283,-0.008,0,1,0,1,0,-1,0,-0.008],"_humanoidState":5,"_cameraCFrame":[754.816,240.027,47.119,-0.015,-0.852,0.523,0,0.524,0.852,-1,0.013,-0.008],"_shiftlockState":false,"_pose":"FreeFall","_animationQueue":[],"_animationSpeed":1,"_zoom":20.656},{"_mousePosition":[627,320],"_rootPartCFrame":[743.737,220.06,47.286,-0.009,0,1,0,1,0,-1,0,-0.009],"_humanoidState":5,"_cameraCFrame":[754.618,239.117,47.121,-0.015,-0.85,0.527,0,0.527,0.85,-1,0.013,-0.008],"_shiftlockState":false,"_pose":"FreeFall","_animationQueue":[],"_animationSpeed":1,"_zoom":20.656},{"_mousePosition":[627,320],"_rootPartCFrame":[743.404,219.013,47.291,-0.01,0,1,0,1,0,-1,0,-0.01],"_humanoidState":7,"_cameraCFrame":[754.353,238.028,47.125,-0.015,-0.848,0.53,0,0.53,0.848,-1,0.013,-0.008],"_shiftlockState":false,"_pose":"FreeFall","_animationQueue":[["walk",0.1],["fall",0.3],["fall",0.3]],"_animationSpeed":1,"_zoom":20.656},{"_mousePosition":[627,320],"_rootPartCFrame":[743.137,218.956,47.295,-0.011,0,1,0,1,0,-1,0,-0.011],"_humanoidState":7,"_cameraCFrame":[754.155,237.928,47.128,-0.015,-0.846,0.533,0,0.533,0.846,-1,0.013,-0.008],"_shiftlockState":false,"_pose":"FreeFall","_animationQueue":[],"_animationSpeed":1,"_zoom":20.656},{"_mousePosition":[627,320],"_rootPartCFrame":[742.871,219.046,47.299,-0.011,0,1,0,1,0,-1,0,-0.011],"_humanoidState":8,"_cameraCFrame":[753.956,237.975,47.131,-0.015,-0.844,0.537,0,0.537,0.844,-1,0.013,-0.008],"_shiftlockState":false,"_pose":"Running","_animationQueue":[["fall",0.3],["walk",0.1],["fall",0.3],["walk",0.1]],"_animationSpeed":1.103,"_zoom":20.656},{"_mousePosition":[627,320],"_rootPartCFrame":[742.604,219.114,47.303,-0.012,0,1,0,1,0,-1,0,-0.012],"_humanoidState":8,"_cameraCFrame":[753.757,237.999,47.134,-0.015,-0.842,0.54,0,0.54,0.842,-1,0.013,-0.008],"_shiftlockState":false,"_pose":"Running","_animationQueue":[],"_animationSpeed":1.103,"_zoom":20.656},{"_mousePosition":[627,320],"_rootPartCFrame":[742.337,219.153,47.307,-0.012,0,1,0,1,0,-1,0,-0.012],"_humanoidState":8,"_cameraCFrame":[753.559,237.995,47.137,-0.015,-0.839,0.543,0,0.543,0.84,-1,0.013,-0.008],"_shiftlockState":false,"_pose":"Running","_animationQueue":[],"_animationSpeed":1.103,"_zoom":20.656},{"_mousePosition":[627,320],"_rootPartCFrame":[742.071,219.175,47.312,-0.013,0,1,0,1,0,-1,0,-0.013],"_humanoidState":8,"_cameraCFrame":[753.292,238.016,47.141,-0.015,-0.839,0.543,0,0.543,0.84,-1,0.013,-0.008],"_shiftlockState":false,"_pose":"Running","_animationQueue":[],"_animation