[{"_mousePosition":[637,336],"_rootPartCFrame":[776.028,222.7,47.142,0,0,1,0,1,0,-1,0,0],"_humanoidState":8,"_cameraCFrame":[785.405,242.602,46.832,-0.033,-0.89,0.454,0,0.454,0.891,-0.999,0.029,-0.015],"_shiftlockState":false,"_pose":"Standing","_animationQueue":[],"_animationSpeed":1,"_zoom":20.656},{"_mousePosition":[637,336],"_rootPartCFrame":[775.856,222.695,47.148,-0.003,0,1,0,1,0,-1,0,-0.003],"_humanoidState":8,"_cameraCFrame":[785.233,242.597,46.838,-0.033,-0.89,0.454,0,0.454,0.891,-0.999,0.029,-0.015],"_shiftlockState":false,"_pose":"Standing","_animationQueue":[],"_animationSpeed":1,"_zoom":20.656},{"_mousePosition":[637,336],"_rootPartCFrame":[775.592,222.696,47.156,-0.007,0,1,0,1,0,-1,0,-0.007],"_humanoidState":8,"_cameraCFrame":[784.969,242.599,46.847,-0.033,-0.89,0.454,0,0.454,0.891,-0.999,0.029,-0.015],"_shiftlockState":false,"_pose":"Running","_animationQueue":[["walk",0.1]],"_animationSpeed":1.003,"_zoom":20.656},{"_mousePosition":[637,336],"_rootPartCFrame":[775.325,222.698,47.165,-0.011,0,1,0,1,0,-1,0,-0.011],"_humanoidState":8,"_cameraCFrame":[784.702,242.6,46.855,-0.033,-0.89,0.454,0,0.454,0.891,-0.999,0.029,-0.015],"_shiftlockState":false,"_pose":"Running","_animationQueue":[["walk",0.1]],"_animationSpeed":1.101,"_zoom":20.656},{"_mousePosition":[636,336],"_rootPartCFrame":[775.059,222.699,47.174,-0.014,0,1,0,1,0,-1,0,-0.014],"_humanoidState":8,"_cameraCFrame":[784.436,242.601,46.864,-0.033,-0.89,0.454,0,0.454,0.891,-0.999,0.029,-0.015],"_shiftlockState":false,"_pose":"Running","_animationQueue":[["walk",0.1]],"_animationSpeed":1.101,"_zoom":20.656},{"_mousePosition":[636,336],"_rootPartCFrame":[774.792,222.699,47.183,-0.016,0,1,0,1,0,-1,0,-0.016],"_humanoidState":8,"_cameraCFrame":[784.169,242.602,46.873,-0.033,-0.89,0.454,0,0.454,0.891,-0.999,0.029,-0.015],"_shiftlockState":false,"_pose":"Running","_animationQueue":[],"_animationSpeed":1.101,"_zoom":20.656},{"_mousePosition":[637,336],"_rootPartCFrame":[774.526,222.699,47.192,-0.019,0,1,0,1,0,-1,0,-0.019],"_humanoidState":8,"_cameraCFrame":[783.903,242.602,46.882,-0.033,-0.89,0.454,0,0.454,0.891,-0.999,0.029,-0.015],"_shiftlockState":false,"_pose":"Running","_animationQueue":[],"_animationSpeed":1.101,"_zoom":20.656},{"_mousePosition":[638,336],"_rootPartCFrame":[774.259,222.699,47.2,-0.021,0,1,0,1,0,-1,0,-0.021],"_humanoidState":8,"_cameraCFrame":[783.636,242.602,46.891,-0.033,-0.89,0.454,0,0.454,0.891,-0.999,0.029,-0.015],"_shiftlockState":false,"_pose":"Running","_animationQueue":[],"_animationSpeed":1.101,"_zoom":20.656},{"_mousePosition":[639,336],"_rootPartCFrame":[773.993,222.7,47.209,-0.022,0,1,0,1,0,-1,0,-0.022],"_humanoidState":8,"_cameraCFrame":[783.37,242.602,46.899,-0.033,-0.89,0.454,0,0.454,0.891,-0.999,0.029,-0.015],"_shiftlockState":false,"_pose":"Running","_animationQueue":[],"_animationSpeed":1.101,"_zoom":20.656},{"_mousePosition":[639,336],"_rootPartCFrame":[773.727,222.7,47.218,-0.024,0,1,0,1,0,-1,0,-0.024],"_humanoidState":8,"_cameraCFrame":[783.103,242.602,46.908,-0.033,-0.89,0.454,0,0.454,0.891,-0.999,0.029,-0.015],"_shiftlockState":false,"_pose":"Running","_animationQueue":[],"_animationSpeed":1.101,"_zoom":20.656},{"_mousePosition":[639,336],"_rootPartCFrame":[773.46,222.7,47.227,-0.025,0,1,0,1,0,-1,0,-0.025],"_humanoidState":8,"_cameraCFrame":[782.837,242.602,46.917,-0.033,-0.89,0.454,0,0.454,0.891,-0.999,0.029,-0.015],"_shiftlockState":false,"_pose":"Running","_animationQueue":[["walk",0.1]],"_animationSpeed":1.101,"_zoom":20.656},{"_mousePosition":[639,336],"_rootPartCFrame":[773.194,222.7,47.236,-0.026,0,1,0,1,0,-1,0,-0.026],"_humanoidState":8,"_cameraCFrame":[782.57,242.602,46.926,-0.033,-0.89,0.454,0,0.454,0.891,-0.999,0.029,-0.015],"_shiftlockState":false,"_pose":"Running","_animationQueue":[],"_animationSpeed":1.101,"_zoom":20.656},{"_mousePosition":[639,336],"_rootPartCFrame":[772.927,222.7,47.244,-0.027,0,1,0,1,0,-1,0,-0.027],"_humanoidState":8,"_cameraCFrame":[782.304,242.602,46.935,-0.033,-0.89,0.454,0,0.454,0.891,-0.999,0.029,-0.015],"_shiftlockState":false,"_pose":"Running","_animationQueue":[],"_animationSpeed":1.101,"_zoom":20.656},{"_mousePosition":[639,336],"_rootPartCFrame":[772.594,223.783,47.255,-0.028,0,1,0,1,0,-1,0,-0.028],"_humanoidState":3,"_cameraCFrame":[781.971,243.686,46.946,-0.033,-0.89,0.454,0,0.454,0.891,-0.999,0.029,-0.015],"_shiftlockState":false,"_pose":"Jumping","_animationQueue":[["walk",0.1],["jump",0.1]],"_animationSpeed":1,"_zoom":20.656},{"_mousePosition":[639,336],"_rootPartCFrame":[772.394,224.395,47.262,-0.029,0,1,0,1,0,-1,0,-0.029],"_humanoidState":5,"_cameraCFrame":[781.771,244.297,46.952,-0.033,-0.89,0.454,0,0.454,0.891,-0.999,0.029,-0.015],"_shiftlockState":false,"_pose":"FreeFall","_animationQueue":[["jump",0.1]],"_animationSpeed":1,"_zoom":20.656},{"_mousePosition":[639,336],"_rootPartCFrame":[772.127,225.162,47.271,-0.029,0,1,0,1,0,-1,0,-0.029],"_humanoidState":5,"_cameraCFrame":[781.504,245.065,46.961,-0.033,-0.89,0.454,0,0.454,0.891,-0.999,0.029,-0.015],"_shiftlockState":false,"_pose":"FreeFall","_animationQueue":[],"_animationSpeed":1,"_zoom":20.656},{"_mousePosition":[639,336],"_rootPartCFrame":[771.861,225.875,47.28,-0.03,0,1,0,1,0,-1,0,-0.03],"_humanoidState":5,"_cameraCFrame":[781.202,245.796,46.971,-0.033,-0.891,0.452,0,0.452,0.892,-0.999,0.029,-0.015],"_shiftlockState":false,"_pose":"FreeFall","_animationQueue":[],"_animationSpeed":1,"_zoom":20.656},{"_mousePosition":[639,336],"_rootPartCFrame":[771.527,226.69,47.291,-0.03,0,1,0,1,0,-1,0,-0.03],"_humanoidState":5,"_cameraCFrame":[780.833,246.629,47.007,-0.03,-0.892,0.451,0,0.451,0.893,-1,0.027,-0.014],"_shiftlockState":false,"_pose":"FreeFall","_animationQueue":[],"_animationSpeed":1,"_zoom":20.656},{"_mousePosition":[639,336],"_rootPartCFrame":[771.327,227.138,47.297,-0.031,0,1,0,1,0,-1,0,-0.031],"_humanoidState":5,"_cameraCFrame":[780.598,247.095,47.038,-0.028,-0.893,0.449,0,0.449,0.894,-1,0.025,-0.013],"_shiftlockState":false,"_pose":"FreeFall","_animationQueue":[],"_animationSpeed":1,"_zoom":20.656},{"_mousePosition":[639,336],"_rootPartCFrame":[771.061,227.687,47.306,-0.031,0,1,0,1,0,-1,0,-0.031],"_humanoidState":5,"_cameraCFrame":[780.295,247.662,47.047,-0.028,-0.894,0.447,0,0.447,0.894,-1,0.025,-0.013],"_shiftlockState":false,"_pose":"FreeFall","_animationQueue":[],"_animationSpeed":1,"_zoom":20.656},{"_mousePosition":[639,336],"_rootPartCFrame":[770.728,228.298,47.315,-0.03,0,1,0,1,0,-1,0,-0.03],"_humanoidState":5,"_cameraCFrame":[779.927,248.291,47.081,-0.025,-0.895,0.445,0,0.445,0.895,-1,0.023,-0.011],"_shiftlockState":false,"_pose":"FreeFall","_animationQueue":[],"_animationSpeed":1,"_zoom":20.656},{"_mousePosition":[639,336],"_rootPartCFrame":[770.528,228.623,47.321,-0.03,0,1,0,1,0,-1,0,-0.03],"_humanoidState":5,"_cameraCFrame":[779.655,248.652,47.111,-0.023,-0.897,0.442,0,0.442,0.897,-1,0.021,-0.01],"_shiftlockState":false,"_pose":"FreeFall","_animationQueue":[],"_animationSpeed":1,"_zoom":20.656},{"_mousePosition":[639,336],"_rootPartCFrame":[770.261,229.009,47.327,-0.03,0,1,0,1,0,-1,0,-0.03],"_humanoidState":5,"_cameraCFrame":[779.353,249.055,47.142,-0.02,-0.898,0.44,0,0.44,0.898,-1,0.018,-0.009],"_shiftlockState":false,"_pose":"FreeFall","_animationQueue":[],"_animationSpeed":1,"_zoom":20.656},{"_mousePosition":[639,336],"_rootPartCFrame":[769.994,229.34,47.334,-0.029,0,1,0,1,0,-1,0,-0.029],"_humanoidState":5,"_cameraCFrame":[779.051,249.405,47.172,-0.018,-0.899,0.438,0,0.439,0.899,-1,0.016,-0.008],"_shiftlockState":false,"_pose":"FreeFall","_animationQueue":[],"_animationSpeed":1,"_zoom":20.656},{"_mousePosition":[639,336],"_rootPartCFrame":[769.728,229.617,47.339,-0.028,0,1,0,1,0,-1,0,-0.028],"_humanoidState":5,"_cameraCFrame":[778.712,249.717,47.224,-0.013,-0.9,0.435,0,0.435,0.9,-1,0.012,-0.006],"_shiftlockState":false,"_pose":"FreeFall","_animationQueue":[],"_animationSpeed":1,"_zoom":20.656},{"_mousePosition":[639,336],"_rootPartCFrame":[769.395,229.887,47.345,-0.026,0,1,0,1,0,-1,0,-0.026],"_humanoidState":5,"_cameraCFrame":[778.307,250.021,47.254,-0.01,-0.902,0.431,0,0.431,0.902,-1,0.009,-0.004],"_shiftlockState":false,"_pose":"FreeFall","_animationQueue":[],"_animationSpeed":1,"_zoom":20.656},{"_mousePosition":[639,336],"_rootPartCFrame":[769.128,230.042,47.349,-0.025,0,1,0,1,0,-1,0,-0.025],"_humanoidState":5,"_cameraCFrame":[777.968,250.21,47.281,-0.008,-0.904,0.428,0,0.428,0.904,-1,0.007,-0.003],"_shiftlockState":false,"_pose":"FreeFall","_animationQueue":[],"_animationSpeed":1,"_zoom":20.656},{"_mousePosition":[639,336],"_rootPartCFrame":[768.928,230.122,47.351,-0.023,0,1,0,1,0,-1,0,-0.023],"_humanoidState":5,"_cameraCFrame":[777.732,250.308,47.328,-0.003,-0.905,0.426,0,0.426,0.905,-1,0.002,-0.001],"_shiftlockState":false,"_pose":"FreeFall","_animationQueue":[],"_animationSpeed":1,"_zoom":20.656},{"_mousePosition":[639,336],"_rootPartCFrame":[768.661,230.181,47.353,-0.021,0,1,0,1,0,-1,0,-0.021],"_humanoidState":5,"_cameraCFrame":[777.392,250.401,47.33,-0.003,-0.906,0.423,0,0.423,0.906,-1,0.002,-0.001],"_shiftlockState":false,"_pose":"FreeFall","_animationQueue":[],"_animationSpeed":1,"_zoom":20.656},{"_mousePosition":[639,336],"_rootPartCFrame":[768.395,230.185,47.354,-0.019,0,1,0,1,0,-1,0,-0.019],"_humanoidState":5,"_cameraCFrame":[777.126,250.405,47.331,-0.003,-0.906,0.423,0,0.423,0.906,-1,0.002,-0.001],"_shiftlockState":false,"_pose":"FreeFall","_animationQueue":[],"_animationSpeed":1,"_zoom":20.656},{"_mousePosition":[639,336],"_rootPartCFrame":[768.128,230.135,47.355,-0.017,0,1,0,1,0,-1,0,-0.017],"_humanoidState":5,"_cameraCFrame":[776.823,250.372,47.354,0,-0.907,0.421,0,0.421,0.907,-1,0,0],"_shiftlockState":false,"_pose":"FreeFall","_animationQueue":[],"_animationSpeed":1,"_zoom":20.656},{"_mousePosition":[639,336],"_rootPartCFrame":[767.862,230.031,47.355,-0.015,0,1,0,1,0,-1,0,-0.015],"_humanoidState":5,"_cameraCFrame":[776.519,250.285,47.354,0,-0.908,0.419,0,0.419,0.908,-1,0,0],"_shiftlockState":false,"_pose":"FreeFall","_animationQueue":[["fall",0.3]],"_animationSpeed":1,"_zoom":20.656},{"_mousePosition":[639,336],"_rootPartCFrame":[767.595,229.872,47.356,-0.013,0,1,0,1,0,-1,0,-0.013],"_humanoidState":5,"_cameraCFrame":[776.216,250.143,47.354,0,-0.909,0.417,0,0.417,0.909,-1,0,0],"_shiftlockState":false,"_pose":"FreeFall","_animationQueue":[],"_animationSpeed":1,"_zoom":20.656},{"_mousePosition":[639,336],"_rootPartCFrame":[767.328,229.658,47.356,-0.011,0,1,0,1,0,-1,0,-0.011],"_humanoidState":5,"_cameraCFrame":[775.95,249.929,47.355,0,-0.909,0.417,0,0.417,0.909,-1,0,0],"_shiftlockState":false,"_pose":"FreeFall","_animationQueue":[],"_animationSpeed":1,"_zoom":20.656},{"_mousePosition":[639,336],"_rootPartCFrame":[767.062,229.39,47.356,-0.009,0,1,0,1,0,-1,0,-0.009],"_humanoidState":5,"_cameraCFrame":[775.646,249.678,47.355,0,-0.91,0.416,0,0.416,0.91,-1,0,0],"_shiftlockState":false,"_pose":"FreeFall","_animationQueue":[],"_animationSpeed":1,"_zoom":20.656},{"_mousePosition":[639,336],"_rootPartCFrame":[766.795,229.068,47.356,-0.008,0,1,0,1,0,-1,0,-0.008],"_humanoidState":5,"_cameraCFrame":[775.343,249.372,47.355,0,-0.91,0.414,0,0.414,0.91,-1,0,0],"_shiftlockState":false,"_pose":"FreeFall","_animationQueue":[],"_animationSpeed":1,"_zoom":20.656},{"_mousePosition":[639,336],"_rootPartCFrame":[766.529,228.691,47.356,-0.007,0,1,0,1,0,-1,0,-0.007],"_humanoidState":5,"_cameraCFrame":[775.04,249.012,47.376,0.002,-0.911,0.412,0,0.412,0.911,-1,-0.002,0.001],"_shiftlockState":false,"_pose":"FreeFall","_animationQueue":[],"_animationSpeed":1,"_zoom":20.656},{"_mousePosition":[639,336],"_rootPartCFrame":[766.262,228.259,47.356,-0.006,0,1,0,1,0,-1,0,-0.006],"_humanoidState":5,"_cameraCFrame":[774.7,248.613,47.376,0.002,-0.913,0.408,0,0.408,0.913,-1,-0.002,0.001],"_shiftlockState":false,"_pose":"FreeFall","_animationQueue":[],"_animationSpeed":1,"_zoom":20.656},{"_mousePosition":[639,336],"_rootPartCFrame":[765.995,227.773,47.355,-0.005,0,1,0,1,0,-1,0,-0.005],"_humanoidState":5,"_cameraCFrame":[774.323,248.176,47.375,0.002,-0.915,0.403,0,0.403,0.915,-1,-0.002,0.001],"_shiftlockState":false,"_pose":"FreeFall","_animationQueue":[["fall",0.3]],"_animationSpeed":1,"_zoom":20.656},{"_mousePosition":[639,336],"_rootPartCFrame":[765.729,227.233,47.355,-0.004,0,1,0,1,0,-1,0,-0.004],"_humanoidState":5,"_cameraCFrame":[773.946,247.684,47.374,0.002,-0.917,0.398,0,0.398,0.917,-1,-0.002,0.001],"_shiftlockState":false,"_pose":"FreeFall","_animationQueue":[],"_animationSpeed":1,"_zoom":20.656},{"_mousePosition":[639,336],"_rootPartCFrame":[765.462,226.638,47.354,-0.003,0,1,0,1,0,-1,0,-0.003],"_humanoidState":5,"_cameraCFrame":[773.605,247.121,47.373,0.002,-0.919,0.394,0,0.394,0.919,-1,-0.002,0.001],"_shiftlockState":false,"_pose":"FreeFall","_animationQueue":[],"_animationSpeed":1,"_zoom":20.656},{"_mousePosition":[639,336],"_rootPartCFrame":[765.196,225.988,47.353,-0.002,0,1,0,1,0,-1,0,-0.002],"_humanoidState":5,"_cameraCFrame":[773.265,246.503,47.373,0.002,-0.921,0.391,0,0.391,0.921,-1,-0.002,0.001],"_shiftlockState":false,"_pose":"FreeFall","_animationQueue":[],"_animationSpeed":1,"_zoom":20.656},{"_mousePosition":[639,336],"_rootPartCFrame":[764.929,225.284,47.353,-0.002,0,1,0,1,0,-1,0,-0.002],"_humanoidState":5,"_cameraCFrame":[772.924,245.83,47.372,0.002,-0.922,0.387,0,0.387,0.922,-1,-0.002,0.001],"_shiftlockState":false,"_pose":"FreeFall","_animationQueue":[],"_animationSpeed":1,"_zoom":20.656},{"_mousePosition":[639,336],"_rootPartCFrame":[764.662,224.526,47.352,-0.001,0,1,0,1,0,-1,0,-0.001],"_humanoidState":5,"_cameraCFrame":[772.583,245.103,47.371,0.002,-0.924,0.383,0,0.383,0.924,-1,-0.002,0.001],"_shiftlockState":false,"_pose":"FreeFall","_animationQueue":[],"_animationSpeed":1,"_zoom":20.656},{"_mousePosition":[639,336],"_rootPartCFrame":[764.396,223.713,47.351,-0.001,0,1,0,1,0,-1,0,-0.001],"_humanoidState":5,"_cameraCFrame":[772.242,244.321,47.35,0,-0.925,0.38,0,0.38,0.925,-1,0,0],"_shiftlockState":false,"_pose":"FreeFall","_animationQueue":[["fall",0.3]],"_animationSpeed":1,"_zoom":20.656},{"_mousePosition":[639,336],"_rootPartCFrame":[764.129,222.845,47.351,0,0,1,0,1,0,-1,0,0],"_humanoidState":7,"_cameraCFrame":[771.901,243.484,47.31,-0.005,-0.927,0.376,0,0.376,0.927,-1,0.005,-0.002],"_shiftlockState":false,"_pose":"FreeFall","_animationQueue":[["walk",0.1],["fall",0.3],["fall",0.3]],"_animationSpeed":1,"_zoom":20.656},{"_mousePosition":[639,336],"_rootPartCFrame":[763.863,222.433,47.351,0,0,1,0,1,0,-1,0,0],"_humanoidState":7,"_cameraCFrame":[771.559,243.101,47.291,-0.008,-0.928,0.373,0,0.373,0.928,-1,0.007,-0.003],"_shiftlockState":false,"_pose":"FreeFall","_animationQueue":[],"_animationSpeed":1,"_zoom":20.656},{"_mousePosition":[639,336],"_rootPartCFrame":[763.529,222.531,47.352,-0.001,0,1,0,1,0,-1,0,-0.001],"_humanoidState":8,"_cameraCFrame":[771.189,243.214,47.293,-0.008,-0.929,0.371,0,0.371,0.929,-1,0.007,-0.003],"_shiftlockState":false,"_pose":"Running","_animationQueue":[["walk",0.1],["fall",0.3],["walk",0.1]],"_animationSpeed":1.103,"_zoom":20.656},{"_mousePosition":[639,336],"_rootPartCFrame":[763.263,223.394,47.354,-0.001,0,1,0,1,0,-1,0,-0.001],"_humanoidState":3,"_cameraCFrame":[770.922,244.077,47.294,-0.008,-0.929,0.371,0,0.371,0.929,-1,0.007,-0.003],"_shiftlockState":false,"_pose":"Jumping","_animationQueue":[["walk",0.1],["jump",0.1]],"_animationSpeed":1,"_zoom":20.656},{"_mousePosition":[639,336],"_rootPartCFrame":[762.996,224.202,47.356,-0.002,0,1,0,1,0,-1,0,-0.002],"_humanoidState":5,"_cameraCFrame":[770.655,244.886,47.296,-0.008,-0.929,0.371,0,0.371,0.929,-1,0.007,-0.003],"_shiftlockState":false,"_pose":"FreeFall","_animationQueue":[["jump",0.1]],"_animationSpeed":1,"_zoom":20.656},{"_mousePosition":[639,336],"_rootPartCFrame":[762.729,224.956,47.358,-0.003,0,1,0,1,0,-1,0,-0.003],"_humanoidState":5,"_cameraCFrame":[770.389,245.64,47.298,-0.008,-0.929,0.371,0,0.371,0.929,-1,0.007,-0.003],"_shiftlockState":false,"_pose":"FreeFall","_animationQueue":[],"_animationSpeed":1,"_zoom":20.656},{"_mousePosition":[639,336],"_rootPartCFrame":[762.463,225.656,47.36,-0.004,0,1,0,1,0,-1,0,-0.004],"_humanoidState":5,"_cameraCFrame":[770.122,246.339,47.301,-0.008,-0.929,0.371,0,0.371,0.929,-1,0.007,-0.003],"_shiftlockState":false,"_pose":"FreeFall","_animationQueue":[],"_animationSpeed":1,"_zoom":20.656},{"_mousePosition":[639,336],"_rootPartCFrame":[762.196,226.3,47.362,-0.004,0,1,0,1,0,-1,0,-0.004],"_humanoidState":5,"_cameraCFrame":[769.856,246.984,47.303,-0.008,-0.929,0.371,0,0.371,0.929,-1,0.007,-0.003],"_shiftlockState":false,"_pose":"FreeFall","_animationQueue":[],"_animationSpeed":1,"_zoom":20.656},{"_mousePosition":[639,336],"_rootPartCFrame":[761.93,226.891,47.364,-0.005,0,1,0,1,0,-1,0,-0.005],"_humanoidState":5,"_cameraCFrame":[769.589,247.574,47.285,-0.01,-0.929,0.371,0,0.371,0.929,-1,0.01,-0.004],"_shiftlockState":false,"_pose":"FreeFall","_animationQueue":[],"_animationSpeed":1,"_zoom":20.656},{"_mousePosition":[639,336],"_rootPartCFrame":[761.663,227.427,47.366,-0.005,0,1,0,1,0,-1,0,-0.005],"_humanoidState":5,"_cameraCFrame":[769.285,248.125,47.268,-0.013,-0.929,0.369,0,0.369,0.929,-1,0.012,-0.005],"_shiftlockState":false,"_pose":"FreeFall","_animationQueue":[],"_animationSpeed":1,"_zoom":20.656},{"_mousePosition":[639,336],"_rootPartCFrame":[761.396,227.908,47.368,-0.006,0,1,0,1,0,-1,0,-0.006],"_humanoidState":5,"_cameraCFrame":[768.98,248.621,47.252,-0.015,-0.93,0.367,0,0.367,0.93,-1,0.014,-0.006],"_shiftlockState":false,"_pose":"FreeFall","_animationQueue":[],"_animationSpeed":1,"_zoom":20.656},{"_mousePosition":[639,336],"_rootPartCFrame":[761.13,228.335,47.372,-0.007,0,1,0,1,0,-1,0,-0.007],"_humanoidState":5,"_cameraCFrame":[768.676,249.063,47.237,-0.018,-0.931,0.365,0,0.365,0.931,-1,0.017,-0.007],"_shiftlockState":false,"_pose":"FreeFall","_animationQueue":[],"_animationSpeed":1,"_zoom":20.656},{"_mousePosition":[639,336],"_rootPartCFrame":[760.863,228.707,47.376,-0.008,0,1,0,1,0,-1,0,-0.008],"_humanoidState":5,"_cameraCFrame":[768.333,249.465,47.205,-0.023,-0.932,0.362,0,0.362,0.932,-1,0.021,-0.008],"_shiftlockState":false,"_pose":"FreeFall","_animationQueue":[],"_animationSpeed":1,"_zoom":20.656},{"_mousePosition":[639,336],"_rootPartCFrame":[760.597,229.025,47.38,-0.009,0,1,0,1,0,-1,0,-0.009],"_humanoidState":5,"_cameraCFrame":[768.066,249.782,47.19,-0.025,-0.932,0.362,0,0.362,0.932,-1,0.024,-0.009],"_shiftlockState":false,"_pose":"FreeFall","_animationQueue":[],"_animationSpeed":1,"_zoom":20.656},{"_mousePosition":[639,336],"_rootPartCFrame":[760.33,229.289,47.386,-0.011,0,1,0,1,0,-1,0,-0.011],"_humanoidState":5,"_cameraCFrame":[767.762,250.06,47.178,-0.028,-0.933,0.36,0,0.36,0.933,-1,0.026,-0.01],"_shiftlockState":false,"_pose":"FreeFall","_animationQueue":[],"_animationSpeed":1,"_zoom":20.656},{"_mousePosition":[639,336],"_rootPartCFrame":[760.063,229.498,47.393,-0.013,0,1,0,1,0,-1,0,-0.013],"_humanoidState":5,"_cameraCFrame":[767.457,250.284,47.167,-0.03,-0.933,0.358,0,0.358,0.934,-1,0.028,-0.011],"_shiftlockState":false,"_pose":"FreeFall","_animationQueue":[],"_animationSpeed":1,"_zoom":20.656},{"_mousePosition":[639,336],"_rootPartCFrame":[759.797,229.652,47.4,-0.015,0,1,0,1,0,-1,0,-0.015],"_humanoidState":5,"_cameraCFrame":[767.152,250.452,47.157,-0.033,-0.934,0.356,0,0.356,0.934,-0.999,0.031,-0.012],"_shiftlockState":false,"_pose":"FreeFall","_animationQueue":[],"_animationSpeed":1,"_zoom":20.656},{"_mousePosition":[639,336],"_rootPartCFrame":[759.53,229.752,47.408,-0.017,0,1,0,1,0,-1,0,-0.017],"_humanoidState":5,"_cameraCFrame":[766.848,250.567,47.167,-0.033,-0.935,0.354,0,0.354,0.935,-0.999,0.031,-0.012],"_shiftlockState":false,"_pose":"FreeFall","_animationQueue":[],"_animationSpeed":1,"_zoom":20.656},{"_mousePosition":[639,336],"_rootPartCFrame":[759.264,229.797,47.417,-0.019,0,1,0,1,0,-1,0,-0.019],"_humanoidState":5,"_cameraCFrame":[766.582,250.612,47.175,-0.033,-0.935,0.354,0,0.354,0.935,-0.999,0.031,-0.012],"_shiftlockState":false,"_pose":"FreeFall","_animationQueue":[],"_animationSpeed":1,"_zoom":20.656},{"_mousePosition":[639,336],"_rootPartCFrame":[758.997,229.788,47.426,-0.021,0,1,0,1,0,-1,0,-0.021],"_humanoidState":5,"_cameraCFrame":[766.314,250.603,47.166,-0.036,-0.934,0.354,0,0.354,0.935,-0.999,0.033,-0.013],"_shiftlockState":false,"_pose":"FreeFall","_animationQueue":[],"_animationSpeed":1,"_zoom":20.656},{"_mousePosition":[639,336],"_rootPartCFrame":[758.73,229.725,47.435,-0.023,0,1,0,1,0,-1,0,-0.023],"_humanoidState":5,"_cameraCFrame":[766.048,250.539,47.174,-0.036,-0.934,0.354,0,0.354,0.935,-0.999,0.033,-0.013],"_shiftlockState":false,"_pose":"FreeFall","_animationQueue":[["fall",0.3]],"_animationSpeed":1,"_zoom":20.656},{"_mousePosition":[639,336],"_rootPartCFrame":[758.464,229.607,47.444,-0.024,0,1,0,1,0,-1,0,-0.024],"_humanoidState":5,"_cameraCFrame":[765.781,250.421,47.184,-0.036,-0.934,0.354,0,0.354,0.935,-0.999,0.033,-0.013],"_shiftlockState":false,"_pose":"FreeFall","_animationQueue":[],"_animationSpeed":1,"_zoom":20.656},{"_mousePosition":[639,336],"_rootPartCFrame":[758.197,229.434,47.454,-0.026,0,1,0,1,0,-1,0,-0.026],"_humanoidState":5,"_cameraCFrame":[765.514,250.249,47.193,-0.036,-0.934,0.354,0,0.354,0.935,-0.999,0.033,-0.013],"_shiftlockState":false,"_pose":"FreeFall","_animationQueue":[],"_animationSpeed":1,"_zoom":20.656},{"_mousePosition":[639,336],"_rootPartCFrame":[757.931,229.207,47.463,-0.027,0,1,0,1,0,-1,0,-0.027],"_humanoidState":5,"_cameraCFrame":[765.248,250.022,47.203,-0.036,-0.934,0.354,0,0.354,0.935,-0.999,0.033,-0.013],"_shiftlockState":false,"_pose":"FreeFall","_animationQueue":[],"_animationSpeed":1,"_zoom":20.656},{"_mousePosition":[639,336],"_rootPartCFrame":[757.664,228.925,47.473,-0.028,0,1,0,1,0,-1,0,-0.028],"_humanoidState":5,"_cameraCFrame":[764.943,249.754,47.195,-0.038,-0.935,0.352,0,0.353,0.936,-0.999,0.036,-0.013],"_shiftlockState":false,"_pose":"FreeFall","_animationQueue":[],"_animationSpeed":1,"_zoom":20.656},{"_mousePosition":[639,336],"_rootPartCFrame":[757.397,228.589,47.482,-0.029,0,1,0,1,0,-1,0,-0.029],"_humanoidState":5,"_cameraCFrame":[764.676,249.418,47.205,-0.038,-0.935,0.352,0,0.353,0.936,-0.999,0.036,-0.013],"_shiftlockState":false,"_pose":"FreeFall","_animationQueue":[],"_animationSpeed":1,"_zoom":20.656},{"_mousePosition":[639,336],"_rootPartCFrame":[757.131,228.198,47.492,-0.03,0,1,0,1,0,-1,0,-0.03],"_humanoidState":5,"_cameraCFrame":[764.41,249.027,47.215,-0.038,-0.935,0.352,0,0.353,0.936,-0.999,0.036,-0.013],"_shiftlockState":false,"_pose":"FreeFall","_animationQueue":[],"_animationSpeed":1,"_zoom":20.656},{"_mousePosition":[639,336],"_rootPartCFrame":[756.865,227.753,47.502,-0.032,0,1,0,1,0,-1,0,-0.032],"_humanoidState":5,"_cameraCFrame":[764.144,248.582,47.225,-0.038,-0.935,0.352,0,0.353,0.936,-0.999,0.036,-0.013],"_shiftlockState":false,"_pose":"FreeFall","_animationQueue":[["fall",0.3]],"_animationSpeed":1,"_zoom":20.656},{"_mousePosition":[639,336],"_rootPartCFrame":[756.598,227.254,47.512,-0.032,0,0.999,0,1,0,-0.999,0,-0.032],"_humanoidState":5,"_cameraCFrame":[763.877,248.083,47.235,-0.038,-0.935,0.352,0,0.353,0.936,-0.999,0.036,-0.013],"_shiftlockState":false,"_pose":"FreeFall","_animationQueue":[],"_animationSpeed":1,"_zoom":20.656},{"_mousePosition":[639,336],"_rootPartCFrame":[756.332,226.7,47.522,-0.033,0,0.999,0,1,0,-0.999,0,-0.033],"_humanoidState":5,"_cameraCFrame":[763.611,247.529,47.245,-0.038,-0.935,0.352,0,0.353,0.936,-0.999,0.036,-0.013],"_shiftlockState":false,"_pose":"FreeFall","_animationQueue":[],"_animationSpeed":1,"_zoom":20.656},{"_mousePosition":[639,336],"_rootPartCFrame":[756.066,226.091,47.533,-0.034,0,0.999,0,1,0,-0.999,0,-0.034],"_humanoidState":5,"_cameraCFrame":[763.345,246.92,47.255,-0.038,-0.935,0.352,0,0.353,0.936,-0.999,0.036,-0.013],"_shiftlockState":false,"_pose":"FreeFall","_animationQueue":[],"_animationSpeed":1,"_zoom":20.656},{"_mousePosition":[639,336],"_rootPartCFrame":[755.799,225.428,47.543,-0.035,0,0.999,0,1,0,-0.999,0,-0.035],"_humanoidState":5,"_cameraCFrame":[763.078,246.257,47.265,-0.038,-0.935,0.352,0,0.353,0.936,-0.999,0.036,-0.013],"_shiftlockState":false,"_pose":"FreeFall","_animationQueue":[],"_animationSpeed":1,"_zoom":20.656},{"_mousePosition":[639,336],"_rootPartCFrame":[755.533,224.71,47.553,-0.035,0,0.999,0,1,0,-0.999,0,-0.035],"_humanoidState":5,"_cameraCFrame":[762.812,245.539,47.276,-0.038,-0.935,0.352,0,0.353,0.936,-0.999,0.036,-0.013],"_shiftlockState":false,"_pose":"FreeFall","_animationQueue":[],"_animationSpeed":1,"_zoom":20.656},{"_mousePosition":[639,336],"_rootPartCFrame":[755.266,223.938,47.563,-0.035,0,0.999,0,1,0,-0.999,0,-0.035],"_humanoidState":5,"_cameraCFrame":[762.545,244.767,47.286,-0.038,-0.935,0.352,0,0.353,0.936,-0.999,0.036,-0.013],"_shiftlockState":false,"_pose":"FreeFall","_animationQueue":[["fall",0.3]],"_animationSpeed":1,"_zoom":20.656},{"_mousePosition":[639,336],"_rootPartCFrame":[755,223.112,47.573,-0.036,0,0.999,0,1,0,-0.999,0,-0.036],"_humanoidState":5,"_cameraCFrame":[762.279,243.941,47.296,-0.038,-0.935,0.352,0,0.353,0.936,-0.999,0.036,-0.013],"_shiftlockState":false,"_pose":"FreeFall","_animationQueue":[],"_animationSpeed":1,"_zoom":20.656},{"_mousePosition":[639,336],"_rootPartCFrame":[754.734,222.504,47.583,-0.036,0,0.999,0,1,0,-0.999,0,-0.036],"_humanoidState":7,"_cameraCFrame":[762.013,243.333,47.306,-0.038,-0.935,0.352,0,0.353,0.936,-0.999,0.036,-0.013],"_shiftlockState":false,"_pose":"FreeFall","_animationQueue":[["walk",0.1],["fall",0.3],["fall",0.3]],"_animationSpeed":1,"_zoom":20.656},{"_mousePosition":[639,336],"_rootPartCFrame":[754.467,222.512,47.594,-0.036,0,0.999,0,1,0,-0.999,0,-0.036],"_humanoidState":7,"_cameraCFrame":[761.746,243.341,47.316,-0.038,-0.935,0.352,0,0.353,0.936,-0.999,0.036,-0.013],"_shiftlockState":false,"_pose":"FreeFall","_animationQueue":[],"_animationSpeed":1,"_zoom":20.656},{"_mousePosition":[639,336],"_rootPartCFrame":[754.134,222.601,47.606,-0.037,0,0.999,0,1,0,-0.999,0,-0.037],"_humanoidState":8,"_cameraCFrame":[761.413,243.43,47.329,-0.038,-0.935,0.352,0,0.353,0.936,-0.999,0.036,-0.013],"_shiftlockState":false,"_pose":"Running","_animationQueue":[["walk",0.1],["fall",0.3],["walk",0.1]],"_animationSpeed":1.103,"_zoom":20.656},{"_mousePosition":[639,336],"_rootPartCFrame":[753.868,223.464,47.616,-0.037,0,0.999,0,1,0,-0.999,0,-0.037],"_humanoidState":3,"_cameraCFrame":[761.148,244.293,47.357,-0.036,-0.935,0.352,0,0.353,0.936,-0.999,0.033,-0.013],"_shiftlockState":false,"_pose":"Jumping","_animationQueue":[["walk",0.1],["jump",0.1]],"_animationSpeed":1,"_zoom":20.656},{"_mousePosition":[639,336],"_rootPartCFrame":[753.535,224.466,47.629,-0.037,0,0.999,0,1,0,-0.999,0,-0.037],"_humanoidState":5,"_cameraCFrame":[760.816,245.295,47.407,-0.03,-0.935,0.352,0,0.353,0.936,-1,0.029,-0.011],"_shiftlockState":false,"_pose":"FreeFall","_animationQueue":[["jump",0.1]],"_animationSpeed":1,"_zoom":20.656},{"_mousePosition":[639,336],"_rootPartCFrame":[753.335,225.027,47.636,-0.037,0,0.999,0,1,0,-0.999,0,-0.037],"_humanoidState":5,"_cameraCFrame":[760.654,245.841,47.432,-0.028,-0.935,0.354,0,0.354,0.935,-1,0.026,-0.01],"_shiftlockState":false,"_pose":"FreeFall","_animationQueue":[],"_animationSpeed":1,"_zoom":20.656},{"_mousePosition":[639,336],"_rootPartCFrame":[753.068,225.726,47.645,-0.036,0,0.999,0,1,0,-0.999,0,-0.036],"_humanoidState":5,"_cameraCFrame":[760.388,246.541,47.477,-0.023,-0.935,0.354,0,0.354,0.935,-1,0.021,-0.008],"_shiftlockState":false,"_pose":"FreeFall","_animationQueue":[],"_animationSpeed":1,"_zoom":20.656},{"_mousePosition":[639,336],"_rootPartCFrame":[752.802,226.371,47.652,-0.035,0,0.999,0,1,0,-0.999,0,-0.035],"_humanoidState":5,"_cameraCFrame":[760.16,247.171,47.502,-0.02,-0.934,0.356,0,0.356,0.934,-1,0.019,-0.007],"_shiftlockState":false,"_pose":"FreeFall","_animationQueue":[],"_animationSpeed":1,"_zoom":20.656},{"_mousePosition":[639,336],"_rootPartCFrame":[752.469,227.1,47.66,-0.034,0,0.999,0,1,0,-0.999,0,-0.034],"_humanoidState":5,"_cameraCFrame":[759.827,247.901,47.51,-0.02,-0.934,0.356,0,0.356,0.934,-1,0.019,-0.007],"_shiftlockState":false,"_pose":"FreeFall","_animationQueue":[],"_animationSpeed":1,"_zoom":20.656},{"_mousePosition":[639,336],"_rootPartCFrame":[752.269,227.497,47.664,-0.032,0,0.999,0,1,0,-0.999,0,-0.032],"_humanoidState":5,"_cameraCFrame":[759.627,248.298,47.533,-0.018,-0.934,0.356,0,0.356,0.934,-1,0.017,-0.006],"_shiftlockState":false,"_pose":"FreeFall","_animationQueue":[],"_animationSpeed":1,"_zoom":20.656},{"_mousePosition":[639,336],"_rootPartCFrame":[752.002,227.979,47.67,-0.031,0,1,0,1,0,-1,0,-0.031],"_humanoidState":5,"_cameraCFrame":[759.361,248.779,47.557,-0.015,-0.934,0.356,0,0.356,0.934,-1,0.014,-0.005],"_shiftlockState":false,"_pose":"FreeFall","_animationQueue":[],"_animationSpeed":1,"_zoom":20.656},{"_mousePosition":[639,336],"_rootPartCFrame":[751.735,228.405,47.674,-0.029,0,1,0,1,0,-1,0,-0.029],"_humanoidState":5,"_cameraCFrame":[759.094,249.206,47.562,-0.015,-0.934,0.356,0,0.356,0.934,-1,0.014,-0.005],"_shiftlockState":false,"_pose":"FreeFall","_animationQueue":[],"_animationSpeed":1,"_zoom":20.656},{"_mousePosition":[639,336],"_rootPartCFrame":[751.402,228.862,47.68,-0.027,0,1,0,1,0,-1,0,-0.027],"_humanoidState":5,"_cameraCFrame":[758.761,249.663,47.567,-0.015,-0.934,0.356,0,0.356,0.934,-1,0.014,-0.005],"_shiftlockState":false,"_pose":"FreeFall","_animationQueue":[],"_animationSpeed":1,"_zoom":20.656},{"_mousePosition":[639,336],"_rootPartCFrame":[751.202,229.096,47.683,-0.025,0,1,0,1,0,-1,0,-0.025],"_humanoidState":5,"_cameraCFrame":[758.561,249.896,47.57,-0.015,-0.934,0.356,0,0.356,0.934,-1,0.014,-0.005],"_shiftlockState":false,"_pose":"FreeFall","_animationQueue":[],"_animationSpeed":1,"_zoom":20.656},{"_mousePosition":[639,336],"_rootPartCFrame":[750.936,229.359,47.687,-0.024,0,1,0,1,0,-1,0,-0.024],"_humanoidState":5,"_cameraCFrame":[758.294,250.16,47.574,-0.015,-0.934,0.356,0,0.356,0.934,-1,0.014,-0.005],"_shiftlockState":false,"_pose":"FreeFall","_animationQueue":[],"_animationSpeed":1,"_zoom":20.656},{"_mousePosition":[639,336],"_rootPartCFrame":[750.669,229.568,47.691,-0.023,0,1,0,1,0,-1,0,-0.023],"_humanoidState":5,"_cameraCFrame":[758.028,250.369,47.578,-0.015,-0.934,0.356,0,0.356,0.934,-1,0.014,-0.005],"_shiftlockState":false,"_pose":"FreeFall","_animationQueue":[],"_animationSpeed":1,"_zoom":20.656},{"_mousePosition":[639,336],"_rootPartCFrame":[750.402,229.722,47.695,-0.022,0,1,0,1,0,-1,0,-0.022],"_humanoidState":5,"_cameraCFrame":[757.761,250.523,47.582,-0.015,-0.934,0.356,0,0.356,0.934,-1,0.014,-0.005],"_shiftlockState":false,"_pose":"FreeFall","_animationQueue":[],"_animationSpeed":1,"_zoom":20.656},{"_mousePosition":[639,336],"_rootPartCFrame":[750.136,229.822,47.699,-0.021,0,1,0,1,0,-1,0,-0.021],"_humanoidState":5,"_cameraCFrame":[757.495,250.623,47.586,-0.015,-0.934,0.356,0,0.356,0.934,-1,0.014,-0.005],"_shiftlockState":false,"_pose":"FreeFall","_animationQueue":[],"_animationSpeed":1,"_zoom":20.656},{"_mousePosition":[639,336],"_rootPartCFrame":[749.869,229.868,47.703,-0.02,0,1,0,1,0,-1,0,-0.02],"_humanoidState":5,"_cameraCFrame":[757.228,250.668,47.609,-0.013,-0.934,0.356,0,0.356,0.934,-1,0.012,-0.005],"_shiftlockState":false,"_pose":"FreeFall","_animationQueue":[],"_animationSpeed":1,"_zoom":20.656},{"_mousePosition":[639,336],"_rootPartCFrame":[749.603,229.859,47.707,-0.019,0,1,0,1,0,-1,0,-0.019],"_humanoidState":5,"_cameraCFrame":[756.962,250.659,47.613,-0.013,-0.934,0.356,0,0.356,0.934,-1,0.012,-0.005],"_shiftlockState":false,"_pose":"FreeFall","_animationQueue":[],"_animationSpeed":1,"_zoom":20.656},{"_mousePosition":[639,336],"_rootPartCFrame":[749.336,229.795,47.711,-0.019,0,1,0,1,0,-1,0,-0.019],"_humanoidState":5,"_cameraCFrame":[756.695,250.596,47.617,-0.013,-0.934,0.356,0,0.356,0.934,-1,0.012,-0.005],"_shiftlockState":false,"_pose":"FreeFall","_animationQueue":[],"_animationSpeed":1,"_zoom":20.656},{"_mousePosition":[639,336],"_rootPartCFrame":[749.069,229.677,47.714,-0.018,0,1,0,1,0,-1,0,-0.018],"_humanoidState":5,"_cameraCFrame":[756.428,250.477,47.62,-0.013,-0.934,0.356,0,0.356,0.934,-1,0.012,-0.005],"_shiftlockState":false,"_pose":"FreeFall","_animationQueue":[],"_animationSpeed":1,"_zoom":20.656},{"_mousePosition":[639,336],"_rootPartCFrame":[748.803,229.504,47.718,-0.017,0,1,0,1,0,-1,0,-0.017],"_humanoidState":5,"_cameraCFrame":[756.162,250.305,47.624,-0.013,-0.934,0.356,0,0.356,0.934,-1,0.012,-0.005],"_shiftlockState":false,"_pose":"FreeFall","_animationQueue":[],"_animationSpeed":1,"_zoom":20.656},{"_mousePosition":[639,336],"_rootPartCFrame":[748.536,229.277,47.721,-0.016,0,1,0,1,0,-1,0,-0.016],"_humanoidState":5,"_cameraCFrame":[755.895,250.078,47.627,-0.013,-0.934,0.356,0,0.356,0.934,-1,0.012,-0.005],"_shiftlockState":false,"_pose":"FreeFall","_animationQueue":[],"_animationSpeed":1,"_zoom":20.656},{"_mousePosition":[639,336],"_rootPartCFrame":[748.203,228.917,47.725,-0.016,0,1,0,1,0,-1,0,-0.016],"_humanoidState":5,"_cameraCFrame":[755.562,249.717,47.631,-0.013,-0.934,0.356,0,0.356,0.934,-1,0.012,-0.005],"_shiftlockState":false,"_pose":"FreeFall","_animationQueue":[],"_animationSpeed":1,"_zoom":20.656},{"_mousePosition":[639,336],"_rootPartCFrame":[748.003,228.66,47.728,-0.016,0,1,0,1,0,-1,0,-0.016],"_humanoidState":5,"_cameraCFrame":[755.362,249.46,47.634,-0.013,-0.934,0.356,0,0.356,0.934,-1,0.012,-0.005],"_shiftlockState":false,"_pose":"FreeFall","_animationQueue":[["fall",0.3]],"_animationSpeed":1,"_zoom":20.656},{"_mousePosition":[639,336],"_rootPartCFrame":[747.736,228.269,47.731,-0.015,0,1,0,1,0,-1,0,-0.015],"_humanoidState":5,"_cameraCFrame":[755.095,249.069,47.637,-0.013,-0.934,0.356,0,0.356,0.934,-1,0.012,-0.005],"_shiftlockState":false,"_pose":"FreeFall","_animationQueue":[],"_animationSpeed":1,"_zoom":20.656},{"_mousePosition":[639,336],"_rootPartCFrame":[747.47,227.824,47.735,-0.015,0,1,0,1,0,-1,0,-0.015],"_humanoidState":5,"_cameraCFrame":[754.829,248.624,47.641,-0.013,-0.934,0.356,0,0.356,0.934,-1,0.012,-0.005],"_shiftlockState":false,"_pose":"FreeFall","_animationQueue":[],"_animationSpeed":1,"_zoom":20.656},{"_mousePosition":[639,336],"_rootPartCFrame":[747.203,227.324,47.738,-0.015,0,1,0,1,0,-1,0,-0.015],"_humanoidState":5,"_cameraCFrame":[754.562,248.125,47.644,-0.013,-0.934,0.356,0,0.356,0.934,-1,0.012,-0.005],"_shiftlockState":false,"_pose":"FreeFall","_animationQueue":[],"_animationSpeed":1,"_zoom":20.656},{"_mousePosition":[639,336],"_rootPartCFrame":[746.937,226.77,47.741,-0.014,0,1,0,1,0,-1,0,-0.014],"_humanoidState":5,"_cameraCFrame":[754.296,247.571,47.647,-0.013,-0.934,0.356,0,0.356,0.934,-1,0.012,-0.005],"_shiftlockState":false,"_pose":"FreeFall","_animationQueue":[],"_animationSpeed":1,"_zoom":20.656},{"_mousePosition":[639,336],"_rootPartCFrame":[746.67,226.161,47.745,-0.014,0,1,0,1,0,-1,0,-0.014],"_humanoidState":5,"_cameraCFrame":[754.029,246.962,47.651,-0.013,-0.934,0.356,0,0.356,0.934,-1,0.012,-0.005],"_shiftlockState":false,"_pose":"FreeFall","_animationQueue":[],"_animationSpeed":1,"_zoom":20.656},{"_mousePosition":[639,336],"_rootPartCFrame":[746.403,225.498,47.748,-0.014,0,1,0,1,0,-1,0,-0.014],"_humanoidState":5,"_cameraCFrame":[753.762,246.299,47.654,-0.013,-0.934,0.356,0,0.356,0.934,-1,0.012,-0.005],"_shiftlockState":false,"_pose":"FreeFall","_animationQueue":[],"_animationSpeed":1,"_zoom":20.656},{"_mousePosition":[639,336],"_rootPartCFrame":[746.137,224.781,47.752,-0.014,0,1,0,1,0,-1,0,-0.014],"_humanoidState":5,"_cameraCFrame":[753.496,245.581,47.658,-0.013,-0.934,0.356,0,0.356,0.934,-1,0.012,-0.005],"_shiftlockState":false,"_pose":"FreeFall","_animationQueue":[["fall",0.3]],"_animationSpeed":1,"_zoom":20.656},{"_mousePosition":[639,336],"_rootPartCFrame":[745.87,224.009,47.755,-0.014,0,1,0,1,0,-1,0,-0.014],"_humanoidState":5,"_cameraCFrame":[753.229,244.809,47.661,-0.013,-0.934,0.356,0,0.356,0.934,-1,0.012,-0.005],"_shiftlockState":false,"_pose":"FreeFall","_animationQueue":[],"_animationSpeed":1,"_zoom":20.656},{"_mousePosition":[639,336],"_rootPartCFrame":[745.604,223.182,47.758,-0.013,0,1,0,1,0,-1,0,-0.013],"_humanoidState":5,"_cameraCFrame":[752.963,243.983,47.664,-0.013,-0.934,0.356,0,0.356,0.934,-1,0.012,-0.005],"_shiftlockState":false,"_pose":"FreeFall","_animationQueue":[],"_animationSpeed":1,"_zoom":20.656},{"_mousePosition":[639,336],"_rootPartCFrame":[745.337,222.415,47.762,-0.013,0,1,0,1,0,-1,0,-0.013],"_humanoidState":7,"_cameraCFrame":[752.696,243.216,47.668,-0.013,-0.934,0.356,0,0.356,0.934,-1,0.012,-0.005],"_shiftlockState":false,"_pose":"FreeFall","_animationQueue":[["walk",0.1],["fall",0.3],["fall",0.3]],"_animationSpeed":1,"_zoom":20.656},{"_mousePosition":[639,336],"_rootPartCFrame":[745.07,222.4,47.765,-0.013,0,1,0,1,0,-1,0,-0.013],"_humanoidState":7,"_cameraCFrame":[752.429,243.201,47.671,-0.013,-0.934,0.356,0,0.356,0.934,-1,0.012,-0.005],"_shiftlockState":false,"_pose":"FreeFall","_animationQueue":[],"_animationSpeed":1,"_zoom":20.656},{"_mousePosition":[639,336],"_rootPartCFrame":[744.737,222.541,47.769,-0.013,0,1,0,1,0,-1,0,-0.013],"_humanoidState":8,"_cameraCFrame":[752.096,243.341,47.675,-0.013,-0.934,0.356,0,0.356,0.934,-1,0.012,-0.005],"_shiftlockState":false,"_pose":"Running","_animationQueue":[["walk",0.1],["fall",0.3],["walk",0.1]],"_animationSpeed":1.103,"_zoom":20.656},{"_mousePosition":[639,336],"_rootPartCFrame":[744.471,223.414,47.773,-0.013,0,1,0,1,0,-1,0,-0.013],"_humanoidState":3,"_cameraCFrame":[751.83,244.214,47.679,-0.013,-0.934,0.356,0,0.356,0.934,-1,0.012,-0.005],"_shiftlockState":false,"_pose":"Jumping","_animationQueue":[["walk",0.1],["walk",0.1],["jump",0.1]],"_animationSpeed":1,"_zoom":20.656},{"_mousePosition":[639,336],"_rootPartCFrame":[744.204,224.236,47.776,-0.013,0,1,0,1,0,-1,0,-0.013],"_humanoidState":5,"_cameraCFrame":[751.563,245.036,47.682,-0.013,-0.934,0.356,0,0.356,0.934,-1,0.012,-0.005],"_shiftlockState":false,"_pose":"FreeFall","_animationQueue":[["jump",0.1]],"_animationSpeed":1,"_zoom":20.656},{"_mousePosition":[639,336],"_rootPartCFrame":[743.937,225.003,47.78,-0.013,0,1,0,1,0,-1,0,-0.013],"_humanoidState":5,"_cameraCFrame":[751.296,245.804,47.686,-0.013,-0.934,0.356,0,0.356,0.934,-1,0.012,-0.005],"_shiftlockState":false,"_pose":"FreeFall","_animationQueue":[],"_animationSpeed":1,"_zoom":20.656},{"_mousePosition":[639,336],"_rootPartCFrame":[743.671,225.716,47.783,-0.013,0,1,0,1,0,-1,0,-0.013],"_humanoidState":5,"_cameraCFrame":[751.03,246.517,47.689,-0.013,-0.934,0.356,0,0.356,0.934,-1,0.012,-0.005],"_shiftlockState":false,"_pose":"FreeFall","_animationQueue":[],"_animationSpeed":1,"_zoom":20.656},{"_mousePosition":[639,336],"_rootPartCFrame":[743.404,226.375,47.786,-0.013,0,1,0,1,0,-1,0,-0.013],"_humanoidState":5,"_cameraCFrame":[750.763,247.175,47.692,-0.013,-0.934,0.356,0,0.356,0.934,-1,0.012,-0.005],"_shiftlockState":false,"_pose":"FreeFall","_animationQueue":[],"_animationSpeed":1,"_zoom":20.656},{"_mousePosition":[639,336],"_rootPartCFrame":[743.138,226.979,47.79,-0.013,0,1,0,1,0,-1,0,-0.013],"_humanoidState":5,"_cameraCFrame":[750.497,247.779,47.696,-0.013,-0.934,0.356,0,0.356,0.934,-1,0.012,-0.005],"_shiftlockState":false,"_pose":"FreeFall","_animationQueue":[],"_animationSpeed":1,"_zoom":20.656},{"_mousePosition":[639,336],"_rootPartCFrame":[742.871,227.528,47.793,-0.013,0,1,0,1,0,-1,0,-0.013],"_humanoidState":5,"_cameraCFrame":[750.23,248.329,47.699,-0.013,-0.934,0.356,0,0.356,0.934,-1,0.012,-0.005],"_shiftlockState":false,"_pose":"FreeFall","_animationQueue":[],"_animationSpeed":1,"_zoom":20.656},{"_mousePosition":[639,336],"_rootPartCFrame":[742.604,228.023,47.797,-0.013,0,1,0,1,0,-1,0,-0.013],"_humanoidState":5,"_cameraCFrame":[749.963,248.824,47.703,-0.013,-0.934,0.356,0,0.356,0.934,-1,0.012,-0.005],"_shiftlockState":false,"_pose":"FreeFall","_animationQueue":[],"_animationSpeed":1,"_zoom":20.656},{"_mousePosition":[639,336],"_rootPartCFrame":[742.338,228.464,47.8,-0.013,0,1,0,1,0,-1,0,-0.013],"_humanoidState":5,"_cameraCFrame":[749.697,249.264,47.706,-0.013,-0.934,0.356,0,0.356,0.934,-1,0.012,-0.005],"_shiftlockState":false,"_pose":"FreeFall","_animationQueue":[],"_animationSpeed":1,"_zoom":20.656},{"_mousePosition":[639,336],"_rootPartC