[{"_mousePosition":[642,333],"_rootPartCFrame":[776.023,222.7,47.142,0.004,0,1,0,1,0,-1,0,0.004],"_humanoidState":8,"_cameraCFrame":[792.446,236.727,47.224,0.005,-0.606,0.795,0,0.795,0.606,-1,-0.003,0.004],"_shiftlockState":false,"_pose":"Standing","_animationQueue":[],"_animationSpeed":1,"_zoom":20.656},{"_mousePosition":[642,333],"_rootPartCFrame":[775.776,222.7,47.142,0.003,0,1,0,1,0,-1,0,0.003],"_humanoidState":8,"_cameraCFrame":[792.076,236.887,47.306,0.01,-0.614,0.789,0,0.789,0.614,-1,-0.006,0.008],"_shiftlockState":false,"_pose":"Standing","_animationQueue":[],"_animationSpeed":1,"_zoom":20.656},{"_mousePosition":[642,333],"_rootPartCFrame":[775.51,222.7,47.141,0.003,0,1,0,1,0,-1,0,0.003],"_humanoidState":8,"_cameraCFrame":[791.735,236.982,47.387,0.015,-0.619,0.785,0,0.786,0.619,-1,-0.009,0.012],"_shiftlockState":false,"_pose":"Running","_animationQueue":[["walk",0.1]],"_animationSpeed":1.066,"_zoom":20.656},{"_mousePosition":[642,333],"_rootPartCFrame":[775.244,222.7,47.139,0.004,0,1,0,1,0,-1,0,0.004],"_humanoidState":8,"_cameraCFrame":[791.187,237.326,47.541,0.025,-0.635,0.772,0,0.772,0.635,-1,-0.016,0.019],"_shiftlockState":false,"_pose":"Running","_animationQueue":[],"_animationSpeed":1.066,"_zoom":20.656},{"_mousePosition":[642,333],"_rootPartCFrame":[774.977,222.7,47.135,0.006,0,1,0,1,0,-1,0,0.006],"_humanoidState":8,"_cameraCFrame":[790.738,237.543,47.612,0.03,-0.646,0.763,0,0.763,0.646,-1,-0.02,0.023],"_shiftlockState":false,"_pose":"Running","_animationQueue":[],"_animationSpeed":1.066,"_zoom":20.656},{"_mousePosition":[642,333],"_rootPartCFrame":[774.711,222.7,47.128,0.008,0,1,0,1,0,-1,0,0.008],"_humanoidState":8,"_cameraCFrame":[790.259,237.787,47.678,0.035,-0.657,0.753,0,0.753,0.658,-0.999,-0.023,0.027],"_shiftlockState":false,"_pose":"Running","_animationQueue":[],"_animationSpeed":1.066,"_zoom":20.656},{"_mousePosition":[642,333],"_rootPartCFrame":[774.444,222.7,47.12,0.011,0,1,0,1,0,-1,0,0.011],"_humanoidState":8,"_cameraCFrame":[789.777,238.028,47.702,0.038,-0.669,0.742,0,0.743,0.669,-0.999,-0.025,0.028],"_shiftlockState":false,"_pose":"Running","_animationQueue":[],"_animationSpeed":1.066,"_zoom":20.656},{"_mousePosition":[642,333],"_rootPartCFrame":[774.178,222.7,47.111,0.014,0,1,0,1,0,-1,0,0.014],"_humanoidState":8,"_cameraCFrame":[789.318,238.236,47.762,0.043,-0.679,0.733,0,0.734,0.68,-0.999,-0.029,0.032],"_shiftlockState":false,"_pose":"Running","_animationQueue":[],"_animationSpeed":1.066,"_zoom":20.656},{"_mousePosition":[642,333],"_rootPartCFrame":[773.911,222.7,47.101,0.017,0,1,0,1,0,-1,0,0.017],"_humanoidState":8,"_cameraCFrame":[788.829,238.47,47.78,0.045,-0.69,0.722,0,0.723,0.691,-0.999,-0.031,0.033],"_shiftlockState":false,"_pose":"Running","_animationQueue":[["walk",0.1]],"_animationSpeed":1.066,"_zoom":20.656},{"_mousePosition":[642,333],"_rootPartCFrame":[773.645,222.7,47.089,0.021,0,1,0,1,0,-1,0,0.021],"_humanoidState":8,"_cameraCFrame":[788.337,238.701,47.796,0.048,-0.701,0.711,0,0.712,0.702,-0.999,-0.034,0.034],"_shiftlockState":false,"_pose":"Running","_animationQueue":[],"_animationSpeed":1.066,"_zoom":20.656},{"_mousePosition":[642,333],"_rootPartCFrame":[773.378,222.7,47.077,0.024,0,1,0,1,0,-1,0,0.024],"_humanoidState":8,"_cameraCFrame":[787.841,238.929,47.809,0.051,-0.712,0.7,0,0.701,0.713,-0.999,-0.036,0.035],"_shiftlockState":false,"_pose":"Running","_animationQueue":[],"_animationSpeed":1.066,"_zoom":20.656},{"_mousePosition":[642,333],"_rootPartCFrame":[773.112,222.7,47.065,0.027,0,1,0,1,0,-1,0,0.027],"_humanoidState":8,"_cameraCFrame":[787.282,239.208,47.853,0.056,-0.725,0.686,0,0.687,0.727,-0.998,-0.04,0.038],"_shiftlockState":false,"_pose":"Running","_animationQueue":[],"_animationSpeed":1.066,"_zoom":20.656},{"_mousePosition":[642,333],"_rootPartCFrame":[772.846,222.7,47.051,0.03,0,1,0,1,0,-1,0,0.03],"_humanoidState":8,"_cameraCFrame":[786.719,239.482,47.859,0.058,-0.739,0.672,0,0.673,0.74,-0.998,-0.043,0.039],"_shiftlockState":false,"_pose":"Running","_animationQueue":[],"_animationSpeed":1.066,"_zoom":20.656},{"_mousePosition":[642,333],"_rootPartCFrame":[772.579,222.7,47.036,0.034,0,0.999,0,1,0,-0.999,0,0.034],"_humanoidState":8,"_cameraCFrame":[786.153,239.75,47.827,0.058,-0.752,0.657,0,0.658,0.753,-0.998,-0.044,0.038],"_shiftlockState":false,"_pose":"Running","_animationQueue":[],"_animationSpeed":1.066,"_zoom":20.656},{"_mousePosition":[642,333],"_rootPartCFrame":[772.313,222.717,47.021,0.037,0,0.999,0,1,0,-0.999,0,0.037],"_humanoidState":8,"_cameraCFrame":[785.581,240.029,47.793,0.058,-0.764,0.642,0,0.643,0.766,-0.998,-0.044,0.037],"_shiftlockState":false,"_pose":"Running","_animationQueue":[],"_animationSpeed":1.066,"_zoom":20.656},{"_mousePosition":[642,333],"_rootPartCFrame":[772.047,222.748,47.006,0.04,0,0.999,0,1,0,-0.999,0,0.04],"_humanoidState":8,"_cameraCFrame":[784.817,240.467,47.749,0.058,-0.784,0.618,0,0.619,0.785,-0.998,-0.046,0.036],"_shiftlockState":false,"_pose":"Running","_animationQueue":[["walk",0.1]],"_animationSpeed":1.066,"_zoom":20.656},{"_mousePosition":[642,333],"_rootPartCFrame":[771.781,222.744,46.99,0.042,0,0.999,0,1,0,-0.999,0,0.042],"_humanoidState":8,"_cameraCFrame":[784.168,240.758,47.711,0.058,-0.798,0.6,0,0.601,0.799,-0.998,-0.046,0.035],"_shiftlockState":false,"_pose":"Running","_animationQueue":[],"_animationSpeed":1.066,"_zoom":20.656},{"_mousePosition":[642,333],"_rootPartCFrame":[771.514,222.769,46.975,0.044,0,0.999,0,1,0,-0.999,0,0.044],"_humanoidState":8,"_cameraCFrame":[783.515,241.068,47.643,0.056,-0.812,0.581,0,0.582,0.813,-0.998,-0.045,0.032],"_shiftlockState":false,"_pose":"Running","_animationQueue":[],"_animationSpeed":1.066,"_zoom":20.656},{"_mousePosition":[642,333],"_rootPartCFrame":[771.248,222.793,46.959,0.046,0,0.999,0,1,0,-0.999,0,0.046],"_humanoidState":8,"_cameraCFrame":[782.89,241.346,47.548,0.051,-0.825,0.564,0,0.564,0.826,-0.999,-0.042,0.029],"_shiftlockState":false,"_pose":"Running","_animationQueue":[],"_animationSpeed":1.066,"_zoom":20.656},{"_mousePosition":[642,333],"_rootPartCFrame":[770.982,222.773,46.944,0.048,0,0.999,0,1,0,-0.999,0,0.048],"_humanoidState":8,"_cameraCFrame":[782.258,241.572,47.458,0.045,-0.837,0.546,0,0.546,0.837,-0.999,-0.038,0.025],"_shiftlockState":false,"_pose":"Running","_animationQueue":[],"_animationSpeed":1.066,"_zoom":20.656},{"_mousePosition":[642,333],"_rootPartCFrame":[770.716,222.828,46.931,0.048,0,0.999,0,1,0,-0.999,0,0.048],"_humanoidState":8,"_cameraCFrame":[781.654,241.844,47.401,0.043,-0.847,0.53,0,0.53,0.848,-0.999,-0.036,0.023],"_shiftlockState":false,"_pose":"Running","_animationQueue":[],"_animationSpeed":1.066,"_zoom":20.656},{"_mousePosition":[642,333],"_rootPartCFrame":[770.449,222.85,46.918,0.048,0,0.999,0,1,0,-0.999,0,0.048],"_humanoidState":8,"_cameraCFrame":[781.148,242.013,47.378,0.043,-0.854,0.518,0,0.518,0.855,-0.999,-0.037,0.022],"_shiftlockState":false,"_pose":"Running","_animationQueue":[],"_animationSpeed":1.066,"_zoom":20.656},{"_mousePosition":[642,333],"_rootPartCFrame":[770.183,223.713,46.906,0.047,0,0.999,0,1,0,-0.999,0,0.047],"_humanoidState":3,"_cameraCFrame":[780.676,243,47.331,0.04,-0.86,0.508,0,0.508,0.861,-0.999,-0.035,0.021],"_shiftlockState":false,"_pose":"Jumping","_animationQueue":[["walk",0.1],["walk",0.1],["jump",0.1]],"_animationSpeed":1,"_zoom":20.656},{"_mousePosition":[642,333],"_rootPartCFrame":[769.85,224.715,46.892,0.047,0,0.999,0,1,0,-0.999,0,0.047],"_humanoidState":5,"_cameraCFrame":[780.169,244.104,47.309,0.04,-0.865,0.5,0,0.5,0.866,-0.999,-0.035,0.02],"_shiftlockState":false,"_pose":"FreeFall","_animationQueue":[["jump",0.1]],"_animationSpeed":1,"_zoom":20.656},{"_mousePosition":[642,333],"_rootPartCFrame":[769.65,225.275,46.884,0.046,0,0.999,0,1,0,-0.999,0,0.046],"_humanoidState":5,"_cameraCFrame":[779.83,244.744,47.295,0.04,-0.869,0.493,0,0.493,0.87,-0.999,-0.035,0.02],"_shiftlockState":false,"_pose":"FreeFall","_animationQueue":[],"_animationSpeed":1,"_zoom":20.656},{"_mousePosition":[642,333],"_rootPartCFrame":[769.384,225.975,46.873,0.045,0,0.999,0,1,0,-0.999,0,0.045],"_humanoidState":5,"_cameraCFrame":[779.458,245.503,47.28,0.04,-0.872,0.488,0,0.488,0.873,-0.999,-0.035,0.02],"_shiftlockState":false,"_pose":"FreeFall","_animationQueue":[],"_animationSpeed":1,"_zoom":20.656},{"_mousePosition":[642,333],"_rootPartCFrame":[769.051,226.772,46.859,0.045,0,0.999,0,1,0,-0.999,0,0.045],"_humanoidState":5,"_cameraCFrame":[779.02,246.359,47.263,0.04,-0.875,0.483,0,0.483,0.876,-0.999,-0.035,0.02],"_shiftlockState":false,"_pose":"FreeFall","_animationQueue":[],"_animationSpeed":1,"_zoom":20.656},{"_mousePosition":[642,333],"_rootPartCFrame":[768.851,227.21,46.851,0.044,0,0.999,0,1,0,-0.999,0,0.044],"_humanoidState":5,"_cameraCFrame":[778.679,246.874,47.249,0.04,-0.879,0.476,0,0.476,0.879,-0.999,-0.036,0.019],"_shiftlockState":false,"_pose":"FreeFall","_animationQueue":[],"_animationSpeed":1,"_zoom":20.656},{"_mousePosition":[642,333],"_rootPartCFrame":[768.585,227.746,46.841,0.044,0,0.999,0,1,0,-0.999,0,0.044],"_humanoidState":5,"_cameraCFrame":[778.306,247.467,47.234,0.04,-0.881,0.471,0,0.471,0.882,-0.999,-0.036,0.019],"_shiftlockState":false,"_pose":"FreeFall","_animationQueue":[],"_animationSpeed":1,"_zoom":20.656},{"_mousePosition":[642,333],"_rootPartCFrame":[768.318,228.227,46.83,0.043,0,0.999,0,1,0,-0.999,0,0.043],"_humanoidState":5,"_cameraCFrame":[777.934,248.005,47.219,0.04,-0.884,0.465,0,0.466,0.885,-0.999,-0.036,0.019],"_shiftlockState":false,"_pose":"FreeFall","_animationQueue":[],"_animationSpeed":1,"_zoom":20.656},{"_mousePosition":[642,333],"_rootPartCFrame":[768.052,228.654,46.819,0.043,0,0.999,0,1,0,-0.999,0,0.043],"_humanoidState":5,"_cameraCFrame":[777.596,248.469,47.205,0.04,-0.886,0.462,0,0.462,0.887,-0.999,-0.036,0.019],"_shiftlockState":false,"_pose":"FreeFall","_animationQueue":[],"_animationSpeed":1,"_zoom":20.656},{"_mousePosition":[642,333],"_rootPartCFrame":[767.786,229.026,46.808,0.042,0,0.999,0,1,0,-0.999,0,0.042],"_humanoidState":5,"_cameraCFrame":[777.222,248.897,47.19,0.04,-0.889,0.457,0,0.457,0.889,-0.999,-0.036,0.018],"_shiftlockState":false,"_pose":"FreeFall","_animationQueue":[],"_animationSpeed":1,"_zoom":20.656},{"_mousePosition":[642,333],"_rootPartCFrame":[767.453,229.415,46.795,0.042,0,0.999,0,1,0,-0.999,0,0.042],"_humanoidState":5,"_cameraCFrame":[776.782,249.341,47.172,0.04,-0.891,0.452,0,0.452,0.892,-0.999,-0.036,0.018],"_shiftlockState":false,"_pose":"FreeFall","_animationQueue":[],"_animationSpeed":1,"_zoom":20.656},{"_mousePosition":[642,333],"_rootPartCFrame":[767.253,229.608,46.787,0.042,0,0.999,0,1,0,-0.999,0,0.042],"_humanoidState":5,"_cameraCFrame":[776.474,249.587,47.16,0.04,-0.894,0.446,0,0.447,0.895,-0.999,-0.036,0.018],"_shiftlockState":false,"_pose":"FreeFall","_animationQueue":[],"_animationSpeed":1,"_zoom":20.656},{"_mousePosition":[642,333],"_rootPartCFrame":[766.987,229.817,46.776,0.042,0,0.999,0,1,0,-0.999,0,0.042],"_humanoidState":5,"_cameraCFrame":[776.135,249.832,47.169,0.043,-0.896,0.443,0,0.443,0.896,-0.999,-0.038,0.019],"_shiftlockState":false,"_pose":"FreeFall","_animationQueue":[],"_animationSpeed":1,"_zoom":20.656},{"_mousePosition":[642,333],"_rootPartCFrame":[766.72,229.971,46.765,0.042,0,0.999,0,1,0,-0.999,0,0.042],"_humanoidState":5,"_cameraCFrame":[775.796,250.022,47.178,0.045,-0.897,0.439,0,0.44,0.898,-0.999,-0.041,0.02],"_shiftlockState":false,"_pose":"FreeFall","_animationQueue":[],"_animationSpeed":1,"_zoom":20.656},{"_mousePosition":[642,333],"_rootPartCFrame":[766.454,230.071,46.754,0.042,0,0.999,0,1,0,-0.999,0,0.042],"_humanoidState":5,"_cameraCFrame":[775.457,250.157,47.164,0.045,-0.899,0.436,0,0.436,0.9,-0.999,-0.041,0.02],"_shiftlockState":false,"_pose":"FreeFall","_animationQueue":[],"_animationSpeed":1,"_zoom":20.656},{"_mousePosition":[642,333],"_rootPartCFrame":[766.188,230.116,46.742,0.042,0,0.999,0,1,0,-0.999,0,0.042],"_humanoidState":5,"_cameraCFrame":[775.117,250.238,47.171,0.048,-0.9,0.432,0,0.433,0.901,-0.999,-0.043,0.021],"_shiftlockState":false,"_pose":"FreeFall","_animationQueue":[],"_animationSpeed":1,"_zoom":20.656},{"_mousePosition":[642,333],"_rootPartCFrame":[765.921,230.107,46.73,0.042,0,0.999,0,1,0,-0.999,0,0.042],"_humanoidState":5,"_cameraCFrame":[774.74,250.28,47.198,0.053,-0.903,0.427,0,0.428,0.904,-0.999,-0.048,0.023],"_shiftlockState":false,"_pose":"FreeFall","_animationQueue":[],"_animationSpeed":1,"_zoom":20.656},{"_mousePosition":[642,333],"_rootPartCFrame":[765.655,230.044,46.717,0.043,0,0.999,0,1,0,-0.999,0,0.043],"_humanoidState":5,"_cameraCFrame":[774.399,250.251,47.204,0.056,-0.904,0.423,0,0.424,0.906,-0.998,-0.05,0.024],"_shiftlockState":false,"_pose":"FreeFall","_animationQueue":[],"_animationSpeed":1,"_zoom":20.656},{"_mousePosition":[642,333],"_rootPartCFrame":[765.388,229.926,46.703,0.044,0,0.999,0,1,0,-0.999,0,0.044],"_humanoidState":5,"_cameraCFrame":[774.059,250.167,47.208,0.058,-0.906,0.42,0,0.42,0.907,-0.998,-0.053,0.024],"_shiftlockState":false,"_pose":"FreeFall","_animationQueue":[],"_animationSpeed":1,"_zoom":20.656},{"_mousePosition":[642,333],"_rootPartCFrame":[765.122,229.753,46.688,0.046,0,0.999,0,1,0,-0.999,0,0.046],"_humanoidState":5,"_cameraCFrame":[773.718,250.028,47.21,0.061,-0.907,0.416,0,0.417,0.909,-0.998,-0.055,0.025],"_shiftlockState":false,"_pose":"FreeFall","_animationQueue":[],"_animationSpeed":1,"_zoom":20.656},{"_mousePosition":[642,333],"_rootPartCFrame":[764.856,229.526,46.673,0.047,0,0.999,0,1,0,-0.999,0,0.047],"_humanoidState":5,"_cameraCFrame":[773.378,249.834,47.212,0.063,-0.909,0.413,0,0.413,0.911,-0.998,-0.058,0.026],"_shiftlockState":false,"_pose":"FreeFall","_animationQueue":[["fall",0.3]],"_animationSpeed":1,"_zoom":20.656},{"_mousePosition":[642,333],"_rootPartCFrame":[764.59,229.244,46.657,0.049,0,0.999,0,1,0,-0.999,0,0.049],"_humanoidState":5,"_cameraCFrame":[773.073,249.569,47.215,0.066,-0.909,0.411,0,0.412,0.911,-0.998,-0.06,0.027],"_shiftlockState":false,"_pose":"FreeFall","_animationQueue":[],"_animationSpeed":1,"_zoom":20.656},{"_mousePosition":[642,333],"_rootPartCFrame":[764.324,228.908,46.64,0.051,0,0.999,0,1,0,-0.999,0,0.051],"_humanoidState":5,"_cameraCFrame":[772.771,249.25,47.196,0.066,-0.91,0.409,0,0.41,0.912,-0.998,-0.06,0.027],"_shiftlockState":false,"_pose":"FreeFall","_animationQueue":[],"_animationSpeed":1,"_zoom":20.656},{"_mousePosition":[642,333],"_rootPartCFrame":[764.058,228.518,46.623,0.053,0,0.999,0,1,0,-0.999,0,0.053],"_humanoidState":5,"_cameraCFrame":[772.431,248.892,47.174,0.066,-0.912,0.405,0,0.406,0.914,-0.998,-0.06,0.027],"_shiftlockState":false,"_pose":"FreeFall","_animationQueue":[],"_animationSpeed":1,"_zoom":20.656},{"_mousePosition":[642,333],"_rootPartCFrame":[763.792,228.072,46.605,0.055,0,0.999,0,1,0,-0.999,0,0.055],"_humanoidState":5,"_cameraCFrame":[772.015,248.512,47.188,0.071,-0.915,0.398,0,0.399,0.917,-0.997,-0.065,0.028],"_shiftlockState":false,"_pose":"FreeFall","_animationQueue":[],"_animationSpeed":1,"_zoom":20.656},{"_mousePosition":[642,333],"_rootPartCFrame":[763.525,227.573,46.588,0.056,0,0.998,0,1,0,-0.998,0,0.056],"_humanoidState":5,"_cameraCFrame":[771.599,248.076,47.201,0.076,-0.917,0.391,0,0.392,0.92,-0.997,-0.07,0.03],"_shiftlockState":false,"_pose":"FreeFall","_animationQueue":[],"_animationSpeed":1,"_zoom":20.656},{"_mousePosition":[642,333],"_rootPartCFrame":[763.259,227.019,46.569,0.058,0,0.998,0,1,0,-0.998,0,0.058],"_humanoidState":5,"_cameraCFrame":[771.219,247.569,47.214,0.081,-0.919,0.385,0,0.387,0.922,-0.997,-0.075,0.031],"_shiftlockState":false,"_pose":"FreeFall","_animationQueue":[["fall",0.3]],"_animationSpeed":1,"_zoom":20.656},{"_mousePosition":[642,333],"_rootPartCFrame":[762.993,226.41,46.549,0.06,0,0.998,0,1,0,-0.998,0,0.06],"_humanoidState":5,"_cameraCFrame":[770.911,246.976,47.251,0.088,-0.919,0.383,0,0.385,0.923,-0.996,-0.082,0.034],"_shiftlockState":false,"_pose":"FreeFall","_animationQueue":[],"_animationSpeed":1,"_zoom":20.656},{"_mousePosition":[642,333],"_rootPartCFrame":[762.728,225.747,46.528,0.063,0,0.998,0,1,0,-0.998,0,0.063],"_humanoidState":5,"_cameraCFrame":[770.604,246.328,47.267,0.093,-0.92,0.381,0,0.383,0.924,-0.996,-0.086,0.036],"_shiftlockState":false,"_pose":"FreeFall","_animationQueue":[],"_animationSpeed":1,"_zoom":20.656},{"_mousePosition":[642,333],"_rootPartCFrame":[762.462,225.029,46.504,0.066,0,0.998,0,1,0,-0.998,0,0.066],"_humanoidState":5,"_cameraCFrame":[770.373,245.595,47.267,0.096,-0.919,0.383,0,0.385,0.923,-0.995,-0.089,0.037],"_shiftlockState":false,"_pose":"FreeFall","_animationQueue":[],"_animationSpeed":1,"_zoom":20.656},{"_mousePosition":[642,333],"_rootPartCFrame":[762.196,224.257,46.48,0.07,0,0.998,0,1,0,-0.998,0,0.07],"_humanoidState":5,"_cameraCFrame":[770.108,244.823,47.242,0.096,-0.919,0.383,0,0.385,0.923,-0.995,-0.089,0.037],"_shiftlockState":false,"_pose":"FreeFall","_animationQueue":[],"_animationSpeed":1,"_zoom":20.656},{"_mousePosition":[642,333],"_rootPartCFrame":[761.931,223.431,46.454,0.073,0,0.997,0,1,0,-0.997,0,0.073],"_humanoidState":5,"_cameraCFrame":[769.842,243.996,47.217,0.096,-0.919,0.383,0,0.385,0.923,-0.995,-0.089,0.037],"_shiftlockState":false,"_pose":"FreeFall","_animationQueue":[],"_animationSpeed":1,"_zoom":20.656},{"_mousePosition":[642,333],"_rootPartCFrame":[761.666,222.55,46.428,0.076,0,0.997,0,1,0,-0.997,0,0.076],"_humanoidState":7,"_cameraCFrame":[769.577,243.115,47.191,0.096,-0.919,0.383,0,0.385,0.923,-0.995,-0.089,0.037],"_shiftlockState":false,"_pose":"FreeFall","_animationQueue":[["walk",0.1],["fall",0.3],["fall",0.3]],"_animationSpeed":1,"_zoom":20.656},{"_mousePosition":[642,333],"_rootPartCFrame":[761.4,222.389,46.403,0.079,0,0.997,0,1,0,-0.997,0,0.079],"_humanoidState":7,"_cameraCFrame":[769.312,242.954,47.166,0.096,-0.919,0.383,0,0.385,0.923,-0.995,-0.089,0.037],"_shiftlockState":false,"_pose":"FreeFall","_animationQueue":[["fall",0.3]],"_animationSpeed":1,"_zoom":20.656},{"_mousePosition":[642,333],"_rootPartCFrame":[761.068,222.525,46.371,0.082,0,0.997,0,1,0,-0.997,0,0.082],"_humanoidState":8,"_cameraCFrame":[768.98,243.09,47.134,0.096,-0.919,0.383,0,0.385,0.923,-0.995,-0.089,0.037],"_shiftlockState":false,"_pose":"Running","_animationQueue":[["walk",0.1],["fall",0.3],["walk",0.1]],"_animationSpeed":1.103,"_zoom":20.656},{"_mousePosition":[642,333],"_rootPartCFrame":[760.803,222.603,46.345,0.084,0,0.996,0,1,0,-0.996,0,0.084],"_humanoidState":8,"_cameraCFrame":[768.715,243.169,47.108,0.096,-0.919,0.383,0,0.385,0.923,-0.995,-0.089,0.037],"_shiftlockState":false,"_pose":"Running","_animationQueue":[],"_animationSpeed":1.103,"_zoom":20.656},{"_mousePosition":[642,333],"_rootPartCFrame":[760.538,222.647,46.32,0.086,0,0.996,0,1,0,-0.996,0,0.086],"_humanoidState":8,"_cameraCFrame":[768.449,243.212,47.082,0.096,-0.919,0.383,0,0.385,0.923,-0.995,-0.089,0.037],"_shiftlockState":false,"_pose":"Running","_animationQueue":[],"_animationSpeed":1.103,"_zoom":20.656},{"_mousePosition":[642,333],"_rootPartCFrame":[760.272,222.671,46.294,0.087,0,0.996,0,1,0,-0.996,0,0.087],"_humanoidState":8,"_cameraCFrame":[768.184,243.236,47.057,0.096,-0.919,0.383,0,0.385,0.923,-0.995,-0.089,0.037],"_shiftlockState":false,"_pose":"Running","_animationQueue":[],"_animationSpeed":1.103,"_zoom":20.656},{"_mousePosition":[642,333],"_rootPartCFrame":[760.007,222.684,46.269,0.088,0,0.996,0,1,0,-0.996,0,0.088],"_humanoidState":8,"_cameraCFrame":[767.918,243.25,47.031,0.096,-0.919,0.383,0,0.385,0.923,-0.995,-0.089,0.037],"_shiftlockState":false,"_pose":"Running","_animationQueue":[],"_animationSpeed":1.103,"_zoom":20.656},{"_mousePosition":[642,333],"_rootPartCFrame":[759.742,222.691,46.243,0.089,0,0.996,0,1,0,-0.996,0,0.089],"_humanoidState":8,"_cameraCFrame":[767.653,243.257,47.006,0.096,-0.919,0.383,0,0.385,0.923,-0.995,-0.089,0.037],"_shiftlockState":false,"_pose":"Running","_animationQueue":[],"_animationSpeed":1.103,"_zoom":20.656},{"_mousePosition":[642,333],"_rootPartCFrame":[759.476,222.695,46.217,0.09,0,0.996,0,1,0,-0.996,0,0.09],"_humanoidState":8,"_cameraCFrame":[767.388,243.261,46.98,0.096,-0.919,0.383,0,0.385,0.923,-0.995,-0.089,0.037],"_shiftlockState":false,"_pose":"Running","_animationQueue":[["walk",0.1]],"_animationSpeed":1.103,"_zoom":20.656},{"_mousePosition":[642,333],"_rootPartCFrame":[759.211,222.697,46.192,0.091,0,0.996,0,1,0,-0.996,0,0.091],"_humanoidState":8,"_cameraCFrame":[767.122,243.263,46.954,0.096,-0.919,0.383,0,0.385,0.923,-0.995,-0.089,0.037],"_shiftlockState":false,"_pose":"Running","_animationQueue":[],"_animationSpeed":1.103,"_zoom":20.656},{"_mousePosition":[642,333],"_rootPartCFrame":[758.945,222.698,46.166,0.092,0,0.996,0,1,0,-0.996,0,0.092],"_humanoidState":8,"_cameraCFrame":[766.857,243.264,46.929,0.096,-0.919,0.383,0,0.385,0.923,-0.995,-0.089,0.037],"_shiftlockState":false,"_pose":"Running","_animationQueue":[],"_animationSpeed":1.103,"_zoom":20.656},{"_mousePosition":[642,333],"_rootPartCFrame":[758.68,222.699,46.141,0.092,0,0.996,0,1,0,-0.996,0,0.092],"_humanoidState":8,"_cameraCFrame":[766.592,243.264,46.903,0.096,-0.919,0.383,0,0.385,0.923,-0.995,-0.089,0.037],"_shiftlockState":false,"_pose":"Running","_animationQueue":[],"_animationSpeed":1.103,"_zoom":20.656},{"_mousePosition":[642,333],"_rootPartCFrame":[758.415,222.699,46.115,0.093,0,0.996,0,1,0,-0.996,0,0.093],"_humanoidState":8,"_cameraCFrame":[766.326,243.265,46.878,0.096,-0.919,0.383,0,0.385,0.923,-0.995,-0.089,0.037],"_shiftlockState":false,"_pose":"Running","_animationQueue":[],"_animationSpeed":1.103,"_zoom":20.656},{"_mousePosition":[642,333],"_rootPartCFrame":[758.149,222.699,46.089,0.093,0,0.996,0,1,0,-0.996,0,0.093],"_humanoidState":8,"_cameraCFrame":[766.061,243.265,46.852,0.096,-0.919,0.383,0,0.385,0.923,-0.995,-0.089,0.037],"_shiftlockState":false,"_pose":"Running","_animationQueue":[],"_animationSpeed":1.103,"_zoom":20.656},{"_mousePosition":[642,333],"_rootPartCFrame":[757.884,222.699,46.064,0.094,0,0.996,0,1,0,-0.996,0,0.094],"_humanoidState":8,"_cameraCFrame":[765.795,243.265,46.827,0.096,-0.919,0.383,0,0.385,0.923,-0.995,-0.089,0.037],"_shiftlockState":false,"_pose":"Running","_animationQueue":[],"_animationSpeed":1.103,"_zoom":20.656},{"_mousePosition":[642,333],"_rootPartCFrame":[757.619,222.7,46.038,0.094,0,0.996,0,1,0,-0.996,0,0.094],"_humanoidState":8,"_cameraCFrame":[765.53,243.265,46.801,0.096,-0.919,0.383,0,0.385,0.923,-0.995,-0.089,0.037],"_shiftlockState":false,"_pose":"Running","_animationQueue":[["walk",0.1]],"_animationSpeed":1.103,"_zoom":20.656},{"_mousePosition":[642,333],"_rootPartCFrame":[757.353,222.7,46.013,0.094,0,0.996,0,1,0,-0.996,0,0.094],"_humanoidState":8,"_cameraCFrame":[765.228,243.281,46.772,0.096,-0.919,0.381,0,0.383,0.924,-0.995,-0.089,0.037],"_shiftlockState":false,"_pose":"Running","_animationQueue":[],"_animationSpeed":1.103,"_zoom":20.656},{"_mousePosition":[642,333],"_rootPartCFrame":[757.088,222.7,45.987,0.095,0,0.996,0,1,0,-0.996,0,0.095],"_humanoidState":8,"_cameraCFrame":[764.89,243.311,46.719,0.093,-0.921,0.378,0,0.379,0.925,-0.996,-0.086,0.035],"_shiftlockState":false,"_pose":"Running","_animationQueue":[],"_animationSpeed":1.103,"_zoom":20.656},{"_mousePosition":[642,333],"_rootPartCFrame":[756.756,222.7,45.955,0.095,0,0.995,0,1,0,-0.995,0,0.095],"_humanoidState":8,"_cameraCFrame":[764.527,243.327,46.625,0.086,-0.923,0.376,0,0.378,0.926,-0.996,-0.08,0.032],"_shiftlockState":false,"_pose":"Running","_animationQueue":[],"_animationSpeed":1.103,"_zoom":20.656},{"_mousePosition":[642,333],"_rootPartCFrame":[756.491,222.7,45.93,0.095,0,0.996,0,1,0,-0.996,0,0.095],"_humanoidState":8,"_cameraCFrame":[764.19,243.357,46.555,0.081,-0.924,0.373,0,0.374,0.927,-0.997,-0.075,0.03],"_shiftlockState":false,"_pose":"Running","_animationQueue":[],"_animationSpeed":1.103,"_zoom":20.656},{"_mousePosition":[642,333],"_rootPartCFrame":[756.225,222.7,45.907,0.094,0,0.996,0,1,0,-0.996,0,0.094],"_humanoidState":8,"_cameraCFrame":[763.853,243.387,46.487,0.076,-0.926,0.369,0,0.37,0.929,-0.997,-0.07,0.028],"_shiftlockState":false,"_pose":"Running","_animationQueue":[],"_animationSpeed":1.103,"_zoom":20.656},{"_mousePosition":[642,333],"_rootPartCFrame":[755.959,222.7,45.885,0.092,0,0.996,0,1,0,-0.996,0,0.092],"_humanoidState":8,"_cameraCFrame":[763.439,243.446,46.435,0.073,-0.929,0.362,0,0.363,0.932,-0.997,-0.068,0.027],"_shiftlockState":false,"_pose":"Running","_animationQueue":[],"_animationSpeed":1.103,"_zoom":20.656},{"_mousePosition":[642,333],"_rootPartCFrame":[755.693,222.7,45.865,0.09,0,0.996,0,1,0,-0.996,0,0.09],"_humanoidState":8,"_cameraCFrame":[763.061,243.489,46.406,0.073,-0.931,0.357,0,0.358,0.934,-0.997,-0.068,0.026],"_shiftlockState":false,"_pose":"Running","_animationQueue":[["walk",0.1]],"_animationSpeed":1.103,"_zoom":20.656},{"_mousePosition":[642,333],"_rootPartCFrame":[755.427,222.7,45.845,0.088,0,0.996,0,1,0,-0.996,0,0.088],"_humanoidState":8,"_cameraCFrame":[762.721,243.518,46.363,0.071,-0.933,0.353,0,0.354,0.935,-0.997,-0.066,0.025],"_shiftlockState":false,"_pose":"Running","_animationQueue":[],"_animationSpeed":1.103,"_zoom":20.656},{"_mousePosition":[642,333],"_rootPartCFrame":[755.161,222.7,45.826,0.086,0,0.996,0,1,0,-0.996,0,0.086],"_humanoidState":8,"_cameraCFrame":[762.455,243.518,46.343,0.071,-0.933,0.353,0,0.354,0.935,-0.997,-0.066,0.025],"_shiftlockState":false,"_pose":"Running","_animationQueue":[],"_animationSpeed":1.103,"_zoom":20.656},{"_mousePosition":[642,333],"_rootPartCFrame":[754.895,222.7,45.807,0.084,0,0.996,0,1,0,-0.996,0,0.084],"_humanoidState":8,"_cameraCFrame":[762.152,243.532,46.322,0.071,-0.934,0.351,0,0.352,0.936,-0.997,-0.066,0.025],"_shiftlockState":false,"_pose":"Running","_animationQueue":[],"_animationSpeed":1.103,"_zoom":20.656},{"_mousePosition":[642,333],"_rootPartCFrame":[754.629,222.7,45.788,0.082,0,0.997,0,1,0,-0.997,0,0.082],"_humanoidState":8,"_cameraCFrame":[761.812,243.56,46.279,0.068,-0.935,0.348,0,0.349,0.937,-0.998,-0.064,0.024],"_shiftlockState":false,"_pose":"Running","_animationQueue":[],"_animationSpeed":1.103,"_zoom":20.656},{"_mousePosition":[642,333],"_rootPartCFrame":[754.363,222.7,45.769,0.08,0,0.997,0,1,0,-0.997,0,0.08],"_humanoidState":8,"_cameraCFrame":[761.472,243.588,46.237,0.066,-0.937,0.344,0,0.345,0.939,-0.998,-0.062,0.023],"_shiftlockState":false,"_pose":"Running","_animationQueue":[],"_animationSpeed":1.103,"_zoom":20.656},{"_mousePosition":[642,333],"_rootPartCFrame":[754.097,222.7,45.751,0.079,0,0.997,0,1,0,-0.997,0,0.079],"_humanoidState":8,"_cameraCFrame":[761.131,243.616,46.196,0.063,-0.938,0.341,0,0.341,0.94,-0.998,-0.059,0.022],"_shiftlockState":false,"_pose":"Running","_animationQueue":[],"_animationSpeed":1.103,"_zoom":20.656},{"_mousePosition":[642,333],"_rootPartCFrame":[753.831,222.7,45.733,0.077,0,0.997,0,1,0,-0.997,0,0.077],"_humanoidState":8,"_cameraCFrame":[760.792,243.643,46.139,0.058,-0.94,0.337,0,0.338,0.941,-0.998,-0.055,0.02],"_shiftlockState":false,"_pose":"Running","_animationQueue":[["walk",0.1]],"_animationSpeed":1.103,"_zoom":20.656},{"_mousePosition":[642,333],"_rootPartCFrame":[753.565,222.7,45.717,0.075,0,0.997,0,1,0,-0.997,0,0.075],"_humanoidState":8,"_cameraCFrame":[760.452,243.67,46.082,0.053,-0.941,0.333,0,0.334,0.943,-0.999,-0.05,0.018],"_shiftlockState":false,"_pose":"Running","_animationQueue":[],"_animationSpeed":1.103,"_zoom":20.656},{"_mousePosition":[642,333],"_rootPartCFrame":[753.299,223.573,45.7,0.073,0,0.997,0,1,0,-0.997,0,0.073],"_humanoidState":3,"_cameraCFrame":[760.11,244.57,46.062,0.053,-0.943,0.33,0,0.33,0.944,-0.999,-0.05,0.018],"_shiftlockState":false,"_pose":"Jumping","_animationQueue":[["walk",0.1],["jump",0.1]],"_animationSpeed":1,"_zoom":20.656},{"_mousePosition":[642,333],"_rootPartCFrame":[753.033,224.395,45.685,0.071,0,0.997,0,1,0,-0.997,0,0.071],"_humanoidState":5,"_cameraCFrame":[759.807,245.405,46.028,0.051,-0.943,0.328,0,0.328,0.945,-0.999,-0.048,0.017],"_shiftlockState":false,"_pose":"FreeFall","_animationQueue":[["jump",0.1]],"_animationSpeed":1,"_zoom":20.656},{"_mousePosition":[642,333],"_rootPartCFrame":[752.766,225.162,45.671,0.068,0,0.998,0,1,0,-0.998,0,0.068],"_humanoidState":5,"_cameraCFrame":[759.502,246.186,46.012,0.051,-0.944,0.326,0,0.327,0.945,-0.999,-0.048,0.016],"_shiftlockState":false,"_pose":"FreeFall","_animationQueue":[],"_animationSpeed":1,"_zoom":20.656},{"_mousePosition":[642,333],"_rootPartCFrame":[752.5,225.875,45.657,0.066,0,0.998,0,1,0,-0.998,0,0.066],"_humanoidState":5,"_cameraCFrame":[759.236,246.899,45.998,0.051,-0.944,0.326,0,0.327,0.945,-0.999,-0.048,0.016],"_shiftlockState":false,"_pose":"FreeFall","_animationQueue":[],"_animationSpeed":1,"_zoom":20.656},{"_mousePosition":[642,333],"_rootPartCFrame":[752.234,226.534,45.644,0.064,0,0.998,0,1,0,-0.998,0,0.064],"_humanoidState":5,"_cameraCFrame":[758.97,247.558,45.985,0.051,-0.944,0.326,0,0.327,0.945,-0.999,-0.048,0.016],"_shiftlockState":false,"_pose":"FreeFall","_animationQueue":[],"_animationSpeed":1,"_zoom":20.656},{"_mousePosition":[642,333],"_rootPartCFrame":[751.967,227.138,45.63,0.062,0,0.998,0,1,0,-0.998,0,0.062],"_humanoidState":5,"_cameraCFrame":[758.703,248.162,45.971,0.051,-0.944,0.326,0,0.327,0.945,-0.999,-0.048,0.016],"_shiftlockState":false,"_pose":"FreeFall","_animationQueue":[],"_animationSpeed":1,"_zoom":20.656},{"_mousePosition":[642,333],"_rootPartCFrame":[751.701,227.687,45.617,0.06,0,0.998,0,1,0,-0.998,0,0.06],"_humanoidState":5,"_cameraCFrame":[758.437,248.711,45.958,0.051,-0.944,0.326,0,0.327,0.945,-0.999,-0.048,0.016],"_shiftlockState":false,"_pose":"FreeFall","_animationQueue":[],"_animationSpeed":1,"_zoom":20.656},{"_mousePosition":[642,333],"_rootPartCFrame":[751.435,228.182,45.604,0.059,0,0.998,0,1,0,-0.998,0,0.059],"_humanoidState":5,"_cameraCFrame":[758.171,249.206,45.944,0.051,-0.944,0.326,0,0.327,0.945,-0.999,-0.048,0.016],"_shiftlockState":false,"_pose":"FreeFall","_animationQueue":[],"_animationSpeed":1,"_zoom":20.656},{"_mousePosition":[642,333],"_rootPartCFrame":[751.168,228.623,45.59,0.058,0,0.998,0,1,0,-0.998,0,0.058],"_humanoidState":5,"_cameraCFrame":[757.904,249.647,45.931,0.051,-0.944,0.326,0,0.327,0.945,-0.999,-0.048,0.016],"_shiftlockState":false,"_pose":"FreeFall","_animationQueue":[],"_animationSpeed":1,"_zoom":20.656},{"_mousePosition":[642,333],"_rootPartCFrame":[750.835,229.097,45.573,0.057,0,0.998,0,1,0,-0.998,0,0.057],"_humanoidState":5,"_cameraCFrame":[757.571,250.121,45.914,0.051,-0.944,0.326,0,0.327,0.945,-0.999,-0.048,0.016],"_shiftlockState":false,"_pose":"FreeFall","_animationQueue":[],"_animationSpeed":1,"_zoom":20.656},{"_mousePosition":[642,333],"_rootPartCFrame":[750.635,229.34,45.563,0.056,0,0.998,0,1,0,-0.998,0,0.056],"_humanoidState":5,"_cameraCFrame":[757.372,250.364,45.887,0.048,-0.944,0.326,0,0.327,0.945,-0.999,-0.045,0.016],"_shiftlockState":false,"_pose":"FreeFall","_animationQueue":[],"_animationSpeed":1,"_zoom":20.656},{"_mousePosition":[642,333],"_rootPartCFrame":[750.369,229.617,45.55,0.055,0,0.998,0,1,0,-0.998,0,0.055],"_humanoidState":5,"_cameraCFrame":[757.069,250.654,45.855,0.045,-0.945,0.324,0,0.325,0.946,-0.999,-0.043,0.015],"_shiftlockState":false,"_pose":"FreeFall","_animationQueue":[],"_animationSpeed":1,"_zoom":20.656},{"_mousePosition":[642,333],"_rootPartCFrame":[750.103,229.84,45.537,0.054,0,0.999,0,1,0,-0.999,0,0.054],"_humanoidState":5,"_cameraCFrame":[756.766,250.89,45.806,0.04,-0.946,0.323,0,0.323,0.946,-0.999,-0.038,0.013],"_shiftlockState":false,"_pose":"FreeFall","_animationQueue":[],"_animationSpeed":1,"_zoom":20.656},{"_mousePosition":[642,333],"_rootPartCFrame":[749.836,230.008,45.524,0.053,0,0.999,0,1,0,-0.999,0,0.053],"_humanoidState":5,"_cameraCFrame":[756.426,251.084,45.708,0.028,-0.947,0.319,0,0.319,0.948,-1,-0.026,0.009],"_shiftlockState":false,"_pose":"FreeFall","_animationQueue":[],"_animationSpeed":1,"_zoom":20.656},{"_mousePosition":[642,333],"_rootPartCFrame":[749.57,230.122,45.514,0.052,0,0.999,0,1,0,-0.999,0,0.052],"_humanoidState":5,"_cameraCFrame":[756.009,251.248,45.448,-0.01,-0.95,0.312,0,0.312,0.95,-1,0.01,-0.003],"_shiftlockState":false,"_pose":"FreeFall","_animationQueue":[],"_animationSpeed":1,"_zoom":20.656},{"_mousePosition":[642,333],"_rootPartCFrame":[749.303,230.181,45.506,0.049,0,0.999,0,1,0,-0.999,0,0.049],"_humanoidState":5,"_cameraCFrame":[755.618,251.344,45.153,-0.056,-0.95,0.306,0,0.306,0.952,-0.998,0.053,-0.017],"_shiftlockState":false,"_pose":"FreeFall","_animationQueue":[],"_animationSpeed":1,"_zoom":20.656},{"_mousePosition":[642,333],"_rootPartCFrame":[749.037,230.185,45.507,0.043,0,0.999,0,1,0,-0.999,0,0.043],"_humanoidState":5,"_cameraCFrame":[755.164,251.398,44.774,-0.119,-0.948,0.297,0,0.299,0.954,-0.993,0.113,-0.035],"_shiftlockState":false,"_pose":"FreeFall","_animationQueue":[["fall",0.3]],"_animationSpeed":1,"_zoom":20.656},{"_mousePosition":[642,333],"_rootPartCFrame":[748.771,230.567,45.52,0.031,0,1,0,1,0,-1,0,0.031],"_humanoidState":7,"_cameraCFrame":[754.706,251.816,44.317,-0.199,-0.937,0.287,0,0.293,0.956,-0.98,0.19,-0.058],"_shiftlockState":false,"_pose":"FreeFall","_animationQueue":[["walk",0.1],["fall",0.3],["fall",0.3]],"_animationSpeed":1,"_zoom":20.656},{"_mousePosition":[642,333],"_rootPartCFrame":[748.505,230.938,45.549,0.014,0,1,0,1,0,-1,0,0.014],"_humanoidState":7,"_cameraCFrame":[754.228,252.21,43.819,-0.289,-0.916,0.277,0,0.289,0.957,-0.957,0.277,-0.084],"_shiftlockState":false,"_pose":"FreeFall","_animationQueue":[],"_animationSpeed":1,"_zoom":20.656},{"_mousePosition":[642,333],"_rootPartCFrame":[748.216,231.205,45.414,0.089,0,0.996,0,1,0,-0.996,0,0.089],"_humanoidState":8,"_cameraCFrame":[753.669,252.5,43.157,-0.382,-0.886,0.264,0,0.286,0.958,-0.924,0.366,-0.109],"_shiftlockState":false,"_pose":"Running","_animationQueue":[["walk",0.1],["fall",0.3],["walk",0.1]],"_animationSpeed":1.103,"_zoom":20.656},{"_mousePosition":[642,333],"_rootPartCFrame":[748.041,231.297,45.317,0.135,0,0.991,0,1,0,-0.991,0,0.135],"_humanoidState":8,"_cameraCFrame":[753.185,252.615,42.583,-0.469,-0.847,0.249,0,0.282,0.959,-0.883,0.45,-0.132],"_shiftlockState":false,"_pose":"Running","_animationQueue":[],"_animationSpeed":1.103,"_zoom":20.656},{"_mousePosition":[642,333],"_rootPartCFrame":[747.797,231.367,45.211,0.176,0,0.984,0,1,0,-0.984,0,0.176],"_humanoidState":8,"_cameraCFrame":[752.63,252.696,42.03,-0.55,-0.802,0.234,0,0.28,0.96,-0.835,0.528,-0.154],"_shiftlockState":false,"_pose":"Running","_animationQueue":[],"_animationSpeed":1.103,"_zoom":20.656},{"_mousePosition":[642,333],"_rootPartCFrame":[747.631,231.405,45.021,0.269,0,0.963,0,1,0,-0.963,0,0.269],"_humanoidState":8,"_cameraCFrame":[752.163,252.734,41.425,-0.622,-0.752,0.219,0,0.28,0.96,-0.783,0.597,-0.174],"_shiftlockState":false,"_pose":"Running","_animationQueue":[],"_animationSpeed":1.103,"_zoom":20.656},{"_mousePosition":[642,333],"_rootPartCFrame":[747.486,231.425,44.797,0.364,0,0.932,0,1,0,-0.932,0,0.364],"_humanoidState":8,"_cameraCFrame":[751.723,252.754,40.857,-0.681,-0.703,0.205,0,0.28,0.96,-0.732,0.654,-0.191],"_shiftlockState":false,"_pose":"Running","_animationQueue":[["walk",0.1]],"_animationSpeed":1.103,"_zoom":20.656},{"_mousePosition":[642,333],"_rootPartCFrame":[747.323,231.436,44.586,0.436,0,0.9,0,1,0,-0.9,0,0.436],"_humanoidState":8,"_cameraCFrame":[751.255,252.777,40.394,-0.729,-0.657,0.19,0,0.278,0.961,-0.684,0.701,-0.203],"_shiftlockState":false,"_pose":"Running","_animationQueue":[],"_animationSpeed":1.103,"_zoom":20.656},{"_mousePosition":[642,333],"_rootPartCFrame":[747.144,231.442,44.389,0.486,0,0.874,0,1,0,-0.874,0,0.486],"_humanoidState":8,"_cameraCFrame":[750.811,252.794,40.014,-0.766,-0.617,0.178,0,0.276,0.961,-0.642,0.737,-0.212],"_shiftlockState":false,"_pose":"Running","_animationQueue":[],"_animationSpeed":1.103,"_zoom":20.656},{"_mousePosition":[642,333],"_rootPartCFrame":[746.951,231.446,44.205,0.52,0,0.854,0,1,0,-0.854,0,0.52],"_humanoidState":8,"_cameraCFrame":[750.391,252.819,39.746,-0.792,-0.588,0.167,0,0.273,0.962,-0.611,0.762,-0.216],"_shiftlockState":false,"_pose":"Running","_animationQueue":[],"_animationSpeed":1.103,"_zoom":20.656},{"_mousePosition":[642,333],"_rootPartCFrame":[746.749,231.447,44.032,0.541,0,0.841,0,1,0,-0.841,0,0.541],"_humanoidState":8,"_cameraCFrame":[749.983,252.843,39.517,-0.813,-0.561,0.157,0,0.269,0.963,-0.582,0.783,-0.219],"_shiftlockState":false,"_pose":"Running","_animationQueue":[],"_animationSpeed":1.103,"_zoom":20.656},{"_mousePosition":[642,333],"_rootPartCFrame":[746.538,231.448,43.868,0.553,0,0.833,0,1,0,-0.833,0,0.553],"_humanoidState":8,"_cameraCFrame":[749.659,252.855,39.321,-0.825,-0.545,0.151,0,0.267,0.964,-0.566,0.795,-0.22],"_shiftlockState":false,"_pose":"Running","_animationQueue":[],"_animationSpeed":1.103,"_zoom":20.656},{"_mousePosition":[642,333],"_rootPartCFrame":[746.323,231.449,43.711,0.559,0,0.829,0,1,0,-0.829,0,0.559],"_humanoidState":8,"_cameraCFrame":[749.308,252.876,39.167,-0.836,-0.53,0.145,0,0.263,0.965,-0.549,0.806,-0.22],"_shiftlockState":false,"_pose":"Running","_animationQueue":[],"_animationSpeed":1.103,"_zoom":20.656},{"_mousePosition":[642,333],"_rootPartCFrame":[746.103,231.449,43.56,0.561,0,0.828,0,1,0,-0.828,0,0.561],"_humanoidState":8,"_cameraCFrame":[748.943,252.898,39.014,-0.848,-0.512,0.137,0,0.259,0.966,-0.53,0.819,-0.22],"_shiftlockState":false,"_pose":"Running","_animationQueue":[["walk",0.1]],"_animationSpeed":1.103,"_zoom":20.656},{"_mousePosition":[642,333],"_rootPartCFrame":[745.881,231.449,43.412,0.56,0,0.828,0,1,0,-0.828,0,0.56],"_humanoidState":8,"_cameraCFrame":[747.064,252.908,37.938,-0.863,-0.489,0.13,0,0.258,0.966,-0.506,0.833,-0.222],"_shiftlockState":true,"_pose":"Running","_animationQueue":[],"_animationSpeed":1.103,"_zoom":20.656},{"_mousePosition":[683,384],"_rootPartCFrame":[745.658,232.323,43.266,-0.863,0,0.505,0,1,0,-0.505,0,-0.863],"_humanoidState":3,"_cameraCFrame":[746.841,253.781,37.791,-0.863,-0.489,0.13,0,0.258,0.966,-0.506,0.833,-0.222],"_shiftlockState":true,"_pose":"Jumping","_animationQueue":[["walk",0.1],["jump",0.1]],"_animationSpeed":1,"_zoom":20.656},{"_mousePosition":[683,384],"_rootPartCFrame":[745.429,233.145,43.129,-0.813,0,0.583,0,1,0,-0.583,0,-0.813],"_humanoidState":5,"_cameraCFrame":[746.445,254.604,37.621,-0.877,-0.463,0.124,0,0.258,0.966,-0.48,0.848,-0.226],"_shiftlockState":true,"_pose":"FreeFall","_animationQueue":[["jump",0.1]],"_animationSpeed":1,"_zoom":20.656},{"_mousePosition":[683,384],"_rootPartCFrame":[745.199,233.912,42.994,-0.809,0,0.588,0,1,0,-0.588,0,-0.809],"_humanoidState":5,"_cameraCFrame":[746.048,255.371,37.458,-0.892,-0.437,0.117,0,0.258,0.966,-0.453,0.862,-0.23],"_shiftlockState":true,"_pose":"FreeFall","_animationQueue":[],"_animationSpeed":1,"_zoom":20.656},{"_mousePosition":[683,384],"_rootPartCFrame":[744.965,234.625,42.865,-0.824,0,0.567,0,1,0,-0.567,0,-0.824],"_humanoidState":5,"_cameraCFrame":[745.688,256.084,37.311,-0.902,-0.418,0.111,0,0.258,0.966,-0.432,0.871,-0.232],"_shiftlockState":true,"_pose":"FreeFall","_animationQueue":[],"_animationSpeed":1,"_zoom":20.656},{"_mousePosition":[683,384],"_rootPartCFrame":[744.728,235.284,42.744,-0.836,0,0.548,0,1,0,-0.548,0,-0.836],"_humanoidState":5,"_cameraCFrame":[745.38,256.743,37.181,-0.907,-0.407,0.108,0,0.258,0.966,-0.421,0.876,-0.234],"_shiftlockState":true,"_pose":"FreeFall","_animationQueue":[],"_animationSpeed":1,"_zoom":20.656},{"_mousePosition":[683,384],"_rootPartCFrame":[744.488,235.888,42.627,-0.843,0,0.538,0,1,0,-0.538,0,-0.843],"_humanoidState":5,"_cameraCFrame":[745.098,257.347,37.06,-0.91,-0.4,0.107,0,0.258,0.966,-0.414,0.88,-0.234],"_shiftlockState":true,"_pose":"FreeFall","_animationQueue":[],"_animationSpeed":1,"_zoom":20.656},{"_mousePosition":[683,384],"_rootPartCFrame":[744.246,236.437,42.515,-0.847,0,0.531,0,1,0,-0.531,0,-0.847],"_humanoidState":5,"_cameraCFrame":[744.8,257.896,36.941,-0.914,-0.391,0.104,0,0.258,0.966,-0.405,0.884,-0.236],"_shiftlockState":true,"_pose":"FreeFall","_animationQueue":[],"_animationSpeed":1,"_zoom":20.656},{"_mousePosition":[683,384],"_rootPartCFrame":[744.004,236.932,42.404,-0.853,0,0.523,0,1,0,-0.523,0,-0.853],"_humanoidState":5,"_cameraCFrame":[744.458,258.391,36.822,-0.921,-0.375,0.1,0,0.258,0.