[{"_mousePosition":[660,345],"_rootPartCFrame":[776.025,222.7,47.142,0.001,0,1,0,1,0,-1,0,0.001],"_humanoidState":8,"_cameraCFrame":[781.572,239.34,47.271,0.023,-0.939,0.344,0,0.344,0.939,-1,-0.022,0.008],"_shiftlockState":false,"_pose":"Standing","_animationQueue":[],"_animationSpeed":1,"_zoom":16.125},{"_mousePosition":[660,345],"_rootPartCFrame":[775.722,222.695,47.135,0.005,0,1,0,1,0,-1,0,0.005],"_humanoidState":8,"_cameraCFrame":[781.268,239.336,47.264,0.023,-0.939,0.344,0,0.344,0.939,-1,-0.022,0.008],"_shiftlockState":false,"_pose":"Standing","_animationQueue":[],"_animationSpeed":1,"_zoom":16.125},{"_mousePosition":[660,345],"_rootPartCFrame":[775.589,222.696,47.132,0.006,0,1,0,1,0,-1,0,0.006],"_humanoidState":8,"_cameraCFrame":[781.135,239.337,47.261,0.023,-0.939,0.344,0,0.344,0.939,-1,-0.022,0.008],"_shiftlockState":false,"_pose":"Running","_animationQueue":[["walk",0.1]],"_animationSpeed":1.089,"_zoom":16.125},{"_mousePosition":[660,345],"_rootPartCFrame":[775.322,222.698,47.126,0.008,0,1,0,1,0,-1,0,0.008],"_humanoidState":8,"_cameraCFrame":[780.869,239.338,47.241,0.021,-0.939,0.344,0,0.344,0.939,-1,-0.019,0.007],"_shiftlockState":false,"_pose":"Running","_animationQueue":[],"_animationSpeed":1.089,"_zoom":16.125},{"_mousePosition":[660,345],"_rootPartCFrame":[774.922,222.699,47.116,0.011,0,1,0,1,0,-1,0,0.011],"_humanoidState":8,"_cameraCFrame":[780.469,239.339,47.231,0.021,-0.939,0.344,0,0.344,0.939,-1,-0.019,0.007],"_shiftlockState":false,"_pose":"Running","_animationQueue":[["walk",0.1]],"_animationSpeed":1.089,"_zoom":16.125},{"_mousePosition":[660,345],"_rootPartCFrame":[774.789,222.699,47.114,0.012,0,1,0,1,0,-1,0,0.012],"_humanoidState":8,"_cameraCFrame":[780.336,239.34,47.228,0.021,-0.939,0.344,0,0.344,0.939,-1,-0.019,0.007],"_shiftlockState":false,"_pose":"Running","_animationQueue":[],"_animationSpeed":1.089,"_zoom":16.125},{"_mousePosition":[660,345],"_rootPartCFrame":[774.522,222.699,47.108,0.013,0,1,0,1,0,-1,0,0.013],"_humanoidState":8,"_cameraCFrame":[780.07,239.34,47.209,0.018,-0.939,0.344,0,0.344,0.939,-1,-0.017,0.006],"_shiftlockState":false,"_pose":"Running","_animationQueue":[],"_animationSpeed":1.089,"_zoom":16.125},{"_mousePosition":[660,345],"_rootPartCFrame":[774.122,222.7,47.1,0.015,0,1,0,1,0,-1,0,0.015],"_humanoidState":8,"_cameraCFrame":[779.67,239.34,47.201,0.018,-0.939,0.344,0,0.344,0.939,-1,-0.017,0.006],"_shiftlockState":false,"_pose":"Running","_animationQueue":[],"_animationSpeed":1.089,"_zoom":16.125},{"_mousePosition":[660,345],"_rootPartCFrame":[773.989,222.7,47.097,0.015,0,1,0,1,0,-1,0,0.015],"_humanoidState":8,"_cameraCFrame":[779.536,239.34,47.198,0.018,-0.939,0.344,0,0.344,0.939,-1,-0.017,0.006],"_shiftlockState":false,"_pose":"Running","_animationQueue":[],"_animationSpeed":1.089,"_zoom":16.125},{"_mousePosition":[660,345],"_rootPartCFrame":[773.723,222.7,47.092,0.015,0,1,0,1,0,-1,0,0.015],"_humanoidState":8,"_cameraCFrame":[779.27,239.34,47.193,0.018,-0.939,0.344,0,0.344,0.939,-1,-0.017,0.006],"_shiftlockState":false,"_pose":"Running","_animationQueue":[],"_animationSpeed":1.089,"_zoom":16.125},{"_mousePosition":[660,345],"_rootPartCFrame":[773.323,222.7,47.085,0.016,0,1,0,1,0,-1,0,0.016],"_humanoidState":8,"_cameraCFrame":[778.87,239.34,47.186,0.018,-0.939,0.344,0,0.344,0.939,-1,-0.017,0.006],"_shiftlockState":false,"_pose":"Running","_animationQueue":[],"_animationSpeed":1.089,"_zoom":16.125},{"_mousePosition":[660,345],"_rootPartCFrame":[773.189,222.7,47.083,0.016,0,1,0,1,0,-1,0,0.016],"_humanoidState":8,"_cameraCFrame":[778.737,239.34,47.184,0.018,-0.939,0.344,0,0.344,0.939,-1,-0.017,0.006],"_shiftlockState":false,"_pose":"Running","_animationQueue":[["walk",0.1]],"_animationSpeed":1.089,"_zoom":16.125},{"_mousePosition":[660,345],"_rootPartCFrame":[772.923,222.7,47.078,0.016,0,1,0,1,0,-1,0,0.016],"_humanoidState":8,"_cameraCFrame":[778.47,239.34,47.179,0.018,-0.939,0.344,0,0.344,0.939,-1,-0.017,0.006],"_shiftlockState":false,"_pose":"Running","_animationQueue":[],"_animationSpeed":1.089,"_zoom":16.125},{"_mousePosition":[660,345],"_rootPartCFrame":[772.656,222.7,47.073,0.017,0,1,0,1,0,-1,0,0.017],"_humanoidState":8,"_cameraCFrame":[778.233,239.329,47.16,0.016,-0.938,0.346,0,0.346,0.938,-1,-0.015,0.005],"_shiftlockState":false,"_pose":"Running","_animationQueue":[],"_animationSpeed":1.089,"_zoom":16.125},{"_mousePosition":[660,345],"_rootPartCFrame":[772.39,222.717,47.068,0.017,0,1,0,1,0,-1,0,0.017],"_humanoidState":8,"_cameraCFrame":[778.114,239.291,47.129,0.011,-0.935,0.355,0,0.355,0.935,-1,-0.01,0.004],"_shiftlockState":false,"_pose":"Running","_animationQueue":[],"_animationSpeed":1.089,"_zoom":16.125},{"_mousePosition":[660,345],"_rootPartCFrame":[771.99,222.761,47.062,0.017,0,1,0,1,0,-1,0,0.017],"_humanoidState":8,"_cameraCFrame":[777.948,239.244,47.125,0.011,-0.929,0.37,0,0.37,0.929,-1,-0.01,0.004],"_shiftlockState":false,"_pose":"Running","_animationQueue":[],"_animationSpeed":1.089,"_zoom":16.125},{"_mousePosition":[660,345],"_rootPartCFrame":[771.723,222.778,47.059,0.016,0,1,0,1,0,-1,0,0.016],"_humanoidState":8,"_cameraCFrame":[777.973,239.143,47.109,0.008,-0.922,0.388,0,0.388,0.922,-1,-0.007,0.003],"_shiftlockState":false,"_pose":"Running","_animationQueue":[],"_animationSpeed":1.089,"_zoom":16.125},{"_mousePosition":[660,345],"_rootPartCFrame":[771.59,222.788,47.057,0.016,0,1,0,1,0,-1,0,0.016],"_humanoidState":8,"_cameraCFrame":[778.185,239.002,47.094,0.006,-0.913,0.409,0,0.409,0.913,-1,-0.005,0.002],"_shiftlockState":false,"_pose":"Running","_animationQueue":[["walk",0.1]],"_animationSpeed":1.089,"_zoom":16.125},{"_mousePosition":[660,345],"_rootPartCFrame":[771.19,222.809,47.054,0.014,0,1,0,1,0,-1,0,0.014],"_humanoidState":8,"_cameraCFrame":[778.354,238.755,47.094,0.006,-0.896,0.444,0,0.444,0.896,-1,-0.005,0.002],"_shiftlockState":false,"_pose":"Running","_animationQueue":[],"_animationSpeed":1.089,"_zoom":16.125},{"_mousePosition":[660,345],"_rootPartCFrame":[770.923,223.682,47.052,0.013,0,1,0,1,0,-1,0,0.013],"_humanoidState":3,"_cameraCFrame":[778.478,239.428,47.132,0.011,-0.883,0.469,0,0.469,0.883,-1,-0.009,0.005],"_shiftlockState":false,"_pose":"Jumping","_animationQueue":[["walk",0.1],["jump",0.1]],"_animationSpeed":1,"_zoom":16.125},{"_mousePosition":[660,345],"_rootPartCFrame":[770.723,224.304,47.051,0.012,0,1,0,1,0,-1,0,0.012],"_humanoidState":5,"_cameraCFrame":[778.69,239.822,47.216,0.021,-0.869,0.494,0,0.494,0.869,-1,-0.018,0.01],"_shiftlockState":false,"_pose":"FreeFall","_animationQueue":[["jump",0.1]],"_animationSpeed":1,"_zoom":16.125},{"_mousePosition":[660,345],"_rootPartCFrame":[770.457,225.085,47.048,0.012,0,1,0,1,0,-1,0,0.012],"_humanoidState":5,"_cameraCFrame":[778.747,240.413,47.283,0.028,-0.857,0.514,0,0.514,0.858,-1,-0.024,0.015],"_shiftlockState":false,"_pose":"FreeFall","_animationQueue":[],"_animationSpeed":1,"_zoom":16.125},{"_mousePosition":[660,345],"_rootPartCFrame":[770.123,225.985,47.042,0.013,0,1,0,1,0,-1,0,0.013],"_humanoidState":5,"_cameraCFrame":[778.733,241.115,47.351,0.036,-0.845,0.534,0,0.534,0.845,-0.999,-0.03,0.019],"_shiftlockState":false,"_pose":"FreeFall","_animationQueue":[],"_animationSpeed":1,"_zoom":16.125},{"_mousePosition":[660,345],"_rootPartCFrame":[769.923,226.484,47.036,0.014,0,1,0,1,0,-1,0,0.014],"_humanoidState":5,"_cameraCFrame":[778.77,241.461,47.376,0.038,-0.835,0.549,0,0.549,0.836,-0.999,-0.032,0.021],"_shiftlockState":false,"_pose":"FreeFall","_animationQueue":[],"_animationSpeed":1,"_zoom":16.125},{"_mousePosition":[660,345],"_rootPartCFrame":[769.657,227.101,47.027,0.017,0,1,0,1,0,-1,0,0.017],"_humanoidState":5,"_cameraCFrame":[778.66,241.974,47.373,0.038,-0.829,0.558,0,0.559,0.829,-0.999,-0.032,0.021],"_shiftlockState":false,"_pose":"FreeFall","_animationQueue":[],"_animationSpeed":1,"_zoom":16.125},{"_mousePosition":[660,345],"_rootPartCFrame":[769.324,227.797,47.014,0.02,0,1,0,1,0,-1,0,0.02],"_humanoidState":5,"_cameraCFrame":[778.404,242.617,47.387,0.041,-0.825,0.563,0,0.564,0.826,-0.999,-0.034,0.023],"_shiftlockState":false,"_pose":"FreeFall","_animationQueue":[],"_animationSpeed":1,"_zoom":16.125},{"_mousePosition":[660,345],"_rootPartCFrame":[769.124,228.173,47.007,0.022,0,1,0,1,0,-1,0,0.022],"_humanoidState":5,"_cameraCFrame":[778.23,242.976,47.38,0.041,-0.824,0.565,0,0.565,0.825,-0.999,-0.034,0.023],"_shiftlockState":false,"_pose":"FreeFall","_animationQueue":[],"_animationSpeed":1,"_zoom":16.125},{"_mousePosition":[660,345],"_rootPartCFrame":[768.858,228.627,46.996,0.025,0,1,0,1,0,-1,0,0.025],"_humanoidState":5,"_cameraCFrame":[777.964,243.43,47.369,0.041,-0.824,0.565,0,0.565,0.825,-0.999,-0.034,0.023],"_shiftlockState":false,"_pose":"FreeFall","_animationQueue":[],"_animationSpeed":1,"_zoom":16.125},{"_mousePosition":[660,345],"_rootPartCFrame":[768.591,229.027,46.985,0.027,0,1,0,1,0,-1,0,0.027],"_humanoidState":5,"_cameraCFrame":[777.698,243.829,47.358,0.041,-0.824,0.565,0,0.565,0.825,-0.999,-0.034,0.023],"_shiftlockState":false,"_pose":"FreeFall","_animationQueue":[],"_animationSpeed":1,"_zoom":16.125},{"_mousePosition":[660,345],"_rootPartCFrame":[768.325,229.372,46.974,0.029,0,1,0,1,0,-1,0,0.029],"_humanoidState":5,"_cameraCFrame":[777.431,244.175,47.347,0.041,-0.824,0.565,0,0.565,0.825,-0.999,-0.034,0.023],"_shiftlockState":false,"_pose":"FreeFall","_animationQueue":[],"_animationSpeed":1,"_zoom":16.125},{"_mousePosition":[660,345],"_rootPartCFrame":[768.059,229.663,46.963,0.031,0,1,0,1,0,-1,0,0.031],"_humanoidState":5,"_cameraCFrame":[777.191,244.447,47.337,0.041,-0.823,0.566,0,0.567,0.824,-0.999,-0.034,0.023],"_shiftlockState":false,"_pose":"FreeFall","_animationQueue":[],"_animationSpeed":1,"_zoom":16.125},{"_mousePosition":[660,345],"_rootPartCFrame":[767.726,229.949,46.949,0.032,0,0.999,0,1,0,-0.999,0,0.032],"_humanoidState":5,"_cameraCFrame":[776.884,244.716,47.325,0.041,-0.822,0.568,0,0.568,0.823,-0.999,-0.034,0.023],"_shiftlockState":false,"_pose":"FreeFall","_animationQueue":[],"_animationSpeed":1,"_zoom":16.125},{"_mousePosition":[660,345],"_rootPartCFrame":[767.459,230.117,46.938,0.034,0,0.999,0,1,0,-0.999,0,0.034],"_humanoidState":5,"_cameraCFrame":[776.669,244.848,47.316,0.041,-0.82,0.571,0,0.572,0.821,-0.999,-0.034,0.023],"_shiftlockState":false,"_pose":"FreeFall","_animationQueue":[],"_animationSpeed":1,"_zoom":16.125},{"_mousePosition":[660,345],"_rootPartCFrame":[767.26,230.208,46.93,0.034,0,0.999,0,1,0,-0.999,0,0.034],"_humanoidState":5,"_cameraCFrame":[776.495,244.921,47.309,0.041,-0.819,0.573,0,0.573,0.819,-0.999,-0.034,0.023],"_shiftlockState":false,"_pose":"FreeFall","_animationQueue":[],"_animationSpeed":1,"_zoom":16.125},{"_mousePosition":[660,345],"_rootPartCFrame":[766.927,230.29,46.917,0.036,0,0.999,0,1,0,-0.999,0,0.036],"_humanoidState":5,"_cameraCFrame":[776.188,244.985,47.296,0.041,-0.818,0.574,0,0.575,0.818,-0.999,-0.034,0.024],"_shiftlockState":false,"_pose":"FreeFall","_animationQueue":[],"_animationSpeed":1,"_zoom":16.125},{"_mousePosition":[660,345],"_rootPartCFrame":[766.66,230.295,46.906,0.036,0,0.999,0,1,0,-0.999,0,0.036],"_humanoidState":5,"_cameraCFrame":[775.948,244.971,47.263,0.038,-0.817,0.576,0,0.576,0.817,-0.999,-0.031,0.022],"_shiftlockState":false,"_pose":"FreeFall","_animationQueue":[],"_animationSpeed":1,"_zoom":16.125},{"_mousePosition":[660,345],"_rootPartCFrame":[766.394,230.245,46.895,0.037,0,0.999,0,1,0,-0.999,0,0.037],"_humanoidState":5,"_cameraCFrame":[775.683,244.921,47.205,0.033,-0.817,0.576,0,0.576,0.817,-0.999,-0.027,0.019],"_shiftlockState":false,"_pose":"FreeFall","_animationQueue":[],"_animationSpeed":1,"_zoom":16.125},{"_mousePosition":[660,345],"_rootPartCFrame":[766.128,230.14,46.884,0.037,0,0.999,0,1,0,-0.999,0,0.037],"_humanoidState":5,"_cameraCFrame":[775.418,244.817,47.148,0.028,-0.817,0.576,0,0.576,0.817,-1,-0.023,0.016],"_shiftlockState":false,"_pose":"FreeFall","_animationQueue":[["fall",0.3]],"_animationSpeed":1,"_zoom":16.125},{"_mousePosition":[660,345],"_rootPartCFrame":[765.928,230.026,46.878,0.037,0,0.999,0,1,0,-0.999,0,0.037],"_humanoidState":5,"_cameraCFrame":[775.22,244.703,47.094,0.023,-0.817,0.576,0,0.576,0.817,-1,-0.019,0.013],"_shiftlockState":false,"_pose":"FreeFall","_animationQueue":[],"_animationSpeed":1,"_zoom":16.125},{"_mousePosition":[660,345],"_rootPartCFrame":[765.661,229.826,46.87,0.036,0,0.999,0,1,0,-0.999,0,0.036],"_humanoidState":5,"_cameraCFrame":[774.954,244.503,47.039,0.018,-0.817,0.576,0,0.576,0.817,-1,-0.015,0.01],"_shiftlockState":false,"_pose":"FreeFall","_animationQueue":[],"_animationSpeed":1,"_zoom":16.125},{"_mousePosition":[660,345],"_rootPartCFrame":[765.328,229.5,46.862,0.034,0,0.999,0,1,0,-0.999,0,0.034],"_humanoidState":5,"_cameraCFrame":[774.621,244.176,47.007,0.016,-0.817,0.576,0,0.576,0.817,-1,-0.013,0.009],"_shiftlockState":false,"_pose":"FreeFall","_animationQueue":[],"_animationSpeed":1,"_zoom":16.125},{"_mousePosition":[660,345],"_rootPartCFrame":[765.128,229.263,46.858,0.033,0,0.999,0,1,0,-0.999,0,0.033],"_humanoidState":5,"_cameraCFrame":[774.422,243.94,46.957,0.011,-0.817,0.576,0,0.576,0.817,-1,-0.009,0.006],"_shiftlockState":false,"_pose":"FreeFall","_animationQueue":[],"_animationSpeed":1,"_zoom":16.125},{"_mousePosition":[660,345],"_rootPartCFrame":[764.861,228.9,46.854,0.031,0,1,0,1,0,-1,0,0.031],"_humanoidState":5,"_cameraCFrame":[774.156,243.576,46.882,0.003,-0.817,0.576,0,0.576,0.817,-1,-0.002,0.002],"_shiftlockState":false,"_pose":"FreeFall","_animationQueue":[],"_animationSpeed":1,"_zoom":16.125},{"_mousePosition":[660,345],"_rootPartCFrame":[764.528,228.369,46.85,0.027,0,1,0,1,0,-1,0,0.027],"_humanoidState":5,"_cameraCFrame":[773.822,243.046,46.807,-0.005,-0.817,0.576,0,0.576,0.817,-1,0.004,-0.003],"_shiftlockState":false,"_pose":"FreeFall","_animationQueue":[["fall",0.3]],"_animationSpeed":1,"_zoom":16.125},{"_mousePosition":[660,345],"_rootPartCFrame":[764.328,228.009,46.849,0.025,0,1,0,1,0,-1,0,0.025],"_humanoidState":5,"_cameraCFrame":[773.57,242.722,46.713,-0.015,-0.819,0.573,0,0.573,0.819,-1,0.012,-0.008],"_shiftlockState":false,"_pose":"FreeFall","_animationQueue":[],"_animationSpeed":1,"_zoom":16.125},{"_mousePosition":[660,345],"_rootPartCFrame":[763.995,227.342,46.85,0.02,0,1,0,1,0,-1,0,0.02],"_humanoidState":5,"_cameraCFrame":[773.183,242.091,46.622,-0.025,-0.821,0.57,0,0.57,0.822,-1,0.02,-0.014],"_shiftlockState":false,"_pose":"FreeFall","_animationQueue":[],"_animationSpeed":1,"_zoom":16.125},{"_mousePosition":[660,345],"_rootPartCFrame":[763.728,226.747,46.854,0.016,0,1,0,1,0,-1,0,0.016],"_humanoidState":5,"_cameraCFrame":[772.864,241.532,46.581,-0.03,-0.823,0.567,0,0.567,0.824,-1,0.025,-0.017],"_shiftlockState":false,"_pose":"FreeFall","_animationQueue":[],"_animationSpeed":1,"_zoom":16.125},{"_mousePosition":[660,345],"_rootPartCFrame":[763.528,226.265,46.858,0.012,0,1,0,1,0,-1,0,0.012],"_humanoidState":5,"_cameraCFrame":[772.638,241.068,46.586,-0.03,-0.825,0.565,0,0.565,0.825,-1,0.025,-0.017],"_shiftlockState":false,"_pose":"FreeFall","_animationQueue":[],"_animationSpeed":1,"_zoom":16.125},{"_mousePosition":[660,345],"_rootPartCFrame":[763.262,225.575,46.866,0.007,0,1,0,1,0,-1,0,0.007],"_humanoidState":5,"_cameraCFrame":[772.371,240.377,46.594,-0.03,-0.825,0.565,0,0.565,0.825,-1,0.025,-0.017],"_shiftlockState":false,"_pose":"FreeFall","_animationQueue":[],"_animationSpeed":1,"_zoom":16.125},{"_mousePosition":[660,345],"_rootPartCFrame":[762.995,224.83,46.874,0.002,0,1,0,1,0,-1,0,0.002],"_humanoidState":5,"_cameraCFrame":[772.105,239.632,46.602,-0.03,-0.825,0.565,0,0.565,0.825,-1,0.025,-0.017],"_shiftlockState":false,"_pose":"FreeFall","_animationQueue":[],"_animationSpeed":1,"_zoom":16.125},{"_mousePosition":[660,345],"_rootPartCFrame":[762.728,224.031,46.882,-0.003,0,1,0,1,0,-1,0,-0.003],"_humanoidState":5,"_cameraCFrame":[771.838,238.833,46.61,-0.03,-0.825,0.565,0,0.565,0.825,-1,0.025,-0.017],"_shiftlockState":false,"_pose":"FreeFall","_animationQueue":[["fall",0.3]],"_animationSpeed":1,"_zoom":16.125},{"_mousePosition":[660,345],"_rootPartCFrame":[762.462,223.177,46.89,-0.007,0,1,0,1,0,-1,0,-0.007],"_humanoidState":5,"_cameraCFrame":[771.572,237.979,46.618,-0.03,-0.825,0.565,0,0.565,0.825,-1,0.025,-0.017],"_shiftlockState":false,"_pose":"FreeFall","_animationQueue":[],"_animationSpeed":1,"_zoom":16.125},{"_mousePosition":[660,345],"_rootPartCFrame":[762.066,222.269,46.898,-0.01,0,1,0,1,0,-1,0,-0.01],"_humanoidState":7,"_cameraCFrame":[771.176,237.071,46.626,-0.03,-0.825,0.565,0,0.565,0.825,-1,0.025,-0.017],"_shiftlockState":false,"_pose":"FreeFall","_animationQueue":[["walk",0.1],["fall",0.3],["fall",0.3]],"_animationSpeed":1,"_zoom":16.125},{"_mousePosition":[660,345],"_rootPartCFrame":[761.465,221.855,46.906,-0.013,0,1,0,1,0,-1,0,-0.013],"_humanoidState":7,"_cameraCFrame":[770.549,236.675,46.634,-0.03,-0.826,0.563,0,0.564,0.826,-1,0.025,-0.017],"_shiftlockState":false,"_pose":"FreeFall","_animationQueue":[],"_animationSpeed":1,"_zoom":16.125},{"_mousePosition":[660,345],"_rootPartCFrame":[760.712,221.956,46.914,-0.015,0,1,0,1,0,-1,0,-0.015],"_humanoidState":8,"_cameraCFrame":[769.796,236.776,46.642,-0.03,-0.826,0.563,0,0.564,0.826,-1,0.025,-0.017],"_shiftlockState":false,"_pose":"Running","_animationQueue":[["walk",0.1],["fall",0.3],["walk",0.1]],"_animationSpeed":0.74,"_zoom":16.125},{"_mousePosition":[660,345],"_rootPartCFrame":[759.946,222.059,46.922,-0.017,0,1,0,1,0,-1,0,-0.017],"_humanoidState":8,"_cameraCFrame":[769.03,236.879,46.65,-0.03,-0.826,0.563,0,0.564,0.826,-1,0.025,-0.017],"_shiftlockState":false,"_pose":"Running","_animationQueue":[["walk",0.1]],"_animationSpeed":1.095,"_zoom":16.125},{"_mousePosition":[660,345],"_rootPartCFrame":[759.179,222.122,46.93,-0.019,0,1,0,1,0,-1,0,-0.019],"_humanoidState":8,"_cameraCFrame":[768.263,236.942,46.658,-0.03,-0.826,0.563,0,0.564,0.826,-1,0.025,-0.017],"_shiftlockState":false,"_pose":"Running","_animationQueue":[["walk",0.1]],"_animationSpeed":1.095,"_zoom":16.125},{"_mousePosition":[660,345],"_rootPartCFrame":[758.413,222.157,46.938,-0.021,0,1,0,1,0,-1,0,-0.021],"_humanoidState":8,"_cameraCFrame":[767.47,236.995,46.667,-0.03,-0.827,0.562,0,0.562,0.827,-1,0.025,-0.017],"_shiftlockState":false,"_pose":"Running","_animationQueue":[],"_animationSpeed":1.095,"_zoom":16.125},{"_mousePosition":[660,345],"_rootPartCFrame":[757.454,222.18,46.948,-0.022,0,1,0,1,0,-1,0,-0.022],"_humanoidState":8,"_cameraCFrame":[766.512,237.018,46.677,-0.03,-0.827,0.562,0,0.562,0.827,-1,0.025,-0.017],"_shiftlockState":false,"_pose":"Running","_animationQueue":[],"_animationSpeed":1.095,"_zoom":16.125},{"_mousePosition":[660,345],"_rootPartCFrame":[756.879,222.187,46.954,-0.023,0,1,0,1,0,-1,0,-0.023],"_humanoidState":8,"_cameraCFrame":[765.937,237.025,46.683,-0.03,-0.827,0.562,0,0.562,0.827,-1,0.025,-0.017],"_shiftlockState":false,"_pose":"Running","_animationQueue":[],"_animationSpeed":1.095,"_zoom":16.125},{"_mousePosition":[660,345],"_rootPartCFrame":[756.113,222.193,46.962,-0.024,0,1,0,1,0,-1,0,-0.024],"_humanoidState":8,"_cameraCFrame":[765.145,237.048,46.692,-0.03,-0.828,0.56,0,0.56,0.828,-1,0.025,-0.017],"_shiftlockState":false,"_pose":"Running","_animationQueue":[],"_animationSpeed":1.095,"_zoom":16.125},{"_mousePosition":[660,345],"_rootPartCFrame":[755.154,222.196,46.972,-0.025,0,1,0,1,0,-1,0,-0.025],"_humanoidState":8,"_cameraCFrame":[764.186,237.052,46.702,-0.03,-0.828,0.56,0,0.56,0.828,-1,0.025,-0.017],"_shiftlockState":false,"_pose":"Running","_animationQueue":[],"_animationSpeed":1.095,"_zoom":16.125},{"_mousePosition":[660,345],"_rootPartCFrame":[754.388,222.198,46.98,-0.026,0,1,0,1,0,-1,0,-0.026],"_humanoidState":8,"_cameraCFrame":[763.42,237.053,46.71,-0.03,-0.828,0.56,0,0.56,0.828,-1,0.025,-0.017],"_shiftlockState":false,"_pose":"Running","_animationQueue":[["walk",0.1]],"_animationSpeed":1.095,"_zoom":16.125},{"_mousePosition":[660,345],"_rootPartCFrame":[753.813,222.199,46.986,-0.026,0,1,0,1,0,-1,0,-0.026],"_humanoidState":8,"_cameraCFrame":[762.845,237.054,46.716,-0.03,-0.828,0.56,0,0.56,0.828,-1,0.025,-0.017],"_shiftlockState":false,"_pose":"Running","_animationQueue":[],"_animationSpeed":1.095,"_zoom":16.125},{"_mousePosition":[660,345],"_rootPartCFrame":[752.855,222.199,46.996,-0.027,0,1,0,1,0,-1,0,-0.027],"_humanoidState":8,"_cameraCFrame":[761.887,237.055,46.726,-0.03,-0.828,0.56,0,0.56,0.828,-1,0.025,-0.017],"_shiftlockState":false,"_pose":"Running","_animationQueue":[],"_animationSpeed":1.095,"_zoom":16.125},{"_mousePosition":[660,345],"_rootPartCFrame":[752.28,222.199,47.002,-0.027,0,1,0,1,0,-1,0,-0.027],"_humanoidState":8,"_cameraCFrame":[761.312,237.055,46.731,-0.03,-0.828,0.56,0,0.56,0.828,-1,0.025,-0.017],"_shiftlockState":false,"_pose":"Running","_animationQueue":[],"_animationSpeed":1.095,"_zoom":16.125},{"_mousePosition":[660,345],"_rootPartCFrame":[751.513,222.199,47.01,-0.028,0,1,0,1,0,-1,0,-0.028],"_humanoidState":8,"_cameraCFrame":[760.545,237.055,46.739,-0.03,-0.828,0.56,0,0.56,0.828,-1,0.025,-0.017],"_shiftlockState":false,"_pose":"Running","_animationQueue":[],"_animationSpeed":1.095,"_zoom":16.125},{"_mousePosition":[660,345],"_rootPartCFrame":[750.555,223.27,47.019,-0.028,0,1,0,1,0,-1,0,-0.028],"_humanoidState":3,"_cameraCFrame":[759.587,238.125,46.749,-0.03,-0.828,0.56,0,0.56,0.828,-1,0.025,-0.017],"_shiftlockState":false,"_pose":"Jumping","_animationQueue":[["walk",0.1],["jump",0.1]],"_animationSpeed":1,"_zoom":16.125},{"_mousePosition":[660,345],"_rootPartCFrame":[749.813,224.064,47.027,-0.028,0,1,0,1,0,-1,0,-0.028],"_humanoidState":5,"_cameraCFrame":[758.845,238.92,46.757,-0.03,-0.828,0.56,0,0.56,0.828,-1,0.025,-0.017],"_shiftlockState":false,"_pose":"FreeFall","_animationQueue":[["jump",0.1]],"_animationSpeed":1,"_zoom":16.125},{"_mousePosition":[660,345],"_rootPartCFrame":[749.111,224.805,47.035,-0.029,0,1,0,1,0,-1,0,-0.029],"_humanoidState":5,"_cameraCFrame":[758.117,239.678,46.766,-0.03,-0.829,0.559,0,0.559,0.829,-1,0.025,-0.017],"_shiftlockState":false,"_pose":"FreeFall","_animationQueue":[],"_animationSpeed":1,"_zoom":16.125},{"_mousePosition":[660,345],"_rootPartCFrame":[748.449,225.49,47.043,-0.029,0,1,0,1,0,-1,0,-0.029],"_humanoidState":5,"_cameraCFrame":[757.455,240.363,46.774,-0.03,-0.829,0.559,0,0.559,0.829,-1,0.025,-0.017],"_shiftlockState":false,"_pose":"FreeFall","_animationQueue":[],"_animationSpeed":1,"_zoom":16.125},{"_mousePosition":[660,345],"_rootPartCFrame":[747.826,226.122,47.051,-0.029,0,1,0,1,0,-1,0,-0.029],"_humanoidState":5,"_cameraCFrame":[756.832,240.995,46.782,-0.03,-0.829,0.559,0,0.559,0.829,-1,0.025,-0.017],"_shiftlockState":false,"_pose":"FreeFall","_animationQueue":[],"_animationSpeed":1,"_zoom":16.125},{"_mousePosition":[660,345],"_rootPartCFrame":[747.244,226.698,47.059,-0.029,0,1,0,1,0,-1,0,-0.029],"_humanoidState":5,"_cameraCFrame":[756.249,241.571,46.79,-0.03,-0.829,0.559,0,0.559,0.829,-1,0.025,-0.017],"_shiftlockState":false,"_pose":"FreeFall","_animationQueue":[],"_animationSpeed":1,"_zoom":16.125},{"_mousePosition":[660,345],"_rootPartCFrame":[746.832,227.095,47.065,-0.029,0,1,0,1,0,-1,0,-0.029],"_humanoidState":5,"_cameraCFrame":[755.838,241.968,46.796,-0.03,-0.829,0.559,0,0.559,0.829,-1,0.025,-0.017],"_shiftlockState":false,"_pose":"FreeFall","_animationQueue":[],"_animationSpeed":1,"_zoom":16.125},{"_mousePosition":[660,345],"_rootPartCFrame":[746.319,227.577,47.073,-0.029,0,1,0,1,0,-1,0,-0.029],"_humanoidState":5,"_cameraCFrame":[755.325,242.45,46.804,-0.03,-0.829,0.559,0,0.559,0.829,-1,0.025,-0.017],"_shiftlockState":false,"_pose":"FreeFall","_animationQueue":[],"_animationSpeed":1,"_zoom":16.125},{"_mousePosition":[660,345],"_rootPartCFrame":[745.845,228.004,47.081,-0.029,0,1,0,1,0,-1,0,-0.029],"_humanoidState":5,"_cameraCFrame":[754.851,242.877,46.812,-0.03,-0.829,0.559,0,0.559,0.829,-1,0.025,-0.017],"_shiftlockState":false,"_pose":"FreeFall","_animationQueue":[],"_animationSpeed":1,"_zoom":16.125},{"_mousePosition":[660,345],"_rootPartCFrame":[745.309,228.46,47.091,-0.029,0,1,0,1,0,-1,0,-0.029],"_humanoidState":5,"_cameraCFrame":[754.315,243.333,46.822,-0.03,-0.829,0.559,0,0.559,0.829,-1,0.025,-0.017],"_shiftlockState":false,"_pose":"FreeFall","_animationQueue":[],"_animationSpeed":1,"_zoom":16.125},{"_mousePosition":[660,345],"_rootPartCFrame":[745.018,228.694,47.097,-0.029,0,1,0,1,0,-1,0,-0.029],"_humanoidState":5,"_cameraCFrame":[754.023,243.567,46.828,-0.03,-0.829,0.559,0,0.559,0.829,-1,0.025,-0.017],"_shiftlockState":false,"_pose":"FreeFall","_animationQueue":[],"_animationSpeed":1,"_zoom":16.125},{"_mousePosition":[660,345],"_rootPartCFrame":[744.663,228.957,47.105,-0.03,0,1,0,1,0,-1,0,-0.03],"_humanoidState":5,"_cameraCFrame":[753.669,243.83,46.836,-0.03,-0.829,0.559,0,0.559,0.829,-1,0.025,-0.017],"_shiftlockState":false,"_pose":"FreeFall","_animationQueue":[],"_animationSpeed":1,"_zoom":16.125},{"_mousePosition":[660,345],"_rootPartCFrame":[744.276,229.21,47.115,-0.03,0,1,0,1,0,-1,0,-0.03],"_humanoidState":5,"_cameraCFrame":[753.282,244.083,46.846,-0.03,-0.829,0.559,0,0.559,0.829,-1,0.025,-0.017],"_shiftlockState":false,"_pose":"FreeFall","_animationQueue":[],"_animationSpeed":1,"_zoom":16.125},{"_mousePosition":[660,345],"_rootPartCFrame":[744.071,229.32,47.121,-0.03,0,1,0,1,0,-1,0,-0.03],"_humanoidState":5,"_cameraCFrame":[753.077,244.193,46.852,-0.03,-0.829,0.559,0,0.559,0.829,-1,0.025,-0.017],"_shiftlockState":false,"_pose":"FreeFall","_animationQueue":[],"_animationSpeed":1,"_zoom":16.125},{"_mousePosition":[660,345],"_rootPartCFrame":[743.737,229.437,47.131,-0.03,0,1,0,1,0,-1,0,-0.03],"_humanoidState":5,"_cameraCFrame":[752.743,244.31,46.862,-0.03,-0.829,0.559,0,0.559,0.829,-1,0.025,-0.017],"_shiftlockState":false,"_pose":"FreeFall","_animationQueue":[],"_animationSpeed":1,"_zoom":16.125},{"_mousePosition":[660,345],"_rootPartCFrame":[743.538,229.466,47.137,-0.03,0,1,0,1,0,-1,0,-0.03],"_humanoidState":5,"_cameraCFrame":[752.543,244.339,46.868,-0.03,-0.829,0.559,0,0.559,0.829,-1,0.025,-0.017],"_shiftlockState":false,"_pose":"FreeFall","_animationQueue":[],"_animationSpeed":1,"_zoom":16.125},{"_mousePosition":[660,345],"_rootPartCFrame":[743.271,229.457,47.145,-0.03,0,1,0,1,0,-1,0,-0.03],"_humanoidState":5,"_cameraCFrame":[752.277,244.33,46.876,-0.03,-0.829,0.559,0,0.559,0.829,-1,0.025,-0.017],"_shiftlockState":false,"_pose":"FreeFall","_animationQueue":[],"_animationSpeed":1,"_zoom":16.125},{"_mousePosition":[660,345],"_rootPartCFrame":[742.938,229.369,47.155,-0.03,0,1,0,1,0,-1,0,-0.03],"_humanoidState":5,"_cameraCFrame":[751.944,244.242,46.886,-0.03,-0.829,0.559,0,0.559,0.829,-1,0.025,-0.017],"_shiftlockState":false,"_pose":"FreeFall","_animationQueue":[],"_animationSpeed":1,"_zoom":16.125},{"_mousePosition":[660,345],"_rootPartCFrame":[742.738,229.275,47.161,-0.03,0,1,0,1,0,-1,0,-0.03],"_humanoidState":5,"_cameraCFrame":[751.744,244.148,46.892,-0.03,-0.829,0.559,0,0.559,0.829,-1,0.025,-0.017],"_shiftlockState":false,"_pose":"FreeFall","_animationQueue":[],"_animationSpeed":1,"_zoom":16.125},{"_mousePosition":[660,345],"_rootPartCFrame":[742.471,229.102,47.169,-0.03,0,1,0,1,0,-1,0,-0.03],"_humanoidState":5,"_cameraCFrame":[751.477,243.975,46.9,-0.03,-0.829,0.559,0,0.559,0.829,-1,0.025,-0.017],"_shiftlockState":false,"_pose":"FreeFall","_animationQueue":[],"_animationSpeed":1,"_zoom":16.125},{"_mousePosition":[660,345],"_rootPartCFrame":[742.205,228.875,47.177,-0.03,0,1,0,1,0,-1,0,-0.03],"_humanoidState":5,"_cameraCFrame":[751.21,243.748,46.908,-0.03,-0.829,0.559,0,0.559,0.829,-1,0.025,-0.017],"_shiftlockState":false,"_pose":"FreeFall","_animationQueue":[],"_animationSpeed":1,"_zoom":16.125},{"_mousePosition":[660,345],"_rootPartCFrame":[741.871,228.515,47.187,-0.03,0,1,0,1,0,-1,0,-0.03],"_humanoidState":5,"_cameraCFrame":[750.877,243.388,46.917,-0.03,-0.829,0.559,0,0.559,0.829,-1,0.025,-0.017],"_shiftlockState":false,"_pose":"FreeFall","_animationQueue":[["fall",0.3]],"_animationSpeed":1,"_zoom":16.125},{"_mousePosition":[660,345],"_rootPartCFrame":[741.671,228.258,47.193,-0.03,0,1,0,1,0,-1,0,-0.03],"_humanoidState":5,"_cameraCFrame":[750.677,243.131,46.923,-0.03,-0.829,0.559,0,0.559,0.829,-1,0.025,-0.017],"_shiftlockState":false,"_pose":"FreeFall","_animationQueue":[],"_animationSpeed":1,"_zoom":16.125},{"_mousePosition":[660,345],"_rootPartCFrame":[741.405,227.867,47.201,-0.03,0,1,0,1,0,-1,0,-0.03],"_humanoidState":5,"_cameraCFrame":[750.385,242.757,46.932,-0.03,-0.83,0.557,0,0.557,0.83,-1,0.025,-0.017],"_shiftlockState":false,"_pose":"FreeFall","_animationQueue":[],"_animationSpeed":1,"_zoom":16.125},{"_mousePosition":[660,345],"_rootPartCFrame":[741.071,227.302,47.211,-0.03,0,1,0,1,0,-1,0,-0.03],"_humanoidState":5,"_cameraCFrame":[750.025,242.21,46.943,-0.03,-0.831,0.555,0,0.556,0.832,-1,0.025,-0.017],"_shiftlockState":false,"_pose":"FreeFall","_animationQueue":[],"_animationSpeed":1,"_zoom":16.125},{"_mousePosition":[660,345],"_rootPartCFrame":[740.805,226.789,47.219,-0.03,0,1,0,1,0,-1,0,-0.03],"_humanoidState":5,"_cameraCFrame":[749.732,241.714,46.952,-0.03,-0.832,0.554,0,0.554,0.833,-1,0.025,-0.017],"_shiftlockState":false,"_pose":"FreeFall","_animationQueue":[],"_animationSpeed":1,"_zoom":16.125},{"_mousePosition":[660,345],"_rootPartCFrame":[740.605,226.368,47.225,-0.03,0,1,0,1,0,-1,0,-0.03],"_humanoidState":5,"_cameraCFrame":[749.533,241.294,46.958,-0.03,-0.832,0.554,0,0.554,0.833,-1,0.025,-0.017],"_shiftlockState":false,"_pose":"FreeFall","_animationQueue":[],"_animationSpeed":1,"_zoom":16.125},{"_mousePosition":[660,345],"_rootPartCFrame":[740.338,225.76,47.233,-0.03,0,1,0,1,0,-1,0,-0.03],"_humanoidState":5,"_cameraCFrame":[749.24,240.702,46.966,-0.03,-0.833,0.552,0,0.552,0.834,-1,0.025,-0.017],"_shiftlockState":false,"_pose":"FreeFall","_animationQueue":[],"_animationSpeed":1,"_zoom":16.125},{"_mousePosition":[660,345],"_rootPartCFrame":[740.005,224.922,47.243,-0.03,0,1,0,1,0,-1,0,-0.03],"_humanoidState":5,"_cameraCFrame":[748.88,239.882,46.977,-0.03,-0.834,0.55,0,0.551,0.835,-1,0.025,-0.016],"_shiftlockState":false,"_pose":"FreeFall","_animationQueue":[["fall",0.3]],"_animationSpeed":1,"_zoom":16.125},{"_mousePosition":[660,345],"_rootPartCFrame":[739.738,224.191,47.25,-0.03,0,1,0,1,0,-1,0,-0.03],"_humanoidState":5,"_cameraCFrame":[748.614,239.151,46.985,-0.03,-0.834,0.55,0,0.551,0.835,-1,0.025,-0.016],"_shiftlockState":false,"_pose":"FreeFall","_animationQueue":[],"_animationSpeed":1,"_zoom":16.125},{"_mousePosition":[660,345],"_rootPartCFrame":[739.539,223.607,47.256,-0.03,0,1,0,1,0,-1,0,-0.03],"_humanoidState":5,"_cameraCFrame":[748.414,238.567,46.991,-0.03,-0.834,0.55,0,0.551,0.835,-1,0.025,-0.016],"_shiftlockState":false,"_pose":"FreeFall","_animationQueue":[],"_animationSpeed":1,"_zoom":16.125},{"_mousePosition":[660,345],"_rootPartCFrame":[739.272,222.78,47.264,-0.03,0,1,0,1,0,-1,0,-0.03],"_humanoidState":5,"_cameraCFrame":[748.147,237.74,46.999,-0.03,-0.834,0.55,0,0.551,0.835,-1,0.025,-0.016],"_shiftlockState":false,"_pose":"FreeFall","_animationQueue":[],"_animationSpeed":1,"_zoom":16.125},{"_mousePosition":[660,345],"_rootPartCFrame":[739.005,222.008,47.272,-0.03,0,1,0,1,0,-1,0,-0.03],"_humanoidState":7,"_cameraCFrame":[747.881,236.968,47.007,-0.03,-0.834,0.55,0,0.551,0.835,-1,0.025,-0.016],"_shiftlockState":false,"_pose":"FreeFall","_animationQueue":[["walk",0.1],["fall",0.3],["fall",0.3]],"_animationSpeed":1,"_zoom":16.125},{"_mousePosition":[660,345],"_rootPartCFrame":[738.672,221.981,47.282,-0.03,0,1,0,1,0,-1,0,-0.03],"_humanoidState":7,"_cameraCFrame":[747.547,236.941,47.017,-0.03,-0.834,0.55,0,0.551,0.835,-1,0.025,-0.016],"_shiftlockState":false,"_pose":"FreeFall","_animationQueue":[],"_animationSpeed":1,"_zoom":16.125},{"_mousePosition":[660,345],"_rootPartCFrame":[738.472,222.049,47.288,-0.03,0,1,0,1,0,-1,0,-0.03],"_humanoidState":8,"_cameraCFrame":[747.347,237.009,47.023,-0.03,-0.834,0.55,0,0.551,0.835,-1,0.025,-0.016],"_shiftlockState":false,"_pose":"Running","_animationQueue":[["walk",0.1],["fall",0.3],["walk",0.1]],"_animationSpeed":1.103,"_zoom":16.125},{"_mousePosition":[660,345],"_rootPartCFrame":[738.051,222.115,47.296,-0.03,0,1,0,1,0,-1,0,-0.03],"_humanoidState":8,"_cameraCFrame":[746.926,237.075,47.031,-0.03,-0.834,0.55,0,0.551,0.835,-1,0.025,-0.016],"_shiftlockState":false,"_pose":"Running","_animationQueue":[["walk",0.1],["walk",0.1]],"_animationSpeed":0.967,"_zoom":16.125},{"_mousePosition":[660,345],"_rootPartCFrame":[737.048,222.166,47.308,-0.03,0,1,0,1,0,-1,0,-0.03],"_humanoidState":8,"_cameraCFrame":[745.923,237.126,47.043,-0.03,-0.834,0.55,0,0.551,0.835,-1,0.025,-0.016],"_shiftlockState":false,"_pose":"Running","_animationQueue":[["walk",0.1]],"_animationSpeed":0.118,"_zoom":16.125},{"_mousePosition":[660,345],"_rootPartCFrame":[736.282,222.182,47.316,-0.03,0,1,0,1,0,-1,0,-0.03],"_humanoidState":8,"_cameraCFrame":[745.157,237.142,47.051,-0.03,-0.834,0.55,0,0.551,0.835,-1,0.025,-0.016],"_shiftlockState":false,"_pose":"Running","_animationQueue":[["walk",0.1]],"_animationSpeed":1.047,"_zoom":16.125},{"_mousePosition":[660,345],"_rootPartCFrame":[735.899,222.186,47.32,-0.03,0,1,0,1,0,-1,0,-0.03],"_humanoidState":8,"_cameraCFrame":[744.774,237.147,47.055,-0.03,-0.834,0.55,0,0.551,0.835,-1,0.025,-0.016],"_shiftlockState":false,"_pose":"Running","_animationQueue":[["walk",0.1]],"_animationSpeed":1.102,"_zoom":16.125},{"_mousePosition":[660,345],"_rootPartCFrame":[735.132,222.193,47.328,-0.03,0,1,0,1,0,-1,0,-0.03],"_humanoidState":8,"_cameraCFrame":[744.008,237.153,47.063,-0.03,-0.834,0.55,0,0.551,0.835,-1,0.025,-0.016],"_shiftlockState":false,"_pose":"Running","_animationQueue":[],"_animationSpeed":1.102,"_zoom":16.125},{"_mousePosition":[660,345],"_rootPartCFrame":[734.366,222.196,47.336,-0.03,0,1,0,1,0,-1,0,-0.03],"_humanoidState":8,"_cameraCFrame":[743.241,237.156,47.071,-0.03,-0.834,0.55,0,0.551,0.835,-1,0.025,-0.016],"_shiftlockState":false,"_pose":"Running","_animationQueue":[],"_animationSpeed":1.102,"_zoom":16.125},{"_mousePosition":[660,345],"_rootPartCFrame":[733.599,222.198,47.344,-0.03,0,1,0,1,0,-1,0,-0.03],"_humanoidState":8,"_cameraCFrame":[742.474,237.158,47.079,-0.03,-0.834,0.55,0,0.551,0.835,-1,0.025,-0.016],"_shiftlockState":false,"_pose":"Running","_animationQueue":[["walk",0.1]],"_animationSpeed":1.102,"_zoom":16.125},{"_mousePosition":[660,345],"_rootPartCFrame":[732.833,223.071,47.352,-0.03,0,1,0,1,0,-1,0,-0.03],"_humanoidState":3,"_cameraCFrame":[741.708,238.031,47.087,-0.03,-0.834,0.55,0,0.551,0.835,-1,0.025,-0.016],"_shiftlockState":false,"_pose":"Jumping","_animationQueue":[["walk",0.1],["jump",0.1]],"_animationSpeed":1,"_zoom":16.125},{"_mousePosition":[660,345],"_rootPartCFrame":[732.091,223.893,47.36,-0.03,0,1,0,1,0,-1,0,-0.03],"_humanoidState":5,"_cameraCFrame":[740.966,238.853,47.095,-0.03,-0.834,0.55,0,0.551,0.835,-1,0.025,-0.016],"_shiftlockState":false,"_pose":"FreeFall","_animationQueue":[["jump",0.1]],"_animationSpeed":1,"_zoom":16.125},{"_mousePosition":[660,345],"_rootPartCFrame":[731.389,224.66,47.368,-0.03,0,1,0,1,0,-1,0,-0.03],"_humanoidState":5,"_cameraCFrame":[740.264,239.62,47.103,-0.03,-0.834,0.55,0,0.551,0.835,-1,0.025,-0.016],"_shiftlockState":false,"_pose":"FreeFall","_animationQueue":[],"_animationSpeed":1,"_zoom":16.125},{"_mousePosition":[660,345],"_rootPartCFrame":[730.727,225.373,47.376,-0.03,0,1,0,1,0,-1,0,-0.03],"_humanoidState":5,"_cameraCFrame":[739.602,240.333,47.111,-0.03,-0.834,0.55,0,0.551,0.835,-1,0.025,-0.016],"_shiftlockState":false,"_pose":"FreeFall","_animationQueue":[],"_animationSpeed":1,"_zoom":16.125},{"_mousePosition":[660,345],"_rootPartCFrame":[730.104,226.032,47.384,-0.03,0,1,0,1,0,-1,0,-0.03],"_humanoidState":5,"_cameraCFrame":[738.979,240.992,47.119,-0.03,-0.834,0.55,0,0.551,0.835,-1,0.025,-0.016],"_shiftlockState":false,"_pose":"FreeFall","_animationQueue":[],"_animationSpeed":1,"_zoom":16.125},{"_mousePosition":[660,345],"_rootPartCFrame":[729.521,226.636,47.392,-0.03,0,1,0,1,0,-1,0,-0.03],"_humanoidState":5,"_cameraCFrame":[738.396,241.596,47.127,-0.03,-0.834,0.55,0,0.551,0.835,-1,0.025,-0.016],"_shiftlockState":false,"_pose":"FreeFall","_animationQueue":[],"_animationSpeed":1,"_zoom":16.125},{"_mousePosition":[660,345],"_rootPartCFrame":[728.978,227.185,47.4,-0.03,0,1,0,1,0,-1,0,-0.03],"_humanoidState":5,"_cameraCFrame":[737.853,242.145,47.134,-0.03,-0.834,0.55,0,0.551,0.835,-1,0.025,-0.016],"_shiftlockState":false,"_pose":"FreeFall","_animationQueue":[],"_animationSpeed":1,"_zoom":16.125},{"_mousePosition":[660,345],"_rootPartCFrame":[728.475,227.68,47.408,-0.03,0,1,0,1,0,-1,0,-0.03],"_humanoidState":5,"_cameraCFrame":[737.35,242.641,47.142,-0.03,-0.834,0.55,0,0.551,0.835,-1,0.025,-0.016],"_shiftlockState":false,"_pose":"FreeFall","_animationQueue":[],"_animationSpeed":1,"_zoom":16.125},{"_mousePosition":[660,345],"_rootPartCFrame":[728.011,228.121,47.416,-0.03,0,1,0,1,0,-1,0,-0.03],"_humanoidState":5,"_cameraCFrame":[736.886,243.081,47.15,-0.03,-0.834,0.55,0,0.551,0.835,-1,0.025,-0.016],"_shiftlockState":false,"_pose":"FreeFall","_animationQueue":[],"_animationSpeed":1,"_zoom":16.125},{"_mousePosition":[660,345],"_rootPartCFrame":[727.487,228.595,47.426,-0.03,0,1,0,1,0,-1,0,-0.03],"_humanoidState":5,"_cameraCFrame":[736.362,243.555,47.16,-0.03,-0.834,0.55,0,0.551,0.835,-1,0.025,-0.016],"_shiftlockState":false,"_pose":"FreeFall","_animationQueue":[],"_animationSpeed":1,"_zoom":16.125},{"_mousePosition":[660,345],"_rootPartCFrame":[727.113,228.913,47.434,-0.03,0,1,0,1,0,-1,0,-0.03],"_humanoidState":5,"_cameraCFrame":[735.988,243.873,47.168,-0.03,-0.834,0.55,0,0.551,0.835,-1,0.025,-0.016],"_shiftlockState":false,"_pose":"FreeFall","_animationQueue":[],"_animationSpeed":1,"_zoom":16.125},{"_mousePosition":[660,345],"_rootPartCFrame":[726.858,229.115,47.44,-0.03,0,1,0,1,0,-1,0,-0.03],"_humanoidState":5,"_cameraCFrame":[735.734,244.076,47.174,-0.03,-0.834,0.55,0,0.551,0.835,-1,0.025,-0.016],"_shiftlockState":false,"_pose":"FreeFall","_animationQueue":[],"_animationSpeed":1,"_zoom":16.125},{"_mousePosition":[660,345],"_rootPartCFrame":[726.554,229.338,47.448,-0.03,0,1,0,1,0,-1,0,-0.03],"_humanoidState":5,"_cameraCFrame":[735.429,244.298,47.182,-0.03,-0.834,0.55,0,0.551,0.835,-1,0.025,-0.016],"_shiftlockState":false,"_pose":"FreeFall","_animationQueue":[],"_animationSpeed":1,"_zoom":16.125},{"_mousePosition":[660,345],"_rootPartCFrame":[726.282,229.506,47.456,-0.03,0,1,0,1,0,-1,0,-0.03],"_humanoidState":5,"_cameraCFrame":[735.157,244.466,47.19,-0.03,-0.834,0.55,0,0.551,0.835,-1,0.025,-0.016],"_shiftlockState":false,"_pose":"FreeFall","_animationQueue":[],"_animationSpeed":1,"_zoom":16.125},{"_mousePosition":[660,345],"_rootPartCFrame":[726.015,229.62,47.464,-0.03,0,1,0,1,0,-1,0,-0.03],"_humanoidState":5,"_cameraCFrame":[734.89,244.58,47.198,-0.03,-0.834,0.55,0,0.551,0.835,-1,0.025,-0.016],"_shiftlockState":false,"_pose":"FreeFall","_animationQueue":[],"_animationSpeed":1,"_zoom":16.125},{"_mousePosition":[660,345],"_rootPartCFrame":[725.749,229.679,47.472,-0.03,0,1,0,1,0,-1,0,-0.03],"_humanoidState":5,"_cameraCFrame":[734.624,244.639,47.206,-0.03,-0.834,0.55,0,0.551,0.835,-1,0.025,-0.016],"_shiftlockState":false,"_pose":"FreeFall","_animationQueue":[],"_animationSpeed":1,"_zoom":16.125},{"_mousePosition":[660,345],"_rootPartCFrame":[725.482,229.683,47.48,-0.03,0,1,0,1,0,-1,0,-0.03],"_humanoidState":5,"_cameraCFrame":[734.357,244.643,47.214,-0.03,-0.834,0.55,0,0.551,0.835,-1,0.025,-0.016],"_shiftlockState":false,"_pose":"FreeFall","_animationQueue":[],"_animationSpeed":1,"_zoom":16.125},{"_mousePosition":[660,345],"_rootPartCFrame":[725.215,229.633,47.487,-0.03,0,1,0,1,0,-1,0,-0.03],"_humanoidState":5,"_cameraCFrame":[734.091,244.593,47.222,-0.03,-0.834,0.55,0,0.551,0.835,-1,0.025,-0.016],"_shiftlockState":false,"_pose":"FreeFall","_animationQueue":[],"_animationSpeed":1,"_zoom":16.125},{"_mousePosition":[660,345],"_rootPartCFrame":[724.949,229.529,47.495,-0.03,0,1,0,1,0,-1,0,-0.03],"_humanoidState":5,"_cameraCFrame":[733.824,244.489,47.23,-0.03,-0.834,0.55,0,0.551,0.835,-1,0.025,-0.016],"_shiftlockState":false,"_pose":"FreeFall","_animationQueue":[["fall",0.3]],"_animationSpeed":1,"_zoom":16.125},{"_mousePosition":[660,345],"_rootPartCFrame":[724.682,229.37,47.503,-0.0