[{"_mousePosition":[663,325],"_rootPartCFrame":[776.033,222.7,47.142,-0.001,0,1,0,1,0,-1,0,-0.001],"_humanoidState":8,"_cameraCFrame":[787.514,241.373,47.233,0.008,-0.831,0.556,0,0.556,0.831,-1,-0.007,0.004],"_shiftlockState":false,"_pose":"Standing","_animationQueue":[],"_animationSpeed":1,"_zoom":20.656},{"_mousePosition":[663,325],"_rootPartCFrame":[775.73,222.7,47.14,0.001,0,1,0,1,0,-1,0,0.001],"_humanoidState":8,"_cameraCFrame":[787.143,241.418,47.23,0.008,-0.833,0.553,0,0.553,0.834,-1,-0.007,0.004],"_shiftlockState":false,"_pose":"Standing","_animationQueue":[],"_animationSpeed":1,"_zoom":20.656},{"_mousePosition":[663,325],"_rootPartCFrame":[775.597,222.7,47.139,0.001,0,1,0,1,0,-1,0,0.001],"_humanoidState":8,"_cameraCFrame":[786.943,241.462,47.2,0.005,-0.836,0.549,0,0.549,0.836,-1,-0.004,0.003],"_shiftlockState":false,"_pose":"Running","_animationQueue":[["walk",0.1]],"_animationSpeed":1.089,"_zoom":20.656},{"_mousePosition":[663,325],"_rootPartCFrame":[775.33,222.7,47.137,0.002,0,1,0,1,0,-1,0,0.002],"_humanoidState":8,"_cameraCFrame":[786.608,241.505,47.197,0.005,-0.838,0.546,0,0.546,0.838,-1,-0.004,0.003],"_shiftlockState":false,"_pose":"Running","_animationQueue":[],"_animationSpeed":1.089,"_zoom":20.656},{"_mousePosition":[663,325],"_rootPartCFrame":[774.93,222.7,47.135,0.003,0,1,0,1,0,-1,0,0.003],"_humanoidState":8,"_cameraCFrame":[786.141,241.549,47.195,0.005,-0.84,0.543,0,0.543,0.84,-1,-0.005,0.003],"_shiftlockState":false,"_pose":"Running","_animationQueue":[["walk",0.1]],"_animationSpeed":1.089,"_zoom":20.656},{"_mousePosition":[663,325],"_rootPartCFrame":[774.663,222.7,47.133,0.003,0,1,0,1,0,-1,0,0.003],"_humanoidState":8,"_cameraCFrame":[785.806,241.593,47.193,0.005,-0.842,0.539,0,0.539,0.842,-1,-0.005,0.003],"_shiftlockState":false,"_pose":"Running","_animationQueue":[],"_animationSpeed":1.089,"_zoom":20.656},{"_mousePosition":[663,325],"_rootPartCFrame":[774.53,222.7,47.132,0.003,0,1,0,1,0,-1,0,0.003],"_humanoidState":8,"_cameraCFrame":[785.571,241.657,47.192,0.005,-0.845,0.535,0,0.535,0.845,-1,-0.005,0.003],"_shiftlockState":false,"_pose":"Running","_animationQueue":[],"_animationSpeed":1.089,"_zoom":20.656},{"_mousePosition":[663,325],"_rootPartCFrame":[774.263,222.7,47.131,0.004,0,1,0,1,0,-1,0,0.004],"_humanoidState":8,"_cameraCFrame":[785.202,241.722,47.19,0.005,-0.848,0.53,0,0.53,0.848,-1,-0.005,0.003],"_shiftlockState":false,"_pose":"Running","_animationQueue":[],"_animationSpeed":1.089,"_zoom":20.656},{"_mousePosition":[663,325],"_rootPartCFrame":[773.863,222.7,47.129,0.004,0,1,0,1,0,-1,0,0.004],"_humanoidState":8,"_cameraCFrame":[784.665,241.806,47.187,0.005,-0.852,0.523,0,0.523,0.852,-1,-0.005,0.003],"_shiftlockState":false,"_pose":"Running","_animationQueue":[],"_animationSpeed":1.089,"_zoom":20.656},{"_mousePosition":[663,325],"_rootPartCFrame":[773.73,222.7,47.128,0.004,0,1,0,1,0,-1,0,0.004],"_humanoidState":8,"_cameraCFrame":[784.394,241.89,47.185,0.005,-0.856,0.516,0,0.516,0.856,-1,-0.005,0.003],"_shiftlockState":false,"_pose":"Running","_animationQueue":[],"_animationSpeed":1.089,"_zoom":20.656},{"_mousePosition":[663,325],"_rootPartCFrame":[773.463,222.7,47.127,0.004,0,1,0,1,0,-1,0,0.004],"_humanoidState":8,"_cameraCFrame":[783.989,241.973,47.183,0.005,-0.86,0.51,0,0.51,0.86,-1,-0.005,0.003],"_shiftlockState":false,"_pose":"Running","_animationQueue":[],"_animationSpeed":1.089,"_zoom":20.656},{"_mousePosition":[663,325],"_rootPartCFrame":[773.196,222.7,47.125,0.004,0,1,0,1,0,-1,0,0.004],"_humanoidState":8,"_cameraCFrame":[783.584,242.054,47.181,0.005,-0.864,0.503,0,0.503,0.864,-1,-0.005,0.003],"_shiftlockState":false,"_pose":"Running","_animationQueue":[["walk",0.1]],"_animationSpeed":1.089,"_zoom":20.656},{"_mousePosition":[663,325],"_rootPartCFrame":[772.93,222.7,47.124,0.005,0,1,0,1,0,-1,0,0.005],"_humanoidState":8,"_cameraCFrame":[783.143,242.154,47.179,0.005,-0.869,0.494,0,0.494,0.869,-1,-0.005,0.003],"_shiftlockState":false,"_pose":"Running","_animationQueue":[],"_animationSpeed":1.089,"_zoom":20.656},{"_mousePosition":[663,325],"_rootPartCFrame":[772.663,222.7,47.122,0.005,0,1,0,1,0,-1,0,0.005],"_humanoidState":8,"_cameraCFrame":[782.736,242.233,47.176,0.005,-0.873,0.488,0,0.488,0.873,-1,-0.005,0.003],"_shiftlockState":false,"_pose":"Running","_animationQueue":[],"_animationSpeed":1.089,"_zoom":20.656},{"_mousePosition":[663,325],"_rootPartCFrame":[772.396,222.717,47.121,0.005,0,1,0,1,0,-1,0,0.005],"_humanoidState":8,"_cameraCFrame":[782.328,242.329,47.174,0.005,-0.877,0.481,0,0.481,0.877,-1,-0.005,0.003],"_shiftlockState":false,"_pose":"Running","_animationQueue":[],"_animationSpeed":1.089,"_zoom":20.656},{"_mousePosition":[663,325],"_rootPartCFrame":[772.129,222.748,47.12,0.005,0,1,0,1,0,-1,0,0.005],"_humanoidState":8,"_cameraCFrame":[781.92,242.437,47.197,0.008,-0.881,0.474,0,0.474,0.881,-1,-0.007,0.004],"_shiftlockState":false,"_pose":"Running","_animationQueue":[],"_animationSpeed":1.089,"_zoom":20.656},{"_mousePosition":[663,325],"_rootPartCFrame":[771.863,222.771,47.118,0.005,0,1,0,1,0,-1,0,0.005],"_humanoidState":8,"_cameraCFrame":[781.475,242.554,47.194,0.008,-0.885,0.465,0,0.465,0.885,-1,-0.007,0.004],"_shiftlockState":false,"_pose":"Running","_animationQueue":[],"_animationSpeed":1.089,"_zoom":20.656},{"_mousePosition":[663,325],"_rootPartCFrame":[771.596,222.784,47.116,0.005,0,1,0,1,0,-1,0,0.005],"_humanoidState":8,"_cameraCFrame":[780.994,242.678,47.19,0.008,-0.89,0.455,0,0.455,0.89,-1,-0.007,0.004],"_shiftlockState":false,"_pose":"Running","_animationQueue":[["walk",0.1]],"_animationSpeed":1.089,"_zoom":20.656},{"_mousePosition":[663,325],"_rootPartCFrame":[771.329,222.8,47.114,0.006,0,1,0,1,0,-1,0,0.006],"_humanoidState":8,"_cameraCFrame":[780.584,242.767,47.21,0.01,-0.894,0.448,0,0.448,0.894,-1,-0.009,0.005],"_shiftlockState":false,"_pose":"Running","_animationQueue":[],"_animationSpeed":1.089,"_zoom":20.656},{"_mousePosition":[663,325],"_rootPartCFrame":[771.063,222.825,47.112,0.006,0,1,0,1,0,-1,0,0.006],"_humanoidState":8,"_cameraCFrame":[780.173,242.864,47.207,0.01,-0.897,0.441,0,0.441,0.897,-1,-0.009,0.005],"_shiftlockState":false,"_pose":"Running","_animationQueue":[],"_animationSpeed":1.089,"_zoom":20.656},{"_mousePosition":[663,325],"_rootPartCFrame":[770.663,222.849,47.108,0.007,0,1,0,1,0,-1,0,0.007],"_humanoidState":8,"_cameraCFrame":[779.628,242.958,47.201,0.01,-0.901,0.434,0,0.434,0.901,-1,-0.009,0.005],"_shiftlockState":false,"_pose":"Running","_animationQueue":[],"_animationSpeed":1.089,"_zoom":20.656},{"_mousePosition":[663,325],"_rootPartCFrame":[770.53,222.842,47.106,0.007,0,1,0,1,0,-1,0,0.007],"_humanoidState":8,"_cameraCFrame":[779.422,242.986,47.199,0.01,-0.903,0.431,0,0.431,0.903,-1,-0.009,0.004],"_shiftlockState":false,"_pose":"Running","_animationQueue":[],"_animationSpeed":1.089,"_zoom":20.656},{"_mousePosition":[663,325],"_rootPartCFrame":[770.196,223.912,47.103,0.008,0,1,0,1,0,-1,0,0.008],"_humanoidState":3,"_cameraCFrame":[778.98,244.107,47.194,0.01,-0.905,0.425,0,0.425,0.905,-1,-0.009,0.004],"_shiftlockState":false,"_pose":"Jumping","_animationQueue":[["walk",0.1],["jump",0.1]],"_animationSpeed":1,"_zoom":20.656},{"_mousePosition":[663,325],"_rootPartCFrame":[769.996,224.513,47.101,0.008,0,1,0,1,0,-1,0,0.008],"_humanoidState":5,"_cameraCFrame":[778.67,244.76,47.213,0.013,-0.907,0.42,0,0.42,0.908,-1,-0.012,0.005],"_shiftlockState":false,"_pose":"FreeFall","_animationQueue":[["jump",0.1]],"_animationSpeed":1,"_zoom":20.656},{"_mousePosition":[663,325],"_rootPartCFrame":[769.73,225.267,47.098,0.008,0,1,0,1,0,-1,0,0.008],"_humanoidState":5,"_cameraCFrame":[778.331,245.547,47.209,0.013,-0.909,0.416,0,0.416,0.909,-1,-0.012,0.005],"_shiftlockState":false,"_pose":"FreeFall","_animationQueue":[],"_animationSpeed":1,"_zoom":20.656},{"_mousePosition":[663,325],"_rootPartCFrame":[769.397,226.133,47.094,0.009,0,1,0,1,0,-1,0,0.009],"_humanoidState":5,"_cameraCFrame":[777.924,246.446,47.226,0.015,-0.911,0.413,0,0.413,0.911,-1,-0.014,0.006],"_shiftlockState":false,"_pose":"FreeFall","_animationQueue":[],"_animationSpeed":1,"_zoom":20.656},{"_mousePosition":[663,325],"_rootPartCFrame":[769.13,226.764,47.09,0.01,0,1,0,1,0,-1,0,0.01],"_humanoidState":5,"_cameraCFrame":[777.657,247.077,47.222,0.015,-0.911,0.413,0,0.413,0.911,-1,-0.014,0.006],"_shiftlockState":false,"_pose":"FreeFall","_animationQueue":[],"_animationSpeed":1,"_zoom":20.656},{"_mousePosition":[663,325],"_rootPartCFrame":[768.93,227.202,47.087,0.01,0,1,0,1,0,-1,0,0.01],"_humanoidState":5,"_cameraCFrame":[777.42,247.532,47.219,0.015,-0.911,0.411,0,0.411,0.912,-1,-0.014,0.006],"_shiftlockState":false,"_pose":"FreeFall","_animationQueue":[],"_animationSpeed":1,"_zoom":20.656},{"_mousePosition":[663,325],"_rootPartCFrame":[768.663,227.737,47.083,0.011,0,1,0,1,0,-1,0,0.011],"_humanoidState":5,"_cameraCFrame":[777.117,248.084,47.214,0.015,-0.912,0.409,0,0.409,0.912,-1,-0.014,0.006],"_shiftlockState":false,"_pose":"FreeFall","_animationQueue":[],"_animationSpeed":1,"_zoom":20.656},{"_mousePosition":[663,325],"_rootPartCFrame":[768.397,228.219,47.079,0.011,0,1,0,1,0,-1,0,0.011],"_humanoidState":5,"_cameraCFrame":[776.813,248.582,47.231,0.018,-0.913,0.407,0,0.408,0.913,-1,-0.016,0.007],"_shiftlockState":false,"_pose":"FreeFall","_animationQueue":[],"_animationSpeed":1,"_zoom":20.656},{"_mousePosition":[663,325],"_rootPartCFrame":[768.13,228.646,47.075,0.012,0,1,0,1,0,-1,0,0.012],"_humanoidState":5,"_cameraCFrame":[776.51,249.025,47.247,0.021,-0.914,0.406,0,0.406,0.914,-1,-0.019,0.008],"_shiftlockState":false,"_pose":"FreeFall","_animationQueue":[],"_animationSpeed":1,"_zoom":20.656},{"_mousePosition":[663,325],"_rootPartCFrame":[767.864,229.018,47.07,0.013,0,1,0,1,0,-1,0,0.013],"_humanoidState":5,"_cameraCFrame":[776.169,249.43,47.262,0.023,-0.915,0.402,0,0.402,0.916,-1,-0.021,0.009],"_shiftlockState":false,"_pose":"FreeFall","_animationQueue":[],"_animationSpeed":1,"_zoom":20.656},{"_mousePosition":[663,325],"_rootPartCFrame":[767.597,229.336,47.065,0.014,0,1,0,1,0,-1,0,0.014],"_humanoidState":5,"_cameraCFrame":[775.828,249.78,47.297,0.028,-0.917,0.398,0,0.399,0.917,-1,-0.026,0.011],"_shiftlockState":false,"_pose":"FreeFall","_animationQueue":[],"_animationSpeed":1,"_zoom":20.656},{"_mousePosition":[663,325],"_rootPartCFrame":[767.33,229.599,47.059,0.015,0,1,0,1,0,-1,0,0.015],"_humanoidState":5,"_cameraCFrame":[775.487,250.076,47.309,0.031,-0.918,0.395,0,0.395,0.919,-1,-0.028,0.012],"_shiftlockState":false,"_pose":"FreeFall","_animationQueue":[],"_animationSpeed":1,"_zoom":20.656},{"_mousePosition":[663,325],"_rootPartCFrame":[767.089,229.794,47.053,0.015,0,1,0,1,0,-1,0,0.015],"_humanoidState":12,"_cameraCFrame":[775.208,250.286,47.302,0.031,-0.919,0.393,0,0.393,0.919,-1,-0.028,0.012],"_shiftlockState":false,"_pose":"Climbing","_animationQueue":[["walk",0.1],["climb",0.1]],"_animationSpeed":1.215,"_zoom":20.656},{"_mousePosition":[663,325],"_rootPartCFrame":[766.842,230.028,47.048,0.015,0,1,0,1,0,-1,0,0.015],"_humanoidState":12,"_cameraCFrame":[774.961,250.52,47.297,0.031,-0.919,0.393,0,0.393,0.919,-1,-0.028,0.012],"_shiftlockState":false,"_pose":"Climbing","_animationQueue":[["climb",0.1]],"_animationSpeed":0.939,"_zoom":20.656},{"_mousePosition":[663,325],"_rootPartCFrame":[766.785,230.168,47.046,0.015,0,1,0,1,0,-1,0,0.015],"_humanoidState":12,"_cameraCFrame":[774.904,250.66,47.295,0.031,-0.919,0.393,0,0.393,0.919,-1,-0.028,0.012],"_shiftlockState":false,"_pose":"Climbing","_animationQueue":[],"_animationSpeed":0.939,"_zoom":20.656},{"_mousePosition":[663,325],"_rootPartCFrame":[766.781,230.354,47.046,0.015,0,1,0,1,0,-1,0,0.015],"_humanoidState":12,"_cameraCFrame":[774.863,250.862,47.315,0.033,-0.92,0.391,0,0.391,0.92,-0.999,-0.031,0.013],"_shiftlockState":false,"_pose":"Climbing","_animationQueue":[],"_animationSpeed":0.939,"_zoom":20.656},{"_mousePosition":[663,325],"_rootPartCFrame":[766.51,231.07,47.038,0.018,0,1,0,1,0,-1,0,0.018],"_humanoidState":8,"_cameraCFrame":[774.517,251.609,47.304,0.033,-0.921,0.388,0,0.388,0.922,-0.999,-0.031,0.013],"_shiftlockState":false,"_pose":"Standing","_animationQueue":[["climb",0.1],["walk",0.1],["idle",0.1]],"_animationSpeed":1,"_zoom":20.656},{"_mousePosition":[663,325],"_rootPartCFrame":[766.311,231.354,47.031,0.019,0,1,0,1,0,-1,0,0.019],"_humanoidState":8,"_cameraCFrame":[774.244,251.924,47.315,0.036,-0.923,0.384,0,0.384,0.923,-0.999,-0.033,0.014],"_shiftlockState":false,"_pose":"Running","_animationQueue":[["walk",0.1]],"_animationSpeed":1.068,"_zoom":20.656},{"_mousePosition":[663,325],"_rootPartCFrame":[766.045,231.611,47.022,0.021,0,1,0,1,0,-1,0,0.021],"_humanoidState":8,"_cameraCFrame":[773.94,252.197,47.305,0.036,-0.923,0.382,0,0.382,0.924,-0.999,-0.033,0.014],"_shiftlockState":false,"_pose":"Running","_animationQueue":[],"_animationSpeed":1.068,"_zoom":20.656},{"_mousePosition":[663,325],"_rootPartCFrame":[765.778,231.761,47.013,0.023,0,1,0,1,0,-1,0,0.023],"_humanoidState":8,"_cameraCFrame":[773.636,252.362,47.314,0.038,-0.924,0.38,0,0.381,0.925,-0.999,-0.035,0.015],"_shiftlockState":false,"_pose":"Running","_animationQueue":[],"_animationSpeed":1.068,"_zoom":20.656},{"_mousePosition":[663,325],"_rootPartCFrame":[765.445,231.867,47.001,0.025,0,1,0,1,0,-1,0,0.025],"_humanoidState":8,"_cameraCFrame":[773.228,252.498,47.299,0.038,-0.926,0.377,0,0.377,0.926,-0.999,-0.035,0.014],"_shiftlockState":false,"_pose":"Running","_animationQueue":[],"_animationSpeed":1.068,"_zoom":20.656},{"_mousePosition":[663,325],"_rootPartCFrame":[765.245,231.894,46.994,0.027,0,1,0,1,0,-1,0,0.027],"_humanoidState":8,"_cameraCFrame":[772.878,252.586,47.305,0.041,-0.928,0.37,0,0.37,0.929,-0.999,-0.038,0.015],"_shiftlockState":false,"_pose":"Running","_animationQueue":[["walk",0.1]],"_animationSpeed":1.068,"_zoom":20.656},{"_mousePosition":[663,325],"_rootPartCFrame":[764.979,231.9,46.983,0.028,0,1,0,1,0,-1,0,0.028],"_humanoidState":8,"_cameraCFrame":[772.461,252.65,47.308,0.043,-0.931,0.362,0,0.363,0.932,-0.999,-0.04,0.016],"_shiftlockState":false,"_pose":"Running","_animationQueue":[],"_animationSpeed":1.068,"_zoom":20.656},{"_mousePosition":[663,325],"_rootPartCFrame":[764.713,231.92,46.973,0.03,0,1,0,1,0,-1,0,0.03],"_humanoidState":8,"_cameraCFrame":[772.045,252.728,47.29,0.043,-0.934,0.355,0,0.355,0.935,-0.999,-0.04,0.015],"_shiftlockState":false,"_pose":"Running","_animationQueue":[],"_animationSpeed":1.068,"_zoom":20.656},{"_mousePosition":[663,325],"_rootPartCFrame":[764.446,231.933,46.961,0.032,0,0.999,0,1,0,-0.999,0,0.032],"_humanoidState":8,"_cameraCFrame":[771.552,252.826,47.287,0.046,-0.938,0.344,0,0.344,0.939,-0.999,-0.043,0.016],"_shiftlockState":false,"_pose":"Running","_animationQueue":[],"_animationSpeed":1.068,"_zoom":20.656},{"_mousePosition":[663,325],"_rootPartCFrame":[764.113,231.886,46.947,0.034,0,0.999,0,1,0,-0.999,0,0.034],"_humanoidState":8,"_cameraCFrame":[771.067,252.834,47.266,0.046,-0.941,0.337,0,0.337,0.941,-0.999,-0.043,0.015],"_shiftlockState":false,"_pose":"Running","_animationQueue":[],"_animationSpeed":1.068,"_zoom":20.656},{"_mousePosition":[663,325],"_rootPartCFrame":[763.847,231.787,46.935,0.035,0,0.999,0,1,0,-0.999,0,0.035],"_humanoidState":8,"_cameraCFrame":[770.725,252.762,47.25,0.046,-0.942,0.333,0,0.333,0.943,-0.999,-0.043,0.015],"_shiftlockState":false,"_pose":"Running","_animationQueue":[],"_animationSpeed":1.068,"_zoom":20.656},{"_mousePosition":[663,325],"_rootPartCFrame":[763.647,232.446,46.925,0.036,0,0.999,0,1,0,-0.999,0,0.036],"_humanoidState":3,"_cameraCFrame":[770.412,253.461,47.236,0.046,-0.944,0.327,0,0.328,0.945,-0.999,-0.043,0.015],"_shiftlockState":false,"_pose":"Jumping","_animationQueue":[["walk",0.1],["walk",0.1],["jump",0.1]],"_animationSpeed":1,"_zoom":20.656},{"_mousePosition":[663,325],"_rootPartCFrame":[763.314,233.482,46.91,0.038,0,0.999,0,1,0,-0.999,0,0.038],"_humanoidState":5,"_cameraCFrame":[770.003,254.523,47.217,0.046,-0.945,0.324,0,0.324,0.946,-0.999,-0.043,0.015],"_shiftlockState":false,"_pose":"FreeFall","_animationQueue":[["jump",0.1]],"_animationSpeed":1,"_zoom":20.656},{"_mousePosition":[663,325],"_rootPartCFrame":[763.114,234.063,46.901,0.039,0,0.999,0,1,0,-0.999,0,0.039],"_humanoidState":5,"_cameraCFrame":[769.689,255.143,47.203,0.046,-0.947,0.318,0,0.319,0.948,-0.999,-0.043,0.015],"_shiftlockState":false,"_pose":"FreeFall","_animationQueue":[],"_animationSpeed":1,"_zoom":20.656},{"_mousePosition":[663,325],"_rootPartCFrame":[762.848,234.79,46.889,0.04,0,0.999,0,1,0,-0.999,0,0.04],"_humanoidState":5,"_cameraCFrame":[769.346,255.895,47.187,0.046,-0.948,0.315,0,0.315,0.949,-0.999,-0.044,0.014],"_shiftlockState":false,"_pose":"FreeFall","_animationQueue":[],"_animationSpeed":1,"_zoom":20.656},{"_mousePosition":[663,325],"_rootPartCFrame":[762.582,235.462,46.877,0.041,0,0.999,0,1,0,-0.999,0,0.041],"_humanoidState":5,"_cameraCFrame":[769.003,256.592,47.171,0.046,-0.949,0.311,0,0.311,0.95,-0.999,-0.044,0.014],"_shiftlockState":false,"_pose":"FreeFall","_animationQueue":[],"_animationSpeed":1,"_zoom":20.656},{"_mousePosition":[663,325],"_rootPartCFrame":[762.249,236.225,46.861,0.042,0,0.999,0,1,0,-0.999,0,0.042],"_humanoidState":5,"_cameraCFrame":[768.632,257.368,47.154,0.046,-0.95,0.309,0,0.309,0.951,-0.999,-0.044,0.014],"_shiftlockState":false,"_pose":"FreeFall","_animationQueue":[],"_animationSpeed":1,"_zoom":20.656},{"_mousePosition":[663,325],"_rootPartCFrame":[762.049,236.643,46.852,0.042,0,0.999,0,1,0,-0.999,0,0.042],"_humanoidState":5,"_cameraCFrame":[768.432,257.786,47.145,0.046,-0.95,0.309,0,0.309,0.951,-0.999,-0.044,0.014],"_shiftlockState":false,"_pose":"FreeFall","_animationQueue":[],"_animationSpeed":1,"_zoom":20.656},{"_mousePosition":[663,325],"_rootPartCFrame":[761.783,237.151,46.84,0.043,0,0.999,0,1,0,-0.999,0,0.043],"_humanoidState":5,"_cameraCFrame":[768.166,258.294,47.133,0.046,-0.95,0.309,0,0.309,0.951,-0.999,-0.044,0.014],"_shiftlockState":false,"_pose":"FreeFall","_animationQueue":[],"_animationSpeed":1,"_zoom":20.656},{"_mousePosition":[663,325],"_rootPartCFrame":[761.516,237.605,46.828,0.043,0,0.999,0,1,0,-0.999,0,0.043],"_humanoidState":5,"_cameraCFrame":[767.861,258.761,47.119,0.046,-0.951,0.307,0,0.308,0.952,-0.999,-0.044,0.014],"_shiftlockState":false,"_pose":"FreeFall","_animationQueue":[],"_animationSpeed":1,"_zoom":20.656},{"_mousePosition":[663,325],"_rootPartCFrame":[761.25,238.005,46.815,0.043,0,0.999,0,1,0,-0.999,0,0.043],"_humanoidState":5,"_cameraCFrame":[767.518,259.185,47.103,0.046,-0.952,0.303,0,0.304,0.953,-0.999,-0.044,0.014],"_shiftlockState":false,"_pose":"FreeFall","_animationQueue":[],"_animationSpeed":1,"_zoom":20.656},{"_mousePosition":[663,325],"_rootPartCFrame":[760.984,238.35,46.803,0.044,0,0.999,0,1,0,-0.999,0,0.044],"_humanoidState":5,"_cameraCFrame":[767.137,259.567,47.086,0.046,-0.953,0.298,0,0.298,0.954,-0.999,-0.044,0.014],"_shiftlockState":false,"_pose":"FreeFall","_animationQueue":[],"_animationSpeed":1,"_zoom":20.656},{"_mousePosition":[663,325],"_rootPartCFrame":[760.651,238.705,46.788,0.044,0,0.999,0,1,0,-0.999,0,0.044],"_humanoidState":5,"_cameraCFrame":[766.729,259.945,47.036,0.041,-0.955,0.294,0,0.294,0.956,-0.999,-0.039,0.012],"_shiftlockState":false,"_pose":"FreeFall","_animationQueue":[],"_animationSpeed":1,"_zoom":20.656},{"_mousePosition":[663,325],"_rootPartCFrame":[760.451,238.877,46.779,0.044,0,0.999,0,1,0,-0.999,0,0.044],"_humanoidState":5,"_cameraCFrame":[766.415,260.152,46.992,0.036,-0.957,0.289,0,0.289,0.957,-0.999,-0.034,0.01],"_shiftlockState":false,"_pose":"FreeFall","_animationQueue":[],"_animationSpeed":1,"_zoom":20.656},{"_mousePosition":[663,325],"_rootPartCFrame":[760.184,239.059,46.768,0.044,0,0.999,0,1,0,-0.999,0,0.044],"_humanoidState":5,"_cameraCFrame":[766.072,260.357,46.963,0.033,-0.958,0.285,0,0.285,0.958,-0.999,-0.032,0.009],"_shiftlockState":false,"_pose":"FreeFall","_animationQueue":[],"_animationSpeed":1,"_zoom":20.656},{"_mousePosition":[663,325],"_rootPartCFrame":[759.851,239.209,46.756,0.043,0,0.999,0,1,0,-0.999,0,0.043],"_humanoidState":5,"_cameraCFrame":[765.662,260.53,46.919,0.028,-0.959,0.281,0,0.281,0.96,-1,-0.027,0.008],"_shiftlockState":false,"_pose":"FreeFall","_animationQueue":[],"_animationSpeed":1,"_zoom":20.656},{"_mousePosition":[663,325],"_rootPartCFrame":[759.651,239.258,46.749,0.042,0,0.999,0,1,0,-0.999,0,0.042],"_humanoidState":5,"_cameraCFrame":[765.385,260.602,46.896,0.026,-0.96,0.278,0,0.278,0.961,-1,-0.025,0.007],"_shiftlockState":false,"_pose":"FreeFall","_animationQueue":[],"_animationSpeed":1,"_zoom":20.656},{"_mousePosition":[663,325],"_rootPartCFrame":[759.385,239.277,46.741,0.04,0,0.999,0,1,0,-0.999,0,0.04],"_humanoidState":5,"_cameraCFrame":[765.081,260.632,46.873,0.023,-0.961,0.276,0,0.276,0.961,-1,-0.022,0.006],"_shiftlockState":false,"_pose":"FreeFall","_animationQueue":[],"_animationSpeed":1,"_zoom":20.656},{"_mousePosition":[663,325],"_rootPartCFrame":[759.118,239.24,46.734,0.038,0,0.999,0,1,0,-0.999,0,0.038],"_humanoidState":5,"_cameraCFrame":[764.814,260.595,46.851,0.021,-0.961,0.276,0,0.276,0.961,-1,-0.02,0.006],"_shiftlockState":false,"_pose":"FreeFall","_animationQueue":[],"_animationSpeed":1,"_zoom":20.656},{"_mousePosition":[663,325],"_rootPartCFrame":[758.852,239.149,46.728,0.036,0,0.999,0,1,0,-0.999,0,0.036],"_humanoidState":5,"_cameraCFrame":[764.471,260.526,46.815,0.015,-0.962,0.272,0,0.272,0.962,-1,-0.015,0.004],"_shiftlockState":false,"_pose":"FreeFall","_animationQueue":[],"_animationSpeed":1,"_zoom":20.656},{"_mousePosition":[663,325],"_rootPartCFrame":[758.518,238.959,46.721,0.034,0,0.999,0,1,0,-0.999,0,0.034],"_humanoidState":5,"_cameraCFrame":[764.099,260.347,46.779,0.01,-0.963,0.27,0,0.27,0.963,-1,-0.01,0.003],"_shiftlockState":false,"_pose":"FreeFall","_animationQueue":[["fall",0.3]],"_animationSpeed":1,"_zoom":20.656},{"_mousePosition":[663,325],"_rootPartCFrame":[758.252,238.746,46.717,0.031,0,1,0,1,0,-1,0,0.031],"_humanoidState":5,"_cameraCFrame":[763.755,260.155,46.746,0.005,-0.964,0.266,0,0.266,0.964,-1,-0.005,0.001],"_shiftlockState":false,"_pose":"FreeFall","_animationQueue":[],"_animationSpeed":1,"_zoom":20.656},{"_mousePosition":[663,325],"_rootPartCFrame":[758.01,238.871,46.713,0.031,0,1,0,1,0,-1,0,0.031],"_humanoidState":12,"_cameraCFrame":[763.514,260.28,46.728,0.003,-0.964,0.266,0,0.266,0.964,-1,-0.003,0.001],"_shiftlockState":false,"_pose":"Climbing","_animationQueue":[["walk",0.1],["fall",0.3],["climb",0.1],["climb",0]],"_animationSpeed":-1.17,"_zoom":20.656},{"_mousePosition":[663,325],"_rootPartCFrame":[757.96,238.986,46.707,-0.008,-0.001,1,0.005,1,0.001,-1,0.005,-0.008],"_humanoidState":12,"_cameraCFrame":[763.462,260.395,46.729,0.003,-0.964,0.266,0,0.266,0.964,-1,-0.003,0.001],"_shiftlockState":false,"_pose":"Climbing","_animationQueue":[["climb",0.1]],"_animationSpeed":0.892,"_zoom":20.656},{"_mousePosition":[663,325],"_rootPartCFrame":[758.015,239.165,46.69,-0.003,-0.001,1,0.001,1,0.001,-1,0.001,-0.003],"_humanoidState":12,"_cameraCFrame":[763.517,260.574,46.708,0.003,-0.964,0.266,0,0.266,0.964,-1,-0.003,0.001],"_shiftlockState":false,"_pose":"Climbing","_animationQueue":[["climb",0.1],["climb",0]],"_animationSpeed":0.68,"_zoom":20.656},{"_mousePosition":[663,325],"_rootPartCFrame":[758.032,239.351,46.686,-0.003,0,1,0,1,0,-1,0,-0.003],"_humanoidState":12,"_cameraCFrame":[763.497,260.772,46.701,0.003,-0.964,0.265,0,0.265,0.964,-1,-0.003,0.001],"_shiftlockState":false,"_pose":"Climbing","_animationQueue":[["climb",0.1]],"_animationSpeed":0.928,"_zoom":20.656},{"_mousePosition":[663,325],"_rootPartCFrame":[758.033,239.538,46.686,-0.003,0,1,0,1,0,-1,0,-0.003],"_humanoidState":12,"_cameraCFrame":[763.459,260.969,46.687,0,-0.965,0.263,0,0.263,0.965,-1,0,0],"_shiftlockState":false,"_pose":"Climbing","_animationQueue":[],"_animationSpeed":0.928,"_zoom":20.656},{"_mousePosition":[663,325],"_rootPartCFrame":[758.033,239.725,46.686,-0.003,0,1,0,1,0,-1,0,-0.003],"_humanoidState":12,"_cameraCFrame":[763.42,261.166,46.674,-0.002,-0.965,0.261,0,0.261,0.965,-1,0.002,-0.001],"_shiftlockState":false,"_pose":"Climbing","_animationQueue":[],"_animationSpeed":0.928,"_zoom":20.656},{"_mousePosition":[663,325],"_rootPartCFrame":[758.033,239.911,46.686,-0.003,0,1,0,1,0,-1,0,-0.003],"_humanoidState":12,"_cameraCFrame":[763.381,261.363,46.647,-0.007,-0.966,0.259,0,0.259,0.966,-1,0.007,-0.002],"_shiftlockState":false,"_pose":"Climbing","_animationQueue":[],"_animationSpeed":0.928,"_zoom":20.656},{"_mousePosition":[663,325],"_rootPartCFrame":[758.033,240.098,46.686,-0.003,0,1,0,1,0,-1,0,-0.003],"_humanoidState":12,"_cameraCFrame":[763.342,261.56,46.62,-0.012,-0.966,0.257,0,0.257,0.966,-1,0.012,-0.003],"_shiftlockState":false,"_pose":"Climbing","_animationQueue":[],"_animationSpeed":0.928,"_zoom":20.656},{"_mousePosition":[663,325],"_rootPartCFrame":[758.033,240.285,46.686,-0.003,0,1,0,1,0,-1,0,-0.003],"_humanoidState":12,"_cameraCFrame":[763.302,261.757,46.607,-0.015,-0.967,0.255,0,0.255,0.967,-1,0.014,-0.004],"_shiftlockState":false,"_pose":"Climbing","_animationQueue":[],"_animationSpeed":0.928,"_zoom":20.656},{"_mousePosition":[663,325],"_rootPartCFrame":[758.033,240.471,46.686,-0.003,0,1,0,1,0,-1,0,-0.003],"_humanoidState":12,"_cameraCFrame":[763.263,261.954,46.594,-0.017,-0.967,0.253,0,0.253,0.967,-1,0.017,-0.004],"_shiftlockState":false,"_pose":"Climbing","_animationQueue":[],"_animationSpeed":0.928,"_zoom":20.656},{"_mousePosition":[663,325],"_rootPartCFrame":[757.995,240.654,46.686,-0.004,0,1,0,1,0,-1,0,-0.004],"_humanoidState":8,"_cameraCFrame":[763.187,262.146,46.583,-0.02,-0.968,0.251,0,0.251,0.968,-1,0.019,-0.005],"_shiftlockState":false,"_pose":"Standing","_animationQueue":[["climb",0.1],["idle",0.1],["idle",0.1]],"_animationSpeed":1,"_zoom":20.656},{"_mousePosition":[663,325],"_rootPartCFrame":[757.943,240.722,46.687,-0.005,0,1,0,1,0,-1,0,-0.005],"_humanoidState":5,"_cameraCFrame":[763.095,262.225,46.558,-0.025,-0.968,0.249,0,0.249,0.968,-1,0.024,-0.006],"_shiftlockState":false,"_pose":"FreeFall","_animationQueue":[["walk",0.1],["fall",0.3]],"_animationSpeed":1,"_zoom":20.656},{"_mousePosition":[663,325],"_rootPartCFrame":[757.839,240.766,46.689,-0.007,0,1,0,1,0,-1,0,-0.007],"_humanoidState":5,"_cameraCFrame":[762.912,262.289,46.523,-0.033,-0.969,0.246,0,0.246,0.969,-0.999,0.032,-0.008],"_shiftlockState":false,"_pose":"FreeFall","_animationQueue":[],"_animationSpeed":1,"_zoom":20.656},{"_mousePosition":[663,325],"_rootPartCFrame":[757.653,240.743,46.693,-0.01,0,1,0,1,0,-1,0,-0.01],"_humanoidState":5,"_cameraCFrame":[762.647,262.286,46.504,-0.038,-0.97,0.242,0,0.242,0.97,-0.999,0.037,-0.009],"_shiftlockState":false,"_pose":"FreeFall","_animationQueue":[],"_animationSpeed":1,"_zoom":20.656},{"_mousePosition":[663,325],"_rootPartCFrame":[757.404,241.087,46.7,-0.013,0,1,0,1,0,-1,0,-0.013],"_humanoidState":7,"_cameraCFrame":[762.359,262.639,46.501,-0.04,-0.97,0.24,0,0.24,0.971,-0.999,0.039,-0.01],"_shiftlockState":false,"_pose":"FreeFall","_animationQueue":[["walk",0.1],["fall",0.3],["fall",0.3]],"_animationSpeed":1,"_zoom":20.656},{"_mousePosition":[663,325],"_rootPartCFrame":[757.205,241.348,46.708,-0.015,0,1,0,1,0,-1,0,-0.015],"_humanoidState":7,"_cameraCFrame":[762.159,262.9,46.508,-0.04,-0.97,0.24,0,0.24,0.971,-0.999,0.039,-0.01],"_shiftlockState":false,"_pose":"FreeFall","_animationQueue":[],"_animationSpeed":1,"_zoom":20.656},{"_mousePosition":[663,325],"_rootPartCFrame":[756.938,241.601,46.718,-0.019,0,1,0,1,0,-1,0,-0.019],"_humanoidState":7,"_cameraCFrame":[761.854,263.163,46.521,-0.04,-0.97,0.238,0,0.238,0.971,-0.999,0.039,-0.01],"_shiftlockState":false,"_pose":"FreeFall","_animationQueue":[],"_animationSpeed":1,"_zoom":20.656},{"_mousePosition":[663,325],"_rootPartCFrame":[756.672,241.74,46.729,-0.022,0,1,0,1,0,-1,0,-0.022],"_humanoidState":8,"_cameraCFrame":[761.587,263.302,46.519,-0.043,-0.97,0.238,0,0.238,0.971,-0.999,0.041,-0.01],"_shiftlockState":false,"_pose":"Running","_animationQueue":[["walk",0.1],["fall",0.3],["walk",0.1]],"_animationSpeed":1.103,"_zoom":20.656},{"_mousePosition":[663,325],"_rootPartCFrame":[756.406,241.816,46.74,-0.024,0,1,0,1,0,-1,0,-0.024],"_humanoidState":8,"_cameraCFrame":[761.282,263.388,46.531,-0.043,-0.971,0.236,0,0.236,0.972,-0.999,0.041,-0.01],"_shiftlockState":false,"_pose":"Running","_animationQueue":[["walk",0.1]],"_animationSpeed":1.103,"_zoom":20.656},{"_mousePosition":[663,325],"_rootPartCFrame":[756.073,241.872,46.754,-0.027,0,1,0,1,0,-1,0,-0.027],"_humanoidState":8,"_cameraCFrame":[760.948,263.444,46.533,-0.045,-0.971,0.236,0,0.236,0.972,-0.999,0.044,-0.011],"_shiftlockState":false,"_pose":"Running","_animationQueue":[],"_animationSpeed":1.103,"_zoom":20.656},{"_mousePosition":[663,325],"_rootPartCFrame":[755.873,241.9,46.762,-0.029,0,1,0,1,0,-1,0,-0.029],"_humanoidState":8,"_cameraCFrame":[760.748,263.472,46.542,-0.045,-0.971,0.236,0,0.236,0.972,-0.999,0.044,-0.011],"_shiftlockState":false,"_pose":"Running","_animationQueue":[],"_animationSpeed":1.103,"_zoom":20.656},{"_mousePosition":[663,325],"_rootPartCFrame":[755.607,241.909,46.774,-0.031,0,1,0,1,0,-1,0,-0.031],"_humanoidState":8,"_cameraCFrame":[760.482,263.481,46.554,-0.045,-0.971,0.236,0,0.236,0.972,-0.999,0.044,-0.011],"_shiftlockState":false,"_pose":"Running","_animationQueue":[],"_animationSpeed":1.103,"_zoom":20.656},{"_mousePosition":[663,325],"_rootPartCFrame":[755.34,241.92,46.786,-0.033,0,0.999,0,1,0,-0.999,0,-0.033],"_humanoidState":8,"_cameraCFrame":[760.216,263.492,46.566,-0.045,-0.971,0.236,0,0.236,0.972,-0.999,0.044,-0.011],"_shiftlockState":false,"_pose":"Running","_animationQueue":[],"_animationSpeed":1.103,"_zoom":20.656},{"_mousePosition":[663,325],"_rootPartCFrame":[755.074,241.922,46.798,-0.035,0,0.999,0,1,0,-0.999,0,-0.035],"_humanoidState":8,"_cameraCFrame":[759.949,263.494,46.578,-0.045,-0.971,0.236,0,0.236,0.972,-0.999,0.044,-0.011],"_shiftlockState":false,"_pose":"Running","_animationQueue":[],"_animationSpeed":1.103,"_zoom":20.656},{"_mousePosition":[663,325],"_rootPartCFrame":[754.808,241.871,46.81,-0.036,0,0.999,0,1,0,-0.999,0,-0.036],"_humanoidState":8,"_cameraCFrame":[759.683,263.442,46.59,-0.045,-0.971,0.236,0,0.236,0.972,-0.999,0.044,-0.011],"_shiftlockState":false,"_pose":"Running","_animationQueue":[],"_animationSpeed":1.103,"_zoom":20.656},{"_mousePosition":[663,325],"_rootPartCFrame":[754.475,242.955,46.825,-0.038,0,0.999,0,1,0,-0.999,0,-0.038],"_humanoidState":3,"_cameraCFrame":[759.35,264.526,46.605,-0.045,-0.971,0.236,0,0.236,0.972,-0.999,0.044,-0.011],"_shiftlockState":false,"_pose":"Jumping","_animationQueue":[["walk",0.1],["walk",0.1],["jump",0.1]],"_animationSpeed":1,"_zoom":20.656},{"_mousePosition":[663,325],"_rootPartCFrame":[754.275,243.566,46.835,-0.039,0,0.999,0,1,0,-0.999,0,-0.039],"_humanoidState":5,"_cameraCFrame":[759.15,265.137,46.614,-0.045,-0.971,0.236,0,0.236,0.972,-0.999,0.044,-0.011],"_shiftlockState":false,"_pose":"FreeFall","_animationQueue":[["jump",0.1]],"_animationSpeed":1,"_zoom":20.656},{"_mousePosition":[663,325],"_rootPartCFrame":[754.008,244.333,46.847,-0.04,0,0.999,0,1,0,-0.999,0,-0.04],"_humanoidState":5,"_cameraCFrame":[758.884,265.905,46.626,-0.045,-0.971,0.236,0,0.236,0.972,-0.999,0.044,-0.011],"_shiftlockState":false,"_pose":"FreeFall","_animationQueue":[],"_animationSpeed":1,"_zoom":20.656},{"_mousePosition":[663,325],"_rootPartCFrame":[753.742,245.047,46.859,-0.041,0,0.999,0,1,0,-0.999,0,-0.041],"_humanoidState":5,"_cameraCFrame":[758.617,266.618,46.638,-0.045,-0.971,0.236,0,0.236,0.972,-0.999,0.044,-0.011],"_shiftlockState":false,"_pose":"FreeFall","_animationQueue":[],"_animationSpeed":1,"_zoom":20.656},{"_mousePosition":[663,325],"_rootPartCFrame":[753.409,245.861,46.874,-0.041,0,0.999,0,1,0,-0.999,0,-0.041],"_humanoidState":5,"_cameraCFrame":[758.285,267.433,46.653,-0.045,-0.971,0.236,0,0.236,0.972,-0.999,0.044,-0.011],"_shiftlockState":false,"_pose":"FreeFall","_animationQueue":[],"_animationSpeed":1,"_zoom":20.656},{"_mousePosition":[663,325],"_rootPartCFrame":[753.209,246.309,46.883,-0.042,0,0.999,0,1,0,-0.999,0,-0.042],"_humanoidState":5,"_cameraCFrame":[758.046,267.89,46.664,-0.045,-0.971,0.234,0,0.234,0.972,-0.999,0.044,-0.011],"_shiftlockState":false,"_pose":"FreeFall","_animationQueue":[],"_animationSpeed":1,"_zoom":20.656},{"_mousePosition":[663,325],"_rootPartCFrame":[752.943,246.859,46.895,-0.042,0,0.999,0,1,0,-0.999,0,-0.042],"_humanoidState":5,"_cameraCFrame":[757.779,268.439,46.676,-0.045,-0.971,0.234,0,0.234,0.972,-0.999,0.044,-0.011],"_shiftlockState":false,"_pose":"FreeFall","_animationQueue":[],"_animationSpeed":1,"_zoom":20.656},{"_mousePosition":[663,325],"_rootPartCFrame":[752.677,247.354,46.907,-0.043,0,0.999,0,1,0,-0.999,0,-0.043],"_humanoidState":5,"_cameraCFrame":[757.513,268.935,46.688,-0.045,-0.971,0.234,0,0.234,0.972,-0.999,0.044,-0.011],"_shiftlockState":false,"_pose":"FreeFall","_animationQueue":[],"_animationSpeed":1,"_zoom":20.656},{"_mousePosition":[663,325],"_rootPartCFrame":[752.41,247.794,46.919,-0.043,0,0.999,0,1,0,-0.999,0,-0.043],"_humanoidState":5,"_cameraCFrame":[757.247,269.375,46.7,-0.045,-0.971,0.234,0,0.234,0.972,-0.999,0.044,-0.011],"_shiftlockState":false,"_pose":"FreeFall","_animationQueue":[],"_animationSpeed":1,"_zoom":20.656},{"_mousePosition":[663,325],"_rootPartCFrame":[752.144,248.18,46.931,-0.043,0,0.999,0,1,0,-0.999,0,-0.043],"_humanoidState":5,"_cameraCFrame":[756.98,269.761,46.712,-0.045,-0.971,0.234,0,0.234,0.972,-0.999,0.044,-0.011],"_shiftlockState":false,"_pose":"FreeFall","_animationQueue":[],"_animationSpeed":1,"_zoom":20.656},{"_mousePosition":[663,325],"_rootPartCFrame":[751.878,248.512,46.943,-0.044,0,0.999,0,1,0,-0.999,0,-0.044],"_humanoidState":5,"_cameraCFrame":[756.675,270.102,46.726,-0.045,-0.972,0.232,0,0.232,0.973,-0.999,0.044,-0.011],"_shiftlockState":false,"_pose":"FreeFall","_animationQueue":[],"_animationSpeed":1,"_zoom":20.656},{"_mousePosition":[663,325],"_rootPartCFrame":[751.611,248.789,46.955,-0.044,0,0.999,0,1,0,-0.999,0,-0.044],"_humanoidState":5,"_cameraCFrame":[756.408,270.379,46.738,-0.045,-0.972,0.232,0,0.232,0.973,-0.999,0.044,-0.011],"_shiftlockState":false,"_pose":"FreeFall","_animationQueue":[],"_animationSpeed":1,"_zoom":20.656},{"_mousePosition":[663,325],"_rootPartCFrame":[751.345,249.011,46.967,-0.044,0,0.999,0,1,0,-0.999,0,-0.044],"_humanoidState":5,"_cameraCFrame":[756.143,270.602,46.774,-0.04,-0.972,0.232,0,0.232,0.973,-0.999,0.039,-0.009],"_shiftlockState":false,"_pose":"FreeFall","_animationQueue":[],"_animationSpeed":1,"_zoom":20.656},{"_mousePosition":[663,325],"_rootPartCFrame":[751.079,249.179,46.979,-0.044,0,0.999,0,1,0,-0.999,0,-0.044],"_humanoidState":5,"_cameraCFrame":[755.877,270.77,46.798,-0.038,-0.972,0.232,0,0.232,0.973,-0.999,0.037,-0.009],"_shiftlockState":false,"_pose":"FreeFall","_animationQueue":[],"_animationSpeed":1,"_zoom":20.656},{"_mousePosition":[663,325],"_rootPartCFrame":[750.812,249.293,46.99,-0.044,0,0.999,0,1,0,-0.999,0,-0.044],"_humanoidState":5,"_cameraCFrame":[755.611,270.883,46.809,-0.038,-0.972,0.232,0,0.232,0.973,-0.999,0.037,-0.009],"_shiftlockState":false,"_pose":"FreeFall","_animationQueue":[],"_animationSpeed":1,"_zoom":20.656},{"_mousePosition":[663,325],"_rootPartCFrame":[750.479,249.358,47.003,-0.043,0,0.999,0,1,0,-0.999,0,-0.043],"_humanoidState":5,"_cameraCFrame":[755.278,270.948,46.834,-0.035,-0.972,0.232,0,0.232,0.973,-0.999,0.034,-0.008],"_shiftlockState":false,"_pose":"FreeFall","_animationQueue":[],"_animationSpeed":1,"_zoom":20.656},{"_mousePosition":[663,325],"_rootPartCFrame":[750.279,249.356,47.01,-0.042,0,0.999,0,1,0,-0.999,0,-0.042],"_humanoidState":5,"_cameraCFrame":[755.079,270.947,46.854,-0.033,-0.972,0.232,0,0.232,0.973,-0.999,0.032,-0.008],"_shiftlockState":false,"_pose":"FreeFall","_animationQueue":[],"_animationSpeed":1,"_zoom":20.656},{"_mousePosition":[663,325],"_rootPartCFrame":[750.013,249.306,47.02,-0.042,0,0.999,0,1,0,-0.999,0,-0.042],"_humanoidState":5,"_cameraCFrame":[754.813,270.897,46.888,-0.028,-0.972,0.232,0,0.232,0.973,-1,0.027,-0.006],"_shiftlockState":false,"_pose":"FreeFall","_animationQueue":[],"_animationSpeed":1,"_zoom":20.656},{"_mousePosition":[663,325],"_rootPartCFrame":[749.746,249.202,47.029,-0.04,0,0.999,0,1,0,-0.999,0,-0.04],"_humanoidState":5,"_cameraCFrame":[754.547,270.792,46.908,-0.025,-0.972,0.232,0,0.232,0.973,-1,0.024,-0.006],"_shiftlockState":false,"_pose":"FreeFall","_animationQueue":[],"_animationSpeed":1,"_zoom":20.656},{"_mousePosition":[663,325],"_rootPartCFrame":[749.48,249.043,47.036,-0.039,0,0.999,0,1,0,-0.999,0,-0.039],"_humanoidState":5,"_cameraCFrame":[754.281,270.633,46.928,-0.022,-0.972,0.232,0,0.232,0.973,-1,0.022,-0.005],"_shiftlockState":false,"_pose":"FreeFall","_animationQueue":[],"_animationSpeed":1,"_zoom":20.656},{"_mousePosition":[663,325],"_rootPartCFrame":[749.213,248.829,47.043,-0.037,0,0.999,0,1,0,-0.999,0,-0.037],"_humanoidState":5,"_cameraCFrame":[754.014,270.42,46.947,-0.02,-0.972,0.232,0,0.232,0.973,-1,0.019,-0.005],"_shiftlockState":false,"_pose":"FreeFall","_animationQueue":[["fall",0.3]],"_animationSpeed":1,"_zoom":20.656},{"_mousePosition":[663,325],"_rootPartCFrame":[748.946,248.561,47.049,-0.035,0,0.999,0,1,0,-0.999,0,-0.035],"_humanoidState":5,"_cameraCFrame":[753.748,270.152,46.965,-0.017,-0.972,0.232,0,0.232,0.973,-1,0.017,-0.004],"_shiftlockState":false,"_pose":"FreeFall","_animationQueue":[],"_animationSpeed":1,"_zoom":20.656},{"_mousePosition":[663,325],"_rootPartCFrame":[748.68,248.239,47.054,-0.033,0,0.999,0,1,0,-0.999,0,-0.033],"_humanoidState":5,"_cameraCFrame":[753.481,269.829,46.983,-0.015,-0.972,0.232,0,0.232,0.973,-1,0.014,-0.003],"_shiftlockState":false,"_pose":"FreeFall","_animationQueue":[],"_animationSpeed":1,"_zoom":20.656},{"_mousePosition":[663,325],"_rootPartCFrame":[748.413,247.862,47.059,-0.031,0,1,0,1,0,-1,0,-0.031],"_humanoidState":5,"_cameraCFrame":[753.215,269.452,46.988,-0.015,-0.972,0.232,0,0.232,0.973,-1,0.014,-0.003],"_shiftlockState":false,"_pose":"FreeFall","_animationQueue":[],"_animationSpeed":1,"_zoom":20.656},{"_mousePosition":[663,325],"_rootPartCFrame":[748.147,247.43,47.063,-0.029,0,1,0,1,0,-1,0,-0.029],"_humanoidState":5,"_cameraCFrame":[752.948,269.021,47.004,-0.012,-0.973,0.232,0,0.232,0.973,-1,0.012,-0.003],"_shiftlockState":false,"_pose":"FreeFall","_animationQueue":[],"_animationSpeed":1,"_zoom":20.656},{"_mousePosition":[663,325],"_rootPartCFrame":[747.88,246.944,47.067,-0.027,0,1,0,1,0,-1,0,-0.027],"_humanoidState":5,"_cameraCFrame":[752.682,268.535,47.008,-0.012,-0.973,0.232,0,0.232,0.973,-1,0.012,-0.003],"_shiftlockState":false,"_pose":"FreeFall","_animationQueue":[],"_animationSpeed":1,"_zoom":20.656},{"_mousePosition":[663,325],"_rootPartCFrame":[747.613,246.404,47.071,-0.025,0,1,0,1,0,-1,0,-0.025],"_humanoidState":5,"_cameraCFrame":[752.415,267.994,47.011,-0.012,-0.973,0.232,0,0.232,0.973,-1,0.012,-0.003],"_shiftlockState":false,"_pose":"FreeFall","_animationQueue":[],"_animationSpeed":1,"_zoom":20.656},{"_mousePosition":[663,325],"_rootPartCFrame":[747.28,245.652,47.075,-0.023,0,1,0,1,0,-1,0,-0.023],"_humanoidState":5,"_cameraCFrame":[752.082,267.242,47.015,-0.012,-0.973,0.232,0,0.232,0.973,-1,0.012,-0.003],"_shiftlockState":false,"_pose":"FreeFall","_animationQueue":[["fall",0.3]],"_animationSpeed":1,"_zoom":20.656},{"_mousePosition":[663,325],"_rootPartCFrame":[747.08,245.16,47.077,-0.022,0,1,0,1,0,-1,0,-0.022],"_humanoidState":5,"_cameraCFrame":[751.882,266.75,47.018,-0.012,-0.973,0.232,0,0.232,0.973,-1,0.012,-0.003],"_shiftlockState":false,"_pose":"FreeFall","_animationQueue":[],"_animationSpeed":1,"_zoom":20.656},{"_mousePosition":[663,325],"_rootPartCFrame":[746.814,244.456,47.08,-0.02,0,1,0,1,0,-1,0,-0.02],"_humanoidState":5,"_cameraCFrame":[751.615,266.046,47.021,-0.012,-0.973,0.232,0,0.232,0.973,-1,0.012,-0.003],"_shiftlockState":false,"_pose":"FreeFall","_animationQueue":[],"_animationSpeed":1,"_zoom":20.656},{"_mousePosition":[663,325],"_rootPartCFrame":[746.547,243.697,47.084,-0.019,0,1,0,1,0,-1,0,-0.019],"_humanoidState":5,"_cameraCFrame":[751.349,265.287,47.024,-0.012,-0.973,0.232,0,0.232,0.973,-1,0.012,-0.003],"_shiftlockState":false,"_pose":"FreeFall","_animationQ