[{"_mousePosition":[670,309],"_rootPartCFrame":[776.031,222.7,47.142,0,0,1,0,1,0,-1,0,0],"_humanoidState":8,"_cameraCFrame":[776.758,244.539,43.609,-0.979,-0.199,0.035,0,0.175,0.985,-0.202,0.964,-0.171],"_shiftlockState":false,"_pose":"Standing","_animationQueue":[],"_animationSpeed":1,"_zoom":20.656},{"_mousePosition":[670,309],"_rootPartCFrame":[775.916,222.695,47.118,0.015,0,1,0,1,0,-1,0,0.015],"_humanoidState":8,"_cameraCFrame":[776.643,244.534,43.585,-0.979,-0.199,0.035,0,0.175,0.985,-0.202,0.964,-0.171],"_shiftlockState":false,"_pose":"Standing","_animationQueue":[],"_animationSpeed":1,"_zoom":20.656},{"_mousePosition":[670,309],"_rootPartCFrame":[775.659,222.696,47.066,0.04,0,0.999,0,1,0,-0.999,0,0.04],"_humanoidState":8,"_cameraCFrame":[776.387,244.535,43.532,-0.979,-0.199,0.035,0,0.175,0.985,-0.202,0.964,-0.171],"_shiftlockState":false,"_pose":"Running","_animationQueue":[["walk",0.1]],"_animationSpeed":0.836,"_zoom":20.656},{"_mousePosition":[670,309],"_rootPartCFrame":[775.398,222.698,47.012,0.062,0,0.998,0,1,0,-0.998,0,0.062],"_humanoidState":8,"_cameraCFrame":[776.126,244.536,43.479,-0.979,-0.199,0.035,0,0.175,0.985,-0.202,0.964,-0.171],"_shiftlockState":false,"_pose":"Running","_animationQueue":[["walk",0.1]],"_animationSpeed":1.098,"_zoom":20.656},{"_mousePosition":[670,309],"_rootPartCFrame":[775.137,222.699,46.958,0.081,0,0.997,0,1,0,-0.997,0,0.081],"_humanoidState":8,"_cameraCFrame":[775.865,244.537,43.425,-0.979,-0.199,0.035,0,0.175,0.985,-0.202,0.964,-0.171],"_shiftlockState":false,"_pose":"Running","_animationQueue":[["walk",0.1]],"_animationSpeed":1.098,"_zoom":20.656},{"_mousePosition":[670,309],"_rootPartCFrame":[774.876,222.699,46.904,0.097,0,0.995,0,1,0,-0.995,0,0.097],"_humanoidState":8,"_cameraCFrame":[775.603,244.538,43.371,-0.979,-0.199,0.035,0,0.175,0.985,-0.202,0.964,-0.171],"_shiftlockState":false,"_pose":"Running","_animationQueue":[],"_animationSpeed":1.098,"_zoom":20.656},{"_mousePosition":[670,309],"_rootPartCFrame":[774.615,222.699,46.85,0.112,0,0.994,0,1,0,-0.994,0,0.112],"_humanoidState":8,"_cameraCFrame":[775.342,244.538,43.317,-0.979,-0.199,0.035,0,0.175,0.985,-0.202,0.964,-0.171],"_shiftlockState":false,"_pose":"Running","_animationQueue":[],"_animationSpeed":1.098,"_zoom":20.656},{"_mousePosition":[670,309],"_rootPartCFrame":[774.354,222.699,46.797,0.124,0,0.992,0,1,0,-0.992,0,0.124],"_humanoidState":8,"_cameraCFrame":[775.081,244.538,43.264,-0.979,-0.199,0.035,0,0.175,0.985,-0.202,0.964,-0.171],"_shiftlockState":false,"_pose":"Running","_animationQueue":[],"_animationSpeed":1.098,"_zoom":20.656},{"_mousePosition":[670,309],"_rootPartCFrame":[774.092,222.7,46.743,0.135,0,0.991,0,1,0,-0.991,0,0.135],"_humanoidState":8,"_cameraCFrame":[774.829,244.538,43.212,-0.979,-0.201,0.036,0,0.175,0.985,-0.204,0.964,-0.171],"_shiftlockState":false,"_pose":"Running","_animationQueue":[],"_animationSpeed":1.098,"_zoom":20.656},{"_mousePosition":[670,309],"_rootPartCFrame":[773.7,222.7,46.662,0.148,0,0.989,0,1,0,-0.989,0,0.148],"_humanoidState":8,"_cameraCFrame":[774.437,244.538,43.131,-0.979,-0.201,0.036,0,0.175,0.985,-0.204,0.964,-0.171],"_shiftlockState":false,"_pose":"Running","_animationQueue":[],"_animationSpeed":1.098,"_zoom":20.656},{"_mousePosition":[670,309],"_rootPartCFrame":[773.57,222.7,46.635,0.152,0,0.988,0,1,0,-0.988,0,0.152],"_humanoidState":8,"_cameraCFrame":[774.306,244.538,43.104,-0.979,-0.201,0.036,0,0.175,0.985,-0.204,0.964,-0.171],"_shiftlockState":false,"_pose":"Running","_animationQueue":[["walk",0.1]],"_animationSpeed":1.098,"_zoom":20.656},{"_mousePosition":[670,309],"_rootPartCFrame":[773.309,222.7,46.581,0.159,0,0.987,0,1,0,-0.987,0,0.159],"_humanoidState":8,"_cameraCFrame":[774.045,244.538,43.049,-0.979,-0.201,0.036,0,0.175,0.985,-0.204,0.964,-0.171],"_shiftlockState":false,"_pose":"Running","_animationQueue":[],"_animationSpeed":1.098,"_zoom":20.656},{"_mousePosition":[670,309],"_rootPartCFrame":[773.048,222.7,46.526,0.165,0,0.986,0,1,0,-0.986,0,0.165],"_humanoidState":8,"_cameraCFrame":[773.789,244.542,43.017,-0.978,-0.203,0.036,0,0.174,0.985,-0.207,0.964,-0.17],"_shiftlockState":false,"_pose":"Running","_animationQueue":[],"_animationSpeed":1.098,"_zoom":20.656},{"_mousePosition":[670,309],"_rootPartCFrame":[772.787,222.7,46.472,0.17,0,0.985,0,1,0,-0.985,0,0.17],"_humanoidState":8,"_cameraCFrame":[773.528,244.542,42.962,-0.978,-0.203,0.036,0,0.174,0.985,-0.207,0.964,-0.17],"_shiftlockState":false,"_pose":"Running","_animationQueue":[],"_animationSpeed":1.098,"_zoom":20.656},{"_mousePosition":[670,309],"_rootPartCFrame":[772.526,222.717,46.417,0.175,0,0.985,0,1,0,-0.985,0,0.175],"_humanoidState":8,"_cameraCFrame":[773.267,244.559,42.907,-0.978,-0.203,0.036,0,0.174,0.985,-0.207,0.964,-0.17],"_shiftlockState":false,"_pose":"Running","_animationQueue":[],"_animationSpeed":1.098,"_zoom":20.656},{"_mousePosition":[670,309],"_rootPartCFrame":[772.265,222.731,46.362,0.18,0,0.984,0,1,0,-0.984,0,0.18],"_humanoidState":8,"_cameraCFrame":[773.006,244.573,42.852,-0.978,-0.203,0.036,0,0.174,0.985,-0.207,0.964,-0.17],"_shiftlockState":false,"_pose":"Running","_animationQueue":[],"_animationSpeed":1.098,"_zoom":20.656},{"_mousePosition":[670,309],"_rootPartCFrame":[772.004,222.757,46.307,0.183,0,0.983,0,1,0,-0.983,0,0.183],"_humanoidState":8,"_cameraCFrame":[772.745,244.599,42.797,-0.978,-0.203,0.036,0,0.174,0.985,-0.207,0.964,-0.17],"_shiftlockState":false,"_pose":"Running","_animationQueue":[],"_animationSpeed":1.098,"_zoom":20.656},{"_mousePosition":[670,309],"_rootPartCFrame":[771.613,222.782,46.224,0.188,0,0.982,0,1,0,-0.982,0,0.188],"_humanoidState":8,"_cameraCFrame":[772.354,244.624,42.714,-0.978,-0.203,0.036,0,0.174,0.985,-0.207,0.964,-0.17],"_shiftlockState":false,"_pose":"Running","_animationQueue":[["walk",0.1]],"_animationSpeed":1.098,"_zoom":20.656},{"_mousePosition":[670,309],"_rootPartCFrame":[771.482,222.791,46.196,0.189,0,0.982,0,1,0,-0.982,0,0.189],"_humanoidState":8,"_cameraCFrame":[772.232,244.633,42.689,-0.978,-0.206,0.036,0,0.174,0.985,-0.209,0.963,-0.17],"_shiftlockState":false,"_pose":"Running","_animationQueue":[],"_animationSpeed":1.098,"_zoom":20.656},{"_mousePosition":[670,309],"_rootPartCFrame":[771.221,223.664,46.141,0.192,0,0.981,0,1,0,-0.981,0,0.192],"_humanoidState":3,"_cameraCFrame":[771.971,245.506,42.634,-0.978,-0.206,0.036,0,0.174,0.985,-0.209,0.963,-0.17],"_shiftlockState":false,"_pose":"Jumping","_animationQueue":[["walk",0.1],["jump",0.1]],"_animationSpeed":1,"_zoom":20.656},{"_mousePosition":[670,309],"_rootPartCFrame":[770.96,224.486,46.086,0.194,0,0.981,0,1,0,-0.981,0,0.194],"_humanoidState":5,"_cameraCFrame":[771.71,246.328,42.578,-0.978,-0.206,0.036,0,0.174,0.985,-0.209,0.963,-0.17],"_shiftlockState":false,"_pose":"FreeFall","_animationQueue":[["jump",0.1]],"_animationSpeed":1,"_zoom":20.656},{"_mousePosition":[670,309],"_rootPartCFrame":[770.7,225.253,46.03,0.196,0,0.981,0,1,0,-0.981,0,0.196],"_humanoidState":5,"_cameraCFrame":[771.45,247.095,42.522,-0.978,-0.206,0.036,0,0.174,0.985,-0.209,0.963,-0.17],"_shiftlockState":false,"_pose":"FreeFall","_animationQueue":[],"_animationSpeed":1,"_zoom":20.656},{"_mousePosition":[670,309],"_rootPartCFrame":[770.439,225.966,45.974,0.198,0,0.98,0,1,0,-0.98,0,0.198],"_humanoidState":5,"_cameraCFrame":[771.189,247.808,42.466,-0.978,-0.206,0.036,0,0.174,0.985,-0.209,0.963,-0.17],"_shiftlockState":false,"_pose":"FreeFall","_animationQueue":[],"_animationSpeed":1,"_zoom":20.656},{"_mousePosition":[670,309],"_rootPartCFrame":[770.178,226.625,45.918,0.2,0,0.98,0,1,0,-0.98,0,0.2],"_humanoidState":5,"_cameraCFrame":[770.928,248.467,42.411,-0.978,-0.206,0.036,0,0.174,0.985,-0.209,0.963,-0.17],"_shiftlockState":false,"_pose":"FreeFall","_animationQueue":[],"_animationSpeed":1,"_zoom":20.656},{"_mousePosition":[670,309],"_rootPartCFrame":[769.917,227.229,45.863,0.201,0,0.98,0,1,0,-0.98,0,0.201],"_humanoidState":5,"_cameraCFrame":[770.667,249.071,42.355,-0.978,-0.206,0.036,0,0.174,0.985,-0.209,0.963,-0.17],"_shiftlockState":false,"_pose":"FreeFall","_animationQueue":[],"_animationSpeed":1,"_zoom":20.656},{"_mousePosition":[670,309],"_rootPartCFrame":[769.657,227.778,45.807,0.202,0,0.979,0,1,0,-0.979,0,0.202],"_humanoidState":5,"_cameraCFrame":[770.407,249.62,42.299,-0.978,-0.206,0.036,0,0.174,0.985,-0.209,0.963,-0.17],"_shiftlockState":false,"_pose":"FreeFall","_animationQueue":[],"_animationSpeed":1,"_zoom":20.656},{"_mousePosition":[670,309],"_rootPartCFrame":[769.396,228.273,45.751,0.203,0,0.979,0,1,0,-0.979,0,0.203],"_humanoidState":5,"_cameraCFrame":[770.146,250.116,42.243,-0.978,-0.206,0.036,0,0.174,0.985,-0.209,0.963,-0.17],"_shiftlockState":false,"_pose":"FreeFall","_animationQueue":[],"_animationSpeed":1,"_zoom":20.656},{"_mousePosition":[670,309],"_rootPartCFrame":[769.135,228.714,45.695,0.204,0,0.979,0,1,0,-0.979,0,0.204],"_humanoidState":5,"_cameraCFrame":[769.885,250.556,42.188,-0.978,-0.206,0.036,0,0.174,0.985,-0.209,0.963,-0.17],"_shiftlockState":false,"_pose":"FreeFall","_animationQueue":[],"_animationSpeed":1,"_zoom":20.656},{"_mousePosition":[670,309],"_rootPartCFrame":[768.875,229.1,45.64,0.205,0,0.979,0,1,0,-0.979,0,0.205],"_humanoidState":5,"_cameraCFrame":[769.624,250.942,42.132,-0.978,-0.206,0.036,0,0.174,0.985,-0.209,0.963,-0.17],"_shiftlockState":false,"_pose":"FreeFall","_animationQueue":[],"_animationSpeed":1,"_zoom":20.656},{"_mousePosition":[670,309],"_rootPartCFrame":[768.614,229.431,45.584,0.205,0,0.979,0,1,0,-0.979,0,0.205],"_humanoidState":5,"_cameraCFrame":[769.364,251.274,42.076,-0.978,-0.206,0.036,0,0.174,0.985,-0.209,0.963,-0.17],"_shiftlockState":false,"_pose":"FreeFall","_animationQueue":[],"_animationSpeed":1,"_zoom":20.656},{"_mousePosition":[670,309],"_rootPartCFrame":[768.353,229.708,45.528,0.206,0,0.979,0,1,0,-0.979,0,0.206],"_humanoidState":5,"_cameraCFrame":[769.103,251.551,42.02,-0.978,-0.206,0.036,0,0.174,0.985,-0.209,0.963,-0.17],"_shiftlockState":false,"_pose":"FreeFall","_animationQueue":[],"_animationSpeed":1,"_zoom":20.656},{"_mousePosition":[670,309],"_rootPartCFrame":[768.092,229.931,45.472,0.206,0,0.978,0,1,0,-0.978,0,0.206],"_humanoidState":5,"_cameraCFrame":[768.842,251.773,41.965,-0.978,-0.206,0.036,0,0.174,0.985,-0.209,0.963,-0.17],"_shiftlockState":false,"_pose":"FreeFall","_animationQueue":[],"_animationSpeed":1,"_zoom":20.656},{"_mousePosition":[670,309],"_rootPartCFrame":[767.832,230.099,45.417,0.207,0,0.978,0,1,0,-0.978,0,0.207],"_humanoidState":5,"_cameraCFrame":[768.581,251.941,41.909,-0.978,-0.206,0.036,0,0.174,0.985,-0.209,0.963,-0.17],"_shiftlockState":false,"_pose":"FreeFall","_animationQueue":[],"_animationSpeed":1,"_zoom":20.656},{"_mousePosition":[670,309],"_rootPartCFrame":[767.571,230.212,45.361,0.207,0,0.978,0,1,0,-0.978,0,0.207],"_humanoidState":5,"_cameraCFrame":[768.321,252.055,41.853,-0.978,-0.206,0.036,0,0.174,0.985,-0.209,0.963,-0.17],"_shiftlockState":false,"_pose":"FreeFall","_animationQueue":[],"_animationSpeed":1,"_zoom":20.656},{"_mousePosition":[670,309],"_rootPartCFrame":[767.31,230.271,45.305,0.207,0,0.978,0,1,0,-0.978,0,0.207],"_humanoidState":5,"_cameraCFrame":[768.06,252.114,41.797,-0.978,-0.206,0.036,0,0.174,0.985,-0.209,0.963,-0.17],"_shiftlockState":false,"_pose":"FreeFall","_animationQueue":[],"_animationSpeed":1,"_zoom":20.656},{"_mousePosition":[670,309],"_rootPartCFrame":[767.049,230.276,45.249,0.208,0,0.978,0,1,0,-0.978,0,0.208],"_humanoidState":5,"_cameraCFrame":[767.799,252.118,41.742,-0.978,-0.206,0.036,0,0.174,0.985,-0.209,0.963,-0.17],"_shiftlockState":false,"_pose":"FreeFall","_animationQueue":[],"_animationSpeed":1,"_zoom":20.656},{"_mousePosition":[670,309],"_rootPartCFrame":[766.789,230.226,45.193,0.208,0,0.978,0,1,0,-0.978,0,0.208],"_humanoidState":5,"_cameraCFrame":[767.539,252.068,41.686,-0.978,-0.206,0.036,0,0.174,0.985,-0.209,0.963,-0.17],"_shiftlockState":false,"_pose":"FreeFall","_animationQueue":[],"_animationSpeed":1,"_zoom":20.656},{"_mousePosition":[670,309],"_rootPartCFrame":[766.528,230.122,45.138,0.208,0,0.978,0,1,0,-0.978,0,0.208],"_humanoidState":5,"_cameraCFrame":[767.278,251.964,41.63,-0.978,-0.206,0.036,0,0.174,0.985,-0.209,0.963,-0.17],"_shiftlockState":false,"_pose":"FreeFall","_animationQueue":[["fall",0.3]],"_animationSpeed":1,"_zoom":20.656},{"_mousePosition":[670,309],"_rootPartCFrame":[766.267,229.963,45.082,0.208,0,0.978,0,1,0,-0.978,0,0.208],"_humanoidState":5,"_cameraCFrame":[767.017,251.805,41.574,-0.978,-0.206,0.036,0,0.174,0.985,-0.209,0.963,-0.17],"_shiftlockState":false,"_pose":"FreeFall","_animationQueue":[],"_animationSpeed":1,"_zoom":20.656},{"_mousePosition":[670,309],"_rootPartCFrame":[766.006,229.749,45.026,0.208,0,0.978,0,1,0,-0.978,0,0.208],"_humanoidState":5,"_cameraCFrame":[766.756,251.591,41.519,-0.978,-0.206,0.036,0,0.174,0.985,-0.209,0.963,-0.17],"_shiftlockState":false,"_pose":"FreeFall","_animationQueue":[],"_animationSpeed":1,"_zoom":20.656},{"_mousePosition":[670,309],"_rootPartCFrame":[765.746,229.481,44.97,0.208,0,0.978,0,1,0,-0.978,0,0.208],"_humanoidState":5,"_cameraCFrame":[766.496,251.323,41.463,-0.978,-0.206,0.036,0,0.174,0.985,-0.209,0.963,-0.17],"_shiftlockState":false,"_pose":"FreeFall","_animationQueue":[],"_animationSpeed":1,"_zoom":20.656},{"_mousePosition":[670,309],"_rootPartCFrame":[765.485,229.159,44.915,0.208,0,0.978,0,1,0,-0.978,0,0.208],"_humanoidState":5,"_cameraCFrame":[766.235,251.001,41.407,-0.978,-0.206,0.036,0,0.174,0.985,-0.209,0.963,-0.17],"_shiftlockState":false,"_pose":"FreeFall","_animationQueue":[],"_animationSpeed":1,"_zoom":20.656},{"_mousePosition":[670,309],"_rootPartCFrame":[765.224,228.782,44.859,0.209,0,0.978,0,1,0,-0.978,0,0.209],"_humanoidState":5,"_cameraCFrame":[765.974,250.624,41.351,-0.978,-0.206,0.036,0,0.174,0.985,-0.209,0.963,-0.17],"_shiftlockState":false,"_pose":"FreeFall","_animationQueue":[],"_animationSpeed":1,"_zoom":20.656},{"_mousePosition":[670,309],"_rootPartCFrame":[764.963,228.35,44.803,0.209,0,0.978,0,1,0,-0.978,0,0.209],"_humanoidState":5,"_cameraCFrame":[765.713,250.192,41.296,-0.978,-0.206,0.036,0,0.174,0.985,-0.209,0.963,-0.17],"_shiftlockState":false,"_pose":"FreeFall","_animationQueue":[],"_animationSpeed":1,"_zoom":20.656},{"_mousePosition":[670,309],"_rootPartCFrame":[764.703,227.864,44.747,0.209,0,0.978,0,1,0,-0.978,0,0.209],"_humanoidState":5,"_cameraCFrame":[765.426,249.706,41.234,-0.979,-0.199,0.035,0,0.174,0.985,-0.202,0.965,-0.17],"_shiftlockState":false,"_pose":"FreeFall","_animationQueue":[["fall",0.3]],"_animationSpeed":1,"_zoom":20.656},{"_mousePosition":[670,309],"_rootPartCFrame":[764.377,227.18,44.678,0.209,0,0.978,0,1,0,-0.978,0,0.209],"_humanoidState":5,"_cameraCFrame":[765.091,249.022,41.163,-0.98,-0.196,0.035,0,0.174,0.985,-0.199,0.965,-0.17],"_shiftlockState":false,"_pose":"FreeFall","_animationQueue":[],"_animationSpeed":1,"_zoom":20.656},{"_mousePosition":[670,309],"_rootPartCFrame":[764.181,226.729,44.637,0.208,0,0.978,0,1,0,-0.978,0,0.208],"_humanoidState":5,"_cameraCFrame":[764.851,248.571,41.113,-0.982,-0.184,0.032,0,0.174,0.985,-0.187,0.967,-0.171],"_shiftlockState":false,"_pose":"FreeFall","_animationQueue":[],"_animationSpeed":1,"_zoom":20.656},{"_mousePosition":[670,309],"_rootPartCFrame":[763.92,226.079,44.584,0.207,0,0.978,0,1,0,-0.978,0,0.207],"_humanoidState":5,"_cameraCFrame":[764.545,247.921,41.052,-0.985,-0.172,0.03,0,0.174,0.985,-0.174,0.97,-0.171],"_shiftlockState":false,"_pose":"FreeFall","_animationQueue":[],"_animationSpeed":1,"_zoom":20.656},{"_mousePosition":[670,309],"_rootPartCFrame":[763.658,225.375,44.534,0.205,0,0.979,0,1,0,-0.979,0,0.205],"_humanoidState":5,"_cameraCFrame":[764.238,247.217,40.994,-0.987,-0.159,0.028,0,0.174,0.985,-0.162,0.972,-0.171],"_shiftlockState":false,"_pose":"FreeFall","_animationQueue":[],"_animationSpeed":1,"_zoom":20.656},{"_mousePosition":[670,309],"_rootPartCFrame":[763.395,224.617,44.487,0.201,0,0.98,0,1,0,-0.98,0,0.201],"_humanoidState":7,"_cameraCFrame":[763.931,246.459,40.94,-0.989,-0.147,0.026,0,0.174,0.985,-0.149,0.974,-0.172],"_shiftlockState":false,"_pose":"FreeFall","_animationQueue":[["walk",0.1],["fall",0.3],["fall",0.3]],"_animationSpeed":1,"_zoom":20.656},{"_mousePosition":[670,309],"_rootPartCFrame":[763.132,224.067,44.443,0.197,0,0.98,0,1,0,-0.98,0,0.197],"_humanoidState":7,"_cameraCFrame":[763.632,245.91,40.891,-0.99,-0.137,0.024,0,0.174,0.985,-0.139,0.975,-0.172],"_shiftlockState":false,"_pose":"FreeFall","_animationQueue":[],"_animationSpeed":1,"_zoom":20.656},{"_mousePosition":[670,309],"_rootPartCFrame":[762.869,224.108,44.403,0.191,0,0.982,0,1,0,-0.982,0,0.191],"_humanoidState":8,"_cameraCFrame":[763.341,245.95,40.847,-0.991,-0.13,0.023,0,0.174,0.985,-0.132,0.976,-0.172],"_shiftlockState":false,"_pose":"Running","_animationQueue":[["fall",0.3],["walk",0.1],["fall",0.3],["walk",0.1]],"_animationSpeed":1.103,"_zoom":20.656},{"_mousePosition":[670,309],"_rootPartCFrame":[762.605,224.981,44.363,0.184,0,0.983,0,1,0,-0.983,0,0.184],"_humanoidState":3,"_cameraCFrame":[763.069,246.823,40.806,-0.992,-0.127,0.022,0,0.174,0.985,-0.129,0.977,-0.172],"_shiftlockState":false,"_pose":"Jumping","_animationQueue":[["walk",0.1],["jump",0.1]],"_animationSpeed":1,"_zoom":20.656},{"_mousePosition":[670,309],"_rootPartCFrame":[762.341,225.803,44.327,0.178,0,0.984,0,1,0,-0.984,0,0.178],"_humanoidState":5,"_cameraCFrame":[762.804,247.645,40.77,-0.992,-0.127,0.022,0,0.174,0.985,-0.129,0.977,-0.172],"_shiftlockState":false,"_pose":"FreeFall","_animationQueue":[["jump",0.1]],"_animationSpeed":1,"_zoom":20.656},{"_mousePosition":[670,309],"_rootPartCFrame":[762.076,226.57,44.292,0.171,0,0.985,0,1,0,-0.985,0,0.171],"_humanoidState":5,"_cameraCFrame":[762.531,248.413,40.734,-0.992,-0.125,0.022,0,0.174,0.985,-0.127,0.977,-0.172],"_shiftlockState":false,"_pose":"FreeFall","_animationQueue":[],"_animationSpeed":1,"_zoom":20.656},{"_mousePosition":[670,309],"_rootPartCFrame":[761.812,227.283,44.258,0.165,0,0.986,0,1,0,-0.986,0,0.165],"_humanoidState":5,"_cameraCFrame":[762.267,249.126,40.7,-0.992,-0.125,0.022,0,0.174,0.985,-0.127,0.977,-0.172],"_shiftlockState":false,"_pose":"FreeFall","_animationQueue":[],"_animationSpeed":1,"_zoom":20.656},{"_mousePosition":[670,309],"_rootPartCFrame":[761.547,227.942,44.224,0.16,0,0.987,0,1,0,-0.987,0,0.16],"_humanoidState":5,"_cameraCFrame":[762.002,249.784,40.666,-0.992,-0.125,0.022,0,0.174,0.985,-0.127,0.977,-0.172],"_shiftlockState":false,"_pose":"FreeFall","_animationQueue":[],"_animationSpeed":1,"_zoom":20.656},{"_mousePosition":[670,309],"_rootPartCFrame":[761.283,228.546,44.19,0.155,0,0.988,0,1,0,-0.988,0,0.155],"_humanoidState":5,"_cameraCFrame":[761.729,250.388,40.631,-0.992,-0.122,0.022,0,0.174,0.985,-0.124,0.977,-0.172],"_shiftlockState":false,"_pose":"FreeFall","_animationQueue":[],"_animationSpeed":1,"_zoom":20.656},{"_mousePosition":[670,309],"_rootPartCFrame":[761.019,229.096,44.156,0.151,0,0.988,0,1,0,-0.988,0,0.151],"_humanoidState":5,"_cameraCFrame":[761.464,250.938,40.597,-0.992,-0.122,0.022,0,0.174,0.985,-0.124,0.977,-0.172],"_shiftlockState":false,"_pose":"FreeFall","_animationQueue":[],"_animationSpeed":1,"_zoom":20.656},{"_mousePosition":[670,309],"_rootPartCFrame":[760.754,229.591,44.123,0.148,0,0.989,0,1,0,-0.989,0,0.148],"_humanoidState":5,"_cameraCFrame":[759.463,251.433,40.347,-0.992,-0.122,0.022,0,0.174,0.985,-0.124,0.977,-0.172],"_shiftlockState":true,"_pose":"FreeFall","_animationQueue":[],"_animationSpeed":1,"_zoom":20.656},{"_mousePosition":[683,384],"_rootPartCFrame":[760.489,230.031,44.09,-0.977,0,0.214,0,1,0,-0.214,0,-0.977],"_humanoidState":5,"_cameraCFrame":[759.199,251.873,40.313,-0.992,-0.122,0.022,0,0.174,0.985,-0.124,0.977,-0.172],"_shiftlockState":true,"_pose":"FreeFall","_animationQueue":[],"_animationSpeed":1,"_zoom":20.656},{"_mousePosition":[683,384],"_rootPartCFrame":[760.225,230.417,44.057,-0.968,0,0.25,0,1,0,-0.25,0,-0.968],"_humanoidState":5,"_cameraCFrame":[758.934,252.259,40.28,-0.992,-0.122,0.022,0,0.174,0.985,-0.124,0.977,-0.172],"_shiftlockState":true,"_pose":"FreeFall","_animationQueue":[],"_animationSpeed":1,"_zoom":20.656},{"_mousePosition":[683,384],"_rootPartCFrame":[759.96,230.749,44.024,-0.967,0,0.254,0,1,0,-0.254,0,-0.967],"_humanoidState":5,"_cameraCFrame":[758.669,252.591,40.247,-0.992,-0.122,0.022,0,0.174,0.985,-0.124,0.977,-0.172],"_shiftlockState":true,"_pose":"FreeFall","_animationQueue":[],"_animationSpeed":1,"_zoom":20.656},{"_mousePosition":[683,384],"_rootPartCFrame":[759.695,231.026,43.991,-0.967,0,0.255,0,1,0,-0.255,0,-0.967],"_humanoidState":5,"_cameraCFrame":[758.405,252.868,40.214,-0.992,-0.122,0.022,0,0.174,0.985,-0.124,0.977,-0.172],"_shiftlockState":true,"_pose":"FreeFall","_animationQueue":[],"_animationSpeed":1,"_zoom":20.656},{"_mousePosition":[683,384],"_rootPartCFrame":[759.431,231.248,43.957,-0.967,0,0.255,0,1,0,-0.255,0,-0.967],"_humanoidState":5,"_cameraCFrame":[758.14,253.09,40.181,-0.992,-0.122,0.022,0,0.174,0.985,-0.124,0.977,-0.172],"_shiftlockState":true,"_pose":"FreeFall","_animationQueue":[],"_animationSpeed":1,"_zoom":20.656},{"_mousePosition":[683,384],"_rootPartCFrame":[759.166,231.416,43.924,-0.967,0,0.255,0,1,0,-0.255,0,-0.967],"_humanoidState":5,"_cameraCFrame":[757.875,253.258,40.148,-0.992,-0.122,0.022,0,0.174,0.985,-0.124,0.977,-0.172],"_shiftlockState":true,"_pose":"FreeFall","_animationQueue":[],"_animationSpeed":1,"_zoom":20.656},{"_mousePosition":[683,384],"_rootPartCFrame":[758.901,231.53,43.891,-0.967,0,0.255,0,1,0,-0.255,0,-0.967],"_humanoidState":5,"_cameraCFrame":[757.63,253.372,40.108,-0.992,-0.127,0.022,0,0.174,0.985,-0.129,0.977,-0.172],"_shiftlockState":true,"_pose":"FreeFall","_animationQueue":[],"_animationSpeed":1,"_zoom":20.656},{"_mousePosition":[683,384],"_rootPartCFrame":[758.637,231.589,43.858,-0.966,0,0.26,0,1,0,-0.26,0,-0.966],"_humanoidState":5,"_cameraCFrame":[757.384,253.431,40.069,-0.991,-0.132,0.023,0,0.174,0.985,-0.134,0.976,-0.172],"_shiftlockState":true,"_pose":"FreeFall","_animationQueue":[],"_animationSpeed":1,"_zoom":20.656},{"_mousePosition":[683,384],"_rootPartCFrame":[758.372,231.593,43.824,-0.964,0,0.265,0,1,0,-0.265,0,-0.964],"_humanoidState":5,"_cameraCFrame":[757.139,253.435,40.028,-0.99,-0.137,0.024,0,0.174,0.985,-0.139,0.975,-0.172],"_shiftlockState":true,"_pose":"FreeFall","_animationQueue":[],"_animationSpeed":1,"_zoom":20.656},{"_mousePosition":[683,384],"_rootPartCFrame":[758.108,231.543,43.788,-0.963,0,0.27,0,1,0,-0.27,0,-0.963],"_humanoidState":5,"_cameraCFrame":[756.923,253.385,39.977,-0.988,-0.15,0.026,0,0.174,0.985,-0.152,0.973,-0.172],"_shiftlockState":true,"_pose":"FreeFall","_animationQueue":[],"_animationSpeed":1,"_zoom":20.656},{"_mousePosition":[683,384],"_rootPartCFrame":[757.844,231.439,43.751,-0.959,0,0.282,0,1,0,-0.282,0,-0.959],"_humanoidState":5,"_cameraCFrame":[756.746,253.281,39.914,-0.985,-0.172,0.03,0,0.174,0.985,-0.174,0.97,-0.171],"_shiftlockState":true,"_pose":"FreeFall","_animationQueue":[["fall",0.3]],"_animationSpeed":1,"_zoom":20.656},{"_mousePosition":[683,384],"_rootPartCFrame":[757.58,231.28,43.711,-0.953,0,0.304,0,1,0,-0.304,0,-0.953],"_humanoidState":5,"_cameraCFrame":[756.727,253.122,39.812,-0.972,-0.233,0.041,0,0.174,0.985,-0.236,0.957,-0.169],"_shiftlockState":true,"_pose":"FreeFall","_animationQueue":[],"_animationSpeed":1,"_zoom":20.656},{"_mousePosition":[683,384],"_rootPartCFrame":[757.318,231.066,43.666,-0.932,0,0.363,0,1,0,-0.363,0,-0.932],"_humanoidState":5,"_cameraCFrame":[756.703,252.909,39.722,-0.956,-0.29,0.051,0,0.174,0.985,-0.295,0.941,-0.166],"_shiftlockState":true,"_pose":"FreeFall","_animationQueue":[],"_animationSpeed":1,"_zoom":20.656},{"_mousePosition":[683,384],"_rootPartCFrame":[757.058,230.798,43.605,-0.908,0,0.419,0,1,0,-0.419,0,-0.908],"_humanoidState":5,"_cameraCFrame":[756.724,252.641,39.628,-0.932,-0.356,0.063,0,0.174,0.985,-0.362,0.918,-0.162],"_shiftlockState":true,"_pose":"FreeFall","_animationQueue":[],"_animationSpeed":1,"_zoom":20.656},{"_mousePosition":[683,384],"_rootPartCFrame":[756.739,230.387,43.51,-0.859,0,0.511,0,1,0,-0.511,0,-0.859],"_humanoidState":5,"_cameraCFrame":[756.747,252.229,39.519,-0.898,-0.434,0.076,0,0.174,0.985,-0.44,0.884,-0.156],"_shiftlockState":true,"_pose":"FreeFall","_animationQueue":[],"_animationSpeed":1,"_zoom":20.656},{"_mousePosition":[683,384],"_rootPartCFrame":[756.551,230.099,43.44,-0.849,0,0.528,0,1,0,-0.528,0,-0.849],"_humanoidState":5,"_cameraCFrame":[756.923,251.941,39.467,-0.854,-0.512,0.09,0,0.174,0.985,-0.52,0.841,-0.148],"_shiftlockState":true,"_pose":"FreeFall","_animationQueue":[],"_animationSpeed":1,"_zoom":20.656},{"_mousePosition":[683,384],"_rootPartCFrame":[756.309,229.667,43.328,-0.777,0,0.629,0,1,0,-0.629,0,-0.777],"_humanoidState":5,"_cameraCFrame":[757.021,251.51,39.401,-0.806,-0.583,0.103,0,0.174,0.985,-0.592,0.794,-0.14],"_shiftlockState":true,"_pose":"FreeFall","_animationQueue":[],"_animationSpeed":1,"_zoom":20.656},{"_mousePosition":[683,384],"_rootPartCFrame":[756.079,229.181,43.195,-0.72,0,0.694,0,1,0,-0.694,0,-0.72],"_humanoidState":5,"_cameraCFrame":[757.077,251.024,39.33,-0.761,-0.639,0.113,0,0.174,0.985,-0.649,0.749,-0.132],"_shiftlockState":true,"_pose":"FreeFall","_animationQueue":[["fall",0.3]],"_animationSpeed":1,"_zoom":20.656},{"_mousePosition":[683,384],"_rootPartCFrame":[755.861,228.641,43.041,-0.668,0,0.745,0,1,0,-0.745,0,-0.668],"_humanoidState":5,"_cameraCFrame":[757.063,250.483,39.236,-0.725,-0.678,0.12,0,0.174,0.985,-0.689,0.714,-0.126],"_shiftlockState":true,"_pose":"FreeFall","_animationQueue":[],"_animationSpeed":1,"_zoom":20.656},{"_mousePosition":[683,384],"_rootPartCFrame":[755.656,228.046,42.871,-0.627,0,0.779,0,1,0,-0.779,0,-0.627],"_humanoidState":5,"_cameraCFrame":[756.972,249.888,39.104,-0.704,-0.7,0.123,0,0.174,0.985,-0.71,0.693,-0.122],"_shiftlockState":true,"_pose":"FreeFall","_animationQueue":[],"_animationSpeed":1,"_zoom":20.656},{"_mousePosition":[683,384],"_rootPartCFrame":[755.412,227.226,42.643,-0.576,0,0.817,0,1,0,-0.817,0,-0.576],"_humanoidState":5,"_cameraCFrame":[756.758,249.068,38.886,-0.698,-0.705,0.124,0,0.174,0.985,-0.716,0.688,-0.121],"_shiftlockState":true,"_pose":"FreeFall","_animationQueue":[],"_animationSpeed":1,"_zoom":20.656},{"_mousePosition":[683,384],"_rootPartCFrame":[755.271,226.693,42.502,-0.675,0,0.738,0,1,0,-0.738,0,-0.675],"_humanoidState":7,"_cameraCFrame":[756.616,248.535,38.745,-0.698,-0.705,0.124,0,0.174,0.985,-0.716,0.688,-0.121],"_shiftlockState":true,"_pose":"FreeFall","_animationQueue":[["walk",0.1],["fall",0.3],["fall",0.3]],"_animationSpeed":1,"_zoom":20.656},{"_mousePosition":[683,384],"_rootPartCFrame":[755.084,226.035,42.312,-0.694,0,0.72,0,1,0,-0.72,0,-0.694],"_humanoidState":7,"_cameraCFrame":[756.43,247.877,38.554,-0.698,-0.705,0.124,0,0.174,0.985,-0.716,0.688,-0.121],"_shiftlockState":true,"_pose":"FreeFall","_animationQueue":[],"_animationSpeed":1,"_zoom":20.656},{"_mousePosition":[683,384],"_rootPartCFrame":[754.898,226.035,42.121,-0.698,0,0.716,0,1,0,-0.716,0,-0.698],"_humanoidState":7,"_cameraCFrame":[756.244,247.877,38.363,-0.698,-0.705,0.124,0,0.174,0.985,-0.716,0.688,-0.121],"_shiftlockState":true,"_pose":"FreeFall","_animationQueue":[],"_animationSpeed":1,"_zoom":20.656},{"_mousePosition":[683,384],"_rootPartCFrame":[754.712,226.144,41.93,-0.698,0,0.716,0,1,0,-0.716,0,-0.698],"_humanoidState":8,"_cameraCFrame":[756.057,247.986,38.172,-0.698,-0.705,0.124,0,0.174,0.985,-0.716,0.688,-0.121],"_shiftlockState":true,"_pose":"Running","_animationQueue":[["fall",0.3],["walk",0.1],["fall",0.3],["walk",0.1]],"_animationSpeed":1.103,"_zoom":20.656},{"_mousePosition":[683,384],"_rootPartCFrame":[754.526,227.007,41.739,-0.698,0,0.716,0,1,0,-0.716,0,-0.698],"_humanoidState":3,"_cameraCFrame":[755.89,248.849,37.988,-0.695,-0.708,0.125,0,0.174,0.985,-0.719,0.684,-0.121],"_shiftlockState":true,"_pose":"Jumping","_animationQueue":[["walk",0.1],["jump",0.1]],"_animationSpeed":1,"_zoom":20.656},{"_mousePosition":[683,384],"_rootPartCFrame":[754.339,227.815,41.548,-0.626,0,0.78,0,1,0,-0.78,0,-0.626],"_humanoidState":5,"_cameraCFrame":[755.723,249.657,37.804,-0.691,-0.712,0.126,0,0.174,0.985,-0.723,0.681,-0.12],"_shiftlockState":true,"_pose":"FreeFall","_animationQueue":[["jump",0.1]],"_animationSpeed":1,"_zoom":20.656},{"_mousePosition":[683,384],"_rootPartCFrame":[754.154,228.569,41.356,-0.593,0,0.805,0,1,0,-0.805,0,-0.593],"_humanoidState":5,"_cameraCFrame":[755.556,250.411,37.62,-0.687,-0.715,0.126,0,0.174,0.985,-0.726,0.677,-0.119],"_shiftlockState":true,"_pose":"FreeFall","_animationQueue":[],"_animationSpeed":1,"_zoom":20.656},{"_mousePosition":[683,384],"_rootPartCFrame":[753.97,229.268,41.164,-0.585,0,0.811,0,1,0,-0.811,0,-0.585],"_humanoidState":5,"_cameraCFrame":[755.42,251.103,37.407,-0.684,-0.718,0.128,0,0.176,0.984,-0.73,0.673,-0.12],"_shiftlockState":true,"_pose":"FreeFall","_animationQueue":[],"_animationSpeed":1,"_zoom":20.656},{"_mousePosition":[683,384],"_rootPartCFrame":[753.775,229.913,40.994,-0.597,0,0.802,0,1,0,-0.802,0,-0.597],"_humanoidState":5,"_cameraCFrame":[755.273,251.741,37.218,-0.68,-0.722,0.13,0,0.177,0.984,-0.733,0.669,-0.121],"_shiftlockState":true,"_pose":"FreeFall","_animationQueue":[],"_animationSpeed":1,"_zoom":20.656},{"_mousePosition":[683,384],"_rootPartCFrame":[753.565,230.504,40.86,-0.599,0,0.8,0,1,0,-0.8,0,-0.599],"_humanoidState":5,"_cameraCFrame":[755.121,252.324,37.069,-0.674,-0.726,0.132,0,0.179,0.984,-0.738,0.663,-0.121],"_shiftlockState":true,"_pose":"FreeFall","_animationQueue":[],"_animationSpeed":1,"_zoom":20.656},{"_mousePosition":[683,384],"_rootPartCFrame":[753.338,231.039,40.762,-0.594,0,0.804,0,1,0,-0.804,0,-0.594],"_humanoidState":5,"_cameraCFrame":[754.942,252.853,36.952,-0.671,-0.729,0.134,0,0.181,0.983,-0.742,0.66,-0.122],"_shiftlockState":true,"_pose":"FreeFall","_animationQueue":[],"_animationSpeed":1,"_zoom":20.656},{"_mousePosition":[683,384],"_rootPartCFrame":[753.094,231.521,40.701,-0.59,0,0.807,0,1,0,-0.807,0,-0.59],"_humanoidState":5,"_cameraCFrame":[754.728,253.334,36.903,-0.665,-0.734,0.135,0,0.181,0.983,-0.747,0.654,-0.121],"_shiftlockState":true,"_pose":"FreeFall","_animationQueue":[],"_animationSpeed":1,"_zoom":20.656},{"_mousePosition":[683,384],"_rootPartCFrame":[752.79,232.046,40.677,-0.64,0,0.768,0,1,0,-0.768,0,-0.64],"_humanoidState":5,"_cameraCFrame":[754.433,253.86,36.884,-0.663,-0.736,0.136,0,0.181,0.983,-0.749,0.652,-0.12],"_shiftlockState":true,"_pose":"FreeFall","_animationQueue":[],"_animationSpeed":1,"_zoom":20.656},{"_mousePosition":[683,384],"_rootPartCFrame":[752.615,232.32,40.692,-0.662,0,0.75,0,1,0,-0.75,0,-0.662],"_humanoidState":5,"_cameraCFrame":[754.258,254.134,36.899,-0.663,-0.736,0.136,0,0.181,0.983,-0.749,0.652,-0.12],"_shiftlockState":true,"_pose":"FreeFall","_animationQueue":[],"_animationSpeed":1,"_zoom":20.656},{"_mousePosition":[683,384],"_rootPartCFrame":[752.388,232.638,40.746,-0.663,0,0.749,0,1,0,-0.749,0,-0.663],"_humanoidState":5,"_cameraCFrame":[754.031,254.452,36.952,-0.663,-0.736,0.136,0,0.181,0.983,-0.749,0.652,-0.12],"_shiftlockState":true,"_pose":"FreeFall","_animationQueue":[],"_animationSpeed":1,"_zoom":20.656},{"_mousePosition":[683,384],"_rootPartCFrame":[752.17,232.901,40.838,-0.663,0,0.749,0,1,0,-0.749,0,-0.663],"_humanoidState":5,"_cameraCFrame":[753.813,254.715,37.045,-0.663,-0.736,0.136,0,0.181,0.983,-0.749,0.652,-0.12],"_shiftlockState":true,"_pose":"FreeFall","_animationQueue":[],"_animationSpeed":1,"_zoom":20.656},{"_mousePosition":[683,384],"_rootPartCFrame":[751.96,233.11,40.97,-0.663,0,0.749,0,1,0,-0.749,0,-0.663],"_humanoidState":5,"_cameraCFrame":[753.642,254.917,37.154,-0.661,-0.738,0.137,0,0.183,0.983,-0.75,0.65,-0.121],"_shiftlockState":true,"_pose":"FreeFall","_animationQueue":[],"_animationSpeed":1,"_zoom":20.656},{"_mousePosition":[683,384],"_rootPartCFrame":[751.758,233.265,41.137,-0.661,0,0.75,0,1,0,-0.75,0,-0.661],"_humanoidState":5,"_cameraCFrame":[753.44,255.071,37.321,-0.661,-0.738,0.137,0,0.183,0.983,-0.75,0.65,-0.121],"_shiftlockState":true,"_pose":"FreeFall","_animationQueue":[],"_animationSpeed":1,"_zoom":20.656},{"_mousePosition":[683,384],"_rootPartCFrame":[751.558,233.365,41.313,-0.661,0,0.75,0,1,0,-0.75,0,-0.661],"_humanoidState":5,"_cameraCFrame":[753.231,255.171,37.493,-0.663,-0.736,0.137,0,0.183,0.983,-0.749,0.652,-0.122],"_shiftlockState":true,"_pose":"FreeFall","_animationQueue":[],"_animationSpeed":1,"_zoom":20.656},{"_mousePosition":[683,384],"_rootPartCFrame":[751.358,233.41,41.489,-0.663,0,0.749,0,1,0,-0.749,0,-0.663],"_humanoidState":5,"_cameraCFrame":[752.973,255.216,37.645,-0.674,-0.726,0.135,0,0.183,0.983,-0.738,0.663,-0.124],"_shiftlockState":true,"_pose":"FreeFall","_animationQueue":[],"_animationSpeed":1,"_zoom":20.656},{"_mousePosition":[683,384],"_rootPartCFrame":[751.159,233.401,41.666,-0.673,0,0.739,0,1,0,-0.739,0,-0.673],"_humanoidState":5,"_cameraCFrame":[752.695,255.207,37.79,-0.689,-0.712,0.133,0,0.183,0.983,-0.725,0.678,-0.126],"_shiftlockState":true,"_pose":"FreeFall","_animationQueue":[],"_animationSpeed":1,"_zoom":20.656},{"_mousePosition":[683,384],"_rootPartCFrame":[750.961,233.337,41.846,-0.687,0,0.726,0,1,0,-0.726,0,-0.687],"_humanoidState":5,"_cameraCFrame":[752.343,255.158,37.987,-0.707,-0.695,0.127,0,0.179,0.984,-0.707,0.696,-0.127],"_shiftlockState":true,"_pose":"FreeFall","_animationQueue":[],"_animationSpeed":1,"_zoom":20.656},{"_mousePosition":[683,384],"_rootPartCFrame":[750.767,233.219,42.029,-0.705,0,0.709,0,1,0,-0.709,0,-0.705],"_humanoidState":5,"_cameraCFrame":[752.024,255.047,38.166,-0.725,-0.678,0.122,0,0.177,0.984,-0.689,0.713,-0.129],"_shiftlockState":true,"_pose":"FreeFall","_animationQueue":[],"_animationSpeed":1,"_zoom":20.656},{"_mousePosition":[683,384],"_rootPartCFrame":[750.578,233.047,42.217,-0.723,0,0.691,0,1,0,-0.691,0,-0.723],"_humanoidState":5,"_cameraCFrame":[751.776,254.875,38.335,-0.735,-0.667,0.12,0,0.177,0.984,-0.678,0.724,-0.131],"_shiftlockState":true,"_pose":"FreeFall","_animationQueue":[["fall",0.3]],"_animationSpeed":1,"_zoom":20.656},{"_mousePosition":[683,384],"_rootPartCFrame":[750.394,232.82,42.409,-0.734,0,0.679,0,1,0,-0.679,0,-0.734],"_humanoidState":5,"_cameraCFrame":[751.591,254.648,38.527,-0.735,-0.667,0.12,0,0.177,0.984,-0.678,0.724,-0.131],"_shiftlockState":true,"_pose":"FreeFall","_animationQueue":[],"_animationSpeed":1,"_zoom":20.656},{"_mousePosition":[683,384],"_rootPartCFrame":[750.227,232.538,42.584,-0.735,0,0.678,0,1,0,-0.678,0,-0.735],"_humanoidState":5,"_cameraCFrame":[751.388,254.373,38.729,-0.737,-0.665,0.119,0,0.176,0.984,-0.676,0.726,-0.129],"_shiftlockState":true,"_pose":"FreeFall","_animationQueue":[],"_animationSpeed":1,"_zoom":20.656},{"_mousePosition":[683,384],"_rootPartCFrame":[750.057,232.109,42.763,-0.737,0,0.676,0,1,0,-0.676,0,-0.737],"_humanoidState":5,"_cameraCFrame":[751.228,253.944,38.91,-0.735,-0.667,0.119,0,0.176,0.984,-0.678,0.724,-0.129],"_shiftlockState":true,"_pose":"FreeFall","_animationQueue":[],"_animationSpeed":1,"_zoom":20.656},{"_mousePosition":[683,384],"_rootPartCFrame":[749.952,231.705,42.874,-0.735,0,0.678,0,1,0,-0.678,0,-0.735],"_humanoidState":5,"_cameraCFrame":[751.154,253.547,39.068,-0.725,-0.678,0.12,0,0.174,0.985,-0.689,0.714,-0.126],"_shiftlockState":true,"_pose":"FreeFall","_animationQueue":[],"_animationSpeed":1,"_zoom":20.656},{"_mousePosition":[683,384],"_rootPartCFrame":[749.891,231.366,42.937,-0.725,0,0.689,0,1,0,-0.689,0,-0.725],"_humanoidState":5,"_cameraCFrame":[751.218,253.208,39.173,-0.702,-0.701,0.124,0,0.174,0.985,-0.712,0.691,-0.122],"_shiftlockState":true,"_pose":"FreeFall","_animationQueue":[],"_animationSpeed":1,"_zoom":20.656},{"_mousePosition":[683,384],"_rootPartCFrame":[749.834,230.866,42.998,-0.702,0,0.712,0,1,0,-0.712,0,-0.702],"_humanoidState":5,"_cameraCFrame":[751.331,252.709,39.298,-0.669,-0.732,0.129,0,0.174,0.985,-0.743,0.659,-0.116],"_shiftlockState":true,"_pose":"FreeFall","_animationQueue":[],"_animationSpeed":1,"_zoom":20.656},{"_mousePosition":[683,384],"_rootPartCFrame":[749.805,230.312,43.029,-0.669,0,0.743,0,1,0,-0.743,0,-0.669],"_humanoidState":5,"_cameraCFrame":[751.532,252.155,39.431,-0.62,-0.772,0.136,0,0.174,0.985,-0.784,0.611,-0.108],"_shiftlockState":true,"_pose":"FreeFall","_animationQueue":[["fall",0.3]],"_animationSpeed":1,"_zoom":20.656},{"_mousePosition":[683,384],"_rootPartCFrame":[749.799,229.704,43.035,-0.62,0,0.784,0,1,0,-0.784,0,-0.62],"_humanoidState":5,"_cameraCFrame":[751.786,251.546,39.573,-0.561,-0.815,0.144,0,0.174,0.985,-0.828,0.553,-0.097],"_shiftlockState":true,"_pose":"FreeFall","_animationQueue":[],"_animationSpeed":1,"_zoom":20.656},{"_mousePosition":[683,384],"_rootPartCFrame":[749.799,229.041,43.035,-0.561,0,0.828,0,1,0,-0.828,0,-0.561],"_humanoidState":5,"_cameraCFrame":[752.084,250.883,39.763,-0.486,-0.861,0.152,0,0.174,0.985,-0.874,0.478,-0.084],"_shiftlockState":true,"_pose":"FreeFall","_animationQueue":[],"_animationSpeed":1,"_zoom":20.656},{"_mousePosition":[683,384],"_rootPartCFrame":[749.768,228.135,43.056,-0.495,0,0.869,0,1,0,-0.869,0,-0.495],"_humanoidState":5,"_cameraCFrame":[752.349,249.977,40.011,-0.402,-0.902,0.159,0,0.174,0.985,-0.916,0.396,-0.07],"_shiftlockState":true,"_pose":"FreeFall","_animationQueue":[],"_animationSpeed":1,"_zoom":20.656},{"_mousePosition":[683,384],"_rootPartCFrame":[749.724,227.551,43.083,-0.41,0,0.912,0,1,0,-0.912,0,-0.41],"_humanoidState":5,"_cameraCFrame":[752.579,249.393,40.294,-0.315,-0.935,0.165,0,0.174,0.985,-0.949,0.31,-0.055],"_shiftlockState":true,"_pose":"FreeFall","_animationQueue":[],"_animationSpeed":1,"_zoom":20.656},{"_mousePosition":[683,384],"_rootPartCFrame":[749.634,226.724,43.134,-0.326,0,0.945,0,1,0,-0.945,0,-0.326],"_humanoidState":5,"_cameraCFrame":[752.723,248.567,40.608,-0.229,-0.959,0.169,0,0.174,0.985,-0.973,0.226,-0.04],"_shiftlockState":true,"_pose":"FreeFall","_animationQueue":[],"_animationSpeed":1,"_zoom":20.656},{"_mousePosition":[683,384],"_rootPartCFrame":[749.423,226.118,43.21,-0.229,0,0.974,0,1,0,-0.974,0,-0.229],"_humanoidState":7,"_cameraCFrame":[752.713,247.96,40.95,-0.147,-0.974,0.172,0,0.174,0.985,-0.989,0.145,-0.026],"_shiftlockState":true,"_pose":"FreeFall","_animationQueue":[["walk",0.1],["fall",0.3],["fall",0.3]],"_animationSpeed":1,"_zoom":20.656},{"_mousePosition":[683,384],"_rootPartCFrame":[749.165,226.127,43.274,-0.146,0,0.989,0,1,0,-0.989,0,-0.146],"_humanoidState":7,"_cameraCFrame":[752.622,247.969,41.279,-0.069,-0.982,0.173,0,0.174,0.985,-0.998,0.068,-0.012],"_shiftlockState":true,"_pose":"FreeFall","_animationQueue":[["fall",0.3]],"_animationSpeed":1,"_zoom":20.656},{"_mousePosition":[683,384],"_rootPartCFrame":[748.902,226.201,43.316,-0.069,0,0.998,0,1,0,-0.998,0,-0.069],"_humanoidState":8,"_cameraCFrame":[752.538,248.043,41.672,0.029,-0.984,0.174,0,0.174,0.985,-1,-0.029,0.005],"_shiftlockState":true,"_pose":"Running","_animationQueue":[["walk",0.1],["fall",0.3],["walk",0.1]],"_animationSpeed":1.103,"_zoom":20.656},{"_mousePosition":[683,384],"_rootPartCFrame":[748.638,227.064,43.356,0.029,0,1,0,1,0,-1,0,0.029],"_humanoidState":3,"_cameraCFrame":[752.353,248.906,41.898,0.08,-0.982,0.173,0,0.174,0.985,-0.997,-0.079,0.014],"_shiftlockState":true,"_pose":"Jumping","_animationQueue":[["walk",0.1],["jump",0.1]],"_animationSpeed":1,"_zoom":20.656},{"_mousePosition":[683,384],"_rootPartCFrame":[748.373,227.872,43.371,0.075,0,0.997,0,1,0,-0.997,0,0.075],"_humanoidState":5,"_cameraCFrame":[752.144,249.715,42.064,0.12,-0.978,0.172,0,0.174,0.985,-0.993,-0.118,0.021],"_shiftlockState":true,"_pose":"FreeFall","_animationQueue":[["jump",0.1]],"_animationSpeed":1,"_zoom":20.656},{"_mousePosition":[683,384],"_rootPartCFrame":[748.107,228.626,43.354,0.114,0,0.993,0,1,0,-0.993,0,0.114],"_humanoidState":5,"_cameraCFrame":[751.913,250.468,42.153,0.148,-0.974,0.172,0,0.174,0.985,-0.989,-0.145,0.026],"_shiftlockState":true,"_pose":"FreeFall","_animationQueue":[],"_animationSpeed":1,"_zoom":20.656},{"_mousePosition":[683,384],"_rootPartCFrame":[747.842,229.326,43.324,0.143,0,0.99,0,1,0,-0.99,0,0.143],"_humanoidState":5,"_cameraCFrame":[751.669,251.168,42.19,0.165,-0.971,0.171,0,0.174,0.985,-0.986,-0.163,0.029],"_shiftlock