[{"_mousePosition":[687,381],"_rootPartCFrame":[776.029,222.7,47.142,0,0,1,0,1,0,-1,0,0],"_humanoidState":8,"_cameraCFrame":[777.021,243.994,41.323,-0.986,-0.161,0.048,0,0.286,0.958,-0.168,0.945,-0.282],"_shiftlockState":false,"_pose":"Standing","_animationQueue":[],"_animationSpeed":1,"_zoom":20.656},{"_mousePosition":[687,381],"_rootPartCFrame":[775.73,222.7,47.091,0.028,0,1,0,1,0,-1,0,0.028],"_humanoidState":8,"_cameraCFrame":[776.695,244.017,41.345,-0.986,-0.159,0.047,0,0.282,0.959,-0.165,0.946,-0.278],"_shiftlockState":false,"_pose":"Standing","_animationQueue":[],"_animationSpeed":1,"_zoom":20.656},{"_mousePosition":[687,381],"_rootPartCFrame":[775.468,222.7,47.046,0.047,0,0.999,0,1,0,-0.999,0,0.047],"_humanoidState":8,"_cameraCFrame":[776.419,244.039,41.376,-0.986,-0.159,0.046,0,0.278,0.96,-0.165,0.947,-0.274],"_shiftlockState":false,"_pose":"Running","_animationQueue":[["walk",0.1]],"_animationSpeed":1.089,"_zoom":20.656},{"_mousePosition":[687,381],"_rootPartCFrame":[775.336,222.7,47.024,0.055,0,0.998,0,1,0,-0.998,0,0.055],"_humanoidState":8,"_cameraCFrame":[776.303,244.062,41.435,-0.985,-0.164,0.047,0,0.275,0.962,-0.17,0.947,-0.271],"_shiftlockState":false,"_pose":"Running","_animationQueue":[],"_animationSpeed":1.089,"_zoom":20.656},{"_mousePosition":[687,381],"_rootPartCFrame":[775.073,222.7,46.98,0.07,0,0.998,0,1,0,-0.998,0,0.07],"_humanoidState":8,"_cameraCFrame":[776.09,244.095,41.518,-0.983,-0.176,0.049,0,0.269,0.963,-0.183,0.947,-0.264],"_shiftlockState":false,"_pose":"Running","_animationQueue":[],"_animationSpeed":1.089,"_zoom":20.656},{"_mousePosition":[687,381],"_rootPartCFrame":[774.811,222.7,46.934,0.084,0,0.996,0,1,0,-0.996,0,0.084],"_humanoidState":8,"_cameraCFrame":[775.9,244.127,41.605,-0.98,-0.193,0.053,0,0.263,0.965,-0.2,0.945,-0.258],"_shiftlockState":false,"_pose":"Running","_animationQueue":[],"_animationSpeed":1.089,"_zoom":20.656},{"_mousePosition":[687,381],"_rootPartCFrame":[774.548,222.7,46.886,0.097,0,0.995,0,1,0,-0.995,0,0.097],"_humanoidState":8,"_cameraCFrame":[775.75,244.168,41.741,-0.974,-0.22,0.058,0,0.256,0.967,-0.228,0.941,-0.249],"_shiftlockState":false,"_pose":"Running","_animationQueue":[],"_animationSpeed":1.089,"_zoom":20.656},{"_mousePosition":[687,381],"_rootPartCFrame":[774.287,222.7,46.833,0.111,0,0.994,0,1,0,-0.994,0,0.111],"_humanoidState":8,"_cameraCFrame":[775.617,244.209,41.88,-0.966,-0.251,0.064,0,0.248,0.969,-0.259,0.936,-0.24],"_shiftlockState":false,"_pose":"Running","_animationQueue":[],"_animationSpeed":1.089,"_zoom":20.656},{"_mousePosition":[687,381],"_rootPartCFrame":[774.027,222.7,46.773,0.126,0,0.992,0,1,0,-0.992,0,0.126],"_humanoidState":8,"_cameraCFrame":[775.51,244.248,42.027,-0.954,-0.29,0.072,0,0.241,0.971,-0.298,0.926,-0.23],"_shiftlockState":false,"_pose":"Running","_animationQueue":[],"_animationSpeed":1.089,"_zoom":20.656},{"_mousePosition":[687,381],"_rootPartCFrame":[773.77,222.7,46.704,0.144,0,0.99,0,1,0,-0.99,0,0.144],"_humanoidState":8,"_cameraCFrame":[775.4,244.296,42.215,-0.94,-0.332,0.079,0,0.231,0.973,-0.341,0.914,-0.217],"_shiftlockState":false,"_pose":"Running","_animationQueue":[["walk",0.1]],"_animationSpeed":1.089,"_zoom":20.656},{"_mousePosition":[687,381],"_rootPartCFrame":[773.515,222.7,46.625,0.165,0,0.986,0,1,0,-0.986,0,0.165],"_humanoidState":8,"_cameraCFrame":[775.266,244.332,42.351,-0.925,-0.37,0.085,0,0.224,0.975,-0.379,0.902,-0.207],"_shiftlockState":false,"_pose":"Running","_animationQueue":[],"_animationSpeed":1.089,"_zoom":20.656},{"_mousePosition":[687,381],"_rootPartCFrame":[773.264,222.7,46.535,0.188,0,0.982,0,1,0,-0.982,0,0.188],"_humanoidState":8,"_cameraCFrame":[775.122,244.368,42.478,-0.909,-0.407,0.09,0,0.216,0.976,-0.416,0.888,-0.196],"_shiftlockState":false,"_pose":"Running","_animationQueue":[],"_animationSpeed":1.089,"_zoom":20.656},{"_mousePosition":[687,381],"_rootPartCFrame":[773.017,222.7,46.435,0.214,0,0.977,0,1,0,-0.977,0,0.214],"_humanoidState":8,"_cameraCFrame":[774.954,244.394,42.547,-0.895,-0.436,0.094,0,0.21,0.978,-0.446,0.875,-0.188],"_shiftlockState":false,"_pose":"Running","_animationQueue":[],"_animationSpeed":1.089,"_zoom":20.656},{"_mousePosition":[687,381],"_rootPartCFrame":[772.774,222.7,46.325,0.242,0,0.97,0,1,0,-0.97,0,0.242],"_humanoidState":8,"_cameraCFrame":[774.782,244.41,42.561,-0.882,-0.461,0.097,0,0.207,0.978,-0.471,0.863,-0.182],"_shiftlockState":false,"_pose":"Running","_animationQueue":[],"_animationSpeed":1.089,"_zoom":20.656},{"_mousePosition":[687,381],"_rootPartCFrame":[772.535,222.717,46.207,0.27,0,0.963,0,1,0,-0.963,0,0.27],"_humanoidState":8,"_cameraCFrame":[774.589,244.452,42.603,-0.869,-0.485,0.099,0,0.201,0.98,-0.495,0.851,-0.174],"_shiftlockState":false,"_pose":"Running","_animationQueue":[],"_animationSpeed":1.089,"_zoom":20.656},{"_mousePosition":[687,381],"_rootPartCFrame":[772.299,222.731,46.082,0.297,0,0.955,0,1,0,-0.955,0,0.297],"_humanoidState":8,"_cameraCFrame":[774.387,244.474,42.544,-0.861,-0.498,0.101,0,0.199,0.98,-0.508,0.844,-0.171],"_shiftlockState":false,"_pose":"Running","_animationQueue":[],"_animationSpeed":1.089,"_zoom":20.656},{"_mousePosition":[687,381],"_rootPartCFrame":[772.067,222.757,45.95,0.325,0,0.946,0,1,0,-0.946,0,0.325],"_humanoidState":8,"_cameraCFrame":[774.15,244.516,42.501,-0.856,-0.507,0.101,0,0.195,0.981,-0.517,0.84,-0.167],"_shiftlockState":false,"_pose":"Running","_animationQueue":[["walk",0.1]],"_animationSpeed":1.089,"_zoom":20.656},{"_mousePosition":[687,381],"_rootPartCFrame":[771.838,222.776,45.815,0.35,0,0.937,0,1,0,-0.937,0,0.35],"_humanoidState":8,"_cameraCFrame":[773.917,244.543,42.41,-0.853,-0.511,0.101,0,0.193,0.981,-0.521,0.837,-0.165],"_shiftlockState":false,"_pose":"Running","_animationQueue":[],"_animationSpeed":1.089,"_zoom":20.656},{"_mousePosition":[687,381],"_rootPartCFrame":[771.609,222.787,45.677,0.374,0,0.928,0,1,0,-0.928,0,0.374],"_humanoidState":8,"_cameraCFrame":[772.229,244.561,41.401,-0.847,-0.522,0.102,0,0.191,0.982,-0.532,0.831,-0.162],"_shiftlockState":true,"_pose":"Running","_animationQueue":[],"_animationSpeed":1.089,"_zoom":20.656},{"_mousePosition":[683,384],"_rootPartCFrame":[771.382,222.81,45.538,-0.887,0,0.461,0,1,0,-0.461,0,-0.887],"_humanoidState":8,"_cameraCFrame":[772.001,244.584,41.263,-0.847,-0.522,0.102,0,0.191,0.982,-0.532,0.831,-0.162],"_shiftlockState":true,"_pose":"Running","_animationQueue":[],"_animationSpeed":1.089,"_zoom":20.656},{"_mousePosition":[683,384],"_rootPartCFrame":[771.156,222.84,45.397,-0.851,0,0.525,0,1,0,-0.525,0,-0.851],"_humanoidState":8,"_cameraCFrame":[771.818,244.638,41.237,-0.833,-0.544,0.103,0,0.185,0.983,-0.553,0.819,-0.155],"_shiftlockState":true,"_pose":"Running","_animationQueue":[],"_animationSpeed":1.089,"_zoom":20.656},{"_mousePosition":[683,384],"_rootPartCFrame":[770.873,223.924,45.219,-0.835,0,0.551,0,1,0,-0.551,0,-0.835],"_humanoidState":3,"_cameraCFrame":[771.616,245.736,41.146,-0.816,-0.569,0.105,0,0.182,0.983,-0.578,0.802,-0.148],"_shiftlockState":true,"_pose":"Jumping","_animationQueue":[["walk",0.1],["jump",0.1]],"_animationSpeed":1,"_zoom":20.656},{"_mousePosition":[683,384],"_rootPartCFrame":[770.651,224.732,45.073,-0.76,0,0.65,0,1,0,-0.65,0,-0.76],"_humanoidState":5,"_cameraCFrame":[771.459,246.559,41.085,-0.799,-0.591,0.107,0,0.178,0.984,-0.601,0.787,-0.142],"_shiftlockState":true,"_pose":"FreeFall","_animationQueue":[["jump",0.1]],"_animationSpeed":1,"_zoom":20.656},{"_mousePosition":[683,384],"_rootPartCFrame":[770.432,225.486,44.919,-0.716,0,0.698,0,1,0,-0.698,0,-0.716],"_humanoidState":5,"_cameraCFrame":[771.282,247.327,41.013,-0.785,-0.609,0.108,0,0.174,0.985,-0.619,0.773,-0.137],"_shiftlockState":true,"_pose":"FreeFall","_animationQueue":[],"_animationSpeed":1,"_zoom":20.656},{"_mousePosition":[683,384],"_rootPartCFrame":[770.219,226.185,44.76,-0.697,0,0.717,0,1,0,-0.717,0,-0.697],"_humanoidState":5,"_cameraCFrame":[771.098,248.026,40.861,-0.781,-0.615,0.109,0,0.174,0.985,-0.625,0.769,-0.136],"_shiftlockState":true,"_pose":"FreeFall","_animationQueue":[],"_animationSpeed":1,"_zoom":20.656},{"_mousePosition":[683,384],"_rootPartCFrame":[770.009,226.83,44.596,-0.691,0,0.723,0,1,0,-0.723,0,-0.691],"_humanoidState":5,"_cameraCFrame":[770.888,248.671,40.696,-0.781,-0.615,0.109,0,0.174,0.985,-0.625,0.769,-0.136],"_shiftlockState":true,"_pose":"FreeFall","_animationQueue":[],"_animationSpeed":1,"_zoom":20.656},{"_mousePosition":[683,384],"_rootPartCFrame":[769.8,227.421,44.429,-0.691,0,0.723,0,1,0,-0.723,0,-0.691],"_humanoidState":5,"_cameraCFrame":[770.679,249.262,40.53,-0.781,-0.615,0.109,0,0.174,0.985,-0.625,0.769,-0.136],"_shiftlockState":true,"_pose":"FreeFall","_animationQueue":[],"_animationSpeed":1,"_zoom":20.656},{"_mousePosition":[683,384],"_rootPartCFrame":[769.592,227.957,44.263,-0.691,0,0.723,0,1,0,-0.723,0,-0.691],"_humanoidState":5,"_cameraCFrame":[770.471,249.798,40.363,-0.781,-0.615,0.109,0,0.174,0.985,-0.625,0.769,-0.136],"_shiftlockState":true,"_pose":"FreeFall","_animationQueue":[],"_animationSpeed":1,"_zoom":20.656},{"_mousePosition":[683,384],"_rootPartCFrame":[769.384,228.438,44.096,-0.691,0,0.723,0,1,0,-0.723,0,-0.691],"_humanoidState":5,"_cameraCFrame":[770.283,250.279,40.201,-0.778,-0.619,0.109,0,0.174,0.985,-0.629,0.766,-0.135],"_shiftlockState":true,"_pose":"FreeFall","_animationQueue":[],"_animationSpeed":1,"_zoom":20.656},{"_mousePosition":[683,384],"_rootPartCFrame":[769.175,228.865,43.929,-0.687,0,0.727,0,1,0,-0.727,0,-0.687],"_humanoidState":5,"_cameraCFrame":[770.074,250.706,40.035,-0.778,-0.619,0.109,0,0.174,0.985,-0.629,0.766,-0.135],"_shiftlockState":true,"_pose":"FreeFall","_animationQueue":[],"_animationSpeed":1,"_zoom":20.656},{"_mousePosition":[683,384],"_rootPartCFrame":[768.916,229.322,43.72,-0.663,0,0.749,0,1,0,-0.749,0,-0.663],"_humanoidState":5,"_cameraCFrame":[769.815,251.163,39.825,-0.778,-0.619,0.109,0,0.174,0.985,-0.629,0.766,-0.135],"_shiftlockState":true,"_pose":"FreeFall","_animationQueue":[],"_animationSpeed":1,"_zoom":20.656},{"_mousePosition":[683,384],"_rootPartCFrame":[768.761,229.555,43.594,-0.711,0,0.703,0,1,0,-0.703,0,-0.711],"_humanoidState":5,"_cameraCFrame":[769.66,251.396,39.699,-0.778,-0.619,0.109,0,0.174,0.985,-0.629,0.766,-0.135],"_shiftlockState":true,"_pose":"FreeFall","_animationQueue":[],"_animationSpeed":1,"_zoom":20.656},{"_mousePosition":[683,384],"_rootPartCFrame":[768.553,229.819,43.427,-0.687,0,0.727,0,1,0,-0.727,0,-0.687],"_humanoidState":5,"_cameraCFrame":[769.452,251.66,39.532,-0.778,-0.619,0.109,0,0.174,0.985,-0.629,0.766,-0.135],"_shiftlockState":true,"_pose":"FreeFall","_animationQueue":[],"_animationSpeed":1,"_zoom":20.656},{"_mousePosition":[683,384],"_rootPartCFrame":[768.346,230.027,43.259,-0.687,0,0.727,0,1,0,-0.727,0,-0.687],"_humanoidState":5,"_cameraCFrame":[769.255,251.868,39.366,-0.776,-0.621,0.11,0,0.174,0.985,-0.631,0.764,-0.135],"_shiftlockState":true,"_pose":"FreeFall","_animationQueue":[],"_animationSpeed":1,"_zoom":20.656},{"_mousePosition":[683,384],"_rootPartCFrame":[768.139,230.182,43.091,-0.685,0,0.728,0,1,0,-0.728,0,-0.685],"_humanoidState":5,"_cameraCFrame":[769.048,252.023,39.199,-0.776,-0.621,0.11,0,0.174,0.985,-0.631,0.764,-0.135],"_shiftlockState":true,"_pose":"FreeFall","_animationQueue":[],"_animationSpeed":1,"_zoom":20.656},{"_mousePosition":[683,384],"_rootPartCFrame":[767.932,230.282,42.923,-0.685,0,0.728,0,1,0,-0.728,0,-0.685],"_humanoidState":5,"_cameraCFrame":[768.85,252.123,39.033,-0.774,-0.623,0.11,0,0.174,0.985,-0.633,0.763,-0.135],"_shiftlockState":true,"_pose":"FreeFall","_animationQueue":[],"_animationSpeed":1,"_zoom":20.656},{"_mousePosition":[683,384],"_rootPartCFrame":[767.725,230.327,42.755,-0.683,0,0.73,0,1,0,-0.73,0,-0.683],"_humanoidState":5,"_cameraCFrame":[768.643,252.168,38.865,-0.774,-0.623,0.11,0,0.174,0.985,-0.633,0.763,-0.135],"_shiftlockState":true,"_pose":"FreeFall","_animationQueue":[],"_animationSpeed":1,"_zoom":20.656},{"_mousePosition":[683,384],"_rootPartCFrame":[767.518,230.318,42.586,-0.683,0,0.73,0,1,0,-0.73,0,-0.683],"_humanoidState":5,"_cameraCFrame":[768.437,252.159,38.696,-0.774,-0.623,0.11,0,0.174,0.985,-0.633,0.763,-0.135],"_shiftlockState":true,"_pose":"FreeFall","_animationQueue":[],"_animationSpeed":1,"_zoom":20.656},{"_mousePosition":[683,384],"_rootPartCFrame":[767.312,230.254,42.418,-0.683,0,0.73,0,1,0,-0.73,0,-0.683],"_humanoidState":5,"_cameraCFrame":[768.245,252.097,38.537,-0.771,-0.627,0.111,0,0.174,0.985,-0.637,0.759,-0.134],"_shiftlockState":true,"_pose":"FreeFall","_animationQueue":[],"_animationSpeed":1,"_zoom":20.656},{"_mousePosition":[683,384],"_rootPartCFrame":[767.105,230.136,42.249,-0.68,0,0.733,0,1,0,-0.733,0,-0.68],"_humanoidState":5,"_cameraCFrame":[768.049,251.979,38.371,-0.77,-0.629,0.111,0,0.174,0.985,-0.639,0.758,-0.134],"_shiftlockState":true,"_pose":"FreeFall","_animationQueue":[],"_animationSpeed":1,"_zoom":20.656},{"_mousePosition":[683,384],"_rootPartCFrame":[766.899,229.964,42.079,-0.678,0,0.735,0,1,0,-0.735,0,-0.678],"_humanoidState":5,"_cameraCFrame":[767.853,251.806,38.204,-0.768,-0.631,0.111,0,0.174,0.985,-0.641,0.756,-0.133],"_shiftlockState":true,"_pose":"FreeFall","_animationQueue":[],"_animationSpeed":1,"_zoom":20.656},{"_mousePosition":[683,384],"_rootPartCFrame":[766.694,229.737,41.909,-0.676,0,0.737,0,1,0,-0.737,0,-0.676],"_humanoidState":5,"_cameraCFrame":[767.657,251.579,38.036,-0.766,-0.633,0.112,0,0.174,0.985,-0.642,0.755,-0.133],"_shiftlockState":true,"_pose":"FreeFall","_animationQueue":[],"_animationSpeed":1,"_zoom":20.656},{"_mousePosition":[683,384],"_rootPartCFrame":[766.489,229.455,41.738,-0.674,0,0.739,0,1,0,-0.739,0,-0.674],"_humanoidState":5,"_cameraCFrame":[767.472,251.297,37.87,-0.763,-0.637,0.112,0,0.174,0.985,-0.646,0.751,-0.133],"_shiftlockState":true,"_pose":"FreeFall","_animationQueue":[["fall",0.3]],"_animationSpeed":1,"_zoom":20.656},{"_mousePosition":[683,384],"_rootPartCFrame":[766.285,229.119,41.567,-0.67,0,0.742,0,1,0,-0.742,0,-0.67],"_humanoidState":5,"_cameraCFrame":[767.307,250.961,37.709,-0.756,-0.644,0.114,0,0.174,0.985,-0.654,0.745,-0.131],"_shiftlockState":true,"_pose":"FreeFall","_animationQueue":[],"_animationSpeed":1,"_zoom":20.656},{"_mousePosition":[683,384],"_rootPartCFrame":[766.081,228.728,41.395,-0.663,0,0.749,0,1,0,-0.749,0,-0.663],"_humanoidState":5,"_cameraCFrame":[767.161,250.571,37.553,-0.746,-0.655,0.116,0,0.174,0.985,-0.665,0.735,-0.13],"_shiftlockState":true,"_pose":"FreeFall","_animationQueue":[],"_animationSpeed":1,"_zoom":20.656},{"_mousePosition":[683,384],"_rootPartCFrame":[765.879,228.283,41.221,-0.651,0,0.759,0,1,0,-0.759,0,-0.651],"_humanoidState":5,"_cameraCFrame":[767.037,250.125,37.401,-0.733,-0.67,0.118,0,0.174,0.985,-0.68,0.722,-0.127],"_shiftlockState":true,"_pose":"FreeFall","_animationQueue":[],"_animationSpeed":1,"_zoom":20.656},{"_mousePosition":[683,384],"_rootPartCFrame":[765.63,227.65,40.999,-0.61,0,0.793,0,1,0,-0.793,0,-0.61],"_humanoidState":5,"_cameraCFrame":[766.846,249.492,37.198,-0.722,-0.681,0.12,0,0.174,0.985,-0.691,0.711,-0.125],"_shiftlockState":true,"_pose":"FreeFall","_animationQueue":[],"_animationSpeed":1,"_zoom":20.656},{"_mousePosition":[683,384],"_rootPartCFrame":[765.483,227.23,40.864,-0.65,0,0.76,0,1,0,-0.76,0,-0.65],"_humanoidState":5,"_cameraCFrame":[766.756,249.072,37.081,-0.712,-0.692,0.122,0,0.174,0.985,-0.702,0.701,-0.124],"_shiftlockState":true,"_pose":"FreeFall","_animationQueue":[],"_animationSpeed":1,"_zoom":20.656},{"_mousePosition":[683,384],"_rootPartCFrame":[765.29,226.621,40.68,-0.612,0,0.791,0,1,0,-0.791,0,-0.612],"_humanoidState":5,"_cameraCFrame":[766.563,248.463,36.898,-0.712,-0.692,0.122,0,0.174,0.985,-0.702,0.701,-0.124],"_shiftlockState":true,"_pose":"FreeFall","_animationQueue":[],"_animationSpeed":1,"_zoom":20.656},{"_mousePosition":[683,384],"_rootPartCFrame":[765.099,225.958,40.493,-0.612,0,0.791,0,1,0,-0.791,0,-0.612],"_humanoidState":5,"_cameraCFrame":[766.392,247.8,36.717,-0.708,-0.695,0.123,0,0.174,0.985,-0.706,0.698,-0.123],"_shiftlockState":true,"_pose":"FreeFall","_animationQueue":[["fall",0.3]],"_animationSpeed":1,"_zoom":20.656},{"_mousePosition":[683,384],"_rootPartCFrame":[764.909,225.24,40.306,-0.608,0,0.794,0,1,0,-0.794,0,-0.608],"_humanoidState":5,"_cameraCFrame":[766.202,247.082,36.53,-0.708,-0.695,0.123,0,0.174,0.985,-0.706,0.698,-0.123],"_shiftlockState":true,"_pose":"FreeFall","_animationQueue":[],"_animationSpeed":1,"_zoom":20.656},{"_mousePosition":[683,384],"_rootPartCFrame":[764.72,224.468,40.118,-0.608,0,0.794,0,1,0,-0.794,0,-0.608],"_humanoidState":5,"_cameraCFrame":[765.965,246.31,36.326,-0.717,-0.686,0.121,0,0.174,0.985,-0.697,0.706,-0.125],"_shiftlockState":true,"_pose":"FreeFall","_animationQueue":[],"_animationSpeed":1,"_zoom":20.656},{"_mousePosition":[683,384],"_rootPartCFrame":[764.531,223.642,39.929,-0.693,0,0.721,0,1,0,-0.721,0,-0.693],"_humanoidState":7,"_cameraCFrame":[765.699,245.484,36.113,-0.731,-0.672,0.118,0,0.174,0.985,-0.682,0.72,-0.127],"_shiftlockState":true,"_pose":"FreeFall","_animationQueue":[["walk",0.1],["fall",0.3],["fall",0.3]],"_animationSpeed":1,"_zoom":20.656},{"_mousePosition":[683,384],"_rootPartCFrame":[764.341,223.244,39.743,-0.73,0,0.684,0,1,0,-0.684,0,-0.73],"_humanoidState":7,"_cameraCFrame":[765.45,245.087,35.91,-0.741,-0.661,0.117,0,0.174,0.985,-0.671,0.73,-0.129],"_shiftlockState":true,"_pose":"FreeFall","_animationQueue":[],"_animationSpeed":1,"_zoom":20.656},{"_mousePosition":[683,384],"_rootPartCFrame":[764.049,223.35,39.47,-0.741,0,0.671,0,1,0,-0.671,0,-0.741],"_humanoidState":8,"_cameraCFrame":[765.139,245.192,35.631,-0.745,-0.657,0.116,0,0.174,0.985,-0.667,0.733,-0.129],"_shiftlockState":true,"_pose":"Running","_animationQueue":[["walk",0.1],["fall",0.3],["walk",0.1]],"_animationSpeed":1.103,"_zoom":20.656},{"_mousePosition":[683,384],"_rootPartCFrame":[763.854,224.223,39.288,-0.745,0,0.667,0,1,0,-0.667,0,-0.745],"_humanoidState":3,"_cameraCFrame":[764.944,246.065,35.449,-0.745,-0.657,0.116,0,0.174,0.985,-0.667,0.733,-0.129],"_shiftlockState":true,"_pose":"Jumping","_animationQueue":[["walk",0.1],["walk",0.1],["jump",0.1]],"_animationSpeed":1,"_zoom":20.656},{"_mousePosition":[683,384],"_rootPartCFrame":[763.705,224.845,39.154,-0.702,0,0.713,0,1,0,-0.713,0,-0.702],"_humanoidState":5,"_cameraCFrame":[764.795,246.687,35.315,-0.745,-0.657,0.116,0,0.174,0.985,-0.667,0.733,-0.129],"_shiftlockState":true,"_pose":"FreeFall","_animationQueue":[["jump",0.1]],"_animationSpeed":1,"_zoom":20.656},{"_mousePosition":[683,384],"_rootPartCFrame":[763.507,225.626,38.976,-0.656,0,0.755,0,1,0,-0.755,0,-0.656],"_humanoidState":5,"_cameraCFrame":[764.587,247.468,35.134,-0.746,-0.655,0.116,0,0.174,0.985,-0.665,0.735,-0.13],"_shiftlockState":true,"_pose":"FreeFall","_animationQueue":[],"_animationSpeed":1,"_zoom":20.656},{"_mousePosition":[683,384],"_rootPartCFrame":[763.308,226.352,38.798,-0.652,0,0.758,0,1,0,-0.758,0,-0.652],"_humanoidState":5,"_cameraCFrame":[764.359,248.195,34.948,-0.751,-0.65,0.115,0,0.174,0.985,-0.66,0.74,-0.13],"_shiftlockState":true,"_pose":"FreeFall","_animationQueue":[],"_animationSpeed":1,"_zoom":20.656},{"_mousePosition":[683,384],"_rootPartCFrame":[763.109,227.025,38.62,-0.657,0,0.754,0,1,0,-0.754,0,-0.657],"_humanoidState":5,"_cameraCFrame":[764.092,248.867,34.752,-0.763,-0.637,0.112,0,0.174,0.985,-0.646,0.751,-0.133],"_shiftlockState":true,"_pose":"FreeFall","_animationQueue":[],"_animationSpeed":1,"_zoom":20.656},{"_mousePosition":[683,384],"_rootPartCFrame":[762.909,227.642,38.444,-0.67,0,0.742,0,1,0,-0.742,0,-0.67],"_humanoidState":5,"_cameraCFrame":[763.794,249.484,34.552,-0.779,-0.617,0.109,0,0.174,0.985,-0.627,0.767,-0.135],"_shiftlockState":true,"_pose":"FreeFall","_animationQueue":[],"_animationSpeed":1,"_zoom":20.656},{"_mousePosition":[683,384],"_rootPartCFrame":[762.706,228.205,38.271,-0.689,0,0.725,0,1,0,-0.725,0,-0.689],"_humanoidState":5,"_cameraCFrame":[763.442,250.048,34.349,-0.802,-0.588,0.104,0,0.174,0.985,-0.597,0.79,-0.139],"_shiftlockState":true,"_pose":"FreeFall","_animationQueue":[],"_animationSpeed":1,"_zoom":20.656},{"_mousePosition":[683,384],"_rootPartCFrame":[762.499,228.714,38.103,-0.716,0,0.698,0,1,0,-0.698,0,-0.716],"_humanoidState":5,"_cameraCFrame":[762.905,250.556,34.133,-0.849,-0.52,0.092,0,0.174,0.985,-0.528,0.836,-0.147],"_shiftlockState":true,"_pose":"FreeFall","_animationQueue":[],"_animationSpeed":1,"_zoom":20.656},{"_mousePosition":[683,384],"_rootPartCFrame":[762.286,229.168,37.943,-0.772,0,0.636,0,1,0,-0.636,0,-0.772],"_humanoidState":5,"_cameraCFrame":[762.42,251.01,33.954,-0.883,-0.461,0.081,0,0.174,0.985,-0.469,0.87,-0.153],"_shiftlockState":true,"_pose":"FreeFall","_animationQueue":[],"_animationSpeed":1,"_zoom":20.656},{"_mousePosition":[683,384],"_rootPartCFrame":[762.062,229.568,37.798,-0.813,0,0.582,0,1,0,-0.582,0,-0.813],"_humanoidState":5,"_cameraCFrame":[761.904,251.41,33.81,-0.915,-0.396,0.07,0,0.174,0.985,-0.403,0.902,-0.159],"_shiftlockState":true,"_pose":"FreeFall","_animationQueue":[],"_animationSpeed":1,"_zoom":20.656},{"_mousePosition":[683,384],"_rootPartCFrame":[761.828,229.913,37.67,-0.854,0,0.521,0,1,0,-0.521,0,-0.854],"_humanoidState":5,"_cameraCFrame":[761.388,251.755,33.704,-0.942,-0.332,0.058,0,0.174,0.985,-0.337,0.927,-0.164],"_shiftlockState":true,"_pose":"FreeFall","_animationQueue":[],"_animationSpeed":1,"_zoom":20.656},{"_mousePosition":[683,384],"_rootPartCFrame":[761.586,230.204,37.559,-0.889,0,0.459,0,1,0,-0.459,0,-0.889],"_humanoidState":5,"_cameraCFrame":[760.915,252.046,33.625,-0.96,-0.277,0.049,0,0.174,0.985,-0.281,0.945,-0.167],"_shiftlockState":true,"_pose":"FreeFall","_animationQueue":[],"_animationSpeed":1,"_zoom":20.656},{"_mousePosition":[683,384],"_rootPartCFrame":[761.336,230.44,37.466,-0.914,0,0.406,0,1,0,-0.406,0,-0.914],"_humanoidState":5,"_cameraCFrame":[760.497,252.282,33.564,-0.971,-0.236,0.042,0,0.174,0.985,-0.24,0.956,-0.169],"_shiftlockState":true,"_pose":"FreeFall","_animationQueue":[],"_animationSpeed":1,"_zoom":20.656},{"_mousePosition":[683,384],"_rootPartCFrame":[761.081,230.621,37.389,-0.93,0,0.367,0,1,0,-0.367,0,-0.93],"_humanoidState":5,"_cameraCFrame":[760.134,252.464,33.512,-0.977,-0.209,0.037,0,0.174,0.985,-0.213,0.962,-0.17],"_shiftlockState":true,"_pose":"FreeFall","_animationQueue":[],"_animationSpeed":1,"_zoom":20.656},{"_mousePosition":[683,384],"_rootPartCFrame":[760.822,230.748,37.323,-0.94,0,0.341,0,1,0,-0.341,0,-0.94],"_humanoidState":5,"_cameraCFrame":[759.777,252.591,33.471,-0.982,-0.185,0.033,0,0.174,0.985,-0.188,0.967,-0.171],"_shiftlockState":true,"_pose":"FreeFall","_animationQueue":[],"_animationSpeed":1,"_zoom":20.656},{"_mousePosition":[683,384],"_rootPartCFrame":[760.562,230.821,37.265,-0.949,0,0.317,0,1,0,-0.317,0,-0.949],"_humanoidState":5,"_cameraCFrame":[759.43,252.663,33.438,-0.986,-0.163,0.029,0,0.174,0.985,-0.165,0.971,-0.171],"_shiftlockState":true,"_pose":"FreeFall","_animationQueue":[],"_animationSpeed":1,"_zoom":20.656},{"_mousePosition":[683,384],"_rootPartCFrame":[760.3,230.839,37.214,-0.955,0,0.295,0,1,0,-0.295,0,-0.955],"_humanoidState":5,"_cameraCFrame":[759.081,252.681,33.414,-0.99,-0.141,0.025,0,0.174,0.985,-0.143,0.975,-0.172],"_shiftlockState":true,"_pose":"FreeFall","_animationQueue":[],"_animationSpeed":1,"_zoom":20.656},{"_mousePosition":[683,384],"_rootPartCFrame":[760.037,230.738,37.169,-0.984,0,0.177,0,1,0,-0.177,0,-0.984],"_humanoidState":7,"_cameraCFrame":[758.732,252.58,33.398,-0.993,-0.119,0.021,0,0.174,0.985,-0.12,0.978,-0.172],"_shiftlockState":true,"_pose":"FreeFall","_animationQueue":[["walk",0.1]],"_animationSpeed":1.103,"_zoom":20.656},{"_mousePosition":[683,384],"_rootPartCFrame":[759.774,230.575,37.13,-0.992,0,0.122,0,1,0,-0.122,0,-0.992],"_humanoidState":7,"_cameraCFrame":[758.392,252.418,33.386,-0.995,-0.099,0.017,0,0.174,0.985,-0.1,0.98,-0.173],"_shiftlockState":true,"_pose":"FreeFall","_animationQueue":[],"_animationSpeed":1.103,"_zoom":20.656},{"_mousePosition":[683,384],"_rootPartCFrame":[759.509,230.355,37.097,-0.995,0,0.1,0,1,0,-0.1,0,-0.995],"_humanoidState":8,"_cameraCFrame":[758.09,252.197,33.367,-0.996,-0.089,0.016,0,0.174,0.985,-0.09,0.981,-0.173],"_shiftlockState":true,"_pose":"Running","_animationQueue":[["walk",0.1],["walk",0.1]],"_animationSpeed":1.103,"_zoom":20.656},{"_mousePosition":[683,384],"_rootPartCFrame":[759.244,230.33,37.07,-0.996,0,0.09,0,1,0,-0.09,0,-0.996],"_humanoidState":8,"_cameraCFrame":[757.824,252.172,33.34,-0.996,-0.089,0.016,0,0.174,0.985,-0.09,0.981,-0.173],"_shiftlockState":true,"_pose":"Running","_animationQueue":[["walk",0.1]],"_animationSpeed":1.103,"_zoom":20.656},{"_mousePosition":[683,384],"_rootPartCFrame":[758.978,230.354,37.046,-0.996,0,0.09,0,1,0,-0.09,0,-0.996],"_humanoidState":8,"_cameraCFrame":[757.559,252.196,33.316,-0.996,-0.089,0.016,0,0.174,0.985,-0.09,0.981,-0.173],"_shiftlockState":true,"_pose":"Running","_animationQueue":[],"_animationSpeed":1.103,"_zoom":20.656},{"_mousePosition":[683,384],"_rootPartCFrame":[758.712,230.373,37.022,-0.996,0,0.09,0,1,0,-0.09,0,-0.996],"_humanoidState":8,"_cameraCFrame":[757.293,252.215,33.292,-0.996,-0.089,0.016,0,0.174,0.985,-0.09,0.981,-0.173],"_shiftlockState":true,"_pose":"Running","_animationQueue":[],"_animationSpeed":1.103,"_zoom":20.656},{"_mousePosition":[683,384],"_rootPartCFrame":[758.447,230.384,36.998,-0.996,0,0.09,0,1,0,-0.09,0,-0.996],"_humanoidState":8,"_cameraCFrame":[757.028,252.226,33.268,-0.996,-0.089,0.016,0,0.174,0.985,-0.09,0.981,-0.173],"_shiftlockState":true,"_pose":"Running","_animationQueue":[],"_animationSpeed":1.103,"_zoom":20.656},{"_mousePosition":[683,384],"_rootPartCFrame":[758.181,230.39,36.974,-0.996,0,0.09,0,1,0,-0.09,0,-0.996],"_humanoidState":8,"_cameraCFrame":[756.752,252.232,33.247,-0.996,-0.086,0.015,0,0.174,0.985,-0.088,0.981,-0.173],"_shiftlockState":true,"_pose":"Running","_animationQueue":[],"_animationSpeed":1.103,"_zoom":20.656},{"_mousePosition":[683,384],"_rootPartCFrame":[757.916,230.393,36.95,-0.996,0,0.088,0,1,0,-0.088,0,-0.996],"_humanoidState":8,"_cameraCFrame":[756.487,252.235,33.223,-0.996,-0.086,0.015,0,0.174,0.985,-0.088,0.981,-0.173],"_shiftlockState":true,"_pose":"Running","_animationQueue":[],"_animationSpeed":1.103,"_zoom":20.656},{"_mousePosition":[683,384],"_rootPartCFrame":[757.65,230.395,36.926,-0.996,0,0.088,0,1,0,-0.088,0,-0.996],"_humanoidState":8,"_cameraCFrame":[756.221,252.237,33.2,-0.996,-0.086,0.015,0,0.174,0.985,-0.088,0.981,-0.173],"_shiftlockState":true,"_pose":"Running","_animationQueue":[],"_animationSpeed":1.103,"_zoom":20.656},{"_mousePosition":[683,384],"_rootPartCFrame":[757.384,230.396,36.903,-0.996,0,0.088,0,1,0,-0.088,0,-0.996],"_humanoidState":8,"_cameraCFrame":[755.956,252.238,33.176,-0.996,-0.086,0.015,0,0.174,0.985,-0.088,0.981,-0.173],"_shiftlockState":true,"_pose":"Running","_animationQueue":[["walk",0.1]],"_animationSpeed":1.103,"_zoom":20.656},{"_mousePosition":[683,384],"_rootPartCFrame":[757.052,231.48,36.874,-0.996,0,0.088,0,1,0,-0.088,0,-0.996],"_humanoidState":3,"_cameraCFrame":[755.624,253.322,33.147,-0.996,-0.086,0.015,0,0.174,0.985,-0.088,0.981,-0.173],"_shiftlockState":true,"_pose":"Jumping","_animationQueue":[["walk",0.1],["jump",0.1]],"_animationSpeed":1,"_zoom":20.656},{"_mousePosition":[683,384],"_rootPartCFrame":[756.853,232.091,36.856,-0.989,0,0.15,0,1,0,-0.15,0,-0.989],"_humanoidState":5,"_cameraCFrame":[755.424,253.933,33.13,-0.996,-0.086,0.015,0,0.174,0.985,-0.088,0.981,-0.173],"_shiftlockState":true,"_pose":"FreeFall","_animationQueue":[["jump",0.1]],"_animationSpeed":1,"_zoom":20.656},{"_mousePosition":[683,384],"_rootPartCFrame":[756.587,232.859,36.833,-0.977,0,0.211,0,1,0,-0.211,0,-0.977],"_humanoidState":5,"_cameraCFrame":[755.159,254.701,33.106,-0.996,-0.086,0.015,0,0.174,0.985,-0.088,0.981,-0.173],"_shiftlockState":true,"_pose":"FreeFall","_animationQueue":[],"_animationSpeed":1,"_zoom":20.656},{"_mousePosition":[683,384],"_rootPartCFrame":[756.322,233.572,36.809,-0.976,0,0.218,0,1,0,-0.218,0,-0.976],"_humanoidState":5,"_cameraCFrame":[754.818,255.414,33.112,-0.998,-0.066,0.012,0,0.174,0.985,-0.067,0.983,-0.173],"_shiftlockState":true,"_pose":"FreeFall","_animationQueue":[],"_animationSpeed":1,"_zoom":20.656},{"_mousePosition":[683,384],"_rootPartCFrame":[755.99,234.386,36.78,-0.973,0,0.232,0,1,0,-0.232,0,-0.973],"_humanoidState":5,"_cameraCFrame":[754.384,256.228,33.127,-0.999,-0.039,0.007,0,0.174,0.985,-0.04,0.984,-0.174],"_shiftlockState":true,"_pose":"FreeFall","_animationQueue":[],"_animationSpeed":1,"_zoom":20.656},{"_mousePosition":[683,384],"_rootPartCFrame":[755.724,234.977,36.761,-0.985,0,0.172,0,1,0,-0.172,0,-0.985],"_humanoidState":5,"_cameraCFrame":[753.998,256.819,33.163,-1,-0.007,0.001,0,0.174,0.985,-0.007,0.985,-0.174],"_shiftlockState":true,"_pose":"FreeFall","_animationQueue":[],"_animationSpeed":1,"_zoom":20.656},{"_mousePosition":[683,384],"_rootPartCFrame":[755.457,235.513,36.75,-0.99,0,0.14,0,1,0,-0.14,0,-0.99],"_humanoidState":5,"_cameraCFrame":[753.579,257.355,33.228,-0.999,0.036,-0.006,0,0.174,0.985,0.036,0.984,-0.174],"_shiftlockState":true,"_pose":"FreeFall","_animationQueue":[],"_animationSpeed":1,"_zoom":20.656},{"_mousePosition":[683,384],"_rootPartCFrame":[755.191,235.994,36.746,-0.995,0,0.097,0,1,0,-0.097,0,-0.995],"_humanoidState":5,"_cameraCFrame":[753.136,257.836,33.325,-0.996,0.085,-0.015,0,0.174,0.985,0.087,0.981,-0.173],"_shiftlockState":true,"_pose":"FreeFall","_animationQueue":[],"_animationSpeed":1,"_zoom":20.656},{"_mousePosition":[683,384],"_rootPartCFrame":[754.924,236.421,36.754,-0.999,0,0.046,0,1,0,-0.046,0,-0.999],"_humanoidState":5,"_cameraCFrame":[752.683,258.263,33.452,-0.99,0.14,-0.025,0,0.174,0.985,0.142,0.975,-0.172],"_shiftlockState":true,"_pose":"FreeFall","_animationQueue":[],"_animationSpeed":1,"_zoom":20.656},{"_mousePosition":[683,384],"_rootPartCFrame":[754.658,236.793,36.775,-1,0,-0.009,0,1,0,0.009,0,-1],"_humanoidState":5,"_cameraCFrame":[752.245,258.635,33.597,-0.981,0.191,-0.034,0,0.174,0.985,0.194,0.966,-0.17],"_shiftlockState":true,"_pose":"FreeFall","_animationQueue":[],"_animationSpeed":1,"_zoom":20.656},{"_mousePosition":[683,384],"_rootPartCFrame":[754.394,237.111,36.811,-0.998,0,-0.062,0,1,0,0.062,0,-0.998],"_humanoidState":5,"_cameraCFrame":[751.823,258.953,33.759,-0.97,0.24,-0.042,0,0.174,0.985,0.244,0.955,-0.168],"_shiftlockState":true,"_pose":"FreeFall","_animationQueue":[],"_animationSpeed":1,"_zoom":20.656},{"_mousePosition":[683,384],"_rootPartCFrame":[754.067,237.432,36.874,-0.997,0,-0.08,0,1,0,0.08,0,-0.997],"_humanoidState":5,"_cameraCFrame":[751.328,259.26,33.873,-0.957,0.286,-0.051,0,0.177,0.984,0.29,0.942,-0.17],"_shiftlockState":true,"_pose":"FreeFall","_animationQueue":[],"_animationSpeed":1,"_zoom":20.656},{"_mousePosition":[683,384],"_rootPartCFrame":[753.872,237.583,36.921,-0.981,0,-0.193,0,1,0,0.193,0,-0.981],"_humanoidState":5,"_cameraCFrame":[751.019,259.397,33.929,-0.948,0.314,-0.058,0,0.181,0.983,0.319,0.932,-0.172],"_shiftlockState":true,"_pose":"FreeFall","_animationQueue":[],"_animationSpeed":1,"_zoom":20.656},{"_mousePosition":[683,384],"_rootPartCFrame":[753.617,237.738,36.996,-0.982,0,-0.19,0,1,0,0.19,0,-0.982],"_humanoidState":5,"_cameraCFrame":[750.718,259.551,34.049,-0.943,0.328,-0.06,0,0.181,0.983,0.333,0.927,-0.171],"_shiftlockState":true,"_pose":"FreeFall","_animationQueue":[],"_animationSpeed":1,"_zoom":20.656},{"_mousePosition":[683,384],"_rootPartCFrame":[753.364,237.838,37.08,-0.979,0,-0.205,0,1,0,0.205,0,-0.979],"_humanoidState":5,"_cameraCFrame":[750.465,259.651,34.132,-0.943,0.328,-0.06,0,0.181,0.983,0.333,0.927,-0.171],"_shiftlockState":true,"_pose":"FreeFall","_animationQueue":[],"_animationSpeed":1,"_zoom":20.656},{"_mousePosition":[683,384],"_rootPartCFrame":[753.112,237.883,37.168,-0.979,0,-0.205,0,1,0,0.205,0,-0.979],"_humanoidState":5,"_cameraCFrame":[750.213,259.697,34.221,-0.943,0.328,-0.06,0,0.181,0.983,0.333,0.927,-0.171],"_shiftlockState":true,"_pose":"FreeFall","_animationQueue":[],"_animationSpeed":1,"_zoom":20.656},{"_mousePosition":[683,384],"_rootPartCFrame":[752.86,237.874,37.257,-0.979,0,-0.205,0,1,0,0.205,0,-0.979],"_humanoidState":5,"_cameraCFrame":[749.962,259.688,34.31,-0.943,0.328,-0.06,0,0.181,0.983,0.333,0.927,-0.171],"_shiftlockState":true,"_pose":"FreeFall","_animationQueue":[],"_animationSpeed":1,"_zoom":20.656},{"_mousePosition":[683,384],"_rootPartCFrame":[752.609,237.765,37.346,-0.954,0,-0.3,0,1,0,0.3,0,-0.954],"_humanoidState":7,"_cameraCFrame":[749.71,259.579,34.399,-0.943,0.328,-0.06,0,0.181,0.983,0.333,0.927,-0.171],"_shiftlockState":true,"_pose":"FreeFall","_animationQueue":[["walk",0.1]],"_animationSpeed":1.103,"_zoom":20.656},{"_mousePosition":[683,384],"_rootPartCFrame":[752.358,237.598,37.435,-0.944,0,-0.331,0,1,0,0.331,0,-0.944],"_humanoidState":7,"_cameraCFrame":[749.459,259.412,34.487,-0.943,0.328,-0.06,0,0.181,0.983,0.333,0.927,-0.171],"_shiftlockState":true,"_pose":"FreeFall","_animationQueue":[["fall",0.3]],"_animationSpeed":1,"_zoom":20.656},{"_mousePosition":[683,384],"_rootPartCFrame":[752.106,237.373,37.524,-0.943,0,-0.333,0,1,0,0.333,0,-0.943],"_humanoidState":8,"_cameraCFrame":[749.215,259.187,34.569,-0.944,0.326,-0.06,0,0.181,0.983,0.331,0.928,-0.171],"_shiftlockState":true,"_pose":"Running","_animationQueue":[["walk",0.1],["fall",0.3],["walk",0.1]],"_animationSpeed":1.103,"_zoom":20.656},{"_mousePosition":[683,384],"_rootPartCFrame":[751.855,237.21,37.613,-0.944,0,-0.331,0,1,0,0.331,0,-0.944],"_humanoidState":8,"_cameraCFrame":[748.964,259.023,34.658,-0.944,0.326,-0.06,0,0.181,0.983,0.331,0.928,-0.171],"_shiftlockState":true,"_pose":"Running","_animationQueue":[],"_animationSpeed":1.103,"_zoom":20.656},{"_mousePosition":[683,384],"_rootPartCFrame":[751.603,237.233,37.701,-0.944,0,-0.331,0,1,0,0.331,0,-0.944],"_humanoidState":8,"_cameraCFrame":[748.712,259.046,34.746,-0.944,0.326,-0.06,0,0.181,0.983,0.331,0.928,-0.171],"_shiftlockState":true,"_pose":"Running","_animationQueue":[],"_animationSpeed":1.103,"_zoom":20.656},{"_mousePosition":[683,384],"_rootPartCFrame":[751.351,237.263,37.789,-0.944,0,-0.331,0,1,0,0.331,0,-0.944],"_humanoidState":8,"_cameraCFrame":[748.46,259.077,34.835,-0.944,0.326,-0.06,0,0.181,0.983,0.331,0.928,-0.171],"_shiftlockState":true,"_pose":"Running","_animationQueue":[],"_animationSpeed":1.103,"_zoom":20.656},{"_mousePosition":[683,384],"_rootPartCFrame":[751.1,237.282,37.878,-0.944,0,-0.331,0,1,0,0.331,0,-0.944],"_humanoidState":8,"_cameraCFrame":[748.194,259.096,34.938,-0.942,0.33,-0.061,0,0.181,0.983,0.336,0.926,-0.171],"_shiftlockState":true,"_pose":"Running","_animationQueue":[],"_animationSpeed":1.103,"_zoom":20.656},{"_mousePosition":[683,384],"_rootPartCFrame":[750.848,237.293,37.966,-0.942,0,-0.336,0,1,0,0.336,0,-0.942],"_humanoidState":8,"_cameraCFrame":[747.89,259.114,35.13,-0.934,0.351,-0.064,0,0.179,0.984,0.357,0.919,-0.168],"_shiftlockState":true,"_pose":"Running","_animationQueue":[["walk",0.1]],"_animationSpeed":1.103,"_zoom":20.656},{"_mousePosition":[683,384],"_rootPartCFrame":[750.597,237.299,38.055,-0.934,0,-0.357,0,1,0,0.357,0,-0.934],"_humanoidState":8,"_cameraCFrame":[747.56,259.141,35.466,-0.917,0.393,-0.069,0,0.174,0.985,0.399,0.903,-0.159],"_shiftlockState":true,"_pose":"Running","_animationQueue":[],"_animationSpeed":1.103,"_zoom":20.656},{"_mousePosition":[683,384],"_rootPartCFrame":[750.283,238.369,38.167,-0.917,0,-0.399,0,1,0,0.399,0,-0.917],"_humanoidState":3,"_cameraCFrame":[747.201,260.211,35.632,-0.91,0.409,-0.072,0,0.174,0.985,0.415,0.896,-0.158],"_shiftlockState":true,"_pose":"Jumping","_animationQueue":[["walk",0.1],["jump",0.1]],"_animationSpeed":1,"_zoom":20.656},{"_mousePosition":[683,384],"_rootPartCFrame":[750.099,238.97,38.244,-0.934,0,-0.358,0,1,0,0.358,0,-0.934],"_humanoidState":5,"_cameraCFrame":[746.886,260.812,35.876,-0.886,0.456,-0.08,0,0.174,0.985,0.463,0.873,-0.154],"_shiftlockState":true,"_pose":"FreeFall","_animationQueue":[["jump",0.1]],"_animationSpeed":1,"_zoom":20.656},{"_mousePosition":[683,384],"_rootPartCFrame":[749.856,239.724,38.354,-0.937,0,-0.349,0,1,0,0.349,0,-0.937],"_humanoidState":5,"_cameraCFrame":[746.561,261.566,36.101,-0.869,0.487,-0.086,0,0.174,0.985,0.494,0.856,-0.151],"_shiftlockState":true,"_pose":"FreeFall","_animationQueue":[],"_animationSpeed":1,"_zoom":20.656},{"_mousePosition":[683,384],"_rootPartCFrame":[749.618,240.423,38.476,-0.927,0,-0.375,0,1,0,0.375,0,-0.927],"_humanoidState":5,"_cameraCFrame":[746.257,262.265,36.324,-0.854,0.513,-0.09,0,0.174,0.985,0.52,0.841,-0.148],"_shiftlockState":true,"_pose":"FreeFall","_animationQueue":[],"_animationSpeed":1,"_zoom":20.656},{"_mousePosition":[683,384],"_rootPartCFrame":[749.386,241.068,38.607,-0.915,0,-0.403,0,1,0,0.403,0,-0.915],"_humanoidState":5,"_cameraCFrame":[745.982,262.91,36.523,-0.843,0.529,-0.093,0,0.174,0.985,0.538,0.83,-0.146],"_shiftlockState":true,"_pose":"FreeFall","_animationQueue":[],"_animationSpeed":1,"_zoom":20.656},{"_mousePosition":[683,384],"_rootPartCFrame":[749.157,241.658,38.744,-0.907,0,-0.421,0,1,0,0.421,0,-0.907],"_humanoidState":5,"_cameraCFrame":[745.727,263.501,36.704,-0.836,0.54,-0.095,0,0.174,0.985,0.548,0.824,-0.145],"_shiftlockState":true,"_pose":"FreeFall","_animationQueue":[],"_animationSpeed":1,"_zoom":20.656},{"_mousePosition":[683,384],"_rootPartCFrame":[748.932,242.194,38.887,-0.902,0,-0.432,0,1,0,0.432,0,-0.902],"_humanoidState":5,"_cameraCFrame":[745.459,264.03,36.849,-0.831,0.548,-0.098,0,0.176,0.984,0.557,0.818,-0.146],"_shiftlockState":true,"_pose":"FreeFall","_animationQueue":[],"_animationSpeed":1,"_zoom":20.656},{"_mousePosition":[683,384],"_rootPartCFrame":[748.709,242.676,39.033,-0.897,0,-0.441,0,1,0,0.441,0,-0.897],"_humanoidState":5,"_cameraCFrame":[745.211,264.511,37.039,-0.824,0.558,-0.1,0,0.176,0.984,0.567,0.811,-0.145],"_shiftlockState":true,"_pose":"FreeFall","_animationQueue":[],"_animationSpeed":1,"_zoom":20.656},{"_mousePosition":[683,384],"_rootPartCFrame":[748.487,243.103,39.181,-0.892,0,-0.453,0,1,0,0.453,0,-0.892],"_humanoidState":5,"_cameraCFrame":[744.959,264.938,37.24,-0.815,0.571,-0.102,0,0.176,0.984,0.58,0.802,-0.143],"_shiftlockState":true,"_pose":"FreeFall","_animationQueue":[],"_animationSpeed":1,"_zoom":20.656},{"_mousePosition":[683,384],"_rootPartCFrame":[748.267,243.475,39.332,-0.885,0,-0.466,0,1,0,0.466,0,-0.885],"_humanoidState":5,"_cameraCFrame":[744.701,265.31,37.463,-0.803,0.587,-0.105,0,0.176,0.984,0.596,0.791,-0.141],"_shiftlockState":true,"_pose":"FreeFall","_animationQueue":[],"_animationSpeed":1,"_zoom":20.656},{"_mousePosition":[683,384],"_rootPartCFrame":[748.049,243.793,39.486,-0.875,0,-0.484,0,1,0,0.484,0,-0.875],"_humanoidState":5,"_cameraCFrame":[744.446,265.628,37.689,-0.791,0.603,-0.107,0,0.176,0.984,0.612,0.778,-0.139],"_shiftlockState":true,"_pose":"FreeFall","_animationQueue":[],"_animationSpeed":1,"_zoom":20.656},{"_mousePosition":[683,384],"_rootPartCFrame":[747.835,244.056,39.644,-0.865,0,-0.502,0,1,0,0.502,0,-0.865],"_humanoidState":5,"_cameraCFrame":[744.195,265.892,37.921,-0.778,0.618,-0.11,0,0.176,0.984,0.628,0.766,-0.137],"_shiftlockState":true,"_pose":"FreeFall","_animationQueue":[],"_animationSpeed":1,"_zoom":20.656},{"_mousePosition":[683,384],"_rootPartCFrame":[747.624,244.265,39.807,-0.855,0,-0.519,0,1,0,0.519,0,-0.855],"_humanoidState":5,"_cameraCFrame":[743.958,266.1,38.139,-0.769,0.63,-0.112,0,0.176,0.984,0.64,0.757,-0.135],"_shiftlockState":true,"_pose":"FreeFall","_animationQueue":[],"_animationSpeed":1,"_zoom":20.656},{"_mousePosition":[683,384],"_rootPartCFrame":[747.416,244.42,39.973,-0.847,0,-0.532,0,1,0,0.532,0,-0.847],"_humanoidState":5,"_cameraCFrame":[743.742,266.255,38.324,-0.765,0.634,-0.113,0,0.176,0.984,0.644,0.753,-0.134],"_shiftlockState":true,"_pose":"FreeFall","_animationQueue":[],"_animationSpeed":1,"_zoom":20.656},{"_mousePosition":[683,384],"_rootPartCFrame":[747.21,244.52,40.144,-0.844,0,-0.536,0,1,0,0.536,0,-0.844],"_humanoidState":5,"_cameraCFrame":[743.537,266.355,38.495,-0.765,0.634,-0.113,0,0.176,0.984,0.644,0.753,-0.134],"_shiftlockState":true,"_pose":"FreeFall","_animationQueue":[],"_animationSpeed":1,"_zoom":20.656},{"_