[{"_mousePosition":[1027,365],"_rootPartCFrame":[776.034,222.959,47.142,-0.001,-0.006,1,0,1,0.006,-1,0,-0.001],"_humanoidState":8,"_cameraCFrame":[780.455,229.759,47.273,0.03,-0.767,0.641,0,0.641,0.767,-1,-0.023,0.019],"_shiftlockState":false,"_pose":"Standing","_animationQueue":[],"_animationSpeed":1,"_zoom":6.909},{"_mousePosition":[1011,366],"_rootPartCFrame":[775.522,222.674,47.127,0.007,0,1,0,1,0,-1,0,0.007],"_humanoidState":8,"_cameraCFrame":[779.952,229.475,47.258,0.03,-0.767,0.641,0,0.641,0.767,-1,-0.023,0.019],"_shiftlockState":false,"_pose":"Standing","_animationQueue":[],"_animationSpeed":1,"_zoom":6.909},{"_mousePosition":[993,368],"_rootPartCFrame":[775.255,222.654,47.119,0.01,0,1,0,1,0,-1,0,0.01],"_humanoidState":8,"_cameraCFrame":[779.685,229.454,47.25,0.03,-0.767,0.641,0,0.641,0.767,-1,-0.023,0.019],"_shiftlockState":false,"_pose":"Running","_animationQueue":[["walk",0.1]],"_animationSpeed":1.105,"_zoom":6.909},{"_mousePosition":[975,369],"_rootPartCFrame":[774.989,222.67,47.111,0.013,0,1,0,1,0,-1,0,0.013],"_humanoidState":8,"_cameraCFrame":[779.418,229.47,47.242,0.03,-0.767,0.641,0,0.641,0.767,-1,-0.023,0.019],"_shiftlockState":false,"_pose":"Running","_animationQueue":[],"_animationSpeed":1.105,"_zoom":6.909},{"_mousePosition":[946,369],"_rootPartCFrame":[774.722,222.683,47.103,0.015,0,1,0,1,0,-1,0,0.015],"_humanoidState":8,"_cameraCFrame":[779.152,229.483,47.234,0.03,-0.767,0.641,0,0.641,0.767,-1,-0.023,0.019],"_shiftlockState":false,"_pose":"Running","_animationQueue":[],"_animationSpeed":1.105,"_zoom":6.909},{"_mousePosition":[922,367],"_rootPartCFrame":[774.456,222.69,47.095,0.017,0,1,0,1,0,-1,0,0.017],"_humanoidState":8,"_cameraCFrame":[778.885,229.491,47.227,0.03,-0.767,0.641,0,0.641,0.767,-1,-0.023,0.019],"_shiftlockState":false,"_pose":"Running","_animationQueue":[],"_animationSpeed":1.105,"_zoom":6.909},{"_mousePosition":[887,363],"_rootPartCFrame":[774.189,222.695,47.087,0.019,0,1,0,1,0,-1,0,0.019],"_humanoidState":8,"_cameraCFrame":[778.619,229.495,47.219,0.03,-0.767,0.641,0,0.641,0.767,-1,-0.023,0.019],"_shiftlockState":false,"_pose":"Running","_animationQueue":[["walk",0.1]],"_animationSpeed":1.105,"_zoom":6.909},{"_mousePosition":[858,359],"_rootPartCFrame":[773.922,222.697,47.079,0.02,0,1,0,1,0,-1,0,0.02],"_humanoidState":8,"_cameraCFrame":[778.352,229.497,47.211,0.03,-0.767,0.641,0,0.641,0.767,-1,-0.023,0.019],"_shiftlockState":false,"_pose":"Running","_animationQueue":[],"_animationSpeed":1.105,"_zoom":6.909},{"_mousePosition":[816,353],"_rootPartCFrame":[773.656,222.698,47.071,0.022,0,1,0,1,0,-1,0,0.022],"_humanoidState":8,"_cameraCFrame":[778.086,229.499,47.203,0.03,-0.767,0.641,0,0.641,0.767,-1,-0.023,0.019],"_shiftlockState":false,"_pose":"Running","_animationQueue":[],"_animationSpeed":1.105,"_zoom":6.909},{"_mousePosition":[790,349],"_rootPartCFrame":[773.256,222.699,47.06,0.023,0,1,0,1,0,-1,0,0.023],"_humanoidState":8,"_cameraCFrame":[777.686,229.5,47.191,0.03,-0.767,0.641,0,0.641,0.767,-1,-0.023,0.019],"_shiftlockState":false,"_pose":"Running","_animationQueue":[],"_animationSpeed":1.105,"_zoom":6.909},{"_mousePosition":[751,344],"_rootPartCFrame":[773.123,222.699,47.056,0.024,0,1,0,1,0,-1,0,0.024],"_humanoidState":8,"_cameraCFrame":[777.552,229.5,47.187,0.03,-0.767,0.641,0,0.641,0.767,-1,-0.023,0.019],"_shiftlockState":false,"_pose":"Running","_animationQueue":[],"_animationSpeed":1.105,"_zoom":6.909},{"_mousePosition":[725,339],"_rootPartCFrame":[772.856,222.699,47.048,0.024,0,1,0,1,0,-1,0,0.024],"_humanoidState":8,"_cameraCFrame":[777.286,229.5,47.179,0.03,-0.767,0.641,0,0.641,0.767,-1,-0.023,0.019],"_shiftlockState":false,"_pose":"Running","_animationQueue":[],"_animationSpeed":1.105,"_zoom":6.909},{"_mousePosition":[692,333],"_rootPartCFrame":[772.589,222.7,47.04,0.025,0,1,0,1,0,-1,0,0.025],"_humanoidState":8,"_cameraCFrame":[777.019,229.5,47.171,0.03,-0.767,0.641,0,0.641,0.767,-1,-0.023,0.019],"_shiftlockState":false,"_pose":"Running","_animationQueue":[],"_animationSpeed":1.105,"_zoom":6.909},{"_mousePosition":[669,329],"_rootPartCFrame":[772.19,222.7,47.028,0.026,0,1,0,1,0,-1,0,0.026],"_humanoidState":8,"_cameraCFrame":[776.619,229.5,47.159,0.03,-0.767,0.641,0,0.641,0.767,-1,-0.023,0.019],"_shiftlockState":false,"_pose":"Running","_animationQueue":[["walk",0.1]],"_animationSpeed":1.105,"_zoom":6.909},{"_mousePosition":[636,320],"_rootPartCFrame":[772.056,222.7,47.024,0.026,0,1,0,1,0,-1,0,0.026],"_humanoidState":8,"_cameraCFrame":[776.486,229.5,47.155,0.03,-0.767,0.641,0,0.641,0.767,-1,-0.023,0.019],"_shiftlockState":false,"_pose":"Running","_animationQueue":[],"_animationSpeed":1.105,"_zoom":6.909},{"_mousePosition":[612,314],"_rootPartCFrame":[771.79,222.7,47.016,0.027,0,1,0,1,0,-1,0,0.027],"_humanoidState":8,"_cameraCFrame":[776.219,229.5,47.147,0.03,-0.767,0.641,0,0.641,0.767,-1,-0.023,0.019],"_shiftlockState":false,"_pose":"Running","_animationQueue":[],"_animationSpeed":1.105,"_zoom":6.909},{"_mousePosition":[579,309],"_rootPartCFrame":[771.523,222.7,47.008,0.027,0,1,0,1,0,-1,0,0.027],"_humanoidState":8,"_cameraCFrame":[775.953,229.5,47.14,0.03,-0.767,0.641,0,0.641,0.767,-1,-0.023,0.019],"_shiftlockState":false,"_pose":"Running","_animationQueue":[],"_animationSpeed":1.105,"_zoom":6.909},{"_mousePosition":[570,307],"_rootPartCFrame":[771.123,222.7,46.996,0.028,0,1,0,1,0,-1,0,0.028],"_humanoidState":8,"_cameraCFrame":[775.553,229.5,47.128,0.03,-0.767,0.641,0,0.641,0.767,-1,-0.023,0.019],"_shiftlockState":false,"_pose":"Running","_animationQueue":[],"_animationSpeed":1.105,"_zoom":6.909},{"_mousePosition":[562,307],"_rootPartCFrame":[770.99,222.7,46.992,0.028,0,1,0,1,0,-1,0,0.028],"_humanoidState":8,"_cameraCFrame":[775.419,229.5,47.124,0.03,-0.767,0.641,0,0.641,0.767,-1,-0.023,0.019],"_shiftlockState":false,"_pose":"Running","_animationQueue":[],"_animationSpeed":1.105,"_zoom":6.909},{"_mousePosition":[560,307],"_rootPartCFrame":[770.723,222.7,46.985,0.028,0,1,0,1,0,-1,0,0.028],"_humanoidState":8,"_cameraCFrame":[775.153,229.5,47.116,0.03,-0.767,0.641,0,0.641,0.767,-1,-0.023,0.019],"_shiftlockState":false,"_pose":"Running","_animationQueue":[],"_animationSpeed":1.105,"_zoom":6.909},{"_mousePosition":[560,307],"_rootPartCFrame":[770.457,222.7,46.977,0.028,0,1,0,1,0,-1,0,0.028],"_humanoidState":8,"_cameraCFrame":[774.886,229.5,47.108,0.03,-0.767,0.641,0,0.641,0.767,-1,-0.023,0.019],"_shiftlockState":false,"_pose":"Running","_animationQueue":[["walk",0.1]],"_animationSpeed":1.105,"_zoom":6.909},{"_mousePosition":[560,307],"_rootPartCFrame":[770.19,222.666,46.969,0.028,0,1,0,1,0,-1,0,0.028],"_humanoidState":8,"_cameraCFrame":[774.62,229.466,47.1,0.03,-0.767,0.641,0,0.641,0.767,-1,-0.023,0.019],"_shiftlockState":false,"_pose":"Running","_animationQueue":[],"_animationSpeed":1.105,"_zoom":6.909},{"_mousePosition":[560,307],"_rootPartCFrame":[769.923,222.577,46.961,0.029,0,1,0,1,0,-1,0,0.029],"_humanoidState":8,"_cameraCFrame":[774.353,229.377,47.092,0.03,-0.767,0.641,0,0.641,0.767,-1,-0.023,0.019],"_shiftlockState":false,"_pose":"Running","_animationQueue":[],"_animationSpeed":1.105,"_zoom":6.909},{"_mousePosition":[560,307],"_rootPartCFrame":[769.59,222.39,46.951,0.029,0,1,0,1,0,-1,0,0.029],"_humanoidState":8,"_cameraCFrame":[774.02,229.19,47.082,0.03,-0.767,0.641,0,0.641,0.767,-1,-0.023,0.019],"_shiftlockState":false,"_pose":"Running","_animationQueue":[],"_animationSpeed":1.105,"_zoom":6.909},{"_mousePosition":[560,307],"_rootPartCFrame":[769.39,222.236,46.945,0.029,0,1,0,1,0,-1,0,0.029],"_humanoidState":8,"_cameraCFrame":[773.82,229.037,47.076,0.03,-0.767,0.641,0,0.641,0.767,-1,-0.023,0.019],"_shiftlockState":false,"_pose":"Running","_animationQueue":[],"_animationSpeed":1.105,"_zoom":6.909},{"_mousePosition":[560,307],"_rootPartCFrame":[769.057,223.32,46.935,0.029,0,1,0,1,0,-1,0,0.029],"_humanoidState":3,"_cameraCFrame":[773.487,230.121,47.066,0.03,-0.767,0.641,0,0.641,0.767,-1,-0.023,0.019],"_shiftlockState":false,"_pose":"Jumping","_animationQueue":[["walk",0.1],["jump",0.1]],"_animationSpeed":1,"_zoom":6.909},{"_mousePosition":[560,307],"_rootPartCFrame":[768.857,223.932,46.929,0.029,0,1,0,1,0,-1,0,0.029],"_humanoidState":5,"_cameraCFrame":[773.278,230.739,47.051,0.028,-0.768,0.64,0,0.64,0.768,-1,-0.021,0.018],"_shiftlockState":false,"_pose":"FreeFall","_animationQueue":[["jump",0.1]],"_animationSpeed":1,"_zoom":6.909},{"_mousePosition":[560,307],"_rootPartCFrame":[768.524,224.882,46.919,0.029,0,1,0,1,0,-1,0,0.029],"_humanoidState":5,"_cameraCFrame":[772.928,231.704,47.031,0.025,-0.77,0.638,0,0.638,0.77,-1,-0.02,0.016],"_shiftlockState":false,"_pose":"FreeFall","_animationQueue":[],"_animationSpeed":1,"_zoom":6.909},{"_mousePosition":[560,307],"_rootPartCFrame":[768.324,225.412,46.914,0.029,0,1,0,1,0,-1,0,0.029],"_humanoidState":5,"_cameraCFrame":[772.698,232.259,47.016,0.023,-0.774,0.633,0,0.633,0.774,-1,-0.018,0.015],"_shiftlockState":false,"_pose":"FreeFall","_animationQueue":[],"_animationSpeed":1,"_zoom":6.909},{"_mousePosition":[560,307],"_rootPartCFrame":[768.057,226.071,46.907,0.029,0,1,0,1,0,-1,0,0.029],"_humanoidState":5,"_cameraCFrame":[772.402,232.942,46.99,0.019,-0.777,0.629,0,0.629,0.777,-1,-0.015,0.012],"_shiftlockState":false,"_pose":"FreeFall","_animationQueue":[],"_animationSpeed":1,"_zoom":6.909},{"_mousePosition":[560,307],"_rootPartCFrame":[767.791,226.675,46.901,0.028,0,1,0,1,0,-1,0,0.028],"_humanoidState":5,"_cameraCFrame":[772.092,233.581,46.969,0.016,-0.782,0.623,0,0.623,0.782,-1,-0.013,0.01],"_shiftlockState":false,"_pose":"FreeFall","_animationQueue":[],"_animationSpeed":1,"_zoom":6.909},{"_mousePosition":[560,307],"_rootPartCFrame":[767.457,227.353,46.894,0.027,0,1,0,1,0,-1,0,0.027],"_humanoidState":5,"_cameraCFrame":[771.72,234.29,46.949,0.013,-0.787,0.617,0,0.617,0.787,-1,-0.01,0.008],"_shiftlockState":false,"_pose":"FreeFall","_animationQueue":[],"_animationSpeed":1,"_zoom":6.909},{"_mousePosition":[560,307],"_rootPartCFrame":[767.257,227.719,46.891,0.026,0,1,0,1,0,-1,0,0.026],"_humanoidState":5,"_cameraCFrame":[771.48,234.687,46.936,0.011,-0.791,0.611,0,0.611,0.791,-1,-0.009,0.007],"_shiftlockState":false,"_pose":"FreeFall","_animationQueue":[],"_animationSpeed":1,"_zoom":6.909},{"_mousePosition":[560,307],"_rootPartCFrame":[766.991,228.16,46.887,0.024,0,1,0,1,0,-1,0,0.024],"_humanoidState":5,"_cameraCFrame":[771.187,235.148,46.932,0.011,-0.794,0.607,0,0.607,0.794,-1,-0.009,0.007],"_shiftlockState":false,"_pose":"FreeFall","_animationQueue":[],"_animationSpeed":1,"_zoom":6.909},{"_mousePosition":[560,307],"_rootPartCFrame":[766.724,228.546,46.884,0.023,0,1,0,1,0,-1,0,0.023],"_humanoidState":5,"_cameraCFrame":[770.903,235.548,46.925,0.01,-0.796,0.605,0,0.605,0.796,-1,-0.008,0.006],"_shiftlockState":false,"_pose":"FreeFall","_animationQueue":[],"_animationSpeed":1,"_zoom":6.909},{"_mousePosition":[560,307],"_rootPartCFrame":[766.458,228.877,46.881,0.021,0,1,0,1,0,-1,0,0.021],"_humanoidState":5,"_cameraCFrame":[770.636,235.879,46.922,0.01,-0.796,0.605,0,0.605,0.796,-1,-0.008,0.006],"_shiftlockState":false,"_pose":"FreeFall","_animationQueue":[],"_animationSpeed":1,"_zoom":6.909},{"_mousePosition":[560,307],"_rootPartCFrame":[766.191,229.154,46.879,0.019,0,1,0,1,0,-1,0,0.019],"_humanoidState":5,"_cameraCFrame":[770.365,236.159,46.919,0.01,-0.797,0.604,0,0.604,0.797,-1,-0.008,0.006],"_shiftlockState":false,"_pose":"FreeFall","_animationQueue":[],"_animationSpeed":1,"_zoom":6.909},{"_mousePosition":[560,307],"_rootPartCFrame":[765.924,229.377,46.876,0.018,0,1,0,1,0,-1,0,0.018],"_humanoidState":5,"_cameraCFrame":[770.094,236.385,46.917,0.01,-0.797,0.604,0,0.604,0.797,-1,-0.008,0.006],"_shiftlockState":false,"_pose":"FreeFall","_animationQueue":[],"_animationSpeed":1,"_zoom":6.909},{"_mousePosition":[560,307],"_rootPartCFrame":[765.658,229.545,46.873,0.017,0,1,0,1,0,-1,0,0.017],"_humanoidState":5,"_cameraCFrame":[769.819,236.56,46.914,0.01,-0.798,0.602,0,0.602,0.798,-1,-0.008,0.006],"_shiftlockState":false,"_pose":"FreeFall","_animationQueue":[],"_animationSpeed":1,"_zoom":6.909},{"_mousePosition":[560,307],"_rootPartCFrame":[765.325,229.678,46.87,0.016,0,1,0,1,0,-1,0,0.016],"_humanoidState":5,"_cameraCFrame":[769.481,236.697,46.911,0.01,-0.799,0.602,0,0.602,0.799,-1,-0.008,0.006],"_shiftlockState":false,"_pose":"FreeFall","_animationQueue":[],"_animationSpeed":1,"_zoom":6.909},{"_mousePosition":[560,307],"_rootPartCFrame":[765.125,229.717,46.868,0.015,0,1,0,1,0,-1,0,0.015],"_humanoidState":5,"_cameraCFrame":[769.277,236.739,46.909,0.01,-0.799,0.601,0,0.601,0.799,-1,-0.008,0.006],"_shiftlockState":false,"_pose":"FreeFall","_animationQueue":[],"_animationSpeed":1,"_zoom":6.909},{"_mousePosition":[560,307],"_rootPartCFrame":[764.858,229.722,46.866,0.014,0,1,0,1,0,-1,0,0.014],"_humanoidState":5,"_cameraCFrame":[769.01,236.744,46.906,0.01,-0.799,0.601,0,0.601,0.799,-1,-0.008,0.006],"_shiftlockState":false,"_pose":"FreeFall","_animationQueue":[["fall",0.3]],"_animationSpeed":1,"_zoom":6.909},{"_mousePosition":[560,307],"_rootPartCFrame":[764.591,229.672,46.863,0.014,0,1,0,1,0,-1,0,0.014],"_humanoidState":5,"_cameraCFrame":[768.744,236.694,46.904,0.01,-0.799,0.601,0,0.601,0.799,-1,-0.008,0.006],"_shiftlockState":false,"_pose":"FreeFall","_animationQueue":[],"_animationSpeed":1,"_zoom":6.909},{"_mousePosition":[560,307],"_rootPartCFrame":[764.325,229.567,46.861,0.013,0,1,0,1,0,-1,0,0.013],"_humanoidState":5,"_cameraCFrame":[768.477,236.589,46.901,0.01,-0.799,0.601,0,0.601,0.799,-1,-0.008,0.006],"_shiftlockState":false,"_pose":"FreeFall","_animationQueue":[],"_animationSpeed":1,"_zoom":6.909},{"_mousePosition":[560,307],"_rootPartCFrame":[764.058,229.408,46.858,0.013,0,1,0,1,0,-1,0,0.013],"_humanoidState":5,"_cameraCFrame":[768.206,236.434,46.898,0.01,-0.8,0.6,0,0.6,0.8,-1,-0.008,0.006],"_shiftlockState":false,"_pose":"FreeFall","_animationQueue":[],"_animationSpeed":1,"_zoom":6.909},{"_mousePosition":[560,307],"_rootPartCFrame":[763.725,229.133,46.855,0.012,0,1,0,1,0,-1,0,0.012],"_humanoidState":5,"_cameraCFrame":[767.873,236.158,46.895,0.01,-0.8,0.6,0,0.6,0.8,-1,-0.008,0.006],"_shiftlockState":false,"_pose":"FreeFall","_animationQueue":[],"_animationSpeed":1,"_zoom":6.909},{"_mousePosition":[560,307],"_rootPartCFrame":[763.525,228.927,46.853,0.012,0,1,0,1,0,-1,0,0.012],"_humanoidState":5,"_cameraCFrame":[767.673,235.952,46.893,0.01,-0.8,0.6,0,0.6,0.8,-1,-0.008,0.006],"_shiftlockState":false,"_pose":"FreeFall","_animationQueue":[],"_animationSpeed":1,"_zoom":6.909},{"_mousePosition":[560,307],"_rootPartCFrame":[763.192,228.515,46.849,0.011,0,1,0,1,0,-1,0,0.011],"_humanoidState":5,"_cameraCFrame":[767.339,235.541,46.89,0.01,-0.8,0.6,0,0.6,0.8,-1,-0.008,0.006],"_shiftlockState":false,"_pose":"FreeFall","_animationQueue":[["fall",0.3]],"_animationSpeed":1,"_zoom":6.909},{"_mousePosition":[560,307],"_rootPartCFrame":[762.725,227.796,46.845,0.011,0,1,0,1,0,-1,0,0.011],"_humanoidState":5,"_cameraCFrame":[766.868,234.825,46.898,0.013,-0.8,0.6,0,0.6,0.8,-1,-0.01,0.008],"_shiftlockState":false,"_pose":"FreeFall","_animationQueue":[],"_animationSpeed":1,"_zoom":6.909},{"_mousePosition":[560,307],"_rootPartCFrame":[762.392,227.18,46.842,0.011,0,1,0,1,0,-1,0,0.011],"_humanoidState":5,"_cameraCFrame":[766.52,234.219,46.964,0.03,-0.801,0.598,0,0.598,0.802,-1,-0.024,0.018],"_shiftlockState":false,"_pose":"FreeFall","_animationQueue":[],"_animationSpeed":1,"_zoom":6.909},{"_mousePosition":[560,307],"_rootPartCFrame":[762.125,226.626,46.838,0.011,0,1,0,1,0,-1,0,0.011],"_humanoidState":5,"_cameraCFrame":[766.232,233.678,47.046,0.051,-0.803,0.594,0,0.595,0.804,-0.999,-0.041,0.03],"_shiftlockState":false,"_pose":"FreeFall","_animationQueue":[],"_animationSpeed":1,"_zoom":6.909},{"_mousePosition":[560,307],"_rootPartCFrame":[761.925,226.175,46.833,0.012,0,1,0,1,0,-1,0,0.012],"_humanoidState":5,"_cameraCFrame":[766.015,233.233,47.165,0.081,-0.802,0.592,0,0.594,0.805,-0.997,-0.065,0.048],"_shiftlockState":false,"_pose":"FreeFall","_animationQueue":[],"_animationSpeed":1,"_zoom":6.909},{"_mousePosition":[560,307],"_rootPartCFrame":[761.659,225.525,46.82,0.016,0,1,0,1,0,-1,0,0.016],"_humanoidState":5,"_cameraCFrame":[765.731,232.59,47.25,0.105,-0.801,0.589,0,0.593,0.806,-0.994,-0.084,0.062],"_shiftlockState":false,"_pose":"FreeFall","_animationQueue":[],"_animationSpeed":1,"_zoom":6.909},{"_mousePosition":[560,307],"_rootPartCFrame":[761.393,224.821,46.8,0.024,0,1,0,1,0,-1,0,0.024],"_humanoidState":5,"_cameraCFrame":[765.447,231.89,47.339,0.132,-0.799,0.587,0,0.592,0.806,-0.991,-0.106,0.078],"_shiftlockState":false,"_pose":"FreeFall","_animationQueue":[["fall",0.3]],"_animationSpeed":1,"_zoom":6.909},{"_mousePosition":[560,307],"_rootPartCFrame":[761.128,224.063,46.773,0.034,0,0.999,0,1,0,-0.999,0,0.034],"_humanoidState":5,"_cameraCFrame":[765.175,231.131,47.363,0.144,-0.798,0.586,0,0.592,0.806,-0.99,-0.116,0.085],"_shiftlockState":false,"_pose":"FreeFall","_animationQueue":[],"_animationSpeed":1,"_zoom":6.909},{"_mousePosition":[560,307],"_rootPartCFrame":[760.864,223.948,46.739,0.046,0,0.999,0,1,0,-0.999,0,0.046],"_humanoidState":7,"_cameraCFrame":[764.909,231.017,47.342,0.147,-0.797,0.585,0,0.592,0.806,-0.989,-0.119,0.087],"_shiftlockState":false,"_pose":"FreeFall","_animationQueue":[["walk",0.1],["fall",0.3],["fall",0.3]],"_animationSpeed":1,"_zoom":6.909},{"_mousePosition":[560,307],"_rootPartCFrame":[760.601,223.946,46.701,0.059,0,0.998,0,1,0,-0.998,0,0.059],"_humanoidState":7,"_cameraCFrame":[764.646,231.014,47.304,0.147,-0.797,0.585,0,0.592,0.806,-0.989,-0.119,0.087],"_shiftlockState":false,"_pose":"FreeFall","_animationQueue":[],"_animationSpeed":1,"_zoom":6.909},{"_mousePosition":[560,307],"_rootPartCFrame":[760.273,223.802,46.653,0.074,0,0.997,0,1,0,-0.997,0,0.074],"_humanoidState":8,"_cameraCFrame":[764.318,230.87,47.255,0.147,-0.797,0.585,0,0.592,0.806,-0.989,-0.119,0.087],"_shiftlockState":false,"_pose":"Running","_animationQueue":[["walk",0.1],["fall",0.3],["walk",0.1]],"_animationSpeed":1.098,"_zoom":6.909},{"_mousePosition":[560,307],"_rootPartCFrame":[760.011,224.665,46.613,0.086,0,0.996,0,1,0,-0.996,0,0.086],"_humanoidState":3,"_cameraCFrame":[764.056,231.733,47.216,0.147,-0.797,0.585,0,0.592,0.806,-0.989,-0.119,0.087],"_shiftlockState":false,"_pose":"Jumping","_animationQueue":[["walk",0.1],["jump",0.1]],"_animationSpeed":1,"_zoom":6.909},{"_mousePosition":[560,307],"_rootPartCFrame":[759.747,225.473,46.574,0.095,0,0.995,0,1,0,-0.995,0,0.095],"_humanoidState":5,"_cameraCFrame":[763.792,232.542,47.177,0.147,-0.797,0.585,0,0.592,0.806,-0.989,-0.119,0.087],"_shiftlockState":false,"_pose":"FreeFall","_animationQueue":[["jump",0.1]],"_animationSpeed":1,"_zoom":6.909},{"_mousePosition":[560,307],"_rootPartCFrame":[759.417,226.407,46.525,0.105,0,0.995,0,1,0,-0.995,0,0.105],"_humanoidState":5,"_cameraCFrame":[763.463,233.475,47.128,0.147,-0.797,0.585,0,0.592,0.806,-0.989,-0.119,0.087],"_shiftlockState":false,"_pose":"FreeFall","_animationQueue":[],"_animationSpeed":1,"_zoom":6.909},{"_mousePosition":[560,307],"_rootPartCFrame":[759.22,226.926,46.496,0.109,0,0.994,0,1,0,-0.994,0,0.109],"_humanoidState":5,"_cameraCFrame":[763.265,233.995,47.098,0.147,-0.797,0.585,0,0.592,0.806,-0.989,-0.119,0.087],"_shiftlockState":false,"_pose":"FreeFall","_animationQueue":[],"_animationSpeed":1,"_zoom":6.909},{"_mousePosition":[560,307],"_rootPartCFrame":[758.956,227.571,46.456,0.115,0,0.993,0,1,0,-0.993,0,0.115],"_humanoidState":5,"_cameraCFrame":[763.001,234.64,47.059,0.147,-0.797,0.585,0,0.592,0.806,-0.989,-0.119,0.087],"_shiftlockState":false,"_pose":"FreeFall","_animationQueue":[],"_animationSpeed":1,"_zoom":6.909},{"_mousePosition":[560,307],"_rootPartCFrame":[758.692,228.162,46.417,0.119,0,0.993,0,1,0,-0.993,0,0.119],"_humanoidState":5,"_cameraCFrame":[762.737,235.23,47.02,0.147,-0.797,0.585,0,0.592,0.806,-0.989,-0.119,0.087],"_shiftlockState":false,"_pose":"FreeFall","_animationQueue":[],"_animationSpeed":1,"_zoom":6.909},{"_mousePosition":[560,307],"_rootPartCFrame":[758.429,228.698,46.378,0.123,0,0.992,0,1,0,-0.992,0,0.123],"_humanoidState":5,"_cameraCFrame":[762.474,235.766,46.981,0.147,-0.797,0.585,0,0.592,0.806,-0.989,-0.119,0.087],"_shiftlockState":false,"_pose":"FreeFall","_animationQueue":[],"_animationSpeed":1,"_zoom":6.909},{"_mousePosition":[560,307],"_rootPartCFrame":[758.165,229.179,46.338,0.127,0,0.992,0,1,0,-0.992,0,0.127],"_humanoidState":5,"_cameraCFrame":[762.21,236.247,46.941,0.147,-0.797,0.585,0,0.592,0.806,-0.989,-0.119,0.087],"_shiftlockState":false,"_pose":"FreeFall","_animationQueue":[],"_animationSpeed":1,"_zoom":6.909},{"_mousePosition":[560,307],"_rootPartCFrame":[757.901,229.606,46.299,0.13,0,0.992,0,1,0,-0.992,0,0.13],"_humanoidState":5,"_cameraCFrame":[761.946,236.674,46.902,0.147,-0.797,0.585,0,0.592,0.806,-0.989,-0.119,0.087],"_shiftlockState":false,"_pose":"FreeFall","_animationQueue":[],"_animationSpeed":1,"_zoom":6.909},{"_mousePosition":[560,307],"_rootPartCFrame":[757.638,229.978,46.26,0.132,0,0.991,0,1,0,-0.991,0,0.132],"_humanoidState":5,"_cameraCFrame":[761.683,237.047,46.863,0.147,-0.797,0.585,0,0.592,0.806,-0.989,-0.119,0.087],"_shiftlockState":false,"_pose":"FreeFall","_animationQueue":[],"_animationSpeed":1,"_zoom":6.909},{"_mousePosition":[560,307],"_rootPartCFrame":[757.374,230.296,46.22,0.134,0,0.991,0,1,0,-0.991,0,0.134],"_humanoidState":5,"_cameraCFrame":[761.419,237.365,46.823,0.147,-0.797,0.585,0,0.592,0.806,-0.989,-0.119,0.087],"_shiftlockState":false,"_pose":"FreeFall","_animationQueue":[],"_animationSpeed":1,"_zoom":6.909},{"_mousePosition":[560,307],"_rootPartCFrame":[757.11,230.56,46.181,0.136,0,0.991,0,1,0,-0.991,0,0.136],"_humanoidState":5,"_cameraCFrame":[761.155,237.628,46.784,0.147,-0.797,0.585,0,0.592,0.806,-0.989,-0.119,0.087],"_shiftlockState":false,"_pose":"FreeFall","_animationQueue":[],"_animationSpeed":1,"_zoom":6.909},{"_mousePosition":[560,307],"_rootPartCFrame":[756.847,230.768,46.142,0.138,0,0.99,0,1,0,-0.99,0,0.138],"_humanoidState":5,"_cameraCFrame":[760.892,237.837,46.745,0.147,-0.797,0.585,0,0.592,0.806,-0.989,-0.119,0.087],"_shiftlockState":false,"_pose":"FreeFall","_animationQueue":[],"_animationSpeed":1,"_zoom":6.909},{"_mousePosition":[560,307],"_rootPartCFrame":[756.583,230.923,46.102,0.139,0,0.99,0,1,0,-0.99,0,0.139],"_humanoidState":5,"_cameraCFrame":[760.629,237.991,46.697,0.145,-0.797,0.586,0,0.592,0.806,-0.989,-0.117,0.086],"_shiftlockState":false,"_pose":"FreeFall","_animationQueue":[],"_animationSpeed":1,"_zoom":6.909},{"_mousePosition":[560,307],"_rootPartCFrame":[756.319,231.023,46.063,0.14,0,0.99,0,1,0,-0.99,0,0.14],"_humanoidState":5,"_cameraCFrame":[760.368,238.091,46.641,0.141,-0.798,0.586,0,0.592,0.806,-0.99,-0.114,0.084],"_shiftlockState":false,"_pose":"FreeFall","_animationQueue":[],"_animationSpeed":1,"_zoom":6.909},{"_mousePosition":[560,307],"_rootPartCFrame":[756.055,231.068,46.024,0.141,0,0.99,0,1,0,-0.99,0,0.141],"_humanoidState":5,"_cameraCFrame":[760.108,238.137,46.572,0.134,-0.799,0.587,0,0.592,0.806,-0.991,-0.108,0.079],"_shiftlockState":false,"_pose":"FreeFall","_animationQueue":[["fall",0.3]],"_animationSpeed":1,"_zoom":6.909},{"_mousePosition":[560,307],"_rootPartCFrame":[755.792,231.059,45.986,0.141,0,0.99,0,1,0,-0.99,0,0.141],"_humanoidState":5,"_cameraCFrame":[759.849,238.128,46.496,0.125,-0.8,0.587,0,0.592,0.806,-0.992,-0.1,0.074],"_shiftlockState":false,"_pose":"FreeFall","_animationQueue":[],"_animationSpeed":1,"_zoom":6.909},{"_mousePosition":[560,307],"_rootPartCFrame":[755.527,230.995,45.95,0.141,0,0.99,0,1,0,-0.99,0,0.141],"_humanoidState":5,"_cameraCFrame":[759.591,238.067,46.375,0.104,-0.802,0.588,0,0.591,0.806,-0.995,-0.084,0.061],"_shiftlockState":false,"_pose":"FreeFall","_animationQueue":[],"_animationSpeed":1,"_zoom":6.909},{"_mousePosition":[560,307],"_rootPartCFrame":[755.197,230.839,45.909,0.138,0,0.99,0,1,0,-0.99,0,0.138],"_humanoidState":5,"_cameraCFrame":[759.255,237.918,46.285,0.092,-0.804,0.587,0,0.59,0.807,-0.996,-0.075,0.054],"_shiftlockState":false,"_pose":"FreeFall","_animationQueue":[],"_animationSpeed":1,"_zoom":6.909},{"_mousePosition":[560,307],"_rootPartCFrame":[754.998,230.705,45.887,0.136,0,0.991,0,1,0,-0.991,0,0.136],"_humanoidState":5,"_cameraCFrame":[759.032,237.806,46.185,0.074,-0.809,0.584,0,0.585,0.811,-0.997,-0.06,0.043],"_shiftlockState":false,"_pose":"FreeFall","_animationQueue":[],"_animationSpeed":1,"_zoom":6.909},{"_mousePosition":[560,307],"_rootPartCFrame":[754.666,230.412,45.856,0.129,0,0.992,0,1,0,-0.992,0,0.129],"_humanoidState":5,"_cameraCFrame":[758.685,237.527,46.097,0.06,-0.811,0.582,0,0.583,0.813,-0.998,-0.049,0.035],"_shiftlockState":false,"_pose":"FreeFall","_animationQueue":[],"_animationSpeed":1,"_zoom":6.909},{"_mousePosition":[560,307],"_rootPartCFrame":[754.466,230.196,45.84,0.124,0,0.992,0,1,0,-0.992,0,0.124],"_humanoidState":5,"_cameraCFrame":[758.461,237.33,46.034,0.048,-0.814,0.578,0,0.579,0.815,-0.999,-0.04,0.028],"_shiftlockState":false,"_pose":"FreeFall","_animationQueue":[],"_animationSpeed":1,"_zoom":6.909},{"_mousePosition":[560,307],"_rootPartCFrame":[754.134,229.767,45.82,0.114,0,0.994,0,1,0,-0.994,0,0.114],"_humanoidState":5,"_cameraCFrame":[758.112,236.914,45.979,0.04,-0.817,0.576,0,0.576,0.817,-0.999,-0.033,0.023],"_shiftlockState":false,"_pose":"FreeFall","_animationQueue":[["fall",0.3]],"_animationSpeed":1,"_zoom":6.909},{"_mousePosition":[560,307],"_rootPartCFrame":[753.934,229.469,45.81,0.107,0,0.994,0,1,0,-0.994,0,0.107],"_humanoidState":5,"_cameraCFrame":[757.89,236.632,45.948,0.035,-0.819,0.573,0,0.573,0.82,-0.999,-0.029,0.02],"_shiftlockState":false,"_pose":"FreeFall","_animationQueue":[],"_animationSpeed":1,"_zoom":6.909},{"_mousePosition":[560,307],"_rootPartCFrame":[753.601,228.904,45.796,0.096,0,0.995,0,1,0,-0.995,0,0.096],"_humanoidState":5,"_cameraCFrame":[757.544,236.077,45.917,0.031,-0.821,0.571,0,0.571,0.821,-1,-0.025,0.018],"_shiftlockState":false,"_pose":"FreeFall","_animationQueue":[],"_animationSpeed":1,"_zoom":6.909},{"_mousePosition":[560,307],"_rootPartCFrame":[753.401,228.525,45.789,0.09,0,0.996,0,1,0,-0.996,0,0.09],"_humanoidState":5,"_cameraCFrame":[757.326,235.709,45.889,0.025,-0.823,0.568,0,0.568,0.823,-1,-0.021,0.014],"_shiftlockState":false,"_pose":"FreeFall","_animationQueue":[],"_animationSpeed":1,"_zoom":6.909},{"_mousePosition":[560,307],"_rootPartCFrame":[753.068,227.823,45.778,0.08,0,0.997,0,1,0,-0.997,0,0.08],"_humanoidState":5,"_cameraCFrame":[756.984,235.015,45.866,0.022,-0.824,0.567,0,0.567,0.824,-1,-0.018,0.013],"_shiftlockState":false,"_pose":"FreeFall","_animationQueue":[],"_animationSpeed":1,"_zoom":6.909},{"_mousePosition":[560,307],"_rootPartCFrame":[752.868,227.362,45.773,0.074,0,0.997,0,1,0,-0.997,0,0.074],"_humanoidState":5,"_cameraCFrame":[756.771,234.563,45.848,0.019,-0.825,0.565,0,0.565,0.825,-1,-0.016,0.011],"_shiftlockState":false,"_pose":"FreeFall","_animationQueue":[],"_animationSpeed":1,"_zoom":6.909},{"_mousePosition":[560,307],"_rootPartCFrame":[752.574,227.268,45.766,0.066,0,0.998,0,1,0,-0.998,0,0.066],"_humanoidState":7,"_cameraCFrame":[756.468,234.475,45.829,0.016,-0.826,0.564,0,0.564,0.826,-1,-0.013,0.009],"_shiftlockState":false,"_pose":"FreeFall","_animationQueue":[["fall",0.3],["walk",0.1],["fall",0.3],["fall",0.3]],"_animationSpeed":1,"_zoom":6.909},{"_mousePosition":[560,307],"_rootPartCFrame":[752.401,227.268,45.763,0.061,0,0.998,0,1,0,-0.998,0,0.061],"_humanoidState":7,"_cameraCFrame":[756.276,234.487,45.813,0.013,-0.828,0.561,0,0.561,0.828,-1,-0.011,0.007],"_shiftlockState":false,"_pose":"FreeFall","_animationQueue":[],"_animationSpeed":1,"_zoom":6.909},{"_mousePosition":[560,307],"_rootPartCFrame":[752.105,227.268,45.758,0.053,0,0.999,0,1,0,-0.999,0,0.053],"_humanoidState":8,"_cameraCFrame":[755.962,234.499,45.8,0.011,-0.83,0.558,0,0.558,0.83,-1,-0.009,0.006],"_shiftlockState":false,"_pose":"Running","_animationQueue":[["walk",0.1],["fall",0.3],["walk",0.1]],"_animationSpeed":0.956,"_zoom":6.909},{"_mousePosition":[560,307],"_rootPartCFrame":[751.862,227.156,45.755,0.048,0,0.999,0,1,0,-0.999,0,0.048],"_humanoidState":8,"_cameraCFrame":[755.696,234.404,45.792,0.01,-0.832,0.555,0,0.555,0.832,-1,-0.008,0.005],"_shiftlockState":false,"_pose":"Running","_animationQueue":[],"_animationSpeed":0.956,"_zoom":6.909},{"_mousePosition":[560,307],"_rootPartCFrame":[751.618,227.146,45.752,0.043,0,0.999,0,1,0,-0.999,0,0.043],"_humanoidState":8,"_cameraCFrame":[755.429,234.409,45.781,0.008,-0.834,0.552,0,0.552,0.834,-1,-0.006,0.004],"_shiftlockState":false,"_pose":"Running","_animationQueue":[["walk",0.1]],"_animationSpeed":1.007,"_zoom":6.909},{"_mousePosition":[560,307],"_rootPartCFrame":[751.37,227.169,45.75,0.038,0,0.999,0,1,0,-0.999,0,0.038],"_humanoidState":8,"_cameraCFrame":[755.148,234.453,45.771,0.006,-0.837,0.547,0,0.547,0.837,-1,-0.005,0.003],"_shiftlockState":false,"_pose":"Running","_animationQueue":[],"_animationSpeed":1.007,"_zoom":6.909},{"_mousePosition":[560,307],"_rootPartCFrame":[751.121,227.196,45.748,0.034,0,0.999,0,1,0,-0.999,0,0.034],"_humanoidState":8,"_cameraCFrame":[754.857,234.507,45.761,0.003,-0.841,0.541,0,0.541,0.841,-1,-0.003,0.002],"_shiftlockState":false,"_pose":"Running","_animationQueue":[],"_animationSpeed":1.007,"_zoom":6.909},{"_mousePosition":[560,307],"_rootPartCFrame":[750.867,227.237,45.746,0.03,0,1,0,1,0,-1,0,0.03],"_humanoidState":8,"_cameraCFrame":[754.552,234.582,45.759,0.003,-0.846,0.533,0,0.533,0.846,-1,-0.003,0.002],"_shiftlockState":false,"_pose":"Running","_animationQueue":[["walk",0.1]],"_animationSpeed":1.007,"_zoom":6.909},{"_mousePosition":[560,307],"_rootPartCFrame":[750.61,227.292,45.745,0.027,0,1,0,1,0,-1,0,0.027],"_humanoidState":8,"_cameraCFrame":[754.238,234.672,45.762,0.004,-0.851,0.525,0,0.525,0.851,-1,-0.004,0.002],"_shiftlockState":false,"_pose":"Running","_animationQueue":[],"_animationSpeed":1.007,"_zoom":6.909},{"_mousePosition":[560,307],"_rootPartCFrame":[750.353,227.354,45.745,0.024,0,1,0,1,0,-1,0,0.024],"_humanoidState":8,"_cameraCFrame":[753.899,234.783,45.779,0.01,-0.858,0.513,0,0.513,0.858,-1,-0.008,0.005],"_shiftlockState":false,"_pose":"Running","_animationQueue":[["walk",0.1]],"_animationSpeed":1.066,"_zoom":6.909},{"_mousePosition":[560,307],"_rootPartCFrame":[750.095,227.42,45.743,0.021,0,1,0,1,0,-1,0,0.021],"_humanoidState":8,"_cameraCFrame":[753.584,234.883,45.792,0.014,-0.863,0.505,0,0.505,0.863,-1,-0.012,0.007],"_shiftlockState":false,"_pose":"Running","_animationQueue":[],"_animationSpeed":1.066,"_zoom":6.909},{"_mousePosition":[560,307],"_rootPartCFrame":[749.838,227.487,45.741,0.019,0,1,0,1,0,-1,0,0.019],"_humanoidState":8,"_cameraCFrame":[753.259,234.989,45.814,0.021,-0.869,0.495,0,0.495,0.869,-1,-0.018,0.011],"_shiftlockState":false,"_pose":"Running","_animationQueue":[],"_animationSpeed":1.066,"_zoom":6.909},{"_mousePosition":[560,307],"_rootPartCFrame":[749.58,227.555,45.738,0.019,0,1,0,1,0,-1,0,0.019],"_humanoidState":8,"_cameraCFrame":[752.947,235.087,45.83,0.028,-0.873,0.487,0,0.488,0.873,-1,-0.024,0.013],"_shiftlockState":false,"_pose":"Running","_animationQueue":[],"_animationSpeed":1.066,"_zoom":6.909},{"_mousePosition":[560,307],"_rootPartCFrame":[749.322,227.623,45.732,0.019,0,1,0,1,0,-1,0,0.019],"_humanoidState":8,"_cameraCFrame":[752.64,235.182,45.855,0.037,-0.876,0.48,0,0.481,0.877,-0.999,-0.032,0.018],"_shiftlockState":false,"_pose":"Running","_animationQueue":[],"_animationSpeed":1.066,"_zoom":6.909},{"_mousePosition":[560,307],"_rootPartCFrame":[749.065,227.692,45.725,0.02,0,1,0,1,0,-1,0,0.02],"_humanoidState":8,"_cameraCFrame":[752.343,235.272,45.867,0.043,-0.879,0.474,0,0.475,0.88,-0.999,-0.038,0.021],"_shiftlockState":false,"_pose":"Running","_animationQueue":[["walk",0.1]],"_animationSpeed":1.066,"_zoom":6.909},{"_mousePosition":[560,307],"_rootPartCFrame":[748.807,227.761,45.716,0.022,0,1,0,1,0,-1,0,0.022],"_humanoidState":8,"_cameraCFrame":[752.06,235.354,45.874,0.048,-0.881,0.471,0,0.471,0.882,-0.999,-0.043,0.023],"_shiftlockState":false,"_pose":"Running","_animationQueue":[],"_animationSpeed":1.066,"_zoom":6.909},{"_mousePosition":[560,307],"_rootPartCFrame":[748.486,228.844,45.704,0.025,0,1,0,1,0,-1,0,0.025],"_humanoidState":3,"_cameraCFrame":[751.733,236.44,45.865,0.05,-0.881,0.47,0,0.471,0.882,-0.999,-0.044,0.023],"_shiftlockState":false,"_pose":"Jumping","_animationQueue":[["walk",0.1],["jump",0.1]],"_animationSpeed":1,"_zoom":6.909},{"_mousePosition":[560,307],"_rootPartCFrame":[748.287,229.456,45.695,0.027,0,1,0,1,0,-1,0,0.027],"_humanoidState":5,"_cameraCFrame":[751.53,237.055,45.856,0.05,-0.882,0.469,0,0.47,0.883,-0.999,-0.044,0.023],"_shiftlockState":false,"_pose":"FreeFall","_animationQueue":[["jump",0.1]],"_animationSpeed":1,"_zoom":6.909},{"_mousePosition":[560,307],"_rootPartCFrame":[747.954,230.407,45.678,0.031,0,1,0,1,0,-1,0,0.031],"_humanoidState":5,"_cameraCFrame":[751.197,238.005,45.839,0.05,-0.882,0.469,0,0.47,0.883,-0.999,-0.044,0.023],"_shiftlockState":false,"_pose":"FreeFall","_animationQueue":[],"_animationSpeed":1,"_zoom":6.909},{"_mousePosition":[560,307],"_rootPartCFrame":[747.755,230.936,45.669,0.033,0,0.999,0,1,0,-0.999,0,0.033],"_humanoidState":5,"_cameraCFrame":[750.997,238.535,45.829,0.05,-0.882,0.469,0,0.47,0.883,-0.999,-0.044,0.023],"_shiftlockState":false,"_pose":"FreeFall","_animationQueue":[],"_animationSpeed":1,"_zoom":6.909},{"_mousePosition":[560,307],"_rootPartCFrame":[747.422,231.751,45.652,0.036,0,0.999,0,1,0,-0.999,0,0.036],"_humanoidState":5,"_cameraCFrame":[750.664,239.35,45.813,0.05,-0.882,0.469,0,0.47,0.883,-0.999,-0.044,0.023],"_shiftlockState":false,"_pose":"FreeFall","_animationQueue":[],"_animationSpeed":1,"_zoom":6.909},{"_mousePosition":[560,307],"_rootPartCFrame":[747.222,232.199,45.642,0.037,0,0.999,0,1,0,-0.999,0,0.037],"_humanoidState":5,"_cameraCFrame":[750.464,239.798,45.803,0.05,-0.882,0.469,0,0.47,0.883,-0.999,-0.044,0.023],"_shiftlockState":false,"_pose":"FreeFall","_animationQueue":[],"_animationSpeed":1,"_zoom":6.909},{"_mousePosition":[560,307],"_rootPartCFrame":[746.889,232.877,45.626,0.039,0,0.999,0,1,0,-0.999,0,0.039],"_humanoidState":5,"_cameraCFrame":[750.131,240.476,45.786,0.05,-0.882,0.469,0,0.47,0.883,-0.999,-0.044,0.023],"_shiftlockState":false,"_pose":"FreeFall","_animationQueue":[],"_animationSpeed":1,"_zoom":6.909},{"_mousePosition":[560,307],"_rootPartCFrame":[746.689,233.243,45.616,0.04,0,0.999,0,1,0,-0.999,0,0.04],"_humanoidState":5,"_cameraCFrame":[749.932,240.842,45.776,0.05,-0.882,0.469,0,0.47,0.883,-0.999,-0.044,0.023],"_shiftlockState":false,"_pose":"FreeFall","_animationQueue":[],"_animationSpeed":1,"_zoom":6.909},{"_mousePosition":[560,307],"_rootPartCFrame":[746.423,233.684,45.603,0.042,0,0.999,0,1,0,-0.999,0,0.042],"_humanoidState":5,"_cameraCFrame":[749.645,241.293,45.766,0.051,-0.883,0.466,0,0.467,0.884,-0.999,-0.045,0.024],"_shiftlockState":false,"_pose":"FreeFall","_animationQueue":[],"_animationSpeed":1,"_zoom":6.909},{"_mousePosition":[560,307],"_rootPartCFrame":[746.157,234.07,45.589,0.043,0,0.999,0,1,0,-0.999,0,0.043],"_humanoidState":5,"_cameraCFrame":[749.335,241.702,45.737,0.046,-0.887,0.46,0,0.461,0.888,-0.999,-0.041,0.021],"_shiftlockState":false,"_pose":"FreeFall","_animationQueue":[],"_animationSpeed":1,"_zoom":6.909},{"_mousePosition":[560,307],"_rootPartCFrame":[745.89,234.401,45.576,0.044,0,0.999,0,1,0,-0.999,0,0.044],"_humanoidState":5,"_cameraCFrame":[749.021,242.059,45.682,0.034,-0.891,0.453,0,0.453,0.891,-0.999,-0.03,0.015],"_shiftlockState":false,"_pose":"FreeFall","_animationQueue":[],"_animationSpeed":1,"_zoom":6.909},{"_mousePosition":[560,307],"_rootPartCFrame":[745.624,234.678,45.563,0.044,0,0.999,0,1,0,-0.999,0,0.044],"_humanoidState":5,"_cameraCFrame":[748.672,242.379,45.564,0,-0.897,0.441,0,0.441,0.897,-1,0,0],"_shiftlockState":false,"_pose":"FreeFall","_animationQueue":[],"_animationSpeed":1,"_zoom":6.909},{"_mousePosition":[560,307],"_rootPartCFrame":[745.291,234.948,45.552,0.043,0,0.999,0,1,0,-0.999,0,0.043],"_humanoidState":5,"_cameraCFrame":[748.24,242.694,45.407,-0.049,-0.903,0.427,0,0.427,0.904,-0.999,0.044,-0.021],"_shiftlockState":false,"_pose":"FreeFall","_animationQueue":[],"_animationSpeed":1,"_zoom":6.909},{"_mousePosition":[560,307],"_rootPartCFrame":[745.091,235.069,45.55,0.04,0,0.999,0,1,0,-0.999,0,0.04],"_humanoidState":5,"_cameraCFrame":[747.87,242.88,45.132,-0.149,-0.903,0.402,0,0.407,0.914,-0.989,0.136,-0.061],"_shiftlockState":false,"_pose":"FreeFall","_animationQueue":[],"_animationSpeed":1,"_zoom":6.909},{"_mousePosition":[560,307],"_rootPartCFrame":[744.758,235.202,45.565,0.028,0,1,0,1,0,-1,0,0.028],"_humanoidState":5,"_cameraCFrame":[747.377,243.06,44.893,-0.248,-0.891,0.379,0,0.391,0.92,-0.969,0.229,-0.097],"_shiftlockState":false,"_pose":"FreeFall","_animationQueue":[],"_animationSpeed":1,"_zoom":6.909},{"_mousePosition":[560,307],"_rootPartCFrame":[744.559,235.241,45.588,0.013,0,1,0,1,0,-1,0,0.013],"_humanoidState":5,"_cameraCFrame":[746.9,243.149,44.49,-0.425,-0.84,0.339,0,0.374,0.927,-0.905,0.394,-0.159],"_shiftlockState":false,"_pose":"FreeFall","_animationQueue":[],"_animationSpeed":1,"_zoom":6.909},{"_mousePosition":[560,307],"_rootPartCFrame":[744.174,235.228,45.592,0.087,0,0.996,0,1,0,-0.996,0,0.087],"_humanoidState":5,"_cameraCFrame":[746.284,243.162,44.219,-0.545,-0.781,0.305,0,0.364,0.931,-0.838,0.508,-0.199],"_shiftlockState":false,"_pose":"FreeFall","_animationQueue":[],"_animationSpeed":1,"_zoom":6.909},{"_mousePosition":[560,307],"_rootPartCFrame":[744.048,235.196,45.574,0.111,0,0.994,0,1,0,-0.994,0,0.111],"_humanoidState":5,"_cameraCFrame":[745.751,243.174,43.879,-0.705,-0.665,0.247,0,0.348,0.938,-0.709,0.661,-0.245],"_shiftlockState":false,"_pose":"FreeFall","_animationQueue":[],"_animationSpeed":1,"_zoom":6.909},{"_mousePosition":[560,307],"_rootPartCFrame":[743.723,235.057,45.507,0.138,0,0.99,0,1,0,-0.99,0,0.138],"_humanoidState":5,"_cameraCFrame":[745.117,243.067,43.66,-0.798,-0.568,0.202,0,0.335,0.942,-0.602,0.752,-0.267],"_shiftlockState":false,"_pose":"FreeFall","_animationQueue":[["fall",0.3]],"_animationSpeed":1,"_zoom":6.909},{"_mousePosition":[560,307],"_rootPartCFrame":[743.526,234.933,45.481,0.134,0,0.991,0,1,0,-0.991,0,0.134],"_humanoidState":5,"_cameraCFrame":[744.467,242.996,43.541,-0.9,-0.415,0.136,0,0.312,0.95,-0.436,0.855,-0.281],"_shiftlockState":false,"_pose":"FreeFall","_animationQueue":[],"_animationSpeed":1,"_zoom":6.909},{"_mousePosition":[560,307],"_rootPartCFrame":[743.209,234.657,45.414,0.192,0,0.981,0,1,0,-0.981,0,0.192],"_humanoidState":5,"_cameraCFrame":[743.968,242.742,43.464,-0.932,-0.346,0.11,0,0.303,0.953,-0.363,0.888,-0.282],"_shiftlockState":false,"_pose":"FreeFall","_animationQueue":[],"_animationSpeed":1,"_zoom":6.909},{"_mousePosition":[560,307],"_rootPartCFrame":[743.026,234.451,45.345,0.225,0,0.974,0,1,0,-0.974,0,0.225],"_humanoidState":5,"_cameraCFrame":[743.573,242.564,43.419,-0.962,-0.262,0.079,0,0.29,0.957,-0.273,0.921,-0.279],"_shiftlockState":false,"_pose":"FreeFall","_animationQueue":[],"_animationSpeed":1,"_zoom":6.909},{"_mousePosition":[560,307],"_rootPartCFrame":[742.717,234.039,45.224,0.255,0,0.967,0,1,0,-0.967,0,0.255],"_humanoidState":5,"_cameraCFrame":[743.153,242.165,43.313,-0.975,-0.213,0.063,0,0.284,0.959,-0.223,0.935,-0.276],"_shiftlockState":false,"_pose":"FreeFall","_animationQueue":[],"_animationSpeed":1,"_zoom":6.909},{"_mousePosition":[560,307],"_rootPartCFrame":[742.526,233.752,45.164,0.262,0,0.965,0,1,0,-0.965,0,0.262],"_humanoidState":5,"_cameraCFrame":[742.878,242.105,43.21,-0.984,-0.17,0.049,0,0.278,0.961,-0.177,0.945,-0.274],"_shiftlockState":false,"_pose":"FreeFall","_animationQueue":[],"_animationSpeed":1,"_zoom":9.136},{"_mousePosition":[560,307],"_rootPartCFrame":[742.202,233.204,45.087,0.259,0,0.966,0,1,0,-0.966,0,0.259],"_humanoidState":5,"_cameraCFrame":[742.534,241.857,43.061,-0.987,-0.156,0.045,0,0.276,0.961,-0.162,0.949,-0.272],"_shiftlockState":false,"_pose":"FreeFall","_animationQueue":[["fall",0.3]],"_animationSpeed":1,"_zoom":9.136},{"_mousePosition":[560,307],"_rootPartCFrame":[742.005,232.834,45.05,0.253,0,0.968,0,1,0,-0.968,0,0.253],"_humanoidState":5,"_cameraCFrame":[