[{"_mousePosition":[529,438],"_rootPartCFrame":[776.034,222.7,47.142,-0.001,0,1,0,1,0,-1,0,-0.001],"_humanoidState":8,"_cameraCFrame":[782.678,243.757,46.943,-0.03,-0.946,0.322,0,0.322,0.947,-1,0.028,-0.01],"_shiftlockState":false,"_pose":"Standing","_animationQueue":[],"_animationSpeed":1,"_zoom":20.656},{"_mousePosition":[529,438],"_rootPartCFrame":[775.788,222.7,47.15,-0.005,0,1,0,1,0,-1,0,-0.005],"_humanoidState":8,"_cameraCFrame":[782.431,243.757,46.951,-0.03,-0.946,0.322,0,0.322,0.947,-1,0.028,-0.01],"_shiftlockState":false,"_pose":"Standing","_animationQueue":[],"_animationSpeed":1,"_zoom":20.656},{"_mousePosition":[529,438],"_rootPartCFrame":[775.522,222.7,47.158,-0.009,0,1,0,1,0,-1,0,-0.009],"_humanoidState":8,"_cameraCFrame":[782.166,243.757,46.959,-0.03,-0.946,0.322,0,0.322,0.947,-1,0.028,-0.01],"_shiftlockState":false,"_pose":"Running","_animationQueue":[["walk",0.1]],"_animationSpeed":1.066,"_zoom":20.656},{"_mousePosition":[529,438],"_rootPartCFrame":[775.255,222.7,47.166,-0.012,0,1,0,1,0,-1,0,-0.012],"_humanoidState":8,"_cameraCFrame":[781.861,243.77,46.984,-0.027,-0.947,0.32,0,0.32,0.947,-1,0.026,-0.009],"_shiftlockState":false,"_pose":"Running","_animationQueue":[],"_animationSpeed":1.066,"_zoom":20.656},{"_mousePosition":[529,438],"_rootPartCFrame":[774.989,222.7,47.174,-0.014,0,1,0,1,0,-1,0,-0.014],"_humanoidState":8,"_cameraCFrame":[781.519,243.796,47.011,-0.025,-0.948,0.316,0,0.316,0.949,-1,0.024,-0.008],"_shiftlockState":false,"_pose":"Running","_animationQueue":[],"_animationSpeed":1.066,"_zoom":20.656},{"_mousePosition":[529,438],"_rootPartCFrame":[774.722,222.7,47.181,-0.016,0,1,0,1,0,-1,0,-0.016],"_humanoidState":8,"_cameraCFrame":[781.176,243.821,47.037,-0.022,-0.95,0.312,0,0.313,0.95,-1,0.021,-0.007],"_shiftlockState":false,"_pose":"Running","_animationQueue":[],"_animationSpeed":1.066,"_zoom":20.656},{"_mousePosition":[529,438],"_rootPartCFrame":[774.456,222.7,47.188,-0.017,0,1,0,1,0,-1,0,-0.017],"_humanoidState":8,"_cameraCFrame":[780.834,243.846,47.061,-0.02,-0.951,0.309,0,0.309,0.951,-1,0.019,-0.006],"_shiftlockState":false,"_pose":"Running","_animationQueue":[],"_animationSpeed":1.066,"_zoom":20.656},{"_mousePosition":[529,438],"_rootPartCFrame":[774.189,222.7,47.194,-0.018,0,1,0,1,0,-1,0,-0.018],"_humanoidState":8,"_cameraCFrame":[780.529,243.858,47.068,-0.02,-0.952,0.307,0,0.307,0.952,-1,0.019,-0.006],"_shiftlockState":false,"_pose":"Running","_animationQueue":[],"_animationSpeed":1.066,"_zoom":20.656},{"_mousePosition":[529,438],"_rootPartCFrame":[773.922,222.7,47.199,-0.018,0,1,0,1,0,-1,0,-0.018],"_humanoidState":8,"_cameraCFrame":[780.186,243.883,47.091,-0.017,-0.953,0.303,0,0.303,0.953,-1,0.016,-0.005],"_shiftlockState":false,"_pose":"Running","_animationQueue":[["walk",0.1]],"_animationSpeed":1.066,"_zoom":20.656},{"_mousePosition":[529,438],"_rootPartCFrame":[773.656,222.7,47.204,-0.018,0,1,0,1,0,-1,0,-0.018],"_humanoidState":8,"_cameraCFrame":[779.919,243.883,47.096,-0.017,-0.953,0.303,0,0.303,0.953,-1,0.016,-0.005],"_shiftlockState":false,"_pose":"Running","_animationQueue":[],"_animationSpeed":1.066,"_zoom":20.656},{"_mousePosition":[529,438],"_rootPartCFrame":[773.389,222.7,47.209,-0.018,0,1,0,1,0,-1,0,-0.018],"_humanoidState":8,"_cameraCFrame":[779.614,243.895,47.117,-0.015,-0.953,0.301,0,0.301,0.953,-1,0.014,-0.004],"_shiftlockState":false,"_pose":"Running","_animationQueue":[],"_animationSpeed":1.066,"_zoom":20.656},{"_mousePosition":[529,438],"_rootPartCFrame":[773.123,222.7,47.214,-0.018,0,1,0,1,0,-1,0,-0.018],"_humanoidState":8,"_cameraCFrame":[779.309,243.907,47.122,-0.015,-0.954,0.3,0,0.3,0.954,-1,0.014,-0.004],"_shiftlockState":false,"_pose":"Running","_animationQueue":[],"_animationSpeed":1.066,"_zoom":20.656},{"_mousePosition":[529,438],"_rootPartCFrame":[772.856,222.7,47.218,-0.018,0,1,0,1,0,-1,0,-0.018],"_humanoidState":8,"_cameraCFrame":[779.004,243.919,47.127,-0.015,-0.955,0.298,0,0.298,0.955,-1,0.014,-0.004],"_shiftlockState":false,"_pose":"Running","_animationQueue":[],"_animationSpeed":1.066,"_zoom":20.656},{"_mousePosition":[529,438],"_rootPartCFrame":[772.589,222.7,47.222,-0.017,0,1,0,1,0,-1,0,-0.017],"_humanoidState":8,"_cameraCFrame":[778.7,243.931,47.147,-0.012,-0.955,0.296,0,0.296,0.955,-1,0.012,-0.004],"_shiftlockState":false,"_pose":"Running","_animationQueue":[],"_animationSpeed":1.066,"_zoom":20.656},{"_mousePosition":[529,438],"_rootPartCFrame":[772.323,222.717,47.226,-0.017,0,1,0,1,0,-1,0,-0.017],"_humanoidState":8,"_cameraCFrame":[778.433,243.948,47.151,-0.012,-0.955,0.296,0,0.296,0.955,-1,0.012,-0.004],"_shiftlockState":false,"_pose":"Running","_animationQueue":[["walk",0.1]],"_animationSpeed":1.066,"_zoom":20.656},{"_mousePosition":[529,438],"_rootPartCFrame":[772.056,222.748,47.229,-0.016,0,1,0,1,0,-1,0,-0.016],"_humanoidState":8,"_cameraCFrame":[778.166,243.98,47.154,-0.012,-0.955,0.296,0,0.296,0.955,-1,0.012,-0.004],"_shiftlockState":false,"_pose":"Running","_animationQueue":[],"_animationSpeed":1.066,"_zoom":20.656},{"_mousePosition":[529,438],"_rootPartCFrame":[771.79,222.744,47.232,-0.016,0,1,0,1,0,-1,0,-0.016],"_humanoidState":8,"_cameraCFrame":[777.9,243.976,47.157,-0.012,-0.955,0.296,0,0.296,0.955,-1,0.012,-0.004],"_shiftlockState":false,"_pose":"Running","_animationQueue":[],"_animationSpeed":1.066,"_zoom":20.656},{"_mousePosition":[529,438],"_rootPartCFrame":[771.456,223.814,47.236,-0.015,0,1,0,1,0,-1,0,-0.015],"_humanoidState":3,"_cameraCFrame":[777.567,245.046,47.161,-0.012,-0.955,0.296,0,0.296,0.955,-1,0.012,-0.004],"_shiftlockState":false,"_pose":"Jumping","_animationQueue":[["walk",0.1],["jump",0.1]],"_animationSpeed":1,"_zoom":20.656},{"_mousePosition":[529,438],"_rootPartCFrame":[771.256,224.415,47.239,-0.015,0,1,0,1,0,-1,0,-0.015],"_humanoidState":5,"_cameraCFrame":[777.328,245.659,47.164,-0.012,-0.956,0.294,0,0.294,0.956,-1,0.012,-0.004],"_shiftlockState":false,"_pose":"FreeFall","_animationQueue":[["jump",0.1]],"_animationSpeed":1,"_zoom":20.656},{"_mousePosition":[529,438],"_rootPartCFrame":[770.99,225.169,47.242,-0.014,0,1,0,1,0,-1,0,-0.014],"_humanoidState":5,"_cameraCFrame":[777.023,246.424,47.168,-0.012,-0.956,0.292,0,0.292,0.956,-1,0.012,-0.004],"_shiftlockState":false,"_pose":"FreeFall","_animationQueue":[],"_animationSpeed":1,"_zoom":20.656},{"_mousePosition":[529,438],"_rootPartCFrame":[770.723,225.869,47.245,-0.014,0,1,0,1,0,-1,0,-0.014],"_humanoidState":5,"_cameraCFrame":[776.757,247.124,47.187,-0.01,-0.956,0.292,0,0.292,0.956,-1,0.009,-0.003],"_shiftlockState":false,"_pose":"FreeFall","_animationQueue":[],"_animationSpeed":1,"_zoom":20.656},{"_mousePosition":[529,438],"_rootPartCFrame":[770.457,226.514,47.249,-0.014,0,1,0,1,0,-1,0,-0.014],"_humanoidState":5,"_cameraCFrame":[776.451,247.781,47.19,-0.01,-0.957,0.29,0,0.29,0.957,-1,0.009,-0.003],"_shiftlockState":false,"_pose":"FreeFall","_animationQueue":[],"_animationSpeed":1,"_zoom":20.656},{"_mousePosition":[529,438],"_rootPartCFrame":[770.19,227.104,47.251,-0.013,0,1,0,1,0,-1,0,-0.013],"_humanoidState":5,"_cameraCFrame":[776.185,248.371,47.208,-0.007,-0.957,0.29,0,0.29,0.957,-1,0.007,-0.002],"_shiftlockState":false,"_pose":"FreeFall","_animationQueue":[],"_animationSpeed":1,"_zoom":20.656},{"_mousePosition":[529,438],"_rootPartCFrame":[769.923,227.64,47.254,-0.013,0,1,0,1,0,-1,0,-0.013],"_humanoidState":5,"_cameraCFrame":[775.918,248.907,47.211,-0.007,-0.957,0.29,0,0.29,0.957,-1,0.007,-0.002],"_shiftlockState":false,"_pose":"FreeFall","_animationQueue":[],"_animationSpeed":1,"_zoom":20.656},{"_mousePosition":[529,438],"_rootPartCFrame":[769.657,228.121,47.256,-0.012,0,1,0,1,0,-1,0,-0.012],"_humanoidState":5,"_cameraCFrame":[775.652,249.388,47.213,-0.007,-0.957,0.29,0,0.29,0.957,-1,0.007,-0.002],"_shiftlockState":false,"_pose":"FreeFall","_animationQueue":[],"_animationSpeed":1,"_zoom":20.656},{"_mousePosition":[529,438],"_rootPartCFrame":[769.39,228.548,47.258,-0.012,0,1,0,1,0,-1,0,-0.012],"_humanoidState":5,"_cameraCFrame":[775.385,249.815,47.215,-0.007,-0.957,0.29,0,0.29,0.957,-1,0.007,-0.002],"_shiftlockState":false,"_pose":"FreeFall","_animationQueue":[],"_animationSpeed":1,"_zoom":20.656},{"_mousePosition":[529,438],"_rootPartCFrame":[769.124,228.921,47.26,-0.011,0,1,0,1,0,-1,0,-0.011],"_humanoidState":5,"_cameraCFrame":[775.119,250.187,47.217,-0.007,-0.957,0.29,0,0.29,0.957,-1,0.007,-0.002],"_shiftlockState":false,"_pose":"FreeFall","_animationQueue":[],"_animationSpeed":1,"_zoom":20.656},{"_mousePosition":[529,438],"_rootPartCFrame":[768.857,229.239,47.262,-0.01,0,1,0,1,0,-1,0,-0.01],"_humanoidState":5,"_cameraCFrame":[774.852,250.505,47.218,-0.007,-0.957,0.29,0,0.29,0.957,-1,0.007,-0.002],"_shiftlockState":false,"_pose":"FreeFall","_animationQueue":[],"_animationSpeed":1,"_zoom":20.656},{"_mousePosition":[529,438],"_rootPartCFrame":[768.59,229.502,47.264,-0.01,0,1,0,1,0,-1,0,-0.01],"_humanoidState":5,"_cameraCFrame":[774.585,250.769,47.22,-0.007,-0.957,0.29,0,0.29,0.957,-1,0.007,-0.002],"_shiftlockState":false,"_pose":"FreeFall","_animationQueue":[],"_animationSpeed":1,"_zoom":20.656},{"_mousePosition":[529,438],"_rootPartCFrame":[768.257,229.755,47.266,-0.009,0,1,0,1,0,-1,0,-0.009],"_humanoidState":5,"_cameraCFrame":[774.252,251.021,47.223,-0.007,-0.957,0.29,0,0.29,0.957,-1,0.007,-0.002],"_shiftlockState":false,"_pose":"FreeFall","_animationQueue":[],"_animationSpeed":1,"_zoom":20.656},{"_mousePosition":[529,438],"_rootPartCFrame":[768.057,229.865,47.267,-0.009,0,1,0,1,0,-1,0,-0.009],"_humanoidState":5,"_cameraCFrame":[774.014,251.144,47.225,-0.007,-0.957,0.288,0,0.288,0.958,-1,0.007,-0.002],"_shiftlockState":false,"_pose":"FreeFall","_animationQueue":[],"_animationSpeed":1,"_zoom":20.656},{"_mousePosition":[529,438],"_rootPartCFrame":[767.724,229.982,47.27,-0.009,0,1,0,1,0,-1,0,-0.009],"_humanoidState":5,"_cameraCFrame":[773.642,251.272,47.227,-0.007,-0.958,0.286,0,0.287,0.958,-1,0.007,-0.002],"_shiftlockState":false,"_pose":"FreeFall","_animationQueue":[],"_animationSpeed":1,"_zoom":20.656},{"_mousePosition":[529,438],"_rootPartCFrame":[767.457,230.013,47.272,-0.009,0,1,0,1,0,-1,0,-0.009],"_humanoidState":5,"_cameraCFrame":[773.375,251.303,47.229,-0.007,-0.958,0.286,0,0.287,0.958,-1,0.007,-0.002],"_shiftlockState":false,"_pose":"FreeFall","_animationQueue":[],"_animationSpeed":1,"_zoom":20.656},{"_mousePosition":[529,438],"_rootPartCFrame":[767.257,230.001,47.273,-0.008,0,1,0,1,0,-1,0,-0.008],"_humanoidState":5,"_cameraCFrame":[773.175,251.291,47.231,-0.007,-0.958,0.286,0,0.287,0.958,-1,0.007,-0.002],"_shiftlockState":false,"_pose":"FreeFall","_animationQueue":[],"_animationSpeed":1,"_zoom":20.656},{"_mousePosition":[529,438],"_rootPartCFrame":[766.991,229.938,47.275,-0.008,0,1,0,1,0,-1,0,-0.008],"_humanoidState":5,"_cameraCFrame":[772.909,251.228,47.232,-0.007,-0.958,0.286,0,0.287,0.958,-1,0.007,-0.002],"_shiftlockState":false,"_pose":"FreeFall","_animationQueue":[],"_animationSpeed":1,"_zoom":20.656},{"_mousePosition":[529,438],"_rootPartCFrame":[766.658,229.782,47.277,-0.008,0,1,0,1,0,-1,0,-0.008],"_humanoidState":5,"_cameraCFrame":[772.576,251.072,47.235,-0.007,-0.958,0.286,0,0.287,0.958,-1,0.007,-0.002],"_shiftlockState":false,"_pose":"FreeFall","_animationQueue":[["fall",0.3]],"_animationSpeed":1,"_zoom":20.656},{"_mousePosition":[529,438],"_rootPartCFrame":[766.458,229.647,47.279,-0.008,0,1,0,1,0,-1,0,-0.008],"_humanoidState":5,"_cameraCFrame":[772.376,250.937,47.236,-0.007,-0.958,0.286,0,0.287,0.958,-1,0.007,-0.002],"_shiftlockState":false,"_pose":"FreeFall","_animationQueue":[],"_animationSpeed":1,"_zoom":20.656},{"_mousePosition":[529,438],"_rootPartCFrame":[766.191,229.42,47.281,-0.008,0,1,0,1,0,-1,0,-0.008],"_humanoidState":5,"_cameraCFrame":[772.109,250.71,47.238,-0.007,-0.958,0.286,0,0.287,0.958,-1,0.007,-0.002],"_shiftlockState":false,"_pose":"FreeFall","_animationQueue":[],"_animationSpeed":1,"_zoom":20.656},{"_mousePosition":[529,438],"_rootPartCFrame":[765.924,229.138,47.283,-0.008,0,1,0,1,0,-1,0,-0.008],"_humanoidState":5,"_cameraCFrame":[771.842,250.428,47.24,-0.007,-0.958,0.286,0,0.287,0.958,-1,0.007,-0.002],"_shiftlockState":false,"_pose":"FreeFall","_animationQueue":[],"_animationSpeed":1,"_zoom":20.656},{"_mousePosition":[529,438],"_rootPartCFrame":[765.658,228.802,47.285,-0.008,0,1,0,1,0,-1,0,-0.008],"_humanoidState":5,"_cameraCFrame":[771.576,250.092,47.242,-0.007,-0.958,0.286,0,0.287,0.958,-1,0.007,-0.002],"_shiftlockState":false,"_pose":"FreeFall","_animationQueue":[],"_animationSpeed":1,"_zoom":20.656},{"_mousePosition":[529,438],"_rootPartCFrame":[765.391,228.412,47.287,-0.008,0,1,0,1,0,-1,0,-0.008],"_humanoidState":5,"_cameraCFrame":[771.309,249.702,47.244,-0.007,-0.958,0.286,0,0.287,0.958,-1,0.007,-0.002],"_shiftlockState":false,"_pose":"FreeFall","_animationQueue":[],"_animationSpeed":1,"_zoom":20.656},{"_mousePosition":[529,438],"_rootPartCFrame":[765.125,227.967,47.289,-0.008,0,1,0,1,0,-1,0,-0.008],"_humanoidState":5,"_cameraCFrame":[771.043,249.257,47.246,-0.007,-0.958,0.286,0,0.287,0.958,-1,0.007,-0.002],"_shiftlockState":false,"_pose":"FreeFall","_animationQueue":[],"_animationSpeed":1,"_zoom":20.656},{"_mousePosition":[529,438],"_rootPartCFrame":[764.858,227.467,47.29,-0.008,0,1,0,1,0,-1,0,-0.008],"_humanoidState":5,"_cameraCFrame":[770.776,248.757,47.248,-0.007,-0.958,0.286,0,0.287,0.958,-1,0.007,-0.002],"_shiftlockState":false,"_pose":"FreeFall","_animationQueue":[["fall",0.3]],"_animationSpeed":1,"_zoom":20.656},{"_mousePosition":[529,438],"_rootPartCFrame":[764.591,226.913,47.292,-0.007,0,1,0,1,0,-1,0,-0.007],"_humanoidState":5,"_cameraCFrame":[770.509,248.203,47.25,-0.007,-0.958,0.286,0,0.287,0.958,-1,0.007,-0.002],"_shiftlockState":false,"_pose":"FreeFall","_animationQueue":[],"_animationSpeed":1,"_zoom":20.656},{"_mousePosition":[529,438],"_rootPartCFrame":[764.325,226.304,47.294,-0.007,0,1,0,1,0,-1,0,-0.007],"_humanoidState":5,"_cameraCFrame":[770.243,247.594,47.252,-0.007,-0.958,0.286,0,0.287,0.958,-1,0.007,-0.002],"_shiftlockState":false,"_pose":"FreeFall","_animationQueue":[],"_animationSpeed":1,"_zoom":20.656},{"_mousePosition":[529,438],"_rootPartCFrame":[764.058,225.641,47.296,-0.007,0,1,0,1,0,-1,0,-0.007],"_humanoidState":5,"_cameraCFrame":[769.976,246.931,47.254,-0.007,-0.958,0.286,0,0.287,0.958,-1,0.007,-0.002],"_shiftlockState":false,"_pose":"FreeFall","_animationQueue":[],"_animationSpeed":1,"_zoom":20.656},{"_mousePosition":[529,438],"_rootPartCFrame":[763.792,224.924,47.298,-0.007,0,1,0,1,0,-1,0,-0.007],"_humanoidState":5,"_cameraCFrame":[769.71,246.214,47.256,-0.007,-0.958,0.286,0,0.287,0.958,-1,0.007,-0.002],"_shiftlockState":false,"_pose":"FreeFall","_animationQueue":[],"_animationSpeed":1,"_zoom":20.656},{"_mousePosition":[529,438],"_rootPartCFrame":[763.525,224.151,47.3,-0.007,0,1,0,1,0,-1,0,-0.007],"_humanoidState":5,"_cameraCFrame":[769.443,245.441,47.257,-0.007,-0.958,0.286,0,0.287,0.958,-1,0.007,-0.002],"_shiftlockState":false,"_pose":"FreeFall","_animationQueue":[],"_animationSpeed":1,"_zoom":20.656},{"_mousePosition":[529,438],"_rootPartCFrame":[763.258,223.325,47.302,-0.007,0,1,0,1,0,-1,0,-0.007],"_humanoidState":5,"_cameraCFrame":[769.176,244.615,47.259,-0.007,-0.958,0.286,0,0.287,0.958,-1,0.007,-0.002],"_shiftlockState":false,"_pose":"FreeFall","_animationQueue":[],"_animationSpeed":1,"_zoom":20.656},{"_mousePosition":[529,438],"_rootPartCFrame":[762.992,222.55,47.304,-0.007,0,1,0,1,0,-1,0,-0.007],"_humanoidState":7,"_cameraCFrame":[768.91,243.841,47.261,-0.007,-0.958,0.286,0,0.287,0.958,-1,0.007,-0.002],"_shiftlockState":false,"_pose":"FreeFall","_animationQueue":[["fall",0.3],["walk",0.1],["fall",0.3],["fall",0.3]],"_animationSpeed":1,"_zoom":20.656},{"_mousePosition":[529,438],"_rootPartCFrame":[762.725,222.487,47.306,-0.007,0,1,0,1,0,-1,0,-0.007],"_humanoidState":7,"_cameraCFrame":[768.643,243.777,47.263,-0.007,-0.958,0.286,0,0.287,0.958,-1,0.007,-0.002],"_shiftlockState":false,"_pose":"FreeFall","_animationQueue":[],"_animationSpeed":1,"_zoom":20.656},{"_mousePosition":[529,438],"_rootPartCFrame":[762.392,222.583,47.308,-0.007,0,1,0,1,0,-1,0,-0.007],"_humanoidState":8,"_cameraCFrame":[768.31,243.873,47.266,-0.007,-0.958,0.286,0,0.287,0.958,-1,0.007,-0.002],"_shiftlockState":false,"_pose":"Running","_animationQueue":[["walk",0.1],["fall",0.3],["walk",0.1]],"_animationSpeed":1.103,"_zoom":20.656},{"_mousePosition":[529,438],"_rootPartCFrame":[762.125,223.446,47.31,-0.007,0,1,0,1,0,-1,0,-0.007],"_humanoidState":3,"_cameraCFrame":[768.043,244.736,47.268,-0.007,-0.958,0.286,0,0.287,0.958,-1,0.007,-0.002],"_shiftlockState":false,"_pose":"Jumping","_animationQueue":[["walk",0.1],["jump",0.1]],"_animationSpeed":1,"_zoom":20.656},{"_mousePosition":[529,438],"_rootPartCFrame":[761.859,224.255,47.312,-0.007,0,1,0,1,0,-1,0,-0.007],"_humanoidState":5,"_cameraCFrame":[767.777,245.545,47.269,-0.007,-0.958,0.286,0,0.287,0.958,-1,0.007,-0.002],"_shiftlockState":false,"_pose":"FreeFall","_animationQueue":[["jump",0.1]],"_animationSpeed":1,"_zoom":20.656},{"_mousePosition":[529,438],"_rootPartCFrame":[761.592,225.009,47.314,-0.007,0,1,0,1,0,-1,0,-0.007],"_humanoidState":5,"_cameraCFrame":[767.51,246.299,47.271,-0.007,-0.958,0.286,0,0.287,0.958,-1,0.007,-0.002],"_shiftlockState":false,"_pose":"FreeFall","_animationQueue":[],"_animationSpeed":1,"_zoom":20.656},{"_mousePosition":[529,438],"_rootPartCFrame":[761.326,225.708,47.316,-0.007,0,1,0,1,0,-1,0,-0.007],"_humanoidState":5,"_cameraCFrame":[767.243,246.998,47.273,-0.007,-0.958,0.286,0,0.287,0.958,-1,0.007,-0.002],"_shiftlockState":false,"_pose":"FreeFall","_animationQueue":[],"_animationSpeed":1,"_zoom":20.656},{"_mousePosition":[529,438],"_rootPartCFrame":[761.059,226.353,47.318,-0.007,0,1,0,1,0,-1,0,-0.007],"_humanoidState":5,"_cameraCFrame":[766.977,247.643,47.275,-0.007,-0.958,0.286,0,0.287,0.958,-1,0.007,-0.002],"_shiftlockState":false,"_pose":"FreeFall","_animationQueue":[],"_animationSpeed":1,"_zoom":20.656},{"_mousePosition":[529,438],"_rootPartCFrame":[760.792,226.943,47.32,-0.007,0,1,0,1,0,-1,0,-0.007],"_humanoidState":5,"_cameraCFrame":[766.71,248.233,47.277,-0.007,-0.958,0.286,0,0.287,0.958,-1,0.007,-0.002],"_shiftlockState":false,"_pose":"FreeFall","_animationQueue":[],"_animationSpeed":1,"_zoom":20.656},{"_mousePosition":[529,438],"_rootPartCFrame":[760.526,227.479,47.322,-0.007,0,1,0,1,0,-1,0,-0.007],"_humanoidState":5,"_cameraCFrame":[766.444,248.769,47.279,-0.007,-0.958,0.286,0,0.287,0.958,-1,0.007,-0.002],"_shiftlockState":false,"_pose":"FreeFall","_animationQueue":[],"_animationSpeed":1,"_zoom":20.656},{"_mousePosition":[529,438],"_rootPartCFrame":[760.259,227.961,47.324,-0.007,0,1,0,1,0,-1,0,-0.007],"_humanoidState":5,"_cameraCFrame":[766.177,249.251,47.281,-0.007,-0.958,0.286,0,0.287,0.958,-1,0.007,-0.002],"_shiftlockState":false,"_pose":"FreeFall","_animationQueue":[],"_animationSpeed":1,"_zoom":20.656},{"_mousePosition":[529,438],"_rootPartCFrame":[759.993,228.387,47.326,-0.007,0,1,0,1,0,-1,0,-0.007],"_humanoidState":5,"_cameraCFrame":[765.91,249.678,47.283,-0.007,-0.958,0.286,0,0.287,0.958,-1,0.007,-0.002],"_shiftlockState":false,"_pose":"FreeFall","_animationQueue":[],"_animationSpeed":1,"_zoom":20.656},{"_mousePosition":[529,438],"_rootPartCFrame":[759.726,228.76,47.327,-0.007,0,1,0,1,0,-1,0,-0.007],"_humanoidState":5,"_cameraCFrame":[765.644,250.05,47.285,-0.007,-0.958,0.286,0,0.287,0.958,-1,0.007,-0.002],"_shiftlockState":false,"_pose":"FreeFall","_animationQueue":[],"_animationSpeed":1,"_zoom":20.656},{"_mousePosition":[529,438],"_rootPartCFrame":[759.459,229.078,47.329,-0.007,0,1,0,1,0,-1,0,-0.007],"_humanoidState":5,"_cameraCFrame":[765.377,250.368,47.287,-0.007,-0.958,0.286,0,0.287,0.958,-1,0.007,-0.002],"_shiftlockState":false,"_pose":"FreeFall","_animationQueue":[],"_animationSpeed":1,"_zoom":20.656},{"_mousePosition":[529,438],"_rootPartCFrame":[759.193,229.341,47.331,-0.007,0,1,0,1,0,-1,0,-0.007],"_humanoidState":5,"_cameraCFrame":[765.111,250.631,47.289,-0.007,-0.958,0.286,0,0.287,0.958,-1,0.007,-0.002],"_shiftlockState":false,"_pose":"FreeFall","_animationQueue":[],"_animationSpeed":1,"_zoom":20.656},{"_mousePosition":[529,438],"_rootPartCFrame":[758.926,229.55,47.333,-0.007,0,1,0,1,0,-1,0,-0.007],"_humanoidState":5,"_cameraCFrame":[764.844,250.84,47.291,-0.007,-0.958,0.286,0,0.287,0.958,-1,0.007,-0.002],"_shiftlockState":false,"_pose":"FreeFall","_animationQueue":[],"_animationSpeed":1,"_zoom":20.656},{"_mousePosition":[529,438],"_rootPartCFrame":[758.66,229.704,47.335,-0.007,0,1,0,1,0,-1,0,-0.007],"_humanoidState":5,"_cameraCFrame":[764.577,250.994,47.293,-0.007,-0.958,0.286,0,0.287,0.958,-1,0.007,-0.002],"_shiftlockState":false,"_pose":"FreeFall","_animationQueue":[],"_animationSpeed":1,"_zoom":20.656},{"_mousePosition":[529,438],"_rootPartCFrame":[758.393,229.804,47.337,-0.007,0,1,0,1,0,-1,0,-0.007],"_humanoidState":5,"_cameraCFrame":[764.311,251.094,47.294,-0.007,-0.958,0.286,0,0.287,0.958,-1,0.007,-0.002],"_shiftlockState":false,"_pose":"FreeFall","_animationQueue":[],"_animationSpeed":1,"_zoom":20.656},{"_mousePosition":[529,438],"_rootPartCFrame":[758.126,229.85,47.339,-0.007,0,1,0,1,0,-1,0,-0.007],"_humanoidState":5,"_cameraCFrame":[764.044,251.14,47.296,-0.007,-0.958,0.286,0,0.287,0.958,-1,0.007,-0.002],"_shiftlockState":false,"_pose":"FreeFall","_animationQueue":[],"_animationSpeed":1,"_zoom":20.656},{"_mousePosition":[529,438],"_rootPartCFrame":[757.793,229.83,47.341,-0.007,0,1,0,1,0,-1,0,-0.007],"_humanoidState":5,"_cameraCFrame":[763.711,251.12,47.299,-0.007,-0.958,0.286,0,0.287,0.958,-1,0.007,-0.002],"_shiftlockState":false,"_pose":"FreeFall","_animationQueue":[["fall",0.3]],"_animationSpeed":1,"_zoom":20.656},{"_mousePosition":[529,438],"_rootPartCFrame":[757.593,229.777,47.343,-0.007,0,1,0,1,0,-1,0,-0.007],"_humanoidState":5,"_cameraCFrame":[763.511,251.067,47.3,-0.007,-0.958,0.286,0,0.287,0.958,-1,0.007,-0.002],"_shiftlockState":false,"_pose":"FreeFall","_animationQueue":[],"_animationSpeed":1,"_zoom":20.656},{"_mousePosition":[529,438],"_rootPartCFrame":[757.327,229.659,47.345,-0.007,0,1,0,1,0,-1,0,-0.007],"_humanoidState":5,"_cameraCFrame":[763.244,250.949,47.302,-0.007,-0.958,0.286,0,0.287,0.958,-1,0.007,-0.002],"_shiftlockState":false,"_pose":"FreeFall","_animationQueue":[],"_animationSpeed":1,"_zoom":20.656},{"_mousePosition":[529,438],"_rootPartCFrame":[757.06,229.486,47.347,-0.007,0,1,0,1,0,-1,0,-0.007],"_humanoidState":5,"_cameraCFrame":[762.978,250.776,47.304,-0.007,-0.958,0.286,0,0.287,0.958,-1,0.007,-0.002],"_shiftlockState":false,"_pose":"FreeFall","_animationQueue":[],"_animationSpeed":1,"_zoom":20.656},{"_mousePosition":[529,438],"_rootPartCFrame":[756.793,229.259,47.349,-0.007,0,1,0,1,0,-1,0,-0.007],"_humanoidState":5,"_cameraCFrame":[762.711,250.549,47.306,-0.007,-0.958,0.286,0,0.287,0.958,-1,0.007,-0.002],"_shiftlockState":false,"_pose":"FreeFall","_animationQueue":[],"_animationSpeed":1,"_zoom":20.656},{"_mousePosition":[529,438],"_rootPartCFrame":[756.527,228.978,47.35,-0.007,0,1,0,1,0,-1,0,-0.007],"_humanoidState":5,"_cameraCFrame":[762.445,250.268,47.308,-0.007,-0.958,0.286,0,0.287,0.958,-1,0.007,-0.002],"_shiftlockState":false,"_pose":"FreeFall","_animationQueue":[],"_animationSpeed":1,"_zoom":20.656},{"_mousePosition":[529,438],"_rootPartCFrame":[756.26,228.641,47.352,-0.007,0,1,0,1,0,-1,0,-0.007],"_humanoidState":5,"_cameraCFrame":[762.178,249.932,47.31,-0.007,-0.958,0.286,0,0.287,0.958,-1,0.007,-0.002],"_shiftlockState":false,"_pose":"FreeFall","_animationQueue":[],"_animationSpeed":1,"_zoom":20.656},{"_mousePosition":[529,438],"_rootPartCFrame":[755.994,228.251,47.354,-0.007,0,1,0,1,0,-1,0,-0.007],"_humanoidState":5,"_cameraCFrame":[761.911,249.541,47.312,-0.007,-0.958,0.286,0,0.287,0.958,-1,0.007,-0.002],"_shiftlockState":false,"_pose":"FreeFall","_animationQueue":[["fall",0.3]],"_animationSpeed":1,"_zoom":20.656},{"_mousePosition":[529,438],"_rootPartCFrame":[755.736,227.806,47.333,0.065,0,0.998,0,1,0,-0.998,0,0.065],"_humanoidState":5,"_cameraCFrame":[761.654,249.096,47.291,-0.007,-0.958,0.286,0,0.287,0.958,-1,0.007,-0.002],"_shiftlockState":false,"_pose":"FreeFall","_animationQueue":[],"_animationSpeed":1,"_zoom":20.656},{"_mousePosition":[529,438],"_rootPartCFrame":[755.494,227.306,47.275,0.159,0,0.987,0,1,0,-0.987,0,0.159],"_humanoidState":5,"_cameraCFrame":[761.412,248.596,47.233,-0.007,-0.958,0.286,0,0.287,0.958,-1,0.007,-0.002],"_shiftlockState":false,"_pose":"FreeFall","_animationQueue":[],"_animationSpeed":1,"_zoom":20.656},{"_mousePosition":[529,438],"_rootPartCFrame":[755.266,226.752,47.181,0.243,0,0.97,0,1,0,-0.97,0,0.243],"_humanoidState":5,"_cameraCFrame":[761.184,248.042,47.138,-0.007,-0.958,0.286,0,0.287,0.958,-1,0.007,-0.002],"_shiftlockState":false,"_pose":"FreeFall","_animationQueue":[],"_animationSpeed":1,"_zoom":20.656},{"_mousePosition":[529,438],"_rootPartCFrame":[755.054,226.143,47.049,0.315,0,0.949,0,1,0,-0.949,0,0.315],"_humanoidState":5,"_cameraCFrame":[760.972,247.434,47.007,-0.007,-0.958,0.286,0,0.287,0.958,-1,0.007,-0.002],"_shiftlockState":false,"_pose":"FreeFall","_animationQueue":[],"_animationSpeed":1,"_zoom":20.656},{"_mousePosition":[529,438],"_rootPartCFrame":[754.856,225.48,46.881,0.376,0,0.927,0,1,0,-0.927,0,0.376],"_humanoidState":5,"_cameraCFrame":[760.774,246.77,46.838,-0.007,-0.958,0.286,0,0.287,0.958,-1,0.007,-0.002],"_shiftlockState":false,"_pose":"FreeFall","_animationQueue":[],"_animationSpeed":1,"_zoom":20.656},{"_mousePosition":[529,438],"_rootPartCFrame":[754.666,224.763,46.694,0.426,0,0.905,0,1,0,-0.905,0,0.426],"_humanoidState":5,"_cameraCFrame":[760.584,246.053,46.652,-0.007,-0.958,0.286,0,0.287,0.958,-1,0.007,-0.002],"_shiftlockState":false,"_pose":"FreeFall","_animationQueue":[],"_animationSpeed":1,"_zoom":20.656},{"_mousePosition":[529,438],"_rootPartCFrame":[754.476,223.991,46.507,0.469,0,0.883,0,1,0,-0.883,0,0.469],"_humanoidState":5,"_cameraCFrame":[760.394,245.281,46.465,-0.007,-0.958,0.286,0,0.287,0.958,-1,0.007,-0.002],"_shiftlockState":false,"_pose":"FreeFall","_animationQueue":[["fall",0.3]],"_animationSpeed":1,"_zoom":20.656},{"_mousePosition":[529,438],"_rootPartCFrame":[754.286,223.164,46.32,0.505,0,0.863,0,1,0,-0.863,0,0.505],"_humanoidState":5,"_cameraCFrame":[760.204,244.454,46.278,-0.007,-0.958,0.286,0,0.287,0.958,-1,0.007,-0.002],"_shiftlockState":false,"_pose":"FreeFall","_animationQueue":[],"_animationSpeed":1,"_zoom":20.656},{"_mousePosition":[529,438],"_rootPartCFrame":[754.096,222.398,46.133,0.535,0,0.845,0,1,0,-0.845,0,0.535],"_humanoidState":7,"_cameraCFrame":[760.014,243.688,46.09,-0.007,-0.958,0.286,0,0.287,0.958,-1,0.007,-0.002],"_shiftlockState":false,"_pose":"FreeFall","_animationQueue":[["walk",0.1],["fall",0.3],["fall",0.3]],"_animationSpeed":1,"_zoom":20.656},{"_mousePosition":[529,438],"_rootPartCFrame":[753.86,222.389,46.06,0.499,0,0.867,0,1,0,-0.867,0,0.499],"_humanoidState":7,"_cameraCFrame":[759.778,243.679,46.018,-0.007,-0.958,0.286,0,0.287,0.958,-1,0.007,-0.002],"_shiftlockState":false,"_pose":"FreeFall","_animationQueue":[],"_animationSpeed":1,"_zoom":20.656},{"_mousePosition":[529,438],"_rootPartCFrame":[753.527,222.535,46.061,0.422,0,0.907,0,1,0,-0.907,0,0.422],"_humanoidState":8,"_cameraCFrame":[759.445,243.825,46.018,-0.007,-0.958,0.286,0,0.287,0.958,-1,0.007,-0.002],"_shiftlockState":false,"_pose":"Running","_animationQueue":[["walk",0.1],["fall",0.3],["walk",0.1]],"_animationSpeed":1.076,"_zoom":20.656},{"_mousePosition":[529,438],"_rootPartCFrame":[753.194,223.619,46.063,0.34,0,0.94,0,1,0,-0.94,0,0.34],"_humanoidState":3,"_cameraCFrame":[759.112,244.909,46.02,-0.007,-0.958,0.286,0,0.287,0.958,-1,0.007,-0.002],"_shiftlockState":false,"_pose":"Jumping","_animationQueue":[["walk",0.1],["jump",0.1]],"_animationSpeed":1,"_zoom":20.656},{"_mousePosition":[529,438],"_rootPartCFrame":[752.994,224.23,46.064,0.301,0,0.954,0,1,0,-0.954,0,0.301],"_humanoidState":5,"_cameraCFrame":[758.912,245.52,46.022,-0.007,-0.958,0.286,0,0.287,0.958,-1,0.007,-0.002],"_shiftlockState":false,"_pose":"FreeFall","_animationQueue":[["jump",0.1]],"_animationSpeed":1,"_zoom":20.656},{"_mousePosition":[529,438],"_rootPartCFrame":[752.728,224.998,46.066,0.258,0,0.966,0,1,0,-0.966,0,0.258],"_humanoidState":5,"_cameraCFrame":[758.645,246.288,46.024,-0.007,-0.958,0.286,0,0.287,0.958,-1,0.007,-0.002],"_shiftlockState":false,"_pose":"FreeFall","_animationQueue":[],"_animationSpeed":1,"_zoom":20.656},{"_mousePosition":[529,438],"_rootPartCFrame":[752.461,225.711,46.068,0.221,0,0.975,0,1,0,-0.975,0,0.221],"_humanoidState":5,"_cameraCFrame":[758.379,247.001,46.01,-0.01,-0.958,0.286,0,0.287,0.958,-1,0.009,-0.003],"_shiftlockState":false,"_pose":"FreeFall","_animationQueue":[],"_animationSpeed":1,"_zoom":20.656},{"_mousePosition":[529,438],"_rootPartCFrame":[752.194,226.369,46.07,0.189,0,0.982,0,1,0,-0.982,0,0.189],"_humanoidState":5,"_cameraCFrame":[758.112,247.66,46.012,-0.01,-0.958,0.286,0,0.287,0.958,-1,0.009,-0.003],"_shiftlockState":false,"_pose":"FreeFall","_animationQueue":[],"_animationSpeed":1,"_zoom":20.656},{"_mousePosition":[529,438],"_rootPartCFrame":[751.928,226.973,46.072,0.162,0,0.987,0,1,0,-0.987,0,0.162],"_humanoidState":5,"_cameraCFrame":[757.845,248.264,46,-0.012,-0.958,0.286,0,0.287,0.958,-1,0.012,-0.004],"_shiftlockState":false,"_pose":"FreeFall","_animationQueue":[],"_animationSpeed":1,"_zoom":20.656},{"_mousePosition":[529,438],"_rootPartCFrame":[751.594,227.652,46.076,0.132,0,0.991,0,1,0,-0.991,0,0.132],"_humanoidState":5,"_cameraCFrame":[757.512,248.942,45.988,-0.015,-0.958,0.286,0,0.287,0.958,-1,0.014,-0.004],"_shiftlockState":false,"_pose":"FreeFall","_animationQueue":[],"_animationSpeed":1,"_zoom":20.656},{"_mousePosition":[529,438],"_rootPartCFrame":[751.395,228.018,46.078,0.116,0,0.993,0,1,0,-0.993,0,0.116],"_humanoidState":5,"_cameraCFrame":[757.312,249.308,45.976,-0.017,-0.958,0.286,0,0.287,0.958,-1,0.017,-0.005],"_shiftlockState":false,"_pose":"FreeFall","_animationQueue":[],"_animationSpeed":1,"_zoom":20.656},{"_mousePosition":[529,438],"_rootPartCFrame":[751.128,228.458,46.082,0.098,0,0.995,0,1,0,-0.995,0,0.098],"_humanoidState":5,"_cameraCFrame":[757.045,249.749,45.964,-0.02,-0.958,0.286,0,0.287,0.958,-1,0.019,-0.006],"_shiftlockState":false,"_pose":"FreeFall","_animationQueue":[],"_animationSpeed":1,"_zoom":20.656},{"_mousePosition":[529,438],"_rootPartCFrame":[750.861,228.845,46.086,0.082,0,0.997,0,1,0,-0.997,0,0.082],"_humanoidState":5,"_cameraCFrame":[756.778,250.135,45.969,-0.02,-0.958,0.286,0,0.287,0.958,-1,0.019,-0.006],"_shiftlockState":false,"_pose":"FreeFall","_animationQueue":[],"_animationSpeed":1,"_zoom":20.656},{"_mousePosition":[529,438],"_rootPartCFrame":[750.595,229.176,46.092,0.068,0,0.998,0,1,0,-0.998,0,0.068],"_humanoidState":5,"_cameraCFrame":[756.472,250.478,45.945,-0.025,-0.958,0.285,0,0.285,0.959,-1,0.024,-0.007],"_shiftlockState":false,"_pose":"FreeFall","_animationQueue":[],"_animationSpeed":1,"_zoom":20.656},{"_mousePosition":[529,438],"_rootPartCFrame":[750.328,229.453,46.097,0.056,0,0.998,0,1,0,-0.998,0,0.056],"_humanoidState":5,"_cameraCFrame":[756.205,250.755,45.936,-0.027,-0.958,0.285,0,0.285,0.959,-1,0.026,-0.008],"_shiftlockState":false,"_pose":"FreeFall","_animationQueue":[],"_animationSpeed":1,"_zoom":20.656},{"_mousePosition":[529,438],"_rootPartCFrame":[750.062,229.676,46.103,0.044,0,0.999,0,1,0,-0.999,0,0.044],"_humanoidState":5,"_cameraCFrame":[755.899,250.989,45.914,-0.032,-0.959,0.283,0,0.283,0.959,-0.999,0.031,-0.009],"_shiftlockState":false,"_pose":"FreeFall","_animationQueue":[],"_animationSpeed":1,"_zoom":20.656},{"_mousePosition":[529,438],"_rootPartCFrame":[749.795,229.844,46.111,0.034,0,0.999,0,1,0,-0.999,0,0.034],"_humanoidState":5,"_cameraCFrame":[755.594,251.168,45.907,-0.035,-0.959,0.281,0,0.281,0.96,-0.999,0.034,-0.01],"_shiftlockState":false,"_pose":"FreeFall","_animationQueue":[],"_animationSpeed":1,"_zoom":20.656},{"_mousePosition":[529,438],"_rootPartCFrame":[749.528,229.957,46.119,0.025,0,1,0,1,0,-1,0,0.025],"_humanoidState":5,"_cameraCFrame":[755.326,251.281,45.901,-0.038,-0.959,0.281,0,0.281,0.96,-0.999,0.036,-0.011],"_shiftlockState":false,"_pose":"FreeFall","_animationQueue":[],"_animationSpeed":1,"_zoom":20.656},{"_mousePosition":[529,438],"_rootPartCFrame":[749.262,230.016,46.128,0.017,0,1,0,1,0,-1,0,0.017],"_humanoidState":5,"_cameraCFrame":[755.059,251.34,45.881,-0.043,-0.959,0.281,0,0.281,0.96,-0.999,0.041,-0.012],"_shiftlockState":false,"_pose":"FreeFall","_animationQueue":[],"_animationSpeed":1,"_zoom":20.656},{"_mousePosition":[529,438],"_rootPartCFrame":[748.929,230.013,46.141,0.008,0,1,0,1,0,-1,0,0.008],"_humanoidState":5,"_cameraCFrame":[754.725,251.338,45.879,-0.045,-0.959,0.281,0,0.281,0.96,-0.999,0.043,-0.013],"_shiftlockState":false,"_pose":"FreeFall","_animationQueue":[],"_animationSpeed":1,"_zoom":20.656},{"_mousePosition":[529,438],"_rootPartCFrame":[748.729,229.971,46.149,0.002,0,1,0,1,0,-1,0,0.002],"_humanoidState":5,"_cameraCFrame":[754.486,251.306,45.874,-0.048,-0.959,0.279,0,0.279,0.96,-0.999,0.046,-0.013],"_shiftlockState":false,"_pose":"FreeFall","_animationQueue":[],"_animationSpeed":1,"_zoom":20.656},{"_mousePosition":[529,438],"_rootPartCFrame":[748.462,229.866,46.161,-0.004,0,1,0,1,0,-1,0,-0.004],"_humanoidState":5,"_cameraCFrame":[754.217,251.202,45.842,-0.055,-0.959,0.279,0,0.279,0.96,-0.998,0.053,-0.015],"_shiftlockState":false,"_pose":"FreeFall","_animationQueue":[],"_animationSpeed":1,"_zoom":20.656},{"_mousePosition":[529,438],"_rootPartCFrame":[748.196,229.707,46.174,-0.01,0,1,0,1,0,-1,0,-0.01],"_humanoidState":5,"_cameraCFrame":[753.911,251.054,45.843,-0.058,-0.959,0.277,0,0.277,0.961,-0.998,0.056,-0.016],"_shiftlockState":false,"_pose":"FreeFall","_animationQueue":[],"_animationSpeed":1,"_zoom":20.656},{"_mousePosition":[529,438],"_rootPartCFrame":[747.93,229.494,46.188,-0.016,0,1,0,1,0,-1,0,-0.016],"_humanoidState":5,"_cameraCFrame":[753.644,250.841,45.843,-0.06,-0.959,0.277,0,0.277,0.961,-0.998,0.058,-0.017],"_shiftlockState":false,"_pose":"FreeFall","_animationQueue":[],"_animationSpeed":1,"_zoom":20.656},{"_mousePosition":[529,438],"_rootPartCFrame":[747.664,229.226,46.203,-0.022,0,1,0,1,0,-1,0,-0.022],"_humanoidState":5,"_cameraCFrame":[753.377,250.573,45.844,-0.063,-0.959,0.277,0,0.277,0.961,-0.998,0.06,-0.017],"_shiftlockState":false,"_pose":"FreeFall","_animationQueue":[],"_animationSpeed":1,"_zoom":20.656},{"_mousePosition":[529,438],"_rootPartCFrame":[747.397,228.903,46.219,-0.027,0,1,0,1,0,-1,0,-0.027],"_humanoidState":5,"_cameraCFrame":[753.109,250.25,45.831,-0.068,-0.959,0.277,0,0.277,0.961,-0.998,0.065,-0.019],"_shiftlockState":false,"_pose":"FreeFall","_animationQueue":[["fall",0.3]],"_animationSpeed":1,"_zoom":20.656},{"_mousePosition":[529,438],"_rootPartCFrame":[747.065,228.424,46.24,-0.033,0,0.999,0,1,0,-0.999,0,-0.033],"_humanoidState":5,"_cameraCFrame":[752.738,249.781,45.854,-0.068,-0.959,0.275,0,0.275,0.961,-0.998,0.065,-0.019],"_shiftlockState":false,"_pose":"FreeFall","_animationQueue":[],"_animationSpeed":1,"_zoom":20.656},{"_mousePosition":[529,438],"_rootPartCFrame":[746.799,227.978,46.258,-0.038,0,0.999,0,1,0,-0.999,0,-0.038],"_humanoidState":5,"_cameraCFrame":[752.47,249.336,45.843,-0.073,-0.959,0.275,0,0.275,0.961,-0.997,0.07,-0.02],"_shiftlockState":false,"_pose":"FreeFall","_animationQueue":[],"_animationSpeed":1,"_zoom":20.656},{"_mousePosition":[529,438],"_rootPartCFrame":[746.599,227.609,46.272,-0.041,0,0.999,0,1,0,-0.999,0,-0.041],"_humanoidState":5,"_cameraCFrame":[752.268,248.967,45.828,-0.078,-0.958,0.274,0,0.275,0.961,-0.997,0.075,-0.021],"_shiftlockState":false,"_pose":"FreeFall","_animationQueue":[],"_animationSpeed":1,"_zoom":20.656},{"_mousePosition":[529,438],"_rootPartCFrame":[746.333,227.068,46.291,-0.045,0,0.999,0,1,0,-0.999,0,-0.045],"_humanoidState":5,"_cameraCFrame":[751.96,248.437,45.808,-0.086,-0.958,0.272,0,0.273,0.962,-0.996,0.082,-0.023],"_shiftlockState":false,"_pose":"FreeFall","_animationQueue":[],"_animationSpeed":1,"_zoom":20.656},{"_mousePosition":[529,438],"_rootPartCFrame":[746.067,226.473,46.311,-0.05,0,0.999,0,1,0,-0.999,0,-0.05],"_humanoidState":5,"_cameraCFrame":[751.692,247.842,45.8,-0.091,-0.958,0.272,0,0.273,0.962,-0.996,0.087,-0.025],"_shiftlockState":false,"_pose":"FreeFall","_animationQueue":[],"_animationSpeed":1,"_zoom":20.656},{"_mousePosition":[529,438],"_rootPartCFrame":[745.802,225.824,46.334,-0.054,0,0.999,0,1,0,-0.999,0,-0.054],"_humanoidState":5,"_cameraCFrame":[751.385,247.204,45.798,-0.096,-0.958,0.27,0,0.272,0.962,-0.995,0.092,-0.026],"_shiftlockState":false,"_pose":"FreeFall","_animationQueue":[["fall",0.3]],"_animationSpeed":1,"_zoom":20.656},{"_mousePosition":[529,438],"_rootPartCFrame":[745.536,225.12,46.358,-0.059,0,0.998,0,1,0,-0.998,0,-0.059],"_humanoidState":5,"_cameraCFrame":[751.078,246.511,45.797,-0.101,-0.958,0.268,0,0.27,0.963,-0.995,0.097,-0.027],"_shiftlockState":false,"_pose":"FreeFall","_animationQueue":[],"_animationSpeed":1,"_zoom":20.656},{"_mousePosition":[529,438],"_rootPartCFrame":[745.271,224.361,46.383,-0.064,0,0.998,0,1,0,-0.998,0,-0.064],"_humanoidState":5,"_cameraCFrame":[750.81,245.752,45.794,-0.106,-0.958,0.268,0,0.27,0.963,-0.994,0.102,-0.029],"_shiftlockState":false,"_pose":"FreeFall","_animationQueue":[],"_animationSpeed":1,"_zoom":20.656},{"_mousePosition":[529,438],"_rootPartCFrame":[745.005,223.548,46.41,-0.069,0,0.998,0,1,0,-0.998,0,-0.069],"_humanoidState":5,"_cameraCFrame":[750.544,244.939,45.821,-0.106,-0.958,0.268,0,0.27,0.963,-0.994,0.102,-0.029],"_shiftlockState":false,"_pose":"FreeFall","_animationQueue":[],"_animationSpeed":1,"_zoom":20.656},{"_mousePosition":[529,438],"_rootPartCFrame":[744.74,222.681,46.438,-0.074,0,0.997,0,1,0,-0.997,0,-0.074],"_humanoidState":7,"_cameraCFrame":[750.279,244.072,45.849,-0.106,-0.958,0.268,0,0.27,0.963,-0.994,0.102,-0.029],"_shiftlockState":false,"_pose":"FreeFall","_animationQueue":[["walk",0.1],["fall",0.3],["fall",0.3]],"_animationSpeed":1,"_zoom":20.656},{"_mousePosition":[529,438],"_rootPartCFrame":[744.475,222.483,46.466,-0.078,0,0.997,0,1,0,-0.997,0,-0.078],"_humanoidState":7,"_cameraCFrame":[750.014,243.874,45.877,-0.106,-0.958,0.268,0,0.27,0.963,-0.994,0.102,-0.029],"_shiftlockState":false,"_pose":"FreeFall","_animationQueue":[],"_animationSpeed":1,"_zoom":20.656},{"_mousePosition":[529,438],"_rootPartCFrame":[744.144,222.572,46.501,-0.083,0,0.997,0,1,0,-0.997,0,-0.083],"_humanoidState":8,"_cameraCFrame":[749.682,243.963,45.912,-0.106,-0.958,0.268,0,0.27,0.963,-0.994,0.102,-0.029],"_shiftlockState":false,"_pose":"Running","_animationQueue":[["walk",0.1],["fall",0.3],["walk",0.1]],"_animationSpeed":1.103,"_zoom":20.656},{"_mousePosition":[529,438],"_rootPartCFrame":[743.878,222.629,46.529,-0.086,0,0.996,0,1,0,-0.996,0,-0.086],"_humanoidState":8,"_cameraCFrame":[749.417,244.019,45.941,-0.106,-0.958,0.268,0,0.27,0.963,-0.994,0.102,-0.029],"_shiftlockState":false,"_pose":"Running","_animationQueue":[["walk",0.1]],"_animationSpeed":1.103,"_zoom":20.656},{"_mousePosition":[529,438],"_rootPartCFrame":[743.613,222.661,46.558,-0.089,0,0.996,0,1,0,-0.996,0,-0.089],"_humanoidState":8,"_cameraCFrame":[749.152,244.052,45.969,-0.106,-0.958,0.268,0,0.27,0.963,-0.994,0.102,-0.029],"_shiftlockState":false,"_pose":"Running","_animationQueue":[],"_animationSpeed":1.103,"_zoom":20.656},{"_mousePosition":[529,438],"_rootPartCFrame":[743.348,222.679,46.586,-0.091,0,0.996,0,1,0,-0.996,0,-0.091],"_humanoidState":8,"_cameraCFrame":[748.887,244.07,45.997,-0.106,-0.958,0.268,0,0.27,0.963,-0.994,0.102,-0.029],"_shiftlockState":false,"_pose":"Running","_animationQueue":[],"_animationSpeed":1.103,"_zoom":20.656},{"_mousePosition":[529,438],"_rootPartCFrame":[743.083,223.542,46.614,-0.093,0,0.996,0,1,0,-0.996,0,-0.093],"_humanoidState":3,"_cameraCFrame":[748.622,244.933,46.025,-0.106,-0.958,0.268,0,0.27,0.963,-0.994,0.102,-0.029],"_shiftlockState":false,"_pose":"Jumping","_animationQueue":[["walk",0.1],["jump",0.1]],"_animationSpeed":1,"_zoom":20.656},{"_mousePosition":[529,438],"_rootPartCFrame":[742.818,224.35,46.642,-0.095,0,0.995,0,1,0,-0.995,0,-0.095],"_humanoidState":5,"_cameraCFrame":[748.357,245.741,46.053,-0.106,-