[{"_mousePosition":[814,459],"_rootPartCFrame":[776.028,222.7,47.142,0,0,1,0,1,0,-1,0,0],"_humanoidState":8,"_cameraCFrame":[786.077,242.246,47.168,0.003,-0.874,0.487,0,0.487,0.874,-1,-0.002,0.001],"_shiftlockState":false,"_pose":"Standing","_animationQueue":[],"_animationSpeed":1,"_zoom":20.656},{"_mousePosition":[814,459],"_rootPartCFrame":[775.781,222.7,47.142,0,0,1,0,1,0,-1,0,0],"_humanoidState":8,"_cameraCFrame":[785.831,242.246,47.167,0.003,-0.874,0.487,0,0.487,0.874,-1,-0.002,0.001],"_shiftlockState":false,"_pose":"Standing","_animationQueue":[],"_animationSpeed":1,"_zoom":20.656},{"_mousePosition":[814,459],"_rootPartCFrame":[775.515,222.7,47.141,0.001,0,1,0,1,0,-1,0,0.001],"_humanoidState":8,"_cameraCFrame":[785.565,242.246,47.167,0.003,-0.874,0.487,0,0.487,0.874,-1,-0.002,0.001],"_shiftlockState":false,"_pose":"Running","_animationQueue":[["walk",0.1]],"_animationSpeed":1.066,"_zoom":20.656},{"_mousePosition":[814,459],"_rootPartCFrame":[775.382,222.7,47.141,0.001,0,1,0,1,0,-1,0,0.001],"_humanoidState":8,"_cameraCFrame":[785.431,242.246,47.166,0.003,-0.874,0.487,0,0.487,0.874,-1,-0.002,0.001],"_shiftlockState":false,"_pose":"Running","_animationQueue":[],"_animationSpeed":1.066,"_zoom":20.656},{"_mousePosition":[814,459],"_rootPartCFrame":[775.115,222.7,47.14,0.001,0,1,0,1,0,-1,0,0.001],"_humanoidState":8,"_cameraCFrame":[785.165,242.246,47.165,0.003,-0.874,0.487,0,0.487,0.874,-1,-0.002,0.001],"_shiftlockState":false,"_pose":"Running","_animationQueue":[],"_animationSpeed":1.066,"_zoom":20.656},{"_mousePosition":[814,459],"_rootPartCFrame":[774.848,222.7,47.139,0.001,0,1,0,1,0,-1,0,0.001],"_humanoidState":8,"_cameraCFrame":[784.898,242.246,47.165,0.003,-0.874,0.487,0,0.487,0.874,-1,-0.002,0.001],"_shiftlockState":false,"_pose":"Running","_animationQueue":[],"_animationSpeed":1.066,"_zoom":20.656},{"_mousePosition":[814,459],"_rootPartCFrame":[774.582,222.7,47.139,0.001,0,1,0,1,0,-1,0,0.001],"_humanoidState":8,"_cameraCFrame":[784.631,242.246,47.164,0.003,-0.874,0.487,0,0.487,0.874,-1,-0.002,0.001],"_shiftlockState":false,"_pose":"Running","_animationQueue":[],"_animationSpeed":1.066,"_zoom":20.656},{"_mousePosition":[814,459],"_rootPartCFrame":[774.315,222.7,47.138,0.002,0,1,0,1,0,-1,0,0.002],"_humanoidState":8,"_cameraCFrame":[784.365,242.246,47.163,0.003,-0.874,0.487,0,0.487,0.874,-1,-0.002,0.001],"_shiftlockState":false,"_pose":"Running","_animationQueue":[],"_animationSpeed":1.066,"_zoom":20.656},{"_mousePosition":[814,459],"_rootPartCFrame":[774.048,222.7,47.137,0.002,0,1,0,1,0,-1,0,0.002],"_humanoidState":8,"_cameraCFrame":[784.063,242.266,47.163,0.003,-0.875,0.485,0,0.485,0.875,-1,-0.002,0.001],"_shiftlockState":false,"_pose":"Running","_animationQueue":[],"_animationSpeed":1.066,"_zoom":20.656},{"_mousePosition":[814,459],"_rootPartCFrame":[773.648,222.7,47.136,0.002,0,1,0,1,0,-1,0,0.002],"_humanoidState":8,"_cameraCFrame":[783.627,242.285,47.162,0.003,-0.876,0.483,0,0.483,0.876,-1,-0.002,0.001],"_shiftlockState":false,"_pose":"Running","_animationQueue":[["walk",0.1]],"_animationSpeed":1.066,"_zoom":20.656},{"_mousePosition":[814,459],"_rootPartCFrame":[773.515,222.7,47.136,0.002,0,1,0,1,0,-1,0,0.002],"_humanoidState":8,"_cameraCFrame":[783.459,242.305,47.161,0.003,-0.876,0.481,0,0.481,0.877,-1,-0.002,0.001],"_shiftlockState":false,"_pose":"Running","_animationQueue":[],"_animationSpeed":1.066,"_zoom":20.656},{"_mousePosition":[814,459],"_rootPartCFrame":[773.248,222.7,47.135,0.002,0,1,0,1,0,-1,0,0.002],"_humanoidState":8,"_cameraCFrame":[783.121,242.343,47.16,0.003,-0.878,0.478,0,0.478,0.878,-1,-0.002,0.001],"_shiftlockState":false,"_pose":"Running","_animationQueue":[],"_animationSpeed":1.066,"_zoom":20.656},{"_mousePosition":[814,459],"_rootPartCFrame":[772.981,222.7,47.135,0.002,0,1,0,1,0,-1,0,0.002],"_humanoidState":8,"_cameraCFrame":[782.819,242.363,47.16,0.003,-0.879,0.476,0,0.476,0.879,-1,-0.002,0.001],"_shiftlockState":false,"_pose":"Running","_animationQueue":[],"_animationSpeed":1.066,"_zoom":20.656},{"_mousePosition":[814,459],"_rootPartCFrame":[772.715,222.7,47.134,0.002,0,1,0,1,0,-1,0,0.002],"_humanoidState":8,"_cameraCFrame":[782.553,242.363,47.159,0.003,-0.879,0.476,0,0.476,0.879,-1,-0.002,0.001],"_shiftlockState":false,"_pose":"Running","_animationQueue":[],"_animationSpeed":1.066,"_zoom":20.656},{"_mousePosition":[814,459],"_rootPartCFrame":[772.448,222.717,47.133,0.002,0,1,0,1,0,-1,0,0.002],"_humanoidState":8,"_cameraCFrame":[782.25,242.399,47.158,0.003,-0.88,0.475,0,0.475,0.88,-1,-0.002,0.001],"_shiftlockState":false,"_pose":"Running","_animationQueue":[],"_animationSpeed":1.066,"_zoom":20.656},{"_mousePosition":[814,459],"_rootPartCFrame":[772.181,222.731,47.133,0.002,0,1,0,1,0,-1,0,0.002],"_humanoidState":8,"_cameraCFrame":[781.948,242.432,47.157,0.003,-0.881,0.473,0,0.473,0.881,-1,-0.002,0.001],"_shiftlockState":false,"_pose":"Running","_animationQueue":[],"_animationSpeed":1.066,"_zoom":20.656},{"_mousePosition":[814,459],"_rootPartCFrame":[771.914,222.757,47.132,0.002,0,1,0,1,0,-1,0,0.002],"_humanoidState":8,"_cameraCFrame":[781.646,242.477,47.157,0.003,-0.882,0.471,0,0.471,0.882,-1,-0.002,0.001],"_shiftlockState":false,"_pose":"Running","_animationQueue":[["walk",0.1]],"_animationSpeed":1.066,"_zoom":20.656},{"_mousePosition":[814,459],"_rootPartCFrame":[771.648,222.776,47.131,0.002,0,1,0,1,0,-1,0,0.002],"_humanoidState":8,"_cameraCFrame":[781.344,242.515,47.156,0.003,-0.883,0.469,0,0.469,0.883,-1,-0.002,0.001],"_shiftlockState":false,"_pose":"Running","_animationQueue":[],"_animationSpeed":1.066,"_zoom":20.656},{"_mousePosition":[814,459],"_rootPartCFrame":[771.381,222.751,47.131,0.002,0,1,0,1,0,-1,0,0.002],"_humanoidState":8,"_cameraCFrame":[781.042,242.509,47.155,0.003,-0.884,0.468,0,0.468,0.884,-1,-0.002,0.001],"_shiftlockState":false,"_pose":"Running","_animationQueue":[],"_animationSpeed":1.066,"_zoom":20.656},{"_mousePosition":[814,459],"_rootPartCFrame":[771.114,222.784,47.13,0.002,0,1,0,1,0,-1,0,0.002],"_humanoidState":8,"_cameraCFrame":[780.775,242.542,47.154,0.003,-0.884,0.468,0,0.468,0.884,-1,-0.002,0.001],"_shiftlockState":false,"_pose":"Running","_animationQueue":[],"_animationSpeed":1.066,"_zoom":20.656},{"_mousePosition":[814,459],"_rootPartCFrame":[770.848,222.819,47.129,0.002,0,1,0,1,0,-1,0,0.002],"_humanoidState":8,"_cameraCFrame":[780.508,242.577,47.154,0.003,-0.884,0.468,0,0.468,0.884,-1,-0.002,0.001],"_shiftlockState":false,"_pose":"Running","_animationQueue":[],"_animationSpeed":1.066,"_zoom":20.656},{"_mousePosition":[814,459],"_rootPartCFrame":[770.581,222.826,47.129,0.002,0,1,0,1,0,-1,0,0.002],"_humanoidState":8,"_cameraCFrame":[780.241,242.584,47.153,0.003,-0.884,0.468,0,0.468,0.884,-1,-0.002,0.001],"_shiftlockState":false,"_pose":"Running","_animationQueue":[],"_animationSpeed":1.066,"_zoom":20.656},{"_mousePosition":[814,459],"_rootPartCFrame":[770.248,223.91,47.128,0.002,0,1,0,1,0,-1,0,0.002],"_humanoidState":3,"_cameraCFrame":[779.908,243.668,47.152,0.003,-0.884,0.468,0,0.468,0.884,-1,-0.002,0.001],"_shiftlockState":false,"_pose":"Jumping","_animationQueue":[["walk",0.1],["walk",0.1],["jump",0.1]],"_animationSpeed":1,"_zoom":20.656},{"_mousePosition":[814,459],"_rootPartCFrame":[769.981,224.718,47.127,0.002,0,1,0,1,0,-1,0,0.002],"_humanoidState":5,"_cameraCFrame":[779.641,244.476,47.152,0.003,-0.884,0.468,0,0.468,0.884,-1,-0.002,0.001],"_shiftlockState":false,"_pose":"FreeFall","_animationQueue":[["jump",0.1]],"_animationSpeed":1,"_zoom":20.656},{"_mousePosition":[814,459],"_rootPartCFrame":[769.648,225.652,47.126,0.002,0,1,0,1,0,-1,0,0.002],"_humanoidState":5,"_cameraCFrame":[779.308,245.41,47.151,0.003,-0.884,0.468,0,0.468,0.884,-1,-0.002,0.001],"_shiftlockState":false,"_pose":"FreeFall","_animationQueue":[],"_animationSpeed":1,"_zoom":20.656},{"_mousePosition":[814,459],"_rootPartCFrame":[769.381,226.338,47.126,0.002,0,1,0,1,0,-1,0,0.002],"_humanoidState":5,"_cameraCFrame":[779.042,246.096,47.15,0.003,-0.884,0.468,0,0.468,0.884,-1,-0.002,0.001],"_shiftlockState":false,"_pose":"FreeFall","_animationQueue":[],"_animationSpeed":1,"_zoom":20.656},{"_mousePosition":[814,459],"_rootPartCFrame":[769.181,226.816,47.125,0.002,0,1,0,1,0,-1,0,0.002],"_humanoidState":5,"_cameraCFrame":[778.842,246.574,47.15,0.003,-0.884,0.468,0,0.468,0.884,-1,-0.002,0.001],"_shiftlockState":false,"_pose":"FreeFall","_animationQueue":[],"_animationSpeed":1,"_zoom":20.656},{"_mousePosition":[814,459],"_rootPartCFrame":[768.915,227.407,47.124,0.002,0,1,0,1,0,-1,0,0.002],"_humanoidState":5,"_cameraCFrame":[778.575,247.165,47.149,0.003,-0.884,0.468,0,0.468,0.884,-1,-0.002,0.001],"_shiftlockState":false,"_pose":"FreeFall","_animationQueue":[],"_animationSpeed":1,"_zoom":20.656},{"_mousePosition":[814,459],"_rootPartCFrame":[768.648,227.943,47.124,0.002,0,1,0,1,0,-1,0,0.002],"_humanoidState":5,"_cameraCFrame":[778.308,247.701,47.148,0.003,-0.884,0.468,0,0.468,0.884,-1,-0.002,0.001],"_shiftlockState":false,"_pose":"FreeFall","_animationQueue":[],"_animationSpeed":1,"_zoom":20.656},{"_mousePosition":[814,459],"_rootPartCFrame":[768.381,228.424,47.123,0.002,0,1,0,1,0,-1,0,0.002],"_humanoidState":5,"_cameraCFrame":[778.042,248.182,47.148,0.003,-0.884,0.468,0,0.468,0.884,-1,-0.002,0.001],"_shiftlockState":false,"_pose":"FreeFall","_animationQueue":[],"_animationSpeed":1,"_zoom":20.656},{"_mousePosition":[814,459],"_rootPartCFrame":[768.115,228.851,47.122,0.003,0,1,0,1,0,-1,0,0.003],"_humanoidState":5,"_cameraCFrame":[777.775,248.609,47.147,0.003,-0.884,0.468,0,0.468,0.884,-1,-0.002,0.001],"_shiftlockState":false,"_pose":"FreeFall","_animationQueue":[],"_animationSpeed":1,"_zoom":20.656},{"_mousePosition":[814,459],"_rootPartCFrame":[767.848,229.223,47.122,0.003,0,1,0,1,0,-1,0,0.003],"_humanoidState":5,"_cameraCFrame":[777.509,248.981,47.146,0.003,-0.884,0.468,0,0.468,0.884,-1,-0.002,0.001],"_shiftlockState":false,"_pose":"FreeFall","_animationQueue":[],"_animationSpeed":1,"_zoom":20.656},{"_mousePosition":[814,459],"_rootPartCFrame":[767.582,229.541,47.121,0.003,0,1,0,1,0,-1,0,0.003],"_humanoidState":5,"_cameraCFrame":[777.242,249.299,47.146,0.003,-0.884,0.468,0,0.468,0.884,-1,-0.002,0.001],"_shiftlockState":false,"_pose":"FreeFall","_animationQueue":[],"_animationSpeed":1,"_zoom":20.656},{"_mousePosition":[814,459],"_rootPartCFrame":[767.315,229.805,47.12,0.003,0,1,0,1,0,-1,0,0.003],"_humanoidState":5,"_cameraCFrame":[776.975,249.563,47.145,0.003,-0.884,0.468,0,0.468,0.884,-1,-0.002,0.001],"_shiftlockState":false,"_pose":"FreeFall","_animationQueue":[],"_animationSpeed":1,"_zoom":20.656},{"_mousePosition":[814,459],"_rootPartCFrame":[767.048,230.014,47.12,0.003,0,1,0,1,0,-1,0,0.003],"_humanoidState":5,"_cameraCFrame":[776.709,249.772,47.144,0.003,-0.884,0.468,0,0.468,0.884,-1,-0.002,0.001],"_shiftlockState":false,"_pose":"FreeFall","_animationQueue":[],"_animationSpeed":1,"_zoom":20.656},{"_mousePosition":[814,459],"_rootPartCFrame":[766.782,230.168,47.119,0.003,0,1,0,1,0,-1,0,0.003],"_humanoidState":5,"_cameraCFrame":[776.442,249.926,47.144,0.003,-0.884,0.468,0,0.468,0.884,-1,-0.002,0.001],"_shiftlockState":false,"_pose":"FreeFall","_animationQueue":[],"_animationSpeed":1,"_zoom":20.656},{"_mousePosition":[814,459],"_rootPartCFrame":[766.515,230.268,47.118,0.003,0,1,0,1,0,-1,0,0.003],"_humanoidState":5,"_cameraCFrame":[776.176,250.026,47.143,0.003,-0.884,0.468,0,0.468,0.884,-1,-0.002,0.001],"_shiftlockState":false,"_pose":"FreeFall","_animationQueue":[],"_animationSpeed":1,"_zoom":20.656},{"_mousePosition":[814,459],"_rootPartCFrame":[766.249,230.313,47.118,0.003,0,1,0,1,0,-1,0,0.003],"_humanoidState":5,"_cameraCFrame":[775.909,250.071,47.142,0.003,-0.884,0.468,0,0.468,0.884,-1,-0.002,0.001],"_shiftlockState":false,"_pose":"FreeFall","_animationQueue":[],"_animationSpeed":1,"_zoom":20.656},{"_mousePosition":[814,459],"_rootPartCFrame":[765.982,230.304,47.117,0.003,0,1,0,1,0,-1,0,0.003],"_humanoidState":5,"_cameraCFrame":[775.642,250.062,47.142,0.003,-0.884,0.468,0,0.468,0.884,-1,-0.002,0.001],"_shiftlockState":false,"_pose":"FreeFall","_animationQueue":[],"_animationSpeed":1,"_zoom":20.656},{"_mousePosition":[814,459],"_rootPartCFrame":[765.649,230.216,47.116,0.003,0,1,0,1,0,-1,0,0.003],"_humanoidState":5,"_cameraCFrame":[775.309,249.974,47.141,0.003,-0.884,0.468,0,0.468,0.884,-1,-0.002,0.001],"_shiftlockState":false,"_pose":"FreeFall","_animationQueue":[],"_animationSpeed":1,"_zoom":20.656},{"_mousePosition":[814,459],"_rootPartCFrame":[765.449,230.122,47.116,0.003,0,1,0,1,0,-1,0,0.003],"_humanoidState":5,"_cameraCFrame":[775.109,249.881,47.14,0.003,-0.884,0.468,0,0.468,0.884,-1,-0.002,0.001],"_shiftlockState":false,"_pose":"FreeFall","_animationQueue":[],"_animationSpeed":1,"_zoom":20.656},{"_mousePosition":[814,459],"_rootPartCFrame":[765.115,229.898,47.115,0.003,0,1,0,1,0,-1,0,0.003],"_humanoidState":5,"_cameraCFrame":[774.776,249.656,47.139,0.003,-0.884,0.468,0,0.468,0.884,-1,-0.002,0.001],"_shiftlockState":false,"_pose":"FreeFall","_animationQueue":[["fall",0.3]],"_animationSpeed":1,"_zoom":20.656},{"_mousePosition":[814,459],"_rootPartCFrame":[764.916,229.723,47.114,0.003,0,1,0,1,0,-1,0,0.003],"_humanoidState":5,"_cameraCFrame":[774.576,249.481,47.139,0.003,-0.884,0.468,0,0.468,0.884,-1,-0.002,0.001],"_shiftlockState":false,"_pose":"FreeFall","_animationQueue":[],"_animationSpeed":1,"_zoom":20.656},{"_mousePosition":[814,459],"_rootPartCFrame":[764.649,229.441,47.114,0.003,0,1,0,1,0,-1,0,0.003],"_humanoidState":5,"_cameraCFrame":[774.309,249.199,47.138,0.003,-0.884,0.468,0,0.468,0.884,-1,-0.002,0.001],"_shiftlockState":false,"_pose":"FreeFall","_animationQueue":[],"_animationSpeed":1,"_zoom":20.656},{"_mousePosition":[814,459],"_rootPartCFrame":[764.382,229.105,47.113,0.003,0,1,0,1,0,-1,0,0.003],"_humanoidState":5,"_cameraCFrame":[774.043,248.863,47.137,0.003,-0.884,0.468,0,0.468,0.884,-1,-0.002,0.001],"_shiftlockState":false,"_pose":"FreeFall","_animationQueue":[],"_animationSpeed":1,"_zoom":20.656},{"_mousePosition":[814,459],"_rootPartCFrame":[764.116,228.714,47.112,0.003,0,1,0,1,0,-1,0,0.003],"_humanoidState":5,"_cameraCFrame":[773.776,248.473,47.137,0.003,-0.884,0.468,0,0.468,0.884,-1,-0.002,0.001],"_shiftlockState":false,"_pose":"FreeFall","_animationQueue":[],"_animationSpeed":1,"_zoom":20.656},{"_mousePosition":[814,459],"_rootPartCFrame":[763.849,228.269,47.112,0.003,0,1,0,1,0,-1,0,0.003],"_humanoidState":5,"_cameraCFrame":[773.51,248.027,47.136,0.003,-0.884,0.468,0,0.468,0.884,-1,-0.002,0.001],"_shiftlockState":false,"_pose":"FreeFall","_animationQueue":[],"_animationSpeed":1,"_zoom":20.656},{"_mousePosition":[814,459],"_rootPartCFrame":[763.583,227.77,47.111,0.003,0,1,0,1,0,-1,0,0.003],"_humanoidState":5,"_cameraCFrame":[773.243,247.528,47.135,0.003,-0.884,0.468,0,0.468,0.884,-1,-0.002,0.001],"_shiftlockState":false,"_pose":"FreeFall","_animationQueue":[],"_animationSpeed":1,"_zoom":20.656},{"_mousePosition":[814,459],"_rootPartCFrame":[763.316,227.216,47.11,0.003,0,1,0,1,0,-1,0,0.003],"_humanoidState":5,"_cameraCFrame":[772.976,246.974,47.135,0.003,-0.884,0.468,0,0.468,0.884,-1,-0.002,0.001],"_shiftlockState":false,"_pose":"FreeFall","_animationQueue":[["fall",0.3]],"_animationSpeed":1,"_zoom":20.656},{"_mousePosition":[814,459],"_rootPartCFrame":[763.049,226.607,47.11,0.003,0,1,0,1,0,-1,0,0.003],"_humanoidState":5,"_cameraCFrame":[772.71,246.365,47.134,0.003,-0.884,0.468,0,0.468,0.884,-1,-0.002,0.001],"_shiftlockState":false,"_pose":"FreeFall","_animationQueue":[],"_animationSpeed":1,"_zoom":20.656},{"_mousePosition":[814,459],"_rootPartCFrame":[762.783,225.944,47.109,0.003,0,1,0,1,0,-1,0,0.003],"_humanoidState":5,"_cameraCFrame":[772.443,245.702,47.133,0.003,-0.884,0.468,0,0.468,0.884,-1,-0.002,0.001],"_shiftlockState":false,"_pose":"FreeFall","_animationQueue":[],"_animationSpeed":1,"_zoom":20.656},{"_mousePosition":[814,459],"_rootPartCFrame":[762.516,225.226,47.108,0.003,0,1,0,1,0,-1,0,0.003],"_humanoidState":5,"_cameraCFrame":[772.177,244.984,47.133,0.003,-0.884,0.468,0,0.468,0.884,-1,-0.002,0.001],"_shiftlockState":false,"_pose":"FreeFall","_animationQueue":[],"_animationSpeed":1,"_zoom":20.656},{"_mousePosition":[814,459],"_rootPartCFrame":[762.25,224.454,47.108,0.003,0,1,0,1,0,-1,0,0.003],"_humanoidState":5,"_cameraCFrame":[771.91,244.212,47.132,0.003,-0.884,0.468,0,0.468,0.884,-1,-0.002,0.001],"_shiftlockState":false,"_pose":"FreeFall","_animationQueue":[],"_animationSpeed":1,"_zoom":20.656},{"_mousePosition":[814,459],"_rootPartCFrame":[761.983,223.628,47.107,0.003,0,1,0,1,0,-1,0,0.003],"_humanoidState":5,"_cameraCFrame":[771.643,243.386,47.131,0.003,-0.884,0.468,0,0.468,0.884,-1,-0.002,0.001],"_shiftlockState":false,"_pose":"FreeFall","_animationQueue":[],"_animationSpeed":1,"_zoom":20.656},{"_mousePosition":[814,459],"_rootPartCFrame":[761.716,222.853,47.106,0.003,0,1,0,1,0,-1,0,0.003],"_humanoidState":7,"_cameraCFrame":[771.377,242.611,47.131,0.003,-0.884,0.468,0,0.468,0.884,-1,-0.002,0.001],"_shiftlockState":false,"_pose":"FreeFall","_animationQueue":[["fall",0.3],["walk",0.1],["fall",0.3],["fall",0.3]],"_animationSpeed":1,"_zoom":20.656},{"_mousePosition":[814,459],"_rootPartCFrame":[761.45,222.835,47.106,0.003,0,1,0,1,0,-1,0,0.003],"_humanoidState":7,"_cameraCFrame":[771.11,242.593,47.13,0.003,-0.884,0.468,0,0.468,0.884,-1,-0.002,0.001],"_shiftlockState":false,"_pose":"FreeFall","_animationQueue":[],"_animationSpeed":1,"_zoom":20.656},{"_mousePosition":[814,459],"_rootPartCFrame":[761.183,223.018,47.105,0.003,0,1,0,1,0,-1,0,0.003],"_humanoidState":8,"_cameraCFrame":[770.844,242.776,47.129,0.003,-0.884,0.468,0,0.468,0.884,-1,-0.002,0.001],"_shiftlockState":false,"_pose":"Running","_animationQueue":[["walk",0.1],["fall",0.3],["walk",0.1]],"_animationSpeed":1.103,"_zoom":20.656},{"_mousePosition":[814,459],"_rootPartCFrame":[760.921,223.216,47.104,0.003,0,1,0,1,0,-1,0,0.003],"_humanoidState":8,"_cameraCFrame":[770.582,242.974,47.129,0.003,-0.884,0.468,0,0.468,0.884,-1,-0.002,0.001],"_shiftlockState":false,"_pose":"Running","_animationQueue":[],"_animationSpeed":1.103,"_zoom":20.656},{"_mousePosition":[814,459],"_rootPartCFrame":[760.676,223.444,47.104,0.003,0,1,0,1,0,-1,0,0.003],"_humanoidState":8,"_cameraCFrame":[770.337,243.202,47.128,0.003,-0.884,0.468,0,0.468,0.884,-1,-0.002,0.001],"_shiftlockState":false,"_pose":"Running","_animationQueue":[],"_animationSpeed":1.103,"_zoom":20.656},{"_mousePosition":[814,459],"_rootPartCFrame":[760.43,223.712,47.103,0.003,0,1,0,1,0,-1,0,0.003],"_humanoidState":8,"_cameraCFrame":[770.09,243.47,47.128,0.003,-0.884,0.468,0,0.468,0.884,-1,-0.002,0.001],"_shiftlockState":false,"_pose":"Running","_animationQueue":[["walk",0.1]],"_animationSpeed":1.004,"_zoom":20.656},{"_mousePosition":[814,459],"_rootPartCFrame":[760.205,223.976,47.103,0.003,0,1,0,1,0,-1,0,0.003],"_humanoidState":8,"_cameraCFrame":[769.866,243.734,47.127,0.003,-0.884,0.468,0,0.468,0.884,-1,-0.002,0.001],"_shiftlockState":false,"_pose":"Running","_animationQueue":[],"_animationSpeed":1.004,"_zoom":20.656},{"_mousePosition":[814,459],"_rootPartCFrame":[759.977,224.216,47.102,0.003,0,1,0,1,0,-1,0,0.003],"_humanoidState":8,"_cameraCFrame":[769.638,243.974,47.126,0.003,-0.884,0.468,0,0.468,0.884,-1,-0.002,0.001],"_shiftlockState":false,"_pose":"Running","_animationQueue":[["walk",0.1],["walk",0.1]],"_animationSpeed":0.915,"_zoom":20.656},{"_mousePosition":[814,459],"_rootPartCFrame":[759.723,224.514,47.101,0.003,0,1,0,1,0,-1,0,0.003],"_humanoidState":8,"_cameraCFrame":[769.383,244.272,47.126,0.003,-0.884,0.468,0,0.468,0.884,-1,-0.002,0.001],"_shiftlockState":false,"_pose":"Running","_animationQueue":[],"_animationSpeed":0.915,"_zoom":20.656},{"_mousePosition":[814,459],"_rootPartCFrame":[759.548,224.751,47.101,0.003,0,1,0,1,0,-1,0,0.003],"_humanoidState":8,"_cameraCFrame":[769.209,244.509,47.125,0.003,-0.884,0.468,0,0.468,0.884,-1,-0.002,0.001],"_shiftlockState":false,"_pose":"Running","_animationQueue":[["walk",0.1]],"_animationSpeed":0.83,"_zoom":20.656},{"_mousePosition":[814,459],"_rootPartCFrame":[759.412,224.929,47.101,0.003,0,1,0,1,0,-1,0,0.003],"_humanoidState":8,"_cameraCFrame":[769.073,244.687,47.125,0.003,-0.884,0.468,0,0.468,0.884,-1,-0.002,0.001],"_shiftlockState":false,"_pose":"Running","_animationQueue":[["walk",0.1]],"_animationSpeed":0.706,"_zoom":20.656},{"_mousePosition":[814,459],"_rootPartCFrame":[759.221,225.156,47.1,0.003,0,1,0,1,0,-1,0,0.003],"_humanoidState":8,"_cameraCFrame":[768.882,244.914,47.124,0.003,-0.884,0.468,0,0.468,0.884,-1,-0.002,0.001],"_shiftlockState":false,"_pose":"Running","_animationQueue":[["walk",0.1]],"_animationSpeed":0.757,"_zoom":20.656},{"_mousePosition":[814,459],"_rootPartCFrame":[759.019,225.365,47.1,0.003,0,1,0,1,0,-1,0,0.003],"_humanoidState":8,"_cameraCFrame":[768.679,245.123,47.124,0.003,-0.884,0.468,0,0.468,0.884,-1,-0.002,0.001],"_shiftlockState":false,"_pose":"Running","_animationQueue":[["walk",0.1]],"_animationSpeed":0.797,"_zoom":20.656},{"_mousePosition":[814,459],"_rootPartCFrame":[758.806,225.559,47.099,0.003,0,1,0,1,0,-1,0,0.003],"_humanoidState":8,"_cameraCFrame":[768.466,245.317,47.123,0.003,-0.884,0.468,0,0.468,0.884,-1,-0.002,0.001],"_shiftlockState":false,"_pose":"Running","_animationQueue":[["walk",0.1]],"_animationSpeed":0.843,"_zoom":20.656},{"_mousePosition":[814,459],"_rootPartCFrame":[758.527,225.777,47.098,0.003,0,1,0,1,0,-1,0,0.003],"_humanoidState":8,"_cameraCFrame":[768.188,245.535,47.123,0.003,-0.884,0.468,0,0.468,0.884,-1,-0.002,0.001],"_shiftlockState":false,"_pose":"Running","_animationQueue":[["walk",0.1],["walk",0.1]],"_animationSpeed":0.886,"_zoom":20.656},{"_mousePosition":[814,459],"_rootPartCFrame":[758.353,225.898,47.098,0.003,0,1,0,1,0,-1,0,0.003],"_humanoidState":8,"_cameraCFrame":[768.014,245.656,47.122,0.003,-0.884,0.468,0,0.468,0.884,-1,-0.002,0.001],"_shiftlockState":false,"_pose":"Running","_animationQueue":[],"_animationSpeed":0.886,"_zoom":20.656},{"_mousePosition":[814,459],"_rootPartCFrame":[758.114,226.046,47.097,0.003,0,1,0,1,0,-1,0,0.003],"_humanoidState":8,"_cameraCFrame":[767.774,245.804,47.122,0.003,-0.884,0.468,0,0.468,0.884,-1,-0.002,0.001],"_shiftlockState":false,"_pose":"Running","_animationQueue":[["walk",0.1]],"_animationSpeed":0.968,"_zoom":20.656},{"_mousePosition":[814,459],"_rootPartCFrame":[757.868,226.178,47.097,0.003,0,1,0,1,0,-1,0,0.003],"_humanoidState":8,"_cameraCFrame":[767.528,245.936,47.121,0.003,-0.884,0.468,0,0.468,0.884,-1,-0.002,0.001],"_shiftlockState":false,"_pose":"Running","_animationQueue":[],"_animationSpeed":0.968,"_zoom":20.656},{"_mousePosition":[814,459],"_rootPartCFrame":[757.616,226.293,47.096,0.003,0,1,0,1,0,-1,0,0.003],"_humanoidState":8,"_cameraCFrame":[767.277,246.051,47.12,0.003,-0.884,0.468,0,0.468,0.884,-1,-0.002,0.001],"_shiftlockState":false,"_pose":"Running","_animationQueue":[["walk",0.1]],"_animationSpeed":1.021,"_zoom":20.656},{"_mousePosition":[814,459],"_rootPartCFrame":[757.359,226.392,47.095,0.003,0,1,0,1,0,-1,0,0.003],"_humanoidState":8,"_cameraCFrame":[767.02,246.15,47.12,0.003,-0.884,0.468,0,0.468,0.884,-1,-0.002,0.001],"_shiftlockState":false,"_pose":"Running","_animationQueue":[],"_animationSpeed":1.021,"_zoom":20.656},{"_mousePosition":[814,459],"_rootPartCFrame":[757.098,226.476,47.095,0.003,0,1,0,1,0,-1,0,0.003],"_humanoidState":8,"_cameraCFrame":[766.759,246.234,47.119,0.003,-0.884,0.468,0,0.468,0.884,-1,-0.002,0.001],"_shiftlockState":false,"_pose":"Running","_animationQueue":[],"_animationSpeed":1.021,"_zoom":20.656},{"_mousePosition":[814,459],"_rootPartCFrame":[756.702,226.573,47.094,0.003,0,1,0,1,0,-1,0,0.003],"_humanoidState":8,"_cameraCFrame":[766.363,246.331,47.118,0.003,-0.884,0.468,0,0.468,0.884,-1,-0.002,0.001],"_shiftlockState":false,"_pose":"Running","_animationQueue":[["walk",0.1],["walk",0.1]],"_animationSpeed":1.081,"_zoom":20.656},{"_mousePosition":[814,459],"_rootPartCFrame":[756.569,226.595,47.093,0.003,0,1,0,1,0,-1,0,0.003],"_humanoidState":8,"_cameraCFrame":[766.23,246.353,47.118,0.003,-0.884,0.468,0,0.468,0.884,-1,-0.002,0.001],"_shiftlockState":false,"_pose":"Running","_animationQueue":[],"_animationSpeed":1.081,"_zoom":20.656},{"_mousePosition":[814,459],"_rootPartCFrame":[756.303,226.625,47.093,0.003,0,1,0,1,0,-1,0,0.003],"_humanoidState":8,"_cameraCFrame":[765.963,246.383,47.117,0.003,-0.884,0.468,0,0.468,0.884,-1,-0.002,0.001],"_shiftlockState":false,"_pose":"Running","_animationQueue":[],"_animationSpeed":1.081,"_zoom":20.656},{"_mousePosition":[814,459],"_rootPartCFrame":[756.036,226.638,47.092,0.003,0,1,0,1,0,-1,0,0.003],"_humanoidState":8,"_cameraCFrame":[765.697,246.396,47.116,0.003,-0.884,0.468,0,0.468,0.884,-1,-0.002,0.001],"_shiftlockState":false,"_pose":"Running","_animationQueue":[],"_animationSpeed":1.081,"_zoom":20.656},{"_mousePosition":[814,459],"_rootPartCFrame":[755.639,226.585,47.091,0.003,0,1,0,1,0,-1,0,0.003],"_humanoidState":8,"_cameraCFrame":[765.299,246.343,47.115,0.003,-0.884,0.468,0,0.468,0.884,-1,-0.002,0.001],"_shiftlockState":false,"_pose":"Running","_animationQueue":[],"_animationSpeed":1.081,"_zoom":20.656},{"_mousePosition":[814,459],"_rootPartCFrame":[755.508,226.551,47.091,0.003,0,1,0,1,0,-1,0,0.003],"_humanoidState":8,"_cameraCFrame":[765.169,246.31,47.115,0.003,-0.884,0.468,0,0.468,0.884,-1,-0.002,0.001],"_shiftlockState":false,"_pose":"Running","_animationQueue":[],"_animationSpeed":1.081,"_zoom":20.656},{"_mousePosition":[814,459],"_rootPartCFrame":[755.249,226.47,47.09,0.003,0,1,0,1,0,-1,0,0.003],"_humanoidState":8,"_cameraCFrame":[764.91,246.228,47.114,0.003,-0.884,0.468,0,0.468,0.884,-1,-0.002,0.001],"_shiftlockState":false,"_pose":"Running","_animationQueue":[["walk",0.1]],"_animationSpeed":1.081,"_zoom":20.656},{"_mousePosition":[814,459],"_rootPartCFrame":[754.868,226.34,47.089,0.003,0,1,0,1,0,-1,0,0.003],"_humanoidState":8,"_cameraCFrame":[764.528,246.098,47.113,0.003,-0.884,0.468,0,0.468,0.884,-1,-0.002,0.001],"_shiftlockState":false,"_pose":"Running","_animationQueue":[],"_animationSpeed":1.081,"_zoom":20.656},{"_mousePosition":[814,459],"_rootPartCFrame":[754.745,226.293,47.089,0.003,0,1,0,1,0,-1,0,0.003],"_humanoidState":8,"_cameraCFrame":[764.405,246.052,47.113,0.003,-0.884,0.468,0,0.468,0.884,-1,-0.002,0.001],"_shiftlockState":false,"_pose":"Running","_animationQueue":[],"_animationSpeed":1.081,"_zoom":20.656},{"_mousePosition":[814,459],"_rootPartCFrame":[754.503,226.169,47.088,0.003,0,1,0,1,0,-1,0,0.003],"_humanoidState":8,"_cameraCFrame":[764.163,245.927,47.113,0.003,-0.884,0.468,0,0.468,0.884,-1,-0.002,0.001],"_shiftlockState":false,"_pose":"Running","_animationQueue":[["walk",0.1]],"_animationSpeed":1.019,"_zoom":20.656},{"_mousePosition":[814,459],"_rootPartCFrame":[754.269,226.014,47.087,0.003,0,1,0,1,0,-1,0,0.003],"_humanoidState":8,"_cameraCFrame":[763.929,245.772,47.112,0.003,-0.884,0.468,0,0.468,0.884,-1,-0.002,0.001],"_shiftlockState":false,"_pose":"Running","_animationQueue":[],"_animationSpeed":1.019,"_zoom":20.656},{"_mousePosition":[814,459],"_rootPartCFrame":[754.043,225.852,47.087,0.003,0,1,0,1,0,-1,0,0.003],"_humanoidState":8,"_cameraCFrame":[763.704,245.61,47.111,0.003,-0.884,0.468,0,0.468,0.884,-1,-0.002,0.001],"_shiftlockState":false,"_pose":"Running","_animationQueue":[["walk",0.1]],"_animationSpeed":0.967,"_zoom":20.656},{"_mousePosition":[814,459],"_rootPartCFrame":[753.828,225.712,47.086,0.003,0,1,0,1,0,-1,0,0.003],"_humanoidState":8,"_cameraCFrame":[763.488,245.47,47.111,0.003,-0.884,0.468,0,0.468,0.884,-1,-0.002,0.001],"_shiftlockState":false,"_pose":"Running","_animationQueue":[],"_animationSpeed":0.967,"_zoom":20.656},{"_mousePosition":[814,459],"_rootPartCFrame":[753.623,225.565,47.086,0.003,0,1,0,1,0,-1,0,0.003],"_humanoidState":8,"_cameraCFrame":[763.284,245.323,47.11,0.003,-0.884,0.468,0,0.468,0.884,-1,-0.002,0.001],"_shiftlockState":false,"_pose":"Running","_animationQueue":[["walk",0.1],["walk",0.1]],"_animationSpeed":0.889,"_zoom":20.656},{"_mousePosition":[814,459],"_rootPartCFrame":[753.431,225.363,47.085,0.003,0,1,0,1,0,-1,0,0.003],"_humanoidState":8,"_cameraCFrame":[763.091,245.121,47.11,0.003,-0.884,0.468,0,0.468,0.884,-1,-0.002,0.001],"_shiftlockState":false,"_pose":"Running","_animationQueue":[["walk",0.1]],"_animationSpeed":0.844,"_zoom":20.656},{"_mousePosition":[814,459],"_rootPartCFrame":[753.251,225.107,47.085,0.003,0,1,0,1,0,-1,0,0.003],"_humanoidState":8,"_cameraCFrame":[762.912,244.865,47.109,0.003,-0.884,0.468,0,0.468,0.884,-1,-0.002,0.001],"_shiftlockState":false,"_pose":"Running","_animationQueue":[["walk",0.1]],"_animationSpeed":0.793,"_zoom":20.656},{"_mousePosition":[814,459],"_rootPartCFrame":[753.044,224.814,47.084,0.003,0,1,0,1,0,-1,0,0.003],"_humanoidState":8,"_cameraCFrame":[762.705,244.572,47.109,0.003,-0.884,0.468,0,0.468,0.884,-1,-0.002,0.001],"_shiftlockState":false,"_pose":"Running","_animationQueue":[["walk",0.1]],"_animationSpeed":0.738,"_zoom":20.656},{"_mousePosition":[814,459],"_rootPartCFrame":[752.845,224.618,47.084,0.003,0,1,0,1,0,-1,0,0.003],"_humanoidState":8,"_cameraCFrame":[762.505,244.376,47.108,0.003,-0.884,0.468,0,0.468,0.884,-1,-0.002,0.001],"_shiftlockState":false,"_pose":"Running","_animationQueue":[["walk",0.1]],"_animationSpeed":0.865,"_zoom":20.656},{"_mousePosition":[814,459],"_rootPartCFrame":[752.619,224.501,47.083,0.003,0,1,0,1,0,-1,0,0.003],"_humanoidState":8,"_cameraCFrame":[762.279,244.26,47.108,0.003,-0.884,0.468,0,0.468,0.884,-1,-0.002,0.001],"_shiftlockState":false,"_pose":"Running","_animationQueue":[["walk",0.1]],"_animationSpeed":0.822,"_zoom":20.656},{"_mousePosition":[814,459],"_rootPartCFrame":[752.398,224.331,47.083,0.003,0,1,0,1,0,-1,0,0.003],"_humanoidState":8,"_cameraCFrame":[762.058,244.089,47.107,0.003,-0.884,0.468,0,0.468,0.884,-1,-0.002,0.001],"_shiftlockState":false,"_pose":"Running","_animationQueue":[["walk",0.1]],"_animationSpeed":0.944,"_zoom":20.656},{"_mousePosition":[814,459],"_rootPartCFrame":[752.153,224.105,47.082,0.003,0,1,0,1,0,-1,0,0.003],"_humanoidState":8,"_cameraCFrame":[761.813,243.863,47.107,0.003,-0.884,0.468,0,0.468,0.884,-1,-0.002,0.001],"_shiftlockState":false,"_pose":"Running","_animationQueue":[["walk",0.1]],"_animationSpeed":0.944,"_zoom":20.656},{"_mousePosition":[814,459],"_rootPartCFrame":[751.91,223.826,47.082,0.003,0,1,0,1,0,-1,0,0.003],"_humanoidState":8,"_cameraCFrame":[761.57,243.584,47.106,0.003,-0.884,0.468,0,0.468,0.884,-1,-0.002,0.001],"_shiftlockState":false,"_pose":"Running","_animationQueue":[["walk",0.1]],"_animationSpeed":1.021,"_zoom":20.656},{"_mousePosition":[814,459],"_rootPartCFrame":[751.65,223.491,47.081,0.003,0,1,0,1,0,-1,0,0.003],"_humanoidState":8,"_cameraCFrame":[761.31,243.249,47.105,0.003,-0.884,0.468,0,0.468,0.884,-1,-0.002,0.001],"_shiftlockState":false,"_pose":"Running","_animationQueue":[],"_animationSpeed":1.021,"_zoom":20.656},{"_mousePosition":[814,459],"_rootPartCFrame":[751.384,223.256,47.08,0.003,0,1,0,1,0,-1,0,0.003],"_humanoidState":8,"_cameraCFrame":[761.044,243.014,47.105,0.003,-0.884,0.468,0,0.468,0.884,-1,-0.002,0.001],"_shiftlockState":false,"_pose":"Running","_animationQueue":[["walk",0.1]],"_animationSpeed":1.08,"_zoom":20.656},{"_mousePosition":[814,459],"_rootPartCFrame":[751.117,223.12,47.08,0.003,0,1,0,1,0,-1,0,0.003],"_humanoidState":8,"_cameraCFrame":[760.777,242.878,47.104,0.003,-0.884,0.468,0,0.468,0.884,-1,-0.002,0.001],"_shiftlockState":false,"_pose":"Running","_animationQueue":[],"_animationSpeed":1.08,"_zoom":20.656},{"_mousePosition":[814,459],"_rootPartCFrame":[750.85,222.929,47.079,0.003,0,1,0,1,0,-1,0,0.003],"_humanoidState":8,"_cameraCFrame":[760.511,242.687,47.103,0.003,-0.884,0.468,0,0.468,0.884,-1,-0.002,0.001],"_shiftlockState":false,"_pose":"Running","_animationQueue":[],"_animationSpeed":1.08,"_zoom":20.656},{"_mousePosition":[814,459],"_rootPartCFrame":[750.583,222.902,47.078,0.003,0,1,0,1,0,-1,0,0.003],"_humanoidState":8,"_cameraCFrame":[760.244,242.66,47.103,0.003,-0.884,0.468,0,0.468,0.884,-1,-0.002,0.001],"_shiftlockState":false,"_pose":"Running","_animationQueue":[],"_animationSpeed":1.08,"_zoom":20.656},{"_mousePosition":[814,459],"_rootPartCFrame":[750.317,222.839,47.077,0.003,0,1,0,1,0,-1,0,0.003],"_humanoidState":8,"_cameraCFrame":[759.977,242.597,47.102,0.003,-0.884,0.468,0,0.468,0.884,-1,-0.002,0.001],"_shiftlockState":false,"_pose":"Running","_animationQueue":[["walk",0.1]],"_animationSpeed":1.08,"_zoom":20.656},{"_mousePosition":[814,459],"_rootPartCFrame":[750.05,222.722,47.077,0.003,0,1,0,1,0,-1,0,0.003],"_humanoidState":8,"_cameraCFrame":[759.71,242.48,47.101,0.003,-0.884,0.468,0,0.468,0.884,-1,-0.002,0.001],"_shiftlockState":false,"_pose":"Running","_animationQueue":[],"_animationSpeed":1.08,"_zoom":20.656},{"_mousePosition":[814,459],"_rootPartCFrame":[749.783,222.629,47.076,0.003,0,1,0,1,0,-1,0,0.003],"_humanoidState":8,"_cameraCFrame":[759.444,242.387,47.101,0.003,-0.884,0.468,0,0.468,0.884,-1,-0.002,0.001],"_shiftlockState":false,"_pose":"Running","_animationQueue":[],"_animationSpeed":1.08,"_zoom":20.656},{"_mousePosition":[814,459],"_rootPartCFrame":[749.517,222.648,47.075,0.003,0,1,0,1,0,-1,0,0.003],"_humanoidState":8,"_cameraCFrame":[759.177,242.406,47.1,0.003,-0.884,0.468,0,0.468,0.884,-1,-0.002,0.001],"_shiftlockState":false,"_pose":"Running","_animationQueue":[],"_animationSpeed":1.08,"_zoom":20.656},{"_mousePosition":[814,459],"_rootPartCFrame":[749.25,222.67,47.075,0.003,0,1,0,1,0,-1,0,0.003],"_humanoidState":8,"_cameraCFrame":[758.91,242.428,47.099,0.003,-0.884,0.468,0,0.468,0.884,-1,-0.002,0.001],"_shiftlockState":false,"_pose":"Running","_animationQueue":[],"_animationSpeed":1.08,"_zoom":20.656},{"_mousePosition":[813,460],"_rootPartCFrame":[748.983,222.683,47.074,0.003,0,1,0,1,0,-1,0,0.003],"_humanoidState":8,"_cameraCFrame":[758.644,242.441,47.099,0.003,-0.884,0.468,0,0.468,0.884,-1,-0.002,0.001],"_shiftlockState":false,"_pose":"Running","_animationQueue":[],"_animationSpeed":1.08,"_zoom":20.656},{"_mousePosition":[813,460],"_rootPartCFrame":[748.716,222.691,47.073,0.003,0,1,0,1,0,-1,0,0.003],"_humanoidState":8,"_cameraCFrame":[758.377,242.449,47.098,0.003,-0.884,0.468,0,0.468,0.884,-1,-0.002,0.001],"_shiftlockState":false,"_pose":"Running","_animationQueue":[["walk",0.1]],"_animationSpeed":1.08,"_zoom":20.656},{"_mousePosition":[813,460],"_rootPartCFrame":[748.383,223.761,47.073,0.003,0,1,0,1,0,-1,0,0.003],"_humanoidState":3,"_cameraCFrame":[758.044,243.519,47.097,0.003,-0.884,0.468,0,0.468,0.884,-1,-0.002,0.001],"_shiftlockState":false,"_pose":"Jumping","_animationQueue":[["walk",0.1],["jump",0.1]],"_animationSpeed":1,"_zoom":20.656},{"_mousePosition":[813,460],"_rootPartCFrame":[748.183,224.362,47.072,0.003,0,1,0,1,0,-1,0,0.003],"_humanoidState":5,"_cameraCFrame":[757.844,244.12,47.097,0.003,-0.884,0.468,0,0.468,0.884,-1,-0.002,0.001],"_shiftlockState":false,"_pose":"FreeFall","_animationQueue":[["jump",0.1]],"_animationSpeed":1,"_zoom":20.656},{"_mousePosition":[813,460],"_rootPartCFrame":[747.917,225.116,47.071,0.003,0,1,0,1,0,-1,0,0.003],"_humanoidState":5,"_cameraCFrame":[757.577,244.874,47.096,0.003,-0.884,0.468,0,0.468,0.884,-1,-0.002,0.001],"_shiftlockState":false,"_pose":"FreeFall","_animationQueue":[],"_animationSpeed":1,"_zoom":20.656},{"_mousePosition":[813,460],"_rootPartCFrame":[747.65,225.815,47.071,0.003,0,1,0,1,0,-1,0,0.003],"_humanoidState":5,"_cameraCFrame":[757.31,245.574,47.095,0.003,-0.884,0.468,0,0.468,0.884,-1,-0.002,0.001],"_shiftlockState":false,"_pose":"FreeFall","_animationQueue":[],"_animationSpeed":1,"_zoom":20.656},{"_mousePosition":[813,460],"_rootPartCFrame":[747.383,226.46,47.07,0.003,0,1,0,1,0,-1,0,0.003],"_humanoidState":5,"_cameraCFrame":[757.044,246.218,47.095,0.003,-0.884,0.468,0,0.468,0.884,-1,-0.002,0.001],"_shiftlockState":false,"_pose":"FreeFall","_animationQueue":[],"_animationSpeed":1,"_zoom":20.656},{"_mousePosition":[813,460],"_rootPartCFrame":[747.117,227.051,47.069,0.003,0,1,0,1,0,-1,0,0.003],"_humanoidState":5,"_cameraCFrame":[756.777,246.809,47.094,0.003,-0.884,0.468,0,0.468,0.884,-1,-0.002,0.001],"_shiftlockState":false,"_pose":"FreeFall","_animationQueue":[],"_animationSpeed":1,"_zoom":20.656},{"_mousePosition":[813,460],"_rootPartCFrame":[746.85,227.587,47.069,0.003,0,1,0,1,0,-1,0,0.003],"_humanoidState":5,"_cameraCFrame":[756.511,247.345,47.093,0.003,-0.884,0.468,0,0.468,0.884,-1,-0.002,0.001],"_shiftlockState":false,"_pose":"FreeFall","_animationQueue":[],"_animationSpeed":1,"_zoom":20.656},{"_mousePosition":[813,460],"_rootPartCFrame":[746.584,228.068,47.068,0.003,0,1,0,1,0,-1,0,0.003],"_humanoidState":5,"_cameraCFrame":[756.244,247.826,47.093,0.003,-0.884,0.468,0,0.468,0.884,-1,-0.002,0.001],"_shiftlockState":false,"_pose":"FreeFall","_animationQueue":[],"_animationSpeed":1,"_zoom":20.656},{"_mousePosition":[813,460],"_rootPartCFrame":[746.317,228.495,47.067,0.003,0,1,0,1,0,-1,0,0.003],"_humanoidState":5,"_cameraCFrame":[755.977,248.253,47.092,0.003,-0.884,0.468,0,0.468,0.884,-1,-0.002,0.001],"_shiftlockState":false,"_pose":"FreeFall","_animationQueue":[],"_animationSpeed":1,"_zoom":20.656},{"_mousePosition":[813,460],"_rootPartCFrame":[746.05,228.867,47.067,0.003,0,1,0,1,0,-1,0,0.003],"_humanoidState":5,"_cameraCFrame":[755.711,248.625,47.091,0.003,-0.884,0.468,0,0.468,0.884,-1,-0.002,0.001],"_shiftlockState":false,"_pose":"FreeFall","_animationQueue":[],"_animationSpeed":1,"_zoom":20.656},{"_mousePosition":[813,460],"_rootPartCFrame":[745.784,229.185,47.066,0.003,0,1,0,1,0,-1,0,0.003],"_humanoidState":5,"_cameraCFrame":[755.444,248.943,47.091,0.003,-0.884,0.468,0,0.468,0.884,-1,-0.002,0.001],"_shiftlockState":false,"_pose":"FreeFall","_animationQueue":[],"_animationSpeed":1,"_zoom":20.656},{"_mousePosition":[813,460],"_rootPartCFrame":[745.517,229.449,47.065,0.003,0,1,0,1,0,-1,0,0.003],"_humanoidState":5,"_cameraCFrame":[755.178,249.207,47.09,0.003,-0.884,0.468,0,0.468,0.884,-1,-0.002,0.001],"_shiftlockState":false,"_pose":"FreeFall","_animationQueue":[],"_animationSpeed":1,"_zoom":20.656},{"_mousePosition":[813,460],"_rootPartCFrame":[745.251,229.658,47.065,0.003,0,1,0,1,0,-1,0,0.003],"_humanoidState":5,"_cameraCFrame":[754.911,249.416,47.089,0.003,-0.884,0.468,0,0.468,0.884,-1,-0.002,0.001],"_shiftlockState":false,"_pose":"FreeFall","_animationQueue":[],"_animationSpeed":1,"_zoom":20.656},{"_mousePosition":[813,460],"_rootPartCFrame":[744.917,229.842,47.064,0.003,0,1,0,1,0,-1,0,0.003],"_humanoidState":5,"_cameraCFrame":[754.578,249.6,47.088,0.003,-0.884,0.468,0,0.468,0.884,-1,-0.002,0.001],"_shiftlockState":false,"_pose":"FreeFall","_animationQueue":[],"_animationSpeed":1,"_zoom":20.656},{"_mousePosition":[814,460],"_rootPartCFrame":[744.651,229.928,47.063,0.003,0,1,0,1,0,-1,0,0.003],"_humanoidState":5,"_cameraCFrame":[754.311,249.686,47.088,0.003,-0.884,0.468,0,0.468,0.884,-1,-0.002,0.001],"_shiftlockState":false,"_pose":"FreeFall","_animationQueue":[],"_animationSpeed":1,"_zoom":20.656},{"_mousePosition":[814,460],"_rootPartCFrame":[744.384,229.96,47.063,0.003,0,1,0,1,0,-1,0,0.003],"_humanoidState":5,"_cameraCFrame":[754.045,249.718,47.087,0.003,-0.884,0.468,0,0.468,0.884,-1,-0.002,0.001],"_shiftlockState":false,"_pose":"FreeFall","_animationQueue":[],"_animationSpeed":1,"_zoom":20.656},{"_mousePosition":[816,460],"_rootPartCFrame":[744.184,229.948,47.062,0.003,0,1,0,1,0,-1,0,0.003],"_humanoidState":5,"_cameraCFrame":[753.845,249.706,47.086,0.003,-0.884,0.468,0,0.468,0.884,-1,-0.002,0.001],"_shiftlockState":false,"_pose":"FreeFall","_animationQueue":[],"_animationSpeed":1,"_zoom":20.656},{"_mousePosition":[817,460],"_rootPartCFrame":[743.851,229.86,47.061,0.003,0,1,0,1,0,-1,0,0.003],"_humanoidState":5,"_cameraCFrame":[753.511,249.618,47.086,0.003,-0.884,0.468,0,0.468,0.884,-1,-0.002,0.001],"_shiftlockState":false,"_pose":"FreeFall","_animationQueue":[],"_animationSpeed":1,"_zoom":20.656},{"_mousePosition":[818,459],"_rootPartCFrame":[743.584,229.728,47.061,0.003,0,1,0,1,0,-1,0,0.003],"_humanoidState":5,"_cameraCFrame":[753.245,249.486,47.085,0.003,-0.884,0.468,0,0.468,0.884,-1,-0.002,0.001],"_shiftlockState":false,"_pose":"FreeFall","_animationQueue":[],"_animationSpeed":1,"_zoom":20.656},{"_mousePosition"