[{"_mousePosition":[622,327],"_rootPartCFrame":[776.028,222.7,47.142,0,0,1,0,1,0,-1,0,0],"_humanoidState":8,"_cameraCFrame":[784.12,243.188,47.947,0.099,-0.915,0.392,0,0.394,0.919,-0.995,-0.091,0.039],"_shiftlockState":false,"_pose":"Standing","_animationQueue":[],"_animationSpeed":1,"_zoom":20.656},{"_mousePosition":[622,327],"_rootPartCFrame":[775.726,222.7,47.112,0.016,0,1,0,1,0,-1,0,0.016],"_humanoidState":8,"_cameraCFrame":[783.742,243.219,47.93,0.101,-0.916,0.388,0,0.39,0.921,-0.995,-0.093,0.04],"_shiftlockState":false,"_pose":"Standing","_animationQueue":[],"_animationSpeed":1,"_zoom":20.656},{"_mousePosition":[622,327],"_rootPartCFrame":[775.593,222.7,47.099,0.022,0,1,0,1,0,-1,0,0.022],"_humanoidState":8,"_cameraCFrame":[783.532,243.25,47.949,0.106,-0.917,0.384,0,0.386,0.922,-0.994,-0.098,0.041],"_shiftlockState":false,"_pose":"Running","_animationQueue":[["walk",0.1]],"_animationSpeed":1.089,"_zoom":20.656},{"_mousePosition":[622,327],"_rootPartCFrame":[775.328,222.7,47.072,0.033,0,0.999,0,1,0,-0.999,0,0.033],"_humanoidState":8,"_cameraCFrame":[783.225,243.266,47.958,0.112,-0.917,0.382,0,0.385,0.923,-0.994,-0.103,0.043],"_shiftlockState":false,"_pose":"Running","_animationQueue":[],"_animationSpeed":1.089,"_zoom":20.656},{"_mousePosition":[622,327],"_rootPartCFrame":[774.93,222.7,47.03,0.048,0,0.999,0,1,0,-0.999,0,0.048],"_humanoidState":8,"_cameraCFrame":[782.749,243.297,47.947,0.117,-0.918,0.379,0,0.381,0.925,-0.993,-0.108,0.044],"_shiftlockState":false,"_pose":"Running","_animationQueue":[["walk",0.1]],"_animationSpeed":1.089,"_zoom":20.656},{"_mousePosition":[622,327],"_rootPartCFrame":[774.798,222.7,47.015,0.052,0,0.999,0,1,0,-0.999,0,0.052],"_humanoidState":8,"_cameraCFrame":[782.538,243.327,47.963,0.122,-0.919,0.375,0,0.377,0.926,-0.993,-0.113,0.046],"_shiftlockState":false,"_pose":"Running","_animationQueue":[],"_animationSpeed":1.089,"_zoom":20.656},{"_mousePosition":[622,327],"_rootPartCFrame":[774.533,222.7,46.984,0.061,0,0.998,0,1,0,-0.998,0,0.061],"_humanoidState":8,"_cameraCFrame":[782.27,243.327,47.951,0.124,-0.919,0.375,0,0.377,0.926,-0.992,-0.115,0.047],"_shiftlockState":false,"_pose":"Running","_animationQueue":[],"_animationSpeed":1.089,"_zoom":20.656},{"_mousePosition":[622,327],"_rootPartCFrame":[774.268,222.7,46.952,0.069,0,0.998,0,1,0,-0.998,0,0.069],"_humanoidState":8,"_cameraCFrame":[781.966,243.342,47.934,0.127,-0.919,0.373,0,0.376,0.927,-0.992,-0.117,0.048],"_shiftlockState":false,"_pose":"Running","_animationQueue":[],"_animationSpeed":1.089,"_zoom":20.656},{"_mousePosition":[622,327],"_rootPartCFrame":[774.004,222.7,46.919,0.076,0,0.997,0,1,0,-0.997,0,0.076],"_humanoidState":8,"_cameraCFrame":[781.701,243.342,47.901,0.127,-0.919,0.373,0,0.376,0.927,-0.992,-0.117,0.048],"_shiftlockState":false,"_pose":"Running","_animationQueue":[],"_animationSpeed":1.089,"_zoom":20.656},{"_mousePosition":[622,327],"_rootPartCFrame":[773.739,222.7,46.885,0.083,0,0.997,0,1,0,-0.997,0,0.083],"_humanoidState":8,"_cameraCFrame":[781.437,243.342,47.867,0.127,-0.919,0.373,0,0.376,0.927,-0.992,-0.117,0.048],"_shiftlockState":false,"_pose":"Running","_animationQueue":[],"_animationSpeed":1.089,"_zoom":20.656},{"_mousePosition":[622,327],"_rootPartCFrame":[773.475,222.7,46.851,0.089,0,0.996,0,1,0,-0.996,0,0.089],"_humanoidState":8,"_cameraCFrame":[781.167,243.342,47.872,0.132,-0.919,0.372,0,0.376,0.927,-0.991,-0.122,0.049],"_shiftlockState":false,"_pose":"Running","_animationQueue":[],"_animationSpeed":1.089,"_zoom":20.656},{"_mousePosition":[622,327],"_rootPartCFrame":[773.21,222.7,46.817,0.094,0,0.996,0,1,0,-0.996,0,0.094],"_humanoidState":8,"_cameraCFrame":[780.861,243.358,47.873,0.137,-0.919,0.37,0,0.374,0.927,-0.991,-0.127,0.051],"_shiftlockState":false,"_pose":"Running","_animationQueue":[["walk",0.1]],"_animationSpeed":1.089,"_zoom":20.656},{"_mousePosition":[622,327],"_rootPartCFrame":[772.946,222.7,46.782,0.099,0,0.995,0,1,0,-0.995,0,0.099],"_humanoidState":8,"_cameraCFrame":[780.557,243.373,47.852,0.139,-0.919,0.368,0,0.372,0.928,-0.99,-0.129,0.052],"_shiftlockState":false,"_pose":"Running","_animationQueue":[],"_animationSpeed":1.089,"_zoom":20.656},{"_mousePosition":[622,327],"_rootPartCFrame":[772.682,222.7,46.746,0.104,0,0.995,0,1,0,-0.995,0,0.104],"_humanoidState":8,"_cameraCFrame":[780.21,243.402,47.862,0.147,-0.92,0.364,0,0.368,0.93,-0.989,-0.136,0.054],"_shiftlockState":false,"_pose":"Running","_animationQueue":[],"_animationSpeed":1.089,"_zoom":20.656},{"_mousePosition":[622,327],"_rootPartCFrame":[772.417,222.717,46.709,0.109,0,0.994,0,1,0,-0.994,0,0.109],"_humanoidState":8,"_cameraCFrame":[779.86,243.449,47.89,0.157,-0.92,0.36,0,0.365,0.931,-0.988,-0.146,0.057],"_shiftlockState":false,"_pose":"Running","_animationQueue":[],"_animationSpeed":1.089,"_zoom":20.656},{"_mousePosition":[622,327],"_rootPartCFrame":[772.154,222.748,46.67,0.114,0,0.994,0,1,0,-0.994,0,0.114],"_humanoidState":8,"_cameraCFrame":[779.476,243.524,47.889,0.164,-0.921,0.355,0,0.359,0.933,-0.986,-0.153,0.059],"_shiftlockState":false,"_pose":"Running","_animationQueue":[],"_animationSpeed":1.089,"_zoom":20.656},{"_mousePosition":[622,327],"_rootPartCFrame":[771.89,222.771,46.629,0.119,0,0.993,0,1,0,-0.993,0,0.119],"_humanoidState":8,"_cameraCFrame":[779.166,243.561,47.896,0.172,-0.92,0.352,0,0.358,0.934,-0.985,-0.16,0.061],"_shiftlockState":false,"_pose":"Running","_animationQueue":[],"_animationSpeed":1.089,"_zoom":20.656},{"_mousePosition":[622,327],"_rootPartCFrame":[771.627,222.784,46.585,0.125,0,0.992,0,1,0,-0.992,0,0.125],"_humanoidState":8,"_cameraCFrame":[778.903,243.574,47.853,0.172,-0.92,0.352,0,0.358,0.934,-0.985,-0.16,0.061],"_shiftlockState":false,"_pose":"Running","_animationQueue":[],"_animationSpeed":1.089,"_zoom":20.656},{"_mousePosition":[622,327],"_rootPartCFrame":[771.364,222.8,46.539,0.132,0,0.991,0,1,0,-0.991,0,0.132],"_humanoidState":8,"_cameraCFrame":[778.641,243.59,47.807,0.172,-0.92,0.352,0,0.358,0.934,-0.985,-0.16,0.061],"_shiftlockState":false,"_pose":"Running","_animationQueue":[["walk",0.1]],"_animationSpeed":1.089,"_zoom":20.656},{"_mousePosition":[622,327],"_rootPartCFrame":[771.102,222.825,46.494,0.137,0,0.991,0,1,0,-0.991,0,0.137],"_humanoidState":8,"_cameraCFrame":[778.378,243.615,47.761,0.172,-0.92,0.352,0,0.358,0.934,-0.985,-0.16,0.061],"_shiftlockState":false,"_pose":"Running","_animationQueue":[],"_animationSpeed":1.089,"_zoom":20.656},{"_mousePosition":[622,327],"_rootPartCFrame":[770.839,222.843,46.448,0.142,0,0.99,0,1,0,-0.99,0,0.142],"_humanoidState":8,"_cameraCFrame":[778.115,243.634,47.715,0.172,-0.92,0.352,0,0.358,0.934,-0.985,-0.16,0.061],"_shiftlockState":false,"_pose":"Running","_animationQueue":[],"_animationSpeed":1.089,"_zoom":20.656},{"_mousePosition":[622,327],"_rootPartCFrame":[770.576,222.818,46.402,0.146,0,0.989,0,1,0,-0.989,0,0.146],"_humanoidState":8,"_cameraCFrame":[777.853,243.609,47.67,0.172,-0.92,0.352,0,0.358,0.934,-0.985,-0.16,0.061],"_shiftlockState":false,"_pose":"Running","_animationQueue":[],"_animationSpeed":1.089,"_zoom":20.656},{"_mousePosition":[622,327],"_rootPartCFrame":[770.314,222.814,46.356,0.149,0,0.989,0,1,0,-0.989,0,0.149],"_humanoidState":8,"_cameraCFrame":[777.59,243.604,47.624,0.172,-0.92,0.352,0,0.358,0.934,-0.985,-0.16,0.061],"_shiftlockState":false,"_pose":"Running","_animationQueue":[],"_animationSpeed":1.089,"_zoom":20.656},{"_mousePosition":[622,327],"_rootPartCFrame":[770.051,222.781,46.311,0.153,0,0.988,0,1,0,-0.988,0,0.153],"_humanoidState":8,"_cameraCFrame":[777.327,243.571,47.578,0.172,-0.92,0.352,0,0.358,0.934,-0.985,-0.16,0.061],"_shiftlockState":false,"_pose":"Running","_animationQueue":[],"_animationSpeed":1.089,"_zoom":20.656},{"_mousePosition":[622,327],"_rootPartCFrame":[769.788,223.654,46.265,0.156,0,0.988,0,1,0,-0.988,0,0.156],"_humanoidState":3,"_cameraCFrame":[777.064,244.444,47.532,0.172,-0.92,0.352,0,0.358,0.934,-0.985,-0.16,0.061],"_shiftlockState":false,"_pose":"Jumping","_animationQueue":[["walk",0.1],["walk",0.1],["jump",0.1]],"_animationSpeed":1,"_zoom":20.656},{"_mousePosition":[622,327],"_rootPartCFrame":[769.526,224.476,46.219,0.159,0,0.987,0,1,0,-0.987,0,0.159],"_humanoidState":5,"_cameraCFrame":[776.802,245.266,47.487,0.172,-0.92,0.352,0,0.358,0.934,-0.985,-0.16,0.061],"_shiftlockState":false,"_pose":"FreeFall","_animationQueue":[["jump",0.1]],"_animationSpeed":1,"_zoom":20.656},{"_mousePosition":[622,327],"_rootPartCFrame":[769.263,225.243,46.173,0.161,0,0.987,0,1,0,-0.987,0,0.161],"_humanoidState":5,"_cameraCFrame":[776.539,246.034,47.441,0.172,-0.92,0.352,0,0.358,0.934,-0.985,-0.16,0.061],"_shiftlockState":false,"_pose":"FreeFall","_animationQueue":[],"_animationSpeed":1,"_zoom":20.656},{"_mousePosition":[622,327],"_rootPartCFrame":[769,225.956,46.128,0.162,0,0.987,0,1,0,-0.987,0,0.162],"_humanoidState":5,"_cameraCFrame":[776.276,246.747,47.395,0.172,-0.92,0.352,0,0.358,0.934,-0.985,-0.16,0.061],"_shiftlockState":false,"_pose":"FreeFall","_animationQueue":[],"_animationSpeed":1,"_zoom":20.656},{"_mousePosition":[622,327],"_rootPartCFrame":[768.672,226.771,46.07,0.164,0,0.986,0,1,0,-0.986,0,0.164],"_humanoidState":5,"_cameraCFrame":[775.948,247.561,47.338,0.172,-0.92,0.352,0,0.358,0.934,-0.985,-0.16,0.061],"_shiftlockState":false,"_pose":"FreeFall","_animationQueue":[],"_animationSpeed":1,"_zoom":20.656},{"_mousePosition":[622,327],"_rootPartCFrame":[768.475,227.219,46.036,0.165,0,0.986,0,1,0,-0.986,0,0.165],"_humanoidState":5,"_cameraCFrame":[775.751,248.009,47.304,0.172,-0.92,0.352,0,0.358,0.934,-0.985,-0.16,0.061],"_shiftlockState":false,"_pose":"FreeFall","_animationQueue":[],"_animationSpeed":1,"_zoom":20.656},{"_mousePosition":[622,327],"_rootPartCFrame":[768.212,227.768,45.99,0.166,0,0.986,0,1,0,-0.986,0,0.166],"_humanoidState":5,"_cameraCFrame":[775.488,248.559,47.258,0.172,-0.92,0.352,0,0.358,0.934,-0.985,-0.16,0.061],"_shiftlockState":false,"_pose":"FreeFall","_animationQueue":[],"_animationSpeed":1,"_zoom":20.656},{"_mousePosition":[622,327],"_rootPartCFrame":[767.949,228.263,45.944,0.166,0,0.986,0,1,0,-0.986,0,0.166],"_humanoidState":5,"_cameraCFrame":[775.226,249.054,47.212,0.172,-0.92,0.352,0,0.358,0.934,-0.985,-0.16,0.061],"_shiftlockState":false,"_pose":"FreeFall","_animationQueue":[],"_animationSpeed":1,"_zoom":20.656},{"_mousePosition":[622,327],"_rootPartCFrame":[767.687,228.704,45.899,0.167,0,0.986,0,1,0,-0.986,0,0.167],"_humanoidState":5,"_cameraCFrame":[774.963,249.494,47.166,0.172,-0.92,0.352,0,0.358,0.934,-0.985,-0.16,0.061],"_shiftlockState":false,"_pose":"FreeFall","_animationQueue":[],"_animationSpeed":1,"_zoom":20.656},{"_mousePosition":[622,327],"_rootPartCFrame":[767.424,229.09,45.853,0.168,0,0.986,0,1,0,-0.986,0,0.168],"_humanoidState":5,"_cameraCFrame":[774.7,249.88,47.121,0.172,-0.92,0.352,0,0.358,0.934,-0.985,-0.16,0.061],"_shiftlockState":false,"_pose":"FreeFall","_animationQueue":[],"_animationSpeed":1,"_zoom":20.656},{"_mousePosition":[622,327],"_rootPartCFrame":[766.767,229.817,45.739,0.169,0,0.986,0,1,0,-0.986,0,0.169],"_humanoidState":5,"_cameraCFrame":[774.043,250.607,47.006,0.172,-0.92,0.352,0,0.358,0.934,-0.985,-0.16,0.061],"_shiftlockState":false,"_pose":"FreeFall","_animationQueue":[],"_animationSpeed":1,"_zoom":20.656},{"_mousePosition":[622,327],"_rootPartCFrame":[766.505,230.012,45.693,0.17,0,0.986,0,1,0,-0.986,0,0.17],"_humanoidState":5,"_cameraCFrame":[773.781,250.802,46.96,0.172,-0.92,0.352,0,0.358,0.934,-0.985,-0.16,0.061],"_shiftlockState":false,"_pose":"FreeFall","_animationQueue":[],"_animationSpeed":1,"_zoom":20.656},{"_mousePosition":[622,327],"_rootPartCFrame":[766.439,230.052,45.681,0.17,0,0.986,0,1,0,-0.986,0,0.17],"_humanoidState":5,"_cameraCFrame":[773.715,250.843,46.949,0.172,-0.92,0.352,0,0.358,0.934,-0.985,-0.16,0.061],"_shiftlockState":false,"_pose":"FreeFall","_animationQueue":[],"_animationSpeed":1,"_zoom":20.656},{"_mousePosition":[622,327],"_rootPartCFrame":[766.308,230.123,45.658,0.17,0,0.985,0,1,0,-0.985,0,0.17],"_humanoidState":5,"_cameraCFrame":[773.584,250.913,46.926,0.172,-0.92,0.352,0,0.358,0.934,-0.985,-0.16,0.061],"_shiftlockState":false,"_pose":"FreeFall","_animationQueue":[],"_animationSpeed":1,"_zoom":20.656},{"_mousePosition":[622,327],"_rootPartCFrame":[766.111,230.203,45.624,0.17,0,0.985,0,1,0,-0.985,0,0.17],"_humanoidState":5,"_cameraCFrame":[773.387,250.993,46.892,0.172,-0.92,0.352,0,0.358,0.934,-0.985,-0.16,0.061],"_shiftlockState":false,"_pose":"FreeFall","_animationQueue":[],"_animationSpeed":1,"_zoom":20.656},{"_mousePosition":[622,327],"_rootPartCFrame":[765.848,230.262,45.578,0.17,0,0.985,0,1,0,-0.985,0,0.17],"_humanoidState":5,"_cameraCFrame":[773.124,251.052,46.846,0.172,-0.92,0.352,0,0.358,0.934,-0.985,-0.16,0.061],"_shiftlockState":false,"_pose":"FreeFall","_animationQueue":[],"_animationSpeed":1,"_zoom":20.656},{"_mousePosition":[622,327],"_rootPartCFrame":[765.585,230.266,45.533,0.17,0,0.985,0,1,0,-0.985,0,0.17],"_humanoidState":5,"_cameraCFrame":[772.861,251.057,46.8,0.172,-0.92,0.352,0,0.358,0.934,-0.985,-0.16,0.061],"_shiftlockState":false,"_pose":"FreeFall","_animationQueue":[],"_animationSpeed":1,"_zoom":20.656},{"_mousePosition":[622,327],"_rootPartCFrame":[765.322,230.216,45.487,0.171,0,0.985,0,1,0,-0.985,0,0.171],"_humanoidState":5,"_cameraCFrame":[772.599,251.007,46.754,0.172,-0.92,0.352,0,0.358,0.934,-0.985,-0.16,0.061],"_shiftlockState":false,"_pose":"FreeFall","_animationQueue":[],"_animationSpeed":1,"_zoom":20.656},{"_mousePosition":[622,327],"_rootPartCFrame":[765.06,230.112,45.441,0.171,0,0.985,0,1,0,-0.985,0,0.171],"_humanoidState":5,"_cameraCFrame":[772.336,250.902,46.709,0.172,-0.92,0.352,0,0.358,0.934,-0.985,-0.16,0.061],"_shiftlockState":false,"_pose":"FreeFall","_animationQueue":[],"_animationSpeed":1,"_zoom":20.656},{"_mousePosition":[622,327],"_rootPartCFrame":[764.797,229.953,45.395,0.171,0,0.985,0,1,0,-0.985,0,0.171],"_humanoidState":5,"_cameraCFrame":[772.073,250.743,46.663,0.172,-0.92,0.352,0,0.358,0.934,-0.985,-0.16,0.061],"_shiftlockState":false,"_pose":"FreeFall","_animationQueue":[],"_animationSpeed":1,"_zoom":20.656},{"_mousePosition":[622,327],"_rootPartCFrame":[764.534,229.739,45.35,0.171,0,0.985,0,1,0,-0.985,0,0.171],"_humanoidState":5,"_cameraCFrame":[771.811,250.53,46.617,0.172,-0.92,0.352,0,0.358,0.934,-0.985,-0.16,0.061],"_shiftlockState":false,"_pose":"FreeFall","_animationQueue":[["fall",0.3]],"_animationSpeed":1,"_zoom":20.656},{"_mousePosition":[622,327],"_rootPartCFrame":[764.272,229.471,45.304,0.171,0,0.985,0,1,0,-0.985,0,0.171],"_humanoidState":5,"_cameraCFrame":[771.548,250.262,46.571,0.172,-0.92,0.352,0,0.358,0.934,-0.985,-0.16,0.061],"_shiftlockState":false,"_pose":"FreeFall","_animationQueue":[],"_animationSpeed":1,"_zoom":20.656},{"_mousePosition":[622,327],"_rootPartCFrame":[764.009,229.149,45.258,0.171,0,0.985,0,1,0,-0.985,0,0.171],"_humanoidState":5,"_cameraCFrame":[771.288,249.939,46.507,0.169,-0.92,0.352,0,0.358,0.934,-0.986,-0.158,0.06],"_shiftlockState":false,"_pose":"FreeFall","_animationQueue":[],"_animationSpeed":1,"_zoom":20.656},{"_mousePosition":[622,327],"_rootPartCFrame":[763.746,228.772,45.212,0.171,0,0.985,0,1,0,-0.985,0,0.171],"_humanoidState":5,"_cameraCFrame":[771.035,249.562,46.406,0.162,-0.922,0.353,0,0.358,0.934,-0.987,-0.151,0.058],"_shiftlockState":false,"_pose":"FreeFall","_animationQueue":[],"_animationSpeed":1,"_zoom":20.656},{"_mousePosition":[622,327],"_rootPartCFrame":[763.483,228.34,45.167,0.171,0,0.985,0,1,0,-0.985,0,0.171],"_humanoidState":5,"_cameraCFrame":[770.861,249.102,46.28,0.149,-0.922,0.357,0,0.361,0.932,-0.989,-0.139,0.054],"_shiftlockState":false,"_pose":"FreeFall","_animationQueue":[],"_animationSpeed":1,"_zoom":20.656},{"_mousePosition":[622,327],"_rootPartCFrame":[763.22,227.854,45.124,0.17,0,0.985,0,1,0,-0.985,0,0.17],"_humanoidState":5,"_cameraCFrame":[770.651,248.601,46.129,0.134,-0.923,0.36,0,0.363,0.932,-0.991,-0.125,0.049],"_shiftlockState":false,"_pose":"FreeFall","_animationQueue":[],"_animationSpeed":1,"_zoom":20.656},{"_mousePosition":[622,327],"_rootPartCFrame":[762.957,227.314,45.083,0.168,0,0.986,0,1,0,-0.986,0,0.168],"_humanoidState":5,"_cameraCFrame":[770.479,248.031,45.966,0.117,-0.924,0.364,0,0.367,0.93,-0.993,-0.108,0.043],"_shiftlockState":false,"_pose":"FreeFall","_animationQueue":[],"_animationSpeed":1,"_zoom":20.656},{"_mousePosition":[622,327],"_rootPartCFrame":[762.693,226.719,45.047,0.164,0,0.986,0,1,0,-0.986,0,0.164],"_humanoidState":5,"_cameraCFrame":[770.309,247.407,45.746,0.091,-0.925,0.369,0,0.37,0.929,-0.996,-0.085,0.034],"_shiftlockState":false,"_pose":"FreeFall","_animationQueue":[["fall",0.3]],"_animationSpeed":1,"_zoom":20.656},{"_mousePosition":[622,327],"_rootPartCFrame":[762.428,226.069,45.015,0.158,0,0.987,0,1,0,-0.987,0,0.158],"_humanoidState":5,"_cameraCFrame":[770.135,246.727,45.507,0.064,-0.926,0.373,0,0.374,0.927,-0.998,-0.059,0.024],"_shiftlockState":false,"_pose":"FreeFall","_animationQueue":[],"_animationSpeed":1,"_zoom":20.656},{"_mousePosition":[622,327],"_rootPartCFrame":[762.162,225.365,44.99,0.15,0,0.989,0,1,0,-0.989,0,0.15],"_humanoidState":5,"_cameraCFrame":[769.993,245.978,45.231,0.031,-0.925,0.379,0,0.379,0.925,-1,-0.028,0.012],"_shiftlockState":false,"_pose":"FreeFall","_animationQueue":[],"_animationSpeed":1,"_zoom":20.656},{"_mousePosition":[622,327],"_rootPartCFrame":[761.896,224.607,44.972,0.14,0,0.99,0,1,0,-0.99,0,0.14],"_humanoidState":5,"_cameraCFrame":[769.805,245.189,44.895,-0.01,-0.924,0.383,0,0.383,0.924,-1,0.009,-0.004],"_shiftlockState":false,"_pose":"FreeFall","_animationQueue":[],"_animationSpeed":1,"_zoom":20.656},{"_mousePosition":[622,327],"_rootPartCFrame":[761.63,223.794,44.962,0.126,0,0.992,0,1,0,-0.992,0,0.126],"_humanoidState":7,"_cameraCFrame":[769.701,244.298,44.351,-0.075,-0.917,0.391,0,0.392,0.92,-0.997,0.069,-0.03],"_shiftlockState":false,"_pose":"FreeFall","_animationQueue":[["walk",0.1],["fall",0.3],["fall",0.3]],"_animationSpeed":1,"_zoom":20.656},{"_mousePosition":[622,327],"_rootPartCFrame":[761.363,223.426,44.963,0.109,0,0.994,0,1,0,-0.994,0,0.109],"_humanoidState":7,"_cameraCFrame":[769.54,243.866,43.926,-0.126,-0.91,0.396,0,0.399,0.917,-0.992,0.115,-0.05],"_shiftlockState":false,"_pose":"FreeFall","_animationQueue":[],"_animationSpeed":1,"_zoom":20.656},{"_mousePosition":[622,327],"_rootPartCFrame":[761.097,223.522,44.981,0.087,0,0.996,0,1,0,-0.996,0,0.087],"_humanoidState":8,"_cameraCFrame":[769.356,243.898,43.506,-0.176,-0.9,0.4,0,0.406,0.914,-0.984,0.161,-0.071],"_shiftlockState":false,"_pose":"Running","_animationQueue":[["fall",0.3],["walk",0.1],["fall",0.3],["walk",0.1]],"_animationSpeed":1.103,"_zoom":20.656},{"_mousePosition":[622,327],"_rootPartCFrame":[760.832,223.619,45.012,0.06,0,0.998,0,1,0,-0.998,0,0.06],"_humanoidState":8,"_cameraCFrame":[769.169,243.928,43.172,-0.216,-0.889,0.404,0,0.413,0.911,-0.976,0.196,-0.089],"_shiftlockState":false,"_pose":"Running","_animationQueue":[],"_animationSpeed":1.103,"_zoom":20.656},{"_mousePosition":[622,327],"_rootPartCFrame":[760.57,223.678,45.057,0.029,0,1,0,1,0,-1,0,0.029],"_humanoidState":8,"_cameraCFrame":[768.988,243.92,42.929,-0.245,-0.88,0.408,0,0.42,0.907,-0.969,0.222,-0.103],"_shiftlockState":false,"_pose":"Running","_animationQueue":[],"_animationSpeed":1.103,"_zoom":20.656},{"_mousePosition":[622,327],"_rootPartCFrame":[760.244,223.716,45.128,-0.011,0,1,0,1,0,-1,0,-0.011],"_humanoidState":8,"_cameraCFrame":[768.658,243.941,42.841,-0.262,-0.875,0.407,0,0.422,0.907,-0.965,0.238,-0.111],"_shiftlockState":false,"_pose":"Running","_animationQueue":[],"_animationSpeed":1.103,"_zoom":20.656},{"_mousePosition":[622,327],"_rootPartCFrame":[760.048,224.375,45.171,-0.036,0,0.999,0,1,0,-0.999,0,-0.036],"_humanoidState":3,"_cameraCFrame":[768.463,244.6,42.884,-0.262,-0.875,0.407,0,0.422,0.907,-0.965,0.238,-0.111],"_shiftlockState":false,"_pose":"Jumping","_animationQueue":[["walk",0.1],["jump",0.1]],"_animationSpeed":1,"_zoom":20.656},{"_mousePosition":[622,327],"_rootPartCFrame":[759.791,225.211,45.239,-0.067,0,0.998,0,1,0,-0.998,0,-0.067],"_humanoidState":5,"_cameraCFrame":[768.205,245.436,42.952,-0.262,-0.875,0.407,0,0.422,0.907,-0.965,0.238,-0.111],"_shiftlockState":false,"_pose":"FreeFall","_animationQueue":[["jump",0.1]],"_animationSpeed":1,"_zoom":20.656},{"_mousePosition":[622,327],"_rootPartCFrame":[759.533,225.992,45.309,-0.095,0,0.996,0,1,0,-0.996,0,-0.095],"_humanoidState":5,"_cameraCFrame":[767.977,246.2,42.991,-0.265,-0.873,0.409,0,0.424,0.906,-0.964,0.24,-0.112],"_shiftlockState":false,"_pose":"FreeFall","_animationQueue":[],"_animationSpeed":1,"_zoom":20.656},{"_mousePosition":[622,327],"_rootPartCFrame":[759.276,226.718,45.379,-0.119,0,0.993,0,1,0,-0.993,0,-0.119],"_humanoidState":5,"_cameraCFrame":[767.72,246.927,43.061,-0.265,-0.873,0.409,0,0.424,0.906,-0.964,0.24,-0.112],"_shiftlockState":false,"_pose":"FreeFall","_animationQueue":[],"_animationSpeed":1,"_zoom":20.656},{"_mousePosition":[622,327],"_rootPartCFrame":[759.019,227.391,45.449,-0.139,0,0.99,0,1,0,-0.99,0,-0.139],"_humanoidState":5,"_cameraCFrame":[767.463,247.599,43.132,-0.265,-0.873,0.409,0,0.424,0.906,-0.964,0.24,-0.112],"_shiftlockState":false,"_pose":"FreeFall","_animationQueue":[],"_animationSpeed":1,"_zoom":20.656},{"_mousePosition":[622,327],"_rootPartCFrame":[758.762,228.008,45.52,-0.157,0,0.988,0,1,0,-0.988,0,-0.157],"_humanoidState":5,"_cameraCFrame":[767.241,248.199,43.192,-0.265,-0.873,0.41,0,0.426,0.905,-0.964,0.239,-0.113],"_shiftlockState":false,"_pose":"FreeFall","_animationQueue":[],"_animationSpeed":1,"_zoom":20.656},{"_mousePosition":[622,327],"_rootPartCFrame":[758.505,228.571,45.59,-0.172,0,0.985,0,1,0,-0.985,0,-0.172],"_humanoidState":5,"_cameraCFrame":[767.019,248.745,43.253,-0.265,-0.872,0.412,0,0.427,0.904,-0.964,0.239,-0.113],"_shiftlockState":false,"_pose":"FreeFall","_animationQueue":[],"_animationSpeed":1,"_zoom":20.656},{"_mousePosition":[622,327],"_rootPartCFrame":[758.247,229.08,45.661,-0.186,0,0.983,0,1,0,-0.983,0,-0.186],"_humanoidState":5,"_cameraCFrame":[766.832,249.219,43.305,-0.265,-0.87,0.416,0,0.431,0.902,-0.964,0.239,-0.114],"_shiftlockState":false,"_pose":"FreeFall","_animationQueue":[],"_animationSpeed":1,"_zoom":20.656},{"_mousePosition":[622,327],"_rootPartCFrame":[757.99,229.534,45.731,-0.197,0,0.98,0,1,0,-0.98,0,-0.197],"_humanoidState":5,"_cameraCFrame":[766.651,249.639,43.378,-0.262,-0.869,0.419,0,0.434,0.901,-0.965,0.236,-0.114],"_shiftlockState":false,"_pose":"FreeFall","_animationQueue":[],"_animationSpeed":1,"_zoom":20.656},{"_mousePosition":[622,327],"_rootPartCFrame":[757.733,229.934,45.802,-0.206,0,0.978,0,1,0,-0.978,0,-0.206],"_humanoidState":5,"_cameraCFrame":[766.51,249.986,43.465,-0.257,-0.868,0.425,0,0.44,0.898,-0.966,0.231,-0.113],"_shiftlockState":false,"_pose":"FreeFall","_animationQueue":[],"_animationSpeed":1,"_zoom":20.656},{"_mousePosition":[622,327],"_rootPartCFrame":[757.476,230.279,45.872,-0.214,0,0.977,0,1,0,-0.977,0,-0.214],"_humanoidState":5,"_cameraCFrame":[766.335,250.295,43.561,-0.252,-0.867,0.429,0,0.443,0.896,-0.968,0.226,-0.112],"_shiftlockState":false,"_pose":"FreeFall","_animationQueue":[],"_animationSpeed":1,"_zoom":20.656},{"_mousePosition":[622,327],"_rootPartCFrame":[757.218,230.57,45.941,-0.221,0,0.975,0,1,0,-0.975,0,-0.221],"_humanoidState":5,"_cameraCFrame":[766.159,250.55,43.657,-0.248,-0.867,0.433,0,0.447,0.895,-0.969,0.221,-0.111],"_shiftlockState":false,"_pose":"FreeFall","_animationQueue":[],"_animationSpeed":1,"_zoom":20.656},{"_mousePosition":[622,327],"_rootPartCFrame":[756.896,230.856,46.025,-0.227,0,0.974,0,1,0,-0.974,0,-0.227],"_humanoidState":5,"_cameraCFrame":[765.906,250.801,43.723,-0.248,-0.865,0.436,0,0.45,0.893,-0.969,0.221,-0.111],"_shiftlockState":false,"_pose":"FreeFall","_animationQueue":[],"_animationSpeed":1,"_zoom":20.656},{"_mousePosition":[622,327],"_rootPartCFrame":[756.702,230.987,46.075,-0.229,0,0.973,0,1,0,-0.973,0,-0.229],"_humanoidState":5,"_cameraCFrame":[765.753,250.914,43.787,-0.245,-0.865,0.438,0,0.452,0.892,-0.969,0.219,-0.111],"_shiftlockState":false,"_pose":"FreeFall","_animationQueue":[],"_animationSpeed":1,"_zoom":20.656},{"_mousePosition":[622,327],"_rootPartCFrame":[756.444,231.114,46.141,-0.232,0,0.973,0,1,0,-0.973,0,-0.232],"_humanoidState":5,"_cameraCFrame":[765.535,251.022,43.867,-0.243,-0.865,0.44,0,0.454,0.891,-0.97,0.216,-0.11],"_shiftlockState":false,"_pose":"FreeFall","_animationQueue":[],"_animationSpeed":1,"_zoom":20.656},{"_mousePosition":[622,327],"_rootPartCFrame":[756.185,231.187,46.206,-0.234,0,0.972,0,1,0,-0.972,0,-0.234],"_humanoidState":5,"_cameraCFrame":[765.311,251.077,43.924,-0.243,-0.864,0.442,0,0.455,0.89,-0.97,0.216,-0.111],"_shiftlockState":false,"_pose":"FreeFall","_animationQueue":[],"_animationSpeed":1,"_zoom":20.656},{"_mousePosition":[622,327],"_rootPartCFrame":[755.927,231.205,46.271,-0.235,0,0.972,0,1,0,-0.972,0,-0.235],"_humanoidState":5,"_cameraCFrame":[765.093,251.077,44.003,-0.24,-0.863,0.444,0,0.457,0.889,-0.971,0.214,-0.11],"_shiftlockState":false,"_pose":"FreeFall","_animationQueue":[["fall",0.3]],"_animationSpeed":1,"_zoom":20.656},{"_mousePosition":[622,327],"_rootPartCFrame":[755.668,231.169,46.336,-0.236,0,0.972,0,1,0,-0.972,0,-0.236],"_humanoidState":5,"_cameraCFrame":[764.875,251.022,44.083,-0.238,-0.863,0.446,0,0.459,0.889,-0.971,0.211,-0.109],"_shiftlockState":false,"_pose":"FreeFall","_animationQueue":[],"_animationSpeed":1,"_zoom":20.656},{"_mousePosition":[622,327],"_rootPartCFrame":[755.409,231.078,46.4,-0.237,0,0.972,0,1,0,-0.972,0,-0.237],"_humanoidState":5,"_cameraCFrame":[764.726,250.875,44.145,-0.235,-0.861,0.451,0,0.464,0.886,-0.972,0.208,-0.109],"_shiftlockState":false,"_pose":"FreeFall","_animationQueue":[],"_animationSpeed":1,"_zoom":20.656},{"_mousePosition":[622,327],"_rootPartCFrame":[755.15,230.933,46.464,-0.237,0,0.971,0,1,0,-0.971,0,-0.237],"_humanoidState":5,"_cameraCFrame":[764.501,250.711,44.2,-0.235,-0.86,0.453,0,0.466,0.885,-0.972,0.208,-0.11],"_shiftlockState":false,"_pose":"FreeFall","_animationQueue":[],"_animationSpeed":1,"_zoom":20.656},{"_mousePosition":[622,327],"_rootPartCFrame":[754.891,230.733,46.526,-0.237,0,0.971,0,1,0,-0.971,0,-0.237],"_humanoidState":5,"_cameraCFrame":[764.282,250.492,44.278,-0.233,-0.86,0.455,0,0.468,0.884,-0.973,0.206,-0.109],"_shiftlockState":false,"_pose":"FreeFall","_animationQueue":[],"_animationSpeed":1,"_zoom":20.656},{"_mousePosition":[622,327],"_rootPartCFrame":[754.632,230.478,46.589,-0.237,0,0.972,0,1,0,-0.972,0,-0.237],"_humanoidState":5,"_cameraCFrame":[764.058,250.219,44.333,-0.233,-0.859,0.456,0,0.469,0.883,-0.973,0.206,-0.109],"_shiftlockState":false,"_pose":"FreeFall","_animationQueue":[],"_animationSpeed":1,"_zoom":20.656},{"_mousePosition":[622,327],"_rootPartCFrame":[754.372,230.17,46.651,-0.236,0,0.972,0,1,0,-0.972,0,-0.236],"_humanoidState":5,"_cameraCFrame":[763.798,249.91,44.395,-0.233,-0.859,0.456,0,0.469,0.883,-0.973,0.206,-0.109],"_shiftlockState":false,"_pose":"FreeFall","_animationQueue":[],"_animationSpeed":1,"_zoom":20.656},{"_mousePosition":[622,327],"_rootPartCFrame":[754.113,229.806,46.713,-0.236,0,0.972,0,1,0,-0.972,0,-0.236],"_humanoidState":5,"_cameraCFrame":[763.614,249.509,44.464,-0.23,-0.858,0.46,0,0.473,0.881,-0.973,0.203,-0.109],"_shiftlockState":false,"_pose":"FreeFall","_animationQueue":[["fall",0.3]],"_animationSpeed":1,"_zoom":20.656},{"_mousePosition":[622,327],"_rootPartCFrame":[753.854,229.388,46.775,-0.235,0,0.972,0,1,0,-0.972,0,-0.235],"_humanoidState":5,"_cameraCFrame":[763.395,249.072,44.542,-0.228,-0.857,0.462,0,0.474,0.88,-0.974,0.201,-0.108],"_shiftlockState":false,"_pose":"FreeFall","_animationQueue":[],"_animationSpeed":1,"_zoom":20.656},{"_mousePosition":[622,327],"_rootPartCFrame":[753.594,228.916,46.837,-0.235,0,0.972,0,1,0,-0.972,0,-0.235],"_humanoidState":5,"_cameraCFrame":[763.215,248.562,44.636,-0.223,-0.856,0.466,0,0.478,0.878,-0.975,0.196,-0.107],"_shiftlockState":false,"_pose":"FreeFall","_animationQueue":[],"_animationSpeed":1,"_zoom":20.656},{"_mousePosition":[622,327],"_rootPartCFrame":[753.335,228.389,46.898,-0.234,0,0.972,0,1,0,-0.972,0,-0.234],"_humanoidState":5,"_cameraCFrame":[763.07,247.977,44.723,-0.218,-0.855,0.471,0,0.483,0.876,-0.976,0.191,-0.105],"_shiftlockState":false,"_pose":"FreeFall","_animationQueue":[],"_animationSpeed":1,"_zoom":20.656},{"_mousePosition":[622,327],"_rootPartCFrame":[753.075,227.808,46.958,-0.233,0,0.973,0,1,0,-0.973,0,-0.233],"_humanoidState":5,"_cameraCFrame":[762.969,247.317,44.852,-0.208,-0.853,0.479,0,0.49,0.872,-0.978,0.181,-0.102],"_shiftlockState":false,"_pose":"FreeFall","_animationQueue":[],"_animationSpeed":1,"_zoom":20.656},{"_mousePosition":[622,327],"_rootPartCFrame":[752.814,227.172,47.016,-0.231,0,0.973,0,1,0,-0.973,0,-0.231],"_humanoidState":5,"_cameraCFrame":[763.029,246.521,45.084,-0.186,-0.849,0.495,0,0.503,0.864,-0.983,0.161,-0.094],"_shiftlockState":false,"_pose":"FreeFall","_animationQueue":[],"_animationSpeed":1,"_zoom":20.656},{"_mousePosition":[622,327],"_rootPartCFrame":[752.505,227.074,47.082,-0.228,0,0.974,0,1,0,-0.974,0,-0.228],"_humanoidState":7,"_cameraCFrame":[762.841,246.363,45.236,-0.176,-0.848,0.5,0,0.508,0.861,-0.984,0.151,-0.089],"_shiftlockState":false,"_pose":"FreeFall","_animationQueue":[["fall",0.3],["walk",0.1],["fall",0.3],["fall",0.3]],"_animationSpeed":1,"_zoom":20.656},{"_mousePosition":[622,327],"_rootPartCFrame":[752.32,227.074,47.118,-0.224,0,0.975,0,1,0,-0.975,0,-0.224],"_humanoidState":7,"_cameraCFrame":[762.981,246.196,45.546,-0.146,-0.844,0.516,0,0.522,0.853,-0.989,0.124,-0.076],"_shiftlockState":false,"_pose":"FreeFall","_animationQueue":[],"_animationSpeed":1,"_zoom":20.656},{"_mousePosition":[622,327],"_rootPartCFrame":[752.073,226.97,47.162,-0.218,0,0.976,0,1,0,-0.976,0,-0.218],"_humanoidState":8,"_cameraCFrame":[762.937,245.986,45.813,-0.123,-0.842,0.526,0,0.53,0.848,-0.992,0.105,-0.065],"_shiftlockState":false,"_pose":"Running","_animationQueue":[["walk",0.1],["fall",0.3],["walk",0.1]],"_animationSpeed":1.039,"_zoom":20.656},{"_mousePosition":[622,327],"_rootPartCFrame":[751.825,226.8,47.2,-0.209,0,0.978,0,1,0,-0.978,0,-0.209],"_humanoidState":8,"_cameraCFrame":[762.88,245.709,46.024,-0.106,-0.838,0.535,0,0.538,0.843,-0.994,0.089,-0.057],"_shiftlockState":false,"_pose":"Running","_animationQueue":[],"_animationSpeed":1.039,"_zoom":20.656},{"_mousePosition":[622,327],"_rootPartCFrame":[751.576,226.577,47.231,-0.198,0,0.98,0,1,0,-0.98,0,-0.198],"_humanoidState":8,"_cameraCFrame":[762.78,245.399,46.183,-0.093,-0.835,0.542,0,0.545,0.839,-0.996,0.078,-0.051],"_shiftlockState":false,"_pose":"Running","_animationQueue":[],"_animationSpeed":1.039,"_zoom":20.656},{"_mousePosition":[622,327],"_rootPartCFrame":[751.327,226.589,47.258,-0.186,0,0.983,0,1,0,-0.983,0,-0.186],"_humanoidState":8,"_cameraCFrame":[762.677,245.323,46.341,-0.081,-0.832,0.549,0,0.551,0.834,-0.997,0.067,-0.044],"_shiftlockState":false,"_pose":"Running","_animationQueue":[],"_animationSpeed":1.039,"_zoom":20.656},{"_mousePosition":[622,327],"_rootPartCFrame":[751.077,226.67,47.281,-0.173,0,0.985,0,1,0,-0.985,0,-0.173],"_humanoidState":8,"_cameraCFrame":[762.503,245.359,46.475,-0.07,-0.83,0.553,0,0.555,0.832,-0.998,0.059,-0.039],"_shiftlockState":false,"_pose":"Running","_animationQueue":[],"_animationSpeed":1.039,"_zoom":20.656},{"_mousePosition":[622,327],"_rootPartCFrame":[750.815,226.746,47.303,-0.161,0,0.987,0,1,0,-0.987,0,-0.161],"_humanoidState":8,"_cameraCFrame":[762.315,245.391,46.608,-0.06,-0.828,0.557,0,0.558,0.83,-0.998,0.05,-0.034],"_shiftlockState":false,"_pose":"Running","_animationQueue":[["walk",0.1]],"_animationSpeed":1.039,"_zoom":20.656},{"_mousePosition":[622,327],"_rootPartCFrame":[750.55,226.774,47.322,-0.149,0,0.989,0,1,0,-0.989,0,-0.149],"_humanoidState":8,"_cameraCFrame":[762.087,245.396,46.684,-0.055,-0.828,0.559,0,0.559,0.829,-0.998,0.046,-0.031],"_shiftlockState":false,"_pose":"Running","_animationQueue":[["walk",0.1]],"_animationSpeed":1.096,"_zoom":20.656},{"_mousePosition":[622,327],"_rootPartCFrame":[750.22,227.844,47.346,-0.134,0,0.991,0,1,0,-0.991,0,-0.134],"_humanoidState":3,"_cameraCFrame":[761.794,246.444,46.793,-0.048,-0.827,0.56,0,0.561,0.828,-0.999,0.039,-0.027],"_shiftlockState":false,"_pose":"Jumping","_animationQueue":[["walk",0.1],["jump",0.1]],"_animationSpeed":1,"_zoom":20.656},{"_mousePosition":[622,327],"_rootPartCFrame":[750.02,228.446,47.357,-0.126,0,0.992,0,1,0,-0.992,0,-0.126],"_humanoidState":5,"_cameraCFrame":[761.667,247,46.919,-0.038,-0.825,0.564,0,0.564,0.826,-0.999,0.031,-0.021],"_shiftlockState":false,"_pose":"FreeFall","_animationQueue":[["jump",0.1]],"_animationSpeed":1,"_zoom":20.656},{"_mousePosition":[622,327],"_rootPartCFrame":[749.754,229.199,47.37,-0.115,0,0.993,0,1,0,-0.993,0,-0.115],"_humanoidState":5,"_cameraCFrame":[761.437,247.731,47.05,-0.027,-0.824,0.566,0,0.566,0.825,-1,0.023,-0.016],"_shiftlockState":false,"_pose":"FreeFall","_animationQueue":[],"_animationSpeed":1,"_zoom":20.656},{"_mousePosition":[622,327],"_rootPartCFrame":[749.487,229.899,47.381,-0.105,0,0.994,0,1,0,-0.994,0,-0.105],"_humanoidState":5,"_cameraCFrame":[761.207,248.407,47.178,-0.017,-0.823,0.567,0,0.567,0.823,-1,0.014,-0.01],"_shiftlockState":false,"_pose":"FreeFall","_animationQueue":[],"_animationSpeed":1,"_zoom":20.656},{"_mousePosition":[622,327],"_rootPartCFrame":[749.221,230.544,47.388,-0.094,0,0.996,0,1,0,-0.996,0,-0.094],"_humanoidState":5,"_cameraCFrame":[760.975,249.029,47.363,-0.002,-0.822,0.569,0,0.569,0.822,-1,0.002,-0.001],"_shiftlockState":false,"_pose":"FreeFall","_animationQueue":[],"_animationSpeed":1,"_zoom":20.656},{"_mousePosition":[622,327],"_rootPartCFrame":[748.954,231.134,47.393,-0.084,0,0.996,0,1,0,-0.996,0,-0.084],"_humanoidState":5,"_cameraCFrame":[760.741,249.597,47.458,0.005,-0.821,0.571,0,0.571,0.821,-1,-0.004,0.003],"_shiftlockState":false,"_pose":"FreeFall","_animationQueue":[],"_animationSpeed":1,"_zoom":20.656},{"_mousePosition":[622,327],"_rootPartCFrame":[748.688,231.67,47.395,-0.073,0,0.997,0,1,0,-0.997,0,-0.073],"_humanoidState":5,"_cameraCFrame":[760.475,250.133,47.459,0.005,-0.821,0.571,0,0.571,0.821,-1,-0.004,0.003],"_shiftlockState":false,"_pose":"FreeFall","_animationQueue":[],"_animationSpeed":1,"_zoom":20.656},{"_mousePosition":[622,327],"_rootPartCFrame":[748.421,232.151,47.393,-0.063,0,0.998,0,1,0,-0.998,0,-0.063],"_humanoidState":5,"_cameraCFrame":[760.208,250.614,47.458,0.005,-0.821,0.571,0,0.571,0.821,-1,-0.004,0.003],"_shiftlockState":false,"_pose":"FreeFall","_animationQueue":[],"_animationSpeed":1,"_zoom":20.656},{"_mousePosition":[622,327],"_rootPartCFrame":[748.154,232.578,47.392,-0.053,0,0.999,0,1,0,-0.999,0,-0.053],"_humanoidState":5,"_cameraCFrame":[759.941,251.041,47.456,0.005,-0.821,0.571,0,0.571,0.821,-1,-0.004,0.003],"_shiftlockState":false,"_pose":"FreeFall","_animationQueue":[],"_animationSpeed":1,"_zoom":20.656},{"_mousePosition":[622,327],"_rootPartCFrame":[747.888,232.951,47.391,-0.045,0,0.999,0,1,0,-0.999,0,-0.045],"_humanoidState":5,"_cameraCFrame":[759.675,251.413,47.455,0.005,-0.821,0.571,0,0.571,0.821,-1,-0.004,0.003],"_shiftlockState":false,"_pose":"FreeFall","_animationQueue":[],"_animationSpeed":1,"_zoom":20.656},{"_mousePosition":[622,327],"_rootPartCFrame":[747.621,233.269,47.389,-0.038,0,0.999,0,1,0,-0.999,0,-0.038],"_humanoidState":5,"_cameraCFrame":[759.408,251.731,47.453,0.005,-0.821,0.571,0,0.571,0.821,-1,-0.004,0.003],"_shiftlockState":false,"_pose":"FreeFall","_animationQueue":[],"_animationSpeed":1,"_zoom":20.656},{"_mousePosition":[622,327],"_rootPartCFrame":[747.355,233.532,47.388,-0.032,0,0.999,0,1,0,-0.999,0,-0.032],"_humanoidState":5,"_cameraCFrame":[759.142,251.995,47.452,0.005,-0.821,0.571,0,0.571,0.821,-1,-0.004,0.003],"_shiftlockState":false,"_pose":"FreeFall","_animationQueue":[],"_animationSpeed":1,"_zoom":20.656},{"_mousePosition":[622,327],"_rootPartCFrame":[747.088,233.741,47.386,-0.027,0,1,0,1,0,-1,0,-0.027],"_humanoidState":5,"_cameraCFrame":[758.875,252.204,47.45,0.005,-0.821,0.571,0,0.571,0.821,-1,-0.004,0.003],"_shiftlockState":false,"_pose":"FreeFall","_animationQueue":[],"_animationSpeed":1,"_zoom":20.656},{"_mousePosition":[622,327],"_rootPartCFrame":[746.821,233.895,47.385,-0.022,0,1,0,1,0,-1,0,-0.022],"_humanoidState":5,"_cameraCFrame":[758.608,252.358,47.449,0.005,-0.821,0.571,0,0.571,0.821,-1,-0.004,0.003],"_shiftlockState":false,"_pose":"FreeFall","_animationQueue":[],"_animationSpeed":1,"_zoom":20.656},{"_mousePosition":[622,327],"_rootPartCFrame":[746.555,233.995,47.383,-0.018,0,1,0,1,0,-1,0,-0.018],"_humanoidState":5,"_cameraCFrame":[758.342,252.458,47.448,0.005,-0.821,0.571,0,0.571,0.821,-1,-0.004,0.003],"_shiftlockState":false,"_pose":"FreeFall","_animationQueue":[],"_animationSpeed":1,"_zoom":20.656},{"_mousePosition":[622,327],"_rootPartCFrame":[746.288,234.041,47.382,-0.015,0,1,0,1,0,-1,0,-0.015],"_humanoidState":5,"_cameraCFrame":[758.075,252.503,47.446,0.005,-0.821,0.571,0,0.571,0.821,-1,-0.004,0.003],"_shiftlockState":false,"_pose":"FreeFall","_animationQueue":[],"_animationSpeed":1,"_zoom":20.656},{"_mousePosition":[622,327],"_rootPartCFrame":[746.022,234.031,47.38,-0.012,0,1,0,1,0,-1,0,-0.012],"_humanoidState":5,"_cameraCFrame":[757.809,252.494,47.445,0.005,-0.821,0.571,0,0.571,0.821,-1,-0.004,0.003],"_shiftlockState":false,"_pose":"FreeFall","_animationQueue":[],"_animationSpeed":1,"_zoom":20.656},{"_mousePosition":[622,327],"_rootPartCFrame":[745.755,233.968,47.379,-0.01,0,1,0,1,0,-1,0,-0.01],"_humanoidState":5,"_cameraCFrame":[757.542,252.431,47.443,0.005,-0.821,0.571,0,0.571,0.821,-1,-0.004,0.003],"_shiftlockState":false,"_pose":"FreeFall","_animationQueue":[],"_animationSpeed":1,"_zoom":20.656},{"_mousePosition":[622,327],"_rootPartCFrame":[745.488,233.85,47.378,-0.007,0,1,0,1,0,-1,0,-0.007],"_humanoidState":5,"_cameraCFrame":[757.275,252.312,47.442,0.005,-0.821,0.571,0,0.571,0.821,-1,-0.004,0.003],"_shiftlockState":false,"_pose":"FreeFall","_animationQueue":[],"_animationSpeed":1,"_zoom":20.656},{"_mousePosition":[622,327],"_rootPartCFrame":[745.222,233.677,47.376,-0.006,0,1,0,1,0,-1,0,-0.006],"_humanoidState":5,"_cameraCFrame":[757.009,252.14,47.47,0.008,-0.821,0.571,0,0.571,0.821,-1,-0.007,0.005],"_shiftlockState":false,"_pose":"FreeFall","_animationQueue":[["fall",0.3]],"_animationSpeed":1,"_zoom":20.656},{"_mousePosition":[622,327],"_rootPartCFrame":[744.955,233.45,47.375,-0.004,0,1,0,1,0,-1,0,-0.004],"_humanoidState":5,"_cameraCFrame":[756.741,251.913,47.528,0.013,-0.821,0.571,0,0.571,0.821,-1,-0.011,0.007],"_shiftlockState":false,"_pose":"FreeFall","_animationQueue":[],"_animationSpeed":1,"_zoom":20.656},{"_mousePosition":[622,327],"_rootPartCFrame":[744.689,233.168,47.373,-0.002,0,1,0,1,0,-1,0,-0.002],"_humanoidState":5,"_cameraCFrame":[756.506,251.608,47.646,0.023,-0.82,0.572,0,0.572,0.82,-1,-0.019,0.013],"_shiftlockState":false,"_pose":"FreeFall","_animationQueue":[],"_animationSpeed":1,"_zoom":20.656},{"_mousePosition":[622,327],"_rootPartCFrame":[744.422,232.832,47.369,-0.001,0,1,0,1,0,-1,0,-0.001],"_humanoidState":5,"_cameraCFrame":[756.23,251.272,47.912,0.046,-0.819,0.572,0,0.572,0.82,-0.999,-0.038,0.026],"_shiftlockState":false,"_pose":"FreeFall","_animationQueue":[],"_animationSpeed":1,"_zoom":20.656},{"_mousePosition":[622,327],"_rootPartCFrame":[744.155,232.442,47.364,0.002,0,1,0,1,0,-1,0,0.002],"_humanoidState":5,"_cameraCFrame":[755.969,250.858,48.327,0.081,-0.816,0.572,0,0.574,0.819,-0.997,-0.067,0.047],"_shiftlockState":false,"_pose":"FreeFall","_animationQueue":[],"_animationSpeed":1,"_zoom":20.656},{"_mousePosition":[622,327],"_rootPartCFrame":[743.889,231.997,47.352,0.007,0,1,0,1,0,-1,0,0.007],"_humanoidState":5,"_cameraCFrame":[755.643,250.413,48.882,0.129,-0.812,0.569,0,0.574,0.819,-0.992,-0.106,0.074],"_shiftlockState":false,"_pose":"FreeFall","_animationQueue":[],"_animationSpeed":1,"_zoom":20.656},{"_mousePosition":[622,327],"_rootPartCFrame":[743.623,231.497,47.332,0.016,0,1,0,1,0,-1,0,0.016],"_humanoidState":5,"_cameraCFrame":[755.301,249.891,49.549,0.187,-0.803,0.565,0,0.575,0.818,-0.982,-0.153,0.107],"_shiftlockState":false,"_pose":"