[{"_mousePosition":[648,324],"_rootPartCFrame":[776.024,222.7,47.142,0.004,0,1,0,1,0,-1,0,0.004],"_humanoidState":8,"_cameraCFrame":[786.241,241.883,50.238,0.29,-0.819,0.495,0,0.517,0.856,-0.957,-0.248,0.15],"_shiftlockState":false,"_pose":"Standing","_animationQueue":[],"_animationSpeed":1,"_zoom":20.656},{"_mousePosition":[648,324],"_rootPartCFrame":[775.732,222.7,47.06,0.049,0,0.999,0,1,0,-0.999,0,0.049],"_humanoidState":8,"_cameraCFrame":[785.786,241.965,50.217,0.3,-0.821,0.487,0,0.51,0.86,-0.954,-0.258,0.153],"_shiftlockState":false,"_pose":"Standing","_animationQueue":[],"_animationSpeed":1,"_zoom":20.656},{"_mousePosition":[648,324],"_rootPartCFrame":[775.604,222.7,47.021,0.065,0,0.998,0,1,0,-0.998,0,0.065],"_humanoidState":8,"_cameraCFrame":[785.535,242.027,50.223,0.307,-0.821,0.481,0,0.505,0.863,-0.952,-0.265,0.155],"_shiftlockState":false,"_pose":"Running","_animationQueue":[["walk",0.1]],"_animationSpeed":1.089,"_zoom":20.656},{"_mousePosition":[648,324],"_rootPartCFrame":[775.35,222.7,46.942,0.097,0,0.995,0,1,0,-0.995,0,0.097],"_humanoidState":8,"_cameraCFrame":[785.157,242.087,50.186,0.314,-0.822,0.475,0,0.5,0.866,-0.949,-0.272,0.157],"_shiftlockState":false,"_pose":"Running","_animationQueue":[],"_animationSpeed":1.089,"_zoom":20.656},{"_mousePosition":[648,324],"_rootPartCFrame":[775.096,222.7,46.86,0.126,0,0.992,0,1,0,-0.992,0,0.126],"_humanoidState":8,"_cameraCFrame":[784.862,242.107,50.118,0.316,-0.822,0.473,0,0.498,0.867,-0.949,-0.274,0.158],"_shiftlockState":false,"_pose":"Running","_animationQueue":[],"_animationSpeed":1.089,"_zoom":20.656},{"_mousePosition":[648,324],"_rootPartCFrame":[774.843,222.7,46.776,0.152,0,0.988,0,1,0,-0.988,0,0.152],"_humanoidState":8,"_cameraCFrame":[784.526,242.147,50.061,0.321,-0.823,0.469,0,0.495,0.869,-0.947,-0.279,0.159],"_shiftlockState":false,"_pose":"Running","_animationQueue":[["walk",0.1]],"_animationSpeed":1.089,"_zoom":20.656},{"_mousePosition":[648,324],"_rootPartCFrame":[774.59,222.7,46.692,0.174,0,0.985,0,1,0,-0.985,0,0.174],"_humanoidState":8,"_cameraCFrame":[784.198,242.187,49.979,0.324,-0.824,0.465,0,0.492,0.871,-0.946,-0.282,0.159],"_shiftlockState":false,"_pose":"Running","_animationQueue":[],"_animationSpeed":1.089,"_zoom":20.656},{"_mousePosition":[648,324],"_rootPartCFrame":[774.337,222.7,46.606,0.194,0,0.981,0,1,0,-0.981,0,0.194],"_humanoidState":8,"_cameraCFrame":[783.829,242.246,49.907,0.328,-0.825,0.46,0,0.487,0.874,-0.945,-0.287,0.16],"_shiftlockState":false,"_pose":"Running","_animationQueue":[],"_animationSpeed":1.089,"_zoom":20.656},{"_mousePosition":[648,324],"_rootPartCFrame":[774.085,222.7,46.52,0.212,0,0.977,0,1,0,-0.977,0,0.212],"_humanoidState":8,"_cameraCFrame":[783.427,242.324,49.822,0.333,-0.827,0.452,0,0.48,0.877,-0.943,-0.292,0.16],"_shiftlockState":false,"_pose":"Running","_animationQueue":[],"_animationSpeed":1.089,"_zoom":20.656},{"_mousePosition":[648,324],"_rootPartCFrame":[773.833,222.7,46.433,0.228,0,0.974,0,1,0,-0.974,0,0.228],"_humanoidState":8,"_cameraCFrame":[783.058,242.382,49.746,0.338,-0.828,0.447,0,0.475,0.88,-0.941,-0.298,0.16],"_shiftlockState":false,"_pose":"Running","_animationQueue":[],"_animationSpeed":1.089,"_zoom":20.656},{"_mousePosition":[648,324],"_rootPartCFrame":[773.581,222.7,46.344,0.242,0,0.97,0,1,0,-0.97,0,0.242],"_humanoidState":8,"_cameraCFrame":[782.724,242.42,49.679,0.343,-0.829,0.443,0,0.471,0.882,-0.939,-0.302,0.161],"_shiftlockState":false,"_pose":"Running","_animationQueue":[],"_animationSpeed":1.089,"_zoom":20.656},{"_mousePosition":[648,324],"_rootPartCFrame":[773.33,222.7,46.254,0.255,0,0.967,0,1,0,-0.967,0,0.255],"_humanoidState":8,"_cameraCFrame":[782.28,242.514,49.596,0.35,-0.831,0.433,0,0.463,0.887,-0.937,-0.31,0.162],"_shiftlockState":false,"_pose":"Running","_animationQueue":[["walk",0.1]],"_animationSpeed":1.089,"_zoom":20.656},{"_mousePosition":[648,324],"_rootPartCFrame":[773.08,222.7,46.163,0.267,0,0.964,0,1,0,-0.964,0,0.267],"_humanoidState":8,"_cameraCFrame":[781.921,242.569,49.49,0.352,-0.832,0.428,0,0.457,0.889,-0.936,-0.313,0.161],"_shiftlockState":false,"_pose":"Running","_animationQueue":[],"_animationSpeed":1.089,"_zoom":20.656},{"_mousePosition":[648,324],"_rootPartCFrame":[772.83,222.7,46.07,0.278,0,0.96,0,1,0,-0.96,0,0.278],"_humanoidState":8,"_cameraCFrame":[781.595,242.606,49.394,0.355,-0.833,0.424,0,0.454,0.891,-0.935,-0.316,0.161],"_shiftlockState":false,"_pose":"Running","_animationQueue":[],"_animationSpeed":1.089,"_zoom":20.656},{"_mousePosition":[648,324],"_rootPartCFrame":[772.58,222.7,45.976,0.289,0,0.957,0,1,0,-0.957,0,0.289],"_humanoidState":8,"_cameraCFrame":[781.237,242.66,49.284,0.357,-0.835,0.419,0,0.449,0.894,-0.934,-0.319,0.16],"_shiftlockState":false,"_pose":"Running","_animationQueue":[],"_animationSpeed":1.089,"_zoom":20.656},{"_mousePosition":[648,324],"_rootPartCFrame":[772.331,222.7,45.881,0.298,0,0.955,0,1,0,-0.955,0,0.298],"_humanoidState":8,"_cameraCFrame":[780.912,242.696,49.185,0.359,-0.836,0.415,0,0.445,0.895,-0.933,-0.322,0.16],"_shiftlockState":false,"_pose":"Running","_animationQueue":[],"_animationSpeed":1.089,"_zoom":20.656},{"_mousePosition":[648,324],"_rootPartCFrame":[772.082,222.7,45.786,0.306,0,0.952,0,1,0,-0.952,0,0.306],"_humanoidState":8,"_cameraCFrame":[780.587,242.732,49.086,0.362,-0.836,0.412,0,0.442,0.897,-0.932,-0.325,0.16],"_shiftlockState":false,"_pose":"Running","_animationQueue":[],"_animationSpeed":1.089,"_zoom":20.656},{"_mousePosition":[648,324],"_rootPartCFrame":[771.833,222.7,45.69,0.313,0,0.95,0,1,0,-0.95,0,0.313],"_humanoidState":8,"_cameraCFrame":[780.304,242.75,48.977,0.362,-0.837,0.41,0,0.44,0.898,-0.932,-0.325,0.159],"_shiftlockState":false,"_pose":"Running","_animationQueue":[],"_animationSpeed":1.089,"_zoom":20.656},{"_mousePosition":[648,324],"_rootPartCFrame":[771.584,222.7,45.594,0.32,0,0.948,0,1,0,-0.948,0,0.32],"_humanoidState":8,"_cameraCFrame":[780.056,242.75,48.88,0.362,-0.837,0.41,0,0.44,0.898,-0.932,-0.325,0.159],"_shiftlockState":false,"_pose":"Running","_animationQueue":[["walk",0.1]],"_animationSpeed":1.089,"_zoom":20.656},{"_mousePosition":[648,324],"_rootPartCFrame":[771.336,222.7,45.497,0.325,0,0.946,0,1,0,-0.946,0,0.325],"_humanoidState":8,"_cameraCFrame":[779.74,242.785,48.758,0.362,-0.839,0.407,0,0.436,0.9,-0.932,-0.325,0.158],"_shiftlockState":false,"_pose":"Running","_animationQueue":[],"_animationSpeed":1.089,"_zoom":20.656},{"_mousePosition":[648,324],"_rootPartCFrame":[771.087,222.7,45.401,0.33,0,0.944,0,1,0,-0.944,0,0.33],"_humanoidState":8,"_cameraCFrame":[779.449,242.803,48.669,0.364,-0.839,0.405,0,0.435,0.901,-0.931,-0.328,0.158],"_shiftlockState":false,"_pose":"Running","_animationQueue":[],"_animationSpeed":1.089,"_zoom":20.656},{"_mousePosition":[648,324],"_rootPartCFrame":[770.838,222.7,45.305,0.335,0,0.942,0,1,0,-0.942,0,0.335],"_humanoidState":8,"_cameraCFrame":[779.166,242.82,48.56,0.364,-0.84,0.403,0,0.433,0.901,-0.931,-0.328,0.158],"_shiftlockState":false,"_pose":"Running","_animationQueue":[],"_animationSpeed":1.089,"_zoom":20.656},{"_mousePosition":[648,324],"_rootPartCFrame":[770.59,222.7,45.207,0.338,0,0.941,0,1,0,-0.941,0,0.338],"_humanoidState":8,"_cameraCFrame":[778.85,242.855,48.436,0.364,-0.841,0.4,0,0.429,0.903,-0.931,-0.329,0.156],"_shiftlockState":false,"_pose":"Running","_animationQueue":[],"_animationSpeed":1.089,"_zoom":20.656},{"_mousePosition":[648,324],"_rootPartCFrame":[770.279,223.783,45.086,0.343,0,0.939,0,1,0,-0.939,0,0.343],"_humanoidState":3,"_cameraCFrame":[778.498,243.956,48.322,0.366,-0.841,0.398,0,0.428,0.904,-0.93,-0.331,0.157],"_shiftlockState":false,"_pose":"Jumping","_animationQueue":[["walk",0.1],["jump",0.1]],"_animationSpeed":1,"_zoom":20.656},{"_mousePosition":[648,324],"_rootPartCFrame":[770.031,224.592,44.989,0.347,0,0.938,0,1,0,-0.938,0,0.347],"_humanoidState":5,"_cameraCFrame":[778.25,244.764,48.225,0.366,-0.841,0.398,0,0.428,0.904,-0.93,-0.331,0.157],"_shiftlockState":false,"_pose":"FreeFall","_animationQueue":[["jump",0.1]],"_animationSpeed":1,"_zoom":20.656},{"_mousePosition":[648,324],"_rootPartCFrame":[769.783,225.346,44.891,0.349,0,0.937,0,1,0,-0.937,0,0.349],"_humanoidState":5,"_cameraCFrame":[778.001,245.518,48.128,0.366,-0.841,0.398,0,0.428,0.904,-0.93,-0.331,0.157],"_shiftlockState":false,"_pose":"FreeFall","_animationQueue":[],"_animationSpeed":1,"_zoom":20.656},{"_mousePosition":[648,324],"_rootPartCFrame":[769.535,226.045,44.794,0.352,0,0.936,0,1,0,-0.936,0,0.352],"_humanoidState":5,"_cameraCFrame":[777.753,246.217,48.03,0.366,-0.841,0.398,0,0.428,0.904,-0.93,-0.331,0.157],"_shiftlockState":false,"_pose":"FreeFall","_animationQueue":[],"_animationSpeed":1,"_zoom":20.656},{"_mousePosition":[648,324],"_rootPartCFrame":[769.287,226.69,44.696,0.354,0,0.935,0,1,0,-0.935,0,0.354],"_humanoidState":5,"_cameraCFrame":[777.505,246.862,47.932,0.366,-0.841,0.398,0,0.428,0.904,-0.93,-0.331,0.157],"_shiftlockState":false,"_pose":"FreeFall","_animationQueue":[],"_animationSpeed":1,"_zoom":20.656},{"_mousePosition":[648,324],"_rootPartCFrame":[769.039,227.28,44.598,0.356,0,0.935,0,1,0,-0.935,0,0.356],"_humanoidState":5,"_cameraCFrame":[777.257,247.453,47.835,0.366,-0.841,0.398,0,0.428,0.904,-0.93,-0.331,0.157],"_shiftlockState":false,"_pose":"FreeFall","_animationQueue":[],"_animationSpeed":1,"_zoom":20.656},{"_mousePosition":[648,324],"_rootPartCFrame":[768.791,227.816,44.501,0.357,0,0.934,0,1,0,-0.934,0,0.357],"_humanoidState":5,"_cameraCFrame":[777.009,247.989,47.737,0.366,-0.841,0.398,0,0.428,0.904,-0.93,-0.331,0.157],"_shiftlockState":false,"_pose":"FreeFall","_animationQueue":[],"_animationSpeed":1,"_zoom":20.656},{"_mousePosition":[648,324],"_rootPartCFrame":[768.543,228.298,44.403,0.358,0,0.934,0,1,0,-0.934,0,0.358],"_humanoidState":5,"_cameraCFrame":[776.761,248.47,47.639,0.366,-0.841,0.398,0,0.428,0.904,-0.93,-0.331,0.157],"_shiftlockState":false,"_pose":"FreeFall","_animationQueue":[],"_animationSpeed":1,"_zoom":20.656},{"_mousePosition":[648,324],"_rootPartCFrame":[768.295,228.725,44.305,0.36,0,0.933,0,1,0,-0.933,0,0.36],"_humanoidState":5,"_cameraCFrame":[776.479,248.914,47.528,0.366,-0.842,0.396,0,0.426,0.905,-0.93,-0.332,0.156],"_shiftlockState":false,"_pose":"FreeFall","_animationQueue":[],"_animationSpeed":1,"_zoom":20.656},{"_mousePosition":[648,324],"_rootPartCFrame":[768.047,229.097,44.208,0.361,0,0.933,0,1,0,-0.933,0,0.361],"_humanoidState":5,"_cameraCFrame":[776.197,249.304,47.417,0.366,-0.843,0.395,0,0.424,0.906,-0.93,-0.332,0.155],"_shiftlockState":false,"_pose":"FreeFall","_animationQueue":[],"_animationSpeed":1,"_zoom":20.656},{"_mousePosition":[648,324],"_rootPartCFrame":[767.799,229.415,44.11,0.361,0,0.932,0,1,0,-0.932,0,0.361],"_humanoidState":5,"_cameraCFrame":[775.915,249.638,47.306,0.366,-0.843,0.393,0,0.422,0.906,-0.93,-0.332,0.155],"_shiftlockState":false,"_pose":"FreeFall","_animationQueue":[],"_animationSpeed":1,"_zoom":20.656},{"_mousePosition":[648,324],"_rootPartCFrame":[767.551,229.678,44.012,0.362,0,0.932,0,1,0,-0.932,0,0.362],"_humanoidState":5,"_cameraCFrame":[775.599,249.936,47.182,0.366,-0.845,0.39,0,0.419,0.908,-0.93,-0.333,0.153],"_shiftlockState":false,"_pose":"FreeFall","_animationQueue":[],"_animationSpeed":1,"_zoom":20.656},{"_mousePosition":[648,324],"_rootPartCFrame":[767.303,229.887,43.914,0.363,0,0.932,0,1,0,-0.932,0,0.363],"_humanoidState":5,"_cameraCFrame":[775.283,250.178,47.057,0.366,-0.846,0.386,0,0.415,0.91,-0.93,-0.333,0.152],"_shiftlockState":false,"_pose":"FreeFall","_animationQueue":[],"_animationSpeed":1,"_zoom":20.656},{"_mousePosition":[648,324],"_rootPartCFrame":[767.055,230.042,43.817,0.363,0,0.932,0,1,0,-0.932,0,0.363],"_humanoidState":5,"_cameraCFrame":[775.009,250.349,46.926,0.364,-0.848,0.385,0,0.413,0.911,-0.931,-0.331,0.151],"_shiftlockState":false,"_pose":"FreeFall","_animationQueue":[],"_animationSpeed":1,"_zoom":20.656},{"_mousePosition":[648,324],"_rootPartCFrame":[766.807,230.141,43.719,0.364,0,0.932,0,1,0,-0.932,0,0.364],"_humanoidState":5,"_cameraCFrame":[774.742,250.466,46.775,0.359,-0.85,0.384,0,0.412,0.911,-0.933,-0.327,0.148],"_shiftlockState":false,"_pose":"FreeFall","_animationQueue":[],"_animationSpeed":1,"_zoom":20.656},{"_mousePosition":[648,324],"_rootPartCFrame":[766.558,230.187,43.622,0.364,0,0.931,0,1,0,-0.931,0,0.364],"_humanoidState":5,"_cameraCFrame":[774.441,250.544,46.611,0.355,-0.854,0.382,0,0.408,0.913,-0.935,-0.324,0.145],"_shiftlockState":false,"_pose":"FreeFall","_animationQueue":[["fall",0.3]],"_animationSpeed":1,"_zoom":20.656},{"_mousePosition":[648,324],"_rootPartCFrame":[766.309,230.178,43.526,0.363,0,0.932,0,1,0,-0.932,0,0.363],"_humanoidState":5,"_cameraCFrame":[774.146,250.568,46.43,0.347,-0.858,0.379,0,0.405,0.915,-0.938,-0.318,0.141],"_shiftlockState":false,"_pose":"FreeFall","_animationQueue":[],"_animationSpeed":1,"_zoom":20.656},{"_mousePosition":[648,324],"_rootPartCFrame":[766.06,230.114,43.431,0.362,0,0.932,0,1,0,-0.932,0,0.362],"_humanoidState":5,"_cameraCFrame":[773.883,250.52,46.263,0.34,-0.861,0.379,0,0.403,0.915,-0.94,-0.312,0.137],"_shiftlockState":false,"_pose":"FreeFall","_animationQueue":[],"_animationSpeed":1,"_zoom":20.656},{"_mousePosition":[648,324],"_rootPartCFrame":[765.81,229.996,43.338,0.361,0,0.933,0,1,0,-0.933,0,0.361],"_humanoidState":5,"_cameraCFrame":[773.62,250.418,46.098,0.333,-0.864,0.378,0,0.401,0.916,-0.943,-0.305,0.134],"_shiftlockState":false,"_pose":"FreeFall","_animationQueue":[],"_animationSpeed":1,"_zoom":20.656},{"_mousePosition":[648,324],"_rootPartCFrame":[765.56,229.823,43.247,0.358,0,0.934,0,1,0,-0.934,0,0.358],"_humanoidState":5,"_cameraCFrame":[773.355,250.262,45.936,0.326,-0.867,0.377,0,0.399,0.917,-0.945,-0.299,0.13],"_shiftlockState":false,"_pose":"FreeFall","_animationQueue":[],"_animationSpeed":1,"_zoom":20.656},{"_mousePosition":[648,324],"_rootPartCFrame":[765.308,229.596,43.158,0.355,0,0.935,0,1,0,-0.935,0,0.355],"_humanoidState":5,"_cameraCFrame":[773.082,250.051,45.795,0.321,-0.869,0.376,0,0.397,0.918,-0.947,-0.295,0.128],"_shiftlockState":false,"_pose":"FreeFall","_animationQueue":[],"_animationSpeed":1,"_zoom":20.656},{"_mousePosition":[648,324],"_rootPartCFrame":[765.056,229.315,43.071,0.352,0,0.936,0,1,0,-0.936,0,0.352],"_humanoidState":5,"_cameraCFrame":[772.815,249.785,45.637,0.314,-0.872,0.376,0,0.396,0.918,-0.949,-0.288,0.124],"_shiftlockState":false,"_pose":"FreeFall","_animationQueue":[],"_animationSpeed":1,"_zoom":20.656},{"_mousePosition":[648,324],"_rootPartCFrame":[764.804,228.979,42.985,0.348,0,0.938,0,1,0,-0.938,0,0.348],"_humanoidState":5,"_cameraCFrame":[772.553,249.465,45.462,0.304,-0.876,0.375,0,0.394,0.919,-0.953,-0.28,0.12],"_shiftlockState":false,"_pose":"FreeFall","_animationQueue":[["fall",0.3]],"_animationSpeed":1,"_zoom":20.656},{"_mousePosition":[648,324],"_rootPartCFrame":[764.551,228.588,42.901,0.343,0,0.939,0,1,0,-0.939,0,0.343],"_humanoidState":5,"_cameraCFrame":[772.289,249.09,45.288,0.295,-0.879,0.375,0,0.392,0.92,-0.956,-0.271,0.116],"_shiftlockState":false,"_pose":"FreeFall","_animationQueue":[],"_animationSpeed":1,"_zoom":20.656},{"_mousePosition":[648,324],"_rootPartCFrame":[764.297,228.143,42.819,0.338,0,0.941,0,1,0,-0.941,0,0.338],"_humanoidState":5,"_cameraCFrame":[772.029,248.661,45.098,0.283,-0.883,0.374,0,0.39,0.921,-0.959,-0.26,0.11],"_shiftlockState":false,"_pose":"FreeFall","_animationQueue":[],"_animationSpeed":1,"_zoom":20.656},{"_mousePosition":[648,324],"_rootPartCFrame":[764.042,227.643,42.74,0.333,0,0.943,0,1,0,-0.943,0,0.333],"_humanoidState":5,"_cameraCFrame":[771.789,248.177,44.833,0.261,-0.89,0.375,0,0.388,0.921,-0.965,-0.24,0.101],"_shiftlockState":false,"_pose":"FreeFall","_animationQueue":[],"_animationSpeed":1,"_zoom":20.656},{"_mousePosition":[648,324],"_rootPartCFrame":[763.786,227.089,42.664,0.326,0,0.945,0,1,0,-0.945,0,0.326],"_humanoidState":5,"_cameraCFrame":[771.569,247.623,44.619,0.244,-0.894,0.377,0,0.388,0.921,-0.97,-0.224,0.095],"_shiftlockState":false,"_pose":"FreeFall","_animationQueue":[],"_animationSpeed":1,"_zoom":20.656},{"_mousePosition":[648,324],"_rootPartCFrame":[763.529,226.481,42.594,0.318,0,0.948,0,1,0,-0.948,0,0.318],"_humanoidState":5,"_cameraCFrame":[771.345,247.014,44.411,0.226,-0.898,0.378,0,0.388,0.921,-0.974,-0.209,0.088],"_shiftlockState":false,"_pose":"FreeFall","_animationQueue":[],"_animationSpeed":1,"_zoom":20.656},{"_mousePosition":[648,324],"_rootPartCFrame":[763.271,225.817,42.528,0.309,0,0.951,0,1,0,-0.951,0,0.309],"_humanoidState":5,"_cameraCFrame":[771.109,246.351,44.246,0.214,-0.9,0.379,0,0.388,0.921,-0.977,-0.197,0.083],"_shiftlockState":false,"_pose":"FreeFall","_animationQueue":[],"_animationSpeed":1,"_zoom":20.656},{"_mousePosition":[648,324],"_rootPartCFrame":[763.011,225.1,42.467,0.298,0,0.954,0,1,0,-0.954,0,0.298],"_humanoidState":5,"_cameraCFrame":[770.867,245.634,44.105,0.204,-0.902,0.38,0,0.388,0.921,-0.979,-0.188,0.079],"_shiftlockState":false,"_pose":"FreeFall","_animationQueue":[["fall",0.3]],"_animationSpeed":1,"_zoom":20.656},{"_mousePosition":[648,324],"_rootPartCFrame":[762.751,224.328,42.41,0.287,0,0.958,0,1,0,-0.958,0,0.287],"_humanoidState":5,"_cameraCFrame":[770.586,244.877,43.961,0.194,-0.905,0.379,0,0.387,0.922,-0.981,-0.179,0.075],"_shiftlockState":false,"_pose":"FreeFall","_animationQueue":[],"_animationSpeed":1,"_zoom":20.656},{"_mousePosition":[648,324],"_rootPartCFrame":[762.49,223.501,42.355,0.276,0,0.961,0,1,0,-0.961,0,0.276],"_humanoidState":5,"_cameraCFrame":[770.344,244.05,43.807,0.182,-0.907,0.38,0,0.387,0.922,-0.983,-0.168,0.07],"_shiftlockState":false,"_pose":"FreeFall","_animationQueue":[],"_animationSpeed":1,"_zoom":20.656},{"_mousePosition":[648,324],"_rootPartCFrame":[762.228,223.377,42.303,0.265,0,0.964,0,1,0,-0.964,0,0.265],"_humanoidState":7,"_cameraCFrame":[770.1,243.926,43.655,0.169,-0.909,0.381,0,0.387,0.922,-0.986,-0.156,0.065],"_shiftlockState":false,"_pose":"FreeFall","_animationQueue":[["walk",0.1],["fall",0.3],["fall",0.3]],"_animationSpeed":1,"_zoom":20.656},{"_mousePosition":[648,324],"_rootPartCFrame":[761.966,223.374,42.254,0.254,0,0.967,0,1,0,-0.967,0,0.254],"_humanoidState":7,"_cameraCFrame":[769.83,243.939,43.421,0.147,-0.913,0.381,0,0.385,0.923,-0.989,-0.136,0.057],"_shiftlockState":false,"_pose":"FreeFall","_animationQueue":[],"_animationSpeed":1,"_zoom":20.656},{"_mousePosition":[648,324],"_rootPartCFrame":[761.572,223.192,42.186,0.238,0,0.971,0,1,0,-0.971,0,0.238],"_humanoidState":8,"_cameraCFrame":[769.445,243.757,43.293,0.139,-0.914,0.381,0,0.385,0.923,-0.99,-0.129,0.054],"_shiftlockState":false,"_pose":"Running","_animationQueue":[["walk",0.1],["fall",0.3],["walk",0.1]],"_animationSpeed":1.103,"_zoom":20.656},{"_mousePosition":[648,324],"_rootPartCFrame":[761.375,223.851,42.152,0.229,0,0.973,0,1,0,-0.973,0,0.229],"_humanoidState":3,"_cameraCFrame":[769.263,244.416,43.14,0.124,-0.916,0.382,0,0.385,0.923,-0.992,-0.115,0.048],"_shiftlockState":false,"_pose":"Jumping","_animationQueue":[["walk",0.1],["walk",0.1],["jump",0.1]],"_animationSpeed":1,"_zoom":20.656},{"_mousePosition":[648,324],"_rootPartCFrame":[761.111,224.687,42.113,0.217,0,0.976,0,1,0,-0.976,0,0.217],"_humanoidState":5,"_cameraCFrame":[769.014,245.252,42.981,0.109,-0.917,0.383,0,0.385,0.923,-0.994,-0.101,0.042],"_shiftlockState":false,"_pose":"FreeFall","_animationQueue":[["jump",0.1]],"_animationSpeed":1,"_zoom":20.656},{"_mousePosition":[648,324],"_rootPartCFrame":[760.847,225.468,42.08,0.205,0,0.979,0,1,0,-0.979,0,0.205],"_humanoidState":5,"_cameraCFrame":[768.767,246.033,42.768,0.087,-0.92,0.383,0,0.385,0.923,-0.996,-0.08,0.033],"_shiftlockState":false,"_pose":"FreeFall","_animationQueue":[],"_animationSpeed":1,"_zoom":20.656},{"_mousePosition":[648,324],"_rootPartCFrame":[760.515,226.368,42.043,0.19,0,0.982,0,1,0,-0.982,0,0.19],"_humanoidState":5,"_cameraCFrame":[768.444,246.933,42.63,0.074,-0.92,0.384,0,0.385,0.923,-0.997,-0.068,0.028],"_shiftlockState":false,"_pose":"FreeFall","_animationQueue":[],"_animationSpeed":1,"_zoom":20.656},{"_mousePosition":[648,324],"_rootPartCFrame":[760.316,226.867,42.024,0.18,0,0.984,0,1,0,-0.984,0,0.18],"_humanoidState":5,"_cameraCFrame":[768.249,247.432,42.552,0.066,-0.921,0.384,0,0.385,0.923,-0.998,-0.061,0.026],"_shiftlockState":false,"_pose":"FreeFall","_animationQueue":[],"_animationSpeed":1,"_zoom":20.656},{"_mousePosition":[648,324],"_rootPartCFrame":[760.05,227.485,42.004,0.166,0,0.986,0,1,0,-0.986,0,0.166],"_humanoidState":5,"_cameraCFrame":[767.988,248.05,42.451,0.056,-0.922,0.384,0,0.385,0.923,-0.998,-0.052,0.022],"_shiftlockState":false,"_pose":"FreeFall","_animationQueue":[],"_animationSpeed":1,"_zoom":20.656},{"_mousePosition":[648,324],"_rootPartCFrame":[759.784,228.048,41.986,0.152,0,0.988,0,1,0,-0.988,0,0.152],"_humanoidState":5,"_cameraCFrame":[767.726,248.613,42.353,0.046,-0.922,0.384,0,0.385,0.923,-0.999,-0.043,0.018],"_shiftlockState":false,"_pose":"FreeFall","_animationQueue":[],"_animationSpeed":1,"_zoom":20.656},{"_mousePosition":[648,324],"_rootPartCFrame":[759.518,228.556,41.971,0.139,0,0.99,0,1,0,-0.99,0,0.139],"_humanoidState":5,"_cameraCFrame":[767.464,249.121,42.237,0.033,-0.922,0.385,0,0.385,0.923,-0.999,-0.031,0.013],"_shiftlockState":false,"_pose":"FreeFall","_animationQueue":[],"_animationSpeed":1,"_zoom":20.656},{"_mousePosition":[648,324],"_rootPartCFrame":[759.252,229.011,41.958,0.127,0,0.992,0,1,0,-0.992,0,0.127],"_humanoidState":5,"_cameraCFrame":[767.2,249.575,42.104,0.018,-0.923,0.385,0,0.385,0.923,-1,-0.017,0.007],"_shiftlockState":false,"_pose":"FreeFall","_animationQueue":[],"_animationSpeed":1,"_zoom":20.656},{"_mousePosition":[648,324],"_rootPartCFrame":[758.985,229.41,41.949,0.114,0,0.993,0,1,0,-0.993,0,0.114],"_humanoidState":5,"_cameraCFrame":[766.935,249.975,41.953,0.001,-0.923,0.385,0,0.385,0.923,-1,-0.001,0],"_shiftlockState":false,"_pose":"FreeFall","_animationQueue":[],"_animationSpeed":1,"_zoom":20.656},{"_mousePosition":[648,324],"_rootPartCFrame":[758.718,229.755,41.943,0.102,0,0.995,0,1,0,-0.995,0,0.102],"_humanoidState":5,"_cameraCFrame":[766.668,250.32,41.827,-0.015,-0.923,0.385,0,0.385,0.923,-1,0.013,-0.006],"_shiftlockState":false,"_pose":"FreeFall","_animationQueue":[],"_animationSpeed":1,"_zoom":20.656},{"_mousePosition":[648,324],"_rootPartCFrame":[758.452,230.046,41.942,0.089,0,0.996,0,1,0,-0.996,0,0.089],"_humanoidState":5,"_cameraCFrame":[766.398,250.611,41.706,-0.03,-0.923,0.385,0,0.385,0.923,-1,0.027,-0.011],"_shiftlockState":false,"_pose":"FreeFall","_animationQueue":[],"_animationSpeed":1,"_zoom":20.656},{"_mousePosition":[648,324],"_rootPartCFrame":[758.185,230.282,41.946,0.075,0,0.997,0,1,0,-0.997,0,0.075],"_humanoidState":5,"_cameraCFrame":[766.128,250.847,41.608,-0.042,-0.922,0.385,0,0.385,0.923,-0.999,0.039,-0.016],"_shiftlockState":false,"_pose":"FreeFall","_animationQueue":[],"_animationSpeed":1,"_zoom":20.656},{"_mousePosition":[648,324],"_rootPartCFrame":[757.919,230.464,41.953,0.061,0,0.998,0,1,0,-0.998,0,0.061],"_humanoidState":5,"_cameraCFrame":[765.857,251.029,41.515,-0.055,-0.922,0.384,0,0.385,0.923,-0.998,0.051,-0.021],"_shiftlockState":false,"_pose":"FreeFall","_animationQueue":[],"_animationSpeed":1,"_zoom":20.656},{"_mousePosition":[648,324],"_rootPartCFrame":[757.652,230.591,41.964,0.047,0,0.999,0,1,0,-0.999,0,0.047],"_humanoidState":5,"_cameraCFrame":[765.583,251.156,41.406,-0.07,-0.921,0.384,0,0.385,0.923,-0.998,0.065,-0.027],"_shiftlockState":false,"_pose":"FreeFall","_animationQueue":[],"_animationSpeed":1,"_zoom":20.656},{"_mousePosition":[648,324],"_rootPartCFrame":[757.319,230.673,41.982,0.03,0,1,0,1,0,-1,0,0.03],"_humanoidState":5,"_cameraCFrame":[765.244,251.238,41.343,-0.08,-0.92,0.384,0,0.385,0.923,-0.997,0.074,-0.031],"_shiftlockState":false,"_pose":"FreeFall","_animationQueue":[],"_animationSpeed":1,"_zoom":20.656},{"_mousePosition":[648,324],"_rootPartCFrame":[757.12,230.682,41.995,0.02,0,1,0,1,0,-1,0,0.02],"_humanoidState":5,"_cameraCFrame":[765.037,251.247,41.276,-0.09,-0.919,0.383,0,0.385,0.923,-0.996,0.083,-0.035],"_shiftlockState":false,"_pose":"FreeFall","_animationQueue":[],"_animationSpeed":1,"_zoom":20.656},{"_mousePosition":[648,324],"_rootPartCFrame":[756.854,230.645,42.016,0.007,0,1,0,1,0,-1,0,0.007],"_humanoidState":5,"_cameraCFrame":[764.768,251.21,41.257,-0.095,-0.919,0.383,0,0.385,0.923,-0.995,0.088,-0.037],"_shiftlockState":false,"_pose":"FreeFall","_animationQueue":[],"_animationSpeed":1,"_zoom":20.656},{"_mousePosition":[648,324],"_rootPartCFrame":[756.522,230.523,42.046,-0.01,0,1,0,1,0,-1,0,-0.01],"_humanoidState":5,"_cameraCFrame":[764.434,251.088,41.267,-0.098,-0.919,0.383,0,0.385,0.923,-0.995,0.09,-0.038],"_shiftlockState":false,"_pose":"FreeFall","_animationQueue":[],"_animationSpeed":1,"_zoom":20.656},{"_mousePosition":[648,324],"_rootPartCFrame":[756.323,230.409,42.065,-0.019,0,1,0,1,0,-1,0,-0.019],"_humanoidState":5,"_cameraCFrame":[764.233,250.974,41.266,-0.1,-0.918,0.383,0,0.385,0.923,-0.995,0.093,-0.039],"_shiftlockState":false,"_pose":"FreeFall","_animationQueue":[],"_animationSpeed":1,"_zoom":20.656},{"_mousePosition":[648,324],"_rootPartCFrame":[756.057,230.209,42.091,-0.03,0,1,0,1,0,-1,0,-0.03],"_humanoidState":5,"_cameraCFrame":[763.963,250.774,41.252,-0.106,-0.918,0.383,0,0.385,0.923,-0.994,0.097,-0.041],"_shiftlockState":false,"_pose":"FreeFall","_animationQueue":[["fall",0.3]],"_animationSpeed":1,"_zoom":20.656},{"_mousePosition":[648,324],"_rootPartCFrame":[755.792,229.955,42.117,-0.039,0,0.999,0,1,0,-0.999,0,-0.039],"_humanoidState":5,"_cameraCFrame":[763.693,250.52,41.239,-0.111,-0.917,0.383,0,0.385,0.923,-0.994,0.102,-0.043],"_shiftlockState":false,"_pose":"FreeFall","_animationQueue":[],"_animationSpeed":1,"_zoom":20.656},{"_mousePosition":[648,324],"_rootPartCFrame":[755.527,229.646,42.145,-0.049,0,0.999,0,1,0,-0.999,0,-0.049],"_humanoidState":5,"_cameraCFrame":[763.421,250.211,41.207,-0.118,-0.917,0.382,0,0.385,0.923,-0.993,0.109,-0.045],"_shiftlockState":false,"_pose":"FreeFall","_animationQueue":[],"_animationSpeed":1,"_zoom":20.656},{"_mousePosition":[648,324],"_rootPartCFrame":[755.262,229.283,42.174,-0.057,0,0.998,0,1,0,-0.998,0,-0.057],"_humanoidState":5,"_cameraCFrame":[763.149,249.848,41.176,-0.126,-0.916,0.382,0,0.385,0.923,-0.992,0.116,-0.048],"_shiftlockState":false,"_pose":"FreeFall","_animationQueue":[],"_animationSpeed":1,"_zoom":20.656},{"_mousePosition":[648,324],"_rootPartCFrame":[754.997,228.865,42.206,-0.065,0,0.998,0,1,0,-0.998,0,-0.065],"_humanoidState":5,"_cameraCFrame":[762.876,249.43,41.147,-0.133,-0.915,0.381,0,0.385,0.923,-0.991,0.123,-0.051],"_shiftlockState":false,"_pose":"FreeFall","_animationQueue":[],"_animationSpeed":1,"_zoom":20.656},{"_mousePosition":[648,324],"_rootPartCFrame":[754.732,228.393,42.239,-0.073,0,0.997,0,1,0,-0.997,0,-0.073],"_humanoidState":5,"_cameraCFrame":[762.609,248.957,41.16,-0.136,-0.914,0.381,0,0.385,0.923,-0.991,0.125,-0.052],"_shiftlockState":false,"_pose":"FreeFall","_animationQueue":[],"_animationSpeed":1,"_zoom":20.656},{"_mousePosition":[648,324],"_rootPartCFrame":[754.468,227.866,42.274,-0.081,0,0.997,0,1,0,-0.997,0,-0.081],"_humanoidState":5,"_cameraCFrame":[762.342,248.431,41.176,-0.138,-0.914,0.381,0,0.385,0.923,-0.99,0.128,-0.053],"_shiftlockState":false,"_pose":"FreeFall","_animationQueue":[],"_animationSpeed":1,"_zoom":20.656},{"_mousePosition":[648,324],"_rootPartCFrame":[754.204,227.284,42.31,-0.089,0,0.996,0,1,0,-0.996,0,-0.089],"_humanoidState":5,"_cameraCFrame":[762.077,247.849,41.212,-0.138,-0.914,0.381,0,0.385,0.923,-0.99,0.128,-0.053],"_shiftlockState":false,"_pose":"FreeFall","_animationQueue":[["fall",0.3]],"_animationSpeed":1,"_zoom":20.656},{"_mousePosition":[648,324],"_rootPartCFrame":[753.94,226.649,42.347,-0.096,0,0.995,0,1,0,-0.995,0,-0.096],"_humanoidState":5,"_cameraCFrame":[761.813,247.213,41.249,-0.138,-0.914,0.381,0,0.385,0.923,-0.99,0.128,-0.053],"_shiftlockState":false,"_pose":"FreeFall","_animationQueue":[],"_animationSpeed":1,"_zoom":20.656},{"_mousePosition":[648,324],"_rootPartCFrame":[753.675,225.958,42.384,-0.102,0,0.995,0,1,0,-0.995,0,-0.102],"_humanoidState":5,"_cameraCFrame":[761.549,246.523,41.285,-0.138,-0.914,0.381,0,0.385,0.923,-0.99,0.128,-0.053],"_shiftlockState":false,"_pose":"FreeFall","_animationQueue":[],"_animationSpeed":1,"_zoom":20.656},{"_mousePosition":[648,324],"_rootPartCFrame":[753.411,225.213,42.421,-0.107,0,0.994,0,1,0,-0.994,0,-0.107],"_humanoidState":5,"_cameraCFrame":[761.285,245.778,41.322,-0.138,-0.914,0.381,0,0.385,0.923,-0.99,0.128,-0.053],"_shiftlockState":false,"_pose":"FreeFall","_animationQueue":[],"_animationSpeed":1,"_zoom":20.656},{"_mousePosition":[648,324],"_rootPartCFrame":[753.147,224.414,42.457,-0.111,0,0.994,0,1,0,-0.994,0,-0.111],"_humanoidState":5,"_cameraCFrame":[761.021,244.979,41.359,-0.138,-0.914,0.381,0,0.385,0.923,-0.99,0.128,-0.053],"_shiftlockState":false,"_pose":"FreeFall","_animationQueue":[],"_animationSpeed":1,"_zoom":20.656},{"_mousePosition":[648,324],"_rootPartCFrame":[752.883,223.56,42.494,-0.115,0,0.993,0,1,0,-0.993,0,-0.115],"_humanoidState":5,"_cameraCFrame":[760.757,244.125,41.396,-0.138,-0.914,0.381,0,0.385,0.923,-0.99,0.128,-0.053],"_shiftlockState":false,"_pose":"FreeFall","_animationQueue":[],"_animationSpeed":1,"_zoom":20.656},{"_mousePosition":[648,324],"_rootPartCFrame":[752.619,222.652,42.531,-0.118,0,0.993,0,1,0,-0.993,0,-0.118],"_humanoidState":5,"_cameraCFrame":[760.492,243.217,41.433,-0.138,-0.914,0.381,0,0.385,0.923,-0.99,0.128,-0.053],"_shiftlockState":false,"_pose":"FreeFall","_animationQueue":[["fall",0.3]],"_animationSpeed":1,"_zoom":20.656},{"_mousePosition":[648,324],"_rootPartCFrame":[752.355,221.998,42.568,-0.121,0,0.993,0,1,0,-0.993,0,-0.121],"_humanoidState":7,"_cameraCFrame":[760.228,242.563,41.47,-0.138,-0.914,0.381,0,0.385,0.923,-0.99,0.128,-0.053],"_shiftlockState":false,"_pose":"FreeFall","_animationQueue":[["walk",0.1],["fall",0.3],["fall",0.3]],"_animationSpeed":1,"_zoom":20.656},{"_mousePosition":[648,324],"_rootPartCFrame":[752.09,222.034,42.605,-0.124,0,0.992,0,1,0,-0.992,0,-0.124],"_humanoidState":7,"_cameraCFrame":[759.964,242.599,41.506,-0.138,-0.914,0.381,0,0.385,0.923,-0.99,0.128,-0.053],"_shiftlockState":false,"_pose":"FreeFall","_animationQueue":[],"_animationSpeed":1,"_zoom":20.656},{"_mousePosition":[648,324],"_rootPartCFrame":[751.826,222.133,42.642,-0.126,0,0.992,0,1,0,-0.992,0,-0.126],"_humanoidState":8,"_cameraCFrame":[759.737,242.682,41.538,-0.138,-0.913,0.383,0,0.387,0.922,-0.99,0.127,-0.053],"_shiftlockState":false,"_pose":"Running","_animationQueue":[["walk",0.1],["fall",0.3],["walk",0.1]],"_animationSpeed":1.103,"_zoom":20.656},{"_mousePosition":[648,324],"_rootPartCFrame":[751.562,222.2,42.678,-0.127,0,0.992,0,1,0,-0.992,0,-0.127],"_humanoidState":8,"_cameraCFrame":[759.473,242.749,41.575,-0.138,-0.913,0.383,0,0.387,0.922,-0.99,0.127,-0.053],"_shiftlockState":false,"_pose":"Running","_animationQueue":[],"_animationSpeed":1.103,"_zoom":20.656},{"_mousePosition":[648,324],"_rootPartCFrame":[751.298,222.238,42.715,-0.129,0,0.992,0,1,0,-0.992,0,-0.129],"_humanoidState":8,"_cameraCFrame":[759.245,242.772,41.607,-0.138,-0.913,0.385,0,0.388,0.921,-0.99,0.127,-0.054],"_shiftlockState":false,"_pose":"Running","_animationQueue":[],"_animationSpeed":1.103,"_zoom":20.656},{"_mousePosition":[648,324],"_rootPartCFrame":[751.034,222.259,42.752,-0.13,0,0.992,0,1,0,-0.992,0,-0.13],"_humanoidState":8,"_cameraCFrame":[759.018,242.777,41.638,-0.138,-0.912,0.387,0,0.39,0.921,-0.99,0.127,-0.054],"_shiftlockState":false,"_pose":"Running","_animationQueue":[["walk",0.1]],"_animationSpeed":1.103,"_zoom":20.656},{"_mousePosition":[648,324],"_rootPartCFrame":[750.77,223.132,42.789,-0.131,0,0.991,0,1,0,-0.991,0,-0.131],"_humanoidState":3,"_cameraCFrame":[758.756,243.65,41.695,-0.136,-0.912,0.387,0,0.39,0.921,-0.991,0.125,-0.053],"_shiftlockState":false,"_pose":"Jumping","_animationQueue":[["walk",0.1],["jump",0.1]],"_animationSpeed":1,"_zoom":20.656},{"_mousePosition":[648,324],"_rootPartCFrame":[750.505,223.954,42.826,-0.132,0,0.991,0,1,0,-0.991,0,-0.132],"_humanoidState":5,"_cameraCFrame":[758.532,244.456,41.748,-0.133,-0.912,0.389,0,0.392,0.92,-0.991,0.122,-0.052],"_shiftlockState":false,"_pose":"FreeFall","_animationQueue":[["jump",0.1]],"_animationSpeed":1,"_zoom":20.656},{"_mousePosition":[648,324],"_rootPartCFrame":[750.241,224.721,42.862,-0.133,0,0.991,0,1,0,-0.991,0,-0.133],"_humanoidState":5,"_cameraCFrame":[758.27,245.224,41.804,-0.131,-0.912,0.389,0,0.392,0.92,-0.991,0.12,-0.051],"_shiftlockState":false,"_pose":"FreeFall","_animationQueue":[],"_animationSpeed":1,"_zoom":20.656},{"_mousePosition":[648,324],"_rootPartCFrame":[749.977,225.434,42.898,-0.133,0,0.991,0,1,0,-0.991,0,-0.133],"_humanoidState":5,"_cameraCFrame":[758.045,245.921,41.855,-0.128,-0.912,0.391,0,0.394,0.919,-0.992,0.118,-0.05],"_shiftlockState":false,"_pose":"FreeFall","_animationQueue":[],"_animationSpeed":1,"_zoom":20.656},{"_mousePosition":[648,324],"_rootPartCFrame":[749.713,226.093,42.933,-0.133,0,0.991,0,1,0,-0.991,0,-0.133],"_humanoidState":5,"_cameraCFrame":[757.781,246.579,41.89,-0.128,-0.912,0.391,0,0.394,0.919,-0.992,0.118,-0.05],"_shiftlockState":false,"_pose":"FreeFall","_animationQueue":[],"_animationSpeed":1,"_zoom":20.656},{"_mousePosition":[648,324],"_rootPartCFrame":[749.382,226.839,42.975,-0.132,0,0.991,0,1,0,-0.991,0,-0.132],"_humanoidState":5,"_cameraCFrame":[757.49,247.31,41.949,-0.126,-0.911,0.393,0,0.396,0.918,-0.992,0.115,-0.05],"_shiftlockState":false,"_pose":"FreeFall","_animationQueue":[],"_animationSpeed":1,"_zoom":20.656},{"_mousePosition":[648,324],"_rootPartCFrame":[749.184,227.246,43.001,-0.132,0,0.991,0,1,0,-0.991,0,-0.132],"_humanoidState":5,"_cameraCFrame":[757.294,247.717,41.995,-0.123,-0.911,0.393,0,0.396,0.918,-0.992,0.113,-0.049],"_shiftlockState":false,"_pose":"FreeFall","_animationQueue":[],"_animationSpeed":1,"_zoom":20.656},{"_mousePosition":[648,324],"_rootPartCFrame":[748.919,227.741,43.035,-0.131,0,0.991,0,1,0,-0.991,0,-0.131],"_humanoidState":5,"_cameraCFrame":[757.069,248.196,42.045,-0.121,-0.911,0.395,0,0.397,0.918,-0.993,0.111,-0.048],"_shiftlockState":false,"_pose":"FreeFall","_animationQueue":[],"_animationSpeed":1,"_zoom":20.656},{"_mousePosition":[648,324],"_rootPartCFrame":[748.655,228.182,43.068,-0.13,0,0.992,0,1,0,-0.992,0,-0.13],"_humanoidState":5,"_cameraCFrame":[756.806,248.637,42.098,-0.118,-0.911,0.395,0,0.397,0.918,-0.993,0.108,-0.047],"_shiftlockState":false,"_pose":"FreeFall","_animationQueue":[],"_animationSpeed":1,"_zoom":20.656},{"_mousePosition":[648,324],"_rootPartCFrame":[748.39,228.568,43.1,-0.129,0,0.992,0,1,0,-0.992,0,-0.129],"_humanoidState":5,"_cameraCFrame":[756.547,249.023,42.172,-0.113,-0.912,0.395,0,0.397,0.918,-0.994,0.104,-0.045],"_shiftlockState":false,"_pose":"FreeFall","_animationQueue":[],"_animationSpeed":1,"_zoom":20.656},{"_mousePosition":[648,324],"_rootPartCFrame":[748.125,228.899,43.131,-0.127,0,0.992,0,1,0,-0.992,0,-0.127],"_humanoidState":5,"_cameraCFrame":[756.318,249.338,42.199,-0.113,-0.911,0.397,0,0.399,0.917,-0.994,0.104,-0.045],"_shiftlockState":false,"_pose":"FreeFall","_animationQueue":[],"_animationSpeed":1,"_zoom":20.656},{"_mousePosition":[648,324],"_rootPartCFrame":[747.86,229.176,43.162,-0.126,0,0.992,0,1,0,-0.992,0,-0.126],"_humanoidState":5,"_cameraCFrame":[756.056,249.615,42.25,-0.111,-0.911,0.397,0,0.399,0.917,-0.994,0.101,-0.044],"_shiftlockState":false,"_pose":"FreeFall","_animationQueue":[],"_animationSpeed":1,"_zoom":20.656},{"_mousePosition":[648,324],"_rootPartCFrame":[747.595,229.399,43.192,-0.124,0,0.992,0,1,0,-0.992,0,-0.124],"_humanoidState":5,"_cameraCFrame":[755.793,249.838,42.301,-0.108,-0.911,0.397,0,0.399,0.917,-0.994,0.099,-0.043],"_shiftlockState":false,"_pose":"FreeFall","_animationQueue":[],"_animationSpeed":1,"_zoom":20.656},{"_mousePosition":[648,324],"_rootPartCFrame":[747.33,229.567,43.221,-0.122,0,0.993,0,1,0,-0.993,0,-0.122],"_humanoidState":5,"_cameraCFrame":[755.53,250.006,42.351,-0.106,-0.912,0.397,0,0.399,0.917,-0.994,0.097,-0.042],"_shiftlockState":false,"_pose":"FreeFall","_animationQueue":[],"_animationSpeed":1,"_zoom":20.656},{"_mousePosition":[648,324],"_rootPartCFrame":[747.065,229.681,43.25,-0.12,0,0.993,0,1,0,-0.993,0,-0.12],"_humanoidState":5,"_cameraCFrame":[755.265,250.119,42.38,-0.106,-0.912,0.397,0,0.399,0.917,-0.994,0.097,-0.042],"_shiftlockState":false,"_pose":"FreeFall","_animationQueue":[],"_animationSpeed":1,"_zoom":20.656},{"_mousePosition":[648,324],"_rootPartCFrame":[746.8,229.74,43.279,-0.118,0,0.993,0,1,0,-0.993,0,-0.118],"_humanoidState":5,"_cameraCFrame":[755.039,250.162,42.426,-0.103,-0.911,0.399,0,0.401,0.916,-0.995,0.094,-0.041],"_shiftlockState":false,"_pose":"FreeFall","_animationQueue":[],"_animationSpeed":1,"_zoom":20.656},{"_mousePosition":[648,324],"_rootPartCFrame":[746.535,229.744,43.307,-0.117,0,0.993,0,1,0,-0.993,0,-0.117],"_humanoidState":5,"_cameraCFrame":[754.774,250.167,42.454,-0.103,-0.911,0.399,0,0.401,0.916,-0.995,0.094,-0.041],"_shiftlockState":false,"_pose":"FreeFall","_animationQueue":[],"_animationSpeed":1,"_zoom":20.656},{"_mousePosition":[648,324],"_rootPartCFrame":[746.27,229.694,43.334,-0.115,0,0.993,0,1,0,-0.993,0,-0.115],"_humanoidState":5,"_cameraCFrame":[754.509,250.117,42.481,-0.103,-0.911,0.399,0,0.401,0.916,-0.995,0.094,-0.041],"_shiftlockState":false,"_pose":"FreeFall","_animationQueue":[],"_animationSpeed":1,"_zoom":20.656},{"_mousePosition":[648,324],"_rootPartCFrame":[746.005,229.59,43.362,-0.113,0,0.994,0,1,0,-0.994,0,-0.113],"_humanoidState":5,"_cameraCFrame":[754.244,250.012,42.509,-0.103,-0.911,0.399,0,0.401,0.916,-0.995,0.094,-0.041],"_shiftlockState":false,"_pose":"FreeFall","_animationQueue":[],"_animationSpeed":1,"_zoom":20.656},{"_mousePosition":[648,324],"_rootPartCFrame":[745.739,229.431,43.389,-0.112,0,0.994,0,1,0,-0.994,0,-0.112],"_humanoidState":5,"_cameraCFrame":[753.979,249.853,42.536,-0.103,-0.911,0.399,0,0.401,0.916,-0.995,0.094,-0.041],"_shiftlockState":false,"_pose":"FreeFall","_animationQueue":[["fall",0.3]],"_animationSpeed":1,"_zoom":20.656},{"_mousePosition":[648,324],"_rootPartCFrame":[745.474,229.217,43.417,-0.111,0,0.994,0,1,0,-0.994,0,-0.111],"_humanoidState":5,"_cameraCFrame":[753.713,249.64,42.564,-0.103,-0.911,0.399,0,0.401,0.916,-0.995,0.094,-0.041],"_shiftlockState":false,"_pose":"FreeFall","_animationQueue":[],"_animationSpeed":1,"_zoom":20.656},{"_mousePosition":[648,324],"_rootPartCFrame":[745.209,228.949,43.444,-0.109,0,0.994,0,1,0,-0.994,0,-0.109],"_humanoidState":5,"_cameraCFrame":[753.448,249.372,42.591,-0.103,-0.911,0.399,0,0.401,0.916,-0.995,0.094,-0.041],"_shiftlockState":false,"_pose":"FreeFall","_animationQueue":[],"_animationSpeed":1,"_zoom":20.656},{"_mousePosition":[648,324],"_rootPartCFrame":[744.944,228.627,43.472,-0.109,0,0.994,0,1,0,-0.994,0,-0.109],"_humanoidState":5,"_cameraCFrame":[753.183,249.049,42.619,-0.103,-0.911,0.399,0,0.401,0.916,-0.995,0.094,-0.041],"_shiftlockState":false,"_pose":"FreeFall","_animationQueue":[],"_animationSpeed":1,"_zoom":20.656},{"_mousePosition":[648,324],"_rootPartCFrame":[744.679,228.25,43.499,-0.108,0,0.994,0,1,0,-0.994,0,-0.108],"_humanoidState":5,"_cameraCFrame":[752.918,248.672,42.646,-0.103,-0.911,0.399,0,0.401,0.916,-0.995,0.094,-0.041],"_shiftlockState":false,"_pose":"FreeFall","_animationQueue":[],"_animationSpeed":1,"_zoom":20.656},{"_mousePosition":[648,324],"_rootPartCFrame":[744.414,227.818,43.527,-0.107,0,0.994,0,1,0,-0.994,0,-0.107],"_humanoidState":5,"_cameraCFrame":[752.653,248.241,42.674,-0.103,-0.911,0.399,0,0.401,0.916,-0.995,0.094,-0.041],"_shiftlockState":false,"_pose":"FreeFall","_animationQueue":[],"_animationSpeed":1,"_zoom":20.656},{"_mousePosition":[648,324],"_rootPartCFrame":[744.149,227.332,43.554,-0.107,0,0.994,0,1,0,-0.994,0,-0.107],"_humanoidState":5,"_cameraCFrame":[752.388,247.755,42.701,-0.103,-0.911,0.399,0,0.401,0.916,-0.995,0.094,-0.041],"_shiftlockState":false,"_pose":"FreeFall","_animationQueue":[["fall",0.3]],"_animationSpeed":1,"_zoom":20.656},{"_mousePosition":[648,324],"_rootPartCFrame":[743.883,226.792,43.581,-0.106,0,0.994,0,1,0,-0.994,0,-0.106],"_humanoidSta