[{"_mousePosition":[653,324],"_rootPartCFrame":[776.023,222.7,47.142,0.004,0,1,0,1,0,-1,0,0.004],"_humanoidState":8,"_cameraCFrame":[783.125,243.588,46.566,-0.081,-0.936,0.344,0,0.345,0.939,-0.997,0.076,-0.028],"_shiftlockState":false,"_pose":"Standing","_animationQueue":[],"_animationSpeed":1,"_zoom":20.656},{"_mousePosition":[653,324],"_rootPartCFrame":[775.721,222.7,47.167,-0.01,0,1,0,1,0,-1,0,-0.01],"_humanoidState":8,"_cameraCFrame":[782.709,243.629,46.599,-0.081,-0.938,0.338,0,0.339,0.941,-0.997,0.076,-0.027],"_shiftlockState":false,"_pose":"Standing","_animationQueue":[],"_animationSpeed":1,"_zoom":20.656},{"_mousePosition":[653,324],"_rootPartCFrame":[775.588,222.7,47.178,-0.015,0,1,0,1,0,-1,0,-0.015],"_humanoidState":8,"_cameraCFrame":[782.501,243.656,46.616,-0.081,-0.939,0.335,0,0.336,0.942,-0.997,0.076,-0.027],"_shiftlockState":false,"_pose":"Running","_animationQueue":[["walk",0.1]],"_animationSpeed":1.089,"_zoom":20.656},{"_mousePosition":[653,324],"_rootPartCFrame":[775.322,222.7,47.199,-0.024,0,1,0,1,0,-1,0,-0.024],"_humanoidState":8,"_cameraCFrame":[782.122,243.697,46.647,-0.081,-0.941,0.329,0,0.33,0.944,-0.997,0.076,-0.027],"_shiftlockState":false,"_pose":"Running","_animationQueue":[],"_animationSpeed":1.089,"_zoom":20.656},{"_mousePosition":[653,324],"_rootPartCFrame":[775.056,222.7,47.221,-0.032,0,0.999,0,1,0,-0.999,0,-0.032],"_humanoidState":8,"_cameraCFrame":[781.742,243.736,46.678,-0.081,-0.943,0.324,0,0.325,0.946,-0.997,0.077,-0.026],"_shiftlockState":false,"_pose":"Running","_animationQueue":[],"_animationSpeed":1.089,"_zoom":20.656},{"_mousePosition":[653,324],"_rootPartCFrame":[774.791,222.7,47.242,-0.038,0,0.999,0,1,0,-0.999,0,-0.038],"_humanoidState":8,"_cameraCFrame":[781.362,243.775,46.709,-0.081,-0.945,0.318,0,0.319,0.948,-0.997,0.077,-0.026],"_shiftlockState":false,"_pose":"Running","_animationQueue":[["walk",0.1]],"_animationSpeed":1.089,"_zoom":20.656},{"_mousePosition":[653,324],"_rootPartCFrame":[774.525,222.7,47.264,-0.044,0,0.999,0,1,0,-0.999,0,-0.044],"_humanoidState":8,"_cameraCFrame":[780.909,243.838,46.778,-0.076,-0.948,0.309,0,0.31,0.951,-0.997,0.072,-0.024],"_shiftlockState":false,"_pose":"Running","_animationQueue":[],"_animationSpeed":1.089,"_zoom":20.656},{"_mousePosition":[653,324],"_rootPartCFrame":[774.259,222.7,47.286,-0.049,0,0.999,0,1,0,-0.999,0,-0.049],"_humanoidState":8,"_cameraCFrame":[780.529,243.875,46.808,-0.076,-0.95,0.304,0,0.304,0.953,-0.997,0.072,-0.023],"_shiftlockState":false,"_pose":"Running","_animationQueue":[],"_animationSpeed":1.089,"_zoom":20.656},{"_mousePosition":[653,324],"_rootPartCFrame":[773.993,222.7,47.306,-0.053,0,0.999,0,1,0,-0.999,0,-0.053],"_humanoidState":8,"_cameraCFrame":[780.112,243.924,46.871,-0.071,-0.952,0.296,0,0.297,0.955,-0.997,0.068,-0.021],"_shiftlockState":false,"_pose":"Running","_animationQueue":[],"_animationSpeed":1.089,"_zoom":20.656},{"_mousePosition":[653,324],"_rootPartCFrame":[773.727,222.7,47.326,-0.056,0,0.998,0,1,0,-0.998,0,-0.056],"_humanoidState":8,"_cameraCFrame":[779.733,243.959,46.93,-0.066,-0.955,0.291,0,0.291,0.957,-0.998,0.063,-0.019],"_shiftlockState":false,"_pose":"Running","_animationQueue":[],"_animationSpeed":1.089,"_zoom":20.656},{"_mousePosition":[653,324],"_rootPartCFrame":[773.461,222.7,47.345,-0.058,0,0.998,0,1,0,-0.998,0,-0.058],"_humanoidState":8,"_cameraCFrame":[779.392,243.983,46.984,-0.061,-0.956,0.287,0,0.288,0.958,-0.998,0.058,-0.017],"_shiftlockState":false,"_pose":"Running","_animationQueue":[],"_animationSpeed":1.089,"_zoom":20.656},{"_mousePosition":[653,324],"_rootPartCFrame":[773.195,222.7,47.363,-0.059,0,0.998,0,1,0,-0.998,0,-0.059],"_humanoidState":8,"_cameraCFrame":[779.05,244.006,47.021,-0.058,-0.957,0.283,0,0.284,0.959,-0.998,0.056,-0.017],"_shiftlockState":false,"_pose":"Running","_animationQueue":[],"_animationSpeed":1.089,"_zoom":20.656},{"_mousePosition":[653,324],"_rootPartCFrame":[772.929,222.7,47.379,-0.059,0,0.998,0,1,0,-0.998,0,-0.059],"_humanoidState":8,"_cameraCFrame":[778.707,244.028,47.057,-0.056,-0.958,0.28,0,0.28,0.96,-0.998,0.053,-0.016],"_shiftlockState":false,"_pose":"Running","_animationQueue":[["walk",0.1]],"_animationSpeed":1.089,"_zoom":20.656},{"_mousePosition":[653,324],"_rootPartCFrame":[772.663,222.7,47.395,-0.059,0,0.998,0,1,0,-0.998,0,-0.059],"_humanoidState":8,"_cameraCFrame":[778.365,244.051,47.106,-0.051,-0.96,0.276,0,0.276,0.961,-0.999,0.049,-0.014],"_shiftlockState":false,"_pose":"Running","_animationQueue":[],"_animationSpeed":1.089,"_zoom":20.656},{"_mousePosition":[653,324],"_rootPartCFrame":[772.397,222.7,47.41,-0.059,0,0.998,0,1,0,-0.998,0,-0.059],"_humanoidState":8,"_cameraCFrame":[778.023,244.073,47.153,-0.046,-0.961,0.272,0,0.273,0.962,-0.999,0.044,-0.012],"_shiftlockState":false,"_pose":"Running","_animationQueue":[],"_animationSpeed":1.089,"_zoom":20.656},{"_mousePosition":[653,324],"_rootPartCFrame":[772.13,222.7,47.423,-0.058,0,0.998,0,1,0,-0.998,0,-0.058],"_humanoidState":8,"_cameraCFrame":[777.719,244.084,47.197,-0.041,-0.962,0.271,0,0.271,0.963,-0.999,0.039,-0.011],"_shiftlockState":false,"_pose":"Running","_animationQueue":[],"_animationSpeed":1.089,"_zoom":20.656},{"_mousePosition":[653,324],"_rootPartCFrame":[771.864,222.7,47.435,-0.056,0,0.998,0,1,0,-0.998,0,-0.056],"_humanoidState":8,"_cameraCFrame":[777.377,244.106,47.24,-0.035,-0.963,0.267,0,0.267,0.964,-0.999,0.034,-0.009],"_shiftlockState":false,"_pose":"Running","_animationQueue":[],"_animationSpeed":1.089,"_zoom":20.656},{"_mousePosition":[653,324],"_rootPartCFrame":[771.598,222.7,47.446,-0.054,0,0.999,0,1,0,-0.999,0,-0.054],"_humanoidState":8,"_cameraCFrame":[776.995,244.137,47.282,-0.03,-0.965,0.261,0,0.261,0.965,-1,0.029,-0.008],"_shiftlockState":false,"_pose":"Running","_animationQueue":[],"_animationSpeed":1.089,"_zoom":20.656},{"_mousePosition":[653,324],"_rootPartCFrame":[771.331,222.7,47.456,-0.052,0,0.999,0,1,0,-0.999,0,-0.052],"_humanoidState":8,"_cameraCFrame":[776.652,244.158,47.348,-0.02,-0.966,0.258,0,0.258,0.966,-1,0.02,-0.005],"_shiftlockState":false,"_pose":"Running","_animationQueue":[["walk",0.1]],"_animationSpeed":1.089,"_zoom":20.656},{"_mousePosition":[653,324],"_rootPartCFrame":[771.065,222.7,47.464,-0.049,0,0.999,0,1,0,-0.999,0,-0.049],"_humanoidState":8,"_cameraCFrame":[776.269,244.189,47.411,-0.01,-0.968,0.252,0,0.252,0.968,-1,0.01,-0.003],"_shiftlockState":false,"_pose":"Running","_animationQueue":[],"_animationSpeed":1.089,"_zoom":20.656},{"_mousePosition":[653,324],"_rootPartCFrame":[770.798,222.7,47.47,-0.045,0,0.999,0,1,0,-0.999,0,-0.045],"_humanoidState":8,"_cameraCFrame":[775.925,244.209,47.457,-0.003,-0.969,0.248,0,0.248,0.969,-1,0.002,-0.001],"_shiftlockState":false,"_pose":"Running","_animationQueue":[],"_animationSpeed":1.089,"_zoom":20.656},{"_mousePosition":[653,324],"_rootPartCFrame":[770.531,222.7,47.473,-0.041,0,0.999,0,1,0,-0.999,0,-0.041],"_humanoidState":8,"_cameraCFrame":[775.58,244.229,47.485,0.002,-0.97,0.244,0,0.244,0.97,-1,-0.002,0.001],"_shiftlockState":false,"_pose":"Running","_animationQueue":[],"_animationSpeed":1.089,"_zoom":20.656},{"_mousePosition":[653,324],"_rootPartCFrame":[770.265,222.666,47.475,-0.036,0,0.999,0,1,0,-0.999,0,-0.036],"_humanoidState":8,"_cameraCFrame":[775.314,244.195,47.488,0.002,-0.97,0.244,0,0.244,0.97,-1,-0.002,0.001],"_shiftlockState":false,"_pose":"Running","_animationQueue":[],"_animationSpeed":1.089,"_zoom":20.656},{"_mousePosition":[653,324],"_rootPartCFrame":[770.065,222.604,47.478,-0.032,0,0.999,0,1,0,-0.999,0,-0.032],"_humanoidState":8,"_cameraCFrame":[775.114,244.134,47.49,0.002,-0.97,0.244,0,0.244,0.97,-1,-0.002,0.001],"_shiftlockState":false,"_pose":"Running","_animationQueue":[],"_animationSpeed":1.089,"_zoom":20.656},{"_mousePosition":[653,324],"_rootPartCFrame":[769.732,222.434,47.481,-0.027,0,1,0,1,0,-1,0,-0.027],"_humanoidState":8,"_cameraCFrame":[774.781,243.963,47.493,0.002,-0.97,0.244,0,0.244,0.97,-1,-0.002,0.001],"_shiftlockState":false,"_pose":"Running","_animationQueue":[["walk",0.1]],"_animationSpeed":1.089,"_zoom":20.656},{"_mousePosition":[653,324],"_rootPartCFrame":[769.465,222.236,47.484,-0.022,0,1,0,1,0,-1,0,-0.022],"_humanoidState":8,"_cameraCFrame":[774.514,243.766,47.496,0.002,-0.97,0.244,0,0.244,0.97,-1,-0.002,0.001],"_shiftlockState":false,"_pose":"Running","_animationQueue":[],"_animationSpeed":1.089,"_zoom":20.656},{"_mousePosition":[653,324],"_rootPartCFrame":[769.198,223.11,47.486,-0.017,0,1,0,1,0,-1,0,-0.017],"_humanoidState":3,"_cameraCFrame":[774.247,244.639,47.499,0.002,-0.97,0.244,0,0.244,0.97,-1,-0.002,0.001],"_shiftlockState":false,"_pose":"Jumping","_animationQueue":[["walk",0.1],["jump",0.1]],"_animationSpeed":1,"_zoom":20.656},{"_mousePosition":[653,324],"_rootPartCFrame":[768.932,223.932,47.486,-0.014,0,1,0,1,0,-1,0,-0.014],"_humanoidState":5,"_cameraCFrame":[773.981,245.461,47.499,0.002,-0.97,0.244,0,0.244,0.97,-1,-0.002,0.001],"_shiftlockState":false,"_pose":"FreeFall","_animationQueue":[["jump",0.1]],"_animationSpeed":1,"_zoom":20.656},{"_mousePosition":[653,324],"_rootPartCFrame":[768.665,224.699,47.486,-0.012,0,1,0,1,0,-1,0,-0.012],"_humanoidState":5,"_cameraCFrame":[773.714,246.228,47.498,0.002,-0.97,0.244,0,0.244,0.97,-1,-0.002,0.001],"_shiftlockState":false,"_pose":"FreeFall","_animationQueue":[],"_animationSpeed":1,"_zoom":20.656},{"_mousePosition":[653,324],"_rootPartCFrame":[768.399,225.412,47.485,-0.01,0,1,0,1,0,-1,0,-0.01],"_humanoidState":5,"_cameraCFrame":[773.448,246.942,47.497,0.002,-0.97,0.244,0,0.244,0.97,-1,-0.002,0.001],"_shiftlockState":false,"_pose":"FreeFall","_animationQueue":[],"_animationSpeed":1,"_zoom":20.656},{"_mousePosition":[653,324],"_rootPartCFrame":[768.132,226.071,47.484,-0.008,0,1,0,1,0,-1,0,-0.008],"_humanoidState":5,"_cameraCFrame":[773.181,247.6,47.497,0.002,-0.97,0.244,0,0.244,0.97,-1,-0.002,0.001],"_shiftlockState":false,"_pose":"FreeFall","_animationQueue":[],"_animationSpeed":1,"_zoom":20.656},{"_mousePosition":[653,324],"_rootPartCFrame":[767.865,226.675,47.484,-0.006,0,1,0,1,0,-1,0,-0.006],"_humanoidState":5,"_cameraCFrame":[772.914,248.204,47.496,0.002,-0.97,0.244,0,0.244,0.97,-1,-0.002,0.001],"_shiftlockState":false,"_pose":"FreeFall","_animationQueue":[],"_animationSpeed":1,"_zoom":20.656},{"_mousePosition":[653,324],"_rootPartCFrame":[767.599,227.224,47.483,-0.005,0,1,0,1,0,-1,0,-0.005],"_humanoidState":5,"_cameraCFrame":[772.648,248.754,47.495,0.002,-0.97,0.244,0,0.244,0.97,-1,-0.002,0.001],"_shiftlockState":false,"_pose":"FreeFall","_animationQueue":[],"_animationSpeed":1,"_zoom":20.656},{"_mousePosition":[653,324],"_rootPartCFrame":[767.332,227.719,47.482,-0.004,0,1,0,1,0,-1,0,-0.004],"_humanoidState":5,"_cameraCFrame":[772.381,249.249,47.495,0.002,-0.97,0.244,0,0.244,0.97,-1,-0.002,0.001],"_shiftlockState":false,"_pose":"FreeFall","_animationQueue":[],"_animationSpeed":1,"_zoom":20.656},{"_mousePosition":[653,324],"_rootPartCFrame":[767.066,228.16,47.481,-0.003,0,1,0,1,0,-1,0,-0.003],"_humanoidState":5,"_cameraCFrame":[772.115,249.689,47.494,0.002,-0.97,0.244,0,0.244,0.97,-1,-0.002,0.001],"_shiftlockState":false,"_pose":"FreeFall","_animationQueue":[],"_animationSpeed":1,"_zoom":20.656},{"_mousePosition":[653,324],"_rootPartCFrame":[766.799,228.546,47.481,-0.002,0,1,0,1,0,-1,0,-0.002],"_humanoidState":5,"_cameraCFrame":[771.848,250.075,47.493,0.002,-0.97,0.244,0,0.244,0.97,-1,-0.002,0.001],"_shiftlockState":false,"_pose":"FreeFall","_animationQueue":[],"_animationSpeed":1,"_zoom":20.656},{"_mousePosition":[653,324],"_rootPartCFrame":[766.532,228.877,47.48,-0.002,0,1,0,1,0,-1,0,-0.002],"_humanoidState":5,"_cameraCFrame":[771.581,250.407,47.493,0.002,-0.97,0.244,0,0.244,0.97,-1,-0.002,0.001],"_shiftlockState":false,"_pose":"FreeFall","_animationQueue":[],"_animationSpeed":1,"_zoom":20.656},{"_mousePosition":[653,324],"_rootPartCFrame":[766.266,229.154,47.479,-0.001,0,1,0,1,0,-1,0,-0.001],"_humanoidState":5,"_cameraCFrame":[771.315,250.684,47.492,0.002,-0.97,0.244,0,0.244,0.97,-1,-0.002,0.001],"_shiftlockState":false,"_pose":"FreeFall","_animationQueue":[],"_animationSpeed":1,"_zoom":20.656},{"_mousePosition":[653,324],"_rootPartCFrame":[766.066,229.326,47.479,-0.001,0,1,0,1,0,-1,0,-0.001],"_humanoidState":5,"_cameraCFrame":[771.115,250.856,47.492,0.002,-0.97,0.244,0,0.244,0.97,-1,-0.002,0.001],"_shiftlockState":false,"_pose":"FreeFall","_animationQueue":[],"_animationSpeed":1,"_zoom":20.656},{"_mousePosition":[653,324],"_rootPartCFrame":[765.733,229.545,47.478,0,0,1,0,1,0,-1,0,0],"_humanoidState":5,"_cameraCFrame":[770.782,251.074,47.491,0.002,-0.97,0.244,0,0.244,0.97,-1,-0.002,0.001],"_shiftlockState":false,"_pose":"FreeFall","_animationQueue":[],"_animationSpeed":1,"_zoom":20.656},{"_mousePosition":[653,324],"_rootPartCFrame":[765.466,229.658,47.477,0,0,1,0,1,0,-1,0,0],"_humanoidState":5,"_cameraCFrame":[770.515,251.188,47.49,0.002,-0.97,0.244,0,0.244,0.97,-1,-0.002,0.001],"_shiftlockState":false,"_pose":"FreeFall","_animationQueue":[],"_animationSpeed":1,"_zoom":20.656},{"_mousePosition":[653,324],"_rootPartCFrame":[765.266,229.708,47.477,0,0,1,0,1,0,-1,0,0],"_humanoidState":5,"_cameraCFrame":[770.315,251.237,47.49,0.002,-0.97,0.244,0,0.244,0.97,-1,-0.002,0.001],"_shiftlockState":false,"_pose":"FreeFall","_animationQueue":[],"_animationSpeed":1,"_zoom":20.656},{"_mousePosition":[653,324],"_rootPartCFrame":[764.933,229.722,47.476,0.001,0,1,0,1,0,-1,0,0.001],"_humanoidState":5,"_cameraCFrame":[769.982,251.251,47.489,0.002,-0.97,0.244,0,0.244,0.97,-1,-0.002,0.001],"_shiftlockState":false,"_pose":"FreeFall","_animationQueue":[],"_animationSpeed":1,"_zoom":20.656},{"_mousePosition":[653,324],"_rootPartCFrame":[764.666,229.672,47.475,0.001,0,1,0,1,0,-1,0,0.001],"_humanoidState":5,"_cameraCFrame":[769.715,251.201,47.488,0.002,-0.97,0.244,0,0.244,0.97,-1,-0.002,0.001],"_shiftlockState":false,"_pose":"FreeFall","_animationQueue":[],"_animationSpeed":1,"_zoom":20.656},{"_mousePosition":[653,324],"_rootPartCFrame":[764.466,229.599,47.475,0.001,0,1,0,1,0,-1,0,0.001],"_humanoidState":5,"_cameraCFrame":[769.515,251.128,47.488,0.002,-0.97,0.244,0,0.244,0.97,-1,-0.002,0.001],"_shiftlockState":false,"_pose":"FreeFall","_animationQueue":[],"_animationSpeed":1,"_zoom":20.656},{"_mousePosition":[653,324],"_rootPartCFrame":[764.133,229.408,47.474,0.001,0,1,0,1,0,-1,0,0.001],"_humanoidState":5,"_cameraCFrame":[769.182,250.938,47.487,0.002,-0.97,0.244,0,0.244,0.97,-1,-0.002,0.001],"_shiftlockState":false,"_pose":"FreeFall","_animationQueue":[["fall",0.3]],"_animationSpeed":1,"_zoom":20.656},{"_mousePosition":[653,324],"_rootPartCFrame":[763.866,229.195,47.473,0.002,0,1,0,1,0,-1,0,0.002],"_humanoidState":5,"_cameraCFrame":[768.915,250.724,47.486,0.002,-0.97,0.244,0,0.244,0.97,-1,-0.002,0.001],"_shiftlockState":false,"_pose":"FreeFall","_animationQueue":[],"_animationSpeed":1,"_zoom":20.656},{"_mousePosition":[653,324],"_rootPartCFrame":[763.666,228.999,47.473,0.002,0,1,0,1,0,-1,0,0.002],"_humanoidState":5,"_cameraCFrame":[768.715,250.528,47.486,0.002,-0.97,0.244,0,0.244,0.97,-1,-0.002,0.001],"_shiftlockState":false,"_pose":"FreeFall","_animationQueue":[],"_animationSpeed":1,"_zoom":20.656},{"_mousePosition":[653,324],"_rootPartCFrame":[763.333,228.604,47.472,0.002,0,1,0,1,0,-1,0,0.002],"_humanoidState":5,"_cameraCFrame":[768.382,250.134,47.485,0.002,-0.97,0.244,0,0.244,0.97,-1,-0.002,0.001],"_shiftlockState":false,"_pose":"FreeFall","_animationQueue":[],"_animationSpeed":1,"_zoom":20.656},{"_mousePosition":[653,324],"_rootPartCFrame":[763.067,228.228,47.471,0.002,0,1,0,1,0,-1,0,0.002],"_humanoidState":5,"_cameraCFrame":[768.116,249.757,47.484,0.002,-0.97,0.244,0,0.244,0.97,-1,-0.002,0.001],"_shiftlockState":false,"_pose":"FreeFall","_animationQueue":[],"_animationSpeed":1,"_zoom":20.656},{"_mousePosition":[653,324],"_rootPartCFrame":[762.8,227.796,47.471,0.002,0,1,0,1,0,-1,0,0.002],"_humanoidState":5,"_cameraCFrame":[767.849,249.325,47.483,0.002,-0.97,0.244,0,0.244,0.97,-1,-0.002,0.001],"_shiftlockState":false,"_pose":"FreeFall","_animationQueue":[],"_animationSpeed":1,"_zoom":20.656},{"_mousePosition":[653,324],"_rootPartCFrame":[762.533,227.31,47.47,0.002,0,1,0,1,0,-1,0,0.002],"_humanoidState":5,"_cameraCFrame":[767.582,248.839,47.483,0.002,-0.97,0.244,0,0.244,0.97,-1,-0.002,0.001],"_shiftlockState":false,"_pose":"FreeFall","_animationQueue":[],"_animationSpeed":1,"_zoom":20.656},{"_mousePosition":[653,324],"_rootPartCFrame":[762.267,226.77,47.469,0.002,0,1,0,1,0,-1,0,0.002],"_humanoidState":5,"_cameraCFrame":[767.316,248.299,47.482,0.002,-0.97,0.244,0,0.244,0.97,-1,-0.002,0.001],"_shiftlockState":false,"_pose":"FreeFall","_animationQueue":[["fall",0.3]],"_animationSpeed":1,"_zoom":20.656},{"_mousePosition":[653,324],"_rootPartCFrame":[762.067,226.328,47.469,0.002,0,1,0,1,0,-1,0,0.002],"_humanoidState":5,"_cameraCFrame":[767.116,247.858,47.494,0.005,-0.97,0.244,0,0.244,0.97,-1,-0.005,0.001],"_shiftlockState":false,"_pose":"FreeFall","_animationQueue":[],"_animationSpeed":1,"_zoom":20.656},{"_mousePosition":[653,324],"_rootPartCFrame":[761.734,225.525,47.468,0.002,0,1,0,1,0,-1,0,0.002],"_humanoidState":5,"_cameraCFrame":[766.899,247.025,47.494,0.005,-0.968,0.25,0,0.25,0.968,-1,-0.005,0.001],"_shiftlockState":false,"_pose":"FreeFall","_animationQueue":[],"_animationSpeed":1,"_zoom":20.656},{"_mousePosition":[653,324],"_rootPartCFrame":[761.488,225.427,47.467,0.002,0,1,0,1,0,-1,0,0.002],"_humanoidState":7,"_cameraCFrame":[766.81,246.885,47.507,0.008,-0.966,0.258,0,0.258,0.966,-1,-0.007,0.002],"_shiftlockState":false,"_pose":"FreeFall","_animationQueue":[["walk",0.1],["fall",0.3],["fall",0.3]],"_animationSpeed":1,"_zoom":20.656},{"_mousePosition":[653,324],"_rootPartCFrame":[761.235,225.425,47.466,0.003,0,1,0,1,0,-1,0,0.003],"_humanoidState":7,"_cameraCFrame":[766.751,246.831,47.521,0.01,-0.964,0.267,0,0.267,0.964,-1,-0.01,0.003],"_shiftlockState":false,"_pose":"FreeFall","_animationQueue":[],"_animationSpeed":1,"_zoom":20.656},{"_mousePosition":[653,324],"_rootPartCFrame":[760.986,225.321,47.464,0.003,0,1,0,1,0,-1,0,0.003],"_humanoidState":8,"_cameraCFrame":[766.657,246.683,47.521,0.01,-0.962,0.275,0,0.275,0.962,-1,-0.01,0.003],"_shiftlockState":false,"_pose":"Running","_animationQueue":[["walk",0.1],["fall",0.3],["walk",0.1]],"_animationSpeed":1.053,"_zoom":20.656},{"_mousePosition":[653,324],"_rootPartCFrame":[760.729,225.151,47.461,0.004,0,1,0,1,0,-1,0,0.004],"_humanoidState":8,"_cameraCFrame":[766.555,246.469,47.52,0.01,-0.959,0.282,0,0.282,0.959,-1,-0.01,0.003],"_shiftlockState":false,"_pose":"Running","_animationQueue":[["walk",0.1]],"_animationSpeed":1.053,"_zoom":20.656},{"_mousePosition":[653,324],"_rootPartCFrame":[760.472,225.138,47.459,0.005,0,1,0,1,0,-1,0,0.005],"_humanoidState":8,"_cameraCFrame":[766.451,246.41,47.534,0.013,-0.957,0.289,0,0.29,0.957,-1,-0.012,0.004],"_shiftlockState":false,"_pose":"Running","_animationQueue":[],"_animationSpeed":1.053,"_zoom":20.656},{"_mousePosition":[653,324],"_rootPartCFrame":[760.214,225.15,47.456,0.006,0,1,0,1,0,-1,0,0.006],"_humanoidState":8,"_cameraCFrame":[766.347,246.375,47.534,0.013,-0.955,0.297,0,0.297,0.955,-1,-0.012,0.004],"_shiftlockState":false,"_pose":"Running","_animationQueue":[],"_animationSpeed":1.053,"_zoom":20.656},{"_mousePosition":[653,324],"_rootPartCFrame":[759.957,225.185,47.453,0.007,0,1,0,1,0,-1,0,0.007],"_humanoidState":8,"_cameraCFrame":[766.167,246.385,47.547,0.015,-0.954,0.301,0,0.301,0.954,-1,-0.014,0.005],"_shiftlockState":false,"_pose":"Running","_animationQueue":[],"_animationSpeed":1.053,"_zoom":20.656},{"_mousePosition":[653,324],"_rootPartCFrame":[759.699,225.235,47.45,0.007,0,1,0,1,0,-1,0,0.007],"_humanoidState":8,"_cameraCFrame":[765.947,246.423,47.544,0.015,-0.953,0.302,0,0.303,0.953,-1,-0.014,0.005],"_shiftlockState":false,"_pose":"Running","_animationQueue":[],"_animationSpeed":1.053,"_zoom":20.656},{"_mousePosition":[653,324],"_rootPartCFrame":[759.436,225.287,47.446,0.008,0,1,0,1,0,-1,0,0.008],"_humanoidState":8,"_cameraCFrame":[765.685,246.475,47.54,0.015,-0.953,0.302,0,0.303,0.953,-1,-0.014,0.005],"_shiftlockState":false,"_pose":"Running","_animationQueue":[],"_animationSpeed":1.053,"_zoom":20.656},{"_mousePosition":[653,324],"_rootPartCFrame":[759.17,225.323,47.442,0.009,0,1,0,1,0,-1,0,0.009],"_humanoidState":8,"_cameraCFrame":[765.419,246.511,47.536,0.015,-0.953,0.302,0,0.303,0.953,-1,-0.014,0.005],"_shiftlockState":false,"_pose":"Running","_animationQueue":[],"_animationSpeed":1.053,"_zoom":20.656},{"_mousePosition":[653,324],"_rootPartCFrame":[758.905,225.362,47.438,0.01,0,1,0,1,0,-1,0,0.01],"_humanoidState":8,"_cameraCFrame":[765.154,246.55,47.532,0.015,-0.953,0.302,0,0.303,0.953,-1,-0.014,0.005],"_shiftlockState":false,"_pose":"Running","_animationQueue":[["walk",0.1]],"_animationSpeed":1.053,"_zoom":20.656},{"_mousePosition":[653,324],"_rootPartCFrame":[758.642,225.402,47.434,0.011,0,1,0,1,0,-1,0,0.011],"_humanoidState":8,"_cameraCFrame":[764.891,246.59,47.528,0.015,-0.953,0.302,0,0.303,0.953,-1,-0.014,0.005],"_shiftlockState":false,"_pose":"Running","_animationQueue":[],"_animationSpeed":1.053,"_zoom":20.656},{"_mousePosition":[653,324],"_rootPartCFrame":[758.376,225.419,47.43,0.011,0,1,0,1,0,-1,0,0.011],"_humanoidState":8,"_cameraCFrame":[764.663,246.595,47.525,0.015,-0.952,0.304,0,0.304,0.953,-1,-0.014,0.005],"_shiftlockState":false,"_pose":"Running","_animationQueue":[],"_animationSpeed":1.053,"_zoom":20.656},{"_mousePosition":[653,324],"_rootPartCFrame":[758.111,225.413,47.426,0.012,0,1,0,1,0,-1,0,0.012],"_humanoidState":8,"_cameraCFrame":[764.436,246.576,47.521,0.015,-0.952,0.306,0,0.306,0.952,-1,-0.014,0.005],"_shiftlockState":false,"_pose":"Running","_animationQueue":[],"_animationSpeed":1.053,"_zoom":20.656},{"_mousePosition":[653,324],"_rootPartCFrame":[757.931,225.296,47.423,0.012,0,1,0,1,0,-1,0,0.012],"_humanoidState":8,"_cameraCFrame":[764.333,246.435,47.536,0.018,-0.951,0.31,0,0.31,0.951,-1,-0.017,0.005],"_shiftlockState":false,"_pose":"Running","_animationQueue":[],"_animationSpeed":1.053,"_zoom":20.656},{"_mousePosition":[653,324],"_rootPartCFrame":[757.759,226.169,47.42,0.013,0,1,0,1,0,-1,0,0.013],"_humanoidState":3,"_cameraCFrame":[764.198,247.295,47.551,0.02,-0.95,0.312,0,0.312,0.95,-1,-0.019,0.006],"_shiftlockState":false,"_pose":"Jumping","_animationQueue":[["walk",0.1],["jump",0.1]],"_animationSpeed":1,"_zoom":20.656},{"_mousePosition":[653,324],"_rootPartCFrame":[757.561,226.991,47.417,0.013,0,1,0,1,0,-1,0,0.013],"_humanoidState":5,"_cameraCFrame":[764.039,248.105,47.548,0.02,-0.949,0.314,0,0.314,0.95,-1,-0.019,0.006],"_shiftlockState":false,"_pose":"FreeFall","_animationQueue":[["jump",0.1]],"_animationSpeed":1,"_zoom":20.656},{"_mousePosition":[653,324],"_rootPartCFrame":[757.324,227.759,47.413,0.014,0,1,0,1,0,-1,0,0.014],"_humanoidState":5,"_cameraCFrame":[763.802,248.872,47.544,0.02,-0.949,0.314,0,0.314,0.95,-1,-0.019,0.006],"_shiftlockState":false,"_pose":"FreeFall","_animationQueue":[],"_animationSpeed":1,"_zoom":20.656},{"_mousePosition":[653,324],"_rootPartCFrame":[757.06,228.472,47.408,0.015,0,1,0,1,0,-1,0,0.015],"_humanoidState":5,"_cameraCFrame":[763.537,249.585,47.538,0.02,-0.949,0.314,0,0.314,0.95,-1,-0.019,0.006],"_shiftlockState":false,"_pose":"FreeFall","_animationQueue":[],"_animationSpeed":1,"_zoom":20.656},{"_mousePosition":[653,324],"_rootPartCFrame":[756.793,229.13,47.402,0.016,0,1,0,1,0,-1,0,0.016],"_humanoidState":5,"_cameraCFrame":[763.271,250.244,47.533,0.02,-0.949,0.314,0,0.314,0.95,-1,-0.019,0.006],"_shiftlockState":false,"_pose":"FreeFall","_animationQueue":[],"_animationSpeed":1,"_zoom":20.656},{"_mousePosition":[653,324],"_rootPartCFrame":[756.593,229.588,47.398,0.016,0,1,0,1,0,-1,0,0.016],"_humanoidState":5,"_cameraCFrame":[763.071,250.702,47.529,0.02,-0.949,0.314,0,0.314,0.95,-1,-0.019,0.006],"_shiftlockState":false,"_pose":"FreeFall","_animationQueue":[],"_animationSpeed":1,"_zoom":20.656},{"_mousePosition":[653,324],"_rootPartCFrame":[756.26,230.284,47.391,0.017,0,1,0,1,0,-1,0,0.017],"_humanoidState":5,"_cameraCFrame":[762.738,251.397,47.522,0.02,-0.949,0.314,0,0.314,0.95,-1,-0.019,0.006],"_shiftlockState":false,"_pose":"FreeFall","_animationQueue":[],"_animationSpeed":1,"_zoom":20.656},{"_mousePosition":[653,324],"_rootPartCFrame":[755.993,230.779,47.386,0.017,0,1,0,1,0,-1,0,0.017],"_humanoidState":5,"_cameraCFrame":[762.471,251.892,47.517,0.02,-0.949,0.314,0,0.314,0.95,-1,-0.019,0.006],"_shiftlockState":false,"_pose":"FreeFall","_animationQueue":[],"_animationSpeed":1,"_zoom":20.656},{"_mousePosition":[653,324],"_rootPartCFrame":[755.727,231.219,47.381,0.018,0,1,0,1,0,-1,0,0.018],"_humanoidState":5,"_cameraCFrame":[762.204,252.333,47.512,0.02,-0.949,0.314,0,0.314,0.95,-1,-0.019,0.006],"_shiftlockState":false,"_pose":"FreeFall","_animationQueue":[],"_animationSpeed":1,"_zoom":20.656},{"_mousePosition":[653,324],"_rootPartCFrame":[755.46,231.605,47.375,0.018,0,1,0,1,0,-1,0,0.018],"_humanoidState":5,"_cameraCFrame":[761.938,252.719,47.506,0.02,-0.949,0.314,0,0.314,0.95,-1,-0.019,0.006],"_shiftlockState":false,"_pose":"FreeFall","_animationQueue":[],"_animationSpeed":1,"_zoom":20.656},{"_mousePosition":[653,324],"_rootPartCFrame":[755.26,231.859,47.371,0.018,0,1,0,1,0,-1,0,0.018],"_humanoidState":5,"_cameraCFrame":[761.738,252.973,47.502,0.02,-0.949,0.314,0,0.314,0.95,-1,-0.019,0.006],"_shiftlockState":false,"_pose":"FreeFall","_animationQueue":[],"_animationSpeed":1,"_zoom":20.656},{"_mousePosition":[653,324],"_rootPartCFrame":[754.927,232.214,47.364,0.019,0,1,0,1,0,-1,0,0.019],"_humanoidState":5,"_cameraCFrame":[761.481,253.302,47.497,0.02,-0.948,0.317,0,0.317,0.948,-1,-0.019,0.006],"_shiftlockState":false,"_pose":"FreeFall","_animationQueue":[],"_animationSpeed":1,"_zoom":20.656},{"_mousePosition":[653,324],"_rootPartCFrame":[754.66,232.436,47.359,0.019,0,1,0,1,0,-1,0,0.019],"_humanoidState":5,"_cameraCFrame":[761.214,253.525,47.492,0.02,-0.948,0.317,0,0.317,0.948,-1,-0.019,0.006],"_shiftlockState":false,"_pose":"FreeFall","_animationQueue":[],"_animationSpeed":1,"_zoom":20.656},{"_mousePosition":[653,324],"_rootPartCFrame":[754.394,232.604,47.354,0.019,0,1,0,1,0,-1,0,0.019],"_humanoidState":5,"_cameraCFrame":[760.986,253.68,47.487,0.02,-0.947,0.319,0,0.319,0.948,-1,-0.019,0.006],"_shiftlockState":false,"_pose":"FreeFall","_animationQueue":[],"_animationSpeed":1,"_zoom":20.656},{"_mousePosition":[653,324],"_rootPartCFrame":[754.127,232.718,47.348,0.019,0,1,0,1,0,-1,0,0.019],"_humanoidState":5,"_cameraCFrame":[760.757,253.78,47.482,0.02,-0.947,0.321,0,0.321,0.947,-1,-0.019,0.006],"_shiftlockState":false,"_pose":"FreeFall","_animationQueue":[],"_animationSpeed":1,"_zoom":20.656},{"_mousePosition":[653,324],"_rootPartCFrame":[753.861,232.777,47.343,0.019,0,1,0,1,0,-1,0,0.019],"_humanoidState":5,"_cameraCFrame":[760.529,253.826,47.478,0.02,-0.946,0.323,0,0.323,0.946,-1,-0.019,0.007],"_shiftlockState":false,"_pose":"FreeFall","_animationQueue":[],"_animationSpeed":1,"_zoom":20.656},{"_mousePosition":[653,324],"_rootPartCFrame":[753.594,232.781,47.338,0.019,0,1,0,1,0,-1,0,0.019],"_humanoidState":5,"_cameraCFrame":[760.262,253.831,47.472,0.02,-0.946,0.323,0,0.323,0.946,-1,-0.019,0.007],"_shiftlockState":false,"_pose":"FreeFall","_animationQueue":[],"_animationSpeed":1,"_zoom":20.656},{"_mousePosition":[653,324],"_rootPartCFrame":[753.327,232.731,47.332,0.02,0,1,0,1,0,-1,0,0.02],"_humanoidState":5,"_cameraCFrame":[760.034,253.768,47.468,0.02,-0.946,0.325,0,0.325,0.946,-1,-0.019,0.007],"_shiftlockState":false,"_pose":"FreeFall","_animationQueue":[],"_animationSpeed":1,"_zoom":20.656},{"_mousePosition":[653,324],"_rootPartCFrame":[753.061,232.627,47.327,0.02,0,1,0,1,0,-1,0,0.02],"_humanoidState":5,"_cameraCFrame":[759.805,253.65,47.463,0.02,-0.945,0.327,0,0.327,0.945,-1,-0.019,0.007],"_shiftlockState":false,"_pose":"FreeFall","_animationQueue":[],"_animationSpeed":1,"_zoom":20.656},{"_mousePosition":[653,324],"_rootPartCFrame":[752.794,232.468,47.321,0.02,0,1,0,1,0,-1,0,0.02],"_humanoidState":5,"_cameraCFrame":[759.539,253.491,47.458,0.02,-0.945,0.327,0,0.327,0.945,-1,-0.019,0.007],"_shiftlockState":false,"_pose":"FreeFall","_animationQueue":[],"_animationSpeed":1,"_zoom":20.656},{"_mousePosition":[653,324],"_rootPartCFrame":[752.528,232.255,47.316,0.02,0,1,0,1,0,-1,0,0.02],"_humanoidState":5,"_cameraCFrame":[759.272,253.278,47.452,0.02,-0.945,0.327,0,0.327,0.945,-1,-0.019,0.007],"_shiftlockState":false,"_pose":"FreeFall","_animationQueue":[],"_animationSpeed":1,"_zoom":20.656},{"_mousePosition":[653,324],"_rootPartCFrame":[752.261,231.987,47.311,0.02,0,1,0,1,0,-1,0,0.02],"_humanoidState":5,"_cameraCFrame":[759.005,253.01,47.447,0.02,-0.945,0.327,0,0.327,0.945,-1,-0.019,0.007],"_shiftlockState":false,"_pose":"FreeFall","_animationQueue":[["fall",0.3]],"_animationSpeed":1,"_zoom":20.656},{"_mousePosition":[653,324],"_rootPartCFrame":[751.994,231.664,47.305,0.02,0,1,0,1,0,-1,0,0.02],"_humanoidState":5,"_cameraCFrame":[758.777,252.674,47.442,0.02,-0.944,0.328,0,0.328,0.945,-1,-0.019,0.007],"_shiftlockState":false,"_pose":"FreeFall","_animationQueue":[],"_animationSpeed":1,"_zoom":20.656},{"_mousePosition":[653,324],"_rootPartCFrame":[751.728,231.287,47.3,0.02,0,1,0,1,0,-1,0,0.02],"_humanoidState":5,"_cameraCFrame":[758.51,252.297,47.437,0.02,-0.944,0.328,0,0.328,0.945,-1,-0.019,0.007],"_shiftlockState":false,"_pose":"FreeFall","_animationQueue":[],"_animationSpeed":1,"_zoom":20.656},{"_mousePosition":[653,324],"_rootPartCFrame":[751.461,230.856,47.294,0.02,0,1,0,1,0,-1,0,0.02],"_humanoidState":5,"_cameraCFrame":[758.282,251.853,47.432,0.02,-0.944,0.33,0,0.33,0.944,-1,-0.019,0.007],"_shiftlockState":false,"_pose":"FreeFall","_animationQueue":[],"_animationSpeed":1,"_zoom":20.656},{"_mousePosition":[653,324],"_rootPartCFrame":[751.195,230.37,47.289,0.02,0,1,0,1,0,-1,0,0.02],"_humanoidState":5,"_cameraCFrame":[758.053,251.353,47.428,0.02,-0.943,0.332,0,0.332,0.943,-1,-0.019,0.007],"_shiftlockState":false,"_pose":"FreeFall","_animationQueue":[],"_animationSpeed":1,"_zoom":20.656},{"_mousePosition":[653,324],"_rootPartCFrame":[750.928,229.829,47.284,0.02,0,1,0,1,0,-1,0,0.02],"_humanoidState":5,"_cameraCFrame":[757.786,250.813,47.422,0.02,-0.943,0.332,0,0.332,0.943,-1,-0.019,0.007],"_shiftlockState":false,"_pose":"FreeFall","_animationQueue":[],"_animationSpeed":1,"_zoom":20.656},{"_mousePosition":[653,324],"_rootPartCFrame":[750.661,229.234,47.278,0.02,0,1,0,1,0,-1,0,0.02],"_humanoidState":5,"_cameraCFrame":[757.52,250.218,47.417,0.02,-0.943,0.332,0,0.332,0.943,-1,-0.019,0.007],"_shiftlockState":false,"_pose":"FreeFall","_animationQueue":[],"_animationSpeed":1,"_zoom":20.656},{"_mousePosition":[653,324],"_rootPartCFrame":[750.395,228.585,47.273,0.02,0,1,0,1,0,-1,0,0.02],"_humanoidState":5,"_cameraCFrame":[757.253,249.568,47.411,0.02,-0.943,0.332,0,0.332,0.943,-1,-0.019,0.007],"_shiftlockState":false,"_pose":"FreeFall","_animationQueue":[["fall",0.3]],"_animationSpeed":1,"_zoom":20.656},{"_mousePosition":[653,324],"_rootPartCFrame":[750.136,228.486,47.268,0.02,0,1,0,1,0,-1,0,0.02],"_humanoidState":7,"_cameraCFrame":[756.994,249.47,47.406,0.02,-0.943,0.332,0,0.332,0.943,-1,-0.019,0.007],"_shiftlockState":false,"_pose":"FreeFall","_animationQueue":[["walk",0.1],["fall",0.3],["fall",0.3]],"_animationSpeed":1,"_zoom":20.656},{"_mousePosition":[653,324],"_rootPartCFrame":[749.878,228.484,47.262,0.02,0,1,0,1,0,-1,0,0.02],"_humanoidState":7,"_cameraCFrame":[756.737,249.468,47.401,0.02,-0.943,0.332,0,0.332,0.943,-1,-0.019,0.007],"_shiftlockState":false,"_pose":"FreeFall","_animationQueue":[],"_animationSpeed":1,"_zoom":20.656},{"_mousePosition":[653,324],"_rootPartCFrame":[749.621,228.38,47.257,0.02,0,1,0,1,0,-1,0,0.02],"_humanoidState":8,"_cameraCFrame":[756.479,249.364,47.396,0.02,-0.943,0.332,0,0.332,0.943,-1,-0.019,0.007],"_shiftlockState":false,"_pose":"Running","_animationQueue":[["walk",0.1],["fall",0.3],["walk",0.1]],"_animationSpeed":1.066,"_zoom":20.656},{"_mousePosition":[653,324],"_rootPartCFrame":[749.363,228.211,47.252,0.02,0,1,0,1,0,-1,0,0.02],"_humanoidState":8,"_cameraCFrame":[756.26,249.181,47.391,0.02,-0.942,0.334,0,0.334,0.943,-1,-0.019,0.007],"_shiftlockState":false,"_pose":"Running","_animationQueue":[],"_animationSpeed":1.066,"_zoom":20.656},{"_mousePosition":[653,324],"_rootPartCFrame":[749.106,228.196,47.247,0.02,0,1,0,1,0,-1,0,0.02],"_humanoidState":8,"_cameraCFrame":[756.002,249.167,47.386,0.02,-0.942,0.334,0,0.334,0.943,-1,-0.019,0.007],"_shiftlockState":false,"_pose":"Running","_animationQueue":[],"_animationSpeed":1.066,"_zoom":20.656},{"_mousePosition":[653,324],"_rootPartCFrame":[748.843,228.212,47.242,0.02,0,1,0,1,0,-1,0,0.02],"_humanoidState":8,"_cameraCFrame":[755.739,249.182,47.381,0.02,-0.942,0.334,0,0.334,0.943,-1,-0.019,0.007],"_shiftlockState":false,"_pose":"Running","_animationQueue":[],"_animationSpeed":1.066,"_zoom":20.656},{"_mousePosition":[653,324],"_rootPartCFrame":[748.577,228.213,47.236,0.02,0,1,0,1,0,-1,0,0.02],"_humanoidState":8,"_cameraCFrame":[755.473,249.183,47.376,0.02,-0.942,0.334,0,0.334,0.943,-1,-0.019,0.007],"_shiftlockState":false,"_pose":"Running","_animationQueue":[["walk",0.1]],"_animationSpeed":1.066,"_zoom":20.656},{"_mousePosition":[653,324],"_rootPartCFrame":[748.311,228.227,47.231,0.02,0,1,0,1,0,-1,0,0.02],"_humanoidState":8,"_cameraCFrame":[755.208,249.198,47.37,0.02,-0.942,0.334,0,0.334,0.943,-1,-0.019,0.007],"_shiftlockState":false,"_pose":"Running","_animationQueue":[],"_animationSpeed":1.066,"_zoom":20.656},{"_mousePosition":[653,324],"_rootPartCFrame":[748.048,228.253,47.225,0.02,0,1,0,1,0,-1,0,0.02],"_humanoidState":8,"_cameraCFrame":[754.944,249.224,47.365,0.02,-0.942,0.334,0,0.334,0.943,-1,-0.019,0.007],"_shiftlockState":false,"_pose":"Running","_animationQueue":[],"_animationSpeed":1.066,"_zoom":20.656},{"_mousePosition":[653,324],"_rootPartCFrame":[747.782,228.255,47.22,0.02,0,1,0,1,0,-1,0,0.02],"_humanoidState":8,"_cameraCFrame":[754.678,249.226,47.359,0.02,-0.942,0.334,0,0.334,0.943,-1,-0.019,0.007],"_shiftlockState":false,"_pose":"Running","_animationQueue":[],"_animationSpeed":1.066,"_zoom":20.656},{"_mousePosition":[653,324],"_rootPartCFrame":[747.518,228.226,47.215,0.02,0,1,0,1,0,-1,0,0.02],"_humanoidState":8,"_cameraCFrame":[754.414,249.196,47.354,0.02,-0.942,0.334,0,0.334,0.943,-1,-0.019,0.007],"_shiftlockState":false,"_pose":"Running","_animationQueue":[],"_animationSpeed":1.066,"_zoom":20.656},{"_mousePosition":[653,324],"_rootPartCFrame":[747.272,228.106,47.21,0.02,0,1,0,1,0,-1,0,0.02],"_humanoidState":8,"_cameraCFrame":[754.168,249.077,47.349,0.02,-0.942,0.334,0,0.334,0.943,-1,-0.019,0.007],"_shiftlockState":false,"_pose":"Running","_animationQueue":[],"_animationSpeed":1.066,"_zoom":20.656},{"_mousePosition":[653,324],"_rootPartCFrame":[747.089,227.986,47.206,0.02,0,1,0,1,0,-1,0,0.02],"_humanoidState":8,"_cameraCFrame":[753.986,248.956,47.345,0.02,-0.942,0.334,0,0.334,0.943,-1,-0.019,0.007],"_shiftlockState":false,"_pose":"Running","_animationQueue":[["walk",0.1]],"_animationSpeed":1.011,"_zoom":20.656},{"_mousePosition":[653,324],"_rootPartCFrame":[746.785,227.717,47.2,0.02,0,1,0,1,0,-1,0,0.02],"_humanoidState":8,"_cameraCFrame":[753.681,248.687,47.339,0.02,-0.942,0.334,0,0.334,0.943,-1,-0.019,0.007],"_shiftlockState":false,"_pose":"Running","_animationQueue":[["walk",0.1]],"_animationSpeed":1.011,"_zoom":20.656},{"_mousePosition":[653,324],"_rootPartCFrame":[746.649,227.963,47.197,0.02,0,1,0,1,0,-1,0,0.02],"_humanoidState":8,"_cameraCFrame":[753.545,248.934,47.337,0.02,-0.942,0.334,0,0.334,0.943,-1,-0.019,0.007],"_shiftlockState":false,"_pose":"Running","_animationQueue":[],"_animationSpeed":1.011,"_zoom":20.656},{"_mousePosition":[653,324],"_rootPartCFrame":[746.514,228.223,47.194,0.02,0,1,0,1,0,-1,0,0.02],"_humanoidState":8,"_cameraCFrame":[753.41,249.193,47.334,0.02,-0.942,0.334,0,0.334,0.943,-1,-0.019,0.007],"_shiftlockState":false,"_pose":"Running","_animationQueue":[["walk",0.1]],"_animationSpeed":0.408,"_zoom":20.656},{"_mousePosition":[653,324],"_rootPartCFrame":[746.216,228.571,47.188,0.02,0,1,0,1,0,-1,0,0.02],"_humanoidState":8,"_cameraCFrame":[753.112,249.541,47.328,0.02,-0.942,0.334,0,0.334,0.943,-1,-0.019,0.007],"_shiftlockState":false,"_pose":"Running","_animationQueue":[["walk",0.1]],"_animationSpeed":0.839,"_zoom":20.656},{"_mousePosition":[653,324],"_rootPartCFrame":[745.976,228.783,47.184,0.02,0,1,0,1,0,-1,0,0.02],"_humanoidState":8,"_cameraCFrame":[752.872,249.753,47.323,0.02,-0.942,0.334,0,0.334,0.943,-1,-0.019,0.007],"_shiftlockState":false,"_pose":"Running","_animationQueue":[["walk",0.1]],"_animationSpeed":1.006,"_zoom":20.656},{"_mousePosition":[653,324],"_rootPartCFrame":[745.721,228.942,47.178,0.02,0,1,0,1,0,-1,0,0.02],"_humanoidState":8,"_cameraCFrame":[752.617,249.913,47.318,0.02,-0.942,0.334,0,0.334,0.943,-1,-0.019,0.007],"_shiftlockState":false,"_pose":"Running","_animationQueue":[],"_animationSpeed":1.006,"_zoom":20.656},{"_mousePosition":[653,324],"_rootPartCFrame":[745.467,229.046,47.173,0.02,0,1,0,1,0,-1,0,0.02],"_humanoidState":8,"_cameraCFrame":[752.363,250.016,47.313,0.02,-0.942,0.334,0,0.334,0.943,-1,-0.019,0.007],"_shiftlockState":false,"_pose":"Running","_animationQueue":[["walk",0.1]],"_animationSpeed":1.064,"_zoom":20.656},{"_mousePosition":[653,324],"_rootPartCFrame":[745.219,229.106,47.168,0.02,0,1,0,1,0,-1,0,0.02],"_humanoidState":8,"_cameraCFrame":[752.115,250.077,47.308,0.02,-0.942,0.334,0,0.334,0.943,-1,-0.019,0.007],"_shiftlockState":false,"_pose":"Running","_animationQueue":[["walk",0.1]],"_animationSpeed":1.064,"_zoom":20.656},{"_mousePosition":[653,324],"_rootPartCFrame":[745.028,229.15,47.164,0.02,0,1,0,1,0,-1,0,0.02],"_humanoidState":8,"_cameraCFrame":[751.924,250.12,47.286,0.018,-0.942,0.334,0,0.334,0.943,-1,-0.017,0.006],"_shiftlockState":false,"_pose":"Running","_animationQueue":[],"_animationSpeed":1.064,"_zoom":20.656},{"_mousePosition":[653,324],"_rootPartCFrame":[744.706,229.228,47.158,0.02,0,1,0,1,0,-1,0,0.02],"_humanoidState":8,"_cameraCFrame":[751.602,250.198,47.28,0.018,-0.942,0.334,0,0.334,0.943,-1,-0.017,0.006],"_shiftlockState":false,"_pose":"Running","_animationQueue":[],"_animationSpeed":1.064,"_zoom":20.656},{"_mousePosition":[653,324],"_rootPartCFrame":[744.448,229.293,47.153,0.02,0,1,0,1,0,-1,0,0.02],"_humanoidState":8,"_cameraCFrame":[751.345,250.263,47.275,0.018,-0.942,0.334,0,0.334,0.943,-1,-0.017,0.006],"_shiftlockState":false,"_pose":"Running","_animationQueue":[],"_animationSpeed":1.064,"_zoom":20.656},{"_mousePosition":[653,324],"_rootPartCFrame":[744.255,229.343,47.15,0.02,0,1,0,1,0,-1,0,0.02],"_humanoidState":8,"_cameraCFrame":[751.152,250.313,47.254,0.015,-0.942,0.334,0,0.334,0.943,-1,-0.014,0.005],"_shiftlockState":false,"_pose":"Running","_animationQueue":[],"_animationSpeed":1.064,"_zoom":20.656},{"_mousePosition":[653,324],"_rootPartCFrame":[743.933,229.428,47.144,0.019,0,1,0,1,0,-1,0,0.019],"_humanoidState":8,"_cameraCFrame":[750.83,250.398,47.249,0.015,-0.942,0.334,0,0.334,0.943,-1,-0.014,0.005],"_shiftlockState":false,"_pose":"Running","_animationQueue":[],"_animationSpeed":1.064,"_zoom":20.656},{"_mousePosition":[653,324],"_rootPartCFrame":[743.671,229.491,47.14,0.019,0,1,0,1,0,-1,0,0.019],"_humanoidState":8,"_cameraCFrame":[750.568,250.462,47.245,0.015,-0.942,0.334,0,0.334,0.943,-1,-0.014,0.005],"_shiftlockState":false,"_pose":"Running","_animationQueue":[["walk",0.1]],"_animationSpeed":1.064,"_zoom":20.656},{"_mousePosition":[653,324],"_rootPartCFrame":[743.405,229.54,47.136,0.018,0,1,0,1,0,-1,0,0.018],"_humanoidState":8,"_cameraCFrame":[750.302,250.51,47.223,0.013,-0.943,0.334,0,0.334,0.943,-1,-0.012,0.004],"_shiftlockState":false,"_pose":"Running","_animationQueue":[],"_animationSpeed":1.064,"_zoom":20.656},{"_mousePosition":[653,324],"_rootPartCFrame":[743.141,229.585,47.132,0.018,0,1,0,1,0,-1,0,0.018],"_humanoidState":8,"_cameraCFrame":[750.038,250.556,47.219,0.013,-0.943,0.334,0,0.334,0.943,-1,-0.012,0.004],"_shiftlockState":false,"_pose":"Running","_animationQueue":[],"_animationSpeed":1.064,"_zoom":20.656},{"_mousePosition":[653,324],"_rootPartCFrame":[742.875,229.59,47.129,0.017,0,1,0,1,0,-