[{"_mousePosition":[581,310],"_rootPartCFrame":[776.028,222.7,47.142,0,0,1,0,1,0,-1,0,0],"_humanoidState":8,"_cameraCFrame":[786.105,242.213,47.936,0.079,-0.869,0.488,0,0.489,0.872,-0.997,-0.069,0.038],"_shiftlockState":false,"_pose":"Standing","_animationQueue":[],"_animationSpeed":1,"_zoom":20.656},{"_mousePosition":[581,310],"_rootPartCFrame":[775.857,222.7,47.129,0.008,0,1,0,1,0,-1,0,0.008],"_humanoidState":8,"_cameraCFrame":[785.829,242.272,47.915,0.079,-0.872,0.483,0,0.484,0.875,-0.997,-0.069,0.038],"_shiftlockState":false,"_pose":"Standing","_animationQueue":[],"_animationSpeed":1,"_zoom":20.656},{"_mousePosition":[581,310],"_rootPartCFrame":[775.593,222.7,47.108,0.017,0,1,0,1,0,-1,0,0.017],"_humanoidState":8,"_cameraCFrame":[785.495,242.311,47.888,0.079,-0.874,0.479,0,0.481,0.877,-0.997,-0.069,0.038],"_shiftlockState":false,"_pose":"Running","_animationQueue":[["walk",0.1]],"_animationSpeed":1.003,"_zoom":20.656},{"_mousePosition":[581,310],"_rootPartCFrame":[775.327,222.7,47.087,0.026,0,1,0,1,0,-1,0,0.026],"_humanoidState":8,"_cameraCFrame":[785.156,242.349,47.887,0.081,-0.876,0.476,0,0.477,0.879,-0.997,-0.071,0.039],"_shiftlockState":false,"_pose":"Running","_animationQueue":[["walk",0.1]],"_animationSpeed":1.101,"_zoom":20.656},{"_mousePosition":[581,310],"_rootPartCFrame":[775.061,222.7,47.066,0.033,0,0.999,0,1,0,-0.999,0,0.033],"_humanoidState":8,"_cameraCFrame":[784.82,242.388,47.86,0.081,-0.878,0.472,0,0.474,0.881,-0.997,-0.071,0.038],"_shiftlockState":false,"_pose":"Running","_animationQueue":[],"_animationSpeed":1.101,"_zoom":20.656},{"_mousePosition":[581,310],"_rootPartCFrame":[774.795,222.7,47.045,0.039,0,0.999,0,1,0,-0.999,0,0.039],"_humanoidState":8,"_cameraCFrame":[784.448,242.445,47.83,0.081,-0.88,0.467,0,0.469,0.883,-0.997,-0.072,0.038],"_shiftlockState":false,"_pose":"Running","_animationQueue":[],"_animationSpeed":1.101,"_zoom":20.656},{"_mousePosition":[581,310],"_rootPartCFrame":[774.529,222.7,47.023,0.045,0,0.999,0,1,0,-0.999,0,0.045],"_humanoidState":8,"_cameraCFrame":[784.076,242.501,47.8,0.081,-0.883,0.462,0,0.464,0.886,-0.997,-0.072,0.038],"_shiftlockState":false,"_pose":"Running","_animationQueue":[["walk",0.1]],"_animationSpeed":1.101,"_zoom":20.656},{"_mousePosition":[581,310],"_rootPartCFrame":[774.264,222.7,47.001,0.05,0,0.999,0,1,0,-0.999,0,0.05],"_humanoidState":8,"_cameraCFrame":[783.703,242.557,47.769,0.081,-0.886,0.457,0,0.458,0.889,-0.997,-0.072,0.037],"_shiftlockState":false,"_pose":"Running","_animationQueue":[],"_animationSpeed":1.101,"_zoom":20.656},{"_mousePosition":[581,310],"_rootPartCFrame":[773.998,222.7,46.98,0.054,0,0.999,0,1,0,-0.999,0,0.054],"_humanoidState":8,"_cameraCFrame":[783.294,242.63,47.736,0.081,-0.889,0.45,0,0.452,0.892,-0.997,-0.072,0.037],"_shiftlockState":false,"_pose":"Running","_animationQueue":[],"_animationSpeed":1.101,"_zoom":20.656},{"_mousePosition":[581,310],"_rootPartCFrame":[773.732,222.7,46.958,0.058,0,0.998,0,1,0,-0.998,0,0.058],"_humanoidState":8,"_cameraCFrame":[782.923,242.684,47.682,0.079,-0.892,0.445,0,0.446,0.895,-0.997,-0.07,0.035],"_shiftlockState":false,"_pose":"Running","_animationQueue":[],"_animationSpeed":1.101,"_zoom":20.656},{"_mousePosition":[581,310],"_rootPartCFrame":[773.466,222.7,46.937,0.061,0,0.998,0,1,0,-0.998,0,0.061],"_humanoidState":8,"_cameraCFrame":[782.515,242.755,47.626,0.076,-0.896,0.438,0,0.439,0.898,-0.997,-0.068,0.033],"_shiftlockState":false,"_pose":"Running","_animationQueue":[],"_animationSpeed":1.101,"_zoom":20.656},{"_mousePosition":[581,310],"_rootPartCFrame":[773.201,222.7,46.916,0.063,0,0.998,0,1,0,-0.998,0,0.063],"_humanoidState":8,"_cameraCFrame":[782.108,242.826,47.549,0.071,-0.899,0.431,0,0.432,0.902,-0.997,-0.064,0.031],"_shiftlockState":false,"_pose":"Running","_animationQueue":[],"_animationSpeed":1.101,"_zoom":20.656},{"_mousePosition":[581,310],"_rootPartCFrame":[772.935,222.7,46.895,0.065,0,0.998,0,1,0,-0.998,0,0.065],"_humanoidState":8,"_cameraCFrame":[781.662,242.912,47.494,0.068,-0.904,0.423,0,0.424,0.906,-0.998,-0.062,0.029],"_shiftlockState":false,"_pose":"Running","_animationQueue":[["walk",0.1]],"_animationSpeed":1.101,"_zoom":20.656},{"_mousePosition":[581,310],"_rootPartCFrame":[772.669,222.7,46.876,0.066,0,0.998,0,1,0,-0.998,0,0.066],"_humanoidState":8,"_cameraCFrame":[781.183,243.013,47.374,0.058,-0.909,0.412,0,0.413,0.911,-0.998,-0.053,0.024],"_shiftlockState":false,"_pose":"Running","_animationQueue":[],"_animationSpeed":1.101,"_zoom":20.656},{"_mousePosition":[581,310],"_rootPartCFrame":[772.403,222.717,46.858,0.066,0,0.998,0,1,0,-0.998,0,0.066],"_humanoidState":8,"_cameraCFrame":[780.773,243.096,47.305,0.053,-0.913,0.405,0,0.406,0.914,-0.999,-0.049,0.022],"_shiftlockState":false,"_pose":"Running","_animationQueue":[],"_animationSpeed":1.101,"_zoom":20.656},{"_mousePosition":[581,310],"_rootPartCFrame":[772.136,222.748,46.842,0.065,0,0.998,0,1,0,-0.998,0,0.065],"_humanoidState":8,"_cameraCFrame":[780.36,243.192,47.26,0.051,-0.916,0.398,0,0.399,0.917,-0.999,-0.047,0.02],"_shiftlockState":false,"_pose":"Running","_animationQueue":[],"_animationSpeed":1.101,"_zoom":20.656},{"_mousePosition":[581,310],"_rootPartCFrame":[771.87,222.771,46.828,0.064,0,0.998,0,1,0,-0.998,0,0.064],"_humanoidState":8,"_cameraCFrame":[779.985,243.262,47.199,0.046,-0.918,0.393,0,0.393,0.919,-0.999,-0.042,0.018],"_shiftlockState":false,"_pose":"Running","_animationQueue":[],"_animationSpeed":1.101,"_zoom":20.656},{"_mousePosition":[581,310],"_rootPartCFrame":[771.604,222.784,46.814,0.062,0,0.998,0,1,0,-0.998,0,0.062],"_humanoidState":8,"_cameraCFrame":[779.646,243.307,47.162,0.043,-0.92,0.389,0,0.39,0.921,-0.999,-0.04,0.017],"_shiftlockState":false,"_pose":"Running","_animationQueue":[],"_animationSpeed":1.101,"_zoom":20.656},{"_mousePosition":[581,310],"_rootPartCFrame":[771.338,222.8,46.802,0.06,0,0.998,0,1,0,-0.998,0,0.06],"_humanoidState":8,"_cameraCFrame":[779.306,243.354,47.126,0.041,-0.922,0.386,0,0.386,0.922,-0.999,-0.038,0.016],"_shiftlockState":false,"_pose":"Running","_animationQueue":[],"_animationSpeed":1.101,"_zoom":20.656},{"_mousePosition":[581,310],"_rootPartCFrame":[771.071,222.825,46.79,0.058,0,0.998,0,1,0,-0.998,0,0.058],"_humanoidState":8,"_cameraCFrame":[778.966,243.41,47.092,0.038,-0.923,0.382,0,0.383,0.924,-0.999,-0.035,0.015],"_shiftlockState":false,"_pose":"Running","_animationQueue":[["walk",0.1]],"_animationSpeed":1.101,"_zoom":20.656},{"_mousePosition":[581,310],"_rootPartCFrame":[770.805,222.843,46.779,0.055,0,0.998,0,1,0,-0.998,0,0.055],"_humanoidState":8,"_cameraCFrame":[778.626,243.459,47.058,0.036,-0.925,0.379,0,0.379,0.925,-0.999,-0.033,0.013],"_shiftlockState":false,"_pose":"Running","_animationQueue":[],"_animationSpeed":1.101,"_zoom":20.656},{"_mousePosition":[581,310],"_rootPartCFrame":[770.538,222.818,46.769,0.053,0,0.999,0,1,0,-0.999,0,0.053],"_humanoidState":8,"_cameraCFrame":[778.323,243.449,47.027,0.033,-0.926,0.377,0,0.377,0.926,-0.999,-0.031,0.012],"_shiftlockState":false,"_pose":"Running","_animationQueue":[],"_animationSpeed":1.101,"_zoom":20.656},{"_mousePosition":[581,310],"_rootPartCFrame":[770.205,222.719,46.756,0.05,0,0.999,0,1,0,-0.999,0,0.05],"_humanoidState":8,"_cameraCFrame":[777.954,243.365,46.993,0.031,-0.926,0.375,0,0.375,0.927,-1,-0.028,0.011],"_shiftlockState":false,"_pose":"Running","_animationQueue":[],"_animationSpeed":1.101,"_zoom":20.656},{"_mousePosition":[581,310],"_rootPartCFrame":[769.939,222.578,46.746,0.048,0,0.999,0,1,0,-0.999,0,0.048],"_humanoidState":8,"_cameraCFrame":[777.65,243.239,46.982,0.031,-0.927,0.373,0,0.373,0.928,-1,-0.028,0.011],"_shiftlockState":false,"_pose":"Running","_animationQueue":[],"_animationSpeed":1.101,"_zoom":20.656},{"_mousePosition":[581,310],"_rootPartCFrame":[769.739,222.437,46.739,0.046,0,0.999,0,1,0,-0.999,0,0.046],"_humanoidState":8,"_cameraCFrame":[777.45,243.098,46.974,0.031,-0.927,0.373,0,0.373,0.928,-1,-0.028,0.011],"_shiftlockState":false,"_pose":"Running","_animationQueue":[],"_animationSpeed":1.101,"_zoom":20.656},{"_mousePosition":[581,310],"_rootPartCFrame":[769.406,223.507,46.726,0.043,0,0.999,0,1,0,-0.999,0,0.043],"_humanoidState":3,"_cameraCFrame":[777.117,244.168,46.962,0.031,-0.927,0.373,0,0.373,0.928,-1,-0.028,0.011],"_shiftlockState":false,"_pose":"Jumping","_animationQueue":[["walk",0.1],["walk",0.1],["jump",0.1]],"_animationSpeed":1,"_zoom":20.656},{"_mousePosition":[581,310],"_rootPartCFrame":[769.206,224.108,46.72,0.042,0,0.999,0,1,0,-0.999,0,0.042],"_humanoidState":5,"_cameraCFrame":[776.917,244.769,46.955,0.031,-0.927,0.373,0,0.373,0.928,-1,-0.028,0.011],"_shiftlockState":false,"_pose":"FreeFall","_animationQueue":[["jump",0.1]],"_animationSpeed":1,"_zoom":20.656},{"_mousePosition":[581,310],"_rootPartCFrame":[768.94,224.862,46.711,0.04,0,0.999,0,1,0,-0.999,0,0.04],"_humanoidState":5,"_cameraCFrame":[776.651,245.523,46.947,0.031,-0.927,0.373,0,0.373,0.928,-1,-0.028,0.011],"_shiftlockState":false,"_pose":"FreeFall","_animationQueue":[],"_animationSpeed":1,"_zoom":20.656},{"_mousePosition":[581,310],"_rootPartCFrame":[768.673,225.562,46.703,0.039,0,0.999,0,1,0,-0.999,0,0.039],"_humanoidState":5,"_cameraCFrame":[776.384,246.223,46.939,0.031,-0.927,0.373,0,0.373,0.928,-1,-0.028,0.011],"_shiftlockState":false,"_pose":"FreeFall","_animationQueue":[],"_animationSpeed":1,"_zoom":20.656},{"_mousePosition":[581,310],"_rootPartCFrame":[768.34,226.359,46.693,0.037,0,0.999,0,1,0,-0.999,0,0.037],"_humanoidState":5,"_cameraCFrame":[776.014,247.035,46.908,0.028,-0.928,0.372,0,0.372,0.928,-1,-0.026,0.01],"_shiftlockState":false,"_pose":"FreeFall","_animationQueue":[],"_animationSpeed":1,"_zoom":20.656},{"_mousePosition":[581,310],"_rootPartCFrame":[768.073,226.936,46.685,0.036,0,0.999,0,1,0,-0.999,0,0.036],"_humanoidState":5,"_cameraCFrame":[775.673,247.642,46.898,0.028,-0.929,0.368,0,0.368,0.93,-1,-0.026,0.01],"_shiftlockState":false,"_pose":"FreeFall","_animationQueue":[],"_animationSpeed":1,"_zoom":20.656},{"_mousePosition":[581,310],"_rootPartCFrame":[767.807,227.458,46.677,0.035,0,0.999,0,1,0,-0.999,0,0.035],"_humanoidState":5,"_cameraCFrame":[775.407,248.164,46.871,0.025,-0.93,0.368,0,0.368,0.93,-1,-0.024,0.009],"_shiftlockState":false,"_pose":"FreeFall","_animationQueue":[],"_animationSpeed":1,"_zoom":20.656},{"_mousePosition":[581,310],"_rootPartCFrame":[767.54,227.926,46.67,0.034,0,0.999,0,1,0,-0.999,0,0.034],"_humanoidState":5,"_cameraCFrame":[775.065,248.661,46.862,0.025,-0.931,0.364,0,0.364,0.931,-1,-0.024,0.009],"_shiftlockState":false,"_pose":"FreeFall","_animationQueue":[],"_animationSpeed":1,"_zoom":20.656},{"_mousePosition":[581,310],"_rootPartCFrame":[767.273,228.339,46.663,0.033,0,0.999,0,1,0,-0.999,0,0.033],"_humanoidState":5,"_cameraCFrame":[774.762,249.089,46.816,0.02,-0.932,0.363,0,0.363,0.932,-1,-0.019,0.007],"_shiftlockState":false,"_pose":"FreeFall","_animationQueue":[],"_animationSpeed":1,"_zoom":20.656},{"_mousePosition":[581,310],"_rootPartCFrame":[767.007,228.698,46.656,0.032,0,0.999,0,1,0,-0.999,0,0.032],"_humanoidState":5,"_cameraCFrame":[774.421,249.477,46.789,0.018,-0.933,0.359,0,0.359,0.933,-1,-0.017,0.006],"_shiftlockState":false,"_pose":"FreeFall","_animationQueue":[],"_animationSpeed":1,"_zoom":20.656},{"_mousePosition":[581,310],"_rootPartCFrame":[766.74,229.002,46.651,0.031,0,1,0,1,0,-1,0,0.031],"_humanoidState":5,"_cameraCFrame":[774.117,249.796,46.764,0.015,-0.934,0.357,0,0.357,0.934,-1,-0.014,0.005],"_shiftlockState":false,"_pose":"FreeFall","_animationQueue":[],"_animationSpeed":1,"_zoom":20.656},{"_mousePosition":[581,310],"_rootPartCFrame":[766.474,229.252,46.646,0.029,0,1,0,1,0,-1,0,0.029],"_humanoidState":5,"_cameraCFrame":[773.813,250.06,46.74,0.013,-0.935,0.355,0,0.355,0.935,-1,-0.012,0.005],"_shiftlockState":false,"_pose":"FreeFall","_animationQueue":[],"_animationSpeed":1,"_zoom":20.656},{"_mousePosition":[581,310],"_rootPartCFrame":[766.207,229.447,46.641,0.027,0,1,0,1,0,-1,0,0.027],"_humanoidState":5,"_cameraCFrame":[773.546,250.255,46.736,0.013,-0.935,0.355,0,0.355,0.935,-1,-0.012,0.005],"_shiftlockState":false,"_pose":"FreeFall","_animationQueue":[],"_animationSpeed":1,"_zoom":20.656},{"_mousePosition":[581,310],"_rootPartCFrame":[765.94,229.588,46.638,0.025,0,1,0,1,0,-1,0,0.025],"_humanoidState":5,"_cameraCFrame":[773.28,250.396,46.732,0.013,-0.935,0.355,0,0.355,0.935,-1,-0.012,0.005],"_shiftlockState":false,"_pose":"FreeFall","_animationQueue":[],"_animationSpeed":1,"_zoom":20.656},{"_mousePosition":[581,310],"_rootPartCFrame":[765.74,229.658,46.635,0.024,0,1,0,1,0,-1,0,0.024],"_humanoidState":5,"_cameraCFrame":[773.08,250.466,46.73,0.013,-0.935,0.355,0,0.355,0.935,-1,-0.012,0.005],"_shiftlockState":false,"_pose":"FreeFall","_animationQueue":[],"_animationSpeed":1,"_zoom":20.656},{"_mousePosition":[581,310],"_rootPartCFrame":[765.474,229.703,46.632,0.023,0,1,0,1,0,-1,0,0.023],"_humanoidState":5,"_cameraCFrame":[772.813,250.511,46.726,0.013,-0.935,0.355,0,0.355,0.935,-1,-0.012,0.005],"_shiftlockState":false,"_pose":"FreeFall","_animationQueue":[],"_animationSpeed":1,"_zoom":20.656},{"_mousePosition":[581,310],"_rootPartCFrame":[765.207,229.694,46.629,0.021,0,1,0,1,0,-1,0,0.021],"_humanoidState":5,"_cameraCFrame":[772.547,250.502,46.723,0.013,-0.935,0.355,0,0.355,0.935,-1,-0.012,0.005],"_shiftlockState":false,"_pose":"FreeFall","_animationQueue":[],"_animationSpeed":1,"_zoom":20.656},{"_mousePosition":[581,310],"_rootPartCFrame":[764.941,229.631,46.625,0.02,0,1,0,1,0,-1,0,0.02],"_humanoidState":5,"_cameraCFrame":[772.28,250.438,46.719,0.013,-0.935,0.355,0,0.355,0.935,-1,-0.012,0.005],"_shiftlockState":false,"_pose":"FreeFall","_animationQueue":[],"_animationSpeed":1,"_zoom":20.656},{"_mousePosition":[581,310],"_rootPartCFrame":[764.674,229.512,46.622,0.019,0,1,0,1,0,-1,0,0.019],"_humanoidState":5,"_cameraCFrame":[772.013,250.32,46.716,0.013,-0.935,0.355,0,0.355,0.935,-1,-0.012,0.005],"_shiftlockState":false,"_pose":"FreeFall","_animationQueue":[],"_animationSpeed":1,"_zoom":20.656},{"_mousePosition":[581,310],"_rootPartCFrame":[764.407,229.34,46.618,0.018,0,1,0,1,0,-1,0,0.018],"_humanoidState":5,"_cameraCFrame":[771.747,250.148,46.712,0.013,-0.935,0.355,0,0.355,0.935,-1,-0.012,0.005],"_shiftlockState":false,"_pose":"FreeFall","_animationQueue":[],"_animationSpeed":1,"_zoom":20.656},{"_mousePosition":[581,310],"_rootPartCFrame":[764.074,229.047,46.614,0.017,0,1,0,1,0,-1,0,0.017],"_humanoidState":5,"_cameraCFrame":[771.413,249.855,46.708,0.013,-0.935,0.355,0,0.355,0.935,-1,-0.012,0.005],"_shiftlockState":false,"_pose":"FreeFall","_animationQueue":[["fall",0.3]],"_animationSpeed":1,"_zoom":20.656},{"_mousePosition":[581,310],"_rootPartCFrame":[763.874,228.831,46.611,0.017,0,1,0,1,0,-1,0,0.017],"_humanoidState":5,"_cameraCFrame":[771.214,249.639,46.706,0.013,-0.935,0.355,0,0.355,0.935,-1,-0.012,0.005],"_shiftlockState":false,"_pose":"FreeFall","_animationQueue":[],"_animationSpeed":1,"_zoom":20.656},{"_mousePosition":[581,310],"_rootPartCFrame":[763.608,228.495,46.608,0.016,0,1,0,1,0,-1,0,0.016],"_humanoidState":5,"_cameraCFrame":[770.947,249.303,46.702,0.013,-0.935,0.355,0,0.355,0.935,-1,-0.012,0.005],"_shiftlockState":false,"_pose":"FreeFall","_animationQueue":[],"_animationSpeed":1,"_zoom":20.656},{"_mousePosition":[581,310],"_rootPartCFrame":[763.341,228.104,46.605,0.016,0,1,0,1,0,-1,0,0.016],"_humanoidState":5,"_cameraCFrame":[770.68,248.912,46.699,0.013,-0.935,0.355,0,0.355,0.935,-1,-0.012,0.005],"_shiftlockState":false,"_pose":"FreeFall","_animationQueue":[],"_animationSpeed":1,"_zoom":20.656},{"_mousePosition":[581,310],"_rootPartCFrame":[763.074,227.659,46.601,0.015,0,1,0,1,0,-1,0,0.015],"_humanoidState":5,"_cameraCFrame":[770.414,248.467,46.695,0.013,-0.935,0.355,0,0.355,0.935,-1,-0.012,0.005],"_shiftlockState":false,"_pose":"FreeFall","_animationQueue":[],"_animationSpeed":1,"_zoom":20.656},{"_mousePosition":[581,310],"_rootPartCFrame":[762.741,227.026,46.597,0.015,0,1,0,1,0,-1,0,0.015],"_humanoidState":5,"_cameraCFrame":[770.08,247.834,46.691,0.013,-0.935,0.355,0,0.355,0.935,-1,-0.012,0.005],"_shiftlockState":false,"_pose":"FreeFall","_animationQueue":[],"_animationSpeed":1,"_zoom":20.656},{"_mousePosition":[581,310],"_rootPartCFrame":[762.541,226.606,46.594,0.015,0,1,0,1,0,-1,0,0.015],"_humanoidState":5,"_cameraCFrame":[769.88,247.414,46.689,0.013,-0.935,0.355,0,0.355,0.935,-1,-0.012,0.005],"_shiftlockState":false,"_pose":"FreeFall","_animationQueue":[],"_animationSpeed":1,"_zoom":20.656},{"_mousePosition":[581,310],"_rootPartCFrame":[762.275,225.997,46.591,0.014,0,1,0,1,0,-1,0,0.014],"_humanoidState":5,"_cameraCFrame":[769.614,246.805,46.685,0.013,-0.935,0.355,0,0.355,0.935,-1,-0.012,0.005],"_shiftlockState":false,"_pose":"FreeFall","_animationQueue":[["fall",0.3]],"_animationSpeed":1,"_zoom":20.656},{"_mousePosition":[581,310],"_rootPartCFrame":[762.008,225.334,46.587,0.014,0,1,0,1,0,-1,0,0.014],"_humanoidState":5,"_cameraCFrame":[769.347,246.142,46.682,0.013,-0.935,0.355,0,0.355,0.935,-1,-0.012,0.005],"_shiftlockState":false,"_pose":"FreeFall","_animationQueue":[],"_animationSpeed":1,"_zoom":20.656},{"_mousePosition":[581,310],"_rootPartCFrame":[761.741,224.616,46.584,0.014,0,1,0,1,0,-1,0,0.014],"_humanoidState":5,"_cameraCFrame":[769.081,245.424,46.678,0.013,-0.935,0.355,0,0.355,0.935,-1,-0.012,0.005],"_shiftlockState":false,"_pose":"FreeFall","_animationQueue":[],"_animationSpeed":1,"_zoom":20.656},{"_mousePosition":[581,310],"_rootPartCFrame":[761.475,223.844,46.581,0.014,0,1,0,1,0,-1,0,0.014],"_humanoidState":5,"_cameraCFrame":[768.814,244.652,46.693,0.015,-0.935,0.355,0,0.355,0.935,-1,-0.014,0.005],"_shiftlockState":false,"_pose":"FreeFall","_animationQueue":[],"_animationSpeed":1,"_zoom":20.656},{"_mousePosition":[581,310],"_rootPartCFrame":[761.142,222.802,46.576,0.014,0,1,0,1,0,-1,0,0.014],"_humanoidState":5,"_cameraCFrame":[768.443,243.625,46.707,0.018,-0.935,0.353,0,0.354,0.935,-1,-0.017,0.006],"_shiftlockState":false,"_pose":"FreeFall","_animationQueue":[],"_animationSpeed":1,"_zoom":20.656},{"_mousePosition":[581,310],"_rootPartCFrame":[760.875,222.416,46.572,0.014,0,1,0,1,0,-1,0,0.014],"_humanoidState":7,"_cameraCFrame":[768.1,243.266,46.738,0.023,-0.937,0.35,0,0.35,0.937,-1,-0.022,0.008],"_shiftlockState":false,"_pose":"FreeFall","_animationQueue":[["walk",0.1],["fall",0.3],["fall",0.3]],"_animationSpeed":1,"_zoom":20.656},{"_mousePosition":[581,310],"_rootPartCFrame":[760.608,222.501,46.568,0.014,0,1,0,1,0,-1,0,0.014],"_humanoidState":7,"_cameraCFrame":[767.757,243.379,46.768,0.028,-0.938,0.346,0,0.346,0.938,-1,-0.026,0.01],"_shiftlockState":false,"_pose":"FreeFall","_animationQueue":[["fall",0.3]],"_animationSpeed":1,"_zoom":20.656},{"_mousePosition":[581,310],"_rootPartCFrame":[760.342,222.594,46.562,0.015,0,1,0,1,0,-1,0,0.015],"_humanoidState":8,"_cameraCFrame":[767.412,243.5,46.832,0.038,-0.939,0.342,0,0.343,0.939,-0.999,-0.036,0.013],"_shiftlockState":false,"_pose":"Running","_animationQueue":[["walk",0.1],["fall",0.3],["walk",0.1]],"_animationSpeed":1.103,"_zoom":20.656},{"_mousePosition":[581,310],"_rootPartCFrame":[760.075,222.653,46.554,0.017,0,1,0,1,0,-1,0,0.017],"_humanoidState":8,"_cameraCFrame":[767.067,243.586,46.892,0.048,-0.94,0.338,0,0.339,0.941,-0.999,-0.045,0.016],"_shiftlockState":false,"_pose":"Running","_animationQueue":[],"_animationSpeed":1.103,"_zoom":20.656},{"_mousePosition":[581,310],"_rootPartCFrame":[759.809,222.686,46.544,0.02,0,1,0,1,0,-1,0,0.02],"_humanoidState":8,"_cameraCFrame":[766.68,243.66,46.999,0.066,-0.941,0.333,0,0.333,0.943,-0.998,-0.062,0.022],"_shiftlockState":false,"_pose":"Running","_animationQueue":[],"_animationSpeed":1.103,"_zoom":20.656},{"_mousePosition":[581,310],"_rootPartCFrame":[759.542,222.704,46.532,0.023,0,1,0,1,0,-1,0,0.023],"_humanoidState":8,"_cameraCFrame":[766.371,243.691,47.053,0.076,-0.941,0.331,0,0.332,0.943,-0.997,-0.072,0.025],"_shiftlockState":false,"_pose":"Running","_animationQueue":[],"_animationSpeed":1.103,"_zoom":20.656},{"_mousePosition":[581,310],"_rootPartCFrame":[759.276,222.713,46.515,0.029,0,1,0,1,0,-1,0,0.029],"_humanoidState":8,"_cameraCFrame":[766.105,243.701,47.035,0.076,-0.941,0.331,0,0.332,0.943,-0.997,-0.072,0.025],"_shiftlockState":false,"_pose":"Running","_animationQueue":[],"_animationSpeed":1.103,"_zoom":20.656},{"_mousePosition":[581,310],"_rootPartCFrame":[759.01,222.719,46.495,0.035,0,0.999,0,1,0,-0.999,0,0.035],"_humanoidState":8,"_cameraCFrame":[765.839,243.706,47.015,0.076,-0.941,0.331,0,0.332,0.943,-0.997,-0.072,0.025],"_shiftlockState":false,"_pose":"Running","_animationQueue":[],"_animationSpeed":1.103,"_zoom":20.656},{"_mousePosition":[581,310],"_rootPartCFrame":[758.744,222.721,46.474,0.041,0,0.999,0,1,0,-0.999,0,0.041],"_humanoidState":8,"_cameraCFrame":[765.573,243.709,46.995,0.076,-0.941,0.331,0,0.332,0.943,-0.997,-0.072,0.025],"_shiftlockState":false,"_pose":"Running","_animationQueue":[["walk",0.1]],"_animationSpeed":1.103,"_zoom":20.656},{"_mousePosition":[581,310],"_rootPartCFrame":[758.479,222.723,46.454,0.045,0,0.999,0,1,0,-0.999,0,0.045],"_humanoidState":8,"_cameraCFrame":[765.307,243.711,46.975,0.076,-0.941,0.331,0,0.332,0.943,-0.997,-0.072,0.025],"_shiftlockState":false,"_pose":"Running","_animationQueue":[],"_animationSpeed":1.103,"_zoom":20.656},{"_mousePosition":[581,310],"_rootPartCFrame":[758.213,222.724,46.434,0.05,0,0.999,0,1,0,-0.999,0,0.05],"_humanoidState":8,"_cameraCFrame":[765.041,243.711,46.954,0.076,-0.941,0.331,0,0.332,0.943,-0.997,-0.072,0.025],"_shiftlockState":false,"_pose":"Running","_animationQueue":[],"_animationSpeed":1.103,"_zoom":20.656},{"_mousePosition":[581,310],"_rootPartCFrame":[757.947,222.724,46.413,0.053,0,0.999,0,1,0,-0.999,0,0.053],"_humanoidState":8,"_cameraCFrame":[764.776,243.712,46.934,0.076,-0.941,0.331,0,0.332,0.943,-0.997,-0.072,0.025],"_shiftlockState":false,"_pose":"Running","_animationQueue":[],"_animationSpeed":1.103,"_zoom":20.656},{"_mousePosition":[581,310],"_rootPartCFrame":[757.681,222.724,46.393,0.056,0,0.998,0,1,0,-0.998,0,0.056],"_humanoidState":8,"_cameraCFrame":[764.51,243.712,46.914,0.076,-0.941,0.331,0,0.332,0.943,-0.997,-0.072,0.025],"_shiftlockState":false,"_pose":"Running","_animationQueue":[],"_animationSpeed":1.103,"_zoom":20.656},{"_mousePosition":[581,310],"_rootPartCFrame":[757.415,222.725,46.373,0.059,0,0.998,0,1,0,-0.998,0,0.059],"_humanoidState":8,"_cameraCFrame":[764.205,243.726,46.908,0.079,-0.941,0.329,0,0.33,0.944,-0.997,-0.074,0.026],"_shiftlockState":false,"_pose":"Running","_animationQueue":[],"_animationSpeed":1.103,"_zoom":20.656},{"_mousePosition":[581,310],"_rootPartCFrame":[757.149,222.725,46.353,0.061,0,0.998,0,1,0,-0.998,0,0.061],"_humanoidState":8,"_cameraCFrame":[763.939,243.726,46.888,0.079,-0.941,0.329,0,0.33,0.944,-0.997,-0.074,0.026],"_shiftlockState":false,"_pose":"Running","_animationQueue":[["walk",0.1]],"_animationSpeed":1.103,"_zoom":20.656},{"_mousePosition":[581,310],"_rootPartCFrame":[756.883,222.717,46.332,0.064,0,0.998,0,1,0,-0.998,0,0.064],"_humanoidState":8,"_cameraCFrame":[763.635,243.731,46.864,0.079,-0.942,0.327,0,0.328,0.945,-0.997,-0.074,0.026],"_shiftlockState":false,"_pose":"Running","_animationQueue":[],"_animationSpeed":1.103,"_zoom":20.656},{"_mousePosition":[581,310],"_rootPartCFrame":[756.617,222.719,46.311,0.066,0,0.998,0,1,0,-0.998,0,0.066],"_humanoidState":8,"_cameraCFrame":[763.369,243.733,46.843,0.079,-0.942,0.327,0,0.328,0.945,-0.997,-0.074,0.026],"_shiftlockState":false,"_pose":"Running","_animationQueue":[],"_animationSpeed":1.103,"_zoom":20.656},{"_mousePosition":[581,310],"_rootPartCFrame":[756.352,222.722,46.29,0.067,0,0.998,0,1,0,-0.998,0,0.067],"_humanoidState":8,"_cameraCFrame":[763.103,243.736,46.822,0.079,-0.942,0.327,0,0.328,0.945,-0.997,-0.074,0.026],"_shiftlockState":false,"_pose":"Running","_animationQueue":[],"_animationSpeed":1.103,"_zoom":20.656},{"_mousePosition":[581,310],"_rootPartCFrame":[756.019,223.805,46.264,0.069,0,0.998,0,1,0,-0.998,0,0.069],"_humanoidState":3,"_cameraCFrame":[762.771,244.819,46.796,0.079,-0.942,0.327,0,0.328,0.945,-0.997,-0.074,0.026],"_shiftlockState":false,"_pose":"Jumping","_animationQueue":[["walk",0.1],["jump",0.1]],"_animationSpeed":1,"_zoom":20.656},{"_mousePosition":[581,310],"_rootPartCFrame":[755.753,224.614,46.243,0.071,0,0.997,0,1,0,-0.997,0,0.071],"_humanoidState":5,"_cameraCFrame":[762.505,245.628,46.775,0.079,-0.942,0.327,0,0.328,0.945,-0.997,-0.074,0.026],"_shiftlockState":false,"_pose":"FreeFall","_animationQueue":[["jump",0.1]],"_animationSpeed":1,"_zoom":20.656},{"_mousePosition":[581,310],"_rootPartCFrame":[755.554,225.184,46.227,0.072,0,0.997,0,1,0,-0.997,0,0.072],"_humanoidState":5,"_cameraCFrame":[762.306,246.198,46.759,0.079,-0.942,0.327,0,0.328,0.945,-0.997,-0.074,0.026],"_shiftlockState":false,"_pose":"FreeFall","_animationQueue":[],"_animationSpeed":1,"_zoom":20.656},{"_mousePosition":[581,310],"_rootPartCFrame":[755.222,226.067,46.201,0.073,0,0.997,0,1,0,-0.997,0,0.073],"_humanoidState":5,"_cameraCFrame":[761.973,247.081,46.733,0.079,-0.942,0.327,0,0.328,0.945,-0.997,-0.074,0.026],"_shiftlockState":false,"_pose":"FreeFall","_animationQueue":[],"_animationSpeed":1,"_zoom":20.656},{"_mousePosition":[581,310],"_rootPartCFrame":[755.022,226.556,46.185,0.074,0,0.997,0,1,0,-0.997,0,0.074],"_humanoidState":5,"_cameraCFrame":[761.774,247.57,46.717,0.079,-0.942,0.327,0,0.328,0.945,-0.997,-0.074,0.026],"_shiftlockState":false,"_pose":"FreeFall","_animationQueue":[],"_animationSpeed":1,"_zoom":20.656},{"_mousePosition":[581,310],"_rootPartCFrame":[754.69,227.302,46.159,0.074,0,0.997,0,1,0,-0.997,0,0.074],"_humanoidState":5,"_cameraCFrame":[761.442,248.316,46.691,0.079,-0.942,0.327,0,0.328,0.945,-0.997,-0.074,0.026],"_shiftlockState":false,"_pose":"FreeFall","_animationQueue":[],"_animationSpeed":1,"_zoom":20.656},{"_mousePosition":[581,310],"_rootPartCFrame":[754.491,227.709,46.143,0.075,0,0.997,0,1,0,-0.997,0,0.075],"_humanoidState":5,"_cameraCFrame":[761.239,248.723,46.709,0.084,-0.941,0.327,0,0.328,0.945,-0.996,-0.079,0.027],"_shiftlockState":false,"_pose":"FreeFall","_animationQueue":[],"_animationSpeed":1,"_zoom":20.656},{"_mousePosition":[581,310],"_rootPartCFrame":[754.158,228.32,46.117,0.075,0,0.997,0,1,0,-0.997,0,0.075],"_humanoidState":5,"_cameraCFrame":[760.903,249.334,46.734,0.091,-0.941,0.327,0,0.328,0.945,-0.996,-0.086,0.03],"_shiftlockState":false,"_pose":"FreeFall","_animationQueue":[],"_animationSpeed":1,"_zoom":20.656},{"_mousePosition":[581,310],"_rootPartCFrame":[753.892,228.746,46.095,0.076,0,0.997,0,1,0,-0.997,0,0.076],"_humanoidState":5,"_cameraCFrame":[760.63,249.761,46.781,0.101,-0.94,0.326,0,0.328,0.945,-0.995,-0.096,0.033],"_shiftlockState":false,"_pose":"FreeFall","_animationQueue":[],"_animationSpeed":1,"_zoom":20.656},{"_mousePosition":[581,310],"_rootPartCFrame":[753.627,229.119,46.071,0.078,0,0.997,0,1,0,-0.997,0,0.078],"_humanoidState":5,"_cameraCFrame":[760.355,250.133,46.842,0.114,-0.939,0.326,0,0.328,0.945,-0.994,-0.108,0.037],"_shiftlockState":false,"_pose":"FreeFall","_animationQueue":[],"_animationSpeed":1,"_zoom":20.656},{"_mousePosition":[581,310],"_rootPartCFrame":[753.361,229.437,46.044,0.081,0,0.997,0,1,0,-0.997,0,0.081],"_humanoidState":5,"_cameraCFrame":[760.075,250.451,46.934,0.131,-0.937,0.325,0,0.328,0.945,-0.991,-0.124,0.043],"_shiftlockState":false,"_pose":"FreeFall","_animationQueue":[],"_animationSpeed":1,"_zoom":20.656},{"_mousePosition":[581,310],"_rootPartCFrame":[753.096,229.7,46.015,0.085,0,0.996,0,1,0,-0.996,0,0.085],"_humanoidState":5,"_cameraCFrame":[759.801,250.714,46.972,0.141,-0.935,0.325,0,0.328,0.945,-0.99,-0.134,0.046],"_shiftlockState":false,"_pose":"FreeFall","_animationQueue":[],"_animationSpeed":1,"_zoom":20.656},{"_mousePosition":[581,310],"_rootPartCFrame":[752.832,229.909,45.98,0.09,0,0.996,0,1,0,-0.996,0,0.09],"_humanoidState":5,"_cameraCFrame":[759.531,250.923,46.972,0.146,-0.935,0.324,0,0.328,0.945,-0.989,-0.138,0.048],"_shiftlockState":false,"_pose":"FreeFall","_animationQueue":[],"_animationSpeed":1,"_zoom":20.656},{"_mousePosition":[581,310],"_rootPartCFrame":[752.568,230.063,45.943,0.097,0,0.995,0,1,0,-0.995,0,0.097],"_humanoidState":5,"_cameraCFrame":[759.267,251.078,46.935,0.146,-0.935,0.324,0,0.328,0.945,-0.989,-0.138,0.048],"_shiftlockState":false,"_pose":"FreeFall","_animationQueue":[],"_animationSpeed":1,"_zoom":20.656},{"_mousePosition":[581,310],"_rootPartCFrame":[752.304,230.163,45.904,0.104,0,0.995,0,1,0,-0.995,0,0.104],"_humanoidState":5,"_cameraCFrame":[759.001,251.177,46.913,0.149,-0.934,0.324,0,0.328,0.945,-0.989,-0.141,0.049],"_shiftlockState":false,"_pose":"FreeFall","_animationQueue":[],"_animationSpeed":1,"_zoom":20.656},{"_mousePosition":[581,310],"_rootPartCFrame":[752.04,230.209,45.865,0.11,0,0.994,0,1,0,-0.994,0,0.11],"_humanoidState":5,"_cameraCFrame":[758.732,251.223,46.908,0.154,-0.933,0.324,0,0.328,0.945,-0.988,-0.145,0.05],"_shiftlockState":false,"_pose":"FreeFall","_animationQueue":[],"_animationSpeed":1,"_zoom":20.656},{"_mousePosition":[581,310],"_rootPartCFrame":[751.777,230.2,45.825,0.115,0,0.993,0,1,0,-0.993,0,0.115],"_humanoidState":5,"_cameraCFrame":[758.46,251.214,46.919,0.161,-0.932,0.324,0,0.328,0.945,-0.987,-0.153,0.053],"_shiftlockState":false,"_pose":"FreeFall","_animationQueue":[["fall",0.3]],"_animationSpeed":1,"_zoom":20.656},{"_mousePosition":[581,310],"_rootPartCFrame":[751.513,230.136,45.784,0.12,0,0.993,0,1,0,-0.993,0,0.12],"_humanoidState":5,"_cameraCFrame":[758.191,251.15,46.912,0.166,-0.932,0.323,0,0.328,0.945,-0.986,-0.157,0.055],"_shiftlockState":false,"_pose":"FreeFall","_animationQueue":[],"_animationSpeed":1,"_zoom":20.656},{"_mousePosition":[581,310],"_rootPartCFrame":[751.25,230.018,45.742,0.126,0,0.992,0,1,0,-0.992,0,0.126],"_humanoidState":5,"_cameraCFrame":[757.922,251.032,46.903,0.171,-0.931,0.323,0,0.328,0.945,-0.985,-0.162,0.056],"_shiftlockState":false,"_pose":"FreeFall","_animationQueue":[],"_animationSpeed":1,"_zoom":20.656},{"_mousePosition":[581,310],"_rootPartCFrame":[750.987,229.845,45.698,0.131,0,0.991,0,1,0,-0.991,0,0.131],"_humanoidState":5,"_cameraCFrame":[757.656,250.859,46.875,0.174,-0.93,0.323,0,0.328,0.945,-0.985,-0.164,0.057],"_shiftlockState":false,"_pose":"FreeFall","_animationQueue":[],"_animationSpeed":1,"_zoom":20.656},{"_mousePosition":[581,310],"_rootPartCFrame":[750.724,229.618,45.652,0.137,0,0.991,0,1,0,-0.991,0,0.137],"_humanoidState":5,"_cameraCFrame":[757.394,250.632,46.83,0.174,-0.93,0.323,0,0.328,0.945,-0.985,-0.164,0.057],"_shiftlockState":false,"_pose":"FreeFall","_animationQueue":[],"_animationSpeed":1,"_zoom":20.656},{"_mousePosition":[581,310],"_rootPartCFrame":[750.527,229.412,45.617,0.14,0,0.99,0,1,0,-0.99,0,0.14],"_humanoidState":5,"_cameraCFrame":[757.197,250.426,46.795,0.174,-0.93,0.323,0,0.328,0.945,-0.985,-0.164,0.057],"_shiftlockState":false,"_pose":"FreeFall","_animationQueue":[],"_animationSpeed":1,"_zoom":20.656},{"_mousePosition":[581,310],"_rootPartCFrame":[750.265,229.09,45.571,0.145,0,0.989,0,1,0,-0.989,0,0.145],"_humanoidState":5,"_cameraCFrame":[756.934,250.104,46.749,0.174,-0.93,0.323,0,0.328,0.945,-0.985,-0.164,0.057],"_shiftlockState":false,"_pose":"FreeFall","_animationQueue":[],"_animationSpeed":1,"_zoom":20.656},{"_mousePosition":[581,310],"_rootPartCFrame":[750.002,228.713,45.525,0.149,0,0.989,0,1,0,-0.989,0,0.149],"_humanoidState":5,"_cameraCFrame":[756.671,249.727,46.702,0.174,-0.93,0.323,0,0.328,0.945,-0.985,-0.164,0.057],"_shiftlockState":false,"_pose":"FreeFall","_animationQueue":[["fall",0.3]],"_animationSpeed":1,"_zoom":20.656},{"_mousePosition":[581,310],"_rootPartCFrame":[749.739,228.281,45.478,0.153,0,0.988,0,1,0,-0.988,0,0.153],"_humanoidState":5,"_cameraCFrame":[756.446,249.282,46.663,0.174,-0.93,0.325,0,0.33,0.944,-0.985,-0.164,0.057],"_shiftlockState":false,"_pose":"FreeFall","_animationQueue":[],"_animationSpeed":1,"_zoom":20.656},{"_mousePosition":[581,310],"_rootPartCFrame":[749.411,227.665,45.42,0.156,0,0.988,0,1,0,-0.988,0,0.156],"_humanoidState":5,"_cameraCFrame":[756.121,248.666,46.588,0.171,-0.93,0.325,0,0.33,0.944,-0.985,-0.162,0.057],"_shiftlockState":false,"_pose":"FreeFall","_animationQueue":[],"_animationSpeed":1,"_zoom":20.656},{"_mousePosition":[581,310],"_rootPartCFrame":[749.148,227.111,45.374,0.159,0,0.987,0,1,0,-0.987,0,0.159],"_humanoidState":5,"_cameraCFrame":[755.907,248.099,46.48,0.161,-0.931,0.327,0,0.332,0.943,-0.987,-0.152,0.054],"_shiftlockState":false,"_pose":"FreeFall","_animationQueue":[],"_animationSpeed":1,"_zoom":20.656},{"_mousePosition":[581,310],"_rootPartCFrame":[748.886,226.502,45.328,0.161,0,0.987,0,1,0,-0.987,0,0.161],"_humanoidState":5,"_cameraCFrame":[755.655,247.49,46.365,0.151,-0.933,0.328,0,0.332,0.943,-0.988,-0.143,0.05],"_shiftlockState":false,"_pose":"FreeFall","_animationQueue":[],"_animationSpeed":1,"_zoom":20.656},{"_mousePosition":[581,310],"_rootPartCFrame":[748.622,225.839,45.285,0.161,0,0.987,0,1,0,-0.987,0,0.161],"_humanoidState":5,"_cameraCFrame":[755.44,246.814,46.259,0.141,-0.933,0.33,0,0.333,0.943,-0.99,-0.133,0.047],"_shiftlockState":false,"_pose":"FreeFall","_animationQueue":[],"_animationSpeed":1,"_zoom":20.656},{"_mousePosition":[581,310],"_rootPartCFrame":[748.359,225.122,45.244,0.161,0,0.987,0,1,0,-0.987,0,0.161],"_humanoidState":5,"_cameraCFrame":[755.186,246.096,46.149,0.131,-0.935,0.33,0,0.333,0.943,-0.991,-0.124,0.044],"_shiftlockState":false,"_pose":"FreeFall","_animationQueue":[["fall",0.3]],"_animationSpeed":1,"_zoom":20.656},{"_mousePosition":[581,310],"_rootPartCFrame":[748.095,224.35,45.206,0.158,0,0.987,0,1,0,-0.987,0,0.158],"_humanoidState":5,"_cameraCFrame":[754.972,245.31,46.011,0.116,-0.936,0.333,0,0.335,0.942,-0.993,-0.11,0.039],"_shiftlockState":false,"_pose":"FreeFall","_animationQueue":[],"_animationSpeed":1,"_zoom":20.656},{"_mousePosition":[581,310],"_rootPartCFrame":[747.831,223.523,45.17,0.155,0,0.988,0,1,0,-0.988,0,0.155],"_humanoidState":5,"_cameraCFrame":[754.797,244.457,45.861,0.099,-0.936,0.337,0,0.339,0.941,-0.995,-0.093,0.033],"_shiftlockState":false,"_pose":"FreeFall","_animationQueue":[],"_animationSpeed":1,"_zoom":20.656},{"_mousePosition":[581,310],"_rootPartCFrame":[747.632,222.867,45.146,0.152,0,0.988,0,1,0,-0.988,0,0.152],"_humanoidState":7,"_cameraCFrame":[754.687,243.774,45.684,0.076,-0.937,0.342,0,0.343,0.939,-0.997,-0.071,0.026],"_shiftlockState":false,"_pose":"FreeFall","_animationQueue":[["walk",0.1],["fall",0.3],["fall",0.3]],"_animationSpeed":1,"_zoom":20.656},{"_mousePosition":[581,310],"_rootPartCFrame":[747.3,222.461,45.113,0.144,0,0.99,0,1,0,-0.99,0,0.144],"_humanoidState":7,"_cameraCFrame":[754.487,243.325,45.296,0.025,-0.937,0.348,0,0.348,0.937,-1,-0.024,0.009],"_shiftlockState":false,"_pose":"FreeFall","_animationQueue":[],"_animationSpeed":1,"_zoom":20.656},{"_mousePosition":[581,310],"_rootPartCFrame":[747.035,222.548,45.092,0.135,0,0.991,0,1,0,-0.991,0,0.135],"_humanoidState":8,"_cameraCFrame":[754.373,243.356,44.963,-0.018,-0.935,0.355,0,0.355,0.935,-1,0.016,-0.006],"_shiftlockState":false,"_pose":"Running","_animationQueue":[["walk",0.1],["fall",0.3],["walk",0.1]],"_animationSpeed":1.103,"_zoom":20.656},{"_mousePosition":[581,310],"_rootPartCFrame":[746.768,222.625,45.083,0.122,0,0.992,0,1,0,-0.992,0,0.122],"_humanoidState":8,"_cameraCFrame":[754.243,243.375,44.611,-0.063,-0.93,0.362,0,0.363,0.932,-0.998,0.059,-0.023],"_shiftlockState":false,"_pose":"Running","_animationQueue":[["walk",0.1]],"_animationSpeed":1.103,"_zoom":20.656},{"_mousePosition":[581,310],"_rootPartCFrame":[746.501,222.669,45.086,0.105,0,0.994,0,1,0,-0.994,0,0.105],"_humanoidState":8,"_cameraCFrame":[754.065,243.375,44.319,-0.101,-0.925,0.366,0,0.368,0.93,-0.995,0.094,-0.037],"_shiftlockState":false,"_pose":"Running","_animationQueue":[],"_animationSpeed":1.103,"_zoom":20.656},{"_mousePosition":[581,310],"_rootPartCFrame":[746.302,222.69,45.097,0.09,0,0.996,0,1,0,-0.996,0,0.09],"_humanoidState":8,"_cameraCFrame":[753.91,243.366,44.071,-0.134,-0.92,0.368,0,0.372,0.928,-0.991,0.124,-0.05],"_shiftlockState":false,"_pose":"Running","_animationQueue":[],"_animationSpeed":1.103,"_zoom":20.656},{"_mousePosition":[581,310],"_rootPartCFrame":[745.97,222.708,45.129,0.059,0,0.998,0,1,0,-0.998,0,0.059],"_humanoidState":8,"_cameraCFrame":[753.627,243.354,43.919,-0.156,-0.916,0.371,0,0.375,0.927,-0.988,0.145,-0.059],"_shiftlockState":false,"_pose":"Running","_animationQueue":[],"_animationSpeed":1.103,"_zoom":20.656},{"_mousePosition":[581,310],"_rootPartCFrame":[745.706,222.716,45.163,0.034,0,0.999,0,1,0,-0.999,0,0.034],"_humanoidState":8,"_cameraCFrame":[753.387,243.347,43.869,-0.166,-0.913,0.372,0,0.377,0.926,-0.986,0.154,-0.063],"_shiftlockState":false,"_pose":"Running","_animationQueue":[],"_animationSpeed":1.103,"_zoom":20.656},{"_mousePosition":[581,310],"_rootPartCFrame":[745.508,222.72,45.193,0.015,0,1,0,1,0,-1,0,0.015],"_humanoidState":8,"_cameraCFrame":[753.189,243.351,43.9,-0.166,-0.913,0.372,0,0.377,0.926,-0.986,0.154,-0.063],"_shiftlockState":false,"_pose":"Running","_animationQueue":[],"_animationSpeed":1.103,"_zoom":20.656},{"_mousePosition":[581,310],"_rootPartCFrame":[745.179,222.724,45.248,-0.016,0,1,0,1,0,-1,0,-0.016],"_humanoidState":8,"_cameraCFrame":[752.854,243.355,43.916,-0.171,-0.913,0.372,0,0.377,0.926,-0.985,0.158,-0.065],"_shiftlockState":false,"_pose":"Running","_animationQueue":[],"_animationSpeed":1.103,"_zoom":20.656},{"_mousePosition":[581,310],"_rootPartCFrame":[744.916,222.726,45.293,-0.037,0,0.999,0,1,0,-0.999,0,-0.037],"_humanoidState":8,"_cameraCFrame":[752.591,243.357,43.96,-0.171,-0.913,0.372,0,0.377,0.926,-0.985,0.158,-0.065],"_shiftlockState":false,"_pose":"Running","_animationQueue":[["walk",0.1]],"_animationSpeed":1.103,"_zoom":20.656},{"_mousePosition":[581,310],"_rootPartCFrame":[744.719,222.727,45.327,-0.052,0,0.999,0,1,0,-0.999,0,-0.052],"_humanoidState":8,"_cameraCFrame":[752.394,243.358,43.994,-0.171,-0.913,0.372,0,0.377,0.926,-0.985,0.158,-0.065],"_shiftlockState":false,"_pose":"Running","_animationQueue":[],"_animationSpeed":1.103,"_zoom":20.656},{"_mousePosition":[581,310],"_rootPartCFrame":[744.391,222.728,45.384,-0.072,0,0.997,0,1,0,-0.997,0,-0.072],"_humanoidState":8,"_cameraCFrame":[752.065,243.359,44.051,-0.171,-0.913,0.372,0,0.377,0.926,-0.985,0.158,-0.065],"_shiftlockState":false,"_pose":"Running","_animationQueue":[],"_animationSpeed":1.103,"_zoom":20.656},{"_mousePosition":[581,310],"_rootPartCFrame":[744.194,222.729,45.418,-0.083,0,0.997,0,1,0,-0.997,0,-0.083],"_humanoidState":8,"_cameraCFrame":[751.868,243.36,44.085,-0.171,-0.913,0.372,0,0.377,0.926,-0.985,0.158,-0.065],"_shiftlockState":false,"_pose":"Running","_animationQueue":[],"_animationSpeed":1.103,"_zoom":20.656},{"_mousePosition":[581,310],"_rootPartCFrame":[743.865,222.729,45.475,-0.098,0,0.995,0,1,0,-0.995,0,-0.098],"_humanoidState":8,"_cameraCFrame":[751.54,243.36,44.142,-0.171,-0.913,0.372,0,0.377,0.926,-0.985,0.158,-0.065],"_shiftlockState":false,"_pose":"Running","_animationQueue":[],"_animationSpeed":1.103,"_zoom":20.656},{"_mousePosition":[581,310],"_rootPartCFrame":[743.603,222.729,45.521,-0.109,0,0.994,0,1,0,-0.994,0,-0.109],"_humanoidState":8,"_cameraCFrame":[751.277,243.36,44.188,-0.171,-0.913,0.372,0,0.377,0.926,-0.985,0.158,-0.065],"_shiftlockState":false,"_pose":"Running","_animationQueue":[],"_animationSpeed":1.103,"_zoom":20.656},{"_mousePosition":[581,310],"_rootPartCFrame":[743.406,222.729,45.555,-0.116,0,0.993,0,1,0,-0.993,0,-0.116],"_humanoidState":8,"_cameraCFrame":[751.117,243.345,44.216,-0.171,-0.912,0.373,0,0.379,0.925,-0.985,0.158,-0.065],"_shiftlockState":false,"_pose":"Running","_animationQueue":[],"_animationSpeed":1.103,"_zoom":20.656},{"_mousePosition":[581,310],"_rootPartCFrame":[743.077,222.729,45.612,-0.125,0,0.992,0,1,0,-0.992,0,-0.125],"_humanoidState":8,"_cameraCFrame":[750.789,243.345,44.273,-0.171,-0.912,0.373,0,0.379,0.925,-0.985,0.158,-0.065],"_shiftlockState":false,"_pose":"Running","_animationQueue":[["walk",0.1]],"_animationSpeed":1.103,"_zoom":20.656},{"_mousePosition":[581,310],"_rootPartCFrame":[742.815,222.721,45.657,-0.131,0,0.991,0,1,0,-0.991,0,-0.131],"_humano