[{"_mousePosition":[559,281],"_rootPartCFrame":[776.028,222.7,47.142,0,0,1,0,1,0,-1,0,0],"_humanoidState":8,"_cameraCFrame":[784.48,243.043,46.71,-0.051,-0.911,0.409,0,0.41,0.912,-0.999,0.047,-0.021],"_shiftlockState":false,"_pose":"Standing","_animationQueue":[],"_animationSpeed":1,"_zoom":20.656},{"_mousePosition":[559,281],"_rootPartCFrame":[775.326,222.698,47.174,-0.017,0,1,0,1,0,-1,0,-0.017],"_humanoidState":8,"_cameraCFrame":[783.588,243.122,46.647,-0.064,-0.914,0.4,0,0.401,0.916,-0.998,0.058,-0.026],"_shiftlockState":false,"_pose":"Standing","_animationQueue":[],"_animationSpeed":1,"_zoom":20.656},{"_mousePosition":[559,281],"_rootPartCFrame":[775.059,222.699,47.188,-0.021,0,1,0,1,0,-1,0,-0.021],"_humanoidState":8,"_cameraCFrame":[783.282,243.139,46.622,-0.069,-0.915,0.398,0,0.399,0.917,-0.998,0.063,-0.027],"_shiftlockState":false,"_pose":"Running","_animationQueue":[["walk",0.1]],"_animationSpeed":1.103,"_zoom":20.656},{"_mousePosition":[559,281],"_rootPartCFrame":[774.793,222.699,47.205,-0.027,0,1,0,1,0,-1,0,-0.027],"_humanoidState":8,"_cameraCFrame":[782.939,243.171,46.602,-0.074,-0.916,0.394,0,0.395,0.918,-0.997,0.068,-0.029],"_shiftlockState":false,"_pose":"Running","_animationQueue":[],"_animationSpeed":1.103,"_zoom":20.656},{"_mousePosition":[559,281],"_rootPartCFrame":[774.527,222.699,47.223,-0.033,0,0.999,0,1,0,-0.999,0,-0.033],"_humanoidState":8,"_cameraCFrame":[782.596,243.203,46.585,-0.079,-0.917,0.391,0,0.392,0.92,-0.997,0.072,-0.031],"_shiftlockState":false,"_pose":"Running","_animationQueue":[["walk",0.1]],"_animationSpeed":1.103,"_zoom":20.656},{"_mousePosition":[559,281],"_rootPartCFrame":[774.261,222.699,47.242,-0.038,0,0.999,0,1,0,-0.999,0,-0.038],"_humanoidState":8,"_cameraCFrame":[782.288,243.219,46.546,-0.086,-0.917,0.389,0,0.39,0.921,-0.996,0.08,-0.034],"_shiftlockState":false,"_pose":"Running","_animationQueue":[],"_animationSpeed":1.103,"_zoom":20.656},{"_mousePosition":[559,281],"_rootPartCFrame":[773.995,222.7,47.263,-0.044,0,0.999,0,1,0,-0.999,0,-0.044],"_humanoidState":8,"_cameraCFrame":[781.945,243.251,46.534,-0.091,-0.918,0.385,0,0.386,0.922,-0.996,0.084,-0.035],"_shiftlockState":false,"_pose":"Running","_animationQueue":[],"_animationSpeed":1.103,"_zoom":20.656},{"_mousePosition":[559,281],"_rootPartCFrame":[773.729,223.562,47.284,-0.049,0,0.999,0,1,0,-0.999,0,-0.049],"_humanoidState":3,"_cameraCFrame":[781.636,244.129,46.498,-0.099,-0.919,0.383,0,0.385,0.923,-0.995,0.091,-0.038],"_shiftlockState":false,"_pose":"Jumping","_animationQueue":[["walk",0.1],["jump",0.1]],"_animationSpeed":1,"_zoom":20.656},{"_mousePosition":[559,281],"_rootPartCFrame":[773.464,224.371,47.308,-0.055,0,0.999,0,1,0,-0.999,0,-0.055],"_humanoidState":5,"_cameraCFrame":[781.291,244.968,46.47,-0.107,-0.919,0.379,0,0.381,0.925,-0.994,0.098,-0.041],"_shiftlockState":false,"_pose":"FreeFall","_animationQueue":[["jump",0.1]],"_animationSpeed":1,"_zoom":20.656},{"_mousePosition":[559,281],"_rootPartCFrame":[773.265,224.941,47.328,-0.059,0,0.998,0,1,0,-0.998,0,-0.059],"_humanoidState":5,"_cameraCFrame":[781.05,245.554,46.454,-0.112,-0.92,0.377,0,0.379,0.925,-0.994,0.103,-0.042],"_shiftlockState":false,"_pose":"FreeFall","_animationQueue":[],"_animationSpeed":1,"_zoom":20.656},{"_mousePosition":[559,281],"_rootPartCFrame":[773,225.654,47.356,-0.065,0,0.998,0,1,0,-0.998,0,-0.065],"_humanoidState":5,"_cameraCFrame":[780.741,246.282,46.427,-0.119,-0.919,0.375,0,0.377,0.926,-0.993,0.11,-0.045],"_shiftlockState":false,"_pose":"FreeFall","_animationQueue":[],"_animationSpeed":1,"_zoom":20.656},{"_mousePosition":[559,281],"_rootPartCFrame":[772.735,226.313,47.385,-0.071,0,0.997,0,1,0,-0.997,0,-0.071],"_humanoidState":5,"_cameraCFrame":[780.397,246.971,46.427,-0.124,-0.92,0.371,0,0.374,0.927,-0.992,0.115,-0.046],"_shiftlockState":false,"_pose":"FreeFall","_animationQueue":[],"_animationSpeed":1,"_zoom":20.656},{"_mousePosition":[559,281],"_rootPartCFrame":[772.47,226.917,47.417,-0.078,0,0.997,0,1,0,-0.997,0,-0.078],"_humanoidState":5,"_cameraCFrame":[780.088,247.59,46.405,-0.132,-0.92,0.369,0,0.372,0.928,-0.991,0.122,-0.049],"_shiftlockState":false,"_pose":"FreeFall","_animationQueue":[],"_animationSpeed":1,"_zoom":20.656},{"_mousePosition":[559,281],"_rootPartCFrame":[772.139,227.595,47.458,-0.085,0,0.996,0,1,0,-0.996,0,-0.085],"_humanoidState":5,"_cameraCFrame":[779.755,248.269,46.427,-0.134,-0.92,0.369,0,0.372,0.928,-0.991,0.125,-0.05],"_shiftlockState":false,"_pose":"FreeFall","_animationQueue":[],"_animationSpeed":1,"_zoom":20.656},{"_mousePosition":[559,281],"_rootPartCFrame":[771.941,227.962,47.484,-0.09,0,0.996,0,1,0,-0.996,0,-0.09],"_humanoidState":5,"_cameraCFrame":[779.556,248.635,46.453,-0.134,-0.92,0.369,0,0.372,0.928,-0.991,0.125,-0.05],"_shiftlockState":false,"_pose":"FreeFall","_animationQueue":[],"_animationSpeed":1,"_zoom":20.656},{"_mousePosition":[559,281],"_rootPartCFrame":[771.676,228.402,47.519,-0.096,0,0.995,0,1,0,-0.995,0,-0.096],"_humanoidState":5,"_cameraCFrame":[779.292,249.075,46.489,-0.134,-0.92,0.369,0,0.372,0.928,-0.991,0.125,-0.05],"_shiftlockState":false,"_pose":"FreeFall","_animationQueue":[],"_animationSpeed":1,"_zoom":20.656},{"_mousePosition":[559,281],"_rootPartCFrame":[771.412,228.788,47.555,-0.101,0,0.995,0,1,0,-0.995,0,-0.101],"_humanoidState":5,"_cameraCFrame":[779.028,249.461,46.524,-0.134,-0.92,0.369,0,0.372,0.928,-0.991,0.125,-0.05],"_shiftlockState":false,"_pose":"FreeFall","_animationQueue":[],"_animationSpeed":1,"_zoom":20.656},{"_mousePosition":[559,281],"_rootPartCFrame":[771.148,229.12,47.591,-0.106,0,0.994,0,1,0,-0.994,0,-0.106],"_humanoidState":5,"_cameraCFrame":[778.764,249.793,46.56,-0.134,-0.92,0.369,0,0.372,0.928,-0.991,0.125,-0.05],"_shiftlockState":false,"_pose":"FreeFall","_animationQueue":[],"_animationSpeed":1,"_zoom":20.656},{"_mousePosition":[559,281],"_rootPartCFrame":[770.884,229.397,47.627,-0.11,0,0.994,0,1,0,-0.994,0,-0.11],"_humanoidState":5,"_cameraCFrame":[778.5,250.07,46.596,-0.134,-0.92,0.369,0,0.372,0.928,-0.991,0.125,-0.05],"_shiftlockState":false,"_pose":"FreeFall","_animationQueue":[],"_animationSpeed":1,"_zoom":20.656},{"_mousePosition":[559,281],"_rootPartCFrame":[770.554,229.666,47.671,-0.114,0,0.993,0,1,0,-0.993,0,-0.114],"_humanoidState":5,"_cameraCFrame":[778.169,250.339,46.641,-0.134,-0.92,0.369,0,0.372,0.928,-0.991,0.125,-0.05],"_shiftlockState":false,"_pose":"FreeFall","_animationQueue":[],"_animationSpeed":1,"_zoom":20.656},{"_mousePosition":[559,281],"_rootPartCFrame":[770.356,229.787,47.698,-0.116,0,0.993,0,1,0,-0.993,0,-0.116],"_humanoidState":5,"_cameraCFrame":[777.971,250.46,46.667,-0.134,-0.92,0.369,0,0.372,0.928,-0.991,0.125,-0.05],"_shiftlockState":false,"_pose":"FreeFall","_animationQueue":[],"_animationSpeed":1,"_zoom":20.656},{"_mousePosition":[559,281],"_rootPartCFrame":[770.091,229.901,47.734,-0.119,0,0.993,0,1,0,-0.993,0,-0.119],"_humanoidState":5,"_cameraCFrame":[777.707,250.574,46.703,-0.134,-0.92,0.369,0,0.372,0.928,-0.991,0.125,-0.05],"_shiftlockState":false,"_pose":"FreeFall","_animationQueue":[],"_animationSpeed":1,"_zoom":20.656},{"_mousePosition":[559,281],"_rootPartCFrame":[769.827,229.96,47.77,-0.121,0,0.993,0,1,0,-0.993,0,-0.121],"_humanoidState":5,"_cameraCFrame":[777.443,250.633,46.739,-0.134,-0.92,0.369,0,0.372,0.928,-0.991,0.125,-0.05],"_shiftlockState":false,"_pose":"FreeFall","_animationQueue":[],"_animationSpeed":1,"_zoom":20.656},{"_mousePosition":[559,281],"_rootPartCFrame":[769.563,229.964,47.806,-0.123,0,0.992,0,1,0,-0.992,0,-0.123],"_humanoidState":5,"_cameraCFrame":[777.179,250.637,46.775,-0.134,-0.92,0.369,0,0.372,0.928,-0.991,0.125,-0.05],"_shiftlockState":false,"_pose":"FreeFall","_animationQueue":[],"_animationSpeed":1,"_zoom":20.656},{"_mousePosition":[559,281],"_rootPartCFrame":[769.299,229.914,47.841,-0.124,0,0.992,0,1,0,-0.992,0,-0.124],"_humanoidState":5,"_cameraCFrame":[776.915,250.587,46.81,-0.134,-0.92,0.369,0,0.372,0.928,-0.991,0.125,-0.05],"_shiftlockState":false,"_pose":"FreeFall","_animationQueue":[["fall",0.3]],"_animationSpeed":1,"_zoom":20.656},{"_mousePosition":[559,281],"_rootPartCFrame":[769.035,229.81,47.877,-0.126,0,0.992,0,1,0,-0.992,0,-0.126],"_humanoidState":5,"_cameraCFrame":[776.65,250.483,46.846,-0.134,-0.92,0.369,0,0.372,0.928,-0.991,0.125,-0.05],"_shiftlockState":false,"_pose":"FreeFall","_animationQueue":[],"_animationSpeed":1,"_zoom":20.656},{"_mousePosition":[559,281],"_rootPartCFrame":[768.771,229.651,47.913,-0.127,0,0.992,0,1,0,-0.992,0,-0.127],"_humanoidState":5,"_cameraCFrame":[776.386,250.324,46.882,-0.134,-0.92,0.369,0,0.372,0.928,-0.991,0.125,-0.05],"_shiftlockState":false,"_pose":"FreeFall","_animationQueue":[],"_animationSpeed":1,"_zoom":20.656},{"_mousePosition":[559,281],"_rootPartCFrame":[768.507,229.437,47.949,-0.128,0,0.992,0,1,0,-0.992,0,-0.128],"_humanoidState":5,"_cameraCFrame":[776.122,250.11,46.918,-0.134,-0.92,0.369,0,0.372,0.928,-0.991,0.125,-0.05],"_shiftlockState":false,"_pose":"FreeFall","_animationQueue":[],"_animationSpeed":1,"_zoom":20.656},{"_mousePosition":[559,281],"_rootPartCFrame":[768.242,229.169,47.984,-0.129,0,0.992,0,1,0,-0.992,0,-0.129],"_humanoidState":5,"_cameraCFrame":[775.858,249.842,46.954,-0.134,-0.92,0.369,0,0.372,0.928,-0.991,0.125,-0.05],"_shiftlockState":false,"_pose":"FreeFall","_animationQueue":[],"_animationSpeed":1,"_zoom":20.656},{"_mousePosition":[559,281],"_rootPartCFrame":[767.978,228.847,48.02,-0.13,0,0.992,0,1,0,-0.992,0,-0.13],"_humanoidState":5,"_cameraCFrame":[775.591,249.52,46.97,-0.137,-0.92,0.369,0,0.372,0.928,-0.991,0.127,-0.051],"_shiftlockState":false,"_pose":"FreeFall","_animationQueue":[],"_animationSpeed":1,"_zoom":20.656},{"_mousePosition":[559,281],"_rootPartCFrame":[767.714,228.47,48.056,-0.13,0,0.991,0,1,0,-0.991,0,-0.13],"_humanoidState":5,"_cameraCFrame":[775.327,249.143,47.006,-0.137,-0.92,0.369,0,0.372,0.928,-0.991,0.127,-0.051],"_shiftlockState":false,"_pose":"FreeFall","_animationQueue":[["fall",0.3]],"_animationSpeed":1,"_zoom":20.656},{"_mousePosition":[559,281],"_rootPartCFrame":[767.45,228.038,48.092,-0.131,0,0.991,0,1,0,-0.991,0,-0.131],"_humanoidState":5,"_cameraCFrame":[775.063,248.712,47.042,-0.137,-0.92,0.369,0,0.372,0.928,-0.991,0.127,-0.051],"_shiftlockState":false,"_pose":"FreeFall","_animationQueue":[],"_animationSpeed":1,"_zoom":20.656},{"_mousePosition":[559,281],"_rootPartCFrame":[767.186,227.552,48.129,-0.132,0,0.991,0,1,0,-0.991,0,-0.132],"_humanoidState":5,"_cameraCFrame":[774.799,248.226,47.079,-0.137,-0.92,0.369,0,0.372,0.928,-0.991,0.127,-0.051],"_shiftlockState":false,"_pose":"FreeFall","_animationQueue":[],"_animationSpeed":1,"_zoom":20.656},{"_mousePosition":[559,281],"_rootPartCFrame":[766.922,227.012,48.165,-0.132,0,0.991,0,1,0,-0.991,0,-0.132],"_humanoidState":5,"_cameraCFrame":[774.534,247.685,47.115,-0.137,-0.92,0.369,0,0.372,0.928,-0.991,0.127,-0.051],"_shiftlockState":false,"_pose":"FreeFall","_animationQueue":[],"_animationSpeed":1,"_zoom":20.656},{"_mousePosition":[559,281],"_rootPartCFrame":[766.657,226.417,48.202,-0.133,0,0.991,0,1,0,-0.991,0,-0.133],"_humanoidState":5,"_cameraCFrame":[774.27,247.09,47.151,-0.137,-0.92,0.369,0,0.372,0.928,-0.991,0.127,-0.051],"_shiftlockState":false,"_pose":"FreeFall","_animationQueue":[],"_animationSpeed":1,"_zoom":20.656},{"_mousePosition":[559,281],"_rootPartCFrame":[766.393,225.767,48.238,-0.134,0,0.991,0,1,0,-0.991,0,-0.134],"_humanoidState":5,"_cameraCFrame":[774.006,246.441,47.188,-0.137,-0.92,0.369,0,0.372,0.928,-0.991,0.127,-0.051],"_shiftlockState":false,"_pose":"FreeFall","_animationQueue":[],"_animationSpeed":1,"_zoom":20.656},{"_mousePosition":[559,281],"_rootPartCFrame":[766.129,225.063,48.274,-0.134,0,0.991,0,1,0,-0.991,0,-0.134],"_humanoidState":5,"_cameraCFrame":[773.742,245.737,47.224,-0.137,-0.92,0.369,0,0.372,0.928,-0.991,0.127,-0.051],"_shiftlockState":false,"_pose":"FreeFall","_animationQueue":[],"_animationSpeed":1,"_zoom":20.656},{"_mousePosition":[559,281],"_rootPartCFrame":[765.865,224.305,48.311,-0.134,0,0.991,0,1,0,-0.991,0,-0.134],"_humanoidState":5,"_cameraCFrame":[773.478,244.978,47.261,-0.137,-0.92,0.369,0,0.372,0.928,-0.991,0.127,-0.051],"_shiftlockState":false,"_pose":"FreeFall","_animationQueue":[["fall",0.3]],"_animationSpeed":1,"_zoom":20.656},{"_mousePosition":[559,281],"_rootPartCFrame":[765.535,223.28,48.356,-0.135,0,0.991,0,1,0,-0.991,0,-0.135],"_humanoidState":5,"_cameraCFrame":[773.148,243.953,47.306,-0.137,-0.92,0.369,0,0.372,0.928,-0.991,0.127,-0.051],"_shiftlockState":false,"_pose":"FreeFall","_animationQueue":[],"_animationSpeed":1,"_zoom":20.656},{"_mousePosition":[559,281],"_rootPartCFrame":[765.271,222.508,48.393,-0.135,0,0.991,0,1,0,-0.991,0,-0.135],"_humanoidState":7,"_cameraCFrame":[772.883,243.181,47.343,-0.137,-0.92,0.369,0,0.372,0.928,-0.991,0.127,-0.051],"_shiftlockState":false,"_pose":"FreeFall","_animationQueue":[["walk",0.1],["fall",0.3],["fall",0.3]],"_animationSpeed":1,"_zoom":20.656},{"_mousePosition":[559,281],"_rootPartCFrame":[765.006,222.46,48.429,-0.135,0,0.991,0,1,0,-0.991,0,-0.135],"_humanoidState":7,"_cameraCFrame":[772.619,243.133,47.379,-0.137,-0.92,0.369,0,0.372,0.928,-0.991,0.127,-0.051],"_shiftlockState":false,"_pose":"FreeFall","_animationQueue":[],"_animationSpeed":1,"_zoom":20.656},{"_mousePosition":[559,281],"_rootPartCFrame":[764.808,222.527,48.457,-0.135,0,0.991,0,1,0,-0.991,0,-0.135],"_humanoidState":7,"_cameraCFrame":[772.421,243.2,47.407,-0.137,-0.92,0.369,0,0.372,0.928,-0.991,0.127,-0.051],"_shiftlockState":false,"_pose":"FreeFall","_animationQueue":[],"_animationSpeed":1,"_zoom":20.656},{"_mousePosition":[559,281],"_rootPartCFrame":[764.478,222.614,48.502,-0.136,0,0.991,0,1,0,-0.991,0,-0.136],"_humanoidState":8,"_cameraCFrame":[772.091,243.287,47.452,-0.137,-0.92,0.369,0,0.372,0.928,-0.991,0.127,-0.051],"_shiftlockState":false,"_pose":"Running","_animationQueue":[["walk",0.1],["fall",0.3],["walk",0.1]],"_animationSpeed":1.103,"_zoom":20.656},{"_mousePosition":[559,281],"_rootPartCFrame":[764.214,223.487,48.539,-0.136,0,0.991,0,1,0,-0.991,0,-0.136],"_humanoidState":3,"_cameraCFrame":[771.827,244.16,47.489,-0.137,-0.92,0.369,0,0.372,0.928,-0.991,0.127,-0.051],"_shiftlockState":false,"_pose":"Jumping","_animationQueue":[["walk",0.1],["walk",0.1],["jump",0.1]],"_animationSpeed":1,"_zoom":20.656},{"_mousePosition":[559,281],"_rootPartCFrame":[763.95,224.309,48.575,-0.136,0,0.991,0,1,0,-0.991,0,-0.136],"_humanoidState":5,"_cameraCFrame":[771.563,244.982,47.525,-0.137,-0.92,0.369,0,0.372,0.928,-0.991,0.127,-0.051],"_shiftlockState":false,"_pose":"FreeFall","_animationQueue":[["jump",0.1]],"_animationSpeed":1,"_zoom":20.656},{"_mousePosition":[559,281],"_rootPartCFrame":[763.686,225.077,48.612,-0.136,0,0.991,0,1,0,-0.991,0,-0.136],"_humanoidState":5,"_cameraCFrame":[771.299,245.75,47.561,-0.137,-0.92,0.369,0,0.372,0.928,-0.991,0.127,-0.051],"_shiftlockState":false,"_pose":"FreeFall","_animationQueue":[],"_animationSpeed":1,"_zoom":20.656},{"_mousePosition":[559,281],"_rootPartCFrame":[763.355,225.959,48.657,-0.136,0,0.991,0,1,0,-0.991,0,-0.136],"_humanoidState":5,"_cameraCFrame":[770.968,246.633,47.607,-0.137,-0.92,0.369,0,0.372,0.928,-0.991,0.127,-0.051],"_shiftlockState":false,"_pose":"FreeFall","_animationQueue":[],"_animationSpeed":1,"_zoom":20.656},{"_mousePosition":[559,281],"_rootPartCFrame":[763.157,226.448,48.684,-0.136,0,0.991,0,1,0,-0.991,0,-0.136],"_humanoidState":5,"_cameraCFrame":[770.768,247.121,47.615,-0.139,-0.919,0.368,0,0.372,0.928,-0.99,0.129,-0.052],"_shiftlockState":false,"_pose":"FreeFall","_animationQueue":[],"_animationSpeed":1,"_zoom":20.656},{"_mousePosition":[559,281],"_rootPartCFrame":[762.893,227.052,48.721,-0.136,0,0.991,0,1,0,-0.991,0,-0.136],"_humanoidState":5,"_cameraCFrame":[770.501,247.725,47.632,-0.142,-0.919,0.368,0,0.372,0.928,-0.99,0.131,-0.053],"_shiftlockState":false,"_pose":"FreeFall","_animationQueue":[],"_animationSpeed":1,"_zoom":20.656},{"_mousePosition":[559,281],"_rootPartCFrame":[762.629,227.602,48.758,-0.137,0,0.991,0,1,0,-0.991,0,-0.137],"_humanoidState":5,"_cameraCFrame":[770.194,248.29,47.636,-0.147,-0.919,0.366,0,0.37,0.929,-0.989,0.136,-0.054],"_shiftlockState":false,"_pose":"FreeFall","_animationQueue":[],"_animationSpeed":1,"_zoom":20.656},{"_mousePosition":[559,281],"_rootPartCFrame":[762.365,228.097,48.796,-0.137,0,0.991,0,1,0,-0.991,0,-0.137],"_humanoidState":5,"_cameraCFrame":[769.884,248.8,47.622,-0.154,-0.919,0.364,0,0.368,0.93,-0.988,0.143,-0.057],"_shiftlockState":false,"_pose":"FreeFall","_animationQueue":[],"_animationSpeed":1,"_zoom":20.656},{"_mousePosition":[559,281],"_rootPartCFrame":[762.101,228.537,48.834,-0.138,0,0.99,0,1,0,-0.99,0,-0.138],"_humanoidState":5,"_cameraCFrame":[769.537,249.27,47.616,-0.162,-0.919,0.36,0,0.365,0.931,-0.987,0.151,-0.059],"_shiftlockState":false,"_pose":"FreeFall","_animationQueue":[],"_animationSpeed":1,"_zoom":20.656},{"_mousePosition":[559,281],"_rootPartCFrame":[761.838,228.923,48.875,-0.14,0,0.99,0,1,0,-0.99,0,-0.14],"_humanoidState":5,"_cameraCFrame":[769.191,249.685,47.613,-0.169,-0.919,0.356,0,0.361,0.933,-0.986,0.158,-0.061],"_shiftlockState":false,"_pose":"FreeFall","_animationQueue":[],"_animationSpeed":1,"_zoom":20.656},{"_mousePosition":[559,281],"_rootPartCFrame":[761.575,229.255,48.918,-0.143,0,0.99,0,1,0,-0.99,0,-0.143],"_humanoidState":5,"_cameraCFrame":[768.884,250.031,47.625,-0.174,-0.919,0.354,0,0.359,0.933,-0.985,0.163,-0.063],"_shiftlockState":false,"_pose":"FreeFall","_animationQueue":[],"_animationSpeed":1,"_zoom":20.656},{"_mousePosition":[559,281],"_rootPartCFrame":[761.312,229.532,48.963,-0.146,0,0.989,0,1,0,-0.989,0,-0.146],"_humanoidState":5,"_cameraCFrame":[768.621,250.308,47.67,-0.174,-0.919,0.354,0,0.359,0.933,-0.985,0.163,-0.063],"_shiftlockState":false,"_pose":"FreeFall","_animationQueue":[],"_animationSpeed":1,"_zoom":20.656},{"_mousePosition":[559,281],"_rootPartCFrame":[761.049,229.754,49.009,-0.15,0,0.989,0,1,0,-0.989,0,-0.15],"_humanoidState":5,"_cameraCFrame":[768.358,250.531,47.716,-0.174,-0.919,0.354,0,0.359,0.933,-0.985,0.163,-0.063],"_shiftlockState":false,"_pose":"FreeFall","_animationQueue":[],"_animationSpeed":1,"_zoom":20.656},{"_mousePosition":[559,281],"_rootPartCFrame":[760.786,229.922,49.056,-0.153,0,0.988,0,1,0,-0.988,0,-0.153],"_humanoidState":5,"_cameraCFrame":[768.096,250.699,47.763,-0.174,-0.919,0.354,0,0.359,0.933,-0.985,0.163,-0.063],"_shiftlockState":false,"_pose":"FreeFall","_animationQueue":[],"_animationSpeed":1,"_zoom":20.656},{"_mousePosition":[559,281],"_rootPartCFrame":[760.524,230.036,49.102,-0.156,0,0.988,0,1,0,-0.988,0,-0.156],"_humanoidState":5,"_cameraCFrame":[767.796,250.827,47.816,-0.174,-0.92,0.352,0,0.358,0.934,-0.985,0.163,-0.062],"_shiftlockState":false,"_pose":"FreeFall","_animationQueue":[],"_animationSpeed":1,"_zoom":20.656},{"_mousePosition":[559,281],"_rootPartCFrame":[760.261,230.095,49.148,-0.159,0,0.987,0,1,0,-0.987,0,-0.159],"_humanoidState":5,"_cameraCFrame":[767.496,250.9,47.869,-0.174,-0.92,0.35,0,0.356,0.935,-0.985,0.163,-0.062],"_shiftlockState":false,"_pose":"FreeFall","_animationQueue":[],"_animationSpeed":1,"_zoom":20.656},{"_mousePosition":[559,281],"_rootPartCFrame":[759.998,230.099,49.195,-0.161,0,0.987,0,1,0,-0.987,0,-0.161],"_humanoidState":5,"_cameraCFrame":[767.196,250.919,47.922,-0.174,-0.921,0.348,0,0.354,0.935,-0.985,0.163,-0.062],"_shiftlockState":false,"_pose":"FreeFall","_animationQueue":[],"_animationSpeed":1,"_zoom":20.656},{"_mousePosition":[559,281],"_rootPartCFrame":[759.735,230.049,49.241,-0.163,0,0.987,0,1,0,-0.987,0,-0.163],"_humanoidState":5,"_cameraCFrame":[766.9,250.883,47.993,-0.172,-0.922,0.347,0,0.352,0.936,-0.985,0.161,-0.06],"_shiftlockState":false,"_pose":"FreeFall","_animationQueue":[],"_animationSpeed":1,"_zoom":20.656},{"_mousePosition":[559,281],"_rootPartCFrame":[759.407,229.91,49.299,-0.165,0,0.986,0,1,0,-0.986,0,-0.165],"_humanoidState":5,"_cameraCFrame":[766.544,250.758,48.112,-0.164,-0.924,0.345,0,0.35,0.937,-0.986,0.154,-0.057],"_shiftlockState":false,"_pose":"FreeFall","_animationQueue":[],"_animationSpeed":1,"_zoom":20.656},{"_mousePosition":[559,281],"_rootPartCFrame":[759.144,229.738,49.345,-0.166,0,0.986,0,1,0,-0.986,0,-0.166],"_humanoidState":5,"_cameraCFrame":[766.258,250.599,48.254,-0.152,-0.926,0.344,0,0.348,0.937,-0.988,0.142,-0.053],"_shiftlockState":false,"_pose":"FreeFall","_animationQueue":[],"_animationSpeed":1,"_zoom":20.656},{"_mousePosition":[559,281],"_rootPartCFrame":[758.947,229.572,49.378,-0.166,0,0.986,0,1,0,-0.986,0,-0.166],"_humanoidState":5,"_cameraCFrame":[766.042,250.448,48.418,-0.134,-0.93,0.343,0,0.347,0.938,-0.991,0.126,-0.046],"_shiftlockState":false,"_pose":"FreeFall","_animationQueue":[["fall",0.3]],"_animationSpeed":1,"_zoom":20.656},{"_mousePosition":[559,281],"_rootPartCFrame":[758.684,229.305,49.419,-0.165,0,0.986,0,1,0,-0.986,0,-0.165],"_humanoidState":5,"_cameraCFrame":[765.761,250.194,48.625,-0.112,-0.933,0.343,0,0.345,0.939,-0.994,0.105,-0.038],"_shiftlockState":false,"_pose":"FreeFall","_animationQueue":[],"_animationSpeed":1,"_zoom":20.656},{"_mousePosition":[559,281],"_rootPartCFrame":[758.42,228.982,49.456,-0.161,0,0.987,0,1,0,-0.987,0,-0.161],"_humanoidState":5,"_cameraCFrame":[765.519,249.872,48.895,-0.079,-0.936,0.344,0,0.345,0.939,-0.997,0.074,-0.027],"_shiftlockState":false,"_pose":"FreeFall","_animationQueue":[],"_animationSpeed":1,"_zoom":20.656},{"_mousePosition":[559,281],"_rootPartCFrame":[758.155,228.605,49.486,-0.156,0,0.988,0,1,0,-0.988,0,-0.156],"_humanoidState":5,"_cameraCFrame":[765.269,249.495,49.177,-0.043,-0.938,0.344,0,0.345,0.939,-0.999,0.041,-0.015],"_shiftlockState":false,"_pose":"FreeFall","_animationQueue":[],"_animationSpeed":1,"_zoom":20.656},{"_mousePosition":[559,281],"_rootPartCFrame":[757.823,228.057,49.514,-0.144,0,0.99,0,1,0,-0.99,0,-0.144],"_humanoidState":5,"_cameraCFrame":[764.944,248.947,49.457,-0.008,-0.939,0.345,0,0.345,0.939,-1,0.008,-0.003],"_shiftlockState":false,"_pose":"FreeFall","_animationQueue":[],"_animationSpeed":1,"_zoom":20.656},{"_mousePosition":[559,281],"_rootPartCFrame":[757.623,227.688,49.524,-0.135,0,0.991,0,1,0,-0.991,0,-0.135],"_humanoidState":5,"_cameraCFrame":[764.742,248.577,49.719,0.027,-0.938,0.345,0,0.345,0.939,-1,-0.026,0.009],"_shiftlockState":false,"_pose":"FreeFall","_animationQueue":[],"_animationSpeed":1,"_zoom":20.656},{"_mousePosition":[559,281],"_rootPartCFrame":[757.356,227.147,49.528,-0.12,0,0.993,0,1,0,-0.993,0,-0.12],"_humanoidState":5,"_cameraCFrame":[764.462,248.037,49.993,0.065,-0.937,0.344,0,0.345,0.939,-0.998,-0.061,0.023],"_shiftlockState":false,"_pose":"FreeFall","_animationQueue":[],"_animationSpeed":1,"_zoom":20.656},{"_mousePosition":[559,281],"_rootPartCFrame":[757.09,226.552,49.522,-0.101,0,0.995,0,1,0,-0.995,0,-0.101],"_humanoidState":5,"_cameraCFrame":[764.171,247.442,50.274,0.106,-0.933,0.343,0,0.345,0.939,-0.994,-0.099,0.036],"_shiftlockState":false,"_pose":"FreeFall","_animationQueue":[["fall",0.3]],"_animationSpeed":1,"_zoom":20.656},{"_mousePosition":[559,281],"_rootPartCFrame":[756.823,225.903,49.506,-0.08,0,0.997,0,1,0,-0.997,0,-0.08],"_humanoidState":5,"_cameraCFrame":[763.866,246.792,50.562,0.148,-0.928,0.341,0,0.345,0.939,-0.989,-0.139,0.051],"_shiftlockState":false,"_pose":"FreeFall","_animationQueue":[],"_animationSpeed":1,"_zoom":20.656},{"_mousePosition":[559,281],"_rootPartCFrame":[756.558,225.199,49.479,-0.056,0,0.998,0,1,0,-0.998,0,-0.056],"_humanoidState":5,"_cameraCFrame":[763.52,246.088,50.979,0.211,-0.918,0.337,0,0.345,0.939,-0.978,-0.198,0.073],"_shiftlockState":false,"_pose":"FreeFall","_animationQueue":[],"_animationSpeed":1,"_zoom":20.656},{"_mousePosition":[559,281],"_rootPartCFrame":[756.294,224.44,49.441,-0.03,0,1,0,1,0,-1,0,-0.03],"_humanoidState":5,"_cameraCFrame":[763.157,245.344,51.195,0.248,-0.91,0.332,0,0.343,0.939,-0.969,-0.233,0.085],"_shiftlockState":false,"_pose":"FreeFall","_animationQueue":[],"_animationSpeed":1,"_zoom":20.656},{"_mousePosition":[559,281],"_rootPartCFrame":[756.033,223.627,49.388,0.001,0,1,0,1,0,-1,0,0.001],"_humanoidState":5,"_cameraCFrame":[762.793,244.544,51.373,0.282,-0.902,0.327,0,0.341,0.94,-0.96,-0.265,0.096],"_shiftlockState":false,"_pose":"FreeFall","_animationQueue":[],"_animationSpeed":1,"_zoom":20.656},{"_mousePosition":[559,281],"_rootPartCFrame":[755.774,222.76,49.323,0.034,0,0.999,0,1,0,-0.999,0,0.034],"_humanoidState":7,"_cameraCFrame":[762.435,243.691,51.501,0.311,-0.894,0.322,0,0.339,0.941,-0.951,-0.292,0.105],"_shiftlockState":false,"_pose":"FreeFall","_animationQueue":[["walk",0.1],["fall",0.3],["fall",0.3]],"_animationSpeed":1,"_zoom":20.656},{"_mousePosition":[559,281],"_rootPartCFrame":[755.518,222.365,49.25,0.067,0,0.998,0,1,0,-0.998,0,0.067],"_humanoidState":7,"_cameraCFrame":[762.116,243.296,51.612,0.337,-0.886,0.319,0,0.339,0.941,-0.941,-0.317,0.114],"_shiftlockState":false,"_pose":"FreeFall","_animationQueue":[],"_animationSpeed":1,"_zoom":20.656},{"_mousePosition":[559,281],"_rootPartCFrame":[755.201,222.497,49.147,0.108,0,0.994,0,1,0,-0.994,0,0.108],"_humanoidState":8,"_cameraCFrame":[761.743,243.428,51.659,0.358,-0.878,0.317,0,0.339,0.941,-0.934,-0.337,0.122],"_shiftlockState":false,"_pose":"Running","_animationQueue":[["fall",0.3],["walk",0.1],["fall",0.3],["walk",0.1]],"_animationSpeed":1.103,"_zoom":20.656},{"_mousePosition":[559,281],"_rootPartCFrame":[755.011,223.149,49.085,0.133,0,0.991,0,1,0,-0.991,0,0.133],"_humanoidState":3,"_cameraCFrame":[761.508,244.08,51.712,0.375,-0.872,0.315,0,0.339,0.941,-0.927,-0.353,0.127],"_shiftlockState":false,"_pose":"Jumping","_animationQueue":[["walk",0.1],["jump",0.1]],"_animationSpeed":1,"_zoom":20.656},{"_mousePosition":[559,281],"_rootPartCFrame":[754.761,223.971,48.991,0.164,0,0.986,0,1,0,-0.986,0,0.164],"_humanoidState":5,"_cameraCFrame":[761.217,244.902,51.717,0.389,-0.867,0.313,0,0.339,0.941,-0.921,-0.366,0.132],"_shiftlockState":false,"_pose":"FreeFall","_animationQueue":[["jump",0.1]],"_animationSpeed":1,"_zoom":20.656},{"_mousePosition":[559,281],"_rootPartCFrame":[754.514,224.739,48.892,0.194,0,0.981,0,1,0,-0.981,0,0.194],"_humanoidState":5,"_cameraCFrame":[760.942,245.67,51.683,0.398,-0.863,0.311,0,0.339,0.941,-0.917,-0.375,0.135],"_shiftlockState":false,"_pose":"FreeFall","_animationQueue":[],"_animationSpeed":1,"_zoom":20.656},{"_mousePosition":[559,281],"_rootPartCFrame":[754.268,225.452,48.789,0.221,0,0.975,0,1,0,-0.975,0,0.221],"_humanoidState":5,"_cameraCFrame":[760.675,246.383,51.628,0.405,-0.86,0.31,0,0.339,0.941,-0.914,-0.381,0.137],"_shiftlockState":false,"_pose":"FreeFall","_animationQueue":[],"_animationSpeed":1,"_zoom":20.656},{"_mousePosition":[559,281],"_rootPartCFrame":[754.023,226.11,48.683,0.246,0,0.969,0,1,0,-0.969,0,0.246],"_humanoidState":5,"_cameraCFrame":[760.415,247.041,51.555,0.41,-0.858,0.309,0,0.339,0.941,-0.912,-0.385,0.139],"_shiftlockState":false,"_pose":"FreeFall","_animationQueue":[],"_animationSpeed":1,"_zoom":20.656},{"_mousePosition":[559,281],"_rootPartCFrame":[753.779,226.714,48.575,0.269,0,0.963,0,1,0,-0.963,0,0.269],"_humanoidState":5,"_cameraCFrame":[760.157,247.645,51.479,0.414,-0.856,0.309,0,0.339,0.941,-0.91,-0.39,0.141],"_shiftlockState":false,"_pose":"FreeFall","_animationQueue":[],"_animationSpeed":1,"_zoom":20.656},{"_mousePosition":[559,281],"_rootPartCFrame":[753.536,227.264,48.466,0.289,0,0.957,0,1,0,-0.957,0,0.289],"_humanoidState":5,"_cameraCFrame":[759.884,248.195,51.435,0.424,-0.852,0.307,0,0.339,0.941,-0.906,-0.398,0.144],"_shiftlockState":false,"_pose":"FreeFall","_animationQueue":[],"_animationSpeed":1,"_zoom":20.656},{"_mousePosition":[559,281],"_rootPartCFrame":[753.293,227.759,48.356,0.306,0,0.952,0,1,0,-0.952,0,0.306],"_humanoidState":5,"_cameraCFrame":[759.618,248.69,51.372,0.43,-0.849,0.306,0,0.339,0.941,-0.903,-0.405,0.146],"_shiftlockState":false,"_pose":"FreeFall","_animationQueue":[],"_animationSpeed":1,"_zoom":20.656},{"_mousePosition":[559,281],"_rootPartCFrame":[753.051,228.199,48.243,0.323,0,0.946,0,1,0,-0.946,0,0.323],"_humanoidState":5,"_cameraCFrame":[759.361,249.13,51.292,0.435,-0.847,0.305,0,0.339,0.941,-0.9,-0.409,0.148],"_shiftlockState":false,"_pose":"FreeFall","_animationQueue":[],"_animationSpeed":1,"_zoom":20.656},{"_mousePosition":[559,281],"_rootPartCFrame":[752.81,228.585,48.129,0.338,0,0.941,0,1,0,-0.941,0,0.338],"_humanoidState":5,"_cameraCFrame":[759.113,249.516,51.193,0.437,-0.846,0.305,0,0.339,0.941,-0.899,-0.411,0.148],"_shiftlockState":false,"_pose":"FreeFall","_animationQueue":[],"_animationSpeed":1,"_zoom":20.656},{"_mousePosition":[559,281],"_rootPartCFrame":[752.57,228.917,48.013,0.352,0,0.936,0,1,0,-0.936,0,0.352],"_humanoidState":5,"_cameraCFrame":[758.872,249.848,51.078,0.437,-0.846,0.305,0,0.339,0.941,-0.899,-0.411,0.148],"_shiftlockState":false,"_pose":"FreeFall","_animationQueue":[],"_animationSpeed":1,"_zoom":20.656},{"_mousePosition":[559,281],"_rootPartCFrame":[752.33,229.194,47.897,0.364,0,0.932,0,1,0,-0.932,0,0.364],"_humanoidState":5,"_cameraCFrame":[758.633,250.125,50.961,0.437,-0.846,0.305,0,0.339,0.941,-0.899,-0.411,0.148],"_shiftlockState":false,"_pose":"FreeFall","_animationQueue":[],"_animationSpeed":1,"_zoom":20.656},{"_mousePosition":[559,281],"_rootPartCFrame":[752.031,229.464,47.751,0.377,0,0.926,0,1,0,-0.926,0,0.377],"_humanoidState":5,"_cameraCFrame":[758.333,250.394,50.815,0.437,-0.846,0.305,0,0.339,0.941,-0.899,-0.411,0.148],"_shiftlockState":false,"_pose":"FreeFall","_animationQueue":[],"_animationSpeed":1,"_zoom":20.656},{"_mousePosition":[559,281],"_rootPartCFrame":[751.851,229.584,47.663,0.383,0,0.924,0,1,0,-0.924,0,0.383],"_humanoidState":5,"_cameraCFrame":[758.153,250.515,50.728,0.437,-0.846,0.305,0,0.339,0.941,-0.899,-0.411,0.148],"_shiftlockState":false,"_pose":"FreeFall","_animationQueue":[],"_animationSpeed":1,"_zoom":20.656},{"_mousePosition":[559,281],"_rootPartCFrame":[751.611,229.698,47.547,0.391,0,0.92,0,1,0,-0.92,0,0.391],"_humanoidState":5,"_cameraCFrame":[757.913,250.629,50.611,0.437,-0.846,0.305,0,0.339,0.941,-0.899,-0.411,0.148],"_shiftlockState":false,"_pose":"FreeFall","_animationQueue":[],"_animationSpeed":1,"_zoom":20.656},{"_mousePosition":[559,281],"_rootPartCFrame":[751.371,229.757,47.43,0.398,0,0.918,0,1,0,-0.918,0,0.398],"_humanoidState":5,"_cameraCFrame":[757.674,250.688,50.495,0.437,-0.846,0.305,0,0.339,0.941,-0.899,-0.411,0.148],"_shiftlockState":false,"_pose":"FreeFall","_animationQueue":[],"_animationSpeed":1,"_zoom":20.656},{"_mousePosition":[559,281],"_rootPartCFrame":[751.132,229.762,47.313,0.403,0,0.915,0,1,0,-0.915,0,0.403],"_humanoidState":5,"_cameraCFrame":[757.442,250.692,50.362,0.435,-0.847,0.305,0,0.339,0.941,-0.9,-0.409,0.148],"_shiftlockState":false,"_pose":"FreeFall","_animationQueue":[],"_animationSpeed":1,"_zoom":20.656},{"_mousePosition":[559,281],"_rootPartCFrame":[750.892,229.712,47.197,0.408,0,0.913,0,1,0,-0.913,0,0.408],"_humanoidState":5,"_cameraCFrame":[757.217,250.642,50.213,0.43,-0.849,0.306,0,0.339,0.941,-0.903,-0.405,0.146],"_shiftlockState":false,"_pose":"FreeFall","_animationQueue":[],"_animationSpeed":1,"_zoom":20.656},{"_mousePosition":[559,281],"_rootPartCFrame":[750.652,229.607,47.081,0.412,0,0.911,0,1,0,-0.911,0,0.412],"_humanoidState":5,"_cameraCFrame":[756.992,250.538,50.065,0.426,-0.851,0.307,0,0.339,0.941,-0.905,-0.401,0.144],"_shiftlockState":false,"_pose":"FreeFall","_animationQueue":[],"_animationSpeed":1,"_zoom":20.656},{"_mousePosition":[559,281],"_rootPartCFrame":[750.411,229.448,46.966,0.415,0,0.91,0,1,0,-0.91,0,0.415],"_humanoidState":5,"_cameraCFrame":[756.752,250.379,49.95,0.426,-0.851,0.307,0,0.339,0.941,-0.905,-0.401,0.144],"_shiftlockState":false,"_pose":"FreeFall","_animationQueue":[["fall",0.3]],"_animationSpeed":1,"_zoom":20.656},{"_mousePosition":[559,281],"_rootPartCFrame":[750.17,229.235,46.852,0.417,0,0.909,0,1,0,-0.909,0,0.417],"_humanoidState":5,"_cameraCFrame":[756.518,250.165,49.821,0.424,-0.852,0.307,0,0.339,0.941,-0.906,-0.398,0.144],"_shiftlockState":false,"_pose":"FreeFall","_animationQueue":[],"_animationSpeed":1,"_zoom":20.656},{"_mousePosition":[559,281],"_rootPartCFrame":[749.929,228.967,46.739,0.418,0,0.908,0,1,0,-0.908,0,0.418],"_humanoidState":5,"_cameraCFrame":[756.277,249.898,49.707,0.424,-0.852,0.307,0,0.339,0.941,-0.906,-0.398,0.144],"_shiftlockState":false,"_pose":"FreeFall","_animationQueue":[],"_animationSpeed":1,"_zoom":20.656},{"_mousePosition":[559,281],"_rootPartCFrame":[749.627,228.555,46.597,0.419,0,0.908,0,1,0,-0.908,0,0.419],"_humanoidState":5,"_cameraCFrame":[755.975,249.486,49.566,0.424,-0.852,0.307,0,0.339,0.941,-0.906,-0.398,0.144],"_shiftlockState":false,"_pose":"FreeFall","_animationQueue":[],"_animationSpeed":1,"_zoom":20.656},{"_mousePosition":[559,281],"_rootPartCFrame":[749.446,228.267,46.513,0.42,0,0.908,0,1,0,-0.908,0,0.42],"_humanoidState":5,"_cameraCFrame":[755.794,249.198,49.481,0.424,-0.852,0.307,0,0.339,0.941,-0.906,-0.398,0.144],"_shiftlockState":false,"_pose":"FreeFall","_animationQueue":[],"_animationSpeed":1,"_zoom":20.656},{"_mousePosition":[559,281],"_rootPartCFrame":[749.204,227.836,46.4,0.42,0,0.907,0,1,0,-0.907,0,0.42],"_humanoidState":5,"_cameraCFrame":[755.553,248.767,49.368,0.424,-0.852,0.307,0,0.339,0.941,-0.906,-0.398,0.144],"_shiftlockState":false,"_pose":"FreeFall","_animationQueue":[],"_animationSpeed":1,"_zoom":20.656},{"_mousePosition":[559,281],"_rootPartCFrame":[748.963,227.35,46.287,0.421,0,0.907,0,1,0,-0.907,0,0.421],"_humanoidState":5,"_cameraCFrame":[755.326,248.281,49.223,0.419,-0.854,0.308,0,0.339,0.941,-0.908,-0.394,0.142],"_shiftlockState":false,"_pose":"FreeFall","_animationQueue":[["fall",0.3]],"_animationSpeed":1,"_zoom":20.656},{"_mousePosition":[559,281],"_rootPartCFrame":[748.661,226.666,46.145,0.421,0,0.907,0,1,0,-0.907,0,0.421],"_humanoidState":5,"_cameraCFrame":[755.096,247.583,49.016,0.407,-0.858,0.311,0,0.341,0.94,-0.913,-0.383,0.139],"_shiftlockState":false,"_pose":"FreeFall","_animationQueue":[],"_animationSpeed":1,"_zoom":20.656},{"_mousePosition":[559,281],"_rootPartCFrame":[748.48,226.214,46.061,0.421,0,0.907,0,1,0,-0.907,0,0.421],"_humanoidState":5,"_cameraCFrame":[755.019,247.118,48.783,0.384,-0.867,0.317,0,0.343,0.939,-0.923,-0.361,0.132],"_shiftlockState":false,"_pose":"FreeFall","_animationQueue":[],"_animationSpeed":1,"_zoom":20.656},{"_mousePosition":[559,281],"_rootPartCFrame":[748.236,225.565,45.952,0.42,0,0.908,0,1,0,-0.908,0,0.42],"_humanoidState":5,"_cameraCFrame":[754.929,246.454,48.386,0.342,-0.882,0.324,0,0.345,0.939,-0.94,-0.321,0.118],"_shiftlockState":false,"_pose":"FreeFall","_animationQueue":[],"_animationSpeed":1,"_zoom":20.656},{"_mousePosition":[559,281],"_rootPartCFrame":[747.991,224.861,45.849,0.416,0,0.909,0,1,0,-0.909,0,0.416],"_humanoidState":5,"_cameraCFrame":[754.901,245.722,47.859,0.279,-0.9,0.335,0,0.348,0.937,-0.96,-0.262,0.097],"_shiftlockState":false,"_pose":"FreeFall","_animationQueue":[],"_animationSpeed":1,"_zoom":20.656},{"_mousePosition":[559,281],"_rootPartCFrame":[747.741,224.102,45.756,0.408,0,0.913,0,1,0,-0.913,0,0.408],"_humanoidState":5,"_cameraCFrame":[755.097,244.879,46.746,0.133,-0.925,0.356,0,0.359,0.933,-0.991,-0.124,0.048],"_shiftlockState":false,"_pose":"FreeFall","_animationQueue":[],"_animationSpeed":1,"_zoom":20.656},{"_mousePosition":[559,281],"_rootPartCFrame":[747.422,223.078,45.66,0.39,0,0.921,0,1,0,-0.921,0,0.39],"_humanoidState":5,"_cameraCFrame":[755.107,243.751,45.657,0,-0.928,0.372,0,0.372,0.928,-1,0,0],"_shiftlockState":false,"_pose":"FreeFall","_animationQueue":[["fall",0.3]],"_animationSpeed":1,"_zoom":20.656},{"_mousePosition":[559,281],"_rootPartCFrame":[747.224,222.528,45.628,0.369,0,0.929,0,1,0,-0.929,0,0.369],"_humanoidState":7,"_cameraCFrame":[755.209,243.048,44.547,-0.134,-0.912,0.387,0,0.39,0.921,-0.991,0.124,-0.052],"_shiftlockState":false,"_pose":"FreeFall","_animationQueue":[["walk",0.1],["fall",0.3],["fall",0.3]],"_animationSpeed":1,"_zoom":20.656},{"_mousePosition":[559,281],"_rootPartCFrame":[746.958,222.475,45.622,0.328,0,0.945,0,1,0,-0.945,0,0.328],"_humanoidState":7,"_cameraCFrame":[755.049,242.867,43.548,-0.248,-0.886,0.392,0,0.404,0.915,-0.969,0.227,-0.1],"_shiftlockState":false,"_pose":"FreeFall","_animationQueue":[],"_animationSpeed":1,"_zoom":20.656},{"_mousePosition":[559,281],"_rootPartCFrame":[746.628,222.578,45.663,0.256,0,0.967,0,1,0,-0.967,0,0.256],"_humanoidState":8,"_cameraCFrame":[754.753,242.854,42.816,-0.331,-0.858,0.393,0,0.417,0.909,-0.944,0.301,-0.138],"_shiftlockState":false,"_pose":"Running","_animationQueue":[["walk",0.1],["fall",0.3],["walk",0.1]],"_animationSpeed":1.103,"_zoom":20.656},{"_mousePosition":[559,281],"_rootPartCFrame":[746.429,223.23,45.689,0.21,0,0.978,0,1,0,-0.978,0,0.21],"_humanoidState":3,"_cameraCFrame":[754.544,243.421,42.304,-0.385,-0.835,0.393,0,0.426,0.905,-0.923,0.348,-0.164],"_shiftlockState":false,"_pose":"Jumping","_animationQueue":[["walk",0.1],["jump",0.1]],"_animationSpeed":1,"_zoom":20.656},{"_mousePosition":[559,281],"_rootPartCFrame":[746.171,224.052,45.749,0.142,0,0.99,0,1,0,-0.99,0,0.142],"_humanoidState":5,"_cameraCFrame":[754.254,244.209,42.109,-0.411,-0.824,0.391,0,0.429,0.903,-0.912,0.371,-0.176],"_shiftlockState":false,"_pose":"FreeFall","_animationQueue":[["jump",0.1]],"_animationSpeed":1,"_zoom":20.656},{"_mousePosition":[559,281],"_rootPartCFrame":[745.922,224.819,45.843,0.07,0,0.998,0,1,0,-0.998,0,0.07],"_humanoidState":5,"_cameraCFrame":[754.005,244.976,42.204,-0.411,-0.824,0.391,0,0.429,0.903,-0.912,0.371,-0.176],"_shiftlockState":false,"_pose":"FreeFall","_animationQueue":[],"_animationSpeed":1,"_zoom":20.656},{"_mousePosition":[559,281],"_rootPartCFrame":[745.678,225.532,45.951,0.003,0,1,0,1,0,-1,0,0.003],"_humanoidState":5,"_cameraCFrame":[753.762,245.689,42.312,-0.411,-0.824,0.391,0,0.429,0.903,-0.912,0.371,-0.176],"_shiftlockState":false,"_pose":"FreeFall","_animationQueue":[],"_animationSpeed":1,"_zoom":20.656},{"_mousePosition":[559,281],"_rootPartCFrame":[745.435,226.191,46.061,-0.057,0,0.998,0,1,0,-0.998,0,-0.057],"_humanoidState":5,"_cameraCFrame":[753.519,246.348,42.421,-0.411,-0.824,0.391,0,0.429,0.903,-0.912,0.371,-0.176],"_shiftlockState":false,"_pose":"FreeFall","_animationQueue":[],"_animationSpeed":1,"_zoom":20.656},{"_mousePosition":[559,281],"_rootPartCFrame":[745.192,226.795,46.17,-0.108,0,0.994,0,1,0,-0.994,0,-0.108],"_humanoidState":5,"_cameraCFrame":[753.276,246.952,42.531,-0.411,-0.824,0.391,0,0.429,0.903,-0.912,0.371,-0.176],"_shiftlockState":false,"_pose":"FreeFall","_animationQueue":[],"_animationSpeed":1,"_zoom":20.656},{"_mousePosition":[559,281],"_rootPartCFrame":[744.949,227.344,46.28,-0.152,0,0.988,0,1,0,-0.988,0,-0.152],"_humanoidState":5,"_cameraCFrame":[752.995,247.501,42.559,-0.42,-0.82,0.39,0,0.429,0.903,-0.908,0.379,-0.18],"_shiftlockState":false,"_pose":"FreeFall","_animationQueue":[],"_animationSpeed":1,"_zoom":20.656},{"_mousePosition":[559,281],"_rootPartCFrame":[744.706,227.839,46.389,-0.19,0,0.982,0,1,0,-0.982,0,-0.19],"_humanoidState":5,"_cameraCFrame":[752.742,247.996,42.648,-0.422,-0.819,0.389,0,0.429,0.903,-0.907,0.381,-0.181],"_shiftlockState":false,"_pose":"FreeFall","_animationQueue":[],"_animationSpeed":1,"_zoom":20.656},{"_mousePosition":[559,281],"_rootPartCFrame":[744.464,228.28,46.501,-0.223,0,0.975,0,1,0,-0.975,0,-0.223],"_humanoidState":5,"_cameraCFrame":[752.448,248.454,42.734,-0.427,-0.818,0.387,0,0.427,0.904,-0.904,0.386,-0.182],"_shiftlockState":false,"_pose":"FreeFall","_animationQueue":[],"_animationSpeed":1,"_zoom":20.656},{"_mousePosition":[559,281],"_rootPartCFrame":[744.222,228.666,46.613,-0.251,0,0.968,0,1,0,-0.968,0,-0.251],"_humanoidState":5,"_cameraCFrame":[752.197,248.84,42.827,-0.429,-0.817,0.386,0,0.427,0.904,-0.903,0.388,-0.183],"_shiftlockState":false,"_pose":"FreeFall","_animationQueue":[],"_animationSpeed":1,"_zoom":20.656},{"_mousePosition":[559,281],"_rootPartCFrame":[743.981,228.998,46.727,-0.277,0,0.961,0,1,0,-0.961,0,-0.277],"_humanoidState":5,"_cameraCFrame":[751.904,249.189,42.916,-0.433,-0.815,0.384,0,0.426,0.905,-0.901,0.392,-0.185],"_shiftlockState":false,"_pose":"FreeFall","_animationQueue":[],"_an