[{"_mousePosition":[563,252],"_rootPartCFrame":[776.035,222.7,47.142,-0.002,0,1,0,1,0,-1,0,-0.002],"_humanoidState":8,"_cameraCFrame":[781.847,244.019,47.403,0.045,-0.959,0.281,0,0.282,0.96,-0.999,-0.043,0.013],"_shiftlockState":false,"_pose":"Standing","_animationQueue":[],"_animationSpeed":1,"_zoom":20.656},{"_mousePosition":[563,252],"_rootPartCFrame":[775.864,222.7,47.135,0.003,0,1,0,1,0,-1,0,0.003],"_humanoidState":8,"_cameraCFrame":[781.638,244.031,47.379,0.042,-0.959,0.28,0,0.28,0.96,-0.999,-0.041,0.012],"_shiftlockState":false,"_pose":"Standing","_animationQueue":[],"_animationSpeed":1,"_zoom":20.656},{"_mousePosition":[563,252],"_rootPartCFrame":[775.599,222.7,47.123,0.008,0,1,0,1,0,-1,0,0.008],"_humanoidState":8,"_cameraCFrame":[781.335,244.042,47.366,0.042,-0.96,0.278,0,0.278,0.961,-0.999,-0.041,0.012],"_shiftlockState":false,"_pose":"Running","_animationQueue":[["walk",0.1]],"_animationSpeed":1.003,"_zoom":20.656},{"_mousePosition":[563,252],"_rootPartCFrame":[775.333,222.7,47.111,0.013,0,1,0,1,0,-1,0,0.013],"_humanoidState":8,"_cameraCFrame":[780.992,244.064,47.337,0.04,-0.961,0.274,0,0.274,0.962,-0.999,-0.038,0.011],"_shiftlockState":false,"_pose":"Running","_animationQueue":[["walk",0.1],["walk",0.1]],"_animationSpeed":1.101,"_zoom":20.656},{"_mousePosition":[563,252],"_rootPartCFrame":[775.066,222.7,47.1,0.017,0,1,0,1,0,-1,0,0.017],"_humanoidState":8,"_cameraCFrame":[780.648,244.086,47.308,0.037,-0.962,0.27,0,0.27,0.963,-0.999,-0.036,0.01],"_shiftlockState":false,"_pose":"Running","_animationQueue":[],"_animationSpeed":1.101,"_zoom":20.656},{"_mousePosition":[563,252],"_rootPartCFrame":[774.8,222.7,47.089,0.02,0,1,0,1,0,-1,0,0.02],"_humanoidState":8,"_cameraCFrame":[780.228,244.129,47.264,0.032,-0.964,0.263,0,0.263,0.965,-0.999,-0.031,0.008],"_shiftlockState":false,"_pose":"Running","_animationQueue":[],"_animationSpeed":1.101,"_zoom":20.656},{"_mousePosition":[563,252],"_rootPartCFrame":[774.534,222.7,47.079,0.023,0,1,0,1,0,-1,0,0.023],"_humanoidState":8,"_cameraCFrame":[779.884,244.15,47.238,0.03,-0.965,0.259,0,0.259,0.966,-1,-0.029,0.008],"_shiftlockState":false,"_pose":"Running","_animationQueue":[],"_animationSpeed":1.101,"_zoom":20.656},{"_mousePosition":[563,252],"_rootPartCFrame":[774.267,222.7,47.071,0.024,0,1,0,1,0,-1,0,0.024],"_humanoidState":8,"_cameraCFrame":[779.54,244.171,47.214,0.027,-0.966,0.255,0,0.255,0.967,-1,-0.026,0.007],"_shiftlockState":false,"_pose":"Running","_animationQueue":[],"_animationSpeed":1.101,"_zoom":20.656},{"_mousePosition":[563,252],"_rootPartCFrame":[774,222.7,47.063,0.025,0,1,0,1,0,-1,0,0.025],"_humanoidState":8,"_cameraCFrame":[779.274,244.171,47.193,0.025,-0.967,0.255,0,0.255,0.967,-1,-0.024,0.006],"_shiftlockState":false,"_pose":"Running","_animationQueue":[],"_animationSpeed":1.101,"_zoom":20.656},{"_mousePosition":[563,252],"_rootPartCFrame":[773.734,222.7,47.056,0.025,0,1,0,1,0,-1,0,0.025],"_humanoidState":8,"_cameraCFrame":[779.007,244.171,47.185,0.025,-0.967,0.255,0,0.255,0.967,-1,-0.024,0.006],"_shiftlockState":false,"_pose":"Running","_animationQueue":[["walk",0.1]],"_animationSpeed":1.101,"_zoom":20.656},{"_mousePosition":[563,252],"_rootPartCFrame":[773.467,222.7,47.049,0.025,0,1,0,1,0,-1,0,0.025],"_humanoidState":8,"_cameraCFrame":[778.702,244.181,47.178,0.025,-0.967,0.253,0,0.253,0.967,-1,-0.024,0.006],"_shiftlockState":false,"_pose":"Running","_animationQueue":[],"_animationSpeed":1.101,"_zoom":20.656},{"_mousePosition":[563,252],"_rootPartCFrame":[773.201,222.7,47.042,0.025,0,1,0,1,0,-1,0,0.025],"_humanoidState":8,"_cameraCFrame":[778.435,244.181,47.171,0.025,-0.967,0.253,0,0.253,0.967,-1,-0.024,0.006],"_shiftlockState":false,"_pose":"Running","_animationQueue":[],"_animationSpeed":1.101,"_zoom":20.656},{"_mousePosition":[563,252],"_rootPartCFrame":[772.867,223.783,47.034,0.025,0,1,0,1,0,-1,0,0.025],"_humanoidState":3,"_cameraCFrame":[778.102,245.265,47.163,0.025,-0.967,0.253,0,0.253,0.967,-1,-0.024,0.006],"_shiftlockState":false,"_pose":"Jumping","_animationQueue":[["walk",0.1],["jump",0.1]],"_animationSpeed":1,"_zoom":20.656},{"_mousePosition":[563,252],"_rootPartCFrame":[772.667,224.395,47.029,0.025,0,1,0,1,0,-1,0,0.025],"_humanoidState":5,"_cameraCFrame":[777.902,245.876,47.158,0.025,-0.967,0.253,0,0.253,0.967,-1,-0.024,0.006],"_shiftlockState":false,"_pose":"FreeFall","_animationQueue":[["jump",0.1]],"_animationSpeed":1,"_zoom":20.656},{"_mousePosition":[563,252],"_rootPartCFrame":[772.401,225.162,47.023,0.025,0,1,0,1,0,-1,0,0.025],"_humanoidState":5,"_cameraCFrame":[777.636,246.644,47.138,0.022,-0.967,0.253,0,0.253,0.967,-1,-0.021,0.006],"_shiftlockState":false,"_pose":"FreeFall","_animationQueue":[],"_animationSpeed":1,"_zoom":20.656},{"_mousePosition":[563,252],"_rootPartCFrame":[772.134,225.875,47.016,0.025,0,1,0,1,0,-1,0,0.025],"_humanoidState":5,"_cameraCFrame":[777.331,247.367,47.118,0.02,-0.968,0.252,0,0.252,0.968,-1,-0.019,0.005],"_shiftlockState":false,"_pose":"FreeFall","_animationQueue":[],"_animationSpeed":1,"_zoom":20.656},{"_mousePosition":[563,252],"_rootPartCFrame":[771.868,226.534,47.01,0.025,0,1,0,1,0,-1,0,0.025],"_humanoidState":5,"_cameraCFrame":[777.064,248.025,47.099,0.017,-0.968,0.252,0,0.252,0.968,-1,-0.016,0.004],"_shiftlockState":false,"_pose":"FreeFall","_animationQueue":[],"_animationSpeed":1,"_zoom":20.656},{"_mousePosition":[563,252],"_rootPartCFrame":[771.601,227.138,47.005,0.024,0,1,0,1,0,-1,0,0.024],"_humanoidState":5,"_cameraCFrame":[776.759,248.639,47.08,0.014,-0.968,0.25,0,0.25,0.968,-1,-0.014,0.004],"_shiftlockState":false,"_pose":"FreeFall","_animationQueue":[],"_animationSpeed":1,"_zoom":20.656},{"_mousePosition":[563,252],"_rootPartCFrame":[771.334,227.687,47,0.023,0,1,0,1,0,-1,0,0.023],"_humanoidState":5,"_cameraCFrame":[776.492,249.189,47.075,0.014,-0.968,0.25,0,0.25,0.968,-1,-0.014,0.004],"_shiftlockState":false,"_pose":"FreeFall","_animationQueue":[],"_animationSpeed":1,"_zoom":20.656},{"_mousePosition":[563,252],"_rootPartCFrame":[771.068,228.182,46.996,0.022,0,1,0,1,0,-1,0,0.022],"_humanoidState":5,"_cameraCFrame":[776.226,249.684,47.071,0.014,-0.968,0.25,0,0.25,0.968,-1,-0.014,0.004],"_shiftlockState":false,"_pose":"FreeFall","_animationQueue":[],"_animationSpeed":1,"_zoom":20.656},{"_mousePosition":[563,252],"_rootPartCFrame":[770.801,228.623,46.992,0.021,0,1,0,1,0,-1,0,0.021],"_humanoidState":5,"_cameraCFrame":[775.959,250.124,47.067,0.014,-0.968,0.25,0,0.25,0.968,-1,-0.014,0.004],"_shiftlockState":false,"_pose":"FreeFall","_animationQueue":[],"_animationSpeed":1,"_zoom":20.656},{"_mousePosition":[563,252],"_rootPartCFrame":[770.535,229.009,46.988,0.02,0,1,0,1,0,-1,0,0.02],"_humanoidState":5,"_cameraCFrame":[775.692,250.511,47.063,0.014,-0.968,0.25,0,0.25,0.968,-1,-0.014,0.004],"_shiftlockState":false,"_pose":"FreeFall","_animationQueue":[],"_animationSpeed":1,"_zoom":20.656},{"_mousePosition":[563,252],"_rootPartCFrame":[770.268,229.34,46.985,0.019,0,1,0,1,0,-1,0,0.019],"_humanoidState":5,"_cameraCFrame":[775.426,250.842,47.059,0.014,-0.968,0.25,0,0.25,0.968,-1,-0.014,0.004],"_shiftlockState":false,"_pose":"FreeFall","_animationQueue":[],"_animationSpeed":1,"_zoom":20.656},{"_mousePosition":[563,252],"_rootPartCFrame":[770.001,229.617,46.981,0.019,0,1,0,1,0,-1,0,0.019],"_humanoidState":5,"_cameraCFrame":[775.159,251.119,47.042,0.012,-0.968,0.25,0,0.25,0.968,-1,-0.012,0.003],"_shiftlockState":false,"_pose":"FreeFall","_animationQueue":[],"_animationSpeed":1,"_zoom":20.656},{"_mousePosition":[563,252],"_rootPartCFrame":[769.735,229.84,46.977,0.018,0,1,0,1,0,-1,0,0.018],"_humanoidState":5,"_cameraCFrame":[774.893,251.342,47.039,0.012,-0.968,0.25,0,0.25,0.968,-1,-0.012,0.003],"_shiftlockState":false,"_pose":"FreeFall","_animationQueue":[],"_animationSpeed":1,"_zoom":20.656},{"_mousePosition":[563,252],"_rootPartCFrame":[769.468,230.008,46.974,0.017,0,1,0,1,0,-1,0,0.017],"_humanoidState":5,"_cameraCFrame":[774.626,251.51,47.035,0.012,-0.968,0.25,0,0.25,0.968,-1,-0.012,0.003],"_shiftlockState":false,"_pose":"FreeFall","_animationQueue":[],"_animationSpeed":1,"_zoom":20.656},{"_mousePosition":[563,252],"_rootPartCFrame":[769.202,230.122,46.97,0.017,0,1,0,1,0,-1,0,0.017],"_humanoidState":5,"_cameraCFrame":[774.359,251.623,47.032,0.012,-0.968,0.25,0,0.25,0.968,-1,-0.012,0.003],"_shiftlockState":false,"_pose":"FreeFall","_animationQueue":[],"_animationSpeed":1,"_zoom":20.656},{"_mousePosition":[563,252],"_rootPartCFrame":[768.935,230.181,46.967,0.016,0,1,0,1,0,-1,0,0.016],"_humanoidState":5,"_cameraCFrame":[774.093,251.682,47.029,0.012,-0.968,0.25,0,0.25,0.968,-1,-0.012,0.003],"_shiftlockState":false,"_pose":"FreeFall","_animationQueue":[],"_animationSpeed":1,"_zoom":20.656},{"_mousePosition":[563,252],"_rootPartCFrame":[768.668,230.185,46.964,0.015,0,1,0,1,0,-1,0,0.015],"_humanoidState":5,"_cameraCFrame":[773.826,251.687,47.026,0.012,-0.968,0.25,0,0.25,0.968,-1,-0.012,0.003],"_shiftlockState":false,"_pose":"FreeFall","_animationQueue":[],"_animationSpeed":1,"_zoom":20.656},{"_mousePosition":[563,252],"_rootPartCFrame":[768.402,230.135,46.961,0.015,0,1,0,1,0,-1,0,0.015],"_humanoidState":5,"_cameraCFrame":[773.56,251.637,47.036,0.014,-0.968,0.25,0,0.25,0.968,-1,-0.014,0.004],"_shiftlockState":false,"_pose":"FreeFall","_animationQueue":[],"_animationSpeed":1,"_zoom":20.656},{"_mousePosition":[563,252],"_rootPartCFrame":[768.069,229.996,46.957,0.014,0,1,0,1,0,-1,0,0.014],"_humanoidState":5,"_cameraCFrame":[773.226,251.498,47.045,0.017,-0.968,0.25,0,0.25,0.968,-1,-0.016,0.004],"_shiftlockState":false,"_pose":"FreeFall","_animationQueue":[["fall",0.3]],"_animationSpeed":1,"_zoom":20.656},{"_mousePosition":[563,252],"_rootPartCFrame":[767.869,229.872,46.954,0.014,0,1,0,1,0,-1,0,0.014],"_humanoidState":5,"_cameraCFrame":[773.026,251.373,47.042,0.017,-0.968,0.25,0,0.25,0.968,-1,-0.016,0.004],"_shiftlockState":false,"_pose":"FreeFall","_animationQueue":[],"_animationSpeed":1,"_zoom":20.656},{"_mousePosition":[563,252],"_rootPartCFrame":[767.602,229.658,46.95,0.015,0,1,0,1,0,-1,0,0.015],"_humanoidState":5,"_cameraCFrame":[772.76,251.16,47.037,0.017,-0.968,0.25,0,0.25,0.968,-1,-0.016,0.004],"_shiftlockState":false,"_pose":"FreeFall","_animationQueue":[],"_animationSpeed":1,"_zoom":20.656},{"_mousePosition":[563,252],"_rootPartCFrame":[767.335,229.39,46.945,0.015,0,1,0,1,0,-1,0,0.015],"_humanoidState":5,"_cameraCFrame":[772.493,250.892,47.033,0.017,-0.968,0.25,0,0.25,0.968,-1,-0.016,0.004],"_shiftlockState":false,"_pose":"FreeFall","_animationQueue":[],"_animationSpeed":1,"_zoom":20.656},{"_mousePosition":[563,252],"_rootPartCFrame":[767.069,229.068,46.941,0.015,0,1,0,1,0,-1,0,0.015],"_humanoidState":5,"_cameraCFrame":[772.226,250.569,47.028,0.017,-0.968,0.25,0,0.25,0.968,-1,-0.016,0.004],"_shiftlockState":false,"_pose":"FreeFall","_animationQueue":[],"_animationSpeed":1,"_zoom":20.656},{"_mousePosition":[563,252],"_rootPartCFrame":[766.802,228.691,46.936,0.015,0,1,0,1,0,-1,0,0.015],"_humanoidState":5,"_cameraCFrame":[771.96,250.192,47.024,0.017,-0.968,0.25,0,0.25,0.968,-1,-0.016,0.004],"_shiftlockState":false,"_pose":"FreeFall","_animationQueue":[],"_animationSpeed":1,"_zoom":20.656},{"_mousePosition":[563,252],"_rootPartCFrame":[766.536,228.259,46.931,0.016,0,1,0,1,0,-1,0,0.016],"_humanoidState":5,"_cameraCFrame":[771.693,249.761,47.019,0.017,-0.968,0.25,0,0.25,0.968,-1,-0.016,0.004],"_shiftlockState":false,"_pose":"FreeFall","_animationQueue":[],"_animationSpeed":1,"_zoom":20.656},{"_mousePosition":[563,252],"_rootPartCFrame":[766.269,227.773,46.927,0.016,0,1,0,1,0,-1,0,0.016],"_humanoidState":5,"_cameraCFrame":[771.427,249.275,47.015,0.017,-0.968,0.25,0,0.25,0.968,-1,-0.016,0.004],"_shiftlockState":false,"_pose":"FreeFall","_animationQueue":[["fall",0.3]],"_animationSpeed":1,"_zoom":20.656},{"_mousePosition":[563,252],"_rootPartCFrame":[766.002,227.233,46.922,0.016,0,1,0,1,0,-1,0,0.016],"_humanoidState":5,"_cameraCFrame":[771.16,248.734,47.01,0.017,-0.968,0.25,0,0.25,0.968,-1,-0.016,0.004],"_shiftlockState":false,"_pose":"FreeFall","_animationQueue":[],"_animationSpeed":1,"_zoom":20.656},{"_mousePosition":[563,252],"_rootPartCFrame":[765.736,226.638,46.918,0.016,0,1,0,1,0,-1,0,0.016],"_humanoidState":5,"_cameraCFrame":[770.893,248.139,47.006,0.017,-0.968,0.25,0,0.25,0.968,-1,-0.016,0.004],"_shiftlockState":false,"_pose":"FreeFall","_animationQueue":[],"_animationSpeed":1,"_zoom":20.656},{"_mousePosition":[563,252],"_rootPartCFrame":[765.469,225.988,46.913,0.016,0,1,0,1,0,-1,0,0.016],"_humanoidState":5,"_cameraCFrame":[770.627,247.49,47.001,0.017,-0.968,0.25,0,0.25,0.968,-1,-0.016,0.004],"_shiftlockState":false,"_pose":"FreeFall","_animationQueue":[],"_animationSpeed":1,"_zoom":20.656},{"_mousePosition":[563,252],"_rootPartCFrame":[765.203,225.284,46.909,0.016,0,1,0,1,0,-1,0,0.016],"_humanoidState":5,"_cameraCFrame":[770.36,246.786,46.997,0.017,-0.968,0.25,0,0.25,0.968,-1,-0.016,0.004],"_shiftlockState":false,"_pose":"FreeFall","_animationQueue":[],"_animationSpeed":1,"_zoom":20.656},{"_mousePosition":[563,252],"_rootPartCFrame":[764.869,224.328,46.903,0.016,0,1,0,1,0,-1,0,0.016],"_humanoidState":5,"_cameraCFrame":[770.027,245.829,46.991,0.017,-0.968,0.25,0,0.25,0.968,-1,-0.016,0.004],"_shiftlockState":false,"_pose":"FreeFall","_animationQueue":[],"_animationSpeed":1,"_zoom":20.656},{"_mousePosition":[563,252],"_rootPartCFrame":[764.669,223.713,46.9,0.017,0,1,0,1,0,-1,0,0.017],"_humanoidState":5,"_cameraCFrame":[769.827,245.214,46.987,0.017,-0.968,0.25,0,0.25,0.968,-1,-0.016,0.004],"_shiftlockState":false,"_pose":"FreeFall","_animationQueue":[["fall",0.3]],"_animationSpeed":1,"_zoom":20.656},{"_mousePosition":[563,252],"_rootPartCFrame":[764.403,222.845,46.895,0.017,0,1,0,1,0,-1,0,0.017],"_humanoidState":7,"_cameraCFrame":[769.56,244.347,46.983,0.017,-0.968,0.25,0,0.25,0.968,-1,-0.016,0.004],"_shiftlockState":false,"_pose":"FreeFall","_animationQueue":[["walk",0.1],["fall",0.3],["fall",0.3]],"_animationSpeed":1,"_zoom":20.656},{"_mousePosition":[563,252],"_rootPartCFrame":[764.136,222.433,46.89,0.017,0,1,0,1,0,-1,0,0.017],"_humanoidState":7,"_cameraCFrame":[769.294,243.934,46.978,0.017,-0.968,0.25,0,0.25,0.968,-1,-0.016,0.004],"_shiftlockState":false,"_pose":"FreeFall","_animationQueue":[],"_animationSpeed":1,"_zoom":20.656},{"_mousePosition":[563,252],"_rootPartCFrame":[763.803,222.531,46.885,0.017,0,1,0,1,0,-1,0,0.017],"_humanoidState":8,"_cameraCFrame":[768.922,244.043,46.946,0.012,-0.969,0.248,0,0.248,0.969,-1,-0.012,0.003],"_shiftlockState":false,"_pose":"Running","_animationQueue":[["walk",0.1],["fall",0.3],["walk",0.1]],"_animationSpeed":1.103,"_zoom":20.656},{"_mousePosition":[563,252],"_rootPartCFrame":[763.603,223.19,46.881,0.017,0,1,0,1,0,-1,0,0.017],"_humanoidState":3,"_cameraCFrame":[768.722,244.702,46.917,0.007,-0.969,0.248,0,0.248,0.969,-1,-0.007,0.002],"_shiftlockState":false,"_pose":"Jumping","_animationQueue":[["walk",0.1],["jump",0.1]],"_animationSpeed":1,"_zoom":20.656},{"_mousePosition":[563,252],"_rootPartCFrame":[763.336,224.026,46.878,0.016,0,1,0,1,0,-1,0,0.016],"_humanoidState":5,"_cameraCFrame":[768.456,245.537,46.875,-0.001,-0.969,0.248,0,0.248,0.969,-1,0.001,0],"_shiftlockState":false,"_pose":"FreeFall","_animationQueue":[["jump",0.1]],"_animationSpeed":1,"_zoom":20.656},{"_mousePosition":[563,252],"_rootPartCFrame":[763.07,224.807,46.876,0.015,0,1,0,1,0,-1,0,0.015],"_humanoidState":5,"_cameraCFrame":[768.15,246.328,46.821,-0.011,-0.969,0.246,0,0.246,0.969,-1,0.01,-0.003],"_shiftlockState":false,"_pose":"FreeFall","_animationQueue":[],"_animationSpeed":1,"_zoom":20.656},{"_mousePosition":[563,252],"_rootPartCFrame":[762.737,225.707,46.876,0.013,0,1,0,1,0,-1,0,0.013],"_humanoidState":5,"_cameraCFrame":[767.815,247.228,46.744,-0.026,-0.969,0.246,0,0.246,0.969,-1,0.025,-0.006],"_shiftlockState":false,"_pose":"FreeFall","_animationQueue":[],"_animationSpeed":1,"_zoom":20.656},{"_mousePosition":[563,252],"_rootPartCFrame":[762.537,226.206,46.878,0.011,0,1,0,1,0,-1,0,0.011],"_humanoidState":5,"_cameraCFrame":[767.574,247.737,46.67,-0.041,-0.969,0.244,0,0.244,0.97,-0.999,0.04,-0.01],"_shiftlockState":false,"_pose":"FreeFall","_animationQueue":[],"_animationSpeed":1,"_zoom":20.656},{"_mousePosition":[563,252],"_rootPartCFrame":[762.27,226.823,46.884,0.007,0,1,0,1,0,-1,0,0.007],"_humanoidState":5,"_cameraCFrame":[767.299,248.355,46.536,-0.069,-0.967,0.243,0,0.244,0.97,-0.998,0.067,-0.017],"_shiftlockState":false,"_pose":"FreeFall","_animationQueue":[],"_animationSpeed":1,"_zoom":20.656},{"_mousePosition":[563,252],"_rootPartCFrame":[762.004,227.387,46.894,0.001,0,1,0,1,0,-1,0,0.001],"_humanoidState":5,"_cameraCFrame":[766.987,248.928,46.461,-0.087,-0.967,0.241,0,0.242,0.97,-0.996,0.084,-0.021],"_shiftlockState":false,"_pose":"FreeFall","_animationQueue":[],"_animationSpeed":1,"_zoom":20.656},{"_mousePosition":[563,252],"_rootPartCFrame":[761.671,228.014,46.916,-0.01,0,1,0,1,0,-1,0,-0.01],"_humanoidState":5,"_cameraCFrame":[766.608,249.565,46.411,-0.102,-0.966,0.239,0,0.24,0.971,-0.995,0.099,-0.024],"_shiftlockState":false,"_pose":"FreeFall","_animationQueue":[],"_animationSpeed":1,"_zoom":20.656},{"_mousePosition":[563,252],"_rootPartCFrame":[761.472,228.349,46.933,-0.017,0,1,0,1,0,-1,0,-0.017],"_humanoidState":5,"_cameraCFrame":[766.359,249.91,46.333,-0.122,-0.964,0.237,0,0.238,0.971,-0.993,0.118,-0.029],"_shiftlockState":false,"_pose":"FreeFall","_animationQueue":[],"_animationSpeed":1,"_zoom":20.656},{"_mousePosition":[563,252],"_rootPartCFrame":[761.206,228.749,46.959,-0.028,0,1,0,1,0,-1,0,-0.028],"_humanoidState":5,"_cameraCFrame":[766.042,250.319,46.266,-0.142,-0.962,0.234,0,0.236,0.972,-0.99,0.138,-0.034],"_shiftlockState":false,"_pose":"FreeFall","_animationQueue":[],"_animationSpeed":1,"_zoom":20.656},{"_mousePosition":[563,252],"_rootPartCFrame":[760.942,229.094,46.991,-0.04,0,0.999,0,1,0,-0.999,0,-0.04],"_humanoidState":5,"_cameraCFrame":[765.762,250.664,46.2,-0.162,-0.959,0.233,0,0.236,0.972,-0.987,0.157,-0.038],"_shiftlockState":false,"_pose":"FreeFall","_animationQueue":[],"_animationSpeed":1,"_zoom":20.656},{"_mousePosition":[563,252],"_rootPartCFrame":[760.612,229.449,47.038,-0.057,0,0.998,0,1,0,-0.998,0,-0.057],"_humanoidState":5,"_cameraCFrame":[765.372,251.028,46.132,-0.187,-0.955,0.23,0,0.235,0.972,-0.982,0.182,-0.044],"_shiftlockState":false,"_pose":"FreeFall","_animationQueue":[],"_animationSpeed":1,"_zoom":20.656},{"_mousePosition":[563,252],"_rootPartCFrame":[760.414,229.621,47.069,-0.067,0,0.998,0,1,0,-0.998,0,-0.067],"_humanoidState":5,"_cameraCFrame":[765.148,251.2,46.032,-0.214,-0.95,0.229,0,0.235,0.972,-0.977,0.208,-0.05],"_shiftlockState":false,"_pose":"FreeFall","_animationQueue":[],"_animationSpeed":1,"_zoom":20.656},{"_mousePosition":[563,252],"_rootPartCFrame":[760.152,229.803,47.118,-0.083,0,0.997,0,1,0,-0.997,0,-0.083],"_humanoidState":5,"_cameraCFrame":[764.814,251.391,45.947,-0.244,-0.943,0.226,0,0.233,0.973,-0.97,0.237,-0.057],"_shiftlockState":false,"_pose":"FreeFall","_animationQueue":[],"_animationSpeed":1,"_zoom":20.656},{"_mousePosition":[563,252],"_rootPartCFrame":[759.891,229.93,47.174,-0.1,0,0.995,0,1,0,-0.995,0,-0.1],"_humanoidState":5,"_cameraCFrame":[764.443,251.537,45.895,-0.271,-0.937,0.22,0,0.229,0.973,-0.963,0.263,-0.062],"_shiftlockState":false,"_pose":"FreeFall","_animationQueue":[],"_animationSpeed":1,"_zoom":20.656},{"_mousePosition":[563,252],"_rootPartCFrame":[759.632,230.002,47.238,-0.118,0,0.993,0,1,0,-0.993,0,-0.118],"_humanoidState":5,"_cameraCFrame":[764.113,251.619,45.855,-0.295,-0.931,0.217,0,0.227,0.974,-0.956,0.287,-0.067],"_shiftlockState":false,"_pose":"FreeFall","_animationQueue":[],"_animationSpeed":1,"_zoom":20.656},{"_mousePosition":[563,252],"_rootPartCFrame":[759.311,230.016,47.327,-0.144,0,0.99,0,1,0,-0.99,0,-0.144],"_humanoidState":5,"_cameraCFrame":[763.759,251.633,45.843,-0.317,-0.924,0.215,0,0.227,0.974,-0.949,0.308,-0.072],"_shiftlockState":false,"_pose":"FreeFall","_animationQueue":[["fall",0.3]],"_animationSpeed":1,"_zoom":20.656},{"_mousePosition":[563,252],"_rootPartCFrame":[759.12,229.984,47.385,-0.159,0,0.987,0,1,0,-0.987,0,-0.159],"_humanoidState":5,"_cameraCFrame":[763.537,251.601,45.811,-0.336,-0.917,0.214,0,0.227,0.974,-0.942,0.327,-0.076],"_shiftlockState":false,"_pose":"FreeFall","_animationQueue":[],"_animationSpeed":1,"_zoom":20.656},{"_mousePosition":[563,252],"_rootPartCFrame":[758.866,229.893,47.468,-0.18,0,0.984,0,1,0,-0.984,0,-0.18],"_humanoidState":5,"_cameraCFrame":[763.238,251.51,45.772,-0.362,-0.908,0.212,0,0.227,0.974,-0.932,0.352,-0.082],"_shiftlockState":false,"_pose":"FreeFall","_animationQueue":[],"_animationSpeed":1,"_zoom":20.656},{"_mousePosition":[563,252],"_rootPartCFrame":[758.615,229.748,47.557,-0.201,0,0.98,0,1,0,-0.98,0,-0.201],"_humanoidState":5,"_cameraCFrame":[762.965,251.365,45.806,-0.374,-0.903,0.211,0,0.227,0.974,-0.928,0.364,-0.085],"_shiftlockState":false,"_pose":"FreeFall","_animationQueue":[],"_animationSpeed":1,"_zoom":20.656},{"_mousePosition":[563,252],"_rootPartCFrame":[758.366,229.548,47.653,-0.223,0,0.975,0,1,0,-0.975,0,-0.223],"_humanoidState":5,"_cameraCFrame":[762.662,251.174,45.872,-0.383,-0.9,0.208,0,0.225,0.974,-0.924,0.373,-0.086],"_shiftlockState":false,"_pose":"FreeFall","_animationQueue":[],"_animationSpeed":1,"_zoom":20.656},{"_mousePosition":[563,252],"_rootPartCFrame":[758.119,229.294,47.752,-0.244,0,0.97,0,1,0,-0.97,0,-0.244],"_humanoidState":5,"_cameraCFrame":[762.414,250.919,45.971,-0.383,-0.9,0.208,0,0.225,0.974,-0.924,0.373,-0.086],"_shiftlockState":false,"_pose":"FreeFall","_animationQueue":[],"_animationSpeed":1,"_zoom":20.656},{"_mousePosition":[563,252],"_rootPartCFrame":[757.872,228.985,47.854,-0.263,0,0.965,0,1,0,-0.965,0,-0.263],"_humanoidState":5,"_cameraCFrame":[762.168,250.611,46.073,-0.383,-0.9,0.208,0,0.225,0.974,-0.924,0.373,-0.086],"_shiftlockState":false,"_pose":"FreeFall","_animationQueue":[],"_animationSpeed":1,"_zoom":20.656},{"_mousePosition":[563,252],"_rootPartCFrame":[757.626,228.621,47.956,-0.28,0,0.96,0,1,0,-0.96,0,-0.28],"_humanoidState":5,"_cameraCFrame":[761.921,250.247,46.175,-0.383,-0.9,0.208,0,0.225,0.974,-0.924,0.373,-0.086],"_shiftlockState":false,"_pose":"FreeFall","_animationQueue":[["fall",0.3]],"_animationSpeed":1,"_zoom":20.656},{"_mousePosition":[563,252],"_rootPartCFrame":[757.379,228.204,48.058,-0.295,0,0.956,0,1,0,-0.956,0,-0.295],"_humanoidState":5,"_cameraCFrame":[761.675,249.829,46.277,-0.383,-0.9,0.208,0,0.225,0.974,-0.924,0.373,-0.086],"_shiftlockState":false,"_pose":"FreeFall","_animationQueue":[],"_animationSpeed":1,"_zoom":20.656},{"_mousePosition":[563,252],"_rootPartCFrame":[757.133,227.731,48.16,-0.307,0,0.952,0,1,0,-0.952,0,-0.307],"_humanoidState":5,"_cameraCFrame":[761.429,249.357,46.379,-0.383,-0.9,0.208,0,0.225,0.974,-0.924,0.373,-0.086],"_shiftlockState":false,"_pose":"FreeFall","_animationQueue":[],"_animationSpeed":1,"_zoom":20.656},{"_mousePosition":[563,252],"_rootPartCFrame":[756.887,227.204,48.262,-0.318,0,0.948,0,1,0,-0.948,0,-0.318],"_humanoidState":5,"_cameraCFrame":[761.182,248.83,46.481,-0.383,-0.9,0.208,0,0.225,0.974,-0.924,0.373,-0.086],"_shiftlockState":false,"_pose":"FreeFall","_animationQueue":[],"_animationSpeed":1,"_zoom":20.656},{"_mousePosition":[563,252],"_rootPartCFrame":[756.64,226.623,48.364,-0.327,0,0.945,0,1,0,-0.945,0,-0.327],"_humanoidState":5,"_cameraCFrame":[760.936,248.249,46.584,-0.383,-0.9,0.208,0,0.225,0.974,-0.924,0.373,-0.086],"_shiftlockState":false,"_pose":"FreeFall","_animationQueue":[],"_animationSpeed":1,"_zoom":20.656},{"_mousePosition":[563,252],"_rootPartCFrame":[756.394,225.987,48.466,-0.335,0,0.942,0,1,0,-0.942,0,-0.335],"_humanoidState":5,"_cameraCFrame":[760.694,247.613,46.697,-0.381,-0.901,0.208,0,0.225,0.974,-0.925,0.371,-0.086],"_shiftlockState":false,"_pose":"FreeFall","_animationQueue":[],"_animationSpeed":1,"_zoom":20.656},{"_mousePosition":[563,252],"_rootPartCFrame":[756.148,225.297,48.568,-0.342,0,0.94,0,1,0,-0.94,0,-0.342],"_humanoidState":5,"_cameraCFrame":[760.461,246.923,46.831,-0.374,-0.904,0.209,0,0.225,0.974,-0.928,0.364,-0.084],"_shiftlockState":false,"_pose":"FreeFall","_animationQueue":[["fall",0.3]],"_animationSpeed":1,"_zoom":20.656},{"_mousePosition":[563,252],"_rootPartCFrame":[755.901,224.552,48.67,-0.348,0,0.938,0,1,0,-0.938,0,-0.348],"_humanoidState":5,"_cameraCFrame":[760.245,246.178,47.01,-0.357,-0.91,0.21,0,0.225,0.974,-0.934,0.348,-0.08],"_shiftlockState":false,"_pose":"FreeFall","_animationQueue":[],"_animationSpeed":1,"_zoom":20.656},{"_mousePosition":[563,252],"_rootPartCFrame":[755.654,223.753,48.77,-0.352,0,0.936,0,1,0,-0.936,0,-0.352],"_humanoidState":5,"_cameraCFrame":[760.059,245.369,47.162,-0.343,-0.915,0.213,0,0.227,0.974,-0.939,0.334,-0.078],"_shiftlockState":false,"_pose":"FreeFall","_animationQueue":[],"_animationSpeed":1,"_zoom":20.656},{"_mousePosition":[563,252],"_rootPartCFrame":[755.405,222.899,48.866,-0.353,0,0.935,0,1,0,-0.935,0,-0.353],"_humanoidState":7,"_cameraCFrame":[759.834,244.515,47.325,-0.329,-0.92,0.214,0,0.227,0.974,-0.944,0.32,-0.075],"_shiftlockState":false,"_pose":"FreeFall","_animationQueue":[["walk",0.1],["fall",0.3],["fall",0.3]],"_animationSpeed":1,"_zoom":20.656},{"_mousePosition":[563,252],"_rootPartCFrame":[755.155,222.48,48.958,-0.353,0,0.936,0,1,0,-0.936,0,-0.353],"_humanoidState":7,"_cameraCFrame":[759.636,244.088,47.45,-0.319,-0.923,0.217,0,0.229,0.973,-0.948,0.31,-0.073],"_shiftlockState":false,"_pose":"FreeFall","_animationQueue":[],"_animationSpeed":1,"_zoom":20.656},{"_mousePosition":[563,252],"_rootPartCFrame":[754.84,222.556,49.068,-0.349,0,0.937,0,1,0,-0.937,0,-0.349],"_humanoidState":8,"_cameraCFrame":[759.34,244.163,47.616,-0.307,-0.926,0.218,0,0.229,0.973,-0.952,0.299,-0.07],"_shiftlockState":false,"_pose":"Running","_animationQueue":[["walk",0.1],["fall",0.3],["walk",0.1]],"_animationSpeed":1.103,"_zoom":20.656},{"_mousePosition":[563,252],"_rootPartCFrame":[754.588,223.429,49.155,-0.346,0,0.938,0,1,0,-0.938,0,-0.346],"_humanoidState":3,"_cameraCFrame":[759.099,245.036,47.738,-0.3,-0.929,0.218,0,0.229,0.973,-0.954,0.292,-0.069],"_shiftlockState":false,"_pose":"Jumping","_animationQueue":[["walk",0.1],["jump",0.1]],"_animationSpeed":1,"_zoom":20.656},{"_mousePosition":[563,252],"_rootPartCFrame":[754.335,224.251,49.238,-0.341,0,0.94,0,1,0,-0.94,0,-0.341],"_humanoidState":5,"_cameraCFrame":[758.856,245.858,47.855,-0.292,-0.931,0.219,0,0.229,0.973,-0.956,0.285,-0.067],"_shiftlockState":false,"_pose":"FreeFall","_animationQueue":[["jump",0.1]],"_animationSpeed":1,"_zoom":20.656},{"_mousePosition":[563,252],"_rootPartCFrame":[754.08,225.018,49.318,-0.336,0,0.942,0,1,0,-0.942,0,-0.336],"_humanoidState":5,"_cameraCFrame":[758.609,246.626,47.958,-0.288,-0.932,0.219,0,0.229,0.973,-0.958,0.28,-0.066],"_shiftlockState":false,"_pose":"FreeFall","_animationQueue":[],"_animationSpeed":1,"_zoom":20.656},{"_mousePosition":[563,252],"_rootPartCFrame":[753.825,225.731,49.396,-0.33,0,0.944,0,1,0,-0.944,0,-0.33],"_humanoidState":5,"_cameraCFrame":[758.402,247.33,48.06,-0.28,-0.934,0.222,0,0.231,0.973,-0.96,0.273,-0.065],"_shiftlockState":false,"_pose":"FreeFall","_animationQueue":[],"_animationSpeed":1,"_zoom":20.656},{"_mousePosition":[563,252],"_rootPartCFrame":[753.57,226.39,49.473,-0.325,0,0.946,0,1,0,-0.946,0,-0.325],"_humanoidState":5,"_cameraCFrame":[758.191,247.979,48.149,-0.275,-0.935,0.224,0,0.233,0.973,-0.961,0.268,-0.064],"_shiftlockState":false,"_pose":"FreeFall","_animationQueue":[],"_animationSpeed":1,"_zoom":20.656},{"_mousePosition":[563,252],"_rootPartCFrame":[753.314,226.994,49.548,-0.319,0,0.948,0,1,0,-0.948,0,-0.319],"_humanoidState":5,"_cameraCFrame":[757.948,248.583,48.271,-0.266,-0.938,0.224,0,0.233,0.973,-0.964,0.258,-0.062],"_shiftlockState":false,"_pose":"FreeFall","_animationQueue":[],"_animationSpeed":1,"_zoom":20.656},{"_mousePosition":[563,252],"_rootPartCFrame":[753.058,227.543,49.622,-0.313,0,0.95,0,1,0,-0.95,0,-0.313],"_humanoidState":5,"_cameraCFrame":[757.745,249.123,48.394,-0.253,-0.94,0.227,0,0.235,0.972,-0.967,0.246,-0.059],"_shiftlockState":false,"_pose":"FreeFall","_animationQueue":[],"_animationSpeed":1,"_zoom":20.656},{"_mousePosition":[563,252],"_rootPartCFrame":[752.801,228.038,49.693,-0.307,0,0.952,0,1,0,-0.952,0,-0.307],"_humanoidState":5,"_cameraCFrame":[757.512,249.618,48.56,-0.234,-0.945,0.228,0,0.235,0.972,-0.972,0.227,-0.055],"_shiftlockState":false,"_pose":"FreeFall","_animationQueue":[],"_animationSpeed":1,"_zoom":20.656},{"_mousePosition":[563,252],"_rootPartCFrame":[752.543,228.479,49.761,-0.3,0,0.954,0,1,0,-0.954,0,-0.3],"_humanoidState":5,"_cameraCFrame":[757.266,250.059,48.676,-0.224,-0.947,0.229,0,0.235,0.972,-0.975,0.218,-0.053],"_shiftlockState":false,"_pose":"FreeFall","_animationQueue":[],"_animationSpeed":1,"_zoom":20.656},{"_mousePosition":[563,252],"_rootPartCFrame":[752.219,228.953,49.84,-0.29,0,0.957,0,1,0,-0.957,0,-0.29],"_humanoidState":5,"_cameraCFrame":[756.947,250.533,48.779,-0.219,-0.948,0.229,0,0.235,0.972,-0.976,0.213,-0.051],"_shiftlockState":false,"_pose":"FreeFall","_animationQueue":[],"_animationSpeed":1,"_zoom":20.656},{"_mousePosition":[563,252],"_rootPartCFrame":[752.024,229.197,49.885,-0.283,0,0.959,0,1,0,-0.959,0,-0.283],"_humanoidState":5,"_cameraCFrame":[756.755,250.776,48.836,-0.217,-0.949,0.229,0,0.235,0.972,-0.976,0.211,-0.051],"_shiftlockState":false,"_pose":"FreeFall","_animationQueue":[],"_animationSpeed":1,"_zoom":20.656},{"_mousePosition":[563,252],"_rootPartCFrame":[751.764,229.474,49.944,-0.275,0,0.962,0,1,0,-0.962,0,-0.275],"_humanoidState":5,"_cameraCFrame":[756.495,251.053,48.894,-0.217,-0.949,0.229,0,0.235,0.972,-0.976,0.211,-0.051],"_shiftlockState":false,"_pose":"FreeFall","_animationQueue":[],"_animationSpeed":1,"_zoom":20.656},{"_mousePosition":[563,252],"_rootPartCFrame":[751.504,229.696,50.002,-0.267,0,0.964,0,1,0,-0.964,0,-0.267],"_humanoidState":5,"_cameraCFrame":[756.276,251.266,48.956,-0.214,-0.949,0.231,0,0.236,0.972,-0.977,0.208,-0.051],"_shiftlockState":false,"_pose":"FreeFall","_animationQueue":[],"_animationSpeed":1,"_zoom":20.656},{"_mousePosition":[563,252],"_rootPartCFrame":[751.244,229.864,50.06,-0.26,0,0.966,0,1,0,-0.966,0,-0.26],"_humanoidState":5,"_cameraCFrame":[756.018,251.434,49.026,-0.212,-0.95,0.231,0,0.236,0.972,-0.977,0.206,-0.05],"_shiftlockState":false,"_pose":"FreeFall","_animationQueue":[],"_animationSpeed":1,"_zoom":20.656},{"_mousePosition":[563,252],"_rootPartCFrame":[750.983,229.978,50.117,-0.253,0,0.967,0,1,0,-0.967,0,-0.253],"_humanoidState":5,"_cameraCFrame":[755.763,251.548,49.107,-0.207,-0.951,0.231,0,0.236,0.972,-0.978,0.201,-0.049],"_shiftlockState":false,"_pose":"FreeFall","_animationQueue":[],"_animationSpeed":1,"_zoom":20.656},{"_mousePosition":[563,252],"_rootPartCFrame":[750.723,230.037,50.173,-0.248,0,0.969,0,1,0,-0.969,0,-0.248],"_humanoidState":5,"_cameraCFrame":[755.545,251.597,49.18,-0.202,-0.951,0.233,0,0.238,0.971,-0.979,0.196,-0.048],"_shiftlockState":false,"_pose":"FreeFall","_animationQueue":[],"_animationSpeed":1,"_zoom":20.656},{"_mousePosition":[563,252],"_rootPartCFrame":[750.462,230.041,50.229,-0.242,0,0.97,0,1,0,-0.97,0,-0.242],"_humanoidState":5,"_cameraCFrame":[755.289,251.602,49.26,-0.197,-0.952,0.234,0,0.238,0.971,-0.98,0.191,-0.047],"_shiftlockState":false,"_pose":"FreeFall","_animationQueue":[],"_animationSpeed":1,"_zoom":20.656},{"_mousePosition":[563,252],"_rootPartCFrame":[750.2,229.991,50.283,-0.237,0,0.972,0,1,0,-0.972,0,-0.237],"_humanoidState":5,"_cameraCFrame":[755.035,251.552,49.35,-0.189,-0.954,0.234,0,0.238,0.971,-0.982,0.184,-0.045],"_shiftlockState":false,"_pose":"FreeFall","_animationQueue":[],"_animationSpeed":1,"_zoom":20.656},{"_mousePosition":[563,252],"_rootPartCFrame":[749.939,229.887,50.335,-0.231,0,0.973,0,1,0,-0.973,0,-0.231],"_humanoidState":5,"_cameraCFrame":[754.785,251.447,49.464,-0.177,-0.956,0.235,0,0.238,0.971,-0.984,0.172,-0.042],"_shiftlockState":false,"_pose":"FreeFall","_animationQueue":[],"_animationSpeed":1,"_zoom":20.656},{"_mousePosition":[563,252],"_rootPartCFrame":[749.677,229.728,50.386,-0.226,0,0.974,0,1,0,-0.974,0,-0.226],"_humanoidState":5,"_cameraCFrame":[754.53,251.288,49.552,-0.169,-0.957,0.235,0,0.238,0.971,-0.986,0.165,-0.04],"_shiftlockState":false,"_pose":"FreeFall","_animationQueue":[],"_animationSpeed":1,"_zoom":20.656},{"_mousePosition":[563,252],"_rootPartCFrame":[749.415,229.514,50.434,-0.22,0,0.976,0,1,0,-0.976,0,-0.22],"_humanoidState":5,"_cameraCFrame":[754.274,251.075,49.636,-0.162,-0.958,0.235,0,0.238,0.971,-0.987,0.157,-0.039],"_shiftlockState":false,"_pose":"FreeFall","_animationQueue":[],"_animationSpeed":1,"_zoom":20.656},{"_mousePosition":[563,252],"_rootPartCFrame":[749.152,229.246,50.479,-0.213,0,0.977,0,1,0,-0.977,0,-0.213],"_humanoidState":5,"_cameraCFrame":[754.017,250.807,49.719,-0.154,-0.96,0.236,0,0.238,0.971,-0.988,0.15,-0.037],"_shiftlockState":false,"_pose":"FreeFall","_animationQueue":[],"_animationSpeed":1,"_zoom":20.656},{"_mousePosition":[563,252],"_rootPartCFrame":[748.889,228.924,50.523,-0.206,0,0.978,0,1,0,-0.978,0,-0.206],"_humanoidState":5,"_cameraCFrame":[753.76,250.484,49.799,-0.147,-0.961,0.236,0,0.238,0.971,-0.989,0.143,-0.035],"_shiftlockState":false,"_pose":"FreeFall","_animationQueue":[],"_animationSpeed":1,"_zoom":20.656},{"_mousePosition":[563,252],"_rootPartCFrame":[748.626,228.547,50.564,-0.2,0,0.98,0,1,0,-0.98,0,-0.2],"_humanoidState":5,"_cameraCFrame":[753.503,250.107,49.89,-0.137,-0.962,0.236,0,0.238,0.971,-0.991,0.133,-0.033],"_shiftlockState":false,"_pose":"FreeFall","_animationQueue":[],"_animationSpeed":1,"_zoom":20.656},{"_mousePosition":[563,252],"_rootPartCFrame":[748.296,227.999,50.613,-0.191,0,0.982,0,1,0,-0.982,0,-0.191],"_humanoidState":5,"_cameraCFrame":[753.18,249.559,49.989,-0.127,-0.963,0.236,0,0.238,0.971,-0.992,0.123,-0.03],"_shiftlockState":false,"_pose":"FreeFall","_animationQueue":[],"_animationSpeed":1,"_zoom":20.656},{"_mousePosition":[563,252],"_rootPartCFrame":[748.098,227.629,50.641,-0.186,0,0.983,0,1,0,-0.983,0,-0.186],"_humanoidState":5,"_cameraCFrame":[752.988,249.19,50.066,-0.117,-0.965,0.237,0,0.238,0.971,-0.993,0.113,-0.028],"_shiftlockState":false,"_pose":"FreeFall","_animationQueue":[],"_animationSpeed":1,"_zoom":20.656},{"_mousePosition":[563,252],"_rootPartCFrame":[747.834,227.089,50.675,-0.178,0,0.984,0,1,0,-0.984,0,-0.178],"_humanoidState":5,"_cameraCFrame":[752.73,248.649,50.15,-0.107,-0.966,0.237,0,0.238,0.971,-0.994,0.104,-0.025],"_shiftlockState":false,"_pose":"FreeFall","_animationQueue":[["fall",0.3]],"_animationSpeed":1,"_zoom":20.656},{"_mousePosition":[563,252],"_rootPartCFrame":[747.569,226.494,50.707,-0.17,0,0.985,0,1,0,-0.985,0,-0.17],"_humanoidState":5,"_cameraCFrame":[752.47,248.054,50.231,-0.097,-0.967,0.237,0,0.238,0.971,-0.995,0.094,-0.023],"_shiftlockState":false,"_pose":"FreeFall","_animationQueue":[],"_animationSpeed":1,"_zoom":20.656},{"_mousePosition":[563,252],"_rootPartCFrame":[747.304,225.844,50.736,-0.162,0,0.987,0,1,0,-0.987,0,-0.162],"_humanoidState":5,"_cameraCFrame":[752.17,247.414,50.313,-0.087,-0.968,0.236,0,0.236,0.972,-0.996,0.084,-0.02],"_shiftlockState":false,"_pose":"FreeFall","_animationQueue":[],"_animationSpeed":1,"_zoom":20.656},{"_mousePosition":[563,252],"_rootPartCFrame":[747.038,225.14,50.762,-0.153,0,0.988,0,1,0,-0.988,0,-0.153],"_humanoidState":5,"_cameraCFrame":[751.908,246.71,50.376,-0.079,-0.969,0.236,0,0.236,0.972,-0.997,0.077,-0.019],"_shiftlockState":false,"_pose":"FreeFall","_animationQueue":[],"_animationSpeed":1,"_zoom":20.656},{"_mousePosition":[563,252],"_rootPartCFrame":[746.773,224.382,50.786,-0.144,0,0.99,0,1,0,-0.99,0,-0.144],"_humanoidState":5,"_cameraCFrame":[751.568,245.971,50.454,-0.069,-0.97,0.232,0,0.233,0.973,-0.998,0.067,-0.016],"_shiftlockState":false,"_pose":"FreeFall","_animationQueue":[],"_animationSpeed":1,"_zoom":20.656},{"_mousePosition":[563,252],"_rootPartCFrame":[746.507,223.569,50.807,-0.136,0,0.991,0,1,0,-0.991,0,-0.136],"_humanoidState":5,"_cameraCFrame":[751.228,245.176,50.553,-0.054,-0.972,0.229,0,0.229,0.973,-0.999,0.052,-0.012],"_shiftlockState":false,"_pose":"FreeFall","_animationQueue":[],"_animationSpeed":1,"_zoom":20.656},{"_mousePosition":[563,252],"_rootPartCFrame":[746.241,222.701,50.826,-0.127,0,0.992,0,1,0,-0.992,0,-0.127],"_humanoidState":7,"_cameraCFrame":[750.925,244.318,50.621,-0.044,-0.973,0.227,0,0.227,0.974,-0.999,0.043,-0.01],"_shiftlockState":false,"_pose":"FreeFall","_animationQueue":[["walk",0.1],["fall",0.3],["fall",0.3]],"_animationSpeed":1,"_zoom":20.656},{"_mousePosition":[563,252],"_rootPartCFrame":[745.974,222.32,50.841,-0.117,0,0.993,0,1,0,-0.993,0,-0.117],"_humanoidState":7,"_cameraCFrame":[750.622,243.946,50.685,-0.034,-0.974,0.225,0,0.225,0.974,-0.999,0.033,-0.008],"_shiftlockState":false,"_pose":"FreeFall","_animationQueue":[["fall",0.3]],"_animationSpeed":1,"_zoom":20.656},{"_mousePosition":[563,252],"_rootPartCFrame":[745.641,222.474,50.856,-0.105,0,0.994,0,1,0,-0.994,0,-0.105],"_humanoidState":8,"_cameraCFrame":[750.29,244.1,50.723,-0.029,-0.974,0.225,0,0.225,0.974,-1,0.028,-0.006],"_shiftlockState":false,"_pose":"Running","_animationQueue":[["walk",0.1],["fall",0.3],["walk",0.1]],"_animationSpeed":1.103,"_zoom":20.656},{"_mousePosition":[563,252],"_rootPartCFrame":[745.375,222.573,50.865,-0.096,0,0.995,0,1,0,-0.995,0,-0.096],"_humanoidState":8,"_cameraCFrame":[750.023,244.199,50.744,-0.026,-0.974,0.225,0,0.225,0.974,-1,0.025,-0.006],"_shiftlockState":false,"_pose":"Running","_animationQueue":[],"_animationSpeed":1.103,"_zoom":20.656},{"_mousePosition":[563,252],"_rootPartCFrame":[745.108,222.63,50.873,-0.086,0,0.996,0,1,0,-0.996,0,-0.086],"_humanoidState":8,"_cameraCFrame":[749.757,244.256,50.752,-0.026,-0.974,0.225,0,0.225,0.974,-1,0.025,-0.006],"_shiftlockState":false,"_pose":"Running","_animationQueue":[],"_animationSpeed":1.103,"_zoom":20.656},{"_mousePosition":[563,252],"_rootPartCFrame":[744.842,222.662,50.88,-0.078,0,0.997,0,1,0,-0.997,0,-0.078],"_humanoidState":8,"_cameraCFrame":[749.49,244.288,50.759,-0.026,-0.974,0.225,0,0.225,0.974,-1,0.025,-0.006],"_shiftlockState":false,"_pose":"Running","_animationQueue":[],"_animationSpeed":1.103,"_zoom":20.656},{"_mousePosition":[563,252],"_rootPartCFrame":[744.508,223.746,50.889,-0.068,0,0.998,0,1,0,-0.998,0,-0.068],"_humanoidState":3,"_cameraCFrame":[749.157,245.371,50.768,-0.026,-0.974,0.225,0,0.225,0.974,-1,0.025,-0.006],"_shiftlockState":false,"_pose":"Jumping","_animationQueue":[["walk",0.1],["jump",0.1]],"_animationSpeed":1,"_zoom":20.656},{"_mousePosition":[563,252],"_rootPartCFrame":[744.309,224.357,50.894,-0.063,0,0.998,0,1,0,-0.998,0,-0.063],"_humanoidState":5,"_cameraCFrame":[748.957,245.983,50.785,-0.023,-0.974,0.225,0,0.225,0.974,-1,0.023,-0.005],"_shiftlockState":false,"_pose":"FreeFall","_animationQueue":[["jump",0.1]],"_animationSpeed":1,"_zoom":20.656},{"_mousePosition":[563,252],"_rootPartCFrame":[744.042,225.125,50.901,-0.058,0,0.998,0,1,0,-0.998,0,-0.058],"_humanoidState":5,"_cameraCFrame":[748.691,246.75,50.792,-0.023,-0.974,0.225,0,0.225,0.974,-1,0.023,-0.005],"_shiftlockState":false,"_pose":"FreeFall","_animationQueue":[],"_animationSpeed":1,"_zoom":20.656},{"_mousePosition":[563,252],"_rootPartCFrame":[743.775,225.838,50.907,-0.053,0,0.999,0,1,0,-0.999,0,-0.053],"_humanoidState":5,"_cameraCFrame":[748.424,247.463,50.798,-0.023,-0.974,0.225,0,0.225,0.974,-1,0.023,-0.005],"_shiftlockState":false,"_pose":"FreeFall","_animationQueue":[],"_animationSpeed":1,"_zoom":20.656},{"_mousePosition":[563,252],"_rootPartCFrame":[743.442,226.652,50.915,-0.048,0,0.999,0,1,0,-0.999,0,-0.048],"_humanoidState":5,"_cameraCFrame":[748.091,248.278,50.806,-0.023,-0.974,0.225,0,0.225,0.974,-1,0.023,-0.005],"_shiftlockState":false,"_pose":"FreeFall","_animationQueue":[],"_animationSpeed":1,"_zoom":20.656},{"_mousePosition":[563,252],"_rootPartCFrame":[743.242,227.1,50.92,-0.045,0,0.999,0,1,0,-0.999,0,-0.045],"_humanoidState":5,"_cameraCFrame":[747.891,248.726,50.81,-0.023,-0.974,0.225,0,0.225,0.974,-1,0.023,-0.005],"_shiftlockState":false,"_pose":"FreeFall","_animationQueue":[],"_animationSpeed":1,"_zoo