[{"_mousePosition":[698,295],"_rootPartCFrame":[776.026,222.7,47.142,0.003,0,1,0,1,0,-1,0,0.003],"_humanoidState":8,"_cameraCFrame":[783.249,243.545,46.64,-0.069,-0.934,0.35,0,0.351,0.937,-0.998,0.065,-0.024],"_shiftlockState":false,"_pose":"Standing","_animationQueue":[],"_animationSpeed":1,"_zoom":20.656},{"_mousePosition":[698,295],"_rootPartCFrame":[775.78,222.7,47.159,-0.007,0,1,0,1,0,-1,0,-0.007],"_humanoidState":8,"_cameraCFrame":[782.928,243.573,46.663,-0.069,-0.936,0.346,0,0.347,0.938,-0.998,0.065,-0.024],"_shiftlockState":false,"_pose":"Standing","_animationQueue":[],"_animationSpeed":1,"_zoom":20.656},{"_mousePosition":[698,295],"_rootPartCFrame":[775.514,222.7,47.178,-0.016,0,1,0,1,0,-1,0,-0.016],"_humanoidState":8,"_cameraCFrame":[782.625,243.587,46.684,-0.069,-0.936,0.344,0,0.345,0.939,-0.998,0.065,-0.024],"_shiftlockState":false,"_pose":"Running","_animationQueue":[["walk",0.1]],"_animationSpeed":1.066,"_zoom":20.656},{"_mousePosition":[698,295],"_rootPartCFrame":[775.248,222.7,47.196,-0.023,0,1,0,1,0,-1,0,-0.023],"_humanoidState":8,"_cameraCFrame":[782.323,243.601,46.723,-0.067,-0.937,0.342,0,0.343,0.939,-0.998,0.063,-0.023],"_shiftlockState":false,"_pose":"Running","_animationQueue":[],"_animationSpeed":1.066,"_zoom":20.656},{"_mousePosition":[698,295],"_rootPartCFrame":[774.982,222.7,47.215,-0.029,0,1,0,1,0,-1,0,-0.029],"_humanoidState":8,"_cameraCFrame":[782.019,243.615,46.744,-0.067,-0.938,0.341,0,0.341,0.94,-0.998,0.063,-0.023],"_shiftlockState":false,"_pose":"Running","_animationQueue":[],"_animationSpeed":1.066,"_zoom":20.656},{"_mousePosition":[698,295],"_rootPartCFrame":[774.716,222.7,47.233,-0.034,0,0.999,0,1,0,-0.999,0,-0.034],"_humanoidState":8,"_cameraCFrame":[781.717,243.628,46.8,-0.062,-0.939,0.339,0,0.34,0.941,-0.998,0.058,-0.021],"_shiftlockState":false,"_pose":"Running","_animationQueue":[["walk",0.1]],"_animationSpeed":1.066,"_zoom":20.656},{"_mousePosition":[698,295],"_rootPartCFrame":[774.45,222.7,47.251,-0.039,0,0.999,0,1,0,-0.999,0,-0.039],"_humanoidState":8,"_cameraCFrame":[781.414,243.642,46.837,-0.059,-0.94,0.337,0,0.338,0.941,-0.998,0.056,-0.02],"_shiftlockState":false,"_pose":"Running","_animationQueue":[],"_animationSpeed":1.066,"_zoom":20.656},{"_mousePosition":[698,295],"_rootPartCFrame":[774.184,222.7,47.267,-0.042,0,0.999,0,1,0,-0.999,0,-0.042],"_humanoidState":8,"_cameraCFrame":[781.112,243.655,46.891,-0.054,-0.941,0.335,0,0.336,0.942,-0.999,0.051,-0.018],"_shiftlockState":false,"_pose":"Running","_animationQueue":[],"_animationSpeed":1.066,"_zoom":20.656},{"_mousePosition":[698,295],"_rootPartCFrame":[773.918,222.7,47.283,-0.044,0,0.999,0,1,0,-0.999,0,-0.044],"_humanoidState":8,"_cameraCFrame":[780.773,243.682,46.963,-0.047,-0.942,0.332,0,0.332,0.943,-0.999,0.044,-0.015],"_shiftlockState":false,"_pose":"Running","_animationQueue":[],"_animationSpeed":1.066,"_zoom":20.656},{"_mousePosition":[698,295],"_rootPartCFrame":[773.652,222.7,47.298,-0.046,0,0.999,0,1,0,-0.999,0,-0.046],"_humanoidState":8,"_cameraCFrame":[780.471,243.696,47.031,-0.039,-0.943,0.33,0,0.33,0.944,-0.999,0.037,-0.013],"_shiftlockState":false,"_pose":"Running","_animationQueue":[],"_animationSpeed":1.066,"_zoom":20.656},{"_mousePosition":[698,295],"_rootPartCFrame":[773.385,222.7,47.31,-0.046,0,0.999,0,1,0,-0.999,0,-0.046],"_humanoidState":8,"_cameraCFrame":[780.168,243.709,47.08,-0.034,-0.944,0.328,0,0.329,0.944,-0.999,0.032,-0.011],"_shiftlockState":false,"_pose":"Running","_animationQueue":[],"_animationSpeed":1.066,"_zoom":20.656},{"_mousePosition":[698,295],"_rootPartCFrame":[773.119,222.7,47.321,-0.045,0,0.999,0,1,0,-0.999,0,-0.045],"_humanoidState":8,"_cameraCFrame":[779.902,243.709,47.108,-0.031,-0.944,0.328,0,0.329,0.944,-1,0.03,-0.01],"_shiftlockState":false,"_pose":"Running","_animationQueue":[],"_animationSpeed":1.066,"_zoom":20.656},{"_mousePosition":[698,295],"_rootPartCFrame":[772.852,222.7,47.33,-0.044,0,0.999,0,1,0,-0.999,0,-0.044],"_humanoidState":8,"_cameraCFrame":[779.636,243.709,47.117,-0.031,-0.944,0.328,0,0.329,0.944,-1,0.03,-0.01],"_shiftlockState":false,"_pose":"Running","_animationQueue":[["walk",0.1]],"_animationSpeed":1.066,"_zoom":20.656},{"_mousePosition":[698,295],"_rootPartCFrame":[772.586,222.7,47.338,-0.042,0,0.999,0,1,0,-0.999,0,-0.042],"_humanoidState":8,"_cameraCFrame":[779.369,243.709,47.125,-0.031,-0.944,0.328,0,0.329,0.944,-1,0.03,-0.01],"_shiftlockState":false,"_pose":"Running","_animationQueue":[],"_animationSpeed":1.066,"_zoom":20.656},{"_mousePosition":[698,295],"_rootPartCFrame":[772.319,222.717,47.347,-0.041,0,0.999,0,1,0,-0.999,0,-0.041],"_humanoidState":8,"_cameraCFrame":[779.103,243.726,47.133,-0.031,-0.944,0.328,0,0.329,0.944,-1,0.03,-0.01],"_shiftlockState":false,"_pose":"Running","_animationQueue":[],"_animationSpeed":1.066,"_zoom":20.656},{"_mousePosition":[698,295],"_rootPartCFrame":[772.053,222.748,47.355,-0.039,0,0.999,0,1,0,-0.999,0,-0.039],"_humanoidState":8,"_cameraCFrame":[778.836,243.757,47.142,-0.031,-0.944,0.328,0,0.329,0.944,-1,0.03,-0.01],"_shiftlockState":false,"_pose":"Running","_animationQueue":[],"_animationSpeed":1.066,"_zoom":20.656},{"_mousePosition":[698,295],"_rootPartCFrame":[771.786,222.744,47.363,-0.038,0,0.999,0,1,0,-0.999,0,-0.038],"_humanoidState":8,"_cameraCFrame":[778.571,243.753,47.185,-0.026,-0.944,0.328,0,0.329,0.944,-1,0.025,-0.009],"_shiftlockState":false,"_pose":"Running","_animationQueue":[],"_animationSpeed":1.066,"_zoom":20.656},{"_mousePosition":[698,295],"_rootPartCFrame":[771.52,222.769,47.372,-0.037,0,0.999,0,1,0,-0.999,0,-0.037],"_humanoidState":8,"_cameraCFrame":[778.267,243.791,47.228,-0.021,-0.945,0.327,0,0.327,0.945,-1,0.02,-0.007],"_shiftlockState":false,"_pose":"Running","_animationQueue":[],"_animationSpeed":1.066,"_zoom":20.656},{"_mousePosition":[698,295],"_rootPartCFrame":[771.253,222.793,47.379,-0.036,0,0.999,0,1,0,-0.999,0,-0.036],"_humanoidState":8,"_cameraCFrame":[777.963,243.828,47.27,-0.016,-0.946,0.325,0,0.325,0.946,-1,0.015,-0.005],"_shiftlockState":false,"_pose":"Running","_animationQueue":[["walk",0.1]],"_animationSpeed":1.066,"_zoom":20.656},{"_mousePosition":[698,295],"_rootPartCFrame":[770.987,222.773,47.385,-0.034,0,0.999,0,1,0,-0.999,0,-0.034],"_humanoidState":8,"_cameraCFrame":[777.697,243.809,47.293,-0.014,-0.946,0.325,0,0.325,0.946,-1,0.013,-0.004],"_shiftlockState":false,"_pose":"Running","_animationQueue":[],"_animationSpeed":1.066,"_zoom":20.656},{"_mousePosition":[698,295],"_rootPartCFrame":[770.72,222.828,47.389,-0.032,0,0.999,0,1,0,-0.999,0,-0.032],"_humanoidState":8,"_cameraCFrame":[777.43,243.864,47.331,-0.009,-0.946,0.325,0,0.325,0.946,-1,0.008,-0.003],"_shiftlockState":false,"_pose":"Running","_animationQueue":[],"_animationSpeed":1.066,"_zoom":20.656},{"_mousePosition":[698,295],"_rootPartCFrame":[770.454,222.85,47.393,-0.029,0,1,0,1,0,-1,0,-0.029],"_humanoidState":8,"_cameraCFrame":[777.164,243.886,47.352,-0.006,-0.946,0.325,0,0.325,0.946,-1,0.006,-0.002],"_shiftlockState":false,"_pose":"Running","_animationQueue":[],"_animationSpeed":1.066,"_zoom":20.656},{"_mousePosition":[698,295],"_rootPartCFrame":[770.187,222.824,47.396,-0.027,0,1,0,1,0,-1,0,-0.027],"_humanoidState":8,"_cameraCFrame":[776.897,243.86,47.373,-0.004,-0.946,0.325,0,0.325,0.946,-1,0.003,-0.001],"_shiftlockState":false,"_pose":"Running","_animationQueue":[],"_animationSpeed":1.066,"_zoom":20.656},{"_mousePosition":[698,295],"_rootPartCFrame":[769.92,222.744,47.4,-0.025,0,1,0,1,0,-1,0,-0.025],"_humanoidState":8,"_cameraCFrame":[776.631,243.78,47.393,-0.001,-0.946,0.325,0,0.325,0.946,-1,0.001,0],"_shiftlockState":false,"_pose":"Running","_animationQueue":[],"_animationSpeed":1.066,"_zoom":20.656},{"_mousePosition":[698,295],"_rootPartCFrame":[769.654,222.609,47.404,-0.022,0,1,0,1,0,-1,0,-0.022],"_humanoidState":8,"_cameraCFrame":[776.326,243.658,47.414,0.001,-0.946,0.323,0,0.323,0.946,-1,-0.001,0],"_shiftlockState":false,"_pose":"Running","_animationQueue":[],"_animationSpeed":1.066,"_zoom":20.656},{"_mousePosition":[698,295],"_rootPartCFrame":[769.387,222.42,47.407,-0.02,0,1,0,1,0,-1,0,-0.02],"_humanoidState":8,"_cameraCFrame":[776.06,243.469,47.417,0.001,-0.946,0.323,0,0.323,0.946,-1,-0.001,0],"_shiftlockState":false,"_pose":"Running","_animationQueue":[["walk",0.1]],"_animationSpeed":1.066,"_zoom":20.656},{"_mousePosition":[698,295],"_rootPartCFrame":[769.121,222.176,47.411,-0.017,0,1,0,1,0,-1,0,-0.017],"_humanoidState":8,"_cameraCFrame":[775.793,243.225,47.421,0.001,-0.946,0.323,0,0.323,0.946,-1,-0.001,0],"_shiftlockState":false,"_pose":"Running","_animationQueue":[],"_animationSpeed":1.066,"_zoom":20.656},{"_mousePosition":[698,295],"_rootPartCFrame":[768.854,223.05,47.415,-0.015,0,1,0,1,0,-1,0,-0.015],"_humanoidState":3,"_cameraCFrame":[775.526,244.098,47.425,0.001,-0.946,0.323,0,0.323,0.946,-1,-0.001,0],"_shiftlockState":false,"_pose":"Jumping","_animationQueue":[["walk",0.1],["jump",0.1]],"_animationSpeed":1,"_zoom":20.656},{"_mousePosition":[698,295],"_rootPartCFrame":[768.587,223.872,47.415,-0.013,0,1,0,1,0,-1,0,-0.013],"_humanoidState":5,"_cameraCFrame":[775.26,244.92,47.425,0.001,-0.946,0.323,0,0.323,0.946,-1,-0.001,0],"_shiftlockState":false,"_pose":"FreeFall","_animationQueue":[["jump",0.1]],"_animationSpeed":1,"_zoom":20.656},{"_mousePosition":[698,295],"_rootPartCFrame":[768.321,224.639,47.415,-0.011,0,1,0,1,0,-1,0,-0.011],"_humanoidState":5,"_cameraCFrame":[774.993,245.688,47.424,0.001,-0.946,0.323,0,0.323,0.946,-1,-0.001,0],"_shiftlockState":false,"_pose":"FreeFall","_animationQueue":[],"_animationSpeed":1,"_zoom":20.656},{"_mousePosition":[698,295],"_rootPartCFrame":[768.054,225.352,47.414,-0.009,0,1,0,1,0,-1,0,-0.009],"_humanoidState":5,"_cameraCFrame":[774.727,246.401,47.424,0.001,-0.946,0.323,0,0.323,0.946,-1,-0.001,0],"_shiftlockState":false,"_pose":"FreeFall","_animationQueue":[],"_animationSpeed":1,"_zoom":20.656},{"_mousePosition":[698,295],"_rootPartCFrame":[767.788,226.011,47.414,-0.007,0,1,0,1,0,-1,0,-0.007],"_humanoidState":5,"_cameraCFrame":[774.46,247.059,47.424,0.001,-0.946,0.323,0,0.323,0.946,-1,-0.001,0],"_shiftlockState":false,"_pose":"FreeFall","_animationQueue":[],"_animationSpeed":1,"_zoom":20.656},{"_mousePosition":[698,295],"_rootPartCFrame":[767.521,226.615,47.413,-0.006,0,1,0,1,0,-1,0,-0.006],"_humanoidState":5,"_cameraCFrame":[774.193,247.663,47.423,0.001,-0.946,0.323,0,0.323,0.946,-1,-0.001,0],"_shiftlockState":false,"_pose":"FreeFall","_animationQueue":[],"_animationSpeed":1,"_zoom":20.656},{"_mousePosition":[698,295],"_rootPartCFrame":[767.254,227.164,47.413,-0.005,0,1,0,1,0,-1,0,-0.005],"_humanoidState":5,"_cameraCFrame":[773.927,248.213,47.423,0.001,-0.946,0.323,0,0.323,0.946,-1,-0.001,0],"_shiftlockState":false,"_pose":"FreeFall","_animationQueue":[],"_animationSpeed":1,"_zoom":20.656},{"_mousePosition":[698,295],"_rootPartCFrame":[766.988,227.659,47.413,-0.004,0,1,0,1,0,-1,0,-0.004],"_humanoidState":5,"_cameraCFrame":[773.66,248.708,47.422,0.001,-0.946,0.323,0,0.323,0.946,-1,-0.001,0],"_shiftlockState":false,"_pose":"FreeFall","_animationQueue":[],"_animationSpeed":1,"_zoom":20.656},{"_mousePosition":[698,295],"_rootPartCFrame":[766.721,228.1,47.412,-0.003,0,1,0,1,0,-1,0,-0.003],"_humanoidState":5,"_cameraCFrame":[773.393,249.148,47.456,0.007,-0.946,0.323,0,0.323,0.946,-1,-0.006,0.002],"_shiftlockState":false,"_pose":"FreeFall","_animationQueue":[],"_animationSpeed":1,"_zoom":20.656},{"_mousePosition":[698,295],"_rootPartCFrame":[766.455,228.486,47.412,-0.003,0,1,0,1,0,-1,0,-0.003],"_humanoidState":5,"_cameraCFrame":[773.051,249.56,47.472,0.009,-0.948,0.319,0,0.319,0.948,-1,-0.009,0.003],"_shiftlockState":false,"_pose":"FreeFall","_animationQueue":[],"_animationSpeed":1,"_zoom":20.656},{"_mousePosition":[698,295],"_rootPartCFrame":[766.188,228.817,47.41,-0.002,0,1,0,1,0,-1,0,-0.002],"_humanoidState":5,"_cameraCFrame":[772.784,249.892,47.487,0.012,-0.948,0.319,0,0.319,0.948,-1,-0.011,0.004],"_shiftlockState":false,"_pose":"FreeFall","_animationQueue":[],"_animationSpeed":1,"_zoom":20.656},{"_mousePosition":[698,295],"_rootPartCFrame":[765.921,229.094,47.408,0,0,1,0,1,0,-1,0,0],"_humanoidState":5,"_cameraCFrame":[772.402,250.207,47.532,0.019,-0.949,0.314,0,0.314,0.949,-1,-0.018,0.006],"_shiftlockState":false,"_pose":"FreeFall","_animationQueue":[],"_animationSpeed":1,"_zoom":20.656},{"_mousePosition":[698,295],"_rootPartCFrame":[765.588,229.364,47.404,0.002,0,1,0,1,0,-1,0,0.002],"_humanoidState":5,"_cameraCFrame":[772.068,250.477,47.545,0.022,-0.949,0.314,0,0.314,0.949,-1,-0.021,0.007],"_shiftlockState":false,"_pose":"FreeFall","_animationQueue":[],"_animationSpeed":1,"_zoom":20.656},{"_mousePosition":[698,295],"_rootPartCFrame":[765.388,229.485,47.401,0.003,0,1,0,1,0,-1,0,0.003],"_humanoidState":5,"_cameraCFrame":[771.791,250.623,47.588,0.029,-0.95,0.31,0,0.31,0.951,-1,-0.028,0.009],"_shiftlockState":false,"_pose":"FreeFall","_animationQueue":[],"_animationSpeed":1,"_zoom":20.656},{"_mousePosition":[698,295],"_rootPartCFrame":[765.122,229.598,47.395,0.006,0,1,0,1,0,-1,0,0.006],"_humanoidState":5,"_cameraCFrame":[771.485,250.749,47.598,0.032,-0.951,0.308,0,0.308,0.951,-0.999,-0.03,0.01],"_shiftlockState":false,"_pose":"FreeFall","_animationQueue":[],"_animationSpeed":1,"_zoom":20.656},{"_mousePosition":[698,295],"_rootPartCFrame":[764.855,229.657,47.387,0.008,0,1,0,1,0,-1,0,0.008],"_humanoidState":5,"_cameraCFrame":[771.18,250.82,47.589,0.032,-0.951,0.306,0,0.306,0.952,-0.999,-0.03,0.01],"_shiftlockState":false,"_pose":"FreeFall","_animationQueue":[],"_animationSpeed":1,"_zoom":20.656},{"_mousePosition":[698,295],"_rootPartCFrame":[764.588,229.662,47.379,0.012,0,1,0,1,0,-1,0,0.012],"_humanoidState":5,"_cameraCFrame":[770.875,250.837,47.595,0.034,-0.952,0.304,0,0.305,0.953,-0.999,-0.033,0.01],"_shiftlockState":false,"_pose":"FreeFall","_animationQueue":[],"_animationSpeed":1,"_zoom":20.656},{"_mousePosition":[698,295],"_rootPartCFrame":[764.322,229.612,47.37,0.014,0,1,0,1,0,-1,0,0.014],"_humanoidState":5,"_cameraCFrame":[770.608,250.787,47.603,0.037,-0.952,0.304,0,0.305,0.953,-0.999,-0.035,0.011],"_shiftlockState":false,"_pose":"FreeFall","_animationQueue":[],"_animationSpeed":1,"_zoom":20.656},{"_mousePosition":[698,295],"_rootPartCFrame":[764.055,229.507,47.361,0.017,0,1,0,1,0,-1,0,0.017],"_humanoidState":5,"_cameraCFrame":[770.341,250.682,47.594,0.037,-0.952,0.304,0,0.305,0.953,-0.999,-0.035,0.011],"_shiftlockState":false,"_pose":"FreeFall","_animationQueue":[["fall",0.3]],"_animationSpeed":1,"_zoom":20.656},{"_mousePosition":[698,295],"_rootPartCFrame":[763.789,229.348,47.352,0.02,0,1,0,1,0,-1,0,0.02],"_humanoidState":5,"_cameraCFrame":[770.179,250.991,47.62,0.042,-0.952,0.302,0,0.303,0.953,-0.999,-0.04,0.013],"_shiftlockState":false,"_pose":"FreeFall","_animationQueue":[],"_animationSpeed":1,"_zoom":26.32},{"_mousePosition":[698,295],"_rootPartCFrame":[763.522,229.135,47.342,0.022,0,1,0,1,0,-1,0,0.022],"_humanoidState":5,"_cameraCFrame":[770.113,251.697,47.652,0.047,-0.953,0.299,0,0.299,0.954,-0.999,-0.045,0.014],"_shiftlockState":false,"_pose":"FreeFall","_animationQueue":[],"_animationSpeed":1,"_zoom":26.32},{"_mousePosition":[698,295],"_rootPartCFrame":[763.256,228.867,47.331,0.025,0,1,0,1,0,-1,0,0.025],"_humanoidState":5,"_cameraCFrame":[770.092,252.375,47.722,0.057,-0.953,0.297,0,0.297,0.955,-0.998,-0.055,0.017],"_shiftlockState":false,"_pose":"FreeFall","_animationQueue":[],"_animationSpeed":1,"_zoom":26.32},{"_mousePosition":[698,295],"_rootPartCFrame":[762.989,228.545,47.318,0.028,0,1,0,1,0,-1,0,0.028],"_humanoidState":5,"_cameraCFrame":[770.016,252.835,47.792,0.067,-0.953,0.295,0,0.295,0.955,-0.998,-0.064,0.02],"_shiftlockState":false,"_pose":"FreeFall","_animationQueue":[],"_animationSpeed":1,"_zoom":26.32},{"_mousePosition":[698,295],"_rootPartCFrame":[762.723,228.168,47.304,0.031,0,1,0,1,0,-1,0,0.031],"_humanoidState":5,"_cameraCFrame":[769.901,253.13,47.86,0.077,-0.953,0.292,0,0.293,0.956,-0.997,-0.074,0.023],"_shiftlockState":false,"_pose":"FreeFall","_animationQueue":[],"_animationSpeed":1,"_zoom":26.32},{"_mousePosition":[698,295],"_rootPartCFrame":[762.457,227.736,47.286,0.036,0,0.999,0,1,0,-0.999,0,0.036],"_humanoidState":5,"_cameraCFrame":[769.78,253.197,47.947,0.09,-0.952,0.292,0,0.293,0.956,-0.996,-0.086,0.026],"_shiftlockState":false,"_pose":"FreeFall","_animationQueue":[["fall",0.3]],"_animationSpeed":1,"_zoom":26.32},{"_mousePosition":[698,295],"_rootPartCFrame":[762.191,227.25,47.266,0.041,0,0.999,0,1,0,-0.999,0,0.041],"_humanoidState":5,"_cameraCFrame":[769.564,253.073,48.026,0.103,-0.952,0.29,0,0.292,0.957,-0.995,-0.098,0.03],"_shiftlockState":false,"_pose":"FreeFall","_animationQueue":[],"_animationSpeed":1,"_zoom":26.32},{"_mousePosition":[698,295],"_rootPartCFrame":[761.925,226.71,47.242,0.047,0,0.999,0,1,0,-0.999,0,0.047],"_humanoidState":5,"_cameraCFrame":[769.319,252.814,48.118,0.118,-0.95,0.288,0,0.29,0.957,-0.993,-0.113,0.034],"_shiftlockState":false,"_pose":"FreeFall","_animationQueue":[],"_animationSpeed":1,"_zoom":26.32},{"_mousePosition":[698,295],"_rootPartCFrame":[761.66,226.115,47.216,0.054,0,0.999,0,1,0,-0.999,0,0.054],"_humanoidState":5,"_cameraCFrame":[769.048,252.421,48.205,0.133,-0.949,0.285,0,0.288,0.958,-0.991,-0.127,0.038],"_shiftlockState":false,"_pose":"FreeFall","_animationQueue":[],"_animationSpeed":1,"_zoom":26.32},{"_mousePosition":[698,295],"_rootPartCFrame":[761.395,225.465,47.185,0.062,0,0.998,0,1,0,-0.998,0,0.062],"_humanoidState":5,"_cameraCFrame":[768.756,251.91,48.284,0.148,-0.948,0.283,0,0.286,0.958,-0.989,-0.142,0.042],"_shiftlockState":false,"_pose":"FreeFall","_animationQueue":[],"_animationSpeed":1,"_zoom":26.32},{"_mousePosition":[698,295],"_rootPartCFrame":[761.131,224.761,47.15,0.071,0,0.997,0,1,0,-0.997,0,0.071],"_humanoidState":5,"_cameraCFrame":[768.498,251.297,48.384,0.165,-0.945,0.282,0,0.286,0.958,-0.986,-0.158,0.047],"_shiftlockState":false,"_pose":"FreeFall","_animationQueue":[],"_animationSpeed":1,"_zoom":26.32},{"_mousePosition":[698,295],"_rootPartCFrame":[760.867,224.003,47.111,0.081,0,0.997,0,1,0,-0.997,0,0.081],"_humanoidState":5,"_cameraCFrame":[768.184,250.612,48.452,0.18,-0.943,0.279,0,0.284,0.959,-0.984,-0.173,0.051],"_shiftlockState":false,"_pose":"FreeFall","_animationQueue":[],"_animationSpeed":1,"_zoom":26.32},{"_mousePosition":[698,295],"_rootPartCFrame":[760.604,223.19,47.068,0.092,0,0.996,0,1,0,-0.996,0,0.092],"_humanoidState":5,"_cameraCFrame":[767.812,249.871,48.521,0.198,-0.941,0.275,0,0.28,0.96,-0.98,-0.19,0.055],"_shiftlockState":false,"_pose":"FreeFall","_animationQueue":[["fall",0.3]],"_animationSpeed":1,"_zoom":26.32},{"_mousePosition":[698,295],"_rootPartCFrame":[760.341,222.434,47.02,0.104,0,0.995,0,1,0,-0.995,0,0.104],"_humanoidState":7,"_cameraCFrame":[767.487,249.158,48.574,0.212,-0.939,0.272,0,0.278,0.96,-0.977,-0.204,0.059],"_shiftlockState":false,"_pose":"FreeFall","_animationQueue":[["walk",0.1],["fall",0.3],["fall",0.3]],"_animationSpeed":1,"_zoom":26.32},{"_mousePosition":[698,295],"_rootPartCFrame":[760.08,222.414,46.968,0.116,0,0.993,0,1,0,-0.993,0,0.116],"_humanoidState":7,"_cameraCFrame":[767.206,249.156,48.631,0.227,-0.935,0.271,0,0.278,0.96,-0.974,-0.218,0.063],"_shiftlockState":false,"_pose":"FreeFall","_animationQueue":[],"_animationSpeed":1,"_zoom":26.32},{"_mousePosition":[698,295],"_rootPartCFrame":[759.754,222.548,46.898,0.132,0,0.991,0,1,0,-0.991,0,0.132],"_humanoidState":8,"_cameraCFrame":[766.81,249.317,48.658,0.242,-0.932,0.268,0,0.277,0.961,-0.97,-0.233,0.067],"_shiftlockState":false,"_pose":"Running","_animationQueue":[["walk",0.1],["fall",0.3],["walk",0.1]],"_animationSpeed":1.103,"_zoom":26.32},{"_mousePosition":[698,295],"_rootPartCFrame":[759.494,222.617,46.838,0.145,0,0.989,0,1,0,-0.989,0,0.145],"_humanoidState":8,"_cameraCFrame":[766.486,249.408,48.658,0.252,-0.931,0.266,0,0.275,0.962,-0.968,-0.242,0.069],"_shiftlockState":false,"_pose":"Running","_animationQueue":[],"_animationSpeed":1.103,"_zoom":26.32},{"_mousePosition":[698,295],"_rootPartCFrame":[759.235,222.654,46.774,0.158,0,0.987,0,1,0,-0.987,0,0.158],"_humanoidState":8,"_cameraCFrame":[766.201,249.451,48.7,0.266,-0.927,0.265,0,0.275,0.962,-0.964,-0.256,0.073],"_shiftlockState":false,"_pose":"Running","_animationQueue":[],"_animationSpeed":1.103,"_zoom":26.32},{"_mousePosition":[698,295],"_rootPartCFrame":[758.977,222.675,46.707,0.171,0,0.985,0,1,0,-0.985,0,0.171],"_humanoidState":8,"_cameraCFrame":[765.803,249.504,48.763,0.288,-0.922,0.259,0,0.271,0.963,-0.958,-0.278,0.078],"_shiftlockState":false,"_pose":"Running","_animationQueue":[],"_animationSpeed":1.103,"_zoom":26.32},{"_mousePosition":[698,295],"_rootPartCFrame":[758.72,222.686,46.637,0.183,0,0.983,0,1,0,-0.983,0,0.183],"_humanoidState":8,"_cameraCFrame":[765.451,249.531,48.833,0.31,-0.916,0.256,0,0.269,0.963,-0.951,-0.299,0.083],"_shiftlockState":false,"_pose":"Running","_animationQueue":[["walk",0.1]],"_animationSpeed":1.103,"_zoom":26.32},{"_mousePosition":[698,295],"_rootPartCFrame":[758.464,222.692,46.561,0.197,0,0.98,0,1,0,-0.98,0,0.197],"_humanoidState":8,"_cameraCFrame":[765.051,249.566,48.877,0.332,-0.91,0.25,0,0.265,0.964,-0.943,-0.32,0.088],"_shiftlockState":false,"_pose":"Running","_animationQueue":[],"_animationSpeed":1.103,"_zoom":26.32},{"_mousePosition":[698,295],"_rootPartCFrame":[758.211,222.696,46.479,0.212,0,0.977,0,1,0,-0.977,0,0.212],"_humanoidState":8,"_cameraCFrame":[764.691,249.584,48.943,0.355,-0.902,0.246,0,0.263,0.965,-0.935,-0.343,0.094],"_shiftlockState":false,"_pose":"Running","_animationQueue":[],"_animationSpeed":1.103,"_zoom":26.32},{"_mousePosition":[698,295],"_rootPartCFrame":[757.959,222.697,46.391,0.228,0,0.974,0,1,0,-0.974,0,0.228],"_humanoidState":8,"_cameraCFrame":[764.342,249.6,48.968,0.374,-0.895,0.243,0,0.262,0.965,-0.927,-0.361,0.098],"_shiftlockState":false,"_pose":"Running","_animationQueue":[],"_animationSpeed":1.103,"_zoom":26.32},{"_mousePosition":[698,295],"_rootPartCFrame":[757.709,222.698,46.298,0.245,0,0.97,0,1,0,-0.97,0,0.245],"_humanoidState":8,"_cameraCFrame":[763.994,249.615,48.983,0.393,-0.888,0.239,0,0.26,0.966,-0.92,-0.38,0.102],"_shiftlockState":false,"_pose":"Running","_animationQueue":[],"_animationSpeed":1.103,"_zoom":26.32},{"_mousePosition":[698,295],"_rootPartCFrame":[757.4,222.699,46.174,0.267,0,0.964,0,1,0,-0.964,0,0.267],"_humanoidState":8,"_cameraCFrame":[763.636,249.616,48.97,0.409,-0.881,0.237,0,0.26,0.966,-0.912,-0.395,0.106],"_shiftlockState":false,"_pose":"Running","_animationQueue":[],"_animationSpeed":1.103,"_zoom":26.32},{"_mousePosition":[698,295],"_rootPartCFrame":[757.216,222.699,46.096,0.279,0,0.96,0,1,0,-0.96,0,0.279],"_humanoidState":8,"_cameraCFrame":[763.416,249.616,48.971,0.421,-0.876,0.236,0,0.26,0.966,-0.907,-0.406,0.109],"_shiftlockState":false,"_pose":"Running","_animationQueue":[["walk",0.1]],"_animationSpeed":1.103,"_zoom":26.32},{"_mousePosition":[698,295],"_rootPartCFrame":[756.972,222.699,45.987,0.297,0,0.955,0,1,0,-0.955,0,0.297],"_humanoidState":8,"_cameraCFrame":[763.143,249.616,48.925,0.43,-0.872,0.234,0,0.26,0.966,-0.903,-0.415,0.112],"_shiftlockState":false,"_pose":"Running","_animationQueue":[],"_animationSpeed":1.103,"_zoom":26.32},{"_mousePosition":[698,295],"_rootPartCFrame":[756.73,222.7,45.876,0.314,0,0.949,0,1,0,-0.949,0,0.314],"_humanoidState":8,"_cameraCFrame":[762.863,249.617,48.891,0.441,-0.867,0.233,0,0.26,0.966,-0.897,-0.426,0.115],"_shiftlockState":false,"_pose":"Running","_animationQueue":[],"_animationSpeed":1.103,"_zoom":26.32},{"_mousePosition":[698,295],"_rootPartCFrame":[756.427,223.783,45.735,0.335,0,0.942,0,1,0,-0.942,0,0.335],"_humanoidState":3,"_cameraCFrame":[762.545,250.7,48.782,0.446,-0.864,0.232,0,0.26,0.966,-0.895,-0.431,0.116],"_shiftlockState":false,"_pose":"Jumping","_animationQueue":[["walk",0.1],["jump",0.1]],"_animationSpeed":1,"_zoom":26.32},{"_mousePosition":[698,295],"_rootPartCFrame":[756.247,224.395,45.648,0.346,0,0.938,0,1,0,-0.938,0,0.346],"_humanoidState":5,"_cameraCFrame":[762.334,251.312,48.757,0.455,-0.86,0.231,0,0.26,0.966,-0.891,-0.439,0.118],"_shiftlockState":false,"_pose":"FreeFall","_animationQueue":[["jump",0.1]],"_animationSpeed":1,"_zoom":26.32},{"_mousePosition":[698,295],"_rootPartCFrame":[756.009,225.162,45.529,0.36,0,0.933,0,1,0,-0.933,0,0.36],"_humanoidState":5,"_cameraCFrame":[762.071,252.079,48.684,0.462,-0.857,0.23,0,0.26,0.966,-0.887,-0.446,0.12],"_shiftlockState":false,"_pose":"FreeFall","_animationQueue":[],"_animationSpeed":1,"_zoom":26.32},{"_mousePosition":[698,295],"_rootPartCFrame":[755.771,225.875,45.408,0.373,0,0.928,0,1,0,-0.928,0,0.373],"_humanoidState":5,"_cameraCFrame":[761.818,252.792,48.594,0.466,-0.854,0.23,0,0.26,0.966,-0.885,-0.45,0.121],"_shiftlockState":false,"_pose":"FreeFall","_animationQueue":[],"_animationSpeed":1,"_zoom":26.32},{"_mousePosition":[698,295],"_rootPartCFrame":[755.534,226.534,45.286,0.386,0,0.923,0,1,0,-0.923,0,0.386],"_humanoidState":5,"_cameraCFrame":[761.581,253.451,48.471,0.466,-0.854,0.23,0,0.26,0.966,-0.885,-0.45,0.121],"_shiftlockState":false,"_pose":"FreeFall","_animationQueue":[],"_animationSpeed":1,"_zoom":26.32},{"_mousePosition":[698,295],"_rootPartCFrame":[755.298,227.138,45.161,0.397,0,0.918,0,1,0,-0.918,0,0.397],"_humanoidState":5,"_cameraCFrame":[761.345,254.055,48.347,0.466,-0.854,0.23,0,0.26,0.966,-0.885,-0.45,0.121],"_shiftlockState":false,"_pose":"FreeFall","_animationQueue":[],"_animationSpeed":1,"_zoom":26.32},{"_mousePosition":[698,295],"_rootPartCFrame":[755.063,227.687,45.037,0.407,0,0.914,0,1,0,-0.914,0,0.407],"_humanoidState":5,"_cameraCFrame":[761.101,254.604,48.238,0.468,-0.853,0.229,0,0.26,0.966,-0.884,-0.452,0.122],"_shiftlockState":false,"_pose":"FreeFall","_animationQueue":[],"_animationSpeed":1,"_zoom":26.32},{"_mousePosition":[698,295],"_rootPartCFrame":[754.827,228.182,44.913,0.415,0,0.91,0,1,0,-0.91,0,0.415],"_humanoidState":5,"_cameraCFrame":[760.857,255.1,48.129,0.471,-0.852,0.229,0,0.26,0.966,-0.882,-0.454,0.122],"_shiftlockState":false,"_pose":"FreeFall","_animationQueue":[],"_animationSpeed":1,"_zoom":26.32},{"_mousePosition":[698,295],"_rootPartCFrame":[754.591,228.623,44.788,0.423,0,0.906,0,1,0,-0.906,0,0.423],"_humanoidState":5,"_cameraCFrame":[760.605,255.54,48.034,0.475,-0.85,0.228,0,0.26,0.966,-0.88,-0.459,0.123],"_shiftlockState":false,"_pose":"FreeFall","_animationQueue":[],"_animationSpeed":1,"_zoom":26.32},{"_mousePosition":[698,295],"_rootPartCFrame":[754.356,229.009,44.663,0.429,0,0.903,0,1,0,-0.903,0,0.429],"_humanoidState":5,"_cameraCFrame":[760.353,255.926,47.939,0.479,-0.847,0.228,0,0.26,0.966,-0.878,-0.463,0.124],"_shiftlockState":false,"_pose":"FreeFall","_animationQueue":[],"_animationSpeed":1,"_zoom":26.32},{"_mousePosition":[698,295],"_rootPartCFrame":[754.121,229.34,44.536,0.436,0,0.9,0,1,0,-0.9,0,0.436],"_humanoidState":5,"_cameraCFrame":[760.102,256.258,47.843,0.484,-0.845,0.227,0,0.26,0.966,-0.875,-0.467,0.126],"_shiftlockState":false,"_pose":"FreeFall","_animationQueue":[],"_animationSpeed":1,"_zoom":26.32},{"_mousePosition":[698,295],"_rootPartCFrame":[753.887,229.617,44.408,0.442,0,0.897,0,1,0,-0.897,0,0.442],"_humanoidState":5,"_cameraCFrame":[759.851,256.535,47.746,0.488,-0.843,0.227,0,0.26,0.966,-0.873,-0.472,0.127],"_shiftlockState":false,"_pose":"FreeFall","_animationQueue":[],"_animationSpeed":1,"_zoom":26.32},{"_mousePosition":[698,295],"_rootPartCFrame":[753.653,229.84,44.28,0.447,0,0.894,0,1,0,-0.894,0,0.447],"_humanoidState":5,"_cameraCFrame":[759.592,256.757,47.662,0.495,-0.839,0.226,0,0.26,0.966,-0.869,-0.478,0.129],"_shiftlockState":false,"_pose":"FreeFall","_animationQueue":[],"_animationSpeed":1,"_zoom":26.32},{"_mousePosition":[698,295],"_rootPartCFrame":[753.362,230.041,44.117,0.454,0,0.891,0,1,0,-0.891,0,0.454],"_humanoidState":5,"_cameraCFrame":[759.275,256.959,47.545,0.502,-0.835,0.225,0,0.26,0.966,-0.865,-0.484,0.13],"_shiftlockState":false,"_pose":"FreeFall","_animationQueue":[],"_animationSpeed":1,"_zoom":26.32},{"_mousePosition":[698,295],"_rootPartCFrame":[753.188,230.121,44.018,0.458,0,0.889,0,1,0,-0.889,0,0.458],"_humanoidState":5,"_cameraCFrame":[759.075,257.039,47.491,0.508,-0.832,0.224,0,0.26,0.966,-0.861,-0.491,0.132],"_shiftlockState":false,"_pose":"FreeFall","_animationQueue":[],"_animationSpeed":1,"_zoom":26.32},{"_mousePosition":[698,295],"_rootPartCFrame":[752.957,230.18,43.885,0.464,0,0.886,0,1,0,-0.886,0,0.464],"_humanoidState":5,"_cameraCFrame":[758.817,257.098,47.402,0.515,-0.828,0.223,0,0.26,0.966,-0.857,-0.497,0.134],"_shiftlockState":false,"_pose":"FreeFall","_animationQueue":[],"_animationSpeed":1,"_zoom":26.32},{"_mousePosition":[698,295],"_rootPartCFrame":[752.728,230.185,43.75,0.47,0,0.883,0,1,0,-0.883,0,0.47],"_humanoidState":5,"_cameraCFrame":[758.57,257.102,47.296,0.519,-0.825,0.222,0,0.26,0.966,-0.855,-0.501,0.135],"_shiftlockState":false,"_pose":"FreeFall","_animationQueue":[],"_animationSpeed":1,"_zoom":26.32},{"_mousePosition":[698,295],"_rootPartCFrame":[752.499,230.135,43.613,0.476,0,0.879,0,1,0,-0.879,0,0.476],"_humanoidState":5,"_cameraCFrame":[758.323,257.052,47.189,0.523,-0.823,0.221,0,0.26,0.966,-0.852,-0.505,0.136],"_shiftlockState":false,"_pose":"FreeFall","_animationQueue":[["fall",0.3]],"_animationSpeed":1,"_zoom":26.32},{"_mousePosition":[698,295],"_rootPartCFrame":[752.271,230.031,43.474,0.482,0,0.876,0,1,0,-0.876,0,0.482],"_humanoidState":5,"_cameraCFrame":[758.077,256.948,47.08,0.528,-0.82,0.221,0,0.26,0.966,-0.85,-0.509,0.137],"_shiftlockState":false,"_pose":"FreeFall","_animationQueue":[],"_animationSpeed":1,"_zoom":26.32},{"_mousePosition":[698,295],"_rootPartCFrame":[752.043,229.872,43.335,0.487,0,0.873,0,1,0,-0.873,0,0.487],"_humanoidState":5,"_cameraCFrame":[757.831,256.789,46.97,0.532,-0.818,0.22,0,0.26,0.966,-0.847,-0.514,0.138],"_shiftlockState":false,"_pose":"FreeFall","_animationQueue":[],"_animationSpeed":1,"_zoom":26.32},{"_mousePosition":[698,295],"_rootPartCFrame":[751.817,229.658,43.195,0.493,0,0.87,0,1,0,-0.87,0,0.493],"_humanoidState":5,"_cameraCFrame":[757.595,256.575,46.844,0.534,-0.816,0.22,0,0.26,0.966,-0.845,-0.516,0.139],"_shiftlockState":false,"_pose":"FreeFall","_animationQueue":[],"_animationSpeed":1,"_zoom":26.32},{"_mousePosition":[698,295],"_rootPartCFrame":[751.591,229.39,43.053,0.498,0,0.867,0,1,0,-0.867,0,0.498],"_humanoidState":5,"_cameraCFrame":[757.36,256.307,46.717,0.536,-0.815,0.219,0,0.26,0.966,-0.844,-0.518,0.139],"_shiftlockState":false,"_pose":"FreeFall","_animationQueue":[],"_animationSpeed":1,"_zoom":26.32},{"_mousePosition":[698,295],"_rootPartCFrame":[751.365,229.068,42.911,0.503,0,0.864,0,1,0,-0.864,0,0.503],"_humanoidState":5,"_cameraCFrame":[757.125,255.985,46.589,0.538,-0.814,0.219,0,0.26,0.966,-0.843,-0.52,0.14],"_shiftlockState":false,"_pose":"FreeFall","_animationQueue":[],"_animationSpeed":1,"_zoom":26.32},{"_mousePosition":[698,295],"_rootPartCFrame":[751.14,228.691,42.768,0.508,0,0.862,0,1,0,-0.862,0,0.508],"_humanoidState":5,"_cameraCFrame":[756.9,255.608,46.446,0.538,-0.814,0.219,0,0.26,0.966,-0.843,-0.52,0.14],"_shiftlockState":false,"_pose":"FreeFall","_animationQueue":[],"_animationSpeed":1,"_zoom":26.32},{"_mousePosition":[698,295],"_rootPartCFrame":[750.915,228.259,42.624,0.512,0,0.859,0,1,0,-0.859,0,0.512],"_humanoidState":5,"_cameraCFrame":[756.675,255.176,46.303,0.538,-0.814,0.219,0,0.26,0.966,-0.843,-0.52,0.14],"_shiftlockState":false,"_pose":"FreeFall","_animationQueue":[["fall",0.3]],"_animationSpeed":1,"_zoom":26.32},{"_mousePosition":[698,295],"_rootPartCFrame":[750.69,227.773,42.481,0.516,0,0.857,0,1,0,-0.857,0,0.516],"_humanoidState":5,"_cameraCFrame":[756.45,254.69,46.159,0.538,-0.814,0.219,0,0.26,0.966,-0.843,-0.52,0.14],"_shiftlockState":false,"_pose":"FreeFall","_animationQueue":[],"_animationSpeed":1,"_zoom":26.32},{"_mousePosition":[698,295],"_rootPartCFrame":[750.466,227.233,42.337,0.519,0,0.855,0,1,0,-0.855,0,0.519],"_humanoidState":5,"_cameraCFrame":[756.225,254.15,46.016,0.538,-0.814,0.219,0,0.26,0.966,-0.843,-0.52,0.14],"_shiftlockState":false,"_pose":"FreeFall","_animationQueue":[],"_animationSpeed":1,"_zoom":26.32},{"_mousePosition":[698,295],"_rootPartCFrame":[750.264,227.15,42.209,0.522,0,0.853,0,1,0,-0.853,0,0.522],"_humanoidState":7,"_cameraCFrame":[756.024,254.067,45.887,0.538,-0.814,0.219,0,0.26,0.966,-0.843,-0.52,0.14],"_shiftlockState":false,"_pose":"FreeFall","_animationQueue":[["walk",0.1],["fall",0.3],["fall",0.3]],"_animationSpeed":1,"_zoom":26.32},{"_mousePosition":[698,295],"_rootPartCFrame":[750.018,227.149,42.051,0.525,0,0.851,0,1,0,-0.851,0,0.525],"_humanoidState":7,"_cameraCFrame":[755.768,254.066,45.744,0.54,-0.813,0.218,0,0.26,0.966,-0.841,-0.522,0.14],"_shiftlockState":false,"_pose":"FreeFall","_animationQueue":[],"_animationSpeed":1,"_zoom":26.32},{"_mousePosition":[698,295],"_rootPartCFrame":[749.821,227.149,41.925,0.527,0,0.85,0,1,0,-0.85,0,0.527],"_humanoidState":8,"_cameraCFrame":[755.599,254.066,45.575,0.534,-0.816,0.22,0,0.26,0.966,-0.845,-0.516,0.139],"_shiftlockState":false,"_pose":"Running","_animationQueue":[["walk",0.1],["fall",0.3],["walk",0.1]],"_animationSpeed":0.968,"_zoom":26.32},{"_mousePosition":[698,295],"_rootPartCFrame":[749.607,227.036,41.788,0.528,0,0.849,0,1,0,-0.849,0,0.528],"_humanoidState":8,"_cameraCFrame":[755.5,253.94,45.345,0.517,-0.826,0.224,0,0.262,0.965,-0.856,-0.499,0.135],"_shiftlockState":false,"_pose":"Running","_animationQueue":[["walk",0.1]],"_animationSpeed":0.968,"_zoom":26.32},{"_mousePosition":[698,295],"_rootPartCFrame":[749.407,227.026,41.662,0.529,0,0.848,0,1,0,-0.848,0,0.529],"_humanoidState":8,"_cameraCFrame":[755.483,253.916,45.001,0.482,-0.845,0.231,0,0.263,0.965,-0.876,-0.465,0.127],"_shiftlockState":false,"_pose":"Running","_animationQueue":[["walk",0.1]],"_animationSpeed":1.06,"_zoom":26.32},{"_mousePosition":[698,295],"_rootPartCFrame":[749.189,226.954,41.529,0.528,0,0.849,0,1,0,-0.849,0,0.528],"_humanoidState":8,"_cameraCFrame":[755.582,253.804,44.574,0.43,-0.87,0.243,0,0.269,0.963,-0.903,-0.414,0.116],"_shiftlockState":false,"_pose":"Running","_animationQueue":[["walk",0.1]],"_animationSpeed":0.97,"_zoom":26.32},{"_mousePosition":[698,295],"_rootPartCFrame":[748.962,226.97,41.404,0.522,0,0.853,0,1,0,-0.853,0,0.522],"_humanoidState":8,"_cameraCFrame":[755.602,253.806,44.006,0.365,-0.896,0.252,0,0.271,0.963,-0.931,-0.351,0.099],"_shiftlockState":false,"_pose":"Running","_animationQueue":[["walk",0.1]],"_animationSpeed":1.063,"_zoom":26.32},{"_mousePosition":[698,295],"_rootPartCFrame":[748.728,227,41.291,0.511,0,0.86,0,1,0,-0.86,0,0.511],"_humanoidState":8,"_cameraCFrame":[755.64,253.807,43.411,0.293,-0.919,0.263,0,0.275,0.962,-0.956,-0.282,0.081],"_shiftlockState":false,"_pose":"Running","_animationQueue":[],"_animationSpeed":1.063,"_zoom":26.32},{"_mousePosition":[698,295],"_rootPartCFrame":[748.482,227.103,41.193,0.493,0,0.87,0,1,0,-0.87,0,0.493],"_humanoidState":8,"_cameraCFrame":[755.675,253.867,42.833,0.222,-0.936,0.273,0,0.28,0.96,-0.975,-0.213,0.062],"_shiftlockState":false,"_pose":"Running","_animationQueue":[],"_animationSpeed":1.063,"_zoom":26.32},{"_mousePosition":[698,295],"_rootPartCFrame":[748.167,227.292,41.093,0.463,0,0.886,0,1,0,-0.886,0,0.463],"_humanoidState":8,"_cameraCFrame":[755.693,253.999,41.946,0.113,-0.952,0.286,0,0.288,0.958,-0.994,-0.108,0.032],"_shiftlockState":false,"_pose":"Running","_animationQueue":[["walk",0.1]],"_animationSpeed":1.063,"_zoom":26.32},{"_mousePosition":[698,295],"_rootPartCFrame":[747.924,227.505,41.035,0.434,0,0.901,0,1,0,-0.901,0,0.434],"_humanoidState":8,"_cameraCFrame":[755.689,254.152,41.322,0.037,-0.955,0.295,0,0.295,0.955,-0.999,-0.035,0.011],"_shiftlockState":false,"_pose":"Running","_animationQueue":[],"_animationSpeed":1.063,"_zoom":26.32},{"_mousePosition":[698,295],"_rootPartCFrame":[747.674,227.667,41.002,0.396,0,0.918,0,1,0,-0.918,0,0.396],"_humanoidState":8,"_cameraCFrame":[755.635,254.253,40.712,-0.036,-0.952,0.302,0,0.303,0.953,-0.999,0.035,-0.011],"_shiftlockState":false,"_pose":"Running","_animationQueue":[],"_animationSpeed":1.063,"_zoom":26.32},{"_mousePosition":[698,295],"_rootPartCFrame":[747.419,227.787,40.99,0.352,0,0.936,0,1,0,-0.936,0,0.352],"_humanoidState":8,"_cameraCFrame":[755.535,254.309,40.136,-0.105,-0.945,0.308,0,0.31,0.951,-0.995,0.099,-0.032],"_shiftlockState":false,"_pose":"Running","_animationQueue":[],"_animationSpeed":1.063,"_zoom":26.32},{"_mousePosition":[698,295],"_rootPartCFrame":[747.096,227.905,40.999,0.291,0,0.957,0,1,0,-0.957,0,0.291],"_humanoidState":8,"_cameraCFrame":[755.297,254.379,39.671,-0.16,-0.937,0.312,0,0.316,0.949,-0.987,0.152,-0.05],"_shiftlockState":false,"_pose":"Running","_animationQueue":[],"_animationSpeed":1.063,"_zoom":26.32},{"_mousePosition":[698,295],"_rootPartCFrame":[746.898,227.947,41.017,0.253,0,0.968,0,1,0,-0.968,0,0.253],"_humanoidState":8,"_cameraCFrame":[755.082,254.405,39.328,-0.202,-0.929,0.311,0,0.317,0.948,-0.979,0.192,-0.064],"_shiftlockState":false,"_pose":"Running","_animationQueue":[],"_animationSpeed":1.063,"_zoom":26.32},{"_mousePosition":[698,295],"_rootPartCFrame":[746.703,227.961,41.047,0.213,0,0.977,0,1,0,-0.977,0,0.213],"_humanoidState":8,"_cameraCFrame":[754.879,254.402,39.099,-0.232,-0.922,0.311,0,0.319,0.948,-0.973,0.22,-0.074],"_shiftlockState":false,"_pose":"Running","_animationQueue":[],"_animationSpeed":1.063,"_zoom":26.32},{"_mousePosition":[698,295],"_rootPartCFrame":[746.444,227.932,41.098,0.158,0,0.987,0,1,0,-0.987,0,0.158],"_humanoidState":8,"_cameraCFrame":[754.631,254.357,38.994,-0.249,-0.917,0.311,0,0.321,0.947,-0.969,0.236,-0.08],"_shiftlockState":false,"_pose":"Running","_animationQueue":[["walk",0.1]],"_animationSpeed":1.063,"_zoom":26.32},{"_mousePosition":[698,295],"_rootPartCFrame":[746.122,227.94,41.174,0.092,0,0.996,0,1,0,-0.996,0,0.092],"_humanoidState":8,"_cameraCFrame":[754.287,254.365,38.986,-0.259,-0.915,0.31,0,0.321,0.947,-0.966,0.245,-0.083],"_shiftlockState":false,"_pose":"Running","_animationQueue":[],"_animationSpeed":1.063,"_zoom":26.32},{"_mousePosition":[698,295],"_rootPartCFrame":[745.865,227.981,41.239,0.045,0,0.999,0,1,0,-0.999,0,0.045],"_humanoidState":8,"_cameraCFrame":[754.043,254.39,38.915,-0.273,-0.91,0.311,0,0.323,0.946,-0.962,0.259,-0.088],"_shiftlockState":false,"_pose":"Running","_animationQueue":[],"_animationSpeed":1.063,"_zoom":26.32},{"_mousePosition":[698,295],"_rootPartCFrame":[745.608,228.854,41.305,-0.002,0,1,0,1,0,-1,0,-0.002],"_humanoidState":3,"_cameraCFrame":[753.768,255.263,38.919,-0.281,-0.908,0.31,0,0.323,0.946,-0.96,0.266,-0.091],"_shiftlockState":false,"_pose":"Jumping","_animationQueue":[["walk",0.1],["jump",0.1]],"_animationSpeed":1,"_zoom":26.32},{"_mousePosition":[698,295],"_rootPartCFrame":[745.415,229.476,41.359,-0.032,0,0.999,0,1,0,-0.999,0,-0.032],"_humanoidState":5,"_cameraCFrame":[753.532,255.884,38.828,-0.298,-0.904,0.308,0,0.323,0.946,-0.955,0.282,-0.096],"_shiftlockState":false,"_pose":"FreeFall","_animationQueue":[["jump",0.1]],"_animationSpeed":1,"_zoom":26.32},{"_mousePosition":[698,295],"_rootPartCFrame":[745.159,230.257,41.433,-0.067,0,0.998,0,1,0,-0.998,0,-0.067],"_humanoidState":5,"_cameraCFrame":[753.263,256.649,38.703,-0.319,-0.896,0.308,0,0.325,0.946,-0.948,0.302,-0.104],"_shiftlockState":false,"_pose":"FreeFall","_animationQueue":[],"_animationSpeed":1,"_zoom":26.32},{"_mousePosition":[698,295],"_rootPartCFrame":[744.905,230.983,41.512,-0.099,0,0.995,0,1,0,-0.995,0,-0.099],"_humanoidState":5,"_cameraCFrame":[753.012,257.342,38.503,-0.348,-0.885,0.308,0,0.329,0.944,-0.938,0.329,-0.114],"_shiftlockState":false,"_pose":"FreeFall","_animationQueue":[],"_animationSpeed":1,"_zoom":26.32},{"_mousePosition":[698,295],"_rootPartCFrame":[744.589,231.815,41.617,-0.137,0,0.991,0,1,0,-0.991,0,-0.137],"_humanoidState":5,"_cameraCFrame":[752.702,258.157,38.489,-0.36,-0.881,0.308,0,0.33,0.944,-0.933,0.34,-0.119],"_shiftlockState":false,"_pose":"FreeFall","_animationQueue":[],"_animationSpeed":1,"_zoom":26.32},{"_mousePosition":[698,295],"_rootPartCFrame":[744.401,232.273,41.686,-0.159,0,0.987,0,1,0,-0.987,0,-0.159],"_humanoidState":5,"_cameraCFrame":[752.482,258.615,38.475,-0.369,-0.877,0.30