[{"_mousePosition":[596,334],"_rootPartCFrame":[776.035,222.7,47.142,-0.001,0,1,0,1,0,-1,0,-0.001],"_humanoidState":8,"_cameraCFrame":[785.581,248.723,47.615,0.049,-0.931,0.363,0,0.363,0.932,-0.999,-0.046,0.018],"_shiftlockState":false,"_pose":"Standing","_animationQueue":[],"_animationSpeed":1,"_zoom":26.32},{"_mousePosition":[596,334],"_rootPartCFrame":[775.788,222.7,47.13,0.006,0,1,0,1,0,-1,0,0.006],"_humanoidState":8,"_cameraCFrame":[785.239,248.76,47.598,0.049,-0.932,0.359,0,0.36,0.933,-0.999,-0.046,0.018],"_shiftlockState":false,"_pose":"Standing","_animationQueue":[],"_animationSpeed":1,"_zoom":26.32},{"_mousePosition":[596,334],"_rootPartCFrame":[775.523,222.7,47.117,0.012,0,1,0,1,0,-1,0,0.012],"_humanoidState":8,"_cameraCFrame":[784.926,248.778,47.583,0.049,-0.933,0.357,0,0.358,0.934,-0.999,-0.046,0.018],"_shiftlockState":false,"_pose":"Running","_animationQueue":[["walk",0.1]],"_animationSpeed":1.066,"_zoom":26.32},{"_mousePosition":[596,334],"_rootPartCFrame":[775.256,222.7,47.104,0.017,0,1,0,1,0,-1,0,0.017],"_humanoidState":8,"_cameraCFrame":[784.564,248.815,47.565,0.049,-0.934,0.354,0,0.354,0.935,-0.999,-0.046,0.018],"_shiftlockState":false,"_pose":"Running","_animationQueue":[],"_animationSpeed":1.066,"_zoom":26.32},{"_mousePosition":[596,334],"_rootPartCFrame":[774.99,222.7,47.091,0.021,0,1,0,1,0,-1,0,0.021],"_humanoidState":8,"_cameraCFrame":[784.201,248.851,47.547,0.049,-0.935,0.35,0,0.35,0.937,-0.999,-0.046,0.017],"_shiftlockState":false,"_pose":"Running","_animationQueue":[],"_animationSpeed":1.066,"_zoom":26.32},{"_mousePosition":[596,334],"_rootPartCFrame":[774.724,222.7,47.077,0.025,0,1,0,1,0,-1,0,0.025],"_humanoidState":8,"_cameraCFrame":[783.839,248.887,47.529,0.049,-0.937,0.346,0,0.347,0.938,-0.999,-0.046,0.017],"_shiftlockState":false,"_pose":"Running","_animationQueue":[["walk",0.1]],"_animationSpeed":1.066,"_zoom":26.32},{"_mousePosition":[596,334],"_rootPartCFrame":[774.457,222.7,47.064,0.028,0,1,0,1,0,-1,0,0.028],"_humanoidState":8,"_cameraCFrame":[783.477,248.922,47.511,0.049,-0.938,0.343,0,0.343,0.939,-0.999,-0.046,0.017],"_shiftlockState":false,"_pose":"Running","_animationQueue":[],"_animationSpeed":1.066,"_zoom":26.32},{"_mousePosition":[596,334],"_rootPartCFrame":[774.191,222.7,47.051,0.031,0,1,0,1,0,-1,0,0.031],"_humanoidState":8,"_cameraCFrame":[783.066,248.974,47.491,0.049,-0.94,0.337,0,0.338,0.941,-0.999,-0.047,0.017],"_shiftlockState":false,"_pose":"Running","_animationQueue":[],"_animationSpeed":1.066,"_zoom":26.32},{"_mousePosition":[596,334],"_rootPartCFrame":[773.925,222.7,47.038,0.034,0,0.999,0,1,0,-0.999,0,0.034],"_humanoidState":8,"_cameraCFrame":[782.606,249.043,47.468,0.049,-0.943,0.33,0,0.33,0.944,-0.999,-0.047,0.016],"_shiftlockState":false,"_pose":"Running","_animationQueue":[],"_animationSpeed":1.066,"_zoom":26.32},{"_mousePosition":[596,334],"_rootPartCFrame":[773.658,222.7,47.025,0.036,0,0.999,0,1,0,-0.999,0,0.036],"_humanoidState":8,"_cameraCFrame":[782.146,249.11,47.445,0.049,-0.945,0.322,0,0.323,0.946,-0.999,-0.047,0.016],"_shiftlockState":false,"_pose":"Running","_animationQueue":[],"_animationSpeed":1.066,"_zoom":26.32},{"_mousePosition":[596,334],"_rootPartCFrame":[773.392,222.7,47.011,0.038,0,0.999,0,1,0,-0.999,0,0.038],"_humanoidState":8,"_cameraCFrame":[781.683,249.175,47.464,0.055,-0.948,0.315,0,0.315,0.949,-0.999,-0.052,0.017],"_shiftlockState":false,"_pose":"Running","_animationQueue":[],"_animationSpeed":1.066,"_zoom":26.32},{"_mousePosition":[596,334],"_rootPartCFrame":[773.126,222.7,46.998,0.039,0,0.999,0,1,0,-0.999,0,0.039],"_humanoidState":8,"_cameraCFrame":[781.221,249.239,47.461,0.057,-0.95,0.308,0,0.308,0.951,-0.998,-0.054,0.018],"_shiftlockState":false,"_pose":"Running","_animationQueue":[["walk",0.1]],"_animationSpeed":1.066,"_zoom":26.32},{"_mousePosition":[596,334],"_rootPartCFrame":[772.859,222.7,46.984,0.041,0,0.999,0,1,0,-0.999,0,0.041],"_humanoidState":8,"_cameraCFrame":[780.759,249.302,47.455,0.06,-0.952,0.3,0,0.301,0.954,-0.998,-0.057,0.018],"_shiftlockState":false,"_pose":"Running","_animationQueue":[],"_animationSpeed":1.066,"_zoom":26.32},{"_mousePosition":[596,334],"_rootPartCFrame":[772.593,222.7,46.969,0.043,0,0.999,0,1,0,-0.999,0,0.043],"_humanoidState":8,"_cameraCFrame":[780.294,249.363,47.467,0.065,-0.954,0.293,0,0.293,0.956,-0.998,-0.062,0.019],"_shiftlockState":false,"_pose":"Running","_animationQueue":[],"_animationSpeed":1.066,"_zoom":26.32},{"_mousePosition":[596,334],"_rootPartCFrame":[772.46,222.708,46.961,0.044,0,0.999,0,1,0,-0.999,0,0.044],"_humanoidState":8,"_cameraCFrame":[779.963,249.43,47.485,0.07,-0.956,0.285,0,0.286,0.958,-0.998,-0.067,0.02],"_shiftlockState":false,"_pose":"Running","_animationQueue":[],"_animationSpeed":1.066,"_zoom":26.32},{"_mousePosition":[596,334],"_rootPartCFrame":[772.061,222.731,46.935,0.048,0,0.999,0,1,0,-0.999,0,0.048],"_humanoidState":8,"_cameraCFrame":[779.365,249.511,47.482,0.075,-0.958,0.278,0,0.278,0.961,-0.997,-0.072,0.021],"_shiftlockState":false,"_pose":"Running","_animationQueue":[],"_animationSpeed":1.066,"_zoom":26.32},{"_mousePosition":[596,334],"_rootPartCFrame":[771.795,222.74,46.917,0.051,0,0.999,0,1,0,-0.999,0,0.051],"_humanoidState":8,"_cameraCFrame":[778.799,249.604,47.495,0.082,-0.96,0.266,0,0.267,0.964,-0.997,-0.079,0.022],"_shiftlockState":false,"_pose":"Running","_animationQueue":[],"_animationSpeed":1.066,"_zoom":26.32},{"_mousePosition":[596,334],"_rootPartCFrame":[771.529,222.77,46.897,0.054,0,0.999,0,1,0,-0.999,0,0.054],"_humanoidState":8,"_cameraCFrame":[778.383,249.675,47.498,0.087,-0.962,0.26,0,0.261,0.965,-0.996,-0.084,0.023],"_shiftlockState":false,"_pose":"Running","_animationQueue":[],"_animationSpeed":1.066,"_zoom":26.32},{"_mousePosition":[596,334],"_rootPartCFrame":[771.263,222.794,46.875,0.058,0,0.998,0,1,0,-0.998,0,0.058],"_humanoidState":8,"_cameraCFrame":[777.966,249.738,47.497,0.092,-0.963,0.255,0,0.256,0.967,-0.996,-0.089,0.024],"_shiftlockState":false,"_pose":"Running","_animationQueue":[["walk",0.1]],"_animationSpeed":1.066,"_zoom":26.32},{"_mousePosition":[596,334],"_rootPartCFrame":[770.998,222.774,46.852,0.062,0,0.998,0,1,0,-0.998,0,0.062],"_humanoidState":8,"_cameraCFrame":[777.549,249.758,47.493,0.097,-0.964,0.249,0,0.25,0.968,-0.995,-0.094,0.024],"_shiftlockState":false,"_pose":"Running","_animationQueue":[],"_animationSpeed":1.066,"_zoom":26.32},{"_mousePosition":[596,334],"_rootPartCFrame":[770.732,222.829,46.827,0.066,0,0.998,0,1,0,-0.998,0,0.066],"_humanoidState":8,"_cameraCFrame":[777.131,249.85,47.486,0.102,-0.965,0.243,0,0.244,0.97,-0.995,-0.099,0.025],"_shiftlockState":false,"_pose":"Running","_animationQueue":[],"_animationSpeed":1.066,"_zoom":26.32},{"_mousePosition":[596,334],"_rootPartCFrame":[770.599,222.846,46.814,0.068,0,0.998,0,1,0,-0.998,0,0.068],"_humanoidState":8,"_cameraCFrame":[776.847,249.905,47.49,0.107,-0.965,0.237,0,0.239,0.971,-0.994,-0.104,0.026],"_shiftlockState":false,"_pose":"Running","_animationQueue":[],"_animationSpeed":1.066,"_zoom":26.32},{"_mousePosition":[596,334],"_rootPartCFrame":[770.201,222.817,46.774,0.075,0,0.997,0,1,0,-0.997,0,0.075],"_humanoidState":8,"_cameraCFrame":[776.348,249.9,47.454,0.11,-0.966,0.234,0,0.235,0.972,-0.994,-0.107,0.026],"_shiftlockState":false,"_pose":"Running","_animationQueue":[],"_animationSpeed":1.066,"_zoom":26.32},{"_mousePosition":[596,334],"_rootPartCFrame":[769.936,222.737,46.746,0.079,0,0.997,0,1,0,-0.997,0,0.079],"_humanoidState":8,"_cameraCFrame":[775.982,249.844,47.431,0.113,-0.967,0.23,0,0.231,0.973,-0.994,-0.109,0.026],"_shiftlockState":false,"_pose":"Running","_animationQueue":[],"_animationSpeed":1.066,"_zoom":26.32},{"_mousePosition":[596,334],"_rootPartCFrame":[769.671,222.602,46.719,0.084,0,0.996,0,1,0,-0.996,0,0.084],"_humanoidState":8,"_cameraCFrame":[775.717,249.709,47.404,0.113,-0.967,0.23,0,0.231,0.973,-0.994,-0.109,0.026],"_shiftlockState":false,"_pose":"Running","_animationQueue":[["walk",0.1]],"_animationSpeed":1.066,"_zoom":26.32},{"_mousePosition":[596,334],"_rootPartCFrame":[769.472,222.465,46.698,0.087,0,0.996,0,1,0,-0.996,0,0.087],"_humanoidState":8,"_cameraCFrame":[775.516,249.572,47.398,0.115,-0.966,0.23,0,0.231,0.973,-0.993,-0.112,0.027],"_shiftlockState":false,"_pose":"Running","_animationQueue":[],"_animationSpeed":1.066,"_zoom":26.32},{"_mousePosition":[596,334],"_rootPartCFrame":[769.14,223.535,46.664,0.093,0,0.996,0,1,0,-0.996,0,0.093],"_humanoidState":3,"_cameraCFrame":[775.184,250.642,47.364,0.115,-0.966,0.23,0,0.231,0.973,-0.993,-0.112,0.027],"_shiftlockState":false,"_pose":"Jumping","_animationQueue":[["walk",0.1],["jump",0.1]],"_animationSpeed":1,"_zoom":26.32},{"_mousePosition":[596,334],"_rootPartCFrame":[768.875,224.33,46.634,0.097,0,0.995,0,1,0,-0.995,0,0.097],"_humanoidState":5,"_cameraCFrame":[774.919,251.437,47.334,0.115,-0.966,0.23,0,0.231,0.973,-0.993,-0.112,0.027],"_shiftlockState":false,"_pose":"FreeFall","_animationQueue":[["jump",0.1]],"_animationSpeed":1,"_zoom":26.32},{"_mousePosition":[596,334],"_rootPartCFrame":[768.61,225.07,46.603,0.099,0,0.995,0,1,0,-0.995,0,0.099],"_humanoidState":5,"_cameraCFrame":[774.652,252.177,47.319,0.118,-0.966,0.23,0,0.231,0.973,-0.993,-0.114,0.027],"_shiftlockState":false,"_pose":"FreeFall","_animationQueue":[],"_animationSpeed":1,"_zoom":26.32},{"_mousePosition":[596,334],"_rootPartCFrame":[768.345,225.756,46.573,0.102,0,0.995,0,1,0,-0.995,0,0.102],"_humanoidState":5,"_cameraCFrame":[774.338,252.874,47.282,0.118,-0.967,0.228,0,0.229,0.973,-0.993,-0.114,0.027],"_shiftlockState":false,"_pose":"FreeFall","_animationQueue":[],"_animationSpeed":1,"_zoom":26.32},{"_mousePosition":[596,334],"_rootPartCFrame":[768.08,226.387,46.542,0.104,0,0.995,0,1,0,-0.995,0,0.104],"_humanoidState":5,"_cameraCFrame":[774.071,253.506,47.266,0.12,-0.966,0.228,0,0.229,0.973,-0.993,-0.117,0.028],"_shiftlockState":false,"_pose":"FreeFall","_animationQueue":[],"_animationSpeed":1,"_zoom":26.32},{"_mousePosition":[596,334],"_rootPartCFrame":[767.815,226.964,46.51,0.106,0,0.994,0,1,0,-0.994,0,0.106],"_humanoidState":5,"_cameraCFrame":[773.757,254.094,47.229,0.12,-0.967,0.226,0,0.227,0.974,-0.993,-0.117,0.027],"_shiftlockState":false,"_pose":"FreeFall","_animationQueue":[],"_animationSpeed":1,"_zoom":26.32},{"_mousePosition":[596,334],"_rootPartCFrame":[767.551,227.486,46.478,0.108,0,0.994,0,1,0,-0.994,0,0.108],"_humanoidState":5,"_cameraCFrame":[773.49,254.617,47.212,0.123,-0.966,0.226,0,0.227,0.974,-0.992,-0.119,0.028],"_shiftlockState":false,"_pose":"FreeFall","_animationQueue":[],"_animationSpeed":1,"_zoom":26.32},{"_mousePosition":[596,334],"_rootPartCFrame":[767.286,227.954,46.446,0.109,0,0.994,0,1,0,-0.994,0,0.109],"_humanoidState":5,"_cameraCFrame":[773.226,255.084,47.18,0.123,-0.966,0.226,0,0.227,0.974,-0.992,-0.119,0.028],"_shiftlockState":false,"_pose":"FreeFall","_animationQueue":[],"_animationSpeed":1,"_zoom":26.32},{"_mousePosition":[596,334],"_rootPartCFrame":[767.088,228.269,46.422,0.111,0,0.994,0,1,0,-0.994,0,0.111],"_humanoidState":5,"_cameraCFrame":[772.976,255.411,47.164,0.125,-0.967,0.224,0,0.225,0.974,-0.992,-0.122,0.028],"_shiftlockState":false,"_pose":"FreeFall","_animationQueue":[],"_animationSpeed":1,"_zoom":26.32},{"_mousePosition":[596,334],"_rootPartCFrame":[766.823,228.641,46.389,0.112,0,0.994,0,1,0,-0.994,0,0.112],"_humanoidState":5,"_cameraCFrame":[772.711,255.783,47.131,0.125,-0.967,0.224,0,0.225,0.974,-0.992,-0.122,0.028],"_shiftlockState":false,"_pose":"FreeFall","_animationQueue":[],"_animationSpeed":1,"_zoom":26.32},{"_mousePosition":[596,334],"_rootPartCFrame":[766.558,228.959,46.356,0.114,0,0.993,0,1,0,-0.993,0,0.114],"_humanoidState":5,"_cameraCFrame":[772.395,256.113,47.107,0.128,-0.967,0.222,0,0.224,0.975,-0.992,-0.124,0.029],"_shiftlockState":false,"_pose":"FreeFall","_animationQueue":[],"_animationSpeed":1,"_zoom":26.32},{"_mousePosition":[596,334],"_rootPartCFrame":[766.228,229.28,46.314,0.116,0,0.993,0,1,0,-0.993,0,0.116],"_humanoidState":5,"_cameraCFrame":[772.062,256.434,47.08,0.13,-0.966,0.222,0,0.224,0.975,-0.992,-0.127,0.029],"_shiftlockState":false,"_pose":"FreeFall","_animationQueue":[],"_animationSpeed":1,"_zoom":26.32},{"_mousePosition":[596,334],"_rootPartCFrame":[766.029,229.431,46.289,0.117,0,0.993,0,1,0,-0.993,0,0.117],"_humanoidState":5,"_cameraCFrame":[771.862,256.585,47.069,0.133,-0.966,0.222,0,0.224,0.975,-0.991,-0.129,0.03],"_shiftlockState":false,"_pose":"FreeFall","_animationQueue":[],"_animationSpeed":1,"_zoom":26.32},{"_mousePosition":[596,334],"_rootPartCFrame":[765.699,229.616,46.246,0.119,0,0.993,0,1,0,-0.993,0,0.119],"_humanoidState":5,"_cameraCFrame":[771.531,256.77,47.026,0.133,-0.966,0.222,0,0.224,0.975,-0.991,-0.129,0.03],"_shiftlockState":false,"_pose":"FreeFall","_animationQueue":[],"_animationSpeed":1,"_zoom":26.32},{"_mousePosition":[596,334],"_rootPartCFrame":[765.5,229.686,46.219,0.12,0,0.993,0,1,0,-0.993,0,0.12],"_humanoidState":5,"_cameraCFrame":[771.282,256.851,47.007,0.135,-0.966,0.22,0,0.222,0.975,-0.991,-0.132,0.03],"_shiftlockState":false,"_pose":"FreeFall","_animationQueue":[],"_animationSpeed":1,"_zoom":26.32},{"_mousePosition":[596,334],"_rootPartCFrame":[765.17,229.734,46.175,0.123,0,0.992,0,1,0,-0.992,0,0.123],"_humanoidState":5,"_cameraCFrame":[770.951,256.899,46.963,0.135,-0.966,0.22,0,0.222,0.975,-0.991,-0.132,0.03],"_shiftlockState":false,"_pose":"FreeFall","_animationQueue":[],"_animationSpeed":1,"_zoom":26.32},{"_mousePosition":[596,334],"_rootPartCFrame":[764.972,229.722,46.148,0.124,0,0.992,0,1,0,-0.992,0,0.124],"_humanoidState":5,"_cameraCFrame":[770.749,256.887,46.966,0.14,-0.965,0.219,0,0.222,0.975,-0.99,-0.137,0.031],"_shiftlockState":false,"_pose":"FreeFall","_animationQueue":[],"_animationSpeed":1,"_zoom":26.32},{"_mousePosition":[596,334],"_rootPartCFrame":[764.642,229.634,46.103,0.126,0,0.992,0,1,0,-0.992,0,0.126],"_humanoidState":5,"_cameraCFrame":[770.415,256.799,46.95,0.145,-0.965,0.219,0,0.222,0.975,-0.989,-0.142,0.032],"_shiftlockState":false,"_pose":"FreeFall","_animationQueue":[],"_animationSpeed":1,"_zoom":26.32},{"_mousePosition":[596,334],"_rootPartCFrame":[764.377,229.502,46.066,0.128,0,0.992,0,1,0,-0.992,0,0.128],"_humanoidState":5,"_cameraCFrame":[770.099,256.679,46.92,0.148,-0.965,0.217,0,0.22,0.976,-0.989,-0.144,0.032],"_shiftlockState":false,"_pose":"FreeFall","_animationQueue":[["fall",0.3]],"_animationSpeed":1,"_zoom":26.32},{"_mousePosition":[596,334],"_rootPartCFrame":[764.114,229.316,46.027,0.13,0,0.992,0,1,0,-0.992,0,0.13],"_humanoidState":5,"_cameraCFrame":[769.828,256.492,46.925,0.155,-0.964,0.217,0,0.22,0.976,-0.988,-0.151,0.034],"_shiftlockState":false,"_pose":"FreeFall","_animationQueue":[],"_animationSpeed":1,"_zoom":26.32},{"_mousePosition":[596,334],"_rootPartCFrame":[763.85,229.075,45.988,0.132,0,0.991,0,1,0,-0.991,0,0.132],"_humanoidState":5,"_cameraCFrame":[769.506,256.263,46.935,0.165,-0.963,0.215,0,0.218,0.976,-0.986,-0.161,0.036],"_shiftlockState":false,"_pose":"FreeFall","_animationQueue":[],"_animationSpeed":1,"_zoom":26.32},{"_mousePosition":[596,334],"_rootPartCFrame":[763.586,228.78,45.947,0.135,0,0.991,0,1,0,-0.991,0,0.135],"_humanoidState":5,"_cameraCFrame":[769.232,255.968,46.951,0.175,-0.961,0.215,0,0.218,0.976,-0.985,-0.171,0.038],"_shiftlockState":false,"_pose":"FreeFall","_animationQueue":[],"_animationSpeed":1,"_zoom":26.32},{"_mousePosition":[596,334],"_rootPartCFrame":[763.323,228.43,45.903,0.139,0,0.99,0,1,0,-0.99,0,0.139],"_humanoidState":5,"_cameraCFrame":[768.959,255.618,46.965,0.185,-0.959,0.214,0,0.218,0.976,-0.983,-0.181,0.04],"_shiftlockState":false,"_pose":"FreeFall","_animationQueue":[],"_animationSpeed":1,"_zoom":26.32},{"_mousePosition":[596,334],"_rootPartCFrame":[763.061,228.026,45.857,0.143,0,0.99,0,1,0,-0.99,0,0.143],"_humanoidState":5,"_cameraCFrame":[768.636,255.225,46.966,0.195,-0.958,0.212,0,0.216,0.976,-0.981,-0.19,0.042],"_shiftlockState":false,"_pose":"FreeFall","_animationQueue":[],"_animationSpeed":1,"_zoom":26.32},{"_mousePosition":[596,334],"_rootPartCFrame":[762.799,227.567,45.808,0.149,0,0.989,0,1,0,-0.989,0,0.149],"_humanoidState":5,"_cameraCFrame":[768.363,254.766,46.973,0.205,-0.956,0.211,0,0.216,0.976,-0.979,-0.2,0.044],"_shiftlockState":false,"_pose":"FreeFall","_animationQueue":[],"_animationSpeed":1,"_zoom":26.32},{"_mousePosition":[596,334],"_rootPartCFrame":[762.537,227.054,45.756,0.155,0,0.988,0,1,0,-0.988,0,0.155],"_humanoidState":5,"_cameraCFrame":[768.089,254.253,46.978,0.215,-0.954,0.211,0,0.216,0.976,-0.977,-0.21,0.046],"_shiftlockState":false,"_pose":"FreeFall","_animationQueue":[["fall",0.3]],"_animationSpeed":1,"_zoom":26.32},{"_mousePosition":[596,334],"_rootPartCFrame":[762.276,226.976,45.702,0.161,0,0.987,0,1,0,-0.987,0,0.161],"_humanoidState":7,"_cameraCFrame":[767.77,254.185,46.954,0.222,-0.952,0.209,0,0.214,0.977,-0.975,-0.217,0.048],"_shiftlockState":false,"_pose":"FreeFall","_animationQueue":[["walk",0.1],["fall",0.3],["fall",0.3]],"_animationSpeed":1,"_zoom":26.32},{"_mousePosition":[596,334],"_rootPartCFrame":[762.015,226.974,45.645,0.168,0,0.986,0,1,0,-0.986,0,0.168],"_humanoidState":7,"_cameraCFrame":[767.499,254.184,46.939,0.23,-0.951,0.208,0,0.214,0.977,-0.973,-0.224,0.049],"_shiftlockState":false,"_pose":"FreeFall","_animationQueue":[],"_animationSpeed":1,"_zoom":26.32},{"_mousePosition":[596,334],"_rootPartCFrame":[761.69,226.83,45.571,0.177,0,0.984,0,1,0,-0.984,0,0.177],"_humanoidState":8,"_cameraCFrame":[767.116,254.051,46.895,0.237,-0.949,0.206,0,0.212,0.977,-0.972,-0.232,0.05],"_shiftlockState":false,"_pose":"Running","_animationQueue":[["walk",0.1],["fall",0.3],["walk",0.1]],"_animationSpeed":1.103,"_zoom":26.32},{"_mousePosition":[596,334],"_rootPartCFrame":[761.431,226.647,45.51,0.184,0,0.983,0,1,0,-0.983,0,0.184],"_humanoidState":8,"_cameraCFrame":[766.794,253.879,46.876,0.247,-0.947,0.204,0,0.21,0.978,-0.969,-0.241,0.052],"_shiftlockState":false,"_pose":"Running","_animationQueue":[],"_animationSpeed":1.103,"_zoom":26.32},{"_mousePosition":[596,334],"_rootPartCFrame":[761.172,226.41,45.447,0.191,0,0.982,0,1,0,-0.982,0,0.191],"_humanoidState":8,"_cameraCFrame":[766.472,253.652,46.855,0.257,-0.945,0.201,0,0.208,0.978,-0.967,-0.251,0.053],"_shiftlockState":false,"_pose":"Running","_animationQueue":[],"_animationSpeed":1.103,"_zoom":26.32},{"_mousePosition":[596,334],"_rootPartCFrame":[760.913,226.118,45.382,0.199,0,0.98,0,1,0,-0.98,0,0.199],"_humanoidState":8,"_cameraCFrame":[766.195,253.36,46.856,0.269,-0.942,0.201,0,0.208,0.978,-0.963,-0.263,0.056],"_shiftlockState":false,"_pose":"Running","_animationQueue":[["walk",0.1]],"_animationSpeed":1.103,"_zoom":26.32},{"_mousePosition":[596,334],"_rootPartCFrame":[760.655,225.772,45.314,0.206,0,0.978,0,1,0,-0.978,0,0.206],"_humanoidState":8,"_cameraCFrame":[765.874,253.025,46.827,0.279,-0.94,0.198,0,0.206,0.978,-0.96,-0.273,0.058],"_shiftlockState":false,"_pose":"Running","_animationQueue":[],"_animationSpeed":1.103,"_zoom":26.32},{"_mousePosition":[596,334],"_rootPartCFrame":[760.398,225.371,45.242,0.215,0,0.977,0,1,0,-0.977,0,0.215],"_humanoidState":8,"_cameraCFrame":[765.55,252.634,46.807,0.291,-0.937,0.196,0,0.205,0.979,-0.957,-0.285,0.059],"_shiftlockState":false,"_pose":"Running","_animationQueue":[],"_animationSpeed":1.103,"_zoom":26.32},{"_mousePosition":[596,334],"_rootPartCFrame":[760.142,224.915,45.168,0.223,0,0.975,0,1,0,-0.975,0,0.223],"_humanoidState":8,"_cameraCFrame":[765.273,252.179,46.798,0.303,-0.933,0.195,0,0.205,0.979,-0.953,-0.296,0.062],"_shiftlockState":false,"_pose":"Running","_animationQueue":[],"_animationSpeed":1.103,"_zoom":26.32},{"_mousePosition":[596,334],"_rootPartCFrame":[759.887,224.878,45.091,0.232,0,0.973,0,1,0,-0.973,0,0.232],"_humanoidState":8,"_cameraCFrame":[764.954,252.152,46.757,0.312,-0.93,0.192,0,0.203,0.979,-0.95,-0.306,0.063],"_shiftlockState":false,"_pose":"Running","_animationQueue":[],"_animationSpeed":1.103,"_zoom":26.32},{"_mousePosition":[596,334],"_rootPartCFrame":[759.633,224.877,45.01,0.242,0,0.97,0,1,0,-0.97,0,0.242],"_humanoidState":8,"_cameraCFrame":[764.682,252.151,46.728,0.322,-0.927,0.192,0,0.203,0.979,-0.947,-0.315,0.065],"_shiftlockState":false,"_pose":"Running","_animationQueue":[],"_animationSpeed":1.103,"_zoom":26.32},{"_mousePosition":[596,334],"_rootPartCFrame":[759.38,224.798,44.927,0.251,0,0.968,0,1,0,-0.968,0,0.251],"_humanoidState":8,"_cameraCFrame":[764.411,252.072,46.696,0.332,-0.924,0.191,0,0.203,0.979,-0.943,-0.325,0.067],"_shiftlockState":false,"_pose":"Running","_animationQueue":[],"_animationSpeed":1.103,"_zoom":26.32},{"_mousePosition":[596,334],"_rootPartCFrame":[759.127,224.659,44.842,0.261,0,0.965,0,1,0,-0.965,0,0.261],"_humanoidState":8,"_cameraCFrame":[764.089,251.943,46.656,0.343,-0.92,0.189,0,0.201,0.98,-0.939,-0.337,0.069],"_shiftlockState":false,"_pose":"Running","_animationQueue":[["walk",0.1]],"_animationSpeed":1.103,"_zoom":26.32},{"_mousePosition":[596,334],"_rootPartCFrame":[758.875,224.543,44.753,0.27,0,0.963,0,1,0,-0.963,0,0.27],"_humanoidState":8,"_cameraCFrame":[763.819,251.827,46.618,0.353,-0.917,0.188,0,0.201,0.98,-0.936,-0.346,0.071],"_shiftlockState":false,"_pose":"Running","_animationQueue":[],"_animationSpeed":1.103,"_zoom":26.32},{"_mousePosition":[596,334],"_rootPartCFrame":[758.625,224.443,44.662,0.28,0,0.96,0,1,0,-0.96,0,0.28],"_humanoidState":8,"_cameraCFrame":[763.559,251.727,46.552,0.358,-0.915,0.187,0,0.201,0.98,-0.934,-0.35,0.072],"_shiftlockState":false,"_pose":"Running","_animationQueue":[],"_animationSpeed":1.103,"_zoom":26.32},{"_mousePosition":[596,334],"_rootPartCFrame":[758.374,225.316,44.57,0.29,0,0.957,0,1,0,-0.957,0,0.29],"_humanoidState":3,"_cameraCFrame":[763.298,252.6,46.485,0.362,-0.913,0.187,0,0.201,0.98,-0.932,-0.355,0.073],"_shiftlockState":false,"_pose":"Jumping","_animationQueue":[["walk",0.1],["jump",0.1]],"_animationSpeed":1,"_zoom":26.32},{"_mousePosition":[596,334],"_rootPartCFrame":[758.125,226.138,44.476,0.299,0,0.954,0,1,0,-0.954,0,0.299],"_humanoidState":5,"_cameraCFrame":[763.049,253.422,46.391,0.362,-0.913,0.187,0,0.201,0.98,-0.932,-0.355,0.073],"_shiftlockState":false,"_pose":"FreeFall","_animationQueue":[["jump",0.1]],"_animationSpeed":1,"_zoom":26.32},{"_mousePosition":[596,334],"_rootPartCFrame":[757.877,226.905,44.379,0.308,0,0.951,0,1,0,-0.951,0,0.308],"_humanoidState":5,"_cameraCFrame":[762.801,254.19,46.294,0.362,-0.913,0.187,0,0.201,0.98,-0.932,-0.355,0.073],"_shiftlockState":false,"_pose":"FreeFall","_animationQueue":[],"_animationSpeed":1,"_zoom":26.32},{"_mousePosition":[596,334],"_rootPartCFrame":[757.628,227.618,44.283,0.316,0,0.949,0,1,0,-0.949,0,0.316],"_humanoidState":5,"_cameraCFrame":[762.552,254.903,46.197,0.362,-0.913,0.187,0,0.201,0.98,-0.932,-0.355,0.073],"_shiftlockState":false,"_pose":"FreeFall","_animationQueue":[],"_animationSpeed":1,"_zoom":26.32},{"_mousePosition":[596,334],"_rootPartCFrame":[757.38,228.277,44.186,0.322,0,0.947,0,1,0,-0.947,0,0.322],"_humanoidState":5,"_cameraCFrame":[762.304,255.561,46.101,0.362,-0.913,0.187,0,0.201,0.98,-0.932,-0.355,0.073],"_shiftlockState":false,"_pose":"FreeFall","_animationQueue":[],"_animationSpeed":1,"_zoom":26.32},{"_mousePosition":[596,334],"_rootPartCFrame":[757.131,228.881,44.089,0.328,0,0.945,0,1,0,-0.945,0,0.328],"_humanoidState":5,"_cameraCFrame":[762.055,256.165,46.004,0.362,-0.913,0.187,0,0.201,0.98,-0.932,-0.355,0.073],"_shiftlockState":false,"_pose":"FreeFall","_animationQueue":[],"_animationSpeed":1,"_zoom":26.32},{"_mousePosition":[596,334],"_rootPartCFrame":[756.882,229.43,43.993,0.333,0,0.943,0,1,0,-0.943,0,0.333],"_humanoidState":5,"_cameraCFrame":[761.807,256.715,45.907,0.362,-0.913,0.187,0,0.201,0.98,-0.932,-0.355,0.073],"_shiftlockState":false,"_pose":"FreeFall","_animationQueue":[],"_animationSpeed":1,"_zoom":26.32},{"_mousePosition":[596,334],"_rootPartCFrame":[756.634,229.926,43.896,0.337,0,0.941,0,1,0,-0.941,0,0.337],"_humanoidState":5,"_cameraCFrame":[761.558,257.21,45.811,0.362,-0.913,0.187,0,0.201,0.98,-0.932,-0.355,0.073],"_shiftlockState":false,"_pose":"FreeFall","_animationQueue":[],"_animationSpeed":1,"_zoom":26.32},{"_mousePosition":[596,334],"_rootPartCFrame":[756.448,230.261,43.823,0.34,0,0.94,0,1,0,-0.94,0,0.34],"_humanoidState":5,"_cameraCFrame":[761.372,257.545,45.738,0.362,-0.913,0.187,0,0.201,0.98,-0.932,-0.355,0.073],"_shiftlockState":false,"_pose":"FreeFall","_animationQueue":[],"_animationSpeed":1,"_zoom":26.32},{"_mousePosition":[596,334],"_rootPartCFrame":[756.199,230.661,43.727,0.343,0,0.939,0,1,0,-0.939,0,0.343],"_humanoidState":5,"_cameraCFrame":[761.152,257.945,45.567,0.348,-0.918,0.188,0,0.201,0.98,-0.937,-0.341,0.07],"_shiftlockState":false,"_pose":"FreeFall","_animationQueue":[],"_animationSpeed":1,"_zoom":26.32},{"_mousePosition":[596,334],"_rootPartCFrame":[755.888,231.084,43.606,0.346,0,0.938,0,1,0,-0.938,0,0.346],"_humanoidState":5,"_cameraCFrame":[760.859,258.368,45.396,0.339,-0.922,0.189,0,0.201,0.98,-0.941,-0.332,0.068],"_shiftlockState":false,"_pose":"FreeFall","_animationQueue":[],"_animationSpeed":1,"_zoom":26.32},{"_mousePosition":[596,334],"_rootPartCFrame":[755.638,231.361,43.513,0.347,0,0.938,0,1,0,-0.938,0,0.347],"_humanoidState":5,"_cameraCFrame":[760.627,258.645,45.252,0.329,-0.925,0.19,0,0.201,0.98,-0.944,-0.322,0.066],"_shiftlockState":false,"_pose":"FreeFall","_animationQueue":[],"_animationSpeed":1,"_zoom":26.32},{"_mousePosition":[596,334],"_rootPartCFrame":[755.388,231.583,43.422,0.347,0,0.938,0,1,0,-0.938,0,0.347],"_humanoidState":5,"_cameraCFrame":[760.394,258.867,45.111,0.32,-0.928,0.19,0,0.201,0.98,-0.948,-0.313,0.064],"_shiftlockState":false,"_pose":"FreeFall","_animationQueue":[],"_animationSpeed":1,"_zoom":26.32},{"_mousePosition":[596,334],"_rootPartCFrame":[755.136,231.751,43.334,0.345,0,0.939,0,1,0,-0.939,0,0.345],"_humanoidState":5,"_cameraCFrame":[760.155,259.035,44.984,0.312,-0.931,0.191,0,0.201,0.98,-0.95,-0.306,0.063],"_shiftlockState":false,"_pose":"FreeFall","_animationQueue":[],"_animationSpeed":1,"_zoom":26.32},{"_mousePosition":[596,334],"_rootPartCFrame":[754.884,231.865,43.248,0.342,0,0.94,0,1,0,-0.94,0,0.342],"_humanoidState":5,"_cameraCFrame":[759.915,259.149,44.861,0.305,-0.933,0.191,0,0.201,0.98,-0.952,-0.299,0.061],"_shiftlockState":false,"_pose":"FreeFall","_animationQueue":[],"_animationSpeed":1,"_zoom":26.32},{"_mousePosition":[596,334],"_rootPartCFrame":[754.63,231.924,43.164,0.338,0,0.941,0,1,0,-0.941,0,0.338],"_humanoidState":5,"_cameraCFrame":[759.678,259.208,44.726,0.296,-0.936,0.192,0,0.201,0.98,-0.955,-0.29,0.059],"_shiftlockState":false,"_pose":"FreeFall","_animationQueue":[],"_animationSpeed":1,"_zoom":26.32},{"_mousePosition":[596,334],"_rootPartCFrame":[754.376,231.928,43.083,0.334,0,0.943,0,1,0,-0.943,0,0.334],"_humanoidState":5,"_cameraCFrame":[759.439,259.212,44.593,0.286,-0.939,0.192,0,0.201,0.98,-0.958,-0.28,0.057],"_shiftlockState":false,"_pose":"FreeFall","_animationQueue":[["fall",0.3]],"_animationSpeed":1,"_zoom":26.32},{"_mousePosition":[596,334],"_rootPartCFrame":[754.122,231.878,43.004,0.329,0,0.944,0,1,0,-0.944,0,0.329],"_humanoidState":5,"_cameraCFrame":[759.207,259.162,44.437,0.271,-0.943,0.193,0,0.201,0.98,-0.963,-0.266,0.054],"_shiftlockState":false,"_pose":"FreeFall","_animationQueue":[],"_animationSpeed":1,"_zoom":26.32},{"_mousePosition":[596,334],"_rootPartCFrame":[753.866,231.774,42.927,0.324,0,0.946,0,1,0,-0.946,0,0.324],"_humanoidState":5,"_cameraCFrame":[758.98,259.058,44.257,0.252,-0.948,0.194,0,0.201,0.98,-0.968,-0.247,0.051],"_shiftlockState":false,"_pose":"FreeFall","_animationQueue":[],"_animationSpeed":1,"_zoom":26.32},{"_mousePosition":[596,334],"_rootPartCFrame":[753.61,231.615,42.854,0.317,0,0.948,0,1,0,-0.948,0,0.317],"_humanoidState":5,"_cameraCFrame":[758.773,258.899,43.976,0.212,-0.957,0.196,0,0.201,0.98,-0.977,-0.208,0.043],"_shiftlockState":false,"_pose":"FreeFall","_animationQueue":[],"_animationSpeed":1,"_zoom":26.32},{"_mousePosition":[596,334],"_rootPartCFrame":[753.352,231.401,42.786,0.309,0,0.951,0,1,0,-0.951,0,0.309],"_humanoidState":5,"_cameraCFrame":[758.531,258.686,43.83,0.197,-0.96,0.197,0,0.201,0.98,-0.98,-0.193,0.04],"_shiftlockState":false,"_pose":"FreeFall","_animationQueue":[],"_animationSpeed":1,"_zoom":26.32},{"_mousePosition":[596,334],"_rootPartCFrame":[753.092,231.133,42.728,0.298,0,0.955,0,1,0,-0.955,0,0.298],"_humanoidState":5,"_cameraCFrame":[758.319,258.418,43.495,0.145,-0.969,0.199,0,0.201,0.98,-0.989,-0.142,0.029],"_shiftlockState":false,"_pose":"FreeFall","_animationQueue":[],"_animationSpeed":1,"_zoom":26.32},{"_mousePosition":[596,334],"_rootPartCFrame":[752.831,230.811,42.675,0.285,0,0.959,0,1,0,-0.959,0,0.285],"_humanoidState":5,"_cameraCFrame":[758.085,258.095,43.229,0.105,-0.974,0.2,0,0.201,0.98,-0.994,-0.103,0.021],"_shiftlockState":false,"_pose":"FreeFall","_animationQueue":[],"_animationSpeed":1,"_zoom":26.32},{"_mousePosition":[596,334],"_rootPartCFrame":[752.567,230.434,42.634,0.268,0,0.963,0,1,0,-0.963,0,0.268],"_humanoidState":5,"_cameraCFrame":[757.842,257.718,42.935,0.057,-0.978,0.2,0,0.201,0.98,-0.998,-0.056,0.011],"_shiftlockState":false,"_pose":"FreeFall","_animationQueue":[["fall",0.3]],"_animationSpeed":1,"_zoom":26.32},{"_mousePosition":[596,334],"_rootPartCFrame":[752.302,230.002,42.604,0.248,0,0.969,0,1,0,-0.969,0,0.248],"_humanoidState":5,"_cameraCFrame":[757.636,257.276,42.639,0.006,-0.979,0.203,0,0.203,0.979,-1,-0.006,0.001],"_shiftlockState":false,"_pose":"FreeFall","_animationQueue":[],"_animationSpeed":1,"_zoom":26.32},{"_mousePosition":[596,334],"_rootPartCFrame":[752.036,229.516,42.587,0.224,0,0.975,0,1,0,-0.975,0,0.224],"_humanoidState":5,"_cameraCFrame":[757.364,256.79,42.338,-0.047,-0.978,0.202,0,0.203,0.979,-0.999,0.046,-0.009],"_shiftlockState":false,"_pose":"FreeFall","_animationQueue":[],"_animationSpeed":1,"_zoom":26.32},{"_mousePosition":[596,334],"_rootPartCFrame":[751.769,228.976,42.583,0.197,0,0.981,0,1,0,-0.981,0,0.197],"_humanoidState":5,"_cameraCFrame":[757.124,256.239,42.02,-0.105,-0.973,0.203,0,0.205,0.979,-0.995,0.102,-0.021],"_shiftlockState":false,"_pose":"FreeFall","_animationQueue":[],"_animationSpeed":1,"_zoom":26.32},{"_mousePosition":[596,334],"_rootPartCFrame":[751.503,228.381,42.594,0.166,0,0.986,0,1,0,-0.986,0,0.166],"_humanoidState":5,"_cameraCFrame":[756.806,255.644,41.666,-0.172,-0.964,0.201,0,0.205,0.979,-0.985,0.169,-0.035],"_shiftlockState":false,"_pose":"FreeFall","_animationQueue":[],"_animationSpeed":1,"_zoom":26.32},{"_mousePosition":[596,334],"_rootPartCFrame":[751.238,227.731,42.619,0.131,0,0.991,0,1,0,-0.991,0,0.131],"_humanoidState":5,"_cameraCFrame":[756.563,254.974,41.308,-0.239,-0.95,0.202,0,0.208,0.978,-0.971,0.234,-0.05],"_shiftlockState":false,"_pose":"FreeFall","_animationQueue":[],"_animationSpeed":1,"_zoom":26.32},{"_mousePosition":[596,334],"_rootPartCFrame":[750.974,227.027,42.662,0.092,0,0.996,0,1,0,-0.996,0,0.092],"_humanoidState":5,"_cameraCFrame":[756.249,254.259,40.988,-0.303,-0.932,0.2,0,0.21,0.978,-0.953,0.296,-0.064],"_shiftlockState":false,"_pose":"FreeFall","_animationQueue":[["fall",0.3]],"_animationSpeed":1,"_zoom":26.32},{"_mousePosition":[596,334],"_rootPartCFrame":[750.715,226.921,42.723,0.049,0,0.999,0,1,0,-0.999,0,0.049],"_humanoidState":7,"_cameraCFrame":[756.019,254.12,40.678,-0.36,-0.911,0.202,0,0.216,0.976,-0.933,0.351,-0.078],"_shiftlockState":false,"_pose":"FreeFall","_animationQueue":[["walk",0.1],["fall",0.3],["fall",0.3]],"_animationSpeed":1,"_zoom":26.32},{"_mousePosition":[596,334],"_rootPartCFrame":[750.46,226.919,42.801,0.003,0,1,0,1,0,-1,0,0.003],"_humanoidState":7,"_cameraCFrame":[755.716,254.084,40.268,-0.434,-0.878,0.2,0,0.222,0.975,-0.901,0.423,-0.096],"_shiftlockState":false,"_pose":"FreeFall","_animationQueue":[],"_animationSpeed":1,"_zoom":26.32},{"_mousePosition":[596,334],"_rootPartCFrame":[750.148,226.775,42.919,-0.058,0,0.998,0,1,0,-0.998,0,-0.058],"_humanoidState":8,"_cameraCFrame":[755.356,253.928,40.178,-0.466,-0.863,0.198,0,0.224,0.975,-0.885,0.454,-0.104],"_shiftlockState":false,"_pose":"Running","_animationQueue":[["walk",0.1],["fall",0.3],["walk",0.1]],"_animationSpeed":1.103,"_zoom":26.32},{"_mousePosition":[596,334],"_rootPartCFrame":[749.908,226.592,43.033,-0.11,0,0.994,0,1,0,-0.994,0,-0.11],"_humanoidState":8,"_cameraCFrame":[755.109,253.734,40.177,-0.481,-0.854,0.198,0,0.225,0.974,-0.877,0.469,-0.109],"_shiftlockState":false,"_pose":"Running","_animationQueue":[],"_animationSpeed":1.103,"_zoom":26.32},{"_mousePosition":[596,334],"_rootPartCFrame":[749.671,226.355,43.157,-0.16,0,0.987,0,1,0,-0.987,0,-0.16],"_humanoidState":8,"_cameraCFrame":[754.873,253.497,40.3,-0.481,-0.854,0.198,0,0.225,0.974,-0.877,0.469,-0.109],"_shiftlockState":false,"_pose":"Running","_animationQueue":[],"_animationSpeed":1.103,"_zoom":26.32},{"_mousePosition":[596,334],"_rootPartCFrame":[749.435,227.217,43.281,-0.209,0,0.978,0,1,0,-0.978,0,-0.209],"_humanoidState":3,"_cameraCFrame":[754.637,254.36,40.424,-0.481,-0.854,0.198,0,0.225,0.974,-0.877,0.469,-0.109],"_shiftlockState":false,"_pose":"Jumping","_animationQueue":[["walk",0.1],["jump",0.1]],"_animationSpeed":1,"_zoom":26.32},{"_mousePosition":[596,334],"_rootPartCFrame":[749.26,227.829,43.377,-0.24,0,0.971,0,1,0,-0.971,0,-0.24],"_humanoidState":5,"_cameraCFrame":[754.461,254.971,40.52,-0.481,-0.854,0.198,0,0.225,0.974,-0.877,0.469,-0.109],"_shiftlockState":false,"_pose":"FreeFall","_animationQueue":[["jump",0.1]],"_animationSpeed":1,"_zoom":26.32},{"_mousePosition":[596,334],"_rootPartCFrame":[748.967,228.78,43.537,-0.284,0,0.959,0,1,0,-0.959,0,-0.284],"_humanoidState":5,"_cameraCFrame":[754.169,255.922,40.68,-0.481,-0.854,0.198,0,0.225,0.974,-0.877,0.469,-0.109],"_shiftlockState":false,"_pose":"FreeFall","_animationQueue":[],"_animationSpeed":1,"_zoom":26.32},{"_mousePosition":[596,334],"_rootPartCFrame":[748.734,229.479,43.665,-0.313,0,0.95,0,1,0,-0.95,0,-0.313],"_humanoidState":5,"_cameraCFrame":[753.936,256.621,40.809,-0.481,-0.854,0.198,0,0.225,0.974,-0.877,0.469,-0.109],"_shiftlockState":false,"_pose":"FreeFall","_animationQueue":[],"_animationSpeed":1,"_zoom":26.32},{"_mousePosition":[596,334],"_rootPartCFrame":[748.5,230.124,43.794,-0.338,0,0.941,0,1,0,-0.941,0,-0.338],"_humanoidState":5,"_cameraCFrame":[753.702,257.266,40.937,-0.481,-0.854,0.198,0,0.225,0.974,-0.877,0.469,-0.109],"_shiftlockState":false,"_pose":"FreeFall","_animationQueue":[],"_animationSpeed":1,"_zoom":26.32},{"_mousePosition":[596,334],"_rootPartCFrame":[748.325,230.572,43.89,-0.354,0,0.935,0,1,0,-0.935,0,-0.354],"_humanoidState":5,"_cameraCFrame":[753.527,257.714,41.033,-0.481,-0.854,0.198,0,0.225,0.974,-0.877,0.469,-0.109],"_shiftlockState":false,"_pose":"FreeFall","_animationQueue":[],"_animationSpeed":1,"_zoom":26.32},{"_mousePosition":[596,334],"_rootPartCFrame":[748.033,231.25,44.051,-0.376,0,0.926,0,1,0,-0.926,0,-0.376],"_humanoidState":5,"_cameraCFrame":[753.279,258.381,41.17,-0.481,-0.854,0.199,0,0.227,0.974,-0.877,0.469,-0.109],"_shiftlockState":false,"_pose":"FreeFall","_animationQueue":[],"_animationSpeed":1,"_zoom":26.32},{"_mousePosition":[596,334],"_rootPartCFrame":[747.799,231.732,44.179,-0.392,0,0.92,0,1,0,-0.92,0,-0.392],"_humanoidState":5,"_cameraCFrame":[753.067,258.862,41.338,-0.475,-0.857,0.2,0,0.227,0.974,-0.88,0.462,-0.108],"_shiftlockState":false,"_pose":"FreeFall","_animationQueue":[],"_animationSpeed":1,"_zoom":26.32},{"_mousePosition":[596,334],"_rootPartCFrame":[747.566,232.159,44.307,-0.405,0,0.915,0,1,0,-0.915,0,-0.405],"_humanoidState":5,"_cameraCFrame":[752.934,259.277,41.551,-0.457,-0.866,0.204,0,0.229,0.973,-0.89,0.445,-0.105],"_shiftlockState":false,"_pose":"FreeFall","_animationQueue":[],"_animationSpeed":1,"_zoom":26.32},{"_mousePosition":[596,334],"_rootPartCFrame":[747.331,232.531,44.434,-0.415,0,0.91,0,1,0,-0.91,0,-0.415],"_humanoidState":5,"_cameraCFrame":[752.72,259.65,41.718,-0.45,-0.869,0.205,0,0.229,0.973,-0.893,0.438,-0.103],"_shiftlockState":false,"_pose":"FreeFall","_animationQueue":[],"_animationSpeed":1,"_zoom":26.32},{"_mousePosition":[596,334],"_rootPartCFrame":[747.094,232.849,44.557,-0.422,0,0.907,0,1,0,-0.907,0,-0.422],"_humanoidState":5,"_cameraCFrame":[752.537,259.968,41.951,-0.432,-0.878,0.207,0,0.229,0.973,-0.902,0.42,-0.099],"_shiftlockState":false,"_pose":"FreeFall","_animationQueue":[],"_animationSpeed":1,"_zoom":26.32},{"_mousePosition":[596,334],"_rootPartCFrame":[746.856,233.112,44.677,-0.426,0,0.905,0,1,0,-0.905,0,-0.426],"_humanoidState":5,"_cameraCFrame":[752.332,260.231,42.14,-0.42,-0.883,0.208,0,0.229,0.973,-0.907,0.409,-0.096],"_shiftlockState":false,"_pose":"FreeFall","_animationQueue":[],"_animationSpeed":1,"_zoom":26.32},{"_mousePosition":[596,334],"_rootPartCFrame":[746.616,233.321,44.793,-0.428,0,0.904,0,1,0,-0.904,0,-0.428],"_humanoidState":5,"_cameraCFrame":[752.123,260.44,42.325,-0.409,-0.888,0.209,0,0.229,0.973,-0.913,0.398,-0.094],"_shiftlockState":false,"_pose":"FreeFall","_animationQueue":[],"_animationSpeed":1,"_zoom":26.32},{"_mousePosition":[596,334],"_rootPartCFrame":[746.435,233.442,44.877,-0.428,0,0.904,0,1,0,-0.904,0,-0.428],"_humanoidState":5,"_cameraCFrame":[751.973,260.561,42.48,-0.397,-0.893,0.21,0,0.229,0.973,-0.918,0.387,-0.091],"_shiftlockState":false,"_pose":"FreeFall","_animationQueue":[],"_animationSpeed":1,"_zoom":26.32},{"_mousePosition":[596,334],"_rootPartCFrame":[746.131,233.576,45.014,-0.425,0,0.905,0,1,0,-0.905,0,-0.425],"_humanoidState":5,"_cameraCFrame":[751.699,260.694,42.687,-0.386,-0.898,0.212,0,0.229,0.973,-0.923,0.375,-0.088],"_shiftlockState":false,"_pose":"FreeFall","_animationQueue":[],"_animationSpeed":1,"_zoom":26.32},{"_mousePosition":[596,334],"_rootPartCFrame":[745.886,233.621,45.12,-0.422,0,0.907,0,1,0,-0.907,0,-0.422],"_humanoidState":5,"_cameraCFrame":[751.477,260.74,42.85,-0.376,-0.902,0.212,0,0.229,0.973,-0.926,0.366,-0.086],"_shiftlockState":false,"_pose":"FreeFall","_animationQueue":[],"_animationSpeed":1,"_zoom":26.32},{"_mousePosition":[596,334],"_rootPartCFrame":[745.64,233.612,45.224,-0.418,0,0.909,0,1,0,-0.909,0,-0.418],"_humanoidState":5,"_cameraCFrame":[751.249,260.731,42.995,-0.369,-0.905,0.213,0,0.229,0.973,-0.929,0.359,-0.085],"_shiftlockState":false,"_pose":"FreeFall","_animationQueue":[],"_animationSpeed":1,"_zoom":26.32},{"_mousePosition":[596,334],"_rootPartCFrame":[745.393,233.548,45.325,-0.412,0,0.911,0,1,0,-0.911,0,-0.412],"_humanoidState":5,"_cameraCFrame":[751.013,260.667,43.125,-0.365,-0.906,0.214,0,0.229,0.973,-0.931,0.355,-0.084],"_shiftlockState":false,"_pose":"FreeFall","_animationQueue":[],"_animationSpeed":1,"_zoom":26.32},{"_mousePosition":[596,334],"_rootPartCFrame":[745.208,233.465,45.399,-0.408,0,0.913,0,1,0,-0.913,0,-0.408],"_humanoidState":5,"_cameraCFrame":[750.833,260.584,43.213,-0.362,-0.907,0.214,0,0.229,0.973,-0.932,0.353,-0.083],"_shiftlockState":false,"_pose":"FreeFall","_animationQueue":[],"_animationSpeed":1,"_zoom":26.32},{"_mousePosition":[596,334],"_rootPartCFrame":[744.897,233.257,45.52,-0.401,0,0.916,0,1,0,-0.916,0,-0.401],"_humanoidState":5,"_cameraCFrame":[750.528,260.376,43.349,-0.36,-0.908,0.214,0,0.229,0.973,-0.933,0.35,-0.083],"_shiftlockState":false,"_pose":"FreeFall","_animationQueue":[],"_animationSpeed":1,"_zoom":26.32},{"_mousePosition":[596,334],"_rootPartCFrame":[744.649,233.03,45.617,-0.396,0,0.918,0,1,0,-0.918,0,-0.396],"_humanoidState":5,"_cameraCFrame":[750.29,260.149,43.474,-0.355,-0.91,0.214,0,0.229,0.973,-0.935,0.346,-0.081],"_shiftlockState":false,"_pose":"FreeFall","_animationQueue":[["fall",0.3]],"_animationSpeed":1,"_zoom":26.32},{"_mousePosition":[596,334],"_rootPartCFrame":[744.4,232.749,45.713,-0.391,0,0.92,0,1,0,-0.92,0,-0.391],"_humanoidState":5,"_cameraCFrame":[750.047,259.868,43.584,-0.353,-0.911,0.215,0,0.229,0.973,-0.936,0.343,-0.081],"_shiftlockState":false,"_pose":"FreeFall","_animationQueue":[],"_animationSpeed":1,"_zoom":26.32},{"_mousePosition":[596,334],"_rootPartCFrame":[744.151,232.413,45.808,-0.386,0,0.922,0,1,0,-0.922,0,-0.386],"_humanoidState":5,"_cameraCFrame":[749.808,259.532,43.708,-0.348,-0.913,0.215,0,0.229,0.973,-0.937,0.339,-0.08],"_shiftlockState":false,"_pose":"FreeFall","_animationQueue":