[{"_mousePosition":[748,424],"_rootPartCFrame":[776.023,222.7,47.142,0.003,0,1,0,1,0,-1,0,0.003],"_humanoidState":8,"_cameraCFrame":[785.48,248.761,47.388,0.026,-0.933,0.359,0,0.359,0.933,-1,-0.024,0.009],"_shiftlockState":false,"_pose":"Standing","_animationQueue":[],"_animationSpeed":1,"_zoom":26.32},{"_mousePosition":[748,424],"_rootPartCFrame":[775.72,222.7,47.134,0.007,0,1,0,1,0,-1,0,0.007],"_humanoidState":8,"_cameraCFrame":[785.177,248.761,47.38,0.026,-0.933,0.359,0,0.359,0.933,-1,-0.024,0.009],"_shiftlockState":false,"_pose":"Standing","_animationQueue":[],"_animationSpeed":1,"_zoom":26.32},{"_mousePosition":[748,424],"_rootPartCFrame":[775.587,222.7,47.131,0.008,0,1,0,1,0,-1,0,0.008],"_humanoidState":8,"_cameraCFrame":[785.044,248.761,47.376,0.026,-0.933,0.359,0,0.359,0.933,-1,-0.024,0.009],"_shiftlockState":false,"_pose":"Running","_animationQueue":[["walk",0.1]],"_animationSpeed":1.089,"_zoom":26.32},{"_mousePosition":[748,424],"_rootPartCFrame":[775.321,222.7,47.124,0.01,0,1,0,1,0,-1,0,0.01],"_humanoidState":8,"_cameraCFrame":[784.777,248.761,47.369,0.026,-0.933,0.359,0,0.359,0.933,-1,-0.024,0.009],"_shiftlockState":false,"_pose":"Running","_animationQueue":[],"_animationSpeed":1.089,"_zoom":26.32},{"_mousePosition":[748,424],"_rootPartCFrame":[775.054,222.7,47.117,0.013,0,1,0,1,0,-1,0,0.013],"_humanoidState":8,"_cameraCFrame":[784.51,248.761,47.362,0.026,-0.933,0.359,0,0.359,0.933,-1,-0.024,0.009],"_shiftlockState":false,"_pose":"Running","_animationQueue":[],"_animationSpeed":1.089,"_zoom":26.32},{"_mousePosition":[748,424],"_rootPartCFrame":[774.787,222.7,47.11,0.014,0,1,0,1,0,-1,0,0.014],"_humanoidState":8,"_cameraCFrame":[784.244,248.761,47.356,0.026,-0.933,0.359,0,0.359,0.933,-1,-0.024,0.009],"_shiftlockState":false,"_pose":"Running","_animationQueue":[],"_animationSpeed":1.089,"_zoom":26.32},{"_mousePosition":[748,424],"_rootPartCFrame":[774.521,222.7,47.103,0.016,0,1,0,1,0,-1,0,0.016],"_humanoidState":8,"_cameraCFrame":[783.977,248.761,47.349,0.026,-0.933,0.359,0,0.359,0.933,-1,-0.024,0.009],"_shiftlockState":false,"_pose":"Running","_animationQueue":[],"_animationSpeed":1.089,"_zoom":26.32},{"_mousePosition":[748,424],"_rootPartCFrame":[774.254,222.7,47.096,0.017,0,1,0,1,0,-1,0,0.017],"_humanoidState":8,"_cameraCFrame":[783.615,248.798,47.316,0.023,-0.934,0.356,0,0.356,0.935,-1,-0.022,0.008],"_shiftlockState":false,"_pose":"Running","_animationQueue":[],"_animationSpeed":1.089,"_zoom":26.32},{"_mousePosition":[748,424],"_rootPartCFrame":[773.988,222.7,47.09,0.018,0,1,0,1,0,-1,0,0.018],"_humanoidState":8,"_cameraCFrame":[783.349,248.798,47.309,0.023,-0.934,0.356,0,0.356,0.935,-1,-0.022,0.008],"_shiftlockState":false,"_pose":"Running","_animationQueue":[["walk",0.1]],"_animationSpeed":1.089,"_zoom":26.32},{"_mousePosition":[748,424],"_rootPartCFrame":[773.721,222.7,47.083,0.019,0,1,0,1,0,-1,0,0.019],"_humanoidState":8,"_cameraCFrame":[783.034,248.816,47.301,0.023,-0.935,0.354,0,0.354,0.935,-1,-0.022,0.008],"_shiftlockState":false,"_pose":"Running","_animationQueue":[],"_animationSpeed":1.089,"_zoom":26.32},{"_mousePosition":[748,424],"_rootPartCFrame":[773.454,222.7,47.077,0.02,0,1,0,1,0,-1,0,0.02],"_humanoidState":8,"_cameraCFrame":[782.768,248.816,47.271,0.021,-0.935,0.354,0,0.354,0.935,-1,-0.02,0.007],"_shiftlockState":false,"_pose":"Running","_animationQueue":[],"_animationSpeed":1.089,"_zoom":26.32},{"_mousePosition":[748,424],"_rootPartCFrame":[773.188,222.7,47.071,0.02,0,1,0,1,0,-1,0,0.02],"_humanoidState":8,"_cameraCFrame":[782.502,248.816,47.265,0.021,-0.935,0.354,0,0.354,0.935,-1,-0.02,0.007],"_shiftlockState":false,"_pose":"Running","_animationQueue":[],"_animationSpeed":1.089,"_zoom":26.32},{"_mousePosition":[748,424],"_rootPartCFrame":[772.655,222.7,47.06,0.02,0,1,0,1,0,-1,0,0.02],"_humanoidState":8,"_cameraCFrame":[781.969,248.816,47.254,0.021,-0.935,0.354,0,0.354,0.935,-1,-0.02,0.007],"_shiftlockState":false,"_pose":"Running","_animationQueue":[],"_animationSpeed":1.089,"_zoom":26.32},{"_mousePosition":[748,424],"_rootPartCFrame":[772.655,222.7,47.06,0.02,0,1,0,1,0,-1,0,0.02],"_humanoidState":8,"_cameraCFrame":[781.92,248.834,47.253,0.021,-0.936,0.352,0,0.352,0.936,-1,-0.02,0.007],"_shiftlockState":false,"_pose":"Running","_animationQueue":[],"_animationSpeed":1.089,"_zoom":26.32},{"_mousePosition":[748,424],"_rootPartCFrame":[772.388,222.717,47.054,0.02,0,1,0,1,0,-1,0,0.02],"_humanoidState":8,"_cameraCFrame":[781.654,248.851,47.247,0.021,-0.936,0.352,0,0.352,0.936,-1,-0.02,0.007],"_shiftlockState":false,"_pose":"Running","_animationQueue":[["walk",0.1]],"_animationSpeed":1.089,"_zoom":26.32},{"_mousePosition":[748,424],"_rootPartCFrame":[771.988,222.761,47.046,0.021,0,1,0,1,0,-1,0,0.021],"_humanoidState":8,"_cameraCFrame":[781.254,248.895,47.239,0.021,-0.936,0.352,0,0.352,0.936,-1,-0.02,0.007],"_shiftlockState":false,"_pose":"Running","_animationQueue":[],"_animationSpeed":1.089,"_zoom":26.32},{"_mousePosition":[748,424],"_rootPartCFrame":[771.855,222.771,47.043,0.021,0,1,0,1,0,-1,0,0.021],"_humanoidState":8,"_cameraCFrame":[781.073,248.923,47.212,0.018,-0.936,0.35,0,0.35,0.937,-1,-0.017,0.006],"_shiftlockState":false,"_pose":"Running","_animationQueue":[],"_animationSpeed":1.089,"_zoom":26.32},{"_mousePosition":[748,424],"_rootPartCFrame":[771.588,222.784,47.037,0.021,0,1,0,1,0,-1,0,0.021],"_humanoidState":8,"_cameraCFrame":[780.807,248.936,47.206,0.018,-0.936,0.35,0,0.35,0.937,-1,-0.017,0.006],"_shiftlockState":false,"_pose":"Running","_animationQueue":[],"_animationSpeed":1.089,"_zoom":26.32},{"_mousePosition":[748,424],"_rootPartCFrame":[771.322,222.8,47.032,0.02,0,1,0,1,0,-1,0,0.02],"_humanoidState":8,"_cameraCFrame":[780.492,248.97,47.201,0.018,-0.937,0.348,0,0.348,0.937,-1,-0.017,0.006],"_shiftlockState":false,"_pose":"Running","_animationQueue":[],"_animationSpeed":1.089,"_zoom":26.32},{"_mousePosition":[748,424],"_rootPartCFrame":[771.055,222.825,47.028,0.02,0,1,0,1,0,-1,0,0.02],"_humanoidState":8,"_cameraCFrame":[780.226,248.995,47.172,0.016,-0.937,0.348,0,0.348,0.937,-1,-0.015,0.006],"_shiftlockState":false,"_pose":"Running","_animationQueue":[],"_animationSpeed":1.089,"_zoom":26.32},{"_mousePosition":[748,424],"_rootPartCFrame":[770.788,222.843,47.023,0.02,0,1,0,1,0,-1,0,0.02],"_humanoidState":8,"_cameraCFrame":[779.911,249.031,47.167,0.016,-0.938,0.347,0,0.347,0.938,-1,-0.015,0.005],"_shiftlockState":false,"_pose":"Running","_animationQueue":[],"_animationSpeed":1.089,"_zoom":26.32},{"_mousePosition":[748,424],"_rootPartCFrame":[770.522,222.818,47.018,0.019,0,1,0,1,0,-1,0,0.019],"_humanoidState":8,"_cameraCFrame":[779.644,249.006,47.163,0.016,-0.938,0.347,0,0.347,0.938,-1,-0.015,0.005],"_shiftlockState":false,"_pose":"Running","_animationQueue":[["walk",0.1]],"_animationSpeed":1.089,"_zoom":26.32},{"_mousePosition":[748,424],"_rootPartCFrame":[770.255,222.746,47.014,0.019,0,1,0,1,0,-1,0,0.019],"_humanoidState":8,"_cameraCFrame":[779.378,248.934,47.158,0.016,-0.938,0.347,0,0.347,0.938,-1,-0.015,0.005],"_shiftlockState":false,"_pose":"Running","_animationQueue":[],"_animationSpeed":1.089,"_zoom":26.32},{"_mousePosition":[748,424],"_rootPartCFrame":[769.989,222.619,47.01,0.018,0,1,0,1,0,-1,0,0.018],"_humanoidState":8,"_cameraCFrame":[779.111,248.807,47.154,0.016,-0.938,0.347,0,0.347,0.938,-1,-0.015,0.005],"_shiftlockState":false,"_pose":"Running","_animationQueue":[],"_animationSpeed":1.089,"_zoom":26.32},{"_mousePosition":[748,424],"_rootPartCFrame":[769.655,223.702,47.005,0.018,0,1,0,1,0,-1,0,0.018],"_humanoidState":3,"_cameraCFrame":[778.778,249.89,47.149,0.016,-0.938,0.347,0,0.347,0.938,-1,-0.015,0.005],"_shiftlockState":false,"_pose":"Jumping","_animationQueue":[["walk",0.1],["jump",0.1]],"_animationSpeed":1,"_zoom":26.32},{"_mousePosition":[748,424],"_rootPartCFrame":[769.455,224.314,47.002,0.017,0,1,0,1,0,-1,0,0.017],"_humanoidState":5,"_cameraCFrame":[778.578,250.502,47.146,0.016,-0.938,0.347,0,0.347,0.938,-1,-0.015,0.005],"_shiftlockState":false,"_pose":"FreeFall","_animationQueue":[["jump",0.1]],"_animationSpeed":1,"_zoom":26.32},{"_mousePosition":[748,424],"_rootPartCFrame":[769.189,225.081,46.997,0.017,0,1,0,1,0,-1,0,0.017],"_humanoidState":5,"_cameraCFrame":[778.311,251.269,47.141,0.016,-0.938,0.347,0,0.347,0.938,-1,-0.015,0.005],"_shiftlockState":false,"_pose":"FreeFall","_animationQueue":[],"_animationSpeed":1,"_zoom":26.32},{"_mousePosition":[748,424],"_rootPartCFrame":[768.922,225.794,46.993,0.017,0,1,0,1,0,-1,0,0.017],"_humanoidState":5,"_cameraCFrame":[778.045,251.982,47.137,0.016,-0.938,0.347,0,0.347,0.938,-1,-0.015,0.005],"_shiftlockState":false,"_pose":"FreeFall","_animationQueue":[],"_animationSpeed":1,"_zoom":26.32},{"_mousePosition":[748,424],"_rootPartCFrame":[768.656,226.453,46.989,0.017,0,1,0,1,0,-1,0,0.017],"_humanoidState":5,"_cameraCFrame":[777.778,252.641,47.133,0.016,-0.938,0.347,0,0.347,0.938,-1,-0.015,0.005],"_shiftlockState":false,"_pose":"FreeFall","_animationQueue":[],"_animationSpeed":1,"_zoom":26.32},{"_mousePosition":[748,424],"_rootPartCFrame":[768.389,227.057,46.985,0.017,0,1,0,1,0,-1,0,0.017],"_humanoidState":5,"_cameraCFrame":[777.512,253.245,47.129,0.016,-0.938,0.347,0,0.347,0.938,-1,-0.015,0.005],"_shiftlockState":false,"_pose":"FreeFall","_animationQueue":[],"_animationSpeed":1,"_zoom":26.32},{"_mousePosition":[748,424],"_rootPartCFrame":[768.122,227.606,46.98,0.017,0,1,0,1,0,-1,0,0.017],"_humanoidState":5,"_cameraCFrame":[777.245,253.794,47.125,0.016,-0.938,0.347,0,0.347,0.938,-1,-0.015,0.005],"_shiftlockState":false,"_pose":"FreeFall","_animationQueue":[],"_animationSpeed":1,"_zoom":26.32},{"_mousePosition":[748,424],"_rootPartCFrame":[767.856,228.101,46.976,0.016,0,1,0,1,0,-1,0,0.016],"_humanoidState":5,"_cameraCFrame":[776.978,254.289,47.12,0.016,-0.938,0.347,0,0.347,0.938,-1,-0.015,0.005],"_shiftlockState":false,"_pose":"FreeFall","_animationQueue":[],"_animationSpeed":1,"_zoom":26.32},{"_mousePosition":[748,424],"_rootPartCFrame":[767.589,228.542,46.972,0.016,0,1,0,1,0,-1,0,0.016],"_humanoidState":5,"_cameraCFrame":[776.712,254.73,47.116,0.016,-0.938,0.347,0,0.347,0.938,-1,-0.015,0.005],"_shiftlockState":false,"_pose":"FreeFall","_animationQueue":[],"_animationSpeed":1,"_zoom":26.32},{"_mousePosition":[748,424],"_rootPartCFrame":[767.323,228.928,46.968,0.016,0,1,0,1,0,-1,0,0.016],"_humanoidState":5,"_cameraCFrame":[776.445,255.116,47.112,0.016,-0.938,0.347,0,0.347,0.938,-1,-0.015,0.005],"_shiftlockState":false,"_pose":"FreeFall","_animationQueue":[],"_animationSpeed":1,"_zoom":26.32},{"_mousePosition":[748,424],"_rootPartCFrame":[767.056,229.259,46.964,0.016,0,1,0,1,0,-1,0,0.016],"_humanoidState":5,"_cameraCFrame":[776.179,255.447,47.108,0.016,-0.938,0.347,0,0.347,0.938,-1,-0.015,0.005],"_shiftlockState":false,"_pose":"FreeFall","_animationQueue":[],"_animationSpeed":1,"_zoom":26.32},{"_mousePosition":[748,424],"_rootPartCFrame":[766.789,229.536,46.959,0.016,0,1,0,1,0,-1,0,0.016],"_humanoidState":5,"_cameraCFrame":[775.912,255.724,47.104,0.016,-0.938,0.347,0,0.347,0.938,-1,-0.015,0.005],"_shiftlockState":false,"_pose":"FreeFall","_animationQueue":[],"_animationSpeed":1,"_zoom":26.32},{"_mousePosition":[748,424],"_rootPartCFrame":[766.523,229.759,46.955,0.016,0,1,0,1,0,-1,0,0.016],"_humanoidState":5,"_cameraCFrame":[775.645,255.947,47.099,0.016,-0.938,0.347,0,0.347,0.938,-1,-0.015,0.005],"_shiftlockState":false,"_pose":"FreeFall","_animationQueue":[],"_animationSpeed":1,"_zoom":26.32},{"_mousePosition":[748,424],"_rootPartCFrame":[766.256,229.927,46.951,0.016,0,1,0,1,0,-1,0,0.016],"_humanoidState":5,"_cameraCFrame":[775.379,256.115,47.095,0.016,-0.938,0.347,0,0.347,0.938,-1,-0.015,0.005],"_shiftlockState":false,"_pose":"FreeFall","_animationQueue":[],"_animationSpeed":1,"_zoom":26.32},{"_mousePosition":[748,424],"_rootPartCFrame":[765.99,230.04,46.947,0.016,0,1,0,1,0,-1,0,0.016],"_humanoidState":5,"_cameraCFrame":[775.112,256.229,47.091,0.016,-0.938,0.347,0,0.347,0.938,-1,-0.015,0.005],"_shiftlockState":false,"_pose":"FreeFall","_animationQueue":[],"_animationSpeed":1,"_zoom":26.32},{"_mousePosition":[748,424],"_rootPartCFrame":[765.723,230.099,46.943,0.016,0,1,0,1,0,-1,0,0.016],"_humanoidState":5,"_cameraCFrame":[774.942,256.252,47.088,0.016,-0.937,0.35,0,0.35,0.937,-1,-0.015,0.006],"_shiftlockState":false,"_pose":"FreeFall","_animationQueue":[],"_animationSpeed":1,"_zoom":26.32},{"_mousePosition":[748,424],"_rootPartCFrame":[765.456,230.104,46.938,0.016,0,1,0,1,0,-1,0,0.016],"_humanoidState":5,"_cameraCFrame":[774.723,256.238,47.085,0.016,-0.936,0.352,0,0.352,0.936,-1,-0.015,0.006],"_shiftlockState":false,"_pose":"FreeFall","_animationQueue":[],"_animationSpeed":1,"_zoom":26.32},{"_mousePosition":[748,424],"_rootPartCFrame":[765.19,230.054,46.934,0.016,0,1,0,1,0,-1,0,0.016],"_humanoidState":5,"_cameraCFrame":[774.505,256.17,47.058,0.013,-0.935,0.354,0,0.354,0.935,-1,-0.012,0.005],"_shiftlockState":false,"_pose":"FreeFall","_animationQueue":[["fall",0.3]],"_animationSpeed":1,"_zoom":26.32},{"_mousePosition":[748,424],"_rootPartCFrame":[764.923,229.95,46.93,0.016,0,1,0,1,0,-1,0,0.016],"_humanoidState":5,"_cameraCFrame":[774.286,256.048,47.054,0.013,-0.934,0.356,0,0.356,0.935,-1,-0.012,0.005],"_shiftlockState":false,"_pose":"FreeFall","_animationQueue":[],"_animationSpeed":1,"_zoom":26.32},{"_mousePosition":[748,424],"_rootPartCFrame":[764.657,229.791,46.926,0.016,0,1,0,1,0,-1,0,0.016],"_humanoidState":5,"_cameraCFrame":[774.068,255.87,47.051,0.013,-0.934,0.358,0,0.358,0.934,-1,-0.012,0.005],"_shiftlockState":false,"_pose":"FreeFall","_animationQueue":[],"_animationSpeed":1,"_zoom":26.32},{"_mousePosition":[748,424],"_rootPartCFrame":[764.39,229.577,46.923,0.015,0,1,0,1,0,-1,0,0.015],"_humanoidState":5,"_cameraCFrame":[773.801,255.657,47.048,0.013,-0.934,0.358,0,0.358,0.934,-1,-0.012,0.005],"_shiftlockState":false,"_pose":"FreeFall","_animationQueue":[],"_animationSpeed":1,"_zoom":26.32},{"_mousePosition":[748,424],"_rootPartCFrame":[764.123,229.309,46.919,0.015,0,1,0,1,0,-1,0,0.015],"_humanoidState":5,"_cameraCFrame":[773.534,255.389,47.044,0.013,-0.934,0.358,0,0.358,0.934,-1,-0.012,0.005],"_shiftlockState":false,"_pose":"FreeFall","_animationQueue":[],"_animationSpeed":1,"_zoom":26.32},{"_mousePosition":[748,424],"_rootPartCFrame":[763.857,228.987,46.916,0.015,0,1,0,1,0,-1,0,0.015],"_humanoidState":5,"_cameraCFrame":[773.268,255.066,47.041,0.013,-0.934,0.358,0,0.358,0.934,-1,-0.012,0.005],"_shiftlockState":false,"_pose":"FreeFall","_animationQueue":[],"_animationSpeed":1,"_zoom":26.32},{"_mousePosition":[748,424],"_rootPartCFrame":[763.59,228.61,46.912,0.015,0,1,0,1,0,-1,0,0.015],"_humanoidState":5,"_cameraCFrame":[773.001,254.689,47.037,0.013,-0.934,0.358,0,0.358,0.934,-1,-0.012,0.005],"_shiftlockState":false,"_pose":"FreeFall","_animationQueue":[],"_animationSpeed":1,"_zoom":26.32},{"_mousePosition":[748,424],"_rootPartCFrame":[763.324,228.178,46.909,0.014,0,1,0,1,0,-1,0,0.014],"_humanoidState":5,"_cameraCFrame":[772.734,254.258,47.034,0.013,-0.934,0.358,0,0.358,0.934,-1,-0.012,0.005],"_shiftlockState":false,"_pose":"FreeFall","_animationQueue":[["fall",0.3]],"_animationSpeed":1,"_zoom":26.32},{"_mousePosition":[748,424],"_rootPartCFrame":[763.057,227.692,46.905,0.014,0,1,0,1,0,-1,0,0.014],"_humanoidState":5,"_cameraCFrame":[772.468,253.772,47.03,0.013,-0.934,0.358,0,0.358,0.934,-1,-0.012,0.005],"_shiftlockState":false,"_pose":"FreeFall","_animationQueue":[],"_animationSpeed":1,"_zoom":26.32},{"_mousePosition":[748,424],"_rootPartCFrame":[762.79,227.152,46.902,0.014,0,1,0,1,0,-1,0,0.014],"_humanoidState":5,"_cameraCFrame":[772.201,253.231,47.026,0.013,-0.934,0.358,0,0.358,0.934,-1,-0.012,0.005],"_shiftlockState":false,"_pose":"FreeFall","_animationQueue":[],"_animationSpeed":1,"_zoom":26.32},{"_mousePosition":[748,424],"_rootPartCFrame":[762.524,226.557,46.898,0.014,0,1,0,1,0,-1,0,0.014],"_humanoidState":5,"_cameraCFrame":[771.935,252.636,47.023,0.013,-0.934,0.358,0,0.358,0.934,-1,-0.012,0.005],"_shiftlockState":false,"_pose":"FreeFall","_animationQueue":[],"_animationSpeed":1,"_zoom":26.32},{"_mousePosition":[748,424],"_rootPartCFrame":[762.257,225.907,46.894,0.014,0,1,0,1,0,-1,0,0.014],"_humanoidState":5,"_cameraCFrame":[771.668,251.987,47.019,0.013,-0.934,0.358,0,0.358,0.934,-1,-0.012,0.005],"_shiftlockState":false,"_pose":"FreeFall","_animationQueue":[],"_animationSpeed":1,"_zoom":26.32},{"_mousePosition":[748,424],"_rootPartCFrame":[761.991,225.203,46.891,0.014,0,1,0,1,0,-1,0,0.014],"_humanoidState":5,"_cameraCFrame":[771.449,251.265,47.016,0.013,-0.933,0.359,0,0.359,0.933,-1,-0.012,0.005],"_shiftlockState":false,"_pose":"FreeFall","_animationQueue":[],"_animationSpeed":1,"_zoom":26.32},{"_mousePosition":[748,424],"_rootPartCFrame":[761.657,224.247,46.886,0.014,0,1,0,1,0,-1,0,0.014],"_humanoidState":5,"_cameraCFrame":[771.164,250.289,46.965,0.008,-0.932,0.361,0,0.361,0.932,-1,-0.008,0.003],"_shiftlockState":false,"_pose":"FreeFall","_animationQueue":[],"_animationSpeed":1,"_zoom":26.32},{"_mousePosition":[748,424],"_rootPartCFrame":[761.457,223.632,46.884,0.014,0,1,0,1,0,-1,0,0.014],"_humanoidState":7,"_cameraCFrame":[770.964,249.675,46.962,0.008,-0.932,0.361,0,0.361,0.932,-1,-0.008,0.003],"_shiftlockState":false,"_pose":"FreeFall","_animationQueue":[["fall",0.3],["walk",0.1],["fall",0.3],["fall",0.3]],"_animationSpeed":1,"_zoom":26.32},{"_mousePosition":[748,424],"_rootPartCFrame":[761.191,223.462,46.881,0.013,0,1,0,1,0,-1,0,0.013],"_humanoidState":7,"_cameraCFrame":[770.698,249.504,46.959,0.008,-0.932,0.361,0,0.361,0.932,-1,-0.008,0.003],"_shiftlockState":false,"_pose":"FreeFall","_animationQueue":[],"_animationSpeed":1,"_zoom":26.32},{"_mousePosition":[748,424],"_rootPartCFrame":[760.924,223.538,46.879,0.012,0,1,0,1,0,-1,0,0.012],"_humanoidState":7,"_cameraCFrame":[770.431,249.581,46.957,0.008,-0.932,0.361,0,0.361,0.932,-1,-0.008,0.003],"_shiftlockState":false,"_pose":"FreeFall","_animationQueue":[],"_animationSpeed":1,"_zoom":26.32},{"_mousePosition":[748,424],"_rootPartCFrame":[760.658,223.607,46.877,0.012,0,1,0,1,0,-1,0,0.012],"_humanoidState":8,"_cameraCFrame":[770.165,249.649,46.955,0.008,-0.932,0.361,0,0.361,0.932,-1,-0.008,0.003],"_shiftlockState":false,"_pose":"Running","_animationQueue":[["walk",0.1],["fall",0.3],["walk",0.1]],"_animationSpeed":1.103,"_zoom":26.32},{"_mousePosition":[748,424],"_rootPartCFrame":[760.391,223.649,46.875,0.011,0,1,0,1,0,-1,0,0.011],"_humanoidState":8,"_cameraCFrame":[769.898,249.691,46.953,0.008,-0.932,0.361,0,0.361,0.932,-1,-0.008,0.003],"_shiftlockState":false,"_pose":"Running","_animationQueue":[],"_animationSpeed":1.103,"_zoom":26.32},{"_mousePosition":[748,424],"_rootPartCFrame":[760.124,223.672,46.873,0.011,0,1,0,1,0,-1,0,0.011],"_humanoidState":8,"_cameraCFrame":[769.631,249.715,46.951,0.008,-0.932,0.361,0,0.361,0.932,-1,-0.008,0.003],"_shiftlockState":false,"_pose":"Running","_animationQueue":[],"_animationSpeed":1.103,"_zoom":26.32},{"_mousePosition":[748,424],"_rootPartCFrame":[759.858,223.685,46.87,0.011,0,1,0,1,0,-1,0,0.011],"_humanoidState":8,"_cameraCFrame":[769.365,249.728,46.924,0.006,-0.932,0.361,0,0.361,0.932,-1,-0.005,0.002],"_shiftlockState":false,"_pose":"Running","_animationQueue":[["walk",0.1]],"_animationSpeed":1.103,"_zoom":26.32},{"_mousePosition":[748,424],"_rootPartCFrame":[759.591,223.692,46.868,0.01,0,1,0,1,0,-1,0,0.01],"_humanoidState":8,"_cameraCFrame":[769.098,249.735,46.922,0.006,-0.932,0.361,0,0.361,0.932,-1,-0.005,0.002],"_shiftlockState":false,"_pose":"Running","_animationQueue":[],"_animationSpeed":1.103,"_zoom":26.32},{"_mousePosition":[748,424],"_rootPartCFrame":[759.325,223.695,46.867,0.01,0,1,0,1,0,-1,0,0.01],"_humanoidState":8,"_cameraCFrame":[768.832,249.738,46.897,0.003,-0.932,0.361,0,0.361,0.932,-1,-0.003,0.001],"_shiftlockState":false,"_pose":"Running","_animationQueue":[],"_animationSpeed":1.103,"_zoom":26.32},{"_mousePosition":[748,424],"_rootPartCFrame":[759.058,223.697,46.865,0.009,0,1,0,1,0,-1,0,0.009],"_humanoidState":8,"_cameraCFrame":[768.613,249.722,46.895,0.003,-0.932,0.363,0,0.363,0.932,-1,-0.003,0.001],"_shiftlockState":false,"_pose":"Running","_animationQueue":[],"_animationSpeed":1.103,"_zoom":26.32},{"_mousePosition":[748,424],"_rootPartCFrame":[758.791,223.698,46.864,0.008,0,1,0,1,0,-1,0,0.008],"_humanoidState":8,"_cameraCFrame":[768.346,249.723,46.894,0.003,-0.932,0.363,0,0.363,0.932,-1,-0.003,0.001],"_shiftlockState":false,"_pose":"Running","_animationQueue":[],"_animationSpeed":1.103,"_zoom":26.32},{"_mousePosition":[748,424],"_rootPartCFrame":[758.526,223.666,46.863,0.008,0,1,0,1,0,-1,0,0.008],"_humanoidState":8,"_cameraCFrame":[768.081,249.69,46.894,0.003,-0.932,0.363,0,0.363,0.932,-1,-0.003,0.001],"_shiftlockState":false,"_pose":"Running","_animationQueue":[],"_animationSpeed":1.103,"_zoom":26.32},{"_mousePosition":[748,424],"_rootPartCFrame":[758.26,223.645,46.863,0.007,0,1,0,1,0,-1,0,0.007],"_humanoidState":8,"_cameraCFrame":[767.815,249.669,46.893,0.003,-0.932,0.363,0,0.363,0.932,-1,-0.003,0.001],"_shiftlockState":false,"_pose":"Running","_animationQueue":[],"_animationSpeed":1.103,"_zoom":26.32},{"_mousePosition":[748,424],"_rootPartCFrame":[757.998,223.598,46.862,0.007,0,1,0,1,0,-1,0,0.007],"_humanoidState":8,"_cameraCFrame":[767.553,249.622,46.868,0.001,-0.932,0.363,0,0.363,0.932,-1,-0.001,0],"_shiftlockState":false,"_pose":"Running","_animationQueue":[["walk",0.1]],"_animationSpeed":1.103,"_zoom":26.32},{"_mousePosition":[748,424],"_rootPartCFrame":[757.741,223.513,46.861,0.006,0,1,0,1,0,-1,0,0.006],"_humanoidState":8,"_cameraCFrame":[767.296,249.537,46.867,0.001,-0.932,0.363,0,0.363,0.932,-1,-0.001,0],"_shiftlockState":false,"_pose":"Running","_animationQueue":[],"_animationSpeed":1.103,"_zoom":26.32},{"_mousePosition":[748,424],"_rootPartCFrame":[757.484,223.419,46.861,0.005,0,1,0,1,0,-1,0,0.005],"_humanoidState":8,"_cameraCFrame":[767.04,249.443,46.842,-0.002,-0.932,0.363,0,0.363,0.932,-1,0.002,-0.001],"_shiftlockState":false,"_pose":"Running","_animationQueue":[],"_animationSpeed":1.103,"_zoom":26.32},{"_mousePosition":[748,424],"_rootPartCFrame":[757.235,223.306,46.861,0.005,0,1,0,1,0,-1,0,0.005],"_humanoidState":8,"_cameraCFrame":[766.791,249.33,46.842,-0.002,-0.932,0.363,0,0.363,0.932,-1,0.002,-0.001],"_shiftlockState":false,"_pose":"Running","_animationQueue":[],"_animationSpeed":1.103,"_zoom":26.32},{"_mousePosition":[748,424],"_rootPartCFrame":[756.863,223.184,46.861,0.003,0,1,0,1,0,-1,0,0.003],"_humanoidState":8,"_cameraCFrame":[766.418,249.208,46.843,-0.002,-0.932,0.363,0,0.363,0.932,-1,0.002,-0.001],"_shiftlockState":false,"_pose":"Running","_animationQueue":[["walk",0.1]],"_animationSpeed":1.028,"_zoom":26.32},{"_mousePosition":[748,424],"_rootPartCFrame":[756.743,223.144,46.861,0.003,0,1,0,1,0,-1,0,0.003],"_humanoidState":8,"_cameraCFrame":[766.298,249.168,46.843,-0.002,-0.932,0.363,0,0.363,0.932,-1,0.002,-0.001],"_shiftlockState":false,"_pose":"Running","_animationQueue":[],"_animationSpeed":1.028,"_zoom":26.32},{"_mousePosition":[748,424],"_rootPartCFrame":[756.504,223.077,46.862,0.002,0,1,0,1,0,-1,0,0.002],"_humanoidState":8,"_cameraCFrame":[766.06,249.101,46.844,-0.002,-0.932,0.363,0,0.363,0.932,-1,0.002,-0.001],"_shiftlockState":false,"_pose":"Running","_animationQueue":[],"_animationSpeed":1.028,"_zoom":26.32},{"_mousePosition":[748,424],"_rootPartCFrame":[756.266,222.955,46.862,0.002,0,1,0,1,0,-1,0,0.002],"_humanoidState":8,"_cameraCFrame":[765.821,248.979,46.844,-0.002,-0.932,0.363,0,0.363,0.932,-1,0.002,-0.001],"_shiftlockState":false,"_pose":"Running","_animationQueue":[["walk",0.1]],"_animationSpeed":1.028,"_zoom":26.32},{"_mousePosition":[748,424],"_rootPartCFrame":[756.027,223.828,46.863,0.001,0,1,0,1,0,-1,0,0.001],"_humanoidState":3,"_cameraCFrame":[765.582,249.852,46.845,-0.002,-0.932,0.363,0,0.363,0.932,-1,0.002,-0.001],"_shiftlockState":false,"_pose":"Jumping","_animationQueue":[["walk",0.1],["jump",0.1]],"_animationSpeed":1,"_zoom":26.32},{"_mousePosition":[748,424],"_rootPartCFrame":[755.768,224.65,46.863,0.001,0,1,0,1,0,-1,0,0.001],"_humanoidState":5,"_cameraCFrame":[765.323,250.674,46.845,-0.002,-0.932,0.363,0,0.363,0.932,-1,0.002,-0.001],"_shiftlockState":false,"_pose":"FreeFall","_animationQueue":[["jump",0.1]],"_animationSpeed":1,"_zoom":26.32},{"_mousePosition":[748,424],"_rootPartCFrame":[755.435,225.601,46.864,0,0,1,0,1,0,-1,0,0],"_humanoidState":5,"_cameraCFrame":[764.99,251.625,46.846,-0.002,-0.932,0.363,0,0.363,0.932,-1,0.002,-0.001],"_shiftlockState":false,"_pose":"FreeFall","_animationQueue":[],"_animationSpeed":1,"_zoom":26.32},{"_mousePosition":[748,424],"_rootPartCFrame":[755.235,226.13,46.864,0,0,1,0,1,0,-1,0,0],"_humanoidState":5,"_cameraCFrame":[764.79,252.154,46.846,-0.002,-0.932,0.363,0,0.363,0.932,-1,0.002,-0.001],"_shiftlockState":false,"_pose":"FreeFall","_animationQueue":[],"_animationSpeed":1,"_zoom":26.32},{"_mousePosition":[748,424],"_rootPartCFrame":[754.969,226.789,46.865,0,0,1,0,1,0,-1,0,0],"_humanoidState":5,"_cameraCFrame":[764.524,252.813,46.847,-0.002,-0.932,0.363,0,0.363,0.932,-1,0.002,-0.001],"_shiftlockState":false,"_pose":"FreeFall","_animationQueue":[],"_animationSpeed":1,"_zoom":26.32},{"_mousePosition":[748,424],"_rootPartCFrame":[754.702,227.393,46.865,0,0,1,0,1,0,-1,0,0],"_humanoidState":5,"_cameraCFrame":[764.257,253.417,46.847,-0.002,-0.932,0.363,0,0.363,0.932,-1,0.002,-0.001],"_shiftlockState":false,"_pose":"FreeFall","_animationQueue":[],"_animationSpeed":1,"_zoom":26.32},{"_mousePosition":[748,424],"_rootPartCFrame":[754.435,227.942,46.866,-0.001,0,1,0,1,0,-1,0,-0.001],"_humanoidState":5,"_cameraCFrame":[764.038,253.948,46.848,-0.002,-0.931,0.365,0,0.365,0.931,-1,0.002,-0.001],"_shiftlockState":false,"_pose":"FreeFall","_animationQueue":[],"_animationSpeed":1,"_zoom":26.32},{"_mousePosition":[748,424],"_rootPartCFrame":[754.169,228.437,46.866,-0.001,0,1,0,1,0,-1,0,-0.001],"_humanoidState":5,"_cameraCFrame":[763.772,254.443,46.848,-0.002,-0.931,0.365,0,0.365,0.931,-1,0.002,-0.001],"_shiftlockState":false,"_pose":"FreeFall","_animationQueue":[],"_animationSpeed":1,"_zoom":26.32},{"_mousePosition":[748,424],"_rootPartCFrame":[753.902,228.878,46.867,-0.001,0,1,0,1,0,-1,0,-0.001],"_humanoidState":5,"_cameraCFrame":[763.505,254.883,46.849,-0.002,-0.931,0.365,0,0.365,0.931,-1,0.002,-0.001],"_shiftlockState":false,"_pose":"FreeFall","_animationQueue":[],"_animationSpeed":1,"_zoom":26.32},{"_mousePosition":[748,424],"_rootPartCFrame":[753.635,229.264,46.867,-0.001,0,1,0,1,0,-1,0,-0.001],"_humanoidState":5,"_cameraCFrame":[763.239,255.269,46.849,-0.002,-0.931,0.365,0,0.365,0.931,-1,0.002,-0.001],"_shiftlockState":false,"_pose":"FreeFall","_animationQueue":[],"_animationSpeed":1,"_zoom":26.32},{"_mousePosition":[748,424],"_rootPartCFrame":[753.369,229.595,46.868,-0.001,0,1,0,1,0,-1,0,-0.001],"_humanoidState":5,"_cameraCFrame":[762.972,255.601,46.85,-0.002,-0.931,0.365,0,0.365,0.931,-1,0.002,-0.001],"_shiftlockState":false,"_pose":"FreeFall","_animationQueue":[],"_animationSpeed":1,"_zoom":26.32},{"_mousePosition":[748,424],"_rootPartCFrame":[753.102,229.872,46.868,-0.001,0,1,0,1,0,-1,0,-0.001],"_humanoidState":5,"_cameraCFrame":[762.705,255.878,46.85,-0.002,-0.931,0.365,0,0.365,0.931,-1,0.002,-0.001],"_shiftlockState":false,"_pose":"FreeFall","_animationQueue":[],"_animationSpeed":1,"_zoom":26.32},{"_mousePosition":[748,424],"_rootPartCFrame":[752.836,230.095,46.869,-0.001,0,1,0,1,0,-1,0,-0.001],"_humanoidState":5,"_cameraCFrame":[762.439,256.1,46.851,-0.002,-0.931,0.365,0,0.365,0.931,-1,0.002,-0.001],"_shiftlockState":false,"_pose":"FreeFall","_animationQueue":[],"_animationSpeed":1,"_zoom":26.32},{"_mousePosition":[748,424],"_rootPartCFrame":[752.569,230.263,46.869,-0.001,0,1,0,1,0,-1,0,-0.001],"_humanoidState":5,"_cameraCFrame":[762.22,256.25,46.851,-0.002,-0.93,0.367,0,0.367,0.93,-1,0.002,-0.001],"_shiftlockState":false,"_pose":"FreeFall","_animationQueue":[],"_animationSpeed":1,"_zoom":26.32},{"_mousePosition":[748,424],"_rootPartCFrame":[752.236,230.396,46.87,-0.002,0,1,0,1,0,-1,0,-0.002],"_humanoidState":5,"_cameraCFrame":[761.887,256.383,46.852,-0.002,-0.93,0.367,0,0.367,0.93,-1,0.002,-0.001],"_shiftlockState":false,"_pose":"FreeFall","_animationQueue":[],"_animationSpeed":1,"_zoom":26.32},{"_mousePosition":[748,424],"_rootPartCFrame":[752.036,230.435,46.87,-0.002,0,1,0,1,0,-1,0,-0.002],"_humanoidState":5,"_cameraCFrame":[761.734,256.403,46.852,-0.002,-0.93,0.368,0,0.368,0.93,-1,0.002,-0.001],"_shiftlockState":false,"_pose":"FreeFall","_animationQueue":[],"_animationSpeed":1,"_zoom":26.32},{"_mousePosition":[748,424],"_rootPartCFrame":[751.769,230.44,46.871,-0.002,0,1,0,1,0,-1,0,-0.002],"_humanoidState":5,"_cameraCFrame":[761.515,256.389,46.852,-0.002,-0.929,0.37,0,0.37,0.929,-1,0.002,-0.001],"_shiftlockState":false,"_pose":"FreeFall","_animationQueue":[],"_animationSpeed":1,"_zoom":26.32},{"_mousePosition":[748,424],"_rootPartCFrame":[751.503,230.39,46.871,-0.002,0,1,0,1,0,-1,0,-0.002],"_humanoidState":5,"_cameraCFrame":[761.344,256.301,46.828,-0.004,-0.927,0.374,0,0.374,0.927,-1,0.004,-0.002],"_shiftlockState":false,"_pose":"FreeFall","_animationQueue":[],"_animationSpeed":1,"_zoom":26.32},{"_mousePosition":[748,424],"_rootPartCFrame":[751.236,230.286,46.872,-0.002,0,1,0,1,0,-1,0,-0.002],"_humanoidState":5,"_cameraCFrame":[761.172,256.158,46.828,-0.004,-0.926,0.378,0,0.378,0.926,-1,0.004,-0.002],"_shiftlockState":false,"_pose":"FreeFall","_animationQueue":[["fall",0.3]],"_animationSpeed":1,"_zoom":26.32},{"_mousePosition":[748,424],"_rootPartCFrame":[750.969,230.127,46.873,-0.002,0,1,0,1,0,-1,0,-0.002],"_humanoidState":5,"_cameraCFrame":[761.001,255.96,46.828,-0.004,-0.925,0.381,0,0.381,0.925,-1,0.004,-0.002],"_shiftlockState":false,"_pose":"FreeFall","_animationQueue":[],"_animationSpeed":1,"_zoom":26.32},{"_mousePosition":[748,424],"_rootPartCFrame":[750.703,229.913,46.874,-0.002,0,1,0,1,0,-1,0,-0.002],"_humanoidState":5,"_cameraCFrame":[760.876,255.687,46.803,-0.007,-0.922,0.387,0,0.387,0.922,-1,0.006,-0.003],"_shiftlockState":false,"_pose":"FreeFall","_animationQueue":[],"_animationSpeed":1,"_zoom":26.32},{"_mousePosition":[748,424],"_rootPartCFrame":[750.436,229.645,46.875,-0.003,0,1,0,1,0,-1,0,-0.003],"_humanoidState":5,"_cameraCFrame":[760.798,255.339,46.803,-0.007,-0.919,0.394,0,0.394,0.919,-1,0.006,-0.003],"_shiftlockState":false,"_pose":"FreeFall","_animationQueue":[],"_animationSpeed":1,"_zoom":26.32},{"_mousePosition":[748,424],"_rootPartCFrame":[750.17,229.323,46.877,-0.003,0,1,0,1,0,-1,0,-0.003],"_humanoidState":5,"_cameraCFrame":[760.814,254.894,46.803,-0.007,-0.915,0.404,0,0.404,0.915,-1,0.006,-0.003],"_shiftlockState":false,"_pose":"FreeFall","_animationQueue":[],"_animationSpeed":1,"_zoom":26.32},{"_mousePosition":[748,424],"_rootPartCFrame":[749.903,228.946,46.879,-0.004,0,1,0,1,0,-1,0,-0.004],"_humanoidState":5,"_cameraCFrame":[760.828,254.391,46.803,-0.007,-0.91,0.415,0,0.415,0.91,-1,0.006,-0.003],"_shiftlockState":false,"_pose":"FreeFall","_animationQueue":[],"_animationSpeed":1,"_zoom":26.32},{"_mousePosition":[748,424],"_rootPartCFrame":[749.636,228.514,46.881,-0.004,0,1,0,1,0,-1,0,-0.004],"_humanoidState":5,"_cameraCFrame":[760.933,253.786,46.802,-0.007,-0.903,0.429,0,0.429,0.903,-1,0.006,-0.003],"_shiftlockState":false,"_pose":"FreeFall","_animationQueue":[],"_animationSpeed":1,"_zoom":26.32},{"_mousePosition":[748,424],"_rootPartCFrame":[749.37,228.028,46.883,-0.004,0,1,0,1,0,-1,0,-0.004],"_humanoidState":5,"_cameraCFrame":[761.036,253.121,46.801,-0.007,-0.896,0.443,0,0.443,0.896,-1,0.006,-0.003],"_shiftlockState":false,"_pose":"FreeFall","_animationQueue":[["fall",0.3]],"_animationSpeed":1,"_zoom":26.32},{"_mousePosition":[748,424],"_rootPartCFrame":[749.103,227.488,46.885,-0.005,0,1,0,1,0,-1,0,-0.005],"_humanoidState":5,"_cameraCFrame":[761.136,252.396,46.801,-0.007,-0.889,0.457,0,0.457,0.889,-1,0.006,-0.003],"_shiftlockState":false,"_pose":"FreeFall","_animationQueue":[],"_animationSpeed":1,"_zoom":26.32},{"_mousePosition":[748,424],"_rootPartCFrame":[748.837,226.893,46.886,-0.005,0,1,0,1,0,-1,0,-0.005],"_humanoidState":5,"_cameraCFrame":[761.458,251.489,46.767,-0.01,-0.877,0.48,0,0.48,0.878,-1,0.008,-0.005],"_shiftlockState":false,"_pose":"FreeFall","_animationQueue":[],"_animationSpeed":1,"_zoom":26.32},{"_mousePosition":[748,424],"_rootPartCFrame":[748.57,226.243,46.888,-0.005,0,1,0,1,0,-1,0,-0.005],"_humanoidState":5,"_cameraCFrame":[761.55,250.64,46.765,-0.01,-0.87,0.493,0,0.493,0.87,-1,0.008,-0.005],"_shiftlockState":false,"_pose":"FreeFall","_animationQueue":[],"_animationSpeed":1,"_zoom":26.32},{"_mousePosition":[748,424],"_rootPartCFrame":[748.237,225.355,46.891,-0.006,0,1,0,1,0,-1,0,-0.006],"_humanoidState":5,"_cameraCFrame":[761.572,249.546,46.765,-0.01,-0.862,0.507,0,0.507,0.862,-1,0.008,-0.005],"_shiftlockState":false,"_pose":"FreeFall","_animationQueue":[],"_animationSpeed":1,"_zoom":26.32},{"_mousePosition":[748,424],"_rootPartCFrame":[748.043,225.25,46.893,-0.006,0,1,0,1,0,-1,0,-0.006],"_humanoidState":7,"_cameraCFrame":[761.774,249.204,46.763,-0.01,-0.853,0.522,0,0.522,0.853,-1,0.008,-0.005],"_shiftlockState":false,"_pose":"FreeFall","_animationQueue":[["walk",0.1],["fall",0.3],["fall",0.3]],"_animationSpeed":1,"_zoom":26.32},{"_mousePosition":[748,424],"_rootPartCFrame":[747.787,225.244,46.896,-0.007,0,1,0,1,0,-1,0,-0.007],"_humanoidState":7,"_cameraCFrame":[761.909,248.954,46.761,-0.01,-0.844,0.537,0,0.537,0.844,-1,0.008,-0.005],"_shiftlockState":false,"_pose":"FreeFall","_animationQueue":[["fall",0.3]],"_animationSpeed":1,"_zoom":26.32},{"_mousePosition":[748,424],"_rootPartCFrame":[747.525,225.244,46.898,-0.007,0,1,0,1,0,-1,0,-0.007],"_humanoidState":7,"_cameraCFrame":[762.036,248.703,46.797,-0.007,-0.834,0.551,0,0.551,0.834,-1,0.006,-0.004],"_shiftlockState":false,"_pose":"FreeFall","_animationQueue":[],"_animationSpeed":1,"_zoom":26.32},{"_mousePosition":[748,424],"_rootPartCFrame":[747.26,225.14,46.901,-0.008,0,1,0,1,0,-1,0,-0.008],"_humanoidState":8,"_cameraCFrame":[762.196,248.312,46.834,-0.004,-0.823,0.567,0,0.567,0.823,-1,0.004,-0.003],"_shiftlockState":false,"_pose":"Running","_animationQueue":[["walk",0.1],["fall",0.3],["walk",0.1]],"_animationSpeed":1.084,"_zoom":26.32},{"_mousePosition":[748,424],"_rootPartCFrame":[746.995,224.971,46.903,-0.007,0,1,0,1,0,-1,0,-0.007],"_humanoidState":8,"_cameraCFrame":[762.266,247.907,46.835,-0.004,-0.814,0.58,0,0.58,0.814,-1,0.004,-0.003],"_shiftlockState":false,"_pose":"Running","_animationQueue":[],"_animationSpeed":1.084,"_zoom":26.32},{"_mousePosition":[748,424],"_rootPartCFrame":[746.728,224.747,46.904,-0.007,0,1,0,1,0,-1,0,-0.007],"_humanoidState":8,"_cameraCFrame":[762.374,247.413,46.874,-0.002,-0.804,0.594,0,0.594,0.804,-1,0.002,-0.001],"_shiftlockState":false,"_pose":"Running","_animationQueue":[],"_animationSpeed":1.084,"_zoom":26.32},{"_mousePosition":[748,424],"_rootPartCFrame":[746.462,224.59,46.905,-0.007,0,1,0,1,0,-1,0,-0.007],"_humanoidState":8,"_cameraCFrame":[762.476,246.977,46.915,0.001,-0.794,0.608,0,0.608,0.794,-1,0,0],"_shiftlockState":false,"_pose":"Running","_animationQueue":[],"_animationSpeed":1.084,"_zoom":26.32},{"_mousePosition":[748,424],"_rootPartCFrame":[746.195,224.619,46.906,-0.006,0,1,0,1,0,-1,0,-0.006],"_humanoidState":8,"_cameraCFrame":[762.773,246.562,46.916,0.001,-0.777,0.63,0,0.63,0.777,-1,0,0],"_shiftlockState":false,"_pose":"Running","_animationQueue":[["walk",0.1]],"_animationSpeed":1.084,"_zoom":26.32},{"_mousePosition":[748,424],"_rootPartCFrame":[745.928,224.653,46.905,-0.005,0,1,0,1,0,-1,0,-0.005],"_humanoidState":8,"_cameraCFrame":[762.862,246.302,46.916,0.001,-0.766,0.643,0,0.643,0.766,-1,0,0],"_shiftlockState":false,"_pose":"Running","_animationQueue":[],"_animationSpeed":1.084,"_zoom":26.32},{"_mousePosition":[748,424],"_rootPartCFrame":[745.528,224.681,46.905,-0.004,0,1,0,1,0,-1,0,-0.004],"_humanoidState":8,"_cameraCFrame":[762.774,246.064,46.916,0.001,-0.755,0.655,0,0.655,0.755,-1,0,0],"_shiftlockState":false,"_pose":"Running","_animationQueue":[],"_animationSpeed":1.084,"_zoom":26.32},{"_mousePosition":[748,424],"_rootPartCFrame":[745.395,224.686,46.905,-0.004,0,1,0,1,0,-1,0,-0.004],"_humanoidState":8,"_cameraCFrame":[762.91,245.832,46.916,0.001,-0.746,0.665,0,0.665,0.746,-1,0,0],"_shiftlockState":false,"_pose":"Running","_animationQueue":[],"_animationSpeed":1.084,"_zoom":26.32},{"_mousePosition":[748,424],"_rootPartCFrame":[745.128,224.692,46.905,-0.003,0,1,0,1,0,-1,0,-0.003],"_humanoidState":8,"_cameraCFrame":[762.872,245.632,46.871,-0.002,-0.739,0.674,0,0.674,0.739,-1,0.001,-0.001],"_shiftlockState":false,"_pose":"Running","_animationQueue":[],"_animationSpeed":1.084,"_zoom":26.32},{"_mousePosition":[748,424],"_rootPartCFrame":[744.861,224.696,46.905,-0.003,0,1,0,1,0,-1,0,-0.003],"_humanoidState":8,"_cameraCFrame":[762.756,245.496,46.825,-0.004,-0.733,0.68,0,0.68,0.733,-1,0.003,-0.003],"_shiftlockState":false,"_pose":"Running","_animationQueue":[],"_animationSpeed":1.084,"_zoom":26.32},{"_mousePosition":[748,424],"_rootPartCFrame":[744.595,224.698,46.905,-0.003,0,1,0,1,0,-1,0,-0.003],"_humanoidState":8,"_cameraCFrame":[762.639,245.358,46.825,-0.004,-0.728,0.686,0,0.686,0.728,-1,0.003,-0.003],"_shiftlockState":false,"_pose":"Running","_animationQueue":[],"_animationSpeed":1.084,"_zoom":26.32},{"_mousePosition":[748,424],"_rootPartCFrame":[744.328,224.699,46.906,-0.003,0,1,0,1,0,-1,0,-0.003],"_humanoidState":8,"_cameraCFrame":[762.521,245.218,46.826,-0.004,-0.723,0.691,0,0.691,0.723,-1,0.003,-0.003],"_shiftlockState":false,"_pose":"Running","_animationQueue":[["walk",0.1]],"_animationSpeed":1.084,"_zoom":26.32},{"_mousePosition":[748,424],"_rootPartCFrame":[744.061,224.699,46.908,-0.003,0,1,0,1,0,-1,0,-0.003],"_humanoidState":8,"_cameraCFrame":[762.402,245.076,46.826,-0.004,-0.717,0.697,0,0.697,0.717,-1,0.003,-0.003],"_shiftlockState":false,"_pose":"Running","_animationQueue":[],"_animationSpeed":1.084,"_zoom":26.32},{"_mousePosition":[748,424],"_rootPartCFrame":[743.794,224.699,46.909,-0.003,0,1,0,1,0,-1,0,-0.003],"_humanoidState":8,"_cameraCFrame":[762.282,244.933,46.827,-0.004,-0.712,0.702,0,0.702,0.712,-1,0.003,-0.003],"_shiftlockState":false,"_pose":"Running","_animationQueue":[],"_animationSpeed":1.084,"_zoom":26.32},{"_mousePosition":[748,424],"_rootPartCFrame":[743.528,224.7,46.91,-0.003,0,1,0,1,0,-1,0,-0.003],"_humanoidState":8,"_cameraCFrame":[762.124,244.825,46.78,-0.007,-0.708,0.707,0,0.707,0.708,-1,0.005,-0.005],"_shiftlockState":false,"_pose":"Running","_animationQueue":[],"_animationSpeed":1.084,"_zoom":26.32},{"_mousePosition":[748,424],"_rootPartCFrame":[743.261,224.7,46.911,-0.003,0,1,0,1,0,-1,0,-0.003],"_humanoidState":8,"_cameraCFrame":[761.966,244.716,46.781,-0.007,-0.703,0.711,0,0.711,0.703,-1,0.005,-0.005],"_shiftlockState":false,"_pose":"Running","_animationQueue":[],"_animationSpeed":1.084,"_zoom":26.32},{"_mousePosition":[748,424],"_rootPartCFrame":[742.994,224.7,46.913,-0.004,0,1,0,1,0,-1,0,-0.004],"_humanoidState":8,"_cameraCFrame":[761.771,244.643,46.734,-0.01,-0.701,0.713,0,0.713,0.701,-1,0.007,-0.007],"_shiftlockState":false,"_pose":"Running","_animationQueue":[],"_animationSpeed":1.084,"_zoom":26.32},{"_mousePosition":[748,424],"_rootPartCFrame":[742.728,224.7,46.915,-0.004,0,1,0,1,0,-1,0,-0.004],"_humanoidState":8,"_cameraCFrame":[761.541,244.606,46.736,-0.01,-0.699,0.715,0,0.715,0.699,-1,0.007,-0.007],"_shiftlockState":false,"_pose":"Running","_animationQueue":[],"_animationSpeed":1.084,"_zoom":26.32},{"_mousePosition":[748,424],"_rootPartCFrame":[742.462,224.667,46.917,-0.005,0,1,0,1,0,-1,0,-0.005],"_humanoidState":8,"_cameraCFrame":[761.275,244.573,46.738,-0.01,-0.699,0.715,0,0.715,0.699,-1,0.007,-0.007],"_shiftlockState":false,"_pose":"Running","_animationQueue":[["walk",0.1]],"_animationSpeed":1.084,"_zoom":26.32},{"_mousePosition":[748,424],"_rootPartCFrame":[742.197,224.639,46.92,-0.006,0,1,0,1,0,-1,0,-0.006],"_humanoidState":8,"_cameraCFrame":[761.009,244.545,46.741,-0.01,-0.699,0.715,0,0.715,0.699,-1,0.007,-0.007],"_shiftlockState":false,"_pose":"Running","_animationQueue":[],"_animationSpeed":1.084,"_zoom":26.32},{"_mousePositio