[{"_mousePosition":[474,291],"_rootPartCFrame":[776.035,222.7,47.142,-0.001,0,1,0,1,0,-1,0,-0.001],"_humanoidState":8,"_cameraCFrame":[789.062,247.07,47.221,0.006,-0.869,0.495,0,0.495,0.869,-1,-0.005,0.003],"_shiftlockState":false,"_pose":"Standing","_animationQueue":[],"_animationSpeed":1,"_zoom":26.32},{"_mousePosition":[474,291],"_rootPartCFrame":[775.863,222.695,47.141,0,0,1,0,1,0,-1,0,0],"_humanoidState":8,"_cameraCFrame":[788.89,247.065,47.22,0.006,-0.869,0.495,0,0.495,0.869,-1,-0.005,0.003],"_shiftlockState":false,"_pose":"Standing","_animationQueue":[],"_animationSpeed":1,"_zoom":26.32},{"_mousePosition":[474,291],"_rootPartCFrame":[775.598,222.696,47.139,0.001,0,1,0,1,0,-1,0,0.001],"_humanoidState":8,"_cameraCFrame":[788.626,247.066,47.218,0.006,-0.869,0.495,0,0.495,0.869,-1,-0.005,0.003],"_shiftlockState":false,"_pose":"Running","_animationQueue":[["walk",0.1]],"_animationSpeed":1.003,"_zoom":26.32},{"_mousePosition":[474,291],"_rootPartCFrame":[775.332,222.698,47.138,0.001,0,1,0,1,0,-1,0,0.001],"_humanoidState":8,"_cameraCFrame":[788.359,247.068,47.217,0.006,-0.869,0.495,0,0.495,0.869,-1,-0.005,0.003],"_shiftlockState":false,"_pose":"Running","_animationQueue":[["walk",0.1]],"_animationSpeed":1.101,"_zoom":26.32},{"_mousePosition":[473,291],"_rootPartCFrame":[775.065,222.699,47.136,0.002,0,1,0,1,0,-1,0,0.002],"_humanoidState":8,"_cameraCFrame":[788.092,247.068,47.215,0.006,-0.869,0.495,0,0.495,0.869,-1,-0.005,0.003],"_shiftlockState":false,"_pose":"Running","_animationQueue":[],"_animationSpeed":1.101,"_zoom":26.32},{"_mousePosition":[474,292],"_rootPartCFrame":[774.799,222.699,47.135,0.002,0,1,0,1,0,-1,0,0.002],"_humanoidState":8,"_cameraCFrame":[787.826,247.069,47.213,0.006,-0.869,0.495,0,0.495,0.869,-1,-0.005,0.003],"_shiftlockState":false,"_pose":"Running","_animationQueue":[],"_animationSpeed":1.101,"_zoom":26.32},{"_mousePosition":[474,292],"_rootPartCFrame":[774.532,222.699,47.133,0.003,0,1,0,1,0,-1,0,0.003],"_humanoidState":8,"_cameraCFrame":[787.559,247.069,47.212,0.006,-0.869,0.495,0,0.495,0.869,-1,-0.005,0.003],"_shiftlockState":false,"_pose":"Running","_animationQueue":[],"_animationSpeed":1.101,"_zoom":26.32},{"_mousePosition":[475,293],"_rootPartCFrame":[774.265,222.699,47.131,0.003,0,1,0,1,0,-1,0,0.003],"_humanoidState":8,"_cameraCFrame":[787.293,247.069,47.21,0.006,-0.869,0.495,0,0.495,0.869,-1,-0.005,0.003],"_shiftlockState":false,"_pose":"Running","_animationQueue":[],"_animationSpeed":1.101,"_zoom":26.32},{"_mousePosition":[476,294],"_rootPartCFrame":[773.999,222.7,47.13,0.004,0,1,0,1,0,-1,0,0.004],"_humanoidState":8,"_cameraCFrame":[787.026,247.069,47.209,0.006,-0.869,0.495,0,0.495,0.869,-1,-0.005,0.003],"_shiftlockState":false,"_pose":"Running","_animationQueue":[],"_animationSpeed":1.101,"_zoom":26.32},{"_mousePosition":[483,300],"_rootPartCFrame":[773.732,222.7,47.128,0.004,0,1,0,1,0,-1,0,0.004],"_humanoidState":8,"_cameraCFrame":[786.759,247.069,47.207,0.006,-0.869,0.495,0,0.495,0.869,-1,-0.005,0.003],"_shiftlockState":false,"_pose":"Running","_animationQueue":[["walk",0.1]],"_animationSpeed":1.101,"_zoom":26.32},{"_mousePosition":[489,305],"_rootPartCFrame":[773.466,222.7,47.126,0.004,0,1,0,1,0,-1,0,0.004],"_humanoidState":8,"_cameraCFrame":[786.493,247.07,47.205,0.006,-0.869,0.495,0,0.495,0.869,-1,-0.005,0.003],"_shiftlockState":false,"_pose":"Running","_animationQueue":[],"_animationSpeed":1.101,"_zoom":26.32},{"_mousePosition":[497,311],"_rootPartCFrame":[773.199,222.7,47.125,0.005,0,1,0,1,0,-1,0,0.005],"_humanoidState":8,"_cameraCFrame":[786.226,247.07,47.204,0.006,-0.869,0.495,0,0.495,0.869,-1,-0.005,0.003],"_shiftlockState":false,"_pose":"Running","_animationQueue":[],"_animationSpeed":1.101,"_zoom":26.32},{"_mousePosition":[509,318],"_rootPartCFrame":[772.932,222.7,47.123,0.005,0,1,0,1,0,-1,0,0.005],"_humanoidState":8,"_cameraCFrame":[785.96,247.07,47.202,0.006,-0.869,0.495,0,0.495,0.869,-1,-0.005,0.003],"_shiftlockState":false,"_pose":"Running","_animationQueue":[],"_animationSpeed":1.101,"_zoom":26.32},{"_mousePosition":[521,325],"_rootPartCFrame":[772.666,222.7,47.122,0.005,0,1,0,1,0,-1,0,0.005],"_humanoidState":8,"_cameraCFrame":[785.693,247.07,47.201,0.006,-0.869,0.495,0,0.495,0.869,-1,-0.005,0.003],"_shiftlockState":false,"_pose":"Running","_animationQueue":[],"_animationSpeed":1.101,"_zoom":26.32},{"_mousePosition":[535,332],"_rootPartCFrame":[772.399,222.717,47.12,0.005,0,1,0,1,0,-1,0,0.005],"_humanoidState":8,"_cameraCFrame":[785.426,247.087,47.199,0.006,-0.869,0.495,0,0.495,0.869,-1,-0.005,0.003],"_shiftlockState":false,"_pose":"Running","_animationQueue":[],"_animationSpeed":1.101,"_zoom":26.32},{"_mousePosition":[548,339],"_rootPartCFrame":[772.133,222.748,47.118,0.005,0,1,0,1,0,-1,0,0.005],"_humanoidState":8,"_cameraCFrame":[785.16,247.118,47.197,0.006,-0.869,0.495,0,0.495,0.869,-1,-0.005,0.003],"_shiftlockState":false,"_pose":"Running","_animationQueue":[["walk",0.1]],"_animationSpeed":1.101,"_zoom":26.32},{"_mousePosition":[560,345],"_rootPartCFrame":[771.866,222.771,47.117,0.005,0,1,0,1,0,-1,0,0.005],"_humanoidState":8,"_cameraCFrame":[784.893,247.141,47.196,0.006,-0.869,0.495,0,0.495,0.869,-1,-0.005,0.003],"_shiftlockState":false,"_pose":"Running","_animationQueue":[],"_animationSpeed":1.101,"_zoom":26.32},{"_mousePosition":[575,353],"_rootPartCFrame":[771.599,222.784,47.115,0.005,0,1,0,1,0,-1,0,0.005],"_humanoidState":8,"_cameraCFrame":[784.627,247.154,47.194,0.006,-0.869,0.495,0,0.495,0.869,-1,-0.005,0.003],"_shiftlockState":false,"_pose":"Running","_animationQueue":[],"_animationSpeed":1.101,"_zoom":26.32},{"_mousePosition":[579,355],"_rootPartCFrame":[771.333,222.8,47.113,0.006,0,1,0,1,0,-1,0,0.006],"_humanoidState":8,"_cameraCFrame":[784.36,247.17,47.192,0.006,-0.869,0.495,0,0.495,0.869,-1,-0.005,0.003],"_shiftlockState":false,"_pose":"Running","_animationQueue":[],"_animationSpeed":1.101,"_zoom":26.32},{"_mousePosition":[583,360],"_rootPartCFrame":[771.066,222.825,47.112,0.006,0,1,0,1,0,-1,0,0.006],"_humanoidState":8,"_cameraCFrame":[784.093,247.195,47.191,0.006,-0.869,0.495,0,0.495,0.869,-1,-0.005,0.003],"_shiftlockState":false,"_pose":"Running","_animationQueue":[],"_animationSpeed":1.101,"_zoom":26.32},{"_mousePosition":[583,360],"_rootPartCFrame":[770.8,222.843,47.11,0.006,0,1,0,1,0,-1,0,0.006],"_humanoidState":8,"_cameraCFrame":[783.423,247.438,47.283,0.014,-0.877,0.48,0,0.48,0.877,-1,-0.012,0.007],"_shiftlockState":false,"_pose":"Running","_animationQueue":[],"_animationSpeed":1.101,"_zoom":26.32},{"_mousePosition":[583,360],"_rootPartCFrame":[770.4,222.814,47.108,0.006,0,1,0,1,0,-1,0,0.006],"_humanoidState":8,"_cameraCFrame":[782.707,247.578,47.276,0.014,-0.884,0.468,0,0.468,0.884,-1,-0.012,0.006],"_shiftlockState":false,"_pose":"Running","_animationQueue":[["walk",0.1]],"_animationSpeed":1.101,"_zoom":26.32},{"_mousePosition":[583,360],"_rootPartCFrame":[770.2,222.786,47.107,0.006,0,1,0,1,0,-1,0,0.006],"_humanoidState":8,"_cameraCFrame":[782.234,247.693,47.271,0.014,-0.889,0.457,0,0.457,0.889,-1,-0.012,0.006],"_shiftlockState":false,"_pose":"Running","_animationQueue":[],"_animationSpeed":1.101,"_zoom":26.32},{"_mousePosition":[583,360],"_rootPartCFrame":[769.933,222.702,47.105,0.006,0,1,0,1,0,-1,0,0.006],"_humanoidState":8,"_cameraCFrame":[781.739,247.725,47.266,0.014,-0.894,0.449,0,0.449,0.894,-1,-0.012,0.006],"_shiftlockState":false,"_pose":"Running","_animationQueue":[],"_animationSpeed":1.101,"_zoom":26.32},{"_mousePosition":[583,360],"_rootPartCFrame":[769.667,222.563,47.103,0.006,0,1,0,1,0,-1,0,0.006],"_humanoidState":8,"_cameraCFrame":[781.288,247.678,47.262,0.014,-0.897,0.442,0,0.442,0.897,-1,-0.012,0.006],"_shiftlockState":false,"_pose":"Running","_animationQueue":[],"_animationSpeed":1.101,"_zoom":26.32},{"_mousePosition":[583,360],"_rootPartCFrame":[769.333,223.647,47.101,0.006,0,1,0,1,0,-1,0,0.006],"_humanoidState":3,"_cameraCFrame":[780.771,248.851,47.229,0.011,-0.901,0.435,0,0.435,0.901,-1,-0.01,0.005],"_shiftlockState":false,"_pose":"Jumping","_animationQueue":[["walk",0.1],["jump",0.1]],"_animationSpeed":1,"_zoom":26.32},{"_mousePosition":[583,360],"_rootPartCFrame":[769.133,224.258,47.099,0.006,0,1,0,1,0,-1,0,0.006],"_humanoidState":5,"_cameraCFrame":[780.386,249.551,47.196,0.009,-0.904,0.428,0,0.428,0.904,-1,-0.008,0.004],"_shiftlockState":false,"_pose":"FreeFall","_animationQueue":[["jump",0.1]],"_animationSpeed":1,"_zoom":26.32},{"_mousePosition":[583,360],"_rootPartCFrame":[768.867,225.026,47.096,0.007,0,1,0,1,0,-1,0,0.007],"_humanoidState":5,"_cameraCFrame":[779.888,250.427,47.163,0.006,-0.908,0.419,0,0.419,0.908,-1,-0.006,0.003],"_shiftlockState":false,"_pose":"FreeFall","_animationQueue":[],"_animationSpeed":1,"_zoom":26.32},{"_mousePosition":[583,360],"_rootPartCFrame":[768.6,225.739,47.093,0.007,0,1,0,1,0,-1,0,0.007],"_humanoidState":5,"_cameraCFrame":[779.434,251.226,47.159,0.006,-0.911,0.412,0,0.412,0.911,-1,-0.006,0.002],"_shiftlockState":false,"_pose":"FreeFall","_animationQueue":[],"_animationSpeed":1,"_zoom":26.32},{"_mousePosition":[583,360],"_rootPartCFrame":[768.334,226.397,47.092,0.007,0,1,0,1,0,-1,0,0.007],"_humanoidState":5,"_cameraCFrame":[779.027,251.947,47.129,0.004,-0.914,0.406,0,0.406,0.914,-1,-0.003,0.001],"_shiftlockState":false,"_pose":"FreeFall","_animationQueue":[],"_animationSpeed":1,"_zoom":26.32},{"_mousePosition":[583,360],"_rootPartCFrame":[768.067,227.001,47.09,0.007,0,1,0,1,0,-1,0,0.007],"_humanoidState":5,"_cameraCFrame":[778.62,252.613,47.127,0.004,-0.916,0.401,0,0.401,0.916,-1,-0.003,0.001],"_shiftlockState":false,"_pose":"FreeFall","_animationQueue":[],"_animationSpeed":1,"_zoom":26.32},{"_mousePosition":[583,360],"_rootPartCFrame":[767.8,227.551,47.089,0.007,0,1,0,1,0,-1,0,0.007],"_humanoidState":5,"_cameraCFrame":[778.259,253.204,47.126,0.004,-0.918,0.397,0,0.397,0.918,-1,-0.003,0.001],"_shiftlockState":false,"_pose":"FreeFall","_animationQueue":[],"_animationSpeed":1,"_zoom":26.32},{"_mousePosition":[583,360],"_rootPartCFrame":[767.534,228.046,47.088,0.006,0,1,0,1,0,-1,0,0.006],"_humanoidState":5,"_cameraCFrame":[777.852,253.759,47.125,0.004,-0.92,0.392,0,0.392,0.92,-1,-0.003,0.001],"_shiftlockState":false,"_pose":"FreeFall","_animationQueue":[],"_animationSpeed":1,"_zoom":26.32},{"_mousePosition":[583,360],"_rootPartCFrame":[767.267,228.487,47.087,0.006,0,1,0,1,0,-1,0,0.006],"_humanoidState":5,"_cameraCFrame":[777.49,254.24,47.123,0.004,-0.921,0.388,0,0.388,0.921,-1,-0.003,0.001],"_shiftlockState":false,"_pose":"FreeFall","_animationQueue":[],"_animationSpeed":1,"_zoom":26.32},{"_mousePosition":[583,360],"_rootPartCFrame":[767.001,228.873,47.086,0.006,0,1,0,1,0,-1,0,0.006],"_humanoidState":5,"_cameraCFrame":[777.082,254.685,47.122,0.004,-0.924,0.383,0,0.383,0.924,-1,-0.003,0.001],"_shiftlockState":false,"_pose":"FreeFall","_animationQueue":[],"_animationSpeed":1,"_zoom":26.32},{"_mousePosition":[583,360],"_rootPartCFrame":[766.734,229.204,47.085,0.005,0,1,0,1,0,-1,0,0.005],"_humanoidState":5,"_cameraCFrame":[776.625,255.095,47.12,0.004,-0.927,0.376,0,0.376,0.927,-1,-0.003,0.001],"_shiftlockState":false,"_pose":"FreeFall","_animationQueue":[],"_animationSpeed":1,"_zoom":26.32},{"_mousePosition":[583,360],"_rootPartCFrame":[766.467,229.481,47.084,0.005,0,1,0,1,0,-1,0,0.005],"_humanoidState":5,"_cameraCFrame":[776.216,255.429,47.119,0.004,-0.929,0.37,0,0.37,0.929,-1,-0.003,0.001],"_shiftlockState":false,"_pose":"FreeFall","_animationQueue":[],"_animationSpeed":1,"_zoom":26.32},{"_mousePosition":[583,360],"_rootPartCFrame":[766.201,229.704,47.083,0.005,0,1,0,1,0,-1,0,0.005],"_humanoidState":5,"_cameraCFrame":[775.759,255.727,47.117,0.004,-0.932,0.363,0,0.363,0.932,-1,-0.003,0.001],"_shiftlockState":false,"_pose":"FreeFall","_animationQueue":[],"_animationSpeed":1,"_zoom":26.32},{"_mousePosition":[583,360],"_rootPartCFrame":[765.934,229.872,47.082,0.005,0,1,0,1,0,-1,0,0.005],"_humanoidState":5,"_cameraCFrame":[775.396,255.932,47.116,0.004,-0.933,0.36,0,0.36,0.933,-1,-0.003,0.001],"_shiftlockState":false,"_pose":"FreeFall","_animationQueue":[],"_animationSpeed":1,"_zoom":26.32},{"_mousePosition":[583,360],"_rootPartCFrame":[765.668,229.985,47.082,0.005,0,1,0,1,0,-1,0,0.005],"_humanoidState":5,"_cameraCFrame":[775.034,256.082,47.115,0.004,-0.935,0.356,0,0.356,0.935,-1,-0.003,0.001],"_shiftlockState":false,"_pose":"FreeFall","_animationQueue":[],"_animationSpeed":1,"_zoom":26.32},{"_mousePosition":[583,360],"_rootPartCFrame":[765.401,230.044,47.081,0.004,0,1,0,1,0,-1,0,0.004],"_humanoidState":5,"_cameraCFrame":[774.671,256.177,47.113,0.004,-0.936,0.352,0,0.352,0.936,-1,-0.003,0.001],"_shiftlockState":false,"_pose":"FreeFall","_animationQueue":[],"_animationSpeed":1,"_zoom":26.32},{"_mousePosition":[583,360],"_rootPartCFrame":[765.134,230.049,47.08,0.004,0,1,0,1,0,-1,0,0.004],"_humanoidState":5,"_cameraCFrame":[774.309,256.218,47.112,0.004,-0.937,0.349,0,0.349,0.937,-1,-0.003,0.001],"_shiftlockState":false,"_pose":"FreeFall","_animationQueue":[["fall",0.3]],"_animationSpeed":1,"_zoom":26.32},{"_mousePosition":[583,360],"_rootPartCFrame":[764.868,229.999,47.079,0.004,0,1,0,1,0,-1,0,0.004],"_humanoidState":5,"_cameraCFrame":[773.994,256.186,47.111,0.004,-0.938,0.347,0,0.347,0.938,-1,-0.003,0.001],"_shiftlockState":false,"_pose":"FreeFall","_animationQueue":[],"_animationSpeed":1,"_zoom":26.32},{"_mousePosition":[583,360],"_rootPartCFrame":[764.601,229.894,47.078,0.004,0,1,0,1,0,-1,0,0.004],"_humanoidState":5,"_cameraCFrame":[773.631,256.117,47.11,0.004,-0.939,0.343,0,0.343,0.939,-1,-0.003,0.001],"_shiftlockState":false,"_pose":"FreeFall","_animationQueue":[],"_animationSpeed":1,"_zoom":26.32},{"_mousePosition":[583,360],"_rootPartCFrame":[764.335,229.735,47.077,0.004,0,1,0,1,0,-1,0,0.004],"_humanoidState":5,"_cameraCFrame":[773.268,255.993,47.108,0.004,-0.941,0.339,0,0.339,0.941,-1,-0.003,0.001],"_shiftlockState":false,"_pose":"FreeFall","_animationQueue":[],"_animationSpeed":1,"_zoom":26.32},{"_mousePosition":[583,360],"_rootPartCFrame":[764.068,229.522,47.076,0.004,0,1,0,1,0,-1,0,0.004],"_humanoidState":5,"_cameraCFrame":[772.953,255.797,47.107,0.004,-0.941,0.338,0,0.338,0.941,-1,-0.003,0.001],"_shiftlockState":false,"_pose":"FreeFall","_animationQueue":[],"_animationSpeed":1,"_zoom":26.32},{"_mousePosition":[583,360],"_rootPartCFrame":[763.801,229.254,47.075,0.004,0,1,0,1,0,-1,0,0.004],"_humanoidState":5,"_cameraCFrame":[772.638,255.546,47.106,0.004,-0.942,0.336,0,0.336,0.942,-1,-0.003,0.001],"_shiftlockState":false,"_pose":"FreeFall","_animationQueue":[],"_animationSpeed":1,"_zoom":26.32},{"_mousePosition":[583,360],"_rootPartCFrame":[763.535,228.931,47.074,0.004,0,1,0,1,0,-1,0,0.004],"_humanoidState":5,"_cameraCFrame":[772.323,255.241,47.105,0.004,-0.943,0.334,0,0.334,0.943,-1,-0.003,0.001],"_shiftlockState":false,"_pose":"FreeFall","_animationQueue":[["fall",0.3]],"_animationSpeed":1,"_zoom":26.32},{"_mousePosition":[583,360],"_rootPartCFrame":[763.268,228.554,47.073,0.004,0,1,0,1,0,-1,0,0.004],"_humanoidState":5,"_cameraCFrame":[771.96,254.898,47.104,0.004,-0.944,0.33,0,0.33,0.944,-1,-0.003,0.001],"_shiftlockState":false,"_pose":"FreeFall","_animationQueue":[],"_animationSpeed":1,"_zoom":26.32},{"_mousePosition":[583,360],"_rootPartCFrame":[763.002,228.123,47.072,0.004,0,1,0,1,0,-1,0,0.004],"_humanoidState":5,"_cameraCFrame":[771.597,254.5,47.102,0.004,-0.945,0.327,0,0.327,0.945,-1,-0.003,0.001],"_shiftlockState":false,"_pose":"FreeFall","_animationQueue":[],"_animationSpeed":1,"_zoom":26.32},{"_mousePosition":[583,360],"_rootPartCFrame":[762.735,227.637,47.071,0.004,0,1,0,1,0,-1,0,0.004],"_humanoidState":5,"_cameraCFrame":[771.282,254.031,47.101,0.004,-0.946,0.325,0,0.325,0.946,-1,-0.003,0.001],"_shiftlockState":false,"_pose":"FreeFall","_animationQueue":[],"_animationSpeed":1,"_zoom":26.32},{"_mousePosition":[583,360],"_rootPartCFrame":[762.468,227.096,47.07,0.004,0,1,0,1,0,-1,0,0.004],"_humanoidState":5,"_cameraCFrame":[770.966,253.507,47.079,0.001,-0.946,0.323,0,0.323,0.946,-1,-0.001,0],"_shiftlockState":false,"_pose":"FreeFall","_animationQueue":[],"_animationSpeed":1,"_zoom":26.32},{"_mousePosition":[583,360],"_rootPartCFrame":[762.202,226.501,47.069,0.004,0,1,0,1,0,-1,0,0.004],"_humanoidState":5,"_cameraCFrame":[770.7,252.912,47.078,0.001,-0.946,0.323,0,0.323,0.946,-1,-0.001,0],"_shiftlockState":false,"_pose":"FreeFall","_animationQueue":[],"_animationSpeed":1,"_zoom":26.32},{"_mousePosition":[583,360],"_rootPartCFrame":[762.002,226.019,47.069,0.003,0,1,0,1,0,-1,0,0.003],"_humanoidState":5,"_cameraCFrame":[770.5,252.43,47.077,0.001,-0.946,0.323,0,0.323,0.946,-1,-0.001,0],"_shiftlockState":false,"_pose":"FreeFall","_animationQueue":[],"_animationSpeed":1,"_zoom":26.32},{"_mousePosition":[583,360],"_rootPartCFrame":[761.669,225.148,47.069,0.003,0,1,0,1,0,-1,0,0.003],"_humanoidState":5,"_cameraCFrame":[770.167,251.558,47.077,0.001,-0.946,0.323,0,0.323,0.946,-1,-0.001,0],"_shiftlockState":false,"_pose":"FreeFall","_animationQueue":[["fall",0.3]],"_animationSpeed":1,"_zoom":26.32},{"_mousePosition":[583,360],"_rootPartCFrame":[761.402,224.389,47.068,0.003,0,1,0,1,0,-1,0,0.003],"_humanoidState":5,"_cameraCFrame":[769.9,250.8,47.077,0.001,-0.946,0.323,0,0.323,0.946,-1,-0.001,0],"_shiftlockState":false,"_pose":"FreeFall","_animationQueue":[],"_animationSpeed":1,"_zoom":26.32},{"_mousePosition":[583,360],"_rootPartCFrame":[761.184,224.275,47.068,0.003,0,1,0,1,0,-1,0,0.003],"_humanoidState":7,"_cameraCFrame":[769.682,250.685,47.077,0.001,-0.946,0.323,0,0.323,0.946,-1,-0.001,0],"_shiftlockState":false,"_pose":"FreeFall","_animationQueue":[["walk",0.1],["fall",0.3],["fall",0.3]],"_animationSpeed":1,"_zoom":26.32},{"_mousePosition":[583,360],"_rootPartCFrame":[760.965,224.273,47.068,0.002,0,1,0,1,0,-1,0,0.002],"_humanoidState":7,"_cameraCFrame":[769.463,250.683,47.076,0.001,-0.946,0.323,0,0.323,0.946,-1,-0.001,0],"_shiftlockState":false,"_pose":"FreeFall","_animationQueue":[],"_animationSpeed":1,"_zoom":26.32},{"_mousePosition":[583,360],"_rootPartCFrame":[760.775,224.273,47.068,0.002,0,1,0,1,0,-1,0,0.002],"_humanoidState":8,"_cameraCFrame":[769.274,250.683,47.076,0.001,-0.946,0.323,0,0.323,0.946,-1,-0.001,0],"_shiftlockState":false,"_pose":"Running","_animationQueue":[["walk",0.1],["fall",0.3],["walk",0.1]],"_animationSpeed":0.912,"_zoom":26.32},{"_mousePosition":[583,360],"_rootPartCFrame":[760.637,224.932,47.068,0.002,0,1,0,1,0,-1,0,0.002],"_humanoidState":3,"_cameraCFrame":[769.135,251.342,47.076,0.001,-0.946,0.323,0,0.323,0.946,-1,-0.001,0],"_shiftlockState":false,"_pose":"Jumping","_animationQueue":[["walk",0.1],["jump",0.1]],"_animationSpeed":1,"_zoom":26.32},{"_mousePosition":[583,360],"_rootPartCFrame":[760.368,225.968,47.067,0.002,0,1,0,1,0,-1,0,0.002],"_humanoidState":5,"_cameraCFrame":[768.866,252.378,47.076,0.001,-0.946,0.323,0,0.323,0.946,-1,-0.001,0],"_shiftlockState":false,"_pose":"FreeFall","_animationQueue":[["jump",0.1]],"_animationSpeed":1,"_zoom":26.32},{"_mousePosition":[583,360],"_rootPartCFrame":[760.112,226.735,47.067,0.002,0,1,0,1,0,-1,0,0.002],"_humanoidState":5,"_cameraCFrame":[768.61,253.146,47.076,0.001,-0.946,0.323,0,0.323,0.946,-1,-0.001,0],"_shiftlockState":false,"_pose":"FreeFall","_animationQueue":[],"_animationSpeed":1,"_zoom":26.32},{"_mousePosition":[583,360],"_rootPartCFrame":[759.912,227.275,47.067,0.002,0,1,0,1,0,-1,0,0.002],"_humanoidState":5,"_cameraCFrame":[768.41,253.685,47.075,0.001,-0.946,0.323,0,0.323,0.946,-1,-0.001,0],"_shiftlockState":false,"_pose":"FreeFall","_animationQueue":[],"_animationSpeed":1,"_zoom":26.32},{"_mousePosition":[583,360],"_rootPartCFrame":[759.578,228.107,47.067,0.002,0,1,0,1,0,-1,0,0.002],"_humanoidState":5,"_cameraCFrame":[768.077,254.517,47.075,0.001,-0.946,0.323,0,0.323,0.946,-1,-0.001,0],"_shiftlockState":false,"_pose":"FreeFall","_animationQueue":[],"_animationSpeed":1,"_zoom":26.32},{"_mousePosition":[583,360],"_rootPartCFrame":[759.312,228.711,47.066,0.001,0,1,0,1,0,-1,0,0.001],"_humanoidState":5,"_cameraCFrame":[767.81,255.121,47.075,0.001,-0.946,0.323,0,0.323,0.946,-1,-0.001,0],"_shiftlockState":false,"_pose":"FreeFall","_animationQueue":[],"_animationSpeed":1,"_zoom":26.32},{"_mousePosition":[583,360],"_rootPartCFrame":[759.045,229.26,47.066,0.001,0,1,0,1,0,-1,0,0.001],"_humanoidState":5,"_cameraCFrame":[767.543,255.671,47.074,0.001,-0.946,0.323,0,0.323,0.946,-1,-0.001,0],"_shiftlockState":false,"_pose":"FreeFall","_animationQueue":[],"_animationSpeed":1,"_zoom":26.32},{"_mousePosition":[583,360],"_rootPartCFrame":[758.779,229.755,47.066,0.001,0,1,0,1,0,-1,0,0.001],"_humanoidState":5,"_cameraCFrame":[767.277,256.166,47.074,0.001,-0.946,0.323,0,0.323,0.946,-1,-0.001,0],"_shiftlockState":false,"_pose":"FreeFall","_animationQueue":[],"_animationSpeed":1,"_zoom":26.32},{"_mousePosition":[583,360],"_rootPartCFrame":[758.512,230.196,47.065,0.001,0,1,0,1,0,-1,0,0.001],"_humanoidState":5,"_cameraCFrame":[767.01,256.606,47.074,0.001,-0.946,0.323,0,0.323,0.946,-1,-0.001,0],"_shiftlockState":false,"_pose":"FreeFall","_animationQueue":[],"_animationSpeed":1,"_zoom":26.32},{"_mousePosition":[583,360],"_rootPartCFrame":[758.245,230.582,47.065,0.001,0,1,0,1,0,-1,0,0.001],"_humanoidState":5,"_cameraCFrame":[766.744,256.992,47.074,0.001,-0.946,0.323,0,0.323,0.946,-1,-0.001,0],"_shiftlockState":false,"_pose":"FreeFall","_animationQueue":[],"_animationSpeed":1,"_zoom":26.32},{"_mousePosition":[583,360],"_rootPartCFrame":[757.979,230.913,47.065,0.001,0,1,0,1,0,-1,0,0.001],"_humanoidState":5,"_cameraCFrame":[766.477,257.324,47.073,0.001,-0.946,0.323,0,0.323,0.946,-1,-0.001,0],"_shiftlockState":false,"_pose":"FreeFall","_animationQueue":[],"_animationSpeed":1,"_zoom":26.32},{"_mousePosition":[583,360],"_rootPartCFrame":[757.712,231.19,47.065,0.001,0,1,0,1,0,-1,0,0.001],"_humanoidState":5,"_cameraCFrame":[766.21,257.601,47.073,0.001,-0.946,0.323,0,0.323,0.946,-1,-0.001,0],"_shiftlockState":false,"_pose":"FreeFall","_animationQueue":[],"_animationSpeed":1,"_zoom":26.32},{"_mousePosition":[583,360],"_rootPartCFrame":[757.446,231.413,47.064,0.001,0,1,0,1,0,-1,0,0.001],"_humanoidState":5,"_cameraCFrame":[765.944,257.823,47.073,0.001,-0.946,0.323,0,0.323,0.946,-1,-0.001,0],"_shiftlockState":false,"_pose":"FreeFall","_animationQueue":[],"_animationSpeed":1,"_zoom":26.32},{"_mousePosition":[583,360],"_rootPartCFrame":[757.179,231.581,47.064,0.001,0,1,0,1,0,-1,0,0.001],"_humanoidState":5,"_cameraCFrame":[765.677,257.991,47.073,0.001,-0.946,0.323,0,0.323,0.946,-1,-0.001,0],"_shiftlockState":false,"_pose":"FreeFall","_animationQueue":[],"_animationSpeed":1,"_zoom":26.32},{"_mousePosition":[583,360],"_rootPartCFrame":[756.912,231.695,47.064,0.001,0,1,0,1,0,-1,0,0.001],"_humanoidState":5,"_cameraCFrame":[765.411,258.105,47.072,0.001,-0.946,0.323,0,0.323,0.946,-1,-0.001,0],"_shiftlockState":false,"_pose":"FreeFall","_animationQueue":[],"_animationSpeed":1,"_zoom":26.32},{"_mousePosition":[583,360],"_rootPartCFrame":[756.713,231.744,47.064,0.001,0,1,0,1,0,-1,0,0.001],"_humanoidState":5,"_cameraCFrame":[765.211,258.154,47.072,0.001,-0.946,0.323,0,0.323,0.946,-1,-0.001,0],"_shiftlockState":false,"_pose":"FreeFall","_animationQueue":[["fall",0.3]],"_animationSpeed":1,"_zoom":26.32},{"_mousePosition":[583,360],"_rootPartCFrame":[756.379,231.758,47.063,0.001,0,1,0,1,0,-1,0,0.001],"_humanoidState":5,"_cameraCFrame":[764.877,258.168,47.072,0.001,-0.946,0.323,0,0.323,0.946,-1,-0.001,0],"_shiftlockState":false,"_pose":"FreeFall","_animationQueue":[],"_animationSpeed":1,"_zoom":26.32},{"_mousePosition":[583,360],"_rootPartCFrame":[756.113,231.708,47.063,0.001,0,1,0,1,0,-1,0,0.001],"_humanoidState":5,"_cameraCFrame":[764.611,258.118,47.072,0.001,-0.946,0.323,0,0.323,0.946,-1,-0.001,0],"_shiftlockState":false,"_pose":"FreeFall","_animationQueue":[],"_animationSpeed":1,"_zoom":26.32},{"_mousePosition":[583,360],"_rootPartCFrame":[755.846,231.604,47.063,0.001,0,1,0,1,0,-1,0,0.001],"_humanoidState":5,"_cameraCFrame":[764.344,258.014,47.071,0.001,-0.946,0.323,0,0.323,0.946,-1,-0.001,0],"_shiftlockState":false,"_pose":"FreeFall","_animationQueue":[],"_animationSpeed":1,"_zoom":26.32},{"_mousePosition":[583,360],"_rootPartCFrame":[755.579,231.445,47.063,0.001,0,1,0,1,0,-1,0,0.001],"_humanoidState":5,"_cameraCFrame":[764.078,257.855,47.071,0.001,-0.946,0.323,0,0.323,0.946,-1,-0.001,0],"_shiftlockState":false,"_pose":"FreeFall","_animationQueue":[],"_animationSpeed":1,"_zoom":26.32},{"_mousePosition":[583,360],"_rootPartCFrame":[755.313,231.231,47.062,0.001,0,1,0,1,0,-1,0,0.001],"_humanoidState":5,"_cameraCFrame":[763.811,257.641,47.071,0.001,-0.946,0.323,0,0.323,0.946,-1,-0.001,0],"_shiftlockState":false,"_pose":"FreeFall","_animationQueue":[],"_animationSpeed":1,"_zoom":26.32},{"_mousePosition":[583,360],"_rootPartCFrame":[755.046,230.963,47.062,0.001,0,1,0,1,0,-1,0,0.001],"_humanoidState":5,"_cameraCFrame":[763.544,257.373,47.071,0.001,-0.946,0.323,0,0.323,0.946,-1,-0.001,0],"_shiftlockState":false,"_pose":"FreeFall","_animationQueue":[["fall",0.3]],"_animationSpeed":1,"_zoom":26.32},{"_mousePosition":[583,360],"_rootPartCFrame":[754.78,230.641,47.062,0.001,0,1,0,1,0,-1,0,0.001],"_humanoidState":5,"_cameraCFrame":[763.278,257.051,47.07,0.001,-0.946,0.323,0,0.323,0.946,-1,-0.001,0],"_shiftlockState":false,"_pose":"FreeFall","_animationQueue":[],"_animationSpeed":1,"_zoom":26.32},{"_mousePosition":[583,360],"_rootPartCFrame":[754.513,230.264,47.062,0.001,0,1,0,1,0,-1,0,0.001],"_humanoidState":5,"_cameraCFrame":[763.011,256.674,47.07,0.001,-0.946,0.323,0,0.323,0.946,-1,-0.001,0],"_shiftlockState":false,"_pose":"FreeFall","_animationQueue":[],"_animationSpeed":1,"_zoom":26.32},{"_mousePosition":[583,360],"_rootPartCFrame":[754.313,229.945,47.061,0.001,0,1,0,1,0,-1,0,0.001],"_humanoidState":5,"_cameraCFrame":[762.811,256.355,47.07,0.001,-0.946,0.323,0,0.323,0.946,-1,-0.001,0],"_shiftlockState":false,"_pose":"FreeFall","_animationQueue":[],"_animationSpeed":1,"_zoom":26.32},{"_mousePosition":[583,360],"_rootPartCFrame":[753.98,229.346,47.061,0.001,0,1,0,1,0,-1,0,0.001],"_humanoidState":5,"_cameraCFrame":[762.478,255.757,47.07,0.001,-0.946,0.323,0,0.323,0.946,-1,-0.001,0],"_shiftlockState":false,"_pose":"FreeFall","_animationQueue":[],"_animationSpeed":1,"_zoom":26.32},{"_mousePosition":[583,360],"_rootPartCFrame":[753.713,228.806,47.061,0.001,0,1,0,1,0,-1,0,0.001],"_humanoidState":5,"_cameraCFrame":[762.211,255.216,47.069,0.001,-0.946,0.323,0,0.323,0.946,-1,-0.001,0],"_shiftlockState":false,"_pose":"FreeFall","_animationQueue":[],"_animationSpeed":1,"_zoom":26.32},{"_mousePosition":[583,360],"_rootPartCFrame":[753.513,228.365,47.061,0.001,0,1,0,1,0,-1,0,0.001],"_humanoidState":5,"_cameraCFrame":[762.011,254.775,47.069,0.001,-0.946,0.323,0,0.323,0.946,-1,-0.001,0],"_shiftlockState":false,"_pose":"FreeFall","_animationQueue":[],"_animationSpeed":1,"_zoom":26.32},{"_mousePosition":[583,360],"_rootPartCFrame":[753.18,227.561,47.06,0.001,0,1,0,1,0,-1,0,0.001],"_humanoidState":5,"_cameraCFrame":[761.678,253.972,47.069,0.001,-0.946,0.323,0,0.323,0.946,-1,-0.001,0],"_shiftlockState":false,"_pose":"FreeFall","_animationQueue":[["fall",0.3]],"_animationSpeed":1,"_zoom":26.32},{"_mousePosition":[583,360],"_rootPartCFrame":[752.913,226.857,47.06,0.001,0,1,0,1,0,-1,0,0.001],"_humanoidState":5,"_cameraCFrame":[761.412,253.268,47.069,0.001,-0.946,0.323,0,0.323,0.946,-1,-0.001,0],"_shiftlockState":false,"_pose":"FreeFall","_animationQueue":[],"_animationSpeed":1,"_zoom":26.32},{"_mousePosition":[583,360],"_rootPartCFrame":[752.714,226.294,47.06,0.001,0,1,0,1,0,-1,0,0.001],"_humanoidState":5,"_cameraCFrame":[761.212,252.704,47.068,0.001,-0.946,0.323,0,0.323,0.946,-1,-0.001,0],"_shiftlockState":false,"_pose":"FreeFall","_animationQueue":[],"_animationSpeed":1,"_zoom":26.32},{"_mousePosition":[583,360],"_rootPartCFrame":[752.38,225.286,47.06,0.001,0,1,0,1,0,-1,0,0.001],"_humanoidState":5,"_cameraCFrame":[760.878,251.696,47.068,0.001,-0.946,0.323,0,0.323,0.946,-1,-0.001,0],"_shiftlockState":false,"_pose":"FreeFall","_animationQueue":[],"_animationSpeed":1,"_zoom":26.32},{"_mousePosition":[583,360],"_rootPartCFrame":[752.114,224.418,47.059,0.001,0,1,0,1,0,-1,0,0.001],"_humanoidState":5,"_cameraCFrame":[760.612,250.829,47.068,0.001,-0.946,0.323,0,0.323,0.946,-1,-0.001,0],"_shiftlockState":false,"_pose":"FreeFall","_animationQueue":[],"_animationSpeed":1,"_zoom":26.32},{"_mousePosition":[583,360],"_rootPartCFrame":[751.847,223.496,47.059,0.001,0,1,0,1,0,-1,0,0.001],"_humanoidState":5,"_cameraCFrame":[760.345,249.907,47.067,0.001,-0.946,0.323,0,0.323,0.946,-1,-0.001,0],"_shiftlockState":false,"_pose":"FreeFall","_animationQueue":[],"_animationSpeed":1,"_zoom":26.32},{"_mousePosition":[583,360],"_rootPartCFrame":[751.58,222.52,47.059,0.001,0,1,0,1,0,-1,0,0.001],"_humanoidState":7,"_cameraCFrame":[760.079,248.93,47.067,0.001,-0.946,0.323,0,0.323,0.946,-1,-0.001,0],"_shiftlockState":false,"_pose":"FreeFall","_animationQueue":[["fall",0.3],["walk",0.1],["fall",0.3],["fall",0.3]],"_animationSpeed":1,"_zoom":26.32},{"_mousePosition":[583,360],"_rootPartCFrame":[751.314,222.306,47.058,0.001,0,1,0,1,0,-1,0,0.001],"_humanoidState":7,"_cameraCFrame":[759.812,248.716,47.067,0.001,-0.946,0.323,0,0.323,0.946,-1,-0.001,0],"_shiftlockState":false,"_pose":"FreeFall","_animationQueue":[],"_animationSpeed":1,"_zoom":26.32},{"_mousePosition":[583,360],"_rootPartCFrame":[751.047,222.389,47.058,0.001,0,1,0,1,0,-1,0,0.001],"_humanoidState":8,"_cameraCFrame":[759.545,248.8,47.067,0.001,-0.946,0.323,0,0.323,0.946,-1,-0.001,0],"_shiftlockState":false,"_pose":"Running","_animationQueue":[["walk",0.1],["fall",0.3],["walk",0.1]],"_animationSpeed":1.103,"_zoom":26.32},{"_mousePosition":[583,360],"_rootPartCFrame":[750.781,222.465,47.058,0.001,0,1,0,1,0,-1,0,0.001],"_humanoidState":8,"_cameraCFrame":[759.279,248.876,47.066,0.001,-0.946,0.323,0,0.323,0.946,-1,-0.001,0],"_shiftlockState":false,"_pose":"Running","_animationQueue":[],"_animationSpeed":1.103,"_zoom":26.32},{"_mousePosition":[583,360],"_rootPartCFrame":[750.514,222.51,47.058,0.001,0,1,0,1,0,-1,0,0.001],"_humanoidState":8,"_cameraCFrame":[759.012,248.921,47.088,0.004,-0.946,0.323,0,0.323,0.946,-1,-0.003,0.001],"_shiftlockState":false,"_pose":"Running","_animationQueue":[],"_animationSpeed":1.103,"_zoom":26.32},{"_mousePosition":[583,360],"_rootPartCFrame":[750.247,222.536,47.057,0.001,0,1,0,1,0,-1,0,0.001],"_humanoidState":8,"_cameraCFrame":[758.745,248.946,47.087,0.004,-0.946,0.323,0,0.323,0.946,-1,-0.003,0.001],"_shiftlockState":false,"_pose":"Running","_animationQueue":[],"_animationSpeed":1.103,"_zoom":26.32},{"_mousePosition":[583,360],"_rootPartCFrame":[749.981,222.549,47.057,0.001,0,1,0,1,0,-1,0,0.001],"_humanoidState":8,"_cameraCFrame":[758.479,248.96,47.108,0.006,-0.946,0.323,0,0.323,0.946,-1,-0.006,0.002],"_shiftlockState":false,"_pose":"Running","_animationQueue":[["walk",0.1]],"_animationSpeed":1.103,"_zoom":26.32},{"_mousePosition":[583,360],"_rootPartCFrame":[749.714,222.557,47.056,0.002,0,1,0,1,0,-1,0,0.002],"_humanoidState":8,"_cameraCFrame":[758.212,248.967,47.129,0.009,-0.946,0.323,0,0.323,0.946,-1,-0.008,0.003],"_shiftlockState":false,"_pose":"Running","_animationQueue":[],"_animationSpeed":1.103,"_zoom":26.32},{"_mousePosition":[583,360],"_rootPartCFrame":[749.448,222.561,47.054,0.002,0,1,0,1,0,-1,0,0.002],"_humanoidState":8,"_cameraCFrame":[757.945,248.971,47.127,0.009,-0.946,0.323,0,0.323,0.946,-1,-0.008,0.003],"_shiftlockState":false,"_pose":"Running","_animationQueue":[],"_animationSpeed":1.103,"_zoom":26.32},{"_mousePosition":[583,360],"_rootPartCFrame":[749.181,222.563,47.052,0.003,0,1,0,1,0,-1,0,0.003],"_humanoidState":8,"_cameraCFrame":[757.679,248.973,47.125,0.009,-0.946,0.323,0,0.323,0.946,-1,-0.008,0.003],"_shiftlockState":false,"_pose":"Running","_animationQueue":[],"_animationSpeed":1.103,"_zoom":26.32},{"_mousePosition":[583,360],"_rootPartCFrame":[748.914,222.564,47.05,0.004,0,1,0,1,0,-1,0,0.004],"_humanoidState":8,"_cameraCFrame":[757.412,248.975,47.123,0.009,-0.946,0.323,0,0.323,0.946,-1,-0.008,0.003],"_shiftlockState":false,"_pose":"Running","_animationQueue":[],"_animationSpeed":1.103,"_zoom":26.32},{"_mousePosition":[583,360],"_rootPartCFrame":[748.648,222.565,47.047,0.004,0,1,0,1,0,-1,0,0.004],"_humanoidState":8,"_cameraCFrame":[757.146,248.975,47.12,0.009,-0.946,0.323,0,0.323,0.946,-1,-0.008,0.003],"_shiftlockState":false,"_pose":"Running","_animationQueue":[],"_animationSpeed":1.103,"_zoom":26.32},{"_mousePosition":[583,360],"_rootPartCFrame":[748.381,222.565,47.045,0.005,0,1,0,1,0,-1,0,0.005],"_humanoidState":8,"_cameraCFrame":[756.83,248.992,47.118,0.009,-0.947,0.321,0,0.321,0.947,-1,-0.008,0.003],"_shiftlockState":false,"_pose":"Running","_animationQueue":[],"_animationSpeed":1.103,"_zoom":26.32},{"_mousePosition":[583,360],"_rootPartCFrame":[748.115,222.565,47.043,0.005,0,1,0,1,0,-1,0,0.005],"_humanoidState":8,"_cameraCFrame":[756.515,249.009,47.115,0.009,-0.948,0.319,0,0.319,0.948,-1,-0.008,0.003],"_shiftlockState":false,"_pose":"Running","_animationQueue":[["walk",0.1]],"_animationSpeed":1.103,"_zoom":26.32},{"_mousePosition":[583,360],"_rootPartCFrame":[747.848,222.531,47.041,0.006,0,1,0,1,0,-1,0,0.006],"_humanoidState":8,"_cameraCFrame":[756.249,248.975,47.113,0.009,-0.948,0.319,0,0.319,0.948,-1,-0.008,0.003],"_shiftlockState":false,"_pose":"Running","_animationQueue":[],"_animationSpeed":1.103,"_zoom":26.32},{"_mousePosition":[583,360],"_rootPartCFrame":[747.581,222.443,47.038,0.006,0,1,0,1,0,-1,0,0.006],"_humanoidState":8,"_cameraCFrame":[755.933,248.902,47.11,0.009,-0.948,0.317,0,0.317,0.948,-1,-0.008,0.003],"_shiftlockState":false,"_pose":"Running","_animationQueue":[],"_animationSpeed":1.103,"_zoom":26.32},{"_mousePosition":[583,360],"_rootPartCFrame":[747.315,222.3,47.036,0.007,0,1,0,1,0,-1,0,0.007],"_humanoidState":8,"_cameraCFrame":[755.667,248.759,47.108,0.009,-0.948,0.317,0,0.317,0.948,-1,-0.008,0.003],"_shiftlockState":false,"_pose":"Running","_animationQueue":[],"_animationSpeed":1.103,"_zoom":26.32},{"_mousePosition":[583,360],"_rootPartCFrame":[747.048,222.102,47.034,0.007,0,1,0,1,0,-1,0,0.007],"_humanoidState":8,"_cameraCFrame":[755.4,248.562,47.105,0.009,-0.948,0.317,0,0.317,0.948,-1,-0.008,0.003],"_shiftlockState":false,"_pose":"Running","_animationQueue":[],"_animationSpeed":1.103,"_zoom":26.32},{"_mousePosition":[583,360],"_rootPartCFrame":[746.782,221.85,47.031,0.008,0,1,0,1,0,-1,0,0.008],"_humanoidState":8,"_cameraCFrame":[755.134,248.31,47.103,0.009,-0.948,0.317,0,0.317,0.948,-1,-0.008,0.003],"_shiftlockState":false,"_pose":"Running","_animationQueue":[],"_animationSpeed":1.103,"_zoom":26.32},{"_mousePosition":[583,360],"_rootPartCFrame":[746.515,222.723,47.029,0.008,0,1,0,1,0,-1,0,0.008],"_humanoidState":3,"_cameraCFrame":[754.867,249.183,47.101,0.009,-0.948,0.317,0,0.317,0.948,-1,-0.008,0.003],"_shiftlockState":false,"_pose":"Jumping","_animationQueue":[["walk",0.1],["walk",0.1],["jump",0.1]],"_animationSpeed":1,"_zoom":26.32},{"_mousePosition":[583,360],"_rootPartCFrame":[746.248,223.546,47.027,0.009,0,1,0,1,0,-1,0,0.009],"_humanoidState":5,"_cameraCFrame":[754.6,250.005,47.099,0.009,-0.948,0.317,0,0.317,0.948,-1,-0.008,0.003],"_shiftlockState":false,"_pose":"FreeFall","_animationQueue":[["jump",0.1]],"_animationSpeed":1,"_zoom":26.32},{"_mousePosition":[583,360],"_rootPartCFrame":[745.982,224.313,47.024,0.009,0,1,0,1,0,-1,0,0.009],"_humanoidState":5,"_cameraCFrame":[754.334,250.773,47.096,0.009,-0.948,0.317,0,0.317,0.948,-1,-0.008,0.003],"_shiftlockState":false,"_pose":"FreeFall","_animationQueue":[],"_animationSpeed":1,"_zoom":26.32},{"_mousePosition":[583,360],"_rootPartCFrame":[745.715,225.026,47.022,0.009,0,1,0,1,0,-1,0,0.009],"_humanoidState":5,"_cameraCFrame":[754.067,251.486,47.094,0.009,-0.948,0.317,0,0.317,0.948,-1,-0.008,0.003],"_shiftlockState":false,"_pose":"FreeFall","_animationQueue":[],"_animationSpeed":1,"_zoom":26.32},{"_mousePosition":[583,360],"_rootPartCFrame":[745.449,225.685,47.02,0.009,0,1,0,1,0,-1,0,0.009],"_humanoidState":5,"_cameraCFrame":[753.801,252.144,47.092,0.009,-0.948,0.317,0,0.317,0.948,-1,-0.008,0.003],"_shiftlockState":false,"_pose":"FreeFall","_animationQueue":[],"_animationSpeed":1,"_zoom":26.32},{"_mousePosition":[583,360],"_rootPartCFrame":[745.182,226.289,47.018,0.009,0,1,0,1,0,-1,0,0.009],"_humanoidState":5,"_cameraCFrame":[753.534,252.748,47.089,0.009,-0.948,0.317,0,0.317,0.948,-1,-0.008,0.003],"_shiftlockState":false,"_pose":"FreeFall","_animationQueue":[],"_animationSpeed":1,"_zoom":26.32},{"_mousePosition":[583,360],"_rootPartCFrame":[744.915,226.838,47.015,0.009,0,1,0,1,0,-1,0,0.009],"_humanoidState":5,"_cameraCFrame":[753.267,253.298,47.087,0.009,-0.948,0.317,0,0.317,0.948,-1,-0.008,0.003],"_shiftlockState":false,"_pose":"FreeFall","_animationQueue":[],"_animationSpeed":1,"_zoom":26.32},{"_mousePosition":[583,360],"_rootPartCFrame":[744.649,227.333,47.013,0.009,0,1,0,1,0,-1,0,0.009],"_humanoidState":5,"_cameraCFrame":[753.001,253.793,47.085,0.009,-0.948,0.317,0,0.317,0.948,-1,-0.008,0.003],"_shiftlockState":false,"_pose":"FreeFall","_animationQueue":[],"_animationSpeed":1,"_zoom":26.32},{"_mousePosition":[583,360],"_rootPartCFrame":[744.382,227.774,47.011,0.009,0,1,0,1,0,-1,0,0.009],"_humanoidState":5,"_cameraCFrame":[752.734,254.233,47.083,0.009,-0.948,0.317,0,0.317,0.948,-1,-0.008,0.003],"_shiftlockState":false,"_pose":"FreeFall","_animationQueue":[],"_animationSpeed":1,"_zoom":26.32},{"_mousePosition":[583,360],"_rootPartCFrame":[744.116,228.16,47.008,0.009,0,1,0,1,0,-1,0,0.009],"_humanoidState":5,"_cameraCFrame":[752.468,254.619,47.08,0.009,-0.948,0.317,0,0.317,0.948,-1,-0.008,0.003],"_shiftlockState":false,"_pose":"FreeFall","_animationQueue":[],"_animationSpeed":1,"_zoom":26.32},{"_mousePosition":[583,360],"_rootPartCFrame":[743.849,228.491,47.006,0.009,0,1,0,1,0,-1,0,0.009],"_humanoidState":5,"_cameraCFrame":[752.201,254.951,47.078,0.009,-0.948,0.317,0,0.317,0.948,-1,-0.008,0.003],"_shiftlockState":false,"_pose":"FreeFall","_animationQueue":[],"_animationSpeed":1,"_zoom":26.32},{"_mousePosition":[583,360],"_rootPartCFrame":[743.582,228.768,47.004,0.009,0,1,0,1,0,-1,0,0.009],"_humanoidState":5,"_cameraCFrame":[751.934,255.228,47.076,0.009,-0.948,0.317,0,0.317,0.948,-1,-0.008,0.003],"_shiftlockState":false,"_pose":"FreeFall","_animationQueue":[],"_animationSpeed":1,"_zoom":26.32},{"_mousePosition":[583,360],"_rootPartCFrame":[743.316,228.991,47.002,0.009,0,1,0,1,0,-1,0,0.009],"_humanoidState":5,"_cameraCFrame":[751.668,255.45,47.073,0.009,-0.948,0.317,0,0.317,0.948,-1,-0.008,0.003],"_shiftlockState":false,"_pose":"FreeFall","_animationQueue":[],"_animationSpeed":1,"_zoom":26.32},{"_mousePosition":[583,360],"_rootPartCFrame":[743.049,229.159,46.999,0.009,0,1,0,1,0,-1,0,0.009],"_humanoidState":5,"_cameraCFrame":[751.401,255.618,47.071,0.009,-0.948,0.317,0,0.317,0.948,-1,-0.008,0.003],"_shiftlockState":false,"_pose":"FreeFall","_animationQueue":[],"_animationSpeed":1,"_zoom":26.32},{"_mousePosition":[583,360],"_rootPartCFrame":[742.783,229.272,46.997,0.009,0,1,0,1,0,-1,0,0.009],"_humanoidState":5,"_cameraCFrame":[751.135,255.732,47.069,0.009,-0.948,0.317,0,0.317,0.948,-1,-0.008,0.003],"_shiftlockState":false,"_pose":"FreeFall","_animationQueue":[],"_animationSpeed":1,"_zoom":26.32},{"_mousePosition":[583,360],"_rootPartCFrame":[742.516,229.331,46.995,0.009,0,1,0,1,0,-1,0,0.009],"_humanoidState":5,"_cameraCFrame":[750.868,255.791,47.066,0.009,-0.948,0.317,0,0.317,0.948,-1,-0.008,0.003],"_shiftlockState":false,"_pose":"FreeFall","_animationQueue":[],"_animationSpeed":1,"_zoom":26.32},{"_mousePosition":[583,360],"_rootPartCFrame":[742.249,229.336,46.992,0.009,0,1,0,1,0,-1,0,0.009],"_humanoidState":5,"_cameraCFrame":[750.601,255.795,47.064,0.009,-0.948,0.317,0,0.317,0.948,-1,-0.008,0.003],"_shiftlockState":false,"_pose":"FreeFall","_animationQueue":[],"_animationSpeed":1,"_zoom":26.32},{"_mousePosition":[583,360],"_rootPartCFrame":[742.049,229.303,46.991,0.009,0,1,0,1,0,-1,0,0.009],"_humanoidState":5,"_cameraCFrame":[750.401,255.763,47.062,0.009,-0.948,0.317,0,0.317,0.948,-1,-0.008,0.003],"_shiftlockState":false,"_pose":"FreeFall","_animationQue