[{"_mousePosition":[570,341],"_rootPartCFrame":[776.025,222.7,47.142,0.003,0,1,0,1,0,-1,0,0.003],"_humanoidState":8,"_cameraCFrame":[783.722,238.366,46.856,-0.037,-0.878,0.477,0,0.478,0.879,-0.999,0.033,-0.018],"_shiftlockState":false,"_pose":"Standing","_animationQueue":[],"_animationSpeed":1,"_zoom":16.125},{"_mousePosition":[570,341],"_rootPartCFrame":[775.779,222.7,47.153,-0.003,0,1,0,1,0,-1,0,-0.003],"_humanoidState":8,"_cameraCFrame":[783.476,238.366,46.866,-0.037,-0.878,0.477,0,0.478,0.879,-0.999,0.033,-0.018],"_shiftlockState":false,"_pose":"Standing","_animationQueue":[],"_animationSpeed":1,"_zoom":16.125},{"_mousePosition":[570,341],"_rootPartCFrame":[775.513,222.7,47.163,-0.008,0,1,0,1,0,-1,0,-0.008],"_humanoidState":8,"_cameraCFrame":[783.21,238.366,46.876,-0.037,-0.878,0.477,0,0.478,0.879,-0.999,0.033,-0.018],"_shiftlockState":false,"_pose":"Running","_animationQueue":[["walk",0.1]],"_animationSpeed":1.066,"_zoom":16.125},{"_mousePosition":[570,341],"_rootPartCFrame":[775.246,222.7,47.173,-0.012,0,1,0,1,0,-1,0,-0.012],"_humanoidState":8,"_cameraCFrame":[782.944,238.366,46.886,-0.037,-0.878,0.477,0,0.478,0.879,-0.999,0.033,-0.018],"_shiftlockState":false,"_pose":"Running","_animationQueue":[],"_animationSpeed":1.066,"_zoom":16.125},{"_mousePosition":[570,341],"_rootPartCFrame":[774.98,222.7,47.183,-0.015,0,1,0,1,0,-1,0,-0.015],"_humanoidState":8,"_cameraCFrame":[782.677,238.366,46.896,-0.037,-0.878,0.477,0,0.478,0.879,-0.999,0.033,-0.018],"_shiftlockState":false,"_pose":"Running","_animationQueue":[],"_animationSpeed":1.066,"_zoom":16.125},{"_mousePosition":[570,341],"_rootPartCFrame":[774.714,222.7,47.193,-0.018,0,1,0,1,0,-1,0,-0.018],"_humanoidState":8,"_cameraCFrame":[782.412,238.366,46.945,-0.032,-0.878,0.477,0,0.478,0.879,-0.999,0.028,-0.015],"_shiftlockState":false,"_pose":"Running","_animationQueue":[],"_animationSpeed":1.066,"_zoom":16.125},{"_mousePosition":[570,341],"_rootPartCFrame":[774.447,222.7,47.203,-0.021,0,1,0,1,0,-1,0,-0.021],"_humanoidState":8,"_cameraCFrame":[782.147,238.366,46.994,-0.027,-0.878,0.478,0,0.478,0.879,-1,0.024,-0.013],"_shiftlockState":false,"_pose":"Running","_animationQueue":[],"_animationSpeed":1.066,"_zoom":16.125},{"_mousePosition":[570,341],"_rootPartCFrame":[774.181,222.7,47.211,-0.022,0,1,0,1,0,-1,0,-0.022],"_humanoidState":8,"_cameraCFrame":[781.881,238.366,47.041,-0.022,-0.878,0.478,0,0.478,0.879,-1,0.019,-0.011],"_shiftlockState":false,"_pose":"Running","_animationQueue":[],"_animationSpeed":1.066,"_zoom":16.125},{"_mousePosition":[570,341],"_rootPartCFrame":[773.914,222.7,47.219,-0.023,0,1,0,1,0,-1,0,-0.023],"_humanoidState":8,"_cameraCFrame":[781.615,238.366,47.068,-0.02,-0.878,0.478,0,0.478,0.879,-1,0.017,-0.009],"_shiftlockState":false,"_pose":"Running","_animationQueue":[["walk",0.1]],"_animationSpeed":1.066,"_zoom":16.125},{"_mousePosition":[570,341],"_rootPartCFrame":[773.647,222.7,47.225,-0.023,0,1,0,1,0,-1,0,-0.023],"_humanoidState":8,"_cameraCFrame":[781.349,238.366,47.113,-0.014,-0.878,0.478,0,0.478,0.879,-1,0.013,-0.007],"_shiftlockState":false,"_pose":"Running","_animationQueue":[],"_animationSpeed":1.066,"_zoom":16.125},{"_mousePosition":[570,341],"_rootPartCFrame":[773.381,222.7,47.23,-0.023,0,1,0,1,0,-1,0,-0.023],"_humanoidState":8,"_cameraCFrame":[781.083,238.366,47.157,-0.009,-0.878,0.478,0,0.478,0.879,-1,0.008,-0.004],"_shiftlockState":false,"_pose":"Running","_animationQueue":[],"_animationSpeed":1.066,"_zoom":16.125},{"_mousePosition":[570,341],"_rootPartCFrame":[773.114,222.7,47.234,-0.022,0,1,0,1,0,-1,0,-0.022],"_humanoidState":8,"_cameraCFrame":[780.817,238.366,47.2,-0.004,-0.879,0.478,0,0.478,0.879,-1,0.004,-0.002],"_shiftlockState":false,"_pose":"Running","_animationQueue":[],"_animationSpeed":1.066,"_zoom":16.125},{"_mousePosition":[570,341],"_rootPartCFrame":[772.848,222.7,47.236,-0.02,0,1,0,1,0,-1,0,-0.02],"_humanoidState":8,"_cameraCFrame":[780.522,238.381,47.222,-0.002,-0.879,0.476,0,0.476,0.879,-1,0.002,-0.001],"_shiftlockState":false,"_pose":"Running","_animationQueue":[],"_animationSpeed":1.066,"_zoom":16.125},{"_mousePosition":[570,341],"_rootPartCFrame":[772.581,222.7,47.238,-0.018,0,1,0,1,0,-1,0,-0.018],"_humanoidState":8,"_cameraCFrame":[780.228,238.396,47.282,0.006,-0.88,0.474,0,0.474,0.88,-1,-0.005,0.003],"_shiftlockState":false,"_pose":"Running","_animationQueue":[],"_animationSpeed":1.066,"_zoom":16.125},{"_mousePosition":[570,341],"_rootPartCFrame":[772.314,222.717,47.238,-0.016,0,1,0,1,0,-1,0,-0.016],"_humanoidState":8,"_cameraCFrame":[779.961,238.413,47.321,0.011,-0.88,0.474,0,0.474,0.88,-1,-0.01,0.005],"_shiftlockState":false,"_pose":"Running","_animationQueue":[],"_animationSpeed":1.066,"_zoom":16.125},{"_mousePosition":[570,341],"_rootPartCFrame":[772.047,222.748,47.237,-0.013,0,1,0,1,0,-1,0,-0.013],"_humanoidState":8,"_cameraCFrame":[779.666,238.459,47.377,0.018,-0.881,0.472,0,0.473,0.881,-1,-0.016,0.009],"_shiftlockState":false,"_pose":"Running","_animationQueue":[["walk",0.1]],"_animationSpeed":1.066,"_zoom":16.125},{"_mousePosition":[570,341],"_rootPartCFrame":[771.781,222.744,47.234,-0.01,0,1,0,1,0,-1,0,-0.01],"_humanoidState":8,"_cameraCFrame":[779.37,238.47,47.432,0.026,-0.882,0.471,0,0.471,0.882,-1,-0.023,0.012],"_shiftlockState":false,"_pose":"Running","_animationQueue":[],"_animationSpeed":1.066,"_zoom":16.125},{"_mousePosition":[570,341],"_rootPartCFrame":[771.514,222.769,47.229,-0.006,0,1,0,1,0,-1,0,-0.006],"_humanoidState":8,"_cameraCFrame":[779.102,238.495,47.465,0.031,-0.882,0.471,0,0.471,0.882,-1,-0.027,0.015],"_shiftlockState":false,"_pose":"Running","_animationQueue":[],"_animationSpeed":1.066,"_zoom":16.125},{"_mousePosition":[570,341],"_rootPartCFrame":[771.248,222.793,47.223,-0.002,0,1,0,1,0,-1,0,-0.002],"_humanoidState":8,"_cameraCFrame":[778.806,238.533,47.515,0.039,-0.882,0.469,0,0.469,0.883,-0.999,-0.034,0.018],"_shiftlockState":false,"_pose":"Running","_animationQueue":[],"_animationSpeed":1.066,"_zoom":16.125},{"_mousePosition":[570,341],"_rootPartCFrame":[770.981,222.773,47.214,0.002,0,1,0,1,0,-1,0,0.002],"_humanoidState":8,"_cameraCFrame":[778.536,238.514,47.583,0.049,-0.882,0.469,0,0.469,0.883,-0.999,-0.043,0.023],"_shiftlockState":false,"_pose":"Running","_animationQueue":[],"_animationSpeed":1.066,"_zoom":16.125},{"_mousePosition":[570,341],"_rootPartCFrame":[770.715,222.828,47.204,0.007,0,1,0,1,0,-1,0,0.007],"_humanoidState":8,"_cameraCFrame":[778.266,238.569,47.65,0.059,-0.882,0.468,0,0.469,0.883,-0.998,-0.052,0.028],"_shiftlockState":false,"_pose":"Running","_animationQueue":[],"_animationSpeed":1.066,"_zoom":16.125},{"_mousePosition":[570,341],"_rootPartCFrame":[770.382,223.912,47.191,0.013,0,1,0,1,0,-1,0,0.013],"_humanoidState":3,"_cameraCFrame":[777.929,239.652,47.694,0.066,-0.881,0.468,0,0.469,0.883,-0.998,-0.059,0.031],"_shiftlockState":false,"_pose":"Jumping","_animationQueue":[["walk",0.1],["walk",0.1],["jump",0.1]],"_animationSpeed":1,"_zoom":16.125},{"_mousePosition":[570,341],"_rootPartCFrame":[770.182,224.523,47.18,0.017,0,1,0,1,0,-1,0,0.017],"_humanoidState":5,"_cameraCFrame":[777.727,240.264,47.721,0.072,-0.881,0.468,0,0.469,0.883,-0.997,-0.063,0.034],"_shiftlockState":false,"_pose":"FreeFall","_animationQueue":[["jump",0.1]],"_animationSpeed":1,"_zoom":16.125},{"_mousePosition":[570,341],"_rootPartCFrame":[769.849,225.474,47.159,0.025,0,1,0,1,0,-1,0,0.025],"_humanoidState":5,"_cameraCFrame":[777.39,241.215,47.757,0.079,-0.88,0.468,0,0.469,0.883,-0.997,-0.07,0.037],"_shiftlockState":false,"_pose":"FreeFall","_animationQueue":[],"_animationSpeed":1,"_zoom":16.125},{"_mousePosition":[570,341],"_rootPartCFrame":[769.583,226.173,47.14,0.032,0,0.999,0,1,0,-0.999,0,0.032],"_humanoidState":5,"_cameraCFrame":[777.121,241.914,47.776,0.084,-0.88,0.467,0,0.469,0.883,-0.996,-0.074,0.039],"_shiftlockState":false,"_pose":"FreeFall","_animationQueue":[],"_animationSpeed":1,"_zoom":16.125},{"_mousePosition":[570,341],"_rootPartCFrame":[769.317,226.818,47.119,0.038,0,0.999,0,1,0,-0.999,0,0.038],"_humanoidState":5,"_cameraCFrame":[776.85,242.559,47.812,0.092,-0.879,0.467,0,0.469,0.883,-0.996,-0.081,0.043],"_shiftlockState":false,"_pose":"FreeFall","_animationQueue":[],"_animationSpeed":1,"_zoom":16.125},{"_mousePosition":[570,341],"_rootPartCFrame":[769.052,227.409,47.097,0.044,0,0.999,0,1,0,-0.999,0,0.044],"_humanoidState":5,"_cameraCFrame":[776.58,243.149,47.828,0.097,-0.879,0.467,0,0.469,0.883,-0.995,-0.085,0.045],"_shiftlockState":false,"_pose":"FreeFall","_animationQueue":[],"_animationSpeed":1,"_zoom":16.125},{"_mousePosition":[570,341],"_rootPartCFrame":[768.853,227.816,47.079,0.049,0,0.999,0,1,0,-0.999,0,0.049],"_humanoidState":5,"_cameraCFrame":[776.375,243.556,47.867,0.104,-0.878,0.467,0,0.469,0.883,-0.995,-0.092,0.049],"_shiftlockState":false,"_pose":"FreeFall","_animationQueue":[],"_animationSpeed":1,"_zoom":16.125},{"_mousePosition":[570,341],"_rootPartCFrame":[768.587,228.311,47.053,0.055,0,0.998,0,1,0,-0.998,0,0.055],"_humanoidState":5,"_cameraCFrame":[776.104,244.051,47.899,0.112,-0.878,0.466,0,0.469,0.883,-0.994,-0.099,0.052],"_shiftlockState":false,"_pose":"FreeFall","_animationQueue":[],"_animationSpeed":1,"_zoom":16.125},{"_mousePosition":[570,341],"_rootPartCFrame":[768.256,228.853,47.019,0.063,0,0.998,0,1,0,-0.998,0,0.063],"_humanoidState":5,"_cameraCFrame":[775.768,244.594,47.903,0.117,-0.877,0.466,0,0.469,0.883,-0.993,-0.103,0.055],"_shiftlockState":false,"_pose":"FreeFall","_animationQueue":[],"_animationSpeed":1,"_zoom":16.125},{"_mousePosition":[570,341],"_rootPartCFrame":[768.057,229.137,46.997,0.068,0,0.998,0,1,0,-0.998,0,0.068],"_humanoidState":5,"_cameraCFrame":[775.562,244.878,47.937,0.124,-0.876,0.465,0,0.469,0.883,-0.992,-0.11,0.058],"_shiftlockState":false,"_pose":"FreeFall","_animationQueue":[],"_animationSpeed":1,"_zoom":16.125},{"_mousePosition":[570,341],"_rootPartCFrame":[767.792,229.469,46.966,0.075,0,0.997,0,1,0,-0.997,0,0.075],"_humanoidState":5,"_cameraCFrame":[775.292,245.209,47.944,0.129,-0.876,0.465,0,0.469,0.883,-0.992,-0.114,0.061],"_shiftlockState":false,"_pose":"FreeFall","_animationQueue":[],"_animationSpeed":1,"_zoom":16.125},{"_mousePosition":[570,341],"_rootPartCFrame":[767.527,229.746,46.933,0.081,0,0.997,0,1,0,-0.997,0,0.081],"_humanoidState":5,"_cameraCFrame":[775.023,245.486,47.95,0.134,-0.875,0.465,0,0.469,0.883,-0.991,-0.119,0.063],"_shiftlockState":false,"_pose":"FreeFall","_animationQueue":[],"_animationSpeed":1,"_zoom":16.125},{"_mousePosition":[570,341],"_rootPartCFrame":[767.197,230.016,46.89,0.089,0,0.996,0,1,0,-0.996,0,0.089],"_humanoidState":5,"_cameraCFrame":[774.659,245.771,47.941,0.139,-0.875,0.463,0,0.467,0.884,-0.99,-0.123,0.065],"_shiftlockState":false,"_pose":"FreeFall","_animationQueue":[],"_animationSpeed":1,"_zoom":16.125},{"_mousePosition":[570,341],"_rootPartCFrame":[766.933,230.17,46.854,0.096,0,0.995,0,1,0,-0.995,0,0.096],"_humanoidState":5,"_cameraCFrame":[774.387,245.925,47.962,0.147,-0.874,0.462,0,0.467,0.884,-0.989,-0.13,0.069],"_shiftlockState":false,"_pose":"FreeFall","_animationQueue":[],"_animationSpeed":1,"_zoom":16.125},{"_mousePosition":[570,341],"_rootPartCFrame":[766.668,230.27,46.817,0.101,0,0.995,0,1,0,-0.995,0,0.101],"_humanoidState":5,"_cameraCFrame":[774.087,246.04,47.977,0.154,-0.874,0.46,0,0.466,0.885,-0.988,-0.137,0.072],"_shiftlockState":false,"_pose":"FreeFall","_animationQueue":[],"_animationSpeed":1,"_zoom":16.125},{"_mousePosition":[570,341],"_rootPartCFrame":[766.471,230.309,46.788,0.106,0,0.994,0,1,0,-0.994,0,0.106],"_humanoidState":5,"_cameraCFrame":[773.88,246.079,48.004,0.162,-0.873,0.46,0,0.466,0.885,-0.987,-0.143,0.075],"_shiftlockState":false,"_pose":"FreeFall","_animationQueue":[],"_animationSpeed":1,"_zoom":16.125},{"_mousePosition":[570,341],"_rootPartCFrame":[766.141,230.306,46.737,0.114,0,0.993,0,1,0,-0.993,0,0.114],"_humanoidState":5,"_cameraCFrame":[773.507,246.091,48.042,0.174,-0.872,0.457,0,0.464,0.886,-0.985,-0.155,0.081],"_shiftlockState":false,"_pose":"FreeFall","_animationQueue":[],"_animationSpeed":1,"_zoom":16.125},{"_mousePosition":[570,341],"_rootPartCFrame":[765.878,230.242,46.694,0.12,0,0.993,0,1,0,-0.993,0,0.12],"_humanoidState":5,"_cameraCFrame":[773.234,246.027,48.055,0.182,-0.871,0.456,0,0.464,0.886,-0.983,-0.161,0.084],"_shiftlockState":false,"_pose":"FreeFall","_animationQueue":[],"_animationSpeed":1,"_zoom":16.125},{"_mousePosition":[570,341],"_rootPartCFrame":[765.615,230.124,46.648,0.127,0,0.992,0,1,0,-0.992,0,0.127],"_humanoidState":5,"_cameraCFrame":[772.933,245.923,48.059,0.189,-0.871,0.454,0,0.462,0.887,-0.982,-0.168,0.088],"_shiftlockState":false,"_pose":"FreeFall","_animationQueue":[],"_animationSpeed":1,"_zoom":16.125},{"_mousePosition":[570,341],"_rootPartCFrame":[765.353,229.952,46.6,0.135,0,0.991,0,1,0,-0.991,0,0.135],"_humanoidState":5,"_cameraCFrame":[772.633,245.765,48.061,0.197,-0.87,0.451,0,0.46,0.888,-0.98,-0.175,0.091],"_shiftlockState":false,"_pose":"FreeFall","_animationQueue":[],"_animationSpeed":1,"_zoom":16.125},{"_mousePosition":[570,341],"_rootPartCFrame":[765.091,229.725,46.55,0.142,0,0.99,0,1,0,-0.99,0,0.142],"_humanoidState":5,"_cameraCFrame":[772.356,245.538,48.084,0.207,-0.869,0.451,0,0.46,0.888,-0.978,-0.184,0.095],"_shiftlockState":false,"_pose":"FreeFall","_animationQueue":[["fall",0.3]],"_animationSpeed":1,"_zoom":16.125},{"_mousePosition":[570,341],"_rootPartCFrame":[764.895,229.519,46.51,0.147,0,0.989,0,1,0,-0.989,0,0.147],"_humanoidState":5,"_cameraCFrame":[772.12,245.347,48.095,0.214,-0.868,0.448,0,0.459,0.889,-0.977,-0.19,0.098],"_shiftlockState":false,"_pose":"FreeFall","_animationQueue":[],"_animationSpeed":1,"_zoom":16.125},{"_mousePosition":[570,341],"_rootPartCFrame":[764.634,229.196,46.456,0.155,0,0.988,0,1,0,-0.988,0,0.155],"_humanoidState":5,"_cameraCFrame":[771.843,245.024,48.113,0.224,-0.866,0.447,0,0.459,0.889,-0.975,-0.199,0.103],"_shiftlockState":false,"_pose":"FreeFall","_animationQueue":[],"_animationSpeed":1,"_zoom":16.125},{"_mousePosition":[570,341],"_rootPartCFrame":[764.308,228.716,46.385,0.165,0,0.986,0,1,0,-0.986,0,0.165],"_humanoidState":5,"_cameraCFrame":[771.473,244.559,48.108,0.234,-0.865,0.444,0,0.457,0.889,-0.972,-0.208,0.107],"_shiftlockState":false,"_pose":"FreeFall","_animationQueue":[],"_animationSpeed":1,"_zoom":16.125},{"_mousePosition":[570,341],"_rootPartCFrame":[764.113,228.388,46.34,0.171,0,0.985,0,1,0,-0.985,0,0.171],"_humanoidState":5,"_cameraCFrame":[771.233,244.244,48.129,0.244,-0.864,0.442,0,0.455,0.89,-0.97,-0.217,0.111],"_shiftlockState":false,"_pose":"FreeFall","_animationQueue":[],"_animationSpeed":1,"_zoom":16.125},{"_mousePosition":[570,341],"_rootPartCFrame":[763.789,227.772,46.263,0.181,0,0.983,0,1,0,-0.983,0,0.181],"_humanoidState":5,"_cameraCFrame":[770.863,243.643,48.117,0.254,-0.862,0.439,0,0.454,0.891,-0.967,-0.226,0.115],"_shiftlockState":false,"_pose":"FreeFall","_animationQueue":[],"_animationSpeed":1,"_zoom":16.125},{"_mousePosition":[570,341],"_rootPartCFrame":[763.53,227.218,46.198,0.19,0,0.982,0,1,0,-0.982,0,0.19],"_humanoidState":5,"_cameraCFrame":[770.558,243.103,48.116,0.263,-0.861,0.436,0,0.452,0.892,-0.965,-0.235,0.119],"_shiftlockState":false,"_pose":"FreeFall","_animationQueue":[["fall",0.3]],"_animationSpeed":1,"_zoom":16.125},{"_mousePosition":[570,341],"_rootPartCFrame":[763.272,226.609,46.131,0.198,0,0.98,0,1,0,-0.98,0,0.198],"_humanoidState":5,"_cameraCFrame":[770.201,242.522,48.193,0.285,-0.857,0.43,0,0.448,0.894,-0.958,-0.255,0.128],"_shiftlockState":false,"_pose":"FreeFall","_animationQueue":[],"_animationSpeed":1,"_zoom":16.125},{"_mousePosition":[570,341],"_rootPartCFrame":[763.015,225.946,46.061,0.207,0,0.978,0,1,0,-0.978,0,0.207],"_humanoidState":5,"_cameraCFrame":[769.879,241.873,48.237,0.302,-0.853,0.426,0,0.447,0.895,-0.953,-0.27,0.135],"_shiftlockState":false,"_pose":"FreeFall","_animationQueue":[],"_animationSpeed":1,"_zoom":16.125},{"_mousePosition":[570,341],"_rootPartCFrame":[762.823,225.413,46.005,0.214,0,0.977,0,1,0,-0.977,0,0.214],"_humanoidState":5,"_cameraCFrame":[769.615,241.354,48.31,0.321,-0.848,0.421,0,0.445,0.896,-0.947,-0.288,0.143],"_shiftlockState":false,"_pose":"FreeFall","_animationQueue":[],"_animationSpeed":1,"_zoom":16.125},{"_mousePosition":[570,341],"_rootPartCFrame":[762.569,224.654,45.925,0.226,0,0.974,0,1,0,-0.974,0,0.226],"_humanoidState":5,"_cameraCFrame":[769.254,240.624,48.365,0.343,-0.843,0.415,0,0.441,0.897,-0.939,-0.308,0.151],"_shiftlockState":false,"_pose":"FreeFall","_animationQueue":[],"_animationSpeed":1,"_zoom":16.125},{"_mousePosition":[570,341],"_rootPartCFrame":[762.316,223.841,45.84,0.238,0,0.971,0,1,0,-0.971,0,0.238],"_humanoidState":5,"_cameraCFrame":[768.917,239.825,48.421,0.364,-0.837,0.409,0,0.44,0.898,-0.931,-0.327,0.16],"_shiftlockState":false,"_pose":"FreeFall","_animationQueue":[],"_animationSpeed":1,"_zoom":16.125},{"_mousePosition":[570,341],"_rootPartCFrame":[762.002,222.748,45.727,0.255,0,0.967,0,1,0,-0.967,0,0.255],"_humanoidState":5,"_cameraCFrame":[768.55,238.732,48.441,0.383,-0.83,0.406,0,0.44,0.898,-0.924,-0.344,0.168],"_shiftlockState":false,"_pose":"FreeFall","_animationQueue":[],"_animationSpeed":1,"_zoom":16.125},{"_mousePosition":[570,341],"_rootPartCFrame":[761.816,222.341,45.655,0.266,0,0.964,0,1,0,-0.964,0,0.266],"_humanoidState":7,"_cameraCFrame":[768.307,238.324,48.501,0.402,-0.823,0.403,0,0.44,0.898,-0.916,-0.361,0.177],"_shiftlockState":false,"_pose":"FreeFall","_animationQueue":[["fall",0.3],["walk",0.1],["fall",0.3],["fall",0.3]],"_animationSpeed":1,"_zoom":16.125},{"_mousePosition":[570,341],"_rootPartCFrame":[761.508,222.378,45.528,0.285,0,0.958,0,1,0,-0.958,0,0.285],"_humanoidState":7,"_cameraCFrame":[767.948,238.362,48.489,0.418,-0.816,0.399,0,0.44,0.898,-0.909,-0.375,0.184],"_shiftlockState":false,"_pose":"FreeFall","_animationQueue":[],"_animationSpeed":1,"_zoom":16.125},{"_mousePosition":[570,341],"_rootPartCFrame":[761.263,222.455,45.421,0.301,0,0.954,0,1,0,-0.954,0,0.301],"_humanoidState":8,"_cameraCFrame":[767.658,238.438,48.48,0.431,-0.81,0.397,0,0.44,0.898,-0.902,-0.388,0.19],"_shiftlockState":false,"_pose":"Running","_animationQueue":[["walk",0.1],["fall",0.3],["walk",0.1]],"_animationSpeed":1.103,"_zoom":16.125},{"_mousePosition":[570,341],"_rootPartCFrame":[761.021,222.505,45.31,0.317,0,0.948,0,1,0,-0.948,0,0.317],"_humanoidState":8,"_cameraCFrame":[767.384,238.488,48.433,0.441,-0.806,0.395,0,0.44,0.898,-0.898,-0.396,0.194],"_shiftlockState":false,"_pose":"Running","_animationQueue":[],"_animationSpeed":1.103,"_zoom":16.125},{"_mousePosition":[570,341],"_rootPartCFrame":[760.78,222.533,45.196,0.333,0,0.943,0,1,0,-0.943,0,0.333],"_humanoidState":8,"_cameraCFrame":[767.111,238.516,48.383,0.45,-0.802,0.393,0,0.44,0.898,-0.893,-0.404,0.198],"_shiftlockState":false,"_pose":"Running","_animationQueue":[],"_animationSpeed":1.103,"_zoom":16.125},{"_mousePosition":[570,341],"_rootPartCFrame":[760.54,222.548,45.078,0.347,0,0.938,0,1,0,-0.938,0,0.347],"_humanoidState":8,"_cameraCFrame":[766.847,238.531,48.313,0.456,-0.799,0.391,0,0.44,0.898,-0.89,-0.41,0.201],"_shiftlockState":false,"_pose":"Running","_animationQueue":[],"_animationSpeed":1.103,"_zoom":16.125},{"_mousePosition":[570,341],"_rootPartCFrame":[760.302,222.556,44.959,0.361,0,0.932,0,1,0,-0.932,0,0.361],"_humanoidState":8,"_cameraCFrame":[766.593,238.539,48.226,0.461,-0.797,0.39,0,0.44,0.898,-0.887,-0.414,0.203],"_shiftlockState":false,"_pose":"Running","_animationQueue":[],"_animationSpeed":1.103,"_zoom":16.125},{"_mousePosition":[570,341],"_rootPartCFrame":[760.065,222.56,44.837,0.374,0,0.927,0,1,0,-0.927,0,0.374],"_humanoidState":8,"_cameraCFrame":[766.305,238.558,48.138,0.468,-0.795,0.387,0,0.438,0.899,-0.884,-0.42,0.205],"_shiftlockState":false,"_pose":"Running","_animationQueue":[["walk",0.1]],"_animationSpeed":1.103,"_zoom":16.125},{"_mousePosition":[570,341],"_rootPartCFrame":[759.828,222.563,44.714,0.386,0,0.922,0,1,0,-0.922,0,0.386],"_humanoidState":8,"_cameraCFrame":[766.06,238.56,48.031,0.47,-0.794,0.386,0,0.438,0.899,-0.883,-0.422,0.206],"_shiftlockState":false,"_pose":"Running","_animationQueue":[],"_animationSpeed":1.103,"_zoom":16.125},{"_mousePosition":[570,341],"_rootPartCFrame":[759.592,222.564,44.59,0.397,0,0.918,0,1,0,-0.918,0,0.397],"_humanoidState":8,"_cameraCFrame":[765.824,238.561,47.907,0.47,-0.794,0.386,0,0.438,0.899,-0.883,-0.422,0.206],"_shiftlockState":false,"_pose":"Running","_animationQueue":[],"_animationSpeed":1.103,"_zoom":16.125},{"_mousePosition":[570,341],"_rootPartCFrame":[759.357,222.565,44.464,0.407,0,0.913,0,1,0,-0.913,0,0.407],"_humanoidState":8,"_cameraCFrame":[765.589,238.562,47.782,0.47,-0.794,0.386,0,0.438,0.899,-0.883,-0.422,0.206],"_shiftlockState":false,"_pose":"Running","_animationQueue":[],"_animationSpeed":1.103,"_zoom":16.125},{"_mousePosition":[570,341],"_rootPartCFrame":[759.122,222.565,44.339,0.416,0,0.909,0,1,0,-0.909,0,0.416],"_humanoidState":8,"_cameraCFrame":[765.354,238.562,47.656,0.47,-0.794,0.386,0,0.438,0.899,-0.883,-0.422,0.206],"_shiftlockState":false,"_pose":"Running","_animationQueue":[],"_animationSpeed":1.103,"_zoom":16.125},{"_mousePosition":[570,341],"_rootPartCFrame":[758.886,222.565,44.214,0.423,0,0.906,0,1,0,-0.906,0,0.423],"_humanoidState":8,"_cameraCFrame":[765.118,238.562,47.531,0.47,-0.794,0.386,0,0.438,0.899,-0.883,-0.422,0.206],"_shiftlockState":false,"_pose":"Running","_animationQueue":[],"_animationSpeed":1.103,"_zoom":16.125},{"_mousePosition":[570,341],"_rootPartCFrame":[758.651,222.565,44.088,0.43,0,0.903,0,1,0,-0.903,0,0.43],"_humanoidState":8,"_cameraCFrame":[764.858,238.576,47.392,0.47,-0.794,0.385,0,0.436,0.9,-0.883,-0.423,0.205],"_shiftlockState":false,"_pose":"Running","_animationQueue":[],"_animationSpeed":1.103,"_zoom":16.125},{"_mousePosition":[570,341],"_rootPartCFrame":[758.416,222.565,43.963,0.435,0,0.9,0,1,0,-0.9,0,0.435],"_humanoidState":8,"_cameraCFrame":[764.623,238.576,47.267,0.47,-0.794,0.385,0,0.436,0.9,-0.883,-0.423,0.205],"_shiftlockState":false,"_pose":"Running","_animationQueue":[["walk",0.1]],"_animationSpeed":1.103,"_zoom":16.125},{"_mousePosition":[570,341],"_rootPartCFrame":[758.18,222.566,43.838,0.44,0,0.898,0,1,0,-0.898,0,0.44],"_humanoidState":8,"_cameraCFrame":[764.362,238.59,47.129,0.47,-0.795,0.383,0,0.434,0.901,-0.883,-0.423,0.204],"_shiftlockState":false,"_pose":"Running","_animationQueue":[],"_animationSpeed":1.103,"_zoom":16.125},{"_mousePosition":[570,341],"_rootPartCFrame":[757.945,222.566,43.713,0.444,0,0.896,0,1,0,-0.896,0,0.444],"_humanoidState":8,"_cameraCFrame":[764.077,238.617,46.977,0.47,-0.797,0.38,0,0.431,0.902,-0.883,-0.424,0.202],"_shiftlockState":false,"_pose":"Running","_animationQueue":[],"_animationSpeed":1.103,"_zoom":16.125},{"_mousePosition":[570,341],"_rootPartCFrame":[757.709,222.566,43.587,0.448,0,0.894,0,1,0,-0.894,0,0.448],"_humanoidState":8,"_cameraCFrame":[763.817,238.631,46.838,0.47,-0.797,0.379,0,0.429,0.903,-0.883,-0.424,0.202],"_shiftlockState":false,"_pose":"Running","_animationQueue":[],"_animationSpeed":1.103,"_zoom":16.125},{"_mousePosition":[570,341],"_rootPartCFrame":[757.474,222.566,43.462,0.451,0,0.893,0,1,0,-0.893,0,0.451],"_humanoidState":8,"_cameraCFrame":[763.514,238.671,46.657,0.468,-0.801,0.375,0,0.424,0.906,-0.884,-0.424,0.198],"_shiftlockState":false,"_pose":"Running","_animationQueue":[],"_animationSpeed":1.103,"_zoom":16.125},{"_mousePosition":[570,341],"_rootPartCFrame":[757.239,222.566,43.337,0.453,0,0.891,0,1,0,-0.891,0,0.453],"_humanoidState":8,"_cameraCFrame":[763.254,238.684,46.519,0.468,-0.801,0.373,0,0.422,0.907,-0.884,-0.424,0.197],"_shiftlockState":false,"_pose":"Running","_animationQueue":[],"_animationSpeed":1.103,"_zoom":16.125},{"_mousePosition":[570,341],"_rootPartCFrame":[757.003,222.566,43.212,0.455,0,0.89,0,1,0,-0.89,0,0.455],"_humanoidState":8,"_cameraCFrame":[762.993,238.697,46.381,0.468,-0.802,0.371,0,0.42,0.907,-0.884,-0.424,0.197],"_shiftlockState":false,"_pose":"Running","_animationQueue":[],"_animationSpeed":1.103,"_zoom":16.125},{"_mousePosition":[570,341],"_rootPartCFrame":[756.767,222.566,43.087,0.457,0,0.89,0,1,0,-0.89,0,0.457],"_humanoidState":8,"_cameraCFrame":[762.732,238.711,46.243,0.468,-0.803,0.37,0,0.418,0.908,-0.884,-0.425,0.196],"_shiftlockState":false,"_pose":"Running","_animationQueue":[["walk",0.1]],"_animationSpeed":1.103,"_zoom":16.125},{"_mousePosition":[570,341],"_rootPartCFrame":[756.532,222.566,42.963,0.458,0,0.889,0,1,0,-0.889,0,0.458],"_humanoidState":8,"_cameraCFrame":[762.471,238.724,46.105,0.468,-0.804,0.368,0,0.417,0.909,-0.884,-0.425,0.195],"_shiftlockState":false,"_pose":"Running","_animationQueue":[],"_animationSpeed":1.103,"_zoom":16.125},{"_mousePosition":[570,341],"_rootPartCFrame":[756.296,222.566,42.838,0.46,0,0.888,0,1,0,-0.888,0,0.46],"_humanoidState":8,"_cameraCFrame":[762.185,238.75,45.953,0.468,-0.805,0.365,0,0.413,0.911,-0.884,-0.426,0.193],"_shiftlockState":false,"_pose":"Running","_animationQueue":[],"_animationSpeed":1.103,"_zoom":16.125},{"_mousePosition":[570,341],"_rootPartCFrame":[756.06,222.566,42.713,0.461,0,0.888,0,1,0,-0.888,0,0.461],"_humanoidState":8,"_cameraCFrame":[761.923,238.763,45.815,0.468,-0.806,0.364,0,0.411,0.911,-0.884,-0.426,0.192],"_shiftlockState":false,"_pose":"Running","_animationQueue":[],"_animationSpeed":1.103,"_zoom":16.125},{"_mousePosition":[570,341],"_rootPartCFrame":[755.824,222.566,42.588,0.462,0,0.887,0,1,0,-0.887,0,0.462],"_humanoidState":8,"_cameraCFrame":[761.662,238.776,45.677,0.468,-0.806,0.362,0,0.41,0.912,-0.884,-0.427,0.192],"_shiftlockState":false,"_pose":"Running","_animationQueue":[],"_animationSpeed":1.103,"_zoom":16.125},{"_mousePosition":[570,341],"_rootPartCFrame":[755.589,222.566,42.464,0.462,0,0.887,0,1,0,-0.887,0,0.462],"_humanoidState":8,"_cameraCFrame":[761.394,238.789,45.554,0.47,-0.806,0.36,0,0.408,0.913,-0.883,-0.429,0.192],"_shiftlockState":false,"_pose":"Running","_animationQueue":[],"_animationSpeed":1.103,"_zoom":16.125},{"_mousePosition":[570,341],"_rootPartCFrame":[755.353,222.566,42.339,0.463,0,0.886,0,1,0,-0.886,0,0.463],"_humanoidState":8,"_cameraCFrame":[761.099,238.814,45.416,0.472,-0.806,0.356,0,0.404,0.915,-0.882,-0.432,0.191],"_shiftlockState":false,"_pose":"Running","_animationQueue":[["walk",0.1]],"_animationSpeed":1.103,"_zoom":16.125},{"_mousePosition":[570,341],"_rootPartCFrame":[755.118,222.566,42.214,0.464,0,0.886,0,1,0,-0.886,0,0.464],"_humanoidState":8,"_cameraCFrame":[760.831,238.827,45.292,0.474,-0.806,0.354,0,0.402,0.915,-0.88,-0.434,0.191],"_shiftlockState":false,"_pose":"Running","_animationQueue":[],"_animationSpeed":1.103,"_zoom":16.125},{"_mousePosition":[570,341],"_rootPartCFrame":[754.883,222.566,42.088,0.465,0,0.885,0,1,0,-0.885,0,0.465],"_humanoidState":8,"_cameraCFrame":[760.555,238.839,45.181,0.479,-0.804,0.352,0,0.401,0.916,-0.878,-0.439,0.192],"_shiftlockState":false,"_pose":"Running","_animationQueue":[],"_animationSpeed":1.103,"_zoom":16.125},{"_mousePosition":[570,341],"_rootPartCFrame":[754.648,222.566,41.961,0.466,0,0.885,0,1,0,-0.885,0,0.466],"_humanoidState":8,"_cameraCFrame":[760.312,238.839,45.069,0.481,-0.803,0.351,0,0.401,0.916,-0.877,-0.441,0.193],"_shiftlockState":false,"_pose":"Running","_animationQueue":[],"_animationSpeed":1.103,"_zoom":16.125},{"_mousePosition":[570,341],"_rootPartCFrame":[754.414,222.566,41.834,0.468,0,0.884,0,1,0,-0.884,0,0.468],"_humanoidState":8,"_cameraCFrame":[760.037,238.852,44.956,0.485,-0.802,0.349,0,0.399,0.917,-0.874,-0.445,0.194],"_shiftlockState":false,"_pose":"Running","_animationQueue":[],"_animationSpeed":1.103,"_zoom":16.125},{"_mousePosition":[570,341],"_rootPartCFrame":[754.18,222.566,41.706,0.47,0,0.883,0,1,0,-0.883,0,0.47],"_humanoidState":8,"_cameraCFrame":[759.803,238.852,44.828,0.485,-0.802,0.349,0,0.399,0.917,-0.874,-0.445,0.194],"_shiftlockState":false,"_pose":"Running","_animationQueue":[],"_animationSpeed":1.103,"_zoom":16.125},{"_mousePosition":[570,341],"_rootPartCFrame":[753.946,222.566,41.576,0.472,0,0.882,0,1,0,-0.882,0,0.472],"_humanoidState":8,"_cameraCFrame":[759.57,238.852,44.699,0.485,-0.802,0.349,0,0.399,0.917,-0.874,-0.445,0.194],"_shiftlockState":false,"_pose":"Running","_animationQueue":[],"_animationSpeed":1.103,"_zoom":16.125},{"_mousePosition":[570,341],"_rootPartCFrame":[753.713,222.566,41.447,0.474,0,0.881,0,1,0,-0.881,0,0.474],"_humanoidState":8,"_cameraCFrame":[759.337,238.852,44.569,0.485,-0.802,0.349,0,0.399,0.917,-0.874,-0.445,0.194],"_shiftlockState":false,"_pose":"Running","_animationQueue":[["walk",0.1]],"_animationSpeed":1.103,"_zoom":16.125},{"_mousePosition":[570,341],"_rootPartCFrame":[753.48,222.566,41.317,0.475,0,0.88,0,1,0,-0.88,0,0.475],"_humanoidState":8,"_cameraCFrame":[759.104,238.852,44.44,0.485,-0.802,0.349,0,0.399,0.917,-0.874,-0.445,0.194],"_shiftlockState":false,"_pose":"Running","_animationQueue":[],"_animationSpeed":1.103,"_zoom":16.125},{"_mousePosition":[570,341],"_rootPartCFrame":[753.247,222.566,41.188,0.477,0,0.879,0,1,0,-0.879,0,0.477],"_humanoidState":8,"_cameraCFrame":[758.845,238.864,44.296,0.485,-0.802,0.347,0,0.397,0.918,-0.874,-0.446,0.193],"_shiftlockState":false,"_pose":"Running","_animationQueue":[],"_animationSpeed":1.103,"_zoom":16.125},{"_mousePosition":[570,341],"_rootPartCFrame":[753.014,222.566,41.059,0.478,0,0.878,0,1,0,-0.878,0,0.478],"_humanoidState":8,"_cameraCFrame":[758.612,238.864,44.167,0.485,-0.802,0.347,0,0.397,0.918,-0.874,-0.446,0.193],"_shiftlockState":false,"_pose":"Running","_animationQueue":[],"_animationSpeed":1.103,"_zoom":16.125},{"_mousePosition":[570,341],"_rootPartCFrame":[752.722,222.514,40.897,0.479,0,0.878,0,1,0,-0.878,0,0.479],"_humanoidState":8,"_cameraCFrame":[758.295,238.826,43.991,0.485,-0.803,0.346,0,0.395,0.919,-0.874,-0.446,0.192],"_shiftlockState":false,"_pose":"Running","_animationQueue":[],"_animationSpeed":1.103,"_zoom":16.125},{"_mousePosition":[570,341],"_rootPartCFrame":[752.489,223.388,40.767,0.48,0,0.877,0,1,0,-0.877,0,0.48],"_humanoidState":3,"_cameraCFrame":[758.062,239.699,43.862,0.485,-0.803,0.346,0,0.395,0.919,-0.874,-0.446,0.192],"_shiftlockState":false,"_pose":"Jumping","_animationQueue":[["walk",0.1],["jump",0.1]],"_animationSpeed":1,"_zoom":16.125},{"_mousePosition":[570,341],"_rootPartCFrame":[752.256,224.21,40.638,0.481,0,0.877,0,1,0,-0.877,0,0.481],"_humanoidState":5,"_cameraCFrame":[757.829,240.521,43.732,0.485,-0.803,0.346,0,0.395,0.919,-0.874,-0.446,0.192],"_shiftlockState":false,"_pose":"FreeFall","_animationQueue":[["jump",0.1]],"_animationSpeed":1,"_zoom":16.125},{"_mousePosition":[570,341],"_rootPartCFrame":[752.023,224.977,40.508,0.482,0,0.876,0,1,0,-0.876,0,0.482],"_humanoidState":5,"_cameraCFrame":[757.596,241.288,43.603,0.485,-0.803,0.346,0,0.395,0.919,-0.874,-0.446,0.192],"_shiftlockState":false,"_pose":"FreeFall","_animationQueue":[],"_animationSpeed":1,"_zoom":16.125},{"_mousePosition":[570,341],"_rootPartCFrame":[751.848,225.517,40.411,0.482,0,0.876,0,1,0,-0.876,0,0.482],"_humanoidState":5,"_cameraCFrame":[757.421,241.828,43.506,0.485,-0.803,0.346,0,0.395,0.919,-0.874,-0.446,0.192],"_shiftlockState":false,"_pose":"FreeFall","_animationQueue":[],"_animationSpeed":1,"_zoom":16.125},{"_mousePosition":[570,341],"_rootPartCFrame":[751.615,226.189,40.282,0.483,0,0.876,0,1,0,-0.876,0,0.483],"_humanoidState":5,"_cameraCFrame":[757.188,242.5,43.376,0.485,-0.803,0.346,0,0.395,0.919,-0.874,-0.446,0.192],"_shiftlockState":false,"_pose":"FreeFall","_animationQueue":[],"_animationSpeed":1,"_zoom":16.125},{"_mousePosition":[570,341],"_rootPartCFrame":[751.382,226.807,40.152,0.483,0,0.876,0,1,0,-0.876,0,0.483],"_humanoidState":5,"_cameraCFrame":[756.955,243.118,43.247,0.485,-0.803,0.346,0,0.395,0.919,-0.874,-0.446,0.192],"_shiftlockState":false,"_pose":"FreeFall","_animationQueue":[],"_animationSpeed":1,"_zoom":16.125},{"_mousePosition":[570,341],"_rootPartCFrame":[751.149,227.37,40.023,0.483,0,0.875,0,1,0,-0.875,0,0.483],"_humanoidState":5,"_cameraCFrame":[756.722,243.681,43.117,0.485,-0.803,0.346,0,0.395,0.919,-0.874,-0.446,0.192],"_shiftlockState":false,"_pose":"FreeFall","_animationQueue":[],"_animationSpeed":1,"_zoom":16.125},{"_mousePosition":[570,341],"_rootPartCFrame":[750.915,227.879,39.893,0.484,0,0.875,0,1,0,-0.875,0,0.484],"_humanoidState":5,"_cameraCFrame":[756.463,244.202,42.974,0.485,-0.804,0.344,0,0.394,0.919,-0.874,-0.446,0.191],"_shiftlockState":false,"_pose":"FreeFall","_animationQueue":[],"_animationSpeed":1,"_zoom":16.125},{"_mousePosition":[570,341],"_rootPartCFrame":[750.624,228.438,39.732,0.484,0,0.875,0,1,0,-0.875,0,0.484],"_humanoidState":5,"_cameraCFrame":[756.172,244.761,42.812,0.485,-0.804,0.344,0,0.394,0.919,-0.874,-0.446,0.191],"_shiftlockState":false,"_pose":"FreeFall","_animationQueue":[],"_animationSpeed":1,"_zoom":16.125},{"_mousePosition":[570,341],"_rootPartCFrame":[750.449,228.732,39.635,0.484,0,0.875,0,1,0,-0.875,0,0.484],"_humanoidState":5,"_cameraCFrame":[755.997,245.056,42.715,0.485,-0.804,0.344,0,0.394,0.919,-0.874,-0.446,0.191],"_shiftlockState":false,"_pose":"FreeFall","_animationQueue":[],"_animationSpeed":1,"_zoom":16.125},{"_mousePosition":[570,341],"_rootPartCFrame":[750.216,229.077,39.505,0.484,0,0.875,0,1,0,-0.875,0,0.484],"_humanoidState":5,"_cameraCFrame":[755.764,245.401,42.585,0.485,-0.804,0.344,0,0.394,0.919,-0.874,-0.446,0.191],"_shiftlockState":false,"_pose":"FreeFall","_animationQueue":[],"_animationSpeed":1,"_zoom":16.125},{"_mousePosition":[570,341],"_rootPartCFrame":[749.925,229.432,39.343,0.485,0,0.875,0,1,0,-0.875,0,0.485],"_humanoidState":5,"_cameraCFrame":[755.472,245.756,42.424,0.485,-0.804,0.344,0,0.394,0.919,-0.874,-0.446,0.191],"_shiftlockState":false,"_pose":"FreeFall","_animationQueue":[],"_animationSpeed":1,"_zoom":16.125},{"_mousePosition":[570,341],"_rootPartCFrame":[749.75,229.604,39.246,0.485,0,0.875,0,1,0,-0.875,0,0.485],"_humanoidState":5,"_cameraCFrame":[755.298,245.928,42.327,0.485,-0.804,0.344,0,0.394,0.919,-0.874,-0.446,0.191],"_shiftlockState":false,"_pose":"FreeFall","_animationQueue":[],"_animationSpeed":1,"_zoom":16.125},{"_mousePosition":[570,341],"_rootPartCFrame":[749.517,229.786,39.117,0.485,0,0.875,0,1,0,-0.875,0,0.485],"_humanoidState":5,"_cameraCFrame":[755.064,246.11,42.197,0.485,-0.804,0.344,0,0.394,0.919,-0.874,-0.446,0.191],"_shiftlockState":false,"_pose":"FreeFall","_animationQueue":[],"_animationSpeed":1,"_zoom":16.125},{"_mousePosition":[570,341],"_rootPartCFrame":[749.283,229.913,38.987,0.485,0,0.875,0,1,0,-0.875,0,0.485],"_humanoidState":5,"_cameraCFrame":[754.831,246.237,42.068,0.485,-0.804,0.344,0,0.394,0.919,-0.874,-0.446,0.191],"_shiftlockState":false,"_pose":"FreeFall","_animationQueue":[],"_animationSpeed":1,"_zoom":16.125},{"_mousePosition":[570,341],"_rootPartCFrame":[749.05,229.986,38.858,0.485,0,0.875,0,1,0,-0.875,0,0.485],"_humanoidState":5,"_cameraCFrame":[754.598,246.309,41.938,0.485,-0.804,0.344,0,0.394,0.919,-0.874,-0.446,0.191],"_shiftlockState":false,"_pose":"FreeFall","_animationQueue":[],"_animationSpeed":1,"_zoom":16.125},{"_mousePosition":[570,341],"_rootPartCFrame":[748.759,230,38.696,0.485,0,0.875,0,1,0,-0.875,0,0.485],"_humanoidState":5,"_cameraCFrame":[754.307,246.324,41.776,0.485,-0.804,0.344,0,0.394,0.919,-0.874,-0.446,0.191],"_shiftlockState":false,"_pose":"FreeFall","_animationQueue":[],"_animationSpeed":1,"_zoom":16.125},{"_mousePosition":[570,341],"_rootPartCFrame":[748.584,229.968,38.599,0.485,0,0.874,0,1,0,-0.874,0,0.485],"_humanoidState":5,"_cameraCFrame":[754.132,246.291,41.679,0.485,-0.804,0.344,0,0.394,0.919,-0.874,-0.446,0.191],"_shiftlockState":false,"_pose":"FreeFall","_animationQueue":[],"_animationSpeed":1,"_zoom":16.125},{"_mousePosition":[570,341],"_rootPartCFrame":[748.351,229.877,38.469,0.485,0,0.874,0,1,0,-0.874,0,0.485],"_humanoidState":5,"_cameraCFrame":[753.899,246.2,41.55,0.485,-0.804,0.344,0,0.394,0.919,-0.874,-0.446,0.191],"_shiftlockState":false,"_pose":"FreeFall","_animationQueue":[],"_animationSpeed":1,"_zoom":16.125},{"_mousePosition":[570,341],"_rootPartCFrame":[748.118,229.731,38.34,0.485,0,0.874,0,1,0,-0.874,0,0.485],"_humanoidState":5,"_cameraCFrame":[753.665,246.055,41.42,0.485,-0.804,0.344,0,0.394,0.919,-0.874,-0.446,0.191],"_shiftlockState":false,"_pose":"FreeFall","_animationQueue":[],"_animationSpeed":1,"_zoom":16.125},{"_mousePosition":[570,341],"_rootPartCFrame":[747.826,229.473,38.178,0.485,0,0.874,0,1,0,-0.874,0,0.485],"_humanoidState":5,"_cameraCFrame":[753.374,245.797,41.259,0.485,-0.804,0.344,0,0.394,0.919,-0.874,-0.446,0.191],"_shiftlockState":false,"_pose":"FreeFall","_animationQueue":[],"_animationSpeed":1,"_zoom":16.125},{"_mousePosition":[570,341],"_rootPartCFrame":[747.651,229.277,38.081,0.485,0,0.874,0,1,0,-0.874,0,0.485],"_humanoidState":5,"_cameraCFrame":[753.199,245.601,41.161,0.485,-0.804,0.344,0,0.394,0.919,-0.874,-0.446,0.191],"_shiftlockState":false,"_pose":"FreeFall","_animationQueue":[["fall",0.3]],"_animationSpeed":1,"_zoom":16.125},{"_mousePosition":[570,341],"_rootPartCFrame":[747.418,228.968,37.952,0.485,0,0.874,0,1,0,-0.874,0,0.485],"_humanoidState":5,"_cameraCFrame":[752.966,245.292,41.032,0.485,-0.804,0.344,0,0.394,0.919,-0.874,-0.446,0.191],"_shiftlockState":false,"_pose":"FreeFall","_animationQueue":[],"_animationSpeed":1,"_zoom":16.125},{"_mousePosition":[570,341],"_rootPartCFrame":[747.185,228.605,37.822,0.485,0,0.874,0,1,0,-0.874,0,0.485],"_humanoidState":5,"_cameraCFrame":[752.733,244.929,40.903,0.485,-0.804,0.344,0,0.394,0.919,-0.874,-0.446,0.191],"_shiftlockState":false,"_pose":"FreeFall","_animationQueue":[],"_animationSpeed":1,"_zoom":16.125},{"_mousePosition":[570,341],"_rootPartCFrame":[746.952,228.187,37.693,0.485,0,0.874,0,1,0,-0.874,0,0.485],"_humanoidState":5,"_cameraCFrame":[752.5,244.511,40.773,0.485,-0.804,0.344,0,0.394,0.919,-0.874,-0.446,0.191],"_shiftlockState":false,"_pose":"FreeFall","_animationQueue":[],"_animationSpeed":1,"_zoom":16.125},{"_mousePosition":[570,341],"_rootPartCFrame":[746.719,227.715,37.563,0.485,0,0.874,0,1,0,-0.874,0,0.485],"_humanoidState":5,"_cameraCFrame":[752.274,244.038,40.63,0.483,-0.805,0.345,0,0.394,0.919,-0.875,-0.444,0.19],"_shiftlockState":false,"_pose":"FreeFall","_animationQueue":[],"_animationSpeed":1,"_zoom":16.125},{"_mousePosition":[570,341],"_rootPartCFrame":[746.427,227.048,37.401,0.485,0,0.874,0,1,0,-0.874,0,0.485],"_humanoidState":5,"_cameraCFrame":[752.036,243.371,40.369,0.468,-0.813,0.348,0,0.394,0.919,-0.884,-0.43,0.184],"_shiftlockState":false,"_pose":"FreeFall","_animationQueue":[],"_animationSpeed":1,"_zoom":16.125},{"_mousePosition":[570,341],"_rootPartCFrame":[746.194,226.453,37.272,0.485,0,0.874,0,1,0,-0.874,0,0.485],"_humanoidState":5,"_cameraCFrame":[751.904,242.776,40.039,0.436,-0.827,0.354,0,0.394,0.919,-0.9,-0.401,0.172],"_shiftlockState":false,"_pose":"FreeFall","_animationQueue":[["fall",0.3]],"_animationSpeed":1,"_zoom":16.125},{"_mousePosition":[570,341],"_rootPartCFrame":[745.958,225.803,37.147,0.483,0,0.875,0,1,0,-0.875,0,0.483],"_humanoidState":5,"_cameraCFrame":[751.868,242.127,39.458,0.364,-0.856,0.367,0,0.394,0.919,-0.931,-0.335,0.143],"_shiftlockState":false,"_pose":"FreeFall","_animationQueue":[],"_animationSpeed":1,"_zoom":16.125},{"_mousePosition":[570,341],"_rootPartCFrame":[745.779,225.28,37.059,0.48,0,0.877,0,1,0,-0.877,0,0.48],"_humanoidState":5,"_cameraCFrame":[751.833,241.604,38.961,0.3,-0.877,0.375,0,0.394,0.919,-0.954,-0.276,0.118],"_shiftlockState":false,"_pose":"FreeFall","_animationQueue":[],"_animationSpeed":1,"_zoom":16.125},{"_mousePosition":[570,341],"_rootPartCFrame":[745.471,224.341,36.933,0.464,0,0.886,0,1,0,-0.886,0,0.464],"_humanoidState":5,"_cameraCFrame":[751.718,240.64,38.336,0.219,-0.895,0.387,0,0.397,0.918,-0.976,-0.201,0.087],"_shiftlockState":false,"_pose":"FreeFall","_animationQueue":[],"_animationSpeed":1,"_zoom":16.125},{"_mousePosition":[570,341],"_rootPartCFrame":[745.217,223.528,36.85,0.445,0,0.895,0,1,0,-0.895,0,0.445],"_humanoidState":5,"_cameraCFrame":[751.655,239.789,37.674,0.127,-0.908,0.399,0,0.402,0.915,-0.992,-0.116,0.051],"_shiftlockState":false,"_pose":"FreeFall","_animationQueue":[],"_animationSpeed":1,"_zoom":16.125},{"_mousePosition":[570,341