[{"_mousePosition":[537,370],"_rootPartCFrame":[776.028,222.7,47.142,0,0,1,0,1,0,-1,0,0],"_humanoidState":8,"_cameraCFrame":[785.431,237.299,47.08,-0.007,-0.812,0.583,0,0.583,0.812,-1,0.005,-0.004],"_shiftlockState":false,"_pose":"Standing","_animationQueue":[],"_animationSpeed":1,"_zoom":16.125},{"_mousePosition":[537,370],"_rootPartCFrame":[775.856,222.7,47.143,0,0,1,0,1,0,-1,0,0],"_humanoidState":8,"_cameraCFrame":[785.157,237.372,47.082,-0.007,-0.817,0.577,0,0.577,0.817,-1,0.005,-0.004],"_shiftlockState":false,"_pose":"Standing","_animationQueue":[],"_animationSpeed":1,"_zoom":16.125},{"_mousePosition":[537,370],"_rootPartCFrame":[775.591,222.7,47.145,-0.001,0,1,0,1,0,-1,0,-0.001],"_humanoidState":8,"_cameraCFrame":[784.841,237.408,47.084,-0.007,-0.819,0.574,0,0.574,0.819,-1,0.005,-0.004],"_shiftlockState":false,"_pose":"Running","_animationQueue":[["walk",0.1]],"_animationSpeed":1.003,"_zoom":16.125},{"_mousePosition":[537,370],"_rootPartCFrame":[775.325,222.7,47.147,-0.002,0,1,0,1,0,-1,0,-0.002],"_humanoidState":8,"_cameraCFrame":[784.497,237.462,47.086,-0.007,-0.822,0.569,0,0.569,0.822,-1,0.005,-0.004],"_shiftlockState":false,"_pose":"Running","_animationQueue":[["walk",0.1]],"_animationSpeed":1.101,"_zoom":16.125},{"_mousePosition":[537,370],"_rootPartCFrame":[775.058,222.7,47.148,-0.003,0,1,0,1,0,-1,0,-0.003],"_humanoidState":8,"_cameraCFrame":[784.153,237.515,47.088,-0.007,-0.826,0.564,0,0.564,0.826,-1,0.005,-0.004],"_shiftlockState":false,"_pose":"Running","_animationQueue":[],"_animationSpeed":1.101,"_zoom":16.125},{"_mousePosition":[537,370],"_rootPartCFrame":[774.791,222.7,47.15,-0.003,0,1,0,1,0,-1,0,-0.003],"_humanoidState":8,"_cameraCFrame":[783.782,237.586,47.091,-0.007,-0.83,0.558,0,0.558,0.83,-1,0.005,-0.004],"_shiftlockState":false,"_pose":"Running","_animationQueue":[],"_animationSpeed":1.101,"_zoom":16.125},{"_mousePosition":[537,370],"_rootPartCFrame":[774.525,222.7,47.152,-0.004,0,1,0,1,0,-1,0,-0.004],"_humanoidState":8,"_cameraCFrame":[783.437,237.638,47.071,-0.009,-0.833,0.553,0,0.553,0.833,-1,0.008,-0.005],"_shiftlockState":false,"_pose":"Running","_animationQueue":[],"_animationSpeed":1.101,"_zoom":16.125},{"_mousePosition":[537,370],"_rootPartCFrame":[774.258,222.7,47.154,-0.004,0,1,0,1,0,-1,0,-0.004],"_humanoidState":8,"_cameraCFrame":[783.065,237.707,47.073,-0.009,-0.838,0.546,0,0.546,0.838,-1,0.008,-0.005],"_shiftlockState":false,"_pose":"Running","_animationQueue":[],"_animationSpeed":1.101,"_zoom":16.125},{"_mousePosition":[537,370],"_rootPartCFrame":[773.992,222.7,47.156,-0.005,0,1,0,1,0,-1,0,-0.005],"_humanoidState":8,"_cameraCFrame":[782.746,237.741,47.076,-0.009,-0.84,0.543,0,0.543,0.84,-1,0.008,-0.005],"_shiftlockState":false,"_pose":"Running","_animationQueue":[["walk",0.1]],"_animationSpeed":1.101,"_zoom":16.125},{"_mousePosition":[537,370],"_rootPartCFrame":[773.725,222.7,47.158,-0.005,0,1,0,1,0,-1,0,-0.005],"_humanoidState":8,"_cameraCFrame":[782.4,237.792,47.079,-0.009,-0.843,0.538,0,0.538,0.843,-1,0.008,-0.005],"_shiftlockState":false,"_pose":"Running","_animationQueue":[],"_animationSpeed":1.101,"_zoom":16.125},{"_mousePosition":[537,370],"_rootPartCFrame":[773.458,222.7,47.161,-0.006,0,1,0,1,0,-1,0,-0.006],"_humanoidState":8,"_cameraCFrame":[782.08,237.826,47.082,-0.009,-0.845,0.535,0,0.535,0.845,-1,0.008,-0.005],"_shiftlockState":false,"_pose":"Running","_animationQueue":[],"_animationSpeed":1.101,"_zoom":16.125},{"_mousePosition":[537,370],"_rootPartCFrame":[773.192,222.7,47.163,-0.006,0,1,0,1,0,-1,0,-0.006],"_humanoidState":8,"_cameraCFrame":[781.734,237.876,47.085,-0.009,-0.848,0.53,0,0.53,0.848,-1,0.008,-0.005],"_shiftlockState":false,"_pose":"Running","_animationQueue":[],"_animationSpeed":1.101,"_zoom":16.125},{"_mousePosition":[537,370],"_rootPartCFrame":[772.925,222.7,47.166,-0.007,0,1,0,1,0,-1,0,-0.007],"_humanoidState":8,"_cameraCFrame":[781.36,237.942,47.089,-0.009,-0.852,0.523,0,0.523,0.852,-1,0.008,-0.005],"_shiftlockState":false,"_pose":"Running","_animationQueue":[],"_animationSpeed":1.101,"_zoom":16.125},{"_mousePosition":[537,370],"_rootPartCFrame":[772.659,222.7,47.168,-0.007,0,1,0,1,0,-1,0,-0.007],"_humanoidState":8,"_cameraCFrame":[780.986,238.008,47.071,-0.012,-0.856,0.516,0,0.516,0.856,-1,0.01,-0.006],"_shiftlockState":false,"_pose":"Running","_animationQueue":[],"_animationSpeed":1.101,"_zoom":16.125},{"_mousePosition":[537,370],"_rootPartCFrame":[772.392,222.717,47.171,-0.007,0,1,0,1,0,-1,0,-0.007],"_humanoidState":8,"_cameraCFrame":[780.639,238.073,47.074,-0.012,-0.859,0.511,0,0.511,0.859,-1,0.01,-0.006],"_shiftlockState":false,"_pose":"Running","_animationQueue":[["walk",0.1]],"_animationSpeed":1.101,"_zoom":16.125},{"_mousePosition":[537,370],"_rootPartCFrame":[772.125,222.748,47.174,-0.008,0,1,0,1,0,-1,0,-0.008],"_humanoidState":8,"_cameraCFrame":[780.264,238.168,47.079,-0.012,-0.863,0.505,0,0.505,0.863,-1,0.01,-0.006],"_shiftlockState":false,"_pose":"Running","_animationQueue":[],"_animationSpeed":1.101,"_zoom":16.125},{"_mousePosition":[537,370],"_rootPartCFrame":[771.859,222.771,47.177,-0.008,0,1,0,1,0,-1,0,-0.008],"_humanoidState":8,"_cameraCFrame":[779.916,238.238,47.083,-0.012,-0.866,0.5,0,0.5,0.866,-1,0.01,-0.006],"_shiftlockState":false,"_pose":"Running","_animationQueue":[],"_animationSpeed":1.101,"_zoom":16.125},{"_mousePosition":[537,370],"_rootPartCFrame":[771.592,222.784,47.18,-0.009,0,1,0,1,0,-1,0,-0.009],"_humanoidState":8,"_cameraCFrame":[779.595,238.283,47.087,-0.012,-0.868,0.496,0,0.496,0.868,-1,0.01,-0.006],"_shiftlockState":false,"_pose":"Running","_animationQueue":[],"_animationSpeed":1.101,"_zoom":16.125},{"_mousePosition":[537,370],"_rootPartCFrame":[771.326,222.8,47.183,-0.009,0,1,0,1,0,-1,0,-0.009],"_humanoidState":8,"_cameraCFrame":[779.246,238.345,47.091,-0.012,-0.871,0.491,0,0.491,0.871,-1,0.01,-0.006],"_shiftlockState":false,"_pose":"Running","_animationQueue":[],"_animationSpeed":1.101,"_zoom":16.125},{"_mousePosition":[537,370],"_rootPartCFrame":[771.059,222.825,47.186,-0.009,0,1,0,1,0,-1,0,-0.009],"_humanoidState":8,"_cameraCFrame":[778.897,238.416,47.095,-0.012,-0.874,0.486,0,0.486,0.874,-1,0.01,-0.006],"_shiftlockState":false,"_pose":"Running","_animationQueue":[],"_animationSpeed":1.101,"_zoom":16.125},{"_mousePosition":[537,370],"_rootPartCFrame":[770.792,222.843,47.189,-0.01,0,1,0,1,0,-1,0,-0.01],"_humanoidState":8,"_cameraCFrame":[778.548,238.48,47.099,-0.012,-0.877,0.481,0,0.481,0.877,-1,0.01,-0.006],"_shiftlockState":false,"_pose":"Running","_animationQueue":[["walk",0.1]],"_animationSpeed":1.101,"_zoom":16.125},{"_mousePosition":[537,370],"_rootPartCFrame":[770.526,222.818,47.192,-0.01,0,1,0,1,0,-1,0,-0.01],"_humanoidState":8,"_cameraCFrame":[778.226,238.485,47.103,-0.012,-0.879,0.478,0,0.478,0.879,-1,0.01,-0.006],"_shiftlockState":false,"_pose":"Running","_animationQueue":[],"_animationSpeed":1.101,"_zoom":16.125},{"_mousePosition":[537,370],"_rootPartCFrame":[770.193,222.719,47.196,-0.01,0,1,0,1,0,-1,0,-0.01],"_humanoidState":8,"_cameraCFrame":[777.755,238.46,47.108,-0.012,-0.883,0.469,0,0.469,0.883,-1,0.01,-0.005],"_shiftlockState":false,"_pose":"Running","_animationQueue":[],"_animationSpeed":1.101,"_zoom":16.125},{"_mousePosition":[537,370],"_rootPartCFrame":[769.926,223.582,47.199,-0.011,0,1,0,1,0,-1,0,-0.011],"_humanoidState":3,"_cameraCFrame":[777.433,239.353,47.112,-0.012,-0.885,0.466,0,0.466,0.885,-1,0.01,-0.005],"_shiftlockState":false,"_pose":"Jumping","_animationQueue":[["walk",0.1],["jump",0.1]],"_animationSpeed":1,"_zoom":16.125},{"_mousePosition":[537,370],"_rootPartCFrame":[769.726,224.193,47.202,-0.011,0,1,0,1,0,-1,0,-0.011],"_humanoidState":5,"_cameraCFrame":[777.177,239.993,47.115,-0.012,-0.887,0.462,0,0.462,0.887,-1,0.01,-0.005],"_shiftlockState":false,"_pose":"FreeFall","_animationQueue":[["jump",0.1]],"_animationSpeed":1,"_zoom":16.125},{"_mousePosition":[537,370],"_rootPartCFrame":[769.393,225.144,47.205,-0.011,0,1,0,1,0,-1,0,-0.011],"_humanoidState":5,"_cameraCFrame":[776.788,240.973,47.119,-0.012,-0.889,0.459,0,0.459,0.889,-1,0.01,-0.005],"_shiftlockState":false,"_pose":"FreeFall","_animationQueue":[],"_animationSpeed":1,"_zoom":16.125},{"_mousePosition":[537,370],"_rootPartCFrame":[769.126,225.844,47.209,-0.011,0,1,0,1,0,-1,0,-0.011],"_humanoidState":5,"_cameraCFrame":[776.521,241.673,47.122,-0.012,-0.889,0.459,0,0.459,0.889,-1,0.01,-0.005],"_shiftlockState":false,"_pose":"FreeFall","_animationQueue":[],"_animationSpeed":1,"_zoom":16.125},{"_mousePosition":[537,370],"_rootPartCFrame":[768.926,226.332,47.211,-0.011,0,1,0,1,0,-1,0,-0.011],"_humanoidState":5,"_cameraCFrame":[776.293,242.176,47.106,-0.014,-0.889,0.457,0,0.457,0.89,-1,0.013,-0.006],"_shiftlockState":false,"_pose":"FreeFall","_animationQueue":[],"_animationSpeed":1,"_zoom":16.125},{"_mousePosition":[537,370],"_rootPartCFrame":[768.66,226.936,47.214,-0.011,0,1,0,1,0,-1,0,-0.011],"_humanoidState":5,"_cameraCFrame":[776.027,242.78,47.11,-0.014,-0.889,0.457,0,0.457,0.89,-1,0.013,-0.006],"_shiftlockState":false,"_pose":"FreeFall","_animationQueue":[],"_animationSpeed":1,"_zoom":16.125},{"_mousePosition":[537,370],"_rootPartCFrame":[768.326,227.615,47.219,-0.012,0,1,0,1,0,-1,0,-0.012],"_humanoidState":5,"_cameraCFrame":[775.637,243.487,47.115,-0.014,-0.891,0.453,0,0.453,0.891,-1,0.013,-0.006],"_shiftlockState":false,"_pose":"FreeFall","_animationQueue":[],"_animationSpeed":1,"_zoom":16.125},{"_mousePosition":[537,370],"_rootPartCFrame":[768.126,227.981,47.221,-0.012,0,1,0,1,0,-1,0,-0.012],"_humanoidState":5,"_cameraCFrame":[775.381,243.881,47.119,-0.014,-0.893,0.45,0,0.45,0.893,-1,0.013,-0.006],"_shiftlockState":false,"_pose":"FreeFall","_animationQueue":[],"_animationSpeed":1,"_zoom":16.125},{"_mousePosition":[537,370],"_rootPartCFrame":[767.86,228.421,47.225,-0.012,0,1,0,1,0,-1,0,-0.012],"_humanoidState":5,"_cameraCFrame":[775.058,244.35,47.105,-0.017,-0.895,0.446,0,0.446,0.895,-1,0.015,-0.007],"_shiftlockState":false,"_pose":"FreeFall","_animationQueue":[],"_animationSpeed":1,"_zoom":16.125},{"_mousePosition":[537,370],"_rootPartCFrame":[767.526,228.895,47.23,-0.013,0,1,0,1,0,-1,0,-0.013],"_humanoidState":5,"_cameraCFrame":[774.64,244.866,47.093,-0.019,-0.897,0.441,0,0.441,0.897,-1,0.017,-0.008],"_shiftlockState":false,"_pose":"FreeFall","_animationQueue":[],"_animationSpeed":1,"_zoom":16.125},{"_mousePosition":[537,370],"_rootPartCFrame":[767.26,229.213,47.234,-0.013,0,1,0,1,0,-1,0,-0.013],"_humanoidState":5,"_cameraCFrame":[774.289,245.225,47.081,-0.022,-0.9,0.436,0,0.436,0.9,-1,0.02,-0.009],"_shiftlockState":false,"_pose":"FreeFall","_animationQueue":[],"_animationSpeed":1,"_zoom":16.125},{"_mousePosition":[537,370],"_rootPartCFrame":[766.993,229.477,47.239,-0.014,0,1,0,1,0,-1,0,-0.014],"_humanoidState":5,"_cameraCFrame":[773.965,245.516,47.088,-0.022,-0.901,0.432,0,0.432,0.902,-1,0.02,-0.009],"_shiftlockState":false,"_pose":"FreeFall","_animationQueue":[],"_animationSpeed":1,"_zoom":16.125},{"_mousePosition":[537,370],"_rootPartCFrame":[766.793,229.639,47.244,-0.014,0,1,0,1,0,-1,0,-0.014],"_humanoidState":5,"_cameraCFrame":[773.708,245.705,47.076,-0.024,-0.903,0.429,0,0.429,0.903,-1,0.022,-0.01],"_shiftlockState":false,"_pose":"FreeFall","_animationQueue":[],"_animationSpeed":1,"_zoom":16.125},{"_mousePosition":[537,370],"_rootPartCFrame":[766.46,229.84,47.251,-0.016,0,1,0,1,0,-1,0,-0.016],"_humanoidState":5,"_cameraCFrame":[773.375,245.906,47.083,-0.024,-0.903,0.429,0,0.429,0.903,-1,0.022,-0.01],"_shiftlockState":false,"_pose":"FreeFall","_animationQueue":[],"_animationSpeed":1,"_zoom":16.125},{"_mousePosition":[537,370],"_rootPartCFrame":[766.26,229.92,47.256,-0.016,0,1,0,1,0,-1,0,-0.016],"_humanoidState":5,"_cameraCFrame":[773.175,245.986,47.088,-0.024,-0.903,0.429,0,0.429,0.903,-1,0.022,-0.01],"_shiftlockState":false,"_pose":"FreeFall","_animationQueue":[],"_animationSpeed":1,"_zoom":16.125},{"_mousePosition":[537,370],"_rootPartCFrame":[765.994,229.979,47.262,-0.018,0,1,0,1,0,-1,0,-0.018],"_humanoidState":5,"_cameraCFrame":[772.909,246.045,47.094,-0.024,-0.903,0.429,0,0.429,0.903,-1,0.022,-0.01],"_shiftlockState":false,"_pose":"FreeFall","_animationQueue":[],"_animationSpeed":1,"_zoom":16.125},{"_mousePosition":[537,370],"_rootPartCFrame":[765.66,229.976,47.27,-0.019,0,1,0,1,0,-1,0,-0.019],"_humanoidState":5,"_cameraCFrame":[772.575,246.042,47.102,-0.024,-0.903,0.429,0,0.429,0.903,-1,0.022,-0.01],"_shiftlockState":false,"_pose":"FreeFall","_animationQueue":[["fall",0.3]],"_animationSpeed":1,"_zoom":16.125},{"_mousePosition":[537,370],"_rootPartCFrame":[765.587,230.096,47.272,0.01,0.004,1,-0.003,1,-0.004,-1,-0.003,0.01],"_humanoidState":12,"_cameraCFrame":[772.509,246.162,47.099,-0.024,-0.903,0.429,0,0.429,0.903,-1,0.022,-0.01],"_shiftlockState":false,"_pose":"Climbing","_animationQueue":[["walk",0.1],["fall",0.3],["climb",0.1]],"_animationSpeed":-0.148,"_zoom":16.125},{"_mousePosition":[537,370],"_rootPartCFrame":[765.645,230.229,47.271,0.022,0.004,1,-0.003,1,-0.003,-1,-0.003,0.022],"_humanoidState":12,"_cameraCFrame":[772.565,246.296,47.099,-0.024,-0.903,0.429,0,0.429,0.903,-1,0.022,-0.01],"_shiftlockState":false,"_pose":"Climbing","_animationQueue":[["climb",0.1]],"_animationSpeed":0.718,"_zoom":16.125},{"_mousePosition":[537,370],"_rootPartCFrame":[765.687,230.416,47.271,0.024,0.001,1,0,1,-0.001,-1,0,0.024],"_humanoidState":12,"_cameraCFrame":[772.603,246.482,47.102,-0.024,-0.903,0.429,0,0.429,0.903,-1,0.022,-0.01],"_shiftlockState":false,"_pose":"Climbing","_animationQueue":[["climb",0.1]],"_animationSpeed":0.922,"_zoom":16.125},{"_mousePosition":[537,370],"_rootPartCFrame":[765.694,230.602,47.271,0.025,0,1,0,1,0,-1,0,0.025],"_humanoidState":12,"_cameraCFrame":[772.609,246.668,47.103,-0.024,-0.903,0.429,0,0.429,0.903,-1,0.022,-0.01],"_shiftlockState":false,"_pose":"Climbing","_animationQueue":[],"_animationSpeed":0.922,"_zoom":16.125},{"_mousePosition":[537,370],"_rootPartCFrame":[765.695,230.789,47.271,0.025,0,1,0,1,0,-1,0,0.025],"_humanoidState":12,"_cameraCFrame":[772.609,246.855,47.103,-0.024,-0.903,0.429,0,0.429,0.903,-1,0.022,-0.01],"_shiftlockState":false,"_pose":"Climbing","_animationQueue":[],"_animationSpeed":0.922,"_zoom":16.125},{"_mousePosition":[537,370],"_rootPartCFrame":[765.695,230.976,47.271,0.025,0,1,0,1,0,-1,0,0.025],"_humanoidState":12,"_cameraCFrame":[772.61,247.042,47.102,-0.024,-0.903,0.429,0,0.429,0.903,-1,0.022,-0.01],"_shiftlockState":false,"_pose":"Climbing","_animationQueue":[],"_animationSpeed":0.922,"_zoom":16.125},{"_mousePosition":[537,370],"_rootPartCFrame":[765.695,231.162,47.271,0.025,0,1,0,1,0,-1,0,0.025],"_humanoidState":12,"_cameraCFrame":[772.61,247.228,47.102,-0.024,-0.903,0.429,0,0.429,0.903,-1,0.022,-0.01],"_shiftlockState":false,"_pose":"Climbing","_animationQueue":[],"_animationSpeed":0.922,"_zoom":16.125},{"_mousePosition":[537,370],"_rootPartCFrame":[765.695,231.349,47.271,0.025,0,1,0,1,0,-1,0,0.025],"_humanoidState":12,"_cameraCFrame":[772.61,247.415,47.102,-0.024,-0.903,0.429,0,0.429,0.903,-1,0.022,-0.01],"_shiftlockState":false,"_pose":"Climbing","_animationQueue":[],"_animationSpeed":0.922,"_zoom":16.125},{"_mousePosition":[537,370],"_rootPartCFrame":[765.695,231.536,47.271,0.025,0,1,0,1,0,-1,0,0.025],"_humanoidState":12,"_cameraCFrame":[772.61,247.602,47.102,-0.024,-0.903,0.429,0,0.429,0.903,-1,0.022,-0.01],"_shiftlockState":false,"_pose":"Climbing","_animationQueue":[],"_animationSpeed":0.922,"_zoom":16.125},{"_mousePosition":[537,370],"_rootPartCFrame":[765.695,231.722,47.271,0.025,0,1,0,1,0,-1,0,0.025],"_humanoidState":12,"_cameraCFrame":[772.61,247.788,47.102,-0.024,-0.903,0.429,0,0.429,0.903,-1,0.022,-0.01],"_shiftlockState":false,"_pose":"Climbing","_animationQueue":[],"_animationSpeed":0.922,"_zoom":16.125},{"_mousePosition":[537,370],"_rootPartCFrame":[765.695,231.909,47.271,0.025,0,1,0,1,0,-1,0,0.025],"_humanoidState":12,"_cameraCFrame":[772.61,247.975,47.102,-0.024,-0.903,0.429,0,0.429,0.903,-1,0.022,-0.01],"_shiftlockState":false,"_pose":"Climbing","_animationQueue":[],"_animationSpeed":0.922,"_zoom":16.125},{"_mousePosition":[537,370],"_rootPartCFrame":[765.695,232.096,47.271,0.025,0,1,0,1,0,-1,0,0.025],"_humanoidState":12,"_cameraCFrame":[772.61,248.162,47.102,-0.024,-0.903,0.429,0,0.429,0.903,-1,0.022,-0.01],"_shiftlockState":false,"_pose":"Climbing","_animationQueue":[],"_animationSpeed":0.922,"_zoom":16.125},{"_mousePosition":[537,370],"_rootPartCFrame":[765.695,232.282,47.271,0.025,0,1,0,1,0,-1,0,0.025],"_humanoidState":12,"_cameraCFrame":[772.61,248.348,47.102,-0.024,-0.903,0.429,0,0.429,0.903,-1,0.022,-0.01],"_shiftlockState":false,"_pose":"Climbing","_animationQueue":[],"_animationSpeed":0.922,"_zoom":16.125},{"_mousePosition":[537,370],"_rootPartCFrame":[765.695,232.469,47.271,0.025,0,1,0,1,0,-1,0,0.025],"_humanoidState":12,"_cameraCFrame":[772.638,248.521,47.102,-0.024,-0.902,0.431,0,0.431,0.902,-1,0.022,-0.01],"_shiftlockState":false,"_pose":"Climbing","_animationQueue":[],"_animationSpeed":0.922,"_zoom":16.125},{"_mousePosition":[537,370],"_rootPartCFrame":[765.695,232.702,47.271,0.025,0,1,0,1,0,-1,0,0.025],"_humanoidState":12,"_cameraCFrame":[772.695,248.728,47.1,-0.024,-0.901,0.434,0,0.434,0.901,-1,0.022,-0.011],"_shiftlockState":false,"_pose":"Climbing","_animationQueue":[],"_animationSpeed":0.922,"_zoom":16.125},{"_mousePosition":[537,370],"_rootPartCFrame":[765.695,232.842,47.271,0.025,0,1,0,1,0,-1,0,0.025],"_humanoidState":12,"_cameraCFrame":[772.723,248.854,47.1,-0.024,-0.9,0.436,0,0.436,0.9,-1,0.022,-0.011],"_shiftlockState":false,"_pose":"Climbing","_animationQueue":[],"_animationSpeed":0.922,"_zoom":16.125},{"_mousePosition":[537,370],"_rootPartCFrame":[765.695,233.029,47.271,0.025,0,1,0,1,0,-1,0,0.025],"_humanoidState":12,"_cameraCFrame":[772.779,249.013,47.098,-0.024,-0.898,0.439,0,0.439,0.898,-1,0.022,-0.011],"_shiftlockState":false,"_pose":"Climbing","_animationQueue":[],"_animationSpeed":0.922,"_zoom":16.125},{"_mousePosition":[537,370],"_rootPartCFrame":[765.695,233.215,47.271,0.025,0,1,0,1,0,-1,0,0.025],"_humanoidState":12,"_cameraCFrame":[772.808,249.186,47.098,-0.024,-0.897,0.441,0,0.441,0.897,-1,0.022,-0.011],"_shiftlockState":false,"_pose":"Climbing","_animationQueue":[],"_animationSpeed":0.922,"_zoom":16.125},{"_mousePosition":[537,370],"_rootPartCFrame":[765.695,233.449,47.271,0.025,0,1,0,1,0,-1,0,0.025],"_humanoidState":12,"_cameraCFrame":[772.892,249.377,47.114,-0.022,-0.895,0.446,0,0.446,0.895,-1,0.019,-0.01],"_shiftlockState":false,"_pose":"Climbing","_animationQueue":[],"_animationSpeed":0.922,"_zoom":16.125},{"_mousePosition":[537,370],"_rootPartCFrame":[765.695,233.635,47.271,0.025,0,1,0,1,0,-1,0,0.025],"_humanoidState":12,"_cameraCFrame":[773.005,249.507,47.13,-0.019,-0.891,0.453,0,0.453,0.891,-1,0.017,-0.009],"_shiftlockState":false,"_pose":"Climbing","_animationQueue":[],"_animationSpeed":0.922,"_zoom":16.125},{"_mousePosition":[537,370],"_rootPartCFrame":[765.695,233.775,47.271,0.025,0,1,0,1,0,-1,0,0.025],"_humanoidState":12,"_cameraCFrame":[773.089,249.604,47.128,-0.019,-0.888,0.459,0,0.459,0.889,-1,0.017,-0.009],"_shiftlockState":false,"_pose":"Climbing","_animationQueue":[],"_animationSpeed":0.922,"_zoom":16.125},{"_mousePosition":[537,370],"_rootPartCFrame":[765.695,233.962,47.271,0.025,0,1,0,1,0,-1,0,0.025],"_humanoidState":12,"_cameraCFrame":[773.2,249.733,47.126,-0.019,-0.885,0.465,0,0.466,0.885,-1,0.017,-0.009],"_shiftlockState":false,"_pose":"Climbing","_animationQueue":[],"_animationSpeed":0.922,"_zoom":16.125},{"_mousePosition":[537,370],"_rootPartCFrame":[765.695,234.149,47.271,0.025,0,1,0,1,0,-1,0,0.025],"_humanoidState":12,"_cameraCFrame":[773.339,249.846,47.143,-0.017,-0.88,0.474,0,0.474,0.88,-1,0.015,-0.008],"_shiftlockState":false,"_pose":"Climbing","_animationQueue":[],"_animationSpeed":0.922,"_zoom":16.125},{"_mousePosition":[537,370],"_rootPartCFrame":[765.695,234.335,47.271,0.025,0,1,0,1,0,-1,0,0.025],"_humanoidState":12,"_cameraCFrame":[773.505,249.942,47.14,-0.017,-0.875,0.484,0,0.484,0.875,-1,0.015,-0.008],"_shiftlockState":false,"_pose":"Climbing","_animationQueue":[],"_animationSpeed":0.922,"_zoom":16.125},{"_mousePosition":[537,370],"_rootPartCFrame":[765.695,234.522,47.271,0.025,0,1,0,1,0,-1,0,0.025],"_humanoidState":12,"_cameraCFrame":[773.642,250.052,47.138,-0.017,-0.87,0.493,0,0.493,0.87,-1,0.015,-0.008],"_shiftlockState":false,"_pose":"Climbing","_animationQueue":[],"_animationSpeed":0.922,"_zoom":16.125},{"_mousePosition":[537,370],"_rootPartCFrame":[765.695,234.709,47.271,0.025,0,1,0,1,0,-1,0,0.025],"_humanoidState":12,"_cameraCFrame":[773.751,250.176,47.136,-0.017,-0.866,0.5,0,0.5,0.866,-1,0.014,-0.008],"_shiftlockState":false,"_pose":"Climbing","_animationQueue":[],"_animationSpeed":0.922,"_zoom":16.125},{"_mousePosition":[537,370],"_rootPartCFrame":[765.695,234.895,47.271,0.025,0,1,0,1,0,-1,0,0.025],"_humanoidState":12,"_cameraCFrame":[773.86,250.3,47.134,-0.017,-0.862,0.506,0,0.506,0.862,-1,0.014,-0.008],"_shiftlockState":false,"_pose":"Climbing","_animationQueue":[],"_animationSpeed":0.922,"_zoom":16.125},{"_mousePosition":[537,370],"_rootPartCFrame":[765.695,235.082,47.271,0.025,0,1,0,1,0,-1,0,0.025],"_humanoidState":12,"_cameraCFrame":[773.941,250.438,47.133,-0.017,-0.859,0.511,0,0.511,0.859,-1,0.014,-0.009],"_shiftlockState":false,"_pose":"Climbing","_animationQueue":[],"_animationSpeed":0.922,"_zoom":16.125},{"_mousePosition":[537,370],"_rootPartCFrame":[765.695,235.269,47.271,0.025,0,1,0,1,0,-1,0,0.025],"_humanoidState":12,"_cameraCFrame":[774.022,250.576,47.131,-0.017,-0.856,0.516,0,0.516,0.856,-1,0.014,-0.009],"_shiftlockState":false,"_pose":"Climbing","_animationQueue":[],"_animationSpeed":0.922,"_zoom":16.125},{"_mousePosition":[537,370],"_rootPartCFrame":[765.695,235.455,47.271,0.025,0,1,0,1,0,-1,0,0.025],"_humanoidState":12,"_cameraCFrame":[774.075,250.731,47.131,-0.017,-0.854,0.52,0,0.52,0.854,-1,0.014,-0.009],"_shiftlockState":false,"_pose":"Climbing","_animationQueue":[],"_animationSpeed":0.922,"_zoom":16.125},{"_mousePosition":[537,370],"_rootPartCFrame":[765.695,235.642,47.271,0.025,0,1,0,1,0,-1,0,0.025],"_humanoidState":12,"_cameraCFrame":[774.075,250.917,47.131,-0.017,-0.854,0.52,0,0.52,0.854,-1,0.014,-0.009],"_shiftlockState":false,"_pose":"Climbing","_animationQueue":[["climb",0]],"_animationSpeed":0.922,"_zoom":16.125},{"_mousePosition":[537,370],"_rootPartCFrame":[765.695,235.829,47.271,0.025,0,1,0,1,0,-1,0,0.025],"_humanoidState":12,"_cameraCFrame":[774.075,251.104,47.131,-0.017,-0.854,0.52,0,0.52,0.854,-1,0.014,-0.009],"_shiftlockState":false,"_pose":"Climbing","_animationQueue":[],"_animationSpeed":0.922,"_zoom":16.125},{"_mousePosition":[537,370],"_rootPartCFrame":[765.695,236.015,47.271,0.025,0,1,0,1,0,-1,0,0.025],"_humanoidState":12,"_cameraCFrame":[774.075,251.29,47.131,-0.017,-0.854,0.52,0,0.52,0.854,-1,0.014,-0.009],"_shiftlockState":false,"_pose":"Climbing","_animationQueue":[],"_animationSpeed":0.922,"_zoom":16.125},{"_mousePosition":[537,370],"_rootPartCFrame":[765.67,236.168,47.271,0.021,0,1,0,1,0,-1,0,0.021],"_humanoidState":8,"_cameraCFrame":[774.05,251.443,47.131,-0.017,-0.854,0.52,0,0.52,0.854,-1,0.014,-0.009],"_shiftlockState":false,"_pose":"Standing","_animationQueue":[["climb",0.1],["idle",0.1],["idle",0.1]],"_animationSpeed":1,"_zoom":16.125},{"_mousePosition":[537,370],"_rootPartCFrame":[765.605,236.266,47.272,0.016,0,1,0,1,0,-1,0,0.016],"_humanoidState":5,"_cameraCFrame":[773.986,251.541,47.132,-0.017,-0.854,0.52,0,0.52,0.854,-1,0.014,-0.009],"_shiftlockState":false,"_pose":"FreeFall","_animationQueue":[["walk",0.1],["fall",0.3]],"_animationSpeed":1,"_zoom":16.125},{"_mousePosition":[537,370],"_rootPartCFrame":[765.501,236.309,47.274,0.011,0,1,0,1,0,-1,0,0.011],"_humanoidState":5,"_cameraCFrame":[773.882,251.585,47.134,-0.017,-0.854,0.52,0,0.52,0.854,-1,0.014,-0.009],"_shiftlockState":false,"_pose":"FreeFall","_animationQueue":[],"_animationSpeed":1,"_zoom":16.125},{"_mousePosition":[537,370],"_rootPartCFrame":[765.357,236.299,47.276,0.007,0,1,0,1,0,-1,0,0.007],"_humanoidState":5,"_cameraCFrame":[773.738,251.574,47.136,-0.017,-0.854,0.52,0,0.52,0.854,-1,0.014,-0.009],"_shiftlockState":false,"_pose":"FreeFall","_animationQueue":[],"_animationSpeed":1,"_zoom":16.125},{"_mousePosition":[537,370],"_rootPartCFrame":[765.112,236.678,47.28,0.004,0,1,0,1,0,-1,0,0.004],"_humanoidState":7,"_cameraCFrame":[773.493,251.953,47.14,-0.017,-0.854,0.52,0,0.52,0.854,-1,0.014,-0.009],"_shiftlockState":false,"_pose":"FreeFall","_animationQueue":[["walk",0.1],["fall",0.3],["fall",0.3]],"_animationSpeed":1,"_zoom":16.125},{"_mousePosition":[537,370],"_rootPartCFrame":[764.846,237.051,47.285,0.001,0,1,0,1,0,-1,0,0.001],"_humanoidState":7,"_cameraCFrame":[773.227,252.326,47.145,-0.017,-0.854,0.52,0,0.52,0.854,-1,0.014,-0.009],"_shiftlockState":false,"_pose":"FreeFall","_animationQueue":[],"_animationSpeed":1,"_zoom":16.125},{"_mousePosition":[537,370],"_rootPartCFrame":[764.513,237.319,47.29,-0.002,0,1,0,1,0,-1,0,-0.002],"_humanoidState":8,"_cameraCFrame":[772.894,252.594,47.15,-0.017,-0.854,0.52,0,0.52,0.854,-1,0.014,-0.009],"_shiftlockState":false,"_pose":"Running","_animationQueue":[["fall",0.3],["walk",0.1],["fall",0.3],["walk",0.1]],"_animationSpeed":1.103,"_zoom":16.125},{"_mousePosition":[537,370],"_rootPartCFrame":[764.246,237.434,47.295,-0.004,0,1,0,1,0,-1,0,-0.004],"_humanoidState":8,"_cameraCFrame":[772.627,252.709,47.155,-0.017,-0.854,0.52,0,0.52,0.854,-1,0.014,-0.009],"_shiftlockState":false,"_pose":"Running","_animationQueue":[],"_animationSpeed":1.103,"_zoom":16.125},{"_mousePosition":[537,370],"_rootPartCFrame":[763.98,237.494,47.299,-0.006,0,1,0,1,0,-1,0,-0.006],"_humanoidState":8,"_cameraCFrame":[772.36,252.769,47.159,-0.017,-0.854,0.52,0,0.52,0.854,-1,0.014,-0.009],"_shiftlockState":false,"_pose":"Running","_animationQueue":[],"_animationSpeed":1.103,"_zoom":16.125},{"_mousePosition":[537,370],"_rootPartCFrame":[763.713,237.526,47.304,-0.007,0,1,0,1,0,-1,0,-0.007],"_humanoidState":8,"_cameraCFrame":[772.094,252.802,47.164,-0.017,-0.854,0.52,0,0.52,0.854,-1,0.014,-0.009],"_shiftlockState":false,"_pose":"Running","_animationQueue":[],"_animationSpeed":1.103,"_zoom":16.125},{"_mousePosition":[537,370],"_rootPartCFrame":[763.447,237.544,47.308,-0.009,0,1,0,1,0,-1,0,-0.009],"_humanoidState":8,"_cameraCFrame":[771.8,252.836,47.169,-0.017,-0.855,0.518,0,0.518,0.855,-1,0.014,-0.009],"_shiftlockState":false,"_pose":"Running","_animationQueue":[],"_animationSpeed":1.103,"_zoom":16.125},{"_mousePosition":[537,370],"_rootPartCFrame":[763.18,237.554,47.313,-0.01,0,1,0,1,0,-1,0,-0.01],"_humanoidState":8,"_cameraCFrame":[771.534,252.845,47.194,-0.014,-0.855,0.518,0,0.518,0.855,-1,0.012,-0.007],"_shiftlockState":false,"_pose":"Running","_animationQueue":[],"_animationSpeed":1.103,"_zoom":16.125},{"_mousePosition":[537,370],"_rootPartCFrame":[762.913,237.559,47.317,-0.011,0,1,0,1,0,-1,0,-0.011],"_humanoidState":8,"_cameraCFrame":[771.268,252.851,47.199,-0.014,-0.855,0.518,0,0.518,0.855,-1,0.012,-0.007],"_shiftlockState":false,"_pose":"Running","_animationQueue":[["walk",0.1]],"_animationSpeed":1.103,"_zoom":16.125},{"_mousePosition":[537,370],"_rootPartCFrame":[762.647,237.562,47.321,-0.011,0,1,0,1,0,-1,0,-0.011],"_humanoidState":8,"_cameraCFrame":[770.974,252.87,47.203,-0.014,-0.856,0.516,0,0.516,0.856,-1,0.012,-0.007],"_shiftlockState":false,"_pose":"Running","_animationQueue":[],"_animationSpeed":1.103,"_zoom":16.125},{"_mousePosition":[537,370],"_rootPartCFrame":[762.313,237.564,47.326,-0.012,0,1,0,1,0,-1,0,-0.012],"_humanoidState":8,"_cameraCFrame":[770.614,252.888,47.208,-0.014,-0.857,0.515,0,0.515,0.857,-1,0.012,-0.007],"_shiftlockState":false,"_pose":"Running","_animationQueue":[],"_animationSpeed":1.103,"_zoom":16.125},{"_mousePosition":[537,370],"_rootPartCFrame":[762.047,237.564,47.329,-0.012,0,1,0,1,0,-1,0,-0.012],"_humanoidState":8,"_cameraCFrame":[770.321,252.905,47.233,-0.012,-0.858,0.513,0,0.513,0.858,-1,0.01,-0.006],"_shiftlockState":false,"_pose":"Running","_animationQueue":[],"_animationSpeed":1.103,"_zoom":16.125},{"_mousePosition":[537,370],"_rootPartCFrame":[761.78,237.565,47.333,-0.013,0,1,0,1,0,-1,0,-0.013],"_humanoidState":8,"_cameraCFrame":[770.027,252.921,47.237,-0.012,-0.859,0.511,0,0.511,0.859,-1,0.01,-0.006],"_shiftlockState":false,"_pose":"Running","_animationQueue":[],"_animationSpeed":1.103,"_zoom":16.125},{"_mousePosition":[537,370],"_rootPartCFrame":[761.514,237.565,47.336,-0.013,0,1,0,1,0,-1,0,-0.013],"_humanoidState":8,"_cameraCFrame":[769.76,252.921,47.24,-0.012,-0.859,0.511,0,0.511,0.859,-1,0.01,-0.006],"_shiftlockState":false,"_pose":"Running","_animationQueue":[],"_animationSpeed":1.103,"_zoom":16.125},{"_mousePosition":[537,370],"_rootPartCFrame":[761.314,237.565,47.339,-0.012,0,1,0,1,0,-1,0,-0.012],"_humanoidState":8,"_cameraCFrame":[769.56,252.921,47.243,-0.012,-0.859,0.511,0,0.511,0.859,-1,0.01,-0.006],"_shiftlockState":false,"_pose":"Running","_animationQueue":[["walk",0.1]],"_animationSpeed":1.103,"_zoom":16.125},{"_mousePosition":[537,370],"_rootPartCFrame":[760.98,238.635,47.343,-0.012,0,1,0,1,0,-1,0,-0.012],"_humanoidState":3,"_cameraCFrame":[769.227,253.992,47.247,-0.012,-0.859,0.511,0,0.511,0.859,-1,0.01,-0.006],"_shiftlockState":false,"_pose":"Jumping","_animationQueue":[["walk",0.1],["jump",0.1]],"_animationSpeed":1,"_zoom":16.125},{"_mousePosition":[537,370],"_rootPartCFrame":[760.781,239.236,47.345,-0.012,0,1,0,1,0,-1,0,-0.012],"_humanoidState":5,"_cameraCFrame":[769.027,254.593,47.249,-0.012,-0.859,0.511,0,0.511,0.859,-1,0.01,-0.006],"_shiftlockState":false,"_pose":"FreeFall","_animationQueue":[["jump",0.1]],"_animationSpeed":1,"_zoom":16.125},{"_mousePosition":[537,370],"_rootPartCFrame":[760.447,240.17,47.349,-0.012,0,1,0,1,0,-1,0,-0.012],"_humanoidState":5,"_cameraCFrame":[768.667,255.543,47.253,-0.012,-0.86,0.51,0,0.51,0.86,-1,0.01,-0.006],"_shiftlockState":false,"_pose":"FreeFall","_animationQueue":[],"_animationSpeed":1,"_zoom":16.125},{"_mousePosition":[537,370],"_rootPartCFrame":[760.181,240.856,47.352,-0.012,0,1,0,1,0,-1,0,-0.012],"_humanoidState":5,"_cameraCFrame":[768.4,256.228,47.256,-0.012,-0.86,0.51,0,0.51,0.86,-1,0.01,-0.006],"_shiftlockState":false,"_pose":"FreeFall","_animationQueue":[],"_animationSpeed":1,"_zoom":16.125},{"_mousePosition":[537,370],"_rootPartCFrame":[759.914,241.487,47.355,-0.012,0,1,0,1,0,-1,0,-0.012],"_humanoidState":5,"_cameraCFrame":[768.134,256.86,47.259,-0.012,-0.86,0.51,0,0.51,0.86,-1,0.01,-0.006],"_shiftlockState":false,"_pose":"FreeFall","_animationQueue":[],"_animationSpeed":1,"_zoom":16.125},{"_mousePosition":[537,370],"_rootPartCFrame":[759.714,241.925,47.357,-0.012,0,1,0,1,0,-1,0,-0.012],"_humanoidState":5,"_cameraCFrame":[767.934,257.297,47.262,-0.012,-0.86,0.51,0,0.51,0.86,-1,0.01,-0.006],"_shiftlockState":false,"_pose":"FreeFall","_animationQueue":[],"_animationSpeed":1,"_zoom":16.125},{"_mousePosition":[537,370],"_rootPartCFrame":[759.448,242.461,47.361,-0.012,0,1,0,1,0,-1,0,-0.012],"_humanoidState":5,"_cameraCFrame":[767.667,257.833,47.265,-0.012,-0.86,0.51,0,0.51,0.86,-1,0.01,-0.006],"_shiftlockState":false,"_pose":"FreeFall","_animationQueue":[],"_animationSpeed":1,"_zoom":16.125},{"_mousePosition":[537,370],"_rootPartCFrame":[759.181,242.942,47.364,-0.012,0,1,0,1,0,-1,0,-0.012],"_humanoidState":5,"_cameraCFrame":[767.401,258.315,47.268,-0.012,-0.86,0.51,0,0.51,0.86,-1,0.01,-0.006],"_shiftlockState":false,"_pose":"FreeFall","_animationQueue":[],"_animationSpeed":1,"_zoom":16.125},{"_mousePosition":[537,370],"_rootPartCFrame":[758.914,243.369,47.367,-0.012,0,1,0,1,0,-1,0,-0.012],"_humanoidState":5,"_cameraCFrame":[767.134,258.741,47.271,-0.012,-0.86,0.51,0,0.51,0.86,-1,0.01,-0.006],"_shiftlockState":false,"_pose":"FreeFall","_animationQueue":[],"_animationSpeed":1,"_zoom":16.125},{"_mousePosition":[537,370],"_rootPartCFrame":[758.648,243.742,47.37,-0.012,0,1,0,1,0,-1,0,-0.012],"_humanoidState":5,"_cameraCFrame":[766.867,259.114,47.274,-0.012,-0.86,0.51,0,0.51,0.86,-1,0.01,-0.006],"_shiftlockState":false,"_pose":"FreeFall","_animationQueue":[],"_animationSpeed":1,"_zoom":16.125},{"_mousePosition":[537,370],"_rootPartCFrame":[758.381,244.059,47.373,-0.012,0,1,0,1,0,-1,0,-0.012],"_humanoidState":5,"_cameraCFrame":[766.601,259.432,47.277,-0.012,-0.86,0.51,0,0.51,0.86,-1,0.01,-0.006],"_shiftlockState":false,"_pose":"FreeFall","_animationQueue":[],"_animationSpeed":1,"_zoom":16.125},{"_mousePosition":[537,370],"_rootPartCFrame":[758.115,244.323,47.376,-0.012,0,1,0,1,0,-1,0,-0.012],"_humanoidState":5,"_cameraCFrame":[766.334,259.695,47.28,-0.012,-0.86,0.51,0,0.51,0.86,-1,0.01,-0.006],"_shiftlockState":false,"_pose":"FreeFall","_animationQueue":[],"_animationSpeed":1,"_zoom":16.125},{"_mousePosition":[537,370],"_rootPartCFrame":[757.848,244.532,47.379,-0.012,0,1,0,1,0,-1,0,-0.012],"_humanoidState":5,"_cameraCFrame":[766.068,259.904,47.283,-0.012,-0.86,0.51,0,0.51,0.86,-1,0.01,-0.006],"_shiftlockState":false,"_pose":"FreeFall","_animationQueue":[],"_animationSpeed":1,"_zoom":16.125},{"_mousePosition":[537,370],"_rootPartCFrame":[757.581,244.686,47.382,-0.012,0,1,0,1,0,-1,0,-0.012],"_humanoidState":5,"_cameraCFrame":[765.801,260.058,47.287,-0.012,-0.86,0.51,0,0.51,0.86,-1,0.01,-0.006],"_shiftlockState":false,"_pose":"FreeFall","_animationQueue":[],"_animationSpeed":1,"_zoom":16.125},{"_mousePosition":[537,370],"_rootPartCFrame":[757.248,244.802,47.386,-0.012,0,1,0,1,0,-1,0,-0.012],"_humanoidState":5,"_cameraCFrame":[765.468,260.175,47.29,-0.012,-0.86,0.51,0,0.51,0.86,-1,0.01,-0.006],"_shiftlockState":false,"_pose":"FreeFall","_animationQueue":[],"_animationSpeed":1,"_zoom":16.125},{"_mousePosition":[537,370],"_rootPartCFrame":[757.048,244.831,47.389,-0.012,0,1,0,1,0,-1,0,-0.012],"_humanoidState":5,"_cameraCFrame":[765.268,260.204,47.293,-0.012,-0.86,0.51,0,0.51,0.86,-1,0.01,-0.006],"_shiftlockState":false,"_pose":"FreeFall","_animationQueue":[],"_animationSpeed":1,"_zoom":16.125},{"_mousePosition":[537,370],"_rootPartCFrame":[756.781,244.822,47.392,-0.012,0,1,0,1,0,-1,0,-0.012],"_humanoidState":5,"_cameraCFrame":[765.001,260.195,47.296,-0.012,-0.86,0.51,0,0.51,0.86,-1,0.01,-0.006],"_shiftlockState":false,"_pose":"FreeFall","_animationQueue":[],"_animationSpeed":1,"_zoom":16.125},{"_mousePosition":[537,370],"_rootPartCFrame":[756.515,244.759,47.395,-0.012,0,1,0,1,0,-1,0,-0.012],"_humanoidState":5,"_cameraCFrame":[764.708,260.147,47.299,-0.012,-0.861,0.508,0,0.508,0.861,-1,0.01,-0.006],"_shiftlockState":false,"_pose":"FreeFall","_animationQueue":[],"_animationSpeed":1,"_zoom":16.125},{"_mousePosition":[537,370],"_rootPartCFrame":[756.248,244.641,47.398,-0.012,0,1,0,1,0,-1,0,-0.012],"_humanoidState":5,"_cameraCFrame":[764.441,260.029,47.302,-0.012,-0.861,0.508,0,0.508,0.861,-1,0.01,-0.006],"_shiftlockState":false,"_pose":"FreeFall","_animationQueue":[],"_animationSpeed":1,"_zoom":16.125},{"_mousePosition":[537,370],"_rootPartCFrame":[755.982,244.468,47.401,-0.012,0,1,0,1,0,-1,0,-0.012],"_humanoidState":5,"_cameraCFrame":[764.174,259.856,47.306,-0.012,-0.861,0.508,0,0.508,0.861,-1,0.01,-0.006],"_shiftlockState":false,"_pose":"FreeFall","_animationQueue":[["fall",0.3]],"_animationSpeed":1,"_zoom":16.125},{"_mousePosition":[537,370],"_rootPartCFrame":[755.715,244.241,47.404,-0.012,0,1,0,1,0,-1,0,-0.012],"_humanoidState":5,"_cameraCFrame":[763.908,259.629,47.309,-0.012,-0.861,0.508,0,0.508,0.861,-1,0.01,-0.006],"_shiftlockState":false,"_pose":"FreeFall","_animationQueue":[],"_animationSpeed":1,"_zoom":16.125},{"_mousePosition":[537,370],"_rootPartCFrame":[755.448,243.959,47.407,-0.012,0,1,0,1,0,-1,0,-0.012],"_humanoidState":5,"_cameraCFrame":[763.641,259.348,47.312,-0.012,-0.861,0.508,0,0.508,0.861,-1,0.01,-0.006],"_shiftlockState":false,"_pose":"FreeFall","_animationQueue":[],"_animationSpeed":1,"_zoom":16.125},{"_mousePosition":[537,370],"_rootPartCFrame":[755.182,243.623,47.41,-0.012,0,1,0,1,0,-1,0,-0.012],"_humanoidState":5,"_cameraCFrame":[763.347,259.027,47.315,-0.012,-0.862,0.506,0,0.506,0.862,-1,0.01,-0.006],"_shiftlockState":false,"_pose":"FreeFall","_animationQueue":[],"_animationSpeed":1,"_zoom":16.125},{"_mousePosition":[537,370],"_rootPartCFrame":[754.849,243.126,47.414,-0.012,0,1,0,1,0,-1,0,-0.012],"_humanoidState":5,"_cameraCFrame":[763.014,258.531,47.319,-0.012,-0.862,0.506,0,0.506,0.862,-1,0.01,-0.006],"_shiftlockState":false,"_pose":"FreeFall","_animationQueue":[],"_animationSpeed":1,"_zoom":16.125},{"_mousePosition":[537,370],"_rootPartCFrame":[754.649,242.787,47.417,-0.012,0,1,0,1,0,-1,0,-0.012],"_humanoidState":5,"_cameraCFrame":[762.787,258.208,47.342,-0.009,-0.863,0.505,0,0.505,0.863,-1,0.008,-0.005],"_shiftlockState":false,"_pose":"FreeFall","_animationQueue":[],"_animationSpeed":1,"_zoom":16.125},{"_mousePosition":[537,370],"_rootPartCFrame":[754.382,242.288,47.42,-0.012,0,1,0,1,0,-1,0,-0.012],"_humanoidState":5,"_cameraCFrame":[762.521,257.708,47.345,-0.009,-0.863,0.505,0,0.505,0.863,-1,0.008,-0.005],"_shiftlockState":false,"_pose":"FreeFall","_animationQueue":[["fall",0.3]],"_animationSpeed":1,"_zoom":16.125},{"_mousePosition":[537,370],"_rootPartCFrame":[754.115,241.734,47.422,-0.011,0,1,0,1,0,-1,0,-0.011],"_humanoidState":5,"_cameraCFrame":[762.254,257.154,47.369,-0.007,-0.863,0.505,0,0.505,0.863,-1,0.006,-0.003],"_shiftlockState":false,"_pose":"FreeFall","_animationQueue":[],"_animationSpeed":1,"_zoom":16.125},{"_mousePosition":[537,370],"_rootPartCFrame":[753.782,240.964,47.425,-0.011,0,1,0,1,0,-1,0,-0.011],"_humanoidState":5,"_cameraCFrame":[761.894,256.401,47.372,-0.007,-0.864,0.503,0,0.503,0.864,-1,0.006,-0.003],"_shiftlockState":false,"_pose":"FreeFall","_animationQueue":[],"_animationSpeed":1,"_zoom":16.125},{"_mousePosition":[537,370],"_rootPartCFrame":[753.582,240.462,47.427,-0.011,0,1,0,1,0,-1,0,-0.011],"_humanoidState":5,"_cameraCFrame":[761.694,255.898,47.373,-0.007,-0.864,0.503,0,0.503,0.864,-1,0.006,-0.003],"_shiftlockState":false,"_pose":"FreeFall","_animationQueue":[],"_animationSpeed":1,"_zoom":16.125},{"_mousePosition":[537,370],"_rootPartCFrame":[753.316,239.744,47.428,-0.01,0,1,0,1,0,-1,0,-0.01],"_humanoidState":5,"_cameraCFrame":[761.4,255.196,47.396,-0.004,-0.865,0.501,0,0.501,0.865,-1,0.004,-0.002],"_shiftlockState":false,"_pose":"FreeFall","_animationQueue":[],"_animationSpeed":1,"_zoom":16.125},{"_mousePosition":[537,370],"_rootPartCFrame":[752.982,238.771,47.431,-0.01,0,1,0,1,0,-1,0,-0.01],"_humanoidState":5,"_cameraCFrame":[761.067,254.223,47.398,-0.004,-0.865,0.501,0,0.501,0.865,-1,0.004,-0.002],"_shiftlockState":false,"_pose":"FreeFall","_animationQueue":[],"_animationSpeed":1,"_zoom":16.125},{"_mousePosition":[537,370],"_rootPartCFrame":[752.782,238.146,47.432,-0.009,0,1,0,1,0,-1,0,-0.009],"_humanoidState":5,"_cameraCFrame":[760.867,253.598,47.399,-0.004,-0.865,0.501,0,0.501,0.865,-1,0.004,-0.002],"_shiftlockState":false,"_pose":"FreeFall","_animationQueue":[],"_animationSpeed":1,"_zoom":16.125},{"_mousePosition":[537,370],"_rootPartCFrame":[752.516,237.374,47.433,-0.008,0,1,0,1,0,-1,0,-0.008],"_humanoidState":7,"_cameraCFrame":[760.573,252.841,47.4,-0.004,-0.866,0.5,0,0.5,0.866,-1,0.004,-0.002],"_shiftlockState":false,"_pose":"FreeFall","_animationQueue":[["fall",0.3],["walk",0.1],["fall",0.3],["fall",0.3]],"_animationSpeed":1,"_zoom":16.125},{"_mousePosition":[537,370],"_rootPartCFrame":[752.249,237.326,47.434,-0.008,0,1,0,1,0,-1,0,-0.008],"_humanoidState":7,"_cameraCFrame":[760.307,252.793,47.401,-0.004,-0.866,0.5,0,0.5,0.866,-1,0.004,-0.002],"_shiftlockState":false,"_pose":"FreeFall","_animationQueue":[],"_animationSpeed":1,"_zoom":16.125},{"_mousePosition":[537,370],"_rootPartCFrame":[751.916,237.436,47.435,-0.007,0,1,0,1,0,-1,0,-0.007],"_humanoidState":8,"_cameraCFrame":[759.946,252.919,47.402,-0.004,-0.867,0.498,0,0.498,0.867,-1,0.004,-0.002],"_shiftlockState":false,"_pose":"Running","_animationQueue":[["walk",0.1],["fall",0.3],["walk",0.1]],"_animationSpeed":1.103,"_zoom":16.125},{"_mousePosition":[537,370],"_rootPartCFrame":[751.649,237.494,47.436,-0.007,0,1,0,1,0,-1,0,-0.007],"_humanoidState":8,"_cameraCFrame":[759.679,252.977,47.424,-0.002,-0.867,0.498,0,0.498,0.867,-1,0.001,-0.0