[{"_mousePosition":[645,388],"_rootPartCFrame":[776.023,222.7,47.142,0.004,0,1,0,1,0,-1,0,0.004],"_humanoidState":8,"_cameraCFrame":[784.062,238.135,46.047,-0.135,-0.856,0.499,0,0.503,0.864,-0.991,0.117,-0.068],"_shiftlockState":false,"_pose":"Standing","_animationQueue":[],"_animationSpeed":1,"_zoom":16.125},{"_mousePosition":[645,388],"_rootPartCFrame":[775.779,222.7,47.175,-0.015,0,1,0,1,0,-1,0,-0.015],"_humanoidState":8,"_cameraCFrame":[783.704,238.198,46.054,-0.14,-0.86,0.492,0,0.496,0.868,-0.99,0.122,-0.069],"_shiftlockState":false,"_pose":"Standing","_animationQueue":[],"_animationSpeed":1,"_zoom":16.125},{"_mousePosition":[645,388],"_rootPartCFrame":[775.515,222.7,47.211,-0.032,0,1,0,1,0,-1,0,-0.032],"_humanoidState":8,"_cameraCFrame":[783.357,238.244,46.082,-0.142,-0.862,0.486,0,0.491,0.871,-0.99,0.124,-0.07],"_shiftlockState":false,"_pose":"Running","_animationQueue":[["walk",0.1]],"_animationSpeed":1.066,"_zoom":16.125},{"_mousePosition":[645,388],"_rootPartCFrame":[775.251,222.7,47.248,-0.046,0,0.999,0,1,0,-0.999,0,-0.046],"_humanoidState":8,"_cameraCFrame":[783.006,238.29,46.092,-0.148,-0.864,0.481,0,0.486,0.874,-0.989,0.129,-0.072],"_shiftlockState":false,"_pose":"Running","_animationQueue":[],"_animationSpeed":1.066,"_zoom":16.125},{"_mousePosition":[645,388],"_rootPartCFrame":[774.987,222.7,47.286,-0.059,0,0.998,0,1,0,-0.998,0,-0.059],"_humanoidState":8,"_cameraCFrame":[782.685,238.321,46.118,-0.15,-0.866,0.477,0,0.483,0.876,-0.989,0.131,-0.072],"_shiftlockState":false,"_pose":"Running","_animationQueue":[],"_animationSpeed":1.066,"_zoom":16.125},{"_mousePosition":[645,388],"_rootPartCFrame":[774.723,222.7,47.325,-0.071,0,0.997,0,1,0,-0.997,0,-0.071],"_humanoidState":8,"_cameraCFrame":[782.336,238.366,46.151,-0.153,-0.868,0.472,0,0.478,0.879,-0.988,0.134,-0.073],"_shiftlockState":false,"_pose":"Running","_animationQueue":[],"_animationSpeed":1.066,"_zoom":16.125},{"_mousePosition":[645,388],"_rootPartCFrame":[774.46,222.7,47.365,-0.082,0,0.997,0,1,0,-0.997,0,-0.082],"_humanoidState":8,"_cameraCFrame":[782.045,238.381,46.195,-0.153,-0.869,0.47,0,0.476,0.879,-0.988,0.134,-0.073],"_shiftlockState":false,"_pose":"Running","_animationQueue":[["walk",0.1]],"_animationSpeed":1.066,"_zoom":16.125},{"_mousePosition":[645,388],"_rootPartCFrame":[774.196,222.7,47.406,-0.091,0,0.996,0,1,0,-0.996,0,-0.091],"_humanoidState":8,"_cameraCFrame":[781.697,238.426,46.229,-0.155,-0.872,0.465,0,0.471,0.882,-0.988,0.137,-0.073],"_shiftlockState":false,"_pose":"Running","_animationQueue":[],"_animationSpeed":1.066,"_zoom":16.125},{"_mousePosition":[645,388],"_rootPartCFrame":[773.933,222.7,47.446,-0.1,0,0.995,0,1,0,-0.995,0,-0.1],"_humanoidState":8,"_cameraCFrame":[781.403,238.44,46.255,-0.158,-0.872,0.463,0,0.469,0.883,-0.988,0.139,-0.074],"_shiftlockState":false,"_pose":"Running","_animationQueue":[],"_animationSpeed":1.066,"_zoom":16.125},{"_mousePosition":[645,388],"_rootPartCFrame":[773.669,222.7,47.488,-0.107,0,0.994,0,1,0,-0.994,0,-0.107],"_humanoidState":8,"_cameraCFrame":[781.084,238.47,46.305,-0.158,-0.874,0.46,0,0.466,0.885,-0.988,0.139,-0.073],"_shiftlockState":false,"_pose":"Running","_animationQueue":[],"_animationSpeed":1.066,"_zoom":16.125},{"_mousePosition":[645,388],"_rootPartCFrame":[773.406,222.7,47.53,-0.114,0,0.993,0,1,0,-0.993,0,-0.114],"_humanoidState":8,"_cameraCFrame":[780.763,238.499,46.337,-0.16,-0.875,0.456,0,0.462,0.887,-0.987,0.142,-0.074],"_shiftlockState":false,"_pose":"Running","_animationQueue":[],"_animationSpeed":1.066,"_zoom":16.125},{"_mousePosition":[645,388],"_rootPartCFrame":[773.143,222.7,47.572,-0.12,0,0.993,0,1,0,-0.993,0,-0.12],"_humanoidState":8,"_cameraCFrame":[780.442,238.528,46.37,-0.163,-0.877,0.453,0,0.459,0.889,-0.987,0.144,-0.075],"_shiftlockState":false,"_pose":"Running","_animationQueue":[],"_animationSpeed":1.066,"_zoom":16.125},{"_mousePosition":[645,388],"_rootPartCFrame":[772.879,222.7,47.614,-0.125,0,0.992,0,1,0,-0.992,0,-0.125],"_humanoidState":8,"_cameraCFrame":[780.12,238.556,46.403,-0.165,-0.878,0.449,0,0.455,0.89,-0.986,0.147,-0.075],"_shiftlockState":false,"_pose":"Running","_animationQueue":[],"_animationSpeed":1.066,"_zoom":16.125},{"_mousePosition":[645,388],"_rootPartCFrame":[772.616,222.7,47.658,-0.13,0,0.991,0,1,0,-0.991,0,-0.13],"_humanoidState":8,"_cameraCFrame":[779.743,238.613,46.447,-0.167,-0.881,0.442,0,0.448,0.894,-0.986,0.15,-0.075],"_shiftlockState":false,"_pose":"Running","_animationQueue":[["walk",0.1]],"_animationSpeed":1.066,"_zoom":16.125},{"_mousePosition":[645,388],"_rootPartCFrame":[772.353,222.717,47.702,-0.135,0,0.991,0,1,0,-0.991,0,-0.135],"_humanoidState":8,"_cameraCFrame":[779.391,238.672,46.469,-0.172,-0.883,0.436,0,0.443,0.896,-0.985,0.155,-0.076],"_shiftlockState":false,"_pose":"Running","_animationQueue":[],"_animationSpeed":1.066,"_zoom":16.125},{"_mousePosition":[645,388],"_rootPartCFrame":[772.09,222.748,47.746,-0.139,0,0.99,0,1,0,-0.99,0,-0.139],"_humanoidState":8,"_cameraCFrame":[779.011,238.759,46.498,-0.177,-0.886,0.429,0,0.436,0.9,-0.984,0.16,-0.077],"_shiftlockState":false,"_pose":"Running","_animationQueue":[],"_animationSpeed":1.066,"_zoom":16.125},{"_mousePosition":[645,388],"_rootPartCFrame":[771.827,222.771,47.792,-0.144,0,0.99,0,1,0,-0.99,0,-0.144],"_humanoidState":8,"_cameraCFrame":[778.602,238.85,46.535,-0.182,-0.889,0.42,0,0.427,0.904,-0.983,0.165,-0.078],"_shiftlockState":false,"_pose":"Running","_animationQueue":[],"_animationSpeed":1.066,"_zoom":16.125},{"_mousePosition":[645,388],"_rootPartCFrame":[771.565,222.784,47.839,-0.148,0,0.989,0,1,0,-0.989,0,-0.148],"_humanoidState":8,"_cameraCFrame":[778.19,238.929,46.558,-0.19,-0.892,0.411,0,0.418,0.908,-0.982,0.172,-0.079],"_shiftlockState":false,"_pose":"Running","_animationQueue":[],"_animationSpeed":1.066,"_zoom":16.125},{"_mousePosition":[645,388],"_rootPartCFrame":[771.303,222.8,47.888,-0.153,0,0.988,0,1,0,-0.988,0,-0.153],"_humanoidState":8,"_cameraCFrame":[777.778,239.01,46.584,-0.197,-0.894,0.402,0,0.41,0.912,-0.98,0.18,-0.081],"_shiftlockState":false,"_pose":"Running","_animationQueue":[],"_animationSpeed":1.066,"_zoom":16.125},{"_mousePosition":[645,388],"_rootPartCFrame":[771.041,222.825,47.938,-0.158,0,0.987,0,1,0,-0.987,0,-0.158],"_humanoidState":8,"_cameraCFrame":[777.271,239.136,46.585,-0.212,-0.898,0.386,0,0.395,0.919,-0.977,0.195,-0.084],"_shiftlockState":false,"_pose":"Running","_animationQueue":[["walk",0.1]],"_animationSpeed":1.066,"_zoom":16.125},{"_mousePosition":[645,388],"_rootPartCFrame":[770.779,222.843,47.991,-0.163,0,0.987,0,1,0,-0.987,0,-0.163],"_humanoidState":8,"_cameraCFrame":[776.826,239.228,46.613,-0.222,-0.9,0.375,0,0.385,0.923,-0.975,0.205,-0.085],"_shiftlockState":false,"_pose":"Running","_animationQueue":[],"_animationSpeed":1.066,"_zoom":16.125},{"_mousePosition":[645,388],"_rootPartCFrame":[770.519,222.818,48.047,-0.169,0,0.986,0,1,0,-0.986,0,-0.169],"_humanoidState":8,"_cameraCFrame":[776.378,239.275,46.634,-0.234,-0.902,0.363,0,0.374,0.928,-0.972,0.217,-0.088],"_shiftlockState":false,"_pose":"Running","_animationQueue":[],"_animationSpeed":1.066,"_zoom":16.125},{"_mousePosition":[645,388],"_rootPartCFrame":[770.259,222.814,48.106,-0.176,0,0.984,0,1,0,-0.984,0,-0.176],"_humanoidState":8,"_cameraCFrame":[775.958,239.328,46.655,-0.247,-0.902,0.353,0,0.365,0.931,-0.969,0.23,-0.09],"_shiftlockState":false,"_pose":"Running","_animationQueue":[],"_animationSpeed":1.066,"_zoom":16.125},{"_mousePosition":[645,388],"_rootPartCFrame":[769.999,222.781,48.165,-0.183,0,0.983,0,1,0,-0.983,0,-0.183],"_humanoidState":8,"_cameraCFrame":[775.505,239.363,46.674,-0.261,-0.903,0.341,0,0.354,0.935,-0.965,0.244,-0.092],"_shiftlockState":false,"_pose":"Running","_animationQueue":[],"_animationSpeed":1.066,"_zoom":16.125},{"_mousePosition":[645,388],"_rootPartCFrame":[769.674,222.662,48.239,-0.192,0,0.981,0,1,0,-0.981,0,-0.192],"_humanoidState":8,"_cameraCFrame":[775.048,239.289,46.711,-0.274,-0.902,0.333,0,0.346,0.938,-0.962,0.257,-0.095],"_shiftlockState":false,"_pose":"Running","_animationQueue":[],"_animationSpeed":1.066,"_zoom":16.125},{"_mousePosition":[645,388],"_rootPartCFrame":[769.479,223.315,48.284,-0.198,0,0.98,0,1,0,-0.98,0,-0.198],"_humanoidState":3,"_cameraCFrame":[774.724,239.984,46.734,-0.283,-0.902,0.325,0,0.339,0.941,-0.959,0.267,-0.096],"_shiftlockState":false,"_pose":"Jumping","_animationQueue":[["walk",0.1],["walk",0.1],["jump",0.1]],"_animationSpeed":1,"_zoom":16.125},{"_mousePosition":[645,388],"_rootPartCFrame":[769.222,224.137,48.355,-0.207,0,0.978,0,1,0,-0.978,0,-0.207],"_humanoidState":5,"_cameraCFrame":[774.338,240.848,46.787,-0.293,-0.902,0.317,0,0.332,0.943,-0.956,0.276,-0.097],"_shiftlockState":false,"_pose":"FreeFall","_animationQueue":[["jump",0.1]],"_animationSpeed":1,"_zoom":16.125},{"_mousePosition":[645,388],"_rootPartCFrame":[768.902,225.088,48.449,-0.219,0,0.976,0,1,0,-0.976,0,-0.219],"_humanoidState":5,"_cameraCFrame":[773.949,241.82,46.86,-0.3,-0.901,0.313,0,0.328,0.945,-0.954,0.284,-0.099],"_shiftlockState":false,"_pose":"FreeFall","_animationQueue":[],"_animationSpeed":1,"_zoom":16.125},{"_mousePosition":[645,388],"_rootPartCFrame":[768.647,225.787,48.526,-0.229,0,0.973,0,1,0,-0.973,0,-0.229],"_humanoidState":5,"_cameraCFrame":[773.629,242.54,46.93,-0.305,-0.901,0.309,0,0.324,0.946,-0.952,0.289,-0.099],"_shiftlockState":false,"_pose":"FreeFall","_animationQueue":[],"_animationSpeed":1,"_zoom":16.125},{"_mousePosition":[645,388],"_rootPartCFrame":[768.456,226.276,48.586,-0.237,0,0.972,0,1,0,-0.972,0,-0.237],"_humanoidState":5,"_cameraCFrame":[773.341,243.059,46.98,-0.312,-0.9,0.303,0,0.319,0.948,-0.95,0.296,-0.1],"_shiftlockState":false,"_pose":"FreeFall","_animationQueue":[],"_animationSpeed":1,"_zoom":16.125},{"_mousePosition":[645,388],"_rootPartCFrame":[768.138,227.022,48.688,-0.248,0,0.969,0,1,0,-0.969,0,-0.248],"_humanoidState":5,"_cameraCFrame":[772.959,243.825,47.076,-0.317,-0.9,0.299,0,0.315,0.949,-0.948,0.301,-0.1],"_shiftlockState":false,"_pose":"FreeFall","_animationQueue":[],"_animationSpeed":1,"_zoom":16.125},{"_mousePosition":[645,388],"_rootPartCFrame":[767.948,227.429,48.75,-0.255,0,0.967,0,1,0,-0.967,0,-0.255],"_humanoidState":5,"_cameraCFrame":[772.839,244.57,47.101,-0.319,-0.9,0.297,0,0.313,0.95,-0.948,0.303,-0.1],"_shiftlockState":false,"_pose":"FreeFall","_animationQueue":[],"_animationSpeed":1,"_zoom":20.656},{"_mousePosition":[645,388],"_rootPartCFrame":[767.695,227.924,48.834,-0.263,0,0.965,0,1,0,-0.965,0,-0.263],"_humanoidState":5,"_cameraCFrame":[772.776,245.779,47.121,-0.319,-0.9,0.295,0,0.312,0.95,-0.948,0.304,-0.1],"_shiftlockState":false,"_pose":"FreeFall","_animationQueue":[],"_animationSpeed":1,"_zoom":20.656},{"_mousePosition":[645,388],"_rootPartCFrame":[767.443,228.365,48.919,-0.271,0,0.963,0,1,0,-0.963,0,-0.271],"_humanoidState":5,"_cameraCFrame":[772.742,246.923,47.132,-0.319,-0.9,0.295,0,0.312,0.95,-0.948,0.304,-0.1],"_shiftlockState":false,"_pose":"FreeFall","_animationQueue":[],"_animationSpeed":1,"_zoom":20.656},{"_mousePosition":[645,388],"_rootPartCFrame":[767.19,228.751,49.004,-0.278,0,0.961,0,1,0,-0.961,0,-0.278],"_humanoidState":5,"_cameraCFrame":[772.705,248.005,47.145,-0.319,-0.9,0.295,0,0.312,0.95,-0.948,0.304,-0.1],"_shiftlockState":false,"_pose":"FreeFall","_animationQueue":[],"_animationSpeed":1,"_zoom":20.656},{"_mousePosition":[645,388],"_rootPartCFrame":[766.937,229.082,49.09,-0.284,0,0.959,0,1,0,-0.959,0,-0.284],"_humanoidState":5,"_cameraCFrame":[772.615,248.859,47.175,-0.319,-0.9,0.295,0,0.312,0.95,-0.948,0.304,-0.1],"_shiftlockState":false,"_pose":"FreeFall","_animationQueue":[],"_animationSpeed":1,"_zoom":20.656},{"_mousePosition":[645,388],"_rootPartCFrame":[766.621,229.42,49.196,-0.29,0,0.957,0,1,0,-0.957,0,-0.29],"_humanoidState":5,"_cameraCFrame":[772.41,249.554,47.244,-0.319,-0.9,0.295,0,0.312,0.95,-0.948,0.304,-0.1],"_shiftlockState":false,"_pose":"FreeFall","_animationQueue":[],"_animationSpeed":1,"_zoom":20.656},{"_mousePosition":[645,388],"_rootPartCFrame":[766.432,229.582,49.26,-0.293,0,0.956,0,1,0,-0.956,0,-0.293],"_humanoidState":5,"_cameraCFrame":[772.319,250.032,47.275,-0.319,-0.9,0.295,0,0.312,0.95,-0.948,0.304,-0.1],"_shiftlockState":false,"_pose":"FreeFall","_animationQueue":[],"_animationSpeed":1,"_zoom":20.656},{"_mousePosition":[645,388],"_rootPartCFrame":[766.116,229.784,49.367,-0.298,0,0.955,0,1,0,-0.955,0,-0.298],"_humanoidState":5,"_cameraCFrame":[772.069,250.446,47.359,-0.319,-0.9,0.295,0,0.312,0.95,-0.948,0.304,-0.1],"_shiftlockState":false,"_pose":"FreeFall","_animationQueue":[],"_animationSpeed":1,"_zoom":20.656},{"_mousePosition":[645,388],"_rootPartCFrame":[765.863,229.883,49.452,-0.301,0,0.954,0,1,0,-0.954,0,-0.301],"_humanoidState":5,"_cameraCFrame":[771.858,250.68,47.431,-0.319,-0.9,0.295,0,0.312,0.95,-0.948,0.304,-0.1],"_shiftlockState":false,"_pose":"FreeFall","_animationQueue":[],"_animationSpeed":1,"_zoom":20.656},{"_mousePosition":[645,388],"_rootPartCFrame":[765.674,229.923,49.516,-0.303,0,0.953,0,1,0,-0.953,0,-0.303],"_humanoidState":5,"_cameraCFrame":[771.702,250.827,47.483,-0.319,-0.9,0.295,0,0.312,0.95,-0.948,0.304,-0.1],"_shiftlockState":false,"_pose":"FreeFall","_animationQueue":[],"_animationSpeed":1,"_zoom":20.656},{"_mousePosition":[645,388],"_rootPartCFrame":[765.421,229.927,49.601,-0.305,0,0.952,0,1,0,-0.952,0,-0.305],"_humanoidState":5,"_cameraCFrame":[771.473,250.909,47.56,-0.319,-0.9,0.295,0,0.312,0.95,-0.948,0.304,-0.1],"_shiftlockState":false,"_pose":"FreeFall","_animationQueue":[],"_animationSpeed":1,"_zoom":20.656},{"_mousePosition":[645,388],"_rootPartCFrame":[765.168,229.877,49.686,-0.307,0,0.952,0,1,0,-0.952,0,-0.307],"_humanoidState":5,"_cameraCFrame":[771.234,250.903,47.641,-0.319,-0.9,0.295,0,0.312,0.95,-0.948,0.304,-0.1],"_shiftlockState":false,"_pose":"FreeFall","_animationQueue":[],"_animationSpeed":1,"_zoom":20.656},{"_mousePosition":[645,388],"_rootPartCFrame":[764.916,229.773,49.771,-0.309,0,0.951,0,1,0,-0.951,0,-0.309],"_humanoidState":5,"_cameraCFrame":[770.992,250.833,47.723,-0.319,-0.9,0.295,0,0.312,0.95,-0.948,0.304,-0.1],"_shiftlockState":false,"_pose":"FreeFall","_animationQueue":[],"_animationSpeed":1,"_zoom":20.656},{"_mousePosition":[645,388],"_rootPartCFrame":[764.663,229.614,49.857,-0.311,0,0.951,0,1,0,-0.951,0,-0.311],"_humanoidState":5,"_cameraCFrame":[770.747,250.698,47.805,-0.319,-0.9,0.295,0,0.312,0.95,-0.948,0.304,-0.1],"_shiftlockState":false,"_pose":"FreeFall","_animationQueue":[],"_animationSpeed":1,"_zoom":20.656},{"_mousePosition":[645,388],"_rootPartCFrame":[764.41,229.4,49.942,-0.312,0,0.95,0,1,0,-0.95,0,-0.312],"_humanoidState":5,"_cameraCFrame":[770.499,250.498,47.889,-0.319,-0.9,0.295,0,0.312,0.95,-0.948,0.304,-0.1],"_shiftlockState":false,"_pose":"FreeFall","_animationQueue":[["fall",0.3]],"_animationSpeed":1,"_zoom":20.656},{"_mousePosition":[645,388],"_rootPartCFrame":[764.158,229.132,50.027,-0.313,0,0.95,0,1,0,-0.95,0,-0.313],"_humanoidState":5,"_cameraCFrame":[770.239,250.241,47.942,-0.324,-0.899,0.295,0,0.312,0.95,-0.946,0.308,-0.101],"_shiftlockState":false,"_pose":"FreeFall","_animationQueue":[],"_animationSpeed":1,"_zoom":20.656},{"_mousePosition":[645,388],"_rootPartCFrame":[763.905,228.81,50.112,-0.314,0,0.949,0,1,0,-0.949,0,-0.314],"_humanoidState":5,"_cameraCFrame":[769.947,249.938,48.024,-0.327,-0.899,0.293,0,0.31,0.951,-0.945,0.311,-0.101],"_shiftlockState":false,"_pose":"FreeFall","_animationQueue":[],"_animationSpeed":1,"_zoom":20.656},{"_mousePosition":[645,388],"_rootPartCFrame":[763.653,228.433,50.198,-0.315,0,0.949,0,1,0,-0.949,0,-0.315],"_humanoidState":5,"_cameraCFrame":[769.68,249.565,48.064,-0.334,-0.896,0.292,0,0.31,0.951,-0.943,0.317,-0.103],"_shiftlockState":false,"_pose":"FreeFall","_animationQueue":[],"_animationSpeed":1,"_zoom":20.656},{"_mousePosition":[645,388],"_rootPartCFrame":[763.401,228.001,50.285,-0.317,0,0.949,0,1,0,-0.949,0,-0.317],"_humanoidState":5,"_cameraCFrame":[769.371,249.149,48.103,-0.343,-0.894,0.289,0,0.308,0.951,-0.939,0.327,-0.106],"_shiftlockState":false,"_pose":"FreeFall","_animationQueue":[],"_animationSpeed":1,"_zoom":20.656},{"_mousePosition":[645,388],"_rootPartCFrame":[763.149,227.515,50.374,-0.319,0,0.948,0,1,0,-0.948,0,-0.319],"_humanoidState":5,"_cameraCFrame":[769.056,248.677,48.13,-0.355,-0.89,0.286,0,0.306,0.952,-0.935,0.338,-0.109],"_shiftlockState":false,"_pose":"FreeFall","_animationQueue":[],"_animationSpeed":1,"_zoom":20.656},{"_mousePosition":[645,388],"_rootPartCFrame":[762.899,226.975,50.465,-0.322,0,0.947,0,1,0,-0.947,0,-0.322],"_humanoidState":5,"_cameraCFrame":[768.777,248.138,48.146,-0.367,-0.886,0.285,0,0.306,0.952,-0.93,0.349,-0.112],"_shiftlockState":false,"_pose":"FreeFall","_animationQueue":[],"_animationSpeed":1,"_zoom":20.656},{"_mousePosition":[645,388],"_rootPartCFrame":[762.649,226.38,50.56,-0.326,0,0.945,0,1,0,-0.945,0,-0.326],"_humanoidState":5,"_cameraCFrame":[768.456,247.556,48.166,-0.381,-0.881,0.281,0,0.304,0.953,-0.925,0.363,-0.116],"_shiftlockState":false,"_pose":"FreeFall","_animationQueue":[["fall",0.3]],"_animationSpeed":1,"_zoom":20.656},{"_mousePosition":[645,388],"_rootPartCFrame":[762.401,225.73,50.657,-0.331,0,0.944,0,1,0,-0.944,0,-0.331],"_humanoidState":5,"_cameraCFrame":[768.171,246.907,48.175,-0.395,-0.875,0.279,0,0.304,0.953,-0.919,0.376,-0.12],"_shiftlockState":false,"_pose":"FreeFall","_animationQueue":[],"_animationSpeed":1,"_zoom":20.656},{"_mousePosition":[645,388],"_rootPartCFrame":[762.154,225.026,50.758,-0.337,0,0.941,0,1,0,-0.941,0,-0.337],"_humanoidState":5,"_cameraCFrame":[767.893,246.204,48.203,-0.407,-0.87,0.278,0,0.304,0.953,-0.914,0.387,-0.124],"_shiftlockState":false,"_pose":"FreeFall","_animationQueue":[],"_animationSpeed":1,"_zoom":20.656},{"_mousePosition":[645,388],"_rootPartCFrame":[761.909,224.268,50.863,-0.345,0,0.939,0,1,0,-0.939,0,-0.345],"_humanoidState":5,"_cameraCFrame":[767.602,245.445,48.207,-0.423,-0.863,0.276,0,0.304,0.953,-0.906,0.403,-0.129],"_shiftlockState":false,"_pose":"FreeFall","_animationQueue":[],"_animationSpeed":1,"_zoom":20.656},{"_mousePosition":[645,388],"_rootPartCFrame":[761.665,223.455,50.971,-0.353,0,0.936,0,1,0,-0.936,0,-0.353],"_humanoidState":5,"_cameraCFrame":[767.331,244.633,48.257,-0.432,-0.859,0.274,0,0.304,0.953,-0.902,0.412,-0.131],"_shiftlockState":false,"_pose":"FreeFall","_animationQueue":[],"_animationSpeed":1,"_zoom":20.656},{"_mousePosition":[645,388],"_rootPartCFrame":[761.423,222.587,51.083,-0.362,0,0.932,0,1,0,-0.932,0,-0.362],"_humanoidState":7,"_cameraCFrame":[767.026,243.777,48.329,-0.441,-0.855,0.271,0,0.302,0.953,-0.897,0.42,-0.133],"_shiftlockState":false,"_pose":"FreeFall","_animationQueue":[["walk",0.1],["fall",0.3],["fall",0.3]],"_animationSpeed":1,"_zoom":20.656},{"_mousePosition":[645,388],"_rootPartCFrame":[761.182,222.418,51.198,-0.371,0,0.929,0,1,0,-0.929,0,-0.371],"_humanoidState":7,"_cameraCFrame":[766.772,243.608,48.416,-0.446,-0.853,0.271,0,0.302,0.953,-0.895,0.425,-0.135],"_shiftlockState":false,"_pose":"FreeFall","_animationQueue":[],"_animationSpeed":1,"_zoom":20.656},{"_mousePosition":[645,388],"_rootPartCFrame":[760.883,222.54,51.345,-0.383,0,0.924,0,1,0,-0.924,0,-0.383],"_humanoidState":8,"_cameraCFrame":[766.465,243.73,48.548,-0.448,-0.852,0.27,0,0.302,0.953,-0.894,0.427,-0.135],"_shiftlockState":false,"_pose":"Running","_animationQueue":[["fall",0.3],["walk",0.1],["fall",0.3],["walk",0.1]],"_animationSpeed":1.103,"_zoom":20.656},{"_mousePosition":[645,388],"_rootPartCFrame":[760.644,222.611,51.463,-0.392,0,0.92,0,1,0,-0.92,0,-0.392],"_humanoidState":8,"_cameraCFrame":[766.227,243.801,48.667,-0.448,-0.852,0.27,0,0.302,0.953,-0.894,0.427,-0.135],"_shiftlockState":false,"_pose":"Running","_animationQueue":[],"_animationSpeed":1.103,"_zoom":20.656},{"_mousePosition":[645,388],"_rootPartCFrame":[760.406,222.651,51.583,-0.4,0,0.917,0,1,0,-0.917,0,-0.4],"_humanoidState":8,"_cameraCFrame":[765.988,243.841,48.786,-0.448,-0.852,0.27,0,0.302,0.953,-0.894,0.427,-0.135],"_shiftlockState":false,"_pose":"Running","_animationQueue":[],"_animationSpeed":1.103,"_zoom":20.656},{"_mousePosition":[645,388],"_rootPartCFrame":[760.167,222.673,51.702,-0.407,0,0.914,0,1,0,-0.914,0,-0.407],"_humanoidState":8,"_cameraCFrame":[765.75,243.863,48.906,-0.448,-0.852,0.27,0,0.302,0.953,-0.894,0.427,-0.135],"_shiftlockState":false,"_pose":"Running","_animationQueue":[],"_animationSpeed":1.103,"_zoom":20.656},{"_mousePosition":[645,388],"_rootPartCFrame":[759.929,222.685,51.821,-0.412,0,0.911,0,1,0,-0.911,0,-0.412],"_humanoidState":8,"_cameraCFrame":[765.511,243.875,49.025,-0.448,-0.852,0.27,0,0.302,0.953,-0.894,0.427,-0.135],"_shiftlockState":false,"_pose":"Running","_animationQueue":[],"_animationSpeed":1.103,"_zoom":20.656},{"_mousePosition":[645,388],"_rootPartCFrame":[759.69,222.692,51.941,-0.417,0,0.909,0,1,0,-0.909,0,-0.417],"_humanoidState":8,"_cameraCFrame":[765.273,243.882,49.145,-0.448,-0.852,0.27,0,0.302,0.953,-0.894,0.427,-0.135],"_shiftlockState":false,"_pose":"Running","_animationQueue":[],"_animationSpeed":1.103,"_zoom":20.656},{"_mousePosition":[645,388],"_rootPartCFrame":[759.452,222.695,52.06,-0.422,0,0.907,0,1,0,-0.907,0,-0.422],"_humanoidState":8,"_cameraCFrame":[765.034,243.885,49.264,-0.448,-0.852,0.27,0,0.302,0.953,-0.894,0.427,-0.135],"_shiftlockState":false,"_pose":"Running","_animationQueue":[],"_animationSpeed":1.103,"_zoom":20.656},{"_mousePosition":[645,388],"_rootPartCFrame":[759.213,222.697,52.18,-0.425,0,0.905,0,1,0,-0.905,0,-0.425],"_humanoidState":8,"_cameraCFrame":[764.795,243.887,49.383,-0.448,-0.852,0.27,0,0.302,0.953,-0.894,0.427,-0.135],"_shiftlockState":false,"_pose":"Running","_animationQueue":[["walk",0.1]],"_animationSpeed":1.103,"_zoom":20.656},{"_mousePosition":[645,388],"_rootPartCFrame":[758.975,222.698,52.299,-0.429,0,0.903,0,1,0,-0.903,0,-0.429],"_humanoidState":8,"_cameraCFrame":[764.557,243.888,49.503,-0.448,-0.852,0.27,0,0.302,0.953,-0.894,0.427,-0.135],"_shiftlockState":false,"_pose":"Running","_animationQueue":[],"_animationSpeed":1.103,"_zoom":20.656},{"_mousePosition":[645,388],"_rootPartCFrame":[758.736,222.699,52.419,-0.431,0,0.902,0,1,0,-0.902,0,-0.431],"_humanoidState":8,"_cameraCFrame":[764.332,243.889,49.651,-0.443,-0.854,0.271,0,0.302,0.953,-0.896,0.423,-0.134],"_shiftlockState":false,"_pose":"Running","_animationQueue":[],"_animationSpeed":1.103,"_zoom":20.656},{"_mousePosition":[645,388],"_rootPartCFrame":[758.498,222.699,52.538,-0.434,0,0.901,0,1,0,-0.901,0,-0.434],"_humanoidState":8,"_cameraCFrame":[764.115,243.889,49.813,-0.437,-0.858,0.272,0,0.302,0.953,-0.9,0.416,-0.132],"_shiftlockState":false,"_pose":"Running","_animationQueue":[],"_animationSpeed":1.103,"_zoom":20.656},{"_mousePosition":[645,388],"_rootPartCFrame":[758.259,222.699,52.656,-0.435,0,0.9,0,1,0,-0.9,0,-0.435],"_humanoidState":8,"_cameraCFrame":[763.951,243.877,50,-0.423,-0.863,0.276,0,0.304,0.953,-0.906,0.403,-0.129],"_shiftlockState":false,"_pose":"Running","_animationQueue":[],"_animationSpeed":1.103,"_zoom":20.656},{"_mousePosition":[645,388],"_rootPartCFrame":[758.019,222.7,52.773,-0.436,0,0.9,0,1,0,-0.9,0,-0.436],"_humanoidState":8,"_cameraCFrame":[763.831,243.865,50.291,-0.393,-0.876,0.281,0,0.306,0.952,-0.92,0.374,-0.12],"_shiftlockState":false,"_pose":"Running","_animationQueue":[],"_animationSpeed":1.103,"_zoom":20.656},{"_mousePosition":[645,388],"_rootPartCFrame":[757.657,222.7,52.943,-0.434,0,0.901,0,1,0,-0.901,0,-0.434],"_humanoidState":8,"_cameraCFrame":[763.5,243.865,50.534,-0.381,-0.88,0.283,0,0.306,0.952,-0.925,0.363,-0.117],"_shiftlockState":false,"_pose":"Running","_animationQueue":[["walk",0.1]],"_animationSpeed":1.103,"_zoom":20.656},{"_mousePosition":[645,388],"_rootPartCFrame":[757.534,222.7,52.996,-0.432,0,0.902,0,1,0,-0.902,0,-0.432],"_humanoidState":8,"_cameraCFrame":[763.442,243.865,50.751,-0.355,-0.89,0.286,0,0.306,0.952,-0.935,0.338,-0.109],"_shiftlockState":false,"_pose":"Running","_animationQueue":[],"_animationSpeed":1.103,"_zoom":20.656},{"_mousePosition":[645,388],"_rootPartCFrame":[757.288,222.7,53.098,-0.426,0,0.905,0,1,0,-0.905,0,-0.426],"_humanoidState":8,"_cameraCFrame":[763.267,243.865,51.049,-0.324,-0.901,0.289,0,0.306,0.952,-0.946,0.309,-0.099],"_shiftlockState":false,"_pose":"Running","_animationQueue":[],"_animationSpeed":1.103,"_zoom":20.656},{"_mousePosition":[645,388],"_rootPartCFrame":[756.977,222.7,53.218,-0.415,0,0.91,0,1,0,-0.91,0,-0.415],"_humanoidState":8,"_cameraCFrame":[763.024,243.865,51.381,-0.291,-0.911,0.293,0,0.306,0.952,-0.957,0.277,-0.089],"_shiftlockState":false,"_pose":"Running","_animationQueue":[],"_animationSpeed":1.103,"_zoom":20.656},{"_mousePosition":[645,388],"_rootPartCFrame":[756.725,222.7,53.305,-0.403,0,0.915,0,1,0,-0.915,0,-0.403],"_humanoidState":8,"_cameraCFrame":[762.83,243.865,51.668,-0.259,-0.92,0.296,0,0.306,0.952,-0.966,0.247,-0.079],"_shiftlockState":false,"_pose":"Running","_animationQueue":[],"_animationSpeed":1.103,"_zoom":20.656},{"_mousePosition":[645,388],"_rootPartCFrame":[756.47,222.7,53.383,-0.389,0,0.921,0,1,0,-0.921,0,-0.389],"_humanoidState":8,"_cameraCFrame":[762.537,243.902,52.082,-0.21,-0.933,0.294,0,0.3,0.954,-0.978,0.2,-0.063],"_shiftlockState":false,"_pose":"Running","_animationQueue":[],"_animationSpeed":1.103,"_zoom":20.656},{"_mousePosition":[645,388],"_rootPartCFrame":[756.213,222.7,53.453,-0.372,0,0.928,0,1,0,-0.928,0,-0.372],"_humanoidState":8,"_cameraCFrame":[762.226,243.926,52.274,-0.192,-0.937,0.291,0,0.297,0.955,-0.981,0.184,-0.057],"_shiftlockState":false,"_pose":"Running","_animationQueue":[],"_animationSpeed":1.103,"_zoom":20.656},{"_mousePosition":[645,388],"_rootPartCFrame":[755.952,222.7,53.51,-0.352,0,0.936,0,1,0,-0.936,0,-0.352],"_humanoidState":8,"_cameraCFrame":[761.861,243.973,52.629,-0.148,-0.947,0.286,0,0.289,0.957,-0.989,0.141,-0.043],"_shiftlockState":false,"_pose":"Running","_animationQueue":[["walk",0.1]],"_animationSpeed":1.103,"_zoom":20.656},{"_mousePosition":[645,388],"_rootPartCFrame":[755.69,222.7,53.561,-0.331,0,0.944,0,1,0,-0.944,0,-0.331],"_humanoidState":8,"_cameraCFrame":[761.547,243.996,52.869,-0.117,-0.952,0.284,0,0.285,0.958,-0.993,0.113,-0.034],"_shiftlockState":false,"_pose":"Running","_animationQueue":[],"_animationSpeed":1.103,"_zoom":20.656},{"_mousePosition":[645,388],"_rootPartCFrame":[755.427,222.7,53.602,-0.307,0,0.952,0,1,0,-0.952,0,-0.307],"_humanoidState":8,"_cameraCFrame":[761.263,244.008,53.091,-0.087,-0.955,0.283,0,0.284,0.959,-0.996,0.084,-0.025],"_shiftlockState":false,"_pose":"Running","_animationQueue":[],"_animationSpeed":1.103,"_zoom":20.656},{"_mousePosition":[645,388],"_rootPartCFrame":[755.162,222.7,53.634,-0.282,0,0.959,0,1,0,-0.959,0,-0.282],"_humanoidState":8,"_cameraCFrame":[760.933,244.03,53.29,-0.059,-0.958,0.279,0,0.28,0.96,-0.998,0.057,-0.017],"_shiftlockState":false,"_pose":"Running","_animationQueue":[],"_animationSpeed":1.103,"_zoom":20.656},{"_mousePosition":[645,388],"_rootPartCFrame":[754.897,222.7,53.658,-0.257,0,0.966,0,1,0,-0.966,0,-0.257],"_humanoidState":8,"_cameraCFrame":[760.636,244.042,53.461,-0.034,-0.96,0.278,0,0.278,0.961,-0.999,0.033,-0.009],"_shiftlockState":false,"_pose":"Running","_animationQueue":[],"_animationSpeed":1.103,"_zoom":20.656},{"_mousePosition":[645,388],"_rootPartCFrame":[754.63,222.7,53.674,-0.231,0,0.973,0,1,0,-0.973,0,-0.231],"_humanoidState":8,"_cameraCFrame":[760.334,244.053,53.624,-0.009,-0.961,0.276,0,0.276,0.961,-1,0.009,-0.002],"_shiftlockState":false,"_pose":"Running","_animationQueue":[],"_animationSpeed":1.103,"_zoom":20.656},{"_mousePosition":[645,388],"_rootPartCFrame":[754.364,222.7,53.684,-0.205,0,0.979,0,1,0,-0.979,0,-0.205],"_humanoidState":8,"_cameraCFrame":[760.029,244.064,53.748,0.011,-0.962,0.274,0,0.274,0.962,-1,-0.011,0.003],"_shiftlockState":false,"_pose":"Running","_animationQueue":[["walk",0.1]],"_animationSpeed":1.103,"_zoom":20.656},{"_mousePosition":[645,388],"_rootPartCFrame":[754.097,222.7,53.687,-0.179,0,0.984,0,1,0,-0.984,0,-0.179],"_humanoidState":8,"_cameraCFrame":[759.761,244.064,53.837,0.027,-0.961,0.274,0,0.274,0.962,-1,-0.026,0.007],"_shiftlockState":false,"_pose":"Running","_animationQueue":[],"_animationSpeed":1.103,"_zoom":20.656},{"_mousePosition":[645,388],"_rootPartCFrame":[753.831,222.7,53.689,-0.153,0,0.988,0,1,0,-0.988,0,-0.153],"_humanoidState":8,"_cameraCFrame":[759.492,244.064,53.897,0.037,-0.961,0.274,0,0.274,0.962,-0.999,-0.035,0.01],"_shiftlockState":false,"_pose":"Running","_animationQueue":[],"_animationSpeed":1.103,"_zoom":20.656},{"_mousePosition":[645,388],"_rootPartCFrame":[753.498,223.783,53.692,-0.121,0,0.993,0,1,0,-0.993,0,-0.121],"_humanoidState":3,"_cameraCFrame":[759.157,245.148,53.957,0.047,-0.961,0.274,0,0.274,0.962,-0.999,-0.045,0.013],"_shiftlockState":false,"_pose":"Jumping","_animationQueue":[["walk",0.1],["jump",0.1]],"_animationSpeed":1,"_zoom":20.656},{"_mousePosition":[645,388],"_rootPartCFrame":[753.298,224.395,53.686,-0.104,0,0.995,0,1,0,-0.995,0,-0.104],"_humanoidState":5,"_cameraCFrame":[758.954,245.759,54.009,0.057,-0.96,0.274,0,0.274,0.962,-0.998,-0.055,0.016],"_shiftlockState":false,"_pose":"FreeFall","_animationQueue":[["jump",0.1]],"_animationSpeed":1,"_zoom":20.656},{"_mousePosition":[645,388],"_rootPartCFrame":[753.031,225.162,53.674,-0.083,0,0.997,0,1,0,-0.997,0,-0.083],"_humanoidState":5,"_cameraCFrame":[758.682,246.526,54.083,0.072,-0.959,0.274,0,0.274,0.962,-0.997,-0.069,0.02],"_shiftlockState":false,"_pose":"FreeFall","_animationQueue":[],"_animationSpeed":1,"_zoom":20.656},{"_mousePosition":[645,388],"_rootPartCFrame":[752.765,225.875,53.66,-0.064,0,0.998,0,1,0,-0.998,0,-0.064],"_humanoidState":5,"_cameraCFrame":[758.409,247.239,54.154,0.087,-0.958,0.273,0,0.274,0.962,-0.996,-0.084,0.024],"_shiftlockState":false,"_pose":"FreeFall","_animationQueue":[],"_animationSpeed":1,"_zoom":20.656},{"_mousePosition":[645,388],"_rootPartCFrame":[752.499,226.534,53.641,-0.046,0,0.999,0,1,0,-0.999,0,-0.046],"_humanoidState":5,"_cameraCFrame":[758.136,247.898,54.206,0.1,-0.957,0.273,0,0.274,0.962,-0.995,-0.096,0.027],"_shiftlockState":false,"_pose":"FreeFall","_animationQueue":[],"_animationSpeed":1,"_zoom":20.656},{"_mousePosition":[645,388],"_rootPartCFrame":[752.233,227.138,53.618,-0.028,0,1,0,1,0,-1,0,-0.028],"_humanoidState":5,"_cameraCFrame":[757.864,248.502,54.241,0.11,-0.956,0.273,0,0.274,0.962,-0.994,-0.106,0.03],"_shiftlockState":false,"_pose":"FreeFall","_animationQueue":[],"_animationSpeed":1,"_zoom":20.656},{"_mousePosition":[645,388],"_rootPartCFrame":[751.968,227.687,53.592,-0.01,0,1,0,1,0,-1,0,-0.01],"_humanoidState":5,"_cameraCFrame":[757.596,249.052,54.243,0.115,-0.955,0.272,0,0.274,0.962,-0.993,-0.11,0.032],"_shiftlockState":false,"_pose":"FreeFall","_animationQueue":[],"_animationSpeed":1,"_zoom":20.656},{"_mousePosition":[645,388],"_rootPartCFrame":[751.703,228.182,53.563,0.006,0,1,0,1,0,-1,0,0.006],"_humanoidState":5,"_cameraCFrame":[757.331,249.547,54.214,0.115,-0.955,0.272,0,0.274,0.962,-0.993,-0.11,0.032],"_shiftlockState":false,"_pose":"FreeFall","_animationQueue":[],"_animationSpeed":1,"_zoom":20.656},{"_mousePosition":[645,388],"_rootPartCFrame":[751.438,228.623,53.533,0.021,0,1,0,1,0,-1,0,0.021],"_humanoidState":5,"_cameraCFrame":[757.066,249.987,54.184,0.115,-0.955,0.272,0,0.274,0.962,-0.993,-0.11,0.032],"_shiftlockState":false,"_pose":"FreeFall","_animationQueue":[],"_animationSpeed":1,"_zoom":20.656},{"_mousePosition":[645,388],"_rootPartCFrame":[751.173,229.009,53.502,0.034,0,0.999,0,1,0,-0.999,0,0.034],"_humanoidState":5,"_cameraCFrame":[756.799,250.373,54.167,0.117,-0.955,0.272,0,0.274,0.962,-0.993,-0.113,0.032],"_shiftlockState":false,"_pose":"FreeFall","_animationQueue":[],"_animationSpeed":1,"_zoom":20.656},{"_mousePosition":[645,388],"_rootPartCFrame":[750.908,229.34,53.472,0.046,0,0.999,0,1,0,-0.999,0,0.046],"_humanoidState":5,"_cameraCFrame":[756.534,250.705,54.137,0.117,-0.955,0.272,0,0.274,0.962,-0.993,-0.113,0.032],"_shiftlockState":false,"_pose":"FreeFall","_animationQueue":[],"_animationSpeed":1,"_zoom":20.656},{"_mousePosition":[645,388],"_rootPartCFrame":[750.577,229.678,53.433,0.058,0,0.998,0,1,0,-0.998,0,0.058],"_humanoidState":5,"_cameraCFrame":[756.201,251.042,54.112,0.12,-0.955,0.272,0,0.274,0.962,-0.993,-0.115,0.033],"_shiftlockState":false,"_pose":"FreeFall","_animationQueue":[],"_animationSpeed":1,"_zoom":20.656},{"_mousePosition":[645,388],"_rootPartCFrame":[750.312,229.887,53.401,0.067,0,0.998,0,1,0,-0.998,0,0.067],"_humanoidState":5,"_cameraCFrame":[755.935,251.251,54.095,0.122,-0.954,0.272,0,0.274,0.962,-0.992,-0.118,0.034],"_shiftlockState":false,"_pose":"FreeFall","_animationQueue":[],"_animationSpeed":1,"_zoom":20.656},{"_mousePosition":[645,388],"_rootPartCFrame":[750.113,230.008,53.377,0.072,0,0.997,0,1,0,-0.997,0,0.072],"_humanoidState":5,"_cameraCFrame":[755.731,251.372,54.114,0.13,-0.953,0.272,0,0.274,0.962,-0.992,-0.125,0.036],"_shiftlockState":false,"_pose":"FreeFall","_animationQueue":[],"_animationSpeed":1,"_zoom":20.656},{"_mousePosition":[645,388],"_rootPartCFrame":[749.783,230.141,53.337,0.081,0,0.997,0,1,0,-0.997,0,0.081],"_humanoidState":5,"_cameraCFrame":[755.396,251.506,54.101,0.135,-0.953,0.272,0,0.274,0.962,-0.991,-0.13,0.037],"_shiftlockState":false,"_pose":"FreeFall","_animationQueue":[],"_animationSpeed":1,"_zoom":20.656},{"_mousePosition":[645,388],"_rootPartCFrame":[749.518,230.187,53.302,0.087,0,0.996,0,1,0,-0.996,0,0.087],"_humanoidState":5,"_cameraCFrame":[755.126,251.551,54.11,0.143,-0.952,0.271,0,0.274,0.962,-0.99,-0.137,0.039],"_shiftlockState":false,"_pose":"FreeFall","_animationQueue":[],"_animationSpeed":1,"_zoom":20.656},{"_mousePosition":[645,388],"_rootPartCFrame":[749.32,230.185,53.276,0.092,0,0.996,0,1,0,-0.996,0,0.092],"_humanoidState":5,"_cameraCFrame":[754.919,251.549,54.14,0.153,-0.95,0.271,0,0.274,0.962,-0.988,-0.147,0.042],"_shiftlockState":false,"_pose":"FreeFall","_animationQueue":[],"_animationSpeed":1,"_zoom":20.656},{"_mousePosition":[645,388],"_rootPartCFrame":[748.99,230.114,53.228,0.101,0,0.995,0,1,0,-0.995,0,0.101],"_humanoidState":5,"_cameraCFrame":[754.578,251.478,54.163,0.165,-0.948,0.271,0,0.274,0.962,-0.986,-0.159,0.045],"_shiftlockState":false,"_pose":"FreeFall","_animationQueue":[["fall",0.3]],"_animationSpeed":1,"_zoom":20.656},{"_mousePosition":[645,388],"_rootPartCFrame":[748.792,230.031,53.198,0.106,0,0.994,0,1,0,-0.994,0,0.106],"_humanoidState":5,"_cameraCFrame":[754.403,251.384,54.225,0.18,-0.945,0.272,0,0.276,0.961,-0.984,-0.173,0.05],"_shiftlockState":false,"_pose":"FreeFall","_animationQueue":[],"_animationSpeed":1,"_zoom":20.656},{"_mousePosition":[645,388],"_rootPartCFrame":[748.464,229.823,53.144,0.115,0,0.993,0,1,0,-0.993,0,0.115],"_humanoidState":5,"_cameraCFrame":[754.128,251.154,54.299,0.2,-0.941,0.274,0,0.28,0.96,-0.98,-0.192,0.056],"_shiftlockState":false,"_pose":"FreeFall","_animationQueue":[],"_animationSpeed":1,"_zoom":20.656},{"_mousePosition":[645,388],"_rootPartCFrame":[748.201,229.596,53.096,0.124,0,0.992,0,1,0,-0.992,0,0.124],"_humanoidState":5,"_cameraCFrame":[753.835,250.927,54.395,0.225,-0.936,0.273,0,0.28,0.96,-0.974,-0.216,0.063],"_shiftlockState":false,"_pose":"FreeFall","_animationQueue":[],"_animationSpeed":1,"_zoom":20.656},{"_mousePosition":[645,388],"_rootPartCFrame":[747.94,229.315,53.044,0.133,0,0.991,0,1,0,-0.991,0,0.133],"_humanoidState":5,"_cameraCFrame":[753.569,250.634,54.522,0.254,-0.928,0.273,0,0.282,0.959,-0.967,-0.244,0.072],"_shiftlockState":false,"_pose":"FreeFall","_animationQueue":[],"_animationSpeed":1,"_zoom":20.656},{"_mousePosition":[645,388],"_rootPartCFrame":[747.745,229.068,53,0.142,0,0.99,0,1,0,-0.99,0,0.142],"_humanoidState":5,"_cameraCFrame":[753.326,250.387,54.649,0.283,-0.92,0.27,0,0.282,0.959,-0.959,-0.272,0.08],"_shiftlockState":false,"_pose":"FreeFall","_animationQueue":[],"_animationSpeed":1,"_zoom":20.656},{"_mousePosition":[645,388],"_rootPartCFrame":[747.486,228.691,52.933,0.156,0,0.988,0,1,0,-0.988,0,0.156],"_humanoidState":5,"_cameraCFrame":[753.006,250.01,54.779,0.317,-0.91,0.267,0,0.282,0.959,-0.948,-0.304,0.089],"_shiftlockState":false,"_pose":"FreeFall","_animationQueue":[],"_animationSpeed":1,"_zoom":20.656},{"_mousePosition":[645,388],"_rootPartCFrame":[747.23,228.259,52.859,0.172,0,0.985,0,1,0,-0.985,0,0.172],"_humanoidState":5,"_cameraCFrame":[752.681,249.579,54.899,0.35,-0.899,0.264,0,0.282,0.959,-0.937,-0.336,0.099],"_shiftlockState":false,"_pose":"FreeFall","_animationQueue":[["fall",0.3]],"_animationSpeed":1,"_zoom":20.656},{"_mousePosition":[645,388],"_rootPartCFrame":[746.977,227.773,52.776,0.191,0,0.982,0,1,0,-0.982,0,0.191],"_humanoidState":5,"_cameraCFrame":[752.382,249.081,55.036,0.386,-0.885,0.262,0,0.284,0.959,-0.923,-0.37,0.109],"_shiftlockState":false,"_pose":"FreeFall","_animationQueue":[],"_animationSpeed":1,"_zoom":20.656},{"_mousePosition":[645,388],"_rootPartCFrame":[746.727,227.233,52.684,0.212,0,0.977,0,1,0,-0.977,0,0.212],"_humanoidState":5,"_cameraCFrame":[752.006,248.529,55.311,0.446,-0.858,0.256,0,0.285,0.958,-0.895,-0.427,0.127],"_shiftlockState":false,"_pose":"FreeFall","_animationQueue":[],"_animationSpeed":1,"_zoom":20.656},{"_mousePosition":[645,388],"_rootPartCFrame":[746.48,226.638,52.582,0.235,0,0.972,0,1,0,-0.972,0,0.235],"_humanoidState":5,"_cameraCFrame":[751.62,247.934,55.474,0.49,-0.835,0.249,0,0.285,0.958,-0.872,-0.47,0.14],"_shiftlockState":false,"_pose":"FreeFall","_animationQueue":[],"_animationSpeed":1,"_zoom":20.656},{"_mousePosition":[645,388],"_rootPartCFrame":[746.186,226.546,52.439,0.269,0,0.963,0,1,0,-0.963,0,0.269],"_humanoidState":7,"_cameraCFrame":[751.181,247.831,55.645,0.54,-0.806,0.242,0,0.287,0.958,-0.842,-0.517,0.155],"_shiftlockState":false,"_pose":"FreeFall","_animationQueue":[["walk",0.1],["fall",0.3],["fall",0.3]],"_animationSpeed":1,"_zoom":20.656},{"_mousePosition":[645,388],"_rootPartCFrame":[746.015,226.546,52.345,0.292,0,0.957,0,1,0,-0.957,0,0.292],"_humanoidState":7,"_cameraCFrame":[750.838,247.819,55.872,0.59,-0.773,0.233,0,0.289,0.957,-0.807,-0.565,0.171],"_shiftlockState":false,"_pose":"FreeFall","_animationQueue":[],"_animationSpeed":1,"_zoom":20.656},{"_mousePosition":[645,388],"_rootPartCFrame":[745.742,226.402,52.172,0.334,0,0.943,0,1,0,-0.943,0,0.334],"_humanoidState":8,"_cameraCFrame":[750.342,247.675,55.985,0.638,-0.737,0.223,0,0.289,0.957,-0.77,-0.611,0.185],"_shiftlockState":false,"_pose":"Running","_animationQueue":[["fall",0.3],["walk",0.1],["fall",0.3],["walk",0.1]],"_animationSpeed":1.075,"_zoom":20.656},{"_mousePosition":[645,388],"_rootPartCFrame":[745.534,226.219,52.022,0.37,0,0.929,0,1,0,-0.929,0,0.37],"_humanoidState":8,"_cameraCFrame":[749.835,247.504,56.113,0.689,-0.694,0.208,0,0.287,0.958,-0.725,-0.66,0.198],"_shiftlockState":false,"_pose":"Running","_animationQueue":[],"_animationSpeed":1.075,"_zoom":20.656},{"_mousePosition":[645,388],"_rootPartCFrame":[745.337,226.218,51.86,0.408,0,0.913,0,1,0,-0.913,0,0.408],"_humanoidState":8,"_cameraCFrame":[749.248,247.537,56.17,0.741,-0.645,0.189,0,0.282,0.959,-0.672,-0.711,0.209],"_shiftlockState":false,"_pose":"Running","_animationQueue":[],"_animationSpeed":1.075,"_zoom":20.656},{"_mousePosition":[645,388],"_rootPartCFrame":[745.152,226.274,51.686,0.449,0,0.894,0,1,0,-0.894,0,0.449],"_humanoidState":8,"_cameraCFrame":[748.56,247.66,56.114,0.792,-0.587,0.165,0,0.271,0.963,-0.61,-0.763,0.214],"_shiftlockState":false,"_pose":"Running","_animationQueue":[],"_animationSpeed":1.075,"_zoom":20.656},{"_mousePosition":[645,388],"_rootPartCFrame":[744.982,226.346,51.501,0.492,0,0.871,0,1,0,-0.871,0,0.492],"_humanoidState":8,"_cameraCFrame":[747.904,247.786,56.035,0.841,-0.523,0.141,0,0.261,0.965,-0.542,-0.811,0.219],"_shiftlockState":false,"_pose":"Running","_animationQueue":[],"_animationSpeed":1.075,"_zoom":20.656},{"_mousePosition":[645,388],"_rootPartCFrame":[744.829,226.426,51.304,0.537,0,0.843,0,1,0,-0.843,0,0.537],"_humanoidState":8,"_cameraCFrame":[747.282,247.917,55.888,0.882,-0.457,0.119,0,0.252,0.968,-0.472,-0.853,0.222],"_shiftlockState":false,"_pose":"Running","_animationQueue":[],"_animationSpeed":1.075,"_zoom":20.656},{"_mousePositi