[{"_mousePosition":[724,321],"_rootPartCFrame":[776.028,222.7,47.142,0,0,1,0,1,0,-1,0,0],"_humanoidState":8,"_cameraCFrame":[785.059,242.763,47.856,0.079,-0.896,0.437,0,0.439,0.899,-0.997,-0.071,0.035],"_shiftlockState":false,"_pose":"Standing","_animationQueue":[],"_animationSpeed":1,"_zoom":20.656},{"_mousePosition":[724,321],"_rootPartCFrame":[775.782,222.7,47.123,0.011,0,1,0,1,0,-1,0,0.011],"_humanoidState":8,"_cameraCFrame":[784.741,242.798,47.831,0.079,-0.898,0.434,0,0.435,0.9,-0.997,-0.071,0.034],"_shiftlockState":false,"_pose":"Standing","_animationQueue":[],"_animationSpeed":1,"_zoom":20.656},{"_mousePosition":[724,321],"_rootPartCFrame":[775.517,222.7,47.102,0.02,0,1,0,1,0,-1,0,0.02],"_humanoidState":8,"_cameraCFrame":[784.44,242.816,47.807,0.079,-0.898,0.432,0,0.433,0.901,-0.997,-0.071,0.034],"_shiftlockState":false,"_pose":"Running","_animationQueue":[["walk",0.1]],"_animationSpeed":1.066,"_zoom":20.656},{"_mousePosition":[724,321],"_rootPartCFrame":[775.384,222.7,47.091,0.024,0,1,0,1,0,-1,0,0.024],"_humanoidState":8,"_cameraCFrame":[784.233,242.85,47.813,0.081,-0.9,0.428,0,0.43,0.903,-0.997,-0.073,0.035],"_shiftlockState":false,"_pose":"Running","_animationQueue":[],"_animationSpeed":1.066,"_zoom":20.656},{"_mousePosition":[724,321],"_rootPartCFrame":[774.985,222.7,47.06,0.035,0,0.999,0,1,0,-0.999,0,0.035],"_humanoidState":8,"_cameraCFrame":[783.725,242.902,47.773,0.081,-0.902,0.423,0,0.425,0.905,-0.997,-0.074,0.035],"_shiftlockState":false,"_pose":"Running","_animationQueue":[["walk",0.1]],"_animationSpeed":1.066,"_zoom":20.656},{"_mousePosition":[724,321],"_rootPartCFrame":[774.852,222.7,47.049,0.038,0,0.999,0,1,0,-0.999,0,0.038],"_humanoidState":8,"_cameraCFrame":[783.481,242.953,47.775,0.084,-0.905,0.418,0,0.419,0.908,-0.996,-0.076,0.035],"_shiftlockState":false,"_pose":"Running","_animationQueue":[],"_animationSpeed":1.066,"_zoom":20.656},{"_mousePosition":[724,321],"_rootPartCFrame":[774.586,222.7,47.027,0.044,0,0.999,0,1,0,-0.999,0,0.044],"_humanoidState":8,"_cameraCFrame":[783.029,243.036,47.781,0.089,-0.908,0.409,0,0.41,0.912,-0.996,-0.081,0.036],"_shiftlockState":false,"_pose":"Running","_animationQueue":[],"_animationSpeed":1.066,"_zoom":20.656},{"_mousePosition":[724,321],"_rootPartCFrame":[774.188,222.7,46.994,0.052,0,0.999,0,1,0,-0.999,0,0.052],"_humanoidState":8,"_cameraCFrame":[782.482,243.102,47.755,0.091,-0.911,0.402,0,0.403,0.915,-0.996,-0.084,0.037],"_shiftlockState":false,"_pose":"Running","_animationQueue":[],"_animationSpeed":1.066,"_zoom":20.656},{"_mousePosition":[724,321],"_rootPartCFrame":[773.922,222.7,46.97,0.057,0,0.998,0,1,0,-0.998,0,0.057],"_humanoidState":8,"_cameraCFrame":[782.105,243.15,47.742,0.094,-0.913,0.396,0,0.398,0.917,-0.996,-0.086,0.037],"_shiftlockState":false,"_pose":"Running","_animationQueue":[],"_animationSpeed":1.066,"_zoom":20.656},{"_mousePosition":[724,321],"_rootPartCFrame":[773.657,222.7,46.946,0.062,0,0.998,0,1,0,-0.998,0,0.062],"_humanoidState":8,"_cameraCFrame":[781.766,243.182,47.711,0.094,-0.915,0.393,0,0.394,0.919,-0.996,-0.086,0.037],"_shiftlockState":false,"_pose":"Running","_animationQueue":[],"_animationSpeed":1.066,"_zoom":20.656},{"_mousePosition":[724,321],"_rootPartCFrame":[773.391,222.7,46.921,0.066,0,0.998,0,1,0,-0.998,0,0.066],"_humanoidState":8,"_cameraCFrame":[781.424,243.214,47.699,0.096,-0.916,0.389,0,0.391,0.921,-0.995,-0.089,0.038],"_shiftlockState":false,"_pose":"Running","_animationQueue":[],"_animationSpeed":1.066,"_zoom":20.656},{"_mousePosition":[724,321],"_rootPartCFrame":[773.126,222.7,46.896,0.07,0,0.998,0,1,0,-0.998,0,0.07],"_humanoidState":8,"_cameraCFrame":[781.083,243.245,47.687,0.099,-0.917,0.385,0,0.387,0.922,-0.995,-0.091,0.038],"_shiftlockState":false,"_pose":"Running","_animationQueue":[["walk",0.1]],"_animationSpeed":1.066,"_zoom":20.656},{"_mousePosition":[724,321],"_rootPartCFrame":[772.86,222.7,46.87,0.073,0,0.997,0,1,0,-0.997,0,0.073],"_humanoidState":8,"_cameraCFrame":[780.781,243.26,47.658,0.099,-0.918,0.383,0,0.385,0.923,-0.995,-0.091,0.038],"_shiftlockState":false,"_pose":"Running","_animationQueue":[],"_animationSpeed":1.066,"_zoom":20.656},{"_mousePosition":[724,321],"_rootPartCFrame":[772.595,222.7,46.844,0.077,0,0.997,0,1,0,-0.997,0,0.077],"_humanoidState":8,"_cameraCFrame":[780.478,243.276,47.628,0.099,-0.919,0.382,0,0.384,0.924,-0.995,-0.091,0.038],"_shiftlockState":false,"_pose":"Running","_animationQueue":[],"_animationSpeed":1.066,"_zoom":20.656},{"_mousePosition":[724,321],"_rootPartCFrame":[772.462,222.7,46.831,0.078,0,0.997,0,1,0,-0.997,0,0.078],"_humanoidState":8,"_cameraCFrame":[780.346,243.276,47.615,0.099,-0.919,0.382,0,0.384,0.924,-0.995,-0.091,0.038],"_shiftlockState":false,"_pose":"Running","_animationQueue":[],"_animationSpeed":1.066,"_zoom":20.656},{"_mousePosition":[724,321],"_rootPartCFrame":[772.197,222.7,46.804,0.081,0,0.997,0,1,0,-0.997,0,0.081],"_humanoidState":8,"_cameraCFrame":[780.004,243.307,47.601,0.101,-0.92,0.378,0,0.38,0.925,-0.995,-0.094,0.039],"_shiftlockState":false,"_pose":"Running","_animationQueue":[],"_animationSpeed":1.066,"_zoom":20.656},{"_mousePosition":[724,321],"_rootPartCFrame":[771.931,222.7,46.778,0.084,0,0.997,0,1,0,-0.997,0,0.084],"_humanoidState":8,"_cameraCFrame":[779.702,243.322,47.571,0.101,-0.921,0.376,0,0.378,0.926,-0.995,-0.094,0.038],"_shiftlockState":false,"_pose":"Running","_animationQueue":[],"_animationSpeed":1.066,"_zoom":20.656},{"_mousePosition":[724,321],"_rootPartCFrame":[771.666,222.7,46.751,0.086,0,0.996,0,1,0,-0.996,0,0.086],"_humanoidState":8,"_cameraCFrame":[779.399,243.337,47.54,0.101,-0.922,0.374,0,0.376,0.926,-0.995,-0.094,0.038],"_shiftlockState":false,"_pose":"Running","_animationQueue":[],"_animationSpeed":1.066,"_zoom":20.656},{"_mousePosition":[724,321],"_rootPartCFrame":[771.401,222.7,46.724,0.088,0,0.996,0,1,0,-0.996,0,0.088],"_humanoidState":8,"_cameraCFrame":[779.06,243.367,47.505,0.101,-0.923,0.371,0,0.373,0.928,-0.995,-0.094,0.038],"_shiftlockState":false,"_pose":"Running","_animationQueue":[["walk",0.1]],"_animationSpeed":1.066,"_zoom":20.656},{"_mousePosition":[724,321],"_rootPartCFrame":[771.003,222.7,46.683,0.091,0,0.996,0,1,0,-0.996,0,0.091],"_humanoidState":8,"_cameraCFrame":[778.662,243.367,47.465,0.101,-0.923,0.371,0,0.373,0.928,-0.995,-0.094,0.038],"_shiftlockState":false,"_pose":"Running","_animationQueue":[],"_animationSpeed":1.066,"_zoom":20.656},{"_mousePosition":[724,321],"_rootPartCFrame":[770.738,222.7,46.656,0.092,0,0.996,0,1,0,-0.996,0,0.092],"_humanoidState":8,"_cameraCFrame":[778.397,243.367,47.438,0.101,-0.923,0.371,0,0.373,0.928,-0.995,-0.094,0.038],"_shiftlockState":false,"_pose":"Running","_animationQueue":[],"_animationSpeed":1.066,"_zoom":20.656},{"_mousePosition":[724,321],"_rootPartCFrame":[770.605,222.7,46.643,0.093,0,0.996,0,1,0,-0.996,0,0.093],"_humanoidState":8,"_cameraCFrame":[778.264,243.367,47.424,0.101,-0.923,0.371,0,0.373,0.928,-0.995,-0.094,0.038],"_shiftlockState":false,"_pose":"Running","_animationQueue":[],"_animationSpeed":1.066,"_zoom":20.656},{"_mousePosition":[724,321],"_rootPartCFrame":[770.207,222.7,46.602,0.095,0,0.996,0,1,0,-0.996,0,0.095],"_humanoidState":8,"_cameraCFrame":[777.866,243.367,47.384,0.101,-0.923,0.371,0,0.373,0.928,-0.995,-0.094,0.038],"_shiftlockState":false,"_pose":"Running","_animationQueue":[],"_animationSpeed":1.066,"_zoom":20.656},{"_mousePosition":[724,321],"_rootPartCFrame":[769.942,223.563,46.575,0.096,0,0.995,0,1,0,-0.995,0,0.096],"_humanoidState":3,"_cameraCFrame":[777.601,244.23,47.356,0.101,-0.923,0.371,0,0.373,0.928,-0.995,-0.094,0.038],"_shiftlockState":false,"_pose":"Jumping","_animationQueue":[["walk",0.1],["jump",0.1]],"_animationSpeed":1,"_zoom":20.656},{"_mousePosition":[724,321],"_rootPartCFrame":[769.743,224.174,46.555,0.096,0,0.995,0,1,0,-0.995,0,0.096],"_humanoidState":5,"_cameraCFrame":[777.402,244.842,47.336,0.101,-0.923,0.371,0,0.373,0.928,-0.995,-0.094,0.038],"_shiftlockState":false,"_pose":"FreeFall","_animationQueue":[["jump",0.1]],"_animationSpeed":1,"_zoom":20.656},{"_mousePosition":[724,321],"_rootPartCFrame":[769.477,224.941,46.528,0.097,0,0.995,0,1,0,-0.995,0,0.097],"_humanoidState":5,"_cameraCFrame":[777.137,245.609,47.309,0.101,-0.923,0.371,0,0.373,0.928,-0.995,-0.094,0.038],"_shiftlockState":false,"_pose":"FreeFall","_animationQueue":[],"_animationSpeed":1,"_zoom":20.656},{"_mousePosition":[724,321],"_rootPartCFrame":[769.212,225.654,46.501,0.098,0,0.995,0,1,0,-0.995,0,0.098],"_humanoidState":5,"_cameraCFrame":[776.871,246.322,47.282,0.101,-0.923,0.371,0,0.373,0.928,-0.995,-0.094,0.038],"_shiftlockState":false,"_pose":"FreeFall","_animationQueue":[],"_animationSpeed":1,"_zoom":20.656},{"_mousePosition":[724,321],"_rootPartCFrame":[768.947,226.313,46.474,0.098,0,0.995,0,1,0,-0.995,0,0.098],"_humanoidState":5,"_cameraCFrame":[776.606,246.981,47.255,0.101,-0.923,0.371,0,0.373,0.928,-0.995,-0.094,0.038],"_shiftlockState":false,"_pose":"FreeFall","_animationQueue":[],"_animationSpeed":1,"_zoom":20.656},{"_mousePosition":[724,321],"_rootPartCFrame":[768.615,227.06,46.44,0.099,0,0.995,0,1,0,-0.995,0,0.099],"_humanoidState":5,"_cameraCFrame":[776.274,247.727,47.221,0.101,-0.923,0.371,0,0.373,0.928,-0.995,-0.094,0.038],"_shiftlockState":false,"_pose":"FreeFall","_animationQueue":[],"_animationSpeed":1,"_zoom":20.656},{"_mousePosition":[724,321],"_rootPartCFrame":[768.416,227.467,46.42,0.099,0,0.995,0,1,0,-0.995,0,0.099],"_humanoidState":5,"_cameraCFrame":[776.075,248.134,47.201,0.101,-0.923,0.371,0,0.373,0.928,-0.995,-0.094,0.038],"_shiftlockState":false,"_pose":"FreeFall","_animationQueue":[],"_animationSpeed":1,"_zoom":20.656},{"_mousePosition":[724,321],"_rootPartCFrame":[768.151,227.962,46.393,0.099,0,0.995,0,1,0,-0.995,0,0.099],"_humanoidState":5,"_cameraCFrame":[775.81,248.629,47.174,0.101,-0.923,0.371,0,0.373,0.928,-0.995,-0.094,0.038],"_shiftlockState":false,"_pose":"FreeFall","_animationQueue":[],"_animationSpeed":1,"_zoom":20.656},{"_mousePosition":[724,321],"_rootPartCFrame":[767.885,228.402,46.366,0.1,0,0.995,0,1,0,-0.995,0,0.1],"_humanoidState":5,"_cameraCFrame":[775.544,249.07,47.147,0.101,-0.923,0.371,0,0.373,0.928,-0.995,-0.094,0.038],"_shiftlockState":false,"_pose":"FreeFall","_animationQueue":[],"_animationSpeed":1,"_zoom":20.656},{"_mousePosition":[724,321],"_rootPartCFrame":[767.62,228.788,46.338,0.1,0,0.995,0,1,0,-0.995,0,0.1],"_humanoidState":5,"_cameraCFrame":[775.279,249.456,47.12,0.101,-0.923,0.371,0,0.373,0.928,-0.995,-0.094,0.038],"_shiftlockState":false,"_pose":"FreeFall","_animationQueue":[],"_animationSpeed":1,"_zoom":20.656},{"_mousePosition":[724,321],"_rootPartCFrame":[767.354,229.12,46.311,0.1,0,0.995,0,1,0,-0.995,0,0.1],"_humanoidState":5,"_cameraCFrame":[775.013,249.787,47.093,0.101,-0.923,0.371,0,0.373,0.928,-0.995,-0.094,0.038],"_shiftlockState":false,"_pose":"FreeFall","_animationQueue":[],"_animationSpeed":1,"_zoom":20.656},{"_mousePosition":[724,321],"_rootPartCFrame":[767.089,229.397,46.284,0.1,0,0.995,0,1,0,-0.995,0,0.1],"_humanoidState":5,"_cameraCFrame":[774.748,250.064,47.066,0.101,-0.923,0.371,0,0.373,0.928,-0.995,-0.094,0.038],"_shiftlockState":false,"_pose":"FreeFall","_animationQueue":[],"_animationSpeed":1,"_zoom":20.656},{"_mousePosition":[724,321],"_rootPartCFrame":[766.757,229.666,46.251,0.101,0,0.995,0,1,0,-0.995,0,0.101],"_humanoidState":5,"_cameraCFrame":[774.416,250.334,47.032,0.101,-0.923,0.371,0,0.373,0.928,-0.995,-0.094,0.038],"_shiftlockState":false,"_pose":"FreeFall","_animationQueue":[],"_animationSpeed":1,"_zoom":20.656},{"_mousePosition":[724,321],"_rootPartCFrame":[766.558,229.787,46.23,0.101,0,0.995,0,1,0,-0.995,0,0.101],"_humanoidState":5,"_cameraCFrame":[774.217,250.455,47.012,0.101,-0.923,0.371,0,0.373,0.928,-0.995,-0.094,0.038],"_shiftlockState":false,"_pose":"FreeFall","_animationQueue":[],"_animationSpeed":1,"_zoom":20.656},{"_mousePosition":[724,321],"_rootPartCFrame":[766.227,229.921,46.196,0.101,0,0.995,0,1,0,-0.995,0,0.101],"_humanoidState":5,"_cameraCFrame":[773.886,250.588,46.978,0.101,-0.923,0.371,0,0.373,0.928,-0.995,-0.094,0.038],"_shiftlockState":false,"_pose":"FreeFall","_animationQueue":[],"_animationSpeed":1,"_zoom":20.656},{"_mousePosition":[724,321],"_rootPartCFrame":[766.027,229.96,46.176,0.101,0,0.995,0,1,0,-0.995,0,0.101],"_humanoidState":5,"_cameraCFrame":[773.687,250.627,46.957,0.101,-0.923,0.371,0,0.373,0.928,-0.995,-0.094,0.038],"_shiftlockState":false,"_pose":"FreeFall","_animationQueue":[],"_animationSpeed":1,"_zoom":20.656},{"_mousePosition":[724,321],"_rootPartCFrame":[765.762,229.964,46.149,0.101,0,0.995,0,1,0,-0.995,0,0.101],"_humanoidState":5,"_cameraCFrame":[773.421,250.632,46.93,0.101,-0.923,0.371,0,0.373,0.928,-0.995,-0.094,0.038],"_shiftlockState":false,"_pose":"FreeFall","_animationQueue":[],"_animationSpeed":1,"_zoom":20.656},{"_mousePosition":[724,321],"_rootPartCFrame":[765.497,229.914,46.122,0.101,0,0.995,0,1,0,-0.995,0,0.101],"_humanoidState":5,"_cameraCFrame":[773.156,250.582,46.903,0.101,-0.923,0.371,0,0.373,0.928,-0.995,-0.094,0.038],"_shiftlockState":false,"_pose":"FreeFall","_animationQueue":[],"_animationSpeed":1,"_zoom":20.656},{"_mousePosition":[724,321],"_rootPartCFrame":[765.231,229.81,46.095,0.101,0,0.995,0,1,0,-0.995,0,0.101],"_humanoidState":5,"_cameraCFrame":[772.89,250.477,46.876,0.101,-0.923,0.371,0,0.373,0.928,-0.995,-0.094,0.038],"_shiftlockState":false,"_pose":"FreeFall","_animationQueue":[],"_animationSpeed":1,"_zoom":20.656},{"_mousePosition":[724,321],"_rootPartCFrame":[764.9,229.603,46.061,0.101,0,0.995,0,1,0,-0.995,0,0.101],"_humanoidState":5,"_cameraCFrame":[772.559,250.27,46.842,0.101,-0.923,0.371,0,0.373,0.928,-0.995,-0.094,0.038],"_shiftlockState":false,"_pose":"FreeFall","_animationQueue":[],"_animationSpeed":1,"_zoom":20.656},{"_mousePosition":[724,321],"_rootPartCFrame":[764.634,229.375,46.034,0.101,0,0.995,0,1,0,-0.995,0,0.101],"_humanoidState":5,"_cameraCFrame":[772.293,250.043,46.815,0.101,-0.923,0.371,0,0.373,0.928,-0.995,-0.094,0.038],"_shiftlockState":false,"_pose":"FreeFall","_animationQueue":[["fall",0.3]],"_animationSpeed":1,"_zoom":20.656},{"_mousePosition":[724,321],"_rootPartCFrame":[764.435,229.169,46.014,0.101,0,0.995,0,1,0,-0.995,0,0.101],"_humanoidState":5,"_cameraCFrame":[772.094,249.837,46.795,0.101,-0.923,0.371,0,0.373,0.928,-0.995,-0.094,0.038],"_shiftlockState":false,"_pose":"FreeFall","_animationQueue":[],"_animationSpeed":1,"_zoom":20.656},{"_mousePosition":[724,321],"_rootPartCFrame":[764.103,228.758,45.98,0.101,0,0.995,0,1,0,-0.995,0,0.101],"_humanoidState":5,"_cameraCFrame":[771.725,249.44,46.757,0.101,-0.924,0.369,0,0.371,0.929,-0.995,-0.094,0.038],"_shiftlockState":false,"_pose":"FreeFall","_animationQueue":[],"_animationSpeed":1,"_zoom":20.656},{"_mousePosition":[724,321],"_rootPartCFrame":[763.838,228.367,45.953,0.101,0,0.995,0,1,0,-0.995,0,0.101],"_humanoidState":5,"_cameraCFrame":[771.423,249.065,46.727,0.101,-0.925,0.367,0,0.369,0.929,-0.995,-0.094,0.037],"_shiftlockState":false,"_pose":"FreeFall","_animationQueue":[],"_animationSpeed":1,"_zoom":20.656},{"_mousePosition":[724,321],"_rootPartCFrame":[763.573,227.922,45.926,0.101,0,0.995,0,1,0,-0.995,0,0.101],"_humanoidState":5,"_cameraCFrame":[771.124,248.634,46.658,0.096,-0.926,0.366,0,0.367,0.93,-0.995,-0.09,0.035],"_shiftlockState":false,"_pose":"FreeFall","_animationQueue":[],"_animationSpeed":1,"_zoom":20.656},{"_mousePosition":[724,321],"_rootPartCFrame":[763.307,227.422,45.899,0.101,0,0.995,0,1,0,-0.995,0,0.101],"_humanoidState":5,"_cameraCFrame":[770.789,248.164,46.566,0.089,-0.928,0.362,0,0.364,0.932,-0.996,-0.083,0.032],"_shiftlockState":false,"_pose":"FreeFall","_animationQueue":[],"_animationSpeed":1,"_zoom":20.656},{"_mousePosition":[724,321],"_rootPartCFrame":[763.042,226.868,45.873,0.101,0,0.995,0,1,0,-0.995,0,0.101],"_humanoidState":5,"_cameraCFrame":[770.456,247.639,46.459,0.079,-0.93,0.359,0,0.36,0.933,-0.997,-0.074,0.028],"_shiftlockState":false,"_pose":"FreeFall","_animationQueue":[],"_animationSpeed":1,"_zoom":20.656},{"_mousePosition":[724,321],"_rootPartCFrame":[762.777,226.784,45.849,0.1,0,0.995,0,1,0,-0.995,0,0.1],"_humanoidState":7,"_cameraCFrame":[770.124,247.584,46.299,0.061,-0.933,0.356,0,0.356,0.934,-0.998,-0.057,0.022],"_shiftlockState":false,"_pose":"FreeFall","_animationQueue":[["fall",0.3],["walk",0.1],["fall",0.3],["fall",0.3]],"_animationSpeed":1,"_zoom":20.656},{"_mousePosition":[724,321],"_rootPartCFrame":[762.577,226.782,45.833,0.098,0,0.995,0,1,0,-0.995,0,0.098],"_humanoidState":7,"_cameraCFrame":[769.858,247.61,46.112,0.038,-0.935,0.352,0,0.353,0.936,-0.999,-0.036,0.014],"_shiftlockState":false,"_pose":"FreeFall","_animationQueue":[],"_animationSpeed":1,"_zoom":20.656},{"_mousePosition":[724,321],"_rootPartCFrame":[762.179,226.6,45.808,0.091,0,0.996,0,1,0,-0.996,0,0.091],"_humanoidState":8,"_cameraCFrame":[769.389,247.457,45.865,0.008,-0.937,0.349,0,0.349,0.937,-1,-0.008,0.003],"_shiftlockState":false,"_pose":"Running","_animationQueue":[["walk",0.1],["fall",0.3],["walk",0.1]],"_animationSpeed":1.103,"_zoom":20.656},{"_mousePosition":[724,321],"_rootPartCFrame":[761.912,226.404,45.797,0.084,0,0.996,0,1,0,-0.996,0,0.084],"_humanoidState":8,"_cameraCFrame":[769.043,247.288,45.529,-0.038,-0.938,0.345,0,0.345,0.938,-0.999,0.035,-0.013],"_shiftlockState":false,"_pose":"Running","_animationQueue":[],"_animationSpeed":1.103,"_zoom":20.656},{"_mousePosition":[724,321],"_rootPartCFrame":[761.779,226.285,45.795,0.08,0,0.997,0,1,0,-0.997,0,0.08],"_humanoidState":8,"_cameraCFrame":[768.861,247.183,45.314,-0.068,-0.937,0.343,0,0.344,0.939,-0.998,0.064,-0.023],"_shiftlockState":false,"_pose":"Running","_animationQueue":[],"_animationSpeed":1.103,"_zoom":20.656},{"_mousePosition":[724,321],"_rootPartCFrame":[761.514,226.007,45.804,0.065,0,0.998,0,1,0,-0.998,0,0.065],"_humanoidState":8,"_cameraCFrame":[768.541,246.919,45.129,-0.096,-0.935,0.34,0,0.342,0.94,-0.995,0.09,-0.033],"_shiftlockState":false,"_pose":"Running","_animationQueue":[],"_animationSpeed":1.103,"_zoom":20.656},{"_mousePosition":[724,321],"_rootPartCFrame":[761.116,225.806,45.831,0.038,0,0.999,0,1,0,-0.999,0,0.038],"_humanoidState":8,"_cameraCFrame":[768.124,246.718,44.978,-0.121,-0.933,0.339,0,0.342,0.94,-0.993,0.113,-0.041],"_shiftlockState":false,"_pose":"Running","_animationQueue":[["walk",0.1]],"_animationSpeed":1.103,"_zoom":20.656},{"_mousePosition":[724,321],"_rootPartCFrame":[760.984,225.821,45.843,0.029,0,1,0,1,0,-1,0,0.029],"_humanoidState":8,"_cameraCFrame":[767.968,246.734,44.813,-0.146,-0.93,0.338,0,0.342,0.94,-0.989,0.137,-0.05],"_shiftlockState":false,"_pose":"Running","_animationQueue":[],"_animationSpeed":1.103,"_zoom":20.656},{"_mousePosition":[724,321],"_rootPartCFrame":[760.589,225.879,45.89,0,0,1,0,1,0,-1,0,0],"_humanoidState":8,"_cameraCFrame":[767.613,246.764,44.636,-0.176,-0.924,0.34,0,0.345,0.938,-0.984,0.165,-0.061],"_shiftlockState":false,"_pose":"Running","_animationQueue":[],"_animationSpeed":1.103,"_zoom":20.656},{"_mousePosition":[724,321],"_rootPartCFrame":[760.327,225.915,45.928,-0.02,0,1,0,1,0,-1,0,-0.02],"_humanoidState":8,"_cameraCFrame":[767.387,246.771,44.463,-0.203,-0.918,0.342,0,0.349,0.937,-0.979,0.19,-0.071],"_shiftlockState":false,"_pose":"Running","_animationQueue":[],"_animationSpeed":1.103,"_zoom":20.656},{"_mousePosition":[724,321],"_rootPartCFrame":[760.197,225.932,45.951,-0.03,0,1,0,1,0,-1,0,-0.03],"_humanoidState":8,"_cameraCFrame":[767.295,246.76,44.309,-0.225,-0.912,0.344,0,0.353,0.936,-0.974,0.211,-0.08],"_shiftlockState":false,"_pose":"Running","_animationQueue":[],"_animationSpeed":1.103,"_zoom":20.656},{"_mousePosition":[724,321],"_rootPartCFrame":[759.938,225.965,46.004,-0.053,0,0.999,0,1,0,-0.999,0,-0.053],"_humanoidState":8,"_cameraCFrame":[767.015,246.794,44.272,-0.238,-0.909,0.343,0,0.353,0.936,-0.971,0.222,-0.084],"_shiftlockState":false,"_pose":"Running","_animationQueue":[],"_animationSpeed":1.103,"_zoom":20.656},{"_mousePosition":[724,321],"_rootPartCFrame":[759.68,226,46.063,-0.076,0,0.997,0,1,0,-0.997,0,-0.076],"_humanoidState":8,"_cameraCFrame":[766.753,246.828,44.313,-0.24,-0.908,0.342,0,0.353,0.936,-0.971,0.225,-0.085],"_shiftlockState":false,"_pose":"Running","_animationQueue":[],"_animationSpeed":1.103,"_zoom":20.656},{"_mousePosition":[724,321],"_rootPartCFrame":[759.359,227.07,46.137,-0.105,0,0.994,0,1,0,-0.994,0,-0.105],"_humanoidState":3,"_cameraCFrame":[766.432,247.898,44.387,-0.24,-0.908,0.342,0,0.353,0.936,-0.971,0.225,-0.085],"_shiftlockState":false,"_pose":"Jumping","_animationQueue":[["walk",0.1],["walk",0.1],["jump",0.1]],"_animationSpeed":1,"_zoom":20.656},{"_mousePosition":[724,321],"_rootPartCFrame":[759.165,227.671,46.185,-0.12,0,0.993,0,1,0,-0.993,0,-0.12],"_humanoidState":5,"_cameraCFrame":[766.238,248.5,44.435,-0.24,-0.908,0.342,0,0.353,0.936,-0.971,0.225,-0.085],"_shiftlockState":false,"_pose":"FreeFall","_animationQueue":[["jump",0.1]],"_animationSpeed":1,"_zoom":20.656},{"_mousePosition":[724,321],"_rootPartCFrame":[758.906,228.425,46.249,-0.137,0,0.991,0,1,0,-0.991,0,-0.137],"_humanoidState":5,"_cameraCFrame":[765.979,249.253,44.499,-0.24,-0.908,0.342,0,0.353,0.936,-0.971,0.225,-0.085],"_shiftlockState":false,"_pose":"FreeFall","_animationQueue":[],"_animationSpeed":1,"_zoom":20.656},{"_mousePosition":[724,321],"_rootPartCFrame":[758.648,229.125,46.313,-0.152,0,0.988,0,1,0,-0.988,0,-0.152],"_humanoidState":5,"_cameraCFrame":[765.721,249.953,44.563,-0.24,-0.908,0.342,0,0.353,0.936,-0.971,0.225,-0.085],"_shiftlockState":false,"_pose":"FreeFall","_animationQueue":[],"_animationSpeed":1,"_zoom":20.656},{"_mousePosition":[724,321],"_rootPartCFrame":[758.389,229.769,46.377,-0.164,0,0.986,0,1,0,-0.986,0,-0.164],"_humanoidState":5,"_cameraCFrame":[765.462,250.598,44.627,-0.24,-0.908,0.342,0,0.353,0.936,-0.971,0.225,-0.085],"_shiftlockState":false,"_pose":"FreeFall","_animationQueue":[],"_animationSpeed":1,"_zoom":20.656},{"_mousePosition":[724,321],"_rootPartCFrame":[758.13,230.36,46.441,-0.175,0,0.985,0,1,0,-0.985,0,-0.175],"_humanoidState":5,"_cameraCFrame":[765.203,251.188,44.691,-0.24,-0.908,0.342,0,0.353,0.936,-0.971,0.225,-0.085],"_shiftlockState":false,"_pose":"FreeFall","_animationQueue":[],"_animationSpeed":1,"_zoom":20.656},{"_mousePosition":[724,321],"_rootPartCFrame":[757.871,230.896,46.505,-0.184,0,0.983,0,1,0,-0.983,0,-0.184],"_humanoidState":5,"_cameraCFrame":[764.944,251.724,44.755,-0.24,-0.908,0.342,0,0.353,0.936,-0.971,0.225,-0.085],"_shiftlockState":false,"_pose":"FreeFall","_animationQueue":[],"_animationSpeed":1,"_zoom":20.656},{"_mousePosition":[724,321],"_rootPartCFrame":[757.612,231.377,46.569,-0.192,0,0.981,0,1,0,-0.981,0,-0.192],"_humanoidState":5,"_cameraCFrame":[764.685,252.205,44.819,-0.24,-0.908,0.342,0,0.353,0.936,-0.971,0.225,-0.085],"_shiftlockState":false,"_pose":"FreeFall","_animationQueue":[],"_animationSpeed":1,"_zoom":20.656},{"_mousePosition":[724,321],"_rootPartCFrame":[757.354,231.804,46.633,-0.199,0,0.98,0,1,0,-0.98,0,-0.199],"_humanoidState":5,"_cameraCFrame":[764.418,252.632,44.847,-0.245,-0.907,0.342,0,0.353,0.936,-0.97,0.229,-0.086],"_shiftlockState":false,"_pose":"FreeFall","_animationQueue":[],"_animationSpeed":1,"_zoom":20.656},{"_mousePosition":[724,321],"_rootPartCFrame":[757.095,232.176,46.697,-0.205,0,0.979,0,1,0,-0.979,0,-0.205],"_humanoidState":5,"_cameraCFrame":[764.154,253.005,44.893,-0.248,-0.907,0.342,0,0.353,0.936,-0.969,0.232,-0.087],"_shiftlockState":false,"_pose":"FreeFall","_animationQueue":[],"_animationSpeed":1,"_zoom":20.656},{"_mousePosition":[724,321],"_rootPartCFrame":[756.772,232.565,46.778,-0.212,0,0.977,0,1,0,-0.977,0,-0.212],"_humanoidState":5,"_cameraCFrame":[763.831,253.394,44.975,-0.248,-0.907,0.342,0,0.353,0.936,-0.969,0.232,-0.087],"_shiftlockState":false,"_pose":"FreeFall","_animationQueue":[],"_animationSpeed":1,"_zoom":20.656},{"_mousePosition":[724,321],"_rootPartCFrame":[756.578,232.758,46.828,-0.215,0,0.977,0,1,0,-0.977,0,-0.215],"_humanoidState":5,"_cameraCFrame":[763.633,253.586,45.006,-0.25,-0.906,0.342,0,0.353,0.936,-0.968,0.234,-0.088],"_shiftlockState":false,"_pose":"FreeFall","_animationQueue":[],"_animationSpeed":1,"_zoom":20.656},{"_mousePosition":[724,321],"_rootPartCFrame":[756.32,232.967,46.894,-0.22,0,0.976,0,1,0,-0.976,0,-0.22],"_humanoidState":5,"_cameraCFrame":[763.375,253.795,45.072,-0.25,-0.906,0.342,0,0.353,0.936,-0.968,0.234,-0.088],"_shiftlockState":false,"_pose":"FreeFall","_animationQueue":[],"_animationSpeed":1,"_zoom":20.656},{"_mousePosition":[724,321],"_rootPartCFrame":[756.061,233.121,46.96,-0.224,0,0.975,0,1,0,-0.975,0,-0.224],"_humanoidState":5,"_cameraCFrame":[763.112,253.949,45.121,-0.252,-0.905,0.341,0,0.353,0.936,-0.968,0.236,-0.089],"_shiftlockState":false,"_pose":"FreeFall","_animationQueue":[],"_animationSpeed":1,"_zoom":20.656},{"_mousePosition":[724,321],"_rootPartCFrame":[755.803,233.221,47.027,-0.228,0,0.974,0,1,0,-0.974,0,-0.228],"_humanoidState":5,"_cameraCFrame":[762.849,254.049,45.17,-0.255,-0.905,0.341,0,0.353,0.936,-0.967,0.238,-0.09],"_shiftlockState":false,"_pose":"FreeFall","_animationQueue":[],"_animationSpeed":1,"_zoom":20.656},{"_mousePosition":[724,321],"_rootPartCFrame":[755.545,233.266,47.094,-0.231,0,0.973,0,1,0,-0.973,0,-0.231],"_humanoidState":5,"_cameraCFrame":[762.576,254.095,45.184,-0.262,-0.903,0.34,0,0.353,0.936,-0.965,0.245,-0.092],"_shiftlockState":false,"_pose":"FreeFall","_animationQueue":[],"_animationSpeed":1,"_zoom":20.656},{"_mousePosition":[724,321],"_rootPartCFrame":[755.223,233.246,47.179,-0.235,0,0.972,0,1,0,-0.972,0,-0.235],"_humanoidState":5,"_cameraCFrame":[762.244,254.075,45.233,-0.267,-0.902,0.34,0,0.353,0.936,-0.964,0.25,-0.094],"_shiftlockState":false,"_pose":"FreeFall","_animationQueue":[],"_animationSpeed":1,"_zoom":20.656},{"_mousePosition":[724,321],"_rootPartCFrame":[754.965,233.169,47.249,-0.239,0,0.971,0,1,0,-0.971,0,-0.239],"_humanoidState":5,"_cameraCFrame":[761.982,253.997,45.285,-0.27,-0.901,0.34,0,0.353,0.936,-0.963,0.252,-0.095],"_shiftlockState":false,"_pose":"FreeFall","_animationQueue":[],"_animationSpeed":1,"_zoom":20.656},{"_mousePosition":[724,321],"_rootPartCFrame":[754.773,233.075,47.302,-0.241,0,0.97,0,1,0,-0.97,0,-0.241],"_humanoidState":5,"_cameraCFrame":[761.784,253.904,45.32,-0.272,-0.9,0.339,0,0.353,0.936,-0.962,0.254,-0.096],"_shiftlockState":false,"_pose":"FreeFall","_animationQueue":[],"_animationSpeed":1,"_zoom":20.656},{"_mousePosition":[724,321],"_rootPartCFrame":[754.516,232.903,47.374,-0.245,0,0.969,0,1,0,-0.969,0,-0.245],"_humanoidState":5,"_cameraCFrame":[761.522,253.731,45.374,-0.274,-0.9,0.339,0,0.353,0.936,-0.962,0.257,-0.097],"_shiftlockState":false,"_pose":"FreeFall","_animationQueue":[],"_animationSpeed":1,"_zoom":20.656},{"_mousePosition":[724,321],"_rootPartCFrame":[754.195,232.61,47.464,-0.25,0,0.968,0,1,0,-0.968,0,-0.25],"_humanoidState":5,"_cameraCFrame":[761.191,253.439,45.429,-0.279,-0.898,0.339,0,0.353,0.936,-0.96,0.261,-0.099],"_shiftlockState":false,"_pose":"FreeFall","_animationQueue":[["fall",0.3]],"_animationSpeed":1,"_zoom":20.656},{"_mousePosition":[724,321],"_rootPartCFrame":[754.003,232.394,47.519,-0.252,0,0.968,0,1,0,-0.968,0,-0.252],"_humanoidState":5,"_cameraCFrame":[760.989,253.222,45.449,-0.284,-0.897,0.338,0,0.353,0.936,-0.959,0.266,-0.1],"_shiftlockState":false,"_pose":"FreeFall","_animationQueue":[],"_animationSpeed":1,"_zoom":20.656},{"_mousePosition":[724,321],"_rootPartCFrame":[753.747,232.058,47.593,-0.256,0,0.967,0,1,0,-0.967,0,-0.256],"_humanoidState":5,"_cameraCFrame":[760.717,252.886,45.47,-0.291,-0.895,0.337,0,0.353,0.936,-0.957,0.273,-0.103],"_shiftlockState":false,"_pose":"FreeFall","_animationQueue":[],"_animationSpeed":1,"_zoom":20.656},{"_mousePosition":[724,321],"_rootPartCFrame":[753.427,231.561,47.688,-0.26,0,0.965,0,1,0,-0.965,0,-0.26],"_humanoidState":5,"_cameraCFrame":[760.375,252.39,45.494,-0.301,-0.892,0.336,0,0.353,0.936,-0.954,0.282,-0.106],"_shiftlockState":false,"_pose":"FreeFall","_animationQueue":[],"_animationSpeed":1,"_zoom":20.656},{"_mousePosition":[724,321],"_rootPartCFrame":[753.236,231.222,47.746,-0.263,0,0.965,0,1,0,-0.965,0,-0.263],"_humanoidState":5,"_cameraCFrame":[760.173,252.051,45.517,-0.306,-0.891,0.336,0,0.353,0.936,-0.952,0.286,-0.108],"_shiftlockState":false,"_pose":"FreeFall","_animationQueue":[],"_animationSpeed":1,"_zoom":20.656},{"_mousePosition":[724,321],"_rootPartCFrame":[752.981,230.723,47.826,-0.268,0,0.963,0,1,0,-0.963,0,-0.268],"_humanoidState":5,"_cameraCFrame":[759.912,251.551,45.579,-0.308,-0.89,0.336,0,0.353,0.936,-0.951,0.288,-0.109],"_shiftlockState":false,"_pose":"FreeFall","_animationQueue":[],"_animationSpeed":1,"_zoom":20.656},{"_mousePosition":[724,321],"_rootPartCFrame":[752.664,230.022,47.927,-0.274,0,0.962,0,1,0,-0.962,0,-0.274],"_humanoidState":5,"_cameraCFrame":[759.595,250.85,45.681,-0.308,-0.89,0.336,0,0.353,0.936,-0.951,0.288,-0.109],"_shiftlockState":false,"_pose":"FreeFall","_animationQueue":[],"_animationSpeed":1,"_zoom":20.656},{"_mousePosition":[724,321],"_rootPartCFrame":[752.473,229.56,47.989,-0.278,0,0.961,0,1,0,-0.961,0,-0.278],"_humanoidState":5,"_cameraCFrame":[759.405,250.388,45.743,-0.308,-0.89,0.336,0,0.353,0.936,-0.951,0.288,-0.109],"_shiftlockState":false,"_pose":"FreeFall","_animationQueue":[["fall",0.3]],"_animationSpeed":1,"_zoom":20.656},{"_mousePosition":[724,321],"_rootPartCFrame":[752.22,228.897,48.071,-0.282,0,0.959,0,1,0,-0.959,0,-0.282],"_humanoidState":5,"_cameraCFrame":[759.14,249.725,45.79,-0.313,-0.889,0.335,0,0.353,0.936,-0.95,0.293,-0.11],"_shiftlockState":false,"_pose":"FreeFall","_animationQueue":[],"_animationSpeed":1,"_zoom":20.656},{"_mousePosition":[724,321],"_rootPartCFrame":[751.966,228.179,48.153,-0.286,0,0.958,0,1,0,-0.958,0,-0.286],"_humanoidState":5,"_cameraCFrame":[758.874,249.008,45.837,-0.318,-0.887,0.334,0,0.353,0.936,-0.948,0.297,-0.112],"_shiftlockState":false,"_pose":"FreeFall","_animationQueue":[],"_animationSpeed":1,"_zoom":20.656},{"_mousePosition":[724,321],"_rootPartCFrame":[751.715,227.407,48.236,-0.29,0,0.957,0,1,0,-0.957,0,-0.29],"_humanoidState":7,"_cameraCFrame":[758.6,248.235,45.85,-0.327,-0.884,0.333,0,0.353,0.936,-0.945,0.306,-0.116],"_shiftlockState":false,"_pose":"FreeFall","_animationQueue":[["walk",0.1],["fall",0.3],["fall",0.3]],"_animationSpeed":1,"_zoom":20.656},{"_mousePosition":[724,321],"_rootPartCFrame":[751.403,227.031,48.34,-0.294,0,0.956,0,1,0,-0.956,0,-0.294],"_humanoidState":7,"_cameraCFrame":[758.263,247.859,45.885,-0.337,-0.881,0.332,0,0.353,0.936,-0.941,0.315,-0.119],"_shiftlockState":false,"_pose":"FreeFall","_animationQueue":[],"_animationSpeed":1,"_zoom":20.656},{"_mousePosition":[724,321],"_rootPartCFrame":[751.214,227.075,48.405,-0.297,0,0.955,0,1,0,-0.955,0,-0.297],"_humanoidState":8,"_cameraCFrame":[758.049,247.903,45.88,-0.347,-0.878,0.331,0,0.353,0.936,-0.938,0.324,-0.122],"_shiftlockState":false,"_pose":"Running","_animationQueue":[["walk",0.1],["fall",0.3],["walk",0.1]],"_animationSpeed":1.091,"_zoom":20.656},{"_mousePosition":[724,321],"_rootPartCFrame":[750.966,227.128,48.494,-0.303,0,0.953,0,1,0,-0.953,0,-0.303],"_humanoidState":8,"_cameraCFrame":[757.775,247.956,45.9,-0.356,-0.874,0.33,0,0.353,0.936,-0.934,0.333,-0.126],"_shiftlockState":false,"_pose":"Running","_animationQueue":[["walk",0.1]],"_animationSpeed":1.091,"_zoom":20.656},{"_mousePosition":[724,321],"_rootPartCFrame":[750.718,227.145,48.585,-0.308,0,0.951,0,1,0,-0.951,0,-0.308],"_humanoidState":8,"_cameraCFrame":[757.5,247.973,45.923,-0.365,-0.871,0.328,0,0.353,0.936,-0.931,0.342,-0.129],"_shiftlockState":false,"_pose":"Running","_animationQueue":[],"_animationSpeed":1.091,"_zoom":20.656},{"_mousePosition":[724,321],"_rootPartCFrame":[750.471,227.114,48.679,-0.315,0,0.949,0,1,0,-0.949,0,-0.315],"_humanoidState":8,"_cameraCFrame":[757.261,247.928,45.934,-0.375,-0.867,0.329,0,0.355,0.935,-0.927,0.351,-0.133],"_shiftlockState":false,"_pose":"Running","_animationQueue":[],"_animationSpeed":1.091,"_zoom":20.656},{"_mousePosition":[724,321],"_rootPartCFrame":[750.103,227.037,48.824,-0.325,0,0.946,0,1,0,-0.946,0,-0.325],"_humanoidState":8,"_cameraCFrame":[756.906,247.836,46.012,-0.382,-0.864,0.329,0,0.356,0.934,-0.924,0.357,-0.136],"_shiftlockState":false,"_pose":"Running","_animationQueue":[],"_animationSpeed":1.091,"_zoom":20.656},{"_mousePosition":[724,321],"_rootPartCFrame":[749.858,227.001,48.922,-0.332,0,0.943,0,1,0,-0.943,0,-0.332],"_humanoidState":8,"_cameraCFrame":[756.64,247.801,46.06,-0.389,-0.861,0.328,0,0.356,0.934,-0.921,0.363,-0.139],"_shiftlockState":false,"_pose":"Running","_animationQueue":[],"_animationSpeed":1.091,"_zoom":20.656},{"_mousePosition":[724,321],"_rootPartCFrame":[749.736,226.985,48.973,-0.335,0,0.942,0,1,0,-0.942,0,-0.335],"_humanoidState":8,"_cameraCFrame":[756.538,247.771,46.061,-0.394,-0.858,0.329,0,0.358,0.934,-0.919,0.367,-0.141],"_shiftlockState":false,"_pose":"Running","_animationQueue":[],"_animationSpeed":1.091,"_zoom":20.656},{"_mousePosition":[724,321],"_rootPartCFrame":[749.493,226.942,49.075,-0.342,0,0.94,0,1,0,-0.94,0,-0.342],"_humanoidState":8,"_cameraCFrame":[756.295,247.727,46.163,-0.394,-0.858,0.329,0,0.358,0.934,-0.919,0.367,-0.141],"_shiftlockState":false,"_pose":"Running","_animationQueue":[],"_animationSpeed":1.091,"_zoom":20.656},{"_mousePosition":[724,321],"_rootPartCFrame":[749.25,226.909,49.179,-0.349,0,0.937,0,1,0,-0.937,0,-0.349],"_humanoidState":8,"_cameraCFrame":[756.052,247.695,46.267,-0.394,-0.858,0.329,0,0.358,0.934,-0.919,0.367,-0.141],"_shiftlockState":false,"_pose":"Running","_animationQueue":[["walk",0.1]],"_animationSpeed":1.091,"_zoom":20.656},{"_mousePosition":[724,321],"_rootPartCFrame":[748.885,226.851,49.335,-0.358,0,0.934,0,1,0,-0.934,0,-0.358],"_humanoidState":8,"_cameraCFrame":[755.687,247.636,46.423,-0.394,-0.858,0.329,0,0.358,0.934,-0.919,0.367,-0.141],"_shiftlockState":false,"_pose":"Running","_animationQueue":[],"_animationSpeed":1.091,"_zoom":20.656},{"_mousePosition":[724,321],"_rootPartCFrame":[748.764,226.834,49.387,-0.361,0,0.933,0,1,0,-0.933,0,-0.361],"_humanoidState":8,"_cameraCFrame":[755.566,247.619,46.475,-0.394,-0.858,0.329,0,0.358,0.934,-0.919,0.367,-0.141],"_shiftlockState":false,"_pose":"Running","_animationQueue":[],"_animationSpeed":1.091,"_zoom":20.656},{"_mousePosition":[724,321],"_rootPartCFrame":[748.521,226.803,49.491,-0.365,0,0.931,0,1,0,-0.931,0,-0.365],"_humanoidState":8,"_cameraCFrame":[755.323,247.589,46.579,-0.394,-0.858,0.329,0,0.358,0.934,-0.919,0.367,-0.141],"_shiftlockState":false,"_pose":"Running","_animationQueue":[],"_animationSpeed":1.091,"_zoom":20.656},{"_mousePosition":[724,321],"_rootPartCFrame":[748.278,226.76,49.595,-0.369,0,0.929,0,1,0,-0.929,0,-0.369],"_humanoidState":8,"_cameraCFrame":[755.115,247.531,46.668,-0.394,-0.858,0.331,0,0.36,0.933,-0.919,0.367,-0.142],"_shiftlockState":false,"_pose":"Running","_animationQueue":[],"_animationSpeed":1.091,"_zoom":20.656},{"_mousePosition":[724,321],"_rootPartCFrame":[748.036,226.728,49.699,-0.372,0,0.928,0,1,0,-0.928,0,-0.372],"_humanoidState":8,"_cameraCFrame":[754.907,247.484,46.757,-0.394,-0.857,0.333,0,0.362,0.932,-0.919,0.367,-0.142],"_shiftlockState":false,"_pose":"Running","_animationQueue":[],"_animationSpeed":1.091,"_zoom":20.656},{"_mousePosition":[724,321],"_rootPartCFrame":[747.671,226.669,49.855,-0.377,0,0.926,0,1,0,-0.926,0,-0.377],"_humanoidState":8,"_cameraCFrame":[754.626,247.396,46.919,-0.389,-0.858,0.337,0,0.365,0.931,-0.921,0.362,-0.142],"_shiftlockState":false,"_pose":"Running","_animationQueue":[["walk",0.1]],"_animationSpeed":1.091,"_zoom":20.656},{"_mousePosition":[724,321],"_rootPartCFrame":[747.55,226.652,49.907,-0.378,0,0.926,0,1,0,-0.926,0,-0.378],"_humanoidState":8,"_cameraCFrame":[754.611,247.35,47.031,-0.377,-0.861,0.342,0,0.369,0.929,-0.926,0.351,-0.139],"_shiftlockState":false,"_pose":"Running","_animationQueue":[],"_animationSpeed":1.091,"_zoom":20.656},{"_mousePosition":[724,321],"_rootPartCFrame":[747.185,226.597,50.061,-0.38,0,0.925,0,1,0,-0.925,0,-0.38],"_humanoidState":8,"_cameraCFrame":[754.331,247.28,47.297,-0.361,-0.866,0.346,0,0.371,0.929,-0.933,0.335,-0.134],"_shiftlockState":false,"_pose":"Running","_animationQueue":[],"_animationSpeed":1.091,"_zoom":20.656},{"_mousePosition":[724,321],"_rootPartCFrame":[746.941,226.561,50.161,-0.38,0,0.925,0,1,0,-0.925,0,-0.38],"_humanoidState":8,"_cameraCFrame":[754.305,247.198,47.671,-0.32,-0.878,0.357,0,0.376,0.926,-0.947,0.297,-0.121],"_shiftlockState":false,"_pose":"Running","_animationQueue":[],"_animationSpeed":1.091,"_zoom":20.656},{"_mousePosition":[724,321],"_rootPartCFrame":[746.695,226.521,50.256,-0.378,0,0.926,0,1,0,-0.926,0,-0.378],"_humanoidState":8,"_cameraCFrame":[754.102,247.158,47.897,-0.303,-0.883,0.359,0,0.376,0.926,-0.953,0.281,-0.114],"_shiftlockState":false,"_pose":"Running","_animationQueue":[],"_animationSpeed":1.091,"_zoom":20.656},{"_mousePosition":[724,321],"_rootPartCFrame":[746.57,226.501,50.299,-0.374,0,0.927,0,1,0,-0.927,0,-0.374],"_humanoidState":8,"_cameraCFrame":[754.184,247.108,48.395,-0.243,-0.897,0.369,0,0.38,0.925,-0.97,0.224,-0.092],"_shiftlockState":false,"_pose":"Running","_animationQueue":[],"_animationSpeed":1.091,"_zoom":20.656},{"_mousePosition":[724,321],"_rootPartCFrame":[746.193,226.443,50.42,-0.36,0,0.933,0,1,0,-0.933,0,-0.36],"_humanoidState":8,"_cameraCFrame":[753.878,247.05,48.826,-0.203,-0.906,0.372,0,0.38,0.925,-0.979,0.188,-0.077],"_shiftlockState":false,"_pose":"Running","_animationQueue":[["walk",0.1]],"_animationSpeed":1.091,"_zoom":20.656},{"_mousePosition":[724,321],"_rootPartCFrame":[746.066,226.439,50.453,-0.353,0,0.936,0,1,0,-0.936,0,-0.353],"_humanoidState":8,"_cameraCFrame":[753.845,247.031,49.165,-0.163,-0.912,0.377,0,0.382,0.924,-0.987,0.151,-0.062],"_shiftlockState":false,"_pose":"Running","_animationQueue":[],"_animationSpeed":1.091,"_zoom":20.656},{"_mousePosition":[724,321],"_rootPartCFrame":[745.809,226.426,50.507,-0.334,0,0.943,0,1,0,-0.943,0,-0.334],"_humanoidState":8,"_cameraCFrame":[753.629,247.017,49.496,-0.128,-0.917,0.379,0,0.382,0.924,-0.992,0.119,-0.049],"_shiftlockState":false,"_pose":"Running","_animationQueue":[],"_animationSpeed":1.091,"_zoom":20.656},{"_mousePosition":[724,321],"_rootPartCFrame":[745.42,226.379,50.573,-0.301,0,0.954,0,1,0,-0.954,0,-0.301],"_humanoidState":8,"_cameraCFrame":[753.267,246.97,49.799,-0.098,-0.92,0.38,0,0.382,0.924,-0.995,0.091,-0.037],"_shiftlockState":false,"_pose":"Running","_animationQueue":[],"_animationSpeed":1.091,"_zoom":20.656},{"_mousePosition":[724,321],"_rootPartCFrame":[745.161,227.252,50.616,-0.278,0,0.96,0,1,0,-0.96,0,-0.278],"_humanoidState":3,"_cameraCFrame":[753.061,247.828,50.018,-0.075,-0.921,0.382,0,0.384,0.924,-0.997,0.07,-0.029],"_shiftlockState":false,"_pose":"Jumping","_animationQueue":[["walk",0.1],["jump",0.1]],"_animationSpeed":1,"_zoom":20.656},{"_mousePosition":[724,321],"_rootPartCFrame":[744.897,228.074,50.645,-0.255,0,0.967,0,1,0,-0.967,0,-0.255],"_humanoidState":5,"_cameraCFrame":[752.843,248.635,50.185,-0.058,-0.921,0.385,0,0.385,0.923,-0.998,0.053,-0.022],"_shiftlockState":false,"_pose":"FreeFall","_animationQueue":[["jump",0.1]],"_animationSpeed":1,"_zoom":20.656},{"_mousePosition":[724,321],"_rootPartCFrame":[744.631,228.841,50.666,-0.232,0,0.973,0,1,0,-0.973,0,-0.232],"_humanoidState":5,"_cameraCFrame":[752.583,249.402,50.327,-0.043,-0.922,0.385,0,0.385,0.923,-0.999,0.039,-0.016],"_shiftlockState":false,"_pose":"FreeFall","_animationQueue":[],"_animationSpeed":1,"_zoom":20.656},{"_mousePosition":[724,321],"_rootPartCFrame":[744.431,229.381,50.678,-0.214,0,0.977,0,1,0,-0.977,0,-0.214],"_humanoidState":5,"_cameraCFrame":[752.424,249.926,50.439,-0.03,-0.922,0.387,0,0.387,0.922,-1,0.028,-0.012],"_shiftlockState":false,"_pose":"FreeFall","_animationQueue":[],"_animationSpeed":1,"_zoom":20.656},{"_mousePosition":[724,321],"_rootPartCFrame":[744.165,230.053,50.69,-0.191,0,0.982,0,1,0,-0.982,0,-0.191],"_humanoidState":5,"_cameraCFrame":[752.197,250.583,50.531,-0.02,-0.921,0.389,0,0.389,0.921,-1,0.018,-0.008],"_shiftlockState":false,"_pose":"FreeFall","_animationQueue":[],"_animationSp