[{"_mousePosition":[1127,373],"_rootPartCFrame":[776.029,222.95,47.142,0,-0.001,1,0,1,0.001,-1,0,0],"_humanoidState":8,"_cameraCFrame":[777.527,234.145,39.396,-0.982,-0.147,0.12,0,0.631,0.776,-0.19,0.761,-0.62],"_shiftlockState":false,"_pose":"Standing","_animationQueue":[["idle",0]],"_animationSpeed":1,"_zoom":12.5},{"_mousePosition":[1125,387],"_rootPartCFrame":[775.913,222.891,47.12,0.014,0,1,0,1,0,-1,0,0.014],"_humanoidState":8,"_cameraCFrame":[777.412,234.086,39.373,-0.982,-0.147,0.12,0,0.631,0.776,-0.19,0.761,-0.62],"_shiftlockState":false,"_pose":"Standing","_animationQueue":[],"_animationSpeed":1,"_zoom":12.5},{"_mousePosition":[1124,396],"_rootPartCFrame":[775.657,222.759,47.07,0.038,0,0.999,0,1,0,-0.999,0,0.038],"_humanoidState":8,"_cameraCFrame":[777.156,233.954,39.324,-0.982,-0.147,0.12,0,0.631,0.776,-0.19,0.761,-0.62],"_shiftlockState":false,"_pose":"Running","_animationQueue":[["walk",0.1]],"_animationSpeed":0.835,"_zoom":12.5},{"_mousePosition":[1124,405],"_rootPartCFrame":[775.395,222.651,47.019,0.058,0,0.998,0,1,0,-0.998,0,0.058],"_humanoidState":8,"_cameraCFrame":[776.894,233.846,39.273,-0.982,-0.147,0.12,0,0.631,0.776,-0.19,0.761,-0.62],"_shiftlockState":false,"_pose":"Running","_animationQueue":[["walk",0.1]],"_animationSpeed":1.099,"_zoom":12.5},{"_mousePosition":[1124,421],"_rootPartCFrame":[775.133,222.661,46.969,0.076,0,0.997,0,1,0,-0.997,0,0.076],"_humanoidState":8,"_cameraCFrame":[774.914,233.856,38.89,-0.982,-0.147,0.12,0,0.631,0.776,-0.19,0.761,-0.62],"_shiftlockState":true,"_pose":"Running","_animationQueue":[],"_animationSpeed":1.099,"_zoom":12.5},{"_mousePosition":[683,384],"_rootPartCFrame":[774.806,222.679,46.905,-0.994,0,0.107,0,1,0,-0.107,0,-0.994],"_humanoidState":8,"_cameraCFrame":[774.587,233.875,38.826,-0.982,-0.147,0.12,0,0.631,0.776,-0.19,0.761,-0.62],"_shiftlockState":true,"_pose":"Running","_animationQueue":[],"_animationSpeed":1.099,"_zoom":12.5},{"_mousePosition":[683,384],"_rootPartCFrame":[774.544,222.688,46.855,-0.987,0,0.163,0,1,0,-0.163,0,-0.987],"_humanoidState":8,"_cameraCFrame":[774.301,233.985,38.899,-0.982,-0.149,0.118,0,0.621,0.784,-0.19,0.769,-0.61],"_shiftlockState":true,"_pose":"Running","_animationQueue":[],"_animationSpeed":1.099,"_zoom":12.5},{"_mousePosition":[683,384],"_rootPartCFrame":[774.348,222.693,46.817,-0.982,0,0.187,0,1,0,-0.187,0,-0.982],"_humanoidState":8,"_cameraCFrame":[774.05,234.18,39.104,-0.982,-0.151,0.114,0,0.601,0.799,-0.189,0.785,-0.591],"_shiftlockState":true,"_pose":"Running","_animationQueue":[],"_animationSpeed":1.099,"_zoom":12.5},{"_mousePosition":[683,384],"_rootPartCFrame":[773.955,222.697,46.741,-0.982,0,0.188,0,1,0,-0.188,0,-0.982],"_humanoidState":8,"_cameraCFrame":[773.562,234.519,39.487,-0.982,-0.155,0.106,0,0.564,0.826,-0.188,0.811,-0.554],"_shiftlockState":true,"_pose":"Running","_animationQueue":[["walk",0.1]],"_animationSpeed":1.099,"_zoom":12.5},{"_mousePosition":[683,384],"_rootPartCFrame":[773.562,222.699,46.665,-0.982,0,0.188,0,1,0,-0.188,0,-0.982],"_humanoidState":8,"_cameraCFrame":[773.155,234.65,39.599,-0.982,-0.16,0.105,0,0.549,0.836,-0.191,0.821,-0.538],"_shiftlockState":true,"_pose":"Running","_animationQueue":[],"_animationSpeed":1.099,"_zoom":12.5},{"_mousePosition":[683,384],"_rootPartCFrame":[773.3,222.699,46.615,-0.982,0,0.191,0,1,0,-0.191,0,-0.982],"_humanoidState":8,"_cameraCFrame":[772.884,234.754,39.706,-0.981,-0.164,0.104,0,0.536,0.844,-0.194,0.828,-0.526],"_shiftlockState":true,"_pose":"Running","_animationQueue":[],"_animationSpeed":1.099,"_zoom":12.5},{"_mousePosition":[683,384],"_rootPartCFrame":[773.039,222.699,46.564,-0.981,0,0.194,0,1,0,-0.194,0,-0.981],"_humanoidState":8,"_cameraCFrame":[772.613,234.829,39.771,-0.981,-0.167,0.103,0,0.526,0.85,-0.196,0.834,-0.516],"_shiftlockState":true,"_pose":"Running","_animationQueue":[],"_animationSpeed":1.099,"_zoom":12.5},{"_mousePosition":[683,384],"_rootPartCFrame":[772.777,222.699,46.512,-0.981,0,0.196,0,1,0,-0.196,0,-0.981],"_humanoidState":8,"_cameraCFrame":[772.322,234.898,39.83,-0.981,-0.167,0.101,0,0.517,0.856,-0.195,0.839,-0.507],"_shiftlockState":true,"_pose":"Running","_animationQueue":[],"_animationSpeed":1.099,"_zoom":12.5},{"_mousePosition":[683,384],"_rootPartCFrame":[772.45,222.7,46.447,-0.981,0,0.195,0,1,0,-0.195,0,-0.981],"_humanoidState":8,"_cameraCFrame":[771.951,234.95,39.851,-0.982,-0.164,0.097,0,0.51,0.86,-0.191,0.844,-0.501],"_shiftlockState":true,"_pose":"Running","_animationQueue":[],"_animationSpeed":1.099,"_zoom":12.5},{"_mousePosition":[683,384],"_rootPartCFrame":[772.254,222.7,46.408,-0.982,0,0.191,0,1,0,-0.191,0,-0.982],"_humanoidState":8,"_cameraCFrame":[771.688,235.011,39.919,-0.983,-0.159,0.092,0,0.502,0.865,-0.184,0.85,-0.493],"_shiftlockState":true,"_pose":"Running","_animationQueue":[["walk",0.1]],"_animationSpeed":1.099,"_zoom":12.5},{"_mousePosition":[683,384],"_rootPartCFrame":[771.992,222.7,46.357,-0.983,0,0.184,0,1,0,-0.184,0,-0.983],"_humanoidState":8,"_cameraCFrame":[771.334,235.091,40.012,-0.985,-0.151,0.085,0,0.491,0.871,-0.174,0.858,-0.483],"_shiftlockState":true,"_pose":"Running","_animationQueue":[],"_animationSpeed":1.099,"_zoom":12.5},{"_mousePosition":[683,384],"_rootPartCFrame":[771.73,222.7,46.307,-0.985,0,0.174,0,1,0,-0.174,0,-0.985],"_humanoidState":8,"_cameraCFrame":[770.972,235.159,40.093,-0.987,-0.141,0.077,0,0.481,0.877,-0.161,0.865,-0.475],"_shiftlockState":true,"_pose":"Running","_animationQueue":[],"_animationSpeed":1.099,"_zoom":12.5},{"_mousePosition":[683,384],"_rootPartCFrame":[771.468,222.7,46.261,-0.987,0,0.161,0,1,0,-0.161,0,-0.987],"_humanoidState":8,"_cameraCFrame":[770.591,235.236,40.199,-0.989,-0.129,0.068,0,0.47,0.883,-0.146,0.873,-0.465],"_shiftlockState":true,"_pose":"Running","_animationQueue":[],"_animationSpeed":1.099,"_zoom":12.5},{"_mousePosition":[683,384],"_rootPartCFrame":[771.205,222.7,46.217,-0.989,0,0.146,0,1,0,-0.146,0,-0.989],"_humanoidState":8,"_cameraCFrame":[770.213,235.292,40.278,-0.992,-0.115,0.059,0,0.461,0.887,-0.129,0.88,-0.457],"_shiftlockState":true,"_pose":"Running","_animationQueue":[],"_animationSpeed":1.099,"_zoom":12.5},{"_mousePosition":[683,384],"_rootPartCFrame":[770.875,222.7,46.168,-0.992,0,0.129,0,1,0,-0.129,0,-0.992],"_humanoidState":8,"_cameraCFrame":[769.788,235.329,40.315,-0.993,-0.102,0.052,0,0.455,0.89,-0.114,0.885,-0.452],"_shiftlockState":true,"_pose":"Running","_animationQueue":[],"_animationSpeed":1.099,"_zoom":12.5},{"_mousePosition":[683,384],"_rootPartCFrame":[770.61,222.7,46.133,-0.993,0,0.114,0,1,0,-0.114,0,-0.993],"_humanoidState":8,"_cameraCFrame":[769.424,235.37,40.378,-0.995,-0.088,0.044,0,0.449,0.894,-0.099,0.889,-0.447],"_shiftlockState":true,"_pose":"Running","_animationQueue":[],"_animationSpeed":1.099,"_zoom":12.5},{"_mousePosition":[683,384],"_rootPartCFrame":[770.346,222.7,46.102,-0.995,0,0.099,0,1,0,-0.099,0,-0.995],"_humanoidState":8,"_cameraCFrame":[769.075,235.402,40.427,-0.996,-0.076,0.038,0,0.444,0.896,-0.085,0.893,-0.442],"_shiftlockState":true,"_pose":"Running","_animationQueue":[["walk",0.1]],"_animationSpeed":1.099,"_zoom":12.5},{"_mousePosition":[683,384],"_rootPartCFrame":[770.08,222.7,46.075,-0.996,0,0.085,0,1,0,-0.085,0,-0.996],"_humanoidState":8,"_cameraCFrame":[768.713,235.2,40.618,-0.997,-0.064,0.031,0,0.437,0.899,-0.071,0.897,-0.436],"_shiftlockState":true,"_pose":"Running","_animationQueue":[],"_animationSpeed":1.099,"_zoom":9.6},{"_mousePosition":[683,384],"_rootPartCFrame":[769.749,222.649,46.042,-0.997,0,0.071,0,1,0,-0.071,0,-0.997],"_humanoidState":8,"_cameraCFrame":[768.314,234.768,40.856,-0.998,-0.055,0.026,0,0.432,0.902,-0.061,0.9,-0.431],"_shiftlockState":true,"_pose":"Running","_animationQueue":[],"_animationSpeed":1.099,"_zoom":9.6},{"_mousePosition":[683,384],"_rootPartCFrame":[769.55,222.577,46.023,-0.998,0,0.061,0,1,0,-0.061,0,-0.998],"_humanoidState":8,"_cameraCFrame":[768.08,234.282,41.071,-0.998,-0.052,0.025,0,0.43,0.903,-0.057,0.901,-0.429],"_shiftlockState":true,"_pose":"Running","_animationQueue":[],"_animationSpeed":1.099,"_zoom":9.6},{"_mousePosition":[683,384],"_rootPartCFrame":[769.218,223.661,45.99,-0.998,0,0.057,0,1,0,-0.057,0,-0.998],"_humanoidState":3,"_cameraCFrame":[767.722,234.976,41.248,-0.999,-0.049,0.023,0,0.428,0.904,-0.054,0.902,-0.428],"_shiftlockState":true,"_pose":"Jumping","_animationQueue":[["walk",0.1],["jump",0.1]],"_animationSpeed":1,"_zoom":9.6},{"_mousePosition":[683,384],"_rootPartCFrame":[769.018,224.272,45.977,-0.993,0,0.116,0,1,0,-0.116,0,-0.993],"_humanoidState":5,"_cameraCFrame":[767.514,235.289,41.385,-0.999,-0.049,0.023,0,0.428,0.904,-0.054,0.903,-0.427],"_shiftlockState":true,"_pose":"FreeFall","_animationQueue":[["jump",0.1]],"_animationSpeed":1,"_zoom":9.6},{"_mousePosition":[683,384],"_rootPartCFrame":[768.752,225.04,45.962,-0.984,0,0.178,0,1,0,-0.178,0,-0.984],"_humanoidState":5,"_cameraCFrame":[767.241,235.811,41.487,-0.999,-0.049,0.023,0,0.428,0.904,-0.054,0.903,-0.427],"_shiftlockState":true,"_pose":"FreeFall","_animationQueue":[],"_animationSpeed":1,"_zoom":9.6},{"_mousePosition":[683,384],"_rootPartCFrame":[768.552,225.58,45.951,-0.988,0,0.152,0,1,0,-0.152,0,-0.988],"_humanoidState":5,"_cameraCFrame":[767.037,236.17,41.561,-0.999,-0.049,0.023,0,0.428,0.904,-0.054,0.903,-0.427],"_shiftlockState":true,"_pose":"FreeFall","_animationQueue":[],"_animationSpeed":1,"_zoom":9.6},{"_mousePosition":[683,384],"_rootPartCFrame":[768.219,226.411,45.933,-0.976,0,0.219,0,1,0,-0.219,0,-0.976],"_humanoidState":5,"_cameraCFrame":[766.701,236.873,41.604,-0.999,-0.049,0.023,0,0.428,0.904,-0.054,0.903,-0.427],"_shiftlockState":true,"_pose":"FreeFall","_animationQueue":[],"_animationSpeed":1,"_zoom":9.6},{"_mousePosition":[683,384],"_rootPartCFrame":[767.953,227.015,45.919,-0.983,0,0.186,0,1,0,-0.186,0,-0.983],"_humanoidState":5,"_cameraCFrame":[766.432,237.391,41.631,-0.999,-0.049,0.023,0,0.428,0.904,-0.054,0.903,-0.427],"_shiftlockState":true,"_pose":"FreeFall","_animationQueue":[],"_animationSpeed":1,"_zoom":9.6},{"_mousePosition":[683,384],"_rootPartCFrame":[767.687,227.565,45.905,-0.983,0,0.186,0,1,0,-0.186,0,-0.983],"_humanoidState":5,"_cameraCFrame":[766.173,237.876,41.643,-0.998,-0.051,0.024,0,0.428,0.904,-0.056,0.902,-0.427],"_shiftlockState":true,"_pose":"FreeFall","_animationQueue":[],"_animationSpeed":1,"_zoom":9.6},{"_mousePosition":[683,384],"_rootPartCFrame":[767.42,228.06,45.89,-0.982,0,0.188,0,1,0,-0.188,0,-0.982],"_humanoidState":5,"_cameraCFrame":[765.936,238.33,41.646,-0.998,-0.057,0.027,0,0.427,0.904,-0.063,0.902,-0.426],"_shiftlockState":true,"_pose":"FreeFall","_animationQueue":[],"_animationSpeed":1,"_zoom":9.6},{"_mousePosition":[683,384],"_rootPartCFrame":[767.154,228.5,45.875,-0.981,0,0.195,0,1,0,-0.195,0,-0.981],"_humanoidState":5,"_cameraCFrame":[765.708,238.748,41.645,-0.997,-0.066,0.031,0,0.426,0.905,-0.073,0.903,-0.424],"_shiftlockState":true,"_pose":"FreeFall","_animationQueue":[],"_animationSpeed":1,"_zoom":9.6},{"_mousePosition":[683,384],"_rootPartCFrame":[766.888,228.886,45.859,-0.979,0,0.205,0,1,0,-0.205,0,-0.979],"_humanoidState":5,"_cameraCFrame":[765.467,239.119,41.635,-0.997,-0.072,0.034,0,0.425,0.905,-0.079,0.902,-0.424],"_shiftlockState":true,"_pose":"FreeFall","_animationQueue":[],"_animationSpeed":1,"_zoom":9.6},{"_mousePosition":[683,384],"_rootPartCFrame":[766.622,229.218,45.84,-0.978,0,0.211,0,1,0,-0.211,0,-0.978],"_humanoidState":5,"_cameraCFrame":[765.222,239.439,41.623,-0.996,-0.076,0.036,0,0.424,0.906,-0.084,0.902,-0.423],"_shiftlockState":true,"_pose":"FreeFall","_animationQueue":[],"_animationSpeed":1,"_zoom":9.6},{"_mousePosition":[683,384],"_rootPartCFrame":[766.356,229.495,45.819,-0.976,0,0.216,0,1,0,-0.216,0,-0.976],"_humanoidState":5,"_cameraCFrame":[764.96,239.706,41.605,-0.996,-0.077,0.036,0,0.424,0.906,-0.085,0.902,-0.423],"_shiftlockState":true,"_pose":"FreeFall","_animationQueue":[],"_animationSpeed":1,"_zoom":9.6},{"_mousePosition":[683,384],"_rootPartCFrame":[766.024,229.765,45.791,-0.968,0,0.249,0,1,0,-0.249,0,-0.968],"_humanoidState":5,"_cameraCFrame":[764.628,239.97,41.58,-0.996,-0.077,0.036,0,0.424,0.906,-0.085,0.902,-0.423],"_shiftlockState":true,"_pose":"FreeFall","_animationQueue":[],"_animationSpeed":1,"_zoom":9.6},{"_mousePosition":[683,384],"_rootPartCFrame":[765.891,229.849,45.78,-0.988,0,0.151,0,1,0,-0.151,0,-0.988],"_humanoidState":5,"_cameraCFrame":[764.494,240.054,41.577,-0.996,-0.077,0.036,0,0.423,0.906,-0.085,0.903,-0.422],"_shiftlockState":true,"_pose":"FreeFall","_animationQueue":[],"_animationSpeed":1,"_zoom":9.6},{"_mousePosition":[683,384],"_rootPartCFrame":[765.559,229.999,45.751,-0.968,0,0.249,0,1,0,-0.249,0,-0.968],"_humanoidState":5,"_cameraCFrame":[764.162,240.201,41.55,-0.996,-0.077,0.036,0,0.423,0.906,-0.085,0.903,-0.422],"_shiftlockState":true,"_pose":"FreeFall","_animationQueue":[],"_animationSpeed":1,"_zoom":9.6},{"_mousePosition":[683,384],"_rootPartCFrame":[765.36,230.048,45.734,-0.983,0,0.184,0,1,0,-0.184,0,-0.983],"_humanoidState":5,"_cameraCFrame":[763.934,240.265,41.578,-0.997,-0.072,0.033,0,0.42,0.908,-0.079,0.905,-0.418],"_shiftlockState":true,"_pose":"FreeFall","_animationQueue":[],"_animationSpeed":1,"_zoom":9.6},{"_mousePosition":[683,384],"_rootPartCFrame":[764.961,230.055,45.7,-0.961,0,0.275,0,1,0,-0.275,0,-0.961],"_humanoidState":5,"_cameraCFrame":[763.468,240.29,41.609,-0.998,-0.058,0.026,0,0.415,0.91,-0.063,0.908,-0.414],"_shiftlockState":true,"_pose":"FreeFall","_animationQueue":[["fall",0.3]],"_animationSpeed":1,"_zoom":9.6},{"_mousePosition":[683,384],"_rootPartCFrame":[764.762,230.013,45.684,-0.987,0,0.163,0,1,0,-0.163,0,-0.987],"_humanoidState":5,"_cameraCFrame":[763.164,240.263,41.667,-0.999,-0.035,0.016,0,0.412,0.911,-0.038,0.911,-0.411],"_shiftlockState":true,"_pose":"FreeFall","_animationQueue":[],"_animationSpeed":1,"_zoom":9.6},{"_mousePosition":[683,384],"_rootPartCFrame":[764.496,229.908,45.666,-0.985,0,0.171,0,1,0,-0.171,0,-0.985],"_humanoidState":5,"_cameraCFrame":[762.777,240.171,41.729,-1,-0.007,0.003,0,0.409,0.913,-0.008,0.913,-0.409],"_shiftlockState":true,"_pose":"FreeFall","_animationQueue":[],"_animationSpeed":1,"_zoom":9.6},{"_mousePosition":[683,384],"_rootPartCFrame":[764.229,229.749,45.655,-0.99,0,0.141,0,1,0,-0.141,0,-0.99],"_humanoidState":5,"_cameraCFrame":[762.392,240.021,41.793,-1,0.021,-0.009,0,0.406,0.914,0.022,0.913,-0.406],"_shiftlockState":true,"_pose":"FreeFall","_animationQueue":[],"_animationSpeed":1,"_zoom":9.6},{"_mousePosition":[683,384],"_rootPartCFrame":[763.963,229.536,45.652,-0.994,0,0.111,0,1,0,-0.111,0,-0.994],"_humanoidState":5,"_cameraCFrame":[761.997,239.807,41.853,-0.998,0.051,-0.023,0,0.406,0.914,0.056,0.912,-0.406],"_shiftlockState":true,"_pose":"FreeFall","_animationQueue":[],"_animationSpeed":1,"_zoom":9.6},{"_mousePosition":[683,384],"_rootPartCFrame":[763.696,229.268,45.657,-0.997,0,0.077,0,1,0,-0.077,0,-0.997],"_humanoidState":5,"_cameraCFrame":[761.629,239.523,41.876,-0.997,0.075,-0.034,0,0.41,0.912,0.082,0.909,-0.409],"_shiftlockState":true,"_pose":"FreeFall","_animationQueue":[],"_animationSpeed":1,"_zoom":9.6},{"_mousePosition":[683,384],"_rootPartCFrame":[763.43,228.945,45.67,-0.999,0,0.051,0,1,0,-0.051,0,-0.999],"_humanoidState":5,"_cameraCFrame":[761.29,239.175,41.871,-0.995,0.091,-0.042,0,0.416,0.909,0.1,0.905,-0.414],"_shiftlockState":true,"_pose":"FreeFall","_animationQueue":[],"_animationSpeed":1,"_zoom":9.6},{"_mousePosition":[683,384],"_rootPartCFrame":[763.164,228.568,45.691,-0.999,0,0.033,0,1,0,-0.033,0,-0.999],"_humanoidState":5,"_cameraCFrame":[760.991,238.756,41.814,-0.994,0.096,-0.045,0,0.426,0.905,0.106,0.9,-0.423],"_shiftlockState":true,"_pose":"FreeFall","_animationQueue":[["fall",0.3]],"_animationSpeed":1,"_zoom":9.6},{"_mousePosition":[683,384],"_rootPartCFrame":[762.899,228.137,45.717,-1,0,0.027,0,1,0,-0.027,0,-1],"_humanoidState":5,"_cameraCFrame":[760.727,238.257,41.692,-0.995,0.091,-0.045,0,0.44,0.898,0.102,0.893,-0.438],"_shiftlockState":true,"_pose":"FreeFall","_animationQueue":[],"_animationSpeed":1,"_zoom":9.6},{"_mousePosition":[683,384],"_rootPartCFrame":[762.658,228.229,45.741,-0.996,0,-0.088,0,1,0,0.088,0,-0.996],"_humanoidState":12,"_cameraCFrame":[760.637,238.253,41.442,-0.998,0.055,-0.029,0,0.46,0.888,0.062,0.886,-0.459],"_shiftlockState":true,"_pose":"Climbing","_animationQueue":[],"_animationSpeed":-2.26,"_zoom":9.6},{"_mousePosition":[683,384],"_rootPartCFrame":[762.377,228.507,45.769,-0.998,0,-0.057,0,1,0,0.057,0,-0.998],"_humanoidState":12,"_cameraCFrame":[760.428,238.527,41.43,-0.999,0.04,-0.021,0,0.461,0.888,0.045,0.887,-0.46],"_shiftlockState":true,"_pose":"Climbing","_animationQueue":[],"_animationSpeed":-2.26,"_zoom":9.6},{"_mousePosition":[683,384],"_rootPartCFrame":[762.304,228.6,45.777,-0.999,0,-0.045,0,1,0,0.045,0,-0.999],"_humanoidState":12,"_cameraCFrame":[760.441,238.621,41.4,-1,0.023,-0.012,0,0.461,0.888,0.026,0.887,-0.461],"_shiftlockState":true,"_pose":"Climbing","_animationQueue":[["climb",0.1]],"_animationSpeed":0.933,"_zoom":9.6},{"_mousePosition":[683,384],"_rootPartCFrame":[762.164,228.834,45.791,-1,0,-0.026,0,1,0,0.026,0,-1],"_humanoidState":12,"_cameraCFrame":[760.361,238.854,41.389,-1,0.011,-0.006,0,0.461,0.888,0.012,0.887,-0.461],"_shiftlockState":true,"_pose":"Climbing","_animationQueue":[],"_animationSpeed":0.933,"_zoom":9.6},{"_mousePosition":[683,384],"_rootPartCFrame":[762.096,229.02,45.798,-1,0,-0.012,0,1,0,0.012,0,-1],"_humanoidState":12,"_cameraCFrame":[760.331,239.037,41.374,-1,0.003,-0.002,0,0.462,0.887,0.004,0.887,-0.462],"_shiftlockState":true,"_pose":"Climbing","_animationQueue":[],"_animationSpeed":0.933,"_zoom":9.6},{"_mousePosition":[683,384],"_rootPartCFrame":[762.019,229.173,45.803,-1,0,-0.004,0,1,0,0.004,0,-1],"_humanoidState":8,"_cameraCFrame":[760.295,239.186,41.356,-1,-0.005,0.003,0,0.462,0.887,-0.006,0.887,-0.462],"_shiftlockState":true,"_pose":"Running","_animationQueue":[["walk",0.1],["climb",0.1],["walk",0.1],["walk",0.1]],"_animationSpeed":0.219,"_zoom":9.6},{"_mousePosition":[683,384],"_rootPartCFrame":[761.871,229.271,45.805,-0.995,0,0.098,0,1,0,-0.098,0,-0.995],"_humanoidState":5,"_cameraCFrame":[760.175,239.281,41.34,-1,-0.011,0.006,0,0.463,0.886,-0.012,0.886,-0.463],"_shiftlockState":true,"_pose":"FreeFall","_animationQueue":[["walk",0.1],["walk",0.1],["fall",0.3]],"_animationSpeed":1,"_zoom":9.6},{"_mousePosition":[683,384],"_rootPartCFrame":[761.671,229.315,45.801,-0.99,0,0.14,0,1,0,-0.14,0,-0.99],"_humanoidState":5,"_cameraCFrame":[759.994,239.324,41.329,-1,-0.014,0.008,0,0.463,0.886,-0.016,0.886,-0.463],"_shiftlockState":true,"_pose":"FreeFall","_animationQueue":[],"_animationSpeed":1,"_zoom":9.6},{"_mousePosition":[683,384],"_rootPartCFrame":[761.431,229.304,45.791,-0.989,0,0.148,0,1,0,-0.148,0,-0.989],"_humanoidState":5,"_cameraCFrame":[759.754,239.313,41.319,-1,-0.014,0.008,0,0.463,0.886,-0.016,0.886,-0.463],"_shiftlockState":true,"_pose":"FreeFall","_animationQueue":[],"_animationSpeed":1,"_zoom":9.6},{"_mousePosition":[683,384],"_rootPartCFrame":[761.152,229.236,45.779,-0.989,0,0.149,0,1,0,-0.149,0,-0.989],"_humanoidState":5,"_cameraCFrame":[759.474,239.245,41.307,-1,-0.014,0.008,0,0.463,0.886,-0.016,0.886,-0.463],"_shiftlockState":true,"_pose":"FreeFall","_animationQueue":[],"_animationSpeed":1,"_zoom":9.6},{"_mousePosition":[683,384],"_rootPartCFrame":[760.921,229.151,45.771,-0.993,0,0.116,0,1,0,-0.116,0,-0.993],"_humanoidState":5,"_cameraCFrame":[759.244,239.161,41.299,-1,-0.014,0.008,0,0.463,0.886,-0.016,0.886,-0.463],"_shiftlockState":true,"_pose":"FreeFall","_animationQueue":[],"_animationSpeed":1,"_zoom":9.6},{"_mousePosition":[683,384],"_rootPartCFrame":[760.533,228.942,45.758,-0.983,0,0.182,0,1,0,-0.182,0,-0.983],"_humanoidState":5,"_cameraCFrame":[758.851,238.951,41.288,-1,-0.014,0.007,0,0.463,0.886,-0.015,0.886,-0.463],"_shiftlockState":true,"_pose":"FreeFall","_animationQueue":[],"_animationSpeed":1,"_zoom":9.6},{"_mousePosition":[683,384],"_rootPartCFrame":[760.299,228.775,45.75,-0.993,0,0.115,0,1,0,-0.115,0,-0.993],"_humanoidState":5,"_cameraCFrame":[758.57,238.784,41.298,-1,-0.004,0.002,0,0.463,0.886,-0.005,0.886,-0.463],"_shiftlockState":true,"_pose":"FreeFall","_animationQueue":[],"_animationSpeed":1,"_zoom":9.6},{"_mousePosition":[683,384],"_rootPartCFrame":[759.989,228.946,45.739,-0.999,0,0.048,0,1,0,-0.048,0,-0.999],"_humanoidState":12,"_cameraCFrame":[758.108,238.955,41.349,-1,0.026,-0.014,0,0.463,0.886,0.03,0.886,-0.463],"_shiftlockState":true,"_pose":"Climbing","_animationQueue":[["fall",0.3],["walk",0.1],["fall",0.3],["climb",0.1],["climb",0]],"_animationSpeed":-1.179,"_zoom":9.6},{"_mousePosition":[683,384],"_rootPartCFrame":[759.349,229.217,45.732,-1,0,-0.027,0,1,0,0.027,0,-1],"_humanoidState":8,"_cameraCFrame":[757.385,239.226,41.378,-0.999,0.043,-0.023,0,0.463,0.886,0.049,0.885,-0.462],"_shiftlockState":true,"_pose":"Running","_animationQueue":[["walk",0.1],["climb",0.1],["walk",0.1],["walk",0.1]],"_animationSpeed":0.909,"_zoom":9.6},{"_mousePosition":[683,384],"_rootPartCFrame":[759.203,229.23,45.735,-1,0,-0.013,0,1,0,0.013,0,-1],"_humanoidState":5,"_cameraCFrame":[757.158,239.24,41.419,-0.998,0.06,-0.031,0,0.463,0.886,0.067,0.884,-0.462],"_shiftlockState":true,"_pose":"FreeFall","_animationQueue":[["walk",0.1],["fall",0.3]],"_animationSpeed":1,"_zoom":9.6},{"_mousePosition":[683,384],"_rootPartCFrame":[758.897,229.216,45.746,-0.999,0,0.052,0,1,0,-0.052,0,-0.999],"_humanoidState":5,"_cameraCFrame":[756.775,239.226,41.467,-0.996,0.076,-0.039,0,0.463,0.886,0.085,0.883,-0.461],"_shiftlockState":true,"_pose":"FreeFall","_animationQueue":[],"_animationSpeed":1,"_zoom":9.6},{"_mousePosition":[683,384],"_rootPartCFrame":[758.586,229.148,45.762,-0.999,0,0.046,0,1,0,-0.046,0,-0.999],"_humanoidState":5,"_cameraCFrame":[756.397,239.154,41.51,-0.995,0.089,-0.047,0,0.464,0.886,0.101,0.882,-0.461],"_shiftlockState":true,"_pose":"FreeFall","_animationQueue":[],"_animationSpeed":1,"_zoom":9.6},{"_mousePosition":[683,384],"_rootPartCFrame":[758.198,228.986,45.789,-0.998,0,0.065,0,1,0,-0.065,0,-0.998],"_humanoidState":5,"_cameraCFrame":[755.955,238.991,41.565,-0.994,0.1,-0.053,0,0.464,0.886,0.113,0.88,-0.461],"_shiftlockState":true,"_pose":"FreeFall","_animationQueue":[["fall",0.3]],"_animationSpeed":1,"_zoom":9.6},{"_mousePosition":[683,384],"_rootPartCFrame":[757.966,228.847,45.805,-1,0,-0.013,0,1,0,0.013,0,-1],"_humanoidState":5,"_cameraCFrame":[755.655,238.85,41.61,-0.992,0.114,-0.06,0,0.464,0.886,0.129,0.878,-0.46],"_shiftlockState":true,"_pose":"FreeFall","_animationQueue":[],"_animationSpeed":1,"_zoom":9.6},{"_mousePosition":[683,384],"_rootPartCFrame":[757.655,228.615,45.812,-1,0,0.005,0,1,0,-0.005,0,-1],"_humanoidState":5,"_cameraCFrame":[755.282,238.61,41.638,-0.99,0.127,-0.067,0,0.466,0.885,0.143,0.876,-0.461],"_shiftlockState":true,"_pose":"FreeFall","_animationQueue":[],"_animationSpeed":1,"_zoom":9.6},{"_mousePosition":[683,384],"_rootPartCFrame":[757.423,228.406,45.802,-0.999,0,-0.042,0,1,0,0.042,0,-0.999],"_humanoidState":5,"_cameraCFrame":[754.983,238.397,41.659,-0.987,0.141,-0.074,0,0.467,0.885,0.159,0.873,-0.461],"_shiftlockState":true,"_pose":"FreeFall","_animationQueue":[],"_animationSpeed":1,"_zoom":9.6},{"_mousePosition":[683,384],"_rootPartCFrame":[757.036,227.988,45.811,-1,0,0.009,0,1,0,-0.009,0,-1],"_humanoidState":5,"_cameraCFrame":[754.562,237.979,41.689,-0.986,0.148,-0.078,0,0.467,0.885,0.167,0.872,-0.46],"_shiftlockState":true,"_pose":"FreeFall","_animationQueue":[],"_animationSpeed":1,"_zoom":9.6},{"_mousePosition":[683,384],"_rootPartCFrame":[756.84,228.05,45.818,-0.992,0,-0.13,0,1,0,0.13,0,-0.992],"_humanoidState":12,"_cameraCFrame":[754.353,238.041,41.703,-0.985,0.151,-0.079,0,0.467,0.885,0.17,0.872,-0.46],"_shiftlockState":true,"_pose":"Climbing","_animationQueue":[["walk",0.1],["fall",0.3],["climb",0.1],["climb",0]],"_animationSpeed":-1.807,"_zoom":9.6},{"_mousePosition":[683,384],"_rootPartCFrame":[756.627,228.232,45.842,-0.987,0,-0.162,0,1,0,0.162,0,-0.987],"_humanoidState":12,"_cameraCFrame":[754.754,231.381,45.284,-0.985,0.151,-0.079,0,0.467,0.885,0.17,0.872,-0.46],"_shiftlockState":true,"_pose":"Climbing","_animationQueue":[["climb",0.1]],"_animationSpeed":0.789,"_zoom":9.6},{"_mousePosition":[683,384],"_rootPartCFrame":[756.355,228.407,45.853,-0.988,-0.001,-0.156,-0.001,1,0,0.156,0,-0.988],"_humanoidState":8,"_cameraCFrame":[754.497,231.381,45.385,-0.985,0.151,-0.079,0,0.467,0.885,0.17,0.872,-0.46],"_shiftlockState":true,"_pose":"Running","_animationQueue":[["walk",0.1],["climb",0.1],["walk",0.1],["walk",0.1]],"_animationSpeed":0.818,"_zoom":9.6},{"_mousePosition":[683,384],"_rootPartCFrame":[756.079,228.483,45.859,-0.997,0,-0.075,0,1,0,0.075,0,-0.997],"_humanoidState":5,"_cameraCFrame":[754.228,231.381,45.43,-0.985,0.151,-0.079,0,0.467,0.885,0.17,0.872,-0.46],"_shiftlockState":true,"_pose":"FreeFall","_animationQueue":[["walk",0.1],["fall",0.3]],"_animationSpeed":1,"_zoom":9.6},{"_mousePosition":[683,384],"_rootPartCFrame":[755.85,228.505,45.849,-0.997,0,-0.073,0,1,0,0.073,0,-0.997],"_humanoidState":5,"_cameraCFrame":[754.001,231.381,45.432,-0.985,0.151,-0.079,0,0.467,0.885,0.17,0.872,-0.46],"_shiftlockState":true,"_pose":"FreeFall","_animationQueue":[],"_animationSpeed":1,"_zoom":9.6},{"_mousePosition":[683,384],"_rootPartCFrame":[755.465,228.523,45.85,-1,0,-0.003,0,1,0,0.003,0,-1],"_humanoidState":5,"_cameraCFrame":[753.619,231.381,45.441,-0.985,0.151,-0.079,0,0.467,0.885,0.17,0.872,-0.46],"_shiftlockState":true,"_pose":"FreeFall","_animationQueue":[],"_animationSpeed":1,"_zoom":9.6},{"_mousePosition":[683,384],"_rootPartCFrame":[755.244,228.558,45.802,-0.997,0.001,-0.076,0.002,1,-0.015,0.076,-0.015,-0.997],"_humanoidState":5,"_cameraCFrame":[753.402,231.381,45.39,-0.985,0.151,-0.079,0,0.467,0.885,0.17,0.872,-0.46],"_shiftlockState":true,"_pose":"FreeFall","_animationQueue":[],"_animationSpeed":1,"_zoom":9.6},{"_mousePosition":[683,384],"_rootPartCFrame":[754.867,228.524,45.796,-1,0.001,-0.01,0.001,1,-0.014,0.01,-0.014,-1],"_humanoidState":5,"_cameraCFrame":[753.021,231.381,45.367,-0.985,0.151,-0.079,0,0.467,0.885,0.17,0.872,-0.46],"_shiftlockState":true,"_pose":"FreeFall","_animationQueue":[],"_animationSpeed":1,"_zoom":9.6},{"_mousePosition":[683,384],"_rootPartCFrame":[754.598,228.541,45.749,-0.999,0.001,-0.048,0.002,1,-0.022,0.048,-0.022,-0.999],"_humanoidState":5,"_cameraCFrame":[752.755,231.381,45.317,-0.985,0.151,-0.079,0,0.467,0.885,0.17,0.872,-0.46],"_shiftlockState":true,"_pose":"FreeFall","_animationQueue":[],"_animationSpeed":1,"_zoom":9.6},{"_mousePosition":[683,384],"_rootPartCFrame":[754.334,228.533,45.733,-0.999,0.003,-0.047,0.004,1,-0.021,0.047,-0.021,-0.999],"_humanoidState":5,"_cameraCFrame":[752.493,231.381,45.299,-0.985,0.151,-0.079,0,0.467,0.885,0.17,0.872,-0.46],"_shiftlockState":true,"_pose":"FreeFall","_animationQueue":[["fall",0.3]],"_animationSpeed":1,"_zoom":9.6},{"_mousePosition":[683,384],"_rootPartCFrame":[754.126,228.478,45.716,-0.997,0,-0.071,0.001,1,-0.01,0.071,-0.01,-0.997],"_humanoidState":5,"_cameraCFrame":[752.276,231.381,45.269,-0.985,0.151,-0.079,0,0.467,0.885,0.17,0.872,-0.46],"_shiftlockState":true,"_pose":"FreeFall","_animationQueue":[],"_animationSpeed":1,"_zoom":9.6},{"_mousePosition":[683,384],"_rootPartCFrame":[753.755,228.321,45.744,-1,-0.001,-0.005,-0.001,1,-0.001,0.005,-0.001,-1],"_humanoidState":5,"_cameraCFrame":[751.892,231.381,45.222,-0.986,0.147,-0.078,0,0.467,0.885,0.166,0.872,-0.46],"_shiftlockState":true,"_pose":"FreeFall","_animationQueue":[],"_animationSpeed":1,"_zoom":9.6},{"_mousePosition":[683,384],"_rootPartCFrame":[753.543,228.187,45.737,-0.998,-0.001,-0.067,-0.001,1,0,0.067,0,-0.998],"_humanoidState":5,"_cameraCFrame":[751.679,231.381,45.13,-0.988,0.135,-0.07,0,0.462,0.887,0.152,0.877,-0.457],"_shiftlockState":true,"_pose":"FreeFall","_animationQueue":[],"_animationSpeed":1,"_zoom":9.6},{"_mousePosition":[683,384],"_rootPartCFrame":[753.166,227.896,45.767,-1,0,0.014,0,1,0,-0.014,0,-1],"_humanoidState":5,"_cameraCFrame":[751.296,231.383,45.028,-0.99,0.124,-0.062,0,0.446,0.895,0.138,0.886,-0.442],"_shiftlockState":true,"_pose":"FreeFall","_animationQueue":[],"_animationSpeed":1,"_zoom":9.6},{"_mousePosition":[683,384],"_rootPartCFrame":[752.915,228.018,45.798,-0.995,0,-0.097,0,1,0,0.097,0,-0.995],"_humanoidState":12,"_cameraCFrame":[751.054,231.383,45.118,-0.991,0.123,-0.061,0,0.446,0.895,0.137,0.887,-0.441],"_shiftlockState":true,"_pose":"Climbing","_animationQueue":[["walk",0.1],["fall",0.3],["climb",0.1],["climb",0]],"_animationSpeed":-1.297,"_zoom":9.6},{"_mousePosition":[683,384],"_rootPartCFrame":[752.762,228.156,45.818,-0.991,0,-0.133,0,1,0,0.133,0,-0.991],"_humanoidState":12,"_cameraCFrame":[750.91,231.383,45.206,-0.991,0.123,-0.061,0,0.446,0.895,0.137,0.887,-0.441],"_shiftlockState":true,"_pose":"Climbing","_animationQueue":[["climb",0.1]],"_animationSpeed":0.889,"_zoom":9.6},{"_mousePosition":[683,384],"_rootPartCFrame":[752.544,228.308,45.846,-0.991,0,-0.136,0,1,0,0.136,0,-0.991],"_humanoidState":8,"_cameraCFrame":[750.703,231.383,45.31,-0.991,0.123,-0.061,0,0.446,0.895,0.137,0.887,-0.441],"_shiftlockState":true,"_pose":"Running","_animationQueue":[["walk",0.1],["walk",0.1]],"_animationSpeed":0.809,"_zoom":9.6},{"_mousePosition":[683,384],"_rootPartCFrame":[752.183,228.422,45.892,-1,0,-0.014,0,1,0,0.014,0,-1],"_humanoidState":5,"_cameraCFrame":[750.349,231.383,45.412,-0.991,0.123,-0.061,0,0.446,0.895,0.137,0.887,-0.441],"_shiftlockState":true,"_pose":"FreeFall","_animationQueue":[["walk",0.1],["fall",0.3]],"_animationSpeed":1,"_zoom":9.6},{"_mousePosition":[683,384],"_rootPartCFrame":[751.951,228.449,45.874,-0.999,0,-0.038,0,1,0,0.038,0,-0.999],"_humanoidState":5,"_cameraCFrame":[750.12,231.383,45.407,-0.991,0.123,-0.061,0,0.446,0.895,0.137,0.887,-0.441],"_shiftlockState":true,"_pose":"FreeFall","_animationQueue":[],"_animationSpeed":1,"_zoom":9.6},{"_mousePosition":[683,384],"_rootPartCFrame":[751.564,228.426,45.866,-1,0,0.031,0,1,0,-0.031,0,-1],"_humanoidState":5,"_cameraCFrame":[749.731,231.383,45.387,-0.991,0.123,-0.061,0,0.446,0.895,0.137,0.887,-0.441],"_shiftlockState":true,"_pose":"FreeFall","_animationQueue":[],"_animationSpeed":1,"_zoom":9.6},{"_mousePosition":[683,384],"_rootPartCFrame":[751.332,228.372,45.833,-0.999,0,-0.035,0,1,0,0.035,0,-0.999],"_humanoidState":5,"_cameraCFrame":[749.495,231.383,45.328,-0.991,0.123,-0.061,0,0.446,0.895,0.137,0.887,-0.441],"_shiftlockState":true,"_pose":"FreeFall","_animationQueue":[],"_animationSpeed":1,"_zoom":9.6},{"_mousePosition":[683,384],"_rootPartCFrame":[750.945,228.213,45.83,-1,0,0.031,0,1,0,-0.031,0,-1],"_humanoidState":5,"_cameraCFrame":[749.097,231.383,45.246,-0.991,0.123,-0.061,0,0.446,0.895,0.137,0.887,-0.441],"_shiftlockState":true,"_pose":"FreeFall","_animationQueue":[],"_animationSpeed":1,"_zoom":9.6},{"_mousePosition":[683,384],"_rootPartCFrame":[750.719,228.076,45.787,-0.999,0,-0.036,0,1,0,0.036,0,-0.999],"_humanoidState":5,"_cameraCFrame":[748.863,231.383,45.136,-0.991,0.123,-0.061,0,0.446,0.895,0.137,0.887,-0.441],"_shiftlockState":true,"_pose":"FreeFall","_animationQueue":[],"_animationSpeed":1,"_zoom":9.6},{"_mousePosition":[683,384],"_rootPartCFrame":[750.415,228.253,45.784,-0.996,0,-0.094,0,1,0,0.094,0,-0.996],"_humanoidState":12,"_cameraCFrame":[748.57,231.383,45.22,-0.991,0.123,-0.061,0,0.446,0.895,0.137,0.887,-0.441],"_shiftlockState":true,"_pose":"Climbing","_animationQueue":[["fall",0.3],["walk",0.1],["fall",0.3],["climb",0.1],["climb",0]],"_animationSpeed":-0.976,"_zoom":9.6},{"_mousePosition":[683,384],"_rootPartCFrame":[750.183,228.403,45.797,-0.991,0,-0.134,0,1,0,0.134,0,-0.991],"_humanoidState":8,"_cameraCFrame":[748.348,231.383,45.306,-0.991,0.123,-0.061,0,0.446,0.895,0.137,0.887,-0.441],"_shiftlockState":true,"_pose":"Running","_animationQueue":[["walk",0.1],["climb",0.1],["walk",0.1],["walk",0.1]],"_animationSpeed":0.889,"_zoom":9.6},{"_mousePosition":[683,384],"_rootPartCFrame":[749.893,228.498,45.832,-0.999,0,-0.045,0,1,0,0.045,0,-0.999],"_humanoidState":5,"_cameraCFrame":[748.065,231.383,45.388,-0.991,0.123,-0.061,0,0.446,0.895,0.137,0.887,-0.441],"_shiftlockState":true,"_pose":"FreeFall","_animationQueue":[["walk",0.1],["fall",0.3]],"_animationSpeed":1,"_zoom":9.6},{"_mousePosition":[683,384],"_rootPartCFrame":[749.585,228.539,45.851,-1,0,-0.008,0,1,0,0.008,0,-1],"_humanoidState":5,"_cameraCFrame":[747.76,231.383,45.428,-0.991,0.123,-0.061,0,0.446,0.895,0.137,0.887,-0.441],"_shiftlockState":true,"_pose":"FreeFall","_animationQueue":[],"_animationSpeed":1,"_zoom":9.6},{"_mousePosition":[683,384],"_rootPartCFrame":[749.353,228.56,45.842,-0.999,0,-0.036,0,1,0,0.036,0,-0.999],"_humanoidState":5,"_cameraCFrame":[747.527,231.383,45.439,-0.99,0.128,-0.064,0,0.446,0.895,0.143,0.886,-0.442],"_shiftlockState":true,"_pose":"FreeFall","_animationQueue":[],"_animationSpeed":1,"_zoom":9.6},{"_mousePosition":[683,384],"_rootPartCFrame":[748.971,228.533,45.835,-1,0.001,0.02,0.001,1,-0.006,-0.02,-0.006,-1],"_humanoidState":5,"_cameraCFrame":[747.135,231.382,45.431,-0.987,0.144,-0.073,0,0.453,0.892,0.161,0.88,-0.447],"_shiftlockState":true,"_pose":"FreeFall","_animationQueue":[],"_animationSpeed":1,"_zoom":9.6},{"_mousePosition":[683,384],"_rootPartCFrame":[748.675,228.546,45.789,-0.999,0,-0.036,0.001,1,-0.018,0.036,-0.018,-0.999],"_humanoidState":5,"_cameraCFrame":[746.836,231.382,45.369,-0.987,0.145,-0.075,0,0.458,0.889,0.163,0.877,-0.452],"_shiftlockState":true,"_pose":"FreeFall","_animationQueue":[],"_animationSpeed":1,"_zoom":9.6},{"_mousePosition":[683,384],"_rootPartCFrame":[748.377,228.532,45.781,-0.999,0.005,-0.038,0.005,1,-0.019,0.038,-0.019,-0.999],"_humanoidState":5,"_cameraCFrame":[746.499,231.915,45.078,-0.987,0.145,-0.075,0,0.459,0.888,0.163,0.876,-0.453],"_shiftlockState":true,"_pose":"FreeFall","_animationQueue":[["fall",0.3]],"_animationSpeed":1,"_zoom":9.6},{"_mousePosition":[683,384],"_rootPartCFrame":[748.112,228.534,45.743,-0.999,0.004,-0.039,0.005,1,-0.022,0.039,-0.022,-0.999],"_humanoidState":5,"_cameraCFrame":[746.133,233.092,44.435,-0.987,0.145,-0.075,0,0.459,0.888,0.163,0.876,-0.453],"_shiftlockState":true,"_pose":"FreeFall","_animationQueue":[],"_animationSpeed":1,"_zoom":9.6},{"_mousePosition":[683,384],"_rootPartCFrame":[747.924,228.54,45.719,-0.997,0.005,-0.072,0.007,1,-0.024,0.072,-0.025,-0.997],"_humanoidState":5,"_cameraCFrame":[745.836,234.414,43.736,-0.987,0.145,-0.075,0,0.459,0.888,0.163,0.876,-0.453],"_shiftlockState":true,"_pose":"FreeFall","_animationQueue":[],"_animationSpeed":1,"_zoom":9.6},{"_mousePosition":[683,384],"_rootPartCFrame":[747.593,228.447,45.7,-1,0.001,0.001,0.001,1,-0.007,-0.001,-0.007,-1],"_humanoidState":5,"_cameraCFrame":[745.417,235.285,43.251,-0.987,0.145,-0.075,0,0.459,0.888,0.163,0.876,-0.453],"_shiftlockState":true,"_pose":"FreeFall","_animationQueue":[],"_animationSpeed":1,"_zoom":9.6},{"_mousePosition":[683,384],"_rootPartCFrame":[747.374,228.353,45.706,-0.998,-0.001,-0.064,-0.001,1,-0.002,0.064,-0.002,-0.998],"_humanoidState":5,"_cameraCFrame":[745.118,236.122,42.789,-0.987,0.145,-0.075,0,0.459,0.888,0.163,0.876,-0.453],"_shiftlockState":true,"_pose":"FreeFall","_animationQueue":[],"_animationSpeed":1,"_zoom":9.6},{"_mousePosition":[683,384],"_rootPartCFrame":[746.995,228.128,45.749,-1,-0.001,0.003,-0.001,1,0,-0.003,0,-1],"_humanoidState":5,"_cameraCFrame":[744.686,236.526,42.515,-0.987,0.145,-0.075,0,0.459,0.888,0.163,0.876,-0.453],"_shiftlockState":true,"_pose":"FreeFall","_animationQueue":[],"_animationSpeed":1,"_zoom":9.6},{"_mousePosition":[683,384],"_rootPartCFrame":[746.8,228.213,45.774,-0.992,0,-0.126,0,1,0,0.126,0,-0.992],"_humanoidState":12,"_cameraCFrame":[744.452,237.081,42.301,-0.987,0.145,-0.075,0,0.459,0.888,0.163,0.876,-0.453],"_shiftlockState":true,"_pose":"Climbing","_animationQueue":[["walk",0.1],["fall",0.3],["climb",0.1],["climb",0]],"_animationSpeed":-1.031,"_zoom":9.6},{"_mousePosition":[683,384],"_rootPartCFrame":[746.484,228.364,45.803,-0.99,-0.001,-0.141,0,1,-0.001,0.141,-0.001,-0.99],"_humanoidState":8,"_cameraCFrame":[744.105,237.595,42.143,-0.987,0.145,-0.075,0,0.459,0.888,0.163,0.876,-0.453],"_shiftlockState":true,"_pose":"Running","_animationQueue":[["walk",0.1],["climb",0.1],["walk",0.1],["walk",0.1]],"_animationSpeed":1.011,"_zoom":9.6},{"_mousePosition":[683,384],"_rootPartCFrame":[746.268,228.412,45.812,-0.995,0,-0.095,0,1,0,0.095,0,-0.995],"_humanoidState":5,"_cameraCFrame":[743.867,237.896,42.023,-0.987,0.145,-0.075,0,0.459,0.888,0.163,0.876,-0.453],"_shiftlockState":true,"_pose":"FreeFall","_animationQueue":[["walk",0.1],["fall",0.3]],"_animationSpeed":1,"_zoom":9.6},{"_mousePosition":[683,384],"_rootPartCFrame":[745.885,228.423,45.834,-1,0,-0.003,0,1,0,0.003,0,-1],"_humanoidState":5,"_cameraCFrame":[743.47,238.084,41.956,-0.987,0.145,-0.075,0,0.459,0.888,0.163,0.876,-0.453],"_shiftlockState":true,"_pose":"FreeFall","_animationQueue":[],"_animationSpeed":1,"_zoom":9.6},{"_mousePosition":[683,384],"_rootPartCFrame":[745.654,228.389,45.811,-0.998,0,-0.062,0,1,0,0.062,0,-0.998],"_humanoidState":5,"_cameraCFrame":[743.229,238.165,41.874,-0.987,0.145,-0.075,0,0.459,0.888,0.163,0.876,-0.453],"_shiftlockState":true,"_pose":"FreeFall","_animationQueue":[],"_animationSpeed":1,"_zoom":9.6},{"_mousePosition":[683,384],"_rootPartCFrame":[745.268,228.265,45.82,-1,0,0.005,0,1,0,-0.005,0,-1],"_humanoidState":5,"_cameraCFrame":[742.836,238.124,41.84,-0.987,0.145,-0.075,0,0.459,0.888,0.163,0.876,-0.453],"_shiftlockState":true,"_pose":"FreeFall","_animationQueue":[],"_animationSpeed":1,"_zoom":9.6},{"_mousePosition":[683,384],"_rootPartCFrame":[745.036,228.149,45.793,-0.987,0,-0.163,0,1,0,0.163,0,-0.987],"_humanoidState":5,"_cameraCFrame":[742.573,238.18,41.746,-0.986,0.149,-0.077,0,0.459,0.889,0.167,0.876,-0.452],"_shiftlockState":true,"_pose":"FreeFall","_animationQueue":[["fall",0.3],["fall",0.3]],"_animationSpeed":1,"_zoom":9.6},{"_mousePosition":[683,384],"_rootPartCFrame":[744.816,228.003,45.774,-0.998,0,-0.066,0,1,0,0.066,0,-0.998],"_humanoidState":5,"_cameraCFrame":[742.344,238.044,41.755,-0.985,0.152,-0.078,0,0.456,0.89,0.171,0.877,-0.45],"_shiftlockState":true,"_pose":"FreeFall","_animationQueue":[],"_animationSpeed":1,"_zoom":9.6},{"_mousePosition":[683,384],"_rootPartCFrame":[744.548,227.76,45.749,-0.999,0,-0.037,0,1,0,0.037,0,-0.999],"_humanoidState":5,"_cameraCFrame":[742.065,237.805,41.745,-0.985,0.155,-0.079,0,0.456,0.89,0.174,0.877,-0.449],"_shiftlockState":true,"_pose":"FreeFall","_animationQueue":[],"_animationSpeed":1,"_zoom":9.6},{"_mousePosition":[683,384],"_rootPartCFrame":[744.35,227.542,45.748,-0.997,0,-0.074,0,1,0,0.074,0,-0.997],"_humanoidState":5,"_cameraCFrame":[741.856,237.59,41.759,-0.984,0.157,-0.08,0,0.455,0.89,0.177,0.876,-0.448],"_shiftlockState":true,"_pose":"FreeFall","_animationQueue":[],"_animationSpeed":1,"_zoom":9.6},{"_mousePosition":[683,384],"_rootPartCFrame":[744.022,227.11,45.786,-1,0,-0.01,0,1,0,0.01,0,-1],"_humanoidState":5,"_cameraCFrame":[741.52,237.163,41.808,-0.984,0.159,-0.081,0,0.454,0.891,0.179,0.876,-0.447],"_shiftlockState":true,"_pose":"FreeFall","_animationQueue":[],"_animationSpeed":1,"_zoom":9.6},{"_mousePosition":[683,384],"_rootPartCFrame":[743.759,226.704,45.788,-0.999,0,-0.044,0,1,0,0.044,0,-0.999],"_humanoidState":5,"_cameraCFrame":[741.242,236.76,41.827,-0.983,0.163,-0.083,0,0.454,0.891,0.183,0.876,-0.446],"_shiftlockState":true,"_pose":"FreeFall","_animationQueue":[],"_animationSpeed":1,"_zoom":9.6},{"_mousePosition":[683,384],"_rootPartCFrame":[743.563,226.363,45.773,-0.997,0,-0.081,0,1,0,0.081,0,-0.997],"_humanoidState":5,"_cameraCFrame":[741.037,236.419,41.818,-0.983,0.165,-0.084,0,0.454,0.891,0.185,0.876,-0.446],"_shiftlockState":true,"_pose":"FreeFall","_animationQueue":[],"_animationSpeed":1,"_zoom":9.6},{"_mousePosition":[683,384],"_rootPartCFrame":[743.235,225.728,45.795,-1,0,-0.017,0,1,0,0.017,0,-1],"_humanoidState":5,"_cameraCFrame":[740.701,235.784,41.845,-0.982,0.167,-0.085,0,0.454,0.891,0.187,0.875,-0.446],"_shiftlockState":true,"_pose":"FreeFall","_animationQueue":[["fall",0.3]],"_animationSpeed":1,"_zoom":9.6},{"_mouseP