[{"_mousePosition":[1065,370],"_rootPartCFrame":[776.024,222.954,47.142,0.002,0.003,1,0,1,-0.003,-1,0,0.002],"_humanoidState":8,"_cameraCFrame":[780.641,235.123,45.546,-0.327,-0.859,0.393,0,0.416,0.909,-0.945,0.297,-0.136],"_shiftlockState":false,"_pose":"Standing","_animationQueue":[],"_animationSpeed":1,"_zoom":11.733},{"_mousePosition":[1040,377],"_rootPartCFrame":[775.968,222.868,46.98,0.124,0.001,0.992,0,1,-0.001,-0.992,0,0.124],"_humanoidState":8,"_cameraCFrame":[780.582,235.037,45.383,-0.327,-0.859,0.393,0,0.416,0.909,-0.945,0.297,-0.136],"_shiftlockState":false,"_pose":"Standing","_animationQueue":[],"_animationSpeed":1,"_zoom":11.733},{"_mousePosition":[1029,381],"_rootPartCFrame":[775.881,222.721,46.73,0.27,0,0.963,0,1,0,-0.963,0,0.27],"_humanoidState":8,"_cameraCFrame":[780.494,234.89,45.133,-0.327,-0.859,0.393,0,0.416,0.909,-0.945,0.297,-0.136],"_shiftlockState":false,"_pose":"Running","_animationQueue":[["walk",0.1]],"_animationSpeed":1.004,"_zoom":11.733},{"_mousePosition":[1000,390],"_rootPartCFrame":[775.794,222.611,46.478,0.393,0,0.92,0,1,0,-0.92,0,0.393],"_humanoidState":8,"_cameraCFrame":[780.407,234.78,44.881,-0.327,-0.859,0.393,0,0.416,0.909,-0.945,0.297,-0.136],"_shiftlockState":false,"_pose":"Running","_animationQueue":[["walk",0.1]],"_animationSpeed":1.101,"_zoom":11.733},{"_mousePosition":[990,395],"_rootPartCFrame":[775.707,222.636,46.226,0.494,0,0.87,0,1,0,-0.87,0,0.494],"_humanoidState":8,"_cameraCFrame":[780.32,234.806,44.629,-0.327,-0.859,0.393,0,0.416,0.909,-0.945,0.297,-0.136],"_shiftlockState":false,"_pose":"Running","_animationQueue":[],"_animationSpeed":1.101,"_zoom":11.733},{"_mousePosition":[937,422],"_rootPartCFrame":[775.62,222.663,45.974,0.576,0,0.817,0,1,0,-0.817,0,0.576],"_humanoidState":8,"_cameraCFrame":[780.232,234.832,44.377,-0.327,-0.859,0.393,0,0.416,0.909,-0.945,0.297,-0.136],"_shiftlockState":false,"_pose":"Running","_animationQueue":[],"_animationSpeed":1.101,"_zoom":11.733},{"_mousePosition":[922,432],"_rootPartCFrame":[775.402,222.692,45.344,0.733,0,0.68,0,1,0,-0.68,0,0.733],"_humanoidState":8,"_cameraCFrame":[780.015,234.861,43.747,-0.327,-0.859,0.393,0,0.416,0.909,-0.945,0.297,-0.136],"_shiftlockState":false,"_pose":"Running","_animationQueue":[["walk",0.1]],"_animationSpeed":1.101,"_zoom":11.733},{"_mousePosition":[904,443],"_rootPartCFrame":[775.358,222.694,45.218,0.753,0,0.658,0,1,0,-0.658,0,0.753],"_humanoidState":8,"_cameraCFrame":[779.399,234.863,41.967,-0.327,-0.859,0.393,0,0.416,0.909,-0.945,0.297,-0.136],"_shiftlockState":true,"_pose":"Running","_animationQueue":[],"_animationSpeed":1.101,"_zoom":11.733},{"_mousePosition":[683,384],"_rootPartCFrame":[775.271,222.697,44.966,-0.388,0,0.922,0,1,0,-0.922,0,-0.388],"_humanoidState":8,"_cameraCFrame":[779.312,234.866,41.715,-0.327,-0.859,0.393,0,0.416,0.909,-0.945,0.297,-0.136],"_shiftlockState":true,"_pose":"Running","_animationQueue":[],"_animationSpeed":1.101,"_zoom":11.733},{"_mousePosition":[683,384],"_rootPartCFrame":[775.14,222.698,44.588,-0.334,0,0.943,0,1,0,-0.943,0,-0.334],"_humanoidState":8,"_cameraCFrame":[778.912,234.957,41.307,-0.351,-0.859,0.374,0,0.399,0.917,-0.936,0.322,-0.14],"_shiftlockState":true,"_pose":"Running","_animationQueue":[],"_animationSpeed":1.101,"_zoom":11.733},{"_mousePosition":[683,384],"_rootPartCFrame":[775.053,222.699,44.336,-0.351,0,0.936,0,1,0,-0.936,0,-0.351],"_humanoidState":8,"_cameraCFrame":[778.407,235.092,41.046,-0.384,-0.857,0.343,0,0.372,0.928,-0.923,0.356,-0.143],"_shiftlockState":true,"_pose":"Running","_animationQueue":[],"_animationSpeed":1.101,"_zoom":11.733},{"_mousePosition":[683,384],"_rootPartCFrame":[774.984,222.699,44.148,-0.384,0,0.923,0,1,0,-0.923,0,-0.384],"_humanoidState":8,"_cameraCFrame":[777.983,235.201,40.878,-0.411,-0.855,0.317,0,0.347,0.938,-0.912,0.385,-0.143],"_shiftlockState":true,"_pose":"Running","_animationQueue":[],"_animationSpeed":1.101,"_zoom":11.733},{"_mousePosition":[683,384],"_rootPartCFrame":[774.883,222.699,43.901,-0.411,0,0.912,0,1,0,-0.912,0,-0.411],"_humanoidState":8,"_cameraCFrame":[777.567,235.291,40.659,-0.435,-0.851,0.294,0,0.326,0.945,-0.9,0.412,-0.142],"_shiftlockState":true,"_pose":"Running","_animationQueue":[],"_animationSpeed":1.101,"_zoom":11.733},{"_mousePosition":[683,384],"_rootPartCFrame":[774.775,222.7,43.658,-0.435,0,0.9,0,1,0,-0.9,0,-0.435],"_humanoidState":8,"_cameraCFrame":[777.196,235.36,40.446,-0.457,-0.846,0.275,0,0.309,0.951,-0.89,0.435,-0.141],"_shiftlockState":true,"_pose":"Running","_animationQueue":[["walk",0.1]],"_animationSpeed":1.101,"_zoom":11.733},{"_mousePosition":[683,384],"_rootPartCFrame":[774.659,222.7,43.417,-0.457,0,0.89,0,1,0,-0.89,0,-0.457],"_humanoidState":8,"_cameraCFrame":[776.811,235.425,40.241,-0.481,-0.839,0.255,0,0.291,0.957,-0.877,0.46,-0.14],"_shiftlockState":true,"_pose":"Running","_animationQueue":[],"_animationSpeed":1.101,"_zoom":11.733},{"_mousePosition":[683,384],"_rootPartCFrame":[774.538,222.7,43.179,-0.481,0,0.877,0,1,0,-0.877,0,-0.481],"_humanoidState":8,"_cameraCFrame":[776.438,235.481,40.042,-0.505,-0.83,0.237,0,0.275,0.962,-0.863,0.485,-0.139],"_shiftlockState":true,"_pose":"Running","_animationQueue":[],"_animationSpeed":1.101,"_zoom":11.733},{"_mousePosition":[683,384],"_rootPartCFrame":[774.411,222.7,42.945,-0.505,0,0.863,0,1,0,-0.863,0,-0.505],"_humanoidState":8,"_cameraCFrame":[776.081,235.529,39.85,-0.527,-0.821,0.221,0,0.26,0.966,-0.85,0.509,-0.137],"_shiftlockState":true,"_pose":"Running","_animationQueue":[],"_animationSpeed":1.101,"_zoom":11.733},{"_mousePosition":[683,384],"_rootPartCFrame":[774.277,222.7,42.714,-0.527,0,0.85,0,1,0,-0.85,0,-0.527],"_humanoidState":8,"_cameraCFrame":[775.76,235.565,39.657,-0.547,-0.811,0.208,0,0.248,0.969,-0.837,0.529,-0.136],"_shiftlockState":true,"_pose":"Running","_animationQueue":[],"_animationSpeed":1.101,"_zoom":11.733},{"_mousePosition":[683,384],"_rootPartCFrame":[774.138,222.7,42.487,-0.547,0,0.837,0,1,0,-0.837,0,-0.547],"_humanoidState":8,"_cameraCFrame":[775.433,235.6,39.473,-0.567,-0.801,0.195,0,0.237,0.972,-0.824,0.55,-0.134],"_shiftlockState":true,"_pose":"Running","_animationQueue":[],"_animationSpeed":1.101,"_zoom":11.733},{"_mousePosition":[683,384],"_rootPartCFrame":[773.993,222.7,42.263,-0.567,0,0.824,0,1,0,-0.824,0,-0.567],"_humanoidState":8,"_cameraCFrame":[775.149,235.624,39.284,-0.582,-0.792,0.185,0,0.228,0.974,-0.813,0.567,-0.133],"_shiftlockState":true,"_pose":"Running","_animationQueue":[],"_animationSpeed":1.101,"_zoom":11.733},{"_mousePosition":[683,384],"_rootPartCFrame":[773.843,222.7,42.043,-0.582,0,0.813,0,1,0,-0.813,0,-0.582],"_humanoidState":8,"_cameraCFrame":[774.876,235.643,39.092,-0.597,-0.782,0.177,0,0.221,0.975,-0.802,0.582,-0.132],"_shiftlockState":true,"_pose":"Running","_animationQueue":[["walk",0.1]],"_animationSpeed":1.101,"_zoom":11.733},{"_mousePosition":[683,384],"_rootPartCFrame":[773.688,222.7,41.826,-0.597,0,0.802,0,1,0,-0.802,0,-0.597],"_humanoidState":8,"_cameraCFrame":[774.633,235.658,38.901,-0.607,-0.776,0.171,0,0.215,0.977,-0.795,0.593,-0.131],"_shiftlockState":true,"_pose":"Running","_animationQueue":[],"_animationSpeed":1.101,"_zoom":11.733},{"_mousePosition":[683,384],"_rootPartCFrame":[773.529,222.7,41.611,-0.607,0,0.795,0,1,0,-0.795,0,-0.607],"_humanoidState":8,"_cameraCFrame":[774.437,235.664,38.699,-0.611,-0.773,0.169,0,0.213,0.977,-0.791,0.597,-0.13],"_shiftlockState":true,"_pose":"Running","_animationQueue":[],"_animationSpeed":1.101,"_zoom":11.733},{"_mousePosition":[683,384],"_rootPartCFrame":[773.408,222.7,41.452,-0.611,0,0.791,0,1,0,-0.791,0,-0.611],"_humanoidState":8,"_cameraCFrame":[774.305,235.666,38.545,-0.612,-0.773,0.168,0,0.212,0.977,-0.791,0.598,-0.13],"_shiftlockState":true,"_pose":"Running","_animationQueue":[],"_animationSpeed":1.101,"_zoom":11.733},{"_mousePosition":[683,384],"_rootPartCFrame":[773.205,222.7,41.188,-0.612,0,0.791,0,1,0,-0.791,0,-0.612],"_humanoidState":8,"_cameraCFrame":[774.081,235.67,38.29,-0.614,-0.772,0.166,0,0.211,0.978,-0.789,0.6,-0.129],"_shiftlockState":true,"_pose":"Running","_animationQueue":[],"_animationSpeed":1.101,"_zoom":11.733},{"_mousePosition":[683,384],"_rootPartCFrame":[773.042,222.666,40.977,-0.614,0,0.789,0,1,0,-0.789,0,-0.614],"_humanoidState":8,"_cameraCFrame":[773.887,235.642,38.093,-0.616,-0.77,0.164,0,0.208,0.978,-0.787,0.603,-0.128],"_shiftlockState":true,"_pose":"Running","_animationQueue":[],"_animationSpeed":1.101,"_zoom":11.733},{"_mousePosition":[683,384],"_rootPartCFrame":[772.756,224.16,40.608,-0.616,0,0.787,0,1,0,-0.787,0,-0.616],"_humanoidState":3,"_cameraCFrame":[773.54,237.148,37.753,-0.621,-0.767,0.159,0,0.203,0.979,-0.784,0.608,-0.126],"_shiftlockState":true,"_pose":"Jumping","_animationQueue":[["walk",0.1],["jump",0.1]],"_animationSpeed":1,"_zoom":11.733},{"_mousePosition":[683,384],"_rootPartCFrame":[772.633,224.751,40.45,-0.571,0,0.821,0,1,0,-0.821,0,-0.571],"_humanoidState":5,"_cameraCFrame":[773.382,237.747,37.617,-0.623,-0.766,0.157,0,0.2,0.98,-0.782,0.61,-0.125],"_shiftlockState":true,"_pose":"FreeFall","_animationQueue":[["jump",0.1]],"_animationSpeed":1,"_zoom":11.733},{"_mousePosition":[683,384],"_rootPartCFrame":[772.55,225.128,40.346,-0.574,0,0.819,0,1,0,-0.819,0,-0.574],"_humanoidState":5,"_cameraCFrame":[773.231,238.137,37.549,-0.628,-0.763,0.152,0,0.195,0.981,-0.778,0.616,-0.122],"_shiftlockState":true,"_pose":"FreeFall","_animationQueue":[],"_animationSpeed":1,"_zoom":11.733},{"_mousePosition":[683,384],"_rootPartCFrame":[772.384,225.841,40.137,-0.521,0,0.853,0,1,0,-0.853,0,-0.521],"_humanoidState":5,"_cameraCFrame":[773.01,238.861,37.372,-0.631,-0.762,0.147,0,0.19,0.982,-0.776,0.62,-0.12],"_shiftlockState":true,"_pose":"FreeFall","_animationQueue":[],"_animationSpeed":1,"_zoom":11.733},{"_mousePosition":[683,384],"_rootPartCFrame":[772.217,226.5,39.929,-0.523,0,0.853,0,1,0,-0.853,0,-0.523],"_humanoidState":5,"_cameraCFrame":[772.815,239.524,37.181,-0.633,-0.761,0.145,0,0.188,0.982,-0.774,0.621,-0.119],"_shiftlockState":true,"_pose":"FreeFall","_animationQueue":[],"_animationSpeed":1,"_zoom":11.733},{"_mousePosition":[683,384],"_rootPartCFrame":[772.049,227.104,39.722,-0.524,0,0.852,0,1,0,-0.852,0,-0.524],"_humanoidState":5,"_cameraCFrame":[772.627,240.132,36.985,-0.634,-0.76,0.144,0,0.186,0.983,-0.773,0.623,-0.118],"_shiftlockState":true,"_pose":"FreeFall","_animationQueue":[],"_animationSpeed":1,"_zoom":11.733},{"_mousePosition":[683,384],"_rootPartCFrame":[771.923,227.521,39.567,-0.554,0,0.833,0,1,0,-0.833,0,-0.554],"_humanoidState":5,"_cameraCFrame":[772.483,240.553,36.841,-0.635,-0.759,0.143,0,0.184,0.983,-0.772,0.624,-0.117],"_shiftlockState":true,"_pose":"FreeFall","_animationQueue":[],"_animationSpeed":1,"_zoom":11.733},{"_mousePosition":[683,384],"_rootPartCFrame":[771.711,228.148,39.31,-0.498,0,0.867,0,1,0,-0.867,0,-0.498],"_humanoidState":5,"_cameraCFrame":[772.272,241.18,36.583,-0.635,-0.759,0.143,0,0.184,0.983,-0.772,0.624,-0.117],"_shiftlockState":true,"_pose":"FreeFall","_animationQueue":[],"_animationSpeed":1,"_zoom":11.733},{"_mousePosition":[683,384],"_rootPartCFrame":[771.542,228.589,39.104,-0.527,0,0.85,0,1,0,-0.85,0,-0.527],"_humanoidState":5,"_cameraCFrame":[772.085,241.624,36.388,-0.636,-0.759,0.141,0,0.183,0.983,-0.772,0.625,-0.116],"_shiftlockState":true,"_pose":"FreeFall","_animationQueue":[],"_animationSpeed":1,"_zoom":11.733},{"_mousePosition":[683,384],"_rootPartCFrame":[771.372,228.975,38.898,-0.528,0,0.849,0,1,0,-0.849,0,-0.528],"_humanoidState":5,"_cameraCFrame":[771.896,242.013,36.193,-0.638,-0.758,0.14,0,0.181,0.983,-0.77,0.627,-0.116],"_shiftlockState":true,"_pose":"FreeFall","_animationQueue":[],"_animationSpeed":1,"_zoom":11.733},{"_mousePosition":[683,384],"_rootPartCFrame":[771.16,229.381,38.64,-0.501,0,0.865,0,1,0,-0.865,0,-0.501],"_humanoidState":5,"_cameraCFrame":[771.641,242.426,35.957,-0.642,-0.755,0.137,0,0.178,0.984,-0.767,0.631,-0.114],"_shiftlockState":true,"_pose":"FreeFall","_animationQueue":[],"_animationSpeed":1,"_zoom":11.733},{"_mousePosition":[683,384],"_rootPartCFrame":[771.033,229.583,38.486,-0.562,0,0.827,0,1,0,-0.827,0,-0.562],"_humanoidState":5,"_cameraCFrame":[771.445,242.638,35.832,-0.65,-0.749,0.132,0,0.174,0.985,-0.76,0.64,-0.113],"_shiftlockState":true,"_pose":"FreeFall","_animationQueue":[],"_animationSpeed":1,"_zoom":11.733},{"_mousePosition":[683,384],"_rootPartCFrame":[770.862,229.806,38.282,-0.543,0,0.84,0,1,0,-0.84,0,-0.543],"_humanoidState":5,"_cameraCFrame":[771.224,242.861,35.62,-0.664,-0.737,0.13,0,0.174,0.985,-0.748,0.654,-0.115],"_shiftlockState":true,"_pose":"FreeFall","_animationQueue":[],"_animationSpeed":1,"_zoom":11.733},{"_mousePosition":[683,384],"_rootPartCFrame":[770.689,229.974,38.079,-0.559,0,0.829,0,1,0,-0.829,0,-0.559],"_humanoidState":5,"_cameraCFrame":[770.979,243.029,35.408,-0.684,-0.718,0.127,0,0.174,0.985,-0.73,0.674,-0.119],"_shiftlockState":true,"_pose":"FreeFall","_animationQueue":[],"_animationSpeed":1,"_zoom":11.733},{"_mousePosition":[683,384],"_rootPartCFrame":[770.513,230.088,37.879,-0.581,0,0.814,0,1,0,-0.814,0,-0.581],"_humanoidState":5,"_cameraCFrame":[770.707,243.142,35.2,-0.709,-0.694,0.122,0,0.174,0.985,-0.705,0.699,-0.123],"_shiftlockState":true,"_pose":"FreeFall","_animationQueue":[],"_animationSpeed":1,"_zoom":11.733},{"_mousePosition":[683,384],"_rootPartCFrame":[770.331,230.147,37.683,-0.609,0,0.793,0,1,0,-0.793,0,-0.609],"_humanoidState":5,"_cameraCFrame":[770.419,243.201,34.999,-0.737,-0.666,0.117,0,0.174,0.985,-0.676,0.726,-0.128],"_shiftlockState":true,"_pose":"FreeFall","_animationQueue":[],"_animationSpeed":1,"_zoom":11.733},{"_mousePosition":[683,384],"_rootPartCFrame":[770.143,230.151,37.494,-0.641,0,0.768,0,1,0,-0.768,0,-0.641],"_humanoidState":5,"_cameraCFrame":[770.082,243.206,34.809,-0.773,-0.624,0.11,0,0.174,0.985,-0.634,0.762,-0.134],"_shiftlockState":true,"_pose":"FreeFall","_animationQueue":[],"_animationSpeed":1,"_zoom":11.733},{"_mousePosition":[683,384],"_rootPartCFrame":[769.948,230.101,37.313,-0.682,0,0.731,0,1,0,-0.731,0,-0.682],"_humanoidState":5,"_cameraCFrame":[769.712,243.156,34.637,-0.813,-0.574,0.101,0,0.174,0.985,-0.583,0.8,-0.141],"_shiftlockState":true,"_pose":"FreeFall","_animationQueue":[],"_animationSpeed":1,"_zoom":11.733},{"_mousePosition":[683,384],"_rootPartCFrame":[769.743,229.997,37.142,-0.728,0,0.685,0,1,0,-0.685,0,-0.728],"_humanoidState":5,"_cameraCFrame":[769.301,243.051,34.493,-0.855,-0.51,0.09,0,0.174,0.985,-0.518,0.842,-0.149],"_shiftlockState":true,"_pose":"FreeFall","_animationQueue":[],"_animationSpeed":1,"_zoom":11.733},{"_mousePosition":[683,384],"_rootPartCFrame":[769.528,229.838,36.984,-0.779,0,0.627,0,1,0,-0.627,0,-0.779],"_humanoidState":5,"_cameraCFrame":[768.912,242.892,34.37,-0.888,-0.453,0.08,0,0.174,0.985,-0.46,0.874,-0.154],"_shiftlockState":true,"_pose":"FreeFall","_animationQueue":[],"_animationSpeed":1,"_zoom":11.733},{"_mousePosition":[683,384],"_rootPartCFrame":[769.302,229.624,36.843,-0.819,0,0.574,0,1,0,-0.574,0,-0.819],"_humanoidState":5,"_cameraCFrame":[768.515,242.676,34.26,-0.917,-0.392,0.07,0,0.175,0.985,-0.398,0.903,-0.161],"_shiftlockState":true,"_pose":"FreeFall","_animationQueue":[],"_animationSpeed":1,"_zoom":11.733},{"_mousePosition":[683,384],"_rootPartCFrame":[769.067,229.356,36.717,-0.856,0,0.516,0,1,0,-0.516,0,-0.856],"_humanoidState":5,"_cameraCFrame":[768.11,242.401,34.162,-0.943,-0.326,0.059,0,0.178,0.984,-0.332,0.928,-0.168],"_shiftlockState":true,"_pose":"FreeFall","_animationQueue":[],"_animationSpeed":1,"_zoom":11.733},{"_mousePosition":[683,384],"_rootPartCFrame":[768.824,229.034,36.608,-0.891,0,0.454,0,1,0,-0.454,0,-0.891],"_humanoidState":5,"_cameraCFrame":[767.671,242.066,34.08,-0.968,-0.246,0.046,0,0.184,0.983,-0.251,0.952,-0.178],"_shiftlockState":true,"_pose":"FreeFall","_animationQueue":[["fall",0.3]],"_animationSpeed":1,"_zoom":11.733},{"_mousePosition":[683,384],"_rootPartCFrame":[768.574,228.657,36.516,-0.926,0,0.377,0,1,0,-0.377,0,-0.926],"_humanoidState":5,"_cameraCFrame":[767.213,241.672,34.01,-0.987,-0.159,0.031,0,0.192,0.981,-0.162,0.968,-0.189],"_shiftlockState":true,"_pose":"FreeFall","_animationQueue":[],"_animationSpeed":1,"_zoom":11.733},{"_mousePosition":[683,384],"_rootPartCFrame":[768.317,228.225,36.444,-0.956,0,0.292,0,1,0,-0.292,0,-0.956],"_humanoidState":5,"_cameraCFrame":[766.71,241.21,33.946,-0.998,-0.057,0.012,0,0.205,0.979,-0.058,0.977,-0.204],"_shiftlockState":true,"_pose":"FreeFall","_animationQueue":[],"_animationSpeed":1,"_zoom":11.733},{"_mousePosition":[683,384],"_rootPartCFrame":[768.055,227.739,36.395,-0.982,0,0.191,0,1,0,-0.191,0,-0.982],"_humanoidState":5,"_cameraCFrame":[766.202,240.676,33.846,-0.999,0.039,-0.009,0,0.223,0.975,0.04,0.974,-0.223],"_shiftlockState":true,"_pose":"FreeFall","_animationQueue":[],"_animationSpeed":1,"_zoom":11.733},{"_mousePosition":[683,384],"_rootPartCFrame":[767.79,227.199,36.372,-0.996,0,0.093,0,1,0,-0.093,0,-0.996],"_humanoidState":5,"_cameraCFrame":[765.745,240.078,33.714,-0.994,0.104,-0.026,0,0.244,0.97,0.107,0.964,-0.242],"_shiftlockState":true,"_pose":"FreeFall","_animationQueue":[],"_animationSpeed":1,"_zoom":11.733},{"_mousePosition":[683,384],"_rootPartCFrame":[767.524,226.604,36.375,-1,0,0.026,0,1,0,-0.026,0,-1],"_humanoidState":5,"_cameraCFrame":[765.285,239.387,33.476,-0.987,0.153,-0.043,0,0.274,0.962,0.159,0.949,-0.271],"_shiftlockState":true,"_pose":"FreeFall","_animationQueue":[],"_animationSpeed":1,"_zoom":11.733},{"_mousePosition":[683,384],"_rootPartCFrame":[767.268,225.954,36.407,-0.999,0,-0.041,0,1,0,0.041,0,-0.999],"_humanoidState":5,"_cameraCFrame":[764.955,238.671,33.313,-0.985,0.164,-0.05,0,0.294,0.956,0.171,0.942,-0.289],"_shiftlockState":true,"_pose":"FreeFall","_animationQueue":[["fall",0.3]],"_animationSpeed":1,"_zoom":11.733},{"_mousePosition":[683,384],"_rootPartCFrame":[767.031,225.25,36.474,-0.998,0,-0.063,0,1,0,0.063,0,-0.998],"_humanoidState":5,"_cameraCFrame":[764.704,237.947,33.32,-0.985,0.164,-0.051,0,0.299,0.954,0.172,0.94,-0.294],"_shiftlockState":true,"_pose":"FreeFall","_animationQueue":[],"_animationSpeed":1,"_zoom":11.733},{"_mousePosition":[683,384],"_rootPartCFrame":[766.814,224.492,36.575,-0.998,0,-0.067,0,1,0,0.067,0,-0.998],"_humanoidState":5,"_cameraCFrame":[764.483,237.188,33.424,-0.985,0.165,-0.052,0,0.299,0.954,0.173,0.94,-0.294],"_shiftlockState":true,"_pose":"FreeFall","_animationQueue":[],"_animationSpeed":1,"_zoom":11.733},{"_mousePosition":[683,384],"_rootPartCFrame":[766.662,223.679,36.586,-0.998,0,-0.067,0,1,0,0.067,0,-0.998],"_humanoidState":5,"_cameraCFrame":[764.564,236.291,32.999,-0.996,0.089,-0.03,0,0.321,0.947,0.094,0.943,-0.32],"_shiftlockState":true,"_pose":"FreeFall","_animationQueue":[],"_animationSpeed":1,"_zoom":11.733},{"_mousePosition":[683,384],"_rootPartCFrame":[766.515,222.812,36.643,-1,0,0.003,0,1,0,-0.003,0,-1],"_humanoidState":5,"_cameraCFrame":[765.724,235.135,31.852,-0.979,-0.188,0.079,0,0.386,0.923,-0.204,0.903,-0.378],"_shiftlockState":true,"_pose":"FreeFall","_animationQueue":[],"_animationSpeed":1,"_zoom":11.733},{"_mousePosition":[683,384],"_rootPartCFrame":[766.365,222.744,36.56,-0.991,-0.008,0.133,-0.009,1,-0.004,-0.133,-0.006,-0.991],"_humanoidState":7,"_cameraCFrame":[767.993,234.836,31.469,-0.799,-0.543,0.259,0,0.43,0.903,-0.602,0.721,-0.343],"_shiftlockState":true,"_pose":"FreeFall","_animationQueue":[["walk",0.1],["fall",0.3],["fall",0.3]],"_animationSpeed":1,"_zoom":11.733},{"_mousePosition":[683,384],"_rootPartCFrame":[766.243,222.887,36.264,-0.849,0.007,0.529,0.004,1,-0.006,-0.529,-0.003,-0.849],"_humanoidState":7,"_cameraCFrame":[769.987,234.901,32.228,-0.479,-0.787,0.39,0,0.444,0.896,-0.878,0.429,-0.213],"_shiftlockState":true,"_pose":"FreeFall","_animationQueue":[],"_animationSpeed":1,"_zoom":11.733},{"_mousePosition":[683,384],"_rootPartCFrame":[766.107,222.99,36.1,-0.498,0.005,0.867,0.002,1,-0.005,-0.867,-0.001,-0.498],"_humanoidState":8,"_cameraCFrame":[769.765,235.265,32.739,-0.374,-0.852,0.367,0,0.396,0.918,-0.927,0.344,-0.148],"_shiftlockState":true,"_pose":"Running","_animationQueue":[["fall",0.3],["walk",0.1],["fall",0.3],["walk",0.1]],"_animationSpeed":0.689,"_zoom":11.733},{"_mousePosition":[683,384],"_rootPartCFrame":[765.984,223.873,36.071,-0.381,-0.001,0.924,0,1,0.001,-0.924,0,-0.381],"_humanoidState":3,"_cameraCFrame":[767.126,236.784,33.035,-0.598,-0.779,0.187,0,0.233,0.973,-0.801,0.582,-0.139],"_shiftlockState":true,"_pose":"Jumping","_animationQueue":[["walk",0.1],["jump",0.1]],"_animationSpeed":1,"_zoom":11.733},{"_mousePosition":[683,384],"_rootPartCFrame":[765.865,224.722,36.037,-0.524,-0.002,0.852,-0.001,1,0.002,-0.852,0,-0.524],"_humanoidState":5,"_cameraCFrame":[765.921,237.777,33.353,-0.744,-0.658,0.116,0,0.174,0.985,-0.668,0.733,-0.129],"_shiftlockState":true,"_pose":"FreeFall","_animationQueue":[["jump",0.1]],"_animationSpeed":1,"_zoom":11.733},{"_mousePosition":[683,384],"_rootPartCFrame":[765.741,225.517,35.964,-0.652,-0.001,0.758,0,1,0.001,-0.758,0,-0.652],"_humanoidState":5,"_cameraCFrame":[765.508,238.572,33.289,-0.812,-0.575,0.101,0,0.174,0.985,-0.583,0.8,-0.141],"_shiftlockState":true,"_pose":"FreeFall","_animationQueue":[],"_animationSpeed":1,"_zoom":11.733},{"_mousePosition":[683,384],"_rootPartCFrame":[765.599,226.257,35.857,-0.728,0,0.686,0,1,0,-0.686,0,-0.728],"_humanoidState":5,"_cameraCFrame":[765.247,239.299,33.137,-0.846,-0.525,0.096,0,0.18,0.984,-0.534,0.832,-0.152],"_shiftlockState":true,"_pose":"FreeFall","_animationQueue":[],"_animationSpeed":1,"_zoom":11.733},{"_mousePosition":[683,384],"_rootPartCFrame":[765.426,226.943,35.726,-0.767,0,0.641,0,1,0,-0.641,0,-0.767],"_humanoidState":5,"_cameraCFrame":[764.869,239.976,33.004,-0.887,-0.453,0.085,0,0.184,0.983,-0.461,0.872,-0.163],"_shiftlockState":true,"_pose":"FreeFall","_animationQueue":[],"_animationSpeed":1,"_zoom":11.733},{"_mousePosition":[683,384],"_rootPartCFrame":[765.216,227.574,35.585,-0.818,0,0.575,0,1,0,-0.575,0,-0.818],"_humanoidState":5,"_cameraCFrame":[764.551,240.565,32.713,-0.918,-0.389,0.08,0,0.202,0.979,-0.397,0.899,-0.186],"_shiftlockState":true,"_pose":"FreeFall","_animationQueue":[],"_animationSpeed":1,"_zoom":11.733},{"_mousePosition":[683,384],"_rootPartCFrame":[764.982,228.151,35.458,-0.857,0,0.515,0,1,0,-0.515,0,-0.857],"_humanoidState":5,"_cameraCFrame":[764.259,241.088,32.39,-0.937,-0.341,0.078,0,0.223,0.975,-0.349,0.913,-0.209],"_shiftlockState":true,"_pose":"FreeFall","_animationQueue":[],"_animationSpeed":1,"_zoom":11.733},{"_mousePosition":[683,384],"_rootPartCFrame":[764.739,228.673,35.348,-0.882,0,0.471,0,1,0,-0.471,0,-0.882],"_humanoidState":5,"_cameraCFrame":[763.958,241.566,32.135,-0.949,-0.305,0.075,0,0.239,0.971,-0.314,0.922,-0.227],"_shiftlockState":true,"_pose":"FreeFall","_animationQueue":[],"_animationSpeed":1,"_zoom":11.733},{"_mousePosition":[683,384],"_rootPartCFrame":[764.49,229.141,35.253,-0.899,0,0.437,0,1,0,-0.437,0,-0.899],"_humanoidState":5,"_cameraCFrame":[763.641,242.008,31.969,-0.959,-0.276,0.071,0,0.248,0.969,-0.285,0.929,-0.237],"_shiftlockState":true,"_pose":"FreeFall","_animationQueue":[],"_animationSpeed":1,"_zoom":11.733},{"_mousePosition":[683,384],"_rootPartCFrame":[764.238,229.554,35.168,-0.912,0,0.41,0,1,0,-0.41,0,-0.912],"_humanoidState":5,"_cameraCFrame":[763.305,242.405,31.849,-0.967,-0.247,0.065,0,0.253,0.967,-0.256,0.935,-0.245],"_shiftlockState":true,"_pose":"FreeFall","_animationQueue":[],"_animationSpeed":1,"_zoom":11.733},{"_mousePosition":[683,384],"_rootPartCFrame":[763.982,229.913,35.091,-0.924,0,0.382,0,1,0,-0.382,0,-0.924],"_humanoidState":5,"_cameraCFrame":[762.94,242.754,31.771,-0.975,-0.214,0.057,0,0.256,0.967,-0.221,0.943,-0.25],"_shiftlockState":true,"_pose":"FreeFall","_animationQueue":[],"_animationSpeed":1,"_zoom":11.733},{"_mousePosition":[683,384],"_rootPartCFrame":[763.725,230.217,35.022,-0.937,0,0.349,0,1,0,-0.349,0,-0.937],"_humanoidState":5,"_cameraCFrame":[762.56,243.056,31.735,-0.983,-0.178,0.047,0,0.257,0.966,-0.184,0.95,-0.253],"_shiftlockState":true,"_pose":"FreeFall","_animationQueue":[],"_animationSpeed":1,"_zoom":11.733},{"_mousePosition":[683,384],"_rootPartCFrame":[763.465,230.467,34.961,-0.95,0,0.313,0,1,0,-0.313,0,-0.95],"_humanoidState":5,"_cameraCFrame":[762.133,243.301,31.722,-0.991,-0.128,0.034,0,0.259,0.966,-0.132,0.957,-0.256],"_shiftlockState":true,"_pose":"FreeFall","_animationQueue":[],"_animationSpeed":1,"_zoom":11.733},{"_mousePosition":[683,384],"_rootPartCFrame":[763.203,230.663,34.911,-0.965,0,0.263,0,1,0,-0.263,0,-0.965],"_humanoidState":5,"_cameraCFrame":[761.671,243.494,31.752,-0.998,-0.068,0.018,0,0.259,0.966,-0.07,0.963,-0.259],"_shiftlockState":true,"_pose":"FreeFall","_animationQueue":[],"_animationSpeed":1,"_zoom":11.733},{"_mousePosition":[683,384],"_rootPartCFrame":[762.939,230.803,34.873,-0.979,0,0.202,0,1,0,-0.202,0,-0.979],"_humanoidState":5,"_cameraCFrame":[761.202,243.627,31.795,-1,-0.004,0.001,0,0.262,0.965,-0.004,0.965,-0.262],"_shiftlockState":true,"_pose":"FreeFall","_animationQueue":[],"_animationSpeed":1,"_zoom":11.733},{"_mousePosition":[683,384],"_rootPartCFrame":[762.674,230.89,34.852,-0.991,0,0.137,0,1,0,-0.137,0,-0.991],"_humanoidState":5,"_cameraCFrame":[760.707,243.704,31.877,-0.997,0.069,-0.019,0,0.265,0.964,0.071,0.962,-0.264],"_shiftlockState":true,"_pose":"FreeFall","_animationQueue":[],"_animationSpeed":1,"_zoom":11.733},{"_mousePosition":[683,384],"_rootPartCFrame":[762.407,230.921,34.848,-0.998,0,0.062,0,1,0,-0.062,0,-0.998],"_humanoidState":5,"_cameraCFrame":[760.191,243.712,31.962,-0.988,0.147,-0.041,0,0.272,0.962,0.152,0.951,-0.269],"_shiftlockState":true,"_pose":"FreeFall","_animationQueue":[],"_animationSpeed":1,"_zoom":11.733},{"_mousePosition":[683,384],"_rootPartCFrame":[762.141,230.899,34.863,-1,0,-0.02,0,1,0,0.02,0,-1],"_humanoidState":5,"_cameraCFrame":[759.656,243.664,32.097,-0.971,0.23,-0.067,0,0.28,0.96,0.24,0.932,-0.271],"_shiftlockState":true,"_pose":"FreeFall","_animationQueue":[],"_animationSpeed":1,"_zoom":11.733},{"_mousePosition":[683,384],"_rootPartCFrame":[761.877,230.821,34.898,-0.994,0,-0.109,0,1,0,0.109,0,-0.994],"_humanoidState":5,"_cameraCFrame":[759.165,243.565,32.262,-0.95,0.3,-0.089,0,0.286,0.958,0.313,0.91,-0.271],"_shiftlockState":true,"_pose":"FreeFall","_animationQueue":[["fall",0.3]],"_animationSpeed":1,"_zoom":11.733},{"_mousePosition":[683,384],"_rootPartCFrame":[761.617,230.69,34.957,-0.983,0,-0.184,0,1,0,0.184,0,-0.983],"_humanoidState":5,"_cameraCFrame":[758.637,243.411,32.524,-0.916,0.385,-0.117,0,0.292,0.956,0.402,0.876,-0.267],"_shiftlockState":true,"_pose":"FreeFall","_animationQueue":[],"_animationSpeed":1,"_zoom":11.733},{"_mousePosition":[683,384],"_rootPartCFrame":[761.362,230.503,35.036,-0.961,0,-0.277,0,1,0,0.277,0,-0.961],"_humanoidState":5,"_cameraCFrame":[758.093,243.211,32.933,-0.862,0.485,-0.15,0,0.296,0.955,0.507,0.823,-0.255],"_shiftlockState":true,"_pose":"FreeFall","_animationQueue":[],"_animationSpeed":1,"_zoom":11.733},{"_mousePosition":[683,384],"_rootPartCFrame":[761.116,230.263,35.137,-0.922,0,-0.388,0,1,0,0.388,0,-0.922],"_humanoidState":5,"_cameraCFrame":[757.542,242.965,33.569,-0.77,0.609,-0.19,0,0.297,0.955,0.638,0.735,-0.229],"_shiftlockState":true,"_pose":"FreeFall","_animationQueue":[],"_animationSpeed":1,"_zoom":11.733},{"_mousePosition":[683,384],"_rootPartCFrame":[760.882,229.967,35.263,-0.848,0,-0.53,0,1,0,0.53,0,-0.848],"_humanoidState":5,"_cameraCFrame":[757.011,242.65,34.429,-0.621,0.747,-0.237,0,0.303,0.953,0.784,0.592,-0.188],"_shiftlockState":true,"_pose":"FreeFall","_animationQueue":[],"_animationSpeed":1,"_zoom":11.733},{"_mousePosition":[683,384],"_rootPartCFrame":[760.717,229.71,35.376,-0.696,0,-0.718,0,1,0,0.718,0,-0.696],"_humanoidState":5,"_cameraCFrame":[756.605,242.337,35.254,-0.452,0.846,-0.283,0,0.317,0.948,0.892,0.429,-0.143],"_shiftlockState":true,"_pose":"FreeFall","_animationQueue":[],"_animationSpeed":1,"_zoom":11.733},{"_mousePosition":[683,384],"_rootPartCFrame":[760.476,229.213,35.601,-0.594,0,-0.805,0,1,0,0.805,0,-0.594],"_humanoidState":5,"_cameraCFrame":[756.199,241.769,36.052,-0.309,0.896,-0.318,0,0.335,0.942,0.951,0.291,-0.103],"_shiftlockState":true,"_pose":"FreeFall","_animationQueue":[],"_animationSpeed":1,"_zoom":11.733},{"_mousePosition":[683,384],"_rootPartCFrame":[760.316,228.755,35.81,-0.433,0,-0.902,0,1,0,0.902,0,-0.433],"_humanoidState":5,"_cameraCFrame":[755.983,241.262,36.696,-0.204,0.918,-0.339,0,0.346,0.938,0.979,0.191,-0.071],"_shiftlockState":true,"_pose":"FreeFall","_animationQueue":[["fall",0.3]],"_animationSpeed":1,"_zoom":11.733},{"_mousePosition":[683,384],"_rootPartCFrame":[760.164,228.105,36.1,-0.363,0,-0.932,0,1,0,0.932,0,-0.363],"_humanoidState":5,"_cameraCFrame":[755.801,240.572,37.282,-0.132,0.927,-0.352,0,0.355,0.935,0.991,0.124,-0.047],"_shiftlockState":true,"_pose":"FreeFall","_animationQueue":[],"_animationSpeed":1,"_zoom":11.733},{"_mousePosition":[683,384],"_rootPartCFrame":[760.1,227.674,36.287,-0.231,0,-0.973,0,1,0,0.973,0,-0.231],"_humanoidState":5,"_cameraCFrame":[755.701,240.104,37.665,-0.086,0.928,-0.362,0,0.364,0.932,0.996,0.08,-0.031],"_shiftlockState":true,"_pose":"FreeFall","_animationQueue":[],"_animationSpeed":1,"_zoom":11.733},{"_mousePosition":[683,384],"_rootPartCFrame":[760.047,227.052,36.546,-0.217,0,-0.976,0,1,0,0.976,0,-0.217],"_humanoidState":5,"_cameraCFrame":[755.619,239.457,38.022,-0.063,0.928,-0.368,0,0.369,0.93,0.998,0.058,-0.023],"_shiftlockState":true,"_pose":"FreeFall","_animationQueue":[],"_animationSpeed":1,"_zoom":11.733},{"_mousePosition":[683,384],"_rootPartCFrame":[760.016,226.197,36.878,-0.227,0,-0.974,0,1,0,0.974,0,-0.227],"_humanoidState":5,"_cameraCFrame":[755.589,238.603,38.358,-0.062,0.928,-0.368,0,0.369,0.93,0.998,0.057,-0.023],"_shiftlockState":true,"_pose":"FreeFall","_animationQueue":[],"_animationSpeed":1,"_zoom":11.733},{"_mousePosition":[683,384],"_rootPartCFrame":[760.003,225.644,37.077,-0.161,0,-0.987,0,1,0,0.987,0,-0.161],"_humanoidState":5,"_cameraCFrame":[755.576,238.049,38.557,-0.062,0.928,-0.368,0,0.369,0.93,0.998,0.057,-0.023],"_shiftlockState":true,"_pose":"FreeFall","_animationQueue":[],"_animationSpeed":1,"_zoom":11.733},{"_mousePosition":[683,384],"_rootPartCFrame":[759.986,224.858,37.343,-0.194,0,-0.981,0,1,0,0.981,0,-0.194],"_humanoidState":5,"_cameraCFrame":[755.559,237.264,38.823,-0.062,0.928,-0.368,0,0.369,0.93,0.998,0.057,-0.023],"_shiftlockState":true,"_pose":"FreeFall","_animationQueue":[],"_animationSpeed":1,"_zoom":11.733},{"_mousePosition":[683,384],"_rootPartCFrame":[759.974,224.233,37.543,-0.161,0,-0.987,0,1,0,0.987,0,-0.161],"_humanoidState":5,"_cameraCFrame":[755.545,236.639,39.018,-0.063,0.928,-0.368,0,0.369,0.93,0.998,0.058,-0.023],"_shiftlockState":true,"_pose":"FreeFall","_animationQueue":[["fall",0.3]],"_animationSpeed":1,"_zoom":11.733},{"_mousePosition":[683,384],"_rootPartCFrame":[759.953,223.123,37.876,-0.106,0,-0.994,0,1,0,0.994,0,-0.106],"_humanoidState":7,"_cameraCFrame":[755.466,235.511,39.302,-0.073,0.926,-0.372,0,0.373,0.928,0.997,0.068,-0.027],"_shiftlockState":true,"_pose":"FreeFall","_animationQueue":[["walk",0.1],["fall",0.3],["fall",0.3]],"_animationSpeed":1,"_zoom":11.733},{"_mousePosition":[683,384],"_rootPartCFrame":[759.933,222.953,38.208,-0.076,0,-0.997,0,1,0,0.997,0,-0.076],"_humanoidState":7,"_cameraCFrame":[755.315,235.31,39.45,-0.112,0.919,-0.377,0,0.379,0.925,0.994,0.103,-0.042],"_shiftlockState":true,"_pose":"FreeFall","_animationQueue":[],"_animationSpeed":1,"_zoom":11.733},{"_mousePosition":[683,384],"_rootPartCFrame":[759.909,223.066,38.541,-0.112,0,-0.994,0,1,0,0.994,0,-0.112],"_humanoidState":8,"_cameraCFrame":[755.166,235.405,39.414,-0.188,0.907,-0.376,0,0.383,0.924,0.982,0.174,-0.072],"_shiftlockState":true,"_pose":"Running","_animationQueue":[["walk",0.1],["fall",0.3],["walk",0.1]],"_animationSpeed":1.103,"_zoom":11.733},{"_mousePosition":[683,384],"_rootPartCFrame":[759.888,223.115,38.74,-0.188,0,-0.982,0,1,0,0.982,0,-0.188],"_humanoidState":8,"_cameraCFrame":[755.001,235.424,38.662,-0.373,0.855,-0.361,0,0.389,0.921,0.928,0.343,-0.145],"_shiftlockState":true,"_pose":"Running","_animationQueue":[],"_animationSpeed":1.103,"_zoom":11.733},{"_mousePosition":[683,384],"_rootPartCFrame":[759.769,223.153,39.002,-0.378,-0.001,-0.926,0,1,-0.001,0.926,0,-0.378],"_humanoidState":8,"_cameraCFrame":[755.927,232.897,38.307,-0.6,0.737,-0.312,0,0.39,0.921,0.8,0.553,-0.234],"_shiftlockState":true,"_pose":"Running","_animationQueue":[],"_animationSpeed":1.103,"_zoom":11.733},{"_mousePosition":[683,384],"_rootPartCFrame":[759.611,223.168,39.072,-0.603,-0.001,-0.798,0,1,-0.001,0.798,-0.001,-0.603],"_humanoidState":8,"_cameraCFrame":[756.868,230.097,38.287,-0.807,0.545,-0.226,0,0.383,0.924,0.59,0.746,-0.309],"_shiftlockState":true,"_pose":"Running","_animationQueue":[["walk",0.1]],"_animationSpeed":1.103,"_zoom":11.733},{"_mousePosition":[683,384],"_rootPartCFrame":[759.501,223.179,39.113,-0.815,-0.001,-0.579,0,1,-0.001,0.579,0,-0.815],"_humanoidState":8,"_cameraCFrame":[757.344,228.612,38.262,-0.943,0.311,-0.12,0,0.361,0.933,0.333,0.88,-0.34],"_shiftlockState":true,"_pose":"Running","_animationQueue":[["walk",0.1]],"_animationSpeed":0.321,"_zoom":11.733},{"_mousePosition":[683,384],"_rootPartCFrame":[759.255,223.19,39.3,-0.95,0,-0.311,0,1,0,0.311,0,-0.95],"_humanoidState":8,"_cameraCFrame":[757.318,228.435,38.244,-0.988,0.146,-0.053,0,0.338,0.941,0.156,0.93,-0.334],"_shiftlockState":true,"_pose":"Running","_animationQueue":[["walk",0.1]],"_animationSpeed":0.647,"_zoom":11.733},{"_mousePosition":[683,384],"_rootPartCFrame":[759.072,223.194,39.376,-0.989,0,-0.145,0,1,0,0.145,0,-0.989],"_humanoidState":8,"_cameraCFrame":[757.324,228.216,38.228,-1,-0.002,0.001,0,0.309,0.951,-0.002,0.951,-0.309],"_shiftlockState":true,"_pose":"Running","_animationQueue":[["walk",0.1]],"_animationSpeed":1.099,"_zoom":11.733},{"_mousePosition":[683,384],"_rootPartCFrame":[758.745,223.197,39.435,-1,0,0.015,0,1,0,-0.015,0,-1],"_humanoidState":8,"_cameraCFrame":[757.091,228.19,38.241,-0.996,-0.082,0.025,0,0.287,0.958,-0.086,0.954,-0.286],"_shiftlockState":true,"_pose":"Running","_animationQueue":[],"_animationSpeed":1.099,"_zoom":11.733},{"_mousePosition":[683,384],"_rootPartCFrame":[758.545,223.198,39.441,-0.996,0,0.088,0,1,0,-0.088,0,-0.996],"_humanoidState":8,"_cameraCFrame":[756.946,228.072,38.25,-0.99,-0.134,0.038,0,0.273,0.962,-0.14,0.953,-0.27],"_shiftlockState":true,"_pose":"Running","_animationQueue":[],"_animationSpeed":1.099,"_zoom":11.733},{"_mousePosition":[683,384],"_rootPartCFrame":[758.279,223.199,39.422,-0.99,0,0.14,0,1,0,-0.14,0,-0.99],"_humanoidState":8,"_cameraCFrame":[756.722,227.82,38.257,-0.982,-0.183,0.05,0,0.263,0.965,-0.189,0.947,-0.258],"_shiftlockState":true,"_pose":"Running","_animationQueue":[],"_animationSpeed":1.099,"_zoom":11.733},{"_mousePosition":[683,384],"_rootPartCFrame":[758.015,223.199,39.387,-0.982,0,0.189,0,1,0,-0.189,0,-0.982],"_humanoidState":8,"_cameraCFrame":[756.46,227.653,38.258,-0.98,-0.194,0.052,0,0.259,0.966,-0.201,0.946,-0.254],"_shiftlockState":true,"_pose":"Running","_animationQueue":[["walk",0.1]],"_animationSpeed":1.099,"_zoom":11.733},{"_mousePosition":[683,384],"_rootPartCFrame":[757.753,223.2,39.338,-0.98,0,0.201,0,1,0,-0.201,0,-0.98],"_humanoidState":8,"_cameraCFrame":[756.188,227.469,38.258,-0.98,-0.194,0.052,0,0.259,0.966,-0.201,0.946,-0.254],"_shiftlockState":true,"_pose":"Running","_animationQueue":[],"_animationSpeed":1.099,"_zoom":11.733},{"_mousePosition":[683,384],"_rootPartCFrame":[757.557,223.2,39.298,-0.98,0,0.201,0,1,0,-0.201,0,-0.98],"_humanoidState":8,"_cameraCFrame":[755.979,227.359,38.258,-0.981,-0.188,0.05,0,0.259,0.966,-0.194,0.947,-0.254],"_shiftlockState":true,"_pose":"Running","_animationQueue":[],"_animationSpeed":1.099,"_zoom":11.733},{"_mousePosition":[683,384],"_rootPartCFrame":[757.23,223.2,39.232,-0.981,0,0.194,0,1,0,-0.194,0,-0.981],"_humanoidState":8,"_cameraCFrame":[755.635,227.146,38.257,-0.982,-0.182,0.049,0,0.259,0.966,-0.188,0.948,-0.255],"_shiftlockState":true,"_pose":"Running","_animationQueue":[],"_animationSpeed":1.099,"_zoom":11.733},{"_mousePosition":[683,384],"_rootPartCFrame":[756.969,223.2,39.18,-0.982,0,0.188,0,1,0,-0.188,0,-0.982],"_humanoidState":8,"_cameraCFrame":[755.364,226.948,38.257,-0.982,-0.182,0.049,0,0.259,0.966,-0.188,0.948,-0.255],"_shiftlockState":true,"_pose":"Running","_animationQueue":[],"_animationSpeed":1.099,"_zoom":11.733},{"_mousePosition":[683,384],"_rootPartCFrame":[756.707,223.2,39.129,-0.982,0,0.188,0,1,0,-0.188,0,-0.982],"_humanoidState":8,"_cameraCFrame":[755.091,226.771,38.257,-0.983,-0.18,0.048,0,0.259,0.966,-0.186,0.949,-0.255],"_shiftlockState":true,"_pose":"Running","_animationQueue":[],"_animationSpeed":1.099,"_zoom":11.733},{"_mousePosition":[683,384],"_rootPartCFrame":[756.445,223.2,39.079,-0.983,0,0.186,0,1,0,-0.186,0,-0.983],"_humanoidState":8,"_cameraCFrame":[754.814,226.657,38.255,-0.985,-0.169,0.045,0,0.259,0.966,-0.175,0.951,-0.255],"_shiftlockState":true,"_pose":"Running","_animationQueue":[],"_animationSpeed":1.099,"_zoom":11.733},{"_mousePosition":[683,384],"_rootPartCFrame":[756.052,223.2,39.004,-0.985,0,0.175,0,1,0,-0.175,0,-0.985],"_humanoidState":8,"_cameraCFrame":[754.397,226.523,38.253,-0.988,-0.147,0.04,0,0.26,0.966,-0.152,0.954,-0.257],"_shiftlockState":true,"_pose":"Running","_animationQueue":[["walk",0.1]],"_animationSpeed":1.099,"_zoom":11.733},{"_mousePosition":[683,384],"_rootPartCFrame":[755.855,223.2,38.969,-0.988,0,0.152,0,1,0,-0.152,0,-0.988],"_humanoidState":8,"_cameraCFrame":[754.181,226.58,38.249,-0.992,-0.119,0.032,0,0.261,0.965,-0.123,0.958,-0.259],"_shiftlockState":true,"_pose":"Running","_animationQueue":[],"_animationSpeed":1.099,"_zoom":11.733},{"_mousePosition":[683,384],"_rootPartCFrame":[755.592,223.2,38.927,-0.992,0,0.123,0,1,0,-0.123,0,-0.992],"_humanoidState":8,"_cameraCFrame":[753.895,226.665,38.245,-0.996,-0.085,0.023,0,0.261,0.965,-0.088,0.962,-0.26],"_shiftlockState":true,"_pose":"Running","_animationQueue":[],"_animationSpeed":1.099,"_zoom":11.733},{"_mousePosition":[683,384],"_rootPartCFrame":[755.327,223.2,38.893,-0.996,0,0.088,0,1,0,-0.088,0,-0.996],"_humanoidState":8,"_cameraCFrame":[753.609,226.774,38.24,-0.999,-0.05,0.014,0,0.262,0.965,-0.052,0.964,-0.261],"_shiftlockState":true,"_pose":"Running","_animationQueue":[],"_animationSpeed":1.099,"_zoom":11.733},{"_mousePosition":[683,384],"_rootPartCFrame":[755.062,223.2,38.869,-0.999,0,0.052,0,1,0,-0.052,0,-0.999],"_humanoidState":8,"_cameraCFrame":[753.323,226.912,38.236,-1,-0.017,0.005,0,0.263,0.965,-0.018,0.965,-0.262],"_shiftlockState":true,"_pose":"Running","_animationQueue":[],"_animationSpeed":1.099,"_zoom":11.733},{"_mousePosition":[683,384],"_rootPartCFrame":[754.796,223.2,38.853,-1,0,0.018,0,1,0,-0.018,0,-1],"_humanoidState":8,"_cameraCFrame":[753.037,227.045,38.235,-1,0.013,-0.004,0,0.264,0.964,0.014,0.964,-0.264],"_shiftlockState":true,"_pose":"Running","_animationQueue":[],"_animationSpeed":1.099,"_zoom":11.733},{"_mousePosition":[683,384],"_rootPartCFrame":[754.529,223.2,38.847,-1,0,-0.014,0,1,0,0.014,0,-1],"_humanoidState":8,"_cameraCFrame":[752.75,227.204,38.239,-0.999,0.044,-0.012,0,0.265,0.964,0.045,0.963,-0.265],"_shiftlockState":true,"_pose":"Running","_animationQueue":[["walk",0.1]],"_animationSpeed":1.099,"_zoom":11.733},{"_mousePosition":[683,384],"_rootPartCFrame":[754.263,223.2,38.85,-0.999,0,-0.045,0,1,0,0.045,0,-0.999],"_humanoidState":8,"_cameraCFrame":[752.451,227.463,38.244,-0.996,0.087,-0.024,0,0.267,0.964,0.09,0.96,-0.266],"_shiftlockState":true,"_pose":"Running","_animationQueue":[],"_animationSpeed":1.099,"_zoom":11.733},{"_mousePosition":[683,384],"_rootPartCFrame":[753.996,223.2,38.86,-0.996,0,-0.09,0,1,0,0.09,0,-0.996],"_humanoidState":8,"_cameraCFrame":[752.136,227.833,38.251,-0.989,0.142,-0.04,0,0.27,0.963,0.147,0.952,-0.267],"_shiftlockState":true,"_pose":"Running","_animationQueue":[],"_animationSpeed":1.099,"_zoom":11.733},{"_mousePosition":[683,384],"_rootPartCFrame":[753.73,223.2,38.883,-0.989,0,-0.147,0,1,0,0.147,0,-0.989],"_humanoidState":8,"_cameraCFrame":[751.802,228.299,3