[{"_mousePosition":[1093,367],"_rootPartCFrame":[776.028,222.95,47.142,0,0,1,0,1,0,-1,0,0],"_humanoidState":8,"_cameraCFrame":[776.404,235.764,44.055,-0.993,-0.116,0.032,0,0.265,0.964,-0.121,0.957,-0.263],"_shiftlockState":false,"_pose":"Standing","_animationQueue":[],"_animationSpeed":1,"_zoom":11.733},{"_mousePosition":[1091,368],"_rootPartCFrame":[775.911,222.891,47.128,0.009,0,1,0,1,0,-1,0,0.009],"_humanoidState":8,"_cameraCFrame":[776.287,235.705,44.041,-0.993,-0.116,0.032,0,0.265,0.964,-0.121,0.957,-0.263],"_shiftlockState":false,"_pose":"Standing","_animationQueue":[],"_animationSpeed":1,"_zoom":11.733},{"_mousePosition":[1075,377],"_rootPartCFrame":[775.651,222.759,47.096,0.024,0,1,0,1,0,-1,0,0.024],"_humanoidState":8,"_cameraCFrame":[776.027,235.572,44.01,-0.993,-0.116,0.032,0,0.265,0.964,-0.121,0.957,-0.263],"_shiftlockState":false,"_pose":"Running","_animationQueue":[["walk",0.1]],"_animationSpeed":0.836,"_zoom":11.733},{"_mousePosition":[1072,378],"_rootPartCFrame":[775.387,222.651,47.064,0.037,0,0.999,0,1,0,-0.999,0,0.037],"_humanoidState":8,"_cameraCFrame":[775.762,235.465,43.977,-0.993,-0.116,0.032,0,0.265,0.964,-0.121,0.957,-0.263],"_shiftlockState":false,"_pose":"Running","_animationQueue":[["walk",0.1]],"_animationSpeed":1.098,"_zoom":11.733},{"_mousePosition":[1049,389],"_rootPartCFrame":[775.122,222.661,47.032,0.048,0,0.999,0,1,0,-0.999,0,0.048],"_humanoidState":8,"_cameraCFrame":[775.498,235.474,43.945,-0.993,-0.116,0.032,0,0.265,0.964,-0.121,0.957,-0.263],"_shiftlockState":false,"_pose":"Running","_animationQueue":[],"_animationSpeed":1.098,"_zoom":11.733},{"_mousePosition":[1046,391],"_rootPartCFrame":[774.857,222.677,47,0.058,0,0.998,0,1,0,-0.998,0,0.058],"_humanoidState":8,"_cameraCFrame":[775.233,235.49,43.913,-0.993,-0.116,0.032,0,0.265,0.964,-0.121,0.957,-0.263],"_shiftlockState":false,"_pose":"Running","_animationQueue":[["walk",0.1]],"_animationSpeed":1.098,"_zoom":11.733},{"_mousePosition":[1022,405],"_rootPartCFrame":[774.593,222.687,46.967,0.067,0,0.998,0,1,0,-0.998,0,0.067],"_humanoidState":8,"_cameraCFrame":[774.968,235.501,43.881,-0.993,-0.116,0.032,0,0.265,0.964,-0.121,0.957,-0.263],"_shiftlockState":false,"_pose":"Running","_animationQueue":[],"_animationSpeed":1.098,"_zoom":11.733},{"_mousePosition":[1019,408],"_rootPartCFrame":[774.328,222.693,46.935,0.074,0,0.997,0,1,0,-0.997,0,0.074],"_humanoidState":8,"_cameraCFrame":[774.703,235.506,43.849,-0.993,-0.116,0.032,0,0.265,0.964,-0.121,0.957,-0.263],"_shiftlockState":false,"_pose":"Running","_animationQueue":[],"_animationSpeed":1.098,"_zoom":11.733},{"_mousePosition":[999,428],"_rootPartCFrame":[774.063,222.696,46.903,0.08,0,0.997,0,1,0,-0.997,0,0.08],"_humanoidState":8,"_cameraCFrame":[772.701,235.51,43.605,-0.993,-0.116,0.032,0,0.265,0.964,-0.121,0.957,-0.263],"_shiftlockState":true,"_pose":"Running","_animationQueue":[],"_animationSpeed":1.098,"_zoom":11.733},{"_mousePosition":[683,384],"_rootPartCFrame":[773.732,222.698,46.863,-1,0,0.029,0,1,0,-0.029,0,-1],"_humanoidState":8,"_cameraCFrame":[772.371,235.512,43.565,-0.993,-0.116,0.032,0,0.265,0.964,-0.121,0.957,-0.263],"_shiftlockState":true,"_pose":"Running","_animationQueue":[],"_animationSpeed":1.098,"_zoom":11.733},{"_mousePosition":[683,384],"_rootPartCFrame":[773.534,222.699,46.839,-0.996,0,0.094,0,1,0,-0.094,0,-0.996],"_humanoidState":8,"_cameraCFrame":[772.115,235.558,43.729,-0.994,-0.106,0.027,0,0.25,0.968,-0.109,0.962,-0.249],"_shiftlockState":true,"_pose":"Running","_animationQueue":[],"_animationSpeed":1.098,"_zoom":11.733},{"_mousePosition":[683,384],"_rootPartCFrame":[773.203,222.699,46.798,-0.995,0,0.103,0,1,0,-0.103,0,-0.995],"_humanoidState":8,"_cameraCFrame":[771.733,235.598,43.861,-0.995,-0.095,0.023,0,0.237,0.972,-0.098,0.967,-0.236],"_shiftlockState":true,"_pose":"Running","_animationQueue":[["walk",0.1]],"_animationSpeed":1.098,"_zoom":11.733},{"_mousePosition":[683,384],"_rootPartCFrame":[772.938,222.699,46.769,-0.995,0,0.097,0,1,0,-0.097,0,-0.995],"_humanoidState":8,"_cameraCFrame":[771.422,235.64,44.021,-0.996,-0.085,0.019,0,0.222,0.975,-0.087,0.971,-0.221],"_shiftlockState":true,"_pose":"Running","_animationQueue":[],"_animationSpeed":1.098,"_zoom":11.733},{"_mousePosition":[683,384],"_rootPartCFrame":[772.673,223.573,46.739,-0.996,0,0.087,0,1,0,-0.087,0,-0.996],"_humanoidState":3,"_cameraCFrame":[771.117,236.553,44.19,-0.997,-0.076,0.016,0,0.206,0.979,-0.078,0.976,-0.206],"_shiftlockState":true,"_pose":"Jumping","_animationQueue":[["walk",0.1],["jump",0.1]],"_animationSpeed":1,"_zoom":11.733},{"_mousePosition":[683,384],"_rootPartCFrame":[772.474,224.194,46.721,-0.99,0,0.14,0,1,0,-0.14,0,-0.99],"_humanoidState":5,"_cameraCFrame":[770.877,237.211,44.366,-0.998,-0.065,0.013,0,0.191,0.982,-0.067,0.979,-0.191],"_shiftlockState":true,"_pose":"FreeFall","_animationQueue":[["jump",0.1]],"_animationSpeed":1,"_zoom":11.733},{"_mousePosition":[683,384],"_rootPartCFrame":[772.141,225.162,46.695,-0.975,0,0.223,0,1,0,-0.223,0,-0.975],"_humanoidState":5,"_cameraCFrame":[770.507,238.215,44.553,-0.998,-0.054,0.01,0,0.175,0.985,-0.055,0.983,-0.174],"_shiftlockState":true,"_pose":"FreeFall","_animationQueue":[],"_animationSpeed":1,"_zoom":11.733},{"_mousePosition":[683,384],"_rootPartCFrame":[771.942,225.702,46.681,-0.988,0,0.154,0,1,0,-0.154,0,-0.988],"_humanoidState":5,"_cameraCFrame":[770.264,238.757,44.583,-0.999,-0.035,0.006,0,0.174,0.985,-0.035,0.984,-0.174],"_shiftlockState":true,"_pose":"FreeFall","_animationQueue":[],"_animationSpeed":1,"_zoom":11.733},{"_mousePosition":[683,384],"_rootPartCFrame":[771.542,226.69,46.658,-0.973,0,0.233,0,1,0,-0.233,0,-0.973],"_humanoidState":5,"_cameraCFrame":[769.841,239.744,44.58,-1,-0.023,0.004,0,0.174,0.985,-0.024,0.985,-0.174],"_shiftlockState":true,"_pose":"FreeFall","_animationQueue":[],"_animationSpeed":1,"_zoom":11.733},{"_mousePosition":[683,384],"_rootPartCFrame":[771.276,227.28,46.648,-0.988,0,0.156,0,1,0,-0.156,0,-0.988],"_humanoidState":5,"_cameraCFrame":[769.553,240.335,44.588,-1,-0.013,0.002,0,0.174,0.985,-0.013,0.985,-0.174],"_shiftlockState":true,"_pose":"FreeFall","_animationQueue":[],"_animationSpeed":1,"_zoom":11.733},{"_mousePosition":[683,384],"_rootPartCFrame":[771.076,227.687,46.643,-0.994,0,0.113,0,1,0,-0.113,0,-0.994],"_humanoidState":5,"_cameraCFrame":[769.34,240.742,44.594,-1,-0.007,0.001,0,0.174,0.985,-0.007,0.985,-0.174],"_shiftlockState":true,"_pose":"FreeFall","_animationQueue":[],"_animationSpeed":1,"_zoom":11.733},{"_mousePosition":[683,384],"_rootPartCFrame":[770.876,228.064,46.64,-0.994,0,0.107,0,1,0,-0.107,0,-0.994],"_humanoidState":5,"_cameraCFrame":[769.133,240.89,44.636,-1,-0.004,0.001,0,0.174,0.985,-0.004,0.985,-0.174],"_shiftlockState":true,"_pose":"FreeFall","_animationQueue":[],"_animationSpeed":1,"_zoom":8.986},{"_mousePosition":[683,384],"_rootPartCFrame":[770.543,228.623,46.637,-0.986,0,0.17,0,1,0,-0.17,0,-0.986],"_humanoidState":5,"_cameraCFrame":[768.798,241.03,44.709,-1,-0.003,0,0,0.174,0.985,-0.003,0.985,-0.174],"_shiftlockState":true,"_pose":"FreeFall","_animationQueue":[],"_animationSpeed":1,"_zoom":8.986},{"_mousePosition":[683,384],"_rootPartCFrame":[770.343,228.917,46.636,-0.995,0,0.102,0,1,0,-0.102,0,-0.995],"_humanoidState":5,"_cameraCFrame":[768.598,240.856,44.791,-1,-0.003,0,0,0.174,0.985,-0.003,0.985,-0.174],"_shiftlockState":true,"_pose":"FreeFall","_animationQueue":[],"_animationSpeed":1,"_zoom":8.986},{"_mousePosition":[683,384],"_rootPartCFrame":[770.076,229.262,46.636,-0.991,0,0.136,0,1,0,-0.136,0,-0.991],"_humanoidState":5,"_cameraCFrame":[768.331,240.608,44.895,-1,-0.003,0,0,0.174,0.985,-0.003,0.985,-0.174],"_shiftlockState":true,"_pose":"FreeFall","_animationQueue":[],"_animationSpeed":1,"_zoom":6.789},{"_mousePosition":[683,384],"_rootPartCFrame":[769.743,229.617,46.635,-0.986,0,0.169,0,1,0,-0.169,0,-0.986],"_humanoidState":5,"_cameraCFrame":[767.997,240.276,45.015,-1,-0.003,0,0,0.174,0.985,-0.003,0.985,-0.174],"_shiftlockState":true,"_pose":"FreeFall","_animationQueue":[],"_animationSpeed":1,"_zoom":6.789},{"_mousePosition":[683,384],"_rootPartCFrame":[769.476,229.84,46.634,-0.991,0,0.136,0,1,0,-0.136,0,-0.991],"_humanoidState":5,"_cameraCFrame":[767.73,239.909,45.118,-1,-0.003,0,0,0.174,0.985,-0.003,0.985,-0.174],"_shiftlockState":true,"_pose":"FreeFall","_animationQueue":[],"_animationSpeed":1,"_zoom":6.789},{"_mousePosition":[683,384],"_rootPartCFrame":[769.276,229.971,46.634,-0.995,0,0.103,0,1,0,-0.103,0,-0.995],"_humanoidState":5,"_cameraCFrame":[767.53,239.526,45.208,-1,-0.003,0,0,0.174,0.985,-0.003,0.985,-0.174],"_shiftlockState":true,"_pose":"FreeFall","_animationQueue":[],"_animationSpeed":1,"_zoom":6.789},{"_mousePosition":[683,384],"_rootPartCFrame":[769.01,230.098,46.633,-0.991,0,0.136,0,1,0,-0.136,0,-0.991],"_humanoidState":5,"_cameraCFrame":[767.263,239.257,45.278,-1,-0.003,0,0,0.174,0.985,-0.003,0.985,-0.174],"_shiftlockState":true,"_pose":"FreeFall","_animationQueue":[],"_animationSpeed":1,"_zoom":6.789},{"_mousePosition":[683,384],"_rootPartCFrame":[768.743,230.171,46.632,-0.991,0,0.136,0,1,0,-0.136,0,-0.991],"_humanoidState":5,"_cameraCFrame":[766.997,239.051,45.326,-1,-0.003,0,0,0.174,0.985,-0.003,0.985,-0.174],"_shiftlockState":true,"_pose":"FreeFall","_animationQueue":[],"_animationSpeed":1,"_zoom":6.789},{"_mousePosition":[683,384],"_rootPartCFrame":[768.41,230.185,46.631,-0.986,0,0.169,0,1,0,-0.169,0,-0.986],"_humanoidState":5,"_cameraCFrame":[766.663,238.861,45.361,-1,-0.003,0,0,0.174,0.985,-0.003,0.985,-0.174],"_shiftlockState":true,"_pose":"FreeFall","_animationQueue":[],"_animationSpeed":1,"_zoom":6.789},{"_mousePosition":[683,384],"_rootPartCFrame":[768.21,230.152,46.631,-0.995,0,0.103,0,1,0,-0.103,0,-0.995],"_humanoidState":5,"_cameraCFrame":[766.463,238.673,45.388,-1,-0.003,0,0,0.174,0.985,-0.003,0.985,-0.174],"_shiftlockState":true,"_pose":"FreeFall","_animationQueue":[],"_animationSpeed":1,"_zoom":6.789},{"_mousePosition":[683,384],"_rootPartCFrame":[767.81,229.996,46.629,-0.98,0,0.201,0,1,0,-0.201,0,-0.98],"_humanoidState":5,"_cameraCFrame":[766.072,238.403,45.394,-1,-0.01,0.002,0,0.174,0.985,-0.01,0.985,-0.174],"_shiftlockState":true,"_pose":"FreeFall","_animationQueue":[["fall",0.3]],"_animationSpeed":1,"_zoom":6.789},{"_mousePosition":[683,384],"_rootPartCFrame":[767.543,229.823,46.629,-0.99,0,0.143,0,1,0,-0.143,0,-0.99],"_humanoidState":5,"_cameraCFrame":[765.828,238.154,45.376,-1,-0.027,0.005,0,0.174,0.985,-0.028,0.984,-0.174],"_shiftlockState":true,"_pose":"FreeFall","_animationQueue":[],"_animationSpeed":1,"_zoom":6.789},{"_mousePosition":[683,384],"_rootPartCFrame":[767.343,229.658,46.627,-0.992,0,0.127,0,1,0,-0.127,0,-0.992],"_humanoidState":5,"_cameraCFrame":[765.649,237.948,45.353,-0.999,-0.044,0.008,0,0.174,0.985,-0.045,0.984,-0.173],"_shiftlockState":true,"_pose":"FreeFall","_animationQueue":[],"_animationSpeed":1,"_zoom":6.789},{"_mousePosition":[683,384],"_rootPartCFrame":[767.143,229.462,46.622,-0.99,0,0.144,0,1,0,-0.144,0,-0.99],"_humanoidState":5,"_cameraCFrame":[765.489,237.715,45.302,-0.997,-0.075,0.013,0,0.174,0.985,-0.076,0.982,-0.173],"_shiftlockState":true,"_pose":"FreeFall","_animationQueue":[],"_animationSpeed":1,"_zoom":6.789},{"_mousePosition":[683,384],"_rootPartCFrame":[766.81,229.067,46.608,-0.971,0,0.24,0,1,0,-0.24,0,-0.971],"_humanoidState":5,"_cameraCFrame":[765.204,237.298,45.234,-0.994,-0.11,0.019,0,0.174,0.985,-0.111,0.979,-0.173],"_shiftlockState":true,"_pose":"FreeFall","_animationQueue":[],"_animationSpeed":1,"_zoom":6.789},{"_mousePosition":[683,384],"_rootPartCFrame":[766.545,228.69,46.589,-0.97,0,0.242,0,1,0,-0.242,0,-0.97],"_humanoidState":5,"_cameraCFrame":[765.022,236.907,45.124,-0.985,-0.168,0.03,0,0.174,0.985,-0.171,0.97,-0.171],"_shiftlockState":true,"_pose":"FreeFall","_animationQueue":[],"_animationSpeed":1,"_zoom":6.789},{"_mousePosition":[683,384],"_rootPartCFrame":[766.279,228.259,46.561,-0.969,0,0.245,0,1,0,-0.245,0,-0.969],"_humanoidState":7,"_cameraCFrame":[764.909,236.444,44.952,-0.964,-0.263,0.047,0,0.174,0.985,-0.267,0.949,-0.168],"_shiftlockState":true,"_pose":"FreeFall","_animationQueue":[["fall",0.3],["fall",0.3]],"_animationSpeed":1,"_zoom":6.789},{"_mousePosition":[683,384],"_rootPartCFrame":[766.214,228.143,46.548,-0.963,0,0.269,0,1,0,-0.269,0,-0.963],"_humanoidState":8,"_cameraCFrame":[764.864,236.328,44.926,-0.96,-0.276,0.049,0,0.174,0.985,-0.28,0.945,-0.167],"_shiftlockState":true,"_pose":"Running","_animationQueue":[["walk",0.1],["fall",0.3],["walk",0.1]],"_animationSpeed":1.103,"_zoom":6.789},{"_mousePosition":[683,384],"_rootPartCFrame":[765.956,227.833,46.478,-0.96,0,0.281,0,1,0,-0.281,0,-0.96],"_humanoidState":8,"_cameraCFrame":[764.643,236.018,44.827,-0.954,-0.297,0.052,0,0.174,0.985,-0.301,0.939,-0.166],"_shiftlockState":true,"_pose":"Running","_animationQueue":[],"_animationSpeed":1.103,"_zoom":6.789},{"_mousePosition":[683,384],"_rootPartCFrame":[765.7,227.851,46.404,-0.954,0,0.301,0,1,0,-0.301,0,-0.954],"_humanoidState":8,"_cameraCFrame":[764.445,236.037,44.708,-0.943,-0.329,0.058,0,0.174,0.985,-0.334,0.928,-0.164],"_shiftlockState":true,"_pose":"Running","_animationQueue":[],"_animationSpeed":1.103,"_zoom":6.789},{"_mousePosition":[683,384],"_rootPartCFrame":[765.446,227.891,46.324,-0.943,0,0.334,0,1,0,-0.334,0,-0.943],"_humanoidState":8,"_cameraCFrame":[764.27,236.077,44.572,-0.926,-0.371,0.065,0,0.174,0.985,-0.377,0.912,-0.161],"_shiftlockState":true,"_pose":"Running","_animationQueue":[],"_animationSpeed":1.103,"_zoom":6.789},{"_mousePosition":[683,384],"_rootPartCFrame":[765.195,227.917,46.235,-0.926,0,0.377,0,1,0,-0.377,0,-0.926],"_humanoidState":8,"_cameraCFrame":[764.117,236.103,44.421,-0.904,-0.421,0.074,0,0.174,0.985,-0.428,0.89,-0.157],"_shiftlockState":true,"_pose":"Running","_animationQueue":[],"_animationSpeed":1.103,"_zoom":6.789},{"_mousePosition":[683,384],"_rootPartCFrame":[764.391,227.945,45.91,-0.904,0,0.428,0,1,0,-0.428,0,-0.904],"_humanoidState":8,"_cameraCFrame":[763.521,236.131,43.988,-0.851,-0.517,0.091,0,0.174,0.985,-0.525,0.838,-0.148],"_shiftlockState":true,"_pose":"Running","_animationQueue":[],"_animationSpeed":1.103,"_zoom":6.789},{"_mousePosition":[683,384],"_rootPartCFrame":[764.27,227.946,45.855,-0.85,0,0.527,0,1,0,-0.527,0,-0.85],"_humanoidState":8,"_cameraCFrame":[763.433,236.132,43.918,-0.842,-0.531,0.094,0,0.174,0.985,-0.54,0.829,-0.146],"_shiftlockState":true,"_pose":"Running","_animationQueue":[["walk",0.1]],"_animationSpeed":1.103,"_zoom":6.789},{"_mousePosition":[683,384],"_rootPartCFrame":[764.097,227.948,45.754,-0.841,0,0.541,0,1,0,-0.541,0,-0.841],"_humanoidState":8,"_cameraCFrame":[763.276,236.133,43.81,-0.837,-0.538,0.095,0,0.174,0.985,-0.547,0.825,-0.145],"_shiftlockState":true,"_pose":"Running","_animationQueue":[],"_animationSpeed":1.103,"_zoom":6.789},{"_mousePosition":[683,384],"_rootPartCFrame":[763.985,227.948,45.683,-0.837,0,0.547,0,1,0,-0.547,0,-0.837],"_humanoidState":8,"_cameraCFrame":[763.174,236.134,43.735,-0.834,-0.543,0.096,0,0.174,0.985,-0.551,0.822,-0.145],"_shiftlockState":true,"_pose":"Running","_animationQueue":[],"_animationSpeed":1.103,"_zoom":6.789},{"_mousePosition":[683,384],"_rootPartCFrame":[763.761,227.949,45.537,-0.834,0,0.551,0,1,0,-0.551,0,-0.834],"_humanoidState":8,"_cameraCFrame":[762.95,236.135,43.589,-0.834,-0.543,0.096,0,0.174,0.985,-0.551,0.822,-0.145],"_shiftlockState":true,"_pose":"Running","_animationQueue":[],"_animationSpeed":1.103,"_zoom":6.789},{"_mousePosition":[683,384],"_rootPartCFrame":[763.538,227.949,45.391,-0.834,0,0.551,0,1,0,-0.551,0,-0.834],"_humanoidState":8,"_cameraCFrame":[762.707,236.135,43.451,-0.84,-0.534,0.094,0,0.174,0.985,-0.542,0.827,-0.146],"_shiftlockState":true,"_pose":"Running","_animationQueue":[],"_animationSpeed":1.103,"_zoom":6.789},{"_mousePosition":[683,384],"_rootPartCFrame":[763.316,227.949,45.244,-0.84,0,0.542,0,1,0,-0.542,0,-0.84],"_humanoidState":8,"_cameraCFrame":[762.431,236.132,43.318,-0.857,-0.507,0.091,0,0.176,0.984,-0.515,0.844,-0.151],"_shiftlockState":true,"_pose":"Running","_animationQueue":[],"_animationSpeed":1.103,"_zoom":6.789},{"_mousePosition":[683,384],"_rootPartCFrame":[763.092,227.95,45.099,-0.857,0,0.515,0,1,0,-0.515,0,-0.857],"_humanoidState":8,"_cameraCFrame":[762.122,236.132,43.211,-0.88,-0.467,0.084,0,0.177,0.984,-0.475,0.866,-0.156],"_shiftlockState":true,"_pose":"Running","_animationQueue":[],"_animationSpeed":1.103,"_zoom":6.789},{"_mousePosition":[683,384],"_rootPartCFrame":[762.807,227.95,44.926,-0.88,0,0.475,0,1,0,-0.475,0,-0.88],"_humanoidState":8,"_cameraCFrame":[761.752,236.134,43.092,-0.9,-0.43,0.076,0,0.175,0.985,-0.436,0.886,-0.158],"_shiftlockState":true,"_pose":"Running","_animationQueue":[["walk",0.1]],"_animationSpeed":1.103,"_zoom":6.789},{"_mousePosition":[683,384],"_rootPartCFrame":[762.636,227.929,44.823,-0.9,0,0.436,0,1,0,-0.436,0,-0.9],"_humanoidState":8,"_cameraCFrame":[761.489,236.115,43.052,-0.92,-0.387,0.068,0,0.174,0.985,-0.393,0.906,-0.16],"_shiftlockState":true,"_pose":"Running","_animationQueue":[],"_animationSpeed":1.103,"_zoom":6.789},{"_mousePosition":[683,384],"_rootPartCFrame":[762.35,227.827,44.651,-0.92,0,0.393,0,1,0,-0.393,0,-0.92],"_humanoidState":8,"_cameraCFrame":[761.136,236.013,42.926,-0.934,-0.351,0.062,0,0.174,0.985,-0.357,0.92,-0.162],"_shiftlockState":true,"_pose":"Running","_animationQueue":[],"_animationSpeed":1.103,"_zoom":6.789},{"_mousePosition":[683,384],"_rootPartCFrame":[762.179,227.725,44.549,-0.934,0,0.357,0,1,0,-0.357,0,-0.934],"_humanoidState":8,"_cameraCFrame":[760.87,235.909,42.885,-0.953,-0.298,0.053,0,0.175,0.985,-0.302,0.938,-0.167],"_shiftlockState":true,"_pose":"Running","_animationQueue":[],"_animationSpeed":1.103,"_zoom":6.789},{"_mousePosition":[683,384],"_rootPartCFrame":[761.893,228.809,44.377,-0.953,0,0.302,0,1,0,-0.302,0,-0.953],"_humanoidState":3,"_cameraCFrame":[760.514,236.99,42.76,-0.966,-0.254,0.046,0,0.178,0.984,-0.258,0.951,-0.172],"_shiftlockState":true,"_pose":"Jumping","_animationQueue":[["walk",0.1],["jump",0.1]],"_animationSpeed":1,"_zoom":6.789},{"_mousePosition":[683,384],"_rootPartCFrame":[761.715,229.42,44.288,-0.948,0,0.318,0,1,0,-0.318,0,-0.948],"_humanoidState":5,"_cameraCFrame":[760.245,237.601,42.753,-0.979,-0.199,0.036,0,0.178,0.984,-0.202,0.964,-0.174],"_shiftlockState":true,"_pose":"FreeFall","_animationQueue":[["jump",0.1]],"_animationSpeed":1,"_zoom":6.789},{"_mousePosition":[683,384],"_rootPartCFrame":[761.401,230.371,44.183,-0.935,0,0.354,0,1,0,-0.354,0,-0.935],"_humanoidState":5,"_cameraCFrame":[759.861,238.553,42.723,-0.988,-0.154,0.028,0,0.177,0.984,-0.157,0.972,-0.175],"_shiftlockState":true,"_pose":"FreeFall","_animationQueue":[],"_animationSpeed":1,"_zoom":6.789},{"_mousePosition":[683,384],"_rootPartCFrame":[761.206,230.901,44.14,-0.967,0,0.254,0,1,0,-0.254,0,-0.967],"_humanoidState":5,"_cameraCFrame":[759.608,239.085,42.756,-0.993,-0.117,0.021,0,0.174,0.985,-0.118,0.978,-0.173],"_shiftlockState":true,"_pose":"FreeFall","_animationQueue":[],"_animationSpeed":1,"_zoom":6.789},{"_mousePosition":[683,384],"_rootPartCFrame":[760.877,231.715,44.085,-0.96,0,0.281,0,1,0,-0.281,0,-0.96],"_humanoidState":5,"_cameraCFrame":[759.239,239.901,42.755,-0.996,-0.088,0.015,0,0.174,0.985,-0.089,0.981,-0.173],"_shiftlockState":true,"_pose":"FreeFall","_animationQueue":[],"_animationSpeed":1,"_zoom":6.789},{"_mousePosition":[683,384],"_rootPartCFrame":[760.679,232.163,44.06,-0.982,0,0.188,0,1,0,-0.188,0,-0.982],"_humanoidState":5,"_cameraCFrame":[759.009,240.349,42.77,-0.998,-0.064,0.011,0,0.174,0.985,-0.065,0.983,-0.173],"_shiftlockState":true,"_pose":"FreeFall","_animationQueue":[],"_animationSpeed":1,"_zoom":6.789},{"_mousePosition":[683,384],"_rootPartCFrame":[760.347,232.841,44.029,-0.973,0,0.23,0,1,0,-0.23,0,-0.973],"_humanoidState":5,"_cameraCFrame":[758.66,241.027,42.762,-0.999,-0.051,0.009,0,0.174,0.985,-0.052,0.983,-0.173],"_shiftlockState":true,"_pose":"FreeFall","_animationQueue":[],"_animationSpeed":1,"_zoom":6.789},{"_mousePosition":[683,384],"_rootPartCFrame":[760.147,233.208,44.015,-0.989,0,0.151,0,1,0,-0.151,0,-0.989],"_humanoidState":5,"_cameraCFrame":[758.438,241.394,42.778,-0.999,-0.033,0.006,0,0.174,0.985,-0.034,0.984,-0.174],"_shiftlockState":true,"_pose":"FreeFall","_animationQueue":[],"_animationSpeed":1,"_zoom":6.789},{"_mousePosition":[683,384],"_rootPartCFrame":[759.814,233.75,43.998,-0.98,0,0.199,0,1,0,-0.199,0,-0.98],"_humanoidState":5,"_cameraCFrame":[758.09,241.936,42.782,-1,-0.021,0.004,0,0.174,0.985,-0.021,0.985,-0.174],"_shiftlockState":true,"_pose":"FreeFall","_animationQueue":[],"_animationSpeed":1,"_zoom":6.789},{"_mousePosition":[683,384],"_rootPartCFrame":[759.614,234.034,43.99,-0.993,0,0.121,0,1,0,-0.121,0,-0.993],"_humanoidState":5,"_cameraCFrame":[757.87,242.22,42.803,-1,-0.004,0.001,0,0.174,0.985,-0.004,0.985,-0.174],"_shiftlockState":true,"_pose":"FreeFall","_animationQueue":[],"_animationSpeed":1,"_zoom":6.789},{"_mousePosition":[683,384],"_rootPartCFrame":[759.281,234.44,43.983,-0.985,0,0.17,0,1,0,-0.17,0,-0.985],"_humanoidState":5,"_cameraCFrame":[757.514,242.626,42.829,-1,0.014,-0.002,0,0.174,0.985,0.014,0.985,-0.174],"_shiftlockState":true,"_pose":"FreeFall","_animationQueue":[],"_animationSpeed":1,"_zoom":6.789},{"_mousePosition":[683,384],"_rootPartCFrame":[758.815,234.865,43.98,-0.976,0,0.217,0,1,0,-0.217,0,-0.976],"_humanoidState":5,"_cameraCFrame":[757.003,243.051,42.897,-0.999,0.053,-0.009,0,0.174,0.985,0.054,0.983,-0.173],"_shiftlockState":true,"_pose":"FreeFall","_animationQueue":[],"_animationSpeed":1,"_zoom":6.789},{"_mousePosition":[683,384],"_rootPartCFrame":[758.615,234.996,43.982,-0.999,0,0.046,0,1,0,-0.046,0,-0.999],"_humanoidState":5,"_cameraCFrame":[756.786,243.182,42.93,-0.997,0.07,-0.012,0,0.174,0.985,0.071,0.982,-0.173],"_shiftlockState":true,"_pose":"FreeFall","_animationQueue":[],"_animationSpeed":1,"_zoom":6.789},{"_mousePosition":[683,384],"_rootPartCFrame":[758.548,235.033,43.985,-0.999,0,-0.038,0,1,0,0.038,0,-0.999],"_humanoidState":5,"_cameraCFrame":[756.681,243.219,43.002,-0.994,0.107,-0.019,0,0.174,0.985,0.108,0.979,-0.173],"_shiftlockState":true,"_pose":"FreeFall","_animationQueue":[],"_animationSpeed":1,"_zoom":6.789},{"_mousePosition":[683,384],"_rootPartCFrame":[758.282,235.147,44.002,-1,0,0.025,0,1,0,-0.025,0,-1],"_humanoidState":5,"_cameraCFrame":[756.375,243.333,43.099,-0.989,0.148,-0.026,0,0.174,0.985,0.15,0.974,-0.172],"_shiftlockState":true,"_pose":"FreeFall","_animationQueue":[],"_animationSpeed":1,"_zoom":6.789},{"_mousePosition":[683,384],"_rootPartCFrame":[757.884,235.215,44.044,-0.999,0,0.049,0,1,0,-0.049,0,-0.999],"_humanoidState":5,"_cameraCFrame":[755.946,243.401,43.209,-0.983,0.182,-0.032,0,0.174,0.985,0.185,0.968,-0.171],"_shiftlockState":true,"_pose":"FreeFall","_animationQueue":[["fall",0.3]],"_animationSpeed":1,"_zoom":6.789},{"_mousePosition":[683,384],"_rootPartCFrame":[757.686,235.203,44.073,-0.996,0,-0.086,0,1,0,0.086,0,-0.996],"_humanoidState":5,"_cameraCFrame":[755.719,243.389,43.309,-0.975,0.218,-0.038,0,0.174,0.985,0.221,0.96,-0.169],"_shiftlockState":true,"_pose":"FreeFall","_animationQueue":[],"_animationSpeed":1,"_zoom":6.789},{"_mousePosition":[683,384],"_rootPartCFrame":[757.49,235.16,44.108,-0.992,0,-0.122,0,1,0,0.122,0,-0.992],"_humanoidState":5,"_cameraCFrame":[755.491,243.346,43.432,-0.965,0.26,-0.046,0,0.174,0.985,0.264,0.95,-0.168],"_shiftlockState":true,"_pose":"FreeFall","_animationQueue":[],"_animationSpeed":1,"_zoom":6.789},{"_mousePosition":[683,384],"_rootPartCFrame":[757.229,235.056,44.166,-0.991,0,-0.133,0,1,0,0.133,0,-0.991],"_humanoidState":5,"_cameraCFrame":[755.203,243.242,43.576,-0.952,0.3,-0.053,0,0.174,0.985,0.305,0.938,-0.165],"_shiftlockState":true,"_pose":"FreeFall","_animationQueue":[],"_animationSpeed":1,"_zoom":6.789},{"_mousePosition":[683,384],"_rootPartCFrame":[756.907,234.849,44.252,-0.99,0,-0.143,0,1,0,0.143,0,-0.99],"_humanoidState":5,"_cameraCFrame":[754.853,243.034,43.769,-0.935,0.349,-0.062,0,0.174,0.985,0.354,0.921,-0.162],"_shiftlockState":true,"_pose":"FreeFall","_animationQueue":[],"_animationSpeed":1,"_zoom":6.789},{"_mousePosition":[683,384],"_rootPartCFrame":[756.653,234.622,44.332,-0.974,0,-0.227,0,1,0,0.227,0,-0.974],"_humanoidState":5,"_cameraCFrame":[754.572,242.806,43.963,-0.913,0.401,-0.071,0,0.174,0.985,0.407,0.899,-0.159],"_shiftlockState":true,"_pose":"FreeFall","_animationQueue":[],"_animationSpeed":1,"_zoom":6.789},{"_mousePosition":[683,384],"_rootPartCFrame":[756.403,234.34,44.424,-0.959,0,-0.282,0,1,0,0.282,0,-0.959],"_humanoidState":5,"_cameraCFrame":[754.301,242.524,44.18,-0.886,0.456,-0.081,0,0.175,0.985,0.463,0.873,-0.155],"_shiftlockState":true,"_pose":"FreeFall","_animationQueue":[["fall",0.3]],"_animationSpeed":1,"_zoom":6.789},{"_mousePosition":[683,384],"_rootPartCFrame":[756.219,234.093,44.503,-0.928,0,-0.372,0,1,0,0.372,0,-0.928],"_humanoidState":5,"_cameraCFrame":[754.105,242.277,44.416,-0.849,0.519,-0.092,0,0.175,0.985,0.528,0.836,-0.149],"_shiftlockState":true,"_pose":"FreeFall","_animationQueue":[],"_animationSpeed":1,"_zoom":6.789},{"_mousePosition":[683,384],"_rootPartCFrame":[755.863,233.507,44.686,-0.937,0,-0.348,0,1,0,0.348,0,-0.937],"_humanoidState":5,"_cameraCFrame":[753.75,241.691,44.8,-0.795,0.597,-0.106,0,0.175,0.985,0.606,0.783,-0.139],"_shiftlockState":true,"_pose":"FreeFall","_animationQueue":[],"_animationSpeed":1,"_zoom":6.789},{"_mousePosition":[683,384],"_rootPartCFrame":[755.692,233.168,44.788,-0.852,0,-0.524,0,1,0,0.524,0,-0.852],"_humanoidState":5,"_cameraCFrame":[753.593,241.349,45.124,-0.723,0.679,-0.123,0,0.178,0.984,0.69,0.712,-0.128],"_shiftlockState":true,"_pose":"FreeFall","_animationQueue":[],"_animationSpeed":1,"_zoom":6.789},{"_mousePosition":[683,384],"_rootPartCFrame":[755.529,232.799,44.904,-0.789,0,-0.615,0,1,0,0.615,0,-0.789],"_humanoidState":5,"_cameraCFrame":[753.464,240.972,45.504,-0.62,0.771,-0.144,0,0.184,0.983,0.785,0.609,-0.114],"_shiftlockState":true,"_pose":"FreeFall","_animationQueue":[],"_animationSpeed":1,"_zoom":6.789},{"_mousePosition":[683,384],"_rootPartCFrame":[755.281,232.114,45.126,-0.741,0,-0.671,0,1,0,0.671,0,-0.741],"_humanoidState":5,"_cameraCFrame":[753.272,240.278,45.97,-0.51,0.844,-0.164,0,0.191,0.982,0.86,0.501,-0.097],"_shiftlockState":true,"_pose":"FreeFall","_animationQueue":[],"_animationSpeed":1,"_zoom":6.789},{"_mousePosition":[683,384],"_rootPartCFrame":[755.105,231.506,45.326,-0.62,0,-0.785,0,1,0,0.785,0,-0.62],"_humanoidState":5,"_cameraCFrame":[753.157,239.656,46.393,-0.395,0.9,-0.185,0,0.201,0.98,0.918,0.387,-0.08],"_shiftlockState":true,"_pose":"FreeFall","_animationQueue":[],"_animationSpeed":1,"_zoom":6.789},{"_mousePosition":[683,384],"_rootPartCFrame":[754.957,230.843,45.547,-0.514,0,-0.858,0,1,0,0.858,0,-0.514],"_humanoidState":5,"_cameraCFrame":[754.057,234.241,47.104,-0.286,0.936,-0.205,0,0.214,0.977,0.958,0.28,-0.061],"_shiftlockState":true,"_pose":"FreeFall","_animationQueue":[["fall",0.3]],"_animationSpeed":1,"_zoom":6.789},{"_mousePosition":[683,384],"_rootPartCFrame":[754.839,230.125,45.785,-0.411,0,-0.912,0,1,0,0.912,0,-0.411],"_humanoidState":5,"_cameraCFrame":[754.048,233.42,47.402,-0.217,0.95,-0.223,0,0.228,0.974,0.976,0.212,-0.05],"_shiftlockState":true,"_pose":"FreeFall","_animationQueue":[],"_animationSpeed":1,"_zoom":6.789},{"_mousePosition":[683,384],"_rootPartCFrame":[754.847,229.444,45.67,-0.359,0.004,-0.933,0.002,1,0.003,0.933,-0.001,-0.359],"_humanoidState":5,"_cameraCFrame":[754.363,231.582,47.356,-0.192,0.953,-0.235,0,0.239,0.971,0.981,0.186,-0.046],"_shiftlockState":true,"_pose":"FreeFall","_animationQueue":[],"_animationSpeed":1,"_zoom":6.789},{"_mousePosition":[683,384],"_rootPartCFrame":[754.84,228.709,45.623,-0.322,0.002,-0.947,0.001,1,0.001,0.947,-0.001,-0.322],"_humanoidState":5,"_cameraCFrame":[754.193,231.275,47.27,-0.217,0.945,-0.244,0,0.25,0.968,0.976,0.21,-0.054],"_shiftlockState":true,"_pose":"FreeFall","_animationQueue":[],"_animationSpeed":1,"_zoom":6.789},{"_mousePosition":[683,384],"_rootPartCFrame":[754.812,227.919,45.719,-0.253,-0.001,-0.968,0,1,0,0.968,0,-0.253],"_humanoidState":7,"_cameraCFrame":[754.055,230.138,47.31,-0.322,0.911,-0.257,0,0.272,0.962,0.947,0.31,-0.088],"_shiftlockState":true,"_pose":"FreeFall","_animationQueue":[["walk",0.1],["fall",0.3],["fall",0.3]],"_animationSpeed":1,"_zoom":6.789},{"_mousePosition":[683,384],"_rootPartCFrame":[754.84,227.788,45.716,-0.328,0.001,-0.945,0,1,0.001,0.945,0.001,-0.328],"_humanoidState":7,"_cameraCFrame":[753.834,230.006,47.164,-0.468,0.847,-0.252,0,0.285,0.959,0.884,0.449,-0.133],"_shiftlockState":true,"_pose":"FreeFall","_animationQueue":[],"_animationSpeed":1,"_zoom":6.789},{"_mousePosition":[683,384],"_rootPartCFrame":[754.862,227.815,45.745,-0.464,0.006,-0.886,-0.006,1,0.01,0.886,0.01,-0.464],"_humanoidState":8,"_cameraCFrame":[753.526,230.427,46.928,-0.619,0.752,-0.226,0,0.288,0.958,0.785,0.593,-0.178],"_shiftlockState":true,"_pose":"Running","_animationQueue":[["fall",0.3],["walk",0.1],["fall",0.3],["walk",0.1]],"_animationSpeed":0.117,"_zoom":6.789},{"_mousePosition":[683,384],"_rootPartCFrame":[754.876,227.842,45.767,-0.612,0.006,-0.791,0,1,0.008,0.791,0.005,-0.612],"_humanoidState":8,"_cameraCFrame":[753.138,231.449,46.404,-0.773,0.609,-0.18,0,0.283,0.959,0.635,0.741,-0.219],"_shiftlockState":true,"_pose":"Running","_animationQueue":[["walk",0.1]],"_animationSpeed":0.201,"_zoom":6.789},{"_mousePosition":[683,384],"_rootPartCFrame":[754.888,227.865,45.718,-0.773,0.017,-0.634,0.011,1,0.013,0.635,0.003,-0.773],"_humanoidState":8,"_cameraCFrame":[752.959,232.49,45.796,-0.877,0.462,-0.129,0,0.269,0.963,0.48,0.845,-0.236],"_shiftlockState":true,"_pose":"Running","_animationQueue":[["walk",0.1]],"_animationSpeed":0.108,"_zoom":6.789},{"_mousePosition":[683,384],"_rootPartCFrame":[754.861,228.749,45.699,-0.874,0.027,-0.485,0.022,1,0.017,0.485,0.004,-0.874],"_humanoidState":3,"_cameraCFrame":[752.894,234.266,45.348,-0.935,0.344,-0.09,0,0.252,0.968,0.355,0.905,-0.236],"_shiftlockState":true,"_pose":"Jumping","_animationQueue":[["walk",0.1],["jump",0.1]],"_animationSpeed":1,"_zoom":6.789},{"_mousePosition":[683,384],"_rootPartCFrame":[754.777,229.598,45.709,-0.963,0.015,-0.269,0.013,1,0.008,0.269,0.004,-0.963],"_humanoidState":5,"_cameraCFrame":[752.809,235.767,45.057,-0.965,0.253,-0.063,0,0.24,0.971,0.261,0.937,-0.232],"_shiftlockState":true,"_pose":"FreeFall","_animationQueue":[["jump",0.1]],"_animationSpeed":1,"_zoom":6.789},{"_mousePosition":[683,384],"_rootPartCFrame":[754.72,230.2,45.727,-0.986,0.006,-0.167,0.006,1,0.002,0.167,0.001,-0.986],"_humanoidState":5,"_cameraCFrame":[752.773,236.94,44.841,-0.982,0.186,-0.044,0,0.231,0.973,0.191,0.955,-0.227],"_shiftlockState":true,"_pose":"FreeFall","_animationQueue":[],"_animationSpeed":1,"_zoom":6.789},{"_mousePosition":[683,384],"_rootPartCFrame":[754.579,231.133,45.772,-1,0,-0.027,0,1,0,0.027,0,-1],"_humanoidState":5,"_cameraCFrame":[752.642,238.291,44.733,-0.988,0.153,-0.036,0,0.229,0.973,0.157,0.961,-0.226],"_shiftlockState":true,"_pose":"FreeFall","_animationQueue":[],"_animationSpeed":1,"_zoom":6.789},{"_mousePosition":[683,384],"_rootPartCFrame":[754.465,231.653,45.803,-0.998,0,-0.058,0,1,0,0.058,0,-0.998],"_humanoidState":5,"_cameraCFrame":[752.524,239.107,44.683,-0.989,0.147,-0.035,0,0.229,0.973,0.151,0.962,-0.226],"_shiftlockState":true,"_pose":"FreeFall","_animationQueue":[],"_animationSpeed":1,"_zoom":6.789},{"_mousePosition":[683,384],"_rootPartCFrame":[754.227,232.451,45.856,-1,0,0.015,0,1,0,-0.015,0,-1],"_humanoidState":5,"_cameraCFrame":[752.278,240.113,44.688,-0.989,0.147,-0.035,0,0.229,0.973,0.151,0.962,-0.226],"_shiftlockState":true,"_pose":"FreeFall","_animationQueue":[],"_animationSpeed":1,"_zoom":6.789},{"_mousePosition":[683,384],"_rootPartCFrame":[754.055,232.888,45.888,-0.999,0,-0.052,0,1,0,0.052,0,-0.999],"_humanoidState":5,"_cameraCFrame":[752.096,240.689,44.695,-0.988,0.151,-0.036,0,0.229,0.973,0.155,0.962,-0.226],"_shiftlockState":true,"_pose":"FreeFall","_animationQueue":[],"_animationSpeed":1,"_zoom":6.789},{"_mousePosition":[683,384],"_rootPartCFrame":[753.797,233.424,45.928,-1,0,-0.022,0,1,0,0.022,0,-1],"_humanoidState":5,"_cameraCFrame":[751.824,241.323,44.709,-0.987,0.157,-0.037,0,0.231,0.973,0.161,0.96,-0.228],"_shiftlockState":true,"_pose":"FreeFall","_animationQueue":[],"_animationSpeed":1,"_zoom":6.789},{"_mousePosition":[683,384],"_rootPartCFrame":[753.467,234.018,45.98,-1,0,0.005,0,1,0,-0.005,0,-1],"_humanoidState":5,"_cameraCFrame":[751.491,241.985,44.747,-0.987,0.158,-0.038,0,0.231,0.973,0.162,0.96,-0.228],"_shiftlockState":true,"_pose":"FreeFall","_animationQueue":[],"_animationSpeed":1,"_zoom":6.789},{"_mousePosition":[683,384],"_rootPartCFrame":[753.27,234.333,46.012,-0.998,0,-0.063,0,1,0,0.063,0,-0.998],"_humanoidState":5,"_cameraCFrame":[751.292,242.347,44.768,-0.987,0.158,-0.038,0,0.231,0.973,0.162,0.96,-0.228],"_shiftlockState":true,"_pose":"FreeFall","_animationQueue":[],"_animationSpeed":1,"_zoom":6.789},{"_mousePosition":[683,384],"_rootPartCFrame":[753.007,234.705,46.055,-1,0,-0.03,0,1,0,0.03,0,-1],"_humanoidState":5,"_cameraCFrame":[751.026,242.749,44.806,-0.987,0.159,-0.038,0,0.231,0.973,0.163,0.96,-0.228],"_shiftlockState":true,"_pose":"FreeFall","_animationQueue":[],"_animationSpeed":1,"_zoom":6.789},{"_mousePosition":[683,384],"_rootPartCFrame":[752.76,235.023,46.047,-1,0,-0.03,0,1,0,0.03,0,-1],"_humanoidState":5,"_cameraCFrame":[750.778,243.087,44.794,-0.987,0.159,-0.038,0,0.231,0.973,0.163,0.96,-0.228],"_shiftlockState":true,"_pose":"FreeFall","_animationQueue":[],"_animationSpeed":1,"_zoom":6.789},{"_mousePosition":[683,384],"_rootPartCFrame":[752.518,235.287,46.023,-1,0,-0.03,0,1,0,0.03,0,-1],"_humanoidState":5,"_cameraCFrame":[750.536,243.365,44.766,-0.987,0.159,-0.038,0,0.231,0.973,0.163,0.96,-0.228],"_shiftlockState":true,"_pose":"FreeFall","_animationQueue":[],"_animationSpeed":1,"_zoom":6.789},{"_mousePosition":[683,384],"_rootPartCFrame":[752.26,235.496,46.041,-1,0,-0.031,0,1,0,0.031,0,-1],"_humanoidState":5,"_cameraCFrame":[750.278,243.583,44.782,-0.987,0.159,-0.038,0,0.231,0.973,0.163,0.96,-0.228],"_shiftlockState":true,"_pose":"FreeFall","_animationQueue":[],"_animationSpeed":1,"_zoom":6.789},{"_mousePosition":[683,384],"_rootPartCFrame":[752.017,235.65,46.035,-1,0,-0.031,0,1,0,0.031,0,-1],"_humanoidState":5,"_cameraCFrame":[750.034,243.743,44.775,-0.987,0.159,-0.038,0,0.231,0.973,0.163,0.96,-0.228],"_shiftlockState":true,"_pose":"FreeFall","_animationQueue":[],"_animationSpeed":1,"_zoom":6.789},{"_mousePosition":[683,384],"_rootPartCFrame":[751.756,235.75,46.059,-1,0,-0.031,0,1,0,0.031,0,-1],"_humanoidState":5,"_cameraCFrame":[749.774,243.848,44.798,-0.987,0.159,-0.038,0,0.231,0.973,0.163,0.96,-0.228],"_shiftlockState":true,"_pose":"FreeFall","_animationQueue":[],"_animationSpeed":1,"_zoom":6.789},{"_mousePosition":[683,384],"_rootPartCFrame":[751.512,235.796,46.045,-1,0,-0.03,0,1,0,0.03,0,-1],"_humanoidState":5,"_cameraCFrame":[749.53,243.896,44.78,-0.987,0.158,-0.038,0,0.231,0.973,0.162,0.96,-0.228],"_shiftlockState":true,"_pose":"FreeFall","_animationQueue":[],"_animationSpeed":1,"_zoom":6.789},{"_mousePosition":[683,384],"_rootPartCFrame":[751.271,235.787,46.023,-1,0,-0.029,0,1,0,0.029,0,-1],"_humanoidState":5,"_cameraCFrame":[749.298,243.888,44.746,-0.988,0.152,-0.036,0,0.231,0.973,0.156,0.961,-0.228],"_shiftlockState":true,"_pose":"FreeFall","_animationQueue":[["fall",0.3]],"_animationSpeed":1,"_zoom":6.789},{"_mousePosition":[683,384],"_rootPartCFrame":[750.948,235.699,46.05,-1,0,0.01,0,1,0,-0.01,0,-1],"_humanoidState":5,"_cameraCFrame":[748.982,243.803,44.768,-0.989,0.147,-0.035,0,0.23,0.973,0.151,0.962,-0.228],"_shiftlockState":true,"_pose":"FreeFall","_animationQueue":[],"_animationSpeed":1,"_zoom":6.789},{"_mousePosition":[683,384],"_rootPartCFrame":[750.704,235.567,46.05,-1,0,-0.018,0,1,0,0.018,0,-1],"_humanoidState":5,"_cameraCFrame":[748.74,243.672,44.763,-0.989,0.145,-0.034,0,0.23,0.973,0.149,0.962,-0.228],"_shiftlockState":true,"_pose":"FreeFall","_animationQueue":[],"_animationSpeed":1,"_zoom":6.789},{"_mousePosition":[683,384],"_rootPartCFrame":[750.526,235.433,46.034,-0.999,0,-0.049,0,1,0,0.049,0,-0.999],"_humanoidState":5,"_cameraCFrame":[748.563,243.538,44.748,-0.989,0.145,-0.034,0,0.23,0.973,0.149,0.962,-0.228],"_shiftlockState":true,"_pose":"FreeFall","_animationQueue":[],"_animationSpeed":1,"_zoom":6.789},{"_mousePosition":[683,384],"_rootPartCFrame":[750.273,235.206,46.046,-1,0,-0.016,0,1,0,0.016,0,-1],"_humanoidState":5,"_cameraCFrame":[748.309,243.311,44.759,-0.989,0.145,-0.034,0,0.23,0.973,0.149,0.962,-0.228],"_shiftlockState":true,"_pose":"FreeFall","_animationQueue":[],"_animationSpeed":1,"_zoom":6.789},{"_mousePosition":[683,384],"_rootPartCFrame":[750.01,234.924,46.083,-1,0,-0.016,0,1,0,0.016,0,-1],"_humanoidState":5,"_cameraCFrame":[748.047,243.031,44.802,-0.989,0.145,-0.034,0,0.23,0.973,0.149,0.962,-0.227],"_shiftlockState":true,"_pose":"FreeFall","_animationQueue":[],"_animationSpeed":1,"_zoom":6.789},{"_mousePosition":[683,384],"_rootPartCFrame":[749.765,234.588,46.063,-1,0,-0.015,0,1,0,0.015,0,-1],"_humanoidState":5,"_cameraCFrame":[747.802,242.695,44.781,-0.989,0.145,-0.034,0,0.23,0.973,0.149,0.962,-0.227],"_shiftlockState":true,"_pose":"FreeFall","_animationQueue":[],"_animationSpeed":1,"_zoom":6.789},{"_mousePosition":[683,384],"_rootPartCFrame":[749.524,234.198,46.037,-1,0,-0.016,0,1,0,0.016,0,-1],"_humanoidState":5,"_cameraCFrame":[747.561,242.305,44.756,-0.989,0.145,-0.034,0,0.23,0.973,0.149,0.962,-0.227],"_shiftlockState":true,"_pose":"FreeFall","_animationQueue":[["fall",0.3]],"_animationSpeed":1,"_zoom":6.789},{"_mousePosition":[683,384],"_rootPartCFrame":[749.265,233.752,46.055,-1,0,-0.016,0,1,0,0.016,0,-1],"_humanoidState":5,"_cameraCFrame":[747.302,241.86,44.773,-0.989,0.145,-0.034,0,0.23,0.973,0.149,0.962,-0.227],"_shiftlockState":true,"_pose":"FreeFall","_animationQueue":[],"_animationSpeed":1,"_zoom":6.789},{"_mousePosition":[683,384],"_rootPartCFrame":[749.021,233.253,46.048,-1,0,-0.016,0,1,0,0.016,0,-1],"_humanoidState":5,"_cameraCFrame":[747.058,241.36,44.767,-0.989,0.145,-0.034,0,0.23,0.973,0.149,0.962,-0.227],"_shiftlockState":true,"_pose":"FreeFall","_animationQueue":[],"_animationSpeed":1,"_zoom":6.789},{"_mousePosition":[683,384],"_rootPartCFrame":[748.78,232.699,46.032,-1,0,-0.016,0,1,0,0.016,0,-1],"_humanoidState":5,"_cameraCFrame":[746.819,240.806,44.748,-0.989,0.144,-0.034,0,0.23,0.973,0.148,0.963,-0.227],"_shiftlockState":true,"_pose":"FreeFall","_animationQueue":[],"_animationSpeed":1,"_zoom":6.789},{"_mousePosition":[683,384],"_rootPartCFrame":[748.522,232.09,46.049,-1,0,-0.015,0,1,0,0.015,0,-1],"_humanoidState":5,"_cameraCFrame":[746.563,240.198,44.761,-0.989,0.142,-0.033,0,0.23,0.973,0.146,0.963,-0.227],"_shiftlockState":true,"_pose":"FreeFall","_animationQueue":[],"_animationSpeed":1,"_zoom":6.789},{"_mousePosition":[683,384],"_rootPartCFrame":[748.192,231.253,46.097,-1,0,0.02,0,1,0,-0.02,0,-1],"_humanoidState":5,"_cameraCFrame":[746.245,239.362,44.798,-0.991,0.134,-0.031,0,0.229,0.973,0.138,0.964,-0.227],"_shiftlockState":true,"_pose":"FreeFall","_animationQueue":[],"_animationSpeed":1,"_zoom":6.789},{"_mousePosition":[683,384],"_rootPartCFrame":[748.009,230.71,46.105,-0.999,0,-0.038,0,1,0,0.038,0,-0.999],"_humanoidState":5,"_cameraCFrame":[746.093,238.822,44.779,-0.993,0.113,-0.026,0,0.227,0.974,0.116,0.967,-0.225],"_shiftlockState":true,"_pose":"FreeFall","_animationQueue":[],"_animationSpeed":1,"_zoom":6.789},{"_mousePosition":[683,384],"_rootPartCFrame":[747.676,229.739,46.114,-0.999,0,0.038,0,1,-0.017,-0.038,-0.017,-0.999],"_humanoidState":5,"_cameraCFrame":[745.81,237.855,44.712,-0.997,0.078,-0.018,0,0.224,0.975,0.08,0.971,-0.223],"_shiftlockState":true,"_pose":"FreeFall","_animationQueue":[["fall",0.3]],"_animationSpeed":1,"_zoom":6.789},{"_mousePosition":[683,384],"_rootPartCFrame":[747.469,229.122,46.107,-1,-0.001,0.007,-0.001,1,-0.026,-0.007,-0.026,-1],"_humanoidState":5,"_cameraCFrame":[745.726,237.249,44.59,-1,-0.005,0.001,0,0.216,0.976,-0.006,0.976,-0.216],"_shi