[{"_mousePosition":[1070,365],"_rootPartCFrame":[776.034,222.963,47.142,-0.002,-0.007,1,0,1,0.007,-1,0,-0.002],"_humanoidState":8,"_cameraCFrame":[784.819,232.227,46.978,-0.019,-0.662,0.75,0,0.75,0.662,-1,0.012,-0.014],"_shiftlockState":false,"_pose":"Standing","_animationQueue":[],"_animationSpeed":1,"_zoom":11.733},{"_mousePosition":[1052,364],"_rootPartCFrame":[775.917,222.901,47.144,-0.003,-0.003,1,0,1,0.003,-1,0,-0.003],"_humanoidState":8,"_cameraCFrame":[784.708,232.165,46.98,-0.019,-0.662,0.75,0,0.75,0.662,-1,0.012,-0.014],"_shiftlockState":false,"_pose":"Standing","_animationQueue":[],"_animationSpeed":1,"_zoom":11.733},{"_mousePosition":[1030,364],"_rootPartCFrame":[775.788,222.839,47.147,-0.004,-0.001,1,0,1,0.001,-1,0,-0.004],"_humanoidState":8,"_cameraCFrame":[784.583,232.103,46.982,-0.019,-0.662,0.75,0,0.75,0.662,-1,0.012,-0.014],"_shiftlockState":false,"_pose":"Running","_animationQueue":[["walk",0.1]],"_animationSpeed":0.829,"_zoom":11.733},{"_mousePosition":[1012,364],"_rootPartCFrame":[775.522,222.675,47.152,-0.006,0,1,0,1,0,-1,0,-0.006],"_humanoidState":8,"_cameraCFrame":[784.318,231.939,46.987,-0.019,-0.662,0.75,0,0.75,0.662,-1,0.012,-0.014],"_shiftlockState":false,"_pose":"Running","_animationQueue":[["walk",0.1]],"_animationSpeed":1.067,"_zoom":11.733},{"_mousePosition":[986,364],"_rootPartCFrame":[775.255,222.654,47.157,-0.008,0,1,0,1,0,-1,0,-0.008],"_humanoidState":8,"_cameraCFrame":[784.051,231.917,46.992,-0.019,-0.662,0.75,0,0.75,0.662,-1,0.012,-0.014],"_shiftlockState":false,"_pose":"Running","_animationQueue":[["walk",0.1]],"_animationSpeed":1.067,"_zoom":11.733},{"_mousePosition":[962,364],"_rootPartCFrame":[774.989,222.67,47.162,-0.009,0,1,0,1,0,-1,0,-0.009],"_humanoidState":8,"_cameraCFrame":[783.784,231.933,46.997,-0.019,-0.662,0.75,0,0.75,0.662,-1,0.012,-0.014],"_shiftlockState":false,"_pose":"Running","_animationQueue":[],"_animationSpeed":1.067,"_zoom":11.733},{"_mousePosition":[944,364],"_rootPartCFrame":[774.589,222.687,47.169,-0.011,0,1,0,1,0,-1,0,-0.011],"_humanoidState":8,"_cameraCFrame":[783.384,231.951,47.005,-0.019,-0.662,0.75,0,0.75,0.662,-1,0.012,-0.014],"_shiftlockState":false,"_pose":"Running","_animationQueue":[],"_animationSpeed":1.067,"_zoom":11.733},{"_mousePosition":[928,365],"_rootPartCFrame":[774.455,222.691,47.171,-0.012,0,1,0,1,0,-1,0,-0.012],"_humanoidState":8,"_cameraCFrame":[783.251,231.954,47.007,-0.019,-0.662,0.75,0,0.75,0.662,-1,0.012,-0.014],"_shiftlockState":false,"_pose":"Running","_animationQueue":[],"_animationSpeed":1.067,"_zoom":11.733},{"_mousePosition":[913,368],"_rootPartCFrame":[774.189,222.695,47.176,-0.013,0,1,0,1,0,-1,0,-0.013],"_humanoidState":8,"_cameraCFrame":[782.984,231.958,47.012,-0.019,-0.662,0.75,0,0.75,0.662,-1,0.012,-0.014],"_shiftlockState":false,"_pose":"Running","_animationQueue":[],"_animationSpeed":1.067,"_zoom":11.733},{"_mousePosition":[906,371],"_rootPartCFrame":[773.922,222.697,47.181,-0.013,0,1,0,1,0,-1,0,-0.013],"_humanoidState":8,"_cameraCFrame":[782.718,231.961,47.017,-0.019,-0.662,0.75,0,0.75,0.662,-1,0.012,-0.014],"_shiftlockState":false,"_pose":"Running","_animationQueue":[],"_animationSpeed":1.067,"_zoom":11.733},{"_mousePosition":[900,377],"_rootPartCFrame":[773.522,222.699,47.189,-0.015,0,1,0,1,0,-1,0,-0.015],"_humanoidState":8,"_cameraCFrame":[782.318,231.962,47.025,-0.019,-0.662,0.75,0,0.75,0.662,-1,0.012,-0.014],"_shiftlockState":false,"_pose":"Running","_animationQueue":[["walk",0.1]],"_animationSpeed":1.067,"_zoom":11.733},{"_mousePosition":[895,386],"_rootPartCFrame":[773.389,222.699,47.191,-0.015,0,1,0,1,0,-1,0,-0.015],"_humanoidState":8,"_cameraCFrame":[782.185,231.962,47.027,-0.019,-0.662,0.75,0,0.75,0.662,-1,0.012,-0.014],"_shiftlockState":false,"_pose":"Running","_animationQueue":[],"_animationSpeed":1.067,"_zoom":11.733},{"_mousePosition":[890,395],"_rootPartCFrame":[772.989,222.699,47.199,-0.016,0,1,0,1,0,-1,0,-0.016],"_humanoidState":8,"_cameraCFrame":[781.785,231.963,47.035,-0.019,-0.662,0.75,0,0.75,0.662,-1,0.012,-0.014],"_shiftlockState":false,"_pose":"Running","_animationQueue":[],"_animationSpeed":1.067,"_zoom":11.733},{"_mousePosition":[887,407],"_rootPartCFrame":[772.856,222.699,47.201,-0.016,0,1,0,1,0,-1,0,-0.016],"_humanoidState":8,"_cameraCFrame":[781.651,231.963,47.037,-0.019,-0.662,0.75,0,0.75,0.662,-1,0.012,-0.014],"_shiftlockState":false,"_pose":"Running","_animationQueue":[],"_animationSpeed":1.067,"_zoom":11.733},{"_mousePosition":[887,407],"_rootPartCFrame":[772.589,222.7,47.206,-0.016,0,1,0,1,0,-1,0,-0.016],"_humanoidState":8,"_cameraCFrame":[781.271,232.09,47.035,-0.02,-0.672,0.74,0,0.74,0.673,-1,0.013,-0.015],"_shiftlockState":false,"_pose":"Running","_animationQueue":[],"_animationSpeed":1.067,"_zoom":11.733},{"_mousePosition":[887,407],"_rootPartCFrame":[772.323,222.7,47.211,-0.017,0,1,0,1,0,-1,0,-0.017],"_humanoidState":8,"_cameraCFrame":[780.876,232.229,47.043,-0.02,-0.684,0.729,0,0.729,0.684,-1,0.013,-0.014],"_shiftlockState":false,"_pose":"Running","_animationQueue":[],"_animationSpeed":1.067,"_zoom":11.733},{"_mousePosition":[887,407],"_rootPartCFrame":[772.056,222.7,47.216,-0.017,0,1,0,1,0,-1,0,-0.017],"_humanoidState":8,"_cameraCFrame":[780.427,232.42,47.078,-0.017,-0.701,0.713,0,0.714,0.701,-1,0.012,-0.012],"_shiftlockState":false,"_pose":"Running","_animationQueue":[],"_animationSpeed":1.067,"_zoom":11.733},{"_mousePosition":[887,407],"_rootPartCFrame":[771.789,222.7,47.222,-0.017,0,1,0,1,0,-1,0,-0.017],"_humanoidState":8,"_cameraCFrame":[779.912,232.666,47.13,-0.011,-0.722,0.692,0,0.692,0.722,-1,0.008,-0.008],"_shiftlockState":false,"_pose":"Running","_animationQueue":[["walk",0.1]],"_animationSpeed":1.067,"_zoom":11.733},{"_mousePosition":[887,407],"_rootPartCFrame":[771.389,222.7,47.228,-0.017,0,1,0,1,0,-1,0,-0.017],"_humanoidState":8,"_cameraCFrame":[779.228,232.93,47.164,-0.008,-0.744,0.668,0,0.668,0.744,-1,0.006,-0.005],"_shiftlockState":false,"_pose":"Running","_animationQueue":[],"_animationSpeed":1.067,"_zoom":11.733},{"_mousePosition":[887,407],"_rootPartCFrame":[771.256,222.7,47.23,-0.017,0,1,0,1,0,-1,0,-0.017],"_humanoidState":8,"_cameraCFrame":[778.722,233.251,47.192,-0.005,-0.771,0.636,0,0.636,0.771,-1,0.004,-0.003],"_shiftlockState":false,"_pose":"Running","_animationQueue":[],"_animationSpeed":1.067,"_zoom":11.733},{"_mousePosition":[887,407],"_rootPartCFrame":[770.99,222.7,47.232,-0.016,0,1,0,1,0,-1,0,-0.016],"_humanoidState":8,"_cameraCFrame":[778.062,233.562,47.197,-0.005,-0.798,0.603,0,0.603,0.798,-1,0.004,-0.003],"_shiftlockState":false,"_pose":"Running","_animationQueue":[],"_animationSpeed":1.067,"_zoom":11.733},{"_mousePosition":[887,407],"_rootPartCFrame":[770.723,222.7,47.234,-0.014,0,1,0,1,0,-1,0,-0.014],"_humanoidState":8,"_cameraCFrame":[777.396,233.85,47.2,-0.005,-0.822,0.569,0,0.569,0.822,-1,0.004,-0.003],"_shiftlockState":false,"_pose":"Running","_animationQueue":[],"_animationSpeed":1.067,"_zoom":11.733},{"_mousePosition":[887,407],"_rootPartCFrame":[770.456,222.7,47.235,-0.013,0,1,0,1,0,-1,0,-0.013],"_humanoidState":8,"_cameraCFrame":[776.735,234.111,47.197,-0.006,-0.845,0.535,0,0.535,0.845,-1,0.005,-0.003],"_shiftlockState":false,"_pose":"Running","_animationQueue":[],"_animationSpeed":1.067,"_zoom":11.733},{"_mousePosition":[887,407],"_rootPartCFrame":[770.19,222.666,47.236,-0.012,0,1,0,1,0,-1,0,-0.012],"_humanoidState":8,"_cameraCFrame":[776.047,234.332,47.195,-0.007,-0.866,0.499,0,0.499,0.866,-1,0.006,-0.004],"_shiftlockState":false,"_pose":"Running","_animationQueue":[["walk",0.1]],"_animationSpeed":1.067,"_zoom":11.733},{"_mousePosition":[887,407],"_rootPartCFrame":[769.923,222.577,47.238,-0.011,0,1,0,1,0,-1,0,-0.011],"_humanoidState":8,"_cameraCFrame":[775.316,234.497,47.199,-0.007,-0.888,0.46,0,0.46,0.888,-1,0.006,-0.003],"_shiftlockState":false,"_pose":"Running","_animationQueue":[],"_animationSpeed":1.067,"_zoom":11.733},{"_mousePosition":[887,407],"_rootPartCFrame":[769.59,223.661,47.239,-0.009,0,1,0,1,0,-1,0,-0.009],"_humanoidState":3,"_cameraCFrame":[774.576,235.782,47.219,-0.004,-0.905,0.425,0,0.425,0.905,-1,0.004,-0.002],"_shiftlockState":false,"_pose":"Jumping","_animationQueue":[["walk",0.1],["jump",0.1]],"_animationSpeed":1,"_zoom":11.733},{"_mousePosition":[887,407],"_rootPartCFrame":[769.39,224.272,47.241,-0.009,0,1,0,1,0,-1,0,-0.009],"_humanoidState":5,"_cameraCFrame":[773.987,236.567,47.232,-0.002,-0.92,0.392,0,0.392,0.92,-1,0.002,-0.001],"_shiftlockState":false,"_pose":"FreeFall","_animationQueue":[["jump",0.1]],"_animationSpeed":1,"_zoom":11.733},{"_mousePosition":[887,407],"_rootPartCFrame":[769.123,225.04,47.242,-0.008,0,1,0,1,0,-1,0,-0.008],"_humanoidState":5,"_cameraCFrame":[773.423,237.457,47.238,-0.001,-0.93,0.366,0,0.366,0.93,-1,0.001,0],"_shiftlockState":false,"_pose":"FreeFall","_animationQueue":[],"_animationSpeed":1,"_zoom":11.733},{"_mousePosition":[887,407],"_rootPartCFrame":[768.857,225.753,47.243,-0.007,0,1,0,1,0,-1,0,-0.007],"_humanoidState":5,"_cameraCFrame":[772.873,238.277,47.239,-0.001,-0.94,0.342,0,0.342,0.94,-1,0.001,0],"_shiftlockState":false,"_pose":"FreeFall","_animationQueue":[],"_animationSpeed":1,"_zoom":11.733},{"_mousePosition":[887,407],"_rootPartCFrame":[768.59,226.411,47.243,-0.006,0,1,0,1,0,-1,0,-0.006],"_humanoidState":5,"_cameraCFrame":[772.357,239.023,47.236,-0.002,-0.947,0.321,0,0.321,0.947,-1,0.002,-0.001],"_shiftlockState":false,"_pose":"FreeFall","_animationQueue":[],"_animationSpeed":1,"_zoom":11.733},{"_mousePosition":[887,407],"_rootPartCFrame":[768.323,227.015,47.243,-0.006,0,1,0,1,0,-1,0,-0.006],"_humanoidState":5,"_cameraCFrame":[771.883,239.695,47.233,-0.003,-0.953,0.303,0,0.303,0.953,-1,0.003,-0.001],"_shiftlockState":false,"_pose":"FreeFall","_animationQueue":[],"_animationSpeed":1,"_zoom":11.733},{"_mousePosition":[887,407],"_rootPartCFrame":[768.057,227.565,47.244,-0.005,0,1,0,1,0,-1,0,-0.005],"_humanoidState":5,"_cameraCFrame":[771.427,240.303,47.234,-0.003,-0.958,0.287,0,0.287,0.958,-1,0.003,-0.001],"_shiftlockState":false,"_pose":"FreeFall","_animationQueue":[],"_animationSpeed":1,"_zoom":11.733},{"_mousePosition":[887,407],"_rootPartCFrame":[767.724,228.175,47.244,-0.005,0,1,0,1,0,-1,0,-0.005],"_humanoidState":5,"_cameraCFrame":[770.876,240.977,47.248,0.001,-0.963,0.269,0,0.269,0.963,-1,-0.001,0],"_shiftlockState":false,"_pose":"FreeFall","_animationQueue":[],"_animationSpeed":1,"_zoom":11.733},{"_mousePosition":[887,407],"_rootPartCFrame":[767.524,228.5,47.245,-0.004,0,1,0,1,0,-1,0,-0.004],"_humanoidState":5,"_cameraCFrame":[770.447,241.363,47.273,0.01,-0.968,0.249,0,0.249,0.968,-1,-0.009,0.002],"_shiftlockState":false,"_pose":"FreeFall","_animationQueue":[],"_animationSpeed":1,"_zoom":11.733},{"_mousePosition":[887,407],"_rootPartCFrame":[767.257,228.886,47.245,-0.004,0,1,0,1,0,-1,0,-0.004],"_humanoidState":5,"_cameraCFrame":[769.996,241.795,47.32,0.027,-0.972,0.233,0,0.234,0.972,-1,-0.027,0.006],"_shiftlockState":false,"_pose":"FreeFall","_animationQueue":[],"_animationSpeed":1,"_zoom":11.733},{"_mousePosition":[887,407],"_rootPartCFrame":[766.99,229.218,47.243,-0.002,0,1,0,1,0,-1,0,-0.002],"_humanoidState":5,"_cameraCFrame":[769.674,242.14,47.316,0.027,-0.973,0.229,0,0.229,0.973,-1,-0.027,0.006],"_shiftlockState":false,"_pose":"FreeFall","_animationQueue":[],"_animationSpeed":1,"_zoom":11.733},{"_mousePosition":[887,407],"_rootPartCFrame":[766.724,229.495,47.236,0.001,0,1,0,1,0,-1,0,0.001],"_humanoidState":5,"_cameraCFrame":[769.408,242.417,47.31,0.027,-0.973,0.229,0,0.229,0.973,-1,-0.027,0.006],"_shiftlockState":false,"_pose":"FreeFall","_animationQueue":[],"_animationSpeed":1,"_zoom":11.733},{"_mousePosition":[887,407],"_rootPartCFrame":[766.457,229.717,47.229,0.004,0,1,0,1,0,-1,0,0.004],"_humanoidState":5,"_cameraCFrame":[769.189,242.639,45.553,0.027,-0.973,0.229,0,0.229,0.973,-1,-0.027,0.006],"_shiftlockState":true,"_pose":"FreeFall","_animationQueue":[],"_animationSpeed":1,"_zoom":11.733},{"_mousePosition":[683,384],"_rootPartCFrame":[766.191,229.885,47.221,0.029,0,1,0,1,0,-1,0,0.029],"_humanoidState":5,"_cameraCFrame":[768.922,242.807,45.546,0.027,-0.973,0.229,0,0.229,0.973,-1,-0.027,0.006],"_shiftlockState":true,"_pose":"FreeFall","_animationQueue":[],"_animationSpeed":1,"_zoom":11.733},{"_mousePosition":[683,384],"_rootPartCFrame":[765.924,229.999,47.214,0.028,0,1,0,1,0,-1,0,0.028],"_humanoidState":5,"_cameraCFrame":[768.656,242.921,45.538,0.027,-0.973,0.229,0,0.229,0.973,-1,-0.027,0.006],"_shiftlockState":true,"_pose":"FreeFall","_animationQueue":[],"_animationSpeed":1,"_zoom":11.733},{"_mousePosition":[683,384],"_rootPartCFrame":[765.657,230.058,47.207,0.027,0,1,0,1,0,-1,0,0.027],"_humanoidState":5,"_cameraCFrame":[768.389,242.98,45.531,0.027,-0.973,0.229,0,0.229,0.973,-1,-0.027,0.006],"_shiftlockState":true,"_pose":"FreeFall","_animationQueue":[],"_animationSpeed":1,"_zoom":11.733},{"_mousePosition":[683,384],"_rootPartCFrame":[765.391,230.063,47.2,0.027,0,1,0,1,0,-1,0,0.027],"_humanoidState":5,"_cameraCFrame":[768.123,242.984,45.524,0.027,-0.973,0.229,0,0.229,0.973,-1,-0.027,0.006],"_shiftlockState":true,"_pose":"FreeFall","_animationQueue":[],"_animationSpeed":1,"_zoom":11.733},{"_mousePosition":[683,384],"_rootPartCFrame":[765.124,230.013,47.192,0.027,0,1,0,1,0,-1,0,0.027],"_humanoidState":5,"_cameraCFrame":[767.856,242.934,45.516,0.027,-0.973,0.229,0,0.229,0.973,-1,-0.027,0.006],"_shiftlockState":true,"_pose":"FreeFall","_animationQueue":[],"_animationSpeed":1,"_zoom":11.733},{"_mousePosition":[683,384],"_rootPartCFrame":[764.858,229.908,47.185,0.027,0,1,0,1,0,-1,0,0.027],"_humanoidState":5,"_cameraCFrame":[767.589,242.83,45.509,0.027,-0.973,0.229,0,0.229,0.973,-1,-0.027,0.006],"_shiftlockState":true,"_pose":"FreeFall","_animationQueue":[["fall",0.3]],"_animationSpeed":1,"_zoom":11.733},{"_mousePosition":[683,384],"_rootPartCFrame":[764.591,229.749,47.178,0.027,0,1,0,1,0,-1,0,0.027],"_humanoidState":5,"_cameraCFrame":[767.323,242.671,45.502,0.027,-0.973,0.229,0,0.229,0.973,-1,-0.027,0.006],"_shiftlockState":true,"_pose":"FreeFall","_animationQueue":[],"_animationSpeed":1,"_zoom":11.733},{"_mousePosition":[683,384],"_rootPartCFrame":[764.191,229.408,47.167,0.027,0,1,0,1,0,-1,0,0.027],"_humanoidState":5,"_cameraCFrame":[766.923,242.33,45.491,0.027,-0.973,0.229,0,0.229,0.973,-1,-0.027,0.006],"_shiftlockState":true,"_pose":"FreeFall","_animationQueue":[],"_animationSpeed":1,"_zoom":11.733},{"_mousePosition":[683,384],"_rootPartCFrame":[764.058,229.268,47.163,0.027,0,1,0,1,0,-1,0,0.027],"_humanoidState":5,"_cameraCFrame":[766.801,242.185,45.476,0.023,-0.973,0.23,0,0.23,0.973,-1,-0.023,0.005],"_shiftlockState":true,"_pose":"FreeFall","_animationQueue":[],"_animationSpeed":1,"_zoom":11.733},{"_mousePosition":[683,384],"_rootPartCFrame":[763.791,228.945,47.156,0.024,0,1,0,1,0,-1,0,0.024],"_humanoidState":5,"_cameraCFrame":[766.565,241.849,45.429,0.009,-0.972,0.235,0,0.235,0.972,-1,-0.008,0.002],"_shiftlockState":true,"_pose":"FreeFall","_animationQueue":[],"_animationSpeed":1,"_zoom":11.733},{"_mousePosition":[683,384],"_rootPartCFrame":[763.525,228.568,47.149,0.01,0,1,0,1,0,-1,0,0.01],"_humanoidState":5,"_cameraCFrame":[766.353,241.454,45.394,-0.002,-0.97,0.241,0,0.241,0.97,-1,0.002,0],"_shiftlockState":true,"_pose":"FreeFall","_animationQueue":[],"_animationSpeed":1,"_zoom":11.733},{"_mousePosition":[683,384],"_rootPartCFrame":[763.258,228.137,47.146,0,0,1,0,1,0,-1,0,0],"_humanoidState":5,"_cameraCFrame":[766.163,241,45.366,-0.01,-0.968,0.249,0,0.249,0.968,-1,0.01,-0.003],"_shiftlockState":true,"_pose":"FreeFall","_animationQueue":[["fall",0.3]],"_animationSpeed":1,"_zoom":11.733},{"_mousePosition":[683,384],"_rootPartCFrame":[762.991,227.651,47.147,-0.009,0,1,0,1,0,-1,0,-0.009],"_humanoidState":5,"_cameraCFrame":[765.977,240.487,45.331,-0.022,-0.966,0.258,0,0.258,0.966,-1,0.021,-0.006],"_shiftlockState":true,"_pose":"FreeFall","_animationQueue":[],"_animationSpeed":1,"_zoom":11.733},{"_mousePosition":[683,384],"_rootPartCFrame":[762.725,227.11,47.149,-0.02,0,1,0,1,0,-1,0,-0.02],"_humanoidState":5,"_cameraCFrame":[765.719,239.944,45.333,-0.022,-0.966,0.258,0,0.259,0.966,-1,0.021,-0.006],"_shiftlockState":true,"_pose":"FreeFall","_animationQueue":[],"_animationSpeed":1,"_zoom":11.733},{"_mousePosition":[683,384],"_rootPartCFrame":[762.458,226.515,47.154,-0.021,0,1,0,1,0,-1,0,-0.021],"_humanoidState":5,"_cameraCFrame":[765.453,239.349,45.339,-0.022,-0.966,0.258,0,0.259,0.966,-1,0.021,-0.006],"_shiftlockState":true,"_pose":"FreeFall","_animationQueue":[],"_animationSpeed":1,"_zoom":11.733},{"_mousePosition":[683,384],"_rootPartCFrame":[762.192,225.866,47.16,-0.022,0,1,0,1,0,-1,0,-0.022],"_humanoidState":5,"_cameraCFrame":[765.186,238.7,45.344,-0.022,-0.966,0.258,0,0.259,0.966,-1,0.021,-0.006],"_shiftlockState":true,"_pose":"FreeFall","_animationQueue":[],"_animationSpeed":1,"_zoom":11.733},{"_mousePosition":[683,384],"_rootPartCFrame":[761.925,225.162,47.166,-0.022,0,1,0,1,0,-1,0,-0.022],"_humanoidState":5,"_cameraCFrame":[764.929,237.993,45.35,-0.022,-0.966,0.259,0,0.259,0.966,-1,0.021,-0.006],"_shiftlockState":true,"_pose":"FreeFall","_animationQueue":[],"_animationSpeed":1,"_zoom":11.733},{"_mousePosition":[683,384],"_rootPartCFrame":[761.793,225.191,47.174,0.013,-0.018,1,-0.006,1,0.018,-1,-0.006,0.013],"_humanoidState":12,"_cameraCFrame":[764.769,238.022,45.35,-0.022,-0.966,0.259,0,0.259,0.966,-1,0.021,-0.006],"_shiftlockState":true,"_pose":"Climbing","_animationQueue":[["walk",0.1],["fall",0.3],["climb",0.1],["climb",0]],"_animationSpeed":-3.622,"_zoom":11.733},{"_mousePosition":[683,384],"_rootPartCFrame":[761.839,225.368,47.194,-0.038,-0.014,0.999,-0.002,1,0.014,-0.999,-0.002,-0.038],"_humanoidState":12,"_cameraCFrame":[764.831,238.2,45.391,-0.017,-0.966,0.259,0,0.259,0.966,-1,0.016,-0.004],"_shiftlockState":true,"_pose":"Climbing","_animationQueue":[["climb",0.1]],"_animationSpeed":0.618,"_zoom":11.733},{"_mousePosition":[683,384],"_rootPartCFrame":[761.853,225.555,47.199,-0.018,-0.002,1,0,1,0.002,-1,0,-0.018],"_humanoidState":12,"_cameraCFrame":[764.901,238.389,45.478,0.01,-0.966,0.259,0,0.259,0.966,-1,-0.009,0.002],"_shiftlockState":true,"_pose":"Climbing","_animationQueue":[["climb",0.1]],"_animationSpeed":0.927,"_zoom":11.733},{"_mousePosition":[683,384],"_rootPartCFrame":[761.852,225.742,47.199,0.009,0.001,1,0,1,-0.001,-1,0,0.009],"_humanoidState":12,"_cameraCFrame":[764.935,238.595,45.671,0.073,-0.965,0.252,0,0.252,0.968,-0.997,-0.071,0.019],"_shiftlockState":true,"_pose":"Climbing","_animationQueue":[],"_animationSpeed":0.927,"_zoom":11.733},{"_mousePosition":[683,384],"_rootPartCFrame":[761.852,225.928,47.199,0.073,0.001,0.997,0,1,-0.001,-0.997,0,0.073],"_humanoidState":12,"_cameraCFrame":[764.946,238.817,45.99,0.181,-0.955,0.237,0,0.241,0.971,-0.983,-0.176,0.044],"_shiftlockState":true,"_pose":"Climbing","_animationQueue":[["climb",0]],"_animationSpeed":0.927,"_zoom":11.733},{"_mousePosition":[683,384],"_rootPartCFrame":[761.852,226.161,47.199,0.181,0,0.983,0,1,0,-0.983,0,0.181],"_humanoidState":12,"_cameraCFrame":[764.874,239.094,46.255,0.279,-0.936,0.216,0,0.225,0.974,-0.96,-0.272,0.063],"_shiftlockState":true,"_pose":"Climbing","_animationQueue":[],"_animationSpeed":0.927,"_zoom":11.733},{"_mousePosition":[683,384],"_rootPartCFrame":[761.852,226.301,47.199,0.279,0,0.96,0,1,0,-0.96,0,0.279],"_humanoidState":12,"_cameraCFrame":[764.803,239.263,46.39,0.335,-0.92,0.202,0,0.214,0.977,-0.942,-0.327,0.072],"_shiftlockState":true,"_pose":"Climbing","_animationQueue":[],"_animationSpeed":0.927,"_zoom":11.733},{"_mousePosition":[683,384],"_rootPartCFrame":[761.852,226.488,47.199,0.335,0,0.942,0,1,0,-0.942,0,0.335],"_humanoidState":12,"_cameraCFrame":[764.78,239.458,46.421,0.349,-0.916,0.198,0,0.211,0.978,-0.937,-0.341,0.073],"_shiftlockState":true,"_pose":"Climbing","_animationQueue":[],"_animationSpeed":0.927,"_zoom":11.733},{"_mousePosition":[683,384],"_rootPartCFrame":[761.719,226.908,47.151,0.349,0,0.937,0,1,0,-0.937,0,0.349],"_humanoidState":8,"_cameraCFrame":[764.6,239.886,46.321,0.336,-0.921,0.196,0,0.208,0.978,-0.942,-0.329,0.07],"_shiftlockState":true,"_pose":"Standing","_animationQueue":[["climb",0.1],["idle",0.1],["idle",0.1]],"_animationSpeed":1,"_zoom":11.733},{"_mousePosition":[683,384],"_rootPartCFrame":[761.477,227.253,47.062,0.336,0,0.942,0,1,0,-0.942,0,0.336],"_humanoidState":8,"_cameraCFrame":[764.3,240.232,46.073,0.284,-0.938,0.198,0,0.207,0.978,-0.959,-0.278,0.059],"_shiftlockState":true,"_pose":"Running","_animationQueue":[["walk",0.1]],"_animationSpeed":0.853,"_zoom":11.733},{"_mousePosition":[683,384],"_rootPartCFrame":[761.226,227.454,46.972,0.284,0,0.959,0,1,0,-0.959,0,0.284],"_humanoidState":8,"_cameraCFrame":[764.023,240.421,45.788,0.212,-0.955,0.207,0,0.212,0.977,-0.977,-0.207,0.045],"_shiftlockState":true,"_pose":"Running","_animationQueue":[["walk",0.1]],"_animationSpeed":1.098,"_zoom":11.733},{"_mousePosition":[683,384],"_rootPartCFrame":[760.907,227.584,46.875,0.212,0,0.977,0,1,0,-0.977,0,0.212],"_humanoidState":8,"_cameraCFrame":[763.703,240.529,45.489,0.135,-0.967,0.218,0,0.22,0.975,-0.991,-0.132,0.03],"_shiftlockState":true,"_pose":"Running","_animationQueue":[],"_animationSpeed":1.098,"_zoom":11.733},{"_mousePosition":[683,384],"_rootPartCFrame":[760.712,227.626,46.83,0.135,0,0.991,0,1,0,-0.991,0,0.135],"_humanoidState":8,"_cameraCFrame":[763.51,240.548,45.267,0.068,-0.971,0.228,0,0.229,0.973,-0.998,-0.066,0.016],"_shiftlockState":true,"_pose":"Running","_animationQueue":[],"_animationSpeed":1.098,"_zoom":11.733},{"_mousePosition":[683,384],"_rootPartCFrame":[760.449,227.659,46.791,0.068,0,0.998,0,1,0,-0.998,0,0.068],"_humanoidState":8,"_cameraCFrame":[763.231,240.561,45.064,0.009,-0.972,0.236,0,0.236,0.972,-1,-0.008,0.002],"_shiftlockState":true,"_pose":"Running","_animationQueue":[],"_animationSpeed":1.098,"_zoom":11.733},{"_mousePosition":[683,384],"_rootPartCFrame":[760.183,227.677,46.77,0.009,0,1,0,1,0,-1,0,0.009],"_humanoidState":8,"_cameraCFrame":[762.944,240.568,44.939,-0.029,-0.97,0.24,0,0.24,0.971,-1,0.028,-0.007],"_shiftlockState":true,"_pose":"Running","_animationQueue":[["walk",0.1]],"_animationSpeed":1.098,"_zoom":11.733},{"_mousePosition":[683,384],"_rootPartCFrame":[759.85,227.689,46.765,-0.029,0,1,0,1,0,-1,0,-0.029],"_humanoidState":8,"_cameraCFrame":[762.6,240.575,44.889,-0.045,-0.969,0.241,0,0.241,0.97,-0.999,0.044,-0.011],"_shiftlockState":true,"_pose":"Running","_animationQueue":[],"_animationSpeed":1.098,"_zoom":11.733},{"_mousePosition":[683,384],"_rootPartCFrame":[759.65,227.693,46.769,-0.045,0,0.999,0,1,0,-0.999,0,-0.045],"_humanoidState":8,"_cameraCFrame":[762.4,240.576,44.879,-0.05,-0.969,0.242,0,0.242,0.97,-0.999,0.049,-0.012],"_shiftlockState":true,"_pose":"Running","_animationQueue":[],"_animationSpeed":1.098,"_zoom":11.733},{"_mousePosition":[683,384],"_rootPartCFrame":[759.383,227.696,46.78,-0.05,0,0.999,0,1,0,-0.999,0,-0.05],"_humanoidState":8,"_cameraCFrame":[762.133,240.579,44.89,-0.05,-0.969,0.242,0,0.242,0.97,-0.999,0.049,-0.012],"_shiftlockState":true,"_pose":"Running","_animationQueue":[],"_animationSpeed":1.098,"_zoom":11.733},{"_mousePosition":[683,384],"_rootPartCFrame":[759.117,227.697,46.793,-0.05,0,0.999,0,1,0,-0.999,0,-0.05],"_humanoidState":8,"_cameraCFrame":[761.867,240.581,44.903,-0.05,-0.969,0.242,0,0.242,0.97,-0.999,0.049,-0.012],"_shiftlockState":true,"_pose":"Running","_animationQueue":[],"_animationSpeed":1.098,"_zoom":11.733},{"_mousePosition":[683,384],"_rootPartCFrame":[758.851,227.698,46.807,-0.05,0,0.999,0,1,0,-0.999,0,-0.05],"_humanoidState":8,"_cameraCFrame":[761.603,240.582,44.919,-0.049,-0.969,0.242,0,0.242,0.97,-0.999,0.048,-0.012],"_shiftlockState":true,"_pose":"Running","_animationQueue":[],"_animationSpeed":1.098,"_zoom":11.733},{"_mousePosition":[683,384],"_rootPartCFrame":[758.584,227.699,46.82,-0.049,0,0.999,0,1,0,-0.999,0,-0.049],"_humanoidState":8,"_cameraCFrame":[761.34,240.582,44.939,-0.047,-0.969,0.242,0,0.242,0.97,-0.999,0.046,-0.011],"_shiftlockState":true,"_pose":"Running","_animationQueue":[["walk",0.1]],"_animationSpeed":1.098,"_zoom":11.733},{"_mousePosition":[683,384],"_rootPartCFrame":[758.318,227.699,46.833,-0.047,0,0.999,0,1,0,-0.999,0,-0.047],"_humanoidState":8,"_cameraCFrame":[761.08,240.583,44.96,-0.044,-0.969,0.242,0,0.242,0.97,-0.999,0.042,-0.011],"_shiftlockState":true,"_pose":"Running","_animationQueue":[],"_animationSpeed":1.098,"_zoom":11.733},{"_mousePosition":[683,384],"_rootPartCFrame":[758.052,227.699,46.846,-0.044,0,0.999,0,1,0,-0.999,0,-0.044],"_humanoidState":8,"_cameraCFrame":[760.81,240.585,44.982,-0.041,-0.97,0.241,0,0.241,0.97,-0.999,0.039,-0.01],"_shiftlockState":true,"_pose":"Running","_animationQueue":[],"_animationSpeed":1.098,"_zoom":11.733},{"_mousePosition":[683,384],"_rootPartCFrame":[757.785,227.699,46.857,-0.041,0,0.999,0,1,0,-0.999,0,-0.041],"_humanoidState":8,"_cameraCFrame":[760.542,240.587,45.006,-0.036,-0.97,0.24,0,0.241,0.971,-0.999,0.035,-0.009],"_shiftlockState":true,"_pose":"Running","_animationQueue":[],"_animationSpeed":1.098,"_zoom":11.733},{"_mousePosition":[683,384],"_rootPartCFrame":[757.519,227.699,46.868,-0.036,0,0.999,0,1,0,-0.999,0,-0.036],"_humanoidState":8,"_cameraCFrame":[760.278,240.59,45.034,-0.03,-0.97,0.24,0,0.24,0.971,-1,0.029,-0.007],"_shiftlockState":true,"_pose":"Running","_animationQueue":[],"_animationSpeed":1.098,"_zoom":11.733},{"_mousePosition":[683,384],"_rootPartCFrame":[757.252,227.699,46.878,-0.03,0,1,0,1,0,-1,0,-0.03],"_humanoidState":8,"_cameraCFrame":[760.005,240.596,45.077,-0.019,-0.971,0.237,0,0.237,0.971,-1,0.018,-0.004],"_shiftlockState":true,"_pose":"Running","_animationQueue":[],"_animationSpeed":1.098,"_zoom":11.733},{"_mousePosition":[683,384],"_rootPartCFrame":[756.986,227.699,46.886,-0.019,0,1,0,1,0,-1,0,-0.019],"_humanoidState":8,"_cameraCFrame":[759.745,240.601,45.122,-0.005,-0.972,0.236,0,0.236,0.972,-1,0.005,-0.001],"_shiftlockState":true,"_pose":"Running","_animationQueue":[],"_animationSpeed":1.098,"_zoom":11.733},{"_mousePosition":[683,384],"_rootPartCFrame":[756.586,227.699,46.894,-0.005,0,1,0,1,0,-1,0,-0.005],"_humanoidState":8,"_cameraCFrame":[759.352,240.603,45.156,0.004,-0.972,0.235,0,0.235,0.972,-1,-0.004,0.001],"_shiftlockState":true,"_pose":"Running","_animationQueue":[["walk",0.1]],"_animationSpeed":1.098,"_zoom":11.733},{"_mousePosition":[683,384],"_rootPartCFrame":[756.386,227.699,46.896,0.004,0,1,0,1,0,-1,0,0.004],"_humanoidState":8,"_cameraCFrame":[759.159,240.603,45.169,0.009,-0.972,0.235,0,0.235,0.972,-1,-0.008,0.002],"_shiftlockState":true,"_pose":"Running","_animationQueue":[],"_animationSpeed":1.098,"_zoom":11.733},{"_mousePosition":[683,384],"_rootPartCFrame":[756.24,227.699,46.896,0.009,0,1,0,1,0,-1,0,0.009],"_humanoidState":8,"_cameraCFrame":[759.014,240.603,45.17,0.009,-0.972,0.235,0,0.235,0.972,-1,-0.008,0.002],"_shiftlockState":true,"_pose":"Running","_animationQueue":[],"_animationSpeed":1.098,"_zoom":11.733},{"_mousePosition":[683,384],"_rootPartCFrame":[756.239,227.699,46.896,0.009,0,1,0,1,0,-1,0,0.009],"_humanoidState":8,"_cameraCFrame":[759.013,240.603,45.17,0.009,-0.972,0.235,0,0.235,0.972,-1,-0.008,0.002],"_shiftlockState":true,"_pose":"Running","_animationQueue":[["walk",0.1]],"_animationSpeed":0.035,"_zoom":11.733},{"_mousePosition":[683,384],"_rootPartCFrame":[756.367,227.699,46.898,0.009,0,1,0,1,0,-1,0,0.009],"_humanoidState":8,"_cameraCFrame":[759.14,240.603,45.171,0.009,-0.972,0.235,0,0.235,0.972,-1,-0.008,0.002],"_shiftlockState":true,"_pose":"Standing","_animationQueue":[["idle",0.1]],"_animationSpeed":1,"_zoom":11.733},{"_mousePosition":[683,384],"_rootPartCFrame":[756.624,227.699,46.9,0.009,0,1,0,1,0,-1,0,0.009],"_humanoidState":8,"_cameraCFrame":[759.407,240.599,45.159,0.003,-0.972,0.237,0,0.237,0.972,-1,-0.003,0.001],"_shiftlockState":true,"_pose":"Running","_animationQueue":[["walk",0.1]],"_animationSpeed":0.847,"_zoom":11.733},{"_mousePosition":[683,384],"_rootPartCFrame":[756.956,228.783,46.903,0.003,0,1,0,1,0,-1,0,0.003],"_humanoidState":3,"_cameraCFrame":[759.737,241.68,45.144,-0.003,-0.971,0.237,0,0.237,0.971,-1,0.003,-0.001],"_shiftlockState":true,"_pose":"Jumping","_animationQueue":[["walk",0.1],["walk",0.1],["jump",0.1]],"_animationSpeed":1,"_zoom":11.733},{"_mousePosition":[683,384],"_rootPartCFrame":[757.156,229.394,46.903,-0.065,0,0.998,0,1,0,-0.998,0,-0.065],"_humanoidState":5,"_cameraCFrame":[759.946,242.287,45.131,-0.008,-0.971,0.239,0,0.239,0.971,-1,0.008,-0.002],"_shiftlockState":true,"_pose":"FreeFall","_animationQueue":[["jump",0.1]],"_animationSpeed":1,"_zoom":11.733},{"_mousePosition":[683,384],"_rootPartCFrame":[757.395,228.863,46.903,-0.11,-0.058,0.992,-0.004,0.998,0.057,-0.994,0.002,-0.11],"_humanoidState":5,"_cameraCFrame":[760.1,241.751,45.122,-0.012,-0.971,0.24,0,0.24,0.971,-1,0.012,-0.003],"_shiftlockState":true,"_pose":"FreeFall","_animationQueue":[],"_animationSpeed":1,"_zoom":11.733},{"_mousePosition":[683,384],"_rootPartCFrame":[757.668,228.407,46.901,-0.05,-0.005,0.999,-0.002,1,0.005,-0.999,-0.001,-0.05],"_humanoidState":7,"_cameraCFrame":[760.46,241.296,45.114,-0.012,-0.971,0.241,0,0.241,0.971,-1,0.012,-0.003],"_shiftlockState":true,"_pose":"FreeFall","_animationQueue":[["walk",0.1]],"_animationSpeed":1.104,"_zoom":11.733},{"_mousePosition":[683,384],"_rootPartCFrame":[757.929,227.897,46.898,-0.017,0.022,1,0.001,1,-0.022,-1,0.001,-0.017],"_humanoidState":7,"_cameraCFrame":[760.761,240.785,45.112,-0.013,-0.971,0.241,0,0.241,0.971,-1,0.013,-0.003],"_shiftlockState":true,"_pose":"FreeFall","_animationQueue":[],"_animationSpeed":1.104,"_zoom":11.733},{"_mousePosition":[683,384],"_rootPartCFrame":[758.192,227.519,46.895,-0.014,0.008,1,0.001,1,-0.008,-1,0.001,-0.014],"_humanoidState":8,"_cameraCFrame":[761.008,240.405,45.099,-0.017,-0.97,0.241,0,0.241,0.97,-1,0.016,-0.004],"_shiftlockState":true,"_pose":"Running","_animationQueue":[["walk",0.1],["walk",0.1]],"_animationSpeed":1.075,"_zoom":11.733},{"_mousePosition":[683,384],"_rootPartCFrame":[758.525,228.623,46.89,-0.017,-0.011,1,0,1,0.011,-1,0,-0.017],"_humanoidState":3,"_cameraCFrame":[761.315,241.507,45.084,-0.02,-0.97,0.242,0,0.242,0.97,-1,0.019,-0.005],"_shiftlockState":true,"_pose":"Jumping","_animationQueue":[["walk",0.1],["jump",0.1]],"_animationSpeed":1,"_zoom":11.733},{"_mousePosition":[683,384],"_rootPartCFrame":[758.724,229.285,46.888,-0.02,-0.022,1,-0.001,1,0.022,-1,-0.001,-0.02],"_humanoidState":3,"_cameraCFrame":[761.513,242.162,45.063,-0.026,-0.969,0.244,0,0.244,0.97,-1,0.025,-0.006],"_shiftlockState":true,"_pose":"Jumping","_animationQueue":[],"_animationSpeed":1,"_zoom":11.733},{"_mousePosition":[683,384],"_rootPartCFrame":[758.991,230.169,46.884,-0.026,-0.038,0.999,-0.002,0.999,0.038,-1,-0.001,-0.026],"_humanoidState":3,"_cameraCFrame":[761.83,243.021,45.029,-0.035,-0.967,0.252,0,0.252,0.968,-0.999,0.034,-0.009],"_shiftlockState":true,"_pose":"Jumping","_animationQueue":[],"_animationSpeed":1,"_zoom":11.733},{"_mousePosition":[683,384],"_rootPartCFrame":[759.241,231.018,46.881,-0.035,-0.023,0.999,-0.001,1,0.023,-0.999,-0.001,-0.035],"_humanoidState":5,"_cameraCFrame":[762.231,243.83,44.977,-0.05,-0.963,0.265,0,0.266,0.964,-0.999,0.048,-0.013],"_shiftlockState":true,"_pose":"FreeFall","_animationQueue":[["jump",0.1]],"_animationSpeed":1,"_zoom":11.733},{"_mousePosition":[683,384],"_rootPartCFrame":[759.452,231.813,46.879,-0.049,-0.006,0.999,0,1,0.006,-0.999,0,-0.049],"_humanoidState":5,"_cameraCFrame":[762.705,244.546,44.904,-0.068,-0.955,0.288,0,0.289,0.957,-0.998,0.065,-0.02],"_shiftlockState":true,"_pose":"FreeFall","_animationQueue":[],"_animationSpeed":1,"_zoom":11.733},{"_mousePosition":[683,384],"_rootPartCFrame":[759.62,232.554,46.878,-0.066,0,0.998,0,1,0,-0.998,0,-0.066],"_humanoidState":5,"_cameraCFrame":[763.199,245.172,44.803,-0.089,-0.944,0.318,0,0.32,0.948,-0.996,0.084,-0.028],"_shiftlockState":true,"_pose":"FreeFall","_animationQueue":[],"_animationSpeed":1,"_zoom":11.733},{"_mousePosition":[683,384],"_rootPartCFrame":[759.747,233.24,46.879,-0.086,0.001,0.996,0,1,-0.001,-0.996,0,-0.086],"_humanoidState":5,"_cameraCFrame":[763.565,245.767,44.744,-0.098,-0.935,0.34,0,0.342,0.94,-0.995,0.092,-0.034],"_shiftlockState":true,"_pose":"FreeFall","_animationQueue":[],"_animationSpeed":1,"_zoom":11.733},{"_mousePosition":[683,384],"_rootPartCFrame":[759.834,233.871,46.882,-0.096,0,0.995,0,1,0,-0.995,0,-0.096],"_humanoidState":5,"_cameraCFrame":[763.722,246.369,44.723,-0.102,-0.932,0.347,0,0.348,0.937,-0.995,0.096,-0.036],"_shiftlockState":true,"_pose":"FreeFall","_animationQueue":[],"_animationSpeed":1,"_zoom":11.733},{"_mousePosition":[683,384],"_rootPartCFrame":[759.882,234.448,46.887,-0.101,0,0.995,0,1,0,-0.995,0,-0.101],"_humanoidState":5,"_cameraCFrame":[763.769,246.946,44.728,-0.102,-0.932,0.347,0,0.348,0.937,-0.995,0.096,-0.036],"_shiftlockState":true,"_pose":"FreeFall","_animationQueue":[],"_animationSpeed":1,"_zoom":11.733},{"_mousePosition":[683,384],"_rootPartCFrame":[759.885,235.093,46.898,-0.102,0,0.995,0,1,0,-0.995,0,-0.102],"_humanoidState":5,"_cameraCFrame":[763.773,247.59,44.739,-0.102,-0.932,0.347,0,0.348,0.937,-0.995,0.096,-0.036],"_shiftlockState":true,"_pose":"FreeFall","_animationQueue":[],"_animationSpeed":1,"_zoom":11.733},{"_mousePosition":[683,384],"_rootPartCFrame":[759.858,235.438,46.906,-0.102,0,0.995,0,1,0,-0.995,0,-0.102],"_humanoidState":5,"_cameraCFrame":[763.745,247.936,44.747,-0.102,-0.932,0.347,0,0.348,0.937,-0.995,0.096,-0.036],"_shiftlockState":true,"_pose":"FreeFall","_animationQueue":[],"_animationSpeed":1,"_zoom":11.733},{"_mousePosition":[683,384],"_rootPartCFrame":[759.786,235.852,46.92,-0.102,0,0.995,0,1,0,-0.995,0,-0.102],"_humanoidState":5,"_cameraCFrame":[763.674,248.35,44.761,-0.102,-0.932,0.347,0,0.348,0.937,-0.995,0.096,-0.036],"_shiftlockState":true,"_pose":"FreeFall","_animationQueue":[],"_animationSpeed":1,"_zoom":11.733},{"_mousePosition":[683,384],"_rootPartCFrame":[759.675,236.211,46.936,-0.102,0,0.995,0,1,0,-0.995,0,-0.102],"_humanoidState":5,"_cameraCFrame":[763.563,248.709,44.777,-0.102,-0.932,0.347,0,0.348,0.937,-0.995,0.096,-0.036],"_shiftlockState":true,"_pose":"FreeFall","_animationQueue":[],"_animationSpeed":1,"_zoom":11.733},{"_mousePosition":[683,384],"_rootPartCFrame":[759.525,236.515,46.955,-0.102,0,0.995,0,1,0,-0.995,0,-0.102],"_humanoidState":5,"_cameraCFrame":[763.412,249.013,44.796,-0.102,-0.932,0.347,0,0.348,0.937,-0.995,0.096,-0.036],"_shiftlockState":true,"_pose":"FreeFall","_animationQueue":[],"_animationSpeed":1,"_zoom":11.733},{"_mousePosition":[683,384],"_rootPartCFrame":[759.334,236.765,46.977,-0.102,0,0.995,0,1,0,-0.995,0,-0.102],"_humanoidState":5,"_cameraCFrame":[763.222,249.263,44.818,-0.102,-0.932,0.347,0,0.348,0.937,-0.995,0.096,-0.036],"_shiftlockState":true,"_pose":"FreeFall","_animationQueue":[],"_animationSpeed":1,"_zoom":11.733},{"_mousePosition":[683,384],"_rootPartCFrame":[759.104,236.961,47.002,-0.102,0,0.995,0,1,0,-0.995,0,-0.102],"_humanoidState":5,"_cameraCFrame":[762.992,249.458,44.843,-0.102,-0.932,0.347,0,0.348,0.937,-0.995,0.096,-0.036],"_shiftlockState":true,"_pose":"FreeFall","_animationQueue":[],"_animationSpeed":1,"_zoom":11.733},{"_mousePosition":[683,384],"_rootPartCFrame":[758.843,237.101,47.029,-0.102,0,0.995,0,1,0,-0.995,0,-0.102],"_humanoidState":5,"_cameraCFrame":[762.731,249.599,44.87,-0.102,-0.932,0.347,0,0.348,0.937,-0.995,0.096,-0.036],"_shiftlockState":true,"_pose":"FreeFall","_animationQueue":[],"_animationSpeed":1,"_zoom":11.733},{"_mousePosition":[683,384],"_rootPartCFrame":[758.578,237.188,47.056,-0.102,0,0.995,0,1,0,-0.995,0,-0.102],"_humanoidState":5,"_cameraCFrame":[762.465,249.686,44.897,-0.102,-0.932,0.347,0,0.348,0.937,-0.995,0.096,-0.036],"_shiftlockState":true,"_pose":"FreeFall","_animationQueue":[],"_animationSpeed":1,"_zoom":11.733},{"_mousePosition":[683,384],"_rootPartCFrame":[758.313,237.22,47.083,-0.102,0,0.995,0,1,0,-0.995,0,-0.102],"_humanoidState":5,"_cameraCFrame":[762.2,249.718,44.925,-0.102,-0.932,0.347,0,0.348,0.937,-0.995,0.096,-0.036],"_shiftlockState":true,"_pose":"FreeFall","_animationQueue":[],"_animationSpeed":1,"_zoom":11.733},{"_mousePosition":[683,384],"_rootPartCFrame":[758.047,237.197,47.111,-0.102,0,0.995,0,1,0,-0.995,0,-0.102],"_humanoidState":5,"_cameraCFrame":[761.99,249.685,45.003,-0.089,-0.933,0.349,0,0.351,0.937,-0.996,0.083,-0.031],"_shiftlockState":true,"_pose":"FreeFall","_animationQueue":[],"_animationSpeed":1,"_zoom":11.733},{"_mousePosition":[683,384],"_rootPartCFrame":[757.782,237.12,47.138,-0.09,0,0.996,0,1,0,-0.996,0,-0.09],"_humanoidState":5,"_cameraCFrame":[762.407,249.463,45.804,0.091,-0.92,0.381,0,0.382,0.924,-0.996,-0.084,0.035],"_shiftlockState":true,"_pose":"FreeFall","_animationQueue":[["fall",0.3]],"_animationSpeed":1,"_zoom":11.733},{"_mousePosition":[683,384],"_rootPartCFrame":[757.566,237.001,47.149,0.03,0,1,-0.005,1,0,-1,-0.005,0.03],"_humanoidState":5,"_cameraCFrame":[762.539,249.258,47.668,0.447,-0.82,0.357,0,0.399,0.917,-0.895,-0.41,0.178],"_shiftlockState":true,"_pose":"FreeFall","_animationQueue":[],"_animationSpeed":1,"_zoom":11.733},{"_mousePosition":[683,384],"_rootPartCFrame":[757.835,237.478,47.124,0.336,0.002,0.942,-0.002,1,-0.001,-0.942,-0.002,0.336],"_humanoidState":7,"_cameraCFrame":[762.185,249.802,49.279,0.738,-0.623,0.261,0,0.386,0.923,-0.675,-0.681,0.285],"_shiftlockState":true,"_pose":"FreeFall","_animationQueue":[["walk",0.1],["fall",0.3],["fall",0.3]],"_animationSpeed":1,"_zoom":11.733},{"_mousePosition":[683,384],"_rootPartCFrame":[758.087,238.027,47.051,0.702,0.001,0.712,0.007,1,-0.008,-0.712,0.011,0.702],"_humanoidState":7,"_cameraCFrame":[761.816,250.665,48.727,0.759,-0.618,0.204,0,0.314,0.949,-0.651,-0.721,0.239],"_shiftlockState":true,"_pose":"FreeFall","_animationQueue":[],"_animationSpeed":1,"_zoom":11.733},{"_mousePosition":[683,384],"_rootPartCFrame":[758.111,238.367,46.984,0.752,0,0.659,0.004,1,-0.004,-0.659,0.006,0.752],"_humanoidState":8,"_cameraCFrame":[760.777,251.422,46.666,0.554,-0.82,0.145,0,0.174,0.985,-0.832,-0.546,0.096],"_shiftlockState":true,"_pose":"Running","_animationQueue":[["walk",0.1],["fall",0.3],["walk",0.1]],"_animationSpeed":0.366,"_zoom":11.733},{"_mousePosition":[683,384],"_rootPartCFrame":[758.109,239.25,46.932,0.551,0.001,0.835,-0.003,1,0,-0.835,-0.003,0.551],"_humanoidState":3,"_cameraCFrame":[760.645,252.305,46.035,0.362,-0.918,0.162,0,0.174,0.985,-0.932,-0.357,0.063],"_shiftlockState":true,"_pose":"Jumping","_animationQueue":[["walk",0.1],["jump",0.1]],"_animationSpeed":1,"_zoom":11.733},{"_mousePosition":[683,384],"_rootPartCFrame":[758.073,240.303,46.853,0.386,0,0.923,-0.003,1,0.001,-0.923,-0.003,0.386],"_humanoidState":5,"_cameraCFrame":[760.717,253.315,45.741,0.257,-0.948,0.187,0,0.193,0.981,-0.966,-0.252,0.05],"_shiftlockState":true,"_pose":"FreeFall","_animationQueue":[["jump",0.1]],"_animationSpeed":1,"_zoom":11.733},{"_mousePosition":[683,384],"_rootPartCFrame":[758.023,240.894,46.799,0.271,0,0.963,-0.001,1,0,-0.963,-0.001,0.271],"_humanoidState":5,"_cameraCFrame":[760.659,253.894,45.564,0.206,-0.959,0.194,0,0.198,0.98,-0.979,-0.202,0.041],"_shiftlockState":true,"_pose":"FreeFall","_animationQueue":[],"_animationSpeed":1,"_zoom":11.733},{"_mousePosition":[683,384],"_rootPartCFrame":[757.921,241.635,46.726,0.216,0,0.976,0,1,0,-0.976,0,0.216],"_humanoidState":5,"_cameraCFrame":[760.511,254.637,45.414,0.177,-0.965,0.194,0,0.197,0.98,-0.984,-0.174,0.035],"_shiftlockState":true,"_pose":"FreeFall","_animationQueue":[],"_animationSpeed":1,"_zoom":11.733},{"_mousePosition":[683,384],"_rootPartCFrame":[757.781,242.32,46.656,0.182,0,0.983,0,1,0,-0.983,0,0.182],"_humanoidState":5,"_cameraCFrame":[760.353,255.32,45.294,0.158,-0.968,0.196,0,0.198,0.98,-0.987,-0.155,0.031],"_shiftlockState":true,"_pose":"FreeFall","_animationQueue":[],"_animationSpeed":1,"_zoom":11.733},{"_mousePosition":[683,384],"_rootPartCFrame":[757.6,242.952,46.592,0.161,0,0.987,0,1,0,-0.987,0,0.161],"_humanoidState":5,"_cameraCFrame":[760.179,255.944,45.18,0.136,-0.97,0.2,0,0.201,0.98,-0.991,-0.133,0.027],"_shiftlockState":true,"_pose":"FreeFall","_animationQueue":[],"_animationSpeed":1,"_