[{"_mousePosition":[1122,363],"_rootPartCFrame":[776.024,222.954,47.142,0.002,0.003,1,0,1,-0.003,-1,0,0.002],"_humanoidState":8,"_cameraCFrame":[777.102,243.598,39.46,-0.99,-0.128,0.052,0,0.376,0.927,-0.138,0.918,-0.372],"_shiftlockState":false,"_pose":"Standing","_animationQueue":[],"_animationSpeed":1,"_zoom":20.656},{"_mousePosition":[1122,363],"_rootPartCFrame":[775.723,222.801,47.1,0.025,0,1,0,1,0,-1,0,0.025],"_humanoidState":8,"_cameraCFrame":[776.797,243.445,39.418,-0.99,-0.128,0.052,0,0.376,0.927,-0.138,0.918,-0.372],"_shiftlockState":false,"_pose":"Standing","_animationQueue":[],"_animationSpeed":1,"_zoom":20.656},{"_mousePosition":[1122,363],"_rootPartCFrame":[775.592,222.721,47.082,0.032,0,0.999,0,1,0,-0.999,0,0.032],"_humanoidState":8,"_cameraCFrame":[776.665,243.365,39.399,-0.99,-0.128,0.052,0,0.376,0.927,-0.138,0.918,-0.372],"_shiftlockState":false,"_pose":"Running","_animationQueue":[["walk",0.1]],"_animationSpeed":1.089,"_zoom":20.656},{"_mousePosition":[1122,363],"_rootPartCFrame":[775.328,222.611,47.045,0.047,0,0.999,0,1,0,-0.999,0,0.047],"_humanoidState":8,"_cameraCFrame":[776.401,243.255,39.362,-0.99,-0.128,0.052,0,0.376,0.927,-0.138,0.918,-0.372],"_shiftlockState":false,"_pose":"Running","_animationQueue":[],"_animationSpeed":1.089,"_zoom":20.656},{"_mousePosition":[1122,363],"_rootPartCFrame":[775.064,222.636,47.008,0.059,0,0.998,0,1,0,-0.998,0,0.059],"_humanoidState":8,"_cameraCFrame":[776.137,243.28,39.325,-0.99,-0.128,0.052,0,0.376,0.927,-0.138,0.918,-0.372],"_shiftlockState":false,"_pose":"Running","_animationQueue":[],"_animationSpeed":1.089,"_zoom":20.656},{"_mousePosition":[1122,363],"_rootPartCFrame":[774.667,222.672,46.952,0.075,0,0.997,0,1,0,-0.997,0,0.075],"_humanoidState":8,"_cameraCFrame":[775.741,243.317,39.27,-0.99,-0.128,0.052,0,0.376,0.927,-0.138,0.918,-0.372],"_shiftlockState":false,"_pose":"Running","_animationQueue":[],"_animationSpeed":1.089,"_zoom":20.656},{"_mousePosition":[1122,363],"_rootPartCFrame":[774.535,222.68,46.934,0.08,0,0.997,0,1,0,-0.997,0,0.08],"_humanoidState":8,"_cameraCFrame":[775.609,243.324,39.251,-0.99,-0.128,0.052,0,0.376,0.927,-0.138,0.918,-0.372],"_shiftlockState":false,"_pose":"Running","_animationQueue":[],"_animationSpeed":1.089,"_zoom":20.656},{"_mousePosition":[1122,366],"_rootPartCFrame":[774.271,222.689,46.897,0.088,0,0.996,0,1,0,-0.996,0,0.088],"_humanoidState":8,"_cameraCFrame":[775.345,243.333,39.215,-0.99,-0.128,0.052,0,0.376,0.927,-0.138,0.918,-0.372],"_shiftlockState":false,"_pose":"Running","_animationQueue":[],"_animationSpeed":1.089,"_zoom":20.656},{"_mousePosition":[1122,368],"_rootPartCFrame":[774.007,222.694,46.86,0.094,0,0.996,0,1,0,-0.996,0,0.094],"_humanoidState":8,"_cameraCFrame":[775.081,243.338,39.178,-0.99,-0.128,0.052,0,0.376,0.927,-0.138,0.918,-0.372],"_shiftlockState":false,"_pose":"Running","_animationQueue":[],"_animationSpeed":1.089,"_zoom":20.656},{"_mousePosition":[1128,380],"_rootPartCFrame":[773.743,222.697,46.823,0.1,0,0.995,0,1,0,-0.995,0,0.1],"_humanoidState":8,"_cameraCFrame":[774.817,243.341,39.141,-0.99,-0.128,0.052,0,0.376,0.927,-0.138,0.918,-0.372],"_shiftlockState":false,"_pose":"Running","_animationQueue":[["walk",0.1]],"_animationSpeed":1.089,"_zoom":20.656},{"_mousePosition":[1134,393],"_rootPartCFrame":[773.347,222.698,46.768,0.108,0,0.994,0,1,0,-0.994,0,0.108],"_humanoidState":8,"_cameraCFrame":[772.688,243.343,38.843,-0.99,-0.128,0.052,0,0.376,0.927,-0.138,0.918,-0.372],"_shiftlockState":true,"_pose":"Running","_animationQueue":[],"_animationSpeed":1.089,"_zoom":20.656},{"_mousePosition":[683,384],"_rootPartCFrame":[773.017,222.699,46.722,-0.999,0,0.046,0,1,0,-0.046,0,-0.999],"_humanoidState":8,"_cameraCFrame":[772.358,243.343,38.797,-0.99,-0.128,0.052,0,0.376,0.927,-0.138,0.918,-0.372],"_shiftlockState":true,"_pose":"Running","_animationQueue":[],"_animationSpeed":1.089,"_zoom":20.656},{"_mousePosition":[683,384],"_rootPartCFrame":[772.819,222.699,46.694,-0.994,0,0.112,0,1,0,-0.112,0,-0.994],"_humanoidState":8,"_cameraCFrame":[772.168,243.436,38.996,-0.99,-0.134,0.052,0,0.364,0.931,-0.144,0.922,-0.361],"_shiftlockState":true,"_pose":"Running","_animationQueue":[],"_animationSpeed":1.089,"_zoom":20.656},{"_mousePosition":[683,384],"_rootPartCFrame":[772.555,222.699,46.657,-0.99,0,0.138,0,1,0,-0.138,0,-0.99],"_humanoidState":8,"_cameraCFrame":[771.911,243.502,39.125,-0.989,-0.138,0.053,0,0.356,0.934,-0.148,0.924,-0.352],"_shiftlockState":true,"_pose":"Running","_animationQueue":[],"_animationSpeed":1.089,"_zoom":20.656},{"_mousePosition":[683,384],"_rootPartCFrame":[772.357,222.7,46.629,-0.989,0,0.147,0,1,0,-0.147,0,-0.989],"_humanoidState":8,"_cameraCFrame":[771.71,243.567,39.264,-0.989,-0.141,0.052,0,0.348,0.938,-0.151,0.927,-0.344],"_shiftlockState":true,"_pose":"Running","_animationQueue":[],"_animationSpeed":1.089,"_zoom":20.656},{"_mousePosition":[683,384],"_rootPartCFrame":[772.093,222.7,46.589,-0.989,0,0.151,0,1,0,-0.151,0,-0.989],"_humanoidState":8,"_cameraCFrame":[771.407,243.696,39.58,-0.988,-0.144,0.051,0,0.33,0.944,-0.153,0.933,-0.326],"_shiftlockState":true,"_pose":"Running","_animationQueue":[["walk",0.1]],"_animationSpeed":1.089,"_zoom":20.656},{"_mousePosition":[683,384],"_rootPartCFrame":[771.368,222.7,46.479,-0.988,0,0.153,0,1,0,-0.153,0,-0.988],"_humanoidState":8,"_cameraCFrame":[770.663,243.74,39.594,-0.988,-0.145,0.05,0,0.324,0.946,-0.153,0.935,-0.32],"_shiftlockState":true,"_pose":"Running","_animationQueue":[],"_animationSpeed":1.089,"_zoom":20.656},{"_mousePosition":[683,384],"_rootPartCFrame":[771.236,222.7,46.458,-0.988,0,0.153,0,1,0,-0.153,0,-0.988],"_humanoidState":8,"_cameraCFrame":[770.499,243.809,39.776,-0.988,-0.145,0.048,0,0.314,0.949,-0.153,0.938,-0.311],"_shiftlockState":true,"_pose":"Running","_animationQueue":[],"_animationSpeed":1.089,"_zoom":20.656},{"_mousePosition":[683,384],"_rootPartCFrame":[771.039,222.7,46.428,-0.988,0,0.153,0,1,0,-0.153,0,-0.988],"_humanoidState":8,"_cameraCFrame":[770.249,243.906,40.044,-0.988,-0.145,0.046,0,0.3,0.954,-0.152,0.943,-0.296],"_shiftlockState":true,"_pose":"Running","_animationQueue":[],"_animationSpeed":1.089,"_zoom":20.656},{"_mousePosition":[683,384],"_rootPartCFrame":[770.709,222.7,46.377,-0.988,0,0.152,0,1,0,-0.152,0,-0.988],"_humanoidState":8,"_cameraCFrame":[769.877,243.98,40.23,-0.989,-0.144,0.043,0,0.288,0.958,-0.151,0.947,-0.285],"_shiftlockState":true,"_pose":"Running","_animationQueue":[],"_animationSpeed":1.089,"_zoom":20.656},{"_mousePosition":[683,384],"_rootPartCFrame":[770.446,222.7,46.336,-0.989,0,0.151,0,1,0,-0.151,0,-0.989],"_humanoidState":8,"_cameraCFrame":[769.574,244.046,40.411,-0.989,-0.144,0.042,0,0.277,0.961,-0.15,0.95,-0.274],"_shiftlockState":true,"_pose":"Running","_animationQueue":[],"_animationSpeed":1.089,"_zoom":20.656},{"_mousePosition":[683,384],"_rootPartCFrame":[770.248,222.7,46.306,-0.989,0,0.15,0,1,0,-0.15,0,-0.989],"_humanoidState":8,"_cameraCFrame":[769.334,244.114,40.62,-0.989,-0.143,0.04,0,0.266,0.964,-0.149,0.953,-0.263],"_shiftlockState":true,"_pose":"Running","_animationQueue":[["walk",0.1]],"_animationSpeed":1.089,"_zoom":20.656},{"_mousePosition":[683,384],"_rootPartCFrame":[769.918,222.7,46.256,-0.989,0,0.149,0,1,0,-0.149,0,-0.989],"_humanoidState":8,"_cameraCFrame":[768.973,244.17,40.777,-0.989,-0.144,0.038,0,0.256,0.967,-0.149,0.956,-0.253],"_shiftlockState":true,"_pose":"Running","_animationQueue":[],"_animationSpeed":1.089,"_zoom":20.656},{"_mousePosition":[683,384],"_rootPartCFrame":[769.72,222.679,46.226,-0.989,0,0.149,0,1,0,-0.149,0,-0.989],"_humanoidState":8,"_cameraCFrame":[768.742,244.208,40.97,-0.989,-0.144,0.036,0,0.245,0.97,-0.149,0.959,-0.242],"_shiftlockState":true,"_pose":"Running","_animationQueue":[],"_animationSpeed":1.089,"_zoom":20.656},{"_mousePosition":[683,384],"_rootPartCFrame":[769.391,222.577,46.176,-0.989,0,0.149,0,1,0,-0.149,0,-0.989],"_humanoidState":8,"_cameraCFrame":[768.374,244.169,41.176,-0.989,-0.145,0.035,0,0.232,0.973,-0.149,0.962,-0.229],"_shiftlockState":true,"_pose":"Running","_animationQueue":[],"_animationSpeed":1.089,"_zoom":20.656},{"_mousePosition":[683,384],"_rootPartCFrame":[769.127,223.44,46.136,-0.989,0,0.149,0,1,0,-0.149,0,-0.989],"_humanoidState":3,"_cameraCFrame":[768.064,245.096,41.41,-0.989,-0.144,0.032,0,0.219,0.976,-0.148,0.965,-0.216],"_shiftlockState":true,"_pose":"Jumping","_animationQueue":[["walk",0.1],["jump",0.1]],"_animationSpeed":1,"_zoom":20.656},{"_mousePosition":[683,384],"_rootPartCFrame":[768.864,224.248,46.097,-0.971,0,0.238,0,1,0,-0.238,0,-0.971],"_humanoidState":5,"_cameraCFrame":[767.836,245.944,41.533,-0.987,-0.158,0.034,0,0.21,0.978,-0.161,0.965,-0.207],"_shiftlockState":true,"_pose":"FreeFall","_animationQueue":[["jump",0.1]],"_animationSpeed":1,"_zoom":20.656},{"_mousePosition":[683,384],"_rootPartCFrame":[768.666,224.819,46.067,-0.967,0,0.255,0,1,0,-0.255,0,-0.967],"_humanoidState":5,"_cameraCFrame":[767.63,246.525,41.551,-0.987,-0.158,0.033,0,0.208,0.978,-0.161,0.965,-0.205],"_shiftlockState":true,"_pose":"FreeFall","_animationQueue":[],"_animationSpeed":1,"_zoom":20.656},{"_mousePosition":[683,384],"_rootPartCFrame":[768.403,225.532,46.024,-0.957,0,0.29,0,1,0,-0.29,0,-0.957],"_humanoidState":5,"_cameraCFrame":[767.367,247.238,41.509,-0.987,-0.158,0.033,0,0.208,0.978,-0.161,0.965,-0.205],"_shiftlockState":true,"_pose":"FreeFall","_animationQueue":[],"_animationSpeed":1,"_zoom":20.656},{"_mousePosition":[683,384],"_rootPartCFrame":[768.139,226.19,45.981,-0.957,0,0.291,0,1,0,-0.291,0,-0.957],"_humanoidState":5,"_cameraCFrame":[767.104,247.896,41.466,-0.987,-0.158,0.033,0,0.208,0.978,-0.161,0.965,-0.205],"_shiftlockState":true,"_pose":"FreeFall","_animationQueue":[],"_animationSpeed":1,"_zoom":20.656},{"_mousePosition":[683,384],"_rootPartCFrame":[767.81,226.937,45.928,-0.947,0,0.323,0,1,0,-0.323,0,-0.947],"_humanoidState":5,"_cameraCFrame":[766.775,248.643,41.412,-0.987,-0.158,0.033,0,0.208,0.978,-0.161,0.965,-0.205],"_shiftlockState":true,"_pose":"FreeFall","_animationQueue":[],"_animationSpeed":1,"_zoom":20.656},{"_mousePosition":[683,384],"_rootPartCFrame":[767.613,227.344,45.895,-0.966,0,0.259,0,1,0,-0.259,0,-0.966],"_humanoidState":5,"_cameraCFrame":[766.577,249.05,41.38,-0.987,-0.158,0.033,0,0.208,0.978,-0.161,0.965,-0.205],"_shiftlockState":true,"_pose":"FreeFall","_animationQueue":[],"_animationSpeed":1,"_zoom":20.656},{"_mousePosition":[683,384],"_rootPartCFrame":[767.35,227.839,45.853,-0.957,0,0.291,0,1,0,-0.291,0,-0.957],"_humanoidState":5,"_cameraCFrame":[766.314,249.545,41.337,-0.987,-0.158,0.033,0,0.208,0.978,-0.161,0.965,-0.205],"_shiftlockState":true,"_pose":"FreeFall","_animationQueue":[],"_animationSpeed":1,"_zoom":20.656},{"_mousePosition":[683,384],"_rootPartCFrame":[767.087,228.28,45.81,-0.957,0,0.291,0,1,0,-0.291,0,-0.957],"_humanoidState":5,"_cameraCFrame":[766.051,249.985,41.294,-0.987,-0.158,0.033,0,0.208,0.978,-0.161,0.965,-0.205],"_shiftlockState":true,"_pose":"FreeFall","_animationQueue":[],"_animationSpeed":1,"_zoom":20.656},{"_mousePosition":[683,384],"_rootPartCFrame":[766.758,228.754,45.756,-0.947,0,0.323,0,1,0,-0.323,0,-0.947],"_humanoidState":5,"_cameraCFrame":[765.722,250.459,41.24,-0.987,-0.158,0.033,0,0.208,0.978,-0.161,0.965,-0.205],"_shiftlockState":true,"_pose":"FreeFall","_animationQueue":[],"_animationSpeed":1,"_zoom":20.656},{"_mousePosition":[683,384],"_rootPartCFrame":[766.56,228.997,45.724,-0.966,0,0.259,0,1,0,-0.259,0,-0.966],"_humanoidState":5,"_cameraCFrame":[765.525,250.703,41.208,-0.987,-0.158,0.033,0,0.208,0.978,-0.161,0.965,-0.205],"_shiftlockState":true,"_pose":"FreeFall","_animationQueue":[],"_animationSpeed":1,"_zoom":20.656},{"_mousePosition":[683,384],"_rootPartCFrame":[766.231,229.335,45.67,-0.947,0,0.323,0,1,0,-0.323,0,-0.947],"_humanoidState":5,"_cameraCFrame":[765.196,251.041,41.154,-0.987,-0.158,0.033,0,0.208,0.978,-0.161,0.965,-0.205],"_shiftlockState":true,"_pose":"FreeFall","_animationQueue":[],"_animationSpeed":1,"_zoom":20.656},{"_mousePosition":[683,384],"_rootPartCFrame":[766.034,229.497,45.638,-0.966,0,0.259,0,1,0,-0.259,0,-0.966],"_humanoidState":5,"_cameraCFrame":[764.998,251.202,41.122,-0.987,-0.158,0.033,0,0.208,0.978,-0.161,0.965,-0.205],"_shiftlockState":true,"_pose":"FreeFall","_animationQueue":[],"_animationSpeed":1,"_zoom":20.656},{"_mousePosition":[683,384],"_rootPartCFrame":[765.771,229.665,45.595,-0.957,0,0.291,0,1,0,-0.291,0,-0.957],"_humanoidState":5,"_cameraCFrame":[764.723,251.374,41.097,-0.987,-0.156,0.033,0,0.207,0.978,-0.159,0.966,-0.204],"_shiftlockState":true,"_pose":"FreeFall","_animationQueue":[],"_animationSpeed":1,"_zoom":20.656},{"_mousePosition":[683,384],"_rootPartCFrame":[765.442,229.798,45.541,-0.947,0,0.321,0,1,0,-0.321,0,-0.947],"_humanoidState":5,"_cameraCFrame":[764.38,251.095,41.129,-0.987,-0.156,0.033,0,0.207,0.978,-0.159,0.966,-0.204],"_shiftlockState":true,"_pose":"FreeFall","_animationQueue":[],"_animationSpeed":1,"_zoom":16.125},{"_mousePosition":[683,384],"_rootPartCFrame":[765.179,229.843,45.498,-0.957,0,0.289,0,1,0,-0.289,0,-0.957],"_humanoidState":5,"_cameraCFrame":[764.093,250.494,41.238,-0.987,-0.156,0.033,0,0.206,0.979,-0.159,0.966,-0.203],"_shiftlockState":true,"_pose":"FreeFall","_animationQueue":[],"_animationSpeed":1,"_zoom":16.125},{"_mousePosition":[683,384],"_rootPartCFrame":[764.981,229.842,45.467,-0.966,0,0.257,0,1,0,-0.257,0,-0.966],"_humanoidState":5,"_cameraCFrame":[763.894,249.715,41.317,-0.987,-0.16,0.034,0,0.208,0.978,-0.163,0.965,-0.206],"_shiftlockState":true,"_pose":"FreeFall","_animationQueue":[["fall",0.3]],"_animationSpeed":1,"_zoom":16.125},{"_mousePosition":[683,384],"_rootPartCFrame":[764.718,229.792,45.424,-0.956,0,0.293,0,1,0,-0.293,0,-0.956],"_humanoidState":5,"_cameraCFrame":[763.626,248.996,41.424,-0.986,-0.165,0.035,0,0.208,0.978,-0.168,0.964,-0.205],"_shiftlockState":true,"_pose":"FreeFall","_animationQueue":[],"_animationSpeed":1,"_zoom":16.125},{"_mousePosition":[683,384],"_rootPartCFrame":[764.389,229.653,45.37,-0.944,0,0.33,0,1,0,-0.33,0,-0.944],"_humanoidState":5,"_cameraCFrame":[763.307,248.327,41.513,-0.984,-0.174,0.036,0,0.205,0.979,-0.178,0.963,-0.202],"_shiftlockState":true,"_pose":"FreeFall","_animationQueue":[],"_animationSpeed":1,"_zoom":16.125},{"_mousePosition":[683,384],"_rootPartCFrame":[764.126,229.48,45.325,-0.952,0,0.307,0,1,0,-0.307,0,-0.952],"_humanoidState":5,"_cameraCFrame":[763.046,247.749,41.561,-0.983,-0.179,0.037,0,0.205,0.979,-0.183,0.962,-0.201],"_shiftlockState":true,"_pose":"FreeFall","_animationQueue":[],"_animationSpeed":1,"_zoom":16.125},{"_mousePosition":[683,384],"_rootPartCFrame":[763.929,229.315,45.29,-0.96,0,0.28,0,1,0,-0.28,0,-0.96],"_humanoidState":5,"_cameraCFrame":[762.848,247.302,41.594,-0.983,-0.182,0.038,0,0.204,0.979,-0.186,0.962,-0.2],"_shiftlockState":true,"_pose":"FreeFall","_animationQueue":[],"_animationSpeed":1,"_zoom":16.125},{"_mousePosition":[683,384],"_rootPartCFrame":[763.601,228.971,45.229,-0.938,0,0.346,0,1,0,-0.346,0,-0.938],"_humanoidState":5,"_cameraCFrame":[762.526,246.745,41.598,-0.982,-0.187,0.039,0,0.202,0.979,-0.191,0.961,-0.198],"_shiftlockState":true,"_pose":"FreeFall","_animationQueue":[],"_animationSpeed":1,"_zoom":16.125},{"_mousePosition":[683,384],"_rootPartCFrame":[763.405,228.724,45.192,-0.958,0,0.288,0,1,0,-0.288,0,-0.958],"_humanoidState":5,"_cameraCFrame":[762.346,246.359,41.62,-0.98,-0.195,0.04,0,0.2,0.98,-0.199,0.96,-0.196],"_shiftlockState":true,"_pose":"FreeFall","_animationQueue":[["fall",0.3]],"_animationSpeed":1,"_zoom":16.125},{"_mousePosition":[683,384],"_rootPartCFrame":[763.078,228.245,45.129,-0.933,0,0.359,0,1,0,-0.359,0,-0.933],"_humanoidState":5,"_cameraCFrame":[762.031,245.479,41.664,-0.978,-0.205,0.041,0,0.197,0.98,-0.21,0.959,-0.193],"_shiftlockState":true,"_pose":"FreeFall","_animationQueue":[],"_animationSpeed":1,"_zoom":12.5},{"_mousePosition":[683,384],"_rootPartCFrame":[762.882,227.916,45.089,-0.952,0,0.306,0,1,0,-0.306,0,-0.952],"_humanoidState":5,"_cameraCFrame":[761.832,244.535,41.773,-0.976,-0.215,0.043,0,0.195,0.981,-0.219,0.957,-0.19],"_shiftlockState":true,"_pose":"FreeFall","_animationQueue":[],"_animationSpeed":1,"_zoom":12.5},{"_mousePosition":[683,384],"_rootPartCFrame":[762.621,227.43,45.034,-0.938,0,0.346,0,1,0,-0.346,0,-0.938],"_humanoidState":5,"_cameraCFrame":[761.558,243.349,41.869,-0.974,-0.222,0.044,0,0.193,0.981,-0.226,0.956,-0.188],"_shiftlockState":true,"_pose":"FreeFall","_animationQueue":[],"_animationSpeed":1,"_zoom":12.5},{"_mousePosition":[683,384],"_rootPartCFrame":[762.361,226.889,44.976,-0.935,0,0.353,0,1,0,-0.353,0,-0.935],"_humanoidState":5,"_cameraCFrame":[761.284,242.245,41.936,-0.973,-0.227,0.044,0,0.192,0.981,-0.231,0.955,-0.187],"_shiftlockState":true,"_pose":"FreeFall","_animationQueue":[],"_animationSpeed":1,"_zoom":12.5},{"_mousePosition":[683,384],"_rootPartCFrame":[762.036,226.137,44.901,-0.921,0,0.389,0,1,0,-0.389,0,-0.921],"_humanoidState":5,"_cameraCFrame":[760.946,241.119,41.95,-0.972,-0.23,0.045,0,0.19,0.982,-0.234,0.954,-0.185],"_shiftlockState":true,"_pose":"FreeFall","_animationQueue":[],"_animationSpeed":1,"_zoom":12.5},{"_mousePosition":[683,384],"_rootPartCFrame":[761.841,225.645,44.855,-0.944,0,0.33,0,1,0,-0.33,0,-0.944],"_humanoidState":5,"_cameraCFrame":[760.735,240.24,41.996,-0.972,-0.232,0.045,0,0.189,0.982,-0.236,0.954,-0.183],"_shiftlockState":true,"_pose":"FreeFall","_animationQueue":[],"_animationSpeed":1,"_zoom":12.5},{"_mousePosition":[683,384],"_rootPartCFrame":[761.582,224.941,44.792,-0.932,0,0.363,0,1,0,-0.363,0,-0.932],"_humanoidState":5,"_cameraCFrame":[760.465,239.298,41.978,-0.972,-0.232,0.045,0,0.189,0.982,-0.236,0.954,-0.183],"_shiftlockState":true,"_pose":"FreeFall","_animationQueue":[["fall",0.3]],"_animationSpeed":1,"_zoom":12.5},{"_mousePosition":[683,384],"_rootPartCFrame":[761.323,224.183,44.729,-0.932,0,0.363,0,1,0,-0.363,0,-0.932],"_humanoidState":5,"_cameraCFrame":[760.198,238.366,41.948,-0.972,-0.232,0.045,0,0.189,0.982,-0.236,0.954,-0.183],"_shiftlockState":true,"_pose":"FreeFall","_animationQueue":[],"_animationSpeed":1,"_zoom":12.5},{"_mousePosition":[683,384],"_rootPartCFrame":[761.064,223.37,44.666,-0.932,0,0.363,0,1,0,-0.363,0,-0.932],"_humanoidState":5,"_cameraCFrame":[759.932,237.416,41.911,-0.972,-0.232,0.045,0,0.189,0.982,-0.236,0.954,-0.183],"_shiftlockState":true,"_pose":"FreeFall","_animationQueue":[],"_animationSpeed":1,"_zoom":12.5},{"_mousePosition":[683,384],"_rootPartCFrame":[760.805,222.502,44.604,-0.963,0,0.27,0,1,0,-0.27,0,-0.963],"_humanoidState":7,"_cameraCFrame":[759.67,236.465,41.863,-0.972,-0.232,0.045,0,0.189,0.982,-0.236,0.954,-0.183],"_shiftlockState":true,"_pose":"FreeFall","_animationQueue":[["walk",0.1],["fall",0.3],["fall",0.3]],"_animationSpeed":1,"_zoom":12.5},{"_mousePosition":[683,384],"_rootPartCFrame":[760.481,222.385,44.525,-0.971,0,0.239,0,1,0,-0.239,0,-0.971],"_humanoidState":7,"_cameraCFrame":[759.343,236.289,41.796,-0.972,-0.232,0.045,0,0.189,0.982,-0.236,0.954,-0.183],"_shiftlockState":true,"_pose":"FreeFall","_animationQueue":[],"_animationSpeed":1,"_zoom":12.5},{"_mousePosition":[683,384],"_rootPartCFrame":[760.287,222.479,44.478,-0.972,0,0.236,0,1,0,-0.236,0,-0.972],"_humanoidState":8,"_cameraCFrame":[759.147,236.34,41.756,-0.972,-0.232,0.045,0,0.189,0.982,-0.236,0.954,-0.183],"_shiftlockState":true,"_pose":"Running","_animationQueue":[["walk",0.1],["fall",0.3],["walk",0.1]],"_animationSpeed":1.103,"_zoom":12.5},{"_mousePosition":[683,384],"_rootPartCFrame":[759.963,222.593,44.399,-0.972,0,0.236,0,1,0,-0.236,0,-0.972],"_humanoidState":8,"_cameraCFrame":[758.826,236.369,41.693,-0.971,-0.235,0.045,0,0.188,0.982,-0.239,0.954,-0.183],"_shiftlockState":true,"_pose":"Running","_animationQueue":[],"_animationSpeed":1.103,"_zoom":12.5},{"_mousePosition":[683,384],"_rootPartCFrame":[759.575,222.656,44.304,-0.971,0,0.239,0,1,0,-0.239,0,-0.971],"_humanoidState":8,"_cameraCFrame":[758.438,236.432,41.598,-0.971,-0.235,0.045,0,0.188,0.982,-0.239,0.954,-0.183],"_shiftlockState":true,"_pose":"Running","_animationQueue":[],"_animationSpeed":1.103,"_zoom":12.5},{"_mousePosition":[683,384],"_rootPartCFrame":[759.445,222.668,44.272,-0.971,0,0.239,0,1,0,-0.239,0,-0.971],"_humanoidState":8,"_cameraCFrame":[758.303,236.446,41.577,-0.971,-0.234,0.045,0,0.188,0.982,-0.238,0.954,-0.182],"_shiftlockState":true,"_pose":"Running","_animationQueue":[],"_animationSpeed":1.103,"_zoom":12.5},{"_mousePosition":[683,384],"_rootPartCFrame":[759.057,222.687,44.176,-0.971,0,0.238,0,1,0,-0.238,0,-0.971],"_humanoidState":8,"_cameraCFrame":[757.894,236.472,41.525,-0.972,-0.23,0.043,0,0.185,0.983,-0.234,0.956,-0.179],"_shiftlockState":true,"_pose":"Running","_animationQueue":[["walk",0.1]],"_animationSpeed":1.103,"_zoom":12.5},{"_mousePosition":[683,384],"_rootPartCFrame":[758.862,222.692,44.129,-0.972,0,0.234,0,1,0,-0.234,0,-0.972],"_humanoidState":8,"_cameraCFrame":[757.677,236.483,41.514,-0.974,-0.224,0.041,0,0.182,0.983,-0.228,0.957,-0.177],"_shiftlockState":true,"_pose":"Running","_animationQueue":[],"_animationSpeed":1.103,"_zoom":12.5},{"_mousePosition":[683,384],"_rootPartCFrame":[758.603,222.695,44.066,-0.974,0,0.228,0,1,0,-0.228,0,-0.974],"_humanoidState":8,"_cameraCFrame":[757.384,236.494,41.501,-0.976,-0.215,0.039,0,0.179,0.984,-0.218,0.96,-0.175],"_shiftlockState":true,"_pose":"Running","_animationQueue":[],"_animationSpeed":1.103,"_zoom":12.5},{"_mousePosition":[683,384],"_rootPartCFrame":[758.344,222.697,44.005,-0.976,0,0.218,0,1,0,-0.218,0,-0.976],"_humanoidState":8,"_cameraCFrame":[757.092,236.503,41.49,-0.978,-0.206,0.037,0,0.176,0.984,-0.209,0.963,-0.172],"_shiftlockState":true,"_pose":"Running","_animationQueue":[],"_animationSpeed":1.103,"_zoom":12.5},{"_mousePosition":[683,384],"_rootPartCFrame":[758.018,222.699,43.932,-0.978,0,0.209,0,1,0,-0.209,0,-0.978],"_humanoidState":8,"_cameraCFrame":[756.735,236.509,41.457,-0.98,-0.196,0.035,0,0.174,0.985,-0.199,0.965,-0.17],"_shiftlockState":true,"_pose":"Running","_animationQueue":[],"_animationSpeed":1.103,"_zoom":12.5},{"_mousePosition":[683,384],"_rootPartCFrame":[757.823,222.699,43.89,-0.98,0,0.199,0,1,0,-0.199,0,-0.98],"_humanoidState":8,"_cameraCFrame":[756.506,236.509,41.432,-0.983,-0.183,0.032,0,0.174,0.985,-0.186,0.968,-0.171],"_shiftlockState":true,"_pose":"Running","_animationQueue":[],"_animationSpeed":1.103,"_zoom":12.5},{"_mousePosition":[683,384],"_rootPartCFrame":[757.496,222.699,43.823,-0.983,0,0.186,0,1,0,-0.186,0,-0.983],"_humanoidState":8,"_cameraCFrame":[756.156,236.509,41.378,-0.984,-0.174,0.031,0,0.174,0.985,-0.176,0.969,-0.171],"_shiftlockState":true,"_pose":"Running","_animationQueue":[],"_animationSpeed":1.103,"_zoom":12.5},{"_mousePosition":[683,384],"_rootPartCFrame":[757.234,222.699,43.773,-0.984,0,0.176,0,1,0,-0.176,0,-0.984],"_humanoidState":8,"_cameraCFrame":[755.869,236.51,41.342,-0.986,-0.163,0.029,0,0.174,0.985,-0.166,0.971,-0.171],"_shiftlockState":true,"_pose":"Running","_animationQueue":[["walk",0.1]],"_animationSpeed":1.103,"_zoom":12.5},{"_mousePosition":[683,384],"_rootPartCFrame":[757.038,222.7,43.737,-0.986,0,0.166,0,1,0,-0.166,0,-0.986],"_humanoidState":8,"_cameraCFrame":[755.642,236.51,41.324,-0.988,-0.151,0.027,0,0.174,0.985,-0.154,0.973,-0.172],"_shiftlockState":true,"_pose":"Running","_animationQueue":[],"_animationSpeed":1.103,"_zoom":12.5},{"_mousePosition":[683,384],"_rootPartCFrame":[756.775,222.7,43.693,-0.988,0,0.154,0,1,0,-0.154,0,-0.988],"_humanoidState":8,"_cameraCFrame":[755.344,236.51,41.3,-0.99,-0.137,0.024,0,0.174,0.985,-0.139,0.975,-0.172],"_shiftlockState":true,"_pose":"Running","_animationQueue":[],"_animationSpeed":1.103,"_zoom":12.5},{"_mousePosition":[683,384],"_rootPartCFrame":[756.445,222.7,43.641,-0.99,0,0.139,0,1,0,-0.139,0,-0.99],"_humanoidState":8,"_cameraCFrame":[754.982,236.51,41.268,-0.992,-0.124,0.022,0,0.174,0.985,-0.126,0.977,-0.172],"_shiftlockState":true,"_pose":"Running","_animationQueue":[],"_animationSpeed":1.103,"_zoom":12.5},{"_mousePosition":[683,384],"_rootPartCFrame":[756.247,222.7,43.613,-0.992,0,0.126,0,1,0,-0.126,0,-0.992],"_humanoidState":8,"_cameraCFrame":[754.737,236.51,41.269,-0.994,-0.104,0.018,0,0.174,0.985,-0.106,0.979,-0.173],"_shiftlockState":true,"_pose":"Running","_animationQueue":[],"_animationSpeed":1.103,"_zoom":12.5},{"_mousePosition":[683,384],"_rootPartCFrame":[755.917,222.7,43.57,-0.994,0,0.106,0,1,0,-0.106,0,-0.994],"_humanoidState":8,"_cameraCFrame":[754.37,236.51,41.251,-0.996,-0.089,0.016,0,0.174,0.985,-0.09,0.981,-0.173],"_shiftlockState":true,"_pose":"Running","_animationQueue":[],"_animationSpeed":1.103,"_zoom":12.5},{"_mousePosition":[683,384],"_rootPartCFrame":[755.652,222.7,43.541,-0.996,0,0.09,0,1,0,-0.09,0,-0.996],"_humanoidState":8,"_cameraCFrame":[754.078,236.51,41.24,-0.997,-0.078,0.014,0,0.174,0.985,-0.079,0.982,-0.173],"_shiftlockState":true,"_pose":"Running","_animationQueue":[],"_animationSpeed":1.103,"_zoom":12.5},{"_mousePosition":[683,384],"_rootPartCFrame":[755.387,222.666,43.513,-0.997,0,0.079,0,1,0,-0.079,0,-0.997],"_humanoidState":8,"_cameraCFrame":[753.796,236.476,41.223,-0.997,-0.07,0.012,0,0.174,0.985,-0.071,0.982,-0.173],"_shiftlockState":true,"_pose":"Running","_animationQueue":[["walk",0.1]],"_animationSpeed":1.103,"_zoom":12.5},{"_mousePosition":[683,384],"_rootPartCFrame":[755.188,222.604,43.492,-0.997,0,0.071,0,1,0,-0.071,0,-0.997],"_humanoidState":8,"_cameraCFrame":[755.334,236.414,41.326,-0.998,-0.066,0.012,0,0.174,0.985,-0.067,0.983,-0.173],"_shiftlockState":false,"_pose":"Running","_animationQueue":[],"_animationSpeed":1.103,"_zoom":12.5},{"_mousePosition":[683,384],"_rootPartCFrame":[754.856,222.434,43.457,-0.997,0,0.071,0,1,0,-0.071,0,-0.997],"_humanoidState":8,"_cameraCFrame":[755.002,236.244,41.291,-0.998,-0.066,0.012,0,0.174,0.985,-0.067,0.983,-0.173],"_shiftlockState":false,"_pose":"Running","_animationQueue":[],"_animationSpeed":1.103,"_zoom":12.5},{"_mousePosition":[683,384],"_rootPartCFrame":[754.657,222.291,43.435,-0.997,0,0.071,0,1,0,-0.071,0,-0.997],"_humanoidState":8,"_cameraCFrame":[754.803,236.101,41.27,-0.998,-0.066,0.012,0,0.174,0.985,-0.067,0.983,-0.173],"_shiftlockState":false,"_pose":"Running","_animationQueue":[],"_animationSpeed":1.103,"_zoom":12.5},{"_mousePosition":[683,384],"_rootPartCFrame":[754.392,222.053,43.407,-0.997,0,0.071,0,1,0,-0.071,0,-0.997],"_humanoidState":8,"_cameraCFrame":[754.536,235.863,41.241,-0.998,-0.065,0.011,0,0.174,0.985,-0.066,0.983,-0.173],"_shiftlockState":false,"_pose":"Running","_animationQueue":[],"_animationSpeed":1.103,"_zoom":12.5},{"_mousePosition":[683,384],"_rootPartCFrame":[754.127,221.76,43.379,-0.997,0,0.071,0,1,0,-0.071,0,-0.997],"_humanoidState":8,"_cameraCFrame":[754.271,235.57,41.213,-0.998,-0.065,0.011,0,0.174,0.985,-0.066,0.983,-0.173],"_shiftlockState":false,"_pose":"Running","_animationQueue":[],"_animationSpeed":1.103,"_zoom":12.5},{"_mousePosition":[683,384],"_rootPartCFrame":[753.862,222.633,43.351,-0.997,0,0.071,0,1,0,-0.071,0,-0.997],"_humanoidState":3,"_cameraCFrame":[754.003,236.443,41.185,-0.998,-0.064,0.011,0,0.174,0.985,-0.065,0.983,-0.173],"_shiftlockState":false,"_pose":"Jumping","_animationQueue":[["walk",0.1],["jump",0.1]],"_animationSpeed":1,"_zoom":12.5},{"_mousePosition":[683,384],"_rootPartCFrame":[753.596,223.455,43.332,-0.987,0,0.163,0,1,0,-0.163,0,-0.987],"_humanoidState":5,"_cameraCFrame":[753.738,237.265,41.166,-0.998,-0.064,0.011,0,0.174,0.985,-0.065,0.983,-0.173],"_shiftlockState":false,"_pose":"FreeFall","_animationQueue":[["jump",0.1]],"_animationSpeed":1,"_zoom":12.5},{"_mousePosition":[683,384],"_rootPartCFrame":[753.33,224.222,43.314,-0.958,0,0.288,0,1,0,-0.288,0,-0.958],"_humanoidState":5,"_cameraCFrame":[753.469,238.032,41.148,-0.998,-0.063,0.011,0,0.174,0.985,-0.064,0.983,-0.173],"_shiftlockState":false,"_pose":"FreeFall","_animationQueue":[],"_animationSpeed":1,"_zoom":12.5},{"_mousePosition":[683,384],"_rootPartCFrame":[752.997,225.105,43.292,-0.897,0,0.442,0,1,0,-0.442,0,-0.897],"_humanoidState":5,"_cameraCFrame":[753.134,238.915,41.126,-0.998,-0.062,0.011,0,0.174,0.985,-0.063,0.983,-0.173],"_shiftlockState":false,"_pose":"FreeFall","_animationQueue":[],"_animationSpeed":1,"_zoom":12.5},{"_mousePosition":[683,384],"_rootPartCFrame":[752.798,225.594,43.28,-0.848,0,0.529,0,1,0,-0.529,0,-0.848],"_humanoidState":5,"_cameraCFrame":[753.29,227.755,30.807,-0.999,-0.002,0.039,0,0.999,0.053,-0.039,0.053,-0.998],"_shiftlockState":false,"_pose":"FreeFall","_animationQueue":[["jump",0.1],["fall",0.3]],"_animationSpeed":1,"_zoom":12.5},{"_mousePosition":[683,384],"_rootPartCFrame":[752.465,226.34,43.266,-0.749,0,0.663,0,1,0,-0.663,0,-0.749],"_humanoidState":5,"_cameraCFrame":[752.957,228.502,30.793,-0.999,-0.002,0.039,0,0.999,0.053,-0.039,0.053,-0.998],"_shiftlockState":false,"_pose":"FreeFall","_animationQueue":[],"_animationSpeed":1,"_zoom":12.5},{"_mousePosition":[683,384],"_rootPartCFrame":[752.332,226.615,43.261,-0.706,0,0.708,0,1,0,-0.708,0,-0.706],"_humanoidState":5,"_cameraCFrame":[752.824,228.776,30.788,-0.999,-0.002,0.039,0,0.999,0.053,-0.039,0.053,-0.998],"_shiftlockState":false,"_pose":"FreeFall","_animationQueue":[],"_animationSpeed":1,"_zoom":12.5},{"_mousePosition":[683,384],"_rootPartCFrame":[751.999,227.243,43.247,-0.599,0,0.801,0,1,0,-0.801,0,-0.599],"_humanoidState":5,"_cameraCFrame":[752.491,229.404,30.775,-0.999,-0.002,0.039,0,0.999,0.053,-0.039,0.053,-0.998],"_shiftlockState":false,"_pose":"FreeFall","_animationQueue":[],"_animationSpeed":1,"_zoom":12.5},{"_mousePosition":[683,384],"_rootPartCFrame":[751.799,227.578,43.24,-0.539,0,0.843,0,1,0,-0.843,0,-0.539],"_humanoidState":5,"_cameraCFrame":[752.291,229.739,30.767,-0.999,-0.002,0.039,0,0.999,0.053,-0.039,0.053,-0.998],"_shiftlockState":false,"_pose":"FreeFall","_animationQueue":[],"_animationSpeed":1,"_zoom":12.5},{"_mousePosition":[683,384],"_rootPartCFrame":[751.533,227.978,43.229,-0.465,0,0.885,0,1,0,-0.885,0,-0.465],"_humanoidState":5,"_cameraCFrame":[752.025,230.139,30.756,-0.999,-0.002,0.039,0,0.999,0.053,-0.039,0.053,-0.998],"_shiftlockState":false,"_pose":"FreeFall","_animationQueue":[],"_animationSpeed":1,"_zoom":12.5},{"_mousePosition":[683,384],"_rootPartCFrame":[751.266,228.323,43.219,-0.398,0,0.917,0,1,0,-0.917,0,-0.398],"_humanoidState":5,"_cameraCFrame":[751.758,230.484,30.746,-0.999,-0.002,0.039,0,0.999,0.053,-0.039,0.053,-0.998],"_shiftlockState":false,"_pose":"FreeFall","_animationQueue":[],"_animationSpeed":1,"_zoom":12.5},{"_mousePosition":[683,384],"_rootPartCFrame":[751,228.613,43.208,-0.339,0,0.941,0,1,0,-0.941,0,-0.339],"_humanoidState":5,"_cameraCFrame":[751.492,230.775,30.735,-0.999,-0.002,0.039,0,0.999,0.053,-0.039,0.053,-0.998],"_shiftlockState":false,"_pose":"FreeFall","_animationQueue":[["fall",0.3]],"_animationSpeed":1,"_zoom":12.5},{"_mousePosition":[683,384],"_rootPartCFrame":[750.734,228.85,43.198,-0.288,0,0.958,0,1,0,-0.958,0,-0.288],"_humanoidState":5,"_cameraCFrame":[751.212,231.051,30.726,-0.999,-0.002,0.038,0,0.998,0.056,-0.038,0.056,-0.998],"_shiftlockState":false,"_pose":"FreeFall","_animationQueue":[],"_animationSpeed":1,"_zoom":12.5},{"_mousePosition":[683,384],"_rootPartCFrame":[750.334,229.102,43.182,-0.221,0,0.975,0,1,0,-0.975,0,-0.221],"_humanoidState":5,"_cameraCFrame":[750.8,231.343,30.712,-0.999,-0.002,0.037,0,0.998,0.059,-0.037,0.059,-0.998],"_shiftlockState":false,"_pose":"FreeFall","_animationQueue":[],"_animationSpeed":1,"_zoom":12.5},{"_mousePosition":[683,384],"_rootPartCFrame":[750.201,229.158,43.177,-0.202,0,0.979,0,1,0,-0.979,0,-0.202],"_humanoidState":5,"_cameraCFrame":[750.64,231.45,30.709,-0.999,-0.002,0.035,0,0.998,0.063,-0.035,0.063,-0.997],"_shiftlockState":false,"_pose":"FreeFall","_animationQueue":[],"_animationSpeed":1,"_zoom":12.5},{"_mousePosition":[683,384],"_rootPartCFrame":[749.868,229.241,43.164,-0.161,0,0.987,0,1,0,-0.987,0,-0.161],"_humanoidState":5,"_cameraCFrame":[750.268,231.593,30.7,-0.999,-0.002,0.032,0,0.998,0.068,-0.032,0.068,-0.997],"_shiftlockState":false,"_pose":"FreeFall","_animationQueue":[],"_animationSpeed":1,"_zoom":12.5},{"_mousePosition":[683,384],"_rootPartCFrame":[749.668,229.249,43.157,-0.139,0,0.99,0,1,0,-0.99,0,-0.139],"_humanoidState":5,"_cameraCFrame":[750.029,231.662,30.696,-1,-0.002,0.029,0,0.997,0.073,-0.029,0.073,-0.997],"_shiftlockState":false,"_pose":"FreeFall","_animationQueue":[],"_animationSpeed":1,"_zoom":12.5},{"_mousePosition":[683,384],"_rootPartCFrame":[749.201,229.15,43.142,-0.098,0,0.995,0,1,0,-0.995,0,-0.098],"_humanoidState":5,"_cameraCFrame":[749.536,231.623,30.684,-1,-0.002,0.027,0,0.997,0.078,-0.027,0.078,-0.997],"_shiftlockState":false,"_pose":"FreeFall","_animationQueue":[["fall",0.3]],"_animationSpeed":1,"_zoom":12.5},{"_mousePosition":[683,384],"_rootPartCFrame":[749.068,229.091,43.138,-0.088,0,0.996,0,1,0,-0.996,0,-0.088],"_humanoidState":5,"_cameraCFrame":[749.389,231.584,30.682,-1,-0.002,0.026,0,0.997,0.079,-0.026,0.079,-0.997],"_shiftlockState":false,"_pose":"FreeFall","_animationQueue":[],"_animationSpeed":1,"_zoom":12.5},{"_mousePosition":[683,384],"_rootPartCFrame":[748.868,228.977,43.132,-0.076,0,0.997,0,1,0,-0.997,0,-0.076],"_humanoidState":5,"_cameraCFrame":[749.176,231.48,30.677,-1,-0.002,0.025,0,0.997,0.08,-0.025,0.08,-0.996],"_shiftlockState":false,"_pose":"FreeFall","_animationQueue":[],"_animationSpeed":1,"_zoom":12.5},{"_mousePosition":[683,384],"_rootPartCFrame":[748.602,228.777,43.126,-0.061,0,0.998,0,1,0,-0.998,0,-0.061],"_humanoidState":5,"_cameraCFrame":[748.91,231.28,30.67,-1,-0.002,0.025,0,0.997,0.08,-0.025,0.08,-0.996],"_shiftlockState":false,"_pose":"FreeFall","_animationQueue":[],"_animationSpeed":1,"_zoom":12.5},{"_mousePosition":[683,384],"_rootPartCFrame":[748.335,228.522,43.119,-0.049,0,0.999,0,1,0,-0.999,0,-0.049],"_humanoidState":5,"_cameraCFrame":[746.894,231.026,30.62,-1,-0.002,0.025,0,0.997,0.08,-0.025,0.08,-0.996],"_shiftlockState":true,"_pose":"FreeFall","_animationQueue":[],"_animationSpeed":1,"_zoom":12.5},{"_mousePosition":[683,384],"_rootPartCFrame":[748.554,229.212,43.112,-1,0.002,-0.029,0.002,1,0,0.029,0,-1],"_humanoidState":7,"_cameraCFrame":[747.116,231.716,30.613,-1,-0.002,0.025,0,0.997,0.08,-0.025,0.08,-0.996],"_shiftlockState":true,"_pose":"FreeFall","_animationQueue":[["walk",0.1],["fall",0.3],["fall",0.3]],"_animationSpeed":1,"_zoom":12.5},{"_mousePosition":[683,384],"_rootPartCFrame":[748.568,229.888,43.102,-0.999,0.001,-0.043,0.001,1,-0.005,0.043,-0.005,-0.999],"_humanoidState":7,"_cameraCFrame":[747.128,232.391,30.596,-1,-0.002,0.025,0,0.997,0.08,-0.025,0.08,-0.996],"_shiftlockState":true,"_pose":"FreeFall","_animationQueue":[],"_animationSpeed":1,"_zoom":12.5},{"_mousePosition":[683,384],"_rootPartCFrame":[748.591,230.492,43.098,-1,0.001,0.006,0.001,1,-0.003,-0.006,-0.003,-1],"_humanoidState":8,"_cameraCFrame":[747.151,232.995,30.594,-1,-0.002,0.025,0,0.997,0.08,-0.025,0.08,-0.996],"_shiftlockState":true,"_pose":"Running","_animationQueue":[["fall",0.3],["walk",0.1],["fall",0.3],["walk",0.1]],"_animationSpeed":0.206,"_zoom":12.5},{"_mousePosition":[683,384],"_rootPartCFrame":[748.602,231.597,43.096,-1,0,0.025,0,1,0.002,-0.025,0.002,-1],"_humanoidState":5,"_cameraCFrame":[747.178,234.097,30.598,-1,-0.002,0.026,0,0.997,0.08,-0.026,0.08,-0.996],"_shiftlockState":true,"_pose":"FreeFall","_animationQueue":[["jump",0.1],["jump",0.1]],"_animationSpeed":1,"_zoom":12.5},{"_mousePosition":[683,384],"_rootPartCFrame":[748.612,232.85,43.144,-1,0,0.026,0,1,0.001,-0.026,0.001,-1],"_humanoidState":5,"_cameraCFrame":[747.188,235.35,30.644,-1,-0.002,0.026,0,0.997,0.08,-0.026,0.08,-0.996],"_shiftlockState":true,"_pose":"FreeFall","_animationQueue":[],"_animationSpeed":1,"_zoom":12.5},{"_mousePosition":[683,384],"_rootPartCFrame":[748.617,233.801,43.252,-1,0,0.026,0,1,0,-0.026,0,-1],"_humanoidState":5,"_cameraCFrame":[747.192,236.301,30.751,-1,-0.002,0.026,0,0.997,0.08,-0.026,0.08,-0.996],"_shiftlockState":true,"_pose":"FreeFall","_animationQueue":[],"_animationSpeed":1,"_zoom":12.5},{"_mousePosition":[683,384],"_rootPartCFrame":[748.618,234.331,43.347,-1,0,0.026,0,1,0,-0.026,0,-1],"_humanoidState":5,"_cameraCFrame":[747.193,236.831,30.846,-1,-0.002,0.026,0,0.997,0.08,-0.026,0.08,-0.996],"_shiftlockState":true,"_pose":"FreeFall","_animationQueue":[],"_animationSpeed":1,"_zoom":12.5},{"_mousePosition":[683,384],"_rootPartCFrame":[748.616,235.145,43.555,-1,0,0.026,0,1,0,-0.026,0,-1],"_humanoidState":5,"_cameraCFrame":[746.839,237.626,31.097,-1,0,-0.002,0,0.997,0.078,0.002,0.078,-0.997],"_shiftlockState":true,"_pose":"FreeFall","_animationQueue":[["fall",0.3]],"_animationSpeed":1,"_zoom":12.5},{"_mousePosition":[683,384],"_rootPartCFrame":[748.614,235.593,43.71,-1,0,-0.032,0,1,0,0.032,0,-1],"_humanoidState":5,"_cameraCFrame":[748.125,238.299,31.155,-0.995,-0.01,0.1,0,0.995,0.096,-0.101,0.096,-0.99],"_shiftlockState":true,"_pose":"FreeFall","_animationQueue":[],"_animationSpeed":1,"_zoom":12.5},{"_mousePosition":[683,384],"_rootPartCFrame":[748.615,236.01,43.886,-0.996,0,0.093,0,1,0,-0.093,0,-0.996],"_humanoidState":5,"_cameraCFrame":[749.569,238.856,31.373,-0.977,-0.023,0.213,0,0.994,0.108,-0.214,0.105,-0.971],"_shiftlockState":true,"_pose":"FreeFall","_animationQueue":[],"_animationSpeed":1,"_zoom":12.5},{"_mousePosition":[683,384],"_rootPartCFrame":[748.623,236.397,44.081,-0.979,0,0.203,0,1,0,-0.203,0,-0.979],"_humanoidState":5,"_cameraCFrame":[752.339,239.413,32.114,-0.904,-0.052,0.424,0,0.993,0.121,-0.427,0.11,-0.898],"_shiftlockState":true,"_pose":"FreeFall","_animationQueue":[],"_animationSpeed":1,"_zoom":12.5},{"_mousePosition":[683,384],"_rootPartCFrame":[748.656,236.861,44.341,-0.914,0.003,0.405,0.002,1,-0.002,-0.405,-0.001,-0.914],"_humanoidState":5,"_cameraCFrame":[755.159,239.838,33.62,-0.774,-0.075,0.628,0,0.993,0.118,-0.633,0.091,-0.769],"_shiftlockState":true,"_pose":"FreeFall","_animationQueue":[],"_animationSpeed":1,"_zoom":12.5},{"_mousePosition":[683,384],"_rootPartCFrame":[748.621,237.365,44.66,-0.798,0.001,0.602,0.001,1,-0.001,-0.602,0,-0.798],"_humanoidState":5,"_cameraCFrame":[757.136,240.191,35.436,-0.633,-0.082,0.77,0,0.994,0.106,-0.774,0.067,-0.63],"_shiftlockState":true,"_pose":"FreeFall","_animationQueue":[],"_animationSpeed":1,"_zoom":12.5},{"_mousePosition":[683,384],"_rootPartCFrame":[748.572,237.626,44.844,-0.65,0,0.76,0,1,0,-0.76,0,-0.65],"_humanoidState":5,"_cameraCFrame":[758.771,240.282,37.498,-0.466,-0.082,0.881,0,0.996,0.092,-0.885,0.043,-0.464],"_shiftlockState":true,"_pose":"FreeFall","_animationQueue":[["fall",0]],"_animationSpeed":1,"_zoom":12.5},{"_mousePosition":[683,384],"_rootPartCFrame":[748.447,237.994,45.129,-0.495,0,0.869,0,1,0,-0.869,0,-0.495],"_humanoidState":5,"_cameraCFrame":[759.635,240.469,39.369,-0.33,-0.074,0.941,0,0.997,0.078,-0.944,0.026,-0.329],"_shiftlockState":true,"_pose":"FreeFall","_animationQueue":[["fall",0.3]],"_animationSpeed":1,"_zoom":12.5},{"_mousePosition":[683,384],"_rootPartCFrame":[748.346,238.173,45.283,-0.345,0,0.938,0,1,0,-0.938,0,-0.345],"_humanoidState":5,"_cameraCFrame":[760.202,240.498,41.03,-0.204,-0.065,0.977,0,0.998,0.066,-0.979,0.013,-0.203],"_shiftlockState":true,"_pose":"FreeFall","_animationQueue":[],"_animationSpeed":1,"_zoom":12.5},{"_mousePosition":[683,384],"_rootPartCFrame":[748.223,238.393,45.507,-0.173,0,0.985,-0.004,1,-0.001,-0.985,-0.004,-0.173],"_humanoidState":5,"_cameraCFrame":[760.373,240.656,42.166,-0.128,-0.061,0.99,0,0.998,0.061,-0.992,0.008,-0.128],"_shiftlockState":true,"_pose":"FreeFall","_animationQueue":[],"_animationSpeed":1,"_zoom":12.5},{"_mousePosition":[683,384],"_rootPartCFrame":[748.201,238.472,45.627,-0.116,0,0.993,-0.004,1,-0.001,-0.993,-0.004,-0.116],"_humanoidState":5,"_cameraCFrame":[760.568,240.666,43.197,-0.054,-0.055,0.997,0,0.998,0.055,-0.999,0.003,-0.054],"_shiftlockState":true,"_pose":"FreeFall","_animationQueue":[],"_animationSpeed":1,"_zoom":12.5},{"_mousePosition":[683,384],"_rootPartCFrame":[748.16,238.692,45.787,-0.053,0,0.999,0,1,0,-0.999,0,-0.053],"_humanoidState":12,"_cameraCFrame":[760.616,240.825,43.843,-0.015,-0.051,0.999,0,0.999,0.051,-1,0.001,-0.015],"_shiftlockState":true,"_pose":"Climbing","_anim