[{"_mousePosition":[1161,372],"_rootPartCFrame":[776.034,222.979,47.142,-0.001,-0.007,1,0,1,0.007,-1,0,-0.001],"_humanoidState":8,"_cameraCFrame":[775.931,236.664,41.918,-1,0.016,-0.007,0,0.394,0.919,0.018,0.919,-0.394],"_shiftlockState":false,"_pose":"Standing","_animationQueue":[],"_animationSpeed":1,"_zoom":13.258},{"_mousePosition":[1175,376],"_rootPartCFrame":[775.984,222.943,47.143,-0.002,-0.005,1,0,1,0.005,-1,0,-0.002],"_humanoidState":8,"_cameraCFrame":[775.884,236.628,41.919,-1,0.016,-0.007,0,0.394,0.919,0.018,0.919,-0.394],"_shiftlockState":false,"_pose":"Standing","_animationQueue":[],"_animationSpeed":1,"_zoom":13.258},{"_mousePosition":[1208,385],"_rootPartCFrame":[775.731,222.815,47.147,-0.004,0,1,0,1,0,-1,0,-0.004],"_humanoidState":8,"_cameraCFrame":[775.638,236.5,41.923,-1,0.016,-0.007,0,0.394,0.919,0.018,0.919,-0.394],"_shiftlockState":false,"_pose":"Running","_animationQueue":[["walk",0.1]],"_animationSpeed":0.551,"_zoom":13.258},{"_mousePosition":[1213,387],"_rootPartCFrame":[775.464,222.633,47.152,-0.006,0,1,0,1,0,-1,0,-0.006],"_humanoidState":8,"_cameraCFrame":[775.372,236.318,41.928,-1,0.016,-0.007,0,0.394,0.919,0.018,0.919,-0.394],"_shiftlockState":false,"_pose":"Running","_animationQueue":[["walk",0.1]],"_animationSpeed":1.091,"_zoom":13.258},{"_mousePosition":[1262,399],"_rootPartCFrame":[775.064,222.643,47.159,-0.008,0,1,0,1,0,-1,0,-0.008],"_humanoidState":8,"_cameraCFrame":[773.222,236.328,41.966,-1,0.016,-0.007,0,0.394,0.919,0.018,0.919,-0.394],"_shiftlockState":true,"_pose":"Running","_animationQueue":[],"_animationSpeed":1.091,"_zoom":13.258},{"_mousePosition":[683,384],"_rootPartCFrame":[774.865,222.662,47.163,-0.998,0,-0.068,0,1,0,0.068,0,-0.998],"_humanoidState":8,"_cameraCFrame":[773.022,236.347,41.97,-1,0.016,-0.007,0,0.394,0.919,0.018,0.919,-0.394],"_shiftlockState":true,"_pose":"Running","_animationQueue":[],"_animationSpeed":1.091,"_zoom":13.258},{"_mousePosition":[683,384],"_rootPartCFrame":[774.665,222.675,47.166,-0.999,0,-0.042,0,1,0,0.042,0,-0.999],"_humanoidState":8,"_cameraCFrame":[773.039,236.402,41.999,-1,-0.022,0.009,0,0.387,0.922,-0.024,0.922,-0.387],"_shiftlockState":true,"_pose":"Running","_animationQueue":[],"_animationSpeed":1.091,"_zoom":13.258},{"_mousePosition":[683,384],"_rootPartCFrame":[774.398,222.686,47.171,-1,0,0.019,0,1,0,-0.019,0,-1],"_humanoidState":8,"_cameraCFrame":[772.978,236.454,42.04,-0.998,-0.06,0.025,0,0.379,0.925,-0.065,0.923,-0.378],"_shiftlockState":true,"_pose":"Running","_animationQueue":[["walk",0.1]],"_animationSpeed":1.091,"_zoom":13.258},{"_mousePosition":[683,384],"_rootPartCFrame":[774.131,222.692,47.166,-0.998,0,0.064,0,1,0,-0.064,0,-0.998],"_humanoidState":8,"_cameraCFrame":[772.855,236.492,42.075,-0.996,-0.087,0.035,0,0.373,0.928,-0.094,0.924,-0.372],"_shiftlockState":true,"_pose":"Running","_animationQueue":[],"_animationSpeed":1.091,"_zoom":13.258},{"_mousePosition":[683,384],"_rootPartCFrame":[773.865,222.696,47.151,-0.996,0,0.094,0,1,0,-0.094,0,-0.996],"_humanoidState":8,"_cameraCFrame":[772.661,236.523,42.109,-0.994,-0.102,0.04,0,0.368,0.93,-0.11,0.924,-0.366],"_shiftlockState":true,"_pose":"Running","_animationQueue":[],"_animationSpeed":1.091,"_zoom":13.258},{"_mousePosition":[683,384],"_rootPartCFrame":[773.6,222.697,47.127,-0.994,0,0.11,0,1,0,-0.11,0,-0.994],"_humanoidState":8,"_cameraCFrame":[772.458,236.545,42.119,-0.992,-0.115,0.045,0,0.364,0.931,-0.123,0.924,-0.361],"_shiftlockState":true,"_pose":"Running","_animationQueue":[],"_animationSpeed":1.091,"_zoom":13.258},{"_mousePosition":[683,384],"_rootPartCFrame":[773.334,222.698,47.098,-0.992,0,0.123,0,1,0,-0.123,0,-0.992],"_humanoidState":8,"_cameraCFrame":[772.291,236.58,42.155,-0.989,-0.135,0.052,0,0.357,0.934,-0.145,0.924,-0.354],"_shiftlockState":true,"_pose":"Running","_animationQueue":[],"_animationSpeed":1.091,"_zoom":13.258},{"_mousePosition":[683,384],"_rootPartCFrame":[773.136,222.699,47.074,-0.989,0,0.145,0,1,0,-0.145,0,-0.989],"_humanoidState":8,"_cameraCFrame":[772.241,236.659,42.302,-0.983,-0.171,0.062,0,0.342,0.94,-0.182,0.924,-0.336],"_shiftlockState":true,"_pose":"Running","_animationQueue":[],"_animationSpeed":1.091,"_zoom":13.258},{"_mousePosition":[683,384],"_rootPartCFrame":[772.806,222.699,47.026,-0.983,0,0.182,0,1,0,-0.182,0,-0.983],"_humanoidState":8,"_cameraCFrame":[772.011,236.735,42.436,-0.977,-0.2,0.069,0,0.326,0.945,-0.212,0.924,-0.318],"_shiftlockState":true,"_pose":"Running","_animationQueue":[["walk",0.1]],"_animationSpeed":1.091,"_zoom":13.258},{"_mousePosition":[683,384],"_rootPartCFrame":[772.609,222.699,46.991,-0.977,0,0.212,0,1,0,-0.212,0,-0.977],"_humanoidState":8,"_cameraCFrame":[771.859,236.783,42.526,-0.974,-0.217,0.072,0,0.315,0.949,-0.228,0.924,-0.307],"_shiftlockState":true,"_pose":"Running","_animationQueue":[],"_animationSpeed":1.091,"_zoom":13.258},{"_mousePosition":[683,384],"_rootPartCFrame":[772.283,222.7,46.922,-0.974,0,0.228,0,1,0,-0.228,0,-0.974],"_humanoidState":8,"_cameraCFrame":[771.533,236.783,42.457,-0.974,-0.217,0.072,0,0.315,0.949,-0.228,0.924,-0.307],"_shiftlockState":true,"_pose":"Running","_animationQueue":[],"_animationSpeed":1.091,"_zoom":13.258},{"_mousePosition":[683,384],"_rootPartCFrame":[772.023,222.7,46.862,-0.974,0,0.228,0,1,0,-0.228,0,-0.974],"_humanoidState":8,"_cameraCFrame":[771.273,236.783,42.397,-0.974,-0.217,0.072,0,0.315,0.949,-0.228,0.924,-0.307],"_shiftlockState":true,"_pose":"Running","_animationQueue":[],"_animationSpeed":1.091,"_zoom":13.258},{"_mousePosition":[683,384],"_rootPartCFrame":[771.829,222.7,46.816,-0.974,0,0.228,0,1,0,-0.228,0,-0.974],"_humanoidState":8,"_cameraCFrame":[771.079,236.783,42.351,-0.974,-0.217,0.072,0,0.315,0.949,-0.228,0.924,-0.307],"_shiftlockState":true,"_pose":"Running","_animationQueue":[],"_animationSpeed":1.091,"_zoom":13.258},{"_mousePosition":[683,384],"_rootPartCFrame":[771.504,222.7,46.74,-0.974,0,0.228,0,1,0,-0.228,0,-0.974],"_humanoidState":8,"_cameraCFrame":[770.754,236.783,42.275,-0.974,-0.217,0.072,0,0.315,0.949,-0.228,0.924,-0.307],"_shiftlockState":true,"_pose":"Running","_animationQueue":[],"_animationSpeed":1.091,"_zoom":13.258},{"_mousePosition":[683,384],"_rootPartCFrame":[771.245,222.7,46.679,-0.974,0,0.228,0,1,0,-0.228,0,-0.974],"_humanoidState":8,"_cameraCFrame":[770.495,236.783,42.214,-0.974,-0.217,0.072,0,0.315,0.949,-0.228,0.924,-0.307],"_shiftlockState":true,"_pose":"Running","_animationQueue":[],"_animationSpeed":1.091,"_zoom":13.258},{"_mousePosition":[683,384],"_rootPartCFrame":[771.05,222.7,46.633,-0.974,0,0.228,0,1,0,-0.228,0,-0.974],"_humanoidState":8,"_cameraCFrame":[770.3,236.783,42.168,-0.974,-0.217,0.072,0,0.315,0.949,-0.228,0.924,-0.307],"_shiftlockState":true,"_pose":"Running","_animationQueue":[["walk",0.1]],"_animationSpeed":1.091,"_zoom":13.258},{"_mousePosition":[683,384],"_rootPartCFrame":[770.661,222.7,46.542,-0.974,0,0.228,0,1,0,-0.228,0,-0.974],"_humanoidState":8,"_cameraCFrame":[769.911,236.783,42.077,-0.974,-0.217,0.072,0,0.315,0.949,-0.228,0.924,-0.307],"_shiftlockState":true,"_pose":"Running","_animationQueue":[],"_animationSpeed":1.091,"_zoom":13.258},{"_mousePosition":[683,384],"_rootPartCFrame":[770.401,222.7,46.481,-0.974,0,0.228,0,1,0,-0.228,0,-0.974],"_humanoidState":8,"_cameraCFrame":[769.651,236.783,42.016,-0.974,-0.217,0.072,0,0.315,0.949,-0.228,0.924,-0.307],"_shiftlockState":true,"_pose":"Running","_animationQueue":[],"_animationSpeed":1.091,"_zoom":13.258},{"_mousePosition":[683,384],"_rootPartCFrame":[770.141,222.7,46.42,-0.974,0,0.228,0,1,0,-0.228,0,-0.974],"_humanoidState":8,"_cameraCFrame":[769.391,236.783,41.955,-0.974,-0.217,0.072,0,0.315,0.949,-0.228,0.924,-0.307],"_shiftlockState":true,"_pose":"Running","_animationQueue":[],"_animationSpeed":1.091,"_zoom":13.258},{"_mousePosition":[683,384],"_rootPartCFrame":[769.882,222.666,46.359,-0.974,0,0.228,0,1,0,-0.228,0,-0.974],"_humanoidState":8,"_cameraCFrame":[769.132,236.749,41.894,-0.974,-0.217,0.072,0,0.315,0.949,-0.228,0.924,-0.307],"_shiftlockState":true,"_pose":"Running","_animationQueue":[],"_animationSpeed":1.091,"_zoom":13.258},{"_mousePosition":[683,384],"_rootPartCFrame":[769.622,222.577,46.298,-0.974,0,0.228,0,1,0,-0.228,0,-0.974],"_humanoidState":8,"_cameraCFrame":[768.872,236.66,41.833,-0.974,-0.217,0.072,0,0.315,0.949,-0.228,0.924,-0.307],"_shiftlockState":true,"_pose":"Running","_animationQueue":[],"_animationSpeed":1.091,"_zoom":13.258},{"_mousePosition":[683,384],"_rootPartCFrame":[769.363,222.434,46.237,-0.974,0,0.228,0,1,0,-0.228,0,-0.974],"_humanoidState":8,"_cameraCFrame":[768.541,236.497,41.728,-0.978,-0.199,0.067,0,0.32,0.948,-0.21,0.926,-0.312],"_shiftlockState":true,"_pose":"Running","_animationQueue":[["walk",0.1]],"_animationSpeed":1.091,"_zoom":13.258},{"_mousePosition":[683,384],"_rootPartCFrame":[769.103,222.63,46.177,-0.978,0,0.21,0,1,0,-0.21,0,-0.978],"_humanoidState":8,"_cameraCFrame":[768.068,236.648,41.586,-0.987,-0.15,0.052,0,0.329,0.944,-0.159,0.932,-0.325],"_shiftlockState":true,"_pose":"Running","_animationQueue":[],"_animationSpeed":1.091,"_zoom":13.258},{"_mousePosition":[683,384],"_rootPartCFrame":[768.843,222.865,46.12,-0.987,0,0.159,0,1,0,-0.159,0,-0.987],"_humanoidState":8,"_cameraCFrame":[767.745,236.894,41.573,-0.989,-0.138,0.048,0,0.327,0.945,-0.146,0.935,-0.324],"_shiftlockState":true,"_pose":"Running","_animationQueue":[],"_animationSpeed":1.091,"_zoom":13.258},{"_mousePosition":[683,384],"_rootPartCFrame":[768.58,222.999,46.076,-0.989,0,0.146,0,1,0,-0.146,0,-0.989],"_humanoidState":8,"_cameraCFrame":[767.385,237.082,41.708,-0.992,-0.123,0.041,0,0.315,0.949,-0.13,0.941,-0.312],"_shiftlockState":true,"_pose":"Running","_animationQueue":[],"_animationSpeed":1.091,"_zoom":13.258},{"_mousePosition":[683,384],"_rootPartCFrame":[768.316,223.083,46.036,-0.992,0,0.13,0,1,0,-0.13,0,-0.992],"_humanoidState":8,"_cameraCFrame":[766.99,237.21,41.834,-0.995,-0.098,0.031,0,0.305,0.952,-0.102,0.947,-0.303],"_shiftlockState":true,"_pose":"Running","_animationQueue":[],"_animationSpeed":1.091,"_zoom":13.258},{"_mousePosition":[683,384],"_rootPartCFrame":[768.052,223.135,46.001,-0.995,0,0.102,0,1,0,-0.102,0,-0.995],"_humanoidState":8,"_cameraCFrame":[766.653,237.287,41.902,-0.996,-0.083,0.026,0,0.299,0.954,-0.087,0.951,-0.298],"_shiftlockState":true,"_pose":"Running","_animationQueue":[],"_animationSpeed":1.091,"_zoom":13.258},{"_mousePosition":[683,384],"_rootPartCFrame":[767.787,223.149,45.972,-0.996,0,0.087,0,1,0,-0.087,0,-0.996],"_humanoidState":8,"_cameraCFrame":[766.339,237.323,41.96,-0.997,-0.073,0.022,0,0.293,0.956,-0.076,0.953,-0.293],"_shiftlockState":true,"_pose":"Running","_animationQueue":[["walk",0.1]],"_animationSpeed":1.091,"_zoom":13.258},{"_mousePosition":[683,384],"_rootPartCFrame":[767.521,223.145,45.949,-0.997,0,0.076,0,1,0,-0.076,0,-0.997],"_humanoidState":8,"_cameraCFrame":[766.064,237.326,41.959,-0.997,-0.071,0.022,0,0.292,0.956,-0.074,0.954,-0.291],"_shiftlockState":true,"_pose":"Running","_animationQueue":[],"_animationSpeed":1.091,"_zoom":13.258},{"_mousePosition":[683,384],"_rootPartCFrame":[767.255,223.146,45.928,-0.997,0,0.074,0,1,0,-0.074,0,-0.997],"_humanoidState":8,"_cameraCFrame":[765.798,237.327,41.938,-0.997,-0.071,0.022,0,0.292,0.956,-0.074,0.954,-0.291],"_shiftlockState":true,"_pose":"Running","_animationQueue":[],"_animationSpeed":1.091,"_zoom":13.258},{"_mousePosition":[683,384],"_rootPartCFrame":[766.989,223.148,45.908,-0.997,0,0.074,0,1,0,-0.074,0,-0.997],"_humanoidState":8,"_cameraCFrame":[765.532,237.328,41.918,-0.997,-0.071,0.022,0,0.292,0.956,-0.074,0.954,-0.291],"_shiftlockState":true,"_pose":"Running","_animationQueue":[],"_animationSpeed":1.091,"_zoom":13.258},{"_mousePosition":[683,384],"_rootPartCFrame":[766.79,223.148,45.893,-0.997,0,0.074,0,1,0,-0.074,0,-0.997],"_humanoidState":8,"_cameraCFrame":[765.332,237.329,41.904,-0.997,-0.071,0.022,0,0.292,0.956,-0.074,0.954,-0.291],"_shiftlockState":true,"_pose":"Running","_animationQueue":[],"_animationSpeed":1.091,"_zoom":13.258},{"_mousePosition":[683,384],"_rootPartCFrame":[766.458,223.149,45.868,-0.997,0,0.074,0,1,0,-0.074,0,-0.997],"_humanoidState":8,"_cameraCFrame":[764.991,237.333,41.892,-0.997,-0.069,0.021,0,0.291,0.957,-0.072,0.954,-0.29],"_shiftlockState":true,"_pose":"Running","_animationQueue":[],"_animationSpeed":1.091,"_zoom":13.258},{"_mousePosition":[683,384],"_rootPartCFrame":[766.192,223.149,45.849,-0.997,0,0.072,0,1,0,-0.072,0,-0.997],"_humanoidState":8,"_cameraCFrame":[764.711,237.339,41.897,-0.998,-0.066,0.02,0,0.29,0.957,-0.069,0.955,-0.289],"_shiftlockState":true,"_pose":"Running","_animationQueue":[["walk",0.1]],"_animationSpeed":1.091,"_zoom":13.258},{"_mousePosition":[683,384],"_rootPartCFrame":[765.859,223.149,45.824,-0.998,0,0.069,0,1,0,-0.069,0,-0.998],"_humanoidState":8,"_cameraCFrame":[764.366,237.339,41.878,-0.998,-0.063,0.019,0,0.29,0.957,-0.066,0.955,-0.289],"_shiftlockState":true,"_pose":"Running","_animationQueue":[],"_animationSpeed":1.091,"_zoom":13.258},{"_mousePosition":[683,384],"_rootPartCFrame":[765.593,223.15,45.806,-0.998,0,0.066,0,1,0,-0.066,0,-0.998],"_humanoidState":8,"_cameraCFrame":[764.065,237.077,41.982,-0.998,-0.056,0.017,0,0.287,0.958,-0.059,0.956,-0.287],"_shiftlockState":true,"_pose":"Running","_animationQueue":[],"_animationSpeed":1.091,"_zoom":10.206},{"_mousePosition":[683,384],"_rootPartCFrame":[765.327,223.15,45.788,-0.998,0,0.059,0,1,0,-0.059,0,-0.998],"_humanoidState":8,"_cameraCFrame":[763.754,236.599,42.164,-0.999,-0.047,0.014,0,0.284,0.959,-0.049,0.958,-0.284],"_shiftlockState":true,"_pose":"Running","_animationQueue":[],"_animationSpeed":1.091,"_zoom":10.206},{"_mousePosition":[683,384],"_rootPartCFrame":[765.061,223.153,45.772,-0.999,0,0.049,0,1,0,-0.049,0,-0.999],"_humanoidState":8,"_cameraCFrame":[763.446,236.145,42.359,-0.999,-0.038,0.011,0,0.28,0.96,-0.04,0.959,-0.279],"_shiftlockState":true,"_pose":"Running","_animationQueue":[],"_animationSpeed":1.091,"_zoom":10.206},{"_mousePosition":[683,384],"_rootPartCFrame":[764.795,223.162,45.759,-0.999,0,0.04,0,1,0,-0.04,0,-0.999],"_humanoidState":8,"_cameraCFrame":[763.151,235.739,42.573,-0.999,-0.032,0.009,0,0.272,0.962,-0.034,0.962,-0.272],"_shiftlockState":true,"_pose":"Running","_animationQueue":[],"_animationSpeed":1.091,"_zoom":10.206},{"_mousePosition":[683,384],"_rootPartCFrame":[764.528,223.169,45.748,-0.999,0,0.034,0,1,0,-0.034,0,-0.999],"_humanoidState":8,"_cameraCFrame":[762.868,235.44,42.757,-1,-0.029,0.008,0,0.263,0.965,-0.03,0.964,-0.263],"_shiftlockState":true,"_pose":"Running","_animationQueue":[["walk",0.1]],"_animationSpeed":1.091,"_zoom":10.206},{"_mousePosition":[683,384],"_rootPartCFrame":[764.262,223.173,45.738,-1,0,0.03,0,1,0,-0.03,0,-1],"_humanoidState":8,"_cameraCFrame":[762.595,235.205,42.887,-1,-0.028,0.008,0,0.257,0.966,-0.029,0.966,-0.257],"_shiftlockState":true,"_pose":"Running","_animationQueue":[],"_animationSpeed":1.091,"_zoom":10.206},{"_mousePosition":[683,384],"_rootPartCFrame":[763.995,223.168,45.73,-1,0,0.029,0,1,0,-0.029,0,-1],"_humanoidState":8,"_cameraCFrame":[762.319,235.002,42.997,-1,-0.026,0.007,0,0.252,0.968,-0.027,0.967,-0.251],"_shiftlockState":true,"_pose":"Running","_animationQueue":[],"_animationSpeed":1.091,"_zoom":10.206},{"_mousePosition":[683,384],"_rootPartCFrame":[763.728,223.169,45.722,-1,0,0.027,0,1,0,-0.027,0,-1],"_humanoidState":8,"_cameraCFrame":[762.048,234.87,43.035,-1,-0.025,0.007,0,0.251,0.968,-0.026,0.968,-0.251],"_shiftlockState":true,"_pose":"Running","_animationQueue":[],"_animationSpeed":1.091,"_zoom":10.206},{"_mousePosition":[683,384],"_rootPartCFrame":[763.462,223.164,45.715,-1,0,0.026,0,1,0,-0.026,0,-1],"_humanoidState":8,"_cameraCFrame":[761.781,234.752,43.057,-1,-0.025,0.007,0,0.251,0.968,-0.026,0.968,-0.251],"_shiftlockState":true,"_pose":"Running","_animationQueue":[],"_animationSpeed":1.091,"_zoom":10.206},{"_mousePosition":[683,384],"_rootPartCFrame":[763.195,223.164,45.708,-1,0,0.026,0,1,0,-0.026,0,-1],"_humanoidState":8,"_cameraCFrame":[761.513,234.531,43.107,-1,-0.025,0.007,0,0.251,0.968,-0.026,0.968,-0.251],"_shiftlockState":true,"_pose":"Running","_animationQueue":[],"_animationSpeed":1.091,"_zoom":7.765},{"_mousePosition":[683,384],"_rootPartCFrame":[762.929,223.15,45.701,-1,0,0.026,0,1,0,-0.026,0,-1],"_humanoidState":8,"_cameraCFrame":[761.244,234.114,43.204,-1,-0.025,0.007,0,0.251,0.968,-0.026,0.968,-0.251],"_shiftlockState":true,"_pose":"Running","_animationQueue":[],"_animationSpeed":1.091,"_zoom":7.765},{"_mousePosition":[683,384],"_rootPartCFrame":[762.662,223.152,45.694,-1,0,0.026,0,1,0,-0.026,0,-1],"_humanoidState":8,"_cameraCFrame":[760.974,233.671,43.313,-1,-0.025,0.007,0,0.251,0.968,-0.026,0.968,-0.251],"_shiftlockState":true,"_pose":"Running","_animationQueue":[["walk",0.1]],"_animationSpeed":1.091,"_zoom":7.765},{"_mousePosition":[683,384],"_rootPartCFrame":[762.395,223.154,45.687,-1,0,0.026,0,1,0,-0.026,0,-1],"_humanoidState":8,"_cameraCFrame":[760.704,233.223,43.422,-1,-0.025,0.007,0,0.251,0.968,-0.026,0.968,-0.251],"_shiftlockState":true,"_pose":"Running","_animationQueue":[],"_animationSpeed":1.091,"_zoom":7.765},{"_mousePosition":[683,384],"_rootPartCFrame":[762.062,223.155,45.678,-1,0,0.026,0,1,0,-0.026,0,-1],"_humanoidState":8,"_cameraCFrame":[760.369,232.973,43.478,-1,-0.025,0.007,0,0.251,0.968,-0.026,0.968,-0.251],"_shiftlockState":true,"_pose":"Running","_animationQueue":[],"_animationSpeed":1.091,"_zoom":7.765},{"_mousePosition":[683,384],"_rootPartCFrame":[761.862,223.141,45.673,-1,0,0.026,0,1,0,-0.026,0,-1],"_humanoidState":8,"_cameraCFrame":[760.168,232.736,43.531,-1,-0.025,0.007,0,0.251,0.968,-0.026,0.968,-0.251],"_shiftlockState":true,"_pose":"Running","_animationQueue":[],"_animationSpeed":1.091,"_zoom":7.765},{"_mousePosition":[683,384],"_rootPartCFrame":[761.529,223.142,45.664,-1,0,0.026,0,1,0,-0.026,0,-1],"_humanoidState":8,"_cameraCFrame":[759.833,232.57,43.565,-1,-0.025,0.007,0,0.251,0.968,-0.026,0.968,-0.251],"_shiftlockState":true,"_pose":"Running","_animationQueue":[],"_animationSpeed":1.091,"_zoom":7.765},{"_mousePosition":[683,384],"_rootPartCFrame":[761.329,223.145,45.659,-1,0,0.026,0,1,0,-0.026,0,-1],"_humanoidState":8,"_cameraCFrame":[759.633,232.432,43.596,-1,-0.025,0.007,0,0.251,0.968,-0.026,0.968,-0.251],"_shiftlockState":true,"_pose":"Running","_animationQueue":[],"_animationSpeed":1.091,"_zoom":7.765},{"_mousePosition":[683,384],"_rootPartCFrame":[760.996,223.147,45.65,-1,0,0.026,0,1,0,-0.026,0,-1],"_humanoidState":8,"_cameraCFrame":[759.299,232.357,43.608,-1,-0.025,0.007,0,0.251,0.968,-0.026,0.968,-0.251],"_shiftlockState":true,"_pose":"Running","_animationQueue":[["walk",0.1]],"_animationSpeed":1.091,"_zoom":7.765},{"_mousePosition":[683,384],"_rootPartCFrame":[760.729,223.148,45.643,-1,0,0.026,0,1,0,-0.026,0,-1],"_humanoidState":8,"_cameraCFrame":[759.032,232.294,43.624,-1,-0.025,0.007,0,0.25,0.968,-0.026,0.968,-0.25],"_shiftlockState":true,"_pose":"Running","_animationQueue":[],"_animationSpeed":1.091,"_zoom":7.765},{"_mousePosition":[683,384],"_rootPartCFrame":[760.463,223.149,45.636,-1,0,0.026,0,1,0,-0.026,0,-1],"_humanoidState":8,"_cameraCFrame":[758.765,232.255,43.627,-1,-0.025,0.007,0,0.25,0.968,-0.026,0.968,-0.25],"_shiftlockState":true,"_pose":"Running","_animationQueue":[],"_animationSpeed":1.091,"_zoom":7.765},{"_mousePosition":[683,384],"_rootPartCFrame":[760.196,223.149,45.629,-1,0,0.026,0,1,0,-0.026,0,-1],"_humanoidState":8,"_cameraCFrame":[758.498,232.227,43.628,-1,-0.025,0.007,0,0.25,0.968,-0.026,0.968,-0.25],"_shiftlockState":true,"_pose":"Running","_animationQueue":[],"_animationSpeed":1.091,"_zoom":7.765},{"_mousePosition":[683,384],"_rootPartCFrame":[759.929,223.149,45.622,-1,0,0.026,0,1,0,-0.026,0,-1],"_humanoidState":8,"_cameraCFrame":[758.231,232.208,43.625,-1,-0.025,0.007,0,0.25,0.968,-0.026,0.968,-0.25],"_shiftlockState":true,"_pose":"Running","_animationQueue":[],"_animationSpeed":1.091,"_zoom":7.765},{"_mousePosition":[683,384],"_rootPartCFrame":[759.729,223.15,45.617,-1,0,0.023,0,1,0,-0.023,0,-1],"_humanoidState":8,"_cameraCFrame":[758.056,232.179,43.647,-0.999,-0.039,0.01,0,0.245,0.97,-0.04,0.969,-0.245],"_shiftlockState":true,"_pose":"Running","_animationQueue":[["walk",0.1]],"_animationSpeed":1.091,"_zoom":7.765},{"_mousePosition":[683,384],"_rootPartCFrame":[759.329,223.145,45.607,-0.999,0,0.048,0,1,0,-0.048,0,-0.999],"_humanoidState":8,"_cameraCFrame":[757.671,232.183,43.66,-0.999,-0.047,0.012,0,0.24,0.971,-0.048,0.97,-0.24],"_shiftlockState":true,"_pose":"Running","_animationQueue":[],"_animationSpeed":1.091,"_zoom":7.765},{"_mousePosition":[683,384],"_rootPartCFrame":[758.996,223.147,45.591,-0.999,0,0.048,0,1,0,-0.048,0,-0.999],"_humanoidState":8,"_cameraCFrame":[757.335,232.189,43.664,-0.999,-0.046,0.011,0,0.238,0.971,-0.047,0.97,-0.238],"_shiftlockState":true,"_pose":"Running","_animationQueue":[["walk",0.1]],"_animationSpeed":1.091,"_zoom":7.765},{"_mousePosition":[683,384],"_rootPartCFrame":[758.73,223.148,45.578,-0.999,0,0.047,0,1,0,-0.047,0,-0.999],"_humanoidState":8,"_cameraCFrame":[757.066,232.196,43.677,-0.999,-0.045,0.011,0,0.235,0.972,-0.046,0.971,-0.234],"_shiftlockState":true,"_pose":"Running","_animationQueue":[],"_animationSpeed":1.091,"_zoom":7.765},{"_mousePosition":[683,384],"_rootPartCFrame":[758.53,223.149,45.569,-0.999,0,0.046,0,1,0,-0.046,0,-0.999],"_humanoidState":8,"_cameraCFrame":[756.861,232.203,43.696,-0.999,-0.043,0.01,0,0.232,0.973,-0.044,0.972,-0.231],"_shiftlockState":true,"_pose":"Running","_animationQueue":[],"_animationSpeed":1.091,"_zoom":7.765},{"_mousePosition":[683,384],"_rootPartCFrame":[758.197,223.149,45.554,-0.999,0,0.044,0,1,0,-0.044,0,-0.999],"_humanoidState":8,"_cameraCFrame":[756.523,232.209,43.708,-0.999,-0.041,0.01,0,0.228,0.974,-0.042,0.973,-0.228],"_shiftlockState":true,"_pose":"Running","_animationQueue":[],"_animationSpeed":1.091,"_zoom":7.765},{"_mousePosition":[683,384],"_rootPartCFrame":[757.997,223.149,45.545,-0.999,0,0.042,0,1,0,-0.042,0,-0.999],"_humanoidState":8,"_cameraCFrame":[756.317,232.215,43.729,-0.999,-0.038,0.009,0,0.225,0.974,-0.039,0.974,-0.225],"_shiftlockState":true,"_pose":"Running","_animationQueue":[],"_animationSpeed":1.091,"_zoom":7.765},{"_mousePosition":[683,384],"_rootPartCFrame":[757.664,223.15,45.531,-0.999,0,0.039,0,1,0,-0.039,0,-0.999],"_humanoidState":8,"_cameraCFrame":[755.979,232.222,43.749,-0.999,-0.036,0.008,0,0.221,0.975,-0.037,0.975,-0.221],"_shiftlockState":true,"_pose":"Running","_animationQueue":[],"_animationSpeed":1.091,"_zoom":7.765},{"_mousePosition":[683,384],"_rootPartCFrame":[757.398,223.153,45.52,-0.999,0,0.037,0,1,0,-0.037,0,-0.999],"_humanoidState":8,"_cameraCFrame":[755.706,232.231,43.768,-0.999,-0.033,0.007,0,0.218,0.976,-0.034,0.975,-0.218],"_shiftlockState":true,"_pose":"Running","_animationQueue":[],"_animationSpeed":1.091,"_zoom":7.765},{"_mousePosition":[683,384],"_rootPartCFrame":[757.131,223.159,45.51,-0.999,0,0.034,0,1,0,-0.034,0,-0.999],"_humanoidState":8,"_cameraCFrame":[755.433,232.243,43.794,-1,-0.03,0.007,0,0.214,0.977,-0.03,0.976,-0.214],"_shiftlockState":true,"_pose":"Running","_animationQueue":[["walk",0.1]],"_animationSpeed":1.091,"_zoom":7.765},{"_mousePosition":[683,384],"_rootPartCFrame":[756.931,223.169,45.503,-1,0,0.03,0,1,0,-0.03,0,-1],"_humanoidState":8,"_cameraCFrame":[755.227,232.26,43.823,-1,-0.027,0.006,0,0.21,0.978,-0.027,0.977,-0.21],"_shiftlockState":true,"_pose":"Running","_animationQueue":[],"_animationSpeed":1.091,"_zoom":7.765},{"_mousePosition":[683,384],"_rootPartCFrame":[756.598,223.184,45.493,-1,0,0.027,0,1,0,-0.027,0,-1],"_humanoidState":8,"_cameraCFrame":[754.887,232.285,43.861,-1,-0.024,0.005,0,0.205,0.979,-0.024,0.979,-0.205],"_shiftlockState":true,"_pose":"Running","_animationQueue":[],"_animationSpeed":1.091,"_zoom":7.765},{"_mousePosition":[683,384],"_rootPartCFrame":[756.398,223.185,45.487,-1,0,0.024,0,1,0,-0.024,0,-1],"_humanoidState":8,"_cameraCFrame":[754.68,232.293,43.899,-1,-0.02,0.004,0,0.2,0.98,-0.02,0.98,-0.2],"_shiftlockState":true,"_pose":"Running","_animationQueue":[],"_animationSpeed":1.091,"_zoom":7.765},{"_mousePosition":[683,384],"_rootPartCFrame":[756.065,223.191,45.479,-1,0,0.02,0,1,0,-0.02,0,-1],"_humanoidState":8,"_cameraCFrame":[754.341,232.307,43.933,-1,-0.017,0.003,0,0.195,0.981,-0.017,0.981,-0.195],"_shiftlockState":true,"_pose":"Running","_animationQueue":[],"_animationSpeed":1.091,"_zoom":7.765},{"_mousePosition":[683,384],"_rootPartCFrame":[755.865,223.194,45.475,-1,0,0.017,0,1,0,-0.017,0,-1],"_humanoidState":8,"_cameraCFrame":[754.126,232.323,44.013,-1,-0.007,0.001,0,0.187,0.982,-0.007,0.982,-0.187],"_shiftlockState":true,"_pose":"Running","_animationQueue":[],"_animationSpeed":1.091,"_zoom":7.765},{"_mousePosition":[683,384],"_rootPartCFrame":[755.398,223.105,45.466,-1,0,0.007,0,1,0,-0.007,0,-1],"_humanoidState":8,"_cameraCFrame":[753.653,232.238,44.036,-1,-0.003,0.001,0,0.183,0.983,-0.003,0.983,-0.183],"_shiftlockState":true,"_pose":"Running","_animationQueue":[["walk",0.1]],"_animationSpeed":1.091,"_zoom":7.765},{"_mousePosition":[683,384],"_rootPartCFrame":[755.265,223.048,45.463,-1,0,0.003,0,1,0,-0.003,0,-1],"_humanoidState":8,"_cameraCFrame":[753.504,232.192,44.109,-1,0.008,-0.001,0,0.176,0.984,0.008,0.984,-0.176],"_shiftlockState":true,"_pose":"Running","_animationQueue":[],"_animationSpeed":1.091,"_zoom":7.765},{"_mousePosition":[683,384],"_rootPartCFrame":[754.999,222.895,45.458,-1,0,-0.008,0,1,0,0.008,0,-1],"_humanoidState":8,"_cameraCFrame":[753.217,232.042,44.152,-1,0.024,-0.004,0,0.174,0.985,0.024,0.985,-0.174],"_shiftlockState":true,"_pose":"Running","_animationQueue":[],"_animationSpeed":1.091,"_zoom":7.765},{"_mousePosition":[683,384],"_rootPartCFrame":[754.732,223.768,45.452,-1,0,-0.024,0,1,0,0.024,0,-1],"_humanoidState":3,"_cameraCFrame":[752.939,232.915,44.161,-0.999,0.032,-0.006,0,0.174,0.985,0.032,0.984,-0.174],"_shiftlockState":true,"_pose":"Jumping","_animationQueue":[["walk",0.1],["jump",0.1]],"_animationSpeed":1,"_zoom":7.765},{"_mousePosition":[683,384],"_rootPartCFrame":[754.465,224.59,45.457,-0.998,0,0.06,0,1,0,-0.06,0,-0.998],"_humanoidState":5,"_cameraCFrame":[752.667,233.737,44.173,-0.999,0.036,-0.006,0,0.174,0.985,0.037,0.984,-0.174],"_shiftlockState":true,"_pose":"FreeFall","_animationQueue":[["jump",0.1]],"_animationSpeed":1,"_zoom":7.765},{"_mousePosition":[683,384],"_rootPartCFrame":[754.265,225.171,45.463,-0.998,0,0.059,0,1,0,-0.059,0,-0.998],"_humanoidState":5,"_cameraCFrame":[752.471,234.318,44.174,-0.999,0.033,-0.006,0,0.174,0.985,0.033,0.984,-0.174],"_shiftlockState":true,"_pose":"FreeFall","_animationQueue":[],"_animationSpeed":1,"_zoom":7.765},{"_mousePosition":[683,384],"_rootPartCFrame":[753.932,226.071,45.475,-0.991,0,0.132,0,1,0,-0.132,0,-0.991],"_humanoidState":5,"_cameraCFrame":[752.146,235.218,44.175,-1,0.027,-0.005,0,0.174,0.985,0.027,0.984,-0.174],"_shiftlockState":true,"_pose":"FreeFall","_animationQueue":[],"_animationSpeed":1,"_zoom":7.765},{"_mousePosition":[683,384],"_rootPartCFrame":[753.732,226.57,45.482,-0.997,0,0.073,0,1,0,-0.073,0,-0.997],"_humanoidState":5,"_cameraCFrame":[751.966,235.717,44.155,-1,0.012,-0.002,0,0.174,0.985,0.012,0.985,-0.174],"_shiftlockState":true,"_pose":"FreeFall","_animationQueue":[],"_animationSpeed":1,"_zoom":7.765},{"_mousePosition":[683,384],"_rootPartCFrame":[753.399,227.333,45.491,-0.988,0,0.154,0,1,0,-0.154,0,-0.988],"_humanoidState":5,"_cameraCFrame":[751.662,236.48,44.126,-1,-0.009,0.002,0,0.174,0.985,-0.01,0.985,-0.174],"_shiftlockState":true,"_pose":"FreeFall","_animationQueue":[],"_animationSpeed":1,"_zoom":7.765},{"_mousePosition":[683,384],"_rootPartCFrame":[753.199,227.751,45.494,-0.994,0,0.109,0,1,0,-0.109,0,-0.994],"_humanoidState":5,"_cameraCFrame":[751.51,236.898,44.07,-0.999,-0.043,0.008,0,0.174,0.985,-0.044,0.984,-0.173],"_shiftlockState":true,"_pose":"FreeFall","_animationQueue":[],"_animationSpeed":1,"_zoom":7.765},{"_mousePosition":[683,384],"_rootPartCFrame":[752.866,228.378,45.492,-0.978,0,0.209,0,1,0,-0.209,0,-0.978],"_humanoidState":5,"_cameraCFrame":[751.254,237.525,43.981,-0.995,-0.095,0.017,0,0.174,0.985,-0.096,0.98,-0.173],"_shiftlockState":true,"_pose":"FreeFall","_animationQueue":[],"_animationSpeed":1,"_zoom":7.765},{"_mousePosition":[683,384],"_rootPartCFrame":[752.599,228.819,45.482,-0.974,0,0.228,0,1,0,-0.228,0,-0.974],"_humanoidState":5,"_cameraCFrame":[751.117,237.668,43.887,-0.983,-0.181,0.032,0,0.174,0.985,-0.183,0.968,-0.171],"_shiftlockState":true,"_pose":"FreeFall","_animationQueue":[],"_animationSpeed":1,"_zoom":4.51},{"_mousePosition":[683,384],"_rootPartCFrame":[752.334,229.205,45.458,-0.95,0,0.312,0,1,0,-0.312,0,-0.95],"_humanoidState":5,"_cameraCFrame":[750.972,237.387,43.847,-0.962,-0.269,0.047,0,0.174,0.985,-0.273,0.947,-0.167],"_shiftlockState":true,"_pose":"FreeFall","_animationQueue":[],"_animationSpeed":1,"_zoom":2.34},{"_mousePosition":[683,384],"_rootPartCFrame":[752.071,229.536,45.414,-0.917,0,0.398,0,1,0,-0.398,0,-0.917],"_humanoidState":5,"_cameraCFrame":[750.816,236.867,43.819,-0.931,-0.359,0.063,0,0.174,0.985,-0.364,0.917,-0.162],"_shiftlockState":true,"_pose":"FreeFall","_animationQueue":[],"_animationSpeed":1,"_zoom":1.472},{"_mousePosition":[683,384],"_rootPartCFrame":[751.813,229.813,45.348,-0.875,0,0.485,0,1,0,-0.485,0,-0.875],"_humanoidState":5,"_cameraCFrame":[752.177,236.061,44.589,-0.902,-0.426,0.075,0,0.174,0.985,-0.433,0.888,-0.157],"_shiftlockState":true,"_pose":"FreeFall","_animationQueue":[],"_animationSpeed":1,"_zoom":0.5},{"_mousePosition":[683,384],"_rootPartCFrame":[751.562,230.036,45.257,-0.836,0,0.548,0,1,0,-0.548,0,-0.836],"_humanoidState":5,"_cameraCFrame":[751.891,235.191,44.681,-0.868,-0.489,0.089,0,0.178,0.984,-0.496,0.854,-0.155],"_shiftlockState":true,"_pose":"FreeFall","_animationQueue":[],"_animationSpeed":1,"_zoom":0.5},{"_mousePosition":[683,384],"_rootPartCFrame":[751.32,230.204,45.145,-0.794,0,0.607,0,1,0,-0.607,0,-0.794],"_humanoidState":5,"_cameraCFrame":[751.608,234.595,44.693,-0.844,-0.528,0.098,0,0.182,0.983,-0.537,0.83,-0.154],"_shiftlockState":true,"_pose":"FreeFall","_animationQueue":[],"_animationSpeed":1,"_zoom":0.5},{"_mousePosition":[683,384],"_rootPartCFrame":[751.145,230.294,45.049,-0.786,0,0.618,0,1,0,-0.618,0,-0.786],"_humanoidState":5,"_cameraCFrame":[751.391,233.929,44.712,-0.808,-0.578,0.113,0,0.192,0.981,-0.589,0.793,-0.155],"_shiftlockState":true,"_pose":"FreeFall","_animationQueue":[],"_animationSpeed":1,"_zoom":0.5},{"_mousePosition":[683,384],"_rootPartCFrame":[750.789,230.382,44.904,-0.706,0,0.708,0,1,0,-0.708,0,-0.706],"_humanoidState":5,"_cameraCFrame":[751.002,233.546,44.633,-0.786,-0.605,0.125,0,0.203,0.979,-0.618,0.77,-0.16],"_shiftlockState":true,"_pose":"FreeFall","_animationQueue":[],"_animationSpeed":1,"_zoom":0.5},{"_mousePosition":[683,384],"_rootPartCFrame":[750.605,230.381,44.865,-0.738,0,0.675,0,1,0,-0.675,0,-0.738],"_humanoidState":5,"_cameraCFrame":[750.794,233.177,44.637,-0.77,-0.622,0.142,0,0.223,0.975,-0.638,0.75,-0.171],"_shiftlockState":true,"_pose":"FreeFall","_animationQueue":[],"_animationSpeed":1,"_zoom":0.5},{"_mousePosition":[683,384],"_rootPartCFrame":[750.353,230.331,44.846,-0.702,0,0.712,0,1,0,-0.712,0,-0.702],"_humanoidState":5,"_cameraCFrame":[750.523,232.892,44.644,-0.765,-0.625,0.155,0,0.241,0.97,-0.644,0.742,-0.185],"_shiftlockState":true,"_pose":"FreeFall","_animationQueue":[["fall",0.3]],"_animationSpeed":1,"_zoom":0.5},{"_mousePosition":[683,384],"_rootPartCFrame":[750.157,230.257,44.856,-0.713,0,0.701,0,1,0,-0.701,0,-0.713],"_humanoidState":5,"_cameraCFrame":[750.307,232.62,44.674,-0.77,-0.615,0.168,0,0.263,0.965,-0.638,0.743,-0.203],"_shiftlockState":true,"_pose":"FreeFall","_animationQueue":[],"_animationSpeed":1,"_zoom":0.5},{"_mousePosition":[683,384],"_rootPartCFrame":[749.863,230.446,44.879,-0.749,0,0.663,0,1,0,-0.663,0,-0.749],"_humanoidState":12,"_cameraCFrame":[749.998,232.688,44.714,-0.774,-0.609,0.175,0,0.277,0.961,-0.633,0.744,-0.214],"_shiftlockState":true,"_pose":"Climbing","_animationQueue":[["walk",0.1],["fall",0.3],["climb",0.1],["climb",0]],"_animationSpeed":-0.556,"_zoom":0.5},{"_mousePosition":[683,384],"_rootPartCFrame":[749.7,231.142,44.894,-0.773,0,0.635,0,1,0,-0.635,0,-0.773],"_humanoidState":8,"_cameraCFrame":[749.823,233.295,44.744,-0.774,-0.607,0.18,0,0.284,0.959,-0.633,0.742,-0.22],"_shiftlockState":true,"_pose":"Running","_animationQueue":[["walk",0.1],["climb",0.1],["walk",0.1],["walk",0.1]],"_animationSpeed":0.891,"_zoom":0.5},{"_mousePosition":[683,384],"_rootPartCFrame":[749.716,230.947,44.874,-0.742,0.003,0.671,0.005,1,0.001,-0.671,0.004,-0.742],"_humanoidState":8,"_cameraCFrame":[749.833,233.041,44.739,-0.781,-0.598,0.181,0,0.29,0.957,-0.625,0.747,-0.227],"_shiftlockState":true,"_pose":"Running","_animationQueue":[["walk",0.1]],"_animationSpeed":0.496,"_zoom":0.5},{"_mousePosition":[683,384],"_rootPartCFrame":[749.645,230.948,44.856,-0.783,-0.031,0.621,0.006,0.998,0.058,-0.622,0.049,-0.782],"_humanoidState":8,"_cameraCFrame":[749.702,232.999,44.794,-0.789,-0.587,0.181,0,0.295,0.955,-0.614,0.754,-0.233],"_shiftlockState":true,"_pose":"Running","_animationQueue":[["walk",0.1]],"_animationSpeed":0.341,"_zoom":0.5},{"_mousePosition":[683,384],"_rootPartCFrame":[749.564,230.957,44.85,-0.785,-0.01,0.62,0.002,1,0.019,-0.62,0.016,-0.785],"_humanoidState":8,"_cameraCFrame":[749.648,232.987,44.742,-0.797,-0.576,0.18,0,0.299,0.954,-0.604,0.761,-0.238],"_shiftlockState":true,"_pose":"Running","_animationQueue":[["walk",0.1],["walk",0.1]],"_animationSpeed":0.484,"_zoom":0.5},{"_mousePosition":[683,384],"_rootPartCFrame":[749.512,230.955,44.864,-0.801,-0.007,0.599,0.001,1,0.013,-0.599,0.011,-0.801],"_humanoidState":8,"_cameraCFrame":[749.598,232.966,44.751,-0.801,-0.57,0.181,0,0.303,0.953,-0.598,0.764,-0.243],"_shiftlockState":true,"_pose":"Running","_animationQueue":[["walk",0.1]],"_animationSpeed":0.144,"_zoom":0.5},{"_mousePosition":[683,384],"_rootPartCFrame":[749.397,230.938,44.888,-0.797,0.002,0.603,-0.005,1,-0.01,-0.603,-0.011,-0.797],"_humanoidState":8,"_cameraCFrame":[749.496,232.937,44.743,-0.802,-0.569,0.183,0,0.306,0.952,-0.597,0.764,-0.245],"_shiftlockState":true,"_pose":"Running","_animationQueue":[["walk",0.1]],"_animationSpeed":0.377,"_zoom":0.5},{"_mousePosition":[683,384],"_rootPartCFrame":[749.322,230.959,44.883,-0.801,-0.008,0.598,-0.001,1,0.012,-0.598,0.009,-0.801],"_humanoidState":8,"_cameraCFrame":[749.407,232.949,44.768,-0.797,-0.574,0.188,0,0.312,0.95,-0.604,0.757,-0.249],"_shiftlockState":true,"_pose":"Running","_animationQueue":[["walk",0.1]],"_animationSpeed":0.521,"_zoom":0.5},{"_mousePosition":[683,384],"_rootPartCFrame":[749.224,230.974,44.852,-0.788,0,0.616,-0.014,1,-0.017,-0.615,-0.022,-0.788],"_humanoidState":8,"_cameraCFrame":[749.327,232.957,44.694,-0.772,-0.602,0.202,0,0.317,0.948,-0.635,0.733,-0.245],"_shiftlockState":true,"_pose":"Running","_animationQueue":[["walk",0.1]],"_animationSpeed":0.395,"_zoom":0.5},{"_mousePosition":[683,384],"_rootPartCFrame":[749.19,230.951,44.861,-0.767,0.002,0.641,0.001,1,-0.002,-0.641,-0.001,-0.767],"_humanoidState":8,"_cameraCFrame":[749.305,232.931,44.742,-0.726,-0.652,0.219,0,0.319,0.948,-0.688,0.688,-0.231],"_shiftlockState":true,"_pose":"Running","_animationQueue":[["walk",0.1]],"_animationSpeed":0.269,"_zoom":0.5},{"_mousePosition":[683,384],"_rootPartCFrame":[749.174,230.959,44.846,-0.721,0.008,0.693,-0.002,1,-0.014,-0.693,-0.011,-0.721],"_humanoidState":8,"_cameraCFrame":[749.306,232.937,44.721,-0.673,-0.701,0.236,0,0.32,0.948,-0.74,0.638,-0.215],"_shiftlockState":true,"_pose":"Running","_animationQueue":[["walk",0.1]],"_animationSpeed":0.122,"_zoom":0.5},{"_mousePosition":[683,384],"_rootPartCFrame":[749.148,230.962,44.809,-0.678,0.006,0.735,-0.005,1,-0.013,-0.735,-0.013,-0.678],"_humanoidState":8,"_cameraCFrame":[749.288,232.938,44.693,-0.596,-0.76,0.259,0,0.323,0.947,-0.803,0.564,-0.192],"_shiftlockState":true,"_pose":"Running","_animationQueue":[["walk",0.1]],"_animationSpeed":0.122,"_zoom":0.5},{"_mousePosition":[683,384],"_rootPartCFrame":[749.127,230.952,44.745,-0.624,0.017,0.781,0.001,1,-0.022,-0.782,-0.013,-0.624],"_humanoidState":8,"_cameraCFrame":[749.292,232.926,44.64,-0.529,-0.803,0.275,0,0.324,0.946,-0.849,0.5,-0.171],"_shiftlockState":true,"_pose":"Running","_animationQueue":[["walk",0.1]],"_animationSpeed":0.212,"_zoom":0.5},{"_mousePosition":[683,384],"_rootPartCFrame":[749.147,230.95,44.666,-0.533,0.003,0.846,-0.004,1,-0.006,-0.846,-0.006,-0.533],"_humanoidState":8,"_cameraCFrame":[749.297,232.923,44.581,-0.464,-0.837,0.29,0,0.327,0.945,-0.886,0.439,-0.152],"_shiftlockState":true,"_pose":"Running","_animationQueue":[["walk",0.1]],"_animationSpeed":0.29,"_zoom":0.5},{"_mousePosition":[683,384],"_rootPartCFrame":[749.105,230.962,44.573,-0.516,0.013,0.857,-0.005,1,-0.018,-0.857,-0.014,-0.516],"_humanoidState":8,"_cameraCFrame":[749.274,232.935,44.484,-0.417,-0.858,0.299,0,0.329,0.944,-0.909,0.394,-0.137],"_shiftlockState":true,"_pose":"Running","_animationQueue":[["walk",0.1]],"_animationSpeed":0.542,"_zoom":0.5},{"_mousePosition":[683,384],"_rootPartCFrame":[749.084,230.966,44.417,-0.457,0.001,0.889,-0.011,1,-0.007,-0.889,-0.013,-0.457],"_humanoidState":8,"_cameraCFrame":[749.237,232.938,44.332,-0.401,-0.865,0.302,0,0.33,0.944,-0.916,0.378,-0.132],"_shiftlockState":true,"_pose":"Running","_animationQueue":[["walk",0.1]],"_animationSpeed":0.331,"_zoom":0.5},{"_mousePosition":[683,384],"_rootPartCFrame":[748.963,230.965,44.274,-0.461,0.006,0.887,-0.01,1,-0.012,-0.887,-0.015,-0.461],"_humanoidState":8,"_cameraCFrame":[749.123,232.938,44.186,-0.401,-0.865,0.302,0,0.33,0.944,-0.916,0.378,-0.132],"_shiftlockState":true,"_pose":"Running","_animationQueue":[["walk",0.1]],"_animationSpeed":0.857,"_zoom":0.5},{"_mousePosition":[683,384],"_rootPartCFrame":[748.893,230.953,44.143,-0.442,0.033,0.896,0.01,0.999,-0.031,-0.897,-0.005,-0.442],"_humanoidState":8,"_cameraCFrame":[749.092,232.925,44.066,-0.421,-0.856,0.3,0,0.331,0.944,-0.907,0.397,-0.139],"_shiftlockState":true,"_pose":"Running","_animationQueue":[["walk",0.1]],"_animationSpeed":1.066,"_zoom":0.5},{"_mousePosition":[683,384],"_rootPartCFrame":[748.731,230.945,44.012,-0.473,0.046,0.88,0.019,0.999,-0.042,-0.881,-0.003,-0.473],"_humanoidState":8,"_cameraCFrame":[748.949,232.915,43.932,-0.449,-0.843,0.297,0,0.333,0.943,-0.893,0.424,-0.149],"_shiftlockState":true,"_pose":"Running","_animationQueue":[["walk",0.1],["walk",0.1]],"_animationSpeed":0.697,"_zoom":0.5},{"_mousePosition":[683,384],"_rootPartCFrame":[748.678,230.962,43.966,-0.455,0.016,0.89,-0.009,1,-0.023,-0.89,-0.018,-0.455],"_humanoidState":8,"_cameraCFrame":[748.848,232.933,43.855,-0.496,-0.818,0.291,0,0.335,0.942,-0.868,0.468,-0.166],"_shiftlockState":true,"_pose":"Running","_animationQueue":[["walk",0.1]],"_animationSpeed":0.352,"_zoom":0.5},{"_mousePosition":[683,384],"_rootPartCFrame":[748.531,230.954,43.882,-0.506,0.028,0.862,0.01,1,-0.027,-0.863,-0.005,-0.506],"_humanoidState":8,"_cameraCFrame":[748.714,232.924,43.782,-0.552,-0.785,0.282,0,0.338,0.941,-0.834,0.52,-0.187],"_shiftlockState":true,"_pose":"Running","_animationQueue":[["walk",0.1]],"_animationSpeed":0.407,"_zoom":0.5},{"_mousePosition":[683,384],"_rootPartCFrame":[748.456,230.959,43.848,-0.551,0.025,0.834,0.002,1,-0.029,-0.835,-0.014,-0.551],"_humanoidState":8,"_cameraCFrame":[748.628,232.928,43.722,-0.614,-0.742,0.27,0,0.342,0.94,-0.79,0.577,-0.21],"_shiftlockState":true,"_pose":"Running","_animationQueue":[["walk",0.1]],"_animationSpeed":0.591,"_zoom":0.5},{"_mousePosition":[683,384],"_rootPartCFrame":[748.361,230.957,43.823,-0.604,0.027,0.797,0.001,0.999,-0.033,-0.797,-0.02,-0.603],"_humanoidState":8,"_cameraCFrame":[748.53,232.925,43.677,-0.674,-0.692,0.257,0,0.348,0.938,-0.738,0.632,-0.235],"_shiftlockState":true,"_pose":"Running","_animationQueue":[["walk",0.1]],"_animationSpeed":0.287,"_zoom":0.5},{"_mousePosition":[683,384],"_rootPartCFrame":[748.281,230.913,43.772,-0.661,0.046,0.749,0.003,0.998,-0.059,-0.751,-0.037,-0.66],"_humanoidState":3,"_cameraCFrame":[748.472,232.879,43.59,-0.723,-0.647,0.243,0,0.352,0.936,-0.691,0.677,-0.254