[{"_mousePosition":[1089,358],"_rootPartCFrame":[776.031,222.984,47.142,0.001,-0.003,1,0,1,0.003,-1,0,0.001],"_humanoidState":8,"_cameraCFrame":[783.066,230.058,47.502,0.051,-0.619,0.783,0,0.784,0.62,-0.999,-0.032,0.04],"_shiftlockState":false,"_pose":"Standing","_animationQueue":[],"_animationSpeed":1,"_zoom":8.986},{"_mousePosition":[1004,359],"_rootPartCFrame":[775.785,222.852,47.129,0.008,0,1,0,1,0,-1,0,0.008],"_humanoidState":8,"_cameraCFrame":[782.824,229.925,47.489,0.051,-0.619,0.783,0,0.784,0.62,-0.999,-0.032,0.04],"_shiftlockState":false,"_pose":"Standing","_animationQueue":[],"_animationSpeed":1,"_zoom":8.986},{"_mousePosition":[990,359],"_rootPartCFrame":[775.519,222.68,47.116,0.014,0,1,0,1,0,-1,0,0.014],"_humanoidState":8,"_cameraCFrame":[782.559,229.753,47.475,0.051,-0.619,0.783,0,0.784,0.62,-0.999,-0.032,0.04],"_shiftlockState":false,"_pose":"Running","_animationQueue":[["walk",0.1]],"_animationSpeed":1.066,"_zoom":8.986},{"_mousePosition":[918,359],"_rootPartCFrame":[775.253,222.656,47.102,0.019,0,1,0,1,0,-1,0,0.019],"_humanoidState":8,"_cameraCFrame":[782.292,229.729,47.462,0.051,-0.619,0.783,0,0.784,0.62,-0.999,-0.032,0.04],"_shiftlockState":false,"_pose":"Running","_animationQueue":[],"_animationSpeed":1.066,"_zoom":8.986},{"_mousePosition":[910,358],"_rootPartCFrame":[774.987,222.671,47.089,0.023,0,1,0,1,0,-1,0,0.023],"_humanoidState":8,"_cameraCFrame":[782.026,229.745,47.448,0.051,-0.619,0.783,0,0.784,0.62,-0.999,-0.032,0.04],"_shiftlockState":false,"_pose":"Running","_animationQueue":[["walk",0.1]],"_animationSpeed":1.066,"_zoom":8.986},{"_mousePosition":[884,357],"_rootPartCFrame":[774.72,222.683,47.075,0.027,0,1,0,1,0,-1,0,0.027],"_humanoidState":8,"_cameraCFrame":[781.759,229.757,47.435,0.051,-0.619,0.783,0,0.784,0.62,-0.999,-0.032,0.04],"_shiftlockState":false,"_pose":"Running","_animationQueue":[],"_animationSpeed":1.066,"_zoom":8.986},{"_mousePosition":[881,357],"_rootPartCFrame":[774.454,222.691,47.061,0.03,0,1,0,1,0,-1,0,0.03],"_humanoidState":8,"_cameraCFrame":[781.493,229.765,47.421,0.051,-0.619,0.783,0,0.784,0.62,-0.999,-0.032,0.04],"_shiftlockState":false,"_pose":"Running","_animationQueue":[],"_animationSpeed":1.066,"_zoom":8.986},{"_mousePosition":[881,357],"_rootPartCFrame":[774.188,222.695,47.048,0.033,0,0.999,0,1,0,-0.999,0,0.033],"_humanoidState":8,"_cameraCFrame":[781.196,229.808,47.398,0.05,-0.624,0.78,0,0.781,0.625,-0.999,-0.031,0.039],"_shiftlockState":false,"_pose":"Running","_animationQueue":[],"_animationSpeed":1.066,"_zoom":8.986},{"_mousePosition":[881,357],"_rootPartCFrame":[773.921,222.697,47.034,0.035,0,0.999,0,1,0,-0.999,0,0.035],"_humanoidState":8,"_cameraCFrame":[780.828,229.934,47.387,0.051,-0.638,0.769,0,0.77,0.638,-0.999,-0.033,0.039],"_shiftlockState":false,"_pose":"Running","_animationQueue":[],"_animationSpeed":1.066,"_zoom":8.986},{"_mousePosition":[881,357],"_rootPartCFrame":[773.655,222.698,47.021,0.037,0,0.999,0,1,0,-0.999,0,0.037],"_humanoidState":8,"_cameraCFrame":[780.368,230.155,47.456,0.065,-0.662,0.747,0,0.749,0.663,-0.998,-0.043,0.048],"_shiftlockState":false,"_pose":"Running","_animationQueue":[],"_animationSpeed":1.066,"_zoom":8.986},{"_mousePosition":[881,357],"_rootPartCFrame":[773.388,222.699,47.007,0.039,0,0.999,0,1,0,-0.999,0,0.039],"_humanoidState":8,"_cameraCFrame":[779.861,230.401,47.624,0.095,-0.687,0.72,0,0.724,0.69,-0.995,-0.065,0.069],"_shiftlockState":false,"_pose":"Running","_animationQueue":[],"_animationSpeed":1.066,"_zoom":8.986},{"_mousePosition":[881,357],"_rootPartCFrame":[773.122,222.699,46.99,0.043,0,0.999,0,1,0,-0.999,0,0.043],"_humanoidState":8,"_cameraCFrame":[779.528,230.694,46.218,0.154,-0.714,0.683,0,0.691,0.723,-0.988,-0.111,0.106],"_shiftlockState":true,"_pose":"Running","_animationQueue":[["walk",0.1]],"_animationSpeed":1.066,"_zoom":8.986},{"_mousePosition":[683,384],"_rootPartCFrame":[772.79,222.699,46.96,0.162,0,0.987,0,1,0,-0.987,0,0.162],"_humanoidState":8,"_cameraCFrame":[779.196,230.694,46.188,0.154,-0.714,0.683,0,0.691,0.723,-0.988,-0.111,0.106],"_shiftlockState":true,"_pose":"Running","_animationQueue":[],"_animationSpeed":1.066,"_zoom":8.986},{"_mousePosition":[683,384],"_rootPartCFrame":[772.593,222.7,46.931,0.156,0,0.988,0,1,0,-0.988,0,0.156],"_humanoidState":8,"_cameraCFrame":[778.83,230.882,46.421,0.2,-0.729,0.655,0,0.669,0.744,-0.98,-0.149,0.134],"_shiftlockState":true,"_pose":"Running","_animationQueue":[],"_animationSpeed":1.066,"_zoom":8.986},{"_mousePosition":[683,384],"_rootPartCFrame":[772.329,222.7,46.89,0.201,0,0.98,0,1,0,-0.98,0,0.201],"_humanoidState":8,"_cameraCFrame":[778.426,231.02,46.546,0.232,-0.738,0.633,0,0.651,0.759,-0.973,-0.176,0.151],"_shiftlockState":true,"_pose":"Running","_animationQueue":[],"_animationSpeed":1.066,"_zoom":8.986},{"_mousePosition":[683,384],"_rootPartCFrame":[772.068,222.7,46.839,0.232,0,0.973,0,1,0,-0.973,0,0.232],"_humanoidState":8,"_cameraCFrame":[778.031,231.141,46.599,0.255,-0.747,0.614,0,0.635,0.773,-0.967,-0.197,0.162],"_shiftlockState":true,"_pose":"Running","_animationQueue":[],"_animationSpeed":1.066,"_zoom":8.986},{"_mousePosition":[683,384],"_rootPartCFrame":[771.808,222.7,46.778,0.255,0,0.967,0,1,0,-0.967,0,0.255],"_humanoidState":8,"_cameraCFrame":[777.644,231.251,46.589,0.269,-0.756,0.597,0,0.62,0.785,-0.963,-0.211,0.167],"_shiftlockState":true,"_pose":"Running","_animationQueue":[],"_animationSpeed":1.066,"_zoom":8.986},{"_mousePosition":[683,384],"_rootPartCFrame":[771.548,223.573,46.716,0.269,0,0.963,0,1,0,-0.963,0,0.269],"_humanoidState":3,"_cameraCFrame":[777.292,232.199,46.531,0.274,-0.763,0.586,0,0.609,0.793,-0.962,-0.217,0.167],"_shiftlockState":true,"_pose":"Jumping","_animationQueue":[["walk",0.1],["jump",0.1]],"_animationSpeed":1,"_zoom":8.986},{"_mousePosition":[683,384],"_rootPartCFrame":[771.291,224.395,46.646,0.273,0,0.962,0,1,0,-0.962,0,0.273],"_humanoidState":5,"_cameraCFrame":[776.94,233.096,46.428,0.273,-0.771,0.576,0,0.598,0.801,-0.962,-0.219,0.163],"_shiftlockState":true,"_pose":"FreeFall","_animationQueue":[["jump",0.1]],"_animationSpeed":1,"_zoom":8.986},{"_mousePosition":[683,384],"_rootPartCFrame":[771.034,225.162,46.573,0.273,0,0.962,0,1,0,-0.962,0,0.273],"_humanoidState":5,"_cameraCFrame":[776.587,233.936,46.311,0.27,-0.779,0.565,0,0.587,0.809,-0.963,-0.218,0.158],"_shiftlockState":true,"_pose":"FreeFall","_animationQueue":[],"_animationSpeed":1,"_zoom":8.986},{"_mousePosition":[683,384],"_rootPartCFrame":[770.778,225.875,46.501,0.27,0,0.963,0,1,0,-0.963,0,0.27],"_humanoidState":5,"_cameraCFrame":[776.201,234.746,46.23,0.275,-0.789,0.55,0,0.572,0.82,-0.962,-0.225,0.157],"_shiftlockState":true,"_pose":"FreeFall","_animationQueue":[],"_animationSpeed":1,"_zoom":8.986},{"_mousePosition":[683,384],"_rootPartCFrame":[770.521,226.534,46.429,0.274,0,0.962,0,1,0,-0.962,0,0.274],"_humanoidState":5,"_cameraCFrame":[775.928,235.417,46.17,0.278,-0.789,0.548,0,0.57,0.822,-0.961,-0.228,0.158],"_shiftlockState":true,"_pose":"FreeFall","_animationQueue":[],"_animationSpeed":1,"_zoom":8.986},{"_mousePosition":[683,384],"_rootPartCFrame":[770.265,227.138,46.356,0.277,0,0.961,0,1,0,-0.961,0,0.277],"_humanoidState":5,"_cameraCFrame":[775.672,236.021,46.097,0.278,-0.789,0.548,0,0.57,0.822,-0.961,-0.228,0.158],"_shiftlockState":true,"_pose":"FreeFall","_animationQueue":[],"_animationSpeed":1,"_zoom":8.986},{"_mousePosition":[683,384],"_rootPartCFrame":[770.009,227.687,46.282,0.278,0,0.961,0,1,0,-0.961,0,0.278],"_humanoidState":5,"_cameraCFrame":[775.416,236.57,46.023,0.278,-0.789,0.548,0,0.57,0.822,-0.961,-0.228,0.158],"_shiftlockState":true,"_pose":"FreeFall","_animationQueue":[],"_animationSpeed":1,"_zoom":8.986},{"_mousePosition":[683,384],"_rootPartCFrame":[769.752,228.182,46.208,0.278,0,0.961,0,1,0,-0.961,0,0.278],"_humanoidState":5,"_cameraCFrame":[775.159,237.065,45.949,0.278,-0.789,0.548,0,0.57,0.822,-0.961,-0.228,0.158],"_shiftlockState":true,"_pose":"FreeFall","_animationQueue":[],"_animationSpeed":1,"_zoom":8.986},{"_mousePosition":[683,384],"_rootPartCFrame":[769.496,228.623,46.134,0.278,0,0.961,0,1,0,-0.961,0,0.278],"_humanoidState":5,"_cameraCFrame":[774.903,237.506,45.875,0.278,-0.789,0.548,0,0.57,0.822,-0.961,-0.228,0.158],"_shiftlockState":true,"_pose":"FreeFall","_animationQueue":[],"_animationSpeed":1,"_zoom":8.986},{"_mousePosition":[683,384],"_rootPartCFrame":[769.24,229.009,46.059,0.278,0,0.961,0,1,0,-0.961,0,0.278],"_humanoidState":5,"_cameraCFrame":[774.647,237.892,45.801,0.278,-0.789,0.548,0,0.57,0.822,-0.961,-0.228,0.158],"_shiftlockState":true,"_pose":"FreeFall","_animationQueue":[],"_animationSpeed":1,"_zoom":8.986},{"_mousePosition":[683,384],"_rootPartCFrame":[768.984,229.34,45.985,0.278,0,0.961,0,1,0,-0.961,0,0.278],"_humanoidState":5,"_cameraCFrame":[774.391,238.223,45.727,0.278,-0.789,0.548,0,0.57,0.822,-0.961,-0.228,0.158],"_shiftlockState":true,"_pose":"FreeFall","_animationQueue":[],"_animationSpeed":1,"_zoom":8.986},{"_mousePosition":[683,384],"_rootPartCFrame":[768.728,229.617,45.911,0.278,0,0.961,0,1,0,-0.961,0,0.278],"_humanoidState":5,"_cameraCFrame":[774.135,238.5,45.653,0.278,-0.789,0.548,0,0.57,0.822,-0.961,-0.228,0.158],"_shiftlockState":true,"_pose":"FreeFall","_animationQueue":[],"_animationSpeed":1,"_zoom":8.986},{"_mousePosition":[683,384],"_rootPartCFrame":[768.472,229.84,45.837,0.278,0,0.961,0,1,0,-0.961,0,0.278],"_humanoidState":5,"_cameraCFrame":[773.879,238.723,45.579,0.278,-0.789,0.548,0,0.57,0.822,-0.961,-0.228,0.158],"_shiftlockState":true,"_pose":"FreeFall","_animationQueue":[],"_animationSpeed":1,"_zoom":8.986},{"_mousePosition":[683,384],"_rootPartCFrame":[768.216,230.008,45.763,0.278,0,0.961,0,1,0,-0.961,0,0.278],"_humanoidState":5,"_cameraCFrame":[773.681,238.837,45.28,0.234,-0.793,0.563,0,0.579,0.816,-0.972,-0.191,0.136],"_shiftlockState":true,"_pose":"FreeFall","_animationQueue":[],"_animationSpeed":1,"_zoom":8.986},{"_mousePosition":[683,384],"_rootPartCFrame":[767.96,230.122,45.689,0.238,0,0.971,0,1,0,-0.971,0,0.238],"_humanoidState":5,"_cameraCFrame":[773.405,238.95,45.023,0.201,-0.799,0.567,0,0.579,0.816,-0.979,-0.164,0.117],"_shiftlockState":true,"_pose":"FreeFall","_animationQueue":[],"_animationSpeed":1,"_zoom":8.986},{"_mousePosition":[683,384],"_rootPartCFrame":[767.701,230.181,45.625,0.206,0,0.979,0,1,0,-0.979,0,0.206],"_humanoidState":5,"_cameraCFrame":[773.115,239.014,44.776,0.169,-0.804,0.57,0,0.578,0.816,-0.986,-0.138,0.097],"_shiftlockState":true,"_pose":"FreeFall","_animationQueue":[],"_animationSpeed":1,"_zoom":8.986},{"_mousePosition":[683,384],"_rootPartCFrame":[767.44,230.185,45.57,0.173,0,0.985,0,1,0,-0.985,0,0.173],"_humanoidState":5,"_cameraCFrame":[772.807,239.018,44.461,0.121,-0.81,0.574,0,0.578,0.816,-0.993,-0.099,0.07],"_shiftlockState":true,"_pose":"FreeFall","_animationQueue":[],"_animationSpeed":1,"_zoom":8.986},{"_mousePosition":[683,384],"_rootPartCFrame":[767.177,230.135,45.524,0.127,0,0.992,0,1,0,-0.992,0,0.127],"_humanoidState":5,"_cameraCFrame":[772.513,238.947,44.154,0.072,-0.812,0.58,0,0.581,0.814,-0.997,-0.059,0.042],"_shiftlockState":true,"_pose":"FreeFall","_animationQueue":[],"_animationSpeed":1,"_zoom":8.986},{"_mousePosition":[683,384],"_rootPartCFrame":[766.913,230.031,45.49,0.078,0,0.997,0,1,0,-0.997,0,0.078],"_humanoidState":5,"_cameraCFrame":[772.232,238.817,43.932,0.036,-0.81,0.585,0,0.585,0.811,-0.999,-0.029,0.021],"_shiftlockState":true,"_pose":"FreeFall","_animationQueue":[],"_animationSpeed":1,"_zoom":8.986},{"_mousePosition":[683,384],"_rootPartCFrame":[766.647,229.872,45.468,0.042,0,0.999,0,1,0,-0.999,0,0.042],"_humanoidState":5,"_cameraCFrame":[771.963,238.624,43.75,0.006,-0.807,0.59,0,0.59,0.807,-1,-0.005,0.004],"_shiftlockState":true,"_pose":"FreeFall","_animationQueue":[],"_animationSpeed":1,"_zoom":8.986},{"_mousePosition":[683,384],"_rootPartCFrame":[766.381,229.658,45.457,0.01,0,1,0,1,0,-1,0,0.01],"_humanoidState":5,"_cameraCFrame":[771.715,238.337,43.503,-0.038,-0.798,0.601,0,0.601,0.799,-0.999,0.03,-0.023],"_shiftlockState":true,"_pose":"FreeFall","_animationQueue":[["fall",0.3]],"_animationSpeed":1,"_zoom":8.986},{"_mousePosition":[683,384],"_rootPartCFrame":[766.048,229.315,45.454,-0.031,0,1,0,1,0,-1,0,-0.031],"_humanoidState":5,"_cameraCFrame":[771.408,237.95,43.414,-0.054,-0.793,0.607,0,0.608,0.794,-0.999,0.043,-0.033],"_shiftlockState":true,"_pose":"FreeFall","_animationQueue":[],"_animationSpeed":1,"_zoom":8.986},{"_mousePosition":[683,384],"_rootPartCFrame":[765.848,229.068,45.46,-0.051,0,0.999,0,1,0,-0.999,0,-0.051],"_humanoidState":5,"_cameraCFrame":[771.28,237.632,43.363,-0.063,-0.785,0.617,0,0.618,0.786,-0.998,0.05,-0.039],"_shiftlockState":true,"_pose":"FreeFall","_animationQueue":[],"_animationSpeed":1,"_zoom":8.986},{"_mousePosition":[683,384],"_rootPartCFrame":[765.581,228.691,45.474,-0.061,0,0.998,0,1,0,-0.998,0,-0.061],"_humanoidState":5,"_cameraCFrame":[771.123,237.169,43.376,-0.062,-0.775,0.629,0,0.63,0.777,-0.998,0.048,-0.039],"_shiftlockState":true,"_pose":"FreeFall","_animationQueue":[],"_animationSpeed":1,"_zoom":8.986},{"_mousePosition":[683,384],"_rootPartCFrame":[765.182,228.023,45.498,-0.062,0,0.998,0,1,0,-0.998,0,-0.062],"_humanoidState":5,"_cameraCFrame":[770.754,236.479,43.405,-0.061,-0.773,0.632,0,0.633,0.774,-0.998,0.047,-0.039],"_shiftlockState":true,"_pose":"FreeFall","_animationQueue":[],"_animationSpeed":1,"_zoom":8.986},{"_mousePosition":[683,384],"_rootPartCFrame":[765.049,227.773,45.507,-0.061,0,0.998,0,1,0,-0.998,0,-0.061],"_humanoidState":5,"_cameraCFrame":[770.621,236.229,43.413,-0.061,-0.773,0.632,0,0.633,0.774,-0.998,0.047,-0.039],"_shiftlockState":true,"_pose":"FreeFall","_animationQueue":[],"_animationSpeed":1,"_zoom":8.986},{"_mousePosition":[683,384],"_rootPartCFrame":[764.783,227.233,45.523,-0.061,0,0.998,0,1,0,-0.998,0,-0.061],"_humanoidState":5,"_cameraCFrame":[770.355,235.688,43.429,-0.061,-0.773,0.632,0,0.633,0.774,-0.998,0.047,-0.039],"_shiftlockState":true,"_pose":"FreeFall","_animationQueue":[],"_animationSpeed":1,"_zoom":8.986},{"_mousePosition":[683,384],"_rootPartCFrame":[764.517,226.638,45.539,-0.061,0,0.998,0,1,0,-0.998,0,-0.061],"_humanoidState":5,"_cameraCFrame":[770.089,235.093,43.446,-0.061,-0.773,0.632,0,0.633,0.774,-0.998,0.047,-0.039],"_shiftlockState":true,"_pose":"FreeFall","_animationQueue":[["fall",0.3]],"_animationSpeed":1,"_zoom":8.986},{"_mousePosition":[683,384],"_rootPartCFrame":[764.251,225.988,45.556,-0.061,0,0.998,0,1,0,-0.998,0,-0.061],"_humanoidState":5,"_cameraCFrame":[769.823,234.444,43.462,-0.061,-0.773,0.632,0,0.633,0.774,-0.998,0.047,-0.039],"_shiftlockState":true,"_pose":"FreeFall","_animationQueue":[],"_animationSpeed":1,"_zoom":8.986},{"_mousePosition":[683,384],"_rootPartCFrame":[764.063,225.297,45.583,-0.01,0,1,0.006,1,0,-1,0.006,-0.01],"_humanoidState":5,"_cameraCFrame":[769.907,233.642,43.914,0.012,-0.762,0.648,0,0.648,0.762,-1,-0.009,0.008],"_shiftlockState":true,"_pose":"FreeFall","_animationQueue":[],"_animationSpeed":1,"_zoom":8.986},{"_mousePosition":[683,384],"_rootPartCFrame":[764.103,224.611,45.604,0.018,0.001,1,0.003,1,-0.001,-1,0.003,0.018],"_humanoidState":5,"_cameraCFrame":[770.5,232.661,45.73,0.292,-0.697,0.655,0,0.685,0.729,-0.956,-0.213,0.2],"_shiftlockState":true,"_pose":"FreeFall","_animationQueue":[],"_animationSpeed":1,"_zoom":8.986},{"_mousePosition":[683,384],"_rootPartCFrame":[764.267,223.897,45.607,0.246,0.006,0.969,-0.008,1,-0.004,-0.969,-0.007,0.246],"_humanoidState":7,"_cameraCFrame":[770,231.926,48.497,0.678,-0.534,0.505,0,0.687,0.727,-0.735,-0.493,0.466],"_shiftlockState":true,"_pose":"FreeFall","_animationQueue":[["walk",0.1],["fall",0.3],["fall",0.3]],"_animationSpeed":1,"_zoom":8.986},{"_mousePosition":[683,384],"_rootPartCFrame":[764.61,224.157,45.6,0.652,0.066,0.756,-0.107,0.994,0.006,-0.751,-0.085,0.655],"_humanoidState":7,"_cameraCFrame":[769.482,232.516,49.197,0.817,-0.441,0.372,0,0.645,0.764,-0.577,-0.624,0.527],"_shiftlockState":true,"_pose":"FreeFall","_animationQueue":[],"_animationSpeed":1,"_zoom":8.986},{"_mousePosition":[683,384],"_rootPartCFrame":[764.648,224.214,45.609,0.818,0.026,0.575,-0.033,0.999,0.002,-0.575,-0.021,0.818],"_humanoidState":8,"_cameraCFrame":[769.169,233.423,47.646,0.714,-0.601,0.36,0,0.514,0.858,-0.701,-0.612,0.367],"_shiftlockState":true,"_pose":"Running","_animationQueue":[["fall",0.3],["walk",0.1],["fall",0.3],["walk",0.1]],"_animationSpeed":0.082,"_zoom":8.986},{"_mousePosition":[683,384],"_rootPartCFrame":[764.648,225.097,45.61,0.714,-0.035,0.699,0.039,0.999,0.01,-0.699,0.02,0.715],"_humanoidState":3,"_cameraCFrame":[768.836,234.668,46.465,0.572,-0.737,0.36,0,0.439,0.898,-0.82,-0.514,0.251],"_shiftlockState":true,"_pose":"Jumping","_animationQueue":[["walk",0.1],["jump",0.1]],"_animationSpeed":1,"_zoom":8.986},{"_mousePosition":[683,384],"_rootPartCFrame":[764.652,225.947,45.606,0.572,-0.028,0.82,0.036,0.999,0.01,-0.82,0.024,0.573],"_humanoidState":5,"_cameraCFrame":[769.044,235.447,46.009,0.468,-0.787,0.402,0,0.455,0.89,-0.884,-0.416,0.213],"_shiftlockState":true,"_pose":"FreeFall","_animationQueue":[["jump",0.1]],"_animationSpeed":1,"_zoom":8.986},{"_mousePosition":[683,384],"_rootPartCFrame":[764.657,226.743,45.602,0.468,-0.008,0.884,0.013,1,0.003,-0.884,0.01,0.468],"_humanoidState":5,"_cameraCFrame":[769.259,236.145,45.369,0.329,-0.831,0.45,0,0.476,0.879,-0.944,-0.289,0.156],"_shiftlockState":true,"_pose":"FreeFall","_animationQueue":[],"_animationSpeed":1,"_zoom":8.986},{"_mousePosition":[683,384],"_rootPartCFrame":[764.658,227.483,45.599,0.329,0,0.944,0.002,1,0,-0.944,0.002,0.329],"_humanoidState":5,"_cameraCFrame":[769.444,236.769,45.072,0.259,-0.837,0.482,0,0.499,0.866,-0.966,-0.224,0.129],"_shiftlockState":true,"_pose":"FreeFall","_animationQueue":[],"_animationSpeed":1,"_zoom":8.986},{"_mousePosition":[683,384],"_rootPartCFrame":[764.659,228.17,45.598,0.259,0.001,0.966,0,1,-0.001,-0.966,0,0.259],"_humanoidState":5,"_cameraCFrame":[769.566,237.371,44.945,0.227,-0.835,0.502,0,0.515,0.857,-0.974,-0.195,0.117],"_shiftlockState":true,"_pose":"FreeFall","_animationQueue":[],"_animationSpeed":1,"_zoom":8.986},{"_mousePosition":[683,384],"_rootPartCFrame":[764.635,228.801,45.592,0.23,0,0.973,0,1,0,-0.973,0,0.23],"_humanoidState":5,"_cameraCFrame":[769.611,237.958,44.934,0.223,-0.831,0.51,0,0.523,0.852,-0.975,-0.19,0.117],"_shiftlockState":true,"_pose":"FreeFall","_animationQueue":[],"_animationSpeed":1,"_zoom":8.986},{"_mousePosition":[683,384],"_rootPartCFrame":[764.572,229.378,45.576,0.225,0,0.974,0,1,0,-0.974,0,0.225],"_humanoidState":5,"_cameraCFrame":[769.687,238.446,44.961,0.225,-0.821,0.525,0,0.539,0.842,-0.974,-0.19,0.121],"_shiftlockState":true,"_pose":"FreeFall","_animationQueue":[],"_animationSpeed":1,"_zoom":8.986},{"_mousePosition":[683,384],"_rootPartCFrame":[764.471,229.901,45.552,0.225,0,0.974,0,1,0,-0.974,0,0.225],"_humanoidState":5,"_cameraCFrame":[769.729,238.874,44.986,0.228,-0.81,0.541,0,0.555,0.832,-0.974,-0.19,0.127],"_shiftlockState":true,"_pose":"FreeFall","_animationQueue":[],"_animationSpeed":1,"_zoom":8.986},{"_mousePosition":[683,384],"_rootPartCFrame":[764.33,230.369,45.519,0.228,0,0.974,0,1,0,-0.974,0,0.228],"_humanoidState":5,"_cameraCFrame":[769.677,239.281,44.979,0.229,-0.803,0.55,0,0.565,0.825,-0.973,-0.189,0.13],"_shiftlockState":true,"_pose":"FreeFall","_animationQueue":[],"_animationSpeed":1,"_zoom":8.986},{"_mousePosition":[683,384],"_rootPartCFrame":[764.152,230.783,45.477,0.229,0,0.973,0,1,0,-0.973,0,0.229],"_humanoidState":5,"_cameraCFrame":[769.504,239.691,44.939,0.229,-0.802,0.551,0,0.566,0.824,-0.973,-0.189,0.13],"_shiftlockState":true,"_pose":"FreeFall","_animationQueue":[],"_animationSpeed":1,"_zoom":8.986},{"_mousePosition":[683,384],"_rootPartCFrame":[764.047,231.119,45.452,0.224,0,0.975,0.001,1,-0.001,-0.975,0.001,0.224],"_humanoidState":5,"_cameraCFrame":[769.4,240.027,44.915,0.229,-0.802,0.551,0,0.566,0.824,-0.973,-0.189,0.13],"_shiftlockState":true,"_pose":"FreeFall","_animationQueue":[],"_animationSpeed":1,"_zoom":8.986},{"_mousePosition":[683,384],"_rootPartCFrame":[764.133,231.33,45.47,0.222,0,0.975,0.001,1,0,-0.975,0.001,0.222],"_humanoidState":5,"_cameraCFrame":[769.485,240.238,44.933,0.229,-0.802,0.551,0,0.566,0.824,-0.973,-0.189,0.13],"_shiftlockState":true,"_pose":"FreeFall","_animationQueue":[],"_animationSpeed":1,"_zoom":8.986},{"_mousePosition":[683,384],"_rootPartCFrame":[764.18,231.487,45.479,0.228,0,0.974,0,1,0,-0.974,0,0.228],"_humanoidState":5,"_cameraCFrame":[769.573,240.374,45.072,0.251,-0.796,0.551,0,0.569,0.822,-0.968,-0.207,0.143],"_shiftlockState":true,"_pose":"FreeFall","_animationQueue":[],"_animationSpeed":1,"_zoom":8.986},{"_mousePosition":[683,384],"_rootPartCFrame":[764.189,231.589,45.479,0.249,0,0.968,0,1,0,-0.968,0,0.249],"_humanoidState":5,"_cameraCFrame":[769.736,240.359,45.917,0.388,-0.746,0.542,0,0.588,0.809,-0.922,-0.314,0.228],"_shiftlockState":true,"_pose":"FreeFall","_animationQueue":[],"_animationSpeed":1,"_zoom":8.986},{"_mousePosition":[683,384],"_rootPartCFrame":[764.159,231.637,45.47,0.375,0,0.927,0,1,0,-0.927,0,0.375],"_humanoidState":5,"_cameraCFrame":[769.339,240.359,47.664,0.657,-0.606,0.448,0,0.595,0.804,-0.754,-0.528,0.391],"_shiftlockState":true,"_pose":"FreeFall","_animationQueue":[],"_animationSpeed":1,"_zoom":8.986},{"_mousePosition":[683,384],"_rootPartCFrame":[764.201,231.629,45.401,0.63,0,0.777,0,1,0,-0.777,0,0.63],"_humanoidState":5,"_cameraCFrame":[768.287,240.566,48.838,0.859,-0.424,0.287,0,0.561,0.828,-0.512,-0.711,0.482],"_shiftlockState":true,"_pose":"FreeFall","_animationQueue":[],"_animationSpeed":1,"_zoom":8.986},{"_mousePosition":[683,384],"_rootPartCFrame":[764.329,231.862,45.43,0.823,-0.004,0.568,0.004,1,0,-0.568,0.002,0.823],"_humanoidState":7,"_cameraCFrame":[767.861,241.23,48.499,0.89,-0.399,0.22,0,0.483,0.876,-0.456,-0.779,0.43],"_shiftlockState":true,"_pose":"FreeFall","_animationQueue":[["walk",0.1]],"_animationSpeed":0.44,"_zoom":8.986},{"_mousePosition":[683,384],"_rootPartCFrame":[764.464,232.086,45.388,0.852,-0.007,0.524,0.01,1,-0.003,-0.524,0.008,0.852],"_humanoidState":7,"_cameraCFrame":[767.976,241.757,47.552,0.834,-0.502,0.23,0,0.416,0.909,-0.552,-0.758,0.347],"_shiftlockState":true,"_pose":"FreeFall","_animationQueue":[],"_animationSpeed":0.44,"_zoom":8.986},{"_mousePosition":[683,384],"_rootPartCFrame":[764.557,232.239,45.276,0.814,-0.004,0.58,0.005,1,-0.001,-0.58,0.004,0.814],"_humanoidState":8,"_cameraCFrame":[768.206,241.989,46.825,0.755,-0.602,0.26,0,0.396,0.918,-0.655,-0.694,0.299],"_shiftlockState":true,"_pose":"Running","_animationQueue":[["fall",0.3],["walk",0.1],["fall",0.3],["walk",0.1]],"_animationSpeed":0.705,"_zoom":8.986},{"_mousePosition":[683,384],"_rootPartCFrame":[764.628,232.335,45.201,0.751,-0.001,0.66,0,1,0.001,-0.66,-0.001,0.751],"_humanoidState":8,"_cameraCFrame":[768.334,242.109,46.473,0.713,-0.646,0.274,0,0.39,0.921,-0.701,-0.656,0.278],"_shiftlockState":true,"_pose":"Running","_animationQueue":[["walk",0.1]],"_animationSpeed":0.532,"_zoom":8.986},{"_mousePosition":[683,384],"_rootPartCFrame":[764.688,233.219,45.139,0.711,0.001,0.703,-0.003,1,0.001,-0.703,-0.003,0.711],"_humanoidState":3,"_cameraCFrame":[768.496,242.978,46.19,0.667,-0.685,0.294,0,0.394,0.919,-0.745,-0.613,0.263],"_shiftlockState":true,"_pose":"Jumping","_animationQueue":[["walk",0.1],["jump",0.1]],"_animationSpeed":1,"_zoom":8.986},{"_mousePosition":[683,384],"_rootPartCFrame":[764.766,234.068,45.06,0.614,0.001,0.789,-0.002,1,0.001,-0.789,-0.002,0.614],"_humanoidState":5,"_cameraCFrame":[768.733,243.794,45.703,0.575,-0.749,0.329,0,0.403,0.915,-0.818,-0.526,0.231],"_shiftlockState":true,"_pose":"FreeFall","_animationQueue":[["jump",0.1]],"_animationSpeed":1,"_zoom":8.986},{"_mousePosition":[683,384],"_rootPartCFrame":[764.824,234.669,44.981,0.642,0,0.767,-0.001,1,0,-0.767,-0.001,0.642],"_humanoidState":5,"_cameraCFrame":[768.793,244.404,45.481,0.547,-0.767,0.335,0,0.4,0.916,-0.837,-0.501,0.219],"_shiftlockState":true,"_pose":"FreeFall","_animationQueue":[],"_animationSpeed":1,"_zoom":8.986},{"_mousePosition":[683,384],"_rootPartCFrame":[764.855,235.053,44.918,0.592,0,0.806,0,1,0,-0.806,0,0.592],"_humanoidState":5,"_cameraCFrame":[768.822,244.799,45.193,0.501,-0.794,0.344,0,0.397,0.918,-0.865,-0.46,0.199],"_shiftlockState":true,"_pose":"FreeFall","_animationQueue":[],"_animationSpeed":1,"_zoom":8.986},{"_mousePosition":[683,384],"_rootPartCFrame":[764.904,235.953,44.728,0.617,0,0.787,0,1,0,-0.787,0,0.617],"_humanoidState":5,"_cameraCFrame":[768.863,245.707,44.771,0.452,-0.82,0.353,0,0.395,0.919,-0.892,-0.415,0.178],"_shiftlockState":true,"_pose":"FreeFall","_animationQueue":[["fall",0.3]],"_animationSpeed":1,"_zoom":8.986},{"_mousePosition":[683,384],"_rootPartCFrame":[764.913,236.611,44.544,0.549,0,0.836,0,1,0,-0.836,0,0.549],"_humanoidState":5,"_cameraCFrame":[768.861,246.369,44.352,0.399,-0.843,0.362,0,0.394,0.919,-0.917,-0.366,0.157],"_shiftlockState":true,"_pose":"FreeFall","_animationQueue":[],"_animationSpeed":1,"_zoom":8.986},{"_mousePosition":[683,384],"_rootPartCFrame":[764.891,237.215,44.335,0.499,0,0.867,0,1,0,-0.867,0,0.499],"_humanoidState":5,"_cameraCFrame":[768.822,246.973,43.924,0.347,-0.862,0.37,0,0.394,0.919,-0.938,-0.319,0.137],"_shiftlockState":true,"_pose":"FreeFall","_animationQueue":[],"_animationSpeed":1,"_zoom":8.986},{"_mousePosition":[683,384],"_rootPartCFrame":[764.834,237.765,44.106,0.45,0,0.893,0,1,0,-0.893,0,0.45],"_humanoidState":5,"_cameraCFrame":[768.745,247.519,43.488,0.296,-0.877,0.377,0,0.395,0.919,-0.955,-0.272,0.117],"_shiftlockState":true,"_pose":"FreeFall","_animationQueue":[],"_animationSpeed":1,"_zoom":8.986},{"_mousePosition":[683,384],"_rootPartCFrame":[764.74,238.26,43.867,0.401,0,0.916,0,1,0,-0.916,0,0.401],"_humanoidState":5,"_cameraCFrame":[768.626,248.012,43.079,0.254,-0.888,0.383,0,0.396,0.918,-0.967,-0.233,0.101],"_shiftlockState":true,"_pose":"FreeFall","_animationQueue":[],"_animationSpeed":1,"_zoom":8.986},{"_mousePosition":[683,384],"_rootPartCFrame":[764.619,238.7,43.63,0.36,0,0.933,0,1,0,-0.933,0,0.36],"_humanoidState":5,"_cameraCFrame":[768.478,248.446,42.671,0.21,-0.897,0.388,0,0.397,0.918,-0.978,-0.193,0.084],"_shiftlockState":true,"_pose":"FreeFall","_animationQueue":[],"_animationSpeed":1,"_zoom":8.986},{"_mousePosition":[683,384],"_rootPartCFrame":[764.487,239.086,43.399,0.317,0,0.948,0,1,0,-0.948,0,0.317],"_humanoidState":5,"_cameraCFrame":[768.321,248.821,42.259,0.163,-0.904,0.395,0,0.4,0.916,-0.987,-0.149,0.065],"_shiftlockState":true,"_pose":"FreeFall","_animationQueue":[["fall",0.3]],"_animationSpeed":1,"_zoom":8.986},{"_mousePosition":[683,384],"_rootPartCFrame":[764.343,239.418,43.174,0.271,0,0.962,0,1,0,-0.962,0,0.271],"_humanoidState":5,"_cameraCFrame":[768.161,249.138,41.883,0.123,-0.908,0.401,0,0.404,0.915,-0.992,-0.112,0.05],"_shiftlockState":true,"_pose":"FreeFall","_animationQueue":[],"_animationSpeed":1,"_zoom":8.986},{"_mousePosition":[683,384],"_rootPartCFrame":[764.238,239.689,42.957,0.199,0.023,0.98,0.003,1,-0.024,-0.98,0.007,0.199],"_humanoidState":5,"_cameraCFrame":[768.047,249.403,41.523,0.082,-0.911,0.404,0,0.406,0.914,-0.997,-0.075,0.033],"_shiftlockState":true,"_pose":"FreeFall","_animationQueue":[],"_animationSpeed":1,"_zoom":8.986},{"_mousePosition":[683,384],"_rootPartCFrame":[764.207,239.889,42.736,0.151,0.033,0.988,0.004,0.999,-0.034,-0.988,0.009,0.151],"_humanoidState":5,"_cameraCFrame":[767.992,249.6,41.192,0.052,-0.913,0.406,0,0.406,0.914,-0.999,-0.047,0.021],"_shiftlockState":true,"_pose":"FreeFall","_animationQueue":[],"_animationSpeed":1,"_zoom":8.986},{"_mousePosition":[683,384],"_rootPartCFrame":[764.177,240.032,42.518,0.122,0.02,0.992,0.002,1,-0.02,-0.993,0.005,0.122],"_humanoidState":5,"_cameraCFrame":[767.926,249.742,40.928,0.041,-0.913,0.406,0,0.406,0.914,-0.999,-0.038,0.017],"_shiftlockState":true,"_pose":"FreeFall","_animationQueue":[],"_animationSpeed":1,"_zoom":8.986},{"_mousePosition":[683,384],"_rootPartCFrame":[764.212,240.109,42.301,0.106,0.012,0.994,0.002,1,-0.013,-0.994,0.004,0.106],"_humanoidState":5,"_cameraCFrame":[767.991,249.811,40.761,0.055,-0.911,0.408,0,0.408,0.913,-0.998,-0.05,0.022],"_shiftlockState":true,"_pose":"FreeFall","_animationQueue":[],"_animationSpeed":1,"_zoom":8.986},{"_mousePosition":[683,384],"_rootPartCFrame":[764.207,240.132,42.088,0.153,0.004,0.988,0,1,-0.004,-0.988,0.001,0.153],"_humanoidState":5,"_cameraCFrame":[768.191,249.79,40.889,0.141,-0.899,0.415,0,0.419,0.908,-0.99,-0.128,0.059],"_shiftlockState":true,"_pose":"FreeFall","_animationQueue":[],"_animationSpeed":1,"_zoom":8.986},{"_mousePosition":[683,384],"_rootPartCFrame":[764.246,240.102,41.87,0.209,0.017,0.978,0,1,-0.018,-0.978,0.004,0.209],"_humanoidState":5,"_cameraCFrame":[768.536,249.697,41.584,0.346,-0.845,0.407,0,0.434,0.901,-0.938,-0.312,0.15],"_shiftlockState":true,"_pose":"FreeFall","_animationQueue":[["fall",0.3]],"_animationSpeed":1,"_zoom":8.986},{"_mousePosition":[683,384],"_rootPartCFrame":[764.279,240.016,41.639,0.416,0.009,0.909,-0.001,1,-0.01,-0.909,0.003,0.416],"_humanoidState":5,"_cameraCFrame":[768.458,249.612,42.607,0.604,-0.718,0.346,0,0.434,0.901,-0.797,-0.544,0.262],"_shiftlockState":true,"_pose":"FreeFall","_animationQueue":[],"_animationSpeed":1,"_zoom":8.986},{"_mousePosition":[683,384],"_rootPartCFrame":[764.36,239.876,41.393,0.631,-0.002,0.776,0.001,1,0.002,-0.776,-0.001,0.631],"_humanoidState":7,"_cameraCFrame":[768.068,249.599,42.947,0.749,-0.606,0.267,0,0.403,0.915,-0.663,-0.685,0.302],"_shiftlockState":true,"_pose":"FreeFall","_animationQueue":[["walk",0.1],["fall",0.3],["fall",0.3]],"_animationSpeed":1,"_zoom":8.986},{"_mousePosition":[683,384],"_rootPartCFrame":[764.512,240.091,41.176,0.758,-0.003,0.652,0.001,1,0.004,-0.652,-0.002,0.758],"_humanoidState":7,"_cameraCFrame":[767.789,250,42.698,0.807,-0.552,0.208,0,0.353,0.936,-0.59,-0.756,0.285],"_shiftlockState":true,"_pose":"FreeFall","_animationQueue":[],"_animationSpeed":1,"_zoom":8.986},{"_mousePosition":[683,384],"_rootPartCFrame":[764.658,240.346,40.983,0.81,-0.001,0.587,0,1,0.001,-0.587,-0.001,0.81],"_humanoidState":8,"_cameraCFrame":[767.767,250.371,42.188,0.797,-0.573,0.191,0,0.316,0.949,-0.604,-0.756,0.252],"_shiftlockState":true,"_pose":"Running","_animationQueue":[["walk",0.1],["fall",0.3],["walk",0.1]],"_animationSpeed":1.103,"_zoom":8.986},{"_mousePosition":[683,384],"_rootPartCFrame":[764.794,241.229,40.802,0.798,0.001,0.603,0,1,-0.002,-0.603,0.001,0.798],"_humanoidState":3,"_cameraCFrame":[767.911,251.299,41.62,0.739,-0.643,0.203,0,0.301,0.954,-0.674,-0.704,0.222],"_shiftlockState":true,"_pose":"Jumping","_animationQueue":[["walk",0.1],["jump",0.1]],"_animationSpeed":1,"_zoom":8.986},{"_mousePosition":[683,384],"_rootPartCFrame":[764.954,242.078,40.627,0.798,0.001,0.603,0,1,-0.001,-0.603,0.001,0.798],"_humanoidState":5,"_cameraCFrame":[768.086,252.178,40.857,0.617,-0.753,0.228,0,0.29,0.957,-0.787,-0.59,0.179],"_shiftlockState":true,"_pose":"FreeFall","_animationQueue":[["jump",0.1]],"_animationSpeed":1,"_zoom":8.986},{"_mousePosition":[683,384],"_rootPartCFrame":[765.111,242.873,40.474,0.645,0.001,0.764,0,1,0,-0.764,0,0.645],"_humanoidState":5,"_cameraCFrame":[768.207,252.977,40.028,0.436,-0.862,0.26,0,0.288,0.958,-0.9,-0.417,0.126],"_shiftlockState":true,"_pose":"FreeFall","_animationQueue":[],"_animationSpeed":1,"_zoom":8.986},{"_mousePosition":[683,384],"_rootPartCFrame":[765.239,243.613,40.348,0.439,0,0.898,0,1,0,-0.898,0,0.439],"_humanoidState":5,"_cameraCFrame":[768.244,253.69,39.242,0.224,-0.93,0.291,0,0.298,0.954,-0.975,-0.214,0.067],"_shiftlockState":true,"_pose":"FreeFall","_animationQueue":[],"_animationSpeed":1,"_zoom":8.986},{"_mousePosition":[683,384],"_rootPartCFrame":[765.332,244.299,40.232,0.244,0,0.97,0,1,0,-0.97,0,0.244],"_humanoidState":5,"_cameraCFrame":[768.216,254.331,38.591,0.038,-0.949,0.314,0,0.314,0.95,-0.999,-0.036,0.012],"_shiftlockState":true,"_pose":"FreeFall","_animationQueue":[],"_animationSpeed":1,"_zoom":8.986},{"_mousePosition":[683,384],"_rootPartCFrame":[765.386,244.93,40.121,0.064,0,0.998,0,1,0,-0.998,0,0.064],"_humanoidState":5,"_cameraCFrame":[768.168,254.897,38.026,-0.119,-0.936,0.333,0,0.335,0.942,-0.993,0.112,-0.04],"_shiftlockState":true,"_pose":"FreeFall","_animationQueue":[],"_animationSpeed":1,"_zoom":8.986},{"_mousePosition":[683,384],"_rootPartCFrame":[765.401,245.507,40.019,-0.097,0,0.995,0,1,0,-0.995,0,-0.097],"_humanoidState":5,"_cameraCFrame":[768.149,255.361,37.476,-0.257,-0.898,0.356,0,0.368,0.93,-0.966,0.239,-0.095],"_shiftlockState":true,"_pose":"FreeFall","_animationQueue":[],"_animationSpeed":1,"_zoom":8.986},{"_mousePosition":[683,384],"_rootPartCFrame":[765.38,246.029,39.933,-0.238,0,0.971,0,1,0,-0.971,0,-0.238],"_humanoidState":5,"_cameraCFrame":[768.146,255.792,37.126,-0.326,-0.869,0.371,0,0.393,0.92,-0.945,0.3,-0.128],"_shiftlockState":true,"_pose":"FreeFall","_animationQueue":[],"_animationSpeed":1,"_zoom":8.986},{"_mousePosition":[683,384],"_rootPartCFrame":[765.324,246.497,39.867,-0.315,0,0.949,0,1,0,-0.949,0,-0.315],"_humanoidState":5,"_cameraCFrame":[768.141,256.237,37.043,-0.326,-0.867,0.377,0,0.399,0.917,-0.945,0.299,-0.13],"_shiftlockState":true,"_pose":"FreeFall","_animationQueue":[],"_animationSpeed":1,"_zoom":8.986},{"_mousePosition":[683,384],"_rootPartCFrame":[765.237,246.91,39.825,-0.323,0,0.946,0,1,0,-0.946,0,-0.323],"_humanoidState":5,"_cameraCFrame":[768.053,256.651,37.001,-0.326,-0.867,0.377,0,0.399,0.917,-0.945,0.299,-0.13],"_shiftlockState":true,"_pose":"FreeFall","_animationQueue":[],"_animationSpeed":1,"_zoom":8.986},{"_mousePosition":[683,384],"_rootPartCFrame":[765.118,247.269,39.807,-0.326,0,0.945,0,1,0,-0.945,0,-0.326],"_humanoidState":5,"_cameraCFrame":[767.935,257.009,36.983,-0.326,-0.867,0.377,0,0.399,0.917,-0.945,0.299,-0.13],"_shiftlockState":true,"_pose":"FreeFall","_animationQueue":[],"_animationSpeed":1,"_zoom":8.986},{"_mousePosition":[683,384],"_rootPartCFrame":[765.009,247.502,39.81,-0.326,0,0.945,0,1,0,-0.945,0,-0.326],"_humanoidState":5,"_cameraCFrame":[767.825,257.243,36.986,-0.326,-0.867,0.377,0,0.399,0.917,-0.945,0.299,-0.13],"_shiftlockState":true,"_pose":"FreeFall","_animationQueue":[],"_animationSpeed":1,"_zoom":8.986},{"_mousePosition":[683,384],"_rootPartCFrame":[764.787,247.823,39.845,-0.326,0,0.945,0,1,0,-0.945,0,-0.326],"_humanoidState":5,"_cameraCFrame":[767.604,257.563,37.021,-0.326,-0.867,0.377,0,0.399,0.917,-0.945,0.299,-0.13],"_shiftlockState":true,"_pose":"FreeFall","_animationQueue":[],"_animationSpeed":1,"_zoom":8.986},{"_mousePosition":[683,384],"_rootPartCFrame":[764.575,248.018,39.901,-0.326,0,0.945,0,1,0,-0.945,0,-0.326],"_humanoidState":5,"_cameraCFrame":[767.391,257.759,37.077,-0.326,-0.867,0.377,0,0.399,0.917,-0.945,0.299,-0.13],"_shiftlockState":true,"_pose":"FreeFall","_animationQueue":[],"_animationSpeed":1,"_zoom":8.986},{"_mousePosition":[683,384],"_rootPartCFrame":[764.395,248.129,39.959,-0.326,0,0.945,0,1,0,-0.945,0,-0.326],"_humanoidState":5,"_cameraCFrame":[767.212,257.869,37.135,-0.326,-0.867,0.377,0,0.399,0.917,-0.945,0.299,-0.13],"_shiftlockState":true,"_pose":"FreeFall","_animationQueue":[],"_animationSpeed":1,"_zoom":8.986},{"_mousePosition":[683,384],"_rootPartCFrame":[764.081,248.245,40.067,-0.326,0,0.945,0,1,0,-0.945,0,-0.326],"_humanoidState":5,"_cameraCFrame":[766.897,257.986,37.243,-0.326,-0.867,0.377,0,0.399,0.917,-0.945,0.299,-0.13],"_shiftlockState":true,"_pose":"FreeFall","_animationQueue":[],"_animationSpeed":1,"_zoom":8.986},{"_mousePosition":[683,384],"_rootPartCFrame":[763.829,248.277,40.154,-0.326,0,0.945,0,1,0,-0.945,0,-0.326],"_humanoidState":5,"_cameraCFrame":[766.569,258.04,37.323,-0.335,-0.866,0.37,0,0.393,0.92,-0.942,0.308,-0.132],"_shiftlockState":true,"_pose":"FreeFall","_animationQueue":[["jump",0.1]],"_animationSpeed":1,"_zoom":8.986},{"_mousePosition":[683,384],"_rootPartCFrame":[763.64,248.265,40.219,-0.334,0,0.942,0,1,0,-0.942,0,-0.334],"_humanoidState":5,"_cameraCFrame":[766.304,258.048,37.373,-0.346,-0.865,0.364,0,0.388,0.922,-0.938,0.319,-0.134],"_shiftlockState":true,"_pose":"FreeFall","_animationQueue":[["fall",0.3]],"_animationSpeed":1,"_zoom":8.986},{"_mousePosition":[683,384],"_rootPartCFrame":[763.451,248.189,40.286,-0.345,0,0.938,0,1,0,-0.938,0,-0.345],"_humanoidState":7,"_cameraCFrame":[766.014,258,37.427,-0.358,-0.863,0.355,0,0.38,0.925,-0.934,0.332,-0.136],"_shiftlockState":true,"_pose":"FreeFall","_animationQueue":[["walk",0.1],["fall",0.3],["fall",0.3]],"_animationSpeed":1,"_zoom":8.986},{"_mousePosition":[683,384],"_rootPartCFrame":[763.201,248.036,40.378,-0.358,0,0.934,0,1,0,-0.934,0,-0.358],"_humanoidState":7,"_cameraCFrame":[765.643,257.88,37.509,-0.373,-0.861,0.344,0,0.371,0.929,-0.928,0.346,-0.139],"_shiftlockState":true,"_pose":"FreeFall","_animationQueue":[],"_animationSpeed":1,"_zoom":8.986},{"_mousePosition":[683,384],"_rootPartCFrame":[762.952,247.828,40.473,-0.373,0,0.928,0,1,0,-0.928,0,-0.373],"_humanoidState":7,"_cameraCFrame":[765.29,257.698,37.595,-0.387,-0.859,0.335,0,0.364,0.931,-0.922,0.36,-0.141],"_shiftlockState":true,"_pose":"FreeFall","_animationQueue":[],"_animationSpeed":1,"_zoom":8.986},{"_mousePosition":[683,384],"_rootPartCFrame":[762.642,247.604,40.597,-0.387,0,0.922,0,1,0,-0.922,0,-0.387],"_humanoidState":8,"_cameraCFrame":[764.873,257.503,37.717,-0.399,-0.857,0.326,0,0.355,0.935,-0.917,0.373,-0.142],"_shiftlockState":true,"_pose":"Running","_animationQueue":[["walk",0.1],["fall",0.3],["walk",0.1]],"_animationSpeed":1.103,"_zoom":8.986},{"_mousePosition":[683,384],"_rootPartCFrame":[762.458,247.612,40.673,-0.399,0,0.917,0,1,0,-0.917,0,-0.399],"_humanoidState":8,"_cameraCFrame":[764.55,257.544,37.787,-0.417,-0.853,0.314,0,0.346,0.938,-0.909,0.392,-0.144],"_shiftlockState":true,"_pose":"Running","_animationQueue":[],"_animationSpeed":1.103,"_zoom":8.986},{"_mousePosition":[683,384],"_rootPartCFrame":[762.091,247.658,40.832,-0.417,0,0.909,0,1,0,-0.909,0,-0.417],"_humanoidState":8,"_cameraCFrame":[764.055,257.618,37.935,-0.436,-0.847,0.304,0,0.337,0.941,-0.9,0.411,-0.147],"_shiftlockState":true,"_pose":"Running","_animationQueue":[],"_animationSpeed":1.103,"_zoom":8.986},{"_mousePosition":[683,384],"_rootPartCFrame":[761.909,247.809,40.915,-0.436,0,0.9,0,1,0,-0.9,0,-0.436],"_humanoidState":8,"_cameraCFrame":[763.668,257.799,37.979,-0.474,-0.832,0.288,0,0.327,0.945,-0.88,0.448,-0.155],"_shiftlockState":true,"_pose":"Running","_animationQueue":[["walk",0.1]],"_animationSpeed":1.103,"_zoom":8.986},{"_mousePosition":[683,384],"_rootPartCFrame":[761.668,248.02,41.031,-0.474,0,0.88,0,1,0,-0.88,0,-0.474],"_humanoidState":8,"_cameraCFrame":[763.205,258.039,38.051,-0.519,-0.81,0.272,0,0.318,0.948,-0.855,0.492,-0.165],"_shiftlockState":true,"_pose":"Running","_animationQueue":[],"_animationSpeed":1.103,"_zoom":8.986},{"_mousePosition":[683,384],"_rootPartCFrame":[761.428,248.17,41.147,-0.519,0,0.855,0,1,0,-0.855,0,-0.519],"_humanoidState":8,"_cameraCFrame":[762.541,258.231,38.102,-0.606,-0.758,0.242,0,0.304,0.953,-0.796,0.577,-0.184],"_shiftlockState":true,"_pose":"Running","_animationQueue":[],"_animationSpeed":1.103,"_zoom":8.986},{"_mousePosition":[683,384],"_rootPartCFrame":[761.128,248.28,41.293,-0.606,0,0.796,0,1,0,-0.796,0,-0.606],"_humanoidState":8,"_cameraCFrame":[762.044,258.359,38.231,-0.645,-0.73,0.227,0,0.298,0.955,-0.764,0.616,-0.192],"_shiftlockState":true,"_pose":"Running","_animationQueue":[],"_animationSpeed":1.103,"_zoom":8.986},{"_mousePosition":[683,384],"_rootPartCFrame":[760.948,248.305,41.38,-0.645,0,0.764,0,1,0,-0.764,0,-0.645],"_humanoidState":8,"_cameraCFrame":[761.506,258.412,38.309,-0.715,-0.67,0.201,0,0.288,0.958,-0.7,0.684,-0.205],"_shiftlockState":true,"_pose":"Running","_animationQueue":[],"_animationSpeed":1.103,"_zoom":8.986},{"_mousePosition":[683,384],"_rootPartCFrame":[760.708,248.291,41.496,-0.715,0,0.7,0,1,0,-0.7,0,-0.715],"_humanoidState":8,"_cameraCFrame":[760.923,258.414,38.429,-0.78,-0.6,0.176,0,0.281,0.96,-0.625,0.749,-0.22],"_shiftlockState":true,"_pose":"Running","_animationQueue":[],"_animationSpeed":1.103,"_zoom":8.986},{"_mousePosition":[683,384],"_rootPartCFrame":[760.468,248.223,41.6