[{"_mousePosition":[1130,364],"_rootPartCFrame":[776.034,222.962,47.142,-0.001,-0.006,1,0,1,0.006,-1,0,-0.001],"_humanoidState":8,"_cameraCFrame":[776.136,231.009,44.86,-0.999,-0.046,0.016,0,0.329,0.944,-0.049,0.943,-0.329],"_shiftlockState":false,"_pose":"Standing","_animationQueue":[],"_animationSpeed":1,"_zoom":6.934},{"_mousePosition":[1131,365],"_rootPartCFrame":[775.732,222.806,47.127,0.007,0,1,0,1,0,-1,0,0.007],"_humanoidState":8,"_cameraCFrame":[775.842,230.853,44.846,-0.999,-0.046,0.016,0,0.329,0.944,-0.049,0.943,-0.329],"_shiftlockState":false,"_pose":"Standing","_animationQueue":[],"_animationSpeed":1,"_zoom":6.934},{"_mousePosition":[1133,367],"_rootPartCFrame":[775.598,222.724,47.121,0.01,0,1,0,1,0,-1,0,0.01],"_humanoidState":8,"_cameraCFrame":[775.71,230.771,44.839,-0.999,-0.046,0.016,0,0.329,0.944,-0.049,0.943,-0.329],"_shiftlockState":false,"_pose":"Running","_animationQueue":[["walk",0.1]],"_animationSpeed":1.091,"_zoom":6.934},{"_mousePosition":[1135,369],"_rootPartCFrame":[775.332,222.612,47.108,0.015,0,1,0,1,0,-1,0,0.015],"_humanoidState":8,"_cameraCFrame":[775.443,230.659,44.826,-0.999,-0.046,0.016,0,0.329,0.944,-0.049,0.943,-0.329],"_shiftlockState":false,"_pose":"Running","_animationQueue":[],"_animationSpeed":1.091,"_zoom":6.934},{"_mousePosition":[1142,375],"_rootPartCFrame":[775.065,222.637,47.095,0.02,0,1,0,1,0,-1,0,0.02],"_humanoidState":8,"_cameraCFrame":[775.176,230.684,44.813,-0.999,-0.046,0.016,0,0.329,0.944,-0.049,0.943,-0.329],"_shiftlockState":false,"_pose":"Running","_animationQueue":[],"_animationSpeed":1.091,"_zoom":6.934},{"_mousePosition":[1149,380],"_rootPartCFrame":[774.533,222.68,47.069,0.027,0,1,0,1,0,-1,0,0.027],"_humanoidState":8,"_cameraCFrame":[774.644,230.727,44.787,-0.999,-0.046,0.016,0,0.329,0.944,-0.049,0.943,-0.329],"_shiftlockState":false,"_pose":"Running","_animationQueue":[],"_animationSpeed":1.091,"_zoom":6.934},{"_mousePosition":[1177,397],"_rootPartCFrame":[774.533,222.68,47.069,0.027,0,1,0,1,0,-1,0,0.027],"_humanoidState":8,"_cameraCFrame":[772.896,230.727,44.702,-0.999,-0.046,0.016,0,0.329,0.944,-0.049,0.943,-0.329],"_shiftlockState":true,"_pose":"Running","_animationQueue":[["walk",0.1]],"_animationSpeed":1.091,"_zoom":6.934},{"_mousePosition":[683,384],"_rootPartCFrame":[774.133,222.692,47.05,-0.995,0,-0.096,0,1,0,0.096,0,-0.995],"_humanoidState":8,"_cameraCFrame":[772.496,230.739,44.683,-0.999,-0.046,0.016,0,0.329,0.944,-0.049,0.943,-0.329],"_shiftlockState":true,"_pose":"Running","_animationQueue":[],"_animationSpeed":1.091,"_zoom":6.934},{"_mousePosition":[683,384],"_rootPartCFrame":[773.933,222.695,47.04,-1,0,0.024,0,1,0,-0.024,0,-1],"_humanoidState":8,"_cameraCFrame":[772.389,230.779,44.716,-0.996,-0.087,0.029,0,0.313,0.95,-0.091,0.946,-0.312],"_shiftlockState":true,"_pose":"Running","_animationQueue":[],"_animationSpeed":1.091,"_zoom":6.934},{"_mousePosition":[683,384],"_rootPartCFrame":[773.601,222.697,47.024,-0.996,0,0.087,0,1,0,-0.087,0,-0.996],"_humanoidState":8,"_cameraCFrame":[772.144,230.81,44.721,-0.991,-0.127,0.04,0,0.301,0.954,-0.133,0.945,-0.298],"_shiftlockState":true,"_pose":"Running","_animationQueue":[],"_animationSpeed":1.091,"_zoom":6.934},{"_mousePosition":[683,384],"_rootPartCFrame":[773.401,222.698,47.007,-0.991,0,0.133,0,1,0,-0.133,0,-0.991],"_humanoidState":8,"_cameraCFrame":[772.037,230.84,44.733,-0.984,-0.172,0.052,0,0.287,0.958,-0.18,0.942,-0.283],"_shiftlockState":true,"_pose":"Running","_animationQueue":[],"_animationSpeed":1.091,"_zoom":6.934},{"_mousePosition":[683,384],"_rootPartCFrame":[773.071,222.699,46.964,-0.984,0,0.18,0,1,0,-0.18,0,-0.984],"_humanoidState":8,"_cameraCFrame":[771.778,230.864,44.718,-0.976,-0.209,0.06,0,0.276,0.961,-0.218,0.938,-0.269],"_shiftlockState":true,"_pose":"Running","_animationQueue":[],"_animationSpeed":1.091,"_zoom":6.934},{"_mousePosition":[683,384],"_rootPartCFrame":[772.874,222.699,46.93,-0.976,0,0.218,0,1,0,-0.218,0,-0.976],"_humanoidState":8,"_cameraCFrame":[771.662,230.895,44.728,-0.964,-0.255,0.069,0,0.26,0.966,-0.264,0.931,-0.251],"_shiftlockState":true,"_pose":"Running","_animationQueue":[],"_animationSpeed":1.091,"_zoom":6.934},{"_mousePosition":[683,384],"_rootPartCFrame":[772.548,222.699,46.859,-0.964,0,0.264,0,1,0,-0.264,0,-0.964],"_humanoidState":8,"_cameraCFrame":[771.384,230.909,44.676,-0.957,-0.282,0.074,0,0.252,0.968,-0.291,0.926,-0.241],"_shiftlockState":true,"_pose":"Running","_animationQueue":[["walk",0.1]],"_animationSpeed":1.091,"_zoom":6.934},{"_mousePosition":[683,384],"_rootPartCFrame":[772.355,222.7,46.808,-0.957,0,0.291,0,1,0,-0.291,0,-0.957],"_humanoidState":8,"_cameraCFrame":[771.228,230.922,44.643,-0.949,-0.305,0.077,0,0.245,0.969,-0.314,0.92,-0.233],"_shiftlockState":true,"_pose":"Running","_animationQueue":[],"_animationSpeed":1.091,"_zoom":6.934},{"_mousePosition":[683,384],"_rootPartCFrame":[772.035,222.7,46.712,-0.949,0,0.314,0,1,0,-0.314,0,-0.949],"_humanoidState":8,"_cameraCFrame":[770.918,230.927,44.56,-0.947,-0.312,0.078,0,0.242,0.97,-0.321,0.919,-0.229],"_shiftlockState":true,"_pose":"Running","_animationQueue":[],"_animationSpeed":1.091,"_zoom":6.934},{"_mousePosition":[683,384],"_rootPartCFrame":[771.845,222.7,46.65,-0.947,0,0.321,0,1,0,-0.321,0,-0.947],"_humanoidState":8,"_cameraCFrame":[770.73,230.933,44.514,-0.946,-0.316,0.078,0,0.239,0.971,-0.325,0.918,-0.226],"_shiftlockState":true,"_pose":"Running","_animationQueue":[],"_animationSpeed":1.091,"_zoom":6.934},{"_mousePosition":[683,384],"_rootPartCFrame":[771.593,222.7,46.565,-0.946,0,0.325,0,1,0,-0.325,0,-0.946],"_humanoidState":8,"_cameraCFrame":[770.476,230.935,44.437,-0.945,-0.317,0.077,0,0.237,0.971,-0.326,0.918,-0.224],"_shiftlockState":true,"_pose":"Running","_animationQueue":[],"_animationSpeed":1.091,"_zoom":6.934},{"_mousePosition":[683,384],"_rootPartCFrame":[771.341,222.7,46.478,-0.945,0,0.326,0,1,0,-0.326,0,-0.945],"_humanoidState":8,"_cameraCFrame":[770.222,230.937,44.356,-0.945,-0.317,0.077,0,0.237,0.972,-0.326,0.918,-0.224],"_shiftlockState":true,"_pose":"Running","_animationQueue":[],"_animationSpeed":1.091,"_zoom":6.934},{"_mousePosition":[683,384],"_rootPartCFrame":[771.088,222.7,46.391,-0.945,0,0.326,0,1,0,-0.326,0,-0.945],"_humanoidState":8,"_cameraCFrame":[769.953,230.944,44.303,-0.946,-0.315,0.075,0,0.232,0.973,-0.323,0.92,-0.22],"_shiftlockState":true,"_pose":"Running","_animationQueue":[],"_animationSpeed":1.091,"_zoom":6.934},{"_mousePosition":[683,384],"_rootPartCFrame":[770.836,222.7,46.304,-0.946,0,0.323,0,1,0,-0.323,0,-0.946],"_humanoidState":8,"_cameraCFrame":[769.668,230.957,44.276,-0.949,-0.308,0.071,0,0.224,0.975,-0.316,0.924,-0.213],"_shiftlockState":true,"_pose":"Running","_animationQueue":[["walk",0.1]],"_animationSpeed":1.091,"_zoom":6.934},{"_mousePosition":[683,384],"_rootPartCFrame":[770.521,222.7,46.196,-0.949,0,0.316,0,1,0,-0.316,0,-0.949],"_humanoidState":8,"_cameraCFrame":[769.319,230.971,44.234,-0.951,-0.302,0.067,0,0.215,0.977,-0.309,0.929,-0.205],"_shiftlockState":true,"_pose":"Running","_animationQueue":[],"_animationSpeed":1.091,"_zoom":6.934},{"_mousePosition":[683,384],"_rootPartCFrame":[770.331,222.7,46.133,-0.951,0,0.309,0,1,0,-0.309,0,-0.951],"_humanoidState":8,"_cameraCFrame":[769.066,231.005,44.336,-0.953,-0.297,0.058,0,0.192,0.981,-0.302,0.935,-0.183],"_shiftlockState":true,"_pose":"Running","_animationQueue":[],"_animationSpeed":1.091,"_zoom":6.934},{"_mousePosition":[683,384],"_rootPartCFrame":[769.824,222.7,45.968,-0.953,0,0.302,0,1,0,-0.302,0,-0.953],"_humanoidState":8,"_cameraCFrame":[768.544,231.014,44.218,-0.953,-0.297,0.056,0,0.185,0.983,-0.302,0.937,-0.176],"_shiftlockState":true,"_pose":"Running","_animationQueue":[],"_animationSpeed":1.091,"_zoom":6.934},{"_mousePosition":[683,384],"_rootPartCFrame":[769.698,222.689,45.926,-0.953,0,0.302,0,1,0,-0.302,0,-0.953],"_humanoidState":8,"_cameraCFrame":[768.399,231.018,44.245,-0.952,-0.301,0.053,0,0.174,0.985,-0.305,0.938,-0.165],"_shiftlockState":true,"_pose":"Running","_animationQueue":[],"_animationSpeed":1.091,"_zoom":6.934},{"_mousePosition":[683,384],"_rootPartCFrame":[769.444,223.563,45.844,-0.952,0,0.305,0,1,0,-0.305,0,-0.952],"_humanoidState":3,"_cameraCFrame":[768.149,231.891,44.16,-0.952,-0.303,0.053,0,0.174,0.985,-0.307,0.937,-0.165],"_shiftlockState":true,"_pose":"Jumping","_animationQueue":[["walk",0.1],["jump",0.1]],"_animationSpeed":1,"_zoom":6.934},{"_mousePosition":[683,384],"_rootPartCFrame":[769.253,224.184,45.783,-0.93,0,0.366,0,1,0,-0.366,0,-0.93],"_humanoidState":5,"_cameraCFrame":[767.955,232.513,44.102,-0.952,-0.301,0.053,0,0.174,0.985,-0.305,0.938,-0.165],"_shiftlockState":true,"_pose":"FreeFall","_animationQueue":[["jump",0.1]],"_animationSpeed":1,"_zoom":6.934},{"_mousePosition":[683,384],"_rootPartCFrame":[768.936,225.152,45.68,-0.892,0,0.451,0,1,0,-0.451,0,-0.892],"_humanoidState":5,"_cameraCFrame":[767.636,233.481,44.001,-0.953,-0.3,0.053,0,0.174,0.985,-0.304,0.938,-0.165],"_shiftlockState":true,"_pose":"FreeFall","_animationQueue":[],"_animationSpeed":1,"_zoom":6.934},{"_mousePosition":[683,384],"_rootPartCFrame":[768.746,225.692,45.619,-0.918,0,0.398,0,1,0,-0.398,0,-0.918],"_humanoidState":5,"_cameraCFrame":[767.446,234.021,43.939,-0.953,-0.3,0.053,0,0.174,0.985,-0.304,0.938,-0.165],"_shiftlockState":true,"_pose":"FreeFall","_animationQueue":[],"_animationSpeed":1,"_zoom":6.934},{"_mousePosition":[683,384],"_rootPartCFrame":[768.492,226.364,45.538,-0.904,0,0.428,0,1,0,-0.428,0,-0.904],"_humanoidState":5,"_cameraCFrame":[767.192,234.693,43.858,-0.953,-0.3,0.053,0,0.174,0.985,-0.304,0.938,-0.165],"_shiftlockState":true,"_pose":"FreeFall","_animationQueue":[],"_animationSpeed":1,"_zoom":6.934},{"_mousePosition":[683,384],"_rootPartCFrame":[768.238,226.982,45.457,-0.904,0,0.428,0,1,0,-0.428,0,-0.904],"_humanoidState":5,"_cameraCFrame":[766.938,235.31,43.777,-0.953,-0.3,0.053,0,0.174,0.985,-0.304,0.938,-0.165],"_shiftlockState":true,"_pose":"FreeFall","_animationQueue":[],"_animationSpeed":1,"_zoom":6.934},{"_mousePosition":[683,384],"_rootPartCFrame":[767.984,227.545,45.375,-0.904,0,0.428,0,1,0,-0.428,0,-0.904],"_humanoidState":5,"_cameraCFrame":[766.684,235.874,43.696,-0.953,-0.3,0.053,0,0.174,0.985,-0.304,0.938,-0.165],"_shiftlockState":true,"_pose":"FreeFall","_animationQueue":[],"_animationSpeed":1,"_zoom":6.934},{"_mousePosition":[683,384],"_rootPartCFrame":[767.73,228.054,45.294,-0.904,0,0.428,0,1,0,-0.428,0,-0.904],"_humanoidState":5,"_cameraCFrame":[766.43,236.382,43.615,-0.953,-0.3,0.053,0,0.174,0.985,-0.304,0.938,-0.165],"_shiftlockState":true,"_pose":"FreeFall","_animationQueue":[],"_animationSpeed":1,"_zoom":6.934},{"_mousePosition":[683,384],"_rootPartCFrame":[767.476,228.508,45.213,-0.904,0,0.428,0,1,0,-0.428,0,-0.904],"_humanoidState":5,"_cameraCFrame":[766.176,236.836,43.533,-0.953,-0.3,0.053,0,0.174,0.985,-0.304,0.938,-0.165],"_shiftlockState":true,"_pose":"FreeFall","_animationQueue":[],"_animationSpeed":1,"_zoom":6.934},{"_mousePosition":[683,384],"_rootPartCFrame":[767.222,228.907,45.132,-0.904,0,0.428,0,1,0,-0.428,0,-0.904],"_humanoidState":5,"_cameraCFrame":[765.922,237.236,43.452,-0.953,-0.3,0.053,0,0.174,0.985,-0.304,0.938,-0.165],"_shiftlockState":true,"_pose":"FreeFall","_animationQueue":[],"_animationSpeed":1,"_zoom":6.934},{"_mousePosition":[683,384],"_rootPartCFrame":[766.969,229.252,45.051,-0.904,0,0.428,0,1,0,-0.428,0,-0.904],"_humanoidState":5,"_cameraCFrame":[765.668,237.581,43.371,-0.953,-0.3,0.053,0,0.174,0.985,-0.304,0.938,-0.165],"_shiftlockState":true,"_pose":"FreeFall","_animationQueue":[],"_animationSpeed":1,"_zoom":6.934},{"_mousePosition":[683,384],"_rootPartCFrame":[766.715,229.543,44.97,-0.904,0,0.428,0,1,0,-0.428,0,-0.904],"_humanoidState":5,"_cameraCFrame":[765.392,237.872,43.308,-0.957,-0.287,0.051,0,0.174,0.985,-0.291,0.942,-0.166],"_shiftlockState":true,"_pose":"FreeFall","_animationQueue":[],"_animationSpeed":1,"_zoom":6.934},{"_mousePosition":[683,384],"_rootPartCFrame":[766.397,229.83,44.868,-0.895,0,0.446,0,1,0,-0.446,0,-0.895],"_humanoidState":5,"_cameraCFrame":[764.889,238.158,43.373,-0.984,-0.175,0.031,0,0.174,0.985,-0.178,0.969,-0.171],"_shiftlockState":true,"_pose":"FreeFall","_animationQueue":[],"_animationSpeed":1,"_zoom":6.934},{"_mousePosition":[683,384],"_rootPartCFrame":[766.206,229.961,44.809,-0.961,0,0.275,0,1,0,-0.275,0,-0.961],"_humanoidState":5,"_cameraCFrame":[764.581,238.29,43.442,-0.995,-0.095,0.017,0,0.174,0.985,-0.097,0.98,-0.173],"_shiftlockState":true,"_pose":"FreeFall","_animationQueue":[],"_animationSpeed":1,"_zoom":6.934},{"_mousePosition":[683,384],"_rootPartCFrame":[765.88,230.111,44.741,-0.966,0,0.26,0,1,0,-0.26,0,-0.966],"_humanoidState":5,"_cameraCFrame":[764.186,238.44,43.46,-0.999,-0.044,0.008,0,0.174,0.985,-0.044,0.984,-0.173],"_shiftlockState":true,"_pose":"FreeFall","_animationQueue":[],"_animationSpeed":1,"_zoom":6.934},{"_mousePosition":[683,384],"_rootPartCFrame":[765.682,230.161,44.717,-0.99,0,0.144,0,1,0,-0.144,0,-0.99],"_humanoidState":5,"_cameraCFrame":[763.925,238.489,43.523,-1,0.006,-0.001,0,0.174,0.985,0.006,0.985,-0.174],"_shiftlockState":true,"_pose":"FreeFall","_animationQueue":[],"_animationSpeed":1,"_zoom":6.934},{"_mousePosition":[683,384],"_rootPartCFrame":[765.349,230.175,44.699,-0.987,0,0.16,0,1,0,-0.16,0,-0.987],"_humanoidState":5,"_cameraCFrame":[763.547,238.504,43.575,-0.999,0.044,-0.008,0,0.174,0.985,0.045,0.984,-0.173],"_shiftlockState":true,"_pose":"FreeFall","_animationQueue":[],"_animationSpeed":1,"_zoom":6.934},{"_mousePosition":[683,384],"_rootPartCFrame":[765.149,230.142,44.699,-0.998,0,0.055,0,1,0,-0.055,0,-0.998],"_humanoidState":5,"_cameraCFrame":[763.311,238.471,43.635,-0.997,0.077,-0.014,0,0.174,0.985,0.078,0.982,-0.173],"_shiftlockState":true,"_pose":"FreeFall","_animationQueue":[],"_animationSpeed":1,"_zoom":6.934},{"_mousePosition":[683,384],"_rootPartCFrame":[764.816,230.02,44.712,-0.996,0,0.088,0,1,0,-0.088,0,-0.996],"_humanoidState":5,"_cameraCFrame":[762.951,238.349,43.697,-0.995,0.103,-0.018,0,0.174,0.985,0.104,0.979,-0.173],"_shiftlockState":true,"_pose":"FreeFall","_animationQueue":[],"_animationSpeed":1,"_zoom":6.934},{"_mousePosition":[683,384],"_rootPartCFrame":[764.617,229.906,44.726,-1,0,-0.004,0,1,0,0.004,0,-1],"_humanoidState":5,"_cameraCFrame":[762.726,238.235,43.758,-0.992,0.127,-0.022,0,0.174,0.985,0.129,0.977,-0.172],"_shiftlockState":true,"_pose":"FreeFall","_animationQueue":[],"_animationSpeed":1,"_zoom":6.934},{"_mousePosition":[683,384],"_rootPartCFrame":[764.285,229.648,44.76,-0.999,0,0.037,0,1,0,-0.037,0,-0.999],"_humanoidState":5,"_cameraCFrame":[762.367,237.977,43.848,-0.987,0.156,-0.027,0,0.174,0.985,0.158,0.972,-0.171],"_shiftlockState":true,"_pose":"FreeFall","_animationQueue":[],"_animationSpeed":1,"_zoom":6.934},{"_mousePosition":[683,384],"_rootPartCFrame":[764.087,229.452,44.785,-0.998,0,-0.059,0,1,0,0.059,0,-0.998],"_humanoidState":5,"_cameraCFrame":[762.131,237.781,43.956,-0.98,0.197,-0.035,0,0.174,0.985,0.2,0.965,-0.17],"_shiftlockState":true,"_pose":"FreeFall","_animationQueue":[["fall",0.3]],"_animationSpeed":1,"_zoom":6.934},{"_mousePosition":[683,384],"_rootPartCFrame":[763.758,229.057,44.836,-0.999,0,-0.035,0,1,0,0.035,0,-0.999],"_humanoidState":5,"_cameraCFrame":[761.761,237.385,44.101,-0.968,0.245,-0.043,0,0.174,0.985,0.249,0.954,-0.169],"_shiftlockState":true,"_pose":"FreeFall","_animationQueue":[],"_animationSpeed":1,"_zoom":6.934},{"_mousePosition":[683,384],"_rootPartCFrame":[763.561,228.78,44.875,-0.988,0,-0.151,0,1,0,0.151,0,-0.988],"_humanoidState":5,"_cameraCFrame":[761.514,237.105,44.261,-0.949,0.31,-0.056,0,0.177,0.984,0.315,0.934,-0.168],"_shiftlockState":true,"_pose":"FreeFall","_animationQueue":[],"_animationSpeed":1,"_zoom":6.934},{"_mousePosition":[683,384],"_rootPartCFrame":[763.238,228.249,44.956,-0.988,0,-0.153,0,1,0,0.153,0,-0.988],"_humanoidState":5,"_cameraCFrame":[761.159,236.572,44.436,-0.932,0.356,-0.065,0,0.178,0.984,0.362,0.917,-0.166],"_shiftlockState":true,"_pose":"FreeFall","_animationQueue":[],"_animationSpeed":1,"_zoom":6.934},{"_mousePosition":[683,384],"_rootPartCFrame":[763.047,227.89,45.016,-0.964,0,-0.267,0,1,0,0.267,0,-0.964],"_humanoidState":5,"_cameraCFrame":[760.935,236.209,44.599,-0.91,0.407,-0.075,0,0.181,0.984,0.414,0.895,-0.165],"_shiftlockState":true,"_pose":"FreeFall","_animationQueue":[],"_animationSpeed":1,"_zoom":6.934},{"_mousePosition":[683,384],"_rootPartCFrame":[762.736,227.223,45.134,-0.966,0,-0.257,0,1,0,0.257,0,-0.966],"_humanoidState":5,"_cameraCFrame":[760.601,235.538,44.771,-0.895,0.438,-0.082,0,0.184,0.983,0.445,0.88,-0.165],"_shiftlockState":true,"_pose":"FreeFall","_animationQueue":[],"_animationSpeed":1,"_zoom":6.934},{"_mousePosition":[683,384],"_rootPartCFrame":[762.553,226.781,45.215,-0.935,0,-0.354,0,1,0,0.354,0,-0.935],"_humanoidState":5,"_cameraCFrame":[760.386,235.091,44.933,-0.871,0.482,-0.093,0,0.189,0.982,0.491,0.856,-0.164],"_shiftlockState":true,"_pose":"FreeFall","_animationQueue":[],"_animationSpeed":1,"_zoom":6.934},{"_mousePosition":[683,384],"_rootPartCFrame":[762.254,225.978,45.362,-0.856,0,-0.517,0,1,0,0.517,0,-0.856],"_humanoidState":5,"_cameraCFrame":[760.063,234.285,45.315,-0.812,0.574,-0.111,0,0.19,0.982,0.584,0.797,-0.154],"_shiftlockState":true,"_pose":"FreeFall","_animationQueue":[],"_animationSpeed":1,"_zoom":6.934},{"_mousePosition":[683,384],"_rootPartCFrame":[761.966,225.09,45.53,-0.897,0,-0.442,0,1,0,0.442,0,-0.897],"_humanoidState":5,"_cameraCFrame":[759.773,233.396,45.604,-0.777,0.618,-0.12,0,0.191,0.982,0.63,0.762,-0.148],"_shiftlockState":true,"_pose":"FreeFall","_animationQueue":[],"_animationSpeed":1,"_zoom":6.934},{"_mousePosition":[683,384],"_rootPartCFrame":[761.802,224.516,45.643,-0.836,0,-0.549,0,1,0,0.549,0,-0.836],"_humanoidState":5,"_cameraCFrame":[759.611,232.82,45.856,-0.733,0.668,-0.131,0,0.193,0.981,0.681,0.719,-0.141],"_shiftlockState":true,"_pose":"FreeFall","_animationQueue":[["fall",0.3]],"_animationSpeed":1,"_zoom":6.934},{"_mousePosition":[683,384],"_rootPartCFrame":[761.541,223.491,45.851,-0.835,0,-0.55,0,1,0,0.55,0,-0.835],"_humanoidState":5,"_cameraCFrame":[759.367,231.795,46.195,-0.691,0.71,-0.139,0,0.193,0.981,0.723,0.678,-0.133],"_shiftlockState":true,"_pose":"FreeFall","_animationQueue":[],"_animationSpeed":1,"_zoom":6.934},{"_mousePosition":[683,384],"_rootPartCFrame":[761.393,222.835,45.985,-0.759,0,-0.651,0,1,0,0.651,0,-0.759],"_humanoidState":5,"_cameraCFrame":[759.237,231.138,46.443,-0.65,0.745,-0.147,0,0.193,0.981,0.76,0.638,-0.126],"_shiftlockState":true,"_pose":"FreeFall","_animationQueue":[],"_animationSpeed":1,"_zoom":6.934},{"_mousePosition":[683,384],"_rootPartCFrame":[761.207,221.913,46.176,-0.622,0,-0.783,0,1,0,0.783,0,-0.622],"_humanoidState":5,"_cameraCFrame":[759.025,230.215,46.518,-0.688,0.712,-0.141,0,0.194,0.981,0.725,0.675,-0.134],"_shiftlockState":true,"_pose":"FreeFall","_animationQueue":[["fall",0.3]],"_animationSpeed":1,"_zoom":6.934},{"_mousePosition":[683,384],"_rootPartCFrame":[760.954,220.428,46.485,-0.819,0,-0.574,0,1,0,0.574,0,-0.819],"_humanoidState":5,"_cameraCFrame":[758.755,228.73,46.687,-0.733,0.667,-0.132,0,0.194,0.981,0.68,0.719,-0.142],"_shiftlockState":true,"_pose":"FreeFall","_animationQueue":[],"_animationSpeed":1,"_zoom":6.934},{"_mousePosition":[683,384],"_rootPartCFrame":[760.864,220.467,46.584,-0.789,0,-0.614,0,1,0,0.614,0,-0.789],"_humanoidState":7,"_cameraCFrame":[758.708,228.784,46.436,-0.848,0.521,-0.097,0,0.183,0.983,0.53,0.834,-0.155],"_shiftlockState":true,"_pose":"FreeFall","_animationQueue":[["fall",0.3]],"_animationSpeed":1,"_zoom":6.934},{"_mousePosition":[683,384],"_rootPartCFrame":[760.71,220.942,46.711,-0.856,0,-0.518,0,1,0,0.518,0,-0.856],"_humanoidState":7,"_cameraCFrame":[758.612,229.271,46.378,-0.902,0.424,-0.075,0,0.174,0.985,0.431,0.889,-0.157],"_shiftlockState":true,"_pose":"FreeFall","_animationQueue":[],"_animationSpeed":1,"_zoom":6.934},{"_mousePosition":[683,384],"_rootPartCFrame":[760.373,221.725,46.926,-0.904,0,-0.428,0,1,0,0.428,0,-0.904],"_humanoidState":8,"_cameraCFrame":[758.321,230.054,46.376,-0.943,0.329,-0.058,0,0.174,0.985,0.334,0.928,-0.164],"_shiftlockState":true,"_pose":"Running","_animationQueue":[["walk",0.1],["fall",0.3],["walk",0.1]],"_animationSpeed":1.103,"_zoom":6.934},{"_mousePosition":[683,384],"_rootPartCFrame":[760.195,221.949,47.016,-0.944,0,-0.331,0,1,0,0.331,0,-0.944],"_humanoidState":8,"_cameraCFrame":[758.251,230.277,46.16,-0.982,0.184,-0.032,0,0.174,0.985,0.187,0.967,-0.171],"_shiftlockState":true,"_pose":"Running","_animationQueue":[],"_animationSpeed":1.103,"_zoom":6.934},{"_mousePosition":[683,384],"_rootPartCFrame":[759.882,222.15,47.131,-0.984,0,-0.176,0,1,0,0.176,0,-0.984],"_humanoidState":8,"_cameraCFrame":[758.049,230.478,46.057,-0.997,0.071,-0.013,0,0.174,0.985,0.073,0.982,-0.173],"_shiftlockState":true,"_pose":"Running","_animationQueue":[],"_animationSpeed":1.103,"_zoom":6.934},{"_mousePosition":[683,384],"_rootPartCFrame":[759.687,222.214,47.174,-0.998,0,-0.067,0,1,0,0.067,0,-0.998],"_humanoidState":8,"_cameraCFrame":[758.018,230.543,45.86,-0.998,-0.064,0.011,0,0.174,0.985,-0.065,0.983,-0.173],"_shiftlockState":true,"_pose":"Running","_animationQueue":[["walk",0.1]],"_animationSpeed":1.103,"_zoom":6.934},{"_mousePosition":[683,384],"_rootPartCFrame":[759.355,222.273,47.203,-0.997,0,0.075,0,1,0,-0.075,0,-0.997],"_humanoidState":8,"_cameraCFrame":[757.822,230.601,45.733,-0.987,-0.159,0.028,0,0.174,0.985,-0.161,0.972,-0.171],"_shiftlockState":true,"_pose":"Running","_animationQueue":[],"_animationSpeed":1.103,"_zoom":6.934},{"_mousePosition":[683,384],"_rootPartCFrame":[759.156,222.292,47.196,-0.987,0,0.164,0,1,0,-0.164,0,-0.987],"_humanoidState":8,"_cameraCFrame":[757.745,230.62,45.608,-0.971,-0.236,0.042,0,0.174,0.985,-0.239,0.956,-0.169],"_shiftlockState":true,"_pose":"Running","_animationQueue":[],"_animationSpeed":1.103,"_zoom":6.934},{"_mousePosition":[683,384],"_rootPartCFrame":[758.826,222.309,47.146,-0.971,0,0.24,0,1,0,-0.24,0,-0.971],"_humanoidState":8,"_cameraCFrame":[757.514,230.638,45.476,-0.955,-0.293,0.052,0,0.174,0.985,-0.298,0.94,-0.166],"_shiftlockState":true,"_pose":"Running","_animationQueue":[],"_animationSpeed":1.103,"_zoom":6.934},{"_mousePosition":[683,384],"_rootPartCFrame":[758.632,222.315,47.101,-0.955,0,0.298,0,1,0,-0.298,0,-0.955],"_humanoidState":8,"_cameraCFrame":[757.419,230.643,45.357,-0.936,-0.348,0.061,0,0.174,0.985,-0.353,0.921,-0.162],"_shiftlockState":true,"_pose":"Running","_animationQueue":[],"_animationSpeed":1.103,"_zoom":6.934},{"_mousePosition":[683,384],"_rootPartCFrame":[758.376,222.319,47.024,-0.936,0,0.353,0,1,0,-0.353,0,-0.936],"_humanoidState":8,"_cameraCFrame":[757.24,230.648,45.229,-0.92,-0.387,0.068,0,0.174,0.985,-0.393,0.906,-0.16],"_shiftlockState":true,"_pose":"Running","_animationQueue":[],"_animationSpeed":1.103,"_zoom":6.934},{"_mousePosition":[683,384],"_rootPartCFrame":[758.126,222.322,46.932,-0.92,0,0.393,0,1,0,-0.393,0,-0.92],"_humanoidState":8,"_cameraCFrame":[757.068,230.65,45.09,-0.902,-0.426,0.075,0,0.174,0.985,-0.432,0.888,-0.157],"_shiftlockState":true,"_pose":"Running","_animationQueue":[["walk",0.1]],"_animationSpeed":1.103,"_zoom":6.934},{"_mousePosition":[683,384],"_rootPartCFrame":[757.819,222.323,46.803,-0.902,0,0.432,0,1,0,-0.432,0,-0.902],"_humanoidState":8,"_cameraCFrame":[756.794,230.652,44.942,-0.894,-0.441,0.078,0,0.174,0.985,-0.448,0.88,-0.155],"_shiftlockState":true,"_pose":"Running","_animationQueue":[],"_animationSpeed":1.103,"_zoom":6.934},{"_mousePosition":[683,384],"_rootPartCFrame":[757.638,222.324,46.718,-0.894,0,0.448,0,1,0,-0.448,0,-0.894],"_humanoidState":8,"_cameraCFrame":[756.617,230.652,44.855,-0.893,-0.443,0.078,0,0.174,0.985,-0.45,0.879,-0.155],"_shiftlockState":true,"_pose":"Running","_animationQueue":[],"_animationSpeed":1.103,"_zoom":6.934},{"_mousePosition":[683,384],"_rootPartCFrame":[757.399,222.223,46.599,-0.893,0,0.45,0,1,0,-0.45,0,-0.893],"_humanoidState":8,"_cameraCFrame":[756.378,230.552,44.737,-0.893,-0.443,0.078,0,0.174,0.985,-0.45,0.879,-0.155],"_shiftlockState":true,"_pose":"Running","_animationQueue":[],"_animationSpeed":1.103,"_zoom":6.934},{"_mousePosition":[683,384],"_rootPartCFrame":[757.22,222.107,46.509,-0.893,0,0.45,0,1,0,-0.45,0,-0.893],"_humanoidState":8,"_cameraCFrame":[756.199,230.435,44.647,-0.893,-0.443,0.078,0,0.174,0.985,-0.45,0.879,-0.155],"_shiftlockState":true,"_pose":"Running","_animationQueue":[],"_animationSpeed":1.103,"_zoom":6.934},{"_mousePosition":[683,384],"_rootPartCFrame":[756.924,221.844,46.357,-0.893,0.001,0.449,0,1,-0.001,-0.449,-0.001,-0.893],"_humanoidState":8,"_cameraCFrame":[755.904,230.173,44.493,-0.893,-0.443,0.078,0,0.174,0.985,-0.45,0.879,-0.155],"_shiftlockState":true,"_pose":"Running","_animationQueue":[],"_animationSpeed":1.103,"_zoom":6.934},{"_mousePosition":[683,384],"_rootPartCFrame":[756.688,221.574,46.235,-0.894,0.001,0.449,0,1,-0.002,-0.449,-0.002,-0.894],"_humanoidState":8,"_cameraCFrame":[755.668,229.902,44.369,-0.893,-0.443,0.078,0,0.174,0.985,-0.45,0.879,-0.155],"_shiftlockState":true,"_pose":"Running","_animationQueue":[],"_animationSpeed":1.103,"_zoom":6.934},{"_mousePosition":[683,384],"_rootPartCFrame":[756.451,221.249,46.112,-0.894,0.001,0.449,0,1,-0.001,-0.449,-0.001,-0.894],"_humanoidState":8,"_cameraCFrame":[755.425,229.577,44.251,-0.894,-0.44,0.078,0,0.174,0.985,-0.447,0.881,-0.155],"_shiftlockState":true,"_pose":"Running","_animationQueue":[["walk",0.1]],"_animationSpeed":1.103,"_zoom":6.934},{"_mousePosition":[683,384],"_rootPartCFrame":[756.212,222.132,45.993,-0.895,0,0.447,0,1,0,-0.447,0,-0.895],"_humanoidState":3,"_cameraCFrame":[755.178,230.459,44.13,-0.897,-0.435,0.077,0,0.175,0.985,-0.441,0.883,-0.157],"_shiftlockState":true,"_pose":"Jumping","_animationQueue":[["walk",0.1],["jump",0.1]],"_animationSpeed":1,"_zoom":6.934},{"_mousePosition":[683,384],"_rootPartCFrame":[755.974,222.981,45.873,-0.853,0,0.522,0,1,0.001,-0.522,0.001,-0.853],"_humanoidState":5,"_cameraCFrame":[754.931,231.306,44.009,-0.9,-0.428,0.077,0,0.177,0.984,-0.435,0.886,-0.159],"_shiftlockState":true,"_pose":"FreeFall","_animationQueue":[["jump",0.1]],"_animationSpeed":1,"_zoom":6.934},{"_mousePosition":[683,384],"_rootPartCFrame":[755.734,223.776,45.755,-0.837,0,0.547,0,1,0,-0.547,0,-0.837],"_humanoidState":5,"_cameraCFrame":[754.686,232.1,43.89,-0.902,-0.424,0.077,0,0.178,0.984,-0.431,0.888,-0.16],"_shiftlockState":true,"_pose":"FreeFall","_animationQueue":[],"_animationSpeed":1,"_zoom":6.934},{"_mousePosition":[683,384],"_rootPartCFrame":[755.495,224.516,45.639,-0.837,0,0.547,0,1,0,-0.547,0,-0.837],"_humanoidState":5,"_cameraCFrame":[754.447,232.84,43.773,-0.902,-0.424,0.077,0,0.178,0.984,-0.431,0.888,-0.16],"_shiftlockState":true,"_pose":"FreeFall","_animationQueue":[],"_animationSpeed":1,"_zoom":6.934},{"_mousePosition":[683,384],"_rootPartCFrame":[755.314,225.036,45.553,-0.855,0,0.519,0,1,0,-0.519,0,-0.855],"_humanoidState":5,"_cameraCFrame":[754.266,233.36,43.687,-0.902,-0.424,0.077,0,0.178,0.984,-0.431,0.888,-0.16],"_shiftlockState":true,"_pose":"FreeFall","_animationQueue":[],"_animationSpeed":1,"_zoom":6.934},{"_mousePosition":[683,384],"_rootPartCFrame":[755.013,225.833,45.409,-0.818,0,0.575,0,1,0,-0.575,0,-0.818],"_humanoidState":5,"_cameraCFrame":[753.965,234.157,43.543,-0.902,-0.424,0.077,0,0.178,0.984,-0.431,0.888,-0.16],"_shiftlockState":true,"_pose":"FreeFall","_animationQueue":[],"_animationSpeed":1,"_zoom":6.934},{"_mousePosition":[683,384],"_rootPartCFrame":[754.833,226.271,45.323,-0.855,0,0.519,0,1,0,-0.519,0,-0.855],"_humanoidState":5,"_cameraCFrame":[753.785,234.595,43.457,-0.902,-0.424,0.077,0,0.178,0.984,-0.431,0.888,-0.16],"_shiftlockState":true,"_pose":"FreeFall","_animationQueue":[],"_animationSpeed":1,"_zoom":6.934},{"_mousePosition":[683,384],"_rootPartCFrame":[754.532,226.933,45.179,-0.818,0,0.575,0,1,0,-0.575,0,-0.818],"_humanoidState":5,"_cameraCFrame":[753.484,235.256,43.313,-0.902,-0.424,0.077,0,0.178,0.984,-0.431,0.888,-0.16],"_shiftlockState":true,"_pose":"FreeFall","_animationQueue":[],"_animationSpeed":1,"_zoom":6.934},{"_mousePosition":[683,384],"_rootPartCFrame":[754.351,227.288,45.093,-0.855,0,0.519,0,1,0,-0.519,0,-0.855],"_humanoidState":5,"_cameraCFrame":[753.303,235.612,43.227,-0.902,-0.424,0.077,0,0.178,0.984,-0.431,0.888,-0.16],"_shiftlockState":true,"_pose":"FreeFall","_animationQueue":[],"_animationSpeed":1,"_zoom":6.934},{"_mousePosition":[683,384],"_rootPartCFrame":[754.05,227.814,44.949,-0.818,0,0.575,0,1,0,-0.575,0,-0.818],"_humanoidState":5,"_cameraCFrame":[753.002,236.137,43.083,-0.902,-0.424,0.077,0,0.178,0.984,-0.431,0.888,-0.16],"_shiftlockState":true,"_pose":"FreeFall","_animationQueue":[],"_animationSpeed":1,"_zoom":6.934},{"_mousePosition":[683,384],"_rootPartCFrame":[753.81,228.172,44.834,-0.837,0,0.547,0,1,0,-0.547,0,-0.837],"_humanoidState":5,"_cameraCFrame":[752.762,236.496,42.968,-0.902,-0.424,0.077,0,0.178,0.984,-0.431,0.888,-0.16],"_shiftlockState":true,"_pose":"FreeFall","_animationQueue":[],"_animationSpeed":1,"_zoom":6.934},{"_mousePosition":[683,384],"_rootPartCFrame":[753.569,228.477,44.719,-0.837,0,0.547,0,1,0,-0.547,0,-0.837],"_humanoidState":5,"_cameraCFrame":[752.521,236.8,42.853,-0.902,-0.424,0.077,0,0.178,0.984,-0.431,0.888,-0.16],"_shiftlockState":true,"_pose":"FreeFall","_animationQueue":[],"_animationSpeed":1,"_zoom":6.934},{"_mousePosition":[683,384],"_rootPartCFrame":[753.388,228.669,44.633,-0.855,0,0.519,0,1,0,-0.519,0,-0.855],"_humanoidState":5,"_cameraCFrame":[752.338,236.993,42.768,-0.903,-0.423,0.076,0,0.178,0.984,-0.43,0.888,-0.16],"_shiftlockState":true,"_pose":"FreeFall","_animationQueue":[],"_animationSpeed":1,"_zoom":6.934},{"_mousePosition":[683,384],"_rootPartCFrame":[753.088,228.922,44.489,-0.819,0,0.574,0,1,0,-0.574,0,-0.819],"_humanoidState":5,"_cameraCFrame":[752.032,237.244,42.624,-0.905,-0.42,0.076,0,0.178,0.984,-0.426,0.89,-0.161],"_shiftlockState":true,"_pose":"FreeFall","_animationQueue":[],"_animationSpeed":1,"_zoom":6.934},{"_mousePosition":[683,384],"_rootPartCFrame":[752.847,229.062,44.374,-0.84,0,0.543,0,1,0,-0.543,0,-0.84],"_humanoidState":5,"_cameraCFrame":[751.774,237.384,42.515,-0.909,-0.41,0.075,0,0.179,0.984,-0.417,0.894,-0.163],"_shiftlockState":true,"_pose":"FreeFall","_animationQueue":[],"_animationSpeed":1,"_zoom":6.934},{"_mousePosition":[683,384],"_rootPartCFrame":[752.606,229.149,44.261,-0.845,0,0.534,0,1,0,-0.534,0,-0.845],"_humanoidState":5,"_cameraCFrame":[751.497,237.465,42.404,-0.919,-0.387,0.072,0,0.183,0.983,-0.394,0.904,-0.168],"_shiftlockState":true,"_pose":"FreeFall","_animationQueue":[],"_animationSpeed":1,"_zoom":6.934},{"_mousePosition":[683,384],"_rootPartCFrame":[752.363,229.18,44.149,-0.859,0,0.513,0,1,0,-0.513,0,-0.859],"_humanoidState":5,"_cameraCFrame":[751.182,237.487,42.299,-0.938,-0.341,0.066,0,0.191,0.982,-0.347,0.92,-0.179],"_shiftlockState":true,"_pose":"FreeFall","_animationQueue":[],"_animationSpeed":1,"_zoom":6.934},{"_mousePosition":[683,384],"_rootPartCFrame":[752.127,229.159,44.071,-0.886,0.002,0.463,0.011,1,0.017,-0.463,0.02,-0.886],"_humanoidState":5,"_cameraCFrame":[750.852,237.449,42.26,-0.959,-0.279,0.058,0,0.202,0.979,-0.285,0.939,-0.194],"_shiftlockState":true,"_pose":"FreeFall","_animationQueue":[],"_animationSpeed":1,"_zoom":6.934},{"_mousePosition":[683,384],"_rootPartCFrame":[751.903,229.086,44.035,-0.915,0.004,0.403,0.016,1,0.025,-0.402,0.029,-0.915],"_humanoidState":5,"_cameraCFrame":[750.504,237.362,42.278,-0.978,-0.204,0.044,0,0.212,0.977,-0.209,0.956,-0.207],"_shiftlockState":true,"_pose":"FreeFall","_animationQueue":[["fall",0.3]],"_animationSpeed":1,"_zoom":6.934},{"_mousePosition":[683,384],"_rootPartCFrame":[751.655,228.958,43.963,-0.942,0.005,0.336,0.008,1,0.009,-0.336,0.011,-0.942],"_humanoidState":5,"_cameraCFrame":[750.139,237.229,42.253,-0.99,-0.137,0.03,0,0.216,0.976,-0.141,0.967,-0.213],"_shiftlockState":true,"_pose":"FreeFall","_animationQueue":[],"_animationSpeed":1,"_zoom":6.934},{"_mousePosition":[683,384],"_rootPartCFrame":[751.402,228.779,43.928,-0.965,0.004,0.262,0.009,1,0.018,-0.262,0.02,-0.965],"_humanoidState":5,"_cameraCFrame":[749.801,237.048,42.306,-0.996,-0.088,0.02,0,0.216,0.976,-0.091,0.972,-0.215],"_shiftlockState":true,"_pose":"FreeFall","_animationQueue":[],"_animationSpeed":1,"_zoom":6.934},{"_mousePosition":[683,384],"_rootPartCFrame":[751.091,228.487,43.918,-0.97,0.003,0.243,0.009,1,0.02,-0.243,0.022,-0.97],"_humanoidState":5,"_cameraCFrame":[749.452,236.757,42.335,-0.998,-0.066,0.015,0,0.216,0.976,-0.068,0.974,-0.216],"_shiftlockState":true,"_pose":"FreeFall","_animationQueue":[],"_animationSpeed":1,"_zoom":6.934},{"_mousePosition":[683,384],"_rootPartCFrame":[750.893,228.272,43.897,-0.986,0.004,0.166,0.006,1,0.009,-0.166,0.009,-0.986],"_humanoidState":5,"_cameraCFrame":[749.252,236.542,42.297,-0.998,-0.065,0.014,0,0.216,0.976,-0.067,0.974,-0.216],"_shiftlockState":true,"_pose":"FreeFall","_animationQueue":[],"_animationSpeed":1,"_zoom":6.934},{"_mousePosition":[683,384],"_rootPartCFrame":[750.626,227.937,43.876,-0.98,0.002,0.198,0.002,1,0.001,-0.198,0.001,-0.98],"_humanoidState":5,"_cameraCFrame":[748.986,236.207,42.261,-0.998,-0.067,0.015,0,0.216,0.976,-0.069,0.974,-0.216],"_shiftlockState":true,"_pose":"FreeFall","_animationQueue":[],"_animationSpeed":1,"_zoom":6.934},{"_mousePosition":[683,384],"_rootPartCFrame":[750.426,227.65,43.862,-0.986,0.001,0.168,0.001,1,0,-0.168,0,-0.986],"_humanoidState":5,"_cameraCFrame":[748.829,235.922,42.21,-0.995,-0.095,0.021,0,0.215,0.977,-0.097,0.972,-0.214],"_shiftlockState":true,"_pose":"FreeFall","_animationQueue":[],"_animationSpeed":1,"_zoom":6.934},{"_mousePosition":[683,384],"_rootPartCFrame":[750.037,226.988,43.854,-0.959,-0.001,0.285,0.002,1,0.012,-0.285,0.013,-0.958],"_humanoidState":5,"_cameraCFrame":[748.51,235.266,42.178,-0.99,-0.138,0.03,0,0.211,0.978,-0.142,0.968,-0.209],"_shiftlockState":true,"_pose":"FreeFall","_animationQueue":[["fall",0.3]],"_animationSpeed":1,"_zoom":6.934},{"_mousePosition":[683,384],"_rootPartCFrame":[749.841,226.612,43.836,-0.971,0,0.238,0.002,1,0.009,-0.238,0.009,-0.971],"_humanoidState":5,"_cameraCFrame":[748.431,234.897,42.084,-0.978,-0.206,0.043,0,0.206,0.979,-0.211,0.957,-0.201],"_shiftlockState":true,"_pose":"FreeFall","_animationQueue":[],"_animationSpeed":1,"_zoom":6.934},{"_mousePosition":[683,384],"_rootPartCFrame":[749.511,225.919,43.789,-0.929,0,0.369,0.001,1,0.002,-0.369,0.002,-0.929],"_humanoidState":5,"_cameraCFrame":[748.234,234.206,41.937,-0.959,-0.277,0.058,0,0.205,0.979,-0.283,0.939,-0.196],"_shiftlockState":true,"_pose":"FreeFall","_animationQueue":[],"_animationSpeed":1,"_zoom":6.934},{"_mousePosition":[683,384],"_rootPartCFrame":[749.315,225.462,43.75,-0.926,0,0.377,0,1,0,-0.377,0,-0.926],"_humanoidState":5,"_cameraCFrame":[748.181,233.75,41.808,-0.935,-0.348,0.072,0,0.204,0.979,-0.355,0.915,-0.19],"_shiftlockState":true,"_pose":"FreeFall","_animationQueue":[],"_animationSpeed":1,"_zoom":6.934},{"_mousePosition":[683,384],"_rootPartCFrame":[748.994,225.37,43.658,-0.919,0,0.395,0,1,0,-0.395,-0.001,-0.919],"_humanoidState":7,"_cameraCFrame":[747.994,233.659,41.647,-0.908,-0.41,0.085,0,0.203,0.979,-0.419,0.889,-0.184],"_shiftlockState":true,"_pose":"FreeFall","_animationQueue":[["walk",0.1],["fall",0.3],["fall",0.3]],"_animationSpeed":1,"_zoom":6.934},{"_mousePosition":[683,384],"_rootPartCFrame":[748.869,225.474,43.614,-0.907,0,0.421,0,1,0,-0.421,0,-0.907],"_humanoidState":7,"_cameraCFrame":[747.995,233.763,41.541,-0.881,-0.463,0.096,0,0.204,0.979,-0.473,0.863,-0.179],"_shiftlockState":true,"_pose":"FreeFall","_animationQueue":[],"_animationSpeed":1,"_zoom":6.934},{"_mousePosition":[683,384],"_rootPartCFrame":[748.444,225.843,43.421,-0.881,0,0.474,0,1,0,-0.474,0,-0.881],"_humanoidState":8,"_cameraCFrame":[747.683,234.131,41.301,-0.855,-0.508,0.106,0,0.205,0.979,-0.519,0.837,-0.175],"_shiftlockState":true,"_pose":"Running","_animationQueue":[["walk",0.1],["fall",0.3],["walk",0.1]],"_animationSpeed":1.103,"_zoom":6.934},{"_mousePosition":[683,384],"_rootPartCFrame":[748.267,225.93,43.328,-0.855,0,0.519,0,1,0,-0.519,0,-0.855],"_humanoidState":8,"_cameraCFrame":[747.596,234.217,41.178,-0.833,-0.542,0.113,0,0.205,0.979,-0.554,0.815,-0.17],"_shiftlockState":true,"_pose":"Running","_animationQueue":[["walk",0.1]],"_animationSpeed":1.103,"_zoom":6.934},{"_mousePosition":[683,384],"_rootPartCFrame":[748.038,225.996,43.192,-0.835,0,0.55,0,1,0,-0.55,0,-0.835],"_humanoidState":8,"_cameraCFrame":[747.769,234.306,41.025,-0.692,-0.709,0.136,0,0.188,0.982,-0.722,0.68,-0.13],"_shiftlockState":true,"_pose":"Running","_animationQueue":[],"_animationSpeed":1.103,"_zoom":6.934},{"_mousePosition":[683,384],"_rootPartCFrame":[747.982,226.007,43.155,-0.691,0,0.723,0,1,0,-0.723,0,-0.691],"_humanoidState":8,"_cameraCFrame":[748.053,234.331,41.018,-0.548,-0.824,0.148,0,0.177,0.984,-0.837,0.539,-0.097],"_shiftlockState":true,"_pose":"Running","_animationQueue":[],"_animationSpeed":1.103,"_zoom":6.934},{"_mousePosition":[683,384],"_rootPartCFrame":[747.795,226.038,42.967,-0.538,0,0.843,0,1,0,-0.843,0,-0.538],"_humanoidState":8,"_cameraCFrame":[748.174,234.366,40.876,-0.411,-0.898,0.158,0,0.174,0.985,-0.912,0.405,-0.071],"_shiftlockState":true,"_pose":"Running","_animationQueue":[],"_animationSpeed":1.103,"_zoom":6.934},{"_mousePosition":[683,384],"_rootPartCFrame":[747.646,226.055,42.746,-0.402,0,0.916,0,1,0,-0.916,0,-0.402],"_humanoidState":8,"_cameraCFrame":[748.269,234.383,40.715,-0.3,-0.939,0.166,0,0.174,0.985,-0.954,0.296,-0.052],"_shiftlockState":true,"_pose":"Running","_animationQueue":[],"_animationSpeed":1.103,"_zoom":6.934},{"_mousePosition":[683,384],"_rootPartCFrame":[747.478,226.067,42.383,-0.29,0,0.957,0,1,0,-0.957,0,-0.29],"_humanoidState":8,"_cameraCFrame":[748.173,234.395,40.376,-0.266,-0.949,0.167,0,0.174,0.985,-0.964,0.262,-0.046],"_shiftlockState":true,"_pose":"Running","_animationQueue":[["walk",0.1]],"_animationSpeed":1.103,"_zoom":6.934},{"_mousePosition":[683,384],"_rootPartCFrame":[747.435,226.069,42.257,-0.265,0,0.964,0,1,0,-0.964,0,-0.265],"_humanoidState":8,"_cameraCFrame":[748.11,234.375,40.169,-0.329,-0.927,0.18,0,0.191,0.982,-0.944,0.323,-0.063],"_shiftlockState":true,"_pose":"Running","_animationQueue":[],"_animationSpeed":1.103,"_zoom":6.934},{"_mousePosition":[683,384],"_rootPartCFrame":[747.326,226.072,41.872,-0.5,0,0.866,0,1,0,-0.866,0,-0.5],"_humanoidState":8,"_cameraCFrame":[747.968,234.324,39.604,-0.443,-0.873,0.204,0,0.228,0.974,-0.897,0.431,-0.101],"_shiftlockState":true,"_pose":"Running","_animationQueue":[["walk",0.1]],"_animationSpeed":1.103,"_zoom":6.934},{"_mousePosition":[683,384],"_rootPartCFrame":[747.136,226.073,41.521,-0.443,0,0.897,0,1,0,-0.897,0,-0.443],"_humanoidState":8,"_cameraCFrame":[747.802,234.324,39.256,-0.435,-0.877,0.206,0,0.229,0.974,-0.9,0.424,-0.099],"_shiftlockState":true,"_pose":"Running","_animationQueue":[],"_animationSpeed":1.103,"_zoom":6.934},{"_mousePosition":[683,384],"_rootPartCFrame":[747.045,226.074,41.343,-0.435,0,0.9,0,1,0,-0.9,0,-0.435],"_humanoidState":8,"_cameraCFrame":[747.712,234.305,39.02,-0.463,-0.86,0.213,0,0.24,0.971,-0.886,0.45,-0.111],"_shiftlockState":true,"_pose":"Running","_animationQueue":[],"_animationSpeed":1.103,"_zoom":6.934},{"_mousePosition":[683,384],"_rootPartCFrame":[746.9,226.074,41.043,-0.463,0,0.886,0,1,0,-0.886,0,-0.463],"_humanoidState":8,"_cameraCFrame":[747.487,234.263,38.581,-0.543,-0.81,0.222,0,0.264,0.965,-0.84,0.523,-0.143],"_shiftlockState":true,"_pose":"Running","_animationQueue":[["walk",0.1]],"_animationSpeed":1.103,"_zoom":6.934},{"_mousePosition":[683,384],"_rootPartCFrame":[746.842,226.064,40.923,-0.543,0,0.84,0,1,0,-0.84,0,-0.543],"_humanoidState":8,"_cameraCFrame":[747.198,234.192,38.26,-0.666,-0.713,0.219,0,0.294,0.956,-0.746,0.636,-0.196],"_shiftlockState":true,"_pose":"Running","_animationQueue":[],"_animationSpeed":1.103,"_zoom":6.934},{"_mousePosition":[683,384],"_rootPartCFrame":[746.668,225.952,40.563,-0.666,0,0.746,0,1,0,-0.746,0,-0.666],"_humanoidState":8,"_cameraCFrame":[746.568,233.981,37.646,-0.82,-0.538,0.193,0