[{"_mousePosition":[1170,362],"_rootPartCFrame":[776.025,222.953,47.142,0.002,0.003,1,0,1,-0.003,-1,0,0.002],"_humanoidState":8,"_cameraCFrame":[776.239,237.05,37.078,-1,-0.016,0.013,0,0.624,0.781,-0.021,0.781,-0.624],"_shiftlockState":false,"_pose":"Standing","_animationQueue":[],"_animationSpeed":1,"_zoom":16.125},{"_mousePosition":[1170,362],"_rootPartCFrame":[775.778,222.834,47.137,0.005,0,1,0,1,0,-1,0,0.005],"_humanoidState":8,"_cameraCFrame":[775.988,236.93,37.072,-1,-0.016,0.013,0,0.624,0.781,-0.021,0.781,-0.624],"_shiftlockState":false,"_pose":"Standing","_animationQueue":[],"_animationSpeed":1,"_zoom":16.125},{"_mousePosition":[1170,362],"_rootPartCFrame":[775.512,222.673,47.131,0.007,0,1,0,1,0,-1,0,0.007],"_humanoidState":8,"_cameraCFrame":[775.722,236.77,37.067,-1,-0.016,0.013,0,0.624,0.781,-0.021,0.781,-0.624],"_shiftlockState":false,"_pose":"Running","_animationQueue":[["walk",0.1]],"_animationSpeed":1.066,"_zoom":16.125},{"_mousePosition":[1170,362],"_rootPartCFrame":[775.246,222.653,47.126,0.009,0,1,0,1,0,-1,0,0.009],"_humanoidState":8,"_cameraCFrame":[775.455,236.75,37.061,-1,-0.016,0.013,0,0.624,0.781,-0.021,0.781,-0.624],"_shiftlockState":false,"_pose":"Running","_animationQueue":[],"_animationSpeed":1.066,"_zoom":16.125},{"_mousePosition":[1170,362],"_rootPartCFrame":[774.979,222.669,47.12,0.01,0,1,0,1,0,-1,0,0.01],"_humanoidState":8,"_cameraCFrame":[775.189,236.766,37.056,-1,-0.016,0.013,0,0.624,0.781,-0.021,0.781,-0.624],"_shiftlockState":false,"_pose":"Running","_animationQueue":[],"_animationSpeed":1.066,"_zoom":16.125},{"_mousePosition":[1170,362],"_rootPartCFrame":[774.713,222.683,47.115,0.012,0,1,0,1,0,-1,0,0.012],"_humanoidState":8,"_cameraCFrame":[774.922,236.779,37.05,-1,-0.016,0.013,0,0.624,0.781,-0.021,0.781,-0.624],"_shiftlockState":false,"_pose":"Running","_animationQueue":[["walk",0.1]],"_animationSpeed":1.066,"_zoom":16.125},{"_mousePosition":[1170,362],"_rootPartCFrame":[774.446,222.69,47.109,0.013,0,1,0,1,0,-1,0,0.013],"_humanoidState":8,"_cameraCFrame":[774.656,236.787,37.045,-1,-0.016,0.013,0,0.624,0.781,-0.021,0.781,-0.624],"_shiftlockState":false,"_pose":"Running","_animationQueue":[],"_animationSpeed":1.066,"_zoom":16.125},{"_mousePosition":[1170,362],"_rootPartCFrame":[774.179,222.695,47.104,0.014,0,1,0,1,0,-1,0,0.014],"_humanoidState":8,"_cameraCFrame":[772.639,236.791,37.003,-1,-0.016,0.013,0,0.624,0.781,-0.021,0.781,-0.624],"_shiftlockState":true,"_pose":"Running","_animationQueue":[],"_animationSpeed":1.066,"_zoom":16.125},{"_mousePosition":[683,352.5],"_rootPartCFrame":[773.913,222.697,47.098,-0.999,0,-0.051,0,1,0,0.051,0,-0.999],"_humanoidState":8,"_cameraCFrame":[772.373,236.794,36.997,-1,-0.016,0.013,0,0.624,0.781,-0.021,0.781,-0.624],"_shiftlockState":true,"_pose":"Running","_animationQueue":[],"_animationSpeed":1.066,"_zoom":16.125},{"_mousePosition":[683,352.5],"_rootPartCFrame":[773.646,222.698,47.092,-1,0,-0.008,0,1,0,0.008,0,-1],"_humanoidState":8,"_cameraCFrame":[772.106,236.795,36.992,-1,-0.016,0.013,0,0.624,0.781,-0.021,0.781,-0.624],"_shiftlockState":true,"_pose":"Running","_animationQueue":[],"_animationSpeed":1.066,"_zoom":16.125},{"_mousePosition":[683,352.5],"_rootPartCFrame":[773.38,222.699,47.087,-1,0,0.018,0,1,0,-0.018,0,-1],"_humanoidState":8,"_cameraCFrame":[771.84,236.796,36.986,-1,-0.016,0.013,0,0.624,0.781,-0.021,0.781,-0.624],"_shiftlockState":true,"_pose":"Running","_animationQueue":[],"_animationSpeed":1.066,"_zoom":16.125},{"_mousePosition":[683,352.5],"_rootPartCFrame":[773.113,222.699,47.081,-1,0,0.02,0,1,0,-0.02,0,-1],"_humanoidState":8,"_cameraCFrame":[771.573,236.796,36.98,-1,-0.016,0.013,0,0.624,0.781,-0.021,0.781,-0.624],"_shiftlockState":true,"_pose":"Running","_animationQueue":[["walk",0.1]],"_animationSpeed":1.066,"_zoom":16.125},{"_mousePosition":[683,352.5],"_rootPartCFrame":[772.846,222.699,47.076,-1,0,0.021,0,1,0,-0.021,0,-1],"_humanoidState":8,"_cameraCFrame":[771.306,236.796,36.975,-1,-0.016,0.013,0,0.624,0.781,-0.021,0.781,-0.624],"_shiftlockState":true,"_pose":"Running","_animationQueue":[],"_animationSpeed":1.066,"_zoom":16.125},{"_mousePosition":[683,352.5],"_rootPartCFrame":[772.58,222.7,47.07,-1,0,0.021,0,1,0,-0.021,0,-1],"_humanoidState":8,"_cameraCFrame":[771.04,236.796,36.969,-1,-0.016,0.013,0,0.624,0.781,-0.021,0.781,-0.624],"_shiftlockState":true,"_pose":"Running","_animationQueue":[],"_animationSpeed":1.066,"_zoom":16.125},{"_mousePosition":[683,352.5],"_rootPartCFrame":[772.313,222.7,47.065,-1,0,0.021,0,1,0,-0.021,0,-1],"_humanoidState":8,"_cameraCFrame":[770.773,236.796,36.964,-1,-0.016,0.013,0,0.624,0.781,-0.021,0.781,-0.624],"_shiftlockState":true,"_pose":"Running","_animationQueue":[],"_animationSpeed":1.066,"_zoom":16.125},{"_mousePosition":[683,352.5],"_rootPartCFrame":[772.047,222.7,47.059,-1,0,0.021,0,1,0,-0.021,0,-1],"_humanoidState":8,"_cameraCFrame":[770.507,236.796,36.958,-1,-0.016,0.013,0,0.624,0.781,-0.021,0.781,-0.624],"_shiftlockState":true,"_pose":"Running","_animationQueue":[],"_animationSpeed":1.066,"_zoom":16.125},{"_mousePosition":[683,352.5],"_rootPartCFrame":[771.78,222.7,47.054,-1,0,0.021,0,1,0,-0.021,0,-1],"_humanoidState":8,"_cameraCFrame":[770.24,236.796,36.953,-1,-0.016,0.013,0,0.624,0.781,-0.021,0.781,-0.624],"_shiftlockState":true,"_pose":"Running","_animationQueue":[],"_animationSpeed":1.066,"_zoom":16.125},{"_mousePosition":[683,352.5],"_rootPartCFrame":[771.447,223.783,47.047,-1,0,0.021,0,1,0,-0.021,0,-1],"_humanoidState":3,"_cameraCFrame":[769.907,237.88,36.946,-1,-0.016,0.013,0,0.624,0.781,-0.021,0.781,-0.624],"_shiftlockState":true,"_pose":"Jumping","_animationQueue":[["walk",0.1],["walk",0.1],["jump",0.1]],"_animationSpeed":1,"_zoom":16.125},{"_mousePosition":[683,352.5],"_rootPartCFrame":[771.247,224.395,47.042,-0.997,0,0.083,0,1,0,-0.083,0,-0.997],"_humanoidState":5,"_cameraCFrame":[769.707,238.492,36.942,-1,-0.016,0.013,0,0.624,0.781,-0.021,0.781,-0.624],"_shiftlockState":true,"_pose":"FreeFall","_animationQueue":[["jump",0.1]],"_animationSpeed":1,"_zoom":16.125},{"_mousePosition":[683,352.5],"_rootPartCFrame":[770.98,225.162,47.037,-0.989,0,0.145,0,1,0,-0.145,0,-0.989],"_humanoidState":5,"_cameraCFrame":[769.44,239.259,36.936,-1,-0.016,0.013,0,0.624,0.781,-0.021,0.781,-0.624],"_shiftlockState":true,"_pose":"FreeFall","_animationQueue":[],"_animationSpeed":1,"_zoom":16.125},{"_mousePosition":[683,352.5],"_rootPartCFrame":[770.714,225.875,47.031,-0.988,0,0.153,0,1,0,-0.153,0,-0.988],"_humanoidState":5,"_cameraCFrame":[769.174,239.972,36.93,-1,-0.016,0.013,0,0.624,0.781,-0.021,0.781,-0.624],"_shiftlockState":true,"_pose":"FreeFall","_animationQueue":[],"_animationSpeed":1,"_zoom":16.125},{"_mousePosition":[683,352.5],"_rootPartCFrame":[770.447,226.534,47.026,-1,0,0.021,0,1,0,-0.021,0,-1],"_humanoidState":5,"_cameraCFrame":[768.884,240.712,37.03,-1,-0.015,0.012,0,0.618,0.786,-0.019,0.786,-0.618],"_shiftlockState":true,"_pose":"FreeFall","_animationQueue":[["jump",0.1]],"_animationSpeed":1,"_zoom":16.125},{"_mousePosition":[683,352.5],"_rootPartCFrame":[770.18,227.138,47.02,-0.988,0,0.151,0,1,0,-0.151,0,-0.988],"_humanoidState":5,"_cameraCFrame":[768.584,241.419,37.163,-1,-0.012,0.01,0,0.61,0.793,-0.016,0.793,-0.61],"_shiftlockState":true,"_pose":"FreeFall","_animationQueue":[],"_animationSpeed":1,"_zoom":16.125},{"_mousePosition":[683,352.5],"_rootPartCFrame":[769.914,227.688,47.015,-0.989,0,0.148,0,1,0,-0.148,0,-0.989],"_humanoidState":5,"_cameraCFrame":[768.305,242.071,37.294,-1,-0.012,0.009,0,0.601,0.799,-0.015,0.799,-0.601],"_shiftlockState":true,"_pose":"FreeFall","_animationQueue":[],"_animationSpeed":1,"_zoom":16.125},{"_mousePosition":[683,352.5],"_rootPartCFrame":[769.647,228.183,47.011,-1,0,0.015,0,1,0,-0.015,0,-1],"_humanoidState":5,"_cameraCFrame":[768.021,242.711,37.487,-1,-0.011,0.008,0,0.589,0.808,-0.013,0.808,-0.589],"_shiftlockState":true,"_pose":"FreeFall","_animationQueue":[["fall",0.3]],"_animationSpeed":1,"_zoom":16.125},{"_mousePosition":[683,352.5],"_rootPartCFrame":[769.38,228.624,47.007,-0.989,0,0.146,0,1,0,-0.146,0,-0.989],"_humanoidState":5,"_cameraCFrame":[767.734,243.198,37.55,-1,-0.009,0.006,0,0.585,0.811,-0.011,0.811,-0.585],"_shiftlockState":true,"_pose":"FreeFall","_animationQueue":[],"_animationSpeed":1,"_zoom":16.125},{"_mousePosition":[683,352.5],"_rootPartCFrame":[769.114,229.01,47.004,-0.99,0,0.144,0,1,0,-0.144,0,-0.99],"_humanoidState":5,"_cameraCFrame":[767.447,243.622,37.603,-1,-0.007,0.005,0,0.582,0.813,-0.009,0.813,-0.582],"_shiftlockState":true,"_pose":"FreeFall","_animationQueue":[],"_animationSpeed":1,"_zoom":16.125},{"_mousePosition":[683,352.5],"_rootPartCFrame":[768.847,229.341,47.001,-0.99,0,0.142,0,1,0,-0.142,0,-0.99],"_humanoidState":5,"_cameraCFrame":[767.151,243.991,37.658,-1,-0.005,0.003,0,0.579,0.815,-0.006,0.815,-0.579],"_shiftlockState":true,"_pose":"FreeFall","_animationQueue":[["fall",0.3]],"_animationSpeed":1,"_zoom":16.125},{"_mousePosition":[683,352.5],"_rootPartCFrame":[768.58,229.618,46.999,-0.99,0,0.139,0,1,0,-0.139,0,-0.99],"_humanoidState":5,"_cameraCFrame":[766.864,244.298,37.702,-1,-0.003,0.002,0,0.576,0.817,-0.004,0.817,-0.576],"_shiftlockState":true,"_pose":"FreeFall","_animationQueue":[],"_animationSpeed":1,"_zoom":16.125},{"_mousePosition":[683,352.5],"_rootPartCFrame":[768.314,229.841,46.997,-0.991,0,0.136,0,1,0,-0.136,0,-0.991],"_humanoidState":5,"_cameraCFrame":[766.578,244.543,37.736,-1,-0.001,0.001,0,0.574,0.819,-0.002,0.819,-0.574],"_shiftlockState":true,"_pose":"FreeFall","_animationQueue":[],"_animationSpeed":1,"_zoom":16.125},{"_mousePosition":[683,352.5],"_rootPartCFrame":[768.047,230.009,46.997,-0.991,0,0.134,0,1,0,-0.134,0,-0.991],"_humanoidState":5,"_cameraCFrame":[766.292,244.748,37.793,-1,0,0,0,0.571,0.821,0.001,0.821,-0.571],"_shiftlockState":true,"_pose":"FreeFall","_animationQueue":[],"_animationSpeed":1,"_zoom":16.125},{"_mousePosition":[683,352.5],"_rootPartCFrame":[767.78,230.122,46.996,-0.991,0,0.132,0,1,0,-0.132,0,-0.991],"_humanoidState":5,"_cameraCFrame":[765.997,244.891,37.841,-1,0.003,-0.002,0,0.568,0.823,0.004,0.823,-0.568],"_shiftlockState":true,"_pose":"FreeFall","_animationQueue":[],"_animationSpeed":1,"_zoom":16.125},{"_mousePosition":[683,352.5],"_rootPartCFrame":[767.514,230.181,46.997,-0.992,0,0.129,0,1,0,-0.129,0,-0.992],"_humanoidState":5,"_cameraCFrame":[765.702,245.002,37.922,-1,0.006,-0.004,0,0.564,0.826,0.007,0.826,-0.564],"_shiftlockState":true,"_pose":"FreeFall","_animationQueue":[],"_animationSpeed":1,"_zoom":16.125},{"_mousePosition":[683,352.5],"_rootPartCFrame":[767.247,230.186,46.998,-0.992,0,0.126,0,1,0,-0.126,0,-0.992],"_humanoidState":5,"_cameraCFrame":[765.389,245.065,38.018,-1,0.01,-0.007,0,0.558,0.83,0.012,0.83,-0.558],"_shiftlockState":true,"_pose":"FreeFall","_animationQueue":[["fall",0.3]],"_animationSpeed":1,"_zoom":16.125},{"_mousePosition":[683,352.5],"_rootPartCFrame":[766.98,230.136,47,-0.993,0,0.121,0,1,0,-0.121,0,-0.993],"_humanoidState":5,"_cameraCFrame":[765.067,245.072,38.119,-1,0.015,-0.01,0,0.553,0.833,0.018,0.833,-0.553],"_shiftlockState":true,"_pose":"FreeFall","_animationQueue":[],"_animationSpeed":1,"_zoom":16.125},{"_mousePosition":[683,352.5],"_rootPartCFrame":[766.714,230.031,47.003,-0.993,0,0.115,0,1,0,-0.115,0,-0.993],"_humanoidState":5,"_cameraCFrame":[764.739,245.054,38.266,-1,0.022,-0.014,0,0.545,0.839,0.026,0.838,-0.545],"_shiftlockState":true,"_pose":"FreeFall","_animationQueue":[],"_animationSpeed":1,"_zoom":16.125},{"_mousePosition":[683,352.5],"_rootPartCFrame":[766.447,229.872,47.008,-0.999,0,-0.032,0,1,0,0.032,0,-0.999],"_humanoidState":5,"_cameraCFrame":[764.384,245.048,38.535,-0.999,0.031,-0.019,0,0.53,0.848,0.037,0.848,-0.529],"_shiftlockState":true,"_pose":"FreeFall","_animationQueue":[],"_animationSpeed":1,"_zoom":16.125},{"_mousePosition":[683,352.5],"_rootPartCFrame":[766.18,229.659,47.016,-0.995,0,0.096,0,1,0,-0.096,0,-0.995],"_humanoidState":5,"_cameraCFrame":[764.071,244.93,38.711,-0.999,0.037,-0.022,0,0.52,0.854,0.043,0.853,-0.52],"_shiftlockState":true,"_pose":"FreeFall","_animationQueue":[],"_animationSpeed":1,"_zoom":16.125},{"_mousePosition":[683,352.5],"_rootPartCFrame":[765.914,229.391,47.026,-0.996,0,0.09,0,1,0,-0.09,0,-0.996],"_humanoidState":5,"_cameraCFrame":[763.759,244.743,38.868,-0.999,0.042,-0.025,0,0.512,0.859,0.049,0.858,-0.511],"_shiftlockState":true,"_pose":"FreeFall","_animationQueue":[],"_animationSpeed":1,"_zoom":16.125},{"_mousePosition":[683,352.5],"_rootPartCFrame":[765.714,229.154,47.034,-0.999,0,0.051,0,1,0,-0.051,0,-0.999],"_humanoidState":5,"_cameraCFrame":[763.51,244.611,39.072,-0.998,0.049,-0.028,0,0.501,0.866,0.057,0.864,-0.5],"_shiftlockState":true,"_pose":"FreeFall","_animationQueue":[],"_animationSpeed":1,"_zoom":16.125},{"_mousePosition":[683,352.5],"_rootPartCFrame":[765.381,228.691,47.051,-0.994,0,0.11,0,1,0,-0.11,0,-0.994],"_humanoidState":5,"_cameraCFrame":[763.145,244.245,39.269,-0.998,0.054,-0.03,0,0.49,0.872,0.062,0.87,-0.489],"_shiftlockState":true,"_pose":"FreeFall","_animationQueue":[["fall",0.3]],"_animationSpeed":1,"_zoom":16.125},{"_mousePosition":[683,352.5],"_rootPartCFrame":[765.181,228.373,47.062,-0.999,0,0.038,0,1,0,-0.038,0,-0.999],"_humanoidState":5,"_cameraCFrame":[762.918,244.034,39.485,-0.998,0.059,-0.032,0,0.478,0.878,0.067,0.876,-0.477],"_shiftlockState":true,"_pose":"FreeFall","_animationQueue":[],"_animationSpeed":1,"_zoom":16.125},{"_mousePosition":[683,352.5],"_rootPartCFrame":[764.849,227.774,47.083,-0.995,0,0.099,0,1,0,-0.099,0,-0.995],"_humanoidState":5,"_cameraCFrame":[762.581,243.527,39.682,-0.998,0.061,-0.032,0,0.468,0.884,0.069,0.882,-0.466],"_shiftlockState":true,"_pose":"FreeFall","_animationQueue":[],"_animationSpeed":1,"_zoom":16.125},{"_mousePosition":[683,352.5],"_rootPartCFrame":[764.649,227.373,47.096,-1,0,0.031,0,1,0,-0.031,0,-1],"_humanoidState":5,"_cameraCFrame":[762.389,243.181,39.798,-0.998,0.061,-0.032,0,0.461,0.887,0.069,0.885,-0.46],"_shiftlockState":true,"_pose":"FreeFall","_animationQueue":[],"_animationSpeed":1,"_zoom":16.125},{"_mousePosition":[683,352.5],"_rootPartCFrame":[764.316,226.638,47.119,-0.995,0,0.097,0,1,0,-0.097,0,-0.995],"_humanoidState":5,"_cameraCFrame":[762.061,242.482,39.891,-0.998,0.062,-0.032,0,0.457,0.89,0.069,0.887,-0.456],"_shiftlockState":true,"_pose":"FreeFall","_animationQueue":[],"_animationSpeed":1,"_zoom":16.125},{"_mousePosition":[683,352.5],"_rootPartCFrame":[764.05,225.989,47.138,-0.998,0,0.064,0,1,0,-0.064,0,-0.998],"_humanoidState":5,"_cameraCFrame":[761.807,241.868,39.977,-0.998,0.061,-0.031,0,0.453,0.892,0.068,0.89,-0.452],"_shiftlockState":true,"_pose":"FreeFall","_animationQueue":[],"_animationSpeed":1,"_zoom":16.125},{"_mousePosition":[683,352.5],"_rootPartCFrame":[763.851,225.466,47.152,-0.999,0,0.032,0,1,0,-0.032,0,-0.999],"_humanoidState":5,"_cameraCFrame":[761.621,241.386,40.069,-0.998,0.06,-0.03,0,0.448,0.894,0.067,0.892,-0.447],"_shiftlockState":true,"_pose":"FreeFall","_animationQueue":[],"_animationSpeed":1,"_zoom":16.125},{"_mousePosition":[683,352.5],"_rootPartCFrame":[763.518,224.526,47.175,-0.995,0,0.099,0,1,0,-0.099,0,-0.995],"_humanoidState":5,"_cameraCFrame":[763.06,240.475,40.031,-0.998,0.057,-0.028,0,0.444,0.896,0.064,0.894,-0.443],"_shiftlockState":false,"_pose":"FreeFall","_animationQueue":[["fall",0.3]],"_animationSpeed":1,"_zoom":16.125},{"_mousePosition":[683,352.5],"_rootPartCFrame":[763.252,223.713,47.193,-0.973,0,0.231,0,1,0,-0.231,0,-0.973],"_humanoidState":5,"_cameraCFrame":[762.794,239.662,40.05,-0.998,0.057,-0.028,0,0.444,0.896,0.064,0.894,-0.443],"_shiftlockState":false,"_pose":"FreeFall","_animationQueue":[],"_animationSpeed":1,"_zoom":16.125},{"_mousePosition":[690,358],"_rootPartCFrame":[763.052,223.068,47.206,-0.939,0,0.343,0,1,0,-0.343,0,-0.939],"_humanoidState":7,"_cameraCFrame":[762.595,239.017,40.063,-0.998,0.057,-0.028,0,0.444,0.896,0.064,0.894,-0.443],"_shiftlockState":false,"_pose":"FreeFall","_animationQueue":[["walk",0.1],["fall",0.3],["fall",0.3]],"_animationSpeed":1,"_zoom":16.125},{"_mousePosition":[699,362],"_rootPartCFrame":[762.907,222.438,47.216,-0.919,0,0.393,0,1,0,-0.393,0,-0.919],"_humanoidState":7,"_cameraCFrame":[762.449,238.387,40.072,-0.998,0.057,-0.028,0,0.444,0.896,0.064,0.894,-0.443],"_shiftlockState":false,"_pose":"FreeFall","_animationQueue":[],"_animationSpeed":1,"_zoom":16.125},{"_mousePosition":[714,367],"_rootPartCFrame":[763.04,222.525,47.207,-0.979,0,0.203,0,1,0,-0.203,0,-0.979],"_humanoidState":8,"_cameraCFrame":[762.582,238.474,40.063,-0.998,0.057,-0.028,0,0.444,0.896,0.064,0.894,-0.443],"_shiftlockState":false,"_pose":"Running","_animationQueue":[["walk",0.1],["fall",0.3],["walk",0.1]],"_animationSpeed":0.035,"_zoom":16.125},{"_mousePosition":[741,370],"_rootPartCFrame":[763.296,222.6,47.19,-0.999,0,-0.044,0,1,0,0.044,0,-0.999],"_humanoidState":8,"_cameraCFrame":[762.838,238.549,40.047,-0.998,0.057,-0.028,0,0.444,0.896,0.064,0.894,-0.443],"_shiftlockState":false,"_pose":"Running","_animationQueue":[["walk",0.1]],"_animationSpeed":0.818,"_zoom":16.125},{"_mousePosition":[798,356],"_rootPartCFrame":[763.562,222.645,47.173,-0.965,0,-0.263,0,1,0,0.263,0,-0.965],"_humanoidState":8,"_cameraCFrame":[763.104,238.594,40.03,-0.998,0.057,-0.028,0,0.444,0.896,0.064,0.894,-0.443],"_shiftlockState":false,"_pose":"Running","_animationQueue":[["walk",0.1],["walk",0.1]],"_animationSpeed":1.098,"_zoom":16.125},{"_mousePosition":[906,296],"_rootPartCFrame":[763.828,222.67,47.156,-0.896,0,-0.443,0,1,0,0.443,0,-0.896],"_humanoidState":8,"_cameraCFrame":[763.37,238.619,40.013,-0.998,0.057,-0.028,0,0.444,0.896,0.064,0.894,-0.443],"_shiftlockState":false,"_pose":"Running","_animationQueue":[],"_animationSpeed":1.098,"_zoom":16.125},{"_mousePosition":[1038,188],"_rootPartCFrame":[764.094,222.683,47.139,-0.811,0,-0.585,0,1,0,0.585,0,-0.811],"_humanoidState":8,"_cameraCFrame":[763.636,238.632,39.996,-0.998,0.057,-0.028,0,0.444,0.896,0.064,0.894,-0.443],"_shiftlockState":false,"_pose":"Running","_animationQueue":[],"_animationSpeed":1.098,"_zoom":16.125},{"_mousePosition":[1158,67],"_rootPartCFrame":[764.232,222.691,47.131,-0.781,0,-0.625,0,1,0,0.625,0,-0.781],"_humanoidState":8,"_cameraCFrame":[763.774,238.64,39.987,-0.998,0.057,-0.028,0,0.444,0.896,0.064,0.894,-0.443],"_shiftlockState":false,"_pose":"Running","_animationQueue":[],"_animationSpeed":1.098,"_zoom":16.125},{"_mousePosition":[1172,52],"_rootPartCFrame":[764.115,222.695,47.138,-0.916,0,-0.4,0,1,0,0.4,0,-0.916],"_humanoidState":8,"_cameraCFrame":[763.657,238.645,39.995,-0.998,0.057,-0.028,0,0.444,0.896,0.064,0.894,-0.443],"_shiftlockState":false,"_pose":"Running","_animationQueue":[["walk",0.1]],"_animationSpeed":0.251,"_zoom":16.125},{"_mousePosition":[1172,52],"_rootPartCFrame":[763.061,222.699,47.206,-0.816,0,0.578,0,1,0,-0.578,0,-0.816],"_humanoidState":8,"_cameraCFrame":[762.603,238.648,40.062,-0.998,0.057,-0.028,0,0.444,0.896,0.064,0.894,-0.443],"_shiftlockState":false,"_pose":"Running","_animationQueue":[["walk",0.1],["walk",0.1]],"_animationSpeed":0.813,"_zoom":16.125},{"_mousePosition":[1338,15],"_rootPartCFrame":[762.795,223.749,47.223,-0.644,0,0.765,0,1,0,-0.765,0,-0.644],"_humanoidState":3,"_cameraCFrame":[762.337,239.698,40.079,-0.998,0.057,-0.028,0,0.444,0.896,0.064,0.894,-0.443],"_shiftlockState":false,"_pose":"Jumping","_animationQueue":[["walk",0.1],["jump",0.1]],"_animationSpeed":1,"_zoom":16.125},{"_mousePosition":[1320,34],"_rootPartCFrame":[762.529,224.748,47.24,-0.533,0,0.846,0,1,0,-0.846,0,-0.533],"_humanoidState":5,"_cameraCFrame":[762.071,240.697,40.096,-0.998,0.057,-0.028,0,0.444,0.896,0.064,0.894,-0.443],"_shiftlockState":false,"_pose":"FreeFall","_animationQueue":[["jump",0.1]],"_animationSpeed":1,"_zoom":16.125},{"_mousePosition":[1300,75],"_rootPartCFrame":[762.329,225.461,47.253,-0.481,0,0.877,0,1,0,-0.877,0,-0.481],"_humanoidState":5,"_cameraCFrame":[761.871,241.41,40.109,-0.998,0.057,-0.028,0,0.444,0.896,0.064,0.894,-0.443],"_shiftlockState":false,"_pose":"FreeFall","_animationQueue":[],"_animationSpeed":1,"_zoom":16.125},{"_mousePosition":[1278,131],"_rootPartCFrame":[761.996,226.582,47.274,-0.411,0,0.912,0,1,0,-0.912,0,-0.411],"_humanoidState":5,"_cameraCFrame":[761.538,242.531,40.131,-0.998,0.057,-0.028,0,0.444,0.896,0.064,0.894,-0.443],"_shiftlockState":false,"_pose":"FreeFall","_animationQueue":[],"_animationSpeed":1,"_zoom":16.125},{"_mousePosition":[1246,192],"_rootPartCFrame":[761.73,227.417,47.291,-0.364,0,0.932,0,1,0,-0.932,0,-0.364],"_humanoidState":5,"_cameraCFrame":[761.272,243.366,40.148,-0.998,0.057,-0.028,0,0.444,0.896,0.064,0.894,-0.443],"_shiftlockState":false,"_pose":"FreeFall","_animationQueue":[],"_animationSpeed":1,"_zoom":16.125},{"_mousePosition":[1212,232],"_rootPartCFrame":[761.397,228.384,47.313,-0.313,0,0.95,0,1,0,-0.95,0,-0.313],"_humanoidState":5,"_cameraCFrame":[760.939,244.333,40.169,-0.998,0.057,-0.028,0,0.444,0.896,0.064,0.894,-0.443],"_shiftlockState":false,"_pose":"FreeFall","_animationQueue":[],"_animationSpeed":1,"_zoom":16.125},{"_mousePosition":[1153,279],"_rootPartCFrame":[761.198,228.924,47.326,-0.286,0,0.958,0,1,0,-0.958,0,-0.286],"_humanoidState":5,"_cameraCFrame":[760.74,244.873,40.182,-0.998,0.057,-0.028,0,0.444,0.896,0.064,0.894,-0.443],"_shiftlockState":false,"_pose":"FreeFall","_animationQueue":[],"_animationSpeed":1,"_zoom":16.125},{"_mousePosition":[1081,322],"_rootPartCFrame":[760.998,229.433,47.338,-0.263,0,0.965,0,1,0,-0.965,0,-0.263],"_humanoidState":5,"_cameraCFrame":[760.54,245.382,40.195,-0.998,0.057,-0.028,0,0.444,0.896,0.064,0.894,-0.443],"_shiftlockState":false,"_pose":"FreeFall","_animationQueue":[],"_animationSpeed":1,"_zoom":16.125},{"_mousePosition":[1004,360],"_rootPartCFrame":[760.732,230.063,47.355,-0.236,0,0.972,0,1,0,-0.972,0,-0.236],"_humanoidState":5,"_cameraCFrame":[760.274,246.012,40.212,-0.998,0.057,-0.028,0,0.444,0.896,0.064,0.894,-0.443],"_shiftlockState":false,"_pose":"FreeFall","_animationQueue":[],"_animationSpeed":1,"_zoom":16.125},{"_mousePosition":[945,380],"_rootPartCFrame":[760.399,230.775,47.377,-0.206,0,0.979,0,1,0,-0.979,0,-0.206],"_humanoidState":5,"_cameraCFrame":[759.941,246.724,40.233,-0.998,0.057,-0.028,0,0.444,0.896,0.064,0.894,-0.443],"_shiftlockState":false,"_pose":"FreeFall","_animationQueue":[],"_animationSpeed":1,"_zoom":16.125},{"_mousePosition":[891,390],"_rootPartCFrame":[760.199,231.161,47.39,-0.191,0,0.982,0,1,0,-0.982,0,-0.191],"_humanoidState":5,"_cameraCFrame":[759.742,247.11,40.246,-0.998,0.057,-0.028,0,0.444,0.896,0.064,0.894,-0.443],"_shiftlockState":false,"_pose":"FreeFall","_animationQueue":[],"_animationSpeed":1,"_zoom":16.125},{"_mousePosition":[846,390],"_rootPartCFrame":[759.867,231.737,47.411,-0.169,0,0.986,0,1,0,-0.986,0,-0.169],"_humanoidState":5,"_cameraCFrame":[759.409,247.686,40.267,-0.998,0.057,-0.028,0,0.444,0.896,0.064,0.894,-0.443],"_shiftlockState":false,"_pose":"FreeFall","_animationQueue":[],"_animationSpeed":1,"_zoom":16.125},{"_mousePosition":[823,384],"_rootPartCFrame":[759.601,232.136,47.428,-0.154,0,0.988,0,1,0,-0.988,0,-0.154],"_humanoidState":5,"_cameraCFrame":[759.143,248.085,40.284,-0.998,0.057,-0.028,0,0.444,0.896,0.064,0.894,-0.443],"_shiftlockState":false,"_pose":"FreeFall","_animationQueue":[],"_animationSpeed":1,"_zoom":16.125},{"_mousePosition":[811,380],"_rootPartCFrame":[759.335,232.481,47.445,-0.141,0,0.99,0,1,0,-0.99,0,-0.141],"_humanoidState":5,"_cameraCFrame":[758.877,248.43,40.301,-0.998,0.057,-0.028,0,0.444,0.896,0.064,0.894,-0.443],"_shiftlockState":false,"_pose":"FreeFall","_animationQueue":[["fall",0.3]],"_animationSpeed":1,"_zoom":16.125},{"_mousePosition":[809,379],"_rootPartCFrame":[759.135,232.704,47.458,-0.133,0,0.991,0,1,0,-0.991,0,-0.133],"_humanoidState":5,"_cameraCFrame":[758.677,248.653,40.314,-0.998,0.057,-0.028,0,0.444,0.896,0.064,0.894,-0.443],"_shiftlockState":false,"_pose":"FreeFall","_animationQueue":[],"_animationSpeed":1,"_zoom":16.125},{"_mousePosition":[809,379],"_rootPartCFrame":[758.869,232.953,47.475,-0.124,0,0.992,0,1,0,-0.992,0,-0.124],"_humanoidState":5,"_cameraCFrame":[758.411,248.902,40.331,-0.998,0.057,-0.028,0,0.444,0.896,0.064,0.894,-0.443],"_shiftlockState":false,"_pose":"FreeFall","_animationQueue":[],"_animationSpeed":1,"_zoom":16.125},{"_mousePosition":[809,379],"_rootPartCFrame":[758.603,233.148,47.492,-0.115,0,0.993,0,1,0,-0.993,0,-0.115],"_humanoidState":5,"_cameraCFrame":[758.145,249.097,40.348,-0.998,0.057,-0.028,0,0.444,0.896,0.064,0.894,-0.443],"_shiftlockState":false,"_pose":"FreeFall","_animationQueue":[],"_animationSpeed":1,"_zoom":16.125},{"_mousePosition":[807,378],"_rootPartCFrame":[758.337,233.288,47.509,-0.108,0,0.994,0,1,0,-0.994,0,-0.108],"_humanoidState":5,"_cameraCFrame":[757.885,249.237,40.365,-0.998,0.057,-0.028,0,0.444,0.896,0.063,0.894,-0.443],"_shiftlockState":false,"_pose":"FreeFall","_animationQueue":[],"_animationSpeed":1,"_zoom":16.125},{"_mousePosition":[807,378],"_rootPartCFrame":[758.071,233.374,47.526,-0.102,0,0.995,0,1,0,-0.995,0,-0.102],"_humanoidState":5,"_cameraCFrame":[757.619,249.323,40.382,-0.998,0.057,-0.028,0,0.444,0.896,0.063,0.894,-0.443],"_shiftlockState":false,"_pose":"FreeFall","_animationQueue":[["fall",0.3]],"_animationSpeed":1,"_zoom":16.125},{"_mousePosition":[807,378],"_rootPartCFrame":[757.805,233.405,47.543,-0.096,0,0.995,0,1,0,-0.995,0,-0.096],"_humanoidState":5,"_cameraCFrame":[757.353,249.354,40.399,-0.998,0.057,-0.028,0,0.444,0.896,0.063,0.894,-0.443],"_shiftlockState":false,"_pose":"FreeFall","_animationQueue":[],"_animationSpeed":1,"_zoom":16.125},{"_mousePosition":[807,378],"_rootPartCFrame":[757.654,233.711,47.555,-0.027,-0.014,1,-0.005,1,0.014,-1,-0.005,-0.027],"_humanoidState":12,"_cameraCFrame":[757.181,249.66,40.404,-0.998,0.057,-0.028,0,0.444,0.896,0.063,0.894,-0.443],"_shiftlockState":false,"_pose":"Climbing","_animationQueue":[["walk",0.1],["fall",0.3],["climb",0.1]],"_animationSpeed":0.054,"_zoom":16.125},{"_mousePosition":[807,378],"_rootPartCFrame":[757.604,233.894,47.562,0.003,-0.009,1,-0.004,1,0.009,-1,-0.004,0.003],"_humanoidState":12,"_cameraCFrame":[757.138,249.843,40.413,-0.998,0.057,-0.028,0,0.444,0.896,0.063,0.894,-0.443],"_shiftlockState":false,"_pose":"Climbing","_animationQueue":[["climb",0.1]],"_animationSpeed":0.832,"_zoom":16.125},{"_mousePosition":[807,378],"_rootPartCFrame":[757.598,234.081,47.563,0.007,-0.001,1,0,1,0.001,-1,0,0.007],"_humanoidState":12,"_cameraCFrame":[757.146,250.03,40.418,-0.998,0.057,-0.028,0,0.444,0.896,0.063,0.894,-0.443],"_shiftlockState":false,"_pose":"Climbing","_animationQueue":[["climb",0.1]],"_animationSpeed":0.931,"_zoom":16.125},{"_mousePosition":[807,378],"_rootPartCFrame":[757.597,234.268,47.563,0.007,0.001,1,0,1,-0.001,-1,0,0.007],"_humanoidState":12,"_cameraCFrame":[757.132,250.217,40.42,-0.998,0.058,-0.029,0,0.444,0.896,0.065,0.894,-0.443],"_shiftlockState":false,"_pose":"Climbing","_animationQueue":[],"_animationSpeed":0.931,"_zoom":16.125},{"_mousePosition":[807,378],"_rootPartCFrame":[757.597,234.501,47.563,0.007,0,1,0,1,0,-1,0,0.007],"_humanoidState":12,"_cameraCFrame":[756.612,250.35,40.274,-0.991,0.119,-0.061,0,0.456,0.89,0.134,0.882,-0.452],"_shiftlockState":false,"_pose":"Climbing","_animationQueue":[],"_animationSpeed":0.931,"_zoom":16.125},{"_mousePosition":[807,378],"_rootPartCFrame":[757.597,234.641,47.563,0.007,0,1,0,1,0,-1,0,0.007],"_humanoidState":12,"_cameraCFrame":[756.557,250.485,40.269,-0.99,0.126,-0.065,0,0.457,0.89,0.141,0.881,-0.452],"_shiftlockState":false,"_pose":"Climbing","_animationQueue":[],"_animationSpeed":0.931,"_zoom":16.125},{"_mousePosition":[807,378],"_rootPartCFrame":[757.597,234.874,47.563,0.007,0,1,0,1,0,-1,0,0.007],"_humanoidState":12,"_cameraCFrame":[756.792,250.777,40.356,-0.994,0.099,-0.05,0,0.45,0.893,0.111,0.888,-0.447],"_shiftlockState":false,"_pose":"Climbing","_animationQueue":[],"_animationSpeed":0.931,"_zoom":16.125},{"_mousePosition":[807,378],"_rootPartCFrame":[757.543,235.163,47.635,-0.062,0,0.998,0,1,0,-0.998,0,-0.062],"_humanoidState":8,"_cameraCFrame":[756.815,251.071,40.432,-0.995,0.09,-0.045,0,0.449,0.894,0.101,0.889,-0.447],"_shiftlockState":false,"_pose":"Standing","_animationQueue":[["climb",0.1],["idle",0.1],["idle",0.1]],"_animationSpeed":1,"_zoom":16.125},{"_mousePosition":[807,378],"_rootPartCFrame":[757.393,235.498,47.825,-0.173,0,0.985,0,1,0,-0.985,0,-0.173],"_humanoidState":8,"_cameraCFrame":[757.533,251.441,40.657,-1,-0.018,0.009,0,0.445,0.896,-0.02,0.896,-0.445],"_shiftlockState":false,"_pose":"Running","_animationQueue":[["walk",0.1]],"_animationSpeed":0.639,"_zoom":16.125},{"_mousePosition":[807,378],"_rootPartCFrame":[757.224,235.7,48.032,-0.27,0,0.963,0,1,0,-0.963,0,-0.27],"_humanoidState":8,"_cameraCFrame":[758.83,251.661,41.08,-0.974,-0.202,0.1,0,0.442,0.897,-0.225,0.874,-0.431],"_shiftlockState":false,"_pose":"Running","_animationQueue":[["walk",0.1]],"_animationSpeed":1.09,"_zoom":16.125},{"_mousePosition":[807,378],"_rootPartCFrame":[757.163,235.832,48.345,-0.446,0,0.895,0,1,0,-0.895,0,-0.446],"_humanoidState":8,"_cameraCFrame":[760.318,251.81,41.984,-0.896,-0.399,0.196,0,0.44,0.898,-0.444,0.804,-0.394],"_shiftlockState":false,"_pose":"Running","_animationQueue":[["walk",0.1]],"_animationSpeed":1.09,"_zoom":16.125},{"_mousePosition":[683,384],"_rootPartCFrame":[757.125,235.875,48.54,-0.535,0,0.845,0,1,0,-0.845,0,-0.535],"_humanoidState":8,"_cameraCFrame":[761.821,251.913,43.381,-0.74,-0.607,0.291,0,0.433,0.902,-0.673,0.667,-0.32],"_shiftlockState":false,"_pose":"Running","_animationQueue":[["walk",0.1]],"_animationSpeed":1.09,"_zoom":16.125},{"_mousePosition":[683,384],"_rootPartCFrame":[756.892,235.919,48.857,-0.603,0,0.798,0,1,0,-0.798,0,-0.603],"_humanoidState":8,"_cameraCFrame":[761.765,252.041,44.116,-0.697,-0.65,0.302,0,0.422,0.907,-0.717,0.632,-0.294],"_shiftlockState":false,"_pose":"Running","_animationQueue":[["walk",0.1]],"_animationSpeed":1.09,"_zoom":16.125},{"_mousePosition":[683,384],"_rootPartCFrame":[756.713,235.933,49.055,-0.624,0,0.781,0,1,0,-0.781,0,-0.624],"_humanoidState":8,"_cameraCFrame":[761.859,252.141,44.907,-0.628,-0.71,0.319,0,0.41,0.912,-0.779,0.572,-0.257],"_shiftlockState":false,"_pose":"Running","_animationQueue":[],"_animationSpeed":1.09,"_zoom":16.125},{"_mousePosition":[683,384],"_rootPartCFrame":[756.523,235.868,49.242,-0.635,0,0.773,0,1,0,-0.773,0,-0.635],"_humanoidState":8,"_cameraCFrame":[761.991,252.17,45.924,-0.519,-0.785,0.339,0,0.397,0.918,-0.855,0.476,-0.206],"_shiftlockState":false,"_pose":"Running","_animationQueue":[],"_animationSpeed":1.09,"_zoom":16.125},{"_mousePosition":[683,384],"_rootPartCFrame":[756.454,235.749,49.488,-0.705,0,0.709,0,1,0,-0.709,0,-0.705],"_humanoidState":8,"_cameraCFrame":[762.209,252.112,47.042,-0.391,-0.848,0.357,0,0.388,0.922,-0.92,0.361,-0.152],"_shiftlockState":false,"_pose":"Running","_animationQueue":[],"_animationSpeed":1.09,"_zoom":16.125},{"_mousePosition":[683,384],"_rootPartCFrame":[756.393,235.607,49.747,-0.757,0,0.654,0,1,0,-0.654,0,-0.757],"_humanoidState":8,"_cameraCFrame":[762.311,252.035,48.281,-0.24,-0.899,0.367,0,0.378,0.926,-0.971,0.223,-0.091],"_shiftlockState":false,"_pose":"Running","_animationQueue":[],"_animationSpeed":1.09,"_zoom":16.125},{"_mousePosition":[683,384],"_rootPartCFrame":[756.296,235.601,49.995,-0.787,0,0.618,0,1,0,-0.618,0,-0.787],"_humanoidState":8,"_cameraCFrame":[762.26,252.073,49.458,-0.09,-0.925,0.37,0,0.371,0.928,-0.996,0.083,-0.033],"_shiftlockState":false,"_pose":"Running","_animationQueue":[],"_animationSpeed":1.09,"_zoom":16.125},{"_mousePosition":[683,384],"_rootPartCFrame":[756.23,235.61,50.111,-0.793,0,0.609,0,1,0,-0.609,0,-0.793],"_humanoidState":8,"_cameraCFrame":[762.171,252.097,50.473,0.061,-0.928,0.368,0,0.369,0.929,-0.998,-0.057,0.022],"_shiftlockState":false,"_pose":"Running","_animationQueue":[],"_animationSpeed":1.09,"_zoom":16.125},{"_mousePosition":[683,384],"_rootPartCFrame":[756.062,235.627,50.318,-0.791,0,0.611,0,1,0,-0.611,0,-0.791],"_humanoidState":8,"_cameraCFrame":[762.244,252.118,49.958,0.226,-0.906,0.359,0,0.368,0.93,-0.974,-0.211,0.083],"_shiftlockState":true,"_pose":"Running","_animationQueue":[["walk",0.1]],"_animationSpeed":1.09,"_zoom":16.125},{"_mousePosition":[683,384],"_rootPartCFrame":[755.765,235.531,50.585,0.329,0,0.944,0,1,0,-0.944,0,0.329],"_humanoidState":8,"_cameraCFrame":[761.947,252.023,50.226,0.226,-0.906,0.359,0,0.368,0.93,-0.974,-0.211,0.083],"_shiftlockState":true,"_pose":"Running","_animationQueue":[],"_animationSpeed":1.09,"_zoom":16.125},{"_mousePosition":[683,384],"_rootPartCFrame":[755.543,235.406,50.731,0.244,0,0.97,0,1,0,-0.97,0,0.244],"_humanoidState":8,"_cameraCFrame":[761.534,251.964,51.411,0.396,-0.857,0.329,0,0.358,0.934,-0.918,-0.37,0.142],"_shiftlockState":true,"_pose":"Running","_animationQueue":[],"_animationSpeed":1.09,"_zoom":16.125},{"_mousePosition":[683,384],"_rootPartCFrame":[755.417,235.292,50.945,0.404,0,0.915,0,1,0,-0.915,0,0.404],"_humanoidState":8,"_cameraCFrame":[761.131,251.904,52.374,0.52,-0.801,0.298,0,0.349,0.937,-0.854,-0.487,0.181],"_shiftlockState":true,"_pose":"Running","_animationQueue":[],"_animationSpeed":1.09,"_zoom":16.125},{"_mousePosition":[683,384],"_rootPartCFrame":[755.316,235.347,51.19,0.528,0,0.849,0,1,0,-0.849,0,0.528],"_humanoidState":8,"_cameraCFrame":[760.765,251.991,53.203,0.613,-0.742,0.271,0,0.343,0.939,-0.79,-0.576,0.211],"_shiftlockState":true,"_pose":"Running","_animationQueue":[],"_animationSpeed":1.09,"_zoom":16.125},{"_mousePosition":[683,384],"_rootPartCFrame":[755.183,235.456,51.42,0.619,0,0.785,0,1,0,-0.785,0,0.619],"_humanoidState":8,"_cameraCFrame":[760.412,252.113,53.868,0.679,-0.69,0.251,0,0.341,0.94,-0.735,-0.638,0.232],"_shiftlockState":true,"_pose":"Running","_animationQueue":[],"_animationSpeed":1.09,"_zoom":16.125},{"_mousePosition":[683,384],"_rootPartCFrame":[755.064,235.555,51.581,0.68,0,0.733,0,1,0,-0.733,0,0.68],"_humanoidState":8,"_cameraCFrame":[760.057,252.225,54.41,0.735,-0.638,0.23,0,0.339,0.941,-0.678,-0.691,0.249],"_shiftlockState":true,"_pose":"Running","_animationQueue":[],"_animationSpeed":1.09,"_zoom":16.125},{"_mousePosition":[683,384],"_rootPartCFrame":[754.885,235.648,51.779,0.735,0,0.678,0,1,0,-0.678,0,0.735],"_humanoidState":8,"_cameraCFrame":[759.755,252.31,54.859,0.766,-0.605,0.219,0,0.34,0.94,-0.643,-0.72,0.261],"_shiftlockState":true,"_pose":"Running","_animationQueue":[["walk",0.1]],"_animationSpeed":1.09,"_zoom":16.125},{"_mousePosition":[683,384],"_rootPartCFrame":[754.643,235.782,52.007,0.766,0,0.643,0,1,0,-0.643,0,0.766],"_humanoidState":8,"_cameraCFrame":[759.447,252.43,55.252,0.784,-0.583,0.213,0,0.343,0.939,-0.621,-0.736,0.269],"_shiftlockState":true,"_pose":"Running","_animationQueue":[],"_animationSpeed":1.09,"_zoom":16.125},{"_mousePosition":[683,384],"_rootPartCFrame":[754.491,235.84,52.137,0.784,0,0.621,0,1,0,-0.621,0,0.784],"_humanoidState":8,"_cameraCFrame":[759.248,252.502,55.388,0.788,-0.579,0.209,0,0.34,0.94,-0.615,-0.741,0.268],"_shiftlockState":true,"_pose":"Running","_animationQueue":[],"_animationSpeed":1.09,"_zoom":16.125},{"_mousePosition":[683,384],"_rootPartCFrame":[754.283,235.889,52.304,0.788,0,0.615,0,1,0,-0.615,0,0.788],"_humanoidState":8,"_cameraCFrame":[759.04,252.551,55.555,0.788,-0.579,0.209,0,0.34,0.94,-0.615,-0.741,0.268],"_shiftlockState":true,"_pose":"Running","_animationQueue":[],"_animationSpeed":1.09,"_zoom":16.125},{"_mousePosition":[683,384],"_rootPartCFrame":[754.125,235.911,52.427,0.788,0,0.615,0,1,0,-0.615,0,0.788],"_humanoidState":8,"_cameraCFrame":[758.882,252.573,55.678,0.788,-0.579,0.209,0,0.34,0.94,-0.615,-0.741,0.268],"_shiftlockState":true,"_pose":"Running","_animationQueue":[],"_animationSpeed":1.09,"_zoom":16.125},{"_mousePosition":[683,384],"_rootPartCFrame":[753.862,235.932,52.632,0.788,0,0.615,0,1,0,-0.615,0,0.788],"_humanoidState":8,"_cameraCFrame":[758.62,252.593,55.883,0.788,-0.579,0.209,0,0.34,0.94,-0.615,-0.741,0.268],"_shiftlockState":true,"_pose":"Running","_animationQueue":[],"_animationSpeed":1.09,"_zoom":16.125},{"_mousePosition":[683,384],"_rootPartCFrame":[753.652,235.94,52.796,0.788,0,0.615,0,1,0,-0.615,0,0.788],"_humanoidState":8,"_cameraCFrame":[758.409,252.602,56.047,0.788,-0.579,0.209,0,0.34,0.94,-0.615,-0.741,0.268],"_shiftlockState":true,"_pose":"Running","_animationQueue":[],"_animationSpeed":1.09,"_zoom":16.125},{"_mousePosition":[683,384],"_rootPartCFrame":[753.442,235.944,52.96,0.788,0,0.615,0,1,0,-0.615,0,0.788],"_humanoidState":8,"_cameraCFrame":[758.199,252.606,56.211,0.788,-0.579,0.209,0,0.34,0.94,-0.615,-0.741,0.268],"_shiftlockState":true,"_pose":"Running","_animationQueue":[["walk",0.1]],"_animationSpeed":1.09,"_zoom":16.125},{"_mousePosition":[683,384],"_rootPartCFrame":[753.232,235.914,53.125,0.788,0,0.615,0,1,0,-0.615,0,0.788],"_humanoidState":8,"_cameraCFrame":[757.989,252.575,56.376,0.788,-0.579,0.209,0,0.34,0.94,-0.615,-0.741,0.268],"_shiftlockState":true,"_pose":"Running","_animationQueue":[],"_animationSpeed":1.09,"_zoom":16.125},{"_mousePosition":[683,384],"_rootPartCFrame":[753.022,235.829,53.289,0.788,0,0.615,0,1,0,-0.615,0,0.788],"_humanoidState":8,"_cameraCFrame":[757.779,252.49,56.54,0.788,-0.579,0.209,0,0.34,0.94,-0.615,-0.741,0.268],"_shiftlockState":true,"_pose":"Running","_animationQueue":[],"_animationSpeed":1.09,"_zoom":16.125},{"_mousePosition":[683,384],"_rootPartCFrame":[752.811,235.689,53.453,0.788,0,0.615,0,1,0,-0.615,0,0.788],"_humanoidState":8,"_cameraCFrame":[757.69,252.333,56.606,0.771,-0.599,0.219,0,0.343,0.939,-0.637,-0.724,0.265],"_shiftlockState":true,"_pose":"Running","_animationQueue":[],"_animationSpeed":1.09,"_zoom":16.125},{"_mousePosition":[683,384],"_rootPartCFrame":[752.601,235.495,53.617,0.771,0,0.637,0,1,0,-0.637,0,0.771],"_humanoidState":8,"_cameraCFrame":[757.463,252.139,56.795,0.774,-0.595,0.218,0,0.343,0.939,-0.633,-0.727,0.266],"_shiftlockState":true,"_pose":"Running","_animationQueue":[],"_animationSpeed":1.09,"_zoom":16.125},{"_mousePosition":[683,384],"_rootPartCFrame":[752.338,236.579,53.822,0.774,0,0.633,0,1,0,-0.633,0,0.774],"_humanoidState":3,"_cameraCFrame":[756.994,253.254,57.157,0.803,-0.561,0.202,0,0.338,0.941,-0.596,-0.756,0.272],"_shiftlockState":true,"_pose":"Jumping","_animationQueue":[["walk",0.1],["jump",0.1]],"_animationSpeed":1,"_zoom":16.125},{"_mousePosition":[683,384],"_rootPartCFrame":[752.183,237.19,53.948,0.764,0,0.645,0,1,0,-0.645,0,0.764],"_humanoidState":5,"_cameraCFrame":[756.596,253.878,57.542,0.839,-0.512,0.183,0,0.336,0.942,-0.544,-0.791,0.282],"_shiftlockState":true,"_pose":"FreeFall","_animationQueue":[["jump",0.1]],"_animationSpeed":1,"_zoom":16.125},{"_mousePosition":[683,384],"_rootPartCFrame":[751.97,237.958,54.108,0.765,0,0.644,0,1,0,-0.644,0,0.765],"_humanoidState":5,"_cameraCFrame":[756.197,254.619,58.024,0.87,-0.463,0.168,0,0.34,0.94,-0.493,-0.818,0.296],"_shiftlockState":true,"_pose":"FreeFall","_animationQueue":[],"_animationSpeed":1,"_zoom":16.125},{"_mousePosition":[683,384],"_rootPartCFrame":[751.748,238.671,54.255,0.798,0,0.603,0,1,0,-0.603,0,0.798],"_humanoidState":5,"_cameraCFrame":[755.884,255.274,58.481,0.89,-0.428,0.16,0,0.35,0.937,-0.457,-0.833,0.312],"_shiftlockState":true,"_pose":"FreeFall","_animationQueue":[],"_animationSpeed":1,"_zoom":16.125},{"_mousePosition":[683,384],"_rootPartCFrame":[751.517,239.329,54.389,0.821,0,0.571,0,1,0,-0.571,0,0.821],"_humanoidState":5,"_cameraCFrame":[755.61,255.868,58.879,0.902,-0.403,0.156,0,0.361,0.933,-0.432,-0.841,0.325],"_shiftlockState":true,"_pose":"FreeFall","_animationQueue":[],"_animationSpeed":1,"_zoom":16.125},{"_mousePosition":[683,384],"_rootPartCFrame":[751.281,239.933,54.512,0.836,0,0.548,0,1,0,-0.548,0,0.836],"_humanoidState":5,"_cameraCFrame":[755.383,256.357,59.364,0.912,-0.38,0.155,0,0.379,0.925,-0.41,-0.844,0.345],"_shiftlockState":true,"_pose":"FreeFall","_animationQueue":[],"_animationSpeed":1,"_zoom":16.125},{"_mousePosition":[683,384],"_rootPartCFrame":[750.988,240.612,54.643,0.844,0,0.537,0,1,-0.001,-0.537,0.001,0.844],"_humanoidState":5,"_cameraCFrame":[755.1,256.904,59.876,0.921,-0.357,0.155,0,0.398,0.917,-0.389,-0.845,0.367],"_shiftlockState":true,"_pos