[{"_mousePosition":[1111,364],"_rootPartCFrame":[776.028,222.95,47.142,0,0,1,0,1,0,-1,0,0],"_humanoidState":8,"_cameraCFrame":[781.679,231.404,46.468,-0.118,-0.768,0.629,0,0.633,0.774,-0.993,0.092,-0.075],"_shiftlockState":false,"_pose":"Standing","_animationQueue":[],"_animationSpeed":1,"_zoom":8.986},{"_mousePosition":[1090,364],"_rootPartCFrame":[775.857,222.865,47.162,-0.012,0,1,0,1,0,-1,0,-0.012],"_humanoidState":8,"_cameraCFrame":[781.509,231.319,46.488,-0.118,-0.768,0.629,0,0.633,0.774,-0.993,0.092,-0.075],"_shiftlockState":false,"_pose":"Standing","_animationQueue":[],"_animationSpeed":1,"_zoom":8.986},{"_mousePosition":[1071,364],"_rootPartCFrame":[775.462,222.665,47.209,-0.033,0,0.999,0,1,0,-0.999,0,-0.033],"_humanoidState":8,"_cameraCFrame":[781.114,231.119,46.536,-0.118,-0.768,0.629,0,0.633,0.774,-0.993,0.092,-0.075],"_shiftlockState":false,"_pose":"Running","_animationQueue":[["walk",0.1]],"_animationSpeed":1.003,"_zoom":8.986},{"_mousePosition":[1020,361],"_rootPartCFrame":[775.33,222.654,47.225,-0.039,0,0.999,0,1,0,-0.999,0,-0.039],"_humanoidState":8,"_cameraCFrame":[780.981,231.108,46.551,-0.118,-0.768,0.629,0,0.633,0.774,-0.993,0.092,-0.075],"_shiftlockState":false,"_pose":"Running","_animationQueue":[["walk",0.1]],"_animationSpeed":1.103,"_zoom":8.986},{"_mousePosition":[1008,361],"_rootPartCFrame":[774.933,222.674,47.273,-0.055,0,0.998,0,1,0,-0.998,0,-0.055],"_humanoidState":8,"_cameraCFrame":[780.584,231.128,46.599,-0.118,-0.768,0.629,0,0.633,0.774,-0.993,0.092,-0.075],"_shiftlockState":false,"_pose":"Running","_animationQueue":[["walk",0.1]],"_animationSpeed":1.103,"_zoom":8.986},{"_mousePosition":[969,361],"_rootPartCFrame":[774.933,222.674,47.273,-0.055,0,0.998,0,1,0,-0.998,0,-0.055],"_humanoidState":8,"_cameraCFrame":[780.584,231.128,46.599,-0.118,-0.768,0.629,0,0.633,0.774,-0.993,0.092,-0.075],"_shiftlockState":false,"_pose":"Running","_animationQueue":[],"_animationSpeed":1.103,"_zoom":8.986},{"_mousePosition":[942,361],"_rootPartCFrame":[774.536,222.689,47.32,-0.068,0,0.998,0,1,0,-0.998,0,-0.068],"_humanoidState":8,"_cameraCFrame":[780.187,231.143,46.646,-0.118,-0.768,0.629,0,0.633,0.774,-0.993,0.092,-0.075],"_shiftlockState":false,"_pose":"Running","_animationQueue":[],"_animationSpeed":1.103,"_zoom":8.986},{"_mousePosition":[906,363],"_rootPartCFrame":[774.403,222.692,47.336,-0.072,0,0.997,0,1,0,-0.997,0,-0.072],"_humanoidState":8,"_cameraCFrame":[780.054,231.146,46.662,-0.118,-0.768,0.629,0,0.633,0.774,-0.993,0.092,-0.075],"_shiftlockState":false,"_pose":"Running","_animationQueue":[],"_animationSpeed":1.103,"_zoom":8.986},{"_mousePosition":[879,367],"_rootPartCFrame":[774.006,222.697,47.383,-0.081,0,0.997,0,1,0,-0.997,0,-0.081],"_humanoidState":8,"_cameraCFrame":[779.657,231.151,46.709,-0.118,-0.768,0.629,0,0.633,0.774,-0.993,0.092,-0.075],"_shiftlockState":false,"_pose":"Running","_animationQueue":[],"_animationSpeed":1.103,"_zoom":8.986},{"_mousePosition":[849,373],"_rootPartCFrame":[773.874,222.697,47.399,-0.084,0,0.997,0,1,0,-0.997,0,-0.084],"_humanoidState":8,"_cameraCFrame":[779.525,231.151,46.725,-0.118,-0.768,0.629,0,0.633,0.774,-0.993,0.092,-0.075],"_shiftlockState":false,"_pose":"Running","_animationQueue":[],"_animationSpeed":1.103,"_zoom":8.986},{"_mousePosition":[829,377],"_rootPartCFrame":[773.477,222.699,47.446,-0.091,0,0.996,0,1,0,-0.996,0,-0.091],"_humanoidState":8,"_cameraCFrame":[779.128,231.153,46.772,-0.118,-0.768,0.629,0,0.633,0.774,-0.993,0.092,-0.075],"_shiftlockState":false,"_pose":"Running","_animationQueue":[],"_animationSpeed":1.103,"_zoom":8.986},{"_mousePosition":[810,385],"_rootPartCFrame":[773.344,222.699,47.462,-0.093,0,0.996,0,1,0,-0.996,0,-0.093],"_humanoidState":8,"_cameraCFrame":[778.995,231.153,46.788,-0.118,-0.768,0.629,0,0.633,0.774,-0.993,0.092,-0.075],"_shiftlockState":false,"_pose":"Running","_animationQueue":[["walk",0.1]],"_animationSpeed":1.103,"_zoom":8.986},{"_mousePosition":[801,391],"_rootPartCFrame":[773.079,222.699,47.494,-0.096,0,0.995,0,1,0,-0.995,0,-0.096],"_humanoidState":8,"_cameraCFrame":[778.731,231.153,46.82,-0.118,-0.768,0.629,0,0.633,0.774,-0.993,0.092,-0.075],"_shiftlockState":false,"_pose":"Running","_animationQueue":[],"_animationSpeed":1.103,"_zoom":8.986},{"_mousePosition":[798,400],"_rootPartCFrame":[772.815,222.699,47.525,-0.099,0,0.995,0,1,0,-0.995,0,-0.099],"_humanoidState":8,"_cameraCFrame":[778.466,231.153,46.851,-0.118,-0.768,0.629,0,0.633,0.774,-0.993,0.092,-0.075],"_shiftlockState":false,"_pose":"Running","_animationQueue":[],"_animationSpeed":1.103,"_zoom":8.986},{"_mousePosition":[798,410],"_rootPartCFrame":[772.417,222.7,47.573,-0.103,0,0.995,0,1,0,-0.995,0,-0.103],"_humanoidState":8,"_cameraCFrame":[778.069,231.154,46.899,-0.118,-0.768,0.629,0,0.633,0.774,-0.993,0.092,-0.075],"_shiftlockState":false,"_pose":"Running","_animationQueue":[],"_animationSpeed":1.103,"_zoom":8.986},{"_mousePosition":[798,424],"_rootPartCFrame":[772.285,222.7,47.588,-0.104,0,0.995,0,1,0,-0.995,0,-0.104],"_humanoidState":8,"_cameraCFrame":[777.936,231.154,46.914,-0.118,-0.768,0.629,0,0.633,0.774,-0.993,0.092,-0.075],"_shiftlockState":false,"_pose":"Running","_animationQueue":[],"_animationSpeed":1.103,"_zoom":8.986},{"_mousePosition":[798,424],"_rootPartCFrame":[771.888,222.7,47.636,-0.107,0,0.994,0,1,0,-0.994,0,-0.107],"_humanoidState":8,"_cameraCFrame":[777.377,231.285,46.987,-0.117,-0.783,0.611,0,0.615,0.788,-0.993,0.093,-0.072],"_shiftlockState":false,"_pose":"Running","_animationQueue":[],"_animationSpeed":1.103,"_zoom":8.986},{"_mousePosition":[798,424],"_rootPartCFrame":[771.623,222.7,47.667,-0.108,0,0.994,0,1,0,-0.994,0,-0.108],"_humanoidState":8,"_cameraCFrame":[776.904,231.442,47.032,-0.119,-0.8,0.588,0,0.592,0.806,-0.993,0.096,-0.071],"_shiftlockState":false,"_pose":"Running","_animationQueue":[["walk",0.1]],"_animationSpeed":1.103,"_zoom":8.986},{"_mousePosition":[798,424],"_rootPartCFrame":[771.358,222.7,47.699,-0.11,0,0.994,0,1,0,-0.994,0,-0.11],"_humanoidState":8,"_cameraCFrame":[776.388,231.618,47.056,-0.127,-0.819,0.56,0,0.564,0.826,-0.992,0.105,-0.072],"_shiftlockState":false,"_pose":"Running","_animationQueue":[],"_animationSpeed":1.103,"_zoom":8.986},{"_mousePosition":[798,424],"_rootPartCFrame":[771.226,222.7,47.714,-0.11,0,0.994,0,1,0,-0.994,0,-0.11],"_humanoidState":8,"_cameraCFrame":[775.946,231.817,47.041,-0.141,-0.839,0.525,0,0.531,0.848,-0.99,0.12,-0.075],"_shiftlockState":false,"_pose":"Running","_animationQueue":[],"_animationSpeed":1.103,"_zoom":8.986},{"_mousePosition":[798,424],"_rootPartCFrame":[770.961,222.7,47.748,-0.112,0,0.994,0,1,0,-0.994,0,-0.112],"_humanoidState":8,"_cameraCFrame":[775.355,232.006,47.041,-0.159,-0.858,0.489,0,0.495,0.869,-0.987,0.138,-0.079],"_shiftlockState":false,"_pose":"Running","_animationQueue":[],"_animationSpeed":1.103,"_zoom":8.986},{"_mousePosition":[798,424],"_rootPartCFrame":[770.697,223.563,47.782,-0.115,0,0.993,0,1,0,-0.993,0,-0.115],"_humanoidState":3,"_cameraCFrame":[774.811,233.019,47.058,-0.173,-0.872,0.458,0,0.465,0.885,-0.985,0.153,-0.081],"_shiftlockState":false,"_pose":"Jumping","_animationQueue":[["walk",0.1],["jump",0.1]],"_animationSpeed":1,"_zoom":8.986},{"_mousePosition":[798,424],"_rootPartCFrame":[770.368,224.565,47.833,-0.121,0,0.993,0,1,0,-0.993,0,-0.121],"_humanoidState":5,"_cameraCFrame":[774.24,234.142,47.114,-0.183,-0.884,0.431,0,0.438,0.899,-0.983,0.164,-0.08],"_shiftlockState":false,"_pose":"FreeFall","_animationQueue":[["jump",0.1]],"_animationSpeed":1,"_zoom":8.986},{"_mousePosition":[798,424],"_rootPartCFrame":[770.171,225.125,47.868,-0.126,0,0.992,0,1,0,-0.992,0,-0.126],"_humanoidState":5,"_cameraCFrame":[773.89,234.774,47.153,-0.189,-0.891,0.414,0,0.421,0.907,-0.982,0.171,-0.08],"_shiftlockState":false,"_pose":"FreeFall","_animationQueue":[],"_animationSpeed":1,"_zoom":8.986},{"_mousePosition":[798,424],"_rootPartCFrame":[769.908,225.824,47.916,-0.133,0,0.991,0,1,0,-0.991,0,-0.133],"_humanoidState":5,"_cameraCFrame":[773.467,235.545,47.205,-0.196,-0.897,0.396,0,0.404,0.915,-0.981,0.179,-0.079],"_shiftlockState":false,"_pose":"FreeFall","_animationQueue":[],"_animationSpeed":1,"_zoom":8.986},{"_mousePosition":[798,424],"_rootPartCFrame":[769.646,226.469,47.966,-0.14,0,0.99,0,1,0,-0.99,0,-0.14],"_humanoidState":5,"_cameraCFrame":[773.026,236.264,47.243,-0.209,-0.903,0.376,0,0.385,0.923,-0.978,0.193,-0.08],"_shiftlockState":false,"_pose":"FreeFall","_animationQueue":[],"_animationSpeed":1,"_zoom":8.986},{"_mousePosition":[798,424],"_rootPartCFrame":[769.385,227.06,48.018,-0.148,0,0.989,0,1,0,-0.989,0,-0.148],"_humanoidState":5,"_cameraCFrame":[772.588,236.922,47.276,-0.226,-0.907,0.356,0,0.366,0.931,-0.974,0.21,-0.083],"_shiftlockState":false,"_pose":"FreeFall","_animationQueue":[],"_animationSpeed":1,"_zoom":8.986},{"_mousePosition":[798,424],"_rootPartCFrame":[769.124,227.595,48.073,-0.156,0,0.988,0,1,0,-0.988,0,-0.156],"_humanoidState":5,"_cameraCFrame":[772.122,237.533,47.319,-0.244,-0.911,0.334,0,0.344,0.939,-0.97,0.229,-0.084],"_shiftlockState":false,"_pose":"FreeFall","_animationQueue":[],"_animationSpeed":1,"_zoom":8.986},{"_mousePosition":[798,424],"_rootPartCFrame":[768.799,228.189,48.148,-0.167,0,0.986,0,1,0,-0.986,0,-0.167],"_humanoidState":5,"_cameraCFrame":[771.664,238.172,47.395,-0.254,-0.913,0.319,0,0.33,0.944,-0.967,0.24,-0.084],"_shiftlockState":false,"_pose":"FreeFall","_animationQueue":[],"_animationSpeed":1,"_zoom":8.986},{"_mousePosition":[798,424],"_rootPartCFrame":[768.605,228.504,48.196,-0.175,0,0.985,0,1,0,-0.985,0,-0.175],"_humanoidState":5,"_cameraCFrame":[771.379,238.518,47.448,-0.26,-0.915,0.309,0,0.32,0.948,-0.966,0.247,-0.083],"_shiftlockState":false,"_pose":"FreeFall","_animationQueue":[],"_animationSpeed":1,"_zoom":8.986},{"_mousePosition":[798,424],"_rootPartCFrame":[768.283,228.961,48.28,-0.188,0,0.982,0,1,0,-0.982,0,-0.188],"_humanoidState":5,"_cameraCFrame":[771.016,238.989,47.54,-0.261,-0.916,0.304,0,0.315,0.949,-0.965,0.248,-0.082],"_shiftlockState":false,"_pose":"FreeFall","_animationQueue":[],"_animationSpeed":1,"_zoom":8.986},{"_mousePosition":[798,424],"_rootPartCFrame":[768.089,229.194,48.332,-0.195,0,0.981,0,1,0,-0.981,0,-0.195],"_humanoidState":5,"_cameraCFrame":[770.77,239.24,47.607,-0.261,-0.918,0.298,0,0.309,0.951,-0.965,0.248,-0.081],"_shiftlockState":false,"_pose":"FreeFall","_animationQueue":[],"_animationSpeed":1,"_zoom":8.986},{"_mousePosition":[798,424],"_rootPartCFrame":[767.768,229.515,48.419,-0.207,0,0.978,0,1,0,-0.978,0,-0.207],"_humanoidState":5,"_cameraCFrame":[770.402,239.576,47.709,-0.26,-0.92,0.293,0,0.304,0.953,-0.966,0.248,-0.079],"_shiftlockState":false,"_pose":"FreeFall","_animationQueue":[],"_animationSpeed":1,"_zoom":8.986},{"_mousePosition":[798,424],"_rootPartCFrame":[767.575,229.666,48.471,-0.213,0,0.977,0,1,0,-0.977,0,-0.213],"_humanoidState":5,"_cameraCFrame":[770.151,239.748,47.783,-0.258,-0.923,0.287,0,0.297,0.955,-0.966,0.247,-0.077],"_shiftlockState":false,"_pose":"FreeFall","_animationQueue":[],"_animationSpeed":1,"_zoom":8.986},{"_mousePosition":[798,424],"_rootPartCFrame":[767.317,229.821,48.541,-0.219,0,0.976,0,1,0,-0.976,0,-0.219],"_humanoidState":5,"_cameraCFrame":[769.835,239.921,47.876,-0.255,-0.925,0.28,0,0.29,0.957,-0.967,0.244,-0.074],"_shiftlockState":false,"_pose":"FreeFall","_animationQueue":[],"_animationSpeed":1,"_zoom":8.986},{"_mousePosition":[798,424],"_rootPartCFrame":[767.06,229.921,48.609,-0.225,0,0.974,0,1,0,-0.974,0,-0.225],"_humanoidState":5,"_cameraCFrame":[769.538,240.034,47.958,-0.254,-0.927,0.276,0,0.285,0.958,-0.967,0.244,-0.072],"_shiftlockState":false,"_pose":"FreeFall","_animationQueue":[],"_animationSpeed":1,"_zoom":8.986},{"_mousePosition":[798,424],"_rootPartCFrame":[766.737,229.969,48.695,-0.23,0,0.973,0,1,0,-0.973,0,-0.23],"_humanoidState":5,"_cameraCFrame":[769.182,240.092,48.055,-0.253,-0.928,0.272,0,0.281,0.96,-0.967,0.243,-0.071],"_shiftlockState":false,"_pose":"FreeFall","_animationQueue":[["fall",0.3]],"_animationSpeed":1,"_zoom":8.986},{"_mousePosition":[798,424],"_rootPartCFrame":[766.544,229.957,48.745,-0.233,0,0.972,0,1,0,-0.972,0,-0.233],"_humanoidState":5,"_cameraCFrame":[768.962,240.088,48.113,-0.253,-0.929,0.269,0,0.278,0.961,-0.967,0.243,-0.07],"_shiftlockState":false,"_pose":"FreeFall","_animationQueue":[],"_animationSpeed":1,"_zoom":8.986},{"_mousePosition":[798,424],"_rootPartCFrame":[766.221,229.869,48.83,-0.237,0,0.972,0,1,0,-0.972,0,-0.237],"_humanoidState":5,"_cameraCFrame":[768.626,240.004,48.201,-0.253,-0.93,0.268,0,0.277,0.961,-0.967,0.243,-0.07],"_shiftlockState":false,"_pose":"FreeFall","_animationQueue":[],"_animationSpeed":1,"_zoom":8.986},{"_mousePosition":[798,424],"_rootPartCFrame":[765.899,229.696,48.914,-0.24,0,0.971,0,1,0,-0.971,0,-0.24],"_humanoidState":5,"_cameraCFrame":[768.297,239.833,48.287,-0.253,-0.93,0.267,0,0.276,0.961,-0.967,0.243,-0.07],"_shiftlockState":false,"_pose":"FreeFall","_animationQueue":[],"_animationSpeed":1,"_zoom":8.986},{"_mousePosition":[798,424],"_rootPartCFrame":[765.641,229.496,48.982,-0.241,0,0.97,0,1,0,-0.97,0,-0.241],"_humanoidState":5,"_cameraCFrame":[768.039,239.633,48.354,-0.253,-0.93,0.267,0,0.276,0.961,-0.967,0.243,-0.07],"_shiftlockState":false,"_pose":"FreeFall","_animationQueue":[],"_animationSpeed":1,"_zoom":8.986},{"_mousePosition":[798,424],"_rootPartCFrame":[765.447,229.31,49.032,-0.243,0,0.97,0,1,0,-0.97,0,-0.243],"_humanoidState":5,"_cameraCFrame":[767.846,239.45,48.434,-0.242,-0.933,0.267,0,0.275,0.961,-0.97,0.233,-0.067],"_shiftlockState":false,"_pose":"FreeFall","_animationQueue":[],"_animationSpeed":1,"_zoom":8.986},{"_mousePosition":[798,424],"_rootPartCFrame":[765.189,229.015,49.1,-0.244,0,0.97,0,1,0,-0.97,0,-0.244],"_humanoidState":5,"_cameraCFrame":[767.609,239.156,48.63,-0.191,-0.944,0.269,0,0.274,0.962,-0.982,0.183,-0.052],"_shiftlockState":false,"_pose":"FreeFall","_animationQueue":[],"_animationSpeed":1,"_zoom":8.986},{"_mousePosition":[798,424],"_rootPartCFrame":[764.995,228.758,49.149,-0.244,0,0.97,0,1,0,-0.97,0,-0.244],"_humanoidState":5,"_cameraCFrame":[767.487,238.891,49.085,-0.025,-0.96,0.277,0,0.277,0.961,-1,0.024,-0.007],"_shiftlockState":false,"_pose":"FreeFall","_animationQueue":[["fall",0.3]],"_animationSpeed":1,"_zoom":8.986},{"_mousePosition":[798,424],"_rootPartCFrame":[764.668,228.261,49.214,-0.238,0,0.971,0,1,0,-0.971,0,-0.238],"_humanoidState":5,"_cameraCFrame":[767.163,238.382,49.662,0.177,-0.944,0.278,0,0.282,0.959,-0.984,-0.17,0.05],"_shiftlockState":false,"_pose":"FreeFall","_animationQueue":[],"_animationSpeed":1,"_zoom":8.986},{"_mousePosition":[798,424],"_rootPartCFrame":[764.47,227.922,49.238,-0.223,0,0.975,0,1,0,-0.975,0,-0.223],"_humanoidState":5,"_cameraCFrame":[766.675,238.035,50.544,0.51,-0.825,0.245,0,0.285,0.958,-0.86,-0.488,0.145],"_shiftlockState":false,"_pose":"FreeFall","_animationQueue":[],"_animationSpeed":1,"_zoom":8.986},{"_mousePosition":[798,424],"_rootPartCFrame":[764.206,227.422,49.234,-0.179,0,0.984,0,1,0,-0.984,0,-0.179],"_humanoidState":5,"_cameraCFrame":[765.813,237.552,51.158,0.768,-0.615,0.179,0,0.279,0.96,-0.641,-0.737,0.214],"_shiftlockState":false,"_pose":"FreeFall","_animationQueue":[],"_animationSpeed":1,"_zoom":8.986},{"_mousePosition":[798,424],"_rootPartCFrame":[763.95,226.868,49.192,-0.099,0,0.995,0,1,0,-0.995,0,-0.099],"_humanoidState":5,"_cameraCFrame":[764.729,237.058,51.346,0.94,-0.329,0.087,0,0.255,0.967,-0.34,-0.909,0.24],"_shiftlockState":false,"_pose":"FreeFall","_animationQueue":[],"_animationSpeed":1,"_zoom":8.986},{"_mousePosition":[798,424],"_rootPartCFrame":[763.71,227.003,48.985,0.05,0,0.999,0,1,0,-0.999,0,0.05],"_humanoidState":7,"_cameraCFrame":[765.586,237.235,50.996,0.998,-0.059,0.014,0,0.236,0.972,-0.061,-0.97,0.236],"_shiftlockState":true,"_pose":"FreeFall","_animationQueue":[["walk",0.1],["fall",0.3],["fall",0.3]],"_animationSpeed":1,"_zoom":8.986},{"_mousePosition":[683,384],"_rootPartCFrame":[763.538,227.217,48.78,0.998,0,-0.068,0,1,0,0.068,0,0.998],"_humanoidState":7,"_cameraCFrame":[765.415,237.449,50.791,0.998,-0.059,0.014,0,0.236,0.972,-0.061,-0.97,0.236],"_shiftlockState":true,"_pose":"FreeFall","_animationQueue":[["fall",0.3]],"_animationSpeed":1,"_zoom":8.986},{"_mousePosition":[683,384],"_rootPartCFrame":[763.383,227.378,48.595,1,0,0.021,0,1,0,-0.021,0,1],"_humanoidState":8,"_cameraCFrame":[765.014,237.612,50.803,0.998,0.054,-0.013,0,0.235,0.972,0.055,-0.97,0.235],"_shiftlockState":true,"_pose":"Running","_animationQueue":[["walk",0.1],["fall",0.3],["walk",0.1]],"_animationSpeed":1.103,"_zoom":8.986},{"_mousePosition":[683,384],"_rootPartCFrame":[763.274,228.037,48.464,0.988,0,-0.157,0,1,0,0.157,0,0.988],"_humanoidState":5,"_cameraCFrame":[764.734,238.285,50.733,0.991,0.13,-0.031,0,0.229,0.974,0.134,-0.965,0.226],"_shiftlockState":true,"_pose":"FreeFall","_animationQueue":[["jump",0.1]],"_animationSpeed":1,"_zoom":8.986},{"_mousePosition":[683,384],"_rootPartCFrame":[763.083,229.073,48.213,0.999,0,-0.045,0,1,0,0.045,0,0.999],"_humanoidState":5,"_cameraCFrame":[764.585,239.331,50.415,0.993,0.114,-0.026,0,0.224,0.975,0.117,-0.968,0.222],"_shiftlockState":true,"_pose":"FreeFall","_animationQueue":[],"_animationSpeed":1,"_zoom":8.986},{"_mousePosition":[683,384],"_rootPartCFrame":[762.962,229.654,48.054,0.999,0,-0.043,0,1,0,0.043,0,0.999],"_humanoidState":5,"_cameraCFrame":[764.527,239.925,50.16,0.996,0.089,-0.02,0,0.218,0.976,0.091,-0.972,0.217],"_shiftlockState":true,"_pose":"FreeFall","_animationQueue":[],"_animationSpeed":1,"_zoom":8.986},{"_mousePosition":[683,384],"_rootPartCFrame":[762.757,230.554,47.791,0.999,0,0.035,0,1,0,-0.035,0,0.999],"_humanoidState":5,"_cameraCFrame":[764.358,240.831,49.843,0.997,0.073,-0.016,0,0.214,0.977,0.074,-0.974,0.214],"_shiftlockState":true,"_pose":"FreeFall","_animationQueue":[],"_animationSpeed":1,"_zoom":8.986},{"_mousePosition":[683,384],"_rootPartCFrame":[762.629,231.053,47.637,1,0,0.002,0,1,0,-0.002,0,1],"_humanoidState":5,"_cameraCFrame":[764.278,241.337,49.618,0.999,0.051,-0.011,0,0.21,0.978,0.052,-0.976,0.21],"_shiftlockState":true,"_pose":"FreeFall","_animationQueue":[],"_animationSpeed":1,"_zoom":8.986},{"_mousePosition":[683,384],"_rootPartCFrame":[762.412,231.816,47.384,0.997,0,0.075,0,1,0,-0.075,0,0.997],"_humanoidState":5,"_cameraCFrame":[764.098,242.104,49.319,0.999,0.033,-0.007,0,0.209,0.978,0.034,-0.977,0.209],"_shiftlockState":true,"_pose":"FreeFall","_animationQueue":[],"_animationSpeed":1,"_zoom":8.986},{"_mousePosition":[683,384],"_rootPartCFrame":[762.279,232.233,47.235,0.999,0,0.043,0,1,0,-0.043,0,0.999],"_humanoidState":5,"_cameraCFrame":[764.003,242.524,49.122,1,0.013,-0.003,0,0.207,0.978,0.014,-0.978,0.207],"_shiftlockState":true,"_pose":"FreeFall","_animationQueue":[],"_animationSpeed":1,"_zoom":8.986},{"_mousePosition":[683,384],"_rootPartCFrame":[762.052,232.861,46.991,0.994,0,0.114,0,1,0,-0.114,0,0.994],"_humanoidState":5,"_cameraCFrame":[763.812,243.153,48.838,1,-0.005,0.001,0,0.207,0.978,-0.005,-0.978,0.207],"_shiftlockState":true,"_pose":"FreeFall","_animationQueue":[],"_animationSpeed":1,"_zoom":8.986},{"_mousePosition":[683,384],"_rootPartCFrame":[761.913,233.196,46.847,0.997,0,0.082,0,1,0,-0.082,0,0.997],"_humanoidState":5,"_cameraCFrame":[763.697,243.49,48.663,1,-0.018,0.004,0,0.206,0.979,-0.019,-0.978,0.206],"_shiftlockState":true,"_pose":"FreeFall","_animationQueue":[],"_animationSpeed":1,"_zoom":8.986},{"_mousePosition":[683,384],"_rootPartCFrame":[761.677,233.687,46.612,0.989,0,0.147,0,1,0,-0.147,0,0.989],"_humanoidState":5,"_cameraCFrame":[763.482,243.981,48.407,1,-0.03,0.006,0,0.206,0.979,-0.03,-0.978,0.206],"_shiftlockState":true,"_pose":"FreeFall","_animationQueue":[],"_animationSpeed":1,"_zoom":8.986},{"_mousePosition":[683,384],"_rootPartCFrame":[761.533,233.941,46.473,0.994,0,0.107,0,1,0,-0.107,0,0.994],"_humanoidState":5,"_cameraCFrame":[763.35,244.235,48.256,0.999,-0.036,0.008,0,0.206,0.979,-0.037,-0.978,0.206],"_shiftlockState":true,"_pose":"FreeFall","_animationQueue":[["jump",0]],"_animationSpeed":1,"_zoom":8.986},{"_mousePosition":[683,384],"_rootPartCFrame":[761.339,234.232,46.29,0.99,0,0.14,0,1,0,-0.14,0,0.99],"_humanoidState":5,"_cameraCFrame":[763.159,244.525,48.069,0.999,-0.038,0.008,0,0.206,0.979,-0.039,-0.978,0.206],"_shiftlockState":true,"_pose":"FreeFall","_animationQueue":[],"_animationSpeed":1,"_zoom":8.986},{"_mousePosition":[683,384],"_rootPartCFrame":[761.144,234.468,46.108,0.99,0,0.142,0,1,0,-0.142,0,0.99],"_humanoidState":5,"_cameraCFrame":[762.968,244.76,47.891,0.999,-0.04,0.008,0,0.207,0.978,-0.041,-0.978,0.206],"_shiftlockState":true,"_pose":"FreeFall","_animationQueue":[],"_animationSpeed":1,"_zoom":8.986},{"_mousePosition":[683,384],"_rootPartCFrame":[760.9,234.686,45.881,0.985,0,0.17,0,1,0,-0.17,0,0.985],"_humanoidState":5,"_cameraCFrame":[762.731,244.968,47.708,0.999,-0.043,0.009,0,0.212,0.977,-0.044,-0.976,0.212],"_shiftlockState":true,"_pose":"FreeFall","_animationQueue":[],"_animationSpeed":1,"_zoom":8.986},{"_mousePosition":[683,384],"_rootPartCFrame":[760.753,234.776,45.746,0.993,0,0.122,0,1,0,-0.122,0,0.993],"_humanoidState":5,"_cameraCFrame":[762.593,245.023,47.726,0.999,-0.044,0.01,0,0.229,0.973,-0.045,-0.972,0.229],"_shiftlockState":true,"_pose":"FreeFall","_animationQueue":[],"_animationSpeed":1,"_zoom":8.986},{"_mousePosition":[683,384],"_rootPartCFrame":[760.562,234.846,45.634,0.996,0.002,0.092,-0.002,1,0,-0.092,0,0.996],"_humanoidState":5,"_cameraCFrame":[762.412,245.054,47.769,0.999,-0.043,0.011,0,0.247,0.969,-0.045,-0.968,0.246],"_shiftlockState":true,"_pose":"FreeFall","_animationQueue":[],"_animationSpeed":1,"_zoom":8.986},{"_mousePosition":[683,384],"_rootPartCFrame":[760.384,234.851,45.635,0.997,0.002,0.08,-0.002,1,0,-0.08,0,0.997],"_humanoidState":5,"_cameraCFrame":[762.234,245.028,47.895,0.999,-0.04,0.011,0,0.26,0.966,-0.042,-0.965,0.26],"_shiftlockState":true,"_pose":"FreeFall","_animationQueue":[],"_animationSpeed":1,"_zoom":8.986},{"_mousePosition":[683,384],"_rootPartCFrame":[760.142,234.783,45.655,0.992,0,0.122,0,1,0,-0.122,0,0.992],"_humanoidState":5,"_cameraCFrame":[761.988,244.959,47.922,0.999,-0.04,0.011,0,0.261,0.965,-0.042,-0.965,0.26],"_shiftlockState":true,"_pose":"FreeFall","_animationQueue":[],"_animationSpeed":1,"_zoom":8.986},{"_mousePosition":[683,384],"_rootPartCFrame":[759.974,234.704,45.699,0.995,-0.001,0.103,0.001,1,0,-0.103,0,0.995],"_humanoidState":5,"_cameraCFrame":[761.819,244.88,47.966,0.999,-0.04,0.011,0,0.261,0.965,-0.042,-0.965,0.26],"_shiftlockState":true,"_pose":"FreeFall","_animationQueue":[],"_animationSpeed":1,"_zoom":8.986},{"_mousePosition":[683,384],"_rootPartCFrame":[759.753,234.551,45.724,0.99,0,0.142,0,1,0,-0.142,0,0.99],"_humanoidState":5,"_cameraCFrame":[761.599,244.727,47.99,0.999,-0.04,0.011,0,0.261,0.965,-0.042,-0.965,0.26],"_shiftlockState":true,"_pose":"FreeFall","_animationQueue":[["fall",0.3]],"_animationSpeed":1,"_zoom":8.986},{"_mousePosition":[683,384],"_rootPartCFrame":[759.538,234.344,45.708,0.989,0,0.145,0,1,0,-0.145,0,0.989],"_humanoidState":5,"_cameraCFrame":[761.384,244.519,47.975,0.999,-0.04,0.011,0,0.261,0.965,-0.042,-0.965,0.26],"_shiftlockState":true,"_pose":"FreeFall","_animationQueue":[],"_animationSpeed":1,"_zoom":8.986},{"_mousePosition":[683,384],"_rootPartCFrame":[759.326,234.082,45.654,0.989,0,0.146,0,1,0,-0.146,0,0.989],"_humanoidState":5,"_cameraCFrame":[761.161,244.257,47.93,0.999,-0.035,0.01,0,0.261,0.965,-0.037,-0.965,0.26],"_shiftlockState":true,"_pose":"FreeFall","_animationQueue":[],"_animationSpeed":1,"_zoom":8.986},{"_mousePosition":[683,384],"_rootPartCFrame":[759.113,233.779,45.642,0.996,-0.005,0.085,0.005,1,0,-0.085,0,0.996],"_humanoidState":5,"_cameraCFrame":[760.31,243.889,48.511,0.98,0.19,-0.057,0,0.286,0.958,0.199,-0.939,0.28],"_shiftlockState":true,"_pose":"FreeFall","_animationQueue":[],"_animationSpeed":1,"_zoom":8.986},{"_mousePosition":[683,384],"_rootPartCFrame":[758.882,233.339,45.753,0.998,-0.003,-0.067,0.003,1,-0.001,0.067,0.001,0.998],"_humanoidState":5,"_cameraCFrame":[758.608,243.435,48.894,0.781,0.597,-0.182,0,0.292,0.957,0.625,-0.747,0.228],"_shiftlockState":true,"_pose":"FreeFall","_animationQueue":[],"_animationSpeed":1,"_zoom":8.986},{"_mousePosition":[683,384],"_rootPartCFrame":[758.764,233.456,46.01,0.802,-0.001,-0.598,0,1,-0.002,0.598,0.002,0.802],"_humanoidState":7,"_cameraCFrame":[757.076,243.555,48.66,0.401,0.877,-0.266,0,0.29,0.957,0.916,-0.384,0.116],"_shiftlockState":true,"_pose":"FreeFall","_animationQueue":[["walk",0.1],["fall",0.3],["fall",0.3]],"_animationSpeed":1,"_zoom":8.986},{"_mousePosition":[683,384],"_rootPartCFrame":[758.627,233.693,46.13,0.376,0.001,-0.927,-0.001,1,0.001,0.927,0,0.376],"_humanoidState":7,"_cameraCFrame":[757.165,243.896,48.564,0.357,0.905,-0.232,0,0.249,0.969,0.934,-0.346,0.089],"_shiftlockState":true,"_pose":"FreeFall","_animationQueue":[["fall",0.3]],"_animationSpeed":1,"_zoom":8.986},{"_mousePosition":[683,384],"_rootPartCFrame":[758.492,233.866,46.125,0.315,0.002,-0.949,-0.001,1,0.001,0.949,0,0.315],"_humanoidState":7,"_cameraCFrame":[758.807,244.215,48.449,0.759,0.641,-0.113,0,0.174,0.985,0.651,-0.747,0.132],"_shiftlockState":true,"_pose":"FreeFall","_animationQueue":[],"_animationSpeed":1,"_zoom":8.986},{"_mousePosition":[683,384],"_rootPartCFrame":[758.362,234.001,46.118,0.749,0,-0.663,0,1,0,0.663,0,0.749],"_humanoidState":8,"_cameraCFrame":[759.773,244.351,47.991,0.981,0.193,-0.034,0,0.174,0.985,0.196,-0.966,0.17],"_shiftlockState":true,"_pose":"Running","_animationQueue":[["walk",0.1],["fall",0.3],["walk",0.1]],"_animationSpeed":0.556,"_zoom":8.986},{"_mousePosition":[683,384],"_rootPartCFrame":[758.298,234.664,46.115,0.98,0,-0.198,0,1,0,0.198,0,0.98],"_humanoidState":3,"_cameraCFrame":[760.148,244.938,47.956,0.999,-0.052,0.011,0,0.216,0.976,-0.053,-0.975,0.215],"_shiftlockState":true,"_pose":"Jumping","_animationQueue":[["walk",0.1],["jump",0.1]],"_animationSpeed":1,"_zoom":8.986},{"_mousePosition":[683,384],"_rootPartCFrame":[758.207,235.513,46.087,0.995,0,0.101,0,1,0,-0.101,0,0.995],"_humanoidState":5,"_cameraCFrame":[760.479,245.745,47.633,0.96,-0.272,0.066,0,0.236,0.972,-0.28,-0.933,0.227],"_shiftlockState":true,"_pose":"FreeFall","_animationQueue":[["jump",0.1]],"_animationSpeed":1,"_zoom":8.986},{"_mousePosition":[683,384],"_rootPartCFrame":[758.096,236.308,46.025,0.938,0,0.347,0,1,0,-0.347,0,0.938],"_humanoidState":5,"_cameraCFrame":[760.707,246.482,47.345,0.895,-0.43,0.116,0,0.261,0.965,-0.445,-0.864,0.234],"_shiftlockState":true,"_pose":"FreeFall","_animationQueue":[],"_animationSpeed":1,"_zoom":8.986},{"_mousePosition":[683,384],"_rootPartCFrame":[757.917,237.214,45.975,0.862,0.004,0.506,-0.003,1,-0.002,-0.506,0,0.862],"_humanoidState":5,"_cameraCFrame":[760.747,247.344,47.142,0.842,-0.518,0.15,0,0.279,0.96,-0.539,-0.809,0.235],"_shiftlockState":true,"_pose":"FreeFall","_animationQueue":[],"_animationSpeed":1,"_zoom":8.986},{"_mousePosition":[683,384],"_rootPartCFrame":[757.795,237.692,46.01,0.824,0.006,0.566,-0.005,1,-0.003,-0.566,0,0.824],"_humanoidState":5,"_cameraCFrame":[760.71,247.816,47.011,0.806,-0.568,0.166,0,0.281,0.96,-0.592,-0.773,0.227],"_shiftlockState":true,"_pose":"FreeFall","_animationQueue":[],"_animationSpeed":1,"_zoom":8.986},{"_mousePosition":[683,384],"_rootPartCFrame":[757.511,238.544,46.075,0.732,0.002,0.682,-0.003,1,0,-0.682,-0.002,0.732],"_humanoidState":5,"_cameraCFrame":[760.431,248.667,47.039,0.799,-0.577,0.169,0,0.281,0.96,-0.601,-0.767,0.225],"_shiftlockState":true,"_pose":"FreeFall","_animationQueue":[],"_animationSpeed":1,"_zoom":8.986},{"_mousePosition":[683,384],"_rootPartCFrame":[757.404,238.797,46.086,0.77,0.001,0.638,-0.003,1,0.001,-0.638,-0.003,0.77],"_humanoidState":5,"_cameraCFrame":[760.341,248.927,46.934,0.779,-0.603,0.175,0,0.279,0.96,-0.628,-0.748,0.217],"_shiftlockState":true,"_pose":"FreeFall","_animationQueue":[],"_animationSpeed":1,"_zoom":8.986},{"_mousePosition":[683,384],"_rootPartCFrame":[757.111,239.372,46.08,0.695,0,0.719,-0.001,1,0.001,-0.719,-0.001,0.695],"_humanoidState":5,"_cameraCFrame":[760.072,249.502,46.832,0.757,-0.627,0.182,0,0.279,0.96,-0.653,-0.727,0.211],"_shiftlockState":true,"_pose":"FreeFall","_animationQueue":[],"_animationSpeed":1,"_zoom":8.986},{"_mousePosition":[683,384],"_rootPartCFrame":[756.915,239.676,46.06,0.706,0,0.708,0,1,0,-0.708,0,0.706],"_humanoidState":5,"_cameraCFrame":[759.915,249.802,46.699,0.729,-0.657,0.192,0,0.28,0.96,-0.684,-0.7,0.204],"_shiftlockState":true,"_pose":"FreeFall","_animationQueue":[],"_animationSpeed":1,"_zoom":8.986},{"_mousePosition":[683,384],"_rootPartCFrame":[756.583,240.115,46.035,0.639,0,0.769,0,1,0,-0.769,0,0.639],"_humanoidState":5,"_cameraCFrame":[759.631,250.231,46.575,0.701,-0.684,0.203,0,0.284,0.959,-0.714,-0.672,0.199],"_shiftlockState":true,"_pose":"FreeFall","_animationQueue":[],"_animationSpeed":1,"_zoom":8.986},{"_mousePosition":[683,384],"_rootPartCFrame":[756.383,240.338,46.027,0.646,0,0.764,0,1,0,-0.764,0,0.646],"_humanoidState":5,"_cameraCFrame":[759.506,250.434,46.419,0.655,-0.723,0.22,0,0.291,0.957,-0.756,-0.627,0.191],"_shiftlockState":true,"_pose":"FreeFall","_animationQueue":[],"_animationSpeed":1,"_zoom":8.986},{"_mousePosition":[683,384],"_rootPartCFrame":[756.064,240.64,45.981,0.636,0,0.772,0,1,0,-0.772,0,0.636],"_humanoidState":5,"_cameraCFrame":[759.268,250.713,46.212,0.604,-0.76,0.239,0,0.3,0.954,-0.797,-0.576,0.181],"_shiftlockState":true,"_pose":"FreeFall","_animationQueue":[],"_animationSpeed":1,"_zoom":8.986},{"_mousePosition":[683,384],"_rootPartCFrame":[755.884,240.781,45.926,0.607,0,0.794,0,1,0,-0.794,0,0.607],"_humanoidState":5,"_cameraCFrame":[759.189,250.818,45.982,0.544,-0.797,0.262,0,0.312,0.95,-0.839,-0.517,0.17],"_shiftlockState":true,"_pose":"FreeFall","_animationQueue":[],"_animationSpeed":1,"_zoom":8.986},{"_mousePosition":[683,384],"_rootPartCFrame":[755.6,240.947,45.788,0.493,0,0.87,0,1,0,-0.87,0,0.493],"_humanoidState":5,"_cameraCFrame":[758.964,250.959,45.591,0.469,-0.837,0.283,0,0.32,0.947,-0.883,-0.444,0.15],"_shiftlockState":true,"_pose":"FreeFall","_animationQueue":[["jump",0.1],["fall",0.3]],"_animationSpeed":1,"_zoom":8.986},{"_mousePosition":[683,384],"_rootPartCFrame":[755.427,241.006,45.69,0.472,0,0.881,0,1,0,-0.881,0,0.472],"_humanoidState":5,"_cameraCFrame":[758.73,251.039,45.391,0.449,-0.848,0.28,0,0.314,0.95,-0.894,-0.426,0.141],"_shiftlockState":true,"_pose":"FreeFall","_animationQueue":[],"_animationSpeed":1,"_zoom":8.986},{"_mousePosition":[683,384],"_rootPartCFrame":[755.133,241.036,45.533,0.453,0,0.892,0,1,0,-0.892,0,0.453],"_humanoidState":5,"_cameraCFrame":[758.33,251.102,45.074,0.417,-0.866,0.275,0,0.302,0.953,-0.909,-0.397,0.126],"_shiftlockState":true,"_pose":"FreeFall","_animationQueue":[],"_animationSpeed":1,"_zoom":8.986},{"_mousePosition":[683,384],"_rootPartCFrame":[754.955,240.98,45.442,0.418,0,0.909,0,1,0,-0.909,0,0.418],"_humanoidState":7,"_cameraCFrame":[757.987,251.091,44.756,0.367,-0.891,0.266,0,0.286,0.958,-0.93,-0.352,0.105],"_shiftlockState":true,"_pose":"FreeFall","_animationQueue":[["walk",0.1],["fall",0.3],["fall",0.3]],"_animationSpeed":1,"_zoom":8.986},{"_mousePosition":[683,384],"_rootPartCFrame":[754.713,240.854,45.33,0.367,0,0.93,0,1,0,-0.93,0,0.367],"_humanoidState":7,"_cameraCFrame":[757.535,251.011,44.379,0.299,-0.919,0.256,0,0.268,0.963,-0.954,-0.288,0.08],"_shiftlockState":true,"_pose":"FreeFall","_animationQueue":[],"_animationSpeed":1,"_zoom":8.986},{"_mousePosition":[683,384],"_rootPartCFrame":[754.342,240.749,45.181,0.299,0,0.954,0,1,0,-0.954,0,0.299],"_humanoidState":8,"_cameraCFrame":[756.922,250.946,43.947,0.211,-0.946,0.246,0,0.252,0.968,-0.978,-0.204,0.053],"_shiftlockState":true,"_pose":"Running","_animationQueue":[["walk",0.1],["fall",0.3],["walk",0.1]],"_animationSpeed":1.103,"_zoom":8.986},{"_mousePosition":[683,384],"_rootPartCFrame":[754.089,240.757,45.099,0.211,0,0.978,0,1,0,-0.978,0,0.211],"_humanoidState":8,"_cameraCFrame":[756.446,250.979,43.62,0.12,-0.964,0.239,0,0.241,0.971,-0.993,-0.116,0.029],"_shiftlockState":true,"_pose":"Running","_animationQueue":[],"_animationSpeed":1.103,"_zoom":8.986},{"_mousePosition":[683,384],"_rootPartCFrame":[753.894,240.766,45.053,0.12,0,0.993,0,1,0,-0.993,0,0.12],"_humanoidState":8,"_cameraCFrame":[756.036,251.004,43.356,0.025,-0.972,0.234,0,0.234,0.972,-1,-0.024,0.006],"_shiftlockState":true,"_pose":"Running","_animationQueue":[["walk",0.1]],"_animationSpeed":1.103,"_zoom":8.986},{"_mousePosition":[683,384],"_rootPartCFrame":[753.634,241.629,44.996,0.025,0,1,0,1,0,-1,0,0.025],"_humanoidState":3,"_cameraCFrame":[755.645,251.873,43.177,-0.034,-0.973,0.23,0,0.231,0.973,-0.999,0.033,-0.008],"_shiftlockState":true,"_pose":"Jumping","_animationQueue":[["walk",0.1],["jump",0.1]],"_animationSpeed":1,"_zoom":8.986},{"_mousePosition":[683,384],"_rootPartCFrame":[753.37,242.438,44.963,-0.028,0,1,0,1,0,-1,0,-0.028],"_humanoidState":5,"_cameraCFrame":[755.298,252.687,43.079,-0.067,-0.971,0.228,0,0.228,0.974,-0.998,0.065,-0.015],"_shiftlockState":true,"_pose":"FreeFall","_animationQueue":[["jump",0.1]],"_animationSpeed":1,"_zoom":8.986},{"_mousePosition":[683,384],"_rootPartCFrame":[753.104,243.192,44.965,-0.062,0,0.998,0,1,0,-0.998,0,-0.062],"_humanoidState":5,"_cameraCFrame":[754.991,253.446,43.062,-0.078,-0.971,0.225,0,0.226,0.974,-0.997,0.076,-0.018],"_shiftlockState":true,"_pose":"FreeFall","_animationQueue":[],"_animationSpeed":1,"_zoom":8.986},{"_mousePosition":[683,384],"_rootPartCFrame":[752.838,243.891,44.981,-0.075,0,0.997,0,1,0,-0.997,0,-0.075],"_humanoidState":5,"_cameraCFrame":[754.725,254.145,43.079,-0.078,-0.971,0.225,0,0.226,0.974,-0.997,0.076,-0.018],"_shiftlockState":true,"_pose":"FreeFall","_animationQueue":[],"_animationSpeed":1,"_zoom":8.986},{"_mousePosition":[683,384],"_rootPartCFrame":[752.572,244.536,45.002,-0.077,0,0.997,0,1,0,-0.997,0,-0.077],"_humanoidState":5,"_cameraCFrame":[754.459,254.79,43.099,-0.078,-0.971,0.225,0,0.226,0.974,-0.997,0.076,-0.018],"_shiftlockState":true,"_pose":"FreeFall","_animationQueue":[],"_animationSpeed":1,"_zoom":8.986},{"_mousePosition":[683,384],"_rootPartCFrame":[752.306,245.126,45.022,-0.078,0,0.997,0,1,0,-0.997,0,-0.078],"_humanoidState":5,"_cameraCFrame":[754.194,255.38,43.12,-0.078,-0.971,0.225,0,0.226,0.974,-0.997,0.076,-0.018],"_shiftlockState":true,"_pose":"FreeFall","_animationQueue":[],"_animationSpeed":1,"_zoom":8.986},{"_mousePosition":[683,384],"_rootPartCFrame":[752.041,245.662,45.043,-0.078,0,0.997,0,1,0,-0.997,0,-0.078],"_humanoidState":5,"_cameraCFrame":[753.928,255.916,43.141,-0.078,-0.971,0.225,0,0.226,0.974,-0.997,0.076,-0.018],"_shiftlockState":true,"_pose":"FreeFall","_animationQueue":[],"_animationSpeed":1,"_zoom":8.986},{"_mousePosition":[683,384],"_rootPartCFrame":[751.642,246.364,45.074,-0.078,0,0.997,0,1,0,-0.997,0,-0.078],"_humanoidState":5,"_cameraCFrame":[753.529,256.618,43.172,-0.078,-0.971,0.225,0,0.226,0.974,-0.997,0.076,-0.018],"_shiftlockState":true,"_pose":"FreeFall","_animationQueue":[],"_animationSpeed":1,"_zoom":8.986},{"_mousePosition":[683,384],"_rootPartCFrame":[751.509,246.571,45.084,-0.078,0,0.997,0,1,0,-0.997,0,-0.078],"_humanoidState":5,"_cameraCFrame":[753.38,256.828,43.181,-0.079,-0.972,0.224,0,0.224,0.975,-0.997,0.077,-0.018],"_shiftlockState":true,"_pose":"FreeFall","_animationQueue":[],"_animationSpeed":1,"_zoom":8.986},{"_mousePosition":[683,384],"_rootPartCFrame":[751.243,246.943,45.105,-0.079,0,0.997,0,1,0,-0.997,0,-0.079],"_humanoidState":5,"_cameraCFrame":[753.068,257.21,43.201,-0.081,-0.972,0.219,0,0.22,0.976,-0.997,0.079,-0.018],"_shiftlockState":true,"_pose":"FreeFall","_animationQueue":[],"_animationSpeed":1,"_zoom":8.986},{"_mousePosition":[683,384],"_rootPartCFrame":[750.977,247.261,45.126,-0.081,0,0.997,0,1,0,-0.997,0,-0.081],"_humanoidState":5,"_cameraCFrame":[752.765,257.536,43.223,-0.082,-0.973,0.215,0,0.216,0.976,-0.997,0.08,-0.018],"_shiftlockState":true,"_pose":"FreeFall","_animationQueue":[],"_animationSpeed":1,"_zoom":8.986},{"_mousePosition":[683,384],"_rootPartCFrame":[750.711,247.524,45.148,-0.082,0,0.997,0,1,0,-0.997,0,-0.082],"_humanoidState":5,"_cameraCFrame":[752.449,257.81,43.249,-0.082,-0.974,0.209,0,0.21,0.978,-0.997,0.08,-0.017],"_shiftlockState":true,"_pose":"FreeFall","_animationQueue":[],"_animationSpeed":1,"_zoom":8.986},{"_mousePosition":[683,384],"_rootPartCFrame":[750.445,247.733,45.169,-0.082,0,0.997,0,1,0,-0.997,0,-0.082],"_humanoidState":5,"_cameraCFrame":[752.129,258.031,43.277,-0.081,-0.976,0.203,0,0.204,0.979,-0.997,0.079,-0.016],"_shiftlockState":true,"_pose":"FreeFall","_animationQueue":[],"_animationSpeed":1,"_zoom":8.986},{"_mousePosition":[683,384],"_rootPartCFrame":[750.18,247.888,45.191,-0.081,0,0.997,0,1,0,-0.997,0,-0.081],"_humanoidState":5,"_cameraCFrame":[751.808,258.199,43.318,-0.072,-0.978,0.195,0,0.196,0.981,-0.997,0.071,-0.014],"_shiftlockState":true,"_pose":"FreeFall","_animationQueue":[],"_animationSpeed":1,"_zoom":8.986},{"_mousePosition":[683,384],"_rootPartCFrame":[749.914,247.987,45.213,-0.057,0,0.998,0,1,0,-0.998,0,-0.057],"_humanoidState":5,"_cameraCFrame":[751.508,258.313,43.378,-0.052,-0.981,0.187,0,0.188,0.982,-0.999,0.051,-0.01],"_shiftlockState":true,"_pose":"FreeFall","_animationQueue":[["jump",0.1]],"_animationSpeed":1,"_zoom":8.986},{"_mousePosition":[683,384],"_rootPartCFrame":[749.781,248.016,45.222,-0.052,0,0.999,0,1,0,-0.999,0,-0.052],"_humanoidState":5,"_cameraCFrame":[751.374,258.345,43.399,-0.045,-0.982,0.186,0,0.186,0.983,-0.999,0.044,-0.008],"_shiftlockState":true,"_pose":"FreeFall","_animationQueue":[],"_animationSpeed":1,"_zoom":8.986},{"_mousePosition":[683,384],"_rootPartCFrame":[749.515,248.035,45.236,-0.045,0,0.999,0,1,0,-0.999,0,-0.045],"_humanoidState":5,"_cameraCFrame":[751.103,258.368,43.429,-0.035,-0.982,0.184,0,0.184,0.983,-0.999,0.034,-0.006],"_shiftlockState":true,"_pose":"FreeFall","_animationQueue":[],"_animationSpeed":1,"_zoom":8.986},{"_mousePosition":[683,384],"_rootPartCFrame":[749.248,247.998,45.248,-0.036,0,0.999,0,1,0,-0.999,0,-0.036],"_humanoidState":5,"_cameraCFrame":[750.833,258.335,43.457,-0.026,-0.983,0.181,0,0.181,0.983,-1,0.025,-0.005],"_shiftlockState":true,"_pose":"FreeFall","_animationQueue":[],"_animationSpeed":1,"_zoom":8.986},{"_mousePosition":[683,384],"_rootPartCFrame":[748.982,247.907,45.258,-0.027,0,1,0,1,0,-1,0,-0.027],"_humanoidState":5,"_cameraCFrame":[750.565,258.246,43.472,-0.023,-0.983,0.181,0,0.181,0.984,-1,0.022,-0.004],"_shiftlockState":true,"_pose":"FreeFall","_animationQueue":[],"_animationSpeed":1,"_zoom":8.986},{"_mousePosition":[683,384],"_rootPartCFrame":[748.715,247.762,45.265,-0.023,0,1,0,1,0,-1,0,-0.023],"_humanoidState":5,"_cameraCFrame":[750.291,258.102,43.479,-0.023,-0.983,0.18,0,0.18,0.984,-1,0.022,-0.004],"_shiftlockState":true,"_pose":"FreeFall","_animationQueue":[["fall",0.3]],"_animationSpeed":1,"_zoom":8.986},{"_mousePosition":[683,384],"_rootPartCFrame":[748.448,247.562,45.271,-0.023,0,1,0,1,0,-1,0,-0.023],"_humanoidState":5,"_cameraCFrame":[749.982,257.906,43.468,-0.034,-0.984,0.177,0,0.177,0.984,-0.999,0.034,-0.006],"_shiftlockState":true,"_pose":"FreeFall","_animationQueue":[],"_animationSpeed":1,"_zoom":8.986},{"_mousePosition":[683,384],"_rootPartCFrame":[748.182,247.308,45.277,-0.033,0,0.999,0,1,0,-0.999,0,-0.033],"_humanoidState":5,"_cameraCFrame":[749.639,257.655,43.429,-0.064,-0.983,0.175,0,0.175,0.985,-0.998,0.063,-0.011],"_shiftlockState":true,"_pose":"FreeFall","_animationQueue":[],"_animationSpeed":1,"_zoom":8.986},{"_mousePosition":[683,384],"_rootPartCFrame":[747.849,246.913,45.288,-0.06,0,0.998,0,1,0,-0.998,0,-0.06],"_humanoidState":5,"_cameraCFrame":[749.195,257.263,43.368,-0.117,-0.978,0.172,0,0.174,0.985,-0.993,0.115,-0.02],"_shiftlockState":true,"_pose":"FreeFall","_animationQueue":[],"_animationSpeed":1,"_zoom":8.986},{"_mousePosition":[683,384],"_rootPartCFrame":[747.649,246.636,45.3,-0.112,0,0.994,0,1,0,-0.994,0,-0.112],"_humanoidState":5,"_cameraCFrame":[748.867,256.985,43.296,-0.181,-0.969,0.171,0,0.174,0.985,-0.984,0.178,-0.031],"_shiftlockState":true,"_pose":"FreeFall","_animationQueue":[],"_animationSpeed":1,"_zoom":8.986},