[{"_mousePosition":[1093,378],"_rootPartCFrame":[776.035,222.968,47.142,-0.002,-0.007,1,0,1,0.007,-1,0,-0.002],"_humanoidState":8,"_cameraCFrame":[776.369,235.631,39.996,-0.999,-0.041,0.026,0,0.54,0.842,-0.048,0.841,-0.539],"_shiftlockState":false,"_pose":"Standing","_animationQueue":[],"_animationSpeed":1,"_zoom":13.259},{"_mousePosition":[1084,387],"_rootPartCFrame":[775.657,222.766,47.124,0.008,0,1,0,1,0,-1,0,0.008],"_humanoidState":8,"_cameraCFrame":[776.002,235.429,39.978,-0.999,-0.041,0.026,0,0.54,0.842,-0.048,0.841,-0.539],"_shiftlockState":false,"_pose":"Standing","_animationQueue":[],"_animationSpeed":1,"_zoom":13.259},{"_mousePosition":[1075,396],"_rootPartCFrame":[775.523,222.676,47.117,0.011,0,1,0,1,0,-1,0,0.011],"_humanoidState":8,"_cameraCFrame":[775.869,235.339,39.971,-0.999,-0.041,0.026,0,0.54,0.842,-0.048,0.841,-0.539],"_shiftlockState":false,"_pose":"Running","_animationQueue":[["walk",0.1]],"_animationSpeed":1.101,"_zoom":13.259},{"_mousePosition":[1063,404],"_rootPartCFrame":[775.124,222.662,47.098,0.019,0,1,0,1,0,-1,0,0.019],"_humanoidState":8,"_cameraCFrame":[775.468,235.325,39.952,-0.999,-0.041,0.026,0,0.54,0.842,-0.048,0.841,-0.539],"_shiftlockState":false,"_pose":"Running","_animationQueue":[["walk",0.1]],"_animationSpeed":1.101,"_zoom":13.259},{"_mousePosition":[1053,409],"_rootPartCFrame":[774.99,222.67,47.092,0.021,0,1,0,1,0,-1,0,0.021],"_humanoidState":8,"_cameraCFrame":[775.335,235.333,39.946,-0.999,-0.041,0.026,0,0.54,0.842,-0.048,0.841,-0.539],"_shiftlockState":false,"_pose":"Running","_animationQueue":[],"_animationSpeed":1.101,"_zoom":13.259},{"_mousePosition":[1044,415],"_rootPartCFrame":[774.724,222.683,47.079,0.024,0,1,0,1,0,-1,0,0.024],"_humanoidState":8,"_cameraCFrame":[775.069,235.346,39.933,-0.999,-0.041,0.026,0,0.54,0.842,-0.048,0.841,-0.539],"_shiftlockState":false,"_pose":"Running","_animationQueue":[],"_animationSpeed":1.101,"_zoom":13.259},{"_mousePosition":[1030,424],"_rootPartCFrame":[774.458,222.691,47.066,0.028,0,1,0,1,0,-1,0,0.028],"_humanoidState":8,"_cameraCFrame":[774.802,235.354,39.92,-0.999,-0.041,0.026,0,0.54,0.842,-0.048,0.841,-0.539],"_shiftlockState":false,"_pose":"Running","_animationQueue":[],"_animationSpeed":1.101,"_zoom":13.259},{"_mousePosition":[1023,430],"_rootPartCFrame":[774.058,222.696,47.047,0.032,0,0.999,0,1,0,-0.999,0,0.032],"_humanoidState":8,"_cameraCFrame":[774.403,235.359,39.901,-0.999,-0.041,0.026,0,0.54,0.842,-0.048,0.841,-0.539],"_shiftlockState":false,"_pose":"Running","_animationQueue":[],"_animationSpeed":1.101,"_zoom":13.259},{"_mousePosition":[1016,436],"_rootPartCFrame":[773.792,222.698,47.034,0.034,0,0.999,0,1,0,-0.999,0,0.034],"_humanoidState":8,"_cameraCFrame":[772.389,235.361,39.803,-0.999,-0.041,0.026,0,0.54,0.842,-0.048,0.841,-0.539],"_shiftlockState":true,"_pose":"Running","_animationQueue":[],"_animationSpeed":1.101,"_zoom":13.259},{"_mousePosition":[683,352.5],"_rootPartCFrame":[773.592,222.698,47.024,-1,0,0,0,1,0,0,0,-1],"_humanoidState":8,"_cameraCFrame":[772.189,235.362,39.794,-0.999,-0.041,0.026,0,0.54,0.842,-0.048,0.841,-0.539],"_shiftlockState":true,"_pose":"Running","_animationQueue":[],"_animationSpeed":1.101,"_zoom":13.259},{"_mousePosition":[683,352.5],"_rootPartCFrame":[773.326,222.699,47.011,-1,0,0.023,0,1,0,-0.023,0,-1],"_humanoidState":8,"_cameraCFrame":[771.835,235.442,39.924,-0.999,-0.031,0.019,0,0.53,0.848,-0.037,0.847,-0.53],"_shiftlockState":true,"_pose":"Running","_animationQueue":[["walk",0.1]],"_animationSpeed":1.101,"_zoom":13.259},{"_mousePosition":[683,352.5],"_rootPartCFrame":[773.059,222.699,46.998,-0.999,0,0.034,0,1,0,-0.034,0,-0.999],"_humanoidState":8,"_cameraCFrame":[771.491,235.516,40.045,-1,-0.022,0.014,0,0.521,0.853,-0.026,0.853,-0.521],"_shiftlockState":true,"_pose":"Running","_animationQueue":[],"_animationSpeed":1.101,"_zoom":13.259},{"_mousePosition":[683,352.5],"_rootPartCFrame":[772.793,222.699,46.988,-1,0,0.026,0,1,0,-0.026,0,-1],"_humanoidState":8,"_cameraCFrame":[771.121,235.626,40.242,-1,-0.01,0.006,0,0.507,0.862,-0.012,0.862,-0.507],"_shiftlockState":true,"_pose":"Running","_animationQueue":[],"_animationSpeed":1.101,"_zoom":13.259},{"_mousePosition":[683,352.5],"_rootPartCFrame":[772.46,222.7,46.979,-1,0,0.012,0,1,0,-0.012,0,-1],"_humanoidState":8,"_cameraCFrame":[770.717,235.722,40.418,-1,-0.001,0.001,0,0.495,0.869,-0.001,0.869,-0.495],"_shiftlockState":true,"_pose":"Running","_animationQueue":[],"_animationSpeed":1.101,"_zoom":13.259},{"_mousePosition":[683,352.5],"_rootPartCFrame":[772.26,222.7,46.976,-1,0,0.001,0,1,0,-0.001,0,-1],"_humanoidState":8,"_cameraCFrame":[770.45,235.821,40.611,-1,0.008,-0.005,0,0.481,0.877,0.009,0.876,-0.481],"_shiftlockState":true,"_pose":"Running","_animationQueue":[],"_animationSpeed":1.101,"_zoom":13.259},{"_mousePosition":[683,352.5],"_rootPartCFrame":[771.993,222.7,46.975,-1,0,-0.009,0,1,0,0.009,0,-1],"_humanoidState":8,"_cameraCFrame":[770.133,235.923,40.813,-1,0.016,-0.008,0,0.467,0.884,0.018,0.884,-0.467],"_shiftlockState":true,"_pose":"Running","_animationQueue":[],"_animationSpeed":1.101,"_zoom":13.259},{"_mousePosition":[683,352.5],"_rootPartCFrame":[771.793,222.7,46.977,-1,0,-0.018,0,1,0,0.018,0,-1],"_humanoidState":8,"_cameraCFrame":[769.882,236.045,41.07,-1,0.024,-0.012,0,0.449,0.893,0.027,0.893,-0.449],"_shiftlockState":true,"_pose":"Running","_animationQueue":[],"_animationSpeed":1.101,"_zoom":13.259},{"_mousePosition":[683,352.5],"_rootPartCFrame":[771.46,222.7,46.983,-1,0,-0.027,0,1,0,0.027,0,-1],"_humanoidState":8,"_cameraCFrame":[769.512,236.135,41.272,-0.999,0.031,-0.015,0,0.436,0.9,0.035,0.9,-0.435],"_shiftlockState":true,"_pose":"Running","_animationQueue":[["walk",0.1]],"_animationSpeed":1.101,"_zoom":13.259},{"_mousePosition":[683,352.5],"_rootPartCFrame":[771.26,222.7,46.988,-0.999,0,-0.035,0,1,0,0.035,0,-0.999],"_humanoidState":8,"_cameraCFrame":[769.274,236.245,41.525,-0.999,0.039,-0.018,0,0.418,0.908,0.043,0.908,-0.418],"_shiftlockState":true,"_pose":"Running","_animationQueue":[],"_animationSpeed":1.101,"_zoom":13.259},{"_mousePosition":[683,352.5],"_rootPartCFrame":[770.993,222.7,46.997,-0.999,0,-0.043,0,1,0,0.043,0,-0.999],"_humanoidState":8,"_cameraCFrame":[768.98,236.306,41.683,-0.999,0.045,-0.02,0,0.408,0.913,0.049,0.912,-0.407],"_shiftlockState":true,"_pose":"Running","_animationQueue":[],"_animationSpeed":1.101,"_zoom":13.259},{"_mousePosition":[683,352.5],"_rootPartCFrame":[770.727,222.7,47.008,-0.999,0,-0.049,0,1,0,0.049,0,-0.999],"_humanoidState":8,"_cameraCFrame":[768.698,236.362,41.83,-0.999,0.049,-0.021,0,0.398,0.917,0.053,0.916,-0.398],"_shiftlockState":true,"_pose":"Running","_animationQueue":[],"_animationSpeed":1.101,"_zoom":13.259},{"_mousePosition":[683,352.5],"_rootPartCFrame":[770.461,222.7,47.02,-0.999,0,-0.053,0,1,0,0.053,0,-0.999],"_humanoidState":8,"_cameraCFrame":[768.421,236.409,41.957,-0.998,0.052,-0.022,0,0.39,0.921,0.056,0.919,-0.389],"_shiftlockState":true,"_pose":"Running","_animationQueue":[],"_animationSpeed":1.101,"_zoom":13.259},{"_mousePosition":[683,352.5],"_rootPartCFrame":[770.194,222.7,47.035,-0.998,0,-0.056,0,1,0,0.056,0,-0.998],"_humanoidState":8,"_cameraCFrame":[768.148,236.438,42.044,-0.998,0.054,-0.023,0,0.385,0.923,0.059,0.921,-0.384],"_shiftlockState":true,"_pose":"Running","_animationQueue":[],"_animationSpeed":1.101,"_zoom":13.259},{"_mousePosition":[683,352.5],"_rootPartCFrame":[769.928,222.666,47.049,-0.998,0,-0.059,0,1,0,0.059,0,-0.998],"_humanoidState":8,"_cameraCFrame":[767.885,236.428,42.117,-0.998,0.054,-0.022,0,0.38,0.925,0.059,0.923,-0.38],"_shiftlockState":true,"_pose":"Running","_animationQueue":[],"_animationSpeed":1.101,"_zoom":13.259},{"_mousePosition":[683,352.5],"_rootPartCFrame":[769.662,222.577,47.063,-0.998,0,-0.059,0,1,0,0.059,0,-0.998],"_humanoidState":8,"_cameraCFrame":[767.624,236.372,42.211,-0.998,0.054,-0.022,0,0.374,0.927,0.059,0.926,-0.374],"_shiftlockState":true,"_pose":"Running","_animationQueue":[["walk",0.1]],"_animationSpeed":1.101,"_zoom":13.259},{"_mousePosition":[683,352.5],"_rootPartCFrame":[769.395,222.434,47.077,-0.998,0,-0.059,0,1,0,0.059,0,-0.998],"_humanoidState":8,"_cameraCFrame":[769.12,236.269,42.221,-0.998,0.053,-0.021,0,0.367,0.93,0.056,0.929,-0.366],"_shiftlockState":false,"_pose":"Running","_animationQueue":[],"_animationSpeed":1.101,"_zoom":13.259},{"_mousePosition":[683,352.5],"_rootPartCFrame":[769.129,222.236,47.091,-0.998,0,-0.059,0,1,0,0.059,0,-0.998],"_humanoidState":8,"_cameraCFrame":[768.854,236.071,42.235,-0.998,0.053,-0.021,0,0.367,0.93,0.056,0.929,-0.366],"_shiftlockState":false,"_pose":"Running","_animationQueue":[],"_animationSpeed":1.101,"_zoom":13.259},{"_mousePosition":[683,352.5],"_rootPartCFrame":[768.796,223.32,47.109,-0.998,0,-0.059,0,1,0,0.059,0,-0.998],"_humanoidState":3,"_cameraCFrame":[768.542,237.197,42.362,-0.999,0.05,-0.019,0,0.359,0.933,0.053,0.932,-0.358],"_shiftlockState":false,"_pose":"Jumping","_animationQueue":[["walk",0.1],["jump",0.1]],"_animationSpeed":1,"_zoom":13.259},{"_mousePosition":[683,352.5],"_rootPartCFrame":[768.596,223.932,47.12,-1,0,0.004,0,1,0,-0.004,0,-1],"_humanoidState":5,"_cameraCFrame":[768.363,237.851,42.482,-0.999,0.047,-0.018,0,0.35,0.937,0.05,0.935,-0.35],"_shiftlockState":false,"_pose":"FreeFall","_animationQueue":[["jump",0.1]],"_animationSpeed":1,"_zoom":13.259},{"_mousePosition":[683,352.5],"_rootPartCFrame":[768.263,224.882,47.138,-0.987,0,0.161,0,1,0,-0.161,0,-0.987],"_humanoidState":5,"_cameraCFrame":[768.044,238.838,42.599,-0.999,0.045,-0.016,0,0.343,0.939,0.048,0.938,-0.342],"_shiftlockState":false,"_pose":"FreeFall","_animationQueue":[],"_animationSpeed":1,"_zoom":13.259},{"_mousePosition":[683,352.5],"_rootPartCFrame":[768.063,225.412,47.148,-0.966,0,0.258,0,1,0,-0.258,0,-0.966],"_humanoidState":5,"_cameraCFrame":[767.858,239.397,42.689,-0.999,0.043,-0.015,0,0.337,0.942,0.046,0.941,-0.336],"_shiftlockState":false,"_pose":"FreeFall","_animationQueue":[],"_animationSpeed":1,"_zoom":13.259},{"_mousePosition":[683,352.5],"_rootPartCFrame":[767.797,226.071,47.161,-0.923,0,0.384,0,1,0,-0.384,0,-0.923],"_humanoidState":5,"_cameraCFrame":[767.599,240.077,42.763,-0.999,0.042,-0.015,0,0.332,0.943,0.045,0.942,-0.332],"_shiftlockState":false,"_pose":"FreeFall","_animationQueue":[],"_animationSpeed":1,"_zoom":13.259},{"_mousePosition":[683,352.5],"_rootPartCFrame":[767.531,226.675,47.174,-0.864,0,0.504,0,1,0,-0.504,0,-0.864],"_humanoidState":5,"_cameraCFrame":[767.334,240.695,42.815,-0.999,0.042,-0.015,0,0.329,0.944,0.045,0.943,-0.329],"_shiftlockState":false,"_pose":"FreeFall","_animationQueue":[],"_animationSpeed":1,"_zoom":13.259},{"_mousePosition":[683,350],"_rootPartCFrame":[767.264,227.224,47.186,-0.789,0,0.614,0,1,0,-0.614,0,-0.789],"_humanoidState":5,"_cameraCFrame":[767.065,241.257,42.863,-0.999,0.043,-0.015,0,0.326,0.945,0.046,0.944,-0.326],"_shiftlockState":false,"_pose":"FreeFall","_animationQueue":[],"_animationSpeed":1,"_zoom":13.259},{"_mousePosition":[683,350],"_rootPartCFrame":[766.998,227.719,47.198,-0.71,0,0.705,0,1,0,-0.705,0,-0.71],"_humanoidState":5,"_cameraCFrame":[766.799,241.752,42.875,-0.999,0.043,-0.015,0,0.326,0.945,0.046,0.944,-0.326],"_shiftlockState":false,"_pose":"FreeFall","_animationQueue":[["fall",0.3]],"_animationSpeed":1,"_zoom":13.259},{"_mousePosition":[683,350],"_rootPartCFrame":[766.731,228.16,47.21,-0.632,0,0.775,0,1,0,-0.775,0,-0.632],"_humanoidState":5,"_cameraCFrame":[766.532,242.192,42.887,-0.999,0.043,-0.015,0,0.326,0.945,0.046,0.944,-0.326],"_shiftlockState":false,"_pose":"FreeFall","_animationQueue":[],"_animationSpeed":1,"_zoom":13.259},{"_mousePosition":[683,350],"_rootPartCFrame":[766.465,228.546,47.223,-0.56,0,0.829,0,1,0,-0.829,0,-0.56],"_humanoidState":5,"_cameraCFrame":[766.266,242.578,42.899,-0.999,0.043,-0.015,0,0.326,0.945,0.046,0.944,-0.326],"_shiftlockState":false,"_pose":"FreeFall","_animationQueue":[],"_animationSpeed":1,"_zoom":13.259},{"_mousePosition":[683,350],"_rootPartCFrame":[766.132,228.951,47.238,-0.478,0,0.878,0,1,0,-0.878,0,-0.478],"_humanoidState":5,"_cameraCFrame":[765.933,242.984,42.915,-0.999,0.043,-0.015,0,0.326,0.945,0.046,0.944,-0.326],"_shiftlockState":false,"_pose":"FreeFall","_animationQueue":[],"_animationSpeed":1,"_zoom":13.259},{"_mousePosition":[683,350],"_rootPartCFrame":[765.932,229.154,47.247,-0.434,0,0.901,0,1,0,-0.901,0,-0.434],"_humanoidState":5,"_cameraCFrame":[765.733,243.187,42.924,-0.999,0.043,-0.015,0,0.326,0.945,0.046,0.944,-0.326],"_shiftlockState":false,"_pose":"FreeFall","_animationQueue":[],"_animationSpeed":1,"_zoom":13.259},{"_mousePosition":[683,350],"_rootPartCFrame":[765.666,229.377,47.259,-0.383,0,0.924,0,1,0,-0.924,0,-0.383],"_humanoidState":5,"_cameraCFrame":[765.467,243.409,42.936,-0.999,0.043,-0.015,0,0.326,0.945,0.046,0.944,-0.326],"_shiftlockState":false,"_pose":"FreeFall","_animationQueue":[],"_animationSpeed":1,"_zoom":13.259},{"_mousePosition":[683,350],"_rootPartCFrame":[765.399,229.545,47.272,-0.337,0,0.941,0,1,0,-0.941,0,-0.337],"_humanoidState":5,"_cameraCFrame":[765.201,243.577,42.948,-0.999,0.043,-0.015,0,0.326,0.945,0.046,0.944,-0.326],"_shiftlockState":false,"_pose":"FreeFall","_animationQueue":[],"_animationSpeed":1,"_zoom":13.259},{"_mousePosition":[683,350],"_rootPartCFrame":[765.133,229.658,47.284,-0.297,0,0.955,0,1,0,-0.955,0,-0.297],"_humanoidState":5,"_cameraCFrame":[763.186,243.691,43.041,-0.999,0.043,-0.015,0,0.326,0.945,0.046,0.944,-0.326],"_shiftlockState":true,"_pose":"FreeFall","_animationQueue":[["fall",0.3]],"_animationSpeed":1,"_zoom":13.259},{"_mousePosition":[683,352.5],"_rootPartCFrame":[764.867,229.717,47.296,-0.998,0,0.059,0,1,0,-0.059,0,-0.998],"_humanoidState":5,"_cameraCFrame":[762.92,243.75,43.053,-0.999,0.043,-0.015,0,0.326,0.945,0.046,0.944,-0.326],"_shiftlockState":true,"_pose":"FreeFall","_animationQueue":[],"_animationSpeed":1,"_zoom":13.259},{"_mousePosition":[683,352.5],"_rootPartCFrame":[764.6,229.722,47.308,-0.996,0,0.084,0,1,0,-0.084,0,-0.996],"_humanoidState":5,"_cameraCFrame":[762.658,243.754,43.063,-0.999,0.042,-0.015,0,0.326,0.945,0.045,0.944,-0.326],"_shiftlockState":true,"_pose":"FreeFall","_animationQueue":[],"_animationSpeed":1,"_zoom":13.259},{"_mousePosition":[683,352.5],"_rootPartCFrame":[764.334,229.672,47.321,-0.996,0,0.088,0,1,0,-0.088,0,-0.996],"_humanoidState":5,"_cameraCFrame":[762.391,243.704,43.076,-0.999,0.042,-0.015,0,0.326,0.945,0.045,0.944,-0.326],"_shiftlockState":true,"_pose":"FreeFall","_animationQueue":[],"_animationSpeed":1,"_zoom":13.259},{"_mousePosition":[683,352.5],"_rootPartCFrame":[764.068,229.969,47.333,-1,0,-0.01,0,1,0,0.01,0,-1],"_humanoidState":7,"_cameraCFrame":[762.13,244.002,43.086,-0.999,0.041,-0.014,0,0.326,0.945,0.044,0.944,-0.326],"_shiftlockState":true,"_pose":"FreeFall","_animationQueue":[["walk",0.1],["fall",0.3],["fall",0.3]],"_animationSpeed":1,"_zoom":13.259},{"_mousePosition":[683,352.5],"_rootPartCFrame":[763.801,230.275,47.345,-0.999,0,-0.044,0,1,0,0.044,0,-0.999],"_humanoidState":7,"_cameraCFrame":[761.903,244.311,43.091,-0.999,0.033,-0.011,0,0.326,0.946,0.035,0.945,-0.325],"_shiftlockState":true,"_pose":"FreeFall","_animationQueue":[["walk",0.1],["walk",0.1],["fall",0.3]],"_animationSpeed":1,"_zoom":13.259},{"_mousePosition":[683,352.5],"_rootPartCFrame":[763.663,230.464,47.351,-0.999,0,-0.034,0,1,0,0.034,0,-0.999],"_humanoidState":7,"_cameraCFrame":[761.805,244.501,43.079,-1,0.024,-0.008,0,0.326,0.946,0.025,0.945,-0.326],"_shiftlockState":true,"_pose":"FreeFall","_animationQueue":[["fall",0.3]],"_animationSpeed":1,"_zoom":13.259},{"_mousePosition":[683,352.5],"_rootPartCFrame":[763.656,230.588,47.352,-1,0,-0.025,0,1,0,0.025,0,-1],"_humanoidState":8,"_cameraCFrame":[761.838,244.628,43.072,-1,0.015,-0.005,0,0.325,0.946,0.016,0.946,-0.325],"_shiftlockState":true,"_pose":"Running","_animationQueue":[["walk",0.1],["fall",0.3],["walk",0.1]],"_animationSpeed":0.251,"_zoom":13.259},{"_mousePosition":[683,352.5],"_rootPartCFrame":[763.655,231.24,47.352,-1,0,-0.016,0,1,0,0.016,0,-1],"_humanoidState":3,"_cameraCFrame":[763.66,245.287,43.064,-1,-0.001,0,0,0.323,0.946,-0.001,0.946,-0.323],"_shiftlockState":false,"_pose":"Jumping","_animationQueue":[["walk",0.1],["jump",0.1]],"_animationSpeed":1,"_zoom":13.259},{"_mousePosition":[683,352.5],"_rootPartCFrame":[763.655,232.063,47.352,-1,0,-0.016,0,1,0,0.016,0,-1],"_humanoidState":5,"_cameraCFrame":[763.66,246.109,43.064,-1,-0.001,0,0,0.323,0.946,-0.001,0.946,-0.323],"_shiftlockState":false,"_pose":"FreeFall","_animationQueue":[["jump",0.1]],"_animationSpeed":1,"_zoom":13.259},{"_mousePosition":[699,353],"_rootPartCFrame":[763.655,233.013,47.352,-1,0,-0.016,0,1,0,0.016,0,-1],"_humanoidState":5,"_cameraCFrame":[763.66,247.06,43.064,-1,-0.001,0,0,0.323,0.946,-0.001,0.946,-0.323],"_shiftlockState":false,"_pose":"FreeFall","_animationQueue":[],"_animationSpeed":1,"_zoom":13.259},{"_mousePosition":[714,354],"_rootPartCFrame":[763.655,233.713,47.352,-1,0,-0.016,0,1,0,0.016,0,-1],"_humanoidState":5,"_cameraCFrame":[763.66,247.76,43.064,-1,-0.001,0,0,0.323,0.946,-0.001,0.946,-0.323],"_shiftlockState":false,"_pose":"FreeFall","_animationQueue":[],"_animationSpeed":1,"_zoom":13.259},{"_mousePosition":[731,355],"_rootPartCFrame":[763.655,234.358,47.352,-1,0,-0.016,0,1,0,0.016,0,-1],"_humanoidState":5,"_cameraCFrame":[763.66,248.404,43.064,-1,-0.001,0,0,0.323,0.946,-0.001,0.946,-0.323],"_shiftlockState":false,"_pose":"FreeFall","_animationQueue":[],"_animationSpeed":1,"_zoom":13.259},{"_mousePosition":[750,355],"_rootPartCFrame":[763.655,234.806,47.352,-1,0,-0.016,0,1,0,0.016,0,-1],"_humanoidState":5,"_cameraCFrame":[763.66,248.852,43.064,-1,-0.001,0,0,0.323,0.946,-0.001,0.946,-0.323],"_shiftlockState":false,"_pose":"FreeFall","_animationQueue":[],"_animationSpeed":1,"_zoom":13.259},{"_mousePosition":[766,353],"_rootPartCFrame":[763.655,235.355,47.352,-1,0,-0.016,0,1,0,0.016,0,-1],"_humanoidState":5,"_cameraCFrame":[763.655,249.403,43.068,-1,0,0,0,0.323,0.946,0,0.946,-0.323],"_shiftlockState":false,"_pose":"FreeFall","_animationQueue":[],"_animationSpeed":1,"_zoom":13.259},{"_mousePosition":[766,353],"_rootPartCFrame":[763.63,235.85,47.352,-0.997,0,0.076,0,1,0,-0.076,0,-0.997],"_humanoidState":5,"_cameraCFrame":[763.63,249.898,43.068,-1,0,0,0,0.323,0.946,0,0.946,-0.323],"_shiftlockState":false,"_pose":"FreeFall","_animationQueue":[],"_animationSpeed":1,"_zoom":13.259},{"_mousePosition":[769,353],"_rootPartCFrame":[763.566,236.291,47.352,-0.979,0,0.203,0,1,0,-0.203,0,-0.979],"_humanoidState":5,"_cameraCFrame":[763.566,250.338,43.068,-1,0,0,0,0.323,0.946,0,0.946,-0.323],"_shiftlockState":false,"_pose":"FreeFall","_animationQueue":[],"_animationSpeed":1,"_zoom":13.259},{"_mousePosition":[775,354],"_rootPartCFrame":[763.461,236.677,47.352,-0.944,0,0.331,0,1,0,-0.331,0,-0.944],"_humanoidState":5,"_cameraCFrame":[763.461,250.724,43.068,-1,0,0,0,0.323,0.946,0,0.946,-0.323],"_shiftlockState":false,"_pose":"FreeFall","_animationQueue":[],"_animationSpeed":1,"_zoom":13.259},{"_mousePosition":[783,354],"_rootPartCFrame":[763.317,237.008,47.352,-0.891,0,0.453,0,1,0,-0.453,0,-0.891],"_humanoidState":5,"_cameraCFrame":[763.317,251.056,43.068,-1,0,0,0,0.323,0.946,0,0.946,-0.323],"_shiftlockState":false,"_pose":"FreeFall","_animationQueue":[],"_animationSpeed":1,"_zoom":13.259},{"_mousePosition":[803,348],"_rootPartCFrame":[763.134,237.285,47.352,-0.823,0,0.568,0,1,0,-0.568,0,-0.823],"_humanoidState":5,"_cameraCFrame":[763.134,251.333,43.068,-1,0,0,0,0.323,0.946,0,0.946,-0.323],"_shiftlockState":false,"_pose":"FreeFall","_animationQueue":[],"_animationSpeed":1,"_zoom":13.259},{"_mousePosition":[800,346],"_rootPartCFrame":[762.911,237.508,47.352,-0.742,0,0.67,0,1,0,-0.67,0,-0.742],"_humanoidState":5,"_cameraCFrame":[762.911,251.555,43.068,-1,0,0,0,0.323,0.946,0,0.946,-0.323],"_shiftlockState":false,"_pose":"FreeFall","_animationQueue":[["fall",0.3]],"_animationSpeed":1,"_zoom":13.259},{"_mousePosition":[811,343],"_rootPartCFrame":[762.585,237.709,47.352,-0.638,0,0.77,0,1,0,-0.77,0,-0.638],"_humanoidState":5,"_cameraCFrame":[762.585,251.757,43.068,-1,0,0,0,0.323,0.946,0,0.946,-0.323],"_shiftlockState":false,"_pose":"FreeFall","_animationQueue":[],"_animationSpeed":1,"_zoom":13.259},{"_mousePosition":[838,342],"_rootPartCFrame":[762.318,237.809,47.352,-0.559,0,0.829,0,1,0,-0.829,0,-0.559],"_humanoidState":5,"_cameraCFrame":[762.318,251.857,43.068,-1,0,0,0,0.323,0.946,0,0.946,-0.323],"_shiftlockState":false,"_pose":"FreeFall","_animationQueue":[],"_animationSpeed":1,"_zoom":13.259},{"_mousePosition":[862,338],"_rootPartCFrame":[762.052,237.854,47.352,-0.487,0,0.873,0,1,0,-0.873,0,-0.487],"_humanoidState":5,"_cameraCFrame":[762.052,251.902,43.068,-1,0,0,0,0.323,0.946,0,0.946,-0.323],"_shiftlockState":false,"_pose":"FreeFall","_animationQueue":[],"_animationSpeed":1,"_zoom":13.259},{"_mousePosition":[901,315],"_rootPartCFrame":[761.852,237.853,47.352,-0.439,0,0.898,0,1,0,-0.898,0,-0.439],"_humanoidState":5,"_cameraCFrame":[761.852,251.9,43.068,-1,0,0,0,0.323,0.946,0,0.946,-0.323],"_shiftlockState":false,"_pose":"FreeFall","_animationQueue":[],"_animationSpeed":1,"_zoom":13.259},{"_mousePosition":[942,273],"_rootPartCFrame":[761.576,237.794,47.367,-0.334,0,0.942,0.003,1,0.001,-0.942,0.004,-0.334],"_humanoidState":5,"_cameraCFrame":[761.576,251.842,43.088,-1,0,0,0,0.323,0.946,0,0.946,-0.323],"_shiftlockState":false,"_pose":"FreeFall","_animationQueue":[],"_animationSpeed":1,"_zoom":13.259},{"_mousePosition":[985,206],"_rootPartCFrame":[761.568,237.725,47.414,-0.245,0,0.969,0.005,1,0.001,-0.969,0.005,-0.245],"_humanoidState":5,"_cameraCFrame":[761.568,251.773,43.138,-1,0,0,0,0.323,0.946,0,0.946,-0.323],"_shiftlockState":false,"_pose":"FreeFall","_animationQueue":[["fall",0.3]],"_animationSpeed":1,"_zoom":13.259},{"_mousePosition":[1020,151],"_rootPartCFrame":[761.537,237.602,47.443,-0.204,0,0.979,0.002,1,0,-0.979,0.002,-0.204],"_humanoidState":5,"_cameraCFrame":[761.537,251.649,43.162,-1,0,0,0,0.323,0.946,0,0.946,-0.323],"_shiftlockState":false,"_pose":"FreeFall","_animationQueue":[],"_animationSpeed":1,"_zoom":13.259},{"_mousePosition":[1074,75],"_rootPartCFrame":[761.468,237.424,47.468,-0.174,0,0.985,0,1,0,-0.985,0,-0.174],"_humanoidState":5,"_cameraCFrame":[761.468,251.471,43.184,-1,0,0,0,0.323,0.946,0,0.946,-0.323],"_shiftlockState":false,"_pose":"FreeFall","_animationQueue":[["fall",0]],"_animationSpeed":1,"_zoom":13.259},{"_mousePosition":[1120,20],"_rootPartCFrame":[761.412,237.198,47.51,-0.131,0,0.991,0.002,1,0,-0.991,0.002,-0.131],"_humanoidState":5,"_cameraCFrame":[761.412,251.246,43.23,-1,0,0,0,0.323,0.946,0,0.946,-0.323],"_shiftlockState":false,"_pose":"FreeFall","_animationQueue":[],"_animationSpeed":1,"_zoom":13.259},{"_mousePosition":[1137,1],"_rootPartCFrame":[761.4,236.998,47.563,-0.108,0,0.994,0.002,1,0,-0.994,0.002,-0.108],"_humanoidState":5,"_cameraCFrame":[761.4,251.046,43.282,-1,0,0,0,0.323,0.946,0,0.946,-0.323],"_shiftlockState":false,"_pose":"FreeFall","_animationQueue":[],"_animationSpeed":1,"_zoom":13.259},{"_mousePosition":[1137,1],"_rootPartCFrame":[761.359,236.417,47.68,-0.071,0,0.998,0.001,1,0,-0.998,0.001,-0.071],"_humanoidState":5,"_cameraCFrame":[761.359,250.465,43.398,-1,0,0,0,0.323,0.946,0,0.946,-0.323],"_shiftlockState":false,"_pose":"FreeFall","_animationQueue":[],"_animationSpeed":1,"_zoom":13.259},{"_mousePosition":[1137,1],"_rootPartCFrame":[761.348,236.222,47.707,-0.064,0,0.998,0.001,1,0,-0.998,0.001,-0.064],"_humanoidState":5,"_cameraCFrame":[761.348,250.27,43.424,-1,0,0,0,0.323,0.946,0,0.946,-0.323],"_shiftlockState":false,"_pose":"FreeFall","_animationQueue":[["fall",0.3]],"_animationSpeed":1,"_zoom":13.259},{"_mousePosition":[1137,1],"_rootPartCFrame":[761.333,235.904,47.75,-0.052,0,0.999,0.001,1,0,-0.999,0.001,-0.052],"_humanoidState":5,"_cameraCFrame":[761.333,249.952,43.467,-1,0,0,0,0.323,0.946,0,0.946,-0.323],"_shiftlockState":false,"_pose":"FreeFall","_animationQueue":[],"_animationSpeed":1,"_zoom":13.259},{"_mousePosition":[1137,1],"_rootPartCFrame":[761.317,235.31,47.847,-0.035,0,0.999,0.001,1,0,-0.999,0.001,-0.035],"_humanoidState":5,"_cameraCFrame":[761.317,249.358,43.564,-1,0,0,0,0.323,0.946,0,0.946,-0.323],"_shiftlockState":false,"_pose":"FreeFall","_animationQueue":[],"_animationSpeed":1,"_zoom":13.259},{"_mousePosition":[1137,1],"_rootPartCFrame":[761.306,234.775,47.93,-0.025,0,1,0.001,1,0,-1,0.001,-0.025],"_humanoidState":5,"_cameraCFrame":[761.306,248.823,43.647,-1,0,0,0,0.323,0.946,0,0.946,-0.323],"_shiftlockState":false,"_pose":"FreeFall","_animationQueue":[],"_animationSpeed":1,"_zoom":13.259},{"_mousePosition":[1137,1],"_rootPartCFrame":[761.3,234.339,48.008,-0.019,0,1,0.001,1,0,-1,0.001,-0.019],"_humanoidState":5,"_cameraCFrame":[761.3,248.387,43.724,-1,0,0,0,0.323,0.946,0,0.946,-0.323],"_shiftlockState":false,"_pose":"FreeFall","_animationQueue":[],"_animationSpeed":1,"_zoom":13.259},{"_mousePosition":[1137,1],"_rootPartCFrame":[761.304,233.711,48.091,-0.016,0,1,0,1,0,-1,0,-0.016],"_humanoidState":5,"_cameraCFrame":[761.305,247.759,43.808,-1,0,0,0,0.323,0.946,0,0.946,-0.323],"_shiftlockState":false,"_pose":"FreeFall","_animationQueue":[],"_animationSpeed":1,"_zoom":13.259},{"_mousePosition":[1137,1],"_rootPartCFrame":[761.316,233.028,48.112,-0.014,0,1,0,1,0,-1,0,-0.014],"_humanoidState":5,"_cameraCFrame":[761.317,247.076,43.828,-1,0,0,0,0.323,0.946,0,0.946,-0.323],"_shiftlockState":false,"_pose":"FreeFall","_animationQueue":[],"_animationSpeed":1,"_zoom":13.259},{"_mousePosition":[1137,1],"_rootPartCFrame":[761.325,232.098,48.115,-0.012,0,1,0,1,0,-1,0,-0.012],"_humanoidState":5,"_cameraCFrame":[761.326,246.145,43.831,-1,0,0,0,0.323,0.946,0,0.946,-0.323],"_shiftlockState":false,"_pose":"FreeFall","_animationQueue":[["fall",0.3]],"_animationSpeed":1,"_zoom":13.259},{"_mousePosition":[1137,1],"_rootPartCFrame":[761.334,231.292,48.115,-0.01,0,1,0,1,0,-1,0,-0.01],"_humanoidState":5,"_cameraCFrame":[761.335,245.34,43.831,-1,0,0,0,0.323,0.946,0,0.946,-0.323],"_shiftlockState":false,"_pose":"FreeFall","_animationQueue":[],"_animationSpeed":1,"_zoom":13.259},{"_mousePosition":[1137,1],"_rootPartCFrame":[761.314,230.558,48.12,-0.012,0.008,1,0.001,1,-0.008,-1,0,-0.012],"_humanoidState":7,"_cameraCFrame":[761.326,244.606,43.837,-1,0,0,0,0.323,0.946,0,0.946,-0.323],"_shiftlockState":false,"_pose":"FreeFall","_animationQueue":[["walk",0.1],["fall",0.3],["fall",0.3]],"_animationSpeed":1,"_zoom":13.259},{"_mousePosition":[1137,1],"_rootPartCFrame":[761.289,230.504,48.119,0.004,0.011,1,0,1,-0.011,-1,0,0.004],"_humanoidState":7,"_cameraCFrame":[761.305,244.552,43.834,-1,0,0,0,0.323,0.946,0,0.946,-0.323],"_shiftlockState":false,"_pose":"FreeFall","_animationQueue":[],"_animationSpeed":1,"_zoom":13.259},{"_mousePosition":[1137,1],"_rootPartCFrame":[761.286,230.536,48.12,-0.005,0.008,1,-0.003,1,-0.008,-1,-0.003,-0.005],"_humanoidState":7,"_cameraCFrame":[761.298,244.584,43.832,-1,0,0,0,0.323,0.946,0,0.946,-0.323],"_shiftlockState":false,"_pose":"FreeFall","_animationQueue":[],"_animationSpeed":1,"_zoom":13.259},{"_mousePosition":[1137,1],"_rootPartCFrame":[761.255,230.581,48.126,0.015,-0.004,1,-0.001,1,0.004,-1,-0.001,0.015],"_humanoidState":8,"_cameraCFrame":[761.248,244.629,43.841,-1,0,0,0,0.323,0.946,0,0.946,-0.323],"_shiftlockState":false,"_pose":"Running","_animationQueue":[["walk",0.1],["fall",0.3],["walk",0.1]],"_animationSpeed":0.067,"_zoom":13.259},{"_mousePosition":[1137,1],"_rootPartCFrame":[761.306,231.547,48.142,-0.004,0.019,1,0.009,1,-0.019,-1,0.009,-0.005],"_humanoidState":3,"_cameraCFrame":[761.335,245.595,43.872,-1,0,0,0,0.323,0.946,0,0.946,-0.323],"_shiftlockState":false,"_pose":"Jumping","_animationQueue":[["walk",0.1],["walk",0.1],["jump",0.1]],"_animationSpeed":1,"_zoom":13.259},{"_mousePosition":[1137,1],"_rootPartCFrame":[761.33,232.276,48.153,-0.006,0.03,1,0.016,0.999,-0.03,-1,0.016,-0.006],"_humanoidState":3,"_cameraCFrame":[761.375,246.323,43.893,-1,0,0,0,0.323,0.946,0,0.946,-0.323],"_shiftlockState":false,"_pose":"Jumping","_animationQueue":[],"_animationSpeed":1,"_zoom":13.259},{"_mousePosition":[1365,330],"_rootPartCFrame":[761.459,236.163,48.213,-0.012,0.088,0.996,0.05,0.995,-0.087,-0.999,0.048,-0.016],"_humanoidState":3,"_cameraCFrame":[761.591,250.203,44.002,-1,0,0,0,0.323,0.946,0,0.946,-0.323],"_shiftlockState":false,"_pose":"Jumping","_animationQueue":[],"_animationSpeed":1,"_zoom":13.259},{"_mousePosition":[1365,351],"_rootPartCFrame":[761.452,237.102,48.219,-0.013,0.048,0.999,0.027,0.999,-0.047,-1,0.026,-0.014],"_humanoidState":5,"_cameraCFrame":[761.523,251.147,43.974,-1,0,0,0,0.323,0.946,0,0.946,-0.323],"_shiftlockState":false,"_pose":"FreeFall","_animationQueue":[["jump",0.1]],"_animationSpeed":1,"_zoom":13.259},{"_mousePosition":[1364,383],"_rootPartCFrame":[761.433,237.551,48.221,-0.012,0.026,1,0.015,1,-0.026,-1,0.015,-0.013],"_humanoidState":5,"_cameraCFrame":[761.472,251.598,43.959,-1,0,0,0,0.323,0.946,0,0.946,-0.323],"_shiftlockState":false,"_pose":"FreeFall","_animationQueue":[],"_animationSpeed":1,"_zoom":13.259},{"_mousePosition":[1364,412],"_rootPartCFrame":[761.37,238.407,48.226,-0.011,0.004,1,0.002,1,-0.004,-1,0.002,-0.011],"_humanoidState":5,"_cameraCFrame":[761.377,252.455,43.946,-1,0,0,0,0.323,0.946,0,0.946,-0.323],"_shiftlockState":false,"_pose":"FreeFall","_animationQueue":[],"_animationSpeed":1,"_zoom":13.259},{"_mousePosition":[1360,442],"_rootPartCFrame":[761.286,239.207,48.233,-0.002,0.009,1,-0.002,1,-0.009,-1,-0.002,-0.002],"_humanoidState":5,"_cameraCFrame":[761.299,253.255,43.946,-1,0,0,0,0.323,0.946,0,0.946,-0.323],"_shiftlockState":false,"_pose":"FreeFall","_animationQueue":[],"_animationSpeed":1,"_zoom":13.259},{"_mousePosition":[1354,475],"_rootPartCFrame":[761.308,239.909,48.239,0.001,-0.005,1,-0.001,1,0.005,-1,-0.001,0.001],"_humanoidState":5,"_cameraCFrame":[761.3,253.957,43.953,-1,0,0,0,0.323,0.946,0,0.946,-0.323],"_shiftlockState":false,"_pose":"FreeFall","_animationQueue":[],"_animationSpeed":1,"_zoom":13.259},{"_mousePosition":[1347,510],"_rootPartCFrame":[761.292,240.555,48.244,0.002,-0.002,1,-0.001,1,0.002,-1,-0.001,0.002],"_humanoidState":5,"_cameraCFrame":[761.289,254.603,43.96,-1,0,0,0,0.323,0.946,0,0.946,-0.323],"_shiftlockState":false,"_pose":"FreeFall","_animationQueue":[],"_animationSpeed":1,"_zoom":13.259},{"_mousePosition":[1338,543],"_rootPartCFrame":[761.287,241.14,48.249,0.001,-0.001,1,0,1,0.001,-1,0,0.001],"_humanoidState":5,"_cameraCFrame":[761.285,255.188,43.964,-1,0,0,0,0.323,0.946,0,0.946,-0.323],"_shiftlockState":false,"_pose":"FreeFall","_animationQueue":[],"_animationSpeed":1,"_zoom":13.259},{"_mousePosition":[1324,536],"_rootPartCFrame":[761.281,241.786,48.245,0,-0.001,1,0,1,0.001,-1,0,0],"_humanoidState":5,"_cameraCFrame":[761.279,255.834,43.961,-1,0,0,0,0.323,0.946,0,0.946,-0.323],"_shiftlockState":false,"_pose":"FreeFall","_animationQueue":[["fall",0.3]],"_animationSpeed":1,"_zoom":13.259},{"_mousePosition":[1334,520],"_rootPartCFrame":[761.252,242.345,48.22,-0.002,-0.001,1,0,1,0.001,-1,0,-0.002],"_humanoidState":5,"_cameraCFrame":[761.251,256.393,43.936,-1,0,0,0,0.323,0.946,0,0.946,-0.323],"_shiftlockState":false,"_pose":"FreeFall","_animationQueue":[],"_animationSpeed":1,"_zoom":13.259},{"_mousePosition":[1346,514],"_rootPartCFrame":[761.185,242.731,48.204,-0.002,0,1,0,1,0,-1,0,-0.002],"_humanoidState":5,"_cameraCFrame":[761.185,256.779,43.92,-1,0,0,0,0.323,0.946,0,0.946,-0.323],"_shiftlockState":false,"_pose":"FreeFall","_animationQueue":[],"_animationSpeed":1,"_zoom":13.259},{"_mousePosition":[1352,513],"_rootPartCFrame":[761.109,242.985,48.194,-0.002,0,1,0,1,0,-1,0,-0.002],"_humanoidState":5,"_cameraCFrame":[761.109,257.033,43.91,-1,0,0,0,0.323,0.946,0,0.946,-0.323],"_shiftlockState":false,"_pose":"FreeFall","_animationQueue":[],"_animationSpeed":1,"_zoom":13.259},{"_mousePosition":[1358,513],"_rootPartCFrame":[761.01,243.208,48.185,-0.002,0,1,0,1,0,-1,0,-0.002],"_humanoidState":5,"_cameraCFrame":[759.26,257.256,43.901,-1,0,0,0,0.323,0.946,0,0.946,-0.323],"_shiftlockState":true,"_pose":"FreeFall","_animationQueue":[],"_animationSpeed":1,"_zoom":13.259},{"_mousePosition":[683,352.5],"_rootPartCFrame":[760.843,243.458,48.177,-0.996,0,0.092,0,1,0,-0.092,0,-0.996],"_humanoidState":5,"_cameraCFrame":[759.093,257.506,43.893,-1,0,0,0,0.323,0.946,0,0.946,-0.323],"_shiftlockState":true,"_pose":"FreeFall","_animationQueue":[],"_animationSpeed":1,"_zoom":13.259},{"_mousePosition":[683,352.5],"_rootPartCFrame":[760.637,243.653,48.172,-0.992,0,0.128,0,1,0,-0.128,0,-0.992],"_humanoidState":5,"_cameraCFrame":[758.892,257.691,43.856,-1,-0.001,0,0,0.325,0.946,-0.001,0.946,-0.325],"_shiftlockState":true,"_pose":"FreeFall","_animationQueue":[],"_animationSpeed":1,"_zoom":13.259},{"_mousePosition":[683,352.5],"_rootPartCFrame":[760.392,243.794,48.17,-0.991,0,0.133,0,1,0,-0.133,0,-0.991],"_humanoidState":5,"_cameraCFrame":[758.701,257.835,43.843,-1,-0.013,0.004,0,0.325,0.946,-0.014,0.946,-0.325],"_shiftlockState":true,"_pose":"FreeFall","_animationQueue":[["fall",0.3]],"_animationSpeed":1,"_zoom":13.259},{"_mousePosition":[683,352.5],"_rootPartCFrame":[760.126,243.88,48.17,-0.989,0,0.146,0,1,0,-0.146,0,-0.989],"_humanoidState":5,"_cameraCFrame":[758.492,257.939,43.87,-1,-0.026,0.009,0,0.321,0.947,-0.027,0.947,-0.321],"_shiftlockState":true,"_pose":"FreeFall","_animationQueue":[],"_animationSpeed":1,"_zoom":13.259},{"_mousePosition":[683,352.5],"_rootPartCFrame":[759.793,243.912,48.166,-0.981,0,0.193,0,1,0,-0.193,0,-0.981],"_humanoidState":5,"_cameraCFrame":[758.176,257.987,43.91,-1,-0.03,0.01,0,0.317,0.948,-0.031,0.948,-0.317],"_shiftlockState":true,"_pose":"FreeFall","_animationQueue":[],"_animationSpeed":1,"_zoom":13.259},{"_mousePosition":[683,352.5],"_rootPartCFrame":[759.593,243.919,48.161,-0.998,0,0.064,0,1,0,-0.064,0,-0.998],"_humanoidState":7,"_cameraCFrame":[757.987,258.015,43.961,-0.999,-0.033,0.011,0,0.312,0.95,-0.035,0.949,-0.312],"_shiftlockState":true,"_pose":"FreeFall","_animationQueue":[["walk",0.1],["fall",0.3],["fall",0.3]],"_animationSpeed":1,"_zoom":13.259},{"_mousePosition":[683,352.5],"_rootPartCFrame":[759.326,243.932,48.153,-0.999,0,0.04,0,1,0,-0.04,0,-0.999],"_humanoidState":7,"_cameraCFrame":[757.731,258.05,44.019,-0.999,-0.036,0.012,0,0.307,0.952,-0.038,0.951,-0.307],"_shiftlockState":true,"_pose":"FreeFall","_animationQueue":[],"_animationSpeed":1,"_zoom":13.259},{"_mousePosition":[683,352.5],"_rootPartCFrame":[759.06,243.94,48.144,-0.999,0,0.038,0,1,0,-0.038,0,-0.999],"_humanoidState":7,"_cameraCFrame":[757.478,258.084,44.085,-0.999,-0.04,0.013,0,0.301,0.954,-0.042,0.953,-0.301],"_shiftlockState":true,"_pose":"FreeFall","_animationQueue":[],"_animationSpeed":1,"_zoom":13.259},{"_mousePosition":[683,352.5],"_rootPartCFrame":[758.726,243.945,48.131,-0.999,0,0.042,0,1,0,-0.042,0,-0.999],"_humanoidState":8,"_cameraCFrame":[757.151,258.105,44.12,-0.999,-0.042,0.013,0,0.297,0.955,-0.044,0.954,-0.297],"_shiftlockState":true,"_pose":"Running","_animationQueue":[["walk",0.1],["fall",0.3],["walk",0.1]],"_animationSpeed":1.103,"_zoom":13.259},{"_mousePosition":[683,352.5],"_rootPartCFrame":[758.46,243.947,48.12,-0.999,0,0.044,0,1,0,-0.044,0,-0.999],"_humanoidState":8,"_cameraCFrame":[756.889,258.111,44.117,-0.999,-0.043,0.013,0,0.296,0.955,-0.045,0.954,-0.296],"_shiftlockState":true,"_pose":"Running","_animationQueue":[["walk",0.1]],"_animationSpeed":1.103,"_zoom":13.259},{"_mousePosition":[683,352.5],"_rootPartCFrame":[758.194,243.948,48.109,-0.999,0,0.045,0,1,0,-0.045,0,-0.999],"_humanoidState":8,"_cameraCFrame":[756.622,258.115,44.116,-0.999,-0.043,0.013,0,0.296,0.955,-0.045,0.954,-0.295],"_shiftlockState":true,"_pose":"Running","_animationQueue":[],"_animationSpeed":1.103,"_zoom":13.259},{"_mousePosition":[683,352.5],"_rootPartCFrame":[757.927,243.949,48.097,-0.999,0,0.045,0,1,0,-0.045,0,-0.999],"_humanoidState":8,"_cameraCFrame":[756.362,258.128,44.142,-0.999,-0.045,0.014,0,0.292,0.956,-0.047,0.955,-0.292],"_shiftlockState":true,"_pose":"Running","_animationQueue":[],"_animationSpeed":1.103,"_zoom":13.259},{"_mousePosition":[683,352.5],"_rootPartCFrame":[757.661,243.949,48.085,-0.999,0,0.047,0,1,0,-0.047,0,-0.999],"_humanoidState":8,"_cameraCFrame":[756.105,258.144,44.176,-0.999,-0.048,0.014,0,0.289,0.957,-0.05,0.956,-0.288],"_shiftlockState":true,"_pose":"Running","_animationQueue":[],"_animationSpeed":1.103,"_zoom":13.259},{"_mousePosition":[683,352.5],"_rootPartCFrame":[757.395,243.949,48.072,-0.999,0,0.05,0,1,0,-0.05,0,-0.999],"_humanoidState":8,"_cameraCFrame":[755.857,258.16,44.206,-0.998,-0.053,0.016,0,0.285,0.959,-0.055,0.957,-0.284],"_shiftlockState":true,"_pose":"Running","_animationQueue":[],"_animationSpeed":1.103,"_zoom":13.259},{"_mousePosition":[683,352.5],"_rootPartCFrame":[757.128,243.95,48.059,-0.998,0,0.055,0,1,0,-0.055,0,-0.998],"_humanoidState":8,"_cameraCFrame":[755.6,258.175,44.239,-0.998,-0.056,0.016,0,0.281,0.96,-0.059,0.958,-0.28],"_shiftlockState":true,"_pose":"Running","_animationQueue":[],"_animationSpeed":1.103,"_zoom":13.259},{"_mousePosition":[683,352.5],"_rootPartCFrame":[756.862,243.95,48.044,-0.998,0,0.059,0,1,0,-0.059,0,-0.998],"_humanoidState":8,"_cameraCFrame":[755.337,258.196,44.293,-0.998,-0.058,0.017,0,0.275,0.961,-0.061,0.96,-0.275],"_shiftlockState":true,"_pose":"Running","_animationQueue":[["walk",0.1]],"_animationSpeed":1.103,"_zoom":13.259},{"_mousePosition":[683,352.5],"_rootPartCFrame":[756.596,243.95,48.029,-0.998,0,0.061,0,1,0,-0.061,0,-0.998],"_humanoidState":8,"_cameraCFrame":[755.07,258.236,44.418,-0.998,-0.061,0.017,0,0.265,0.964,-0.063,0.962,-0.264],"_shiftlockState":true,"_pose":"Running","_animationQueue":[],"_animationSpeed":1.103,"_zoom":13.259},{"_mousePosition":[683,352.5],"_rootPartCFrame":[756.33,243.95,48.013,-0.998,0,0.063,0,1,0,-0.063,0,-0.998],"_humanoidState":8,"_cameraCFrame":[754.792,258.283,44.578,-0.998,-0.061,0.016,0,0.251,0.968,-0.063,0.966,-0.251],"_shiftlockState":true,"_pose":"Running","_animationQueue":[],"_animationSpeed":1.103,"_zoom":13.259},{"_mousePosition":[683,352.5],"_rootPartCFrame":[756.064,243.95,47.996,-0.998,0,0.063,0,1,0,-0.063,0,-0.998],"_humanoidState":8,"_cameraCFrame":[754.506,258.338,44.782,-0.998,-0.059,0.014,0,0.235,0.972,-0.061,0.97,-0.234],"_shiftlockState":true,"_pose":"Running","_animationQueue":[],"_animationSpeed":1.103,"_zoom":13.259},{"_mousePosition":[683,352.5],"_rootPartCFrame":[755.797,244.813,47.979,-0.998,0,0.061,0,1,0,-0.061,0,-0.998],"_humanoidState":3,"_cameraCFrame":[754.219,259.203,44.785,-0.999,-0.053,0.013,0,0.234,0.972,-0.054,0.971,-0.234],"_shiftlockState":true,"_pose":"Jumping","_animationQueue":[["walk",0.1],["jump",0.1]],"_animationSpeed":1,"_zoom":13.259},{"_mousePosition":[683,352.5],"_rootPartCFrame":[755.531,245.621,47.963,-0.989,0,0.146,0,1,0,-0.146,0,-0.989],"_humanoidState":5,"_cameraCFrame":[753.953,260.012,44.769,-0.999,-0.053,0.013,0,0.234,0.972,-0.054,0.971,-0.234],"_shiftlockState":true,"_pose":"FreeFall","_animationQueue":[["jump",0.1]],"_animationSpeed":1,"_zoom":13.259},{"_mousePosition":[683,352.5],"_rootPartCFrame":[755.332,246.191,47.952,-0.989,0,0.15,0,1,0,-0.15,0,-0.989],"_humanoidState":5,"_cameraCFrame":[753.753,260.582,44.758,-0.999,-0.053,0.013,0,0.234,0.972,-0.054,0.971,-0.234],"_shiftlockState":true,"_pose":"FreeFall","_animationQueue":[],"_animationSpeed":1,"_zoom":13.259},{"_mousePosition":[683,352.5],"_rootPartCFrame":[755.065,246.904,47.938,-0.983,0,0.186,0,1,0,-0.186,0,-0.983],"_humanoidState":5,"_cameraCFrame":[753.487,261.295,44.743,-0.999,-0.053,0.013,0,0.234,0.972,-0.054,0.971,-0.234],"_shiftlockState":true,"_pose":"FreeFall","_animationQueue":[],"_animationSpeed":1,"_zoom":13.259},{"_mousePosition":[683,352.5],"_rootPartCFrame":[754.799,247.563,47.923,-0.982,0,0.187,0,1,0,-0.187,0,-0.982],"_humanoidState":5,"_cameraCFrame":[753.22,261.954,44.729,-0.999,-0.053,0.013,0,0.234,0.972,-0.054,0.971,-0.234],"_shiftlockState":true,"_pose":"FreeFall","_animationQueue":[],"_animationSpeed":1,"_zoom":13.259},{"_mousePosition":[683,352.5],"_rootPartCFrame":[754.533,248.167,47.909,-0.982,0,0.187,0,1,0,-0.187,0,-0.982],"_humanoidState":5,"_cameraCFrame":[752.954,262