[{"_mousePosition":[1107,367],"_rootPartCFrame":[776.028,222.95,47.142,0,0,1,0,1,0,-1,0,0],"_humanoidState":8,"_cameraCFrame":[778.98,237.33,41.223,-0.895,-0.397,0.204,0,0.457,0.89,-0.446,0.796,-0.409],"_shiftlockState":false,"_pose":"Standing","_animationQueue":[],"_animationSpeed":1,"_zoom":14.479},{"_mousePosition":[1107,372],"_rootPartCFrame":[775.757,222.799,47.007,0.076,0,0.997,0,1,0,-0.997,0,0.076],"_humanoidState":8,"_cameraCFrame":[778.709,237.179,41.088,-0.895,-0.397,0.204,0,0.457,0.89,-0.446,0.796,-0.409],"_shiftlockState":false,"_pose":"Standing","_animationQueue":[],"_animationSpeed":1,"_zoom":14.479},{"_mousePosition":[1107,378],"_rootPartCFrame":[775.637,222.719,46.947,0.103,0,0.995,0,1,0,-0.995,0,0.103],"_humanoidState":8,"_cameraCFrame":[778.59,237.099,41.028,-0.895,-0.397,0.204,0,0.457,0.89,-0.446,0.796,-0.409],"_shiftlockState":false,"_pose":"Running","_animationQueue":[["walk",0.1]],"_animationSpeed":1.089,"_zoom":14.479},{"_mousePosition":[1107,378],"_rootPartCFrame":[775.399,222.61,46.828,0.151,0,0.989,0,1,0,-0.989,0,0.151],"_humanoidState":8,"_cameraCFrame":[778.351,236.99,40.909,-0.895,-0.397,0.204,0,0.457,0.89,-0.446,0.796,-0.409],"_shiftlockState":false,"_pose":"Running","_animationQueue":[],"_animationSpeed":1.089,"_zoom":14.479},{"_mousePosition":[1108,389],"_rootPartCFrame":[775.16,222.636,46.709,0.192,0,0.981,0,1,0,-0.981,0,0.192],"_humanoidState":8,"_cameraCFrame":[778.112,237.016,40.79,-0.895,-0.397,0.204,0,0.457,0.89,-0.446,0.796,-0.409],"_shiftlockState":false,"_pose":"Running","_animationQueue":[["walk",0.1]],"_animationSpeed":1.089,"_zoom":14.479},{"_mousePosition":[1110,396],"_rootPartCFrame":[774.922,222.663,46.59,0.228,0,0.974,0,1,0,-0.974,0,0.228],"_humanoidState":8,"_cameraCFrame":[776.308,237.043,39.89,-0.895,-0.397,0.204,0,0.457,0.89,-0.446,0.796,-0.409],"_shiftlockState":true,"_pose":"Running","_animationQueue":[],"_animationSpeed":1.089,"_zoom":14.479},{"_mousePosition":[683,384],"_rootPartCFrame":[774.564,222.685,46.412,-0.942,0,0.335,0,1,0,-0.335,0,-0.942],"_humanoidState":8,"_cameraCFrame":[775.95,237.065,39.712,-0.895,-0.397,0.204,0,0.457,0.89,-0.446,0.796,-0.409],"_shiftlockState":true,"_pose":"Running","_animationQueue":[],"_animationSpeed":1.089,"_zoom":14.479},{"_mousePosition":[683,384],"_rootPartCFrame":[774.385,222.691,46.322,-0.904,0,0.427,0,1,0,-0.427,0,-0.904],"_humanoidState":8,"_cameraCFrame":[775.722,237.134,39.735,-0.894,-0.4,0.2,0,0.448,0.894,-0.447,0.8,-0.401],"_shiftlockState":true,"_pose":"Running","_animationQueue":[],"_animationSpeed":1.089,"_zoom":14.479},{"_mousePosition":[683,384],"_rootPartCFrame":[774.087,222.695,46.174,-0.896,0,0.444,0,1,0,-0.444,0,-0.896],"_humanoidState":8,"_cameraCFrame":[775.375,237.185,39.67,-0.895,-0.4,0.197,0,0.442,0.897,-0.446,0.803,-0.395],"_shiftlockState":true,"_pose":"Running","_animationQueue":[],"_animationSpeed":1.089,"_zoom":14.479},{"_mousePosition":[683,384],"_rootPartCFrame":[773.908,222.697,46.084,-0.895,0,0.446,0,1,0,-0.446,0,-0.895],"_humanoidState":8,"_cameraCFrame":[775.077,237.273,39.732,-0.898,-0.398,0.189,0,0.429,0.903,-0.441,0.811,-0.385],"_shiftlockState":true,"_pose":"Running","_animationQueue":[],"_animationSpeed":1.089,"_zoom":14.479},{"_mousePosition":[683,384],"_rootPartCFrame":[773.609,222.698,45.935,-0.898,0,0.441,0,1,0,-0.441,0,-0.898],"_humanoidState":8,"_cameraCFrame":[774.656,237.349,39.717,-0.901,-0.393,0.181,0,0.418,0.908,-0.433,0.819,-0.377],"_shiftlockState":true,"_pose":"Running","_animationQueue":[["walk",0.1]],"_animationSpeed":1.089,"_zoom":14.479},{"_mousePosition":[683,384],"_rootPartCFrame":[773.43,222.699,45.847,-0.901,0,0.433,0,1,0,-0.433,0,-0.901],"_humanoidState":8,"_cameraCFrame":[774.289,237.46,39.837,-0.907,-0.385,0.169,0,0.401,0.916,-0.421,0.831,-0.364],"_shiftlockState":true,"_pose":"Running","_animationQueue":[],"_animationSpeed":1.089,"_zoom":14.479},{"_mousePosition":[683,384],"_rootPartCFrame":[773.131,223.783,45.7,-0.907,0,0.421,0,1,0,-0.421,0,-0.907],"_humanoidState":3,"_cameraCFrame":[773.878,238.608,39.82,-0.911,-0.38,0.162,0,0.391,0.92,-0.413,0.838,-0.356],"_shiftlockState":true,"_pose":"Jumping","_animationQueue":[["walk",0.1],["jump",0.1]],"_animationSpeed":1,"_zoom":14.479},{"_mousePosition":[683,384],"_rootPartCFrame":[772.95,224.394,45.615,-0.883,0,0.469,0,1,0,-0.469,0,-0.883],"_humanoidState":5,"_cameraCFrame":[773.586,239.283,39.867,-0.914,-0.375,0.154,0,0.381,0.925,-0.406,0.845,-0.348],"_shiftlockState":true,"_pose":"FreeFall","_animationQueue":[["jump",0.1]],"_animationSpeed":1,"_zoom":14.479},{"_mousePosition":[683,384],"_rootPartCFrame":[772.647,225.345,45.477,-0.839,0,0.544,0,1,0,-0.544,0,-0.839],"_humanoidState":5,"_cameraCFrame":[773.234,240.264,39.796,-0.915,-0.373,0.151,0,0.375,0.927,-0.403,0.848,-0.344],"_shiftlockState":true,"_pose":"FreeFall","_animationQueue":[],"_animationSpeed":1,"_zoom":14.479},{"_mousePosition":[683,384],"_rootPartCFrame":[772.464,225.875,45.396,-0.871,0,0.492,0,1,0,-0.492,0,-0.871],"_humanoidState":5,"_cameraCFrame":[772.996,240.82,39.771,-0.917,-0.37,0.148,0,0.371,0.929,-0.398,0.852,-0.34],"_shiftlockState":true,"_pose":"FreeFall","_animationQueue":[],"_animationSpeed":1,"_zoom":14.479},{"_mousePosition":[683,384],"_rootPartCFrame":[772.22,226.533,45.288,-0.856,0,0.516,0,1,0,-0.516,0,-0.856],"_humanoidState":5,"_cameraCFrame":[772.689,241.5,39.71,-0.92,-0.364,0.144,0,0.367,0.93,-0.391,0.856,-0.338],"_shiftlockState":true,"_pose":"FreeFall","_animationQueue":[],"_animationSpeed":1,"_zoom":14.479},{"_mousePosition":[683,384],"_rootPartCFrame":[771.975,227.137,45.182,-0.86,0,0.51,0,1,0,-0.51,0,-0.86],"_humanoidState":5,"_cameraCFrame":[772.373,242.13,39.66,-0.924,-0.357,0.139,0,0.363,0.932,-0.383,0.861,-0.335],"_shiftlockState":true,"_pose":"FreeFall","_animationQueue":[],"_animationSpeed":1,"_zoom":14.479},{"_mousePosition":[683,384],"_rootPartCFrame":[771.73,227.687,45.077,-0.864,0,0.503,0,1,0,-0.503,0,-0.864],"_humanoidState":5,"_cameraCFrame":[772.067,242.701,39.603,-0.926,-0.352,0.135,0,0.359,0.933,-0.377,0.865,-0.333],"_shiftlockState":true,"_pose":"FreeFall","_animationQueue":[],"_animationSpeed":1,"_zoom":14.479},{"_mousePosition":[683,384],"_rootPartCFrame":[771.484,228.182,44.975,-0.868,0,0.496,0,1,0,-0.496,0,-0.868],"_humanoidState":5,"_cameraCFrame":[771.756,243.221,39.559,-0.929,-0.346,0.131,0,0.354,0.935,-0.37,0.869,-0.329],"_shiftlockState":true,"_pose":"FreeFall","_animationQueue":[],"_animationSpeed":1,"_zoom":14.479},{"_mousePosition":[683,384],"_rootPartCFrame":[771.237,228.622,44.874,-0.872,0,0.49,0,1,0,-0.49,0,-0.872],"_humanoidState":5,"_cameraCFrame":[771.465,243.678,39.498,-0.931,-0.342,0.128,0,0.351,0.936,-0.365,0.872,-0.327],"_shiftlockState":true,"_pose":"FreeFall","_animationQueue":[],"_animationSpeed":1,"_zoom":14.479},{"_mousePosition":[683,384],"_rootPartCFrame":[770.989,229.008,44.775,-0.874,0,0.485,0,1,0,-0.485,0,-0.874],"_humanoidState":5,"_cameraCFrame":[771.168,244.08,39.438,-0.933,-0.337,0.125,0,0.348,0.937,-0.359,0.875,-0.325],"_shiftlockState":true,"_pose":"FreeFall","_animationQueue":[],"_animationSpeed":1,"_zoom":14.479},{"_mousePosition":[683,384],"_rootPartCFrame":[770.679,229.414,44.653,-0.861,0,0.509,0,1,0,-0.509,0,-0.861],"_humanoidState":5,"_cameraCFrame":[770.824,244.498,39.346,-0.935,-0.333,0.123,0,0.346,0.938,-0.355,0.877,-0.324],"_shiftlockState":true,"_pose":"FreeFall","_animationQueue":[],"_animationSpeed":1,"_zoom":14.479},{"_mousePosition":[683,384],"_rootPartCFrame":[770.492,229.617,44.581,-0.895,0,0.447,0,1,0,-0.447,0,-0.895],"_humanoidState":5,"_cameraCFrame":[770.588,244.717,39.314,-0.937,-0.328,0.12,0,0.343,0.939,-0.349,0.88,-0.322],"_shiftlockState":true,"_pose":"FreeFall","_animationQueue":[],"_animationSpeed":1,"_zoom":14.479},{"_mousePosition":[683,384],"_rootPartCFrame":[770.243,229.839,44.486,-0.882,0,0.471,0,1,0,-0.471,0,-0.882],"_humanoidState":5,"_cameraCFrame":[770.3,244.951,39.25,-0.939,-0.324,0.117,0,0.341,0.94,-0.344,0.883,-0.32],"_shiftlockState":true,"_pose":"FreeFall","_animationQueue":[],"_animationSpeed":1,"_zoom":14.479},{"_mousePosition":[683,384],"_rootPartCFrame":[769.993,230.007,44.393,-0.885,0,0.466,0,1,0,-0.466,0,-0.885],"_humanoidState":5,"_cameraCFrame":[770.017,245.131,39.187,-0.94,-0.32,0.115,0,0.339,0.941,-0.341,0.885,-0.318],"_shiftlockState":true,"_pose":"FreeFall","_animationQueue":[],"_animationSpeed":1,"_zoom":14.479},{"_mousePosition":[683,384],"_rootPartCFrame":[769.743,230.121,44.301,-0.887,0,0.462,0,1,0,-0.462,0,-0.887],"_humanoidState":5,"_cameraCFrame":[769.743,245.253,39.116,-0.941,-0.318,0.114,0,0.337,0.941,-0.338,0.886,-0.317],"_shiftlockState":true,"_pose":"FreeFall","_animationQueue":[],"_animationSpeed":1,"_zoom":14.479},{"_mousePosition":[683,384],"_rootPartCFrame":[769.492,230.18,44.21,-0.888,0,0.46,0,1,0,-0.46,0,-0.888],"_humanoidState":5,"_cameraCFrame":[769.465,245.323,39.056,-0.942,-0.315,0.112,0,0.335,0.942,-0.335,0.888,-0.315],"_shiftlockState":true,"_pose":"FreeFall","_animationQueue":[],"_animationSpeed":1,"_zoom":14.479},{"_mousePosition":[683,384],"_rootPartCFrame":[769.242,230.184,44.12,-0.89,0,0.457,0,1,0,-0.457,0,-0.89],"_humanoidState":5,"_cameraCFrame":[769.209,245.328,38.966,-0.943,-0.314,0.112,0,0.335,0.942,-0.334,0.888,-0.316],"_shiftlockState":true,"_pose":"FreeFall","_animationQueue":[],"_animationSpeed":1,"_zoom":14.479},{"_mousePosition":[683,384],"_rootPartCFrame":[768.99,230.134,44.03,-0.89,0,0.456,0,1,0,-0.456,0,-0.89],"_humanoidState":5,"_cameraCFrame":[768.958,245.278,38.877,-0.943,-0.314,0.112,0,0.335,0.942,-0.334,0.888,-0.316],"_shiftlockState":true,"_pose":"FreeFall","_animationQueue":[],"_animationSpeed":1,"_zoom":14.479},{"_mousePosition":[683,384],"_rootPartCFrame":[768.739,230.03,43.941,-0.89,0,0.456,0,1,0,-0.456,0,-0.89],"_humanoidState":5,"_cameraCFrame":[768.706,245.173,38.788,-0.943,-0.314,0.112,0,0.335,0.942,-0.334,0.888,-0.316],"_shiftlockState":true,"_pose":"FreeFall","_animationQueue":[],"_animationSpeed":1,"_zoom":14.479},{"_mousePosition":[683,384],"_rootPartCFrame":[768.487,229.871,43.852,-0.89,0,0.456,0,1,0,-0.456,0,-0.89],"_humanoidState":5,"_cameraCFrame":[768.455,245.014,38.699,-0.943,-0.314,0.112,0,0.335,0.942,-0.334,0.888,-0.316],"_shiftlockState":true,"_pose":"FreeFall","_animationQueue":[["fall",0.3]],"_animationSpeed":1,"_zoom":14.479},{"_mousePosition":[683,384],"_rootPartCFrame":[768.236,229.657,43.763,-0.89,0,0.456,0,1,0,-0.456,0,-0.89],"_humanoidState":5,"_cameraCFrame":[768.209,244.801,38.61,-0.942,-0.315,0.112,0,0.335,0.942,-0.335,0.888,-0.315],"_shiftlockState":true,"_pose":"FreeFall","_animationQueue":[],"_animationSpeed":1,"_zoom":14.479},{"_mousePosition":[683,384],"_rootPartCFrame":[767.984,229.389,43.674,-0.89,0,0.457,0,1,0,-0.457,0,-0.89],"_humanoidState":5,"_cameraCFrame":[767.99,244.533,38.521,-0.94,-0.321,0.114,0,0.335,0.942,-0.341,0.886,-0.315],"_shiftlockState":true,"_pose":"FreeFall","_animationQueue":[],"_animationSpeed":1,"_zoom":14.479},{"_mousePosition":[683,384],"_rootPartCFrame":[767.733,229.067,43.585,-0.887,0,0.462,0,1,0,-0.462,0,-0.887],"_humanoidState":5,"_cameraCFrame":[767.834,244.207,38.422,-0.934,-0.337,0.12,0,0.336,0.942,-0.357,0.88,-0.313],"_shiftlockState":true,"_pose":"FreeFall","_animationQueue":[],"_animationSpeed":1,"_zoom":14.479},{"_mousePosition":[683,384],"_rootPartCFrame":[767.482,228.69,43.494,-0.878,0,0.478,0,1,0,-0.478,0,-0.878],"_humanoidState":5,"_cameraCFrame":[767.733,243.826,38.326,-0.924,-0.361,0.129,0,0.336,0.942,-0.383,0.87,-0.311],"_shiftlockState":true,"_pose":"FreeFall","_animationQueue":[],"_animationSpeed":1,"_zoom":14.479},{"_mousePosition":[683,384],"_rootPartCFrame":[767.171,228.142,43.376,-0.847,0,0.531,0,1,0,-0.531,0,-0.847],"_humanoidState":5,"_cameraCFrame":[767.691,243.274,38.218,-0.903,-0.405,0.145,0,0.337,0.941,-0.43,0.85,-0.304],"_shiftlockState":true,"_pose":"FreeFall","_animationQueue":[],"_animationSpeed":1,"_zoom":14.479},{"_mousePosition":[683,384],"_rootPartCFrame":[766.986,227.773,43.3,-0.855,0,0.518,0,1,0,-0.518,0,-0.855],"_humanoidState":5,"_cameraCFrame":[768.043,242.904,38.225,-0.853,-0.492,0.176,0,0.337,0.941,-0.522,0.803,-0.287],"_shiftlockState":true,"_pose":"FreeFall","_animationQueue":[["fall",0.3]],"_animationSpeed":1,"_zoom":14.479},{"_mousePosition":[683,384],"_rootPartCFrame":[766.684,227.088,43.159,-0.754,0,0.657,0,1,0,-0.657,0,-0.754],"_humanoidState":5,"_cameraCFrame":[768.297,242.22,38.231,-0.79,-0.578,0.207,0,0.337,0.941,-0.614,0.743,-0.266],"_shiftlockState":true,"_pose":"FreeFall","_animationQueue":[],"_animationSpeed":1,"_zoom":14.479},{"_mousePosition":[683,384],"_rootPartCFrame":[766.51,226.637,43.061,-0.724,0,0.689,0,1,0,-0.689,0,-0.724],"_humanoidState":5,"_cameraCFrame":[768.676,241.765,38.339,-0.715,-0.658,0.236,0,0.338,0.941,-0.699,0.673,-0.242],"_shiftlockState":true,"_pose":"FreeFall","_animationQueue":[],"_animationSpeed":1,"_zoom":14.479},{"_mousePosition":[683,384],"_rootPartCFrame":[766.294,225.988,42.906,-0.616,0,0.788,0,1,0,-0.788,0,-0.616],"_humanoidState":5,"_cameraCFrame":[768.78,241.127,38.38,-0.661,-0.707,0.252,0,0.336,0.942,-0.75,0.623,-0.222],"_shiftlockState":true,"_pose":"FreeFall","_animationQueue":[],"_animationSpeed":1,"_zoom":14.479},{"_mousePosition":[683,384],"_rootPartCFrame":[766.1,225.284,42.723,-0.63,0,0.777,0,1,0,-0.777,0,-0.63],"_humanoidState":7,"_cameraCFrame":[768.757,240.435,38.331,-0.628,-0.734,0.259,0,0.333,0.943,-0.778,0.592,-0.209],"_shiftlockState":true,"_pose":"FreeFall","_animationQueue":[["walk",0.1],["fall",0.3],["fall",0.3]],"_animationSpeed":1,"_zoom":14.479},{"_mousePosition":[683,384],"_rootPartCFrame":[765.877,224.752,42.475,-0.624,0,0.781,0,1,0,-0.781,0,-0.624],"_humanoidState":7,"_cameraCFrame":[768.539,239.908,38.099,-0.625,-0.736,0.259,0,0.333,0.943,-0.78,0.59,-0.208],"_shiftlockState":true,"_pose":"FreeFall","_animationQueue":[],"_animationSpeed":1,"_zoom":14.479},{"_mousePosition":[683,384],"_rootPartCFrame":[765.75,224.782,42.32,-0.625,0,0.78,0,1,0,-0.78,0,-0.625],"_humanoidState":8,"_cameraCFrame":[768.308,239.945,37.906,-0.641,-0.724,0.254,0,0.331,0.944,-0.768,0.605,-0.212],"_shiftlockState":true,"_pose":"Running","_animationQueue":[["walk",0.1],["fall",0.3],["walk",0.1]],"_animationSpeed":1.103,"_zoom":14.479},{"_mousePosition":[683,384],"_rootPartCFrame":[765.54,225.852,42.062,-0.641,0,0.768,0,1,0,-0.768,0,-0.641],"_humanoidState":3,"_cameraCFrame":[767.843,241.038,37.579,-0.675,-0.697,0.241,0,0.326,0.945,-0.737,0.638,-0.22],"_shiftlockState":true,"_pose":"Jumping","_animationQueue":[["walk",0.1],["walk",0.1],["jump",0.1]],"_animationSpeed":1,"_zoom":14.479},{"_mousePosition":[683,384],"_rootPartCFrame":[765.413,226.453,41.908,-0.628,0,0.778,0,1,0,-0.778,0,-0.628],"_humanoidState":5,"_cameraCFrame":[767.26,241.673,37.319,-0.736,-0.642,0.216,0,0.32,0.948,-0.678,0.697,-0.235],"_shiftlockState":true,"_pose":"FreeFall","_animationQueue":[["jump",0.1]],"_animationSpeed":1,"_zoom":14.479},{"_mousePosition":[683,384],"_rootPartCFrame":[765.234,227.207,41.71,-0.645,0,0.764,0,1,0,-0.764,0,-0.645],"_humanoidState":5,"_cameraCFrame":[766.545,242.453,37.015,-0.802,-0.567,0.188,0,0.314,0.949,-0.597,0.762,-0.252],"_shiftlockState":true,"_pose":"FreeFall","_animationQueue":[],"_animationSpeed":1,"_zoom":14.479},{"_mousePosition":[683,384],"_rootPartCFrame":[765.042,227.906,41.526,-0.717,0,0.698,0,1,0,-0.698,0,-0.717],"_humanoidState":5,"_cameraCFrame":[765.707,243.17,36.749,-0.873,-0.464,0.151,0,0.31,0.951,-0.488,0.83,-0.271],"_shiftlockState":true,"_pose":"FreeFall","_animationQueue":[],"_animationSpeed":1,"_zoom":14.479},{"_mousePosition":[683,384],"_rootPartCFrame":[764.779,228.704,41.32,-0.78,0,0.626,0,1,0,-0.626,0,-0.78],"_humanoidState":5,"_cameraCFrame":[764.708,243.997,36.581,-0.935,-0.338,0.108,0,0.304,0.953,-0.355,0.89,-0.284],"_shiftlockState":true,"_pose":"FreeFall","_animationQueue":[],"_animationSpeed":1,"_zoom":14.479},{"_mousePosition":[683,384],"_rootPartCFrame":[764.611,229.142,41.213,-0.895,0,0.447,0,1,0,-0.447,0,-0.895],"_humanoidState":5,"_cameraCFrame":[763.853,244.463,36.618,-0.975,-0.21,0.066,0,0.298,0.955,-0.22,0.931,-0.291],"_shiftlockState":true,"_pose":"FreeFall","_animationQueue":[],"_animationSpeed":1,"_zoom":14.479},{"_mousePosition":[683,384],"_rootPartCFrame":[764.309,229.803,41.076,-0.926,0,0.379,0,1,0,-0.379,0,-0.926],"_humanoidState":5,"_cameraCFrame":[762.961,245.145,36.683,-0.996,-0.089,0.027,0,0.293,0.956,-0.093,0.952,-0.292],"_shiftlockState":true,"_pose":"FreeFall","_animationQueue":[],"_animationSpeed":1,"_zoom":14.479},{"_mousePosition":[683,384],"_rootPartCFrame":[764.118,230.159,41.018,-0.981,0,0.192,0,1,0,-0.192,0,-0.981],"_humanoidState":5,"_cameraCFrame":[762.122,245.504,36.891,-0.998,0.056,-0.017,0,0.293,0.956,0.059,0.955,-0.292],"_shiftlockState":true,"_pose":"FreeFall","_animationQueue":[],"_animationSpeed":1,"_zoom":14.479},{"_mousePosition":[683,384],"_rootPartCFrame":[763.79,230.684,40.967,-0.994,0,0.108,0,1,0,-0.108,0,-0.994],"_humanoidState":5,"_cameraCFrame":[761.327,246.012,37.039,-0.985,0.164,-0.051,0,0.297,0.955,0.172,0.941,-0.292],"_shiftlockState":true,"_pose":"FreeFall","_animationQueue":[],"_animationSpeed":1,"_zoom":14.479},{"_mousePosition":[683,384],"_rootPartCFrame":[763.591,230.958,40.962,-0.997,0,-0.073,0,1,0,0.073,0,-0.997],"_humanoidState":5,"_cameraCFrame":[760.572,246.255,37.322,-0.951,0.294,-0.094,0,0.303,0.953,0.308,0.906,-0.289],"_shiftlockState":true,"_pose":"FreeFall","_animationQueue":[],"_animationSpeed":1,"_zoom":14.479},{"_mousePosition":[683,384],"_rootPartCFrame":[763.261,231.347,41,-0.989,0,-0.146,0,1,0,0.146,0,-0.989],"_humanoidState":5,"_cameraCFrame":[759.881,246.629,37.634,-0.916,0.381,-0.123,0,0.307,0.952,0.4,0.872,-0.281],"_shiftlockState":true,"_pose":"FreeFall","_animationQueue":[],"_animationSpeed":1,"_zoom":14.479},{"_mousePosition":[683,384],"_rootPartCFrame":[763.067,231.54,41.048,-0.952,0,-0.307,0,1,0,0.307,0,-0.952],"_humanoidState":5,"_cameraCFrame":[759.326,246.822,38.088,-0.865,0.478,-0.154,0,0.307,0.952,0.502,0.823,-0.265],"_shiftlockState":true,"_pose":"FreeFall","_animationQueue":[],"_animationSpeed":1,"_zoom":14.479},{"_mousePosition":[683,384],"_rootPartCFrame":[762.819,231.748,41.143,-0.924,0,-0.383,0,1,0,0.383,0,-0.924],"_humanoidState":5,"_cameraCFrame":[758.819,247.041,38.6,-0.81,0.558,-0.178,0,0.304,0.953,0.586,0.772,-0.246],"_shiftlockState":true,"_pose":"FreeFall","_animationQueue":[],"_animationSpeed":1,"_zoom":14.479},{"_mousePosition":[683,384],"_rootPartCFrame":[762.583,231.903,41.267,-0.881,0,-0.473,0,1,0,0.473,0,-0.881],"_humanoidState":5,"_cameraCFrame":[758.323,247.21,39.288,-0.729,0.653,-0.206,0,0.301,0.954,0.685,0.695,-0.219],"_shiftlockState":true,"_pose":"FreeFall","_animationQueue":[],"_animationSpeed":1,"_zoom":14.479},{"_mousePosition":[683,384],"_rootPartCFrame":[762.309,232.019,41.456,-0.832,0,-0.554,0,1,0,0.554,0,-0.832],"_humanoidState":5,"_cameraCFrame":[757.886,247.333,39.933,-0.656,0.72,-0.226,0,0.3,0.954,0.755,0.626,-0.196],"_shiftlockState":true,"_pose":"FreeFall","_animationQueue":[],"_animationSpeed":1,"_zoom":14.479},{"_mousePosition":[683,384],"_rootPartCFrame":[762.156,232.048,41.584,-0.728,0,-0.686,0,1,0,0.686,0,-0.728],"_humanoidState":5,"_cameraCFrame":[757.659,247.379,40.498,-0.585,0.775,-0.24,0,0.296,0.955,0.811,0.559,-0.173],"_shiftlockState":true,"_pose":"FreeFall","_animationQueue":[],"_animationSpeed":1,"_zoom":14.479},{"_mousePosition":[683,384],"_rootPartCFrame":[761.93,232.028,41.829,-0.711,0,-0.703,0,1,0,0.703,0,-0.711],"_humanoidState":5,"_cameraCFrame":[757.419,247.373,41.008,-0.541,0.804,-0.246,0,0.293,0.956,0.841,0.517,-0.158],"_shiftlockState":true,"_pose":"FreeFall","_animationQueue":[],"_animationSpeed":1,"_zoom":14.479},{"_mousePosition":[683,384],"_rootPartCFrame":[761.81,232.175,41.989,-0.566,0,-0.824,0,1,0,0.824,0,-0.566],"_humanoidState":7,"_cameraCFrame":[757.308,247.53,41.308,-0.518,0.819,-0.248,0,0.29,0.957,0.855,0.496,-0.15],"_shiftlockState":true,"_pose":"FreeFall","_animationQueue":[["walk",0.1]],"_animationSpeed":1.103,"_zoom":14.479},{"_mousePosition":[683,384],"_rootPartCFrame":[761.664,232.407,42.212,-0.522,0,-0.853,0,1,0,0.853,0,-0.522],"_humanoidState":7,"_cameraCFrame":[757.161,247.762,41.531,-0.518,0.819,-0.248,0,0.29,0.957,0.855,0.496,-0.15],"_shiftlockState":true,"_pose":"FreeFall","_animationQueue":[],"_animationSpeed":1.103,"_zoom":14.479},{"_mousePosition":[683,384],"_rootPartCFrame":[761.525,232.558,42.439,-0.518,0,-0.855,0,1,0,0.855,0,-0.518],"_humanoidState":7,"_cameraCFrame":[757.006,247.9,41.608,-0.542,0.803,-0.247,0,0.293,0.956,0.84,0.518,-0.159],"_shiftlockState":true,"_pose":"FreeFall","_animationQueue":[],"_animationSpeed":1.103,"_zoom":14.479},{"_mousePosition":[683,384],"_rootPartCFrame":[761.387,232.644,42.667,-0.542,0,-0.84,0,1,0,0.84,0,-0.542],"_humanoidState":8,"_cameraCFrame":[756.867,247.954,41.423,-0.606,0.759,-0.239,0,0.3,0.954,0.795,0.578,-0.182],"_shiftlockState":true,"_pose":"Running","_animationQueue":[["walk",0.1],["walk",0.1]],"_animationSpeed":1.103,"_zoom":14.479},{"_mousePosition":[683,384],"_rootPartCFrame":[761.171,232.707,43.004,-0.606,0,-0.795,0,1,0,0.795,0,-0.606],"_humanoidState":8,"_cameraCFrame":[756.798,248.021,41.343,-0.679,0.7,-0.22,0,0.3,0.954,0.734,0.648,-0.203],"_shiftlockState":true,"_pose":"Running","_animationQueue":[["walk",0.1]],"_animationSpeed":1.103,"_zoom":14.479},{"_mousePosition":[683,384],"_rootPartCFrame":[761.052,232.723,43.164,-0.679,0,-0.734,0,1,0,0.734,0,-0.679],"_humanoidState":8,"_cameraCFrame":[756.877,248.075,41.321,-0.724,0.66,-0.201,0,0.291,0.957,0.69,0.692,-0.211],"_shiftlockState":true,"_pose":"Running","_animationQueue":[],"_animationSpeed":1.103,"_zoom":14.479},{"_mousePosition":[683,384],"_rootPartCFrame":[760.874,232.735,43.363,-0.724,0,-0.69,0,1,0,0.69,0,-0.724],"_humanoidState":8,"_cameraCFrame":[756.822,248.107,41.401,-0.751,0.632,-0.189,0,0.287,0.958,0.66,0.72,-0.215],"_shiftlockState":true,"_pose":"Running","_animationQueue":[],"_animationSpeed":1.103,"_zoom":14.479},{"_mousePosition":[683,384],"_rootPartCFrame":[760.635,232.743,43.595,-0.751,0,-0.66,0,1,0,0.66,0,-0.751],"_humanoidState":8,"_cameraCFrame":[756.607,248.122,41.628,-0.755,0.629,-0.187,0,0.285,0.959,0.656,0.724,-0.215],"_shiftlockState":true,"_pose":"Running","_animationQueue":[],"_animationSpeed":1.103,"_zoom":14.479},{"_mousePosition":[683,384],"_rootPartCFrame":[760.485,232.745,43.728,-0.755,0,-0.656,0,1,0,0.656,0,-0.755],"_humanoidState":8,"_cameraCFrame":[756.458,248.134,41.833,-0.747,0.637,-0.188,0,0.283,0.959,0.665,0.717,-0.211],"_shiftlockState":true,"_pose":"Running","_animationQueue":[],"_animationSpeed":1.103,"_zoom":14.479},{"_mousePosition":[683,384],"_rootPartCFrame":[760.285,232.714,43.904,-0.747,0,-0.665,0,1,0,0.665,0,-0.747],"_humanoidState":8,"_cameraCFrame":[756.224,248.116,42.186,-0.723,0.663,-0.193,0,0.28,0.96,0.691,0.694,-0.202],"_shiftlockState":true,"_pose":"Running","_animationQueue":[],"_animationSpeed":1.103,"_zoom":14.479},{"_mousePosition":[683,384],"_rootPartCFrame":[759.934,234.209,44.212,-0.723,0,-0.691,0,1,0,0.691,0,-0.723],"_humanoidState":3,"_cameraCFrame":[755.707,249.61,42.959,-0.641,0.737,-0.214,0,0.28,0.96,0.767,0.616,-0.179],"_shiftlockState":true,"_pose":"Jumping","_animationQueue":[["walk",0.1],["jump",0.1]],"_animationSpeed":1,"_zoom":14.479},{"_mousePosition":[683,384],"_rootPartCFrame":[759.644,235.36,44.487,-0.752,0,-0.659,0,1,0,0.659,0,-0.752],"_humanoidState":5,"_cameraCFrame":[755.317,250.752,43.491,-0.59,0.775,-0.228,0,0.282,0.959,0.807,0.566,-0.166],"_shiftlockState":true,"_pose":"FreeFall","_animationQueue":[["jump",0.1]],"_animationSpeed":1,"_zoom":14.479},{"_mousePosition":[683,384],"_rootPartCFrame":[759.51,235.89,44.634,-0.667,0,-0.745,0,1,0,0.745,0,-0.667],"_humanoidState":5,"_cameraCFrame":[755.097,251.268,43.851,-0.545,0.803,-0.239,0,0.285,0.959,0.838,0.523,-0.155],"_shiftlockState":true,"_pose":"FreeFall","_animationQueue":[],"_animationSpeed":1,"_zoom":14.479},{"_mousePosition":[683,384],"_rootPartCFrame":[759.349,236.548,44.847,-0.652,0,-0.759,0,1,0,0.759,0,-0.652],"_humanoidState":5,"_cameraCFrame":[754.872,251.917,44.284,-0.5,0.83,-0.249,0,0.287,0.958,0.866,0.479,-0.144],"_shiftlockState":true,"_pose":"FreeFall","_animationQueue":[],"_animationSpeed":1,"_zoom":14.479},{"_mousePosition":[683,384],"_rootPartCFrame":[759.202,237.152,45.069,-0.61,0,-0.792,0,1,0,0.792,0,-0.61],"_humanoidState":5,"_cameraCFrame":[754.703,252.521,44.713,-0.459,0.851,-0.255,0,0.287,0.958,0.888,0.44,-0.132],"_shiftlockState":true,"_pose":"FreeFall","_animationQueue":[],"_animationSpeed":1,"_zoom":14.479},{"_mousePosition":[683,384],"_rootPartCFrame":[759.067,237.702,45.299,-0.573,0,-0.819,0,1,0,0.819,0,-0.573],"_humanoidState":5,"_cameraCFrame":[754.545,253.067,45.174,-0.412,0.872,-0.262,0,0.288,0.958,0.911,0.395,-0.119],"_shiftlockState":true,"_pose":"FreeFall","_animationQueue":[],"_animationSpeed":1,"_zoom":14.479},{"_mousePosition":[683,384],"_rootPartCFrame":[758.912,238.312,45.594,-0.558,0,-0.83,0,1,0,0.83,0,-0.558],"_humanoidState":5,"_cameraCFrame":[754.379,253.674,45.673,-0.37,0.889,-0.268,0,0.289,0.957,0.929,0.354,-0.107],"_shiftlockState":true,"_pose":"FreeFall","_animationQueue":[],"_animationSpeed":1,"_zoom":14.479},{"_mousePosition":[683,384],"_rootPartCFrame":[758.827,238.637,45.776,-0.461,0,-0.888,0,1,0,0.888,0,-0.461],"_humanoidState":5,"_cameraCFrame":[754.285,253.992,46.099,-0.318,0.907,-0.275,0,0.29,0.957,0.948,0.304,-0.092],"_shiftlockState":true,"_pose":"FreeFall","_animationQueue":[],"_animationSpeed":1,"_zoom":14.479},{"_mousePosition":[683,384],"_rootPartCFrame":[758.727,239.023,46.023,-0.441,0,-0.898,0,1,0,0.898,0,-0.441],"_humanoidState":5,"_cameraCFrame":[754.174,254.368,46.565,-0.27,0.921,-0.282,0,0.293,0.956,0.963,0.258,-0.079],"_shiftlockState":true,"_pose":"FreeFall","_animationQueue":[],"_animationSpeed":1,"_zoom":14.479},{"_mousePosition":[683,384],"_rootPartCFrame":[758.619,239.429,46.338,-0.426,0,-0.905,0,1,0,0.905,0,-0.426],"_humanoidState":5,"_cameraCFrame":[754.042,254.753,47.141,-0.211,0.933,-0.291,0,0.297,0.955,0.978,0.201,-0.063],"_shiftlockState":true,"_pose":"FreeFall","_animationQueue":[],"_animationSpeed":1,"_zoom":14.479},{"_mousePosition":[683,384],"_rootPartCFrame":[758.527,239.75,46.658,-0.37,0,-0.929,0,1,0,0.929,0,-0.37],"_humanoidState":5,"_cameraCFrame":[753.95,255.067,47.572,-0.186,0.938,-0.294,0,0.299,0.954,0.983,0.178,-0.056],"_shiftlockState":true,"_pose":"FreeFall","_animationQueue":[],"_animationSpeed":1,"_zoom":14.479},{"_mousePosition":[683,384],"_rootPartCFrame":[758.497,239.854,46.788,-0.251,0,-0.968,0,1,0,0.968,0,-0.251],"_humanoidState":5,"_cameraCFrame":[753.918,255.158,47.886,-0.145,0.943,-0.299,0,0.302,0.953,0.989,0.138,-0.044],"_shiftlockState":true,"_pose":"FreeFall","_animationQueue":[],"_animationSpeed":1,"_zoom":14.479},{"_mousePosition":[683,384],"_rootPartCFrame":[758.446,240.022,47.05,-0.275,0,-0.961,0,1,0,0.961,0,-0.275],"_humanoidState":5,"_cameraCFrame":[753.881,255.315,48.326,-0.105,0.947,-0.303,0,0.304,0.953,0.994,0.1,-0.032],"_shiftlockState":true,"_pose":"FreeFall","_animationQueue":[],"_animationSpeed":1,"_zoom":14.479},{"_mousePosition":[683,384],"_rootPartCFrame":[758.406,240.136,47.313,-0.237,0,-0.972,0,1,0,0.972,0,-0.237],"_humanoidState":5,"_cameraCFrame":[753.853,255.418,48.739,-0.072,0.949,-0.306,0,0.307,0.952,0.997,0.069,-0.022],"_shiftlockState":true,"_pose":"FreeFall","_animationQueue":[],"_animationSpeed":1,"_zoom":14.479},{"_mousePosition":[683,384],"_rootPartCFrame":[758.376,240.195,47.578,-0.204,0,-0.979,0,1,0,0.979,0,-0.204],"_humanoidState":5,"_cameraCFrame":[753.845,255.47,49.136,-0.043,0.95,-0.308,0,0.308,0.951,0.999,0.041,-0.013],"_shiftlockState":true,"_pose":"FreeFall","_animationQueue":[],"_animationSpeed":1,"_zoom":14.479},{"_mousePosition":[683,384],"_rootPartCFrame":[758.356,240.199,47.844,-0.175,0,-0.985,0,1,0,0.985,0,-0.175],"_humanoidState":5,"_cameraCFrame":[753.846,255.463,49.553,-0.009,0.951,-0.31,0,0.31,0.951,1,0.009,-0.003],"_shiftlockState":true,"_pose":"FreeFall","_animationQueue":[],"_animationSpeed":1,"_zoom":14.479},{"_mousePosition":[683,384],"_rootPartCFrame":[758.343,240.149,48.111,-0.142,0,-0.99,0,1,0,0.99,0,-0.142],"_humanoidState":5,"_cameraCFrame":[753.875,255.406,49.979,0.026,0.95,-0.312,0,0.312,0.95,1,-0.025,0.008],"_shiftlockState":true,"_pose":"FreeFall","_animationQueue":[],"_animationSpeed":1,"_zoom":14.479},{"_mousePosition":[683,384],"_rootPartCFrame":[758.339,240.045,48.377,-0.107,0,-0.994,0,1,0,0.994,0,-0.107],"_humanoidState":5,"_cameraCFrame":[753.982,255.298,50.514,0.087,0.946,-0.311,0,0.313,0.95,0.996,-0.083,0.027],"_shiftlockState":true,"_pose":"FreeFall","_animationQueue":[],"_animationSpeed":1,"_zoom":14.479},{"_mousePosition":[683,384],"_rootPartCFrame":[758.345,239.886,48.644,-0.046,0,-0.999,0,1,0,0.999,0,-0.046],"_humanoidState":5,"_cameraCFrame":[754.226,255.139,51.212,0.188,0.933,-0.307,0,0.313,0.95,0.982,-0.178,0.059],"_shiftlockState":true,"_pose":"FreeFall","_animationQueue":[],"_animationSpeed":1,"_zoom":14.479},{"_mousePosition":[683,384],"_rootPartCFrame":[758.366,239.673,48.91,0.055,0,-0.998,0,1,0,0.998,0,0.055],"_humanoidState":5,"_cameraCFrame":[754.648,254.915,52.078,0.333,0.895,-0.297,0,0.315,0.949,0.943,-0.316,0.105],"_shiftlockState":true,"_pose":"FreeFall","_animationQueue":[],"_animationSpeed":1,"_zoom":14.479},{"_mousePosition":[683,384],"_rootPartCFrame":[758.408,239.405,49.172,0.205,0,-0.979,0,1,0,0.979,0,0.205],"_humanoidState":5,"_cameraCFrame":[755.155,254.609,52.953,0.481,0.83,-0.283,0,0.323,0.947,0.877,-0.455,0.155],"_shiftlockState":true,"_pose":"FreeFall","_animationQueue":[],"_animationSpeed":1,"_zoom":14.479},{"_mousePosition":[683,384],"_rootPartCFrame":[758.502,238.993,49.491,0.329,0,-0.944,0,1,0,0.944,0,0.329],"_humanoidState":5,"_cameraCFrame":[755.687,254.052,54.065,0.634,0.724,-0.271,0,0.351,0.936,0.773,-0.594,0.222],"_shiftlockState":true,"_pose":"FreeFall","_animationQueue":[["fall",0.3]],"_animationSpeed":1,"_zoom":14.479},{"_mousePosition":[683,384],"_rootPartCFrame":[758.582,238.705,49.674,0.554,0,-0.832,0,1,0,0.832,0,0.554],"_humanoidState":5,"_cameraCFrame":[755.895,253.494,55.049,0.726,0.632,-0.273,0,0.397,0.918,0.688,-0.666,0.288],"_shiftlockState":true,"_pose":"FreeFall","_animationQueue":[],"_animationSpeed":1,"_zoom":14.479},{"_mousePosition":[683,384],"_rootPartCFrame":[758.743,238.274,49.885,0.704,0,-0.71,0,1,0,0.71,0,0.704],"_humanoidState":7,"_cameraCFrame":[755.878,252.85,55.674,0.743,0.605,-0.288,0,0.429,0.903,0.67,-0.671,0.319],"_shiftlockState":true,"_pose":"FreeFall","_animationQueue":[["walk",0.1],["fall",0.3],["fall",0.3]],"_animationSpeed":1,"_zoom":14.479},{"_mousePosition":[683,384],"_rootPartCFrame":[758.932,237.788,50.072,0.742,0,-0.67,0,1,0,0.67,0,0.742],"_humanoidState":7,"_cameraCFrame":[755.813,252.278,55.923,0.727,0.616,-0.303,0,0.442,0.897,0.687,-0.652,0.321],"_shiftlockState":true,"_pose":"FreeFall","_animationQueue":[],"_animationSpeed":1,"_zoom":14.479},{"_mousePosition":[683,384],"_rootPartCFrame":[759.13,237.579,50.252,0.727,0,-0.687,0,1,0,0.687,0,0.727],"_humanoidState":8,"_cameraCFrame":[756.01,252.069,56.102,0.727,0.616,-0.303,0,0.442,0.897,0.687,-0.652,0.321],"_shiftlockState":true,"_pose":"Running","_animationQueue":[["walk",0.1],["fall",0.3],["walk",0.1]],"_animationSpeed":1.103,"_zoom":14.479},{"_mousePosition":[683,384],"_rootPartCFrame":[759.328,238.452,50.43,0.727,0,-0.687,0,1,0,0.687,0,0.727],"_humanoidState":3,"_cameraCFrame":[756.208,252.942,56.281,0.727,0.616,-0.303,0,0.442,0.897,0.687,-0.652,0.321],"_shiftlockState":true,"_pose":"Jumping","_animationQueue":[["walk",0.1],["jump",0.1]],"_animationSpeed":1,"_zoom":14.479},{"_mousePosition":[683,384],"_rootPartCFrame":[759.524,239.274,50.584,0.727,0,-0.687,0,1,0,0.687,0,0.727],"_humanoidState":5,"_cameraCFrame":[756.405,253.764,56.435,0.727,0.616,-0.303,0,0.442,0.897,0.687,-0.652,0.321],"_shiftlockState":true,"_pose":"FreeFall","_animationQueue":[["jump",0.1]],"_animationSpeed":1,"_zoom":14.479},{"_mousePosition":[683,384],"_rootPartCFrame":[759.72,240.041,50.698,0.727,0,-0.687,0,1,0,0.687,0,0.727],"_humanoidState":5,"_cameraCFrame":[756.6,254.531,56.549,0.727,0.616,-0.303,0,0.442,0.897,0.687,-0.652,0.321],"_shiftlockState":true,"_pose":"FreeFall","_animationQueue":[],"_animationSpeed":1,"_zoom":14.479},{"_mousePosition":[683,384],"_rootPartCFrame":[759.914,240.754,50.773,0.727,0,-0.687,0,1,0,0.687,0,0.727],"_humanoidState":5,"_cameraCFrame":[756.794,255.244,56.624,0.727,0.616,-0.303,0,0.442,0.897,0.687,-0.652,0.321],"_shiftlockState":true,"_pose":"FreeFall","_animationQueue":[],"_animationSpeed":1,"_zoom":14.479},{"_mousePosition":[683,384],"_rootPartCFrame":[760.106,241.413,50.808,0.727,0,-0.687,0,1,0,0.687,0,0.727],"_humanoidState":5,"_cameraCFrame":[756.986,255.903,56.659,0.727,0.616,-0.303,0,0.442,0.897,0.687,-0.652,0.321],"_shiftlockState":true,"_pose":"FreeFall","_animationQueue":[],"_animationSpeed":1,"_zoom":14.479},{"_mousePosition":[683,384],"_rootPartCFrame":[760.296,242.017,50.803,0.727,0,-0.687,0,1,0,0.687,0,0.727],"_humanoidState":5,"_cameraCFrame":[757.177,256.507,56.654,0.727,0.616,-0.303,0,0.442,0.897,0.687,-0.652,0.321],"_shiftlockState":true,"_pose":"FreeFall","_animationQueue":[],"_animationSpeed":1,"_zoom":14.479},{"_mousePosition":[683,384],"_rootPartCFrame":[760.486,242.566,50.758,0.727,0,-0.687,0,1,0,0.687,0,0.727],"_humanoidState":5,"_cameraCFrame":[757.366,257.057,56.609,0.727,0.616,-0.303,0,0.442,0.897,0.687,-0.652,0.321],"_shiftlockState":true,"_pose":"FreeFall","_animationQueue":[],"_animationSpeed":1,"_zoom":14.479},{"_mousePosition":[683,384],"_rootPartCFrame":[760.673,243.061,50.674,0.727,0,-0.687,0,1,0,0.687,0,0.727],"_humanoidState":5,"_cameraCFrame":[757.553,257.552,56.525,0.727,0.616,-0.303,0,0.442,0.897,0.687,-0.652,0.321],"_shiftlockState":true,"_pose":"FreeFall","_animationQueue":[],"_animationSpeed":1,"_zoom":14.479},{"_mousePosition":[683,384],"_rootPartCFrame":[760.859,243.502,50.55,0.727,0,-0.687,0,1,0,0.687,0,0.727],"_humanoidState":5,"_cameraCFrame":[757.717,258.002,56.366,0.723,0.621,-0.304,0,0.44,0.898,0.691,-0.649,0.318],"_shiftlockState":true,"_pose":"FreeFall","_animationQueue":[],"_animationSpeed":1,"_zoom":14.479},{"_mousePosition":[683,384],"_rootPartCFrame":[761.043,243.888,50.387,0.723,0,-0.691,0,1,0,0.691,0,0.723],"_humanoidState":5,"_cameraCFrame":[757.881,258.404,56.157,0.718,0.626,-0.305,0,0.438,0.899,0.697,-0.645,0.314],"_shiftlockState":true,"_pose":"FreeFall","_animationQueue":[],"_animationSpeed":1,"_zoom":14.479},{"_mousePosition":[683,384],"_rootPartCFrame":[761.227,244.22,50.196,0.718,0,-0.696,0,1,0,0.696,0,0.718],"_humanoidState":5,"_cameraCFrame":[758.109,258.74,55.978,0.722,0.622,-0.303,0,0.437,0.899,0.692,-0.649,0.316],"_shiftlockState":true,"_pose":"FreeFall","_animationQueue":[],"_animationSpeed":1,"_zoom":14.479},{"_mousePosition":[683,384],"_rootPartCFrame":[761.413,244.497,50.004,0.722,0,-0.692,0,1,0,0.692,0,0.722],"_humanoidState":5,"_cameraCFrame":[758.703,259.033,55.956,0.766,0.579,-0.28,0,0.435,0.9,0.643,-0.69,0.333],"_shiftlockState":true,"_pose":"FreeFall","_animationQueue":[],"_animationSpeed":1,"_zoom":14.479},{"_mousePosition":[683,384],"_rootPartCFrame":[761.415,244.654,50.017,0.798,-0.004,-0.602,0.005,1,0,0.602,-0.003,0.798],"_humanoidState":12,"_cameraCFrame":[759.57,259.16,56.352,0.852,0.47,-0.23,0,0.44,0.898,0.523,-0.765,0.375],"_shiftlockState":true,"_pose":"FreeFall","_animationQueue":[["walk",0.1]],"_animationSpeed":1.103,"_zoom":14.479},{"_mousePosition":[683,384],"_rootPartCFrame":[761.384,244.68,50.064,0.858,-0.002,-0.514,0.002,1,0,0.514,-0.001,0.858],"_humanoidState":12,"_cameraCFrame":[761.17,259.102,56.82,0.957,0.258,-0.13,0,0.451,0.892,0.289,-0.854,0.432],"_shiftlockState":true,"_pose":"Climbing","_animationQueue":[["climb",0.1]],"_animationSpeed":0.868,"_zoom":14.479},{"_mousePosition":[683,384],"_rootPartCFrame":[761.374,244.681,50.079,0.961,0,-0.278,0,1,0,0.278,0,0.961],"_humanoidState":12,"_cameraCFrame":[763.64,259.007,56.641,0.997,-0.069,0.036,0,0.464,0.886,-0.078,-0.883,0.463],"_shiftlockState":true,"_pose":"Climbing","_animationQueue":[["climb",0.1]],"_animationSpeed":0,"_zoom":14.479},{"_mousePosition":[683,384],"_rootPartCFrame":[761.103,244.987,50.315,0.997,0.025,0.072,-0.025,1,0.008,-0.071,-0.009,0.997],"_humanoidState":8,"_cameraCFrame":[766.099,259.101,55.686,0.876,-0.42,0.237,0,0.491,0.871,-0.482,-0.763,0.43],"_shiftlockState":true,"_pose":"Running","_animationQueue":[["walk",0.1],["climb",0.1],["walk",0.1],["walk",0.1]],"_animationSpeed":0.035,"_zoom":14.479},{"_mousePosition":[683,384],"_rootPartCFrame":[760.798,245.636,50.379,0.863,0.003,0.504,-0.004,1,0.002,-0.504,-0.004,0.863],"_humanoidState":8,"_cameraCFrame":[767.454,259.459,54.446,0.7,-0.608,0.375,0,0.525,0.851,-0.714,-0.596,0.368],"_shiftlockState":true,"_pose":"Running","_animationQueue":[["walk",0.1]],"_animationSpeed":0.983,"_zoom":14.479},{"_mousePosition":[683,384],"_rootPartCFrame":[760.485,246.74,50.368,0.675,-0.011,0.738,0.014,1,0.003,-0.738,0.009,0.675],"_humanoidState":3,"_cameraCFrame":[767.635,260.427,53.963,0.632,-0.653,0.419,0,0.54,0.842,-0.775,-0.532,0.341],"_shiftlockState":true,"_pose":"Jumping","_animationQueue":[["walk",0.1],["jump",0.1]],"_animationSpeed":1,"_zoom":14.479},{"_mousePosition":[683,384],"_rootPartCFrame":[760.305,247.382,50.374,0.575,-0.01,0.818,0.012,1,0.003,-0.818,0.008,0.576],"_humanoidState":5,"_cameraCFrame":[767.363,261.056,54.189,0.654,-0.636,0.409,0,0.541,0.841,-0.756,-0.55,0.354],"_shiftlockState":true,"_pose":"FreeFall","_animationQueue":[["jump",0.1]],"_animationSpeed":1,"_zoom":14.479},{"_mousePosition":[683,384],"_rootPartCFrame":[760.077,248.19,50.413,0.553,-0.004,0.833,0.004,1,0.002,-0.833,0.003,0.553],"_humanoidState":5,"_cameraCFrame":[766.666,261.827,55.099,0.742,-0.562,0.366,0,0.545,0.838,-0.671,-0.622,0.404],"_shiftlockState":true,"_pose":"FreeFall","_animationQueue":[],"_animationSpeed":1,"_zoom":14.479},{"_mousePosition":[683,384],"_rootPartCFrame":[759.861,248.944,50.49,0.646,-0.001,0.763,0,1,0.001,-0.763,0,0.646],"_humanoidState":5,"_cameraCFrame":[765.563,262.574,56.239,0.845,-0.448,0.292,0,0.546,0.838,-0.534,-0.708,0.462],"_shiftlockState":true,"_pose":"FreeFall","_animationQueue":[],"_animationSpeed":1,"_zoom":14.479},{"_mousePosition":[683,384],"_rootPartCFrame":[759.653,249.644,50.607,0.767,0,0.642,0,1,0,-0.642,0,0.767],"_humanoidState":5,"_cameraCFrame":[764.044,263.299,57.364,0.937,-0.294,0.19,0,0.543,0.84,-0.35,-0.786,0.509],"_shiftlockState":true,"_pose":"FreeFall","_animationQueue":[],"_animationSpeed":1,"_zoom":14.479},{"_mousePosition":[683,384],"_rootPartCFrame":[759.432,250.289,50.747,0.882,0,0.471,0,1,0,-0.471,0,0.882],"_humanoidState":5,"_cameraCFrame":[762.318,264.032,58.128,0.989,-0.126,0.08,0,0.534,0.846,-0.149,-0.836,0.528],"_shiftlockState":true,"_pose":"FreeFall","_animationQueue":[],"_animationSpeed":1,"_zoom":14.479},{"_mousePosition":[683,384],"_rootPartCFrame":[759.206,250.879,50.864,0.96,0,0.279,0,1,0,-0.279,0,0.96],"_humanoidState":5,"_cameraCFrame":[760.738,264.782,58.383,1,0.025,-0.015,0,0.516,0.857,0.029,-0.856,0.516],"_shiftlockState":true,"_pose":"FreeFall","_animationQueue":[],"_animationSpeed":1,"_zoom":14.479},{"_mousePosition":[683,384],"_rootPartCFrame":[758.979,251.415,50.942,0.995,0,0.1,0,1,0,-0.1,0,0.995],"_humanoidState":5,"_cameraCFrame":[759.427,265.472,58.347,0.984,0.153,-0.088,0,0.498,0.867,0.177,-0.854,0.49],"_shiftlockState":true,"_pose":"FreeFall","_animationQueue":[],"_animationSpeed":1,"_zoom":14.479},{"_mousePosition":[683,384],"_rootPartCFrame":[758.758,251.896,50.98,0.999,0,-0.052,0,1,0,0.052,0,0.999],"_humanoidState":5,"_cameraCFrame":[758.155,266.096,58.126,0.946,0.285,-0.156,0,0.48,0.877,0.325,-0.83,0.454],"_shiftlockState":true,"_pose":"FreeFall","_animationQueue":[],"_animationSpeed":1,"_zoom":14.479},{"_mousePosition":[683,384],"_rootPartCFrame":[758.494,252.422,50.974,0.985,0,-0.174,0,1,0,0.174,0,0.985],"_humanoidState":5,"_cameraCFrame":[757.225,266.721,57.85,0.907,0.373,-0.197,0,0.468,0.