[{"_mousePosition":[1074,364],"_rootPartCFrame":[776.028,222.95,47.142,0,0,1,0,1,0,-1,0,0],"_humanoidState":8,"_cameraCFrame":[777.263,230.723,44.457,-0.909,-0.378,0.178,0,0.426,0.905,-0.418,0.822,-0.387],"_shiftlockState":false,"_pose":"Standing","_animationQueue":[],"_animationSpeed":1,"_zoom":6.934},{"_mousePosition":[1074,364],"_rootPartCFrame":[775.804,222.832,47.039,0.06,0,0.998,0,1,0,-0.998,0,0.06],"_humanoidState":8,"_cameraCFrame":[777.039,230.604,44.354,-0.909,-0.378,0.178,0,0.426,0.905,-0.418,0.822,-0.387],"_shiftlockState":false,"_pose":"Standing","_animationQueue":[],"_animationSpeed":1,"_zoom":6.934},{"_mousePosition":[1073,364],"_rootPartCFrame":[775.562,222.672,46.928,0.11,0,0.994,0,1,0,-0.994,0,0.11],"_humanoidState":8,"_cameraCFrame":[776.797,230.445,44.243,-0.909,-0.378,0.178,0,0.426,0.905,-0.418,0.822,-0.387],"_shiftlockState":false,"_pose":"Running","_animationQueue":[["walk",0.1]],"_animationSpeed":1.066,"_zoom":6.934},{"_mousePosition":[1064,364],"_rootPartCFrame":[775.32,222.653,46.816,0.153,0,0.988,0,1,0,-0.988,0,0.153],"_humanoidState":8,"_cameraCFrame":[776.555,230.425,44.131,-0.909,-0.378,0.178,0,0.426,0.905,-0.418,0.822,-0.387],"_shiftlockState":false,"_pose":"Running","_animationQueue":[["walk",0.1]],"_animationSpeed":1.066,"_zoom":6.934},{"_mousePosition":[1056,367],"_rootPartCFrame":[775.078,222.669,46.705,0.19,0,0.982,0,1,0,-0.982,0,0.19],"_humanoidState":8,"_cameraCFrame":[776.313,230.442,44.02,-0.909,-0.378,0.178,0,0.426,0.905,-0.418,0.822,-0.387],"_shiftlockState":false,"_pose":"Running","_animationQueue":[],"_animationSpeed":1.066,"_zoom":6.934},{"_mousePosition":[1055,368],"_rootPartCFrame":[774.835,222.683,46.594,0.222,0,0.975,0,1,0,-0.975,0,0.222],"_humanoidState":8,"_cameraCFrame":[776.07,230.455,43.908,-0.909,-0.378,0.178,0,0.426,0.905,-0.418,0.822,-0.387],"_shiftlockState":false,"_pose":"Running","_animationQueue":[],"_animationSpeed":1.066,"_zoom":6.934},{"_mousePosition":[1048,386],"_rootPartCFrame":[774.593,222.69,46.482,0.249,0,0.968,0,1,0,-0.968,0,0.249],"_humanoidState":8,"_cameraCFrame":[775.828,230.463,43.797,-0.909,-0.378,0.178,0,0.426,0.905,-0.418,0.822,-0.387],"_shiftlockState":false,"_pose":"Running","_animationQueue":[],"_animationSpeed":1.066,"_zoom":6.934},{"_mousePosition":[1048,386],"_rootPartCFrame":[774.351,222.695,46.371,0.273,0,0.962,0,1,0,-0.962,0,0.273],"_humanoidState":8,"_cameraCFrame":[775.586,230.467,43.685,-0.909,-0.378,0.178,0,0.426,0.905,-0.418,0.822,-0.387],"_shiftlockState":false,"_pose":"Running","_animationQueue":[],"_animationSpeed":1.066,"_zoom":6.934},{"_mousePosition":[1048,386],"_rootPartCFrame":[774.109,222.697,46.259,0.293,0,0.956,0,1,0,-0.956,0,0.293],"_humanoidState":8,"_cameraCFrame":[775.344,230.469,43.574,-0.909,-0.378,0.178,0,0.426,0.905,-0.418,0.822,-0.387],"_shiftlockState":false,"_pose":"Running","_animationQueue":[],"_animationSpeed":1.066,"_zoom":6.934},{"_mousePosition":[1048,386],"_rootPartCFrame":[773.866,222.698,46.148,0.31,0,0.951,0,1,0,-0.951,0,0.31],"_humanoidState":8,"_cameraCFrame":[773.511,230.471,42.731,-0.909,-0.378,0.178,0,0.426,0.905,-0.418,0.822,-0.387],"_shiftlockState":true,"_pose":"Running","_animationQueue":[],"_animationSpeed":1.066,"_zoom":6.934},{"_mousePosition":[683,384],"_rootPartCFrame":[773.563,223.782,46.008,-0.899,0,0.438,0,1,0,-0.438,0,-0.899],"_humanoidState":3,"_cameraCFrame":[773.209,231.554,42.592,-0.909,-0.378,0.178,0,0.426,0.905,-0.418,0.822,-0.387],"_shiftlockState":true,"_pose":"Jumping","_animationQueue":[["walk",0.1],["walk",0.1],["jump",0.1]],"_animationSpeed":1,"_zoom":6.934},{"_mousePosition":[683,384],"_rootPartCFrame":[773.382,224.393,45.925,-0.878,0,0.478,0,1,0,-0.478,0,-0.878],"_humanoidState":5,"_cameraCFrame":[773.027,232.166,42.508,-0.909,-0.378,0.178,0,0.426,0.905,-0.418,0.822,-0.387],"_shiftlockState":true,"_pose":"FreeFall","_animationQueue":[["jump",0.1]],"_animationSpeed":1,"_zoom":6.934},{"_mousePosition":[683,384],"_rootPartCFrame":[773.14,225.161,45.813,-0.849,0,0.529,0,1,0,-0.529,0,-0.849],"_humanoidState":5,"_cameraCFrame":[772.785,232.933,42.397,-0.909,-0.378,0.178,0,0.426,0.905,-0.418,0.822,-0.387],"_shiftlockState":true,"_pose":"FreeFall","_animationQueue":[],"_animationSpeed":1,"_zoom":6.934},{"_mousePosition":[683,384],"_rootPartCFrame":[772.958,225.701,45.73,-0.863,0,0.506,0,1,0,-0.506,0,-0.863],"_humanoidState":5,"_cameraCFrame":[772.603,233.473,42.313,-0.909,-0.378,0.178,0,0.426,0.905,-0.418,0.822,-0.387],"_shiftlockState":true,"_pose":"FreeFall","_animationQueue":[],"_animationSpeed":1,"_zoom":6.934},{"_mousePosition":[683,384],"_rootPartCFrame":[772.655,226.532,45.591,-0.827,0,0.563,0,1,0,-0.563,0,-0.827],"_humanoidState":5,"_cameraCFrame":[772.3,234.305,42.174,-0.909,-0.378,0.178,0,0.426,0.905,-0.418,0.822,-0.387],"_shiftlockState":true,"_pose":"FreeFall","_animationQueue":[],"_animationSpeed":1,"_zoom":6.934},{"_mousePosition":[683,384],"_rootPartCFrame":[772.474,226.991,45.507,-0.862,0,0.506,0,1,0,-0.506,0,-0.862],"_humanoidState":5,"_cameraCFrame":[772.119,234.763,42.091,-0.909,-0.378,0.178,0,0.426,0.905,-0.418,0.822,-0.387],"_shiftlockState":true,"_pose":"FreeFall","_animationQueue":[],"_animationSpeed":1,"_zoom":6.934},{"_mousePosition":[683,384],"_rootPartCFrame":[772.171,227.686,45.368,-0.827,0,0.563,0,1,0,-0.563,0,-0.827],"_humanoidState":5,"_cameraCFrame":[771.816,235.458,41.951,-0.909,-0.378,0.178,0,0.426,0.905,-0.418,0.822,-0.387],"_shiftlockState":true,"_pose":"FreeFall","_animationQueue":[],"_animationSpeed":1,"_zoom":6.934},{"_mousePosition":[683,384],"_rootPartCFrame":[771.929,228.181,45.256,-0.845,0,0.535,0,1,0,-0.535,0,-0.845],"_humanoidState":5,"_cameraCFrame":[771.353,235.934,41.835,-0.935,-0.319,0.153,0,0.432,0.902,-0.354,0.843,-0.404],"_shiftlockState":true,"_pose":"FreeFall","_animationQueue":[],"_animationSpeed":1,"_zoom":6.934},{"_mousePosition":[683,384],"_rootPartCFrame":[771.687,228.622,45.145,-0.88,0,0.475,0,1,0,-0.475,0,-0.88],"_humanoidState":5,"_cameraCFrame":[770.812,236.382,41.801,-0.962,-0.245,0.117,0,0.43,0.903,-0.272,0.869,-0.414],"_shiftlockState":true,"_pose":"FreeFall","_animationQueue":[],"_animationSpeed":1,"_zoom":6.934},{"_mousePosition":[683,384],"_rootPartCFrame":[771.438,229.008,45.047,-0.918,0,0.397,0,1,0,-0.397,0,-0.918],"_humanoidState":5,"_cameraCFrame":[770.345,236.806,41.842,-0.977,-0.193,0.089,0,0.418,0.908,-0.213,0.888,-0.409],"_shiftlockState":true,"_pose":"FreeFall","_animationQueue":[],"_animationSpeed":1,"_zoom":6.934},{"_mousePosition":[683,384],"_rootPartCFrame":[771.183,229.339,44.97,-0.94,0,0.341,0,1,0,-0.341,0,-0.94],"_humanoidState":5,"_cameraCFrame":[769.888,237.195,41.958,-0.988,-0.143,0.062,0,0.4,0.917,-0.156,0.905,-0.395],"_shiftlockState":true,"_pose":"FreeFall","_animationQueue":[],"_animationSpeed":1,"_zoom":6.934},{"_mousePosition":[683,384],"_rootPartCFrame":[770.924,229.616,44.91,-0.958,0,0.286,0,1,0,-0.286,0,-0.958],"_humanoidState":5,"_cameraCFrame":[769.426,237.528,42.121,-0.996,-0.086,0.035,0,0.381,0.925,-0.093,0.921,-0.379],"_shiftlockState":true,"_pose":"FreeFall","_animationQueue":[],"_animationSpeed":1,"_zoom":6.934},{"_mousePosition":[683,384],"_rootPartCFrame":[770.595,229.886,44.856,-0.967,0,0.257,0,1,0,-0.257,0,-0.967],"_humanoidState":5,"_cameraCFrame":[768.994,237.827,42.194,-0.998,-0.053,0.021,0,0.37,0.929,-0.057,0.927,-0.369],"_shiftlockState":true,"_pose":"FreeFall","_animationQueue":[],"_animationSpeed":1,"_zoom":6.934},{"_mousePosition":[683,384],"_rootPartCFrame":[770.396,230.007,44.835,-0.988,0,0.157,0,1,0,-0.157,0,-0.988],"_humanoidState":5,"_cameraCFrame":[768.708,237.975,42.294,-1,-0.023,0.009,0,0.36,0.933,-0.025,0.933,-0.36],"_shiftlockState":true,"_pose":"FreeFall","_animationQueue":[],"_animationSpeed":1,"_zoom":6.934},{"_mousePosition":[683,384],"_rootPartCFrame":[770.13,230.12,44.818,-0.988,0,0.157,0,1,0,-0.157,0,-0.988],"_humanoidState":5,"_cameraCFrame":[768.405,238.102,42.339,-1,-0.009,0.004,0,0.355,0.935,-0.01,0.935,-0.355],"_shiftlockState":true,"_pose":"FreeFall","_animationQueue":[],"_animationSpeed":1,"_zoom":6.934},{"_mousePosition":[683,384],"_rootPartCFrame":[769.93,230.17,44.812,-0.994,0,0.11,0,1,0,-0.11,0,-0.994],"_humanoidState":5,"_cameraCFrame":[768.192,238.158,42.357,-1,-0.005,0.002,0,0.353,0.936,-0.005,0.936,-0.353],"_shiftlockState":true,"_pose":"FreeFall","_animationQueue":[],"_animationSpeed":1,"_zoom":6.934},{"_mousePosition":[683,384],"_rootPartCFrame":[769.597,230.184,44.808,-0.985,0,0.171,0,1,0,-0.171,0,-0.985],"_humanoidState":5,"_cameraCFrame":[767.859,238.172,42.353,-1,-0.005,0.002,0,0.353,0.936,-0.005,0.936,-0.353],"_shiftlockState":true,"_pose":"FreeFall","_animationQueue":[],"_animationSpeed":1,"_zoom":6.934},{"_mousePosition":[683,384],"_rootPartCFrame":[769.33,230.134,44.806,-0.99,0,0.138,0,1,0,-0.138,0,-0.99],"_humanoidState":5,"_cameraCFrame":[767.584,238.122,42.357,-1,-0.002,0.001,0,0.353,0.936,-0.002,0.936,-0.353],"_shiftlockState":true,"_pose":"FreeFall","_animationQueue":[],"_animationSpeed":1,"_zoom":6.934},{"_mousePosition":[683,384],"_rootPartCFrame":[769.064,230.029,44.805,-0.991,0,0.135,0,1,0,-0.135,0,-0.991],"_humanoidState":5,"_cameraCFrame":[767.287,238.017,42.378,-1,0.01,-0.004,0,0.353,0.936,0.011,0.936,-0.353],"_shiftlockState":true,"_pose":"FreeFall","_animationQueue":[],"_animationSpeed":1,"_zoom":6.934},{"_mousePosition":[683,384],"_rootPartCFrame":[768.797,229.87,44.804,-0.993,0,0.122,0,1,0,-0.122,0,-0.993],"_humanoidState":5,"_cameraCFrame":[766.97,237.856,42.41,-0.999,0.03,-0.011,0,0.354,0.935,0.032,0.935,-0.353],"_shiftlockState":true,"_pose":"FreeFall","_animationQueue":[],"_animationSpeed":1,"_zoom":6.934},{"_mousePosition":[683,384],"_rootPartCFrame":[768.53,229.657,44.807,-0.995,0,0.101,0,1,0,-0.101,0,-0.995],"_humanoidState":5,"_cameraCFrame":[766.653,237.639,42.441,-0.999,0.049,-0.019,0,0.355,0.935,0.053,0.934,-0.355],"_shiftlockState":true,"_pose":"FreeFall","_animationQueue":[],"_animationSpeed":1,"_zoom":6.934},{"_mousePosition":[683,384],"_rootPartCFrame":[768.264,229.389,44.814,-0.997,0,0.08,0,1,0,-0.08,0,-0.997],"_humanoidState":5,"_cameraCFrame":[766.333,237.361,42.464,-0.997,0.07,-0.027,0,0.359,0.933,0.075,0.931,-0.358],"_shiftlockState":true,"_pose":"FreeFall","_animationQueue":[["fall",0.3]],"_animationSpeed":1,"_zoom":6.934},{"_mousePosition":[683,384],"_rootPartCFrame":[767.997,229.066,44.828,-0.998,0,0.059,0,1,0,-0.059,0,-0.998],"_humanoidState":5,"_cameraCFrame":[766.025,237.029,42.484,-0.996,0.085,-0.033,0,0.363,0.932,0.091,0.928,-0.361],"_shiftlockState":true,"_pose":"FreeFall","_animationQueue":[],"_animationSpeed":1,"_zoom":6.934},{"_mousePosition":[683,384],"_rootPartCFrame":[767.731,228.689,44.847,-0.999,0,0.042,0,1,0,-0.042,0,-0.999],"_humanoidState":5,"_cameraCFrame":[765.724,236.637,42.494,-0.994,0.098,-0.039,0,0.368,0.93,0.105,0.925,-0.366],"_shiftlockState":true,"_pose":"FreeFall","_animationQueue":[],"_animationSpeed":1,"_zoom":6.934},{"_mousePosition":[683,384],"_rootPartCFrame":[767.333,228.022,44.883,-0.996,0,0.095,0,1,0,-0.095,0,-0.996],"_humanoidState":5,"_cameraCFrame":[765.325,235.97,42.53,-0.994,0.098,-0.039,0,0.368,0.93,0.105,0.925,-0.366],"_shiftlockState":true,"_pose":"FreeFall","_animationQueue":[],"_animationSpeed":1,"_zoom":6.934},{"_mousePosition":[683,384],"_rootPartCFrame":[767.2,227.772,44.896,-0.999,0,-0.038,0,1,0,0.038,0,-0.999],"_humanoidState":5,"_cameraCFrame":[765.193,235.72,42.543,-0.994,0.098,-0.039,0,0.368,0.93,0.105,0.925,-0.366],"_shiftlockState":true,"_pose":"FreeFall","_animationQueue":[],"_animationSpeed":1,"_zoom":6.934},{"_mousePosition":[683,384],"_rootPartCFrame":[766.935,227.231,44.924,-1,0,0.028,0,1,0,-0.028,0,-1],"_humanoidState":5,"_cameraCFrame":[764.927,235.179,42.571,-0.994,0.098,-0.039,0,0.368,0.93,0.105,0.925,-0.366],"_shiftlockState":true,"_pose":"FreeFall","_animationQueue":[],"_animationSpeed":1,"_zoom":6.934},{"_mousePosition":[683,384],"_rootPartCFrame":[766.736,226.79,44.945,-1,0,-0.005,0,1,0,0.005,0,-1],"_humanoidState":5,"_cameraCFrame":[764.729,234.738,42.592,-0.994,0.098,-0.039,0,0.368,0.93,0.105,0.925,-0.366],"_shiftlockState":true,"_pose":"FreeFall","_animationQueue":[],"_animationSpeed":1,"_zoom":6.934},{"_mousePosition":[683,384],"_rootPartCFrame":[766.405,225.987,44.98,-0.998,0,0.061,0,1,0,-0.061,0,-0.998],"_humanoidState":5,"_cameraCFrame":[764.397,233.935,42.627,-0.994,0.098,-0.039,0,0.368,0.93,0.105,0.925,-0.366],"_shiftlockState":true,"_pose":"FreeFall","_animationQueue":[["fall",0.3]],"_animationSpeed":1,"_zoom":6.934},{"_mousePosition":[683,384],"_rootPartCFrame":[766.164,226.048,45.005,-0.998,0,-0.064,0,1,0,0.064,0,-0.998],"_humanoidState":12,"_cameraCFrame":[764.629,233.93,42.168,-0.997,-0.071,0.03,0,0.391,0.92,-0.077,0.918,-0.39],"_shiftlockState":true,"_pose":"Climbing","_animationQueue":[["walk",0.1],["fall",0.3],["climb",0.1],["climb",0]],"_animationSpeed":-3.35,"_zoom":6.934},{"_mousePosition":[683,384],"_rootPartCFrame":[765.915,226.183,45.032,-0.996,0,0.088,0,1,0,-0.088,0,-0.996],"_humanoidState":8,"_cameraCFrame":[765.657,234.01,41.707,-0.889,-0.417,0.187,0,0.409,0.912,-0.457,0.811,-0.364],"_shiftlockState":true,"_pose":"Running","_animationQueue":[["walk",0.1],["climb",0.1],["walk",0.1],["walk",0.1]],"_animationSpeed":0.939,"_zoom":6.934},{"_mousePosition":[683,384],"_rootPartCFrame":[765.585,226.311,44.788,-0.884,0,0.467,0,1,0,-0.467,0,-0.884],"_humanoidState":8,"_cameraCFrame":[766.978,234.193,41.877,-0.524,-0.784,0.333,0,0.391,0.92,-0.852,0.482,-0.205],"_shiftlockState":true,"_pose":"Running","_animationQueue":[["walk",0.1]],"_animationSpeed":1.088,"_zoom":6.934},{"_mousePosition":[683,384],"_rootPartCFrame":[765.253,227.381,44.565,-0.498,0,0.867,0,1,0,-0.867,0,-0.498],"_humanoidState":3,"_cameraCFrame":[766.64,235.404,41.983,-0.424,-0.852,0.307,0,0.339,0.941,-0.906,0.399,-0.144],"_shiftlockState":true,"_pose":"Jumping","_animationQueue":[["walk",0.1],["jump",0.1]],"_animationSpeed":1,"_zoom":6.934},{"_mousePosition":[683,384],"_rootPartCFrame":[765.061,227.983,44.537,-0.36,0,0.933,0,1,0,-0.933,0,-0.36],"_humanoidState":5,"_cameraCFrame":[765.437,236.224,42.18,-0.556,-0.808,0.195,0,0.234,0.972,-0.831,0.541,-0.13],"_shiftlockState":true,"_pose":"FreeFall","_animationQueue":[["jump",0.1]],"_animationSpeed":1,"_zoom":6.934},{"_mousePosition":[683,384],"_rootPartCFrame":[764.825,228.736,44.471,-0.447,0,0.895,0,1,0,-0.895,0,-0.447],"_humanoidState":5,"_cameraCFrame":[764.553,237.054,42.33,-0.683,-0.719,0.133,0,0.182,0.983,-0.731,0.671,-0.124],"_shiftlockState":true,"_pose":"FreeFall","_animationQueue":[],"_animationSpeed":1,"_zoom":6.934},{"_mousePosition":[683,384],"_rootPartCFrame":[764.61,229.436,44.37,-0.58,0,0.815,0,1,0,-0.815,0,-0.58],"_humanoidState":5,"_cameraCFrame":[764.073,237.764,42.315,-0.757,-0.644,0.114,0,0.174,0.985,-0.654,0.745,-0.131],"_shiftlockState":true,"_pose":"FreeFall","_animationQueue":[],"_animationSpeed":1,"_zoom":6.934},{"_mousePosition":[683,384],"_rootPartCFrame":[764.361,230.233,44.193,-0.638,0,0.77,0,1,0,-0.77,0,-0.638],"_humanoidState":5,"_cameraCFrame":[763.681,238.562,42.181,-0.801,-0.59,0.104,0,0.174,0.985,-0.599,0.788,-0.139],"_shiftlockState":true,"_pose":"FreeFall","_animationQueue":[],"_animationSpeed":1,"_zoom":6.934},{"_mousePosition":[683,384],"_rootPartCFrame":[764.211,230.671,44.065,-0.737,0,0.676,0,1,0,-0.676,0,-0.737],"_humanoidState":5,"_cameraCFrame":[763.359,239,42.119,-0.85,-0.52,0.092,0,0.174,0.985,-0.528,0.837,-0.148],"_shiftlockState":true,"_pose":"FreeFall","_animationQueue":[],"_animationSpeed":1,"_zoom":6.934},{"_mousePosition":[683,384],"_rootPartCFrame":[763.999,231.207,43.902,-0.772,0,0.636,0,1,0,-0.636,0,-0.772],"_humanoidState":5,"_cameraCFrame":[763.015,239.534,42.013,-0.885,-0.458,0.081,0,0.175,0.985,-0.465,0.872,-0.155],"_shiftlockState":true,"_pose":"FreeFall","_animationQueue":[],"_animationSpeed":1,"_zoom":6.934},{"_mousePosition":[683,384],"_rootPartCFrame":[763.776,231.688,43.757,-0.816,0,0.578,0,1,0,-0.578,0,-0.816],"_humanoidState":5,"_cameraCFrame":[762.679,240.014,41.927,-0.912,-0.403,0.072,0,0.176,0.984,-0.409,0.898,-0.161],"_shiftlockState":true,"_pose":"FreeFall","_animationQueue":[],"_animationSpeed":1,"_zoom":6.934},{"_mousePosition":[683,384],"_rootPartCFrame":[763.542,232.115,43.63,-0.85,0,0.527,0,1,0,-0.527,0,-0.85],"_humanoidState":5,"_cameraCFrame":[762.362,240.439,41.845,-0.931,-0.359,0.065,0,0.178,0.984,-0.365,0.916,-0.165],"_shiftlockState":true,"_pose":"FreeFall","_animationQueue":[],"_animationSpeed":1,"_zoom":6.934},{"_mousePosition":[683,384],"_rootPartCFrame":[763.3,232.488,43.518,-0.874,0,0.485,0,1,0,-0.485,0,-0.874],"_humanoidState":5,"_cameraCFrame":[762.037,240.807,41.775,-0.949,-0.311,0.057,0,0.181,0.984,-0.317,0.933,-0.171],"_shiftlockState":true,"_pose":"FreeFall","_animationQueue":[],"_animationSpeed":1,"_zoom":6.934},{"_mousePosition":[683,384],"_rootPartCFrame":[763.052,232.806,43.419,-0.898,0,0.44,0,1,0,-0.44,0,-0.898],"_humanoidState":5,"_cameraCFrame":[761.706,241.121,41.723,-0.964,-0.262,0.049,0,0.184,0.983,-0.267,0.947,-0.177],"_shiftlockState":true,"_pose":"FreeFall","_animationQueue":[],"_animationSpeed":1,"_zoom":6.934},{"_mousePosition":[683,384],"_rootPartCFrame":[762.8,233.069,43.333,-0.92,0,0.392,0,1,0,-0.392,0,-0.92],"_humanoidState":5,"_cameraCFrame":[761.386,241.379,41.671,-0.975,-0.22,0.042,0,0.188,0.982,-0.224,0.957,-0.183],"_shiftlockState":true,"_pose":"FreeFall","_animationQueue":[],"_animationSpeed":1,"_zoom":6.934},{"_mousePosition":[683,384],"_rootPartCFrame":[762.544,233.278,43.26,-0.936,0,0.351,0,1,0,-0.351,0,-0.936],"_humanoidState":5,"_cameraCFrame":[761.076,241.584,41.628,-0.982,-0.186,0.036,0,0.191,0.982,-0.189,0.964,-0.188],"_shiftlockState":true,"_pose":"FreeFall","_animationQueue":[],"_animationSpeed":1,"_zoom":6.934},{"_mousePosition":[683,384],"_rootPartCFrame":[762.284,233.432,43.198,-0.948,0,0.318,0,1,0,-0.318,0,-0.948],"_humanoidState":5,"_cameraCFrame":[760.756,241.732,41.595,-0.989,-0.146,0.029,0,0.196,0.981,-0.149,0.97,-0.194],"_shiftlockState":true,"_pose":"FreeFall","_animationQueue":[],"_animationSpeed":1,"_zoom":6.934},{"_mousePosition":[683,384],"_rootPartCFrame":[762.023,233.532,43.146,-0.96,0,0.279,0,1,0,-0.279,0,-0.96],"_humanoidState":5,"_cameraCFrame":[760.452,241.825,41.556,-0.993,-0.117,0.024,0,0.201,0.98,-0.12,0.973,-0.199],"_shiftlockState":true,"_pose":"FreeFall","_animationQueue":[],"_animationSpeed":1,"_zoom":6.934},{"_mousePosition":[683,384],"_rootPartCFrame":[761.759,233.578,43.105,-0.968,0,0.251,0,1,0,-0.251,0,-0.968],"_humanoidState":5,"_cameraCFrame":[760.14,241.862,41.525,-0.996,-0.085,0.018,0,0.207,0.978,-0.086,0.975,-0.206],"_shiftlockState":true,"_pose":"FreeFall","_animationQueue":[],"_animationSpeed":1,"_zoom":6.934},{"_mousePosition":[683,384],"_rootPartCFrame":[761.495,233.568,43.072,-0.976,0,0.218,0,1,0,-0.218,0,-0.976],"_humanoidState":5,"_cameraCFrame":[759.833,241.844,41.5,-0.998,-0.057,0.012,0,0.212,0.977,-0.058,0.976,-0.212],"_shiftlockState":true,"_pose":"FreeFall","_animationQueue":[["fall",0.3]],"_animationSpeed":1,"_zoom":6.934},{"_mousePosition":[683,384],"_rootPartCFrame":[761.229,233.505,43.048,-0.982,0,0.19,0,1,0,-0.19,0,-0.982],"_humanoidState":5,"_cameraCFrame":[759.519,241.771,41.486,-1,-0.025,0.006,0,0.219,0.976,-0.026,0.975,-0.219],"_shiftlockState":true,"_pose":"FreeFall","_animationQueue":[],"_animationSpeed":1,"_zoom":6.934},{"_mousePosition":[683,384],"_rootPartCFrame":[760.963,233.387,43.031,-0.987,0,0.158,0,1,0,-0.158,0,-0.987],"_humanoidState":5,"_cameraCFrame":[759.212,241.644,41.477,-1,0,0,0,0.224,0.975,0,0.975,-0.224],"_shiftlockState":true,"_pose":"FreeFall","_animationQueue":[],"_animationSpeed":1,"_zoom":6.934},{"_mousePosition":[683,384],"_rootPartCFrame":[760.696,233.214,43.023,-0.991,0,0.133,0,1,0,-0.133,0,-0.991],"_humanoidState":5,"_cameraCFrame":[758.9,241.46,41.472,-1,0.029,-0.007,0,0.231,0.973,0.03,0.972,-0.231],"_shiftlockState":true,"_pose":"FreeFall","_animationQueue":[],"_animationSpeed":1,"_zoom":6.934},{"_mousePosition":[683,384],"_rootPartCFrame":[760.43,232.987,43.022,-0.995,0,0.103,0,1,0,-0.103,0,-0.995],"_humanoidState":5,"_cameraCFrame":[758.604,241.223,41.46,-0.999,0.046,-0.011,0,0.238,0.971,0.047,0.97,-0.237],"_shiftlockState":true,"_pose":"FreeFall","_animationQueue":[],"_animationSpeed":1,"_zoom":6.934},{"_mousePosition":[683,384],"_rootPartCFrame":[760.163,232.705,43.029,-0.996,0,0.086,0,1,0,-0.086,0,-0.996],"_humanoidState":5,"_cameraCFrame":[758.308,240.929,41.448,-0.998,0.062,-0.016,0,0.245,0.97,0.064,0.968,-0.244],"_shiftlockState":true,"_pose":"FreeFall","_animationQueue":[],"_animationSpeed":1,"_zoom":6.934},{"_mousePosition":[683,384],"_rootPartCFrame":[759.83,232.277,43.044,-0.995,0,0.102,0,1,0,-0.102,0,-0.995],"_humanoidState":5,"_cameraCFrame":[757.959,240.49,41.441,-0.997,0.07,-0.018,0,0.25,0.968,0.073,0.966,-0.249],"_shiftlockState":true,"_pose":"FreeFall","_animationQueue":[["fall",0.3]],"_animationSpeed":1,"_zoom":6.934},{"_mousePosition":[683,384],"_rootPartCFrame":[759.631,231.979,43.056,-1,0,0.027,0,1,0,-0.027,0,-1],"_humanoidState":5,"_cameraCFrame":[757.729,240.171,41.4,-0.996,0.084,-0.023,0,0.262,0.965,0.087,0.961,-0.261],"_shiftlockState":true,"_pose":"FreeFall","_animationQueue":[],"_animationSpeed":1,"_zoom":6.934},{"_mousePosition":[683,384],"_rootPartCFrame":[759.315,231.414,43.11,-0.999,0,0.055,0,1,0,-0.055,0,-0.999],"_humanoidState":5,"_cameraCFrame":[757.391,239.587,41.403,-0.995,0.093,-0.026,0,0.272,0.962,0.097,0.958,-0.271],"_shiftlockState":true,"_pose":"FreeFall","_animationQueue":[],"_animationSpeed":1,"_zoom":6.934},{"_mousePosition":[683,384],"_rootPartCFrame":[759.138,231.034,43.17,-1,0,-0.017,0,1,0,0.017,0,-1],"_humanoidState":5,"_cameraCFrame":[757.166,239.164,41.355,-0.993,0.11,-0.034,0,0.293,0.956,0.115,0.95,-0.291],"_shiftlockState":true,"_pose":"FreeFall","_animationQueue":[],"_animationSpeed":1,"_zoom":6.934},{"_mousePosition":[683,384],"_rootPartCFrame":[758.919,230.48,43.28,-1,0,-0.009,0,1,0,0.009,0,-1],"_humanoidState":5,"_cameraCFrame":[756.894,238.561,41.347,-0.991,0.126,-0.042,0,0.315,0.949,0.133,0.941,-0.312],"_shiftlockState":true,"_pose":"FreeFall","_animationQueue":[],"_animationSpeed":1,"_zoom":6.934},{"_mousePosition":[683,384],"_rootPartCFrame":[758.719,229.871,43.425,-1,0,-0.026,0,1,0,0.026,0,-1],"_humanoidState":5,"_cameraCFrame":[756.624,237.88,41.329,-0.988,0.143,-0.053,0,0.345,0.939,0.153,0.928,-0.341],"_shiftlockState":true,"_pose":"FreeFall","_animationQueue":[],"_animationSpeed":1,"_zoom":6.934},{"_mousePosition":[683,384],"_rootPartCFrame":[758.538,229.208,43.604,-0.999,0,-0.046,0,1,0,0.046,0,-0.999],"_humanoidState":5,"_cameraCFrame":[756.401,237.153,41.359,-0.987,0.149,-0.059,0,0.369,0.93,0.16,0.918,-0.364],"_shiftlockState":true,"_pose":"FreeFall","_animationQueue":[],"_animationSpeed":1,"_zoom":6.934},{"_mousePosition":[683,384],"_rootPartCFrame":[758.376,228.491,43.813,-0.999,0,-0.054,0,1,0,0.054,0,-0.999],"_humanoidState":5,"_cameraCFrame":[756.227,236.417,41.527,-0.987,0.15,-0.061,0,0.376,0.927,0.162,0.915,-0.371],"_shiftlockState":true,"_pose":"FreeFall","_animationQueue":[["fall",0.3]],"_animationSpeed":1,"_zoom":6.934},{"_mousePosition":[683,384],"_rootPartCFrame":[758.22,227.718,44.029,-0.998,0,-0.057,0,1,0,0.057,0,-0.998],"_humanoidState":5,"_cameraCFrame":[756.071,235.645,41.743,-0.987,0.15,-0.061,0,0.376,0.927,0.162,0.915,-0.371],"_shiftlockState":true,"_pose":"FreeFall","_animationQueue":[],"_animationSpeed":1,"_zoom":6.934},{"_mousePosition":[683,384],"_rootPartCFrame":[758.103,227.104,44.191,-0.996,0,-0.084,0,1,0,0.084,0,-0.996],"_humanoidState":5,"_cameraCFrame":[755.954,235.03,41.905,-0.987,0.15,-0.061,0,0.376,0.927,0.162,0.915,-0.371],"_shiftlockState":true,"_pose":"FreeFall","_animationQueue":[],"_animationSpeed":1,"_zoom":6.934},{"_mousePosition":[683,384],"_rootPartCFrame":[757.909,226.011,44.462,-0.999,0,-0.032,0,1,0,0.032,0,-0.999],"_humanoidState":5,"_cameraCFrame":[755.76,233.937,42.176,-0.987,0.15,-0.061,0,0.376,0.927,0.162,0.915,-0.371],"_shiftlockState":true,"_pose":"FreeFall","_animationQueue":[],"_animationSpeed":1,"_zoom":6.934},{"_mousePosition":[683,384],"_rootPartCFrame":[757.753,225.075,44.679,-0.998,0,-0.058,0,1,0,0.058,0,-0.998],"_humanoidState":5,"_cameraCFrame":[755.605,233.002,42.393,-0.987,0.15,-0.061,0,0.376,0.927,0.162,0.915,-0.371],"_shiftlockState":true,"_pose":"FreeFall","_animationQueue":[],"_animationSpeed":1,"_zoom":6.934},{"_mousePosition":[683,384],"_rootPartCFrame":[757.612,225.094,44.875,-0.992,0,-0.13,0,1,0,0.13,0,-0.992],"_humanoidState":12,"_cameraCFrame":[755.492,233.014,42.545,-0.989,0.137,-0.056,0,0.378,0.926,0.148,0.916,-0.374],"_shiftlockState":true,"_pose":"Climbing","_animationQueue":[["walk",0.1],["fall",0.3],["climb",0.1],["climb",0]],"_animationSpeed":-4.78,"_zoom":6.934},{"_mousePosition":[683,384],"_rootPartCFrame":[757.494,225.277,45.039,-0.989,0,-0.145,0,1,0,0.145,0,-0.989],"_humanoidState":12,"_cameraCFrame":[756.067,233.082,41.98,-0.994,-0.099,0.045,0,0.416,0.909,-0.108,0.904,-0.414],"_shiftlockState":true,"_pose":"Climbing","_animationQueue":[["climb",0.1]],"_animationSpeed":0.82,"_zoom":6.934},{"_mousePosition":[683,384],"_rootPartCFrame":[757.393,225.501,45.131,-0.998,0.005,0.056,0.005,1,0,-0.056,0,-0.998],"_humanoidState":12,"_cameraCFrame":[757.256,233.263,41.68,-0.882,-0.425,0.202,0,0.429,0.903,-0.47,0.797,-0.379],"_shiftlockState":true,"_pose":"Climbing","_animationQueue":[["climb",0.1]],"_animationSpeed":0.931,"_zoom":6.934},{"_mousePosition":[683,384],"_rootPartCFrame":[757.384,225.641,44.828,-0.893,0.003,0.451,0.002,1,-0.001,-0.451,0,-0.893],"_humanoidState":12,"_cameraCFrame":[758.809,233.473,41.823,-0.543,-0.767,0.342,0,0.407,0.913,-0.84,0.496,-0.221],"_shiftlockState":true,"_pose":"Climbing","_animationQueue":[],"_animationSpeed":0.931,"_zoom":6.934},{"_mousePosition":[683,384],"_rootPartCFrame":[757.202,225.983,44.584,-0.532,0.002,0.847,0.001,1,-0.002,-0.847,0,-0.532],"_humanoidState":8,"_cameraCFrame":[758.274,234.011,41.867,-0.525,-0.801,0.287,0,0.337,0.941,-0.851,0.495,-0.177],"_shiftlockState":true,"_pose":"Standing","_animationQueue":[["climb",0.1],["walk",0.1],["idle",0.1]],"_animationSpeed":1,"_zoom":6.934},{"_mousePosition":[683,384],"_rootPartCFrame":[757.039,226.646,44.576,-0.517,0.003,0.856,0.001,1,-0.003,-0.856,0,-0.517],"_humanoidState":3,"_cameraCFrame":[756.806,234.941,42.36,-0.699,-0.701,0.142,0,0.199,0.98,-0.715,0.685,-0.139],"_shiftlockState":true,"_pose":"Jumping","_animationQueue":[["walk",0.1],["jump",0.1]],"_animationSpeed":1,"_zoom":6.934},{"_mousePosition":[683,384],"_rootPartCFrame":[756.778,227.699,44.539,-0.603,0.001,0.798,0.001,1,-0.001,-0.798,0,-0.603],"_humanoidState":5,"_cameraCFrame":[756.158,236.028,42.508,-0.783,-0.612,0.108,0,0.174,0.985,-0.622,0.771,-0.136],"_shiftlockState":true,"_pose":"FreeFall","_animationQueue":[["jump",0.1]],"_animationSpeed":1,"_zoom":6.934},{"_mousePosition":[683,384],"_rootPartCFrame":[756.628,228.29,44.488,-0.719,0,0.695,0,1,-0.001,-0.695,0,-0.719],"_humanoidState":5,"_cameraCFrame":[755.952,236.605,42.427,-0.813,-0.572,0.108,0,0.185,0.983,-0.582,0.799,-0.15],"_shiftlockState":true,"_pose":"FreeFall","_animationQueue":[],"_animationSpeed":1,"_zoom":6.934},{"_mousePosition":[683,384],"_rootPartCFrame":[756.427,229.03,44.386,-0.729,0,0.685,0,1,0,-0.685,0,-0.729],"_humanoidState":5,"_cameraCFrame":[755.644,237.342,42.352,-0.845,-0.526,0.1,0,0.187,0.982,-0.536,0.83,-0.158],"_shiftlockState":true,"_pose":"FreeFall","_animationQueue":[],"_animationSpeed":1,"_zoom":6.934},{"_mousePosition":[683,384],"_rootPartCFrame":[756.215,229.716,44.246,-0.766,0,0.643,0,1,0,-0.643,0,-0.766],"_humanoidState":5,"_cameraCFrame":[755.312,238.021,42.242,-0.879,-0.468,0.091,0,0.192,0.981,-0.477,0.863,-0.169],"_shiftlockState":true,"_pose":"FreeFall","_animationQueue":[],"_animationSpeed":1,"_zoom":6.934},{"_mousePosition":[683,384],"_rootPartCFrame":[755.935,230.497,44.066,-0.788,0,0.616,0,1,0,-0.616,0,-0.788],"_humanoidState":5,"_cameraCFrame":[754.963,238.785,42.038,-0.903,-0.421,0.088,0,0.204,0.979,-0.43,0.884,-0.184],"_shiftlockState":true,"_pose":"FreeFall","_animationQueue":[],"_animationSpeed":1,"_zoom":6.934},{"_mousePosition":[683,384],"_rootPartCFrame":[755.761,230.924,43.968,-0.855,0,0.518,0,1,0,-0.518,0,-0.855],"_humanoidState":5,"_cameraCFrame":[754.726,239.19,41.896,-0.924,-0.374,0.084,0,0.219,0.976,-0.383,0.901,-0.202],"_shiftlockState":true,"_pose":"FreeFall","_animationQueue":[],"_animationSpeed":1,"_zoom":6.934},{"_mousePosition":[683,384],"_rootPartCFrame":[755.521,231.446,43.851,-0.864,0,0.503,0,1,0,-0.503,0,-0.864],"_humanoidState":5,"_cameraCFrame":[754.426,239.692,41.745,-0.94,-0.333,0.079,0,0.231,0.973,-0.342,0.914,-0.217],"_shiftlockState":true,"_pose":"FreeFall","_animationQueue":[],"_animationSpeed":1,"_zoom":6.934},{"_mousePosition":[683,384],"_rootPartCFrame":[755.276,231.914,43.747,-0.886,0,0.464,0,1,0,-0.464,0,-0.886],"_humanoidState":5,"_cameraCFrame":[754.103,240.142,41.623,-0.955,-0.288,0.072,0,0.242,0.97,-0.297,0.927,-0.231],"_shiftlockState":true,"_pose":"FreeFall","_animationQueue":[],"_animationSpeed":1,"_zoom":6.934},{"_mousePosition":[683,384],"_rootPartCFrame":[755.026,232.327,43.654,-0.907,0,0.421,0,1,0,-0.421,0,-0.907],"_humanoidState":5,"_cameraCFrame":[753.778,240.54,41.525,-0.967,-0.247,0.064,0,0.251,0.968,-0.255,0.936,-0.243],"_shiftlockState":true,"_pose":"FreeFall","_animationQueue":[],"_animationSpeed":1,"_zoom":6.934},{"_mousePosition":[683,384],"_rootPartCFrame":[754.799,232.686,43.571,-0.955,0,0.295,0,1,0,-0.295,0,-0.955],"_humanoidState":5,"_cameraCFrame":[753.486,240.887,41.446,-0.975,-0.213,0.057,0,0.257,0.966,-0.221,0.943,-0.251],"_shiftlockState":true,"_pose":"FreeFall","_animationQueue":[],"_animationSpeed":1,"_zoom":6.934},{"_mousePosition":[683,384],"_rootPartCFrame":[754.609,232.99,43.502,-0.974,0,0.226,0,1,0,-0.226,0,-0.974],"_humanoidState":5,"_cameraCFrame":[753.241,241.183,41.384,-0.981,-0.185,0.05,0,0.262,0.965,-0.192,0.947,-0.257],"_shiftlockState":true,"_pose":"FreeFall","_animationQueue":[],"_animationSpeed":1,"_zoom":6.934},{"_mousePosition":[683,384],"_rootPartCFrame":[754.457,233.24,43.446,-0.981,0,0.193,0,1,0,-0.193,0,-0.981],"_humanoidState":5,"_cameraCFrame":[753.025,241.424,41.342,-0.987,-0.154,0.043,0,0.266,0.964,-0.16,0.951,-0.263],"_shiftlockState":true,"_pose":"FreeFall","_animationQueue":[],"_animationSpeed":1,"_zoom":6.934},{"_mousePosition":[683,384],"_rootPartCFrame":[754.318,233.476,43.395,-0.987,0,0.16,0,1,0,-0.16,0,-0.987],"_humanoidState":5,"_cameraCFrame":[752.844,241.653,41.302,-0.99,-0.133,0.037,0,0.27,0.963,-0.138,0.954,-0.267],"_shiftlockState":true,"_pose":"FreeFall","_animationQueue":[],"_animationSpeed":1,"_zoom":6.934},{"_mousePosition":[683,384],"_rootPartCFrame":[754.263,233.576,43.375,-0.99,0,0.138,0,1,0,-0.138,0,-0.99],"_humanoidState":5,"_cameraCFrame":[752.73,241.745,41.296,-0.994,-0.104,0.03,0,0.274,0.962,-0.108,0.956,-0.273],"_shiftlockState":true,"_pose":"FreeFall","_animationQueue":[],"_animationSpeed":1,"_zoom":6.934},{"_mousePosition":[683,384],"_rootPartCFrame":[754.223,233.663,43.36,-0.994,0,0.108,0,1,0,-0.108,0,-0.994],"_humanoidState":5,"_cameraCFrame":[752.634,241.822,41.293,-0.997,-0.077,0.022,0,0.279,0.96,-0.08,0.957,-0.278],"_shiftlockState":true,"_pose":"FreeFall","_animationQueue":[],"_animationSpeed":1,"_zoom":6.934},{"_mousePosition":[683,384],"_rootPartCFrame":[754.216,233.694,43.358,-0.999,0,0.051,0,1,0,-0.051,0,-0.999],"_humanoidState":5,"_cameraCFrame":[752.557,241.842,41.31,-0.999,-0.043,0.013,0,0.284,0.959,-0.045,0.958,-0.284],"_shiftlockState":true,"_pose":"FreeFall","_animationQueue":[["jump",0.1]],"_animationSpeed":1,"_zoom":6.934},{"_mousePosition":[683,384],"_rootPartCFrame":[754.196,233.671,43.374,-0.993,0,0.117,0,1,0,-0.117,0,-0.993],"_humanoidState":5,"_cameraCFrame":[752.522,241.819,41.339,-0.999,-0.036,0.011,0,0.284,0.959,-0.038,0.958,-0.284],"_shiftlockState":true,"_pose":"FreeFall","_animationQueue":[],"_animationSpeed":1,"_zoom":6.934},{"_mousePosition":[683,384],"_rootPartCFrame":[754.148,233.594,43.418,-0.99,0,0.139,0,1,0,-0.139,0,-0.99],"_humanoidState":5,"_cameraCFrame":[752.461,241.742,41.392,-1,-0.03,0.009,0,0.284,0.959,-0.031,0.958,-0.284],"_shiftlockState":true,"_pose":"FreeFall","_animationQueue":[],"_animationSpeed":1,"_zoom":6.934},{"_mousePosition":[683,384],"_rootPartCFrame":[754.07,233.462,43.488,-0.991,0,0.136,0,1,0,-0.136,0,-0.991],"_humanoidState":5,"_cameraCFrame":[752.37,241.61,41.473,-1,-0.024,0.007,0,0.284,0.959,-0.025,0.958,-0.284],"_shiftlockState":true,"_pose":"FreeFall","_animationQueue":[],"_animationSpeed":1,"_zoom":6.934},{"_mousePosition":[683,384],"_rootPartCFrame":[753.964,233.276,43.586,-0.991,0,0.13,0,1,0,-0.13,0,-0.991],"_humanoidState":5,"_cameraCFrame":[752.262,241.422,41.568,-1,-0.023,0.007,0,0.285,0.959,-0.024,0.958,-0.285],"_shiftlockState":true,"_pose":"FreeFall","_animationQueue":[],"_animationSpeed":1,"_zoom":6.934},{"_mousePosition":[683,384],"_rootPartCFrame":[753.829,233.035,43.711,-0.992,0,0.129,0,1,0,-0.129,0,-0.992],"_humanoidState":5,"_cameraCFrame":[752.125,241.182,41.695,-1,-0.022,0.007,0,0.285,0.959,-0.023,0.958,-0.285],"_shiftlockState":true,"_pose":"FreeFall","_animationQueue":[["fall",0.3]],"_animationSpeed":1,"_zoom":6.934},{"_mousePosition":[683,384],"_rootPartCFrame":[753.666,232.74,43.865,-0.992,0,0.128,0,1,0,-0.128,0,-0.992],"_humanoidState":5,"_cameraCFrame":[751.962,240.886,41.849,-1,-0.022,0.007,0,0.285,0.959,-0.023,0.958,-0.285],"_shiftlockState":true,"_pose":"FreeFall","_animationQueue":[],"_animationSpeed":1,"_zoom":6.934},{"_mousePosition":[683,384],"_rootPartCFrame":[753.526,232.483,43.998,-0.995,0,0.101,0,1,0,-0.101,0,-0.995],"_humanoidState":5,"_cameraCFrame":[751.822,240.629,41.982,-1,-0.022,0.007,0,0.285,0.959,-0.023,0.958,-0.285],"_shiftlockState":true,"_pose":"FreeFall","_animationQueue":[],"_animationSpeed":1,"_zoom":6.934},{"_mousePosition":[683,384],"_rootPartCFrame":[753.322,231.986,44.241,-0.998,0,0.057,0,1,0,-0.057,0,-0.998],"_humanoidState":5,"_cameraCFrame":[751.614,240.131,42.223,-1,-0.02,0.006,0,0.286,0.958,-0.021,0.958,-0.286],"_shiftlockState":true,"_pose":"FreeFall","_animationQueue":[],"_animationSpeed":1,"_zoom":6.934},{"_mousePosition":[683,384],"_rootPartCFrame":[753.199,231.527,44.454,-1,0,0.023,0,1,0,-0.023,0,-1],"_humanoidState":5,"_cameraCFrame":[751.47,239.666,42.432,-1,-0.01,0.003,0,0.289,0.957,-0.011,0.957,-0.289],"_shiftlockState":true,"_pose":"FreeFall","_animationQueue":[],"_animationSpeed":1,"_zoom":6.934},{"_mousePosition":[683,384],"_rootPartCFrame":[753.112,231.014,44.683,-1,0,0.012,0,1,0,-0.012,0,-1],"_humanoidState":5,"_cameraCFrame":[751.368,239.144,42.648,-1,-0.003,0.001,0,0.293,0.956,-0.003,0.956,-0.293],"_shiftlockState":true,"_pose":"FreeFall","_animationQueue":[],"_animationSpeed":1,"_zoom":6.934},{"_mousePosition":[683,384],"_rootPartCFrame":[753.061,230.446,44.929,-1,0,0.004,0,1,0,-0.004,0,-1],"_humanoidState":5,"_cameraCFrame":[751.315,238.575,42.89,-1,-0.002,0.001,0,0.294,0.956,-0.002,0.956,-0.294],"_shiftlockState":true,"_pose":"FreeFall","_animationQueue":[],"_animationSpeed":1,"_zoom":6.934},{"_mousePosition":[683,384],"_rootPartCFrame":[753.035,229.673,45.196,-0.999,-0.006,-0.048,-0.006,1,-0.001,0.048,-0.001,-0.999],"_humanoidState":5,"_cameraCFrame":[751.28,237.802,43.156,-1,-0.002,0.001,0,0.294,0.956,-0.002,0.956,-0.294],"_shiftlockState":true,"_pose":"FreeFall","_animationQueue":[["fall",0.3]],"_animationSpeed":1,"_zoom":6.934},{"_mousePosition":[683,384],"_rootPartCFrame":[753.023,229.38,45.138,-1,-0.003,0.017,-0.003,1,-0.001,-0.017,-0.001,-1],"_humanoidState":5,"_cameraCFrame":[751.273,237.509,43.097,-1,-0.002,0.001,0,0.294,0.956,-0.002,0.956,-0.294],"_shiftlockState":true,"_pose":"FreeFall","_animationQueue":[],"_animationSpeed":1,"_zoom":6.934},{"_mousePosition":[683,384],"_rootPartCFrame":[752.975,228.588,45.066,-0.994,0,0.106,0,1,0,-0.106,0,-0.994],"_humanoidState":5,"_cameraCFrame":[751.23,236.717,43.027,-1,-0.002,0.001,0,0.294,0.956,-0.002,0.956,-0.294],"_shiftlockState":true,"_pose":"FreeFall","_animationQueue":[],"_animationSpeed":1,"_zoom":6.934},{"_mousePosition":[683,384],"_rootPartCFrame":[752.931,228.072,45.048,-0.997,0,0.079,0,1,0,-0.079,0,-0.997],"_humanoidState":5,"_cameraCFrame":[751.185,236.2,43.009,-1,-0.002,0.001,0,0.294,0.956,-0.002,0.956,-0.294],"_shiftlockState":true,"_pose":"FreeFall","_animationQueue":[],"_animationSpeed":1,"_zoom":6.934},{"_mousePosition":[683,384],"_rootPartCFrame":[752.83,227.144,45.061,-0.991,0,0.132,0,1,0,-0.132,0,-0.991],"_humanoidState":5,"_cameraCFrame":[751.085,235.272,43.022,-1,-0.002,0.001,0,0.294,0.956,-0.002,0.956,-0.294],"_shiftlockState":true,"_pose":"FreeFall","_animationQueue":[],"_animationSpeed":1,"_zoom":6.934},{"_mousePosition":[683,384],"_rootPartCFrame":[752.718,226.344,45.071,-0.996,-0.001,0.089,-0.002,1,-0.015,-0.089,-0.016,-0.996],"_humanoidState":5,"_cameraCFrame":[751.224,234.419,42.665,-0.994,-0.106,0.035,0,0.317,0.948,-0.112,0.942,-0.315],"_shiftlockState":true,"_pose":"FreeFall","_animationQueue":[],"_animationSpeed":1,"_zoom":6.934},{"_mousePosition":[683,384],"_rootPartCFrame":[752.534,225.509,45.012,-0.985,-0.003,0.172,-0.006,1,-0.018,-0.172,-0.018,-0.985],"_humanoidState":5,"_cameraCFrame":[751.934,233.51,42.065,-0.911,-0.388,0.144,0,0.348,0.938,-0.413,0.854,-0.317],"_shiftlockState":true,"_pose":"FreeFall","_animationQueue":[],"_animationSpeed":1,"_zoom":6.934},{"_mousePosition":[683,384],"_rootPartCFrame":[752.468,225.544,44.826,-0.906,0.002,0.423,-0.002,1,-0.009,-0.423,-0.009,-0.906],"_humanoidState":12,"_cameraCFrame":[753.361,233.543,41.964,-0.598,-0.751,0.279,0,0.349,0.937,-0.802,0.56,-0.208],"_shiftlockState":true,"_pose":"Climbing","_animationQueue":[["fall",0.3],["walk",0.1],["fall",0.3],["climb",0.1],["climb",0]],"_animationSpeed":-4.276,"_zoom":6.934},{"_mousePosition":[683,384],"_rootPartCFrame":[752.274,225.934,44.526,-0.574,0.001,0.819,0.001,1,0,-0.819,0.001,-0.574],"_humanoidState":8,"_cameraCFrame":[753.848,233.994,42.152,-0.319,-0.897,0.307,0,0.324,0.946,-0.948,0.302,-0.103],"_shiftlockState":true,"_pose":"Running","_animationQueue":[["walk",0.1],["climb",0.1],["walk",0.1],["walk",0.1]],"_animationSpeed":0.063,"_zoom":6.934},{"_mousePosition":[683,384],"_rootPartCFrame":[752.103,226.597,44.448,-0.296,-0.002,0.955,0.001,1,0.002,-0.955,0.002,-0.296],"_humanoidState":3,"_cameraCFrame":[753.005,234.857,42.299,-0.319,-0.924,0.211,0,0.223,0.975,-0.948,0.311,-0.071],"_shiftlockState":true,"_pose":"Jumping","_animationQueue":[["walk",0.1],["jump",0.1]],"_animationSpeed":1,"_zoom":6.934},{"_mousePosition":[683,384],"_rootPartCFrame":[751.846,227.65,44.289,-0.19,-0.001,0.982,0.001,1,0.002,-0.982,0.001,-0.19],"_humanoidState":5,"_cameraCFrame":[752.156,235.979,42.189,-0.44,-0.884,0.156,0,0.174,0.985,-0.898,0.433,-0.076],"_shiftlockState":true,"_pose":"FreeFall","_animationQueue":[["jump",0.1]],"_animationSpeed":1,"_zoom":6.934},{"_mousePosition":[683,384],"_rootPartCFrame":[751.712,228.241,44.173,-0.35,0,0.937,0,1,0.001,-0.937,0.001,-0.35],"_humanoidState":5,"_cameraCFrame":[751.677,236.57,42.05,-0.58,-0.802,0.141,0,0.174,0.985,-0.815,0.571,-0.101],"_shiftlockState":true,"_pose":"FreeFall","_animationQueue":[],"_animationSpeed":1,"_zoom":6.934},{"_mousePosition":[683,384],"_rootPartCFrame":[751.52,229.158,43.939,-0.437,0,0.899,0,1,0,-0.899,0,-0.437],"_humanoidState":5,"_cameraCFrame":[751.323,237.486,41.824,-0.641,-0.756,0.133,0,0.174,0.985,-0.768,0.631,-0.111],"_shiftlockState":true,"_pose":"FreeFall","_animationQueue":[],"_animationSpeed":1,"_zoom":6.934},{"_mousePosition":[683,384],"_rootPartCFrame":[751.406,229.667,43.779,-0.561,0,0.828,0,1,0,-0.828,0,-0.561],"_humanoidState":5,"_cameraCFrame":[751.048,237.969,41.6,-0.73,-0.67,0.133,0,0.194,0.981,-0.683,0.716,-0.142],"_shiftlockState":true,"_pose":"FreeFall","_animationQueue":[],"_animationSpeed":1,"_zoom":6.934},{"_mousePosition":[683,384],"_rootPartCFrame":[751.195,230.448,43.521,-0.607,0,0.795,0,1,0,-0.795,0,-0.607],"_humanoidState":5,"_cameraCFrame":[750.691,238.73,41.311,-0.791,-0.59