[{"_mousePosition":[1110,377],"_rootPartCFrame":[776.03,222.984,47.142,0.001,-0.002,1,0,1,0.002,-1,0,0.001],"_humanoidState":8,"_cameraCFrame":[778.514,238.952,43.335,-0.837,-0.522,0.164,0,0.3,0.954,-0.547,0.799,-0.251],"_shiftlockState":false,"_pose":"Standing","_animationQueue":[],"_animationSpeed":1,"_zoom":15.166},{"_mousePosition":[1100,383],"_rootPartCFrame":[775.886,222.889,47.048,0.058,-0.001,0.998,0,1,0.001,-0.998,0,0.058],"_humanoidState":8,"_cameraCFrame":[778.373,238.858,43.241,-0.837,-0.522,0.164,0,0.3,0.954,-0.547,0.799,-0.251],"_shiftlockState":false,"_pose":"Standing","_animationQueue":[["idle",0]],"_animationSpeed":1,"_zoom":15.166},{"_mousePosition":[1098,386],"_rootPartCFrame":[775.665,222.733,46.903,0.127,0,0.992,0,1,0,-0.992,0,0.127],"_humanoidState":8,"_cameraCFrame":[778.152,238.701,43.097,-0.837,-0.522,0.164,0,0.3,0.954,-0.547,0.799,-0.251],"_shiftlockState":false,"_pose":"Running","_animationQueue":[["walk",0.1]],"_animationSpeed":1.003,"_zoom":15.166},{"_mousePosition":[1095,391],"_rootPartCFrame":[775.441,222.616,46.757,0.188,0,0.982,0,1,0,-0.982,0,0.188],"_humanoidState":8,"_cameraCFrame":[777.929,238.584,42.951,-0.837,-0.522,0.164,0,0.3,0.954,-0.547,0.799,-0.251],"_shiftlockState":false,"_pose":"Running","_animationQueue":[["walk",0.1]],"_animationSpeed":1.102,"_zoom":15.166},{"_mousePosition":[1093,395],"_rootPartCFrame":[775.218,222.638,46.612,0.239,0,0.971,0,1,0,-0.971,0,0.239],"_humanoidState":8,"_cameraCFrame":[776.24,238.607,41.848,-0.837,-0.522,0.164,0,0.3,0.954,-0.547,0.799,-0.251],"_shiftlockState":true,"_pose":"Running","_animationQueue":[["walk",0.1]],"_animationSpeed":1.102,"_zoom":15.166},{"_mousePosition":[683,384],"_rootPartCFrame":[774.995,222.664,46.466,-0.873,0,0.488,0,1,0,-0.488,0,-0.873],"_humanoidState":8,"_cameraCFrame":[776.017,238.633,41.702,-0.837,-0.522,0.164,0,0.3,0.954,-0.547,0.799,-0.251],"_shiftlockState":true,"_pose":"Running","_animationQueue":[],"_animationSpeed":1.102,"_zoom":15.166},{"_mousePosition":[683,384],"_rootPartCFrame":[774.716,222.683,46.283,-0.851,0,0.525,0,1,0,-0.525,0,-0.851],"_humanoidState":8,"_cameraCFrame":[775.621,238.74,41.773,-0.832,-0.533,0.156,0,0.281,0.96,-0.555,0.799,-0.233],"_shiftlockState":true,"_pose":"Running","_animationQueue":[],"_animationSpeed":1.102,"_zoom":15.166},{"_mousePosition":[683,384],"_rootPartCFrame":[774.549,222.689,46.174,-0.833,0,0.554,0,1,0,-0.554,0,-0.833],"_humanoidState":8,"_cameraCFrame":[775.296,238.885,42.106,-0.815,-0.562,0.143,0,0.247,0.969,-0.58,0.789,-0.201],"_shiftlockState":true,"_pose":"Running","_animationQueue":[],"_animationSpeed":1.102,"_zoom":15.166},{"_mousePosition":[683,384],"_rootPartCFrame":[774.271,222.695,45.989,-0.815,0,0.58,0,1,0,-0.58,0,-0.815],"_humanoidState":8,"_cameraCFrame":[774.925,238.974,42.219,-0.798,-0.587,0.135,0,0.224,0.975,-0.603,0.778,-0.179],"_shiftlockState":true,"_pose":"Running","_animationQueue":[],"_animationSpeed":1.102,"_zoom":15.166},{"_mousePosition":[683,384],"_rootPartCFrame":[774.107,222.697,45.874,-0.798,0,0.603,0,1,0,-0.603,0,-0.798],"_humanoidState":8,"_cameraCFrame":[774.734,239.029,42.313,-0.778,-0.614,0.131,0,0.209,0.978,-0.628,0.761,-0.162],"_shiftlockState":true,"_pose":"Running","_animationQueue":[],"_animationSpeed":1.102,"_zoom":15.166},{"_mousePosition":[683,384],"_rootPartCFrame":[773.841,222.698,45.674,-0.767,0,0.641,0,1,0,-0.641,0,-0.767],"_humanoidState":8,"_cameraCFrame":[774.457,239.05,42.196,-0.769,-0.626,0.129,0,0.202,0.979,-0.639,0.753,-0.156],"_shiftlockState":true,"_pose":"Running","_animationQueue":[],"_animationSpeed":1.102,"_zoom":15.166},{"_mousePosition":[683,384],"_rootPartCFrame":[773.584,222.699,45.462,-0.769,0,0.639,0,1,0,-0.639,0,-0.769],"_humanoidState":8,"_cameraCFrame":[774.155,239.061,42.018,-0.772,-0.623,0.127,0,0.199,0.98,-0.636,0.756,-0.154],"_shiftlockState":true,"_pose":"Running","_animationQueue":[["walk",0.1]],"_animationSpeed":1.102,"_zoom":15.166},{"_mousePosition":[683,384],"_rootPartCFrame":[773.379,222.699,45.291,-0.772,0,0.636,0,1,0,-0.636,0,-0.772],"_humanoidState":8,"_cameraCFrame":[773.857,239.081,41.917,-0.778,-0.617,0.121,0,0.193,0.981,-0.629,0.763,-0.15],"_shiftlockState":true,"_pose":"Running","_animationQueue":[],"_animationSpeed":1.102,"_zoom":15.166},{"_mousePosition":[683,384],"_rootPartCFrame":[773.122,222.699,45.079,-0.778,0,0.629,0,1,0,-0.629,0,-0.778],"_humanoidState":8,"_cameraCFrame":[773.509,239.099,41.776,-0.783,-0.611,0.116,0,0.186,0.982,-0.621,0.77,-0.146],"_shiftlockState":true,"_pose":"Running","_animationQueue":[],"_animationSpeed":1.102,"_zoom":15.166},{"_mousePosition":[683,384],"_rootPartCFrame":[772.966,222.7,44.953,-0.783,0,0.622,0,1,0,-0.622,0,-0.783],"_humanoidState":8,"_cameraCFrame":[773.26,239.117,41.722,-0.79,-0.603,0.11,0,0.18,0.984,-0.613,0.777,-0.142],"_shiftlockState":true,"_pose":"Running","_animationQueue":[],"_animationSpeed":1.102,"_zoom":15.166},{"_mousePosition":[683,384],"_rootPartCFrame":[772.706,222.7,44.746,-0.79,0,0.613,0,1,0,-0.613,0,-0.79],"_humanoidState":8,"_cameraCFrame":[772.938,239.128,41.56,-0.794,-0.598,0.107,0,0.176,0.984,-0.607,0.782,-0.14],"_shiftlockState":true,"_pose":"Running","_animationQueue":[],"_animationSpeed":1.102,"_zoom":15.166},{"_mousePosition":[683,384],"_rootPartCFrame":[772.442,222.7,44.541,-0.794,0,0.607,0,1,0,-0.607,0,-0.794],"_humanoidState":8,"_cameraCFrame":[772.609,239.135,41.383,-0.803,-0.588,0.104,0,0.174,0.985,-0.597,0.79,-0.139],"_shiftlockState":true,"_pose":"Running","_animationQueue":[],"_animationSpeed":1.102,"_zoom":15.166},{"_mousePosition":[683,384],"_rootPartCFrame":[772.231,222.7,44.379,-0.803,0,0.597,0,1,0,-0.597,0,-0.803],"_humanoidState":8,"_cameraCFrame":[772.348,239.135,41.219,-0.812,-0.575,0.101,0,0.174,0.985,-0.584,0.799,-0.141],"_shiftlockState":true,"_pose":"Running","_animationQueue":[["walk",0.1]],"_animationSpeed":1.102,"_zoom":15.166},{"_mousePosition":[683,384],"_rootPartCFrame":[772.124,222.7,44.299,-0.812,0,0.584,0,1,0,-0.584,0,-0.812],"_humanoidState":8,"_cameraCFrame":[772.188,239.135,41.137,-0.821,-0.562,0.099,0,0.174,0.985,-0.57,0.809,-0.143],"_shiftlockState":true,"_pose":"Running","_animationQueue":[],"_animationSpeed":1.102,"_zoom":15.166},{"_mousePosition":[683,384],"_rootPartCFrame":[771.854,222.7,44.104,-0.821,0,0.57,0,1,0,-0.57,0,-0.821],"_humanoidState":8,"_cameraCFrame":[771.875,239.135,40.942,-0.829,-0.55,0.097,0,0.174,0.985,-0.559,0.817,-0.144],"_shiftlockState":true,"_pose":"Running","_animationQueue":[],"_animationSpeed":1.102,"_zoom":15.166},{"_mousePosition":[683,384],"_rootPartCFrame":[771.69,222.7,43.989,-0.829,0,0.559,0,1,0,-0.559,0,-0.829],"_humanoidState":8,"_cameraCFrame":[771.675,239.135,40.827,-0.836,-0.541,0.095,0,0.174,0.985,-0.549,0.823,-0.145],"_shiftlockState":true,"_pose":"Running","_animationQueue":[],"_animationSpeed":1.102,"_zoom":15.166},{"_mousePosition":[683,384],"_rootPartCFrame":[771.414,222.7,43.802,-0.836,0,0.549,0,1,0,-0.549,0,-0.836],"_humanoidState":8,"_cameraCFrame":[771.375,239.135,40.64,-0.84,-0.535,0.094,0,0.174,0.985,-0.543,0.827,-0.146],"_shiftlockState":true,"_pose":"Running","_animationQueue":[],"_animationSpeed":1.102,"_zoom":15.166},{"_mousePosition":[683,384],"_rootPartCFrame":[771.247,222.7,43.692,-0.84,0,0.543,0,1,0,-0.543,0,-0.84],"_humanoidState":8,"_cameraCFrame":[771.195,239.135,40.53,-0.842,-0.532,0.094,0,0.174,0.985,-0.54,0.829,-0.146],"_shiftlockState":true,"_pose":"Running","_animationQueue":[],"_animationSpeed":1.102,"_zoom":15.166},{"_mousePosition":[683,384],"_rootPartCFrame":[770.967,222.7,43.511,-0.842,0,0.54,0,1,0,-0.54,0,-0.842],"_humanoidState":8,"_cameraCFrame":[770.909,239.135,40.349,-0.843,-0.53,0.093,0,0.174,0.985,-0.538,0.83,-0.146],"_shiftlockState":true,"_pose":"Running","_animationQueue":[],"_animationSpeed":1.102,"_zoom":15.166},{"_mousePosition":[683,384],"_rootPartCFrame":[770.799,222.7,43.403,-0.843,0,0.538,0,1,0,-0.538,0,-0.843],"_humanoidState":8,"_cameraCFrame":[770.734,239.135,40.241,-0.844,-0.528,0.093,0,0.174,0.985,-0.536,0.831,-0.147],"_shiftlockState":true,"_pose":"Running","_animationQueue":[["walk",0.1]],"_animationSpeed":1.102,"_zoom":15.166},{"_mousePosition":[683,384],"_rootPartCFrame":[770.574,222.7,43.259,-0.844,0,0.536,0,1,0,-0.536,0,-0.844],"_humanoidState":8,"_cameraCFrame":[770.506,239.135,40.098,-0.845,-0.527,0.093,0,0.174,0.985,-0.535,0.832,-0.147],"_shiftlockState":true,"_pose":"Running","_animationQueue":[],"_animationSpeed":1.102,"_zoom":15.166},{"_mousePosition":[683,384],"_rootPartCFrame":[770.349,223.563,43.116,-0.845,0,0.535,0,1,0,-0.535,0,-0.845],"_humanoidState":3,"_cameraCFrame":[770.254,239.713,39.997,-0.845,-0.527,0.093,0,0.174,0.985,-0.535,0.832,-0.147],"_shiftlockState":true,"_pose":"Jumping","_animationQueue":[["walk",0.1],["jump",0.1]],"_animationSpeed":1,"_zoom":11.733},{"_mousePosition":[683,384],"_rootPartCFrame":[770.124,224.371,42.973,-0.792,0,0.611,0,1,0,-0.611,0,-0.792],"_humanoidState":5,"_cameraCFrame":[769.983,240.032,39.927,-0.845,-0.527,0.093,0,0.174,0.985,-0.535,0.832,-0.147],"_shiftlockState":true,"_pose":"FreeFall","_animationQueue":[["jump",0.1]],"_animationSpeed":1,"_zoom":11.733},{"_mousePosition":[683,384],"_rootPartCFrame":[769.899,225.125,42.83,-0.769,0,0.639,0,1,0,-0.639,0,-0.769],"_humanoidState":5,"_cameraCFrame":[769.702,240.198,39.872,-0.845,-0.527,0.093,0,0.174,0.985,-0.535,0.832,-0.147],"_shiftlockState":true,"_pose":"FreeFall","_animationQueue":[],"_animationSpeed":1,"_zoom":11.733},{"_mousePosition":[683,384],"_rootPartCFrame":[769.674,225.824,42.687,-0.766,0,0.642,0,1,0,-0.642,0,-0.766],"_humanoidState":5,"_cameraCFrame":[769.428,240.379,39.806,-0.845,-0.527,0.093,0,0.174,0.985,-0.535,0.832,-0.147],"_shiftlockState":true,"_pose":"FreeFall","_animationQueue":[],"_animationSpeed":1,"_zoom":11.733},{"_mousePosition":[683,384],"_rootPartCFrame":[769.448,226.469,42.544,-0.766,0,0.643,0,1,0,-0.643,0,-0.766],"_humanoidState":5,"_cameraCFrame":[769.163,240.607,39.725,-0.845,-0.527,0.093,0,0.174,0.985,-0.535,0.832,-0.147],"_shiftlockState":true,"_pose":"FreeFall","_animationQueue":[],"_animationSpeed":1,"_zoom":11.733},{"_mousePosition":[683,384],"_rootPartCFrame":[769.223,227.059,42.402,-0.766,0,0.643,0,1,0,-0.643,0,-0.766],"_humanoidState":5,"_cameraCFrame":[768.909,240.896,39.627,-0.845,-0.527,0.093,0,0.174,0.985,-0.535,0.832,-0.147],"_shiftlockState":true,"_pose":"FreeFall","_animationQueue":[],"_animationSpeed":1,"_zoom":11.733},{"_mousePosition":[683,384],"_rootPartCFrame":[768.998,227.595,42.259,-0.766,0,0.643,0,1,0,-0.643,0,-0.766],"_humanoidState":5,"_cameraCFrame":[768.661,241.195,39.52,-0.845,-0.527,0.093,0,0.174,0.985,-0.535,0.832,-0.147],"_shiftlockState":true,"_pose":"FreeFall","_animationQueue":[],"_animationSpeed":1,"_zoom":11.733},{"_mousePosition":[683,384],"_rootPartCFrame":[768.772,228.077,42.116,-0.766,0,0.643,0,1,0,-0.643,0,-0.766],"_humanoidState":5,"_cameraCFrame":[768.42,241.506,39.403,-0.845,-0.527,0.093,0,0.174,0.985,-0.535,0.832,-0.147],"_shiftlockState":true,"_pose":"FreeFall","_animationQueue":[],"_animationSpeed":1,"_zoom":11.733},{"_mousePosition":[683,384],"_rootPartCFrame":[768.547,228.504,41.973,-0.766,0,0.643,0,1,0,-0.643,0,-0.766],"_humanoidState":5,"_cameraCFrame":[768.183,241.808,39.279,-0.845,-0.527,0.093,0,0.174,0.985,-0.535,0.832,-0.147],"_shiftlockState":true,"_pose":"FreeFall","_animationQueue":[],"_animationSpeed":1,"_zoom":11.733},{"_mousePosition":[683,384],"_rootPartCFrame":[768.265,228.961,41.795,-0.744,0,0.668,0,1,0,-0.668,0,-0.744],"_humanoidState":5,"_cameraCFrame":[767.892,242.192,39.111,-0.845,-0.526,0.093,0,0.174,0.985,-0.534,0.832,-0.147],"_shiftlockState":true,"_pose":"FreeFall","_animationQueue":[],"_animationSpeed":1,"_zoom":11.733},{"_mousePosition":[683,384],"_rootPartCFrame":[768.096,229.194,41.688,-0.788,0,0.616,0,1,0,-0.616,0,-0.788],"_humanoidState":5,"_cameraCFrame":[767.714,242.367,39.013,-0.846,-0.525,0.093,0,0.174,0.985,-0.534,0.833,-0.147],"_shiftlockState":true,"_pose":"FreeFall","_animationQueue":[],"_animationSpeed":1,"_zoom":11.733},{"_mousePosition":[683,384],"_rootPartCFrame":[767.815,229.515,41.51,-0.746,0,0.666,0,1,0,-0.666,0,-0.746],"_humanoidState":5,"_cameraCFrame":[767.421,242.65,38.842,-0.847,-0.523,0.092,0,0.174,0.985,-0.531,0.835,-0.147],"_shiftlockState":true,"_pose":"FreeFall","_animationQueue":[],"_animationSpeed":1,"_zoom":11.733},{"_mousePosition":[683,384],"_rootPartCFrame":[767.645,229.666,41.403,-0.79,0,0.613,0,1,0,-0.613,0,-0.79],"_humanoidState":5,"_cameraCFrame":[767.235,242.772,38.742,-0.85,-0.518,0.091,0,0.174,0.985,-0.526,0.837,-0.148],"_shiftlockState":true,"_pose":"FreeFall","_animationQueue":[],"_animationSpeed":1,"_zoom":11.733},{"_mousePosition":[683,384],"_rootPartCFrame":[767.419,229.821,41.261,-0.773,0,0.635,0,1,0,-0.635,0,-0.773],"_humanoidState":5,"_cameraCFrame":[766.999,242.911,38.604,-0.852,-0.516,0.091,0,0.174,0.985,-0.524,0.839,-0.148],"_shiftlockState":true,"_pose":"FreeFall","_animationQueue":[],"_animationSpeed":1,"_zoom":11.733},{"_mousePosition":[683,384],"_rootPartCFrame":[767.193,229.921,41.121,-0.775,0,0.632,0,1,0,-0.632,0,-0.775],"_humanoidState":5,"_cameraCFrame":[766.757,242.998,38.467,-0.855,-0.511,0.09,0,0.174,0.985,-0.519,0.842,-0.148],"_shiftlockState":true,"_pose":"FreeFall","_animationQueue":[],"_animationSpeed":1,"_zoom":11.733},{"_mousePosition":[683,384],"_rootPartCFrame":[766.852,229.968,40.911,-0.734,0,0.679,0,1,0,-0.679,0,-0.734],"_humanoidState":5,"_cameraCFrame":[766.411,243.038,38.26,-0.856,-0.51,0.09,0,0.174,0.985,-0.518,0.843,-0.149],"_shiftlockState":true,"_pose":"FreeFall","_animationQueue":[],"_animationSpeed":1,"_zoom":11.733},{"_mousePosition":[683,384],"_rootPartCFrame":[766.738,229.957,40.842,-0.819,0,0.573,0,1,0,-0.573,0,-0.819],"_humanoidState":5,"_cameraCFrame":[766.288,243.021,38.193,-0.857,-0.507,0.089,0,0.174,0.985,-0.515,0.844,-0.149],"_shiftlockState":true,"_pose":"FreeFall","_animationQueue":[],"_animationSpeed":1,"_zoom":11.733},{"_mousePosition":[683,384],"_rootPartCFrame":[766.51,229.893,40.704,-0.781,0,0.624,0,1,0,-0.624,0,-0.781],"_humanoidState":5,"_cameraCFrame":[766.054,242.954,38.056,-0.858,-0.505,0.089,0,0.174,0.985,-0.513,0.845,-0.149],"_shiftlockState":true,"_pose":"FreeFall","_animationQueue":[],"_animationSpeed":1,"_zoom":11.733},{"_mousePosition":[683,384],"_rootPartCFrame":[766.282,229.775,40.566,-0.783,0,0.623,0,1,0,-0.623,0,-0.783],"_humanoidState":5,"_cameraCFrame":[765.82,242.834,37.92,-0.859,-0.503,0.089,0,0.174,0.985,-0.511,0.846,-0.149],"_shiftlockState":true,"_pose":"FreeFall","_animationQueue":[["fall",0.3]],"_animationSpeed":1,"_zoom":11.733},{"_mousePosition":[683,384],"_rootPartCFrame":[765.996,229.551,40.395,-0.763,0,0.647,0,1,0,-0.647,0,-0.763],"_humanoidState":5,"_cameraCFrame":[765.531,242.608,37.75,-0.86,-0.503,0.089,0,0.174,0.985,-0.51,0.847,-0.149],"_shiftlockState":true,"_pose":"FreeFall","_animationQueue":[],"_animationSpeed":1,"_zoom":11.733},{"_mousePosition":[683,384],"_rootPartCFrame":[765.869,229.375,40.28,-0.805,0,0.594,0,1,0,-0.594,0,-0.805],"_humanoidState":5,"_cameraCFrame":[765.399,242.432,37.635,-0.861,-0.501,0.088,0,0.174,0.985,-0.509,0.848,-0.15],"_shiftlockState":true,"_pose":"FreeFall","_animationQueue":[],"_animationSpeed":1,"_zoom":11.733},{"_mousePosition":[683,384],"_rootPartCFrame":[765.676,229.094,40.129,-0.786,0,0.618,0,1,0,-0.618,0,-0.786],"_humanoidState":5,"_cameraCFrame":[765.205,242.15,37.485,-0.861,-0.501,0.088,0,0.174,0.985,-0.509,0.848,-0.15],"_shiftlockState":true,"_pose":"FreeFall","_animationQueue":[],"_animationSpeed":1,"_zoom":11.733},{"_mousePosition":[683,384],"_rootPartCFrame":[765.451,228.758,39.992,-0.786,0,0.618,0,1,0,-0.618,0,-0.786],"_humanoidState":5,"_cameraCFrame":[764.978,241.813,37.348,-0.862,-0.5,0.088,0,0.174,0.985,-0.508,0.848,-0.15],"_shiftlockState":true,"_pose":"FreeFall","_animationQueue":[],"_animationSpeed":1,"_zoom":11.733},{"_mousePosition":[683,384],"_rootPartCFrame":[765.267,228.367,39.828,-0.786,0,0.618,0,1,0,-0.618,0,-0.786],"_humanoidState":5,"_cameraCFrame":[764.794,241.422,37.184,-0.862,-0.5,0.088,0,0.174,0.985,-0.508,0.848,-0.15],"_shiftlockState":true,"_pose":"FreeFall","_animationQueue":[],"_animationSpeed":1,"_zoom":11.733},{"_mousePosition":[683,384],"_rootPartCFrame":[765.089,227.922,39.664,-0.786,0,0.618,0,1,0,-0.618,0,-0.786],"_humanoidState":5,"_cameraCFrame":[764.615,240.977,37.021,-0.862,-0.5,0.088,0,0.174,0.985,-0.508,0.848,-0.15],"_shiftlockState":true,"_pose":"FreeFall","_animationQueue":[],"_animationSpeed":1,"_zoom":11.733},{"_mousePosition":[683,384],"_rootPartCFrame":[764.873,227.422,39.518,-0.786,0,0.618,0,1,0,-0.618,0,-0.786],"_humanoidState":5,"_cameraCFrame":[764.399,240.477,36.875,-0.862,-0.5,0.088,0,0.174,0.985,-0.508,0.848,-0.15],"_shiftlockState":true,"_pose":"FreeFall","_animationQueue":[["fall",0.3]],"_animationSpeed":1,"_zoom":11.733},{"_mousePosition":[683,384],"_rootPartCFrame":[764.655,227.346,39.386,-0.843,0,0.538,0,1,0,-0.538,0,-0.843],"_humanoidState":7,"_cameraCFrame":[764.182,240.401,36.742,-0.862,-0.5,0.088,0,0.174,0.985,-0.508,0.848,-0.15],"_shiftlockState":true,"_pose":"FreeFall","_animationQueue":[["walk",0.1],["fall",0.3],["fall",0.3]],"_animationSpeed":1,"_zoom":11.733},{"_mousePosition":[683,384],"_rootPartCFrame":[764.408,227.345,39.201,-0.848,0,0.529,0,1,0,-0.529,0,-0.848],"_humanoidState":7,"_cameraCFrame":[763.94,240.399,36.557,-0.861,-0.502,0.088,0,0.174,0.985,-0.509,0.847,-0.149],"_shiftlockState":true,"_pose":"FreeFall","_animationQueue":[],"_animationSpeed":1,"_zoom":11.733},{"_mousePosition":[683,384],"_rootPartCFrame":[764.226,227.242,39.054,-0.851,0,0.524,0,1,0,-0.524,0,-0.851],"_humanoidState":8,"_cameraCFrame":[763.777,240.296,36.406,-0.857,-0.508,0.09,0,0.174,0.985,-0.516,0.844,-0.149],"_shiftlockState":true,"_pose":"Running","_animationQueue":[["walk",0.1],["fall",0.3],["walk",0.1]],"_animationSpeed":1.025,"_zoom":11.733},{"_mousePosition":[683,384],"_rootPartCFrame":[763.998,228.312,38.873,-0.846,0.001,0.533,0.001,1,0,-0.533,0.001,-0.846],"_humanoidState":3,"_cameraCFrame":[763.567,241.366,36.223,-0.854,-0.513,0.09,0,0.174,0.985,-0.521,0.841,-0.148],"_shiftlockState":true,"_pose":"Jumping","_animationQueue":[["walk",0.1],["jump",0.1]],"_animationSpeed":1,"_zoom":11.733},{"_mousePosition":[683,384],"_rootPartCFrame":[763.844,228.913,38.764,-0.817,0.001,0.577,0.001,1,0,-0.577,0,-0.817],"_humanoidState":5,"_cameraCFrame":[763.444,241.968,36.109,-0.847,-0.523,0.092,0,0.174,0.985,-0.531,0.835,-0.147],"_shiftlockState":true,"_pose":"FreeFall","_animationQueue":[["jump",0.1]],"_animationSpeed":1,"_zoom":11.733},{"_mousePosition":[683,384],"_rootPartCFrame":[763.56,229.847,38.591,-0.753,0,0.658,0,1,0,-0.658,0,-0.753],"_humanoidState":5,"_cameraCFrame":[763.178,242.901,35.933,-0.844,-0.529,0.093,0,0.174,0.985,-0.537,0.831,-0.146],"_shiftlockState":true,"_pose":"FreeFall","_animationQueue":[],"_animationSpeed":1,"_zoom":11.733},{"_mousePosition":[683,384],"_rootPartCFrame":[763.391,230.366,38.484,-0.786,0,0.618,0,1,0,-0.618,0,-0.786],"_humanoidState":5,"_cameraCFrame":[763.015,243.421,35.824,-0.842,-0.531,0.094,0,0.174,0.985,-0.539,0.83,-0.146],"_shiftlockState":true,"_pose":"FreeFall","_animationQueue":[],"_animationSpeed":1,"_zoom":11.733},{"_mousePosition":[683,384],"_rootPartCFrame":[763.152,231.154,38.259,-0.767,0.013,0.641,0.005,1,-0.014,-0.641,-0.008,-0.767],"_humanoidState":5,"_cameraCFrame":[762.798,244.208,35.588,-0.842,-0.532,0.094,0,0.174,0.985,-0.54,0.829,-0.146],"_shiftlockState":true,"_pose":"FreeFall","_animationQueue":[],"_animationSpeed":1,"_zoom":11.733},{"_mousePosition":[683,384],"_rootPartCFrame":[763.024,231.57,38.112,-0.802,0.009,0.598,0.005,1,-0.008,-0.598,-0.004,-0.802],"_humanoidState":5,"_cameraCFrame":[762.669,244.625,35.446,-0.841,-0.533,0.094,0,0.174,0.985,-0.541,0.828,-0.146],"_shiftlockState":true,"_pose":"FreeFall","_animationQueue":[],"_animationSpeed":1,"_zoom":11.733},{"_mousePosition":[683,384],"_rootPartCFrame":[762.775,232.196,37.901,-0.744,0.002,0.668,0.001,1,-0.001,-0.668,0,-0.744],"_humanoidState":5,"_cameraCFrame":[762.446,245.25,35.235,-0.833,-0.544,0.096,0,0.174,0.985,-0.553,0.821,-0.145],"_shiftlockState":true,"_pose":"FreeFall","_animationQueue":[],"_animationSpeed":1,"_zoom":11.733},{"_mousePosition":[683,384],"_rootPartCFrame":[762.609,232.53,37.791,-0.774,0,0.633,0,1,0,-0.633,0,-0.774],"_humanoidState":5,"_cameraCFrame":[762.287,245.581,35.11,-0.833,-0.544,0.097,0,0.175,0.985,-0.553,0.82,-0.146],"_shiftlockState":true,"_pose":"FreeFall","_animationQueue":[],"_animationSpeed":1,"_zoom":11.733},{"_mousePosition":[683,384],"_rootPartCFrame":[762.331,233.02,37.607,-0.73,0,0.683,0,1,0,-0.683,0,-0.73],"_humanoidState":5,"_cameraCFrame":[762.009,246.071,34.926,-0.833,-0.544,0.097,0,0.175,0.985,-0.553,0.82,-0.146],"_shiftlockState":true,"_pose":"FreeFall","_animationQueue":[],"_animationSpeed":1,"_zoom":11.733},{"_mousePosition":[683,384],"_rootPartCFrame":[762.164,233.272,37.496,-0.774,0,0.633,0,1,0,-0.633,0,-0.774],"_humanoidState":5,"_cameraCFrame":[761.843,246.324,34.815,-0.833,-0.544,0.097,0,0.175,0.985,-0.553,0.82,-0.146],"_shiftlockState":true,"_pose":"FreeFall","_animationQueue":[],"_animationSpeed":1,"_zoom":11.733},{"_mousePosition":[683,384],"_rootPartCFrame":[761.942,233.562,37.349,-0.833,0,0.553,0,1,0,-0.553,0,-0.833],"_humanoidState":5,"_cameraCFrame":[761.556,246.611,34.667,-0.848,-0.522,0.094,0,0.176,0.984,-0.531,0.834,-0.149],"_shiftlockState":true,"_pose":"FreeFall","_animationQueue":[],"_animationSpeed":1,"_zoom":11.733},{"_mousePosition":[683,384],"_rootPartCFrame":[761.72,233.797,37.201,-0.77,0,0.638,0,1,0,-0.638,0,-0.77],"_humanoidState":5,"_cameraCFrame":[761.262,246.852,34.555,-0.859,-0.505,0.089,0,0.174,0.985,-0.513,0.846,-0.149],"_shiftlockState":true,"_pose":"FreeFall","_animationQueue":[],"_animationSpeed":1,"_zoom":11.733},{"_mousePosition":[683,384],"_rootPartCFrame":[761.551,233.937,37.094,-0.803,0,0.596,0,1,0,-0.596,0,-0.803],"_humanoidState":5,"_cameraCFrame":[761.043,246.992,34.457,-0.868,-0.489,0.086,0,0.174,0.985,-0.496,0.855,-0.151],"_shiftlockState":true,"_pose":"FreeFall","_animationQueue":[],"_animationSpeed":1,"_zoom":11.733},{"_mousePosition":[683,384],"_rootPartCFrame":[761.322,234.076,36.957,-0.794,0,0.607,0,1,0,-0.607,0,-0.794],"_humanoidState":5,"_cameraCFrame":[760.746,247.131,34.334,-0.881,-0.466,0.082,0,0.174,0.985,-0.473,0.867,-0.153],"_shiftlockState":true,"_pose":"FreeFall","_animationQueue":[["fall",0.3]],"_animationSpeed":1,"_zoom":11.733},{"_mousePosition":[683,384],"_rootPartCFrame":[761.033,234.174,36.791,-0.79,0,0.613,0,1,0,-0.613,0,-0.79],"_humanoidState":5,"_cameraCFrame":[760.402,247.229,34.18,-0.891,-0.448,0.079,0,0.174,0.985,-0.455,0.877,-0.155],"_shiftlockState":true,"_pose":"FreeFall","_animationQueue":[],"_animationSpeed":1,"_zoom":11.733},{"_mousePosition":[683,384],"_rootPartCFrame":[760.916,234.189,36.727,-0.858,0,0.513,0,1,0,-0.513,0,-0.858],"_humanoidState":5,"_cameraCFrame":[760.198,247.244,34.139,-0.905,-0.418,0.074,0,0.174,0.985,-0.425,0.892,-0.157],"_shiftlockState":true,"_pose":"FreeFall","_animationQueue":[],"_animationSpeed":1,"_zoom":11.733},{"_mousePosition":[683,384],"_rootPartCFrame":[760.561,234.153,36.544,-0.803,0,0.596,0,1,0,-0.596,0,-0.803],"_humanoidState":5,"_cameraCFrame":[759.774,247.208,33.976,-0.916,-0.395,0.07,0,0.174,0.985,-0.401,0.902,-0.159],"_shiftlockState":true,"_pose":"FreeFall","_animationQueue":[],"_animationSpeed":1,"_zoom":11.733},{"_mousePosition":[683,384],"_rootPartCFrame":[760.38,234.089,36.458,-0.872,0,0.49,0,1,0,-0.49,0,-0.872],"_humanoidState":5,"_cameraCFrame":[759.508,247.144,33.918,-0.929,-0.364,0.064,0,0.174,0.985,-0.37,0.915,-0.161],"_shiftlockState":true,"_pose":"FreeFall","_animationQueue":[],"_animationSpeed":1,"_zoom":11.733},{"_mousePosition":[683,384],"_rootPartCFrame":[760.075,233.914,36.323,-0.855,0,0.519,0,1,0,-0.519,0,-0.855],"_humanoidState":5,"_cameraCFrame":[759.142,246.969,33.805,-0.938,-0.342,0.06,0,0.174,0.985,-0.348,0.923,-0.163],"_shiftlockState":true,"_pose":"FreeFall","_animationQueue":[],"_animationSpeed":1,"_zoom":11.733},{"_mousePosition":[683,384],"_rootPartCFrame":[759.89,233.768,36.248,-0.898,0,0.439,0,1,0,-0.439,0,-0.898],"_humanoidState":5,"_cameraCFrame":[758.881,246.823,33.759,-0.948,-0.314,0.055,0,0.174,0.985,-0.319,0.933,-0.165],"_shiftlockState":true,"_pose":"FreeFall","_animationQueue":[],"_animationSpeed":1,"_zoom":11.733},{"_mousePosition":[683,384],"_rootPartCFrame":[759.578,233.457,36.131,-0.882,0,0.472,0,1,0,-0.472,0,-0.882],"_humanoidState":5,"_cameraCFrame":[758.522,246.512,33.662,-0.954,-0.296,0.052,0,0.174,0.985,-0.301,0.939,-0.166],"_shiftlockState":true,"_pose":"FreeFall","_animationQueue":[["fall",0.3]],"_animationSpeed":1,"_zoom":11.733},{"_mousePosition":[683,384],"_rootPartCFrame":[759.388,233.23,36.067,-0.919,0,0.395,0,1,0,-0.395,0,-0.919],"_humanoidState":5,"_cameraCFrame":[758.284,246.284,33.618,-0.959,-0.278,0.049,0,0.174,0.985,-0.282,0.945,-0.167],"_shiftlockState":true,"_pose":"FreeFall","_animationQueue":[],"_animationSpeed":1,"_zoom":11.733},{"_mousePosition":[683,384],"_rootPartCFrame":[759.071,232.782,35.965,-0.899,0,0.437,0,1,0,-0.437,0,-0.899],"_humanoidState":5,"_cameraCFrame":[757.941,245.837,33.529,-0.962,-0.268,0.047,0,0.174,0.985,-0.272,0.948,-0.167],"_shiftlockState":true,"_pose":"FreeFall","_animationQueue":[],"_animationSpeed":1,"_zoom":11.733},{"_mousePosition":[683,384],"_rootPartCFrame":[758.879,232.473,35.908,-0.93,0,0.367,0,1,0,-0.367,0,-0.93],"_humanoidState":5,"_cameraCFrame":[757.739,245.528,33.477,-0.963,-0.264,0.047,0,0.174,0.985,-0.268,0.949,-0.167],"_shiftlockState":true,"_pose":"FreeFall","_animationQueue":[],"_animationSpeed":1,"_zoom":11.733},{"_mousePosition":[683,384],"_rootPartCFrame":[758.622,232.013,35.835,-0.919,0,0.394,0,1,0,-0.394,0,-0.919],"_humanoidState":5,"_cameraCFrame":[757.48,245.068,33.405,-0.964,-0.263,0.046,0,0.174,0.985,-0.267,0.949,-0.167],"_shiftlockState":true,"_pose":"FreeFall","_animationQueue":[],"_animationSpeed":1,"_zoom":11.733},{"_mousePosition":[683,384],"_rootPartCFrame":[758.366,231.498,35.764,-0.92,0,0.393,0,1,0,-0.393,0,-0.92],"_humanoidState":5,"_cameraCFrame":[757.223,244.553,33.333,-0.964,-0.263,0.046,0,0.174,0.985,-0.267,0.949,-0.167],"_shiftlockState":true,"_pose":"FreeFall","_animationQueue":[],"_animationSpeed":1,"_zoom":11.733},{"_mousePosition":[683,384],"_rootPartCFrame":[758.044,230.778,35.675,-0.906,0,0.423,0,1,0,-0.423,0,-0.906],"_humanoidState":5,"_cameraCFrame":[756.907,243.833,33.242,-0.963,-0.265,0.047,0,0.174,0.985,-0.269,0.949,-0.167],"_shiftlockState":true,"_pose":"FreeFall","_animationQueue":[],"_animationSpeed":1,"_zoom":11.733},{"_mousePosition":[683,384],"_rootPartCFrame":[757.855,230.306,35.622,-0.954,0,0.3,0,1,0,-0.3,0,-0.954],"_humanoidState":7,"_cameraCFrame":[756.771,243.36,33.165,-0.957,-0.286,0.05,0,0.174,0.985,-0.29,0.942,-0.166],"_shiftlockState":true,"_pose":"FreeFall","_animationQueue":[["fall",0.3],["walk",0.1],["fall",0.3],["fall",0.3]],"_animationSpeed":1,"_zoom":11.733},{"_mousePosition":[683,384],"_rootPartCFrame":[757.541,229.834,35.535,-0.955,0,0.296,0,1,0,-0.296,0,-0.955],"_humanoidState":7,"_cameraCFrame":[756.543,242.889,33.041,-0.946,-0.318,0.056,0,0.174,0.985,-0.323,0.932,-0.164],"_shiftlockState":true,"_pose":"FreeFall","_animationQueue":[],"_animationSpeed":1,"_zoom":11.733},{"_mousePosition":[683,384],"_rootPartCFrame":[757.354,229.828,35.479,-0.946,0,0.323,0,1,0,-0.323,0,-0.946],"_humanoidState":7,"_cameraCFrame":[756.48,242.883,32.94,-0.929,-0.363,0.064,0,0.174,0.985,-0.369,0.915,-0.161],"_shiftlockState":true,"_pose":"FreeFall","_animationQueue":[],"_animationSpeed":1,"_zoom":11.733},{"_mousePosition":[683,384],"_rootPartCFrame":[757.048,229.772,35.376,-0.929,0,0.369,0,1,0,-0.369,0,-0.929],"_humanoidState":8,"_cameraCFrame":[756.355,242.822,32.759,-0.903,-0.423,0.076,0,0.176,0.984,-0.43,0.889,-0.159],"_shiftlockState":true,"_pose":"Running","_animationQueue":[["walk",0.1],["fall",0.3],["walk",0.1]],"_animationSpeed":1.075,"_zoom":11.733},{"_mousePosition":[683,384],"_rootPartCFrame":[756.809,229.688,35.283,-0.903,0,0.43,0,1,0,-0.43,0,-0.903],"_humanoidState":8,"_cameraCFrame":[756.29,242.733,32.604,-0.875,-0.476,0.086,0,0.178,0.984,-0.484,0.861,-0.156],"_shiftlockState":true,"_pose":"Running","_animationQueue":[],"_animationSpeed":1.075,"_zoom":11.733},{"_mousePosition":[683,384],"_rootPartCFrame":[756.523,229.588,35.15,-0.875,0,0.484,0,1,0,-0.484,0,-0.875],"_humanoidState":8,"_cameraCFrame":[756.133,242.633,32.449,-0.851,-0.517,0.094,0,0.178,0.984,-0.525,0.837,-0.152],"_shiftlockState":true,"_pose":"Running","_animationQueue":[],"_animationSpeed":1.075,"_zoom":11.733},{"_mousePosition":[683,384],"_rootPartCFrame":[756.359,229.594,35.061,-0.851,0,0.525,0,1,0,-0.525,0,-0.851],"_humanoidState":8,"_cameraCFrame":[756.075,242.646,32.376,-0.825,-0.556,0.099,0,0.175,0.985,-0.565,0.813,-0.145],"_shiftlockState":true,"_pose":"Running","_animationQueue":[["walk",0.1]],"_animationSpeed":1.075,"_zoom":11.733},{"_mousePosition":[683,384],"_rootPartCFrame":[756.096,229.575,34.901,-0.825,0,0.565,0,1,0,-0.565,0,-0.825],"_humanoidState":8,"_cameraCFrame":[755.883,242.63,32.224,-0.808,-0.581,0.102,0,0.174,0.985,-0.589,0.796,-0.14],"_shiftlockState":true,"_pose":"Running","_animationQueue":[],"_animationSpeed":1.075,"_zoom":11.733},{"_mousePosition":[683,384],"_rootPartCFrame":[755.944,229.522,34.799,-0.808,0,0.589,0,1,0,-0.589,0,-0.808],"_humanoidState":8,"_cameraCFrame":[755.79,242.577,32.118,-0.795,-0.598,0.105,0,0.174,0.985,-0.607,0.783,-0.138],"_shiftlockState":true,"_pose":"Running","_animationQueue":[["walk",0.1]],"_animationSpeed":1.017,"_zoom":11.733},{"_mousePosition":[683,384],"_rootPartCFrame":[755.748,229.405,34.658,-0.795,0,0.607,0,1,0,-0.607,0,-0.795],"_humanoidState":8,"_cameraCFrame":[755.603,242.46,31.976,-0.793,-0.6,0.106,0,0.174,0.985,-0.61,0.781,-0.138],"_shiftlockState":true,"_pose":"Running","_animationQueue":[],"_animationSpeed":1.017,"_zoom":11.733},{"_mousePosition":[683,384],"_rootPartCFrame":[755.557,229.233,34.513,-0.793,0,0.61,0,1,0,-0.61,0,-0.793],"_humanoidState":8,"_cameraCFrame":[755.412,242.287,31.831,-0.793,-0.6,0.106,0,0.174,0.985,-0.61,0.781,-0.138],"_shiftlockState":true,"_pose":"Running","_animationQueue":[],"_animationSpeed":1.017,"_zoom":11.733},{"_mousePosition":[683,384],"_rootPartCFrame":[755.319,228.972,34.33,-0.793,0,0.61,0,1,0,-0.61,0,-0.793],"_humanoidState":8,"_cameraCFrame":[755.149,242.027,31.65,-0.798,-0.593,0.105,0,0.174,0.985,-0.602,0.786,-0.139],"_shiftlockState":true,"_pose":"Running","_animationQueue":[],"_animationSpeed":1.017,"_zoom":11.733},{"_mousePosition":[683,384],"_rootPartCFrame":[755.177,228.954,34.221,-0.798,0,0.602,0,1,0,-0.602,0,-0.798],"_humanoidState":8,"_cameraCFrame":[754.964,242.003,31.522,-0.811,-0.575,0.103,0,0.176,0.984,-0.584,0.799,-0.143],"_shiftlockState":true,"_pose":"Running","_animationQueue":[["walk",0.1]],"_animationSpeed":1.017,"_zoom":11.733},{"_mousePosition":[683,384],"_rootPartCFrame":[754.937,228.894,34.04,-0.811,0,0.584,0,1,0,-0.584,0,-0.811],"_humanoidState":8,"_cameraCFrame":[754.669,241.938,31.325,-0.826,-0.554,0.1,0,0.178,0.984,-0.563,0.813,-0.147],"_shiftlockState":true,"_pose":"Running","_animationQueue":[],"_animationSpeed":1.017,"_zoom":11.733},{"_mousePosition":[683,384],"_rootPartCFrame":[754.794,228.817,33.931,-0.826,0,0.563,0,1,0,-0.563,0,-0.826],"_humanoidState":8,"_cameraCFrame":[754.38,241.86,31.227,-0.856,-0.508,0.093,0,0.179,0.984,-0.516,0.843,-0.153],"_shiftlockState":true,"_pose":"Running","_animationQueue":[],"_animationSpeed":1.017,"_zoom":11.733},{"_mousePosition":[683,384],"_rootPartCFrame":[754.511,230.108,33.706,-0.856,0,0.517,0,1,-0.001,-0.517,-0.001,-0.856],"_humanoidState":3,"_cameraCFrame":[754.004,243.149,31.01,-0.875,-0.477,0.087,0,0.18,0.984,-0.484,0.861,-0.157],"_shiftlockState":true,"_pose":"Jumping","_animationQueue":[["walk",0.1],["jump",0.1]],"_animationSpeed":1,"_zoom":11.733},{"_mousePosition":[683,384],"_rootPartCFrame":[754.408,230.512,33.635,-0.857,0,0.516,0,1,-0.001,-0.516,-0.001,-0.857],"_humanoidState":5,"_cameraCFrame":[753.775,243.555,30.973,-0.896,-0.437,0.08,0,0.179,0.984,-0.445,0.881,-0.161],"_shiftlockState":true,"_pose":"FreeFall","_animationQueue":[["jump",0.1]],"_animationSpeed":1,"_zoom":11.733},{"_mousePosition":[683,384],"_rootPartCFrame":[754.121,231.463,33.471,-0.818,0,0.575,0,1,0,-0.575,0,-0.818],"_humanoidState":5,"_cameraCFrame":[753.365,244.509,30.857,-0.914,-0.398,0.072,0,0.178,0.984,-0.405,0.9,-0.162],"_shiftlockState":true,"_pose":"FreeFall","_animationQueue":[],"_animationSpeed":1,"_zoom":11.733},{"_mousePosition":[683,384],"_rootPartCFrame":[753.943,231.993,33.38,-0.87,0,0.493,0,1,0,-0.493,0,-0.87],"_humanoidState":5,"_cameraCFrame":[753.074,245.041,30.809,-0.931,-0.36,0.065,0,0.177,0.984,-0.366,0.916,-0.165],"_shiftlockState":true,"_pose":"FreeFall","_animationQueue":[],"_animationSpeed":1,"_zoom":11.733},{"_mousePosition":[683,384],"_rootPartCFrame":[753.647,232.805,33.233,-0.859,0.006,0.512,0.001,1,-0.01,-0.512,-0.008,-0.859],"_humanoidState":5,"_cameraCFrame":[752.688,245.855,30.693,-0.944,-0.326,0.058,0,0.176,0.984,-0.331,0.929,-0.166],"_shiftlockState":true,"_pose":"FreeFall","_animationQueue":[],"_animationSpeed":1,"_zoom":11.733},{"_mousePosition":[683,384],"_rootPartCFrame":[753.47,233.248,33.147,-0.908,0.009,0.419,0.003,1,-0.016,-0.419,-0.014,-0.908],"_humanoidState":5,"_cameraCFrame":[752.376,246.299,30.664,-0.96,-0.275,0.049,0,0.175,0.985,-0.279,0.945,-0.168],"_shiftlockState":true,"_pose":"FreeFall","_animationQueue":[],"_animationSpeed":1,"_zoom":11.733},{"_mousePosition":[683,384],"_rootPartCFrame":[753.092,234.04,33.014,-0.886,0.002,0.463,0,1,-0.004,-0.463,-0.004,-0.886],"_humanoidState":5,"_cameraCFrame":[751.908,247.092,30.583,-0.969,-0.244,0.043,0,0.175,0.985,-0.248,0.954,-0.17],"_shiftlockState":true,"_pose":"FreeFall","_animationQueue":[],"_animationSpeed":1,"_zoom":11.733},{"_mousePosition":[683,384],"_rootPartCFrame":[752.965,234.277,32.976,-0.95,0,0.312,-0.001,1,-0.002,-0.312,-0.002,-0.95],"_humanoidState":5,"_cameraCFrame":[751.66,247.329,30.609,-0.98,-0.197,0.035,0,0.175,0.985,-0.2,0.965,-0.172],"_shiftlockState":true,"_pose":"FreeFall","_animationQueue":[],"_animationSpeed":1,"_zoom":11.733},{"_mousePosition":[683,384],"_rootPartCFrame":[752.577,234.907,32.876,-0.921,0,0.39,0,1,0,-0.39,0,-0.921],"_humanoidState":5,"_cameraCFrame":[751.184,247.957,30.555,-0.987,-0.159,0.028,0,0.176,0.984,-0.162,0.971,-0.174],"_shiftlockState":true,"_pose":"FreeFall","_animationQueue":[],"_animationSpeed":1,"_zoom":11.733},{"_mousePosition":[683,384],"_rootPartCFrame":[752.447,235.089,32.847,-0.974,0,0.227,0,1,0,-0.227,0,-0.974],"_humanoidState":5,"_cameraCFrame":[750.937,248.137,30.592,-0.994,-0.109,0.02,0,0.177,0.984,-0.111,0.978,-0.176],"_shiftlockState":true,"_pose":"FreeFall","_animationQueue":[],"_animationSpeed":1,"_zoom":11.733},{"_mousePosition":[683,384],"_rootPartCFrame":[752.184,235.413,32.803,-0.97,0,0.242,0,1,0,-0.242,0,-0.97],"_humanoidState":5,"_cameraCFrame":[750.571,248.46,30.611,-0.998,-0.063,0.011,0,0.178,0.984,-0.064,0.982,-0.177],"_shiftlockState":true,"_pose":"FreeFall","_animationQueue":[],"_animationSpeed":1,"_zoom":11.733},{"_mousePosition":[683,384],"_rootPartCFrame":[751.92,235.683,32.771,-0.981,0,0.196,0,1,0,-0.196,0,-0.981],"_humanoidState":5,"_cameraCFrame":[750.181,248.724,30.65,-1,-0.005,0.001,0,0.18,0.984,-0.005,0.984,-0.18],"_shiftlockState":true,"_pose":"FreeFall","_animationQueue":[],"_animationSpeed":1,"_zoom":11.733},{"_mousePosition":[683,384],"_rootPartCFrame":[751.587,235.943,32.748,-0.985,0,0.171,0,1,0,-0.171,0,-0.985],"_humanoidState":5,"_cameraCFrame":[749.72,248.976,30.69,-0.998,0.055,-0.01,0,0.184,0.983,0.055,0.981,-0.184],"_shiftlockState":true,"_pose":"FreeFall","_animationQueue":[],"_animationSpeed":1,"_zoom":11.733},{"_mousePosition":[683,384],"_rootPartCFrame":[751.387,236.059,32.744,-0.999,0,0.044,0,1,0,-0.044,0,-0.999],"_humanoidState":5,"_cameraCFrame":[749.355,249.084,30.807,-0.991,0.133,-0.025,0,0.187,0.982,0.136,0.973,-0.185],"_shiftlockState":true,"_pose":"FreeFall","_animationQueue":[],"_animationSpeed":1,"_zoom":11.733},{"_mousePosition":[683,384],"_rootPartCFrame":[751.054,236.183,32.76,-1,0,0.03,0,1,0,-0.03,0,-1],"_humanoidState":5,"_cameraCFrame":[748.928,249.207,30.916,-0.983,0.181,-0.035,0,0.188,0.982,0.184,0.965,-0.185],"_shiftlockState":true,"_pose":"FreeFall","_animationQueue":[],"_animationSpeed":1,"_zoom":11.733},{"_mousePosition":[683,384],"_rootPartCFrame":[750.856,236.217,32.783,-0.996,0,-0.085,0,1,0,0.085,0,-0.996],"_humanoidState":5,"_cameraCFrame":[748.619,249.237,31.05,-0.97,0.238,-0.046,0,0.19,0.982,0.243,0.953,-0.184],"_shiftlockState":true,"_pose":"FreeFall","_animationQueue":[],"_animationSpeed":1,"_zoom":11.733},{"_mousePosition":[683,384],"_rootPartCFrame":[750.593,236.214,32.83,-0.994,0,-0.112,0,1,0,0.112,0,-0.994],"_humanoidState":5,"_cameraCFrame":[748.272,249.229,31.173,-0.958,0.281,-0.055,0,0.192,0.981,0.286,0.94,-0.184],"_shiftlockState":true,"_pose":"FreeFall","_animationQueue":[],"_animationSpeed":1,"_zoom":11.733},{"_mousePosition":[683,384],"_rootPartCFrame":[750.334,236.156,32.892,-0.988,0,-0.156,0,1,0,0.156,0,-0.988],"_humanoidState":5,"_cameraCFrame":[747.894,249.16,31.332,-0.938,0.339,-0.068,0,0.197,0.98,0.346,0.92,-0.185],"_shiftlockState":true,"_pose":"FreeFall","_animationQueue":[],"_animationSpeed":1,"_zoom":11.733},{"_mousePosition":[683,384],"_rootPartCFrame":[750.014,236.008,32.986,-0.983,0,-0.185,0,1,0,0.185,0,-0.983],"_humanoidState":5,"_cameraCFrame":[747.469,249.004,31.543,-0.916,0.394,-0.08,0,0.2,0.98,0.402,0.897,-0.183],"_shiftlockState":true,"_pose":"FreeFall","_animationQueue":[["fall",0.3]],"_animationSpeed":1,"_zoom":11.733},{"_mousePosition":[683,384],"_rootPartCFrame":[749.826,235.878,33.052,-0.951,0,-0.309,0,1,0,0.309,0,-0.951],"_humanoidState":5,"_cameraCFrame":[747.174,248.869,31.764,-0.886,0.455,-0.094,0,0.202,0.979,0.464,0.867,-0.179],"_shiftlockState":true,"_pose":"FreeFall","_animationQueue":[],"_animationSpeed":1,"_zoom":11.733},{"_mousePosition":[683,384],"_rootPartCFrame":[749.519,235.593,33.184,-0.95,0,-0.311,0,1,0,0.311,0,-0.95],"_humanoidState":5,"_cameraCFrame":[746.789,248.578,32.015,-0.86,0.5,-0.104,0,0.205,0.979,0.511,0.841,-0.176],"_shiftlockState":true,"_pose":"FreeFall","_animationQueue":[],"_animationSpeed":1,"_zoom":11.733},{"_mousePosition":[683,384],"_rootPartCFrame":[749.341,235.382,33.274,-0.906,0,-0.423,0,1,0,0.423,0,-0.906],"_humanoidState":5,"_cameraCFrame":[746.515,248.361,32.288,-0.819,0.561,-0.119,0,0.207,0.978,0.573,0.802,-0.17],"_shiftlockState":true,"_pose":"FreeFall","_animationQueue":[],"_animationSpeed":1,"_zoom":11.733},{"_mousePosition":[683,384],"_rootPartCFrame":[749.053,234.961,33.442,-0.903,0,-0.43,0,1,0,0.43,0,-0.903],"_humanoidState":5,"_cameraCFrame":[746.154,247.93,32.56,-0.79,0.599,-0.129,0,0.211,0.978,0.613,0.772,-0.167],"_shiftlockState":true,"_pose":"FreeFall","_animationQueue":[],"_animationSpeed":1,"_zoom":11.733},{"_mousePosition":[683,384],"_rootPartCFrame":[748.887,234.668,33.553,-0.847,0,-0.531,0,1,0,0.531,0,-0.847],"_humanoidState":5,"_cameraCFrame":[745.889,247.621,32.803,-0.749,0.646,-0.144,0,0.217,0.976,0.662,0.732,-0.163],"_shiftlockState":true,"_pose":"FreeFall","_animationQueue":[],"_animationSpeed":1,"_zoom":11.733},{"_mousePosition":[683,384],"_rootPartCFrame":[748.57,233.989,33.797,-0.866,0,-0.5,0,1,0,0.5,0,-0.866],"_humanoidState":5,"_cameraCFrame":[745.521,246.934,33.127,-0.725,0.671,-0.152,0,0.22,0.975,0.688,0.708,-0.16],"_shiftlockState":true,"_pose":"FreeFall","_animationQueue":[["fall",0.3]],"_animationSpeed":1,"_zoom":11.733},{"_mousePosition":[683,384],"_rootPartCFrame":[748.468,233.735,33.883,-0.77,0,-0.639,0,1,0,0.639,0,-0.77],"_humanoidState":5,"_cameraCFrame":[745.358,246.67,33.329,-0.691,0.704,-0.162,0,0.224,0.975,0.722,0.674,-0.155],"_shiftlockState":true,"_pose":"FreeFall","_animationQueue":[],"_animationSpeed":1,"_zoom":11.733},{"_mousePosition":[683,384],"_rootPartCFrame":[748.2