[{"_mousePosition":[702,299],"_rootPartCFrame":[776.028,222.7,47.142,0,0,1,0,1,0,-1,0,0],"_humanoidState":8,"_cameraCFrame":[776.51,239.407,44.469,-0.984,-0.175,0.031,0,0.176,0.984,-0.177,0.969,-0.173],"_shiftlockState":false,"_pose":"Standing","_animationQueue":[["idle",0]],"_animationSpeed":1,"_zoom":15.448},{"_mousePosition":[702,299],"_rootPartCFrame":[775.785,222.695,47.098,0.025,0,1,0,1,0,-1,0,0.025],"_humanoidState":8,"_cameraCFrame":[776.255,239.408,44.454,-0.985,-0.172,0.03,0,0.174,0.985,-0.175,0.97,-0.171],"_shiftlockState":false,"_pose":"Standing","_animationQueue":[],"_animationSpeed":1,"_zoom":15.448},{"_mousePosition":[702,299],"_rootPartCFrame":[775.524,222.697,47.051,0.046,0,0.999,0,1,0,-0.999,0,0.046],"_humanoidState":8,"_cameraCFrame":[775.979,239.41,44.408,-0.985,-0.167,0.03,0,0.174,0.985,-0.17,0.97,-0.171],"_shiftlockState":false,"_pose":"Running","_animationQueue":[["walk",0.1]],"_animationSpeed":1.066,"_zoom":15.448},{"_mousePosition":[702,299],"_rootPartCFrame":[775.261,222.698,47.004,0.063,0,0.998,0,1,0,-0.998,0,0.063],"_humanoidState":8,"_cameraCFrame":[775.717,239.411,44.361,-0.985,-0.167,0.03,0,0.174,0.985,-0.17,0.97,-0.171],"_shiftlockState":false,"_pose":"Running","_animationQueue":[],"_animationSpeed":1.066,"_zoom":15.448},{"_mousePosition":[702,299],"_rootPartCFrame":[774.998,222.699,46.959,0.078,0,0.997,0,1,0,-0.997,0,0.078],"_humanoidState":8,"_cameraCFrame":[775.434,239.412,44.312,-0.987,-0.16,0.028,0,0.174,0.985,-0.162,0.972,-0.171],"_shiftlockState":false,"_pose":"Running","_animationQueue":[["walk",0.1]],"_animationSpeed":1.066,"_zoom":15.448},{"_mousePosition":[702,299],"_rootPartCFrame":[774.735,222.699,46.914,0.09,0,0.996,0,1,0,-0.996,0,0.09],"_humanoidState":8,"_cameraCFrame":[775.124,239.413,44.259,-0.989,-0.143,0.025,0,0.174,0.985,-0.145,0.974,-0.172],"_shiftlockState":false,"_pose":"Running","_animationQueue":[],"_animationSpeed":1.066,"_zoom":15.448},{"_mousePosition":[702,299],"_rootPartCFrame":[774.472,222.699,46.87,0.1,0,0.995,0,1,0,-0.995,0,0.1],"_humanoidState":8,"_cameraCFrame":[774.807,239.413,44.209,-0.992,-0.123,0.022,0,0.174,0.985,-0.125,0.977,-0.172],"_shiftlockState":false,"_pose":"Running","_animationQueue":[],"_animationSpeed":1.066,"_zoom":15.448},{"_mousePosition":[702,299],"_rootPartCFrame":[774.209,222.7,46.831,0.107,0,0.994,0,1,0,-0.994,0,0.107],"_humanoidState":8,"_cameraCFrame":[774.462,239.413,44.161,-0.996,-0.093,0.016,0,0.174,0.985,-0.095,0.98,-0.173],"_shiftlockState":false,"_pose":"Running","_animationQueue":[],"_animationSpeed":1.066,"_zoom":15.448},{"_mousePosition":[702,299],"_rootPartCFrame":[773.944,222.7,46.797,0.109,0,0.994,0,1,0,-0.994,0,0.109],"_humanoidState":8,"_cameraCFrame":[774.198,239.413,44.127,-0.996,-0.093,0.016,0,0.174,0.985,-0.095,0.98,-0.173],"_shiftlockState":false,"_pose":"Running","_animationQueue":[],"_animationSpeed":1.066,"_zoom":15.448},{"_mousePosition":[702,299],"_rootPartCFrame":[773.679,222.7,46.772,0.108,0,0.994,0,1,0,-0.994,0,0.108],"_humanoidState":8,"_cameraCFrame":[772.169,239.413,43.947,-0.996,-0.086,0.015,0,0.174,0.985,-0.087,0.981,-0.173],"_shiftlockState":true,"_pose":"Running","_animationQueue":[],"_animationSpeed":1.066,"_zoom":15.448},{"_mousePosition":[683,384],"_rootPartCFrame":[773.347,222.7,46.74,-1,0,-0.011,0,1,0,0.011,0,-1],"_humanoidState":8,"_cameraCFrame":[771.837,239.413,43.915,-0.996,-0.086,0.015,0,0.174,0.985,-0.087,0.981,-0.173],"_shiftlockState":true,"_pose":"Running","_animationQueue":[["walk",0.1]],"_animationSpeed":1.066,"_zoom":15.448},{"_mousePosition":[683,384],"_rootPartCFrame":[773.148,222.7,46.722,-0.998,0,0.059,0,1,0,-0.059,0,-0.998],"_humanoidState":8,"_cameraCFrame":[771.631,239.413,43.901,-0.996,-0.083,0.015,0,0.174,0.985,-0.085,0.981,-0.173],"_shiftlockState":true,"_pose":"Running","_animationQueue":[],"_animationSpeed":1.066,"_zoom":15.448},{"_mousePosition":[683,384],"_rootPartCFrame":[772.882,222.7,46.699,-0.997,0,0.079,0,1,0,-0.079,0,-0.997],"_humanoidState":8,"_cameraCFrame":[771.365,239.413,43.878,-0.996,-0.083,0.015,0,0.174,0.985,-0.085,0.981,-0.173],"_shiftlockState":true,"_pose":"Running","_animationQueue":[],"_animationSpeed":1.066,"_zoom":15.448},{"_mousePosition":[683,384],"_rootPartCFrame":[772.616,223.563,46.676,-0.997,0,0.082,0,1,0,-0.082,0,-0.997],"_humanoidState":3,"_cameraCFrame":[771.1,240.276,43.855,-0.996,-0.083,0.015,0,0.174,0.985,-0.085,0.981,-0.173],"_shiftlockState":true,"_pose":"Jumping","_animationQueue":[["walk",0.1],["jump",0.1]],"_animationSpeed":1,"_zoom":15.448},{"_mousePosition":[683,384],"_rootPartCFrame":[772.351,224.371,46.653,-0.985,0,0.175,0,1,0,-0.175,0,-0.985],"_humanoidState":5,"_cameraCFrame":[770.834,241.084,43.832,-0.996,-0.083,0.015,0,0.174,0.985,-0.085,0.981,-0.173],"_shiftlockState":true,"_pose":"FreeFall","_animationQueue":[["jump",0.1]],"_animationSpeed":1,"_zoom":15.448},{"_mousePosition":[683,384],"_rootPartCFrame":[772.085,225.125,46.631,-0.977,0,0.211,0,1,0,-0.211,0,-0.977],"_humanoidState":5,"_cameraCFrame":[770.568,241.838,43.81,-0.996,-0.083,0.015,0,0.174,0.985,-0.085,0.981,-0.173],"_shiftlockState":true,"_pose":"FreeFall","_animationQueue":[],"_animationSpeed":1,"_zoom":15.448},{"_mousePosition":[683,384],"_rootPartCFrame":[771.82,225.824,46.608,-0.976,0,0.216,0,1,0,-0.216,0,-0.976],"_humanoidState":5,"_cameraCFrame":[770.303,242.538,43.787,-0.996,-0.083,0.015,0,0.174,0.985,-0.085,0.981,-0.173],"_shiftlockState":true,"_pose":"FreeFall","_animationQueue":[],"_animationSpeed":1,"_zoom":15.448},{"_mousePosition":[683,384],"_rootPartCFrame":[771.554,226.469,46.585,-0.976,0,0.216,0,1,0,-0.216,0,-0.976],"_humanoidState":5,"_cameraCFrame":[770.037,243.182,43.765,-0.996,-0.083,0.015,0,0.174,0.985,-0.085,0.981,-0.173],"_shiftlockState":true,"_pose":"FreeFall","_animationQueue":[],"_animationSpeed":1,"_zoom":15.448},{"_mousePosition":[683,384],"_rootPartCFrame":[771.288,227.06,46.563,-0.976,0,0.216,0,1,0,-0.216,0,-0.976],"_humanoidState":5,"_cameraCFrame":[769.771,243.773,43.742,-0.996,-0.083,0.015,0,0.174,0.985,-0.085,0.981,-0.173],"_shiftlockState":true,"_pose":"FreeFall","_animationQueue":[],"_animationSpeed":1,"_zoom":15.448},{"_mousePosition":[683,384],"_rootPartCFrame":[771.023,227.595,46.54,-0.976,0,0.216,0,1,0,-0.216,0,-0.976],"_humanoidState":5,"_cameraCFrame":[769.506,244.309,43.719,-0.996,-0.083,0.015,0,0.174,0.985,-0.085,0.981,-0.173],"_shiftlockState":true,"_pose":"FreeFall","_animationQueue":[],"_animationSpeed":1,"_zoom":15.448},{"_mousePosition":[683,384],"_rootPartCFrame":[770.691,228.189,46.512,-0.969,0,0.249,0,1,0,-0.249,0,-0.969],"_humanoidState":5,"_cameraCFrame":[769.174,244.902,43.691,-0.996,-0.083,0.015,0,0.174,0.985,-0.085,0.981,-0.173],"_shiftlockState":true,"_pose":"FreeFall","_animationQueue":[],"_animationSpeed":1,"_zoom":15.448},{"_mousePosition":[683,384],"_rootPartCFrame":[770.491,228.504,46.495,-0.983,0,0.184,0,1,0,-0.184,0,-0.983],"_humanoidState":5,"_cameraCFrame":[768.975,245.217,43.674,-0.996,-0.083,0.015,0,0.174,0.985,-0.085,0.981,-0.173],"_shiftlockState":true,"_pose":"FreeFall","_animationQueue":[],"_animationSpeed":1,"_zoom":15.448},{"_mousePosition":[683,384],"_rootPartCFrame":[770.159,228.961,46.467,-0.969,0,0.249,0,1,0,-0.249,0,-0.969],"_humanoidState":5,"_cameraCFrame":[768.638,245.384,43.697,-0.996,-0.083,0.015,0,0.174,0.985,-0.085,0.981,-0.173],"_shiftlockState":true,"_pose":"FreeFall","_animationQueue":[],"_animationSpeed":1,"_zoom":11.958},{"_mousePosition":[683,384],"_rootPartCFrame":[769.894,229.265,46.445,-0.976,0,0.216,0,1,0,-0.216,0,-0.976],"_humanoidState":5,"_cameraCFrame":[768.365,245.19,43.762,-0.996,-0.083,0.015,0,0.174,0.985,-0.085,0.981,-0.173],"_shiftlockState":true,"_pose":"FreeFall","_animationQueue":[],"_animationSpeed":1,"_zoom":11.958},{"_mousePosition":[683,384],"_rootPartCFrame":[769.695,229.457,46.428,-0.983,0,0.184,0,1,0,-0.184,0,-0.983],"_humanoidState":5,"_cameraCFrame":[768.157,244.785,43.85,-0.996,-0.083,0.015,0,0.174,0.985,-0.085,0.981,-0.173],"_shiftlockState":true,"_pose":"FreeFall","_animationQueue":[],"_animationSpeed":1,"_zoom":11.958},{"_mousePosition":[683,384],"_rootPartCFrame":[769.429,229.666,46.405,-0.976,0,0.216,0,1,0,-0.216,0,-0.976],"_humanoidState":5,"_cameraCFrame":[767.889,244.441,43.921,-0.996,-0.086,0.015,0,0.174,0.985,-0.087,0.981,-0.173],"_shiftlockState":true,"_pose":"FreeFall","_animationQueue":[],"_animationSpeed":1,"_zoom":11.958},{"_mousePosition":[683,384],"_rootPartCFrame":[769.097,229.851,46.377,-0.968,0,0.251,0,1,0,-0.251,0,-0.968],"_humanoidState":5,"_cameraCFrame":[767.557,244.229,43.958,-0.996,-0.088,0.016,0,0.174,0.985,-0.09,0.981,-0.173],"_shiftlockState":true,"_pose":"FreeFall","_animationQueue":[],"_animationSpeed":1,"_zoom":11.958},{"_mousePosition":[683,384],"_rootPartCFrame":[768.898,229.921,46.36,-0.982,0,0.189,0,1,0,-0.189,0,-0.982],"_humanoidState":5,"_cameraCFrame":[767.353,243.993,43.995,-0.996,-0.088,0.016,0,0.174,0.985,-0.09,0.981,-0.173],"_shiftlockState":true,"_pose":"FreeFall","_animationQueue":[],"_animationSpeed":1,"_zoom":11.958},{"_mousePosition":[683,384],"_rootPartCFrame":[768.632,229.966,46.336,-0.975,0,0.221,0,1,0,-0.221,0,-0.975],"_humanoidState":5,"_cameraCFrame":[767.084,243.797,44.013,-0.996,-0.088,0.016,0,0.174,0.985,-0.09,0.981,-0.173],"_shiftlockState":true,"_pose":"FreeFall","_animationQueue":[],"_animationSpeed":1,"_zoom":11.958},{"_mousePosition":[683,384],"_rootPartCFrame":[768.366,229.957,46.312,-0.975,0,0.221,0,1,0,-0.221,0,-0.975],"_humanoidState":5,"_cameraCFrame":[766.822,243.624,44.014,-0.996,-0.091,0.016,0,0.174,0.985,-0.092,0.981,-0.173],"_shiftlockState":true,"_pose":"FreeFall","_animationQueue":[],"_animationSpeed":1,"_zoom":11.958},{"_mousePosition":[683,384],"_rootPartCFrame":[768.101,229.893,46.288,-0.975,0,0.224,0,1,0,-0.224,0,-0.975],"_humanoidState":5,"_cameraCFrame":[766.565,243.436,44.005,-0.995,-0.096,0.017,0,0.174,0.985,-0.097,0.98,-0.173],"_shiftlockState":true,"_pose":"FreeFall","_animationQueue":[["fall",0.3]],"_animationSpeed":1,"_zoom":11.958},{"_mousePosition":[683,384],"_rootPartCFrame":[767.835,229.775,46.264,-0.974,0,0.229,0,1,0,-0.229,0,-0.974],"_humanoidState":5,"_cameraCFrame":[766.321,243.227,43.981,-0.994,-0.106,0.019,0,0.174,0.985,-0.107,0.979,-0.173],"_shiftlockState":true,"_pose":"FreeFall","_animationQueue":[],"_animationSpeed":1,"_zoom":11.958},{"_mousePosition":[683,384],"_rootPartCFrame":[767.503,229.551,46.231,-0.963,0,0.271,0,1,0,-0.271,0,-0.963],"_humanoidState":5,"_cameraCFrame":[766.006,242.951,43.946,-0.993,-0.113,0.02,0,0.174,0.985,-0.115,0.978,-0.173],"_shiftlockState":true,"_pose":"FreeFall","_animationQueue":[],"_animationSpeed":1,"_zoom":11.958},{"_mousePosition":[683,384],"_rootPartCFrame":[767.305,229.375,46.21,-0.977,0,0.213,0,1,0,-0.213,0,-0.977],"_humanoidState":5,"_cameraCFrame":[765.841,242.734,43.91,-0.992,-0.128,0.023,0,0.174,0.985,-0.13,0.976,-0.172],"_shiftlockState":true,"_pose":"FreeFall","_animationQueue":[],"_animationSpeed":1,"_zoom":11.958},{"_mousePosition":[683,384],"_rootPartCFrame":[767.04,229.094,46.18,-0.965,0,0.26,0,1,0,-0.26,0,-0.965],"_humanoidState":5,"_cameraCFrame":[765.616,242.425,43.859,-0.989,-0.145,0.026,0,0.174,0.985,-0.147,0.974,-0.172],"_shiftlockState":true,"_pose":"FreeFall","_animationQueue":[],"_animationSpeed":1,"_zoom":11.958},{"_mousePosition":[683,384],"_rootPartCFrame":[766.775,228.758,46.146,-0.961,0,0.278,0,1,0,-0.278,0,-0.961],"_humanoidState":5,"_cameraCFrame":[765.405,242.071,43.796,-0.985,-0.167,0.03,0,0.174,0.985,-0.17,0.97,-0.171],"_shiftlockState":true,"_pose":"FreeFall","_animationQueue":[],"_animationSpeed":1,"_zoom":11.958},{"_mousePosition":[683,384],"_rootPartCFrame":[766.511,228.367,46.107,-0.954,0,0.299,0,1,0,-0.299,0,-0.954],"_humanoidState":5,"_cameraCFrame":[765.182,241.668,43.735,-0.982,-0.184,0.033,0,0.174,0.985,-0.187,0.967,-0.171],"_shiftlockState":true,"_pose":"FreeFall","_animationQueue":[],"_animationSpeed":1,"_zoom":11.958},{"_mousePosition":[683,384],"_rootPartCFrame":[766.248,227.922,46.063,-0.949,0,0.316,0,1,0,-0.316,0,-0.949],"_humanoidState":5,"_cameraCFrame":[764.943,241.215,43.679,-0.98,-0.194,0.034,0,0.174,0.985,-0.197,0.965,-0.17],"_shiftlockState":true,"_pose":"FreeFall","_animationQueue":[["fall",0.3]],"_animationSpeed":1,"_zoom":11.958},{"_mousePosition":[683,384],"_rootPartCFrame":[765.986,227.422,46.014,-0.945,0,0.326,0,1,0,-0.326,0,-0.945],"_humanoidState":5,"_cameraCFrame":[764.68,240.501,43.664,-0.98,-0.197,0.035,0,0.174,0.985,-0.2,0.965,-0.17],"_shiftlockState":true,"_pose":"FreeFall","_animationQueue":[],"_animationSpeed":1,"_zoom":9.167},{"_mousePosition":[683,384],"_rootPartCFrame":[765.725,226.868,45.961,-0.945,0,0.328,0,1,0,-0.328,0,-0.945],"_humanoidState":5,"_cameraCFrame":[764.402,239.493,43.69,-0.98,-0.197,0.035,0,0.174,0.985,-0.2,0.965,-0.17],"_shiftlockState":true,"_pose":"FreeFall","_animationQueue":[],"_animationSpeed":1,"_zoom":9.167},{"_mousePosition":[683,384],"_rootPartCFrame":[765.464,226.26,45.908,-0.945,0,0.328,0,1,0,-0.328,0,-0.945],"_humanoidState":5,"_cameraCFrame":[764.124,238.406,43.719,-0.98,-0.197,0.035,0,0.174,0.985,-0.2,0.965,-0.17],"_shiftlockState":true,"_pose":"FreeFall","_animationQueue":[],"_animationSpeed":1,"_zoom":9.167},{"_mousePosition":[683,384],"_rootPartCFrame":[765.202,225.597,45.855,-0.945,0,0.328,0,1,0,-0.328,0,-0.945],"_humanoidState":5,"_cameraCFrame":[763.849,237.346,43.735,-0.98,-0.197,0.035,0,0.174,0.985,-0.2,0.965,-0.17],"_shiftlockState":true,"_pose":"FreeFall","_animationQueue":[],"_animationSpeed":1,"_zoom":9.167},{"_mousePosition":[683,384],"_rootPartCFrame":[764.941,224.879,45.802,-0.945,0,0.328,0,1,0,-0.328,0,-0.945],"_humanoidState":5,"_cameraCFrame":[763.58,236.271,43.74,-0.979,-0.199,0.035,0,0.174,0.985,-0.202,0.964,-0.17],"_shiftlockState":true,"_pose":"FreeFall","_animationQueue":[],"_animationSpeed":1,"_zoom":9.167},{"_mousePosition":[683,384],"_rootPartCFrame":[764.615,223.905,45.735,-0.932,0,0.362,0,1,0,-0.362,0,-0.932],"_humanoidState":5,"_cameraCFrame":[763.25,235.057,43.711,-0.979,-0.202,0.036,0,0.174,0.985,-0.205,0.964,-0.17],"_shiftlockState":true,"_pose":"FreeFall","_animationQueue":[["fall",0.3]],"_animationSpeed":1,"_zoom":9.167},{"_mousePosition":[683,384],"_rootPartCFrame":[764.353,223.065,45.681,-0.971,0,0.238,0,1,0,-0.238,0,-0.971],"_humanoidState":7,"_cameraCFrame":[762.982,234.037,43.688,-0.979,-0.202,0.036,0,0.174,0.985,-0.205,0.964,-0.17],"_shiftlockState":true,"_pose":"FreeFall","_animationQueue":[["walk",0.1],["fall",0.3],["fall",0.3]],"_animationSpeed":1,"_zoom":9.167},{"_mousePosition":[683,384],"_rootPartCFrame":[764.092,222.909,45.627,-0.978,0,0.206,0,1,0,-0.206,0,-0.978],"_humanoidState":7,"_cameraCFrame":[762.716,233.742,43.658,-0.979,-0.202,0.036,0,0.174,0.985,-0.205,0.964,-0.17],"_shiftlockState":true,"_pose":"FreeFall","_animationQueue":[],"_animationSpeed":1,"_zoom":9.167},{"_mousePosition":[683,384],"_rootPartCFrame":[763.897,222.981,45.586,-0.979,0,0.205,0,1,0,-0.205,0,-0.979],"_humanoidState":7,"_cameraCFrame":[762.512,233.717,43.637,-0.979,-0.199,0.035,0,0.174,0.985,-0.202,0.964,-0.17],"_shiftlockState":true,"_pose":"FreeFall","_animationQueue":[],"_animationSpeed":1,"_zoom":9.167},{"_mousePosition":[683,384],"_rootPartCFrame":[763.57,223.09,45.518,-0.979,0,0.202,0,1,0,-0.202,0,-0.979],"_humanoidState":8,"_cameraCFrame":[762.159,233.761,43.598,-0.982,-0.187,0.033,0,0.174,0.985,-0.19,0.967,-0.17],"_shiftlockState":true,"_pose":"Running","_animationQueue":[["walk",0.1],["fall",0.3],["walk",0.1]],"_animationSpeed":1.103,"_zoom":9.167},{"_mousePosition":[683,384],"_rootPartCFrame":[763.31,223.963,45.463,-0.982,0,0.19,0,1,0,-0.19,0,-0.982],"_humanoidState":3,"_cameraCFrame":[761.868,234.587,43.573,-0.985,-0.172,0.03,0,0.174,0.985,-0.175,0.97,-0.171],"_shiftlockState":true,"_pose":"Jumping","_animationQueue":[["walk",0.1],["jump",0.1]],"_animationSpeed":1,"_zoom":9.167},{"_mousePosition":[683,384],"_rootPartCFrame":[763.048,224.785,45.412,-0.964,0,0.265,0,1,0,-0.265,0,-0.964],"_humanoidState":5,"_cameraCFrame":[761.572,235.377,43.553,-0.988,-0.155,0.027,0,0.174,0.985,-0.157,0.973,-0.171],"_shiftlockState":true,"_pose":"FreeFall","_animationQueue":[["jump",0.1]],"_animationSpeed":1,"_zoom":9.167},{"_mousePosition":[683,384],"_rootPartCFrame":[762.72,225.736,45.353,-0.949,0,0.314,0,1,0,-0.314,0,-0.949],"_humanoidState":5,"_cameraCFrame":[761.206,236.307,43.528,-0.991,-0.135,0.024,0,0.174,0.985,-0.137,0.975,-0.172],"_shiftlockState":true,"_pose":"FreeFall","_animationQueue":[],"_animationSpeed":1,"_zoom":9.167},{"_mousePosition":[683,384],"_rootPartCFrame":[762.523,226.266,45.321,-0.972,0,0.235,0,1,0,-0.235,0,-0.972],"_humanoidState":5,"_cameraCFrame":[760.977,236.822,43.526,-0.993,-0.118,0.021,0,0.174,0.985,-0.12,0.978,-0.172],"_shiftlockState":true,"_pose":"FreeFall","_animationQueue":[],"_animationSpeed":1,"_zoom":9.167},{"_mousePosition":[683,384],"_rootPartCFrame":[762.258,226.924,45.283,-0.968,0,0.251,0,1,0,-0.251,0,-0.968],"_humanoidState":5,"_cameraCFrame":[760.69,237.471,43.51,-0.994,-0.106,0.019,0,0.174,0.985,-0.107,0.979,-0.173],"_shiftlockState":true,"_pose":"FreeFall","_animationQueue":[],"_animationSpeed":1,"_zoom":9.167},{"_mousePosition":[683,384],"_rootPartCFrame":[761.994,227.528,45.251,-0.971,0,0.238,0,1,0,-0.238,0,-0.971],"_humanoidState":5,"_cameraCFrame":[760.412,238.069,43.49,-0.995,-0.098,0.017,0,0.174,0.985,-0.1,0.98,-0.173],"_shiftlockState":true,"_pose":"FreeFall","_animationQueue":[],"_animationSpeed":1,"_zoom":9.167},{"_mousePosition":[683,384],"_rootPartCFrame":[761.729,228.078,45.222,-0.973,0,0.231,0,1,0,-0.231,0,-0.973],"_humanoidState":5,"_cameraCFrame":[760.142,238.614,43.466,-0.995,-0.096,0.017,0,0.174,0.985,-0.097,0.98,-0.173],"_shiftlockState":true,"_pose":"FreeFall","_animationQueue":[],"_animationSpeed":1,"_zoom":9.167},{"_mousePosition":[683,384],"_rootPartCFrame":[761.464,228.573,45.195,-0.974,0,0.229,0,1,0,-0.229,0,-0.974],"_humanoidState":5,"_cameraCFrame":[759.877,239.106,43.439,-0.995,-0.096,0.017,0,0.174,0.985,-0.097,0.98,-0.173],"_shiftlockState":true,"_pose":"FreeFall","_animationQueue":[],"_animationSpeed":1,"_zoom":9.167},{"_mousePosition":[683,384],"_rootPartCFrame":[761.198,229.013,45.169,-0.974,0,0.229,0,1,0,-0.229,0,-0.974],"_humanoidState":5,"_cameraCFrame":[759.616,239.544,43.41,-0.995,-0.098,0.017,0,0.174,0.985,-0.1,0.98,-0.173],"_shiftlockState":true,"_pose":"FreeFall","_animationQueue":[],"_animationSpeed":1,"_zoom":9.167},{"_mousePosition":[683,384],"_rootPartCFrame":[760.933,229.399,45.143,-0.973,0,0.231,0,1,0,-0.231,0,-0.973],"_humanoidState":5,"_cameraCFrame":[759.359,239.929,43.376,-0.995,-0.103,0.018,0,0.174,0.985,-0.105,0.979,-0.173],"_shiftlockState":true,"_pose":"FreeFall","_animationQueue":[],"_animationSpeed":1,"_zoom":9.167},{"_mousePosition":[683,384],"_rootPartCFrame":[760.601,229.805,45.11,-0.963,0,0.268,0,1,0,-0.268,0,-0.963],"_humanoidState":5,"_cameraCFrame":[759.036,240.334,43.335,-0.994,-0.108,0.019,0,0.174,0.985,-0.11,0.979,-0.173],"_shiftlockState":true,"_pose":"FreeFall","_animationQueue":[],"_animationSpeed":1,"_zoom":9.167},{"_mousePosition":[683,384],"_rootPartCFrame":[760.336,230.069,45.082,-0.971,0,0.241,0,1,0,-0.241,0,-0.971],"_humanoidState":5,"_cameraCFrame":[758.789,240.597,43.292,-0.993,-0.118,0.021,0,0.174,0.985,-0.12,0.978,-0.172],"_shiftlockState":true,"_pose":"FreeFall","_animationQueue":[],"_animationSpeed":1,"_zoom":9.167},{"_mousePosition":[683,384],"_rootPartCFrame":[760.071,230.278,45.053,-0.968,0,0.251,0,1,0,-0.251,0,-0.968],"_humanoidState":5,"_cameraCFrame":[758.542,240.806,43.247,-0.992,-0.128,0.023,0,0.174,0.985,-0.13,0.976,-0.172],"_shiftlockState":true,"_pose":"FreeFall","_animationQueue":[],"_animationSpeed":1,"_zoom":9.167},{"_mousePosition":[683,384],"_rootPartCFrame":[759.806,230.432,45.021,-0.965,0,0.26,0,1,0,-0.26,0,-0.965],"_humanoidState":5,"_cameraCFrame":[758.305,240.96,43.193,-0.989,-0.143,0.025,0,0.174,0.985,-0.145,0.974,-0.172],"_shiftlockState":true,"_pose":"FreeFall","_animationQueue":[],"_animationSpeed":1,"_zoom":9.167},{"_mousePosition":[683,384],"_rootPartCFrame":[759.608,230.512,44.996,-0.97,0,0.243,0,1,0,-0.243,0,-0.97],"_humanoidState":5,"_cameraCFrame":[758.135,241.04,43.145,-0.987,-0.157,0.028,0,0.174,0.985,-0.16,0.972,-0.171],"_shiftlockState":true,"_pose":"FreeFall","_animationQueue":[],"_animationSpeed":1,"_zoom":9.167},{"_mousePosition":[683,384],"_rootPartCFrame":[759.344,230.571,44.958,-0.957,0,0.29,0,1,0,-0.29,0,-0.957],"_humanoidState":5,"_cameraCFrame":[757.89,241.099,43.092,-0.985,-0.167,0.03,0,0.174,0.985,-0.17,0.97,-0.171],"_shiftlockState":true,"_pose":"FreeFall","_animationQueue":[],"_animationSpeed":1,"_zoom":9.167},{"_mousePosition":[683,384],"_rootPartCFrame":[759.015,230.568,44.905,-0.944,0,0.331,0,1,0,-0.331,0,-0.944],"_humanoidState":5,"_cameraCFrame":[757.584,241.096,43.021,-0.983,-0.18,0.032,0,0.174,0.985,-0.182,0.968,-0.171],"_shiftlockState":true,"_pose":"FreeFall","_animationQueue":[["fall",0.3]],"_animationSpeed":1,"_zoom":9.167},{"_mousePosition":[683,384],"_rootPartCFrame":[758.832,230.526,44.875,-0.976,0,0.219,0,1,0,-0.219,0,-0.976],"_humanoidState":5,"_cameraCFrame":[757.421,241.053,42.977,-0.981,-0.189,0.033,0,0.174,0.985,-0.192,0.966,-0.17],"_shiftlockState":true,"_pose":"FreeFall","_animationQueue":[],"_animationSpeed":1,"_zoom":9.167},{"_mousePosition":[683,384],"_rootPartCFrame":[758.622,230.421,44.842,-0.98,0,0.2,0,1,0,-0.2,0,-0.98],"_humanoidState":5,"_cameraCFrame":[757.231,240.949,42.929,-0.979,-0.199,0.035,0,0.174,0.985,-0.202,0.964,-0.17],"_shiftlockState":true,"_pose":"FreeFall","_animationQueue":[],"_animationSpeed":1,"_zoom":9.167},{"_mousePosition":[683,384],"_rootPartCFrame":[758.452,230.262,44.814,-0.979,0,0.203,0,1,0,-0.203,0,-0.979],"_humanoidState":5,"_cameraCFrame":[757.09,240.79,42.88,-0.976,-0.214,0.038,0,0.174,0.985,-0.217,0.961,-0.17],"_shiftlockState":true,"_pose":"FreeFall","_animationQueue":[],"_animationSpeed":1,"_zoom":9.167},{"_mousePosition":[683,384],"_rootPartCFrame":[758.295,229.987,44.788,-0.976,0,0.217,0,1,0,-0.217,0,-0.976],"_humanoidState":5,"_cameraCFrame":[756.967,240.514,42.831,-0.972,-0.231,0.041,0,0.174,0.985,-0.234,0.957,-0.169],"_shiftlockState":true,"_pose":"FreeFall","_animationQueue":[],"_animationSpeed":1,"_zoom":9.167},{"_mousePosition":[683,384],"_rootPartCFrame":[758.23,229.781,44.778,-0.972,0,0.234,0,1,0,-0.234,0,-0.972],"_humanoidState":5,"_cameraCFrame":[756.951,240.308,42.787,-0.966,-0.255,0.045,0,0.174,0.985,-0.259,0.951,-0.168],"_shiftlockState":true,"_pose":"FreeFall","_animationQueue":[],"_animationSpeed":1,"_zoom":9.167},{"_mousePosition":[683,384],"_rootPartCFrame":[758.098,229.369,44.753,-0.927,0,0.376,0,1,0,-0.376,0,-0.927],"_humanoidState":5,"_cameraCFrame":[756.885,239.897,42.721,-0.957,-0.286,0.05,0,0.174,0.985,-0.29,0.942,-0.166],"_shiftlockState":true,"_pose":"FreeFall","_animationQueue":[["fall",0.3]],"_animationSpeed":1,"_zoom":9.167},{"_mousePosition":[683,384],"_rootPartCFrame":[757.99,229.081,44.729,-0.924,0,0.382,0,1,0,-0.382,0,-0.924],"_humanoidState":5,"_cameraCFrame":[756.866,239.609,42.647,-0.944,-0.326,0.058,0,0.174,0.985,-0.331,0.929,-0.164],"_shiftlockState":true,"_pose":"FreeFall","_animationQueue":[],"_animationSpeed":1,"_zoom":9.167},{"_mousePosition":[683,384],"_rootPartCFrame":[757.814,228.65,44.684,-0.891,0,0.453,0,1,0,-0.453,0,-0.891],"_humanoidState":5,"_cameraCFrame":[756.786,239.177,42.553,-0.927,-0.368,0.065,0,0.174,0.985,-0.374,0.913,-0.161],"_shiftlockState":true,"_pose":"FreeFall","_animationQueue":[],"_animationSpeed":1,"_zoom":9.167},{"_mousePosition":[683,384],"_rootPartCFrame":[757.603,228.164,44.621,-0.87,0,0.494,0,1,0,-0.494,0,-0.87],"_humanoidState":5,"_cameraCFrame":[756.673,238.691,42.446,-0.909,-0.41,0.072,0,0.174,0.985,-0.416,0.896,-0.158],"_shiftlockState":true,"_pose":"FreeFall","_animationQueue":[],"_animationSpeed":1,"_zoom":9.167},{"_mousePosition":[683,384],"_rootPartCFrame":[757.364,227.623,44.532,-0.846,0,0.533,0,1,0,-0.533,0,-0.846],"_humanoidState":5,"_cameraCFrame":[756.512,238.151,42.325,-0.894,-0.441,0.078,0,0.174,0.985,-0.448,0.881,-0.155],"_shiftlockState":true,"_pose":"FreeFall","_animationQueue":[],"_animationSpeed":1,"_zoom":9.167},{"_mousePosition":[683,384],"_rootPartCFrame":[757.121,227.028,44.423,-0.827,0,0.563,0,1,0,-0.563,0,-0.827],"_humanoidState":5,"_cameraCFrame":[756.342,237.556,42.189,-0.879,-0.47,0.083,0,0.174,0.985,-0.477,0.866,-0.153],"_shiftlockState":true,"_pose":"FreeFall","_animationQueue":[],"_animationSpeed":1,"_zoom":9.167},{"_mousePosition":[683,384],"_rootPartCFrame":[756.882,226.379,44.305,-0.808,0,0.59,0,1,0,-0.59,0,-0.808],"_humanoidState":5,"_cameraCFrame":[756.171,236.906,42.048,-0.864,-0.496,0.087,0,0.174,0.985,-0.503,0.851,-0.15],"_shiftlockState":true,"_pose":"FreeFall","_animationQueue":[],"_animationSpeed":1,"_zoom":9.167},{"_mousePosition":[683,384],"_rootPartCFrame":[756.589,225.49,44.147,-0.769,0,0.64,0,1,0,-0.64,0,-0.769],"_humanoidState":5,"_cameraCFrame":[755.952,236.018,41.868,-0.847,-0.523,0.092,0,0.174,0.985,-0.532,0.834,-0.147],"_shiftlockState":true,"_pose":"FreeFall","_animationQueue":[["fall",0.3]],"_animationSpeed":1,"_zoom":9.167},{"_mousePosition":[683,384],"_rootPartCFrame":[756.415,224.916,44.047,-0.79,0,0.613,0,1,0,-0.613,0,-0.79],"_humanoidState":5,"_cameraCFrame":[755.86,235.444,41.748,-0.828,-0.553,0.097,0,0.174,0.985,-0.561,0.815,-0.144],"_shiftlockState":true,"_pose":"FreeFall","_animationQueue":[],"_animationSpeed":1,"_zoom":9.167},{"_mousePosition":[683,384],"_rootPartCFrame":[756.189,224.103,43.907,-0.746,0,0.666,0,1,0,-0.666,0,-0.746],"_humanoidState":5,"_cameraCFrame":[755.716,234.631,41.589,-0.807,-0.581,0.102,0,0.174,0.985,-0.59,0.795,-0.14],"_shiftlockState":true,"_pose":"FreeFall","_animationQueue":[],"_animationSpeed":1,"_zoom":9.167},{"_mousePosition":[683,384],"_rootPartCFrame":[756.091,223.236,43.761,-0.782,0,0.623,0,1,0,-0.623,0,-0.782],"_humanoidState":7,"_cameraCFrame":[755.73,233.763,41.423,-0.778,-0.619,0.109,0,0.174,0.985,-0.628,0.766,-0.135],"_shiftlockState":true,"_pose":"FreeFall","_animationQueue":[["walk",0.1],["fall",0.3],["fall",0.3]],"_animationSpeed":1,"_zoom":9.167},{"_mousePosition":[683,384],"_rootPartCFrame":[756.118,222.847,43.605,-0.775,0,0.632,0,1,0,-0.632,0,-0.775],"_humanoidState":7,"_cameraCFrame":[755.792,233.374,41.262,-0.768,-0.63,0.111,0,0.174,0.985,-0.64,0.757,-0.133],"_shiftlockState":true,"_pose":"FreeFall","_animationQueue":[],"_animationSpeed":1,"_zoom":9.167},{"_mousePosition":[683,384],"_rootPartCFrame":[756.17,222.987,43.397,-0.768,0,0.64,0,1,0,-0.64,0,-0.768],"_humanoidState":8,"_cameraCFrame":[755.85,233.515,41.053,-0.767,-0.632,0.111,0,0.174,0.985,-0.642,0.755,-0.133],"_shiftlockState":true,"_pose":"Running","_animationQueue":[["walk",0.1],["fall",0.3],["walk",0.1]],"_animationSpeed":1.107,"_zoom":9.167},{"_mousePosition":[683,384],"_rootPartCFrame":[756.215,223.081,43.227,-0.767,0,0.642,0,1,0,-0.642,0,-0.767],"_humanoidState":8,"_cameraCFrame":[755.871,233.608,40.886,-0.773,-0.625,0.11,0,0.174,0.985,-0.634,0.761,-0.134],"_shiftlockState":true,"_pose":"Running","_animationQueue":[],"_animationSpeed":1.107,"_zoom":9.167},{"_mousePosition":[683,384],"_rootPartCFrame":[756.26,223.954,43.056,-0.773,0,0.634,0,1,0,-0.634,0,-0.773],"_humanoidState":3,"_cameraCFrame":[755.852,234.481,40.726,-0.791,-0.603,0.106,0,0.174,0.985,-0.612,0.778,-0.137],"_shiftlockState":true,"_pose":"Jumping","_animationQueue":[["walk",0.1],["walk",0.1],["jump",0.1]],"_animationSpeed":1,"_zoom":9.167},{"_mousePosition":[683,384],"_rootPartCFrame":[756.279,224.576,42.928,-0.751,0,0.661,0,1,0,-0.661,0,-0.751],"_humanoidState":5,"_cameraCFrame":[755.771,235.103,40.618,-0.816,-0.569,0.1,0,0.174,0.985,-0.578,0.804,-0.142],"_shiftlockState":true,"_pose":"FreeFall","_animationQueue":[["jump",0.1]],"_animationSpeed":1,"_zoom":9.167},{"_mousePosition":[683,384],"_rootPartCFrame":[756.261,225.544,42.716,-0.715,0,0.699,0,1,0,-0.699,0,-0.715],"_humanoidState":5,"_cameraCFrame":[755.625,236.071,40.438,-0.847,-0.523,0.092,0,0.174,0.985,-0.532,0.834,-0.147],"_shiftlockState":true,"_pose":"FreeFall","_animationQueue":[],"_animationSpeed":1,"_zoom":9.167},{"_mousePosition":[683,384],"_rootPartCFrame":[756.22,226.083,42.591,-0.79,0,0.613,0,1,0,-0.613,0,-0.79],"_humanoidState":5,"_cameraCFrame":[755.43,236.611,40.361,-0.881,-0.465,0.082,0,0.174,0.985,-0.473,0.868,-0.153],"_shiftlockState":true,"_pose":"FreeFall","_animationQueue":[],"_animationSpeed":1,"_zoom":9.167},{"_mousePosition":[683,384],"_rootPartCFrame":[756.132,226.756,42.428,-0.811,0,0.585,0,1,0,-0.585,0,-0.811],"_humanoidState":5,"_cameraCFrame":[755.175,237.283,40.265,-0.915,-0.398,0.07,0,0.174,0.985,-0.404,0.901,-0.159],"_shiftlockState":true,"_pose":"FreeFall","_animationQueue":[],"_animationSpeed":1,"_zoom":9.167},{"_mousePosition":[683,384],"_rootPartCFrame":[756.004,227.373,42.274,-0.853,0,0.522,0,1,0,-0.522,0,-0.853],"_humanoidState":5,"_cameraCFrame":[754.896,237.901,40.184,-0.941,-0.333,0.059,0,0.174,0.985,-0.339,0.927,-0.163],"_shiftlockState":true,"_pose":"FreeFall","_animationQueue":[],"_animationSpeed":1,"_zoom":9.167},{"_mousePosition":[683,384],"_rootPartCFrame":[755.84,227.936,42.133,-0.888,0,0.461,0,1,0,-0.461,0,-0.888],"_humanoidState":5,"_cameraCFrame":[754.612,238.464,40.111,-0.959,-0.279,0.049,0,0.174,0.985,-0.283,0.944,-0.167],"_shiftlockState":true,"_pose":"FreeFall","_animationQueue":[],"_animationSpeed":1,"_zoom":9.167},{"_mousePosition":[683,384],"_rootPartCFrame":[755.64,228.445,42.011,-0.913,0,0.408,0,1,0,-0.408,0,-0.913],"_humanoidState":5,"_cameraCFrame":[754.312,238.972,40.053,-0.972,-0.231,0.041,0,0.174,0.985,-0.234,0.957,-0.169],"_shiftlockState":true,"_pose":"FreeFall","_animationQueue":[],"_animationSpeed":1,"_zoom":9.167},{"_mousePosition":[683,384],"_rootPartCFrame":[755.409,228.899,41.913,-0.932,0,0.361,0,1,0,-0.361,0,-0.932],"_humanoidState":5,"_cameraCFrame":[753.951,239.427,40.051,-0.986,-0.165,0.029,0,0.174,0.985,-0.167,0.971,-0.171],"_shiftlockState":true,"_pose":"FreeFall","_animationQueue":[],"_animationSpeed":1,"_zoom":9.167},{"_mousePosition":[683,384],"_rootPartCFrame":[755.155,229.299,41.843,-0.955,0,0.297,0,1,0,-0.297,0,-0.955],"_humanoidState":5,"_cameraCFrame":[753.613,239.826,40.049,-0.992,-0.12,0.021,0,0.174,0.985,-0.122,0.977,-0.172],"_shiftlockState":true,"_pose":"FreeFall","_animationQueue":[],"_animationSpeed":1,"_zoom":9.167},{"_mousePosition":[683,384],"_rootPartCFrame":[754.828,229.722,41.783,-0.958,0,0.285,0,1,0,-0.285,0,-0.958],"_humanoidState":5,"_cameraCFrame":[753.197,240.249,40.07,-0.997,-0.071,0.012,0,0.174,0.985,-0.072,0.982,-0.173],"_shiftlockState":true,"_pose":"FreeFall","_animationQueue":[],"_animationSpeed":1,"_zoom":9.167},{"_mousePosition":[683,384],"_rootPartCFrame":[754.563,229.999,41.749,-0.979,0,0.204,0,1,0,-0.204,0,-0.979],"_humanoidState":5,"_cameraCFrame":[752.844,240.526,40.124,-1,-0.019,0.003,0,0.174,0.985,-0.019,0.985,-0.174],"_shiftlockState":true,"_pose":"FreeFall","_animationQueue":[],"_animationSpeed":1,"_zoom":9.167},{"_mousePosition":[683,384],"_rootPartCFrame":[754.364,230.171,41.733,-0.993,0,0.119,0,1,0,-0.119,0,-0.993],"_humanoidState":5,"_cameraCFrame":[752.557,240.698,40.206,-0.999,0.036,-0.006,0,0.174,0.985,0.037,0.984,-0.174],"_shiftlockState":true,"_pose":"FreeFall","_animationQueue":[],"_animationSpeed":1,"_zoom":9.167},{"_mousePosition":[683,384],"_rootPartCFrame":[754.097,230.352,41.725,-0.995,0,0.096,0,1,0,-0.096,0,-0.995],"_humanoidState":5,"_cameraCFrame":[752.211,240.88,40.297,-0.996,0.088,-0.016,0,0.174,0.985,0.09,0.981,-0.173],"_shiftlockState":true,"_pose":"FreeFall","_animationQueue":[],"_animationSpeed":1,"_zoom":9.167},{"_mousePosition":[683,384],"_rootPartCFrame":[753.764,230.503,41.735,-0.997,0,0.077,0,1,0,-0.077,0,-0.997],"_humanoidState":5,"_cameraCFrame":[751.812,241.03,40.4,-0.99,0.135,-0.024,0,0.174,0.985,0.138,0.975,-0.172],"_shiftlockState":true,"_pose":"FreeFall","_animationQueue":[],"_animationSpeed":1,"_zoom":9.167},{"_mousePosition":[683,384],"_rootPartCFrame":[753.565,230.552,41.751,-0.999,0,-0.038,0,1,0,0.038,0,-0.999],"_humanoidState":5,"_cameraCFrame":[751.547,241.08,40.516,-0.982,0.185,-0.033,0,0.174,0.985,0.188,0.967,-0.171],"_shiftlockState":true,"_pose":"FreeFall","_animationQueue":[],"_animationSpeed":1,"_zoom":9.167},{"_mousePosition":[683,384],"_rootPartCFrame":[753.3,230.57,41.786,-0.998,0,-0.055,0,1,0,0.055,0,-0.998],"_humanoidState":5,"_cameraCFrame":[751.226,241.098,40.649,-0.972,0.231,-0.041,0,0.174,0.985,0.235,0.957,-0.169],"_shiftlockState":true,"_pose":"FreeFall","_animationQueue":[],"_animationSpeed":1,"_zoom":9.167},{"_mousePosition":[683,384],"_rootPartCFrame":[753.038,230.534,41.834,-0.995,0,-0.103,0,1,0,0.103,0,-0.995],"_humanoidState":5,"_cameraCFrame":[750.914,241.061,40.793,-0.96,0.274,-0.048,0,0.174,0.985,0.279,0.946,-0.167],"_shiftlockState":true,"_pose":"FreeFall","_animationQueue":[],"_animationSpeed":1,"_zoom":9.167},{"_mousePosition":[683,384],"_rootPartCFrame":[752.779,230.443,41.895,-0.989,0,-0.148,0,1,0,0.148,0,-0.989],"_humanoidState":5,"_cameraCFrame":[750.605,240.971,40.962,-0.945,0.322,-0.057,0,0.174,0.985,0.327,0.931,-0.164],"_shiftlockState":true,"_pose":"FreeFall","_animationQueue":[],"_animationSpeed":1,"_zoom":9.167},{"_mousePosition":[683,384],"_rootPartCFrame":[752.458,230.253,41.986,-0.986,0,-0.166,0,1,0,0.166,0,-0.986],"_humanoidState":5,"_cameraCFrame":[750.223,240.78,41.21,-0.92,0.387,-0.068,0,0.174,0.985,0.393,0.906,-0.16],"_shiftlockState":true,"_pose":"FreeFall","_animationQueue":[["fall",0.3]],"_animationSpeed":1,"_zoom":9.167},{"_mousePosition":[683,384],"_rootPartCFrame":[752.205,230.039,42.071,-0.964,0,-0.267,0,1,0,0.267,0,-0.964],"_humanoidState":5,"_cameraCFrame":[749.939,240.567,41.392,-0.902,0.425,-0.075,0,0.174,0.985,0.432,0.888,-0.157],"_shiftlockState":true,"_pose":"FreeFall","_animationQueue":[],"_animationSpeed":1,"_zoom":9.167},{"_mousePosition":[683,384],"_rootPartCFrame":[752.02,229.844,42.146,-0.94,0,-0.34,0,1,0,0.34,0,-0.94],"_humanoidState":5,"_cameraCFrame":[749.726,240.371,41.571,-0.881,0.465,-0.082,0,0.174,0.985,0.473,0.868,-0.153],"_shiftlockState":true,"_pose":"FreeFall","_animationQueue":[],"_animationSpeed":1,"_zoom":9.167},{"_mousePosition":[683,384],"_rootPartCFrame":[751.779,229.535,42.26,-0.936,0,-0.351,0,1,0,0.351,0,-0.936],"_humanoidState":5,"_cameraCFrame":[749.462,240.062,41.784,-0.86,0.502,-0.089,0,0.174,0.985,0.51,0.847,-0.149],"_shiftlockState":true,"_pose":"FreeFall","_animationQueue":[],"_animationSpeed":1,"_zoom":9.167},{"_mousePosition":[683,384],"_rootPartCFrame":[751.484,229.072,42.416,-0.933,0,-0.36,0,1,0,0.36,0,-0.933],"_humanoidState":5,"_cameraCFrame":[749.153,239.599,42.016,-0.843,0.53,-0.093,0,0.174,0.985,0.538,0.83,-0.146],"_shiftlockState":true,"_pose":"FreeFall","_animationQueue":[],"_animationSpeed":1,"_zoom":9.167},{"_mousePosition":[683,384],"_rootPartCFrame":[751.312,228.753,42.516,-0.892,0,-0.451,0,1,0,0.451,0,-0.892],"_humanoidState":5,"_cameraCFrame":[748.972,239.281,42.164,-0.832,0.547,-0.096,0,0.174,0.985,0.555,0.819,-0.144],"_shiftlockState":true,"_pose":"FreeFall","_animationQueue":[],"_animationSpeed":1,"_zoom":9.167},{"_mousePosition":[683,384],"_rootPartCFrame":[751.086,228.281,42.659,-0.898,0,-0.44,0,1,0,0.44,0,-0.898],"_humanoidState":5,"_cameraCFrame":[748.745,238.809,42.318,-0.829,0.551,-0.097,0,0.174,0.985,0.559,0.816,-0.144],"_shiftlockState":true,"_pose":"FreeFall","_animationQueue":[],"_animationSpeed":1,"_zoom":9.167},{"_mousePosition":[683,384],"_rootPartCFrame":[750.808,227.614,42.843,-0.91,0,-0.414,0,1,0,0.414,0,-0.91],"_humanoidState":5,"_cameraCFrame":[748.467,238.141,42.502,-0.829,0.551,-0.097,0,0.174,0.985,0.559,0.816,-0.144],"_shiftlockState":true,"_pose":"FreeFall","_animationQueue":[["fall",0.3]],"_animationSpeed":1,"_zoom":9.167},{"_mousePosition":[683,384],"_rootPartCFrame":[750.642,227.173,42.955,-0.881,0,-0.474,0,1,0,0.474,0,-0.881],"_humanoidState":5,"_cameraCFrame":[748.301,237.7,42.614,-0.829,0.551,-0.097,0,0.174,0.985,0.559,0.816,-0.144],"_shiftlockState":true,"_pose":"FreeFall","_animationQueue":[],"_animationSpeed":1,"_zoom":9.167},{"_mousePosition":[683,384],"_rootPartCFrame":[750.421,226.537,43.104,-0.896,0,-0.444,0,1,0,0.444,0,-0.896],"_humanoidState":5,"_cameraCFrame":[748.082,237.064,42.751,-0.832,0.547,-0.096,0,0.174,0.985,0.555,0.819,-0.144],"_shiftlockState":true,"_pose":"FreeFall","_animationQueue":[],"_animationSpeed":1,"_zoom":9.167},{"_mousePosition":[683,384],"_rootPartCFrame":[750.2,225.847,43.253,-0.898,0,-0.44,0,1,0,0.44,0,-0.898],"_humanoidState":5,"_cameraCFrame":[747.874,236.374,42.824,-0.85,0.519,-0.092,0,0.174,0.985,0.527,0.837,-0.148],"_shiftlockState":true,"_pose":"FreeFall","_animationQueue":[],"_animationSpeed":1,"_zoom":9.167},{"_mousePosition":[683,384],"_rootPartCFrame":[749.979,225.102,43.401,-0.912,0,-0.41,0,1,0,0.41,0,-0.912],"_humanoidState":5,"_cameraCFrame":[747.684,235.629,42.826,-0.881,0.465,-0.082,0,0.174,0.985,0.473,0.868,-0.153],"_shiftlockState":true,"_pose":"FreeFall","_animationQueue":[],"_animationSpeed":1,"_zoom":9.167},{"_mousePosition":[683,384],"_rootPartCFrame":[749.753,224.302,43.543,-0.936,0,-0.351,0,1,0,0.351,0,-0.936],"_humanoidState":5,"_cameraCFrame":[747.565,234.83,42.644,-0.94,0.336,-0.059,0,0.174,0.985,0.341,0.926,-0.163],"_shiftlockState":true,"_pose":"FreeFall","_animationQueue":[],"_animationSpeed":1,"_zoom":9.167},{"_mousePosition":[683,384],"_rootPartCFrame":[749.461,223.227,43.703,-0.984,0,-0.18,0,1,0,0.18,0,-0.984],"_humanoidState":5,"_cameraCFrame":[747.398,233.754,42.545,-0.974,0.221,-0.039,0,0.174,0.985,0.225,0.96,-0.169],"_shiftlockState":true,"_pose":"FreeFall","_animationQueue":[["fall",0.3]],"_animationSpeed":1,"_zoom":9.167},{"_mousePosition":[683,384],"_rootPartCFrame":[749.353,222.84,43.81,-0.983,0,-0.184,0,1,0,0.184,0,-0.983],"_humanoidState":7,"_cameraCFrame":[747.432,233.367,42.43,-0.993,0.113,-0.02,0,0.174,0.985,0.115,0.978,-0.172],"_shiftlockState":true,"_pose":"FreeFall","_animationQueue":[["walk",0.1],["fall",0.3],["fall",0.3]],"_animationSpeed":1,"_zoom":9.167},{"_mousePosition":[683,384],"_rootPartCFrame":[749.343,222.913,43.86,-0.994,0,-0.111,0,1,0,0.111,0,-0.994],"_humanoidState":7,"_cameraCFrame":[747.531,233.44,42.338,-0.999,0.039,-0.007,0,0.174,0.985,0.039,0.984,-0.174],"_shiftlockState":true,"_pose":"FreeFall","_animationQueue":[],"_animationSpeed":1,"_zoom":9.167},{"_mousePosition":[683,384],"_rootPartCFrame":[749.324,223.053,43.902,-0.999,0,-0.039,0,1,0,0.039,0,-0.999],"_humanoidState":8,"_cameraCFrame":[747.576,233.58,42.308,-1,-0.001,0,0,0.174,0.985,-0.001,0.985,-0.174],"_shiftlockState":true,"_pose":"Running","_animationQueue":[["walk",0.1],["fall",0.3],["walk",0.1]],"_animationSpeed":1.11,"_zoom":9.167},{"_mousePosition":[683,384],"_rootPartCFrame":[749.313,223.705,43.925,-1,0,0.001,0,1,0,-0.001,0,-1],"_humanoidState":3,"_cameraCFrame":[747.598,234.229,42.279,-1,-0.021,0.004,0,0.176,0.984,-0.021,0.984,-0.176],"_shiftlockState":true,"_pose":"Jumping","_animationQueue":[["walk",0.1],["jump",0.1]],"_animationSpeed":1,"_zoom":9.167},{"_mousePosition":[683,384],"_rootPartCFrame":[749.274,224.527,43.953,-0.994,0,0.113,0,1,0,-0.113,0,-0.994],"_humanoidState":5,"_cameraCFrame":[747.559,235.051,42.307,-1,-0.021,0.004,0,0.176,0.984,-0.021,0.984,-0.176],"_shiftlockState":true,"_pose":"FreeFall","_animationQueue":[["jump",0.1]],"_animationSpeed":1,"_zoom":9.167},{"_mousePosition":[683,384],"_rootPartCFrame":[749.169,225.478,43.98,-0.983,0,0.182,0,1,0,-0.182,0,-0.983],"_humanoidState":5,"_cameraCFrame":[747.454,236.002,42.334,-1,-0.021,0.004,0,0.176,0.984,-0.021,0.984,-0.176],"_shiftlockState":true,"_pose":"FreeFall","_animationQueue":[],"_animationSpeed":1,"_zoom":9.167},{"_mousePosition":[683,384],"_rootPartCFrame":[749.077,226.008,43.992,-0.993,0,0.121,0,1,0,-0.121,0,-0.993],"_humanoidState":5,"_cameraCFrame":[747.362,236.532,42.346,-1,-0.021,0.004,0,0.176,0.984,-0.021,0.984,-0.176],"_shiftlockState":true,"_pose":"FreeFall","_animationQueue":[],"_animationSpeed":1,"_zoom":9.167},{"_mousePosition":[683,384],"_root