[{"_mousePosition":[1154,397],"_rootPartCFrame":[776.03,222.951,47.142,0,-0.002,1,0,1,0.002,-1,0,0],"_humanoidState":8,"_cameraCFrame":[776.02,231.619,45.868,-1,0.006,-0.001,0,0.175,0.985,0.006,0.985,-0.175],"_shiftlockState":false,"_pose":"Standing","_animationQueue":[],"_animationSpeed":1,"_zoom":7.28},{"_mousePosition":[1153,398],"_rootPartCFrame":[775.784,222.832,47.143,-0.001,0,1,0,1,0,-1,0,-0.001],"_humanoidState":8,"_cameraCFrame":[775.776,231.5,45.869,-1,0.006,-0.001,0,0.175,0.985,0.006,0.985,-0.175],"_shiftlockState":false,"_pose":"Standing","_animationQueue":[],"_animationSpeed":1,"_zoom":7.28},{"_mousePosition":[1153,398],"_rootPartCFrame":[775.518,222.672,47.145,-0.001,0,1,0,1,0,-1,0,-0.001],"_humanoidState":8,"_cameraCFrame":[775.51,231.34,45.871,-1,0.006,-0.001,0,0.175,0.985,0.006,0.985,-0.175],"_shiftlockState":false,"_pose":"Running","_animationQueue":[["walk",0.1]],"_animationSpeed":1.066,"_zoom":7.28},{"_mousePosition":[1151,402],"_rootPartCFrame":[775.251,222.653,47.146,-0.002,0,1,0,1,0,-1,0,-0.002],"_humanoidState":8,"_cameraCFrame":[775.244,231.32,45.872,-1,0.006,-0.001,0,0.175,0.985,0.006,0.985,-0.175],"_shiftlockState":false,"_pose":"Running","_animationQueue":[["walk",0.1]],"_animationSpeed":1.066,"_zoom":7.28},{"_mousePosition":[1151,402],"_rootPartCFrame":[774.984,222.669,47.148,-0.003,0,1,0,1,0,-1,0,-0.003],"_humanoidState":8,"_cameraCFrame":[774.977,231.337,45.874,-1,0.006,-0.001,0,0.175,0.985,0.006,0.985,-0.175],"_shiftlockState":false,"_pose":"Running","_animationQueue":[],"_animationSpeed":1.066,"_zoom":7.28},{"_mousePosition":[1148,404],"_rootPartCFrame":[774.718,222.683,47.15,-0.003,0,1,0,1,0,-1,0,-0.003],"_humanoidState":8,"_cameraCFrame":[774.71,231.35,45.875,-1,0.006,-0.001,0,0.175,0.985,0.006,0.985,-0.175],"_shiftlockState":false,"_pose":"Running","_animationQueue":[],"_animationSpeed":1.066,"_zoom":7.28},{"_mousePosition":[1148,405],"_rootPartCFrame":[774.451,222.69,47.151,-0.003,0,1,0,1,0,-1,0,-0.003],"_humanoidState":8,"_cameraCFrame":[774.444,231.358,45.877,-1,0.006,-0.001,0,0.175,0.985,0.006,0.985,-0.175],"_shiftlockState":false,"_pose":"Running","_animationQueue":[],"_animationSpeed":1.066,"_zoom":7.28},{"_mousePosition":[1145,408],"_rootPartCFrame":[774.184,222.695,47.153,-0.004,0,1,0,1,0,-1,0,-0.004],"_humanoidState":8,"_cameraCFrame":[772.427,231.362,45.888,-1,0.006,-0.001,0,0.175,0.985,0.006,0.985,-0.175],"_shiftlockState":true,"_pose":"Running","_animationQueue":[],"_animationSpeed":1.066,"_zoom":7.28},{"_mousePosition":[683,384],"_rootPartCFrame":[773.918,222.697,47.154,-0.995,0,-0.1,0,1,0,0.1,0,-0.995],"_humanoidState":8,"_cameraCFrame":[772.16,231.365,45.89,-1,0.006,-0.001,0,0.175,0.985,0.006,0.985,-0.175],"_shiftlockState":true,"_pose":"Running","_animationQueue":[],"_animationSpeed":1.066,"_zoom":7.28},{"_mousePosition":[683,384],"_rootPartCFrame":[773.651,222.698,47.156,-1,0,-0.016,0,1,0,0.016,0,-1],"_humanoidState":8,"_cameraCFrame":[771.887,231.368,45.911,-1,0.011,-0.002,0,0.174,0.985,0.011,0.985,-0.174],"_shiftlockState":true,"_pose":"Running","_animationQueue":[["walk",0.1]],"_animationSpeed":1.066,"_zoom":7.28},{"_mousePosition":[683,384],"_rootPartCFrame":[773.318,222.699,47.158,-1,0,-0.012,0,1,0,0.012,0,-1],"_humanoidState":8,"_cameraCFrame":[771.545,231.368,45.926,-1,0.018,-0.003,0,0.174,0.985,0.018,0.985,-0.174],"_shiftlockState":true,"_pose":"Running","_animationQueue":[],"_animationSpeed":1.066,"_zoom":7.28},{"_mousePosition":[683,384],"_rootPartCFrame":[773.051,222.699,47.16,-1,0,-0.018,0,1,0,0.018,0,-1],"_humanoidState":8,"_cameraCFrame":[771.269,231.369,45.941,-1,0.025,-0.004,0,0.174,0.985,0.026,0.984,-0.174],"_shiftlockState":true,"_pose":"Running","_animationQueue":[],"_animationSpeed":1.066,"_zoom":7.28},{"_mousePosition":[683,384],"_rootPartCFrame":[772.851,222.699,47.164,-1,0,-0.026,0,1,0,0.026,0,-1],"_humanoidState":8,"_cameraCFrame":[771.058,231.369,45.962,-0.999,0.035,-0.006,0,0.174,0.985,0.035,0.984,-0.174],"_shiftlockState":true,"_pose":"Running","_animationQueue":[],"_animationSpeed":1.066,"_zoom":7.28},{"_mousePosition":[683,384],"_rootPartCFrame":[772.518,222.7,47.172,-0.999,0,-0.035,0,1,0,0.035,0,-0.999],"_humanoidState":8,"_cameraCFrame":[770.711,231.369,45.991,-0.999,0.046,-0.008,0,0.174,0.985,0.047,0.984,-0.173],"_shiftlockState":true,"_pose":"Running","_animationQueue":[],"_animationSpeed":1.066,"_zoom":7.28},{"_mousePosition":[683,384],"_rootPartCFrame":[772.251,222.7,47.181,-0.999,0,-0.047,0,1,0,0.047,0,-0.999],"_humanoidState":8,"_cameraCFrame":[770.428,231.369,46.024,-0.998,0.059,-0.01,0,0.174,0.985,0.06,0.983,-0.173],"_shiftlockState":true,"_pose":"Running","_animationQueue":[],"_animationSpeed":1.066,"_zoom":7.28},{"_mousePosition":[683,384],"_rootPartCFrame":[772.052,222.7,47.19,-0.998,0,-0.06,0,1,0,0.06,0,-0.998],"_humanoidState":8,"_cameraCFrame":[770.205,231.369,46.072,-0.997,0.08,-0.014,0,0.174,0.985,0.081,0.982,-0.173],"_shiftlockState":true,"_pose":"Running","_animationQueue":[],"_animationSpeed":1.066,"_zoom":7.28},{"_mousePosition":[683,384],"_rootPartCFrame":[771.719,223.783,47.205,-0.997,0,-0.081,0,1,0,0.081,0,-0.997],"_humanoidState":3,"_cameraCFrame":[769.852,232.453,46.12,-0.995,0.097,-0.017,0,0.174,0.985,0.099,0.98,-0.173],"_shiftlockState":true,"_pose":"Jumping","_animationQueue":[["walk",0.1],["walk",0.1],["jump",0.1]],"_animationSpeed":1,"_zoom":7.28},{"_mousePosition":[683,384],"_rootPartCFrame":[771.453,224.592,47.225,-1,0,-0.007,0,1,0,0.007,0,-1],"_humanoidState":5,"_cameraCFrame":[769.57,233.261,46.17,-0.993,0.113,-0.02,0,0.174,0.985,0.114,0.978,-0.173],"_shiftlockState":true,"_pose":"FreeFall","_animationQueue":[["jump",0.1]],"_animationSpeed":1,"_zoom":7.28},{"_mousePosition":[683,384],"_rootPartCFrame":[771.187,225.346,47.251,-1,0,0.014,0,1,0,-0.014,0,-1],"_humanoidState":5,"_cameraCFrame":[769.294,234.015,46.213,-0.992,0.122,-0.021,0,0.174,0.985,0.124,0.977,-0.172],"_shiftlockState":true,"_pose":"FreeFall","_animationQueue":[],"_animationSpeed":1,"_zoom":7.28},{"_mousePosition":[683,384],"_rootPartCFrame":[770.922,226.045,47.281,-1,0,0.009,0,1,0,-0.009,0,-1],"_humanoidState":5,"_cameraCFrame":[769.021,234.714,46.259,-0.991,0.13,-0.023,0,0.174,0.985,0.132,0.976,-0.172],"_shiftlockState":true,"_pose":"FreeFall","_animationQueue":[],"_animationSpeed":1,"_zoom":7.28},{"_mousePosition":[683,384],"_rootPartCFrame":[770.658,226.69,47.313,-1,0,0.001,0,1,0,-0.001,0,-1],"_humanoidState":5,"_cameraCFrame":[768.752,235.359,46.299,-0.991,0.134,-0.024,0,0.174,0.985,0.136,0.976,-0.172],"_shiftlockState":true,"_pose":"FreeFall","_animationQueue":[],"_animationSpeed":1,"_zoom":7.28},{"_mousePosition":[683,384],"_rootPartCFrame":[770.459,227.138,47.34,-0.999,0,-0.037,0,1,0,0.037,0,-0.999],"_humanoidState":5,"_cameraCFrame":[768.552,235.807,46.328,-0.991,0.135,-0.024,0,0.174,0.985,0.137,0.975,-0.172],"_shiftlockState":true,"_pose":"FreeFall","_animationQueue":[],"_animationSpeed":1,"_zoom":7.28},{"_mousePosition":[683,384],"_rootPartCFrame":[770.129,227.816,47.385,-1,0,0.029,0,1,0,-0.029,0,-1],"_humanoidState":5,"_cameraCFrame":[768.221,236.486,46.375,-0.99,0.136,-0.024,0,0.174,0.985,0.138,0.975,-0.172],"_shiftlockState":true,"_pose":"FreeFall","_animationQueue":[],"_animationSpeed":1,"_zoom":7.28},{"_mousePosition":[683,384],"_rootPartCFrame":[769.865,228.298,47.421,-1,0,-0.005,0,1,0,0.005,0,-1],"_humanoidState":5,"_cameraCFrame":[767.957,236.967,46.411,-0.99,0.136,-0.024,0,0.174,0.985,0.138,0.975,-0.172],"_shiftlockState":true,"_pose":"FreeFall","_animationQueue":[],"_animationSpeed":1,"_zoom":7.28},{"_mousePosition":[683,384],"_rootPartCFrame":[769.667,228.623,47.449,-0.999,0,-0.039,0,1,0,0.039,0,-0.999],"_humanoidState":5,"_cameraCFrame":[767.76,237.292,46.437,-0.991,0.135,-0.024,0,0.174,0.985,0.137,0.975,-0.172],"_shiftlockState":true,"_pose":"FreeFall","_animationQueue":[],"_animationSpeed":1,"_zoom":7.28},{"_mousePosition":[683,384],"_rootPartCFrame":[769.337,229.097,47.495,-1,0,0.029,0,1,0,-0.029,0,-1],"_humanoidState":5,"_cameraCFrame":[767.435,237.766,46.473,-0.991,0.13,-0.023,0,0.174,0.985,0.132,0.976,-0.172],"_shiftlockState":true,"_pose":"FreeFall","_animationQueue":[],"_animationSpeed":1,"_zoom":7.28},{"_mousePosition":[683,384],"_rootPartCFrame":[769.073,229.415,47.532,-1,0,0.001,0,1,0,-0.001,0,-1],"_humanoidState":5,"_cameraCFrame":[767.178,238.084,46.496,-0.992,0.123,-0.022,0,0.174,0.985,0.125,0.977,-0.172],"_shiftlockState":true,"_pose":"FreeFall","_animationQueue":[],"_animationSpeed":1,"_zoom":7.28},{"_mousePosition":[683,384],"_rootPartCFrame":[768.874,229.617,47.558,-1,0,-0.025,0,1,0,0.025,0,-1],"_humanoidState":5,"_cameraCFrame":[766.987,238.287,46.511,-0.993,0.117,-0.021,0,0.174,0.985,0.119,0.978,-0.172],"_shiftlockState":true,"_pose":"FreeFall","_animationQueue":[],"_animationSpeed":1,"_zoom":7.28},{"_mousePosition":[683,384],"_rootPartCFrame":[768.544,229.887,47.6,-0.999,0,0.048,0,1,0,-0.048,0,-0.999],"_humanoidState":5,"_cameraCFrame":[766.663,238.557,46.541,-0.994,0.111,-0.02,0,0.174,0.985,0.112,0.979,-0.173],"_shiftlockState":true,"_pose":"FreeFall","_animationQueue":[],"_animationSpeed":1,"_zoom":7.28},{"_mousePosition":[683,384],"_rootPartCFrame":[768.279,230.041,47.632,-1,0,0.021,0,1,0,-0.021,0,-1],"_humanoidState":5,"_cameraCFrame":[766.41,238.711,46.551,-0.995,0.099,-0.018,0,0.174,0.985,0.101,0.98,-0.173],"_shiftlockState":true,"_pose":"FreeFall","_animationQueue":[],"_animationSpeed":1,"_zoom":7.28},{"_mousePosition":[683,384],"_rootPartCFrame":[768.014,230.141,47.662,-0.999,0,0.032,0,1,0,-0.032,0,-0.999],"_humanoidState":5,"_cameraCFrame":[766.158,238.811,46.56,-0.996,0.088,-0.016,0,0.174,0.985,0.089,0.981,-0.173],"_shiftlockState":true,"_pose":"FreeFall","_animationQueue":[],"_animationSpeed":1,"_zoom":7.28},{"_mousePosition":[683,384],"_rootPartCFrame":[767.749,230.187,47.69,-0.999,0,0.044,0,1,0,-0.044,0,-0.999],"_humanoidState":5,"_cameraCFrame":[765.908,238.856,46.562,-0.997,0.075,-0.013,0,0.174,0.985,0.076,0.982,-0.173],"_shiftlockState":true,"_pose":"FreeFall","_animationQueue":[],"_animationSpeed":1,"_zoom":7.28},{"_mousePosition":[683,384],"_rootPartCFrame":[767.549,230.185,47.708,-1,0,0.024,0,1,0,-0.024,0,-1],"_humanoidState":5,"_cameraCFrame":[765.722,238.854,46.559,-0.998,0.063,-0.011,0,0.174,0.985,0.064,0.983,-0.173],"_shiftlockState":true,"_pose":"FreeFall","_animationQueue":[],"_animationSpeed":1,"_zoom":7.28},{"_mousePosition":[683,384],"_rootPartCFrame":[767.217,230.114,47.734,-0.995,0,0.102,0,1,0,-0.102,0,-0.995],"_humanoidState":5,"_cameraCFrame":[765.395,238.783,46.575,-0.998,0.058,-0.01,0,0.174,0.985,0.059,0.983,-0.173],"_shiftlockState":true,"_pose":"FreeFall","_animationQueue":[],"_animationSpeed":1,"_zoom":7.28},{"_mousePosition":[683,384],"_rootPartCFrame":[767.017,230.031,47.747,-0.999,0,0.041,0,1,0,-0.041,0,-0.999],"_humanoidState":5,"_cameraCFrame":[765.198,238.7,46.585,-0.998,0.056,-0.01,0,0.174,0.985,0.057,0.983,-0.173],"_shiftlockState":true,"_pose":"FreeFall","_animationQueue":[],"_animationSpeed":1,"_zoom":7.28},{"_mousePosition":[683,384],"_rootPartCFrame":[766.751,229.872,47.763,-0.997,0,0.076,0,1,0,-0.076,0,-0.997],"_humanoidState":5,"_cameraCFrame":[764.935,238.373,46.629,-0.998,0.055,-0.01,0,0.174,0.985,0.056,0.983,-0.173],"_shiftlockState":true,"_pose":"FreeFall","_animationQueue":[],"_animationSpeed":1,"_zoom":5.424},{"_mousePosition":[683,384],"_rootPartCFrame":[766.419,229.596,47.782,-0.994,0,0.11,0,1,0,-0.11,0,-0.994],"_humanoidState":5,"_cameraCFrame":[764.605,237.801,46.7,-0.998,0.055,-0.01,0,0.174,0.985,0.056,0.983,-0.173],"_shiftlockState":true,"_pose":"FreeFall","_animationQueue":[["fall",0.3]],"_animationSpeed":1,"_zoom":5.424},{"_mousePosition":[683,384],"_rootPartCFrame":[766.219,229.39,47.793,-0.999,0,0.044,0,1,0,-0.044,0,-0.999],"_humanoidState":5,"_cameraCFrame":[764.408,237.298,46.763,-0.998,0.055,-0.01,0,0.174,0.985,0.056,0.983,-0.173],"_shiftlockState":true,"_pose":"FreeFall","_animationQueue":[],"_animationSpeed":1,"_zoom":5.424},{"_mousePosition":[683,384],"_rootPartCFrame":[765.953,229.068,47.808,-0.997,0,0.077,0,1,0,-0.077,0,-0.997],"_humanoidState":5,"_cameraCFrame":[764.146,236.549,46.853,-0.998,0.055,-0.01,0,0.174,0.985,0.056,0.983,-0.173],"_shiftlockState":true,"_pose":"FreeFall","_animationQueue":[],"_animationSpeed":1,"_zoom":3.939},{"_mousePosition":[683,384],"_rootPartCFrame":[765.62,228.588,47.827,-0.994,0,0.11,0,1,0,-0.11,0,-0.994],"_humanoidState":5,"_cameraCFrame":[763.818,235.633,46.949,-0.998,0.055,-0.01,0,0.174,0.985,0.056,0.983,-0.173],"_shiftlockState":true,"_pose":"FreeFall","_animationQueue":[],"_animationSpeed":1,"_zoom":3.939},{"_mousePosition":[683,384],"_rootPartCFrame":[765.42,228.259,47.838,-0.999,0,0.044,0,1,0,-0.044,0,-0.999],"_humanoidState":5,"_cameraCFrame":[763.622,234.908,47.03,-0.998,0.055,-0.01,0,0.174,0.985,0.056,0.983,-0.173],"_shiftlockState":true,"_pose":"FreeFall","_animationQueue":[],"_animationSpeed":1,"_zoom":3.939},{"_mousePosition":[683,384],"_rootPartCFrame":[765.154,227.773,47.853,-0.997,0,0.077,0,1,0,-0.077,0,-0.997],"_humanoidState":5,"_cameraCFrame":[763.359,234.075,47.106,-0.998,0.055,-0.01,0,0.174,0.985,0.056,0.983,-0.173],"_shiftlockState":true,"_pose":"FreeFall","_animationQueue":[],"_animationSpeed":1,"_zoom":3.939},{"_mousePosition":[683,384],"_rootPartCFrame":[764.821,227.089,47.872,-0.994,0,0.11,0,1,0,-0.11,0,-0.994],"_humanoidState":5,"_cameraCFrame":[763.029,233.109,47.174,-0.998,0.055,-0.01,0,0.174,0.985,0.056,0.983,-0.173],"_shiftlockState":true,"_pose":"FreeFall","_animationQueue":[],"_animationSpeed":1,"_zoom":3.939},{"_mousePosition":[683,384],"_rootPartCFrame":[764.554,226.481,47.887,-0.997,0,0.077,0,1,0,-0.077,0,-0.997],"_humanoidState":5,"_cameraCFrame":[762.764,232.305,47.223,-0.998,0.055,-0.01,0,0.174,0.985,0.056,0.983,-0.173],"_shiftlockState":true,"_pose":"FreeFall","_animationQueue":[["fall",0.3]],"_animationSpeed":1,"_zoom":3.939},{"_mousePosition":[683,384],"_rootPartCFrame":[764.288,225.817,47.902,-0.997,0,0.077,0,1,0,-0.077,0,-0.997],"_humanoidState":5,"_cameraCFrame":[762.499,231.509,47.262,-0.998,0.055,-0.01,0,0.174,0.985,0.056,0.983,-0.173],"_shiftlockState":true,"_pose":"FreeFall","_animationQueue":[],"_animationSpeed":1,"_zoom":3.939},{"_mousePosition":[683,384],"_rootPartCFrame":[764.088,225.284,47.913,-0.999,0,0.044,0,1,0,-0.044,0,-0.999],"_humanoidState":5,"_cameraCFrame":[762.3,230.876,47.292,-0.998,0.056,-0.01,0,0.174,0.985,0.057,0.983,-0.173],"_shiftlockState":true,"_pose":"FreeFall","_animationQueue":[],"_animationSpeed":1,"_zoom":3.939},{"_mousePosition":[683,384],"_rootPartCFrame":[763.755,224.328,47.931,-0.994,0,0.109,0,1,0,-0.109,0,-0.994],"_humanoidState":5,"_cameraCFrame":[761.966,229.853,47.326,-0.998,0.058,-0.01,0,0.174,0.985,0.059,0.983,-0.173],"_shiftlockState":true,"_pose":"FreeFall","_animationQueue":[],"_animationSpeed":1,"_zoom":3.939},{"_mousePosition":[683,384],"_rootPartCFrame":[763.555,223.713,47.943,-0.999,0,0.041,0,1,0,-0.041,0,-0.999],"_humanoidState":5,"_cameraCFrame":[761.765,229.188,47.354,-0.998,0.062,-0.011,0,0.174,0.985,0.063,0.983,-0.173],"_shiftlockState":true,"_pose":"FreeFall","_animationQueue":[],"_animationSpeed":1,"_zoom":3.939},{"_mousePosition":[683,384],"_rootPartCFrame":[763.223,222.62,47.962,-1,0,-0.026,0,1,0,0.026,0,-1],"_humanoidState":7,"_cameraCFrame":[761.432,228.066,47.381,-0.998,0.063,-0.011,0,0.174,0.985,0.064,0.983,-0.173],"_shiftlockState":true,"_pose":"FreeFall","_animationQueue":[["walk",0.1],["fall",0.3],["fall",0.3]],"_animationSpeed":1,"_zoom":3.939},{"_mousePosition":[683,384],"_rootPartCFrame":[763.023,222.436,47.975,-0.998,0,-0.064,0,1,0,0.064,0,-0.998],"_humanoidState":7,"_cameraCFrame":[761.232,227.859,47.397,-0.998,0.063,-0.011,0,0.174,0.985,0.064,0.983,-0.173],"_shiftlockState":true,"_pose":"FreeFall","_animationQueue":[],"_animationSpeed":1,"_zoom":3.939},{"_mousePosition":[683,384],"_rootPartCFrame":[762.691,222.539,47.996,-0.998,0,-0.064,0,1,0,0.064,0,-0.998],"_humanoidState":8,"_cameraCFrame":[760.902,227.949,47.415,-0.998,0.06,-0.011,0,0.174,0.985,0.061,0.983,-0.173],"_shiftlockState":true,"_pose":"Running","_animationQueue":[["fall",0.3],["walk",0.1],["fall",0.3],["walk",0.1]],"_animationSpeed":1.103,"_zoom":3.939},{"_mousePosition":[683,384],"_rootPartCFrame":[762.424,222.615,48.014,-0.998,0,-0.061,0,1,0,0.061,0,-0.998],"_humanoidState":8,"_cameraCFrame":[760.64,228.014,47.421,-0.999,0.053,-0.009,0,0.174,0.985,0.054,0.983,-0.173],"_shiftlockState":true,"_pose":"Running","_animationQueue":[],"_animationSpeed":1.103,"_zoom":3.939},{"_mousePosition":[683,384],"_rootPartCFrame":[762.158,222.659,48.03,-0.999,0,-0.054,0,1,0,0.054,0,-0.999],"_humanoidState":8,"_cameraCFrame":[760.378,228.052,47.426,-0.999,0.046,-0.008,0,0.174,0.985,0.047,0.984,-0.173],"_shiftlockState":true,"_pose":"Running","_animationQueue":[],"_animationSpeed":1.103,"_zoom":3.939},{"_mousePosition":[683,384],"_rootPartCFrame":[761.892,222.684,48.045,-0.999,0,-0.047,0,1,0,0.047,0,-0.999],"_humanoidState":8,"_cameraCFrame":[760.117,228.072,47.426,-0.999,0.038,-0.007,0,0.174,0.985,0.038,0.984,-0.174],"_shiftlockState":true,"_pose":"Running","_animationQueue":[],"_animationSpeed":1.103,"_zoom":3.939},{"_mousePosition":[683,384],"_rootPartCFrame":[761.626,222.697,48.057,-0.999,0,-0.038,0,1,0,0.038,0,-0.999],"_humanoidState":8,"_cameraCFrame":[759.855,228.082,47.427,-1,0.03,-0.005,0,0.174,0.985,0.031,0.984,-0.174],"_shiftlockState":true,"_pose":"Running","_animationQueue":[],"_animationSpeed":1.103,"_zoom":3.939},{"_mousePosition":[683,384],"_rootPartCFrame":[761.359,222.705,48.068,-1,0,-0.031,0,1,0,0.031,0,-1],"_humanoidState":8,"_cameraCFrame":[759.594,228.088,47.423,-1,0.022,-0.004,0,0.174,0.985,0.023,0.985,-0.174],"_shiftlockState":true,"_pose":"Running","_animationQueue":[],"_animationSpeed":1.103,"_zoom":3.939},{"_mousePosition":[683,384],"_rootPartCFrame":[761.093,222.709,48.076,-1,0,-0.022,0,1,0,0.022,0,-1],"_humanoidState":8,"_cameraCFrame":[759.336,228.09,47.409,-1,0.01,-0.002,0,0.174,0.985,0.01,0.985,-0.174],"_shiftlockState":true,"_pose":"Running","_animationQueue":[],"_animationSpeed":1.103,"_zoom":3.939},{"_mousePosition":[683,384],"_rootPartCFrame":[760.759,222.711,48.084,-1,0,-0.01,0,1,0,0.01,0,-1],"_humanoidState":8,"_cameraCFrame":[759.018,228.092,47.379,-1,-0.012,0.002,0,0.174,0.985,-0.012,0.985,-0.174],"_shiftlockState":true,"_pose":"Running","_animationQueue":[["walk",0.1]],"_animationSpeed":1.103,"_zoom":3.939},{"_mousePosition":[683,384],"_rootPartCFrame":[760.56,222.712,48.087,-1,0,0.012,0,1,0,-0.012,0,-1],"_humanoidState":8,"_cameraCFrame":[758.839,228.092,47.331,-0.999,-0.041,0.007,0,0.174,0.985,-0.041,0.984,-0.173],"_shiftlockState":true,"_pose":"Running","_animationQueue":[],"_animationSpeed":1.103,"_zoom":3.939},{"_mousePosition":[683,384],"_rootPartCFrame":[760.226,222.713,48.084,-0.999,0,0.041,0,1,0,-0.041,0,-0.999],"_humanoidState":8,"_cameraCFrame":[758.533,228.093,47.269,-0.997,-0.075,0.013,0,0.174,0.985,-0.076,0.982,-0.173],"_shiftlockState":true,"_pose":"Running","_animationQueue":[],"_animationSpeed":1.103,"_zoom":3.939},{"_mousePosition":[683,384],"_rootPartCFrame":[759.96,222.713,48.074,-0.997,0,0.076,0,1,0,-0.076,0,-0.997],"_humanoidState":8,"_cameraCFrame":[758.289,228.093,47.215,-0.995,-0.1,0.018,0,0.174,0.985,-0.102,0.98,-0.173],"_shiftlockState":true,"_pose":"Running","_animationQueue":[],"_animationSpeed":1.103,"_zoom":3.939},{"_mousePosition":[683,384],"_rootPartCFrame":[759.694,222.713,48.055,-0.993,0,0.118,0,1,0,-0.118,0,-0.993],"_humanoidState":8,"_cameraCFrame":[758.048,228.092,47.147,-0.992,-0.128,0.023,0,0.174,0.985,-0.13,0.976,-0.173],"_shiftlockState":true,"_pose":"Running","_animationQueue":[["walk",0.1]],"_animationSpeed":1.103,"_zoom":3.939},{"_mousePosition":[683,384],"_rootPartCFrame":[759.363,222.713,48.016,-0.992,0,0.129,0,1,0,-0.129,0,-0.992],"_humanoidState":8,"_cameraCFrame":[757.72,228.092,47.104,-0.991,-0.132,0.023,0,0.174,0.985,-0.134,0.976,-0.172],"_shiftlockState":true,"_pose":"Running","_animationQueue":[],"_animationSpeed":1.103,"_zoom":3.939},{"_mousePosition":[683,384],"_rootPartCFrame":[759.099,222.713,47.982,-0.991,0,0.134,0,1,0,-0.134,0,-0.991],"_humanoidState":8,"_cameraCFrame":[757.461,228.092,47.06,-0.99,-0.138,0.024,0,0.174,0.985,-0.14,0.975,-0.172],"_shiftlockState":true,"_pose":"Running","_animationQueue":[],"_animationSpeed":1.103,"_zoom":3.939},{"_mousePosition":[683,384],"_rootPartCFrame":[758.834,222.713,47.946,-0.99,0,0.14,0,1,0,-0.14,0,-0.99],"_humanoidState":8,"_cameraCFrame":[757.203,228.092,47.014,-0.989,-0.144,0.025,0,0.174,0.985,-0.146,0.974,-0.172],"_shiftlockState":true,"_pose":"Running","_animationQueue":[],"_animationSpeed":1.103,"_zoom":3.939},{"_mousePosition":[683,384],"_rootPartCFrame":[758.504,222.713,47.9,-0.989,0,0.146,0,1,0,-0.146,0,-0.989],"_humanoidState":8,"_cameraCFrame":[756.876,228.092,46.962,-0.989,-0.147,0.026,0,0.174,0.985,-0.149,0.974,-0.172],"_shiftlockState":true,"_pose":"Running","_animationQueue":[["walk",0.1]],"_animationSpeed":1.103,"_zoom":3.939},{"_mousePosition":[683,384],"_rootPartCFrame":[758.306,222.713,47.871,-0.989,0,0.149,0,1,0,-0.149,0,-0.989],"_humanoidState":8,"_cameraCFrame":[756.679,228.092,46.932,-0.989,-0.148,0.026,0,0.174,0.985,-0.15,0.974,-0.172],"_shiftlockState":true,"_pose":"Running","_animationQueue":[],"_animationSpeed":1.103,"_zoom":3.939},{"_mousePosition":[683,384],"_rootPartCFrame":[758.042,222.713,47.831,-0.989,0,0.15,0,1,0,-0.15,0,-0.989],"_humanoidState":8,"_cameraCFrame":[756.415,228.092,46.892,-0.989,-0.148,0.026,0,0.174,0.985,-0.15,0.974,-0.172],"_shiftlockState":true,"_pose":"Running","_animationQueue":[],"_animationSpeed":1.103,"_zoom":3.939},{"_mousePosition":[683,384],"_rootPartCFrame":[757.779,222.713,47.791,-0.989,0,0.15,0,1,0,-0.15,0,-0.989],"_humanoidState":8,"_cameraCFrame":[756.151,228.092,46.852,-0.989,-0.148,0.026,0,0.174,0.985,-0.15,0.974,-0.172],"_shiftlockState":true,"_pose":"Running","_animationQueue":[],"_animationSpeed":1.103,"_zoom":3.939},{"_mousePosition":[683,384],"_rootPartCFrame":[757.515,222.713,47.751,-0.989,0,0.15,0,1,0,-0.15,0,-0.989],"_humanoidState":8,"_cameraCFrame":[755.888,228.092,46.812,-0.989,-0.148,0.026,0,0.174,0.985,-0.15,0.974,-0.172],"_shiftlockState":true,"_pose":"Running","_animationQueue":[],"_animationSpeed":1.103,"_zoom":3.939},{"_mousePosition":[683,384],"_rootPartCFrame":[757.185,222.713,47.701,-0.989,0,0.15,0,1,0,-0.15,0,-0.989],"_humanoidState":8,"_cameraCFrame":[755.558,228.092,46.762,-0.989,-0.148,0.026,0,0.174,0.985,-0.15,0.974,-0.172],"_shiftlockState":true,"_pose":"Running","_animationQueue":[],"_animationSpeed":1.103,"_zoom":3.939},{"_mousePosition":[683,384],"_rootPartCFrame":[756.922,222.713,47.661,-0.989,0,0.15,0,1,0,-0.15,0,-0.989],"_humanoidState":8,"_cameraCFrame":[755.294,228.092,46.722,-0.989,-0.148,0.026,0,0.174,0.985,-0.15,0.974,-0.172],"_shiftlockState":true,"_pose":"Running","_animationQueue":[],"_animationSpeed":1.103,"_zoom":3.939},{"_mousePosition":[683,384],"_rootPartCFrame":[756.724,222.713,47.631,-0.989,0,0.15,0,1,0,-0.15,0,-0.989],"_humanoidState":8,"_cameraCFrame":[755.097,228.092,46.692,-0.989,-0.148,0.026,0,0.174,0.985,-0.15,0.974,-0.172],"_shiftlockState":true,"_pose":"Running","_animationQueue":[["walk",0.1]],"_animationSpeed":1.103,"_zoom":3.939},{"_mousePosition":[683,384],"_rootPartCFrame":[756.46,222.713,47.591,-0.989,0,0.15,0,1,0,-0.15,0,-0.989],"_humanoidState":8,"_cameraCFrame":[754.833,228.092,46.652,-0.989,-0.148,0.026,0,0.174,0.985,-0.15,0.974,-0.172],"_shiftlockState":true,"_pose":"Running","_animationQueue":[],"_animationSpeed":1.103,"_zoom":3.939},{"_mousePosition":[683,384],"_rootPartCFrame":[756.197,222.713,47.551,-0.989,0,0.15,0,1,0,-0.15,0,-0.989],"_humanoidState":8,"_cameraCFrame":[754.568,228.092,46.613,-0.989,-0.147,0.026,0,0.174,0.985,-0.149,0.974,-0.172],"_shiftlockState":true,"_pose":"Running","_animationQueue":[],"_animationSpeed":1.103,"_zoom":3.939},{"_mousePosition":[683,384],"_rootPartCFrame":[755.933,222.713,47.511,-0.989,0,0.149,0,1,0,-0.149,0,-0.989],"_humanoidState":8,"_cameraCFrame":[754.303,228.092,46.577,-0.989,-0.145,0.026,0,0.174,0.985,-0.147,0.974,-0.172],"_shiftlockState":true,"_pose":"Running","_animationQueue":[],"_animationSpeed":1.103,"_zoom":3.939},{"_mousePosition":[683,384],"_rootPartCFrame":[755.669,222.713,47.471,-0.989,0,0.147,0,1,0,-0.147,0,-0.989],"_humanoidState":8,"_cameraCFrame":[754.037,228.092,46.54,-0.989,-0.143,0.025,0,0.174,0.985,-0.145,0.974,-0.172],"_shiftlockState":true,"_pose":"Running","_animationQueue":[],"_animationSpeed":1.103,"_zoom":3.939},{"_mousePosition":[683,384],"_rootPartCFrame":[755.34,222.713,47.422,-0.989,0,0.145,0,1,0,-0.145,0,-0.989],"_humanoidState":8,"_cameraCFrame":[753.706,228.092,46.495,-0.99,-0.141,0.025,0,0.174,0.985,-0.143,0.975,-0.172],"_shiftlockState":true,"_pose":"Running","_animationQueue":[],"_animationSpeed":1.103,"_zoom":3.939},{"_mousePosition":[683,384],"_rootPartCFrame":[755.142,222.713,47.393,-0.99,0,0.143,0,1,0,-0.143,0,-0.99],"_humanoidState":8,"_cameraCFrame":[753.504,228.092,46.472,-0.99,-0.137,0.024,0,0.174,0.985,-0.139,0.975,-0.172],"_shiftlockState":true,"_pose":"Running","_animationQueue":[["walk",0.1]],"_animationSpeed":1.103,"_zoom":3.939},{"_mousePosition":[683,384],"_rootPartCFrame":[754.812,222.713,47.345,-0.99,0,0.139,0,1,0,-0.139,0,-0.99],"_humanoidState":8,"_cameraCFrame":[753.166,228.092,46.438,-0.991,-0.129,0.023,0,0.174,0.985,-0.131,0.976,-0.172],"_shiftlockState":true,"_pose":"Running","_animationQueue":[],"_animationSpeed":1.103,"_zoom":3.939},{"_mousePosition":[683,384],"_rootPartCFrame":[754.548,222.713,47.308,-0.991,0,0.131,0,1,0,-0.131,0,-0.991],"_humanoidState":8,"_cameraCFrame":[752.893,228.092,46.418,-0.993,-0.118,0.021,0,0.174,0.985,-0.12,0.978,-0.172],"_shiftlockState":true,"_pose":"Running","_animationQueue":[],"_animationSpeed":1.103,"_zoom":3.939},{"_mousePosition":[683,384],"_rootPartCFrame":[754.284,222.713,47.273,-0.993,0,0.12,0,1,0,-0.12,0,-0.993],"_humanoidState":8,"_cameraCFrame":[752.613,227.8,46.454,-0.994,-0.107,0.019,0,0.174,0.985,-0.109,0.979,-0.173],"_shiftlockState":true,"_pose":"Running","_animationQueue":[],"_animationSpeed":1.103,"_zoom":3.939},{"_mousePosition":[683,384],"_rootPartCFrame":[753.953,222.713,47.232,-0.994,0,0.109,0,1,0,-0.109,0,-0.994],"_humanoidState":8,"_cameraCFrame":[752.272,227.8,46.434,-0.995,-0.095,0.017,0,0.174,0.985,-0.096,0.98,-0.173],"_shiftlockState":true,"_pose":"Running","_animationQueue":[],"_animationSpeed":1.103,"_zoom":3.939},{"_mousePosition":[683,384],"_rootPartCFrame":[753.754,222.713,47.21,-0.995,0,0.096,0,1,0,-0.096,0,-0.995],"_humanoidState":8,"_cameraCFrame":[752.061,227.8,46.439,-0.997,-0.079,0.014,0,0.174,0.985,-0.081,0.982,-0.173],"_shiftlockState":true,"_pose":"Running","_animationQueue":[],"_animationSpeed":1.103,"_zoom":3.939},{"_mousePosition":[683,384],"_rootPartCFrame":[753.489,222.713,47.184,-0.997,0,0.081,0,1,0,-0.081,0,-0.997],"_humanoidState":8,"_cameraCFrame":[751.779,227.8,46.448,-0.998,-0.059,0.01,0,0.174,0.985,-0.06,0.983,-0.173],"_shiftlockState":true,"_pose":"Running","_animationQueue":[],"_animationSpeed":1.103,"_zoom":3.939},{"_mousePosition":[683,384],"_rootPartCFrame":[753.156,222.713,47.156,-0.998,0,0.06,0,1,0,-0.06,0,-0.998],"_humanoidState":8,"_cameraCFrame":[751.433,227.8,46.455,-0.999,-0.039,0.007,0,0.174,0.985,-0.04,0.984,-0.174],"_shiftlockState":true,"_pose":"Running","_animationQueue":[["walk",0.1]],"_animationSpeed":1.103,"_zoom":3.939},{"_mousePosition":[683,384],"_rootPartCFrame":[752.89,222.713,47.14,-0.999,0,0.04,0,1,0,-0.04,0,-0.999],"_humanoidState":8,"_cameraCFrame":[751.152,227.8,46.476,-1,-0.018,0.003,0,0.174,0.985,-0.018,0.985,-0.174],"_shiftlockState":true,"_pose":"Running","_animationQueue":[],"_animationSpeed":1.103,"_zoom":3.939},{"_mousePosition":[683,384],"_rootPartCFrame":[752.69,222.713,47.131,-1,0,0.018,0,1,0,-0.018,0,-1],"_humanoidState":8,"_cameraCFrame":[750.94,227.8,46.499,-1,0,0,0,0.174,0.985,0,0.985,-0.174],"_shiftlockState":true,"_pose":"Running","_animationQueue":[],"_animationSpeed":1.103,"_zoom":3.939},{"_mousePosition":[683,384],"_rootPartCFrame":[752.424,222.713,47.125,-1,0,0,0,1,0,0,0,-1],"_humanoidState":8,"_cameraCFrame":[750.66,227.8,46.531,-1,0.022,-0.004,0,0.174,0.985,0.022,0.985,-0.174],"_shiftlockState":true,"_pose":"Running","_animationQueue":[],"_animationSpeed":1.103,"_zoom":3.939},{"_mousePosition":[683,384],"_rootPartCFrame":[752.158,222.713,46.962,-1,0,-0.022,0,1,0,0.022,0,-1],"_humanoidState":8,"_cameraCFrame":[750.384,227.824,46.393,-0.999,0.038,-0.007,0,0.174,0.985,0.039,0.984,-0.174],"_shiftlockState":true,"_pose":"Running","_animationQueue":[],"_animationSpeed":1.103,"_zoom":3.939},{"_mousePosition":[683,384],"_rootPartCFrame":[752.021,222.713,46.954,-1,0,0,0,1,0.001,0,0.001,-1],"_humanoidState":8,"_cameraCFrame":[750.239,227.869,46.406,-0.999,0.054,-0.009,0,0.174,0.985,0.054,0.983,-0.173],"_shiftlockState":true,"_pose":"Running","_animationQueue":[],"_animationSpeed":1.103,"_zoom":3.939},{"_mousePosition":[683,384],"_rootPartCFrame":[751.92,222.713,46.998,-1,0.001,-0.021,0.001,1,0.006,0.021,0.006,-1],"_humanoidState":12,"_cameraCFrame":[750.132,227.922,46.471,-0.998,0.066,-0.012,0,0.174,0.985,0.067,0.983,-0.173],"_shiftlockState":true,"_pose":"Climbing","_animationQueue":[["walk",0.1],["walk",0.1],["climb",0.1]],"_animationSpeed":0,"_zoom":3.939},{"_mousePosition":[683,384],"_rootPartCFrame":[751.74,222.709,47.126,-1,0.005,0.004,0.006,0.999,0.031,-0.003,0.031,-1],"_humanoidState":12,"_cameraCFrame":[749.951,227.96,46.65,-0.997,0.077,-0.014,0,0.174,0.985,0.078,0.982,-0.173],"_shiftlockState":true,"_pose":"Climbing","_animationQueue":[],"_animationSpeed":0,"_zoom":3.939},{"_mousePosition":[683,384],"_rootPartCFrame":[751.653,222.708,47.233,-0.999,0.011,-0.038,0.009,0.999,0.049,0.038,0.049,-0.998],"_humanoidState":12,"_cameraCFrame":[749.867,227.991,46.795,-0.996,0.087,-0.015,0,0.174,0.985,0.088,0.981,-0.173],"_shiftlockState":true,"_pose":"Climbing","_animationQueue":[["climb",0.1]],"_animationSpeed":-0.057,"_zoom":3.939},{"_mousePosition":[683,384],"_rootPartCFrame":[751.597,222.702,47.262,-1,0.022,-0.001,0.022,0.995,0.101,0.004,0.101,-0.995],"_humanoidState":12,"_cameraCFrame":[749.821,228.007,46.918,-0.995,0.098,-0.017,0,0.174,0.985,0.099,0.98,-0.173],"_shiftlockState":true,"_pose":"Climbing","_animationQueue":[["climb",0.1]],"_animationSpeed":0,"_zoom":3.939},{"_mousePosition":[683,384],"_rootPartCFrame":[751.574,222.705,47.28,-1,0.028,-0.008,0.027,0.994,0.106,0.011,0.106,-0.994],"_humanoidState":12,"_cameraCFrame":[749.802,228.028,46.959,-0.994,0.108,-0.019,0,0.174,0.985,0.11,0.979,-0.173],"_shiftlockState":true,"_pose":"Climbing","_animationQueue":[],"_animationSpeed":0,"_zoom":3.939},{"_mousePosition":[683,384],"_rootPartCFrame":[751.202,222.703,47.318,-1,0.025,0.008,0.026,0.988,0.15,-0.004,0.15,-0.989],"_humanoidState":12,"_cameraCFrame":[749.419,228.033,47.085,-0.992,0.121,-0.021,0,0.174,0.985,0.123,0.977,-0.172],"_shiftlockState":true,"_pose":"Climbing","_animationQueue":[],"_animationSpeed":0,"_zoom":3.939},{"_mousePosition":[683,384],"_rootPartCFrame":[750.381,222.704,47.313,-0.615,0.136,-0.777,0.022,0.988,0.155,0.788,0.078,-0.611],"_humanoidState":12,"_cameraCFrame":[748.54,227.929,48.049,-0.618,0.747,-0.244,0,0.311,0.95,0.786,0.588,-0.192],"_shiftlockState":true,"_pose":"Climbing","_animationQueue":[["climb",0.1]],"_animationSpeed":0,"_zoom":3.939},{"_mousePosition":[683,384],"_rootPartCFrame":[749.626,223.256,47.032,-0.642,0.136,-0.755,0.017,0.986,0.163,0.767,0.092,-0.635],"_humanoidState":3,"_cameraCFrame":[747.786,228.479,47.788,-0.618,0.747,-0.244,0,0.311,0.95,0.786,0.588,-0.192],"_shiftlockState":true,"_pose":"Jumping","_animationQueue":[["jump",0.1]],"_animationSpeed":1,"_zoom":3.939},{"_mousePosition":[683,384],"_rootPartCFrame":[748.997,223.788,46.708,-0.693,0.072,-0.718,0.018,0.996,0.084,0.721,0.045,-0.692],"_humanoidState":5,"_cameraCFrame":[747.062,229.027,47.395,-0.618,0.747,-0.244,0,0.311,0.95,0.786,0.588,-0.192],"_shiftlockState":true,"_pose":"FreeFall","_animationQueue":[["jump",0.1]],"_animationSpeed":1,"_zoom":3.939},{"_mousePosition":[683,384],"_rootPartCFrame":[748.384,224.259,46.422,-0.714,0.022,-0.7,0.012,1,0.019,0.7,0.006,-0.714],"_humanoidState":5,"_cameraCFrame":[746.372,229.503,47.049,-0.618,0.747,-0.244,0,0.311,0.95,0.786,0.588,-0.192],"_shiftlockState":true,"_pose":"FreeFall","_animationQueue":[],"_animationSpeed":1,"_zoom":3.939},{"_mousePosition":[683,384],"_rootPartCFrame":[747.798,224.66,46.17,-0.717,0.002,-0.697,0.004,1,-0.001,0.697,-0.004,-0.717],"_humanoidState":5,"_cameraCFrame":[745.758,229.904,46.783,-0.618,0.747,-0.244,0,0.311,0.95,0.786,0.588,-0.192],"_shiftlockState":true,"_pose":"FreeFall","_animationQueue":[],"_animationSpeed":1,"_zoom":3.939},{"_mousePosition":[683,384],"_rootPartCFrame":[747.237,224.999,45.948,-0.717,-0.002,-0.697,0.001,1,-0.003,0.697,-0.003,-0.717],"_humanoidState":5,"_cameraCFrame":[745.191,230.243,46.563,-0.618,0.747,-0.244,0,0.311,0.95,0.786,0.588,-0.192],"_shiftlockState":true,"_pose":"FreeFall","_animationQueue":[],"_animationSpeed":1,"_zoom":3.939},{"_mousePosition":[683,384],"_rootPartCFrame":[746.698,225.283,45.752,-0.717,-0.001,-0.697,0,1,-0.001,0.697,-0.001,-0.717],"_humanoidState":5,"_cameraCFrame":[744.652,230.527,46.37,-0.618,0.747,-0.244,0,0.311,0.95,0.786,0.588,-0.192],"_shiftlockState":true,"_pose":"FreeFall","_animationQueue":[],"_animationSpeed":1,"_zoom":3.939},{"_mousePosition":[683,384],"_rootPartCFrame":[746.178,225.512,45.584,-0.717,0,-0.697,0,1,0,0.697,0,-0.717],"_humanoidState":5,"_cameraCFrame":[744.134,230.756,46.203,-0.618,0.747,-0.244,0,0.311,0.95,0.786,0.588,-0.192],"_shiftlockState":true,"_pose":"FreeFall","_animationQueue":[],"_animationSpeed":1,"_zoom":3.939},{"_mousePosition":[683,384],"_rootPartCFrame":[745.679,225.687,45.442,-0.717,0,-0.697,0,1,0,0.697,0,-0.717],"_humanoidState":5,"_cameraCFrame":[743.635,230.931,46.061,-0.618,0.747,-0.244,0,0.311,0.95,0.786,0.588,-0.192],"_shiftlockState":true,"_pose":"FreeFall","_animationQueue":[],"_animationSpeed":1,"_zoom":3.939},{"_mousePosition":[683,384],"_rootPartCFrame":[745.2,225.808,45.328,-0.717,0,-0.697,0,1,0,0.697,0,-0.717],"_humanoidState":5,"_cameraCFrame":[743.156,231.052,45.947,-0.618,0.747,-0.244,0,0.311,0.95,0.786,0.588,-0.192],"_shiftlockState":true,"_pose":"FreeFall","_animationQueue":[],"_animationSpeed":1,"_zoom":3.939},{"_mousePosition":[683,384],"_rootPartCFrame":[744.742,225.874,45.24,-0.717,0,-0.697,0,1,0,0.697,0,-0.717],"_humanoidState":5,"_cameraCFrame":[742.698,231.118,45.859,-0.618,0.747,-0.244,0,0.311,0.95,0.786,0.588,-0.192],"_shiftlockState":true,"_pose":"FreeFall","_animationQueue":[],"_animationSpeed":1,"_zoom":3.939},{"_mousePosition":[683,384],"_rootPartCFrame":[744.304,225.886,45.179,-0.717,0,-0.697,0,1,0,0.697,0,-0.717],"_humanoidState":5,"_cameraCFrame":[742.26,231.13,45.798,-0.618,0.747,-0.244,0,0.311,0.95,0.786,0.588,-0.192],"_shiftlockState":true,"_pose":"FreeFall","_animationQueue":[],"_animationSpeed":1,"_zoom":3.939},{"_mousePosition":[683,384],"_rootPartCFrame":[743.887,225.843,45.145,-0.717,0,-0.697,0,1,0,0.697,0,-0.717],"_humanoidState":5,"_cameraCFrame":[741.843,231.087,45.764,-0.618,0.747,-0.244,0,0.311,0.95,0.786,0.588,-0.192],"_shiftlockState":true,"_pose":"FreeFall","_animationQueue":[],"_animationSpeed":1,"_zoom":3.939},{"_mousePosition":[683,384],"_rootPartCFrame":[743.49,225.746,45.138,-0.717,0,-0.697,0,1,0,0.697,0,-0.717],"_humanoidState":5,"_cameraCFrame":[741.446,230.99,45.757,-0.618,0.747,-0.244,0,0.311,0.95,0.786,0.588,-0.192],"_shiftlockState":true,"_pose":"FreeFall","_animationQueue":[],"_animationSpeed":1,"_zoom":3.939},{"_mousePosition":[683,384],"_rootPartCFrame":[743.114,225.594,45.158,-0.717,0,-0.697,0,1,0,0.697,0,-0.717],"_humanoidState":5,"_cameraCFrame":[741.07,230.838,45.777,-0.618,0.747,-0.244,0,0.311,0.95,0.786,0.588,-0.192],"_shiftlockState":true,"_pose":"FreeFall","_animationQueue":[],"_animationSpeed":1,"_zoom":3.939},{"_mousePosition":[683,384],"_rootPartCFrame":[742.758,225.388,45.204,-0.717,0,-0.697,0,1,0,0.697,0,-0.717],"_humanoidState":5,"_cameraCFrame":[740.714,230.632,45.823,-0.618,0.747,-0.244,0,0.311,0.95,0.786,0.588,-0.192],"_shiftlockState":true,"_pose":"FreeFall","_animationQueue":[],"_animationSpeed":1,"_zoom":3.939},{"_mousePosition":[683,384],"_rootPartCFrame":[742.424,225.127,45.277,-0.717,0,-0.697,0,1,0,0.697,0,-0.717],"_humanoidState":5,"_cameraCFrame":[740.38,230.371,45.896,-0.618,0.747,-0.244,0,0.311,0.95,0.786,0.588,-0.192],"_shiftlockState":true,"_pose":"FreeFall","_animationQueue":[["fall",0.3]],"_animationSpeed":1,"_zoom":3.939},{"_mousePosition":[683,384],"_rootPartCFrame":[742.11,224.812,45.377,-0.717,0,-0.697,0,1,0,0.697,0,-0.717],"_humanoidState":5,"_cameraCFrame":[740.066,230.056,45.995,-0.618,0.747,-0.244,0,0.311,0.95,0.786,0.588,-0.192],"_shiftlockState":true,"_pose":"FreeFall","_animationQueue":[],"_animationSpeed":1,"_zoom":3.939},{"_mousePosition":[683,384],"_rootPartCFrame":[741.818,224.442,45.502,-0.717,0,-0.697,0,1,0,0.697,0,-0.717],"_humanoidState":5,"_cameraCFrame":[739.77,229.686,46.108,-0.623,0.743,-0.243,0,0.311,0.95,0.782,0.592,-0.194],"_shiftlockState":true,"_pose":"FreeFall","_animationQueue":[],"_animationSpeed":1,"_zoom":3.939},{"_mousePosition":[683,384],"_rootPartCFrame":[741.546,224.018,45.655,-0.721,0,-0.692,0,1,0,0.692,0,-0.721],"_humanoidState":5,"_cameraCFrame":[739.479,229.261,46.196,-0.647,0.725,-0.238,0,0.312,0.95,0.763,0.614,-0.201],"_shiftlockState":true,"_pose":"FreeFall","_animationQueue":[],"_animationSpeed":1,"_zoom":3.939},{"_mousePosition":[683,384],"_rootPartCFrame":[741.296,223.539,45.833,-0.742,0,-0.67,0,1,0,0.67,0,-0.742],"_humanoidState":5,"_cameraCFrame":[739.171,228.771,46.198,-0.701,0.676,-0.228,0,0.32,0.947,0.713,0.664,-0.224],"_shiftlockState":true,"_pose":"FreeFall","_animationQueue":[],"_animationSpeed":1,"_zoom":3.939},{"_mousePosition":[683,384],"_rootPartCFrame":[741.124,223.006,46.024,-0.729,0,-0.684,0,1,0,0.684,0,-0.729],"_humanoidState":7,"_cameraCFrame":[738.914,228.206,45.98,-0.804,0.559,-0.204,0,0.343,0.939,0.595,0.755,-0.275],"_shiftlockState":true,"_pose":"FreeFall","_animationQueue":[["walk",0.1],["fall",0.3],["fall",0.3]],"_animationSpeed":1,"_zoom":3.939},{"_mousePosition":[683,384],"_rootPartCFrame":[740.941,222.497,46.215,-0.81,0,-0.587,0,1,0,0.587,0,-0.81],"_humanoidState":7,"_cameraCFrame":[738.751,227.642,45.512,-0.923,0.357,-0.146,0,0.379,0.925,0.385,0.854,-0.35],"_shiftlockState":true,"_pose":"FreeFall","_animationQueue":[["fall",0.3]],"_animationSpeed":1,"_zoom":3.939},{"_mousePosition":[683,384],"_rootPartCFrame":[740.675,222.535,46.417,-0.93,0,-0.369,0,1,0,0.369,0,-0.93],"_humanoidState":8,"_cameraCFrame":[738.692,227.618,45.075,-0.988,0.142,-0.065,0,0.415,0.91,0.156,0.899,-0.41],"_shiftlockState":true,"_pose":"Running","_animationQueue":[["walk",0.1],["fall",0.3],["walk",0.1]],"_animationSpeed":1.101,"_zoom":3.939},{"_mousePosition":[683,384],"_rootPartCFrame":[740.495,222.593,46.502,-0.994,0,0.106,0,1,0,-0.106,0,-0.994],"_humanoidState":8,"_cameraCFrame":[738.943,227.592,44.52,-0.995,-0.093,0.048,0,0.459,0.888,-0.104,0.883,-0.457],"_shiftlockState":true,"_pose":"Running","_animationQueue":[],"_animationSpeed":1.101,"_zoom":3.939},{"_mousePosition":[683,384],"_rootPartCFrame":[740.168,222.655,46.494,-0.994,0,0.107,0,1,0,-0.107,0,-0.994],"_humanoidState":8,"_cameraCFrame":[738.609,227.657,44.522,-0.995,-0.09,0.046,0,0.458,0.889,-0.101,0.884,-0.456],"_shiftlockState":true,"_pose":"Running","_animationQueue":[],"_animationSpeed":1.101,"_zoom":3.939},{"_mousePosition":[683,384],"_rootPartCFrame":[739.903,222.682,46.467,-0.995,0,0.101,0,1,0,-0.101,0,-0.995],"_humanoidState":8,"_cameraCFrame":[738.34,227.687,44.504,-0.995,-0.088,0.045,0,0.457,0.89,-0.099,0.885,-0.454],"_shiftlockState":true,"_pose":"Running","_animationQueue":[],"_animationSpeed":1.101,"_zoom":3.939},{"_mousePosition":[683,384],"_rootPartCFrame":[739.637,222.696,46.439,-0.995,0,0.099,0,1,0,-0.099,0,-0.995],"_humanoidState":8,"_cameraCFrame":[