[{"_mousePosition":[1195,398],"_rootPartCFrame":[776.028,222.95,47.142,0,0,1,0,1,0,-1,0,0],"_humanoidState":8,"_cameraCFrame":[776.028,233.877,45.328,-1,0,0,0,0.189,0.982,0,0.982,-0.189],"_shiftlockState":false,"_pose":"Standing","_animationQueue":[],"_animationSpeed":1,"_zoom":9.6},{"_mousePosition":[1195,398],"_rootPartCFrame":[776.028,222.806,47.142,0,0,1,0,1,0,-1,0,0],"_humanoidState":8,"_cameraCFrame":[776.028,233.733,45.328,-1,0,0,0,0.189,0.982,0,0.982,-0.189],"_shiftlockState":false,"_pose":"Standing","_animationQueue":[],"_animationSpeed":1,"_zoom":9.6},{"_mousePosition":[1195,398],"_rootPartCFrame":[776.028,222.729,47.142,0,0,1,0,1,0,-1,0,0],"_humanoidState":8,"_cameraCFrame":[776.028,233.656,45.328,-1,0,0,0,0.189,0.982,0,0.982,-0.189],"_shiftlockState":false,"_pose":"Standing","_animationQueue":[],"_animationSpeed":1,"_zoom":9.6},{"_mousePosition":[1195,398],"_rootPartCFrame":[776.028,222.65,47.142,0,0,1,0,1,0,-1,0,0],"_humanoidState":8,"_cameraCFrame":[776.028,233.577,45.328,-1,0,0,0,0.189,0.982,0,0.982,-0.189],"_shiftlockState":false,"_pose":"Standing","_animationQueue":[],"_animationSpeed":1,"_zoom":9.6},{"_mousePosition":[1195,398],"_rootPartCFrame":[776.028,222.662,47.142,0,0,1,0,1,0,-1,0,0],"_humanoidState":8,"_cameraCFrame":[776.028,233.589,45.328,-1,0,0,0,0.189,0.982,0,0.982,-0.189],"_shiftlockState":false,"_pose":"Standing","_animationQueue":[],"_animationSpeed":1,"_zoom":9.6},{"_mousePosition":[1195,398],"_rootPartCFrame":[776.028,222.678,47.142,0,0,1,0,1,0,-1,0,0],"_humanoidState":8,"_cameraCFrame":[776.028,233.605,45.328,-1,0,0,0,0.189,0.982,0,0.982,-0.189],"_shiftlockState":false,"_pose":"Standing","_animationQueue":[],"_animationSpeed":1,"_zoom":9.6},{"_mousePosition":[1195,398],"_rootPartCFrame":[776.028,222.687,47.142,0,0,1,0,1,0,-1,0,0],"_humanoidState":8,"_cameraCFrame":[776.028,233.614,45.328,-1,0,0,0,0.189,0.982,0,0.982,-0.189],"_shiftlockState":false,"_pose":"Standing","_animationQueue":[],"_animationSpeed":1,"_zoom":9.6},{"_mousePosition":[1195,398],"_rootPartCFrame":[776.028,222.694,47.142,0,0,1,0,1,0,-1,0,0],"_humanoidState":8,"_cameraCFrame":[776.028,233.621,45.328,-1,0,0,0,0.189,0.982,0,0.982,-0.189],"_shiftlockState":false,"_pose":"Standing","_animationQueue":[],"_animationSpeed":1,"_zoom":9.6},{"_mousePosition":[1195,398],"_rootPartCFrame":[775.927,222.696,47.142,0,0,1,0,1,0,-1,0,0],"_humanoidState":8,"_cameraCFrame":[775.927,233.623,45.328,-1,0,0,0,0.189,0.982,0,0.982,-0.189],"_shiftlockState":false,"_pose":"Standing","_animationQueue":[],"_animationSpeed":1,"_zoom":9.6},{"_mousePosition":[1195,398],"_rootPartCFrame":[775.669,222.698,47.142,0,0,1,0,1,0,-1,0,0],"_humanoidState":8,"_cameraCFrame":[775.669,233.625,45.328,-1,0,0,0,0.189,0.982,0,0.982,-0.189],"_shiftlockState":false,"_pose":"Running","_animationQueue":[["walk",0.1]],"_animationSpeed":0.836,"_zoom":9.6},{"_mousePosition":[1195,398],"_rootPartCFrame":[775.336,222.699,47.142,0,0,1,0,1,0,-1,0,0],"_humanoidState":8,"_cameraCFrame":[775.336,233.626,45.328,-1,0,0,0,0.189,0.982,0,0.982,-0.189],"_shiftlockState":false,"_pose":"Running","_animationQueue":[["walk",0.1]],"_animationSpeed":1.098,"_zoom":9.6},{"_mousePosition":[1195,398],"_rootPartCFrame":[775.136,222.699,47.142,0,0,1,0,1,0,-1,0,0],"_humanoidState":8,"_cameraCFrame":[775.136,233.626,45.328,-1,0,0,0,0.189,0.982,0,0.982,-0.189],"_shiftlockState":false,"_pose":"Running","_animationQueue":[],"_animationSpeed":1.098,"_zoom":9.6},{"_mousePosition":[1195,398],"_rootPartCFrame":[774.87,222.699,47.142,0,0,1,0,1,0,-1,0,0],"_humanoidState":8,"_cameraCFrame":[774.87,233.626,45.328,-1,0,0,0,0.189,0.982,0,0.982,-0.189],"_shiftlockState":false,"_pose":"Running","_animationQueue":[],"_animationSpeed":1.098,"_zoom":9.6},{"_mousePosition":[1195,398],"_rootPartCFrame":[774.603,222.699,47.142,0,0,1,0,1,0,-1,0,0],"_humanoidState":8,"_cameraCFrame":[774.603,233.626,45.328,-1,0,0,0,0.189,0.982,0,0.982,-0.189],"_shiftlockState":false,"_pose":"Running","_animationQueue":[["walk",0.1]],"_animationSpeed":1.098,"_zoom":9.6},{"_mousePosition":[1195,398],"_rootPartCFrame":[774.337,222.7,47.142,0,0,1,0,1,0,-1,0,0],"_humanoidState":8,"_cameraCFrame":[774.337,233.627,45.328,-1,0,0,0,0.189,0.982,0,0.982,-0.189],"_shiftlockState":false,"_pose":"Running","_animationQueue":[],"_animationSpeed":1.098,"_zoom":9.6},{"_mousePosition":[1195,398],"_rootPartCFrame":[774.07,222.7,47.142,0,0,1,0,1,0,-1,0,0],"_humanoidState":8,"_cameraCFrame":[774.07,233.627,45.328,-1,0,0,0,0.189,0.982,0,0.982,-0.189],"_shiftlockState":false,"_pose":"Running","_animationQueue":[],"_animationSpeed":1.098,"_zoom":9.6},{"_mousePosition":[1195,398],"_rootPartCFrame":[773.737,222.7,47.142,0,0,1,0,1,0,-1,0,0],"_humanoidState":8,"_cameraCFrame":[773.737,233.627,45.328,-1,0,0,0,0.189,0.982,0,0.982,-0.189],"_shiftlockState":false,"_pose":"Running","_animationQueue":[],"_animationSpeed":1.098,"_zoom":9.6},{"_mousePosition":[1195,398],"_rootPartCFrame":[773.47,222.7,47.142,0,0,1,0,1,0,-1,0,0],"_humanoidState":8,"_cameraCFrame":[773.47,233.627,45.328,-1,0,0,0,0.189,0.982,0,0.982,-0.189],"_shiftlockState":false,"_pose":"Running","_animationQueue":[],"_animationSpeed":1.098,"_zoom":9.6},{"_mousePosition":[1195,398],"_rootPartCFrame":[773.203,222.7,47.142,0,0,1,0,1,0,-1,0,0],"_humanoidState":8,"_cameraCFrame":[773.203,233.627,45.328,-1,0,0,0,0.189,0.982,0,0.982,-0.189],"_shiftlockState":false,"_pose":"Running","_animationQueue":[],"_animationSpeed":1.098,"_zoom":9.6},{"_mousePosition":[1195,398],"_rootPartCFrame":[772.87,223.783,47.142,0,0,1,0,1,0,-1,0,0],"_humanoidState":3,"_cameraCFrame":[772.87,234.71,45.328,-1,0,0,0,0.189,0.982,0,0.982,-0.189],"_shiftlockState":false,"_pose":"Jumping","_animationQueue":[["walk",0.1],["walk",0.1],["jump",0.1]],"_animationSpeed":1,"_zoom":9.6},{"_mousePosition":[1195,398],"_rootPartCFrame":[772.67,224.395,47.142,0,0,1,0,1,0,-1,0,0],"_humanoidState":5,"_cameraCFrame":[772.67,235.322,45.328,-1,0,0,0,0.189,0.982,0,0.982,-0.189],"_shiftlockState":false,"_pose":"FreeFall","_animationQueue":[["jump",0.1]],"_animationSpeed":1,"_zoom":9.6},{"_mousePosition":[1195,398],"_rootPartCFrame":[772.403,225.162,47.142,0,0,1,0,1,0,-1,0,0],"_humanoidState":5,"_cameraCFrame":[772.403,236.089,45.328,-1,0,0,0,0.189,0.982,0,0.982,-0.189],"_shiftlockState":false,"_pose":"FreeFall","_animationQueue":[],"_animationSpeed":1,"_zoom":9.6},{"_mousePosition":[1195,398],"_rootPartCFrame":[772.137,225.875,47.142,0,0,1,0,1,0,-1,0,0],"_humanoidState":5,"_cameraCFrame":[772.137,236.802,45.328,-1,0,0,0,0.189,0.982,0,0.982,-0.189],"_shiftlockState":false,"_pose":"FreeFall","_animationQueue":[],"_animationSpeed":1,"_zoom":9.6},{"_mousePosition":[1195,398],"_rootPartCFrame":[771.87,226.534,47.142,0,0,1,0,1,0,-1,0,0],"_humanoidState":5,"_cameraCFrame":[771.87,237.461,45.328,-1,0,0,0,0.189,0.982,0,0.982,-0.189],"_shiftlockState":false,"_pose":"FreeFall","_animationQueue":[],"_animationSpeed":1,"_zoom":9.6},{"_mousePosition":[1195,398],"_rootPartCFrame":[771.604,227.138,47.142,0,0,1,0,1,0,-1,0,0],"_humanoidState":5,"_cameraCFrame":[771.604,238.065,45.328,-1,0,0,0,0.189,0.982,0,0.982,-0.189],"_shiftlockState":false,"_pose":"FreeFall","_animationQueue":[],"_animationSpeed":1,"_zoom":9.6},{"_mousePosition":[1195,398],"_rootPartCFrame":[771.337,227.687,47.142,0,0,1,0,1,0,-1,0,0],"_humanoidState":5,"_cameraCFrame":[771.337,238.614,45.328,-1,0,0,0,0.189,0.982,0,0.982,-0.189],"_shiftlockState":false,"_pose":"FreeFall","_animationQueue":[],"_animationSpeed":1,"_zoom":9.6},{"_mousePosition":[1195,398],"_rootPartCFrame":[771.07,228.182,47.142,0,0,1,0,1,0,-1,0,0],"_humanoidState":5,"_cameraCFrame":[771.07,239.109,45.328,-1,0,0,0,0.189,0.982,0,0.982,-0.189],"_shiftlockState":false,"_pose":"FreeFall","_animationQueue":[],"_animationSpeed":1,"_zoom":9.6},{"_mousePosition":[1195,398],"_rootPartCFrame":[770.804,228.623,47.142,0,0,1,0,1,0,-1,0,0],"_humanoidState":5,"_cameraCFrame":[770.804,239.55,45.328,-1,0,0,0,0.189,0.982,0,0.982,-0.189],"_shiftlockState":false,"_pose":"FreeFall","_animationQueue":[],"_animationSpeed":1,"_zoom":9.6},{"_mousePosition":[1195,398],"_rootPartCFrame":[770.537,229.009,47.142,0,0,1,0,1,0,-1,0,0],"_humanoidState":5,"_cameraCFrame":[770.537,239.936,45.328,-1,0,0,0,0.189,0.982,0,0.982,-0.189],"_shiftlockState":false,"_pose":"FreeFall","_animationQueue":[],"_animationSpeed":1,"_zoom":9.6},{"_mousePosition":[1195,398],"_rootPartCFrame":[770.271,229.34,47.142,0,0,1,0,1,0,-1,0,0],"_humanoidState":5,"_cameraCFrame":[770.271,240.267,45.328,-1,0,0,0,0.189,0.982,0,0.982,-0.189],"_shiftlockState":false,"_pose":"FreeFall","_animationQueue":[],"_animationSpeed":1,"_zoom":9.6},{"_mousePosition":[1195,398],"_rootPartCFrame":[770.004,229.617,47.142,0,0,1,0,1,0,-1,0,0],"_humanoidState":5,"_cameraCFrame":[770.004,240.544,45.328,-1,0,0,0,0.189,0.982,0,0.982,-0.189],"_shiftlockState":false,"_pose":"FreeFall","_animationQueue":[],"_animationSpeed":1,"_zoom":9.6},{"_mousePosition":[1195,398],"_rootPartCFrame":[769.737,229.84,47.142,0,0,1,0,1,0,-1,0,0],"_humanoidState":5,"_cameraCFrame":[769.737,240.767,45.328,-1,0,0,0,0.189,0.982,0,0.982,-0.189],"_shiftlockState":false,"_pose":"FreeFall","_animationQueue":[],"_animationSpeed":1,"_zoom":9.6},{"_mousePosition":[1195,398],"_rootPartCFrame":[769.471,230.008,47.142,0,0,1,0,1,0,-1,0,0],"_humanoidState":5,"_cameraCFrame":[767.721,240.935,45.328,-1,0,0,0,0.189,0.982,0,0.982,-0.189],"_shiftlockState":true,"_pose":"FreeFall","_animationQueue":[],"_animationSpeed":1,"_zoom":9.6},{"_mousePosition":[683,384],"_rootPartCFrame":[769.204,230.122,47.142,-0.996,0,0.092,0,1,0,-0.092,0,-0.996],"_humanoidState":5,"_cameraCFrame":[767.454,241.049,45.328,-1,0,0,0,0.189,0.982,0,0.982,-0.189],"_shiftlockState":true,"_pose":"FreeFall","_animationQueue":[],"_animationSpeed":1,"_zoom":9.6},{"_mousePosition":[683,384],"_rootPartCFrame":[768.871,230.187,47.142,-0.987,0,0.161,0,1,0,-0.161,0,-0.987],"_humanoidState":5,"_cameraCFrame":[767.121,241.114,45.328,-1,0,0,0,0.189,0.982,0,0.982,-0.189],"_shiftlockState":true,"_pose":"FreeFall","_animationQueue":[],"_animationSpeed":1,"_zoom":9.6},{"_mousePosition":[683,384],"_rootPartCFrame":[768.671,230.185,47.142,-0.995,0,0.099,0,1,0,-0.099,0,-0.995],"_humanoidState":5,"_cameraCFrame":[766.921,241.112,45.328,-1,0,0,0,0.189,0.982,0,0.982,-0.189],"_shiftlockState":true,"_pose":"FreeFall","_animationQueue":[],"_animationSpeed":1,"_zoom":9.6},{"_mousePosition":[683,384],"_rootPartCFrame":[768.404,230.135,47.142,-0.991,0,0.133,0,1,0,-0.133,0,-0.991],"_humanoidState":5,"_cameraCFrame":[766.654,241.062,45.328,-1,0,0,0,0.189,0.982,0,0.982,-0.189],"_shiftlockState":true,"_pose":"FreeFall","_animationQueue":[],"_animationSpeed":1,"_zoom":9.6},{"_mousePosition":[683,384],"_rootPartCFrame":[768.138,230.031,47.142,-0.991,0,0.133,0,1,0,-0.133,0,-0.991],"_humanoidState":5,"_cameraCFrame":[766.388,240.958,45.328,-1,0,0,0,0.189,0.982,0,0.982,-0.189],"_shiftlockState":true,"_pose":"FreeFall","_animationQueue":[],"_animationSpeed":1,"_zoom":9.6},{"_mousePosition":[683,384],"_rootPartCFrame":[767.871,229.872,47.142,-0.991,0,0.133,0,1,0,-0.133,0,-0.991],"_humanoidState":5,"_cameraCFrame":[766.121,240.799,45.328,-1,0,0,0,0.189,0.982,0,0.982,-0.189],"_shiftlockState":true,"_pose":"FreeFall","_animationQueue":[],"_animationSpeed":1,"_zoom":9.6},{"_mousePosition":[683,384],"_rootPartCFrame":[767.605,229.658,47.142,-0.991,0,0.133,0,1,0,-0.133,0,-0.991],"_humanoidState":5,"_cameraCFrame":[765.855,240.585,45.328,-1,0,0,0,0.189,0.982,0,0.982,-0.189],"_shiftlockState":true,"_pose":"FreeFall","_animationQueue":[],"_animationSpeed":1,"_zoom":9.6},{"_mousePosition":[683,384],"_rootPartCFrame":[767.338,229.39,47.142,-0.991,0,0.133,0,1,0,-0.133,0,-0.991],"_humanoidState":5,"_cameraCFrame":[765.588,240.317,45.328,-1,0,0,0,0.189,0.982,0,0.982,-0.189],"_shiftlockState":true,"_pose":"FreeFall","_animationQueue":[["fall",0.3]],"_animationSpeed":1,"_zoom":9.6},{"_mousePosition":[683,384],"_rootPartCFrame":[767.071,229.068,47.142,-0.991,0,0.133,0,1,0,-0.133,0,-0.991],"_humanoidState":5,"_cameraCFrame":[765.321,239.995,45.328,-1,0,0,0,0.189,0.982,0,0.982,-0.189],"_shiftlockState":true,"_pose":"FreeFall","_animationQueue":[],"_animationSpeed":1,"_zoom":9.6},{"_mousePosition":[683,384],"_rootPartCFrame":[766.805,228.691,47.142,-0.991,0,0.133,0,1,0,-0.133,0,-0.991],"_humanoidState":5,"_cameraCFrame":[765.055,239.618,45.328,-1,0,0,0,0.189,0.982,0,0.982,-0.189],"_shiftlockState":true,"_pose":"FreeFall","_animationQueue":[],"_animationSpeed":1,"_zoom":9.6},{"_mousePosition":[683,384],"_rootPartCFrame":[766.538,228.259,47.142,-0.999,0,0.035,0,1,0,-0.035,0,-0.999],"_humanoidState":7,"_cameraCFrame":[764.788,239.186,45.328,-1,0,0,0,0.189,0.982,0,0.982,-0.189],"_shiftlockState":true,"_pose":"FreeFall","_animationQueue":[["walk",0.1],["fall",0.3],["fall",0.3]],"_animationSpeed":1,"_zoom":9.6},{"_mousePosition":[683,384],"_rootPartCFrame":[766.272,227.773,47.142,-1,0,0.002,0,1,0,-0.002,0,-1],"_humanoidState":7,"_cameraCFrame":[764.522,238.7,45.328,-1,0,0,0,0.189,0.982,0,0.982,-0.189],"_shiftlockState":true,"_pose":"FreeFall","_animationQueue":[],"_animationSpeed":1,"_zoom":9.6},{"_mousePosition":[683,384],"_rootPartCFrame":[765.938,227.576,47.142,-1,0,0,0,1,0,0,0,-1],"_humanoidState":8,"_cameraCFrame":[764.188,238.503,45.328,-1,0,0,0,0.189,0.982,0,0.982,-0.189],"_shiftlockState":true,"_pose":"Running","_animationQueue":[["walk",0.1],["fall",0.3],["walk",0.1]],"_animationSpeed":1.103,"_zoom":9.6},{"_mousePosition":[683,384],"_rootPartCFrame":[765.672,227.614,47.142,-1,0,0,0,1,0,0,0,-1],"_humanoidState":8,"_cameraCFrame":[763.922,238.541,45.328,-1,0,0,0,0.189,0.982,0,0.982,-0.189],"_shiftlockState":true,"_pose":"Running","_animationQueue":[],"_animationSpeed":1.103,"_zoom":9.6},{"_mousePosition":[683,384],"_rootPartCFrame":[765.405,227.65,47.142,-1,0,0,0,1,0,0,0,-1],"_humanoidState":8,"_cameraCFrame":[763.655,238.577,45.328,-1,0,0,0,0.189,0.982,0,0.982,-0.189],"_shiftlockState":true,"_pose":"Running","_animationQueue":[["walk",0.1]],"_animationSpeed":1.103,"_zoom":9.6},{"_mousePosition":[683,384],"_rootPartCFrame":[765.138,227.672,47.142,-1,0,0,0,1,0,0,0,-1],"_humanoidState":8,"_cameraCFrame":[763.388,238.599,45.328,-1,0,0,0,0.189,0.982,0,0.982,-0.189],"_shiftlockState":true,"_pose":"Running","_animationQueue":[],"_animationSpeed":1.103,"_zoom":9.6},{"_mousePosition":[683,384],"_rootPartCFrame":[764.872,227.656,47.142,-1,0,0,0,1,0,0,0,-1],"_humanoidState":8,"_cameraCFrame":[763.122,238.583,45.328,-1,0,0,0,0.189,0.982,0,0.982,-0.189],"_shiftlockState":true,"_pose":"Running","_animationQueue":[],"_animationSpeed":1.103,"_zoom":9.6},{"_mousePosition":[683,384],"_rootPartCFrame":[764.539,227.559,47.142,-1,0,0,0,1,0,0,0,-1],"_humanoidState":8,"_cameraCFrame":[764.539,238.486,45.328,-1,0,0,0,0.189,0.982,0,0.982,-0.189],"_shiftlockState":false,"_pose":"Running","_animationQueue":[],"_animationSpeed":1.103,"_zoom":9.6},{"_mousePosition":[683,384],"_rootPartCFrame":[764.339,227.46,47.142,-1,0,0,0,1,0,0,0,-1],"_humanoidState":8,"_cameraCFrame":[764.339,238.387,45.328,-1,0,0,0,0.189,0.982,0,0.982,-0.189],"_shiftlockState":false,"_pose":"Running","_animationQueue":[],"_animationSpeed":1.103,"_zoom":9.6},{"_mousePosition":[683,384],"_rootPartCFrame":[764.072,227.28,47.142,-1,0,0,0,1,0,0,0,-1],"_humanoidState":8,"_cameraCFrame":[764.072,238.207,45.328,-1,0,0,0,0.189,0.982,0,0.982,-0.189],"_shiftlockState":false,"_pose":"Running","_animationQueue":[],"_animationSpeed":1.103,"_zoom":9.6},{"_mousePosition":[683,384],"_rootPartCFrame":[763.805,227.045,47.142,-1,0,0,0,1,0,0,0,-1],"_humanoidState":8,"_cameraCFrame":[763.805,237.972,45.328,-1,0,0,0,0.189,0.982,0,0.982,-0.189],"_shiftlockState":false,"_pose":"Running","_animationQueue":[],"_animationSpeed":1.103,"_zoom":9.6},{"_mousePosition":[683,384],"_rootPartCFrame":[763.539,227.919,47.142,-1,0,0,0,1,0,0,0,-1],"_humanoidState":3,"_cameraCFrame":[763.539,238.846,45.328,-1,0,0,0,0.189,0.982,0,0.982,-0.189],"_shiftlockState":false,"_pose":"Jumping","_animationQueue":[["walk",0.1],["walk",0.1],["jump",0.1]],"_animationSpeed":1,"_zoom":9.6},{"_mousePosition":[683,384],"_rootPartCFrame":[763.272,228.741,47.142,-0.996,0,0.092,0,1,0,-0.092,0,-0.996],"_humanoidState":5,"_cameraCFrame":[763.272,239.668,45.328,-1,0,0,0,0.189,0.982,0,0.982,-0.189],"_shiftlockState":false,"_pose":"FreeFall","_animationQueue":[["jump",0.1]],"_animationSpeed":1,"_zoom":9.6},{"_mousePosition":[683,384],"_rootPartCFrame":[763.006,229.508,47.142,-0.976,0,0.219,0,1,0,-0.219,0,-0.976],"_humanoidState":5,"_cameraCFrame":[763.006,240.435,45.328,-1,0,0,0,0.189,0.982,0,0.982,-0.189],"_shiftlockState":false,"_pose":"FreeFall","_animationQueue":[],"_animationSpeed":1,"_zoom":9.6},{"_mousePosition":[683,384],"_rootPartCFrame":[762.739,230.221,47.142,-0.938,0,0.346,0,1,0,-0.346,0,-0.938],"_humanoidState":5,"_cameraCFrame":[762.739,241.148,45.328,-1,0,0,0,0.189,0.982,0,0.982,-0.189],"_shiftlockState":false,"_pose":"FreeFall","_animationQueue":[],"_animationSpeed":1,"_zoom":9.6},{"_mousePosition":[683,384],"_rootPartCFrame":[762.472,230.88,47.142,-0.884,0,0.468,0,1,0,-0.468,0,-0.884],"_humanoidState":5,"_cameraCFrame":[762.472,241.807,45.328,-1,0,0,0,0.189,0.982,0,0.982,-0.189],"_shiftlockState":false,"_pose":"FreeFall","_animationQueue":[],"_animationSpeed":1,"_zoom":9.6},{"_mousePosition":[683,384],"_rootPartCFrame":[762.206,231.484,47.142,-0.814,0,0.581,0,1,0,-0.581,0,-0.814],"_humanoidState":5,"_cameraCFrame":[762.206,242.411,45.328,-1,0,0,0,0.189,0.982,0,0.982,-0.189],"_shiftlockState":false,"_pose":"FreeFall","_animationQueue":[],"_animationSpeed":1,"_zoom":9.6},{"_mousePosition":[683,384],"_rootPartCFrame":[761.939,232.033,47.142,-0.733,0,0.681,0,1,0,-0.681,0,-0.733],"_humanoidState":5,"_cameraCFrame":[761.939,242.96,45.328,-1,0,0,0,0.189,0.982,0,0.982,-0.189],"_shiftlockState":false,"_pose":"FreeFall","_animationQueue":[],"_animationSpeed":1,"_zoom":9.6},{"_mousePosition":[683,384],"_rootPartCFrame":[761.673,232.528,47.142,-0.65,0,0.76,0,1,0,-0.76,0,-0.65],"_humanoidState":5,"_cameraCFrame":[761.673,243.455,45.328,-1,0,0,0,0.189,0.982,0,0.982,-0.189],"_shiftlockState":false,"_pose":"FreeFall","_animationQueue":[],"_animationSpeed":1,"_zoom":9.6},{"_mousePosition":[683,384],"_rootPartCFrame":[761.406,232.969,47.142,-0.571,0,0.821,0,1,0,-0.821,0,-0.571],"_humanoidState":5,"_cameraCFrame":[761.406,243.896,45.328,-1,0,0,0,0.189,0.982,0,0.982,-0.189],"_shiftlockState":false,"_pose":"FreeFall","_animationQueue":[],"_animationSpeed":1,"_zoom":9.6},{"_mousePosition":[683,384],"_rootPartCFrame":[761.139,233.355,47.142,-0.498,0,0.867,0,1,0,-0.867,0,-0.498],"_humanoidState":5,"_cameraCFrame":[761.139,244.282,45.328,-1,0,0,0,0.189,0.982,0,0.982,-0.189],"_shiftlockState":false,"_pose":"FreeFall","_animationQueue":[],"_animationSpeed":1,"_zoom":9.6},{"_mousePosition":[683,384],"_rootPartCFrame":[760.873,233.686,47.142,-0.433,0,0.901,0,1,0,-0.901,0,-0.433],"_humanoidState":5,"_cameraCFrame":[760.873,244.613,45.328,-1,0,0,0,0.189,0.982,0,0.982,-0.189],"_shiftlockState":false,"_pose":"FreeFall","_animationQueue":[],"_animationSpeed":1,"_zoom":9.6},{"_mousePosition":[683,384],"_rootPartCFrame":[760.606,233.963,47.142,-0.376,0,0.927,0,1,0,-0.927,0,-0.376],"_humanoidState":5,"_cameraCFrame":[760.606,244.89,45.328,-1,0,0,0,0.189,0.982,0,0.982,-0.189],"_shiftlockState":false,"_pose":"FreeFall","_animationQueue":[],"_animationSpeed":1,"_zoom":9.6},{"_mousePosition":[683,384],"_rootPartCFrame":[760.34,234.186,47.142,-0.325,0,0.946,0,1,0,-0.946,0,-0.325],"_humanoidState":5,"_cameraCFrame":[760.34,245.113,45.328,-1,0,0,0,0.189,0.982,0,0.982,-0.189],"_shiftlockState":false,"_pose":"FreeFall","_animationQueue":[],"_animationSpeed":1,"_zoom":9.6},{"_mousePosition":[683,384],"_rootPartCFrame":[760.073,234.354,47.142,-0.28,0,0.96,0,1,0,-0.96,0,-0.28],"_humanoidState":5,"_cameraCFrame":[760.073,245.281,45.328,-1,0,0,0,0.189,0.982,0,0.982,-0.189],"_shiftlockState":false,"_pose":"FreeFall","_animationQueue":[],"_animationSpeed":1,"_zoom":9.6},{"_mousePosition":[683,384],"_rootPartCFrame":[759.806,234.467,47.142,-0.242,0,0.97,0,1,0,-0.97,0,-0.242],"_humanoidState":5,"_cameraCFrame":[759.806,245.394,45.328,-1,0,0,0,0.189,0.982,0,0.982,-0.189],"_shiftlockState":false,"_pose":"FreeFall","_animationQueue":[],"_animationSpeed":1,"_zoom":9.6},{"_mousePosition":[683,384],"_rootPartCFrame":[759.54,234.526,47.142,-0.208,0,0.978,0,1,0,-0.978,0,-0.208],"_humanoidState":5,"_cameraCFrame":[759.54,245.453,45.328,-1,0,0,0,0.189,0.982,0,0.982,-0.189],"_shiftlockState":false,"_pose":"FreeFall","_animationQueue":[],"_animationSpeed":1,"_zoom":9.6},{"_mousePosition":[683,384],"_rootPartCFrame":[759.273,234.531,47.142,-0.179,0,0.984,0,1,0,-0.984,0,-0.179],"_humanoidState":5,"_cameraCFrame":[759.273,245.458,45.328,-1,0,0,0,0.189,0.982,0,0.982,-0.189],"_shiftlockState":false,"_pose":"FreeFall","_animationQueue":[],"_animationSpeed":1,"_zoom":9.6},{"_mousePosition":[683,384],"_rootPartCFrame":[759.007,234.481,47.142,-0.154,0,0.988,0,1,0,-0.988,0,-0.154],"_humanoidState":5,"_cameraCFrame":[759.007,245.408,45.328,-1,0,0,0,0.189,0.982,0,0.982,-0.189],"_shiftlockState":false,"_pose":"FreeFall","_animationQueue":[],"_animationSpeed":1,"_zoom":9.6},{"_mousePosition":[683,384],"_rootPartCFrame":[758.74,234.376,47.142,-0.132,0,0.991,0,1,0,-0.991,0,-0.132],"_humanoidState":5,"_cameraCFrame":[758.74,245.303,45.328,-1,0,0,0,0.189,0.982,0,0.982,-0.189],"_shiftlockState":false,"_pose":"FreeFall","_animationQueue":[],"_animationSpeed":1,"_zoom":9.6},{"_mousePosition":[683,384],"_rootPartCFrame":[758.473,234.217,47.142,-0.114,0,0.994,0,1,0,-0.994,0,-0.114],"_humanoidState":5,"_cameraCFrame":[758.473,245.144,45.328,-1,0,0,0,0.189,0.982,0,0.982,-0.189],"_shiftlockState":false,"_pose":"FreeFall","_animationQueue":[],"_animationSpeed":1,"_zoom":9.6},{"_mousePosition":[683,384],"_rootPartCFrame":[758.207,234.004,47.142,-0.098,0,0.995,0,1,0,-0.995,0,-0.098],"_humanoidState":5,"_cameraCFrame":[758.207,244.931,45.328,-1,0,0,0,0.189,0.982,0,0.982,-0.189],"_shiftlockState":false,"_pose":"FreeFall","_animationQueue":[["fall",0.3]],"_animationSpeed":1,"_zoom":9.6},{"_mousePosition":[683,384],"_rootPartCFrame":[757.94,233.736,47.142,-0.084,0,0.996,0,1,0,-0.996,0,-0.084],"_humanoidState":5,"_cameraCFrame":[757.94,244.663,45.328,-1,0,0,0,0.189,0.982,0,0.982,-0.189],"_shiftlockState":false,"_pose":"FreeFall","_animationQueue":[],"_animationSpeed":1,"_zoom":9.6},{"_mousePosition":[683,384],"_rootPartCFrame":[757.674,233.414,47.142,-0.072,0,0.997,0,1,0,-0.997,0,-0.072],"_humanoidState":5,"_cameraCFrame":[757.674,244.341,45.328,-1,0,0,0,0.189,0.982,0,0.982,-0.189],"_shiftlockState":false,"_pose":"FreeFall","_animationQueue":[],"_animationSpeed":1,"_zoom":9.6},{"_mousePosition":[683,384],"_rootPartCFrame":[757.407,233.037,47.142,-0.062,0,0.998,0,1,0,-0.998,0,-0.062],"_humanoidState":5,"_cameraCFrame":[757.407,243.964,45.328,-1,0,0,0,0.189,0.982,0,0.982,-0.189],"_shiftlockState":false,"_pose":"FreeFall","_animationQueue":[],"_animationSpeed":1,"_zoom":9.6},{"_mousePosition":[683,384],"_rootPartCFrame":[757.14,232.605,47.142,-0.053,0,0.999,0,1,0,-0.999,0,-0.053],"_humanoidState":5,"_cameraCFrame":[757.14,243.532,45.328,-1,0,0,0,0.189,0.982,0,0.982,-0.189],"_shiftlockState":false,"_pose":"FreeFall","_animationQueue":[],"_animationSpeed":1,"_zoom":9.6},{"_mousePosition":[683,384],"_rootPartCFrame":[756.874,232.119,47.142,-0.046,0,0.999,0,1,0,-0.999,0,-0.046],"_humanoidState":5,"_cameraCFrame":[756.874,243.046,45.328,-1,0,0,0,0.189,0.982,0,0.982,-0.189],"_shiftlockState":false,"_pose":"FreeFall","_animationQueue":[],"_animationSpeed":1,"_zoom":9.6},{"_mousePosition":[683,384],"_rootPartCFrame":[756.54,231.435,47.142,-0.038,0,0.999,0,1,0,-0.999,0,-0.038],"_humanoidState":5,"_cameraCFrame":[756.54,242.362,45.328,-1,0,0,0,0.189,0.982,0,0.982,-0.189],"_shiftlockState":false,"_pose":"FreeFall","_animationQueue":[["fall",0.3]],"_animationSpeed":1,"_zoom":9.6},{"_mousePosition":[683,384],"_rootPartCFrame":[756.341,230.984,47.142,-0.034,0,0.999,0,1,0,-0.999,0,-0.034],"_humanoidState":5,"_cameraCFrame":[756.341,241.911,45.328,-1,0,0,0,0.189,0.982,0,0.982,-0.189],"_shiftlockState":false,"_pose":"FreeFall","_animationQueue":[],"_animationSpeed":1,"_zoom":9.6},{"_mousePosition":[683,384],"_rootPartCFrame":[756.074,230.334,47.142,-0.029,0,1,0,1,0,-1,0,-0.029],"_humanoidState":5,"_cameraCFrame":[756.074,241.261,45.328,-1,0,0,0,0.189,0.982,0,0.982,-0.189],"_shiftlockState":false,"_pose":"FreeFall","_animationQueue":[],"_animationSpeed":1,"_zoom":9.6},{"_mousePosition":[683,384],"_rootPartCFrame":[755.807,229.63,47.142,-0.025,0,1,0,1,0,-1,0,-0.025],"_humanoidState":5,"_cameraCFrame":[755.807,240.557,45.328,-1,0,0,0,0.189,0.982,0,0.982,-0.189],"_shiftlockState":false,"_pose":"FreeFall","_animationQueue":[],"_animationSpeed":1,"_zoom":9.6},{"_mousePosition":[683,384],"_rootPartCFrame":[755.541,228.872,47.142,-0.021,0,1,0,1,0,-1,0,-0.021],"_humanoidState":5,"_cameraCFrame":[755.541,239.799,45.328,-1,0,0,0,0.189,0.982,0,0.982,-0.189],"_shiftlockState":false,"_pose":"FreeFall","_animationQueue":[],"_animationSpeed":1,"_zoom":9.6},{"_mousePosition":[683,384],"_rootPartCFrame":[755.207,227.847,47.142,-0.018,0,1,0,1,0,-1,0,-0.018],"_humanoidState":5,"_cameraCFrame":[755.207,238.774,45.328,-1,0,0,0,0.189,0.982,0,0.982,-0.189],"_shiftlockState":false,"_pose":"FreeFall","_animationQueue":[],"_animationSpeed":1,"_zoom":9.6},{"_mousePosition":[683,384],"_rootPartCFrame":[755.008,227.191,47.142,-0.016,0,1,0,1,0,-1,0,-0.016],"_humanoidState":5,"_cameraCFrame":[755.008,238.118,45.328,-1,0,0,0,0.189,0.982,0,0.982,-0.189],"_shiftlockState":false,"_pose":"FreeFall","_animationQueue":[],"_animationSpeed":1,"_zoom":9.6},{"_mousePosition":[683,384],"_rootPartCFrame":[754.741,226.269,47.142,-0.014,0,1,0,1,0,-1,0,-0.014],"_humanoidState":5,"_cameraCFrame":[754.741,237.196,45.328,-1,0,0,0,0.189,0.982,0,0.982,-0.189],"_shiftlockState":false,"_pose":"FreeFall","_animationQueue":[["fall",0.3]],"_animationSpeed":1,"_zoom":9.6},{"_mousePosition":[683,384],"_rootPartCFrame":[754.408,225.04,47.142,-0.011,0,1,0,1,0,-1,0,-0.011],"_humanoidState":5,"_cameraCFrame":[754.408,235.967,45.328,-1,0,0,0,0.189,0.982,0,0.982,-0.189],"_shiftlockState":false,"_pose":"FreeFall","_animationQueue":[],"_animationSpeed":1,"_zoom":9.6},{"_mousePosition":[683,384],"_rootPartCFrame":[754.074,223.726,47.142,-0.009,0,1,0,1,0,-1,0,-0.009],"_humanoidState":5,"_cameraCFrame":[754.074,234.653,45.328,-1,0,0,0,0.189,0.982,0,0.982,-0.189],"_shiftlockState":false,"_pose":"FreeFall","_animationQueue":[],"_animationSpeed":1,"_zoom":9.6},{"_mousePosition":[683,384],"_rootPartCFrame":[753.941,223.176,47.142,-0.009,0,1,0,1,0,-1,0,-0.009],"_humanoidState":5,"_cameraCFrame":[753.941,234.103,45.328,-1,0,0,0,0.189,0.982,0,0.982,-0.189],"_shiftlockState":false,"_pose":"FreeFall","_animationQueue":[],"_animationSpeed":1,"_zoom":9.6},{"_mousePosition":[683,384],"_rootPartCFrame":[753.674,222.036,47.142,-0.007,0,1,0,1,0,-1,0,-0.007],"_humanoidState":5,"_cameraCFrame":[753.674,232.963,45.328,-1,0,0,0,0.189,0.982,0,0.982,-0.189],"_shiftlockState":false,"_pose":"FreeFall","_animationQueue":[],"_animationSpeed":1,"_zoom":9.6},{"_mousePosition":[683,384],"_rootPartCFrame":[753.606,221.989,47.148,0.004,0.01,1,0,1,-0.01,-1,0,0.004],"_humanoidState":12,"_cameraCFrame":[753.621,232.916,45.334,-1,0,0,0,0.189,0.982,0,0.982,-0.189],"_shiftlockState":false,"_pose":"Climbing","_animationQueue":[["walk",0.1],["fall",0.3],["climb",0.1],["climb",0]],"_animationSpeed":-5.802,"_zoom":9.6},{"_mousePosition":[683,384],"_rootPartCFrame":[753.684,222.166,47.157,0.009,0.006,1,0,1,-0.006,-1,0,0.009],"_humanoidState":12,"_cameraCFrame":[753.693,233.093,45.343,-1,0,0,0,0.189,0.982,0,0.982,-0.189],"_shiftlockState":false,"_pose":"Climbing","_animationQueue":[["climb",0.1]],"_animationSpeed":0.603,"_zoom":9.6},{"_mousePosition":[683,384],"_rootPartCFrame":[753.726,222.399,47.161,0.01,0,1,0,1,0,-1,0,0.01],"_humanoidState":12,"_cameraCFrame":[753.725,233.326,45.347,-1,0,0,0,0.189,0.982,0,0.982,-0.189],"_shiftlockState":false,"_pose":"Climbing","_animationQueue":[["climb",0.1]],"_animationSpeed":0.927,"_zoom":9.6},{"_mousePosition":[683,384],"_rootPartCFrame":[753.728,222.539,47.162,0.01,-0.001,1,0,1,0.001,-1,0,0.01],"_humanoidState":12,"_cameraCFrame":[753.727,233.466,45.347,-1,0,0,0,0.189,0.982,0,0.982,-0.189],"_shiftlockState":false,"_pose":"Climbing","_animationQueue":[],"_animationSpeed":0.927,"_zoom":9.6},{"_mousePosition":[683,384],"_rootPartCFrame":[753.728,222.726,47.162,0.01,0,1,0,1,0,-1,0,0.01],"_humanoidState":12,"_cameraCFrame":[753.728,233.652,45.347,-1,0,0,0,0.189,0.982,0,0.982,-0.189],"_shiftlockState":false,"_pose":"Climbing","_animationQueue":[],"_animationSpeed":0.927,"_zoom":9.6},{"_mousePosition":[683,384],"_rootPartCFrame":[753.728,222.912,47.162,0.01,0,1,0,1,0,-1,0,0.01],"_humanoidState":12,"_cameraCFrame":[753.728,233.839,45.347,-1,0,0,0,0.189,0.982,0,0.982,-0.189],"_shiftlockState":false,"_pose":"Climbing","_animationQueue":[],"_animationSpeed":0.927,"_zoom":9.6},{"_mousePosition":[683,384],"_rootPartCFrame":[753.728,223.099,47.162,0.01,0,1,0,1,0,-1,0,0.01],"_humanoidState":12,"_cameraCFrame":[753.728,234.026,45.347,-1,0,0,0,0.189,0.982,0,0.982,-0.189],"_shiftlockState":false,"_pose":"Climbing","_animationQueue":[],"_animationSpeed":0.927,"_zoom":9.6},{"_mousePosition":[683,384],"_rootPartCFrame":[753.703,223.251,47.162,0.009,0,1,0,1,0,-1,0,0.009],"_humanoidState":8,"_cameraCFrame":[751.953,234.178,45.347,-1,0,0,0,0.189,0.982,0,0.982,-0.189],"_shiftlockState":true,"_pose":"Standing","_animationQueue":[["climb",0.1],["idle",0.1],["idle",0.1]],"_animationSpeed":1,"_zoom":9.6},{"_mousePosition":[683,384],"_rootPartCFrame":[754.09,223.321,47.159,-1,0.019,-0.002,0.019,1,-0.013,0.002,-0.013,-1],"_humanoidState":8,"_cameraCFrame":[752.37,234.247,45.325,-1,0,0,0,0.189,0.982,0,0.982,-0.189],"_shiftlockState":true,"_pose":"Running","_animationQueue":[["walk",0.1]],"_animationSpeed":0.164,"_zoom":9.6},{"_mousePosition":[683,384],"_rootPartCFrame":[754.092,223.309,47.16,-1,0.018,0.001,0.018,1,-0.008,-0.001,-0.008,-1],"_humanoidState":8,"_cameraCFrame":[752.37,234.236,45.334,-1,0,0,0,0.189,0.982,0,0.982,-0.189],"_shiftlockState":true,"_pose":"Standing","_animationQueue":[["walk",0.1],["idle",0.1]],"_animationSpeed":1,"_zoom":9.6},{"_mousePosition":[683,384],"_rootPartCFrame":[754.093,223.25,47.157,-1,0.018,0,0.018,1,-0.002,0,-0.002,-1],"_humanoidState":8,"_cameraCFrame":[752.371,234.177,45.34,-1,0,0,0,0.189,0.982,0,0.982,-0.189],"_shiftlockState":true,"_pose":"Standing","_animationQueue":[],"_animationSpeed":1,"_zoom":9.6},{"_mousePosition":[683,384],"_rootPartCFrame":[754.114,223.912,47.154,-1,0.019,0.001,0.019,1,0.001,-0.001,0.001,-1],"_humanoidState":3,"_cameraCFrame":[752.393,234.839,45.342,-1,0,0,0,0.189,0.982,0,0.982,-0.189],"_shiftlockState":true,"_pose":"Jumping","_animationQueue":[["walk",0.1],["jump",0.1]],"_animationSpeed":1,"_zoom":9.6},{"_mousePosition":[683,384],"_rootPartCFrame":[754.177,224.941,47.151,-0.995,-0.002,0.099,-0.001,1,0.005,-0.099,0.004,-0.995],"_humanoidState":5,"_cameraCFrame":[752.425,235.868,45.343,-1,0,0,0,0.189,0.982,0,0.982,-0.189],"_shiftlockState":true,"_pose":"FreeFall","_animationQueue":[["jump",0.1]],"_animationSpeed":1,"_zoom":9.6},{"_mousePosition":[683,384],"_rootPartCFrame":[754.189,225.512,47.148,-0.996,-0.005,0.093,-0.004,1,0.003,-0.093,0.003,-0.996],"_humanoidState":5,"_cameraCFrame":[752.432,236.439,45.338,-1,0,0,0,0.189,0.982,0,0.982,-0.189],"_shiftlockState":true,"_pose":"FreeFall","_animationQueue":[],"_animationSpeed":1,"_zoom":9.6},{"_mousePosition":[683,384],"_rootPartCFrame":[754.171,226.225,47.145,-0.991,-0.002,0.131,-0.002,1,0.001,-0.131,0.001,-0.991],"_humanoidState":5,"_cameraCFrame":[752.418,237.152,45.333,-1,0,0,0,0.189,0.982,0,0.982,-0.189],"_shiftlockState":true,"_pose":"FreeFall","_animationQueue":[],"_animationSpeed":1,"_zoom":9.6},{"_mousePosition":[683,384],"_rootPartCFrame":[754.114,226.884,47.143,-0.991,0,0.133,0,1,0,-0.133,0,-0.991],"_humanoidState":5,"_cameraCFrame":[752.363,237.811,45.329,-1,0,0,0,0.189,0.982,0,0.982,-0.189],"_shiftlockState":true,"_pose":"FreeFall","_animationQueue":[],"_animationSpeed":1,"_zoom":9.6},{"_mousePosition":[683,384],"_rootPartCFrame":[754.016,227.489,47.142,-0.991,0,0.133,0,1,0,-0.133,0,-0.991],"_humanoidState":5,"_cameraCFrame":[752.267,238.415,45.327,-1,0,0,0,0.189,0.982,0,0.982,-0.189],"_shiftlockState":true,"_pose":"FreeFall","_animationQueue":[],"_animationSpeed":1,"_zoom":9.6},{"_mousePosition":[683,384],"_rootPartCFrame":[753.879,228.038,47.14,-0.991,0,0.133,0,1,0,-0.133,0,-0.991],"_humanoidState":5,"_cameraCFrame":[753.879,238.965,45.326,-1,0,0,0,0.189,0.982,0,0.982,-0.189],"_shiftlockState":false,"_pose":"FreeFall","_animationQueue":[],"_animationSpeed":1,"_zoom":9.6},{"_mousePosition":[683,384],"_rootPartCFrame":[753.652,228.649,47.14,-0.955,0,0.295,0,1,0,-0.295,0,-0.955],"_humanoidState":5,"_cameraCFrame":[753.652,239.576,45.325,-1,0,0,0,0.189,0.982,0,0.982,-0.189],"_shiftlockState":false,"_pose":"FreeFall","_animationQueue":[],"_animationSpeed":1,"_zoom":9.6},{"_mousePosition":[683,384],"_rootPartCFrame":[753.485,228.974,47.139,-0.921,0,0.389,0,1,0,-0.389,0,-0.921],"_humanoidState":5,"_cameraCFrame":[753.485,239.901,45.325,-1,0,0,0,0.189,0.982,0,0.982,-0.189],"_shiftlockState":false,"_pose":"FreeFall","_animationQueue":[],"_animationSpeed":1,"_zoom":9.6},{"_mousePosition":[683,384],"_rootPartCFrame":[753.164,229.449,47.139,-0.844,0,0.537,0,1,0,-0.537,0,-0.844],"_humanoidState":5,"_cameraCFrame":[753.164,240.376,45.325,-1,0,0,0,0.189,0.982,0,0.982,-0.189],"_shiftlockState":false,"_pose":"FreeFall","_animationQueue":[],"_animationSpeed":1,"_zoom":9.6},{"_mousePosition":[683,384],"_rootPartCFrame":[752.898,229.767,47.139,-0.765,0,0.644,0,1,0,-0.644,0,-0.765],"_humanoidState":5,"_cameraCFrame":[752.898,240.694,45.325,-1,0,0,0,0.189,0.982,0,0.982,-0.189],"_shiftlockState":false,"_pose":"FreeFall","_animationQueue":[],"_animationSpeed":1,"_zoom":9.6},{"_mousePosition":[683,384],"_rootPartCFrame":[752.631,230.031,47.139,-0.681,0,0.732,0,1,0,-0.732,0,-0.681],"_humanoidState":5,"_cameraCFrame":[752.631,240.958,45.325,-1,0,0,0,0.189,0.982,0,0.982,-0.189],"_shiftlockState":false,"_pose":"FreeFall","_animationQueue":[],"_animationSpeed":1,"_zoom":9.6},{"_mousePosition":[683,384],"_rootPartCFrame":[752.431,230.193,47.139,-0.621,0,0.784,0,1,0,-0.784,0,-0.621],"_humanoidState":5,"_cameraCFrame":[752.431,241.12,45.325,-1,0,0,0,0.189,0.982,0,0.982,-0.189],"_shiftlockState":false,"_pose":"FreeFall","_animationQueue":[],"_animationSpeed":1,"_zoom":9.6},{"_mousePosition":[683,384],"_rootPartCFrame":[752.165,230.361,47.139,-0.545,0,0.839,0,1,0,-0.839,0,-0.545],"_humanoidState":5,"_cameraCFrame":[752.165,241.288,45.325,-1,0,0,0,0.189,0.982,0,0.982,-0.189],"_shiftlockState":false,"_pose":"FreeFall","_animationQueue":[],"_animationSpeed":1,"_zoom":9.6},{"_mousePosition":[683,384],"_rootPartCFrame":[751.898,230.475,47.139,-0.475,0,0.88,0,1,0,-0.88,0,-0.475],"_humanoidState":5,"_cameraCFrame":[751.898,241.402,45.325,-1,0,0,0,0.189,0.982,0,0.982,-0.189],"_shiftlockState":false,"_pose":"FreeFall","_animationQueue":[],"_animationSpeed":1,"_zoom":9.6},{"_mousePosition":[683,384],"_rootPartCFrame":[751.631,230.534,47.139,-0.412,0,0.911,0,1,0,-0.911,0,-0.412],"_humanoidState":5,"_cameraCFrame":[751.631,241.461,45.325,-1,0,0,0,0.189,0.982,0,0.982,-0.189],"_shiftlockState":false,"_pose":"FreeFall","_animationQueue":[],"_animationSpeed":1,"_zoom":9.6},{"_mousePosition":[683,384],"_rootPartCFrame":[751.365,230.539,47.139,-0.357,0,0.934,0,1,0,-0.934,0,-0.357],"_humanoidState":5,"_cameraCFrame":[751.365,241.466,45.325,-1,0,0,0,0.189,0.982,0,0.982,-0.189],"_shiftlockState":false,"_pose":"FreeFall","_animationQueue":[],"_animationSpeed":1,"_zoom":9.6},{"_mousePosition":[683,384],"_rootPartCFrame":[751.032,230.468,47.139,-0.297,0,0.955,0,1,0,-0.955,0,-0.297],"_humanoidState":5,"_cameraCFrame":[751.032,241.395,45.325,-1,0,0,0,0.189,0.982,0,0.982,-0.189],"_shiftlockState":false,"_pose":"FreeFall","_animationQueue":[],"_animationSpeed":1,"_zoom":9.6},{"_mousePosition":[683,384],"_rootPartCFrame":[750.832,230.385,47.139,-0.265,0,0.964,0,1,0,-0.964,0,-0.265],"_humanoidState":5,"_cameraCFrame":[750.832,241.312,45.325,-1,0,0,0,0.189,0.982,0,0.982,-0.189],"_shiftlockState":false,"_pose":"FreeFall","_animationQueue":[["fall",0.3]],"_animationSpeed":1,"_zoom":9.6},{"_mousePosition":[683,384],"_rootPartCFrame":[750.565,230.226,47.139,-0.229,0,0.973,0,1,0,-0.973,0,-0.229],"_humanoidState":5,"_cameraCFrame":[750.565,241.153,45.325,-1,0,0,0,0.189,0.982,0,0.982,-0.189],"_shiftlockState":false,"_pose":"FreeFall","_animationQueue":[],"_animationSpeed":1,"_zoom":9.6},{"_mousePosition":[683,384],"_rootPartCFrame":[750.298,230.013,47.139,-0.197,0,0.98,0,1,0,-0.98,0,-0.197],"_humanoidState":5,"_cameraCFrame":[750.298,240.94,45.325,-1,0,0,0,0.189,0.982,0,0.982,-0.189],"_shiftlockState":false,"_pose":"FreeFall","_animationQueue":[],"_animationSpeed":1,"_zoom":9.6},{"_mousePosition":[683,384],"_rootPartCFrame":[749.965,229.67,47.139,-0.163,0,0.987,0,1,0,-0.987,0,-0.163],"_humanoidState":5,"_cameraCFrame":[749.965,240.597,45.325,-1,0,0,0,0.189,0.982,0,0.982,-0.189],"_shiftlockState":false,"_pose":"FreeFall","_animationQueue":[],"_animationSpeed":1,"_zoom":9.6},{"_mousePosition":[683,384],"_rootPartCFrame":[749.765,229.423,47.139,-0.145,0,0.989,0,1,0,-0.989,0,-0.145],"_humanoidState":5,"_cameraCFrame":[749.765,240.35,45.325,-1,0,0,0,0.189,0.982,0,0.982,-0.189],"_shiftlockState":false,"_pose":"FreeFall","_animationQueue":[],"_animationSpeed":1,"_zoom":9.6},{"_mousePosition":[683,384],"_rootPartCFrame":[749.432,228.943,47.139,-0.12,0,0.993,0,1,0,-0.993,0,-0.12],"_humanoidState":5,"_cameraCFrame":[749.432,239.87,45.325,-1,0,0,0,0.189,0.982,0,0.982,-0.189],"_shiftlockState":false,"_pose":"FreeFall","_animationQueue":[],"_animationSpeed":1,"_zoom":9.6},{"_mousePosition":[683,384],"_rootPartCFrame":[749.232,228.615,47.139,-0.107,0,0.994,0,1,0,-0.994,0,-0.107],"_humanoidState":5,"_cameraCFrame":[749.232,239.542,45.325,-1,0,0,0,0.189,0.982,0,0.982,-0.189],"_shiftlockState":false,"_pose":"FreeFall","_animationQueue":[],"_animationSpeed":1,"_zoom":9.6},{"_mousePosition":[683,384],"_rootPartCFrame":[748.899,227.999,47.139,-0.089,0,0.996,0,1,0,-0.996,0,-0.089],"_humanoidState":7,"_cameraCFrame":[748.899,238.926,45.325,-1,0,0,0,0.189,0.982,0,0.982,-0.189],"_shiftlockState":false,"_pose":"FreeFall","_animationQueue":[["fall",0.3],["walk",0.1],["fall",0.3],["fall",0.3]],"_animationSpeed":1,"_zoom":9.6},{"_mousePosition":[683,384],"_rootPartCFrame":[748.699,227.589,47.139,-0.079,0,0.997,0,1,0,-0.997,0,-0.079],"_humanoidState":7,"_cameraCFrame":[748.699,238.516,45.325,-1,0,0,0,0.189,0.982,0,0.982,-0.189],"_shiftlockState":false,"_pose":"FreeFall","_animationQueue":[],"_animationSpeed":1,"_zoom":9.6},{"_mousePosition":[683,384],"_rootPartCFrame":[748.365,227.558,47.139,-0.066,0,0.998,0,1,0,-0.998,0,-0.066],"_humanoidState":8,"_cameraCFrame":[748.365,238.485,45.325,-1,0,0,0,0.189,0.982,0,0.982,-0.189],"_shiftlockState":false,"_pose":"Running","_animationQueue":[["walk",0.1],["fall",0.3],["walk",0.1]],"_animationSpeed":1.103,"_zoom":9.6},{"_mousePosition":[683,384],"_rootPartCFrame":[748.032,228.641,47.139,-0.052,0,0.999,0,1,0,-0.999,0,-0.052],"_humanoidState":3,"_cameraCFrame":[748.032,239.568,45.325,-1,0,0,0,0.189,0.982,0,0.982,-0.189],"_shiftlockState":false,"_pose":"Jumping","_animationQueue":[["walk",0.1],["jump",0.1]],"_animationSpeed":1,"_zoom":9.6},{"_mousePosition":[683,384],"_rootPartCFrame":[747.847,229.253,47.139,-0.049,0,0.999,0,1,0,-0.999,0,-0.049],"_humanoidState":5,"_cameraCFrame":[747.847,240.18,45.325,-1,0,0,0,0.189,0.982,0,0.982,-0.189],"_shiftlockState":false,"_pose":"FreeFall","_animationQueue":[["jump",0.1]],"_animationSpeed":1,"_zoom":9.6},{"_mousePosition":[683,384],"_rootPartCFrame":[747.635,230.02,47.139,-0.049,0,0.999,0,1,0,-0.999,0,-0.049],"_humanoidState":5,"_cameraCFrame":[747.635,240.947,45.325,-1,0,0,0,0.189,0.