[{"_mousePosition":[1017,370],"_rootPartCFrame":[776.035,222.97,47.142,-0.002,-0.008,1,0,1,0.008,-1,0,-0.002],"_humanoidState":8,"_cameraCFrame":[776.61,234.809,41.626,-0.994,-0.093,0.05,0,0.473,0.881,-0.106,0.876,-0.47],"_shiftlockState":false,"_pose":"Standing","_animationQueue":[],"_animationSpeed":1,"_zoom":11.733},{"_mousePosition":[1000,370],"_rootPartCFrame":[775.734,222.81,47.11,0.016,0,1,0,1,0,-1,0,0.016],"_humanoidState":8,"_cameraCFrame":[776.32,234.649,41.594,-0.994,-0.093,0.05,0,0.473,0.881,-0.106,0.876,-0.47],"_shiftlockState":false,"_pose":"Standing","_animationQueue":[],"_animationSpeed":1,"_zoom":11.733},{"_mousePosition":[983,371],"_rootPartCFrame":[775.601,222.727,47.096,0.022,0,1,0,1,0,-1,0,0.022],"_humanoidState":8,"_cameraCFrame":[776.189,234.566,41.58,-0.994,-0.093,0.05,0,0.473,0.881,-0.106,0.876,-0.47],"_shiftlockState":false,"_pose":"Running","_animationQueue":[["walk",0.1]],"_animationSpeed":1.092,"_zoom":11.733},{"_mousePosition":[979,372],"_rootPartCFrame":[775.336,222.614,47.068,0.033,0,0.999,0,1,0,-0.999,0,0.033],"_humanoidState":8,"_cameraCFrame":[775.923,234.453,41.552,-0.994,-0.093,0.05,0,0.473,0.881,-0.106,0.876,-0.47],"_shiftlockState":false,"_pose":"Running","_animationQueue":[],"_animationSpeed":1.092,"_zoom":11.733},{"_mousePosition":[953,376],"_rootPartCFrame":[775.071,222.637,47.039,0.043,0,0.999,0,1,0,-0.999,0,0.043],"_humanoidState":8,"_cameraCFrame":[775.658,234.476,41.524,-0.994,-0.093,0.05,0,0.473,0.881,-0.106,0.876,-0.47],"_shiftlockState":false,"_pose":"Running","_animationQueue":[],"_animationSpeed":1.092,"_zoom":11.733},{"_mousePosition":[941,377],"_rootPartCFrame":[774.806,222.664,47.011,0.052,0,0.999,0,1,0,-0.999,0,0.052],"_humanoidState":8,"_cameraCFrame":[775.392,234.503,41.496,-0.994,-0.093,0.05,0,0.473,0.881,-0.106,0.876,-0.47],"_shiftlockState":false,"_pose":"Running","_animationQueue":[],"_animationSpeed":1.092,"_zoom":11.733},{"_mousePosition":[932,379],"_rootPartCFrame":[774.408,222.685,46.969,0.063,0,0.998,0,1,0,-0.998,0,0.063],"_humanoidState":8,"_cameraCFrame":[774.995,234.524,41.453,-0.994,-0.093,0.05,0,0.473,0.881,-0.106,0.876,-0.47],"_shiftlockState":false,"_pose":"Running","_animationQueue":[],"_animationSpeed":1.092,"_zoom":11.733},{"_mousePosition":[930,379],"_rootPartCFrame":[774.275,222.689,46.955,0.066,0,0.998,0,1,0,-0.998,0,0.066],"_humanoidState":8,"_cameraCFrame":[774.862,234.528,41.439,-0.994,-0.093,0.05,0,0.473,0.881,-0.106,0.876,-0.47],"_shiftlockState":false,"_pose":"Running","_animationQueue":[],"_animationSpeed":1.092,"_zoom":11.733},{"_mousePosition":[913,382],"_rootPartCFrame":[774.01,222.694,46.927,0.071,0,0.997,0,1,0,-0.997,0,0.071],"_humanoidState":8,"_cameraCFrame":[774.597,234.533,41.411,-0.994,-0.093,0.05,0,0.473,0.881,-0.106,0.876,-0.47],"_shiftlockState":false,"_pose":"Running","_animationQueue":[["walk",0.1]],"_animationSpeed":1.092,"_zoom":11.733},{"_mousePosition":[909,382],"_rootPartCFrame":[773.745,222.697,46.898,0.076,0,0.997,0,1,0,-0.997,0,0.076],"_humanoidState":8,"_cameraCFrame":[774.332,234.536,41.383,-0.994,-0.093,0.05,0,0.473,0.881,-0.106,0.876,-0.47],"_shiftlockState":false,"_pose":"Running","_animationQueue":[],"_animationSpeed":1.092,"_zoom":11.733},{"_mousePosition":[889,385],"_rootPartCFrame":[773.48,222.698,46.87,0.08,0,0.997,0,1,0,-0.997,0,0.08],"_humanoidState":8,"_cameraCFrame":[774.067,234.537,41.354,-0.994,-0.093,0.05,0,0.473,0.881,-0.106,0.876,-0.47],"_shiftlockState":false,"_pose":"Running","_animationQueue":[],"_animationSpeed":1.092,"_zoom":11.733},{"_mousePosition":[886,385],"_rootPartCFrame":[773.215,222.699,46.842,0.083,0,0.997,0,1,0,-0.997,0,0.083],"_humanoidState":8,"_cameraCFrame":[773.802,234.538,41.326,-0.994,-0.093,0.05,0,0.473,0.881,-0.106,0.876,-0.47],"_shiftlockState":false,"_pose":"Running","_animationQueue":[],"_animationSpeed":1.092,"_zoom":11.733},{"_mousePosition":[862,389],"_rootPartCFrame":[772.95,222.699,46.814,0.086,0,0.996,0,1,0,-0.996,0,0.086],"_humanoidState":8,"_cameraCFrame":[773.536,234.538,41.298,-0.994,-0.093,0.05,0,0.473,0.881,-0.106,0.876,-0.47],"_shiftlockState":false,"_pose":"Running","_animationQueue":[],"_animationSpeed":1.092,"_zoom":11.733},{"_mousePosition":[841,392],"_rootPartCFrame":[772.684,222.699,46.786,0.089,0,0.996,0,1,0,-0.996,0,0.089],"_humanoidState":8,"_cameraCFrame":[773.271,234.538,41.27,-0.994,-0.093,0.05,0,0.473,0.881,-0.106,0.876,-0.47],"_shiftlockState":false,"_pose":"Running","_animationQueue":[],"_animationSpeed":1.092,"_zoom":11.733},{"_mousePosition":[825,395],"_rootPartCFrame":[772.287,222.7,46.743,0.092,0,0.996,0,1,0,-0.996,0,0.092],"_humanoidState":8,"_cameraCFrame":[772.874,234.539,41.228,-0.994,-0.093,0.05,0,0.473,0.881,-0.106,0.876,-0.47],"_shiftlockState":false,"_pose":"Running","_animationQueue":[["walk",0.1]],"_animationSpeed":1.092,"_zoom":11.733},{"_mousePosition":[820,396],"_rootPartCFrame":[772.154,222.7,46.729,0.093,0,0.996,0,1,0,-0.996,0,0.093],"_humanoidState":8,"_cameraCFrame":[772.741,234.539,41.213,-0.994,-0.093,0.05,0,0.473,0.881,-0.106,0.876,-0.47],"_shiftlockState":false,"_pose":"Running","_animationQueue":[],"_animationSpeed":1.092,"_zoom":11.733},{"_mousePosition":[778,410],"_rootPartCFrame":[771.756,222.7,46.687,0.096,0,0.995,0,1,0,-0.995,0,0.096],"_humanoidState":8,"_cameraCFrame":[772.343,234.539,41.171,-0.994,-0.093,0.05,0,0.473,0.881,-0.106,0.876,-0.47],"_shiftlockState":false,"_pose":"Running","_animationQueue":[],"_animationSpeed":1.092,"_zoom":11.733},{"_mousePosition":[778,410],"_rootPartCFrame":[771.624,222.7,46.673,0.097,0,0.995,0,1,0,-0.995,0,0.097],"_humanoidState":8,"_cameraCFrame":[772.069,234.596,41.253,-0.997,-0.072,0.038,0,0.463,0.886,-0.082,0.883,-0.462],"_shiftlockState":false,"_pose":"Running","_animationQueue":[],"_animationSpeed":1.092,"_zoom":11.733},{"_mousePosition":[778,410],"_rootPartCFrame":[771.226,222.7,46.63,0.098,0,0.995,0,1,0,-0.995,0,0.098],"_humanoidState":8,"_cameraCFrame":[771.604,234.627,41.264,-0.998,-0.062,0.032,0,0.458,0.889,-0.07,0.887,-0.457],"_shiftlockState":false,"_pose":"Running","_animationQueue":[],"_animationSpeed":1.092,"_zoom":11.733},{"_mousePosition":[778,410],"_rootPartCFrame":[771.093,222.7,46.619,0.098,0,0.995,0,1,0,-0.995,0,0.098],"_humanoidState":8,"_cameraCFrame":[771.428,234.661,41.318,-0.998,-0.056,0.029,0,0.453,0.892,-0.063,0.89,-0.452],"_shiftlockState":false,"_pose":"Running","_animationQueue":[],"_animationSpeed":1.092,"_zoom":11.733},{"_mousePosition":[778,410],"_rootPartCFrame":[770.827,222.7,46.6,0.094,0,0.996,0,1,0,-0.996,0,0.094],"_humanoidState":8,"_cameraCFrame":[771.13,234.695,41.364,-0.998,-0.052,0.026,0,0.447,0.895,-0.058,0.893,-0.446],"_shiftlockState":false,"_pose":"Running","_animationQueue":[],"_animationSpeed":1.092,"_zoom":11.733},{"_mousePosition":[778,410],"_rootPartCFrame":[770.561,222.7,46.583,0.09,0,0.996,0,1,0,-0.996,0,0.09],"_humanoidState":8,"_cameraCFrame":[770.814,234.762,41.481,-0.999,-0.044,0.022,0,0.435,0.9,-0.049,0.899,-0.435],"_shiftlockState":false,"_pose":"Running","_animationQueue":[["walk",0.1]],"_animationSpeed":1.092,"_zoom":11.733},{"_mousePosition":[778,410],"_rootPartCFrame":[770.295,222.7,46.568,0.086,0,0.996,0,1,0,-0.996,0,0.086],"_humanoidState":8,"_cameraCFrame":[770.502,234.847,41.643,-0.999,-0.038,0.018,0,0.42,0.907,-0.042,0.907,-0.42],"_shiftlockState":false,"_pose":"Running","_animationQueue":[],"_animationSpeed":1.092,"_zoom":11.733},{"_mousePosition":[778,410],"_rootPartCFrame":[770.029,222.666,46.552,0.081,0,0.997,0,1,0,-0.997,0,0.081],"_humanoidState":8,"_cameraCFrame":[770.183,234.914,41.85,-0.999,-0.03,0.013,0,0.401,0.916,-0.033,0.916,-0.401],"_shiftlockState":false,"_pose":"Running","_animationQueue":[],"_animationSpeed":1.092,"_zoom":11.733},{"_mousePosition":[778,410],"_rootPartCFrame":[769.763,222.577,46.537,0.077,0,0.997,0,1,0,-0.997,0,0.077],"_humanoidState":8,"_cameraCFrame":[769.897,234.893,41.99,-1,-0.027,0.011,0,0.388,0.922,-0.03,0.921,-0.387],"_shiftlockState":false,"_pose":"Running","_animationQueue":[],"_animationSpeed":1.092,"_zoom":11.733},{"_mousePosition":[778,410],"_rootPartCFrame":[769.497,222.434,46.521,0.073,0,0.997,0,1,0,-0.997,0,0.073],"_humanoidState":8,"_cameraCFrame":[769.617,234.811,42.123,-1,-0.025,0.01,0,0.375,0.927,-0.027,0.927,-0.375],"_shiftlockState":false,"_pose":"Running","_animationQueue":[],"_animationSpeed":1.092,"_zoom":11.733},{"_mousePosition":[778,410],"_rootPartCFrame":[769.231,222.236,46.506,0.069,0,0.998,0,1,0,-0.998,0,0.069],"_humanoidState":8,"_cameraCFrame":[769.344,234.659,42.222,-1,-0.025,0.01,0,0.365,0.931,-0.026,0.931,-0.365],"_shiftlockState":false,"_pose":"Running","_animationQueue":[],"_animationSpeed":1.092,"_zoom":11.733},{"_mousePosition":[778,410],"_rootPartCFrame":[768.964,223.11,46.49,0.064,0,0.998,0,1,0,-0.998,0,0.064],"_humanoidState":3,"_cameraCFrame":[769.066,235.576,42.321,-1,-0.023,0.009,0,0.355,0.935,-0.024,0.934,-0.355],"_shiftlockState":false,"_pose":"Jumping","_animationQueue":[["walk",0.1],["walk",0.1],["jump",0.1]],"_animationSpeed":1,"_zoom":11.733},{"_mousePosition":[778,410],"_rootPartCFrame":[768.698,223.932,46.482,0.059,0,0.998,0,1,0,-0.998,0,0.059],"_humanoidState":5,"_cameraCFrame":[768.779,236.445,42.437,-1,-0.019,0.007,0,0.345,0.939,-0.02,0.938,-0.345],"_shiftlockState":false,"_pose":"FreeFall","_animationQueue":[["jump",0.1]],"_animationSpeed":1,"_zoom":11.733},{"_mousePosition":[778,410],"_rootPartCFrame":[768.431,224.699,46.476,0.055,0,0.999,0,1,0,-0.999,0,0.055],"_humanoidState":5,"_cameraCFrame":[768.498,237.251,42.536,-1,-0.016,0.006,0,0.336,0.942,-0.017,0.942,-0.336],"_shiftlockState":false,"_pose":"FreeFall","_animationQueue":[],"_animationSpeed":1,"_zoom":11.733},{"_mousePosition":[778,410],"_rootPartCFrame":[768.165,225.412,46.47,0.05,0,0.999,0,1,0,-0.999,0,0.05],"_humanoidState":5,"_cameraCFrame":[768.214,237.995,42.62,-1,-0.012,0.004,0,0.328,0.945,-0.013,0.945,-0.328],"_shiftlockState":false,"_pose":"FreeFall","_animationQueue":[],"_animationSpeed":1,"_zoom":11.733},{"_mousePosition":[778,410],"_rootPartCFrame":[767.898,226.071,46.465,0.046,0,0.999,0,1,0,-0.999,0,0.046],"_humanoidState":5,"_cameraCFrame":[767.939,238.672,42.669,-1,-0.01,0.003,0,0.324,0.946,-0.011,0.946,-0.324],"_shiftlockState":false,"_pose":"FreeFall","_animationQueue":[],"_animationSpeed":1,"_zoom":11.733},{"_mousePosition":[778,410],"_rootPartCFrame":[767.631,226.675,46.462,0.041,0,0.999,0,1,0,-0.999,0,0.041],"_humanoidState":5,"_cameraCFrame":[767.664,239.285,42.692,-1,-0.008,0.003,0,0.321,0.947,-0.009,0.947,-0.321],"_shiftlockState":false,"_pose":"FreeFall","_animationQueue":[],"_animationSpeed":1,"_zoom":11.733},{"_mousePosition":[778,410],"_rootPartCFrame":[767.365,227.224,46.459,0.037,0,0.999,0,1,0,-0.999,0,0.037],"_humanoidState":5,"_cameraCFrame":[767.397,239.838,42.698,-1,-0.008,0.003,0,0.321,0.947,-0.009,0.947,-0.321],"_shiftlockState":false,"_pose":"FreeFall","_animationQueue":[],"_animationSpeed":1,"_zoom":11.733},{"_mousePosition":[778,410],"_rootPartCFrame":[767.098,227.719,46.457,0.033,0,0.999,0,1,0,-0.999,0,0.033],"_humanoidState":5,"_cameraCFrame":[767.127,240.333,42.696,-1,-0.007,0.002,0,0.321,0.947,-0.008,0.947,-0.321],"_shiftlockState":false,"_pose":"FreeFall","_animationQueue":[],"_animationSpeed":1,"_zoom":11.733},{"_mousePosition":[778,410],"_rootPartCFrame":[766.832,228.16,46.454,0.03,0,1,0,1,0,-1,0,0.03],"_humanoidState":5,"_cameraCFrame":[766.86,240.774,42.693,-1,-0.007,0.002,0,0.321,0.947,-0.008,0.947,-0.321],"_shiftlockState":false,"_pose":"FreeFall","_animationQueue":[],"_animationSpeed":1,"_zoom":11.733},{"_mousePosition":[778,410],"_rootPartCFrame":[766.565,228.546,46.452,0.027,0,1,0,1,0,-1,0,0.027],"_humanoidState":5,"_cameraCFrame":[766.593,241.16,42.691,-1,-0.007,0.002,0,0.321,0.947,-0.008,0.947,-0.321],"_shiftlockState":false,"_pose":"FreeFall","_animationQueue":[],"_animationSpeed":1,"_zoom":11.733},{"_mousePosition":[778,410],"_rootPartCFrame":[766.298,228.877,46.45,0.024,0,1,0,1,0,-1,0,0.024],"_humanoidState":5,"_cameraCFrame":[766.323,241.494,42.698,-1,-0.006,0.002,0,0.32,0.947,-0.007,0.947,-0.32],"_shiftlockState":false,"_pose":"FreeFall","_animationQueue":[],"_animationSpeed":1,"_zoom":11.733},{"_mousePosition":[778,410],"_rootPartCFrame":[766.032,229.154,46.448,0.022,0,1,0,1,0,-1,0,0.022],"_humanoidState":5,"_cameraCFrame":[766.056,241.774,42.705,-1,-0.006,0.002,0,0.319,0.948,-0.007,0.948,-0.319],"_shiftlockState":false,"_pose":"FreeFall","_animationQueue":[],"_animationSpeed":1,"_zoom":11.733},{"_mousePosition":[778,410],"_rootPartCFrame":[765.765,229.377,46.446,0.02,0,1,0,1,0,-1,0,0.02],"_humanoidState":5,"_cameraCFrame":[765.786,242,42.712,-1,-0.005,0.002,0,0.318,0.948,-0.005,0.948,-0.318],"_shiftlockState":false,"_pose":"FreeFall","_animationQueue":[],"_animationSpeed":1,"_zoom":11.733},{"_mousePosition":[778,410],"_rootPartCFrame":[765.499,229.545,46.445,0.018,0,1,0,1,0,-1,0,0.018],"_humanoidState":5,"_cameraCFrame":[765.519,242.171,42.72,-1,-0.005,0.002,0,0.317,0.948,-0.005,0.948,-0.317],"_shiftlockState":false,"_pose":"FreeFall","_animationQueue":[],"_animationSpeed":1,"_zoom":11.733},{"_mousePosition":[778,410],"_rootPartCFrame":[765.232,229.658,46.443,0.016,0,1,0,1,0,-1,0,0.016],"_humanoidState":5,"_cameraCFrame":[765.248,242.29,42.736,-1,-0.004,0.001,0,0.316,0.949,-0.004,0.949,-0.316],"_shiftlockState":false,"_pose":"FreeFall","_animationQueue":[],"_animationSpeed":1,"_zoom":11.733},{"_mousePosition":[778,410],"_rootPartCFrame":[764.965,229.717,46.442,0.015,0,1,0,1,0,-1,0,0.015],"_humanoidState":5,"_cameraCFrame":[764.978,242.355,42.753,-1,-0.003,0.001,0,0.314,0.949,-0.003,0.949,-0.314],"_shiftlockState":false,"_pose":"FreeFall","_animationQueue":[],"_animationSpeed":1,"_zoom":11.733},{"_mousePosition":[778,410],"_rootPartCFrame":[764.699,229.722,46.441,0.013,0,1,0,1,0,-1,0,0.013],"_humanoidState":5,"_cameraCFrame":[764.707,242.363,42.76,-1,-0.002,0.001,0,0.314,0.95,-0.002,0.95,-0.314],"_shiftlockState":false,"_pose":"FreeFall","_animationQueue":[],"_animationSpeed":1,"_zoom":11.733},{"_mousePosition":[778,410],"_rootPartCFrame":[764.432,229.672,46.44,0.012,0,1,0,1,0,-1,0,0.012],"_humanoidState":5,"_cameraCFrame":[764.437,242.316,42.768,-1,-0.001,0,0,0.313,0.95,-0.001,0.95,-0.313],"_shiftlockState":false,"_pose":"FreeFall","_animationQueue":[],"_animationSpeed":1,"_zoom":11.733},{"_mousePosition":[778,410],"_rootPartCFrame":[764.166,229.567,46.439,0.011,0,1,0,1,0,-1,0,0.011],"_humanoidState":5,"_cameraCFrame":[764.166,242.214,42.777,-1,0,0,0,0.312,0.95,0,0.95,-0.312],"_shiftlockState":false,"_pose":"FreeFall","_animationQueue":[],"_animationSpeed":1,"_zoom":11.733},{"_mousePosition":[778,410],"_rootPartCFrame":[763.899,229.408,46.439,0.009,0,1,0,1,0,-1,0,0.009],"_humanoidState":5,"_cameraCFrame":[763.9,242.055,42.776,-1,0,0,0,0.312,0.95,0,0.95,-0.312],"_shiftlockState":false,"_pose":"FreeFall","_animationQueue":[],"_animationSpeed":1,"_zoom":11.733},{"_mousePosition":[778,410],"_rootPartCFrame":[763.632,229.195,46.438,0.008,0,1,0,1,0,-1,0,0.008],"_humanoidState":5,"_cameraCFrame":[763.633,241.845,42.785,-1,0,0,0,0.311,0.95,0,0.95,-0.311],"_shiftlockState":false,"_pose":"FreeFall","_animationQueue":[],"_animationSpeed":1,"_zoom":11.733},{"_mousePosition":[778,410],"_rootPartCFrame":[763.366,228.927,46.438,0.007,0,1,0,1,0,-1,0,0.007],"_humanoidState":5,"_cameraCFrame":[763.359,241.58,42.794,-1,0.002,-0.001,0,0.311,0.951,0.002,0.951,-0.311],"_shiftlockState":false,"_pose":"FreeFall","_animationQueue":[["fall",0.3]],"_animationSpeed":1,"_zoom":11.733},{"_mousePosition":[778,410],"_rootPartCFrame":[763.166,228.69,46.438,0.006,0,1,0,1,0,-1,0,0.006],"_humanoidState":5,"_cameraCFrame":[763.155,241.346,42.803,-1,0.003,-0.001,0,0.31,0.951,0.003,0.951,-0.31],"_shiftlockState":false,"_pose":"FreeFall","_animationQueue":[],"_animationSpeed":1,"_zoom":11.733},{"_mousePosition":[778,410],"_rootPartCFrame":[762.833,228.228,46.439,0.005,0,1,0,1,0,-1,0,0.005],"_humanoidState":5,"_cameraCFrame":[762.822,240.883,42.804,-1,0.003,-0.001,0,0.31,0.951,0.003,0.951,-0.31],"_shiftlockState":false,"_pose":"FreeFall","_animationQueue":[],"_animationSpeed":1,"_zoom":11.733},{"_mousePosition":[778,410],"_rootPartCFrame":[762.566,227.796,46.44,0.004,0,1,0,1,0,-1,0,0.004],"_humanoidState":5,"_cameraCFrame":[762.555,240.452,42.804,-1,0.003,-0.001,0,0.31,0.951,0.003,0.951,-0.31],"_shiftlockState":false,"_pose":"FreeFall","_animationQueue":[],"_animationSpeed":1,"_zoom":11.733},{"_mousePosition":[778,410],"_rootPartCFrame":[762.299,227.31,46.44,0.003,0,1,0,1,0,-1,0,0.003],"_humanoidState":5,"_cameraCFrame":[762.339,239.96,42.787,-1,-0.01,0.003,0,0.311,0.95,-0.011,0.95,-0.311],"_shiftlockState":false,"_pose":"FreeFall","_animationQueue":[],"_animationSpeed":1,"_zoom":11.733},{"_mousePosition":[778,410],"_rootPartCFrame":[762.033,226.77,46.441,0.002,0,1,0,1,0,-1,0,0.002],"_humanoidState":5,"_cameraCFrame":[762.261,239.407,42.759,-0.998,-0.059,0.019,0,0.314,0.949,-0.062,0.947,-0.314],"_shiftlockState":false,"_pose":"FreeFall","_animationQueue":[],"_animationSpeed":1,"_zoom":11.733},{"_mousePosition":[778,410],"_rootPartCFrame":[761.766,226.175,46.439,0.003,0,1,0,1,0,-1,0,0.003],"_humanoidState":5,"_cameraCFrame":[762.401,238.791,42.741,-0.986,-0.16,0.054,0,0.32,0.947,-0.169,0.934,-0.315],"_shiftlockState":false,"_pose":"FreeFall","_animationQueue":[],"_animationSpeed":1,"_zoom":11.733},{"_mousePosition":[778,410],"_rootPartCFrame":[761.635,226.195,46.414,-0.035,0.044,0.998,0.003,0.999,-0.044,-0.999,0.002,-0.035],"_humanoidState":12,"_cameraCFrame":[761.807,238.798,42.245,-0.897,-0.418,0.143,0,0.323,0.946,-0.442,0.849,-0.29],"_shiftlockState":true,"_pose":"Climbing","_animationQueue":[["fall",0.3],["walk",0.1],["fall",0.3],["climb",0.1],["climb",0]],"_animationSpeed":-3.077,"_zoom":11.733},{"_mousePosition":[683,384],"_rootPartCFrame":[762.015,226.288,46.094,-0.885,0.037,0.464,0.002,0.997,-0.074,-0.465,-0.065,-0.883],"_humanoidState":8,"_cameraCFrame":[762.174,238.889,41.826,-0.897,-0.418,0.143,0,0.323,0.946,-0.442,0.849,-0.29],"_shiftlockState":true,"_pose":"Running","_animationQueue":[["walk",0.1],["climb",0.1],["walk",0.1],["walk",0.1]],"_animationSpeed":0.22,"_zoom":11.733},{"_mousePosition":[683,384],"_rootPartCFrame":[762.061,226.507,46.004,-0.887,0.034,0.461,0.009,0.998,-0.056,-0.462,-0.045,-0.886],"_humanoidState":8,"_cameraCFrame":[762.879,239.181,42.033,-0.796,-0.576,0.184,0,0.304,0.953,-0.605,0.759,-0.242],"_shiftlockState":true,"_pose":"Running","_animationQueue":[["walk",0.1]],"_animationSpeed":0.27,"_zoom":11.733},{"_mousePosition":[683,384],"_rootPartCFrame":[762.066,227.391,45.913,-0.786,0.018,0.618,0.019,1,-0.005,-0.618,0.007,-0.787],"_humanoidState":3,"_cameraCFrame":[763.306,240.125,42.314,-0.696,-0.688,0.207,0,0.288,0.958,-0.718,0.666,-0.201],"_shiftlockState":true,"_pose":"Jumping","_animationQueue":[["walk",0.1],["jump",0.1]],"_animationSpeed":1,"_zoom":11.733},{"_mousePosition":[683,384],"_rootPartCFrame":[762.057,228.033,45.833,-0.646,0.005,0.763,0.017,1,0.007,-0.763,0.017,-0.646],"_humanoidState":5,"_cameraCFrame":[763.611,240.807,42.51,-0.6,-0.769,0.221,0,0.277,0.961,-0.8,0.577,-0.166],"_shiftlockState":true,"_pose":"FreeFall","_animationQueue":[["jump",0.1]],"_animationSpeed":1,"_zoom":11.733},{"_mousePosition":[683,384],"_rootPartCFrame":[762,229.034,45.673,-0.466,-0.001,0.885,0.005,1,0.004,-0.885,0.006,-0.466],"_humanoidState":5,"_cameraCFrame":[763.693,241.815,42.424,-0.56,-0.796,0.228,0,0.275,0.961,-0.828,0.539,-0.154],"_shiftlockState":true,"_pose":"FreeFall","_animationQueue":[],"_animationSpeed":1,"_zoom":11.733},{"_mousePosition":[683,384],"_rootPartCFrame":[761.942,229.595,45.562,-0.475,0,0.88,0.002,1,0.001,-0.88,0.002,-0.475],"_humanoidState":5,"_cameraCFrame":[763.648,242.377,42.323,-0.555,-0.8,0.228,0,0.274,0.962,-0.832,0.534,-0.152],"_shiftlockState":true,"_pose":"FreeFall","_animationQueue":[],"_animationSpeed":1,"_zoom":11.733},{"_mousePosition":[683,384],"_rootPartCFrame":[761.84,230.294,45.391,-0.44,0,0.898,0,1,0,-0.898,0,-0.44],"_humanoidState":5,"_cameraCFrame":[763.5,243.056,42.053,-0.582,-0.781,0.228,0,0.281,0.96,-0.813,0.558,-0.163],"_shiftlockState":true,"_pose":"FreeFall","_animationQueue":[],"_animationSpeed":1,"_zoom":11.733},{"_mousePosition":[683,384],"_rootPartCFrame":[761.712,230.938,45.191,-0.468,0,0.883,0,1,0,-0.883,0,-0.468],"_humanoidState":5,"_cameraCFrame":[763.269,243.668,41.697,-0.626,-0.746,0.226,0,0.29,0.957,-0.78,0.599,-0.181],"_shiftlockState":true,"_pose":"FreeFall","_animationQueue":[],"_animationSpeed":1,"_zoom":11.733},{"_mousePosition":[683,384],"_rootPartCFrame":[761.559,231.529,44.975,-0.517,0,0.856,0,1,0,-0.856,0,-0.517],"_humanoidState":5,"_cameraCFrame":[762.948,244.239,41.351,-0.672,-0.707,0.219,0,0.295,0.955,-0.74,0.642,-0.198],"_shiftlockState":true,"_pose":"FreeFall","_animationQueue":[],"_animationSpeed":1,"_zoom":11.733},{"_mousePosition":[683,384],"_rootPartCFrame":[761.394,232.064,44.766,-0.568,0,0.823,0,1,0,-0.823,0,-0.568],"_humanoidState":5,"_cameraCFrame":[762.527,244.763,41.02,-0.727,-0.656,0.205,0,0.298,0.954,-0.687,0.694,-0.217],"_shiftlockState":true,"_pose":"FreeFall","_animationQueue":[],"_animationSpeed":1,"_zoom":11.733},{"_mousePosition":[683,384],"_rootPartCFrame":[761.217,232.546,44.567,-0.629,0,0.777,0,1,0,-0.777,0,-0.629],"_humanoidState":5,"_cameraCFrame":[762.124,245.239,40.743,-0.768,-0.611,0.192,0,0.3,0.954,-0.64,0.733,-0.23],"_shiftlockState":true,"_pose":"FreeFall","_animationQueue":[],"_animationSpeed":1,"_zoom":11.733},{"_mousePosition":[683,384],"_rootPartCFrame":[761.026,232.972,44.38,-0.677,0,0.736,0,1,0,-0.736,0,-0.677],"_humanoidState":5,"_cameraCFrame":[761.685,245.663,40.498,-0.809,-0.561,0.177,0,0.301,0.954,-0.588,0.771,-0.243],"_shiftlockState":true,"_pose":"FreeFall","_animationQueue":[],"_animationSpeed":1,"_zoom":11.733},{"_mousePosition":[683,384],"_rootPartCFrame":[760.823,233.345,44.208,-0.724,0,0.69,0,1,0,-0.69,0,-0.724],"_humanoidState":5,"_cameraCFrame":[761.286,246.035,40.297,-0.837,-0.521,0.164,0,0.301,0.954,-0.547,0.799,-0.252],"_shiftlockState":true,"_pose":"FreeFall","_animationQueue":[],"_animationSpeed":1,"_zoom":11.733},{"_mousePosition":[683,384],"_rootPartCFrame":[760.609,233.662,44.048,-0.757,0,0.653,0,1,0,-0.653,0,-0.757],"_humanoidState":5,"_cameraCFrame":[760.846,246.355,40.126,-0.867,-0.475,0.149,0,0.3,0.954,-0.498,0.827,-0.26],"_shiftlockState":true,"_pose":"FreeFall","_animationQueue":[],"_animationSpeed":1,"_zoom":11.733},{"_mousePosition":[683,384],"_rootPartCFrame":[760.387,233.925,43.901,-0.892,0,0.451,0,1,0,-0.451,0,-0.892],"_humanoidState":5,"_cameraCFrame":[760.02,246.63,40.023,-0.932,-0.347,0.108,0,0.297,0.955,-0.363,0.89,-0.276],"_shiftlockState":true,"_pose":"FreeFall","_animationQueue":[["jump",0.1]],"_animationSpeed":1,"_zoom":11.733},{"_mousePosition":[683,384],"_rootPartCFrame":[760.213,234.087,43.803,-0.891,0,0.454,0,1,0,-0.454,0,-0.891],"_humanoidState":5,"_cameraCFrame":[759.499,246.8,39.999,-0.96,-0.267,0.082,0,0.294,0.956,-0.28,0.918,-0.283],"_shiftlockState":true,"_pose":"FreeFall","_animationQueue":[],"_animationSpeed":1,"_zoom":11.733},{"_mousePosition":[683,384],"_rootPartCFrame":[759.968,234.255,43.699,-0.914,0,0.405,0,1,0,-0.405,0,-0.914],"_humanoidState":5,"_cameraCFrame":[758.88,246.974,40.001,-0.983,-0.176,0.054,0,0.293,0.956,-0.184,0.94,-0.288],"_shiftlockState":true,"_pose":"FreeFall","_animationQueue":[],"_animationSpeed":1,"_zoom":11.733},{"_mousePosition":[683,384],"_rootPartCFrame":[759.714,234.368,43.619,-0.95,0,0.313,0,1,0,-0.313,0,-0.95],"_humanoidState":5,"_cameraCFrame":[758.261,247.087,40.048,-0.996,-0.081,0.025,0,0.293,0.956,-0.085,0.953,-0.292],"_shiftlockState":true,"_pose":"FreeFall","_animationQueue":[["fall",0.3]],"_animationSpeed":1,"_zoom":11.733},{"_mousePosition":[683,384],"_rootPartCFrame":[759.453,234.427,43.563,-0.976,0,0.216,0,1,0,-0.216,0,-0.976],"_humanoidState":5,"_cameraCFrame":[757.717,247.143,40.112,-1,-0.004,0.001,0,0.293,0.956,-0.004,0.956,-0.293],"_shiftlockState":true,"_pose":"FreeFall","_animationQueue":[],"_animationSpeed":1,"_zoom":11.733},{"_mousePosition":[683,384],"_rootPartCFrame":[759.189,234.431,43.533,-0.991,0,0.137,0,1,0,-0.137,0,-0.991],"_humanoidState":5,"_cameraCFrame":[757.085,247.147,40.293,-0.994,0.101,-0.031,0,0.293,0.956,0.106,0.951,-0.292],"_shiftlockState":true,"_pose":"FreeFall","_animationQueue":[],"_animationSpeed":1,"_zoom":11.733},{"_mousePosition":[683,384],"_rootPartCFrame":[758.856,234.36,43.526,-0.998,0,0.061,0,1,0,-0.061,0,-0.998],"_humanoidState":5,"_cameraCFrame":[756.453,247.076,40.502,-0.98,0.191,-0.059,0,0.293,0.956,0.2,0.937,-0.288],"_shiftlockState":true,"_pose":"FreeFall","_animationQueue":[],"_animationSpeed":1,"_zoom":11.733},{"_mousePosition":[683,384],"_rootPartCFrame":[758.656,234.276,43.539,-0.995,0,-0.101,0,1,0,0.101,0,-0.995],"_humanoidState":5,"_cameraCFrame":[755.91,246.99,40.811,-0.949,0.3,-0.092,0,0.294,0.956,0.314,0.907,-0.279],"_shiftlockState":true,"_pose":"FreeFall","_animationQueue":[],"_animationSpeed":1,"_zoom":11.733},{"_mousePosition":[683,384],"_rootPartCFrame":[758.394,234.117,43.584,-0.983,0,-0.185,0,1,0,0.185,0,-0.983],"_humanoidState":5,"_cameraCFrame":[755.389,246.819,41.094,-0.916,0.384,-0.12,0,0.297,0.955,0.402,0.874,-0.272],"_shiftlockState":true,"_pose":"FreeFall","_animationQueue":[],"_animationSpeed":1,"_zoom":11.733},{"_mousePosition":[683,384],"_rootPartCFrame":[758.138,233.903,43.658,-0.961,0,-0.277,0,1,0,0.277,0,-0.961],"_humanoidState":5,"_cameraCFrame":[754.769,246.577,41.532,-0.851,0.5,-0.16,0,0.305,0.952,0.525,0.81,-0.26],"_shiftlockState":true,"_pose":"FreeFall","_animationQueue":[["fall",0.3]],"_animationSpeed":1,"_zoom":11.733},{"_mousePosition":[683,384],"_rootPartCFrame":[757.83,233.56,43.785,-0.926,0,-0.377,0,1,0,0.377,0,-0.926],"_humanoidState":5,"_cameraCFrame":[754.201,246.204,41.955,-0.791,0.581,-0.191,0,0.313,0.95,0.612,0.751,-0.247],"_shiftlockState":true,"_pose":"FreeFall","_animationQueue":[],"_animationSpeed":1,"_zoom":11.733},{"_mousePosition":[683,384],"_rootPartCFrame":[757.712,233.398,43.845,-0.83,0,-0.558,0,1,0,0.558,0,-0.83],"_humanoidState":5,"_cameraCFrame":[753.764,246.001,42.474,-0.694,0.682,-0.233,0,0.323,0.946,0.72,0.656,-0.224],"_shiftlockState":true,"_pose":"FreeFall","_animationQueue":[],"_animationSpeed":1,"_zoom":11.733},{"_mousePosition":[683,384],"_rootPartCFrame":[757.437,232.935,44.031,-0.803,0,-0.595,0,1,0,0.595,0,-0.803],"_humanoidState":5,"_cameraCFrame":[753.247,245.491,43.059,-0.603,0.752,-0.267,0,0.335,0.942,0.798,0.568,-0.202],"_shiftlockState":true,"_pose":"FreeFall","_animationQueue":[],"_animationSpeed":1,"_zoom":11.733},{"_mousePosition":[683,384],"_rootPartCFrame":[757.24,232.504,44.211,-0.703,0,-0.711,0,1,0,0.711,0,-0.703],"_humanoidState":5,"_cameraCFrame":[752.796,244.988,43.651,-0.503,0.809,-0.304,0,0.351,0.936,0.865,0.471,-0.177],"_shiftlockState":true,"_pose":"FreeFall","_animationQueue":[],"_animationSpeed":1,"_zoom":11.733},{"_mousePosition":[683,384],"_rootPartCFrame":[757.041,231.888,44.459,-0.63,0,-0.777,0,1,0,0.777,0,-0.63],"_humanoidState":5,"_cameraCFrame":[752.457,244.325,44.157,-0.441,0.837,-0.325,0,0.362,0.932,0.898,0.411,-0.16],"_shiftlockState":true,"_pose":"FreeFall","_animationQueue":[],"_animationSpeed":1,"_zoom":11.733},{"_mousePosition":[683,384],"_rootPartCFrame":[756.95,231.477,44.616,-0.518,0,-0.856,0,1,0,0.856,0,-0.518],"_humanoidState":5,"_cameraCFrame":[752.234,243.862,44.592,-0.376,0.86,-0.346,0,0.373,0.928,0.927,0.349,-0.14],"_shiftlockState":true,"_pose":"FreeFall","_animationQueue":[],"_animationSpeed":1,"_zoom":11.733},{"_mousePosition":[683,384],"_rootPartCFrame":[756.863,230.882,44.833,-0.479,0,-0.878,0,1,0,0.878,0,-0.479],"_humanoidState":5,"_cameraCFrame":[752.036,243.217,45.031,-0.324,0.874,-0.363,0,0.384,0.923,0.946,0.299,-0.124],"_shiftlockState":true,"_pose":"FreeFall","_animationQueue":[["fall",0.3]],"_animationSpeed":1,"_zoom":11.733},{"_mousePosition":[683,384],"_rootPartCFrame":[756.814,230.232,45.056,-0.428,0,-0.904,0,1,0,0.904,0,-0.428],"_humanoidState":5,"_cameraCFrame":[751.841,242.489,45.582,-0.25,0.888,-0.387,0,0.399,0.917,0.968,0.229,-0.1],"_shiftlockState":true,"_pose":"FreeFall","_animationQueue":[],"_animationSpeed":1,"_zoom":11.733},{"_mousePosition":[683,384],"_rootPartCFrame":[756.81,229.343,45.342,-0.385,0,-0.923,0,1,0,0.923,0,-0.385],"_humanoidState":5,"_cameraCFrame":[751.755,241.547,46.124,-0.194,0.895,-0.402,0,0.41,0.912,0.981,0.177,-0.08],"_shiftlockState":true,"_pose":"FreeFall","_animationQueue":[],"_animationSpeed":1,"_zoom":11.733},{"_mousePosition":[683,384],"_rootPartCFrame":[756.825,228.964,45.457,-0.25,0,-0.968,0,1,0,0.968,0,-0.25],"_humanoidState":5,"_cameraCFrame":[751.682,241.097,46.561,-0.127,0.899,-0.419,0,0.423,0.906,0.992,0.115,-0.054],"_shiftlockState":true,"_pose":"FreeFall","_animationQueue":[],"_animationSpeed":1,"_zoom":11.733},{"_mousePosition":[683,384],"_rootPartCFrame":[756.907,227.956,45.742,-0.266,0,-0.964,0,1,0,0.964,0,-0.266],"_humanoidState":5,"_cameraCFrame":[751.688,240.024,47.087,-0.078,0.898,-0.433,0,0.434,0.901,0.997,0.071,-0.034],"_shiftlockState":true,"_pose":"FreeFall","_animationQueue":[],"_animationSpeed":1,"_zoom":11.733},{"_mousePosition":[683,384],"_rootPartCFrame":[756.942,227.089,45.919,-0.19,0,-0.982,0,1,0,0.982,0,-0.19],"_humanoidState":5,"_cameraCFrame":[751.672,239.123,47.325,-0.066,0.896,-0.439,0,0.44,0.898,0.998,0.059,-0.029],"_shiftlockState":true,"_pose":"FreeFall","_animationQueue":[],"_animationSpeed":1,"_zoom":11.733},{"_mousePosition":[683,384],"_rootPartCFrame":[756.941,226.166,46.099,-0.176,-0.001,-0.984,0,1,-0.001,0.984,0,-0.176],"_humanoidState":5,"_cameraCFrame":[751.613,238.18,47.447,-0.076,0.893,-0.443,0,0.444,0.896,0.997,0.068,-0.034],"_shiftlockState":true,"_pose":"FreeFall","_animationQueue":[],"_animationSpeed":1,"_zoom":11.733},{"_mousePosition":[683,384],"_rootPartCFrame":[756.999,226.187,46.262,-0.109,0,-0.994,0,1,0,0.994,0,-0.109],"_humanoidState":12,"_cameraCFrame":[751.521,238.158,47.295,-0.132,0.885,-0.447,0,0.451,0.892,0.991,0.118,-0.06],"_shiftlockState":true,"_pose":"Climbing","_animationQueue":[["fall",0.3],["walk",0.1],["fall",0.3],["climb",0.1],["climb",0]],"_animationSpeed":-4.713,"_zoom":11.733},{"_mousePosition":[683,384],"_rootPartCFrame":[756.469,226.906,46.332,-0.145,0.001,-0.989,0,1,0.001,0.989,0,-0.145],"_humanoidState":3,"_cameraCFrame":[750.938,238.868,47.138,-0.173,0.878,-0.446,0,0.453,0.892,0.985,0.154,-0.078],"_shiftlockState":true,"_pose":"Jumping","_animationQueue":[["climb",0.1],["jump",0.1]],"_animationSpeed":1,"_zoom":11.733},{"_mousePosition":[683,384],"_rootPartCFrame":[755.963,227.569,46.408,-0.244,0,-0.97,0,1,0,0.97,0,-0.244],"_humanoidState":5,"_cameraCFrame":[750.374,239.515,47.01,-0.208,0.871,-0.445,0,0.455,0.89,0.978,0.185,-0.095],"_shiftlockState":true,"_pose":"FreeFall","_animationQueue":[["jump",0.1]],"_animationSpeed":1,"_zoom":11.733},{"_mousePosition":[683,384],"_rootPartCFrame":[755.496,228.179,46.492,-0.629,0,-0.778,0,1,0,0.778,0,-0.629],"_humanoidState":5,"_cameraCFrame":[750.096,240.013,44.309,-0.636,0.68,-0.365,0,0.474,0.881,0.772,0.56,-0.301],"_shiftlockState":true,"_pose":"FreeFall","_animationQueue":[["fall",0.3],["fall",0]],"_animationSpeed":1,"_zoom":11.733},{"_mousePosition":[683,384],"_rootPartCFrame":[755.067,228.734,46.572,-0.726,0,-0.688,0,1,0,0.688,0,-0.726],"_humanoidState":5,"_cameraCFrame":[749.694,240.573,44.343,-0.643,0.675,-0.362,0,0.473,0.881,0.766,0.567,-0.304],"_shiftlockState":true,"_pose":"FreeFall","_animationQueue":[],"_animationSpeed":1,"_zoom":11.733},{"_mousePosition":[683,384],"_rootPartCFrame":[754.676,229.234,46.639,-0.738,0,-0.674,0,1,0,0.674,0,-0.738],"_humanoidState":5,"_cameraCFrame":[749.346,241.082,44.348,-0.654,0.667,-0.357,0,0.471,0.882,0.757,0.576,-0.308],"_shiftlockState":true,"_pose":"FreeFall","_animationQueue":[],"_animationSpeed":1,"_zoom":11.733},{"_mousePosition":[683,384],"_rootPartCFrame":[754.323,229.68,46.693,-0.748,0,-0.663,0,1,0,0.663,0,-0.748],"_humanoidState":5,"_cameraCFrame":[749.048,241.541,44.336,-0.665,0.659,-0.35,0,0.469,0.883,0.746,0.588,-0.312],"_shiftlockState":true,"_pose":"FreeFall","_animationQueue":[],"_animationSpeed":1,"_zoom":11.733},{"_mousePosition":[683,384],"_rootPartCFrame":[754.082,229.979,46.725,-0.737,0,-0.676,0,1,0,0.676,0,-0.737],"_humanoidState":5,"_cameraCFrame":[748.922,241.858,44.198,-0.692,0.638,-0.337,0,0.466,0.885,0.722,0.612,-0.323],"_shiftlockState":true,"_pose":"FreeFall","_animationQueue":[],"_animationSpeed":1,"_zoom":11.733},{"_mousePosition":[683,384],"_rootPartCFrame":[753.725,230.409,46.756,-0.738,0,-0.675,0,1,0,0.675,0,-0.738],"_humanoidState":5,"_cameraCFrame":[749.228,242.314,43.257,-0.827,0.499,-0.26,0,0.462,0.887,0.563,0.733,-0.382],"_shiftlockState":true,"_pose":"FreeFall","_animationQueue":[],"_animationSpeed":1,"_zoom":11.733},{"_mousePosition":[683,384],"_rootPartCFrame":[753.529,230.626,46.782,-0.879,0,-0.477,0,1,0,0.477,0,-0.879],"_humanoidState":5,"_cameraCFrame":[749.256,242.531,43.013,-0.86,0.453,-0.236,0,0.462,0.887,0.51,0.763,-0.397],"_shiftlockState":true,"_pose":"FreeFall","_animationQueue":[],"_animationSpeed":1,"_zoom":11.733},{"_mousePosition":[683,384],"_rootPartCFrame":[753.402,230.754,46.812,-0.892,0,-0.452,0,1,0,0.452,0,-0.892],"_humanoidState":5,"_cameraCFrame":[749.43,242.658,42.727,-0.896,0.393,-0.205,0,0.462,0.887,0.443,0.795,-0.414],"_shiftlockState":true,"_pose":"FreeFall","_animationQueue":[],"_animationSpeed":1,"_zoom":11.733},{"_mousePosition":[683,384],"_rootPartCFrame":[753.218,230.919,46.873,-0.936,0,-0.352,0,1,0,0.352,0,-0.936],"_humanoidState":5,"_cameraCFrame":[749.675,242.816,42.391,-0.937,0.31,-0.162,0,0.464,0.886,0.35,0.83,-0.434],"_shiftlockState":true,"_pose":"FreeFall","_animationQueue":[],"_animationSpeed":1,"_zoom":11.733},{"_mousePosition":[683,384],"_rootPartCFrame":[753.038,231.055,46.955,-0.967,0,-0.255,0,1,0,0.255,0,-0.967],"_humanoidState":5,"_cameraCFrame":[750.212,242.933,41.953,-0.979,0.18,-0.095,0,0.466,0.885,0.203,0.866,-0.457],"_shiftlockState":true,"_pose":"FreeFall","_animationQueue":[],"_animationSpeed":1,"_zoom":11.733},{"_mousePosition":[683,384],"_rootPartCFrame":[752.665,231.233,47.101,-1,0,-0.005,0,1,0,0.005,0,-1],"_humanoidState":5,"_cameraCFrame":[750.591,243.081,41.683,-0.998,0.052,-0.028,0,0.471,0.882,0.059,0.88,-0.471],"_shiftlockState":true,"_pose":"FreeFall","_animationQueue":[],"_animationSpeed":1,"_zoom":11.733},{"_mousePosition":[683,384],"_rootPartCFrame":[752.409,231.284,47.172,-0.997,0,0.074,0,1,0,-0.074,0,-0.997],"_humanoidState":5,"_cameraCFrame":[751.368,243.082,41.375,-0.992,-0.109,0.059,0,0.479,0.878,-0.124,0.871,-0.476],"_shiftlockState":true,"_pose":"FreeFall","_animationQueue":[["fall",0.3]],"_animationSpeed":1,"_zoom":11.733},{"_mousePosition":[683,384],"_rootPartCFrame":[752.212,231.286,47.201,-0.975,0,0.222,0,1,0,-0.222,0,-0.975],"_humanoidState":5,"_cameraCFrame":[752.335,243.011,41.187,-0.951,-0.271,0.152,0,0.491,0.871,-0.311,0.828,-0.466],"_shiftlockState":true,"_pose":"FreeFall","_animationQueue":[],"_animationSpeed":1,"_zoom":11.733},{"_mousePosition":[683,384],"_rootPartCFrame":[751.749,231.173,47.185,-0.853,0,0.522,0,1,0,-0.522,0,-0.853],"_humanoidState":5,"_cameraCFrame":[753.376,242.755,41.15,-0.854,-0.447,0.266,0,0.511,0.859,-0.52,0.734,-0.437],"_shiftlockState":true,"_pose":"FreeFall","_animationQueue":[],"_animationSpeed":1,"_zoom":11.733},{"_mousePosition":[683,384],"_rootPartCFrame":[751.553,231.073,47.147,-0.798,0,0.603,0,1,0,-0.603,0,-0.798],"_humanoidState":5,"_cameraCFrame":[753.953,242.567,41.224,-0.789,-0.524,0.322,0,0.524,0.852,-0.615,0.672,-0.413],"_shiftlockState":true,"_pose":"FreeFall","_animationQueue":[],"_animationSpeed":1,"_zoom":11.733},{"_mousePosition":[683,384],"_rootPartCFrame":[751.427,230.989,47.11,-0.746,0,0.666,0,1,0,-0.666,0,-0.746],"_humanoidState":5,"_cameraCFrame":[755.239,242.28,41.602,-0.645,-0.638,0.421,0,0.551,0.834,-0.764,0.538,-0.355],"_shiftlockState":true,"_pose":"FreeFall","_animationQueue":[],"_animationSpeed":1,"_zoom":11.733},{"_mousePosition":[683,384],"_rootPartCFrame":[751.108,230.721,47.048,-0.553,0,0.833,0,1,0,-0.833,0,-0.553],"_humanoidState":5,"_cameraCFrame":[755.694,241.89,41.93,-0.55,-0.688,0.473,0,0.566,0.824,-0.835,0.454,-0.312],"_shiftlockState":true,"_pose":"FreeFall","_animationQueue":[],"_animationSpeed":1,"_zoom":11.733},{"_mousePosition":[683,384],"_rootPartCFrame":[750.91,230.519,47.031,-0.495,0,0.869,0,1,0,-0.869,0,-0.495],"_humanoidState":5,"_cameraCFrame":[756.528,241.485,42.61,-0.407,-0.737,0.54,0,0.591,0.807,-0.913,0.329,-0.241],"_shiftlockState":true,"_pose":"FreeFall","_animationQueue":[],"_animationSpeed":1,"_zoom":11.733},{"_mousePosition":[683,384],"_rootPartCFrame":[750.582,230.114,46.973,-0.309,0,0.951,0,1,0,-0.951,0,-0.309],"_humanoidState":5,"_cameraCFrame":[756.714,240.962,43.005,-0.326,-0.753,0.571,0,0.604,0.797,-0.945,0.26,-0.197],"_shiftlockState":true,"_pose":"FreeFall","_animationQueue":[["fall",0.3],["fall",0]],"_animationSpeed":1,"_zoom":11.733},{"_mousePosition":[683,384],"_rootPartCFrame":[750.39,229.83,46.919,-0.262,0,0.965,0,1,0,-0.965,0,-0.262],"_humanoidState":5,"_cameraCFrame":[757.16,240.498,43.625,-0.217,-0.763,0.609,0,0.624,0.781,-0.976,0.169,-0.135],"_shiftlockState":true,"_pose":"FreeFall","_animationQueue":[],"_animationSpeed":1,"_zoom":11.733},{"_mousePosition":[683,384],"_rootPartCFrame":[750.145,229.404,46.815,-0.128,0,0.992,0,1,0,-0.992,0,-0.128],"_humanoidState":5,"_cameraCFrame":[757.314,239.935,44.024,-0.141,-0.762,0.632,0,0.638,0.77,-0.99,0.109,-0.09],"_shiftlockState":true,"_pose":"FreeFall","_animationQueue":[],"_animationSpeed":1,"_zoom":11.733},{"_mousePosition":[683,384],"_rootPartCFrame":[749.902,228.924,46.726,-0.121,0,0.993,0,1,0,-0.993,0,-0.121],"_humanoidState":5,"_cameraCFrame":[757.431,239.301,44.439,-0.071,-0.755,0.652,0,0.654,0.757,-0.998,0.053,-0.046],"_shiftlockState":true,"_pose":"FreeFall","_animationQueue":[],"_animationSpeed":1,"_zoom":11.733},{"_mousePosition":[683,384],"_rootPartCFrame":[749.525,228.101,46.666,-0.081,0,0.997,0,1,0,-0.997,0,-0.081],"_humanoidState":5,"_cameraCFrame":[757.375,238.296,44.796,-0.015,-0.741,0.671,0,0.671,0.741,-1,0.011,-0.01],"_shiftlockState":true,"_pose":"FreeFall","_animationQueue":[],"_animationSpeed":1,"_zoom":11.733},{"_mousePosition":[683,384],"_rootPartCFrame":[749.064,226.985,46.686,-0.029,0,1,0,1,0,-1,0,-0.029],"_humanoidState":5,"_cameraCFrame":[757.036,237.098,44.957,0.003,-0.734,0.679,0,0.679,0.734,-1,-0.002,0.002],"_shiftlockState":true,"_pose":"FreeFall","_animationQueue":[],"_animationSpeed":1,"_zoom":11.733},{"_mousePosition":[683,384],"_rootPartCFrame":[748.864,226.456,46.691,-0.001,0,1,0,1,0,-1,0,-0.001],"_humanoidState":5,"_cameraCFrame":[756.925,236.511,45.089,0.018,-0.729,0.684,0,0.684,0.729,-1,-0.013,0.013],"_shiftlockState":true,"_pose":"FreeFall","_animationQueue":[["fall",0.3]],"_animationSpeed":1,"_zoom":11.733},{"_mousePosition":[683,384],"_rootPartCFrame":[748.663,226.498,46.697,-0.029,0,1,0.006,1,0,-1,0.006,-0.029],"_humanoidState":12,"_cameraCFrame":[756.776,236.52,45.196,0.03,-0.726,0.687,0,0.687,0.726,-1,-0.022,0.021],"_shiftlockState":true,"_pose":"Climbing","_animationQueue":[["walk",0.1],["fall",0.3],["climb",0.1],["climb",0]],"_animationSpeed":-3.595,"_zoom":11.733},{"_mousePosition":[683,384],"_rootPartCFrame":[748.685,226.665,46.692,0.022,0,1,0.002,1,0,-1,0.002,0.022],"_humanoidState":12,"_cameraCFrame":[756.865,236.649,45.333,0.048,-0.722,0.69,0,0.691,0.723,-0.999,-0.034,0.033],"_shiftlockState":true,"_pose":"Climbing","_animationQueue":[["climb",0.1]],"_animationSpeed":0.602,"_zoom":11.733},{"_mousePosition":[683,384],"_rootPartCFrame":[748.709,226.851,46.692,0.051,0,0.999,-0.001,1,0,-0.999,-0.001,0.051],"_humanoidState":12,"_cameraCFrame":[756.945,236.808,45.519,0.071,-0.719,0.691,0,0.693,0.721,-0.998,-0.051,0.049],"_shiftlockState":true,"_pose":"Climbing","_animationQueue":[["climb",0.1]],"_animationSpeed":0.909,"_zoom":11.733},{"_mousePosition":[683,384],"_rootPartCFrame":[748.728,227.038,46.692,0.07,0,0.998,0,1,0,-0.998,0,0.07],"