[{"_mousePosition":[1190,406],"_rootPartCFrame":[776.028,222.95,47.142,0,0,1,0,1,0,-1,0,0],"_humanoidState":8,"_cameraCFrame":[776.177,233.009,45.641,-0.995,-0.098,0.017,0,0.174,0.985,-0.099,0.98,-0.173],"_shiftlockState":false,"_pose":"Standing","_animationQueue":[],"_animationSpeed":1,"_zoom":8.691},{"_mousePosition":[1183,407],"_rootPartCFrame":[776.028,222.707,47.142,0,0,1,0,1,0,-1,0,0],"_humanoidState":8,"_cameraCFrame":[776.177,232.766,45.641,-0.995,-0.098,0.017,0,0.174,0.985,-0.099,0.98,-0.173],"_shiftlockState":false,"_pose":"Standing","_animationQueue":[],"_animationSpeed":1,"_zoom":8.691},{"_mousePosition":[1175,407],"_rootPartCFrame":[775.961,222.613,47.136,0.006,0,1,0,1,0,-1,0,0.006],"_humanoidState":8,"_cameraCFrame":[776.11,232.672,45.634,-0.995,-0.098,0.017,0,0.174,0.985,-0.099,0.98,-0.173],"_shiftlockState":false,"_pose":"Standing","_animationQueue":[],"_animationSpeed":1,"_zoom":8.691},{"_mousePosition":[1138,405],"_rootPartCFrame":[775.709,222.615,47.111,0.018,0,1,0,1,0,-1,0,0.018],"_humanoidState":8,"_cameraCFrame":[775.859,232.674,45.609,-0.995,-0.098,0.017,0,0.174,0.985,-0.099,0.98,-0.173],"_shiftlockState":false,"_pose":"Running","_animationQueue":[["walk",0.1]],"_animationSpeed":0.557,"_zoom":8.691},{"_mousePosition":[1094,403],"_rootPartCFrame":[775.577,222.632,47.097,0.023,0,1,0,1,0,-1,0,0.023],"_humanoidState":8,"_cameraCFrame":[775.726,232.691,45.596,-0.995,-0.098,0.017,0,0.174,0.985,-0.099,0.98,-0.173],"_shiftlockState":false,"_pose":"Running","_animationQueue":[["walk",0.1]],"_animationSpeed":1.089,"_zoom":8.691},{"_mousePosition":[1026,397],"_rootPartCFrame":[775.311,222.661,47.071,0.034,0,0.999,0,1,0,-0.999,0,0.034],"_humanoidState":8,"_cameraCFrame":[775.461,232.72,45.569,-0.995,-0.098,0.017,0,0.174,0.985,-0.099,0.98,-0.173],"_shiftlockState":false,"_pose":"Running","_animationQueue":[],"_animationSpeed":1.089,"_zoom":8.691},{"_mousePosition":[981,393],"_rootPartCFrame":[775.046,222.679,47.044,0.043,0,0.999,0,1,0,-0.999,0,0.043],"_humanoidState":8,"_cameraCFrame":[775.196,232.738,45.543,-0.995,-0.098,0.017,0,0.174,0.985,-0.099,0.98,-0.173],"_shiftlockState":false,"_pose":"Running","_animationQueue":[],"_animationSpeed":1.089,"_zoom":8.691},{"_mousePosition":[936,389],"_rootPartCFrame":[774.781,222.688,47.018,0.05,0,0.999,0,1,0,-0.999,0,0.05],"_humanoidState":8,"_cameraCFrame":[774.93,232.747,45.516,-0.995,-0.098,0.017,0,0.174,0.985,-0.099,0.98,-0.173],"_shiftlockState":false,"_pose":"Running","_animationQueue":[],"_animationSpeed":1.089,"_zoom":8.691},{"_mousePosition":[912,388],"_rootPartCFrame":[774.515,222.694,46.992,0.057,0,0.998,0,1,0,-0.998,0,0.057],"_humanoidState":8,"_cameraCFrame":[774.665,232.753,45.49,-0.995,-0.098,0.017,0,0.174,0.985,-0.099,0.98,-0.173],"_shiftlockState":false,"_pose":"Running","_animationQueue":[],"_animationSpeed":1.089,"_zoom":8.691},{"_mousePosition":[912,388],"_rootPartCFrame":[774.25,222.696,46.965,0.063,0,0.998,0,1,0,-0.998,0,0.063],"_humanoidState":8,"_cameraCFrame":[774.367,232.755,45.46,-0.997,-0.076,0.013,0,0.174,0.985,-0.077,0.982,-0.173],"_shiftlockState":false,"_pose":"Running","_animationQueue":[["walk",0.1]],"_animationSpeed":1.089,"_zoom":8.691},{"_mousePosition":[912,388],"_rootPartCFrame":[773.984,222.698,46.939,0.068,0,0.998,0,1,0,-0.998,0,0.068],"_humanoidState":8,"_cameraCFrame":[774.079,232.757,45.432,-0.998,-0.062,0.011,0,0.174,0.985,-0.063,0.983,-0.173],"_shiftlockState":false,"_pose":"Running","_animationQueue":[],"_animationSpeed":1.089,"_zoom":8.691},{"_mousePosition":[912,388],"_rootPartCFrame":[773.719,222.699,46.918,0.069,0,0.998,0,1,0,-0.998,0,0.069],"_humanoidState":8,"_cameraCFrame":[773.79,232.758,45.41,-0.999,-0.046,0.008,0,0.174,0.985,-0.047,0.984,-0.173],"_shiftlockState":false,"_pose":"Running","_animationQueue":[],"_animationSpeed":1.089,"_zoom":8.691},{"_mousePosition":[912,388],"_rootPartCFrame":[773.453,222.699,46.9,0.069,0,0.998,0,1,0,-0.998,0,0.069],"_humanoidState":8,"_cameraCFrame":[773.509,232.758,45.392,-0.999,-0.037,0.007,0,0.174,0.985,-0.038,0.984,-0.174],"_shiftlockState":false,"_pose":"Running","_animationQueue":[],"_animationSpeed":1.089,"_zoom":8.691},{"_mousePosition":[912,388],"_rootPartCFrame":[773.186,222.699,46.888,0.066,0,0.998,0,1,0,-0.998,0,0.066],"_humanoidState":8,"_cameraCFrame":[773.229,232.758,45.379,-1,-0.028,0.005,0,0.174,0.985,-0.028,0.984,-0.174],"_shiftlockState":false,"_pose":"Running","_animationQueue":[],"_animationSpeed":1.089,"_zoom":8.691},{"_mousePosition":[912,388],"_rootPartCFrame":[772.92,222.7,46.877,0.062,0,0.998,0,1,0,-0.998,0,0.062],"_humanoidState":8,"_cameraCFrame":[772.957,232.758,45.369,-1,-0.025,0.004,0,0.174,0.985,-0.025,0.984,-0.174],"_shiftlockState":false,"_pose":"Running","_animationQueue":[],"_animationSpeed":1.089,"_zoom":8.691},{"_mousePosition":[912,388],"_rootPartCFrame":[772.653,222.7,46.87,0.058,0,0.998,0,1,0,-0.998,0,0.058],"_humanoidState":8,"_cameraCFrame":[772.691,232.759,45.361,-1,-0.025,0.004,0,0.174,0.985,-0.025,0.984,-0.174],"_shiftlockState":false,"_pose":"Running","_animationQueue":[["walk",0.1]],"_animationSpeed":1.089,"_zoom":8.691},{"_mousePosition":[912,388],"_rootPartCFrame":[772.386,222.7,46.863,0.053,0,0.999,0,1,0,-0.999,0,0.053],"_humanoidState":8,"_cameraCFrame":[772.424,232.759,45.354,-1,-0.025,0.004,0,0.174,0.985,-0.025,0.984,-0.174],"_shiftlockState":false,"_pose":"Running","_animationQueue":[],"_animationSpeed":1.089,"_zoom":8.691},{"_mousePosition":[912,388],"_rootPartCFrame":[772.12,222.7,46.856,0.05,0,0.999,0,1,0,-0.999,0,0.05],"_humanoidState":8,"_cameraCFrame":[772.158,232.759,45.347,-1,-0.025,0.004,0,0.174,0.985,-0.025,0.984,-0.174],"_shiftlockState":false,"_pose":"Running","_animationQueue":[],"_animationSpeed":1.089,"_zoom":8.691},{"_mousePosition":[912,388],"_rootPartCFrame":[771.853,222.7,46.85,0.046,0,0.999,0,1,0,-0.999,0,0.046],"_humanoidState":8,"_cameraCFrame":[771.891,232.759,45.341,-1,-0.025,0.004,0,0.174,0.985,-0.025,0.984,-0.174],"_shiftlockState":false,"_pose":"Running","_animationQueue":[],"_animationSpeed":1.089,"_zoom":8.691},{"_mousePosition":[912,388],"_rootPartCFrame":[771.587,222.7,46.843,0.043,0,0.999,0,1,0,-0.999,0,0.043],"_humanoidState":8,"_cameraCFrame":[769.875,232.759,45.29,-1,-0.025,0.004,0,0.174,0.985,-0.025,0.984,-0.174],"_shiftlockState":true,"_pose":"Running","_animationQueue":[],"_animationSpeed":1.089,"_zoom":8.691},{"_mousePosition":[683,384],"_rootPartCFrame":[771.187,222.7,46.833,-0.995,0,-0.099,0,1,0,0.099,0,-0.995],"_humanoidState":8,"_cameraCFrame":[769.475,232.759,45.28,-1,-0.025,0.004,0,0.174,0.985,-0.025,0.984,-0.174],"_shiftlockState":true,"_pose":"Running","_animationQueue":[],"_animationSpeed":1.089,"_zoom":8.691},{"_mousePosition":[683,384],"_rootPartCFrame":[771.053,222.7,46.829,-1,0,0.004,0,1,0,-0.004,0,-1],"_humanoidState":8,"_cameraCFrame":[769.347,232.759,45.272,-1,-0.028,0.005,0,0.174,0.985,-0.028,0.984,-0.174],"_shiftlockState":true,"_pose":"Running","_animationQueue":[],"_animationSpeed":1.089,"_zoom":8.691},{"_mousePosition":[683,384],"_rootPartCFrame":[770.72,222.7,46.821,-1,0,0.019,0,1,0,-0.019,0,-1],"_humanoidState":8,"_cameraCFrame":[769.033,232.759,45.242,-0.999,-0.04,0.007,0,0.174,0.985,-0.041,0.984,-0.174],"_shiftlockState":true,"_pose":"Running","_animationQueue":[["walk",0.1]],"_animationSpeed":1.089,"_zoom":8.691},{"_mousePosition":[683,384],"_rootPartCFrame":[770.52,222.7,46.816,-0.999,0,0.04,0,1,0,-0.04,0,-0.999],"_humanoidState":8,"_cameraCFrame":[768.879,232.759,45.189,-0.998,-0.068,0.012,0,0.174,0.985,-0.069,0.982,-0.173],"_shiftlockState":true,"_pose":"Running","_animationQueue":[],"_animationSpeed":1.089,"_zoom":8.691},{"_mousePosition":[683,384],"_rootPartCFrame":[770.187,222.7,46.803,-0.998,0,0.069,0,1,0,-0.069,0,-0.998],"_humanoidState":8,"_cameraCFrame":[768.608,232.759,45.116,-0.994,-0.105,0.018,0,0.174,0.985,-0.107,0.979,-0.173],"_shiftlockState":true,"_pose":"Running","_animationQueue":[],"_animationSpeed":1.089,"_zoom":8.691},{"_mousePosition":[683,384],"_rootPartCFrame":[769.921,222.666,46.792,-0.994,0,0.107,0,1,0,-0.107,0,-0.994],"_humanoidState":8,"_cameraCFrame":[768.397,232.725,45.054,-0.99,-0.137,0.024,0,0.174,0.985,-0.139,0.975,-0.172],"_shiftlockState":true,"_pose":"Running","_animationQueue":[],"_animationSpeed":1.089,"_zoom":8.691},{"_mousePosition":[683,384],"_rootPartCFrame":[769.655,222.577,46.781,-0.99,0,0.139,0,1,0,-0.139,0,-0.99],"_humanoidState":8,"_cameraCFrame":[768.175,232.636,45.006,-0.987,-0.161,0.028,0,0.174,0.985,-0.164,0.972,-0.171],"_shiftlockState":true,"_pose":"Running","_animationQueue":[],"_animationSpeed":1.089,"_zoom":8.691},{"_mousePosition":[683,384],"_rootPartCFrame":[769.455,222.475,46.773,-0.987,0,0.164,0,1,0,-0.164,0,-0.987],"_humanoidState":8,"_cameraCFrame":[768.022,232.534,44.959,-0.982,-0.186,0.033,0,0.174,0.985,-0.189,0.967,-0.171],"_shiftlockState":true,"_pose":"Running","_animationQueue":[],"_animationSpeed":1.089,"_zoom":8.691},{"_mousePosition":[683,384],"_rootPartCFrame":[769.122,222.236,46.759,-0.982,0,0.189,0,1,0,-0.189,0,-0.982],"_humanoidState":8,"_cameraCFrame":[767.72,232.295,44.922,-0.979,-0.203,0.036,0,0.174,0.985,-0.206,0.964,-0.17],"_shiftlockState":true,"_pose":"Running","_animationQueue":[],"_animationSpeed":1.089,"_zoom":8.691},{"_mousePosition":[683,384],"_rootPartCFrame":[768.922,222.052,46.751,-0.979,0,0.206,0,1,0,-0.206,0,-0.979],"_humanoidState":8,"_cameraCFrame":[767.559,232.111,44.885,-0.974,-0.223,0.039,0,0.174,0.985,-0.226,0.959,-0.169],"_shiftlockState":true,"_pose":"Running","_animationQueue":[["walk",0.1]],"_animationSpeed":1.089,"_zoom":8.691},{"_mousePosition":[683,384],"_rootPartCFrame":[768.589,221.678,46.737,-0.974,0,0.226,0,1,0,-0.226,0,-0.974],"_humanoidState":8,"_cameraCFrame":[767.253,231.737,44.852,-0.971,-0.237,0.042,0,0.174,0.985,-0.24,0.956,-0.169],"_shiftlockState":true,"_pose":"Running","_animationQueue":[],"_animationSpeed":1.089,"_zoom":8.691},{"_mousePosition":[683,384],"_rootPartCFrame":[768.393,221.879,46.699,-0.971,0,0.24,0,1,0,-0.24,0,-0.971],"_humanoidState":8,"_cameraCFrame":[767.068,231.938,44.806,-0.969,-0.242,0.043,0,0.174,0.985,-0.246,0.955,-0.168],"_shiftlockState":true,"_pose":"Running","_animationQueue":[],"_animationSpeed":1.089,"_zoom":8.691},{"_mousePosition":[683,384],"_rootPartCFrame":[768.07,222.434,46.62,-0.969,0,0.246,0,1,0,-0.246,0,-0.969],"_humanoidState":8,"_cameraCFrame":[766.748,232.493,44.724,-0.969,-0.244,0.043,0,0.174,0.985,-0.248,0.954,-0.168],"_shiftlockState":true,"_pose":"Running","_animationQueue":[],"_animationSpeed":1.089,"_zoom":8.691},{"_mousePosition":[683,384],"_rootPartCFrame":[767.876,222.687,46.571,-0.969,0,0.248,0,1,0,-0.248,0,-0.969],"_humanoidState":8,"_cameraCFrame":[766.56,232.746,44.671,-0.968,-0.247,0.044,0,0.174,0.985,-0.251,0.953,-0.168],"_shiftlockState":true,"_pose":"Running","_animationQueue":[],"_animationSpeed":1.089,"_zoom":8.691},{"_mousePosition":[683,384],"_rootPartCFrame":[767.617,222.837,46.505,-0.968,0,0.251,0,1,0,-0.251,0,-0.968],"_humanoidState":8,"_cameraCFrame":[766.312,232.896,44.599,-0.967,-0.252,0.044,0,0.174,0.985,-0.256,0.952,-0.168],"_shiftlockState":true,"_pose":"Running","_animationQueue":[],"_animationSpeed":1.089,"_zoom":8.691},{"_mousePosition":[683,384],"_rootPartCFrame":[767.295,222.952,46.422,-0.967,0,0.256,0,1,0,-0.256,0,-0.967],"_humanoidState":8,"_cameraCFrame":[766.001,233.011,44.507,-0.965,-0.258,0.045,0,0.174,0.985,-0.262,0.95,-0.168],"_shiftlockState":true,"_pose":"Running","_animationQueue":[["walk",0.1]],"_animationSpeed":1.089,"_zoom":8.691},{"_mousePosition":[683,384],"_rootPartCFrame":[767.037,223.05,46.354,-0.965,0,0.262,0,1,0,-0.262,0,-0.965],"_humanoidState":8,"_cameraCFrame":[765.749,233.109,44.435,-0.964,-0.261,0.046,0,0.174,0.985,-0.265,0.95,-0.167],"_shiftlockState":true,"_pose":"Running","_animationQueue":[],"_animationSpeed":1.089,"_zoom":8.691},{"_mousePosition":[683,384],"_rootPartCFrame":[766.78,223.117,46.284,-0.964,0,0.265,0,1,0,-0.265,0,-0.964],"_humanoidState":8,"_cameraCFrame":[765.492,233.176,44.365,-0.964,-0.261,0.046,0,0.174,0.985,-0.265,0.95,-0.167],"_shiftlockState":true,"_pose":"Running","_animationQueue":[],"_animationSpeed":1.089,"_zoom":8.691},{"_mousePosition":[683,384],"_rootPartCFrame":[766.522,223.154,46.213,-0.964,0,0.265,0,1,0,-0.265,0,-0.964],"_humanoidState":8,"_cameraCFrame":[765.234,233.213,44.295,-0.964,-0.261,0.046,0,0.174,0.985,-0.265,0.95,-0.167],"_shiftlockState":true,"_pose":"Running","_animationQueue":[],"_animationSpeed":1.089,"_zoom":8.691},{"_mousePosition":[683,384],"_rootPartCFrame":[766.265,223.175,46.143,-0.964,0,0.265,0,1,0,-0.265,0,-0.964],"_humanoidState":8,"_cameraCFrame":[764.977,233.234,44.224,-0.964,-0.261,0.046,0,0.174,0.985,-0.265,0.95,-0.167],"_shiftlockState":true,"_pose":"Running","_animationQueue":[],"_animationSpeed":1.089,"_zoom":8.691},{"_mousePosition":[683,384],"_rootPartCFrame":[766.008,223.186,46.072,-0.964,0,0.265,0,1,0,-0.265,0,-0.964],"_humanoidState":8,"_cameraCFrame":[764.728,233.245,44.148,-0.963,-0.265,0.047,0,0.174,0.985,-0.269,0.949,-0.167],"_shiftlockState":true,"_pose":"Running","_animationQueue":[],"_animationSpeed":1.089,"_zoom":8.691},{"_mousePosition":[683,384],"_rootPartCFrame":[765.751,223.192,46.001,-0.963,0,0.269,0,1,0,-0.269,0,-0.963],"_humanoidState":8,"_cameraCFrame":[764.501,233.251,44.058,-0.959,-0.28,0.049,0,0.174,0.985,-0.284,0.944,-0.167],"_shiftlockState":true,"_pose":"Running","_animationQueue":[["walk",0.1]],"_animationSpeed":1.089,"_zoom":8.691},{"_mousePosition":[683,384],"_rootPartCFrame":[765.494,223.196,45.93,-0.959,0,0.284,0,1,0,-0.284,0,-0.959],"_humanoidState":8,"_cameraCFrame":[764.308,233.254,43.946,-0.949,-0.31,0.055,0,0.174,0.985,-0.315,0.935,-0.165],"_shiftlockState":true,"_pose":"Running","_animationQueue":[],"_animationSpeed":1.089,"_zoom":8.691},{"_mousePosition":[683,384],"_rootPartCFrame":[765.238,223.197,45.854,-0.949,0,0.315,0,1,0,-0.315,0,-0.949],"_humanoidState":8,"_cameraCFrame":[764.186,233.256,43.797,-0.926,-0.371,0.065,0,0.174,0.985,-0.377,0.912,-0.161],"_shiftlockState":true,"_pose":"Running","_animationQueue":[],"_animationSpeed":1.089,"_zoom":8.691},{"_mousePosition":[683,384],"_rootPartCFrame":[764.985,223.198,45.771,-0.926,0,0.377,0,1,0,-0.377,0,-0.926],"_humanoidState":8,"_cameraCFrame":[764.142,233.257,43.619,-0.884,-0.46,0.081,0,0.174,0.985,-0.467,0.871,-0.154],"_shiftlockState":true,"_pose":"Running","_animationQueue":[],"_animationSpeed":1.089,"_zoom":8.691},{"_mousePosition":[683,384],"_rootPartCFrame":[764.737,223.199,45.672,-0.884,0,0.467,0,1,0,-0.467,0,-0.884],"_humanoidState":8,"_cameraCFrame":[764.15,233.258,43.437,-0.824,-0.558,0.098,0,0.174,0.985,-0.566,0.812,-0.143],"_shiftlockState":true,"_pose":"Running","_animationQueue":[],"_animationSpeed":1.089,"_zoom":8.691},{"_mousePosition":[683,384],"_rootPartCFrame":[764.5,223.199,45.549,-0.82,0,0.572,0,1,0,-0.572,0,-0.82],"_humanoidState":8,"_cameraCFrame":[764.166,233.258,43.263,-0.756,-0.645,0.114,0,0.174,0.985,-0.655,0.744,-0.131],"_shiftlockState":true,"_pose":"Running","_animationQueue":[],"_animationSpeed":1.089,"_zoom":8.691},{"_mousePosition":[683,384],"_rootPartCFrame":[764.279,223.199,45.401,-0.751,0,0.66,0,1,0,-0.66,0,-0.751],"_humanoidState":8,"_cameraCFrame":[764.172,233.258,43.092,-0.688,-0.715,0.126,0,0.174,0.985,-0.726,0.677,-0.119],"_shiftlockState":true,"_pose":"Running","_animationQueue":[],"_animationSpeed":1.089,"_zoom":8.691},{"_mousePosition":[683,384],"_rootPartCFrame":[764.025,223.199,45.186,-0.686,0,0.728,0,1,0,-0.728,0,-0.686],"_humanoidState":8,"_cameraCFrame":[764.07,233.258,42.875,-0.638,-0.758,0.134,0,0.174,0.985,-0.77,0.629,-0.111],"_shiftlockState":true,"_pose":"Running","_animationQueue":[["walk",0.1]],"_animationSpeed":1.089,"_zoom":8.691},{"_mousePosition":[683,384],"_rootPartCFrame":[763.885,223.199,45.043,-0.638,0,0.77,0,1,0,-0.77,0,-0.638],"_humanoidState":8,"_cameraCFrame":[764.043,233.258,42.738,-0.6,-0.788,0.139,0,0.174,0.985,-0.8,0.591,-0.104],"_shiftlockState":true,"_pose":"Running","_animationQueue":[],"_animationSpeed":1.089,"_zoom":8.691},{"_mousePosition":[683,384],"_rootPartCFrame":[763.67,223.199,44.789,-0.6,0,0.8,0,1,0,-0.8,0,-0.6],"_humanoidState":8,"_cameraCFrame":[763.92,233.258,42.491,-0.567,-0.811,0.143,0,0.174,0.985,-0.823,0.559,-0.099],"_shiftlockState":true,"_pose":"Running","_animationQueue":[],"_animationSpeed":1.089,"_zoom":8.691},{"_mousePosition":[683,384],"_rootPartCFrame":[763.508,223.199,44.577,-0.567,0,0.823,0,1,0,-0.823,0,-0.567],"_humanoidState":8,"_cameraCFrame":[763.84,233.258,42.29,-0.538,-0.83,0.146,0,0.174,0.985,-0.843,0.529,-0.093],"_shiftlockState":true,"_pose":"Running","_animationQueue":[],"_animationSpeed":1.089,"_zoom":8.691},{"_mousePosition":[683,384],"_rootPartCFrame":[763.356,223.199,44.358,-0.538,0,0.843,0,1,0,-0.843,0,-0.538],"_humanoidState":8,"_cameraCFrame":[763.706,233.258,42.074,-0.531,-0.835,0.147,0,0.174,0.985,-0.848,0.523,-0.092],"_shiftlockState":true,"_pose":"Running","_animationQueue":[],"_animationSpeed":1.089,"_zoom":8.691},{"_mousePosition":[683,384],"_rootPartCFrame":[763.247,223.199,44.19,-0.531,0,0.848,0,1,0,-0.848,0,-0.531],"_humanoidState":8,"_cameraCFrame":[763.598,233.258,41.906,-0.531,-0.835,0.147,0,0.174,0.985,-0.848,0.523,-0.092],"_shiftlockState":true,"_pose":"Running","_animationQueue":[],"_animationSpeed":1.089,"_zoom":8.691},{"_mousePosition":[683,384],"_rootPartCFrame":[763.07,223.199,43.908,-0.531,0,0.848,0,1,0,-0.848,0,-0.531],"_humanoidState":8,"_cameraCFrame":[763.421,233.258,41.624,-0.531,-0.835,0.147,0,0.174,0.985,-0.848,0.523,-0.092],"_shiftlockState":true,"_pose":"Running","_animationQueue":[],"_animationSpeed":1.089,"_zoom":8.691},{"_mousePosition":[683,384],"_rootPartCFrame":[762.964,223.199,43.738,-0.531,0,0.848,0,1,0,-0.848,0,-0.531],"_humanoidState":8,"_cameraCFrame":[763.314,233.258,41.454,-0.531,-0.835,0.147,0,0.174,0.985,-0.848,0.523,-0.092],"_shiftlockState":true,"_pose":"Running","_animationQueue":[["walk",0.1]],"_animationSpeed":1.089,"_zoom":8.691},{"_mousePosition":[683,384],"_rootPartCFrame":[762.822,223.199,43.512,-0.531,0,0.848,0,1,0,-0.848,0,-0.531],"_humanoidState":8,"_cameraCFrame":[763.173,233.258,41.228,-0.531,-0.835,0.147,0,0.174,0.985,-0.848,0.523,-0.092],"_shiftlockState":true,"_pose":"Running","_animationQueue":[],"_animationSpeed":1.089,"_zoom":8.691},{"_mousePosition":[683,384],"_rootPartCFrame":[762.68,223.199,43.286,-0.531,0,0.848,0,1,0,-0.848,0,-0.531],"_humanoidState":8,"_cameraCFrame":[763.031,233.258,41.002,-0.531,-0.835,0.147,0,0.174,0.985,-0.848,0.523,-0.092],"_shiftlockState":true,"_pose":"Running","_animationQueue":[],"_animationSpeed":1.089,"_zoom":8.691},{"_mousePosition":[683,384],"_rootPartCFrame":[762.503,223.199,43.004,-0.531,0,0.848,0,1,0,-0.848,0,-0.531],"_humanoidState":8,"_cameraCFrame":[762.854,233.258,40.719,-0.531,-0.835,0.147,0,0.174,0.985,-0.848,0.523,-0.092],"_shiftlockState":true,"_pose":"Running","_animationQueue":[],"_animationSpeed":1.089,"_zoom":8.691},{"_mousePosition":[683,384],"_rootPartCFrame":[762.397,223.199,42.834,-0.531,0,0.848,0,1,0,-0.848,0,-0.531],"_humanoidState":8,"_cameraCFrame":[762.748,233.258,40.55,-0.531,-0.835,0.147,0,0.174,0.985,-0.848,0.523,-0.092],"_shiftlockState":true,"_pose":"Running","_animationQueue":[],"_animationSpeed":1.089,"_zoom":8.691},{"_mousePosition":[683,384],"_rootPartCFrame":[762.22,223.199,42.551,-0.531,0,0.848,0,1,0,-0.848,0,-0.531],"_humanoidState":8,"_cameraCFrame":[762.571,233.258,40.267,-0.531,-0.835,0.147,0,0.174,0.985,-0.848,0.523,-0.092],"_shiftlockState":true,"_pose":"Running","_animationQueue":[],"_animationSpeed":1.089,"_zoom":8.691},{"_mousePosition":[683,384],"_rootPartCFrame":[762.114,223.199,42.382,-0.531,0,0.848,0,1,0,-0.848,0,-0.531],"_humanoidState":8,"_cameraCFrame":[762.465,233.258,40.098,-0.531,-0.835,0.147,0,0.174,0.985,-0.848,0.523,-0.092],"_shiftlockState":true,"_pose":"Running","_animationQueue":[],"_animationSpeed":1.089,"_zoom":8.691},{"_mousePosition":[683,384],"_rootPartCFrame":[761.937,223.199,42.099,-0.531,0,0.848,0,1,0,-0.848,0,-0.531],"_humanoidState":8,"_cameraCFrame":[762.288,233.258,39.815,-0.531,-0.835,0.147,0,0.174,0.985,-0.848,0.523,-0.092],"_shiftlockState":true,"_pose":"Running","_animationQueue":[["walk",0.1]],"_animationSpeed":1.089,"_zoom":8.691},{"_mousePosition":[683,384],"_rootPartCFrame":[761.796,223.199,41.873,-0.531,0,0.848,0,1,0,-0.848,0,-0.531],"_humanoidState":8,"_cameraCFrame":[762.146,233.258,39.589,-0.531,-0.835,0.147,0,0.174,0.985,-0.848,0.523,-0.092],"_shiftlockState":true,"_pose":"Running","_animationQueue":[],"_animationSpeed":1.089,"_zoom":8.691},{"_mousePosition":[683,384],"_rootPartCFrame":[761.654,223.199,41.647,-0.531,0,0.848,0,1,0,-0.848,0,-0.531],"_humanoidState":8,"_cameraCFrame":[762.034,233.252,39.345,-0.531,-0.834,0.151,0,0.178,0.984,-0.848,0.522,-0.094],"_shiftlockState":true,"_pose":"Running","_animationQueue":[],"_animationSpeed":1.089,"_zoom":8.691},{"_mousePosition":[683,384],"_rootPartCFrame":[761.512,223.199,41.421,-0.531,0,0.848,0,1,0,-0.848,0,-0.531],"_humanoidState":8,"_cameraCFrame":[761.96,233.243,39.098,-0.521,-0.839,0.156,0,0.183,0.983,-0.854,0.512,-0.095],"_shiftlockState":true,"_pose":"Running","_animationQueue":[],"_animationSpeed":1.089,"_zoom":8.691},{"_mousePosition":[683,384],"_rootPartCFrame":[761.335,223.199,41.139,-0.521,0,0.854,0,1,0,-0.854,0,-0.521],"_humanoidState":8,"_cameraCFrame":[761.815,233.243,38.822,-0.509,-0.846,0.158,0,0.183,0.983,-0.861,0.5,-0.093],"_shiftlockState":true,"_pose":"Running","_animationQueue":[],"_animationSpeed":1.089,"_zoom":8.691},{"_mousePosition":[683,384],"_rootPartCFrame":[761.196,223.199,40.911,-0.509,0,0.861,0,1,0,-0.861,0,-0.509],"_humanoidState":8,"_cameraCFrame":[761.7,233.246,38.609,-0.496,-0.854,0.158,0,0.182,0.983,-0.869,0.487,-0.09],"_shiftlockState":true,"_pose":"Running","_animationQueue":[],"_animationSpeed":1.089,"_zoom":8.691},{"_mousePosition":[683,384],"_rootPartCFrame":[761.06,223.199,40.682,-0.496,0,0.869,0,1,0,-0.869,0,-0.496],"_humanoidState":8,"_cameraCFrame":[761.56,233.252,38.403,-0.485,-0.86,0.155,0,0.178,0.984,-0.874,0.478,-0.086],"_shiftlockState":true,"_pose":"Running","_animationQueue":[],"_animationSpeed":1.089,"_zoom":8.691},{"_mousePosition":[683,384],"_rootPartCFrame":[760.96,223.199,40.509,-0.485,0,0.874,0,1,0,-0.874,0,-0.485],"_humanoidState":8,"_cameraCFrame":[761.453,233.254,38.237,-0.484,-0.862,0.154,0,0.176,0.984,-0.875,0.476,-0.085],"_shiftlockState":true,"_pose":"Running","_animationQueue":[["walk",0.1]],"_animationSpeed":1.089,"_zoom":8.691},{"_mousePosition":[683,384],"_rootPartCFrame":[760.798,223.199,40.218,-0.484,0,0.875,0,1,0,-0.875,0,-0.484],"_humanoidState":8,"_cameraCFrame":[761.268,233.258,37.955,-0.485,-0.861,0.152,0,0.174,0.985,-0.874,0.478,-0.084],"_shiftlockState":true,"_pose":"Running","_animationQueue":[],"_animationSpeed":1.089,"_zoom":8.691},{"_mousePosition":[683,384],"_rootPartCFrame":[760.669,223.199,39.984,-0.485,0,0.874,0,1,0,-0.874,0,-0.485],"_humanoidState":8,"_cameraCFrame":[761.125,233.258,37.719,-0.491,-0.858,0.151,0,0.174,0.985,-0.871,0.484,-0.085],"_shiftlockState":true,"_pose":"Running","_animationQueue":[],"_animationSpeed":1.089,"_zoom":8.691},{"_mousePosition":[683,384],"_rootPartCFrame":[760.54,223.199,39.751,-0.491,0,0.871,0,1,0,-0.871,0,-0.491],"_humanoidState":8,"_cameraCFrame":[760.971,233.258,37.481,-0.5,-0.853,0.15,0,0.174,0.985,-0.866,0.492,-0.087],"_shiftlockState":true,"_pose":"Running","_animationQueue":[],"_animationSpeed":1.089,"_zoom":8.691},{"_mousePosition":[683,384],"_rootPartCFrame":[760.442,223.199,39.577,-0.5,0,0.866,0,1,0,-0.866,0,-0.5],"_humanoidState":8,"_cameraCFrame":[760.812,233.258,37.296,-0.523,-0.839,0.148,0,0.174,0.985,-0.852,0.516,-0.091],"_shiftlockState":true,"_pose":"Running","_animationQueue":[],"_animationSpeed":1.089,"_zoom":8.691},{"_mousePosition":[683,384],"_rootPartCFrame":[760.275,223.199,39.288,-0.523,0,0.852,0,1,0,-0.852,0,-0.523],"_humanoidState":8,"_cameraCFrame":[760.578,233.258,36.997,-0.548,-0.824,0.145,0,0.174,0.985,-0.836,0.54,-0.095],"_shiftlockState":true,"_pose":"Running","_animationQueue":[],"_animationSpeed":1.089,"_zoom":8.691},{"_mousePosition":[683,384],"_rootPartCFrame":[760.137,223.199,39.06,-0.548,0,0.836,0,1,0,-0.836,0,-0.548],"_humanoidState":8,"_cameraCFrame":[760.334,233.258,36.758,-0.586,-0.798,0.141,0,0.174,0.985,-0.81,0.577,-0.102],"_shiftlockState":true,"_pose":"Running","_animationQueue":[["walk",0.1]],"_animationSpeed":1.089,"_zoom":8.691},{"_mousePosition":[683,384],"_rootPartCFrame":[759.992,223.199,38.836,-0.586,0,0.81,0,1,0,-0.81,0,-0.586],"_humanoidState":8,"_cameraCFrame":[760.111,233.258,36.529,-0.613,-0.778,0.137,0,0.174,0.985,-0.79,0.604,-0.106],"_shiftlockState":true,"_pose":"Running","_animationQueue":[],"_animationSpeed":1.089,"_zoom":8.691},{"_mousePosition":[683,384],"_rootPartCFrame":[759.837,223.199,38.619,-0.613,0,0.79,0,1,0,-0.79,0,-0.613],"_humanoidState":8,"_cameraCFrame":[759.899,233.258,36.309,-0.633,-0.763,0.134,0,0.174,0.985,-0.774,0.623,-0.11],"_shiftlockState":true,"_pose":"Running","_animationQueue":[],"_animationSpeed":1.089,"_zoom":8.691},{"_mousePosition":[683,384],"_rootPartCFrame":[759.715,223.199,38.46,-0.633,0,0.774,0,1,0,-0.774,0,-0.633],"_humanoidState":8,"_cameraCFrame":[759.729,233.258,36.15,-0.649,-0.749,0.132,0,0.174,0.985,-0.761,0.639,-0.113],"_shiftlockState":true,"_pose":"Running","_animationQueue":[],"_animationSpeed":1.089,"_zoom":8.691},{"_mousePosition":[683,384],"_rootPartCFrame":[759.547,223.199,38.253,-0.649,0,0.761,0,1,0,-0.761,0,-0.649],"_humanoidState":8,"_cameraCFrame":[759.515,233.258,35.943,-0.664,-0.737,0.13,0,0.174,0.985,-0.748,0.654,-0.115],"_shiftlockState":true,"_pose":"Running","_animationQueue":[],"_animationSpeed":1.089,"_zoom":8.691},{"_mousePosition":[683,384],"_rootPartCFrame":[759.332,223.199,37.999,-0.664,0,0.748,0,1,0,-0.748,0,-0.664],"_humanoidState":8,"_cameraCFrame":[759.265,233.257,35.685,-0.676,-0.725,0.129,0,0.174,0.985,-0.737,0.666,-0.118],"_shiftlockState":true,"_pose":"Running","_animationQueue":[],"_animationSpeed":1.089,"_zoom":8.691},{"_mousePosition":[683,384],"_rootPartCFrame":[759.155,223.199,37.799,-0.676,0,0.737,0,1,0,-0.737,0,-0.676],"_humanoidState":8,"_cameraCFrame":[759.048,233.256,35.482,-0.691,-0.712,0.127,0,0.175,0.985,-0.723,0.68,-0.121],"_shiftlockState":true,"_pose":"Running","_animationQueue":[],"_animationSpeed":1.089,"_zoom":8.691},{"_mousePosition":[683,384],"_rootPartCFrame":[758.93,223.199,37.553,-0.691,0,0.723,0,1,0,-0.723,0,-0.691],"_humanoidState":8,"_cameraCFrame":[758.767,233.254,35.235,-0.709,-0.694,0.124,0,0.176,0.984,-0.705,0.698,-0.125],"_shiftlockState":true,"_pose":"Running","_animationQueue":[["walk",0.1]],"_animationSpeed":1.089,"_zoom":8.691},{"_mousePosition":[683,384],"_rootPartCFrame":[758.793,223.199,37.408,-0.709,0,0.705,0,1,0,-0.705,0,-0.709],"_humanoidState":8,"_cameraCFrame":[758.562,233.253,35.091,-0.731,-0.671,0.121,0,0.177,0.984,-0.682,0.72,-0.129],"_shiftlockState":true,"_pose":"Running","_animationQueue":[],"_animationSpeed":1.089,"_zoom":8.691},{"_mousePosition":[683,384],"_rootPartCFrame":[758.557,223.199,37.173,-0.731,0,0.682,0,1,0,-0.682,0,-0.731],"_humanoidState":8,"_cameraCFrame":[758.25,233.252,34.859,-0.754,-0.646,0.117,0,0.178,0.984,-0.657,0.742,-0.134],"_shiftlockState":true,"_pose":"Running","_animationQueue":[],"_animationSpeed":1.089,"_zoom":8.691},{"_mousePosition":[683,384],"_rootPartCFrame":[758.363,223.199,36.99,-0.754,0,0.657,0,1,0,-0.657,0,-0.754],"_humanoidState":8,"_cameraCFrame":[757.974,233.252,34.689,-0.777,-0.619,0.112,0,0.178,0.984,-0.629,0.765,-0.138],"_shiftlockState":true,"_pose":"Running","_animationQueue":[],"_animationSpeed":1.089,"_zoom":8.691},{"_mousePosition":[683,384],"_rootPartCFrame":[758.213,223.199,36.857,-0.777,0,0.629,0,1,0,-0.629,0,-0.777],"_humanoidState":8,"_cameraCFrame":[757.755,233.252,34.569,-0.796,-0.596,0.108,0,0.178,0.984,-0.605,0.783,-0.141],"_shiftlockState":true,"_pose":"Running","_animationQueue":[],"_animationSpeed":1.089,"_zoom":8.691},{"_mousePosition":[683,384],"_rootPartCFrame":[758.007,223.199,36.689,-0.796,0,0.605,0,1,0,-0.605,0,-0.796],"_humanoidState":8,"_cameraCFrame":[757.473,233.254,34.426,-0.813,-0.573,0.102,0,0.176,0.984,-0.582,0.801,-0.143],"_shiftlockState":true,"_pose":"Running","_animationQueue":[],"_animationSpeed":1.089,"_zoom":8.691},{"_mousePosition":[683,384],"_rootPartCFrame":[757.742,223.199,36.486,-0.813,0,0.582,0,1,0,-0.582,0,-0.813],"_humanoidState":8,"_cameraCFrame":[757.149,233.257,34.248,-0.827,-0.554,0.098,0,0.174,0.985,-0.563,0.814,-0.144],"_shiftlockState":true,"_pose":"Running","_animationQueue":[],"_animationSpeed":1.089,"_zoom":8.691},{"_mousePosition":[683,384],"_rootPartCFrame":[757.58,223.165,36.369,-0.827,0,0.563,0,1,0,-0.563,0,-0.827],"_humanoidState":8,"_cameraCFrame":[756.938,233.222,34.144,-0.839,-0.536,0.095,0,0.174,0.985,-0.545,0.826,-0.146],"_shiftlockState":true,"_pose":"Running","_animationQueue":[["walk",0.1]],"_animationSpeed":1.089,"_zoom":8.691},{"_mousePosition":[683,384],"_rootPartCFrame":[757.305,223.065,36.18,-0.839,0,0.545,0,1,0,-0.545,0,-0.839],"_humanoidState":8,"_cameraCFrame":[756.62,233.124,33.973,-0.848,-0.522,0.092,0,0.174,0.985,-0.53,0.835,-0.147],"_shiftlockState":true,"_pose":"Running","_animationQueue":[],"_animationSpeed":1.089,"_zoom":8.691},{"_mousePosition":[683,384],"_rootPartCFrame":[757.082,222.967,36.034,-0.848,0,0.53,0,1,0,-0.53,0,-0.848],"_humanoidState":8,"_cameraCFrame":[756.355,233.026,33.841,-0.858,-0.506,0.089,0,0.174,0.985,-0.513,0.845,-0.149],"_shiftlockState":true,"_pose":"Running","_animationQueue":[],"_animationSpeed":1.089,"_zoom":8.691},{"_mousePosition":[683,384],"_rootPartCFrame":[756.913,222.909,35.928,-0.858,0,0.513,0,1,0,-0.513,0,-0.858],"_humanoidState":8,"_cameraCFrame":[756.14,232.968,33.75,-0.869,-0.488,0.086,0,0.174,0.985,-0.495,0.855,-0.151],"_shiftlockState":true,"_pose":"Running","_animationQueue":[],"_animationSpeed":1.089,"_zoom":8.691},{"_mousePosition":[683,384],"_rootPartCFrame":[756.627,222.967,35.756,-0.869,0,0.495,0,1,0,-0.495,0,-0.869],"_humanoidState":8,"_cameraCFrame":[755.796,233.026,33.6,-0.882,-0.464,0.082,0,0.174,0.985,-0.472,0.868,-0.153],"_shiftlockState":true,"_pose":"Running","_animationQueue":[],"_animationSpeed":1.089,"_zoom":8.691},{"_mousePosition":[683,384],"_rootPartCFrame":[756.396,222.989,35.623,-0.882,0,0.472,0,1,0,-0.472,0,-0.882],"_humanoidState":8,"_cameraCFrame":[755.517,233.048,33.486,-0.892,-0.445,0.078,0,0.174,0.985,-0.452,0.878,-0.155],"_shiftlockState":true,"_pose":"Running","_animationQueue":[],"_animationSpeed":1.089,"_zoom":8.691},{"_mousePosition":[683,384],"_rootPartCFrame":[756.22,222.971,35.528,-0.892,0,0.452,0,1,0,-0.452,0,-0.892],"_humanoidState":8,"_cameraCFrame":[756.873,233.028,34.159,-0.903,-0.424,0.075,0,0.174,0.985,-0.43,0.889,-0.157],"_shiftlockState":false,"_pose":"Running","_animationQueue":[["walk",0.1]],"_animationSpeed":1.089,"_zoom":8.691},{"_mousePosition":[683,384],"_rootPartCFrame":[755.926,222.871,35.371,-0.892,0,0.452,0,1,0,-0.452,0,-0.892],"_humanoidState":8,"_cameraCFrame":[756.579,232.929,34.002,-0.903,-0.424,0.075,0,0.174,0.985,-0.43,0.889,-0.157],"_shiftlockState":false,"_pose":"Running","_animationQueue":[],"_animationSpeed":1.089,"_zoom":8.691},{"_mousePosition":[683,384],"_rootPartCFrame":[755.75,222.771,35.276,-0.892,0,0.452,0,1,0,-0.452,0,-0.892],"_humanoidState":8,"_cameraCFrame":[756.387,232.829,33.9,-0.908,-0.414,0.073,0,0.174,0.985,-0.42,0.894,-0.158],"_shiftlockState":false,"_pose":"Running","_animationQueue":[],"_animationSpeed":1.089,"_zoom":8.691},{"_mousePosition":[683,384],"_rootPartCFrame":[755.515,222.589,35.15,-0.892,0,0.452,0,1,0,-0.452,0,-0.892],"_humanoidState":8,"_cameraCFrame":[756.144,232.647,33.771,-0.91,-0.409,0.072,0,0.174,0.985,-0.415,0.896,-0.159],"_shiftlockState":false,"_pose":"Running","_animationQueue":[],"_animationSpeed":1.089,"_zoom":8.691},{"_mousePosition":[683,384],"_rootPartCFrame":[755.28,222.353,35.025,-0.892,0,0.452,0,1,0,-0.452,0,-0.892],"_humanoidState":8,"_cameraCFrame":[755.903,232.411,33.643,-0.911,-0.405,0.072,0,0.174,0.985,-0.411,0.897,-0.159],"_shiftlockState":false,"_pose":"Running","_animationQueue":[],"_animationSpeed":1.089,"_zoom":8.691},{"_mousePosition":[683,384],"_rootPartCFrame":[755.044,222.062,34.899,-0.892,0,0.452,0,1,0,-0.452,0,-0.892],"_humanoidState":8,"_cameraCFrame":[755.664,232.12,33.515,-0.913,-0.402,0.071,0,0.174,0.985,-0.409,0.899,-0.159],"_shiftlockState":false,"_pose":"Running","_animationQueue":[],"_animationSpeed":1.089,"_zoom":8.691},{"_mousePosition":[683,384],"_rootPartCFrame":[754.809,222.936,34.773,-0.892,0,0.452,0,1,0,-0.452,0,-0.892],"_humanoidState":3,"_cameraCFrame":[755.424,232.993,33.388,-0.914,-0.399,0.071,0,0.174,0.985,-0.406,0.9,-0.159],"_shiftlockState":false,"_pose":"Jumping","_animationQueue":[["walk",0.1],["walk",0.1],["jump",0.1]],"_animationSpeed":1,"_zoom":8.691},{"_mousePosition":[683,384],"_rootPartCFrame":[754.568,223.758,34.661,-0.847,0,0.532,0,1,0,-0.532,0,-0.847],"_humanoidState":5,"_cameraCFrame":[755.177,233.815,33.273,-0.916,-0.396,0.07,0,0.174,0.985,-0.402,0.902,-0.16],"_shiftlockState":false,"_pose":"FreeFall","_animationQueue":[["jump",0.1]],"_animationSpeed":1,"_zoom":8.691},{"_mousePosition":[683,384],"_rootPartCFrame":[754.263,224.708,34.526,-0.75,0,0.661,0,1,0,-0.661,0,-0.75],"_humanoidState":5,"_cameraCFrame":[754.865,234.767,33.142,-0.917,-0.393,0.069,0,0.174,0.985,-0.399,0.903,-0.159],"_shiftlockState":false,"_pose":"FreeFall","_animationQueue":[],"_animationSpeed":1,"_zoom":8.691},{"_mousePosition":[683,384],"_rootPartCFrame":[754.019,225.408,34.419,-0.656,0,0.755,0,1,0,-0.755,0,-0.656],"_humanoidState":5,"_cameraCFrame":[754.62,235.467,33.034,-0.917,-0.392,0.069,0,0.174,0.985,-0.398,0.903,-0.159],"_shiftlockState":false,"_pose":"FreeFall","_animationQueue":[],"_animationSpeed":1,"_zoom":8.691},{"_mousePosition":[683,384],"_rootPartCFrame":[753.836,225.897,34.339,-0.577,0,0.817,0,1,0,-0.817,0,-0.577],"_humanoidState":5,"_cameraCFrame":[754.436,235.956,32.954,-0.917,-0.392,0.069,0,0.174,0.985,-0.398,0.903,-0.159],"_shiftlockState":false,"_pose":"FreeFall","_animationQueue":[],"_animationSpeed":1,"_zoom":8.691},{"_mousePosition":[683,384],"_rootPartCFrame":[753.469,226.782,34.179,-0.404,0,0.915,0,1,0,-0.915,0,-0.404],"_humanoidState":5,"_cameraCFrame":[754.069,236.841,32.795,-0.917,-0.392,0.069,0,0.174,0.985,-0.398,0.903,-0.159],"_shiftlockState":false,"_pose":"FreeFall","_animationQueue":[],"_animationSpeed":1,"_zoom":8.691},{"_mousePosition":[683,384],"_rootPartCFrame":[753.285,227.179,34.1,-0.321,0,0.947,0,1,0,-0.947,0,-0.321],"_humanoidState":5,"_cameraCFrame":[753.886,237.238,32.715,-0.917,-0.392,0.069,0,0.174,0.985,-0.398,0.903,-0.159],"_shiftlockState":false,"_pose":"FreeFall","_animationQueue":[],"_animationSpeed":1,"_zoom":8.691},{"_mousePosition":[683,384],"_rootPartCFrame":[753.04,227.66,33.994,-0.221,0,0.975,0,1,0,-0.975,0,-0.221],"_humanoidState":5,"_cameraCFrame":[753.641,237.719,32.609,-0.917,-0.392,0.069,0,0.174,0.985,-0.398,0.903,-0.159],"_shiftlockState":false,"_pose":"FreeFall","_animationQueue":[],"_animationSpeed":1,"_zoom":8.691},{"_mousePosition":[683,384],"_rootPartCFrame":[752.857,227.986,33.914,-0.155,0,0.988,0,1,0,-0.988,0,-0.155],"_humanoidState":5,"_cameraCFrame":[753.458,238.045,32.53,-0.917,-0.392,0.069,0,0.174,0.985,-0.398,0.903,-0.159],"_shiftlockState":false,"_pose":"FreeFall","_animationQueue":[],"_animationSpeed":1,"_zoom":8.691},{"_mousePosition":[683,384],"_rootPartCFrame":[752.612,228.372,33.808,-0.077,0,0.997,0,1,0,-0.997,0,-0.077],"_humanoidState":5,"_cameraCFrame":[753.213,238.431,32.423,-0.917,-0.392,0.069,0,0.174,0.985,-0.398,0.903,-0.159],"_shiftlockState":false,"_pose":"FreeFall","_animationQueue":[],"_animationSpeed":1,"_zoom":8.691},{"_mousePosition":[683,384],"_rootPartCFrame":[752.368,228.703,33.702,-0.008,0,1,0,1,0,-1,0,-0.008],"_humanoidState":5,"_cameraCFrame":[752.968,238.762,32.317,-0.917,-0.392,0.069,0,0.174,0.985,-0.398,0.903,-0.159],"_shiftlockState":false,"_pose":"FreeFall","_animationQueue":[],"_animationSpeed":1,"_zoom":8.691},{"_mousePosition":[683,384],"_rootPartCFrame":[752.123,228.98,33.596,0.051,0,0.999,0,1,0,-0.999,0,0.051],"_humanoidState":5,"_cameraCFrame":[752.725,239.038,32.204,-0.918,-0.391,0.069,0,0.174,0.985,-0.397,0.904,-0.16],"_shiftlockState":false,"_pose":"FreeFall","_animationQueue":[],"_animationSpeed":1,"_zoom":8.691},{"_mousePosition":[683,384],"_rootPartCFrame":[751.878,229.203,33.489,0.101,0,0.995,0,1,0,-0.995,0,0.101],"_humanoidState":5,"_cameraCFrame":[752.48,239.26,32.098,-0.918,-0.391,0.069,0,0.174,0.985,-0.397,0.904,-0.16],"_shiftlockState":false,"_pose":"FreeFall","_animationQueue":[],"_animationSpeed":1,"_zoom":8.691},{"_mousePosition":[683,384],"_rootPartCFrame":[751.573,229.404,33.357,0.154,0,0.988,0,1,0,-0.988,0,0.154],"_humanoidState":5,"_cameraCFrame":[752.18,239.46,31.953,-0.918,-0.391,0.07,0,0.176,0.984,-0.397,0.903,-0.162],"_shiftlockState":false,"_pose":"FreeFall","_animationQueue":[],"_animationSpeed":1,"_zoom":8.691},{"_mousePosition":[683,384],"_rootPartCFrame":[751.389,229.484,33.278,0.182,0,0.983,0,1,0,-0.983,0,0.182],"_humanoidState":5,"_cameraCFrame":[751.997,239.54,31.874,-0.918,-0.391,0.07,0,0.176,0.984,-0.397,0.903,-0.162],"_shiftlockState":false,"_pose":"FreeFall","_animationQueue":[],"_animationSpeed":1,"_zoom":8.691},{"_mousePosition":[683,384],"_rootPartCFrame":[751.145,229.543,33.172,0.213,0,0.977,0,1,0,-0.977,0,0.213],"_humanoidState":5,"_cameraCFrame":[751.755,239.597,31.761,-0.918,-0.391,0.07,0,0.177,0.984,-0.397,0.903,-0.162],"_shiftlockState":false,"_pose":"FreeFall","_animationQueue":[],"_animationSpeed":1,"_zoom":8.691},{"_mousePosition":[683,384],"_rootPartCFrame":[750.9,229.548,33.066,0.239,0,0.971,0,1,0,-0.971,0,0.239],"_humanoidState":5,"_cameraCFrame":[751.51,239.602,31.655,-0.918,-0.391,0.07,0,0.177,0.984,-0.397,0.903,-0.162],"_shiftlockState":false,"_pose":"FreeFall","_animationQueue":[],"_animationSpeed":1,"_zoom":8.691},{"_mousePosition":[683,384],"_rootPartCFrame":[750.594,229.477,32.934,0.267,0,0.964,0,1,0,-0.964,0,0.267],"_humanoidState":5,"_cameraCFrame":[751.207,239.53,31.517,-0.918,-0.391,0.071,0,0.178,0.984,-0.397,0.903,-0.163],"_shiftlockState":false,"_pose":"FreeFall","_animationQueue":[],"_animationSpeed":1,"_zoom":8.691},{"_mousePosition":[683,384],"_rootPartCFrame":[750.411,229.393,32.854,0.282,0,0.959,0,1,0,-0.959,0,0.282],"_humanoidState":5,"_cameraCFrame":[751.024,239.446,31.437,-0.918,-0.391,0.071,0,0.178,0.984,-0.397,0.903,-0.163],"_shiftlockState":false,"_pose":"FreeFall","_animationQueue":[],"_animationSpeed":1,"_zoom":8.691},{"_mousePosition":[683,384],"_rootPartCFrame":[750.166,229.234,32.748,0.298,0,0.954,0,1,0,-0.954,0,0.298],"_humanoidState":5,"_cameraCFrame":[750.779,239.287,31.331,-0.918,-0.391,0.071,0,0.178,0.984,-0.397,0.903,-0.163],"_shiftlockState":false,"_pose":"FreeFall","_animationQueue":[],"_animationSpeed":1,"_zoom":8.691},{"_mousePosition":[683,384],"_rootPartCFrame":[749.921,229.021,32.642,0.312,0,0.95,0,1,0,-0.95,0,0.312],"_humanoidState":5,"_cameraCFrame":[750.535,239.071,31.211,-0.919,-0.388,0.071,0,0.179,0.984,-0.394,0.904,-0.165],"_shiftlockState":false,"_pose":"FreeFall","_animationQueue":[["fall",0.3]],"_animationSpeed":1,"_zoom":8.691},{"_mousePosition":[683,384],"_rootPartCFrame":[749.616,228.677,32.51,0.327,0,0.945,0,1,0,-0.945,0,0.327],"_humanoidState":5,"_cameraCFrame":[750.226,238.724,31.054,-0.922,-0.38,0.07,0,0.182,0.983,-0.386,0.907,-0.167],"_shiftlockState":false,"_pose":"FreeFall","_animationQueue":[],"_animationSpeed":1,"_zoom":8.691},{"_mousePosition":[683,384],"_rootPartCFrame":[749.371,228.341,32.405,0.337,0,0.941,0,1,0,-0.941,0,0.337],"_humanoidState":5,"_cameraCFrame":[749.974,238.383,30.917,-0.927,-0.369,0.069,0,0.185,0.983,-0.376,0.911,-0.171],"_shiftlockState":false,"_pose":"FreeFall","_animationQueue":[],"_animationSpeed":1,"_zoom":8.691},{"_mousePosition":[683,384],"_rootPartCFrame":[749.125,227.951,32.301,0.345,0,0.939,0,1,0,-0.939,0,