[{"_mousePosition":[1246,409],"_rootPartCFrame":[776.023,222.958,47.142,0.003,0.004,1,0,1,-0.004,-1,0,0.003],"_humanoidState":8,"_cameraCFrame":[776.881,232.168,43.222,-0.977,-0.188,0.098,0,0.462,0.887,-0.212,0.867,-0.451],"_shiftlockState":false,"_pose":"Standing","_animationQueue":[],"_animationSpeed":1,"_zoom":8.691},{"_mousePosition":[1254,413],"_rootPartCFrame":[775.973,222.924,47.131,0.011,0.003,1,0,1,-0.003,-1,0,0.011],"_humanoidState":8,"_cameraCFrame":[776.829,232.134,43.211,-0.977,-0.188,0.098,0,0.462,0.887,-0.212,0.867,-0.451],"_shiftlockState":false,"_pose":"Standing","_animationQueue":[],"_animationSpeed":1,"_zoom":8.691},{"_mousePosition":[1281,426],"_rootPartCFrame":[775.726,222.803,47.078,0.037,0,0.999,0,1,0,-0.999,0,0.037],"_humanoidState":8,"_cameraCFrame":[776.578,232.013,43.157,-0.977,-0.188,0.098,0,0.462,0.887,-0.212,0.867,-0.451],"_shiftlockState":false,"_pose":"Running","_animationQueue":[["walk",0.1]],"_animationSpeed":0.561,"_zoom":8.691},{"_mousePosition":[1296,433],"_rootPartCFrame":[775.466,222.659,47.021,0.061,0,0.998,0,1,0,-0.998,0,0.061],"_humanoidState":8,"_cameraCFrame":[776.318,231.869,43.101,-0.977,-0.188,0.098,0,0.462,0.887,-0.212,0.867,-0.451],"_shiftlockState":false,"_pose":"Running","_animationQueue":[["walk",0.1]],"_animationSpeed":1.088,"_zoom":8.691},{"_mousePosition":[1325,445],"_rootPartCFrame":[775.206,222.652,46.964,0.081,0,0.997,0,1,0,-0.997,0,0.081],"_humanoidState":8,"_cameraCFrame":[776.057,231.862,43.044,-0.977,-0.188,0.098,0,0.462,0.887,-0.212,0.867,-0.451],"_shiftlockState":false,"_pose":"Running","_animationQueue":[],"_animationSpeed":1.088,"_zoom":8.691},{"_mousePosition":[1338,450],"_rootPartCFrame":[774.945,222.67,46.908,0.099,0,0.995,0,1,0,-0.995,0,0.099],"_humanoidState":8,"_cameraCFrame":[775.797,231.88,42.988,-0.977,-0.188,0.098,0,0.462,0.887,-0.212,0.867,-0.451],"_shiftlockState":false,"_pose":"Running","_animationQueue":[["walk",0.1]],"_animationSpeed":1.088,"_zoom":8.691},{"_mousePosition":[1365,465],"_rootPartCFrame":[774.684,222.683,46.851,0.115,0,0.993,0,1,0,-0.993,0,0.115],"_humanoidState":8,"_cameraCFrame":[775.536,231.893,42.931,-0.977,-0.188,0.098,0,0.462,0.887,-0.212,0.867,-0.451],"_shiftlockState":false,"_pose":"Running","_animationQueue":[],"_animationSpeed":1.088,"_zoom":8.691},{"_mousePosition":[1365,477],"_rootPartCFrame":[774.424,222.691,46.794,0.128,0,0.992,0,1,0,-0.992,0,0.128],"_humanoidState":8,"_cameraCFrame":[775.276,231.9,42.874,-0.977,-0.188,0.098,0,0.462,0.887,-0.212,0.867,-0.451],"_shiftlockState":false,"_pose":"Running","_animationQueue":[],"_animationSpeed":1.088,"_zoom":8.691},{"_mousePosition":[1365,496],"_rootPartCFrame":[774.163,222.695,46.738,0.139,0,0.99,0,1,0,-0.99,0,0.139],"_humanoidState":8,"_cameraCFrame":[775.015,231.905,42.818,-0.977,-0.188,0.098,0,0.462,0.887,-0.212,0.867,-0.451],"_shiftlockState":false,"_pose":"Running","_animationQueue":[],"_animationSpeed":1.088,"_zoom":8.691},{"_mousePosition":[1365,506],"_rootPartCFrame":[773.903,222.697,46.681,0.149,0,0.989,0,1,0,-0.989,0,0.149],"_humanoidState":8,"_cameraCFrame":[773.044,231.907,42.39,-0.977,-0.188,0.098,0,0.462,0.887,-0.212,0.867,-0.451],"_shiftlockState":true,"_pose":"Running","_animationQueue":[],"_animationSpeed":1.088,"_zoom":8.691},{"_mousePosition":[683,384],"_rootPartCFrame":[773.642,222.698,46.625,-0.989,0,0.147,0,1,0,-0.147,0,-0.989],"_humanoidState":8,"_cameraCFrame":[772.784,231.908,42.333,-0.977,-0.188,0.098,0,0.462,0.887,-0.212,0.867,-0.451],"_shiftlockState":true,"_pose":"Running","_animationQueue":[],"_animationSpeed":1.088,"_zoom":8.691},{"_mousePosition":[683,384],"_rootPartCFrame":[773.382,222.699,46.568,-0.983,0,0.186,0,1,0,-0.186,0,-0.983],"_humanoidState":8,"_cameraCFrame":[772.678,231.96,42.341,-0.967,-0.226,0.114,0,0.45,0.893,-0.253,0.864,-0.435],"_shiftlockState":true,"_pose":"Running","_animationQueue":[],"_animationSpeed":1.088,"_zoom":8.691},{"_mousePosition":[683,384],"_rootPartCFrame":[773.121,222.699,46.511,-0.968,0,0.25,0,1,0,-0.25,0,-0.968],"_humanoidState":8,"_cameraCFrame":[772.568,232.007,42.348,-0.956,-0.264,0.129,0,0.439,0.898,-0.293,0.859,-0.42],"_shiftlockState":true,"_pose":"Running","_animationQueue":[["walk",0.1]],"_animationSpeed":1.088,"_zoom":8.691},{"_mousePosition":[683,384],"_rootPartCFrame":[772.863,222.699,46.445,-0.956,0,0.293,0,1,0,-0.293,0,-0.956],"_humanoidState":8,"_cameraCFrame":[772.408,232.05,42.351,-0.947,-0.291,0.138,0,0.429,0.903,-0.322,0.855,-0.406],"_shiftlockState":true,"_pose":"Running","_animationQueue":[],"_animationSpeed":1.088,"_zoom":8.691},{"_mousePosition":[683,384],"_rootPartCFrame":[772.671,222.7,46.388,-0.947,0,0.322,0,1,0,-0.322,0,-0.947],"_humanoidState":8,"_cameraCFrame":[772.284,232.097,42.379,-0.938,-0.314,0.144,0,0.417,0.909,-0.346,0.853,-0.392],"_shiftlockState":true,"_pose":"Running","_animationQueue":[],"_animationSpeed":1.088,"_zoom":8.691},{"_mousePosition":[683,384],"_rootPartCFrame":[772.355,222.7,46.282,-0.938,0,0.346,0,1,0,-0.346,0,-0.938],"_humanoidState":8,"_cameraCFrame":[772.002,232.149,42.374,-0.932,-0.333,0.147,0,0.404,0.915,-0.364,0.852,-0.377],"_shiftlockState":true,"_pose":"Running","_animationQueue":[],"_animationSpeed":1.088,"_zoom":8.691},{"_mousePosition":[683,384],"_rootPartCFrame":[772.105,222.7,46.191,-0.932,0,0.364,0,1,0,-0.364,0,-0.932],"_humanoidState":8,"_cameraCFrame":[771.775,232.21,42.407,-0.924,-0.352,0.148,0,0.388,0.922,-0.382,0.852,-0.358],"_shiftlockState":true,"_pose":"Running","_animationQueue":[],"_animationSpeed":1.088,"_zoom":8.691},{"_mousePosition":[683,384],"_rootPartCFrame":[771.856,222.7,46.095,-0.924,0,0.382,0,1,0,-0.382,0,-0.924],"_humanoidState":8,"_cameraCFrame":[771.546,232.279,42.458,-0.915,-0.375,0.149,0,0.368,0.93,-0.403,0.851,-0.337],"_shiftlockState":true,"_pose":"Running","_animationQueue":[],"_animationSpeed":1.088,"_zoom":8.691},{"_mousePosition":[683,384],"_rootPartCFrame":[771.545,223.783,45.974,-0.915,0,0.403,0,1,0,-0.403,0,-0.915],"_humanoidState":3,"_cameraCFrame":[771.249,233.423,42.474,-0.906,-0.396,0.148,0,0.35,0.937,-0.423,0.849,-0.317],"_shiftlockState":true,"_pose":"Jumping","_animationQueue":[["walk",0.1],["walk",0.1],["jump",0.1]],"_animationSpeed":1,"_zoom":8.691},{"_mousePosition":[683,384],"_rootPartCFrame":[771.362,224.395,45.894,-0.878,0,0.479,0,1,0,-0.479,0,-0.878],"_humanoidState":5,"_cameraCFrame":[771.09,234.094,42.535,-0.894,-0.423,0.149,0,0.331,0.943,-0.449,0.843,-0.296],"_shiftlockState":true,"_pose":"FreeFall","_animationQueue":[["jump",0.1]],"_animationSpeed":1,"_zoom":8.691},{"_mousePosition":[683,384],"_rootPartCFrame":[771.18,224.976,45.811,-0.848,0,0.529,0,1,0,-0.529,0,-0.848],"_humanoidState":5,"_cameraCFrame":[770.931,234.723,42.568,-0.882,-0.448,0.149,0,0.315,0.949,-0.472,0.837,-0.278],"_shiftlockState":true,"_pose":"FreeFall","_animationQueue":[],"_animationSpeed":1,"_zoom":8.691},{"_mousePosition":[683,384],"_rootPartCFrame":[770.882,225.875,45.662,-0.792,0,0.61,0,1,0,-0.61,0,-0.792],"_humanoidState":5,"_cameraCFrame":[770.651,235.672,42.546,-0.867,-0.475,0.148,0,0.298,0.955,-0.498,0.828,-0.258],"_shiftlockState":true,"_pose":"FreeFall","_animationQueue":[],"_animationSpeed":1,"_zoom":8.691},{"_mousePosition":[683,384],"_rootPartCFrame":[770.646,226.534,45.537,-0.794,0,0.608,0,1,0,-0.608,0,-0.794],"_humanoidState":5,"_cameraCFrame":[770.412,236.369,42.527,-0.857,-0.494,0.146,0,0.283,0.959,-0.515,0.822,-0.243],"_shiftlockState":true,"_pose":"FreeFall","_animationQueue":[],"_animationSpeed":1,"_zoom":8.691},{"_mousePosition":[683,384],"_rootPartCFrame":[770.414,227.138,45.405,-0.781,0,0.624,0,1,0,-0.624,0,-0.781],"_humanoidState":5,"_cameraCFrame":[770.152,237.004,42.485,-0.852,-0.503,0.142,0,0.271,0.963,-0.523,0.821,-0.231],"_shiftlockState":true,"_pose":"FreeFall","_animationQueue":[],"_animationSpeed":1,"_zoom":8.691},{"_mousePosition":[683,384],"_rootPartCFrame":[770.185,227.687,45.269,-0.775,0,0.631,0,1,0,-0.631,0,-0.775],"_humanoidState":5,"_cameraCFrame":[769.871,237.571,42.402,-0.856,-0.498,0.136,0,0.264,0.965,-0.517,0.826,-0.226],"_shiftlockState":true,"_pose":"FreeFall","_animationQueue":[],"_animationSpeed":1,"_zoom":8.691},{"_mousePosition":[683,384],"_rootPartCFrame":[769.958,228.182,45.13,-0.78,0,0.626,0,1,0,-0.626,0,-0.78],"_humanoidState":5,"_cameraCFrame":[769.533,238.08,42.321,-0.871,-0.475,0.126,0,0.258,0.966,-0.491,0.842,-0.224],"_shiftlockState":true,"_pose":"FreeFall","_animationQueue":[],"_animationSpeed":1,"_zoom":8.691},{"_mousePosition":[683,384],"_rootPartCFrame":[769.786,228.518,45.026,-0.818,0,0.576,0,1,0,-0.576,0,-0.818],"_humanoidState":5,"_cameraCFrame":[769.188,238.428,42.287,-0.896,-0.429,0.112,0,0.252,0.968,-0.443,0.868,-0.226],"_shiftlockState":true,"_pose":"FreeFall","_animationQueue":[],"_animationSpeed":1,"_zoom":8.691},{"_mousePosition":[683,384],"_rootPartCFrame":[769.497,229.009,44.862,-0.811,0,0.586,0,1,0,-0.586,0,-0.811],"_humanoidState":5,"_cameraCFrame":[768.718,238.93,42.201,-0.922,-0.376,0.096,0,0.247,0.969,-0.388,0.893,-0.228],"_shiftlockState":true,"_pose":"FreeFall","_animationQueue":[],"_animationSpeed":1,"_zoom":8.691},{"_mousePosition":[683,384],"_rootPartCFrame":[769.259,229.34,44.742,-0.862,0,0.507,0,1,0,-0.507,0,-0.862],"_humanoidState":5,"_cameraCFrame":[768.289,239.278,42.201,-0.945,-0.319,0.079,0,0.24,0.971,-0.328,0.917,-0.226],"_shiftlockState":true,"_pose":"FreeFall","_animationQueue":[],"_animationSpeed":1,"_zoom":8.691},{"_mousePosition":[683,384],"_rootPartCFrame":[769.075,229.553,44.662,-0.907,0,0.421,0,1,0,-0.421,0,-0.907],"_humanoidState":5,"_cameraCFrame":[767.905,239.514,42.287,-0.965,-0.254,0.06,0,0.229,0.974,-0.261,0.94,-0.221],"_shiftlockState":true,"_pose":"FreeFall","_animationQueue":[],"_animationSpeed":1,"_zoom":8.691},{"_mousePosition":[683,384],"_rootPartCFrame":[768.762,229.84,44.549,-0.909,0,0.418,0,1,0,-0.418,0,-0.909],"_humanoidState":5,"_cameraCFrame":[767.405,239.827,42.377,-0.981,-0.188,0.042,0,0.215,0.977,-0.193,0.958,-0.211],"_shiftlockState":true,"_pose":"FreeFall","_animationQueue":[],"_animationSpeed":1,"_zoom":8.691},{"_mousePosition":[683,384],"_rootPartCFrame":[768.505,230.008,44.476,-0.947,0,0.322,0,1,0,-0.322,0,-0.947],"_humanoidState":5,"_cameraCFrame":[767.005,240.019,42.499,-0.991,-0.13,0.027,0,0.203,0.979,-0.133,0.971,-0.201],"_shiftlockState":true,"_pose":"FreeFall","_animationQueue":[],"_animationSpeed":1,"_zoom":8.691},{"_mousePosition":[683,384],"_rootPartCFrame":[768.244,230.122,44.421,-0.965,0,0.263,0,1,0,-0.263,0,-0.965],"_humanoidState":5,"_cameraCFrame":[766.64,240.149,42.604,-0.997,-0.081,0.016,0,0.193,0.981,-0.083,0.978,-0.192],"_shiftlockState":true,"_pose":"FreeFall","_animationQueue":[],"_animationSpeed":1,"_zoom":8.691},{"_mousePosition":[683,384],"_rootPartCFrame":[767.98,230.181,44.383,-0.977,0,0.215,0,1,0,-0.215,0,-0.977],"_humanoidState":5,"_cameraCFrame":[766.283,240.217,42.698,-0.999,-0.031,0.006,0,0.188,0.982,-0.032,0.982,-0.187],"_shiftlockState":true,"_pose":"FreeFall","_animationQueue":[],"_animationSpeed":1,"_zoom":8.691},{"_mousePosition":[683,384],"_rootPartCFrame":[767.715,230.185,44.359,-0.986,0,0.164,0,1,0,-0.164,0,-0.986],"_humanoidState":5,"_cameraCFrame":[765.939,240.228,42.792,-1,0.016,-0.003,0,0.184,0.983,0.016,0.983,-0.184],"_shiftlockState":true,"_pose":"FreeFall","_animationQueue":[],"_animationSpeed":1,"_zoom":8.691},{"_mousePosition":[683,384],"_rootPartCFrame":[767.449,230.135,44.349,-0.993,0,0.117,0,1,0,-0.117,0,-0.993],"_humanoidState":5,"_cameraCFrame":[765.603,240.183,42.895,-0.998,0.062,-0.011,0,0.18,0.984,0.063,0.982,-0.18],"_shiftlockState":true,"_pose":"FreeFall","_animationQueue":[],"_animationSpeed":1,"_zoom":8.691},{"_mousePosition":[683,384],"_rootPartCFrame":[767.115,229.996,44.352,-0.995,0,0.103,0,1,0,-0.103,0,-0.995],"_humanoidState":5,"_cameraCFrame":[765.226,240.048,42.978,-0.995,0.093,-0.017,0,0.178,0.984,0.095,0.98,-0.177],"_shiftlockState":true,"_pose":"FreeFall","_animationQueue":[],"_animationSpeed":1,"_zoom":8.691},{"_mousePosition":[683,384],"_rootPartCFrame":[766.916,229.872,44.363,-1,0,0.005,0,1,0,-0.005,0,-1],"_humanoidState":5,"_cameraCFrame":[764.999,239.929,43.06,-0.993,0.116,-0.021,0,0.175,0.985,0.118,0.978,-0.174],"_shiftlockState":true,"_pose":"FreeFall","_animationQueue":[],"_animationSpeed":1,"_zoom":8.691},{"_mousePosition":[683,384],"_rootPartCFrame":[766.65,229.658,44.387,-1,0,0.015,0,1,0,-0.015,0,-1],"_humanoidState":5,"_cameraCFrame":[764.713,239.716,43.123,-0.991,0.132,-0.023,0,0.174,0.985,0.134,0.976,-0.173],"_shiftlockState":true,"_pose":"FreeFall","_animationQueue":[["fall",0.3]],"_animationSpeed":1,"_zoom":8.691},{"_mousePosition":[683,384],"_rootPartCFrame":[766.385,229.39,44.417,-1,0,-0.001,0,1,0,0.001,0,-1],"_humanoidState":5,"_cameraCFrame":[764.425,239.449,43.194,-0.988,0.151,-0.027,0,0.174,0.985,0.153,0.973,-0.172],"_shiftlockState":true,"_pose":"FreeFall","_animationQueue":[],"_animationSpeed":1,"_zoom":8.691},{"_mousePosition":[683,384],"_rootPartCFrame":[766.121,229.068,44.453,-1,0,-0.02,0,1,0,0.02,0,-1],"_humanoidState":5,"_cameraCFrame":[764.123,239.123,43.265,-0.984,0.178,-0.032,0,0.176,0.984,0.181,0.968,-0.173],"_shiftlockState":true,"_pose":"FreeFall","_animationQueue":[],"_animationSpeed":1,"_zoom":8.691},{"_mousePosition":[683,384],"_rootPartCFrame":[765.857,228.691,44.493,-0.999,0,-0.049,0,1,0,0.049,0,-0.999],"_humanoidState":5,"_cameraCFrame":[763.813,238.742,43.358,-0.976,0.213,-0.039,0,0.178,0.984,0.217,0.961,-0.174],"_shiftlockState":true,"_pose":"FreeFall","_animationQueue":[],"_animationSpeed":1,"_zoom":8.691},{"_mousePosition":[683,384],"_rootPartCFrame":[765.595,228.259,44.54,-0.996,0,-0.085,0,1,0,0.085,0,-0.996],"_humanoidState":5,"_cameraCFrame":[763.508,238.311,43.486,-0.967,0.25,-0.045,0,0.178,0.984,0.254,0.952,-0.173],"_shiftlockState":true,"_pose":"FreeFall","_animationQueue":[],"_animationSpeed":1,"_zoom":8.691},{"_mousePosition":[683,384],"_rootPartCFrame":[765.334,227.773,44.596,-0.992,0,-0.124,0,1,0,0.124,0,-0.992],"_humanoidState":5,"_cameraCFrame":[763.209,237.826,43.632,-0.956,0.288,-0.052,0,0.178,0.984,0.293,0.941,-0.17],"_shiftlockState":true,"_pose":"FreeFall","_animationQueue":[],"_animationSpeed":1,"_zoom":8.691},{"_mousePosition":[683,384],"_rootPartCFrame":[765.076,227.233,44.663,-0.965,0,-0.261,0,1,0,0.261,0,-0.965],"_humanoidState":7,"_cameraCFrame":[762.916,237.289,43.817,-0.942,0.331,-0.059,0,0.175,0.985,0.336,0.927,-0.165],"_shiftlockState":true,"_pose":"FreeFall","_animationQueue":[["walk",0.1],["fall",0.3],["fall",0.3]],"_animationSpeed":1,"_zoom":8.691},{"_mousePosition":[683,384],"_rootPartCFrame":[764.82,226.638,44.739,-0.942,0,-0.335,0,1,0,0.335,0,-0.942],"_humanoidState":7,"_cameraCFrame":[762.633,236.697,43.995,-0.927,0.369,-0.065,0,0.174,0.985,0.375,0.913,-0.161],"_shiftlockState":true,"_pose":"FreeFall","_animationQueue":[["fall",0.3]],"_animationSpeed":1,"_zoom":8.691},{"_mousePosition":[683,384],"_rootPartCFrame":[764.506,226.592,44.85,-0.927,0,-0.375,0,1,0,0.375,0,-0.927],"_humanoidState":8,"_cameraCFrame":[762.289,236.651,44.198,-0.911,0.407,-0.072,0,0.174,0.985,0.413,0.897,-0.158],"_shiftlockState":true,"_pose":"Running","_animationQueue":[["walk",0.1],["fall",0.3],["walk",0.1]],"_animationSpeed":1.103,"_zoom":8.691},{"_mousePosition":[683,384],"_rootPartCFrame":[764.32,226.63,44.923,-0.911,0,-0.413,0,1,0,0.413,0,-0.911],"_humanoidState":8,"_cameraCFrame":[762.077,236.689,44.368,-0.892,0.445,-0.078,0,0.174,0.985,0.452,0.879,-0.155],"_shiftlockState":true,"_pose":"Running","_animationQueue":[],"_animationSpeed":1.103,"_zoom":8.691},{"_mousePosition":[683,384],"_rootPartCFrame":[764.016,226.677,45.059,-0.892,0,-0.452,0,1,0,0.452,0,-0.892],"_humanoidState":8,"_cameraCFrame":[761.751,236.736,44.6,-0.872,0.482,-0.085,0,0.174,0.985,0.49,0.859,-0.151],"_shiftlockState":true,"_pose":"Running","_animationQueue":[],"_animationSpeed":1.103,"_zoom":8.691},{"_mousePosition":[683,384],"_rootPartCFrame":[763.777,226.699,45.178,-0.872,0,-0.49,0,1,0,0.49,0,-0.872],"_humanoidState":8,"_cameraCFrame":[761.493,236.757,44.827,-0.848,0.522,-0.092,0,0.174,0.985,0.53,0.835,-0.147],"_shiftlockState":true,"_pose":"Running","_animationQueue":[],"_animationSpeed":1.103,"_zoom":8.691},{"_mousePosition":[683,384],"_rootPartCFrame":[763.544,226.708,45.307,-0.848,0,-0.53,0,1,0,0.53,0,-0.848],"_humanoidState":8,"_cameraCFrame":[761.247,236.767,45.054,-0.824,0.558,-0.098,0,0.174,0.985,0.566,0.812,-0.143],"_shiftlockState":true,"_pose":"Running","_animationQueue":[],"_animationSpeed":1.103,"_zoom":8.691},{"_mousePosition":[683,384],"_rootPartCFrame":[763.317,226.713,45.447,-0.8,0,-0.601,0,1,0,0.601,0,-0.8],"_humanoidState":8,"_cameraCFrame":[761.018,236.768,45.104,-0.842,0.531,-0.095,0,0.176,0.984,0.54,0.829,-0.148],"_shiftlockState":true,"_pose":"Running","_animationQueue":[],"_animationSpeed":1.103,"_zoom":8.691},{"_mousePosition":[683,384],"_rootPartCFrame":[763.049,226.718,45.645,-0.842,0,-0.54,0,1,0,0.54,0,-0.842],"_humanoidState":8,"_cameraCFrame":[760.799,236.777,45.117,-0.886,0.456,-0.08,0,0.174,0.985,0.463,0.873,-0.154],"_shiftlockState":true,"_pose":"Running","_animationQueue":[],"_animationSpeed":1.103,"_zoom":8.691},{"_mousePosition":[683,384],"_rootPartCFrame":[762.826,226.714,45.791,-0.886,0,-0.463,0,1,0,0.463,0,-0.886],"_humanoidState":8,"_cameraCFrame":[760.633,236.773,45.063,-0.924,0.375,-0.066,0,0.174,0.985,0.381,0.91,-0.161],"_shiftlockState":true,"_pose":"Running","_animationQueue":[],"_animationSpeed":1.103,"_zoom":8.691},{"_mousePosition":[683,384],"_rootPartCFrame":[762.65,226.714,45.886,-0.924,0,-0.381,0,1,0,0.381,0,-0.924],"_humanoidState":8,"_cameraCFrame":[760.529,236.773,44.971,-0.954,0.295,-0.052,0,0.174,0.985,0.3,0.94,-0.166],"_shiftlockState":true,"_pose":"Running","_animationQueue":[],"_animationSpeed":1.103,"_zoom":8.691},{"_mousePosition":[683,384],"_rootPartCFrame":[762.221,226.709,46.068,-0.954,0,-0.3,0,1,0,0.3,0,-0.954],"_humanoidState":8,"_cameraCFrame":[760.186,236.768,44.971,-0.976,0.212,-0.037,0,0.174,0.985,0.216,0.962,-0.17],"_shiftlockState":true,"_pose":"Running","_animationQueue":[],"_animationSpeed":1.103,"_zoom":8.691},{"_mousePosition":[683,384],"_rootPartCFrame":[762.094,226.71,46.111,-0.976,0,-0.216,0,1,0,0.216,0,-0.976],"_humanoidState":8,"_cameraCFrame":[760.146,236.769,44.868,-0.99,0.141,-0.025,0,0.174,0.985,0.143,0.975,-0.172],"_shiftlockState":true,"_pose":"Running","_animationQueue":[["walk",0.1]],"_animationSpeed":1.103,"_zoom":8.691},{"_mousePosition":[683,384],"_rootPartCFrame":[761.835,226.715,46.172,-0.99,0,-0.143,0,1,0,0.143,0,-0.99],"_humanoidState":8,"_cameraCFrame":[759.958,236.773,44.823,-0.996,0.087,-0.015,0,0.174,0.985,0.088,0.981,-0.173],"_shiftlockState":true,"_pose":"Running","_animationQueue":[],"_animationSpeed":1.103,"_zoom":8.691},{"_mousePosition":[683,384],"_rootPartCFrame":[761.638,226.698,46.203,-0.996,0,-0.088,0,1,0,0.088,0,-0.996],"_humanoidState":8,"_cameraCFrame":[759.824,236.757,44.772,-0.999,0.043,-0.008,0,0.174,0.985,0.043,0.984,-0.173],"_shiftlockState":true,"_pose":"Running","_animationQueue":[],"_animationSpeed":1.103,"_zoom":8.691},{"_mousePosition":[683,384],"_rootPartCFrame":[761.374,226.628,46.242,-0.999,0,-0.043,0,1,0,0.043,0,-0.999],"_humanoidState":8,"_cameraCFrame":[759.61,236.687,44.748,-1,0.009,-0.002,0,0.174,0.985,0.009,0.985,-0.174],"_shiftlockState":true,"_pose":"Running","_animationQueue":[],"_animationSpeed":1.103,"_zoom":8.691},{"_mousePosition":[683,384],"_rootPartCFrame":[761.044,226.465,46.29,-1,0,-0.009,0,1,0,0.009,0,-1],"_humanoidState":8,"_cameraCFrame":[759.315,236.524,44.756,-1,-0.014,0.002,0,0.174,0.985,-0.014,0.985,-0.174],"_shiftlockState":true,"_pose":"Running","_animationQueue":[],"_animationSpeed":1.103,"_zoom":8.691},{"_mousePosition":[683,384],"_rootPartCFrame":[760.78,226.272,46.328,-1,0,0.014,0,1,0,-0.014,0,-1],"_humanoidState":8,"_cameraCFrame":[759.069,236.33,44.767,-1,-0.025,0.004,0,0.174,0.985,-0.026,0.984,-0.174],"_shiftlockState":true,"_pose":"Running","_animationQueue":[],"_animationSpeed":1.103,"_zoom":8.691},{"_mousePosition":[683,384],"_rootPartCFrame":[760.516,226.026,46.366,-1,0,0.026,0,1,0,-0.026,0,-1],"_humanoidState":8,"_cameraCFrame":[758.809,236.082,44.795,-1,-0.027,0.005,0,0.175,0.985,-0.028,0.984,-0.175],"_shiftlockState":true,"_pose":"Running","_animationQueue":[],"_animationSpeed":1.103,"_zoom":8.691},{"_mousePosition":[683,384],"_rootPartCFrame":[760.054,227.52,46.433,-1,0,0.028,0,1,0,-0.028,0,-1],"_humanoidState":3,"_cameraCFrame":[760.096,237.577,44.911,-1,-0.027,0.005,0,0.175,0.985,-0.028,0.984,-0.175],"_shiftlockState":false,"_pose":"Jumping","_animationQueue":[["walk",0.1],["walk",0.1],["jump",0.1]],"_animationSpeed":1,"_zoom":8.691},{"_mousePosition":[683,384],"_rootPartCFrame":[759.855,228.111,46.447,-0.996,0,0.09,0,1,0,-0.09,0,-0.996],"_humanoidState":5,"_cameraCFrame":[759.897,238.168,44.924,-1,-0.027,0.005,0,0.175,0.985,-0.028,0.984,-0.175],"_shiftlockState":false,"_pose":"FreeFall","_animationQueue":[["jump",0.1]],"_animationSpeed":1,"_zoom":8.691},{"_mousePosition":[683,384],"_rootPartCFrame":[759.655,228.672,46.444,-0.983,0,0.182,0,1,0,-0.182,0,-0.983],"_humanoidState":5,"_cameraCFrame":[759.698,238.728,44.921,-1,-0.027,0.005,0,0.175,0.985,-0.028,0.984,-0.175],"_shiftlockState":false,"_pose":"FreeFall","_animationQueue":[],"_animationSpeed":1,"_zoom":8.691},{"_mousePosition":[683,384],"_rootPartCFrame":[759.456,229.201,46.438,-0.961,0,0.278,0,1,0,-0.278,0,-0.961],"_humanoidState":5,"_cameraCFrame":[759.498,239.258,44.916,-1,-0.027,0.005,0,0.175,0.985,-0.028,0.984,-0.175],"_shiftlockState":false,"_pose":"FreeFall","_animationQueue":[],"_animationSpeed":1,"_zoom":8.691},{"_mousePosition":[683,384],"_rootPartCFrame":[759.189,229.86,46.431,-0.915,0,0.403,0,1,0,-0.403,0,-0.915],"_humanoidState":5,"_cameraCFrame":[759.231,239.916,44.908,-1,-0.027,0.005,0,0.175,0.985,-0.028,0.984,-0.175],"_shiftlockState":false,"_pose":"FreeFall","_animationQueue":[],"_animationSpeed":1,"_zoom":8.691},{"_mousePosition":[683,384],"_rootPartCFrame":[758.922,230.464,46.423,-0.854,0,0.521,0,1,0,-0.521,0,-0.854],"_humanoidState":5,"_cameraCFrame":[758.965,240.52,44.901,-1,-0.027,0.005,0,0.175,0.985,-0.028,0.984,-0.175],"_shiftlockState":false,"_pose":"FreeFall","_animationQueue":[],"_animationSpeed":1,"_zoom":8.691},{"_mousePosition":[683,384],"_rootPartCFrame":[758.722,230.881,46.418,-0.798,0,0.603,0,1,0,-0.603,0,-0.798],"_humanoidState":5,"_cameraCFrame":[758.76,240.938,44.895,-1,-0.024,0.004,0,0.175,0.985,-0.025,0.984,-0.175],"_shiftlockState":false,"_pose":"FreeFall","_animationQueue":[],"_animationSpeed":1,"_zoom":8.691},{"_mousePosition":[683,384],"_rootPartCFrame":[758.389,231.508,46.409,-0.691,0,0.723,0,1,0,-0.723,0,-0.691],"_humanoidState":5,"_cameraCFrame":[758.412,241.564,44.879,-1,-0.015,0.003,0,0.176,0.984,-0.015,0.984,-0.176],"_shiftlockState":false,"_pose":"FreeFall","_animationQueue":[],"_animationSpeed":1,"_zoom":8.691},{"_mousePosition":[683,384],"_rootPartCFrame":[758.122,231.949,46.402,-0.606,0,0.796,0,1,0,-0.796,0,-0.606],"_humanoidState":5,"_cameraCFrame":[758.125,242.006,44.879,-1,-0.002,0,0,0.175,0.985,-0.002,0.985,-0.175],"_shiftlockState":false,"_pose":"FreeFall","_animationQueue":[],"_animationSpeed":1,"_zoom":8.691},{"_mousePosition":[683,384],"_rootPartCFrame":[757.856,232.335,46.397,-0.528,0,0.849,0,1,0,-0.849,0,-0.528],"_humanoidState":5,"_cameraCFrame":[757.825,242.393,44.882,-1,0.02,-0.004,0,0.174,0.985,0.02,0.984,-0.174],"_shiftlockState":false,"_pose":"FreeFall","_animationQueue":[],"_animationSpeed":1,"_zoom":8.691},{"_mousePosition":[683,384],"_rootPartCFrame":[757.589,232.667,46.397,-0.459,0,0.888,0,1,0,-0.888,0,-0.459],"_humanoidState":5,"_cameraCFrame":[757.512,242.723,44.876,-0.999,0.05,-0.009,0,0.175,0.985,0.051,0.983,-0.175],"_shiftlockState":false,"_pose":"FreeFall","_animationQueue":[],"_animationSpeed":1,"_zoom":8.691},{"_mousePosition":[683,384],"_rootPartCFrame":[757.323,232.944,46.401,-0.4,0,0.917,0,1,0,-0.917,0,-0.4],"_humanoidState":5,"_cameraCFrame":[757.205,242.999,44.876,-0.997,0.076,-0.014,0,0.176,0.984,0.077,0.981,-0.176],"_shiftlockState":false,"_pose":"FreeFall","_animationQueue":[],"_animationSpeed":1,"_zoom":8.691},{"_mousePosition":[683,384],"_rootPartCFrame":[757.056,233.166,46.413,-0.351,0,0.936,0,1,0,-0.936,0,-0.351],"_humanoidState":5,"_cameraCFrame":[756.902,243.221,44.891,-0.995,0.099,-0.018,0,0.176,0.984,0.101,0.979,-0.175],"_shiftlockState":false,"_pose":"FreeFall","_animationQueue":[],"_animationSpeed":1,"_zoom":8.691},{"_mousePosition":[683,384],"_rootPartCFrame":[756.857,233.297,46.428,-0.321,0,0.947,0,1,0,-0.947,0,-0.321],"_humanoidState":5,"_cameraCFrame":[756.673,243.351,44.902,-0.993,0.118,-0.021,0,0.177,0.984,0.12,0.977,-0.176],"_shiftlockState":false,"_pose":"FreeFall","_animationQueue":[],"_animationSpeed":1,"_zoom":8.691},{"_mousePosition":[683,384],"_rootPartCFrame":[756.591,233.424,46.454,-0.29,0,0.957,0,1,0,-0.957,0,-0.29],"_humanoidState":5,"_cameraCFrame":[756.39,243.478,44.93,-0.991,0.129,-0.023,0,0.177,0.984,0.131,0.976,-0.175],"_shiftlockState":false,"_pose":"FreeFall","_animationQueue":[],"_animationSpeed":1,"_zoom":8.691},{"_mousePosition":[683,384],"_rootPartCFrame":[756.327,233.497,46.485,-0.265,0,0.964,0,1,0,-0.964,0,-0.265],"_humanoidState":5,"_cameraCFrame":[756.111,243.551,44.963,-0.99,0.138,-0.025,0,0.177,0.984,0.14,0.974,-0.175],"_shiftlockState":false,"_pose":"FreeFall","_animationQueue":[],"_animationSpeed":1,"_zoom":8.691},{"_mousePosition":[683,384],"_rootPartCFrame":[755.996,233.511,46.528,-0.241,0,0.97,0,1,0,-0.97,0,-0.241],"_humanoidState":5,"_cameraCFrame":[755.773,243.564,45.001,-0.99,0.142,-0.026,0,0.178,0.984,0.145,0.974,-0.176],"_shiftlockState":false,"_pose":"FreeFall","_animationQueue":[],"_animationSpeed":1,"_zoom":8.691},{"_mousePosition":[683,384],"_rootPartCFrame":[755.732,233.461,46.565,-0.226,0,0.974,0,1,0,-0.974,0,-0.226],"_humanoidState":5,"_cameraCFrame":[755.507,243.514,45.038,-0.989,0.143,-0.026,0,0.178,0.984,0.146,0.974,-0.176],"_shiftlockState":false,"_pose":"FreeFall","_animationQueue":[],"_animationSpeed":1,"_zoom":8.691},{"_mousePosition":[683,384],"_rootPartCFrame":[755.534,233.388,46.594,-0.217,0,0.976,0,1,0,-0.976,0,-0.217],"_humanoidState":5,"_cameraCFrame":[755.309,243.441,45.067,-0.989,0.143,-0.026,0,0.178,0.984,0.146,0.974,-0.176],"_shiftlockState":false,"_pose":"FreeFall","_animationQueue":[],"_animationSpeed":1,"_zoom":8.691},{"_mousePosition":[683,384],"_rootPartCFrame":[755.27,233.243,46.633,-0.207,0,0.978,0,1,0,-0.978,0,-0.207],"_humanoidState":5,"_cameraCFrame":[755.045,243.295,45.105,-0.989,0.143,-0.026,0,0.178,0.984,0.146,0.974,-0.176],"_shiftlockState":false,"_pose":"FreeFall","_animationQueue":[],"_animationSpeed":1,"_zoom":8.691},{"_mousePosition":[683,384],"_rootPartCFrame":[755.006,233.043,46.671,-0.199,0,0.98,0,1,0,-0.98,0,-0.199],"_humanoidState":5,"_cameraCFrame":[754.781,243.096,45.144,-0.989,0.143,-0.026,0,0.178,0.984,0.146,0.974,-0.176],"_shiftlockState":false,"_pose":"FreeFall","_animationQueue":[],"_animationSpeed":1,"_zoom":8.691},{"_mousePosition":[683,384],"_rootPartCFrame":[754.676,232.716,46.72,-0.189,0,0.982,0,1,0,-0.982,0,-0.189],"_humanoidState":5,"_cameraCFrame":[754.452,242.769,45.193,-0.989,0.143,-0.026,0,0.178,0.984,0.146,0.974,-0.176],"_shiftlockState":false,"_pose":"FreeFall","_animationQueue":[["fall",0.3]],"_animationSpeed":1,"_zoom":8.691},{"_mousePosition":[683,384],"_rootPartCFrame":[754.412,232.394,46.759,-0.183,0,0.983,0,1,0,-0.983,0,-0.183],"_humanoidState":5,"_cameraCFrame":[754.193,242.447,45.231,-0.99,0.14,-0.025,0,0.178,0.984,0.142,0.974,-0.176],"_shiftlockState":false,"_pose":"FreeFall","_animationQueue":[],"_animationSpeed":1,"_zoom":8.691},{"_mousePosition":[683,384],"_rootPartCFrame":[754.214,232.116,46.788,-0.179,0,0.984,0,1,0,-0.984,0,-0.179],"_humanoidState":5,"_cameraCFrame":[754.017,242.169,45.257,-0.992,0.126,-0.023,0,0.178,0.984,0.128,0.976,-0.176],"_shiftlockState":false,"_pose":"FreeFall","_animationQueue":[],"_animationSpeed":1,"_zoom":8.691},{"_mousePosition":[683,384],"_rootPartCFrame":[753.885,231.585,46.836,-0.173,0,0.985,0,1,0,-0.985,0,-0.173],"_humanoidState":5,"_cameraCFrame":[753.724,241.638,45.3,-0.995,0.102,-0.018,0,0.178,0.984,0.104,0.979,-0.177],"_shiftlockState":false,"_pose":"FreeFall","_animationQueue":[],"_animationSpeed":1,"_zoom":8.691},{"_mousePosition":[683,384],"_rootPartCFrame":[753.62,231.099,46.87,-0.167,0,0.986,0,1,0,-0.986,0,-0.167],"_humanoidState":5,"_cameraCFrame":[753.5,241.152,45.331,-0.997,0.077,-0.014,0,0.178,0.984,0.078,0.981,-0.177],"_shiftlockState":false,"_pose":"FreeFall","_animationQueue":[],"_animationSpeed":1,"_zoom":8.691},{"_mousePosition":[683,384],"_rootPartCFrame":[753.355,230.559,46.899,-0.16,0,0.987,0,1,0,-0.987,0,-0.16],"_humanoidState":5,"_cameraCFrame":[753.285,240.612,45.357,-0.999,0.045,-0.008,0,0.178,0.984,0.046,0.983,-0.177],"_shiftlockState":false,"_pose":"FreeFall","_animationQueue":[],"_animationSpeed":1,"_zoom":8.691},{"_mousePosition":[683,384],"_rootPartCFrame":[753.51,230.706,46.861,-0.168,0.019,0.986,0,1,-0.019,-0.986,-0.003,-0.168],"_humanoidState":12,"_cameraCFrame":[753.514,240.758,45.312,-1,0.015,-0.003,0,0.178,0.984,0.015,0.984,-0.178],"_shiftlockState":false,"_pose":"Climbing","_animationQueue":[["fall",0.3],["walk",0.1],["fall",0.3],["climb",0.1],["climb",0]],"_animationSpeed":-2.805,"_zoom":8.691},{"_mousePosition":[683,384],"_rootPartCFrame":[753.561,230.892,46.847,-0.168,0.003,0.986,0,1,-0.003,-0.986,-0.001,-0.168],"_humanoidState":12,"_cameraCFrame":[753.578,240.945,45.302,-1,-0.008,0.001,0,0.178,0.984,-0.008,0.984,-0.178],"_shiftlockState":false,"_pose":"Climbing","_animationQueue":[["climb",0.1]],"_animationSpeed":0.912,"_zoom":8.691},{"_mousePosition":[683,384],"_rootPartCFrame":[753.577,231.032,46.843,-0.168,-0.001,0.986,0,1,0.001,-0.986,0,-0.168],"_humanoidState":12,"_cameraCFrame":[753.631,241.086,45.307,-0.999,-0.036,0.006,0,0.177,0.984,-0.036,0.984,-0.177],"_shiftlockState":false,"_pose":"Climbing","_animationQueue":[],"_animationSpeed":0.912,"_zoom":8.691},{"_mousePosition":[683,384],"_rootPartCFrame":[753.579,231.218,46.842,-0.168,-0.001,0.986,0,1,0.001,-0.986,0,-0.168],"_humanoidState":12,"_cameraCFrame":[753.682,241.274,45.316,-0.998,-0.067,0.012,0,0.176,0.984,-0.069,0.982,-0.176],"_shiftlockState":false,"_pose":"Climbing","_animationQueue":[],"_animationSpeed":0.912,"_zoom":8.691},{"_mousePosition":[683,384],"_rootPartCFrame":[753.579,231.405,46.842,-0.168,0,0.986,0,1,0,-0.986,0,-0.168],"_humanoidState":12,"_cameraCFrame":[753.742,241.462,45.328,-0.994,-0.105,0.019,0,0.175,0.985,-0.107,0.979,-0.174],"_shiftlockState":false,"_pose":"Climbing","_animationQueue":[["climb",0]],"_animationSpeed":0.912,"_zoom":8.691},{"_mousePosition":[683,384],"_rootPartCFrame":[753.579,231.592,46.842,-0.168,0,0.986,0,1,0,-0.986,0,-0.168],"_humanoidState":12,"_cameraCFrame":[753.825,241.651,45.353,-0.987,-0.161,0.028,0,0.174,0.985,-0.163,0.972,-0.171],"_shiftlockState":false,"_pose":"Climbing","_animationQueue":[],"_animationSpeed":0.912,"_zoom":8.691},{"_mousePosition":[683,384],"_rootPartCFrame":[753.579,231.778,46.842,-0.168,0,0.986,0,1,0,-0.986,0,-0.168],"_humanoidState":12,"_cameraCFrame":[754.024,241.835,45.39,-0.956,-0.288,0.051,0,0.175,0.985,-0.293,0.941,-0.167],"_shiftlockState":false,"_pose":"Climbing","_animationQueue":[["climb",0],["climb",0]],"_animationSpeed":0.912,"_zoom":8.691},{"_mousePosition":[683,384],"_rootPartCFrame":[753.579,231.965,46.842,-0.168,0,0.986,0,1,0,-0.986,0,-0.168],"_humanoidState":12,"_cameraCFrame":[754.091,242.023,45.42,-0.941,-0.334,0.059,0,0.174,0.985,-0.339,0.927,-0.164],"_shiftlockState":false,"_pose":"Climbing","_animationQueue":[],"_animationSpeed":0.912,"_zoom":8.691},{"_mousePosition":[683,384],"_rootPartCFrame":[753.579,232.105,46.842,-0.168,0,0.986,0,1,0,-0.986,0,-0.168],"_humanoidState":12,"_cameraCFrame":[754.168,242.164,45.453,-0.921,-0.384,0.068,0,0.174,0.985,-0.39,0.907,-0.16],"_shiftlockState":false,"_pose":"Climbing","_animationQueue":[],"_animationSpeed":0.912,"_zoom":8.691},{"_mousePosition":[683,384],"_rootPartCFrame":[753.579,232.291,46.842,-0.168,0,0.986,0,1,0,-0.986,0,-0.168],"_humanoidState":12,"_cameraCFrame":[754.247,242.35,45.489,-0.897,-0.436,0.077,0,0.174,0.985,-0.443,0.883,-0.156],"_shiftlockState":false,"_pose":"Climbing","_animationQueue":[],"_animationSpeed":0.912,"_zoom":8.691},{"_mousePosition":[683,384],"_rootPartCFrame":[753.579,232.525,46.842,-0.168,0,0.986,0,1,0,-0.986,0,-0.168],"_humanoidState":12,"_cameraCFrame":[754.32,242.584,45.527,-0.871,-0.483,0.085,0,0.174,0.985,-0.491,0.858,-0.151],"_shiftlockState":false,"_pose":"Climbing","_animationQueue":[],"_animationSpeed":0.912,"_zoom":8.691},{"_mousePosition":[683,384],"_rootPartCFrame":[753.579,232.711,46.842,-0.168,0,0.986,0,1,0,-0.986,0,-0.168],"_humanoidState":12,"_cameraCFrame":[754.388,242.77,45.568,-0.844,-0.528,0.093,0,0.174,0.985,-0.536,0.832,-0.147],"_shiftlockState":false,"_pose":"Climbing","_animationQueue":[],"_animationSpeed":0.912,"_zoom":8.691},{"_mousePosition":[683,384],"_rootPartCFrame":[753.555,232.864,46.81,-0.106,0,0.994,0,1,0,-0.994,0,-0.106],"_humanoidState":8,"_cameraCFrame":[754.425,242.923,45.577,-0.817,-0.568,0.1,0,0.174,0.985,-0.577,0.805,-0.142],"_shiftlockState":false,"_pose":"Standing","_animationQueue":[["climb",0.1],["idle",0.1],["idle",0.1]],"_animationSpeed":1,"_zoom":8.691},{"_mousePosition":[683,384],"_rootPartCFrame":[753.498,232.962,46.749,-0.019,0,1,0,1,0,-1,0,-0.019],"_humanoidState":5,"_cameraCFrame":[754.408,243.021,45.545,-0.798,-0.594,0.105,0,0.174,0.985,-0.603,0.786,-0.139],"_shiftlockState":false,"_pose":"FreeFall","_animationQueue":[["walk",0.1],["fall",0.3]],"_animationSpeed":1,"_zoom":8.691},{"_mousePosition":[683,384],"_rootPartCFrame":[753.435,233,46.688,0.045,0,0.999,0,1,0,-0.999,0,0.045],"_humanoidState":5,"_cameraCFrame":[753.013,243.058,44.412,-0.782,-0.614,0.109,0,0.174,0.985,-0.624,0.77,-0.136],"_shiftlockState":true,"_pose":"FreeFall","_animationQueue":[],"_animationSpeed":1,"_zoom":8.691},{"_mousePosition":[683,384],"_rootPartCFrame":[753.283,232.995,46.548,-0.679,0,0.734,0,1,0,-0.734,0,-0.679],"_humanoidState":5,"_cameraCFrame":[752.86,243.052,44.271,-0.782,-0.614,0.109,0,0.174,0.985,-0.624,0.77,-0.136],"_shiftlockState":true,"_pose":"FreeFall","_animationQueue":[],"_animationSpeed":1,"_zoom":8.691},{"_mousePosition":[683,384],"_rootPartCFrame":[753.158,233.266,46.446,-0.761,0,0.649,0,1,0,-0.649,0,-0.761],"_humanoidState":7,"_cameraCFrame":[752.738,243.324,44.17,-0.781,-0.615,0.109,0,0.174,0.985,-0.624,0.769,-0.136],"_shiftlockState":true,"_pose":"FreeFall","_animationQueue":[["fall",0.3],["walk",0.1],["fall",0.3],["fall",0.3]],"_animationSpeed":1,"_zoom":8.691},{"_mousePosition":[683,384],"_rootPartCFrame":[752.999,233.572,46.32,-0.78,0,0.626,0,1,0,-0.626,0,-0.78],"_humanoidState":7,"_cameraCFrame":[752.562,243.63,44.046,-0.786,-0.609,0.108,0,0.174,0.985,-0.619,0.774,-0.137],"_shiftlockState":true,"_pose":"FreeFall","_animationQueue":[],"_animationSpeed":1,"_zoom":8.691},{"_mousePosition":[683,384],"_rootPartCFrame":[752.838,233.834,46.191,-0.786,0,0.619,0,1,0,-0.619,0,-0.786],"_humanoidState":8,"_cameraCFrame":[752.329,243.891,43.932,-0.805,-0.585,0.104,0,0.174,0.985,-0.594,0.792,-0.14],"_shiftlockState":true,"_pose":"Running","_animationQueue":[["walk",0.1],["fall",0.3],["walk",0.1]],"_animationSpeed":0.864,"_zoom":8.691},{"_mousePosition":[683,384],"_rootPartCFrame":[752.677,233.998,46.064,-0.805,0,0.594,0,1,0,-0.594,0,-0.805],"_humanoidState":8,"_cameraCFrame":[752.082,244.053,43.817,-0.829,-0.551,0.098,0,0.176,0.984,-0.559,0.816,-0.146],"_shiftlockState":true,"_pose":"Running","_animationQueue":[["walk",0.1]],"_animationSpeed":0.668,"_zoom":8.691},{"_mousePosition":[683,384],"_rootPartCFrame":[752.538,234.103,45.96,-0.829,0,0.559,0,1,0,-0.559,0,-0.829],"_humanoidState":8,"_cameraCFrame":[751.804,244.157,43.75,-0.863,-0.497,0.089,0,0.177,0.984,-0.505,0.849,-0.153],"_shiftlockState":true,"_pose":"Running","_animationQueue":[["walk",0.1]],"_animationSpeed":0.873,"_zoom":8.691},{"_mousePosition":[683,384],"_rootPartCFrame":[752.284,234.238,45.787,-0.863,0,0.505,0,1,0,-0.505,0,-0.863],"_humanoidState":8,"_cameraCFrame":[751.41,244.286,43.635,-0.893,-0.443,0.079,0,0.176,0.984,-0.45,0.879,-0.157],"_shiftlockState":true,"_pose":"Running","_animationQueue":[["walk",0.1]],"_animationSpeed":0.972,"_zoom":8.691},{"_mousePosition":[683,384],"_rootPartCFrame":[752.062,234.316,45.655,-0.893,0,0.45,0,1,0,-0.45,0,-0.893],"_humanoidState":8,"_cameraCFrame":[751.051,244.286,43.573,-0.919,-0.388,0.069,0,0.176,0.984,-0.394,0.905,-0.162],"_shiftlockState":true,"_pose":"Running","_animationQueue":[],"_animationSpeed":0.972,"_zoom":8.691},{"_mousePosition":[683,384],"_rootPartCFrame":[751.827,234.366,45.533,-0.919,0,0.394,0,1,0,-0.394,0,-0.919],"_humanoidState":8,"_cameraCFrame":[750.662,244.285,43.514,-0.947,-0.315,0.058,0,0.18,0.984,-0.32,0.932,-0.171],"_shiftlockState":true,"_pose":"Running","_animationQueue":[["walk",0.1],["walk",0.1]],"_animationSpeed":1.079,"_zoom":8.691},{"_mousePosition":[683,384],"_rootPartCFrame":[751.583,234.39,45.426,-0.947,0,0.32,0,1,0,-0.32,0,-0.947],"_humanoidState":8,"_cameraCFrame":[750.235,244.305,43.45,-0.975,-0.216,0.042,0,0.19,0.982,-0.22,0.958,-0.186],"_shiftlockState":true,"_pose":"Running","_animationQueue":[],"_animationSpeed":1.079,"_zoom":8.691},{"_mousePosition":[683,384],"_rootPartCFrame":[751.335,234.431,45.339,-0.977,0,0.215,0,1,0,-0.215,0,-0.977],"_humanoidState":8,"_cameraCFrame":[749.767,244.341,43.411,-0.995,-0.096,0.02,0,0.205,0.979,-0.098,0.974,-0.204],"_shiftlockState":true,"_pose":"Running","_animationQueue":[],"_animationSpeed":1.079,"_zoom":8.691},{"_mousePosition":[683,384],"_rootPartCFrame":[751.082,234.396,45.277,-0.996,0,0.091,0,1,0,-0.091,0,-0.996],"_humanoidState":8,"_cameraCFrame":[749.291,244.31,43.466,-1,0.022,-0.005,0,0.215,0.977,0.022,0.976,-0.215],"_shiftlockState":true,"_pose":"Running","_animationQueue":[],"_animationSpeed":1.079,"_zoom":8.691},{"_mousePosition":[683,384],"_rootPartCFrame":[750.825,234.304,45.247,-1,0,-0.03,0,1,0,0.03,0,-1],"_humanoidState":8,"_cameraCFrame":[748.848,244.225,43.575,-0.992,0.123,-0.028,0,0.221,0.975,0.126,0.967,-0.219],"_shiftlockState":true,"_pose":"Running","_animationQueue":[],"_animationSpeed":1.079,"_zoom":8.691},{"_mousePosition":[683,384],"_rootPartCFrame":[750.569,235.167,45.221,-0.991,0,-0.134,0,1,0,0.134,0,-0.991],"_humanoidState":3,"_cameraCFrame":[748.445,245.093,43.675,-0.977,0.206,-0.048,0,0.227,0.974,0.211,0.952,-0.221],"_shiftlockState":true,"_pose":"Jumping","_animationQueue":[["walk",0.1],["jump",0.1]],"_animationSpeed":1,"_zoom":8.691},{"_mousePosition":[683,384],"_rootPartCFrame":[750.278,235.976,45.225,-0.992,0,-0.123,0,1,0,0.123,0,-0.992],"_humanoidState":5,"_cameraCFrame":[748.024,245.896,43.773,-0.959,0.275,-0.066,0,0.234,0.972,0.283,0.932,-0.225],"_shiftlockState":true,"_pose":"FreeFall","_animationQueue":[["jump",0.1]],"_animationSpeed":1,"_zoom":8.691},{"_mousePosition":[683,384],"_rootPartCFrame":[749.973,236.73,45.265,-0.987,0,-0.158,0,1,0,0.158,0,-0.987],"_humanoidState":5,"_cameraCFrame":[747.603,246.644,43.913,-0.937,0.338,-0.084,0,0.241,0.97,0.349,0.91,-0.226],"_shiftlockState":true,"_pose":"FreeFall","_animationQueue":[],"_animationSpeed":1,"_zoom":8.691},{"_mousePosition":[683,384],"_rootPartCFrame":[749.671,237.429,45.338,-0.975,0,-0.222,0,1,0,0.222,0,-0.975],"_humanoidState":5,"_cameraCFrame":[747.232,247.338,44.045,-0.922,0.375,-0.095,0,0.246,0.969,0.387,0.894,-0.227],"_shiftlockState":true,"_pose":"FreeFall","_animationQueue":[],"_animationSpeed":1,"_zoom":8.691},{"_mousePosition":[683,384],"_rootPartCFrame":[749.449,237.918,45.411,-0.956,0,-0.293,0,1,0,0.293,0,-0.956],"_humanoidState":5,"_cameraCFrame":[746.937,247.822,44.189,-0.904,0.413,-0.107,0,0.251,0.968,0.427,0.875,-0.227],"_shiftlockState":true,"_pose":"FreeFall","_animationQueue":[],"_animationSpeed":1,"_zoom":8.691},{"_mousePosition":[683,384],"_rootPartCFrame":[749.087,238.664,45.554,-0.963,0,-0.271,0,1,0,0.271,0,-0.963],"_hu