[{"_mousePosition":[1187,402],"_rootPartCFrame":[776.029,222.983,47.142,0.002,-0.001,1,0,1,0.001,-1,0,0.002],"_humanoidState":8,"_cameraCFrame":[787.908,233.144,47.422,0.024,-0.589,0.808,0,0.808,0.589,-1,-0.014,0.019],"_shiftlockState":false,"_pose":"Standing","_animationQueue":[],"_animationSpeed":1,"_zoom":14.705},{"_mousePosition":[1166,392],"_rootPartCFrame":[776.029,222.743,47.142,0.002,0,1,0,1,0,-1,0,0.002],"_humanoidState":8,"_cameraCFrame":[787.91,232.904,47.422,0.024,-0.589,0.808,0,0.808,0.589,-1,-0.014,0.019],"_shiftlockState":false,"_pose":"Standing","_animationQueue":[],"_animationSpeed":1,"_zoom":14.705},{"_mousePosition":[1141,386],"_rootPartCFrame":[776.029,222.672,47.142,0.002,0,1,0,1,0,-1,0,0.002],"_humanoidState":8,"_cameraCFrame":[787.91,232.833,47.422,0.024,-0.589,0.808,0,0.808,0.589,-1,-0.014,0.019],"_shiftlockState":false,"_pose":"Standing","_animationQueue":[],"_animationSpeed":1,"_zoom":14.705},{"_mousePosition":[1117,380],"_rootPartCFrame":[776.029,222.656,47.142,0.002,0,1,0,1,0,-1,0,0.002],"_humanoidState":8,"_cameraCFrame":[787.91,232.817,47.422,0.024,-0.589,0.808,0,0.808,0.589,-1,-0.014,0.019],"_shiftlockState":false,"_pose":"Standing","_animationQueue":[],"_animationSpeed":1,"_zoom":14.705},{"_mousePosition":[1046,359],"_rootPartCFrame":[776.029,222.669,47.142,0.002,0,1,0,1,0,-1,0,0.002],"_humanoidState":8,"_cameraCFrame":[787.91,232.83,47.422,0.024,-0.589,0.808,0,0.808,0.589,-1,-0.014,0.019],"_shiftlockState":false,"_pose":"Standing","_animationQueue":[],"_animationSpeed":1,"_zoom":14.705},{"_mousePosition":[1007,350],"_rootPartCFrame":[776.029,222.679,47.142,0.002,0,1,0,1,0,-1,0,0.002],"_humanoidState":8,"_cameraCFrame":[787.91,232.84,47.422,0.024,-0.589,0.808,0,0.808,0.589,-1,-0.014,0.019],"_shiftlockState":false,"_pose":"Standing","_animationQueue":[],"_animationSpeed":1,"_zoom":14.705},{"_mousePosition":[929,325],"_rootPartCFrame":[776.029,222.688,47.142,0.002,0,1,0,1,0,-1,0,0.002],"_humanoidState":8,"_cameraCFrame":[787.91,232.849,47.422,0.024,-0.589,0.808,0,0.808,0.589,-1,-0.014,0.019],"_shiftlockState":false,"_pose":"Standing","_animationQueue":[],"_animationSpeed":1,"_zoom":14.705},{"_mousePosition":[893,314],"_rootPartCFrame":[776.029,222.694,47.142,0.002,0,1,0,1,0,-1,0,0.002],"_humanoidState":8,"_cameraCFrame":[787.91,232.855,47.422,0.024,-0.589,0.808,0,0.808,0.589,-1,-0.014,0.019],"_shiftlockState":false,"_pose":"Standing","_animationQueue":[],"_animationSpeed":1,"_zoom":14.705},{"_mousePosition":[827,288],"_rootPartCFrame":[775.867,222.697,47.139,0.004,0,1,0,1,0,-1,0,0.004],"_humanoidState":8,"_cameraCFrame":[787.748,232.857,47.418,0.024,-0.589,0.808,0,0.808,0.589,-1,-0.014,0.019],"_shiftlockState":false,"_pose":"Standing","_animationQueue":[],"_animationSpeed":1,"_zoom":14.705},{"_mousePosition":[803,278],"_rootPartCFrame":[775.604,222.698,47.132,0.006,0,1,0,1,0,-1,0,0.006],"_humanoidState":8,"_cameraCFrame":[787.485,232.859,47.412,0.024,-0.589,0.808,0,0.808,0.589,-1,-0.014,0.019],"_shiftlockState":false,"_pose":"Running","_animationQueue":[["walk",0.1]],"_animationSpeed":1.003,"_zoom":14.705},{"_mousePosition":[760,256],"_rootPartCFrame":[775.404,222.699,47.128,0.008,0,1,0,1,0,-1,0,0.008],"_humanoidState":8,"_cameraCFrame":[787.285,232.859,47.407,0.024,-0.589,0.808,0,0.808,0.589,-1,-0.014,0.019],"_shiftlockState":false,"_pose":"Running","_animationQueue":[["walk",0.1]],"_animationSpeed":1.101,"_zoom":14.705},{"_mousePosition":[733,241],"_rootPartCFrame":[775.138,222.699,47.121,0.01,0,1,0,1,0,-1,0,0.01],"_humanoidState":8,"_cameraCFrame":[787.018,232.86,47.401,0.024,-0.589,0.808,0,0.808,0.589,-1,-0.014,0.019],"_shiftlockState":false,"_pose":"Running","_animationQueue":[],"_animationSpeed":1.101,"_zoom":14.705},{"_mousePosition":[723,233],"_rootPartCFrame":[774.804,222.699,47.114,0.013,0,1,0,1,0,-1,0,0.013],"_humanoidState":8,"_cameraCFrame":[786.685,232.86,47.393,0.024,-0.589,0.808,0,0.808,0.589,-1,-0.014,0.019],"_shiftlockState":false,"_pose":"Running","_animationQueue":[],"_animationSpeed":1.101,"_zoom":14.705},{"_mousePosition":[719,230],"_rootPartCFrame":[774.604,222.699,47.109,0.014,0,1,0,1,0,-1,0,0.014],"_humanoidState":8,"_cameraCFrame":[786.485,232.86,47.388,0.024,-0.589,0.808,0,0.808,0.589,-1,-0.014,0.019],"_shiftlockState":false,"_pose":"Running","_animationQueue":[],"_animationSpeed":1.101,"_zoom":14.705},{"_mousePosition":[719,230],"_rootPartCFrame":[774.338,222.7,47.103,0.015,0,1,0,1,0,-1,0,0.015],"_humanoidState":8,"_cameraCFrame":[786.219,232.86,47.382,0.024,-0.589,0.808,0,0.808,0.589,-1,-0.014,0.019],"_shiftlockState":false,"_pose":"Running","_animationQueue":[],"_animationSpeed":1.101,"_zoom":14.705},{"_mousePosition":[719,229],"_rootPartCFrame":[774.071,222.7,47.096,0.016,0,1,0,1,0,-1,0,0.016],"_humanoidState":8,"_cameraCFrame":[785.952,232.86,47.376,0.024,-0.589,0.808,0,0.808,0.589,-1,-0.014,0.019],"_shiftlockState":false,"_pose":"Running","_animationQueue":[],"_animationSpeed":1.101,"_zoom":14.705},{"_mousePosition":[719,229],"_rootPartCFrame":[773.738,222.7,47.088,0.018,0,1,0,1,0,-1,0,0.018],"_humanoidState":8,"_cameraCFrame":[785.619,232.86,47.368,0.024,-0.589,0.808,0,0.808,0.589,-1,-0.014,0.019],"_shiftlockState":false,"_pose":"Running","_animationQueue":[["walk",0.1]],"_animationSpeed":1.101,"_zoom":14.705},{"_mousePosition":[719,229],"_rootPartCFrame":[773.471,222.7,47.082,0.018,0,1,0,1,0,-1,0,0.018],"_humanoidState":8,"_cameraCFrame":[785.352,232.86,47.362,0.024,-0.589,0.808,0,0.808,0.589,-1,-0.014,0.019],"_shiftlockState":false,"_pose":"Running","_animationQueue":[],"_animationSpeed":1.101,"_zoom":14.705},{"_mousePosition":[719,229],"_rootPartCFrame":[773.071,222.7,47.073,0.019,0,1,0,1,0,-1,0,0.019],"_humanoidState":8,"_cameraCFrame":[784.952,232.86,47.352,0.024,-0.589,0.808,0,0.808,0.589,-1,-0.014,0.019],"_shiftlockState":false,"_pose":"Running","_animationQueue":[],"_animationSpeed":1.101,"_zoom":14.705},{"_mousePosition":[719,229],"_rootPartCFrame":[772.938,222.7,47.07,0.02,0,1,0,1,0,-1,0,0.02],"_humanoidState":8,"_cameraCFrame":[784.819,232.86,47.349,0.024,-0.589,0.808,0,0.808,0.589,-1,-0.014,0.019],"_shiftlockState":false,"_pose":"Running","_animationQueue":[],"_animationSpeed":1.101,"_zoom":14.705},{"_mousePosition":[719,229],"_rootPartCFrame":[772.672,222.7,47.063,0.02,0,1,0,1,0,-1,0,0.02],"_humanoidState":8,"_cameraCFrame":[784.552,232.86,47.343,0.024,-0.589,0.808,0,0.808,0.589,-1,-0.014,0.019],"_shiftlockState":false,"_pose":"Running","_animationQueue":[],"_animationSpeed":1.101,"_zoom":14.705},{"_mousePosition":[720,228],"_rootPartCFrame":[772.405,222.7,47.057,0.021,0,1,0,1,0,-1,0,0.021],"_humanoidState":8,"_cameraCFrame":[784.286,232.86,47.336,0.024,-0.589,0.808,0,0.808,0.589,-1,-0.014,0.019],"_shiftlockState":false,"_pose":"Running","_animationQueue":[],"_animationSpeed":1.101,"_zoom":14.705},{"_mousePosition":[721,227],"_rootPartCFrame":[772.138,222.7,47.051,0.021,0,1,0,1,0,-1,0,0.021],"_humanoidState":8,"_cameraCFrame":[784.019,232.86,47.33,0.024,-0.589,0.808,0,0.808,0.589,-1,-0.014,0.019],"_shiftlockState":false,"_pose":"Running","_animationQueue":[],"_animationSpeed":1.101,"_zoom":14.705},{"_mousePosition":[722,227],"_rootPartCFrame":[771.872,222.7,47.045,0.021,0,1,0,1,0,-1,0,0.021],"_humanoidState":8,"_cameraCFrame":[783.753,232.86,47.324,0.024,-0.589,0.808,0,0.808,0.589,-1,-0.014,0.019],"_shiftlockState":false,"_pose":"Running","_animationQueue":[["walk",0.1]],"_animationSpeed":1.101,"_zoom":14.705},{"_mousePosition":[722,227],"_rootPartCFrame":[771.538,223.783,47.037,0.022,0,1,0,1,0,-1,0,0.022],"_humanoidState":3,"_cameraCFrame":[783.419,233.944,47.316,0.024,-0.589,0.808,0,0.808,0.589,-1,-0.014,0.019],"_shiftlockState":false,"_pose":"Jumping","_animationQueue":[["walk",0.1],["jump",0.1]],"_animationSpeed":1,"_zoom":14.705},{"_mousePosition":[722,227],"_rootPartCFrame":[771.339,224.395,47.032,0.022,0,1,0,1,0,-1,0,0.022],"_humanoidState":5,"_cameraCFrame":[783.219,234.555,47.311,0.024,-0.589,0.808,0,0.808,0.589,-1,-0.014,0.019],"_shiftlockState":false,"_pose":"FreeFall","_animationQueue":[["jump",0.1]],"_animationSpeed":1,"_zoom":14.705},{"_mousePosition":[722,227],"_rootPartCFrame":[771.072,225.162,47.026,0.022,0,1,0,1,0,-1,0,0.022],"_humanoidState":5,"_cameraCFrame":[782.953,235.323,47.305,0.024,-0.589,0.808,0,0.808,0.589,-1,-0.014,0.019],"_shiftlockState":false,"_pose":"FreeFall","_animationQueue":[],"_animationSpeed":1,"_zoom":14.705},{"_mousePosition":[723,228],"_rootPartCFrame":[770.739,226.045,47.018,0.022,0,1,0,1,0,-1,0,0.022],"_humanoidState":5,"_cameraCFrame":[782.619,236.206,47.297,0.024,-0.589,0.808,0,0.808,0.589,-1,-0.014,0.019],"_shiftlockState":false,"_pose":"FreeFall","_animationQueue":[],"_animationSpeed":1,"_zoom":14.705},{"_mousePosition":[724,229],"_rootPartCFrame":[770.539,226.534,47.013,0.023,0,1,0,1,0,-1,0,0.023],"_humanoidState":5,"_cameraCFrame":[782.419,236.694,47.293,0.024,-0.589,0.808,0,0.808,0.589,-1,-0.014,0.019],"_shiftlockState":false,"_pose":"FreeFall","_animationQueue":[],"_animationSpeed":1,"_zoom":14.705},{"_mousePosition":[724,229],"_rootPartCFrame":[770.272,227.138,47.007,0.023,0,1,0,1,0,-1,0,0.023],"_humanoidState":5,"_cameraCFrame":[782.153,237.298,47.286,0.024,-0.589,0.808,0,0.808,0.589,-1,-0.014,0.019],"_shiftlockState":false,"_pose":"FreeFall","_animationQueue":[],"_animationSpeed":1,"_zoom":14.705},{"_mousePosition":[724,229],"_rootPartCFrame":[770.005,227.687,47.001,0.023,0,1,0,1,0,-1,0,0.023],"_humanoidState":5,"_cameraCFrame":[781.886,237.848,47.28,0.024,-0.589,0.808,0,0.808,0.589,-1,-0.014,0.019],"_shiftlockState":false,"_pose":"FreeFall","_animationQueue":[],"_animationSpeed":1,"_zoom":14.705},{"_mousePosition":[724,229],"_rootPartCFrame":[769.739,228.182,46.994,0.023,0,1,0,1,0,-1,0,0.023],"_humanoidState":5,"_cameraCFrame":[781.62,238.343,47.274,0.024,-0.589,0.808,0,0.808,0.589,-1,-0.014,0.019],"_shiftlockState":false,"_pose":"FreeFall","_animationQueue":[],"_animationSpeed":1,"_zoom":14.705},{"_mousePosition":[724,230],"_rootPartCFrame":[769.472,228.623,46.988,0.023,0,1,0,1,0,-1,0,0.023],"_humanoidState":5,"_cameraCFrame":[781.353,238.784,47.268,0.024,-0.589,0.808,0,0.808,0.589,-1,-0.014,0.019],"_shiftlockState":false,"_pose":"FreeFall","_animationQueue":[],"_animationSpeed":1,"_zoom":14.705},{"_mousePosition":[731,239],"_rootPartCFrame":[769.206,229.009,46.982,0.023,0,1,0,1,0,-1,0,0.023],"_humanoidState":5,"_cameraCFrame":[781.086,239.17,47.261,0.024,-0.589,0.808,0,0.808,0.589,-1,-0.014,0.019],"_shiftlockState":false,"_pose":"FreeFall","_animationQueue":[],"_animationSpeed":1,"_zoom":14.705},{"_mousePosition":[736,246],"_rootPartCFrame":[768.939,229.34,46.976,0.023,0,1,0,1,0,-1,0,0.023],"_humanoidState":5,"_cameraCFrame":[780.82,239.501,47.255,0.024,-0.589,0.808,0,0.808,0.589,-1,-0.014,0.019],"_shiftlockState":false,"_pose":"FreeFall","_animationQueue":[],"_animationSpeed":1,"_zoom":14.705},{"_mousePosition":[744,263],"_rootPartCFrame":[768.672,229.617,46.969,0.023,0,1,0,1,0,-1,0,0.023],"_humanoidState":5,"_cameraCFrame":[780.553,239.778,47.249,0.024,-0.589,0.808,0,0.808,0.589,-1,-0.014,0.019],"_shiftlockState":false,"_pose":"FreeFall","_animationQueue":[],"_animationSpeed":1,"_zoom":14.705},{"_mousePosition":[749,272],"_rootPartCFrame":[768.406,229.84,46.963,0.023,0,1,0,1,0,-1,0,0.023],"_humanoidState":5,"_cameraCFrame":[780.287,240.001,47.242,0.024,-0.589,0.808,0,0.808,0.589,-1,-0.014,0.019],"_shiftlockState":false,"_pose":"FreeFall","_animationQueue":[],"_animationSpeed":1,"_zoom":14.705},{"_mousePosition":[758,287],"_rootPartCFrame":[768.139,230.008,46.957,0.023,0,1,0,1,0,-1,0,0.023],"_humanoidState":5,"_cameraCFrame":[780.02,240.169,47.236,0.024,-0.589,0.808,0,0.808,0.589,-1,-0.014,0.019],"_shiftlockState":false,"_pose":"FreeFall","_animationQueue":[],"_animationSpeed":1,"_zoom":14.705},{"_mousePosition":[763,295],"_rootPartCFrame":[767.806,230.141,46.949,0.023,0,1,0,1,0,-1,0,0.023],"_humanoidState":5,"_cameraCFrame":[779.687,240.302,47.228,0.024,-0.589,0.808,0,0.808,0.589,-1,-0.014,0.019],"_shiftlockState":false,"_pose":"FreeFall","_animationQueue":[],"_animationSpeed":1,"_zoom":14.705},{"_mousePosition":[770,299],"_rootPartCFrame":[767.606,230.181,46.944,0.023,0,1,0,1,0,-1,0,0.023],"_humanoidState":5,"_cameraCFrame":[779.487,240.341,47.224,0.024,-0.589,0.808,0,0.808,0.589,-1,-0.014,0.019],"_shiftlockState":false,"_pose":"FreeFall","_animationQueue":[],"_animationSpeed":1,"_zoom":14.705},{"_mousePosition":[777,303],"_rootPartCFrame":[767.339,230.185,46.938,0.023,0,1,0,1,0,-1,0,0.023],"_humanoidState":5,"_cameraCFrame":[779.22,240.346,47.217,0.024,-0.589,0.808,0,0.808,0.589,-1,-0.014,0.019],"_shiftlockState":false,"_pose":"FreeFall","_animationQueue":[],"_animationSpeed":1,"_zoom":14.705},{"_mousePosition":[779,305],"_rootPartCFrame":[767.073,230.135,46.932,0.023,0,1,0,1,0,-1,0,0.023],"_humanoidState":5,"_cameraCFrame":[778.954,240.296,47.211,0.024,-0.589,0.808,0,0.808,0.589,-1,-0.014,0.019],"_shiftlockState":false,"_pose":"FreeFall","_animationQueue":[],"_animationSpeed":1,"_zoom":14.705},{"_mousePosition":[779,305],"_rootPartCFrame":[766.806,230.031,46.925,0.023,0,1,0,1,0,-1,0,0.023],"_humanoidState":5,"_cameraCFrame":[778.687,240.191,47.205,0.024,-0.589,0.808,0,0.808,0.589,-1,-0.014,0.019],"_shiftlockState":false,"_pose":"FreeFall","_animationQueue":[],"_animationSpeed":1,"_zoom":14.705},{"_mousePosition":[779,305],"_rootPartCFrame":[766.54,229.872,46.919,0.023,0,1,0,1,0,-1,0,0.023],"_humanoidState":5,"_cameraCFrame":[778.42,240.032,47.199,0.024,-0.589,0.808,0,0.808,0.589,-1,-0.014,0.019],"_shiftlockState":false,"_pose":"FreeFall","_animationQueue":[["fall",0.3]],"_animationSpeed":1,"_zoom":14.705},{"_mousePosition":[780,305],"_rootPartCFrame":[766.273,229.658,46.913,0.023,0,1,0,1,0,-1,0,0.023],"_humanoidState":5,"_cameraCFrame":[778.154,239.819,47.192,0.024,-0.589,0.808,0,0.808,0.589,-1,-0.014,0.019],"_shiftlockState":false,"_pose":"FreeFall","_animationQueue":[],"_animationSpeed":1,"_zoom":14.705},{"_mousePosition":[780,307],"_rootPartCFrame":[766.006,229.39,46.907,0.023,0,1,0,1,0,-1,0,0.023],"_humanoidState":5,"_cameraCFrame":[777.887,239.551,47.186,0.024,-0.589,0.808,0,0.808,0.589,-1,-0.014,0.019],"_shiftlockState":false,"_pose":"FreeFall","_animationQueue":[],"_animationSpeed":1,"_zoom":14.705},{"_mousePosition":[779,308],"_rootPartCFrame":[765.74,229.068,46.9,0.023,0,1,0,1,0,-1,0,0.023],"_humanoidState":5,"_cameraCFrame":[777.621,239.228,47.18,0.024,-0.589,0.808,0,0.808,0.589,-1,-0.014,0.019],"_shiftlockState":false,"_pose":"FreeFall","_animationQueue":[],"_animationSpeed":1,"_zoom":14.705},{"_mousePosition":[778,312],"_rootPartCFrame":[765.473,228.691,46.894,0.023,0,1,0,1,0,-1,0,0.023],"_humanoidState":5,"_cameraCFrame":[777.354,238.851,47.173,0.024,-0.589,0.808,0,0.808,0.589,-1,-0.014,0.019],"_shiftlockState":false,"_pose":"FreeFall","_animationQueue":[],"_animationSpeed":1,"_zoom":14.705},{"_mousePosition":[776,314],"_rootPartCFrame":[765.207,228.259,46.888,0.023,0,1,0,1,0,-1,0,0.023],"_humanoidState":5,"_cameraCFrame":[777.087,238.42,47.167,0.024,-0.589,0.808,0,0.808,0.589,-1,-0.014,0.019],"_shiftlockState":false,"_pose":"FreeFall","_animationQueue":[],"_animationSpeed":1,"_zoom":14.705},{"_mousePosition":[776,316],"_rootPartCFrame":[764.94,227.773,46.882,0.023,0,1,0,1,0,-1,0,0.023],"_humanoidState":5,"_cameraCFrame":[776.821,237.934,47.161,0.024,-0.589,0.808,0,0.808,0.589,-1,-0.014,0.019],"_shiftlockState":false,"_pose":"FreeFall","_animationQueue":[["fall",0.3]],"_animationSpeed":1,"_zoom":14.705},{"_mousePosition":[776,317],"_rootPartCFrame":[764.673,227.233,46.875,0.023,0,1,0,1,0,-1,0,0.023],"_humanoidState":5,"_cameraCFrame":[776.554,237.393,47.155,0.024,-0.589,0.808,0,0.808,0.589,-1,-0.014,0.019],"_shiftlockState":false,"_pose":"FreeFall","_animationQueue":[],"_animationSpeed":1,"_zoom":14.705},{"_mousePosition":[776,317],"_rootPartCFrame":[764.407,226.638,46.869,0.023,0,1,0,1,0,-1,0,0.023],"_humanoidState":5,"_cameraCFrame":[776.288,236.798,47.148,0.024,-0.589,0.808,0,0.808,0.589,-1,-0.014,0.019],"_shiftlockState":false,"_pose":"FreeFall","_animationQueue":[],"_animationSpeed":1,"_zoom":14.705},{"_mousePosition":[776,318],"_rootPartCFrame":[764.14,225.988,46.863,0.023,0,1,0,1,0,-1,0,0.023],"_humanoidState":5,"_cameraCFrame":[776.021,236.149,47.142,0.024,-0.589,0.808,0,0.808,0.589,-1,-0.014,0.019],"_shiftlockState":false,"_pose":"FreeFall","_animationQueue":[],"_animationSpeed":1,"_zoom":14.705},{"_mousePosition":[776,319],"_rootPartCFrame":[763.874,225.284,46.856,0.023,0,1,0,1,0,-1,0,0.023],"_humanoidState":5,"_cameraCFrame":[775.754,235.445,47.136,0.024,-0.589,0.808,0,0.808,0.589,-1,-0.014,0.019],"_shiftlockState":false,"_pose":"FreeFall","_animationQueue":[],"_animationSpeed":1,"_zoom":14.705},{"_mousePosition":[776,322],"_rootPartCFrame":[763.607,224.526,46.85,0.023,0,1,0,1,0,-1,0,0.023],"_humanoidState":5,"_cameraCFrame":[775.488,234.686,47.13,0.024,-0.589,0.808,0,0.808,0.589,-1,-0.014,0.019],"_shiftlockState":false,"_pose":"FreeFall","_animationQueue":[],"_animationSpeed":1,"_zoom":14.705},{"_mousePosition":[779,329],"_rootPartCFrame":[763.34,223.713,46.844,0.023,0,1,0,1,0,-1,0,0.023],"_humanoidState":5,"_cameraCFrame":[775.221,233.874,47.123,0.024,-0.589,0.808,0,0.808,0.589,-1,-0.014,0.019],"_shiftlockState":false,"_pose":"FreeFall","_animationQueue":[],"_animationSpeed":1,"_zoom":14.705},{"_mousePosition":[782,335],"_rootPartCFrame":[763.007,222.62,46.836,0.023,0,1,0,1,0,-1,0,0.023],"_humanoidState":7,"_cameraCFrame":[774.888,232.781,47.115,0.024,-0.589,0.808,0,0.808,0.589,-1,-0.014,0.019],"_shiftlockState":false,"_pose":"FreeFall","_animationQueue":[["fall",0.3],["walk",0.1],["fall",0.3],["fall",0.3]],"_animationSpeed":1,"_zoom":14.705},{"_mousePosition":[785,347],"_rootPartCFrame":[762.807,222.433,46.831,0.023,0,1,0,1,0,-1,0,0.023],"_humanoidState":7,"_cameraCFrame":[774.688,232.593,47.111,0.024,-0.589,0.808,0,0.808,0.589,-1,-0.014,0.019],"_shiftlockState":false,"_pose":"FreeFall","_animationQueue":[],"_animationSpeed":1,"_zoom":14.705},{"_mousePosition":[787,354],"_rootPartCFrame":[762.474,222.531,46.824,0.023,0,1,0,1,0,-1,0,0.023],"_humanoidState":8,"_cameraCFrame":[774.355,232.692,47.103,0.024,-0.589,0.808,0,0.808,0.589,-1,-0.014,0.019],"_shiftlockState":false,"_pose":"Running","_animationQueue":[["walk",0.1],["fall",0.3],["walk",0.1]],"_animationSpeed":1.103,"_zoom":14.705},{"_mousePosition":[788,365],"_rootPartCFrame":[762.207,222.605,46.817,0.024,0,1,0,1,0,-1,0,0.024],"_humanoidState":8,"_cameraCFrame":[774.088,232.765,47.097,0.024,-0.589,0.808,0,0.808,0.589,-1,-0.014,0.019],"_shiftlockState":false,"_pose":"Running","_animationQueue":[],"_animationSpeed":1.103,"_zoom":14.705},{"_mousePosition":[788,373],"_rootPartCFrame":[762.064,222.655,46.814,0.024,0,1,0,1,0,-1,0,0.024],"_humanoidState":8,"_cameraCFrame":[773.945,232.816,47.093,0.024,-0.589,0.808,0,0.808,0.589,-1,-0.014,0.019],"_shiftlockState":false,"_pose":"Running","_animationQueue":[],"_animationSpeed":1.103,"_zoom":14.705},{"_mousePosition":[788,373],"_rootPartCFrame":[762.061,222.672,46.814,0.024,0,1,0,1,0,-1,0,0.024],"_humanoidState":8,"_cameraCFrame":[773.765,233.07,47.064,0.021,-0.605,0.796,0,0.796,0.605,-1,-0.013,0.017],"_shiftlockState":false,"_pose":"Running","_animationQueue":[["walk",0.1]],"_animationSpeed":0.094,"_zoom":14.705},{"_mousePosition":[788,373],"_rootPartCFrame":[762.06,222.687,46.814,0.024,0,1,0,1,0,-1,0,0.024],"_humanoidState":8,"_cameraCFrame":[773.657,233.226,47.05,0.02,-0.615,0.789,0,0.789,0.615,-1,-0.013,0.016],"_shiftlockState":false,"_pose":"Standing","_animationQueue":[["walk",0.1],["idle",0.1]],"_animationSpeed":1,"_zoom":14.705},{"_mousePosition":[788,373],"_rootPartCFrame":[762.06,222.692,46.814,0.024,0,1,0,1,0,-1,0,0.024],"_humanoidState":8,"_cameraCFrame":[773.509,233.417,47.047,0.02,-0.627,0.779,0,0.779,0.627,-1,-0.013,0.016],"_shiftlockState":false,"_pose":"Standing","_animationQueue":[],"_animationSpeed":1,"_zoom":14.705},{"_mousePosition":[788,373],"_rootPartCFrame":[762.06,222.696,46.814,0.024,0,1,0,1,0,-1,0,0.024],"_humanoidState":8,"_cameraCFrame":[773.405,233.549,47.033,0.019,-0.636,0.771,0,0.772,0.636,-1,-0.012,0.015],"_shiftlockState":false,"_pose":"Standing","_animationQueue":[],"_animationSpeed":1,"_zoom":14.705},{"_mousePosition":[788,373],"_rootPartCFrame":[762.06,222.698,46.814,0.024,0,1,0,1,0,-1,0,0.024],"_humanoidState":8,"_cameraCFrame":[773.306,233.67,47.031,0.019,-0.644,0.765,0,0.765,0.644,-1,-0.012,0.015],"_shiftlockState":false,"_pose":"Standing","_animationQueue":[],"_animationSpeed":1,"_zoom":14.705},{"_mousePosition":[788,373],"_rootPartCFrame":[762.06,222.699,46.814,0.024,0,1,0,1,0,-1,0,0.024],"_humanoidState":8,"_cameraCFrame":[773.237,233.753,47.03,0.019,-0.65,0.76,0,0.76,0.65,-1,-0.013,0.015],"_shiftlockState":false,"_pose":"Standing","_animationQueue":[],"_animationSpeed":1,"_zoom":14.705},{"_mousePosition":[788,373],"_rootPartCFrame":[762.06,222.699,46.814,0.024,0,1,0,1,0,-1,0,0.024],"_humanoidState":8,"_cameraCFrame":[773.175,233.825,47.017,0.018,-0.654,0.756,0,0.756,0.655,-1,-0.012,0.014],"_shiftlockState":false,"_pose":"Standing","_animationQueue":[],"_animationSpeed":1,"_zoom":14.705},{"_mousePosition":[788,373],"_rootPartCFrame":[762.06,222.7,46.814,0.024,0,1,0,1,0,-1,0,0.024],"_humanoidState":8,"_cameraCFrame":[773.113,233.897,47.004,0.017,-0.659,0.752,0,0.752,0.659,-1,-0.011,0.013],"_shiftlockState":false,"_pose":"Standing","_animationQueue":[],"_animationSpeed":1,"_zoom":14.705},{"_mousePosition":[788,373],"_rootPartCFrame":[762.06,222.7,46.814,0.024,0,1,0,1,0,-1,0,0.024],"_humanoidState":8,"_cameraCFrame":[773.067,233.95,46.98,0.015,-0.663,0.748,0,0.749,0.663,-1,-0.01,0.011],"_shiftlockState":false,"_pose":"Standing","_animationQueue":[],"_animationSpeed":1,"_zoom":14.705},{"_mousePosition":[788,373],"_rootPartCFrame":[762.06,222.7,46.814,0.024,0,1,0,1,0,-1,0,0.024],"_humanoidState":8,"_cameraCFrame":[773.012,234.012,46.968,0.014,-0.667,0.745,0,0.745,0.667,-1,-0.009,0.01],"_shiftlockState":false,"_pose":"Standing","_animationQueue":[],"_animationSpeed":1,"_zoom":14.705},{"_mousePosition":[788,373],"_rootPartCFrame":[762.06,222.7,46.814,0.024,0,1,0,1,0,-1,0,0.024],"_humanoidState":8,"_cameraCFrame":[772.948,234.083,46.944,0.012,-0.672,0.74,0,0.74,0.672,-1,-0.008,0.009],"_shiftlockState":false,"_pose":"Standing","_animationQueue":[],"_animationSpeed":1,"_zoom":14.705},{"_mousePosition":[788,373],"_rootPartCFrame":[762.06,222.7,46.814,0.024,0,1,0,1,0,-1,0,0.024],"_humanoidState":8,"_cameraCFrame":[772.901,234.136,46.932,0.011,-0.676,0.737,0,0.737,0.676,-1,-0.007,0.008],"_shiftlockState":false,"_pose":"Standing","_animationQueue":[],"_animationSpeed":1,"_zoom":14.705},{"_mousePosition":[788,373],"_rootPartCFrame":[762.06,222.7,46.814,0.024,0,1,0,1,0,-1,0,0.024],"_humanoidState":8,"_cameraCFrame":[772.861,234.179,46.921,0.01,-0.679,0.734,0,0.734,0.679,-1,-0.007,0.007],"_shiftlockState":false,"_pose":"Standing","_animationQueue":[],"_animationSpeed":1,"_zoom":14.705},{"_mousePosition":[788,373],"_rootPartCFrame":[762.06,222.7,46.814,0.024,0,1,0,1,0,-1,0,0.024],"_humanoidState":8,"_cameraCFrame":[772.837,234.205,46.909,0.009,-0.68,0.733,0,0.733,0.68,-1,-0.006,0.006],"_shiftlockState":false,"_pose":"Standing","_animationQueue":[],"_animationSpeed":1,"_zoom":14.705},{"_mousePosition":[788,373],"_rootPartCFrame":[762.06,222.7,46.814,0.024,0,1,0,1,0,-1,0,0.024],"_humanoidState":8,"_cameraCFrame":[772.796,234.249,46.886,0.007,-0.683,0.73,0,0.73,0.683,-1,-0.005,0.005],"_shiftlockState":false,"_pose":"Standing","_animationQueue":[],"_animationSpeed":1,"_zoom":14.705},{"_mousePosition":[788,373],"_rootPartCFrame":[762.06,222.7,46.814,0.024,0,1,0,1,0,-1,0,0.024],"_humanoidState":8,"_cameraCFrame":[772.764,234.283,46.886,0.007,-0.686,0.728,0,0.728,0.686,-1,-0.005,0.005],"_shiftlockState":false,"_pose":"Standing","_animationQueue":[],"_animationSpeed":1,"_zoom":14.705},{"_mousePosition":[788,373],"_rootPartCFrame":[762.06,222.7,46.814,0.024,0,1,0,1,0,-1,0,0.024],"_humanoidState":8,"_cameraCFrame":[772.723,234.326,46.863,0.005,-0.689,0.725,0,0.725,0.689,-1,-0.003,0.003],"_shiftlockState":false,"_pose":"Standing","_animationQueue":[],"_animationSpeed":1,"_zoom":14.705},{"_mousePosition":[788,373],"_rootPartCFrame":[762.06,222.7,46.814,0.024,0,1,0,1,0,-1,0,0.024],"_humanoidState":8,"_cameraCFrame":[772.699,234.352,46.852,0.004,-0.69,0.723,0,0.723,0.69,-1,-0.002,0.003],"_shiftlockState":false,"_pose":"Standing","_animationQueue":[],"_animationSpeed":1,"_zoom":14.705},{"_mousePosition":[788,373],"_rootPartCFrame":[762.06,222.7,46.814,0.024,0,1,0,1,0,-1,0,0.024],"_humanoidState":8,"_cameraCFrame":[772.674,234.378,46.841,0.003,-0.692,0.722,0,0.722,0.692,-1,-0.002,0.002],"_shiftlockState":false,"_pose":"Standing","_animationQueue":[],"_animationSpeed":1,"_zoom":14.705},{"_mousePosition":[788,373],"_rootPartCFrame":[762.06,222.7,46.814,0.024,0,1,0,1,0,-1,0,0.024],"_humanoidState":8,"_cameraCFrame":[772.65,234.403,46.83,0.002,-0.694,0.72,0,0.72,0.694,-1,-0.001,0.001],"_shiftlockState":false,"_pose":"Standing","_animationQueue":[],"_animationSpeed":1,"_zoom":14.705},{"_mousePosition":[788,373],"_rootPartCFrame":[762.06,222.7,46.814,0.024,0,1,0,1,0,-1,0,0.024],"_humanoidState":8,"_cameraCFrame":[772.625,234.429,46.819,0,-0.696,0.718,0,0.718,0.696,-1,0,0],"_shiftlockState":false,"_pose":"Standing","_animationQueue":[],"_animationSpeed":1,"_zoom":14.705},{"_mousePosition":[788,373],"_rootPartCFrame":[762.06,222.7,46.814,0.024,0,1,0,1,0,-1,0,0.024],"_humanoidState":8,"_cameraCFrame":[772.6,234.455,46.808,-0.001,-0.697,0.717,0,0.717,0.697,-1,0,0],"_shiftlockState":false,"_pose":"Standing","_animationQueue":[],"_animationSpeed":1,"_zoom":14.705},{"_mousePosition":[788,373],"_rootPartCFrame":[762.06,222.7,46.814,0.024,0,1,0,1,0,-1,0,0.024],"_humanoidState":8,"_cameraCFrame":[772.55,234.505,46.797,-0.002,-0.701,0.713,0,0.713,0.701,-1,0.001,-0.001],"_shiftlockState":false,"_pose":"Standing","_animationQueue":[],"_animationSpeed":1,"_zoom":14.705},{"_mousePosition":[788,373],"_rootPartCFrame":[762.06,222.7,46.814,0.024,0,1,0,1,0,-1,0,0.024],"_humanoidState":8,"_cameraCFrame":[772.509,234.548,46.786,-0.003,-0.704,0.711,0,0.711,0.704,-1,0.002,-0.002],"_shiftlockState":false,"_pose":"Standing","_animationQueue":[],"_animationSpeed":1,"_zoom":14.705},{"_mousePosition":[788,373],"_rootPartCFrame":[762.06,222.7,46.814,0.024,0,1,0,1,0,-1,0,0.024],"_humanoidState":8,"_cameraCFrame":[772.442,234.615,46.775,-0.004,-0.708,0.706,0,0.706,0.708,-1,0.003,-0.003],"_shiftlockState":false,"_pose":"Standing","_animationQueue":[],"_animationSpeed":1,"_zoom":14.705},{"_mousePosition":[788,373],"_rootPartCFrame":[762.06,222.7,46.814,0.024,0,1,0,1,0,-1,0,0.024],"_humanoidState":8,"_cameraCFrame":[772.383,234.673,46.775,-0.004,-0.712,0.702,0,0.702,0.712,-1,0.003,-0.003],"_shiftlockState":false,"_pose":"Standing","_animationQueue":[],"_animationSpeed":1,"_zoom":14.705},{"_mousePosition":[788,373],"_rootPartCFrame":[762.06,222.7,46.814,0.024,0,1,0,1,0,-1,0,0.024],"_humanoidState":8,"_cameraCFrame":[772.323,234.731,46.765,-0.005,-0.716,0.698,0,0.698,0.716,-1,0.003,-0.003],"_shiftlockState":false,"_pose":"Standing","_animationQueue":[],"_animationSpeed":1,"_zoom":14.705},{"_mousePosition":[788,373],"_rootPartCFrame":[762.06,222.7,46.814,0.024,0,1,0,1,0,-1,0,0.024],"_humanoidState":8,"_cameraCFrame":[772.264,234.789,46.765,-0.005,-0.72,0.694,0,0.694,0.72,-1,0.003,-0.003],"_shiftlockState":false,"_pose":"Standing","_animationQueue":[],"_animationSpeed":1,"_zoom":14.705},{"_mousePosition":[788,373],"_rootPartCFrame":[762.06,222.7,46.814,0.024,0,1,0,1,0,-1,0,0.024],"_humanoidState":8,"_cameraCFrame":[772.204,234.847,46.765,-0.005,-0.724,0.69,0,0.69,0.724,-1,0.003,-0.003],"_shiftlockState":false,"_pose":"Standing","_animationQueue":[],"_animationSpeed":1,"_zoom":14.705},{"_mousePosition":[788,373],"_rootPartCFrame":[762.06,222.7,46.814,0.024,0,1,0,1,0,-1,0,0.024],"_humanoidState":8,"_cameraCFrame":[772.135,234.912,46.755,-0.006,-0.728,0.685,0,0.685,0.728,-1,0.004,-0.004],"_shiftlockState":false,"_pose":"Standing","_animationQueue":[],"_animationSpeed":1,"_zoom":14.705},{"_mousePosition":[788,373],"_rootPartCFrame":[762.06,222.7,46.814,0.024,0,1,0,1,0,-1,0,0.024],"_humanoidState":8,"_cameraCFrame":[772.048,234.993,46.745,-0.007,-0.734,0.679,0,0.679,0.734,-1,0.005,-0.005],"_shiftlockState":false,"_pose":"Standing","_animationQueue":[],"_animationSpeed":1,"_zoom":14.705},{"_mousePosition":[788,373],"_rootPartCFrame":[762.06,222.7,46.814,0.024,0,1,0,1,0,-1,0,0.024],"_humanoidState":8,"_cameraCFrame":[771.952,235.081,46.736,-0.008,-0.74,0.673,0,0.673,0.74,-1,0.006,-0.005],"_shiftlockState":false,"_pose":"Standing","_animationQueue":[],"_animationSpeed":1,"_zoom":14.705},{"_mousePosition":[788,373],"_rootPartCFrame":[762.06,222.7,46.814,0.024,0,1,0,1,0,-1,0,0.024],"_humanoidState":8,"_cameraCFrame":[771.837,235.184,46.726,-0.009,-0.747,0.665,0,0.665,0.747,-1,0.007,-0.006],"_shiftlockState":false,"_pose":"Standing","_animationQueue":[],"_animationSpeed":1,"_zoom":14.705},{"_mousePosition":[788,373],"_rootPartCFrame":[762.06,222.7,46.814,0.024,0,1,0,1,0,-1,0,0.024],"_humanoidState":8,"_cameraCFrame":[771.722,235.286,46.717,-0.01,-0.754,0.657,0,0.657,0.754,-1,0.008,-0.007],"_shiftlockState":false,"_pose":"Standing","_animationQueue":[],"_animationSpeed":1,"_zoom":14.705},{"_mousePosition":[788,373],"_rootPartCFrame":[762.06,222.7,46.814,0.024,0,1,0,1,0,-1,0,0.024],"_humanoidState":8,"_cameraCFrame":[771.596,235.394,46.708,-0.011,-0.761,0.648,0,0.648,0.761,-1,0.008,-0.007],"_shiftlockState":false,"_pose":"Standing","_animationQueue":[],"_animationSpeed":1,"_zoom":14.705},{"_mousePosition":[788,373],"_rootPartCFrame":[762.06,222.7,46.814,0.024,0,1,0,1,0,-1,0,0.024],"_humanoidState":8,"_cameraCFrame":[771.46,235.509,46.71,-0.011,-0.769,0.639,0,0.639,0.769,-1,0.008,-0.007],"_shiftlockState":false,"_pose":"Standing","_animationQueue":[],"_animationSpeed":1,"_zoom":14.705},{"_mousePosition":[788,373],"_rootPartCFrame":[762.06,222.7,46.814,0.024,0,1,0,1,0,-1,0,0.024],"_humanoidState":8,"_cameraCFrame":[771.294,235.644,46.712,-0.011,-0.778,0.628,0,0.628,0.778,-1,0.009,-0.007],"_shiftlockState":false,"_pose":"Standing","_animationQueue":[],"_animationSpeed":1,"_zoom":14.705},{"_mousePosition":[788,373],"_rootPartCFrame":[762.06,222.7,46.814,0.024,0,1,0,1,0,-1,0,0.024],"_humanoidState":8,"_cameraCFrame":[771.09,235.806,46.714,-0.011,-0.789,0.614,0,0.614,0.789,-1,0.009,-0.007],"_shiftlockState":false,"_pose":"Standing","_animationQueue":[],"_animationSpeed":1,"_zoom":14.705},{"_mousePosition":[788,373],"_rootPartCFrame":[762.06,222.7,46.814,0.024,0,1,0,1,0,-1,0,0.024],"_humanoidState":8,"_cameraCFrame":[770.883,235.964,46.726,-0.01,-0.8,0.6,0,0.6,0.8,-1,0.008,-0.006],"_shiftlockState":false,"_pose":"Standing","_animationQueue":[],"_animationSpeed":1,"_zoom":14.705},{"_mousePosition":[788,373],"_rootPartCFrame":[762.06,222.7,46.814,0.024,0,1,0,1,0,-1,0,0.024],"_humanoidState":8,"_cameraCFrame":[770.702,236.098,46.727,-0.01,-0.809,0.588,0,0.588,0.809,-1,0.008,-0.006],"_shiftlockState":false,"_pose":"Standing","_animationQueue":[],"_animationSpeed":1,"_zoom":14.705},{"_mousePosition":[788,373],"_rootPartCFrame":[762.06,222.7,46.814,0.024,0,1,0,1,0,-1,0,0.024],"_humanoidState":8,"_cameraCFrame":[770.528,236.222,46.738,-0.009,-0.818,0.576,0,0.576,0.818,-1,0.007,-0.005],"_shiftlockState":false,"_pose":"Standing","_animationQueue":[],"_animationSpeed":1,"_zoom":14.705},{"_mousePosition":[788,373],"_rootPartCFrame":[762.06,222.7,46.814,0.024,0,1,0,1,0,-1,0,0.024],"_humanoidState":8,"_cameraCFrame":[770.411,236.304,46.73,-0.01,-0.823,0.568,0,0.568,0.823,-1,0.008,-0.006],"_shiftlockState":false,"_pose":"Standing","_animationQueue":[],"_animationSpeed":1,"_zoom":14.705},{"_mousePosition":[788,373],"_rootPartCFrame":[762.06,222.7,46.814,0.024,0,1,0,1,0,-1,0,0.024],"_humanoidState":8,"_cameraCFrame":[770.166,236.469,46.716,-0.012,-0.834,0.551,0,0.551,0.834,-1,0.01,-0.007],"_shiftlockState":false,"_pose":"Standing","_animationQueue":[],"_animationSpeed":1,"_zoom":14.705},{"_mousePosition":[788,373],"_rootPartCFrame":[762.06,222.7,46.814,0.024,0,1,0,1,0,-1,0,0.024],"_humanoidState":8,"_cameraCFrame":[769.977,236.592,46.718,-0.012,-0.843,0.538,0,0.538,0.843,-1,0.01,-0.007],"_shiftlockState":false,"_pose":"Standing","_animationQueue":[],"_animationSpeed":1,"_zoom":14.705},{"_mousePosition":[788,373],"_rootPartCFrame":[762.06,222.7,46.814,0.024,0,1,0,1,0,-1,0,0.024],"_humanoidState":8,"_cameraCFrame":[769.756,236.731,46.721,-0.012,-0.852,0.523,0,0.523,0.852,-1,0.01,-0.006],"_shiftlockState":false,"_pose":"Standing","_animationQueue":[],"_animationSpeed":1,"_zoom":14.705},{"_mousePosition":[788,373],"_rootPartCFrame":[762.06,222.7,46.814,0.024,0,1,0,1,0,-1,0,0.024],"_humanoidState":8,"_cameraCFrame":[769.553,236.853,46.739,-0.01,-0.86,0.509,0,0.51,0.86,-1,0.009,-0.005],"_shiftlockState":false,"_pose":"Standing","_animationQueue":[],"_animationSpeed":1,"_zoom":14.705},{"_mousePosition":[788,373],"_rootPartCFrame":[761.906,222.7,46.816,0.019,0,1,0,1,0,-1,0,0.019],"_humanoidState":8,"_cameraCFrame":[769.265,236.931,46.765,-0.007,-0.866,0.5,0,0.5,0.866,-1,0.006,-0.003],"_shiftlockState":false,"_pose":"Standing","_animationQueue":[],"_animationSpeed":1,"_zoom":14.705},{"_mousePosition":[788,373],"_rootPartCFrame":[761.644,222.7,46.818,0.015,0,1,0,1,0,-1,0,0.015],"_humanoidState":8,"_cameraCFrame":[768.911,236.984,46.799,-0.003,-0.869,0.494,0,0.494,0.869,-1,0.002,-0.001],"_shiftlockState":false,"_pose":"Running","_animationQueue":[["walk",0.1]],"_animationSpeed":0.852,"_zoom":14.705},{"_mousePosition":[788,373],"_rootPartCFrame":[761.378,222.7,46.82,0.012,0,1,0,1,0,-1,0,0.012],"_humanoidState":8,"_cameraCFrame":[768.531,237.048,46.824,0,-0.874,0.486,0,0.486,0.874,-1,0,0],"_shiftlockState":false,"_pose":"Running","_animationQueue":[["walk",0.1]],"_animationSpeed":1.098,"_zoom":14.705},{"_mousePosition":[788,373],"_rootPartCFrame":[761.111,222.7,46.821,0.01,0,1,0,1,0,-1,0,0.01],"_humanoidState":8,"_cameraCFrame":[768.192,237.088,46.832,0.002,-0.876,0.482,0,0.482,0.876,-1,-0.001,0.001],"_shiftlockState":false,"_pose":"Running","_animationQueue":[],"_animationSpeed":1.098,"_zoom":14.705},{"_mousePosition":[788,373],"_rootPartCFrame":[760.844,222.7,46.821,0.009,0,1,0,1,0,-1,0,0.009],"_humanoidState":8,"_cameraCFrame":[767.841,237.134,46.832,0.002,-0.88,0.476,0,0.476,0.88,-1,-0.001,0.001],"_shiftlockState":false,"_pose":"Running","_animationQueue":[],"_animationSpeed":1.098,"_zoom":14.705},{"_mousePosition":[788,373],"_rootPartCFrame":[760.578,223.573,46.821,0.007,0,1,0,1,0,-1,0,0.007],"_humanoidState":3,"_cameraCFrame":[767.502,238.046,46.824,0,-0.882,0.471,0,0.471,0.882,-1,0,0],"_shiftlockState":false,"_pose":"Jumping","_animationQueue":[["walk",0.1],["jump",0.1]],"_animationSpeed":1,"_zoom":14.705},{"_mousePosition":[788,373],"_rootPartCFrame":[760.311,224.395,46.82,0.007,0,1,0,1,0,-1,0,0.007],"_humanoidState":5,"_cameraCFrame":[767.162,238.907,46.809,-0.002,-0.885,0.466,0,0.466,0.885,-1,0.001,-0.001],"_shiftlockState":false,"_pose":"FreeFall","_animationQueue":[["jump",0.1]],"_animationSpeed":1,"_zoom":14.705},{"_mousePosition":[788,373],"_rootPartCFrame":[759.978,225.346,46.82,0.005,0,1,0,1,0,-1,0,0.005],"_humanoidState":5,"_cameraCFrame":[766.748,239.896,45.045,-0.004,-0.887,0.461,0,0.461,0.887,-1,0.003,-0.002],"_shiftlockState":true,"_pose":"FreeFall","_animationQueue":[],"_animationSpeed":1,"_zoom":14.705},{"_mousePosition":[683,384],"_rootPartCFrame":[759.778,225.876,46.821,-0.004,0,1,0,1,0,-1,0,-0.004],"_humanoidState":5,"_cameraCFrame":[766.549,240.426,45.045,-0.004,-0.887,0.461,0,0.461,0.887,-1,0.003,-0.002],"_shiftlockState":true,"_pose":"FreeFall","_animationQueue":[],"_animationSpeed":1,"_zoom":14.705},{"_mousePosition":[683,384],"_rootPartCFrame":[759.511,226.534,46.821,-0.004,0,1,0,1,0,-1,0,-0.004],"_humanoidState":5,"_cameraCFrame":[766.236,241.106,45.032,-0.006,-0.889,0.458,0,0.458,0.889,-1,0.005,-0.003],"_shiftlockState":true,"_pose":"FreeFall","_animationQueue":[],"_animationSpeed":1,"_zoom":14.705},{"_mousePosition":[683,384],"_rootPartCFrame":[759.245,227.138,46.822,-0.006,0,1,0,1,0,-1,0,-0.006],"_humanoidState":5,"_cameraCFrame":[765.934,241.726,45.019,-0.008,-0.89,0.456,0,0.456,0.89,-1,0.007,-0.004],"_shiftlockState":true,"_pose":"FreeFall","_animationQueue":[],"_animationSpeed":1,"_zoom":14.705},{"_mousePosition":[683,384],"_rootPartCFrame":[758.978,227.688,46.824,-0.008,0,1,0,1,0,-1,0,-0.008],"_humanoidState":5,"_cameraCFrame":[765.644,242.287,45.014,-0.009,-0.891,0.454,0,0.454,0.891,-1,0.008,-0.004],"_shiftlockState":true,"_pose":"FreeFall","_animationQueue":[],"_animationSpeed":1,"_zoom":14.705},{"_mousePosition":[683,384],"_rootPartCFrame":[758.711,228.183,46.826,-0.009,0,1,0,1,0,-1,0,-0.009],"_humanoidState":5,"_cameraCFrame":[765.344,242.798,45.009,-0.01,-0.892,0.452,0,0.452,0.892,-1,0.009,-0.005],"_shiftlockState":true,"_pose":"FreeFall","_animationQueue":[],"_animationSpeed":1,"_zoom":14.705},{"_mousePosition":[683,384],"_rootPartCFrame":[758.445,228.623,46.828,-0.01,0,1,0,1,0,-1,0,-0.01],"_humanoidState":5,"_cameraCFrame":[765.055,243.249,45.005,-0.011,-0.893,0.451,0,0.451,0.893,-1,0.01,-0.005],"_shiftlockState":true,"_pose":"FreeFall","_animationQueue":[],"_animationSpeed":1,"_zoom":14.705},{"_mousePosition":[683,384],"_rootPartCFrame":[758.178,229.009,46.831,-0.011,0,1,0,1,0,-1,0,-0.011],"_humanoidState":5,"_cameraCFrame":[764.765,243.646,45.001,-0.012,-0.893,0.449,0,0.449,0.893,-1,0.011,-0.005],"_shiftlockState":true,"_pose":"FreeFall","_animationQueue":[],"_animationSpeed":1,"_zoom":14.705},{"_mousePosition":[683,384],"_rootPartCFrame":[757.912,229.341,46.834,-0.012,0,1,0,1,0,-1,0,-0.012],"_humanoidState":5,"_cameraCFrame":[764.488,243.983,45.004,-0.012,-0.894,0.449,0,0.449,0.894,-1,0.011,-0.005],"_shiftlockState":true,"_pose":"FreeFall","_animationQueue":[],"_animationSpeed":1,"_zoom":14.705},{"_mousePosition":[683,384],"_rootPartCFrame":[757.645,229.618,46.837,-0.012,0,1,0,1,0,-1,0,-0.012],"_humanoidState":5,"_cameraCFrame":[764.209,244.265,45.001,-0.013,-0.894,0.448,0,0.448,0.894,-1,0.012,-0.006],"_shiftlockState":true,"_pose":"FreeFall","_animationQueue":[],"_animationSpeed":1,"_zoom":14.705},{"_mousePosition":[683,384],"_rootPartCFrame":[757.378,229.84,46.84,-0.013,0,1,0,1,0,-1,0,-0.013],"_humanoidState":5,"_cameraCFrame":[763.931,244.493,45.004,-0.013,-0.894,0.447,0,0.447,0.894,-1,0.012,-0.006],"_shiftlockState":true,"_pose":"FreeFall","_animationQueue":[],"_animationSpeed":1,"_zoom":14.705},{"_mousePosition":[683,384],"_rootPartCFrame":[757.112,230.009,46.844,-0.013,0,1,0,1,0,-1,0,-0.013],"_humanoidState":5,"_cameraCFrame":[763.663,244.661,45.001,-0.014,-0.894,0.447,0,0.447,0.894,-1,0.013,-0.006],"_shiftlockState":true,"_pose":"FreeFall","_animationQueue":[],"_animationSpeed":1,"_zoom":14.705},{"_mousePosition":[683,384],"_rootPartCFrame":[756.845,230.122,46.847,-0.014,0,1,0,1,0,-1,0,-0.014],"_humanoidState":5,"_cameraCFrame":[763.396,244.774,45.004,-0.014,-0.894,0.447,0,0.447,0.894,-1,0.013,-0.006],"_shiftlockState":true,"_pose":"FreeFall","_animationQueue":[],"_animationSpeed":1,"_zoom":14.705},{"_mousePosition":[683,384],"_rootPartCFrame":[756.579,230.181,46.851,-0.014,0,1,0,1,0,-1,0,-0.014],"_humanoidState":5,"_cameraCFrame":[763.13,244.833,45.008,-0.014,-0.894,0.447,0,0.447,0.894,-1,0.013,-0.006],"_shiftlockState":true,"_pose":"FreeFall","_animationQueue":[],"_animationSpeed":1,"_zoom":14.705},{"_mousePosition":[683,384],"_rootPartCFrame":[756.312,230.186,46.855,-0.014,0,1,0,1,0,-1,0,-0.014],"_humanoidState":5,"_cameraCFrame":[762.863,244.838,45.012,-0.014,-0.894,0.447,0,0.447,0.894,-1,0.013,-0.006],"_shiftlockState":true,"_pose":"FreeFall","_animationQueue":[["fall",0.3]],"_animationSpeed":1,"_zoom":14.705},{"_mousePosition":[683,384],"_rootPartCFrame":[756.045,230.136,46.858,-0.014,0,1,0,1,0,-1,0,-0.014],"_humanoidState":5,"_cameraCFrame":[762.596,244.788,45.015,-0.014,-0.894,0.447,0,0.447,0.894,-1,0.013,-0.006],"_shiftlockState":true,"_pose":"FreeFall","_animationQueue":[],"_animati