[{"_mousePosition":[1004,359],"_rootPartCFrame":[776.03,222.951,47.142,0,-0.002,1,0,1,0.002,-1,0,0],"_humanoidState":8,"_cameraCFrame":[787.623,233.492,47.146,0,-0.615,0.789,0,0.789,0.615,-1,0,0],"_shiftlockState":false,"_pose":"Standing","_animationQueue":[],"_animationSpeed":1,"_zoom":14.704},{"_mousePosition":[1001,359],"_rootPartCFrame":[776.03,222.708,47.142,0,0,1,0,1,0,-1,0,0],"_humanoidState":8,"_cameraCFrame":[787.626,233.249,47.146,0,-0.615,0.789,0,0.789,0.615,-1,0,0],"_shiftlockState":false,"_pose":"Standing","_animationQueue":[],"_animationSpeed":1,"_zoom":14.704},{"_mousePosition":[989,359],"_rootPartCFrame":[776.03,222.613,47.142,0,0,1,0,1,0,-1,0,0],"_humanoidState":8,"_cameraCFrame":[787.626,233.154,47.146,0,-0.615,0.789,0,0.789,0.615,-1,0,0],"_shiftlockState":false,"_pose":"Standing","_animationQueue":[],"_animationSpeed":1,"_zoom":14.704},{"_mousePosition":[969,359],"_rootPartCFrame":[776.03,222.603,47.142,0,0,1,0,1,0,-1,0,0],"_humanoidState":8,"_cameraCFrame":[787.626,233.143,47.146,0,-0.615,0.789,0,0.789,0.615,-1,0,0],"_shiftlockState":false,"_pose":"Standing","_animationQueue":[],"_animationSpeed":1,"_zoom":14.704},{"_mousePosition":[906,352],"_rootPartCFrame":[776.03,222.633,47.142,0,0,1,0,1,0,-1,0,0],"_humanoidState":8,"_cameraCFrame":[787.626,233.173,47.146,0,-0.615,0.789,0,0.789,0.615,-1,0,0],"_shiftlockState":false,"_pose":"Standing","_animationQueue":[],"_animationSpeed":1,"_zoom":14.704},{"_mousePosition":[869,347],"_rootPartCFrame":[776.03,222.661,47.142,0,0,1,0,1,0,-1,0,0],"_humanoidState":8,"_cameraCFrame":[787.626,233.202,47.146,0,-0.615,0.789,0,0.789,0.615,-1,0,0],"_shiftlockState":false,"_pose":"Standing","_animationQueue":[],"_animationSpeed":1,"_zoom":14.704},{"_mousePosition":[792,337],"_rootPartCFrame":[776.03,222.684,47.142,0,0,1,0,1,0,-1,0,0],"_humanoidState":8,"_cameraCFrame":[787.626,233.225,47.146,0,-0.615,0.789,0,0.789,0.615,-1,0,0],"_shiftlockState":false,"_pose":"Standing","_animationQueue":[],"_animationSpeed":1,"_zoom":14.704},{"_mousePosition":[758,333],"_rootPartCFrame":[776.03,222.688,47.142,0,0,1,0,1,0,-1,0,0],"_humanoidState":8,"_cameraCFrame":[787.626,233.229,47.146,0,-0.615,0.789,0,0.789,0.615,-1,0,0],"_shiftlockState":false,"_pose":"Standing","_animationQueue":[],"_animationSpeed":1,"_zoom":14.704},{"_mousePosition":[709,324],"_rootPartCFrame":[775.841,222.694,47.142,0,0,1,0,1,0,-1,0,0],"_humanoidState":8,"_cameraCFrame":[787.438,233.234,47.146,0,-0.615,0.789,0,0.789,0.615,-1,0,0],"_shiftlockState":false,"_pose":"Standing","_animationQueue":[],"_animationSpeed":1,"_zoom":14.704},{"_mousePosition":[695,321],"_rootPartCFrame":[775.576,222.696,47.142,0,0,1,0,1,0,-1,0,0],"_humanoidState":8,"_cameraCFrame":[787.173,233.237,47.146,0,-0.615,0.789,0,0.789,0.615,-1,0,0],"_shiftlockState":false,"_pose":"Running","_animationQueue":[["walk",0.1]],"_animationSpeed":1.003,"_zoom":14.704},{"_mousePosition":[686,319],"_rootPartCFrame":[775.176,222.698,47.142,0,0,1,0,1,0,-1,0,0],"_humanoidState":8,"_cameraCFrame":[786.773,233.239,47.146,0,-0.615,0.789,0,0.789,0.615,-1,0,0],"_shiftlockState":false,"_pose":"Running","_animationQueue":[["walk",0.1]],"_animationSpeed":1.101,"_zoom":14.704},{"_mousePosition":[686,319],"_rootPartCFrame":[774.91,222.699,47.142,0,0,1,0,1,0,-1,0,0],"_humanoidState":8,"_cameraCFrame":[786.506,233.24,47.146,0,-0.615,0.789,0,0.789,0.615,-1,0,0],"_shiftlockState":false,"_pose":"Running","_animationQueue":[["walk",0.1]],"_animationSpeed":1.101,"_zoom":14.704},{"_mousePosition":[686,319],"_rootPartCFrame":[774.776,222.699,47.142,0,0,1,0,1,0,-1,0,0],"_humanoidState":8,"_cameraCFrame":[786.373,233.24,47.146,0,-0.615,0.789,0,0.789,0.615,-1,0,0],"_shiftlockState":false,"_pose":"Running","_animationQueue":[],"_animationSpeed":1.101,"_zoom":14.704},{"_mousePosition":[686,319],"_rootPartCFrame":[774.51,222.699,47.142,0,0,1,0,1,0,-1,0,0],"_humanoidState":8,"_cameraCFrame":[786.106,233.24,47.146,0,-0.615,0.789,0,0.789,0.615,-1,0,0],"_shiftlockState":false,"_pose":"Running","_animationQueue":[],"_animationSpeed":1.101,"_zoom":14.704},{"_mousePosition":[686,319],"_rootPartCFrame":[774.243,222.7,47.142,0,0,1,0,1,0,-1,0,0],"_humanoidState":8,"_cameraCFrame":[785.839,233.24,47.146,0,-0.615,0.789,0,0.789,0.615,-1,0,0],"_shiftlockState":false,"_pose":"Running","_animationQueue":[],"_animationSpeed":1.101,"_zoom":14.704},{"_mousePosition":[686,319],"_rootPartCFrame":[773.976,222.7,47.142,0,0,1,0,1,0,-1,0,0],"_humanoidState":8,"_cameraCFrame":[785.573,233.24,47.146,0,-0.615,0.789,0,0.789,0.615,-1,0,0],"_shiftlockState":false,"_pose":"Running","_animationQueue":[],"_animationSpeed":1.101,"_zoom":14.704},{"_mousePosition":[686,319],"_rootPartCFrame":[773.709,222.7,47.142,0,0,1,0,1,0,-1,0,0],"_humanoidState":8,"_cameraCFrame":[785.306,233.24,47.146,0,-0.615,0.789,0,0.789,0.615,-1,0,0],"_shiftlockState":false,"_pose":"Running","_animationQueue":[],"_animationSpeed":1.101,"_zoom":14.704},{"_mousePosition":[686,319],"_rootPartCFrame":[773.443,222.7,47.141,0,0,1,0,1,0,-1,0,0],"_humanoidState":8,"_cameraCFrame":[785.039,233.24,47.146,0,-0.615,0.789,0,0.789,0.615,-1,0,0],"_shiftlockState":false,"_pose":"Running","_animationQueue":[],"_animationSpeed":1.101,"_zoom":14.704},{"_mousePosition":[686,319],"_rootPartCFrame":[773.365,222.7,47.141,0,0,1,0,1,0,-1,0,0],"_humanoidState":8,"_cameraCFrame":[784.961,233.24,47.145,0,-0.615,0.789,0,0.789,0.615,-1,0,0],"_shiftlockState":false,"_pose":"Running","_animationQueue":[["walk",0.1]],"_animationSpeed":1.101,"_zoom":14.704},{"_mousePosition":[686,319],"_rootPartCFrame":[773.363,222.7,47.141,0,0,1,0,1,0,-1,0,0],"_humanoidState":8,"_cameraCFrame":[784.959,233.24,47.145,0,-0.615,0.789,0,0.789,0.615,-1,0,0],"_shiftlockState":false,"_pose":"Running","_animationQueue":[["walk",0.1]],"_animationSpeed":0.1,"_zoom":14.704},{"_mousePosition":[686,319],"_rootPartCFrame":[773.363,222.7,47.141,0,0,1,0,1,0,-1,0,0],"_humanoidState":8,"_cameraCFrame":[784.959,233.24,47.145,0,-0.615,0.789,0,0.789,0.615,-1,0,0],"_shiftlockState":false,"_pose":"Standing","_animationQueue":[["idle",0.1]],"_animationSpeed":1,"_zoom":14.704},{"_mousePosition":[686,319],"_rootPartCFrame":[773.363,222.7,47.141,0,0,1,0,1,0,-1,0,0],"_humanoidState":8,"_cameraCFrame":[784.959,233.24,47.145,0,-0.615,0.789,0,0.789,0.615,-1,0,0],"_shiftlockState":false,"_pose":"Standing","_animationQueue":[],"_animationSpeed":1,"_zoom":14.704},{"_mousePosition":[686,319],"_rootPartCFrame":[773.363,222.7,47.141,0,0,1,0,1,0,-1,0,0],"_humanoidState":8,"_cameraCFrame":[784.959,233.24,47.145,0,-0.615,0.789,0,0.789,0.615,-1,0,0],"_shiftlockState":false,"_pose":"Standing","_animationQueue":[],"_animationSpeed":1,"_zoom":14.704},{"_mousePosition":[686,319],"_rootPartCFrame":[773.363,222.7,47.141,0,0,1,0,1,0,-1,0,0],"_humanoidState":8,"_cameraCFrame":[784.959,233.24,47.145,0,-0.615,0.789,0,0.789,0.615,-1,0,0],"_shiftlockState":false,"_pose":"Standing","_animationQueue":[],"_animationSpeed":1,"_zoom":14.704},{"_mousePosition":[686,319],"_rootPartCFrame":[773.363,222.7,47.141,0,0,1,0,1,0,-1,0,0],"_humanoidState":8,"_cameraCFrame":[784.959,233.24,47.145,0,-0.615,0.789,0,0.789,0.615,-1,0,0],"_shiftlockState":false,"_pose":"Standing","_animationQueue":[],"_animationSpeed":1,"_zoom":14.704},{"_mousePosition":[686,319],"_rootPartCFrame":[773.363,222.7,47.141,0,0,1,0,1,0,-1,0,0],"_humanoidState":8,"_cameraCFrame":[784.959,233.24,47.145,0,-0.615,0.789,0,0.789,0.615,-1,0,0],"_shiftlockState":false,"_pose":"Standing","_animationQueue":[],"_animationSpeed":1,"_zoom":14.704},{"_mousePosition":[686,319],"_rootPartCFrame":[773.363,222.7,47.141,0,0,1,0,1,0,-1,0,0],"_humanoidState":8,"_cameraCFrame":[784.96,233.24,45.395,0,-0.615,0.789,0,0.789,0.615,-1,0,0],"_shiftlockState":true,"_pose":"Standing","_animationQueue":[],"_animationSpeed":1,"_zoom":14.704},{"_mousePosition":[683,384],"_rootPartCFrame":[773.363,222.7,47.141,0,0,1,0,1,0,-1,0,0],"_humanoidState":8,"_cameraCFrame":[784.96,233.24,45.395,0,-0.615,0.789,0,0.789,0.615,-1,0,0],"_shiftlockState":true,"_pose":"Standing","_animationQueue":[],"_animationSpeed":1,"_zoom":14.704},{"_mousePosition":[683,384],"_rootPartCFrame":[773.363,222.7,47.141,0,0,1,0,1,0,-1,0,0],"_humanoidState":8,"_cameraCFrame":[784.96,233.24,45.395,0,-0.615,0.789,0,0.789,0.615,-1,0,0],"_shiftlockState":true,"_pose":"Standing","_animationQueue":[],"_animationSpeed":1,"_zoom":14.704},{"_mousePosition":[683,384],"_rootPartCFrame":[773.363,222.7,47.141,0,0,1,0,1,0,-1,0,0],"_humanoidState":8,"_cameraCFrame":[784.96,233.24,45.395,0,-0.615,0.789,0,0.789,0.615,-1,0,0],"_shiftlockState":true,"_pose":"Standing","_animationQueue":[],"_animationSpeed":1,"_zoom":14.704},{"_mousePosition":[683,384],"_rootPartCFrame":[773.363,222.7,47.141,0,0,1,0,1,0,-1,0,0],"_humanoidState":8,"_cameraCFrame":[784.96,233.24,45.395,0,-0.615,0.789,0,0.789,0.615,-1,0,0],"_shiftlockState":true,"_pose":"Standing","_animationQueue":[],"_animationSpeed":1,"_zoom":14.704},{"_mousePosition":[683,384],"_rootPartCFrame":[773.363,222.7,47.141,0,0,1,0,1,0,-1,0,0],"_humanoidState":8,"_cameraCFrame":[784.96,233.24,45.395,0,-0.615,0.789,0,0.789,0.615,-1,0,0],"_shiftlockState":true,"_pose":"Standing","_animationQueue":[],"_animationSpeed":1,"_zoom":14.704},{"_mousePosition":[683,384],"_rootPartCFrame":[773.363,222.7,47.141,0,0,1,0,1,0,-1,0,0],"_humanoidState":8,"_cameraCFrame":[784.96,233.24,45.395,0,-0.615,0.789,0,0.789,0.615,-1,0,0],"_shiftlockState":true,"_pose":"Standing","_animationQueue":[],"_animationSpeed":1,"_zoom":14.704},{"_mousePosition":[683,384],"_rootPartCFrame":[773.363,222.7,47.141,0,0,1,0,1,0,-1,0,0],"_humanoidState":8,"_cameraCFrame":[784.96,233.24,45.395,0,-0.615,0.789,0,0.789,0.615,-1,0,0],"_shiftlockState":true,"_pose":"Standing","_animationQueue":[],"_animationSpeed":1,"_zoom":14.704},{"_mousePosition":[683,384],"_rootPartCFrame":[773.363,222.7,47.141,0,0,1,0,1,0,-1,0,0],"_humanoidState":8,"_cameraCFrame":[784.96,233.24,45.395,0,-0.615,0.789,0,0.789,0.615,-1,0,0],"_shiftlockState":true,"_pose":"Standing","_animationQueue":[],"_animationSpeed":1,"_zoom":14.704},{"_mousePosition":[683,384],"_rootPartCFrame":[773.363,222.7,47.141,0,0,1,0,1,0,-1,0,0],"_humanoidState":8,"_cameraCFrame":[784.96,233.24,45.395,0,-0.615,0.789,0,0.789,0.615,-1,0,0],"_shiftlockState":true,"_pose":"Standing","_animationQueue":[],"_animationSpeed":1,"_zoom":14.704},{"_mousePosition":[683,384],"_rootPartCFrame":[773.363,222.7,47.141,0,0,1,0,1,0,-1,0,0],"_humanoidState":8,"_cameraCFrame":[784.96,233.24,45.395,0,-0.615,0.789,0,0.789,0.615,-1,0,0],"_shiftlockState":true,"_pose":"Standing","_animationQueue":[],"_animationSpeed":1,"_zoom":14.704},{"_mousePosition":[683,384],"_rootPartCFrame":[773.363,222.7,47.141,0,0,1,0,1,0,-1,0,0],"_humanoidState":8,"_cameraCFrame":[784.96,233.24,45.395,0,-0.615,0.789,0,0.789,0.615,-1,0,0],"_shiftlockState":true,"_pose":"Standing","_animationQueue":[],"_animationSpeed":1,"_zoom":14.704},{"_mousePosition":[683,384],"_rootPartCFrame":[773.363,222.7,47.141,0,0,1,0,1,0,-1,0,0],"_humanoidState":8,"_cameraCFrame":[784.96,233.24,45.395,0,-0.615,0.789,0,0.789,0.615,-1,0,0],"_shiftlockState":true,"_pose":"Standing","_animationQueue":[],"_animationSpeed":1,"_zoom":14.704},{"_mousePosition":[683,384],"_rootPartCFrame":[773.363,222.7,47.141,0,0,1,0,1,0,-1,0,0],"_humanoidState":8,"_cameraCFrame":[784.96,233.24,45.395,0,-0.615,0.789,0,0.789,0.615,-1,0,0],"_shiftlockState":true,"_pose":"Standing","_animationQueue":[],"_animationSpeed":1,"_zoom":14.704},{"_mousePosition":[683,384],"_rootPartCFrame":[773.363,222.7,47.141,0,0,1,0,1,0,-1,0,0],"_humanoidState":8,"_cameraCFrame":[784.96,233.24,45.395,0,-0.615,0.789,0,0.789,0.615,-1,0,0],"_shiftlockState":true,"_pose":"Standing","_animationQueue":[],"_animationSpeed":1,"_zoom":14.704},{"_mousePosition":[683,384],"_rootPartCFrame":[773.363,222.7,47.141,0,0,1,0,1,0,-1,0,0],"_humanoidState":8,"_cameraCFrame":[784.96,233.24,45.395,0,-0.615,0.789,0,0.789,0.615,-1,0,0],"_shiftlockState":true,"_pose":"Standing","_animationQueue":[],"_animationSpeed":1,"_zoom":14.704},{"_mousePosition":[683,384],"_rootPartCFrame":[773.363,222.7,47.141,0,0,1,0,1,0,-1,0,0],"_humanoidState":8,"_cameraCFrame":[784.96,233.24,45.395,0,-0.615,0.789,0,0.789,0.615,-1,0,0],"_shiftlockState":true,"_pose":"Standing","_animationQueue":[],"_animationSpeed":1,"_zoom":14.704},{"_mousePosition":[683,384],"_rootPartCFrame":[773.363,222.7,47.141,0,0,1,0,1,0,-1,0,0],"_humanoidState":8,"_cameraCFrame":[784.96,233.24,45.395,0,-0.615,0.789,0,0.789,0.615,-1,0,0],"_shiftlockState":true,"_pose":"Standing","_animationQueue":[],"_animationSpeed":1,"_zoom":14.704},{"_mousePosition":[683,384],"_rootPartCFrame":[773.363,222.7,47.141,0,0,1,0,1,0,-1,0,0],"_humanoidState":8,"_cameraCFrame":[784.96,233.24,45.395,0,-0.615,0.789,0,0.789,0.615,-1,0,0],"_shiftlockState":true,"_pose":"Standing","_animationQueue":[],"_animationSpeed":1,"_zoom":14.704},{"_mousePosition":[683,384],"_rootPartCFrame":[773.363,222.7,47.141,0,0,1,0,1,0,-1,0,0],"_humanoidState":8,"_cameraCFrame":[784.96,233.24,45.395,0,-0.615,0.789,0,0.789,0.615,-1,0,0],"_shiftlockState":true,"_pose":"Standing","_animationQueue":[],"_animationSpeed":1,"_zoom":14.704},{"_mousePosition":[683,384],"_rootPartCFrame":[773.363,222.7,47.141,0,0,1,0,1,0,-1,0,0],"_humanoidState":8,"_cameraCFrame":[784.96,233.24,45.395,0,-0.615,0.789,0,0.789,0.615,-1,0,0],"_shiftlockState":true,"_pose":"Standing","_animationQueue":[],"_animationSpeed":1,"_zoom":14.704},{"_mousePosition":[683,384],"_rootPartCFrame":[773.363,222.7,47.141,0,0,1,0,1,0,-1,0,0],"_humanoidState":8,"_cameraCFrame":[784.96,233.24,45.395,0,-0.615,0.789,0,0.789,0.615,-1,0,0],"_shiftlockState":true,"_pose":"Standing","_animationQueue":[],"_animationSpeed":1,"_zoom":14.704},{"_mousePosition":[683,384],"_rootPartCFrame":[773.363,222.7,47.141,0,0,1,0,1,0,-1,0,0],"_humanoidState":8,"_cameraCFrame":[784.96,233.24,45.395,0,-0.615,0.789,0,0.789,0.615,-1,0,0],"_shiftlockState":true,"_pose":"Standing","_animationQueue":[],"_animationSpeed":1,"_zoom":14.704},{"_mousePosition":[683,384],"_rootPartCFrame":[773.363,222.7,47.141,0,0,1,0,1,0,-1,0,0],"_humanoidState":8,"_cameraCFrame":[784.96,233.24,45.395,0,-0.615,0.789,0,0.789,0.615,-1,0,0],"_shiftlockState":true,"_pose":"Standing","_animationQueue":[],"_animationSpeed":1,"_zoom":14.704},{"_mousePosition":[683,384],"_rootPartCFrame":[773.363,222.7,47.141,0,0,1,0,1,0,-1,0,0],"_humanoidState":8,"_cameraCFrame":[784.96,233.24,45.395,0,-0.615,0.789,0,0.789,0.615,-1,0,0],"_shiftlockState":true,"_pose":"Standing","_animationQueue":[],"_animationSpeed":1,"_zoom":14.704},{"_mousePosition":[683,384],"_rootPartCFrame":[773.363,222.7,47.141,0,0,1,0,1,0,-1,0,0],"_humanoidState":8,"_cameraCFrame":[784.96,233.24,45.395,0,-0.615,0.789,0,0.789,0.615,-1,0,0],"_shiftlockState":true,"_pose":"Standing","_animationQueue":[],"_animationSpeed":1,"_zoom":14.704},{"_mousePosition":[683,384],"_rootPartCFrame":[773.363,222.7,47.141,0,0,1,0,1,0,-1,0,0],"_humanoidState":8,"_cameraCFrame":[784.96,233.24,45.395,0,-0.615,0.789,0,0.789,0.615,-1,0,0],"_shiftlockState":true,"_pose":"Standing","_animationQueue":[],"_animationSpeed":1,"_zoom":14.704},{"_mousePosition":[683,384],"_rootPartCFrame":[773.363,222.7,47.141,0,0,1,0,1,0,-1,0,0],"_humanoidState":8,"_cameraCFrame":[784.96,233.24,45.395,0,-0.615,0.789,0,0.789,0.615,-1,0,0],"_shiftlockState":true,"_pose":"Standing","_animationQueue":[],"_animationSpeed":1,"_zoom":14.704},{"_mousePosition":[683,384],"_rootPartCFrame":[773.363,222.7,47.141,0,0,1,0,1,0,-1,0,0],"_humanoidState":8,"_cameraCFrame":[784.96,233.24,45.395,0,-0.615,0.789,0,0.789,0.615,-1,0,0],"_shiftlockState":true,"_pose":"Standing","_animationQueue":[],"_animationSpeed":1,"_zoom":14.704},{"_mousePosition":[683,384],"_rootPartCFrame":[773.363,222.7,47.141,0,0,1,0,1,0,-1,0,0],"_humanoidState":8,"_cameraCFrame":[784.96,233.24,45.395,0,-0.615,0.789,0,0.789,0.615,-1,0,0],"_shiftlockState":true,"_pose":"Standing","_animationQueue":[],"_animationSpeed":1,"_zoom":14.704},{"_mousePosition":[683,384],"_rootPartCFrame":[773.363,222.7,47.141,0,0,1,0,1,0,-1,0,0],"_humanoidState":8,"_cameraCFrame":[784.96,233.24,45.395,0,-0.615,0.789,0,0.789,0.615,-1,0,0],"_shiftlockState":true,"_pose":"Standing","_animationQueue":[],"_animationSpeed":1,"_zoom":14.704},{"_mousePosition":[683,384],"_rootPartCFrame":[773.363,222.7,47.141,0,0,1,0,1,0,-1,0,0],"_humanoidState":8,"_cameraCFrame":[784.96,233.24,45.395,0,-0.615,0.789,0,0.789,0.615,-1,0,0],"_shiftlockState":true,"_pose":"Standing","_animationQueue":[],"_animationSpeed":1,"_zoom":14.704},{"_mousePosition":[683,384],"_rootPartCFrame":[773.363,222.7,47.141,0,0,1,0,1,0,-1,0,0],"_humanoidState":8,"_cameraCFrame":[784.96,233.24,45.395,0,-0.615,0.789,0,0.789,0.615,-1,0,0],"_shiftlockState":true,"_pose":"Standing","_animationQueue":[],"_animationSpeed":1,"_zoom":14.704},{"_mousePosition":[683,384],"_rootPartCFrame":[773.363,222.7,47.141,0,0,1,0,1,0,-1,0,0],"_humanoidState":8,"_cameraCFrame":[784.96,233.24,45.395,0,-0.615,0.789,0,0.789,0.615,-1,0,0],"_shiftlockState":true,"_pose":"Standing","_animationQueue":[],"_animationSpeed":1,"_zoom":14.704},{"_mousePosition":[683,384],"_rootPartCFrame":[773.363,222.7,47.141,0,0,1,0,1,0,-1,0,0],"_humanoidState":8,"_cameraCFrame":[784.96,233.24,45.395,0,-0.615,0.789,0,0.789,0.615,-1,0,0],"_shiftlockState":true,"_pose":"Standing","_animationQueue":[],"_animationSpeed":1,"_zoom":14.704},{"_mousePosition":[683,384],"_rootPartCFrame":[773.363,222.7,47.141,0,0,1,0,1,0,-1,0,0],"_humanoidState":8,"_cameraCFrame":[784.96,233.24,45.395,0,-0.615,0.789,0,0.789,0.615,-1,0,0],"_shiftlockState":true,"_pose":"Standing","_animationQueue":[],"_animationSpeed":1,"_zoom":14.704},{"_mousePosition":[683,384],"_rootPartCFrame":[773.363,222.7,47.141,0,0,1,0,1,0,-1,0,0],"_humanoidState":8,"_cameraCFrame":[784.96,233.24,45.395,0,-0.615,0.789,0,0.789,0.615,-1,0,0],"_shiftlockState":true,"_pose":"Standing","_animationQueue":[],"_animationSpeed":1,"_zoom":14.704},{"_mousePosition":[683,384],"_rootPartCFrame":[773.363,222.7,47.141,0,0,1,0,1,0,-1,0,0],"_humanoidState":8,"_cameraCFrame":[784.96,233.24,45.395,0,-0.615,0.789,0,0.789,0.615,-1,0,0],"_shiftlockState":true,"_pose":"Standing","_animationQueue":[],"_animationSpeed":1,"_zoom":14.704},{"_mousePosition":[683,384],"_rootPartCFrame":[773.363,222.7,47.141,0,0,1,0,1,0,-1,0,0],"_humanoidState":8,"_cameraCFrame":[784.96,233.24,45.395,0,-0.615,0.789,0,0.789,0.615,-1,0,0],"_shiftlockState":true,"_pose":"Standing","_animationQueue":[],"_animationSpeed":1,"_zoom":14.704},{"_mousePosition":[683,384],"_rootPartCFrame":[773.363,222.7,47.141,0,0,1,0,1,0,-1,0,0],"_humanoidState":8,"_cameraCFrame":[784.96,233.24,45.395,0,-0.615,0.789,0,0.789,0.615,-1,0,0],"_shiftlockState":true,"_pose":"Standing","_animationQueue":[],"_animationSpeed":1,"_zoom":14.704},{"_mousePosition":[683,384],"_rootPartCFrame":[773.363,222.7,47.141,0,0,1,0,1,0,-1,0,0],"_humanoidState":8,"_cameraCFrame":[784.96,233.24,45.395,0,-0.615,0.789,0,0.789,0.615,-1,0,0],"_shiftlockState":true,"_pose":"Standing","_animationQueue":[],"_animationSpeed":1,"_zoom":14.704},{"_mousePosition":[683,384],"_rootPartCFrame":[773.363,222.7,47.141,0,0,1,0,1,0,-1,0,0],"_humanoidState":8,"_cameraCFrame":[784.959,233.24,47.145,0,-0.615,0.789,0,0.789,0.615,-1,0,0],"_shiftlockState":false,"_pose":"Standing","_animationQueue":[],"_animationSpeed":1,"_zoom":14.704},{"_mousePosition":[683,384],"_rootPartCFrame":[773.363,222.7,47.141,0,0,1,0,1,0,-1,0,0],"_humanoidState":8,"_cameraCFrame":[784.959,233.24,47.145,0,-0.615,0.789,0,0.789,0.615,-1,0,0],"_shiftlockState":false,"_pose":"Standing","_animationQueue":[],"_animationSpeed":1,"_zoom":14.704},{"_mousePosition":[683,384],"_rootPartCFrame":[773.363,222.7,47.141,0,0,1,0,1,0,-1,0,0],"_humanoidState":8,"_cameraCFrame":[784.959,233.24,47.145,0,-0.615,0.789,0,0.789,0.615,-1,0,0],"_shiftlockState":false,"_pose":"Standing","_animationQueue":[],"_animationSpeed":1,"_zoom":14.704},{"_mousePosition":[683,384],"_rootPartCFrame":[773.363,222.7,47.141,0,0,1,0,1,0,-1,0,0],"_humanoidState":8,"_cameraCFrame":[784.959,233.24,47.145,0,-0.615,0.789,0,0.789,0.615,-1,0,0],"_shiftlockState":false,"_pose":"Standing","_animationQueue":[],"_animationSpeed":1,"_zoom":14.704},{"_mousePosition":[683,384],"_rootPartCFrame":[773.363,222.7,47.141,0,0,1,0,1,0,-1,0,0],"_humanoidState":8,"_cameraCFrame":[784.959,233.24,47.145,0,-0.615,0.789,0,0.789,0.615,-1,0,0],"_shiftlockState":false,"_pose":"Standing","_animationQueue":[],"_animationSpeed":1,"_zoom":14.704},{"_mousePosition":[683,384],"_rootPartCFrame":[773.363,222.7,47.141,0,0,1,0,1,0,-1,0,0],"_humanoidState":8,"_cameraCFrame":[784.959,233.24,47.145,0,-0.615,0.789,0,0.789,0.615,-1,0,0],"_shiftlockState":false,"_pose":"Standing","_animationQueue":[],"_animationSpeed":1,"_zoom":14.704},{"_mousePosition":[683,384],"_rootPartCFrame":[773.363,222.7,47.141,0,0,1,0,1,0,-1,0,0],"_humanoidState":8,"_cameraCFrame":[784.959,233.24,47.145,0,-0.615,0.789,0,0.789,0.615,-1,0,0],"_shiftlockState":false,"_pose":"Standing","_animationQueue":[],"_animationSpeed":1,"_zoom":14.704},{"_mousePosition":[683,384],"_rootPartCFrame":[773.363,222.7,47.141,0,0,1,0,1,0,-1,0,0],"_humanoidState":8,"_cameraCFrame":[784.959,233.24,47.145,0,-0.615,0.789,0,0.789,0.615,-1,0,0],"_shiftlockState":false,"_pose":"Standing","_animationQueue":[],"_animationSpeed":1,"_zoom":14.704},{"_mousePosition":[683,384],"_rootPartCFrame":[773.363,222.7,47.141,0,0,1,0,1,0,-1,0,0],"_humanoidState":8,"_cameraCFrame":[784.959,233.24,47.145,0,-0.615,0.789,0,0.789,0.615,-1,0,0],"_shiftlockState":false,"_pose":"Standing","_animationQueue":[],"_animationSpeed":1,"_zoom":14.704},{"_mousePosition":[683,384],"_rootPartCFrame":[773.363,222.7,47.141,0,0,1,0,1,0,-1,0,0],"_humanoidState":8,"_cameraCFrame":[784.959,233.24,47.145,0,-0.615,0.789,0,0.789,0.615,-1,0,0],"_shiftlockState":false,"_pose":"Standing","_animationQueue":[],"_animationSpeed":1,"_zoom":14.704},{"_mousePosition":[683,384],"_rootPartCFrame":[773.363,222.7,47.141,0,0,1,0,1,0,-1,0,0],"_humanoidState":8,"_cameraCFrame":[784.959,233.24,47.145,0,-0.615,0.789,0,0.789,0.615,-1,0,0],"_shiftlockState":false,"_pose":"Standing","_animationQueue":[],"_animationSpeed":1,"_zoom":14.704},{"_mousePosition":[683,384],"_rootPartCFrame":[773.363,222.7,47.141,0,0,1,0,1,0,-1,0,0],"_humanoidState":8,"_cameraCFrame":[784.959,233.24,47.145,0,-0.615,0.789,0,0.789,0.615,-1,0,0],"_shiftlockState":false,"_pose":"Standing","_animationQueue":[],"_animationSpeed":1,"_zoom":14.704},{"_mousePosition":[683,384],"_rootPartCFrame":[773.363,222.7,47.141,0,0,1,0,1,0,-1,0,0],"_humanoidState":8,"_cameraCFrame":[784.959,233.24,47.145,0,-0.615,0.789,0,0.789,0.615,-1,0,0],"_shiftlockState":false,"_pose":"Standing","_animationQueue":[],"_animationSpeed":1,"_zoom":14.704},{"_mousePosition":[683,384],"_rootPartCFrame":[773.363,222.7,47.141,0,0,1,0,1,0,-1,0,0],"_humanoidState":8,"_cameraCFrame":[784.959,233.24,47.145,0,-0.615,0.789,0,0.789,0.615,-1,0,0],"_shiftlockState":false,"_pose":"Standing","_animationQueue":[["idle",0]],"_animationSpeed":1,"_zoom":14.704},{"_mousePosition":[683,384],"_rootPartCFrame":[773.363,222.7,47.141,0,0,1,0,1,0,-1,0,0],"_humanoidState":8,"_cameraCFrame":[784.959,233.24,47.145,0,-0.615,0.789,0,0.789,0.615,-1,0,0],"_shiftlockState":false,"_pose":"Standing","_animationQueue":[],"_animationSpeed":1,"_zoom":14.704},{"_mousePosition":[683,384],"_rootPartCFrame":[773.363,222.7,47.141,0,0,1,0,1,0,-1,0,0],"_humanoidState":8,"_cameraCFrame":[784.959,233.24,47.145,0,-0.615,0.789,0,0.789,0.615,-1,0,0],"_shiftlockState":false,"_pose":"Standing","_animationQueue":[],"_animationSpeed":1,"_zoom":14.704},{"_mousePosition":[683,384],"_rootPartCFrame":[773.363,222.7,47.141,0,0,1,0,1,0,-1,0,0],"_humanoidState":8,"_cameraCFrame":[784.959,233.24,47.145,0,-0.615,0.789,0,0.789,0.615,-1,0,0],"_shiftlockState":false,"_pose":"Standing","_animationQueue":[],"_animationSpeed":1,"_zoom":14.704},{"_mousePosition":[683,384],"_rootPartCFrame":[773.363,222.7,47.141,0,0,1,0,1,0,-1,0,0],"_humanoidState":8,"_cameraCFrame":[784.959,233.24,47.145,0,-0.615,0.789,0,0.789,0.615,-1,0,0],"_shiftlockState":false,"_pose":"Standing","_animationQueue":[],"_animationSpeed":1,"_zoom":14.704},{"_mousePosition":[683,384],"_rootPartCFrame":[773.363,222.7,47.141,0,0,1,0,1,0,-1,0,0],"_humanoidState":8,"_cameraCFrame":[784.959,233.24,47.145,0,-0.615,0.789,0,0.789,0.615,-1,0,0],"_shiftlockState":false,"_pose":"Standing","_animationQueue":[],"_animationSpeed":1,"_zoom":14.704},{"_mousePosition":[683,384],"_rootPartCFrame":[773.363,222.7,47.141,0,0,1,0,1,0,-1,0,0],"_humanoidState":8,"_cameraCFrame":[784.959,233.24,47.145,0,-0.615,0.789,0,0.789,0.615,-1,0,0],"_shiftlockState":false,"_pose":"Standing","_animationQueue":[],"_animationSpeed":1,"_zoom":14.704},{"_mousePosition":[683,384],"_rootPartCFrame":[773.363,222.7,47.141,0,0,1,0,1,0,-1,0,0],"_humanoidState":8,"_cameraCFrame":[784.959,233.24,47.145,0,-0.615,0.789,0,0.789,0.615,-1,0,0],"_shiftlockState":false,"_pose":"Standing","_animationQueue":[],"_animationSpeed":1,"_zoom":14.704},{"_mousePosition":[683,384],"_rootPartCFrame":[773.363,222.7,47.141,0,0,1,0,1,0,-1,0,0],"_humanoidState":8,"_cameraCFrame":[784.959,233.24,47.145,0,-0.615,0.789,0,0.789,0.615,-1,0,0],"_shiftlockState":false,"_pose":"Standing","_animationQueue":[],"_animationSpeed":1,"_zoom":14.704},{"_mousePosition":[683,384],"_rootPartCFrame":[773.363,222.7,47.141,0,0,1,0,1,0,-1,0,0],"_humanoidState":8,"_cameraCFrame":[784.959,233.24,47.145,0,-0.615,0.789,0,0.789,0.615,-1,0,0],"_shiftlockState":false,"_pose":"Standing","_animationQueue":[],"_animationSpeed":1,"_zoom":14.704},{"_mousePosition":[683,384],"_rootPartCFrame":[773.363,222.7,47.141,0,0,1,0,1,0,-1,0,0],"_humanoidState":8,"_cameraCFrame":[784.959,233.24,47.145,0,-0.615,0.789,0,0.789,0.615,-1,0,0],"_shiftlockState":false,"_pose":"Standing","_animationQueue":[],"_animationSpeed":1,"_zoom":14.704},{"_mousePosition":[683,384],"_rootPartCFrame":[773.363,222.7,47.141,0,0,1,0,1,0,-1,0,0],"_humanoidState":8,"_cameraCFrame":[784.959,233.24,47.145,0,-0.615,0.789,0,0.789,0.615,-1,0,0],"_shiftlockState":false,"_pose":"Standing","_animationQueue":[],"_animationSpeed":1,"_zoom":14.704},{"_mousePosition":[683,384],"_rootPartCFrame":[773.363,222.7,47.141,0,0,1,0,1,0,-1,0,0],"_humanoidState":8,"_cameraCFrame":[784.959,233.24,47.145,0,-0.615,0.789,0,0.789,0.615,-1,0,0],"_shiftlockState":false,"_pose":"Standing","_animationQueue":[],"_animationSpeed":1,"_zoom":14.704},{"_mousePosition":[683,384],"_rootPartCFrame":[773.363,222.7,47.141,0,0,1,0,1,0,-1,0,0],"_humanoidState":8,"_cameraCFrame":[784.966,233.231,47.145,0,-0.614,0.789,0,0.789,0.614,-1,0,0],"_shiftlockState":false,"_pose":"Standing","_animationQueue":[],"_animationSpeed":1,"_zoom":14.704},{"_mousePosition":[683,384],"_rootPartCFrame":[773.363,222.7,47.141,0,0,1,0,1,0,-1,0,0],"_humanoidState":8,"_cameraCFrame":[784.966,233.231,47.145,0,-0.614,0.789,0,0.789,0.614,-1,0,0],"_shiftlockState":false,"_pose":"Standing","_animationQueue":[],"_animationSpeed":1,"_zoom":14.704},{"_mousePosition":[683,384],"_rootPartCFrame":[773.363,222.7,47.141,0,0,1,0,1,0,-1,0,0],"_humanoidState":8,"_cameraCFrame":[784.966,233.231,47.145,0,-0.614,0.789,0,0.789,0.614,-1,0,0],"_shiftlockState":false,"_pose":"Standing","_animationQueue":[],"_animationSpeed":1,"_zoom":14.704},{"_mousePosition":[683,384],"_rootPartCFrame":[773.363,222.7,47.141,0,0,1,0,1,0,-1,0,0],"_humanoidState":8,"_cameraCFrame":[784.966,233.231,47.145,0,-0.614,0.789,0,0.789,0.614,-1,0,0],"_shiftlockState":false,"_pose":"Standing","_animationQueue":[],"_animationSpeed":1,"_zoom":14.704},{"_mousePosition":[683,384],"_rootPartCFrame":[773.363,222.7,47.141,0,0,1,0,1,0,-1,0,0],"_humanoidState":8,"_cameraCFrame":[784.966,233.231,47.145,0,-0.614,0.789,0,0.789,0.614,-1,0,0],"_shiftlockState":false,"_pose":"Standing","_animationQueue":[],"_animationSpeed":1,"_zoom":14.704},{"_mousePosition":[683,384],"_rootPartCFrame":[773.363,222.7,47.141,0,0,1,0,1,0,-1,0,0],"_humanoidState":8,"_cameraCFrame":[784.966,233.231,47.145,0,-0.614,0.789,0,0.789,0.614,-1,0,0],"_shiftlockState":false,"_pose":"Standing","_animationQueue":[],"_animationSpeed":1,"_zoom":14.704},{"_mousePosition":[683,384],"_rootPartCFrame":[773.363,222.7,47.141,0,0,1,0,1,0,-1,0,0],"_humanoidState":8,"_cameraCFrame":[784.966,233.231,47.145,0,-0.614,0.789,0,0.789,0.614,-1,0,0],"_shiftlockState":false,"_pose":"Standing","_animationQueue":[],"_animationSpeed":1,"_zoom":14.704},{"_mousePosition":[683,384],"_rootPartCFrame":[773.363,222.7,47.141,0,0,1,0,1,0,-1,0,0],"_humanoidState":8,"_cameraCFrame":[784.966,233.231,47.145,0,-0.614,0.789,0,0.789,0.614,-1,0,0],"_shiftlockState":false,"_pose":"Standing","_animationQueue":[],"_animationSpeed":1,"_zoom":14.704},{"_mousePosition":[683,384],"_rootPartCFrame":[773.363,222.7,47.141,0,0,1,0,1,0,-1,0,0],"_humanoidState":8,"_cameraCFrame":[784.966,233.231,47.145,0,-0.614,0.789,0,0.789,0.614,-1,0,0],"_shiftlockState":false,"_pose":"Standing","_animationQueue":[],"_animationSpeed":1,"_zoom":14.704},{"_mousePosition":[683,384],"_rootPartCFrame":[773.363,222.7,47.141,0,0,1,0,1,0,-1,0,0],"_humanoidState":8,"_cameraCFrame":[784.966,233.231,47.145,0,-0.614,0.789,0,0.789,0.614,-1,0,0],"_shiftlockState":false,"_pose":"Standing","_animationQueue":[],"_animationSpeed":1,"_zoom":14.704},{"_mousePosition":[683,384],"_rootPartCFrame":[773.363,222.7,47.141,0,0,1,0,1,0,-1,0,0],"_humanoidState":8,"_cameraCFrame":[784.966,233.231,47.145,0,-0.614,0.789,0,0.789,0.614,-1,0,0],"_shiftlockState":false,"_pose":"Standing","_animationQueue":[],"_animationSpeed":1,"_zoom":14.704},{"_mousePosition":[683,384],"_rootPartCFrame":[773.363,222.7,47.141,0,0,1,0,1,0,-1,0,0],"_humanoidState":8,"_cameraCFrame":[784.966,233.231,47.145,0,-0.614,0.789,0,0.789,0.614,-1,0,0],"_shiftlockState":false,"_pose":"Standing","_animationQueue":[],"_animationSpeed":1,"_zoom":14.704},{"_mousePosition":[683,384],"_rootPartCFrame":[773.363,222.7,47.141,0,0,1,0,1,0,-1,0,0],"_humanoidState":8,"_cameraCFrame":[784.966,233.231,47.145,0,-0.614,0.789,0,0.789,0.614,-1,0,0],"_shiftlockState":false,"_pose":"Standing","_animationQueue":[],"_animationSpeed":1,"_zoom":14.704},{"_mousePosition":[683,384],"_rootPartCFrame":[773.363,222.7,47.141,0,0,1,0,1,0,-1,0,0],"_humanoidState":8,"_cameraCFrame":[784.966,233.231,47.145,0,-0.614,0.789,0,0.789,0.614,-1,0,0],"_shiftlockState":false,"_pose":"Standing","_animationQueue":[],"_animationSpeed":1,"_zoom":14.704},{"_mousePosition":[683,384],"_rootPartCFrame":[773.363,222.7,47.141,0,0,1,0,1,0,-1,0,0],"_humanoidState":8,"_cameraCFrame":[784.966,233.231,47.145,0,-0.614,0.789,0,0.789,0.614,-1,0,0],"_shiftlockState":false,"_pose":"Standing","_animationQueue":[],"_animationSpeed":1,"_zoom":14.704},{"_mousePosition":[683,384],"_rootPartCFrame":[773.363,222.7,47.141,0,0,1,0,1,0,-1,0,0],"_humanoidState":8,"_cameraCFrame":[784.966,233.231,47.145,0,-0.614,0.789,0,0.789,0.614,-1,0,0],"_shiftlockState":false,"_pose":"Standing","_animationQueue":[],"_animationSpeed":1,"_zoom":14.704},{"_mousePosition":[683,384],"_rootPartCFrame":[773.363,222.7,47.141,0,0,1,0,1,0,-1,0,0],"_humanoidState":8,"_cameraCFrame":[784.966,233.231,47.145,0,-0.614,0.789,0,0.789,0.614,-1,0,0],"_shiftlockState":false,"_pose":"Standing","_animationQueue":[],"_animationSpeed":1,"_zoom":14.704},{"_mousePosition":[683,384],"_rootPartCFrame":[773.363,222.7,47.141,0,0,1,0,1,0,-1,0,0],"_humanoidState":8,"_cameraCFrame":[784.966,233.231,47.145,0,-0.614,0.789,0,0.789,0.614,-1,0,0],"_shiftlockState":false,"_pose":"Standing","_animationQueue":[],"_animationSpeed":1,"_zoom":14.704},{"_mousePosition":[683,384],"_rootPartCFrame":[773.363,222.7,47.141,0,0,1,0,1,0,-1,0,0],"_humanoidState":8,"_cameraCFrame":[784.966,233.231,47.145,0,-0.614,0.789,0,0.789,0.614,-1,0,0],"_shiftlockState":false,"_pose":"Standing","_animationQueue":[],"_animationSpeed":1,"_zoom":14.704},{"_mousePosition":[683,384],"_rootPartCFrame":[773.363,222.7,47.141,0,0,1,0,1,0,-1,0,0],"_humanoidState":8,"_cameraCFrame":[784.966,233.231,47.145,0,-0.614,0.789,0,0.789,0.614,-1,0,0],"_shiftlockState":false,"_pose":"Standing","_animationQueue":[],"_animationSpeed":1,"_zoom":14.704},{"_mousePosition":[683,384],"_rootPartCFrame":[773.363,222.7,47.141,0,0,1,0,1,0,-1,0,0],"_humanoidState":8,"_cameraCFrame":[785.01,233.175,47.17,0.002,-0.61,0.792,0,0.792,0.61,-1,-0.001,0.002],"_shiftlockState":false,"_pose":"Standing","_animationQueue":[],"_animationSpeed":1,"_zoom":14.704},{"_mousePosition":[683,384],"_rootPartCFrame":[773.363,222.7,47.141,0,0,1,0,1,0,-1,0,0],"_humanoidState":8,"_cameraCFrame":[785.124,233.024,47.195,0.005,-0.6,0.8,0,0.8,0.6,-1,-0.003,0.004],"_shiftlockState":false,"_pose":"Standing","_animationQueue":[],"_animationSpeed":1,"_zoom":14.704},{"_mousePosition":[683,384],"_rootPartCFrame":[773.363,222.7,47.141,0,0,1,0,1,0,-1,0,0],"_humanoidState":8,"_cameraCFrame":[785.251,232.852,47.195,0.005,-0.588,0.809,0,0.809,0.588,-1,-0.003,0.004],"_shiftlockState":false,"_pose":"Standing","_animationQueue":[],"_animationSpeed":1,"_zoom":14.704},{"_mousePosition":[683,384],"_rootPartCFrame":[773.363,222.7,47.141,0,0,1,0,1,0,-1,0,0],"_humanoidState":8,"_cameraCFrame":[785.389,232.659,47.209,0.006,-0.575,0.818,0,0.818,0.575,-1,-0.003,0.005],"_shiftlockState":false,"_pose":"Standing","_animationQueue":[],"_animationSpeed":1,"_zoom":14.704},{"_mousePosition":[683,384],"_rootPartCFrame":[773.363,222.7,47.141,0,0,1,0,1,0,-1,0,0],"_humanoidState":8,"_cameraCFrame":[785.517,232.474,47.197,0.005,-0.563,0.827,0,0.827,0.563,-1,-0.003,0.004],"_shiftlockState":false,"_pose":"Standing","_animationQueue":[],"_animationSpeed":1,"_zoom":14.704},{"_mousePosition":[683,384],"_rootPartCFrame":[773.363,222.7,47.141,0,0,1,0,1,0,-1,0,0],"_humanoidState":8,"_cameraCFrame":[785.643,232.287,47.197,0.005,-0.55,0.835,0,0.835,0.55,-1,-0.002,0.004],"_shiftlockState":false,"_pose":"Standing","_animationQueue":[],"_animationSpeed":1,"_zoom":14.704},{"_mousePosition":[683,384],"_rootPartCFrame":[773.363,222.7,47.141,0,0,1,0,1,0,-1,0,0],"_humanoidState":8,"_cameraCFrame":[785.746,232.128,47.198,0.005,-0.539,0.842,0,0.842,0.539,-1,-0.002,0.004],"_shiftlockState":false,"_pose":"Standing","_animationQueue":[],"_animationSpeed":1,"_zoom":14.704},{"_mousePosition":[683,384],"_rootPartCFrame":[773.363,222.7,47.141,0,0,1,0,1,0,-1,0,0],"_humanoidState":8,"_cameraCFrame":[785.835,231.987,47.198,0.005,-0.53,0.848,0,0.848,0.53,-1,-0.002,0.004],"_shiftlockState":false,"_pose":"Standing","_animationQueue":[],"_animationSpeed":1,"_zoom":14.704},{"_mousePosition":[683,384],"_rootPartCFrame":[773.363,222.7,47.141,0,0,1,0,1,0,-1,0,0],"_humanoidState":8,"_cameraCFrame":[785.897,231.887,47.198,0.005,-0.523,0.852,0,0.852,0.523,-1,-0.002,0.004],"_shiftlockState":false,"_pose":"Standing","_animationQueue":[],"_animationSpeed":1,"_zoom":14.704},{"_mousePosition":[683,384],"_rootPartCFrame":[773.363,222.7,47.141,0,0,1,0,1,0,-1,0,0],"_humanoidState":8,"_cameraCFrame":[785.934,231.826,47.198,0.005,-0.519,0.855,0,0.855,0.519,-1,-0.002,0.004],"_shiftlockState":false,"_pose":"Standing","_animationQueue":[],"_animationSpeed":1,"_zoom":14.704},{"_mousePosition":[683,384],"_rootPartCFrame":[773.363,222.7,47.141,0,0,1,0,1,0,-1,0,0],"_humanoidState":8,"_cameraCFrame":[785.953,231.795,47.199,0.005,-0.517,0.856,0,0.856,0.517,-1,-0.002,0.004],"_shiftlockState":false,"_pose":"Standing","_animationQueue":[],"_animationSpeed":1,"_zoom":14.704},{"_mousePosition":[683,384],"_rootPartCFrame":[773.363,222.7,47.141,0,0,1,0,1,0,-1,0,0],"_humanoidState":8,"_cameraCFrame":[785.953,231.795,47.199,0.005,-0.517,0.856,0,0.856,0.517,-1,-0.002,0.004],"_shiftlockState":false,"_pose":"Standing","_animationQueue":[],"_animationSpeed":1,"_zoom":14.704},{"_mousePosition":[683,384],"_rootPartCFrame":[773.363,222.7,47.141,0,0,1,0,1,0,-1,0,0],"_humanoidState":8,"_cameraCFrame":[785.953,231.795,47.199,0.005,-0.517,0.856,0,0.856,0.517,-1,-0.002,0.004],"_shiftlockState":false,"_pose":"Standing","_animationQueue":[],"_animationSpeed":1,"_zoom":14.704},{"_mousePosition":[683,384],"_rootPartCFrame":[773.363,222.7,47.141,0,0,1,0,1,0,-1,0,0],"_humanoidState":8,"_cameraCFrame":[785.953,231.795,47.199,0.005,-0.517,0.856,0,0.856,0.517,-1,-0.002,0.004],"_shiftlockState":false,"_pose":"Standing","_animationQueue":[],"_animationSpeed":1,"_zoom":14.704},{"_mousePosition":[683,384],"_rootPartCFrame":[773.363,222.7,47.141,0,0,1,0,1,0,-1,0,0],"_humanoidState":8,"_cameraCFrame":[785.953,231.795,47.199,0.005,-0.517,0.856,0,0.856,0.517,-1,-0.002,0.004],"_shiftlockState":false,"_pose":"Standing","_animationQueue":[],"_animationSpeed":1,"_zoom":14.704},{"_mousePosition":[683,384],"_rootPartCFrame":[773.363,222.7,47.141,0,0,1,0,1,0,-1,0,0],"_humanoidState":8,"_cameraCFrame":[785.953,231.795,47.199,0.005,-0.517,0.856,0,0.856,0.517,-1,-0.002,0.004],"_shiftlockState":false,"_pose":"Standing","_animationQueue":[],"_animationSpeed":1,"_zoom":14.704},{"_mousePosition":[683,384],"_rootPartCFrame":[773.363,222.7,47.141,0,0,1,0,1,0,-1,0,0],"_humanoidState":8,"_cameraCFrame":[785.953,231.795,47.199,0.005,-0.517,0.856,0,0.856,0.517,-1,-0.002,0.004],"_shiftlockState":false,"_pose":"Standing","_animationQueue":[],"_animationSpeed":1,"_zoom":14.704},{"_mousePosition":[683,384],"_rootPartCFrame":[773.363,222.7,47.141,0,0,1,0,1,0,-1,0,0],"_humanoidState":8,"_cameraCFrame":[785.953,231.795,47.199,0.005,-0.517,0.856,0,0.856,0.517,-1,-0.002,0.004],"_shiftlockState":false,"_pose":"Standing","_animationQueue":[],"_animationSpeed":1,"_zoom":14.704},{"_mousePosition":[683,384],"_rootPartCFrame":[773.363,222.7,47.141,0,0,1,0,1,0,-1,0,0],"_humanoidState":8,"_cameraCFrame":[785.953,231.795,47.199,0.005,-0.517,0.856,0,0.856,0.517,-1,-0.002,0.004],"_shiftlockState":false,"_pose":"Standing","_animationQueue":[],"_animationSpeed":1,"_zoom":14.704},{"_mousePosition":[683,384],"_rootPartCFrame":[773.363,222.7,47.141,0,0,1,0,1,0,-1,0,0],"_humanoidState":8,"_cameraCFrame":[785.953,231.795,47.199,0.005,-0.517,0.856,0,0.856,0.517,-1,-0.002,0.004],"_shiftlockState":false,"_pose":"Standing","_animationQueue":[],"_animationSpeed":1,"_zoom":14.704},{"_mousePosition":[683,384],"_rootPartCFrame":[773.363,222.7,47.141,0,0,1,0,1,0,-1,0,0],"_humanoidState":8,"_cameraCFrame":[785.953,231.795,47.199,0.005,-0.517,0.856,0,0.856,0.517,-1,-0.002,0.004],"_shiftlockState":false,"_pose":"Standing","_animationQueue":[],"_animationSpeed":1,"_zoom":14.704},{"_mousePosition":[683,384],"_rootPartCFrame":[773.363,222.7,47.141,0,0,1,0,1,0,-1,0,0],"_humanoidState":8,"_cameraCFrame":[785.953,231.795,47.199,0.005,-0.517,0.856,0,0.856,0.517,-1,-0.002,0.004],"_shiftlockState":false,"_pose":"Standing","_animationQueue":[],"_animationSpeed":1,"_zoom":14.704},{"_mousePosition":[683,384],"_rootPartCFrame":[773.363,222.7,47.141,0,0,1,0,1,0,-1,0,0],"_humanoidState":8,"_cameraCFrame":[785.953,231.795,47.199,0.005,-0.517,0.856,0,0.856,0.517,-1,-0.002,0.004],"_shiftlockState":false,"_pose":"Standing","_animationQueue":[],"_animationSpeed":1,"_zoom":14.704},{"_mousePosition":[683,384],"_rootPartCFrame":[773.363,222.7,47.141,0,0,1,0,1,0,-1,0,0],"_humanoidState":8,"_cameraCFrame":[785.934,231.826,47.198,0.005,-0.519,0.855,0,0.855,0.519,-1,-0.002,0.004],"_shiftlockState":false,"_pose":"Standing","_animationQueue":[],"_animationSpeed":1,"_zoom":14.704},{"_mousePosition":[683,384],"_rootPartCFrame":[773.363,222.7,47.141,0,0,1,0,1,0,-1,0,0],"_humanoidState":8,"_cameraCFrame":[785.854,231.957,47.198,0.005,-0.528,0.849,0,0.85,0.528,-1,-0.002,0.004],"_shiftlockState":false,"_pose":"Standing","_animationQueue":[],"_animationSpeed":1,"_zoom":14.704},{"_mousePosition":[683,384],"_rootPartCFrame":[773.363,222.7,47.141,0,0,1,0,1,0,-1,0,0],"_humanoidState":8,"_cameraCFrame":[785.778,232.078,47.198,0.005,-0.536,0.844,0,0.844,0.536,-1,-0.002,0.004],"_shiftlockState":false,"_pose":"Standing","_animationQueue":[],"_animationSpeed":1,"_zoom":14.704},{"_mousePosition":[683,384],"_rootPartCFrame":[773.363,222.7,47.141,0,0,1,0,1,0,-1,0,0],"_humanoidState":8,"_cameraCFrame":[785.714,232.178,47.197,0.005,-0.543,0.84,0,0.84,0.543,-1,-0.002,0.004],"_shiftlockState":false,"_pos