[{"_mousePosition":[1220,399],"_rootPartCFrame":[775.997,222.948,47.143,-0.004,0.03,1,0,1,-0.03,-1,0,-0.004],"_humanoidState":8,"_cameraCFrame":[779.073,235.316,48.494,0.407,-0.873,0.267,0,0.292,0.956,-0.913,-0.39,0.119],"_shiftlockState":false,"_pose":"Running","_animationQueue":[["walk",0.1]],"_animationSpeed":4.633,"_zoom":11.364},{"_mousePosition":[1200,394],"_rootPartCFrame":[775.996,222.769,47.143,-0.004,0.001,1,0,1,-0.001,-1,0,-0.004],"_humanoidState":8,"_cameraCFrame":[779.027,235.137,48.494,0.407,-0.873,0.267,0,0.292,0.956,-0.913,-0.39,0.119],"_shiftlockState":false,"_pose":"Standing","_animationQueue":[["idle",0.1]],"_animationSpeed":1,"_zoom":11.364},{"_mousePosition":[1169,385],"_rootPartCFrame":[775.997,222.697,47.143,-0.004,-0.002,1,0,1,0.002,-1,0,-0.004],"_humanoidState":8,"_cameraCFrame":[779.025,235.065,48.494,0.407,-0.873,0.267,0,0.292,0.956,-0.913,-0.39,0.119],"_shiftlockState":false,"_pose":"Standing","_animationQueue":[],"_animationSpeed":1,"_zoom":11.364},{"_mousePosition":[1159,383],"_rootPartCFrame":[775.998,222.668,47.143,-0.004,-0.001,1,0,1,0.001,-1,0,-0.004],"_humanoidState":8,"_cameraCFrame":[779.026,235.037,48.494,0.407,-0.873,0.267,0,0.292,0.956,-0.913,-0.39,0.119],"_shiftlockState":false,"_pose":"Standing","_animationQueue":[],"_animationSpeed":1,"_zoom":11.364},{"_mousePosition":[1010,339],"_rootPartCFrame":[775.998,222.675,47.143,-0.004,0,1,0,1,0,-1,0,-0.004],"_humanoidState":8,"_cameraCFrame":[779.028,235.044,48.494,0.407,-0.873,0.267,0,0.292,0.956,-0.913,-0.39,0.119],"_shiftlockState":false,"_pose":"Standing","_animationQueue":[],"_animationSpeed":1,"_zoom":11.364},{"_mousePosition":[992,334],"_rootPartCFrame":[775.998,222.687,47.143,-0.004,0,1,0,1,0,-1,0,-0.004],"_humanoidState":8,"_cameraCFrame":[779.028,235.056,48.494,0.407,-0.873,0.267,0,0.292,0.956,-0.913,-0.39,0.119],"_shiftlockState":false,"_pose":"Standing","_animationQueue":[],"_animationSpeed":1,"_zoom":11.364},{"_mousePosition":[799,284],"_rootPartCFrame":[775.998,222.692,47.143,-0.004,0,1,0,1,0,-1,0,-0.004],"_humanoidState":8,"_cameraCFrame":[779.028,235.06,48.494,0.407,-0.873,0.267,0,0.292,0.956,-0.913,-0.39,0.119],"_shiftlockState":false,"_pose":"Standing","_animationQueue":[],"_animationSpeed":1,"_zoom":11.364},{"_mousePosition":[794,282],"_rootPartCFrame":[775.791,222.696,47.05,0.048,0,0.999,0,1,0,-0.999,0,0.048],"_humanoidState":8,"_cameraCFrame":[778.821,235.064,48.402,0.407,-0.873,0.267,0,0.292,0.956,-0.913,-0.39,0.119],"_shiftlockState":false,"_pose":"Standing","_animationQueue":[],"_animationSpeed":1,"_zoom":11.364},{"_mousePosition":[660,256],"_rootPartCFrame":[775.61,222.697,46.97,0.086,0,0.996,0,1,0,-0.996,0,0.086],"_humanoidState":8,"_cameraCFrame":[778.64,235.066,48.321,0.407,-0.873,0.267,0,0.292,0.956,-0.913,-0.39,0.119],"_shiftlockState":false,"_pose":"Running","_animationQueue":[["walk",0.1]],"_animationSpeed":1.066,"_zoom":11.364},{"_mousePosition":[652,255],"_rootPartCFrame":[775.305,222.699,46.834,0.143,0,0.99,0,1,0,-0.99,0,0.143],"_humanoidState":8,"_cameraCFrame":[778.335,235.067,48.185,0.407,-0.873,0.267,0,0.292,0.956,-0.913,-0.39,0.119],"_shiftlockState":false,"_pose":"Running","_animationQueue":[],"_animationSpeed":1.066,"_zoom":11.364},{"_mousePosition":[652,255],"_rootPartCFrame":[775.122,222.699,46.752,0.173,0,0.985,0,1,0,-0.985,0,0.173],"_humanoidState":8,"_cameraCFrame":[778.175,235.065,48.075,0.398,-0.877,0.269,0,0.293,0.956,-0.917,-0.38,0.116],"_shiftlockState":false,"_pose":"Running","_animationQueue":[],"_animationSpeed":1.066,"_zoom":11.364},{"_mousePosition":[652,255],"_rootPartCFrame":[774.879,222.699,46.644,0.207,0,0.978,0,1,0,-0.978,0,0.207],"_humanoidState":8,"_cameraCFrame":[777.931,235.065,47.967,0.398,-0.877,0.269,0,0.293,0.956,-0.917,-0.38,0.116],"_shiftlockState":false,"_pose":"Running","_animationQueue":[],"_animationSpeed":1.066,"_zoom":11.364},{"_mousePosition":[652,255],"_rootPartCFrame":[774.634,222.699,46.537,0.235,0,0.972,0,1,0,-0.972,0,0.235],"_humanoidState":8,"_cameraCFrame":[777.687,235.065,47.86,0.398,-0.877,0.269,0,0.293,0.956,-0.917,-0.38,0.116],"_shiftlockState":false,"_pose":"Running","_animationQueue":[],"_animationSpeed":1.066,"_zoom":11.364},{"_mousePosition":[652,255],"_rootPartCFrame":[774.39,222.7,46.431,0.258,0,0.966,0,1,0,-0.966,0,0.258],"_humanoidState":8,"_cameraCFrame":[777.442,235.065,47.754,0.398,-0.877,0.269,0,0.293,0.956,-0.917,-0.38,0.116],"_shiftlockState":false,"_pose":"Running","_animationQueue":[["walk",0.1]],"_animationSpeed":1.066,"_zoom":11.364},{"_mousePosition":[652,255],"_rootPartCFrame":[774.145,222.7,46.325,0.278,0,0.96,0,1,0,-0.96,0,0.278],"_humanoidState":8,"_cameraCFrame":[777.197,235.066,47.648,0.398,-0.877,0.269,0,0.293,0.956,-0.917,-0.38,0.116],"_shiftlockState":false,"_pose":"Running","_animationQueue":[],"_animationSpeed":1.066,"_zoom":11.364},{"_mousePosition":[652,255],"_rootPartCFrame":[773.901,222.7,46.219,0.296,0,0.955,0,1,0,-0.955,0,0.296],"_humanoidState":8,"_cameraCFrame":[776.941,235.068,47.548,0.401,-0.876,0.268,0,0.292,0.956,-0.916,-0.383,0.117],"_shiftlockState":false,"_pose":"Running","_animationQueue":[],"_animationSpeed":1.066,"_zoom":11.364},{"_mousePosition":[652,255],"_rootPartCFrame":[773.595,222.7,46.086,0.313,0,0.95,0,1,0,-0.95,0,0.313],"_humanoidState":8,"_cameraCFrame":[776.602,235.076,47.424,0.406,-0.875,0.265,0,0.29,0.957,-0.914,-0.389,0.118],"_shiftlockState":false,"_pose":"Running","_animationQueue":[],"_animationSpeed":1.066,"_zoom":11.364},{"_mousePosition":[652,255],"_rootPartCFrame":[773.35,222.7,45.98,0.325,0,0.946,0,1,0,-0.946,0,0.325],"_humanoidState":8,"_cameraCFrame":[776.336,235.082,47.323,0.41,-0.873,0.263,0,0.288,0.958,-0.912,-0.393,0.118],"_shiftlockState":false,"_pose":"Running","_animationQueue":[],"_animationSpeed":1.066,"_zoom":11.364},{"_mousePosition":[652,255],"_rootPartCFrame":[773.107,222.7,45.871,0.336,0,0.942,0,1,0,-0.942,0,0.336],"_humanoidState":8,"_cameraCFrame":[776.085,235.084,47.211,0.41,-0.874,0.262,0,0.287,0.958,-0.912,-0.393,0.118],"_shiftlockState":false,"_pose":"Running","_animationQueue":[],"_animationSpeed":1.066,"_zoom":11.364},{"_mousePosition":[652,255],"_rootPartCFrame":[772.863,222.7,45.762,0.346,0,0.938,0,1,0,-0.938,0,0.346],"_humanoidState":8,"_cameraCFrame":[775.824,235.089,47.097,0.411,-0.874,0.261,0,0.286,0.958,-0.912,-0.394,0.118],"_shiftlockState":false,"_pose":"Running","_animationQueue":[["walk",0.1]],"_animationSpeed":1.066,"_zoom":11.364},{"_mousePosition":[652,255],"_rootPartCFrame":[772.62,222.7,45.653,0.355,0,0.935,0,1,0,-0.935,0,0.355],"_humanoidState":8,"_cameraCFrame":[775.531,235.105,46.969,0.412,-0.874,0.256,0,0.281,0.96,-0.911,-0.395,0.116],"_shiftlockState":false,"_pose":"Running","_animationQueue":[],"_animationSpeed":1.066,"_zoom":11.364},{"_mousePosition":[652,255],"_rootPartCFrame":[772.377,222.7,45.543,0.363,0,0.932,0,1,0,-0.932,0,0.363],"_humanoidState":8,"_cameraCFrame":[775.239,235.12,46.841,0.413,-0.875,0.252,0,0.277,0.961,-0.911,-0.397,0.114],"_shiftlockState":false,"_pose":"Running","_animationQueue":[],"_animationSpeed":1.066,"_zoom":11.364},{"_mousePosition":[652,255],"_rootPartCFrame":[772.134,222.7,45.433,0.37,0,0.929,0,1,0,-0.929,0,0.37],"_humanoidState":8,"_cameraCFrame":[774.94,235.138,46.706,0.413,-0.877,0.247,0,0.271,0.963,-0.911,-0.398,0.112],"_shiftlockState":false,"_pose":"Running","_animationQueue":[],"_animationSpeed":1.066,"_zoom":11.364},{"_mousePosition":[652,255],"_rootPartCFrame":[771.891,222.7,45.323,0.375,0,0.927,0,1,0,-0.927,0,0.375],"_humanoidState":8,"_cameraCFrame":[774.643,235.155,46.564,0.411,-0.879,0.242,0,0.266,0.964,-0.912,-0.396,0.109],"_shiftlockState":false,"_pose":"Running","_animationQueue":[],"_animationSpeed":1.066,"_zoom":11.364},{"_mousePosition":[652,255],"_rootPartCFrame":[771.649,222.7,45.213,0.381,0,0.925,0,1,0,-0.925,0,0.381],"_humanoidState":8,"_cameraCFrame":[774.35,235.172,46.415,0.406,-0.882,0.238,0,0.26,0.966,-0.914,-0.392,0.106],"_shiftlockState":false,"_pose":"Running","_animationQueue":[],"_animationSpeed":1.066,"_zoom":11.364},{"_mousePosition":[652,255],"_rootPartCFrame":[771.406,222.7,45.103,0.385,0,0.923,0,1,0,-0.923,0,0.385],"_humanoidState":8,"_cameraCFrame":[774.043,235.193,46.253,0.4,-0.887,0.232,0,0.253,0.967,-0.917,-0.387,0.101],"_shiftlockState":false,"_pose":"Running","_animationQueue":[],"_animationSpeed":1.066,"_zoom":11.364},{"_mousePosition":[652,255],"_rootPartCFrame":[771.102,223.783,44.966,0.39,0,0.921,0,1,0,-0.921,0,0.39],"_humanoidState":3,"_cameraCFrame":[773.689,236.293,46.075,0.394,-0.891,0.228,0,0.248,0.969,-0.919,-0.382,0.098],"_shiftlockState":false,"_pose":"Jumping","_animationQueue":[["walk",0.1],["walk",0.1],["jump",0.1]],"_animationSpeed":1,"_zoom":11.364},{"_mousePosition":[652,255],"_rootPartCFrame":[770.918,224.395,44.886,0.392,0,0.92,0,1,0,-0.92,0,0.392],"_humanoidState":5,"_cameraCFrame":[773.441,236.924,45.942,0.386,-0.895,0.222,0,0.241,0.971,-0.922,-0.375,0.093],"_shiftlockState":false,"_pose":"FreeFall","_animationQueue":[["jump",0.1]],"_animationSpeed":1,"_zoom":11.364},{"_mousePosition":[652,255],"_rootPartCFrame":[770.673,225.162,44.781,0.392,0,0.92,0,1,0,-0.92,0,0.392],"_humanoidState":5,"_cameraCFrame":[773.137,237.709,45.794,0.38,-0.899,0.217,0,0.234,0.972,-0.925,-0.37,0.089],"_shiftlockState":false,"_pose":"FreeFall","_animationQueue":[],"_animationSpeed":1,"_zoom":11.364},{"_mousePosition":[652,255],"_rootPartCFrame":[770.428,225.875,44.677,0.392,0,0.92,0,1,0,-0.92,0,0.392],"_humanoidState":5,"_cameraCFrame":[772.853,238.435,45.642,0.37,-0.904,0.213,0,0.23,0.973,-0.929,-0.36,0.085],"_shiftlockState":false,"_pose":"FreeFall","_animationQueue":[],"_animationSpeed":1,"_zoom":11.364},{"_mousePosition":[652,255],"_rootPartCFrame":[770.181,226.534,44.576,0.391,0,0.92,0,1,0,-0.92,0,0.391],"_humanoidState":5,"_cameraCFrame":[772.582,239.104,45.482,0.353,-0.911,0.211,0,0.226,0.974,-0.936,-0.344,0.08],"_shiftlockState":false,"_pose":"FreeFall","_animationQueue":[],"_animationSpeed":1,"_zoom":11.364},{"_mousePosition":[652,255],"_rootPartCFrame":[769.933,227.138,44.477,0.388,0,0.921,0,1,0,-0.921,0,0.388],"_humanoidState":5,"_cameraCFrame":[772.319,239.716,45.32,0.333,-0.919,0.21,0,0.223,0.975,-0.943,-0.325,0.074],"_shiftlockState":false,"_pose":"FreeFall","_animationQueue":[],"_animationSpeed":1,"_zoom":11.364},{"_mousePosition":[652,255],"_rootPartCFrame":[769.684,227.687,44.382,0.384,0,0.923,0,1,0,-0.923,0,0.384],"_humanoidState":5,"_cameraCFrame":[772.071,240.27,45.165,0.312,-0.927,0.21,0,0.221,0.975,-0.95,-0.304,0.069],"_shiftlockState":false,"_pose":"FreeFall","_animationQueue":[],"_animationSpeed":1,"_zoom":11.364},{"_mousePosition":[652,255],"_rootPartCFrame":[769.433,228.182,44.292,0.378,0,0.926,0,1,0,-0.926,0,0.378],"_humanoidState":5,"_cameraCFrame":[771.817,240.769,45.027,0.295,-0.932,0.21,0,0.219,0.976,-0.956,-0.287,0.065],"_shiftlockState":false,"_pose":"FreeFall","_animationQueue":[],"_animationSpeed":1,"_zoom":11.364},{"_mousePosition":[652,255],"_rootPartCFrame":[769.117,228.725,44.187,0.368,0,0.93,0,1,0,-0.93,0,0.368],"_humanoidState":5,"_cameraCFrame":[771.489,241.315,44.897,0.287,-0.935,0.209,0,0.218,0.976,-0.958,-0.28,0.062],"_shiftlockState":false,"_pose":"FreeFall","_animationQueue":[],"_animationSpeed":1,"_zoom":11.364},{"_mousePosition":[652,255],"_rootPartCFrame":[768.926,229.009,44.128,0.361,0,0.933,0,1,0,-0.933,0,0.361],"_humanoidState":5,"_cameraCFrame":[771.294,241.602,44.82,0.281,-0.937,0.208,0,0.217,0.976,-0.96,-0.274,0.061],"_shiftlockState":false,"_pose":"FreeFall","_animationQueue":[],"_animationSpeed":1,"_zoom":11.364},{"_mousePosition":[652,255],"_rootPartCFrame":[768.67,229.34,44.051,0.351,0,0.936,0,1,0,-0.936,0,0.351],"_humanoidState":5,"_cameraCFrame":[771.035,241.935,44.724,0.274,-0.939,0.208,0,0.216,0.976,-0.962,-0.267,0.059],"_shiftlockState":false,"_pose":"FreeFall","_animationQueue":[],"_animationSpeed":1,"_zoom":11.364},{"_mousePosition":[652,255],"_rootPartCFrame":[768.414,229.617,43.976,0.342,0,0.94,0,1,0,-0.94,0,0.342],"_humanoidState":5,"_cameraCFrame":[770.783,242.212,44.636,0.269,-0.94,0.208,0,0.216,0.976,-0.963,-0.262,0.058],"_shiftlockState":false,"_pose":"FreeFall","_animationQueue":[],"_animationSpeed":1,"_zoom":11.364},{"_mousePosition":[652,255],"_rootPartCFrame":[768.158,229.84,43.903,0.333,0,0.943,0,1,0,-0.943,0,0.333],"_humanoidState":5,"_cameraCFrame":[770.53,242.435,44.55,0.263,-0.942,0.209,0,0.216,0.976,-0.965,-0.257,0.057],"_shiftlockState":false,"_pose":"FreeFall","_animationQueue":[],"_animationSpeed":1,"_zoom":11.364},{"_mousePosition":[652,255],"_rootPartCFrame":[767.901,230.008,43.831,0.324,0,0.946,0,1,0,-0.946,0,0.324],"_humanoidState":5,"_cameraCFrame":[770.277,242.603,44.464,0.257,-0.943,0.209,0,0.216,0.976,-0.966,-0.251,0.056],"_shiftlockState":false,"_pose":"FreeFall","_animationQueue":[],"_animationSpeed":1,"_zoom":11.364},{"_mousePosition":[652,255],"_rootPartCFrame":[767.644,230.122,43.76,0.316,0,0.949,0,1,0,-0.949,0,0.316],"_humanoidState":5,"_cameraCFrame":[770.026,242.716,44.371,0.248,-0.946,0.21,0,0.216,0.976,-0.969,-0.242,0.054],"_shiftlockState":false,"_pose":"FreeFall","_animationQueue":[],"_animationSpeed":1,"_zoom":11.364},{"_mousePosition":[652,255],"_rootPartCFrame":[767.386,230.181,43.691,0.308,0,0.951,0,1,0,-0.951,0,0.308],"_humanoidState":5,"_cameraCFrame":[769.775,242.775,44.274,0.237,-0.948,0.21,0,0.216,0.976,-0.971,-0.232,0.051],"_shiftlockState":false,"_pose":"FreeFall","_animationQueue":[],"_animationSpeed":1,"_zoom":11.364},{"_mousePosition":[652,255],"_rootPartCFrame":[767.128,230.185,43.625,0.3,0,0.954,0,1,0,-0.954,0,0.3],"_humanoidState":5,"_cameraCFrame":[769.915,242.78,42.467,0.223,-0.952,0.211,0,0.216,0.976,-0.975,-0.218,0.048],"_shiftlockState":true,"_pose":"FreeFall","_animationQueue":[],"_animationSpeed":1,"_zoom":11.364},{"_mousePosition":[683,384],"_rootPartCFrame":[766.869,230.135,43.561,0.222,0,0.975,0,1,0,-0.975,0,0.222],"_humanoidState":5,"_cameraCFrame":[769.656,242.73,42.403,0.223,-0.952,0.211,0,0.216,0.976,-0.975,-0.218,0.048],"_shiftlockState":true,"_pose":"FreeFall","_animationQueue":[],"_animationSpeed":1,"_zoom":11.364},{"_mousePosition":[683,384],"_rootPartCFrame":[766.609,230.031,43.501,0.223,0,0.975,0,1,0,-0.975,0,0.223],"_humanoidState":5,"_cameraCFrame":[769.369,242.627,42.298,0.208,-0.955,0.211,0,0.216,0.976,-0.978,-0.203,0.045],"_shiftlockState":true,"_pose":"FreeFall","_animationQueue":[],"_animationSpeed":1,"_zoom":11.364},{"_mousePosition":[683,384],"_rootPartCFrame":[766.349,229.872,43.442,0.209,0,0.978,0,1,0,-0.978,0,0.209],"_humanoidState":5,"_cameraCFrame":[769.076,242.472,42.2,0.195,-0.958,0.21,0,0.214,0.977,-0.981,-0.191,0.042],"_shiftlockState":true,"_pose":"FreeFall","_animationQueue":[],"_animationSpeed":1,"_zoom":11.364},{"_mousePosition":[683,384],"_rootPartCFrame":[766.089,229.658,43.386,0.197,0,0.98,0,1,0,-0.98,0,0.197],"_humanoidState":5,"_cameraCFrame":[768.796,242.261,42.12,0.187,-0.96,0.209,0,0.213,0.977,-0.982,-0.183,0.04],"_shiftlockState":true,"_pose":"FreeFall","_animationQueue":[["fall",0.3]],"_animationSpeed":1,"_zoom":11.364},{"_mousePosition":[683,384],"_rootPartCFrame":[765.827,229.39,43.333,0.188,0,0.982,0,1,0,-0.982,0,0.188],"_humanoidState":5,"_cameraCFrame":[768.516,241.995,42.046,0.18,-0.961,0.209,0,0.212,0.977,-0.984,-0.176,0.038],"_shiftlockState":true,"_pose":"FreeFall","_animationQueue":[],"_animationSpeed":1,"_zoom":11.364},{"_mousePosition":[683,384],"_rootPartCFrame":[765.565,229.068,43.283,0.181,0,0.984,0,1,0,-0.984,0,0.181],"_humanoidState":5,"_cameraCFrame":[768.246,241.672,41.979,0.174,-0.962,0.209,0,0.212,0.977,-0.985,-0.17,0.037],"_shiftlockState":true,"_pose":"FreeFall","_animationQueue":[],"_animationSpeed":1,"_zoom":11.364},{"_mousePosition":[683,384],"_rootPartCFrame":[765.303,228.691,43.235,0.174,0,0.985,0,1,0,-0.985,0,0.174],"_humanoidState":5,"_cameraCFrame":[767.975,241.295,41.911,0.166,-0.964,0.209,0,0.212,0.977,-0.986,-0.163,0.035],"_shiftlockState":true,"_pose":"FreeFall","_animationQueue":[],"_animationSpeed":1,"_zoom":11.364},{"_mousePosition":[683,384],"_rootPartCFrame":[765.041,228.259,43.188,0.167,0,0.986,0,1,0,-0.986,0,0.167],"_humanoidState":5,"_cameraCFrame":[767.71,240.862,41.843,0.158,-0.965,0.211,0,0.213,0.977,-0.987,-0.154,0.034],"_shiftlockState":true,"_pose":"FreeFall","_animationQueue":[],"_animationSpeed":1,"_zoom":11.364},{"_mousePosition":[683,384],"_rootPartCFrame":[764.778,227.773,43.144,0.159,0,0.987,0,1,0,-0.987,0,0.159],"_humanoidState":5,"_cameraCFrame":[767.44,240.376,41.785,0.153,-0.966,0.211,0,0.213,0.977,-0.988,-0.149,0.033],"_shiftlockState":true,"_pose":"FreeFall","_animationQueue":[],"_animationSpeed":1,"_zoom":11.364},{"_mousePosition":[683,384],"_rootPartCFrame":[764.514,227.233,43.101,0.154,0,0.988,0,1,0,-0.988,0,0.154],"_humanoidState":5,"_cameraCFrame":[767.162,239.837,41.73,0.149,-0.966,0.21,0,0.212,0.977,-0.989,-0.145,0.032],"_shiftlockState":true,"_pose":"FreeFall","_animationQueue":[],"_animationSpeed":1,"_zoom":11.364},{"_mousePosition":[683,384],"_rootPartCFrame":[764.251,226.638,43.06,0.149,0,0.989,0,1,0,-0.989,0,0.149],"_humanoidState":5,"_cameraCFrame":[766.896,239.242,41.683,0.147,-0.967,0.21,0,0.212,0.977,-0.989,-0.143,0.031],"_shiftlockState":true,"_pose":"FreeFall","_animationQueue":[["fall",0.3]],"_animationSpeed":1,"_zoom":11.364},{"_mousePosition":[683,384],"_rootPartCFrame":[763.987,225.988,43.02,0.147,0,0.989,0,1,0,-0.989,0,0.147],"_humanoidState":5,"_cameraCFrame":[766.628,238.593,41.635,0.144,-0.967,0.21,0,0.212,0.977,-0.99,-0.14,0.031],"_shiftlockState":true,"_pose":"FreeFall","_animationQueue":[],"_animationSpeed":1,"_zoom":11.364},{"_mousePosition":[683,384],"_rootPartCFrame":[763.724,225.284,42.981,0.144,0,0.99,0,1,0,-0.99,0,0.144],"_humanoidState":5,"_cameraCFrame":[766.352,237.891,41.589,0.142,-0.968,0.209,0,0.212,0.977,-0.99,-0.138,0.03],"_shiftlockState":true,"_pose":"FreeFall","_animationQueue":[],"_animationSpeed":1,"_zoom":11.364},{"_mousePosition":[683,384],"_rootPartCFrame":[763.46,224.526,42.943,0.142,0,0.99,0,1,0,-0.99,0,0.142],"_humanoidState":5,"_cameraCFrame":[766.088,237.132,41.551,0.142,-0.968,0.209,0,0.212,0.977,-0.99,-0.138,0.03],"_shiftlockState":true,"_pose":"FreeFall","_animationQueue":[],"_animationSpeed":1,"_zoom":11.364},{"_mousePosition":[683,384],"_rootPartCFrame":[763.196,223.713,42.905,0.142,0,0.99,0,1,0,-0.99,0,0.142],"_humanoidState":5,"_cameraCFrame":[765.815,236.321,41.512,0.142,-0.968,0.209,0,0.211,0.978,-0.99,-0.138,0.03],"_shiftlockState":true,"_pose":"FreeFall","_animationQueue":[],"_animationSpeed":1,"_zoom":11.364},{"_mousePosition":[683,384],"_rootPartCFrame":[762.803,222.956,42.867,0.142,0,0.99,0,1,0,-0.99,0,0.142],"_humanoidState":7,"_cameraCFrame":[765.399,235.57,41.475,0.144,-0.968,0.206,0,0.208,0.978,-0.99,-0.14,0.03],"_shiftlockState":true,"_pose":"FreeFall","_animationQueue":[["walk",0.1],["fall",0.3],["fall",0.3]],"_animationSpeed":1,"_zoom":11.364},{"_mousePosition":[683,384],"_rootPartCFrame":[762.204,222.928,42.829,0.144,0,0.99,0,1,0,-0.99,0,0.144],"_humanoidState":7,"_cameraCFrame":[764.763,235.552,41.445,0.149,-0.968,0.202,0,0.205,0.979,-0.989,-0.146,0.03],"_shiftlockState":true,"_pose":"FreeFall","_animationQueue":[],"_animationSpeed":1,"_zoom":11.364},{"_mousePosition":[683,384],"_rootPartCFrame":[761.141,223.055,42.782,0.149,0,0.989,0,1,0,-0.989,0,0.149],"_humanoidState":8,"_cameraCFrame":[763.677,235.684,41.401,0.152,-0.968,0.2,0,0.202,0.979,-0.988,-0.149,0.031],"_shiftlockState":true,"_pose":"Running","_animationQueue":[["fall",0.3],["walk",0.1],["fall",0.3],["walk",0.1]],"_animationSpeed":2.036,"_zoom":11.364},{"_mousePosition":[683,384],"_rootPartCFrame":[760.078,223.12,42.744,0.152,0,0.988,0,1,0,-0.988,0,0.152],"_humanoidState":8,"_cameraCFrame":[762.607,235.751,41.364,0.153,-0.968,0.199,0,0.201,0.98,-0.988,-0.15,0.031],"_shiftlockState":true,"_pose":"Running","_animationQueue":[["walk",0.1]],"_animationSpeed":0.977,"_zoom":11.364},{"_mousePosition":[683,384],"_rootPartCFrame":[758.81,223.156,42.704,0.153,0,0.988,0,1,0,-0.988,0,0.153],"_humanoidState":8,"_cameraCFrame":[761.339,235.787,41.325,0.153,-0.968,0.199,0,0.201,0.98,-0.988,-0.15,0.031],"_shiftlockState":true,"_pose":"Running","_animationQueue":[["walk",0.1]],"_animationSpeed":0.195,"_zoom":11.364},{"_mousePosition":[683,384],"_rootPartCFrame":[757.393,223.176,42.663,0.153,0,0.988,0,1,0,-0.988,0,0.153],"_humanoidState":8,"_cameraCFrame":[759.894,235.813,41.277,0.152,-0.969,0.197,0,0.199,0.98,-0.988,-0.149,0.03],"_shiftlockState":true,"_pose":"Running","_animationQueue":[["walk",0.1]],"_animationSpeed":0.758,"_zoom":11.364},{"_mousePosition":[683,384],"_rootPartCFrame":[755.963,223.187,42.623,0.152,0,0.988,0,1,0,-0.988,0,0.152],"_humanoidState":8,"_cameraCFrame":[758.403,235.832,41.201,0.141,-0.971,0.193,0,0.195,0.981,-0.99,-0.138,0.027],"_shiftlockState":true,"_pose":"Running","_animationQueue":[["walk",0.1]],"_animationSpeed":1.096,"_zoom":11.364},{"_mousePosition":[683,384],"_rootPartCFrame":[754.827,223.193,42.582,-0.15,0,0.989,0,1,0,-0.989,0,-0.15],"_humanoidState":8,"_cameraCFrame":[757.166,235.847,41.063,0.102,-0.976,0.19,0,0.191,0.982,-0.995,-0.1,0.02],"_shiftlockState":true,"_pose":"Running","_animationQueue":[],"_animationSpeed":1.096,"_zoom":11.364},{"_mousePosition":[683,384],"_rootPartCFrame":[755.026,223.196,42.478,-0.041,-0.02,0.999,-0.015,1,0.019,-0.999,-0.014,-0.041],"_humanoidState":8,"_cameraCFrame":[757.177,235.857,40.765,0.027,-0.982,0.188,0,0.188,0.982,-1,-0.026,0.005],"_shiftlockState":true,"_pose":"Running","_animationQueue":[["walk",0.1],["walk",0.1]],"_animationSpeed":3.41,"_zoom":11.364},{"_mousePosition":[683,384],"_rootPartCFrame":[755.055,223.198,42.371,0.033,-0.018,0.999,-0.003,1,0.018,-0.999,-0.004,0.033],"_humanoidState":8,"_cameraCFrame":[757,235.864,40.463,-0.075,-0.98,0.185,0,0.186,0.983,-0.997,0.073,-0.014],"_shiftlockState":true,"_pose":"Running","_animationQueue":[["walk",0.1]],"_animationSpeed":5.43,"_zoom":11.364},{"_mousePosition":[683,384],"_rootPartCFrame":[754.807,223.199,42.215,-0.081,-0.001,0.997,0.001,1,0.001,-0.997,0.001,-0.081],"_humanoidState":8,"_cameraCFrame":[756.517,235.869,40.095,-0.194,-0.964,0.18,0,0.184,0.983,-0.981,0.191,-0.036],"_shiftlockState":true,"_pose":"Running","_animationQueue":[["walk",0.1]],"_animationSpeed":4.672,"_zoom":11.364},{"_mousePosition":[683,384],"_rootPartCFrame":[754.893,223.184,42.133,-0.192,0.025,0.981,0.008,1,-0.024,-0.981,0.003,-0.192],"_humanoidState":8,"_cameraCFrame":[756.233,235.871,39.828,-0.33,-0.929,0.165,0,0.175,0.985,-0.944,0.325,-0.058],"_shiftlockState":true,"_pose":"Running","_animationQueue":[["walk",0.1]],"_animationSpeed":3.615,"_zoom":11.364},{"_mousePosition":[683,384],"_rootPartCFrame":[754.865,223.186,42.041,-0.333,0.018,0.943,0.003,1,-0.018,-0.943,-0.003,-0.333],"_humanoidState":8,"_cameraCFrame":[755.703,235.876,39.527,-0.508,-0.849,0.15,0,0.174,0.985,-0.862,0.5,-0.088],"_shiftlockState":true,"_pose":"Running","_animationQueue":[["walk",0.1]],"_animationSpeed":4.902,"_zoom":11.364},{"_mousePosition":[683,384],"_rootPartCFrame":[754.828,223.191,41.884,-0.507,0.014,0.862,0.002,1,-0.015,-0.862,-0.006,-0.507],"_humanoidState":8,"_cameraCFrame":[755.209,235.882,39.262,-0.651,-0.748,0.132,0,0.174,0.985,-0.759,0.641,-0.113],"_shiftlockState":true,"_pose":"Running","_animationQueue":[],"_animationSpeed":4.902,"_zoom":11.364},{"_mousePosition":[683,384],"_rootPartCFrame":[754.7,223.194,41.664,-0.657,0.009,0.754,0.002,1,-0.011,-0.754,-0.006,-0.657],"_humanoidState":8,"_cameraCFrame":[754.496,235.885,39.027,-0.801,-0.59,0.104,0,0.174,0.985,-0.599,0.788,-0.139],"_shiftlockState":true,"_pose":"Running","_animationQueue":[["walk",0.1]],"_animationSpeed":4.498,"_zoom":11.364},{"_mousePosition":[683,384],"_rootPartCFrame":[754.406,223.197,41.427,-0.811,0.003,0.586,0,1,-0.005,-0.586,-0.004,-0.811],"_humanoidState":8,"_cameraCFrame":[753.728,235.875,38.817,-0.9,-0.429,0.078,0,0.18,0.984,-0.436,0.885,-0.162],"_shiftlockState":true,"_pose":"Running","_animationQueue":[["walk",0.1],["walk",0.1]],"_animationSpeed":4.144,"_zoom":11.364},{"_mousePosition":[683,384],"_rootPartCFrame":[753.909,223.198,41.205,-0.906,0,0.423,0,1,0,-0.423,0,-0.906],"_humanoidState":8,"_cameraCFrame":[752.804,235.852,38.644,-0.964,-0.263,0.051,0,0.191,0.982,-0.268,0.946,-0.184],"_shiftlockState":true,"_pose":"Running","_animationQueue":[["walk",0.1]],"_animationSpeed":3.434,"_zoom":11.364},{"_mousePosition":[683,384],"_rootPartCFrame":[753.36,223.165,40.992,-0.967,0,0.256,0,1,0.001,-0.256,0,-0.967],"_humanoidState":8,"_cameraCFrame":[751.928,235.796,38.493,-0.991,-0.13,0.027,0,0.201,0.98,-0.132,0.971,-0.2],"_shiftlockState":true,"_pose":"Running","_animationQueue":[["walk",0.1]],"_animationSpeed":2.538,"_zoom":11.364},{"_mousePosition":[683,384],"_rootPartCFrame":[752.851,223.078,40.784,-0.993,0,0.121,0,1,0,-0.121,0,-0.993],"_humanoidState":8,"_cameraCFrame":[751.174,235.686,38.337,-1,-0.029,0.006,0,0.211,0.978,-0.03,0.977,-0.211],"_shiftlockState":true,"_pose":"Running","_animationQueue":[["walk",0.1]],"_animationSpeed":2.376,"_zoom":11.364},{"_mousePosition":[683,384],"_rootPartCFrame":[752.381,222.936,40.583,-1,0,0.018,0,1,0,-0.018,0,-1],"_humanoidState":8,"_cameraCFrame":[750.524,235.532,38.214,-0.999,0.043,-0.01,0,0.216,0.976,0.044,0.976,-0.215],"_shiftlockState":true,"_pose":"Running","_animationQueue":[["walk",0.1]],"_animationSpeed":2.216,"_zoom":11.364},{"_mousePosition":[683,384],"_rootPartCFrame":[751.95,222.739,40.389,-0.998,0,-0.056,0,1,0,0.056,0,-0.998],"_humanoidState":8,"_cameraCFrame":[749.972,235.328,38.08,-0.996,0.092,-0.021,0,0.219,0.976,0.094,0.971,-0.218],"_shiftlockState":true,"_pose":"Running","_animationQueue":[["walk",0.1]],"_animationSpeed":2.057,"_zoom":11.364},{"_mousePosition":[683,384],"_rootPartCFrame":[751.533,223.612,40.196,-0.994,0,-0.106,0,1,0,0.106,0,-0.994],"_humanoidState":3,"_cameraCFrame":[749.497,236.199,37.929,-0.993,0.117,-0.026,0,0.219,0.976,0.119,0.969,-0.218],"_shiftlockState":true,"_pose":"Jumping","_animationQueue":[["walk",0.1],["walk",0.1],["jump",0.1]],"_animationSpeed":1,"_zoom":11.364},{"_mousePosition":[683,384],"_rootPartCFrame":[751.131,224.434,40.024,-1,0,-0.031,0,1,0,0.031,0,-1],"_humanoidState":5,"_cameraCFrame":[749.053,237.021,37.796,-0.99,0.135,-0.03,0,0.219,0.976,0.138,0.966,-0.217],"_shiftlockState":true,"_pose":"FreeFall","_animationQueue":[["jump",0.1]],"_animationSpeed":1,"_zoom":11.364},{"_mousePosition":[683,384],"_rootPartCFrame":[750.751,225.202,39.885,-1,0,-0.011,0,1,0,0.011,0,-1],"_humanoidState":5,"_cameraCFrame":[748.661,237.788,37.668,-0.99,0.14,-0.031,0,0.219,0.976,0.143,0.966,-0.217],"_shiftlockState":true,"_pose":"FreeFall","_animationQueue":[],"_animationSpeed":1,"_zoom":11.364},{"_mousePosition":[683,384],"_rootPartCFrame":[750.393,225.915,39.779,-1,0,-0.011,0,1,0,0.011,0,-1],"_humanoidState":5,"_cameraCFrame":[748.301,238.501,37.564,-0.99,0.141,-0.032,0,0.219,0.976,0.144,0.965,-0.217],"_shiftlockState":true,"_pose":"FreeFall","_animationQueue":[],"_animationSpeed":1,"_zoom":11.364},{"_mousePosition":[683,384],"_rootPartCFrame":[750.057,226.573,39.707,-1,0,-0.012,0,1,0,0.012,0,-1],"_humanoidState":5,"_cameraCFrame":[747.965,239.16,37.491,-0.99,0.141,-0.032,0,0.219,0.976,0.144,0.965,-0.217],"_shiftlockState":true,"_pose":"FreeFall","_animationQueue":[],"_animationSpeed":1,"_zoom":11.364},{"_mousePosition":[683,384],"_rootPartCFrame":[749.742,227.177,39.667,-1,0,-0.012,0,1,0,0.012,0,-1],"_humanoidState":5,"_cameraCFrame":[747.65,239.764,37.452,-0.99,0.141,-0.032,0,0.219,0.976,0.144,0.965,-0.217],"_shiftlockState":true,"_pose":"FreeFall","_animationQueue":[],"_animationSpeed":1,"_zoom":11.364},{"_mousePosition":[683,384],"_rootPartCFrame":[749.449,227.727,39.661,-1,0,-0.012,0,1,0,0.012,0,-1],"_humanoidState":5,"_cameraCFrame":[747.346,240.313,37.456,-0.989,0.146,-0.033,0,0.219,0.976,0.15,0.965,-0.217],"_shiftlockState":true,"_pose":"FreeFall","_animationQueue":[],"_animationSpeed":1,"_zoom":11.364},{"_mousePosition":[683,384],"_rootPartCFrame":[749.177,228.222,39.687,-1,0,-0.017,0,1,0,0.017,0,-1],"_humanoidState":5,"_cameraCFrame":[747.041,240.806,37.505,-0.986,0.16,-0.036,0,0.22,0.975,0.164,0.962,-0.217],"_shiftlockState":true,"_pose":"FreeFall","_animationQueue":[],"_animationSpeed":1,"_zoom":11.364},{"_mousePosition":[683,384],"_rootPartCFrame":[748.914,228.662,39.726,-1,0,-0.032,0,1,0,0.032,0,-1],"_humanoidState":5,"_cameraCFrame":[746.738,241.247,37.583,-0.983,0.177,-0.04,0,0.22,0.975,0.182,0.959,-0.217],"_shiftlockState":true,"_pose":"FreeFall","_animationQueue":[],"_animationSpeed":1,"_zoom":11.364},{"_mousePosition":[683,384],"_rootPartCFrame":[748.65,229.048,39.77,-0.999,0,-0.049,0,1,0,0.049,0,-0.999],"_humanoidState":5,"_cameraCFrame":[746.433,241.633,37.669,-0.98,0.196,-0.044,0,0.22,0.975,0.201,0.956,-0.216],"_shiftlockState":true,"_pose":"FreeFall","_animationQueue":[],"_animationSpeed":1,"_zoom":11.364},{"_mousePosition":[683,384],"_rootPartCFrame":[748.388,229.38,39.817,-0.998,0,-0.069,0,1,0,0.069,0,-0.998],"_humanoidState":5,"_cameraCFrame":[746.144,241.967,37.756,-0.977,0.209,-0.047,0,0.219,0.976,0.214,0.953,-0.214],"_shiftlockState":true,"_pose":"FreeFall","_animationQueue":[],"_animationSpeed":1,"_zoom":11.364},{"_mousePosition":[683,384],"_rootPartCFrame":[748.127,229.657,39.87,-0.997,0,-0.083,0,1,0,0.083,0,-0.997],"_humanoidState":5,"_cameraCFrame":[745.863,242.246,37.841,-0.974,0.219,-0.049,0,0.219,0.976,0.225,0.951,-0.213],"_shiftlockState":true,"_pose":"FreeFall","_animationQueue":[],"_animationSpeed":1,"_zoom":11.364},{"_mousePosition":[683,384],"_rootPartCFrame":[747.866,229.879,39.927,-0.996,0,-0.093,0,1,0,0.093,0,-0.996],"_humanoidState":5,"_cameraCFrame":[745.588,242.47,37.926,-0.973,0.227,-0.051,0,0.218,0.976,0.233,0.949,-0.212],"_shiftlockState":true,"_pose":"FreeFall","_animationQueue":[],"_animationSpeed":1,"_zoom":11.364},{"_mousePosition":[683,384],"_rootPartCFrame":[747.606,230.047,39.986,-0.995,0,-0.102,0,1,0,0.102,0,-0.995],"_humanoidState":5,"_cameraCFrame":[745.309,242.638,38.007,-0.97,0.236,-0.053,0,0.218,0.976,0.242,0.947,-0.211],"_shiftlockState":true,"_pose":"FreeFall","_animationQueue":[],"_animationSpeed":1,"_zoom":11.364},{"_mousePosition":[683,384],"_rootPartCFrame":[747.347,230.161,40.048,-0.994,0,-0.111,0,1,0,0.111,0,-0.994],"_humanoidState":5,"_cameraCFrame":[745.025,242.754,38.109,-0.967,0.249,-0.055,0,0.217,0.976,0.255,0.944,-0.21],"_shiftlockState":true,"_pose":"FreeFall","_animationQueue":[],"_animationSpeed":1,"_zoom":11.364},{"_mousePosition":[683,384],"_rootPartCFrame":[747.088,230.22,40.112,-0.992,0,-0.124,0,1,0,0.124,0,-0.992],"_humanoidState":5,"_cameraCFrame":[744.722,242.813,38.227,-0.961,0.271,-0.06,0,0.217,0.976,0.277,0.938,-0.209],"_shiftlockState":true,"_pose":"FreeFall","_animationQueue":[],"_animationSpeed":1,"_zoom":11.364},{"_mousePosition":[683,384],"_rootPartCFrame":[746.83,230.225,40.18,-0.989,0,-0.147,0,1,0,0.147,0,-0.989],"_humanoidState":5,"_cameraCFrame":[744.415,242.819,38.371,-0.953,0.297,-0.066,0,0.216,0.976,0.304,0.93,-0.206],"_shiftlockState":true,"_pose":"FreeFall","_animationQueue":[],"_animationSpeed":1,"_zoom":11.364},{"_mousePosition":[683,384],"_rootPartCFrame":[746.573,230.175,40.253,-0.985,0,-0.175,0,1,0,0.175,0,-0.985],"_humanoidState":5,"_cameraCFrame":[744.081,242.769,38.552,-0.938,0.338,-0.075,0,0.216,0.976,0.346,0.916,-0.203],"_shiftlockState":true,"_pose":"FreeFall","_animationQueue":[],"_animationSpeed":1,"_zoom":11.364},{"_mousePosition":[683,384],"_rootPartCFrame":[746.319,230.07,40.333,-0.976,0,-0.218,0,1,0,0.218,0,-0.976],"_humanoidState":5,"_cameraCFrame":[743.738,242.665,38.77,-0.918,0.387,-0.086,0,0.216,0.976,0.397,0.896,-0.199],"_shiftlockState":true,"_pose":"FreeFall","_animationQueue":[],"_animationSpeed":1,"_zoom":11.364},{"_mousePosition":[683,384],"_rootPartCFrame":[746.068,229.911,40.423,-0.963,0,-0.271,0,1,0,0.271,0,-0.963],"_humanoidState":5,"_cameraCFrame":[743.414,242.508,39.003,-0.896,0.433,-0.096,0,0.216,0.976,0.443,0.875,-0.193],"_shiftlockState":true,"_pose":"FreeFall","_animationQueue":[],"_animationSpeed":1,"_zoom":11.364},{"_mousePosition":[683,384],"_rootPartCFrame":[745.823,229.698,40.527,-0.947,0,-0.32,0,1,0,0.32,0,-0.947],"_humanoidState":5,"_cameraCFrame":[743.106,242.296,39.247,-0.874,0.475,-0.105,0,0.215,0.977,0.487,0.853,-0.188],"_shiftlockState":true,"_pose":"FreeFall","_animationQueue":[["fall",0.3]],"_animationSpeed":1,"_zoom":11.364},{"_mousePosition":[683,384],"_rootPartCFrame":[745.583,229.43,40.643,-0.931,0,-0.366,0,1,0,0.366,0,-0.931],"_humanoidState":5,"_cameraCFrame":[742.826,242.03,39.471,-0.855,0.506,-0.111,0,0.214,0.977,0.518,0.835,-0.183],"_shiftlockState":true,"_pose":"FreeFall","_animationQueue":[],"_animationSpeed":1,"_zoom":11.364},{"_mousePosition":[683,384],"_rootPartCFrame":[745.349,229.107,40.772,-0.916,0,-0.4,0,1,0,0.4,0,-0.916],"_humanoidState":5,"_cameraCFrame":[742.548,241.704,39.668,-0.839,0.531,-0.117,0,0.216,0.976,0.544,0.819,-0.181],"_shiftlockState":true,"_pose":"FreeFall","_animationQueue":[],"_animationSpeed":1,"_zoom":11.364},{"_mousePosition":[683,384],"_rootPartCFrame":[745.12,228.73,40.908,-0.904,0,-0.428,0,1,0,0.428,0,-0.904],"_humanoidState":5,"_cameraCFrame":[742.269,241.321,39.875,-0.821,0.557,-0.124,0,0.218,0.976,0.571,0.801,-0.179],"_shiftlockState":true,"_pose":"FreeFall","_animationQueue":[],"_animationSpeed":1,"_zoom":11.364},{"_mousePosition":[683,384],"_rootPartCFrame":[744.896,228.299,41.053,-0.89,0,-0.457,0,1,0,0.457,0,-0.89],"_humanoidState":5,"_cameraCFrame":[741.986,240.881,40.098,-0.799,0.587,-0.133,0,0.221,0.975,0.602,0.779,-0.177],"_shiftlockState":true,"_pose":"FreeFall","_animationQueue":[],"_animationSpeed":1,"_zoom":11.364},{"_mousePosition":[683,384],"_rootPartCFrame":[744.676,227.813,41.204,-0.872,0,-0.49,0,1,0,0.49,0,-0.872],"_humanoidState":5,"_cameraCFrame":[741.707,240.387,40.345,-0.773,0.618,-0.142,0,0.224,0.975,0.634,0.753,-0.173],"_shiftlockState":true,"_pose":"FreeFall","_animationQueue":[],"_animationSpeed":1,"_zoom":11.364},{"_mousePosition":[683,384],"_rootPartCFrame":[744.462,227.272,41.363,-0.85,0,-0.526,0,1,0,0.526,0,-0.85],"_humanoidState":5,"_cameraCFrame":[741.426,239.836,40.612,-0.742,0.653,-0.153,0,0.228,0.974,0.67,0.723,-0.169],"_shiftlockState":true,"_pose":"FreeFall","_animationQueue":[["fall",0.3]],"_animationSpeed":1,"_zoom":11.364},{"_mousePosition":[683,384],"_rootPartCFrame":[744.203,226.52,41.573,-0.843,0,-0.538,0,1,0,0.538,0,-0.843],"_humanoidState":5,"_cameraCFrame":[741.118,239.078,40.937,-0.712,0.683,-0.162,0,0.23,0.973,0.702,0.693,-0.164],"_shiftlockState":true,"_pose":"FreeFall","_animationQueue":[],"_animationSpeed":1,"_zoom":11.364},{"_mousePosition":[683,384],"_rootPartCFrame":[744.054,226.028,41.706,-0.779,0,-0.628,0,1,0,0.628,0,-0.779],"_humanoidState":5,"_cameraCFrame":[740.909,238.577,41.238,-0.667,0.724,-0.174,0,0.234,0.972,0.745,0.649,-0.156],"_shiftlockState":true,"_pose":"FreeFall","_animationQueue":[],"_animationSpeed":1,"_zoom":11.364},{"_mousePosition":[683,384],"_rootPartCFrame":[743.863,225.324,41.892,-0.76,0,-0.65,0,1,0,0.65,0,-0.76],"_humanoidState":5,"_cameraCFrame":[740.672,237.867,41.615,-0.617,0.765,-0.186,0,0.236,0.972,0.787,0.599,-0.146],"_shiftlockState":true,"_pose":"FreeFall","_animationQueue":[],"_animationSpeed":1,"_zoom":11.364},{"_mousePosition":[683,384],"_rootPartCFrame":[743.683,224.565,42.088,-0.716,0,-0.698,0,1,0,0.698,0,-0.716],"_humanoidState":5,"_cameraCFrame":[740.458,237.102,42.062,-0.55,0.811,-0.199,0,0.238,0.971,0.835,0.534,-0.131],"_shiftlockState":true,"_pose":"FreeFall","_animationQueue":[],"_animationSpeed":1,"_zoom":11.364},{"_mousePosition":[683,384],"_rootPartCFrame":[743.516,223.752,42.296,-0.656,0,-0.755,0,1,0,0.755,0,-0.656],"_humanoidState":5,"_cameraCFrame":[740.276,236.282,42.503,-0.484,0.849,-0.211,0,0.241,0.971,0.875,0.47,-0.117],"_shiftlockState":true,"_pose":"FreeFall","_animationQueue":[],"_animationSpeed":1,"_zoom":11.364},{"_mousePosition":[683,384],"_rootPartCFrame":[743.117,222.943,42.561,-0.511,0,-0.86,0,1,0,0.86,0,-0.511],"_humanoidState":7,"_cameraCFrame":[739.873,235.463,43.023,-0.409,0.885,-0.222,0,0.244,0.97,0.912,0.397,-0.1],"_shiftlockState":true,"_pose":"FreeFall","_animationQueue":[["fall",0.3],["walk",0.1],["fall",0.3],["fall",0.3]],"_animationSpeed":1,"_zoom":11.364},{"_mousePosition":[683,384],"_rootPartCFrame":[742.723,222.952,42.722,-0.405,0,-0.914,0,1,0,0.914,0,-0.405],"_humanoidState":7,"_cameraCFrame":[739.504,235.466,43.449,-0.33,0.915,-0.232,0,0.246,0.969,0.944,0.32,-0.081],"_shiftlockState":true,"_pose":"FreeFall","_animationQueue":[],"_animationSpeed":1,"_zoom":11.364},{"_mousePosition":[683,384],"_rootPartCFrame":[741.783,223.066,43.001,-0.329,0,-0.944,0,1,0,0.944,0,-0.329],"_humanoidState":8,"_cameraCFrame":[738.611,235.574,43.988,-0.25,0.938,-0.241,0,0.249,0.969,0.968,0.242,-0.062],"_shiftlockState":true,"_pose":"Running","_animationQueue":[["walk",0.1],["fall",0.3],["walk",0.1]],"_animationSpeed":2.6,"_zoom":11.364},{"_mousePosition":[683,384],"_rootPartCFrame":[740.821,223.127,43.235,-0.25,0,-0.968,0,1,0,0.968,0,-0.25],"_humanoidState":8,"_cameraCFrame":[737.738,235.629,44.513,-0.158,0.956,-0.247,0,0.25,0.968,0.987,0.153,-0.04],"_shiftlockState":true,"_pose":"Running","_animationQueue":[["walk",0.1]],"_animationSpeed":1.664,"_zoom":11.364},{"_mousePosition":[683,384],"_rootPartCFrame":[739.336,223.165,43.479,-0.158,0,-0.987,0,1,0,0.987,0,-0.158],"_humanoidState":8,"_cameraCFrame":[736.329,235.664,44.963,-0.091,0.964,-0.251,0,0.252,0.968,0.996,0.088,-0.023],"_shiftlockState":true,"_pose":"Running","_animationQueue":[["walk",0.1]],"_animationSpeed":1.119,"_zoom":11.364},{"_mousePosition":[683,384],"_rootPartCFrame":[738.315,223.178,43.598,-0.091,0,-0.996,0,1,0,0.996,0,-0.091],"_humanoidState":8,"_cameraCFrame":[735.392,235.674,45.256,-0.032,0.967,-0.252,0,0.252,0.968,0.999,0.031,-0.008],"_shiftlockState":true,"_pose":"Running","_animationQueue":[["walk",0.1]],"_animationSpeed":0.852,"_zoom":11.364},{"_mousePosition":[683,384],"_rootPartCFrame":[736.943,223.188,43.767,-0.032,0,-0.999,0,1,0,0.999,0,-0.032],"_humanoidState":8,"_cameraCFrame":[734.092,235.686,45.53,0.005,0.968,-0.252,0,0.252,0.968,1,-0.004,0.001],"_shiftlockState":true,"_pose":"Running","_animationQueue":[["walk",0.1]],"_animationSpeed":1.084,"_zoom":11.364},{"_mousePosition":[683,384],"_rootPartCFrame":[735.581,223.193,43.948,0.005,0,-1,0,1,0,1,0,0.005],"_humanoidState":8,"_cameraCFrame":[732.797,235.698,45.775,0.028,0.968,-0.249,0,0.249,0.968,1,-0.027,0.007],"_shiftlockState":true,"_pose":"Running","_animationQueue":[["walk",0.1]],"_animationSpeed":1.084,"_zoom":11.364},{"_mousePosition":[683,384],"_rootPartCFrame":[734.225,223.196,44.136,0.028,0,-1,0,1,0,1,0,0.028],"_humanoidState":8,"_cameraCFrame":[731.495,235.708,46.003,0.042,0.968,-0.247,0,0.247,0.969,0.999,-0.041,0.01],"_shiftlockState":true,"_pose":"Running","_animationQueue":[],"_animationSpeed":1.084,"_zoom":11.364},{"_mousePosition":[683,384],"_rootPartCFrame":[732.822,223.198,44.213,0.042,0,-0.999,0,1,0,0.999,0,0.042],"_humanoidState":8,"_cameraCFrame":[730.113,235.712,46.097,0.049,0.968,-0.246,0,0.246,0.969,0.999,-0.047,0.012],"_shiftlockState":true,"_pose":"Running","_animationQueue":[],"_animationSpeed":1.084,"_zoom":11.364},{"_mousePosition":[683,384],"_rootPartCFrame":[731.39,223.199,44.226,0.049,0,-0.999,0,1,0,0.999,0,0.049],"_humanoidState":8,"_cameraCFrame":[729.126,233.964,46.09,0.05,0.968,-0.246,0,0.246,0.969,0.999,-0.048,0.012],"_shiftlockState":true,"_pose":"Running","_animationQueue":[],"_animationSpeed":1.084,"_zoom":11.364},{"_mousePosition":[683,384],"_rootPartCFrame":[730.085,223.199,44.237,0.05,0,-0.999,0,1,0,0.999,0,0.05],"_humanoidState":8,"_cameraCFrame":[729.126,228.823,46.037,0.05,0.968,-0.246,0,0.246,0.969,0.999,-0.048,0.012],"_shiftlockState":true,"_pose":"Running","_animationQueue":[["walk",0.1]],"_animationSpeed":5.93,"_zoom":11.364},{"_mousePosition":[683,384],"_rootPartCFrame":[728.987,223.199,44.249,0.05,0,-0.999,0,1,0,0.999,0,0.05],"_humanoidState":8,"_cameraCFrame":[728.673,226.279,46.