[{"_mousePosition":[1164,396],"_rootPartCFrame":[776.032,222.984,47.142,0,-0.004,1,0,1,0.004,-1,0,0],"_humanoidState":8,"_cameraCFrame":[783.606,229.307,47.295,0.02,-0.537,0.844,0,0.844,0.537,-1,-0.011,0.017],"_shiftlockState":false,"_pose":"Standing","_animationQueue":[],"_animationSpeed":1,"_zoom":8.986},{"_mousePosition":[1114,392],"_rootPartCFrame":[775.786,222.852,47.137,0.003,-0.001,1,0,1,0.001,-1,0,0.003],"_humanoidState":8,"_cameraCFrame":[783.365,229.175,47.29,0.02,-0.537,0.844,0,0.844,0.537,-1,-0.011,0.017],"_shiftlockState":false,"_pose":"Standing","_animationQueue":[],"_animationSpeed":1,"_zoom":8.986},{"_mousePosition":[1088,392],"_rootPartCFrame":[775.52,222.68,47.132,0.005,0,1,0,1,0,-1,0,0.005],"_humanoidState":8,"_cameraCFrame":[783.101,229.003,47.284,0.02,-0.537,0.844,0,0.844,0.537,-1,-0.011,0.017],"_shiftlockState":false,"_pose":"Running","_animationQueue":[["walk",0.1]],"_animationSpeed":1.066,"_zoom":8.986},{"_mousePosition":[1040,391],"_rootPartCFrame":[775.253,222.656,47.126,0.007,0,1,0,1,0,-1,0,0.007],"_humanoidState":8,"_cameraCFrame":[782.834,228.979,47.279,0.02,-0.537,0.844,0,0.844,0.537,-1,-0.011,0.017],"_shiftlockState":false,"_pose":"Running","_animationQueue":[],"_animationSpeed":1.066,"_zoom":8.986},{"_mousePosition":[1011,391],"_rootPartCFrame":[774.986,222.671,47.121,0.009,0,1,0,1,0,-1,0,0.009],"_humanoidState":8,"_cameraCFrame":[782.567,228.994,47.274,0.02,-0.537,0.844,0,0.844,0.537,-1,-0.011,0.017],"_shiftlockState":false,"_pose":"Running","_animationQueue":[],"_animationSpeed":1.066,"_zoom":8.986},{"_mousePosition":[969,395],"_rootPartCFrame":[774.72,222.683,47.116,0.01,0,1,0,1,0,-1,0,0.01],"_humanoidState":8,"_cameraCFrame":[782.3,229.006,47.268,0.02,-0.537,0.844,0,0.844,0.537,-1,-0.011,0.017],"_shiftlockState":false,"_pose":"Running","_animationQueue":[],"_animationSpeed":1.066,"_zoom":8.986},{"_mousePosition":[947,399],"_rootPartCFrame":[774.453,222.691,47.11,0.012,0,1,0,1,0,-1,0,0.012],"_humanoidState":8,"_cameraCFrame":[782.034,229.014,47.263,0.02,-0.537,0.844,0,0.844,0.537,-1,-0.011,0.017],"_shiftlockState":false,"_pose":"Running","_animationQueue":[],"_animationSpeed":1.066,"_zoom":8.986},{"_mousePosition":[916,406],"_rootPartCFrame":[774.187,222.695,47.105,0.013,0,1,0,1,0,-1,0,0.013],"_humanoidState":8,"_cameraCFrame":[781.767,229.018,47.258,0.02,-0.537,0.844,0,0.844,0.537,-1,-0.011,0.017],"_shiftlockState":false,"_pose":"Running","_animationQueue":[],"_animationSpeed":1.066,"_zoom":8.986},{"_mousePosition":[903,410],"_rootPartCFrame":[773.92,222.697,47.099,0.014,0,1,0,1,0,-1,0,0.014],"_humanoidState":8,"_cameraCFrame":[781.5,229.02,47.252,0.02,-0.537,0.844,0,0.844,0.537,-1,-0.011,0.017],"_shiftlockState":false,"_pose":"Running","_animationQueue":[["walk",0.1]],"_animationSpeed":1.066,"_zoom":8.986},{"_mousePosition":[883,417],"_rootPartCFrame":[773.787,222.698,47.097,0.014,0,1,0,1,0,-1,0,0.014],"_humanoidState":8,"_cameraCFrame":[781.367,229.021,47.249,0.02,-0.537,0.844,0,0.844,0.537,-1,-0.011,0.017],"_shiftlockState":false,"_pose":"Running","_animationQueue":[],"_animationSpeed":1.066,"_zoom":8.986},{"_mousePosition":[875,422],"_rootPartCFrame":[773.387,222.699,47.089,0.015,0,1,0,1,0,-1,0,0.015],"_humanoidState":8,"_cameraCFrame":[780.967,229.022,47.241,0.02,-0.537,0.844,0,0.844,0.537,-1,-0.011,0.017],"_shiftlockState":false,"_pose":"Running","_animationQueue":[],"_animationSpeed":1.066,"_zoom":8.986},{"_mousePosition":[861,434],"_rootPartCFrame":[773.12,222.699,47.083,0.016,0,1,0,1,0,-1,0,0.016],"_humanoidState":8,"_cameraCFrame":[780.701,229.022,47.236,0.02,-0.537,0.844,0,0.844,0.537,-1,-0.011,0.017],"_shiftlockState":false,"_pose":"Running","_animationQueue":[],"_animationSpeed":1.066,"_zoom":8.986},{"_mousePosition":[854,444],"_rootPartCFrame":[772.854,222.699,47.078,0.017,0,1,0,1,0,-1,0,0.017],"_humanoidState":8,"_cameraCFrame":[780.434,229.023,47.231,0.02,-0.537,0.844,0,0.844,0.537,-1,-0.011,0.017],"_shiftlockState":false,"_pose":"Running","_animationQueue":[],"_animationSpeed":1.066,"_zoom":8.986},{"_mousePosition":[854,444],"_rootPartCFrame":[772.587,222.7,47.073,0.017,0,1,0,1,0,-1,0,0.017],"_humanoidState":8,"_cameraCFrame":[780.017,229.253,47.106,0.004,-0.562,0.827,0,0.827,0.562,-1,-0.002,0.004],"_shiftlockState":false,"_pose":"Running","_animationQueue":[],"_animationSpeed":1.066,"_zoom":8.986},{"_mousePosition":[854,444],"_rootPartCFrame":[772.32,222.7,47.067,0.018,0,1,0,1,0,-1,0,0.018],"_humanoidState":8,"_cameraCFrame":[779.618,229.443,47.077,0.001,-0.583,0.812,0,0.812,0.583,-1,-0.001,0.001],"_shiftlockState":false,"_pose":"Running","_animationQueue":[],"_animationSpeed":1.066,"_zoom":8.986},{"_mousePosition":[854,444],"_rootPartCFrame":[772.187,222.7,47.066,0.017,0,1,0,1,0,-1,0,0.017],"_humanoidState":8,"_cameraCFrame":[779.29,229.704,47.09,0.003,-0.613,0.79,0,0.79,0.613,-1,-0.002,0.003],"_shiftlockState":false,"_pose":"Running","_animationQueue":[["walk",0.1]],"_animationSpeed":1.066,"_zoom":8.986},{"_mousePosition":[854,444],"_rootPartCFrame":[771.787,222.7,47.066,0.014,0,1,0,1,0,-1,0,0.014],"_humanoidState":8,"_cameraCFrame":[778.675,229.969,47.154,0.013,-0.642,0.767,0,0.767,0.642,-1,-0.008,0.01],"_shiftlockState":false,"_pose":"Running","_animationQueue":[],"_animationSpeed":1.066,"_zoom":8.986},{"_mousePosition":[854,444],"_rootPartCFrame":[771.52,222.7,47.065,0.012,0,1,0,1,0,-1,0,0.012],"_humanoidState":8,"_cameraCFrame":[778.179,230.231,47.213,0.022,-0.671,0.741,0,0.741,0.671,-1,-0.015,0.016],"_shiftlockState":false,"_pose":"Running","_animationQueue":[],"_animationSpeed":1.066,"_zoom":8.986},{"_mousePosition":[854,444],"_rootPartCFrame":[771.254,222.7,47.062,0.012,0,1,0,1,0,-1,0,0.012],"_humanoidState":8,"_cameraCFrame":[777.601,230.557,47.276,0.034,-0.707,0.706,0,0.707,0.707,-0.999,-0.024,0.024],"_shiftlockState":false,"_pose":"Running","_animationQueue":[],"_animationSpeed":1.066,"_zoom":8.986},{"_mousePosition":[854,444],"_rootPartCFrame":[771.054,223.352,47.059,0.012,0,1,0,1,0,-1,0,0.012],"_humanoidState":3,"_cameraCFrame":[777.127,231.47,47.309,0.041,-0.736,0.676,0,0.676,0.736,-0.999,-0.03,0.028],"_shiftlockState":false,"_pose":"Jumping","_animationQueue":[["walk",0.1],["jump",0.1]],"_animationSpeed":1,"_zoom":8.986},{"_mousePosition":[854,444],"_rootPartCFrame":[770.787,224.174,47.051,0.014,0,1,0,1,0,-1,0,0.014],"_humanoidState":5,"_cameraCFrame":[776.582,232.536,47.332,0.048,-0.763,0.645,0,0.646,0.764,-0.999,-0.037,0.031],"_shiftlockState":false,"_pose":"FreeFall","_animationQueue":[["jump",0.1]],"_animationSpeed":1,"_zoom":8.986},{"_mousePosition":[854,444],"_rootPartCFrame":[770.521,224.941,47.04,0.018,0,1,0,1,0,-1,0,0.018],"_humanoidState":5,"_cameraCFrame":[776.044,233.523,47.354,0.057,-0.787,0.615,0,0.616,0.788,-0.998,-0.045,0.035],"_shiftlockState":false,"_pose":"FreeFall","_animationQueue":[],"_animationSpeed":1,"_zoom":8.986},{"_mousePosition":[854,444],"_rootPartCFrame":[770.254,225.654,47.028,0.021,0,1,0,1,0,-1,0,0.021],"_humanoidState":5,"_cameraCFrame":[775.52,234.428,47.377,0.066,-0.808,0.586,0,0.587,0.809,-0.998,-0.054,0.039],"_shiftlockState":false,"_pose":"FreeFall","_animationQueue":[],"_animationSpeed":1,"_zoom":8.986},{"_mousePosition":[854,444],"_rootPartCFrame":[769.988,226.313,47.013,0.026,0,1,0,1,0,-1,0,0.026],"_humanoidState":5,"_cameraCFrame":[775.019,235.249,47.399,0.077,-0.825,0.56,0,0.562,0.827,-0.997,-0.063,0.043],"_shiftlockState":false,"_pose":"FreeFall","_animationQueue":[],"_animationSpeed":1,"_zoom":8.986},{"_mousePosition":[854,444],"_rootPartCFrame":[769.722,226.917,46.996,0.031,0,1,0,1,0,-1,0,0.031],"_humanoidState":5,"_cameraCFrame":[774.55,235.984,47.417,0.087,-0.839,0.537,0,0.539,0.842,-0.996,-0.073,0.047],"_shiftlockState":false,"_pose":"FreeFall","_animationQueue":[],"_animationSpeed":1,"_zoom":8.986},{"_mousePosition":[854,444],"_rootPartCFrame":[769.456,227.467,46.976,0.037,0,0.999,0,1,0,-0.999,0,0.037],"_humanoidState":5,"_cameraCFrame":[774.107,236.641,47.441,0.1,-0.85,0.518,0,0.52,0.854,-0.995,-0.085,0.052],"_shiftlockState":false,"_pose":"FreeFall","_animationQueue":[],"_animationSpeed":1,"_zoom":8.986},{"_mousePosition":[854,444],"_rootPartCFrame":[769.19,227.962,46.953,0.043,0,0.999,0,1,0,-0.999,0,0.043],"_humanoidState":5,"_cameraCFrame":[773.693,237.222,47.461,0.112,-0.858,0.501,0,0.504,0.864,-0.994,-0.097,0.057],"_shiftlockState":false,"_pose":"FreeFall","_animationQueue":[],"_animationSpeed":1,"_zoom":8.986},{"_mousePosition":[854,444],"_rootPartCFrame":[768.925,228.402,46.927,0.051,0,0.999,0,1,0,-0.999,0,0.051],"_humanoidState":5,"_cameraCFrame":[773.277,237.745,47.478,0.126,-0.866,0.484,0,0.488,0.873,-0.992,-0.11,0.061],"_shiftlockState":false,"_pose":"FreeFall","_animationQueue":[],"_animationSpeed":1,"_zoom":8.986},{"_mousePosition":[854,444],"_rootPartCFrame":[768.66,228.788,46.897,0.059,0,0.998,0,1,0,-0.998,0,0.059],"_humanoidState":5,"_cameraCFrame":[772.858,238.211,47.491,0.14,-0.873,0.467,0,0.472,0.882,-0.99,-0.124,0.066],"_shiftlockState":false,"_pose":"FreeFall","_animationQueue":[],"_animationSpeed":1,"_zoom":8.986},{"_mousePosition":[854,444],"_rootPartCFrame":[768.395,229.12,46.864,0.067,0,0.998,0,1,0,-0.998,0,0.067],"_humanoidState":5,"_cameraCFrame":[772.485,238.596,47.491,0.152,-0.877,0.455,0,0.46,0.888,-0.988,-0.134,0.07],"_shiftlockState":false,"_pose":"FreeFall","_animationQueue":[],"_animationSpeed":1,"_zoom":8.986},{"_mousePosition":[854,444],"_rootPartCFrame":[768.131,229.397,46.828,0.077,0,0.997,0,1,0,-0.997,0,0.077],"_humanoidState":5,"_cameraCFrame":[772.131,238.916,47.484,0.162,-0.881,0.445,0,0.451,0.892,-0.987,-0.144,0.073],"_shiftlockState":false,"_pose":"FreeFall","_animationQueue":[],"_animationSpeed":1,"_zoom":8.986},{"_mousePosition":[854,444],"_rootPartCFrame":[767.867,229.619,46.788,0.087,0,0.996,0,1,0,-0.996,0,0.087],"_humanoidState":5,"_cameraCFrame":[771.778,239.181,47.471,0.172,-0.884,0.435,0,0.442,0.897,-0.985,-0.154,0.076],"_shiftlockState":false,"_pose":"FreeFall","_animationQueue":[],"_animationSpeed":1,"_zoom":8.986},{"_mousePosition":[854,444],"_rootPartCFrame":[767.604,229.787,46.745,0.097,0,0.995,0,1,0,-0.995,0,0.097],"_humanoidState":5,"_cameraCFrame":[771.421,239.39,47.47,0.187,-0.886,0.425,0,0.432,0.902,-0.982,-0.168,0.081],"_shiftlockState":false,"_pose":"FreeFall","_animationQueue":[],"_animationSpeed":1,"_zoom":8.986},{"_mousePosition":[854,444],"_rootPartCFrame":[767.341,229.901,46.699,0.107,0,0.994,0,1,0,-0.994,0,0.107],"_humanoidState":5,"_cameraCFrame":[771.064,239.544,47.463,0.201,-0.888,0.414,0,0.423,0.906,-0.98,-0.182,0.085],"_shiftlockState":false,"_pose":"FreeFall","_animationQueue":[],"_animationSpeed":1,"_zoom":8.986},{"_mousePosition":[854,444],"_rootPartCFrame":[767.079,229.96,46.65,0.117,0,0.993,0,1,0,-0.993,0,0.117],"_humanoidState":5,"_cameraCFrame":[770.726,239.633,47.454,0.215,-0.888,0.406,0,0.416,0.91,-0.977,-0.196,0.089],"_shiftlockState":false,"_pose":"FreeFall","_animationQueue":[],"_animationSpeed":1,"_zoom":8.986},{"_mousePosition":[854,444],"_rootPartCFrame":[766.818,229.964,46.597,0.128,0,0.992,0,1,0,-0.992,0,0.128],"_humanoidState":5,"_cameraCFrame":[770.398,239.665,47.426,0.226,-0.889,0.398,0,0.409,0.913,-0.974,-0.206,0.092],"_shiftlockState":false,"_pose":"FreeFall","_animationQueue":[["fall",0.3]],"_animationSpeed":1,"_zoom":8.986},{"_mousePosition":[854,444],"_rootPartCFrame":[766.558,229.914,46.54,0.14,0,0.99,0,1,0,-0.99,0,0.14],"_humanoidState":5,"_cameraCFrame":[770.107,239.627,47.382,0.231,-0.889,0.395,0,0.406,0.914,-0.973,-0.211,0.094],"_shiftlockState":false,"_pose":"FreeFall","_animationQueue":[],"_animationSpeed":1,"_zoom":8.986},{"_mousePosition":[854,444],"_rootPartCFrame":[766.298,229.81,46.481,0.151,0,0.988,0,1,0,-0.988,0,0.151],"_humanoidState":5,"_cameraCFrame":[769.84,239.525,47.324,0.232,-0.889,0.394,0,0.405,0.914,-0.973,-0.212,0.094],"_shiftlockState":false,"_pose":"FreeFall","_animationQueue":[],"_animationSpeed":1,"_zoom":8.986},{"_mousePosition":[854,444],"_rootPartCFrame":[766.038,229.651,46.419,0.162,0,0.987,0,1,0,-0.987,0,0.162],"_humanoidState":5,"_cameraCFrame":[769.573,239.369,47.265,0.233,-0.889,0.393,0,0.404,0.915,-0.973,-0.213,0.094],"_shiftlockState":false,"_pose":"FreeFall","_animationQueue":[],"_animationSpeed":1,"_zoom":8.986},{"_mousePosition":[854,444],"_rootPartCFrame":[765.779,229.437,46.358,0.172,0,0.985,0,1,0,-0.985,0,0.172],"_humanoidState":5,"_cameraCFrame":[769.292,239.164,47.21,0.236,-0.89,0.391,0,0.402,0.916,-0.972,-0.216,0.095],"_shiftlockState":false,"_pose":"FreeFall","_animationQueue":[],"_animationSpeed":1,"_zoom":8.986},{"_mousePosition":[854,444],"_rootPartCFrame":[765.519,229.169,46.296,0.18,0,0.984,0,1,0,-0.984,0,0.18],"_humanoidState":5,"_cameraCFrame":[768.989,238.911,47.184,0.248,-0.889,0.386,0,0.399,0.917,-0.969,-0.227,0.099],"_shiftlockState":false,"_pose":"FreeFall","_animationQueue":[],"_animationSpeed":1,"_zoom":8.986},{"_mousePosition":[854,444],"_rootPartCFrame":[765.26,228.847,46.233,0.188,0,0.982,0,1,0,-0.982,0,0.188],"_humanoidState":5,"_cameraCFrame":[768.675,238.6,47.222,0.278,-0.882,0.38,0,0.396,0.918,-0.961,-0.256,0.11],"_shiftlockState":false,"_pose":"FreeFall","_animationQueue":[["fall",0.3]],"_animationSpeed":1,"_zoom":8.986},{"_mousePosition":[854,444],"_rootPartCFrame":[765.002,228.47,46.167,0.196,0,0.981,0,1,0,-0.981,0,0.196],"_humanoidState":5,"_cameraCFrame":[768.325,238.234,47.353,0.336,-0.866,0.37,0,0.393,0.92,-0.942,-0.309,0.132],"_shiftlockState":false,"_pose":"FreeFall","_animationQueue":[],"_animationSpeed":1,"_zoom":8.986},{"_mousePosition":[854,444],"_rootPartCFrame":[764.745,228.038,46.094,0.206,0,0.979,0,1,0,-0.979,0,0.206],"_humanoidState":5,"_cameraCFrame":[767.875,237.817,47.649,0.445,-0.825,0.348,0,0.389,0.921,-0.896,-0.41,0.173],"_shiftlockState":false,"_pose":"FreeFall","_animationQueue":[],"_animationSpeed":1,"_zoom":8.986},{"_mousePosition":[854,444],"_rootPartCFrame":[764.493,227.552,46.007,0.222,0,0.975,0,1,0,-0.975,0,0.222],"_humanoidState":5,"_cameraCFrame":[767.249,237.359,48.046,0.595,-0.743,0.307,0,0.381,0.924,-0.804,-0.55,0.227],"_shiftlockState":false,"_pose":"FreeFall","_animationQueue":[],"_animationSpeed":1,"_zoom":8.986},{"_mousePosition":[854,444],"_rootPartCFrame":[764.251,227.012,45.898,0.248,0,0.969,0,1,0,-0.969,0,0.248],"_humanoidState":5,"_cameraCFrame":[766.507,236.846,48.389,0.741,-0.623,0.251,0,0.374,0.927,-0.671,-0.687,0.277],"_shiftlockState":false,"_pose":"FreeFall","_animationQueue":[],"_animationSpeed":1,"_zoom":8.986},{"_mousePosition":[854,444],"_rootPartCFrame":[764.024,226.417,45.759,0.291,0,0.957,0,1,0,-0.957,0,0.291],"_humanoidState":5,"_cameraCFrame":[765.768,236.278,48.554,0.848,-0.493,0.194,0,0.367,0.93,-0.529,-0.789,0.311],"_shiftlockState":false,"_pose":"FreeFall","_animationQueue":[],"_animationSpeed":1,"_zoom":8.986},{"_mousePosition":[854,444],"_rootPartCFrame":[763.821,225.768,45.589,0.352,0,0.936,0,1,0,-0.936,0,0.352],"_humanoidState":5,"_cameraCFrame":[765.169,235.647,48.543,0.91,-0.387,0.15,0,0.361,0.932,-0.415,-0.848,0.329],"_shiftlockState":false,"_pose":"FreeFall","_animationQueue":[["fall",0.3]],"_animationSpeed":1,"_zoom":8.986},{"_mousePosition":[854,444],"_rootPartCFrame":[763.672,225.064,45.37,0.427,0,0.904,0,1,0,-0.904,0,0.427],"_humanoidState":7,"_cameraCFrame":[764.72,234.95,48.421,0.946,-0.303,0.117,0,0.359,0.933,-0.325,-0.883,0.34],"_shiftlockState":false,"_pose":"FreeFall","_animationQueue":[["walk",0.1],["fall",0.3],["fall",0.3]],"_animationSpeed":1,"_zoom":8.986},{"_mousePosition":[854,444],"_rootPartCFrame":[763.557,224.91,45.13,0.508,0,0.862,0,1,0,-0.862,0,0.508],"_humanoidState":7,"_cameraCFrame":[764.396,234.805,48.224,0.965,-0.244,0.093,0,0.357,0.934,-0.262,-0.902,0.344],"_shiftlockState":false,"_pose":"FreeFall","_animationQueue":[],"_animationSpeed":1,"_zoom":8.986},{"_mousePosition":[854,444],"_rootPartCFrame":[763.446,224.996,44.816,0.605,0,0.796,0,1,0,-0.796,0,0.605],"_humanoidState":8,"_cameraCFrame":[764.148,234.901,47.916,0.975,-0.207,0.078,0,0.354,0.935,-0.221,-0.912,0.345],"_shiftlockState":false,"_pose":"Running","_animationQueue":[["walk",0.1],["fall",0.3],["walk",0.1]],"_animationSpeed":1.103,"_zoom":8.986},{"_mousePosition":[854,444],"_rootPartCFrame":[763.359,225.859,44.564,0.677,0,0.736,0,1,0,-0.736,0,0.677],"_humanoidState":3,"_cameraCFrame":[764.062,235.764,47.664,0.975,-0.207,0.078,0,0.354,0.935,-0.221,-0.912,0.345],"_shiftlockState":false,"_pose":"Jumping","_animationQueue":[["walk",0.1],["jump",0.1]],"_animationSpeed":1,"_zoom":8.986},{"_mousePosition":[854,444],"_rootPartCFrame":[763.292,226.667,44.306,0.737,0,0.676,0,1,0,-0.676,0,0.737],"_humanoidState":5,"_cameraCFrame":[763.995,236.572,47.406,0.975,-0.207,0.078,0,0.354,0.935,-0.221,-0.912,0.345],"_shiftlockState":false,"_pose":"FreeFall","_animationQueue":[["jump",0.1]],"_animationSpeed":1,"_zoom":8.986},{"_mousePosition":[854,444],"_rootPartCFrame":[763.233,227.421,44.046,0.785,0,0.62,0,1,0,-0.62,0,0.785],"_humanoidState":5,"_cameraCFrame":[763.936,237.326,47.146,0.975,-0.207,0.078,0,0.354,0.935,-0.221,-0.912,0.345],"_shiftlockState":false,"_pose":"FreeFall","_animationQueue":[],"_animationSpeed":1,"_zoom":8.986},{"_mousePosition":[854,444],"_rootPartCFrame":[763.174,228.12,43.786,0.822,0,0.569,0,1,0,-0.569,0,0.822],"_humanoidState":5,"_cameraCFrame":[763.877,238.025,46.886,0.975,-0.207,0.078,0,0.354,0.935,-0.221,-0.912,0.345],"_shiftlockState":false,"_pose":"FreeFall","_animationQueue":[],"_animationSpeed":1,"_zoom":8.986},{"_mousePosition":[854,444],"_rootPartCFrame":[763.116,228.765,43.526,0.852,0,0.524,0,1,0,-0.524,0,0.852],"_humanoidState":5,"_cameraCFrame":[763.818,238.67,46.626,0.975,-0.207,0.078,0,0.354,0.935,-0.221,-0.912,0.345],"_shiftlockState":false,"_pose":"FreeFall","_animationQueue":[],"_animationSpeed":1,"_zoom":8.986},{"_mousePosition":[854,444],"_rootPartCFrame":[763.071,229.213,43.331,0.87,0,0.494,0,1,0,-0.494,0,0.87],"_humanoidState":5,"_cameraCFrame":[763.774,239.118,46.431,0.975,-0.207,0.078,0,0.354,0.935,-0.221,-0.912,0.345],"_shiftlockState":false,"_pose":"FreeFall","_animationQueue":[],"_animationSpeed":1,"_zoom":8.986},{"_mousePosition":[854,444],"_rootPartCFrame":[762.998,229.892,43.005,0.894,0,0.449,0,1,0,-0.449,0,0.894],"_humanoidState":5,"_cameraCFrame":[763.7,239.797,46.106,0.975,-0.207,0.078,0,0.354,0.935,-0.221,-0.912,0.345],"_shiftlockState":false,"_pose":"FreeFall","_animationQueue":[],"_animationSpeed":1,"_zoom":8.986},{"_mousePosition":[854,444],"_rootPartCFrame":[762.939,230.373,42.745,0.909,0,0.418,0,1,0,-0.418,0,0.909],"_humanoidState":5,"_cameraCFrame":[763.642,240.278,45.846,0.975,-0.207,0.078,0,0.354,0.935,-0.221,-0.912,0.345],"_shiftlockState":false,"_pose":"FreeFall","_animationQueue":[],"_animationSpeed":1,"_zoom":8.986},{"_mousePosition":[854,444],"_rootPartCFrame":[762.88,230.8,42.485,0.92,0,0.391,0,1,0,-0.391,0,0.92],"_humanoidState":5,"_cameraCFrame":[763.583,240.705,45.586,0.975,-0.207,0.078,0,0.354,0.935,-0.221,-0.912,0.345],"_shiftlockState":false,"_pose":"FreeFall","_animationQueue":[],"_animationSpeed":1,"_zoom":8.986},{"_mousePosition":[854,444],"_rootPartCFrame":[762.821,231.172,42.225,0.93,0,0.368,0,1,0,-0.368,0,0.93],"_humanoidState":5,"_cameraCFrame":[763.524,241.077,45.326,0.975,-0.207,0.078,0,0.354,0.935,-0.221,-0.912,0.345],"_shiftlockState":false,"_pose":"FreeFall","_animationQueue":[],"_animationSpeed":1,"_zoom":8.986},{"_mousePosition":[854,444],"_rootPartCFrame":[762.763,231.49,41.965,0.938,0,0.347,0,1,0,-0.347,0,0.938],"_humanoidState":5,"_cameraCFrame":[763.466,241.393,45.072,0.975,-0.207,0.078,0,0.355,0.935,-0.221,-0.912,0.346],"_shiftlockState":false,"_pose":"FreeFall","_animationQueue":[],"_animationSpeed":1,"_zoom":8.986},{"_mousePosition":[854,444],"_rootPartCFrame":[762.704,231.754,41.705,0.944,0,0.33,0,1,0,-0.33,0,0.944],"_humanoidState":5,"_cameraCFrame":[765.115,241.651,44.441,0.976,-0.206,0.078,0,0.356,0.934,-0.22,-0.912,0.347],"_shiftlockState":true,"_pose":"FreeFall","_animationQueue":[],"_animationSpeed":1,"_zoom":8.986},{"_mousePosition":[683,384],"_rootPartCFrame":[762.645,231.962,41.445,0.977,0,0.215,0,1,0,-0.215,0,0.977],"_humanoidState":5,"_cameraCFrame":[765.056,241.86,44.181,0.976,-0.206,0.078,0,0.356,0.934,-0.22,-0.912,0.347],"_shiftlockState":true,"_pose":"FreeFall","_animationQueue":[],"_animationSpeed":1,"_zoom":8.986},{"_mousePosition":[683,384],"_rootPartCFrame":[762.586,232.117,41.185,0.976,0,0.219,0,1,0,-0.219,0,0.976],"_humanoidState":5,"_cameraCFrame":[764.988,242.014,43.928,0.976,-0.203,0.077,0,0.356,0.934,-0.217,-0.912,0.348],"_shiftlockState":true,"_pose":"FreeFall","_animationQueue":[],"_animationSpeed":1,"_zoom":8.986},{"_mousePosition":[683,384],"_rootPartCFrame":[762.528,232.217,40.925,0.976,0,0.217,0,1,0,-0.217,0,0.976],"_humanoidState":5,"_cameraCFrame":[764.93,242.114,43.668,0.976,-0.203,0.077,0,0.356,0.934,-0.217,-0.912,0.348],"_shiftlockState":true,"_pose":"FreeFall","_animationQueue":[],"_animationSpeed":1,"_zoom":8.986},{"_mousePosition":[683,384],"_rootPartCFrame":[762.47,232.262,40.664,0.976,0,0.217,0,1,0,-0.217,0,0.976],"_humanoidState":5,"_cameraCFrame":[764.872,242.159,43.408,0.976,-0.203,0.077,0,0.356,0.934,-0.217,-0.912,0.348],"_shiftlockState":true,"_pose":"FreeFall","_animationQueue":[],"_animationSpeed":1,"_zoom":8.986},{"_mousePosition":[683,384],"_rootPartCFrame":[762.412,232.253,40.404,0.976,0,0.217,0,1,0,-0.217,0,0.976],"_humanoidState":5,"_cameraCFrame":[764.814,242.15,43.148,0.976,-0.203,0.077,0,0.356,0.934,-0.217,-0.912,0.348],"_shiftlockState":true,"_pose":"FreeFall","_animationQueue":[],"_animationSpeed":1,"_zoom":8.986},{"_mousePosition":[683,384],"_rootPartCFrame":[762.354,232.189,40.144,0.976,0,0.217,0,1,0,-0.217,0,0.976],"_humanoidState":5,"_cameraCFrame":[764.756,242.087,42.887,0.976,-0.203,0.077,0,0.356,0.934,-0.217,-0.912,0.348],"_shiftlockState":true,"_pose":"FreeFall","_animationQueue":[["fall",0.3]],"_animationSpeed":1,"_zoom":8.986},{"_mousePosition":[683,384],"_rootPartCFrame":[762.296,232.071,39.884,0.976,0,0.217,0,1,0,-0.217,0,0.976],"_humanoidState":5,"_cameraCFrame":[764.698,241.969,42.627,0.976,-0.203,0.077,0,0.356,0.934,-0.217,-0.912,0.348],"_shiftlockState":true,"_pose":"FreeFall","_animationQueue":[],"_animationSpeed":1,"_zoom":8.986},{"_mousePosition":[683,384],"_rootPartCFrame":[762.238,231.899,39.623,0.976,0,0.217,0,1,0,-0.217,0,0.976],"_humanoidState":5,"_cameraCFrame":[764.641,241.796,42.367,0.976,-0.203,0.077,0,0.356,0.934,-0.217,-0.912,0.348],"_shiftlockState":true,"_pose":"FreeFall","_animationQueue":[],"_animationSpeed":1,"_zoom":8.986},{"_mousePosition":[683,384],"_rootPartCFrame":[762.18,231.672,39.363,0.976,0,0.217,0,1,0,-0.217,0,0.976],"_humanoidState":5,"_cameraCFrame":[764.573,241.571,42.107,0.977,-0.2,0.076,0,0.355,0.935,-0.214,-0.913,0.347],"_shiftlockState":true,"_pose":"FreeFall","_animationQueue":[],"_animationSpeed":1,"_zoom":8.986},{"_mousePosition":[683,384],"_rootPartCFrame":[762.123,231.39,39.103,0.977,0,0.214,0,1,0,-0.214,0,0.977],"_humanoidState":5,"_cameraCFrame":[764.499,241.292,41.853,0.978,-0.195,0.074,0,0.355,0.935,-0.209,-0.914,0.347],"_shiftlockState":true,"_pose":"FreeFall","_animationQueue":[],"_animationSpeed":1,"_zoom":8.986},{"_mousePosition":[683,384],"_rootPartCFrame":[762.065,231.054,38.842,0.978,0,0.209,0,1,0,-0.209,0,0.978],"_humanoidState":5,"_cameraCFrame":[764.419,240.961,41.596,0.979,-0.189,0.071,0,0.353,0.936,-0.202,-0.916,0.346],"_shiftlockState":true,"_pose":"FreeFall","_animationQueue":[],"_animationSpeed":1,"_zoom":8.986},{"_mousePosition":[683,384],"_rootPartCFrame":[762.01,230.663,38.581,0.979,0,0.202,0,1,0,-0.202,0,0.979],"_humanoidState":5,"_cameraCFrame":[764.337,240.576,41.342,0.981,-0.181,0.068,0,0.351,0.936,-0.193,-0.919,0.345],"_shiftlockState":true,"_pose":"FreeFall","_animationQueue":[],"_animationSpeed":1,"_zoom":8.986},{"_mousePosition":[683,384],"_rootPartCFrame":[761.956,230.218,38.32,0.981,0,0.194,0,1,0,-0.194,0,0.981],"_humanoidState":5,"_cameraCFrame":[764.225,240.149,41.075,0.984,-0.165,0.061,0,0.346,0.938,-0.176,-0.924,0.341],"_shiftlockState":true,"_pose":"FreeFall","_animationQueue":[["fall",0.3]],"_animationSpeed":1,"_zoom":8.986},{"_mousePosition":[683,384],"_rootPartCFrame":[761.904,229.719,38.059,0.984,0,0.178,0,1,0,-0.178,0,0.984],"_humanoidState":5,"_cameraCFrame":[764.072,239.683,40.789,0.989,-0.136,0.049,0,0.336,0.942,-0.145,-0.932,0.332],"_shiftlockState":true,"_pose":"FreeFall","_animationQueue":[],"_animationSpeed":1,"_zoom":8.986},{"_mousePosition":[683,384],"_rootPartCFrame":[761.868,229.308,37.862,0.989,0,0.147,0,1,0,-0.147,0,0.989],"_humanoidState":5,"_cameraCFrame":[763.904,239.316,40.56,0.995,-0.097,0.033,0,0.322,0.947,-0.102,-0.942,0.32],"_shiftlockState":true,"_pose":"FreeFall","_animationQueue":[],"_animationSpeed":1,"_zoom":8.986},{"_mousePosition":[683,384],"_rootPartCFrame":[761.818,228.556,37.532,0.994,0,0.109,0,1,0,-0.109,0,0.994],"_humanoidState":5,"_cameraCFrame":[763.738,238.607,40.179,0.998,-0.06,0.019,0,0.307,0.952,-0.063,-0.95,0.307],"_shiftlockState":true,"_pose":"FreeFall","_animationQueue":[],"_animationSpeed":1,"_zoom":8.986},{"_mousePosition":[683,384],"_rootPartCFrame":[761.789,227.893,37.267,0.998,0,0.068,0,1,0,-0.068,0,0.998],"_humanoidState":5,"_cameraCFrame":[763.626,237.981,39.852,0.999,-0.032,0.01,0,0.294,0.956,-0.033,-0.955,0.294],"_shiftlockState":true,"_pose":"FreeFall","_animationQueue":[],"_animationSpeed":1,"_zoom":8.986},{"_mousePosition":[683,384],"_rootPartCFrame":[761.771,227.175,37.001,0.999,0,0.038,0,1,0,-0.038,0,0.999],"_humanoidState":5,"_cameraCFrame":[763.555,237.291,39.532,1,-0.013,0.004,0,0.284,0.959,-0.013,-0.959,0.284],"_shiftlockState":true,"_pose":"FreeFall","_animationQueue":[],"_animationSpeed":1,"_zoom":8.986},{"_mousePosition":[683,384],"_rootPartCFrame":[761.761,226.403,36.735,1,0,0.015,0,1,0,-0.015,0,1],"_humanoidState":7,"_cameraCFrame":[763.526,236.535,39.223,1,-0.006,0.002,0,0.278,0.961,-0.006,-0.961,0.278],"_shiftlockState":true,"_pose":"FreeFall","_animationQueue":[["fall",0.3],["walk",0.1],["fall",0.3],["fall",0.3]],"_animationSpeed":1,"_zoom":8.986},{"_mousePosition":[683,384],"_rootPartCFrame":[761.757,225.848,36.468,1,0,0.006,0,1,0,-0.006,0,1],"_humanoidState":7,"_cameraCFrame":[763.516,235.989,38.925,1,-0.004,0.001,0,0.274,0.962,-0.004,-0.962,0.274],"_shiftlockState":true,"_pose":"FreeFall","_animationQueue":[],"_animationSpeed":1,"_zoom":8.986},{"_mousePosition":[683,384],"_rootPartCFrame":[761.754,225.923,36.135,1,0,0.004,0,1,0,-0.004,0,1],"_humanoidState":8,"_cameraCFrame":[763.514,236.071,38.571,1,-0.004,0.001,0,0.272,0.962,-0.004,-0.962,0.272],"_shiftlockState":true,"_pose":"Running","_animationQueue":[["walk",0.1],["fall",0.3],["walk",0.1]],"_animationSpeed":1.103,"_zoom":8.986},{"_mousePosition":[683,384],"_rootPartCFrame":[761.753,226.575,35.935,1,0,0.004,0,1,0,-0.004,0,1],"_humanoidState":3,"_cameraCFrame":[763.515,236.735,38.327,1,-0.005,0.001,0,0.267,0.964,-0.005,-0.964,0.267],"_shiftlockState":true,"_pose":"Jumping","_animationQueue":[["walk",0.1],["jump",0.1]],"_animationSpeed":1,"_zoom":8.986},{"_mousePosition":[683,384],"_rootPartCFrame":[761.752,227.397,35.668,1,0,0.005,0,1,0,-0.005,0,1],"_humanoidState":5,"_cameraCFrame":[763.519,237.57,38.008,1,-0.007,0.002,0,0.262,0.965,-0.007,-0.965,0.262],"_shiftlockState":true,"_pose":"FreeFall","_animationQueue":[["jump",0.1]],"_animationSpeed":1,"_zoom":8.986},{"_mousePosition":[683,384],"_rootPartCFrame":[761.751,228.165,35.401,1,0,0.007,0,1,0,-0.007,0,1],"_humanoidState":5,"_cameraCFrame":[763.519,238.353,37.683,1,-0.008,0.002,0,0.256,0.967,-0.008,-0.967,0.255],"_shiftlockState":true,"_pose":"FreeFall","_animationQueue":[],"_animationSpeed":1,"_zoom":8.986},{"_mousePosition":[683,384],"_rootPartCFrame":[761.749,228.878,35.135,1,0,0.008,0,1,0,-0.008,0,1],"_humanoidState":5,"_cameraCFrame":[763.519,239.078,37.366,1,-0.009,0.002,0,0.25,0.968,-0.009,-0.968,0.25],"_shiftlockState":true,"_pose":"FreeFall","_animationQueue":[],"_animationSpeed":1,"_zoom":8.986},{"_mousePosition":[683,384],"_rootPartCFrame":[761.747,229.536,34.868,1,0,0.009,0,1,0,-0.009,0,1],"_humanoidState":5,"_cameraCFrame":[763.519,239.748,37.055,1,-0.01,0.003,0,0.245,0.969,-0.01,-0.969,0.245],"_shiftlockState":true,"_pose":"FreeFall","_animationQueue":[],"_animationSpeed":1,"_zoom":8.986},{"_mousePosition":[683,384],"_rootPartCFrame":[761.744,230.14,34.602,1,0,0.01,0,1,0,-0.01,0,1],"_humanoidState":5,"_cameraCFrame":[761.773,240.369,36.736,1,-0.013,0.003,0,0.238,0.971,-0.013,-0.971,0.238],"_shiftlockState":false,"_pose":"FreeFall","_animationQueue":[],"_animationSpeed":1,"_zoom":8.986},{"_mousePosition":[683,384],"_rootPartCFrame":[761.742,230.69,34.335,1,0,0.01,0,1,0,-0.01,0,1],"_humanoidState":5,"_cameraCFrame":[761.77,240.919,36.469,1,-0.013,0.003,0,0.238,0.971,-0.013,-0.971,0.238],"_shiftlockState":false,"_pose":"FreeFall","_animationQueue":[],"_animationSpeed":1,"_zoom":8.986},{"_mousePosition":[683,384],"_rootPartCFrame":[761.738,231.185,34.068,1,0,0.01,0,1,0,-0.01,0,1],"_humanoidState":5,"_cameraCFrame":[761.796,241.434,36.117,1,-0.027,0.006,0,0.228,0.974,-0.028,-0.973,0.228],"_shiftlockState":false,"_pose":"FreeFall","_animationQueue":[],"_animationSpeed":1,"_zoom":8.986},{"_mousePosition":[683,384],"_rootPartCFrame":[761.735,231.625,33.802,1,0,0.011,0,1,0,-0.011,0,1],"_humanoidState":5,"_cameraCFrame":[761.836,241.889,35.785,0.999,-0.05,0.011,0,0.221,0.975,-0.051,-0.974,0.221],"_shiftlockState":false,"_pose":"FreeFall","_animationQueue":[],"_animationSpeed":1,"_zoom":8.986},{"_mousePosition":[683,384],"_rootPartCFrame":[761.728,232.011,33.535,1,0,0.012,0,1,0,-0.012,0,1],"_humanoidState":5,"_cameraCFrame":[761.868,242.285,35.474,0.997,-0.07,0.016,0,0.216,0.976,-0.072,-0.974,0.216],"_shiftlockState":false,"_pose":"FreeFall","_animationQueue":[],"_animationSpeed":1,"_zoom":8.986},{"_mousePosition":[683,384],"_rootPartCFrame":[761.715,232.343,33.269,1,0,0.017,0,1,0,-0.017,0,1],"_humanoidState":5,"_cameraCFrame":[761.869,242.618,35.199,0.997,-0.077,0.017,0,0.216,0.976,-0.079,-0.973,0.215],"_shiftlockState":false,"_pose":"FreeFall","_animationQueue":[],"_animationSpeed":1,"_zoom":8.986},{"_mousePosition":[683,384],"_rootPartCFrame":[761.697,232.62,33.003,1,0,0.023,0,1,0,-0.023,0,1],"_humanoidState":5,"_cameraCFrame":[761.847,242.892,34.948,0.997,-0.075,0.017,0,0.217,0.976,-0.077,-0.973,0.216],"_shiftlockState":false,"_pose":"FreeFall","_animationQueue":[],"_animationSpeed":1,"_zoom":8.986},{"_mousePosition":[683,384],"_rootPartCFrame":[761.676,232.843,32.737,1,0,0.031,0,1,0,-0.031,0,1],"_humanoidState":5,"_cameraCFrame":[761.827,243.114,34.682,0.997,-0.075,0.017,0,0.217,0.976,-0.077,-0.973,0.216],"_shiftlockState":false,"_pose":"FreeFall","_animationQueue":[],"_animationSpeed":1,"_zoom":8.986},{"_mousePosition":[683,384],"_rootPartCFrame":[761.655,233.011,32.471,0.999,0,0.037,0,1,0,-0.037,0,0.999],"_humanoidState":5,"_cameraCFrame":[761.806,243.282,34.416,0.997,-0.075,0.017,0,0.217,0.976,-0.077,-0.973,0.216],"_shiftlockState":false,"_pose":"FreeFall","_animationQueue":[],"_animationSpeed":1,"_zoom":8.986},{"_mousePosition":[683,384],"_rootPartCFrame":[761.635,233.124,32.205,0.999,0,0.043,0,1,0,-0.043,0,0.999],"_humanoidState":5,"_cameraCFrame":[761.785,243.396,34.15,0.997,-0.075,0.017,0,0.217,0.976,-0.077,-0.973,0.216],"_shiftlockState":false,"_pose":"FreeFall","_animationQueue":[],"_animationSpeed":1,"_zoom":8.986},{"_mousePosition":[683,384],"_rootPartCFrame":[761.619,233.173,32.006,0.999,0,0.047,0,1,0,-0.047,0,0.999],"_humanoidState":5,"_cameraCFrame":[761.77,243.445,33.951,0.997,-0.075,0.017,0,0.217,0.976,-0.077,-0.973,0.216],"_shiftlockState":false,"_pose":"FreeFall","_animationQueue":[],"_animationSpeed":1,"_zoom":8.986},{"_mousePosition":[683,384],"_rootPartCFrame":[761.594,233.188,31.673,0.999,0,0.052,0,1,0,-0.052,0,0.999],"_humanoidState":5,"_cameraCFrame":[761.744,243.459,33.618,0.997,-0.075,0.017,0,0.217,0.976,-0.077,-0.973,0.216],"_shiftlockState":false,"_pose":"FreeFall","_animationQueue":[],"_animationSpeed":1,"_zoom":8.986},{"_mousePosition":[683,384],"_rootPartCFrame":[761.573,233.138,31.407,0.998,0,0.055,0,1,0,-0.055,0,0.998],"_humanoidState":5,"_cameraCFrame":[761.724,243.409,33.353,0.997,-0.075,0.017,0,0.217,0.976,-0.077,-0.973,0.216],"_shiftlockState":false,"_pose":"FreeFall","_animationQueue":[["fall",0.3]],"_animationSpeed":1,"_zoom":8.986},{"_mousePosition":[683,384],"_rootPartCFrame":[761.553,233.033,31.142,0.998,0,0.059,0,1,0,-0.059,0,0.998],"_humanoidState":5,"_cameraCFrame":[761.703,243.305,33.087,0.997,-0.075,0.017,0,0.217,0.976,-0.077,-0.973,0.216],"_shiftlockState":false,"_pose":"FreeFall","_animationQueue":[],"_animationSpeed":1,"_zoom":8.986},{"_mousePosition":[683,384],"_rootPartCFrame":[761.532,232.874,30.876,0.998,0,0.061,0,1,0,-0.061,0,0.998],"_humanoidState":5,"_cameraCFrame":[761.683,243.146,32.821,0.997,-0.075,0.017,0,0.217,0.976,-0.077,-0.973,0.216],"_shiftlockState":false,"_pose":"FreeFall","_animationQueue":[],"_animationSpeed":1,"_zoom":8.986},{"_mousePosition":[683,384],"_rootPartCFrame":[761.512,232.661,30.61,0.998,0,0.063,0,1,0,-0.063,0,0.998],"_humanoidState":5,"_cameraCFrame":[761.662,242.932,32.555,0.997,-0.075,0.017,0,0.217,0.976,-0.077,-0.973,0.216],"_shiftlockState":false,"_pose":"FreeFall","_animationQueue":[],"_animationSpeed":1,"_zoom":8.986},{"_mousePosition":[683,384],"_rootPartCFrame":[761.491,232.393,30.344,0.998,0,0.065,0,1,0,-0.065,0,0.998],"_humanoidState":5,"_cameraCFrame":[761.642,242.664,32.289,0.997,-0.075,0.017,0,0.217,0.976,-0.077,-0.973,0.216],"_shiftlockState":false,"_pose":"FreeFall","_animationQueue":[],"_animationSpeed":1,"_zoom":8.986},{"_mousePosition":[683,384],"_rootPartCFrame":[761.471,232.07,30.078,0.998,0,0.067,0,1,0,-0.067,0,0.998],"_humanoidState":5,"_cameraCFrame":[761.621,242.342,32.023,0.997,-0.075,0.017,0,0.217,0.976,-0.077,-0.973,0.216],"_shiftlockState":false,"_pose":"FreeFall","_animationQueue":[],"_animationSpeed":1,"_zoom":8.986},{"_mousePosition":[683,384],"_rootPartCFrame":[761.45,231.693,29.812,0.998,0,0.068,0,1,0,-0.068,0,0.998],"_humanoidState":5,"_cameraCFrame":[761.601,241.965,31.757,0.997,-0.075,0.017,0,0.217,0.976,-0.077,-0.973,0.216],"_shiftlockState":false,"_pose":"FreeFall","_animationQueue":[],"_animationSpeed":1,"_zoom":8.986},{"_mousePosition":[683,384],"_rootPartCFrame":[761.435,231.375,29.613,0.998,0,0.069,0,1,0,-0.069,0,0.998],"_humanoidState":5,"_cameraCFrame":[761.583,241.646,31.558,0.997,-0.074,0.017,0,0.217,0.976,-0.076,-0.973,0.216],"_shiftlockState":false,"_pose":"FreeFall","_animationQueue":[["fall",0.3]],"_animationSpeed":1,"_zoom":8.986},{"_mousePosition":[683,384],"_rootPartCFrame":[761.409,230.776,29.28,0.997,0,0.071,0,1,0,-0.071,0,0.997],"_humanoidState":5,"_cameraCFrame":[761.526,241.03,31.306,0.998,-0.056,0.013,0,0.226,0.974,-0.057,-0.973,0.225],"_shiftlockState":false,"_pose":"FreeFall","_animationQueue":[],"_animationSpeed":1,"_zoom":8.986},{"_mousePosition":[683,384],"_rootPartCFrame":[761.389,230.235,29.015,0.997,0,0.072,0,1,0,-0.072,0,0.997],"_humanoidState":5,"_cameraCFrame":[761.46,240.479,31.084,0.999,-0.033,0.008,0,0.23,0.973,-0.034,-0.973,0.23],"_shiftlockState":false,"_pose":"FreeFall","_animationQueue":[],"_animationSpeed":1,"_zoom":8.986},{"_mousePosition":[683,384],"_rootPartCFrame":[761.377,229.794,28.815,0.997,0,0.071,0,1,0,-0.071,0,0.997],"_humanoidState":5,"_cameraCFrame":[761.365,240.037,30.893,1,0.005,-0.001,0,0.231,0.973,0.005,-0.973,0.231],"_shiftlockState":false,"_pose":"FreeFall","_animationQueue":[],"_animationSpeed":1,"_zoom":8.986},{"_mousePosition":[683,384],"_rootPartCFrame":[761.364,228.991,28.482,0.998,0,0.066,0,1,0,-0.066,0,0.998],"_humanoidState":5,"_cameraCFrame":[761.297,239.237,30.545,0.999,0.032,-0.008,0,0.23,0.973,0.033,-0.973,0.23],"_shiftlockState":false,"_pose":"FreeFall","_animationQueue":[],"_animationSpeed":1,"_zoom":8.986},{"_mousePosition":[683,384],"_rootPartCFrame":[761.364,228.287,28.215,0.998,0,0.058,0,1,0,-0.058,0,0.998],"_humanoidState":5,"_cameraCFrame":[761.262,238.533,30.277,0.999,0.048,-0.011,0,0.23,0.973,0.049,-0.972,0.229],"_shiftlockState":false,"_pose":"FreeFall","_animationQueue":[],"_animationSpeed":1,"_zoom":8.986},{"_mousePosition":[683,384],"_rootPartCFrame":[761.372,227.528,27.949,0.999,0,0.047,0,1,0,-0.047,0,0.999],"_humanoidState":5,"_cameraCFrame":[761.255,237.774,30.007,0.998,0.055,-0.013,0,0.229,0.973,0.057,-0.972,0.229],"_shiftlockState":false,"_pose":"FreeFall","_animationQueue":[],"_animationSpeed":1,"_zoom":8.986},{"_mousePosition":[683,384],"_rootPartCFrame":[761.386,226.715,27.683,0.999,0,0.034,0,1,0,-0.034,0,0.999],"_humanoidState":5,"_cameraCFrame":[761.269,236.961,29.741,0.998,0.055,-0.013,0,0.229,0.973,0.057,-0.972,0.229],"_shiftlockState":false,"_pose":"FreeFall","_animationQueue":[],"_animationSpeed":1,"_zoom":8.986},{"_mousePosition":[683,384],"_rootPartCFrame":[761.401,225.848,27.416,1,0,0.021,0,1,0,-0.021,0,1],"_humanoidState":5,"_cameraCFrame":[761.284,236.094,29.475,0.998,0.055,-0.013,0,0.229,0.973,0.057,-0.972,0.229],"_shiftlockState":false,"_pose":"FreeFall","_animationQueue":[],"_animationSpeed":1,"_zoom":8.986},{"_mousePosition":[683,384],"_rootPartCFrame":[761.413,225.718,27.217,1,0,0.01,0,1,0,-0.01,0,1],"_humanoidState":7,"_cameraCFrame":[761.296,235.966,29.268,0.998,0.055,-0.013,0,0.229,0.974,0.057,-0.972,0.228],"_shiftlockState":false,"_pose":"FreeFall","_animationQueue":[["fall",0.3],["walk",0.1],["fall",0.3],["fall",0.3]],"_animationSpeed":1,"_zoom":8.986},{"_mousePosition":[683,384],"_rootPartCFrame":[761.423,225.779,27.028,1,0,0.001,0,1,0,-0.001,0,1],"_humanoidState":7,"_cameraCFrame":[761.31,236.04,29.023,0.998,0.055,-0.013,0,0.222,0.975,0.057,-0.973,0.222],"_shiftlockState":false,"_pose":"FreeFall","_animationQueue":[],"_animationSpeed":1,"_zoom":8.986},{"_mousePosition":[683,384],"_rootPartCFrame":[761.437,225.86,26.792,1,0,-0.009,0,1,0,0.009,0,1],"_humanoidState":8,"_cameraCFrame":[761.327,236.133,28.731,0.998,0.055,-0.012,0,0.216,0.976,0.057,-0.975,0.216],"_shiftlockState":false,"_pose":"Running","_animationQueue":[["walk",0.1],["fall",0.3],["walk",0.1]],"_animationSpeed":0.781,"_zoom":8.986},{"_mousePosition":[683,384],"_rootPartCFrame":[761.442,225.914,26.698,1,0,-0.012,0,1,0,0.012,0,1],"_humanoidState":8,"_cameraCFrame":[761.335,236.2,28.58,0.998,0.055,-0.012,0,0.21,0.978,0.057,-0.976,0.209],"_shiftlockState":false,"_pose":"Running","_animationQueue":[],"_animationSpeed":0.781,"_zoom":8.986},{"_mousePosition":[683,384],"_rootPartCFrame":[761.456,225.994,26.463,1,0,-0.02,0,1,0,0.02,0,1],"_humanoidState":8,"_cameraCFrame":[761.352,236.291,28.295,0.998,0.055,-0.012,0,0.204,0.979,0.057,-0.977,0.204],"_shiftlockState":false,"_pose":"Running","_animationQueue":[],"_animationSpeed":0.781,"_zoom":8.986},{"_mousePosition":[683,384],"_rootPartCFrame":[761.466,226.096,26.274,1,0,-0.025,0,1,0,0.025,0,1],"_humanoidState":8,"_cameraCFrame":[761.365,236.403,28.057,0.998,0.056,-0.011,0,0.199,0.98,0.057,-0.978,0.198],"_shiftlockState":false,"_pose":"Running","_animationQueue":[],"_animationSpeed":0.781,"_zoom":8.986},{"_mousePosition":[683,384],"_rootPartCFrame":[761.477,226.236,26.086,1,0,-0.03,0,1,0,0.03,0,1],"_humanoidState":8,"_cameraCFrame":[761.378,236.552,27.826,0.998,0.056,-0.011,0,0.194,0.981,0.057,-0.979,0.194],"_shiftlockState":false,"_pose":"Running","_animationQueue":[["walk",0.1]],"_animationSpeed":0.781,"_zoom":8.986},{"_mousePosition":[683,384],"_rootPartCFrame":[761.485,226.358,25.945,0.999,0,-0.032,0,1,0,0.032,0,0.999],"_humanoidState":8,"_cameraCFrame":[761.389,236.682,27.642,0.998,0.056,-0.011,0,0.189,0.982,0.057,-0.98,0.189],"_shiftlockState":false,"_pose":"Running","_animationQueue":[],"_animationSpeed":0.781,"_zoom":8.986},{"_mousePosition":[683,384],"_rootPartCFrame":[761.499,226.571,25.709,0.999,0,-0.037,0,1,0,0.037,0,0.999],"_humanoidState":8,"_cameraCFrame":[761.406,236.9,27.379,0.998,0.055,-0.01,0,0.186,0.983,0.056,-0.981,0.186],"_shiftlockState":false,"_pose":"Running","_animationQueue":[],"_animationSpeed":0.781,"_zoom":8.986},{"_mousePosition":[683,384],"_rootPartCFrame":[761.509,226.75,25.521,0.999,0,-0.04,0,