[{"_mousePosition":[1158,397],"_rootPartCFrame":[776.023,222.965,47.142,0.004,0.005,1,0,1,-0.005,-1,0,0.004],"_humanoidState":8,"_cameraCFrame":[780.568,232.22,47.295,0.034,-0.862,0.505,0,0.505,0.863,-0.999,-0.029,0.017],"_shiftlockState":false,"_pose":"Standing","_animationQueue":[],"_animationSpeed":1,"_zoom":8.986},{"_mousePosition":[1129,389],"_rootPartCFrame":[775.719,222.807,47.132,0.009,0,1,0,1,0,-1,0,0.009],"_humanoidState":8,"_cameraCFrame":[780.257,232.062,47.285,0.034,-0.862,0.505,0,0.505,0.863,-0.999,-0.029,0.017],"_shiftlockState":false,"_pose":"Standing","_animationQueue":[],"_animationSpeed":1,"_zoom":8.986},{"_mousePosition":[1104,384],"_rootPartCFrame":[775.587,222.725,47.127,0.011,0,1,0,1,0,-1,0,0.011],"_humanoidState":8,"_cameraCFrame":[780.124,231.98,47.28,0.034,-0.862,0.505,0,0.505,0.863,-0.999,-0.029,0.017],"_shiftlockState":false,"_pose":"Running","_animationQueue":[["walk",0.1]],"_animationSpeed":1.088,"_zoom":8.986},{"_mousePosition":[1099,383],"_rootPartCFrame":[775.32,222.613,47.118,0.014,0,1,0,1,0,-1,0,0.014],"_humanoidState":8,"_cameraCFrame":[779.858,231.867,47.271,0.034,-0.862,0.505,0,0.505,0.863,-0.999,-0.029,0.017],"_shiftlockState":false,"_pose":"Running","_animationQueue":[["walk",0.1]],"_animationSpeed":1.088,"_zoom":8.986},{"_mousePosition":[1073,381],"_rootPartCFrame":[775.054,222.637,47.109,0.016,0,1,0,1,0,-1,0,0.016],"_humanoidState":8,"_cameraCFrame":[779.591,231.892,47.262,0.034,-0.862,0.505,0,0.505,0.863,-0.999,-0.029,0.017],"_shiftlockState":false,"_pose":"Running","_animationQueue":[],"_animationSpeed":1.088,"_zoom":8.986},{"_mousePosition":[1064,383],"_rootPartCFrame":[774.787,222.663,47.1,0.019,0,1,0,1,0,-1,0,0.019],"_humanoidState":8,"_cameraCFrame":[779.325,231.918,47.253,0.034,-0.862,0.505,0,0.505,0.863,-0.999,-0.029,0.017],"_shiftlockState":false,"_pose":"Running","_animationQueue":[],"_animationSpeed":1.088,"_zoom":8.986},{"_mousePosition":[1063,384],"_rootPartCFrame":[774.521,222.68,47.091,0.021,0,1,0,1,0,-1,0,0.021],"_humanoidState":8,"_cameraCFrame":[779.058,231.934,47.244,0.034,-0.862,0.505,0,0.505,0.863,-0.999,-0.029,0.017],"_shiftlockState":false,"_pose":"Running","_animationQueue":[],"_animationSpeed":1.088,"_zoom":8.986},{"_mousePosition":[1056,389],"_rootPartCFrame":[774.254,222.689,47.082,0.022,0,1,0,1,0,-1,0,0.022],"_humanoidState":8,"_cameraCFrame":[778.792,231.944,47.235,0.034,-0.862,0.505,0,0.505,0.863,-0.999,-0.029,0.017],"_shiftlockState":false,"_pose":"Running","_animationQueue":[],"_animationSpeed":1.088,"_zoom":8.986},{"_mousePosition":[1056,390],"_rootPartCFrame":[773.988,222.694,47.073,0.024,0,1,0,1,0,-1,0,0.024],"_humanoidState":8,"_cameraCFrame":[778.525,231.949,47.226,0.034,-0.862,0.505,0,0.505,0.863,-0.999,-0.029,0.017],"_shiftlockState":false,"_pose":"Running","_animationQueue":[],"_animationSpeed":1.088,"_zoom":8.986},{"_mousePosition":[1056,390],"_rootPartCFrame":[773.721,222.697,47.065,0.025,0,1,0,1,0,-1,0,0.025],"_humanoidState":8,"_cameraCFrame":[778.203,231.984,47.211,0.033,-0.866,0.499,0,0.499,0.867,-0.999,-0.028,0.016],"_shiftlockState":false,"_pose":"Running","_animationQueue":[],"_animationSpeed":1.088,"_zoom":8.986},{"_mousePosition":[1056,390],"_rootPartCFrame":[773.322,222.698,47.051,0.027,0,1,0,1,0,-1,0,0.027],"_humanoidState":8,"_cameraCFrame":[777.753,232.015,47.191,0.032,-0.869,0.493,0,0.493,0.87,-1,-0.027,0.016],"_shiftlockState":false,"_pose":"Running","_animationQueue":[["walk",0.1]],"_animationSpeed":1.088,"_zoom":8.986},{"_mousePosition":[1056,390],"_rootPartCFrame":[773.188,222.699,47.047,0.027,0,1,0,1,0,-1,0,0.027],"_humanoidState":8,"_cameraCFrame":[777.525,232.068,47.184,0.032,-0.875,0.483,0,0.483,0.876,-1,-0.028,0.015],"_shiftlockState":false,"_pose":"Running","_animationQueue":[],"_animationSpeed":1.088,"_zoom":8.986},{"_mousePosition":[1056,390],"_rootPartCFrame":[772.922,222.699,47.038,0.028,0,1,0,1,0,-1,0,0.028],"_humanoidState":8,"_cameraCFrame":[777.137,232.134,47.171,0.032,-0.883,0.469,0,0.469,0.883,-1,-0.028,0.015],"_shiftlockState":false,"_pose":"Running","_animationQueue":[],"_animationSpeed":1.088,"_zoom":8.986},{"_mousePosition":[1056,390],"_rootPartCFrame":[772.655,222.699,47.03,0.028,0,1,0,1,0,-1,0,0.028],"_humanoidState":8,"_cameraCFrame":[776.729,232.208,47.167,0.034,-0.891,0.453,0,0.454,0.891,-0.999,-0.03,0.015],"_shiftlockState":false,"_pose":"Running","_animationQueue":[],"_animationSpeed":1.088,"_zoom":8.986},{"_mousePosition":[1056,390],"_rootPartCFrame":[772.389,222.7,47.021,0.029,0,1,0,1,0,-1,0,0.029],"_humanoidState":8,"_cameraCFrame":[776.3,232.288,47.178,0.04,-0.899,0.435,0,0.436,0.9,-0.999,-0.036,0.017],"_shiftlockState":false,"_pose":"Running","_animationQueue":[],"_animationSpeed":1.088,"_zoom":8.986},{"_mousePosition":[1056,390],"_rootPartCFrame":[772.122,222.7,47.012,0.029,0,1,0,1,0,-1,0,0.029],"_humanoidState":8,"_cameraCFrame":[775.828,232.384,47.199,0.05,-0.91,0.412,0,0.413,0.911,-0.999,-0.046,0.021],"_shiftlockState":false,"_pose":"Running","_animationQueue":[],"_animationSpeed":1.088,"_zoom":8.986},{"_mousePosition":[1056,390],"_rootPartCFrame":[771.856,222.7,47.002,0.031,0,1,0,1,0,-1,0,0.031],"_humanoidState":8,"_cameraCFrame":[775.287,232.502,47.226,0.065,-0.922,0.382,0,0.383,0.924,-0.998,-0.06,0.025],"_shiftlockState":false,"_pose":"Running","_animationQueue":[],"_animationSpeed":1.088,"_zoom":8.986},{"_mousePosition":[1056,390],"_rootPartCFrame":[771.59,222.7,46.989,0.033,0,0.999,0,1,0,-0.999,0,0.033],"_humanoidState":8,"_cameraCFrame":[774.855,232.621,45.497,0.081,-0.934,0.348,0,0.349,0.937,-0.997,-0.076,0.028],"_shiftlockState":true,"_pose":"Running","_animationQueue":[["walk",0.1]],"_animationSpeed":1.088,"_zoom":8.986},{"_mousePosition":[683,384],"_rootPartCFrame":[771.19,222.7,46.963,0.081,0,0.997,0,1,0,-0.997,0,0.081],"_humanoidState":8,"_cameraCFrame":[774.456,232.621,45.472,0.081,-0.934,0.348,0,0.349,0.937,-0.997,-0.076,0.028],"_shiftlockState":true,"_pose":"Running","_animationQueue":[],"_animationSpeed":1.088,"_zoom":8.986},{"_mousePosition":[683,384],"_rootPartCFrame":[770.991,222.7,46.948,0.081,0,0.997,0,1,0,-0.997,0,0.081],"_humanoidState":8,"_cameraCFrame":[773.969,232.734,45.495,0.103,-0.945,0.311,0,0.313,0.95,-0.995,-0.097,0.032],"_shiftlockState":true,"_pose":"Running","_animationQueue":[],"_animationSpeed":1.088,"_zoom":8.986},{"_mousePosition":[683,384],"_rootPartCFrame":[770.725,222.7,46.926,0.103,0,0.995,0,1,0,-0.995,0,0.103],"_humanoidState":8,"_cameraCFrame":[773.391,232.842,45.51,0.13,-0.954,0.271,0,0.274,0.962,-0.992,-0.125,0.035],"_shiftlockState":true,"_pose":"Running","_animationQueue":[],"_animationSpeed":1.088,"_zoom":8.986},{"_mousePosition":[683,384],"_rootPartCFrame":[770.46,222.7,46.9,0.13,0,0.992,0,1,0,-0.992,0,0.13],"_humanoidState":8,"_cameraCFrame":[772.824,232.933,45.503,0.157,-0.96,0.233,0,0.236,0.972,-0.988,-0.152,0.037],"_shiftlockState":true,"_pose":"Running","_animationQueue":[],"_animationSpeed":1.088,"_zoom":8.986},{"_mousePosition":[683,384],"_rootPartCFrame":[770.194,222.666,46.872,0.157,0,0.988,0,1,0,-0.988,0,0.157],"_humanoidState":8,"_cameraCFrame":[772.259,232.974,45.474,0.181,-0.964,0.194,0,0.198,0.98,-0.983,-0.178,0.036],"_shiftlockState":true,"_pose":"Running","_animationQueue":[],"_animationSpeed":1.088,"_zoom":8.986},{"_mousePosition":[683,384],"_rootPartCFrame":[769.863,223.736,46.838,0.181,0,0.983,0,1,0,-0.983,0,0.181],"_humanoidState":3,"_cameraCFrame":[771.741,234.085,45.435,0.2,-0.965,0.17,0,0.174,0.985,-0.98,-0.197,0.035],"_shiftlockState":true,"_pose":"Jumping","_animationQueue":[["walk",0.1],["walk",0.1],["jump",0.1]],"_animationSpeed":1,"_zoom":8.986},{"_mousePosition":[683,384],"_rootPartCFrame":[769.665,224.337,46.806,0.199,0,0.98,0,1,0,-0.98,0,0.199],"_humanoidState":5,"_cameraCFrame":[771.57,234.686,45.439,0.218,-0.961,0.169,0,0.174,0.985,-0.976,-0.215,0.038],"_shiftlockState":true,"_pose":"FreeFall","_animationQueue":[["jump",0.1]],"_animationSpeed":1,"_zoom":8.986},{"_mousePosition":[683,384],"_rootPartCFrame":[769.404,225.091,46.754,0.216,0,0.976,0,1,0,-0.976,0,0.216],"_humanoidState":5,"_cameraCFrame":[771.327,235.44,45.413,0.232,-0.958,0.169,0,0.174,0.985,-0.973,-0.228,0.04],"_shiftlockState":true,"_pose":"FreeFall","_animationQueue":[],"_animationSpeed":1,"_zoom":8.986},{"_mousePosition":[683,384],"_rootPartCFrame":[769.143,225.79,46.696,0.23,0,0.973,0,1,0,-0.973,0,0.23],"_humanoidState":5,"_cameraCFrame":[771.085,236.14,45.381,0.245,-0.955,0.168,0,0.174,0.985,-0.97,-0.241,0.043],"_shiftlockState":true,"_pose":"FreeFall","_animationQueue":[],"_animationSpeed":1,"_zoom":8.986},{"_mousePosition":[683,384],"_rootPartCFrame":[768.884,226.435,46.635,0.243,0,0.97,0,1,0,-0.97,0,0.243],"_humanoidState":5,"_cameraCFrame":[770.836,236.785,45.336,0.253,-0.953,0.168,0,0.174,0.985,-0.967,-0.249,0.044],"_shiftlockState":true,"_pose":"FreeFall","_animationQueue":[],"_animationSpeed":1,"_zoom":8.986},{"_mousePosition":[683,384],"_rootPartCFrame":[768.625,227.025,46.57,0.252,0,0.968,0,1,0,-0.968,0,0.252],"_humanoidState":5,"_cameraCFrame":[770.581,237.375,45.278,0.256,-0.952,0.168,0,0.174,0.985,-0.967,-0.252,0.044],"_shiftlockState":true,"_pose":"FreeFall","_animationQueue":[],"_animationSpeed":1,"_zoom":8.986},{"_mousePosition":[683,384],"_rootPartCFrame":[768.367,227.561,46.503,0.255,0,0.967,0,1,0,-0.967,0,0.255],"_humanoidState":5,"_cameraCFrame":[770.325,237.911,45.213,0.257,-0.952,0.168,0,0.174,0.985,-0.966,-0.253,0.045],"_shiftlockState":true,"_pose":"FreeFall","_animationQueue":[],"_animationSpeed":1,"_zoom":8.986},{"_mousePosition":[683,384],"_rootPartCFrame":[768.109,228.043,46.435,0.257,0,0.966,0,1,0,-0.966,0,0.257],"_humanoidState":5,"_cameraCFrame":[770.068,238.392,45.147,0.258,-0.951,0.168,0,0.174,0.985,-0.966,-0.254,0.045],"_shiftlockState":true,"_pose":"FreeFall","_animationQueue":[],"_animationSpeed":1,"_zoom":8.986},{"_mousePosition":[683,384],"_rootPartCFrame":[767.851,228.47,46.367,0.258,0,0.966,0,1,0,-0.966,0,0.258],"_humanoidState":5,"_cameraCFrame":[769.812,238.819,45.08,0.259,-0.951,0.168,0,0.174,0.985,-0.966,-0.255,0.045],"_shiftlockState":true,"_pose":"FreeFall","_animationQueue":[],"_animationSpeed":1,"_zoom":8.986},{"_mousePosition":[683,384],"_rootPartCFrame":[767.594,228.842,46.298,0.259,0,0.966,0,1,0,-0.966,0,0.259],"_humanoidState":5,"_cameraCFrame":[769.554,239.192,45.012,0.259,-0.951,0.168,0,0.174,0.985,-0.966,-0.255,0.045],"_shiftlockState":true,"_pose":"FreeFall","_animationQueue":[],"_animationSpeed":1,"_zoom":8.986},{"_mousePosition":[683,384],"_rootPartCFrame":[767.336,229.16,46.229,0.259,0,0.966,0,1,0,-0.966,0,0.259],"_humanoidState":5,"_cameraCFrame":[769.297,239.509,44.943,0.259,-0.951,0.168,0,0.174,0.985,-0.966,-0.255,0.045],"_shiftlockState":true,"_pose":"FreeFall","_animationQueue":[],"_animationSpeed":1,"_zoom":8.986},{"_mousePosition":[683,384],"_rootPartCFrame":[767.079,229.423,46.16,0.259,0,0.966,0,1,0,-0.966,0,0.259],"_humanoidState":5,"_cameraCFrame":[769.039,239.773,44.873,0.259,-0.951,0.168,0,0.174,0.985,-0.966,-0.255,0.045],"_shiftlockState":true,"_pose":"FreeFall","_animationQueue":[],"_animationSpeed":1,"_zoom":8.986},{"_mousePosition":[683,384],"_rootPartCFrame":[766.821,229.632,46.091,0.259,0,0.966,0,1,0,-0.966,0,0.259],"_humanoidState":5,"_cameraCFrame":[768.782,239.982,44.804,0.259,-0.951,0.168,0,0.174,0.985,-0.966,-0.255,0.045],"_shiftlockState":true,"_pose":"FreeFall","_animationQueue":[],"_animationSpeed":1,"_zoom":8.986},{"_mousePosition":[683,384],"_rootPartCFrame":[766.564,229.787,46.022,0.259,0,0.966,0,1,0,-0.966,0,0.259],"_humanoidState":5,"_cameraCFrame":[768.525,240.136,44.737,0.26,-0.951,0.168,0,0.174,0.985,-0.966,-0.256,0.045],"_shiftlockState":true,"_pose":"FreeFall","_animationQueue":[],"_animationSpeed":1,"_zoom":8.986},{"_mousePosition":[683,384],"_rootPartCFrame":[766.306,229.887,45.953,0.26,0,0.966,0,1,0,-0.966,0,0.26],"_humanoidState":5,"_cameraCFrame":[768.268,240.236,44.668,0.26,-0.951,0.168,0,0.174,0.985,-0.966,-0.256,0.045],"_shiftlockState":true,"_pose":"FreeFall","_animationQueue":[],"_animationSpeed":1,"_zoom":8.986},{"_mousePosition":[683,384],"_rootPartCFrame":[766.048,229.932,45.883,0.26,0,0.966,0,1,0,-0.966,0,0.26],"_humanoidState":5,"_cameraCFrame":[768.009,240.281,44.597,0.259,-0.951,0.168,0,0.174,0.985,-0.966,-0.255,0.045],"_shiftlockState":true,"_pose":"FreeFall","_animationQueue":[],"_animationSpeed":1,"_zoom":8.986},{"_mousePosition":[683,384],"_rootPartCFrame":[765.791,229.923,45.814,0.259,0,0.966,0,1,0,-0.966,0,0.259],"_humanoidState":5,"_cameraCFrame":[767.729,240.272,44.495,0.243,-0.955,0.168,0,0.174,0.985,-0.97,-0.239,0.042],"_shiftlockState":true,"_pose":"FreeFall","_animationQueue":[],"_animationSpeed":1,"_zoom":8.986},{"_mousePosition":[683,384],"_rootPartCFrame":[765.533,229.859,45.745,0.244,0,0.97,0,1,0,-0.97,0,0.244],"_humanoidState":5,"_cameraCFrame":[767.434,240.209,44.372,0.215,-0.962,0.17,0,0.174,0.985,-0.977,-0.212,0.037],"_shiftlockState":true,"_pose":"FreeFall","_animationQueue":[],"_animationSpeed":1,"_zoom":8.986},{"_mousePosition":[683,384],"_rootPartCFrame":[765.275,229.741,45.679,0.218,0,0.976,0,1,0,-0.976,0,0.218],"_humanoidState":5,"_cameraCFrame":[767.11,240.091,44.22,0.17,-0.97,0.171,0,0.174,0.985,-0.985,-0.167,0.03],"_shiftlockState":true,"_pose":"FreeFall","_animationQueue":[],"_animationSpeed":1,"_zoom":8.986},{"_mousePosition":[683,384],"_rootPartCFrame":[765.015,229.568,45.621,0.175,0,0.985,0,1,0,-0.985,0,0.175],"_humanoidState":5,"_cameraCFrame":[766.759,239.918,44.055,0.111,-0.979,0.173,0,0.174,0.985,-0.994,-0.109,0.019],"_shiftlockState":true,"_pose":"FreeFall","_animationQueue":[],"_animationSpeed":1,"_zoom":8.986},{"_mousePosition":[683,384],"_rootPartCFrame":[764.752,229.341,45.574,0.118,0,0.993,0,1,0,-0.993,0,0.118],"_humanoidState":5,"_cameraCFrame":[766.39,239.69,43.89,0.041,-0.984,0.174,0,0.174,0.985,-0.999,-0.04,0.007],"_shiftlockState":true,"_pose":"FreeFall","_animationQueue":[],"_animationSpeed":1,"_zoom":8.986},{"_mousePosition":[683,384],"_rootPartCFrame":[764.487,229.06,45.542,0.05,0,0.999,0,1,0,-0.999,0,0.05],"_humanoidState":5,"_cameraCFrame":[765.998,239.404,43.724,-0.044,-0.983,0.177,0,0.177,0.984,-0.999,0.043,-0.008],"_shiftlockState":true,"_pose":"FreeFall","_animationQueue":[["fall",0.3]],"_animationSpeed":1,"_zoom":8.986},{"_mousePosition":[683,384],"_rootPartCFrame":[764.221,228.724,45.527,-0.033,0,0.999,0,1,0,-0.999,0,-0.033],"_humanoidState":5,"_cameraCFrame":[765.607,239.06,43.577,-0.132,-0.975,0.18,0,0.182,0.983,-0.991,0.13,-0.024],"_shiftlockState":true,"_pose":"FreeFall","_animationQueue":[],"_animationSpeed":1,"_zoom":8.986},{"_mousePosition":[683,384],"_rootPartCFrame":[763.955,228.333,45.534,-0.121,0,0.993,0,1,0,-0.993,0,-0.121],"_humanoidState":5,"_cameraCFrame":[765.209,238.663,43.468,-0.214,-0.96,0.181,0,0.186,0.983,-0.977,0.21,-0.04],"_shiftlockState":true,"_pose":"FreeFall","_animationQueue":[],"_animationSpeed":1,"_zoom":8.986},{"_mousePosition":[683,384],"_rootPartCFrame":[763.69,227.888,45.564,-0.203,0,0.979,0,1,0,-0.979,0,-0.203],"_humanoidState":5,"_cameraCFrame":[764.781,238.214,43.39,-0.298,-0.938,0.179,0,0.188,0.982,-0.955,0.293,-0.056],"_shiftlockState":true,"_pose":"FreeFall","_animationQueue":[],"_animationSpeed":1,"_zoom":8.986},{"_mousePosition":[683,384],"_rootPartCFrame":[763.429,227.388,45.616,-0.287,0,0.958,0,1,0,-0.958,0,-0.287],"_humanoidState":5,"_cameraCFrame":[764.373,237.705,43.337,-0.38,-0.908,0.179,0,0.193,0.981,-0.925,0.372,-0.073],"_shiftlockState":true,"_pose":"FreeFall","_animationQueue":[],"_animationSpeed":1,"_zoom":8.986},{"_mousePosition":[683,384],"_rootPartCFrame":[763.173,226.834,45.69,-0.369,0,0.929,0,1,0,-0.929,0,-0.369],"_humanoidState":5,"_cameraCFrame":[763.971,237.142,43.324,-0.452,-0.874,0.177,0,0.198,0.98,-0.892,0.443,-0.09],"_shiftlockState":true,"_pose":"FreeFall","_animationQueue":[],"_animationSpeed":1,"_zoom":8.986},{"_mousePosition":[683,384],"_rootPartCFrame":[762.924,226.226,45.786,-0.442,0,0.897,0,1,0,-0.897,0,-0.442],"_humanoidState":5,"_cameraCFrame":[763.593,236.522,43.338,-0.517,-0.838,0.175,0,0.205,0.979,-0.856,0.506,-0.106],"_shiftlockState":true,"_pose":"FreeFall","_animationQueue":[["fall",0.3]],"_animationSpeed":1,"_zoom":8.986},{"_mousePosition":[683,384],"_rootPartCFrame":[762.685,225.563,45.902,-0.508,0,0.861,0,1,0,-0.861,0,-0.508],"_humanoidState":5,"_cameraCFrame":[763.232,235.853,43.403,-0.566,-0.806,0.171,0,0.208,0.978,-0.824,0.554,-0.118],"_shiftlockState":true,"_pose":"FreeFall","_animationQueue":[],"_animationSpeed":1,"_zoom":8.986},{"_mousePosition":[683,384],"_rootPartCFrame":[762.647,224.908,45.884,-0.628,-0.004,0.779,-0.008,1,-0.001,-0.779,-0.007,-0.628],"_humanoidState":5,"_cameraCFrame":[763.088,235.195,43.344,-0.602,-0.781,0.167,0,0.209,0.978,-0.799,0.589,-0.126],"_shiftlockState":true,"_pose":"FreeFall","_animationQueue":[],"_animationSpeed":1,"_zoom":8.986},{"_mousePosition":[683,384],"_rootPartCFrame":[762.629,224.22,45.841,-0.553,-0.002,0.833,-0.005,1,0,-0.833,-0.004,-0.553],"_humanoidState":5,"_cameraCFrame":[763.024,234.503,43.281,-0.623,-0.765,0.166,0,0.212,0.977,-0.782,0.609,-0.132],"_shiftlockState":true,"_pose":"FreeFall","_animationQueue":[],"_animationSpeed":1,"_zoom":8.986},{"_mousePosition":[683,384],"_rootPartCFrame":[762.605,223.492,45.768,-0.559,-0.013,0.829,-0.006,1,0.012,-0.829,0.002,-0.559],"_humanoidState":5,"_cameraCFrame":[762.967,233.771,43.204,-0.631,-0.758,0.165,0,0.213,0.977,-0.776,0.616,-0.134],"_shiftlockState":true,"_pose":"FreeFall","_animationQueue":[],"_animationSpeed":1,"_zoom":8.986},{"_mousePosition":[683,384],"_rootPartCFrame":[762.535,222.844,45.67,-0.629,-0.02,0.778,-0.008,1,0.019,-0.778,0.006,-0.629],"_humanoidState":7,"_cameraCFrame":[762.887,233.123,43.112,-0.631,-0.758,0.165,0,0.213,0.977,-0.776,0.616,-0.134],"_shiftlockState":true,"_pose":"FreeFall","_animationQueue":[["walk",0.1],["fall",0.3],["fall",0.3]],"_animationSpeed":1,"_zoom":8.986},{"_mousePosition":[683,384],"_rootPartCFrame":[762.506,222.455,45.601,-0.65,-0.011,0.76,-0.004,1,0.01,-0.76,0.004,-0.65],"_humanoidState":7,"_cameraCFrame":[762.881,232.734,43.041,-0.628,-0.76,0.166,0,0.213,0.977,-0.778,0.614,-0.134],"_shiftlockState":true,"_pose":"FreeFall","_animationQueue":[],"_animationSpeed":1,"_zoom":8.986},{"_mousePosition":[683,384],"_rootPartCFrame":[762.531,221.926,45.526,-0.65,-0.007,0.759,-0.003,1,0.007,-0.76,0.003,-0.65],"_humanoidState":8,"_cameraCFrame":[762.937,232.206,42.969,-0.62,-0.766,0.167,0,0.213,0.977,-0.784,0.606,-0.132],"_shiftlockState":true,"_pose":"Running","_animationQueue":[["fall",0.3],["walk",0.1],["fall",0.3],["walk",0.1]],"_animationSpeed":0.251,"_zoom":8.986},{"_mousePosition":[683,384],"_rootPartCFrame":[762.565,221.581,45.486,-0.63,-0.007,0.776,-0.002,1,0.007,-0.776,0.003,-0.63],"_humanoidState":8,"_cameraCFrame":[762.98,231.86,42.93,-0.618,-0.768,0.168,0,0.213,0.977,-0.786,0.604,-0.132],"_shiftlockState":true,"_pose":"Running","_animationQueue":[["walk",0.1]],"_animationSpeed":0.205,"_zoom":8.986},{"_mousePosition":[683,384],"_rootPartCFrame":[762.596,222.465,45.449,-0.63,-0.006,0.776,-0.002,1,0.006,-0.776,0.002,-0.63],"_humanoidState":3,"_cameraCFrame":[763.012,232.744,42.893,-0.618,-0.768,0.168,0,0.213,0.977,-0.786,0.604,-0.132],"_shiftlockState":true,"_pose":"Jumping","_animationQueue":[["walk",0.1],["jump",0.1]],"_animationSpeed":1,"_zoom":8.986},{"_mousePosition":[683,384],"_rootPartCFrame":[762.605,223.314,45.399,-0.547,-0.003,0.837,-0.001,1,0.003,-0.837,0.001,-0.547],"_humanoidState":5,"_cameraCFrame":[763.015,233.594,42.84,-0.621,-0.766,0.167,0,0.213,0.977,-0.784,0.607,-0.132],"_shiftlockState":true,"_pose":"FreeFall","_animationQueue":[["jump",0.1]],"_animationSpeed":1,"_zoom":8.986},{"_mousePosition":[683,384],"_rootPartCFrame":[762.584,224.109,45.322,-0.516,-0.001,0.857,0,1,0.001,-0.857,0,-0.516],"_humanoidState":5,"_cameraCFrame":[762.947,234.388,42.754,-0.637,-0.754,0.164,0,0.213,0.977,-0.771,0.622,-0.136],"_shiftlockState":true,"_pose":"FreeFall","_animationQueue":[],"_animationSpeed":1,"_zoom":8.986},{"_mousePosition":[683,384],"_rootPartCFrame":[762.517,225.026,45.189,-0.5,0,0.866,0,1,0,-0.866,0,-0.5],"_humanoidState":5,"_cameraCFrame":[762.8,235.308,42.62,-0.657,-0.737,0.159,0,0.212,0.977,-0.754,0.642,-0.139],"_shiftlockState":true,"_pose":"FreeFall","_animationQueue":[],"_animationSpeed":1,"_zoom":8.986},{"_mousePosition":[683,384],"_rootPartCFrame":[762.454,225.535,45.089,-0.579,0,0.815,0,1,0,-0.815,0,-0.579],"_humanoidState":5,"_cameraCFrame":[762.627,235.82,42.521,-0.686,-0.711,0.153,0,0.21,0.978,-0.728,0.671,-0.144],"_shiftlockState":true,"_pose":"FreeFall","_animationQueue":[],"_animationSpeed":1,"_zoom":8.986},{"_mousePosition":[683,384],"_rootPartCFrame":[762.342,226.166,44.935,-0.583,0,0.812,0,1,0,-0.812,0,-0.583],"_humanoidState":5,"_cameraCFrame":[762.389,236.453,42.366,-0.719,-0.679,0.145,0,0.209,0.978,-0.695,0.704,-0.151],"_shiftlockState":true,"_pose":"FreeFall","_animationQueue":[],"_animationSpeed":1,"_zoom":8.986},{"_mousePosition":[683,384],"_rootPartCFrame":[762.196,226.743,44.76,-0.76,0,0.65,0,1,0,-0.65,0,-0.76],"_humanoidState":5,"_cameraCFrame":[762.049,237.038,42.222,-0.764,-0.631,0.132,0,0.205,0.979,-0.645,0.748,-0.157],"_shiftlockState":true,"_pose":"FreeFall","_animationQueue":[],"_animationSpeed":1,"_zoom":8.986},{"_mousePosition":[683,384],"_rootPartCFrame":[762.013,227.265,44.583,-0.671,0,0.741,0,1,0,-0.741,0,-0.671],"_humanoidState":5,"_cameraCFrame":[761.817,237.567,42.074,-0.771,-0.624,0.128,0,0.201,0.98,-0.637,0.755,-0.155],"_shiftlockState":true,"_pose":"FreeFall","_animationQueue":[],"_animationSpeed":1,"_zoom":8.986},{"_mousePosition":[683,384],"_rootPartCFrame":[761.81,227.733,44.411,-0.679,0,0.734,0,1,0,-0.734,0,-0.679],"_humanoidState":5,"_cameraCFrame":[761.545,238.042,41.933,-0.783,-0.61,0.123,0,0.197,0.98,-0.623,0.767,-0.154],"_shiftlockState":true,"_pose":"FreeFall","_animationQueue":[],"_animationSpeed":1,"_zoom":8.986},{"_mousePosition":[683,384],"_rootPartCFrame":[761.605,228.146,44.24,-0.693,0,0.721,0,1,0,-0.721,0,-0.693],"_humanoidState":5,"_cameraCFrame":[761.218,238.467,41.82,-0.804,-0.583,0.114,0,0.191,0.982,-0.594,0.789,-0.154],"_shiftlockState":true,"_pose":"FreeFall","_animationQueue":[],"_animationSpeed":1,"_zoom":8.986},{"_mousePosition":[683,384],"_rootPartCFrame":[761.345,228.586,44.032,-0.695,0,0.719,0,1,0,-0.719,0,-0.695],"_humanoidState":5,"_cameraCFrame":[760.829,238.918,41.676,-0.827,-0.552,0.104,0,0.185,0.983,-0.562,0.813,-0.153],"_shiftlockState":true,"_pose":"FreeFall","_animationQueue":[["fall",0.3]],"_animationSpeed":1,"_zoom":8.986},{"_mousePosition":[683,384],"_rootPartCFrame":[761.185,228.809,43.912,-0.767,0,0.642,0,1,0,-0.642,0,-0.767],"_humanoidState":5,"_cameraCFrame":[760.499,239.153,41.646,-0.859,-0.504,0.091,0,0.178,0.984,-0.512,0.845,-0.152],"_shiftlockState":true,"_pose":"FreeFall","_animationQueue":[],"_animationSpeed":1,"_zoom":8.986},{"_mousePosition":[683,384],"_rootPartCFrame":[760.965,229.059,43.761,-0.783,0,0.622,0,1,0,-0.622,0,-0.783],"_humanoidState":5,"_cameraCFrame":[760.134,239.409,41.569,-0.887,-0.455,0.08,0,0.174,0.985,-0.462,0.873,-0.154],"_shiftlockState":true,"_pose":"FreeFall","_animationQueue":[],"_animationSpeed":1,"_zoom":8.986},{"_mousePosition":[683,384],"_rootPartCFrame":[760.737,229.254,43.623,-0.818,0,0.576,0,1,0,-0.576,0,-0.818],"_humanoidState":5,"_cameraCFrame":[759.777,239.604,41.484,-0.913,-0.402,0.071,0,0.174,0.985,-0.408,0.899,-0.159],"_shiftlockState":true,"_pose":"FreeFall","_animationQueue":[],"_animationSpeed":1,"_zoom":8.986},{"_mousePosition":[683,384],"_rootPartCFrame":[760.502,229.395,43.497,-0.85,0,0.526,0,1,0,-0.526,0,-0.85],"_humanoidState":5,"_cameraCFrame":[759.427,239.745,41.414,-0.934,-0.353,0.062,0,0.174,0.985,-0.358,0.92,-0.162],"_shiftlockState":true,"_pose":"FreeFall","_animationQueue":[],"_animationSpeed":1,"_zoom":8.986},{"_mousePosition":[683,384],"_rootPartCFrame":[760.259,229.481,43.386,-0.878,0,0.479,0,1,0,-0.479,0,-0.878],"_humanoidState":5,"_cameraCFrame":[759.043,239.831,41.382,-0.956,-0.288,0.051,0,0.174,0.985,-0.293,0.942,-0.166],"_shiftlockState":true,"_pose":"FreeFall","_animationQueue":[],"_animationSpeed":1,"_zoom":8.986},{"_mousePosition":[683,384],"_rootPartCFrame":[759.949,229.513,43.265,-0.894,0,0.447,0,1,0,-0.447,0,-0.894],"_humanoidState":5,"_cameraCFrame":[758.597,239.862,41.349,-0.974,-0.223,0.039,0,0.174,0.985,-0.226,0.959,-0.169],"_shiftlockState":true,"_pose":"FreeFall","_animationQueue":[["fall",0.3]],"_animationSpeed":1,"_zoom":8.986},{"_mousePosition":[683,384],"_rootPartCFrame":[759.759,229.49,43.203,-0.947,0,0.322,0,1,0,-0.322,0,-0.947],"_humanoidState":5,"_cameraCFrame":[758.259,239.837,41.389,-0.989,-0.145,0.026,0,0.175,0.985,-0.147,0.974,-0.173],"_shiftlockState":true,"_pose":"FreeFall","_animationQueue":[],"_animationSpeed":1,"_zoom":8.986},{"_mousePosition":[683,384],"_rootPartCFrame":[759.5,229.413,43.139,-0.961,0,0.277,0,1,0,-0.277,0,-0.961],"_humanoidState":5,"_cameraCFrame":[757.841,239.76,41.469,-0.998,-0.055,0.01,0,0.175,0.985,-0.056,0.983,-0.175],"_shiftlockState":true,"_pose":"FreeFall","_animationQueue":[],"_animationSpeed":1,"_zoom":8.986},{"_mousePosition":[683,384],"_rootPartCFrame":[759.237,229.282,43.096,-0.982,0,0.188,0,1,0,-0.188,0,-0.982],"_humanoidState":5,"_cameraCFrame":[757.43,239.628,41.587,-0.999,0.036,-0.006,0,0.175,0.985,0.037,0.984,-0.175],"_shiftlockState":true,"_pose":"FreeFall","_animationQueue":[],"_animationSpeed":1,"_zoom":8.986},{"_mousePosition":[683,384],"_rootPartCFrame":[758.972,229.095,43.075,-0.995,0,0.096,0,1,0,-0.096,0,-0.995],"_humanoidState":5,"_cameraCFrame":[757.012,239.444,41.778,-0.989,0.143,-0.025,0,0.174,0.985,0.145,0.974,-0.173],"_shiftlockState":true,"_pose":"FreeFall","_animationQueue":[],"_animationSpeed":1,"_zoom":8.986},{"_mousePosition":[683,384],"_rootPartCFrame":[758.705,228.855,43.078,-1,0,-0.013,0,1,0,0.013,0,-1],"_humanoidState":5,"_cameraCFrame":[756.606,239.195,41.961,-0.968,0.248,-0.045,0,0.179,0.984,0.252,0.952,-0.173],"_shiftlockState":true,"_pose":"FreeFall","_animationQueue":[],"_animationSpeed":1,"_zoom":8.986},{"_mousePosition":[683,384],"_rootPartCFrame":[758.441,228.559,43.108,-0.993,0,-0.121,0,1,0,0.121,0,-0.993],"_humanoidState":5,"_cameraCFrame":[756.209,238.884,42.13,-0.937,0.343,-0.066,0,0.189,0.982,0.349,0.92,-0.177],"_shiftlockState":true,"_pose":"FreeFall","_animationQueue":[],"_animationSpeed":1,"_zoom":8.986},{"_mousePosition":[683,384],"_rootPartCFrame":[758.181,228.21,43.167,-0.975,0,-0.221,0,1,0,0.221,0,-0.975],"_humanoidState":5,"_cameraCFrame":[755.791,238.51,42.361,-0.888,0.451,-0.093,0,0.202,0.979,0.461,0.869,-0.179],"_shiftlockState":true,"_pose":"FreeFall","_animationQueue":[["fall",0.3]],"_animationSpeed":1,"_zoom":8.986},{"_mousePosition":[683,384],"_rootPartCFrame":[757.929,227.805,43.252,-0.941,0,-0.339,0,1,0,0.339,0,-0.941],"_humanoidState":5,"_cameraCFrame":[755.4,238.083,42.646,-0.827,0.549,-0.12,0,0.214,0.977,0.562,0.808,-0.177],"_shiftlockState":true,"_pose":"FreeFall","_animationQueue":[],"_animationSpeed":1,"_zoom":8.986},{"_mousePosition":[683,384],"_rootPartCFrame":[757.687,227.347,43.365,-0.894,0,-0.447,0,1,0,0.447,0,-0.894],"_humanoidState":5,"_cameraCFrame":[755.086,237.615,42.964,-0.771,0.621,-0.139,0,0.219,0.976,0.637,0.752,-0.169],"_shiftlockState":true,"_pose":"FreeFall","_animationQueue":[],"_animationSpeed":1,"_zoom":8.986},{"_mousePosition":[683,384],"_rootPartCFrame":[757.461,226.833,43.505,-0.722,0,-0.691,0,1,0,0.691,0,-0.722],"_humanoidState":5,"_cameraCFrame":[754.794,237.091,43.485,-0.662,0.731,-0.168,0,0.224,0.975,0.75,0.645,-0.148],"_shiftlockState":true,"_pose":"FreeFall","_animationQueue":[],"_animationSpeed":1,"_zoom":8.986},{"_mousePosition":[683,384],"_rootPartCFrame":[757.255,226.265,43.673,-0.756,0,-0.655,0,1,0,0.655,0,-0.756],"_humanoidState":5,"_cameraCFrame":[754.546,236.508,43.85,-0.593,0.783,-0.186,0,0.231,0.973,0.805,0.577,-0.137],"_shiftlockState":true,"_pose":"FreeFall","_animationQueue":[],"_animationSpeed":1,"_zoom":8.986},{"_mousePosition":[683,384],"_rootPartCFrame":[757.073,225.643,43.867,-0.695,0,-0.719,0,1,0,0.719,0,-0.695],"_humanoidState":5,"_cameraCFrame":[754.379,235.595,44.3,-0.511,0.834,-0.207,0,0.24,0.971,0.859,0.496,-0.123],"_shiftlockState":true,"_pose":"FreeFall","_animationQueue":[],"_animationSpeed":1,"_zoom":8.986},{"_mousePosition":[683,384],"_rootPartCFrame":[756.91,224.966,44.078,-0.621,0,-0.784,0,1,0,0.784,0,-0.621],"_humanoidState":5,"_cameraCFrame":[754.37,234.092,44.806,-0.43,0.874,-0.227,0,0.251,0.968,0.903,0.416,-0.108],"_shiftlockState":true,"_pose":"FreeFall","_animationQueue":[],"_animationSpeed":1,"_zoom":8.986},{"_mousePosition":[683,384],"_rootPartCFrame":[756.768,224.235,44.303,-0.546,0,-0.838,0,1,0,0.838,0,-0.546],"_humanoidState":5,"_cameraCFrame":[754.36,232.744,45.271,-0.35,0.904,-0.247,0,0.264,0.965,0.937,0.338,-0.092],"_shiftlockState":true,"_pose":"FreeFall","_animationQueue":[],"_animationSpeed":1,"_zoom":8.986},{"_mousePosition":[683,384],"_rootPartCFrame":[756.648,223.449,44.541,-0.472,0,-0.882,0,1,0,0.882,0,-0.472],"_humanoidState":5,"_cameraCFrame":[754.191,232.09,45.642,-0.283,0.922,-0.264,0,0.275,0.961,0.959,0.272,-0.078],"_shiftlockState":true,"_pose":"FreeFall","_animationQueue":[],"_animationSpeed":1,"_zoom":8.986},{"_mousePosition":[683,384],"_rootPartCFrame":[756.527,222.391,44.851,-0.438,0,-0.899,0,1,0,0.899,0,-0.438],"_humanoidState":5,"_cameraCFrame":[754.348,229.978,46.072,-0.262,0.926,-0.271,0,0.281,0.96,0.965,0.252,-0.074],"_shiftlockState":true,"_pose":"FreeFall","_animationQueue":[["fall",0.3]],"_animationSpeed":1,"_zoom":8.986},{"_mousePosition":[683,384],"_rootPartCFrame":[756.467,221.714,45.042,-0.357,0,-0.934,0,1,0,0.934,0,-0.357],"_humanoidState":5,"_cameraCFrame":[754.351,228.764,46.225,-0.293,0.915,-0.277,0,0.289,0.957,0.956,0.28,-0.085],"_shiftlockState":true,"_pose":"FreeFall","_animationQueue":[],"_animationSpeed":1,"_zoom":8.986},{"_mousePosition":[683,384],"_rootPartCFrame":[756.434,221.609,45.115,-0.31,-0.005,-0.951,-0.014,1,0,0.951,0.013,-0.31],"_humanoidState":7,"_cameraCFrame":[754.308,227.732,46.083,-0.42,0.862,-0.284,0,0.313,0.95,0.908,0.399,-0.131],"_shiftlockState":true,"_pose":"FreeFall","_animationQueue":[["walk",0.1],["fall",0.3],["fall",0.3]],"_animationSpeed":1,"_zoom":8.986},{"_mousePosition":[683,384],"_rootPartCFrame":[756.421,221.798,45.15,-0.645,-0.007,-0.765,-0.011,1,0.001,0.764,0.009,-0.645],"_humanoidState":7,"_cameraCFrame":[754.385,226.297,45.66,-0.685,0.681,-0.258,0,0.354,0.935,0.729,0.641,-0.243],"_shiftlockState":true,"_pose":"FreeFall","_animationQueue":[],"_animationSpeed":1,"_zoom":8.986},{"_mousePosition":[683,384],"_rootPartCFrame":[756.423,221.967,45.196,-0.686,0.001,-0.728,0.004,1,-0.002,0.728,-0.004,-0.686],"_humanoidState":7,"_cameraCFrame":[754.389,226.359,45.573,-0.732,0.637,-0.244,0,0.358,0.934,0.682,0.683,-0.262],"_shiftlockState":true,"_pose":"FreeFall","_animationQueue":[],"_animationSpeed":1,"_zoom":8.986},{"_mousePosition":[683,384],"_rootPartCFrame":[756.423,222.122,45.244,-0.732,0.002,-0.682,0.003,1,-0.001,0.682,-0.003,-0.732],"_humanoidState":8,"_cameraCFrame":[754.395,226.259,45.435,-0.804,0.552,-0.22,0,0.37,0.929,0.594,0.747,-0.298],"_shiftlockState":true,"_pose":"Running","_animationQueue":[["fall",0.3],["walk",0.1],["fall",0.3],["walk",0.1]],"_animationSpeed":0.197,"_zoom":8.986},{"_mousePosition":[683,384],"_rootPartCFrame":[756.422,222.244,45.29,-0.808,0,-0.59,0,1,0,0.59,0,-0.808],"_humanoidState":8,"_cameraCFrame":[754.399,226.15,45.232,-0.879,0.44,-0.186,0,0.389,0.921,0.478,0.809,-0.342],"_shiftlockState":true,"_pose":"Running","_animationQueue":[],"_animationSpeed":0.197,"_zoom":8.986},{"_mousePosition":[683,384],"_rootPartCFrame":[756.416,222.482,45.336,-0.882,0,-0.47,0,1,0,0.47,0,-0.882],"_humanoidState":8,"_cameraCFrame":[754.403,226.424,44.84,-0.948,0.29,-0.132,0,0.414,0.91,0.318,0.863,-0.393],"_shiftlockState":true,"_pose":"Running","_animationQueue":[],"_animationSpeed":0.197,"_zoom":8.986},{"_mousePosition":[683,384],"_rootPartCFrame":[756.403,222.666,45.383,-0.951,0,-0.309,0,1,0,0.309,0,-0.951],"_humanoidState":8,"_cameraCFrame":[754.426,227.006,44.338,-0.983,0.166,-0.081,0,0.44,0.898,0.185,0.883,-0.432],"_shiftlockState":true,"_pose":"Running","_animationQueue":[],"_animationSpeed":0.197,"_zoom":8.986},{"_mousePosition":[683,384],"_rootPartCFrame":[756.382,222.795,45.429,-0.984,0,-0.176,0,1,0,0.176,0,-0.984],"_humanoidState":8,"_cameraCFrame":[754.496,227.988,43.571,-0.998,0.062,-0.033,0,0.474,0.881,0.071,0.879,-0.472],"_shiftlockState":true,"_pose":"Running","_animationQueue":[],"_animationSpeed":0.197,"_zoom":8.986},{"_mousePosition":[683,384],"_rootPartCFrame":[756.359,223.034,45.475,-0.998,0,-0.062,0,1,0,0.062,0,-0.998],"_humanoidState":8,"_cameraCFrame":[754.645,229.069,42.737,-1,-0.011,0.007,0,0.514,0.858,-0.013,0.858,-0.514],"_shiftlockState":true,"_pose":"Running","_animationQueue":[["walk",0.1]],"_animationSpeed":0.213,"_zoom":8.986},{"_mousePosition":[683,384],"_rootPartCFrame":[756.336,223.295,45.521,-1,0,0.022,0,1,0,-0.022,0,-1],"_humanoidState":8,"_cameraCFrame":[754.792,229.994,42.06,-0.998,-0.051,0.033,0,0.543,0.84,-0.06,0.838,-0.542],"_shiftlockState":true,"_pose":"Running","_animationQueue":[["walk",0.1]],"_animationSpeed":0.213,"_zoom":8.986},{"_mousePosition":[683,384],"_rootPartCFrame":[756.313,223.557,45.567,-0.998,0,0.061,0,1,0,-0.061,0,-0.998],"_humanoidState":8,"_cameraCFrame":[754.779,232.576,40.596,-0.999,-0.037,0.024,0,0.546,0.838,-0.044,0.837,-0.545],"_shiftlockState":true,"_pose":"Running","_animationQueue":[["walk",0.1],["fall",0.3],["walk",0.1]],"_animationSpeed":0.213,"_zoom":8.986},{"_mousePosition":[683,384],"_rootPartCFrame":[756.291,223.785,45.638,-0.999,0,0.048,0,1,0,-0.048,0,-0.999],"_humanoidState":5,"_cameraCFrame":[754.637,232.807,40.703,-1,-0.016,0.011,0,0.546,0.838,-0.02,0.838,-0.546],"_shiftlockState":true,"_pose":"FreeFall","_animationQueue":[["walk",0.1],["fall",0.3]],"_animationSpeed":1,"_zoom":8.986},{"_mousePosition":[683,384],"_rootPartCFrame":[756.271,223.958,45.749,-1,0,-0.014,0,1,0,0.014,0,-1],"_humanoidState":5,"_cameraCFrame":[754.338,232.955,40.916,-0.999,0.032,-0.021,0,0.547,0.837,0.038,0.836,-0.547],"_shiftlockState":true,"_pose":"FreeFall","_animationQueue":[["fall",0.3]],"_animationSpeed":1,"_zoom":8.986},{"_mousePosition":[683,384],"_rootPartCFrame":[756.256,224.077,45.899,-0.999,0,-0.035,0,1,0,0.035,0,-0.999],"_humanoidState":5,"_cameraCFrame":[754.2,233.069,41.093,-0.998,0.052,-0.034,0,0.549,0.836,0.063,0.834,-0.548],"_shiftlockState":true,"_pose":"FreeFall","_animationQueue":[],"_animationSpeed":1,"_zoom":8.986},{"_mousePosition":[683,384],"_rootPartCFrame":[756.248,224.141,46.088,-0.998,0,-0.06,0,1,0,0.06,0,-0.998],"_humanoidState":5,"_cameraCFrame":[754.005,233.127,41.344,-0.995,0.085,-0.056,0,0.551,0.834,0.101,0.83,-0.548],"_shiftlockState":true,"_pose":"FreeFall","_animationQueue":[["fall",0.3]],"_animationSpeed":1,"_zoom":8.986},{"_mousePosition":[683,384],"_rootPartCFrame":[756.264,224.122,46.11,-1,-0.005,-0.02,-0.005,1,-0.006,0.02,-0.006,-1],"_humanoidState":5,"_cameraCFrame":[753.789,233.096,41.441,-0.989,0.123,-0.082,0,0.554,0.833,0.148,0.823,-0.548],"_shiftlockState":true,"_pose":"FreeFall","_animationQueue":[],"_animationSpeed":1,"_zoom":8.986},{"_mousePosition":[683,384],"_rootPartCFrame":[756.274,224.117,46.07,-0.993,-0.002,-0.121,-0.001,1,-0.006,0.121,-0.006,-0.993],"_humanoidState":7,"_cameraCFrame":[753.569,233.065,41.486,-0.98,0.163,-0.11,0,0.559,0.829,0.197,0.813,-0.548],"_shiftlockState":true,"_pose":"FreeFall","_animationQueue":[["walk",0.1],["fall",0.3],["fall",0.3]],"_animationSpeed":1,"_zoom":8.986},{"_mousePosition":[683,384],"_rootPartCFrame":[756.289,224.115,46.029,-0.986,0.001,-0.167,0.001,1,-0.004,0.167,-0.004,-0.986],"_humanoidState":7,"_cameraCFrame":[753.379,233.037,41.529,-0.971,0.198,-0.135,0,0.563,0.826,0.24,0.802,-0.547],"_shiftlockState":true,"_pose":"FreeFall","_animationQueue":[],"_animationSpeed":1,"_zoom":8.986},{"_mousePosition":[683,384],"_rootPartCFrame":[756.307,224.116,45.991,-0.977,0.001,-0.212,0.002,1,-0.002,0.212,-0.003,-0.977],"_humanoidState":8,"_cameraCFrame":[753.233,233.014,41.561,-0.962,0.225,-0.155,0,0.567,0.823,0.273,0.792,-0.546],"_shiftlockState":true,"_pose":"Running","_animationQueue":[["walk",0.1],["fall",0.3],["walk",0.1]],"_animationSpeed":0.114,"_zoom":8.986},{"_mousePosition":[683,384],"_rootPartCFrame":[756.324,224.117,45.963,-0.969,0.001,-0.249,0.001,1,-0.001,0.249,-0.001,-0.969],"_humanoidState":8,"_cameraCFrame":[753.153,232.99,41.563,-0.956,0.24,-0.167,0,0.571,0.821,0.292,0.785,-0.546],"_shiftlockState":true,"_pose":"Running","_animationQueue":[["walk",0.1]],"_animationSpeed":0.105,"_zoom":8.986},{"_mousePosition":[683,384],"_rootPartCFrame":[756.34,224.138,45.941,-0.964,-0.001,-0.267,0,1,-0.005,0.267,-0.005,-0.964],"_humanoidState":8,"_cameraCFrame":[753.186,232.995,41.493,-0.958,0.234,-0.164,0,0.574,0.819,0.286,0.785,-0.55],"_shiftlockState":true,"_pose":"Running","_animationQueue":[["walk",0.1]],"_animationSpeed":0.105,"_zoom":8.986},{"_mousePosition":[683,384],"_rootPartCFrame":[756.357,224.138,45.932,-0.965,-0.002,-0.262,0,1,-0.007,0.262,-0.007,-0.965],"_humanoidState":8,"_cameraCFrame":[753.598,232.937,41.133,-0.98,0.161,-0.116,0,0.583,0.812,0.199,0.796,-0.572],"_shiftlockState":true,"_pose":"Running","_animationQueue":[],"_animationSpeed":0.105,"_zoom":8.986},{"_mousePosition":[683,384],"_rootPartCFrame":[756.37,224.134,45.963,-0.983,-0.003,-0.185,0,1,-0.017,0.185,-0.016,-0.983],"_humanoidState":8,"_cameraCFrame":[755.203,232.848,40.424,-0.994,-0.086,0.064,0,0.596,0.803,-0.108,0.798,-0.593],"_shiftlockState":true,"_pose":"Running","_animationQueue":[],"_animationSpeed":0.105,"_zoom":8.986},{"_mousePosition":[683,384],"_rootPartCFrame":[756.38,224.19,46.012,-0.992,0,0.127,-0.001,1,-0.006,-0.127,-0.006,-0.992],"_humanoidState":8,"_cameraCFrame":[758.896,232.772,40.776,-0.728,-0.54,0.422,0,0.615,0.788,-0.685,0.574,-0.448],"_shiftlockState":true,"_pose":"Running","_animationQueue":[["walk",0.1]],"_animationSpeed":0.145,"_zoom":8.986},{"_mousePosition":[683,384],"_rootPartCFrame":[756.398,225.29,45.583,-0.746,0.013,0.666,0.002,1,-0.016,-0.666,-0.011,-0.746],"_humanoidState":3,"_cameraCFrame":[761.3,233.809,42.296,-0.284,-0.749,0.599,0,0.624,0.781,-0.959,0.222,-0.177],"_shiftlockState":true,"_pose":"Jumping","_animationQueue":[["walk",0.1],["jump",0.1]],"_animationSpeed":1,"_zoom":8.986},{"_mousePosition":[683,384],"_rootPartCFrame":[756.41,225.952,45.527,-0.293,0.022,0.956,-0.001,1,-0.023,-0.956,-0.008,-0.293],"_humanoidState":3,"_cameraCFrame":[762.421,234.38,45.782,0.335,-0.726,0.6,0,0.637,0.771,-0.942,-0.258,0.213],"_shiftlockState":true,"_pose":"Jumping","_animationQueue":[],"_animationSpeed":1,"_zoom":8.986},{"_mousePosition":[683,384],"_rootPartCFrame":[756.425,226.835,45.502,0.322,0.03,0.946,-0.009,1,-0.029,-0.947,0,0.322],"_humanoidState":3,"_cameraCFrame":[760.367,232.66,46.555,0.653,-0.579,0.487,0,0.644,0.765,-0.757,-0.5,0.421],"_shiftlockState":true,"_pose":"Jumping","_animationQueue":[],"_animationSpeed":1,"_zoom":8.986},{"_mousePosition":[683,384],"_rootPartCFrame":[756.41,227.685,45.473,0.624,0.016,0.781,-0.006,1,-0.015,-0.782,0.004,0.624],"_humanoidState":5,"_cameraCFrame":[759.468,232.217,46.251,0.746,-0.506,0.433,0,0.65,0.76,-0.666,-0.567,0.485],"_shiftlockState":true,"_pose":"FreeFall","_animationQueue":[["jump",0.1]],"_animationSpeed":1,"_zoom":8.986},{"_mousePosition":[683,384],"_rootPartCFrame":[756.396,228.67,45.459,0.736,0.002,0.677,-0.001,1,-0.003,-0.677,0.001,0.736],"_humanoidState":5,"_cameraCFrame":[759.539,233.329,46.199,0.72,-0.527,0.452,0,0.651,0.759,-0.694,-0.547,0.469],"_shiftlockState":true,"_pose":"FreeFall","_animationQueue":[],"_animationSpeed":1,"_zoom":8.986},{"_mousePosition":[683,384],"_rootPartCFrame":[756.395,229.22,45.459,0.72,0,0.694,0,1,0,-0.694,0,0.72],"_humanoidState":5,"_cameraCFrame":[759.832,234.231,45.875,0.605,-0.606,0.516,0,0.648,0.762,-0.796,-0.461,0.392],"_shiftlockState":true,"_pose":"FreeFall","_animationQ