[{"_mousePosition":[1143,401],"_rootPartCFrame":[776.027,222.982,47.142,0.002,0.001,1,0,1,-0.001,-1,0,0.002],"_humanoidState":8,"_cameraCFrame":[782.387,239.3,36.252,-0.864,-0.384,0.327,0,0.648,0.762,-0.504,0.658,-0.56],"_shiftlockState":false,"_pose":"Standing","_animationQueue":[],"_animationSpeed":1,"_zoom":19.457},{"_mousePosition":[1190,450],"_rootPartCFrame":[775.879,222.888,47.055,0.054,0,0.999,0,1,0,-0.999,0,0.054],"_humanoidState":8,"_cameraCFrame":[780.727,239.206,35.283,-0.864,-0.384,0.327,0,0.648,0.762,-0.504,0.658,-0.56],"_shiftlockState":true,"_pose":"Standing","_animationQueue":[],"_animationSpeed":1,"_zoom":19.457},{"_mousePosition":[683,384],"_rootPartCFrame":[775.65,222.732,46.922,-0.892,0,0.452,0,1,0,-0.452,0,-0.892],"_humanoidState":8,"_cameraCFrame":[780.497,239.05,35.15,-0.864,-0.384,0.327,0,0.648,0.762,-0.504,0.658,-0.56],"_shiftlockState":true,"_pose":"Running","_animationQueue":[["walk",0.1]],"_animationSpeed":1.004,"_zoom":19.457},{"_mousePosition":[683,384],"_rootPartCFrame":[775.42,222.616,46.787,-0.867,0,0.498,0,1,0,-0.498,0,-0.867],"_humanoidState":8,"_cameraCFrame":[780.641,239.322,35.691,-0.835,-0.43,0.343,0,0.624,0.782,-0.551,0.652,-0.521],"_shiftlockState":true,"_pose":"Running","_animationQueue":[["walk",0.1]],"_animationSpeed":1.101,"_zoom":19.457},{"_mousePosition":[683,384],"_rootPartCFrame":[775.189,222.638,46.653,-0.835,0,0.55,0,1,0,-0.55,0,-0.835],"_humanoidState":8,"_cameraCFrame":[780.721,239.757,36.304,-0.802,-0.48,0.356,0,0.596,0.803,-0.598,0.644,-0.478],"_shiftlockState":true,"_pose":"Running","_animationQueue":[["walk",0.1]],"_animationSpeed":1.101,"_zoom":19.457},{"_mousePosition":[683,384],"_rootPartCFrame":[774.91,222.669,46.471,-0.802,0,0.598,0,1,0,-0.598,0,-0.802],"_humanoidState":8,"_cameraCFrame":[780.612,240.117,36.736,-0.774,-0.519,0.363,0,0.573,0.82,-0.633,0.634,-0.443],"_shiftlockState":true,"_pose":"Running","_animationQueue":[],"_animationSpeed":1.101,"_zoom":19.457},{"_mousePosition":[683,384],"_rootPartCFrame":[774.748,222.68,46.354,-0.774,0,0.633,0,1,0,-0.633,0,-0.774],"_humanoidState":8,"_cameraCFrame":[780.473,240.522,37.31,-0.746,-0.559,0.361,0,0.543,0.84,-0.666,0.627,-0.405],"_shiftlockState":true,"_pose":"Running","_animationQueue":[],"_animationSpeed":1.101,"_zoom":19.457},{"_mousePosition":[683,384],"_rootPartCFrame":[774.489,222.69,46.144,-0.746,0,0.666,0,1,0,-0.666,0,-0.746],"_humanoidState":8,"_cameraCFrame":[780.137,240.857,37.661,-0.725,-0.59,0.355,0,0.516,0.857,-0.689,0.621,-0.374],"_shiftlockState":true,"_pose":"Running","_animationQueue":[],"_animationSpeed":1.101,"_zoom":19.457},{"_mousePosition":[683,384],"_rootPartCFrame":[774.339,222.694,46.012,-0.725,0,0.689,0,1,0,-0.689,0,-0.725],"_humanoidState":8,"_cameraCFrame":[779.806,241.175,38.051,-0.708,-0.616,0.345,0,0.488,0.873,-0.706,0.618,-0.346],"_shiftlockState":true,"_pose":"Running","_animationQueue":[],"_animationSpeed":1.101,"_zoom":19.457},{"_mousePosition":[683,384],"_rootPartCFrame":[774.096,222.697,45.783,-0.708,0,0.706,0,1,0,-0.706,0,-0.708],"_humanoidState":8,"_cameraCFrame":[779.322,241.454,38.266,-0.697,-0.636,0.331,0,0.462,0.887,-0.717,0.618,-0.322],"_shiftlockState":true,"_pose":"Running","_animationQueue":[],"_animationSpeed":1.101,"_zoom":19.457},{"_mousePosition":[683,384],"_rootPartCFrame":[773.907,222.698,45.596,-0.697,0,0.717,0,1,0,-0.717,0,-0.697],"_humanoidState":8,"_cameraCFrame":[778.815,241.729,38.51,-0.689,-0.653,0.314,0,0.434,0.901,-0.724,0.621,-0.299],"_shiftlockState":true,"_pose":"Running","_animationQueue":[["walk",0.1]],"_animationSpeed":1.101,"_zoom":19.457},{"_mousePosition":[683,384],"_rootPartCFrame":[773.721,222.699,45.405,-0.689,0,0.724,0,1,0,-0.724,0,-0.689],"_humanoidState":8,"_cameraCFrame":[778.334,241.942,38.657,-0.686,-0.664,0.299,0,0.41,0.912,-0.728,0.625,-0.281],"_shiftlockState":true,"_pose":"Running","_animationQueue":[],"_animationSpeed":1.101,"_zoom":19.457},{"_mousePosition":[683,384],"_rootPartCFrame":[773.583,222.699,45.26,-0.686,0,0.728,0,1,0,-0.728,0,-0.686],"_humanoidState":8,"_cameraCFrame":[777.948,242.1,38.768,-0.684,-0.671,0.286,0,0.392,0.92,-0.729,0.629,-0.268],"_shiftlockState":true,"_pose":"Running","_animationQueue":[],"_animationSpeed":1.101,"_zoom":19.457},{"_mousePosition":[683,384],"_rootPartCFrame":[773.4,222.699,45.066,-0.684,0,0.729,0,1,0,-0.729,0,-0.684],"_humanoidState":8,"_cameraCFrame":[777.399,241.851,38.845,-0.689,-0.671,0.273,0,0.377,0.926,-0.724,0.638,-0.26],"_shiftlockState":true,"_pose":"Running","_animationQueue":[],"_animationSpeed":1.101,"_zoom":15.166},{"_mousePosition":[683,384],"_rootPartCFrame":[773.172,222.7,44.823,-0.689,0,0.724,0,1,0,-0.724,0,-0.689],"_humanoidState":8,"_cameraCFrame":[776.756,241.31,38.87,-0.699,-0.665,0.262,0,0.366,0.931,-0.715,0.651,-0.256],"_shiftlockState":true,"_pose":"Running","_animationQueue":[],"_animationSpeed":1.101,"_zoom":15.166},{"_mousePosition":[683,384],"_rootPartCFrame":[772.988,222.7,44.63,-0.699,0,0.715,0,1,0,-0.715,0,-0.699],"_humanoidState":8,"_cameraCFrame":[776.187,240.711,38.887,-0.712,-0.655,0.251,0,0.358,0.934,-0.702,0.665,-0.255],"_shiftlockState":true,"_pose":"Running","_animationQueue":[],"_animationSpeed":1.101,"_zoom":15.166},{"_mousePosition":[683,384],"_rootPartCFrame":[772.848,222.7,44.487,-0.712,0,0.702,0,1,0,-0.702,0,-0.712],"_humanoidState":8,"_cameraCFrame":[775.51,239.845,39.057,-0.732,-0.639,0.236,0,0.347,0.938,-0.681,0.687,-0.254],"_shiftlockState":true,"_pose":"Running","_animationQueue":[],"_animationSpeed":1.101,"_zoom":11.732},{"_mousePosition":[683,384],"_rootPartCFrame":[772.611,222.7,44.252,-0.732,0,0.681,0,1,0,-0.681,0,-0.732],"_humanoidState":8,"_cameraCFrame":[774.811,238.935,39.133,-0.748,-0.624,0.224,0,0.338,0.941,-0.663,0.704,-0.253],"_shiftlockState":true,"_pose":"Running","_animationQueue":[["walk",0.1]],"_animationSpeed":1.101,"_zoom":11.732},{"_mousePosition":[683,384],"_rootPartCFrame":[772.466,222.7,44.115,-0.748,0,0.663,0,1,0,-0.663,0,-0.748],"_humanoidState":8,"_cameraCFrame":[774.232,238.048,39.288,-0.766,-0.607,0.212,0,0.33,0.944,-0.643,0.723,-0.252],"_shiftlockState":true,"_pose":"Running","_animationQueue":[],"_animationSpeed":1.101,"_zoom":11.732},{"_mousePosition":[683,384],"_rootPartCFrame":[772.217,222.7,43.893,-0.766,0,0.643,0,1,0,-0.643,0,-0.766],"_humanoidState":8,"_cameraCFrame":[773.621,237.325,39.31,-0.783,-0.589,0.2,0,0.322,0.947,-0.622,0.742,-0.252],"_shiftlockState":true,"_pose":"Running","_animationQueue":[],"_animationSpeed":1.101,"_zoom":11.732},{"_mousePosition":[683,384],"_rootPartCFrame":[772.013,222.7,43.721,-0.783,0,0.622,0,1,0,-0.622,0,-0.783],"_humanoidState":8,"_cameraCFrame":[773.122,236.803,39.335,-0.799,-0.571,0.189,0,0.314,0.949,-0.601,0.759,-0.251],"_shiftlockState":true,"_pose":"Running","_animationQueue":[],"_animationSpeed":1.101,"_zoom":11.732},{"_mousePosition":[683,384],"_rootPartCFrame":[771.805,222.7,43.555,-0.799,0,0.601,0,1,0,-0.601,0,-0.799],"_humanoidState":8,"_cameraCFrame":[772.645,236.4,39.357,-0.815,-0.552,0.177,0,0.305,0.952,-0.58,0.776,-0.249],"_shiftlockState":true,"_pose":"Running","_animationQueue":[],"_animationSpeed":1.101,"_zoom":11.732},{"_mousePosition":[683,384],"_rootPartCFrame":[771.539,222.7,43.354,-0.815,0,0.58,0,1,0,-0.58,0,-0.815],"_humanoidState":8,"_cameraCFrame":[772.152,236.117,39.316,-0.829,-0.534,0.165,0,0.296,0.955,-0.559,0.792,-0.245],"_shiftlockState":true,"_pose":"Running","_animationQueue":[],"_animationSpeed":1.101,"_zoom":11.732},{"_mousePosition":[683,384],"_rootPartCFrame":[771.322,222.7,43.199,-0.829,0,0.559,0,1,0,-0.559,0,-0.829],"_humanoidState":8,"_cameraCFrame":[771.732,235.923,39.292,-0.844,-0.514,0.154,0,0.287,0.958,-0.536,0.808,-0.242],"_shiftlockState":true,"_pose":"Running","_animationQueue":[],"_animationSpeed":1.101,"_zoom":11.732},{"_mousePosition":[683,384],"_rootPartCFrame":[771.102,222.7,43.049,-0.844,0,0.536,0,1,0,-0.536,0,-0.844],"_humanoidState":8,"_cameraCFrame":[771.356,235.806,39.242,-0.856,-0.496,0.145,0,0.28,0.96,-0.517,0.822,-0.24],"_shiftlockState":true,"_pose":"Running","_animationQueue":[["walk",0.1]],"_animationSpeed":1.101,"_zoom":11.732},{"_mousePosition":[683,384],"_rootPartCFrame":[770.934,222.7,42.94,-0.856,0,0.517,0,1,0,-0.517,0,-0.856],"_humanoidState":8,"_cameraCFrame":[770.981,235.72,39.255,-0.874,-0.468,0.132,0,0.271,0.963,-0.486,0.841,-0.237],"_shiftlockState":true,"_pose":"Running","_animationQueue":[],"_animationSpeed":1.101,"_zoom":11.732},{"_mousePosition":[683,384],"_rootPartCFrame":[770.649,222.7,42.767,-0.874,0,0.486,0,1,0,-0.486,0,-0.874],"_humanoidState":8,"_cameraCFrame":[770.528,235.67,39.183,-0.889,-0.442,0.121,0,0.263,0.965,-0.458,0.857,-0.234],"_shiftlockState":true,"_pose":"Running","_animationQueue":[],"_animationSpeed":1.101,"_zoom":11.732},{"_mousePosition":[683,384],"_rootPartCFrame":[770.416,222.7,42.636,-0.889,0,0.458,0,1,0,-0.458,0,-0.889],"_humanoidState":8,"_cameraCFrame":[770.12,235.651,39.162,-0.905,-0.412,0.109,0,0.255,0.967,-0.426,0.875,-0.23],"_shiftlockState":true,"_pose":"Running","_animationQueue":[],"_animationSpeed":1.101,"_zoom":11.732},{"_mousePosition":[683,384],"_rootPartCFrame":[770.239,222.7,42.544,-0.905,0,0.426,0,1,0,-0.426,0,-0.905],"_humanoidState":8,"_cameraCFrame":[769.761,235.644,39.202,-0.92,-0.38,0.096,0,0.245,0.97,-0.392,0.892,-0.225],"_shiftlockState":true,"_pose":"Running","_animationQueue":[],"_animationSpeed":1.101,"_zoom":11.732},{"_mousePosition":[683,384],"_rootPartCFrame":[769.938,222.7,42.4,-0.92,0,0.392,0,1,0,-0.392,0,-0.92],"_humanoidState":8,"_cameraCFrame":[769.293,235.648,39.188,-0.934,-0.347,0.084,0,0.235,0.972,-0.357,0.908,-0.22],"_shiftlockState":true,"_pose":"Running","_animationQueue":[],"_animationSpeed":1.101,"_zoom":11.732},{"_mousePosition":[683,384],"_rootPartCFrame":[769.697,222.666,42.287,-0.934,0,0.357,0,1,0,-0.357,0,-0.934],"_humanoidState":8,"_cameraCFrame":[768.901,235.624,39.199,-0.947,-0.314,0.073,0,0.227,0.974,-0.323,0.922,-0.214],"_shiftlockState":true,"_pose":"Running","_animationQueue":[],"_animationSpeed":1.101,"_zoom":11.732},{"_mousePosition":[683,384],"_rootPartCFrame":[769.516,222.604,42.201,-0.947,0,0.323,0,1,0,-0.323,0,-0.947],"_humanoidState":8,"_cameraCFrame":[768.547,235.577,39.263,-0.96,-0.272,0.061,0,0.217,0.976,-0.279,0.937,-0.209],"_shiftlockState":true,"_pose":"Running","_animationQueue":[["walk",0.1]],"_animationSpeed":1.101,"_zoom":11.732},{"_mousePosition":[683,384],"_rootPartCFrame":[769.215,223.674,42.059,-0.96,0,0.279,0,1,0,-0.279,0,-0.96],"_humanoidState":3,"_cameraCFrame":[768.109,236.66,39.252,-0.97,-0.236,0.05,0,0.209,0.978,-0.241,0.949,-0.203],"_shiftlockState":true,"_pose":"Jumping","_animationQueue":[["walk",0.1],["jump",0.1]],"_animationSpeed":1,"_zoom":11.732},{"_mousePosition":[683,384],"_rootPartCFrame":[768.965,224.469,41.968,-0.944,0,0.329,0,1,0,-0.329,0,-0.944],"_humanoidState":5,"_cameraCFrame":[767.751,237.466,39.273,-0.978,-0.204,0.042,0,0.203,0.979,-0.209,0.958,-0.198],"_shiftlockState":true,"_pose":"FreeFall","_animationQueue":[["jump",0.1]],"_animationSpeed":1,"_zoom":11.732},{"_mousePosition":[683,384],"_rootPartCFrame":[768.771,225.029,41.918,-0.954,0,0.301,0,1,0,-0.301,0,-0.954],"_humanoidState":5,"_cameraCFrame":[767.442,238.037,39.336,-0.985,-0.167,0.034,0,0.197,0.98,-0.171,0.966,-0.195],"_shiftlockState":true,"_pose":"FreeFall","_animationQueue":[],"_animationSpeed":1,"_zoom":11.732},{"_mousePosition":[683,384],"_rootPartCFrame":[768.511,225.729,41.861,-0.954,0,0.299,0,1,0,-0.299,0,-0.954],"_humanoidState":5,"_cameraCFrame":[767.063,238.749,39.413,-0.992,-0.126,0.024,0,0.191,0.982,-0.128,0.973,-0.189],"_shiftlockState":true,"_pose":"FreeFall","_animationQueue":[],"_animationSpeed":1,"_zoom":11.732},{"_mousePosition":[683,384],"_rootPartCFrame":[768.183,226.526,41.802,-0.957,0,0.291,0,1,0,-0.291,0,-0.957],"_humanoidState":5,"_cameraCFrame":[766.652,239.552,39.44,-0.995,-0.094,0.018,0,0.188,0.982,-0.096,0.978,-0.187],"_shiftlockState":true,"_pose":"FreeFall","_animationQueue":[],"_animationSpeed":1,"_zoom":11.732},{"_mousePosition":[683,384],"_rootPartCFrame":[767.985,226.964,41.775,-0.981,0,0.195,0,1,0,-0.195,0,-0.981],"_humanoidState":5,"_cameraCFrame":[766.356,240,39.533,-0.998,-0.054,0.01,0,0.183,0.983,-0.055,0.982,-0.183],"_shiftlockState":true,"_pose":"FreeFall","_animationQueue":[],"_animationSpeed":1,"_zoom":11.732},{"_mousePosition":[683,384],"_rootPartCFrame":[767.653,227.626,41.742,-0.976,0,0.22,0,1,0,-0.22,0,-0.976],"_humanoidState":5,"_cameraCFrame":[765.933,240.671,39.624,-1,-0.014,0.003,0,0.178,0.984,-0.014,0.984,-0.178],"_shiftlockState":true,"_pose":"FreeFall","_animationQueue":[],"_animationSpeed":1,"_zoom":11.732},{"_mousePosition":[683,384],"_rootPartCFrame":[767.387,228.093,41.725,-0.989,0,0.147,0,1,0,-0.147,0,-0.989],"_humanoidState":5,"_cameraCFrame":[765.589,241.143,39.702,-1,0.023,-0.004,0,0.176,0.984,0.023,0.984,-0.176],"_shiftlockState":true,"_pose":"FreeFall","_animationQueue":[],"_animationSpeed":1,"_zoom":11.732},{"_mousePosition":[683,384],"_rootPartCFrame":[767.187,228.408,41.721,-0.997,0,0.077,0,1,0,-0.077,0,-0.997],"_humanoidState":5,"_cameraCFrame":[765.298,241.463,39.812,-0.998,0.069,-0.012,0,0.174,0.985,0.07,0.982,-0.173],"_shiftlockState":true,"_pose":"FreeFall","_animationQueue":[],"_animationSpeed":1,"_zoom":11.732},{"_mousePosition":[683,384],"_rootPartCFrame":[766.854,228.865,41.727,-0.995,0,0.096,0,1,0,-0.096,0,-0.995],"_humanoidState":5,"_cameraCFrame":[764.875,241.92,39.911,-0.993,0.117,-0.021,0,0.174,0.985,0.118,0.978,-0.172],"_shiftlockState":true,"_pose":"FreeFall","_animationQueue":[],"_animationSpeed":1,"_zoom":11.732},{"_mousePosition":[683,384],"_rootPartCFrame":[766.588,229.17,41.744,-1,0,0.015,0,1,0,-0.015,0,-1],"_humanoidState":5,"_cameraCFrame":[764.534,242.224,40.013,-0.987,0.157,-0.028,0,0.174,0.985,0.16,0.972,-0.171],"_shiftlockState":true,"_pose":"FreeFall","_animationQueue":[],"_animationSpeed":1,"_zoom":11.732},{"_mousePosition":[683,384],"_rootPartCFrame":[766.323,229.419,41.774,-1,0,-0.027,0,1,0,0.027,0,-1],"_humanoidState":5,"_cameraCFrame":[764.177,242.474,40.159,-0.977,0.211,-0.037,0,0.174,0.985,0.214,0.962,-0.17],"_shiftlockState":true,"_pose":"FreeFall","_animationQueue":[],"_animationSpeed":1,"_zoom":11.732},{"_mousePosition":[683,384],"_rootPartCFrame":[766.125,229.571,41.804,-0.993,0,-0.116,0,1,0,0.116,0,-0.993],"_humanoidState":5,"_cameraCFrame":[763.896,242.625,40.306,-0.964,0.262,-0.046,0,0.174,0.985,0.266,0.949,-0.167],"_shiftlockState":true,"_pose":"FreeFall","_animationQueue":[],"_animationSpeed":1,"_zoom":11.732},{"_mousePosition":[683,384],"_rootPartCFrame":[765.799,229.755,41.873,-0.995,0,-0.103,0,1,0,0.103,0,-0.995],"_humanoidState":5,"_cameraCFrame":[763.503,242.81,40.48,-0.951,0.306,-0.054,0,0.174,0.985,0.31,0.936,-0.165],"_shiftlockState":true,"_pose":"FreeFall","_animationQueue":[],"_animationSpeed":1,"_zoom":11.732},{"_mousePosition":[683,384],"_rootPartCFrame":[765.606,229.825,41.925,-0.977,0,-0.214,0,1,0,0.214,0,-0.977],"_humanoidState":5,"_cameraCFrame":[763.239,242.879,40.655,-0.933,0.355,-0.063,0,0.174,0.985,0.361,0.919,-0.162],"_shiftlockState":true,"_pose":"FreeFall","_animationQueue":[],"_animationSpeed":1,"_zoom":11.732},{"_mousePosition":[683,384],"_rootPartCFrame":[765.288,229.873,42.026,-0.98,0,-0.201,0,1,0,0.201,0,-0.98],"_humanoidState":5,"_cameraCFrame":[762.848,242.924,40.871,-0.912,0.404,-0.072,0,0.175,0.985,0.411,0.898,-0.16],"_shiftlockState":true,"_pose":"FreeFall","_animationQueue":[],"_animationSpeed":1,"_zoom":11.732},{"_mousePosition":[683,384],"_rootPartCFrame":[765.039,229.851,42.12,-0.958,0,-0.286,0,1,0,0.286,0,-0.958],"_humanoidState":5,"_cameraCFrame":[762.506,242.892,41.068,-0.885,0.459,-0.084,0,0.18,0.984,0.466,0.87,-0.159],"_shiftlockState":true,"_pose":"FreeFall","_animationQueue":[],"_animationSpeed":1,"_zoom":11.732},{"_mousePosition":[683,384],"_rootPartCFrame":[764.795,229.773,42.228,-0.939,0,-0.345,0,1,0,0.345,0,-0.939],"_humanoidState":5,"_cameraCFrame":[762.137,242.797,41.302,-0.845,0.526,-0.101,0,0.188,0.982,0.535,0.83,-0.159],"_shiftlockState":true,"_pose":"FreeFall","_animationQueue":[],"_animationSpeed":1,"_zoom":11.732},{"_mousePosition":[683,384],"_rootPartCFrame":[764.558,229.642,42.35,-0.908,0,-0.418,0,1,0,0.418,0,-0.908],"_humanoidState":5,"_cameraCFrame":[761.763,242.647,41.622,-0.787,0.605,-0.121,0,0.196,0.981,0.617,0.772,-0.154],"_shiftlockState":true,"_pose":"FreeFall","_animationQueue":[["fall",0.3]],"_animationSpeed":1,"_zoom":11.732},{"_mousePosition":[683,384],"_rootPartCFrame":[764.341,229.456,42.489,-0.856,0,-0.516,0,1,0,0.516,0,-0.856],"_humanoidState":5,"_cameraCFrame":[761.464,242.45,41.921,-0.741,0.658,-0.135,0,0.201,0.98,0.672,0.726,-0.149],"_shiftlockState":true,"_pose":"FreeFall","_animationQueue":[],"_animationSpeed":1,"_zoom":11.732},{"_mousePosition":[683,384],"_rootPartCFrame":[764.2,229.28,42.608,-0.797,0,-0.605,0,1,0,0.605,0,-0.797],"_humanoidState":5,"_cameraCFrame":[761.206,242.253,42.261,-0.67,0.726,-0.155,0,0.209,0.978,0.742,0.656,-0.14],"_shiftlockState":true,"_pose":"FreeFall","_animationQueue":[],"_animationSpeed":1,"_zoom":11.732},{"_mousePosition":[683,384],"_rootPartCFrame":[764.007,228.92,42.834,-0.772,0,-0.636,0,1,0,0.636,0,-0.772],"_humanoidState":5,"_cameraCFrame":[760.898,241.866,42.665,-0.606,0.776,-0.175,0,0.219,0.976,0.795,0.591,-0.133],"_shiftlockState":true,"_pose":"FreeFall","_animationQueue":[],"_animationSpeed":1,"_zoom":11.732},{"_mousePosition":[683,384],"_rootPartCFrame":[763.918,228.662,42.984,-0.673,0,-0.74,0,1,0,0.74,0,-0.673],"_humanoidState":5,"_cameraCFrame":[760.689,241.577,42.981,-0.543,0.817,-0.194,0,0.231,0.973,0.84,0.528,-0.125],"_shiftlockState":true,"_pose":"FreeFall","_animationQueue":[],"_animationSpeed":1,"_zoom":11.732},{"_mousePosition":[683,384],"_rootPartCFrame":[763.83,228.272,43.197,-0.636,0,-0.772,0,1,0,0.772,0,-0.636],"_humanoidState":5,"_cameraCFrame":[760.464,241.146,43.352,-0.48,0.851,-0.215,0,0.245,0.969,0.877,0.465,-0.118],"_shiftlockState":true,"_pose":"FreeFall","_animationQueue":[],"_animationSpeed":1,"_zoom":11.732},{"_mousePosition":[683,384],"_rootPartCFrame":[763.779,227.827,43.424,-0.577,0,-0.817,0,1,0,0.817,0,-0.577],"_humanoidState":5,"_cameraCFrame":[760.299,240.662,43.742,-0.42,0.877,-0.234,0,0.258,0.966,0.908,0.406,-0.108],"_shiftlockState":true,"_pose":"FreeFall","_animationQueue":[],"_animationSpeed":1,"_zoom":11.732},{"_mousePosition":[683,384],"_rootPartCFrame":[763.771,227.194,43.721,-0.544,0,-0.839,0,1,0,0.839,0,-0.544],"_humanoidState":5,"_cameraCFrame":[760.21,240,44.18,-0.372,0.895,-0.248,0,0.267,0.964,0.928,0.358,-0.099],"_shiftlockState":true,"_pose":"FreeFall","_animationQueue":[["fall",0.3]],"_animationSpeed":1,"_zoom":11.732},{"_mousePosition":[683,384],"_rootPartCFrame":[763.795,226.773,43.904,-0.449,0,-0.894,0,1,0,0.894,0,-0.449],"_humanoidState":5,"_cameraCFrame":[760.137,239.54,44.528,-0.317,0.911,-0.264,0,0.279,0.96,0.949,0.304,-0.088],"_shiftlockState":true,"_pose":"FreeFall","_animationQueue":[],"_animationSpeed":1,"_zoom":11.732},{"_mousePosition":[683,384],"_rootPartCFrame":[763.884,226.004,44.21,-0.446,0,-0.895,0,1,0,0.895,0,-0.446],"_humanoidState":5,"_cameraCFrame":[760.104,238.719,45.007,-0.26,0.923,-0.283,0,0.294,0.956,0.966,0.248,-0.076],"_shiftlockState":true,"_pose":"FreeFall","_animationQueue":[],"_animationSpeed":1,"_zoom":11.732},{"_mousePosition":[683,384],"_rootPartCFrame":[763.996,225.327,44.451,-0.366,0,-0.93,0,1,0,0.93,0,-0.366],"_humanoidState":5,"_cameraCFrame":[760.09,237.986,45.422,-0.205,0.931,-0.302,0,0.309,0.951,0.979,0.195,-0.063],"_shiftlockState":true,"_pose":"FreeFall","_animationQueue":[],"_animationSpeed":1,"_zoom":11.732},{"_mousePosition":[683,384],"_rootPartCFrame":[764.126,224.596,44.683,-0.313,0,-0.95,0,1,0,0.95,0,-0.313],"_humanoidState":5,"_cameraCFrame":[760.089,237.188,45.853,-0.147,0.935,-0.322,0,0.326,0.945,0.989,0.139,-0.048],"_shiftlockState":true,"_pose":"FreeFall","_animationQueue":[],"_animationSpeed":1,"_zoom":11.732},{"_mousePosition":[683,384],"_rootPartCFrame":[764.095,223.832,44.843,-0.286,-0.001,-0.958,0.003,1,-0.002,0.958,-0.003,-0.286],"_humanoidState":5,"_cameraCFrame":[759.945,236.362,46.201,-0.095,0.936,-0.339,0,0.341,0.94,0.995,0.089,-0.032],"_shiftlockState":true,"_pose":"FreeFall","_animationQueue":[],"_animationSpeed":1,"_zoom":11.732},{"_mousePosition":[683,384],"_rootPartCFrame":[764.003,223.015,44.991,-0.21,0,-0.978,0.001,1,0,0.978,-0.001,-0.21],"_humanoidState":5,"_cameraCFrame":[759.747,235.478,46.538,-0.048,0.933,-0.356,0,0.356,0.934,0.999,0.045,-0.017],"_shiftlockState":true,"_pose":"FreeFall","_animationQueue":[["fall",0.3]],"_animationSpeed":1,"_zoom":11.732},{"_mousePosition":[683,384],"_rootPartCFrame":[763.98,222.142,45.157,-0.159,0,-0.987,0,1,0,0.987,0,-0.159],"_humanoidState":5,"_cameraCFrame":[759.645,234.544,45.122,-0.008,0.929,-0.37,0,0.37,0.929,1,0.007,-0.003],"_shiftlockState":false,"_pose":"FreeFall","_animationQueue":[],"_animationSpeed":1,"_zoom":11.732},{"_mousePosition":[683,384],"_rootPartCFrame":[763.965,221.225,45.318,-0.252,-0.005,-0.968,0,1,-0.005,0.968,-0.001,-0.252],"_humanoidState":5,"_cameraCFrame":[759.623,233.626,45.281,-0.008,0.929,-0.37,0,0.37,0.929,1,0.007,-0.003],"_shiftlockState":false,"_pose":"FreeFall","_animationQueue":[],"_animationSpeed":1,"_zoom":11.732},{"_mousePosition":[683,384],"_rootPartCFrame":[763.915,221.249,45.44,-0.278,0.002,-0.96,0,1,0.002,0.96,0.001,-0.278],"_humanoidState":12,"_cameraCFrame":[759.503,233.619,45.465,0.006,0.926,-0.376,0,0.376,0.926,1,-0.005,0.002],"_shiftlockState":false,"_pose":"Climbing","_animationQueue":[["walk",0.1],["fall",0.3],["climb",0.1],["climb",0]],"_animationSpeed":-4.584,"_zoom":11.732},{"_mousePosition":[683,384],"_rootPartCFrame":[763.879,221.432,45.524,-0.281,0.001,-0.96,0,1,0.001,0.96,0,-0.281],"_humanoidState":12,"_cameraCFrame":[759.43,233.788,45.564,0.009,0.925,-0.379,0,0.379,0.925,1,-0.008,0.003],"_shiftlockState":false,"_pose":"Climbing","_animationQueue":[["climb",0.1]],"_animationSpeed":0.824,"_zoom":11.732},{"_mousePosition":[683,384],"_rootPartCFrame":[763.858,221.619,45.572,-0.282,0,-0.96,0,1,0,0.96,0,-0.282],"_humanoidState":12,"_cameraCFrame":[759.4,233.971,45.611,0.009,0.925,-0.38,0,0.38,0.925,1,-0.008,0.003],"_shiftlockState":false,"_pose":"Climbing","_animationQueue":[["climb",0.1]],"_animationSpeed":0.931,"_zoom":11.732},{"_mousePosition":[683,384],"_rootPartCFrame":[763.853,221.806,45.585,-0.282,0,-0.959,0,1,0,0.959,0,-0.282],"_humanoidState":12,"_cameraCFrame":[759.394,234.158,45.624,0.009,0.925,-0.38,0,0.38,0.925,1,-0.008,0.003],"_shiftlockState":false,"_pose":"Climbing","_animationQueue":[],"_animationSpeed":0.931,"_zoom":11.732},{"_mousePosition":[683,384],"_rootPartCFrame":[763.852,221.946,45.585,-0.282,0,-0.959,0,1,0,0.959,0,-0.282],"_humanoidState":12,"_cameraCFrame":[759.385,234.294,45.62,0.008,0.925,-0.381,0,0.381,0.925,1,-0.007,0.003],"_shiftlockState":false,"_pose":"Climbing","_animationQueue":[],"_animationSpeed":0.931,"_zoom":11.732},{"_mousePosition":[683,384],"_rootPartCFrame":[763.852,222.179,45.585,-0.282,0,-0.959,0,1,0,0.959,0,-0.282],"_humanoidState":12,"_cameraCFrame":[759.368,234.52,45.615,0.007,0.924,-0.382,0,0.382,0.924,1,-0.006,0.003],"_shiftlockState":false,"_pose":"Climbing","_animationQueue":[["climb",0]],"_animationSpeed":0.931,"_zoom":11.732},{"_mousePosition":[683,384],"_rootPartCFrame":[763.852,222.319,45.585,-0.282,0,-0.959,0,1,0,0.959,0,-0.282],"_humanoidState":12,"_cameraCFrame":[759.333,234.646,45.592,0.001,0.923,-0.385,0,0.385,0.923,1,-0.001,0.001],"_shiftlockState":false,"_pose":"Climbing","_animationQueue":[],"_animationSpeed":0.931,"_zoom":11.732},{"_mousePosition":[683,384],"_rootPartCFrame":[763.852,222.552,45.585,-0.282,0,-0.959,0,1,0,0.959,0,-0.282],"_humanoidState":12,"_cameraCFrame":[759.298,234.865,45.534,-0.011,0.922,-0.388,0,0.388,0.922,1,0.01,-0.004],"_shiftlockState":false,"_pose":"Climbing","_animationQueue":[],"_animationSpeed":0.931,"_zoom":11.732},{"_mousePosition":[683,384],"_rootPartCFrame":[763.852,222.739,45.585,-0.282,0,-0.959,0,1,0,0.959,0,-0.282],"_humanoidState":12,"_cameraCFrame":[759.257,235.033,45.428,-0.034,0.919,-0.392,0,0.392,0.92,0.999,0.031,-0.013],"_shiftlockState":false,"_pose":"Climbing","_animationQueue":[],"_animationSpeed":0.931,"_zoom":11.732},{"_mousePosition":[683,384],"_rootPartCFrame":[763.852,222.879,45.585,-0.282,0,-0.959,0,1,0,0.959,0,-0.282],"_humanoidState":12,"_cameraCFrame":[759.219,235.15,45.193,-0.084,0.915,-0.395,0,0.396,0.918,0.996,0.077,-0.033],"_shiftlockState":false,"_pose":"Climbing","_animationQueue":[],"_animationSpeed":0.931,"_zoom":11.732},{"_mousePosition":[683,384],"_rootPartCFrame":[763.852,223.112,45.585,-0.282,0,-0.959,0,1,0,0.959,0,-0.282],"_humanoidState":12,"_cameraCFrame":[759.197,235.357,44.86,-0.154,0.905,-0.397,0,0.402,0.916,0.988,0.141,-0.062],"_shiftlockState":false,"_pose":"Climbing","_animationQueue":[],"_animationSpeed":0.931,"_zoom":11.732},{"_mousePosition":[683,384],"_rootPartCFrame":[763.852,223.299,45.585,-0.282,0,-0.959,0,1,0,0.959,0,-0.282],"_humanoidState":12,"_cameraCFrame":[759.209,235.498,44.312,-0.265,0.879,-0.396,0,0.41,0.912,0.964,0.241,-0.109],"_shiftlockState":false,"_pose":"Climbing","_animationQueue":[],"_animationSpeed":0.931,"_zoom":11.732},{"_mousePosition":[683,384],"_rootPartCFrame":[763.852,223.486,45.585,-0.282,0,-0.959,0,1,0,0.959,0,-0.282],"_humanoidState":12,"_cameraCFrame":[759.283,235.605,43.587,-0.401,0.829,-0.389,0,0.425,0.905,0.916,0.363,-0.17],"_shiftlockState":false,"_pose":"Climbing","_animationQueue":[],"_animationSpeed":0.931,"_zoom":11.732},{"_mousePosition":[683,384],"_rootPartCFrame":[763.852,223.672,45.585,-0.282,0,-0.959,0,1,0,0.959,0,-0.282],"_humanoidState":12,"_cameraCFrame":[759.426,235.617,42.593,-0.56,0.738,-0.377,0,0.455,0.89,0.828,0.499,-0.255],"_shiftlockState":false,"_pose":"Climbing","_animationQueue":[],"_animationSpeed":0.931,"_zoom":11.732},{"_mousePosition":[683,384],"_rootPartCFrame":[763.852,223.859,45.585,-0.282,0,-0.959,0,1,0,0.959,0,-0.282],"_humanoidState":12,"_cameraCFrame":[759.843,235.608,41.519,-0.712,0.613,-0.342,0,0.487,0.874,0.702,0.622,-0.347],"_shiftlockState":false,"_pose":"Climbing","_animationQueue":[],"_animationSpeed":0.931,"_zoom":11.732},{"_mousePosition":[683,384],"_rootPartCFrame":[763.852,224.045,45.585,-0.282,0,-0.959,0,1,0,0.959,0,-0.282],"_humanoidState":12,"_cameraCFrame":[760.564,235.658,40.628,-0.833,0.476,-0.28,0,0.507,0.862,0.553,0.718,-0.423],"_shiftlockState":false,"_pose":"Climbing","_animationQueue":[],"_animationSpeed":0.931,"_zoom":11.732},{"_mousePosition":[683,384],"_rootPartCFrame":[763.852,224.232,45.585,-0.282,0,-0.959,0,1,0,0.959,0,-0.282],"_humanoidState":12,"_cameraCFrame":[761.625,235.747,39.895,-0.931,0.311,-0.19,0,0.521,0.854,0.365,0.795,-0.485],"_shiftlockState":false,"_pose":"Climbing","_animationQueue":[],"_animationSpeed":0.931,"_zoom":11.732},{"_mousePosition":[683,384],"_rootPartCFrame":[763.852,224.419,45.585,-0.282,0,-0.959,0,1,0,0.959,0,-0.282],"_humanoidState":12,"_cameraCFrame":[762.905,235.819,39.361,-0.989,0.127,-0.081,0,0.537,0.844,0.151,0.834,-0.53],"_shiftlockState":false,"_pose":"Climbing","_animationQueue":[],"_animationSpeed":0.931,"_zoom":11.732},{"_mousePosition":[683,384],"_rootPartCFrame":[763.852,224.605,45.585,-0.282,0,-0.959,0,1,0,0.959,0,-0.282],"_humanoidState":12,"_cameraCFrame":[764.312,235.882,39.116,-0.997,-0.059,0.039,0,0.553,0.833,-0.071,0.831,-0.551],"_shiftlockState":false,"_pose":"Climbing","_animationQueue":[],"_animationSpeed":0.931,"_zoom":11.732},{"_mousePosition":[683,384],"_rootPartCFrame":[763.852,224.792,45.585,-0.282,0,-0.959,0,1,0,0.959,0,-0.282],"_humanoidState":12,"_cameraCFrame":[765.721,235.936,39.17,-0.96,-0.23,0.159,0,0.57,0.822,-0.28,0.789,-0.547],"_shiftlockState":false,"_pose":"Climbing","_animationQueue":[],"_animationSpeed":0.931,"_zoom":11.732},{"_mousePosition":[683,384],"_rootPartCFrame":[763.852,224.979,45.585,-0.282,0,-0.959,0,1,0,0.959,0,-0.282],"_humanoidState":12,"_cameraCFrame":[767.029,235.986,39.489,-0.887,-0.374,0.271,0,0.586,0.81,-0.462,0.719,-0.52],"_shiftlockState":false,"_pose":"Climbing","_animationQueue":[],"_animationSpeed":0.931,"_zoom":11.732},{"_mousePosition":[683,384],"_rootPartCFrame":[763.852,225.165,45.585,-0.282,0,-0.959,0,1,0,0.959,0,-0.282],"_humanoidState":12,"_cameraCFrame":[768.324,236.055,40.154,-0.772,-0.509,0.381,0,0.6,0.8,-0.636,0.618,-0.463],"_shiftlockState":false,"_pose":"Climbing","_animationQueue":[],"_animationSpeed":0.931,"_zoom":11.732},{"_mousePosition":[683,384],"_rootPartCFrame":[763.852,225.352,45.585,-0.282,0,-0.959,0,1,0,0.959,0,-0.282],"_humanoidState":12,"_cameraCFrame":[769.362,236.161,41.044,-0.636,-0.612,0.47,0,0.609,0.793,-0.772,0.505,-0.387],"_shiftlockState":false,"_pose":"Climbing","_animationQueue":[],"_animationSpeed":0.931,"_zoom":11.732},{"_mousePosition":[683,384],"_rootPartCFrame":[763.852,225.22,45.585,-0.282,0,-0.959,0,1,0,0.959,0,-0.282],"_humanoidState":12,"_cameraCFrame":[770.139,235.983,42.075,-0.488,-0.689,0.536,0,0.614,0.79,-0.873,0.385,-0.299],"_shiftlockState":false,"_pose":"Climbing","_animationQueue":[],"_animationSpeed":0.931,"_zoom":11.732},{"_mousePosition":[683,384],"_rootPartCFrame":[763.852,225.035,45.585,-0.282,0,-0.959,0,1,0,0.959,0,-0.282],"_humanoidState":12,"_cameraCFrame":[770.604,235.763,42.959,-0.363,-0.733,0.576,0,0.618,0.787,-0.932,0.285,-0.224],"_shiftlockState":false,"_pose":"Climbing","_animationQueue":[["climb",0.1]],"_animationSpeed":-0.896,"_zoom":11.732},{"_mousePosition":[683,384],"_rootPartCFrame":[763.852,224.895,45.585,-0.282,0,-0.959,0,1,0,0.959,0,-0.282],"_humanoidState":12,"_cameraCFrame":[770.92,235.582,43.769,-0.249,-0.758,0.602,0,0.622,0.783,-0.969,0.195,-0.155],"_shiftlockState":false,"_pose":"Climbing","_animationQueue":[],"_animationSpeed":-0.896,"_zoom":11.732},{"_mousePosition":[683,384],"_rootPartCFrame":[763.852,224.661,45.585,-0.282,0,-0.959,0,1,0,0.959,0,-0.282],"_humanoidState":12,"_cameraCFrame":[771.051,235.331,44.264,-0.18,-0.769,0.614,0,0.624,0.782,-0.984,0.141,-0.113],"_shiftlockState":false,"_pose":"Climbing","_animationQueue":[],"_animationSpeed":-0.896,"_zoom":11.732},{"_mousePosition":[683,384],"_rootPartCFrame":[763.852,224.475,45.585,-0.282,0,-0.959,0,1,0,0.959,0,-0.282],"_humanoidState":12,"_cameraCFrame":[771.127,235.126,44.594,-0.135,-0.773,0.62,0,0.626,0.78,-0.991,0.105,-0.084],"_shiftlockState":false,"_pose":"Climbing","_animationQueue":[],"_animationSpeed":-0.896,"_zoom":11.732},{"_mousePosition":[683,384],"_rootPartCFrame":[763.154,224.982,45.381,-0.282,0,-0.959,0,1,0,0.959,0,-0.282],"_humanoidState":3,"_cameraCFrame":[770.447,235.633,44.534,-0.115,-0.775,0.622,0,0.626,0.78,-0.993,0.09,-0.072],"_shiftlockState":false,"_pose":"Jumping","_animationQueue":[["climb",0.1],["jump",0.1]],"_animationSpeed":1,"_zoom":11.732},{"_mousePosition":[683,384],"_rootPartCFrame":[762.478,225.434,45.188,-0.369,0,-0.93,0,1,0,0.93,0,-0.369],"_humanoidState":5,"_cameraCFrame":[769.774,236.086,44.372,-0.111,-0.775,0.622,0,0.626,0.78,-0.994,0.087,-0.07],"_shiftlockState":false,"_pose":"FreeFall","_animationQueue":[["jump",0.1]],"_animationSpeed":1,"_zoom":11.732},{"_mousePosition":[683,384],"_rootPartCFrame":[761.994,225.737,45.055,-0.456,0,-0.89,0,1,0,0.89,0,-0.456],"_humanoidState":5,"_cameraCFrame":[769.29,236.389,44.24,-0.111,-0.775,0.622,0,0.626,0.78,-0.994,0.087,-0.07],"_shiftlockState":false,"_pose":"FreeFall","_animationQueue":[],"_animationSpeed":1,"_zoom":11.732},{"_mousePosition":[683,384],"_rootPartCFrame":[761.378,226.094,44.896,-0.569,0,-0.822,0,1,0,0.822,0,-0.569],"_humanoidState":5,"_cameraCFrame":[768.674,236.746,44.08,-0.111,-0.775,0.622,0,0.626,0.78,-0.994,0.087,-0.07],"_shiftlockState":false,"_pose":"FreeFall","_animationQueue":[],"_animationSpeed":1,"_zoom":11.732},{"_mousePosition":[683,384],"_rootPartCFrame":[760.798,226.397,44.755,-0.673,0,-0.739,0,1,0,0.739,0,-0.673],"_humanoidState":5,"_cameraCFrame":[768.094,237.049,43.939,-0.111,-0.775,0.622,0,0.626,0.78,-0.994,0.087,-0.07],"_shiftlockState":false,"_pose":"FreeFall","_animationQueue":[],"_animationSpeed":1,"_zoom":11.732},{"_mousePosition":[683,384],"_rootPartCFrame":[760.252,226.645,44.633,-0.766,0,-0.643,0,1,0,0.643,0,-0.766],"_humanoidState":5,"_cameraCFrame":[767.519,237.32,43.821,-0.111,-0.777,0.619,0,0.623,0.782,-0.994,0.087,-0.069],"_shiftlockState":false,"_pose":"FreeFall","_animationQueue":[],"_animationSpeed":1,"_zoom":11.732},{"_mousePosition":[683,384],"_rootPartCFrame":[759.62,226.878,44.507,-0.862,0,-0.507,0,1,0,0.507,0,-0.862],"_humanoidState":5,"_cameraCFrame":[766.82,237.606,43.702,-0.111,-0.782,0.614,0,0.618,0.787,-0.994,0.087,-0.069],"_shiftlockState":false,"_pose":"FreeFall","_animationQueue":[],"_animationSpeed":1,"_zoom":11.732},{"_mousePosition":[683,384],"_rootPartCFrame":[759.153,227.003,44.428,-0.921,0,-0.388,0,1,0,0.388,0,-0.921],"_humanoidState":5,"_cameraCFrame":[764.497,235.433,43.825,-0.112,-0.785,0.609,0,0.613,0.79,-0.994,0.089,-0.069],"_shiftlockState":false,"_pose":"FreeFall","_animationQueue":[],"_animationSpeed":1,"_zoom":11.732},{"_mousePosition":[683,384],"_rootPartCFrame":[758.826,227.062,44.381,-0.956,0,-0.295,0,1,0,0.295,0,-0.956],"_humanoidState":5,"_cameraCFrame":[764.26,235.705,43.756,-0.114,-0.789,0.604,0,0.608,0.794,-0.993,0.091,-0.069],"_shiftlockState":false,"_pose":"FreeFall","_animationQueue":[],"_animationSpeed":1,"_zoom":11.732},{"_mousePosition":[683,384],"_rootPartCFrame":[758.324,227.091,44.326,-0.991,0,-0.132,0,1,0,0.132,0,-0.991],"_humanoidState":5,"_cameraCFrame":[763.805,236.18,41.898,-0.12,-0.792,0.598,0,0.603,0.798,-0.993,0.096,-0.073],"_shiftlockState":true,"_pose":"FreeFall","_animationQueue":[],"_animationSpeed":1,"_zoom":11.732},{"_mousePosition":[683,384],"_rootPartCFrame":[757.962,227.053,44.303,-0.079,0,0.997,0,1,0,-0.997,0,-0.079],"_humanoidState":5,"_cameraCFrame":[763.732,236.526,41.84,-0.12,-0.792,0.598,0,0.603,0.798,-0.993,0.096,-0.073],"_shiftlockState":true,"_pose":"FreeFall","_animationQueue":[],"_animationSpeed":1,"_zoom":11.732},{"_mousePosition":[683,384],"_rootPartCFrame":[757.634,226.96,44.3,-0.115,0,0.993,0,1,0,-0.993,0,-0.115],"_humanoidState":5,"_cameraCFrame":[763.487,236.717,41.736,-0.135,-0.795,0.592,0,0.597,0.802,-0.991,0.108,-0.081],"_shiftlockState":true,"_pose":"FreeFall","_animationQueue":[],"_animationSpeed":1,"_zoom":11.732},{"_mousePosition":[683,384],"_rootPartCFrame":[757.412,226.855,44.31,-0.134,0,0.991,0,1,0,-0.991,0,-0.134],"_humanoidState":5,"_cameraCFrame":[763.147,236.656,41.628,-0.157,-0.797,0.584,0,0.591,0.807,-0.988,0.126,-0.093],"_shiftlockState":true,"_pose":"FreeFall","_animationQueue":[],"_animationSpeed":1,"_zoom":11.732},{"_mousePosition":[683,384],"_rootPartCFrame":[757.074,226.611,44.35,-0.153,0,0.988,0,1,0,-0.988,0,-0.153],"_humanoidState":5,"_cameraCFrame":[762.675,236.456,41.524,-0.184,-0.797,0.575,0,0.585,0.811,-0.983,0.149,-0.107],"_shiftlockState":true,"_pose":"FreeFall","_animationQueue":[],"_animationSpeed":1,"_zoom":11.732},{"_mousePosition":[683,384],"_rootPartCFrame":[756.811,226.355,44.391,-0.18,0,0.984,0,1,0,-0.984,0,-0.18],"_humanoidState":5,"_cameraCFrame":[762.273,236.244,41.426,-0.21,-0.797,0.566,0,0.579,0.815,-0.978,0.171,-0.122],"_shiftlockState":true,"_pose":"FreeFall","_animationQueue":[],"_animationSpeed":1,"_zoom":11.732},{"_mousePosition":[683,384],"_rootPartCFrame":[756.548,226.044,44.439,-0.207,0,0.978,0,1,0,-0.978,0,-0.207],"_humanoidState":5,"_cameraCFrame":[761.869,235.966,41.315,-0.241,-0.794,0.558,0,0.575,0.818,-0.971,0.197,-0.138],"_shiftlockState":true,"_pose":"FreeFall","_animationQueue":[],"_animationSpeed":1,"_zoom":11.732},{"_mousePosition":[683,384],"_rootPartCFrame":[756.352,225.776,44.48,-0.238,0,0.971,0,1,0,-0.971,0,-0.238],"_humanoidState":5,"_cameraCFrame":[761.488,235.726,41.131,-0.284,-0.787,0.547,0,0.571,0.821,-0.959,0.233,-0.162],"_shiftlockState":true,"_pose":"FreeFall","_animationQueue":[],"_animationSpeed":1,"_zoom":11.732},{"_mousePosition":[683,384],"_rootPartCFrame":[756.029,225.259,44.559,-0.278,0,0.961,0,1,0,-0.961,0,-0.278],"_humanoidState":5,"_cameraCFrame":[760.936,235.21,40.884,-0.346,-0.77,0.536,0,0.571,0.821,-0.938,0.284,-0.197],"_shiftlockState":true,"_pose":"FreeFall","_animationQueue":[],"_animationSpeed":1,"_zoom":11.732},{"_mousePosition":[683,384],"_rootPartCFrame":[755.773,224.785,44.633,-0.339,0,0.941,0,1,0,-0.941,0,-0.339],"_humanoidState":5,"_cameraCFrame":[760.472,234.746,40.717,-0.394,-0.756,0.524,0,0.57,0.822,-0.919,0.324,-0.224],"_shiftlockState":true,"_pose":"FreeFall","_animationQueue":[],"_animationSpeed":1,"_zoom":11.732},{"_mousePosition":[683,384],"_rootPartCFrame":[755.521,224.257,44.722,-0.387,0,0.922,0,1,0,-0.922,0,-0.387],"_humanoidState":5,"_cameraCFrame":[760.056,234.231,40.645,-0.427,-0.745,0.513,0,0.568,0.823,-0.904,0.352,-0.242],"_shiftlockState":true,"_pose":"FreeFall","_animationQueue":[],"_animationSpeed":1,"_zoom":11.732},{"_mousePosition":[683,384],"_rootPartCFrame":[755.337,223.824,44.799,-0.423,0,0.906,0,1,0,-0.906,0,-0.423],"_humanoidState":5,"_cameraCFrame":[759.765,233.818,40.645,-0.445,-0.739,0.506,0,0.565,0.825,-0.896,0.367,-0.251],"_shiftlockState":true,"_pose":"FreeFall","_animationQueue":[],"_animationSpeed":1,"_zoom":11.732},{"_mousePosition":[683,384],"_rootPartCFrame":[755.035,223.036,44.94,-0.441,0,0.897,0,1,0,-0.897,0,-0.441],"_humanoidState":5,"_cameraCFrame":[759.448,233.034,40.78,-0.447,-0.739,0.505,0,0.564,0.826,-0.895,0.369,-0.252],"_shiftlockState":true,"_pose":"FreeFall","_animationQueue":[["fall",0.3]],"_animationSpeed":1,"_zoom":11.732},{"_mousePosition":[683,384],"_rootPartCFrame":[754.796,222.344,45.058,-0.446,0,0.895,0,1,0,-0.895,0,-0.446],"_humanoidState":5,"_cameraCFrame":[759.209,232.342,40.898,-0.447,-0.739,0.505,0,0.564,0.826,-0.895,0.369,-0.252],"_shiftlockState":true,"_pose":"FreeFall","_animationQueue":[],"_animationSpeed":1,"_zoom":11.732},{"_mousePosition":[683,384],"_rootPartCFrame":[754.579,222.398,45.165,-0.447,0,0.895,0,1,0,-0.895,0,-0.447],"_humanoidState":12,"_cameraCFrame":[758.992,232.396,41.005,-0.447,-0.739,0.505,0,0.564,0.826,-0.895,0.369,-0.252],"_shiftlockState":true,"_pose":"Climbing","_animationQueue":[["walk",0.1],["fall",0.3],["climb",0.1],["climb",0]],"_animationSpeed":-3.563,"_zoom":11.732},{"_mousePosition":[683,384],"_rootPartCFrame":[754.44,222.536,45.234,-0.447,0,0.895,0,1,0,-0.895,0,-0.447],"_humanoidState":12,"_cameraCFrame":[758.853,232.533,41.074,-0.447,-0.739,0.505,0,0.564,0.826,-0.895,0.369,-0.252],"_shiftlockState":true,"_pose":"Climbing","_animationQueue":[["climb",0.1]],"_animationSpeed":0.844,"_zoom":11.732},{"_mousePosition":[683,384],"_rootPartCFrame":[754.526,222.735,45.191,-0.436,0,0.9,-0.001,1,0,-0.9,-0.001,-0.436],"_humanoidState":12,"_cameraCFrame":[758.939,232.733,41.03,-0.447,-0.739,0.505,0,0.564,0.826,-0.895,0.369,-0.252],"_shiftlockState":true,"_pose":"Climbing","_animationQueue":[["climb",0.1]],"_animationSpeed":0.929,"_zoom":11.732},{"_mousePosition":[683,384],"_rootPartCFrame":[754.551,222.875,45.179,-0.446,0,0.895,0,1,0,-0.895,0,-0.446],"_humanoidState":12,"_cameraCFrame":[758.964,232.873,41.018,-0.447,-0.739,0.505,0,0.564,0.826,-0.895,0.369,-0.252],"_shiftlockState":true,"_pose":"Climbing","_animationQueue":[],"_animationSpeed":0.929,"_zoom":11.732},{"_mousePosition":[683,384],"_rootPartCFrame":[754.557,223.061,45.175,-0.447,0,0.895,0,1,0,-0.895,0,-0.447],"_humanoidState":12,"_cameraCFrame":[758.953,233.059,40.997,-0.451,-0.737,0.504,0,0.564,0.826,-0.893,0.372,-0.254],"_shiftlockState":true,"_pose":"Climbing","_animationQueue":[["climb",0]],"_animationSpeed":0.929,"_zoom":11.732},{"_mousePosition":[683,384],"_rootPartCFrame":[754.557,223.295,45.175,-0.451,0,0.893,0,1,0,-0.893,0,-0.451],"_humanoidState":12,"_cameraCFrame":[758.889,233.288,40.92,-0.465,-0.73,0.5,0,0.565,0.825,-0.885,0.384,-0.263],"_shiftlockState":true,"_pose":"Climbing","_animationQueue":[],"_animationSpeed":0.929,"_zoom":11.732},{"_mousePosition":[683,384],"_rootPartCFrame":[754.557,223.435,45.175,-0.465,0,0.885,0,1,0,-0.885,0,-0.465],"_hum