[{"_mousePosition":[1173,403],"_rootPartCFrame":[776.034,222.959,47.142,-0.001,-0.006,1,0,1,0.006,-1,0,-0.001],"_humanoidState":8,"_cameraCFrame":[776.114,231.144,45.96,-0.997,-0.074,0.013,0,0.175,0.985,-0.075,0.982,-0.174],"_shiftlockState":false,"_pose":"Standing","_animationQueue":[],"_animationSpeed":1,"_zoom":6.789},{"_mousePosition":[1157,406],"_rootPartCFrame":[775.789,222.837,47.124,0.01,-0.001,1,0,1,0.001,-1,0,0.01],"_humanoidState":8,"_cameraCFrame":[775.876,231.022,45.942,-0.997,-0.074,0.013,0,0.175,0.985,-0.075,0.982,-0.174],"_shiftlockState":false,"_pose":"Standing","_animationQueue":[],"_animationSpeed":1,"_zoom":6.789},{"_mousePosition":[1146,408],"_rootPartCFrame":[775.523,222.674,47.104,0.018,0,1,0,1,0,-1,0,0.018],"_humanoidState":8,"_cameraCFrame":[775.613,230.859,45.922,-0.997,-0.074,0.013,0,0.175,0.985,-0.075,0.982,-0.174],"_shiftlockState":false,"_pose":"Running","_animationQueue":[["walk",0.1]],"_animationSpeed":1.066,"_zoom":6.789},{"_mousePosition":[1133,410],"_rootPartCFrame":[775.39,222.652,47.094,0.022,0,1,0,1,0,-1,0,0.022],"_humanoidState":8,"_cameraCFrame":[775.479,230.837,45.912,-0.997,-0.074,0.013,0,0.175,0.985,-0.075,0.982,-0.174],"_shiftlockState":false,"_pose":"Running","_animationQueue":[],"_animationSpeed":1.066,"_zoom":6.789},{"_mousePosition":[1122,412],"_rootPartCFrame":[775.124,222.661,47.074,0.029,0,1,0,1,0,-1,0,0.029],"_humanoidState":8,"_cameraCFrame":[775.213,230.846,45.892,-0.997,-0.074,0.013,0,0.175,0.985,-0.075,0.982,-0.174],"_shiftlockState":false,"_pose":"Running","_animationQueue":[],"_animationSpeed":1.066,"_zoom":6.789},{"_mousePosition":[1110,413],"_rootPartCFrame":[774.725,222.683,47.044,0.039,0,0.999,0,1,0,-0.999,0,0.039],"_humanoidState":8,"_cameraCFrame":[774.814,230.868,45.862,-0.997,-0.074,0.013,0,0.175,0.985,-0.075,0.982,-0.174],"_shiftlockState":false,"_pose":"Running","_animationQueue":[],"_animationSpeed":1.066,"_zoom":6.789},{"_mousePosition":[1099,414],"_rootPartCFrame":[774.592,222.687,47.034,0.041,0,0.999,0,1,0,-0.999,0,0.041],"_humanoidState":8,"_cameraCFrame":[774.681,230.872,45.852,-0.997,-0.074,0.013,0,0.175,0.985,-0.075,0.982,-0.174],"_shiftlockState":false,"_pose":"Running","_animationQueue":[],"_animationSpeed":1.066,"_zoom":6.789},{"_mousePosition":[1086,416],"_rootPartCFrame":[774.326,222.693,47.014,0.046,0,0.999,0,1,0,-0.999,0,0.046],"_humanoidState":8,"_cameraCFrame":[774.415,230.878,45.832,-0.997,-0.074,0.013,0,0.175,0.985,-0.075,0.982,-0.174],"_shiftlockState":false,"_pose":"Running","_animationQueue":[],"_animationSpeed":1.066,"_zoom":6.789},{"_mousePosition":[1068,418],"_rootPartCFrame":[774.061,222.696,46.994,0.05,0,0.999,0,1,0,-0.999,0,0.05],"_humanoidState":8,"_cameraCFrame":[774.149,230.881,45.812,-0.997,-0.074,0.013,0,0.175,0.985,-0.075,0.982,-0.174],"_shiftlockState":false,"_pose":"Running","_animationQueue":[],"_animationSpeed":1.066,"_zoom":6.789},{"_mousePosition":[1055,419],"_rootPartCFrame":[773.662,222.698,46.964,0.055,0,0.998,0,1,0,-0.998,0,0.055],"_humanoidState":8,"_cameraCFrame":[773.751,230.883,45.782,-0.997,-0.074,0.013,0,0.175,0.985,-0.075,0.982,-0.174],"_shiftlockState":false,"_pose":"Running","_animationQueue":[["walk",0.1]],"_animationSpeed":1.066,"_zoom":6.789},{"_mousePosition":[1028,422],"_rootPartCFrame":[773.529,222.699,46.954,0.056,0,0.998,0,1,0,-0.998,0,0.056],"_humanoidState":8,"_cameraCFrame":[773.618,230.883,45.772,-0.997,-0.074,0.013,0,0.175,0.985,-0.075,0.982,-0.174],"_shiftlockState":false,"_pose":"Running","_animationQueue":[],"_animationSpeed":1.066,"_zoom":6.789},{"_mousePosition":[1010,425],"_rootPartCFrame":[773.13,222.699,46.924,0.06,0,0.998,0,1,0,-0.998,0,0.06],"_humanoidState":8,"_cameraCFrame":[773.219,230.884,45.742,-0.997,-0.074,0.013,0,0.175,0.985,-0.075,0.982,-0.174],"_shiftlockState":false,"_pose":"Running","_animationQueue":[],"_animationSpeed":1.066,"_zoom":6.789},{"_mousePosition":[984,426],"_rootPartCFrame":[772.997,222.699,46.914,0.061,0,0.998,0,1,0,-0.998,0,0.061],"_humanoidState":8,"_cameraCFrame":[773.086,230.884,45.732,-0.997,-0.074,0.013,0,0.175,0.985,-0.075,0.982,-0.174],"_shiftlockState":false,"_pose":"Running","_animationQueue":[],"_animationSpeed":1.066,"_zoom":6.789},{"_mousePosition":[959,428],"_rootPartCFrame":[772.598,222.7,46.884,0.064,0,0.998,0,1,0,-0.998,0,0.064],"_humanoidState":8,"_cameraCFrame":[772.687,230.884,45.702,-0.997,-0.074,0.013,0,0.175,0.985,-0.075,0.982,-0.174],"_shiftlockState":false,"_pose":"Running","_animationQueue":[],"_animationSpeed":1.066,"_zoom":6.789},{"_mousePosition":[930,431],"_rootPartCFrame":[772.465,222.7,46.874,0.065,0,0.998,0,1,0,-0.998,0,0.065],"_humanoidState":8,"_cameraCFrame":[772.554,230.884,45.692,-0.997,-0.074,0.013,0,0.175,0.985,-0.075,0.982,-0.174],"_shiftlockState":false,"_pose":"Running","_animationQueue":[],"_animationSpeed":1.066,"_zoom":6.789},{"_mousePosition":[909,433],"_rootPartCFrame":[772.067,222.7,46.844,0.067,0,0.998,0,1,0,-0.998,0,0.067],"_humanoidState":8,"_cameraCFrame":[772.155,230.884,45.662,-0.997,-0.074,0.013,0,0.175,0.985,-0.075,0.982,-0.174],"_shiftlockState":false,"_pose":"Running","_animationQueue":[],"_animationSpeed":1.066,"_zoom":6.789},{"_mousePosition":[882,440],"_rootPartCFrame":[771.934,222.7,46.834,0.067,0,0.998,0,1,0,-0.998,0,0.067],"_humanoidState":8,"_cameraCFrame":[772.022,230.884,45.652,-0.997,-0.074,0.013,0,0.175,0.985,-0.075,0.982,-0.174],"_shiftlockState":false,"_pose":"Running","_animationQueue":[["walk",0.1]],"_animationSpeed":1.066,"_zoom":6.789},{"_mousePosition":[860,448],"_rootPartCFrame":[771.535,222.7,46.804,0.069,0,0.998,0,1,0,-0.998,0,0.069],"_humanoidState":8,"_cameraCFrame":[771.624,230.884,45.622,-0.997,-0.074,0.013,0,0.175,0.985,-0.075,0.982,-0.174],"_shiftlockState":false,"_pose":"Running","_animationQueue":[],"_animationSpeed":1.066,"_zoom":6.789},{"_mousePosition":[860,448],"_rootPartCFrame":[771.269,223.573,46.784,0.07,0,0.998,0,1,0,-0.998,0,0.07],"_humanoidState":3,"_cameraCFrame":[771.317,231.759,45.606,-0.999,-0.04,0.007,0,0.174,0.985,-0.04,0.984,-0.174],"_shiftlockState":false,"_pose":"Jumping","_animationQueue":[["walk",0.1],["jump",0.1]],"_animationSpeed":1,"_zoom":6.789},{"_mousePosition":[860,448],"_rootPartCFrame":[771.003,224.395,46.764,0.071,0,0.998,0,1,0,-0.998,0,0.071],"_humanoidState":5,"_cameraCFrame":[771.024,232.581,45.585,-1,-0.017,0.003,0,0.174,0.985,-0.017,0.985,-0.174],"_shiftlockState":false,"_pose":"FreeFall","_animationQueue":[["jump",0.1]],"_animationSpeed":1,"_zoom":6.789},{"_mousePosition":[860,448],"_rootPartCFrame":[770.803,224.976,46.755,0.069,0,0.998,0,1,0,-0.998,0,0.069],"_humanoidState":5,"_cameraCFrame":[770.803,233.161,45.576,-1,0,0,0,0.174,0.985,0,0.985,-0.174],"_shiftlockState":false,"_pose":"FreeFall","_animationQueue":[],"_animationSpeed":1,"_zoom":6.789},{"_mousePosition":[860,448],"_rootPartCFrame":[770.537,225.702,46.749,0.063,0,0.998,0,1,0,-0.998,0,0.063],"_humanoidState":5,"_cameraCFrame":[770.518,233.888,45.57,-1,0.016,-0.003,0,0.174,0.985,0.016,0.985,-0.174],"_shiftlockState":false,"_pose":"FreeFall","_animationQueue":[],"_animationSpeed":1,"_zoom":6.789},{"_mousePosition":[860,448],"_rootPartCFrame":[770.27,226.374,46.748,0.055,0,0.998,0,1,0,-0.998,0,0.055],"_humanoidState":5,"_cameraCFrame":[770.24,234.56,45.57,-1,0.025,-0.004,0,0.174,0.985,0.026,0.984,-0.174],"_shiftlockState":false,"_pose":"FreeFall","_animationQueue":[],"_animationSpeed":1,"_zoom":6.789},{"_mousePosition":[860,448],"_rootPartCFrame":[770.004,226.992,46.752,0.046,0,0.999,0,1,0,-0.999,0,0.046],"_humanoidState":5,"_cameraCFrame":[769.966,235.178,45.574,-0.999,0.031,-0.006,0,0.174,0.985,0.032,0.984,-0.174],"_shiftlockState":false,"_pose":"FreeFall","_animationQueue":[],"_animationSpeed":1,"_zoom":6.789},{"_mousePosition":[860,448],"_rootPartCFrame":[769.737,227.555,46.758,0.037,0,0.999,0,1,0,-0.999,0,0.037],"_humanoidState":5,"_cameraCFrame":[769.696,235.741,45.58,-0.999,0.034,-0.006,0,0.174,0.985,0.035,0.984,-0.174],"_shiftlockState":false,"_pose":"FreeFall","_animationQueue":[],"_animationSpeed":1,"_zoom":6.789},{"_mousePosition":[860,448],"_rootPartCFrame":[769.404,228.182,46.769,0.025,0,1,0,1,0,-1,0,0.025],"_humanoidState":5,"_cameraCFrame":[769.361,236.368,45.591,-0.999,0.035,-0.006,0,0.174,0.985,0.036,0.984,-0.174],"_shiftlockState":false,"_pose":"FreeFall","_animationQueue":[],"_animationSpeed":1,"_zoom":6.789},{"_mousePosition":[860,448],"_rootPartCFrame":[769.204,228.518,46.776,0.019,0,1,0,1,0,-1,0,0.019],"_humanoidState":5,"_cameraCFrame":[769.159,236.704,45.598,-0.999,0.038,-0.007,0,0.174,0.985,0.038,0.984,-0.174],"_shiftlockState":false,"_pose":"FreeFall","_animationQueue":[],"_animationSpeed":1,"_zoom":6.789},{"_mousePosition":[860,448],"_rootPartCFrame":[768.937,228.918,46.785,0.011,0,1,0,1,0,-1,0,0.011],"_humanoidState":5,"_cameraCFrame":[768.89,237.103,45.607,-0.999,0.04,-0.007,0,0.174,0.985,0.04,0.984,-0.174],"_shiftlockState":false,"_pose":"FreeFall","_animationQueue":[],"_animationSpeed":1,"_zoom":6.789},{"_mousePosition":[860,448],"_rootPartCFrame":[768.604,229.34,46.798,0.003,0,1,0,1,0,-1,0,0.003],"_humanoidState":5,"_cameraCFrame":[768.552,237.526,45.62,-0.999,0.044,-0.008,0,0.174,0.985,0.044,0.984,-0.173],"_shiftlockState":false,"_pose":"FreeFall","_animationQueue":[],"_animationSpeed":1,"_zoom":6.789},{"_mousePosition":[860,448],"_rootPartCFrame":[768.404,229.553,46.806,-0.002,0,1,0,1,0,-1,0,-0.002],"_humanoidState":5,"_cameraCFrame":[768.343,237.739,45.628,-0.999,0.051,-0.009,0,0.174,0.985,0.052,0.983,-0.173],"_shiftlockState":false,"_pose":"FreeFall","_animationQueue":[],"_animationSpeed":1,"_zoom":6.789},{"_mousePosition":[860,448],"_rootPartCFrame":[768.138,229.789,46.817,-0.008,0,1,0,1,0,-1,0,-0.008],"_humanoidState":5,"_cameraCFrame":[768.068,237.975,45.641,-0.998,0.058,-0.01,0,0.174,0.985,0.059,0.983,-0.173],"_shiftlockState":false,"_pose":"FreeFall","_animationQueue":[],"_animationSpeed":1,"_zoom":6.789},{"_mousePosition":[860,448],"_rootPartCFrame":[767.872,229.971,46.831,-0.013,0,1,0,1,0,-1,0,-0.013],"_humanoidState":5,"_cameraCFrame":[767.793,238.157,45.655,-0.998,0.065,-0.012,0,0.174,0.985,0.066,0.983,-0.173],"_shiftlockState":false,"_pose":"FreeFall","_animationQueue":[],"_animationSpeed":1,"_zoom":6.789},{"_mousePosition":[860,448],"_rootPartCFrame":[767.605,230.098,46.846,-0.019,0,1,0,1,0,-1,0,-0.019],"_humanoidState":5,"_cameraCFrame":[767.522,238.284,45.67,-0.998,0.069,-0.012,0,0.174,0.985,0.07,0.982,-0.173],"_shiftlockState":false,"_pose":"FreeFall","_animationQueue":[],"_animationSpeed":1,"_zoom":6.789},{"_mousePosition":[860,448],"_rootPartCFrame":[767.339,230.171,46.864,-0.026,0,1,0,1,0,-1,0,-0.026],"_humanoidState":5,"_cameraCFrame":[767.255,238.357,45.688,-0.997,0.07,-0.012,0,0.174,0.985,0.072,0.982,-0.173],"_shiftlockState":false,"_pose":"FreeFall","_animationQueue":[],"_animationSpeed":1,"_zoom":6.789},{"_mousePosition":[860,448],"_rootPartCFrame":[767.073,230.189,46.882,-0.032,0,0.999,0,1,0,-0.999,0,-0.032],"_humanoidState":5,"_cameraCFrame":[766.989,238.375,45.706,-0.997,0.07,-0.012,0,0.174,0.985,0.072,0.982,-0.173],"_shiftlockState":false,"_pose":"FreeFall","_animationQueue":[],"_animationSpeed":1,"_zoom":6.789},{"_mousePosition":[860,448],"_rootPartCFrame":[766.807,230.153,46.901,-0.037,0,0.999,0,1,0,-0.999,0,-0.037],"_humanoidState":5,"_cameraCFrame":[766.723,238.339,45.725,-0.997,0.07,-0.012,0,0.174,0.985,0.072,0.982,-0.173],"_shiftlockState":false,"_pose":"FreeFall","_animationQueue":[["fall",0.3]],"_animationSpeed":1,"_zoom":6.789},{"_mousePosition":[860,448],"_rootPartCFrame":[766.541,230.062,46.92,-0.042,0,0.999,0,1,0,-0.999,0,-0.042],"_humanoidState":5,"_cameraCFrame":[766.457,238.248,45.745,-0.997,0.07,-0.012,0,0.174,0.985,0.072,0.982,-0.173],"_shiftlockState":false,"_pose":"FreeFall","_animationQueue":[],"_animationSpeed":1,"_zoom":6.789},{"_mousePosition":[860,448],"_rootPartCFrame":[766.276,229.917,46.94,-0.046,0,0.999,0,1,0,-0.999,0,-0.046],"_humanoidState":5,"_cameraCFrame":[766.191,238.102,45.764,-0.997,0.07,-0.012,0,0.174,0.985,0.072,0.982,-0.173],"_shiftlockState":false,"_pose":"FreeFall","_animationQueue":[],"_animationSpeed":1,"_zoom":6.789},{"_mousePosition":[860,448],"_rootPartCFrame":[766.01,229.717,46.959,-0.05,0,0.999,0,1,0,-0.999,0,-0.05],"_humanoidState":5,"_cameraCFrame":[765.925,237.903,45.783,-0.997,0.07,-0.012,0,0.174,0.985,0.072,0.982,-0.173],"_shiftlockState":false,"_pose":"FreeFall","_animationQueue":[],"_animationSpeed":1,"_zoom":6.789},{"_mousePosition":[860,448],"_rootPartCFrame":[765.744,229.462,46.978,-0.053,0,0.999,0,1,0,-0.999,0,-0.053],"_humanoidState":5,"_cameraCFrame":[765.659,237.648,45.802,-0.997,0.07,-0.012,0,0.174,0.985,0.072,0.982,-0.173],"_shiftlockState":false,"_pose":"FreeFall","_animationQueue":[],"_animationSpeed":1,"_zoom":6.789},{"_mousePosition":[860,448],"_rootPartCFrame":[765.478,229.153,46.997,-0.055,0,0.998,0,1,0,-0.998,0,-0.055],"_humanoidState":5,"_cameraCFrame":[765.394,237.339,45.821,-0.997,0.07,-0.012,0,0.174,0.985,0.072,0.982,-0.173],"_shiftlockState":false,"_pose":"FreeFall","_animationQueue":[],"_animationSpeed":1,"_zoom":6.789},{"_mousePosition":[860,448],"_rootPartCFrame":[765.212,228.79,47.016,-0.058,0,0.998,0,1,0,-0.998,0,-0.058],"_humanoidState":5,"_cameraCFrame":[765.133,236.976,45.84,-0.998,0.066,-0.012,0,0.174,0.985,0.067,0.983,-0.173],"_shiftlockState":false,"_pose":"FreeFall","_animationQueue":[],"_animationSpeed":1,"_zoom":6.789},{"_mousePosition":[860,448],"_rootPartCFrame":[764.946,228.372,47.035,-0.06,0,0.998,0,1,0,-0.998,0,-0.06],"_humanoidState":5,"_cameraCFrame":[764.879,236.558,45.858,-0.998,0.056,-0.01,0,0.174,0.985,0.057,0.983,-0.173],"_shiftlockState":false,"_pose":"FreeFall","_animationQueue":[["fall",0.3]],"_animationSpeed":1,"_zoom":6.789},{"_mousePosition":[860,448],"_rootPartCFrame":[764.614,227.773,47.058,-0.061,0,0.998,0,1,0,-0.998,0,-0.061],"_humanoidState":5,"_cameraCFrame":[764.56,235.959,45.88,-0.999,0.045,-0.008,0,0.174,0.985,0.045,0.984,-0.173],"_shiftlockState":false,"_pose":"FreeFall","_animationQueue":[],"_animationSpeed":1,"_zoom":6.789},{"_mousePosition":[860,448],"_rootPartCFrame":[764.414,227.373,47.069,-0.061,0,0.998,0,1,0,-0.998,0,-0.061],"_humanoidState":5,"_cameraCFrame":[764.378,235.559,45.891,-1,0.03,-0.005,0,0.174,0.985,0.031,0.984,-0.174],"_shiftlockState":false,"_pose":"FreeFall","_animationQueue":[],"_animationSpeed":1,"_zoom":6.789},{"_mousePosition":[860,448],"_rootPartCFrame":[764.148,226.792,47.082,-0.06,0,0.998,0,1,0,-0.998,0,-0.06],"_humanoidState":5,"_cameraCFrame":[764.127,234.978,45.903,-1,0.017,-0.003,0,0.174,0.985,0.017,0.985,-0.174],"_shiftlockState":false,"_pose":"FreeFall","_animationQueue":[],"_animationSpeed":1,"_zoom":6.789},{"_mousePosition":[860,448],"_rootPartCFrame":[763.881,226.156,47.091,-0.056,0,0.998,0,1,0,-0.998,0,-0.056],"_humanoidState":5,"_cameraCFrame":[763.876,234.342,45.912,-1,0.005,-0.001,0,0.174,0.985,0.005,0.985,-0.174],"_shiftlockState":false,"_pose":"FreeFall","_animationQueue":[],"_animationSpeed":1,"_zoom":6.789},{"_mousePosition":[860,448],"_rootPartCFrame":[763.548,225.284,47.097,-0.05,0,0.999,0,1,0,-0.999,0,-0.05],"_humanoidState":5,"_cameraCFrame":[763.555,233.47,45.918,-1,-0.006,0.001,0,0.174,0.985,-0.006,0.985,-0.174],"_shiftlockState":false,"_pose":"FreeFall","_animationQueue":[],"_animationSpeed":1,"_zoom":6.789},{"_mousePosition":[860,448],"_rootPartCFrame":[763.348,224.721,47.098,-0.046,0,0.999,0,1,0,-0.999,0,-0.046],"_humanoidState":5,"_cameraCFrame":[763.363,232.906,45.92,-1,-0.013,0.002,0,0.174,0.985,-0.013,0.985,-0.174],"_shiftlockState":false,"_pose":"FreeFall","_animationQueue":[["fall",0.3]],"_animationSpeed":1,"_zoom":6.789},{"_mousePosition":[860,448],"_rootPartCFrame":[763.081,223.921,47.097,-0.04,0,0.999,0,1,0,-0.999,0,-0.04],"_humanoidState":7,"_cameraCFrame":[763.104,232.107,45.919,-1,-0.019,0.003,0,0.174,0.985,-0.02,0.985,-0.174],"_shiftlockState":false,"_pose":"FreeFall","_animationQueue":[["walk",0.1],["fall",0.3],["fall",0.3]],"_animationSpeed":1,"_zoom":6.789},{"_mousePosition":[860,448],"_rootPartCFrame":[762.815,223.356,47.094,-0.033,0,0.999,0,1,0,-0.999,0,-0.033],"_humanoidState":7,"_cameraCFrame":[762.843,231.542,45.915,-1,-0.023,0.004,0,0.174,0.985,-0.024,0.985,-0.174],"_shiftlockState":false,"_pose":"FreeFall","_animationQueue":[],"_animationSpeed":1,"_zoom":6.789},{"_mousePosition":[860,448],"_rootPartCFrame":[762.548,223.43,47.089,-0.026,0,1,0,1,0,-1,0,-0.026],"_humanoidState":8,"_cameraCFrame":[762.58,231.616,45.911,-1,-0.026,0.005,0,0.174,0.985,-0.027,0.984,-0.174],"_shiftlockState":false,"_pose":"Running","_animationQueue":[["walk",0.1],["fall",0.3],["walk",0.1]],"_animationSpeed":1.103,"_zoom":6.789},{"_mousePosition":[860,448],"_rootPartCFrame":[762.281,223.541,47.083,-0.019,0,1,0,1,0,-1,0,-0.019],"_humanoidState":8,"_cameraCFrame":[762.316,231.727,45.904,-1,-0.028,0.005,0,0.174,0.985,-0.029,0.984,-0.174],"_shiftlockState":false,"_pose":"Running","_animationQueue":[],"_animationSpeed":1.103,"_zoom":6.789},{"_mousePosition":[860,448],"_rootPartCFrame":[762.015,223.611,47.076,-0.013,0,1,0,1,0,-1,0,-0.013],"_humanoidState":8,"_cameraCFrame":[762.051,231.797,45.897,-1,-0.031,0.005,0,0.174,0.985,-0.031,0.984,-0.174],"_shiftlockState":false,"_pose":"Running","_animationQueue":[],"_animationSpeed":1.103,"_zoom":6.789},{"_mousePosition":[860,448],"_rootPartCFrame":[761.748,223.651,47.068,-0.007,0,1,0,1,0,-1,0,-0.007],"_humanoidState":8,"_cameraCFrame":[761.787,231.837,45.89,-0.999,-0.033,0.006,0,0.174,0.985,-0.033,0.984,-0.174],"_shiftlockState":false,"_pose":"Running","_animationQueue":[],"_animationSpeed":1.103,"_zoom":6.789},{"_mousePosition":[860,448],"_rootPartCFrame":[761.415,223.677,47.058,0,0,1,0,1,0,-1,0,0],"_humanoidState":8,"_cameraCFrame":[761.454,231.863,45.88,-0.999,-0.033,0.006,0,0.174,0.985,-0.033,0.984,-0.174],"_shiftlockState":false,"_pose":"Running","_animationQueue":[["walk",0.1]],"_animationSpeed":1.103,"_zoom":6.789},{"_mousePosition":[860,448],"_rootPartCFrame":[761.215,223.685,47.051,0.003,0,1,0,1,0,-1,0,0.003],"_humanoidState":8,"_cameraCFrame":[761.255,231.871,45.873,-0.999,-0.034,0.006,0,0.174,0.985,-0.034,0.984,-0.174],"_shiftlockState":false,"_pose":"Running","_animationQueue":[],"_animationSpeed":1.103,"_zoom":6.789},{"_mousePosition":[860,448],"_rootPartCFrame":[760.882,223.693,47.04,0.008,0,1,0,1,0,-1,0,0.008],"_humanoidState":8,"_cameraCFrame":[760.922,231.879,45.862,-0.999,-0.034,0.006,0,0.174,0.985,-0.034,0.984,-0.174],"_shiftlockState":false,"_pose":"Running","_animationQueue":[],"_animationSpeed":1.103,"_zoom":6.789},{"_mousePosition":[860,448],"_rootPartCFrame":[760.605,223.695,47.034,0.011,0,1,0,1,0,-1,0,0.011],"_humanoidState":8,"_cameraCFrame":[760.645,231.881,45.856,-0.999,-0.034,0.006,0,0.174,0.985,-0.034,0.984,-0.174],"_shiftlockState":false,"_pose":"Running","_animationQueue":[["walk",0.1]],"_animationSpeed":2.346,"_zoom":6.789},{"_mousePosition":[860,448],"_rootPartCFrame":[760.055,223.697,47.025,0.014,0,1,0,1,0,-1,0,0.014],"_humanoidState":8,"_cameraCFrame":[760.095,231.883,45.847,-0.999,-0.034,0.006,0,0.174,0.985,-0.034,0.984,-0.174],"_shiftlockState":false,"_pose":"Running","_animationQueue":[["walk",0.1]],"_animationSpeed":1.706,"_zoom":6.789},{"_mousePosition":[860,448],"_rootPartCFrame":[759.299,223.698,47.016,0.017,0,1,0,1,0,-1,0,0.017],"_humanoidState":8,"_cameraCFrame":[759.339,231.884,45.838,-0.999,-0.034,0.006,0,0.174,0.985,-0.034,0.984,-0.174],"_shiftlockState":false,"_pose":"Running","_animationQueue":[["walk",0.1]],"_animationSpeed":0.854,"_zoom":6.789},{"_mousePosition":[860,448],"_rootPartCFrame":[758.466,224.561,47.007,0.02,0,1,0,1,0,-1,0,0.02],"_humanoidState":3,"_cameraCFrame":[758.506,232.747,45.829,-0.999,-0.034,0.006,0,0.174,0.985,-0.034,0.984,-0.174],"_shiftlockState":false,"_pose":"Jumping","_animationQueue":[["walk",0.1],["jump",0.1]],"_animationSpeed":1,"_zoom":6.789},{"_mousePosition":[860,448],"_rootPartCFrame":[757.658,225.37,46.998,0.022,0,1,0,1,0,-1,0,0.022],"_humanoidState":5,"_cameraCFrame":[757.698,233.556,45.82,-0.999,-0.034,0.006,0,0.174,0.985,-0.034,0.984,-0.174],"_shiftlockState":false,"_pose":"FreeFall","_animationQueue":[["jump",0.1]],"_animationSpeed":1,"_zoom":6.789},{"_mousePosition":[860,448],"_rootPartCFrame":[756.889,226.124,46.989,0.024,0,1,0,1,0,-1,0,0.024],"_humanoidState":5,"_cameraCFrame":[756.93,234.309,45.811,-0.999,-0.034,0.006,0,0.174,0.985,-0.034,0.984,-0.174],"_shiftlockState":false,"_pose":"FreeFall","_animationQueue":[],"_animationSpeed":1,"_zoom":6.789},{"_mousePosition":[860,448],"_rootPartCFrame":[756.161,226.823,46.98,0.025,0,1,0,1,0,-1,0,0.025],"_humanoidState":5,"_cameraCFrame":[756.201,235.009,45.801,-0.999,-0.034,0.006,0,0.174,0.985,-0.034,0.984,-0.174],"_shiftlockState":false,"_pose":"FreeFall","_animationQueue":[],"_animationSpeed":1,"_zoom":6.789},{"_mousePosition":[860,448],"_rootPartCFrame":[755.472,227.468,46.971,0.026,0,1,0,1,0,-1,0,0.026],"_humanoidState":5,"_cameraCFrame":[755.512,235.654,45.792,-0.999,-0.034,0.006,0,0.174,0.985,-0.034,0.984,-0.174],"_shiftlockState":false,"_pose":"FreeFall","_animationQueue":[],"_animationSpeed":1,"_zoom":6.789},{"_mousePosition":[860,448],"_rootPartCFrame":[754.666,228.197,46.959,0.028,0,1,0,1,0,-1,0,0.028],"_humanoidState":5,"_cameraCFrame":[754.706,236.383,45.781,-0.999,-0.034,0.006,0,0.174,0.985,-0.034,0.984,-0.174],"_shiftlockState":false,"_pose":"FreeFall","_animationQueue":[],"_animationSpeed":1,"_zoom":6.789},{"_mousePosition":[860,448],"_rootPartCFrame":[754.213,228.594,46.953,0.028,0,1,0,1,0,-1,0,0.028],"_humanoidState":5,"_cameraCFrame":[754.253,236.78,45.774,-0.999,-0.034,0.006,0,0.174,0.985,-0.034,0.984,-0.174],"_shiftlockState":false,"_pose":"FreeFall","_animationQueue":[],"_animationSpeed":1,"_zoom":6.789},{"_mousePosition":[860,448],"_rootPartCFrame":[753.643,229.076,46.943,0.029,0,1,0,1,0,-1,0,0.029],"_humanoidState":5,"_cameraCFrame":[753.683,237.261,45.765,-0.999,-0.034,0.006,0,0.174,0.985,-0.034,0.984,-0.174],"_shiftlockState":false,"_pose":"FreeFall","_animationQueue":[],"_animationSpeed":1,"_zoom":6.789},{"_mousePosition":[860,448],"_rootPartCFrame":[753.113,229.502,46.934,0.03,0,1,0,1,0,-1,0,0.03],"_humanoidState":5,"_cameraCFrame":[753.153,237.688,45.756,-0.999,-0.034,0.006,0,0.174,0.985,-0.034,0.984,-0.174],"_shiftlockState":false,"_pose":"FreeFall","_animationQueue":[],"_animationSpeed":1,"_zoom":6.789},{"_mousePosition":[860,448],"_rootPartCFrame":[752.622,229.875,46.925,0.031,0,1,0,1,0,-1,0,0.031],"_humanoidState":5,"_cameraCFrame":[752.662,238.061,45.747,-0.999,-0.034,0.006,0,0.174,0.985,-0.034,0.984,-0.174],"_shiftlockState":false,"_pose":"FreeFall","_animationQueue":[],"_animationSpeed":1,"_zoom":6.789},{"_mousePosition":[860,448],"_rootPartCFrame":[752.171,230.193,46.916,0.031,0,1,0,1,0,-1,0,0.031],"_humanoidState":5,"_cameraCFrame":[752.212,238.379,45.738,-0.999,-0.034,0.006,0,0.174,0.985,-0.034,0.984,-0.174],"_shiftlockState":false,"_pose":"FreeFall","_animationQueue":[],"_animationSpeed":1,"_zoom":6.789},{"_mousePosition":[860,448],"_rootPartCFrame":[751.76,230.456,46.907,0.031,0,1,0,1,0,-1,0,0.031],"_humanoidState":5,"_cameraCFrame":[751.801,238.642,45.729,-0.999,-0.034,0.006,0,0.174,0.985,-0.034,0.984,-0.174],"_shiftlockState":false,"_pose":"FreeFall","_animationQueue":[],"_animationSpeed":1,"_zoom":6.789},{"_mousePosition":[860,448],"_rootPartCFrame":[751.389,230.665,46.898,0.032,0,0.999,0,1,0,-0.999,0,0.032],"_humanoidState":5,"_cameraCFrame":[751.43,238.851,45.72,-0.999,-0.034,0.006,0,0.174,0.985,-0.034,0.984,-0.174],"_shiftlockState":false,"_pose":"FreeFall","_animationQueue":[],"_animationSpeed":1,"_zoom":6.789},{"_mousePosition":[860,448],"_rootPartCFrame":[751.058,230.819,46.889,0.032,0,0.999,0,1,0,-0.999,0,0.032],"_humanoidState":5,"_cameraCFrame":[751.098,239.005,45.711,-0.999,-0.034,0.006,0,0.174,0.985,-0.034,0.984,-0.174],"_shiftlockState":false,"_pose":"FreeFall","_animationQueue":[],"_animationSpeed":1,"_zoom":6.789},{"_mousePosition":[860,448],"_rootPartCFrame":[750.766,230.919,46.88,0.032,0,0.999,0,1,0,-0.999,0,0.032],"_humanoidState":5,"_cameraCFrame":[750.806,239.105,45.702,-0.999,-0.034,0.006,0,0.174,0.985,-0.034,0.984,-0.174],"_shiftlockState":false,"_pose":"FreeFall","_animationQueue":[],"_animationSpeed":1,"_zoom":6.789},{"_mousePosition":[860,448],"_rootPartCFrame":[750.498,230.965,46.871,0.033,0,0.999,0,1,0,-0.999,0,0.033],"_humanoidState":5,"_cameraCFrame":[750.538,239.151,45.693,-0.999,-0.034,0.006,0,0.174,0.985,-0.034,0.984,-0.174],"_shiftlockState":false,"_pose":"FreeFall","_animationQueue":[],"_animationSpeed":1,"_zoom":6.789},{"_mousePosition":[860,448],"_rootPartCFrame":[750.48,230.963,46.837,-0.018,0,1,0.002,1,0,-1,0.002,-0.018],"_humanoidState":5,"_cameraCFrame":[750.521,239.148,45.662,-0.999,-0.034,0.006,0,0.174,0.985,-0.034,0.984,-0.174],"_shiftlockState":false,"_pose":"FreeFall","_animationQueue":[],"_animationSpeed":1,"_zoom":6.789},{"_mousePosition":[860,448],"_rootPartCFrame":[750.552,230.911,46.819,-0.016,0,1,0.002,1,0,-1,0.002,-0.016],"_humanoidState":5,"_cameraCFrame":[750.592,239.096,45.643,-0.999,-0.034,0.006,0,0.174,0.985,-0.034,0.984,-0.174],"_shiftlockState":false,"_pose":"FreeFall","_animationQueue":[],"_animationSpeed":1,"_zoom":6.789},{"_mousePosition":[860,448],"_rootPartCFrame":[750.584,230.804,46.802,-0.009,0,1,0,1,0,-1,0,-0.009],"_humanoidState":5,"_cameraCFrame":[750.624,238.99,45.625,-0.999,-0.034,0.006,0,0.174,0.985,-0.034,0.984,-0.174],"_shiftlockState":false,"_pose":"FreeFall","_animationQueue":[],"_animationSpeed":1,"_zoom":6.789},{"_mousePosition":[860,448],"_rootPartCFrame":[750.576,230.643,46.787,-0.003,0,1,0,1,0,-1,0,-0.003],"_humanoidState":5,"_cameraCFrame":[750.616,238.829,45.608,-0.999,-0.034,0.006,0,0.174,0.985,-0.034,0.984,-0.174],"_shiftlockState":false,"_pose":"FreeFall","_animationQueue":[],"_animationSpeed":1,"_zoom":6.789},{"_mousePosition":[860,448],"_rootPartCFrame":[750.511,230.366,46.768,0.003,0,1,0,1,0,-1,0,0.003],"_humanoidState":5,"_cameraCFrame":[750.551,238.551,45.59,-0.999,-0.034,0.006,0,0.174,0.985,-0.034,0.984,-0.174],"_shiftlockState":false,"_pose":"FreeFall","_animationQueue":[],"_animationSpeed":1,"_zoom":6.789},{"_mousePosition":[860,448],"_rootPartCFrame":[750.441,230.158,46.758,0.006,0,1,0,1,0,-1,0,0.006],"_humanoidState":5,"_cameraCFrame":[750.482,238.344,45.58,-0.999,-0.034,0.006,0,0.174,0.985,-0.034,0.984,-0.174],"_shiftlockState":false,"_pose":"FreeFall","_animationQueue":[["fall",0.3]],"_animationSpeed":1,"_zoom":6.789},{"_mousePosition":[860,448],"_rootPartCFrame":[750.46,229.865,46.747,0.007,0,1,0,1,0,-1,0,0.007],"_humanoidState":5,"_cameraCFrame":[748.752,238.051,45.509,-0.999,-0.034,0.006,0,0.174,0.985,-0.034,0.984,-0.174],"_shiftlockState":true,"_pose":"FreeFall","_animationQueue":[],"_animationSpeed":1,"_zoom":6.789},{"_mousePosition":[683,384],"_rootPartCFrame":[750.528,229.533,46.796,-0.993,0,0.114,0.002,1,0.015,-0.114,0.015,-0.993],"_humanoidState":5,"_cameraCFrame":[748.819,237.719,45.58,-0.999,-0.034,0.006,0,0.174,0.985,-0.034,0.984,-0.174],"_shiftlockState":true,"_pose":"FreeFall","_animationQueue":[],"_animationSpeed":1,"_zoom":6.789},{"_mousePosition":[683,384],"_rootPartCFrame":[750.6,229.044,46.874,-0.982,0,0.19,0.002,1,0.008,-0.19,0.008,-0.982],"_humanoidState":5,"_cameraCFrame":[748.892,237.229,45.648,-0.999,-0.034,0.006,0,0.174,0.985,-0.034,0.984,-0.174],"_shiftlockState":true,"_pose":"FreeFall","_animationQueue":[],"_animationSpeed":1,"_zoom":6.789},{"_mousePosition":[683,384],"_rootPartCFrame":[750.553,228.709,46.9,-0.998,0.001,0.066,0.001,1,0,-0.066,0,-0.998],"_humanoidState":7,"_cameraCFrame":[748.845,236.895,45.662,-0.999,-0.034,0.006,0,0.174,0.985,-0.034,0.984,-0.174],"_shiftlockState":true,"_pose":"FreeFall","_animationQueue":[["walk",0.1],["fall",0.3],["fall",0.3]],"_animationSpeed":1,"_zoom":6.789},{"_mousePosition":[683,384],"_rootPartCFrame":[750.332,228.216,46.901,-0.999,-0.001,0.04,-0.001,1,-0.004,-0.04,-0.004,-0.999],"_humanoidState":7,"_cameraCFrame":[748.622,236.401,45.657,-0.999,-0.034,0.006,0,0.174,0.985,-0.034,0.984,-0.174],"_shiftlockState":true,"_pose":"FreeFall","_animationQueue":[],"_animationSpeed":1,"_zoom":6.789},{"_mousePosition":[683,384],"_rootPartCFrame":[750.067,227.989,46.893,-0.999,0,0.035,0,1,0,-0.035,0,-0.999],"_humanoidState":7,"_cameraCFrame":[748.365,236.175,45.644,-0.999,-0.04,0.007,0,0.174,0.985,-0.04,0.984,-0.174],"_shiftlockState":true,"_pose":"FreeFall","_animationQueue":[["fall",0.3]],"_animationSpeed":1,"_zoom":6.789},{"_mousePosition":[683,384],"_rootPartCFrame":[749.667,228.088,46.879,-0.999,0,0.04,0,1,0,-0.04,0,-0.999],"_humanoidState":8,"_cameraCFrame":[747.977,236.273,45.611,-0.999,-0.048,0.009,0,0.174,0.985,-0.049,0.983,-0.174],"_shiftlockState":true,"_pose":"Running","_animationQueue":[["walk",0.1],["fall",0.3],["walk",0.1]],"_animationSpeed":1.102,"_zoom":6.789},{"_mousePosition":[683,384],"_rootPartCFrame":[749.4,228.107,46.868,-0.999,0,0.049,0,1,0,-0.049,0,-0.999],"_humanoidState":8,"_cameraCFrame":[747.725,236.29,45.575,-0.998,-0.059,0.011,0,0.175,0.985,-0.06,0.983,-0.175],"_shiftlockState":true,"_pose":"Running","_animationQueue":[],"_animationSpeed":1.102,"_zoom":6.789},{"_mousePosition":[683,384],"_rootPartCFrame":[749.201,228.068,46.859,-0.998,0,0.06,0,1,0,-0.06,0,-0.998],"_humanoidState":8,"_cameraCFrame":[747.541,236.251,45.541,-0.997,-0.071,0.013,0,0.176,0.984,-0.072,0.982,-0.176],"_shiftlockState":true,"_pose":"Running","_animationQueue":[],"_animationSpeed":1.102,"_zoom":6.789},{"_mousePosition":[683,384],"_rootPartCFrame":[748.868,227.991,46.839,-0.997,0,0.072,0,1,0,-0.072,0,-0.997],"_humanoidState":8,"_cameraCFrame":[747.224,236.174,45.503,-0.997,-0.082,0.015,0,0.176,0.984,-0.083,0.981,-0.175],"_shiftlockState":true,"_pose":"Running","_animationQueue":[],"_animationSpeed":1.102,"_zoom":6.789},{"_mousePosition":[683,384],"_rootPartCFrame":[748.668,227.994,46.825,-0.997,0,0.083,0,1,0,-0.083,0,-0.997],"_humanoidState":8,"_cameraCFrame":[747.04,236.176,45.465,-0.996,-0.093,0.017,0,0.177,0.984,-0.095,0.98,-0.176],"_shiftlockState":true,"_pose":"Running","_animationQueue":[],"_animationSpeed":1.102,"_zoom":6.789},{"_mousePosition":[683,384],"_rootPartCFrame":[748.403,228.059,46.804,-0.995,0,0.095,0,1,0,-0.095,0,-0.995],"_humanoidState":8,"_cameraCFrame":[746.797,236.241,45.416,-0.994,-0.11,0.02,0,0.177,0.984,-0.111,0.978,-0.176],"_shiftlockState":true,"_pose":"Running","_animationQueue":[],"_animationSpeed":1.102,"_zoom":6.789},{"_mousePosition":[683,384],"_rootPartCFrame":[748.071,228.13,46.773,-0.994,0,0.111,0,1,0,-0.111,0,-0.994],"_humanoidState":8,"_cameraCFrame":[746.49,236.312,45.356,-0.992,-0.127,0.023,0,0.177,0.984,-0.129,0.976,-0.175],"_shiftlockState":true,"_pose":"Running","_animationQueue":[["walk",0.1]],"_animationSpeed":1.102,"_zoom":6.789},{"_mousePosition":[683,384],"_rootPartCFrame":[747.805,228.14,46.747,-0.992,0,0.129,0,1,0,-0.129,0,-0.992],"_humanoidState":8,"_cameraCFrame":[746.254,236.323,45.304,-0.989,-0.147,0.026,0,0.176,0.984,-0.15,0.973,-0.174],"_shiftlockState":true,"_pose":"Running","_animationQueue":[],"_animationSpeed":1.102,"_zoom":6.789},{"_mousePosition":[683,384],"_rootPartCFrame":[747.54,229.003,46.722,-0.989,0,0.15,0,1,0,-0.15,0,-0.989],"_humanoidState":3,"_cameraCFrame":[746.01,237.186,45.256,-0.986,-0.162,0.029,0,0.176,0.984,-0.164,0.971,-0.174],"_shiftlockState":true,"_pose":"Jumping","_animationQueue":[["walk",0.1],["jump",0.1]],"_animationSpeed":1,"_zoom":6.789},{"_mousePosition":[683,384],"_rootPartCFrame":[747.342,229.614,46.694,-0.974,0,0.226,0,1,0,-0.226,0,-0.974],"_humanoidState":5,"_cameraCFrame":[745.824,237.797,45.215,-0.985,-0.17,0.03,0,0.176,0.984,-0.173,0.97,-0.173],"_shiftlockState":true,"_pose":"FreeFall","_animationQueue":[["jump",0.1]],"_animationSpeed":1,"_zoom":6.789},{"_mousePosition":[683,384],"_rootPartCFrame":[747.079,230.381,46.651,-0.956,0,0.294,0,1,0,-0.294,0,-0.956],"_humanoidState":5,"_cameraCFrame":[745.563,238.564,45.17,-0.985,-0.171,0.031,0,0.176,0.984,-0.174,0.969,-0.173],"_shiftlockState":true,"_pose":"FreeFall","_animationQueue":[],"_animationSpeed":1,"_zoom":6.789},{"_mousePosition":[683,384],"_rootPartCFrame":[746.75,231.264,46.594,-0.943,0,0.334,0,1,0,-0.334,0,-0.943],"_humanoidState":5,"_cameraCFrame":[745.234,239.447,45.113,-0.985,-0.171,0.031,0,0.176,0.984,-0.174,0.969,-0.173],"_shiftlockState":true,"_pose":"FreeFall","_animationQueue":[],"_animationSpeed":1,"_zoom":6.789},{"_mousePosition":[683,384],"_rootPartCFrame":[746.488,231.909,46.548,-0.953,0,0.303,0,1,0,-0.303,0,-0.953],"_humanoidState":5,"_cameraCFrame":[744.971,240.093,45.072,-0.985,-0.171,0.03,0,0.175,0.985,-0.174,0.97,-0.173],"_shiftlockState":true,"_pose":"FreeFall","_animationQueue":[],"_animationSpeed":1,"_zoom":6.789},{"_mousePosition":[683,384],"_rootPartCFrame":[746.291,232.357,46.513,-0.963,0,0.271,0,1,0,-0.271,0,-0.963],"_humanoidState":5,"_cameraCFrame":[744.774,240.541,45.037,-0.985,-0.171,0.03,0,0.175,0.985,-0.174,0.97,-0.173],"_shiftlockState":true,"_pose":"FreeFall","_animationQueue":[],"_animationSpeed":1,"_zoom":6.789},{"_mousePosition":[683,384],"_rootPartCFrame":[746.028,232.907,46.467,-0.953,0,0.303,0,1,0,-0.303,0,-0.953],"_humanoidState":5,"_cameraCFrame":[744.511,241.091,44.991,-0.985,-0.171,0.03,0,0.175,0.985,-0.174,0.97,-0.173],"_shiftlockState":true,"_pose":"FreeFall","_animationQueue":[],"_animationSpeed":1,"_zoom":6.789},{"_mousePosition":[683,384],"_rootPartCFrame":[745.765,233.402,46.42,-0.953,0,0.303,0,1,0,-0.303,0,-0.953],"_humanoidState":5,"_cameraCFrame":[744.246,241.587,44.952,-0.985,-0.17,0.03,0,0.174,0.985,-0.173,0.97,-0.172],"_shiftlockState":true,"_pose":"FreeFall","_animationQueue":[],"_animationSpeed":1,"_zoom":6.789},{"_mousePosition":[683,384],"_rootPartCFrame":[745.503,233.842,46.374,-0.953,0,0.302,0,1,0,-0.302,0,-0.953],"_humanoidState":5,"_cameraCFrame":[743.979,242.027,44.91,-0.986,-0.167,0.03,0,0.174,0.985,-0.169,0.97,-0.172],"_shiftlockState":true,"_pose":"FreeFall","_animationQueue":[],"_animationSpeed":1,"_zoom":6.789},{"_mousePosition":[683,384],"_rootPartCFrame":[745.24,234.228,46.328,-0.954,0,0.299,0,1,0,-0.299,0,-0.954],"_humanoidState":5,"_cameraCFrame":[743.709,242.414,44.876,-0.986,-0.163,0.029,0,0.174,0.985,-0.165,0.971,-0.171],"_shiftlockState":true,"_pose":"FreeFall","_animationQueue":[],"_animationSpeed":1,"_zoom":6.789},{"_mousePosition":[683,384],"_rootPartCFrame":[744.911,234.634,46.271,-0.945,0,0.327,0,1,0,-0.327,0,-0.945],"_humanoidState":5,"_cameraCFrame":[743.374,242.82,44.826,-0.987,-0.159,0.028,0,0.174,0.985,-0.161,0.972,-0.171],"_shiftlockState":true,"_pose":"FreeFall","_animationQueue":[],"_animationSpeed":1,"_zoom":6.789},{"_mousePosition":[683,384],"_rootPartCFrame":[744.649,234.897,46.227,-0.957,0,0.291,0,1,0,-0.291,0,-0.957],"_humanoidState":5,"_cameraCFrame":[743.107,243.083,44.786,-0.987,-0.156,0.027,0,0.174,0.985,-0.158,0.972,-0.171],"_shiftlockState":true,"_pose":"FreeFall","_animationQueue":[],"_animationSpeed":1,"_zoom":6.789},{"_mousePosition":[683,384],"_rootPartCFrame":[744.451,235.059,46.195,-0.967,0,0.256,0,1,0,-0.256,0,-0.967],"_humanoidState":5,"_cameraCFrame":[742.904,243.245,44.76,-0.988,-0.152,0.027,0,0.174,0.985,-0.154,0.973,-0.172],"_shiftlockState":true,"_pose":"FreeFall","_animationQueue":[],"_animationSpeed":1,"_zoom":6.789},{"_mousePosition":[683,384],"_rootPartCFrame":[744.188,235.227,46.152,-0.959,0,0.284,0,1,0,-0.284,0,-0.959],"_humanoidState":5,"_cameraCFrame":[742.636,243.413,44.723,-0.989,-0.149,0.026,0,0.174,0.985,-0.151,0.974,-0.172],"_shiftlockState":true,"_pose":"FreeFall","_animationQueue":[],"_animationSpeed":1,"_zoom":6.789},{"_mousePosition":[683,384],"_rootPartCFrame":[743.859,235.361,46.101,-0.95,0,0.313,0,1,0,-0.313,0,-0.95],"_humanoidState":5,"_cameraCFrame":[742.305,243.546,44.673,-0.989,-0.148,0.026,0,0.174,0.985,-0.15,0.974,-0.172],"_shiftlockState":true,"_pose":"FreeFall","_animationQueue":[],"_animationSpeed":1,"_zoom":6.789},{"_mousePosition":[683,384],"_rootPartCFrame":[743.661,235.4,46.071,-0.969,0,0.248,0,1,0,-0.248,0,-0.969],"_humanoidState":5,"_cameraCFrame":[742.107,243.586,44.643,-0.989,-0.148,0.026,0,0.174,0.985,-0.15,0.974,-0.172],"_shiftlockState":true,"_pose":"FreeFall","_animationQueue":[],"_animationSpeed":1,"_zoom":6.789},{"_mousePosition":[683,384],"_rootPartCFrame":[743.397,235.404,46.031,-0.96,0,0.28,0,1,0,-0.28,0,-0.96],"_humanoidState":5,"_cameraCFrame":[741.842,243.59,44.604,-0.989,-0.147,0.026,0,0.174,0.985,-0.149,0.974,-0.172],"_shiftlockState":true,"_pose":"FreeFall","_animationQueue":[],"_animationSpeed":1,"_zoom":6.789},{"_mousePosition":[683,384],"_rootPartCFrame":[743.134,235.354,45.991,-0.96,0,0.279,0,1,0,-0.279,0,-0.96],"_humanoidState":5,"_cameraCFrame":[741.577,243.54,44.566,-0.989,-0.146,0.026,0,0.174,0.985,-0.148,0.974,-0.172],"_shiftlockState":true,"_pose":"FreeFall","_animationQueue":[],"_animationSpeed":1,"_zoom":6.789},{"_mousePosition":[683,384],"_rootPartCFrame":[742.87,235.25,45.951,-0.961,0,0.278,0,1,0,-0.278,0,-0.961],"_humanoidState":5,"_cameraCFrame":[741.313,243.436,44.526,-0.989,-0.146,0.026,0,0.174,0.985,-0.148,0.974,-0.172],"_shiftlockState":true,"_pose":"FreeFall","_animationQueue":[["fall",0.3]],"_animationSpeed":1,"_zoom":6.789},{"_mousePosition":[683,384],"_rootPartCFrame":[742.54,235.043,45.902,-0.951,0,0.31,0,1,0,-0.31,0,-0.951],"_humanoidState":5,"_cameraCFrame":[740.984,243.228,44.477,-0.989,-0.146,0.026,0,0.174,0.985,-0.148,0.974,-0.172],"_shiftlockState":true,"_pose":"FreeFall","_animationQueue":[],"_animationSpeed":1,"_zoom":6.789},{"_mousePosition":[683,384],"_rootPartCFrame":[742.277,234.815,45.862,-0.961,0,0.278,0,1,0,-0.278,0,-0.961],"_humanoidState":5,"_cameraCFrame":[740.72,243.001,44.438,-0.989,-0.146,0.026,0,0.174,0.985,-0.148,0.974,-0.172],"_shiftlockState":true,"_pose":"FreeFall","_animationQueue":[],"_animationSpeed":1,"_zoom":6.789},{"_mousePosition":[683,384],"_rootPartCFrame":[742.079,234.609,45.833,-0.969,0,0.246,0,1,0,-0.246,0,-0.969],"_humanoidState":5,"_cameraCFrame":[740.522,242.795,44.408,-0.989,-0.146,0.026,0,0.174,0.985,-0.148,0.974,-0.172],"_shiftlockState":true,"_pose":"FreeFall","_animationQueue":[],"_animationSpeed":1,"_zoom":6.789},{"_mousePosition":[683,384],"_rootPartCFrame":[741.815,234.287,45.793,-0.961,0,0.278,0,1,0,-0.278,0,-0.961],"_humanoidState":5,"_cameraCFrame":[740.259,242.473,44.369,-0.989,-0.146,0.026,0,0.174,0.985,-0.148,0.974,-0.172],"_shiftlockState":true,"_pose":"FreeFall","_animationQueue":[],"_animationSpeed":1,"_zoom":6.789},{"_mousePosition":[683,384],"_rootPartCFrame":[741.552,233.91,45.754,-0.961,0,0.278,0,1,0,-0.278,0,-0.961],"_humanoidState":5,"_cameraCFrame":[739.997,242.094,44.319,-0.989,-0.145,0.026,0,0.175,0.985,-0.148,0.974,-0.173],"_shiftlockState":true,"_pose":"FreeFall","_animationQueue":[],"_animationSpeed":1,"_zoom":6.789},{"_mousePosition":[683,384],"_rootPartCFrame":[741.288,233.478,45.715,-0.961,0,0.278,0,1,0,-0.278,0,-0.961],"_humanoidState":5,"_cameraCFrame":[739.738,241.659,44.256,-0.989,-0.146,0.027,0,0.178,0.984,-0.149,0.973,-0.176],"_shiftlockState":true,"_pose":"FreeFall","_animationQueue":[["fall",0.3]],"_animationSpeed":1,"_zoom":6.789},{"_mousePosition":[683,384],"_rootPartCFrame":[741.024,232.992,45.675,-0.96,0,0.279,0,1,0,-0.279,0,-0.96],"_humanoidState":5,"_cameraCFrame":[739.481,241.168,44.187,-0.989,-0.148,0.028,0,0.182,0.983,-0.151,0.972,-0.18],"_shiftlockState":true,"_pose":"FreeFall","_animationQueue":[],"_animationSpeed":1,"_zoom":6.789},{"_mousePosition":[683,384],"_rootPartCFrame":[740.76,232.452,45.635,-0.96,0,0.281,0,1,0,-0.281,0,-0.96],"_humanoidState":5,"_cameraCFrame":[739.223,240.624,44.128,-0.988,-0.15,0.028,0,0.185,0.983,-0.153,0.971,-0.183],"_shiftlockState":true,"_pose":"FreeFall","_animationQueue":[],"_animationSpeed":1,"_zoom":6.789},{"_mousePosition":[683,384],"_rootPartCFrame":[740.497,231.857,45.595,-0.959,0,0.283,0,1,0,-0.283,0,-0.959],"_humanoidState":5,"_cameraCFrame":[738.964,240.027,44.074,-0.988,-0.152,0.029,0,0.186,0.982,-0.155,0.971,-0.184],"_shiftlockState":true,"_pose":"FreeFall","_animationQueue":[],"_animationSpeed":1,"_zoom":6.789},