[{"_mousePosition":[1216,406],"_rootPartCFrame":[776.031,222.984,47.142,0.001,-0.003,1,0,1,0.003,-1,0,0.001],"_humanoidState":8,"_cameraCFrame":[776.704,232.835,44.831,-0.96,-0.27,0.078,0,0.277,0.961,-0.281,0.922,-0.266],"_shiftlockState":false,"_pose":"Standing","_animationQueue":[],"_animationSpeed":1,"_zoom":8.691},{"_mousePosition":[1217,406],"_rootPartCFrame":[775.918,222.917,47.109,0.022,-0.001,1,0,1,0.001,-1,0,0.022],"_humanoidState":8,"_cameraCFrame":[776.594,232.768,44.797,-0.96,-0.27,0.078,0,0.277,0.961,-0.281,0.922,-0.266],"_shiftlockState":false,"_pose":"Standing","_animationQueue":[],"_animationSpeed":1,"_zoom":8.691},{"_mousePosition":[1221,406],"_rootPartCFrame":[775.667,222.772,47.035,0.057,0,0.998,0,1,0,-0.998,0,0.057],"_humanoidState":8,"_cameraCFrame":[776.345,232.623,44.724,-0.96,-0.27,0.078,0,0.277,0.961,-0.281,0.922,-0.266],"_shiftlockState":false,"_pose":"Running","_animationQueue":[["walk",0.1]],"_animationSpeed":0.833,"_zoom":8.691},{"_mousePosition":[1221,406],"_rootPartCFrame":[775.411,222.656,46.96,0.088,0,0.996,0,1,0,-0.996,0,0.088],"_humanoidState":8,"_cameraCFrame":[776.089,232.506,44.649,-0.96,-0.27,0.078,0,0.277,0.961,-0.281,0.922,-0.266],"_shiftlockState":false,"_pose":"Running","_animationQueue":[["walk",0.1]],"_animationSpeed":1.099,"_zoom":8.691},{"_mousePosition":[1224,406],"_rootPartCFrame":[775.155,222.663,46.885,0.114,0,0.993,0,1,0,-0.993,0,0.114],"_humanoidState":8,"_cameraCFrame":[774.154,232.513,44.081,-0.96,-0.27,0.078,0,0.277,0.961,-0.281,0.922,-0.266],"_shiftlockState":true,"_pose":"Running","_animationQueue":[],"_animationSpeed":1.099,"_zoom":8.691},{"_mousePosition":[683,384],"_rootPartCFrame":[774.899,222.678,46.81,-0.979,0,0.202,0,1,0,-0.202,0,-0.979],"_humanoidState":8,"_cameraCFrame":[773.898,232.528,44.006,-0.96,-0.27,0.078,0,0.277,0.961,-0.281,0.922,-0.266],"_shiftlockState":true,"_pose":"Running","_animationQueue":[["walk",0.1]],"_animationSpeed":1.099,"_zoom":8.691},{"_mousePosition":[683,384],"_rootPartCFrame":[774.644,222.688,46.735,-0.967,0,0.255,0,1,0,-0.255,0,-0.967],"_humanoidState":8,"_cameraCFrame":[773.625,232.555,43.99,-0.96,-0.271,0.076,0,0.27,0.963,-0.281,0.924,-0.259],"_shiftlockState":true,"_pose":"Running","_animationQueue":[],"_animationSpeed":1.099,"_zoom":8.691},{"_mousePosition":[683,384],"_rootPartCFrame":[774.324,222.694,46.641,-0.961,0,0.278,0,1,0,-0.278,0,-0.961],"_humanoidState":8,"_cameraCFrame":[773.273,232.593,44.006,-0.96,-0.272,0.072,0,0.257,0.966,-0.281,0.927,-0.247],"_shiftlockState":true,"_pose":"Running","_animationQueue":[],"_animationSpeed":1.099,"_zoom":8.691},{"_mousePosition":[683,384],"_rootPartCFrame":[774.132,222.696,46.585,-0.96,0,0.281,0,1,0,-0.281,0,-0.96],"_humanoidState":8,"_cameraCFrame":[773.036,232.64,44.117,-0.959,-0.275,0.067,0,0.237,0.972,-0.283,0.932,-0.227],"_shiftlockState":true,"_pose":"Running","_animationQueue":[],"_animationSpeed":1.099,"_zoom":8.691},{"_mousePosition":[683,384],"_rootPartCFrame":[773.812,222.698,46.491,-0.959,0,0.283,0,1,0,-0.283,0,-0.959],"_humanoidState":8,"_cameraCFrame":[772.707,232.657,44.078,-0.958,-0.279,0.066,0,0.23,0.973,-0.286,0.933,-0.22],"_shiftlockState":true,"_pose":"Running","_animationQueue":[],"_animationSpeed":1.099,"_zoom":8.691},{"_mousePosition":[683,384],"_rootPartCFrame":[773.556,222.699,46.416,-0.958,0,0.286,0,1,0,-0.286,0,-0.958],"_humanoidState":8,"_cameraCFrame":[772.451,232.658,44.003,-0.958,-0.279,0.066,0,0.23,0.973,-0.286,0.933,-0.22],"_shiftlockState":true,"_pose":"Running","_animationQueue":[],"_animationSpeed":1.099,"_zoom":8.691},{"_mousePosition":[683,384],"_rootPartCFrame":[773.301,222.699,46.34,-0.958,0,0.286,0,1,0,-0.286,0,-0.958],"_humanoidState":8,"_cameraCFrame":[772.195,232.658,43.927,-0.958,-0.279,0.066,0,0.23,0.973,-0.286,0.933,-0.22],"_shiftlockState":true,"_pose":"Running","_animationQueue":[["walk",0.1]],"_animationSpeed":1.099,"_zoom":8.691},{"_mousePosition":[683,384],"_rootPartCFrame":[773.045,222.699,46.263,-0.958,0,0.286,0,1,0,-0.286,0,-0.958],"_humanoidState":8,"_cameraCFrame":[771.94,232.658,43.85,-0.958,-0.279,0.066,0,0.23,0.973,-0.286,0.933,-0.22],"_shiftlockState":true,"_pose":"Running","_animationQueue":[],"_animationSpeed":1.099,"_zoom":8.691},{"_mousePosition":[683,384],"_rootPartCFrame":[772.789,222.7,46.187,-0.958,0,0.286,0,1,0,-0.286,0,-0.958],"_humanoidState":8,"_cameraCFrame":[771.684,232.658,43.774,-0.958,-0.279,0.066,0,0.23,0.973,-0.286,0.933,-0.22],"_shiftlockState":true,"_pose":"Running","_animationQueue":[],"_animationSpeed":1.099,"_zoom":8.691},{"_mousePosition":[683,384],"_rootPartCFrame":[772.598,222.7,46.13,-0.958,0,0.286,0,1,0,-0.286,0,-0.958],"_humanoidState":8,"_cameraCFrame":[771.492,232.658,43.717,-0.958,-0.279,0.066,0,0.23,0.973,-0.286,0.933,-0.22],"_shiftlockState":true,"_pose":"Running","_animationQueue":[],"_animationSpeed":1.099,"_zoom":8.691},{"_mousePosition":[683,384],"_rootPartCFrame":[772.342,222.7,46.053,-0.958,0,0.286,0,1,0,-0.286,0,-0.958],"_humanoidState":8,"_cameraCFrame":[771.237,232.658,43.64,-0.958,-0.279,0.066,0,0.23,0.973,-0.286,0.933,-0.22],"_shiftlockState":true,"_pose":"Running","_animationQueue":[],"_animationSpeed":1.099,"_zoom":8.691},{"_mousePosition":[683,384],"_rootPartCFrame":[772.086,223.573,45.977,-0.958,0,0.286,0,1,0,-0.286,0,-0.958],"_humanoidState":3,"_cameraCFrame":[770.981,233.532,43.564,-0.958,-0.279,0.066,0,0.23,0.973,-0.286,0.933,-0.22],"_shiftlockState":true,"_pose":"Jumping","_animationQueue":[["walk",0.1],["jump",0.1]],"_animationSpeed":1,"_zoom":8.691},{"_mousePosition":[683,384],"_rootPartCFrame":[771.831,224.395,45.9,-0.928,0,0.373,0,1,0,-0.373,0,-0.928],"_humanoidState":5,"_cameraCFrame":[770.726,234.354,43.488,-0.958,-0.279,0.066,0,0.23,0.973,-0.286,0.933,-0.22],"_shiftlockState":true,"_pose":"FreeFall","_animationQueue":[["jump",0.1]],"_animationSpeed":1,"_zoom":8.691},{"_mousePosition":[683,384],"_rootPartCFrame":[771.575,225.162,45.824,-0.914,0,0.407,0,1,0,-0.407,0,-0.914],"_humanoidState":5,"_cameraCFrame":[770.47,235.121,43.411,-0.958,-0.279,0.066,0,0.23,0.973,-0.286,0.933,-0.22],"_shiftlockState":true,"_pose":"FreeFall","_animationQueue":[],"_animationSpeed":1,"_zoom":8.691},{"_mousePosition":[683,384],"_rootPartCFrame":[771.32,225.875,45.748,-0.912,0,0.411,0,1,0,-0.411,0,-0.912],"_humanoidState":5,"_cameraCFrame":[770.214,235.834,43.335,-0.958,-0.279,0.066,0,0.23,0.973,-0.286,0.933,-0.22],"_shiftlockState":true,"_pose":"FreeFall","_animationQueue":[],"_animationSpeed":1,"_zoom":8.691},{"_mousePosition":[683,384],"_rootPartCFrame":[771.064,226.534,45.671,-0.912,0,0.411,0,1,0,-0.411,0,-0.912],"_humanoidState":5,"_cameraCFrame":[769.953,236.491,43.255,-0.959,-0.276,0.065,0,0.23,0.973,-0.283,0.933,-0.221],"_shiftlockState":true,"_pose":"FreeFall","_animationQueue":[],"_animationSpeed":1,"_zoom":8.691},{"_mousePosition":[683,384],"_rootPartCFrame":[770.808,227.138,45.595,-0.913,0,0.408,0,1,0,-0.408,0,-0.913],"_humanoidState":5,"_cameraCFrame":[769.585,237.069,43.141,-0.974,-0.221,0.055,0,0.243,0.97,-0.228,0.945,-0.237],"_shiftlockState":true,"_pose":"FreeFall","_animationQueue":[],"_animationSpeed":1,"_zoom":8.691},{"_mousePosition":[683,384],"_rootPartCFrame":[770.553,227.687,45.519,-0.935,0,0.355,0,1,0,-0.355,0,-0.935],"_humanoidState":5,"_cameraCFrame":[769.209,237.606,43.087,-0.984,-0.17,0.044,0,0.248,0.969,-0.175,0.954,-0.245],"_shiftlockState":true,"_pose":"FreeFall","_animationQueue":[],"_animationSpeed":1,"_zoom":8.691},{"_mousePosition":[683,384],"_rootPartCFrame":[770.229,228.298,45.441,-0.942,0,0.336,0,1,0,-0.336,0,-0.942],"_humanoidState":5,"_cameraCFrame":[768.832,238.211,43.021,-0.988,-0.148,0.038,0,0.251,0.968,-0.153,0.957,-0.248],"_shiftlockState":true,"_pose":"FreeFall","_animationQueue":[],"_animationSpeed":1,"_zoom":8.691},{"_mousePosition":[683,384],"_rootPartCFrame":[770.032,228.623,45.404,-0.968,0,0.251,0,1,0,-0.251,0,-0.968],"_humanoidState":5,"_cameraCFrame":[768.599,238.533,42.992,-0.991,-0.133,0.035,0,0.252,0.968,-0.137,0.959,-0.25],"_shiftlockState":true,"_pose":"FreeFall","_animationQueue":[],"_animationSpeed":1,"_zoom":8.691},{"_mousePosition":[683,384],"_rootPartCFrame":[769.703,229.097,45.352,-0.954,0,0.3,0,1,0,-0.3,0,-0.954],"_humanoidState":5,"_cameraCFrame":[768.238,239.007,42.96,-0.992,-0.12,0.031,0,0.252,0.968,-0.124,0.96,-0.25],"_shiftlockState":true,"_pose":"FreeFall","_animationQueue":[],"_animationSpeed":1,"_zoom":8.691},{"_mousePosition":[683,384],"_rootPartCFrame":[769.505,229.34,45.324,-0.975,0,0.222,0,1,0,-0.222,0,-0.975],"_humanoidState":5,"_cameraCFrame":[767.993,239.254,42.974,-0.994,-0.102,0.026,0,0.251,0.968,-0.105,0.963,-0.249],"_shiftlockState":true,"_pose":"FreeFall","_animationQueue":[],"_animationSpeed":1,"_zoom":8.691},{"_mousePosition":[683,384],"_rootPartCFrame":[769.24,229.617,45.291,-0.972,0,0.236,0,1,0,-0.236,0,-0.972],"_humanoidState":5,"_cameraCFrame":[767.688,239.536,42.986,-0.996,-0.085,0.022,0,0.248,0.969,-0.088,0.965,-0.247],"_shiftlockState":true,"_pose":"FreeFall","_animationQueue":[],"_animationSpeed":1,"_zoom":8.691},{"_mousePosition":[683,384],"_rootPartCFrame":[768.975,229.84,45.262,-0.976,0,0.22,0,1,0,-0.22,0,-0.976],"_humanoidState":5,"_cameraCFrame":[767.38,239.764,43.006,-0.998,-0.068,0.017,0,0.246,0.969,-0.071,0.967,-0.245],"_shiftlockState":true,"_pose":"FreeFall","_animationQueue":[],"_animationSpeed":1,"_zoom":8.691},{"_mousePosition":[683,384],"_rootPartCFrame":[768.71,230.008,45.238,-0.979,0,0.202,0,1,0,-0.202,0,-0.979],"_humanoidState":5,"_cameraCFrame":[767.069,239.937,43.034,-0.999,-0.049,0.012,0,0.244,0.97,-0.051,0.969,-0.243],"_shiftlockState":true,"_pose":"FreeFall","_animationQueue":[],"_animationSpeed":1,"_zoom":8.691},{"_mousePosition":[683,384],"_rootPartCFrame":[768.444,230.122,45.218,-0.983,0,0.183,0,1,0,-0.183,0,-0.983],"_humanoidState":5,"_cameraCFrame":[766.737,240.056,43.086,-1,-0.02,0.005,0,0.241,0.97,-0.02,0.97,-0.241],"_shiftlockState":true,"_pose":"FreeFall","_animationQueue":[],"_animationSpeed":1,"_zoom":8.691},{"_mousePosition":[683,384],"_rootPartCFrame":[768.177,230.181,45.204,-0.988,0,0.153,0,1,0,-0.153,0,-0.988],"_humanoidState":5,"_cameraCFrame":[766.398,240.115,43.132,-1,0.014,-0.003,0,0.241,0.97,0.014,0.97,-0.241],"_shiftlockState":true,"_pose":"FreeFall","_animationQueue":[["fall",0.3]],"_animationSpeed":1,"_zoom":8.691},{"_mousePosition":[683,384],"_rootPartCFrame":[767.911,230.185,45.197,-0.993,0,0.119,0,1,0,-0.119,0,-0.993],"_humanoidState":5,"_cameraCFrame":[766.05,240.119,43.197,-0.999,0.052,-0.013,0,0.241,0.97,0.054,0.969,-0.241],"_shiftlockState":true,"_pose":"FreeFall","_animationQueue":[],"_animationSpeed":1,"_zoom":8.691},{"_mousePosition":[683,384],"_rootPartCFrame":[767.644,230.135,45.2,-0.997,0,0.079,0,1,0,-0.079,0,-0.997],"_humanoidState":5,"_cameraCFrame":[765.72,240.069,43.261,-0.996,0.084,-0.021,0,0.241,0.97,0.086,0.967,-0.24],"_shiftlockState":true,"_pose":"FreeFall","_animationQueue":[],"_animationSpeed":1,"_zoom":8.691},{"_mousePosition":[683,384],"_rootPartCFrame":[767.378,230.031,45.212,-0.999,0,0.047,0,1,0,-0.047,0,-0.999],"_humanoidState":5,"_cameraCFrame":[765.4,239.961,43.314,-0.994,0.11,-0.028,0,0.243,0.97,0.114,0.964,-0.241],"_shiftlockState":true,"_pose":"FreeFall","_animationQueue":[],"_animationSpeed":1,"_zoom":8.691},{"_mousePosition":[683,384],"_rootPartCFrame":[767.112,229.872,45.234,-1,0,0.02,0,1,0,-0.02,0,-1],"_humanoidState":5,"_cameraCFrame":[765.103,239.799,43.353,-0.992,0.125,-0.032,0,0.244,0.97,0.129,0.962,-0.242],"_shiftlockState":true,"_pose":"FreeFall","_animationQueue":[],"_animationSpeed":1,"_zoom":8.691},{"_mousePosition":[683,384],"_rootPartCFrame":[766.847,229.658,45.263,-1,0,0.004,0,1,0,-0.004,0,-1],"_humanoidState":5,"_cameraCFrame":[764.819,239.584,43.395,-0.99,0.134,-0.034,0,0.245,0.969,0.138,0.96,-0.243],"_shiftlockState":true,"_pose":"FreeFall","_animationQueue":[],"_animationSpeed":1,"_zoom":8.691},{"_mousePosition":[683,384],"_rootPartCFrame":[766.583,229.39,45.297,-1,0,-0.006,0,1,0,0.006,0,-1],"_humanoidState":5,"_cameraCFrame":[764.545,239.316,43.439,-0.99,0.139,-0.035,0,0.245,0.969,0.144,0.959,-0.243],"_shiftlockState":true,"_pose":"FreeFall","_animationQueue":[],"_animationSpeed":1,"_zoom":8.691},{"_mousePosition":[683,384],"_rootPartCFrame":[766.253,228.979,45.343,-1,0,0.022,0,1,0,-0.022,0,-1],"_humanoidState":5,"_cameraCFrame":[764.201,238.904,43.5,-0.989,0.146,-0.037,0,0.245,0.969,0.151,0.958,-0.242],"_shiftlockState":true,"_pose":"FreeFall","_animationQueue":[["fall",0.3]],"_animationSpeed":1,"_zoom":8.691},{"_mousePosition":[683,384],"_rootPartCFrame":[766.055,228.691,45.371,-0.999,0,-0.051,0,1,0,0.051,0,-0.999],"_humanoidState":5,"_cameraCFrame":[763.997,238.616,43.535,-0.988,0.149,-0.038,0,0.245,0.969,0.154,0.958,-0.242],"_shiftlockState":true,"_pose":"FreeFall","_animationQueue":[],"_animationSpeed":1,"_zoom":8.691},{"_mousePosition":[683,384],"_rootPartCFrame":[765.791,228.259,45.411,-1,0,-0.021,0,1,0,0.021,0,-1],"_humanoidState":5,"_cameraCFrame":[763.734,238.185,43.575,-0.988,0.149,-0.038,0,0.245,0.969,0.154,0.958,-0.242],"_shiftlockState":true,"_pose":"FreeFall","_animationQueue":[],"_animationSpeed":1,"_zoom":8.691},{"_mousePosition":[683,384],"_rootPartCFrame":[765.527,227.773,45.452,-1,0,-0.021,0,1,0,0.021,0,-1],"_humanoidState":5,"_cameraCFrame":[763.472,237.699,43.614,-0.988,0.148,-0.038,0,0.245,0.969,0.153,0.958,-0.242],"_shiftlockState":true,"_pose":"FreeFall","_animationQueue":[],"_animationSpeed":1,"_zoom":8.691},{"_mousePosition":[683,384],"_rootPartCFrame":[765.264,227.233,45.493,-1,0,-0.02,0,1,0,0.02,0,-1],"_humanoidState":5,"_cameraCFrame":[763.222,237.151,43.609,-0.99,0.139,-0.036,0,0.248,0.969,0.144,0.959,-0.246],"_shiftlockState":true,"_pose":"FreeFall","_animationQueue":[],"_animationSpeed":1,"_zoom":8.691},{"_mousePosition":[683,384],"_rootPartCFrame":[764.935,226.481,45.544,-1,0,0.022,0,1,0,-0.022,0,-1],"_humanoidState":5,"_cameraCFrame":[762.919,236.392,43.601,-0.992,0.124,-0.032,0,0.251,0.968,0.128,0.96,-0.249],"_shiftlockState":true,"_pose":"FreeFall","_animationQueue":[],"_animationSpeed":1,"_zoom":8.691},{"_mousePosition":[683,384],"_rootPartCFrame":[764.737,225.988,45.573,-1,0,-0.028,0,1,0,0.028,0,-1],"_humanoidState":5,"_cameraCFrame":[762.768,235.888,43.531,-0.995,0.099,-0.026,0,0.257,0.966,0.102,0.961,-0.256],"_shiftlockState":true,"_pose":"FreeFall","_animationQueue":[],"_animationSpeed":1,"_zoom":8.691},{"_mousePosition":[683,384],"_rootPartCFrame":[764.406,225.1,45.617,-0.998,0,0.064,0,1,0,-0.064,0,-0.998],"_humanoidState":5,"_cameraCFrame":[762.501,234.983,43.45,-0.998,0.067,-0.018,0,0.264,0.965,0.07,0.962,-0.263],"_shiftlockState":true,"_pose":"FreeFall","_animationQueue":[["fall",0.3]],"_animationSpeed":1,"_zoom":8.691},{"_mousePosition":[683,384],"_rootPartCFrame":[764.208,224.526,45.638,-1,0,0.03,0,1,0,-0.03,0,-1],"_humanoidState":5,"_cameraCFrame":[762.444,234.38,43.253,-1,0.006,-0.002,0,0.276,0.961,0.006,0.961,-0.276],"_shiftlockState":true,"_pose":"FreeFall","_animationQueue":[],"_animationSpeed":1,"_zoom":8.691},{"_mousePosition":[683,384],"_rootPartCFrame":[763.875,223.501,45.663,-0.999,0,0.038,0,1,0,-0.038,0,-0.999],"_humanoidState":7,"_cameraCFrame":[762.275,233.328,43.074,-0.998,-0.057,0.017,0,0.286,0.958,-0.059,0.956,-0.286],"_shiftlockState":true,"_pose":"FreeFall","_animationQueue":[["walk",0.1],["fall",0.3],["fall",0.3]],"_animationSpeed":1,"_zoom":8.691},{"_mousePosition":[683,384],"_rootPartCFrame":[763.675,223.352,45.666,-0.998,0,0.062,0,1,0,-0.062,0,-0.998],"_humanoidState":7,"_cameraCFrame":[762.251,233.154,42.903,-0.993,-0.116,0.036,0,0.296,0.955,-0.122,0.948,-0.293],"_shiftlockState":true,"_pose":"FreeFall","_animationQueue":[],"_animationSpeed":1,"_zoom":8.691},{"_mousePosition":[683,384],"_rootPartCFrame":[763.343,223.492,45.649,-0.993,0,0.122,0,1,0,-0.122,0,-0.993],"_humanoidState":8,"_cameraCFrame":[762.079,233.28,42.766,-0.984,-0.167,0.053,0,0.301,0.954,-0.175,0.939,-0.296],"_shiftlockState":true,"_pose":"Running","_animationQueue":[["walk",0.1],["fall",0.3],["walk",0.1]],"_animationSpeed":1.103,"_zoom":8.691},{"_mousePosition":[683,384],"_rootPartCFrame":[763.078,223.584,45.619,-0.984,0,0.175,0,1,0,-0.175,0,-0.984],"_humanoidState":8,"_cameraCFrame":[761.903,233.384,42.734,-0.978,-0.199,0.062,0,0.296,0.955,-0.208,0.934,-0.29],"_shiftlockState":true,"_pose":"Running","_animationQueue":[],"_animationSpeed":1.103,"_zoom":8.691},{"_mousePosition":[683,384],"_rootPartCFrame":[762.815,223.636,45.574,-0.978,0,0.208,0,1,0,-0.208,0,-0.978],"_humanoidState":8,"_cameraCFrame":[761.632,233.469,42.789,-0.977,-0.205,0.061,0,0.284,0.959,-0.213,0.937,-0.278],"_shiftlockState":true,"_pose":"Running","_animationQueue":[["walk",0.1]],"_animationSpeed":1.103,"_zoom":8.691},{"_mousePosition":[683,384],"_rootPartCFrame":[762.554,223.665,45.52,-0.977,0,0.213,0,1,0,-0.213,0,-0.977],"_humanoidState":8,"_cameraCFrame":[761.361,233.508,42.768,-0.977,-0.204,0.06,0,0.28,0.96,-0.212,0.938,-0.274],"_shiftlockState":true,"_pose":"Running","_animationQueue":[],"_animationSpeed":1.103,"_zoom":8.691},{"_mousePosition":[683,384],"_rootPartCFrame":[762.293,223.681,45.463,-0.977,0,0.212,0,1,0,-0.212,0,-0.977],"_humanoidState":8,"_cameraCFrame":[761.1,233.523,42.712,-0.977,-0.204,0.06,0,0.28,0.96,-0.212,0.938,-0.274],"_shiftlockState":true,"_pose":"Running","_animationQueue":[],"_animationSpeed":1.103,"_zoom":8.691},{"_mousePosition":[683,384],"_rootPartCFrame":[762.033,223.689,45.407,-0.977,0,0.212,0,1,0,-0.212,0,-0.977],"_humanoidState":8,"_cameraCFrame":[760.84,233.532,42.655,-0.977,-0.204,0.06,0,0.28,0.96,-0.212,0.938,-0.274],"_shiftlockState":true,"_pose":"Running","_animationQueue":[],"_animationSpeed":1.103,"_zoom":8.691},{"_mousePosition":[683,384],"_rootPartCFrame":[761.707,224.759,45.336,-0.977,0,0.212,0,1,0,-0.212,0,-0.977],"_humanoidState":3,"_cameraCFrame":[760.514,234.602,42.584,-0.977,-0.204,0.06,0,0.28,0.96,-0.212,0.938,-0.274],"_shiftlockState":true,"_pose":"Jumping","_animationQueue":[["walk",0.1],["jump",0.1]],"_animationSpeed":1,"_zoom":8.691},{"_mousePosition":[683,384],"_rootPartCFrame":[761.512,225.361,45.294,-0.962,0,0.273,0,1,0,-0.273,0,-0.962],"_humanoidState":5,"_cameraCFrame":[760.319,235.203,42.542,-0.977,-0.204,0.06,0,0.28,0.96,-0.212,0.938,-0.274],"_shiftlockState":true,"_pose":"FreeFall","_animationQueue":[["jump",0.1]],"_animationSpeed":1,"_zoom":8.691},{"_mousePosition":[683,384],"_rootPartCFrame":[761.186,226.294,45.223,-0.932,0,0.363,0,1,0,-0.363,0,-0.932],"_humanoidState":5,"_cameraCFrame":[759.993,236.137,42.471,-0.977,-0.204,0.06,0,0.28,0.96,-0.212,0.938,-0.274],"_shiftlockState":true,"_pose":"FreeFall","_animationQueue":[],"_animationSpeed":1,"_zoom":8.691},{"_mousePosition":[683,384],"_rootPartCFrame":[760.991,226.814,45.18,-0.951,0,0.308,0,1,0,-0.308,0,-0.951],"_humanoidState":5,"_cameraCFrame":[759.798,236.657,42.429,-0.977,-0.204,0.06,0,0.28,0.96,-0.212,0.938,-0.274],"_shiftlockState":true,"_pose":"FreeFall","_animationQueue":[],"_animationSpeed":1,"_zoom":8.691},{"_mousePosition":[683,384],"_rootPartCFrame":[760.73,227.459,45.124,-0.94,0,0.34,0,1,0,-0.34,0,-0.94],"_humanoidState":5,"_cameraCFrame":[759.44,237.271,42.325,-0.985,-0.164,0.05,0,0.292,0.956,-0.171,0.942,-0.288],"_shiftlockState":true,"_pose":"FreeFall","_animationQueue":[],"_animationSpeed":1,"_zoom":8.691},{"_mousePosition":[683,384],"_rootPartCFrame":[760.405,228.188,45.053,-0.943,0,0.332,0,1,0,-0.332,0,-0.943],"_humanoidState":5,"_cameraCFrame":[759.002,237.972,42.222,-0.992,-0.121,0.038,0,0.303,0.953,-0.127,0.945,-0.3],"_shiftlockState":true,"_pose":"FreeFall","_animationQueue":[],"_animationSpeed":1,"_zoom":8.691},{"_mousePosition":[683,384],"_rootPartCFrame":[760.142,228.711,45.006,-0.966,0,0.257,0,1,0,-0.257,0,-0.966],"_humanoidState":5,"_cameraCFrame":[758.709,238.49,42.178,-0.993,-0.11,0.035,0,0.304,0.953,-0.115,0.946,-0.302],"_shiftlockState":true,"_pose":"FreeFall","_animationQueue":[],"_animationSpeed":1,"_zoom":8.691},{"_mousePosition":[683,384],"_rootPartCFrame":[759.944,229.067,44.978,-0.977,0,0.214,0,1,0,-0.214,0,-0.977],"_humanoidState":5,"_cameraCFrame":[758.496,238.846,42.158,-0.994,-0.105,0.033,0,0.304,0.953,-0.11,0.947,-0.302],"_shiftlockState":true,"_pose":"FreeFall","_animationQueue":[],"_animationSpeed":1,"_zoom":8.691},{"_mousePosition":[683,384],"_rootPartCFrame":[759.679,229.493,44.947,-0.97,0,0.241,0,1,0,-0.241,0,-0.97],"_humanoidState":5,"_cameraCFrame":[758.192,239.275,42.154,-0.995,-0.092,0.029,0,0.303,0.953,-0.097,0.948,-0.302],"_shiftlockState":true,"_pose":"FreeFall","_animationQueue":[],"_animationSpeed":1,"_zoom":8.691},{"_mousePosition":[683,384],"_rootPartCFrame":[759.414,229.866,44.918,-0.974,0,0.228,0,1,0,-0.228,0,-0.974],"_humanoidState":5,"_cameraCFrame":[757.885,239.651,42.16,-0.997,-0.078,0.025,0,0.302,0.953,-0.082,0.95,-0.301],"_shiftlockState":true,"_pose":"FreeFall","_animationQueue":[],"_animationSpeed":1,"_zoom":8.691},{"_mousePosition":[683,384],"_rootPartCFrame":[759.149,230.184,44.891,-0.977,0,0.214,0,1,0,-0.214,0,-0.977],"_humanoidState":5,"_cameraCFrame":[757.582,239.969,42.154,-0.998,-0.065,0.021,0,0.302,0.953,-0.068,0.951,-0.301],"_shiftlockState":true,"_pose":"FreeFall","_animationQueue":[],"_animationSpeed":1,"_zoom":8.691},{"_mousePosition":[683,384],"_rootPartCFrame":[758.883,230.447,44.869,-0.98,0,0.2,0,1,0,-0.2,0,-0.98],"_humanoidState":5,"_cameraCFrame":[757.285,240.235,42.157,-0.998,-0.054,0.017,0,0.301,0.954,-0.057,0.952,-0.301],"_shiftlockState":true,"_pose":"FreeFall","_animationQueue":[],"_animationSpeed":1,"_zoom":8.691},{"_mousePosition":[683,384],"_rootPartCFrame":[758.55,230.7,44.845,-0.975,0,0.222,0,1,0,-0.222,0,-0.975],"_humanoidState":5,"_cameraCFrame":[756.93,240.485,42.14,-0.999,-0.046,0.015,0,0.302,0.953,-0.049,0.952,-0.301],"_shiftlockState":true,"_pose":"FreeFall","_animationQueue":[],"_animationSpeed":1,"_zoom":8.691},{"_mousePosition":[683,384],"_rootPartCFrame":[758.351,230.81,44.834,-0.989,0,0.148,0,1,0,-0.148,0,-0.989],"_humanoidState":5,"_cameraCFrame":[756.711,240.594,42.134,-0.999,-0.039,0.012,0,0.303,0.953,-0.041,0.952,-0.302],"_shiftlockState":true,"_pose":"FreeFall","_animationQueue":[],"_animationSpeed":1,"_zoom":8.691},{"_mousePosition":[683,384],"_rootPartCFrame":[758.084,230.91,44.82,-0.985,0,0.174,0,1,0,-0.174,0,-0.985],"_humanoidState":5,"_cameraCFrame":[756.422,240.687,42.114,-0.999,-0.031,0.01,0,0.305,0.952,-0.033,0.952,-0.305],"_shiftlockState":true,"_pose":"FreeFall","_animationQueue":[],"_animationSpeed":1,"_zoom":8.691},{"_mousePosition":[683,384],"_rootPartCFrame":[757.818,230.956,44.809,-0.986,0,0.165,0,1,0,-0.165,0,-0.986],"_humanoidState":5,"_cameraCFrame":[756.115,240.718,42.083,-1,-0.016,0.005,0,0.31,0.951,-0.017,0.951,-0.31],"_shiftlockState":true,"_pose":"FreeFall","_animationQueue":[],"_animationSpeed":1,"_zoom":8.691},{"_mousePosition":[683,384],"_rootPartCFrame":[757.485,230.936,44.798,-0.983,0,0.183,0,1,0,-0.183,0,-0.983],"_humanoidState":5,"_cameraCFrame":[755.745,240.678,42.035,-1,-0.003,0.001,0,0.317,0.948,-0.004,0.948,-0.317],"_shiftlockState":true,"_pose":"FreeFall","_animationQueue":[["fall",0.3]],"_animationSpeed":1,"_zoom":8.691},{"_mousePosition":[683,384],"_rootPartCFrame":[757.285,230.883,44.794,-0.995,0,0.103,0,1,0,-0.103,0,-0.995],"_humanoidState":5,"_cameraCFrame":[755.48,240.594,41.979,-1,0.018,-0.006,0,0.328,0.945,0.019,0.945,-0.328],"_shiftlockState":true,"_pose":"FreeFall","_animationQueue":[],"_animationSpeed":1,"_zoom":8.691},{"_mousePosition":[683,384],"_rootPartCFrame":[756.952,230.727,44.792,-0.989,0,0.147,0,1,0,-0.147,0,-0.989],"_humanoidState":5,"_cameraCFrame":[755.072,240.402,41.924,-0.999,0.042,-0.015,0,0.339,0.941,0.045,0.94,-0.339],"_shiftlockState":true,"_pose":"FreeFall","_animationQueue":[],"_animationSpeed":1,"_zoom":8.691},{"_mousePosition":[683,384],"_rootPartCFrame":[756.752,230.592,44.795,-0.998,0,0.055,0,1,0,-0.055,0,-0.998],"_humanoidState":5,"_cameraCFrame":[754.757,240.217,41.861,-0.997,0.076,-0.029,0,0.355,0.935,0.081,0.932,-0.354],"_shiftlockState":true,"_pose":"FreeFall","_animationQueue":[],"_animationSpeed":1,"_zoom":8.691},{"_mousePosition":[683,384],"_rootPartCFrame":[756.434,230.3,44.835,-0.998,0,0.063,0,1,0,-0.063,0,-0.998],"_humanoidState":5,"_cameraCFrame":[754.332,239.881,41.857,-0.994,0.106,-0.042,0,0.368,0.93,0.114,0.924,-0.366],"_shiftlockState":true,"_pose":"FreeFall","_animationQueue":[],"_animationSpeed":1,"_zoom":8.691},{"_mousePosition":[683,384],"_rootPartCFrame":[756.255,230.084,44.886,-1,0,-0.031,0,1,0,0.031,0,-1],"_humanoidState":5,"_cameraCFrame":[753.985,239.602,41.861,-0.987,0.15,-0.063,0,0.386,0.923,0.162,0.91,-0.381],"_shiftlockState":true,"_pose":"FreeFall","_animationQueue":[],"_animationSpeed":1,"_zoom":8.691},{"_mousePosition":[683,384],"_rootPartCFrame":[756.034,229.747,44.985,-0.999,0,-0.052,0,1,0,0.052,0,-0.999],"_humanoidState":5,"_cameraCFrame":[753.612,239.224,41.968,-0.979,0.189,-0.082,0,0.397,0.918,0.205,0.898,-0.389],"_shiftlockState":true,"_pose":"FreeFall","_animationQueue":[],"_animationSpeed":1,"_zoom":8.691},{"_mousePosition":[683,384],"_rootPartCFrame":[755.783,229.251,45.158,-0.998,0,-0.069,0,1,0,0.069,0,-0.998],"_humanoidState":5,"_cameraCFrame":[753.273,238.697,42.131,-0.973,0.209,-0.093,0,0.405,0.914,0.229,0.89,-0.394],"_shiftlockState":true,"_pose":"FreeFall","_animationQueue":[["fall",0.3]],"_animationSpeed":1,"_zoom":8.691},{"_mousePosition":[683,384],"_rootPartCFrame":[755.606,228.792,45.334,-0.993,0,-0.122,0,1,0,0.122,0,-0.993],"_humanoidState":5,"_cameraCFrame":[753.068,238.221,42.286,-0.972,0.214,-0.096,0,0.41,0.912,0.235,0.887,-0.398],"_shiftlockState":true,"_pose":"FreeFall","_animationQueue":[],"_animationSpeed":1,"_zoom":8.691},{"_mousePosition":[683,384],"_rootPartCFrame":[755.489,228.412,45.487,-0.988,0,-0.157,0,1,0,0.157,0,-0.988],"_humanoidState":5,"_cameraCFrame":[752.949,237.838,42.433,-0.972,0.214,-0.096,0,0.41,0.912,0.235,0.886,-0.399],"_shiftlockState":true,"_pose":"FreeFall","_animationQueue":[],"_animationSpeed":1,"_zoom":8.691},{"_mousePosition":[683,384],"_rootPartCFrame":[755.347,227.858,45.712,-0.991,0,-0.132,0,1,0,0.132,0,-0.991],"_humanoidState":5,"_cameraCFrame":[752.808,237.284,42.658,-0.972,0.214,-0.096,0,0.41,0.912,0.235,0.886,-0.399],"_shiftlockState":true,"_pose":"FreeFall","_animationQueue":[],"_animationSpeed":1,"_zoom":8.691},{"_mousePosition":[683,384],"_rootPartCFrame":[755.208,227.249,45.94,-0.991,0,-0.132,0,1,0,0.132,0,-0.991],"_humanoidState":5,"_cameraCFrame":[752.669,236.675,42.886,-0.972,0.214,-0.096,0,0.41,0.912,0.235,0.886,-0.399],"_shiftlockState":true,"_pose":"FreeFall","_animationQueue":[],"_animationSpeed":1,"_zoom":8.691},{"_mousePosition":[683,384],"_rootPartCFrame":[755.069,226.586,46.167,-0.991,0,-0.132,0,1,0,0.132,0,-0.991],"_humanoidState":5,"_cameraCFrame":[752.801,235.921,42.693,-0.99,0.129,-0.062,0,0.433,0.901,0.143,0.892,-0.429],"_shiftlockState":true,"_pose":"FreeFall","_animationQueue":[],"_animationSpeed":1,"_zoom":8.691},{"_mousePosition":[683,384],"_rootPartCFrame":[754.971,226.655,46.27,-0.999,0.004,-0.049,0.004,1,0,0.049,0,-0.999],"_humanoidState":12,"_cameraCFrame":[754.559,235.765,41.741,-0.954,-0.261,0.144,0,0.483,0.876,-0.298,0.836,-0.461],"_shiftlockState":true,"_pose":"Climbing","_animationQueue":[["walk",0.1],["fall",0.3],["climb",0.1],["climb",0]],"_animationSpeed":-3.418,"_zoom":8.691},{"_mousePosition":[683,384],"_rootPartCFrame":[754.959,226.894,46.107,-0.961,0.003,0.276,0.002,1,-0.001,-0.276,0,-0.961],"_humanoidState":12,"_cameraCFrame":[757.25,235.942,42.057,-0.622,-0.68,0.388,0,0.496,0.868,-0.783,0.54,-0.308],"_shiftlockState":true,"_pose":"Climbing","_animationQueue":[["climb",0.1]],"_animationSpeed":0.866,"_zoom":8.691},{"_mousePosition":[683,384],"_rootPartCFrame":[754.845,227.486,45.757,-0.617,0.003,0.787,0.002,1,-0.002,-0.787,0,-0.617],"_humanoidState":8,"_cameraCFrame":[757.762,236.853,42.891,-0.328,-0.855,0.401,0,0.425,0.905,-0.945,0.297,-0.14],"_shiftlockState":true,"_pose":"Standing","_animationQueue":[["climb",0.1],["walk",0.1],["idle",0.1]],"_animationSpeed":1,"_zoom":8.691},{"_mousePosition":[683,384],"_rootPartCFrame":[754.681,228.102,45.708,-0.31,0.001,0.951,0,1,-0.001,-0.951,0,-0.31],"_humanoidState":8,"_cameraCFrame":[755.992,237.983,43.13,-0.436,-0.868,0.238,0,0.265,0.964,-0.9,0.42,-0.115],"_shiftlockState":true,"_pose":"Running","_animationQueue":[["walk",0.1]],"_animationSpeed":0.67,"_zoom":8.691},{"_mousePosition":[683,384],"_rootPartCFrame":[754.564,228.528,45.662,-0.434,0,0.901,0,1,0,-0.901,0,-0.434],"_humanoidState":8,"_cameraCFrame":[755.072,238.527,43.19,-0.566,-0.806,0.172,0,0.209,0.978,-0.824,0.554,-0.118],"_shiftlockState":true,"_pose":"Running","_animationQueue":[],"_animationSpeed":0.67,"_zoom":8.691},{"_mousePosition":[683,384],"_rootPartCFrame":[754.372,229.632,45.573,-0.569,-0.001,0.822,-0.001,1,0.001,-0.822,0,-0.569],"_humanoidState":3,"_cameraCFrame":[754.755,239.59,42.942,-0.65,-0.74,0.175,0,0.23,0.973,-0.76,0.632,-0.15],"_shiftlockState":true,"_pose":"Jumping","_animationQueue":[["walk",0.1],["jump",0.1]],"_animationSpeed":1,"_zoom":8.691},{"_mousePosition":[683,384],"_rootPartCFrame":[754.22,230.482,45.477,-0.578,-0.001,0.816,0,1,0.001,-0.816,0,-0.578],"_humanoidState":5,"_cameraCFrame":[754.317,240.432,42.8,-0.733,-0.661,0.159,0,0.233,0.972,-0.68,0.713,-0.171],"_shiftlockState":true,"_pose":"FreeFall","_animationQueue":[["jump",0.1]],"_animationSpeed":1,"_zoom":8.691},{"_mousePosition":[683,384],"_rootPartCFrame":[754.103,231.083,45.38,-0.665,0,0.747,0,1,0,-0.747,0,-0.665],"_humanoidState":5,"_cameraCFrame":[753.959,241.019,42.658,-0.799,-0.583,0.145,0,0.241,0.971,-0.601,0.776,-0.192],"_shiftlockState":true,"_pose":"FreeFall","_animationQueue":[],"_animationSpeed":1,"_zoom":8.691},{"_mousePosition":[683,384],"_rootPartCFrame":[753.928,231.837,45.221,-0.713,0,0.701,0,1,0,-0.701,0,-0.713],"_humanoidState":5,"_cameraCFrame":[753.597,241.754,42.457,-0.847,-0.515,0.132,0,0.249,0.968,-0.532,0.82,-0.211],"_shiftlockState":true,"_pose":"FreeFall","_animationQueue":[],"_animationSpeed":1,"_zoom":8.691},{"_mousePosition":[683,384],"_rootPartCFrame":[753.723,232.536,45.059,-0.769,0,0.639,0,1,0,-0.639,0,-0.769],"_humanoidState":5,"_cameraCFrame":[753.178,242.439,42.285,-0.89,-0.441,0.117,0,0.255,0.967,-0.456,0.86,-0.227],"_shiftlockState":true,"_pose":"FreeFall","_animationQueue":[],"_animationSpeed":1,"_zoom":8.691},{"_mousePosition":[683,384],"_rootPartCFrame":[753.443,233.334,44.877,-0.802,0,0.597,0,1,0,-0.597,0,-0.802],"_humanoidState":5,"_cameraCFrame":[752.694,243.233,42.141,-0.922,-0.374,0.099,0,0.257,0.966,-0.387,0.891,-0.237],"_shiftlockState":true,"_pose":"FreeFall","_animationQueue":[],"_animationSpeed":1,"_zoom":8.691},{"_mousePosition":[683,384],"_rootPartCFrame":[753.268,233.771,44.781,-0.879,0,0.477,0,1,0,-0.477,0,-0.879],"_humanoidState":5,"_cameraCFrame":[752.324,243.665,42.089,-0.948,-0.306,0.082,0,0.259,0.966,-0.317,0.916,-0.246],"_shiftlockState":true,"_pose":"FreeFall","_animationQueue":[],"_animationSpeed":1,"_zoom":8.691},{"_mousePosition":[683,384],"_rootPartCFrame":[753.024,234.307,44.674,-0.898,0,0.441,0,1,0,-0.441,0,-0.898],"_humanoidState":5,"_cameraCFrame":[751.912,244.19,42.011,-0.967,-0.244,0.067,0,0.264,0.965,-0.253,0.933,-0.255],"_shiftlockState":true,"_pose":"FreeFall","_animationQueue":[],"_animationSpeed":1,"_zoom":8.691},{"_mousePosition":[683,384],"_rootPartCFrame":[752.773,234.789,44.585,-0.925,0,0.379,0,1,0,-0.379,0,-0.925],"_humanoidState":5,"_cameraCFrame":[751.517,244.653,41.928,-0.981,-0.188,0.053,0,0.272,0.962,-0.195,0.944,-0.267],"_shiftlockState":true,"_pose":"FreeFall","_animationQueue":[],"_animationSpeed":1,"_zoom":8.691},{"_mousePosition":[683,384],"_rootPartCFrame":[752.516,235.215,44.515,-0.946,0,0.324,0,1,0,-0.324,0,-0.946],"_humanoidState":5,"_cameraCFrame":[751.102,245.046,41.832,-0.992,-0.125,0.037,0,0.285,0.959,-0.13,0.95,-0.282],"_shiftlockState":true,"_pose":"FreeFall","_animationQueue":[],"_animationSpeed":1,"_zoom":8.691},{"_mousePosition":[683,384],"_rootPartCFrame":[752.255,235.588,44.46,-0.965,0,0.26,0,1,0,-0.26,0,-0.965],"_humanoidState":5,"_cameraCFrame":[750.672,245.367,41.713,-0.998,-0.059,0.019,0,0.304,0.953,-0.062,0.951,-0.304],"_shiftlockState":true,"_pose":"FreeFall","_animationQueue":[],"_animationSpeed":1,"_zoom":8.691},{"_mousePosition":[683,384],"_rootPartCFrame":[751.936,235.977,44.431,-0.978,0,0.209,0,1,0,-0.209,0,-0.978],"_humanoidState":5,"_cameraCFrame":[750.19,245.696,41.605,-1,-0.001,0,0,0.325,0.946,-0.001,0.946,-0.325],"_shiftlockState":true,"_pose":"FreeFall","_animationQueue":[],"_animationSpeed":1,"_zoom":8.691},{"_mousePosition":[683,384],"_rootPartCFrame":[751.693,236.227,44.451,-0.993,0,0.115,0,1,0,-0.115,0,-0.993],"_humanoidState":5,"_cameraCFrame":[749.771,245.88,41.55,-0.998,0.055,-0.02,0,0.346,0.938,0.058,0.937,-0.346],"_shiftlockState":true,"_pose":"FreeFall","_animationQueue":[],"_animationSpeed":1,"_zoom":8.691},{"_mousePosition":[683,384],"_rootPartCFrame":[751.461,236.422,44.509,-0.999,0,0.054,0,1,0,-0.054,0,-0.999],"_humanoidState":5,"_cameraCFrame":[749.364,246.008,41.541,-0.994,0.105,-0.041,0,0.366,0.93,0.112,0.925,-0.364],"_shiftlockState":true,"_pose":"FreeFall","_animationQueue":[],"_animationSpeed":1,"_zoom":8.691},{"_mousePosition":[683,384],"_rootPartCFrame":[751.243,236.563,44.604,-1,0,-0.001,0,1,0,0.001,0,-1],"_humanoidState":5,"_cameraCFrame":[748.979,246.083,41.58,-0.987,0.148,-0.062,0,0.385,0.923,0.16,0.911,-0.38],"_shiftlockState":true,"_pose":"FreeFall","_animationQueue":[],"_animationSpeed":1,"_zoom":8.691},{"_mousePosition":[683,384],"_rootPartCFrame":[751.09,236.632,44.699,-0.997,0,-0.077,0,1,0,0.077,0,-0.997],"_humanoidState":5,"_cameraCFrame":[748.671,246.095,41.643,-0.979,0.185,-0.081,0,0.401,0.916,0.202,0.897,-0.392],"_shiftlockState":true,"_pose":"FreeFall","_animationQueue":[],"_animationSpeed":1,"_zoom":8.691},{"_mousePosition":[683,384],"_rootPartCFrame":[750.858,236.681,44.902,-0.998,0,-0.065,0,1,0,0.065,0,-0.998],"_humanoidState":5,"_cameraCFrame":[748.311,246.092,41.817,-0.972,0.214,-0.097,0,0.414,0.91,0.235,0.885,-0.402],"_shiftlockState":true,"_pose":"FreeFall","_animationQueue":[["fall",0.3]],"_animationSpeed":1,"_zoom":8.691},{"_mousePosition":[683,384],"_rootPartCFrame":[750.734,236.669,45.049,-0.988,0,-0.154,0,1,0,0.154,0,-0.988],"_humanoidState":5,"_cameraCFrame":[748.056,246.018,41.916,-0.964,0.24,-0.114,0,0.429,0.903,0.266,0.871,-0.414],"_shiftlockState":true,"_pose":"FreeFall","_animationQueue":[],"_animationSpeed":1,"_zoom":8.691},{"_mousePosition":[683,384],"_rootPartCFrame":[750.554,236.581,45.326,-0.991,0,-0.132,0,1,0,0.132,0,-0.991],"_humanoidState":5,"_cameraCFrame":[747.792,245.881,42.145,-0.959,0.254,-0.125,0,0.441,0.898,0.283,0.861,-0.423],"_shiftlockState":true,"_pose":"FreeFall","_animationQueue":[],"_animationSpeed":1,"_zoom":8.691},{"_mousePosition":[683,384],"_rootPartCFrame":[750.454,236.487,45.499,-0.979,0,-0.204,0,1,0,0.204,0,-0.979],"_humanoidState":5,"_cameraCFrame":[747.672,245.775,42.306,-0.958,0.257,-0.127,0,0.444,0.896,0.287,0.859,-0.425],"_shiftlockState":true,"_pose":"FreeFall","_animationQueue":[],"_animationSpeed":1,"_zoom":8.691},{"_mousePosition":[683,384],"_rootPartCFrame":[750.326,236.314,45.733,-0.983,0,-0.184,0,1,0,0.184,0,-0.983],"_humanoidState":5,"_cameraCFrame":[747.54,245.603,42.542,-0.958,0.258,-0.128,0,0.444,0.896,0.288,0.858,-0.425],"_shiftlockState":true,"_pose":"FreeFall","_animationQueue":[],"_animationSpeed":1,"_zoom":8.691},{"_mousePosition":[683,384],"_rootPartCFrame":[750.199,236.087,45.968,-0.983,0,-0.186,0,1,0,0.186,0,-0.983],"_humanoidState":5,"_cameraCFrame":[747.412,245.372,42.771,-0.958,0.258,-0.128,0,0.445,0.896,0.288,0.858,-0.426],"_shiftlockState":true,"_pose":"FreeFall","_animationQueue":[],"_animationSpeed":1,"_zoom":8.691},{"_mousePosition":[683,384],"_rootPartCFrame":[750.086,235.812,46.165,-0.986,0.002,-0.164,0.002,1,0,0.164,0,-0.986],"_humanoidState":5,"_cameraCFrame":[747.274,245.072,42.932,-0.957,0.26,-0.131,0,0.45,0.893,0.292,0.854,-0.431],"_shiftlockState":true,"_pose":"FreeFall","_animationQueue":[],"_animationSpeed":1,"_zoom":8.691},{"_mousePosition":[683,384],"_rootPartCFrame":[750.041,235.501,46.131,-0.987,0.003,-0.159,0.003,1,0.001,0.159,0,-0.987],"_humanoidState":5,"_cameraCFrame":[747.152,244.69,42.801,-0.953,0.268,-0.141,0,0.466,0.885,0.303,0.843,-0.444],"_shiftlockState":true,"_pose":"FreeFall","_animationQueue":[["fall",0.3]],"_animationSpeed":1,"_zoom":8.691},{"_mousePosition":[683,384],"_rootPartCFrame":[749.99,235.136,46.081,-0.981,0.001,-0.195,0.001,1,0,0.195,0,-0.981],"_humanoidState":5,"_cameraCFrame":[747.007,244.245,42.649,-0.949,0.276,-0.152,0,0.483,0.876,0.316,0.831,-0.458],"_shiftlockState":true,"_pose":"FreeFall","_animationQueue":[],"_animationSpeed":1,"_zoom":8.691},{"_mousePosition":[683,384],"_rootPartCFrame":[749.93,234.716,46.035,-0.977,0,-0.212,0,1,0,0.212,0,-0.977],"_humanoidState":5,"_cameraCFrame":[746.862,243.764,42.54,-0.945,0.285,-0.163,0,0.496,0.868,0.328,0.82,-0.468],"_shiftlockState":true,"_pose":"FreeFall","_animationQueue":[],"_animationSpeed":1,"_zoom":8.691},{"_mousePosition":[683,384],"_rootPartCFrame":[749.852,234.241,46.04,-0.974,0,-0.226,0,1,0,0.226,0,-0.974],"_humanoidState":5,"_cameraCFrame":[746.774,243.279,42.531,-0.944,0.286,-0.164,0,0.498,0.867,0.329,0.819,-0.47],"_shiftlockState":true,"_pose":"FreeFall","_animationQueue":[],"_animationSpeed":1,"_zoom":8.691},{"_mousePosition":[683,384],"_rootPartCFrame":[749.777,233.712,46.027,-0.974,0,-0.228,0,1,0,0.228,0,-0.974],"_humanoidState":5,"_cameraCFrame":[746.713,242.736,42.477,-0.946,0.28,-0.162,0,0.501,0.866,0.324,0.819,-0.474],"_shiftlockState":true,"_pose":"FreeFall","_animationQueue":[],"_animationSpeed":1,"_zoom":8.691},{"_mousePosition":[683,384],"_rootPartCFrame":[749.661,232.975,46.056,-0.98,0,-0.198,0,1,0,0.198,0,-0.98],"_humanoidState":5,"_cameraCFrame":[747.32,241.861,41.748,-0.991,0.112,-0.07,0,0.527,0.85,0.132,0.842,-0.522],"_shiftlockState":true,"_pose":"FreeFall","_animationQueue":[],"_animationSpeed":1,"_zoom":8.691},{"_mousePosition":[683,384],"_rootPartCFrame":[749.588,232.491,46.103,-0.998,0,-0.067,0,1,0,0.067,0,-0.998],"_humanoidState":5,"_cameraCFrame":[749.55,241.352,41.161,-0.938,-0.294,0.184,0,0.532,0.847,-0.347,0.794,-0.499],"_shiftlockState":true,"_pose":"FreeFall","_animationQueue":[["fall",0.3]],"_animationSpeed":1,"_zoom":8.691},{"_mousePosition":[683,384],"_rootPartCFrame":[749.442,231.825,45.959,-0.936,-0.004,0.352,-0.005,1,-0.003,-0.352,-0.004,-0.936],"_humanoidState":5,"_cameraCFrame":[752.265,240.869,42.254,-0.508,-0.748,0.428,0,0.496,0.868,-0.861,0.441,-0.252],"_shiftlockState":true,"_pose":"FreeFall","_animationQueue":[],"_animationSpeed":1,"_zoom":8.691},{"_mousePosition":[683,384],"_rootPartCFrame":[749.246,232.082,45.723,-0.489,0.003,0.872,-0.003,1,-0.005,-0.872,-0.005,-0.489],"_humanoidState":7,"_cameraCFrame":[753.744,241.13,44.522,0.126,-0.862,0.492,0,0.496,0.868,-0.992,-0.109,0.062],"_shiftlockState":true,"_pose":"FreeFall","_animationQueue":[["walk",0.1],["fall",0.3],["fall",0.3]],"_animationSpeed":1,"_zoom":8.691},{"_mousePosition":[683,384],"_rootPartCFrame":[748.968,232.609,45.759,0.172,0.001,0.985,0,1,-0.001,-0.985,0,0.172],"_humanoidState":7,"_cameraCFrame":[753.692,241.454,46.275,0.467,-0.758,0.455,0,0.515,0.857,-0.884,-0.401,0.241],"_shiftlockState":true,"_pose":"FreeFall","_animationQueue":[],"_animationSpeed":1,"_zoom":8.691},{"_mousePosition":[683,384],"_rootPartCFrame":[748.822,232.871,45.709,0.473,0,0.881,-0.001,1,0,-0.881,-0.001,0.473],"_humanoidState":8,"_cameraCFrame":[753.331,241.153,46.4,0.519,-0.726,0.451,0,0.528,0.849,-0.855,-0.441,0.274],"_shiftlockState":true,"_pose":"Running","_animationQueue":[["walk",0.1],["fall",0.3],["walk",0.1]],"_animationSpeed":0.961,"_zoom":8.691},{"_mousePosition":[683,384],"_rootPartCFrame":[748.637,233.734,45.688,0.523,-0.001,0.852,0,1,0.001,-0.852,0,0.523],"_humanoidState":3,"_cameraCFrame":[753.274,242.033,45.869,0.413,-0.77,0.487,0,0.534,0.845,-0.911,-0.349,0.221],"_shiftlockState":true,"_pose":"Jumping","_animationQueue":[["walk",0.1],["jump",0.