[{"_mousePosition":[1215,404],"_rootPartCFrame":[776.023,222.959,47.142,0.003,0.004,1,0,1,-0.004,-1,0,0.003],"_humanoidState":8,"_cameraCFrame":[777.767,230.753,45.282,-0.731,-0.633,0.256,0,0.375,0.927,-0.683,0.677,-0.274],"_shiftlockState":false,"_pose":"Standing","_animationQueue":[],"_animationSpeed":1,"_zoom":6.789},{"_mousePosition":[1181,412],"_rootPartCFrame":[775.897,222.872,47.025,0.077,0.001,0.997,0,1,-0.001,-0.997,0,0.077],"_humanoidState":8,"_cameraCFrame":[777.637,230.665,45.164,-0.731,-0.633,0.256,0,0.375,0.927,-0.683,0.677,-0.274],"_shiftlockState":false,"_pose":"Standing","_animationQueue":[],"_animationSpeed":1,"_zoom":6.789},{"_mousePosition":[1164,417],"_rootPartCFrame":[775.704,222.723,46.844,0.166,0,0.986,0,1,0,-0.986,0,0.166],"_humanoidState":8,"_cameraCFrame":[776.163,230.516,43.789,-0.731,-0.633,0.256,0,0.375,0.927,-0.683,0.677,-0.274],"_shiftlockState":true,"_pose":"Running","_animationQueue":[["walk",0.1]],"_animationSpeed":1.004,"_zoom":6.789},{"_mousePosition":[683,384],"_rootPartCFrame":[775.509,222.612,46.662,-0.764,0,0.645,0,1,0,-0.645,0,-0.764],"_humanoidState":8,"_cameraCFrame":[775.968,230.405,43.607,-0.731,-0.633,0.256,0,0.375,0.927,-0.683,0.677,-0.274],"_shiftlockState":true,"_pose":"Running","_animationQueue":[["walk",0.1],["walk",0.1]],"_animationSpeed":1.1,"_zoom":6.789},{"_mousePosition":[683,384],"_rootPartCFrame":[775.315,222.636,46.48,-0.735,0,0.678,0,1,0,-0.678,0,-0.735],"_humanoidState":8,"_cameraCFrame":[775.667,230.448,43.449,-0.748,-0.617,0.245,0,0.368,0.93,-0.664,0.695,-0.275],"_shiftlockState":true,"_pose":"Running","_animationQueue":[],"_animationSpeed":1.1,"_zoom":6.789},{"_mousePosition":[683,384],"_rootPartCFrame":[775.12,222.663,46.298,-0.748,0,0.664,0,1,0,-0.664,0,-0.748],"_humanoidState":8,"_cameraCFrame":[775.353,230.499,43.305,-0.765,-0.601,0.231,0,0.359,0.933,-0.644,0.714,-0.275],"_shiftlockState":true,"_pose":"Running","_animationQueue":[],"_animationSpeed":1.1,"_zoom":6.789},{"_mousePosition":[683,384],"_rootPartCFrame":[774.921,222.68,46.12,-0.765,0,0.644,0,1,0,-0.644,0,-0.765],"_humanoidState":8,"_cameraCFrame":[775.059,230.535,43.163,-0.778,-0.588,0.221,0,0.352,0.936,-0.628,0.728,-0.274],"_shiftlockState":true,"_pose":"Running","_animationQueue":[],"_animationSpeed":1.1,"_zoom":6.789},{"_mousePosition":[683,384],"_rootPartCFrame":[774.717,222.689,45.948,-0.778,0,0.628,0,1,0,-0.628,0,-0.778],"_humanoidState":8,"_cameraCFrame":[774.759,230.567,43.037,-0.79,-0.575,0.21,0,0.343,0.939,-0.613,0.743,-0.271],"_shiftlockState":true,"_pose":"Running","_animationQueue":[],"_animationSpeed":1.1,"_zoom":6.789},{"_mousePosition":[683,384],"_rootPartCFrame":[774.458,222.695,45.738,-0.79,0,0.613,0,1,0,-0.613,0,-0.79],"_humanoidState":8,"_cameraCFrame":[774.439,230.586,42.856,-0.799,-0.566,0.203,0,0.337,0.941,-0.602,0.752,-0.269],"_shiftlockState":true,"_pose":"Running","_animationQueue":[],"_animationSpeed":1.1,"_zoom":6.789},{"_mousePosition":[683,384],"_rootPartCFrame":[774.301,222.697,45.615,-0.799,0,0.602,0,1,0,-0.602,0,-0.799],"_humanoidState":8,"_cameraCFrame":[774.202,230.606,42.775,-0.809,-0.555,0.194,0,0.33,0.944,-0.588,0.763,-0.267],"_shiftlockState":true,"_pose":"Running","_animationQueue":[],"_animationSpeed":1.1,"_zoom":6.789},{"_mousePosition":[683,384],"_rootPartCFrame":[774.035,222.698,45.414,-0.809,0,0.588,0,1,0,-0.588,0,-0.809],"_humanoidState":8,"_cameraCFrame":[773.883,230.618,42.601,-0.816,-0.547,0.188,0,0.325,0.946,-0.578,0.772,-0.265],"_shiftlockState":true,"_pose":"Running","_animationQueue":[["walk",0.1]],"_animationSpeed":1.1,"_zoom":6.789},{"_mousePosition":[683,384],"_rootPartCFrame":[773.82,222.699,45.256,-0.816,0,0.578,0,1,0,-0.578,0,-0.816],"_humanoidState":8,"_cameraCFrame":[773.632,230.628,42.466,-0.82,-0.542,0.184,0,0.321,0.947,-0.572,0.777,-0.264],"_shiftlockState":true,"_pose":"Running","_animationQueue":[],"_animationSpeed":1.1,"_zoom":6.789},{"_mousePosition":[683,384],"_rootPartCFrame":[773.657,222.699,45.14,-0.82,0,0.572,0,1,0,-0.572,0,-0.82],"_humanoidState":8,"_cameraCFrame":[773.443,230.635,42.368,-0.823,-0.538,0.181,0,0.318,0.948,-0.568,0.78,-0.262],"_shiftlockState":true,"_pose":"Running","_animationQueue":[],"_animationSpeed":1.1,"_zoom":6.789},{"_mousePosition":[683,384],"_rootPartCFrame":[773.438,222.699,44.988,-0.823,0,0.568,0,1,0,-0.568,0,-0.823],"_humanoidState":8,"_cameraCFrame":[773.201,230.642,42.233,-0.826,-0.536,0.178,0,0.315,0.949,-0.564,0.783,-0.26],"_shiftlockState":true,"_pose":"Running","_animationQueue":[],"_animationSpeed":1.1,"_zoom":6.789},{"_mousePosition":[683,384],"_rootPartCFrame":[773.164,222.7,44.798,-0.826,0,0.564,0,1,0,-0.564,0,-0.826],"_humanoidState":8,"_cameraCFrame":[772.915,230.646,42.053,-0.827,-0.534,0.176,0,0.314,0.95,-0.563,0.785,-0.259],"_shiftlockState":true,"_pose":"Running","_animationQueue":[],"_animationSpeed":1.1,"_zoom":6.789},{"_mousePosition":[683,384],"_rootPartCFrame":[772.944,222.7,44.648,-0.827,0,0.563,0,1,0,-0.563,0,-0.827],"_humanoidState":8,"_cameraCFrame":[772.689,230.648,41.907,-0.827,-0.534,0.176,0,0.313,0.95,-0.562,0.786,-0.259],"_shiftlockState":true,"_pose":"Running","_animationQueue":[],"_animationSpeed":1.1,"_zoom":6.789},{"_mousePosition":[683,384],"_rootPartCFrame":[772.778,222.7,44.535,-0.827,0,0.562,0,1,0,-0.562,0,-0.827],"_humanoidState":8,"_cameraCFrame":[772.521,230.649,41.799,-0.827,-0.534,0.175,0,0.312,0.95,-0.562,0.786,-0.258],"_shiftlockState":true,"_pose":"Running","_animationQueue":[],"_animationSpeed":1.1,"_zoom":6.789},{"_mousePosition":[683,384],"_rootPartCFrame":[772.503,222.7,44.348,-0.827,0,0.562,0,1,0,-0.562,0,-0.827],"_humanoidState":8,"_cameraCFrame":[772.245,230.649,41.611,-0.827,-0.534,0.175,0,0.312,0.95,-0.562,0.786,-0.258],"_shiftlockState":true,"_pose":"Running","_animationQueue":[["walk",0.1]],"_animationSpeed":1.1,"_zoom":6.789},{"_mousePosition":[683,384],"_rootPartCFrame":[772.337,222.7,44.235,-0.827,0,0.562,0,1,0,-0.562,0,-0.827],"_humanoidState":8,"_cameraCFrame":[772.08,230.649,41.499,-0.827,-0.534,0.175,0,0.312,0.95,-0.562,0.786,-0.258],"_shiftlockState":true,"_pose":"Running","_animationQueue":[],"_animationSpeed":1.1,"_zoom":6.789},{"_mousePosition":[683,384],"_rootPartCFrame":[772.061,222.7,44.048,-0.827,0,0.562,0,1,0,-0.562,0,-0.827],"_humanoidState":8,"_cameraCFrame":[771.804,230.649,41.312,-0.827,-0.534,0.175,0,0.312,0.95,-0.562,0.786,-0.258],"_shiftlockState":true,"_pose":"Running","_animationQueue":[],"_animationSpeed":1.1,"_zoom":6.789},{"_mousePosition":[683,384],"_rootPartCFrame":[771.84,222.7,43.898,-0.827,0,0.562,0,1,0,-0.562,0,-0.827],"_humanoidState":8,"_cameraCFrame":[771.583,230.649,41.162,-0.827,-0.534,0.175,0,0.312,0.95,-0.562,0.786,-0.258],"_shiftlockState":true,"_pose":"Running","_animationQueue":[],"_animationSpeed":1.1,"_zoom":6.789},{"_mousePosition":[683,384],"_rootPartCFrame":[771.62,222.7,43.749,-0.827,0,0.562,0,1,0,-0.562,0,-0.827],"_humanoidState":8,"_cameraCFrame":[771.362,230.649,41.012,-0.827,-0.534,0.175,0,0.312,0.95,-0.562,0.786,-0.258],"_shiftlockState":true,"_pose":"Running","_animationQueue":[],"_animationSpeed":1.1,"_zoom":6.789},{"_mousePosition":[683,384],"_rootPartCFrame":[771.454,222.7,43.636,-0.827,0,0.562,0,1,0,-0.562,0,-0.827],"_humanoidState":8,"_cameraCFrame":[771.197,230.649,40.9,-0.827,-0.534,0.175,0,0.312,0.95,-0.562,0.786,-0.258],"_shiftlockState":true,"_pose":"Running","_animationQueue":[],"_animationSpeed":1.1,"_zoom":6.789},{"_mousePosition":[683,384],"_rootPartCFrame":[771.178,222.7,43.449,-0.827,0,0.562,0,1,0,-0.562,0,-0.827],"_humanoidState":8,"_cameraCFrame":[770.921,230.649,40.713,-0.827,-0.534,0.175,0,0.312,0.95,-0.562,0.786,-0.258],"_shiftlockState":true,"_pose":"Running","_animationQueue":[],"_animationSpeed":1.1,"_zoom":6.789},{"_mousePosition":[683,384],"_rootPartCFrame":[770.958,222.7,43.299,-0.827,0,0.562,0,1,0,-0.562,0,-0.827],"_humanoidState":8,"_cameraCFrame":[770.695,230.653,40.571,-0.827,-0.534,0.174,0,0.311,0.951,-0.562,0.786,-0.257],"_shiftlockState":true,"_pose":"Running","_animationQueue":[["walk",0.1]],"_animationSpeed":1.1,"_zoom":6.789},{"_mousePosition":[683,384],"_rootPartCFrame":[770.737,222.7,43.149,-0.827,0,0.562,0,1,0,-0.562,0,-0.827],"_humanoidState":8,"_cameraCFrame":[770.465,230.658,40.435,-0.827,-0.534,0.173,0,0.308,0.951,-0.562,0.787,-0.255],"_shiftlockState":true,"_pose":"Running","_animationQueue":[],"_animationSpeed":1.1,"_zoom":6.789},{"_mousePosition":[683,384],"_rootPartCFrame":[770.461,222.7,42.962,-0.827,0,0.562,0,1,0,-0.562,0,-0.827],"_humanoidState":8,"_cameraCFrame":[770.189,230.665,40.263,-0.825,-0.538,0.173,0,0.305,0.952,-0.565,0.786,-0.252],"_shiftlockState":true,"_pose":"Running","_animationQueue":[],"_animationSpeed":1.1,"_zoom":6.789},{"_mousePosition":[683,384],"_rootPartCFrame":[770.241,222.7,42.812,-0.825,0,0.565,0,1,0,-0.565,0,-0.825],"_humanoidState":8,"_cameraCFrame":[769.973,230.671,40.129,-0.821,-0.544,0.172,0,0.302,0.953,-0.57,0.783,-0.248],"_shiftlockState":true,"_pose":"Running","_animationQueue":[],"_animationSpeed":1.1,"_zoom":6.789},{"_mousePosition":[683,384],"_rootPartCFrame":[770.021,222.7,42.662,-0.821,0,0.57,0,1,0,-0.57,0,-0.821],"_humanoidState":8,"_cameraCFrame":[769.766,230.681,40.001,-0.815,-0.554,0.173,0,0.298,0.955,-0.58,0.778,-0.242],"_shiftlockState":true,"_pose":"Running","_animationQueue":[],"_animationSpeed":1.1,"_zoom":6.789},{"_mousePosition":[683,384],"_rootPartCFrame":[769.801,222.666,42.511,-0.815,0,0.58,0,1,0,-0.58,0,-0.815],"_humanoidState":8,"_cameraCFrame":[769.555,230.657,39.873,-0.809,-0.562,0.172,0,0.293,0.956,-0.588,0.773,-0.237],"_shiftlockState":true,"_pose":"Running","_animationQueue":[],"_animationSpeed":1.1,"_zoom":6.789},{"_mousePosition":[683,384],"_rootPartCFrame":[769.581,222.577,42.36,-0.809,0,0.588,0,1,0,-0.588,0,-0.809],"_humanoidState":8,"_cameraCFrame":[769.342,230.576,39.742,-0.804,-0.57,0.172,0,0.289,0.957,-0.595,0.769,-0.232],"_shiftlockState":true,"_pose":"Running","_animationQueue":[["walk",0.1]],"_animationSpeed":1.1,"_zoom":6.789},{"_mousePosition":[683,384],"_rootPartCFrame":[769.361,222.434,42.21,-0.804,0,0.595,0,1,0,-0.595,0,-0.804],"_humanoidState":8,"_cameraCFrame":[769.123,230.441,39.61,-0.8,-0.575,0.171,0,0.285,0.958,-0.6,0.767,-0.228],"_shiftlockState":true,"_pose":"Running","_animationQueue":[],"_animationSpeed":1.1,"_zoom":6.789},{"_mousePosition":[683,384],"_rootPartCFrame":[769.141,223.307,42.059,-0.8,0,0.6,0,1,0,-0.6,0,-0.8],"_humanoidState":3,"_cameraCFrame":[768.901,231.32,39.476,-0.797,-0.579,0.17,0,0.282,0.959,-0.603,0.765,-0.225],"_shiftlockState":true,"_pose":"Jumping","_animationQueue":[["walk",0.1],["jump",0.1]],"_animationSpeed":1,"_zoom":6.789},{"_mousePosition":[683,384],"_rootPartCFrame":[768.98,223.929,41.94,-0.758,0,0.652,0,1,0,-0.652,0,-0.758],"_humanoidState":5,"_cameraCFrame":[768.733,231.947,39.369,-0.797,-0.58,0.169,0,0.28,0.96,-0.604,0.765,-0.223],"_shiftlockState":true,"_pose":"FreeFall","_animationQueue":[["jump",0.1]],"_animationSpeed":1,"_zoom":6.789},{"_mousePosition":[683,384],"_rootPartCFrame":[768.714,224.897,41.739,-0.692,0,0.722,0,1,0,-0.722,0,-0.692],"_humanoidState":5,"_cameraCFrame":[768.446,232.922,39.19,-0.798,-0.579,0.166,0,0.276,0.961,-0.603,0.767,-0.22],"_shiftlockState":true,"_pose":"FreeFall","_animationQueue":[],"_animationSpeed":1,"_zoom":6.789},{"_mousePosition":[683,384],"_rootPartCFrame":[768.501,225.61,41.578,-0.711,0,0.703,0,1,0,-0.703,0,-0.711],"_humanoidState":5,"_cameraCFrame":[768.168,233.649,39.071,-0.807,-0.569,0.159,0,0.269,0.963,-0.591,0.777,-0.217],"_shiftlockState":true,"_pose":"FreeFall","_animationQueue":[],"_animationSpeed":1,"_zoom":6.789},{"_mousePosition":[683,384],"_rootPartCFrame":[768.288,226.268,41.417,-0.721,0,0.693,0,1,0,-0.693,0,-0.721],"_humanoidState":5,"_cameraCFrame":[767.86,234.322,38.963,-0.822,-0.55,0.149,0,0.261,0.965,-0.569,0.793,-0.215],"_shiftlockState":true,"_pose":"FreeFall","_animationQueue":[],"_animationSpeed":1,"_zoom":6.789},{"_mousePosition":[683,384],"_rootPartCFrame":[768.127,226.726,41.299,-0.761,0,0.649,0,1,0,-0.649,0,-0.761],"_humanoidState":5,"_cameraCFrame":[767.527,234.801,38.939,-0.851,-0.508,0.131,0,0.249,0.968,-0.525,0.824,-0.212],"_shiftlockState":true,"_pose":"FreeFall","_animationQueue":[],"_animationSpeed":1,"_zoom":6.789},{"_mousePosition":[683,384],"_rootPartCFrame":[767.854,227.422,41.108,-0.752,0,0.659,0,1,0,-0.659,0,-0.752],"_humanoidState":5,"_cameraCFrame":[767.112,235.508,38.823,-0.877,-0.467,0.117,0,0.242,0.97,-0.481,0.85,-0.213],"_shiftlockState":true,"_pose":"FreeFall","_animationQueue":[],"_animationSpeed":1,"_zoom":6.789},{"_mousePosition":[683,384],"_rootPartCFrame":[767.685,227.798,41.001,-0.824,0,0.566,0,1,0,-0.566,0,-0.824],"_humanoidState":5,"_cameraCFrame":[766.731,235.898,38.836,-0.914,-0.394,0.095,0,0.235,0.972,-0.405,0.889,-0.214],"_shiftlockState":true,"_pose":"FreeFall","_animationQueue":[],"_animationSpeed":1,"_zoom":6.789},{"_mousePosition":[683,384],"_rootPartCFrame":[767.394,228.357,40.839,-0.834,0,0.551,0,1,0,-0.551,0,-0.834],"_humanoidState":5,"_cameraCFrame":[766.251,236.464,38.791,-0.945,-0.319,0.075,0,0.23,0.973,-0.327,0.92,-0.217],"_shiftlockState":true,"_pose":"FreeFall","_animationQueue":[],"_animationSpeed":1,"_zoom":6.789},{"_mousePosition":[683,384],"_rootPartCFrame":[767.152,228.743,40.727,-0.893,0,0.45,0,1,0,-0.45,0,-0.893],"_humanoidState":5,"_cameraCFrame":[765.798,236.854,38.825,-0.974,-0.221,0.052,0,0.228,0.974,-0.227,0.948,-0.222],"_shiftlockState":true,"_pose":"FreeFall","_animationQueue":[],"_animationSpeed":1,"_zoom":6.789},{"_mousePosition":[683,384],"_rootPartCFrame":[766.902,229.075,40.635,-0.935,0,0.354,0,1,0,-0.354,0,-0.935],"_humanoidState":5,"_cameraCFrame":[765.354,237.184,38.883,-0.993,-0.119,0.028,0,0.228,0.974,-0.122,0.966,-0.227],"_shiftlockState":true,"_pose":"FreeFall","_animationQueue":[],"_animationSpeed":1,"_zoom":6.789},{"_mousePosition":[683,384],"_rootPartCFrame":[766.645,229.352,40.566,-0.968,0,0.253,0,1,0,-0.253,0,-0.968],"_humanoidState":5,"_cameraCFrame":[764.909,237.45,38.953,-1,-0.009,0.002,0,0.235,0.972,-0.009,0.972,-0.235],"_shiftlockState":true,"_pose":"FreeFall","_animationQueue":[],"_animationSpeed":1,"_zoom":6.789},{"_mousePosition":[683,384],"_rootPartCFrame":[766.382,229.574,40.525,-0.99,0,0.142,0,1,0,-0.142,0,-0.99],"_humanoidState":5,"_cameraCFrame":[764.498,237.661,39.034,-0.996,0.083,-0.021,0,0.242,0.97,0.085,0.967,-0.242],"_shiftlockState":true,"_pose":"FreeFall","_animationQueue":[],"_animationSpeed":1,"_zoom":6.789},{"_mousePosition":[683,384],"_rootPartCFrame":[766.2,229.705,40.487,-1,0,0.015,0,1,0,-0.015,0,-1],"_humanoidState":5,"_cameraCFrame":[764.159,237.781,39.166,-0.981,0.186,-0.048,0,0.249,0.969,0.192,0.951,-0.244],"_shiftlockState":true,"_pose":"FreeFall","_animationQueue":[],"_animationSpeed":1,"_zoom":6.789},{"_mousePosition":[683,384],"_rootPartCFrame":[765.907,229.856,40.442,-1,0,-0.026,0,1,0,0.026,0,-1],"_humanoidState":5,"_cameraCFrame":[763.759,237.922,39.249,-0.963,0.26,-0.068,0,0.254,0.967,0.268,0.932,-0.245],"_shiftlockState":true,"_pose":"FreeFall","_animationQueue":[],"_animationSpeed":1,"_zoom":6.789},{"_mousePosition":[683,384],"_rootPartCFrame":[765.723,229.905,40.45,-0.985,0,-0.171,0,1,0,0.171,0,-0.985],"_humanoidState":5,"_cameraCFrame":[763.457,237.959,39.413,-0.935,0.343,-0.093,0,0.261,0.965,0.355,0.902,-0.244],"_shiftlockState":true,"_pose":"FreeFall","_animationQueue":[],"_animationSpeed":1,"_zoom":6.789},{"_mousePosition":[683,384],"_rootPartCFrame":[765.405,229.919,40.512,-0.981,0,-0.195,0,1,0,0.195,0,-0.981],"_humanoidState":5,"_cameraCFrame":[763.05,237.96,39.601,-0.906,0.407,-0.113,0,0.268,0.963,0.422,0.873,-0.243],"_shiftlockState":true,"_pose":"FreeFall","_animationQueue":[],"_animationSpeed":1,"_zoom":6.789},{"_mousePosition":[683,384],"_rootPartCFrame":[765.154,229.869,40.599,-0.954,0,-0.298,0,1,0,0.298,0,-0.954],"_humanoidState":5,"_cameraCFrame":[762.74,237.902,39.795,-0.882,0.453,-0.128,0,0.272,0.962,0.471,0.849,-0.24],"_shiftlockState":true,"_pose":"FreeFall","_animationQueue":[["fall",0.3]],"_animationSpeed":1,"_zoom":6.789},{"_mousePosition":[683,384],"_rootPartCFrame":[764.911,229.765,40.708,-0.937,0,-0.35,0,1,0,0.35,0,-0.937],"_humanoidState":5,"_cameraCFrame":[762.464,237.796,39.995,-0.863,0.487,-0.138,0,0.273,0.962,0.506,0.83,-0.235],"_shiftlockState":true,"_pose":"FreeFall","_animationQueue":[],"_animationSpeed":1,"_zoom":6.789},{"_mousePosition":[683,384],"_rootPartCFrame":[764.734,229.651,40.8,-0.909,0,-0.417,0,1,0,0.417,0,-0.909],"_humanoidState":5,"_cameraCFrame":[762.262,237.681,40.166,-0.845,0.514,-0.146,0,0.274,0.962,0.534,0.813,-0.231],"_shiftlockState":true,"_pose":"FreeFall","_animationQueue":[],"_animationSpeed":1,"_zoom":6.789},{"_mousePosition":[683,384],"_rootPartCFrame":[764.445,229.393,40.967,-0.922,0,-0.387,0,1,0,0.387,0,-0.922],"_humanoidState":5,"_cameraCFrame":[761.963,237.422,40.377,-0.836,0.528,-0.15,0,0.274,0.962,0.549,0.804,-0.229],"_shiftlockState":true,"_pose":"FreeFall","_animationQueue":[],"_animationSpeed":1,"_zoom":6.789},{"_mousePosition":[683,384],"_rootPartCFrame":[764.314,229.358,41.047,-0.853,0,-0.522,0,1,0,0.522,0,-0.853],"_humanoidState":7,"_cameraCFrame":[761.83,237.388,40.464,-0.834,0.531,-0.151,0,0.274,0.962,0.552,0.802,-0.228],"_shiftlockState":true,"_pose":"FreeFall","_animationQueue":[["walk",0.1],["fall",0.3],["fall",0.3]],"_animationSpeed":1,"_zoom":6.789},{"_mousePosition":[683,384],"_rootPartCFrame":[764.216,229.357,41.112,-0.835,0,-0.551,0,1,0,0.551,0,-0.835],"_humanoidState":7,"_cameraCFrame":[761.732,237.386,40.509,-0.837,0.526,-0.15,0,0.274,0.962,0.547,0.805,-0.23],"_shiftlockState":true,"_pose":"FreeFall","_animationQueue":[],"_animationSpeed":1,"_zoom":6.789},{"_mousePosition":[683,384],"_rootPartCFrame":[764.145,229.357,41.158,-0.837,0,-0.547,0,1,0,0.547,0,-0.837],"_humanoidState":8,"_cameraCFrame":[761.671,237.384,40.502,-0.848,0.51,-0.146,0,0.275,0.961,0.53,0.815,-0.233],"_shiftlockState":true,"_pose":"Running","_animationQueue":[["walk",0.1],["fall",0.3],["walk",0.1]],"_animationSpeed":0.495,"_zoom":6.789},{"_mousePosition":[683,384],"_rootPartCFrame":[764.063,229.357,41.212,-0.848,0,-0.53,0,1,0,0.53,0,-0.848],"_humanoidState":8,"_cameraCFrame":[761.605,237.384,40.498,-0.86,0.491,-0.14,0,0.275,0.961,0.51,0.827,-0.237],"_shiftlockState":true,"_pose":"Running","_animationQueue":[["walk",0.1],["walk",0.1]],"_animationSpeed":0.331,"_zoom":6.789},{"_mousePosition":[683,384],"_rootPartCFrame":[763.965,229.542,41.273,-0.86,0,-0.51,0,1,0,0.51,0,-0.86],"_humanoidState":8,"_cameraCFrame":[761.523,237.571,40.518,-0.869,0.475,-0.136,0,0.274,0.962,0.494,0.836,-0.239],"_shiftlockState":true,"_pose":"Running","_animationQueue":[["walk",0.1]],"_animationSpeed":0.409,"_zoom":6.789},{"_mousePosition":[683,384],"_rootPartCFrame":[763.896,229.673,41.314,-0.869,0,-0.494,0,1,0,0.494,0,-0.869],"_humanoidState":8,"_cameraCFrame":[761.473,237.704,40.525,-0.878,0.46,-0.131,0,0.273,0.962,0.478,0.845,-0.24],"_shiftlockState":true,"_pose":"Running","_animationQueue":[["walk",0.1]],"_animationSpeed":0.482,"_zoom":6.789},{"_mousePosition":[683,384],"_rootPartCFrame":[763.813,229.695,41.362,-0.878,0,-0.478,0,1,0,0.478,0,-0.878],"_humanoidState":8,"_cameraCFrame":[761.426,237.734,40.525,-0.892,0.436,-0.122,0,0.269,0.963,0.453,0.859,-0.24],"_shiftlockState":true,"_pose":"Running","_animationQueue":[["walk",0.1]],"_animationSpeed":0.324,"_zoom":6.789},{"_mousePosition":[683,384],"_rootPartCFrame":[763.689,229.696,41.429,-0.892,0,-0.453,0,1,0,0.453,0,-0.892],"_humanoidState":8,"_cameraCFrame":[761.334,237.744,40.572,-0.901,0.418,-0.115,0,0.264,0.964,0.434,0.869,-0.238],"_shiftlockState":true,"_pose":"Running","_animationQueue":[["walk",0.1]],"_animationSpeed":0.399,"_zoom":6.789},{"_mousePosition":[683,384],"_rootPartCFrame":[763.599,229.696,41.476,-0.901,0,-0.434,0,1,0,0.434,0,-0.901],"_humanoidState":8,"_cameraCFrame":[761.265,237.751,40.615,-0.906,0.409,-0.11,0,0.26,0.966,0.423,0.875,-0.236],"_shiftlockState":true,"_pose":"Running","_animationQueue":[["walk",0.1]],"_animationSpeed":0.477,"_zoom":6.789},{"_mousePosition":[683,384],"_rootPartCFrame":[763.49,229.696,41.528,-0.906,0,-0.423,0,1,0,0.423,0,-0.906],"_humanoidState":8,"_cameraCFrame":[761.163,237.754,40.67,-0.907,0.406,-0.109,0,0.259,0.966,0.42,0.876,-0.235],"_shiftlockState":true,"_pose":"Running","_animationQueue":[["walk",0.1]],"_animationSpeed":0.413,"_zoom":6.789},{"_mousePosition":[683,384],"_rootPartCFrame":[763.396,229.704,41.573,-0.907,0,-0.42,0,1,0,0.42,0,-0.907],"_humanoidState":8,"_cameraCFrame":[761.072,237.763,40.717,-0.908,0.405,-0.108,0,0.258,0.966,0.42,0.877,-0.234],"_shiftlockState":true,"_pose":"Running","_animationQueue":[["walk",0.1],["walk",0.1]],"_animationSpeed":0.511,"_zoom":6.789},{"_mousePosition":[683,384],"_rootPartCFrame":[763.221,229.784,41.654,-0.908,0,-0.42,0,1,0,0.42,0,-0.908],"_humanoidState":8,"_cameraCFrame":[760.9,237.844,40.802,-0.908,0.405,-0.108,0,0.257,0.966,0.42,0.877,-0.234],"_shiftlockState":true,"_pose":"Running","_animationQueue":[["walk",0.1]],"_animationSpeed":0.586,"_zoom":6.789},{"_mousePosition":[683,384],"_rootPartCFrame":[763.066,229.91,41.726,-0.908,0,-0.42,0,1,0,0.42,0,-0.908],"_humanoidState":8,"_cameraCFrame":[760.747,237.972,40.879,-0.908,0.405,-0.108,0,0.257,0.967,0.42,0.877,-0.233],"_shiftlockState":true,"_pose":"Running","_animationQueue":[["walk",0.1]],"_animationSpeed":0.642,"_zoom":6.789},{"_mousePosition":[683,384],"_rootPartCFrame":[762.905,230.008,41.8,-0.908,0,-0.42,0,1,0,0.42,0,-0.908],"_humanoidState":8,"_cameraCFrame":[760.587,238.073,40.973,-0.906,0.409,-0.108,0,0.255,0.967,0.423,0.876,-0.231],"_shiftlockState":true,"_pose":"Running","_animationQueue":[["walk",0.1]],"_animationSpeed":0.718,"_zoom":6.789},{"_mousePosition":[683,384],"_rootPartCFrame":[762.732,230.051,41.88,-0.906,0,-0.423,0,1,0,0.423,0,-0.906],"_humanoidState":8,"_cameraCFrame":[760.413,238.119,41.077,-0.903,0.415,-0.109,0,0.253,0.967,0.429,0.874,-0.229],"_shiftlockState":true,"_pose":"Running","_animationQueue":[],"_animationSpeed":0.718,"_zoom":6.789},{"_mousePosition":[683,384],"_rootPartCFrame":[762.547,230.131,41.966,-0.903,0,-0.429,0,1,0,0.429,0,-0.903],"_humanoidState":8,"_cameraCFrame":[760.23,238.201,41.18,-0.902,0.418,-0.109,0,0.252,0.968,0.432,0.873,-0.227],"_shiftlockState":true,"_pose":"Running","_animationQueue":[["walk",0.1]],"_animationSpeed":0.798,"_zoom":6.789},{"_mousePosition":[683,384],"_rootPartCFrame":[762.353,230.252,42.058,-0.902,0,-0.432,0,1,0,0.432,0,-0.902],"_humanoidState":8,"_cameraCFrame":[760.037,238.323,41.279,-0.901,0.419,-0.109,0,0.251,0.968,0.433,0.873,-0.226],"_shiftlockState":true,"_pose":"Running","_animationQueue":[["walk",0.1],["walk",0.1]],"_animationSpeed":0.85,"_zoom":6.789},{"_mousePosition":[683,384],"_rootPartCFrame":[762.157,231.125,42.151,-0.901,0,-0.433,0,1,0,0.433,0,-0.901],"_humanoidState":3,"_cameraCFrame":[759.848,239.2,41.389,-0.901,0.42,-0.108,0,0.249,0.969,0.434,0.873,-0.224],"_shiftlockState":true,"_pose":"Jumping","_animationQueue":[["walk",0.1],["jump",0.1]],"_animationSpeed":1,"_zoom":6.789},{"_mousePosition":[683,384],"_rootPartCFrame":[761.997,231.746,42.228,-0.926,0,-0.377,0,1,0,0.377,0,-0.926],"_humanoidState":5,"_cameraCFrame":[759.699,239.829,41.489,-0.901,0.421,-0.106,0,0.245,0.97,0.434,0.874,-0.221],"_shiftlockState":true,"_pose":"FreeFall","_animationQueue":[["jump",0.1]],"_animationSpeed":1,"_zoom":6.789},{"_mousePosition":[683,384],"_rootPartCFrame":[761.7,232.714,42.37,-0.958,0,-0.287,0,1,0,0.287,0,-0.958],"_humanoidState":5,"_cameraCFrame":[759.419,240.805,41.653,-0.902,0.418,-0.103,0,0.24,0.971,0.431,0.876,-0.217],"_shiftlockState":true,"_pose":"FreeFall","_animationQueue":[],"_animationSpeed":1,"_zoom":6.789},{"_mousePosition":[683,384],"_rootPartCFrame":[761.52,233.254,42.457,-0.941,0,-0.339,0,1,0,0.339,0,-0.941],"_humanoidState":5,"_cameraCFrame":[759.255,241.352,41.759,-0.904,0.415,-0.101,0,0.235,0.972,0.427,0.879,-0.213],"_shiftlockState":true,"_pose":"FreeFall","_animationQueue":[],"_animationSpeed":1,"_zoom":6.789},{"_mousePosition":[683,384],"_rootPartCFrame":[761.219,234.086,42.601,-0.962,0,-0.271,0,1,0,0.271,0,-0.962],"_humanoidState":5,"_cameraCFrame":[758.967,242.189,41.911,-0.906,0.411,-0.098,0,0.232,0.973,0.422,0.882,-0.211],"_shiftlockState":true,"_pose":"FreeFall","_animationQueue":[],"_animationSpeed":1,"_zoom":6.789},{"_mousePosition":[683,384],"_rootPartCFrame":[760.978,234.69,42.715,-0.954,0,-0.298,0,1,0,0.298,0,-0.954],"_humanoidState":5,"_cameraCFrame":[758.738,242.798,42.032,-0.909,0.407,-0.096,0,0.229,0.973,0.418,0.884,-0.208],"_shiftlockState":true,"_pose":"FreeFall","_animationQueue":[],"_animationSpeed":1,"_zoom":6.789},{"_mousePosition":[683,384],"_rootPartCFrame":[760.736,235.239,42.828,-0.956,0,-0.293,0,1,0,0.293,0,-0.956],"_humanoidState":5,"_cameraCFrame":[758.503,243.35,42.15,-0.909,0.405,-0.095,0,0.228,0.974,0.416,0.886,-0.207],"_shiftlockState":true,"_pose":"FreeFall","_animationQueue":[],"_animationSpeed":1,"_zoom":6.789},{"_mousePosition":[683,384],"_rootPartCFrame":[760.494,235.734,42.939,-0.957,0,-0.291,0,1,0,0.291,0,-0.957],"_humanoidState":5,"_cameraCFrame":[758.264,243.848,42.274,-0.909,0.406,-0.094,0,0.226,0.974,0.417,0.886,-0.205],"_shiftlockState":true,"_pose":"FreeFall","_animationQueue":[],"_animationSpeed":1,"_zoom":6.789},{"_mousePosition":[683,384],"_rootPartCFrame":[760.252,236.175,43.05,-0.956,0,-0.292,0,1,0,0.292,0,-0.956],"_humanoidState":5,"_cameraCFrame":[758.021,244.289,42.399,-0.907,0.41,-0.095,0,0.225,0.974,0.42,0.884,-0.204],"_shiftlockState":true,"_pose":"FreeFall","_animationQueue":[],"_animationSpeed":1,"_zoom":6.789},{"_mousePosition":[683,384],"_rootPartCFrame":[760.07,236.469,43.133,-0.945,0,-0.328,0,1,0,0.328,0,-0.945],"_humanoidState":5,"_cameraCFrame":[757.84,244.587,42.506,-0.905,0.415,-0.095,0,0.224,0.975,0.426,0.882,-0.202],"_shiftlockState":true,"_pose":"FreeFall","_animationQueue":[],"_animationSpeed":1,"_zoom":6.789},{"_mousePosition":[683,384],"_rootPartCFrame":[759.768,236.892,43.273,-0.963,0,-0.27,0,1,0,0.27,0,-0.963],"_humanoidState":5,"_cameraCFrame":[757.534,245.011,42.672,-0.901,0.424,-0.097,0,0.223,0.975,0.435,0.878,-0.201],"_shiftlockState":true,"_pose":"FreeFall","_animationQueue":[],"_animationSpeed":1,"_zoom":6.789},{"_mousePosition":[683,384],"_rootPartCFrame":[759.586,237.105,43.358,-0.939,0,-0.343,0,1,0,0.343,0,-0.939],"_humanoidState":5,"_cameraCFrame":[757.349,245.226,42.799,-0.894,0.437,-0.099,0,0.221,0.975,0.448,0.872,-0.198],"_shiftlockState":true,"_pose":"FreeFall","_animationQueue":[],"_animationSpeed":1,"_zoom":6.789},{"_mousePosition":[683,384],"_rootPartCFrame":[759.286,237.392,43.503,-0.956,0,-0.293,0,1,0,0.293,0,-0.956],"_humanoidState":5,"_cameraCFrame":[757.044,245.515,42.995,-0.886,0.453,-0.102,0,0.22,0.976,0.465,0.864,-0.195],"_shiftlockState":true,"_pose":"FreeFall","_animationQueue":[],"_animationSpeed":1,"_zoom":6.789},{"_mousePosition":[683,384],"_rootPartCFrame":[759.107,237.523,43.592,-0.927,0,-0.374,0,1,0,0.374,0,-0.927],"_humanoidState":5,"_cameraCFrame":[756.857,245.649,43.155,-0.873,0.477,-0.107,0,0.218,0.976,0.489,0.852,-0.19],"_shiftlockState":true,"_pose":"FreeFall","_animationQueue":[],"_animationSpeed":1,"_zoom":6.789},{"_mousePosition":[683,384],"_rootPartCFrame":[758.812,237.673,43.746,-0.941,0,-0.337,0,1,0,0.337,0,-0.941],"_humanoidState":5,"_cameraCFrame":[756.556,245.803,43.398,-0.856,0.505,-0.112,0,0.216,0.976,0.518,0.836,-0.185],"_shiftlockState":true,"_pose":"FreeFall","_animationQueue":[],"_animationSpeed":1,"_zoom":6.789},{"_mousePosition":[683,384],"_rootPartCFrame":[758.637,237.723,43.843,-0.903,0,-0.43,0,1,0,0.43,0,-0.903],"_humanoidState":5,"_cameraCFrame":[756.372,245.853,43.59,-0.834,0.538,-0.118,0,0.215,0.977,0.551,0.815,-0.179],"_shiftlockState":true,"_pose":"FreeFall","_animationQueue":[],"_animationSpeed":1,"_zoom":6.789},{"_mousePosition":[683,384],"_rootPartCFrame":[758.351,237.737,44.014,-0.914,0,-0.405,0,1,0,0.405,0,-0.914],"_humanoidState":5,"_cameraCFrame":[756.077,245.867,43.863,-0.809,0.574,-0.126,0,0.215,0.977,0.588,0.79,-0.174],"_shiftlockState":true,"_pose":"FreeFall","_animationQueue":[],"_animationSpeed":1,"_zoom":6.789},{"_mousePosition":[683,384],"_rootPartCFrame":[758.183,237.705,44.123,-0.863,0,-0.505,0,1,0,0.505,0,-0.863],"_humanoidState":5,"_cameraCFrame":[755.897,245.833,44.095,-0.774,0.619,-0.137,0,0.217,0.976,0.634,0.755,-0.168],"_shiftlockState":true,"_pose":"FreeFall","_animationQueue":[],"_animationSpeed":1,"_zoom":6.789},{"_mousePosition":[683,384],"_rootPartCFrame":[757.912,237.583,44.318,-0.868,0,-0.497,0,1,0,0.497,0,-0.868],"_humanoidState":5,"_cameraCFrame":[755.605,245.702,44.423,-0.727,0.669,-0.152,0,0.222,0.975,0.686,0.709,-0.161],"_shiftlockState":true,"_pose":"FreeFall","_animationQueue":[["fall",0.3]],"_animationSpeed":1,"_zoom":6.789},{"_mousePosition":[683,384],"_rootPartCFrame":[757.756,237.468,44.443,-0.792,0,-0.61,0,1,0,0.61,0,-0.792],"_humanoidState":5,"_cameraCFrame":[755.426,245.574,44.738,-0.655,0.735,-0.174,0,0.231,0.973,0.755,0.638,-0.151],"_shiftlockState":true,"_pose":"FreeFall","_animationQueue":[],"_animationSpeed":1,"_zoom":6.789},{"_mousePosition":[683,384],"_rootPartCFrame":[757.511,237.21,44.669,-0.772,0,-0.636,0,1,0,0.636,0,-0.772],"_humanoidState":5,"_cameraCFrame":[755.161,245.298,45.148,-0.578,0.792,-0.197,0,0.242,0.97,0.816,0.561,-0.14],"_shiftlockState":true,"_pose":"FreeFall","_animationQueue":[],"_animationSpeed":1,"_zoom":6.789},{"_mousePosition":[683,384],"_rootPartCFrame":[757.332,236.942,44.865,-0.681,0,-0.732,0,1,0,0.732,0,-0.681],"_humanoidState":5,"_cameraCFrame":[755.187,244.026,45.677,-0.485,0.845,-0.224,0,0.257,0.967,0.874,0.469,-0.124],"_shiftlockState":true,"_pose":"FreeFall","_animationQueue":[],"_animationSpeed":1,"_zoom":6.789},{"_mousePosition":[683,384],"_rootPartCFrame":[757.172,236.62,45.079,-0.597,0,-0.802,0,1,0,0.802,0,-0.597],"_humanoidState":5,"_cameraCFrame":[755.362,242.522,46.222,-0.383,0.889,-0.249,0,0.27,0.963,0.924,0.369,-0.103],"_shiftlockState":true,"_pose":"FreeFall","_animationQueue":[],"_animationSpeed":1,"_zoom":6.789},{"_mousePosition":[683,384],"_rootPartCFrame":[757.041,236.243,45.3,-0.494,0,-0.869,0,1,0,0.869,0,-0.494],"_humanoidState":5,"_cameraCFrame":[755.352,241.892,46.6,-0.303,0.915,-0.268,0,0.281,0.96,0.953,0.29,-0.085],"_shiftlockState":true,"_pose":"FreeFall","_animationQueue":[],"_animationSpeed":1,"_zoom":6.789},{"_mousePosition":[683,384],"_rootPartCFrame":[756.95,235.811,45.526,-0.412,0,-0.911,0,1,0,0.911,0,-0.412],"_humanoidState":5,"_cameraCFrame":[755.342,241.353,46.947,-0.228,0.931,-0.286,0,0.294,0.956,0.974,0.218,-0.067],"_shiftlockState":true,"_pose":"FreeFall","_animationQueue":[["fall",0.3]],"_animationSpeed":1,"_zoom":6.789},{"_mousePosition":[683,384],"_rootPartCFrame":[756.882,235.904,45.73,-0.263,0,-0.965,0,1,0,0.965,0,-0.263],"_humanoidState":12,"_cameraCFrame":[755.334,241.365,47.24,-0.169,0.939,-0.301,0,0.305,0.952,0.986,0.161,-0.052],"_shiftlockState":true,"_pose":"Climbing","_animationQueue":[["walk",0.1],["fall",0.3],["climb",0.1],["climb",0]],"_animationSpeed":-2.26,"_zoom":6.789},{"_mousePosition":[683,384],"_rootPartCFrame":[756.826,236.089,45.897,-0.174,0,-0.985,0,1,0,0.985,0,-0.174],"_humanoidState":12,"_cameraCFrame":[755.329,241.471,47.461,-0.133,0.942,-0.309,0,0.312,0.95,0.991,0.127,-0.042],"_shiftlockState":true,"_pose":"Climbing","_animationQueue":[["climb",0.1]],"_animationSpeed":0.87,"_zoom":6.789},{"_mousePosition":[683,384],"_rootPartCFrame":[756.802,236.208,46.016,-0.134,0,-0.991,0,1,0,0.991,0,-0.134],"_humanoidState":8,"_cameraCFrame":[755.298,241.666,47.615,-0.106,0.943,-0.316,0,0.318,0.948,0.994,0.101,-0.034],"_shiftlockState":true,"_pose":"Running","_animationQueue":[["walk",0.1],["climb",0.1],["walk",0.1],["walk",0.1]],"_animationSpeed":0.665,"_zoom":6.789},{"_mousePosition":[683,384],"_rootPartCFrame":[756.818,236.355,46.272,-0.23,0,-0.973,0,1,0,0.973,0,-0.23],"_humanoidState":5,"_cameraCFrame":[755.257,241.998,47.878,-0.097,0.943,-0.318,0,0.32,0.947,0.995,0.092,-0.031],"_shiftlockState":true,"_pose":"FreeFall","_animationQueue":[["walk",0.1],["fall",0.3]],"_animationSpeed":1,"_zoom":6.789},{"_mousePosition":[683,384],"_rootPartCFrame":[756.843,236.377,46.362,-0.149,0,-0.989,0,1,0,0.989,0,-0.149],"_humanoidState":5,"_cameraCFrame":[755.149,242.425,47.959,-0.095,0.943,-0.318,0,0.32,0.947,0.996,0.09,-0.03],"_shiftlockState":true,"_pose":"FreeFall","_animationQueue":[],"_animationSpeed":1,"_zoom":6.789},{"_mousePosition":[683,384],"_rootPartCFrame":[756.947,236.371,46.597,-0.224,0,-0.975,0,1,0,0.975,0,-0.224],"_humanoidState":5,"_cameraCFrame":[755.109,242.849,48.18,-0.095,0.943,-0.318,0,0.32,0.947,0.996,0.09,-0.03],"_shiftlockState":true,"_pose":"FreeFall","_animationQueue":[],"_animationSpeed":1,"_zoom":6.789},{"_mousePosition":[683,384],"_rootPartCFrame":[757.038,236.526,46.767,-0.127,0,-0.992,0,1,0,0.992,0,-0.127],"_humanoidState":12,"_cameraCFrame":[755.073,243.379,48.338,-0.095,0.943,-0.318,0,0.32,0.947,0.996,0.09,-0.03],"_shiftlockState":true,"_pose":"Climbing","_animationQueue":[["fall",0.3],["walk",0.1],["fall",0.3],["climb",0.1]],"_animationSpeed":-0.158,"_zoom":6.789},{"_mousePosition":[683,384],"_rootPartCFrame":[757.11,236.712,46.902,-0.098,0,-0.995,0,1,0,0.995,0,-0.098],"_humanoidState":12,"_cameraCFrame":[755.323,243.53,46.732,-0.095,0.943,-0.318,0,0.32,0.947,0.996,0.09,-0.03],"_shiftlockState":false,"_pose":"Climbing","_animationQueue":[["climb",0.1]],"_animationSpeed":0.912,"_zoom":6.789},{"_mousePosition":[683,384],"_rootPartCFrame":[757.164,236.898,47.002,-0.099,0,-0.995,0,1,0,0.995,0,-0.099],"_humanoidState":12,"_cameraCFrame":[755.348,243.801,46.829,-0.095,0.943,-0.318,0,0.32,0.947,0.996,0.09,-0.03],"_shiftlockState":false,"_pose":"Climbing","_animationQueue":[],"_animationSpeed":0.912,"_zoom":6.789},{"_mousePosition":[683,384],"_rootPartCFrame":[757.198,237.085,47.067,-0.099,0,-0.995,0,1,0,0.995,0,-0.099],"_humanoidState":12,"_cameraCFrame":[755.322,244.15,46.9,-0.088,0.944,-0.319,0,0.321,0.947,0.996,0.084,-0.028],"_shiftlockState":false,"_pose":"Climbing","_animationQueue":[],"_animationSpeed":0.912,"_zoom":6.789},{"_mousePosition":[683,384],"_rootPartCFrame":[757.214,237.272,47.097,-0.099,0,-0.995,0,1,0,0.995,0,-0.099],"_humanoidState":12,"_cameraCFrame":[755.322,244.355,46.937,-0.084,0.943,-0.321,0,0.322,0.947,0.996,0.08,-0.027],"_shiftlockState":false,"_pose":"Climbing","_animationQueue":[],"_animationSpeed":0.912,"_zoom":6.789},{"_mousePosition":[683,384],"_rootPartCFrame":[757.216,237.458,47.1,-0.099,0,-0.995,0,1,0,0.995,0,-0.099],"_humanoidState":12,"_cameraCFrame":[755.321,244.532,46.944,-0.082,0.943,-0.322,0,0.323,0.946,0.997,0.078,-0.027],"_shiftlockState":false,"_pose":"Climbing","_animationQueue":[],"_animationSpeed":0.912,"_zoom":6.789},{"_mousePosition":[683,384],"_rootPartCFrame":[757.206,237.645,47.1,-0.098,0,-0.995,0,1,0,0.995,0,-0.098],"_humanoidState":12,"_cameraCFrame":[755.321,244.687,46.945,-0.082,0.943,-0.322,0,0.323,0.946,0.997,0.078,-0.027],"_shiftlockState":false,"_pose":"Climbing","_animationQueue":[],"_animationSpeed":0.912,"_zoom":6.789},{"_mousePosition":[683,384],"_rootPartCFrame":[757.205,237.785,47.1,-0.098,0,-0.995,0,1,0,0.995,0,-0.098],"_humanoidState":12,"_cameraCFrame":[755.322,244.754,46.925,-0.093,0.941,-0.325,0,0.327,0.945,0.996,0.088,-0.03],"_shiftlockState":false,"_pose":"Climbing","_animationQueue":[],"_animationSpeed":0.912,"_zoom":6.789},{"_mousePosition":[683,384],"_rootPartCFrame":[757.205,238.018,47.1,-0.098,0,-0.995,0,1,0,0.995,0,-0.098],"_humanoidState":12,"_cameraCFrame":[755.326,244.916,46.852,-0.131,0.935,-0.328,0,0.331,0.944,0.991,0.124,-0.043],"_shiftlockState":false,"_pose":"Climbing","_animationQueue":[],"_animationSpeed":0.912,"_zoom":6.789},{"_mousePosition":[683,384],"_rootPartCFrame":[757.205,238.205,47.1,-0.098,0,-0.995,0,1,0,0.995,0,-0.098],"_humanoidState":12,"_cameraCFrame":[755.336,245.089,46.683,-0.218,0.92,-0.327,0,0.335,0.942,0.976,0.205,-0.073],"_shiftlockState":false,"_pose":"Climbing","_animationQueue":[],"_animationSpeed":0.912,"_zoom":6.789},{"_mousePosition":[683,384],"_rootPartCFrame":[757.205,238.392,47.1,-0.098,0,-0.995,0,1,0,0.995,0,-0.098],"_humanoidState":12,"_cameraCFrame":[755.366,245.359,46.368,-0.37,0.874,-0.316,0,0.34,0.94,0.929,0.348,-0.126],"_shiftlockState":false,"_pose":"Climbing","_animationQueue":[],"_animationSpeed":0.912,"_zoom":6.789},{"_mousePosition":[683,384],"_rootPartCFrame":[757.205,238.578,47.1,-0.098,0,-0.995,0,1,0,0.995,0,-0.098],"_humanoidState":12,"_cameraCFrame":[755.506,245.693,45.92,-0.57,0.771,-0.284,0,0.346,0.938,0.821,0.535,-0.197],"_shiftlockState":false,"_pose":"Climbing","_animationQueue":[],"_animationSpeed":0.912,"_zoom":6.789},{"_mousePosition":[683,384],"_rootPartCFrame":[757.205,238.765,47.1,-0.098,0,-0.995,0,1,0,0.995,0,-0.098],"_humanoidState":12,"_cameraCFrame":[755.843,246.024,45.398,-0.781,0.584,-0.221,0,0.354,0.935,0.625,0.73,-0.276],"_shiftlockState":false,"_pose":"Climbing","_animationQueue":[],"_animationSpeed":0.912,"_zoom":6.789},{"_mousePosition":[683,384],"_rootPartCFrame":[757.205,238.952,47.1,-0.098,0,-0.995,0,1,0,0.995,0,-0.098],"_humanoidState":12,"_cameraCFrame":[756.444,246.309,44.85,-0.947,0.297,-0.12,0,0.376,0.927,0.32,0.878,-0.356],"_shiftlockState":false,"_pose":"Climbing","_animationQueue":[],"_animationSpeed":0.912,"_zoom":6.789},{"_mousePosition":[683,384],"_rootPartCFrame":[757.205,239.138,47.1,-0.098,0,-0.995,0,1,0,0.995,0,-0.098],"_humanoidState":12,"_cameraCFrame":[757.56,246.492,44.396,-0.992,-0.118,0.055,0,0.422,0.906,-0.13,0.899,-0.419],"_shiftlockState":false,"_pose":"Climbing","_animationQueue":[],"_animationSpeed":0.912,"_zoom":6.789},{"_mousePosition":[683,384],"_rootPartCFrame":[757.168,239.302,47.096,-0.072,-0.027,-0.997,0.008,1,-0.028,0.997,-0.01,-0.072],"_humanoidState":12,"_cameraCFrame":[758.453,246.643,44.441,-0.894,-0.401,0.203,0,0.451,0.892,-0.449,0.797,-0.403],"_shiftlockState":false,"_pose":"Climbing","_animationQueue":[],"_animationSpeed":0.912,"_zoom":6.789},{"_mousePosition":[683,384],"_rootPartCFrame":[757.114,239.462,47.094,-0.043,-0.039,-0.998,0.012,0.999,-0.04,0.999,-0.013,-0.042],"_humanoidState":12,"_cameraCFrame":[759.46,246.808,45.116,-0.631,-0.685,0.363,0,0.469,0.883,-0.776,0.558,-0.296],"_shiftlockState":false,"_pose":"Climbing","_animationQueue":[["climb",0.1]],"_animationSpeed":0.818,"_zoom":6.789},{"_mousePosition":[683,384],"_rootPartCFrame":[757.084,239.28,47.094,-0.033,-0.009,-0.999,0.002,1,-0.009,0.999,-0.003,-0.033],"_humanoidState":12,"_cameraCFrame":[760.007,246.675,45.997,-0.349,-0.828,0.44,0,0.469,0.883,-0.937,0.308,-0.164],"_shiftlockState":false,"_pose":"Climbing","_animationQueue":[],"_animationSpeed":0.818,"_zoom":6.789},{"_mousePosition":[683,384],"_rootPartCFrame":[757.082,239.14,47.094,-0.032,0.001,-0.999,0,1,0.001,0.999,0,-0.032],"_humanoidState":12,"_cameraCFrame":[760.224,246.566,46.879,-0.068,-0.881,0.468,0,0.469,0.883,-0.998,0.06,-0.032],"_shiftlockState":false,"_pose":"Climbing","_animationQueue":[["climb",0.1]],"_animationSpeed":-0.921,"_zoom":6.789},{"_mousePosition":[683,384],"_rootPartCFrame":[757.081,238.954,47.093,-0.032,0.002,-0.999,-0.001,1,0.002,0.999,0.001,-0.032],"_humanoidState":12,"_cameraCFrame":[760.248,246.386,47.489,0.124,-0.874,0.47,0,0.473,0.881,-0.992,-0.109,0.059],"_shiftlockState":false,"_pose":"Climbing","_animationQueue":[],"_animationSpeed":-0.921,"_zoom":6.789},{"_mousePosition":[683,384],"_rootPartCFrame":[757.081,238.767,47.093,-0.032,0,-0.999,0,1,0,0.999,0,-0.032],"_humanoidState":12,"_cameraCFrame":[760.227,246.188,47.893,0.246,-0.85,0.466,0,0.481,0.877,-0.969,-0.216,0.118],"_shiftlockState":false,"_pose":"Climbing","_animationQueue":[],"_animationSpeed":-0.921,"_zoom":6.789},{"_mousePosition":[683,384],"_rootPartCFrame":[757.081,238.58,47.093,-0.032,0,-0.999,0,1,0,0.999,0,-0.032],"_humanoidState":12,"_cameraCFrame":[760.759,245.991,46.501,0.324,-0.827,0.46,0,0.486,0.874,-0.946,-0.283,0.157],"_shiftlockState":true,"_pose":"Climbing","_animationQueue":[],"_animationSpeed":-0.921,"_zoom