[{"_mousePosition":[1107,380],"_rootPartCFrame":[776.034,222.963,47.142,-0.002,-0.007,1,0,1,0.007,-1,0,-0.002],"_humanoidState":8,"_cameraCFrame":[778.468,238.151,35.554,-0.978,-0.156,0.135,0,0.654,0.756,-0.206,0.74,-0.64],"_shiftlockState":false,"_pose":"Standing","_animationQueue":[],"_animationSpeed":1,"_zoom":18.1},{"_mousePosition":[1107,383],"_rootPartCFrame":[775.794,222.839,47.091,0.027,-0.001,1,0,1,0.001,-1,0,0.027],"_humanoidState":8,"_cameraCFrame":[778.236,238.027,35.503,-0.978,-0.156,0.135,0,0.654,0.756,-0.206,0.74,-0.64],"_shiftlockState":false,"_pose":"Standing","_animationQueue":[],"_animationSpeed":1,"_zoom":18.1},{"_mousePosition":[1107,386],"_rootPartCFrame":[775.533,222.675,47.036,0.052,0,0.999,0,1,0,-0.999,0,0.052],"_humanoidState":8,"_cameraCFrame":[777.978,237.863,35.449,-0.978,-0.156,0.135,0,0.654,0.756,-0.206,0.74,-0.64],"_shiftlockState":false,"_pose":"Running","_animationQueue":[["walk",0.1]],"_animationSpeed":1.067,"_zoom":18.1},{"_mousePosition":[1107,386],"_rootPartCFrame":[775.272,222.654,46.981,0.073,0,0.997,0,1,0,-0.997,0,0.073],"_humanoidState":8,"_cameraCFrame":[777.716,237.842,35.394,-0.978,-0.156,0.135,0,0.654,0.756,-0.206,0.74,-0.64],"_shiftlockState":false,"_pose":"Running","_animationQueue":[["walk",0.1]],"_animationSpeed":1.067,"_zoom":18.1},{"_mousePosition":[1109,398],"_rootPartCFrame":[775.011,222.67,46.926,0.091,0,0.996,0,1,0,-0.996,0,0.091],"_humanoidState":8,"_cameraCFrame":[777.455,237.858,35.338,-0.978,-0.156,0.135,0,0.654,0.756,-0.206,0.74,-0.64],"_shiftlockState":false,"_pose":"Running","_animationQueue":[],"_animationSpeed":1.067,"_zoom":18.1},{"_mousePosition":[1116,414],"_rootPartCFrame":[774.75,222.683,46.871,0.107,0,0.994,0,1,0,-0.994,0,0.107],"_humanoidState":8,"_cameraCFrame":[775.482,237.871,34.922,-0.978,-0.156,0.135,0,0.654,0.756,-0.206,0.74,-0.64],"_shiftlockState":true,"_pose":"Running","_animationQueue":[],"_animationSpeed":1.067,"_zoom":18.1},{"_mousePosition":[683,384],"_rootPartCFrame":[774.489,222.691,46.816,-0.989,0,0.145,0,1,0,-0.145,0,-0.989],"_humanoidState":8,"_cameraCFrame":[775.221,237.879,34.867,-0.978,-0.156,0.135,0,0.654,0.756,-0.206,0.74,-0.64],"_shiftlockState":true,"_pose":"Running","_animationQueue":[],"_animationSpeed":1.067,"_zoom":18.1},{"_mousePosition":[683,384],"_rootPartCFrame":[774.228,222.695,46.761,-0.984,0,0.181,0,1,0,-0.181,0,-0.984],"_humanoidState":8,"_cameraCFrame":[775.097,238.211,35.209,-0.974,-0.174,0.142,0,0.633,0.774,-0.225,0.755,-0.616],"_shiftlockState":true,"_pose":"Running","_animationQueue":[],"_animationSpeed":1.067,"_zoom":18.1},{"_mousePosition":[683,384],"_rootPartCFrame":[773.967,222.697,46.706,-0.975,0,0.222,0,1,0,-0.222,0,-0.975],"_humanoidState":8,"_cameraCFrame":[774.96,238.558,35.595,-0.97,-0.194,0.149,0,0.609,0.793,-0.244,0.769,-0.59],"_shiftlockState":true,"_pose":"Running","_animationQueue":[],"_animationSpeed":1.067,"_zoom":18.1},{"_mousePosition":[683,384],"_rootPartCFrame":[773.707,222.698,46.647,-0.97,0,0.244,0,1,0,-0.244,0,-0.97],"_humanoidState":8,"_cameraCFrame":[774.801,238.864,35.952,-0.965,-0.213,0.154,0,0.586,0.81,-0.262,0.782,-0.566],"_shiftlockState":true,"_pose":"Running","_animationQueue":[],"_animationSpeed":1.067,"_zoom":18.1},{"_mousePosition":[683,384],"_rootPartCFrame":[773.448,222.699,46.582,-0.965,0,0.262,0,1,0,-0.262,0,-0.965],"_humanoidState":8,"_cameraCFrame":[774.627,239.158,36.311,-0.96,-0.232,0.158,0,0.563,0.826,-0.281,0.793,-0.54],"_shiftlockState":true,"_pose":"Running","_animationQueue":[["walk",0.1]],"_animationSpeed":1.067,"_zoom":18.1},{"_mousePosition":[683,384],"_rootPartCFrame":[773.191,222.699,46.513,-0.96,0,0.281,0,1,0,-0.281,0,-0.96],"_humanoidState":8,"_cameraCFrame":[774.438,239.456,36.698,-0.954,-0.253,0.161,0,0.538,0.843,-0.3,0.804,-0.513],"_shiftlockState":true,"_pose":"Running","_animationQueue":[],"_animationSpeed":1.067,"_zoom":18.1},{"_mousePosition":[683,384],"_rootPartCFrame":[772.935,222.699,46.439,-0.954,0,0.3,0,1,0,-0.3,0,-0.954],"_humanoidState":8,"_cameraCFrame":[774.217,239.748,37.097,-0.948,-0.273,0.163,0,0.512,0.859,-0.317,0.815,-0.485],"_shiftlockState":true,"_pose":"Running","_animationQueue":[],"_animationSpeed":1.067,"_zoom":18.1},{"_mousePosition":[683,384],"_rootPartCFrame":[772.68,222.7,46.36,-0.948,0,0.317,0,1,0,-0.317,0,-0.948],"_humanoidState":8,"_cameraCFrame":[773.952,239.989,37.429,-0.944,-0.288,0.162,0,0.489,0.872,-0.33,0.823,-0.461],"_shiftlockState":true,"_pose":"Running","_animationQueue":[],"_animationSpeed":1.067,"_zoom":18.1},{"_mousePosition":[683,384],"_rootPartCFrame":[772.427,222.7,46.276,-0.944,0,0.33,0,1,0,-0.33,0,-0.944],"_humanoidState":8,"_cameraCFrame":[773.651,240.157,37.643,-0.942,-0.296,0.159,0,0.472,0.882,-0.336,0.83,-0.444],"_shiftlockState":true,"_pose":"Running","_animationQueue":[],"_animationSpeed":1.067,"_zoom":18.1},{"_mousePosition":[683,384],"_rootPartCFrame":[772.175,222.7,46.189,-0.942,0,0.336,0,1,0,-0.336,0,-0.942],"_humanoidState":8,"_cameraCFrame":[773.326,240.286,37.788,-0.941,-0.3,0.155,0,0.458,0.889,-0.337,0.837,-0.432],"_shiftlockState":true,"_pose":"Running","_animationQueue":[],"_animationSpeed":1.067,"_zoom":18.1},{"_mousePosition":[683,384],"_rootPartCFrame":[771.924,222.7,46.099,-0.941,0,0.337,0,1,0,-0.337,0,-0.941],"_humanoidState":8,"_cameraCFrame":[773,240.398,37.906,-0.941,-0.302,0.15,0,0.446,0.895,-0.337,0.843,-0.42],"_shiftlockState":true,"_pose":"Running","_animationQueue":[["walk",0.1]],"_animationSpeed":1.067,"_zoom":18.1},{"_mousePosition":[683,384],"_rootPartCFrame":[771.673,222.7,46.009,-0.941,0,0.337,0,1,0,-0.337,0,-0.941],"_humanoidState":8,"_cameraCFrame":[772.653,240.514,38.037,-0.942,-0.302,0.145,0,0.433,0.901,-0.335,0.849,-0.408],"_shiftlockState":true,"_pose":"Running","_animationQueue":[],"_animationSpeed":1.067,"_zoom":18.1},{"_mousePosition":[683,384],"_rootPartCFrame":[771.422,222.7,45.919,-0.942,0,0.335,0,1,0,-0.335,0,-0.942],"_humanoidState":8,"_cameraCFrame":[772.144,240.389,38.444,-0.946,-0.297,0.134,0,0.411,0.912,-0.325,0.862,-0.389],"_shiftlockState":true,"_pose":"Running","_animationQueue":[],"_animationSpeed":1.067,"_zoom":14.08},{"_mousePosition":[683,384],"_rootPartCFrame":[771.17,222.7,45.83,-0.946,0,0.325,0,1,0,-0.325,0,-0.946],"_humanoidState":8,"_cameraCFrame":[771.485,239.724,39.123,-0.952,-0.282,0.118,0,0.385,0.923,-0.306,0.879,-0.367],"_shiftlockState":true,"_pose":"Running","_animationQueue":[],"_animationSpeed":1.067,"_zoom":10.864},{"_mousePosition":[683,384],"_rootPartCFrame":[770.918,222.7,45.743,-0.952,0,0.306,0,1,0,-0.306,0,-0.952],"_humanoidState":8,"_cameraCFrame":[770.856,238.799,39.781,-0.959,-0.264,0.103,0,0.364,0.932,-0.284,0.893,-0.349],"_shiftlockState":true,"_pose":"Running","_animationQueue":[],"_animationSpeed":1.067,"_zoom":10.864},{"_mousePosition":[683,384],"_rootPartCFrame":[770.601,222.7,45.64,-0.959,0,0.284,0,1,0,-0.284,0,-0.959],"_humanoidState":8,"_cameraCFrame":[770.219,237.816,40.355,-0.965,-0.245,0.09,0,0.345,0.939,-0.261,0.906,-0.333],"_shiftlockState":true,"_pose":"Running","_animationQueue":[],"_animationSpeed":1.067,"_zoom":10.864},{"_mousePosition":[683,384],"_rootPartCFrame":[770.346,222.7,45.564,-0.965,0,0.261,0,1,0,-0.261,0,-0.965],"_humanoidState":8,"_cameraCFrame":[769.724,237.025,40.808,-0.971,-0.228,0.079,0,0.329,0.944,-0.241,0.917,-0.319],"_shiftlockState":true,"_pose":"Running","_animationQueue":[],"_animationSpeed":1.067,"_zoom":10.864},{"_mousePosition":[683,384],"_rootPartCFrame":[770.153,222.7,45.51,-0.971,0,0.241,0,1,0,-0.241,0,-0.971],"_humanoidState":8,"_cameraCFrame":[769.35,236.32,41.207,-0.974,-0.213,0.071,0,0.314,0.949,-0.225,0.925,-0.306],"_shiftlockState":true,"_pose":"Running","_animationQueue":[["walk",0.1]],"_animationSpeed":1.067,"_zoom":10.864},{"_mousePosition":[683,384],"_rootPartCFrame":[769.831,222.649,45.423,-0.974,0,0.225,0,1,0,-0.225,0,-0.974],"_humanoidState":8,"_cameraCFrame":[768.937,235.784,41.374,-0.976,-0.206,0.067,0,0.307,0.952,-0.217,0.929,-0.3],"_shiftlockState":true,"_pose":"Running","_animationQueue":[],"_animationSpeed":1.067,"_zoom":10.864},{"_mousePosition":[683,384],"_rootPartCFrame":[769.574,222.546,45.354,-0.976,0,0.217,0,1,0,-0.217,0,-0.976],"_humanoidState":8,"_cameraCFrame":[768.588,235.28,41.438,-0.98,-0.19,0.062,0,0.308,0.951,-0.2,0.932,-0.302],"_shiftlockState":true,"_pose":"Running","_animationQueue":[],"_animationSpeed":1.067,"_zoom":10.864},{"_mousePosition":[683,384],"_rootPartCFrame":[769.317,222.39,45.284,-0.98,0,0.2,0,1,0,-0.2,0,-0.98],"_humanoidState":8,"_cameraCFrame":[768.291,234.85,41.451,-0.981,-0.185,0.06,0,0.309,0.951,-0.194,0.933,-0.303],"_shiftlockState":true,"_pose":"Running","_animationQueue":[],"_animationSpeed":1.067,"_zoom":10.864},{"_mousePosition":[683,384],"_rootPartCFrame":[769.059,223.263,45.214,-0.981,0,0.194,0,1,0,-0.194,0,-0.981],"_humanoidState":3,"_cameraCFrame":[768.021,235.521,41.446,-0.981,-0.185,0.06,0,0.309,0.951,-0.194,0.933,-0.303],"_shiftlockState":true,"_pose":"Jumping","_animationQueue":[["walk",0.1],["jump",0.1]],"_animationSpeed":1,"_zoom":10.864},{"_mousePosition":[683,384],"_rootPartCFrame":[768.864,223.884,45.172,-0.967,0,0.255,0,1,0,-0.255,0,-0.967],"_humanoidState":5,"_cameraCFrame":[767.817,236.011,41.446,-0.981,-0.185,0.06,0,0.309,0.951,-0.194,0.933,-0.303],"_shiftlockState":true,"_pose":"FreeFall","_animationQueue":[["jump",0.1]],"_animationSpeed":1,"_zoom":10.864},{"_mousePosition":[683,384],"_rootPartCFrame":[768.602,224.666,45.12,-0.949,0,0.315,0,1,0,-0.315,0,-0.949],"_humanoidState":5,"_cameraCFrame":[767.549,236.69,41.427,-0.981,-0.185,0.06,0,0.309,0.951,-0.194,0.933,-0.303],"_shiftlockState":true,"_pose":"FreeFall","_animationQueue":[],"_animationSpeed":1,"_zoom":10.864},{"_mousePosition":[683,384],"_rootPartCFrame":[768.276,225.565,45.056,-0.936,0,0.353,0,1,0,-0.353,0,-0.936],"_humanoidState":5,"_cameraCFrame":[767.219,237.528,41.382,-0.981,-0.185,0.06,0,0.309,0.951,-0.194,0.933,-0.303],"_shiftlockState":true,"_pose":"FreeFall","_animationQueue":[],"_animationSpeed":1,"_zoom":10.864},{"_mousePosition":[683,384],"_rootPartCFrame":[768.014,226.224,45.004,-0.947,0,0.323,0,1,0,-0.323,0,-0.947],"_humanoidState":5,"_cameraCFrame":[766.954,238.143,41.344,-0.981,-0.185,0.06,0,0.309,0.951,-0.194,0.933,-0.303],"_shiftlockState":true,"_pose":"FreeFall","_animationQueue":[],"_animationSpeed":1,"_zoom":10.864},{"_mousePosition":[683,384],"_rootPartCFrame":[767.818,226.682,44.965,-0.957,0,0.291,0,1,0,-0.291,0,-0.957],"_humanoidState":5,"_cameraCFrame":[766.756,238.571,41.314,-0.981,-0.185,0.06,0,0.309,0.951,-0.194,0.933,-0.303],"_shiftlockState":true,"_pose":"FreeFall","_animationQueue":[],"_animationSpeed":1,"_zoom":10.864},{"_mousePosition":[683,384],"_rootPartCFrame":[767.491,227.377,44.9,-0.935,0,0.354,0,1,0,-0.354,0,-0.935],"_humanoidState":5,"_cameraCFrame":[766.428,239.248,41.256,-0.981,-0.185,0.06,0,0.309,0.951,-0.194,0.933,-0.303],"_shiftlockState":true,"_pose":"FreeFall","_animationQueue":[],"_animationSpeed":1,"_zoom":10.864},{"_mousePosition":[683,384],"_rootPartCFrame":[767.295,227.754,44.862,-0.957,0,0.291,0,1,0,-0.291,0,-0.957],"_humanoidState":5,"_cameraCFrame":[766.031,239.544,41.097,-0.991,-0.125,0.043,0,0.327,0.945,-0.132,0.937,-0.324],"_shiftlockState":true,"_pose":"FreeFall","_animationQueue":[],"_animationSpeed":1,"_zoom":10.864},{"_mousePosition":[683,384],"_rootPartCFrame":[766.968,228.313,44.797,-0.956,0,0.295,0,1,0,-0.295,0,-0.956],"_humanoidState":5,"_cameraCFrame":[765.507,240.051,40.987,-0.997,-0.072,0.026,0,0.339,0.941,-0.077,0.938,-0.338],"_shiftlockState":true,"_pose":"FreeFall","_animationQueue":[],"_animationSpeed":1,"_zoom":10.864},{"_mousePosition":[683,384],"_rootPartCFrame":[766.704,228.699,44.759,-0.978,0,0.209,0,1,0,-0.209,0,-0.978],"_humanoidState":5,"_cameraCFrame":[765.157,240.422,40.962,-0.999,-0.051,0.018,0,0.341,0.94,-0.054,0.939,-0.34],"_shiftlockState":true,"_pose":"FreeFall","_animationQueue":[],"_animationSpeed":1,"_zoom":10.864},{"_mousePosition":[683,384],"_rootPartCFrame":[766.439,229.031,44.736,-0.983,0,0.186,0,1,0,-0.186,0,-0.983],"_humanoidState":5,"_cameraCFrame":[764.848,240.747,40.95,-0.999,-0.04,0.014,0,0.342,0.94,-0.042,0.939,-0.341],"_shiftlockState":true,"_pose":"FreeFall","_animationQueue":[],"_animationSpeed":1,"_zoom":10.864},{"_mousePosition":[683,384],"_rootPartCFrame":[766.172,229.308,44.721,-0.985,0,0.175,0,1,0,-0.175,0,-0.985],"_humanoidState":5,"_cameraCFrame":[764.526,241.022,40.959,-1,-0.026,0.009,0,0.342,0.94,-0.028,0.939,-0.342],"_shiftlockState":true,"_pose":"FreeFall","_animationQueue":[],"_animationSpeed":1,"_zoom":10.864},{"_mousePosition":[683,384],"_rootPartCFrame":[765.973,229.48,44.712,-0.992,0,0.127,0,1,0,-0.127,0,-0.992],"_humanoidState":5,"_cameraCFrame":[764.256,241.192,40.983,-1,-0.008,0.003,0,0.342,0.94,-0.009,0.94,-0.342],"_shiftlockState":true,"_pose":"FreeFall","_animationQueue":[],"_animationSpeed":1,"_zoom":10.864},{"_mousePosition":[683,384],"_rootPartCFrame":[765.639,229.698,44.702,-0.985,0,0.175,0,1,0,-0.175,0,-0.985],"_humanoidState":5,"_cameraCFrame":[763.849,241.404,40.992,-1,0.01,-0.004,0,0.343,0.939,0.011,0.939,-0.343],"_shiftlockState":true,"_pose":"FreeFall","_animationQueue":[],"_animationSpeed":1,"_zoom":10.864},{"_mousePosition":[683,384],"_rootPartCFrame":[765.373,229.812,44.699,-0.993,0,0.122,0,1,0,-0.122,0,-0.993],"_humanoidState":5,"_cameraCFrame":[763.507,241.502,40.984,-1,0.029,-0.011,0,0.347,0.938,0.031,0.937,-0.347],"_shiftlockState":true,"_pose":"FreeFall","_animationQueue":[],"_animationSpeed":1,"_zoom":10.864},{"_mousePosition":[683,384],"_rootPartCFrame":[765.106,229.871,44.701,-0.995,0,0.102,0,1,0,-0.102,0,-0.995],"_humanoidState":5,"_cameraCFrame":[763.164,241.536,40.959,-0.999,0.047,-0.018,0,0.353,0.936,0.051,0.934,-0.353],"_shiftlockState":true,"_pose":"FreeFall","_animationQueue":[],"_animationSpeed":1,"_zoom":10.864},{"_mousePosition":[683,384],"_rootPartCFrame":[764.84,229.875,44.709,-0.997,0,0.082,0,1,0,-0.082,0,-0.997],"_humanoidState":5,"_cameraCFrame":[762.808,241.499,40.904,-0.997,0.068,-0.026,0,0.363,0.932,0.073,0.929,-0.362],"_shiftlockState":true,"_pose":"FreeFall","_animationQueue":[["fall",0.3]],"_animationSpeed":1,"_zoom":10.864},{"_mousePosition":[683,384],"_rootPartCFrame":[764.573,229.825,44.721,-0.998,0,0.06,0,1,0,-0.06,0,-0.998],"_humanoidState":5,"_cameraCFrame":[762.451,241.401,40.838,-0.996,0.087,-0.035,0,0.374,0.927,0.094,0.923,-0.372],"_shiftlockState":true,"_pose":"FreeFall","_animationQueue":[],"_animationSpeed":1,"_zoom":10.864},{"_mousePosition":[683,384],"_rootPartCFrame":[764.307,229.721,44.74,-0.999,0,0.04,0,1,0,-0.04,0,-0.999],"_humanoidState":5,"_cameraCFrame":[762.13,241.256,40.785,-0.994,0.097,-0.04,0,0.383,0.924,0.105,0.919,-0.381],"_shiftlockState":true,"_pose":"FreeFall","_animationQueue":[],"_animationSpeed":1,"_zoom":10.864},{"_mousePosition":[683,384],"_rootPartCFrame":[764.042,229.562,44.764,-1,0,0.028,0,1,0,-0.028,0,-1],"_humanoidState":5,"_cameraCFrame":[761.844,241.067,40.743,-0.994,0.1,-0.042,0,0.39,0.921,0.108,0.916,-0.387],"_shiftlockState":true,"_pose":"FreeFall","_animationQueue":[],"_animationSpeed":1,"_zoom":10.864},{"_mousePosition":[683,384],"_rootPartCFrame":[763.776,229.348,44.791,-1,0,0.025,0,1,0,-0.025,0,-1],"_humanoidState":5,"_cameraCFrame":[761.571,240.822,40.699,-0.994,0.099,-0.043,0,0.396,0.918,0.108,0.913,-0.394],"_shiftlockState":true,"_pose":"FreeFall","_animationQueue":[],"_animationSpeed":1,"_zoom":10.864},{"_mousePosition":[683,384],"_rootPartCFrame":[763.511,229.08,44.82,-1,0,0.025,0,1,0,-0.025,0,-1],"_humanoidState":5,"_cameraCFrame":[761.307,240.526,40.659,-0.994,0.097,-0.043,0,0.402,0.915,0.106,0.91,-0.4],"_shiftlockState":true,"_pose":"FreeFall","_animationQueue":[],"_animationSpeed":1,"_zoom":10.864},{"_mousePosition":[683,384],"_rootPartCFrame":[763.258,228.758,44.871,-1,0,0.007,0,1,0,-0.007,0,-1],"_humanoidState":5,"_cameraCFrame":[761.054,240.2,40.702,-0.994,0.097,-0.043,0,0.403,0.915,0.106,0.91,-0.401],"_shiftlockState":true,"_pose":"FreeFall","_animationQueue":[["fall",0.3]],"_animationSpeed":1,"_zoom":10.864},{"_mousePosition":[683,384],"_rootPartCFrame":[763.081,228.48,44.932,-1,0,-0.027,0,1,0,0.027,0,-1],"_humanoidState":5,"_cameraCFrame":[760.876,239.922,40.763,-0.994,0.097,-0.043,0,0.403,0.915,0.106,0.91,-0.401],"_shiftlockState":true,"_pose":"FreeFall","_animationQueue":[],"_animationSpeed":1,"_zoom":10.864},{"_mousePosition":[683,384],"_rootPartCFrame":[762.861,228.062,45.043,-1,0,-0.001,0,1,0,0.001,0,-1],"_humanoidState":5,"_cameraCFrame":[760.656,239.505,40.874,-0.994,0.097,-0.043,0,0.403,0.915,0.106,0.91,-0.401],"_shiftlockState":true,"_pose":"FreeFall","_animationQueue":[],"_animationSpeed":1,"_zoom":10.864},{"_mousePosition":[683,384],"_rootPartCFrame":[762.66,227.59,45.19,-1,0,-0.002,0,1,0,0.002,0,-1],"_humanoidState":5,"_cameraCFrame":[760.456,239.032,41.021,-0.994,0.097,-0.043,0,0.403,0.915,0.106,0.91,-0.401],"_shiftlockState":true,"_pose":"FreeFall","_animationQueue":[],"_animationSpeed":1,"_zoom":10.864},{"_mousePosition":[683,384],"_rootPartCFrame":[762.478,227.063,45.371,-1,0,-0.002,0,1,0,0.002,0,-1],"_humanoidState":5,"_cameraCFrame":[760.274,238.505,41.202,-0.994,0.097,-0.043,0,0.403,0.915,0.106,0.91,-0.401],"_shiftlockState":true,"_pose":"FreeFall","_animationQueue":[],"_animationSpeed":1,"_zoom":10.864},{"_mousePosition":[683,384],"_rootPartCFrame":[762.268,226.328,45.628,-1,0,0.025,0,1,0,-0.025,0,-1],"_humanoidState":5,"_cameraCFrame":[760.063,237.77,41.459,-0.994,0.097,-0.043,0,0.403,0.915,0.106,0.91,-0.401],"_shiftlockState":true,"_pose":"FreeFall","_animationQueue":[],"_animationSpeed":1,"_zoom":10.864},{"_mousePosition":[683,384],"_rootPartCFrame":[762.142,225.846,45.784,-1,0,-0.028,0,1,0,0.028,0,-1],"_humanoidState":5,"_cameraCFrame":[759.938,237.288,41.615,-0.994,0.097,-0.043,0,0.403,0.915,0.106,0.91,-0.401],"_shiftlockState":true,"_pose":"FreeFall","_animationQueue":[],"_animationSpeed":1,"_zoom":10.864},{"_mousePosition":[683,384],"_rootPartCFrame":[761.996,225.176,45.846,-1,0.001,0.004,0.001,1,-0.025,-0.004,-0.025,-1],"_humanoidState":5,"_cameraCFrame":[759.828,236.596,41.571,-0.995,0.088,-0.039,0,0.408,0.913,0.097,0.909,-0.406],"_shiftlockState":true,"_pose":"FreeFall","_animationQueue":[["fall",0.3]],"_animationSpeed":1,"_zoom":10.864},{"_mousePosition":[683,384],"_rootPartCFrame":[761.849,224.293,45.744,-1,-0.002,0.007,-0.002,1,-0.028,-0.007,-0.028,-1],"_humanoidState":5,"_cameraCFrame":[760.452,235.411,40.543,-0.998,-0.062,0.032,0,0.465,0.885,-0.07,0.883,-0.464],"_shiftlockState":true,"_pose":"FreeFall","_animationQueue":[],"_animationSpeed":1,"_zoom":10.864},{"_mousePosition":[683,384],"_rootPartCFrame":[761.71,223.527,45.72,-0.989,0,0.149,-0.003,1,-0.021,-0.149,-0.021,-0.989],"_humanoidState":5,"_cameraCFrame":[762.867,234.273,39.836,-0.881,-0.403,0.248,0,0.525,0.851,-0.473,0.75,-0.463],"_shiftlockState":true,"_pose":"FreeFall","_animationQueue":[],"_animationSpeed":1,"_zoom":10.864},{"_mousePosition":[683,384],"_rootPartCFrame":[761.581,223.501,45.498,-0.887,0.001,0.462,-0.007,1,-0.015,-0.462,-0.016,-0.887],"_humanoidState":7,"_cameraCFrame":[765.661,234.068,40.757,-0.542,-0.701,0.463,0,0.551,0.835,-0.84,0.453,-0.299],"_shiftlockState":true,"_pose":"FreeFall","_animationQueue":[["walk",0.1],["fall",0.3],["fall",0.3]],"_animationSpeed":1,"_zoom":10.864},{"_mousePosition":[683,384],"_rootPartCFrame":[761.355,223.737,45.283,-0.554,0.003,0.832,-0.002,1,-0.005,-0.832,-0.004,-0.554],"_humanoidState":7,"_cameraCFrame":[767.127,234.211,42.575,-0.159,-0.816,0.556,0,0.564,0.826,-0.987,0.131,-0.09],"_shiftlockState":true,"_pose":"FreeFall","_animationQueue":[],"_animationSpeed":1,"_zoom":10.864},{"_mousePosition":[683,384],"_rootPartCFrame":[761.089,223.977,45.302,-0.161,-0.001,0.987,0.003,1,0.001,-0.987,0.003,-0.161],"_humanoidState":8,"_cameraCFrame":[765.786,234.971,42.326,-0.243,-0.848,0.472,0,0.486,0.874,-0.97,0.212,-0.118],"_shiftlockState":true,"_pose":"Running","_animationQueue":[["walk",0.1],["fall",0.3],["walk",0.1]],"_animationSpeed":1.011,"_zoom":10.864},{"_mousePosition":[683,384],"_rootPartCFrame":[760.9,224.859,45.295,-0.242,-0.001,0.97,0,1,0.001,-0.97,0.001,-0.242],"_humanoidState":3,"_cameraCFrame":[762.857,236.53,41.579,-0.61,-0.742,0.279,0,0.352,0.936,-0.792,0.571,-0.214],"_shiftlockState":true,"_pose":"Jumping","_animationQueue":[["walk",0.1],["walk",0.1],["jump",0.1]],"_animationSpeed":1,"_zoom":10.864},{"_mousePosition":[683,384],"_rootPartCFrame":[760.754,225.501,45.274,-0.559,-0.001,0.829,0,1,0.001,-0.829,0,-0.559],"_humanoidState":5,"_cameraCFrame":[761.587,237.323,41.551,-0.767,-0.61,0.2,0,0.312,0.95,-0.642,0.729,-0.239],"_shiftlockState":true,"_pose":"FreeFall","_animationQueue":[["jump",0.1]],"_animationSpeed":1,"_zoom":10.864},{"_mousePosition":[683,384],"_rootPartCFrame":[760.47,226.503,45.235,-0.656,0,0.755,0,1,0,-0.755,0,-0.656],"_humanoidState":5,"_cameraCFrame":[761.197,238.263,41.323,-0.802,-0.563,0.196,0,0.329,0.944,-0.597,0.758,-0.264],"_shiftlockState":true,"_pose":"FreeFall","_animationQueue":[],"_animationSpeed":1,"_zoom":10.864},{"_mousePosition":[683,384],"_rootPartCFrame":[760.28,227.063,45.224,-0.746,0,0.666,0,1,0,-0.666,0,-0.746],"_humanoidState":5,"_cameraCFrame":[760.7,238.779,41.156,-0.855,-0.488,0.176,0,0.34,0.94,-0.518,0.804,-0.291],"_shiftlockState":true,"_pose":"FreeFall","_animationQueue":[],"_animationSpeed":1,"_zoom":10.864},{"_mousePosition":[683,384],"_rootPartCFrame":[759.954,227.929,45.253,-0.77,0,0.638,0,1,0,-0.638,0,-0.77],"_humanoidState":5,"_cameraCFrame":[760.079,239.602,41.06,-0.896,-0.416,0.156,0,0.351,0.936,-0.444,0.839,-0.314],"_shiftlockState":true,"_pose":"FreeFall","_animationQueue":[],"_animationSpeed":1,"_zoom":10.864},{"_mousePosition":[683,384],"_rootPartCFrame":[759.694,228.56,45.309,-0.838,0,0.545,0,1,0,-0.545,0,-0.838],"_humanoidState":5,"_cameraCFrame":[759.533,240.221,41.088,-0.925,-0.355,0.134,0,0.354,0.935,-0.379,0.865,-0.327],"_shiftlockState":true,"_pose":"FreeFall","_animationQueue":[],"_animationSpeed":1,"_zoom":10.864},{"_mousePosition":[683,384],"_rootPartCFrame":[759.44,229.137,45.389,-0.876,0,0.483,0,1,0,-0.483,0,-0.876],"_humanoidState":5,"_cameraCFrame":[759.057,240.804,41.198,-0.944,-0.31,0.117,0,0.352,0.936,-0.331,0.883,-0.332],"_shiftlockState":true,"_pose":"FreeFall","_animationQueue":[],"_animationSpeed":1,"_zoom":10.864},{"_mousePosition":[683,384],"_rootPartCFrame":[759.254,229.534,45.463,-0.912,0,0.41,0,1,0,-0.41,0,-0.912],"_humanoidState":5,"_cameraCFrame":[758.55,241.204,41.321,-0.966,-0.242,0.091,0,0.352,0.936,-0.258,0.904,-0.34],"_shiftlockState":true,"_pose":"FreeFall","_animationQueue":[],"_animationSpeed":1,"_zoom":10.864},{"_mousePosition":[683,384],"_rootPartCFrame":[758.944,230.124,45.53,-0.917,0.005,0.398,-0.001,1,-0.016,-0.398,-0.015,-0.917],"_humanoidState":5,"_cameraCFrame":[757.968,241.785,41.399,-0.982,-0.179,0.068,0,0.354,0.935,-0.191,0.918,-0.347],"_shiftlockState":true,"_pose":"FreeFall","_animationQueue":[],"_animationSpeed":1,"_zoom":10.864},{"_mousePosition":[683,384],"_rootPartCFrame":[758.69,230.527,45.496,-0.952,0.006,0.306,-0.001,1,-0.023,-0.306,-0.022,-0.952],"_humanoidState":5,"_cameraCFrame":[757.471,242.166,41.368,-0.992,-0.121,0.047,0,0.359,0.933,-0.13,0.925,-0.356],"_shiftlockState":true,"_pose":"FreeFall","_animationQueue":[],"_animationSpeed":1,"_zoom":10.864},{"_mousePosition":[683,384],"_rootPartCFrame":[758.429,230.876,45.45,-0.966,0,0.259,-0.002,1,-0.009,-0.259,-0.009,-0.966],"_humanoidState":5,"_cameraCFrame":[756.991,242.5,41.37,-0.997,-0.073,0.028,0,0.363,0.932,-0.078,0.929,-0.362],"_shiftlockState":true,"_pose":"FreeFall","_animationQueue":[],"_animationSpeed":1,"_zoom":10.864},{"_mousePosition":[683,384],"_rootPartCFrame":[758.165,231.17,45.415,-0.978,-0.001,0.21,-0.002,1,-0.001,-0.21,-0.002,-0.978],"_humanoidState":5,"_cameraCFrame":[756.55,242.775,41.364,-0.999,-0.032,0.013,0,0.367,0.93,-0.034,0.93,-0.367],"_shiftlockState":true,"_pose":"FreeFall","_animationQueue":[],"_animationSpeed":1,"_zoom":10.864},{"_mousePosition":[683,384],"_rootPartCFrame":[757.899,231.41,45.393,-0.986,-0.001,0.167,-0.001,1,0,-0.167,0,-0.986],"_humanoidState":5,"_cameraCFrame":[756.146,242.995,41.354,-1,0,0,0,0.372,0.928,0.001,0.928,-0.372],"_shiftlockState":true,"_pose":"FreeFall","_animationQueue":[],"_animationSpeed":1,"_zoom":10.864},{"_mousePosition":[683,384],"_rootPartCFrame":[757.633,231.595,45.382,-0.991,0,0.132,0,1,0,-0.132,0,-0.991],"_humanoidState":5,"_cameraCFrame":[755.787,243.16,41.336,-1,0.022,-0.009,0,0.376,0.926,0.024,0.926,-0.376],"_shiftlockState":true,"_pose":"FreeFall","_animationQueue":[],"_animationSpeed":1,"_zoom":10.864},{"_mousePosition":[683,384],"_rootPartCFrame":[757.366,231.726,45.38,-0.994,0,0.11,0,1,0,-0.11,0,-0.994],"_humanoidState":5,"_cameraCFrame":[755.486,243.281,41.325,-0.999,0.03,-0.012,0,0.379,0.926,0.032,0.925,-0.378],"_shiftlockState":true,"_pose":"FreeFall","_animationQueue":[],"_animationSpeed":1,"_zoom":10.864},{"_mousePosition":[683,384],"_rootPartCFrame":[757.166,231.788,45.384,-0.998,0,0.068,0,1,0,-0.068,0,-0.998],"_humanoidState":5,"_cameraCFrame":[755.278,243.343,41.333,-0.999,0.031,-0.013,0,0.379,0.926,0.034,0.925,-0.378],"_shiftlockState":true,"_pose":"FreeFall","_animationQueue":[],"_animationSpeed":1,"_zoom":10.864},{"_mousePosition":[683,384],"_rootPartCFrame":[756.9,231.824,45.392,-0.995,0,0.099,0,1,0,-0.099,0,-0.995],"_humanoidState":5,"_cameraCFrame":[755.011,243.379,41.341,-0.999,0.031,-0.013,0,0.379,0.926,0.034,0.925,-0.378],"_shiftlockState":true,"_pose":"FreeFall","_animationQueue":[],"_animationSpeed":1,"_zoom":10.864},{"_mousePosition":[683,384],"_rootPartCFrame":[756.633,231.804,45.401,-0.995,0,0.099,0,1,0,-0.099,0,-0.995],"_humanoidState":5,"_cameraCFrame":[754.744,243.36,41.35,-0.999,0.031,-0.013,0,0.379,0.926,0.034,0.925,-0.378],"_shiftlockState":true,"_pose":"FreeFall","_animationQueue":[],"_animationSpeed":1,"_zoom":10.864},{"_mousePosition":[683,384],"_rootPartCFrame":[756.367,231.731,45.41,-0.995,0,0.099,0,1,0,-0.099,0,-0.995],"_humanoidState":5,"_cameraCFrame":[754.478,243.286,41.359,-0.999,0.031,-0.013,0,0.379,0.926,0.034,0.925,-0.378],"_shiftlockState":true,"_pose":"FreeFall","_animationQueue":[],"_animationSpeed":1,"_zoom":10.864},{"_mousePosition":[683,384],"_rootPartCFrame":[756.1,231.602,45.419,-0.995,0,0.099,0,1,0,-0.099,0,-0.995],"_humanoidState":5,"_cameraCFrame":[754.207,243.154,41.362,-0.999,0.032,-0.013,0,0.379,0.925,0.035,0.925,-0.379],"_shiftlockState":true,"_pose":"FreeFall","_animationQueue":[],"_animationSpeed":1,"_zoom":10.864},{"_mousePosition":[683,384],"_rootPartCFrame":[755.767,231.366,45.431,-0.991,0,0.131,0,1,0,-0.131,0,-0.991],"_humanoidState":5,"_cameraCFrame":[753.82,242.894,41.341,-0.999,0.044,-0.018,0,0.385,0.923,0.048,0.922,-0.384],"_shiftlockState":true,"_pose":"FreeFall","_animationQueue":[["fall",0.3]],"_animationSpeed":1,"_zoom":10.864},{"_mousePosition":[683,384],"_rootPartCFrame":[755.5,231.115,45.44,-0.996,0,0.086,0,1,0,-0.086,0,-0.996],"_humanoidState":5,"_cameraCFrame":[753.474,242.602,41.289,-0.998,0.06,-0.026,0,0.393,0.919,0.065,0.917,-0.393],"_shiftlockState":true,"_pose":"FreeFall","_animationQueue":[],"_animationSpeed":1,"_zoom":10.864},{"_mousePosition":[683,384],"_rootPartCFrame":[755.3,230.891,45.449,-0.999,0,0.035,0,1,0,-0.035,0,-0.999],"_humanoidState":5,"_cameraCFrame":[753.178,242.33,41.229,-0.996,0.079,-0.035,0,0.404,0.915,0.086,0.911,-0.402],"_shiftlockState":true,"_pose":"FreeFall","_animationQueue":[],"_animationSpeed":1,"_zoom":10.864},{"_mousePosition":[683,384],"_rootPartCFrame":[755.034,230.545,45.466,-0.999,0,0.047,0,1,0,-0.047,0,-0.999],"_humanoidState":5,"_cameraCFrame":[752.806,241.926,41.166,-0.994,0.098,-0.045,0,0.416,0.91,0.108,0.904,-0.413],"_shiftlockState":true,"_pose":"FreeFall","_animationQueue":[],"_animationSpeed":1,"_zoom":10.864},{"_mousePosition":[683,384],"_rootPartCFrame":[754.769,230.144,45.488,-1,0,0.025,0,1,0,-0.025,0,-1],"_humanoidState":5,"_cameraCFrame":[752.465,241.477,41.119,-0.992,0.111,-0.052,0,0.425,0.905,0.123,0.898,-0.422],"_shiftlockState":true,"_pose":"FreeFall","_animationQueue":[],"_animationSpeed":1,"_zoom":10.864},{"_mousePosition":[683,384],"_rootPartCFrame":[754.503,229.689,45.516,-1,0,0.01,0,1,0,-0.01,0,-1],"_humanoidState":5,"_cameraCFrame":[752.194,241.018,41.142,-0.992,0.112,-0.053,0,0.426,0.905,0.124,0.898,-0.423],"_shiftlockState":true,"_pose":"FreeFall","_animationQueue":[],"_animationSpeed":1,"_zoom":10.864},{"_mousePosition":[683,384],"_rootPartCFrame":[754.239,229.179,45.548,-1,0,0.009,0,1,0,-0.009,0,-1],"_humanoidState":5,"_cameraCFrame":[751.93,240.509,41.174,-0.992,0.112,-0.053,0,0.426,0.905,0.124,0.898,-0.423],"_shiftlockState":true,"_pose":"FreeFall","_animationQueue":[],"_animationSpeed":1,"_zoom":10.864},{"_mousePosition":[683,384],"_rootPartCFrame":[753.926,228.465,45.621,-1,0,0.016,0,1,0,-0.016,0,-1],"_humanoidState":5,"_cameraCFrame":[751.617,239.795,41.247,-0.992,0.112,-0.053,0,0.426,0.905,0.124,0.898,-0.423],"_shiftlockState":true,"_pose":"FreeFall","_animationQueue":[["fall",0.3]],"_animationSpeed":1,"_zoom":10.864},{"_mousePosition":[683,384],"_rootPartCFrame":[753.753,227.996,45.691,-0.999,0,-0.045,0,1,0,0.045,0,-0.999],"_humanoidState":5,"_cameraCFrame":[751.444,239.326,41.317,-0.992,0.112,-0.053,0,0.426,0.905,0.124,0.898,-0.423],"_shiftlockState":true,"_pose":"FreeFall","_animationQueue":[],"_animationSpeed":1,"_zoom":10.864},{"_mousePosition":[683,384],"_rootPartCFrame":[753.54,227.323,45.814,-1,0,-0.019,0,1,0,0.019,0,-1],"_humanoidState":5,"_cameraCFrame":[751.231,238.653,41.44,-0.992,0.112,-0.053,0,0.426,0.905,0.124,0.898,-0.423],"_shiftlockState":true,"_pose":"FreeFall","_animationQueue":[],"_animationSpeed":1,"_zoom":10.864},{"_mousePosition":[683,384],"_rootPartCFrame":[753.392,226.599,45.841,-1,0.001,-0.009,0.001,1,0,0.009,0,-1],"_humanoidState":5,"_cameraCFrame":[751.084,237.929,41.467,-0.992,0.112,-0.053,0,0.426,0.905,0.124,0.898,-0.423],"_shiftlockState":true,"_pose":"FreeFall","_animationQueue":[],"_animationSpeed":1,"_zoom":10.864},{"_mousePosition":[683,384],"_rootPartCFrame":[753.263,225.822,45.802,-1,0,-0.016,0,1,0,0.016,0,-1],"_humanoidState":5,"_cameraCFrame":[750.955,237.151,41.428,-0.992,0.112,-0.053,0,0.426,0.905,0.124,0.898,-0.423],"_shiftlockState":true,"_pose":"FreeFall","_animationQueue":[],"_animationSpeed":1,"_zoom":10.864},{"_mousePosition":[683,384],"_rootPartCFrame":[753.091,224.772,45.766,-1,0,0.008,0,1,0,-0.008,0,-1],"_humanoidState":5,"_cameraCFrame":[750.782,236.102,41.392,-0.992,0.112,-0.053,0,0.426,0.905,0.124,0.898,-0.423],"_shiftlockState":true,"_pose":"FreeFall","_animationQueue":[],"_animationSpeed":1,"_zoom":10.864},{"_mousePosition":[683,384],"_rootPartCFrame":[752.974,224.102,45.778,-0.999,0,-0.046,0,1,0,0.046,0,-0.999],"_humanoidState":5,"_cameraCFrame":[751.185,235.266,40.828,-1,0.007,-0.004,0,0.457,0.889,0.008,0.889,-0.457],"_shiftlockState":true,"_pose":"FreeFall","_animationQueue":[],"_animationSpeed":1,"_zoom":10.864},{"_mousePosition":[683,384],"_rootPartCFrame":[752.778,222.925,45.809,-0.996,0,0.088,-0.003,1,-0.025,-0.088,-0.025,-0.996],"_humanoidState":5,"_cameraCFrame":[753.525,233.788,40.04,-0.906,-0.365,0.215,0,0.507,0.862,-0.423,0.781,-0.459],"_shiftlockState":true,"_pose":"FreeFall","_animationQueue":[["fall",0.3]],"_animationSpeed":1,"_zoom":10.864},{"_mousePosition":[683,384],"_rootPartCFrame":[752.612,223.1,45.544,-0.927,0,0.375,-0.006,1,-0.015,-0.375,-0.016,-0.927],"_humanoidState":7,"_cameraCFrame":[756.636,233.941,41.32,-0.48,-0.754,0.448,0,0.511,0.86,-0.877,0.413,-0.245],"_shiftlockState":true,"_pose":"FreeFall","_animationQueue":[["walk",0.1],["fall",0.3],["fall",0.3]],"_animationSpeed":1,"_zoom":10.864},{"_mousePosition":[683,384],"_rootPartCFrame":[752.388,223.512,45.274,-0.481,0.005,0.877,0,1,-0.005,-0.877,-0.002,-0.481],"_humanoidState":7,"_cameraCFrame":[757.137,234.544,42.487,-0.205,-0.859,0.47,0,0.48,0.877,-0.979,0.18,-0.099],"_shiftlockState":true,"_pose":"FreeFall","_animationQueue":[],"_animationSpeed":1,"_zoom":10.864},{"_mousePosition":[683,384],"_rootPartCFrame":[752.207,223.772,45.302,-0.18,-0.003,0.984,0.008,1,0.004,-0.984,0.008,-0.18],"_humanoidState":7,"_cameraCFrame":[754.885,235.526,42.357,-0.372,-0.876,0.307,0,0.33,0.944,-0.928,0.351,-0.123],"_shiftlockState":true,"_pose":"FreeFall","_animationQueue":[],"_animationSpeed":1,"_zoom":10.864},{"_mousePosition":[683,384],"_rootPartCFrame":[751.959,224.119,45.246,-0.364,-0.001,0.931,0.001,1,0.001,-0.931,0.001,-0.364],"_humanoidState":8,"_cameraCFrame":[752.78,236.212,42.385,-0.616,-0.768,0.175,0,0.222,0.975,-0.788,0.6,-0.137],"_shiftlockState":true,"_pose":"Running","_animationQueue":[["walk",0.1],["fall",0.3],["walk",0.1]],"_animationSpeed":1.023,"_zoom":10.864},{"_mousePosition":[683,384],"_rootPartCFrame":[751.78,225.003,45.23,-0.614,0.001,0.789,-0.001,1,-0.002,-0.789,-0.002,-0.614],"_humanoidState":3,"_cameraCFrame":[752.145,237.124,42.373,-0.71,-0.688,0.148,0,0.21,0.978,-0.704,0.695,-0.149],"_shiftlockState":true,"_pose":"Jumping","_animationQueue":[["walk",0.1],["jump",0.1]],"_animationSpeed":1,"_zoom":10.864},{"_mousePosition":[683,384],"_rootPartCFrame":[751.604,225.852,45.19,-0.642,0,0.766,-0.001,1,-0.002,-0.766,-0.002,-0.642],"_humanoidState":5,"_cameraCFrame":[751.801,237.964,42.283,-0.757,-0.639,0.14,0,0.214,0.977,-0.654,0.739,-0.162],"_shiftlockState":true,"_pose":"FreeFall","_animationQueue":[["jump",0.1]],"_animationSpeed":1,"_zoom":10.864},{"_mousePosition":[683,384],"_rootPartCFrame":[751.425,226.647,45.11,-0.667,0,0.745,-0.001,1,0,-0.745,-0.001,-0.667],"_humanoidState":5,"_cameraCFrame":[751.378,238.753,42.179,-0.812,-0.57,0.126,0,0.216,0.976,-0.584,0.793,-0.176],"_shiftlockState":true,"_pose":"FreeFall","_animationQueue":[],"_animationSpeed":1,"_zoom":10.864},{"_mousePosition":[683,384],"_rootPartCFrame":[751.239,227.387,44.992,-0.727,0,0.686,0,1,0,-0.686,0,-0.727],"_humanoidState":5,"_cameraCFrame":[750.994,239.482,42.03,-0.854,-0.507,0.115,0,0.221,0.975,-0.52,0.833,-0.189],"_shiftlockState":true,"_pose":"FreeFall","_animationQueue":[],"_animationSpeed":1,"_zoom":10.864},{"_mousePosition":[683,384],"_rootPartCFrame":[751.085,227.906,44.883,-0.798,0,0.603,0,1,0,-0.603,0,-0.798],"_humanoidState":5,"_cameraCFrame":[750.686,239.988,41.888,-0.884,-0.454,0.106,0,0.227,0.974,-0.467,0.861,-0.2],"_shiftlockState":true,"_pose":"FreeFall","_animationQueue":[],"_animationSpeed":1,"_zoom":10.864},{"_mousePosition":[683,384],"_rootPartCFrame":[750.804,228.704,44.707,-0.795,0,0.607,0,1,0,-0.607,0,-0.795],"_humanoidState":5,"_cameraCFrame":[750.279,240.773,41.689,-0.906,-0.411,0.098,0,0.231,0.973,-0.422,0.882,-0.21],"_shiftlockState":true,"_pose":"FreeFall","_animationQueue":[],"_animationSpeed":1,"_zoom":10.864},{"_mousePosition":[683,384],"_rootPartCFrame":[750.628,229.142,44.611,-0.86,0,0.511,0,1,0,-0.511,0,-0.86],"_humanoidState":5,"_cameraCFrame":[749.93,241.194,41.571,-0.932,-0.351,0.086,0,0.238,0.971,-0.362,0.906,-0.222],"_shiftlockState":true,"_pose":"FreeFall","_animationQueue":[],"_animationSpeed":1,"_zoom":10.864},{"_mousePosition":[683,384],"_rootPartCFrame":[750.327,229.803,44.468,-0.859,0,0.511,0,1,0,-0.511,0,-0.859],"_humanoidState":5,"_cameraCFrame":[749.457,241.839,41.414,-0.953,-0.292,0.074,0,0.244,0.97,-0.302,0.925,-0.233],"_shiftlockState":true,"_pose":"FreeFall","_animationQueue":[],"_animationSpeed":1,"_zoom":10.864},{"_mousePosition":[683,384],"_rootPartCFrame":[750.079,230.271,44.369,-0.905,0,0.426,0,1,0,-0.426,0,-0.905],"_humanoidState":5,"_cameraCFrame":[749.065,242.289,41.3,-0.968,-0.242,0.063,0,0.25,0.968,-0.25,0.937,-0.242],"_shiftlockState":true,"_pose":"FreeFall","_animationQueue":[],"_animationSpeed":1,"_zoom":10.864},{"_mousePosition":[683,384],"_rootPartCFrame":[749.826,230.684,44.286,-0.926,0,0.377,0,1,0,-0.377,0,-0.926],"_humanoidState":5,"_cameraCFrame":[748.696,242.687,41.204,-0.978,-0.203,0.054,0,0.256,0.967,-0.209,0.945,-0.25],"_shiftlockState":true,"_pose":"FreeFall","_animationQueue":[],"_animationSpeed":1,"_zoom":10.864},{"_mousePosition":[683,384],"_rootPartCFrame":[749.633,230.958,44.234,-0.952,0,0.306,0,1,0,-0.306,0,-0.952],"_humanoidState":5,"_cameraCFrame":[748.374,242.948,41.156,-0.986,-0.16,0.043,0,0.26,0.966,-0.165,0.952,-0.257],"_shiftlockState":true,"_pose":"FreeFall","_animationQueue":[],"_animationSpeed":1,"_zoom":10.864},{"_mousePosition":[683,384],"_rootPartCFrame":[749.307,231.347,44.162,-0.945,0,0.326,0,1,0,-0.326,0,-0.945],"_humanoidState":5,"_cameraCFrame":[747.939,243.318,41.068,-0.992,-0.122,0.034,0,0.266,0.964,-0.127,0.956,-0.264],"_shiftlockState":true,"_pose":"FreeFall","_animationQueue":[],"_animationSpeed":1,"_zoom":10.864},{"_mousePosition":[683,384],"_rootPartCFrame":[749.045,231.597,44.116,-0.966,0,0.258,0,1,0,-0.258,0,-0.966],"_humanoidState":5,"_cameraCFrame":[747.579,243.551,41.011,-0.996,-0.09,0.025,0,0.272,0.962,-0.094,0.958,-0.271],"_shiftlockState":true,"_pose":"FreeFall","_animationQueue":[],"_animationSpeed":1,"_zoom":10.864},{"_mousePosition":[683,384],"_rootPartCFrame":[748.78,231.792,44.081,-0.974,0,0.225,0,1,0,-0.225,0,-0.974],"_humanoidState":5,"_cameraCFrame":[747.244,243.73,40.953,-0.998,-0.067,0.019,0,0.277,0.961,-0.07,0.958,-0.277],"_shiftlockState":true,"_pose":"FreeFall","_animationQueue":[],"_animationSpeed":1,"_zoom":10.864},{"_mousePosition":[683,384],"_rootPartCFrame":[748.515,231.933,44.055,-0.979,0,0.202,0,1,0,-0.202,0,-0.979],"_humanoidState":5,"_cameraCFrame":[746.917,243.853,40.901,-0.999,-0.047,0.014,0,0.283,0.959,-0.049,0.958,-0.282],"_shiftlockState":true,"_pose":"FreeFall","_animationQueue":[],"_animationSpeed":1,"_zoom":10.864},{"_mousePosition":[683,384],"_rootPartCFrame":[748.249,232.019,44.035,-0.983,0,0.181,0,1,0,-0.181,0,-0.983],"_humanoidState":5,"_cameraCFrame":[746.59,243.92,40.847,-1,-0.028,0.008,0,0.289,0.957,-0.029,0.957,-0.289],"_shiftlockState":true,"_pose":"FreeFall","_animationQueue":[["fall",0.3]],"_animationSpeed":1,"_zoom":10.864},{"_mousePosition":[683,384],"_rootPartCFrame":[747.983,232.051,44.021,-0.987,0,0.161,0,1,0,-0.161,0,-0.987],"_humanoidState":5,"_cameraCFrame":[746.258,243.928,40.793,-1,-0.008,0.002,0,0.296,0.955,-0.008,0.955,-0.296],"_shiftlockState":true,"_pose":"FreeFall","_animationQueue":[],"_animationSpeed":1,"_zoom":10.864},{"_mousePosition":[683,384],"_rootPartCFrame":[747.716,232.028,44.013,-0.99,0,0.141,0,1,0,-0.141,0,-0.99],"_humanoidState":5,"_cameraCFrame":[745.923,243.879,40.738,-1,0.012,-0.004,0,0.304,0.953,0.013,0.953,-0.304],"_shiftlockState":true,"_pose":"FreeFall","_animationQueue":[],"_animationSpeed":1,"_zoom":10.864},{"_mousePosition":[683,384],"_rootPartCFrame":[747.45,231.951,44.01,-0.993,0,0.12,0,1,0,-0.12,0,-0.993],"_humanoidState":5,"_cameraCFrame":[745.569,243.778,40.708,-0.999,0.037,-0.012,0,0.311,0.951,0.039,0.95,-0.31],"_shiftlockState":true,"_pose":"FreeFall","_animationQueue":[],"_animationSpeed":1,"_zoom":10.864},{"_mousePosition":[683,384],"_rootPartCFrame":[747.25,231.857,44.012,-0.998,0,0.061,0,1,0,-0.061,0,-0.998],"_humanoidState":5,"_cameraCFrame":[745.284,243.654,40.665,-0.998,0.06,-0.02,0,0.319,0.948,0.063,0.946,-0.318],"_shiftlockState":true,"_pose":"FreeFall","_animationQueue":[],"_animationSpeed":1,"_zoom":10.864},{"_mousePosition":[683,384],"_rootPartCFrame":[746.932,231.633,44.05,-0.997,0,0.08,0,1,0,-0.08,0,-0.997],"_humanoidState":5,"_cameraCFrame":[744.905,243.407,40.67,-0.997,0.076,-0.026,0,0.325,0.946,0.08,0.943,-0.324],"_shiftlockState":true,"_pose":"FreeFall","_animationQueue":[],"_animationSpeed":1,"_zoom":10.864},{"_mousePosition":[683,384],"_rootPartCFrame":[746.696,231.392,44.121,-1,0,0.028,0,1,0,-0.028,0,-1],"_humanoidState":5,"_cameraCFrame":[744.609,243.14,40.699,-0.995,0.09,-0.032,0,0.332,0.943,0.096,0.939,-0.33],"_shiftlockState":true,"_pose":"FreeFall","_animationQueue":[],"_animationSpeed":1,"_zoom":10.864},{"_mousePosition":[683,384],"_rootPartCFrame":[746.53,231.176,44.198,-1,0,-0.016,0,1,0,0.016,0,-1],"_humanoidState":5,"_cameraCFrame":[744.384,242.883,40.69,-0.994,0.103,-0.037,0,0.343,0.94,0.109,0.934,-0.34],"_shiftlockState":true,"_pose":"FreeFall