[{"_mousePosition":[1238,382],"_rootPartCFrame":[776.034,222.963,47.142,-0.002,-0.007,1,0,1,0.007,-1,0,-0.002],"_humanoidState":8,"_cameraCFrame":[775.091,233.613,39.499,-0.993,0.093,-0.078,0,0.644,0.765,0.121,0.76,-0.639],"_shiftlockState":false,"_pose":"Standing","_animationQueue":[],"_animationSpeed":1,"_zoom":11.959},{"_mousePosition":[1297,393],"_rootPartCFrame":[775.864,222.874,47.163,-0.014,-0.002,1,0,1,0.002,-1,0,-0.014],"_humanoidState":8,"_cameraCFrame":[774.928,233.525,39.52,-0.993,0.093,-0.078,0,0.644,0.765,0.121,0.76,-0.639],"_shiftlockState":false,"_pose":"Standing","_animationQueue":[],"_animationSpeed":1,"_zoom":11.959},{"_mousePosition":[1302,394],"_rootPartCFrame":[775.601,222.725,47.195,-0.028,0,1,0,1,0,-1,0,-0.028],"_humanoidState":8,"_cameraCFrame":[774.669,233.375,39.552,-0.993,0.093,-0.078,0,0.644,0.765,0.121,0.76,-0.639],"_shiftlockState":false,"_pose":"Running","_animationQueue":[["walk",0.1]],"_animationSpeed":1,"_zoom":11.959},{"_mousePosition":[1365,419],"_rootPartCFrame":[775.336,222.613,47.227,-0.041,0,0.999,0,1,0,-0.999,0,-0.041],"_humanoidState":8,"_cameraCFrame":[774.404,233.263,39.584,-0.993,0.093,-0.078,0,0.644,0.765,0.121,0.76,-0.639],"_shiftlockState":false,"_pose":"Running","_animationQueue":[["walk",0.1]],"_animationSpeed":1.104,"_zoom":11.959},{"_mousePosition":[1365,420],"_rootPartCFrame":[775.071,222.637,47.259,-0.052,0,0.999,0,1,0,-0.999,0,-0.052],"_humanoidState":8,"_cameraCFrame":[774.138,233.287,39.616,-0.993,0.093,-0.078,0,0.644,0.765,0.121,0.76,-0.639],"_shiftlockState":false,"_pose":"Running","_animationQueue":[["walk",0.1]],"_animationSpeed":1.104,"_zoom":11.959},{"_mousePosition":[1365,438],"_rootPartCFrame":[774.807,222.663,47.292,-0.061,0,0.998,0,1,0,-0.998,0,-0.061],"_humanoidState":8,"_cameraCFrame":[773.874,233.314,39.649,-0.993,0.093,-0.078,0,0.644,0.765,0.121,0.76,-0.639],"_shiftlockState":false,"_pose":"Running","_animationQueue":[],"_animationSpeed":1.104,"_zoom":11.959},{"_mousePosition":[1365,439],"_rootPartCFrame":[774.542,222.68,47.324,-0.069,0,0.998,0,1,0,-0.998,0,-0.069],"_humanoidState":8,"_cameraCFrame":[771.872,233.33,39.893,-0.993,0.093,-0.078,0,0.644,0.765,0.121,0.76,-0.639],"_shiftlockState":true,"_pose":"Running","_animationQueue":[],"_animationSpeed":1.104,"_zoom":11.959},{"_mousePosition":[683,384],"_rootPartCFrame":[774.211,222.691,47.364,-0.975,0,-0.222,0,1,0,0.222,0,-0.975],"_humanoidState":8,"_cameraCFrame":[771.541,233.341,39.933,-0.993,0.093,-0.078,0,0.644,0.765,0.121,0.76,-0.639],"_shiftlockState":true,"_pose":"Running","_animationQueue":[],"_animationSpeed":1.104,"_zoom":11.959},{"_mousePosition":[683,384],"_rootPartCFrame":[774.013,222.694,47.389,-0.989,0,-0.146,0,1,0,0.146,0,-0.989],"_humanoidState":8,"_cameraCFrame":[771.712,233.35,39.843,-0.997,0.055,-0.046,0,0.643,0.766,0.072,0.764,-0.642],"_shiftlockState":true,"_pose":"Running","_animationQueue":[],"_animationSpeed":1.104,"_zoom":11.959},{"_mousePosition":[683,384],"_rootPartCFrame":[773.748,222.697,47.421,-0.997,0,-0.077,0,1,0,0.077,0,-0.997],"_humanoidState":8,"_cameraCFrame":[771.895,233.445,39.864,-1,0.011,-0.009,0,0.634,0.773,0.014,0.773,-0.634],"_shiftlockState":true,"_pose":"Running","_animationQueue":[],"_animationSpeed":1.104,"_zoom":11.959},{"_mousePosition":[683,384],"_rootPartCFrame":[773.482,222.698,47.442,-1,0,-0.014,0,1,0,0.014,0,-1],"_humanoidState":8,"_cameraCFrame":[771.709,233.483,39.911,-1,0.002,-0.002,0,0.63,0.776,0.003,0.776,-0.63],"_shiftlockState":true,"_pose":"Running","_animationQueue":[],"_animationSpeed":1.104,"_zoom":11.959},{"_mousePosition":[683,384],"_rootPartCFrame":[773.216,222.699,47.448,-1,0,-0.003,0,1,0,0.003,0,-1],"_humanoidState":8,"_cameraCFrame":[771.442,233.484,39.917,-1,0.002,-0.002,0,0.63,0.776,0.003,0.776,-0.63],"_shiftlockState":true,"_pose":"Running","_animationQueue":[["walk",0.1]],"_animationSpeed":1.104,"_zoom":11.959},{"_mousePosition":[683,384],"_rootPartCFrame":[772.949,222.699,47.449,-1,0,-0.003,0,1,0,0.003,0,-1],"_humanoidState":8,"_cameraCFrame":[771.176,233.485,39.919,-1,0.002,-0.002,0,0.63,0.776,0.003,0.776,-0.63],"_shiftlockState":true,"_pose":"Running","_animationQueue":[],"_animationSpeed":1.104,"_zoom":11.959},{"_mousePosition":[683,384],"_rootPartCFrame":[772.683,222.699,47.45,-1,0,-0.003,0,1,0,0.003,0,-1],"_humanoidState":8,"_cameraCFrame":[770.909,233.485,39.919,-1,0.002,-0.002,0,0.63,0.776,0.003,0.776,-0.63],"_shiftlockState":true,"_pose":"Running","_animationQueue":[],"_animationSpeed":1.104,"_zoom":11.959},{"_mousePosition":[683,384],"_rootPartCFrame":[772.416,222.7,47.451,-1,0,-0.003,0,1,0,0.003,0,-1],"_humanoidState":8,"_cameraCFrame":[770.642,233.485,39.92,-1,0.002,-0.002,0,0.63,0.776,0.003,0.776,-0.63],"_shiftlockState":true,"_pose":"Running","_animationQueue":[],"_animationSpeed":1.104,"_zoom":11.959},{"_mousePosition":[683,384],"_rootPartCFrame":[772.149,222.7,47.452,-1,0,-0.003,0,1,0,0.003,0,-1],"_humanoidState":8,"_cameraCFrame":[770.376,233.485,39.921,-1,0.002,-0.002,0,0.63,0.776,0.003,0.776,-0.63],"_shiftlockState":true,"_pose":"Running","_animationQueue":[],"_animationSpeed":1.104,"_zoom":11.959},{"_mousePosition":[683,384],"_rootPartCFrame":[771.883,222.7,47.453,-1,0,-0.003,0,1,0,0.003,0,-1],"_humanoidState":8,"_cameraCFrame":[770.109,233.485,39.922,-1,0.002,-0.002,0,0.63,0.776,0.003,0.776,-0.63],"_shiftlockState":true,"_pose":"Running","_animationQueue":[],"_animationSpeed":1.104,"_zoom":11.959},{"_mousePosition":[683,384],"_rootPartCFrame":[771.616,222.7,47.454,-1,0,-0.003,0,1,0,0.003,0,-1],"_humanoidState":8,"_cameraCFrame":[769.843,233.485,39.923,-1,0.002,-0.002,0,0.63,0.776,0.003,0.776,-0.63],"_shiftlockState":true,"_pose":"Running","_animationQueue":[["walk",0.1]],"_animationSpeed":1.104,"_zoom":11.959},{"_mousePosition":[683,384],"_rootPartCFrame":[771.35,222.7,47.455,-1,0,-0.003,0,1,0,0.003,0,-1],"_humanoidState":8,"_cameraCFrame":[769.576,233.485,39.924,-1,0.002,-0.002,0,0.63,0.776,0.003,0.776,-0.63],"_shiftlockState":true,"_pose":"Running","_animationQueue":[],"_animationSpeed":1.104,"_zoom":11.959},{"_mousePosition":[683,384],"_rootPartCFrame":[771.083,223.563,47.455,-1,0,-0.003,0,1,0,0.003,0,-1],"_humanoidState":3,"_cameraCFrame":[769.309,234.348,39.924,-1,0.002,-0.002,0,0.63,0.776,0.003,0.776,-0.63],"_shiftlockState":true,"_pose":"Jumping","_animationQueue":[["walk",0.1],["jump",0.1]],"_animationSpeed":1,"_zoom":11.959},{"_mousePosition":[683,384],"_rootPartCFrame":[770.816,224.371,47.456,-0.996,0,0.089,0,1,0,-0.089,0,-0.996],"_humanoidState":5,"_cameraCFrame":[769.043,235.156,39.925,-1,0.002,-0.002,0,0.63,0.776,0.003,0.776,-0.63],"_shiftlockState":true,"_pose":"FreeFall","_animationQueue":[["jump",0.1]],"_animationSpeed":1,"_zoom":11.959},{"_mousePosition":[683,384],"_rootPartCFrame":[770.55,225.125,47.457,-0.992,0,0.125,0,1,0,-0.125,0,-0.992],"_humanoidState":5,"_cameraCFrame":[768.776,235.91,39.926,-1,0.002,-0.002,0,0.63,0.776,0.003,0.776,-0.63],"_shiftlockState":true,"_pose":"FreeFall","_animationQueue":[],"_animationSpeed":1,"_zoom":11.959},{"_mousePosition":[683,384],"_rootPartCFrame":[770.283,225.824,47.458,-0.992,0,0.129,0,1,0,-0.129,0,-0.992],"_humanoidState":5,"_cameraCFrame":[768.51,236.61,39.927,-1,0.002,-0.002,0,0.63,0.776,0.003,0.776,-0.63],"_shiftlockState":true,"_pose":"FreeFall","_animationQueue":[],"_animationSpeed":1,"_zoom":11.959},{"_mousePosition":[683,384],"_rootPartCFrame":[770.017,226.469,47.459,-0.992,0,0.13,0,1,0,-0.13,0,-0.992],"_humanoidState":5,"_cameraCFrame":[768.243,237.255,39.928,-1,0.002,-0.002,0,0.63,0.776,0.003,0.776,-0.63],"_shiftlockState":true,"_pose":"FreeFall","_animationQueue":[],"_animationSpeed":1,"_zoom":11.959},{"_mousePosition":[683,384],"_rootPartCFrame":[769.75,227.059,47.46,-0.992,0,0.13,0,1,0,-0.13,0,-0.992],"_humanoidState":5,"_cameraCFrame":[768.311,237.959,39.999,-0.999,-0.033,0.026,0,0.618,0.786,-0.042,0.785,-0.618],"_shiftlockState":true,"_pose":"FreeFall","_animationQueue":[],"_animationSpeed":1,"_zoom":11.959},{"_mousePosition":[683,384],"_rootPartCFrame":[769.483,227.595,47.46,-0.985,0,0.174,0,1,0,-0.174,0,-0.985],"_humanoidState":5,"_cameraCFrame":[768.848,238.654,40.091,-0.988,-0.122,0.092,0,0.601,0.799,-0.152,0.79,-0.594],"_shiftlockState":true,"_pose":"FreeFall","_animationQueue":[],"_animationSpeed":1,"_zoom":11.959},{"_mousePosition":[683,384],"_rootPartCFrame":[769.15,228.189,47.448,-0.949,0,0.314,0,1,0,-0.314,0,-0.949],"_humanoidState":5,"_cameraCFrame":[769.5,239.362,40.21,-0.958,-0.233,0.169,0,0.588,0.809,-0.288,0.775,-0.563],"_shiftlockState":true,"_pose":"FreeFall","_animationQueue":[],"_animationSpeed":1,"_zoom":11.959},{"_mousePosition":[683,384],"_rootPartCFrame":[768.952,228.504,47.426,-0.924,0,0.382,0,1,0,-0.382,0,-0.924],"_humanoidState":5,"_cameraCFrame":[770.268,239.75,40.401,-0.908,-0.342,0.243,0,0.579,0.815,-0.419,0.74,-0.526],"_shiftlockState":true,"_pose":"FreeFall","_animationQueue":[],"_animationSpeed":1,"_zoom":11.959},{"_mousePosition":[683,384],"_rootPartCFrame":[768.693,228.876,47.366,-0.844,0,0.536,0,1,0,-0.536,0,-0.844],"_humanoidState":5,"_cameraCFrame":[770.863,240.173,40.627,-0.847,-0.436,0.305,0,0.574,0.819,-0.532,0.693,-0.486],"_shiftlockState":true,"_pose":"FreeFall","_animationQueue":[],"_animationSpeed":1,"_zoom":11.959},{"_mousePosition":[683,384],"_rootPartCFrame":[768.384,229.265,47.242,-0.747,0,0.665,0,1,0,-0.665,0,-0.747],"_humanoidState":5,"_cameraCFrame":[770.906,240.567,40.636,-0.817,-0.473,0.33,0,0.573,0.82,-0.577,0.67,-0.468],"_shiftlockState":true,"_pose":"FreeFall","_animationQueue":[],"_animationSpeed":1,"_zoom":11.959},{"_mousePosition":[683,384],"_rootPartCFrame":[768.209,229.457,47.147,-0.755,0,0.655,0,1,0,-0.655,0,-0.755],"_humanoidState":5,"_cameraCFrame":[770.83,240.765,40.587,-0.808,-0.483,0.337,0,0.572,0.82,-0.589,0.662,-0.462],"_shiftlockState":true,"_pose":"FreeFall","_animationQueue":[],"_animationSpeed":1,"_zoom":11.959},{"_mousePosition":[683,384],"_rootPartCFrame":[767.989,229.666,46.996,-0.722,0,0.692,0,1,0,-0.692,0,-0.722],"_humanoidState":5,"_cameraCFrame":[770.582,240.974,40.426,-0.81,-0.481,0.335,0,0.572,0.82,-0.586,0.664,-0.464],"_shiftlockState":true,"_pose":"FreeFall","_animationQueue":[],"_animationSpeed":1,"_zoom":11.959},{"_mousePosition":[683,384],"_rootPartCFrame":[767.773,229.821,46.84,-0.725,0,0.689,0,1,0,-0.689,0,-0.725],"_humanoidState":5,"_cameraCFrame":[770.249,241.128,40.224,-0.821,-0.469,0.327,0,0.572,0.82,-0.572,0.673,-0.47],"_shiftlockState":true,"_pose":"FreeFall","_animationQueue":[],"_animationSpeed":1,"_zoom":11.959},{"_mousePosition":[683,384],"_rootPartCFrame":[767.557,229.921,46.683,-0.737,0,0.676,0,1,0,-0.676,0,-0.737],"_humanoidState":5,"_cameraCFrame":[769.733,241.228,39.963,-0.845,-0.438,0.306,0,0.572,0.82,-0.534,0.693,-0.484],"_shiftlockState":true,"_pose":"FreeFall","_animationQueue":[],"_animationSpeed":1,"_zoom":11.959},{"_mousePosition":[683,384],"_rootPartCFrame":[767.339,229.966,46.53,-0.767,0,0.642,0,1,0,-0.642,0,-0.767],"_humanoidState":5,"_cameraCFrame":[769.07,241.257,39.659,-0.879,-0.39,0.273,0,0.574,0.819,-0.476,0.72,-0.505],"_shiftlockState":true,"_pose":"FreeFall","_animationQueue":[],"_animationSpeed":1,"_zoom":11.959},{"_mousePosition":[683,384],"_rootPartCFrame":[767.114,229.957,46.386,-0.808,0,0.589,0,1,0,-0.589,0,-0.808],"_humanoidState":5,"_cameraCFrame":[768.165,241.203,39.316,-0.923,-0.313,0.223,0,0.579,0.815,-0.385,0.752,-0.535],"_shiftlockState":true,"_pose":"FreeFall","_animationQueue":[],"_animationSpeed":1,"_zoom":11.959},{"_mousePosition":[683,384],"_rootPartCFrame":[766.882,229.893,46.257,-0.864,0,0.504,0,1,0,-0.504,0,-0.864],"_humanoidState":5,"_cameraCFrame":[767.157,241.1,39.061,-0.96,-0.227,0.164,0,0.584,0.812,-0.28,0.779,-0.561],"_shiftlockState":true,"_pose":"FreeFall","_animationQueue":[],"_animationSpeed":1,"_zoom":11.959},{"_mousePosition":[683,384],"_rootPartCFrame":[766.639,229.775,46.148,-0.914,0,0.405,0,1,0,-0.405,0,-0.914],"_humanoidState":5,"_cameraCFrame":[766.254,240.971,38.942,-0.982,-0.154,0.112,0,0.585,0.811,-0.19,0.796,-0.575],"_shiftlockState":true,"_pose":"FreeFall","_animationQueue":[["fall",0.3]],"_animationSpeed":1,"_zoom":11.959},{"_mousePosition":[683,384],"_rootPartCFrame":[766.322,229.551,46.045,-0.937,0,0.351,0,1,0,-0.351,0,-0.937],"_humanoidState":5,"_cameraCFrame":[765.481,240.775,38.917,-0.992,-0.104,0.075,0,0.582,0.813,-0.128,0.806,-0.577],"_shiftlockState":true,"_pose":"FreeFall","_animationQueue":[],"_animationSpeed":1,"_zoom":11.959},{"_mousePosition":[683,384],"_rootPartCFrame":[766.127,229.375,46.002,-0.974,0,0.227,0,1,0,-0.227,0,-0.974],"_humanoidState":5,"_cameraCFrame":[764.957,240.605,38.927,-0.997,-0.067,0.048,0,0.581,0.814,-0.083,0.811,-0.579],"_shiftlockState":true,"_pose":"FreeFall","_animationQueue":[],"_animationSpeed":1,"_zoom":11.959},{"_mousePosition":[683,384],"_rootPartCFrame":[765.863,229.094,45.964,-0.977,0,0.214,0,1,0,-0.214,0,-0.977],"_humanoidState":5,"_cameraCFrame":[764.539,240.312,38.901,-0.998,-0.049,0.035,0,0.583,0.813,-0.061,0.811,-0.582],"_shiftlockState":true,"_pose":"FreeFall","_animationQueue":[],"_animationSpeed":1,"_zoom":11.959},{"_mousePosition":[683,384],"_rootPartCFrame":[765.597,228.758,45.94,-0.981,0,0.193,0,1,0,-0.193,0,-0.981],"_humanoidState":5,"_cameraCFrame":[764.194,239.959,38.87,-0.999,-0.04,0.029,0,0.585,0.811,-0.049,0.81,-0.584],"_shiftlockState":true,"_pose":"FreeFall","_animationQueue":[],"_animationSpeed":1,"_zoom":11.959},{"_mousePosition":[683,384],"_rootPartCFrame":[765.331,228.367,45.923,-0.983,0,0.181,0,1,0,-0.181,0,-0.983],"_humanoidState":5,"_cameraCFrame":[763.913,239.563,38.848,-0.999,-0.038,0.028,0,0.585,0.811,-0.047,0.81,-0.585],"_shiftlockState":true,"_pose":"FreeFall","_animationQueue":[],"_animationSpeed":1,"_zoom":11.959},{"_mousePosition":[683,384],"_rootPartCFrame":[765.065,227.922,45.909,-0.984,0,0.179,0,1,0,-0.179,0,-0.984],"_humanoidState":5,"_cameraCFrame":[763.647,239.118,38.834,-0.999,-0.038,0.028,0,0.585,0.811,-0.047,0.81,-0.585],"_shiftlockState":true,"_pose":"FreeFall","_animationQueue":[],"_animationSpeed":1,"_zoom":11.959},{"_mousePosition":[683,384],"_rootPartCFrame":[764.799,227.422,45.897,-0.984,0,0.179,0,1,0,-0.179,0,-0.984],"_humanoidState":5,"_cameraCFrame":[763.38,238.618,38.821,-0.999,-0.038,0.028,0,0.585,0.811,-0.047,0.81,-0.585],"_shiftlockState":true,"_pose":"FreeFall","_animationQueue":[["fall",0.3]],"_animationSpeed":1,"_zoom":11.959},{"_mousePosition":[683,384],"_rootPartCFrame":[764.532,226.868,45.884,-0.984,0,0.179,0,1,0,-0.179,0,-0.984],"_humanoidState":5,"_cameraCFrame":[763.114,238.064,38.809,-0.999,-0.038,0.028,0,0.585,0.811,-0.047,0.81,-0.585],"_shiftlockState":true,"_pose":"FreeFall","_animationQueue":[],"_animationSpeed":1,"_zoom":11.959},{"_mousePosition":[683,384],"_rootPartCFrame":[764.266,226.26,45.872,-0.984,0,0.179,0,1,0,-0.179,0,-0.984],"_humanoidState":5,"_cameraCFrame":[762.848,237.456,38.796,-0.999,-0.038,0.028,0,0.585,0.811,-0.047,0.81,-0.585],"_shiftlockState":true,"_pose":"FreeFall","_animationQueue":[],"_animationSpeed":1,"_zoom":11.959},{"_mousePosition":[683,384],"_rootPartCFrame":[764,225.597,45.859,-0.984,0,0.179,0,1,0,-0.179,0,-0.984],"_humanoidState":5,"_cameraCFrame":[762.581,236.792,38.784,-0.999,-0.038,0.028,0,0.585,0.811,-0.047,0.81,-0.585],"_shiftlockState":true,"_pose":"FreeFall","_animationQueue":[],"_animationSpeed":1,"_zoom":11.959},{"_mousePosition":[683,384],"_rootPartCFrame":[763.733,224.879,45.846,-0.984,0,0.179,0,1,0,-0.179,0,-0.984],"_humanoidState":5,"_cameraCFrame":[762.329,236.08,38.776,-0.999,-0.04,0.029,0,0.585,0.811,-0.049,0.81,-0.584],"_shiftlockState":true,"_pose":"FreeFall","_animationQueue":[],"_animationSpeed":1,"_zoom":11.959},{"_mousePosition":[683,384],"_rootPartCFrame":[763.467,224.107,45.834,-0.996,0,0.084,0,1,0,-0.084,0,-0.996],"_humanoidState":7,"_cameraCFrame":[762.076,235.336,38.8,-0.999,-0.042,0.03,0,0.581,0.814,-0.051,0.813,-0.581],"_shiftlockState":true,"_pose":"FreeFall","_animationQueue":[["walk",0.1],["fall",0.3],["fall",0.3]],"_animationSpeed":1,"_zoom":11.959},{"_mousePosition":[683,384],"_rootPartCFrame":[763.134,223.97,45.818,-0.999,0,0.054,0,1,0,-0.054,0,-0.999],"_humanoidState":7,"_cameraCFrame":[761.74,235.244,38.846,-0.999,-0.042,0.03,0,0.576,0.817,-0.051,0.816,-0.575],"_shiftlockState":true,"_pose":"FreeFall","_animationQueue":[["fall",0.3]],"_animationSpeed":1,"_zoom":11.959},{"_mousePosition":[683,384],"_rootPartCFrame":[762.868,224.056,45.804,-0.999,0,0.051,0,1,0,-0.051,0,-0.999],"_humanoidState":8,"_cameraCFrame":[761.473,235.33,38.833,-0.999,-0.042,0.03,0,0.576,0.817,-0.051,0.816,-0.575],"_shiftlockState":true,"_pose":"Running","_animationQueue":[["walk",0.1],["fall",0.3],["walk",0.1]],"_animationSpeed":1.103,"_zoom":11.959},{"_mousePosition":[683,384],"_rootPartCFrame":[762.601,224.929,45.79,-0.999,0,0.051,0,1,0,-0.051,0,-0.999],"_humanoidState":3,"_cameraCFrame":[761.207,236.203,38.819,-0.999,-0.042,0.03,0,0.576,0.817,-0.051,0.816,-0.575],"_shiftlockState":true,"_pose":"Jumping","_animationQueue":[["walk",0.1],["jump",0.1]],"_animationSpeed":1,"_zoom":11.959},{"_mousePosition":[683,384],"_rootPartCFrame":[762.335,225.751,45.777,-0.99,0,0.143,0,1,0,-0.143,0,-0.99],"_humanoidState":5,"_cameraCFrame":[760.941,237.025,38.805,-0.999,-0.042,0.03,0,0.576,0.817,-0.051,0.816,-0.575],"_shiftlockState":true,"_pose":"FreeFall","_animationQueue":[["jump",0.1]],"_animationSpeed":1,"_zoom":11.959},{"_mousePosition":[683,384],"_rootPartCFrame":[762.068,226.519,45.763,-0.984,0,0.179,0,1,0,-0.179,0,-0.984],"_humanoidState":5,"_cameraCFrame":[760.674,237.793,38.792,-0.999,-0.042,0.03,0,0.576,0.817,-0.051,0.816,-0.575],"_shiftlockState":true,"_pose":"FreeFall","_animationQueue":[],"_animationSpeed":1,"_zoom":11.959},{"_mousePosition":[683,384],"_rootPartCFrame":[761.802,227.232,45.749,-0.983,0,0.183,0,1,0,-0.183,0,-0.983],"_humanoidState":5,"_cameraCFrame":[760.408,238.506,38.778,-0.999,-0.042,0.03,0,0.576,0.817,-0.051,0.816,-0.575],"_shiftlockState":true,"_pose":"FreeFall","_animationQueue":[],"_animationSpeed":1,"_zoom":11.959},{"_mousePosition":[683,384],"_rootPartCFrame":[761.536,227.89,45.736,-0.983,0,0.183,0,1,0,-0.183,0,-0.983],"_humanoidState":5,"_cameraCFrame":[760.142,239.165,38.764,-0.999,-0.042,0.03,0,0.576,0.817,-0.051,0.816,-0.575],"_shiftlockState":true,"_pose":"FreeFall","_animationQueue":[],"_animationSpeed":1,"_zoom":11.959},{"_mousePosition":[683,384],"_rootPartCFrame":[761.269,228.494,45.722,-0.983,0,0.184,0,1,0,-0.184,0,-0.983],"_humanoidState":5,"_cameraCFrame":[759.875,239.769,38.75,-0.999,-0.042,0.03,0,0.576,0.817,-0.051,0.816,-0.575],"_shiftlockState":true,"_pose":"FreeFall","_animationQueue":[],"_animationSpeed":1,"_zoom":11.959},{"_mousePosition":[683,384],"_rootPartCFrame":[761.003,229.044,45.708,-0.983,0,0.184,0,1,0,-0.184,0,-0.983],"_humanoidState":5,"_cameraCFrame":[759.609,240.318,38.737,-0.999,-0.042,0.03,0,0.576,0.817,-0.051,0.816,-0.575],"_shiftlockState":true,"_pose":"FreeFall","_animationQueue":[],"_animationSpeed":1,"_zoom":11.959},{"_mousePosition":[683,384],"_rootPartCFrame":[760.737,229.539,45.694,-0.983,0,0.184,0,1,0,-0.184,0,-0.983],"_humanoidState":5,"_cameraCFrame":[759.343,240.813,38.723,-0.999,-0.042,0.03,0,0.576,0.817,-0.051,0.816,-0.575],"_shiftlockState":true,"_pose":"FreeFall","_animationQueue":[],"_animationSpeed":1,"_zoom":11.959},{"_mousePosition":[683,384],"_rootPartCFrame":[760.47,229.979,45.681,-0.983,0,0.184,0,1,0,-0.184,0,-0.983],"_humanoidState":5,"_cameraCFrame":[759.076,241.254,38.709,-0.999,-0.042,0.03,0,0.576,0.817,-0.051,0.816,-0.575],"_shiftlockState":true,"_pose":"FreeFall","_animationQueue":[],"_animationSpeed":1,"_zoom":11.959},{"_mousePosition":[683,384],"_rootPartCFrame":[760.204,230.365,45.667,-0.983,0,0.184,0,1,0,-0.184,0,-0.983],"_humanoidState":5,"_cameraCFrame":[758.81,241.64,38.696,-0.999,-0.042,0.03,0,0.576,0.817,-0.051,0.816,-0.575],"_shiftlockState":true,"_pose":"FreeFall","_animationQueue":[],"_animationSpeed":1,"_zoom":11.959},{"_mousePosition":[683,384],"_rootPartCFrame":[759.938,230.697,45.653,-0.983,0,0.184,0,1,0,-0.184,0,-0.983],"_humanoidState":5,"_cameraCFrame":[758.522,241.966,38.679,-0.999,-0.039,0.028,0,0.577,0.817,-0.048,0.816,-0.576],"_shiftlockState":true,"_pose":"FreeFall","_animationQueue":[],"_animationSpeed":1,"_zoom":11.959},{"_mousePosition":[683,384],"_rootPartCFrame":[759.671,230.974,45.64,-0.984,0,0.18,0,1,0,-0.18,0,-0.984],"_humanoidState":5,"_cameraCFrame":[758.097,242.204,38.644,-1,-0.02,0.015,0,0.581,0.814,-0.025,0.813,-0.581],"_shiftlockState":true,"_pose":"FreeFall","_animationQueue":[],"_animationSpeed":1,"_zoom":11.959},{"_mousePosition":[683,384],"_rootPartCFrame":[759.405,231.196,45.627,-0.987,0,0.158,0,1,0,-0.158,0,-0.987],"_humanoidState":5,"_cameraCFrame":[757.749,242.448,38.681,-1,-0.011,0.008,0,0.579,0.815,-0.014,0.815,-0.579],"_shiftlockState":true,"_pose":"FreeFall","_animationQueue":[],"_animationSpeed":1,"_zoom":11.959},{"_mousePosition":[683,384],"_rootPartCFrame":[759.138,231.364,45.619,-0.989,0,0.146,0,1,0,-0.146,0,-0.989],"_humanoidState":5,"_cameraCFrame":[757.438,242.683,38.779,-1,-0.006,0.004,0,0.571,0.821,-0.007,0.821,-0.571],"_shiftlockState":true,"_pose":"FreeFall","_animationQueue":[],"_animationSpeed":1,"_zoom":11.959},{"_mousePosition":[683,384],"_rootPartCFrame":[758.872,231.478,45.615,-0.99,0,0.14,0,1,0,-0.14,0,-0.99],"_humanoidState":5,"_cameraCFrame":[757.157,242.835,38.834,-1,-0.004,0.003,0,0.566,0.824,-0.005,0.824,-0.566],"_shiftlockState":true,"_pose":"FreeFall","_animationQueue":[],"_animationSpeed":1,"_zoom":11.959},{"_mousePosition":[683,384],"_rootPartCFrame":[758.605,231.537,45.613,-0.99,0,0.138,0,1,0,-0.138,0,-0.99],"_humanoidState":5,"_cameraCFrame":[756.876,242.91,38.859,-1,-0.003,0.002,0,0.564,0.826,-0.003,0.826,-0.564],"_shiftlockState":true,"_pose":"FreeFall","_animationQueue":[],"_animationSpeed":1,"_zoom":11.959},{"_mousePosition":[683,384],"_rootPartCFrame":[758.339,231.542,45.611,-0.991,0,0.136,0,1,0,-0.136,0,-0.991],"_humanoidState":5,"_cameraCFrame":[756.56,242.947,38.918,-1,0.003,-0.002,0,0.56,0.828,0.004,0.828,-0.56],"_shiftlockState":true,"_pose":"FreeFall","_animationQueue":[],"_animationSpeed":1,"_zoom":11.959},{"_mousePosition":[683,384],"_rootPartCFrame":[758.072,231.492,45.61,-0.992,0,0.129,0,1,0,-0.129,0,-0.992],"_humanoidState":5,"_cameraCFrame":[756.245,242.93,38.979,-1,0.01,-0.006,0,0.556,0.831,0.012,0.831,-0.556],"_shiftlockState":true,"_pose":"FreeFall","_animationQueue":[],"_animationSpeed":1,"_zoom":11.959},{"_mousePosition":[683,384],"_rootPartCFrame":[757.805,231.387,45.611,-0.993,0,0.121,0,1,0,-0.121,0,-0.993],"_humanoidState":5,"_cameraCFrame":[755.945,242.841,39.013,-1,0.014,-0.009,0,0.554,0.832,0.017,0.832,-0.554],"_shiftlockState":true,"_pose":"FreeFall","_animationQueue":[],"_animationSpeed":1,"_zoom":11.959},{"_mousePosition":[683,384],"_rootPartCFrame":[757.472,231.18,45.615,-0.989,0,0.149,0,1,0,-0.149,0,-0.989],"_humanoidState":5,"_cameraCFrame":[755.605,242.639,39.027,-1,0.015,-0.01,0,0.554,0.833,0.018,0.833,-0.553],"_shiftlockState":true,"_pose":"FreeFall","_animationQueue":[["fall",0.3]],"_animationSpeed":1,"_zoom":11.959},{"_mousePosition":[683,384],"_rootPartCFrame":[757.272,231.015,45.618,-0.997,0,0.082,0,1,0,-0.082,0,-0.997],"_humanoidState":5,"_cameraCFrame":[755.398,242.474,39.032,-1,0.016,-0.01,0,0.554,0.833,0.019,0.833,-0.553],"_shiftlockState":true,"_pose":"FreeFall","_animationQueue":[],"_animationSpeed":1,"_zoom":11.959},{"_mousePosition":[683,384],"_rootPartCFrame":[757.005,230.747,45.623,-0.993,0,0.114,0,1,0,-0.114,0,-0.993],"_humanoidState":5,"_cameraCFrame":[755.131,242.206,39.037,-1,0.016,-0.01,0,0.554,0.833,0.019,0.833,-0.553],"_shiftlockState":true,"_pose":"FreeFall","_animationQueue":[],"_animationSpeed":1,"_zoom":11.959},{"_mousePosition":[683,384],"_rootPartCFrame":[756.739,230.424,45.628,-0.993,0,0.114,0,1,0,-0.114,0,-0.993],"_humanoidState":5,"_cameraCFrame":[754.865,241.889,39.05,-1,0.016,-0.01,0,0.553,0.833,0.019,0.833,-0.553],"_shiftlockState":true,"_pose":"FreeFall","_animationQueue":[],"_animationSpeed":1,"_zoom":11.959},{"_mousePosition":[683,384],"_rootPartCFrame":[756.472,230.047,45.633,-0.993,0,0.114,0,1,0,-0.114,0,-0.993],"_humanoidState":5,"_cameraCFrame":[754.598,241.512,39.055,-1,0.016,-0.01,0,0.553,0.833,0.019,0.833,-0.553],"_shiftlockState":true,"_pose":"FreeFall","_animationQueue":[],"_animationSpeed":1,"_zoom":11.959},{"_mousePosition":[683,384],"_rootPartCFrame":[756.206,229.616,45.638,-0.993,0,0.114,0,1,0,-0.114,0,-0.993],"_humanoidState":5,"_cameraCFrame":[754.339,241.086,39.066,-1,0.015,-0.01,0,0.552,0.834,0.018,0.834,-0.552],"_shiftlockState":true,"_pose":"FreeFall","_animationQueue":[],"_animationSpeed":1,"_zoom":11.959},{"_mousePosition":[683,384],"_rootPartCFrame":[755.939,229.13,45.643,-0.993,0,0.115,0,1,0,-0.115,0,-0.993],"_humanoidState":5,"_cameraCFrame":[754.12,240.621,39.089,-1,0.009,-0.006,0,0.55,0.835,0.01,0.835,-0.55],"_shiftlockState":true,"_pose":"FreeFall","_animationQueue":[],"_animationSpeed":1,"_zoom":11.959},{"_mousePosition":[683,384],"_rootPartCFrame":[755.672,228.589,45.647,-0.992,0,0.122,0,1,0,-0.122,0,-0.992],"_humanoidState":5,"_cameraCFrame":[753.929,240.102,39.106,-1,-0.001,0.001,0,0.547,0.837,-0.001,0.837,-0.547],"_shiftlockState":true,"_pose":"FreeFall","_animationQueue":[["fall",0.3]],"_animationSpeed":1,"_zoom":11.959},{"_mousePosition":[683,384],"_rootPartCFrame":[755.406,227.994,45.651,-0.991,0,0.134,0,1,0,-0.134,0,-0.991],"_humanoidState":5,"_cameraCFrame":[753.752,239.528,39.118,-1,-0.012,0.008,0,0.544,0.839,-0.015,0.839,-0.544],"_shiftlockState":true,"_pose":"FreeFall","_animationQueue":[],"_animationSpeed":1,"_zoom":11.959},{"_mousePosition":[683,384],"_rootPartCFrame":[755.139,227.345,45.651,-0.989,0,0.147,0,1,0,-0.147,0,-0.989],"_humanoidState":5,"_cameraCFrame":[753.58,238.899,39.127,-1,-0.025,0.016,0,0.541,0.841,-0.029,0.84,-0.541],"_shiftlockState":true,"_pose":"FreeFall","_animationQueue":[],"_animationSpeed":1,"_zoom":11.959},{"_mousePosition":[683,384],"_rootPartCFrame":[754.873,226.641,45.647,-0.987,0,0.162,0,1,0,-0.162,0,-0.987],"_humanoidState":5,"_cameraCFrame":[753.414,238.226,39.149,-0.999,-0.038,0.024,0,0.537,0.843,-0.045,0.843,-0.537],"_shiftlockState":true,"_pose":"FreeFall","_animationQueue":[],"_animationSpeed":1,"_zoom":11.959},{"_mousePosition":[683,384],"_rootPartCFrame":[754.606,225.98,45.64,-0.997,0,0.081,0,1,0,-0.081,0,-0.997],"_humanoidState":7,"_cameraCFrame":[753.232,237.607,39.187,-0.998,-0.05,0.031,0,0.532,0.847,-0.059,0.845,-0.531],"_shiftlockState":true,"_pose":"FreeFall","_animationQueue":[["walk",0.1],["fall",0.3],["fall",0.3]],"_animationSpeed":1,"_zoom":11.959},{"_mousePosition":[683,384],"_rootPartCFrame":[754.34,225.958,45.629,-0.998,0,0.061,0,1,0,-0.061,0,-0.998],"_humanoidState":7,"_cameraCFrame":[753.001,237.636,39.249,-0.998,-0.055,0.034,0,0.525,0.851,-0.065,0.849,-0.524],"_shiftlockState":true,"_pose":"FreeFall","_animationQueue":[],"_animationSpeed":1,"_zoom":11.959},{"_mousePosition":[683,384],"_rootPartCFrame":[754.007,226.071,45.61,-0.998,0,0.065,0,1,0,-0.065,0,-0.998],"_humanoidState":8,"_cameraCFrame":[752.663,237.799,39.312,-0.998,-0.055,0.034,0,0.518,0.855,-0.065,0.853,-0.517],"_shiftlockState":true,"_pose":"Running","_animationQueue":[["fall",0.3],["walk",0.1],["fall",0.3],["walk",0.1]],"_animationSpeed":1.103,"_zoom":11.959},{"_mousePosition":[683,384],"_rootPartCFrame":[753.741,226.129,45.593,-0.998,0,0.065,0,1,0,-0.065,0,-0.998],"_humanoidState":8,"_cameraCFrame":[752.356,237.931,39.426,-0.998,-0.051,0.03,0,0.508,0.861,-0.06,0.86,-0.507],"_shiftlockState":true,"_pose":"Running","_animationQueue":[],"_animationSpeed":1.103,"_zoom":11.959},{"_mousePosition":[683,384],"_rootPartCFrame":[753.475,226.161,45.575,-0.998,0,0.06,0,1,0,-0.06,0,-0.998],"_humanoidState":8,"_cameraCFrame":[752.037,238.051,39.569,-0.999,-0.045,0.026,0,0.495,0.869,-0.052,0.868,-0.495],"_shiftlockState":true,"_pose":"Running","_animationQueue":[],"_animationSpeed":1.103,"_zoom":11.959},{"_mousePosition":[683,384],"_rootPartCFrame":[753.209,226.179,45.559,-0.999,0,0.052,0,1,0,-0.052,0,-0.999],"_humanoidState":8,"_cameraCFrame":[751.741,238.13,39.668,-0.999,-0.042,0.023,0,0.486,0.874,-0.048,0.873,-0.486],"_shiftlockState":true,"_pose":"Running","_animationQueue":[],"_animationSpeed":1.103,"_zoom":11.959},{"_mousePosition":[683,384],"_rootPartCFrame":[752.942,226.158,45.543,-0.999,0,0.048,0,1,0,-0.048,0,-0.999],"_humanoidState":8,"_cameraCFrame":[753.2,238.156,39.82,-0.999,-0.04,0.022,0,0.479,0.878,-0.045,0.877,-0.479],"_shiftlockState":false,"_pose":"Running","_animationQueue":[],"_animationSpeed":1.103,"_zoom":11.959},{"_mousePosition":[683,384],"_rootPartCFrame":[752.676,226.084,45.527,-0.999,0,0.048,0,1,0,-0.048,0,-0.999],"_humanoidState":8,"_cameraCFrame":[752.934,238.081,39.804,-0.999,-0.04,0.022,0,0.479,0.878,-0.045,0.877,-0.479],"_shiftlockState":false,"_pose":"Running","_animationQueue":[],"_animationSpeed":1.103,"_zoom":11.959},{"_mousePosition":[683,384],"_rootPartCFrame":[752.41,225.954,45.511,-0.999,0,0.048,0,1,0,-0.048,0,-0.999],"_humanoidState":8,"_cameraCFrame":[752.648,237.975,39.83,-0.999,-0.037,0.02,0,0.475,0.88,-0.042,0.879,-0.475],"_shiftlockState":false,"_pose":"Running","_animationQueue":[],"_animationSpeed":1.103,"_zoom":11.959},{"_mousePosition":[683,384],"_rootPartCFrame":[752.144,225.77,45.496,-0.999,0,0.048,0,1,0,-0.048,0,-0.999],"_humanoidState":8,"_cameraCFrame":[752.35,237.823,39.872,-0.999,-0.032,0.017,0,0.471,0.882,-0.037,0.882,-0.47],"_shiftlockState":false,"_pose":"Running","_animationQueue":[["walk",0.1]],"_animationSpeed":1.103,"_zoom":11.959},{"_mousePosition":[683,384],"_rootPartCFrame":[751.878,225.532,45.48,-0.999,0,0.048,0,1,0,-0.048,0,-0.999],"_humanoidState":8,"_cameraCFrame":[752.034,237.652,39.983,-1,-0.025,0.013,0,0.46,0.888,-0.028,0.888,-0.46],"_shiftlockState":false,"_pose":"Running","_animationQueue":[],"_animationSpeed":1.103,"_zoom":11.959},{"_mousePosition":[683,384],"_rootPartCFrame":[751.545,226.616,45.46,-0.999,0,0.048,0,1,0,-0.048,0,-0.999],"_humanoidState":3,"_cameraCFrame":[751.697,238.801,40.092,-1,-0.025,0.013,0,0.449,0.894,-0.028,0.893,-0.449],"_shiftlockState":false,"_pose":"Jumping","_animationQueue":[["walk",0.1],["jump",0.1]],"_animationSpeed":1,"_zoom":11.959},{"_mousePosition":[683,384],"_rootPartCFrame":[751.345,227.227,45.453,-0.994,0,0.111,0,1,0,-0.111,0,-0.994],"_humanoidState":5,"_cameraCFrame":[751.535,239.443,40.147,-0.999,-0.032,0.016,0,0.444,0.896,-0.036,0.895,-0.444],"_shiftlockState":false,"_pose":"FreeFall","_animationQueue":[["jump",0.1]],"_animationSpeed":1,"_zoom":11.959},{"_mousePosition":[683,384],"_rootPartCFrame":[751.079,227.995,45.445,-0.972,0,0.234,0,1,0,-0.234,0,-0.972],"_humanoidState":5,"_cameraCFrame":[751.268,240.21,40.139,-0.999,-0.032,0.016,0,0.444,0.896,-0.036,0.895,-0.444],"_shiftlockState":false,"_pose":"FreeFall","_animationQueue":[],"_animationSpeed":1,"_zoom":11.959},{"_mousePosition":[683,384],"_rootPartCFrame":[750.812,228.708,45.436,-0.933,0,0.36,0,1,0,-0.36,0,-0.933],"_humanoidState":5,"_cameraCFrame":[751.001,240.923,40.13,-0.999,-0.032,0.016,0,0.444,0.896,-0.036,0.895,-0.444],"_shiftlockState":false,"_pose":"FreeFall","_animationQueue":[],"_animationSpeed":1,"_zoom":11.959},{"_mousePosition":[683,384],"_rootPartCFrame":[750.546,229.366,45.427,-0.877,0,0.481,0,1,0,-0.481,0,-0.877],"_humanoidState":5,"_cameraCFrame":[750.735,241.582,40.12,-0.999,-0.032,0.016,0,0.444,0.896,-0.036,0.895,-0.444],"_shiftlockState":false,"_pose":"FreeFall","_animationQueue":[],"_animationSpeed":1,"_zoom":11.959},{"_mousePosition":[683,384],"_rootPartCFrame":[750.279,229.97,45.417,-0.805,0,0.593,0,1,0,-0.593,0,-0.805],"_humanoidState":5,"_cameraCFrame":[750.468,242.186,40.111,-0.999,-0.032,0.016,0,0.444,0.896,-0.036,0.895,-0.444],"_shiftlockState":false,"_pose":"FreeFall","_animationQueue":[],"_animationSpeed":1,"_zoom":11.959},{"_mousePosition":[683,384],"_rootPartCFrame":[750.012,230.52,45.408,-0.721,0,0.693,0,1,0,-0.693,0,-0.721],"_humanoidState":5,"_cameraCFrame":[750.202,242.736,40.101,-0.999,-0.032,0.016,0,0.444,0.896,-0.036,0.895,-0.444],"_shiftlockState":false,"_pose":"FreeFall","_animationQueue":[],"_animationSpeed":1,"_zoom":11.959},{"_mousePosition":[683,384],"_rootPartCFrame":[749.746,231.015,45.398,-0.635,0,0.773,0,1,0,-0.773,0,-0.635],"_humanoidState":5,"_cameraCFrame":[749.935,243.231,40.092,-0.999,-0.032,0.016,0,0.444,0.896,-0.036,0.895,-0.444],"_shiftlockState":false,"_pose":"FreeFall","_animationQueue":[],"_animationSpeed":1,"_zoom":11.959},{"_mousePosition":[683,384],"_rootPartCFrame":[749.479,231.455,45.389,-0.553,0,0.833,0,1,0,-0.833,0,-0.553],"_humanoidState":5,"_cameraCFrame":[749.668,243.671,40.082,-0.999,-0.032,0.016,0,0.444,0.896,-0.036,0.895,-0.444],"_shiftlockState":false,"_pose":"FreeFall","_animationQueue":[],"_animationSpeed":1,"_zoom":11.959},{"_mousePosition":[683,384],"_rootPartCFrame":[749.213,231.841,45.379,-0.478,0,0.878,0,1,0,-0.878,0,-0.478],"_humanoidState":5,"_cameraCFrame":[749.402,244.057,40.073,-0.999,-0.032,0.016,0,0.444,0.896,-0.036,0.895,-0.444],"_shiftlockState":false,"_pose":"FreeFall","_animationQueue":[],"_animationSpeed":1,"_zoom":11.959},{"_mousePosition":[683,384],"_rootPartCFrame":[748.946,232.173,45.37,-0.411,0,0.912,0,1,0,-0.912,0,-0.411],"_humanoidState":5,"_cameraCFrame":[749.135,244.389,40.063,-0.999,-0.032,0.016,0,0.444,0.896,-0.036,0.895,-0.444],"_shiftlockState":false,"_pose":"FreeFall","_animationQueue":[],"_animationSpeed":1,"_zoom":11.959},{"_mousePosition":[683,384],"_rootPartCFrame":[748.679,232.45,45.36,-0.351,0,0.936,0,1,0,-0.936,0,-0.351],"_humanoidState":5,"_cameraCFrame":[748.869,244.666,40.054,-0.999,-0.032,0.016,0,0.444,0.896,-0.036,0.895,-0.444],"_shiftlockState":false,"_pose":"FreeFall","_animationQueue":[],"_animationSpeed":1,"_zoom":11.959},{"_mousePosition":[683,384],"_rootPartCFrame":[748.413,232.673,45.351,-0.298,0,0.955,0,1,0,-0.955,0,-0.298],"_humanoidState":5,"_cameraCFrame":[748.602,244.888,40.044,-0.999,-0.032,0.016,0,0.444,0.896,-0.036,0.895,-0.444],"_shiftlockState":false,"_pose":"FreeFall","_animationQueue":[],"_animationSpeed":1,"_zoom":11.959},{"_mousePosition":[683,384],"_rootPartCFrame":[748.146,232.841,45.341,-0.252,0,0.968,0,1,0,-0.968,0,-0.252],"_humanoidState":5,"_cameraCFrame":[748.335,245.056,40.035,-0.999,-0.032,0.016,0,0.444,0.896,-0.036,0.895,-0.444],"_shiftlockState":false,"_pose":"FreeFall","_animationQueue":[],"_animationSpeed":1,"_zoom":11.959},{"_mousePosition":[683,384],"_rootPartCFrame":[747.88,232.954,45.332,-0.212,0,0.977,0,1,0,-0.977,0,-0.212],"_humanoidState":5,"_cameraCFrame":[748.069,245.17,40.025,-0.999,-0.032,0.016,0,0.444,0.896,-0.036,0.895,-0.444],"_shiftlockState":false,"_pose":"FreeFall","_animationQueue":[],"_animationSpeed":1,"_zoom":11.959},{"_mousePosition":[683,384],"_rootPartCFrame":[747.613,233.013,45.322,-0.178,0,0.984,0,1,0,-0.984,0,-0.178],"_humanoidState":5,"_cameraCFrame":[747.802,245.229,40.016,-0.999,-0.032,0.016,0,0.444,0.896,-0.036,0.895,-0.444],"_shiftlockState":false,"_pose":"FreeFall","_animationQueue":[],"_animationSpeed":1,"_zoom":11.959},{"_mousePosition":[683,384],"_rootPartCFrame":[747.346,233.018,45.313,-0.148,0,0.989,0,1,0,-0.989,0,-0.148],"_humanoidState":5,"_cameraCFrame":[747.536,245.233,40.006,-0.999,-0.032,0.016,0,0.444,0.896,-0.036,0.895,-0.444],"_shiftlockState":false,"_pose":"FreeFall","_animationQueue":[],"_animationSpeed":1,"_zoom":11.959},{"_mousePosition":[683,384],"_rootPartCFrame":[747.08,232.968,45.303,-0.122,0,0.993,0,1,0,-0.993,0,-0.122],"_humanoidState":5,"_cameraCFrame":[747.269,245.183,39.997,-0.999,-0.032,0.016,0,0.444,0.896,-0.036,0.895,-0.444],"_shiftlockState":false,"_pose":"FreeFall","_animationQueue":[["fall",0.3]],"_animationSpeed":1,"_zoom":11.959},{"_mousePosition":[683,384],"_rootPartCFrame":[746.813,232.863,45.294,-0.1,0,0.995,0,1,0,-0.995,0,-0.1],"_humanoidState":5,"_cameraCFrame":[745.232,245.066,39.906,-1,-0.028,0.014,0,0.446,0.895,-0.031,0.895,-0.446],"_shiftlockState":true,"_pose":"FreeFall","_animationQueue":[],"_animationSpeed":1,"_zoom":11.959},{"_mousePosition":[683,384],"_rootPartCFrame":[746.48,232.656,45.282,-0.987,0,0.161,0,1,0,-0.161,0,-0.987],"_humanoidState":5,"_cameraCFrame":[744.898,244.859,39.894,-1,-0.028,0.014,0,0.446,0.895,-0.031,0.895,-0.446],"_shiftlockState":true,"_pose":"FreeFall","_animationQueue":[],"_animationSpeed":1,"_zoom":11.959},{"_mousePosition":[683,384],"_rootPartCFrame":[746.28,232.491,45.275,-0.992,0,0.129,0,1,0,-0.129,0,-0.992],"_humanoidState":5,"_cameraCFrame":[744.665,244.685,39.88,-1,-0.022,0.011,0,0.448,0.894,-0.025,0.894,-0.447],"_shiftlockState":true,"_pose":"FreeFall","_animationQueue":[],"_animationSpeed":1,"_zoom":11.959},{"_mousePosition":[683,384],"_rootPartCFrame":[746.013,232.223,45.267,-0.988,0,0.157,0,1,0,-0.157,0,-0.988],"_humanoidState":5,"_cameraCFrame":[744.387,244.413,39.867,-1,-0.021,0.01,0,0.448,0.894,-0.023,0.894,-0.448],"_shiftlockState":true,"_pose":"FreeFall","_animationQueue":[],"_animationSpeed":1,"_zoom":11.959},{"_mousePosition":[683,384],"_rootPartCFrame":[745.747,231.9,45.26,-0.988,0,0.156,0,1,0,-0.156,0,-0.988],"_humanoidState":5,"_cameraCFrame":[744.07,244.09,39.875,-1,-0.012,0.006,0,0.448,0.894,-0.014,0.894,-0.448],"_shiftlockState":true,"_pose":"FreeFall","_animationQueue":[],"_animationSpeed":1,"_zoom":11.959},{"_mousePosition":[683,384],"_rootPartCFrame":[745.414,231.421,45.252,-0.984,0,0.179,0,1,0,-0.179,0,-0.984],"_humanoidState":5,"_cameraCFrame":[743.692,243.615,39.89,-1,-0.005,0.002,0,0.448,0.894,-0.005,0.894,-0.448],"_shiftlockState":true,"_pose":"FreeFall","_animationQueue":[["fall",0.3]],"_animationSpeed":1,"_zoom":11.959},{"_mousePosition":[683,384],"_rootPartCFrame":[745.214,231.092,45.249,-0.994,0,0.105,0,1,0,-0.105,0,-0.994],"_humanoidState":5,"_cameraCFrame":[743.413,243.286,39.913,-1,0.008,-0.004,0,0.448,0.894,0.009,0.894,-0.448],"_shiftlockState":true,"_pose":"FreeFall","_animationQueue":[],"_animationSpeed":1,"_zoom":11.959},{"_mousePosition":[683,384],"_rootPartCFrame":[744.947,230.606,45.247,-0.992,0,0.124,0,1,0,-0.124,0,-0.992],"_humanoidState":5,"_cameraCFrame":[743.096,242.8,39.928,-1,0.017,-0.008,0,0.448,0.894,0.019,0.894,-0.448],"_shiftlockState":true,"_pose":"FreeFall","_animationQueue":[],"_animationSpeed":1,"_zoom":11.959},{"_mousePosition":[683,384],"_rootPartCFrame":[744.68,230.065,45.249,-0.993,0,0.114,0,1,0,-0.114,0,-0.993],"_humanoidState":5,"_cameraCFrame":[742.819,242.259,39.934,-1,0.019,-0.009,0,0.448,0.894,0.021,0.894,-0.448],"_shiftlockState":true,"_pose":"FreeFall","_animationQueue":[],"_animationSpeed":1,"_zoom":11.959},{"_mousePosition":[683,384],"_rootPartCFrame":[744.414,229.47,45.254,-0.994,0,0.112,0,1,0,-0.112,0,-0.994],"_humanoidState":5,"_cameraCFrame":[742.546,241.66,39.932,-1,0.02,-0.01,0,0.448,0.894,0.022,0.894,-0.448],"_shiftlockState":true,"_pose":"FreeFall","_animationQueue":[],"_animationSpeed":1,"_zoom":11.959},{"_mousePosition":[683,384],"_rootPartCFrame":[744.147,228.821,45.26,-0.994,0,0.111,0,1,0,-0.111,0,-0.994],"_humanoidState":5,"_cameraCFrame":[742.28,241.011,39.938,-1,0.02,-0.01,0,0.448,0.894,0.022,0.894,-0.448],"_shiftlockState":true,"_pose":"FreeFall","_animationQueue":[],"_animationSpeed":1,"_zoom":11.959},{"_mousePosition":[683,384],"_rootPartCFrame":[743.881,228.117,45.265,-0.994,0,0.111,0,1,0,-0.111,0,-0.994],"_humanoidState":5,"_cameraCFrame":[742.013,240.307,39.944,-1,0.02,-0.01,0,0.448,0.894,0.022,0.894,-0.448],"_shiftlockState":true,"_pose":"FreeFall","_animationQueue":[],"_animationSpeed":1,"_zoom":11.959},{"_mousePosition":[683,384],"_rootPartCFrame":[743.614,227.358,45.271,-0.994,0,0.111,0,1,0,-0.111,0,-0.994],"_humanoidState":5,"_cameraCFrame":[741.747,239.548,39.949,-1,0.02,-0.01,0,0.448,0.894,0.022,0.894,-0.448],"_shiftlockState":true,"_pose":"FreeFall","_animationQueue":[["fall",0.3]],"_animationSpeed":1,"_zoom":11.959},{"_mousePosition":[683,384],"_rootPartCFrame":[743.347,226.545,45.277,-0.994,0,0.111,0,1,0,-0.111,0,-0.994],"_humanoidState":5,"_cameraCFrame":[741.48,238.735,39.955,-1,0.02,-0.01,0,0.448,0.894,0.0