[{"_mousePosition":[1136,369],"_rootPartCFrame":[776.028,222.95,47.142,0,0,1,0,1,0,-1,0,0],"_humanoidState":8,"_cameraCFrame":[788.918,232.874,46.973,-0.013,-0.547,0.837,0,0.837,0.547,-1,0.007,-0.011],"_shiftlockState":false,"_pose":"Standing","_animationQueue":[],"_animationSpeed":1,"_zoom":15.4},{"_mousePosition":[1134,376],"_rootPartCFrame":[776.011,222.937,47.142,0,0,1,0,1,0,-1,0,0],"_humanoidState":8,"_cameraCFrame":[788.902,232.861,46.973,-0.013,-0.547,0.837,0,0.837,0.547,-1,0.007,-0.011],"_shiftlockState":false,"_pose":"Standing","_animationQueue":[],"_animationSpeed":1,"_zoom":15.4},{"_mousePosition":[1134,389],"_rootPartCFrame":[775.781,222.832,47.145,-0.002,0,1,0,1,0,-1,0,-0.002],"_humanoidState":8,"_cameraCFrame":[788.672,232.756,46.976,-0.013,-0.547,0.837,0,0.837,0.547,-1,0.007,-0.011],"_shiftlockState":false,"_pose":"Running","_animationQueue":[["walk",0.1]],"_animationSpeed":0.279,"_zoom":15.4},{"_mousePosition":[1134,401],"_rootPartCFrame":[775.515,222.672,47.149,-0.003,0,1,0,1,0,-1,0,-0.003],"_humanoidState":8,"_cameraCFrame":[788.406,232.596,46.979,-0.013,-0.547,0.837,0,0.837,0.547,-1,0.007,-0.011],"_shiftlockState":false,"_pose":"Running","_animationQueue":[["walk",0.1]],"_animationSpeed":1.066,"_zoom":15.4},{"_mousePosition":[1134,416],"_rootPartCFrame":[775.249,222.653,47.152,-0.005,0,1,0,1,0,-1,0,-0.005],"_humanoidState":8,"_cameraCFrame":[788.139,232.577,46.983,-0.013,-0.547,0.837,0,0.837,0.547,-1,0.007,-0.011],"_shiftlockState":false,"_pose":"Running","_animationQueue":[],"_animationSpeed":1.066,"_zoom":15.4},{"_mousePosition":[1131,438],"_rootPartCFrame":[774.982,222.669,47.156,-0.006,0,1,0,1,0,-1,0,-0.006],"_humanoidState":8,"_cameraCFrame":[787.873,232.594,46.986,-0.013,-0.547,0.837,0,0.837,0.547,-1,0.007,-0.011],"_shiftlockState":false,"_pose":"Running","_animationQueue":[],"_animationSpeed":1.066,"_zoom":15.4},{"_mousePosition":[1125,461],"_rootPartCFrame":[774.716,222.683,47.159,-0.007,0,1,0,1,0,-1,0,-0.007],"_humanoidState":8,"_cameraCFrame":[787.606,232.607,46.99,-0.013,-0.547,0.837,0,0.837,0.547,-1,0.007,-0.011],"_shiftlockState":false,"_pose":"Running","_animationQueue":[["walk",0.1]],"_animationSpeed":1.066,"_zoom":15.4},{"_mousePosition":[1120,481],"_rootPartCFrame":[774.449,222.69,47.163,-0.008,0,1,0,1,0,-1,0,-0.008],"_humanoidState":8,"_cameraCFrame":[787.339,232.615,46.993,-0.013,-0.547,0.837,0,0.837,0.547,-1,0.007,-0.011],"_shiftlockState":false,"_pose":"Running","_animationQueue":[],"_animationSpeed":1.066,"_zoom":15.4},{"_mousePosition":[1113,507],"_rootPartCFrame":[774.182,222.695,47.166,-0.008,0,1,0,1,0,-1,0,-0.008],"_humanoidState":8,"_cameraCFrame":[787.073,232.619,46.997,-0.013,-0.547,0.837,0,0.837,0.547,-1,0.007,-0.011],"_shiftlockState":false,"_pose":"Running","_animationQueue":[],"_animationSpeed":1.066,"_zoom":15.4},{"_mousePosition":[1109,531],"_rootPartCFrame":[773.916,222.697,47.17,-0.009,0,1,0,1,0,-1,0,-0.009],"_humanoidState":8,"_cameraCFrame":[786.783,232.621,45.25,-0.013,-0.547,0.837,0,0.837,0.547,-1,0.007,-0.011],"_shiftlockState":true,"_pose":"Running","_animationQueue":[],"_animationSpeed":1.066,"_zoom":15.4},{"_mousePosition":[683,384],"_rootPartCFrame":[773.649,222.698,47.173,-0.013,0,1,0,1,0,-1,0,-0.013],"_humanoidState":8,"_cameraCFrame":[786.517,232.622,45.254,-0.013,-0.547,0.837,0,0.837,0.547,-1,0.007,-0.011],"_shiftlockState":true,"_pose":"Running","_animationQueue":[],"_animationSpeed":1.066,"_zoom":15.4},{"_mousePosition":[683,384],"_rootPartCFrame":[773.444,222.699,47.024,-0.013,0,1,0,1,0,-1,0,-0.013],"_humanoidState":8,"_cameraCFrame":[786.156,232.85,45.08,-0.015,-0.562,0.827,0,0.827,0.562,-1,0.009,-0.013],"_shiftlockState":true,"_pose":"Running","_animationQueue":[],"_animationSpeed":1.066,"_zoom":15.4},{"_mousePosition":[683,384],"_rootPartCFrame":[773.252,222.699,46.839,-0.015,0,1,0,1,0,-1,0,-0.015],"_humanoidState":8,"_cameraCFrame":[785.766,233.136,44.898,-0.015,-0.58,0.814,0,0.814,0.58,-1,0.009,-0.012],"_shiftlockState":true,"_pose":"Running","_animationQueue":[],"_animationSpeed":1.066,"_zoom":15.4},{"_mousePosition":[683,384],"_rootPartCFrame":[773.061,222.699,46.653,-0.015,0,1,0,1,0,-1,0,-0.015],"_humanoidState":8,"_cameraCFrame":[785.34,233.457,44.716,-0.015,-0.601,0.799,0,0.799,0.601,-1,0.009,-0.012],"_shiftlockState":true,"_pose":"Running","_animationQueue":[["walk",0.1]],"_animationSpeed":1.066,"_zoom":15.4},{"_mousePosition":[683,384],"_rootPartCFrame":[772.869,222.7,46.467,-0.015,0,1,0,1,0,-1,0,-0.015],"_humanoidState":8,"_cameraCFrame":[784.909,233.772,44.559,-0.013,-0.622,0.783,0,0.783,0.622,-1,0.008,-0.01],"_shiftlockState":true,"_pose":"Running","_animationQueue":[],"_animationSpeed":1.066,"_zoom":15.4},{"_mousePosition":[683,384],"_rootPartCFrame":[772.678,223.573,46.282,-0.013,0,1,0,1,0,-1,0,-0.013],"_humanoidState":3,"_cameraCFrame":[784.505,234.915,44.413,-0.01,-0.639,0.769,0,0.769,0.639,-1,0.006,-0.008],"_shiftlockState":true,"_pose":"Jumping","_animationQueue":[["walk",0.1],["jump",0.1]],"_animationSpeed":1,"_zoom":15.4},{"_mousePosition":[683,384],"_rootPartCFrame":[772.487,224.395,46.096,0.062,0,0.998,0,1,0,-0.998,0,0.062],"_humanoidState":5,"_cameraCFrame":[784.06,236.039,44.254,-0.008,-0.659,0.752,0,0.752,0.659,-1,0.005,-0.006],"_shiftlockState":true,"_pose":"FreeFall","_animationQueue":[["jump",0.1]],"_animationSpeed":1,"_zoom":15.4},{"_mousePosition":[683,384],"_rootPartCFrame":[772.296,225.162,45.909,0.093,0,0.996,0,1,0,-0.996,0,0.093],"_humanoidState":5,"_cameraCFrame":[783.612,237.093,44.069,-0.008,-0.677,0.736,0,0.736,0.677,-1,0.005,-0.006],"_shiftlockState":true,"_pose":"FreeFall","_animationQueue":[],"_animationSpeed":1,"_zoom":15.4},{"_mousePosition":[683,384],"_rootPartCFrame":[772.106,225.875,45.722,0.096,0,0.995,0,1,0,-0.995,0,0.096],"_humanoidState":5,"_cameraCFrame":[783.102,238.13,43.816,-0.014,-0.698,0.716,0,0.716,0.698,-1,0.01,-0.01],"_shiftlockState":true,"_pose":"FreeFall","_animationQueue":[],"_animationSpeed":1,"_zoom":15.4},{"_mousePosition":[683,384],"_rootPartCFrame":[771.916,226.534,45.535,0.091,0,0.996,0,1,0,-0.996,0,0.091],"_humanoidState":5,"_cameraCFrame":[782.663,239.035,43.61,-0.016,-0.714,0.7,0,0.7,0.714,-1,0.012,-0.011],"_shiftlockState":true,"_pose":"FreeFall","_animationQueue":[],"_animationSpeed":1,"_zoom":15.4},{"_mousePosition":[683,384],"_rootPartCFrame":[771.725,227.138,45.349,0.089,0,0.996,0,1,0,-0.996,0,0.089],"_humanoidState":5,"_cameraCFrame":[782.41,239.7,43.425,-0.016,-0.718,0.696,0,0.696,0.718,-1,0.012,-0.011],"_shiftlockState":true,"_pose":"FreeFall","_animationQueue":[],"_animationSpeed":1,"_zoom":15.4},{"_mousePosition":[683,384],"_rootPartCFrame":[771.525,227.687,45.186,0.016,0,1,0,1,0,-1,0,0.016],"_humanoidState":5,"_cameraCFrame":[782.209,240.249,43.262,-0.016,-0.718,0.696,0,0.696,0.718,-1,0.012,-0.011],"_shiftlockState":true,"_pose":"FreeFall","_animationQueue":[],"_animationSpeed":1,"_zoom":15.4},{"_mousePosition":[683,384],"_rootPartCFrame":[771.31,228.182,45.06,-0.013,0,1,0,1,0,-1,0,-0.013],"_humanoidState":5,"_cameraCFrame":[781.994,240.744,43.136,-0.016,-0.718,0.696,0,0.696,0.718,-1,0.012,-0.011],"_shiftlockState":true,"_pose":"FreeFall","_animationQueue":[],"_animationSpeed":1,"_zoom":15.4},{"_mousePosition":[683,384],"_rootPartCFrame":[771.139,228.518,44.99,-0.016,0,1,0,1,0,-1,0,-0.016],"_humanoidState":5,"_cameraCFrame":[781.824,241.08,43.066,-0.016,-0.718,0.696,0,0.696,0.718,-1,0.012,-0.011],"_shiftlockState":true,"_pose":"FreeFall","_animationQueue":[],"_animationSpeed":1,"_zoom":15.4},{"_mousePosition":[683,384],"_rootPartCFrame":[770.899,228.917,44.929,-0.016,0,1,0,1,0,-1,0,-0.016],"_humanoidState":5,"_cameraCFrame":[781.583,241.479,43.005,-0.016,-0.718,0.696,0,0.696,0.718,-1,0.012,-0.011],"_shiftlockState":true,"_pose":"FreeFall","_animationQueue":[],"_animationSpeed":1,"_zoom":15.4},{"_mousePosition":[683,384],"_rootPartCFrame":[770.577,229.34,44.904,-0.016,0,1,0,1,0,-1,0,-0.016],"_humanoidState":5,"_cameraCFrame":[781.262,241.902,42.98,-0.016,-0.718,0.696,0,0.696,0.718,-1,0.012,-0.011],"_shiftlockState":true,"_pose":"FreeFall","_animationQueue":[],"_animationSpeed":1,"_zoom":15.4},{"_mousePosition":[683,384],"_rootPartCFrame":[770.311,229.617,44.908,-0.016,0,1,0,1,0,-1,0,-0.016],"_humanoidState":5,"_cameraCFrame":[780.995,242.179,42.983,-0.016,-0.718,0.696,0,0.696,0.718,-1,0.012,-0.011],"_shiftlockState":true,"_pose":"FreeFall","_animationQueue":[],"_animationSpeed":1,"_zoom":15.4},{"_mousePosition":[683,384],"_rootPartCFrame":[770.044,229.84,44.912,-0.016,0,1,0,1,0,-1,0,-0.016],"_humanoidState":5,"_cameraCFrame":[780.729,242.402,42.988,-0.016,-0.718,0.696,0,0.696,0.718,-1,0.012,-0.011],"_shiftlockState":true,"_pose":"FreeFall","_animationQueue":[],"_animationSpeed":1,"_zoom":15.4},{"_mousePosition":[683,384],"_rootPartCFrame":[769.844,229.971,44.915,-0.016,0,1,0,1,0,-1,0,-0.016],"_humanoidState":5,"_cameraCFrame":[780.529,242.533,42.991,-0.016,-0.718,0.696,0,0.696,0.718,-1,0.012,-0.011],"_shiftlockState":true,"_pose":"FreeFall","_animationQueue":[],"_animationSpeed":1,"_zoom":15.4},{"_mousePosition":[683,384],"_rootPartCFrame":[769.511,230.121,44.921,-0.016,0,1,0,1,0,-1,0,-0.016],"_humanoidState":5,"_cameraCFrame":[780.195,242.683,42.996,-0.016,-0.718,0.696,0,0.696,0.718,-1,0.012,-0.011],"_shiftlockState":true,"_pose":"FreeFall","_animationQueue":[],"_animationSpeed":1,"_zoom":15.4},{"_mousePosition":[683,384],"_rootPartCFrame":[769.311,230.171,44.924,-0.016,0,1,0,1,0,-1,0,-0.016],"_humanoidState":5,"_cameraCFrame":[779.995,242.733,43,-0.016,-0.718,0.696,0,0.696,0.718,-1,0.012,-0.011],"_shiftlockState":true,"_pose":"FreeFall","_animationQueue":[],"_animationSpeed":1,"_zoom":15.4},{"_mousePosition":[683,384],"_rootPartCFrame":[769.045,230.189,44.928,-0.016,0,1,0,1,0,-1,0,-0.016],"_humanoidState":5,"_cameraCFrame":[779.764,242.699,42.902,-0.026,-0.715,0.699,0,0.699,0.715,-1,0.018,-0.018],"_shiftlockState":true,"_pose":"FreeFall","_animationQueue":[],"_animationSpeed":1,"_zoom":15.4},{"_mousePosition":[683,384],"_rootPartCFrame":[768.711,230.135,44.934,-0.025,0,1,0,1,0,-1,0,-0.025],"_humanoidState":5,"_cameraCFrame":[779.508,242.558,42.849,-0.031,-0.709,0.705,0,0.705,0.709,-1,0.022,-0.022],"_shiftlockState":true,"_pose":"FreeFall","_animationQueue":[],"_animationSpeed":1,"_zoom":15.4},{"_mousePosition":[683,384],"_rootPartCFrame":[768.511,230.062,44.938,-0.03,0,1,0,1,0,-1,0,-0.03],"_humanoidState":5,"_cameraCFrame":[779.361,242.467,43.046,-0.013,-0.708,0.706,0,0.706,0.708,-1,0.009,-0.009],"_shiftlockState":true,"_pose":"FreeFall","_animationQueue":[],"_animationSpeed":1,"_zoom":15.4},{"_mousePosition":[683,384],"_rootPartCFrame":[768.178,229.872,44.949,-0.015,0,1,0,1,0,-1,0,-0.015],"_humanoidState":5,"_cameraCFrame":[779.049,242.294,43.295,0.009,-0.709,0.705,0,0.705,0.709,-1,-0.006,0.006],"_shiftlockState":true,"_pose":"FreeFall","_animationQueue":[["fall",0.3]],"_animationSpeed":1,"_zoom":15.4},{"_mousePosition":[683,384],"_rootPartCFrame":[767.911,229.658,44.953,0.006,0,1,0,1,0,-1,0,0.006],"_humanoidState":5,"_cameraCFrame":[778.798,242.09,43.47,0.025,-0.71,0.704,0,0.704,0.71,-1,-0.017,0.017],"_shiftlockState":true,"_pose":"FreeFall","_animationQueue":[],"_animationSpeed":1,"_zoom":15.4},{"_mousePosition":[683,384],"_rootPartCFrame":[767.645,229.39,44.951,0.022,0,1,0,1,0,-1,0,0.022],"_humanoidState":5,"_cameraCFrame":[778.556,241.813,43.583,0.035,-0.709,0.705,0,0.705,0.709,-0.999,-0.025,0.025],"_shiftlockState":true,"_pose":"FreeFall","_animationQueue":[],"_animationSpeed":1,"_zoom":15.4},{"_mousePosition":[683,384],"_rootPartCFrame":[767.378,229.068,44.945,0.033,0,0.999,0,1,0,-0.999,0,0.033],"_humanoidState":5,"_cameraCFrame":[778.313,241.482,43.703,0.047,-0.708,0.705,0,0.706,0.709,-0.999,-0.033,0.033],"_shiftlockState":true,"_pose":"FreeFall","_animationQueue":[],"_animationSpeed":1,"_zoom":15.4},{"_mousePosition":[683,384],"_rootPartCFrame":[767.112,228.691,44.936,0.045,0,0.999,0,1,0,-0.999,0,0.045],"_humanoidState":5,"_cameraCFrame":[778.078,241.096,43.912,0.066,-0.707,0.705,0,0.706,0.708,-0.998,-0.047,0.047],"_shiftlockState":true,"_pose":"FreeFall","_animationQueue":[],"_animationSpeed":1,"_zoom":15.4},{"_mousePosition":[683,384],"_rootPartCFrame":[766.845,228.259,44.924,0.064,0,0.998,0,1,0,-0.998,0,0.064],"_humanoidState":5,"_cameraCFrame":[777.795,240.708,44.252,0.099,-0.707,0.7,0,0.703,0.711,-0.995,-0.07,0.069],"_shiftlockState":true,"_pose":"FreeFall","_animationQueue":[],"_animationSpeed":1,"_zoom":15.4},{"_mousePosition":[683,384],"_rootPartCFrame":[766.579,227.773,44.908,0.095,0,0.995,0,1,0,-0.995,0,0.095],"_humanoidState":5,"_cameraCFrame":[777.461,240.309,44.785,0.15,-0.709,0.69,0,0.697,0.717,-0.989,-0.107,0.104],"_shiftlockState":true,"_pose":"FreeFall","_animationQueue":[["fall",0.3]],"_animationSpeed":1,"_zoom":15.4},{"_mousePosition":[683,384],"_rootPartCFrame":[766.585,227.277,44.861,0.056,0.038,0.998,-0.009,0.999,-0.038,-0.998,-0.007,0.056],"_humanoidState":5,"_cameraCFrame":[777.374,239.941,45.484,0.221,-0.707,0.672,0,0.689,0.725,-0.975,-0.16,0.152],"_shiftlockState":true,"_pose":"FreeFall","_animationQueue":[],"_animationSpeed":1,"_zoom":15.4},{"_mousePosition":[683,384],"_rootPartCFrame":[766.677,226.693,44.791,0.188,0.029,0.982,-0.006,1,-0.028,-0.982,0,0.188],"_humanoidState":5,"_cameraCFrame":[777.218,239.51,46.183,0.293,-0.703,0.648,0,0.678,0.735,-0.956,-0.216,0.199],"_shiftlockState":true,"_pose":"FreeFall","_animationQueue":[],"_animationSpeed":1,"_zoom":15.4},{"_mousePosition":[683,384],"_rootPartCFrame":[766.783,226.092,44.691,0.279,0.012,0.96,-0.001,1,-0.012,-0.96,0.002,0.279],"_humanoidState":5,"_cameraCFrame":[777.018,239.101,46.529,0.34,-0.703,0.625,0,0.664,0.747,-0.94,-0.254,0.226],"_shiftlockState":true,"_pose":"FreeFall","_animationQueue":[],"_animationSpeed":1,"_zoom":15.4},{"_mousePosition":[683,384],"_rootPartCFrame":[766.797,225.438,44.588,0.333,0.002,0.943,0,1,-0.002,-0.943,0.001,0.333],"_humanoidState":5,"_cameraCFrame":[776.842,238.587,46.507,0.353,-0.708,0.612,0,0.654,0.756,-0.936,-0.267,0.231],"_shiftlockState":true,"_pose":"FreeFall","_animationQueue":[],"_animationSpeed":1,"_zoom":15.4},{"_mousePosition":[683,384],"_rootPartCFrame":[766.784,224.912,44.512,0.35,0,0.937,0,1,0,-0.937,0,0.35],"_humanoidState":5,"_cameraCFrame":[776.748,238.134,46.39,0.352,-0.712,0.607,0,0.649,0.761,-0.936,-0.268,0.228],"_shiftlockState":true,"_pose":"FreeFall","_animationQueue":[],"_animationSpeed":1,"_zoom":15.4},{"_mousePosition":[683,384],"_rootPartCFrame":[766.731,224.163,44.413,0.351,-0.001,0.936,0,1,0.001,-0.936,0,0.351],"_humanoidState":5,"_cameraCFrame":[776.631,237.457,46.177,0.344,-0.719,0.604,0,0.643,0.766,-0.939,-0.264,0.221],"_shiftlockState":true,"_pose":"FreeFall","_animationQueue":[],"_animationSpeed":1,"_zoom":15.4},{"_mousePosition":[683,384],"_rootPartCFrame":[766.483,223.151,44.293,0.344,0,0.939,0,1,0,-0.939,0,0.344],"_humanoidState":7,"_cameraCFrame":[776.322,236.524,45.86,0.328,-0.728,0.602,0,0.637,0.771,-0.945,-0.253,0.209],"_shiftlockState":true,"_pose":"FreeFall","_animationQueue":[["fall",0.3],["walk",0.1],["fall",0.3],["fall",0.3]],"_animationSpeed":1,"_zoom":15.4},{"_mousePosition":[683,384],"_rootPartCFrame":[766.296,222.971,44.224,0.328,0,0.945,0,1,0,-0.945,0,0.328],"_humanoidState":7,"_cameraCFrame":[776.066,236.446,45.393,0.293,-0.743,0.601,0,0.629,0.778,-0.956,-0.228,0.185],"_shiftlockState":true,"_pose":"FreeFall","_animationQueue":[],"_animationSpeed":1,"_zoom":15.4},{"_mousePosition":[683,384],"_rootPartCFrame":[765.981,223.053,44.114,0.293,0,0.956,0,1,0,-0.956,0,0.293],"_humanoidState":8,"_cameraCFrame":[775.656,236.644,44.755,0.245,-0.761,0.6,0,0.619,0.785,-0.97,-0.192,0.152],"_shiftlockState":true,"_pose":"Running","_animationQueue":[["walk",0.1],["fall",0.3],["walk",0.1]],"_animationSpeed":1.103,"_zoom":15.4},{"_mousePosition":[683,384],"_rootPartCFrame":[765.726,223.117,44.035,0.245,0,0.97,0,1,0,-0.97,0,0.245],"_humanoidState":8,"_cameraCFrame":[775.161,236.913,43.939,0.175,-0.786,0.593,0,0.602,0.798,-0.984,-0.14,0.106],"_shiftlockState":true,"_pose":"Running","_animationQueue":[],"_animationSpeed":1.103,"_zoom":15.4},{"_mousePosition":[683,384],"_rootPartCFrame":[765.468,223.155,43.969,0.175,0,0.984,0,1,0,-0.984,0,0.175],"_humanoidState":8,"_cameraCFrame":[774.556,237.186,43.197,0.108,-0.809,0.578,0,0.581,0.814,-0.994,-0.088,0.063],"_shiftlockState":true,"_pose":"Running","_animationQueue":[],"_animationSpeed":1.103,"_zoom":15.4},{"_mousePosition":[683,384],"_rootPartCFrame":[765.206,223.175,43.921,0.108,0,0.994,0,1,0,-0.994,0,0.108],"_humanoidState":8,"_cameraCFrame":[773.915,237.427,42.583,0.048,-0.827,0.56,0,0.561,0.828,-0.999,-0.039,0.027],"_shiftlockState":true,"_pose":"Running","_animationQueue":[],"_animationSpeed":1.103,"_zoom":15.4},{"_mousePosition":[683,384],"_rootPartCFrame":[764.941,223.187,43.89,0.048,0,0.999,0,1,0,-0.999,0,0.048],"_humanoidState":8,"_cameraCFrame":[773.392,237.569,42.197,0.007,-0.836,0.548,0,0.548,0.836,-1,-0.006,0.004],"_shiftlockState":true,"_pose":"Running","_animationQueue":[["walk",0.1]],"_animationSpeed":1.103,"_zoom":15.4},{"_mousePosition":[683,384],"_rootPartCFrame":[764.675,223.193,43.876,0.007,0,1,0,1,0,-1,0,0.007],"_humanoidState":8,"_cameraCFrame":[772.97,237.636,41.904,-0.027,-0.84,0.542,0,0.542,0.84,-1,0.022,-0.014],"_shiftlockState":true,"_pose":"Running","_animationQueue":[],"_animationSpeed":1.103,"_zoom":15.4},{"_mousePosition":[683,384],"_rootPartCFrame":[764.341,223.197,43.872,-0.027,0,1,0,1,0,-1,0,-0.027],"_humanoidState":8,"_cameraCFrame":[772.56,237.66,41.719,-0.049,-0.841,0.539,0,0.54,0.842,-0.999,0.041,-0.026],"_shiftlockState":true,"_pose":"Running","_animationQueue":[],"_animationSpeed":1.103,"_zoom":15.4},{"_mousePosition":[683,384],"_rootPartCFrame":[764.075,223.198,43.878,-0.049,0,0.999,0,1,0,-0.999,0,-0.049],"_humanoidState":8,"_cameraCFrame":[772.209,237.694,41.608,-0.063,-0.842,0.535,0,0.536,0.844,-0.998,0.053,-0.034],"_shiftlockState":true,"_pose":"Running","_animationQueue":[],"_animationSpeed":1.103,"_zoom":15.4},{"_mousePosition":[683,384],"_rootPartCFrame":[763.809,223.199,43.89,-0.063,0,0.998,0,1,0,-0.998,0,-0.063],"_humanoidState":8,"_cameraCFrame":[771.899,237.715,41.58,-0.069,-0.843,0.533,0,0.534,0.845,-0.998,0.058,-0.037],"_shiftlockState":true,"_pose":"Running","_animationQueue":[],"_animationSpeed":1.103,"_zoom":15.4},{"_mousePosition":[683,384],"_rootPartCFrame":[763.542,223.199,43.907,-0.069,0,0.998,0,1,0,-0.998,0,-0.069],"_humanoidState":8,"_cameraCFrame":[771.597,237.735,41.581,-0.071,-0.844,0.531,0,0.532,0.847,-0.997,0.06,-0.038],"_shiftlockState":true,"_pose":"Running","_animationQueue":[],"_animationSpeed":1.103,"_zoom":15.4},{"_mousePosition":[683,384],"_rootPartCFrame":[763.276,223.199,43.925,-0.071,0,0.997,0,1,0,-0.997,0,-0.071],"_humanoidState":8,"_cameraCFrame":[771.276,237.769,41.595,-0.072,-0.846,0.528,0,0.529,0.849,-0.997,0.061,-0.038],"_shiftlockState":true,"_pose":"Running","_animationQueue":[],"_animationSpeed":1.103,"_zoom":15.4},{"_mousePosition":[683,384],"_rootPartCFrame":[763.077,223.199,43.939,-0.072,0,0.997,0,1,0,-0.997,0,-0.072],"_humanoidState":8,"_cameraCFrame":[770.998,237.814,41.598,-0.074,-0.849,0.523,0,0.524,0.852,-0.997,0.063,-0.039],"_shiftlockState":true,"_pose":"Running","_animationQueue":[["walk",0.1]],"_animationSpeed":1.103,"_zoom":15.4},{"_mousePosition":[683,384],"_rootPartCFrame":[762.744,223.2,43.962,-0.074,0,0.997,0,1,0,-0.997,0,-0.074],"_humanoidState":8,"_cameraCFrame":[770.523,237.898,41.615,-0.076,-0.855,0.514,0,0.515,0.857,-0.997,0.065,-0.039],"_shiftlockState":true,"_pose":"Running","_animationQueue":[],"_animationSpeed":1.103,"_zoom":15.4},{"_mousePosition":[683,384],"_rootPartCFrame":[762.545,223.2,43.977,-0.076,0,0.997,0,1,0,-0.997,0,-0.076],"_humanoidState":8,"_cameraCFrame":[770.159,237.993,41.626,-0.078,-0.861,0.503,0,0.505,0.863,-0.997,0.067,-0.039],"_shiftlockState":true,"_pose":"Running","_animationQueue":[],"_animationSpeed":1.103,"_zoom":15.4},{"_mousePosition":[683,384],"_rootPartCFrame":[762.213,223.2,44.002,-0.078,0,0.997,0,1,0,-0.997,0,-0.078],"_humanoidState":8,"_cameraCFrame":[769.62,238.111,41.66,-0.079,-0.868,0.49,0,0.492,0.871,-0.997,0.069,-0.039],"_shiftlockState":true,"_pose":"Running","_animationQueue":[],"_animationSpeed":1.103,"_zoom":15.4},{"_mousePosition":[683,384],"_rootPartCFrame":[761.947,223.2,44.023,-0.079,0,0.997,0,1,0,-0.997,0,-0.079],"_humanoidState":8,"_cameraCFrame":[769.143,238.225,41.682,-0.081,-0.875,0.477,0,0.478,0.878,-0.997,0.071,-0.039],"_shiftlockState":true,"_pose":"Running","_animationQueue":[],"_animationSpeed":1.103,"_zoom":15.4},{"_mousePosition":[683,384],"_rootPartCFrame":[761.681,223.2,44.044,-0.081,0,0.997,0,1,0,-0.997,0,-0.081],"_humanoidState":8,"_cameraCFrame":[768.659,238.342,41.72,-0.081,-0.883,0.462,0,0.464,0.886,-0.997,0.072,-0.038],"_shiftlockState":true,"_pose":"Running","_animationQueue":[],"_animationSpeed":1.103,"_zoom":15.4},{"_mousePosition":[683,384],"_rootPartCFrame":[761.482,223.2,44.06,-0.081,0,0.997,0,1,0,-0.997,0,-0.081],"_humanoidState":8,"_cameraCFrame":[768.245,238.445,41.703,-0.088,-0.889,0.449,0,0.451,0.893,-0.996,0.079,-0.04],"_shiftlockState":true,"_pose":"Running","_animationQueue":[],"_animationSpeed":1.103,"_zoom":15.4},{"_mousePosition":[683,384],"_rootPartCFrame":[761.149,223.2,44.087,-0.088,0,0.996,0,1,0,-0.996,0,-0.088],"_humanoidState":8,"_cameraCFrame":[767.912,238.445,41.73,-0.088,-0.889,0.449,0,0.451,0.893,-0.996,0.079,-0.04],"_shiftlockState":true,"_pose":"Running","_animationQueue":[["walk",0.1]],"_animationSpeed":1.103,"_zoom":15.4},{"_mousePosition":[683,384],"_rootPartCFrame":[760.95,223.2,44.105,-0.088,0,0.996,0,1,0,-0.996,0,-0.088],"_humanoidState":8,"_cameraCFrame":[767.713,238.445,41.747,-0.088,-0.889,0.449,0,0.451,0.893,-0.996,0.079,-0.04],"_shiftlockState":true,"_pose":"Running","_animationQueue":[],"_animationSpeed":1.103,"_zoom":15.4},{"_mousePosition":[683,384],"_rootPartCFrame":[760.618,224.27,44.134,-0.088,0,0.996,0,1,0,-0.996,0,-0.088],"_humanoidState":3,"_cameraCFrame":[767.381,239.515,41.777,-0.088,-0.889,0.449,0,0.451,0.893,-0.996,0.079,-0.04],"_shiftlockState":true,"_pose":"Jumping","_animationQueue":[["walk",0.1],["jump",0.1]],"_animationSpeed":1,"_zoom":15.4},{"_mousePosition":[683,384],"_rootPartCFrame":[760.419,224.871,44.152,-0.088,0,0.996,0,1,0,-0.996,0,-0.088],"_humanoidState":5,"_cameraCFrame":[767.182,240.116,41.794,-0.088,-0.889,0.449,0,0.451,0.893,-0.996,0.079,-0.04],"_shiftlockState":true,"_pose":"FreeFall","_animationQueue":[["jump",0.1]],"_animationSpeed":1,"_zoom":15.4},{"_mousePosition":[683,384],"_rootPartCFrame":[760.087,225.805,44.181,-0.088,0,0.996,0,1,0,-0.996,0,-0.088],"_humanoidState":5,"_cameraCFrame":[766.85,241.05,41.824,-0.088,-0.889,0.449,0,0.451,0.893,-0.996,0.079,-0.04],"_shiftlockState":true,"_pose":"FreeFall","_animationQueue":[],"_animationSpeed":1,"_zoom":15.4},{"_mousePosition":[683,384],"_rootPartCFrame":[759.887,226.324,44.199,-0.088,0,0.996,0,1,0,-0.996,0,-0.088],"_humanoidState":5,"_cameraCFrame":[766.651,241.569,41.842,-0.088,-0.889,0.449,0,0.451,0.893,-0.996,0.079,-0.04],"_shiftlockState":true,"_pose":"FreeFall","_animationQueue":[],"_animationSpeed":1,"_zoom":15.4},{"_mousePosition":[683,384],"_rootPartCFrame":[759.555,227.122,44.228,-0.088,0,0.996,0,1,0,-0.996,0,-0.088],"_humanoidState":5,"_cameraCFrame":[766.319,242.367,41.871,-0.088,-0.889,0.449,0,0.451,0.893,-0.996,0.079,-0.04],"_shiftlockState":true,"_pose":"FreeFall","_animationQueue":[],"_animationSpeed":1,"_zoom":15.4},{"_mousePosition":[683,384],"_rootPartCFrame":[759.356,227.559,44.246,-0.088,0,0.996,0,1,0,-0.996,0,-0.088],"_humanoidState":5,"_cameraCFrame":[765.123,240.825,41.977,-0.088,-0.889,0.449,0,0.451,0.893,-0.996,0.079,-0.04],"_shiftlockState":true,"_pose":"FreeFall","_animationQueue":[],"_animationSpeed":1,"_zoom":15.4},{"_mousePosition":[683,384],"_rootPartCFrame":[759.091,228.095,44.27,-0.088,0,0.996,0,1,0,-0.996,0,-0.088],"_humanoidState":5,"_cameraCFrame":[764.95,241.545,41.993,-0.088,-0.889,0.449,0,0.451,0.893,-0.996,0.079,-0.04],"_shiftlockState":true,"_pose":"FreeFall","_animationQueue":[],"_animationSpeed":1,"_zoom":15.4},{"_mousePosition":[683,384],"_rootPartCFrame":[758.825,228.577,44.293,-0.088,0,0.996,0,1,0,-0.996,0,-0.088],"_humanoidState":5,"_cameraCFrame":[764.831,242.317,42.003,-0.088,-0.889,0.449,0,0.451,0.893,-0.996,0.079,-0.04],"_shiftlockState":true,"_pose":"FreeFall","_animationQueue":[],"_animationSpeed":1,"_zoom":15.4},{"_mousePosition":[683,384],"_rootPartCFrame":[758.559,229.004,44.317,-0.088,0,0.996,0,1,0,-0.996,0,-0.088],"_humanoidState":5,"_cameraCFrame":[764.744,243.099,42.011,-0.088,-0.889,0.449,0,0.451,0.893,-0.996,0.079,-0.04],"_shiftlockState":true,"_pose":"FreeFall","_animationQueue":[],"_animationSpeed":1,"_zoom":15.4},{"_mousePosition":[683,384],"_rootPartCFrame":[758.294,229.376,44.34,-0.088,0,0.996,0,1,0,-0.996,0,-0.088],"_humanoidState":5,"_cameraCFrame":[764.637,243.787,42.02,-0.088,-0.889,0.449,0,0.451,0.893,-0.996,0.079,-0.04],"_shiftlockState":true,"_pose":"FreeFall","_animationQueue":[],"_animationSpeed":1,"_zoom":15.4},{"_mousePosition":[683,384],"_rootPartCFrame":[757.962,229.765,44.37,-0.088,0,0.996,0,1,0,-0.996,0,-0.088],"_humanoidState":5,"_cameraCFrame":[764.411,244.387,42.04,-0.088,-0.889,0.449,0,0.451,0.893,-0.996,0.079,-0.04],"_shiftlockState":true,"_pose":"FreeFall","_animationQueue":[],"_animationSpeed":1,"_zoom":15.4},{"_mousePosition":[683,384],"_rootPartCFrame":[757.762,229.957,44.387,-0.088,0,0.996,0,1,0,-0.996,0,-0.088],"_humanoidState":5,"_cameraCFrame":[764.321,244.743,42.048,-0.088,-0.888,0.451,0,0.452,0.892,-0.996,0.079,-0.04],"_shiftlockState":true,"_pose":"FreeFall","_animationQueue":[],"_animationSpeed":1,"_zoom":15.4},{"_mousePosition":[683,384],"_rootPartCFrame":[757.497,230.166,44.411,-0.088,0,0.996,0,1,0,-0.996,0,-0.088],"_humanoidState":5,"_cameraCFrame":[764.175,245.074,42.032,-0.093,-0.886,0.454,0,0.456,0.89,-0.996,0.082,-0.042],"_shiftlockState":true,"_pose":"FreeFall","_animationQueue":[],"_animationSpeed":1,"_zoom":15.4},{"_mousePosition":[683,384],"_rootPartCFrame":[757.165,230.351,44.441,-0.092,0,0.996,0,1,0,-0.996,0,-0.092],"_humanoidState":5,"_cameraCFrame":[763.968,245.303,42.028,-0.096,-0.883,0.46,0,0.462,0.887,-0.995,0.085,-0.044],"_shiftlockState":true,"_pose":"FreeFall","_animationQueue":[],"_animationSpeed":1,"_zoom":15.4},{"_mousePosition":[683,384],"_rootPartCFrame":[756.899,230.437,44.465,-0.095,0,0.995,0,1,0,-0.995,0,-0.095],"_humanoidState":5,"_cameraCFrame":[763.796,245.42,42.029,-0.098,-0.881,0.464,0,0.466,0.885,-0.995,0.087,-0.046],"_shiftlockState":true,"_pose":"FreeFall","_animationQueue":[],"_animationSpeed":1,"_zoom":15.4},{"_mousePosition":[683,384],"_rootPartCFrame":[756.634,230.469,44.49,-0.097,0,0.995,0,1,0,-0.995,0,-0.097],"_humanoidState":5,"_cameraCFrame":[763.565,245.492,42.051,-0.098,-0.88,0.465,0,0.467,0.884,-0.995,0.087,-0.046],"_shiftlockState":true,"_pose":"FreeFall","_animationQueue":[],"_animationSpeed":1,"_zoom":15.4},{"_mousePosition":[683,384],"_rootPartCFrame":[756.368,230.446,44.516,-0.098,0,0.995,0,1,0,-0.995,0,-0.098],"_humanoidState":5,"_cameraCFrame":[763.313,245.498,42.068,-0.099,-0.88,0.464,0,0.467,0.884,-0.995,0.087,-0.046],"_shiftlockState":true,"_pose":"FreeFall","_animationQueue":[],"_animationSpeed":1,"_zoom":15.4},{"_mousePosition":[683,384],"_rootPartCFrame":[756.169,230.393,44.536,-0.099,0,0.995,0,1,0,-0.995,0,-0.099],"_humanoidState":5,"_cameraCFrame":[763.136,245.462,42.085,-0.099,-0.88,0.465,0,0.467,0.884,-0.995,0.087,-0.046],"_shiftlockState":true,"_pose":"FreeFall","_animationQueue":[],"_animationSpeed":1,"_zoom":15.4},{"_mousePosition":[683,384],"_rootPartCFrame":[755.904,230.275,44.562,-0.099,0,0.995,0,1,0,-0.995,0,-0.099],"_humanoidState":5,"_cameraCFrame":[762.879,245.359,42.111,-0.099,-0.88,0.465,0,0.467,0.884,-0.995,0.087,-0.046],"_shiftlockState":true,"_pose":"FreeFall","_animationQueue":[["fall",0.3]],"_animationSpeed":1,"_zoom":15.4},{"_mousePosition":[683,384],"_rootPartCFrame":[755.639,230.103,44.589,-0.099,0,0.995,0,1,0,-0.995,0,-0.099],"_humanoidState":5,"_cameraCFrame":[762.619,245.196,42.137,-0.099,-0.88,0.465,0,0.467,0.884,-0.995,0.087,-0.046],"_shiftlockState":true,"_pose":"FreeFall","_animationQueue":[],"_animationSpeed":1,"_zoom":15.4},{"_mousePosition":[683,384],"_rootPartCFrame":[755.373,229.875,44.615,-0.099,0,0.995,0,1,0,-0.995,0,-0.099],"_humanoidState":5,"_cameraCFrame":[762.357,244.976,42.163,-0.099,-0.88,0.465,0,0.467,0.884,-0.995,0.087,-0.046],"_shiftlockState":true,"_pose":"FreeFall","_animationQueue":[],"_animationSpeed":1,"_zoom":15.4},{"_mousePosition":[683,384],"_rootPartCFrame":[755.108,229.594,44.641,-0.099,0,0.995,0,1,0,-0.995,0,-0.099],"_humanoidState":5,"_cameraCFrame":[762.094,244.699,42.189,-0.099,-0.88,0.465,0,0.467,0.884,-0.995,0.087,-0.046],"_shiftlockState":true,"_pose":"FreeFall","_animationQueue":[],"_animationSpeed":1,"_zoom":15.4},{"_mousePosition":[683,384],"_rootPartCFrame":[754.776,229.165,44.674,-0.099,0,0.995,0,1,0,-0.995,0,-0.099],"_humanoidState":5,"_cameraCFrame":[761.764,244.273,42.222,-0.099,-0.88,0.465,0,0.467,0.884,-0.995,0.087,-0.046],"_shiftlockState":true,"_pose":"FreeFall","_animationQueue":[],"_animationSpeed":1,"_zoom":15.4},{"_mousePosition":[683,384],"_rootPartCFrame":[754.577,228.867,44.694,-0.099,0,0.995,0,1,0,-0.995,0,-0.099],"_humanoidState":5,"_cameraCFrame":[761.566,243.977,42.241,-0.099,-0.88,0.465,0,0.467,0.884,-0.995,0.087,-0.046],"_shiftlockState":true,"_pose":"FreeFall","_animationQueue":[],"_animationSpeed":1,"_zoom":15.4},{"_mousePosition":[683,384],"_rootPartCFrame":[754.312,228.422,44.721,-0.099,0,0.995,0,1,0,-0.995,0,-0.099],"_humanoidState":5,"_cameraCFrame":[761.301,243.533,42.268,-0.099,-0.88,0.465,0,0.467,0.884,-0.995,0.087,-0.046],"_shiftlockState":true,"_pose":"FreeFall","_animationQueue":[],"_animationSpeed":1,"_zoom":15.4},{"_mousePosition":[683,384],"_rootPartCFrame":[754.305,227.856,44.783,0.015,0,1,0.009,1,0,-1,0.009,0.015],"_humanoidState":5,"_cameraCFrame":[761.71,242.826,42.824,-0.03,-0.874,0.484,0,0.484,0.875,-1,0.026,-0.014],"_shiftlockState":true,"_pose":"FreeFall","_animationQueue":[["fall",0.3]],"_animationSpeed":1,"_zoom":15.4},{"_mousePosition":[683,384],"_rootPartCFrame":[754.312,227.475,44.826,-0.028,0,1,0.005,1,0,-1,0.005,-0.028],"_humanoidState":5,"_cameraCFrame":[762.828,241.877,45.94,0.328,-0.791,0.516,0,0.546,0.838,-0.945,-0.275,0.179],"_shiftlockState":true,"_pose":"FreeFall","_animationQueue":[],"_animationSpeed":1,"_zoom":15.4},{"_mousePosition":[683,384],"_rootPartCFrame":[754.466,227.603,44.833,0.321,0.001,0.947,0,1,-0.001,-0.947,0,0.321],"_humanoidState":12,"_cameraCFrame":[761.851,241.833,49.696,0.704,-0.587,0.399,0,0.563,0.827,-0.71,-0.582,0.396],"_shiftlockState":true,"_pose":"Climbing","_animationQueue":[["walk",0.1],["fall",0.3],["climb",0.1],["climb",0]],"_animationSpeed":-2.605,"_zoom":15.4},{"_mousePosition":[683,384],"_rootPartCFrame":[754.764,227.827,44.834,0.713,0,0.702,0,1,0,-0.702,0,0.713],"_humanoidState":8,"_cameraCFrame":[759.996,242.007,52.047,0.909,-0.343,0.236,0,0.567,0.823,-0.417,-0.749,0.516],"_shiftlockState":true,"_pose":"Standing","_animationQueue":[["climb",0.1],["walk",0.1],["idle",0.1]],"_animationSpeed":1,"_zoom":15.4},{"_mousePosition":[683,384],"_rootPartCFrame":[754.859,228.479,44.834,0.916,0.002,0.401,-0.002,1,-0.002,-0.401,0.001,0.916],"_humanoidState":3,"_cameraCFrame":[759.451,243.093,51.703,0.93,-0.312,0.192,0,0.524,0.852,-0.367,-0.792,0.488],"_shiftlockState":true,"_pose":"Jumping","_animationQueue":[["walk",0.1],["jump",0.1]],"_animationSpeed":1,"_zoom":15.4},{"_mousePosition":[683,384],"_rootPartCFrame":[754.879,229.498,44.834,0.933,0.001,0.359,-0.001,1,-0.001,-0.359,0,0.933],"_humanoidState":5,"_cameraCFrame":[760.242,245.017,48.701,0.779,-0.571,0.26,0,0.414,0.91,-0.627,-0.709,0.322],"_shiftlockState":true,"_pose":"FreeFall","_animationQueue":[["jump",0.1]],"_animationSpeed":1,"_zoom":15.4},{"_mousePosition":[683,384],"_rootPartCFrame":[754.879,230.252,44.834,0.779,0,0.627,0,1,0,-0.627,0,0.779],"_humanoidState":5,"_cameraCFrame":[760.217,246.2,46.559,0.589,-0.758,0.28,0,0.346,0.938,-0.808,-0.553,0.204],"_shiftlockState":true,"_pose":"FreeFall","_animationQueue":[],"_animationSpeed":1,"_zoom":15.4},{"_mousePosition":[683,384],"_rootPartCFrame":[754.879,230.951,44.834,0.589,0,0.808,0,1,0,-0.808,0,0.589],"_humanoidState":5,"_cameraCFrame":[760.602,246.807,46.006,0.485,-0.815,0.316,0,0.362,0.932,-0.875,-0.452,0.175],"_shiftlockState":true,"_pose":"FreeFall","_animationQueue":[],"_animationSpeed":1,"_zoom":15.4},{"_mousePosition":[683,384],"_rootPartCFrame":[754.879,231.596,44.834,0.485,0,0.875,0,1,0,-0.875,0,0.485],"_humanoidState":5,"_cameraCFrame":[760.956,247.342,45.427,0.378,-0.856,0.352,0,0.38,0.925,-0.926,-0.35,0.144],"_shiftlockState":true,"_pose":"FreeFall","_animationQueue":[],"_animationSpeed":1,"_zoom":15.4},{"_mousePosition":[683,384],"_rootPartCFrame":[754.857,232.186,44.822,0.388,0,0.922,0,1,0,-0.922,0,0.388],"_humanoidState":5,"_cameraCFrame":[761.084,247.88,44.91,0.294,-0.881,0.371,0,0.388,0.922,-0.956,-0.271,0.114],"_shiftlockState":true,"_pose":"FreeFall","_animationQueue":[],"_animationSpeed":1,"_zoom":15.4},{"_mousePosition":[683,384],"_rootPartCFrame":[754.817,232.593,44.802,0.304,0,0.953,0,1,0,-0.953,0,0.304],"_humanoidState":5,"_cameraCFrame":[761.256,248.188,44.498,0.226,-0.892,0.392,0,0.403,0.915,-0.974,-0.207,0.091],"_shiftlockState":true,"_pose":"FreeFall","_animationQueue":[],"_animationSpeed":1,"_zoom":15.4},{"_mousePosition":[683,384],"_rootPartCFrame":[754.703,233.204,44.756,0.238,0,0.971,0,1,0,-0.971,0,0.238],"_humanoidState":5,"_cameraCFrame":[761.26,248.738,44.235,0.189,-0.895,0.404,0,0.412,0.911,-0.982,-0.172,0.078],"_shiftlockState":true,"_pose":"FreeFall","_animationQueue":[],"_animationSpeed":1,"_zoom":15.4},{"_mousePosition":[683,384],"_rootPartCFrame":[754.568,233.631,44.711,0.195,0,0.981,0,1,0,-0.981,0,0.195],"_humanoidState":5,"_cameraCFrame":[761.185,249.129,44.017,0.161,-0.897,0.411,0,0.417,0.909,-0.987,-0.146,0.067],"_shiftlockState":true,"_pose":"FreeFall","_animationQueue":[],"_animationSpeed":1,"_zoom":15.4},{"_mousePosition":[683,384],"_rootPartCFrame":[754.393,234.003,44.663,0.165,0,0.986,0,1,0,-0.986,0,0.165],"_humanoidState":5,"_cameraCFrame":[761.105,249.444,43.757,0.127,-0.898,0.421,0,0.425,0.905,-0.992,-0.115,0.054],"_shiftlockState":true,"_pose":"FreeFall","_animationQueue":[],"_animationSpeed":1,"_zoom":15.4},{"_mousePosition":[683,384],"_rootPartCFrame":[754.31,234.158,44.633,0.093,0,0.996,0.004,1,-0.001,-0.996,0.004,0.093],"_humanoidState":12,"_cameraCFrame":[761.169,249.507,43.47,0.085,-0.896,0.436,0,0.437,0.899,-0.996,-0.077,0.037],"_shiftlockState":true,"_pose":"Climbing","_animationQueue":[["walk",0.1],["climb",0.1]],"_animationSpeed":1.76,"_zoom":15.4},{"_mousePosition":[683,384],"_rootPartCFrame":[754.288,234.387,44.615,0.041,0,0.999,0.004,1,0,-0.999,0.004,0.041],"_humanoidState":12,"_cameraCFrame":[761.299,249.643,43.26,0.056,-0.892,0.449,0,0.45,0.893,-0.998,-0.05,0.025],"_shiftlockState":true,"_pose":"Climbing","_animationQueue":[["climb",0.1]],"_animationSpeed":0.8,"_zoom":15.4},{"_mousePosition":[683,384],"_rootPartCFrame":[754.288,234.527,44.614,0.053,0,0.999,0.001,1,0,-0.999,0.001,0.053],"_humanoidState":12,"_cameraCFrame":[761.432,249.704,43.159,0.041,-0.887,0.459,0,0.46,0.888,-0.999,-0.037,0.019],"_shiftlockState":true,"_pose":"Climbing","_animationQueue":[["climb",0.1]],"_animationSpeed":0.932,"_zoom":15.4},{"_mousePosition":[683,384],"_rootPartCFrame":[754.288,234.76,44.615,0.041,0,0.999,0,1,0,-0.999,0,0.041],"_humanoidState":12,"_cameraCFrame":[761.594,249.845,43.096,0.032,-0.882,0.471,0,0.471,0.882,-0.999,-0.028,0.015],"_shiftlockState":true,"_pose":"Climbing","_animationQueue":[],"_animationSpeed":0.932,"_zoom":15.4},{"_mousePosition":[683,384],"_rootPartCFrame":[754.288,234.947,44.615,0.025,0,1,0,1,0,-1,0,0.025],"_humanoidState":12,"_cameraCFrame":[761.742,249.945,43.043,0.024,-0.876,0.481,0,0.481,0.876,-1,-0.021,0.012],"_shiftlockState":true,"_pose":"Climbing","_animationQueue":[["climb",0.1]],"_animationSpeed":0.932,"_zoom":15.4},{"_mousePosition":[683,384],"_rootPartCFrame":[754.288,235.134,44.615,0.024,0,1,0,1,0,-1,0,0.024],"_humanoidState":12,"_cameraCFrame":[761.747,250.126,43.02,0.021,-0.876,0.482,0,0.482,0.876,-1,-0.018,0.01],"_shiftlockState":true,"_pose":"Climbing","_animationQueue":[],"_animationSpeed":0.932,"_zoom":15.4},{"_mousePosition":[683,384],"_rootPartCFrame":[754.288,235.32,44.615,0.021,0,1,0,1,0,-1,0,0.021],"_humanoidState":12,"_cameraCFrame":[761.759,250.3,42.973,0.014,-0.875,0.483,0,0.484,0.875,-1,-0.013,0.007],"_shiftlockState":true,"_pose":"Climbing","_animationQueue":[],"_animationSpeed":0.932,"_zoom":15.4},{"_mousePosition":[683,384],"_rootPartCFrame":[754.288,235.507,44.615,0.014,0,1,0,1,0,-1,0,0.014],"_humanoidState":12,"_cameraCFrame":[761.763,250.481,42.942,0.01,-0.875,0.484,0,0.484,0.875,-1,-0.009,0.005],"_shiftlockState":true,"_pose":"Climbing","_animationQueue":[],"_animationSpeed":0.932,"_zoom":15.4},{"_mousePosition":[683,384],"_rootPartCFrame":[754.288,235.647,44.615,0.01,0,1,0,1,0,-1,0,0.01],"_humanoidState":12,"_cameraCFrame":[761.756,250.621,42.91,0.006,-0.875,0.484,0,0.484,0.875,-1,-0.005,0.003],"_shiftlockState":true,"_pose":"Climbing","_animationQueue":[],"_animationSpeed":0.932,"_zoom":15.4},{"_mousePosition":[683,384],"_rootPartCFrame":[754.288,235.834,44.615,0.006,0,1,0,1,0,-1,0,0.006],"_humanoidState":12,"_cameraCFrame":[761.751,250.808,42.887,0.003,-0.875,0.484,0,0.484,0.875,-1,-0.003,0.001],"_shiftlockState":true,"_pose":"Climbing","_animationQueue":[],"_animationSpeed":0.932,"_zoom":15.4},{"_mousePosition":[683,384],"_rootPartCFrame":[754.288,236.02,44.615,0.003,0,1,0,1,0,-1,0,0.003],"_humanoidState":12,"_cameraCFrame":[761.749,250.994,42.879,0.002,-0.875,0.484,0,0.484,0.875,-1,-0.002,0.001],"_shiftlockState":true,"_pose":"Climbing","_animationQueue":[],"_animationSpeed":0.932,"_zoom":15.4},{"_mousePosition":[683,384],"_rootPartCFrame":[754.288,236.207,44.615,0.002,0,1,0,1,0,-1,0,0.002],"_humanoidState":12,"_cameraCFrame":[761.747,251.181,42.871,0.001,-0.875,0.484,0,0.484,0.875,-1,-0.001,0],"_shiftlockState":true,"_pose":"Climbing","_animationQueue":[],"_animationSpeed":0.932,"_zoom":15.4},{"_mousePosition":[683,384],"_rootPartCFrame":[754.288,236.44,44.615,0.001,0,1,0,1,0,-1,0,0.001],"_humanoidState":12,"_cameraCFrame":[761.758,251.408,42.871,0.001,-0.875,0.485,0,0.485,0.875,-1,-0.001,0],"_shiftlockState":true,"_pose":"Climbing","_animationQueue":[],"_animationSpeed":0.932,"_zoom":15.4},{"_mousePosition":[683,384],"_rootPartCFrame":[754.288,236.627,44.615,0.001,0,1,0,1,0,-1,0,0.001],"_humanoidState":12,"_cameraCFrame":[761.756,251.595,42.864,0,-0.875,0.485,0,0.485,0.875,-1,0,0],"_shiftlockState":true,"_pose":"Climbing","_animationQueue":[],"_animationSpeed":0.932,"_zoom":15.4},{"_mousePosition":[683,384],"_rootPartCFrame":[754.288,236.767,44.615,0,0,1,0,1,0,-1,0,0],"_humanoidState":12,"_cameraCFrame":[761.756,251.735,42.864,0,-0.875,0.485,0,0.485,0.875,-1,0,0],"_shiftlockState":true,"_pose":"Climbing","_animationQueue":[],"_animationSpeed":0.932,"_zoom":15.4},{"_mousePosition":[683,384],"_rootPartCFrame":[754.288,236.953,44.615,0,0,1,0,1,0,-1,0,0],"_humanoidState":12,"_cameraCFrame":[761.756,251.921,42.864,0,-0.875,0.485,0,0.485,0.875,-1,0,0],"_shiftlockState":true,"_pose":"Climbing","_animationQueue":[],"_animationSpeed":0.932,"_zoom":15.4},{"_mousePosition":[683,384],"_rootPartCFrame":[754.288,237.14,44.615,0,0,1,0,1,0,-1,0,0],"_humanoidState":12,"_cameraCFrame":[761.756,252.108,42.864,0,-0.875,0.485,0,0.485,0.875,-1,0,0],"_shiftlockState":true,"_pose":"Climbing","_animationQueue":[["climb",0]],"_animationSpeed":0.932,"_zoom":15.4},{"_mousePosition":[683,384],"_rootPartCFrame":[754.288,237.327,44.615,0,0,1,0,1,0,-1,0,0],"_humanoidState":12,"_cameraCFrame":[761.756,252.295,42.864,0,-0.875,0.485,0,0.485,0.875,-1,0,0],"_shiftlockState":true,"_pose":"Climbing","_animationQueue":[],"_animationSpeed":0.932,"_zoom":15.4},{"_mouseP