[{"_mousePosition":[716,382],"_rootPartCFrame":[776.029,222.7,47.142,0,0,1,0,1,0,-1,0,0],"_humanoidState":8,"_cameraCFrame":[776.712,239.64,42.544,-0.989,-0.141,0.042,0,0.288,0.958,-0.147,0.947,-0.285],"_shiftlockState":false,"_pose":"Standing","_animationQueue":[],"_animationSpeed":1,"_zoom":16.125},{"_mousePosition":[716,382],"_rootPartCFrame":[775.729,222.7,47.099,0.023,0,1,0,1,0,-1,0,0.023],"_humanoidState":8,"_cameraCFrame":[776.411,239.64,42.501,-0.989,-0.141,0.042,0,0.288,0.958,-0.147,0.947,-0.285],"_shiftlockState":false,"_pose":"Standing","_animationQueue":[],"_animationSpeed":1,"_zoom":16.125},{"_mousePosition":[716,382],"_rootPartCFrame":[775.597,222.7,47.08,0.032,0,0.999,0,1,0,-0.999,0,0.032],"_humanoidState":8,"_cameraCFrame":[776.28,239.64,42.481,-0.989,-0.141,0.042,0,0.288,0.958,-0.147,0.947,-0.285],"_shiftlockState":false,"_pose":"Running","_animationQueue":[["walk",0.1]],"_animationSpeed":1.089,"_zoom":16.125},{"_mousePosition":[716,382],"_rootPartCFrame":[775.334,222.7,47.041,0.047,0,0.999,0,1,0,-0.999,0,0.047],"_humanoidState":8,"_cameraCFrame":[776.016,239.64,42.442,-0.989,-0.141,0.042,0,0.288,0.958,-0.147,0.947,-0.285],"_shiftlockState":false,"_pose":"Running","_animationQueue":[],"_animationSpeed":1.089,"_zoom":16.125},{"_mousePosition":[716,382],"_rootPartCFrame":[775.07,222.7,47.002,0.061,0,0.998,0,1,0,-0.998,0,0.061],"_humanoidState":8,"_cameraCFrame":[775.783,239.649,42.438,-0.988,-0.148,0.044,0,0.286,0.958,-0.154,0.947,-0.283],"_shiftlockState":false,"_pose":"Running","_animationQueue":[["walk",0.1]],"_animationSpeed":1.089,"_zoom":16.125},{"_mousePosition":[716,382],"_rootPartCFrame":[774.806,222.7,46.962,0.072,0,0.997,0,1,0,-0.997,0,0.072],"_humanoidState":8,"_cameraCFrame":[775.521,239.667,42.46,-0.988,-0.15,0.044,0,0.283,0.959,-0.157,0.947,-0.279],"_shiftlockState":false,"_pose":"Running","_animationQueue":[],"_animationSpeed":1.089,"_zoom":16.125},{"_mousePosition":[716,382],"_rootPartCFrame":[774.411,222.7,46.901,0.089,0,0.996,0,1,0,-0.996,0,0.089],"_humanoidState":8,"_cameraCFrame":[775.139,239.684,42.462,-0.987,-0.155,0.045,0,0.279,0.96,-0.162,0.948,-0.275],"_shiftlockState":false,"_pose":"Running","_animationQueue":[],"_animationSpeed":1.089,"_zoom":16.125},{"_mousePosition":[716,382],"_rootPartCFrame":[774.279,222.7,46.88,0.094,0,0.996,0,1,0,-0.996,0,0.094],"_humanoidState":8,"_cameraCFrame":[775.047,239.71,42.54,-0.985,-0.168,0.048,0,0.273,0.962,-0.174,0.947,-0.269],"_shiftlockState":false,"_pose":"Running","_animationQueue":[],"_animationSpeed":1.089,"_zoom":16.125},{"_mousePosition":[716,382],"_rootPartCFrame":[773.884,222.7,46.815,0.107,0,0.994,0,1,0,-0.994,0,0.107],"_humanoidState":8,"_cameraCFrame":[774.669,239.736,42.57,-0.983,-0.175,0.049,0,0.268,0.963,-0.182,0.947,-0.263],"_shiftlockState":false,"_pose":"Running","_animationQueue":[],"_animationSpeed":1.089,"_zoom":16.125},{"_mousePosition":[716,382],"_rootPartCFrame":[773.753,222.7,46.792,0.112,0,0.994,0,1,0,-0.994,0,0.112],"_humanoidState":8,"_cameraCFrame":[774.569,239.753,42.615,-0.981,-0.185,0.051,0,0.264,0.965,-0.192,0.947,-0.259],"_shiftlockState":false,"_pose":"Running","_animationQueue":[],"_animationSpeed":1.089,"_zoom":16.125},{"_mousePosition":[716,382],"_rootPartCFrame":[773.491,222.7,46.744,0.121,0,0.993,0,1,0,-0.993,0,0.121],"_humanoidState":8,"_cameraCFrame":[774.337,239.769,42.634,-0.979,-0.195,0.052,0,0.26,0.966,-0.202,0.946,-0.255],"_shiftlockState":false,"_pose":"Running","_animationQueue":[["walk",0.1]],"_animationSpeed":1.089,"_zoom":16.125},{"_mousePosition":[716,382],"_rootPartCFrame":[773.229,222.7,46.693,0.131,0,0.991,0,1,0,-0.991,0,0.131],"_humanoidState":8,"_cameraCFrame":[774.124,239.785,42.656,-0.976,-0.209,0.056,0,0.256,0.967,-0.216,0.944,-0.25],"_shiftlockState":false,"_pose":"Running","_animationQueue":[],"_animationSpeed":1.089,"_zoom":16.125},{"_mousePosition":[716,382],"_rootPartCFrame":[772.968,222.7,46.64,0.14,0,0.99,0,1,0,-0.99,0,0.14],"_humanoidState":8,"_cameraCFrame":[773.933,239.809,42.713,-0.971,-0.231,0.06,0,0.251,0.968,-0.239,0.94,-0.244],"_shiftlockState":false,"_pose":"Running","_animationQueue":[],"_animationSpeed":1.089,"_zoom":16.125},{"_mousePosition":[716,382],"_rootPartCFrame":[772.707,222.7,46.582,0.15,0,0.989,0,1,0,-0.989,0,0.15],"_humanoidState":8,"_cameraCFrame":[773.746,239.825,42.737,-0.965,-0.253,0.064,0,0.247,0.969,-0.261,0.936,-0.238],"_shiftlockState":false,"_pose":"Running","_animationQueue":[],"_animationSpeed":1.089,"_zoom":16.125},{"_mousePosition":[716,382],"_rootPartCFrame":[772.319,222.725,46.487,0.168,0,0.986,0,1,0,-0.986,0,0.168],"_humanoidState":8,"_cameraCFrame":[773.428,239.873,42.757,-0.959,-0.277,0.069,0,0.241,0.97,-0.285,0.93,-0.231],"_shiftlockState":false,"_pose":"Running","_animationQueue":[],"_animationSpeed":1.089,"_zoom":16.125},{"_mousePosition":[716,382],"_rootPartCFrame":[772.19,222.739,46.453,0.174,0,0.985,0,1,0,-0.985,0,0.174],"_humanoidState":8,"_cameraCFrame":[773.347,239.91,42.833,-0.953,-0.296,0.072,0,0.236,0.972,-0.304,0.926,-0.224],"_shiftlockState":false,"_pose":"Running","_animationQueue":[],"_animationSpeed":1.089,"_zoom":16.125},{"_mousePosition":[716,382],"_rootPartCFrame":[771.934,222.765,46.378,0.189,0,0.982,0,1,0,-0.982,0,0.189],"_humanoidState":8,"_cameraCFrame":[771.499,239.95,42.272,-0.945,-0.317,0.076,0,0.232,0.973,-0.326,0.92,-0.219],"_shiftlockState":true,"_pose":"Running","_animationQueue":[],"_animationSpeed":1.089,"_zoom":16.125},{"_mousePosition":[683,384],"_rootPartCFrame":[771.553,222.811,46.256,-0.98,0,0.199,0,1,0,-0.199,0,-0.98],"_humanoidState":8,"_cameraCFrame":[771.117,239.996,42.151,-0.945,-0.317,0.076,0,0.232,0.973,-0.326,0.92,-0.219],"_shiftlockState":true,"_pose":"Running","_animationQueue":[["walk",0.1]],"_animationSpeed":1.089,"_zoom":16.125},{"_mousePosition":[683,384],"_rootPartCFrame":[771.364,222.847,46.192,-0.952,0,0.305,0,1,0,-0.305,0,-0.952],"_humanoidState":8,"_cameraCFrame":[770.98,240.039,42.109,-0.94,-0.331,0.078,0,0.23,0.973,-0.34,0.915,-0.216],"_shiftlockState":true,"_pose":"Running","_animationQueue":[],"_animationSpeed":1.089,"_zoom":16.125},{"_mousePosition":[683,384],"_rootPartCFrame":[771.111,222.864,46.105,-0.942,0,0.337,0,1,0,-0.337,0,-0.942],"_humanoidState":8,"_cameraCFrame":[770.769,240.056,42.019,-0.937,-0.34,0.08,0,0.23,0.973,-0.35,0.912,-0.215],"_shiftlockState":true,"_pose":"Running","_animationQueue":[],"_animationSpeed":1.089,"_zoom":16.125},{"_mousePosition":[683,384],"_rootPartCFrame":[770.86,222.825,46.015,-0.937,0,0.349,0,1,0,-0.349,0,-0.937],"_humanoidState":8,"_cameraCFrame":[770.518,240.017,41.928,-0.937,-0.34,0.08,0,0.23,0.973,-0.35,0.912,-0.215],"_shiftlockState":true,"_pose":"Running","_animationQueue":[],"_animationSpeed":1.089,"_zoom":16.125},{"_mousePosition":[683,384],"_rootPartCFrame":[770.61,222.824,45.922,-0.937,0,0.35,0,1,0,-0.35,0,-0.937],"_humanoidState":8,"_cameraCFrame":[770.268,240.016,41.835,-0.937,-0.34,0.08,0,0.23,0.973,-0.35,0.912,-0.215],"_shiftlockState":true,"_pose":"Running","_animationQueue":[],"_animationSpeed":1.089,"_zoom":16.125},{"_mousePosition":[683,384],"_rootPartCFrame":[770.361,222.823,45.829,-0.937,0,0.35,0,1,0,-0.35,0,-0.937],"_humanoidState":8,"_cameraCFrame":[770.019,240.016,41.742,-0.937,-0.34,0.08,0,0.23,0.973,-0.35,0.912,-0.215],"_shiftlockState":true,"_pose":"Running","_animationQueue":[],"_animationSpeed":1.089,"_zoom":16.125},{"_mousePosition":[683,384],"_rootPartCFrame":[770.111,222.776,45.735,-0.937,0,0.35,0,1,0,-0.35,0,-0.937],"_humanoidState":8,"_cameraCFrame":[769.769,239.969,41.649,-0.937,-0.34,0.08,0,0.23,0.973,-0.35,0.912,-0.215],"_shiftlockState":true,"_pose":"Running","_animationQueue":[],"_animationSpeed":1.089,"_zoom":16.125},{"_mousePosition":[683,384],"_rootPartCFrame":[769.861,222.675,45.642,-0.937,0,0.35,0,1,0,-0.35,0,-0.937],"_humanoidState":8,"_cameraCFrame":[769.519,239.867,41.556,-0.937,-0.34,0.08,0,0.23,0.973,-0.35,0.912,-0.215],"_shiftlockState":true,"_pose":"Running","_animationQueue":[["walk",0.1]],"_animationSpeed":1.089,"_zoom":16.125},{"_mousePosition":[683,384],"_rootPartCFrame":[769.611,222.519,45.549,-0.937,0,0.35,0,1,0,-0.35,0,-0.937],"_humanoidState":8,"_cameraCFrame":[769.269,239.712,41.462,-0.937,-0.34,0.08,0,0.23,0.973,-0.35,0.912,-0.215],"_shiftlockState":true,"_pose":"Running","_animationQueue":[],"_animationSpeed":1.089,"_zoom":16.125},{"_mousePosition":[683,384],"_rootPartCFrame":[769.299,223.589,45.432,-0.937,0,0.35,0,1,0,-0.35,0,-0.937],"_humanoidState":3,"_cameraCFrame":[768.957,240.789,41.373,-0.936,-0.343,0.08,0,0.228,0.974,-0.352,0.911,-0.213],"_shiftlockState":true,"_pose":"Jumping","_animationQueue":[["walk",0.1],["jump",0.1]],"_animationSpeed":1,"_zoom":16.125},{"_mousePosition":[683,384],"_rootPartCFrame":[769.049,224.384,45.339,-0.9,0,0.437,0,1,0,-0.437,0,-0.9],"_humanoidState":5,"_cameraCFrame":[768.696,241.591,41.309,-0.936,-0.343,0.08,0,0.226,0.974,-0.352,0.912,-0.212],"_shiftlockState":true,"_pose":"FreeFall","_animationQueue":[["jump",0.1]],"_animationSpeed":1,"_zoom":16.125},{"_mousePosition":[683,384],"_rootPartCFrame":[768.8,225.124,45.245,-0.883,0,0.469,0,1,0,-0.469,0,-0.883],"_humanoidState":5,"_cameraCFrame":[768.436,242.338,41.244,-0.936,-0.343,0.079,0,0.224,0.975,-0.352,0.912,-0.21],"_shiftlockState":true,"_pose":"FreeFall","_animationQueue":[],"_animationSpeed":1,"_zoom":16.125},{"_mousePosition":[683,384],"_rootPartCFrame":[768.55,225.81,45.151,-0.881,0,0.473,0,1,0,-0.473,0,-0.881],"_humanoidState":5,"_cameraCFrame":[768.186,243.024,41.15,-0.936,-0.343,0.079,0,0.224,0.975,-0.352,0.912,-0.21],"_shiftlockState":true,"_pose":"FreeFall","_animationQueue":[],"_animationSpeed":1,"_zoom":16.125},{"_mousePosition":[683,384],"_rootPartCFrame":[768.301,226.441,45.057,-0.881,0,0.473,0,1,0,-0.473,0,-0.881],"_humanoidState":5,"_cameraCFrame":[767.906,243.662,41.086,-0.938,-0.339,0.077,0,0.222,0.975,-0.347,0.914,-0.209],"_shiftlockState":true,"_pose":"FreeFall","_animationQueue":[],"_animationSpeed":1,"_zoom":16.125},{"_mousePosition":[683,384],"_rootPartCFrame":[768.051,227.018,44.963,-0.883,0,0.469,0,1,0,-0.469,0,-0.883],"_humanoidState":5,"_cameraCFrame":[767.585,244.26,41.083,-0.941,-0.33,0.073,0,0.217,0.976,-0.338,0.919,-0.204],"_shiftlockState":true,"_pose":"FreeFall","_animationQueue":[],"_animationSpeed":1,"_zoom":16.125},{"_mousePosition":[683,384],"_rootPartCFrame":[767.864,227.415,44.894,-0.903,0,0.43,0,1,0,-0.43,0,-0.903],"_humanoidState":5,"_cameraCFrame":[767.348,244.67,41.075,-0.944,-0.323,0.07,0,0.213,0.977,-0.331,0.922,-0.201],"_shiftlockState":true,"_pose":"FreeFall","_animationQueue":[],"_animationSpeed":1,"_zoom":16.125},{"_mousePosition":[683,384],"_rootPartCFrame":[767.613,227.896,44.803,-0.891,0,0.453,0,1,0,-0.453,0,-0.891],"_humanoidState":5,"_cameraCFrame":[767.048,245.165,41.047,-0.946,-0.316,0.068,0,0.209,0.978,-0.324,0.925,-0.198],"_shiftlockState":true,"_pose":"FreeFall","_animationQueue":[],"_animationSpeed":1,"_zoom":16.125},{"_mousePosition":[683,384],"_rootPartCFrame":[767.362,228.323,44.715,-0.895,0,0.446,0,1,0,-0.446,0,-0.895],"_humanoidState":5,"_cameraCFrame":[766.758,245.605,41.02,-0.948,-0.312,0.065,0,0.205,0.979,-0.319,0.928,-0.195],"_shiftlockState":true,"_pose":"FreeFall","_animationQueue":[],"_animationSpeed":1,"_zoom":16.125},{"_mousePosition":[683,384],"_rootPartCFrame":[767.109,228.695,44.628,-0.897,0,0.442,0,1,0,-0.442,0,-0.897],"_humanoidState":5,"_cameraCFrame":[766.487,245.983,40.964,-0.949,-0.31,0.064,0,0.203,0.979,-0.316,0.929,-0.193],"_shiftlockState":true,"_pose":"FreeFall","_animationQueue":[],"_animationSpeed":1,"_zoom":16.125},{"_mousePosition":[683,384],"_rootPartCFrame":[766.857,229.013,44.543,-0.898,0,0.44,0,1,0,-0.44,0,-0.898],"_humanoidState":5,"_cameraCFrame":[766.187,246.314,40.942,-0.951,-0.303,0.062,0,0.2,0.98,-0.309,0.932,-0.19],"_shiftlockState":true,"_pose":"FreeFall","_animationQueue":[],"_animationSpeed":1,"_zoom":16.125},{"_mousePosition":[683,384],"_rootPartCFrame":[766.604,229.277,44.458,-0.901,0,0.433,0,1,0,-0.433,0,-0.901],"_humanoidState":5,"_cameraCFrame":[765.87,246.596,40.952,-0.954,-0.294,0.058,0,0.194,0.981,-0.3,0.936,-0.185],"_shiftlockState":true,"_pose":"FreeFall","_animationQueue":[],"_animationSpeed":1,"_zoom":16.125},{"_mousePosition":[683,384],"_rootPartCFrame":[766.35,229.485,44.376,-0.906,0,0.424,0,1,0,-0.424,0,-0.906],"_humanoidState":5,"_cameraCFrame":[765.563,246.823,40.964,-0.956,-0.287,0.055,0,0.188,0.982,-0.292,0.939,-0.18],"_shiftlockState":true,"_pose":"FreeFall","_animationQueue":[],"_animationSpeed":1,"_zoom":16.125},{"_mousePosition":[683,384],"_rootPartCFrame":[766.032,229.67,44.275,-0.895,0,0.447,0,1,0,-0.447,0,-0.895],"_humanoidState":5,"_cameraCFrame":[765.206,246.77,40.941,-0.958,-0.282,0.054,0,0.186,0.983,-0.287,0.941,-0.178],"_shiftlockState":true,"_pose":"FreeFall","_animationQueue":[],"_animationSpeed":1,"_zoom":16.125},{"_mousePosition":[683,384],"_rootPartCFrame":[765.841,229.74,44.217,-0.924,0,0.382,0,1,0,-0.382,0,-0.924],"_humanoidState":5,"_cameraCFrame":[764.965,246.235,41.024,-0.959,-0.28,0.053,0,0.184,0.983,-0.285,0.942,-0.177],"_shiftlockState":true,"_pose":"FreeFall","_animationQueue":[],"_animationSpeed":1,"_zoom":16.125},{"_mousePosition":[683,384],"_rootPartCFrame":[765.586,229.785,44.14,-0.912,0,0.41,0,1,0,-0.41,0,-0.912],"_humanoidState":5,"_cameraCFrame":[764.678,245.698,41.051,-0.959,-0.28,0.053,0,0.184,0.983,-0.285,0.942,-0.177],"_shiftlockState":true,"_pose":"FreeFall","_animationQueue":[],"_animationSpeed":1,"_zoom":16.125},{"_mousePosition":[683,384],"_rootPartCFrame":[765.33,229.776,44.064,-0.912,0,0.41,0,1,0,-0.41,0,-0.912],"_humanoidState":5,"_cameraCFrame":[764.395,245.172,41.068,-0.959,-0.28,0.053,0,0.184,0.983,-0.285,0.942,-0.177],"_shiftlockState":true,"_pose":"FreeFall","_animationQueue":[],"_animationSpeed":1,"_zoom":16.125},{"_mousePosition":[683,384],"_rootPartCFrame":[765.075,229.712,43.988,-0.912,0,0.41,0,1,0,-0.41,0,-0.912],"_humanoidState":5,"_cameraCFrame":[764.116,244.662,41.072,-0.959,-0.28,0.053,0,0.184,0.983,-0.285,0.942,-0.177],"_shiftlockState":true,"_pose":"FreeFall","_animationQueue":[],"_animationSpeed":1,"_zoom":16.125},{"_mousePosition":[683,384],"_rootPartCFrame":[764.819,229.594,43.912,-0.912,0,0.41,0,1,0,-0.41,0,-0.912],"_humanoidState":5,"_cameraCFrame":[763.842,244.204,41.057,-0.959,-0.28,0.053,0,0.184,0.983,-0.285,0.942,-0.177],"_shiftlockState":true,"_pose":"FreeFall","_animationQueue":[["fall",0.3]],"_animationSpeed":1,"_zoom":16.125},{"_mousePosition":[683,384],"_rootPartCFrame":[764.563,229.422,43.836,-0.912,0,0.41,0,1,0,-0.41,0,-0.912],"_humanoidState":5,"_cameraCFrame":[763.574,243.794,41.024,-0.959,-0.28,0.053,0,0.184,0.983,-0.285,0.942,-0.177],"_shiftlockState":true,"_pose":"FreeFall","_animationQueue":[],"_animationSpeed":1,"_zoom":16.125},{"_mousePosition":[683,384],"_rootPartCFrame":[764.308,229.195,43.76,-0.912,0,0.41,0,1,0,-0.41,0,-0.912],"_humanoidState":5,"_cameraCFrame":[763.301,243.389,41.004,-0.959,-0.28,0.052,0,0.182,0.983,-0.285,0.942,-0.175],"_shiftlockState":true,"_pose":"FreeFall","_animationQueue":[],"_animationSpeed":1,"_zoom":16.125},{"_mousePosition":[683,384],"_rootPartCFrame":[764.052,228.913,43.683,-0.912,0,0.41,0,1,0,-0.41,0,-0.912],"_humanoidState":5,"_cameraCFrame":[763.032,242.983,40.975,-0.959,-0.28,0.051,0,0.18,0.984,-0.285,0.943,-0.173],"_shiftlockState":true,"_pose":"FreeFall","_animationQueue":[],"_animationSpeed":1,"_zoom":16.125},{"_mousePosition":[683,384],"_rootPartCFrame":[763.796,228.577,43.607,-0.912,0,0.41,0,1,0,-0.41,0,-0.912],"_humanoidState":5,"_cameraCFrame":[762.778,242.566,40.953,-0.956,-0.288,0.052,0,0.177,0.984,-0.292,0.941,-0.169],"_shiftlockState":true,"_pose":"FreeFall","_animationQueue":[],"_animationSpeed":1,"_zoom":16.125},{"_mousePosition":[683,384],"_rootPartCFrame":[763.541,228.186,43.531,-0.909,0,0.417,0,1,0,-0.417,0,-0.909],"_humanoidState":5,"_cameraCFrame":[762.568,242.121,40.9,-0.949,-0.309,0.055,0,0.174,0.985,-0.314,0.935,-0.165],"_shiftlockState":true,"_pose":"FreeFall","_animationQueue":[],"_animationSpeed":1,"_zoom":16.125},{"_mousePosition":[683,384],"_rootPartCFrame":[763.286,227.741,43.454,-0.899,0,0.437,0,1,0,-0.437,0,-0.899],"_humanoidState":5,"_cameraCFrame":[762.334,240.298,41.013,-0.936,-0.347,0.061,0,0.174,0.985,-0.352,0.922,-0.163],"_shiftlockState":true,"_pose":"FreeFall","_animationQueue":[["fall",0.3]],"_animationSpeed":1,"_zoom":16.125},{"_mousePosition":[683,384],"_rootPartCFrame":[763.032,227.242,43.371,-0.881,0,0.473,0,1,0,-0.473,0,-0.881],"_humanoidState":5,"_cameraCFrame":[761.998,236.026,41.463,-0.904,-0.42,0.074,0,0.174,0.985,-0.427,0.891,-0.157],"_shiftlockState":true,"_pose":"FreeFall","_animationQueue":[],"_animationSpeed":1,"_zoom":16.125},{"_mousePosition":[683,384],"_rootPartCFrame":[762.782,226.687,43.278,-0.84,0,0.543,0,1,0,-0.543,0,-0.84],"_humanoidState":5,"_cameraCFrame":[761.662,232.017,41.774,-0.846,-0.525,0.093,0,0.174,0.985,-0.533,0.833,-0.147],"_shiftlockState":true,"_pose":"FreeFall","_animationQueue":[],"_animationSpeed":1,"_zoom":16.125},{"_mousePosition":[683,384],"_rootPartCFrame":[762.539,226.079,43.169,-0.768,0,0.641,0,1,0,-0.641,0,-0.768],"_humanoidState":5,"_cameraCFrame":[761.746,232.125,41.415,-0.754,-0.647,0.114,0,0.174,0.985,-0.657,0.742,-0.131],"_shiftlockState":true,"_pose":"FreeFall","_animationQueue":[],"_animationSpeed":1,"_zoom":16.125},{"_mousePosition":[683,384],"_rootPartCFrame":[762.308,225.416,43.036,-0.66,0,0.751,0,1,0,-0.751,0,-0.66],"_humanoidState":5,"_cameraCFrame":[762.064,232.777,41.019,-0.608,-0.782,0.138,0,0.174,0.985,-0.794,0.599,-0.106],"_shiftlockState":true,"_pose":"FreeFall","_animationQueue":[],"_animationSpeed":1,"_zoom":16.125},{"_mousePosition":[683,384],"_rootPartCFrame":[762.096,224.698,42.876,-0.498,0,0.867,0,1,0,-0.867,0,-0.498],"_humanoidState":5,"_cameraCFrame":[762.571,233.528,40.753,-0.404,-0.901,0.159,0,0.174,0.985,-0.915,0.398,-0.07],"_shiftlockState":true,"_pose":"FreeFall","_animationQueue":[],"_animationSpeed":1,"_zoom":16.125},{"_mousePosition":[683,384],"_rootPartCFrame":[761.91,223.926,42.688,-0.279,0,0.96,0,1,0,-0.96,0,-0.279],"_humanoidState":5,"_cameraCFrame":[763.367,234.111,40.875,-0.042,-0.984,0.173,0,0.174,0.985,-0.999,0.041,-0.007],"_shiftlockState":true,"_pose":"FreeFall","_animationQueue":[],"_animationSpeed":1,"_zoom":16.125},{"_mousePosition":[683,384],"_rootPartCFrame":[761.962,223.195,42.826,0.109,-0.002,0.994,0.001,1,0.002,-0.994,0.001,0.109],"_humanoidState":5,"_cameraCFrame":[763.982,234.342,41.463,0.205,-0.964,0.17,0,0.174,0.985,-0.979,-0.202,0.036],"_shiftlockState":true,"_pose":"FreeFall","_animationQueue":[["fall",0.3]],"_animationSpeed":1,"_zoom":16.125},{"_mousePosition":[683,384],"_rootPartCFrame":[761.973,223.083,42.734,0.249,0,0.968,0,1,0,-0.968,0,0.249],"_humanoidState":7,"_cameraCFrame":[764.352,234.972,41.863,0.4,-0.903,0.159,0,0.174,0.985,-0.917,-0.394,0.069],"_shiftlockState":true,"_pose":"FreeFall","_animationQueue":[["walk",0.1],["fall",0.3],["fall",0.3]],"_animationSpeed":1,"_zoom":16.125},{"_mousePosition":[683,384],"_rootPartCFrame":[762.003,223.082,42.555,0.407,0.001,0.914,-0.001,1,-0.001,-0.914,0,0.407],"_humanoidState":7,"_cameraCFrame":[764.579,235.442,42.128,0.54,-0.828,0.148,0,0.176,0.984,-0.841,-0.532,0.095],"_shiftlockState":true,"_pose":"FreeFall","_animationQueue":[],"_animationSpeed":1,"_zoom":16.125},{"_mousePosition":[683,384],"_rootPartCFrame":[762.102,222.978,42.309,0.549,0,0.836,0,1,0,-0.836,0,0.549],"_humanoidState":8,"_cameraCFrame":[764.708,235.338,42.165,0.628,-0.766,0.137,0,0.176,0.984,-0.778,-0.619,0.11],"_shiftlockState":true,"_pose":"Running","_animationQueue":[["walk",0.1],["fall",0.3],["walk",0.1]],"_animationSpeed":1.075,"_zoom":16.125},{"_mousePosition":[683,384],"_rootPartCFrame":[762.243,222.809,42.083,0.629,0,0.777,0,1,0,-0.777,0,0.629],"_humanoidState":8,"_cameraCFrame":[764.869,235.165,42.105,0.673,-0.728,0.131,0,0.177,0.984,-0.74,-0.662,0.119],"_shiftlockState":true,"_pose":"Running","_animationQueue":[],"_animationSpeed":1.075,"_zoom":16.125},{"_mousePosition":[683,384],"_rootPartCFrame":[762.408,222.585,41.874,0.673,0,0.74,0,1,0,-0.74,0,0.673],"_humanoidState":8,"_cameraCFrame":[765.034,234.941,41.896,0.673,-0.728,0.131,0,0.177,0.984,-0.74,-0.662,0.119],"_shiftlockState":true,"_pose":"Running","_animationQueue":[],"_animationSpeed":1.075,"_zoom":16.125},{"_mousePosition":[683,384],"_rootPartCFrame":[762.587,222.307,41.676,0.673,0,0.74,0,1,0,-0.74,0,0.673],"_humanoidState":8,"_cameraCFrame":[765.212,234.663,41.731,0.682,-0.72,0.13,0,0.177,0.984,-0.731,-0.671,0.121],"_shiftlockState":true,"_pose":"Running","_animationQueue":[],"_animationSpeed":1.075,"_zoom":16.125},{"_mousePosition":[683,384],"_rootPartCFrame":[762.766,222.265,41.479,0.682,0,0.731,0,1,0,-0.731,0,0.682],"_humanoidState":8,"_cameraCFrame":[765.392,234.621,41.494,0.671,-0.73,0.132,0,0.177,0.984,-0.742,-0.66,0.119],"_shiftlockState":true,"_pose":"Running","_animationQueue":[["walk",0.1]],"_animationSpeed":1.075,"_zoom":16.125},{"_mousePosition":[683,384],"_rootPartCFrame":[762.945,222.265,41.281,0.671,0,0.742,0,1,0,-0.742,0,0.671],"_humanoidState":8,"_cameraCFrame":[765.535,234.629,41.124,0.628,-0.766,0.135,0,0.174,0.985,-0.778,-0.619,0.109],"_shiftlockState":true,"_pose":"Running","_animationQueue":[],"_animationSpeed":1.075,"_zoom":16.125},{"_mousePosition":[683,384],"_rootPartCFrame":[763.17,223.349,41.035,0.628,0,0.778,0,1,0,-0.778,0,0.628],"_humanoidState":3,"_cameraCFrame":[765.754,235.713,40.805,0.607,-0.783,0.138,0,0.174,0.985,-0.795,-0.597,0.105],"_shiftlockState":true,"_pose":"Jumping","_animationQueue":[["walk",0.1],["jump",0.1]],"_animationSpeed":1,"_zoom":16.125},{"_mousePosition":[683,384],"_rootPartCFrame":[763.297,223.96,40.881,0.655,0,0.756,0,1,0,-0.756,0,0.655],"_humanoidState":5,"_cameraCFrame":[765.858,236.324,40.462,0.547,-0.825,0.145,0,0.174,0.985,-0.837,-0.538,0.095],"_shiftlockState":true,"_pose":"FreeFall","_animationQueue":[["jump",0.1]],"_animationSpeed":1,"_zoom":16.125},{"_mousePosition":[683,384],"_rootPartCFrame":[763.46,224.728,40.669,0.647,0,0.763,0,1,0,-0.763,0,0.647],"_humanoidState":5,"_cameraCFrame":[765.93,237.091,39.875,0.416,-0.896,0.158,0,0.174,0.985,-0.909,-0.41,0.072],"_shiftlockState":true,"_pose":"FreeFall","_animationQueue":[],"_animationSpeed":1,"_zoom":16.125},{"_mousePosition":[683,384],"_rootPartCFrame":[763.609,225.441,40.448,0.532,0,0.847,0,1,0,-0.847,0,0.532],"_humanoidState":5,"_cameraCFrame":[765.967,237.805,39.366,0.305,-0.938,0.165,0,0.174,0.985,-0.952,-0.301,0.053],"_shiftlockState":true,"_pose":"FreeFall","_animationQueue":[],"_animationSpeed":1,"_zoom":16.125},{"_mousePosition":[683,384],"_rootPartCFrame":[763.762,226.255,40.153,0.459,0,0.889,0,1,0,-0.889,0,0.459],"_humanoidState":5,"_cameraCFrame":[766.048,238.604,38.798,0.183,-0.967,0.178,0,0.181,0.983,-0.983,-0.179,0.033],"_shiftlockState":true,"_pose":"FreeFall","_animationQueue":[],"_animationSpeed":1,"_zoom":16.125},{"_mousePosition":[683,384],"_rootPartCFrame":[763.833,226.703,39.967,0.28,0,0.96,0,1,0,-0.96,0,0.28],"_humanoidState":5,"_cameraCFrame":[766.001,239.04,38.348,0.062,-0.98,0.187,0,0.187,0.982,-0.998,-0.061,0.012],"_shiftlockState":true,"_pose":"FreeFall","_animationQueue":[],"_animationSpeed":1,"_zoom":16.125},{"_mousePosition":[683,384],"_rootPartCFrame":[763.908,227.382,39.643,0.227,0,0.974,0,1,0,-0.974,0,0.227],"_humanoidState":5,"_cameraCFrame":[765.967,239.702,37.789,-0.049,-0.98,0.194,0,0.195,0.981,-0.999,0.048,-0.01],"_shiftlockState":true,"_pose":"FreeFall","_animationQueue":[],"_animationSpeed":1,"_zoom":16.125},{"_mousePosition":[683,384],"_rootPartCFrame":[763.936,227.863,39.378,0.084,0,0.996,0,1,0,-0.996,0,0.084],"_humanoidState":5,"_cameraCFrame":[765.875,240.171,37.331,-0.142,-0.97,0.198,0,0.2,0.98,-0.99,0.14,-0.029],"_shiftlockState":true,"_pose":"FreeFall","_animationQueue":[],"_animationSpeed":1,"_zoom":16.125},{"_mousePosition":[683,384],"_rootPartCFrame":[763.935,228.188,39.178,-0.043,0,0.999,0,1,0,-0.999,0,-0.043],"_humanoidState":5,"_cameraCFrame":[765.759,240.483,36.963,-0.224,-0.954,0.201,0,0.206,0.979,-0.974,0.22,-0.046],"_shiftlockState":true,"_pose":"FreeFall","_animationQueue":[],"_animationSpeed":1,"_zoom":16.125},{"_mousePosition":[683,384],"_rootPartCFrame":[763.906,228.574,38.914,-0.093,0,0.996,0,1,0,-0.996,0,-0.093],"_humanoidState":5,"_cameraCFrame":[765.556,240.869,36.566,-0.298,-0.934,0.197,0,0.206,0.979,-0.955,0.291,-0.061],"_shiftlockState":true,"_pose":"FreeFall","_animationQueue":[],"_animationSpeed":1,"_zoom":16.125},{"_mousePosition":[683,384],"_rootPartCFrame":[763.851,228.906,38.653,-0.168,0,0.986,0,1,0,-0.986,0,-0.168],"_humanoidState":5,"_cameraCFrame":[765.332,241.196,36.175,-0.372,-0.908,0.193,0,0.208,0.978,-0.928,0.364,-0.077],"_shiftlockState":true,"_pose":"FreeFall","_animationQueue":[],"_animationSpeed":1,"_zoom":16.125},{"_mousePosition":[683,384],"_rootPartCFrame":[763.776,229.183,38.397,-0.245,0,0.97,0,1,0,-0.97,0,-0.245],"_humanoidState":5,"_cameraCFrame":[765.051,241.473,35.808,-0.446,-0.876,0.186,0,0.208,0.978,-0.895,0.436,-0.093],"_shiftlockState":true,"_pose":"FreeFall","_animationQueue":[],"_animationSpeed":1,"_zoom":16.125},{"_mousePosition":[683,384],"_rootPartCFrame":[763.657,229.453,38.086,-0.291,0,0.957,0,1,0,-0.957,0,-0.291],"_humanoidState":5,"_cameraCFrame":[764.732,241.742,35.408,-0.512,-0.84,0.179,0,0.208,0.978,-0.859,0.501,-0.107],"_shiftlockState":true,"_pose":"FreeFall","_animationQueue":[],"_animationSpeed":1,"_zoom":16.125},{"_mousePosition":[683,384],"_rootPartCFrame":[763.572,229.574,37.905,-0.424,0,0.906,0,1,0,-0.906,0,-0.424],"_humanoidState":5,"_cameraCFrame":[764.433,241.863,35.151,-0.578,-0.798,0.17,0,0.208,0.978,-0.816,0.565,-0.12],"_shiftlockState":true,"_pose":"FreeFall","_animationQueue":[],"_animationSpeed":1,"_zoom":16.125},{"_mousePosition":[683,384],"_rootPartCFrame":[763.439,229.687,37.674,-0.464,0,0.886,0,1,0,-0.886,0,-0.464],"_humanoidState":5,"_cameraCFrame":[763.99,241.977,34.841,-0.665,-0.73,0.155,0,0.208,0.978,-0.747,0.65,-0.138],"_shiftlockState":true,"_pose":"FreeFall","_animationQueue":[],"_animationSpeed":1,"_zoom":16.125},{"_mousePosition":[683,384],"_rootPartCFrame":[763.25,229.752,37.4,-0.532,0,0.847,0,1,0,-0.847,0,-0.532],"_humanoidState":5,"_cameraCFrame":[763.592,242.042,34.534,-0.718,-0.681,0.145,0,0.208,0.978,-0.696,0.702,-0.149],"_shiftlockState":true,"_pose":"FreeFall","_animationQueue":[],"_animationSpeed":1,"_zoom":16.125},{"_mousePosition":[683,384],"_rootPartCFrame":[763.08,229.743,37.195,-0.619,0,0.785,0,1,0,-0.785,0,-0.619],"_humanoidState":5,"_cameraCFrame":[763.225,242.033,34.312,-0.764,-0.631,0.134,0,0.208,0.978,-0.645,0.747,-0.159],"_shiftlockState":true,"_pose":"FreeFall","_animationQueue":[],"_animationSpeed":1,"_zoom":16.125},{"_mousePosition":[683,384],"_rootPartCFrame":[762.94,229.701,37.053,-0.696,0,0.718,0,1,0,-0.718,0,-0.696],"_humanoidState":5,"_cameraCFrame":[762.916,241.99,34.167,-0.8,-0.587,0.125,0,0.208,0.978,-0.6,0.783,-0.166],"_shiftlockState":true,"_pose":"FreeFall","_animationQueue":[],"_animationSpeed":1,"_zoom":16.125},{"_mousePosition":[683,384],"_rootPartCFrame":[762.738,229.596,36.878,-0.713,0,0.701,0,1,0,-0.701,0,-0.713],"_humanoidState":5,"_cameraCFrame":[762.555,241.886,33.997,-0.832,-0.542,0.115,0,0.208,0.978,-0.554,0.814,-0.173],"_shiftlockState":true,"_pose":"FreeFall","_animationQueue":[["fall",0.3]],"_animationSpeed":1,"_zoom":16.125},{"_mousePosition":[683,384],"_rootPartCFrame":[762.527,229.437,36.716,-0.751,0,0.66,0,1,0,-0.66,0,-0.751],"_humanoidState":5,"_cameraCFrame":[762.19,241.727,33.849,-0.861,-0.498,0.106,0,0.208,0.978,-0.509,0.842,-0.179],"_shiftlockState":true,"_pose":"FreeFall","_animationQueue":[],"_animationSpeed":1,"_zoom":16.125},{"_mousePosition":[683,384],"_rootPartCFrame":[762.306,229.224,36.566,-0.785,0,0.619,0,1,0,-0.619,0,-0.785],"_humanoidState":5,"_cameraCFrame":[761.794,241.518,33.743,-0.889,-0.449,0.095,0,0.206,0.979,-0.459,0.87,-0.183],"_shiftlockState":true,"_pose":"FreeFall","_animationQueue":[],"_animationSpeed":1,"_zoom":16.125},{"_mousePosition":[683,384],"_rootPartCFrame":[762.078,228.956,36.429,-0.82,0,0.573,0,1,0,-0.573,0,-0.82],"_humanoidState":5,"_cameraCFrame":[761.365,241.254,33.666,-0.918,-0.388,0.081,0,0.204,0.979,-0.397,0.899,-0.187],"_shiftlockState":true,"_pose":"FreeFall","_animationQueue":[],"_animationSpeed":1,"_zoom":16.125},{"_mousePosition":[683,384],"_rootPartCFrame":[761.842,228.633,36.305,-0.857,0,0.515,0,1,0,-0.515,0,-0.857],"_humanoidState":5,"_cameraCFrame":[760.943,240.932,33.597,-0.943,-0.326,0.068,0,0.204,0.979,-0.333,0.923,-0.193],"_shiftlockState":true,"_pose":"FreeFall","_animationQueue":[],"_animationSpeed":1,"_zoom":16.125},{"_mousePosition":[683,384],"_rootPartCFrame":[761.599,228.256,36.196,-0.89,0,0.455,0,1,0,-0.455,0,-0.89],"_humanoidState":5,"_cameraCFrame":[760.516,240.555,33.556,-0.963,-0.262,0.055,0,0.204,0.979,-0.268,0.943,-0.197],"_shiftlockState":true,"_pose":"FreeFall","_animationQueue":[],"_animationSpeed":1,"_zoom":16.125},{"_mousePosition":[683,384],"_rootPartCFrame":[761.348,227.825,36.104,-0.919,0,0.394,0,1,0,-0.394,0,-0.919],"_humanoidState":5,"_cameraCFrame":[760.084,240.128,33.564,-0.979,-0.197,0.041,0,0.202,0.979,-0.202,0.959,-0.198],"_shiftlockState":true,"_pose":"FreeFall","_animationQueue":[],"_animationSpeed":1,"_zoom":16.125},{"_mousePosition":[683,384],"_rootPartCFrame":[761.092,227.339,36.029,-0.944,0,0.33,0,1,0,-0.33,0,-0.944],"_humanoidState":5,"_cameraCFrame":[759.665,239.65,33.616,-0.99,-0.137,0.028,0,0.199,0.98,-0.139,0.971,-0.197],"_shiftlockState":true,"_pose":"FreeFall","_animationQueue":[["fall",0.3]],"_animationSpeed":1,"_zoom":16.125},{"_mousePosition":[683,384],"_rootPartCFrame":[760.832,226.798,35.972,-0.963,0,0.27,0,1,0,-0.27,0,-0.963],"_humanoidState":5,"_cameraCFrame":[759.199,239.123,33.754,-0.999,-0.053,0.01,0,0.193,0.981,-0.054,0.98,-0.193],"_shiftlockState":true,"_pose":"FreeFall","_animationQueue":[],"_animationSpeed":1,"_zoom":16.125},{"_mousePosition":[683,384],"_rootPartCFrame":[760.569,226.203,35.932,-0.983,0,0.186,0,1,0,-0.186,0,-0.983],"_humanoidState":5,"_cameraCFrame":[758.814,238.54,33.872,-1,0.002,0,0,0.187,0.982,0.002,0.982,-0.187],"_shiftlockState":true,"_pose":"FreeFall","_animationQueue":[],"_animationSpeed":1,"_zoom":16.125},{"_mousePosition":[683,384],"_rootPartCFrame":[760.303,225.554,35.912,-0.991,0,0.131,0,1,0,-0.131,0,-0.991],"_humanoidState":5,"_cameraCFrame":[758.44,237.902,34.016,-0.998,0.057,-0.01,0,0.181,0.983,0.058,0.982,-0.181],"_shiftlockState":true,"_pose":"FreeFall","_animationQueue":[],"_animationSpeed":1,"_zoom":16.125},{"_mousePosition":[683,384],"_rootPartCFrame":[760.036,224.85,35.91,-0.997,0,0.076,0,1,0,-0.076,0,-0.997],"_humanoidState":5,"_cameraCFrame":[758.072,237.206,34.168,-0.993,0.114,-0.021,0,0.177,0.984,0.116,0.978,-0.176],"_shiftlockState":true,"_pose":"FreeFall","_animationQueue":[],"_animationSpeed":1,"_zoom":16.125},{"_mousePosition":[683,384],"_rootPartCFrame":[759.77,224.091,35.924,-1,0,0.017,0,1,0,-0.017,0,-1],"_humanoidState":5,"_cameraCFrame":[757.719,236.455,34.335,-0.985,0.168,-0.03,0,0.174,0.985,0.171,0.97,-0.171],"_shiftlockState":true,"_pose":"FreeFall","_animationQueue":[],"_animationSpeed":1,"_zoom":16.125},{"_mousePosition":[683,384],"_rootPartCFrame":[759.505,223.278,35.952,-0.999,0,-0.038,0,1,0,0.038,0,-0.999],"_humanoidState":5,"_cameraCFrame":[757.391,235.642,34.448,-0.978,0.207,-0.037,0,0.174,0.985,0.21,0.963,-0.17],"_shiftlockState":true,"_pose":"FreeFall","_animationQueue":[],"_animationSpeed":1,"_zoom":16.125},{"_mousePosition":[683,384],"_rootPartCFrame":[759.242,222.411,35.995,-0.997,0,-0.079,0,1,0,0.079,0,-0.997],"_humanoidState":5,"_cameraCFrame":[757.109,234.775,34.518,-0.975,0.219,-0.039,0,0.174,0.985,0.223,0.96,-0.169],"_shiftlockState":true,"_pose":"FreeFall","_animationQueue":[["fall",0.3]],"_animationSpeed":1,"_zoom":16.125},{"_mousePosition":[683,384],"_rootPartCFrame":[758.981,221.489,36.05,-0.996,0,-0.091,0,1,0,0.091,0,-0.996],"_humanoidState":5,"_cameraCFrame":[756.848,233.853,34.572,-0.975,0.219,-0.039,0,0.174,0.985,0.223,0.96,-0.169],"_shiftlockState":true,"_pose":"FreeFall","_animationQueue":[],"_animationSpeed":1,"_zoom":16.125},{"_mousePosition":[683,384],"_rootPartCFrame":[758.721,221.566,36.109,-0.982,0,-0.188,0,1,0,0.188,0,-0.982],"_humanoidState":7,"_cameraCFrame":[756.588,233.93,34.631,-0.975,0.219,-0.039,0,0.174,0.985,0.223,0.96,-0.169],"_shiftlockState":true,"_pose":"FreeFall","_animationQueue":[["walk",0.1],["fall",0.3],["fall",0.3]],"_animationSpeed":1,"_zoom":16.125},{"_mousePosition":[683,384],"_rootPartCFrame":[758.396,222.031,36.183,-0.975,0,-0.22,0,1,0,0.22,0,-0.975],"_humanoidState":7,"_cameraCFrame":[756.263,234.395,34.706,-0.975,0.219,-0.039,0,0.174,0.985,0.223,0.96,-0.169],"_shiftlockState":true,"_pose":"FreeFall","_animationQueue":[],"_animationSpeed":1,"_zoom":16.125},{"_mousePosition":[683,384],"_rootPartCFrame":[758.201,222.192,36.228,-0.975,0,-0.223,0,1,0,0.223,0,-0.975],"_humanoidState":8,"_cameraCFrame":[756.068,234.556,34.75,-0.975,0.219,-0.039,0,0.174,0.985,0.223,0.96,-0.169],"_shiftlockState":true,"_pose":"Running","_animationQueue":[["walk",0.1],["fall",0.3],["walk",0.1]],"_animationSpeed":1.103,"_zoom":16.125},{"_mousePosition":[683,384],"_rootPartCFrame":[757.941,222.352,36.287,-0.975,0,-0.223,0,1,0,0.223,0,-0.975],"_humanoidState":8,"_cameraCFrame":[755.873,234.716,34.719,-0.984,0.178,-0.031,0,0.174,0.985,0.181,0.969,-0.171],"_shiftlockState":true,"_pose":"Running","_animationQueue":[],"_animationSpeed":1.103,"_zoom":16.125},{"_mousePosition":[683,384],"_rootPartCFrame":[757.681,222.451,36.346,-0.984,0,-0.181,0,1,0,0.181,0,-0.984],"_humanoidState":8,"_cameraCFrame":[755.884,234.815,34.475,-1,0.024,-0.004,0,0.174,0.985,0.025,0.985,-0.174],"_shiftlockState":true,"_pose":"Running","_animationQueue":[["walk",0.1]],"_animationSpeed":1.103,"_zoom":16.125},{"_mousePosition":[683,384],"_rootPartCFrame":[757.419,222.526,36.396,-1,0,-0.018,0,1,0,0.018,0,-1],"_humanoidState":8,"_cameraCFrame":[755.958,234.89,34.252,-0.99,-0.14,0.025,0,0.174,0.985,-0.142,0.975,-0.172],"_shiftlockState":true,"_pose":"Running","_animationQueue":[],"_animationSpeed":1.103,"_zoom":16.125},{"_mousePosition":[683,384],"_rootPartCFrame":[757.153,222.594,36.409,-0.988,0,0.152,0,1,0,-0.152,0,-0.988],"_humanoidState":8,"_cameraCFrame":[756.147,234.958,34.017,-0.942,-0.33,0.058,0,0.174,0.985,-0.336,0.928,-0.164],"_shiftlockState":true,"_pose":"Running","_animationQueue":[],"_animationSpeed":1.103,"_zoom":16.125},{"_mousePosition":[683,384],"_rootPartCFrame":[756.888,222.641,36.378,-0.938,0,0.347,0,1,0,-0.347,0,-0.938],"_humanoidState":8,"_cameraCFrame":[756.397,235.004,33.83,-0.853,-0.515,0.091,0,0.174,0.985,-0.522,0.84,-0.148],"_shiftlockState":true,"_pose":"Running","_animationQueue":[],"_animationSpeed":1.103,"_zoom":16.125},{"_mousePosition":[683,384],"_rootPartCFrame":[756.635,222.683,36.296,-0.846,0,0.533,0,1,0,-0.533,0,-0.846],"_humanoidState":8,"_cameraCFrame":[756.679,235.046,33.702,-0.727,-0.676,0.119,0,0.174,0.985,-0.687,0.716,-0.126],"_shiftlockState":true,"_pose":"Running","_animationQueue":[],"_animationSpeed":1.103,"_zoom":16.125},{"_mousePosition":[683,384],"_rootPartCFrame":[756.404,222.727,36.164,-0.718,0,0.696,0,1,0,-0.696,0,-0.718],"_humanoidState":8,"_cameraCFrame":[756.969,235.091,33.632,-0.574,-0.807,0.142,0,0.174,0.985,-0.819,0.565,-0.1],"_shiftlockState":true,"_pose":"Running","_animationQueue":[],"_animationSpeed":1.103,"_zoom":16.125},{"_mousePosition":[683,384],"_rootPartCFrame":[756.206,222.759,35.988,-0.563,0,0.826,0,1,0,-0.826,0,-0.563],"_humanoidState":8,"_cameraCFrame":[757.328,235.123,33.648,-0.374,-0.913,0.161,0,0.174,0.985,-0.927,0.368,-0.065],"_shiftlockState":true,"_pose":"Running","_animationQueue":[],"_animationSpeed":1.103,"_zoom":16.125},{"_mousePosition":[683,384],"_rootPartCFrame":[756.047,222.777,35.775,-0.361,0,0.933,0,1,0,-0.933,0,-0.361],"_humanoidState":8,"_cameraCFrame":[757.637,235.141,33.725,-0.17,-0.97,0.171,0,0.174,0.985,-0.985,0.167,-0.03],"_shiftlockState":true,"_pose":"Running","_animationQueue":[["walk",0.1]],"_animationSpeed":1.103,"_zoom":16.125},{"_mousePosition":[683,384],"_rootPartCFrame":[755.939,222.788,35.532,-0.157,0,0.988,0,1,0,-0.988,0,-0.157],"_humanoidState":8,"_cameraCFrame":[757.892,235.151,33.823,0.022,-0.985,0.174,0,0.174,0.985,-1,-0.021,0.004],"_shiftlockState":true,"_pose":"Running","_animationQueue":[],"_animationSpeed":1.103,"_zoom":16.125},{"_mousePosition":[683,384],"_rootPartCFrame":[755.874,222.794,35.206,0.037,0,0.999,0,1,0,-0.999,0,0.037],"_humanoidState":8,"_cameraCFrame":[758.077,235.158,33.835,0.183,-0.968,0.171,0,0.174,0.985,-0.983,-0.18,0.032],"_shiftlockState":true,"_pose":"Running","_animationQueue":[],"_animationSpeed":1.103,"_zoom":16.125},{"_mousePosition":[683,384],"_rootPartCFrame":[755.871,222.771,35.006,0.19,0,0.982,0,1,0,-0.982,0,0.19],"_humanoidState":8,"_cameraCFrame":[758.237,235.134,33.942,0.312,-0.936,0.165,0,0.174,0.985,-0.95,-0.308,0.054],"_shiftlockState":true,"_pose":"Running","_animationQueue":[],"_animationSpeed":1.103,"_zoom":16.125},{"_mousePosition":[683,384],"_rootPartCFrame":[755.913,222.7,34.743,0.321,0,0.947,0,1,0,-0.947,0,0.321],"_humanoidState":8,"_cameraCFrame":[758.404,235.063,34.018,0.441,-0.884,0.156,0,0.174,0.985,-0.897,-0.434,0.077],"_shiftlockState":true,"_pose":"Running","_animationQueue":[],"_animationSpeed":1.103,"_zoom":16.125},{"_mousePosition":[683,384],"_rootPartCFrame":[756.012,222.69,34.425,0.451,0,0.893,0,1,0,-0.893,0,0.451],"_humanoidState":8,"_cameraCFrame":[758.542,235.053,33.852,0.495,-0.856,0.151,0,0.174,0.985,-0.869,-0.487,0.086],"_shiftlockState":true,"_pose":"Running","_animationQueue":[],"_animationSpeed":1.103,"_zoom":16.125},{"_mousePosition":[683,384],"_rootPartCFrame":[756.095,222.636,34.244,0.497,0,0.868,0,1,0,-0.868,0,0.497],"_humanoidState":8,"_cameraCFrame":[758.644,235,33.761,0.525,-0.838,0.148,0,0.174,0.985,-0.851,-0.517,0.091],"_shiftlockState":true,"_pose":"Running","_animationQueue":[["walk",0.1]],"_animationSpeed":1.103,"_zoom":16.125},{"_mousePosition":[683,384],"_rootPartCFrame":[756.226,222.644,34.012,0.525,0,0.851,0,1,0,-0.851,0,0.525],"_humanoidState":8,"_cameraCFrame":[758.775,235.008,33.529,0.525,-0.838,0.148,0,0.174,0.985,-0.851,-0.517,0.091],"_shiftlockState":true,"_pose":"Running","_animationQueue":[],"_animationSpeed":1.103,"_zoom":16.125},{"_mousePosition":[683,384],"_rootPartCFrame":[756.435,222.675,33.671,0.525,0,0.851,0,1,0,-0.851,0,0.525],"_humanoidState":8,"_cameraCFrame":[758.989,235.038,33.214,0.534,-0.833,0.147,0,0.174,0.985,-0.846,-0.526,0.093],"_shiftlockState":true,"_pose":"Running","_animationQueue":[],"_animationSpeed":1.103,"_zoom":16.125},{"_mousePosition":[683,384],"_rootPartCFrame":[756.54,222.629,33.501,0.534,0,0.846,0,1,0,-0.846,0,0.534],"_humanoidState":8,"_cameraCFrame":[759.088,234.993,33.011,0.523,-0.839,0.148,0,0.174,0.985,-0.852,-0.515,0.091],"_shiftlockState":true,"_pose":"Running","_animationQueue":[],"_animationSpeed":1.103,"_zoom":16.125},{"_mousePosition":[683,384],"_rootPartCFrame":[756.715,222.618,33.217,0.523,0,0.852,0,1,0,-0.852,0,0.523],"_humanoidState":8,"_cameraCFrame":[759.246,234.981,32.644,0.495,-0.856,0.151,0,0.174,0.985,-0.869,-0.487,0.086],"_shiftlockState":true,"_pose":"Running","_animationQueue":[],"_animationSpeed":1.103,"_zoom":16.125},{"_mousePosition":[683,384],"_rootPartCFrame":[756.82,222.617,33.047,0.495,0,0.869,0,1,0,-0.869,0,0.495],"_humanoidState":8,"_cameraCFrame":[759.322,234.981,32.359,0.455,-0.877,0.155,0,0.174,0.985,-0.891,-0.448,0.079],"_shiftlockState":true,"_pose":"Running","_animationQueue":[],"_animationSpeed":1.103,"_zoom":16.125},{"_mousePosition":[683,384],"_rootPartCFrame":[756.961,222.617,32.82,0.455,0,0.891,0,1,0,-0.891,0,0.455],"_humanoidState":8,"_cameraCFrame":[759.424,234.981,32.007,0.409,-0.899,0.158,0,0.174,0.985,-0.913,-0.403,0.071],"_shiftlockState":true,"_pose":"Running","_animationQueue":[],"_animationSpeed":1.103,"_zoom":16.125},{"_mousePosition":[683,384],"_rootPartCFrame":[757.136,223.688,32.536,0