[{"_mousePosition":[1238,368],"_rootPartCFrame":[776.024,222.954,47.142,0.002,0.003,1,0,1,-0.003,-1,0,0.002],"_humanoidState":8,"_cameraCFrame":[776.604,232.749,44.516,-0.977,-0.204,0.066,0,0.308,0.951,-0.214,0.929,-0.301],"_shiftlockState":false,"_pose":"Standing","_animationQueue":[],"_animationSpeed":1,"_zoom":8.72},{"_mousePosition":[1240,368],"_rootPartCFrame":[775.783,222.834,47.089,0.032,0,0.999,0,1,0,-0.999,0,0.032],"_humanoidState":8,"_cameraCFrame":[776.359,232.63,44.464,-0.977,-0.204,0.066,0,0.308,0.951,-0.214,0.929,-0.301],"_shiftlockState":false,"_pose":"Standing","_animationQueue":[],"_animationSpeed":1,"_zoom":8.72},{"_mousePosition":[1243,368],"_rootPartCFrame":[775.523,222.673,47.032,0.057,0,0.998,0,1,0,-0.998,0,0.057],"_humanoidState":8,"_cameraCFrame":[776.099,232.468,44.407,-0.977,-0.204,0.066,0,0.308,0.951,-0.214,0.929,-0.301],"_shiftlockState":false,"_pose":"Running","_animationQueue":[["walk",0.1]],"_animationSpeed":1.066,"_zoom":8.72},{"_mousePosition":[1246,368],"_rootPartCFrame":[775.263,222.653,46.975,0.078,0,0.997,0,1,0,-0.997,0,0.078],"_humanoidState":8,"_cameraCFrame":[775.838,232.448,44.35,-0.977,-0.204,0.066,0,0.308,0.951,-0.214,0.929,-0.301],"_shiftlockState":false,"_pose":"Running","_animationQueue":[],"_animationSpeed":1.066,"_zoom":8.72},{"_mousePosition":[1253,368],"_rootPartCFrame":[775.002,222.67,46.918,0.097,0,0.995,0,1,0,-0.995,0,0.097],"_humanoidState":8,"_cameraCFrame":[775.578,232.465,44.292,-0.977,-0.204,0.066,0,0.308,0.951,-0.214,0.929,-0.301],"_shiftlockState":false,"_pose":"Running","_animationQueue":[],"_animationSpeed":1.066,"_zoom":8.72},{"_mousePosition":[1260,370],"_rootPartCFrame":[774.742,222.683,46.861,0.113,0,0.994,0,1,0,-0.994,0,0.113],"_humanoidState":8,"_cameraCFrame":[775.317,232.478,44.235,-0.977,-0.204,0.066,0,0.308,0.951,-0.214,0.929,-0.301],"_shiftlockState":false,"_pose":"Running","_animationQueue":[["walk",0.1]],"_animationSpeed":1.066,"_zoom":8.72},{"_mousePosition":[1269,374],"_rootPartCFrame":[774.481,222.69,46.804,0.127,0,0.992,0,1,0,-0.992,0,0.127],"_humanoidState":8,"_cameraCFrame":[775.057,232.486,44.178,-0.977,-0.204,0.066,0,0.308,0.951,-0.214,0.929,-0.301],"_shiftlockState":false,"_pose":"Running","_animationQueue":[],"_animationSpeed":1.066,"_zoom":8.72},{"_mousePosition":[1272,376],"_rootPartCFrame":[774.221,222.695,46.747,0.138,0,0.99,0,1,0,-0.99,0,0.138],"_humanoidState":8,"_cameraCFrame":[774.796,232.49,44.121,-0.977,-0.204,0.066,0,0.308,0.951,-0.214,0.929,-0.301],"_shiftlockState":false,"_pose":"Running","_animationQueue":[],"_animationSpeed":1.066,"_zoom":8.72},{"_mousePosition":[1276,378],"_rootPartCFrame":[773.96,222.697,46.69,0.149,0,0.989,0,1,0,-0.989,0,0.149],"_humanoidState":8,"_cameraCFrame":[774.536,232.492,44.064,-0.977,-0.204,0.066,0,0.308,0.951,-0.214,0.929,-0.301],"_shiftlockState":false,"_pose":"Running","_animationQueue":[],"_animationSpeed":1.066,"_zoom":8.72},{"_mousePosition":[1283,380],"_rootPartCFrame":[773.7,222.698,46.632,0.158,0,0.987,0,1,0,-0.987,0,0.158],"_humanoidState":8,"_cameraCFrame":[772.566,232.494,43.632,-0.977,-0.204,0.066,0,0.308,0.951,-0.214,0.929,-0.301],"_shiftlockState":true,"_pose":"Running","_animationQueue":[],"_animationSpeed":1.066,"_zoom":8.72},{"_mousePosition":[683,384],"_rootPartCFrame":[773.439,222.699,46.575,-0.992,0,0.125,0,1,0,-0.125,0,-0.992],"_humanoidState":8,"_cameraCFrame":[772.306,232.494,43.575,-0.977,-0.204,0.066,0,0.308,0.951,-0.214,0.929,-0.301],"_shiftlockState":true,"_pose":"Running","_animationQueue":[],"_animationSpeed":1.066,"_zoom":8.72},{"_mousePosition":[683,384],"_rootPartCFrame":[773.179,222.699,46.518,-0.979,0,0.205,0,1,0,-0.205,0,-0.979],"_humanoidState":8,"_cameraCFrame":[772.082,232.522,43.582,-0.973,-0.222,0.069,0,0.298,0.954,-0.233,0.928,-0.29],"_shiftlockState":true,"_pose":"Running","_animationQueue":[],"_animationSpeed":1.066,"_zoom":8.72},{"_mousePosition":[683,384],"_rootPartCFrame":[772.918,222.699,46.461,-0.973,0,0.232,0,1,0,-0.232,0,-0.973],"_humanoidState":8,"_cameraCFrame":[771.858,232.541,43.564,-0.968,-0.239,0.073,0,0.291,0.957,-0.25,0.926,-0.282],"_shiftlockState":true,"_pose":"Running","_animationQueue":[["walk",0.1]],"_animationSpeed":1.066,"_zoom":8.72},{"_mousePosition":[683,384],"_rootPartCFrame":[772.594,222.7,46.384,-0.968,0,0.25,0,1,0,-0.25,0,-0.968],"_humanoidState":8,"_cameraCFrame":[771.556,232.558,43.526,-0.965,-0.251,0.075,0,0.285,0.958,-0.262,0.925,-0.275],"_shiftlockState":true,"_pose":"Running","_animationQueue":[],"_animationSpeed":1.066,"_zoom":8.72},{"_mousePosition":[683,384],"_rootPartCFrame":[772.4,222.7,46.335,-0.965,0,0.262,0,1,0,-0.262,0,-0.965],"_humanoidState":8,"_cameraCFrame":[771.386,232.577,43.527,-0.961,-0.265,0.077,0,0.277,0.961,-0.276,0.923,-0.267],"_shiftlockState":true,"_pose":"Running","_animationQueue":[],"_animationSpeed":1.066,"_zoom":8.72},{"_mousePosition":[683,384],"_rootPartCFrame":[772.143,222.7,46.266,-0.961,0,0.276,0,1,0,-0.276,0,-0.961],"_humanoidState":8,"_cameraCFrame":[771.147,232.602,43.526,-0.957,-0.281,0.078,0,0.267,0.964,-0.291,0.922,-0.256],"_shiftlockState":true,"_pose":"Running","_animationQueue":[],"_animationSpeed":1.066,"_zoom":8.72},{"_mousePosition":[683,384],"_rootPartCFrame":[771.822,222.7,46.174,-0.957,0,0.291,0,1,0,-0.291,0,-0.957],"_humanoidState":8,"_cameraCFrame":[770.83,232.623,43.496,-0.954,-0.29,0.078,0,0.259,0.966,-0.3,0.921,-0.247],"_shiftlockState":true,"_pose":"Running","_animationQueue":[],"_animationSpeed":1.066,"_zoom":8.72},{"_mousePosition":[683,384],"_rootPartCFrame":[771.631,222.7,46.116,-0.954,0,0.3,0,1,0,-0.3,0,-0.954],"_humanoidState":8,"_cameraCFrame":[770.637,232.639,43.491,-0.952,-0.296,0.077,0,0.252,0.968,-0.306,0.921,-0.24],"_shiftlockState":true,"_pose":"Running","_animationQueue":[],"_animationSpeed":1.066,"_zoom":8.72},{"_mousePosition":[683,384],"_rootPartCFrame":[771.376,222.7,46.037,-0.952,0,0.306,0,1,0,-0.306,0,-0.952],"_humanoidState":8,"_cameraCFrame":[770.377,232.648,43.442,-0.951,-0.299,0.076,0,0.248,0.969,-0.308,0.922,-0.236],"_shiftlockState":true,"_pose":"Running","_animationQueue":[["walk",0.1]],"_animationSpeed":1.066,"_zoom":8.72},{"_mousePosition":[683,384],"_rootPartCFrame":[771.122,222.7,45.955,-0.951,0,0.308,0,1,0,-0.308,0,-0.951],"_humanoidState":8,"_cameraCFrame":[770.111,232.66,43.404,-0.951,-0.3,0.075,0,0.242,0.97,-0.309,0.923,-0.231],"_shiftlockState":true,"_pose":"Running","_animationQueue":[],"_animationSpeed":1.066,"_zoom":8.72},{"_mousePosition":[683,384],"_rootPartCFrame":[770.869,222.7,45.873,-0.951,0,0.309,0,1,0,-0.309,0,-0.951],"_humanoidState":8,"_cameraCFrame":[769.848,232.671,43.366,-0.95,-0.302,0.074,0,0.237,0.972,-0.311,0.923,-0.225],"_shiftlockState":true,"_pose":"Running","_animationQueue":[],"_animationSpeed":1.066,"_zoom":8.72},{"_mousePosition":[683,384],"_rootPartCFrame":[770.615,222.7,45.791,-0.95,0,0.311,0,1,0,-0.311,0,-0.95],"_humanoidState":8,"_cameraCFrame":[769.586,232.68,43.315,-0.95,-0.304,0.073,0,0.233,0.972,-0.312,0.924,-0.221],"_shiftlockState":true,"_pose":"Running","_animationQueue":[],"_animationSpeed":1.066,"_zoom":8.72},{"_mousePosition":[683,384],"_rootPartCFrame":[770.361,222.7,45.708,-0.95,0,0.312,0,1,0,-0.312,0,-0.95],"_humanoidState":8,"_cameraCFrame":[769.327,232.685,43.251,-0.95,-0.304,0.072,0,0.231,0.973,-0.312,0.924,-0.219],"_shiftlockState":true,"_pose":"Running","_animationQueue":[],"_animationSpeed":1.066,"_zoom":8.72},{"_mousePosition":[683,384],"_rootPartCFrame":[770.108,222.7,45.625,-0.95,0,0.312,0,1,0,-0.312,0,-0.95],"_humanoidState":8,"_cameraCFrame":[769.062,232.691,43.195,-0.95,-0.303,0.071,0,0.227,0.974,-0.311,0.925,-0.216],"_shiftlockState":true,"_pose":"Running","_animationQueue":[],"_animationSpeed":1.066,"_zoom":8.72},{"_mousePosition":[683,384],"_rootPartCFrame":[769.855,222.666,45.542,-0.95,0,0.311,0,1,0,-0.311,0,-0.95],"_humanoidState":8,"_cameraCFrame":[768.783,232.666,43.157,-0.952,-0.298,0.068,0,0.223,0.975,-0.306,0.928,-0.212],"_shiftlockState":true,"_pose":"Running","_animationQueue":[],"_animationSpeed":1.066,"_zoom":8.72},{"_mousePosition":[683,384],"_rootPartCFrame":[769.538,222.546,45.438,-0.952,0,0.306,0,1,0,-0.306,0,-0.952],"_humanoidState":8,"_cameraCFrame":[768.436,232.555,43.094,-0.955,-0.291,0.065,0,0.219,0.976,-0.298,0.931,-0.209],"_shiftlockState":true,"_pose":"Running","_animationQueue":[["walk",0.1]],"_animationSpeed":1.066,"_zoom":8.72},{"_mousePosition":[683,384],"_rootPartCFrame":[769.348,222.434,45.375,-0.955,0,0.298,0,1,0,-0.298,0,-0.955],"_humanoidState":8,"_cameraCFrame":[768.214,232.449,43.07,-0.958,-0.281,0.062,0,0.216,0.976,-0.288,0.935,-0.207],"_shiftlockState":true,"_pose":"Running","_animationQueue":[],"_animationSpeed":1.066,"_zoom":8.72},{"_mousePosition":[683,384],"_rootPartCFrame":[769.094,222.236,45.292,-0.958,0,0.288,0,1,0,-0.288,0,-0.958],"_humanoidState":8,"_cameraCFrame":[767.935,232.254,43.011,-0.96,-0.273,0.06,0,0.214,0.977,-0.279,0.938,-0.206],"_shiftlockState":true,"_pose":"Running","_animationQueue":[],"_animationSpeed":1.066,"_zoom":8.72},{"_mousePosition":[683,384],"_rootPartCFrame":[768.841,223.11,45.209,-0.96,0,0.279,0,1,0,-0.279,0,-0.96],"_humanoidState":3,"_cameraCFrame":[767.665,233.129,42.941,-0.962,-0.267,0.058,0,0.213,0.977,-0.273,0.94,-0.205],"_shiftlockState":true,"_pose":"Jumping","_animationQueue":[["walk",0.1],["jump",0.1]],"_animationSpeed":1,"_zoom":8.72},{"_mousePosition":[683,384],"_rootPartCFrame":[768.585,223.932,45.133,-0.933,0,0.36,0,1,0,-0.36,0,-0.933],"_humanoidState":5,"_cameraCFrame":[767.39,233.954,42.887,-0.964,-0.26,0.056,0,0.212,0.977,-0.266,0.942,-0.204],"_shiftlockState":true,"_pose":"FreeFall","_animationQueue":[["jump",0.1]],"_animationSpeed":1,"_zoom":8.72},{"_mousePosition":[683,384],"_rootPartCFrame":[768.329,224.699,45.06,-0.922,0,0.387,0,1,0,-0.387,0,-0.922],"_humanoidState":5,"_cameraCFrame":[767.108,234.724,42.839,-0.966,-0.251,0.054,0,0.21,0.978,-0.257,0.945,-0.203],"_shiftlockState":true,"_pose":"FreeFall","_animationQueue":[],"_animationSpeed":1,"_zoom":8.72},{"_mousePosition":[683,384],"_rootPartCFrame":[768.072,225.412,44.989,-0.924,0,0.383,0,1,0,-0.383,0,-0.924],"_humanoidState":5,"_cameraCFrame":[766.821,235.442,42.802,-0.969,-0.24,0.051,0,0.208,0.978,-0.246,0.948,-0.201],"_shiftlockState":true,"_pose":"FreeFall","_animationQueue":[],"_animationSpeed":1,"_zoom":8.72},{"_mousePosition":[683,384],"_rootPartCFrame":[767.814,226.071,44.92,-0.928,0,0.372,0,1,0,-0.372,0,-0.928],"_humanoidState":5,"_cameraCFrame":[766.528,236.103,42.765,-0.973,-0.227,0.048,0,0.206,0.979,-0.232,0.952,-0.201],"_shiftlockState":true,"_pose":"FreeFall","_animationQueue":[],"_animationSpeed":1,"_zoom":8.72},{"_mousePosition":[683,384],"_rootPartCFrame":[767.556,226.675,44.854,-0.933,0,0.359,0,1,0,-0.359,0,-0.933],"_humanoidState":5,"_cameraCFrame":[766.225,236.712,42.744,-0.977,-0.209,0.043,0,0.204,0.979,-0.213,0.956,-0.199],"_shiftlockState":true,"_pose":"FreeFall","_animationQueue":[],"_animationSpeed":1,"_zoom":8.72},{"_mousePosition":[683,384],"_rootPartCFrame":[767.296,227.224,44.791,-0.94,0,0.341,0,1,0,-0.341,0,-0.94],"_humanoidState":5,"_cameraCFrame":[765.914,237.262,42.721,-0.982,-0.186,0.038,0,0.203,0.979,-0.19,0.961,-0.199],"_shiftlockState":true,"_pose":"FreeFall","_animationQueue":[],"_animationSpeed":1,"_zoom":8.72},{"_mousePosition":[683,384],"_rootPartCFrame":[767.036,227.719,44.734,-0.948,0,0.318,0,1,0,-0.318,0,-0.948],"_humanoidState":5,"_cameraCFrame":[765.582,237.759,42.719,-0.988,-0.152,0.031,0,0.202,0.979,-0.156,0.967,-0.2],"_shiftlockState":true,"_pose":"FreeFall","_animationQueue":[],"_animationSpeed":1,"_zoom":8.72},{"_mousePosition":[683,384],"_rootPartCFrame":[766.709,228.261,44.67,-0.948,0,0.317,0,1,0,-0.317,0,-0.948],"_humanoidState":5,"_cameraCFrame":[765.166,238.304,42.735,-0.994,-0.11,0.022,0,0.201,0.98,-0.112,0.973,-0.199],"_shiftlockState":true,"_pose":"FreeFall","_animationQueue":[],"_animationSpeed":1,"_zoom":8.72},{"_mousePosition":[683,384],"_rootPartCFrame":[766.446,228.634,44.627,-0.97,0,0.243,0,1,0,-0.243,0,-0.97],"_humanoidState":5,"_cameraCFrame":[764.814,238.679,42.779,-0.998,-0.065,0.013,0,0.199,0.98,-0.066,0.978,-0.199],"_shiftlockState":true,"_pose":"FreeFall","_animationQueue":[],"_animationSpeed":1,"_zoom":8.72},{"_mousePosition":[683,384],"_rootPartCFrame":[766.247,228.877,44.603,-0.986,0,0.165,0,1,0,-0.165,0,-0.986],"_humanoidState":5,"_cameraCFrame":[764.525,238.925,42.853,-1,-0.016,0.003,0,0.198,0.98,-0.016,0.98,-0.198],"_shiftlockState":true,"_pose":"FreeFall","_animationQueue":[],"_animationSpeed":1,"_zoom":8.72},{"_mousePosition":[683,384],"_rootPartCFrame":[765.981,229.154,44.583,-0.989,0,0.149,0,1,0,-0.149,0,-0.989],"_humanoidState":5,"_cameraCFrame":[764.172,239.204,42.931,-0.999,0.035,-0.007,0,0.197,0.98,0.035,0.98,-0.197],"_shiftlockState":true,"_pose":"FreeFall","_animationQueue":[],"_animationSpeed":1,"_zoom":8.72},{"_mousePosition":[683,384],"_rootPartCFrame":[765.648,229.424,44.576,-0.991,0,0.131,0,1,0,-0.131,0,-0.991],"_humanoidState":5,"_cameraCFrame":[763.747,239.471,43.015,-0.996,0.09,-0.018,0,0.198,0.98,0.092,0.976,-0.197],"_shiftlockState":true,"_pose":"FreeFall","_animationQueue":[],"_animationSpeed":1,"_zoom":8.72},{"_mousePosition":[683,384],"_rootPartCFrame":[765.448,229.545,44.581,-1,0,0.008,0,1,0,-0.008,0,-1],"_humanoidState":5,"_cameraCFrame":[763.445,239.586,43.119,-0.988,0.153,-0.031,0,0.201,0.979,0.156,0.967,-0.199],"_shiftlockState":true,"_pose":"FreeFall","_animationQueue":[],"_animationSpeed":1,"_zoom":8.72},{"_mousePosition":[683,384],"_rootPartCFrame":[765.183,229.658,44.603,-1,0,-0.024,0,1,0,0.024,0,-1],"_humanoidState":5,"_cameraCFrame":[763.087,239.695,43.25,-0.976,0.213,-0.044,0,0.204,0.979,0.218,0.955,-0.199],"_shiftlockState":true,"_pose":"FreeFall","_animationQueue":[],"_animationSpeed":1,"_zoom":8.72},{"_mousePosition":[683,384],"_rootPartCFrame":[764.919,229.717,44.642,-0.959,0,-0.284,0,1,0,0.284,0,-0.959],"_humanoidState":5,"_cameraCFrame":[762.68,239.74,43.438,-0.95,0.306,-0.066,0,0.211,0.977,0.313,0.928,-0.201],"_shiftlockState":true,"_pose":"FreeFall","_animationQueue":[],"_animationSpeed":1,"_zoom":8.72},{"_mousePosition":[683,384],"_rootPartCFrame":[764.73,229.725,44.685,-0.974,0,-0.228,0,1,0,0.228,0,-0.974],"_humanoidState":5,"_cameraCFrame":[762.444,239.736,43.483,-0.942,0.327,-0.073,0,0.218,0.976,0.336,0.919,-0.205],"_shiftlockState":true,"_pose":"FreeFall","_animationQueue":[],"_animationSpeed":1,"_zoom":8.72},{"_mousePosition":[683,384],"_rootPartCFrame":[764.554,229.703,44.746,-0.966,0,-0.257,0,1,0,0.257,0,-0.966],"_humanoidState":5,"_cameraCFrame":[762.205,239.698,43.556,-0.931,0.356,-0.083,0,0.226,0.974,0.366,0.907,-0.21],"_shiftlockState":true,"_pose":"FreeFall","_animationQueue":[],"_animationSpeed":1,"_zoom":8.72},{"_mousePosition":[683,384],"_rootPartCFrame":[764.291,229.598,44.888,-0.972,0,-0.236,0,1,0,0.236,0,-0.972],"_humanoidState":5,"_cameraCFrame":[761.872,239.574,43.699,-0.918,0.385,-0.093,0,0.235,0.972,0.396,0.893,-0.216],"_shiftlockState":true,"_pose":"FreeFall","_animationQueue":[["fall",0.3]],"_animationSpeed":1,"_zoom":8.72},{"_mousePosition":[683,384],"_rootPartCFrame":[764.151,229.494,44.997,-0.948,0,-0.32,0,1,0,0.32,0,-0.948],"_humanoidState":5,"_cameraCFrame":[761.661,239.45,43.81,-0.905,0.412,-0.104,0,0.244,0.97,0.425,0.878,-0.221],"_shiftlockState":true,"_pose":"FreeFall","_animationQueue":[],"_animationSpeed":1,"_zoom":8.72},{"_mousePosition":[683,384],"_rootPartCFrame":[763.95,229.253,45.216,-0.955,0,-0.298,0,1,0,0.298,0,-0.955],"_humanoidState":5,"_cameraCFrame":[761.411,239.195,44.035,-0.896,0.43,-0.111,0,0.251,0.968,0.444,0.867,-0.225],"_shiftlockState":true,"_pose":"FreeFall","_animationQueue":[],"_animationSpeed":1,"_zoom":8.72},{"_mousePosition":[683,384],"_rootPartCFrame":[763.845,229.333,45.331,-0.915,-0.001,-0.404,-0.001,1,0,0.404,0,-0.915],"_humanoidState":12,"_cameraCFrame":[761.258,239.26,44.151,-0.887,0.446,-0.119,0,0.257,0.966,0.461,0.858,-0.228],"_shiftlockState":true,"_pose":"Climbing","_animationQueue":[["walk",0.1],["fall",0.3],["climb",0.1],["climb",0]],"_animationSpeed":-1.101,"_zoom":8.72},{"_mousePosition":[683,384],"_rootPartCFrame":[763.429,230.025,44.91,-0.92,-0.004,-0.391,-0.004,1,0,0.391,0.002,-0.92],"_humanoidState":3,"_cameraCFrame":[760.799,239.94,43.725,-0.881,0.457,-0.124,0,0.262,0.965,0.473,0.85,-0.231],"_shiftlockState":true,"_pose":"Jumping","_animationQueue":[["climb",0.1],["jump",0.1]],"_animationSpeed":1,"_zoom":8.72},{"_mousePosition":[683,384],"_rootPartCFrame":[763.036,230.663,44.531,-0.923,-0.003,-0.386,-0.003,1,0,0.386,0.001,-0.923],"_humanoidState":5,"_cameraCFrame":[760.386,240.57,43.341,-0.877,0.462,-0.127,0,0.266,0.964,0.48,0.846,-0.233],"_shiftlockState":true,"_pose":"FreeFall","_animationQueue":[["jump",0.1]],"_animationSpeed":1,"_zoom":8.72},{"_mousePosition":[683,384],"_rootPartCFrame":[762.661,231.247,44.188,-0.923,-0.001,-0.385,-0.001,1,0,0.385,0.001,-0.923],"_humanoidState":5,"_cameraCFrame":[759.995,241.146,42.987,-0.875,0.466,-0.13,0,0.269,0.963,0.484,0.843,-0.235],"_shiftlockState":true,"_pose":"FreeFall","_animationQueue":[],"_animationSpeed":1,"_zoom":8.72},{"_mousePosition":[683,384],"_rootPartCFrame":[762.304,231.776,43.88,-0.873,0,-0.488,0,1,0,0.488,0,-0.873],"_humanoidState":5,"_cameraCFrame":[759.7,241.679,42.571,-0.896,0.428,-0.119,0,0.267,0.964,0.445,0.863,-0.239],"_shiftlockState":true,"_pose":"FreeFall","_animationQueue":[],"_animationSpeed":1,"_zoom":8.72},{"_mousePosition":[683,384],"_rootPartCFrame":[762.131,232.02,43.74,-0.921,0,-0.39,0,1,0,0.39,0,-0.921],"_humanoidState":5,"_cameraCFrame":[759.588,241.93,42.361,-0.911,0.397,-0.109,0,0.264,0.964,0.412,0.879,-0.241],"_shiftlockState":true,"_pose":"FreeFall","_animationQueue":[["fall",0.3]],"_animationSpeed":1,"_zoom":8.72},{"_mousePosition":[683,384],"_rootPartCFrame":[761.791,232.467,43.489,-0.957,0,-0.29,0,1,0,0.29,0,-0.957],"_humanoidState":5,"_cameraCFrame":[759.31,242.383,42.034,-0.926,0.364,-0.099,0,0.262,0.965,0.377,0.894,-0.242],"_shiftlockState":true,"_pose":"FreeFall","_animationQueue":[],"_animationSpeed":1,"_zoom":8.72},{"_mousePosition":[683,384],"_rootPartCFrame":[761.544,232.767,43.326,-0.959,0,-0.283,0,1,0,0.283,0,-0.959],"_humanoidState":5,"_cameraCFrame":[759.121,242.683,41.776,-0.94,0.329,-0.089,0,0.262,0.965,0.341,0.907,-0.246],"_shiftlockState":true,"_pose":"FreeFall","_animationQueue":[],"_animationSpeed":1,"_zoom":8.72},{"_mousePosition":[683,384],"_rootPartCFrame":[761.223,233.119,43.142,-0.977,0,-0.213,0,1,0,0.213,0,-0.977],"_humanoidState":5,"_cameraCFrame":[758.851,243.033,41.505,-0.951,0.298,-0.081,0,0.263,0.965,0.309,0.918,-0.25],"_shiftlockState":true,"_pose":"FreeFall","_animationQueue":[],"_animationSpeed":1,"_zoom":8.72},{"_mousePosition":[683,384],"_rootPartCFrame":[760.911,233.416,42.997,-0.984,0,-0.18,0,1,0,0.18,0,-0.984],"_humanoidState":5,"_cameraCFrame":[758.588,243.326,41.273,-0.96,0.269,-0.074,0,0.264,0.964,0.279,0.926,-0.254],"_shiftlockState":true,"_pose":"FreeFall","_animationQueue":[],"_animationSpeed":1,"_zoom":8.72},{"_mousePosition":[683,384],"_rootPartCFrame":[760.536,233.711,42.869,-0.993,0,-0.116,0,1,0,0.116,0,-0.993],"_humanoidState":5,"_cameraCFrame":[758.253,243.62,41.084,-0.967,0.247,-0.068,0,0.265,0.964,0.256,0.932,-0.256],"_shiftlockState":true,"_pose":"FreeFall","_animationQueue":[],"_animationSpeed":1,"_zoom":8.72},{"_mousePosition":[683,384],"_rootPartCFrame":[760.318,233.847,42.822,-0.987,0,-0.158,0,1,0,0.158,0,-0.987],"_humanoidState":5,"_cameraCFrame":[758.088,243.752,40.954,-0.974,0.218,-0.06,0,0.266,0.964,0.226,0.939,-0.26],"_shiftlockState":true,"_pose":"FreeFall","_animationQueue":[],"_animationSpeed":1,"_zoom":8.72},{"_mousePosition":[683,384],"_rootPartCFrame":[760.036,233.981,42.792,-0.995,0,-0.095,0,1,0,0.095,0,-0.995],"_humanoidState":5,"_cameraCFrame":[757.859,243.882,40.847,-0.98,0.19,-0.053,0,0.268,0.963,0.198,0.944,-0.263],"_shiftlockState":true,"_pose":"FreeFall","_animationQueue":[["fall",0.3]],"_animationSpeed":1,"_zoom":8.72},{"_mousePosition":[683,384],"_rootPartCFrame":[759.763,234.06,42.801,-0.998,0,-0.066,0,1,0,0.066,0,-0.998],"_humanoidState":5,"_cameraCFrame":[757.639,243.954,40.766,-0.986,0.162,-0.046,0,0.271,0.963,0.169,0.949,-0.267],"_shiftlockState":true,"_pose":"FreeFall","_animationQueue":[],"_animationSpeed":1,"_zoom":8.72},{"_mousePosition":[683,384],"_rootPartCFrame":[759.5,234.085,42.844,-0.999,0,-0.036,0,1,0,0.036,0,-0.999],"_humanoidState":5,"_cameraCFrame":[757.427,243.965,40.704,-0.99,0.135,-0.039,0,0.277,0.961,0.141,0.951,-0.274],"_shiftlockState":true,"_pose":"FreeFall","_animationQueue":[],"_animationSpeed":1,"_zoom":8.72},{"_mousePosition":[683,384],"_rootPartCFrame":[759.237,234.056,42.89,-1,0,-0.008,0,1,0,0.008,0,-1],"_humanoidState":5,"_cameraCFrame":[757.191,243.918,40.657,-0.992,0.12,-0.036,0,0.284,0.959,0.125,0.951,-0.281],"_shiftlockState":true,"_pose":"FreeFall","_animationQueue":[],"_animationSpeed":1,"_zoom":8.72},{"_mousePosition":[683,384],"_rootPartCFrame":[758.973,233.971,42.929,-1,0,0.008,0,1,0,-0.008,0,-1],"_humanoidState":5,"_cameraCFrame":[756.928,243.819,40.642,-0.993,0.117,-0.035,0,0.289,0.957,0.122,0.95,-0.287],"_shiftlockState":true,"_pose":"FreeFall","_animationQueue":[],"_animationSpeed":1,"_zoom":8.72},{"_mousePosition":[683,384],"_rootPartCFrame":[758.708,233.833,42.963,-1,0,0.011,0,1,0,-0.011,0,-1],"_humanoidState":5,"_cameraCFrame":[756.66,243.671,40.643,-0.993,0.117,-0.036,0,0.293,0.956,0.122,0.949,-0.291],"_shiftlockState":true,"_pose":"FreeFall","_animationQueue":[],"_animationSpeed":1,"_zoom":8.72},{"_mousePosition":[683,384],"_rootPartCFrame":[758.444,233.639,42.996,-1,0,0.011,0,1,0,-0.011,0,-1],"_humanoidState":5,"_cameraCFrame":[756.383,243.465,40.642,-0.992,0.12,-0.037,0,0.297,0.955,0.125,0.947,-0.295],"_shiftlockState":true,"_pose":"FreeFall","_animationQueue":[],"_animationSpeed":1,"_zoom":8.72},{"_mousePosition":[683,384],"_rootPartCFrame":[758.179,233.392,43.028,-1,0,0.008,0,1,0,-0.008,0,-1],"_humanoidState":5,"_cameraCFrame":[756.081,243.194,40.626,-0.991,0.13,-0.042,0,0.306,0.952,0.137,0.943,-0.303],"_shiftlockState":true,"_pose":"FreeFall","_animationQueue":[["fall",0.3]],"_animationSpeed":1,"_zoom":8.72},{"_mousePosition":[683,384],"_rootPartCFrame":[757.915,233.09,43.062,-1,0,-0.004,0,1,0,0.004,0,-1],"_humanoidState":5,"_cameraCFrame":[755.755,242.857,40.593,-0.988,0.147,-0.049,0,0.318,0.948,0.155,0.937,-0.314],"_shiftlockState":true,"_pose":"FreeFall","_animationQueue":[],"_animationSpeed":1,"_zoom":8.72},{"_mousePosition":[683,384],"_rootPartCFrame":[757.602,232.635,43.136,-1,0,-0.014,0,1,0,0.014,0,-1],"_humanoidState":5,"_cameraCFrame":[755.38,242.364,40.595,-0.985,0.163,-0.057,0,0.331,0.944,0.173,0.929,-0.326],"_shiftlockState":true,"_pose":"FreeFall","_animationQueue":[],"_animationSpeed":1,"_zoom":8.72},{"_mousePosition":[683,384],"_rootPartCFrame":[757.43,232.322,43.206,-0.996,0,-0.093,0,1,0,0.093,0,-0.996],"_humanoidState":5,"_cameraCFrame":[755.161,242.026,40.63,-0.982,0.175,-0.063,0,0.339,0.941,0.186,0.924,-0.333],"_shiftlockState":true,"_pose":"FreeFall","_animationQueue":[],"_animationSpeed":1,"_zoom":8.72},{"_mousePosition":[683,384],"_rootPartCFrame":[757.219,231.856,43.329,-0.997,0,-0.081,0,1,0,0.081,0,-0.997],"_humanoidState":5,"_cameraCFrame":[754.949,241.561,40.754,-0.982,0.175,-0.063,0,0.339,0.941,0.186,0.924,-0.333],"_shiftlockState":true,"_pose":"FreeFall","_animationQueue":[],"_animationSpeed":1,"_zoom":8.72},{"_mousePosition":[683,384],"_rootPartCFrame":[757.028,231.336,43.486,-0.997,0,-0.082,0,1,0,0.082,0,-0.997],"_humanoidState":5,"_cameraCFrame":[754.759,241.041,40.91,-0.982,0.175,-0.063,0,0.339,0.941,0.186,0.924,-0.333],"_shiftlockState":true,"_pose":"FreeFall","_animationQueue":[],"_animationSpeed":1,"_zoom":8.72},{"_mousePosition":[683,384],"_rootPartCFrame":[756.859,230.761,43.676,-0.997,0,-0.083,0,1,0,0.083,0,-0.997],"_humanoidState":5,"_cameraCFrame":[754.59,240.466,41.101,-0.982,0.175,-0.063,0,0.339,0.941,0.186,0.924,-0.333],"_shiftlockState":true,"_pose":"FreeFall","_animationQueue":[["fall",0.3]],"_animationSpeed":1,"_zoom":8.72},{"_mousePosition":[683,384],"_rootPartCFrame":[756.707,230.132,43.893,-0.997,0,-0.083,0,1,0,0.083,0,-0.997],"_humanoidState":5,"_cameraCFrame":[754.594,239.808,41.102,-0.992,0.117,-0.043,0,0.348,0.938,0.124,0.93,-0.345],"_shiftlockState":true,"_pose":"FreeFall","_animationQueue":[],"_animationSpeed":1,"_zoom":8.72},{"_mousePosition":[683,384],"_rootPartCFrame":[756.557,229.448,44.113,-1,0,-0.026,0,1,0,0.026,0,-1],"_humanoidState":5,"_cameraCFrame":[755.461,239.017,40.535,-0.982,-0.174,0.071,0,0.379,0.925,-0.188,0.909,-0.373],"_shiftlockState":true,"_pose":"FreeFall","_animationQueue":[],"_animationSpeed":1,"_zoom":8.72},{"_mousePosition":[683,384],"_rootPartCFrame":[756.416,229.559,43.971,-0.986,-0.007,0.164,-0.007,1,-0.001,-0.164,-0.002,-0.986],"_humanoidState":7,"_cameraCFrame":[757.283,239.167,40.419,-0.738,-0.628,0.249,0,0.368,0.93,-0.675,0.686,-0.271],"_shiftlockState":true,"_pose":"FreeFall","_animationQueue":[["walk",0.1],["fall",0.3],["fall",0.3]],"_animationSpeed":1,"_zoom":8.72},{"_mousePosition":[683,384],"_rootPartCFrame":[756.048,229.838,43.897,-0.726,0,0.688,0.002,1,0.001,-0.688,0.002,-0.726],"_humanoidState":7,"_cameraCFrame":[757.972,239.594,41.209,-0.383,-0.875,0.297,0,0.322,0.947,-0.924,0.362,-0.123],"_shiftlockState":true,"_pose":"FreeFall","_animationQueue":[],"_animationSpeed":1,"_zoom":8.72},{"_mousePosition":[683,384],"_rootPartCFrame":[755.903,229.994,43.923,-0.389,0,0.921,-0.004,1,-0.002,-0.921,-0.005,-0.389],"_humanoidState":8,"_cameraCFrame":[756.797,240.03,41.582,-0.416,-0.89,0.186,0,0.205,0.979,-0.909,0.407,-0.085],"_shiftlockState":true,"_pose":"Running","_animationQueue":[["walk",0.1],["fall",0.3],["walk",0.1]],"_animationSpeed":0.735,"_zoom":8.72},{"_mousePosition":[683,384],"_rootPartCFrame":[755.782,230.877,43.971,-0.419,0.001,0.908,-0.003,1,-0.002,-0.908,-0.004,-0.419],"_humanoidState":3,"_cameraCFrame":[755.799,240.965,41.651,-0.649,-0.749,0.132,0,0.174,0.985,-0.76,0.64,-0.113],"_shiftlockState":true,"_pose":"Jumping","_animationQueue":[["walk",0.1],["walk",0.1],["jump",0.1]],"_animationSpeed":1,"_zoom":8.72},{"_mousePosition":[683,384],"_rootPartCFrame":[755.682,231.52,43.997,-0.601,0,0.799,-0.002,1,-0.001,-0.799,-0.003,-0.601],"_humanoidState":5,"_cameraCFrame":[755.168,241.607,41.737,-0.806,-0.583,0.103,0,0.174,0.985,-0.592,0.794,-0.14],"_shiftlockState":true,"_pose":"FreeFall","_animationQueue":[["jump",0.1]],"_animationSpeed":1,"_zoom":8.72},{"_mousePosition":[683,384],"_rootPartCFrame":[755.471,232.522,44.017,-0.703,0,0.711,-0.001,1,0,-0.711,0,-0.703],"_humanoidState":5,"_cameraCFrame":[754.842,242.607,41.78,-0.837,-0.539,0.096,0,0.175,0.985,-0.547,0.824,-0.147],"_shiftlockState":true,"_pose":"FreeFall","_animationQueue":[],"_animationSpeed":1,"_zoom":8.72},{"_mousePosition":[683,384],"_rootPartCFrame":[755.261,233.262,44.035,-0.767,0,0.642,0,1,0,-0.642,0,-0.767],"_humanoidState":5,"_cameraCFrame":[754.59,243.349,41.82,-0.845,-0.526,0.093,0,0.174,0.985,-0.534,0.833,-0.147],"_shiftlockState":true,"_pose":"FreeFall","_animationQueue":[],"_animationSpeed":1,"_zoom":8.72},{"_mousePosition":[683,384],"_rootPartCFrame":[755.081,233.781,44.063,-0.799,0,0.602,0,1,0,-0.602,0,-0.799],"_humanoidState":5,"_cameraCFrame":[754.4,243.868,41.846,-0.849,-0.521,0.092,0,0.174,0.985,-0.529,0.836,-0.148],"_shiftlockState":true,"_pose":"FreeFall","_animationQueue":[],"_animationSpeed":1,"_zoom":8.72},{"_mousePosition":[683,384],"_rootPartCFrame":[754.824,234.426,44.118,-0.788,0,0.616,0,1,0,-0.616,0,-0.788],"_humanoidState":5,"_cameraCFrame":[754.183,244.505,41.861,-0.844,-0.527,0.096,0,0.179,0.984,-0.536,0.831,-0.151],"_shiftlockState":true,"_pose":"FreeFall","_animationQueue":[],"_animationSpeed":1,"_zoom":8.72},{"_mousePosition":[683,384],"_rootPartCFrame":[754.564,235.017,44.178,-0.784,0,0.621,0,1,0,-0.621,0,-0.784],"_humanoidState":5,"_cameraCFrame":[753.97,245.09,41.889,-0.837,-0.538,0.1,0,0.182,0.983,-0.547,0.823,-0.153],"_shiftlockState":true,"_pose":"FreeFall","_animationQueue":[],"_animationSpeed":1,"_zoom":8.72},{"_mousePosition":[683,384],"_rootPartCFrame":[754.304,235.552,44.237,-0.776,0,0.631,0,1,0,-0.631,0,-0.776],"_humanoidState":5,"_cameraCFrame":[753.747,245.622,41.924,-0.831,-0.547,0.103,0,0.185,0.983,-0.557,0.816,-0.153],"_shiftlockState":true,"_pose":"FreeFall","_animationQueue":[],"_animationSpeed":1,"_zoom":8.72},{"_mousePosition":[683,384],"_rootPartCFrame":[754.043,236.034,44.292,-0.769,0,0.639,0,1,0,-0.639,0,-0.769],"_humanoidState":5,"_cameraCFrame":[753.498,246.102,41.972,-0.829,-0.55,0.104,0,0.186,0.983,-0.559,0.814,-0.154],"_shiftlockState":true,"_pose":"FreeFall","_animationQueue":[],"_animationSpeed":1,"_zoom":8.72},{"_mousePosition":[683,384],"_rootPartCFrame":[753.779,236.458,44.166,-0.829,0.005,0.559,-0.009,1,-0.022,-0.559,-0.023,-0.829],"_humanoidState":5,"_cameraCFrame":[753.089,246.522,41.836,-0.866,-0.49,0.094,0,0.188,0.982,-0.499,0.851,-0.163],"_shiftlockState":true,"_pose":"FreeFall","_animationQueue":[],"_animationSpeed":1,"_zoom":8.72},{"_mousePosition":[683,384],"_rootPartCFrame":[753.579,236.737,44.137,-0.819,0.004,0.573,-0.008,1,-0.018,-0.573,-0.019,-0.819],"_humanoidState":5,"_cameraCFrame":[752.792,246.799,41.834,-0.888,-0.451,0.087,0,0.19,0.982,-0.46,0.872,-0.168],"_shiftlockState":true,"_pose":"FreeFall","_animationQueue":[],"_animationSpeed":1,"_zoom":8.72},{"_mousePosition":[683,384],"_rootPartCFrame":[753.387,236.986,44.088,-0.839,0,0.544,-0.005,1,-0.008,-0.544,-0.01,-0.839],"_humanoidState":5,"_cameraCFrame":[752.508,247.045,41.821,-0.906,-0.415,0.081,0,0.191,0.982,-0.423,0.889,-0.173],"_shiftlockState":true,"_pose":"FreeFall","_animationQueue":[],"_animationSpeed":1,"_zoom":8.72},{"_mousePosition":[683,384],"_rootPartCFrame":[753.072,237.333,44.03,-0.836,-0.001,0.549,-0.001,1,-0.001,-0.549,-0.001,-0.836],"_humanoidState":5,"_cameraCFrame":[752.142,247.39,41.791,-0.916,-0.395,0.077,0,0.192,0.981,-0.402,0.899,-0.176],"_shiftlockState":true,"_pose":"FreeFall","_animationQueue":[],"_animationSpeed":1,"_zoom":8.72},{"_mousePosition":[683,384],"_rootPartCFrame":[752.883,237.5,44.024,-0.88,-0.001,0.476,0,1,0,-0.476,0,-0.88],"_humanoidState":5,"_cameraCFrame":[751.912,247.556,41.799,-0.923,-0.377,0.074,0,0.193,0.981,-0.384,0.906,-0.178],"_shiftlockState":true,"_pose":"FreeFall","_animationQueue":[],"_animationSpeed":1,"_zoom":8.72},{"_mousePosition":[683,384],"_rootPartCFrame":[752.632,237.675,44.05,-0.877,0,0.481,0,1,0,-0.481,0,-0.877],"_humanoidState":5,"_cameraCFrame":[751.641,247.73,41.83,-0.927,-0.367,0.072,0,0.194,0.981,-0.374,0.91,-0.18],"_shiftlockState":true,"_pose":"FreeFall","_animationQueue":[["fall",0.3]],"_animationSpeed":1,"_zoom":8.72},{"_mousePosition":[683,384],"_rootPartCFrame":[752.383,237.795,44.116,-0.882,0,0.471,0,1,0,-0.471,0,-0.882],"_humanoidState":5,"_cameraCFrame":[751.387,247.85,41.898,-0.928,-0.365,0.072,0,0.194,0.981,-0.372,0.911,-0.18],"_shiftlockState":true,"_pose":"FreeFall","_animationQueue":[],"_animationSpeed":1,"_zoom":8.72},{"_mousePosition":[683,384],"_rootPartCFrame":[752.137,237.861,44.215,-0.884,0,0.468,0,1,0,-0.468,0,-0.884],"_humanoidState":5,"_cameraCFrame":[751.141,247.915,41.991,-0.929,-0.364,0.072,0,0.194,0.981,-0.371,0.911,-0.181],"_shiftlockState":true,"_pose":"FreeFall","_animationQueue":[],"_animationSpeed":1,"_zoom":8.72},{"_mousePosition":[683,384],"_rootPartCFrame":[751.896,237.872,44.255,-0.901,0.009,0.435,-0.003,1,-0.028,-0.435,-0.026,-0.9],"_humanoidState":5,"_cameraCFrame":[750.913,247.925,41.993,-0.929,-0.363,0.072,0,0.194,0.981,-0.37,0.911,-0.181],"_shiftlockState":true,"_pose":"FreeFall","_animationQueue":[],"_animationSpeed":1,"_zoom":8.72},{"_mousePosition":[683,384],"_rootPartCFrame":[751.65,237.828,44.244,-0.899,0.007,0.437,-0.004,1,-0.024,-0.437,-0.023,-0.899],"_humanoidState":5,"_cameraCFrame":[750.651,247.88,41.986,-0.931,-0.357,0.071,0,0.195,0.981,-0.364,0.913,-0.182],"_shiftlockState":true,"_pose":"FreeFall","_animationQueue":[],"_animationSpeed":1,"_zoom":8.72},{"_mousePosition":[683,384],"_rootPartCFrame":[751.395,237.731,44.198,-0.897,0.002,0.442,-0.003,1,-0.01,-0.442,-0.01,-0.897],"_humanoidState":5,"_cameraCFrame":[750.369,247.78,41.957,-0.935,-0.348,0.07,0,0.197,0.98,-0.355,0.917,-0.184],"_shiftlockState":true,"_pose":"FreeFall","_animationQueue":[],"_animationSpeed":1,"_zoom":8.72},{"_mousePosition":[683,384],"_rootPartCFrame":[751.143,237.579,44.19,-0.893,-0.001,0.449,-0.001,1,-0.002,-0.449,-0.002,-0.893],"_humanoidState":5,"_cameraCFrame":[750.096,247.624,41.954,-0.939,-0.337,0.068,0,0.199,0.98,-0.344,0.92,-0.187],"_shiftlockState":true,"_pose":"FreeFall","_animationQueue":[],"_animationSpeed":1,"_zoom":8.72},{"_mousePosition":[683,384],"_rootPartCFrame":[750.894,237.373,44.22,-0.897,-0.001,0.441,0,1,0,-0.441,0,-0.897],"_humanoidState":5,"_cameraCFrame":[749.821,247.414,41.983,-0.944,-0.323,0.067,0,0.202,0.979,-0.33,0.925,-0.19],"_shiftlockState":true,"_pose":"FreeFall","_animationQueue":[["fall",0.3]],"_animationSpeed":1,"_zoom":8.72},{"_mousePosition":[683,384],"_rootPartCFrame":[750.648,237.112,44.288,-0.904,0,0.428,0,1,0,-0.428,0,-0.904],"_humanoidState":5,"_cameraCFrame":[749.545,247.149,42.051,-0.949,-0.308,0.064,0,0.204,0.979,-0.314,0.929,-0.194],"_shiftlockState":true,"_pose":"FreeFall","_animationQueue":[],"_animationSpeed":1,"_zoom":8.72},{"_mousePosition":[683,384],"_rootPartCFrame":[750.405,236.806,44.295,-0.926,0.004,0.377,-0.006,1,-0.027,-0.377,-0.028,-0.926],"_humanoidState":5,"_cameraCFrame":[749.254,246.835,42.016,-0.958,-0.28,0.06,0,0.208,0.978,-0.286,0.937,-0.199],"_shiftlockState":true,"_pose":"FreeFall","_animationQueue":[],"_animationSpeed":1,"_zoom":8.72},{"_mousePosition":[683,384],"_rootPartCFrame":[750.162,236.455,44.307,-0.928,0.002,0.371,-0.006,1,-0.021,-0.371,-0.022,-0.928],"_humanoidState":5,"_cameraCFrame":[748.926,246.472,42.034,-0.97,-0.239,0.052,0,0.214,0.977,-0.245,0.947,-0.208],"_shiftlockState":true,"_pose":"FreeFall","_animationQueue":[],"_animationSpeed":1,"_zoom":8.72},{"_mousePosition":[683,384],"_rootPartCFrame":[749.922,236.049,44.36,-0.996,-0.003,0.091,-0.004,1,-0.006,-0.09,-0.007,-0.996],"_humanoidState":5,"_cameraCFrame":[748.284,246.018,42.181,-0.998,-0.053,0.013,0,0.238,0.971,-0.055,0.97,-0.238],"_shiftlockState":true,"_pose":"FreeFall","_animationQueue":[["fall",0.3]],"_animationSpeed":1,"_zoom":8.72},{"_mousePosition":[683,384],"_rootPartCFrame":[749.676,235.589,44.402,-0.984,-0.002,0.18,-0.002,1,0,-0.18,-0.001,-0.984],"_humanoidState":5,"_cameraCFrame":[747.973,245.55,42.251,-1,-0.023,0.006,0,0.242,0.97,-0.024,0.97,-0.242],"_shiftlockState":true,"_pose":"FreeFall","_animationQueue":[],"_animationSpeed":1,"_zoom":8.72},{"_mousePosition":[683,384],"_rootPartCFrame":[749.434,235.074,44.453,-0.99,-0.001,0.139,-0.001,1,0.001,-0.139,0.001,-0.99],"_humanoidState":5,"_cameraCFrame":[747.668,245.03,42.335,-1,0.007,-0.002,0,0.244,0.97,0.007,0.97,-0.244],"_shiftlockState":true,"_pose":"FreeFall","_animationQueue":[],"_animationSpeed":1,"_zoom":8.72},{"_mousePosition":[683,384],"_rootPartCFrame":[749.261,234.652,44.514,-0.999,0,-0.036,0,1,0,0.036,0,-0.999],"_humanoidState":5,"_cameraCFrame":[747.438,244.601,42.42,-0.999,0.033,-0.008,0,0.247,0.969,0.034,0.968,-0.247],"_shiftlockState":true,"_pose":"FreeFall","_animationQueue":[["fall",0.3]],"_animationSpeed":1,"_zoom":8.72},{"_mousePosition":[683,384],"_rootPartCFrame":[749.054,234.042,44.621,-0.999,0,-0.037,0,1,0,0.037,0,-0.999],"_humanoidState":5,"_cameraCFrame":[746.883,243.9,42.492,-0.983,0.174,-0.052,0,0.285,0.958,0.181,0.943,-0.28],"_shiftlockState":true,"_pose":"FreeFall","_animationQueue":[],"_animationSpeed":1,"_zoom":8.72},{"_mousePosition":[683,384],"_rootPartCFrame":[748.962,233.717,44.683,-0.985,0,-0.173,0,1,0,0.173,0,-0.985],"_humanoidState":5,"_cameraCFrame":[746.594,243.523,42.561,-0.967,0.243,-0.078,0,0.304,0.953,0.255,0.921,-0.294],"_shiftlockState":true,"_pose":"FreeFall","_animationQueue":[],"_animationSpeed":1,"_zoom":8.72},{"_mousePosition":[683,384],"_rootPartCFrame":[748.879,233.377,44.751,-0.969,0,-0.248,0,1,0,0.248,0,-0.969],"_humanoidState":5,"_cameraCFrame":[746.183,243.094,42.67,-0.931,0.344,-0.122,0,0.335,0.942,0.365,0.877,-0.312],"_shiftlockState":true,"_pose":"FreeFall","_animationQueue":[],"_animationSpeed":1,"_zoom":8.72},{"_mousePosition":[683,384],"_rootPartCFrame":[748.739,232.658,44.899,-0.936,0,-0.352,0,1,0,0.352,0,-0.936],"_humanoidState":5,"_cameraCFrame":[745.653,242.258,42.905,-0.877,0.446,-0.178,0,0.37,0.929,0.48,0.815,-0.325],"_shiftlockState":true,"_pose":"FreeFall","_animationQueue":[],"_animationSpeed":1,"_zoom":8.72},{"_mousePosition":[683,384],"_rootPartCFrame":[748.634,231.885,45.065,-0.885,0,-0.465,0,1,0,0.465,0,-0.885],"_humanoidState":5,"_cameraCFrame":[745.066,241.316,43.201,-0.802,0.543,-0.248,0,0.416,0.909,0.597,0.73,-0.333],"_shiftlockState":true,"_pose":"FreeFall","_animationQueue":[["fall",0.3]],"_animationSpeed":1,"_zoom":8.72},{"_mousePosition":[683,384],"_rootPartCFrame":[748.568,231.057,45.242,-0.813,0,-0.582,0,1,0,0.582,0,-0.813],"_humanoidState":5,"_cameraCFrame":[744.503,240.287,43.562,-0.718,0.617,-0.322,0,0.463,0.886,0.696,0.637,-0.332],"_shiftlockState":true,"_pose":"FreeFall","_animationQueue":[],"_animationSpeed":1,"_zoom":8.72},{"_mousePosition":[683,384],"_rootPartCFrame":[748.54,230.174,45.428,-0.73,0,-0.683,0,1,0,0.683,0,-0.73],"_humanoidState":5,"_cameraCFrame":[744.023,239.204,44.01,-0.631,0.67,-0.391,0,0.504,0.863,0.776,0.545,-0.318],"_shiftlockState":true,"_pose":"FreeFall","_animationQueue":[],"_animationSpeed":1,"_zoom":8.72},{"_mousePosition":[683,384],"_rootPartCFrame":[748.561,228.994,45.664,-0.647,0,-0.763,0,1,0,0.763,0,-0.647],"_humanoidState":5,"_cameraCFrame":[743.717,237.867,44.529,-0.556,0.703,-0.444,0,0.534,0.845,0.831,0.47,-0.297],"_shiftlockState":true,"_pose":"FreeFall","_animationQueue":[],"_animationSpeed":1,"_zoom":8.72},{"_mousePosition":[683,384],"_rootPartCFrame":[748.585,228.97,45.791,-0.56,0,-0.829,0,1,0,0.829,0,-0.56],"_humanoidState":12,"_cameraCFrame":[743.382,237.653,45.132,-0.449,0.736,-0.507,0,0.567,0.824,0.893,0.37,-0.255],"_shiftlockState":true,"_pose":"Climbing","_animationQueue":[["walk",0.1],["fall",0.3],["climb",0.1],["climb",0]],"_animationSpeed":-4.856,"_zoom":8.72},{"_mousePosition":[683,384],"_rootPartCFrame":[748.611,229.148,45.926,-0.343,0,-0.939,0,1,0,0.939,0,-0.343],"_humanoidState":12,"_cameraCFrame":[743.365,237.803,45.303,-0.44,0.737,-0.513,0,0.572,0.821,0.898,0.361,-0.252],"_shiftlockState":true,"_pose":"Climbing","_animationQueue":[["climb",0.1]],"_animationSpeed":0.628,"_zoom":8.72},{"_mousePosition":[683,384],"_rootPartCFrame":[748.115,229.878,45.792,-0.441,0,-0.898,0,1,0,0.898,0,-0.441],"_humanoidState":3,"_cameraCFrame":[743.139,238.632,44.481,-0.568,0.684,-0.457,0,0.555,0.832,0.823,0.473,-0.315],"_shiftlockState":true,"_pose":"Jumping","_animationQueue":[["climb",0.1],["jump",0.1]],"_animationSpeed":1,"_zoom":8.72},{"_mousePosition":[683,384],"_rootPartCFrame":[747.618,230.553,45.7,-0.642,0,-0.767,0,1,0,0.767,0,-0.642],"_humanoidState":5,"_cameraCFrame":[743.058,239.381,43.55,-0.714,0.588,-0.38,0,0.542,0.84,0.7,0.6,-0.387],"_shiftlockState":true,"_pose":"FreeFall","_animationQueue":[["jump",0.1]],"_animationSpeed":1,"_zoom":8.72},{"_mousePosition":[683,384],"_rootPartCFrame":[747.137,231.174,45.642,-0.798,0,-0.603,0,1,0,0.603,0,-0.798],"_humanoidState":5,"_cameraCFrame":[743.11,240.058,42.75,-0.833,0.469,-0.295,0,0.532,0.847,0.554,0.705,-0.443],"_shiftlockState":true,"_pose":"FreeFall","_animationQueue":[],"_animationSpeed":1,"_zoom":8.72},{"_mousePosition":[683,384],"_rootPartCFrame":[746.679,231.741,45.609,-0.898,0,-0.439,0,1,0,0.439,0,-0.898],"_humanoidState":5,"_cameraCFrame":[743.194,240.673,42.186,-0.91,0.354,-0.217,0,0.523,0.852,0.415,0.775,-0.476],"_shiftlockState":true,"_pose":"FreeFall","_animationQueue":[],"_animationSpeed":1,"_zoom":8.72},{"_mousePosition":[683,384],"_rootPartCFrame":[746.247,232.253,45.599,-0.957,0,-0.291,0,1,0,0.291,0,-0.957],"_humanoidState":5,"_cameraCFrame":[