[{"_mousePosition":[1087,377],"_rootPartCFrame":[776.028,222.95,47.142,0,0,1,0,1,0,-1,0,0],"_humanoidState":8,"_cameraCFrame":[782.969,230.853,47.048,-0.014,-0.678,0.735,0,0.735,0.678,-1,0.009,-0.01],"_shiftlockState":false,"_pose":"Standing","_animationQueue":[],"_animationSpeed":1,"_zoom":9.444},{"_mousePosition":[1068,379],"_rootPartCFrame":[775.781,222.832,47.145,-0.002,0,1,0,1,0,-1,0,-0.002],"_humanoidState":8,"_cameraCFrame":[782.723,230.735,47.051,-0.014,-0.678,0.735,0,0.735,0.678,-1,0.009,-0.01],"_shiftlockState":false,"_pose":"Standing","_animationQueue":[],"_animationSpeed":1,"_zoom":9.444},{"_mousePosition":[1043,380],"_rootPartCFrame":[775.649,222.759,47.147,-0.003,0,1,0,1,0,-1,0,-0.003],"_humanoidState":8,"_cameraCFrame":[782.59,230.662,47.053,-0.014,-0.678,0.735,0,0.735,0.678,-1,0.009,-0.01],"_shiftlockState":false,"_pose":"Running","_animationQueue":[["walk",0.1]],"_animationSpeed":1.066,"_zoom":9.444},{"_mousePosition":[1019,382],"_rootPartCFrame":[775.249,222.653,47.153,-0.005,0,1,0,1,0,-1,0,-0.005],"_humanoidState":8,"_cameraCFrame":[782.19,230.556,47.058,-0.014,-0.678,0.735,0,0.735,0.678,-1,0.009,-0.01],"_shiftlockState":false,"_pose":"Running","_animationQueue":[],"_animationSpeed":1.066,"_zoom":9.444},{"_mousePosition":[992,384],"_rootPartCFrame":[775.116,222.661,47.154,-0.005,0,1,0,1,0,-1,0,-0.005],"_humanoidState":8,"_cameraCFrame":[782.057,230.564,47.06,-0.014,-0.678,0.735,0,0.735,0.678,-1,0.009,-0.01],"_shiftlockState":false,"_pose":"Running","_animationQueue":[["walk",0.1]],"_animationSpeed":1.066,"_zoom":9.444},{"_mousePosition":[955,385],"_rootPartCFrame":[774.849,222.677,47.158,-0.007,0,1,0,1,0,-1,0,-0.007],"_humanoidState":8,"_cameraCFrame":[781.79,230.58,47.064,-0.014,-0.678,0.735,0,0.735,0.678,-1,0.009,-0.01],"_shiftlockState":false,"_pose":"Running","_animationQueue":[],"_animationSpeed":1.066,"_zoom":9.444},{"_mousePosition":[920,385],"_rootPartCFrame":[774.449,222.69,47.163,-0.008,0,1,0,1,0,-1,0,-0.008],"_humanoidState":8,"_cameraCFrame":[781.39,230.593,47.069,-0.014,-0.678,0.735,0,0.735,0.678,-1,0.009,-0.01],"_shiftlockState":false,"_pose":"Running","_animationQueue":[],"_animationSpeed":1.066,"_zoom":9.444},{"_mousePosition":[878,382],"_rootPartCFrame":[774.182,222.695,47.167,-0.009,0,1,0,1,0,-1,0,-0.009],"_humanoidState":8,"_cameraCFrame":[781.124,230.598,47.073,-0.014,-0.678,0.735,0,0.735,0.678,-1,0.009,-0.01],"_shiftlockState":false,"_pose":"Running","_animationQueue":[],"_animationSpeed":1.066,"_zoom":9.444},{"_mousePosition":[842,380],"_rootPartCFrame":[774.049,222.696,47.169,-0.009,0,1,0,1,0,-1,0,-0.009],"_humanoidState":8,"_cameraCFrame":[780.99,230.599,47.074,-0.014,-0.678,0.735,0,0.735,0.678,-1,0.009,-0.01],"_shiftlockState":false,"_pose":"Running","_animationQueue":[],"_animationSpeed":1.066,"_zoom":9.444},{"_mousePosition":[813,379],"_rootPartCFrame":[773.783,222.698,47.173,-0.01,0,1,0,1,0,-1,0,-0.01],"_humanoidState":8,"_cameraCFrame":[780.724,230.601,47.078,-0.014,-0.678,0.735,0,0.735,0.678,-1,0.009,-0.01],"_shiftlockState":false,"_pose":"Running","_animationQueue":[],"_animationSpeed":1.066,"_zoom":9.444},{"_mousePosition":[792,379],"_rootPartCFrame":[773.516,222.699,47.176,-0.01,0,1,0,1,0,-1,0,-0.01],"_humanoidState":8,"_cameraCFrame":[780.457,230.602,47.082,-0.014,-0.678,0.735,0,0.735,0.678,-1,0.009,-0.01],"_shiftlockState":false,"_pose":"Running","_animationQueue":[],"_animationSpeed":1.066,"_zoom":9.444},{"_mousePosition":[781,381],"_rootPartCFrame":[773.249,222.699,47.18,-0.011,0,1,0,1,0,-1,0,-0.011],"_humanoidState":8,"_cameraCFrame":[780.191,230.602,47.085,-0.014,-0.678,0.735,0,0.735,0.678,-1,0.009,-0.01],"_shiftlockState":false,"_pose":"Running","_animationQueue":[["walk",0.1]],"_animationSpeed":1.066,"_zoom":9.444},{"_mousePosition":[775,388],"_rootPartCFrame":[772.983,222.699,47.183,-0.011,0,1,0,1,0,-1,0,-0.011],"_humanoidState":8,"_cameraCFrame":[779.924,230.602,47.089,-0.014,-0.678,0.735,0,0.735,0.678,-1,0.009,-0.01],"_shiftlockState":false,"_pose":"Running","_animationQueue":[],"_animationSpeed":1.066,"_zoom":9.444},{"_mousePosition":[775,388],"_rootPartCFrame":[772.716,222.699,47.187,-0.011,0,1,0,1,0,-1,0,-0.011],"_humanoidState":8,"_cameraCFrame":[779.547,230.719,47.058,-0.019,-0.69,0.723,0,0.723,0.69,-1,0.013,-0.014],"_shiftlockState":false,"_pose":"Running","_animationQueue":[],"_animationSpeed":1.066,"_zoom":9.444},{"_mousePosition":[775,388],"_rootPartCFrame":[772.316,222.7,47.193,-0.012,0,1,0,1,0,-1,0,-0.012],"_humanoidState":8,"_cameraCFrame":[779.004,230.866,47.074,-0.018,-0.706,0.708,0,0.708,0.706,-1,0.013,-0.013],"_shiftlockState":false,"_pose":"Running","_animationQueue":[],"_animationSpeed":1.066,"_zoom":9.444},{"_mousePosition":[775,388],"_rootPartCFrame":[772.183,222.7,47.195,-0.012,0,1,0,1,0,-1,0,-0.012],"_humanoidState":8,"_cameraCFrame":[778.647,231.084,47.121,-0.012,-0.729,0.685,0,0.685,0.729,-1,0.008,-0.008],"_shiftlockState":false,"_pose":"Running","_animationQueue":[],"_animationSpeed":1.066,"_zoom":9.444},{"_mousePosition":[775,388],"_rootPartCFrame":[771.916,222.7,47.2,-0.013,0,1,0,1,0,-1,0,-0.013],"_humanoidState":8,"_cameraCFrame":[778.07,231.364,47.193,-0.001,-0.759,0.652,0,0.652,0.759,-1,0.001,-0.001],"_shiftlockState":false,"_pose":"Running","_animationQueue":[],"_animationSpeed":1.066,"_zoom":9.444},{"_mousePosition":[775,388],"_rootPartCFrame":[771.65,222.7,47.203,-0.013,0,1,0,1,0,-1,0,-0.013],"_humanoidState":8,"_cameraCFrame":[777.388,231.7,47.293,0.016,-0.794,0.608,0,0.608,0.794,-1,-0.012,0.01],"_shiftlockState":false,"_pose":"Running","_animationQueue":[],"_animationSpeed":1.066,"_zoom":9.444},{"_mousePosition":[775,388],"_rootPartCFrame":[771.383,222.7,47.203,-0.011,0,1,0,1,0,-1,0,-0.011],"_humanoidState":8,"_cameraCFrame":[776.705,232.041,45.642,0.036,-0.83,0.557,0,0.557,0.83,-0.999,-0.03,0.02],"_shiftlockState":true,"_pose":"Running","_animationQueue":[["walk",0.1]],"_animationSpeed":1.066,"_zoom":9.444},{"_mousePosition":[683,352.5],"_rootPartCFrame":[771.116,222.7,47.2,0.036,0,0.999,0,1,0,-0.999,0,0.036],"_humanoidState":8,"_cameraCFrame":[776.438,232.041,45.638,0.036,-0.83,0.557,0,0.557,0.83,-0.999,-0.03,0.02],"_shiftlockState":true,"_pose":"Running","_animationQueue":[],"_animationSpeed":1.066,"_zoom":9.444},{"_mousePosition":[683,352.5],"_rootPartCFrame":[770.85,222.7,47.191,0.036,0,0.999,0,1,0,-0.999,0,0.036],"_humanoidState":8,"_cameraCFrame":[775.748,232.329,45.72,0.058,-0.859,0.508,0,0.509,0.861,-0.998,-0.05,0.029],"_shiftlockState":true,"_pose":"Running","_animationQueue":[],"_animationSpeed":1.066,"_zoom":9.444},{"_mousePosition":[683,352.5],"_rootPartCFrame":[770.517,223.77,47.179,0.058,0,0.998,0,1,0,-0.998,0,0.058],"_humanoidState":3,"_cameraCFrame":[775.116,233.579,45.748,0.07,-0.878,0.474,0,0.475,0.88,-0.998,-0.062,0.033],"_shiftlockState":true,"_pose":"Jumping","_animationQueue":[["walk",0.1],["jump",0.1]],"_animationSpeed":1,"_zoom":9.444},{"_mousePosition":[683,352.5],"_rootPartCFrame":[770.317,224.371,47.168,0.069,0,0.998,0,1,0,-0.998,0,0.069],"_humanoidState":5,"_cameraCFrame":[774.593,234.351,45.736,0.075,-0.895,0.439,0,0.44,0.898,-0.997,-0.068,0.033],"_shiftlockState":true,"_pose":"FreeFall","_animationQueue":[["jump",0.1]],"_animationSpeed":1,"_zoom":9.444},{"_mousePosition":[683,352.5],"_rootPartCFrame":[770.051,225.125,47.15,0.074,0,0.997,0,1,0,-0.997,0,0.074],"_humanoidState":5,"_cameraCFrame":[774.053,235.232,45.681,0.071,-0.909,0.411,0,0.412,0.911,-0.997,-0.065,0.029],"_shiftlockState":true,"_pose":"FreeFall","_animationQueue":[],"_animationSpeed":1,"_zoom":9.444},{"_mousePosition":[683,352.5],"_rootPartCFrame":[769.785,225.824,47.13,0.071,0,0.997,0,1,0,-0.997,0,0.071],"_humanoidState":5,"_cameraCFrame":[773.499,236.043,45.569,0.051,-0.922,0.384,0,0.384,0.923,-0.999,-0.047,0.02],"_shiftlockState":true,"_pose":"FreeFall","_animationQueue":[],"_animationSpeed":1,"_zoom":9.444},{"_mousePosition":[683,352.5],"_rootPartCFrame":[769.519,226.469,47.111,0.053,0,0.999,0,1,0,-0.999,0,0.053],"_humanoidState":5,"_cameraCFrame":[773.001,236.768,45.466,0.03,-0.931,0.363,0,0.363,0.932,-1,-0.028,0.011],"_shiftlockState":true,"_pose":"FreeFall","_animationQueue":[],"_animationSpeed":1,"_zoom":9.444},{"_mousePosition":[683,352.5],"_rootPartCFrame":[769.253,227.06,47.096,0.033,0,0.999,0,1,0,-0.999,0,0.033],"_humanoidState":5,"_cameraCFrame":[772.735,237.358,45.451,0.03,-0.931,0.363,0,0.363,0.932,-1,-0.028,0.011],"_shiftlockState":true,"_pose":"FreeFall","_animationQueue":[],"_animationSpeed":1,"_zoom":9.444},{"_mousePosition":[683,352.5],"_rootPartCFrame":[768.92,227.721,47.086,0.031,0,1,0,1,0,-1,0,0.031],"_humanoidState":5,"_cameraCFrame":[772.402,238.02,45.441,0.03,-0.931,0.363,0,0.363,0.932,-1,-0.028,0.011],"_shiftlockState":true,"_pose":"FreeFall","_animationQueue":[],"_animationSpeed":1,"_zoom":9.444},{"_mousePosition":[683,352.5],"_rootPartCFrame":[768.72,228.077,47.079,0.03,0,1,0,1,0,-1,0,0.03],"_humanoidState":5,"_cameraCFrame":[772.202,238.376,45.434,0.03,-0.931,0.363,0,0.363,0.932,-1,-0.028,0.011],"_shiftlockState":true,"_pose":"FreeFall","_animationQueue":[],"_animationSpeed":1,"_zoom":9.444},{"_mousePosition":[683,352.5],"_rootPartCFrame":[768.453,228.504,47.071,0.03,0,1,0,1,0,-1,0,0.03],"_humanoidState":5,"_cameraCFrame":[771.935,238.802,45.426,0.03,-0.931,0.363,0,0.363,0.932,-1,-0.028,0.011],"_shiftlockState":true,"_pose":"FreeFall","_animationQueue":[],"_animationSpeed":1,"_zoom":9.444},{"_mousePosition":[683,352.5],"_rootPartCFrame":[768.186,228.876,47.063,0.03,0,1,0,1,0,-1,0,0.03],"_humanoidState":5,"_cameraCFrame":[771.669,239.175,45.418,0.03,-0.931,0.363,0,0.363,0.932,-1,-0.028,0.011],"_shiftlockState":true,"_pose":"FreeFall","_animationQueue":[],"_animationSpeed":1,"_zoom":9.444},{"_mousePosition":[683,352.5],"_rootPartCFrame":[767.92,229.194,47.055,0.03,0,1,0,1,0,-1,0,0.03],"_humanoidState":5,"_cameraCFrame":[771.402,239.493,45.41,0.03,-0.931,0.363,0,0.363,0.932,-1,-0.028,0.011],"_shiftlockState":true,"_pose":"FreeFall","_animationQueue":[],"_animationSpeed":1,"_zoom":9.444},{"_mousePosition":[683,352.5],"_rootPartCFrame":[767.653,229.457,47.047,0.03,0,1,0,1,0,-1,0,0.03],"_humanoidState":5,"_cameraCFrame":[771.136,239.756,45.402,0.03,-0.931,0.363,0,0.363,0.932,-1,-0.028,0.011],"_shiftlockState":true,"_pose":"FreeFall","_animationQueue":[],"_animationSpeed":1,"_zoom":9.444},{"_mousePosition":[683,352.5],"_rootPartCFrame":[767.387,229.666,47.039,0.03,0,1,0,1,0,-1,0,0.03],"_humanoidState":5,"_cameraCFrame":[770.869,239.965,45.394,0.03,-0.931,0.363,0,0.363,0.932,-1,-0.028,0.011],"_shiftlockState":true,"_pose":"FreeFall","_animationQueue":[],"_animationSpeed":1,"_zoom":9.444},{"_mousePosition":[683,352.5],"_rootPartCFrame":[767.12,229.821,47.031,0.03,0,1,0,1,0,-1,0,0.03],"_humanoidState":5,"_cameraCFrame":[770.602,240.119,45.386,0.03,-0.931,0.363,0,0.363,0.932,-1,-0.028,0.011],"_shiftlockState":true,"_pose":"FreeFall","_animationQueue":[],"_animationSpeed":1,"_zoom":9.444},{"_mousePosition":[683,352.5],"_rootPartCFrame":[766.853,229.921,47.023,0.03,0,1,0,1,0,-1,0,0.03],"_humanoidState":5,"_cameraCFrame":[770.336,240.219,45.378,0.03,-0.931,0.363,0,0.363,0.932,-1,-0.028,0.011],"_shiftlockState":true,"_pose":"FreeFall","_animationQueue":[],"_animationSpeed":1,"_zoom":9.444},{"_mousePosition":[683,352.5],"_rootPartCFrame":[766.587,229.966,47.015,0.03,0,1,0,1,0,-1,0,0.03],"_humanoidState":5,"_cameraCFrame":[770.068,240.265,45.366,0.029,-0.931,0.363,0,0.363,0.932,-1,-0.027,0.011],"_shiftlockState":true,"_pose":"FreeFall","_animationQueue":[],"_animationSpeed":1,"_zoom":9.444},{"_mousePosition":[683,352.5],"_rootPartCFrame":[766.254,229.946,47.004,0.029,0,1,0,1,0,-1,0,0.029],"_humanoidState":5,"_cameraCFrame":[769.792,240.197,45.229,-0.007,-0.927,0.376,0,0.376,0.927,-1,0.007,-0.003],"_shiftlockState":true,"_pose":"FreeFall","_animationQueue":[["fall",0.3]],"_animationSpeed":1,"_zoom":9.444},{"_mousePosition":[683,352.5],"_rootPartCFrame":[766.054,229.893,46.999,-0.005,0,1,0,1,0,-1,0,-0.005],"_humanoidState":5,"_cameraCFrame":[769.632,240.106,45.12,-0.036,-0.922,0.385,0,0.386,0.923,-0.999,0.033,-0.014],"_shiftlockState":true,"_pose":"FreeFall","_animationQueue":[],"_animationSpeed":1,"_zoom":9.444},{"_mousePosition":[683,352.5],"_rootPartCFrame":[765.72,229.737,47,-0.031,0,1,0,1,0,-1,0,-0.031],"_humanoidState":5,"_cameraCFrame":[769.309,239.944,45.113,-0.038,-0.921,0.387,0,0.387,0.922,-0.999,0.035,-0.015],"_shiftlockState":true,"_pose":"FreeFall","_animationQueue":[],"_animationSpeed":1,"_zoom":9.444},{"_mousePosition":[683,352.5],"_rootPartCFrame":[765.52,229.603,47.006,-0.036,0,0.999,0,1,0,-0.999,0,-0.036],"_humanoidState":5,"_cameraCFrame":[769.112,239.807,45.111,-0.04,-0.921,0.388,0,0.388,0.922,-0.999,0.037,-0.015],"_shiftlockState":true,"_pose":"FreeFall","_animationQueue":[],"_animationSpeed":1,"_zoom":9.444},{"_mousePosition":[683,352.5],"_rootPartCFrame":[765.254,229.375,47.016,-0.039,0,0.999,0,1,0,-0.999,0,-0.039],"_humanoidState":5,"_cameraCFrame":[768.841,239.58,45.114,-0.042,-0.921,0.388,0,0.388,0.922,-0.999,0.039,-0.016],"_shiftlockState":true,"_pose":"FreeFall","_animationQueue":[],"_animationSpeed":1,"_zoom":9.444},{"_mousePosition":[683,352.5],"_rootPartCFrame":[764.988,229.094,47.026,-0.042,0,0.999,0,1,0,-0.999,0,-0.042],"_humanoidState":5,"_cameraCFrame":[768.582,239.295,45.124,-0.042,-0.921,0.388,0,0.389,0.921,-0.999,0.039,-0.016],"_shiftlockState":true,"_pose":"FreeFall","_animationQueue":[],"_animationSpeed":1,"_zoom":9.444},{"_mousePosition":[683,352.5],"_rootPartCFrame":[764.746,229.209,47.036,-0.042,0,0.999,0,1,0,-0.999,0,-0.042],"_humanoidState":12,"_cameraCFrame":[768.34,239.41,45.133,-0.042,-0.921,0.388,0,0.389,0.921,-0.999,0.039,-0.016],"_shiftlockState":true,"_pose":"Climbing","_animationQueue":[["fall",0.3],["walk",0.1],["fall",0.3],["climb",0.1],["climb",0]],"_animationSpeed":-1.51,"_zoom":9.444},{"_mousePosition":[683,352.5],"_rootPartCFrame":[764.584,229.382,47.041,-0.004,0,1,-0.005,1,0,-1,-0.005,-0.004],"_humanoidState":12,"_cameraCFrame":[768.178,239.583,45.132,-0.042,-0.921,0.388,0,0.389,0.921,-0.999,0.039,-0.016],"_shiftlockState":true,"_pose":"Climbing","_animationQueue":[["climb",0.1]],"_animationSpeed":0.885,"_zoom":9.444},{"_mousePosition":[683,352.5],"_rootPartCFrame":[764.581,229.56,47.042,0.001,0,1,-0.005,1,0,-1,-0.005,0.001],"_humanoidState":12,"_cameraCFrame":[768.194,239.753,45.128,-0.043,-0.92,0.391,0,0.391,0.92,-0.999,0.039,-0.017],"_shiftlockState":true,"_pose":"Climbing","_animationQueue":[["climb",0.1],["climb",0]],"_animationSpeed":0.692,"_zoom":9.444},{"_mousePosition":[683,352.5],"_rootPartCFrame":[764.589,229.746,47.042,-0.043,0,0.999,0,1,0,-0.999,0,-0.043],"_humanoidState":12,"_cameraCFrame":[768.273,239.905,45.12,-0.046,-0.916,0.399,0,0.399,0.917,-0.999,0.042,-0.018],"_shiftlockState":true,"_pose":"Climbing","_animationQueue":[["climb",0.1]],"_animationSpeed":0.904,"_zoom":9.444},{"_mousePosition":[683,352.5],"_rootPartCFrame":[764.591,229.933,47.042,-0.046,0,0.999,0.001,1,0,-0.999,0.001,-0.046],"_humanoidState":12,"_cameraCFrame":[768.36,240.052,45.105,-0.049,-0.912,0.408,0,0.409,0.913,-0.999,0.045,-0.02],"_shiftlockState":true,"_pose":"Climbing","_animationQueue":[],"_animationSpeed":0.904,"_zoom":9.444},{"_mousePosition":[683,352.5],"_rootPartCFrame":[764.593,230.119,47.041,-0.049,0,0.999,0,1,0,-0.999,0,-0.049],"_humanoidState":12,"_cameraCFrame":[768.431,240.207,45.1,-0.049,-0.908,0.415,0,0.416,0.909,-0.999,0.045,-0.02],"_shiftlockState":true,"_pose":"Climbing","_animationQueue":[],"_animationSpeed":0.904,"_zoom":9.444},{"_mousePosition":[683,352.5],"_rootPartCFrame":[764.594,230.306,47.041,-0.049,0,0.999,0,1,0,-0.999,0,-0.049],"_humanoidState":12,"_cameraCFrame":[768.497,240.368,45.118,-0.044,-0.906,0.421,0,0.422,0.907,-0.999,0.04,-0.019],"_shiftlockState":true,"_pose":"Climbing","_animationQueue":[],"_animationSpeed":0.904,"_zoom":9.444},{"_mousePosition":[683,352.5],"_rootPartCFrame":[764.594,230.493,47.041,-0.044,0,0.999,0,1,0,-0.999,0,-0.044],"_humanoidState":12,"_cameraCFrame":[768.506,240.552,45.122,-0.043,-0.905,0.422,0,0.423,0.906,-0.999,0.039,-0.018],"_shiftlockState":true,"_pose":"Climbing","_animationQueue":[],"_animationSpeed":0.904,"_zoom":9.444},{"_mousePosition":[683,352.5],"_rootPartCFrame":[764.594,230.679,47.041,-0.043,0,0.999,0,1,0,-0.999,0,-0.043],"_humanoidState":12,"_cameraCFrame":[768.506,240.739,45.122,-0.043,-0.905,0.422,0,0.423,0.906,-0.999,0.039,-0.018],"_shiftlockState":true,"_pose":"Climbing","_animationQueue":[],"_animationSpeed":0.904,"_zoom":9.444},{"_mousePosition":[683,352.5],"_rootPartCFrame":[764.594,230.866,47.041,-0.043,0,0.999,0,1,0,-0.999,0,-0.043],"_humanoidState":12,"_cameraCFrame":[768.506,240.925,45.122,-0.043,-0.905,0.422,0,0.423,0.906,-0.999,0.039,-0.018],"_shiftlockState":true,"_pose":"Climbing","_animationQueue":[],"_animationSpeed":0.904,"_zoom":9.444},{"_mousePosition":[683,352.5],"_rootPartCFrame":[764.594,231.053,47.041,-0.043,0,0.999,0,1,0,-0.999,0,-0.043],"_humanoidState":12,"_cameraCFrame":[768.506,241.112,45.122,-0.043,-0.905,0.422,0,0.423,0.906,-0.999,0.039,-0.018],"_shiftlockState":true,"_pose":"Climbing","_animationQueue":[],"_animationSpeed":0.904,"_zoom":9.444},{"_mousePosition":[683,352.5],"_rootPartCFrame":[764.594,231.286,47.041,-0.043,0,0.999,0,1,0,-0.999,0,-0.043],"_humanoidState":12,"_cameraCFrame":[768.506,241.345,45.122,-0.043,-0.905,0.422,0,0.423,0.906,-0.999,0.039,-0.018],"_shiftlockState":true,"_pose":"Climbing","_animationQueue":[],"_animationSpeed":0.904,"_zoom":9.444},{"_mousePosition":[683,352.5],"_rootPartCFrame":[764.594,231.426,47.041,-0.043,0,0.999,0,1,0,-0.999,0,-0.043],"_humanoidState":12,"_cameraCFrame":[768.537,241.479,45.158,-0.033,-0.905,0.424,0,0.424,0.906,-0.999,0.03,-0.014],"_shiftlockState":true,"_pose":"Climbing","_animationQueue":[],"_animationSpeed":0.904,"_zoom":9.444},{"_mousePosition":[683,352.5],"_rootPartCFrame":[764.594,231.613,47.041,-0.033,0,0.999,0,1,0,-0.999,0,-0.033],"_humanoidState":12,"_cameraCFrame":[769.074,241.532,45.902,0.139,-0.883,0.449,0,0.453,0.891,-0.99,-0.124,0.063],"_shiftlockState":true,"_pose":"Climbing","_animationQueue":[],"_animationSpeed":0.904,"_zoom":9.444},{"_mousePosition":[683,352.5],"_rootPartCFrame":[764.683,231.846,47.041,0.134,0,0.991,0,1,0,-0.991,0,0.134],"_humanoidState":12,"_cameraCFrame":[769.532,241.626,47.452,0.437,-0.789,0.432,0,0.481,0.877,-0.899,-0.383,0.21],"_shiftlockState":true,"_pose":"Climbing","_animationQueue":[],"_animationSpeed":0.904,"_zoom":9.444},{"_mousePosition":[683,352.5],"_rootPartCFrame":[764.931,232.032,47.041,0.428,0,0.904,0,1,0,-0.904,0,0.428],"_humanoidState":12,"_cameraCFrame":[769.145,241.857,49.323,0.764,-0.568,0.304,0,0.472,0.881,-0.645,-0.674,0.361],"_shiftlockState":true,"_pose":"Climbing","_animationQueue":[],"_animationSpeed":0.904,"_zoom":9.444},{"_mousePosition":[683,352.5],"_rootPartCFrame":[765.134,232.148,46.972,0.765,0,0.644,0.001,1,-0.001,-0.644,0.001,0.765],"_humanoidState":8,"_cameraCFrame":[768.393,242.24,49.771,0.904,-0.389,0.178,0,0.415,0.91,-0.428,-0.822,0.375],"_shiftlockState":true,"_pose":"Standing","_animationQueue":[["climb",0.1],["idle",0.1],["idle",0.1]],"_animationSpeed":1,"_zoom":9.444},{"_mousePosition":[683,352.5],"_rootPartCFrame":[765.177,232.266,46.764,0.912,0,0.41,0,1,-0.001,-0.41,0.001,0.912],"_humanoidState":8,"_cameraCFrame":[768.076,242.695,48.792,0.903,-0.405,0.139,0,0.325,0.946,-0.429,-0.854,0.294],"_shiftlockState":true,"_pose":"Running","_animationQueue":[["walk",0.1]],"_animationSpeed":0.556,"_zoom":9.444},{"_mousePosition":[683,352.5],"_rootPartCFrame":[765.206,232.301,46.564,0.906,0,0.424,0,1,0,-0.424,0,0.906],"_humanoidState":8,"_cameraCFrame":[768.053,242.883,47.847,0.851,-0.505,0.144,0,0.274,0.962,-0.525,-0.818,0.233],"_shiftlockState":true,"_pose":"Running","_animationQueue":[["walk",0.1]],"_animationSpeed":0.763,"_zoom":9.444},{"_mousePosition":[683,352.5],"_rootPartCFrame":[765.284,232.268,46.279,0.848,0,0.531,0,1,0,-0.531,0,0.848],"_humanoidState":8,"_cameraCFrame":[768.228,242.877,47.055,0.764,-0.622,0.17,0,0.264,0.965,-0.645,-0.737,0.202],"_shiftlockState":true,"_pose":"Running","_animationQueue":[["walk",0.1]],"_animationSpeed":0.882,"_zoom":9.444},{"_mousePosition":[683,352.5],"_rootPartCFrame":[765.361,233.141,46.038,0.76,0,0.65,0,1,0,-0.65,0,0.76],"_humanoidState":3,"_cameraCFrame":[768.347,243.764,46.351,0.664,-0.722,0.193,0,0.258,0.966,-0.747,-0.642,0.172],"_shiftlockState":true,"_pose":"Jumping","_animationQueue":[["walk",0.1],["jump",0.1]],"_animationSpeed":1,"_zoom":9.444},{"_mousePosition":[683,352.5],"_rootPartCFrame":[765.406,233.763,45.851,0.705,0,0.709,0,1,0,-0.709,0,0.705],"_humanoidState":5,"_cameraCFrame":[768.359,244.4,45.635,0.531,-0.82,0.214,0,0.253,0.967,-0.848,-0.513,0.134],"_shiftlockState":true,"_pose":"FreeFall","_animationQueue":[["jump",0.1]],"_animationSpeed":1,"_zoom":9.444},{"_mousePosition":[683,352.5],"_rootPartCFrame":[765.432,234.544,45.593,0.627,0,0.779,0,1,0,-0.779,0,0.627],"_humanoidState":5,"_cameraCFrame":[768.289,245.192,44.963,0.412,-0.883,0.226,0,0.248,0.969,-0.911,-0.399,0.102],"_shiftlockState":true,"_pose":"FreeFall","_animationQueue":[],"_animationSpeed":1,"_zoom":9.444},{"_mousePosition":[683,352.5],"_rootPartCFrame":[765.419,235.27,45.332,0.52,0,0.854,0,1,0,-0.854,0,0.52],"_humanoidState":5,"_cameraCFrame":[768.157,245.921,44.321,0.285,-0.929,0.237,0,0.247,0.969,-0.959,-0.276,0.071],"_shiftlockState":true,"_pose":"FreeFall","_animationQueue":[],"_animationSpeed":1,"_zoom":9.444},{"_mousePosition":[683,352.5],"_rootPartCFrame":[765.366,235.943,45.076,0.4,0,0.916,0,1,0,-0.916,0,0.4],"_humanoidState":5,"_cameraCFrame":[768.003,246.585,43.77,0.176,-0.953,0.247,0,0.251,0.968,-0.984,-0.17,0.044],"_shiftlockState":true,"_pose":"FreeFall","_animationQueue":[],"_animationSpeed":1,"_zoom":9.444},{"_mousePosition":[683,352.5],"_rootPartCFrame":[765.275,236.56,44.83,0.293,0,0.956,0,1,0,-0.956,0,0.293],"_humanoidState":5,"_cameraCFrame":[767.818,247.187,43.257,0.071,-0.964,0.256,0,0.257,0.966,-0.997,-0.069,0.018],"_shiftlockState":true,"_pose":"FreeFall","_animationQueue":[],"_animationSpeed":1,"_zoom":9.444},{"_mousePosition":[683,352.5],"_rootPartCFrame":[765.147,237.123,44.599,0.189,0,0.982,0,1,0,-0.982,0,0.189],"_humanoidState":5,"_cameraCFrame":[767.581,247.727,42.74,-0.044,-0.963,0.266,0,0.266,0.964,-0.999,0.042,-0.012],"_shiftlockState":true,"_pose":"FreeFall","_animationQueue":[],"_animationSpeed":1,"_zoom":9.444},{"_mousePosition":[683,352.5],"_rootPartCFrame":[764.943,237.751,44.338,0.105,0,0.994,0,1,0,-0.994,0,0.105],"_humanoidState":5,"_cameraCFrame":[767.268,248.333,42.253,-0.136,-0.953,0.271,0,0.274,0.962,-0.991,0.131,-0.037],"_shiftlockState":true,"_pose":"FreeFall","_animationQueue":[],"_animationSpeed":1,"_zoom":9.444},{"_mousePosition":[683,352.5],"_rootPartCFrame":[764.793,238.191,44.126,-0.007,0,1,0,1,0,-1,0,-0.007],"_humanoidState":5,"_cameraCFrame":[766.952,248.759,41.811,-0.232,-0.934,0.272,0,0.279,0.96,-0.973,0.223,-0.065],"_shiftlockState":true,"_pose":"FreeFall","_animationQueue":[],"_animationSpeed":1,"_zoom":9.444},{"_mousePosition":[683,352.5],"_rootPartCFrame":[764.704,238.486,43.957,-0.135,0,0.991,0,1,0,-0.991,0,-0.135],"_humanoidState":5,"_cameraCFrame":[766.616,249.037,41.373,-0.351,-0.898,0.267,0,0.286,0.958,-0.937,0.336,-0.1],"_shiftlockState":true,"_pose":"FreeFall","_animationQueue":[],"_animationSpeed":1,"_zoom":9.444},{"_mousePosition":[683,352.5],"_rootPartCFrame":[764.615,238.831,43.714,-0.223,0,0.975,0,1,0,-0.975,0,-0.223],"_humanoidState":5,"_cameraCFrame":[766.237,249.362,40.875,-0.468,-0.845,0.258,0,0.292,0.956,-0.884,0.447,-0.137],"_shiftlockState":true,"_pose":"FreeFall","_animationQueue":[],"_animationSpeed":1,"_zoom":9.444},{"_mousePosition":[683,352.5],"_rootPartCFrame":[764.502,239.186,43.402,-0.315,0,0.949,0,1,0,-0.949,0,-0.315],"_humanoidState":5,"_cameraCFrame":[765.738,249.687,40.289,-0.6,-0.763,0.242,0,0.302,0.953,-0.8,0.571,-0.181],"_shiftlockState":true,"_pose":"FreeFall","_animationQueue":[],"_animationSpeed":1,"_zoom":9.444},{"_mousePosition":[683,352.5],"_rootPartCFrame":[764.387,239.408,43.161,-0.488,0,0.873,0,1,0,-0.873,0,-0.488],"_humanoidState":5,"_cameraCFrame":[765.273,249.877,39.84,-0.7,-0.678,0.224,0,0.313,0.95,-0.714,0.665,-0.219],"_shiftlockState":true,"_pose":"FreeFall","_animationQueue":[],"_animationSpeed":1,"_zoom":9.444},{"_mousePosition":[683,352.5],"_rootPartCFrame":[764.244,239.576,42.938,-0.599,0,0.8,0,1,0,-0.8,0,-0.599],"_humanoidState":5,"_cameraCFrame":[764.646,250.006,39.424,-0.807,-0.558,0.192,0,0.325,0.946,-0.59,0.763,-0.263],"_shiftlockState":true,"_pose":"FreeFall","_animationQueue":[],"_animationSpeed":1,"_zoom":9.444},{"_mousePosition":[683,352.5],"_rootPartCFrame":[764.112,239.71,42.633,-0.695,0,0.719,0,1,0,-0.719,0,-0.695],"_humanoidState":5,"_cameraCFrame":[764.29,250.117,39.044,-0.848,-0.5,0.176,0,0.332,0.943,-0.53,0.8,-0.282],"_shiftlockState":true,"_pose":"FreeFall","_animationQueue":[],"_animationSpeed":1,"_zoom":9.444},{"_mousePosition":[683,352.5],"_rootPartCFrame":[764.025,239.739,42.544,-0.811,0,0.585,0,1,0,-0.585,0,-0.811],"_humanoidState":5,"_cameraCFrame":[763.761,250.095,38.835,-0.914,-0.381,0.141,0,0.347,0.938,-0.407,0.857,-0.317],"_shiftlockState":true,"_pose":"FreeFall","_animationQueue":[],"_animationSpeed":1,"_zoom":9.444},{"_mousePosition":[683,352.5],"_rootPartCFrame":[763.867,239.757,42.357,-0.851,0,0.525,0,1,0,-0.525,0,-0.851],"_humanoidState":5,"_cameraCFrame":[763.104,250.05,38.57,-0.963,-0.249,0.098,0,0.365,0.931,-0.268,0.897,-0.351],"_shiftlockState":true,"_pose":"FreeFall","_animationQueue":[],"_animationSpeed":1,"_zoom":9.444},{"_mousePosition":[683,352.5],"_rootPartCFrame":[763.616,239.703,42.181,-0.906,0,0.424,0,1,0,-0.424,0,-0.906],"_humanoidState":5,"_cameraCFrame":[762.352,249.931,38.376,-0.991,-0.121,0.05,0,0.382,0.924,-0.131,0.916,-0.379],"_shiftlockState":true,"_pose":"FreeFall","_animationQueue":[],"_animationSpeed":1,"_zoom":9.444},{"_mousePosition":[683,352.5],"_rootPartCFrame":[763.445,239.63,42.097,-0.973,0,0.229,0,1,0,-0.229,0,-0.973],"_humanoidState":5,"_cameraCFrame":[761.593,249.789,38.377,-1,0.025,-0.011,0,0.399,0.917,0.027,0.917,-0.399],"_shiftlockState":true,"_pose":"FreeFall","_animationQueue":[],"_animationSpeed":1,"_zoom":9.444},{"_mousePosition":[683,352.5],"_rootPartCFrame":[763.138,239.44,42,-0.99,0,0.139,0,1,0,-0.139,0,-0.99],"_humanoidState":5,"_cameraCFrame":[760.784,249.55,38.454,-0.987,0.147,-0.066,0,0.411,0.912,0.162,0.9,-0.405],"_shiftlockState":true,"_pose":"FreeFall","_animationQueue":[],"_animationSpeed":1,"_zoom":9.444},{"_mousePosition":[683,352.5],"_rootPartCFrame":[762.944,239.285,41.971,-0.998,0,-0.062,0,1,0,0.062,0,-0.998],"_humanoidState":5,"_cameraCFrame":[759.959,249.334,38.77,-0.943,0.301,-0.141,0,0.425,0.905,0.333,0.854,-0.401],"_shiftlockState":true,"_pose":"FreeFall","_animationQueue":[],"_animationSpeed":1,"_zoom":9.444},{"_mousePosition":[683,352.5],"_rootPartCFrame":[762.635,238.958,41.968,-0.984,0,-0.176,0,1,0,0.176,0,-0.984],"_humanoidState":5,"_cameraCFrame":[759.075,248.936,39.189,-0.873,0.438,-0.215,0,0.441,0.898,0.488,0.783,-0.385],"_shiftlockState":true,"_pose":"FreeFall","_animationQueue":[["fall",0.3]],"_animationSpeed":1,"_zoom":9.444},{"_mousePosition":[683,352.5],"_rootPartCFrame":[762.462,238.722,41.993,-0.915,0,-0.402,0,1,0,0.402,0,-0.915],"_humanoidState":5,"_cameraCFrame":[758.391,248.617,39.711,-0.78,0.556,-0.286,0,0.458,0.889,0.625,0.694,-0.357],"_shiftlockState":true,"_pose":"FreeFall","_animationQueue":[],"_animationSpeed":1,"_zoom":9.444},{"_mousePosition":[683,352.5],"_rootPartCFrame":[762.25,238.358,42.055,-0.853,0,-0.521,0,1,0,0.521,0,-0.853],"_humanoidState":5,"_cameraCFrame":[757.689,248.132,40.323,-0.667,0.653,-0.359,0,0.482,0.876,0.745,0.584,-0.322],"_shiftlockState":true,"_pose":"FreeFall","_animationQueue":[],"_animationSpeed":1,"_zoom":9.444},{"_mousePosition":[683,352.5],"_rootPartCFrame":[762.065,237.94,42.148,-0.756,0,-0.655,0,1,0,0.655,0,-0.756],"_humanoidState":5,"_cameraCFrame":[757.142,247.597,40.93,-0.56,0.715,-0.417,0,0.504,0.864,0.828,0.484,-0.282],"_shiftlockState":true,"_pose":"FreeFall","_animationQueue":[],"_animationSpeed":1,"_zoom":9.444},{"_mousePosition":[683,352.5],"_rootPartCFrame":[761.873,237.341,42.302,-0.681,0,-0.732,0,1,0,0.732,0,-0.681],"_humanoidState":5,"_cameraCFrame":[756.694,246.897,41.569,-0.463,0.756,-0.463,0,0.522,0.853,0.886,0.395,-0.242],"_shiftlockState":true,"_pose":"FreeFall","_animationQueue":[],"_animationSpeed":1,"_zoom":9.444},{"_mousePosition":[683,352.5],"_rootPartCFrame":[761.756,236.801,42.452,-0.567,0,-0.824,0,1,0,0.824,0,-0.567],"_humanoidState":5,"_cameraCFrame":[756.32,246.218,42.314,-0.346,0.787,-0.512,0,0.545,0.838,0.938,0.29,-0.188],"_shiftlockState":true,"_pose":"FreeFall","_animationQueue":[],"_animationSpeed":1,"_zoom":9.444},{"_mousePosition":[683,352.5],"_rootPartCFrame":[761.673,236.206,42.621,-0.457,0,-0.89,0,1,0,0.89,0,-0.457],"_humanoidState":5,"_cameraCFrame":[756.106,245.526,42.941,-0.259,0.8,-0.542,0,0.561,0.828,0.966,0.214,-0.145],"_shiftlockState":true,"_pose":"FreeFall","_animationQueue":[],"_animationSpeed":1,"_zoom":9.444},{"_mousePosition":[683,352.5],"_rootPartCFrame":[761.634,235.724,42.759,-0.344,0,-0.939,0,1,0,0.939,0,-0.344],"_humanoidState":5,"_cameraCFrame":[755.969,244.861,44.115,-0.07,0.807,-0.587,0,0.588,0.809,0.998,0.057,-0.041],"_shiftlockState":true,"_pose":"FreeFall","_animationQueue":[["fall",0.3]],"_animationSpeed":1,"_zoom":9.444},{"_mousePosition":[683,352.5],"_rootPartCFrame":[761.57,235.971,43.045,-0.111,0,-0.994,0,1,0,0.994,0,-0.111],"_humanoidState":12,"_cameraCFrame":[755.904,245.012,44.854,0.01,0.798,-0.602,0,0.602,0.799,1,-0.008,0.006],"_shiftlockState":true,"_pose":"Climbing","_animationQueue":[["walk",0.1],["fall",0.3],["climb",0.1],["climb",0]],"_animationSpeed":-3.281,"_zoom":9.444},{"_mousePosition":[683,352.5],"_rootPartCFrame":[761.568,236.123,43.164,0.016,0,-1,0,1,0,1,0,0.016],"_humanoidState":8,"_cameraCFrame":[755.909,245.105,45.225,0.054,0.791,-0.609,0,0.61,0.792,0.999,-0.043,0.033],"_shiftlockState":true,"_pose":"Running","_animationQueue":[["walk",0.1],["climb",0.1],["walk",0.1],["walk",0.1]],"_animationSpeed":0.462,"_zoom":9.444},{"_mousePosition":[683,352.5],"_rootPartCFrame":[761.604,236.221,43.298,-0.02,0,-1,0,1,0,1,0,-0.02],"_humanoidState":5,"_cameraCFrame":[755.906,245.174,45.355,0.053,0.788,-0.613,0,0.614,0.789,0.999,-0.042,0.033],"_shiftlockState":true,"_pose":"FreeFall","_animationQueue":[["walk",0.1],["fall",0.3]],"_animationSpeed":1,"_zoom":9.444},{"_mousePosition":[683,352.5],"_rootPartCFrame":[761.701,236.267,43.48,-0.075,0,-0.997,0,1,0,0.997,0,-0.075],"_humanoidState":5,"_cameraCFrame":[755.737,245.125,45.069,-0.027,0.779,-0.627,0,0.627,0.779,1,0.021,-0.017],"_shiftlockState":true,"_pose":"FreeFall","_animationQueue":[],"_animationSpeed":1,"_zoom":9.444},{"_mousePosition":[683,352.5],"_rootPartCFrame":[761.822,236.242,43.638,-0.124,0,-0.992,0,1,0,0.992,0,-0.124],"_humanoidState":5,"_cameraCFrame":[755.532,244.994,43.928,-0.233,0.747,-0.623,0,0.64,0.768,0.972,0.179,-0.15],"_shiftlockState":true,"_pose":"FreeFall","_animationQueue":[["fall",0.3]],"_animationSpeed":1,"_zoom":9.444},{"_mousePosition":[683,352.5],"_rootPartCFrame":[761.953,236.483,43.779,-0.263,0,-0.965,0,1,0,0.965,0,-0.263],"_humanoidState":7,"_cameraCFrame":[755.919,245.26,42.081,-0.529,0.654,-0.541,0,0.637,0.771,0.849,0.407,-0.337],"_shiftlockState":true,"_pose":"FreeFall","_animationQueue":[["walk",0.1],["fall",0.3],["fall",0.3]],"_animationSpeed":1,"_zoom":9.444},{"_mousePosition":[683,352.5],"_rootPartCFrame":[761.94,236.896,44.012,-0.432,-0.008,-0.902,0.006,1,-0.012,0.902,-0.01,-0.432],"_humanoidState":7,"_cameraCFrame":[756.767,245.807,40.726,-0.755,0.515,-0.406,0,0.62,0.785,0.656,0.592,-0.468],"_shiftlockState":true,"_pose":"FreeFall","_animationQueue":[],"_animationSpeed":1,"_zoom":9.444},{"_mousePosition":[683,352.5],"_rootPartCFrame":[761.765,237.135,44.318,-0.726,0,-0.688,0.004,1,-0.005,0.688,-0.006,-0.726],"_humanoidState":8,"_cameraCFrame":[757.258,246.244,40.562,-0.84,0.437,-0.322,0,0.592,0.806,0.543,0.677,-0.497],"_shiftlockState":true,"_pose":"Running","_animationQueue":[["walk",0.1],["fall",0.3],["walk",0.1]],"_animationSpeed":0.869,"_zoom":9.444},{"_mousePosition":[683,352.5],"_rootPartCFrame":[761.712,237.251,44.581,-0.842,-0.001,-0.54,0,1,-0.001,0.54,-0.001,-0.842],"_humanoidState":8,"_cameraCFrame":[757.331,246.498,40.966,-0.843,0.441,-0.307,0,0.572,0.82,0.538,0.692,-0.482],"_shiftlockState":true,"_pose":"Running","_animationQueue":[["walk",0.1]],"_animationSpeed":1.023,"_zoom":9.444},{"_mousePosition":[683,352.5],"_rootPartCFrame":[761.694,238.135,44.847,-0.848,0,-0.53,-0.002,1,0.002,0.53,0.003,-0.848],"_humanoidState":3,"_cameraCFrame":[757.236,247.485,41.571,-0.817,0.479,-0.321,0,0.556,0.831,0.577,0.679,-0.454],"_shiftlockState":true,"_pose":"Jumping","_animationQueue":[["walk",0.1],["jump",0.1]],"_animationSpeed":1,"_zoom":9.444},{"_mousePosition":[683,352.5],"_rootPartCFrame":[761.68,238.797,45.046,-0.821,0.001,-0.571,-0.003,1,0.005,0.571,0.006,-0.821],"_humanoidState":3,"_cameraCFrame":[756.958,248.352,42.806,-0.707,0.603,-0.369,0,0.522,0.853,0.707,0.603,-0.369],"_shiftlockState":true,"_pose":"Jumping","_animationQueue":[],"_animationSpeed":1,"_zoom":9.444},{"_mousePosition":[683,352.5],"_rootPartCFrame":[761.653,240.122,45.443,-0.717,0.003,-0.697,-0.006,1,0.01,0.697,0.012,-0.717],"_humanoidState":3,"_cameraCFrame":[756.689,249.744,44.194,-0.563,0.711,-0.422,0,0.51,0.86,0.826,0.484,-0.287],"_shiftlockState":true,"_pose":"Jumping","_animationQueue":[],"_animationSpeed":1,"_zoom":9.444},{"_mousePosition":[683,352.5],"_rootPartCFrame":[761.625,240.764,45.635,-0.616,0.003,-0.788,-0.004,1,0.008,0.788,0.008,-0.616],"_humanoidState":5,"_cameraCFrame":[756.454,250.347,45.296,-0.4,0.784,-0.474,0,0.517,0.856,0.916,0.342,-0.207],"_shiftlockState":true,"_pose":"FreeFall","_animationQueue":[["jump",0.1]],"_animationSpeed":1,"_zoom":9.444},{"_mousePosition":[683,352.5],"_rootPartCFrame":[761.576,241.376,45.818,-0.483,0.003,-0.875,-0.001,1,0.004,0.875,0.003,-0.483],"_humanoidState":5,"_cameraCFrame":[756.214,250.83,46.257,-0.248,0.816,-0.522,0,0.539,0.842,0.969,0.209,-0.134],"_shiftlockState":true,"_pose":"FreeFall","_animationQueue":[],"_animationSpeed":1,"_zoom":9.444},{"_mousePosition":[683,352.5],"_rootPartCFrame":[761.479,242.143,46.062,-0.373,0.001,-0.928,0,1,0.001,0.928,0,-0.373],"_humanoidState":5,"_cameraCFrame":[756.093,251.577,46.595,-0.228,0.818,-0.528,0,0.542,0.84,0.974,0.192,-0.124],"_shiftlockState":true,"_pose":"FreeFall","_animationQueue":[],"_animationSpeed":1,"_zoom":9.444},{"_mousePosition":[683,352.5],"_rootPartCFrame":[761.399,242.856,46.304,-0.339,0,-0.941,0,1,0,0.941,0,-0.339],"_humanoidState":5,"_cameraCFrame":[756.011,252.29,46.838,-0.228,0.818,-0.528,0,0.542,0.84,0.974,0.192,-0.124],"_shiftlockState":true,"_pose":"FreeFall","_animationQueue":[],"_animationSpeed":1,"_zoom":9.444},{"_mousePosition":[683,352.5],"_rootPartCFrame":[761.358,243.515,46.545,-0.33,0,-0.944,0,1,0,0.944,0,-0.33],"_humanoidState":5,"_cameraCFrame":[755.971,252.949,47.078,-0.228,0.818,-0.528,0,0.542,0.84,0.974,0.192,-0.124],"_shiftlockState":true,"_pose":"FreeFall","_animationQueue":[],"_animationSpeed":1,"_zoom":9.444},{"_mousePosition":[683,352.5],"_rootPartCFrame":[761.357,244.119,46.782,-0.329,0,-0.944,0,1,0,0.944,0,-0.329],"_humanoidState":5,"_cameraCFrame":[755.97,253.553,47.316,-0.228,0.818,-0.528,0,0.542,0.84,0.974,0.192,-0.124],"_shiftlockState":true,"_pose":"FreeFall","_animationQueue":[],"_animationSpeed":1,"_zoom":9.444},{"_mousePosition":[683,352.5],"_rootPartCFrame":[761.304,244.65,46.987,-0.274,0.001,-0.962,0.006,1,-0.001,0.962,-0.006,-0.274],"_humanoidState":5,"_cameraCFrame":[755.918,254.083,47.512,-0.228,0.818,-0.528,0,0.542,0.84,0.974,0.192,-0.124],"_shiftlockState":true,"_pose":"FreeFall","_animationQueue":[],"_animationSpeed":1,"_zoom":9.444},{"_mousePosition":[683,352.5],"_rootPartCFrame":[761.22,245.107,47.176,-0.304,0.001,-0.953,0.005,1,0,0.953,-0.005,-0.304],"_humanoidState":5,"_cameraCFrame":[755.834,254.541,47.703,-0.228,0.818,-0.528,0,0.542,0.84,0.974,0.192,-0.124],"_shiftlockState":true,"_pose":"FreeFall","_animationQueue":[],"_animationSpeed":1,"_zoom":9.444},{"_mousePosition":[683,352.5],"_rootPartCFrame":[761.175,245.51,47.372,-0.326,0,-0.945,0.001,1,0,0.945,-0.002,-0.326],"_humanoidState":5,"_cameraCFrame":[755.788,254.943,47.903,-0.228,0.818,-0.528,0,0.542,0.84,0.974,0.192,-0.124],"_shiftlockState":true,"_pose":"FreeFall","_animationQueue":[],"_animationSpeed":1,"_zoom":9.444},{"_mousePosition":[683,352.5],"_rootPartCFrame":[761.17,245.858,47.574,-0.228,0,-0.974,0,1,0,0.974,0,-0.228],"_humanoidState":5,"_cameraCFrame":[755.783,255.292,48.106,-0.229,0.818,-0.528,0,0.542,0.84,0.974,0.192,-0.124],"_shiftlockState":true,"_pose":"FreeFall","_animationQueue":[],"_animationSpeed":1,"_zoom":9.444},{"_mousePosition":[683,352.5],"_rootPartCFrame":[761.218,246.217,47.836,-0.354,0,-0.935,0,1,0,0.935,0,-0.354],"_humanoidState":5,"_cameraCFrame":[755.831,255.651,48.368,-0.229,0.818,-0.528,0,0.542,0.84,0.974,0.192,-0.124],"_shiftlockState":true,"_pose":"FreeFall","_animationQueue":[],"_animationSpeed":1,"_zoom":9.444},{"_mousePosition":[683,352.5],"_rootPartCFrame":[761.276,246.391,47.998,-0.304,0,-0.953,0,1,0,0.953,0,-0.304],"_humanoidState":5,"_cameraCFrame":[755.889,255.825,48.53,-0.229,0.818,-0.528,0,0.542,0.84,0.974,0.192,-0.124],"_shiftlockState":true,"_pose":"FreeFall","_animationQueue":[],"_animationSpeed":1,"_zoom":9.444},{"_mousePosition":[683,352.5],"_rootPartCFrame":[761.297,246.565,48.205,-0.267,0,-0.964,0.004,1,-0.001,0.964,-0.004,-0.267],"_humanoidState":5,"_cameraCFrame":[755.91,255.999,48.731,-0.229,0.818,-0.528,0,0.542,0.84,0.974,0.192,-0.124],"_shiftlockState":true,"_pose":"FreeFall","_animationQueue":[],"_animationSpeed":1,"_zoom":9.444},{"_mousePosition":[683,352.5],"_rootPartCFrame":[761.281,246.673,48.408,-0.301,0,-0.954,0.003,1,-0.001,0.954,-0.003,-0.301],"_humanoidState":5,"_cameraCFrame":[755.894,256.107,48.936,-0.229,0.818,-0.528,0,0.542,0.84,0.974,0.192,-0.124],"_shiftlockState":true,"_pose":"FreeFall","_animationQueue":[],"_animationSpeed":1,"_zoom":9.444},{"_mousePosition":[683,352.5],"_rootPartCFrame":[761.275,246.73,48.668,-0.327,0,-0.945,0.001,1,-0.001,0.945,-0.001,-0.327],"_humanoidState":5,"_cameraCFrame":[755.887,256.164,49.199,-0.229,0.818,-0.528,0,0.542,0.84,0.974,0.192,-0.124],"_shiftlockState":true,"_pose":"FreeFall","_animationQueue":[["fall",0.3]],"_animationSpeed":1,"_zoom":9.444},{"_mousePosition":[683,352.5],"_rootPartCFrame":[761.24,246.722,48.823,-0.278,0,-0.96,0.001,1,-0.001,0.96,-0.001,-0.278],"_humanoidState":5,"_cameraCFrame":[755.898,256.16,49.665,-0.172,0.828,-0.534,0,0.542,0.841,0.985,0.145,-0.093],"_shiftlockState":true,"_pose":"FreeFall","_animationQueue":[],"_animationSpeed":1,"_zoom":9.444},{"_mousePosition":[683,352.5],"_rootPartCFrame":[761.232,246.641,49.086,-0.3,0,-0.954,0,1,0,0.954,0,-0.3],"_humanoidState":5,"_cameraCFrame":[755.971,256.099,50.2,-0.122,0.836,-0.534,0,0.538,0.843,0.992,0.103,-0.066],"_shiftlockState":true,"_pose":"FreeFall","_animationQueue":[],"_animationSpeed":1,"_zoom":9.444},{"_mousePosition":[683,352.5],"_rootPartCFrame":[761.27,246.514,49.3,-0.232,0,-0.973,0,1,0,0.973,0,-0.232],"_humanoidState":5,"_cameraCFrame":[756.108,256.005,50.621,-0.084,0.843,-0.531,0,0.533,0.846,0.996,0.071,-0.045],"_shiftlockState":true,"_pose":"FreeFall","_animationQueue":[],"_animationSpeed":1,"_zoom":9.444},{"_mousePosition":[683,352.5],"_rootPartCFrame":[761.348,246.333,49.513,-0.193,0,-0.981,0,1,0,0.981,0,-0.193],"_humanoidState":5,"_cameraCFrame":[756.309,255.861,51.068,-0.039,0.849,-0.526,0,0.527,0.85,0.999,0.033,-0.021],"_shiftlockState":true,"_pose":"FreeFall","_animationQueue":[],"_animationSpeed":1,"_zoom":9.444},{"_mousePosition":[683,352.5],"_rootPartCFrame":[761.465,246.098,49.723,-0.149,0,-0.989,0,1,0,0.989,0,-0.149],"_humanoidState":5,"_cameraCFrame":[756.502,255.629,51.487,0.003,0.85,-0.526,0,0.526,0.85,1,