[{"_mousePosition":[1188,365],"_rootPartCFrame":[776.023,222.967,47.142,0.004,0.005,1,0,1,-0.005,-1,0,0.004],"_humanoidState":8,"_cameraCFrame":[776.317,230.657,43.564,-0.997,-0.069,0.04,0,0.502,0.865,-0.08,0.862,-0.5],"_shiftlockState":false,"_pose":"Standing","_animationQueue":[],"_animationSpeed":1,"_zoom":7.155},{"_mousePosition":[1188,365],"_rootPartCFrame":[775.776,222.842,47.122,0.015,0.001,1,0,1,-0.001,-1,0,0.015],"_humanoidState":8,"_cameraCFrame":[776.064,230.531,43.544,-0.997,-0.069,0.04,0,0.502,0.865,-0.08,0.862,-0.5],"_shiftlockState":false,"_pose":"Standing","_animationQueue":[["idle",0]],"_animationSpeed":1,"_zoom":7.155},{"_mousePosition":[1188,365],"_rootPartCFrame":[775.512,222.676,47.101,0.023,0,1,0,1,0,-1,0,0.023],"_humanoidState":8,"_cameraCFrame":[775.797,230.365,43.523,-0.997,-0.069,0.04,0,0.502,0.865,-0.08,0.862,-0.5],"_shiftlockState":false,"_pose":"Running","_animationQueue":[["walk",0.1]],"_animationSpeed":1.065,"_zoom":7.155},{"_mousePosition":[1188,365],"_rootPartCFrame":[775.246,222.654,47.08,0.031,0,1,0,1,0,-1,0,0.031],"_humanoidState":8,"_cameraCFrame":[775.532,230.344,43.502,-0.997,-0.069,0.04,0,0.502,0.865,-0.08,0.862,-0.5],"_shiftlockState":false,"_pose":"Running","_animationQueue":[],"_animationSpeed":1.065,"_zoom":7.155},{"_mousePosition":[1188,365],"_rootPartCFrame":[774.98,222.67,47.059,0.038,0,0.999,0,1,0,-0.999,0,0.038],"_humanoidState":8,"_cameraCFrame":[775.266,230.36,43.481,-0.997,-0.069,0.04,0,0.502,0.865,-0.08,0.862,-0.5],"_shiftlockState":false,"_pose":"Running","_animationQueue":[],"_animationSpeed":1.065,"_zoom":7.155},{"_mousePosition":[1188,365],"_rootPartCFrame":[774.714,222.683,47.037,0.043,0,0.999,0,1,0,-0.999,0,0.043],"_humanoidState":8,"_cameraCFrame":[775.001,230.373,43.46,-0.997,-0.069,0.04,0,0.502,0.865,-0.08,0.862,-0.5],"_shiftlockState":false,"_pose":"Running","_animationQueue":[],"_animationSpeed":1.065,"_zoom":7.155},{"_mousePosition":[1188,365],"_rootPartCFrame":[774.448,222.691,47.016,0.048,0,0.999,0,1,0,-0.999,0,0.048],"_humanoidState":8,"_cameraCFrame":[774.735,230.38,43.438,-0.997,-0.069,0.04,0,0.502,0.865,-0.08,0.862,-0.5],"_shiftlockState":false,"_pose":"Running","_animationQueue":[["walk",0.1]],"_animationSpeed":1.065,"_zoom":7.155},{"_mousePosition":[1188,368],"_rootPartCFrame":[774.183,222.695,46.995,0.053,0,0.999,0,1,0,-0.999,0,0.053],"_humanoidState":8,"_cameraCFrame":[774.469,230.384,43.417,-0.997,-0.069,0.04,0,0.502,0.865,-0.08,0.862,-0.5],"_shiftlockState":false,"_pose":"Running","_animationQueue":[],"_animationSpeed":1.065,"_zoom":7.155},{"_mousePosition":[1186,375],"_rootPartCFrame":[773.917,222.697,46.974,0.056,0,0.998,0,1,0,-0.998,0,0.056],"_humanoidState":8,"_cameraCFrame":[774.203,230.387,43.396,-0.997,-0.069,0.04,0,0.502,0.865,-0.08,0.862,-0.5],"_shiftlockState":false,"_pose":"Running","_animationQueue":[],"_animationSpeed":1.065,"_zoom":7.155},{"_mousePosition":[1183,385],"_rootPartCFrame":[773.651,222.698,46.952,0.059,0,0.998,0,1,0,-0.998,0,0.059],"_humanoidState":8,"_cameraCFrame":[773.937,230.388,43.374,-0.997,-0.069,0.04,0,0.502,0.865,-0.08,0.862,-0.5],"_shiftlockState":false,"_pose":"Running","_animationQueue":[],"_animationSpeed":1.065,"_zoom":7.155},{"_mousePosition":[1180,393],"_rootPartCFrame":[773.385,222.699,46.931,0.062,0,0.998,0,1,0,-0.998,0,0.062],"_humanoidState":8,"_cameraCFrame":[773.671,230.389,43.353,-0.997,-0.069,0.04,0,0.502,0.865,-0.08,0.862,-0.5],"_shiftlockState":false,"_pose":"Running","_animationQueue":[],"_animationSpeed":1.065,"_zoom":7.155},{"_mousePosition":[1177,403],"_rootPartCFrame":[773.119,222.699,46.91,0.065,0,0.998,0,1,0,-0.998,0,0.065],"_humanoidState":8,"_cameraCFrame":[773.405,230.389,43.332,-0.997,-0.069,0.04,0,0.502,0.865,-0.08,0.862,-0.5],"_shiftlockState":false,"_pose":"Running","_animationQueue":[],"_animationSpeed":1.065,"_zoom":7.155},{"_mousePosition":[1175,411],"_rootPartCFrame":[772.853,222.699,46.888,0.067,0,0.998,0,1,0,-0.998,0,0.067],"_humanoidState":8,"_cameraCFrame":[773.14,230.389,43.311,-0.997,-0.069,0.04,0,0.502,0.865,-0.08,0.862,-0.5],"_shiftlockState":false,"_pose":"Running","_animationQueue":[["walk",0.1]],"_animationSpeed":1.065,"_zoom":7.155},{"_mousePosition":[1174,419],"_rootPartCFrame":[772.587,222.7,46.867,0.068,0,0.998,0,1,0,-0.998,0,0.068],"_humanoidState":8,"_cameraCFrame":[772.874,230.389,43.289,-0.997,-0.069,0.04,0,0.502,0.865,-0.08,0.862,-0.5],"_shiftlockState":false,"_pose":"Running","_animationQueue":[],"_animationSpeed":1.065,"_zoom":7.155},{"_mousePosition":[1172,428],"_rootPartCFrame":[772.322,222.7,46.846,0.07,0,0.998,0,1,0,-0.998,0,0.07],"_humanoidState":8,"_cameraCFrame":[772.608,230.389,43.268,-0.997,-0.069,0.04,0,0.502,0.865,-0.08,0.862,-0.5],"_shiftlockState":false,"_pose":"Running","_animationQueue":[],"_animationSpeed":1.065,"_zoom":7.155},{"_mousePosition":[1171,437],"_rootPartCFrame":[772.056,222.7,46.825,0.071,0,0.997,0,1,0,-0.997,0,0.071],"_humanoidState":8,"_cameraCFrame":[772.342,230.389,43.247,-0.997,-0.069,0.04,0,0.502,0.865,-0.08,0.862,-0.5],"_shiftlockState":false,"_pose":"Running","_animationQueue":[],"_animationSpeed":1.065,"_zoom":7.155},{"_mousePosition":[1171,445],"_rootPartCFrame":[771.79,222.7,46.803,0.072,0,0.997,0,1,0,-0.997,0,0.072],"_humanoidState":8,"_cameraCFrame":[770.332,230.389,43.086,-0.997,-0.069,0.04,0,0.502,0.865,-0.08,0.862,-0.5],"_shiftlockState":true,"_pose":"Running","_animationQueue":[],"_animationSpeed":1.065,"_zoom":7.155},{"_mousePosition":[683,352.5],"_rootPartCFrame":[771.524,222.7,46.782,-1,0,0.008,0,1,0,-0.008,0,-1],"_humanoidState":8,"_cameraCFrame":[770.066,230.389,43.065,-0.997,-0.069,0.04,0,0.502,0.865,-0.08,0.862,-0.5],"_shiftlockState":true,"_pose":"Running","_animationQueue":[],"_animationSpeed":1.065,"_zoom":7.155},{"_mousePosition":[683,352.5],"_rootPartCFrame":[771.258,222.7,46.761,-0.999,0,0.051,0,1,0,-0.051,0,-0.999],"_humanoidState":8,"_cameraCFrame":[769.807,230.449,43.142,-0.996,-0.073,0.041,0,0.487,0.873,-0.084,0.87,-0.485],"_shiftlockState":true,"_pose":"Running","_animationQueue":[["walk",0.1]],"_animationSpeed":1.065,"_zoom":7.155},{"_mousePosition":[683,352.5],"_rootPartCFrame":[770.992,222.7,46.74,-0.997,0,0.081,0,1,0,-0.081,0,-0.997],"_humanoidState":8,"_cameraCFrame":[769.532,230.55,43.305,-0.996,-0.076,0.04,0,0.461,0.888,-0.086,0.884,-0.459],"_shiftlockState":true,"_pose":"Running","_animationQueue":[],"_animationSpeed":1.065,"_zoom":7.155},{"_mousePosition":[683,352.5],"_rootPartCFrame":[770.66,222.7,46.712,-0.996,0,0.086,0,1,0,-0.086,0,-0.996],"_humanoidState":8,"_cameraCFrame":[769.184,230.646,43.468,-0.996,-0.077,0.037,0,0.434,0.901,-0.086,0.898,-0.432],"_shiftlockState":true,"_pose":"Running","_animationQueue":[],"_animationSpeed":1.065,"_zoom":7.155},{"_mousePosition":[683,352.5],"_rootPartCFrame":[770.461,222.7,46.695,-0.996,0,0.086,0,1,0,-0.086,0,-0.996],"_humanoidState":8,"_cameraCFrame":[768.963,230.743,43.661,-0.996,-0.078,0.034,0,0.405,0.914,-0.085,0.911,-0.403],"_shiftlockState":true,"_pose":"Running","_animationQueue":[],"_animationSpeed":1.065,"_zoom":7.155},{"_mousePosition":[683,352.5],"_rootPartCFrame":[770.195,222.7,46.672,-0.996,0,0.085,0,1,0,-0.085,0,-0.996],"_humanoidState":8,"_cameraCFrame":[768.694,230.763,43.685,-0.996,-0.078,0.034,0,0.398,0.917,-0.085,0.914,-0.397],"_shiftlockState":true,"_pose":"Running","_animationQueue":[],"_animationSpeed":1.065,"_zoom":7.155},{"_mousePosition":[683,352.5],"_rootPartCFrame":[769.93,223.563,46.649,-0.996,0,0.085,0,1,0,-0.085,0,-0.996],"_humanoidState":3,"_cameraCFrame":[768.428,231.626,43.662,-0.996,-0.078,0.034,0,0.398,0.917,-0.085,0.914,-0.397],"_shiftlockState":true,"_pose":"Jumping","_animationQueue":[["walk",0.1],["jump",0.1]],"_animationSpeed":1,"_zoom":7.155},{"_mousePosition":[683,352.5],"_rootPartCFrame":[769.664,224.371,46.626,-0.984,0,0.176,0,1,0,-0.176,0,-0.984],"_humanoidState":5,"_cameraCFrame":[768.162,232.435,43.64,-0.996,-0.078,0.034,0,0.398,0.917,-0.085,0.914,-0.397],"_shiftlockState":true,"_pose":"FreeFall","_animationQueue":[["jump",0.1]],"_animationSpeed":1,"_zoom":7.155},{"_mousePosition":[683,352.5],"_rootPartCFrame":[769.398,225.125,46.603,-0.977,0,0.212,0,1,0,-0.212,0,-0.977],"_humanoidState":5,"_cameraCFrame":[767.897,233.189,43.617,-0.996,-0.078,0.034,0,0.398,0.917,-0.085,0.914,-0.397],"_shiftlockState":true,"_pose":"FreeFall","_animationQueue":[],"_animationSpeed":1,"_zoom":7.155},{"_mousePosition":[683,352.5],"_rootPartCFrame":[769.133,225.824,46.581,-0.976,0,0.216,0,1,0,-0.216,0,-0.976],"_humanoidState":5,"_cameraCFrame":[767.631,233.888,43.594,-0.996,-0.078,0.034,0,0.398,0.917,-0.085,0.914,-0.397],"_shiftlockState":true,"_pose":"FreeFall","_animationQueue":[],"_animationSpeed":1,"_zoom":7.155},{"_mousePosition":[683,352.5],"_rootPartCFrame":[768.867,226.469,46.558,-0.976,0,0.217,0,1,0,-0.217,0,-0.976],"_humanoidState":5,"_cameraCFrame":[767.365,234.533,43.572,-0.996,-0.078,0.034,0,0.398,0.917,-0.085,0.914,-0.397],"_shiftlockState":true,"_pose":"FreeFall","_animationQueue":[],"_animationSpeed":1,"_zoom":7.155},{"_mousePosition":[683,352.5],"_rootPartCFrame":[768.602,227.06,46.535,-0.976,0,0.217,0,1,0,-0.217,0,-0.976],"_humanoidState":5,"_cameraCFrame":[767.1,235.123,43.549,-0.996,-0.078,0.034,0,0.398,0.917,-0.085,0.914,-0.397],"_shiftlockState":true,"_pose":"FreeFall","_animationQueue":[],"_animationSpeed":1,"_zoom":7.155},{"_mousePosition":[683,352.5],"_rootPartCFrame":[768.336,227.595,46.513,-0.976,0,0.217,0,1,0,-0.217,0,-0.976],"_humanoidState":5,"_cameraCFrame":[766.834,235.659,43.526,-0.996,-0.078,0.034,0,0.398,0.917,-0.085,0.914,-0.397],"_shiftlockState":true,"_pose":"FreeFall","_animationQueue":[],"_animationSpeed":1,"_zoom":7.155},{"_mousePosition":[683,352.5],"_rootPartCFrame":[768.07,228.077,46.49,-0.976,0,0.217,0,1,0,-0.217,0,-0.976],"_humanoidState":5,"_cameraCFrame":[766.569,236.141,43.504,-0.996,-0.078,0.034,0,0.398,0.917,-0.085,0.914,-0.397],"_shiftlockState":true,"_pose":"FreeFall","_animationQueue":[],"_animationSpeed":1,"_zoom":7.155},{"_mousePosition":[683,352.5],"_rootPartCFrame":[767.805,228.504,46.468,-0.976,0,0.217,0,1,0,-0.217,0,-0.976],"_humanoidState":5,"_cameraCFrame":[766.303,236.567,43.481,-0.996,-0.078,0.034,0,0.398,0.917,-0.085,0.914,-0.397],"_shiftlockState":true,"_pose":"FreeFall","_animationQueue":[],"_animationSpeed":1,"_zoom":7.155},{"_mousePosition":[683,352.5],"_rootPartCFrame":[767.539,228.876,46.445,-0.976,0,0.217,0,1,0,-0.217,0,-0.976],"_humanoidState":5,"_cameraCFrame":[766.008,236.928,43.448,-0.997,-0.068,0.03,0,0.402,0.916,-0.075,0.913,-0.401],"_shiftlockState":true,"_pose":"FreeFall","_animationQueue":[],"_animationSpeed":1,"_zoom":7.155},{"_mousePosition":[683,352.5],"_rootPartCFrame":[767.273,229.194,46.422,-0.978,0,0.206,0,1,0,-0.206,0,-0.978],"_humanoidState":5,"_cameraCFrame":[765.68,237.22,43.402,-0.999,-0.048,0.022,0,0.41,0.912,-0.053,0.911,-0.409],"_shiftlockState":true,"_pose":"FreeFall","_animationQueue":[],"_animationSpeed":1,"_zoom":7.155},{"_mousePosition":[683,352.5],"_rootPartCFrame":[767.008,229.457,46.402,-0.983,0,0.185,0,1,0,-0.185,0,-0.983],"_humanoidState":5,"_cameraCFrame":[765.402,237.477,43.372,-0.999,-0.044,0.02,0,0.412,0.911,-0.048,0.91,-0.412],"_shiftlockState":true,"_pose":"FreeFall","_animationQueue":[],"_animationSpeed":1,"_zoom":7.155},{"_mousePosition":[683,352.5],"_rootPartCFrame":[766.741,229.666,46.387,-0.984,0,0.181,0,1,0,-0.181,0,-0.984],"_humanoidState":5,"_cameraCFrame":[765.136,237.686,43.358,-0.999,-0.044,0.02,0,0.412,0.911,-0.048,0.91,-0.412],"_shiftlockState":true,"_pose":"FreeFall","_animationQueue":[],"_animationSpeed":1,"_zoom":7.155},{"_mousePosition":[683,352.5],"_rootPartCFrame":[766.475,229.821,46.374,-0.984,0,0.181,0,1,0,-0.181,0,-0.984],"_humanoidState":5,"_cameraCFrame":[764.87,237.84,43.344,-0.999,-0.044,0.02,0,0.412,0.911,-0.048,0.91,-0.412],"_shiftlockState":true,"_pose":"FreeFall","_animationQueue":[],"_animationSpeed":1,"_zoom":7.155},{"_mousePosition":[683,352.5],"_rootPartCFrame":[766.208,229.921,46.361,-0.984,0,0.181,0,1,0,-0.181,0,-0.984],"_humanoidState":5,"_cameraCFrame":[764.603,237.94,43.332,-0.999,-0.044,0.02,0,0.412,0.911,-0.048,0.91,-0.412],"_shiftlockState":true,"_pose":"FreeFall","_animationQueue":[],"_animationSpeed":1,"_zoom":7.155},{"_mousePosition":[683,352.5],"_rootPartCFrame":[765.942,229.966,46.348,-0.999,0,0.048,0,1,0,-0.048,0,-0.999],"_humanoidState":5,"_cameraCFrame":[764.324,238.022,43.405,-0.999,-0.042,0.018,0,0.401,0.916,-0.045,0.915,-0.4],"_shiftlockState":true,"_pose":"FreeFall","_animationQueue":[],"_animationSpeed":1,"_zoom":7.155},{"_mousePosition":[683,352.5],"_rootPartCFrame":[765.609,229.946,46.332,-0.978,0,0.21,0,1,0,-0.21,0,-0.978],"_humanoidState":5,"_cameraCFrame":[763.986,238.022,43.438,-0.999,-0.041,0.017,0,0.394,0.919,-0.044,0.918,-0.394],"_shiftlockState":true,"_pose":"FreeFall","_animationQueue":[],"_animationSpeed":1,"_zoom":7.155},{"_mousePosition":[683,352.5],"_rootPartCFrame":[765.409,229.893,46.323,-0.99,0,0.144,0,1,0,-0.144,0,-0.99],"_humanoidState":5,"_cameraCFrame":[763.784,237.985,43.466,-0.999,-0.041,0.017,0,0.389,0.921,-0.044,0.92,-0.388],"_shiftlockState":true,"_pose":"FreeFall","_animationQueue":[],"_animationSpeed":1,"_zoom":7.155},{"_mousePosition":[683,352.5],"_rootPartCFrame":[765.143,229.775,46.311,-0.984,0,0.177,0,1,0,-0.177,0,-0.984],"_humanoidState":5,"_cameraCFrame":[763.519,237.883,43.49,-0.999,-0.042,0.017,0,0.384,0.923,-0.045,0.923,-0.383],"_shiftlockState":true,"_pose":"FreeFall","_animationQueue":[],"_animationSpeed":1,"_zoom":7.155},{"_mousePosition":[683,352.5],"_rootPartCFrame":[764.877,229.603,46.3,-0.984,0,0.178,0,1,0,-0.178,0,-0.984],"_humanoidState":5,"_cameraCFrame":[763.257,237.723,43.507,-0.999,-0.044,0.018,0,0.379,0.925,-0.047,0.924,-0.379],"_shiftlockState":true,"_pose":"FreeFall","_animationQueue":[],"_animationSpeed":1,"_zoom":7.155},{"_mousePosition":[683,352.5],"_rootPartCFrame":[764.61,229.375,46.288,-0.984,0,0.18,0,1,0,-0.18,0,-0.984],"_humanoidState":5,"_cameraCFrame":[762.998,237.507,43.517,-0.999,-0.047,0.019,0,0.375,0.927,-0.051,0.926,-0.375],"_shiftlockState":true,"_pose":"FreeFall","_animationQueue":[],"_animationSpeed":1,"_zoom":7.155},{"_mousePosition":[683,352.5],"_rootPartCFrame":[764.344,229.094,46.276,-0.983,0,0.183,0,1,0,-0.183,0,-0.983],"_humanoidState":5,"_cameraCFrame":[762.737,237.234,43.523,-0.999,-0.049,0.02,0,0.372,0.928,-0.053,0.927,-0.372],"_shiftlockState":true,"_pose":"FreeFall","_animationQueue":[["fall",0.3]],"_animationSpeed":1,"_zoom":7.155},{"_mousePosition":[683,352.5],"_rootPartCFrame":[764.078,228.758,46.263,-0.983,0,0.185,0,1,0,-0.185,0,-0.983],"_humanoidState":5,"_cameraCFrame":[762.483,236.911,43.533,-0.998,-0.054,0.021,0,0.368,0.93,-0.058,0.928,-0.367],"_shiftlockState":true,"_pose":"FreeFall","_animationQueue":[],"_animationSpeed":1,"_zoom":7.155},{"_mousePosition":[683,352.5],"_rootPartCFrame":[763.811,228.367,46.249,-0.982,0,0.19,0,1,0,-0.19,0,-0.982],"_humanoidState":5,"_cameraCFrame":[762.232,236.531,43.536,-0.998,-0.06,0.023,0,0.364,0.931,-0.064,0.929,-0.363],"_shiftlockState":true,"_pose":"FreeFall","_animationQueue":[],"_animationSpeed":1,"_zoom":7.155},{"_mousePosition":[683,352.5],"_rootPartCFrame":[763.545,227.922,46.234,-0.981,0,0.196,0,1,0,-0.196,0,-0.981],"_humanoidState":5,"_cameraCFrame":[761.989,236.1,43.544,-0.997,-0.069,0.026,0,0.359,0.933,-0.074,0.931,-0.358],"_shiftlockState":true,"_pose":"FreeFall","_animationQueue":[],"_animationSpeed":1,"_zoom":7.155},{"_mousePosition":[683,352.5],"_rootPartCFrame":[763.279,227.422,46.217,-0.979,0,0.205,0,1,0,-0.205,0,-0.979],"_humanoidState":5,"_cameraCFrame":[761.748,235.613,43.543,-0.996,-0.079,0.03,0,0.354,0.935,-0.084,0.932,-0.353],"_shiftlockState":true,"_pose":"FreeFall","_animationQueue":[],"_animationSpeed":1,"_zoom":7.155},{"_mousePosition":[683,352.5],"_rootPartCFrame":[763.013,226.868,46.198,-0.996,0,0.092,0,1,0,-0.092,0,-0.996],"_humanoidState":5,"_cameraCFrame":[761.499,235.07,43.542,-0.996,-0.086,0.032,0,0.35,0.937,-0.091,0.933,-0.349],"_shiftlockState":true,"_pose":"FreeFall","_animationQueue":[["fall",0.3],["fall",0.3]],"_animationSpeed":1,"_zoom":7.155},{"_mousePosition":[683,352.5],"_rootPartCFrame":[762.747,226.259,46.174,-0.991,0,0.132,0,1,0,-0.132,0,-0.991],"_humanoidState":7,"_cameraCFrame":[761.234,234.461,43.518,-0.996,-0.086,0.032,0,0.35,0.937,-0.091,0.933,-0.349],"_shiftlockState":true,"_pose":"FreeFall","_animationQueue":[["fall",0.3],["walk",0.1],["fall",0.3],["fall",0.3]],"_animationSpeed":1,"_zoom":7.155},{"_mousePosition":[683,352.5],"_rootPartCFrame":[762.482,225.596,46.15,-0.995,0,0.096,0,1,0,-0.096,0,-0.995],"_humanoidState":7,"_cameraCFrame":[760.968,233.798,43.494,-0.996,-0.086,0.032,0,0.35,0.937,-0.091,0.933,-0.349],"_shiftlockState":true,"_pose":"FreeFall","_animationQueue":[],"_animationSpeed":1,"_zoom":7.155},{"_mousePosition":[683,352.5],"_rootPartCFrame":[762.15,225.316,46.12,-0.996,0,0.092,0,1,0,-0.092,0,-0.996],"_humanoidState":8,"_cameraCFrame":[760.636,233.517,43.464,-0.996,-0.086,0.032,0,0.35,0.937,-0.091,0.933,-0.349],"_shiftlockState":true,"_pose":"Running","_animationQueue":[["walk",0.1],["fall",0.3],["walk",0.1]],"_animationSpeed":1.103,"_zoom":7.155},{"_mousePosition":[683,352.5],"_rootPartCFrame":[761.951,225.341,46.101,-0.996,0,0.091,0,1,0,-0.091,0,-0.996],"_humanoidState":8,"_cameraCFrame":[760.437,233.542,43.445,-0.996,-0.086,0.032,0,0.35,0.937,-0.091,0.933,-0.349],"_shiftlockState":true,"_pose":"Running","_animationQueue":[],"_animationSpeed":1.103,"_zoom":7.155},{"_mousePosition":[683,352.5],"_rootPartCFrame":[761.619,225.393,46.071,-0.996,0,0.091,0,1,0,-0.091,0,-0.996],"_humanoidState":8,"_cameraCFrame":[760.105,233.595,43.415,-0.996,-0.086,0.032,0,0.35,0.937,-0.091,0.933,-0.349],"_shiftlockState":true,"_pose":"Running","_animationQueue":[],"_animationSpeed":1.103,"_zoom":7.155},{"_mousePosition":[683,352.5],"_rootPartCFrame":[761.353,225.415,46.047,-0.996,0,0.091,0,1,0,-0.091,0,-0.996],"_humanoidState":8,"_cameraCFrame":[759.839,233.617,43.391,-0.996,-0.086,0.032,0,0.35,0.937,-0.091,0.933,-0.349],"_shiftlockState":true,"_pose":"Running","_animationQueue":[],"_animationSpeed":1.103,"_zoom":7.155},{"_mousePosition":[683,352.5],"_rootPartCFrame":[761.154,225.42,46.028,-0.996,0,0.091,0,1,0,-0.091,0,-0.996],"_humanoidState":8,"_cameraCFrame":[759.64,233.621,43.372,-0.996,-0.086,0.032,0,0.35,0.937,-0.091,0.933,-0.349],"_shiftlockState":true,"_pose":"Running","_animationQueue":[],"_animationSpeed":1.103,"_zoom":7.155},{"_mousePosition":[683,352.5],"_rootPartCFrame":[760.822,225.383,45.998,-0.996,0,0.091,0,1,0,-0.091,0,-0.996],"_humanoidState":8,"_cameraCFrame":[759.308,233.584,43.342,-0.996,-0.086,0.032,0,0.35,0.937,-0.091,0.933,-0.349],"_shiftlockState":true,"_pose":"Running","_animationQueue":[["walk",0.1]],"_animationSpeed":1.103,"_zoom":7.155},{"_mousePosition":[683,352.5],"_rootPartCFrame":[760.556,225.382,45.973,-0.996,0,0.091,0,1,0,-0.091,0,-0.996],"_humanoidState":8,"_cameraCFrame":[759.042,233.584,43.318,-0.996,-0.086,0.032,0,0.35,0.937,-0.091,0.933,-0.349],"_shiftlockState":true,"_pose":"Running","_animationQueue":[],"_animationSpeed":1.103,"_zoom":7.155},{"_mousePosition":[683,352.5],"_rootPartCFrame":[760.29,225.396,45.949,-0.996,0,0.091,0,1,0,-0.091,0,-0.996],"_humanoidState":8,"_cameraCFrame":[758.777,233.598,43.293,-0.996,-0.086,0.032,0,0.35,0.937,-0.091,0.933,-0.349],"_shiftlockState":true,"_pose":"Running","_animationQueue":[],"_animationSpeed":1.103,"_zoom":7.155},{"_mousePosition":[683,352.5],"_rootPartCFrame":[760.025,225.397,45.925,-0.996,0,0.091,0,1,0,-0.091,0,-0.996],"_humanoidState":8,"_cameraCFrame":[758.511,233.598,43.269,-0.996,-0.086,0.032,0,0.35,0.937,-0.091,0.933,-0.349],"_shiftlockState":true,"_pose":"Running","_animationQueue":[],"_animationSpeed":1.103,"_zoom":7.155},{"_mousePosition":[683,352.5],"_rootPartCFrame":[759.759,225.397,45.9,-0.996,0,0.091,0,1,0,-0.091,0,-0.996],"_humanoidState":8,"_cameraCFrame":[758.253,233.6,43.245,-0.996,-0.088,0.033,0,0.35,0.937,-0.094,0.933,-0.348],"_shiftlockState":true,"_pose":"Running","_animationQueue":[],"_animationSpeed":1.103,"_zoom":7.155},{"_mousePosition":[683,352.5],"_rootPartCFrame":[759.494,225.364,45.876,-0.996,0,0.094,0,1,0,-0.094,0,-0.996],"_humanoidState":8,"_cameraCFrame":[758.02,233.571,43.213,-0.994,-0.1,0.037,0,0.348,0.937,-0.107,0.932,-0.346],"_shiftlockState":true,"_pose":"Running","_animationQueue":[],"_animationSpeed":1.103,"_zoom":7.155},{"_mousePosition":[683,352.5],"_rootPartCFrame":[759.228,225.276,45.852,-0.994,0,0.107,0,1,0,-0.107,0,-0.994],"_humanoidState":8,"_cameraCFrame":[757.832,233.488,43.157,-0.991,-0.128,0.047,0,0.347,0.938,-0.136,0.929,-0.343],"_shiftlockState":true,"_pose":"Running","_animationQueue":[["walk",0.1]],"_animationSpeed":1.103,"_zoom":7.155},{"_mousePosition":[683,352.5],"_rootPartCFrame":[758.962,225.134,45.827,-0.991,0,0.136,0,1,0,-0.136,0,-0.991],"_humanoidState":8,"_cameraCFrame":[757.721,233.34,43.044,-0.982,-0.179,0.067,0,0.349,0.937,-0.191,0.92,-0.342],"_shiftlockState":true,"_pose":"Running","_animationQueue":[],"_animationSpeed":1.103,"_zoom":7.155},{"_mousePosition":[683,352.5],"_rootPartCFrame":[758.697,224.937,45.803,-0.982,0,0.191,0,1,0,-0.191,0,-0.982],"_humanoidState":8,"_cameraCFrame":[757.63,233.137,42.933,-0.968,-0.234,0.088,0,0.351,0.936,-0.25,0.907,-0.34],"_shiftlockState":true,"_pose":"Running","_animationQueue":[],"_animationSpeed":1.103,"_zoom":7.155},{"_mousePosition":[683,352.5],"_rootPartCFrame":[758.431,225.811,45.779,-0.968,0,0.25,0,1,0,-0.25,0,-0.968],"_humanoidState":3,"_cameraCFrame":[757.484,234.008,42.863,-0.957,-0.271,0.102,0,0.352,0.936,-0.289,0.896,-0.337],"_shiftlockState":true,"_pose":"Jumping","_animationQueue":[["walk",0.1],["jump",0.1]],"_animationSpeed":1,"_zoom":7.155},{"_mousePosition":[683,352.5],"_rootPartCFrame":[758.17,226.633,45.73,-0.927,0,0.376,0,1,0,-0.376,0,-0.927],"_humanoidState":5,"_cameraCFrame":[757.306,234.83,42.789,-0.949,-0.296,0.111,0,0.352,0.936,-0.316,0.888,-0.334],"_shiftlockState":true,"_pose":"FreeFall","_animationQueue":[["jump",0.1]],"_animationSpeed":1,"_zoom":7.155},{"_mousePosition":[683,352.5],"_rootPartCFrame":[757.914,227.4,45.655,-0.9,0,0.435,0,1,0,-0.435,0,-0.9],"_humanoidState":5,"_cameraCFrame":[757.13,235.602,42.701,-0.939,-0.321,0.12,0,0.35,0.937,-0.343,0.88,-0.329],"_shiftlockState":true,"_pose":"FreeFall","_animationQueue":[],"_animationSpeed":1,"_zoom":7.155},{"_mousePosition":[683,352.5],"_rootPartCFrame":[757.661,228.113,45.572,-0.886,0,0.464,0,1,0,-0.464,0,-0.886],"_humanoidState":5,"_cameraCFrame":[756.965,236.323,42.614,-0.928,-0.35,0.13,0,0.347,0.938,-0.373,0.87,-0.322],"_shiftlockState":true,"_pose":"FreeFall","_animationQueue":[],"_animationSpeed":1,"_zoom":7.155},{"_mousePosition":[683,352.5],"_rootPartCFrame":[757.41,228.772,45.482,-0.87,0,0.493,0,1,0,-0.493,0,-0.87],"_humanoidState":5,"_cameraCFrame":[756.824,236.983,42.504,-0.913,-0.383,0.141,0,0.347,0.938,-0.408,0.856,-0.316],"_shiftlockState":true,"_pose":"FreeFall","_animationQueue":[],"_animationSpeed":1,"_zoom":7.155},{"_mousePosition":[683,352.5],"_rootPartCFrame":[757.162,229.376,45.384,-0.851,0,0.526,0,1,0,-0.526,0,-0.851],"_humanoidState":5,"_cameraCFrame":[756.676,237.587,42.388,-0.899,-0.411,0.152,0,0.347,0.938,-0.438,0.843,-0.311],"_shiftlockState":true,"_pose":"FreeFall","_animationQueue":[],"_animationSpeed":1,"_zoom":7.155},{"_mousePosition":[683,352.5],"_rootPartCFrame":[756.918,229.925,45.276,-0.833,0,0.554,0,1,0,-0.554,0,-0.833],"_humanoidState":5,"_cameraCFrame":[756.558,238.129,42.245,-0.881,-0.443,0.165,0,0.35,0.937,-0.473,0.826,-0.308],"_shiftlockState":true,"_pose":"FreeFall","_animationQueue":[],"_animationSpeed":1,"_zoom":7.155},{"_mousePosition":[683,352.5],"_rootPartCFrame":[756.677,230.42,45.16,-0.811,0,0.586,0,1,0,-0.586,0,-0.811],"_humanoidState":5,"_cameraCFrame":[756.484,238.61,42.083,-0.857,-0.481,0.183,0,0.355,0.935,-0.515,0.802,-0.304],"_shiftlockState":true,"_pose":"FreeFall","_animationQueue":[],"_animationSpeed":1,"_zoom":7.155},{"_mousePosition":[683,352.5],"_rootPartCFrame":[756.442,230.861,45.036,-0.781,0,0.624,0,1,0,-0.624,0,-0.781],"_humanoidState":5,"_cameraCFrame":[756.486,239.032,41.912,-0.82,-0.533,0.207,0,0.362,0.932,-0.572,0.765,-0.297],"_shiftlockState":true,"_pose":"FreeFall","_animationQueue":[],"_animationSpeed":1,"_zoom":7.155},{"_mousePosition":[683,352.5],"_rootPartCFrame":[756.212,231.247,44.9,-0.737,0,0.676,0,1,0,-0.676,0,-0.737],"_humanoidState":5,"_cameraCFrame":[756.538,239.394,41.744,-0.773,-0.589,0.235,0,0.37,0.929,-0.634,0.718,-0.286],"_shiftlockState":true,"_pose":"FreeFall","_animationQueue":[],"_animationSpeed":1,"_zoom":7.155},{"_mousePosition":[683,352.5],"_rootPartCFrame":[755.991,231.578,44.751,-0.682,0,0.732,0,1,0,-0.732,0,-0.682],"_humanoidState":5,"_cameraCFrame":[756.618,239.702,41.59,-0.718,-0.644,0.263,0,0.378,0.926,-0.696,0.665,-0.271],"_shiftlockState":true,"_pose":"FreeFall","_animationQueue":[],"_animationSpeed":1,"_zoom":7.155},{"_mousePosition":[683,352.5],"_rootPartCFrame":[755.783,231.855,44.585,-0.619,0,0.785,0,1,0,-0.785,0,-0.619],"_humanoidState":5,"_cameraCFrame":[756.664,239.953,41.43,-0.67,-0.684,0.287,0,0.387,0.922,-0.742,0.618,-0.259],"_shiftlockState":true,"_pose":"FreeFall","_animationQueue":[],"_animationSpeed":1,"_zoom":7.155},{"_mousePosition":[683,352.5],"_rootPartCFrame":[755.588,232.078,44.403,-0.566,0,0.824,0,1,0,-0.824,0,-0.566],"_humanoidState":5,"_cameraCFrame":[756.753,240.127,41.24,-0.623,-0.716,0.315,0,0.403,0.915,-0.783,0.57,-0.251],"_shiftlockState":true,"_pose":"FreeFall","_animationQueue":[],"_animationSpeed":1,"_zoom":7.155},{"_mousePosition":[683,352.5],"_rootPartCFrame":[755.362,232.279,44.158,-0.484,0,0.875,0,1,0,-0.875,0,-0.484],"_humanoidState":5,"_cameraCFrame":[756.738,240.269,40.958,-0.596,-0.728,0.338,0,0.421,0.907,-0.803,0.541,-0.251],"_shiftlockState":true,"_pose":"FreeFall","_animationQueue":[],"_animationSpeed":1,"_zoom":7.155},{"_mousePosition":[683,352.5],"_rootPartCFrame":[755.235,232.359,44.003,-0.513,0,0.858,0,1,0,-0.858,0,-0.513],"_humanoidState":5,"_cameraCFrame":[756.748,240.295,40.755,-0.585,-0.73,0.354,0,0.437,0.899,-0.811,0.526,-0.256],"_shiftlockState":true,"_pose":"FreeFall","_animationQueue":[],"_animationSpeed":1,"_zoom":7.155},{"_mousePosition":[683,352.5],"_rootPartCFrame":[755.115,232.409,43.844,-0.501,0,0.865,0,1,0,-0.865,0,-0.501],"_humanoidState":5,"_cameraCFrame":[756.648,240.332,40.58,-0.585,-0.728,0.357,0,0.441,0.898,-0.811,0.525,-0.258],"_shiftlockState":true,"_pose":"FreeFall","_animationQueue":[],"_animationSpeed":1,"_zoom":7.155},{"_mousePosition":[683,352.5],"_rootPartCFrame":[754.958,232.427,43.628,-0.472,0,0.882,0,1,0,-0.882,0,-0.472],"_humanoidState":5,"_cameraCFrame":[756.492,240.35,40.364,-0.585,-0.728,0.357,0,0.441,0.898,-0.811,0.525,-0.258],"_shiftlockState":true,"_pose":"FreeFall","_animationQueue":[],"_animationSpeed":1,"_zoom":7.155},{"_mousePosition":[683,352.5],"_rootPartCFrame":[754.744,232.373,43.389,-0.466,0,0.885,0,1,0,-0.885,0,-0.466],"_humanoidState":5,"_cameraCFrame":[756.277,240.296,40.125,-0.585,-0.728,0.357,0,0.441,0.898,-0.811,0.525,-0.258],"_shiftlockState":true,"_pose":"FreeFall","_animationQueue":[["fall",0.3]],"_animationSpeed":1,"_zoom":7.155},{"_mousePosition":[683,352.5],"_rootPartCFrame":[754.549,232.268,43.236,-0.497,0,0.868,0,1,0,-0.868,0,-0.497],"_humanoidState":5,"_cameraCFrame":[756.082,240.191,39.973,-0.585,-0.728,0.357,0,0.441,0.898,-0.811,0.525,-0.258],"_shiftlockState":true,"_pose":"FreeFall","_animationQueue":[],"_animationSpeed":1,"_zoom":7.155},{"_mousePosition":[683,352.5],"_rootPartCFrame":[754.333,232.109,43.117,-0.497,0,0.868,0,1,0,-0.868,0,-0.497],"_humanoidState":5,"_cameraCFrame":[755.866,240.032,39.854,-0.585,-0.728,0.357,0,0.441,0.898,-0.811,0.525,-0.258],"_shiftlockState":true,"_pose":"FreeFall","_animationQueue":[],"_animationSpeed":1,"_zoom":7.155},{"_mousePosition":[683,352.5],"_rootPartCFrame":[754.096,231.896,43.032,-0.497,0,0.868,0,1,0,-0.868,0,-0.497],"_humanoidState":5,"_cameraCFrame":[755.629,239.819,39.768,-0.585,-0.728,0.357,0,0.441,0.898,-0.811,0.525,-0.258],"_shiftlockState":true,"_pose":"FreeFall","_animationQueue":[],"_animationSpeed":1,"_zoom":7.155},{"_mousePosition":[683,352.5],"_rootPartCFrame":[753.839,231.628,42.979,-0.497,0,0.868,0,1,0,-0.868,0,-0.497],"_humanoidState":5,"_cameraCFrame":[755.372,239.551,39.715,-0.585,-0.728,0.357,0,0.441,0.898,-0.811,0.525,-0.258],"_shiftlockState":true,"_pose":"FreeFall","_animationQueue":[],"_animationSpeed":1,"_zoom":7.155},{"_mousePosition":[683,352.5],"_rootPartCFrame":[753.576,231.306,42.936,-0.497,0,0.868,0,1,0,-0.868,0,-0.497],"_humanoidState":5,"_cameraCFrame":[755.109,239.229,39.672,-0.585,-0.728,0.357,0,0.441,0.898,-0.811,0.525,-0.258],"_shiftlockState":true,"_pose":"FreeFall","_animationQueue":[],"_animationSpeed":1,"_zoom":7.155},{"_mousePosition":[683,352.5],"_rootPartCFrame":[753.313,230.929,42.893,-0.497,0,0.868,0,1,0,-0.868,0,-0.497],"_humanoidState":5,"_cameraCFrame":[754.846,238.852,39.63,-0.585,-0.728,0.357,0,0.441,0.898,-0.811,0.525,-0.258],"_shiftlockState":true,"_pose":"FreeFall","_animationQueue":[],"_animationSpeed":1,"_zoom":7.155},{"_mousePosition":[683,352.5],"_rootPartCFrame":[753.111,230.507,42.799,-0.536,0.019,0.844,-0.004,1,-0.025,-0.844,-0.016,-0.536],"_humanoidState":5,"_cameraCFrame":[754.845,238.412,39.561,-0.549,-0.748,0.373,0,0.446,0.895,-0.836,0.491,-0.245],"_shiftlockState":true,"_pose":"FreeFall","_animationQueue":[["fall",0.3]],"_animationSpeed":1,"_zoom":7.155},{"_mousePosition":[683,352.5],"_rootPartCFrame":[752.998,230.065,42.611,-0.521,0.022,0.853,-0.008,1,-0.03,-0.854,-0.022,-0.521],"_humanoidState":5,"_cameraCFrame":[755.757,237.833,39.834,-0.314,-0.832,0.458,0,0.482,0.876,-0.95,0.275,-0.151],"_shiftlockState":true,"_pose":"FreeFall","_animationQueue":[],"_animationSpeed":1,"_zoom":7.155},{"_mousePosition":[683,352.5],"_rootPartCFrame":[752.955,230.305,42.363,-0.328,0.008,0.945,0,1,-0.008,-0.945,-0.003,-0.328],"_humanoidState":7,"_cameraCFrame":[756.744,238.032,41.258,0.176,-0.857,0.485,0,0.493,0.87,-0.984,-0.153,0.087],"_shiftlockState":true,"_pose":"FreeFall","_animationQueue":[["walk",0.1],["fall",0.3],["fall",0.3]],"_animationSpeed":1,"_zoom":7.155},{"_mousePosition":[683,352.5],"_rootPartCFrame":[752.923,230.639,42.077,0.167,0.006,0.986,0,1,-0.006,-0.986,0.001,0.167],"_humanoidState":7,"_cameraCFrame":[756.613,238.497,42.608,0.591,-0.717,0.37,0,0.459,0.889,-0.806,-0.526,0.271],"_shiftlockState":true,"_pose":"FreeFall","_animationQueue":[],"_animationSpeed":1,"_zoom":7.155},{"_mousePosition":[683,352.5],"_rootPartCFrame":[752.783,230.919,41.952,0.593,0,0.805,0,1,-0.001,-0.805,0.001,0.593],"_humanoidState":8,"_cameraCFrame":[755.919,239.068,42.411,0.667,-0.692,0.275,0,0.369,0.929,-0.745,-0.62,0.246],"_shiftlockState":true,"_pose":"Running","_animationQueue":[["walk",0.1],["fall",0.3],["walk",0.1]],"_animationSpeed":0.877,"_zoom":7.155},{"_mousePosition":[683,352.5],"_rootPartCFrame":[752.655,231.802,41.838,0.668,-0.003,0.745,0,1,0.003,-0.745,-0.002,0.668],"_humanoidState":3,"_cameraCFrame":[754.751,240.307,40.957,0.463,-0.868,0.18,0,0.203,0.979,-0.887,-0.453,0.094],"_shiftlockState":true,"_pose":"Jumping","_animationQueue":[["walk",0.1],["jump",0.1]],"_animationSpeed":1,"_zoom":7.155},{"_mousePosition":[683,352.5],"_rootPartCFrame":[752.543,232.651,41.705,0.542,-0.002,0.84,0,1,0.002,-0.84,-0.001,0.542],"_humanoidState":5,"_cameraCFrame":[754.056,241.197,40.184,0.166,-0.971,0.171,0,0.174,0.985,-0.986,-0.164,0.029],"_shiftlockState":true,"_pose":"FreeFall","_animationQueue":[["jump",0.1]],"_animationSpeed":1,"_zoom":7.155},{"_mousePosition":[683,352.5],"_rootPartCFrame":[752.445,233.446,41.535,0.291,-0.001,0.957,0,1,0.001,-0.957,0,0.291],"_humanoidState":5,"_cameraCFrame":[753.44,241.992,39.634,-0.134,-0.976,0.172,0,0.174,0.985,-0.991,0.132,-0.023],"_shiftlockState":true,"_pose":"FreeFall","_animationQueue":[],"_animationSpeed":1,"_zoom":7.155},{"_mousePosition":[683,352.5],"_rootPartCFrame":[752.328,234.186,41.339,-0.002,0,1,0,1,0,-1,0,-0.002],"_humanoidState":5,"_cameraCFrame":[753.024,242.673,39.113,-0.407,-0.892,0.197,0,0.216,0.976,-0.913,0.398,-0.088],"_shiftlockState":true,"_pose":"FreeFall","_animationQueue":[],"_animationSpeed":1,"_zoom":7.155},{"_mousePosition":[683,352.5],"_rootPartCFrame":[752.176,234.872,41.147,-0.633,0,0.774,0,1,0,-0.774,0,-0.633],"_humanoidState":5,"_cameraCFrame":[752.092,243.309,38.67,-0.732,-0.661,0.167,0,0.245,0.969,-0.682,0.709,-0.179],"_shiftlockState":true,"_pose":"FreeFall","_animationQueue":[["jump",0.1]],"_animationSpeed":1,"_zoom":7.155},{"_mousePosition":[683,352.5],"_rootPartCFrame":[752.009,235.503,40.944,-0.634,0,0.773,0,1,0,-0.773,0,-0.634],"_humanoidState":5,"_cameraCFrame":[751.661,243.941,38.495,-0.799,-0.583,0.147,0,0.244,0.97,-0.601,0.775,-0.195],"_shiftlockState":true,"_pose":"FreeFall","_animationQueue":[],"_animationSpeed":1,"_zoom":7.155},{"_mousePosition":[683,352.5],"_rootPartCFrame":[751.824,236.08,40.753,-0.712,0,0.702,0,1,0,-0.702,0,-0.712],"_humanoidState":5,"_cameraCFrame":[751.267,244.518,38.343,-0.848,-0.514,0.13,0,0.244,0.97,-0.53,0.822,-0.207],"_shiftlockState":true,"_pose":"FreeFall","_animationQueue":[],"_animationSpeed":1,"_zoom":7.155},{"_mousePosition":[683,352.5],"_rootPartCFrame":[751.617,236.602,40.586,-0.77,0,0.638,0,1,0,-0.638,0,-0.77],"_humanoidState":5,"_cameraCFrame":[750.853,245.04,38.233,-0.891,-0.441,0.111,0,0.244,0.97,-0.454,0.864,-0.218],"_shiftlockState":true,"_pose":"FreeFall","_animationQueue":[["fall",0.3]],"_animationSpeed":1,"_zoom":7.155},{"_mousePosition":[683,352.5],"_rootPartCFrame":[751.394,237.07,40.44,-0.823,0,0.569,0,1,0,-0.569,0,-0.823],"_humanoidState":5,"_cameraCFrame":[750.45,245.505,38.145,-0.924,-0.37,0.094,0,0.246,0.969,-0.382,0.896,-0.227],"_shiftlockState":true,"_pose":"FreeFall","_animationQueue":[],"_animationSpeed":1,"_zoom":7.155},{"_mousePosition":[683,352.5],"_rootPartCFrame":[751.16,237.483,40.314,-0.865,0,0.502,0,1,0,-0.502,0,-0.865],"_humanoidState":5,"_cameraCFrame":[750.06,245.914,38.076,-0.949,-0.306,0.078,0,0.248,0.969,-0.315,0.919,-0.236],"_shiftlockState":true,"_pose":"FreeFall","_animationQueue":[],"_animationSpeed":1,"_zoom":7.155},{"_mousePosition":[683,352.5],"_rootPartCFrame":[750.915,237.842,40.208,-0.899,0,0.439,0,1,0,-0.439,0,-0.899],"_humanoidState":5,"_cameraCFrame":[749.691,246.27,38.026,-0.966,-0.252,0.065,0,0.25,0.968,-0.26,0.935,-0.241],"_shiftlockState":true,"_pose":"FreeFall","_animationQueue":[],"_animationSpeed":1,"_zoom":7.155},{"_mousePosition":[683,352.5],"_rootPartCFrame":[750.663,238.146,40.12,-0.922,0,0.386,0,1,0,-0.386,0,-0.922],"_humanoidState":5,"_cameraCFrame":[749.32,246.574,38.009,-0.978,-0.2,0.052,0,0.25,0.968,-0.206,0.947,-0.245],"_shiftlockState":true,"_pose":"FreeFall","_animationQueue":[],"_animationSpeed":1,"_zoom":7.155},{"_mousePosition":[683,352.5],"_rootPartCFrame":[750.407,238.396,40.048,-0.942,0,0.334,0,1,0,-0.334,0,-0.942],"_humanoidState":5,"_cameraCFrame":[748.972,246.824,37.999,-0.987,-0.158,0.041,0,0.25,0.968,-0.163,0.955,-0.247],"_shiftlockState":true,"_pose":"FreeFall","_animationQueue":[],"_animationSpeed":1,"_zoom":7.155},{"_mousePosition":[683,352.5],"_rootPartCFrame":[750.146,238.591,39.991,-0.956,0,0.293,0,1,0,-0.293,0,-0.956],"_humanoidState":5,"_cameraCFrame":[748.616,247.017,38.002,-0.993,-0.112,0.029,0,0.251,0.968,-0.115,0.961,-0.25],"_shiftlockState":true,"_pose":"FreeFall","_animationQueue":[["fall",0.3]],"_animationSpeed":1,"_zoom":7.155},{"_mousePosition":[683,352.5],"_rootPartCFrame":[749.884,238.732,39.946,-0.969,0,0.246,0,1,0,-0.246,0,-0.969],"_humanoidState":5,"_cameraCFrame":[748.258,247.151,38.012,-0.998,-0.064,0.017,0,0.255,0.967,-0.066,0.965,-0.254],"_shiftlockState":true,"_pose":"FreeFall","_animationQueue":[],"_animationSpeed":1,"_zoom":7.155},{"_mousePosition":[683,352.5],"_rootPartCFrame":[749.619,238.818,39.913,-0.98,0,0.198,0,1,0,-0.198,0,-0.98],"_humanoidState":5,"_cameraCFrame":[747.921,247.232,38.022,-1,-0.027,0.007,0,0.258,0.966,-0.028,0.966,-0.258],"_shiftlockState":true,"_pose":"FreeFall","_animationQueue":[],"_animationSpeed":1,"_zoom":7.155},{"_mousePosition":[683,352.5],"_rootPartCFrame":[749.353,238.85,39.894,-0.987,0,0.16,0,1,0,-0.16,0,-0.987],"_humanoidState":5,"_cameraCFrame":[747.582,247.258,38.047,-1,0.011,-0.003,0,0.261,0.965,0.011,0.965,-0.261],"_shiftlockState":true,"_pose":"FreeFall","_animationQueue":[],"_animationSpeed":1,"_zoom":7.155},{"_mousePosition":[683,352.5],"_rootPartCFrame":[749.086,238.827,39.885,-0.993,0,0.122,0,1,0,-0.122,0,-0.993],"_humanoidState":5,"_cameraCFrame":[747.265,247.229,38.065,-0.999,0.037,-0.01,0,0.264,0.965,0.038,0.964,-0.264],"_shiftlockState":true,"_pose":"FreeFall","_animationQueue":[],"_animationSpeed":1,"_zoom":7.155},{"_mousePosition":[683,352.5],"_rootPartCFrame":[748.82,238.75,39.886,-0.995,0,0.095,0,1,0,-0.095,0,-0.995],"_humanoidState":5,"_cameraCFrame":[746.958,247.145,38.084,-0.998,0.058,-0.016,0,0.267,0.964,0.06,0.962,-0.267],"_shiftlockState":true,"_pose":"FreeFall","_animationQueue":[],"_animationSpeed":1,"_zoom":7.155},{"_mousePosition":[683,352.5],"_rootPartCFrame":[748.553,238.619,39.895,-0.997,0,0.073,0,1,0,-0.073,0,-0.997],"_humanoidState":5,"_cameraCFrame":[746.66,247.009,38.108,-0.997,0.074,-0.021,0,0.269,0.963,0.077,0.96,-0.269],"_shiftlockState":true,"_pose":"FreeFall","_animationQueue":[],"_animationSpeed":1,"_zoom":7.155},{"_mousePosition":[683,352.5],"_rootPartCFrame":[748.287,238.432,39.91,-0.998,0,0.056,0,1,0,-0.056,0,-0.998],"_humanoidState":5,"_cameraCFrame":[746.347,246.817,38.15,-0.995,0.098,-0.028,0,0.272,0.962,0.102,0.957,-0.271],"_shiftlockState":true,"_pose":"FreeFall","_animationQueue":[["fall",0.3]],"_animationSpeed":1,"_zoom":7.155},{"_mousePosition":[683,352.5],"_rootPartCFrame":[748.021,238.192,39.93,-1,0,0.031,0,1,0,-0.031,0,-1],"_humanoidState":5,"_cameraCFrame":[746.035,246.57,38.197,-0.992,0.122,-0.035,0,0.276,0.961,0.127,0.954,-0.273],"_shiftlockState":true,"_pose":"FreeFall","_animationQueue":[],"_animationSpeed":1,"_zoom":7.155},{"_mousePosition":[683,352.5],"_rootPartCFrame":[747.756,237.896,39.956,-1,0,0.006,0,1,0,-0.006,0,-1],"_humanoidState":5,"_cameraCFrame":[745.698,246.265,38.268,-0.986,0.159,-0.046,0,0.28,0.96,0.165,0.947,-0.276],"_shiftlockState":true,"_pose":"FreeFall","_animationQueue":[],"_animationSpeed":1,"_zoom":7.155},{"_mousePosition":[683,352.5],"_rootPartCFrame":[747.491,237.547,39.989,-0.999,0,-0.033,0,1,0,0.033,0,-0.999],"_humanoidState":5,"_cameraCFrame":[745.337,245.897,38.35,-0.976,0.206,-0.062,0,0.289,0.957,0.216,0.935,-0.282],"_shiftlockState":true,"_pose":"FreeFall","_animationQueue":[],"_animationSpeed":1,"_zoom":7.155},{"_mousePosition":[683,352.5],"_rootPartCFrame":[747.228,237.142,40.032,-0.996,0,-0.084,0,1,0,0.084,0,-0.996],"_humanoidState":5,"_cameraCFrame":[744.963,245.469,38.442,-0.963,0.258,-0.081,0,0.3,0.954,0.27,0.919,-0.288],"_shiftlockState":true,"_pose":"FreeFall","_animationQueue":[],"_animationSpeed":1,"_zoom":7.155},{"_mousePosition":[683,352.5],"_rootPartCFrame":[746.978,236.684,40.096,-0.988,0,-0.155,0,1,0,0.155,0,-0.988],"_humanoidState":5,"_cameraCFrame":[744.603,244.982,38.549,-0.947,0.306,-0.101,0,0.312,0.95,0.322,0.899,-0.295],"_shiftlockState":true,"_pose":"FreeFall","_animationQueue":[],"_animationSpeed":1,"_zoom":7.155},{"_mousePosition":[683,352.5],"_rootPartCFrame":[746.752,236.17,40.194,-0.977,0,-0.214,0,1,0,0.214,0,-0.977],"_humanoidState":5,"_cameraCFrame":[744.22,244.426,38.709,-0.92,0.369,-0.129,0,0.329,0.944,0.391,0.869,-0.303],"_shiftlockState":true,"_pose":"FreeFall","_animationQueue":[["fall",0.3]],"_animationSpeed":1,"_zoom":7.155},{"_mousePosition":[683,352.5],"_rootPartCFrame":[746.549,235.603,40.323,-0.959,0,-0.284,0,1,0,0.284,0,-0.959],"_humanoidState":5,"_cameraCFrame":[743.826,243.804,38.929,-0.883,0.44,-0.165,0,0.351,0.937,0.469,0.827,-0.31],"_shiftlockState":true,"_pose":"FreeFall","_animationQueue":[],"_animationSpeed":1,"_zoom":7.155},{"_mousePosition":[683,352.5],"_rootPartCFrame":[746.371,234.98,40.482,-0.931,0,-0.364,0,1,0,0.36