[{"_mousePosition":[1154,380],"_rootPartCFrame":[776.023,222.958,47.142,0.003,0.004,1,0,1,-0.004,-1,0,0.003],"_humanoidState":8,"_cameraCFrame":[775.61,234.502,34.534,-0.999,0.021,-0.026,0,0.782,0.623,0.033,0.623,-0.782],"_shiftlockState":false,"_pose":"Standing","_animationQueue":[],"_animationSpeed":1,"_zoom":16.125},{"_mousePosition":[1154,380],"_rootPartCFrame":[775.776,222.836,47.15,-0.002,0.001,1,0,1,-0.001,-1,0,-0.002],"_humanoidState":8,"_cameraCFrame":[775.358,234.381,34.543,-0.999,0.021,-0.026,0,0.782,0.623,0.033,0.623,-0.782],"_shiftlockState":false,"_pose":"Standing","_animationQueue":[],"_animationSpeed":1,"_zoom":16.125},{"_mousePosition":[1154,380],"_rootPartCFrame":[775.511,222.674,47.159,-0.006,0,1,0,1,0,-1,0,-0.006],"_humanoidState":8,"_cameraCFrame":[775.091,234.218,34.551,-0.999,0.021,-0.026,0,0.782,0.623,0.033,0.623,-0.782],"_shiftlockState":false,"_pose":"Running","_animationQueue":[["walk",0.1]],"_animationSpeed":1.065,"_zoom":16.125},{"_mousePosition":[1154,380],"_rootPartCFrame":[775.244,222.653,47.168,-0.01,0,1,0,1,0,-1,0,-0.01],"_humanoidState":8,"_cameraCFrame":[774.825,234.198,34.56,-0.999,0.021,-0.026,0,0.782,0.623,0.033,0.623,-0.782],"_shiftlockState":false,"_pose":"Running","_animationQueue":[],"_animationSpeed":1.065,"_zoom":16.125},{"_mousePosition":[1154,380],"_rootPartCFrame":[774.978,222.67,47.177,-0.013,0,1,0,1,0,-1,0,-0.013],"_humanoidState":8,"_cameraCFrame":[774.558,234.214,34.569,-0.999,0.021,-0.026,0,0.782,0.623,0.033,0.623,-0.782],"_shiftlockState":false,"_pose":"Running","_animationQueue":[],"_animationSpeed":1.065,"_zoom":16.125},{"_mousePosition":[1154,380],"_rootPartCFrame":[774.711,222.683,47.186,-0.016,0,1,0,1,0,-1,0,-0.016],"_humanoidState":8,"_cameraCFrame":[774.292,234.227,34.578,-0.999,0.021,-0.026,0,0.782,0.623,0.033,0.623,-0.782],"_shiftlockState":false,"_pose":"Running","_animationQueue":[],"_animationSpeed":1.065,"_zoom":16.125},{"_mousePosition":[1154,380],"_rootPartCFrame":[774.445,222.69,47.194,-0.018,0,1,0,1,0,-1,0,-0.018],"_humanoidState":8,"_cameraCFrame":[774.025,234.235,34.587,-0.999,0.021,-0.026,0,0.782,0.623,0.033,0.623,-0.782],"_shiftlockState":false,"_pose":"Running","_animationQueue":[["walk",0.1]],"_animationSpeed":1.065,"_zoom":16.125},{"_mousePosition":[1154,380],"_rootPartCFrame":[774.178,222.695,47.203,-0.02,0,1,0,1,0,-1,0,-0.02],"_humanoidState":8,"_cameraCFrame":[773.759,234.239,34.596,-0.999,0.021,-0.026,0,0.782,0.623,0.033,0.623,-0.782],"_shiftlockState":false,"_pose":"Running","_animationQueue":[],"_animationSpeed":1.065,"_zoom":16.125},{"_mousePosition":[1151,380],"_rootPartCFrame":[773.912,222.697,47.212,-0.022,0,1,0,1,0,-1,0,-0.022],"_humanoidState":8,"_cameraCFrame":[773.492,234.241,34.605,-0.999,0.021,-0.026,0,0.782,0.623,0.033,0.623,-0.782],"_shiftlockState":false,"_pose":"Running","_animationQueue":[],"_animationSpeed":1.065,"_zoom":16.125},{"_mousePosition":[1136,390],"_rootPartCFrame":[773.645,222.698,47.221,-0.023,0,1,0,1,0,-1,0,-0.023],"_humanoidState":8,"_cameraCFrame":[773.226,234.242,34.613,-0.999,0.021,-0.026,0,0.782,0.623,0.033,0.623,-0.782],"_shiftlockState":false,"_pose":"Running","_animationQueue":[],"_animationSpeed":1.065,"_zoom":16.125},{"_mousePosition":[1127,395],"_rootPartCFrame":[773.379,222.699,47.23,-0.025,0,1,0,1,0,-1,0,-0.025],"_humanoidState":8,"_cameraCFrame":[772.959,234.243,34.622,-0.999,0.021,-0.026,0,0.782,0.623,0.033,0.623,-0.782],"_shiftlockState":false,"_pose":"Running","_animationQueue":[],"_animationSpeed":1.065,"_zoom":16.125},{"_mousePosition":[1102,413],"_rootPartCFrame":[773.112,222.699,47.239,-0.026,0,1,0,1,0,-1,0,-0.026],"_humanoidState":8,"_cameraCFrame":[772.693,234.243,34.631,-0.999,0.021,-0.026,0,0.782,0.623,0.033,0.623,-0.782],"_shiftlockState":false,"_pose":"Running","_animationQueue":[],"_animationSpeed":1.065,"_zoom":16.125},{"_mousePosition":[1100,414],"_rootPartCFrame":[772.846,222.699,47.248,-0.027,0,1,0,1,0,-1,0,-0.027],"_humanoidState":8,"_cameraCFrame":[772.427,234.244,34.64,-0.999,0.021,-0.026,0,0.782,0.623,0.033,0.623,-0.782],"_shiftlockState":false,"_pose":"Running","_animationQueue":[["walk",0.1]],"_animationSpeed":1.065,"_zoom":16.125},{"_mousePosition":[1100,414],"_rootPartCFrame":[772.579,222.7,47.256,-0.028,0,1,0,1,0,-1,0,-0.028],"_humanoidState":8,"_cameraCFrame":[772.174,234.264,34.665,-0.999,0.02,-0.025,0,0.781,0.624,0.032,0.624,-0.781],"_shiftlockState":false,"_pose":"Running","_animationQueue":[],"_animationSpeed":1.065,"_zoom":16.125},{"_mousePosition":[1100,414],"_rootPartCFrame":[772.313,222.7,47.265,-0.029,0,1,0,1,0,-1,0,-0.029],"_humanoidState":8,"_cameraCFrame":[771.988,234.335,34.728,-1,0.016,-0.02,0,0.778,0.629,0.026,0.628,-0.778],"_shiftlockState":false,"_pose":"Running","_animationQueue":[],"_animationSpeed":1.065,"_zoom":16.125},{"_mousePosition":[1100,414],"_rootPartCFrame":[772.046,222.7,47.274,-0.029,0,1,0,1,0,-1,0,-0.029],"_humanoidState":8,"_cameraCFrame":[771.906,234.466,34.84,-1,0.007,-0.009,0,0.771,0.637,0.011,0.637,-0.771],"_shiftlockState":false,"_pose":"Running","_animationQueue":[],"_animationSpeed":1.065,"_zoom":16.125},{"_mousePosition":[1100,414],"_rootPartCFrame":[771.78,222.7,47.281,-0.029,0,1,0,1,0,-1,0,-0.029],"_humanoidState":8,"_cameraCFrame":[772.002,234.655,35.007,-1,-0.012,0.014,0,0.761,0.648,-0.018,0.648,-0.761],"_shiftlockState":false,"_pose":"Running","_animationQueue":[],"_animationSpeed":1.065,"_zoom":16.125},{"_mousePosition":[1100,414],"_rootPartCFrame":[771.513,222.7,47.284,-0.027,0,1,0,1,0,-1,0,-0.027],"_humanoidState":8,"_cameraCFrame":[772.087,234.832,35.175,-0.999,-0.031,0.036,0,0.752,0.659,-0.047,0.659,-0.751],"_shiftlockState":false,"_pose":"Running","_animationQueue":[],"_animationSpeed":1.065,"_zoom":16.125},{"_mousePosition":[1100,414],"_rootPartCFrame":[771.246,222.7,47.28,-0.021,0,1,0,1,0,-1,0,-0.021],"_humanoidState":8,"_cameraCFrame":[770.443,235.027,35.23,-0.997,-0.053,0.058,0,0.741,0.671,-0.079,0.669,-0.739],"_shiftlockState":true,"_pose":"Running","_animationQueue":[],"_animationSpeed":1.065,"_zoom":16.125},{"_mousePosition":[683,384],"_rootPartCFrame":[770.914,222.7,47.266,-1,0,-0.01,0,1,0,0.01,0,-1],"_humanoidState":8,"_cameraCFrame":[770.11,235.027,35.215,-0.997,-0.053,0.058,0,0.741,0.671,-0.079,0.669,-0.739],"_shiftlockState":true,"_pose":"Running","_animationQueue":[["walk",0.1]],"_animationSpeed":1.065,"_zoom":16.125},{"_mousePosition":[683,384],"_rootPartCFrame":[770.714,222.7,47.251,-0.999,0,0.053,0,1,0,-0.053,0,-0.999],"_humanoidState":8,"_cameraCFrame":[769.957,235.075,35.241,-0.997,-0.056,0.061,0,0.738,0.674,-0.083,0.672,-0.736],"_shiftlockState":true,"_pose":"Running","_animationQueue":[],"_animationSpeed":1.065,"_zoom":16.125},{"_mousePosition":[683,384],"_rootPartCFrame":[770.382,222.7,47.225,-0.997,0,0.077,0,1,0,-0.077,0,-0.997],"_humanoidState":8,"_cameraCFrame":[769.636,235.094,35.231,-0.996,-0.057,0.062,0,0.737,0.676,-0.084,0.673,-0.735],"_shiftlockState":true,"_pose":"Running","_animationQueue":[],"_animationSpeed":1.065,"_zoom":16.125},{"_mousePosition":[683,384],"_rootPartCFrame":[770.116,222.7,47.203,-0.997,0,0.084,0,1,0,-0.084,0,-0.997],"_humanoidState":8,"_cameraCFrame":[769.368,235.123,35.236,-0.996,-0.057,0.062,0,0.736,0.677,-0.084,0.675,-0.733],"_shiftlockState":true,"_pose":"Running","_animationQueue":[],"_animationSpeed":1.065,"_zoom":16.125},{"_mousePosition":[683,384],"_rootPartCFrame":[769.85,222.666,47.181,-0.996,0,0.084,0,1,0,-0.084,0,-0.996],"_humanoidState":8,"_cameraCFrame":[769.1,235.117,35.24,-0.996,-0.057,0.062,0,0.734,0.679,-0.084,0.677,-0.731],"_shiftlockState":true,"_pose":"Running","_animationQueue":[],"_animationSpeed":1.065,"_zoom":16.125},{"_mousePosition":[683,384],"_rootPartCFrame":[769.651,222.604,47.164,-0.996,0,0.084,0,1,0,-0.084,0,-0.996],"_humanoidState":8,"_cameraCFrame":[768.87,235.122,35.287,-0.997,-0.056,0.06,0,0.73,0.683,-0.082,0.681,-0.728],"_shiftlockState":true,"_pose":"Running","_animationQueue":[],"_animationSpeed":1.065,"_zoom":16.125},{"_mousePosition":[683,384],"_rootPartCFrame":[769.318,222.434,47.137,-0.997,0,0.082,0,1,0,-0.082,0,-0.997],"_humanoidState":8,"_cameraCFrame":[768.458,235.028,35.336,-0.997,-0.052,0.055,0,0.726,0.688,-0.076,0.686,-0.724],"_shiftlockState":true,"_pose":"Running","_animationQueue":[],"_animationSpeed":1.065,"_zoom":16.125},{"_mousePosition":[683,384],"_rootPartCFrame":[769.052,223.307,47.114,-0.997,0,0.076,0,1,0,-0.076,0,-0.997],"_humanoidState":3,"_cameraCFrame":[768.127,235.957,35.372,-0.998,-0.049,0.051,0,0.722,0.691,-0.07,0.69,-0.721],"_shiftlockState":true,"_pose":"Jumping","_animationQueue":[["walk",0.1],["walk",0.1],["jump",0.1]],"_animationSpeed":1,"_zoom":16.125},{"_mousePosition":[683,384],"_rootPartCFrame":[768.786,224.129,47.094,-0.987,0,0.162,0,1,0,-0.162,0,-0.987],"_humanoidState":5,"_cameraCFrame":[767.783,236.836,35.411,-0.998,-0.045,0.046,0,0.719,0.695,-0.064,0.694,-0.718],"_shiftlockState":true,"_pose":"FreeFall","_animationQueue":[["jump",0.1]],"_animationSpeed":1,"_zoom":16.125},{"_mousePosition":[683,352.5],"_rootPartCFrame":[768.587,224.71,47.08,-0.998,0,0.057,0,1,0,-0.057,0,-0.998],"_humanoidState":5,"_cameraCFrame":[767.463,237.509,35.498,-0.999,-0.038,0.039,0,0.713,0.701,-0.054,0.7,-0.712],"_shiftlockState":true,"_pose":"FreeFall","_animationQueue":[],"_animationSpeed":1,"_zoom":16.125},{"_mousePosition":[683,352.5],"_rootPartCFrame":[768.254,225.61,47.06,-0.976,0,0.218,0,1,0,-0.218,0,-0.976],"_humanoidState":5,"_cameraCFrame":[767.093,238.436,35.509,-0.999,-0.036,0.036,0,0.712,0.702,-0.051,0.702,-0.711],"_shiftlockState":true,"_pose":"FreeFall","_animationQueue":[],"_animationSpeed":1,"_zoom":16.125},{"_mousePosition":[683,352.5],"_rootPartCFrame":[768.055,226.109,47.049,-0.989,0,0.15,0,1,0,-0.15,0,-0.989],"_humanoidState":5,"_cameraCFrame":[766.856,238.954,35.52,-0.999,-0.034,0.034,0,0.711,0.704,-0.048,0.703,-0.71],"_shiftlockState":true,"_pose":"FreeFall","_animationQueue":[],"_animationSpeed":1,"_zoom":16.125},{"_mousePosition":[683,352.5],"_rootPartCFrame":[767.788,226.726,47.036,-0.984,0,0.18,0,1,0,-0.18,0,-0.984],"_humanoidState":5,"_cameraCFrame":[766.552,239.599,35.537,-0.999,-0.032,0.032,0,0.709,0.705,-0.045,0.705,-0.708],"_shiftlockState":true,"_pose":"FreeFall","_animationQueue":[],"_animationSpeed":1,"_zoom":16.125},{"_mousePosition":[683,352.5],"_rootPartCFrame":[767.588,227.154,47.026,-0.99,0,0.144,0,1,0,-0.144,0,-0.99],"_humanoidState":5,"_cameraCFrame":[766.29,240.063,35.571,-0.999,-0.028,0.028,0,0.707,0.708,-0.04,0.707,-0.706],"_shiftlockState":true,"_pose":"FreeFall","_animationQueue":[],"_animationSpeed":1,"_zoom":16.125},{"_mousePosition":[683,352.5],"_rootPartCFrame":[767.255,227.798,47.011,-0.999,0,0.035,0,1,0,-0.035,0,-0.999],"_humanoidState":5,"_cameraCFrame":[765.909,240.746,35.6,-0.999,-0.025,0.025,0,0.704,0.71,-0.035,0.71,-0.704],"_shiftlockState":true,"_pose":"FreeFall","_animationQueue":[["jump",0.1]],"_animationSpeed":1,"_zoom":16.125},{"_mousePosition":[683,352.5],"_rootPartCFrame":[766.922,228.357,46.999,-0.98,0,0.201,0,1,0,-0.201,0,-0.98],"_humanoidState":5,"_cameraCFrame":[765.564,241.314,35.598,-0.999,-0.024,0.024,0,0.704,0.711,-0.034,0.71,-0.703],"_shiftlockState":true,"_pose":"FreeFall","_animationQueue":[],"_animationSpeed":1,"_zoom":16.125},{"_mousePosition":[683,352.5],"_rootPartCFrame":[766.722,228.652,46.992,-0.991,0,0.134,0,1,0,-0.134,0,-0.991],"_humanoidState":5,"_cameraCFrame":[765.351,241.618,35.602,-0.999,-0.024,0.023,0,0.703,0.711,-0.033,0.711,-0.703],"_shiftlockState":true,"_pose":"FreeFall","_animationQueue":[],"_animationSpeed":1,"_zoom":16.125},{"_mousePosition":[683,352.5],"_rootPartCFrame":[766.389,229.075,46.98,-0.98,0,0.199,0,1,0,-0.199,0,-0.98],"_humanoidState":5,"_cameraCFrame":[764.982,242.068,35.623,-1,-0.022,0.021,0,0.701,0.713,-0.03,0.712,-0.701],"_shiftlockState":true,"_pose":"FreeFall","_animationQueue":[],"_animationSpeed":1,"_zoom":16.125},{"_mousePosition":[683,352.5],"_rootPartCFrame":[766.189,229.288,46.973,-0.992,0,0.13,0,1,0,-0.13,0,-0.992],"_humanoidState":5,"_cameraCFrame":[764.757,242.299,35.637,-1,-0.02,0.02,0,0.7,0.714,-0.028,0.714,-0.7],"_shiftlockState":true,"_pose":"FreeFall","_animationQueue":[["fall",0.3]],"_animationSpeed":1,"_zoom":16.125},{"_mousePosition":[683,352.5],"_rootPartCFrame":[765.855,229.574,46.963,-0.981,0,0.194,0,1,0,-0.194,0,-0.981],"_humanoidState":5,"_cameraCFrame":[764.388,242.604,35.65,-1,-0.018,0.017,0,0.699,0.715,-0.025,0.715,-0.699],"_shiftlockState":true,"_pose":"FreeFall","_animationQueue":[],"_animationSpeed":1,"_zoom":16.125},{"_mousePosition":[683,352.5],"_rootPartCFrame":[765.655,229.705,46.958,-0.992,0,0.125,0,1,0,-0.125,0,-0.992],"_humanoidState":5,"_cameraCFrame":[764.164,242.754,35.666,-1,-0.016,0.016,0,0.698,0.716,-0.023,0.716,-0.698],"_shiftlockState":true,"_pose":"FreeFall","_animationQueue":[],"_animationSpeed":1,"_zoom":16.125},{"_mousePosition":[683,352.5],"_rootPartCFrame":[765.322,229.856,46.949,-0.982,0,0.188,0,1,0,-0.188,0,-0.982],"_humanoidState":5,"_cameraCFrame":[763.807,242.922,35.68,-1,-0.015,0.015,0,0.697,0.717,-0.021,0.717,-0.697],"_shiftlockState":true,"_pose":"FreeFall","_animationQueue":[],"_animationSpeed":1,"_zoom":16.125},{"_mousePosition":[683,352.5],"_rootPartCFrame":[765.122,229.905,46.944,-0.993,0,0.12,0,1,0,-0.12,0,-0.993],"_humanoidState":5,"_cameraCFrame":[763.571,242.99,35.698,-1,-0.013,0.012,0,0.696,0.718,-0.018,0.718,-0.696],"_shiftlockState":true,"_pose":"FreeFall","_animationQueue":[],"_animationSpeed":1,"_zoom":16.125},{"_mousePosition":[683,352.5],"_rootPartCFrame":[764.789,229.919,46.937,-0.983,0,0.183,0,1,0,-0.183,0,-0.983],"_humanoidState":5,"_cameraCFrame":[763.202,243.022,35.715,-1,-0.01,0.01,0,0.694,0.72,-0.015,0.719,-0.694],"_shiftlockState":true,"_pose":"FreeFall","_animationQueue":[],"_animationSpeed":1,"_zoom":16.125},{"_mousePosition":[683,352.5],"_rootPartCFrame":[764.589,229.887,46.934,-0.993,0,0.114,0,1,0,-0.114,0,-0.993],"_humanoidState":5,"_cameraCFrame":[762.955,243.016,35.746,-1,-0.007,0.007,0,0.693,0.721,-0.01,0.721,-0.693],"_shiftlockState":true,"_pose":"FreeFall","_animationQueue":[],"_animationSpeed":1,"_zoom":16.125},{"_mousePosition":[683,352.5],"_rootPartCFrame":[764.256,229.765,46.929,-0.984,0,0.176,0,1,0,-0.176,0,-0.984],"_humanoidState":5,"_cameraCFrame":[762.563,242.921,35.778,-1,-0.004,0.004,0,0.691,0.723,-0.005,0.723,-0.691],"_shiftlockState":true,"_pose":"FreeFall","_animationQueue":[["fall",0.3]],"_animationSpeed":1,"_zoom":16.125},{"_mousePosition":[683,352.5],"_rootPartCFrame":[764.056,229.651,46.927,-0.994,0,0.105,0,1,0,-0.105,0,-0.994],"_humanoidState":5,"_cameraCFrame":[762.293,242.834,35.815,-1,0.001,-0.001,0,0.689,0.725,0.001,0.725,-0.689],"_shiftlockState":true,"_pose":"FreeFall","_animationQueue":[],"_animationSpeed":1,"_zoom":16.125},{"_mousePosition":[683,352.5],"_rootPartCFrame":[763.723,229.392,46.925,-0.986,0,0.165,0,1,0,-0.165,0,-0.986],"_humanoidState":5,"_cameraCFrame":[761.902,242.594,35.841,-1,0.005,-0.004,0,0.688,0.726,0.006,0.726,-0.688],"_shiftlockState":true,"_pose":"FreeFall","_animationQueue":[],"_animationSpeed":1,"_zoom":16.125},{"_mousePosition":[683,352.5],"_rootPartCFrame":[763.456,229.124,46.925,-0.992,0,0.127,0,1,0,-0.127,0,-0.992],"_humanoidState":5,"_cameraCFrame":[761.554,242.344,35.874,-1,0.01,-0.009,0,0.687,0.727,0.014,0.727,-0.687],"_shiftlockState":true,"_pose":"FreeFall","_animationQueue":[],"_animationSpeed":1,"_zoom":16.125},{"_mousePosition":[683,352.5],"_rootPartCFrame":[763.256,228.888,46.926,-0.996,0,0.086,0,1,0,-0.086,0,-0.996],"_humanoidState":5,"_cameraCFrame":[761.262,242.116,35.901,-1,0.016,-0.015,0,0.686,0.727,0.022,0.727,-0.686],"_shiftlockState":true,"_pose":"FreeFall","_animationQueue":[],"_animationSpeed":1,"_zoom":16.125},{"_mousePosition":[683,352.5],"_rootPartCFrame":[762.989,228.524,46.929,-0.994,0,0.111,0,1,0,-0.111,0,-0.994],"_humanoidState":5,"_cameraCFrame":[760.903,241.752,35.921,-1,0.022,-0.021,0,0.686,0.727,0.03,0.727,-0.686],"_shiftlockState":true,"_pose":"FreeFall","_animationQueue":[],"_animationSpeed":1,"_zoom":16.125},{"_mousePosition":[683,352.5],"_rootPartCFrame":[762.656,227.993,46.936,-0.991,0,0.136,0,1,0,-0.136,0,-0.991],"_humanoidState":5,"_cameraCFrame":[760.49,241.23,35.953,-0.999,0.028,-0.026,0,0.686,0.728,0.038,0.727,-0.685],"_shiftlockState":true,"_pose":"FreeFall","_animationQueue":[],"_animationSpeed":1,"_zoom":16.125},{"_mousePosition":[683,352.5],"_rootPartCFrame":[762.456,227.634,46.942,-0.998,0,0.062,0,1,0,-0.062,0,-0.998],"_humanoidState":5,"_cameraCFrame":[760.232,240.871,35.971,-0.999,0.031,-0.03,0,0.686,0.728,0.043,0.727,-0.685],"_shiftlockState":true,"_pose":"FreeFall","_animationQueue":[["fall",0.3]],"_animationSpeed":1,"_zoom":16.125},{"_mousePosition":[683,352.5],"_rootPartCFrame":[762.19,227.107,46.952,-0.996,0,0.09,0,1,0,-0.09,0,-0.996],"_humanoidState":5,"_cameraCFrame":[759.908,240.344,35.992,-0.999,0.035,-0.033,0,0.686,0.728,0.048,0.727,-0.685],"_shiftlockState":true,"_pose":"FreeFall","_animationQueue":[],"_animationSpeed":1,"_zoom":16.125},{"_mousePosition":[683,352.5],"_rootPartCFrame":[761.857,226.372,46.966,-0.993,0,0.118,0,1,0,-0.118,0,-0.993],"_humanoidState":5,"_cameraCFrame":[759.518,239.609,36.018,-0.999,0.039,-0.037,0,0.686,0.728,0.053,0.727,-0.685],"_shiftlockState":true,"_pose":"FreeFall","_animationQueue":[],"_animationSpeed":1,"_zoom":16.125},{"_mousePosition":[683,352.5],"_rootPartCFrame":[761.59,225.722,46.979,-0.997,0,0.08,0,1,0,-0.08,0,-0.997],"_humanoidState":5,"_cameraCFrame":[760.942,238.968,35.95,-0.998,0.043,-0.04,0,0.685,0.728,0.059,0.727,-0.684],"_shiftlockState":false,"_pose":"FreeFall","_animationQueue":[],"_animationSpeed":1,"_zoom":16.125},{"_mousePosition":[683,352.5],"_rootPartCFrame":[761.391,225.2,46.989,-0.984,0,0.179,0,1,0,-0.179,0,-0.984],"_humanoidState":5,"_cameraCFrame":[760.742,238.446,35.961,-0.998,0.043,-0.04,0,0.685,0.728,0.059,0.727,-0.684],"_shiftlockState":false,"_pose":"FreeFall","_animationQueue":[],"_animationSpeed":1,"_zoom":16.125},{"_mousePosition":[680,353],"_rootPartCFrame":[761.058,224.26,47.008,-0.941,0,0.339,0,1,0,-0.339,0,-0.941],"_humanoidState":5,"_cameraCFrame":[760.409,237.506,35.98,-0.998,0.043,-0.04,0,0.685,0.728,0.059,0.727,-0.684],"_shiftlockState":false,"_pose":"FreeFall","_animationQueue":[],"_animationSpeed":1,"_zoom":16.125},{"_mousePosition":[679,354],"_rootPartCFrame":[760.858,223.655,47.02,-0.902,0,0.432,0,1,0,-0.432,0,-0.902],"_humanoidState":5,"_cameraCFrame":[760.21,236.901,35.992,-0.998,0.043,-0.04,0,0.685,0.728,0.059,0.727,-0.684],"_shiftlockState":false,"_pose":"FreeFall","_animationQueue":[["fall",0.3]],"_animationSpeed":1,"_zoom":16.125},{"_mousePosition":[677,354],"_rootPartCFrame":[760.592,222.801,47.036,-0.833,0,0.553,0,1,0,-0.553,0,-0.833],"_humanoidState":7,"_cameraCFrame":[759.944,236.047,36.007,-0.998,0.043,-0.04,0,0.685,0.728,0.059,0.727,-0.684],"_shiftlockState":false,"_pose":"FreeFall","_animationQueue":[["walk",0.1],["fall",0.3],["fall",0.3]],"_animationSpeed":1,"_zoom":16.125},{"_mousePosition":[677,354],"_rootPartCFrame":[760.326,222.404,47.051,-0.755,0,0.655,0,1,0,-0.655,0,-0.755],"_humanoidState":7,"_cameraCFrame":[759.677,235.65,36.023,-0.998,0.043,-0.04,0,0.685,0.728,0.059,0.727,-0.684],"_shiftlockState":false,"_pose":"FreeFall","_animationQueue":[],"_animationSpeed":1,"_zoom":16.125},{"_mousePosition":[685,354],"_rootPartCFrame":[759.993,222.517,47.071,-0.659,0,0.752,0,1,0,-0.752,0,-0.659],"_humanoidState":8,"_cameraCFrame":[759.345,235.763,36.043,-0.998,0.043,-0.04,0,0.685,0.728,0.059,0.727,-0.684],"_shiftlockState":false,"_pose":"Running","_animationQueue":[["walk",0.1],["fall",0.3],["walk",0.1]],"_animationSpeed":1.103,"_zoom":16.125},{"_mousePosition":[749,317],"_rootPartCFrame":[759.661,222.611,47.091,-0.568,0,0.823,0,1,0,-0.823,0,-0.568],"_humanoidState":8,"_cameraCFrame":[759.012,235.857,36.062,-0.998,0.043,-0.04,0,0.685,0.728,0.059,0.727,-0.684],"_shiftlockState":false,"_pose":"Running","_animationQueue":[],"_animationSpeed":1.103,"_zoom":16.125},{"_mousePosition":[850,243],"_rootPartCFrame":[759.328,222.658,47.11,-0.486,0,0.874,0,1,0,-0.874,0,-0.486],"_humanoidState":8,"_cameraCFrame":[758.679,235.904,36.082,-0.998,0.043,-0.04,0,0.685,0.728,0.059,0.727,-0.684],"_shiftlockState":false,"_pose":"Running","_animationQueue":[],"_animationSpeed":1.103,"_zoom":16.125},{"_mousePosition":[988,122],"_rootPartCFrame":[759.062,223.786,47.126,-0.42,0,0.907,0,1,0,-0.907,0,-0.42],"_humanoidState":3,"_cameraCFrame":[758.413,237.032,36.097,-0.998,0.043,-0.04,0,0.685,0.728,0.059,0.727,-0.684],"_shiftlockState":false,"_pose":"Jumping","_animationQueue":[["walk",0.1],["walk",0.1],["jump",0.1]],"_animationSpeed":1,"_zoom":16.125},{"_mousePosition":[1098,9],"_rootPartCFrame":[758.862,224.596,47.138,-0.38,0,0.925,0,1,0,-0.925,0,-0.38],"_humanoidState":5,"_cameraCFrame":[758.214,237.842,36.109,-0.998,0.043,-0.04,0,0.685,0.728,0.059,0.727,-0.684],"_shiftlockState":false,"_pose":"FreeFall","_animationQueue":[["jump",0.1]],"_animationSpeed":1,"_zoom":16.125},{"_mousePosition":[1098,9],"_rootPartCFrame":[758.463,226.124,47.161,-0.314,0,0.949,0,1,0,-0.949,0,-0.314],"_humanoidState":5,"_cameraCFrame":[757.815,239.37,36.133,-0.998,0.043,-0.04,0,0.685,0.728,0.059,0.727,-0.684],"_shiftlockState":false,"_pose":"FreeFall","_animationQueue":[],"_animationSpeed":1,"_zoom":16.125},{"_mousePosition":[1098,9],"_rootPartCFrame":[758.197,227.075,47.177,-0.278,0,0.96,0,1,0,-0.96,0,-0.278],"_humanoidState":5,"_cameraCFrame":[757.548,240.321,36.148,-0.998,0.043,-0.04,0,0.685,0.728,0.059,0.727,-0.684],"_shiftlockState":false,"_pose":"FreeFall","_animationQueue":[],"_animationSpeed":1,"_zoom":16.125},{"_mousePosition":[1098,9],"_rootPartCFrame":[757.997,227.752,47.188,-0.255,0,0.967,0,1,0,-0.967,0,-0.255],"_humanoidState":5,"_cameraCFrame":[757.349,240.998,36.16,-0.998,0.043,-0.04,0,0.685,0.728,0.059,0.727,-0.684],"_shiftlockState":false,"_pose":"FreeFall","_animationQueue":[],"_animationSpeed":1,"_zoom":16.125},{"_mousePosition":[1098,9],"_rootPartCFrame":[757.798,228.399,47.2,-0.235,0,0.972,0,1,0,-0.972,0,-0.235],"_humanoidState":5,"_cameraCFrame":[757.149,241.645,36.172,-0.998,0.043,-0.04,0,0.685,0.728,0.059,0.727,-0.684],"_shiftlockState":false,"_pose":"FreeFall","_animationQueue":[],"_animationSpeed":1,"_zoom":16.125},{"_mousePosition":[1327,150],"_rootPartCFrame":[756.733,231.33,47.263,-0.14,0,0.99,0,1,0,-0.99,0,-0.14],"_humanoidState":5,"_cameraCFrame":[756.085,244.576,36.234,-0.998,0.043,-0.04,0,0.685,0.728,0.059,0.727,-0.684],"_shiftlockState":false,"_pose":"FreeFall","_animationQueue":[],"_animationSpeed":1,"_zoom":16.125},{"_mousePosition":[1321,225],"_rootPartCFrame":[756.467,231.927,47.278,-0.125,0,0.992,0,1,0,-0.992,0,-0.125],"_humanoidState":5,"_cameraCFrame":[755.819,245.173,36.25,-0.998,0.043,-0.04,0,0.685,0.728,0.059,0.727,-0.684],"_shiftlockState":false,"_pose":"FreeFall","_animationQueue":[],"_animationSpeed":1,"_zoom":16.125},{"_mousePosition":[1319,292],"_rootPartCFrame":[756.172,232.596,47.296,-0.121,0,0.993,0,1,0,-0.993,0,-0.121],"_humanoidState":5,"_cameraCFrame":[755.523,245.842,36.267,-0.998,0.043,-0.04,0,0.685,0.728,0.059,0.727,-0.684],"_shiftlockState":false,"_pose":"FreeFall","_animationQueue":[],"_animationSpeed":1,"_zoom":16.125},{"_mousePosition":[1318,333],"_rootPartCFrame":[755.98,233.07,47.307,-0.121,0,0.993,0,1,0,-0.993,0,-0.121],"_humanoidState":5,"_cameraCFrame":[755.331,246.316,36.279,-0.998,0.043,-0.04,0,0.685,0.728,0.059,0.727,-0.684],"_shiftlockState":false,"_pose":"FreeFall","_animationQueue":[],"_animationSpeed":1,"_zoom":16.125},{"_mousePosition":[1317,377],"_rootPartCFrame":[755.862,233.389,47.314,-0.121,0,0.993,0,1,0,-0.993,0,-0.121],"_humanoidState":5,"_cameraCFrame":[755.213,246.635,36.286,-0.998,0.043,-0.04,0,0.685,0.728,0.059,0.727,-0.684],"_shiftlockState":false,"_pose":"FreeFall","_animationQueue":[],"_animationSpeed":1,"_zoom":16.125},{"_mousePosition":[1316,411],"_rootPartCFrame":[755.766,233.678,47.32,-0.121,0,0.993,0,1,0,-0.993,0,-0.121],"_humanoidState":5,"_cameraCFrame":[755.118,246.924,36.291,-0.998,0.043,-0.04,0,0.685,0.728,0.059,0.727,-0.684],"_shiftlockState":false,"_pose":"FreeFall","_animationQueue":[],"_animationSpeed":1,"_zoom":16.125},{"_mousePosition":[1316,432],"_rootPartCFrame":[755.657,234.092,47.326,-0.121,0,0.993,0,1,0,-0.993,0,-0.121],"_humanoidState":5,"_cameraCFrame":[755.012,247.334,36.293,-0.998,0.043,-0.04,0,0.685,0.728,0.058,0.727,-0.684],"_shiftlockState":false,"_pose":"FreeFall","_animationQueue":[],"_animationSpeed":1,"_zoom":16.125},{"_mousePosition":[1316,432],"_rootPartCFrame":[755.628,234.406,47.339,-0.086,-0.005,0.996,-0.003,1,0.005,-0.996,-0.002,-0.086],"_humanoidState":5,"_cameraCFrame":[755.092,247.657,36.306,-0.999,0.035,-0.033,0,0.685,0.729,0.048,0.728,-0.684],"_shiftlockState":false,"_pose":"FreeFall","_animationQueue":[],"_animationSpeed":1,"_zoom":16.125},{"_mousePosition":[1316,432],"_rootPartCFrame":[755.603,234.593,47.354,-0.078,-0.002,0.997,-0.001,1,0.002,-0.997,-0.001,-0.078],"_humanoidState":5,"_cameraCFrame":[755.21,247.871,36.346,-0.999,0.026,-0.024,0,0.683,0.73,0.035,0.73,-0.683],"_shiftlockState":false,"_pose":"FreeFall","_animationQueue":[],"_animationSpeed":1,"_zoom":16.125},{"_mousePosition":[1316,432],"_rootPartCFrame":[755.586,234.694,47.371,-0.064,-0.006,0.998,-0.002,1,0.005,-0.998,-0.001,-0.064],"_humanoidState":5,"_cameraCFrame":[755.362,248.007,36.395,-1,0.014,-0.013,0,0.681,0.733,0.02,0.732,-0.681],"_shiftlockState":false,"_pose":"FreeFall","_animationQueue":[],"_animationSpeed":1,"_zoom":16.125},{"_mousePosition":[1316,432],"_rootPartCFrame":[755.563,234.779,47.397,-0.056,-0.004,0.998,-0.001,1,0.004,-0.998,-0.001,-0.056],"_humanoidState":5,"_cameraCFrame":[755.605,248.136,36.468,-1,-0.003,0.003,0,0.678,0.735,-0.004,0.735,-0.678],"_shiftlockState":false,"_pose":"FreeFall","_animationQueue":[["fall",0.3]],"_animationSpeed":1,"_zoom":16.125},{"_mousePosition":[683,384],"_rootPartCFrame":[755.479,234.808,47.426,-0.999,0,0.037,0,1,0.001,-0.037,0.001,-0.999],"_humanoidState":7,"_cameraCFrame":[754.133,248.259,36.545,-0.999,-0.028,0.025,0,0.671,0.741,-0.037,0.741,-0.671],"_shiftlockState":true,"_pose":"FreeFall","_animationQueue":[["walk",0.1],["fall",0.3],["fall",0.3]],"_animationSpeed":1,"_zoom":16.125},{"_mousePosition":[683,384],"_rootPartCFrame":[755.274,235.384,47.427,-0.999,0.001,0.039,0.001,1,0,-0.039,0,-0.999],"_humanoidState":7,"_cameraCFrame":[753.916,248.853,36.565,-0.999,-0.027,0.024,0,0.67,0.742,-0.036,0.742,-0.67],"_shiftlockState":true,"_pose":"FreeFall","_animationQueue":[],"_animationSpeed":1,"_zoom":16.125},{"_mousePosition":[683,384],"_rootPartCFrame":[755.009,235.937,47.417,-0.999,0,0.036,0,1,0,-0.036,0,-0.999],"_humanoidState":8,"_cameraCFrame":[753.638,249.441,36.595,-0.999,-0.026,0.023,0,0.668,0.744,-0.035,0.744,-0.667],"_shiftlockState":true,"_pose":"Running","_animationQueue":[["walk",0.1],["fall",0.3],["walk",0.1]],"_animationSpeed":1.059,"_zoom":16.125},{"_mousePosition":[683,384],"_rootPartCFrame":[754.676,236.342,47.405,-0.999,0,0.033,0,1,0,-0.033,0,-0.999],"_humanoidState":8,"_cameraCFrame":[753.282,249.868,36.611,-0.999,-0.025,0.022,0,0.666,0.746,-0.033,0.745,-0.666],"_shiftlockState":true,"_pose":"Running","_animationQueue":[],"_animationSpeed":1.059,"_zoom":16.125},{"_mousePosition":[683,384],"_rootPartCFrame":[754.343,236.531,47.394,-0.999,0,0.033,0,1,0,-0.033,0,-0.999],"_humanoidState":8,"_cameraCFrame":[752.949,250.057,36.6,-0.999,-0.025,0.022,0,0.666,0.746,-0.033,0.745,-0.666],"_shiftlockState":true,"_pose":"Running","_animationQueue":[["walk",0.1]],"_animationSpeed":1.059,"_zoom":16.125},{"_mousePosition":[683,384],"_rootPartCFrame":[754.143,236.595,47.387,-0.999,0,0.033,0,1,0,-0.033,0,-0.999],"_humanoidState":8,"_cameraCFrame":[752.749,250.121,36.593,-0.999,-0.025,0.022,0,0.666,0.746,-0.033,0.745,-0.666],"_shiftlockState":true,"_pose":"Running","_animationQueue":[],"_animationSpeed":1.059,"_zoom":16.125},{"_mousePosition":[683,384],"_rootPartCFrame":[753.876,236.643,47.378,-0.999,0,0.033,0,1,0,-0.033,0,-0.999],"_humanoidState":8,"_cameraCFrame":[752.482,250.169,36.584,-0.999,-0.025,0.022,0,0.666,0.746,-0.033,0.745,-0.666],"_shiftlockState":true,"_pose":"Running","_animationQueue":[],"_animationSpeed":1.059,"_zoom":16.125},{"_mousePosition":[683,384],"_rootPartCFrame":[753.61,236.669,47.37,-0.999,0,0.033,0,1,0,-0.033,0,-0.999],"_humanoidState":8,"_cameraCFrame":[752.215,250.195,36.576,-0.999,-0.025,0.022,0,0.666,0.746,-0.033,0.745,-0.666],"_shiftlockState":true,"_pose":"Running","_animationQueue":[],"_animationSpeed":1.059,"_zoom":16.125},{"_mousePosition":[683,384],"_rootPartCFrame":[753.343,236.683,47.361,-0.999,0,0.033,0,1,0,-0.033,0,-0.999],"_humanoidState":8,"_cameraCFrame":[751.949,250.209,36.567,-0.999,-0.025,0.022,0,0.666,0.746,-0.033,0.745,-0.666],"_shiftlockState":true,"_pose":"Running","_animationQueue":[],"_animationSpeed":1.059,"_zoom":16.125},{"_mousePosition":[683,384],"_rootPartCFrame":[753.077,236.691,47.352,-0.999,0,0.033,0,1,0,-0.033,0,-0.999],"_humanoidState":8,"_cameraCFrame":[751.682,250.216,36.558,-0.999,-0.025,0.022,0,0.666,0.746,-0.033,0.745,-0.666],"_shiftlockState":true,"_pose":"Running","_animationQueue":[],"_animationSpeed":1.059,"_zoom":16.125},{"_mousePosition":[683,384],"_rootPartCFrame":[752.81,236.695,47.343,-0.999,0,0.033,0,1,0,-0.033,0,-0.999],"_humanoidState":8,"_cameraCFrame":[751.416,250.221,36.549,-0.999,-0.025,0.022,0,0.666,0.746,-0.033,0.745,-0.666],"_shiftlockState":true,"_pose":"Running","_animationQueue":[],"_animationSpeed":1.059,"_zoom":16.125},{"_mousePosition":[683,384],"_rootPartCFrame":[752.543,236.697,47.334,-0.999,0,0.033,0,1,0,-0.033,0,-0.999],"_humanoidState":8,"_cameraCFrame":[751.149,250.223,36.54,-0.999,-0.025,0.022,0,0.666,0.746,-0.033,0.745,-0.666],"_shiftlockState":true,"_pose":"Running","_animationQueue":[["walk",0.1]],"_animationSpeed":1.059,"_zoom":16.125},{"_mousePosition":[683,384],"_rootPartCFrame":[752.21,236.698,47.323,-0.999,0,0.033,0,1,0,-0.033,0,-0.999],"_humanoidState":8,"_cameraCFrame":[750.816,250.224,36.529,-0.999,-0.025,0.022,0,0.666,0.746,-0.033,0.745,-0.666],"_shiftlockState":true,"_pose":"Running","_animationQueue":[],"_animationSpeed":1.059,"_zoom":16.125},{"_mousePosition":[683,384],"_rootPartCFrame":[752.01,236.699,47.317,-0.999,0,0.033,0,1,0,-0.033,0,-0.999],"_humanoidState":8,"_cameraCFrame":[750.616,250.225,36.523,-0.999,-0.025,0.022,0,0.666,0.746,-0.033,0.745,-0.666],"_shiftlockState":true,"_pose":"Running","_animationQueue":[],"_animationSpeed":1.059,"_zoom":16.125},{"_mousePosition":[683,384],"_rootPartCFrame":[751.744,236.699,47.308,-0.999,0,0.033,0,1,0,-0.033,0,-0.999],"_humanoidState":8,"_cameraCFrame":[750.349,250.225,36.514,-0.999,-0.025,0.022,0,0.666,0.746,-0.033,0.745,-0.666],"_shiftlockState":true,"_pose":"Running","_animationQueue":[],"_animationSpeed":1.059,"_zoom":16.125},{"_mousePosition":[683,384],"_rootPartCFrame":[751.277,236.7,47.293,-0.999,0,0.033,0,1,0,-0.033,0,-0.999],"_humanoidState":8,"_cameraCFrame":[749.883,250.225,36.499,-0.999,-0.025,0.022,0,0.666,0.746,-0.033,0.745,-0.666],"_shiftlockState":true,"_pose":"Running","_animationQueue":[],"_animationSpeed":1.059,"_zoom":16.125},{"_mousePosition":[683,384],"_rootPartCFrame":[750.944,236.7,47.282,-0.999,0,0.033,0,1,0,-0.033,0,-0.999],"_humanoidState":8,"_cameraCFrame":[749.549,250.226,36.488,-0.999,-0.025,0.022,0,0.666,0.746,-0.033,0.745,-0.666],"_shiftlockState":true,"_pose":"Running","_animationQueue":[],"_animationSpeed":1.059,"_zoom":16.125},{"_mousePosition":[683,384],"_rootPartCFrame":[750.877,236.7,47.279,-0.999,0,0.033,0,1,0,-0.033,0,-0.999],"_humanoidState":8,"_cameraCFrame":[749.483,250.226,36.485,-0.999,-0.025,0.022,0,0.666,0.746,-0.033,0.745,-0.666],"_shiftlockState":true,"_pose":"Running","_animationQueue":[["walk",0.1]],"_animationSpeed":1.059,"_zoom":16.125},{"_mousePosition":[683,384],"_rootPartCFrame":[750.677,236.7,47.273,-0.999,0,0.033,0,1,0,-0.033,0,-0.999],"_humanoidState":8,"_cameraCFrame":[749.283,250.226,36.479,-0.999,-0.025,0.022,0,0.666,0.746,-0.033,0.745,-0.666],"_shiftlockState":true,"_pose":"Running","_animationQueue":[],"_animationSpeed":1.059,"_zoom":16.125},{"_mousePosition":[683,384],"_rootPartCFrame":[750.411,236.7,47.264,-0.999,0,0.033,0,1,0,-0.033,0,-0.999],"_humanoidState":8,"_cameraCFrame":[749.016,250.226,36.47,-0.999,-0.025,0.022,0,0.666,0.746,-0.033,0.745,-0.666],"_shiftlockState":true,"_pose":"Running","_animationQueue":[],"_animationSpeed":1.059,"_zoom":16.125},{"_mousePosition":[683,384],"_rootPartCFrame":[750.077,236.7,47.253,-0.999,0,0.033,0,1,0,-0.033,0,-0.999],"_humanoidState":8,"_cameraCFrame":[748.683,250.226,36.459,-0.999,-0.025,0.022,0,0.666,0.746,-0.033,0.745,-0.666],"_shiftlockState":true,"_pose":"Running","_animationQueue":[],"_animationSpeed":1.059,"_zoom":16.125},{"_mousePosition":[683,384],"_rootPartCFrame":[749.811,236.7,47.244,-0.999,0,0.033,0,1,0,-0.033,0,-0.999],"_humanoidState":8,"_cameraCFrame":[748.417,250.226,36.45,-0.999,-0.025,0.022,0,0.666,0.746,-0.033,0.745,-0.666],"_shiftlockState":true,"_pose":"Running","_animationQueue":[],"_animationSpeed":1.059,"_zoom":16.125},{"_mousePosition":[683,384],"_rootPartCFrame":[749.544,236.7,47.235,-0.999,0,0.033,0,1,0,-0.033,0,-0.999],"_humanoidState":8,"_cameraCFrame":[748.15,250.226,36.441,-0.999,-0.025,0.022,0,0.666,0.746,-0.033,0.745,-0.666],"_shiftlockState":true,"_pose":"Running","_animationQueue":[],"_animationSpeed":1.059,"_zoom":16.125},{"_mousePosition":[683,384],"_rootPartCFrame":[749.278,236.7,47.227,-0.999,0,0.033,0,1,0,-0.033,0,-0.999],"_humanoidState":8,"_cameraCFrame":[747.884,250.226,36.433,-0.999,-0.025,0.022,0,0.666,0.746,-0.033,0.745,-0.666],"_shiftlockState":true,"_pose":"Running","_animationQueue":[],"_animationSpeed":1.059,"_zoom":16.125},{"_mousePosition":[683,384],"_rootPartCFrame":[749.011,236.7,47.218,-0.999,0,0.033,0,1,0,-0.033,0,-0.999],"_humanoidState":8,"_cameraCFrame":[747.617,250.226,36.424,-0.999,-0.025,0.022,0,0.666,0.746,-0.033,0.745,-0.666],"_shiftlockState":true,"_pose":"Running","_animationQueue":[["walk",0.1]],"_animationSpeed":1.059,"_zoom":16.125},{"_mousePosition":[683,384],"_rootPartCFrame":[748.745,236.7,47.209,-0.999,0,0.033,0,1,0,-0.033,0,-0.999],"_humanoidState":8,"_cameraCFrame":[747.351,250.226,36.415,-0.999,-0.025,0.022,0,0.666,0.746,-0.033,0.745,-0.666],"_shiftlockState":true,"_pose":"Running","_animationQueue":[],"_animationSpeed":1.059,"_zoom":16.125},{"_mousePosition":[683,384],"_rootPartCFrame":[748.479,236.7,47.2,-0.999,0,0.033,0,1,0,-0.033,0,-0.999],"_humanoidState":8,"_cameraCFrame":[747.084,250.226,36.406,-0.999,-0.025,0.022,0,0.666,0.746,-0.033,0.745,-0.666],"_shiftlockState":true,"_pose":"Running","_animationQueue":[],"_animationSpeed":1.059,"_zoom":16.125},{"_mousePosition":[683,384],"_rootPartCFrame":[748.212,236.7,47.191,-0.999,0,0.033,0,1,0,-0.033,0,-0.999],"_humanoidState":8,"_cameraCFrame":[746.818,250.226,36.397,-0.999,-0.025,0.022,0,0.666,0.746,-0.033,0.745,-0.666],"_shiftlockState":true,"_pose":"Running","_animationQueue":[],"_animationSpeed":1.059,"_zoom":16.125},{"_mousePosition":[683,384],"_rootPartCFrame":[747.946,236.7,47.183,-0.999,0,0.033,0,1,0,-0.033,0,-0.999],"_humanoidState":8,"_cameraCFrame":[746.551,250.226,36.389,-0.999,-0.025,0.022,0,0.666,0.746,-0.033,0.745,-0.666],"_shiftlockState":true,"_pose":"Running","_animationQueue":[],"_animationSpeed":1.059,"_zoom":16.125},{"_mousePosition":[683,384],"_rootPartCFrame":[747.679,236.7,47.174,-0.999,0,0.033,0,1,0,-0.033,0,-0.999],"_humanoidState":8,"_cameraCFrame":[746.285,250.226,36.38,-0.999,-0.025,0.022,0,0.666,0.746,-0.033,0.745,-0.666],"_shiftlockState":true,"_pose":"Running","_animationQueue":[],"_animationSpeed":1.059,"_zoom":16.125},{"_mousePosition":[683,384],"_rootPartCFrame":[747.413,236.7,47.165,-0.999,0,0.033,0,1,0,-0.033,0,-0.999],"_humanoidState":8,"_cameraCFrame":[746.018,250.226,36.371,-0.999,-0.025,0.022,0,0.666,0.746,-0.033,0.745,-0.666],"_shiftlockState":true,"_pose":"Running","_animationQueue":[["walk",0.1]],"_animationSpeed":1.059,"_zoom":16.125},{"_mousePosition":[683,384],"_rootPartCFrame":[747.146,236.7,47.156,-0.999,0,0.033,0,1,0,-0.033,0,-0.999],"_humanoidState":8,"_cameraCFrame":[745.752,250.226,36.362,-0.999,-0.025,0.022,0,0.666,0.746,-0.033,0.745,-0.666],"_shiftlockState":true,"_pose":"Running","_animationQueue":[],"_animationSpeed":1.059,"_zoom":16.125},{"_mousePosition":[683,384],"_rootPartCFrame":[746.946,236.679,47.15,-0.999,0,0.033,0,1,0,-0.033,0,-0.999],"_humanoidState":8,"_cameraCFrame":[747.301,250.205,36.413,-0.999,-0.025,0.022,0,0.666,0.746,-0.033,0.745,-0.666],"_shiftlockState":false,"_pose":"Running","_animationQueue":[],"_animationSpeed":1.059,"_zoom":16.125},{"_mousePosition":[683,384],"_rootPartCFrame":[746.68,236.604,47.141,-0.999,0,0.033,0,1,0,-0.033,0,-0.999],"_humanoidState":8,"_cameraCFrame":[747.034,250.13,36.404,-0.999,-0.025,0.022,0,0.666,0.746,-0.033,0.745,-0.666],"_shiftlockState":false,"_pose":"Running","_animationQueue":[],"_animationSpeed":1.059,"_zoom":16.125},{"_mousePosition":[683,384],"_rootPartCFrame":[746.346,236.434,47.13,-0.999,0,0.033,0,1,0,-0.033,0,-0.999],"_humanoidState":8,"_cameraCFrame":[746.701,249.96,36.393,-0.999,-0.025,0.022,0,0.666,0.746,-0.033,0.745,-0.666],"_shiftlockState":false,"_pose":"Running","_animationQueue":[],"_animationSpeed":1.059,"_zoom":16.125},{"_mousePosition":[683,384],"_rootPartCFrame":[746.146,236.291,47.123,-0.999,0,0.033,0,1,0,-0.033,0,-0.999],"_humanoidState":8,"_cameraCFrame":[746.501,249.817,36.387,-0.999,-0.025,0.022,0,0.666,0.746,-0.033,0.745,-0.666],"_shiftlockState":false,"_pose":"Running","_animationQueue":[],"_animationSpeed":1.059,"_zoom":16.125},{"_mousePosition":[683,384],"_rootPartCFrame":[745.813,237.361,47.112,-0.999,0,0.033,0,1,0,-0.033,0,-0.999],"_humanoidState":3,"_cameraCFrame":[746.168,250.887,36.376,-0.999,-0.025,0.022,0,0.666,0.746,-0.033,0.745,-0.666],"_shiftlockState":false,"_pose":"Jumping","_animationQueue":[["walk",0.1],["walk",0.1],["jump",0.1]],"_animationSpeed":1,"_zoom":16.125},{"_mousePosition":[683,384],"_rootPartCFrame":[745.613,237.962,47.106,-0.995,0,0.095,0,1,0,-0.095,0,-0.995],"_humanoidState":5,"_cameraCFrame":[745.968,251.488,36.369,-0.999,-0.025,0.022,0,0.666,0.746,-0.033,0.745,-0.666],"_shiftlockState":false,"_pose":"FreeFall","_animationQueue":[["jump",0.1]],"_animationSpeed":1,"_zoom":16.125},{"_mousePosition":[683,384],"_rootPartCFrame":[745.347,238.716,47.097,-0.976,0,0.219,0,1,0,-0.219,0,-0.976],"_humanoidState":5,"_cameraCFrame":[745.701,252.242,36.36,-0.999,-0.025,0.022,0,0.666,0.746,-0.033,0.745,-0.666],"_shiftlockState":false,"_pose":"FreeFall","_animationQueue":[],"_animationSpeed":1,"_zoom":16.125},{"_mousePosition":[683,384],"_rootPartCFrame":[745.08,239.415,47.088,-0.938,0,0.346,0,1,0,-0.346,0,-0.938],"_humanoidState":5,"_cameraCFrame":[745.435,252.941,36.352,-0.999,-0.025,0.022,0,0.666,0.746,-0.033,0.745,-0.666],"_shiftlockState":false,"_pose":"FreeFall","_animationQueue":[],"_animationSpeed":1,"_zoom":16.125},{"_mousePosition":[683,384],"_rootPartCFrame":[744.813,240.06,47.079,-0.884,0,0.467,0,1,0,-0.467,0,-0.884],"_humanoidState":5,"_cameraCFrame":[745.122,253.621,36.38,-1,-0.022,0.019,0,0.664,0.748,-0.029,0.748,-0.663],"_shiftlockState":false,"_pose":"FreeFall","_animationQueue":[],"_animationSpeed":1,"_zoom":16.125},{"_mousePosition":[683,384],"_rootPartCFrame":[744.48,240.79,47.068,-0.794,0,0.607,0,1,0,-0.607,0,-0.794],"_humanoidState":5,"_cameraCFrame":[744.697,254.436,36.465,-1,-0.015,0.013,0,0.658,0.753,-0.02,0.753,-0.658],"_shiftlockState":false,"_pose":"FreeFall","_animationQueue":[],"_animationSpeed":1,"_zoom":16.125},{"_mousePosition":[683,384],"_rootPartCFrame":[744.214,241.312,47.06,-0.71,0,0.704,0,1,0,-0.704,0,-0.71],"_humanoidState":5,"_cameraCFrame":[744.374,255.018,36.525,-1,-0.012,0.01,0,0.653,0.757,-0.015,0.757,-0.653],"_shiftlockState":false,"_pose":"FreeFall","_animationQueue":[],"_animationSpeed":1,"_zoom":16.125},{"_mousePosition":[683,384],"_rootPartCFrame":[744.014,241.668,47.056,-0.647,0,0.763,0,1,0,-0.763,0,-0.647],"_humanoidState":5,"_cam