[{"_mousePosition":[1071,366],"_rootPartCFrame":[776.025,222.951,47.142,0.001,0.002,1,0,1,-0.002,-1,0,0.001],"_humanoidState":8,"_cameraCFrame":[777.245,238.238,42.884,-0.962,-0.262,0.084,0,0.306,0.952,-0.275,0.915,-0.294],"_shiftlockState":false,"_pose":"Standing","_animationQueue":[],"_animationSpeed":1,"_zoom":14.481},{"_mousePosition":[1063,369],"_rootPartCFrame":[775.788,222.832,47.074,0.04,0,0.999,0,1,0,-0.999,0,0.04],"_humanoidState":8,"_cameraCFrame":[777.005,238.12,42.816,-0.962,-0.262,0.084,0,0.306,0.952,-0.275,0.915,-0.294],"_shiftlockState":false,"_pose":"Standing","_animationQueue":[],"_animationSpeed":1,"_zoom":14.481},{"_mousePosition":[1054,372],"_rootPartCFrame":[775.532,222.672,47.001,0.072,0,0.997,0,1,0,-0.997,0,0.072],"_humanoidState":8,"_cameraCFrame":[776.748,237.96,42.743,-0.962,-0.262,0.084,0,0.306,0.952,-0.275,0.915,-0.294],"_shiftlockState":false,"_pose":"Running","_animationQueue":[["walk",0.1]],"_animationSpeed":1.066,"_zoom":14.481},{"_mousePosition":[1046,376],"_rootPartCFrame":[775.276,222.653,46.928,0.1,0,0.995,0,1,0,-0.995,0,0.1],"_humanoidState":8,"_cameraCFrame":[776.492,237.94,42.67,-0.962,-0.262,0.084,0,0.306,0.952,-0.275,0.915,-0.294],"_shiftlockState":false,"_pose":"Running","_animationQueue":[],"_animationSpeed":1.066,"_zoom":14.481},{"_mousePosition":[1034,383],"_rootPartCFrame":[775.019,222.669,46.855,0.124,0,0.992,0,1,0,-0.992,0,0.124],"_humanoidState":8,"_cameraCFrame":[776.236,237.957,42.597,-0.962,-0.262,0.084,0,0.306,0.952,-0.275,0.915,-0.294],"_shiftlockState":false,"_pose":"Running","_animationQueue":[["walk",0.1]],"_animationSpeed":1.066,"_zoom":14.481},{"_mousePosition":[1023,390],"_rootPartCFrame":[774.763,222.683,46.781,0.144,0,0.99,0,1,0,-0.99,0,0.144],"_humanoidState":8,"_cameraCFrame":[775.979,237.97,42.524,-0.962,-0.262,0.084,0,0.306,0.952,-0.275,0.915,-0.294],"_shiftlockState":false,"_pose":"Running","_animationQueue":[],"_animationSpeed":1.066,"_zoom":14.481},{"_mousePosition":[1011,397],"_rootPartCFrame":[774.507,222.69,46.708,0.162,0,0.987,0,1,0,-0.987,0,0.162],"_humanoidState":8,"_cameraCFrame":[774.04,237.978,41.97,-0.962,-0.262,0.084,0,0.306,0.952,-0.275,0.915,-0.294],"_shiftlockState":true,"_pose":"Running","_animationQueue":[],"_animationSpeed":1.066,"_zoom":14.481},{"_mousePosition":[683,352.5],"_rootPartCFrame":[774.25,222.695,46.635,-0.982,0,0.191,0,1,0,-0.191,0,-0.982],"_humanoidState":8,"_cameraCFrame":[773.784,237.982,41.896,-0.962,-0.262,0.084,0,0.306,0.952,-0.275,0.915,-0.294],"_shiftlockState":true,"_pose":"Running","_animationQueue":[],"_animationSpeed":1.066,"_zoom":14.481},{"_mousePosition":[683,352.5],"_rootPartCFrame":[773.994,222.697,46.562,-0.969,0,0.247,0,1,0,-0.247,0,-0.969],"_humanoidState":8,"_cameraCFrame":[773.409,238.027,41.961,-0.966,-0.246,0.076,0,0.297,0.955,-0.258,0.923,-0.287],"_shiftlockState":true,"_pose":"Running","_animationQueue":[],"_animationSpeed":1.066,"_zoom":14.481},{"_mousePosition":[683,352.5],"_rootPartCFrame":[773.737,222.698,46.488,-0.967,0,0.254,0,1,0,-0.254,0,-0.967],"_humanoidState":8,"_cameraCFrame":[773.021,238.079,42.063,-0.971,-0.228,0.068,0,0.285,0.959,-0.238,0.931,-0.277],"_shiftlockState":true,"_pose":"Running","_animationQueue":[],"_animationSpeed":1.066,"_zoom":14.481},{"_mousePosition":[683,352.5],"_rootPartCFrame":[773.48,222.699,46.419,-0.971,0,0.238,0,1,0,-0.238,0,-0.971],"_humanoidState":8,"_cameraCFrame":[772.637,238.131,42.184,-0.976,-0.211,0.06,0,0.273,0.962,-0.219,0.939,-0.266],"_shiftlockState":true,"_pose":"Running","_animationQueue":[["walk",0.1]],"_animationSpeed":1.066,"_zoom":14.481},{"_mousePosition":[683,352.5],"_rootPartCFrame":[773.221,222.699,46.355,-0.976,0,0.219,0,1,0,-0.219,0,-0.976],"_humanoidState":8,"_cameraCFrame":[772.23,238.191,42.352,-0.981,-0.188,0.05,0,0.258,0.966,-0.194,0.948,-0.253],"_shiftlockState":true,"_pose":"Running","_animationQueue":[],"_animationSpeed":1.066,"_zoom":14.481},{"_mousePosition":[683,352.5],"_rootPartCFrame":[772.961,222.699,46.296,-0.981,0,0.194,0,1,0,-0.194,0,-0.981],"_humanoidState":8,"_cameraCFrame":[771.814,238.246,42.537,-0.986,-0.16,0.04,0,0.243,0.97,-0.164,0.957,-0.24],"_shiftlockState":true,"_pose":"Running","_animationQueue":[],"_animationSpeed":1.066,"_zoom":14.481},{"_mousePosition":[683,352.5],"_rootPartCFrame":[772.7,222.7,46.243,-0.986,0,0.164,0,1,0,-0.164,0,-0.986],"_humanoidState":8,"_cameraCFrame":[771.409,238.293,42.713,-0.991,-0.13,0.031,0,0.23,0.973,-0.133,0.965,-0.228],"_shiftlockState":true,"_pose":"Running","_animationQueue":[],"_animationSpeed":1.066,"_zoom":14.481},{"_mousePosition":[683,352.5],"_rootPartCFrame":[772.437,222.7,46.198,-0.991,0,0.133,0,1,0,-0.133,0,-0.991],"_humanoidState":8,"_cameraCFrame":[771.013,238.338,42.904,-0.995,-0.099,0.022,0,0.216,0.976,-0.101,0.971,-0.215],"_shiftlockState":true,"_pose":"Running","_animationQueue":[],"_animationSpeed":1.066,"_zoom":14.481},{"_mousePosition":[683,352.5],"_rootPartCFrame":[772.173,222.7,46.161,-0.995,0,0.101,0,1,0,-0.101,0,-0.995],"_humanoidState":8,"_cameraCFrame":[770.647,238.375,43.078,-0.997,-0.072,0.015,0,0.204,0.979,-0.074,0.976,-0.204],"_shiftlockState":true,"_pose":"Running","_animationQueue":[],"_animationSpeed":1.066,"_zoom":14.481},{"_mousePosition":[683,352.5],"_rootPartCFrame":[771.909,223.573,46.125,-0.997,0,0.074,0,1,0,-0.074,0,-0.997],"_humanoidState":3,"_cameraCFrame":[770.317,239.276,43.209,-0.998,-0.054,0.011,0,0.195,0.981,-0.055,0.979,-0.195],"_shiftlockState":true,"_pose":"Jumping","_animationQueue":[["walk",0.1],["walk",0.1],["jump",0.1]],"_animationSpeed":1,"_zoom":14.481},{"_mousePosition":[683,352.5],"_rootPartCFrame":[771.643,224.395,46.103,-0.989,0,0.147,0,1,0,-0.147,0,-0.989],"_humanoidState":5,"_cameraCFrame":[770.015,240.113,43.285,-0.999,-0.043,0.008,0,0.189,0.982,-0.044,0.981,-0.189],"_shiftlockState":true,"_pose":"FreeFall","_animationQueue":[["jump",0.1]],"_animationSpeed":1,"_zoom":14.481},{"_mousePosition":[683,352.5],"_rootPartCFrame":[771.377,225.162,46.087,-0.985,0,0.171,0,1,0,-0.171,0,-0.985],"_humanoidState":5,"_cameraCFrame":[769.731,240.892,43.336,-0.999,-0.038,0.007,0,0.186,0.983,-0.038,0.982,-0.185],"_shiftlockState":true,"_pose":"FreeFall","_animationQueue":[],"_animationSpeed":1,"_zoom":14.481},{"_mousePosition":[683,352.5],"_rootPartCFrame":[771.11,225.875,46.075,-0.985,0,0.17,0,1,0,-0.17,0,-0.985],"_humanoidState":5,"_cameraCFrame":[769.459,241.607,43.338,-0.999,-0.036,0.007,0,0.185,0.983,-0.036,0.982,-0.185],"_shiftlockState":true,"_pose":"FreeFall","_animationQueue":[],"_animationSpeed":1,"_zoom":14.481},{"_mousePosition":[683,352.5],"_rootPartCFrame":[770.844,226.534,46.065,-0.986,0,0.169,0,1,0,-0.169,0,-0.986],"_humanoidState":5,"_cameraCFrame":[769.192,242.268,43.339,-0.999,-0.036,0.007,0,0.184,0.983,-0.036,0.982,-0.184],"_shiftlockState":true,"_pose":"FreeFall","_animationQueue":[],"_animationSpeed":1,"_zoom":14.481},{"_mousePosition":[683,352.5],"_rootPartCFrame":[770.577,227.138,46.055,-0.986,0,0.169,0,1,0,-0.169,0,-0.986],"_humanoidState":5,"_cameraCFrame":[768.919,242.634,43.423,-0.999,-0.035,0.006,0,0.181,0.984,-0.035,0.983,-0.181],"_shiftlockState":true,"_pose":"FreeFall","_animationQueue":[],"_animationSpeed":1,"_zoom":11.185},{"_mousePosition":[683,352.5],"_rootPartCFrame":[770.311,227.687,46.045,-0.986,0,0.168,0,1,0,-0.168,0,-0.986],"_humanoidState":5,"_cameraCFrame":[768.645,242.663,43.566,-0.999,-0.034,0.006,0,0.177,0.984,-0.034,0.984,-0.177],"_shiftlockState":true,"_pose":"FreeFall","_animationQueue":[],"_animationSpeed":1,"_zoom":11.185},{"_mousePosition":[683,352.5],"_rootPartCFrame":[770.044,228.182,46.036,-0.986,0,0.167,0,1,0,-0.167,0,-0.986],"_humanoidState":5,"_cameraCFrame":[768.375,242.63,43.662,-0.999,-0.034,0.006,0,0.176,0.984,-0.034,0.984,-0.176],"_shiftlockState":true,"_pose":"FreeFall","_animationQueue":[],"_animationSpeed":1,"_zoom":11.185},{"_mousePosition":[683,352.5],"_rootPartCFrame":[769.778,228.623,46.027,-0.986,0,0.167,0,1,0,-0.167,0,-0.986],"_humanoidState":5,"_cameraCFrame":[768.107,242.548,43.755,-0.999,-0.035,0.006,0,0.175,0.985,-0.035,0.984,-0.175],"_shiftlockState":true,"_pose":"FreeFall","_animationQueue":[],"_animationSpeed":1,"_zoom":11.185},{"_mousePosition":[683,352.5],"_rootPartCFrame":[769.511,229.009,46.018,-0.986,0,0.168,0,1,0,-0.168,0,-0.986],"_humanoidState":5,"_cameraCFrame":[767.84,242.562,43.82,-0.999,-0.036,0.006,0,0.174,0.985,-0.036,0.984,-0.174],"_shiftlockState":true,"_pose":"FreeFall","_animationQueue":[],"_animationSpeed":1,"_zoom":11.185},{"_mousePosition":[683,352.5],"_rootPartCFrame":[769.244,229.34,46.008,-0.986,0,0.169,0,1,0,-0.169,0,-0.986],"_humanoidState":5,"_cameraCFrame":[767.58,242.622,43.862,-0.999,-0.04,0.007,0,0.174,0.985,-0.041,0.984,-0.174],"_shiftlockState":true,"_pose":"FreeFall","_animationQueue":[],"_animationSpeed":1,"_zoom":11.185},{"_mousePosition":[683,352.5],"_rootPartCFrame":[768.978,229.617,45.999,-0.985,0,0.173,0,1,0,-0.173,0,-0.985],"_humanoidState":5,"_cameraCFrame":[767.323,242.655,43.886,-0.999,-0.045,0.008,0,0.174,0.985,-0.046,0.984,-0.173],"_shiftlockState":true,"_pose":"FreeFall","_animationQueue":[],"_animationSpeed":1,"_zoom":11.185},{"_mousePosition":[683,352.5],"_rootPartCFrame":[768.711,229.84,45.988,-0.984,0,0.178,0,1,0,-0.178,0,-0.984],"_humanoidState":5,"_cameraCFrame":[767.066,242.723,43.894,-0.999,-0.05,0.009,0,0.174,0.985,-0.051,0.984,-0.173],"_shiftlockState":true,"_pose":"FreeFall","_animationQueue":[],"_animationSpeed":1,"_zoom":11.185},{"_mousePosition":[683,352.5],"_rootPartCFrame":[768.445,230.008,45.976,-0.983,0,0.183,0,1,0,-0.183,0,-0.983],"_humanoidState":5,"_cameraCFrame":[766.814,242.773,43.891,-0.998,-0.057,0.01,0,0.174,0.985,-0.058,0.983,-0.173],"_shiftlockState":true,"_pose":"FreeFall","_animationQueue":[],"_animationSpeed":1,"_zoom":11.185},{"_mousePosition":[683,352.5],"_rootPartCFrame":[768.179,230.122,45.962,-0.982,0,0.19,0,1,0,-0.19,0,-0.982],"_humanoidState":5,"_cameraCFrame":[766.569,242.81,43.874,-0.998,-0.068,0.012,0,0.174,0.985,-0.069,0.982,-0.173],"_shiftlockState":true,"_pose":"FreeFall","_animationQueue":[],"_animationSpeed":1,"_zoom":11.185},{"_mousePosition":[683,352.5],"_rootPartCFrame":[767.913,230.181,45.947,-0.98,0,0.201,0,1,0,-0.201,0,-0.98],"_humanoidState":5,"_cameraCFrame":[766.335,242.807,43.845,-0.996,-0.083,0.015,0,0.174,0.985,-0.084,0.981,-0.173],"_shiftlockState":true,"_pose":"FreeFall","_animationQueue":[],"_animationSpeed":1,"_zoom":11.185},{"_mousePosition":[683,352.5],"_rootPartCFrame":[767.646,230.185,45.929,-0.976,0,0.216,0,1,0,-0.216,0,-0.976],"_humanoidState":5,"_cameraCFrame":[766.097,242.772,43.812,-0.995,-0.097,0.017,0,0.174,0.985,-0.098,0.98,-0.173],"_shiftlockState":true,"_pose":"FreeFall","_animationQueue":[],"_animationSpeed":1,"_zoom":11.185},{"_mousePosition":[683,352.5],"_rootPartCFrame":[767.381,230.135,45.907,-0.973,0,0.229,0,1,0,-0.229,0,-0.973],"_humanoidState":5,"_cameraCFrame":[765.855,242.701,43.776,-0.994,-0.108,0.019,0,0.174,0.985,-0.109,0.979,-0.173],"_shiftlockState":true,"_pose":"FreeFall","_animationQueue":[],"_animationSpeed":1,"_zoom":11.185},{"_mousePosition":[683,352.5],"_rootPartCFrame":[767.115,230.031,45.882,-0.971,0,0.241,0,1,0,-0.241,0,-0.971],"_humanoidState":5,"_cameraCFrame":[765.625,242.578,43.729,-0.992,-0.124,0.022,0,0.174,0.985,-0.126,0.977,-0.172],"_shiftlockState":true,"_pose":"FreeFall","_animationQueue":[],"_animationSpeed":1,"_zoom":11.185},{"_mousePosition":[683,352.5],"_rootPartCFrame":[766.85,229.872,45.853,-0.966,0,0.257,0,1,0,-0.257,0,-0.966],"_humanoidState":5,"_cameraCFrame":[765.414,242.409,43.665,-0.989,-0.149,0.026,0,0.174,0.985,-0.151,0.974,-0.172],"_shiftlockState":true,"_pose":"FreeFall","_animationQueue":[],"_animationSpeed":1,"_zoom":11.185},{"_mousePosition":[683,352.5],"_rootPartCFrame":[766.586,229.658,45.82,-0.96,0,0.281,0,1,0,-0.281,0,-0.96],"_humanoidState":5,"_cameraCFrame":[765.237,242.187,43.578,-0.982,-0.187,0.033,0,0.174,0.985,-0.19,0.967,-0.17],"_shiftlockState":true,"_pose":"FreeFall","_animationQueue":[],"_animationSpeed":1,"_zoom":11.185},{"_mousePosition":[683,352.5],"_rootPartCFrame":[766.322,229.39,45.781,-0.948,0,0.319,0,1,0,-0.319,0,-0.948],"_humanoidState":5,"_cameraCFrame":[765.088,241.915,43.475,-0.971,-0.236,0.042,0,0.174,0.985,-0.239,0.956,-0.169],"_shiftlockState":true,"_pose":"FreeFall","_animationQueue":[["fall",0.3]],"_animationSpeed":1,"_zoom":11.185},{"_mousePosition":[683,352.5],"_rootPartCFrame":[766.17,229.09,45.743,-0.942,0,0.337,-0.002,1,-0.004,-0.337,-0.005,-0.942],"_humanoidState":5,"_cameraCFrame":[765.114,241.61,43.337,-0.95,-0.306,0.054,0,0.174,0.985,-0.311,0.936,-0.166],"_shiftlockState":true,"_pose":"FreeFall","_animationQueue":[],"_animationSpeed":1,"_zoom":11.185},{"_mousePosition":[683,352.5],"_rootPartCFrame":[766.287,228.804,45.738,-0.917,0,0.399,-0.003,1,-0.006,-0.399,-0.007,-0.917],"_humanoidState":5,"_cameraCFrame":[765.501,241.32,43.22,-0.911,-0.406,0.072,0,0.175,0.985,-0.412,0.897,-0.16],"_shiftlockState":true,"_pose":"FreeFall","_animationQueue":[],"_animationSpeed":1,"_zoom":11.185},{"_mousePosition":[683,352.5],"_rootPartCFrame":[766.365,228.464,45.727,-0.851,0,0.526,-0.001,1,-0.002,-0.526,-0.003,-0.851],"_humanoidState":5,"_cameraCFrame":[765.9,240.98,43.143,-0.851,-0.517,0.092,0,0.174,0.985,-0.525,0.838,-0.148],"_shiftlockState":true,"_pose":"FreeFall","_animationQueue":[],"_animationSpeed":1,"_zoom":11.185},{"_mousePosition":[683,352.5],"_rootPartCFrame":[766.404,228.068,45.705,-0.774,0,0.633,0,1,0,-0.633,-0.001,-0.774],"_humanoidState":5,"_cameraCFrame":[766.405,240.585,43.09,-0.743,-0.66,0.116,0,0.174,0.985,-0.67,0.731,-0.129],"_shiftlockState":true,"_pose":"FreeFall","_animationQueue":[],"_animationSpeed":1,"_zoom":11.185},{"_mousePosition":[683,352.5],"_rootPartCFrame":[766.407,227.619,45.668,-0.647,0,0.762,0,1,0,-0.762,0,-0.647],"_humanoidState":5,"_cameraCFrame":[766.771,240.135,43.079,-0.642,-0.755,0.133,0,0.174,0.985,-0.766,0.633,-0.112],"_shiftlockState":true,"_pose":"FreeFall","_animationQueue":[],"_animationSpeed":1,"_zoom":11.185},{"_mousePosition":[683,352.5],"_rootPartCFrame":[766.292,227.115,45.55,-0.61,0,0.792,0,1,0,-0.792,0,-0.61],"_humanoidState":7,"_cameraCFrame":[766.888,239.63,43.005,-0.571,-0.809,0.143,0,0.174,0.985,-0.821,0.562,-0.099],"_shiftlockState":true,"_pose":"FreeFall","_animationQueue":[["walk",0.1],["fall",0.3],["fall",0.3]],"_animationSpeed":1,"_zoom":11.185},{"_mousePosition":[683,352.5],"_rootPartCFrame":[766.12,226.624,45.352,-0.567,0,0.824,0,1,0,-0.824,0,-0.567],"_humanoidState":7,"_cameraCFrame":[766.859,239.14,42.844,-0.524,-0.839,0.148,0,0.174,0.985,-0.852,0.516,-0.091],"_shiftlockState":true,"_pose":"FreeFall","_animationQueue":[["fall",0.3]],"_animationSpeed":1,"_zoom":11.185},{"_mousePosition":[683,352.5],"_rootPartCFrame":[765.927,226.612,45.08,-0.523,0,0.852,0,1,0,-0.852,0,-0.523],"_humanoidState":8,"_cameraCFrame":[766.695,239.127,42.581,-0.514,-0.845,0.149,0,0.174,0.985,-0.858,0.506,-0.089],"_shiftlockState":true,"_pose":"Running","_animationQueue":[["walk",0.1],["fall",0.3],["walk",0.1]],"_animationSpeed":1.101,"_zoom":11.185},{"_mousePosition":[683,352.5],"_rootPartCFrame":[765.786,226.647,44.854,-0.514,0,0.858,0,1,0,-0.858,0,-0.514],"_humanoidState":8,"_cameraCFrame":[766.495,239.16,42.331,-0.536,-0.831,0.147,0,0.174,0.985,-0.844,0.528,-0.094],"_shiftlockState":true,"_pose":"Running","_animationQueue":[],"_animationSpeed":1.101,"_zoom":11.185},{"_mousePosition":[683,352.5],"_rootPartCFrame":[765.648,226.67,44.626,-0.536,0,0.844,0,1,0,-0.844,0,-0.536],"_humanoidState":8,"_cameraCFrame":[766.256,239.172,42.028,-0.585,-0.797,0.146,0,0.18,0.984,-0.811,0.576,-0.105],"_shiftlockState":true,"_pose":"Running","_animationQueue":[],"_animationSpeed":1.101,"_zoom":11.185},{"_mousePosition":[683,352.5],"_rootPartCFrame":[765.512,227.543,44.397,-0.585,0,0.811,0,1,0,-0.811,0,-0.585],"_humanoidState":3,"_cameraCFrame":[765.955,240.034,41.719,-0.649,-0.748,0.141,0,0.186,0.983,-0.761,0.638,-0.12],"_shiftlockState":true,"_pose":"Jumping","_animationQueue":[["walk",0.1],["jump",0.1]],"_animationSpeed":1,"_zoom":11.185},{"_mousePosition":[683,352.5],"_rootPartCFrame":[765.36,228.365,44.178,-0.576,0,0.817,0,1,0,-0.817,0,-0.576],"_humanoidState":5,"_cameraCFrame":[765.614,240.839,41.407,-0.717,-0.684,0.135,0,0.193,0.981,-0.697,0.703,-0.139],"_shiftlockState":true,"_pose":"FreeFall","_animationQueue":[["jump",0.1]],"_animationSpeed":1,"_zoom":11.185},{"_mousePosition":[683,352.5],"_rootPartCFrame":[765.19,229.133,43.972,-0.622,0,0.783,0,1,0,-0.783,0,-0.622],"_humanoidState":5,"_cameraCFrame":[765.233,241.592,41.134,-0.778,-0.616,0.126,0,0.2,0.98,-0.628,0.762,-0.155],"_shiftlockState":true,"_pose":"FreeFall","_animationQueue":[],"_animationSpeed":1,"_zoom":11.185},{"_mousePosition":[683,352.5],"_rootPartCFrame":[765.004,229.846,43.782,-0.688,0,0.726,0,1,0,-0.726,0,-0.688],"_humanoidState":5,"_cameraCFrame":[764.815,242.296,40.915,-0.831,-0.544,0.113,0,0.204,0.979,-0.556,0.814,-0.169],"_shiftlockState":true,"_pose":"FreeFall","_animationQueue":[],"_animationSpeed":1,"_zoom":11.185},{"_mousePosition":[683,352.5],"_rootPartCFrame":[764.8,230.504,43.61,-0.75,0,0.661,0,1,0,-0.661,0,-0.75],"_humanoidState":5,"_cameraCFrame":[764.431,242.952,40.754,-0.866,-0.49,0.102,0,0.205,0.979,-0.501,0.847,-0.177],"_shiftlockState":true,"_pose":"FreeFall","_animationQueue":[],"_animationSpeed":1,"_zoom":11.185},{"_mousePosition":[683,352.5],"_rootPartCFrame":[764.582,231.108,43.457,-0.791,0,0.611,0,1,0,-0.611,0,-0.791],"_humanoidState":5,"_cameraCFrame":[764.028,243.562,40.652,-0.894,-0.438,0.09,0,0.202,0.979,-0.447,0.876,-0.181],"_shiftlockState":true,"_pose":"FreeFall","_animationQueue":[],"_animationSpeed":1,"_zoom":11.185},{"_mousePosition":[683,352.5],"_rootPartCFrame":[764.353,231.658,43.321,-0.827,0,0.562,0,1,0,-0.562,0,-0.827],"_humanoidState":5,"_cameraCFrame":[763.655,244.113,40.555,-0.916,-0.393,0.081,0,0.201,0.98,-0.402,0.897,-0.184],"_shiftlockState":true,"_pose":"FreeFall","_animationQueue":[],"_animationSpeed":1,"_zoom":11.185},{"_mousePosition":[683,352.5],"_rootPartCFrame":[764.116,232.153,43.199,-0.854,0,0.52,0,1,0,-0.52,0,-0.854],"_humanoidState":5,"_cameraCFrame":[763.334,244.61,40.464,-0.927,-0.367,0.075,0,0.201,0.98,-0.375,0.908,-0.186],"_shiftlockState":true,"_pose":"FreeFall","_animationQueue":[],"_animationSpeed":1,"_zoom":11.185},{"_mousePosition":[683,352.5],"_rootPartCFrame":[763.872,232.593,43.09,-0.869,0,0.495,0,1,0,-0.495,0,-0.869],"_humanoidState":5,"_cameraCFrame":[763.027,245.052,40.381,-0.935,-0.347,0.071,0,0.2,0.98,-0.354,0.916,-0.187],"_shiftlockState":true,"_pose":"FreeFall","_animationQueue":[],"_animationSpeed":1,"_zoom":11.185},{"_mousePosition":[683,352.5],"_rootPartCFrame":[763.625,232.979,42.989,-0.88,0,0.475,0,1,0,-0.475,0,-0.88],"_humanoidState":5,"_cameraCFrame":[762.735,245.44,40.302,-0.941,-0.333,0.068,0,0.199,0.98,-0.339,0.922,-0.187],"_shiftlockState":true,"_pose":"FreeFall","_animationQueue":[],"_animationSpeed":1,"_zoom":11.185},{"_mousePosition":[683,352.5],"_rootPartCFrame":[763.376,233.311,42.894,-0.887,0,0.461,0,1,0,-0.461,0,-0.887],"_humanoidState":5,"_cameraCFrame":[762.466,245.774,40.221,-0.943,-0.327,0.066,0,0.198,0.98,-0.334,0.924,-0.187],"_shiftlockState":true,"_pose":"FreeFall","_animationQueue":[],"_animationSpeed":1,"_zoom":11.185},{"_mousePosition":[683,352.5],"_rootPartCFrame":[763.126,233.588,42.803,-0.89,0,0.456,0,1,0,-0.456,0,-0.89],"_humanoidState":5,"_cameraCFrame":[762.213,246.052,40.138,-0.943,-0.327,0.066,0,0.197,0.98,-0.334,0.924,-0.186],"_shiftlockState":true,"_pose":"FreeFall","_animationQueue":[],"_animationSpeed":1,"_zoom":11.185},{"_mousePosition":[683,352.5],"_rootPartCFrame":[762.875,233.81,42.714,-0.89,0,0.456,0,1,0,-0.456,0,-0.89],"_humanoidState":5,"_cameraCFrame":[761.955,246.278,40.065,-0.943,-0.327,0.065,0,0.196,0.981,-0.334,0.924,-0.185],"_shiftlockState":true,"_pose":"FreeFall","_animationQueue":[],"_animationSpeed":1,"_zoom":11.185},{"_mousePosition":[683,352.5],"_rootPartCFrame":[762.623,233.978,42.625,-0.89,0,0.456,0,1,0,-0.456,0,-0.89],"_humanoidState":5,"_cameraCFrame":[761.701,246.448,39.985,-0.943,-0.327,0.065,0,0.195,0.981,-0.334,0.925,-0.184],"_shiftlockState":true,"_pose":"FreeFall","_animationQueue":[],"_animationSpeed":1,"_zoom":11.185},{"_mousePosition":[683,352.5],"_rootPartCFrame":[762.372,234.092,42.536,-0.89,0,0.456,0,1,0,-0.456,0,-0.89],"_humanoidState":5,"_cameraCFrame":[761.435,246.564,39.908,-0.944,-0.323,0.064,0,0.194,0.981,-0.33,0.926,-0.183],"_shiftlockState":true,"_pose":"FreeFall","_animationQueue":[],"_animationSpeed":1,"_zoom":11.185},{"_mousePosition":[683,352.5],"_rootPartCFrame":[762.12,234.151,42.447,-0.892,0,0.452,0,1,0,-0.452,0,-0.892],"_humanoidState":5,"_cameraCFrame":[761.159,246.626,39.843,-0.947,-0.317,0.062,0,0.193,0.981,-0.323,0.929,-0.182],"_shiftlockState":true,"_pose":"FreeFall","_animationQueue":[],"_animationSpeed":1,"_zoom":11.185},{"_mousePosition":[683,352.5],"_rootPartCFrame":[761.868,234.155,42.359,-0.895,0,0.446,0,1,0,-0.446,0,-0.895],"_humanoidState":5,"_cameraCFrame":[760.869,246.632,39.776,-0.951,-0.304,0.059,0,0.192,0.981,-0.31,0.933,-0.182],"_shiftlockState":true,"_pose":"FreeFall","_animationQueue":[["fall",0.3]],"_animationSpeed":1,"_zoom":11.185},{"_mousePosition":[683,352.5],"_rootPartCFrame":[761.616,234.105,42.273,-0.901,0,0.433,0,1,0,-0.433,0,-0.901],"_humanoidState":5,"_cameraCFrame":[760.566,246.586,39.725,-0.956,-0.287,0.056,0,0.19,0.982,-0.293,0.939,-0.182],"_shiftlockState":true,"_pose":"FreeFall","_animationQueue":[],"_animationSpeed":1,"_zoom":11.185},{"_mousePosition":[683,352.5],"_rootPartCFrame":[761.363,234.001,42.19,-0.909,0,0.417,0,1,0,-0.417,0,-0.909],"_humanoidState":5,"_cameraCFrame":[760.25,246.486,39.691,-0.962,-0.267,0.051,0,0.188,0.982,-0.272,0.945,-0.181],"_shiftlockState":true,"_pose":"FreeFall","_animationQueue":[],"_animationSpeed":1,"_zoom":11.185},{"_mousePosition":[683,352.5],"_rootPartCFrame":[761.108,233.842,42.111,-0.918,0,0.397,0,1,0,-0.397,0,-0.918],"_humanoidState":5,"_cameraCFrame":[759.962,246.331,39.643,-0.965,-0.256,0.049,0,0.186,0.982,-0.261,0.949,-0.18],"_shiftlockState":true,"_pose":"FreeFall","_animationQueue":[],"_animationSpeed":1,"_zoom":11.185},{"_mousePosition":[683,352.5],"_rootPartCFrame":[760.852,233.628,42.037,-0.922,0,0.387,0,1,0,-0.387,0,-0.922],"_humanoidState":5,"_cameraCFrame":[759.691,246.122,39.599,-0.966,-0.253,0.047,0,0.184,0.983,-0.258,0.95,-0.178],"_shiftlockState":true,"_pose":"FreeFall","_animationQueue":[],"_animationSpeed":1,"_zoom":11.185},{"_mousePosition":[683,352.5],"_rootPartCFrame":[760.594,233.36,41.968,-0.923,0,0.384,0,1,0,-0.384,0,-0.923],"_humanoidState":5,"_cameraCFrame":[759.454,245.861,39.548,-0.963,-0.265,0.049,0,0.181,0.984,-0.27,0.947,-0.174],"_shiftlockState":true,"_pose":"FreeFall","_animationQueue":[],"_animationSpeed":1,"_zoom":11.185},{"_mousePosition":[683,352.5],"_rootPartCFrame":[760.337,233.038,41.899,-0.919,0,0.395,0,1,0,-0.395,0,-0.919],"_humanoidState":5,"_cameraCFrame":[759.238,245.54,39.468,-0.958,-0.282,0.052,0,0.18,0.984,-0.287,0.942,-0.172],"_shiftlockState":true,"_pose":"FreeFall","_animationQueue":[["fall",0.3]],"_animationSpeed":1,"_zoom":11.185},{"_mousePosition":[683,352.5],"_rootPartCFrame":[760.08,232.661,41.827,-0.911,0,0.412,0,1,0,-0.412,0,-0.911],"_humanoidState":5,"_cameraCFrame":[759.029,245.165,39.383,-0.952,-0.302,0.055,0,0.179,0.984,-0.307,0.936,-0.171],"_shiftlockState":true,"_pose":"FreeFall","_animationQueue":[],"_animationSpeed":1,"_zoom":11.185},{"_mousePosition":[683,352.5],"_rootPartCFrame":[759.824,232.229,41.751,-0.903,0,0.431,0,1,0,-0.431,0,-0.903],"_humanoidState":5,"_cameraCFrame":[758.799,244.732,39.289,-0.949,-0.311,0.057,0,0.18,0.984,-0.316,0.933,-0.171],"_shiftlockState":true,"_pose":"FreeFall","_animationQueue":[],"_animationSpeed":1,"_zoom":11.185},{"_mousePosition":[683,352.5],"_rootPartCFrame":[759.57,231.743,41.67,-0.898,0,0.439,0,1,0,-0.439,0,-0.898],"_humanoidState":5,"_cameraCFrame":[758.546,244.244,39.2,-0.949,-0.31,0.057,0,0.181,0.984,-0.315,0.934,-0.172],"_shiftlockState":true,"_pose":"FreeFall","_animationQueue":[],"_animationSpeed":1,"_zoom":11.185},{"_mousePosition":[683,352.5],"_rootPartCFrame":[759.317,231.203,41.587,-0.899,0,0.438,0,1,0,-0.438,0,-0.899],"_humanoidState":5,"_cameraCFrame":[758.275,243.697,39.095,-0.953,-0.299,0.056,0,0.184,0.983,-0.304,0.936,-0.175],"_shiftlockState":true,"_pose":"FreeFall","_animationQueue":[],"_animationSpeed":1,"_zoom":11.185},{"_mousePosition":[683,352.5],"_rootPartCFrame":[759.064,230.608,41.503,-0.904,0,0.428,0,1,0,-0.428,0,-0.904],"_humanoidState":5,"_cameraCFrame":[757.962,243.1,39.029,-0.96,-0.275,0.052,0,0.185,0.983,-0.28,0.944,-0.177],"_shiftlockState":true,"_pose":"FreeFall","_animationQueue":[],"_animationSpeed":1,"_zoom":11.185},{"_mousePosition":[683,352.5],"_rootPartCFrame":[758.81,229.959,41.421,-0.914,0,0.405,0,1,0,-0.405,0,-0.914],"_humanoidState":5,"_cameraCFrame":[757.605,242.451,38.996,-0.971,-0.235,0.044,0,0.185,0.983,-0.239,0.954,-0.179],"_shiftlockState":true,"_pose":"FreeFall","_animationQueue":[],"_animationSpeed":1,"_zoom":11.185},{"_mousePosition":[683,352.5],"_rootPartCFrame":[758.554,229.255,41.346,-0.931,0,0.366,0,1,0,-0.366,0,-0.931],"_humanoidState":5,"_cameraCFrame":[757.23,241.743,38.968,-0.982,-0.186,0.035,0,0.186,0.982,-0.189,0.965,-0.183],"_shiftlockState":true,"_pose":"FreeFall","_animationQueue":[["fall",0.3]],"_animationSpeed":1,"_zoom":11.185},{"_mousePosition":[683,352.5],"_rootPartCFrame":[758.296,228.496,41.28,-0.948,0,0.318,0,1,0,-0.318,0,-0.948],"_humanoidState":5,"_cameraCFrame":[756.859,240.978,38.937,-0.99,-0.137,0.026,0,0.19,0.982,-0.14,0.972,-0.188],"_shiftlockState":true,"_pose":"FreeFall","_animationQueue":[],"_animationSpeed":1,"_zoom":11.185},{"_mousePosition":[683,352.5],"_rootPartCFrame":[758.034,227.683,41.228,-0.963,0,0.27,0,1,0,-0.27,0,-0.963],"_humanoidState":5,"_cameraCFrame":[756.507,240.162,38.926,-0.995,-0.098,0.019,0,0.191,0.982,-0.1,0.977,-0.19],"_shiftlockState":true,"_pose":"FreeFall","_animationQueue":[],"_animationSpeed":1,"_zoom":11.185},{"_mousePosition":[683,352.5],"_rootPartCFrame":[757.638,226.474,41.17,-0.991,0,0.131,0,1,0,-0.131,0,-0.991],"_humanoidState":7,"_cameraCFrame":[756.075,238.953,38.892,-0.996,-0.083,0.016,0,0.191,0.982,-0.084,0.978,-0.19],"_shiftlockState":true,"_pose":"FreeFall","_animationQueue":[["walk",0.1],["fall",0.3],["fall",0.3]],"_animationSpeed":1,"_zoom":11.185},{"_mousePosition":[683,352.5],"_rootPartCFrame":[757.506,226.409,41.155,-0.997,0,0.083,0,1,0,-0.083,0,-0.997],"_humanoidState":7,"_cameraCFrame":[755.979,238.888,38.854,-0.995,-0.098,0.019,0,0.191,0.982,-0.1,0.977,-0.19],"_shiftlockState":true,"_pose":"FreeFall","_animationQueue":[],"_animationSpeed":1,"_zoom":11.185},{"_mousePosition":[683,352.5],"_rootPartCFrame":[757.174,226.519,41.126,-0.995,0,0.1,0,1,0,-0.1,0,-0.995],"_humanoidState":8,"_cameraCFrame":[755.784,238.998,38.739,-0.987,-0.155,0.03,0,0.191,0.982,-0.158,0.969,-0.189],"_shiftlockState":true,"_pose":"Running","_animationQueue":[["walk",0.1],["fall",0.3],["walk",0.1]],"_animationSpeed":1.103,"_zoom":11.185},{"_mousePosition":[683,352.5],"_rootPartCFrame":[756.975,226.583,41.107,-0.987,0,0.158,0,1,0,-0.158,0,-0.987],"_humanoidState":8,"_cameraCFrame":[755.858,239.061,38.58,-0.964,-0.262,0.051,0,0.191,0.982,-0.267,0.946,-0.184],"_shiftlockState":true,"_pose":"Running","_animationQueue":[["walk",0.1]],"_animationSpeed":1.103,"_zoom":11.185},{"_mousePosition":[683,352.5],"_rootPartCFrame":[756.711,226.636,41.067,-0.93,0,0.368,0,1,0,-0.368,0,-0.93],"_humanoidState":8,"_cameraCFrame":[755.625,239.124,38.567,-0.959,-0.278,0.053,0,0.187,0.982,-0.283,0.942,-0.179],"_shiftlockState":true,"_pose":"Running","_animationQueue":[["walk",0.1]],"_animationSpeed":1.103,"_zoom":11.185},{"_mousePosition":[683,352.5],"_rootPartCFrame":[756.4,226.671,40.95,-0.959,0,0.285,0,1,0,-0.285,0,-0.959],"_humanoidState":8,"_cameraCFrame":[755.156,239.159,38.525,-0.975,-0.218,0.041,0,0.187,0.982,-0.221,0.958,-0.182],"_shiftlockState":true,"_pose":"Running","_animationQueue":[],"_animationSpeed":1.103,"_zoom":11.185},{"_mousePosition":[683,352.5],"_rootPartCFrame":[756.145,226.686,40.872,-0.975,0,0.221,0,1,0,-0.221,0,-0.975],"_humanoidState":8,"_cameraCFrame":[754.73,239.169,38.519,-0.989,-0.147,0.028,0,0.189,0.982,-0.149,0.971,-0.187],"_shiftlockState":true,"_pose":"Running","_animationQueue":[],"_animationSpeed":1.103,"_zoom":11.185},{"_mousePosition":[683,352.5],"_rootPartCFrame":[755.885,226.693,40.811,-0.989,0,0.149,0,1,0,-0.149,0,-0.989],"_humanoidState":8,"_cameraCFrame":[754.307,239.166,38.514,-0.997,-0.075,0.015,0,0.194,0.981,-0.077,0.978,-0.193],"_shiftlockState":true,"_pose":"Running","_animationQueue":[["walk",0.1]],"_animationSpeed":1.103,"_zoom":11.185},{"_mousePosition":[683,352.5],"_rootPartCFrame":[755.622,226.697,40.768,-0.997,0,0.077,0,1,0,-0.077,0,-0.997],"_humanoidState":8,"_cameraCFrame":[753.903,239.157,38.513,-1,-0.014,0.003,0,0.199,0.98,-0.014,0.98,-0.199],"_shiftlockState":true,"_pose":"Running","_animationQueue":[],"_animationSpeed":1.103,"_zoom":11.185},{"_mousePosition":[683,352.5],"_rootPartCFrame":[755.356,226.699,40.745,-1,0,0.014,0,1,0,-0.014,0,-1],"_humanoidState":8,"_cameraCFrame":[753.514,239.152,38.553,-0.999,0.041,-0.008,0,0.203,0.979,0.042,0.978,-0.202],"_shiftlockState":true,"_pose":"Running","_animationQueue":[],"_animationSpeed":1.103,"_zoom":11.185},{"_mousePosition":[683,352.5],"_rootPartCFrame":[755.09,226.701,40.738,-0.999,0,-0.042,0,1,0,0.042,0,-0.999],"_humanoidState":8,"_cameraCFrame":[753.164,239.15,38.6,-0.997,0.078,-0.016,0,0.204,0.979,0.079,0.976,-0.204],"_shiftlockState":true,"_pose":"Running","_animationQueue":[],"_animationSpeed":1.103,"_zoom":11.185},{"_mousePosition":[683,352.5],"_rootPartCFrame":[754.823,226.695,40.747,-0.997,0,-0.079,0,1,0,0.079,0,-0.997],"_humanoidState":8,"_cameraCFrame":[752.844,239.143,38.649,-0.995,0.102,-0.021,0,0.205,0.979,0.104,0.973,-0.204],"_shiftlockState":true,"_pose":"Running","_animationQueue":[],"_animationSpeed":1.103,"_zoom":11.185},{"_mousePosition":[683,352.5],"_rootPartCFrame":[754.558,226.696,40.767,-0.995,0,-0.104,0,1,0,0.104,0,-0.995],"_humanoidState":8,"_cameraCFrame":[752.56,239.142,38.677,-0.994,0.11,-0.023,0,0.206,0.979,0.113,0.972,-0.204],"_shiftlockState":true,"_pose":"Running","_animationQueue":[],"_animationSpeed":1.103,"_zoom":11.185},{"_mousePosition":[683,352.5],"_rootPartCFrame":[754.292,226.698,40.794,-0.994,0,-0.113,0,1,0,0.113,0,-0.994],"_humanoidState":8,"_cameraCFrame":[752.294,239.143,38.704,-0.994,0.11,-0.023,0,0.206,0.979,0.113,0.972,-0.204],"_shiftlockState":true,"_pose":"Running","_animationQueue":[["walk",0.1]],"_animationSpeed":1.103,"_zoom":11.185},{"_mousePosition":[683,352.5],"_rootPartCFrame":[754.027,226.699,40.823,-0.994,0,-0.113,0,1,0,0.113,0,-0.994],"_humanoidState":8,"_cameraCFrame":[752.048,239.146,38.726,-0.995,0.102,-0.021,0,0.205,0.979,0.104,0.973,-0.204],"_shiftlockState":true,"_pose":"Running","_animationQueue":[],"_animationSpeed":1.103,"_zoom":11.185},{"_mousePosition":[683,352.5],"_rootPartCFrame":[753.762,226.665,40.853,-0.995,0,-0.104,0,1,0,0.104,0,-0.995],"_humanoidState":8,"_cameraCFrame":[751.873,239.122,38.721,-0.998,0.062,-0.013,0,0.201,0.98,0.064,0.978,-0.201],"_shiftlockState":true,"_pose":"Running","_animationQueue":[],"_animationSpeed":1.103,"_zoom":11.185},{"_mousePosition":[683,352.5],"_rootPartCFrame":[753.498,226.577,40.883,-0.998,0,-0.064,0,1,0,0.064,0,-0.998],"_humanoidState":8,"_cameraCFrame":[751.739,239.039,38.668,-1,0.004,-0.001,0,0.199,0.98,0.004,0.98,-0.199],"_shiftlockState":true,"_pose":"Running","_animationQueue":[],"_animationSpeed":1.103,"_zoom":11.185},{"_mousePosition":[683,352.5],"_rootPartCFrame":[753.233,226.435,40.914,-1,0,-0.004,0,1,0,0.004,0,-1],"_humanoidState":8,"_cameraCFrame":[751.617,238.904,38.626,-0.998,-0.059,0.012,0,0.196,0.981,-0.06,0.979,-0.195],"_shiftlockState":true,"_pose":"Running","_animationQueue":[],"_animationSpeed":1.103,"_zoom":11.185},{"_mousePosition":[683,352.5],"_rootPartCFrame":[752.968,227.298,40.944,-0.998,0,0.06,0,1,0,-0.06,0,-0.998],"_humanoidState":3,"_cameraCFrame":[751.443,239.774,38.627,-0.995,-0.099,0.019,0,0.192,0.981,-0.101,0.976,-0.191],"_shiftlockState":true,"_pose":"Jumping","_animationQueue":[["walk",0.1],["jump",0.1]],"_animationSpeed":1,"_zoom":11.185},{"_mousePosition":[683,352.5],"_rootPartCFrame":[752.702,228.106,40.949,-0.981,0,0.192,0,1,0,-0.192,0,-0.981],"_humanoidState":5,"_cameraCFrame":[751.229,240.589,38.631,-0.992,-0.122,0.024,0,0.189,0.982,-0.125,0.974,-0.188],"_shiftlockState":true,"_pose":"FreeFall","_animationQueue":[["jump",0.1]],"_animationSpeed":1,"_zoom":11.185},{"_mousePosition":[683,352.5],"_rootPartCFrame":[752.437,228.86,40.925,-0.968,0,0.251,0,1,0,-0.251,0,-0.968],"_humanoidState":5,"_cameraCFrame":[750.992,241.348,38.614,-0.99,-0.136,0.026,0,0.187,0.982,-0.138,0.973,-0.185],"_shiftlockState":true,"_pose":"FreeFall","_animationQueue":[],"_animationSpeed":1,"_zoom":11.185},{"_mousePosition":[683,352.5],"_rootPartCFrame":[752.172,229.56,40.893,-0.963,0,0.268,0,1,0,-0.268,0,-0.963],"_humanoidState":5,"_cameraCFrame":[750.733,242.049,38.586,-0.99,-0.139,0.026,0,0.186,0.983,-0.141,0.973,-0.184],"_shiftlockState":true,"_pose":"FreeFall","_animationQueue":[],"_animationSpeed":1,"_zoom":11.185},{"_mousePosition":[683,352.5],"_rootPartCFrame":[751.908,230.204,40.856,-0.962,0,0.271,0,1,0,-0.271,0,-0.962],"_humanoidState":5,"_cameraCFrame":[750.463,242.693,38.545,-0.99,-0.136,0.026,0,0.187,0.982,-0.138,0.973,-0.185],"_shiftlockState":true,"_pose":"FreeFall","_animationQueue":[],"_animationSpeed":1,"_zoom":11.185},{"_mousePosition":[683,352.5],"_rootPartCFrame":[751.644,230.795,40.819,-0.963,0,0.268,0,1,0,-0.268,0,-0.963],"_humanoidState":5,"_cameraCFrame":[750.17,243.276,38.494,-0.992,-0.121,0.023,0,0.19,0.982,-0.124,0.974,-0.189],"_shiftlockState":true,"_pose":"FreeFall","_animationQueue":[],"_animationSpeed":1,"_zoom":11.185},{"_mousePosition":[683,352.5],"_rootPartCFrame":[751.38,231.331,40.782,-0.967,0,0.254,0,1,0,-0.254,0,-0.967],"_humanoidState":5,"_cameraCFrame":[749.858,243.805,38.455,-0.995,-0.1,0.02,0,0.193,0.981,-0.102,0.976,-0.192],"_shiftlockState":true,"_pose":"FreeFall","_animationQueue":[],"_animationSpeed":1,"_zoom":11.185},{"_mousePosition":[683,352.5],"_rootPartCFrame":[751.115,231.812,40.748,-0.972,0,0.233,0,1,0,-0.233,0,-0.972],"_humanoidState":5,"_cameraCFrame":[749.547,244.283,38.436,-0.997,-0.079,0.016,0,0.195,0.981,-0.081,0.978,-0.194],"_shiftlockState":true,"_pose":"FreeFall","_animationQueue":[],"_animationSpeed":1,"_zoom":11.185},{"_mousePosition":[683,352.5],"_rootPartCFrame":[750.85,232.239,40.72,-0.977,0,0.213,0,1,0,-0.213,0,-0.977],"_humanoidState":5,"_cameraCFrame":[749.215,244.706,38.437,-0.999,-0.051,0.01,0,0.196,0.981,-0.052,0.979,-0.196],"_shiftlockState":true,"_pose":"FreeFall","_animationQueue":[],"_animationSpeed":1,"_zoom":11.185},{"_mousePosition":[683,352.5],"_rootPartCFrame":[750.518,232.696,40.693,-0.976,0,0.216,0,1,0,-0.216,0,-0.976],"_humanoidState":5,"_cameraCFrame":[748.831,245.162,38.439,-1,-0.028,0.006,0,0.197,0.98,-0.029,0.98,-0.197],"_shiftlockState":true,"_pose":"FreeFall","_animationQueue":[],"_animationSpeed":1,"_zoom":11.185},{"_mousePosition":[683,352.5],"_rootPartCFrame":[750.318,232.929,40.681,-0.992,0,0.128,0,1,0,-0.128,0,-0.992],"_humanoidState":5,"_cameraCFrame":[748.585,245.391,38.446,-1,-0.007,0.002,0,0.199,0.98,-0.008,0.98,-0.199],"_shiftlockState":true,"_pose":"FreeFall","_animationQueue":[],"_animationSpeed":1,"_zoom":11.185},{"_mousePosition":[683,352.5],"_rootPartCFrame":[750.051,233.193,40.673,-0.99,0,0.14,0,1,0,-0.14,0,-0.99],"_humanoidState":5,"_cameraCFrame":[748.25,245.647,38.455,-1,0.022,-0.005,0,0.202,0.979,0.023,0.979,-0.202],"_shiftlockState":true,"_pose":"FreeFall","_animationQueue":[],"_animationSpeed":1,"_zoom":11.185},{"_mousePosition":[683,352.5],"_rootPartCFrame":[749.785,233.402,40.67,-0.994,0,0.11,0,1,0,-0.11,0,-0.994],"_humanoidState":5,"_cameraCFrame":[747.925,245.851,38.474,-0.999,0.048,-0.01,0,0.204,0.979,0.049,0.978,-0.204],"_shiftlockState":true,"_pose":"FreeFall","_animationQueue":[],"_animationSpeed":1,"_zoom":11.185},{"_mousePosition":[683,352.5],"_rootPartCFrame":[749.518,233.556,40.675,-0.996,0,0.084,0,1,0,-0.084,0,-0.996],"_humanoidState":5,"_cameraCFrame":[747.607,246,38.496,-0.997,0.07,-0.015,0,0.207,0.978,0.072,0.976,-0.206],"_shiftlockState":true,"_pose":"FreeFall","_animationQueue":[],"_animationSpeed":1,"_zoom":11.185},{"_mousePosition":[683,352.5],"_rootPartCFrame":[749.252,233.656,40.687,-0.998,0,0.061,0,1,0,-0.061,0,-0.998],"_humanoidState":5,"_cameraCFrame":[747.267,246.092,38.536,-0.995,0.102,-0.022,0,0.21,0.978,0.104,0.972,-0.209],"_shiftlockState":true,"_pose":"FreeFall","_animationQueue":[],"_animationSpeed":1,"_zoom":11.185},{"_mousePosition":[683,352.5],"_rootPartCFrame":[748.986,233.701,40.705,-1,0,0.029,0,1,0,-0.029,0,-1],"_humanoidState":5,"_cameraCFrame":[746.905,246.126,38.587,-0.989,0.142,-0.031,0,0.214,0.977,0.146,0.966,-0.212],"_shiftlockState":true,"_pose":"FreeFall","_animationQueue":[],"_animationSpeed":1,"_zoom":11.185},{"_mousePosition":[683,352.5],"_rootPartCFrame":[748.654,233.681,40.738,-1,0,0.02,0,1,0,-0.02,0,-1],"_humanoidState":5,"_cameraCFrame":[746.485,246.096,38.659,-0.983,0.18,-0.04,0,0.218,0.976,0.184,0.959,-0.215],"_shiftlockState":true,"_pose":"FreeFall","_animationQueue":[["fall",0.3]],"_animationSpeed":1,"_zoom":11.185},{"_mousePosition":[683,352.5],"_rootPartCFrame":[748.456,233.629,40.766,-0.996,0,-0.085,0,1,0,0.085,0,-0.996],"_humanoidState":5,"_cameraCFrame":[746.185,246.028,38.711,-0.974,0.219,-0.051,0,0.225,0.974,0.225,0.949,-0.219],"_shiftlockState":true,"_pose":"FreeFall","_animationQueue":[],"_animationSpeed":1,"_zoom":11.185},{"_mousePosition":[683,352.5],"_rootPartCFrame":[748.194,233.51,40.813,-0.996,0,-0.094,0,1,0,0.094,0,-0.996],"_humanoidState":5,"_cameraCFrame":[745.836,245.895,38.781,-0.966,0.253,-0.06,0,0.23,0.973,0.26,0.94,-0.222],"_shiftlockState":true,"_pose":"FreeFall","_animationQueue":[],"_animationSpeed":1,"_zoom":11.185},{"_mousePosition":[683,352.5],"_rootPartCFrame":[747.934,233.338,40.872,-0.992,0,-0.129,0,1,0,0.129,0,-0.992],"_humanoidState":5,"_cameraCFrame":[745.499,245.706,38.84,-0.958,0.279,-0.068,0,0.236,0.972,0.287,0.931,-0.227],"_shiftlockState":true,"_pose":"FreeFall","_animationQueue":[],"_animationSpeed":1,"_zoom":11.185},{"_mousePosition":[683,352.5],"_rootPartCFrame":[747.676,233.111,40.94,-0.988,0,-0.157,0,1,0,0.157,0,-0.988],"_humanoidState":5,"_cameraCFrame":[745.184,245.463,38.896,-0.952,0.296,-0.074,0,0.242,0.97,0.305,0.924,-0.23],"_shiftlockState":true,"_pose":"FreeFall","_animationQueue":[],"_animationSpeed":1,"_zoom":11.185},{"_mousePosition":[683,352.5],"_rootPartCFrame":[747.42,232.829,41.015,-0.984,0,-0.176,0,1,0,0.176,0,-0.984],"_humanoidState":5,"_cameraCFrame":[744.899,245.169,38.937,-0.95,0.301,-0.077,0,0.247,0.969,0.311,0.921,-0.234],"_shiftlockState":true,"_pose":"FreeFall","_animationQueue":[],"_animationSpeed":1,"_zoom":11.185},{"_mousePosition":[683,352.5],"_rootPartCFrame":[747.166,232.493,41.095,-0.983,0,-0.182,0,1,0,0.182,0,-0.983],"_humanoidState":5,"_cameraCFrame":[744.627,244.808,38.913,-0.952,0.296,-0.078,0,0.255,0.967,0.306,0.921,-0.243],"_shiftlockState":true,"_pose":"FreeFall","_animationQueue":[],"_animationSpeed":1,"_zoom":11.185},{"_mousePosition":[683,352.5],"_rootPartCFrame":[746.912,232.102,41.178,-0.984,0,-0.177,0,1,0,0.177,0,-0.984],"_humanoidState":5,"_cameraCFrame":[744.362,244.365,38.762,-0.958,0.276,-0.078,0,0.272,0.962,0.287,0.922,-0.261],"_shiftlockState":true,"_pose":"FreeFall","_animationQueue":[["fall",0.3]],"_animationSpeed":1,"_zoom":11.185},{"_mousePosition":[683,352.5],"_rootPartCFrame":[746.658,231.657,41.26,-0.988,0,-0.157,0,1,0,0.157,0,-0.988],"_humanoidState":5,"_cameraCFrame":[744.114,243.864,38.602,-0.964,0.253,-0.077,0,0.289,0.957,0.265,0.923,-0.279],"_shiftlockState":true,"_pose":"FreeFall","_animationQueue":[],"_animationSpeed":1,"_zoom":11.185},{"_