[{"_mousePosition":[1117,384],"_rootPartCFrame":[776.024,222.957,47.142,0.003,0.004,1,0,1,-0.004,-1,0,0.003],"_humanoidState":8,"_cameraCFrame":[780.425,228.871,47.366,0.051,-0.707,0.705,0,0.706,0.708,-0.999,-0.036,0.036],"_shiftlockState":false,"_pose":"Standing","_animationQueue":[],"_animationSpeed":1,"_zoom":6.233},{"_mousePosition":[1116,385],"_rootPartCFrame":[775.798,222.803,47.345,-0.118,0,0.993,0,1,0,-0.993,0,-0.118],"_humanoidState":8,"_cameraCFrame":[780.194,228.717,47.57,0.051,-0.707,0.705,0,0.706,0.708,-0.999,-0.036,0.036],"_shiftlockState":false,"_pose":"Standing","_animationQueue":[],"_animationSpeed":1,"_zoom":6.233},{"_mousePosition":[1115,387],"_rootPartCFrame":[775.7,222.722,47.435,-0.16,0,0.987,0,1,0,-0.987,0,-0.16],"_humanoidState":8,"_cameraCFrame":[780.095,228.636,47.659,0.051,-0.707,0.705,0,0.706,0.708,-0.999,-0.036,0.036],"_shiftlockState":false,"_pose":"Running","_animationQueue":[["walk",0.1]],"_animationSpeed":1.088,"_zoom":6.233},{"_mousePosition":[1114,388],"_rootPartCFrame":[775.502,222.612,47.613,-0.236,0,0.972,0,1,0,-0.972,0,-0.236],"_humanoidState":8,"_cameraCFrame":[779.897,228.525,47.838,0.051,-0.707,0.705,0,0.706,0.708,-0.999,-0.036,0.036],"_shiftlockState":false,"_pose":"Running","_animationQueue":[],"_animationSpeed":1.088,"_zoom":6.233},{"_mousePosition":[1112,394],"_rootPartCFrame":[775.304,222.636,47.792,-0.3,0,0.954,0,1,0,-0.954,0,-0.3],"_humanoidState":8,"_cameraCFrame":[779.699,228.55,48.016,0.051,-0.707,0.705,0,0.706,0.708,-0.999,-0.036,0.036],"_shiftlockState":false,"_pose":"Running","_animationQueue":[],"_animationSpeed":1.088,"_zoom":6.233},{"_mousePosition":[1109,399],"_rootPartCFrame":[775.106,222.663,47.971,-0.355,0,0.935,0,1,0,-0.935,0,-0.355],"_humanoidState":8,"_cameraCFrame":[779.501,228.577,48.195,0.051,-0.707,0.705,0,0.706,0.708,-0.999,-0.036,0.036],"_shiftlockState":false,"_pose":"Running","_animationQueue":[["walk",0.1]],"_animationSpeed":1.088,"_zoom":6.233},{"_mousePosition":[1105,409],"_rootPartCFrame":[774.908,222.68,48.149,-0.402,0,0.916,0,1,0,-0.916,0,-0.402],"_humanoidState":8,"_cameraCFrame":[779.393,228.594,46.626,0.051,-0.707,0.705,0,0.706,0.708,-0.999,-0.036,0.036],"_shiftlockState":true,"_pose":"Running","_animationQueue":[],"_animationSpeed":1.088,"_zoom":6.233},{"_mousePosition":[683,352.5],"_rootPartCFrame":[774.71,222.689,48.328,0.074,0,0.997,0,1,0,-0.997,0,0.074],"_humanoidState":8,"_cameraCFrame":[779.195,228.603,46.805,0.051,-0.707,0.705,0,0.706,0.708,-0.999,-0.036,0.036],"_shiftlockState":true,"_pose":"Running","_animationQueue":[],"_animationSpeed":1.088,"_zoom":6.233},{"_mousePosition":[683,352.5],"_rootPartCFrame":[774.513,222.694,48.507,0.054,0,0.999,0,1,0,-0.999,0,0.054],"_humanoidState":8,"_cameraCFrame":[778.969,228.633,46.973,0.049,-0.711,0.701,0,0.702,0.712,-0.999,-0.035,0.034],"_shiftlockState":true,"_pose":"Running","_animationQueue":[],"_animationSpeed":1.088,"_zoom":6.233},{"_mousePosition":[683,352.5],"_rootPartCFrame":[774.315,222.697,48.685,0.049,0,0.999,0,1,0,-0.999,0,0.049],"_humanoidState":8,"_cameraCFrame":[778.748,228.656,47.146,0.048,-0.715,0.698,0,0.699,0.716,-0.999,-0.034,0.033],"_shiftlockState":true,"_pose":"Running","_animationQueue":[],"_animationSpeed":1.088,"_zoom":6.233},{"_mousePosition":[683,352.5],"_rootPartCFrame":[774.117,222.698,48.865,0.048,0,0.999,0,1,0,-0.999,0,0.048],"_humanoidState":8,"_cameraCFrame":[778.515,228.689,47.314,0.046,-0.72,0.693,0,0.693,0.721,-0.999,-0.033,0.032],"_shiftlockState":true,"_pose":"Running","_animationQueue":[],"_animationSpeed":1.088,"_zoom":6.233},{"_mousePosition":[683,352.5],"_rootPartCFrame":[773.92,222.699,49.044,0.046,0,0.999,0,1,0,-0.999,0,0.046],"_humanoidState":8,"_cameraCFrame":[778.267,228.735,47.482,0.044,-0.727,0.685,0,0.686,0.728,-0.999,-0.032,0.03],"_shiftlockState":true,"_pose":"Running","_animationQueue":[["walk",0.1]],"_animationSpeed":1.088,"_zoom":6.233},{"_mousePosition":[683,352.5],"_rootPartCFrame":[773.723,222.699,49.224,0.044,0,0.999,0,1,0,-0.999,0,0.044],"_humanoidState":8,"_cameraCFrame":[778.055,228.763,47.701,0.053,-0.731,0.68,0,0.681,0.732,-0.999,-0.039,0.036],"_shiftlockState":true,"_pose":"Running","_animationQueue":[],"_animationSpeed":1.088,"_zoom":6.233},{"_mousePosition":[683,352.5],"_rootPartCFrame":[773.526,222.699,49.404,0.053,0,0.999,0,1,0,-0.999,0,0.053],"_humanoidState":8,"_cameraCFrame":[777.91,228.746,47.983,0.076,-0.727,0.682,0,0.684,0.729,-0.997,-0.055,0.052],"_shiftlockState":true,"_pose":"Running","_animationQueue":[],"_animationSpeed":1.088,"_zoom":6.233},{"_mousePosition":[683,352.5],"_rootPartCFrame":[773.328,222.7,49.582,0.076,0,0.997,0,1,0,-0.997,0,0.076],"_humanoidState":8,"_cameraCFrame":[777.712,228.746,48.161,0.076,-0.727,0.682,0,0.684,0.729,-0.997,-0.055,0.052],"_shiftlockState":true,"_pose":"Running","_animationQueue":[],"_animationSpeed":1.088,"_zoom":6.233},{"_mousePosition":[683,352.5],"_rootPartCFrame":[773.126,222.7,49.756,0.076,0,0.997,0,1,0,-0.997,0,0.076],"_humanoidState":8,"_cameraCFrame":[777.51,228.746,48.336,0.076,-0.727,0.682,0,0.684,0.729,-0.997,-0.055,0.052],"_shiftlockState":true,"_pose":"Running","_animationQueue":[],"_animationSpeed":1.088,"_zoom":6.233},{"_mousePosition":[683,352.5],"_rootPartCFrame":[772.923,222.7,49.93,0.076,0,0.997,0,1,0,-0.997,0,0.076],"_humanoidState":8,"_cameraCFrame":[777.308,228.746,48.509,0.076,-0.727,0.682,0,0.684,0.729,-0.997,-0.055,0.052],"_shiftlockState":true,"_pose":"Running","_animationQueue":[],"_animationSpeed":1.088,"_zoom":6.233},{"_mousePosition":[683,352.5],"_rootPartCFrame":[772.721,222.7,50.103,0.076,0,0.997,0,1,0,-0.997,0,0.076],"_humanoidState":8,"_cameraCFrame":[777.105,228.746,48.683,0.076,-0.727,0.682,0,0.684,0.729,-0.997,-0.055,0.052],"_shiftlockState":true,"_pose":"Running","_animationQueue":[],"_animationSpeed":1.088,"_zoom":6.233},{"_mousePosition":[683,352.5],"_rootPartCFrame":[772.519,222.7,50.277,0.076,0,0.997,0,1,0,-0.997,0,0.076],"_humanoidState":8,"_cameraCFrame":[776.903,228.746,48.857,0.076,-0.727,0.682,0,0.684,0.729,-0.997,-0.055,0.052],"_shiftlockState":true,"_pose":"Running","_animationQueue":[["walk",0.1]],"_animationSpeed":1.088,"_zoom":6.233},{"_mousePosition":[683,352.5],"_rootPartCFrame":[772.316,222.7,50.451,0.076,0,0.997,0,1,0,-0.997,0,0.076],"_humanoidState":8,"_cameraCFrame":[776.701,228.746,49.03,0.076,-0.727,0.682,0,0.684,0.729,-0.997,-0.055,0.052],"_shiftlockState":true,"_pose":"Running","_animationQueue":[],"_animationSpeed":1.088,"_zoom":6.233},{"_mousePosition":[683,352.5],"_rootPartCFrame":[772.114,222.7,50.624,0.076,0,0.997,0,1,0,-0.997,0,0.076],"_humanoidState":8,"_cameraCFrame":[776.498,228.746,49.204,0.076,-0.727,0.682,0,0.684,0.729,-0.997,-0.055,0.052],"_shiftlockState":true,"_pose":"Running","_animationQueue":[],"_animationSpeed":1.088,"_zoom":6.233},{"_mousePosition":[683,352.5],"_rootPartCFrame":[771.911,222.7,50.798,0.076,0,0.997,0,1,0,-0.997,0,0.076],"_humanoidState":8,"_cameraCFrame":[776.296,228.746,49.378,0.076,-0.727,0.682,0,0.684,0.729,-0.997,-0.055,0.052],"_shiftlockState":true,"_pose":"Running","_animationQueue":[],"_animationSpeed":1.088,"_zoom":6.233},{"_mousePosition":[683,352.5],"_rootPartCFrame":[771.709,222.7,50.972,0.076,0,0.997,0,1,0,-0.997,0,0.076],"_humanoidState":8,"_cameraCFrame":[776.067,228.757,49.505,0.066,-0.73,0.681,0,0.682,0.731,-0.998,-0.048,0.045],"_shiftlockState":true,"_pose":"Running","_animationQueue":[],"_animationSpeed":1.088,"_zoom":6.233},{"_mousePosition":[683,352.5],"_rootPartCFrame":[771.456,222.7,51.189,0.066,0,0.998,0,1,0,-0.998,0,0.066],"_humanoidState":8,"_cameraCFrame":[775.676,228.848,49.609,0.041,-0.745,0.666,0,0.666,0.746,-0.999,-0.03,0.027],"_shiftlockState":true,"_pose":"Running","_animationQueue":[],"_animationSpeed":1.088,"_zoom":6.233},{"_mousePosition":[683,352.5],"_rootPartCFrame":[771.209,222.7,51.227,0.041,0,0.999,0,1,0,-0.999,0,0.041],"_humanoidState":8,"_cameraCFrame":[775.3,228.967,49.663,0.046,-0.764,0.644,0,0.644,0.765,-0.999,-0.035,0.029],"_shiftlockState":true,"_pose":"Running","_animationQueue":[["walk",0.1]],"_animationSpeed":1.088,"_zoom":6.233},{"_mousePosition":[683,352.5],"_rootPartCFrame":[770.943,222.7,51.217,0.046,0,0.999,0,1,0,-0.999,0,0.046],"_humanoidState":8,"_cameraCFrame":[774.807,229.164,49.689,0.058,-0.795,0.604,0,0.605,0.797,-0.998,-0.046,0.035],"_shiftlockState":true,"_pose":"Running","_animationQueue":[],"_animationSpeed":1.088,"_zoom":6.233},{"_mousePosition":[683,352.5],"_rootPartCFrame":[770.676,222.7,51.205,0.058,0,0.998,0,1,0,-0.998,0,0.058],"_humanoidState":8,"_cameraCFrame":[774.361,229.304,49.693,0.066,-0.817,0.573,0,0.574,0.819,-0.998,-0.054,0.038],"_shiftlockState":true,"_pose":"Running","_animationQueue":[],"_animationSpeed":1.088,"_zoom":6.233},{"_mousePosition":[683,352.5],"_rootPartCFrame":[770.41,222.7,51.19,0.066,0,0.998,0,1,0,-0.998,0,0.066],"_humanoidState":8,"_cameraCFrame":[773.99,229.375,49.668,0.065,-0.829,0.556,0,0.557,0.83,-0.998,-0.054,0.036],"_shiftlockState":true,"_pose":"Running","_animationQueue":[],"_animationSpeed":1.088,"_zoom":6.233},{"_mousePosition":[683,352.5],"_rootPartCFrame":[770.144,222.666,51.174,0.065,0,0.998,0,1,0,-0.998,0,0.065],"_humanoidState":8,"_cameraCFrame":[773.646,229.388,49.633,0.06,-0.836,0.545,0,0.546,0.838,-0.998,-0.051,0.033],"_shiftlockState":true,"_pose":"Running","_animationQueue":[],"_animationSpeed":1.088,"_zoom":6.233},{"_mousePosition":[683,352.5],"_rootPartCFrame":[769.878,223.528,51.159,0.06,0,0.998,0,1,0,-0.998,0,0.06],"_humanoidState":3,"_cameraCFrame":[773.3,230.297,49.595,0.055,-0.844,0.534,0,0.534,0.845,-0.998,-0.047,0.029],"_shiftlockState":true,"_pose":"Jumping","_animationQueue":[["walk",0.1],["jump",0.1]],"_animationSpeed":1,"_zoom":6.233},{"_mousePosition":[683,352.5],"_rootPartCFrame":[769.612,224.337,51.143,0.056,0,0.998,0,1,0,-0.998,0,0.056],"_humanoidState":5,"_cameraCFrame":[772.978,231.137,49.566,0.052,-0.849,0.525,0,0.526,0.85,-0.999,-0.044,0.027],"_shiftlockState":true,"_pose":"FreeFall","_animationQueue":[["jump",0.1]],"_animationSpeed":1,"_zoom":6.233},{"_mousePosition":[683,352.5],"_rootPartCFrame":[769.345,225.091,51.128,0.053,0,0.999,0,1,0,-0.999,0,0.053],"_humanoidState":5,"_cameraCFrame":[772.676,231.912,49.545,0.051,-0.853,0.52,0,0.521,0.854,-0.999,-0.044,0.027],"_shiftlockState":true,"_pose":"FreeFall","_animationQueue":[],"_animationSpeed":1,"_zoom":6.233},{"_mousePosition":[683,352.5],"_rootPartCFrame":[769.079,225.79,51.114,0.051,0,0.999,0,1,0,-0.999,0,0.051],"_humanoidState":5,"_cameraCFrame":[772.392,232.622,49.531,0.051,-0.854,0.517,0,0.518,0.855,-0.999,-0.044,0.026],"_shiftlockState":true,"_pose":"FreeFall","_animationQueue":[],"_animationSpeed":1,"_zoom":6.233},{"_mousePosition":[683,352.5],"_rootPartCFrame":[768.813,226.435,51.1,0.051,0,0.999,0,1,0,-0.999,0,0.051],"_humanoidState":5,"_cameraCFrame":[772.126,233.267,49.517,0.051,-0.854,0.517,0,0.518,0.855,-0.999,-0.044,0.026],"_shiftlockState":true,"_pose":"FreeFall","_animationQueue":[],"_animationSpeed":1,"_zoom":6.233},{"_mousePosition":[683,352.5],"_rootPartCFrame":[768.546,227.025,51.086,0.051,0,0.999,0,1,0,-0.999,0,0.051],"_humanoidState":5,"_cameraCFrame":[771.86,233.857,49.503,0.051,-0.854,0.517,0,0.518,0.855,-0.999,-0.044,0.026],"_shiftlockState":true,"_pose":"FreeFall","_animationQueue":[],"_animationSpeed":1,"_zoom":6.233},{"_mousePosition":[683,352.5],"_rootPartCFrame":[768.28,227.561,51.073,0.051,0,0.999,0,1,0,-0.999,0,0.051],"_humanoidState":5,"_cameraCFrame":[771.593,234.393,49.49,0.051,-0.854,0.517,0,0.518,0.855,-0.999,-0.044,0.026],"_shiftlockState":true,"_pose":"FreeFall","_animationQueue":[],"_animationSpeed":1,"_zoom":6.233},{"_mousePosition":[683,352.5],"_rootPartCFrame":[768.014,228.043,51.059,0.051,0,0.999,0,1,0,-0.999,0,0.051],"_humanoidState":5,"_cameraCFrame":[771.327,234.875,49.476,0.051,-0.854,0.517,0,0.518,0.855,-0.999,-0.044,0.026],"_shiftlockState":true,"_pose":"FreeFall","_animationQueue":[],"_animationSpeed":1,"_zoom":6.233},{"_mousePosition":[683,352.5],"_rootPartCFrame":[767.814,228.368,51.049,0.051,0,0.999,0,1,0,-0.999,0,0.051],"_humanoidState":5,"_cameraCFrame":[771.127,235.2,49.466,0.051,-0.854,0.517,0,0.518,0.855,-0.999,-0.044,0.026],"_shiftlockState":true,"_pose":"FreeFall","_animationQueue":[],"_animationSpeed":1,"_zoom":6.233},{"_mousePosition":[683,352.5],"_rootPartCFrame":[767.548,228.754,51.035,0.051,0,0.999,0,1,0,-0.999,0,0.051],"_humanoidState":5,"_cameraCFrame":[770.861,235.586,49.452,0.051,-0.854,0.517,0,0.518,0.855,-0.999,-0.044,0.026],"_shiftlockState":true,"_pose":"FreeFall","_animationQueue":[],"_animationSpeed":1,"_zoom":6.233},{"_mousePosition":[683,352.5],"_rootPartCFrame":[767.215,229.16,51.018,0.051,0,0.999,0,1,0,-0.999,0,0.051],"_humanoidState":5,"_cameraCFrame":[770.528,235.992,49.435,0.051,-0.854,0.517,0,0.518,0.855,-0.999,-0.044,0.026],"_shiftlockState":true,"_pose":"FreeFall","_animationQueue":[],"_animationSpeed":1,"_zoom":6.233},{"_mousePosition":[683,352.5],"_rootPartCFrame":[767.015,229.363,51.008,0.051,0,0.999,0,1,0,-0.999,0,0.051],"_humanoidState":5,"_cameraCFrame":[770.328,236.194,49.425,0.051,-0.854,0.517,0,0.518,0.855,-0.999,-0.044,0.026],"_shiftlockState":true,"_pose":"FreeFall","_animationQueue":[],"_animationSpeed":1,"_zoom":6.233},{"_mousePosition":[683,352.5],"_rootPartCFrame":[766.748,229.585,50.995,0.051,0,0.999,0,1,0,-0.999,0,0.051],"_humanoidState":5,"_cameraCFrame":[770.062,236.417,49.412,0.051,-0.854,0.517,0,0.518,0.855,-0.999,-0.044,0.026],"_shiftlockState":true,"_pose":"FreeFall","_animationQueue":[],"_animationSpeed":1,"_zoom":6.233},{"_mousePosition":[683,352.5],"_rootPartCFrame":[766.698,229.707,50.987,0.016,0,1,0.004,1,0,-1,0.004,0.016],"_humanoidState":5,"_cameraCFrame":[770.093,236.523,49.534,0.088,-0.85,0.52,0,0.522,0.853,-0.996,-0.075,0.046],"_shiftlockState":true,"_pose":"FreeFall","_animationQueue":[],"_animationSpeed":1,"_zoom":6.233},{"_mousePosition":[683,352.5],"_rootPartCFrame":[766.774,229.701,50.984,0.076,0,0.997,0.002,1,0,-0.997,0.002,0.076],"_humanoidState":5,"_cameraCFrame":[770.587,236.404,50.438,0.323,-0.79,0.521,0,0.551,0.835,-0.947,-0.269,0.178],"_shiftlockState":true,"_pose":"FreeFall","_animationQueue":[],"_animationSpeed":1,"_zoom":6.233},{"_mousePosition":[683,352.5],"_rootPartCFrame":[766.81,229.64,50.979,0.299,0,0.954,0.001,1,0,-0.954,0.001,0.299],"_humanoidState":5,"_cameraCFrame":[770.465,236.264,52.495,0.752,-0.542,0.375,0,0.569,0.822,-0.659,-0.618,0.428],"_shiftlockState":true,"_pose":"FreeFall","_animationQueue":[["fall",0.3]],"_animationSpeed":1,"_zoom":6.233},{"_mousePosition":[683,352.5],"_rootPartCFrame":[766.965,229.525,51.059,0.71,0,0.704,0,1,0,-0.704,0,0.71],"_humanoidState":5,"_cameraCFrame":[769.238,236.339,53.977,0.986,-0.143,0.088,0,0.523,0.852,-0.168,-0.84,0.515],"_shiftlockState":true,"_pose":"FreeFall","_animationQueue":[],"_animationSpeed":1,"_zoom":6.233},{"_mousePosition":[683,352.5],"_rootPartCFrame":[767.331,229.661,50.905,0.989,0,0.149,0,1,0,-0.149,0,0.989],"_humanoidState":7,"_cameraCFrame":[769.044,236.828,53.524,1,0.013,-0.006,0,0.416,0.909,0.014,-0.909,0.416],"_shiftlockState":true,"_pose":"FreeFall","_animationQueue":[["walk",0.1],["fall",0.3],["fall",0.3]],"_animationSpeed":1,"_zoom":6.233},{"_mousePosition":[683,352.5],"_rootPartCFrame":[767.431,229.724,50.818,0.999,0,-0.033,0,1,0,0.033,0,0.999],"_humanoidState":7,"_cameraCFrame":[769.245,237.234,52.403,0.999,-0.038,0.01,0,0.265,0.964,-0.039,-0.963,0.265],"_shiftlockState":true,"_pose":"FreeFall","_animationQueue":[],"_animationSpeed":1,"_zoom":6.233},{"_mousePosition":[683,352.5],"_rootPartCFrame":[767.654,229.824,50.624,1,0,0.027,0,1,0,-0.027,0,1],"_humanoidState":8,"_cameraCFrame":[769.592,237.427,51.58,0.986,-0.165,0.034,0,0.204,0.979,-0.168,-0.965,0.201],"_shiftlockState":true,"_pose":"Running","_animationQueue":[["walk",0.1],["fall",0.3],["walk",0.1]],"_animationSpeed":1.1,"_zoom":6.233},{"_mousePosition":[683,352.5],"_rootPartCFrame":[767.816,230.698,50.482,0.986,0,0.166,0,1,0,-0.166,0,0.986],"_humanoidState":3,"_cameraCFrame":[769.837,238.301,51.242,0.965,-0.257,0.053,0,0.203,0.979,-0.262,-0.945,0.196],"_shiftlockState":true,"_pose":"Jumping","_animationQueue":[["walk",0.1],["jump",0.1]],"_animationSpeed":1,"_zoom":6.233},{"_mousePosition":[683,352.5],"_rootPartCFrame":[767.997,231.52,50.356,0.985,0,0.172,0,1,0,-0.172,0,0.985],"_humanoidState":5,"_cameraCFrame":[770.141,239.087,51.062,0.934,-0.348,0.082,0,0.229,0.973,-0.358,-0.909,0.214],"_shiftlockState":true,"_pose":"FreeFall","_animationQueue":[["jump",0.1]],"_animationSpeed":1,"_zoom":6.233},{"_mousePosition":[683,352.5],"_rootPartCFrame":[768.209,232.287,50.256,0.972,0,0.235,0,1,0,-0.235,0,0.972],"_humanoidState":5,"_cameraCFrame":[770.459,239.826,50.873,0.898,-0.426,0.109,0,0.248,0.969,-0.439,-0.87,0.222],"_shiftlockState":true,"_pose":"FreeFall","_animationQueue":[],"_animationSpeed":1,"_zoom":6.233},{"_mousePosition":[683,352.5],"_rootPartCFrame":[768.452,233,50.161,0.949,0,0.317,0,1,0,-0.317,0,0.949],"_humanoidState":5,"_cameraCFrame":[770.796,240.51,50.716,0.865,-0.483,0.133,0,0.265,0.964,-0.501,-0.834,0.23],"_shiftlockState":true,"_pose":"FreeFall","_animationQueue":[],"_animationSpeed":1,"_zoom":6.233},{"_mousePosition":[683,352.5],"_rootPartCFrame":[768.694,233.659,50.049,0.924,0,0.382,0,1,0,-0.382,0,0.924],"_humanoidState":5,"_cameraCFrame":[771.14,241.131,50.564,0.832,-0.531,0.159,0,0.286,0.958,-0.555,-0.797,0.238],"_shiftlockState":true,"_pose":"FreeFall","_animationQueue":[],"_animationSpeed":1,"_zoom":6.233},{"_mousePosition":[683,352.5],"_rootPartCFrame":[768.926,234.263,49.919,0.898,0,0.439,0,1,0,-0.439,0,0.898],"_humanoidState":5,"_cameraCFrame":[771.448,241.705,50.408,0.808,-0.561,0.178,0,0.302,0.953,-0.589,-0.771,0.244],"_shiftlockState":true,"_pose":"FreeFall","_animationQueue":[],"_animationSpeed":1,"_zoom":6.233},{"_mousePosition":[683,352.5],"_rootPartCFrame":[769.15,234.812,49.773,0.879,0,0.476,0,1,0,-0.476,0,0.879],"_humanoidState":5,"_cameraCFrame":[771.729,242.23,50.263,0.794,-0.577,0.191,0,0.314,0.949,-0.608,-0.754,0.249],"_shiftlockState":true,"_pose":"FreeFall","_animationQueue":[],"_animationSpeed":1,"_zoom":6.233},{"_mousePosition":[683,352.5],"_rootPartCFrame":[769.366,235.307,49.617,0.868,0,0.497,0,1,0,-0.497,0,0.868],"_humanoidState":5,"_cameraCFrame":[772.01,242.697,50.097,0.776,-0.596,0.206,0,0.327,0.945,-0.63,-0.734,0.254],"_shiftlockState":true,"_pose":"FreeFall","_animationQueue":[],"_animationSpeed":1,"_zoom":6.233},{"_mousePosition":[683,352.5],"_rootPartCFrame":[769.578,235.748,49.456,0.853,0,0.522,0,1,0,-0.522,0,0.853],"_humanoidState":5,"_cameraCFrame":[772.253,243.126,49.903,0.762,-0.61,0.215,0,0.332,0.943,-0.647,-0.719,0.253],"_shiftlockState":true,"_pose":"FreeFall","_animationQueue":[],"_animationSpeed":1,"_zoom":6.233},{"_mousePosition":[683,352.5],"_rootPartCFrame":[769.786,236.134,49.289,0.762,0,0.648,0,1,0,-0.648,0,0.762],"_humanoidState":5,"_cameraCFrame":[772.471,243.515,49.637,0.739,-0.635,0.223,0,0.331,0.944,-0.674,-0.697,0.245],"_shiftlockState":true,"_pose":"FreeFall","_animationQueue":[],"_animationSpeed":1,"_zoom":6.233},{"_mousePosition":[683,352.5],"_rootPartCFrame":[769.968,236.466,49.119,0.768,0,0.64,0,1,0,-0.64,0,0.768],"_humanoidState":5,"_cameraCFrame":[772.664,243.846,49.362,0.713,-0.662,0.232,0,0.331,0.944,-0.702,-0.672,0.236],"_shiftlockState":true,"_pose":"FreeFall","_animationQueue":[["fall",0.3]],"_animationSpeed":1,"_zoom":6.233},{"_mousePosition":[683,352.5],"_rootPartCFrame":[770.111,236.743,48.945,0.719,0,0.695,0,1,0,-0.695,0,0.719],"_humanoidState":5,"_cameraCFrame":[772.822,244.12,49.077,0.681,-0.691,0.244,0,0.333,0.943,-0.732,-0.642,0.227],"_shiftlockState":true,"_pose":"FreeFall","_animationQueue":[],"_animationSpeed":1,"_zoom":6.233},{"_mousePosition":[683,352.5],"_rootPartCFrame":[770.214,236.965,48.769,0.685,0,0.728,0,1,0,-0.728,0,0.685],"_humanoidState":5,"_cameraCFrame":[772.939,244.338,48.794,0.649,-0.717,0.255,0,0.335,0.942,-0.761,-0.611,0.217],"_shiftlockState":true,"_pose":"FreeFall","_animationQueue":[],"_animationSpeed":1,"_zoom":6.233},{"_mousePosition":[683,352.5],"_rootPartCFrame":[770.278,237.133,48.593,0.653,0,0.757,0,1,0,-0.757,0,0.653],"_humanoidState":5,"_cameraCFrame":[773.023,244.495,48.486,0.607,-0.748,0.27,0,0.34,0.941,-0.795,-0.571,0.206],"_shiftlockState":true,"_pose":"FreeFall","_animationQueue":[],"_animationSpeed":1,"_zoom":6.233},{"_mousePosition":[683,352.5],"_rootPartCFrame":[770.301,237.247,48.416,0.612,0,0.791,0,1,0,-0.791,0,0.612],"_humanoidState":5,"_cameraCFrame":[773.069,244.595,48.195,0.567,-0.773,0.285,0,0.346,0.938,-0.824,-0.532,0.196],"_shiftlockState":true,"_pose":"FreeFall","_animationQueue":[],"_animationSpeed":1,"_zoom":6.233},{"_mousePosition":[683,352.5],"_rootPartCFrame":[770.286,237.306,48.241,0.572,0,0.82,0,1,0,-0.82,0,0.572],"_humanoidState":5,"_cameraCFrame":[773.081,244.637,47.927,0.531,-0.793,0.299,0,0.353,0.936,-0.847,-0.497,0.188],"_shiftlockState":true,"_pose":"FreeFall","_animationQueue":[],"_animationSpeed":1,"_zoom":6.233},{"_mousePosition":[683,352.5],"_rootPartCFrame":[770.23,237.31,48.07,0.536,0,0.844,0,1,0,-0.844,0,0.536],"_humanoidState":5,"_cameraCFrame":[773.053,244.621,47.653,0.491,-0.812,0.315,0,0.362,0.932,-0.871,-0.458,0.178],"_shiftlockState":true,"_pose":"FreeFall","_animationQueue":[],"_animationSpeed":1,"_zoom":6.233},{"_mousePosition":[683,352.5],"_rootPartCFrame":[770.135,237.26,47.905,0.496,0,0.868,0,1,0,-0.868,0,0.496],"_humanoidState":5,"_cameraCFrame":[772.988,244.549,47.396,0.454,-0.827,0.33,0,0.371,0.929,-0.891,-0.422,0.168],"_shiftlockState":true,"_pose":"FreeFall","_animationQueue":[["fall",0.3]],"_animationSpeed":1,"_zoom":6.233},{"_mousePosition":[683,352.5],"_rootPartCFrame":[770.002,237.156,47.749,0.459,0,0.888,0,1,0,-0.888,0,0.459],"_humanoidState":5,"_cameraCFrame":[772.878,244.426,47.164,0.424,-0.838,0.342,0,0.378,0.926,-0.906,-0.393,0.16],"_shiftlockState":true,"_pose":"FreeFall","_animationQueue":[],"_animationSpeed":1,"_zoom":6.233},{"_mousePosition":[683,352.5],"_rootPartCFrame":[769.831,236.997,47.605,0.429,0,0.903,0,1,0,-0.903,0,0.429],"_humanoidState":5,"_cameraCFrame":[772.732,244.246,46.941,0.393,-0.848,0.355,0,0.386,0.922,-0.92,-0.362,0.152],"_shiftlockState":true,"_pose":"FreeFall","_animationQueue":[],"_animationSpeed":1,"_zoom":6.233},{"_mousePosition":[683,352.5],"_rootPartCFrame":[769.678,236.842,47.507,0.396,0,0.918,0,1,0,-0.918,0,0.396],"_humanoidState":5,"_cameraCFrame":[772.607,244.069,46.779,0.367,-0.855,0.367,0,0.394,0.919,-0.93,-0.337,0.145],"_shiftlockState":true,"_pose":"FreeFall","_animationQueue":[],"_animationSpeed":1,"_zoom":6.233},{"_mousePosition":[683,352.5],"_rootPartCFrame":[769.458,236.529,47.368,0.325,0.002,0.946,-0.005,1,0,-0.946,-0.005,0.325],"_humanoidState":5,"_cameraCFrame":[772.406,243.744,46.607,0.355,-0.857,0.373,0,0.399,0.917,-0.935,-0.325,0.142],"_shiftlockState":true,"_pose":"FreeFall","_animationQueue":[],"_animationSpeed":1,"_zoom":6.233},{"_mousePosition":[683,352.5],"_rootPartCFrame":[769.445,236.654,47.297,0.299,0.001,0.954,-0.006,1,0,-0.954,-0.006,0.299],"_humanoidState":12,"_cameraCFrame":[772.405,243.861,46.523,0.349,-0.858,0.377,0,0.402,0.916,-0.937,-0.32,0.14],"_shiftlockState":true,"_pose":"Climbing","_animationQueue":[["walk",0.1],["fall",0.3],["climb",0.1],["climb",0]],"_animationSpeed":-1.172,"_zoom":6.233},{"_mousePosition":[683,352.5],"_rootPartCFrame":[769.44,236.792,47.271,0.343,0,0.939,-0.002,1,0,-0.939,-0.002,0.343],"_humanoidState":12,"_cameraCFrame":[772.425,243.984,46.484,0.339,-0.859,0.384,0,0.408,0.913,-0.941,-0.31,0.138],"_shiftlockState":true,"_pose":"Climbing","_animationQueue":[["climb",0.1]],"_animationSpeed":0.892,"_zoom":6.233},{"_mousePosition":[683,352.5],"_rootPartCFrame":[769.439,237.026,47.265,0.338,0,0.941,0,1,0,-0.941,0,0.338],"_humanoidState":12,"_cameraCFrame":[772.461,244.192,46.449,0.323,-0.86,0.394,0,0.417,0.909,-0.946,-0.294,0.135],"_shiftlockState":true,"_pose":"Climbing","_animationQueue":[["climb",0]],"_animationSpeed":0.892,"_zoom":6.233},{"_mousePosition":[683,352.5],"_rootPartCFrame":[769.439,237.166,47.264,0.323,0,0.946,0,1,0,-0.946,0,0.323],"_humanoidState":12,"_cameraCFrame":[772.513,244.292,46.366,0.289,-0.864,0.412,0,0.43,0.903,-0.957,-0.261,0.125],"_shiftlockState":true,"_pose":"Climbing","_animationQueue":[],"_animationSpeed":0.892,"_zoom":6.233},{"_mousePosition":[683,352.5],"_rootPartCFrame":[769.439,237.399,47.264,0.289,0,0.957,0,1,0,-0.957,0,0.289],"_humanoidState":12,"_cameraCFrame":[772.56,244.479,46.248,0.245,-0.868,0.432,0,0.446,0.895,-0.97,-0.219,0.109],"_shiftlockState":true,"_pose":"Climbing","_animationQueue":[],"_animationSpeed":0.892,"_zoom":6.233},{"_mousePosition":[683,352.5],"_rootPartCFrame":[769.439,237.586,47.264,0.245,0,0.97,0,1,0,-0.97,0,0.245],"_humanoidState":12,"_cameraCFrame":[772.603,244.608,46.081,0.186,-0.871,0.456,0,0.464,0.886,-0.983,-0.165,0.086],"_shiftlockState":true,"_pose":"Climbing","_animationQueue":[],"_animationSpeed":0.892,"_zoom":6.233},{"_mousePosition":[683,352.5],"_rootPartCFrame":[769.439,237.726,47.264,0.186,0,0.983,0,1,0,-0.983,0,0.186],"_humanoidState":12,"_cameraCFrame":[772.46,244.669,47.558,0.097,-0.869,0.485,0,0.487,0.873,-0.995,-0.084,0.047],"_shiftlockState":false,"_pose":"Climbing","_animationQueue":[],"_animationSpeed":0.892,"_zoom":6.233},{"_mousePosition":[683,352.5],"_rootPartCFrame":[769.439,237.959,47.264,0.186,0,0.983,0,1,0,-0.983,0,0.186],"_humanoidState":12,"_cameraCFrame":[772.46,244.903,47.558,0.097,-0.869,0.485,0,0.487,0.873,-0.995,-0.084,0.047],"_shiftlockState":false,"_pose":"Climbing","_animationQueue":[],"_animationSpeed":0.892,"_zoom":6.233},{"_mousePosition":[619,330],"_rootPartCFrame":[769.439,238.145,47.264,0.186,0,0.983,0,1,0,-0.983,0,0.186],"_humanoidState":12,"_cameraCFrame":[772.46,245.089,47.558,0.097,-0.869,0.485,0,0.487,0.873,-0.995,-0.084,0.047],"_shiftlockState":false,"_pose":"Climbing","_animationQueue":[],"_animationSpeed":0.892,"_zoom":6.233},{"_mousePosition":[551,301],"_rootPartCFrame":[769.439,238.332,47.264,0.186,0,0.983,0,1,0,-0.983,0,0.186],"_humanoidState":12,"_cameraCFrame":[772.46,245.276,47.558,0.097,-0.869,0.485,0,0.487,0.873,-0.995,-0.084,0.047],"_shiftlockState":false,"_pose":"Climbing","_animationQueue":[],"_animationSpeed":0.892,"_zoom":6.233},{"_mousePosition":[505,273],"_rootPartCFrame":[769.439,238.519,47.264,0.186,0,0.983,0,1,0,-0.983,0,0.186],"_humanoidState":12,"_cameraCFrame":[772.46,245.463,47.558,0.097,-0.869,0.485,0,0.487,0.873,-0.995,-0.084,0.047],"_shiftlockState":false,"_pose":"Climbing","_animationQueue":[],"_animationSpeed":0.892,"_zoom":6.233},{"_mousePosition":[486,255],"_rootPartCFrame":[769.439,238.705,47.264,0.186,0,0.983,0,1,0,-0.983,0,0.186],"_humanoidState":12,"_cameraCFrame":[772.46,245.649,47.558,0.097,-0.869,0.485,0,0.487,0.873,-0.995,-0.084,0.047],"_shiftlockState":false,"_pose":"Climbing","_animationQueue":[],"_animationSpeed":0.892,"_zoom":6.233},{"_mousePosition":[481,245],"_rootPartCFrame":[769.439,238.892,47.264,0.186,0,0.983,0,1,0,-0.983,0,0.186],"_humanoidState":12,"_cameraCFrame":[772.46,245.836,47.558,0.097,-0.869,0.485,0,0.487,0.873,-0.995,-0.084,0.047],"_shiftlockState":false,"_pose":"Climbing","_animationQueue":[],"_animationSpeed":0.892,"_zoom":6.233},{"_mousePosition":[484,236],"_rootPartCFrame":[769.439,239.032,47.264,0.186,0,0.983,0,1,0,-0.983,0,0.186],"_humanoidState":12,"_cameraCFrame":[772.46,245.976,47.558,0.097,-0.869,0.485,0,0.487,0.873,-0.995,-0.084,0.047],"_shiftlockState":false,"_pose":"Climbing","_animationQueue":[],"_animationSpeed":0.892,"_zoom":6.233},{"_mousePosition":[500,230],"_rootPartCFrame":[769.439,239.265,47.264,0.186,0,0.983,0,1,0,-0.983,0,0.186],"_humanoidState":12,"_cameraCFrame":[772.46,246.209,47.558,0.097,-0.869,0.485,0,0.487,0.873,-0.995,-0.084,0.047],"_shiftlockState":false,"_pose":"Climbing","_animationQueue":[],"_animationSpeed":0.892,"_zoom":6.233},{"_mousePosition":[500,230],"_rootPartCFrame":[769.439,239.405,47.264,0.186,0,0.983,0,1,0,-0.983,0,0.186],"_humanoidState":12,"_cameraCFrame":[772.46,246.349,47.558,0.097,-0.869,0.485,0,0.487,0.873,-0.995,-0.084,0.047],"_shiftlockState":false,"_pose":"Climbing","_animationQueue":[],"_animationSpeed":0.892,"_zoom":6.233},{"_mousePosition":[500,230],"_rootPartCFrame":[769.439,239.639,47.264,0.186,0,0.983,0,1,0,-0.983,0,0.186],"_humanoidState":12,"_cameraCFrame":[772.46,246.582,47.558,0.097,-0.869,0.485,0,0.487,0.873,-0.995,-0.084,0.047],"_shiftlockState":false,"_pose":"Climbing","_animationQueue":[],"_animationSpeed":0.892,"_zoom":6.233},{"_mousePosition":[500,230],"_rootPartCFrame":[769.439,239.825,47.264,0.186,0,0.983,0,1,0,-0.983,0,0.186],"_humanoidState":12,"_cameraCFrame":[772.46,246.769,47.558,0.097,-0.869,0.485,0,0.487,0.873,-0.995,-0.084,0.047],"_shiftlockState":false,"_pose":"Climbing","_animationQueue":[],"_animationSpeed":0.892,"_zoom":6.233},{"_mousePosition":[500,230],"_rootPartCFrame":[769.439,239.965,47.264,0.186,0,0.983,0,1,0,-0.983,0,0.186],"_humanoidState":12,"_cameraCFrame":[772.46,246.909,47.558,0.097,-0.869,0.485,0,0.487,0.873,-0.995,-0.084,0.047],"_shiftlockState":false,"_pose":"Climbing","_animationQueue":[],"_animationSpeed":0.892,"_zoom":6.233},{"_mousePosition":[500,230],"_rootPartCFrame":[769.439,240.152,47.264,0.186,0,0.983,0,1,0,-0.983,0,0.186],"_humanoidState":12,"_cameraCFrame":[772.46,247.096,47.558,0.097,-0.869,0.485,0,0.487,0.873,-0.995,-0.084,0.047],"_shiftlockState":false,"_pose":"Climbing","_animationQueue":[],"_animationSpeed":0.892,"_zoom":6.233},{"_mousePosition":[500,230],"_rootPartCFrame":[769.439,240.385,47.264,0.186,0,0.983,0,1,0,-0.983,0,0.186],"_humanoidState":12,"_cameraCFrame":[772.46,247.329,47.558,0.097,-0.869,0.485,0,0.487,0.873,-0.995,-0.084,0.047],"_shiftlockState":false,"_pose":"Climbing","_animationQueue":[],"_animationSpeed":0.892,"_zoom":6.233},{"_mousePosition":[500,230],"_rootPartCFrame":[769.439,240.525,47.264,0.186,0,0.983,0,1,0,-0.983,0,0.186],"_humanoidState":12,"_cameraCFrame":[772.46,247.469,47.558,0.097,-0.869,0.485,0,0.487,0.873,-0.995,-0.084,0.047],"_shiftlockState":false,"_pose":"Climbing","_animationQueue":[],"_animationSpeed":0.892,"_zoom":6.233},{"_mousePosition":[500,230],"_rootPartCFrame":[769.439,240.712,47.264,0.186,0,0.983,0,1,0,-0.983,0,0.186],"_humanoidState":12,"_cameraCFrame":[772.46,247.656,47.558,0.097,-0.869,0.485,0,0.487,0.873,-0.995,-0.084,0.047],"_shiftlockState":false,"_pose":"Climbing","_animationQueue":[],"_animationSpeed":0.892,"_zoom":6.233},{"_mousePosition":[500,230],"_rootPartCFrame":[769.439,240.945,47.264,0.186,0,0.983,0,1,0,-0.983,0,0.186],"_humanoidState":12,"_cameraCFrame":[772.46,247.889,47.558,0.097,-0.869,0.485,0,0.487,0.873,-0.995,-0.084,0.047],"_shiftlockState":false,"_pose":"Climbing","_animationQueue":[],"_animationSpeed":0.892,"_zoom":6.233},{"_mousePosition":[500,230],"_rootPartCFrame":[769.439,241.132,47.264,0.186,0,0.983,0,1,0,-0.983,0,0.186],"_humanoidState":12,"_cameraCFrame":[772.46,248.076,47.558,0.097,-0.869,0.485,0,0.487,0.873,-0.995,-0.084,0.047],"_shiftlockState":false,"_pose":"Climbing","_animationQueue":[],"_animationSpeed":0.892,"_zoom":6.233},{"_mousePosition":[500,230],"_rootPartCFrame":[769.439,241.318,47.264,0.186,0,0.983,0,1,0,-0.983,0,0.186],"_humanoidState":12,"_cameraCFrame":[772.46,248.262,47.558,0.097,-0.869,0.485,0,0.487,0.873,-0.995,-0.084,0.047],"_shiftlockState":false,"_pose":"Climbing","_animationQueue":[],"_animationSpeed":0.892,"_zoom":6.233},{"_mousePosition":[500,230],"_rootPartCFrame":[769.439,241.505,47.264,0.186,0,0.983,0,1,0,-0.983,0,0.186],"_humanoidState":12,"_cameraCFrame":[772.46,248.449,47.558,0.097,-0.869,0.485,0,0.487,0.873,-0.995,-0.084,0.047],"_shiftlockState":false,"_pose":"Climbing","_animationQueue":[],"_animationSpeed":0.892,"_zoom":6.233},{"_mousePosition":[500,230],"_rootPartCFrame":[769.439,241.645,47.264,0.186,0,0.983,0,1,0,-0.983,0,0.186],"_humanoidState":12,"_cameraCFrame":[772.386,248.455,47.55,0.097,-0.869,0.485,0,0.487,0.873,-0.995,-0.084,0.047],"_shiftlockState":false,"_pose":"Climbing","_animationQueue":[],"_animationSpeed":0.892,"_zoom":4.586},{"_mousePosition":[500,230],"_rootPartCFrame":[769.439,241.878,47.264,0.186,0,0.983,0,1,0,-0.983,0,0.186],"_humanoidState":12,"_cameraCFrame":[772.18,248.317,47.53,0.097,-0.869,0.485,0,0.487,0.873,-0.995,-0.084,0.047],"_shiftlockState":false,"_pose":"Climbing","_animationQueue":[],"_animationSpeed":0.892,"_zoom":2.391},{"_mousePosition":[500,230],"_rootPartCFrame":[769.439,242.065,47.264,0.186,0,0.983,0,1,0,-0.983,0,0.186],"_humanoidState":12,"_cameraCFrame":[771.854,247.918,47.499,0.097,-0.869,0.485,0,0.487,0.873,-0.995,-0.084,0.047],"_shiftlockState":false,"_pose":"Climbing","_animationQueue":[],"_animationSpeed":0.892,"_zoom":1.513},{"_mousePosition":[500,230],"_rootPartCFrame":[769.439,242.205,47.264,0.186,0,0.983,0,1,0,-0.983,0,0.186],"_humanoidState":12,"_cameraCFrame":[771.437,247.306,47.458,0.097,-0.869,0.485,0,0.487,0.873,-0.995,-0.084,0.047],"_shiftlockState":false,"_pose":"Climbing","_animationQueue":[],"_animationSpeed":0.892,"_zoom":0.5},{"_mousePosition":[683,352.5],"_rootPartCFrame":[769.439,242.438,47.264,0.097,0,0.995,0,1,0,-0.995,0,0.097],"_humanoidState":12,"_cameraCFrame":[771.022,246.791,47.418,0.097,-0.869,0.485,0,0.487,0.873,-0.995,-0.084,0.047],"_shiftlockState":false,"_pose":"Climbing","_animationQueue":[],"_animationSpeed":0.892,"_zoom":0.5},{"_mousePosition":[683,352.5],"_rootPartCFrame":[769.439,242.625,47.264,0.097,0,0.995,0,1,0,-0.995,0,0.097],"_humanoidState":12,"_cameraCFrame":[770.687,246.374,47.386,0.097,-0.869,0.485,0,0.487,0.873,-0.995,-0.084,0.047],"_shiftlockState":false,"_pose":"Climbing","_animationQueue":[["climb",0]],"_animationSpeed":0.892,"_zoom":0.5},{"_mousePosition":[683,352.5],"_rootPartCFrame":[769.439,242.765,47.264,0.097,0,0.995,0,1,0,-0.995,0,0.097],"_humanoidState":12,"_cameraCFrame":[770.403,246.003,47.358,0.097,-0.869,0.485,0,0.487,0.873,-0.995,-0.084,0.047],"_shiftlockState":false,"_pose":"Climbing","_animationQueue":[],"_animationSpeed":0.892,"_zoom":0.5},{"_mousePosition":[683,352.5],"_rootPartCFrame":[769.439,242.952,47.264,0.097,0,0.995,0,1,0,-0.995,0,0.097],"_humanoidState":12,"_cameraCFrame":[770.185,245.783,47.336,0.096,-0.867,0.488,0,0.491,0.871,-0.995,-0.083,0.047],"_shiftlockState":false,"_pose":"Climbing","_animationQueue":[],"_animationSpeed":0.892,"_zoom":0.5},{"_mousePosition":[683,352.5],"_rootPartCFrame":[769.439,243.185,47.264,0.096,0,0.995,0,1,0,-0.995,0,0.096],"_humanoidState":12,"_cameraCFrame":[770.037,245.738,47.321,0.094,-0.865,0.493,0,0.495,0.869,-0.996,-0.082,0.047],"_shiftlockState":false,"_pose":"Climbing","_animationQueue":[],"_animationSpeed":0.892,"_zoom":0.5},{"_mousePosition":[683,352.5],"_rootPartCFrame":[769.439,243.372,47.264,0.094,0,0.996,0,1,0,-0.996,0,0.094],"_humanoidState":12,"_cameraCFrame":[769.937,245.749,47.312,0.094,-0.865,0.493,0,0.495,0.869,-0.996,-0.082,0.047],"_shiftlockState":false,"_pose":"Climbing","_animationQueue":[],"_animationSpeed":0.892,"_zoom":0.5},{"_mousePosition":[683,352.5],"_rootPartCFrame":[769.439,243.512,47.264,0.094,0,0.996,0,1,0,-0.996,0,0.094],"_humanoidState":12,"_cameraCFrame":[769.856,245.747,47.304,0.094,-0.865,0.493,0,0.495,0.869,-0.996,-0.082,0.047],"_shiftlockState":false,"_pose":"Climbing","_animationQueue":[],"_animationSpeed":0.892,"_zoom":0.5},{"_mousePosition":[683,352.5],"_rootPartCFrame":[769.439,243.745,47.264,0.094,0,0.996,0,1,0,-0.996,0,0.094],"_humanoidState":12,"_cameraCFrame":[769.801,245.882,47.299,0.094,-0.865,0.493,0,0.495,0.869,-0.996,-0.082,0.047],"_shiftlockState":false,"_pose":"Climbing","_animationQueue":[],"_animationSpeed":0.892,"_zoom":0.5},{"_mousePosition":[683,352.5],"_rootPartCFrame":[769.439,243.931,47.264,0.095,0,0.996,0,1,0,-0.996,0,0.095],"_humanoidState":12,"_cameraCFrame":[769.764,246.005,47.295,0.094,-0.865,0.493,0,0.495,0.869,-0.996,-0.082,0.047],"_shiftlockState":false,"_pose":"Climbing","_animationQueue":[],"_animationSpeed":0.892,"_zoom":0.5},{"_mousePosition":[683,352.5],"_rootPartCFrame":[769.439,244.071,47.264,0.094,0,0.996,0,1,0,-0.996,0,0.094],"_humanoidState":12,"_cameraCFrame":[769.738,246.098,47.293,0.094,-0.865,0.493,0,0.495,0.869,-0.996,-0.082,0.047],"_shiftlockState":false,"_pose":"Climbing","_animationQueue":[],"_animationSpeed":0.892,"_zoom":0.5},{"_mousePosition":[683,352.5],"_rootPartCFrame":[769.439,244.305,47.264,0.094,0,0.996,0,1,0,-0.996,0,0.094],"_humanoidState":12,"_cameraCFrame":[769.719,246.299,47.291,0.094,-0.865,0.493,0,0.495,0.869,-0.996,-0.082,0.047],"_shiftlockState":false,"_pose":"Climbing","_animationQueue":[],"_animationSpeed":0.892,"_zoom":0.5},{"_mousePosition":[683,352.5],"_rootPartCFrame":[769.439,244.491,47.264,0.094,0,0.996,0,1,0,-0.996,0,0.094],"_humanoidState":12,"_cameraCFrame":[769.709,246.467,47.29,0.094,-0.865,0.493,0,0.495,0.869,-0.996,-0.082,0.047],"_shiftlockState":false,"_pose":"Climbing","_animationQueue":[],"_animationSpeed":0.892,"_zoom":0.5},{"_mousePosition":[683,352],"_rootPartCFrame":[769.439,244.631,47.264,0.094,0,0.996,0,1,0,-0.996,0,0.094],"_humanoidState":12,"_cameraCFrame":[769.701,246.593,47.289,0.094,-0.865,0.493,0,0.495,0.869,-0.996,-0.082,0.047],"_shiftlockState":false,"_pose":"Climbing","_animationQueue":[],"_animationSpeed":0.892,"_zoom":0.5},{"_mousePosition":[683,352],"_rootPartCFrame":[769.439,244.865,47.264,0.094,0,0.996,0,1,0,-0.996,0,0.094],"_humanoidState":12,"_cameraCFrame":[769.695,246.817,47.289,0.094,-0.865,0.493,0,0.495,0.869,-0.996,-0.082,0.047],"_shiftlockState":false,"_pose":"Climbing","_animationQueue":[],"_animationSpeed":0.892,"_zoom":0.5},{"_mousePosition":[683,352],"_rootPartCFrame":[769.439,245.051,47.264,0.094,0,0.996,0,1,0,-0.996,0,0.094],"_humanoidState":12,"_cameraCFrame":[769.692,246.997,47.288,0.094,-0.865,0.493,0,0.495,0.869,-0.996,-0.082,0.047],"_shiftlockState":false,"_pose":"Climbing","_animationQueue":[],"_animationSpeed":0.892,"_zoom":0.5},{"_mousePosition":[683,352],"_rootPartCFrame":[769.439,245.285,47.264,0.095,0,0.996,0,1,0,-0.996,0,0.095],"_humanoidState":12,"_cameraCFrame":[769.69,247.227,47.288,0.094,-0.865,0.493,0,0.495,0.869,-0.996,-0.082,0.047],"_shiftlockState":false,"_pose":"Climbing","_animationQueue":[],"_animationSpeed":0.892,"_zoom":0.5},{"_mousePosition":[683,352],"_rootPartCFrame":[769.439,245.425,47.264,0.094,0,0.996,0,1,0,-0.996,0,0.094],"_humanoidState":12,"_cameraCFrame":[769.688,247.364,47.288,0.094,-0.865,0.493,0,0.495,0.869,-0.996,-0.082,0.047],"_shiftlockState":false,"_pose":"Climbing","_animationQueue":[],"_animationSpeed":0.892,"_zoom":0.5},{"_mousePosition":[683,352],"_rootPartCFrame":[769.439,245.611,47.264,0.095,0,0.996,0,1,0,-0.996,0,0.095],"_humanoidState":12,"_cameraCFrame":[769.687,247.549,47.288,0.094,-0.865,0.493,0,0.495,0.869,-0.996,-0.082,0.047],"_shiftlockState":false,"_pose":"Climbing","_animationQueue":[],"_animationSpeed":0.892,"_zoom":0.5},{"_mousePosition":[683,352],"_rootPartCFrame":[769.439,245.751,47.264,0.094,0,0.996,0,1,0,-0.996,0,0.094],"_humanoidState":12,"_cameraCFrame":[769.687,247.688,47.288,0.094,-0.865,0.493,0,0.495,0.869,-0.996,-0.082,0.047],"_shiftlockState":false,"_pose":"Climbing","_animationQueue":[],"_animationSpeed":0.892,"_zoom":0.5},{"_mousePosition":[683,352.5],"_rootPartCFrame":[769.439,245.985,47.264,0.094,0,0.996,0,1,0,-0.996,0,0.094],"_humanoidState":12,"_cameraCFrame":[769.692,247.917,47.284,0.077,-0.859,0.506,0,0.507,0.862,-0.997,-0.066,0.039],"_shiftlockState":false,"_pose":"Climbing","_animationQueue":[],"_animationSpeed":0.892,"_zoom":0.5},{"_mousePosition":[683,352.5],"_rootPartCFrame":[769.439,246.171,47.264,0.077,0,0.997,0,1,0,-0.997,0,0.077],"_humanoidState":12,"_cameraCFrame":[769.702,248.097,47.274,0.038,-0.85,0.526,0,0.526,0.851,-0.999,-0.032,0.02],"_shiftlockState":false,"_pose":"Climbing","_animationQueue":[],"_animationSpeed":0.892,"_zoom":0.5},{"_mousePosition":[683,352.5],"_rootPartCFrame":[769.439,246.358,47.264,0.038,0,0.999,0,1,0,-0.999,0,0.038],"_humanoidState":12,"_cameraCFrame":[769.704,248.282,47.272,0.027,-0.848,0.53,0,0.53,0.848,-1,-0.023,0.014],"_shiftlockState":false,"_p