[{"_mousePosition":[1127,373],"_rootPartCFrame":[776.035,222.973,47.142,-0.002,-0.008,1,0,1,0.008,-1,0,-0.002],"_humanoidState":8,"_cameraCFrame":[776.839,230.598,43.535,-0.975,-0.189,0.114,0,0.517,0.856,-0.221,0.835,-0.504],"_shiftlockState":false,"_pose":"Standing","_animationQueue":[],"_animationSpeed":1,"_zoom":7.155},{"_mousePosition":[1122,378],"_rootPartCFrame":[775.74,222.812,47.075,0.035,0,0.999,0,1,0,-0.999,0,0.035],"_humanoidState":8,"_cameraCFrame":[776.555,230.437,43.469,-0.975,-0.189,0.114,0,0.517,0.856,-0.221,0.835,-0.504],"_shiftlockState":false,"_pose":"Standing","_animationQueue":[],"_animationSpeed":1,"_zoom":7.155},{"_mousePosition":[1116,385],"_rootPartCFrame":[775.61,222.729,47.046,0.048,0,0.999,0,1,0,-0.999,0,0.048],"_humanoidState":8,"_cameraCFrame":[776.426,230.354,43.439,-0.975,-0.189,0.114,0,0.517,0.856,-0.221,0.835,-0.504],"_shiftlockState":false,"_pose":"Running","_animationQueue":[["walk",0.1]],"_animationSpeed":1.091,"_zoom":7.155},{"_mousePosition":[1110,391],"_rootPartCFrame":[775.219,222.623,46.958,0.083,0,0.997,0,1,0,-0.997,0,0.083],"_humanoidState":8,"_cameraCFrame":[776.035,230.248,43.351,-0.975,-0.189,0.114,0,0.517,0.856,-0.221,0.835,-0.504],"_shiftlockState":false,"_pose":"Running","_animationQueue":[],"_animationSpeed":1.091,"_zoom":7.155},{"_mousePosition":[1104,400],"_rootPartCFrame":[774.959,222.652,46.899,0.102,0,0.995,0,1,0,-0.995,0,0.102],"_humanoidState":8,"_cameraCFrame":[775.775,230.277,43.292,-0.975,-0.189,0.114,0,0.517,0.856,-0.221,0.835,-0.504],"_shiftlockState":false,"_pose":"Running","_animationQueue":[],"_animationSpeed":1.091,"_zoom":7.155},{"_mousePosition":[1096,411],"_rootPartCFrame":[774.829,222.664,46.869,0.11,0,0.994,0,1,0,-0.994,0,0.11],"_humanoidState":8,"_cameraCFrame":[775.645,230.289,43.263,-0.975,-0.189,0.114,0,0.517,0.856,-0.221,0.835,-0.504],"_shiftlockState":false,"_pose":"Running","_animationQueue":[],"_animationSpeed":1.091,"_zoom":7.155},{"_mousePosition":[1087,426],"_rootPartCFrame":[774.569,222.68,46.81,0.125,0,0.992,0,1,0,-0.992,0,0.125],"_humanoidState":8,"_cameraCFrame":[775.385,230.305,43.204,-0.975,-0.189,0.114,0,0.517,0.856,-0.221,0.835,-0.504],"_shiftlockState":false,"_pose":"Running","_animationQueue":[["walk",0.1]],"_animationSpeed":1.091,"_zoom":7.155},{"_mousePosition":[1078,442],"_rootPartCFrame":[774.179,222.692,46.722,0.144,0,0.99,0,1,0,-0.99,0,0.144],"_humanoidState":8,"_cameraCFrame":[773.288,230.317,42.73,-0.975,-0.189,0.114,0,0.517,0.856,-0.221,0.835,-0.504],"_shiftlockState":true,"_pose":"Running","_animationQueue":[],"_animationSpeed":1.091,"_zoom":7.155},{"_mousePosition":[683,352.5],"_rootPartCFrame":[773.919,222.696,46.663,-0.988,0,0.157,0,1,0,-0.157,0,-0.988],"_humanoidState":8,"_cameraCFrame":[773.028,230.321,42.671,-0.975,-0.189,0.114,0,0.517,0.856,-0.221,0.835,-0.504],"_shiftlockState":true,"_pose":"Running","_animationQueue":[],"_animationSpeed":1.091,"_zoom":7.155},{"_mousePosition":[683,352.5],"_rootPartCFrame":[773.659,222.697,46.605,-0.981,0,0.194,0,1,0,-0.194,0,-0.981],"_humanoidState":8,"_cameraCFrame":[772.658,230.422,42.795,-0.979,-0.176,0.1,0,0.493,0.87,-0.202,0.852,-0.483],"_shiftlockState":true,"_pose":"Running","_animationQueue":[],"_animationSpeed":1.091,"_zoom":7.155},{"_mousePosition":[683,352.5],"_rootPartCFrame":[773.399,222.698,46.546,-0.98,0,0.199,0,1,0,-0.199,0,-0.98],"_humanoidState":8,"_cameraCFrame":[772.304,230.515,42.918,-0.983,-0.164,0.087,0,0.47,0.883,-0.186,0.867,-0.462],"_shiftlockState":true,"_pose":"Running","_animationQueue":[],"_animationSpeed":1.091,"_zoom":7.155},{"_mousePosition":[683,352.5],"_rootPartCFrame":[773.203,222.699,46.505,-0.983,0,0.185,0,1,0,-0.185,0,-0.983],"_humanoidState":8,"_cameraCFrame":[772.048,230.592,43.033,-0.984,-0.158,0.079,0,0.449,0.894,-0.176,0.879,-0.442],"_shiftlockState":true,"_pose":"Running","_animationQueue":[],"_animationSpeed":1.091,"_zoom":7.155},{"_mousePosition":[683,352.5],"_rootPartCFrame":[772.876,222.699,46.442,-0.984,0,0.176,0,1,0,-0.176,0,-0.984],"_humanoidState":8,"_cameraCFrame":[771.71,230.631,43.046,-0.984,-0.16,0.078,0,0.438,0.899,-0.178,0.885,-0.431],"_shiftlockState":true,"_pose":"Running","_animationQueue":[["walk",0.1]],"_animationSpeed":1.091,"_zoom":7.155},{"_mousePosition":[683,352.5],"_rootPartCFrame":[772.613,222.699,46.395,-0.984,0,0.178,0,1,0,-0.178,0,-0.984],"_humanoidState":8,"_cameraCFrame":[771.463,230.638,43.008,-0.983,-0.164,0.08,0,0.436,0.9,-0.183,0.885,-0.429],"_shiftlockState":true,"_pose":"Running","_animationQueue":[],"_animationSpeed":1.091,"_zoom":7.155},{"_mousePosition":[683,352.5],"_rootPartCFrame":[772.416,222.7,46.359,-0.983,0,0.183,0,1,0,-0.183,0,-0.983],"_humanoidState":8,"_cameraCFrame":[771.266,230.639,42.972,-0.983,-0.164,0.08,0,0.436,0.9,-0.183,0.885,-0.429],"_shiftlockState":true,"_pose":"Running","_animationQueue":[],"_animationSpeed":1.091,"_zoom":7.155},{"_mousePosition":[683,352.5],"_rootPartCFrame":[772.154,223.562,46.312,-0.983,0,0.183,0,1,0,-0.183,0,-0.983],"_humanoidState":3,"_cameraCFrame":[771.003,231.501,42.925,-0.983,-0.164,0.08,0,0.436,0.9,-0.183,0.885,-0.429],"_shiftlockState":true,"_pose":"Jumping","_animationQueue":[["walk",0.1],["jump",0.1]],"_animationSpeed":1,"_zoom":7.155},{"_mousePosition":[683,352.5],"_rootPartCFrame":[771.826,224.564,46.251,-0.953,0,0.302,0,1,0,-0.302,0,-0.953],"_humanoidState":5,"_cameraCFrame":[770.676,232.503,42.864,-0.983,-0.164,0.08,0,0.436,0.9,-0.183,0.885,-0.429],"_shiftlockState":true,"_pose":"FreeFall","_animationQueue":[["jump",0.1]],"_animationSpeed":1,"_zoom":7.155},{"_mousePosition":[683,352.5],"_rootPartCFrame":[771.63,225.125,46.214,-0.961,0,0.277,0,1,0,-0.277,0,-0.961],"_humanoidState":5,"_cameraCFrame":[770.479,233.064,42.828,-0.983,-0.164,0.08,0,0.436,0.9,-0.183,0.885,-0.429],"_shiftlockState":true,"_pose":"FreeFall","_animationQueue":[],"_animationSpeed":1,"_zoom":7.155},{"_mousePosition":[683,352.5],"_rootPartCFrame":[771.367,225.824,46.166,-0.95,0,0.311,0,1,0,-0.311,0,-0.95],"_humanoidState":5,"_cameraCFrame":[770.217,233.763,42.779,-0.983,-0.164,0.08,0,0.436,0.9,-0.183,0.885,-0.429],"_shiftlockState":true,"_pose":"FreeFall","_animationQueue":[],"_animationSpeed":1,"_zoom":7.155},{"_mousePosition":[683,352.5],"_rootPartCFrame":[771.04,226.622,46.105,-0.939,0,0.343,0,1,0,-0.343,0,-0.939],"_humanoidState":5,"_cameraCFrame":[769.889,234.561,42.718,-0.983,-0.164,0.08,0,0.436,0.9,-0.183,0.885,-0.429],"_shiftlockState":true,"_pose":"FreeFall","_animationQueue":[],"_animationSpeed":1,"_zoom":7.155},{"_mousePosition":[683,352.5],"_rootPartCFrame":[770.843,227.059,46.068,-0.96,0,0.28,0,1,0,-0.28,0,-0.96],"_humanoidState":5,"_cameraCFrame":[769.692,234.998,42.681,-0.983,-0.164,0.08,0,0.436,0.9,-0.183,0.885,-0.429],"_shiftlockState":true,"_pose":"FreeFall","_animationQueue":[],"_animationSpeed":1,"_zoom":7.155},{"_mousePosition":[683,352.5],"_rootPartCFrame":[770.581,227.595,46.02,-0.95,0,0.312,0,1,0,-0.312,0,-0.95],"_humanoidState":5,"_cameraCFrame":[769.43,235.534,42.633,-0.983,-0.164,0.08,0,0.436,0.9,-0.183,0.885,-0.429],"_shiftlockState":true,"_pose":"FreeFall","_animationQueue":[],"_animationSpeed":1,"_zoom":7.155},{"_mousePosition":[683,352.5],"_rootPartCFrame":[770.253,228.189,45.959,-0.939,0,0.343,0,1,0,-0.343,0,-0.939],"_humanoidState":5,"_cameraCFrame":[769.102,236.128,42.572,-0.983,-0.164,0.08,0,0.436,0.9,-0.183,0.885,-0.429],"_shiftlockState":true,"_pose":"FreeFall","_animationQueue":[],"_animationSpeed":1,"_zoom":7.155},{"_mousePosition":[683,352.5],"_rootPartCFrame":[770.056,228.504,45.922,-0.96,0,0.28,0,1,0,-0.28,0,-0.96],"_humanoidState":5,"_cameraCFrame":[768.906,236.443,42.535,-0.983,-0.164,0.08,0,0.436,0.9,-0.183,0.885,-0.429],"_shiftlockState":true,"_pose":"FreeFall","_animationQueue":[],"_animationSpeed":1,"_zoom":7.155},{"_mousePosition":[683,352.5],"_rootPartCFrame":[769.794,228.876,45.874,-0.95,0,0.312,0,1,0,-0.312,0,-0.95],"_humanoidState":5,"_cameraCFrame":[768.643,236.815,42.487,-0.983,-0.164,0.08,0,0.436,0.9,-0.183,0.885,-0.429],"_shiftlockState":true,"_pose":"FreeFall","_animationQueue":[],"_animationSpeed":1,"_zoom":7.155},{"_mousePosition":[683,352.5],"_rootPartCFrame":[769.532,229.194,45.825,-0.95,0,0.312,0,1,0,-0.312,0,-0.95],"_humanoidState":5,"_cameraCFrame":[768.381,237.133,42.438,-0.983,-0.164,0.08,0,0.436,0.9,-0.183,0.885,-0.429],"_shiftlockState":true,"_pose":"FreeFall","_animationQueue":[],"_animationSpeed":1,"_zoom":7.155},{"_mousePosition":[683,352.5],"_rootPartCFrame":[769.204,229.515,45.764,-0.939,0,0.343,0,1,0,-0.343,0,-0.939],"_humanoidState":5,"_cameraCFrame":[768.053,237.454,42.377,-0.983,-0.164,0.08,0,0.436,0.9,-0.183,0.885,-0.429],"_shiftlockState":true,"_pose":"FreeFall","_animationQueue":[],"_animationSpeed":1,"_zoom":7.155},{"_mousePosition":[683,352.5],"_rootPartCFrame":[769.008,229.666,45.727,-0.96,0,0.28,0,1,0,-0.28,0,-0.96],"_humanoidState":5,"_cameraCFrame":[767.857,237.605,42.34,-0.983,-0.164,0.08,0,0.436,0.9,-0.183,0.885,-0.429],"_shiftlockState":true,"_pose":"FreeFall","_animationQueue":[],"_animationSpeed":1,"_zoom":7.155},{"_mousePosition":[683,352.5],"_rootPartCFrame":[768.745,229.821,45.679,-0.95,0,0.312,0,1,0,-0.312,0,-0.95],"_humanoidState":5,"_cameraCFrame":[767.592,237.767,42.307,-0.983,-0.165,0.079,0,0.434,0.901,-0.183,0.886,-0.427],"_shiftlockState":true,"_pose":"FreeFall","_animationQueue":[],"_animationSpeed":1,"_zoom":7.155},{"_mousePosition":[683,352.5],"_rootPartCFrame":[768.418,229.937,45.618,-0.939,0,0.343,0,1,0,-0.343,0,-0.939],"_humanoidState":5,"_cameraCFrame":[767.264,237.901,42.28,-0.983,-0.167,0.079,0,0.429,0.903,-0.185,0.888,-0.421],"_shiftlockState":true,"_pose":"FreeFall","_animationQueue":[],"_animationSpeed":1,"_zoom":7.155},{"_mousePosition":[683,352.5],"_rootPartCFrame":[768.221,229.966,45.581,-0.959,0,0.282,0,1,0,-0.282,0,-0.959],"_humanoidState":5,"_cameraCFrame":[767.074,237.949,42.279,-0.982,-0.171,0.08,0,0.423,0.906,-0.189,0.89,-0.415],"_shiftlockState":true,"_pose":"FreeFall","_animationQueue":[],"_animationSpeed":1,"_zoom":7.155},{"_mousePosition":[683,352.5],"_rootPartCFrame":[767.893,229.946,45.52,-0.937,0,0.349,0,1,0,-0.349,0,-0.937],"_humanoidState":5,"_cameraCFrame":[766.775,237.944,42.237,-0.98,-0.181,0.083,0,0.419,0.908,-0.199,0.89,-0.41],"_shiftlockState":true,"_pose":"FreeFall","_animationQueue":[],"_animationSpeed":1,"_zoom":7.155},{"_mousePosition":[683,352.5],"_rootPartCFrame":[767.631,229.869,45.47,-0.945,0,0.328,0,1,0,-0.328,0,-0.945],"_humanoidState":5,"_cameraCFrame":[766.538,237.879,42.202,-0.978,-0.19,0.086,0,0.415,0.91,-0.208,0.89,-0.406],"_shiftlockState":true,"_pose":"FreeFall","_animationQueue":[["fall",0.3]],"_animationSpeed":1,"_zoom":7.155},{"_mousePosition":[683,352.5],"_rootPartCFrame":[767.37,229.737,45.417,-0.942,0,0.336,0,1,0,-0.336,0,-0.942],"_humanoidState":5,"_cameraCFrame":[766.293,237.757,42.163,-0.977,-0.195,0.088,0,0.412,0.911,-0.214,0.89,-0.402],"_shiftlockState":true,"_pose":"FreeFall","_animationQueue":[],"_animationSpeed":1,"_zoom":7.155},{"_mousePosition":[683,352.5],"_rootPartCFrame":[767.109,229.551,45.362,-0.94,0,0.342,0,1,0,-0.342,0,-0.94],"_humanoidState":5,"_cameraCFrame":[766.035,237.578,42.121,-0.976,-0.198,0.089,0,0.41,0.912,-0.217,0.891,-0.4],"_shiftlockState":true,"_pose":"FreeFall","_animationQueue":[],"_animationSpeed":1,"_zoom":7.155},{"_mousePosition":[683,352.5],"_rootPartCFrame":[766.914,229.375,45.319,-0.95,0,0.313,0,1,0,-0.313,0,-0.95],"_humanoidState":5,"_cameraCFrame":[765.834,237.414,42.104,-0.976,-0.198,0.088,0,0.406,0.914,-0.217,0.892,-0.396],"_shiftlockState":true,"_pose":"FreeFall","_animationQueue":[],"_animationSpeed":1,"_zoom":7.155},{"_mousePosition":[683,352.5],"_rootPartCFrame":[766.653,229.094,45.261,-0.939,0,0.344,0,1,0,-0.344,0,-0.939],"_humanoidState":5,"_cameraCFrame":[765.572,237.137,42.056,-0.976,-0.198,0.088,0,0.405,0.915,-0.217,0.893,-0.395],"_shiftlockState":true,"_pose":"FreeFall","_animationQueue":[],"_animationSpeed":1,"_zoom":7.155},{"_mousePosition":[683,352.5],"_rootPartCFrame":[766.328,228.665,45.189,-0.927,0,0.375,0,1,0,-0.375,0,-0.927],"_humanoidState":5,"_cameraCFrame":[765.246,236.708,41.984,-0.976,-0.198,0.088,0,0.405,0.915,-0.217,0.893,-0.395],"_shiftlockState":true,"_pose":"FreeFall","_animationQueue":[],"_animationSpeed":1,"_zoom":7.155},{"_mousePosition":[683,352.5],"_rootPartCFrame":[766.133,228.367,45.146,-0.95,0,0.313,0,1,0,-0.313,0,-0.95],"_humanoidState":5,"_cameraCFrame":[765.051,236.41,41.941,-0.976,-0.198,0.088,0,0.405,0.915,-0.217,0.893,-0.395],"_shiftlockState":true,"_pose":"FreeFall","_animationQueue":[],"_animationSpeed":1,"_zoom":7.155},{"_mousePosition":[683,352.5],"_rootPartCFrame":[765.873,227.922,45.088,-0.939,0,0.344,0,1,0,-0.344,0,-0.939],"_humanoidState":5,"_cameraCFrame":[764.791,235.965,41.883,-0.976,-0.198,0.088,0,0.405,0.915,-0.217,0.893,-0.395],"_shiftlockState":true,"_pose":"FreeFall","_animationQueue":[["fall",0.3]],"_animationSpeed":1,"_zoom":7.155},{"_mousePosition":[683,352.5],"_rootPartCFrame":[765.547,227.289,45.016,-0.927,0,0.375,0,1,0,-0.375,0,-0.927],"_humanoidState":5,"_cameraCFrame":[764.466,235.332,41.811,-0.976,-0.198,0.088,0,0.405,0.915,-0.217,0.893,-0.395],"_shiftlockState":true,"_pose":"FreeFall","_animationQueue":[],"_animationSpeed":1,"_zoom":7.155},{"_mousePosition":[683,352.5],"_rootPartCFrame":[765.287,226.721,44.958,-0.939,0,0.344,0,1,0,-0.344,0,-0.939],"_humanoidState":5,"_cameraCFrame":[764.205,234.764,41.753,-0.976,-0.198,0.088,0,0.405,0.915,-0.217,0.893,-0.395],"_shiftlockState":true,"_pose":"FreeFall","_animationQueue":[],"_animationSpeed":1,"_zoom":7.155},{"_mousePosition":[683,352.5],"_rootPartCFrame":[765.092,226.26,44.915,-0.95,0,0.313,0,1,0,-0.313,0,-0.95],"_humanoidState":5,"_cameraCFrame":[764.01,234.303,41.71,-0.976,-0.198,0.088,0,0.405,0.915,-0.217,0.893,-0.395],"_shiftlockState":true,"_pose":"FreeFall","_animationQueue":[],"_animationSpeed":1,"_zoom":7.155},{"_mousePosition":[683,352.5],"_rootPartCFrame":[764.767,225.422,44.843,-0.927,0,0.375,0,1,0,-0.375,0,-0.927],"_humanoidState":5,"_cameraCFrame":[763.685,233.466,41.638,-0.976,-0.198,0.088,0,0.405,0.915,-0.217,0.893,-0.395],"_shiftlockState":true,"_pose":"FreeFall","_animationQueue":[],"_animationSpeed":1,"_zoom":7.155},{"_mousePosition":[683,352.5],"_rootPartCFrame":[764.506,224.783,44.785,-0.968,0,0.249,0,1,0,-0.249,0,-0.968],"_humanoidState":7,"_cameraCFrame":[763.425,232.826,41.58,-0.976,-0.198,0.088,0,0.405,0.915,-0.217,0.893,-0.395],"_shiftlockState":true,"_pose":"FreeFall","_animationQueue":[["walk",0.1],["fall",0.3],["fall",0.3]],"_animationSpeed":1,"_zoom":7.155},{"_mousePosition":[683,352.5],"_rootPartCFrame":[764.246,224.745,44.727,-0.976,0,0.218,0,1,0,-0.218,0,-0.976],"_humanoidState":7,"_cameraCFrame":[763.164,232.789,41.522,-0.976,-0.198,0.088,0,0.405,0.915,-0.217,0.893,-0.395],"_shiftlockState":true,"_pose":"FreeFall","_animationQueue":[["fall",0.3]],"_animationSpeed":1,"_zoom":7.155},{"_mousePosition":[683,352.5],"_rootPartCFrame":[764.051,224.802,44.684,-0.976,0,0.217,0,1,0,-0.217,0,-0.976],"_humanoidState":7,"_cameraCFrame":[762.969,232.846,41.479,-0.976,-0.198,0.088,0,0.405,0.915,-0.217,0.893,-0.395],"_shiftlockState":true,"_pose":"FreeFall","_animationQueue":[],"_animationSpeed":1,"_zoom":7.155},{"_mousePosition":[683,352.5],"_rootPartCFrame":[763.791,224.865,44.626,-0.976,0,0.217,0,1,0,-0.217,0,-0.976],"_humanoidState":8,"_cameraCFrame":[762.709,232.908,41.421,-0.976,-0.198,0.088,0,0.405,0.915,-0.217,0.893,-0.395],"_shiftlockState":true,"_pose":"Running","_animationQueue":[["walk",0.1],["fall",0.3],["walk",0.1]],"_animationSpeed":1.103,"_zoom":7.155},{"_mousePosition":[683,352.5],"_rootPartCFrame":[763.53,224.903,44.569,-0.976,0,0.217,0,1,0,-0.217,0,-0.976],"_humanoidState":8,"_cameraCFrame":[762.448,232.946,41.364,-0.976,-0.198,0.088,0,0.405,0.915,-0.217,0.893,-0.395],"_shiftlockState":true,"_pose":"Running","_animationQueue":[],"_animationSpeed":1.103,"_zoom":7.155},{"_mousePosition":[683,352.5],"_rootPartCFrame":[763.27,224.925,44.511,-0.976,0,0.217,0,1,0,-0.217,0,-0.976],"_humanoidState":8,"_cameraCFrame":[762.188,232.968,41.306,-0.976,-0.198,0.088,0,0.405,0.915,-0.217,0.893,-0.395],"_shiftlockState":true,"_pose":"Running","_animationQueue":[],"_animationSpeed":1.103,"_zoom":7.155},{"_mousePosition":[683,352.5],"_rootPartCFrame":[763.009,224.936,44.453,-0.976,0,0.217,0,1,0,-0.217,0,-0.976],"_humanoidState":8,"_cameraCFrame":[761.928,232.979,41.248,-0.976,-0.198,0.088,0,0.405,0.915,-0.217,0.893,-0.395],"_shiftlockState":true,"_pose":"Running","_animationQueue":[],"_animationSpeed":1.103,"_zoom":7.155},{"_mousePosition":[683,352.5],"_rootPartCFrame":[762.749,224.942,44.395,-0.976,0,0.217,0,1,0,-0.217,0,-0.976],"_humanoidState":8,"_cameraCFrame":[761.667,232.986,41.19,-0.976,-0.198,0.088,0,0.405,0.915,-0.217,0.893,-0.395],"_shiftlockState":true,"_pose":"Running","_animationQueue":[],"_animationSpeed":1.103,"_zoom":7.155},{"_mousePosition":[683,352.5],"_rootPartCFrame":[762.358,224.947,44.309,-0.976,0,0.217,0,1,0,-0.217,0,-0.976],"_humanoidState":8,"_cameraCFrame":[761.289,232.992,41.104,-0.975,-0.202,0.089,0,0.404,0.915,-0.221,0.892,-0.394],"_shiftlockState":true,"_pose":"Running","_animationQueue":[["walk",0.1]],"_animationSpeed":1.103,"_zoom":7.155},{"_mousePosition":[683,352.5],"_rootPartCFrame":[762.098,224.948,44.251,-0.975,0,0.221,0,1,0,-0.221,0,-0.975],"_humanoidState":8,"_cameraCFrame":[761.066,233.005,41.058,-0.972,-0.214,0.094,0,0.4,0.916,-0.234,0.891,-0.389],"_shiftlockState":true,"_pose":"Running","_animationQueue":[],"_animationSpeed":1.103,"_zoom":7.155},{"_mousePosition":[683,352.5],"_rootPartCFrame":[761.838,224.949,44.192,-0.972,0,0.234,0,1,0,-0.234,0,-0.972],"_humanoidState":8,"_cameraCFrame":[760.862,233.02,41.01,-0.967,-0.233,0.1,0,0.396,0.918,-0.253,0.888,-0.383],"_shiftlockState":true,"_pose":"Running","_animationQueue":[],"_animationSpeed":1.103,"_zoom":7.155},{"_mousePosition":[683,352.5],"_rootPartCFrame":[761.579,224.949,44.13,-0.967,0,0.253,0,1,0,-0.253,0,-0.967],"_humanoidState":8,"_cameraCFrame":[760.68,233.041,40.968,-0.96,-0.258,0.109,0,0.389,0.921,-0.28,0.884,-0.373],"_shiftlockState":true,"_pose":"Running","_animationQueue":[],"_animationSpeed":1.103,"_zoom":7.155},{"_mousePosition":[683,352.5],"_rootPartCFrame":[761.321,224.949,44.064,-0.96,0,0.28,0,1,0,-0.28,0,-0.96],"_humanoidState":8,"_cameraCFrame":[760.498,233.059,40.918,-0.952,-0.284,0.118,0,0.383,0.924,-0.307,0.879,-0.365],"_shiftlockState":true,"_pose":"Running","_animationQueue":[],"_animationSpeed":1.103,"_zoom":7.155},{"_mousePosition":[683,352.5],"_rootPartCFrame":[761.064,224.95,43.99,-0.952,0,0.307,0,1,0,-0.307,0,-0.952],"_humanoidState":8,"_cameraCFrame":[760.367,233.083,40.864,-0.936,-0.325,0.132,0,0.375,0.927,-0.351,0.868,-0.351],"_shiftlockState":true,"_pose":"Running","_animationQueue":[],"_animationSpeed":1.103,"_zoom":7.155},{"_mousePosition":[683,352.5],"_rootPartCFrame":[760.81,224.95,43.909,-0.936,0,0.351,0,1,0,-0.351,0,-0.936],"_humanoidState":8,"_cameraCFrame":[760.215,233.106,40.812,-0.922,-0.361,0.142,0,0.367,0.93,-0.388,0.858,-0.338],"_shiftlockState":true,"_pose":"Running","_animationQueue":[],"_animationSpeed":1.103,"_zoom":7.155},{"_mousePosition":[683,352.5],"_rootPartCFrame":[760.56,224.95,43.817,-0.922,0,0.388,0,1,0,-0.388,0,-0.922],"_humanoidState":8,"_cameraCFrame":[760.03,233.121,40.74,-0.911,-0.384,0.149,0,0.361,0.932,-0.412,0.85,-0.329],"_shiftlockState":true,"_pose":"Running","_animationQueue":[["walk",0.1]],"_animationSpeed":1.103,"_zoom":7.155},{"_mousePosition":[683,352.5],"_rootPartCFrame":[760.375,224.95,43.741,-0.911,0,0.412,0,1,0,-0.412,0,-0.911],"_humanoidState":8,"_cameraCFrame":[759.894,233.138,40.692,-0.902,-0.404,0.153,0,0.355,0.935,-0.432,0.843,-0.321],"_shiftlockState":true,"_pose":"Running","_animationQueue":[],"_animationSpeed":1.103,"_zoom":7.155},{"_mousePosition":[683,352.5],"_rootPartCFrame":[760.129,224.916,43.638,-0.902,0,0.432,0,1,0,-0.432,0,-0.902],"_humanoidState":8,"_cameraCFrame":[759.655,233.112,40.606,-0.9,-0.409,0.154,0,0.352,0.936,-0.437,0.842,-0.317],"_shiftlockState":true,"_pose":"Running","_animationQueue":[],"_animationSpeed":1.103,"_zoom":7.155},{"_mousePosition":[683,352.5],"_rootPartCFrame":[759.822,224.796,43.508,-0.9,0,0.437,0,1,0,-0.437,0,-0.9],"_humanoidState":8,"_cameraCFrame":[759.317,233.003,40.504,-0.902,-0.404,0.15,0,0.349,0.937,-0.431,0.846,-0.315],"_shiftlockState":true,"_pose":"Running","_animationQueue":[],"_animationSpeed":1.103,"_zoom":7.155},{"_mousePosition":[683,352.5],"_rootPartCFrame":[759.637,224.684,43.431,-0.902,0,0.431,0,1,0,-0.431,0,-0.902],"_humanoidState":8,"_cameraCFrame":[759.027,232.912,40.496,-0.914,-0.382,0.138,0,0.34,0.94,-0.406,0.859,-0.311],"_shiftlockState":true,"_pose":"Running","_animationQueue":[],"_animationSpeed":1.103,"_zoom":7.155},{"_mousePosition":[683,352.5],"_rootPartCFrame":[759.33,225.768,43.302,-0.914,0,0.406,0,1,0,-0.406,0,-0.914],"_humanoidState":3,"_cameraCFrame":[758.576,234.019,40.454,-0.93,-0.348,0.122,0,0.331,0.944,-0.369,0.877,-0.308],"_shiftlockState":true,"_pose":"Jumping","_animationQueue":[["walk",0.1],["jump",0.1]],"_animationSpeed":1,"_zoom":7.155},{"_mousePosition":[683,352.5],"_rootPartCFrame":[759.086,226.576,43.194,-0.892,0,0.452,0,1,0,-0.452,0,-0.892],"_humanoidState":5,"_cameraCFrame":[758.143,234.854,40.468,-0.95,-0.297,0.1,0,0.32,0.947,-0.313,0.9,-0.304],"_shiftlockState":true,"_pose":"FreeFall","_animationQueue":[["jump",0.1]],"_animationSpeed":1,"_zoom":7.155},{"_mousePosition":[683,352.5],"_rootPartCFrame":[758.839,227.33,43.094,-0.902,0,0.433,0,1,0,-0.433,0,-0.902],"_humanoidState":5,"_cameraCFrame":[757.692,235.638,40.528,-0.968,-0.237,0.077,0,0.307,0.952,-0.249,0.922,-0.298],"_shiftlockState":true,"_pose":"FreeFall","_animationQueue":[],"_animationSpeed":1,"_zoom":7.155},{"_mousePosition":[683,352.5],"_rootPartCFrame":[758.586,228.029,43.008,-0.927,0,0.375,0,1,0,-0.375,0,-0.927],"_humanoidState":5,"_cameraCFrame":[757.247,236.372,40.634,-0.983,-0.175,0.053,0,0.292,0.956,-0.183,0.94,-0.287],"_shiftlockState":true,"_pose":"FreeFall","_animationQueue":[],"_animationSpeed":1,"_zoom":7.155},{"_mousePosition":[683,352.5],"_rootPartCFrame":[758.329,228.674,42.939,-0.95,0,0.312,0,1,0,-0.312,0,-0.95],"_humanoidState":5,"_cameraCFrame":[756.836,237.047,40.749,-0.992,-0.118,0.034,0,0.278,0.961,-0.123,0.953,-0.276],"_shiftlockState":true,"_pose":"FreeFall","_animationQueue":[],"_animationSpeed":1,"_zoom":7.155},{"_mousePosition":[683,352.5],"_rootPartCFrame":[758.133,229.122,42.899,-0.975,0,0.221,0,1,0,-0.221,0,-0.975],"_humanoidState":5,"_cameraCFrame":[756.431,237.535,41.01,-1,-0.025,0.007,0,0.258,0.966,-0.026,0.966,-0.258],"_shiftlockState":true,"_pose":"FreeFall","_animationQueue":[],"_animationSpeed":1,"_zoom":7.155},{"_mousePosition":[683,352.5],"_rootPartCFrame":[757.803,229.801,42.855,-0.982,0,0.191,0,1,0,-0.191,0,-0.982],"_humanoidState":5,"_cameraCFrame":[755.942,238.232,41.199,-0.998,0.062,-0.016,0,0.248,0.969,0.064,0.967,-0.247],"_shiftlockState":true,"_pose":"FreeFall","_animationQueue":[],"_animationSpeed":1,"_zoom":7.155},{"_mousePosition":[683,352.5],"_rootPartCFrame":[757.537,230.282,42.842,-0.998,0,0.069,0,1,0,-0.069,0,-0.998],"_humanoidState":5,"_cameraCFrame":[755.479,238.722,41.48,-0.981,0.19,-0.048,0,0.243,0.97,0.196,0.951,-0.238],"_shiftlockState":true,"_pose":"FreeFall","_animationQueue":[],"_animationSpeed":1,"_zoom":7.155},{"_mousePosition":[683,352.5],"_rootPartCFrame":[757.271,230.709,42.854,-0.998,0,-0.064,0,1,0,0.064,0,-0.998],"_humanoidState":5,"_cameraCFrame":[755.081,239.145,41.691,-0.956,0.286,-0.072,0,0.245,0.969,0.295,0.926,-0.235],"_shiftlockState":true,"_pose":"FreeFall","_animationQueue":[],"_animationSpeed":1,"_zoom":7.155},{"_mousePosition":[683,352.5],"_rootPartCFrame":[757.073,230.993,42.881,-0.98,0,-0.198,0,1,0,0.198,0,-0.98],"_humanoidState":5,"_cameraCFrame":[754.757,239.425,41.962,-0.915,0.39,-0.1,0,0.248,0.969,0.403,0.887,-0.227],"_shiftlockState":true,"_pose":"FreeFall","_animationQueue":[],"_animationSpeed":1,"_zoom":7.155},{"_mousePosition":[683,352.5],"_rootPartCFrame":[756.752,231.399,42.968,-0.969,0,-0.245,0,1,0,0.245,0,-0.969],"_humanoidState":5,"_cameraCFrame":[754.341,239.828,42.309,-0.864,0.488,-0.126,0,0.249,0.968,0.504,0.836,-0.215],"_shiftlockState":true,"_pose":"FreeFall","_animationQueue":[],"_animationSpeed":1,"_zoom":7.155},{"_mousePosition":[683,352.5],"_rootPartCFrame":[756.566,231.602,43.04,-0.91,0,-0.415,0,1,0,0.415,0,-0.91],"_humanoidState":5,"_cameraCFrame":[754.051,240.019,42.747,-0.77,0.617,-0.163,0,0.256,0.967,0.638,0.745,-0.197],"_shiftlockState":true,"_pose":"FreeFall","_animationQueue":[],"_animationSpeed":1,"_zoom":7.155},{"_mousePosition":[683,352.5],"_rootPartCFrame":[756.237,231.915,43.229,-0.878,0,-0.479,0,1,0,0.479,0,-0.878],"_humanoidState":5,"_cameraCFrame":[753.661,240.316,43.193,-0.689,0.699,-0.191,0,0.264,0.964,0.724,0.665,-0.182],"_shiftlockState":true,"_pose":"FreeFall","_animationQueue":[],"_animationSpeed":1,"_zoom":7.155},{"_mousePosition":[683,352.5],"_rootPartCFrame":[756.098,232.026,43.344,-0.753,0,-0.658,0,1,0,0.658,0,-0.753],"_humanoidState":5,"_cameraCFrame":[753.473,240.403,43.599,-0.588,0.777,-0.223,0,0.276,0.961,0.809,0.565,-0.162],"_shiftlockState":true,"_pose":"FreeFall","_animationQueue":[],"_animationSpeed":1,"_zoom":7.155},{"_mousePosition":[683,352.5],"_rootPartCFrame":[755.979,232.106,43.471,-0.66,0,-0.752,0,1,0,0.752,0,-0.66],"_humanoidState":5,"_cameraCFrame":[753.333,240.454,44.069,-0.461,0.849,-0.257,0,0.29,0.957,0.887,0.441,-0.134],"_shiftlockState":true,"_pose":"FreeFall","_animationQueue":[],"_animationSpeed":1,"_zoom":7.155},{"_mousePosition":[683,352.5],"_rootPartCFrame":[755.824,232.171,43.705,-0.592,0,-0.806,0,1,0,0.806,0,-0.592],"_humanoidState":5,"_cameraCFrame":[753.21,240.499,44.601,-0.348,0.895,-0.28,0,0.299,0.954,0.937,0.332,-0.104],"_shiftlockState":true,"_pose":"FreeFall","_animationQueue":[["fall",0.3]],"_animationSpeed":1,"_zoom":7.155},{"_mousePosition":[683,352.5],"_rootPartCFrame":[755.743,232.162,43.908,-0.46,0,-0.888,0,1,0,0.888,0,-0.46],"_humanoidState":5,"_cameraCFrame":[753.201,240.469,45.118,-0.225,0.927,-0.3,0,0.308,0.951,0.974,0.214,-0.069],"_shiftlockState":true,"_pose":"FreeFall","_animationQueue":[],"_animationSpeed":1,"_zoom":7.155},{"_mousePosition":[683,352.5],"_rootPartCFrame":[755.706,232.119,44.066,-0.313,0,-0.95,0,1,0,0.95,0,-0.313],"_humanoidState":5,"_cameraCFrame":[753.272,240.39,45.646,-0.072,0.944,-0.323,0,0.323,0.946,0.997,0.068,-0.023],"_shiftlockState":true,"_pose":"FreeFall","_animationQueue":[],"_animationSpeed":1,"_zoom":7.155},{"_mousePosition":[683,352.5],"_rootPartCFrame":[755.692,231.98,44.316,-0.13,0,-0.992,0,1,0,0.992,0,-0.13],"_humanoidState":5,"_cameraCFrame":[753.336,240.218,46.134,0.029,0.941,-0.336,0,0.336,0.942,1,-0.027,0.01],"_shiftlockState":true,"_pose":"FreeFall","_animationQueue":[],"_animationSpeed":1,"_zoom":7.155},{"_mousePosition":[683,352.5],"_rootPartCFrame":[755.718,231.808,44.492,0.011,0,-1,0,1,0,1,0,0.011],"_humanoidState":5,"_cameraCFrame":[753.423,240.012,46.503,0.108,0.931,-0.347,0,0.349,0.937,0.994,-0.101,0.038],"_shiftlockState":true,"_pose":"FreeFall","_animationQueue":[],"_animationSpeed":1,"_zoom":7.155},{"_mousePosition":[683,352.5],"_rootPartCFrame":[755.777,231.581,44.646,0.096,0,-0.995,0,1,0,0.995,0,0.096],"_humanoidState":5,"_cameraCFrame":[753.515,239.75,46.805,0.167,0.919,-0.357,0,0.362,0.932,0.986,-0.156,0.061],"_shiftlockState":true,"_pose":"FreeFall","_animationQueue":[],"_animationSpeed":1,"_zoom":7.155},{"_mousePosition":[683,352.5],"_rootPartCFrame":[755.841,231.375,44.744,0.161,0,-0.987,0,1,0,0.987,0,0.161],"_humanoidState":5,"_cameraCFrame":[753.595,239.512,47.015,0.21,0.907,-0.365,0,0.373,0.928,0.978,-0.194,0.078],"_shiftlockState":true,"_pose":"FreeFall","_animationQueue":[],"_animationSpeed":1,"_zoom":7.155},{"_mousePosition":[683,352.5],"_rootPartCFrame":[755.983,230.963,44.873,0.202,0,-0.979,0,1,0,0.979,0,0.202],"_humanoidState":5,"_cameraCFrame":[753.729,239.083,47.186,0.224,0.902,-0.37,0,0.379,0.925,0.975,-0.207,0.085],"_shiftlockState":true,"_pose":"FreeFall","_animationQueue":[["fall",0.3]],"_animationSpeed":1,"_zoom":7.155},{"_mousePosition":[683,352.5],"_rootPartCFrame":[756.089,230.675,44.929,0.221,0,-0.975,0,1,0,0.975,0,0.221],"_humanoidState":5,"_cameraCFrame":[753.832,238.793,47.246,0.225,0.901,-0.37,0,0.38,0.925,0.974,-0.208,0.085],"_shiftlockState":true,"_pose":"FreeFall","_animationQueue":[],"_animationSpeed":1,"_zoom":7.155},{"_mousePosition":[683,352.5],"_rootPartCFrame":[756.299,230.127,44.986,0.224,0,-0.975,0,1,0,0.975,0,0.224],"_humanoidState":5,"_cameraCFrame":[754.042,238.245,47.302,0.225,0.901,-0.37,0,0.38,0.925,0.974,-0.208,0.085],"_shiftlockState":true,"_pose":"FreeFall","_animationQueue":[],"_animationSpeed":1,"_zoom":7.155},{"_mousePosition":[683,352.5],"_rootPartCFrame":[756.372,230.078,45.019,0.213,0,-0.977,0,1,0,0.977,0,0.213],"_humanoidState":7,"_cameraCFrame":[754.116,238.196,47.336,0.225,0.901,-0.37,0,0.38,0.925,0.974,-0.208,0.085],"_shiftlockState":true,"_pose":"FreeFall","_animationQueue":[["walk",0.1],["fall",0.3],["fall",0.3]],"_animationSpeed":1,"_zoom":7.155},{"_mousePosition":[683,352.5],"_rootPartCFrame":[756.397,230.18,45.044,0.197,0,-0.98,-0.002,1,0,0.98,0.002,0.197],"_humanoidState":7,"_cameraCFrame":[753.743,238.221,47.151,0.127,0.907,-0.402,0,0.405,0.914,0.992,-0.116,0.051],"_shiftlockState":true,"_pose":"FreeFall","_animationQueue":[],"_animationSpeed":1,"_zoom":7.155},{"_mousePosition":[683,352.5],"_rootPartCFrame":[756.489,230.296,45.103,0.117,0,-0.993,0,1,0,0.993,0,0.117],"_humanoidState":8,"_cameraCFrame":[752.906,238.14,46.193,-0.19,0.87,-0.454,0,0.463,0.887,0.982,0.168,-0.088],"_shiftlockState":true,"_pose":"Running","_animationQueue":[["walk",0.1],["fall",0.3],["walk",0.1]],"_animationSpeed":0.205,"_zoom":7.155},{"_mousePosition":[683,352.5],"_rootPartCFrame":[756.448,230.311,45.255,-0.165,-0.001,-0.986,0.002,1,-0.001,0.986,-0.002,-0.165],"_humanoidState":8,"_cameraCFrame":[752.54,238.041,44.822,-0.541,0.733,-0.414,0,0.492,0.871,0.841,0.471,-0.266],"_shiftlockState":true,"_pose":"Running","_animationQueue":[["walk",0.1],["walk",0.1]],"_animationSpeed":0.312,"_zoom":7.155},{"_mousePosition":[683,352.5],"_rootPartCFrame":[756.152,231.195,45.466,-0.519,-0.015,-0.855,-0.004,1,-0.015,0.855,-0.005,-0.519],"_humanoidState":3,"_cameraCFrame":[752.49,238.913,43.93,-0.756,0.569,-0.324,0,0.495,0.869,0.655,0.657,-0.374],"_shiftlockState":true,"_pose":"Jumping","_animationQueue":[["walk",0.1],["jump",0.1]],"_animationSpeed":1,"_zoom":7.155},{"_mousePosition":[683,352.5],"_rootPartCFrame":[756.023,231.857,45.624,-0.746,-0.02,-0.665,-0.008,1,-0.021,0.666,-0.011,-0.746],"_humanoidState":3,"_cameraCFrame":[752.705,239.731,43.934,-0.822,0.507,-0.259,0,0.454,0.891,0.569,0.732,-0.373],"_shiftlockState":true,"_pose":"Jumping","_animationQueue":[],"_animationSpeed":1,"_zoom":7.155},{"_mousePosition":[683,352.5],"_rootPartCFrame":[755.998,232.961,45.888,-0.809,-0.024,-0.587,-0.011,1,-0.026,0.587,-0.015,-0.809],"_humanoidState":3,"_cameraCFrame":[752.834,241.063,44.928,-0.756,0.604,-0.252,0,0.385,0.923,0.655,0.698,-0.291],"_shiftlockState":true,"_pose":"Jumping","_animationQueue":[],"_animationSpeed":1,"_zoom":7.155},{"_mousePosition":[683,352.5],"_rootPartCFrame":[755.952,233.809,46.095,-0.809,-0.012,-0.588,-0.006,1,-0.012,0.588,-0.006,-0.809],"_humanoidState":5,"_cameraCFrame":[752.939,242.029,45.729,-0.673,0.695,-0.254,0,0.343,0.939,0.74,0.632,-0.231],"_shiftlockState":true,"_pose":"FreeFall","_animationQueue":[["jump",0.1]],"_animationSpeed":1,"_zoom":7.155},{"_mousePosition":[683,352.5],"_rootPartCFrame":[755.913,234.41,46.245,-0.74,-0.005,-0.673,-0.004,1,-0.004,0.673,0,-0.74],"_humanoidState":5,"_cameraCFrame":[753.012,242.684,46.277,-0.596,0.76,-0.259,0,0.322,0.947,0.803,0.564,-0.192],"_shiftlockState":true,"_pose":"FreeFall","_animationQueue":[],"_animationSpeed":1,"_zoom":7.155},{"_mousePosition":[683,352.5],"_rootPartCFrame":[755.862,235.342,46.515,-0.71,0,-0.704,-0.001,1,0,0.704,0.001,-0.71],"_humanoidState":5,"_cameraCFrame":[753.056,243.643,46.87,-0.516,0.814,-0.266,0,0.31,0.951,0.857,0.49,-0.16],"_shiftlockState":true,"_pose":"FreeFall","_animationQueue":[],"_animationSpeed":1,"_zoom":7.155},{"_mousePosition":[683,352.5],"_rootPartCFrame":[755.857,236.027,46.756,-0.613,0,-0.79,0,1,0.001,0.79,0,-0.613],"_humanoidState":5,"_cameraCFrame":[753.117,244.333,47.403,-0.425,0.861,-0.279,0,0.308,0.951,0.905,0.405,-0.131],"_shiftlockState":true,"_pose":"FreeFall","_animationQueue":[],"_animationSpeed":1,"_zoom":7.155},{"_mousePosition":[683,352.5],"_rootPartCFrame":[755.887,236.657,46.993,-0.466,0,-0.885,0,1,0,0.885,0,-0.466],"_humanoidState":5,"_cameraCFrame":[753.192,244.955,47.876,-0.341,0.893,-0.293,0,0.312,0.95,0.94,0.324,-0.106],"_shiftlockState":true,"_pose":"FreeFall","_animationQueue":[],"_animationSpeed":1,"_zoom":7.155},{"_mousePosition":[683,352.5],"_rootPartCFrame":[755.952,237.233,47.211,-0.356,0,-0.934,0,1,0,0.934,0,-0.356],"_humanoidState":5,"_cameraCFrame":[753.297,245.512,48.327,-0.252,0.917,-0.309,0,0.32,0.948,0.968,0.239,-0.081],"_shiftlockState":true,"_pose":"FreeFall","_animationQueue":[],"_animationSpeed":1,"_zoom":7.155},{"_mousePosition":[683,352.5],"_rootPartCFrame":[756.05,237.754,47.406,-0.265,0,-0.964,0,1,0,0.964,0,-0.265],"_humanoidState":5,"_cameraCFrame":[753.405,246.003,48.713,-0.175,0.929,-0.327,0,0.332,0.943,0.984,0.166,-0.058],"_shiftlockState":true,"_pose":"FreeFall","_animationQueue":[],"_animationSpeed":1,"_zoom":7.155},{"_mousePosition":[683,352.5],"_rootPartCFrame":[756.125,237.938,47.534,-0.179,0,-0.984,0,1,0,0.984,0,-0.179],"_humanoidState":12,"_cameraCFrame":[753.471,246.145,49.029,-0.099,0.933,-0.347,0,0.349,0.937,0.995,0.093,-0.034],"_shiftlockState":true,"_pose":"Climbing","_animationQueue":[["walk",0.1],["climb",0.1]],"_animationSpeed":2.504,"_zoom":7.155},{"_mousePosition":[683,352.5],"_rootPartCFrame":[756.208,238.127,47.675,-0.099,0,-0.995,0,1,0,0.995,0,-0.099],"_humanoidState":12,"_cameraCFrame":[753.561,246.299,49.33,-0.036,0.932,-0.361,0,0.361,0.932,0.999,0.034,-0.013],"_shiftlockState":true,"_pose":"Climbing","_animationQueue":[["climb",0.1]],"_animationSpeed":1.016,"_zoom":7.155},{"_mousePosition":[683,352.5],"_rootPartCFrame":[756.27,238.314,47.781,0.006,0,-1,0,1,0,1,0,0.006],"_humanoidState":12,"_cameraCFrame":[753.626,246.459,49.545,0.005,0.929,-0.371,0,0.371,0.929,1,-0.005,0.002],"_shiftlockState":true,"_pose":"Climbing","_animationQueue":[],"_animationSpeed":0.935,"_zoom":7.155},{"_mousePosition":[683,352.5],"_rootPartCFrame":[756.32,238.547,47.866,0.005,0,-1,0,1,0,1,0,0.005],"_humanoidState":12,"_cameraCFrame":[753.676,246.692,49.63,0.005,0.929,-0.371,0,0.371,0.929,1,-0.005,0.002],"_shiftlockState":true,"_pose":"Climbing","_animationQueue":[],"_animationSpeed":0.935,"_zoom":7.155},{"_mousePosition":[683,352.5],"_rootPartCFrame":[756.337,238.734,47.895,0.005,0,-1,0,1,0,1,0,0.005],"_humanoidState":12,"_cameraCFrame":[753.693,246.879,49.659,0.005,0.929,-0.371,0,0.371,0.929,1,-0.005,0.002],"_shiftlockState":true,"_pose":"Climbing","_animationQueue":[],"_animationSpeed":0.935,"_zoom":7.155},{"_mousePosition":[683,352.5],"_rootPartCFrame":[756.339,238.874,47.898,0.005,0,-1,0,1,0,1,0,0.005],"_humanoidState":12,"_cameraCFrame":[753.695,247.019,49.662,0.005,0.929,-0.371,0,0.371,0.929,1,-0.005,0.002],"_shiftlockState":true,"_pose":"Climbing","_animationQueue":[],"_animationSpeed":0.935,"_zoom":7.155},{"_mousePosition":[683,352.5],"_rootPartCFrame":[756.339,239.061,47.898,0.005,0,-1,0,1,0,1,0,0.005],"_humanoidState":12,"_cameraCFrame":[753.685,247.205,47.912,0.005,0.929,-0.371,0,0.371,0.929,1,-0.005,0.002],"_shiftlockState":false,"_pose":"Climbing","_animationQueue":[],"_animationSpeed":0.935,"_zoom":7.155},{"_mousePosition":[683,352.5],"_rootPartCFrame":[756.339,239.294,47.898,0.005,0,-1,0,1,0,1,0,0.005],"_humanoidState":12,"_cameraCFrame":[753.685,247.439,47.912,0.005,0.929,-0.371,0,0.371,0.929,1,-0.005,0.002],"_shiftlockState":false,"_pose":"Climbing","_animationQueue":[],"_animationSpeed":0.935,"_zoom":7.155},{"_mousePosition":[683,352.5],"_rootPartCFrame":[756.339,239.434,47.898,0.005,0,-1,0,1,0,1,0,0.005],"_humanoidState":12,"_cameraCFrame":[753.685,247.579,47.912,0.005,0.929,-0.371,0,0.371,0.929,1,-0.005,0.002],"_shiftlockState":false,"_pose":"Climbing","_animationQueue":[],"_animationSpeed":0.935,"_zoom":7.155},{"_mousePosition":[683,352.5],"_rootPartCFrame":[756.465,239.978,47.897,0.005,0,-1,0,1,0,1,0,0.005],"_humanoidState":8,"_cameraCFrame":[753.812,248.123,47.911,0.005,0.929,-0.371,0,0.371,0.929,1,-0.005,0.002],"_shiftlockState":false,"_pose":"Standing","_animationQueue":[["climb",0.1],["idle",0.1],["idle",0.1]],"_animationSpeed":1,"_zoom":7.155},{"_mousePosition":[693,349],"_rootPartCFrame":[756.745,240.574,47.896,0.005,0,-1,0,1,0,1,0,0.005],"_humanoidState":8,"_cameraCFrame":[756.157,249.12,46.802,-0.881,0.466,-0.082,0,0.174,0.985,0.474,0.867,-0.153],"_shiftlockState":false,"_pose":"Running","_animationQueue":[],"_animationSpeed":0.727,"_zoom":7.155},{"_mousePosition":[683,352.5],"_rootPartCFrame":[756.36,240.852,47.979,-0.199,-0.003,-0.98,0.007,1,-0.005,0.98,-0.008,-0.199],"_humanoidState":8,"_cameraCFrame":[755.512,249.384,46.95,-0.77,0.627,-0.118,0,0.185,0.983,0.638,0.756,-0.142],"_shiftlockState":false,"_pose":"Running","_animationQueue":[],"_animationSpeed":0.727,"_zoom":7.155},{"_mousePosition":[683,352.5],"_rootPartCFrame":[756.154,241.218,48.096,-0.49,-0.003,-0.872,0.003,1,-0.005,0.872,-0.005,-0.49],"_humanoidState":8,"_cameraCFrame":[755.372,249.757,47.069,-0.795,0.597,-0.109,0,0.179,0.984,0.606,0.782,-0.142],"_shiftlockState":false,"_pose":"Running","_animationQueue":[],"_animationSpeed":0.727,"_zoom":7.155},{"_mousePosition":[683,352.5],"_rootPartCFrame":[756.013,241.395,48.199,-0.643,-0.003,-0.766,0,1,-0.004,0.766,-0.003,-0.643],"_humanoidState":8,"_cameraCFrame":[755.299,249.941,47.169,-0.822,0.56,-0.099,0,0.174,0.985,0.569,0.81,-0.143],"_shiftlockState":false,"_pose":"Running","_animationQueue":[["walk",0.1]],"_animationSpeed":0.646,"_zoom":7.155},{"_mousePosition":[683,352.5],"_rootPartCFrame":[755.792,241.651,48.369,-0.873,0,-0.488,0,1,0,0.488,0,-0.873],"_humanoidState":8,"_cameraCFrame":[755.117,250.197,47.326,-0.84,0.535,-0.094,0,0.174,0.985,0.543,0.827,-0.146],"_shiftlockState":false,"_pose":"Running","_animationQueue":[["walk",0.1]],"_animationSpeed":0.956,"_zoom":7.155},{"_mousePosition":[683,352.5],"_rootPartCFrame":[755.67,241.736,48.459,-0.939,0,-0.344,0,1,0,0.344,0,-0.939],"_humanoidState":8,"_cameraCFrame":[755.027,250.282,47.396,-0.856,0.509,-0.09,0,0.174,0.985,0.517,0.843,-0.149],"_shiftlockState":false,"_pose":"Running","_animationQueue":[["walk",0.1]],"_animationSpeed":0.753,"_zoom":7.155},{"_mousePosition":[683,352.5],"_rootPartCFrame":[755.456,242.93,48.614,-0.996,0,-0.095,0,1,0,0.095,0,-0.996],"_humanoidState":3,"_cameraCFrame":[754.829,251.476,47.542,-0.863,0.497,-0.088,0,0.174,0.985,0.505,0.85,-0.15],"_shiftlockState":false,"_pose":"Jumping","_animationQueue":[["walk",0.1],["walk",0.1],["jump",0.1]],"_animationSpeed":1,"_zoom":7.155},{"_mousePosition":[683,352.5],"_rootPartCFrame":[755.313,243.608,48.711,-1,0,0.025,0,1,0,-0.025,0,-1],"_humanoidState":5,"_cameraCFrame":[754.692,252.154,47.635,-0.866,0.493,-0.087,0,0.174,0.985,0.5,0.853,-0.15],"_shiftlockState":false,"_pose":"FreeFall","_animationQueue":[["jump",0.1]],"_animationSpeed":1,"_zoom":7.155},{"_mousePosition":[683,352.5],"_rootPartCFrame":[755.092,244.463,48.845,-0.987,0,0.162,0,1,0,-0.162,0,-0.987],"_humanoidState":5,"_cameraCFrame":[754.47,253.01,47.769,-0.866,0.493,-0.087,0,0.174,0.985,0.5,0.853,-0.15],"_shiftlockState":false,"_pose":"FreeFall","_animationQueue":[],"_animationSpeed":1,"_zoom":7.155},{"_mousePosition":[683,352.5],"_rootPartCFrame":[754.861,245.265,48.978,-0.959,0,0.282,0,1,0,-0.282,0,-0.959],"_humanoidState":5,"_cameraCFrame":[754.24,253.811,47.902,-0.866,0.493,-0.087,0,0.174,0.985,0.5,0.853,-0.15],"_shiftlockState":false,"_pose":"FreeFall","_animationQueue":[],"_animationSpeed