[{"_mousePosition":[1162,380],"_rootPartCFrame":[776.028,222.95,47.142,0,0,1,0,1,0,-1,0,0],"_humanoidState":8,"_cameraCFrame":[776.621,231.732,41.909,-0.994,-0.091,0.066,0,0.586,0.81,-0.113,0.805,-0.582],"_shiftlockState":false,"_pose":"Standing","_animationQueue":[],"_animationSpeed":1,"_zoom":8.987},{"_mousePosition":[1209,386],"_rootPartCFrame":[775.727,222.799,47.108,0.019,0,1,0,1,0,-1,0,0.019],"_humanoidState":8,"_cameraCFrame":[776.32,231.581,41.875,-0.994,-0.091,0.066,0,0.586,0.81,-0.113,0.805,-0.582],"_shiftlockState":false,"_pose":"Standing","_animationQueue":[],"_animationSpeed":1,"_zoom":8.987},{"_mousePosition":[1265,392],"_rootPartCFrame":[775.594,222.719,47.093,0.025,0,1,0,1,0,-1,0,0.025],"_humanoidState":8,"_cameraCFrame":[776.188,231.502,41.86,-0.994,-0.091,0.066,0,0.586,0.81,-0.113,0.805,-0.582],"_shiftlockState":false,"_pose":"Running","_animationQueue":[["walk",0.1]],"_animationSpeed":1.089,"_zoom":8.987},{"_mousePosition":[1317,400],"_rootPartCFrame":[775.329,222.61,47.063,0.037,0,0.999,0,1,0,-0.999,0,0.037],"_humanoidState":8,"_cameraCFrame":[775.923,231.393,41.83,-0.994,-0.091,0.066,0,0.586,0.81,-0.113,0.805,-0.582],"_shiftlockState":false,"_pose":"Running","_animationQueue":[],"_animationSpeed":1.089,"_zoom":8.987},{"_mousePosition":[1363,406],"_rootPartCFrame":[775.064,222.636,47.033,0.047,0,0.999,0,1,0,-0.999,0,0.047],"_humanoidState":8,"_cameraCFrame":[775.658,231.418,41.8,-0.994,-0.091,0.066,0,0.586,0.81,-0.113,0.805,-0.582],"_shiftlockState":false,"_pose":"Running","_animationQueue":[],"_animationSpeed":1.089,"_zoom":8.987},{"_mousePosition":[1365,412],"_rootPartCFrame":[774.799,222.663,47.003,0.056,0,0.998,0,1,0,-0.998,0,0.056],"_humanoidState":8,"_cameraCFrame":[773.654,231.445,41.573,-0.994,-0.091,0.066,0,0.586,0.81,-0.113,0.805,-0.582],"_shiftlockState":true,"_pose":"Running","_animationQueue":[],"_animationSpeed":1.089,"_zoom":8.987},{"_mousePosition":[683,352.5],"_rootPartCFrame":[774.402,222.685,46.958,-1,0,-0.028,0,1,0,0.028,0,-1],"_humanoidState":8,"_cameraCFrame":[773.256,231.467,41.528,-0.994,-0.091,0.066,0,0.586,0.81,-0.113,0.805,-0.582],"_shiftlockState":true,"_pose":"Running","_animationQueue":[],"_animationSpeed":1.089,"_zoom":8.987},{"_mousePosition":[683,352.5],"_rootPartCFrame":[774.203,222.691,46.935,-0.996,0,0.089,0,1,0,-0.089,0,-0.996],"_humanoidState":8,"_cameraCFrame":[773.264,231.494,41.494,-0.989,-0.123,0.088,0,0.583,0.813,-0.151,0.803,-0.576],"_shiftlockState":true,"_pose":"Running","_animationQueue":[],"_animationSpeed":1.089,"_zoom":8.987},{"_mousePosition":[683,352.5],"_rootPartCFrame":[773.938,222.695,46.905,-0.989,0,0.147,0,1,0,-0.147,0,-0.989],"_humanoidState":8,"_cameraCFrame":[773.256,231.524,41.46,-0.98,-0.162,0.115,0,0.579,0.815,-0.199,0.799,-0.567],"_shiftlockState":true,"_pose":"Running","_animationQueue":[["walk",0.1]],"_animationSpeed":1.089,"_zoom":8.987},{"_mousePosition":[683,352.5],"_rootPartCFrame":[773.609,222.697,46.856,-0.98,0,0.198,0,1,0,-0.198,0,-0.98],"_humanoidState":8,"_cameraCFrame":[773.136,231.547,41.417,-0.971,-0.194,0.137,0,0.575,0.818,-0.237,0.794,-0.559],"_shiftlockState":true,"_pose":"Running","_animationQueue":[],"_animationSpeed":1.089,"_zoom":8.987},{"_mousePosition":[683,352.5],"_rootPartCFrame":[773.412,222.698,46.818,-0.971,0,0.237,0,1,0,-0.237,0,-0.971],"_humanoidState":8,"_cameraCFrame":[773.227,231.585,41.412,-0.957,-0.239,0.166,0,0.57,0.822,-0.291,0.786,-0.545],"_shiftlockState":true,"_pose":"Running","_animationQueue":[],"_animationSpeed":1.089,"_zoom":8.987},{"_mousePosition":[683,352.5],"_rootPartCFrame":[773.153,222.699,46.757,-0.957,0,0.291,0,1,0,-0.291,0,-0.957],"_humanoidState":8,"_cameraCFrame":[773.198,231.623,41.398,-0.942,-0.276,0.189,0,0.564,0.826,-0.335,0.778,-0.531],"_shiftlockState":true,"_pose":"Running","_animationQueue":[],"_animationSpeed":1.089,"_zoom":8.987},{"_mousePosition":[683,352.5],"_rootPartCFrame":[772.897,222.699,46.681,-0.942,0,0.335,0,1,0,-0.335,0,-0.942],"_humanoidState":8,"_cameraCFrame":[773.191,231.66,41.382,-0.924,-0.317,0.213,0,0.558,0.83,-0.382,0.767,-0.515],"_shiftlockState":true,"_pose":"Running","_animationQueue":[],"_animationSpeed":1.089,"_zoom":8.987},{"_mousePosition":[683,352.5],"_rootPartCFrame":[772.645,222.699,46.594,-0.924,0,0.382,0,1,0,-0.382,0,-0.924],"_humanoidState":8,"_cameraCFrame":[773.157,231.684,41.345,-0.907,-0.351,0.233,0,0.554,0.833,-0.422,0.755,-0.502],"_shiftlockState":true,"_pose":"Running","_animationQueue":[],"_animationSpeed":1.089,"_zoom":8.987},{"_mousePosition":[683,352.5],"_rootPartCFrame":[772.336,222.7,46.468,-0.907,0,0.422,0,1,0,-0.422,0,-0.907],"_humanoidState":8,"_cameraCFrame":[772.972,231.696,41.251,-0.896,-0.371,0.245,0,0.551,0.834,-0.444,0.747,-0.494],"_shiftlockState":true,"_pose":"Running","_animationQueue":[["walk",0.1]],"_animationSpeed":1.089,"_zoom":8.987},{"_mousePosition":[683,352.5],"_rootPartCFrame":[772.154,222.7,46.386,-0.896,0,0.444,0,1,0,-0.444,0,-0.896],"_humanoidState":8,"_cameraCFrame":[772.901,231.7,41.189,-0.886,-0.387,0.256,0,0.551,0.835,-0.464,0.739,-0.488],"_shiftlockState":true,"_pose":"Running","_animationQueue":[],"_animationSpeed":1.089,"_zoom":8.987},{"_mousePosition":[683,352.5],"_rootPartCFrame":[771.915,222.7,46.268,-0.886,0,0.464,0,1,0,-0.464,0,-0.886],"_humanoidState":8,"_cameraCFrame":[772.738,231.708,41.094,-0.878,-0.399,0.263,0,0.549,0.836,-0.478,0.734,-0.483],"_shiftlockState":true,"_pose":"Running","_animationQueue":[],"_animationSpeed":1.089,"_zoom":8.987},{"_mousePosition":[683,352.5],"_rootPartCFrame":[771.678,222.7,46.145,-0.878,0,0.478,0,1,0,-0.478,0,-0.878],"_humanoidState":8,"_cameraCFrame":[772.563,231.712,40.987,-0.872,-0.409,0.268,0,0.549,0.836,-0.489,0.729,-0.479],"_shiftlockState":true,"_pose":"Running","_animationQueue":[],"_animationSpeed":1.089,"_zoom":8.987},{"_mousePosition":[683,352.5],"_rootPartCFrame":[771.444,222.7,46.018,-0.872,0,0.489,0,1,0,-0.489,0,-0.872],"_humanoidState":8,"_cameraCFrame":[772.336,231.716,40.867,-0.871,-0.41,0.269,0,0.548,0.836,-0.491,0.729,-0.478],"_shiftlockState":true,"_pose":"Running","_animationQueue":[],"_animationSpeed":1.089,"_zoom":8.987},{"_mousePosition":[683,352.5],"_rootPartCFrame":[771.211,222.7,45.888,-0.871,0,0.491,0,1,0,-0.491,0,-0.871],"_humanoidState":8,"_cameraCFrame":[772.084,231.72,40.74,-0.873,-0.408,0.267,0,0.547,0.837,-0.488,0.73,-0.478],"_shiftlockState":true,"_pose":"Running","_animationQueue":[],"_animationSpeed":1.089,"_zoom":8.987},{"_mousePosition":[683,352.5],"_rootPartCFrame":[770.979,222.7,45.757,-0.873,0,0.488,0,1,0,-0.488,0,-0.873],"_humanoidState":8,"_cameraCFrame":[771.749,231.736,40.616,-0.881,-0.396,0.257,0,0.545,0.839,-0.472,0.739,-0.48],"_shiftlockState":true,"_pose":"Running","_animationQueue":[],"_animationSpeed":1.089,"_zoom":8.987},{"_mousePosition":[683,352.5],"_rootPartCFrame":[770.746,222.7,45.627,-0.881,0,0.472,0,1,0,-0.472,0,-0.881],"_humanoidState":8,"_cameraCFrame":[771.376,231.752,40.49,-0.893,-0.378,0.244,0,0.542,0.84,-0.45,0.75,-0.484],"_shiftlockState":true,"_pose":"Running","_animationQueue":[["walk",0.1]],"_animationSpeed":1.089,"_zoom":8.987},{"_mousePosition":[683,352.5],"_rootPartCFrame":[770.455,223.783,45.465,-0.893,0,0.45,0,1,0,-0.45,0,-0.893],"_humanoidState":3,"_cameraCFrame":[770.956,232.851,40.336,-0.903,-0.362,0.232,0,0.539,0.842,-0.429,0.761,-0.487],"_shiftlockState":true,"_pose":"Jumping","_animationQueue":[["walk",0.1],["jump",0.1]],"_animationSpeed":1,"_zoom":8.987},{"_mousePosition":[683,352.5],"_rootPartCFrame":[770.277,224.395,45.373,-0.874,0,0.485,0,1,0,-0.485,0,-0.874],"_humanoidState":5,"_cameraCFrame":[770.607,233.478,40.254,-0.916,-0.338,0.215,0,0.537,0.844,-0.401,0.773,-0.492],"_shiftlockState":true,"_pose":"FreeFall","_animationQueue":[["jump",0.1]],"_animationSpeed":1,"_zoom":8.987},{"_mousePosition":[683,352.5],"_rootPartCFrame":[770.037,225.162,45.258,-0.859,0,0.512,0,1,0,-0.512,0,-0.859],"_humanoidState":5,"_cameraCFrame":[770.085,234.25,40.134,-0.937,-0.296,0.188,0,0.536,0.844,-0.35,0.791,-0.502],"_shiftlockState":true,"_pose":"FreeFall","_animationQueue":[],"_animationSpeed":1,"_zoom":8.987},{"_mousePosition":[683,352.5],"_rootPartCFrame":[769.793,225.875,45.15,-0.882,0,0.471,0,1,0,-0.471,0,-0.882],"_humanoidState":5,"_cameraCFrame":[769.434,234.924,39.98,-0.962,-0.228,0.147,0,0.543,0.84,-0.272,0.808,-0.522],"_shiftlockState":true,"_pose":"FreeFall","_animationQueue":[],"_animationSpeed":1,"_zoom":8.987},{"_mousePosition":[683,352.5],"_rootPartCFrame":[769.544,226.534,45.054,-0.918,0,0.397,0,1,0,-0.397,0,-0.918],"_humanoidState":5,"_cameraCFrame":[768.655,235.511,39.845,-0.986,-0.139,0.093,0,0.555,0.832,-0.168,0.82,-0.547],"_shiftlockState":true,"_pose":"FreeFall","_animationQueue":[],"_animationSpeed":1,"_zoom":8.987},{"_mousePosition":[683,352.5],"_rootPartCFrame":[769.235,227.28,44.974,-0.949,0,0.316,0,1,0,-0.316,0,-0.949],"_humanoidState":5,"_cameraCFrame":[767.946,236.208,39.779,-0.996,-0.074,0.051,0,0.563,0.827,-0.09,0.823,-0.561],"_shiftlockState":true,"_pose":"FreeFall","_animationQueue":[],"_animationSpeed":1,"_zoom":8.987},{"_mousePosition":[683,352.5],"_rootPartCFrame":[769.052,227.687,44.956,-0.984,0,0.177,0,1,0,-0.177,0,-0.984],"_humanoidState":5,"_cameraCFrame":[767.334,236.57,39.821,-1,-0.005,0.003,0,0.57,0.822,-0.006,0.822,-0.57],"_shiftlockState":true,"_pose":"FreeFall","_animationQueue":[],"_animationSpeed":1,"_zoom":8.987},{"_mousePosition":[683,352.5],"_rootPartCFrame":[768.816,228.182,44.965,-0.993,0,0.122,0,1,0,-0.122,0,-0.993],"_humanoidState":5,"_cameraCFrame":[766.717,237.028,39.919,-0.998,0.056,-0.039,0,0.576,0.817,0.068,0.815,-0.575],"_shiftlockState":true,"_pose":"FreeFall","_animationQueue":[],"_animationSpeed":1,"_zoom":8.987},{"_mousePosition":[683,352.5],"_rootPartCFrame":[768.56,228.459,44.992,-1,0,-0.03,0,1,0,0.03,0,-1],"_humanoidState":12,"_cameraCFrame":[766.168,237.271,40.028,-0.992,0.102,-0.073,0,0.581,0.814,0.126,0.807,-0.577],"_shiftlockState":true,"_pose":"Climbing","_animationQueue":[["walk",0.1],["climb",0.1]],"_animationSpeed":2.373,"_zoom":8.987},{"_mousePosition":[683,352.5],"_rootPartCFrame":[768.437,228.599,45.005,-0.992,0,-0.123,0,1,0,0.123,0,-0.992],"_humanoidState":12,"_cameraCFrame":[765.774,237.373,40.124,-0.984,0.144,-0.105,0,0.587,0.809,0.178,0.796,-0.578],"_shiftlockState":true,"_pose":"Climbing","_animationQueue":[["climb",0.1]],"_animationSpeed":0.944,"_zoom":8.987},{"_mousePosition":[683,352.5],"_rootPartCFrame":[768.307,228.786,45.018,-0.984,0,-0.178,0,1,0,0.178,0,-0.984],"_humanoidState":12,"_cameraCFrame":[765.47,237.538,40.203,-0.977,0.171,-0.125,0,0.591,0.807,0.212,0.789,-0.577],"_shiftlockState":true,"_pose":"Climbing","_animationQueue":[],"_animationSpeed":0.944,"_zoom":8.987},{"_mousePosition":[683,352.5],"_rootPartCFrame":[768.199,229.019,45.029,-0.977,0,-0.212,0,1,0,0.212,0,-0.977],"_humanoidState":12,"_cameraCFrame":[766.959,237.754,39.845,-0.973,0.187,-0.138,0,0.593,0.805,0.233,0.783,-0.577],"_shiftlockState":false,"_pose":"Climbing","_animationQueue":[],"_animationSpeed":0.944,"_zoom":8.987},{"_mousePosition":[683,352.5],"_rootPartCFrame":[768.158,229.206,45.034,-0.977,0,-0.212,0,1,0,0.212,0,-0.977],"_humanoidState":12,"_cameraCFrame":[767.21,236.239,41.069,-0.973,0.187,-0.138,0,0.593,0.805,0.233,0.783,-0.577],"_shiftlockState":false,"_pose":"Climbing","_animationQueue":[],"_animationSpeed":0.944,"_zoom":8.987},{"_mousePosition":[683,352.5],"_rootPartCFrame":[768.152,229.345,45.034,-0.977,0,-0.212,0,1,0,0.212,0,-0.977],"_humanoidState":12,"_cameraCFrame":[767.227,236.239,41.17,-0.973,0.187,-0.138,0,0.593,0.805,0.233,0.783,-0.577],"_shiftlockState":false,"_pose":"Climbing","_animationQueue":[],"_animationSpeed":0.944,"_zoom":8.987},{"_mousePosition":[683,352.5],"_rootPartCFrame":[768.151,229.532,45.034,-0.977,0,-0.212,0,1,0,0.212,0,-0.977],"_humanoidState":12,"_cameraCFrame":[767.258,236.239,41.298,-0.973,0.187,-0.138,0,0.594,0.805,0.233,0.783,-0.577],"_shiftlockState":false,"_pose":"Climbing","_animationQueue":[],"_animationSpeed":0.944,"_zoom":8.987},{"_mousePosition":[683,352.5],"_rootPartCFrame":[768.151,229.719,45.034,-0.977,0,-0.212,0,1,0,0.212,0,-0.977],"_humanoidState":12,"_cameraCFrame":[767.33,236.238,41.416,-0.975,0.178,-0.132,0,0.594,0.804,0.221,0.784,-0.58],"_shiftlockState":false,"_pose":"Climbing","_animationQueue":[],"_animationSpeed":0.944,"_zoom":8.987},{"_mousePosition":[683,352.5],"_rootPartCFrame":[768.151,229.905,45.034,-0.977,0,-0.212,0,1,0,0.212,0,-0.977],"_humanoidState":12,"_cameraCFrame":[767.512,236.239,41.526,-0.984,0.144,-0.106,0,0.594,0.805,0.179,0.792,-0.584],"_shiftlockState":false,"_pose":"Climbing","_animationQueue":[],"_animationSpeed":0.944,"_zoom":8.987},{"_mousePosition":[683,352.5],"_rootPartCFrame":[768.151,230.139,45.034,-0.977,0,-0.212,0,1,0,0.212,0,-0.977],"_humanoidState":12,"_cameraCFrame":[767.78,236.239,41.711,-0.994,0.09,-0.065,0,0.588,0.809,0.111,0.804,-0.584],"_shiftlockState":false,"_pose":"Climbing","_animationQueue":[],"_animationSpeed":0.944,"_zoom":8.987},{"_mousePosition":[683,352.5],"_rootPartCFrame":[768.151,230.279,45.034,-0.977,0,-0.212,0,1,0,0.212,0,-0.977],"_humanoidState":12,"_cameraCFrame":[768.18,236.242,41.932,-1,-0.008,0.005,0,0.571,0.821,-0.009,0.821,-0.571],"_shiftlockState":false,"_pose":"Climbing","_animationQueue":[],"_animationSpeed":0.944,"_zoom":8.987},{"_mousePosition":[683,352.5],"_rootPartCFrame":[768.151,230.465,45.034,-0.977,0,-0.212,0,1,0,0.212,0,-0.977],"_humanoidState":12,"_cameraCFrame":[768.633,236.245,42.272,-0.985,-0.144,0.094,0,0.548,0.836,-0.172,0.824,-0.54],"_shiftlockState":false,"_pose":"Climbing","_animationQueue":[],"_animationSpeed":0.944,"_zoom":8.987},{"_mousePosition":[683,352.5],"_rootPartCFrame":[768.151,230.699,45.034,-0.977,0,-0.212,0,1,0,0.212,0,-0.977],"_humanoidState":12,"_cameraCFrame":[768.963,236.248,42.653,-0.946,-0.274,0.17,0,0.528,0.849,-0.323,0.804,-0.499],"_shiftlockState":false,"_pose":"Climbing","_animationQueue":[],"_animationSpeed":0.944,"_zoom":8.987},{"_mousePosition":[683,352.5],"_rootPartCFrame":[768.151,230.839,45.034,-0.977,0,-0.212,0,1,0,0.212,0,-0.977],"_humanoidState":12,"_cameraCFrame":[769.281,236.251,43.068,-0.867,-0.431,0.25,0,0.501,0.865,-0.498,0.75,-0.435],"_shiftlockState":false,"_pose":"Climbing","_animationQueue":[],"_animationSpeed":0.944,"_zoom":8.987},{"_mousePosition":[683,352.5],"_rootPartCFrame":[768.151,231.072,45.034,-0.977,0,-0.212,0,1,0,0.212,0,-0.977],"_humanoidState":12,"_cameraCFrame":[769.453,236.254,43.529,-0.756,-0.575,0.311,0,0.475,0.88,-0.654,0.665,-0.36],"_shiftlockState":false,"_pose":"Climbing","_animationQueue":[],"_animationSpeed":0.944,"_zoom":8.987},{"_mousePosition":[683,352.5],"_rootPartCFrame":[768.151,231.212,45.034,-0.977,0,-0.212,0,1,0,0.212,0,-0.977],"_humanoidState":12,"_cameraCFrame":[769.548,236.258,43.951,-0.613,-0.707,0.352,0,0.446,0.895,-0.79,0.549,-0.273],"_shiftlockState":false,"_pose":"Climbing","_animationQueue":[],"_animationSpeed":0.944,"_zoom":8.987},{"_mousePosition":[683,352.5],"_rootPartCFrame":[768.151,231.399,45.034,-0.977,0,-0.212,0,1,0,0.212,0,-0.977],"_humanoidState":12,"_cameraCFrame":[769.532,236.261,44.29,-0.475,-0.798,0.372,0,0.423,0.906,-0.88,0.43,-0.201],"_shiftlockState":false,"_pose":"Climbing","_animationQueue":[],"_animationSpeed":0.944,"_zoom":8.987},{"_mousePosition":[683,352.5],"_rootPartCFrame":[768.151,231.585,45.034,-0.977,0,-0.212,0,1,0,0.212,0,-0.977],"_humanoidState":12,"_cameraCFrame":[769.466,236.263,44.52,-0.364,-0.851,0.378,0,0.406,0.914,-0.931,0.333,-0.148],"_shiftlockState":false,"_pose":"Climbing","_animationQueue":[],"_animationSpeed":0.944,"_zoom":8.987},{"_mousePosition":[683,352.5],"_rootPartCFrame":[768.151,231.772,45.034,-0.977,0,-0.212,0,1,0,0.212,0,-0.977],"_humanoidState":12,"_cameraCFrame":[769.376,236.264,44.682,-0.276,-0.884,0.377,0,0.392,0.92,-0.961,0.254,-0.108],"_shiftlockState":false,"_pose":"Climbing","_animationQueue":[],"_animationSpeed":0.944,"_zoom":8.987},{"_mousePosition":[683,352.5],"_rootPartCFrame":[768.151,231.959,45.034,-0.977,0,-0.212,0,1,0,0.212,0,-0.977],"_humanoidState":12,"_cameraCFrame":[769.276,236.266,44.807,-0.198,-0.907,0.371,0,0.379,0.926,-0.98,0.183,-0.075],"_shiftlockState":false,"_pose":"Climbing","_animationQueue":[],"_animationSpeed":0.944,"_zoom":8.987},{"_mousePosition":[683,352.5],"_rootPartCFrame":[768.151,232.192,45.034,-0.977,0,-0.212,0,1,0,0.212,0,-0.977],"_humanoidState":12,"_cameraCFrame":[769.151,236.267,44.896,-0.137,-0.922,0.362,0,0.365,0.931,-0.991,0.127,-0.05],"_shiftlockState":false,"_pose":"Climbing","_animationQueue":[],"_animationSpeed":0.944,"_zoom":8.987},{"_mousePosition":[683,352.5],"_rootPartCFrame":[768.151,232.332,45.034,-0.977,0,-0.212,0,1,0,0.212,0,-0.977],"_humanoidState":12,"_cameraCFrame":[769.08,236.268,44.947,-0.093,-0.93,0.356,0,0.358,0.934,-0.996,0.087,-0.033],"_shiftlockState":false,"_pose":"Climbing","_animationQueue":[],"_animationSpeed":0.944,"_zoom":8.987},{"_mousePosition":[683,352.5],"_rootPartCFrame":[768.151,232.518,45.034,-0.977,0,-0.212,0,1,0,0.212,0,-0.977],"_humanoidState":12,"_cameraCFrame":[769.009,236.268,44.954,-0.093,-0.93,0.356,0,0.358,0.934,-0.996,0.087,-0.033],"_shiftlockState":false,"_pose":"Climbing","_animationQueue":[],"_animationSpeed":0.944,"_zoom":8.987},{"_mousePosition":[683,352.5],"_rootPartCFrame":[768.151,232.705,45.034,-0.977,0,-0.212,0,1,0,0.212,0,-0.977],"_humanoidState":12,"_cameraCFrame":[768.938,236.268,44.961,-0.093,-0.93,0.356,0,0.358,0.934,-0.996,0.087,-0.033],"_shiftlockState":false,"_pose":"Climbing","_animationQueue":[],"_animationSpeed":0.944,"_zoom":8.987},{"_mousePosition":[683,352.5],"_rootPartCFrame":[768.151,232.892,45.034,-0.977,0,-0.212,0,1,0,0.212,0,-0.977],"_humanoidState":12,"_cameraCFrame":[768.866,236.268,44.967,-0.093,-0.93,0.356,0,0.358,0.934,-0.996,0.087,-0.033],"_shiftlockState":false,"_pose":"Climbing","_animationQueue":[],"_animationSpeed":0.944,"_zoom":8.987},{"_mousePosition":[683,352.5],"_rootPartCFrame":[768.17,233.044,45.05,-0.962,0,-0.272,0,1,0,0.272,0,-0.962],"_humanoidState":8,"_cameraCFrame":[768.827,236.268,44.989,-0.093,-0.93,0.356,0,0.358,0.934,-0.996,0.087,-0.033],"_shiftlockState":false,"_pose":"Standing","_animationQueue":[["climb",0.1],["idle",0.1],["idle",0.1]],"_animationSpeed":1,"_zoom":8.987},{"_mousePosition":[683,352.5],"_rootPartCFrame":[768.225,233.142,45.07,-0.924,0,-0.381,0,1,0,0.381,0,-0.924],"_humanoidState":5,"_cameraCFrame":[768.845,236.268,45.012,-0.093,-0.93,0.356,0,0.358,0.934,-0.996,0.087,-0.033],"_shiftlockState":false,"_pose":"FreeFall","_animationQueue":[["walk",0.1],["fall",0.3]],"_animationSpeed":1,"_zoom":8.987},{"_mousePosition":[683,352.5],"_rootPartCFrame":[768.319,233.186,45.082,-0.867,0,-0.499,0,1,0,0.499,0,-0.867],"_humanoidState":5,"_cameraCFrame":[768.922,236.268,45.026,-0.093,-0.93,0.356,0,0.358,0.934,-0.996,0.087,-0.033],"_shiftlockState":false,"_pose":"FreeFall","_animationQueue":[],"_animationSpeed":1,"_zoom":8.987},{"_mousePosition":[683,352.5],"_rootPartCFrame":[768.451,233.175,45.086,-0.793,0,-0.61,0,1,0,0.61,0,-0.793],"_humanoidState":5,"_cameraCFrame":[769.059,236.268,45.029,-0.093,-0.93,0.356,0,0.358,0.934,-0.996,0.087,-0.033],"_shiftlockState":false,"_pose":"FreeFall","_animationQueue":[],"_animationSpeed":1,"_zoom":8.987},{"_mousePosition":[683,352.5],"_rootPartCFrame":[768.623,233.11,45.081,-0.705,0,-0.71,0,1,0,0.71,0,-0.705],"_humanoidState":5,"_cameraCFrame":[769.255,236.268,45.022,-0.093,-0.93,0.356,0,0.358,0.934,-0.996,0.087,-0.033],"_shiftlockState":false,"_pose":"FreeFall","_animationQueue":[],"_animationSpeed":1,"_zoom":8.987},{"_mousePosition":[683,350],"_rootPartCFrame":[768.877,233.118,45.059,-0.613,0,-0.79,0,1,0,0.79,0,-0.613],"_humanoidState":7,"_cameraCFrame":[769.506,236.268,45.001,-0.092,-0.93,0.356,0,0.357,0.934,-0.996,0.086,-0.033],"_shiftlockState":false,"_pose":"FreeFall","_animationQueue":[["fall",0.3],["walk",0.1],["walk",0.1],["fall",0.3]],"_animationSpeed":1,"_zoom":8.987},{"_mousePosition":[683,350],"_rootPartCFrame":[769.209,233.157,45.028,-0.504,0,-0.864,0,1,0,0.864,0,-0.504],"_humanoidState":7,"_cameraCFrame":[769.823,236.268,44.971,-0.092,-0.93,0.356,0,0.357,0.934,-0.996,0.086,-0.033],"_shiftlockState":false,"_pose":"FreeFall","_animationQueue":[],"_animationSpeed":1,"_zoom":8.987},{"_mousePosition":[683,348],"_rootPartCFrame":[769.408,233.172,45.01,-0.447,0,-0.895,0,1,0,0.895,0,-0.447],"_humanoidState":8,"_cameraCFrame":[770.016,236.268,44.954,-0.092,-0.93,0.356,0,0.357,0.934,-0.996,0.086,-0.033],"_shiftlockState":false,"_pose":"Running","_animationQueue":[["walk",0.1]],"_animationSpeed":1.103,"_zoom":8.987},{"_mousePosition":[683,348],"_rootPartCFrame":[769.674,233.185,44.985,-0.377,0,-0.926,0,1,0,0.926,0,-0.377],"_humanoidState":8,"_cameraCFrame":[770.5,236.854,44.909,-0.092,-0.93,0.356,0,0.357,0.934,-0.996,0.086,-0.033],"_shiftlockState":false,"_pose":"Running","_animationQueue":[],"_animationSpeed":1.103,"_zoom":8.987},{"_mousePosition":[683,348],"_rootPartCFrame":[769.939,233.161,44.961,-0.307,0,-0.952,0,1,0,0.952,0,-0.307],"_humanoidState":8,"_cameraCFrame":[771.141,237.815,44.849,-0.092,-0.93,0.356,0,0.357,0.934,-0.996,0.086,-0.033],"_shiftlockState":false,"_pose":"Running","_animationQueue":[],"_animationSpeed":1.103,"_zoom":8.987},{"_mousePosition":[683,348],"_rootPartCFrame":[770.205,233.083,44.936,-0.236,0,-0.972,0,1,0,0.972,0,-0.236],"_humanoidState":8,"_cameraCFrame":[771.883,238.985,44.781,-0.092,-0.93,0.356,0,0.357,0.934,-0.996,0.086,-0.033],"_shiftlockState":false,"_pose":"Running","_animationQueue":[],"_animationSpeed":1.103,"_zoom":8.987},{"_mousePosition":[683,348],"_rootPartCFrame":[770.47,232.95,44.912,-0.163,0,-0.987,0,1,0,0.987,0,-0.163],"_humanoidState":8,"_cameraCFrame":[772.541,239.884,44.72,-0.092,-0.93,0.356,0,0.357,0.934,-0.996,0.086,-0.033],"_shiftlockState":false,"_pose":"Running","_animationQueue":[["walk",0.1]],"_animationSpeed":1.103,"_zoom":8.987},{"_mousePosition":[683,348],"_rootPartCFrame":[770.736,232.763,44.887,-0.09,0,-0.996,0,1,0,0.996,0,-0.09],"_humanoidState":8,"_cameraCFrame":[773.102,240.469,44.668,-0.092,-0.93,0.356,0,0.357,0.934,-0.996,0.086,-0.033],"_shiftlockState":false,"_pose":"Running","_animationQueue":[],"_animationSpeed":1.103,"_zoom":8.987},{"_mousePosition":[683,348],"_rootPartCFrame":[771.002,232.522,44.862,-0.016,0,-1,0,1,0,1,0,-0.016],"_humanoidState":8,"_cameraCFrame":[773.625,240.904,44.619,-0.092,-0.93,0.356,0,0.357,0.934,-0.996,0.086,-0.033],"_shiftlockState":false,"_pose":"Running","_animationQueue":[],"_animationSpeed":1.103,"_zoom":8.987},{"_mousePosition":[683,348],"_rootPartCFrame":[771.267,233.385,44.838,0.058,0,-0.998,0,1,0,0.998,0,0.058],"_humanoidState":3,"_cameraCFrame":[774.067,242.229,44.578,-0.092,-0.93,0.356,0,0.357,0.934,-0.996,0.086,-0.033],"_shiftlockState":false,"_pose":"Jumping","_animationQueue":[["walk",0.1],["jump",0.1]],"_animationSpeed":1,"_zoom":8.987},{"_mousePosition":[683,348],"_rootPartCFrame":[771.533,234.193,44.813,0.084,0,-0.996,0,1,0,0.996,0,0.084],"_humanoidState":5,"_cameraCFrame":[774.446,243.335,44.543,-0.092,-0.93,0.356,0,0.357,0.934,-0.996,0.086,-0.033],"_shiftlockState":false,"_pose":"FreeFall","_animationQueue":[["jump",0.1]],"_animationSpeed":1,"_zoom":8.987},{"_mousePosition":[683,348],"_rootPartCFrame":[771.799,234.947,44.788,0.089,0,-0.996,0,1,0,0.996,0,0.089],"_humanoidState":5,"_cameraCFrame":[774.837,244.84,42.749,-0.092,-0.93,0.356,0,0.357,0.934,-0.996,0.086,-0.033],"_shiftlockState":true,"_pose":"FreeFall","_animationQueue":[["jump",0.1]],"_animationSpeed":1,"_zoom":8.987},{"_mousePosition":[683,352.5],"_rootPartCFrame":[772.094,235.813,44.761,-0.093,0,0.996,0,1,0,-0.996,0,-0.093],"_humanoidState":5,"_cameraCFrame":[775.131,245.706,42.722,-0.092,-0.93,0.356,0,0.357,0.934,-0.996,0.086,-0.033],"_shiftlockState":true,"_pose":"FreeFall","_animationQueue":[["fall",0.3]],"_animationSpeed":1,"_zoom":8.987},{"_mousePosition":[683,352.5],"_rootPartCFrame":[772.241,236.291,44.747,-0.092,0,0.996,0,1,0,-0.996,0,-0.092],"_humanoidState":5,"_cameraCFrame":[775.279,246.184,42.708,-0.092,-0.93,0.356,0,0.357,0.934,-0.996,0.086,-0.033],"_shiftlockState":true,"_pose":"FreeFall","_animationQueue":[],"_animationSpeed":1,"_zoom":8.987},{"_mousePosition":[683,352.5],"_rootPartCFrame":[772.403,236.882,44.732,-0.092,0,0.996,0,1,0,-0.996,0,-0.092],"_humanoidState":5,"_cameraCFrame":[775.44,246.775,42.693,-0.092,-0.93,0.356,0,0.357,0.934,-0.996,0.086,-0.033],"_shiftlockState":true,"_pose":"FreeFall","_animationQueue":[],"_animationSpeed":1,"_zoom":8.987},{"_mousePosition":[683,352.5],"_rootPartCFrame":[772.525,237.418,44.721,-0.092,0,0.996,0,1,0,-0.996,0,-0.092],"_humanoidState":5,"_cameraCFrame":[775.563,247.311,42.682,-0.092,-0.93,0.356,0,0.357,0.934,-0.996,0.086,-0.033],"_shiftlockState":true,"_pose":"FreeFall","_animationQueue":[],"_animationSpeed":1,"_zoom":8.987},{"_mousePosition":[683,352.5],"_rootPartCFrame":[772.608,237.899,44.713,-0.092,0,0.996,0,1,0,-0.996,0,-0.092],"_humanoidState":5,"_cameraCFrame":[775.645,247.792,42.674,-0.092,-0.93,0.356,0,0.357,0.934,-0.996,0.086,-0.033],"_shiftlockState":true,"_pose":"FreeFall","_animationQueue":[],"_animationSpeed":1,"_zoom":8.987},{"_mousePosition":[683,352.5],"_rootPartCFrame":[772.651,238.326,44.709,-0.092,0,0.996,0,1,0,-0.996,0,-0.092],"_humanoidState":5,"_cameraCFrame":[775.688,248.219,42.67,-0.092,-0.93,0.356,0,0.357,0.934,-0.996,0.086,-0.033],"_shiftlockState":true,"_pose":"FreeFall","_animationQueue":[],"_animationSpeed":1,"_zoom":8.987},{"_mousePosition":[683,352.5],"_rootPartCFrame":[772.654,238.698,44.709,-0.092,0,0.996,0,1,0,-0.996,0,-0.092],"_humanoidState":5,"_cameraCFrame":[775.692,248.591,42.67,-0.092,-0.93,0.356,0,0.357,0.934,-0.996,0.086,-0.033],"_shiftlockState":true,"_pose":"FreeFall","_animationQueue":[],"_animationSpeed":1,"_zoom":8.987},{"_mousePosition":[683,352.5],"_rootPartCFrame":[772.618,239.016,44.712,-0.092,0,0.996,0,1,0,-0.996,0,-0.092],"_humanoidState":5,"_cameraCFrame":[775.656,248.909,42.673,-0.092,-0.93,0.356,0,0.357,0.934,-0.996,0.086,-0.033],"_shiftlockState":true,"_pose":"FreeFall","_animationQueue":[["fall",0.3]],"_animationSpeed":1,"_zoom":8.987},{"_mousePosition":[683,352.5],"_rootPartCFrame":[772.543,239.279,44.719,-0.092,0,0.996,0,1,0,-0.996,0,-0.092],"_humanoidState":5,"_cameraCFrame":[775.58,249.173,42.68,-0.092,-0.93,0.356,0,0.357,0.934,-0.996,0.086,-0.033],"_shiftlockState":true,"_pose":"FreeFall","_animationQueue":[],"_animationSpeed":1,"_zoom":8.987},{"_mousePosition":[683,352.5],"_rootPartCFrame":[772.428,239.488,44.73,-0.092,0,0.996,0,1,0,-0.996,0,-0.092],"_humanoidState":5,"_cameraCFrame":[775.465,249.381,42.691,-0.092,-0.93,0.356,0,0.357,0.934,-0.996,0.086,-0.033],"_shiftlockState":true,"_pose":"FreeFall","_animationQueue":[],"_animationSpeed":1,"_zoom":8.987},{"_mousePosition":[683,352.5],"_rootPartCFrame":[772.273,239.643,44.744,-0.092,0,0.996,0,1,0,-0.996,0,-0.092],"_humanoidState":5,"_cameraCFrame":[775.311,249.536,42.705,-0.092,-0.93,0.356,0,0.357,0.934,-0.996,0.086,-0.033],"_shiftlockState":true,"_pose":"FreeFall","_animationQueue":[],"_animationSpeed":1,"_zoom":8.987},{"_mousePosition":[683,352.5],"_rootPartCFrame":[772.079,239.743,44.762,-0.092,0,0.996,0,1,0,-0.996,0,-0.092],"_humanoidState":5,"_cameraCFrame":[775.116,249.636,42.723,-0.092,-0.93,0.356,0,0.357,0.934,-0.996,0.086,-0.033],"_shiftlockState":true,"_pose":"FreeFall","_animationQueue":[],"_animationSpeed":1,"_zoom":8.987},{"_mousePosition":[683,352.5],"_rootPartCFrame":[771.845,239.788,44.784,-0.092,0,0.996,0,1,0,-0.996,0,-0.092],"_humanoidState":5,"_cameraCFrame":[774.883,249.681,42.745,-0.092,-0.93,0.356,0,0.357,0.934,-0.996,0.086,-0.033],"_shiftlockState":true,"_pose":"FreeFall","_animationQueue":[],"_animationSpeed":1,"_zoom":8.987},{"_mousePosition":[683,352.5],"_rootPartCFrame":[771.582,239.779,44.808,-0.092,0,0.996,0,1,0,-0.996,0,-0.092],"_humanoidState":5,"_cameraCFrame":[774.62,249.672,42.769,-0.092,-0.93,0.356,0,0.357,0.934,-0.996,0.086,-0.033],"_shiftlockState":true,"_pose":"FreeFall","_animationQueue":[],"_animationSpeed":1,"_zoom":8.987},{"_mousePosition":[683,352.5],"_rootPartCFrame":[771.317,239.715,44.833,-0.092,0,0.996,0,1,0,-0.996,0,-0.092],"_humanoidState":5,"_cameraCFrame":[774.354,249.608,42.794,-0.092,-0.93,0.356,0,0.357,0.934,-0.996,0.086,-0.033],"_shiftlockState":true,"_pose":"FreeFall","_animationQueue":[["fall",0.3]],"_animationSpeed":1,"_zoom":8.987},{"_mousePosition":[683,352.5],"_rootPartCFrame":[771.051,239.597,44.857,-0.092,0,0.996,0,1,0,-0.996,0,-0.092],"_humanoidState":5,"_cameraCFrame":[774.089,249.49,42.818,-0.092,-0.93,0.356,0,0.357,0.934,-0.996,0.086,-0.033],"_shiftlockState":true,"_pose":"FreeFall","_animationQueue":[],"_animationSpeed":1,"_zoom":8.987},{"_mousePosition":[683,352.5],"_rootPartCFrame":[770.785,239.425,44.882,-0.092,0,0.996,0,1,0,-0.996,0,-0.092],"_humanoidState":5,"_cameraCFrame":[773.823,249.318,42.843,-0.092,-0.93,0.356,0,0.357,0.934,-0.996,0.086,-0.033],"_shiftlockState":true,"_pose":"FreeFall","_animationQueue":[],"_animationSpeed":1,"_zoom":8.987},{"_mousePosition":[683,352.5],"_rootPartCFrame":[770.545,239.197,44.904,-0.092,0,0.996,0,1,0,-0.996,0,-0.092],"_humanoidState":5,"_cameraCFrame":[773.744,249.091,44.608,-0.092,-0.93,0.356,0,0.357,0.934,-0.996,0.086,-0.033],"_shiftlockState":false,"_pose":"FreeFall","_animationQueue":[],"_animationSpeed":1,"_zoom":8.987},{"_mousePosition":[683,352.5],"_rootPartCFrame":[770.343,238.916,44.923,-0.092,0,0.996,0,1,0,-0.996,0,-0.092],"_humanoidState":5,"_cameraCFrame":[773.542,248.809,44.626,-0.092,-0.93,0.356,0,0.357,0.934,-0.996,0.086,-0.033],"_shiftlockState":false,"_pose":"FreeFall","_animationQueue":[],"_animationSpeed":1,"_zoom":8.987},{"_mousePosition":[683,352.5],"_rootPartCFrame":[770.277,239.238,44.929,-0.092,0,0.996,0,1,0,-0.996,0,-0.092],"_humanoidState":7,"_cameraCFrame":[771.623,244.268,44.804,-0.092,-0.93,0.356,0,0.357,0.934,-0.996,0.086,-0.033],"_shiftlockState":false,"_pose":"FreeFall","_animationQueue":[["walk",0.1],["fall",0.3],["fall",0.3]],"_animationSpeed":1,"_zoom":8.987},{"_mousePosition":[683,352.5],"_rootPartCFrame":[770.276,239.635,44.929,-0.092,0,0.996,0,1,0,-0.996,0,-0.092],"_humanoidState":7,"_cameraCFrame":[771.47,244.268,44.819,-0.092,-0.93,0.356,0,0.357,0.934,-0.996,0.086,-0.033],"_shiftlockState":false,"_pose":"FreeFall","_animationQueue":[],"_animationSpeed":1,"_zoom":8.987},{"_mousePosition":[683,352.5],"_rootPartCFrame":[770.276,239.884,44.929,-0.092,0,0.996,0,1,0,-0.996,0,-0.092],"_humanoidState":8,"_cameraCFrame":[771.375,244.268,44.827,-0.092,-0.93,0.356,0,0.357,0.934,-0.996,0.086,-0.033],"_shiftlockState":false,"_pose":"Running","_animationQueue":[["fall",0.3],["fall",0.3],["walk",0.1]],"_animationSpeed":0.001,"_zoom":8.987},{"_mousePosition":[683,352.5],"_rootPartCFrame":[770.276,240.029,44.929,-0.092,0,0.996,0,1,0,-0.996,0,-0.092],"_humanoidState":8,"_cameraCFrame":[771.32,244.268,44.832,-0.092,-0.93,0.356,0,0.357,0.934,-0.996,0.086,-0.033],"_shiftlockState":false,"_pose":"Running","_animationQueue":[["walk",0.1]],"_animationSpeed":0.001,"_zoom":8.987},{"_mousePosition":[683,352.5],"_rootPartCFrame":[770.404,240.107,44.917,0.196,0,0.981,0,1,0,-0.981,0,0.196],"_humanoidState":8,"_cameraCFrame":[771.418,244.268,44.823,-0.092,-0.93,0.356,0,0.357,0.934,-0.996,0.086,-0.033],"_shiftlockState":false,"_pose":"Running","_animationQueue":[],"_animationSpeed":0.001,"_zoom":8.987},{"_mousePosition":[683,352.5],"_rootPartCFrame":[770.661,240.149,44.893,0.543,0,0.84,0,1,0,-0.84,0,0.543],"_humanoidState":8,"_cameraCFrame":[771.659,244.268,44.801,-0.092,-0.93,0.356,0,0.357,0.934,-0.996,0.086,-0.033],"_shiftlockState":false,"_pose":"Running","_animationQueue":[["walk",0.1]],"_animationSpeed":0.852,"_zoom":8.987},{"_mousePosition":[683,352.5],"_rootPartCFrame":[770.926,240.172,44.869,0.795,0,0.607,0,1,0,-0.607,0,0.795],"_humanoidState":8,"_cameraCFrame":[771.916,244.268,44.777,-0.092,-0.93,0.356,0,0.357,0.934,-0.996,0.086,-0.033],"_shiftlockState":false,"_pose":"Running","_animationQueue":[["walk",0.1]],"_animationSpeed":1.098,"_zoom":8.987},{"_mousePosition":[683,352.5],"_rootPartCFrame":[771.192,240.156,44.844,0.949,0,0.315,0,1,0,-0.315,0,0.949],"_humanoidState":8,"_cameraCFrame":[772.368,244.741,44.735,-0.092,-0.93,0.356,0,0.357,0.934,-0.996,0.086,-0.033],"_shiftlockState":false,"_pose":"Running","_animationQueue":[["walk",0.1]],"_animationSpeed":1.098,"_zoom":8.987},{"_mousePosition":[683,352.5],"_rootPartCFrame":[771.458,240.086,44.82,1,0,-0.01,0,1,0,0.01,0,1],"_humanoidState":8,"_cameraCFrame":[772.976,245.57,44.679,-0.092,-0.93,0.356,0,0.357,0.934,-0.996,0.086,-0.033],"_shiftlockState":false,"_pose":"Running","_animationQueue":[],"_animationSpeed":1.098,"_zoom":8.987},{"_mousePosition":[683,352.5],"_rootPartCFrame":[771.723,239.961,44.795,0.943,0,-0.333,0,1,0,0.333,0,0.943],"_humanoidState":8,"_cameraCFrame":[773.463,246.45,42.876,-0.092,-0.93,0.356,0,0.357,0.934,-0.996,0.086,-0.033],"_shiftlockState":true,"_pose":"Running","_animationQueue":[],"_animationSpeed":1.098,"_zoom":8.987},{"_mousePosition":[683,352.5],"_rootPartCFrame":[771.989,239.781,44.77,0.235,0,0.972,0,1,0,-0.972,0,0.235],"_humanoidState":8,"_cameraCFrame":[774.082,247.196,42.819,-0.092,-0.93,0.356,0,0.357,0.934,-0.996,0.086,-0.033],"_shiftlockState":true,"_pose":"Running","_animationQueue":[],"_animationSpeed":1.098,"_zoom":8.987},{"_mousePosition":[683,352.5],"_rootPartCFrame":[772.254,239.547,44.746,0.235,0,0.972,0,1,0,-0.972,0,0.235],"_humanoidState":8,"_cameraCFrame":[774.584,247.583,42.772,-0.092,-0.93,0.356,0,0.357,0.934,-0.996,0.086,-0.033],"_shiftlockState":true,"_pose":"Running","_animationQueue":[],"_animationSpeed":1.098,"_zoom":8.987},{"_mousePosition":[683,352.5],"_rootPartCFrame":[772.52,240.41,44.721,0.235,0,0.972,0,1,0,-0.972,0,0.235],"_humanoidState":3,"_cameraCFrame":[775.057,248.989,42.728,-0.092,-0.93,0.356,0,0.357,0.934,-0.996,0.086,-0.033],"_shiftlockState":true,"_pose":"Jumping","_animationQueue":[["walk",0.1],["jump",0.1]],"_animationSpeed":1,"_zoom":8.987},{"_mousePosition":[683,352.5],"_rootPartCFrame":[772.786,241.218,44.696,0.101,0,0.995,0,1,0,-0.995,0,0.101],"_humanoidState":5,"_cameraCFrame":[775.482,250.216,42.689,-0.092,-0.93,0.356,0,0.357,0.934,-0.996,0.086,-0.033],"_shiftlockState":true,"_pose":"FreeFall","_animationQueue":[["jump",0.1]],"_animationSpeed":1,"_zoom":8.987},{"_mousePosition":[683,352.5],"_rootPartCFrame":[773.026,241.972,44.674,-0.044,0,0.999,0,1,0,-0.999,0,-0.044],"_humanoidState":5,"_cameraCFrame":[775.819,251.222,42.658,-0.092,-0.93,0.356,0,0.357,0.934,-0.996,0.086,-0.033],"_shiftlockState":true,"_pose":"FreeFall","_animationQueue":[],"_animationSpeed":1,"_zoom":8.987},{"_mousePosition":[683,352.5],"_rootPartCFrame":[773.228,242.672,44.655,-0.087,0,0.996,0,1,0,-0.996,0,-0.087],"_humanoidState":5,"_cameraCFrame":[776.098,252.127,42.632,-0.092,-0.93,0.356,0,0.357,0.934,-0.996,0.086,-0.033],"_shiftlockState":true,"_pose":"FreeFall","_animationQueue":[],"_animationSpeed":1,"_zoom":8.987},{"_mousePosition":[683,352.5],"_rootPartCFrame":[773.39,243.317,44.64,-0.092,0,0.996,0,1,0,-0.996,0,-0.092],"_humanoidState":5,"_cameraCFrame":[776.314,252.914,42.612,-0.092,-0.93,0.356,0,0.357,0.934,-0.996,0.086,-0.033],"_shiftlockState":true,"_pose":"FreeFall","_animationQueue":[],"_animationSpeed":1,"_zoom":8.987},{"_mousePosition":[683,352.5],"_rootPartCFrame":[773.512,243.907,44.629,-0.092,0,0.996,0,1,0,-0.996,0,-0.092],"_humanoidState":5,"_cameraCFrame":[776.55,253.8,42.59,-0.092,-0.93,0.356,0,0.357,0.934,-0.996,0.086,-0.033],"_shiftlockState":true,"_pose":"FreeFall","_animationQueue":[["jump",0.1]],"_animationSpeed":1,"_zoom":8.987},{"_mousePosition":[683,352.5],"_rootPartCFrame":[773.595,244.443,44.621,-0.092,0,0.996,0,1,0,-0.996,0,-0.092],"_humanoidState":5,"_cameraCFrame":[776.632,254.336,42.582,-0.092,-0.93,0.356,0,0.357,0.934,-0.996,0.086,-0.033],"_shiftlockState":true,"_pose":"FreeFall","_animationQueue":[["fall",0.3]],"_animationSpeed":1,"_zoom":8.987},{"_mousePosition":[683,352.5],"_rootPartCFrame":[773.638,244.924,44.617,-0.092,0,0.996,0,1,0,-0.996,0,-0.092],"_humanoidState":5,"_cameraCFrame":[776.675,254.817,42.578,-0.092,-0.93,0.356,0,0.357,0.934,-0.996,0.086,-0.033],"_shiftlockState":true,"_pose":"FreeFall","_animationQueue":[],"_animationSpeed":1,"_zoom":8.987},{"_mousePosition":[683,352.5],"_rootPartCFrame":[773.646,245.351,44.617,-0.092,0,0.996,0,1,0,-0.996,0,-0.092],"_humanoidState":5,"_cameraCFrame":[776.683,255.244,42.578,-0.092,-0.93,0.356,0,0.357,0.934,-0.996,0.086,-0.033],"_shiftlockState":true,"_pose":"FreeFall","_animationQueue":[],"_animationSpeed":1,"_zoom":8.987},{"_mousePosition":[683,352.5],"_rootPartCFrame":[773.646,245.724,44.617,-0.092,0,0.996,0,1,0,-0.996,0,-0.092],"_humanoidState":5,"_cameraCFrame":[776.686,255.617,42.581,-0.091,-0.93,0.356,0,0.357,0.934,-0.996,0.085,-0.033],"_shiftlockState":true,"_pose":"FreeFall","_animationQueue":[["fall",0.3]],"_animationSpeed":1,"_zoom":8.987},{"_mousePosition":[683,352.5],"_rootPartCFrame":[773.646,246.042,44.617,-0.091,0,0.996,0,1,0,-0.996,0,-0.091],"_humanoidState":5,"_cameraCFrame":[776.681,255.938,42.585,-0.09,-0.93,0.355,0,0.357,0.934,-0.996,0.084,-0.032],"_shiftlockState":true,"_pose":"FreeFall","_animationQueue":[["fall",0.3]],"_animationSpeed":1,"_zoom":8.987},{"_mousePosition":[683,352.5],"_rootPartCFrame":[773.621,246.305,44.619,-0.09,0,0.996,0,1,0,-0.996,0,-0.09],"_humanoidState":5,"_cameraCFrame":[776.658,256.201,42.59,-0.089,-0.93,0.355,0,0.357,0.934,-0.996,0.083,-0.032],"_shiftlockState":true,"_pose":"FreeFall","_animationQueue":[],"_animationSpeed":1,"_zoom":8.987},{"_mousePosition":[683,352.5],"_rootPartCFrame":[773.557,246.514,44.625,-0.089,0,0.996,0,1,0,-0.996,0,-0.089],"_humanoidState":5,"_cameraCFrame":[776.603,256.41,42.609,-0.085,-0.931,0.355,0,0.357,0.934,-0.996,0.079,-0.03],"_shiftlockState":true,"_pose":"FreeFall","_animationQueue":[],"_animationSpeed":1,"_zoom":8.987},{"_mousePosition":[683,352.5],"_rootPartCFrame":[773.453,246.669,44.635,-0.085,0,0.996,0,1,0,-0.996,0,-0.085],"_humanoidState":5,"_cameraCFrame":[776.505,256.564,42.628,-0.082,-0.931,0.356,0,0.357,0.934,-0.997,0.076,-0.029],"_shiftlockState":true,"_pose":"FreeFall","_animationQueue":[],"_animationSpeed":1,"_zoom":8.987},{"_mousePosition":[683,352.5],"_rootPartCFrame":[773.31,246.768,44.647,-0.082,0,0.997,0,1,0,-0.997,0,-0.082],"_humanoidState":5,"_cameraCFrame":[776.366,256.664,42.647,-0.08,-0.931,0.356,0,0.357,0.934,-0.997,0.075,-0.028],"_shiftlockState":true,"_pose":"FreeFall","_animationQueue":[],"_animationSpeed":1,"_zoom":8.987},{"_mousePosition":[683,352.5],"_rootPartCFrame":[773.127,246.814,44.663,-0.08,0,0.997,0,1,0,-0.997,0,-0.08],"_humanoidState":5,"_cameraCFrame":[776.187,256.71,42.669,-0.078,-0.931,0.356,0,0.357,0.934,-0.997,0.073,-0.028],"_shiftlockState":true,"_pose":"FreeFall","_animationQueue":[],"_animationSpeed":1,"_zoom":8.987},{"_mousePosition":[683,352.5],"_rootPartCFrame":[772.953,246.805,44.678,-0.078,0,0.997,0,1,0,-0.997,0,-0.078],"_humanoidState":5,"_cameraCFrame":[776.014,256.7,42.684,-0.078,-0.931,0.356,0,0.357,0.934,-0.997,0.073,-0.028],"_shiftlockState":true,"_pose":"FreeFall","_animationQueue":[],"_animationSpeed":1,"_zoom":8.987},{"_mousePosition":[683,352.5],"_rootPartCFrame":[772.82,246.741,44.689,-0.078,0,0.997,0,1,0,-0.997,0,-0.078],"_humanoidState":5,"_cameraCFrame":[775.882,256.637,42.699,-0.077,-0.931,0.356,0,0.357,0.934,-0.997,0.072,-0.027],"_shiftlockState":true,"_pose":"FreeFall","_animationQueue":[["fall",0.3]],"_animationSpeed":1,"_zoom":8.987},{"_mousePosition":[683,352.5],"_rootPartCFrame":[772.726,246.623,44.697,-0.077,0,0.997,0,1,0,-0.997,0,-0.077],"_humanoidState":5,"_cameraCFrame":[775.788,256.519,42.707,-0.077,-0.931,0.356,0,0.357,0.934,-0.997,0.072,-0.027],"_shiftlockState":true,"_pose":"FreeFall","_animationQueue":[],"_animationSpeed":1,"_zoom":8.987},{"_mousePosition":[683,352.5],"_rootPartCFrame":[772.681,246.499,44.701,-0.077,0,0.997,0,1,0,-0.997,0,-0.077],"_humanoidState":5,"_cameraCFrame":[775.744,256.394,42.71,-0.077,-0.931,0.356,0,0.357,0.934,-0.997,0.072,-0.02