[{"_mousePosition":[1027,358],"_rootPartCFrame":[776.034,222.96,47.142,-0.001,-0.006,1,0,1,0.006,-1,0,-0.001],"_humanoidState":8,"_cameraCFrame":[775.965,231.577,37.58,-1,0.004,-0.005,0,0.802,0.597,0.006,0.597,-0.802],"_shiftlockState":false,"_pose":"Standing","_animationQueue":[],"_animationSpeed":1,"_zoom":11.92},{"_mousePosition":[1052,362],"_rootPartCFrame":[775.917,222.899,47.143,-0.001,-0.003,1,0,1,0.003,-1,0,-0.001],"_humanoidState":8,"_cameraCFrame":[775.853,231.516,37.581,-1,0.004,-0.005,0,0.802,0.597,0.006,0.597,-0.802],"_shiftlockState":false,"_pose":"Standing","_animationQueue":[],"_animationSpeed":1,"_zoom":11.92},{"_mousePosition":[1072,366],"_rootPartCFrame":[775.655,222.763,47.144,-0.002,0,1,0,1,0,-1,0,-0.002],"_humanoidState":8,"_cameraCFrame":[775.596,231.38,37.583,-1,0.004,-0.005,0,0.802,0.597,0.006,0.597,-0.802],"_shiftlockState":false,"_pose":"Running","_animationQueue":[["walk",0.1]],"_animationSpeed":0.83,"_zoom":11.92},{"_mousePosition":[1075,366],"_rootPartCFrame":[775.388,222.652,47.146,-0.003,0,1,0,1,0,-1,0,-0.003],"_humanoidState":8,"_cameraCFrame":[775.329,231.27,37.584,-1,0.004,-0.005,0,0.802,0.597,0.006,0.597,-0.802],"_shiftlockState":false,"_pose":"Running","_animationQueue":[["walk",0.1]],"_animationSpeed":1.101,"_zoom":11.92},{"_mousePosition":[1108,370],"_rootPartCFrame":[775.122,222.661,47.148,-0.003,0,1,0,1,0,-1,0,-0.003],"_humanoidState":8,"_cameraCFrame":[775.062,231.279,37.586,-1,0.004,-0.005,0,0.802,0.597,0.006,0.597,-0.802],"_shiftlockState":false,"_pose":"Running","_animationQueue":[],"_animationSpeed":1.101,"_zoom":11.92},{"_mousePosition":[1112,371],"_rootPartCFrame":[774.988,222.67,47.149,-0.003,0,1,0,1,0,-1,0,-0.003],"_humanoidState":8,"_cameraCFrame":[774.929,231.287,37.587,-1,0.004,-0.005,0,0.802,0.597,0.006,0.597,-0.802],"_shiftlockState":false,"_pose":"Running","_animationQueue":[],"_animationSpeed":1.101,"_zoom":11.92},{"_mousePosition":[1148,377],"_rootPartCFrame":[774.588,222.687,47.151,-0.004,0,1,0,1,0,-1,0,-0.004],"_humanoidState":8,"_cameraCFrame":[772.779,231.305,37.6,-1,0.004,-0.005,0,0.802,0.597,0.006,0.597,-0.802],"_shiftlockState":true,"_pose":"Running","_animationQueue":[],"_animationSpeed":1.101,"_zoom":11.92},{"_mousePosition":[683,384],"_rootPartCFrame":[774.322,222.693,47.153,-0.997,0,-0.079,0,1,0,0.079,0,-0.997],"_humanoidState":8,"_cameraCFrame":[772.512,231.311,37.602,-1,0.004,-0.005,0,0.802,0.597,0.006,0.597,-0.802],"_shiftlockState":true,"_pose":"Running","_animationQueue":[["walk",0.1]],"_animationSpeed":1.101,"_zoom":11.92},{"_mousePosition":[683,384],"_rootPartCFrame":[774.055,222.696,47.154,-0.999,0,-0.035,0,1,0,0.035,0,-0.999],"_humanoidState":8,"_cameraCFrame":[772.455,231.367,37.607,-1,-0.009,0.013,0,0.799,0.602,-0.016,0.602,-0.799],"_shiftlockState":true,"_pose":"Running","_animationQueue":[],"_animationSpeed":1.101,"_zoom":11.92},{"_mousePosition":[683,384],"_rootPartCFrame":[773.789,222.698,47.156,-1,0,0.012,0,1,0,-0.012,0,-1],"_humanoidState":8,"_cameraCFrame":[772.348,231.407,37.612,-0.999,-0.02,0.026,0,0.796,0.605,-0.033,0.605,-0.796],"_shiftlockState":true,"_pose":"Running","_animationQueue":[],"_animationSpeed":1.101,"_zoom":11.92},{"_mousePosition":[683,384],"_rootPartCFrame":[773.522,222.699,47.153,-0.999,0,0.032,0,1,0,-0.032,0,-0.999],"_humanoidState":8,"_cameraCFrame":[772.249,231.469,37.631,-0.999,-0.031,0.04,0,0.792,0.61,-0.05,0.609,-0.791],"_shiftlockState":true,"_pose":"Running","_animationQueue":[],"_animationSpeed":1.101,"_zoom":11.92},{"_mousePosition":[683,384],"_rootPartCFrame":[773.322,222.699,47.147,-0.999,0,0.05,0,1,0,-0.05,0,-0.999],"_humanoidState":8,"_cameraCFrame":[772.215,231.538,37.657,-0.998,-0.042,0.054,0,0.788,0.616,-0.068,0.614,-0.786],"_shiftlockState":true,"_pose":"Running","_animationQueue":[],"_animationSpeed":1.101,"_zoom":11.92},{"_mousePosition":[683,384],"_rootPartCFrame":[772.989,222.699,47.131,-0.998,0,0.068,0,1,0,-0.068,0,-0.998],"_humanoidState":8,"_cameraCFrame":[771.998,231.591,37.669,-0.997,-0.05,0.063,0,0.784,0.62,-0.081,0.618,-0.782],"_shiftlockState":true,"_pose":"Running","_animationQueue":[],"_animationSpeed":1.101,"_zoom":11.92},{"_mousePosition":[683,384],"_rootPartCFrame":[772.789,222.699,47.118,-0.997,0,0.081,0,1,0,-0.081,0,-0.997],"_humanoidState":8,"_cameraCFrame":[771.835,231.637,37.688,-0.996,-0.053,0.066,0,0.781,0.624,-0.085,0.622,-0.779],"_shiftlockState":true,"_pose":"Running","_animationQueue":[],"_animationSpeed":1.101,"_zoom":11.92},{"_mousePosition":[683,384],"_rootPartCFrame":[772.524,222.7,47.097,-0.996,0,0.085,0,1,0,-0.085,0,-0.996],"_humanoidState":8,"_cameraCFrame":[771.567,231.674,37.697,-0.996,-0.053,0.066,0,0.779,0.627,-0.085,0.625,-0.776],"_shiftlockState":true,"_pose":"Running","_animationQueue":[["walk",0.1]],"_animationSpeed":1.101,"_zoom":11.92},{"_mousePosition":[683,384],"_rootPartCFrame":[772.192,222.7,47.069,-0.996,0,0.085,0,1,0,-0.085,0,-0.996],"_humanoidState":8,"_cameraCFrame":[771.202,231.727,37.714,-0.997,-0.052,0.063,0,0.775,0.631,-0.082,0.629,-0.773],"_shiftlockState":true,"_pose":"Running","_animationQueue":[],"_animationSpeed":1.101,"_zoom":11.92},{"_mousePosition":[683,384],"_rootPartCFrame":[771.992,222.7,47.052,-0.997,0,0.082,0,1,0,-0.082,0,-0.997],"_humanoidState":8,"_cameraCFrame":[770.94,231.786,37.752,-0.997,-0.048,0.058,0,0.771,0.636,-0.075,0.635,-0.769],"_shiftlockState":true,"_pose":"Running","_animationQueue":[],"_animationSpeed":1.101,"_zoom":11.92},{"_mousePosition":[683,384],"_rootPartCFrame":[771.727,222.7,47.03,-0.997,0,0.075,0,1,0,-0.075,0,-0.997],"_humanoidState":8,"_cameraCFrame":[770.584,231.845,37.789,-0.998,-0.042,0.051,0,0.767,0.641,-0.066,0.64,-0.766],"_shiftlockState":true,"_pose":"Running","_animationQueue":[],"_animationSpeed":1.101,"_zoom":11.92},{"_mousePosition":[683,384],"_rootPartCFrame":[771.394,222.7,47.005,-0.998,0,0.066,0,1,0,-0.066,0,-0.998],"_humanoidState":8,"_cameraCFrame":[770.113,231.919,37.844,-0.999,-0.033,0.039,0,0.762,0.648,-0.051,0.647,-0.761],"_shiftlockState":true,"_pose":"Running","_animationQueue":[],"_animationSpeed":1.101,"_zoom":11.92},{"_mousePosition":[683,384],"_rootPartCFrame":[771.195,222.7,46.991,-0.999,0,0.051,0,1,0,-0.051,0,-0.999],"_humanoidState":8,"_cameraCFrame":[769.796,231.984,37.903,-0.999,-0.025,0.029,0,0.757,0.653,-0.039,0.653,-0.757],"_shiftlockState":true,"_pose":"Running","_animationQueue":[],"_animationSpeed":1.101,"_zoom":11.92},{"_mousePosition":[683,384],"_rootPartCFrame":[770.862,222.7,46.973,-0.999,0,0.039,0,1,0,-0.039,0,-0.999],"_humanoidState":8,"_cameraCFrame":[769.376,232.035,37.943,-1,-0.019,0.022,0,0.754,0.657,-0.029,0.657,-0.753],"_shiftlockState":true,"_pose":"Running","_animationQueue":[["walk",0.1]],"_animationSpeed":1.101,"_zoom":11.92},{"_mousePosition":[683,384],"_rootPartCFrame":[770.662,222.7,46.965,-1,0,0.029,0,1,0,-0.029,0,-1],"_humanoidState":8,"_cameraCFrame":[769.147,232.064,37.965,-1,-0.017,0.02,0,0.751,0.66,-0.026,0.66,-0.751],"_shiftlockState":true,"_pose":"Running","_animationQueue":[],"_animationSpeed":1.101,"_zoom":11.92},{"_mousePosition":[683,384],"_rootPartCFrame":[770.262,222.7,46.953,-1,0,0.026,0,1,0,-0.026,0,-1],"_humanoidState":8,"_cameraCFrame":[768.738,232.071,37.961,-1,-0.017,0.019,0,0.751,0.66,-0.025,0.66,-0.751],"_shiftlockState":true,"_pose":"Running","_animationQueue":[],"_animationSpeed":1.101,"_zoom":11.92},{"_mousePosition":[683,384],"_rootPartCFrame":[770.062,222.7,46.948,-1,0,0.025,0,1,0,-0.025,0,-1],"_humanoidState":8,"_cameraCFrame":[768.528,232.086,37.97,-1,-0.016,0.018,0,0.75,0.662,-0.024,0.661,-0.75],"_shiftlockState":true,"_pose":"Running","_animationQueue":[],"_animationSpeed":1.101,"_zoom":11.92},{"_mousePosition":[683,384],"_rootPartCFrame":[769.729,222.649,46.939,-1,0,0.024,0,1,0,-0.024,0,-1],"_humanoidState":8,"_cameraCFrame":[768.195,232.042,37.967,-1,-0.016,0.018,0,0.749,0.662,-0.024,0.662,-0.749],"_shiftlockState":true,"_pose":"Running","_animationQueue":[],"_animationSpeed":1.101,"_zoom":11.92},{"_mousePosition":[683,384],"_rootPartCFrame":[769.462,223.511,46.932,-1,0,0.024,0,1,0,-0.024,0,-1],"_humanoidState":3,"_cameraCFrame":[767.937,232.934,37.984,-1,-0.017,0.019,0,0.747,0.665,-0.025,0.664,-0.747],"_shiftlockState":true,"_pose":"Jumping","_animationQueue":[["walk",0.1],["jump",0.1]],"_animationSpeed":1,"_zoom":11.92},{"_mousePosition":[683,384],"_rootPartCFrame":[769.196,224.32,46.925,-0.993,0,0.117,0,1,0,-0.117,0,-0.993],"_humanoidState":5,"_cameraCFrame":[767.726,233.778,38,-1,-0.021,0.023,0,0.745,0.668,-0.031,0.667,-0.744],"_shiftlockState":true,"_pose":"FreeFall","_animationQueue":[["jump",0.1]],"_animationSpeed":1,"_zoom":11.92},{"_mousePosition":[683,384],"_rootPartCFrame":[768.996,224.89,46.92,-0.992,0,0.127,0,1,0,-0.127,0,-0.992],"_humanoidState":5,"_cameraCFrame":[767.674,234.384,38.004,-0.999,-0.032,0.036,0,0.742,0.671,-0.048,0.67,-0.741],"_shiftlockState":true,"_pose":"FreeFall","_animationQueue":[],"_animationSpeed":1,"_zoom":11.92},{"_mousePosition":[683,384],"_rootPartCFrame":[768.662,225.773,46.91,-0.977,0,0.212,0,1,0,-0.212,0,-0.977],"_humanoidState":5,"_cameraCFrame":[767.461,235.288,37.996,-0.998,-0.042,0.046,0,0.74,0.672,-0.062,0.671,-0.739],"_shiftlockState":true,"_pose":"FreeFall","_animationQueue":[],"_animationSpeed":1,"_zoom":11.92},{"_mousePosition":[683,384],"_rootPartCFrame":[768.463,226.262,46.901,-0.987,0,0.161,0,1,0,-0.161,0,-0.987],"_humanoidState":5,"_cameraCFrame":[767.307,235.784,37.987,-0.998,-0.045,0.05,0,0.74,0.673,-0.067,0.671,-0.738],"_shiftlockState":true,"_pose":"FreeFall","_animationQueue":[],"_animationSpeed":1,"_zoom":11.92},{"_mousePosition":[683,384],"_rootPartCFrame":[768.13,227.008,46.881,-0.973,0,0.232,0,1,0,-0.232,0,-0.973],"_humanoidState":5,"_cameraCFrame":[766.975,236.531,37.967,-0.998,-0.045,0.05,0,0.74,0.673,-0.067,0.671,-0.738],"_shiftlockState":true,"_pose":"FreeFall","_animationQueue":[],"_animationSpeed":1,"_zoom":11.92},{"_mousePosition":[683,384],"_rootPartCFrame":[767.93,227.415,46.868,-0.986,0,0.166,0,1,0,-0.166,0,-0.986],"_humanoidState":5,"_cameraCFrame":[766.775,236.938,37.954,-0.998,-0.045,0.05,0,0.74,0.673,-0.067,0.671,-0.738],"_shiftlockState":true,"_pose":"FreeFall","_animationQueue":[],"_animationSpeed":1,"_zoom":11.92},{"_mousePosition":[683,384],"_rootPartCFrame":[767.598,228.026,46.846,-0.973,0,0.232,0,1,0,-0.232,0,-0.973],"_humanoidState":5,"_cameraCFrame":[766.443,237.548,37.932,-0.998,-0.045,0.05,0,0.74,0.673,-0.067,0.671,-0.738],"_shiftlockState":true,"_pose":"FreeFall","_animationQueue":[],"_animationSpeed":1,"_zoom":11.92},{"_mousePosition":[683,384],"_rootPartCFrame":[767.398,228.351,46.832,-0.986,0,0.166,0,1,0,-0.166,0,-0.986],"_humanoidState":5,"_cameraCFrame":[766.243,237.873,37.918,-0.998,-0.045,0.05,0,0.74,0.673,-0.067,0.671,-0.738],"_shiftlockState":true,"_pose":"FreeFall","_animationQueue":[],"_animationSpeed":1,"_zoom":11.92},{"_mousePosition":[683,384],"_rootPartCFrame":[767.065,228.825,46.81,-0.973,0,0.232,0,1,0,-0.232,0,-0.973],"_humanoidState":5,"_cameraCFrame":[765.91,238.347,37.896,-0.998,-0.045,0.05,0,0.74,0.673,-0.067,0.671,-0.738],"_shiftlockState":true,"_pose":"FreeFall","_animationQueue":[],"_animationSpeed":1,"_zoom":11.92},{"_mousePosition":[683,384],"_rootPartCFrame":[766.866,229.069,46.796,-0.986,0,0.166,0,1,0,-0.166,0,-0.986],"_humanoidState":5,"_cameraCFrame":[765.701,238.591,37.884,-0.998,-0.044,0.049,0,0.74,0.673,-0.066,0.672,-0.738],"_shiftlockState":true,"_pose":"FreeFall","_animationQueue":[],"_animationSpeed":1,"_zoom":11.92},{"_mousePosition":[683,384],"_rootPartCFrame":[766.533,229.406,46.774,-0.973,0,0.231,0,1,0,-0.231,0,-0.973],"_humanoidState":5,"_cameraCFrame":[765.313,238.929,37.869,-0.998,-0.04,0.044,0,0.74,0.673,-0.06,0.672,-0.738],"_shiftlockState":true,"_pose":"FreeFall","_animationQueue":[],"_animationSpeed":1,"_zoom":11.92},{"_mousePosition":[683,384],"_rootPartCFrame":[766.267,229.615,46.756,-0.981,0,0.192,0,1,0,-0.192,0,-0.981],"_humanoidState":5,"_cameraCFrame":[764.981,239.137,37.86,-0.999,-0.035,0.039,0,0.74,0.673,-0.052,0.672,-0.739],"_shiftlockState":true,"_pose":"FreeFall","_animationQueue":[],"_animationSpeed":1,"_zoom":11.92},{"_mousePosition":[683,384],"_rootPartCFrame":[766.009,229.77,46.762,-1,0,0,0,1,0,0,0,-1],"_humanoidState":5,"_cameraCFrame":[764.259,239.291,37.945,-1,0,0,0,0.74,0.673,0,0.673,-0.74],"_shiftlockState":true,"_pose":"FreeFall","_animationQueue":[],"_animationSpeed":1,"_zoom":11.92},{"_mousePosition":[683,384],"_rootPartCFrame":[765.706,229.886,46.822,-1,0,0,0,1,0,0,0,-1],"_humanoidState":5,"_cameraCFrame":[763.956,239.407,38.005,-1,0,0,0,0.74,0.673,0,0.673,-0.74],"_shiftlockState":true,"_pose":"FreeFall","_animationQueue":[],"_animationSpeed":1,"_zoom":11.92},{"_mousePosition":[683,384],"_rootPartCFrame":[765.44,229.917,46.929,-0.999,0,0.034,0,1,0,-0.034,0,-0.999],"_humanoidState":5,"_cameraCFrame":[763.69,239.438,38.112,-1,0,0,0,0.74,0.673,0,0.673,-0.74],"_shiftlockState":true,"_pose":"FreeFall","_animationQueue":[],"_animationSpeed":1,"_zoom":11.92},{"_mousePosition":[683,384],"_rootPartCFrame":[765.303,229.895,47.013,-1,0,0.031,0,1,0,-0.031,0,-1],"_humanoidState":5,"_cameraCFrame":[763.744,242.509,42.632,-0.999,-0.041,0.016,0,0.361,0.932,-0.044,0.931,-0.361],"_shiftlockState":true,"_pose":"FreeFall","_animationQueue":[],"_animationSpeed":1,"_zoom":11.92},{"_mousePosition":[683,384],"_rootPartCFrame":[765.261,229.881,47.044,-0.999,0,0.044,0,1,0,-0.044,0,-0.999],"_humanoidState":5,"_cameraCFrame":[763.747,242.505,42.674,-0.999,-0.051,0.02,0,0.359,0.933,-0.054,0.932,-0.359],"_shiftlockState":true,"_pose":"FreeFall","_animationQueue":[],"_animationSpeed":1,"_zoom":11.92},{"_mousePosition":[683,384],"_rootPartCFrame":[765.146,229.818,47.147,-1,0,0.004,0,1,0,-0.004,0,-1],"_humanoidState":5,"_cameraCFrame":[763.402,241.73,41.342,-1,-0.001,0.001,0,0.487,0.873,-0.001,0.873,-0.487],"_shiftlockState":true,"_pose":"FreeFall","_animationQueue":[["jump",0.1]],"_animationSpeed":1,"_zoom":11.92},{"_mousePosition":[683,384],"_rootPartCFrame":[765.068,229.759,47.224,-1,0,0.029,0,1,0,-0.029,0,-1],"_humanoidState":5,"_cameraCFrame":[763.312,241.671,41.423,-1,0.001,-0.001,0,0.487,0.873,0.001,0.873,-0.487],"_shiftlockState":true,"_pose":"FreeFall","_animationQueue":[],"_animationSpeed":1,"_zoom":11.92},{"_mousePosition":[683,384],"_rootPartCFrame":[764.938,229.645,47.354,-0.998,0,0.068,0,1,0,-0.068,0,-0.998],"_humanoidState":5,"_cameraCFrame":[763.182,241.557,41.552,-1,0.001,-0.001,0,0.487,0.873,0.001,0.873,-0.487],"_shiftlockState":true,"_pose":"FreeFall","_animationQueue":[],"_animationSpeed":1,"_zoom":11.92},{"_mousePosition":[683,384],"_rootPartCFrame":[764.704,229.386,47.589,-0.999,0,0.049,0,1,0,-0.049,0,-0.999],"_humanoidState":5,"_cameraCFrame":[763.448,237.389,37.525,-0.999,-0.027,0.041,0,0.838,0.546,-0.049,0.545,-0.837],"_shiftlockState":true,"_pose":"FreeFall","_animationQueue":[],"_animationSpeed":1,"_zoom":11.92},{"_mousePosition":[683,384],"_rootPartCFrame":[764.538,229.118,47.788,-0.997,0,0.081,0,1,0,-0.081,0,-0.997],"_humanoidState":5,"_cameraCFrame":[763.282,237.121,37.724,-0.999,-0.027,0.041,0,0.838,0.546,-0.049,0.545,-0.837],"_shiftlockState":true,"_pose":"FreeFall","_animationQueue":[],"_animationSpeed":1,"_zoom":11.92},{"_mousePosition":[683,384],"_rootPartCFrame":[764.409,228.796,48.003,-0.999,0,0.053,0,1,0,-0.053,0,-0.999],"_humanoidState":5,"_cameraCFrame":[763.153,236.798,37.939,-0.999,-0.027,0.041,0,0.838,0.546,-0.049,0.545,-0.837],"_shiftlockState":true,"_pose":"FreeFall","_animationQueue":[],"_animationSpeed":1,"_zoom":11.92},{"_mousePosition":[683,384],"_rootPartCFrame":[764.299,228.316,48.294,-0.999,0,0.05,0,1,0,-0.05,0,-0.999],"_humanoidState":5,"_cameraCFrame":[763.042,236.318,38.23,-0.999,-0.027,0.041,0,0.838,0.546,-0.049,0.545,-0.837],"_shiftlockState":true,"_pose":"FreeFall","_animationQueue":[["fall",0.3]],"_animationSpeed":1,"_zoom":11.92},{"_mousePosition":[683,384],"_rootPartCFrame":[764.259,227.987,48.481,-1,0,-0.002,0,1,0,0.002,0,-1],"_humanoidState":5,"_cameraCFrame":[762.489,236.62,38.935,-1,0.001,-0.002,0,0.801,0.598,0.002,0.598,-0.801],"_shiftlockState":true,"_pose":"FreeFall","_animationQueue":[["fall",0.3],["fall",0.3],["climb",0.1],["fall",0.3]],"_animationSpeed":1,"_zoom":11.92},{"_mousePosition":[683,384],"_rootPartCFrame":[764.211,227.92,48.761,-1,0,-0.002,0,1,0,0.002,0,-1],"_humanoidState":12,"_cameraCFrame":[762.441,236.553,39.214,-1,0.001,-0.002,0,0.801,0.598,0.002,0.598,-0.801],"_shiftlockState":true,"_pose":"Climbing","_animationQueue":[["walk",0.1],["fall",0.3],["climb",0.1],["climb",0]],"_animationSpeed":-2.26,"_zoom":11.92},{"_mousePosition":[683,384],"_rootPartCFrame":[764.198,227.919,48.838,-1,0,-0.002,0,1,0,0.002,0,-1],"_humanoidState":12,"_cameraCFrame":[764.178,236.552,39.288,-1,0.001,-0.002,0,0.801,0.598,0.002,0.598,-0.801],"_shiftlockState":false,"_pose":"Climbing","_animationQueue":[["climb",0.1]],"_animationSpeed":0,"_zoom":11.92},{"_mousePosition":[683,384],"_rootPartCFrame":[764.197,227.919,48.845,-1,0,-0.002,0,1,0,0.002,0,-1],"_humanoidState":12,"_cameraCFrame":[764.177,236.552,39.295,-1,0.001,-0.002,0,0.801,0.598,0.002,0.598,-0.801],"_shiftlockState":false,"_pose":"Climbing","_animationQueue":[],"_animationSpeed":0,"_zoom":11.92},{"_mousePosition":[683,384],"_rootPartCFrame":[764.197,227.919,48.845,-1,0,-0.002,0,1,0,0.002,0,-1],"_humanoidState":12,"_cameraCFrame":[764.177,236.552,39.295,-1,0.001,-0.002,0,0.801,0.598,0.002,0.598,-0.801],"_shiftlockState":false,"_pose":"Climbing","_animationQueue":[],"_animationSpeed":0,"_zoom":11.92},{"_mousePosition":[683,382],"_rootPartCFrame":[764.197,227.919,48.845,-1,0,-0.002,0,1,0,0.002,0,-1],"_humanoidState":12,"_cameraCFrame":[768.364,240.534,46.784,-0.073,-0.93,0.36,0,0.361,0.932,-0.997,0.068,-0.026],"_shiftlockState":true,"_pose":"Climbing","_animationQueue":[["climb",0.1]],"_animationSpeed":0,"_zoom":11.92},{"_mousePosition":[683,384],"_rootPartCFrame":[764.62,228.27,48.114,-0.091,-0.021,0.996,-0.019,1,0.02,-0.996,-0.017,-0.091],"_humanoidState":8,"_cameraCFrame":[768.755,240.884,46.028,-0.073,-0.93,0.36,0,0.361,0.932,-0.997,0.068,-0.026],"_shiftlockState":true,"_pose":"Standing","_animationQueue":[["idle",0.1]],"_animationSpeed":1,"_zoom":11.92},{"_mousePosition":[683,384],"_rootPartCFrame":[765.141,229.201,48.06,-0.062,0.002,0.998,0.001,1,-0.002,-0.998,0.001,-0.062],"_humanoidState":8,"_cameraCFrame":[769.347,241.802,45.998,-0.073,-0.929,0.363,0,0.364,0.931,-0.997,0.068,-0.027],"_shiftlockState":true,"_pose":"Running","_animationQueue":[["walk",0.1]],"_animationSpeed":0.679,"_zoom":11.92},{"_mousePosition":[683,384],"_rootPartCFrame":[765.328,229.89,48.045,-0.073,0,0.997,0,1,0,-0.997,0,-0.073],"_humanoidState":3,"_cameraCFrame":[769.58,242.474,45.988,-0.071,-0.927,0.367,0,0.368,0.93,-0.997,0.066,-0.026],"_shiftlockState":true,"_pose":"Jumping","_animationQueue":[["walk",0.1],["jump",0.1]],"_animationSpeed":1,"_zoom":11.92},{"_mousePosition":[683,384],"_rootPartCFrame":[765.603,230.988,48.024,-0.128,-0.001,0.992,0,1,0.001,-0.992,0,-0.128],"_humanoidState":5,"_cameraCFrame":[773.082,241.528,45.291,-0.128,-0.752,0.646,0,0.652,0.758,-0.992,0.097,-0.084],"_shiftlockState":true,"_pose":"FreeFall","_animationQueue":[],"_animationSpeed":1,"_zoom":11.92},{"_mousePosition":[683,384],"_rootPartCFrame":[765.779,231.805,48.011,-0.128,0,0.992,0,1,0,-0.992,0,-0.128],"_humanoidState":5,"_cameraCFrame":[773.335,242.276,45.26,-0.129,-0.746,0.653,0,0.658,0.753,-0.992,0.097,-0.085],"_shiftlockState":true,"_pose":"FreeFall","_animationQueue":[],"_animationSpeed":1,"_zoom":11.92},{"_mousePosition":[683,384],"_rootPartCFrame":[765.852,232.194,48.006,-0.129,0,0.992,0,1,0,-0.992,0,-0.129],"_humanoidState":5,"_cameraCFrame":[773.54,242.543,45.229,-0.131,-0.736,0.664,0,0.67,0.742,-0.991,0.097,-0.087],"_shiftlockState":true,"_pose":"FreeFall","_animationQueue":[],"_animationSpeed":1,"_zoom":11.92},{"_mousePosition":[683,384],"_rootPartCFrame":[765.968,232.929,48,-0.13,0,0.991,0,1,0,-0.991,0,-0.13],"_humanoidState":5,"_cameraCFrame":[773.81,243.142,45.22,-0.128,-0.725,0.677,0,0.682,0.731,-0.992,0.094,-0.088],"_shiftlockState":true,"_pose":"FreeFall","_animationQueue":[],"_animationSpeed":1,"_zoom":11.92},{"_mousePosition":[683,384],"_rootPartCFrame":[766.045,233.61,47.998,-0.129,0,0.992,0,1,0,-0.992,0,-0.129],"_humanoidState":5,"_cameraCFrame":[774.139,243.59,45.22,-0.124,-0.706,0.697,0,0.703,0.711,-0.992,0.088,-0.087],"_shiftlockState":true,"_pose":"FreeFall","_animationQueue":[["fall",0.3]],"_animationSpeed":1,"_zoom":11.92},{"_mousePosition":[683,384],"_rootPartCFrame":[766.085,234.385,48.001,-0.125,0,0.992,0,1,0,-0.992,0,-0.125],"_humanoidState":5,"_cameraCFrame":[774.366,244.188,45.236,-0.12,-0.691,0.712,0,0.718,0.697,-0.993,0.084,-0.086],"_shiftlockState":true,"_pose":"FreeFall","_animationQueue":[],"_animationSpeed":1,"_zoom":11.92},{"_mousePosition":[683,384],"_rootPartCFrame":[766.08,234.809,48.006,-0.121,0,0.993,0,1,0,-0.993,0,-0.121],"_humanoidState":5,"_cameraCFrame":[774.485,244.487,45.245,-0.118,-0.681,0.722,0,0.728,0.686,-0.993,0.081,-0.086],"_shiftlockState":true,"_pose":"FreeFall","_animationQueue":[],"_animationSpeed":1,"_zoom":11.92},{"_mousePosition":[683,384],"_rootPartCFrame":[766.038,235.327,48.017,-0.116,0,0.993,0,1,0,-0.993,0,-0.116],"_humanoidState":5,"_cameraCFrame":[773.887,245.566,45.339,-0.116,-0.728,0.675,0,0.68,0.733,-0.993,0.085,-0.079],"_shiftlockState":true,"_pose":"FreeFall","_animationQueue":[],"_animationSpeed":1,"_zoom":11.92},{"_mousePosition":[683,384],"_rootPartCFrame":[765.957,235.79,48.031,-0.116,0,0.993,0,1,0,-0.993,0,-0.116],"_humanoidState":5,"_cameraCFrame":[773.805,246.029,45.353,-0.116,-0.728,0.675,0,0.68,0.733,-0.993,0.085,-0.079],"_shiftlockState":true,"_pose":"FreeFall","_animationQueue":[],"_animationSpeed":1,"_zoom":11.92},{"_mousePosition":[683,384],"_rootPartCFrame":[765.87,236.102,48.044,-0.116,0,0.993,0,1,0,-0.993,0,-0.116],"_humanoidState":5,"_cameraCFrame":[773.718,246.341,45.365,-0.116,-0.728,0.675,0,0.68,0.733,-0.993,0.085,-0.079],"_shiftlockState":true,"_pose":"FreeFall","_animationQueue":[],"_animationSpeed":1,"_zoom":11.92},{"_mousePosition":[683,384],"_rootPartCFrame":[765.675,236.553,48.07,-0.116,0,0.993,0,1,0,-0.993,0,-0.116],"_humanoidState":5,"_cameraCFrame":[773.524,246.792,45.391,-0.116,-0.728,0.675,0,0.68,0.733,-0.993,0.085,-0.079],"_shiftlockState":true,"_pose":"FreeFall","_animationQueue":[],"_animationSpeed":1,"_zoom":11.92},{"_mousePosition":[683,384],"_rootPartCFrame":[765.591,236.769,48.079,-0.153,-0.005,0.988,-0.005,1,0.005,-0.988,-0.004,-0.153],"_humanoidState":5,"_cameraCFrame":[773.321,247.015,45.11,-0.152,-0.725,0.672,0,0.679,0.734,-0.988,0.112,-0.103],"_shiftlockState":true,"_pose":"FreeFall","_animationQueue":[],"_animationSpeed":1,"_zoom":11.92},{"_mousePosition":[683,384],"_rootPartCFrame":[765.608,236.825,48.078,-0.128,-0.008,0.992,-0.007,1,0.007,-0.992,-0.006,-0.128],"_humanoidState":5,"_cameraCFrame":[773.335,247.071,45.105,-0.152,-0.725,0.672,0,0.679,0.734,-0.988,0.112,-0.103],"_shiftlockState":true,"_pose":"FreeFall","_animationQueue":[["fall",0.3]],"_animationSpeed":1,"_zoom":11.92},{"_mousePosition":[683,384],"_rootPartCFrame":[765.623,236.972,48.09,-0.126,-0.007,0.992,-0.007,1,0.006,-0.992,-0.006,-0.126],"_humanoidState":5,"_cameraCFrame":[773.351,247.218,45.118,-0.152,-0.725,0.672,0,0.679,0.734,-0.988,0.112,-0.103],"_shiftlockState":true,"_pose":"FreeFall","_animationQueue":[],"_animationSpeed":1,"_zoom":11.92},{"_mousePosition":[683,384],"_rootPartCFrame":[765.652,237.121,48.124,-0.147,-0.003,0.989,-0.003,1,0.002,-0.989,-0.002,-0.147],"_humanoidState":5,"_cameraCFrame":[773.752,247.249,45.874,-0.061,-0.722,0.689,0,0.69,0.724,-0.998,0.044,-0.042],"_shiftlockState":true,"_pose":"FreeFall","_animationQueue":[],"_animationSpeed":1,"_zoom":11.92},{"_mousePosition":[683,384],"_rootPartCFrame":[765.65,237.231,48.166,-0.071,0,0.997,0,1,0,-0.997,0,-0.071],"_humanoidState":5,"_cameraCFrame":[774.369,246.95,49.416,0.336,-0.65,0.682,0,0.724,0.69,-0.942,-0.232,0.243],"_shiftlockState":true,"_pose":"FreeFall","_animationQueue":[],"_animationSpeed":1,"_zoom":11.92},{"_mousePosition":[683,384],"_rootPartCFrame":[765.794,237.257,48.151,0.292,-0.001,0.956,0,1,0.001,-0.956,0,0.292],"_humanoidState":5,"_cameraCFrame":[771.912,246.998,54.46,0.842,-0.373,0.39,0,0.723,0.691,-0.539,-0.582,0.608],"_shiftlockState":true,"_pose":"FreeFall","_animationQueue":[],"_animationSpeed":1,"_zoom":11.92},{"_mousePosition":[683,384],"_rootPartCFrame":[765.855,237.409,48.113,0.812,0.007,0.584,-0.007,1,-0.002,-0.584,-0.003,0.812],"_humanoidState":5,"_cameraCFrame":[768.665,247.829,55.708,0.991,-0.101,0.089,0,0.663,0.748,-0.135,-0.742,0.657],"_shiftlockState":true,"_pose":"FreeFall","_animationQueue":[],"_animationSpeed":1,"_zoom":11.92},{"_mousePosition":[683,384],"_rootPartCFrame":[765.811,238.205,47.929,0.992,0.002,0.13,-0.002,1,0,-0.13,0,0.992],"_humanoidState":7,"_cameraCFrame":[770.08,250.224,51.969,0.873,-0.431,0.23,0,0.47,0.882,-0.488,-0.77,0.411],"_shiftlockState":true,"_pose":"FreeFall","_animationQueue":[["walk",0.1],["fall",0.3],["fall",0.3]],"_animationSpeed":1,"_zoom":11.92},{"_mousePosition":[683,384],"_rootPartCFrame":[765.76,238.741,47.677,0.868,-0.003,0.497,0.002,1,0.002,-0.497,0,0.868],"_humanoidState":7,"_cameraCFrame":[770.326,251.241,49.482,0.675,-0.681,0.284,0,0.385,0.923,-0.738,-0.622,0.26],"_shiftlockState":true,"_pose":"FreeFall","_animationQueue":[["fall",0.3]],"_animationSpeed":1,"_zoom":11.92},{"_mousePosition":[683,384],"_rootPartCFrame":[765.646,239.057,47.438,0.659,-0.001,0.752,0.001,1,0.001,-0.752,0,0.659],"_humanoidState":8,"_cameraCFrame":[770.741,251.419,48.528,0.525,-0.775,0.35,0,0.412,0.911,-0.851,-0.479,0.216],"_shiftlockState":true,"_pose":"Running","_animationQueue":[["walk",0.1],["fall",0.3],["walk",0.1]],"_animationSpeed":1.098,"_zoom":11.92},{"_mousePosition":[683,384],"_rootPartCFrame":[765.551,239.719,47.263,0.512,0.001,0.859,0,1,-0.001,-0.859,0,0.512],"_humanoidState":3,"_cameraCFrame":[770.984,251.968,46.941,0.265,-0.87,0.417,0,0.432,0.902,-0.964,-0.239,0.115],"_shiftlockState":true,"_pose":"Jumping","_animationQueue":[["walk",0.1],["jump",0.1]],"_animationSpeed":1,"_zoom":11.92},{"_mousePosition":[683,384],"_rootPartCFrame":[765.391,240.824,46.971,0.24,0.004,0.971,-0.002,1,-0.003,-0.971,-0.001,0.24],"_humanoidState":3,"_cameraCFrame":[770.97,252.949,45.876,0.119,-0.885,0.45,0,0.453,0.891,-0.993,-0.106,0.054],"_shiftlockState":true,"_pose":"Jumping","_animationQueue":[],"_animationSpeed":1,"_zoom":11.92},{"_mousePosition":[683,384],"_rootPartCFrame":[765.296,241.486,46.796,0.104,0.005,0.995,-0.002,1,-0.005,-0.995,-0.002,0.104],"_humanoidState":3,"_cameraCFrame":[770.991,253.477,45.138,0.017,-0.88,0.475,0,0.475,0.88,-1,-0.015,0.008],"_shiftlockState":true,"_pose":"Jumping","_animationQueue":[],"_animationSpeed":1,"_zoom":11.92},{"_mousePosition":[683,384],"_rootPartCFrame":[765.114,242.539,46.535,-0.024,0.002,1,-0.001,1,-0.002,-1,-0.001,-0.024],"_humanoidState":5,"_cameraCFrame":[770.834,254.474,44.641,-0.025,-0.875,0.483,0,0.483,0.875,-1,0.022,-0.012],"_shiftlockState":true,"_pose":"FreeFall","_animationQueue":[],"_animationSpeed":1,"_zoom":11.92},{"_mousePosition":[683,384],"_rootPartCFrame":[764.989,243.13,46.404,-0.022,0.001,1,0,1,-0.001,-1,0,-0.022],"_humanoidState":5,"_cameraCFrame":[770.698,255.07,44.511,-0.025,-0.876,0.483,0,0.483,0.876,-1,0.022,-0.012],"_shiftlockState":true,"_pose":"FreeFall","_animationQueue":[],"_animationSpeed":1,"_zoom":11.92},{"_mousePosition":[683,384],"_rootPartCFrame":[764.758,244.047,46.229,-0.024,0,1,0,1,0,-1,0,-0.024],"_humanoidState":5,"_cameraCFrame":[770.462,255.986,44.324,-0.027,-0.875,0.482,0,0.483,0.876,-1,0.024,-0.013],"_shiftlockState":true,"_pose":"FreeFall","_animationQueue":[],"_animationSpeed":1,"_zoom":11.92},{"_mousePosition":[683,384],"_rootPartCFrame":[764.605,244.556,46.15,-0.027,0,1,0,1,0,-1,0,-0.027],"_humanoidState":5,"_cameraCFrame":[770.29,256.5,44.216,-0.032,-0.876,0.482,0,0.482,0.876,-0.999,0.028,-0.016],"_shiftlockState":true,"_pose":"FreeFall","_animationQueue":[["fall",0.3]],"_animationSpeed":1,"_zoom":11.92},{"_mousePosition":[683,384],"_rootPartCFrame":[764.325,245.337,46.061,-0.031,0,1,0,1,0,-1,0,-0.031],"_humanoidState":5,"_cameraCFrame":[769.99,257.285,44.092,-0.038,-0.876,0.481,0,0.481,0.877,-0.999,0.034,-0.019],"_shiftlockState":true,"_pose":"FreeFall","_animationQueue":[],"_animationSpeed":1,"_zoom":11.92},{"_mousePosition":[683,384],"_rootPartCFrame":[764.08,245.9,46.03,-0.038,0,0.999,0,1,0,-0.999,0,-0.038],"_humanoidState":5,"_cameraCFrame":[769.72,257.853,44.013,-0.047,-0.876,0.48,0,0.481,0.877,-0.999,0.041,-0.022],"_shiftlockState":true,"_pose":"FreeFall","_animationQueue":[],"_animationSpeed":1,"_zoom":11.92},{"_mousePosition":[683,384],"_rootPartCFrame":[763.818,246.408,46.031,-0.046,0,0.999,0,1,0,-0.999,0,-0.046],"_humanoidState":5,"_cameraCFrame":[769.426,258.366,43.95,-0.058,-0.876,0.479,0,0.48,0.877,-0.998,0.051,-0.028],"_shiftlockState":true,"_pose":"FreeFall","_animationQueue":[],"_animationSpeed":1,"_zoom":11.92},{"_mousePosition":[683,384],"_rootPartCFrame":[763.619,246.754,46.04,-0.057,0,0.998,0,1,0,-0.998,0,-0.057],"_humanoidState":5,"_cameraCFrame":[769.198,258.712,43.883,-0.072,-0.875,0.479,0,0.48,0.877,-0.997,0.063,-0.035],"_shiftlockState":true,"_pose":"FreeFall","_animationQueue":[],"_animationSpeed":1,"_zoom":11.92},{"_mousePosition":[683,384],"_rootPartCFrame":[763.286,247.262,46.058,-0.07,0,0.998,0,1,0,-0.998,0,-0.07],"_humanoidState":5,"_cameraCFrame":[768.856,259.22,43.878,-0.076,-0.875,0.478,0,0.48,0.877,-0.997,0.067,-0.037],"_shiftlockState":true,"_pose":"FreeFall","_animationQueue":[],"_animationSpeed":1,"_zoom":11.92},{"_mousePosition":[683,384],"_rootPartCFrame":[763.087,247.526,46.072,-0.075,0,0.997,0,1,0,-0.997,0,-0.075],"_humanoidState":5,"_cameraCFrame":[768.65,259.484,43.875,-0.079,-0.875,0.478,0,0.48,0.877,-0.997,0.069,-0.038],"_shiftlockState":true,"_pose":"FreeFall","_animationQueue":[["fall",0.3]],"_animationSpeed":1,"_zoom":11.92},{"_mousePosition":[683,384],"_rootPartCFrame":[762.754,247.898,46.097,-0.079,0,0.997,0,1,0,-0.997,0,-0.079],"_humanoidState":5,"_cameraCFrame":[768.304,259.861,43.889,-0.081,-0.875,0.478,0,0.479,0.878,-0.997,0.071,-0.039],"_shiftlockState":true,"_pose":"FreeFall","_animationQueue":[],"_animationSpeed":1,"_zoom":11.92},{"_mousePosition":[683,384],"_rootPartCFrame":[762.555,248.08,46.113,-0.081,0,0.997,0,1,0,-0.997,0,-0.081],"_humanoidState":5,"_cameraCFrame":[768.087,260.048,43.882,-0.085,-0.875,0.477,0,0.478,0.878,-0.996,0.075,-0.041],"_shiftlockState":true,"_pose":"FreeFall","_animationQueue":[],"_animationSpeed":1,"_zoom":11.92},{"_mousePosition":[683,384],"_rootPartCFrame":[762.222,248.316,46.14,-0.085,0,0.996,0,1,0,-0.996,0,-0.085],"_humanoidState":5,"_cameraCFrame":[767.739,260.288,43.893,-0.089,-0.875,0.476,0,0.478,0.879,-0.996,0.078,-0.042],"_shiftlockState":true,"_pose":"FreeFall","_animationQueue":[],"_animationSpeed":1,"_zoom":11.92},{"_mousePosition":[683,384],"_rootPartCFrame":[762.023,248.416,46.157,-0.088,0,0.996,0,1,0,-0.996,0,-0.088],"_humanoidState":5,"_cameraCFrame":[767.515,260.393,43.87,-0.096,-0.875,0.475,0,0.477,0.879,-0.995,0.084,-0.046],"_shiftlockState":true,"_pose":"FreeFall","_animationQueue":[],"_animationSpeed":1,"_zoom":11.92},{"_mousePosition":[683,384],"_rootPartCFrame":[761.691,248.516,46.187,-0.095,0,0.995,0,1,0,-0.995,0,-0.095],"_humanoidState":5,"_cameraCFrame":[767.149,260.501,43.861,-0.103,-0.875,0.473,0,0.476,0.88,-0.995,0.091,-0.049],"_shiftlockState":true,"_pose":"FreeFall","_animationQueue":[],"_animationSpeed":1,"_zoom":11.92},{"_mousePosition":[683,384],"_rootPartCFrame":[761.492,248.534,46.205,-0.102,0,0.995,0,1,0,-0.995,0,-0.102],"_humanoidState":5,"_cameraCFrame":[766.911,260.529,43.83,-0.113,-0.875,0.471,0,0.474,0.88,-0.994,0.099,-0.053],"_shiftlockState":true,"_pose":"FreeFall","_animationQueue":[["fall",0.3]],"_animationSpeed":1,"_zoom":11.92},{"_mousePosition":[683,384],"_rootPartCFrame":[761.161,248.497,46.24,-0.111,0,0.994,0,1,0,-0.994,0,-0.111],"_humanoidState":5,"_cameraCFrame":[766.566,260.497,43.854,-0.115,-0.875,0.47,0,0.473,0.881,-0.993,0.101,-0.054],"_shiftlockState":true,"_pose":"FreeFall","_animationQueue":[],"_animationSpeed":1,"_zoom":11.92},{"_mousePosition":[683,384],"_rootPartCFrame":[760.962,248.434,46.262,-0.114,0,0.993,0,1,0,-0.993,0,-0.114],"_humanoidState":5,"_cameraCFrame":[766.368,260.434,43.876,-0.115,-0.875,0.47,0,0.473,0.881,-0.993,0.101,-0.054],"_shiftlockState":true,"_pose":"FreeFall","_animationQueue":[],"_animationSpeed":1,"_zoom":11.92},{"_mousePosition":[683,384],"_rootPartCFrame":[760.631,248.261,46.3,-0.114,0,0.993,0,1,0,-0.993,0,-0.114],"_humanoidState":5,"_cameraCFrame":[766.026,260.265,43.91,-0.116,-0.875,0.47,0,0.473,0.881,-0.993,0.102,-0.055],"_shiftlockState":true,"_pose":"FreeFall","_animationQueue":[],"_animationSpeed":1,"_zoom":11.92},{"_mousePosition":[683,384],"_rootPartCFrame":[760.432,248.116,46.323,-0.116,0,0.993,0,1,0,-0.993,0,-0.116],"_humanoidState":5,"_cameraCFrame":[765.824,260.12,43.927,-0.117,-0.875,0.47,0,0.473,0.881,-0.993,0.103,-0.055],"_shiftlockState":true,"_pose":"FreeFall","_animationQueue":[],"_animationSpeed":1,"_zoom":11.92},{"_mousePosition":[683,384],"_rootPartCFrame":[760.101,247.807,46.361,-0.117,0,0.993,0,1,0,-0.993,0,-0.117],"_humanoidState":5,"_cameraCFrame":[765.464,259.82,43.939,-0.122,-0.875,0.468,0,0.471,0.882,-0.993,0.108,-0.057],"_shiftlockState":true,"_pose":"FreeFall","_animationQueue":[],"_animationSpeed":1,"_zoom":11.92},{"_mousePosition":[683,384],"_rootPartCFrame":[759.902,247.581,46.385,-0.122,0,0.993,0,1,0,-0.993,0,-0.122],"_humanoidState":5,"_cameraCFrame":[765.436,259.612,45.634,-0.134,-0.875,0.464,0,0.468,0.883,-0.991,0.119,-0.063],"_shiftlockState":false,"_pose":"FreeFall","_animationQueue":[],"_animationSpeed":1,"_zoom":11.92},{"_mousePosition":[683,384],"_rootPartCFrame":[759.571,247.135,46.425,-0.121,0,0.993,0,1,0,-0.993,0,-0.121],"_humanoidState":5,"_cameraCFrame":[765.105,259.166,45.675,-0.134,-0.875,0.464,0,0.468,0.883,-0.991,0.119,-0.063],"_shiftlockState":false,"_pose":"FreeFall","_animationQueue":[["fall",0.3]],"_animationSpeed":1,"_zoom":11.92},{"_mousePosition":[683,384],"_rootPartCFrame":[759.307,246.717,46.46,-0.123,0,0.992,0,1,0,-0.992,0,-0.123],"_humanoidState":5,"_cameraCFrame":[764.841,258.748,45.71,-0.134,-0.875,0.464,0,0.468,0.883,-0.991,0.119,-0.063],"_shiftlockState":false,"_pose":"FreeFall","_animationQueue":[],"_animationSpeed":1,"_zoom":11.92},{"_mousePosition":[683,384],"_rootPartCFrame":[759.043,246.245,46.496,-0.124,0,0.992,0,1,0,-0.992,0,-0.124],"_humanoidState":5,"_cameraCFrame":[764.562,258.28,45.701,-0.143,-0.875,0.463,0,0.468,0.884,-0.99,0.126,-0.067],"_shiftlockState":false,"_pose":"FreeFall","_animationQueue":[],"_animationSpeed":1,"_zoom":11.92},{"_mousePosition":[683,384],"_rootPartCFrame":[758.845,245.855,46.523,-0.125,0,0.992,0,1,0,-0.992,0,-0.125],"_humanoidState":5,"_cameraCFrame":[764.354,257.895,45.723,-0.144,-0.875,0.462,0,0.467,0.884,-0.99,0.127,-0.067],"_shiftlockState":false,"_pose":"FreeFall","_animationQueue":[],"_animationSpeed":1,"_zoom":11.92},{"_mousePosition":[683,384],"_rootPartCFrame":[758.515,245.136,46.57,-0.128,0,0.992,0,1,0,-0.992,0,-0.128],"_humanoidState":5,"_cameraCFrame":[764.024,257.176,45.764,-0.145,-0.875,0.462,0,0.467,0.884,-0.989,0.128,-0.068],"_shiftlockState":false,"_pose":"FreeFall","_animationQueue":[],"_animationSpeed":1,"_zoom":11.92},{"_mousePosition":[683,384],"_rootPartCFrame":[758.317,244.665,46.599,-0.129,0,0.992,0,1,0,-0.992,0,-0.129],"_humanoidState":5,"_cameraCFrame":[763.826,256.705,45.793,-0.145,-0.875,0.462,0,0.467,0.884,-0.989,0.128,-0.068],"_shiftlockState":false,"_pose":"FreeFall","_animationQueue":[],"_animationSpeed":1,"_zoom":11.92},{"_mousePosition":[683,384],"_rootPartCFrame":[758.053,243.988,46.638,-0.132,0,0.991,0,1,0,-0.991,0,-0.132],"_humanoidState":5,"_cameraCFrame":[763.562,256.028,45.832,-0.145,-0.875,0.462,0,0.467,0.884,-0.989,0.128,-0.068],"_shiftlockState":false,"_pose":"FreeFall","_animationQueue":[],"_animationSpeed":1,"_zoom":11.92},{"_mousePosition":[683,384],"_rootPartCFrame":[757.789,243.257,46.676,-0.133,0,0.991,0,1,0,-0.991,0,-0.133],"_humanoidState":5,"_cameraCFrame":[763.298,255.297,45.87,-0.145,-0.875,0.462,0,0.467,0.884,-0.989,0.128,-0.068],"_shiftlockState":false,"_pose":"FreeFall","_animationQueue":[["fall",0.3]],"_animationSpeed":1,"_zoom":11.92},{"_mousePosition":[683,384],"_rootPartCFrame":[757.459,242.266,46.724,-0.135,0,0.991,0,1,0,-0.991,0,-0.135],"_humanoidState":5,"_cameraCFrame":[762.968,254.306,45.919,-0.145,-0.875,0.462,0,0.467,0.884,-0.989,0.128,-0.068],"_shiftlockState":false,"_pose":"FreeFall","_animationQueue":[],"_animationSpeed":1,"_zoom":11.92},{"_mousePosition":[683,384],"_rootPartCFrame":[757.261,241.631,46.753,-0.136,0,0.991,0,1,0,-0.991,0,-0.136],"_humanoidState":5,"_cameraCFrame":[762.77,253.671,45.947,-0.145,-0.875,0.462,0,0.467,0.884,-0.989,0.128,-0.068],"_shiftlockState":false,"_pose":"FreeFall","_animationQueue":[],"_animationSpeed":1,"_zoom":11.92},{"_mousePosition":[683,384],"_rootPartCFrame":[756.931,240.504,46.802,-0.138,0,0.99,0,1,0,-0.99,0,-0.138],"_humanoidState":5,"_cameraCFrame":[762.44,252.544,45.996,-0.145,-0.875,0.462,0,0.467,0.884,-0.989,0.128,-0.068],"_shiftlockState":false,"_pose":"FreeFall","_animationQueue":[],"_animationSpeed":1,"_zoom":11.92},{"_mousePosition":[683,384],"_rootPartCFrame":[756.734,239.787,46.831,-0.139,0,0.99,0,1,0,-0.99,0,-0.139],"_humanoidState":7,"_cameraCFrame":[762.242,251.827,46.025,-0.145,-0.875,0.462,0,0.467,0.884,-0.989,0.128,-0.068],"_shiftlockState":false,"_pose":"FreeFall","_animationQueue":[["walk",0.1],["fall",0.3],["fall",0.3]],"_animationSpeed":1,"_zoom":11.92},{"_mousePosition":[683,384],"_rootPartCFrame":[756.47,239.111,46.869,-0.139,0,0.99,0,1,0,-0.99,0,-0.139],"_humanoidState":7,"_cameraCFrame":[762.07,251.101,46.044,-0.146,-0.871,0.47,0,0.475,0.88,-0.989,0.128,-0.069],"_shiftlockState":false,"_pose":"FreeFall","_animationQueue":[],"_animationSpeed":1,"_zoom":11.92},{"_mousePosition":[683,384],"_rootPartCFrame":[756.14,239.212,46.917,-0.14,0,0.99,0,1,0,-0.99,0,-0.14],"_humanoidState":8,"_cameraCFrame":[761.873,251.128,46.073,-0.146,-0.865,0.481,0,0.486,0.874,-0.989,0.127,-0.071],"_shiftlockState":false,"_pose":"Running","_animationQueue":[["fall",0.3],["walk",0.1],["fall",0.3],["walk",0.1]],"_animationSpeed":1.103,"_zoom":11.92},{"_mousePosition":[683,384],"_rootPartCFrame":[755.876,239.313,46.956,-0.141,0,0.99,0,1,0,-0.99,0,-0.141],"_humanoidState":8,"_cameraCFrame":[761.826,251.106,46.092,-0.144,-0.855,0.499,0,0.504,0.863,-0.99,0.124,-0.072],"_shiftlockState":false,"_pose":"Running","_animationQueue":[],"_animationSpeed":1.103,"_zoom":11.92},{"_mousePosition":[683,384],"_rootPartCFrame":[755.612,239.374,46.995,-0.142,0,0.99,0,1,0,-0.99,0,-0.142],"_humanoidState":8,"_cameraCFrame":[761.912,250.952,46.087,-0.143,-0.837,0.529,0,0.534,0.845,-0.99,0.121,-0.076],"_shiftlockState":false,"_pose":"Running","_animationQueue":[],"_animationSpeed":1.103,"_zoom":11.92},{"_mousePosition":[683,384],"_rootPartCFrame":[755.348,239.408,47.034,-0.142,0,0.99,0,1,0,-0.99,0,-0.142],"_humanoidState":8,"_cameraCFrame":[761.905,250.819,46.095,-0.142,-0.823,0.55,0,0.556,0.831,-0.99,0.118,-0.079],"_shiftlockState":false,"_pose":"Running","_animationQueue":[],"_animationSpeed":1.103,"_zoom":11.92},{"_mousePosition":[683,384],"_rootPartCFrame":[755.15,239.407,47.062,-0.142,0,0.99,0,1,0,-0.99,0,-0.142],"_humanoidState":8,"_cameraCFrame":[762.351,250.358,46.109,-0.131,-0.786,0.604,0,0.609,0.793,-0.991,0.104,-0.08],"_shiftlockState":false,"_pose":"Running","_animationQueue":[],"_animationSpeed":1.103,"_zoom":11.92},{"_mousePosition":[683,384],"_rootPartCFrame":[754.82,239.348,47.109,-0.142,0,0.99,0,1,0,-0.99,0,-0.142],"_humanoidState":8,"_cameraCFrame":[762.368,250.029,46.206,-0.119,-0.765,0.633,0,0.638,0.77,-0.993,0.092,-0.076],"_shiftlockState":false,"_pose":"Running","_animationQueue":[],"_animationSpeed":1.103,"_zoom":11.92},{"_mousePositio