[{"_mousePosition":[1078,381],"_rootPartCFrame":[776.024,222.956,47.142,0.002,0.004,1,0,1,-0.004,-1,0,0.002],"_humanoidState":8,"_cameraCFrame":[775.929,232.548,42.835,-1,0.021,-0.011,0,0.47,0.883,0.023,0.882,-0.47],"_shiftlockState":false,"_pose":"Standing","_animationQueue":[],"_animationSpeed":1,"_zoom":9.167},{"_mousePosition":[1083,383],"_rootPartCFrame":[775.777,222.835,47.148,-0.002,0.001,1,0,1,-0.001,-1,0,-0.002],"_humanoidState":8,"_cameraCFrame":[775.677,232.427,42.841,-1,0.021,-0.011,0,0.47,0.883,0.023,0.882,-0.47],"_shiftlockState":false,"_pose":"Standing","_animationQueue":[],"_animationSpeed":1,"_zoom":9.167},{"_mousePosition":[1089,386],"_rootPartCFrame":[775.511,222.673,47.154,-0.004,0,1,0,1,0,-1,0,-0.004],"_humanoidState":8,"_cameraCFrame":[775.41,232.265,42.847,-1,0.021,-0.011,0,0.47,0.883,0.023,0.882,-0.47],"_shiftlockState":false,"_pose":"Running","_animationQueue":[["walk",0.1]],"_animationSpeed":1.065,"_zoom":9.167},{"_mousePosition":[1094,388],"_rootPartCFrame":[775.378,222.652,47.157,-0.006,0,1,0,1,0,-1,0,-0.006],"_humanoidState":8,"_cameraCFrame":[775.277,232.244,42.85,-1,0.021,-0.011,0,0.47,0.883,0.023,0.882,-0.47],"_shiftlockState":false,"_pose":"Running","_animationQueue":[],"_animationSpeed":1.065,"_zoom":9.167},{"_mousePosition":[1101,393],"_rootPartCFrame":[775.112,222.661,47.163,-0.008,0,1,0,1,0,-1,0,-0.008],"_humanoidState":8,"_cameraCFrame":[775.011,232.253,42.856,-1,0.021,-0.011,0,0.47,0.883,0.023,0.882,-0.47],"_shiftlockState":false,"_pose":"Running","_animationQueue":[],"_animationSpeed":1.065,"_zoom":9.167},{"_mousePosition":[1104,398],"_rootPartCFrame":[774.712,222.683,47.173,-0.011,0,1,0,1,0,-1,0,-0.011],"_humanoidState":8,"_cameraCFrame":[774.611,232.274,42.866,-1,0.021,-0.011,0,0.47,0.883,0.023,0.882,-0.47],"_shiftlockState":false,"_pose":"Running","_animationQueue":[],"_animationSpeed":1.065,"_zoom":9.167},{"_mousePosition":[1109,407],"_rootPartCFrame":[774.445,222.69,47.179,-0.013,0,1,0,1,0,-1,0,-0.013],"_humanoidState":8,"_cameraCFrame":[774.344,232.282,42.872,-1,0.021,-0.011,0,0.47,0.883,0.023,0.882,-0.47],"_shiftlockState":false,"_pose":"Running","_animationQueue":[["walk",0.1]],"_animationSpeed":1.065,"_zoom":9.167},{"_mousePosition":[1113,416],"_rootPartCFrame":[774.178,222.695,47.185,-0.014,0,1,0,1,0,-1,0,-0.014],"_humanoidState":8,"_cameraCFrame":[774.078,232.286,42.878,-1,0.021,-0.011,0,0.47,0.883,0.023,0.882,-0.47],"_shiftlockState":false,"_pose":"Running","_animationQueue":[],"_animationSpeed":1.065,"_zoom":9.167},{"_mousePosition":[1116,428],"_rootPartCFrame":[773.912,223.558,47.191,-0.016,0,1,0,1,0,-1,0,-0.016],"_humanoidState":3,"_cameraCFrame":[773.811,233.149,42.884,-1,0.021,-0.011,0,0.47,0.883,0.023,0.882,-0.47],"_shiftlockState":false,"_pose":"Jumping","_animationQueue":[["walk",0.1],["jump",0.1]],"_animationSpeed":1,"_zoom":9.167},{"_mousePosition":[1118,441],"_rootPartCFrame":[773.645,224.366,47.198,-0.017,0,1,0,1,0,-1,0,-0.017],"_humanoidState":5,"_cameraCFrame":[773.544,233.958,42.891,-1,0.021,-0.011,0,0.47,0.883,0.023,0.882,-0.47],"_shiftlockState":false,"_pose":"FreeFall","_animationQueue":[["jump",0.1]],"_animationSpeed":1,"_zoom":9.167},{"_mousePosition":[1121,458],"_rootPartCFrame":[773.445,224.937,47.202,-0.018,0,1,0,1,0,-1,0,-0.018],"_humanoidState":5,"_cameraCFrame":[771.595,234.528,42.936,-1,0.021,-0.011,0,0.47,0.883,0.023,0.882,-0.47],"_shiftlockState":true,"_pose":"FreeFall","_animationQueue":[],"_animationSpeed":1,"_zoom":9.167},{"_mousePosition":[683,352.5],"_rootPartCFrame":[773.112,225.819,47.21,-0.995,0,0.099,0,1,0,-0.099,0,-0.995],"_humanoidState":5,"_cameraCFrame":[771.262,235.411,42.944,-1,0.021,-0.011,0,0.47,0.883,0.023,0.882,-0.47],"_shiftlockState":true,"_pose":"FreeFall","_animationQueue":[],"_animationSpeed":1,"_zoom":9.167},{"_mousePosition":[683,352.5],"_rootPartCFrame":[772.912,226.308,47.215,-0.997,0,0.074,0,1,0,-0.074,0,-0.997],"_humanoidState":5,"_cameraCFrame":[771.087,235.985,43.103,-1,0.016,-0.008,0,0.452,0.892,0.018,0.892,-0.452],"_shiftlockState":true,"_pose":"FreeFall","_animationQueue":[],"_animationSpeed":1,"_zoom":9.167},{"_mousePosition":[683,352.5],"_rootPartCFrame":[772.646,226.912,47.221,-0.993,0,0.114,0,1,0,-0.114,0,-0.993],"_humanoidState":5,"_cameraCFrame":[770.836,236.68,43.289,-1,0.014,-0.006,0,0.432,0.902,0.015,0.902,-0.432],"_shiftlockState":true,"_pose":"FreeFall","_animationQueue":[],"_animationSpeed":1,"_zoom":9.167},{"_mousePosition":[683,352.5],"_rootPartCFrame":[772.379,227.462,47.226,-0.993,0,0.118,0,1,0,-0.118,0,-0.993],"_humanoidState":5,"_cameraCFrame":[770.584,237.302,43.443,-1,0.011,-0.005,0,0.415,0.91,0.012,0.91,-0.415],"_shiftlockState":true,"_pose":"FreeFall","_animationQueue":[],"_animationSpeed":1,"_zoom":9.167},{"_mousePosition":[683,352.5],"_rootPartCFrame":[772.046,228.072,47.231,-0.988,0,0.154,0,1,0,-0.154,0,-0.988],"_humanoidState":5,"_cameraCFrame":[770.256,237.978,43.594,-1,0.01,-0.004,0,0.399,0.917,0.011,0.917,-0.399],"_shiftlockState":true,"_pose":"FreeFall","_animationQueue":[],"_animationSpeed":1,"_zoom":9.167},{"_mousePosition":[683,352.5],"_rootPartCFrame":[771.846,228.397,47.234,-0.996,0,0.089,0,1,0,-0.089,0,-0.996],"_humanoidState":5,"_cameraCFrame":[770.058,238.356,43.719,-1,0.01,-0.004,0,0.385,0.923,0.011,0.923,-0.385],"_shiftlockState":true,"_pose":"FreeFall","_animationQueue":[],"_animationSpeed":1,"_zoom":9.167},{"_mousePosition":[683,352.5],"_rootPartCFrame":[771.512,228.871,47.237,-0.988,0,0.155,0,1,0,-0.155,0,-0.988],"_humanoidState":5,"_cameraCFrame":[769.718,238.875,43.836,-1,0.012,-0.005,0,0.374,0.928,0.013,0.928,-0.373],"_shiftlockState":true,"_pose":"FreeFall","_animationQueue":[],"_animationSpeed":1,"_zoom":9.167},{"_mousePosition":[683,352.5],"_rootPartCFrame":[771.246,229.189,47.24,-0.993,0,0.12,0,1,0,-0.12,0,-0.993],"_humanoidState":5,"_cameraCFrame":[769.446,239.225,43.925,-1,0.014,-0.005,0,0.365,0.931,0.015,0.931,-0.364],"_shiftlockState":true,"_pose":"FreeFall","_animationQueue":[],"_animationSpeed":1,"_zoom":9.167},{"_mousePosition":[683,352.5],"_rootPartCFrame":[770.979,229.452,47.244,-0.993,0,0.118,0,1,0,-0.118,0,-0.993],"_humanoidState":5,"_cameraCFrame":[769.178,239.531,44.041,-1,0.015,-0.006,0,0.352,0.936,0.016,0.936,-0.352],"_shiftlockState":true,"_pose":"FreeFall","_animationQueue":[],"_animationSpeed":1,"_zoom":9.167},{"_mousePosition":[683,352.5],"_rootPartCFrame":[770.713,229.661,47.248,-0.993,0,0.117,0,1,0,-0.117,0,-0.993],"_humanoidState":5,"_cameraCFrame":[768.912,239.773,44.135,-1,0.015,-0.006,0,0.343,0.939,0.016,0.939,-0.343],"_shiftlockState":true,"_pose":"FreeFall","_animationQueue":[],"_animationSpeed":1,"_zoom":9.167},{"_mousePosition":[683,352.5],"_rootPartCFrame":[770.446,229.816,47.252,-0.993,0,0.117,0,1,0,-0.117,0,-0.993],"_humanoidState":5,"_cameraCFrame":[768.65,239.958,44.221,-1,0.014,-0.005,0,0.334,0.943,0.015,0.943,-0.334],"_shiftlockState":true,"_pose":"FreeFall","_animationQueue":[],"_animationSpeed":1,"_zoom":9.167},{"_mousePosition":[683,352.5],"_rootPartCFrame":[770.246,229.896,47.255,-0.996,0,0.085,0,1,0,-0.085,0,-0.996],"_humanoidState":5,"_cameraCFrame":[768.461,240.062,44.288,-1,0.011,-0.004,0,0.326,0.945,0.012,0.945,-0.326],"_shiftlockState":true,"_pose":"FreeFall","_animationQueue":[],"_animationSpeed":1,"_zoom":9.167},{"_mousePosition":[683,352.5],"_rootPartCFrame":[769.979,229.955,47.259,-0.993,0,0.121,0,1,0,-0.121,0,-0.993],"_humanoidState":5,"_cameraCFrame":[768.204,240.143,44.35,-1,0.008,-0.003,0,0.319,0.948,0.009,0.948,-0.319],"_shiftlockState":true,"_pose":"FreeFall","_animationQueue":[],"_animationSpeed":1,"_zoom":9.167},{"_mousePosition":[683,352.5],"_rootPartCFrame":[769.646,229.952,47.263,-0.988,0,0.157,0,1,0,-0.157,0,-0.988],"_humanoidState":5,"_cameraCFrame":[767.889,240.156,44.392,-1,0.002,-0.001,0,0.314,0.95,0.002,0.95,-0.314],"_shiftlockState":true,"_pose":"FreeFall","_animationQueue":[],"_animationSpeed":1,"_zoom":9.167},{"_mousePosition":[683,352.5],"_rootPartCFrame":[769.446,229.909,47.265,-0.995,0,0.097,0,1,0,-0.097,0,-0.995],"_humanoidState":5,"_cameraCFrame":[767.713,240.127,44.421,-1,-0.006,0.002,0,0.309,0.951,-0.006,0.951,-0.309],"_shiftlockState":true,"_pose":"FreeFall","_animationQueue":[],"_animationSpeed":1,"_zoom":9.167},{"_mousePosition":[683,352.5],"_rootPartCFrame":[769.113,229.77,47.266,-0.985,0,0.172,0,1,0,-0.172,0,-0.985],"_humanoidState":5,"_cameraCFrame":[767.406,239.997,44.434,-1,-0.015,0.005,0,0.306,0.952,-0.015,0.952,-0.306],"_shiftlockState":true,"_pose":"FreeFall","_animationQueue":[],"_animationSpeed":1,"_zoom":9.167},{"_mousePosition":[683,352.5],"_rootPartCFrame":[768.846,229.598,47.265,-0.989,0,0.148,0,1,0,-0.148,0,-0.989],"_humanoidState":5,"_cameraCFrame":[767.166,239.831,44.438,-1,-0.024,0.008,0,0.304,0.953,-0.025,0.952,-0.304],"_shiftlockState":true,"_pose":"FreeFall","_animationQueue":[["fall",0.3]],"_animationSpeed":1,"_zoom":9.167},{"_mousePosition":[683,352.5],"_rootPartCFrame":[768.646,229.432,47.262,-0.992,0,0.124,0,1,0,-0.124,0,-0.992],"_humanoidState":5,"_cameraCFrame":[766.995,239.673,44.439,-0.999,-0.034,0.011,0,0.301,0.953,-0.035,0.953,-0.301],"_shiftlockState":true,"_pose":"FreeFall","_animationQueue":[],"_animationSpeed":1,"_zoom":9.167},{"_mousePosition":[683,352.5],"_rootPartCFrame":[768.38,229.164,47.256,-0.986,0,0.168,0,1,0,-0.168,0,-0.986],"_humanoidState":5,"_cameraCFrame":[766.757,239.412,44.437,-0.999,-0.044,0.014,0,0.299,0.954,-0.046,0.953,-0.299],"_shiftlockState":true,"_pose":"FreeFall","_animationQueue":[],"_animationSpeed":1,"_zoom":9.167},{"_mousePosition":[683,352.5],"_rootPartCFrame":[768.047,228.753,47.245,-0.978,0,0.211,0,1,0,-0.211,0,-0.978],"_humanoidState":5,"_cameraCFrame":[766.449,239.007,44.431,-0.998,-0.053,0.016,0,0.297,0.955,-0.055,0.953,-0.296],"_shiftlockState":true,"_pose":"FreeFall","_animationQueue":[],"_animationSpeed":1,"_zoom":9.167},{"_mousePosition":[683,352.5],"_rootPartCFrame":[767.847,228.465,47.236,-0.988,0,0.154,0,1,0,-0.154,0,-0.988],"_humanoidState":5,"_cameraCFrame":[766.292,238.728,44.426,-0.997,-0.068,0.021,0,0.294,0.956,-0.071,0.953,-0.293],"_shiftlockState":true,"_pose":"FreeFall","_animationQueue":[],"_animationSpeed":1,"_zoom":9.167},{"_mousePosition":[683,352.5],"_rootPartCFrame":[767.581,228.033,47.222,-0.979,0,0.203,0,1,0,-0.203,0,-0.979],"_humanoidState":5,"_cameraCFrame":[766.091,238.305,44.403,-0.995,-0.091,0.028,0,0.291,0.957,-0.095,0.953,-0.289],"_shiftlockState":true,"_pose":"FreeFall","_animationQueue":[],"_animationSpeed":1,"_zoom":9.167},{"_mousePosition":[683,352.5],"_rootPartCFrame":[767.248,227.417,47.199,-0.991,0,0.131,0,1,0,-0.131,0,-0.991],"_humanoidState":7,"_cameraCFrame":[765.85,237.697,44.36,-0.992,-0.123,0.037,0,0.288,0.958,-0.128,0.95,-0.285],"_shiftlockState":true,"_pose":"FreeFall","_animationQueue":[["fall",0.3],["walk",0.1],["fall",0.3],["fall",0.3]],"_animationSpeed":1,"_zoom":9.167},{"_mousePosition":[683,352.5],"_rootPartCFrame":[766.982,226.863,47.174,-0.992,0,0.129,0,1,0,-0.129,0,-0.992],"_humanoidState":7,"_cameraCFrame":[765.702,237.154,44.313,-0.985,-0.164,0.048,0,0.284,0.959,-0.171,0.945,-0.28],"_shiftlockState":true,"_pose":"FreeFall","_animationQueue":[],"_animationSpeed":1,"_zoom":9.167},{"_mousePosition":[683,352.5],"_rootPartCFrame":[766.652,226.839,47.133,-0.985,0,0.171,0,1,0,-0.171,0,-0.985],"_humanoidState":8,"_cameraCFrame":[765.499,237.136,44.236,-0.976,-0.207,0.061,0,0.281,0.96,-0.216,0.937,-0.275],"_shiftlockState":true,"_pose":"Running","_animationQueue":[["walk",0.1],["fall",0.3],["walk",0.1]],"_animationSpeed":1.103,"_zoom":9.167},{"_mousePosition":[683,352.5],"_rootPartCFrame":[766.389,226.902,47.089,-0.976,0,0.216,0,1,0,-0.216,0,-0.976],"_humanoidState":8,"_cameraCFrame":[765.375,237.201,44.147,-0.965,-0.252,0.074,0,0.281,0.96,-0.263,0.926,-0.271],"_shiftlockState":true,"_pose":"Running","_animationQueue":[],"_animationSpeed":1.103,"_zoom":9.167},{"_mousePosition":[683,352.5],"_rootPartCFrame":[766.128,226.945,47.033,-0.965,0,0.263,0,1,0,-0.263,0,-0.965],"_humanoidState":8,"_cameraCFrame":[765.299,237.246,44.04,-0.947,-0.31,0.09,0,0.28,0.96,-0.323,0.909,-0.265],"_shiftlockState":true,"_pose":"Running","_animationQueue":[],"_animationSpeed":1.103,"_zoom":9.167},{"_mousePosition":[683,352.5],"_rootPartCFrame":[765.934,226.965,46.982,-0.947,0,0.323,0,1,0,-0.323,0,-0.947],"_humanoidState":8,"_cameraCFrame":[765.315,237.272,43.957,-0.921,-0.375,0.108,0,0.278,0.961,-0.39,0.885,-0.256],"_shiftlockState":true,"_pose":"Running","_animationQueue":[],"_animationSpeed":1.103,"_zoom":9.167},{"_mousePosition":[683,352.5],"_rootPartCFrame":[765.618,226.984,46.877,-0.921,0,0.39,0,1,0,-0.39,0,-0.921],"_humanoidState":8,"_cameraCFrame":[765.209,237.293,43.823,-0.891,-0.436,0.126,0,0.277,0.961,-0.454,0.856,-0.247],"_shiftlockState":true,"_pose":"Running","_animationQueue":[["walk",0.1]],"_animationSpeed":1.103,"_zoom":9.167},{"_mousePosition":[683,352.5],"_rootPartCFrame":[765.433,226.99,46.802,-0.891,0,0.454,0,1,0,-0.454,0,-0.891],"_humanoidState":8,"_cameraCFrame":[765.229,237.305,43.744,-0.857,-0.495,0.141,0,0.274,0.962,-0.515,0.824,-0.235],"_shiftlockState":true,"_pose":"Running","_animationQueue":[],"_animationSpeed":1.103,"_zoom":9.167},{"_mousePosition":[683,352.5],"_rootPartCFrame":[765.135,226.995,46.653,-0.857,0,0.515,0,1,0,-0.515,0,-0.857],"_humanoidState":8,"_cameraCFrame":[765.116,237.318,43.612,-0.821,-0.549,0.155,0,0.271,0.962,-0.57,0.791,-0.223],"_shiftlockState":true,"_pose":"Running","_animationQueue":[],"_animationSpeed":1.103,"_zoom":9.167},{"_mousePosition":[683,352.5],"_rootPartCFrame":[764.962,226.997,46.553,-0.821,0,0.57,0,1,0,-0.57,0,-0.821],"_humanoidState":8,"_cameraCFrame":[765.151,237.328,43.541,-0.777,-0.607,0.169,0,0.268,0.963,-0.63,0.748,-0.208],"_shiftlockState":true,"_pose":"Running","_animationQueue":[],"_animationSpeed":1.103,"_zoom":9.167},{"_mousePosition":[683,352.5],"_rootPartCFrame":[764.741,226.998,46.403,-0.777,0,0.63,0,1,0,-0.63,0,-0.777],"_humanoidState":8,"_cameraCFrame":[765.155,237.332,43.419,-0.726,-0.662,0.184,0,0.267,0.964,-0.687,0.7,-0.194],"_shiftlockState":true,"_pose":"Running","_animationQueue":[],"_animationSpeed":1.103,"_zoom":9.167},{"_mousePosition":[683,352.5],"_rootPartCFrame":[764.481,226.999,46.195,-0.726,0,0.687,0,1,0,-0.687,0,-0.726],"_humanoidState":8,"_cameraCFrame":[765.049,237.336,43.249,-0.687,-0.7,0.193,0,0.266,0.964,-0.727,0.662,-0.183],"_shiftlockState":true,"_pose":"Running","_animationQueue":[],"_animationSpeed":1.103,"_zoom":9.167},{"_mousePosition":[683,352.5],"_rootPartCFrame":[764.334,227,46.06,-0.687,0,0.727,0,1,0,-0.727,0,-0.687],"_humanoidState":8,"_cameraCFrame":[764.988,237.337,43.132,-0.666,-0.72,0.198,0,0.266,0.964,-0.746,0.642,-0.177],"_shiftlockState":true,"_pose":"Running","_animationQueue":[],"_animationSpeed":1.103,"_zoom":9.167},{"_mousePosition":[683,352.5],"_rootPartCFrame":[764.103,227,45.82,-0.665,0,0.746,0,1,0,-0.746,0,-0.665],"_humanoidState":8,"_cameraCFrame":[764.751,237.337,42.89,-0.667,-0.718,0.198,0,0.266,0.964,-0.745,0.643,-0.177],"_shiftlockState":true,"_pose":"Running","_animationQueue":[["walk",0.1]],"_animationSpeed":1.103,"_zoom":9.167},{"_mousePosition":[683,352.5],"_rootPartCFrame":[763.969,227,45.671,-0.667,0,0.745,0,1,0,-0.745,0,-0.667],"_humanoidState":8,"_cameraCFrame":[764.537,237.337,42.725,-0.687,-0.7,0.193,0,0.266,0.964,-0.727,0.662,-0.183],"_shiftlockState":true,"_pose":"Running","_animationQueue":[],"_animationSpeed":1.103,"_zoom":9.167},{"_mousePosition":[683,352.5],"_rootPartCFrame":[763.747,227,45.423,-0.687,0,0.727,0,1,0,-0.727,0,-0.687],"_humanoidState":8,"_cameraCFrame":[764.157,237.333,42.439,-0.727,-0.662,0.184,0,0.267,0.964,-0.687,0.701,-0.194],"_shiftlockState":true,"_pose":"Running","_animationQueue":[],"_animationSpeed":1.103,"_zoom":9.167},{"_mousePosition":[683,352.5],"_rootPartCFrame":[763.569,227.863,45.224,-0.727,0,0.687,0,1,0,-0.687,0,-0.727],"_humanoidState":3,"_cameraCFrame":[763.801,238.196,42.221,-0.767,-0.619,0.172,0,0.267,0.964,-0.642,0.739,-0.205],"_shiftlockState":true,"_pose":"Jumping","_animationQueue":[["walk",0.1],["jump",0.1]],"_animationSpeed":1,"_zoom":9.167},{"_mousePosition":[683,352.5],"_rootPartCFrame":[763.378,228.671,45.038,-0.704,0,0.71,0,1,0,-0.71,0,-0.704],"_humanoidState":5,"_cameraCFrame":[763.378,239.014,42.054,-0.81,-0.566,0.155,0,0.264,0.965,-0.587,0.781,-0.213],"_shiftlockState":true,"_pose":"FreeFall","_animationQueue":[["jump",0.1]],"_animationSpeed":1,"_zoom":9.167},{"_mousePosition":[683,352.5],"_rootPartCFrame":[763.175,229.425,44.864,-0.728,0,0.686,0,1,0,-0.686,0,-0.728],"_humanoidState":5,"_cameraCFrame":[762.96,239.778,41.918,-0.847,-0.514,0.138,0,0.26,0.966,-0.532,0.818,-0.22],"_shiftlockState":true,"_pose":"FreeFall","_animationQueue":[],"_animationSpeed":1,"_zoom":9.167},{"_mousePosition":[683,352.5],"_rootPartCFrame":[762.962,230.125,44.705,-0.769,0,0.639,0,1,0,-0.639,0,-0.769],"_humanoidState":5,"_cameraCFrame":[762.572,240.487,41.806,-0.874,-0.47,0.124,0,0.256,0.967,-0.486,0.845,-0.224],"_shiftlockState":true,"_pose":"FreeFall","_animationQueue":[],"_animationSpeed":1,"_zoom":9.167},{"_mousePosition":[683,352.5],"_rootPartCFrame":[762.794,230.613,44.596,-0.821,0,0.571,0,1,0,-0.571,0,-0.821],"_humanoidState":5,"_cameraCFrame":[762.262,240.979,41.731,-0.896,-0.43,0.113,0,0.254,0.967,-0.444,0.866,-0.228],"_shiftlockState":true,"_pose":"FreeFall","_animationQueue":[],"_animationSpeed":1,"_zoom":9.167},{"_mousePosition":[683,352.5],"_rootPartCFrame":[762.562,231.217,44.465,-0.829,0,0.559,0,1,0,-0.559,0,-0.829],"_humanoidState":5,"_cameraCFrame":[761.89,241.589,41.647,-0.915,-0.39,0.101,0,0.252,0.968,-0.403,0.886,-0.231],"_shiftlockState":true,"_pose":"FreeFall","_animationQueue":[],"_animationSpeed":1,"_zoom":9.167},{"_mousePosition":[683,352.5],"_rootPartCFrame":[762.324,231.767,44.345,-0.854,0,0.521,0,1,0,-0.521,0,-0.854],"_humanoidState":5,"_cameraCFrame":[761.523,242.14,41.566,-0.933,-0.349,0.091,0,0.251,0.968,-0.361,0.903,-0.234],"_shiftlockState":true,"_pose":"FreeFall","_animationQueue":[],"_animationSpeed":1,"_zoom":9.167},{"_mousePosition":[683,352.5],"_rootPartCFrame":[762.081,232.262,44.236,-0.876,0,0.482,0,1,0,-0.482,0,-0.876],"_humanoidState":5,"_cameraCFrame":[761.144,242.635,41.5,-0.949,-0.305,0.079,0,0.251,0.968,-0.315,0.919,-0.238],"_shiftlockState":true,"_pose":"FreeFall","_animationQueue":[],"_animationSpeed":1,"_zoom":9.167},{"_mousePosition":[683,352.5],"_rootPartCFrame":[761.771,232.804,44.114,-0.884,0,0.468,0,1,0,-0.468,0,-0.884],"_humanoidState":5,"_cameraCFrame":[760.698,243.179,41.434,-0.964,-0.259,0.067,0,0.25,0.968,-0.268,0.933,-0.241],"_shiftlockState":true,"_pose":"FreeFall","_animationQueue":[],"_animationSpeed":1,"_zoom":9.167},{"_mousePosition":[683,352.5],"_rootPartCFrame":[761.582,233.089,44.049,-0.932,0,0.362,0,1,0,-0.362,0,-0.932],"_humanoidState":5,"_cameraCFrame":[760.372,243.466,41.435,-0.976,-0.211,0.054,0,0.25,0.968,-0.218,0.945,-0.244],"_shiftlockState":true,"_pose":"FreeFall","_animationQueue":[],"_animationSpeed":1,"_zoom":9.167},{"_mousePosition":[683,352.5],"_rootPartCFrame":[761.325,233.42,43.976,-0.938,0,0.346,0,1,0,-0.346,0,-0.938],"_humanoidState":5,"_cameraCFrame":[759.992,243.799,41.429,-0.985,-0.166,0.043,0,0.249,0.969,-0.172,0.954,-0.245],"_shiftlockState":true,"_pose":"FreeFall","_animationQueue":[],"_animationSpeed":1,"_zoom":9.167},{"_mousePosition":[683,352.5],"_rootPartCFrame":[761.065,233.697,43.915,-0.954,0,0.301,0,1,0,-0.301,0,-0.954],"_humanoidState":5,"_cameraCFrame":[759.616,244.078,41.44,-0.992,-0.122,0.031,0,0.248,0.969,-0.126,0.961,-0.246],"_shiftlockState":true,"_pose":"FreeFall","_animationQueue":[],"_animationSpeed":1,"_zoom":9.167},{"_mousePosition":[683,352.5],"_rootPartCFrame":[760.803,233.92,43.868,-0.966,0,0.257,0,1,0,-0.257,0,-0.966],"_humanoidState":5,"_cameraCFrame":[759.247,244.298,41.451,-0.997,-0.08,0.02,0,0.249,0.969,-0.082,0.965,-0.248],"_shiftlockState":true,"_pose":"FreeFall","_animationQueue":[],"_animationSpeed":1,"_zoom":9.167},{"_mousePosition":[683,352.5],"_rootPartCFrame":[760.539,234.088,43.832,-0.977,0,0.214,0,1,0,-0.214,0,-0.977],"_humanoidState":5,"_cameraCFrame":[758.876,244.461,41.467,-0.999,-0.036,0.009,0,0.251,0.968,-0.037,0.967,-0.251],"_shiftlockState":true,"_pose":"FreeFall","_animationQueue":[],"_animationSpeed":1,"_zoom":9.167},{"_mousePosition":[683,352.5],"_rootPartCFrame":[760.273,234.201,43.809,-0.985,0,0.17,0,1,0,-0.17,0,-0.985],"_humanoidState":5,"_cameraCFrame":[758.496,244.569,41.507,-1,0.011,-0.003,0,0.253,0.967,0.012,0.967,-0.253],"_shiftlockState":true,"_pose":"FreeFall","_animationQueue":[],"_animationSpeed":1,"_zoom":9.167},{"_mousePosition":[683,352.5],"_rootPartCFrame":[759.94,234.266,43.794,-0.988,0,0.154,0,1,0,-0.154,0,-0.988],"_humanoidState":5,"_cameraCFrame":[758.053,244.63,41.566,-0.998,0.058,-0.015,0,0.255,0.967,0.06,0.965,-0.255],"_shiftlockState":true,"_pose":"FreeFall","_animationQueue":[],"_animationSpeed":1,"_zoom":9.167},{"_mousePosition":[683,352.5],"_rootPartCFrame":[759.74,234.265,43.795,-0.999,0,0.04,0,1,0,-0.04,0,-0.999],"_humanoidState":5,"_cameraCFrame":[757.759,244.627,41.643,-0.995,0.099,-0.026,0,0.256,0.967,0.103,0.962,-0.254],"_shiftlockState":true,"_pose":"FreeFall","_animationQueue":[["fall",0.3]],"_animationSpeed":1,"_zoom":9.167},{"_mousePosition":[683,352.5],"_rootPartCFrame":[759.474,234.215,43.809,-1,0,0.03,0,1,0,-0.03,0,-1],"_humanoidState":5,"_cameraCFrame":[757.371,244.575,41.767,-0.987,0.155,-0.041,0,0.257,0.967,0.16,0.954,-0.253],"_shiftlockState":true,"_pose":"FreeFall","_animationQueue":[],"_animationSpeed":1,"_zoom":9.167},{"_mousePosition":[683,352.5],"_rootPartCFrame":[759.076,234.038,43.848,-0.999,0,0.039,0,1,0,-0.039,0,-0.999],"_humanoidState":5,"_cameraCFrame":[756.87,244.392,41.892,-0.978,0.201,-0.054,0,0.259,0.966,0.208,0.945,-0.253],"_shiftlockState":true,"_pose":"FreeFall","_animationQueue":[],"_animationSpeed":1,"_zoom":9.167},{"_mousePosition":[683,352.5],"_rootPartCFrame":[758.878,233.903,43.878,-0.967,0,-0.255,0,1,0,0.255,0,-0.967],"_humanoidState":5,"_cameraCFrame":[756.514,244.259,42.124,-0.957,0.282,-0.075,0,0.258,0.966,0.292,0.924,-0.247],"_shiftlockState":true,"_pose":"FreeFall","_animationQueue":[],"_animationSpeed":1,"_zoom":9.167},{"_mousePosition":[683,352.5],"_rootPartCFrame":[758.619,233.676,43.939,-0.987,0,-0.162,0,1,0,0.162,0,-0.987],"_humanoidState":5,"_cameraCFrame":[756.196,244.036,42.286,-0.945,0.316,-0.084,0,0.257,0.966,0.326,0.914,-0.243],"_shiftlockState":true,"_pose":"FreeFall","_animationQueue":[],"_animationSpeed":1,"_zoom":9.167},{"_mousePosition":[683,352.5],"_rootPartCFrame":[758.427,233.47,43.996,-0.973,0,-0.231,0,1,0,0.231,0,-0.973],"_humanoidState":5,"_cameraCFrame":[755.929,243.831,42.471,-0.928,0.36,-0.095,0,0.256,0.967,0.373,0.897,-0.238],"_shiftlockState":true,"_pose":"FreeFall","_animationQueue":[],"_animationSpeed":1,"_zoom":9.167},{"_mousePosition":[683,352.5],"_rootPartCFrame":[758.112,233.058,44.104,-0.977,0,-0.214,0,1,0,0.214,0,-0.977],"_humanoidState":5,"_cameraCFrame":[755.549,243.424,42.714,-0.909,0.403,-0.106,0,0.254,0.967,0.417,0.879,-0.231],"_shiftlockState":true,"_pose":"FreeFall","_animationQueue":[],"_animationSpeed":1,"_zoom":9.167},{"_mousePosition":[683,352.5],"_rootPartCFrame":[757.863,232.668,44.202,-0.956,0,-0.292,0,1,0,0.292,0,-0.956],"_humanoidState":5,"_cameraCFrame":[755.246,243.037,42.944,-0.889,0.443,-0.116,0,0.253,0.968,0.458,0.86,-0.225],"_shiftlockState":true,"_pose":"FreeFall","_animationQueue":[],"_animationSpeed":1,"_zoom":9.167},{"_mousePosition":[683,352.5],"_rootPartCFrame":[757.62,232.222,44.311,-0.942,0,-0.336,0,1,0,0.336,0,-0.942],"_humanoidState":5,"_cameraCFrame":[754.965,242.597,43.177,-0.87,0.478,-0.124,0,0.25,0.968,0.493,0.842,-0.218],"_shiftlockState":true,"_pose":"FreeFall","_animationQueue":[],"_animationSpeed":1,"_zoom":9.167},{"_mousePosition":[683,352.5],"_rootPartCFrame":[757.442,231.853,44.402,-0.851,0,-0.525,0,1,0,0.525,0,-0.851],"_humanoidState":5,"_cameraCFrame":[754.755,242.233,43.391,-0.85,0.511,-0.131,0,0.248,0.969,0.527,0.823,-0.211],"_shiftlockState":true,"_pose":"FreeFall","_animationQueue":[["fall",0.3]],"_animationSpeed":1,"_zoom":9.167},{"_mousePosition":[683,352.5],"_rootPartCFrame":[757.229,231.313,44.53,-0.871,0,-0.492,0,1,0,0.492,0,-0.871],"_humanoidState":5,"_cameraCFrame":[754.543,241.694,43.531,-0.848,0.513,-0.131,0,0.248,0.969,0.529,0.822,-0.21],"_shiftlockState":true,"_pose":"FreeFall","_animationQueue":[],"_animationSpeed":1,"_zoom":9.167},{"_mousePosition":[683,352.5],"_rootPartCFrame":[757.094,230.871,44.634,-0.851,0,-0.525,0,1,0,0.525,0,-0.851],"_humanoidState":5,"_cameraCFrame":[754.412,241.255,43.641,-0.848,0.513,-0.131,0,0.247,0.969,0.529,0.822,-0.209],"_shiftlockState":true,"_pose":"FreeFall","_animationQueue":[],"_animationSpeed":1,"_zoom":9.167},{"_mousePosition":[683,352.5],"_rootPartCFrame":[756.917,230.068,44.819,-0.849,0,-0.528,0,1,0,0.528,0,-0.849],"_humanoidState":5,"_cameraCFrame":[754.235,240.452,43.826,-0.848,0.513,-0.131,0,0.247,0.969,0.529,0.822,-0.209],"_shiftlockState":true,"_pose":"FreeFall","_animationQueue":[],"_animationSpeed":1,"_zoom":9.167},{"_mousePosition":[683,352.5],"_rootPartCFrame":[756.839,229.545,44.938,-0.848,0,-0.53,0,1,0,0.53,0,-0.848],"_humanoidState":5,"_cameraCFrame":[754.156,239.929,43.949,-0.848,0.514,-0.131,0,0.247,0.969,0.53,0.822,-0.209],"_shiftlockState":true,"_pose":"FreeFall","_animationQueue":[["fall",0.3]],"_animationSpeed":1,"_zoom":9.167},{"_mousePosition":[683,352.5],"_rootPartCFrame":[756.769,228.8,45.106,-0.848,0,-0.53,0,1,0,0.53,0,-0.848],"_humanoidState":5,"_cameraCFrame":[755.57,239.184,43.189,-0.848,0.514,-0.131,0,0.247,0.969,0.53,0.822,-0.209],"_shiftlockState":false,"_pose":"FreeFall","_animationQueue":[["fall",0.3]],"_animationSpeed":1,"_zoom":9.167},{"_mousePosition":[683,352.5],"_rootPartCFrame":[756.736,227.792,45.331,-0.848,0,-0.53,0,1,0,0.53,0,-0.848],"_humanoidState":5,"_cameraCFrame":[755.537,238.176,43.414,-0.848,0.514,-0.131,0,0.247,0.969,0.53,0.822,-0.209],"_shiftlockState":false,"_pose":"FreeFall","_animationQueue":[],"_animationSpeed":1,"_zoom":9.167},{"_mousePosition":[683,352.5],"_rootPartCFrame":[756.8,227.147,45.489,-0.848,0,-0.53,0,1,0,0.53,0,-0.848],"_humanoidState":7,"_cameraCFrame":[755.601,237.531,43.572,-0.848,0.514,-0.131,0,0.247,0.969,0.53,0.822,-0.209],"_shiftlockState":false,"_pose":"FreeFall","_animationQueue":[["walk",0.1],["fall",0.3],["fall",0.3]],"_animationSpeed":1,"_zoom":9.167},{"_mousePosition":[683,352.5],"_rootPartCFrame":[756.761,226.457,45.423,-0.85,0.002,-0.528,0.002,1,0,0.528,-0.001,-0.85],"_humanoidState":7,"_cameraCFrame":[755.564,236.841,43.504,-0.848,0.514,-0.131,0,0.247,0.969,0.53,0.822,-0.209],"_shiftlockState":false,"_pose":"FreeFall","_animationQueue":[],"_animationSpeed":1,"_zoom":9.167},{"_mousePosition":[683,352.5],"_rootPartCFrame":[756.778,226.439,45.451,-0.851,0,-0.525,0,1,0,0.525,0,-0.851],"_humanoidState":7,"_cameraCFrame":[755.58,236.823,43.533,-0.848,0.514,-0.131,0,0.247,0.969,0.53,0.822,-0.209],"_shiftlockState":false,"_pose":"FreeFall","_animationQueue":[],"_animationSpeed":1,"_zoom":9.167},{"_mousePosition":[683,352],"_rootPartCFrame":[756.794,226.518,45.472,-0.852,-0.009,-0.524,0,1,-0.017,0.524,-0.015,-0.851],"_humanoidState":8,"_cameraCFrame":[755.581,236.902,43.533,-0.848,0.514,-0.131,0,0.247,0.969,0.53,0.822,-0.209],"_shiftlockState":false,"_pose":"Running","_animationQueue":[["walk",0.1],["fall",0.3],["walk",0.1]],"_animationSpeed":0.058,"_zoom":9.167},{"_mousePosition":[683,350],"_rootPartCFrame":[756.794,226.562,45.469,-0.853,-0.005,-0.522,0,1,-0.01,0.522,-0.009,-0.853],"_humanoidState":8,"_cameraCFrame":[756.79,237.089,43.087,-0.673,-0.729,0.129,0,0.174,0.985,-0.74,0.662,-0.117],"_shiftlockState":true,"_pose":"Running","_animationQueue":[],"_animationSpeed":0.087,"_zoom":9.167},{"_mousePosition":[683,352.5],"_rootPartCFrame":[756.331,226.635,44.927,-0.582,0,0.813,0,1,-0.001,-0.813,0,-0.582],"_humanoidState":8,"_cameraCFrame":[756.336,237.162,42.558,-0.673,-0.729,0.129,0,0.174,0.985,-0.74,0.662,-0.117],"_shiftlockState":true,"_pose":"Running","_animationQueue":[],"_animationSpeed":0.087,"_zoom":9.167},{"_mousePosition":[683,352.5],"_rootPartCFrame":[756.204,226.647,44.774,-0.62,-0.001,0.784,0,1,0.001,-0.784,0.001,-0.62],"_humanoidState":8,"_cameraCFrame":[756.016,237.174,42.417,-0.729,-0.674,0.119,0,0.174,0.985,-0.684,0.718,-0.127],"_shiftlockState":true,"_pose":"Running","_animationQueue":[["walk",0.1],["walk",0.1]],"_animationSpeed":1.068,"_zoom":9.167},{"_mousePosition":[683,352.5],"_rootPartCFrame":[756.034,226.615,44.569,-0.663,0,0.748,0,1,0,-0.748,0,-0.663],"_humanoidState":8,"_cameraCFrame":[755.615,237.142,42.241,-0.793,-0.6,0.106,0,0.174,0.985,-0.609,0.781,-0.138],"_shiftlockState":true,"_pose":"Running","_animationQueue":[],"_animationSpeed":1.068,"_zoom":9.167},{"_mousePosition":[683,352.5],"_rootPartCFrame":[755.864,226.528,44.364,-0.734,0,0.679,0,1,0,-0.679,0,-0.734],"_humanoidState":8,"_cameraCFrame":[755.214,237.056,42.09,-0.85,-0.518,0.091,0,0.174,0.985,-0.526,0.837,-0.148],"_shiftlockState":true,"_pose":"Running","_animationQueue":[],"_animationSpeed":1.068,"_zoom":9.167},{"_mousePosition":[683,352.5],"_rootPartCFrame":[755.65,227.612,44.108,-0.784,0,0.62,0,1,0,-0.62,0,-0.784],"_humanoidState":3,"_cameraCFrame":[754.794,238.14,41.902,-0.895,-0.439,0.077,0,0.174,0.985,-0.446,0.881,-0.155],"_shiftlockState":true,"_pose":"Jumping","_animationQueue":[["walk",0.1],["jump",0.1]],"_animationSpeed":1,"_zoom":9.167},{"_mousePosition":[683,352.5],"_rootPartCFrame":[755.513,228.223,43.965,-0.852,0,0.523,0,1,0,-0.523,0,-0.852],"_humanoidState":5,"_cameraCFrame":[754.466,238.751,41.844,-0.931,-0.36,0.063,0,0.174,0.985,-0.366,0.917,-0.162],"_shiftlockState":true,"_pose":"FreeFall","_animationQueue":[["jump",0.1]],"_animationSpeed":1,"_zoom":9.167},{"_mousePosition":[683,352.5],"_rootPartCFrame":[755.307,228.991,43.803,-0.875,0,0.484,0,1,0,-0.484,0,-0.875],"_humanoidState":5,"_cameraCFrame":[754.082,239.518,41.779,-0.959,-0.28,0.049,0,0.174,0.985,-0.284,0.944,-0.166],"_shiftlockState":true,"_pose":"FreeFall","_animationQueue":[],"_animationSpeed":1,"_zoom":9.167},{"_mousePosition":[683,352.5],"_rootPartCFrame":[755.08,229.704,43.673,-0.913,0,0.409,0,1,0,-0.409,0,-0.913],"_humanoidState":5,"_cameraCFrame":[753.74,240.231,41.723,-0.973,-0.225,0.04,0,0.174,0.985,-0.229,0.959,-0.169],"_shiftlockState":true,"_pose":"FreeFall","_animationQueue":[],"_animationSpeed":1,"_zoom":9.167},{"_mousePosition":[683,352.5],"_rootPartCFrame":[754.833,230.362,43.578,-0.934,0,0.356,0,1,0,-0.356,0,-0.934],"_humanoidState":5,"_cameraCFrame":[753.382,240.89,41.71,-0.985,-0.169,0.03,0,0.174,0.985,-0.171,0.97,-0.171],"_shiftlockState":true,"_pose":"FreeFall","_animationQueue":[],"_animationSpeed":1,"_zoom":9.167},{"_mousePosition":[683,352.5],"_rootPartCFrame":[754.51,231.109,43.497,-0.943,0,0.332,0,1,0,-0.332,0,-0.943],"_humanoidState":5,"_cameraCFrame":[752.993,241.636,41.682,-0.991,-0.134,0.024,0,0.174,0.985,-0.136,0.976,-0.172],"_shiftlockState":true,"_pose":"FreeFall","_animationQueue":[],"_animationSpeed":1,"_zoom":9.167},{"_mousePosition":[683,352.5],"_rootPartCFrame":[754.314,231.516,43.461,-0.972,0,0.234,0,1,0,-0.234,0,-0.972],"_humanoidState":5,"_cameraCFrame":[752.735,242.044,41.699,-0.995,-0.1,0.018,0,0.174,0.985,-0.102,0.98,-0.173],"_shiftlockState":true,"_pose":"FreeFall","_animationQueue":[],"_animationSpeed":1,"_zoom":9.167},{"_mousePosition":[683,352.5],"_rootPartCFrame":[754.05,232.011,43.423,-0.972,0,0.233,0,1,0,-0.233,0,-0.972],"_humanoidState":5,"_cameraCFrame":[752.416,242.539,41.712,-0.998,-0.069,0.012,0,0.174,0.985,-0.07,0.982,-0.173],"_shiftlockState":true,"_pose":"FreeFall","_animationQueue":[],"_animationSpeed":1,"_zoom":9.167},{"_mousePosition":[683,352.5],"_rootPartCFrame":[753.785,232.451,43.395,-0.979,0,0.202,0,1,0,-0.202,0,-0.979],"_humanoidState":5,"_cameraCFrame":[752.098,242.979,41.736,-0.999,-0.039,0.007,0,0.174,0.985,-0.039,0.984,-0.174],"_shiftlockState":true,"_pose":"FreeFall","_animationQueue":[],"_animationSpeed":1,"_zoom":9.167},{"_mousePosition":[683,352.5],"_rootPartCFrame":[753.519,232.837,43.375,-0.985,0,0.172,0,1,0,-0.172,0,-0.985],"_humanoidState":5,"_cameraCFrame":[751.786,243.365,41.764,-1,-0.011,0.002,0,0.174,0.985,-0.011,0.985,-0.174],"_shiftlockState":true,"_pose":"FreeFall","_animationQueue":[],"_animationSpeed":1,"_zoom":9.167},{"_mousePosition":[683,352.5],"_rootPartCFrame":[753.252,233.169,43.363,-0.99,0,0.144,0,1,0,-0.144,0,-0.99],"_humanoidState":5,"_cameraCFrame":[751.473,243.697,41.804,-1,0.018,-0.003,0,0.174,0.985,0.018,0.985,-0.174],"_shiftlockState":true,"_pose":"FreeFall","_animationQueue":[],"_animationSpeed":1,"_zoom":9.167},{"_mousePosition":[683,352.5],"_rootPartCFrame":[752.986,233.446,43.359,-0.993,0,0.115,0,1,0,-0.115,0,-0.993],"_humanoidState":5,"_cameraCFrame":[751.165,243.974,41.849,-0.999,0.045,-0.008,0,0.174,0.985,0.046,0.984,-0.173],"_shiftlockState":true,"_pose":"FreeFall","_animationQueue":[],"_animationSpeed":1,"_zoom":9.167},{"_mousePosition":[683,352.5],"_rootPartCFrame":[752.719,233.668,43.363,-0.996,0,0.087,0,1,0,-0.087,0,-0.996],"_humanoidState":5,"_cameraCFrame":[750.849,244.196,41.914,-0.997,0.078,-0.014,0,0.174,0.985,0.079,0.982,-0.173],"_shiftlockState":true,"_pose":"FreeFall","_animationQueue":[],"_animationSpeed":1,"_zoom":9.167},{"_mousePosition":[683,352.5],"_rootPartCFrame":[752.453,233.836,43.374,-0.999,0,0.054,0,1,0,-0.054,0,-0.999],"_humanoidState":5,"_cameraCFrame":[750.529,244.364,41.997,-0.993,0.115,-0.02,0,0.174,0.985,0.117,0.978,-0.172],"_shiftlockState":true,"_pose":"FreeFall","_animationQueue":[],"_animationSpeed":1,"_zoom":9.167},{"_mousePosition":[683,352.5],"_rootPartCFrame":[752.12,233.97,43.399,-0.987,0,-0.161,0,1,0,0.161,0,-0.987],"_humanoidState":5,"_cameraCFrame":[750.123,244.493,42.1,-0.986,0.165,-0.03,0,0.176,0.984,0.168,0.97,-0.174],"_shiftlockState":true,"_pose":"FreeFall","_animationQueue":[["fall",0.3]],"_animationSpeed":1,"_zoom":9.167},{"_mousePosition":[683,352.5],"_rootPartCFrame":[751.79,234.018,43.448,-1,0,-0.002,0,1,0,0.002,0,-1],"_humanoidState":5,"_cameraCFrame":[749.78,244.543,42.179,-0.984,0.177,-0.031,0,0.175,0.984,0.179,0.969,-0.173],"_shiftlockState":true,"_pose":"FreeFall","_animationQueue":[],"_animationSpeed":1,"_zoom":9.167},{"_mousePosition":[683,352.5],"_rootPartCFrame":[751.593,234.006,43.481,-0.997,0,-0.08,0,1,0,0.08,0,-0.997],"_humanoidState":5,"_cameraCFrame":[749.569,244.532,42.245,-0.981,0.189,-0.033,0,0.175,0.985,0.192,0.966,-0.171],"_shiftlockState":true,"_pose":"FreeFall","_animationQueue":[["fall",0.3]],"_animationSpeed":1,"_zoom":9.167},{"_mousePosition":[683,352.5],"_rootPartCFrame":[751.331,233.943,43.529,-0.998,0,-0.06,0,1,0,0.06,0,-0.998],"_humanoidState":5,"_cameraCFrame":[749.293,244.47,42.327,-0.979,0.201,-0.035,0,0.174,0.985,0.204,0.964,-0.17],"_shiftlockState":true,"_pose":"FreeFall","_animationQueue":[],"_animationSpeed":1,"_zoom":9.167},{"_mousePosition":[683,352.5],"_rootPartCFrame":[751.069,233.825,43.579,-0.976,0,-0.216,0,1,0,0.216,0,-0.976],"_humanoidState":5,"_cameraCFrame":[749.018,244.35,42.383,-0.977,0.209,-0.037,0,0.175,0.985,0.213,0.962,-0.171],"_shiftlockState":true,"_pose":"FreeFall","_animationQueue":[],"_animationSpeed":1,"_zoom":9.167},{"_mousePosition":[683,352.5],"_rootPartCFrame":[750.808,233.652,43.635,-0.997,0,-0.081,0,1,0,0.081,0,-0.997],"_humanoidState":5,"_cameraCFrame":[748.757,244.178,42.439,-0.977,0.209,-0.037,0,0.175,0.985,0.213,0.962,-0.171],"_shiftlockState":true,"_pose":"FreeFall","_animationQueue":[],"_animationSpeed":1,"_zoom":9.167},{"_mousePosition":[683,352.5],"_rootPartCFrame":[750.548,233.425,43.692,-0.997,0,-0.081,0,1,0,0.081,0,-0.997],"_humanoidState":5,"_cameraCFrame":[748.497,243.951,42.496,-0.977,0.209,-0.037,0,0.175,0.985,0.213,0.962,-0.171],"_shiftlockState":true,"_pose":"FreeFall","_animationQueue":[],"_animationSpeed":1,"_zoom":9.167},{"_mousePosition":[683,352.5],"_rootPartCFrame":[750.287,233.144,43.748,-0.997,0,-0.081,0,1,0,0.081,0,-0.997],"_humanoidState":5,"_cameraCFrame":[748.236,243.669,42.553,-0.977,0.209,-0.037,0,0.175,0.985,0.213,0.962,-0.171],"_shiftlockState":true,"_pose":"FreeFall","_animationQueue":[],"_animationSpeed":1,"_zoom":9.167},{"_mousePosition":[683,352.5],"_rootPartCFrame":[750.027,232.808,43.805,-0.997,0,-0.081,0,1,0,0.081,0,-0.997],"_humanoidState":5,"_cameraCFrame":[747.976,243.333,42.61,-0.977,0.209,-0.037,0,0.175,0.985,0.213,0.962,-0.171],"_shiftlockState":true,"_pose":"FreeFall","_animationQueue":[["fall",0.3]],"_animationSpeed":1,"_zoom":9.167},{"_mousePosition":[683,352.5],"_rootPartCFrame":[749.766,232.417,43.862,-0.997,0,-0.081,0,1,0,0.081,0,-0.997],"_humanoidState":5,"_cameraCFrame":[747.715,242.942,42.666,-0.977,0.209,-0.037,0,0.175,0.985,0.213,0.962,-0.171],"_shiftlockState":true,"_pose":"FreeFall","_animationQueue":[],"_animationSpeed":1,"_zoom":9.167},{"_mousePosition":[683,352.5],"_rootPartCFrame":[749.506,231.972,43.919,-0.997,0,-0.081,0,1,0,0.081,0,-0.997],"_humanoidState":5,"_cameraCFrame":[747.455,242.497,42.723,-0.977,0.209,-0.037,0,0.175,0.985,0.213,0.962,-0.171],"_shiftlockState":true,"_pose":"FreeFall","_animationQueue":[],"_animationSpeed":1,"_zoom":9.167},{"_mousePosition":[683,352.5],"_rootPartCFrame":[749.259,231.472,43.996,-0.995,0,-0.101,0,1,0,0.101,0,-0.995],"_humanoidState":5,"_cameraCFrame":[747.208,241.998,42.8,-0.977,0.209,-0.037,0,0.175,0.985,0.213,0.962,-0.171],"_shiftlockState":true,"_pose":"FreeFall","_animationQueue":[],"_animationSpeed":1,"_zoom":9.167},{"_mousePosition":[683,352.5],"_rootPartCFrame":[749.036,230.918,44.106,-0.994,0,-0.108,0,1,0,0.108,0,-0.994],"_humanoidState":5,"_cameraCFrame":[746.984,241.444,42.91,-0.977,0.209,-0.037,0,0.175,0.985,0.213,0.962,-0.171],"_shiftlockState":true,"_pose":"FreeFall","_animationQueue":[],"_animationSpeed":1,"_zoom":9.167},{"_mousePosition":[683,352.5],"_rootPartCFrame":[748.834,230.31,44.248,-0.994,0,-0.109,0,1,0,0.109,0,-0.994],"_humanoidState":5,"_cameraCFrame":[746.783,240.835,43.052,-0.977,0.209,-0.037,0,0.175,0.985,0.213,0.962,-0.171],"_shiftlockState":true,"_pose":"FreeFall","_animationQueue":[],"_animationSpeed":1,"_zoom":9.167},{"_mousePosition":[683,352.5],"_rootPartCFrame":[748.656,229.646,44.423,-0.994,0,-0.109,0,1,0,0.109,0,-0.994],"_humanoidState":5,"_cameraCFrame":[746.605,240.172,43.227,-0.977,0.209,-0.037,0,0.175,0.985,0.213,0.962,-0.171],"_shiftlockState":true,"_pose":"FreeFall","_animationQueue":[],"_animationSpeed":1,"_zoom":9.167},{"_mousePosition":[683,352.5],"_rootPartCFrame":[748.5,228.929,44.631,-0.994,0,-0.109,0,1,0,0.109,0,-0.994],"_humanoidState":5,"_cameraCFrame":[746.449,239.454,43.435,-0.977,0.209,-0.037,0,0.175,0.985,0.213,0.962,-0.171],"_shiftlockState":true,"_pose":"FreeFall","_animationQueue":[["fall",0.3]],"_animationSpeed":1,"_zoom":9.167},{"_mousePosition":[683,352.5],"_rootPartCFrame":[748.356,228.157,44.854,-0.994,0,-0.109,0,1,0,0.109,0,-0.994],"_humanoidState":5,"_cameraCFrame":[746.306,238.682,43.656,-0.977,0.208,-0.037,0,0.175,0.985,0.212,0.962,-0.171],"_shiftlockState":true,"_pose":"FreeFall","_animationQueue":[],"_animationSpeed":1,"_zoom":9.167},{"_mousePosition":[683,352.5],"_rootPartCFrame":[748.211,227.33,45.079,-0.994,0,-0.108,0,1,0,0.108,0,-0.994],"_humanoidState":5,"_cameraCFrame":[746.163,237.856,43.879,-0.978,0.207,-0.037,0,0.175,0.985,0.211,0.962,-0.171],"_shiftlockState":true,"_pose":"FreeFall","_animationQueue":[],"_animationSpeed":1,"_zoom":9.167},{"_mousePosition":[683,352.5],"_rootPartCFrame":[748.067,226.449,45.303,-0.994,0,-0.107,0,1,0,0.107,0,-0.994],"_humanoidState":5,"_cameraCFrame":[746.02,236.974,44.101,-0.978,0.206,-0.037,0,0.175,0.985,0.21,0.963,-0.171],"_shiftlockState":true,"_pose":"FreeFall","_animationQueue":[],"_animationSpeed":1,"_zoom":9.167},{"_mousePosition":[683,352.5],"_rootPartCFrame":[747.941,226.495,45.372,-0.988,0.003,-0.154,-0.001,1,0.029,0.154,0.028,-0.988],"_humanoidState":12,"_cameraCFrame":[745.9,237.02,44.21,-0.978,0.205,-0.037,0,0.175,0.985,0.209,0.963,-0.171],"_shiftlockState":true,"_pose":"Climbing","_animationQ