[{"_mousePosition":[916,408],"_rootPartCFrame":[776.033,222.7,47.142,-0.001,0,1,0,1,0,-1,0,-0.001],"_humanoidState":8,"_cameraCFrame":[786.562,235.438,47.189,0.004,-0.73,0.684,0,0.684,0.73,-1,-0.003,0.003],"_shiftlockState":false,"_pose":"Standing","_animationQueue":[],"_animationSpeed":1,"_zoom":15.4},{"_mousePosition":[916,408],"_rootPartCFrame":[775.861,222.7,47.14,0.001,0,1,0,1,0,-1,0,0.001],"_humanoidState":8,"_cameraCFrame":[786.102,235.701,47.108,-0.003,-0.747,0.665,0,0.665,0.747,-1,0.002,-0.002],"_shiftlockState":false,"_pose":"Standing","_animationQueue":[],"_animationSpeed":1,"_zoom":15.4},{"_mousePosition":[916,408],"_rootPartCFrame":[775.463,222.7,47.138,0.001,0,1,0,1,0,-1,0,0.001],"_humanoidState":8,"_cameraCFrame":[785.523,235.86,47.03,-0.011,-0.757,0.653,0,0.653,0.757,-1,0.008,-0.007],"_shiftlockState":false,"_pose":"Running","_animationQueue":[["walk",0.1]],"_animationSpeed":1.003,"_zoom":15.4},{"_mousePosition":[916,408],"_rootPartCFrame":[775.33,222.7,47.139,0.001,0,1,0,1,0,-1,0,0.001],"_humanoidState":8,"_cameraCFrame":[785.252,235.977,47.032,-0.011,-0.765,0.644,0,0.644,0.765,-1,0.008,-0.007],"_shiftlockState":false,"_pose":"Running","_animationQueue":[["walk",0.1]],"_animationSpeed":1.103,"_zoom":15.4},{"_mousePosition":[916,408],"_rootPartCFrame":[775.063,222.7,47.141,0,0,1,0,1,0,-1,0,0],"_humanoidState":8,"_cameraCFrame":[784.847,236.092,47.012,-0.013,-0.772,0.635,0,0.635,0.772,-1,0.01,-0.008],"_shiftlockState":false,"_pose":"Running","_animationQueue":[],"_animationSpeed":1.103,"_zoom":15.4},{"_mousePosition":[916,408],"_rootPartCFrame":[774.664,222.7,47.146,-0.002,0,1,0,1,0,-1,0,-0.002],"_humanoidState":8,"_cameraCFrame":[784.307,236.205,46.993,-0.016,-0.779,0.626,0,0.626,0.78,-1,0.012,-0.01],"_shiftlockState":false,"_pose":"Running","_animationQueue":[],"_animationSpeed":1.103,"_zoom":15.4},{"_mousePosition":[916,408],"_rootPartCFrame":[774.53,222.7,47.147,-0.003,0,1,0,1,0,-1,0,-0.003],"_humanoidState":8,"_cameraCFrame":[784.057,236.299,46.997,-0.016,-0.786,0.619,0,0.619,0.786,-1,0.012,-0.01],"_shiftlockState":false,"_pose":"Running","_animationQueue":[],"_animationSpeed":1.103,"_zoom":15.4},{"_mousePosition":[916,408],"_rootPartCFrame":[774.264,222.7,47.151,-0.005,0,1,0,1,0,-1,0,-0.005],"_humanoidState":8,"_cameraCFrame":[783.695,236.373,46.979,-0.018,-0.79,0.612,0,0.613,0.79,-1,0.014,-0.011],"_shiftlockState":false,"_pose":"Running","_animationQueue":[["walk",0.1]],"_animationSpeed":1.103,"_zoom":15.4},{"_mousePosition":[916,408],"_rootPartCFrame":[773.997,222.7,47.156,-0.006,0,1,0,1,0,-1,0,-0.006],"_humanoidState":8,"_cameraCFrame":[783.333,236.446,46.985,-0.018,-0.795,0.606,0,0.606,0.795,-1,0.015,-0.011],"_shiftlockState":false,"_pose":"Running","_animationQueue":[],"_animationSpeed":1.103,"_zoom":15.4},{"_mousePosition":[916,408],"_rootPartCFrame":[773.73,222.7,47.161,-0.008,0,1,0,1,0,-1,0,-0.008],"_humanoidState":8,"_cameraCFrame":[782.97,236.518,46.968,-0.021,-0.8,0.6,0,0.6,0.8,-1,0.017,-0.013],"_shiftlockState":false,"_pose":"Running","_animationQueue":[],"_animationSpeed":1.103,"_zoom":15.4},{"_mousePosition":[916,408],"_rootPartCFrame":[773.331,222.7,47.168,-0.01,0,1,0,1,0,-1,0,-0.01],"_humanoidState":8,"_cameraCFrame":[782.522,236.554,46.976,-0.021,-0.802,0.597,0,0.597,0.802,-1,0.017,-0.012],"_shiftlockState":false,"_pose":"Running","_animationQueue":[],"_animationSpeed":1.103,"_zoom":15.4},{"_mousePosition":[916,408],"_rootPartCFrame":[773.197,222.7,47.171,-0.011,0,1,0,1,0,-1,0,-0.011],"_humanoidState":8,"_cameraCFrame":[782.34,236.59,46.957,-0.023,-0.804,0.594,0,0.594,0.805,-1,0.019,-0.014],"_shiftlockState":false,"_pose":"Running","_animationQueue":[],"_animationSpeed":1.103,"_zoom":15.4},{"_mousePosition":[916,408],"_rootPartCFrame":[772.931,222.7,47.176,-0.012,0,1,0,1,0,-1,0,-0.012],"_humanoidState":8,"_cameraCFrame":[781.955,236.643,45.192,-0.026,-0.808,0.589,0,0.589,0.808,-1,0.021,-0.015],"_shiftlockState":true,"_pose":"Running","_animationQueue":[],"_animationSpeed":1.103,"_zoom":15.4},{"_mousePosition":[683,384],"_rootPartCFrame":[772.531,222.7,47.185,-0.026,0,1,0,1,0,-1,0,-0.026],"_humanoidState":8,"_cameraCFrame":[781.555,236.643,45.201,-0.026,-0.808,0.589,0,0.589,0.808,-1,0.021,-0.015],"_shiftlockState":true,"_pose":"Running","_animationQueue":[["walk",0.1]],"_animationSpeed":1.103,"_zoom":15.4},{"_mousePosition":[683,384],"_rootPartCFrame":[772.331,222.7,47.191,-0.026,0,1,0,1,0,-1,0,-0.026],"_humanoidState":8,"_cameraCFrame":[781.331,236.661,45.207,-0.026,-0.809,0.587,0,0.588,0.809,-1,0.021,-0.015],"_shiftlockState":true,"_pose":"Running","_animationQueue":[],"_animationSpeed":1.103,"_zoom":15.4},{"_mousePosition":[683,384],"_rootPartCFrame":[772.064,222.7,47.197,-0.026,0,1,0,1,0,-1,0,-0.026],"_humanoidState":8,"_cameraCFrame":[781.065,236.661,45.214,-0.026,-0.809,0.587,0,0.588,0.809,-1,0.021,-0.015],"_shiftlockState":true,"_pose":"Running","_animationQueue":[],"_animationSpeed":1.103,"_zoom":15.4},{"_mousePosition":[683,384],"_rootPartCFrame":[771.798,222.7,47.204,-0.026,0,1,0,1,0,-1,0,-0.026],"_humanoidState":8,"_cameraCFrame":[780.798,236.661,45.22,-0.026,-0.809,0.587,0,0.588,0.809,-1,0.021,-0.015],"_shiftlockState":true,"_pose":"Running","_animationQueue":[],"_animationSpeed":1.103,"_zoom":15.4},{"_mousePosition":[683,384],"_rootPartCFrame":[771.464,223.783,47.213,-0.026,0,1,0,1,0,-1,0,-0.026],"_humanoidState":3,"_cameraCFrame":[780.465,237.744,45.229,-0.026,-0.809,0.587,0,0.588,0.809,-1,0.021,-0.015],"_shiftlockState":true,"_pose":"Jumping","_animationQueue":[["walk",0.1],["jump",0.1]],"_animationSpeed":1,"_zoom":15.4},{"_mousePosition":[683,384],"_rootPartCFrame":[771.264,224.395,47.218,-0.026,0,1,0,1,0,-1,0,-0.026],"_humanoidState":5,"_cameraCFrame":[780.265,238.356,45.234,-0.026,-0.809,0.587,0,0.588,0.809,-1,0.021,-0.015],"_shiftlockState":true,"_pose":"FreeFall","_animationQueue":[["jump",0.1]],"_animationSpeed":1,"_zoom":15.4},{"_mousePosition":[683,384],"_rootPartCFrame":[770.998,225.162,47.225,-0.026,0,1,0,1,0,-1,0,-0.026],"_humanoidState":5,"_cameraCFrame":[779.974,239.141,45.242,-0.026,-0.81,0.586,0,0.586,0.81,-1,0.021,-0.015],"_shiftlockState":true,"_pose":"FreeFall","_animationQueue":[],"_animationSpeed":1,"_zoom":15.4},{"_mousePosition":[683,384],"_rootPartCFrame":[770.665,226.045,47.234,-0.026,0,1,0,1,0,-1,0,-0.026],"_humanoidState":5,"_cameraCFrame":[779.611,240.041,45.228,-0.028,-0.811,0.584,0,0.584,0.811,-1,0.023,-0.017],"_shiftlockState":true,"_pose":"FreeFall","_animationQueue":[],"_animationSpeed":1,"_zoom":15.4},{"_mousePosition":[683,384],"_rootPartCFrame":[770.465,226.534,47.239,-0.028,0,1,0,1,0,-1,0,-0.028],"_humanoidState":5,"_cameraCFrame":[779.411,240.53,45.234,-0.028,-0.811,0.584,0,0.584,0.811,-1,0.023,-0.017],"_shiftlockState":true,"_pose":"FreeFall","_animationQueue":[],"_animationSpeed":1,"_zoom":15.4},{"_mousePosition":[683,384],"_rootPartCFrame":[770.198,227.138,47.246,-0.028,0,1,0,1,0,-1,0,-0.028],"_humanoidState":5,"_cameraCFrame":[779.145,241.134,45.241,-0.028,-0.811,0.584,0,0.584,0.811,-1,0.023,-0.017],"_shiftlockState":true,"_pose":"FreeFall","_animationQueue":[],"_animationSpeed":1,"_zoom":15.4},{"_mousePosition":[683,384],"_rootPartCFrame":[769.931,227.687,47.254,-0.028,0,1,0,1,0,-1,0,-0.028],"_humanoidState":5,"_cameraCFrame":[778.878,241.684,45.249,-0.028,-0.811,0.584,0,0.584,0.811,-1,0.023,-0.017],"_shiftlockState":true,"_pose":"FreeFall","_animationQueue":[],"_animationSpeed":1,"_zoom":15.4},{"_mousePosition":[683,384],"_rootPartCFrame":[769.665,228.182,47.262,-0.028,0,1,0,1,0,-1,0,-0.028],"_humanoidState":5,"_cameraCFrame":[778.612,242.179,45.256,-0.028,-0.811,0.584,0,0.584,0.811,-1,0.023,-0.017],"_shiftlockState":true,"_pose":"FreeFall","_animationQueue":[],"_animationSpeed":1,"_zoom":15.4},{"_mousePosition":[683,384],"_rootPartCFrame":[769.398,228.623,47.269,-0.028,0,1,0,1,0,-1,0,-0.028],"_humanoidState":5,"_cameraCFrame":[778.321,242.637,45.265,-0.028,-0.812,0.583,0,0.583,0.813,-1,0.023,-0.017],"_shiftlockState":true,"_pose":"FreeFall","_animationQueue":[],"_animationSpeed":1,"_zoom":15.4},{"_mousePosition":[683,384],"_rootPartCFrame":[769.065,229.097,47.279,-0.028,0,1,0,1,0,-1,0,-0.028],"_humanoidState":5,"_cameraCFrame":[777.963,243.128,45.275,-0.028,-0.813,0.581,0,0.581,0.814,-1,0.023,-0.017],"_shiftlockState":true,"_pose":"FreeFall","_animationQueue":[],"_animationSpeed":1,"_zoom":15.4},{"_mousePosition":[683,384],"_rootPartCFrame":[768.865,229.34,47.284,-0.028,0,1,0,1,0,-1,0,-0.028],"_humanoidState":5,"_cameraCFrame":[777.739,243.389,45.281,-0.028,-0.815,0.579,0,0.58,0.815,-1,0.023,-0.016],"_shiftlockState":true,"_pose":"FreeFall","_animationQueue":[],"_animationSpeed":1,"_zoom":15.4},{"_mousePosition":[683,384],"_rootPartCFrame":[768.598,229.617,47.292,-0.028,0,1,0,1,0,-1,0,-0.028],"_humanoidState":5,"_cameraCFrame":[777.447,243.684,45.289,-0.028,-0.816,0.578,0,0.578,0.816,-1,0.023,-0.016],"_shiftlockState":true,"_pose":"FreeFall","_animationQueue":[],"_animationSpeed":1,"_zoom":15.4},{"_mousePosition":[683,384],"_rootPartCFrame":[768.265,229.887,47.301,-0.028,0,1,0,1,0,-1,0,-0.028],"_humanoidState":5,"_cameraCFrame":[777.09,243.971,45.3,-0.028,-0.817,0.576,0,0.576,0.817,-1,0.023,-0.016],"_shiftlockState":true,"_pose":"FreeFall","_animationQueue":[],"_animationSpeed":1,"_zoom":15.4},{"_mousePosition":[683,384],"_rootPartCFrame":[768.065,230.008,47.307,-0.028,0,1,0,1,0,-1,0,-0.028],"_humanoidState":5,"_cameraCFrame":[776.865,244.109,45.306,-0.028,-0.818,0.575,0,0.575,0.818,-1,0.023,-0.016],"_shiftlockState":true,"_pose":"FreeFall","_animationQueue":[],"_animationSpeed":1,"_zoom":15.4},{"_mousePosition":[683,384],"_rootPartCFrame":[767.799,230.122,47.315,-0.028,0,1,0,1,0,-1,0,-0.028],"_humanoidState":5,"_cameraCFrame":[776.574,244.239,45.314,-0.028,-0.819,0.573,0,0.573,0.819,-1,0.023,-0.016],"_shiftlockState":true,"_pose":"FreeFall","_animationQueue":[],"_animationSpeed":1,"_zoom":15.4},{"_mousePosition":[683,384],"_rootPartCFrame":[767.532,230.181,47.322,-0.028,0,1,0,1,0,-1,0,-0.028],"_humanoidState":5,"_cameraCFrame":[776.307,244.298,45.322,-0.028,-0.819,0.573,0,0.573,0.819,-1,0.023,-0.016],"_shiftlockState":true,"_pose":"FreeFall","_animationQueue":[],"_animationSpeed":1,"_zoom":15.4},{"_mousePosition":[683,384],"_rootPartCFrame":[767.265,230.185,47.33,-0.028,0,1,0,1,0,-1,0,-0.028],"_humanoidState":5,"_cameraCFrame":[776.041,244.303,45.329,-0.028,-0.819,0.573,0,0.573,0.819,-1,0.023,-0.016],"_shiftlockState":true,"_pose":"FreeFall","_animationQueue":[["fall",0.3]],"_animationSpeed":1,"_zoom":15.4},{"_mousePosition":[683,384],"_rootPartCFrame":[766.999,230.135,47.337,-0.028,0,1,0,1,0,-1,0,-0.028],"_humanoidState":5,"_cameraCFrame":[775.75,244.27,45.338,-0.028,-0.82,0.571,0,0.572,0.82,-1,0.023,-0.016],"_shiftlockState":true,"_pose":"FreeFall","_animationQueue":[],"_animationSpeed":1,"_zoom":15.4},{"_mousePosition":[683,384],"_rootPartCFrame":[766.666,230.631,47.347,-0.028,0,1,0,1,0,-1,0,-0.028],"_humanoidState":7,"_cameraCFrame":[775.416,244.766,45.347,-0.028,-0.82,0.571,0,0.572,0.82,-1,0.023,-0.016],"_shiftlockState":true,"_pose":"FreeFall","_animationQueue":[["walk",0.1],["fall",0.3],["fall",0.3]],"_animationSpeed":1,"_zoom":15.4},{"_mousePosition":[683,384],"_rootPartCFrame":[766.466,230.91,47.353,-0.028,0,1,0,1,0,-1,0,-0.028],"_humanoidState":7,"_cameraCFrame":[775.192,245.062,45.354,-0.028,-0.821,0.57,0,0.57,0.822,-1,0.023,-0.016],"_shiftlockState":true,"_pose":"FreeFall","_animationQueue":[],"_animationSpeed":1,"_zoom":15.4},{"_mousePosition":[683,384],"_rootPartCFrame":[766.199,231.149,47.36,-0.028,0,1,0,1,0,-1,0,-0.028],"_humanoidState":8,"_cameraCFrame":[774.901,245.318,45.362,-0.028,-0.822,0.568,0,0.569,0.823,-1,0.023,-0.016],"_shiftlockState":true,"_pose":"Running","_animationQueue":[["walk",0.1],["fall",0.3],["walk",0.1]],"_animationSpeed":1.103,"_zoom":15.4},{"_mousePosition":[683,384],"_rootPartCFrame":[765.866,231.31,47.37,-0.028,0,1,0,1,0,-1,0,-0.028],"_humanoidState":8,"_cameraCFrame":[774.567,245.48,45.371,-0.028,-0.822,0.568,0,0.569,0.823,-1,0.023,-0.016],"_shiftlockState":true,"_pose":"Running","_animationQueue":[],"_animationSpeed":1.103,"_zoom":15.4},{"_mousePosition":[683,384],"_rootPartCFrame":[765.666,231.362,47.375,-0.028,0,1,0,1,0,-1,0,-0.028],"_humanoidState":8,"_cameraCFrame":[774.318,245.565,45.378,-0.028,-0.825,0.565,0,0.565,0.825,-1,0.023,-0.016],"_shiftlockState":true,"_pose":"Running","_animationQueue":[["walk",0.1]],"_animationSpeed":1.103,"_zoom":15.4},{"_mousePosition":[683,384],"_rootPartCFrame":[765.399,231.402,47.383,-0.028,0,1,0,1,0,-1,0,-0.028],"_humanoidState":8,"_cameraCFrame":[774.007,245.639,45.409,-0.026,-0.827,0.562,0,0.562,0.827,-1,0.021,-0.015],"_shiftlockState":true,"_pose":"Running","_animationQueue":[],"_animationSpeed":1.103,"_zoom":15.4},{"_mousePosition":[683,384],"_rootPartCFrame":[765.133,231.424,47.39,-0.026,0,1,0,1,0,-1,0,-0.026],"_humanoidState":8,"_cameraCFrame":[773.695,245.694,45.44,-0.023,-0.829,0.559,0,0.559,0.829,-1,0.019,-0.013],"_shiftlockState":true,"_pose":"Running","_animationQueue":[],"_animationSpeed":1.103,"_zoom":15.4},{"_mousePosition":[683,384],"_rootPartCFrame":[764.866,231.435,47.398,-0.023,0,1,0,1,0,-1,0,-0.023],"_humanoidState":8,"_cameraCFrame":[773.359,245.756,45.47,-0.021,-0.832,0.554,0,0.554,0.833,-1,0.017,-0.012],"_shiftlockState":true,"_pose":"Running","_animationQueue":[],"_animationSpeed":1.103,"_zoom":15.4},{"_mousePosition":[683,384],"_rootPartCFrame":[764.599,231.442,47.404,-0.021,0,1,0,1,0,-1,0,-0.021],"_humanoidState":8,"_cameraCFrame":[773.052,245.796,45.52,-0.016,-0.835,0.551,0,0.551,0.835,-1,0.013,-0.009],"_shiftlockState":true,"_pose":"Running","_animationQueue":[],"_animationSpeed":1.103,"_zoom":15.4},{"_mousePosition":[683,384],"_rootPartCFrame":[764.266,231.446,47.411,-0.016,0,1,0,1,0,-1,0,-0.016],"_humanoidState":8,"_cameraCFrame":[772.669,245.833,45.528,-0.016,-0.837,0.547,0,0.547,0.837,-1,0.013,-0.009],"_shiftlockState":true,"_pose":"Running","_animationQueue":[],"_animationSpeed":1.103,"_zoom":15.4},{"_mousePosition":[683,384],"_rootPartCFrame":[764.066,231.447,47.414,-0.016,0,1,0,1,0,-1,0,-0.016],"_humanoidState":8,"_cameraCFrame":[772.423,245.867,45.553,-0.013,-0.839,0.544,0,0.544,0.839,-1,0.011,-0.007],"_shiftlockState":true,"_pose":"Running","_animationQueue":[],"_animationSpeed":1.103,"_zoom":15.4},{"_mousePosition":[683,384],"_rootPartCFrame":[763.8,231.448,47.418,-0.013,0,1,0,1,0,-1,0,-0.013],"_humanoidState":8,"_cameraCFrame":[772.106,245.901,45.558,-0.013,-0.841,0.541,0,0.541,0.841,-1,0.011,-0.007],"_shiftlockState":true,"_pose":"Running","_animationQueue":[["walk",0.1]],"_animationSpeed":1.103,"_zoom":15.4},{"_mousePosition":[683,384],"_rootPartCFrame":[763.533,231.449,47.422,-0.013,0,1,0,1,0,-1,0,-0.013],"_humanoidState":8,"_cameraCFrame":[771.789,245.934,45.562,-0.013,-0.843,0.538,0,0.538,0.843,-1,0.011,-0.007],"_shiftlockState":true,"_pose":"Running","_animationQueue":[],"_animationSpeed":1.103,"_zoom":15.4},{"_mousePosition":[683,384],"_rootPartCFrame":[763.266,231.449,47.426,-0.013,0,1,0,1,0,-1,0,-0.013],"_humanoidState":8,"_cameraCFrame":[771.497,245.95,45.566,-0.013,-0.844,0.536,0,0.536,0.844,-1,0.011,-0.007],"_shiftlockState":true,"_pose":"Running","_animationQueue":[],"_animationSpeed":1.103,"_zoom":15.4},{"_mousePosition":[683,384],"_rootPartCFrame":[763,231.449,47.429,-0.013,0,1,0,1,0,-1,0,-0.013],"_humanoidState":8,"_cameraCFrame":[771.18,245.982,45.571,-0.013,-0.846,0.533,0,0.533,0.846,-1,0.011,-0.007],"_shiftlockState":true,"_pose":"Running","_animationQueue":[],"_animationSpeed":1.103,"_zoom":15.4},{"_mousePosition":[683,384],"_rootPartCFrame":[762.733,231.45,47.433,-0.013,0,1,0,1,0,-1,0,-0.013],"_humanoidState":8,"_cameraCFrame":[770.862,246.014,45.575,-0.013,-0.848,0.529,0,0.529,0.848,-1,0.011,-0.007],"_shiftlockState":true,"_pose":"Running","_animationQueue":[],"_animationSpeed":1.103,"_zoom":15.4},{"_mousePosition":[683,384],"_rootPartCFrame":[762.467,231.45,47.436,-0.013,0,1,0,1,0,-1,0,-0.013],"_humanoidState":8,"_cameraCFrame":[770.57,246.03,45.579,-0.013,-0.849,0.528,0,0.528,0.849,-1,0.011,-0.007],"_shiftlockState":true,"_pose":"Running","_animationQueue":[],"_animationSpeed":1.103,"_zoom":15.4},{"_mousePosition":[683,384],"_rootPartCFrame":[762.2,231.45,47.44,-0.013,0,1,0,1,0,-1,0,-0.013],"_humanoidState":8,"_cameraCFrame":[770.278,246.046,45.582,-0.013,-0.85,0.526,0,0.526,0.85,-1,0.011,-0.007],"_shiftlockState":true,"_pose":"Running","_animationQueue":[["walk",0.1]],"_animationSpeed":1.103,"_zoom":15.4},{"_mousePosition":[683,384],"_rootPartCFrame":[761.933,231.45,47.443,-0.013,0,1,0,1,0,-1,0,-0.013],"_humanoidState":8,"_cameraCFrame":[769.986,246.062,45.586,-0.013,-0.851,0.524,0,0.524,0.851,-1,0.011,-0.007],"_shiftlockState":true,"_pose":"Running","_animationQueue":[],"_animationSpeed":1.103,"_zoom":15.4},{"_mousePosition":[683,384],"_rootPartCFrame":[761.667,231.45,47.447,-0.013,0,1,0,1,0,-1,0,-0.013],"_humanoidState":8,"_cameraCFrame":[769.719,246.062,45.59,-0.013,-0.851,0.524,0,0.524,0.851,-1,0.011,-0.007],"_shiftlockState":true,"_pose":"Running","_animationQueue":[],"_animationSpeed":1.103,"_zoom":15.4},{"_mousePosition":[683,384],"_rootPartCFrame":[761.4,231.45,47.45,-0.013,0,1,0,1,0,-1,0,-0.013],"_humanoidState":8,"_cameraCFrame":[769.427,246.078,45.594,-0.013,-0.852,0.523,0,0.523,0.852,-1,0.011,-0.007],"_shiftlockState":true,"_pose":"Running","_animationQueue":[],"_animationSpeed":1.103,"_zoom":15.4},{"_mousePosition":[683,384],"_rootPartCFrame":[761.134,231.45,47.454,-0.013,0,1,0,1,0,-1,0,-0.013],"_humanoidState":8,"_cameraCFrame":[769.135,246.093,45.598,-0.013,-0.853,0.521,0,0.521,0.853,-1,0.011,-0.007],"_shiftlockState":true,"_pose":"Running","_animationQueue":[],"_animationSpeed":1.103,"_zoom":15.4},{"_mousePosition":[683,384],"_rootPartCFrame":[760.867,231.45,47.458,-0.013,0,1,0,1,0,-1,0,-0.013],"_humanoidState":8,"_cameraCFrame":[768.812,246.124,45.582,-0.016,-0.855,0.518,0,0.518,0.856,-1,0.014,-0.008],"_shiftlockState":true,"_pose":"Running","_animationQueue":[],"_animationSpeed":1.103,"_zoom":15.4},{"_mousePosition":[683,384],"_rootPartCFrame":[760.6,231.45,47.461,-0.016,0,1,0,1,0,-1,0,-0.016],"_humanoidState":8,"_cameraCFrame":[768.515,246.14,45.566,-0.018,-0.856,0.516,0,0.516,0.857,-1,0.016,-0.009],"_shiftlockState":true,"_pose":"Running","_animationQueue":[],"_animationSpeed":1.103,"_zoom":15.4},{"_mousePosition":[683,384],"_rootPartCFrame":[760.334,231.45,47.465,-0.018,0,1,0,1,0,-1,0,-0.018],"_humanoidState":8,"_cameraCFrame":[768.188,246.171,45.531,-0.023,-0.858,0.513,0,0.513,0.859,-1,0.02,-0.012],"_shiftlockState":true,"_pose":"Running","_animationQueue":[["walk",0.1]],"_animationSpeed":1.103,"_zoom":15.4},{"_mousePosition":[683,384],"_rootPartCFrame":[760.067,231.45,47.47,-0.023,0,1,0,1,0,-1,0,-0.023],"_humanoidState":8,"_cameraCFrame":[767.86,246.201,45.498,-0.028,-0.86,0.509,0,0.509,0.861,-1,0.024,-0.014],"_shiftlockState":true,"_pose":"Running","_animationQueue":[],"_animationSpeed":1.103,"_zoom":15.4},{"_mousePosition":[683,384],"_rootPartCFrame":[759.801,231.45,47.476,-0.028,0,1,0,1,0,-1,0,-0.028],"_humanoidState":8,"_cameraCFrame":[767.593,246.201,45.504,-0.028,-0.86,0.509,0,0.509,0.861,-1,0.024,-0.014],"_shiftlockState":true,"_pose":"Running","_animationQueue":[],"_animationSpeed":1.103,"_zoom":15.4},{"_mousePosition":[683,384],"_rootPartCFrame":[759.534,231.45,47.484,-0.028,0,1,0,1,0,-1,0,-0.028],"_humanoidState":8,"_cameraCFrame":[767.331,246.201,45.531,-0.026,-0.86,0.509,0,0.509,0.861,-1,0.022,-0.013],"_shiftlockState":true,"_pose":"Running","_animationQueue":[],"_animationSpeed":1.103,"_zoom":15.4},{"_mousePosition":[683,384],"_rootPartCFrame":[759.267,231.45,47.491,-0.026,0,1,0,1,0,-1,0,-0.026],"_humanoidState":8,"_cameraCFrame":[767.154,246.201,45.935,0.025,-0.86,0.509,0,0.509,0.861,-1,-0.021,0.013],"_shiftlockState":true,"_pose":"Running","_animationQueue":[],"_animationSpeed":1.103,"_zoom":15.4},{"_mousePosition":[683,384],"_rootPartCFrame":[759.001,231.45,47.498,0.025,0,1,0,1,0,-1,0,0.025],"_humanoidState":8,"_cameraCFrame":[767.078,246.171,47.081,0.166,-0.847,0.506,0,0.513,0.859,-0.986,-0.142,0.085],"_shiftlockState":true,"_pose":"Running","_animationQueue":[],"_animationSpeed":1.103,"_zoom":15.4},{"_mousePosition":[683,384],"_rootPartCFrame":[758.734,231.45,47.493,0.174,0,0.985,0,1,0,-0.985,0,0.174],"_humanoidState":8,"_cameraCFrame":[766.789,246.093,49.102,0.4,-0.782,0.478,0,0.521,0.853,-0.916,-0.342,0.209],"_shiftlockState":true,"_pose":"Running","_animationQueue":[],"_animationSpeed":1.103,"_zoom":15.4},{"_mousePosition":[683,384],"_rootPartCFrame":[758.471,231.45,47.452,0.414,0,0.91,0,1,0,-0.91,0,0.414],"_humanoidState":8,"_cameraCFrame":[765.692,245.966,51.77,0.681,-0.619,0.392,0,0.534,0.845,-0.733,-0.575,0.364],"_shiftlockState":true,"_pose":"Running","_animationQueue":[["walk",0.1]],"_animationSpeed":1.103,"_zoom":15.4},{"_mousePosition":[683,384],"_rootPartCFrame":[758.625,231.426,47.33,0.605,0.012,0.796,-0.002,1,-0.013,-0.796,0.006,0.605],"_humanoidState":8,"_cameraCFrame":[764.001,245.747,54.205,0.896,-0.37,0.246,0,0.554,0.833,-0.444,-0.746,0.496],"_shiftlockState":true,"_pose":"Running","_animationQueue":[],"_animationSpeed":1.103,"_zoom":15.4},{"_mousePosition":[683,384],"_rootPartCFrame":[758.678,231.368,47.225,0.875,0.054,0.481,-0.032,0.998,-0.054,-0.483,0.032,0.875],"_humanoidState":3,"_cameraCFrame":[762.187,245.397,55.725,0.982,-0.155,0.111,0,0.581,0.814,-0.191,-0.799,0.571],"_shiftlockState":true,"_pose":"Jumping","_animationQueue":[["walk",0.1],["jump",0.1]],"_animationSpeed":1,"_zoom":15.4},{"_mousePosition":[683,384],"_rootPartCFrame":[758.659,231.297,47.144,0.975,0.045,0.216,-0.036,0.998,-0.047,-0.218,0.038,0.975],"_humanoidState":5,"_cameraCFrame":[761.134,245.023,56.415,0.998,-0.056,0.043,0,0.608,0.794,-0.071,-0.792,0.606],"_shiftlockState":true,"_pose":"FreeFall","_animationQueue":[["jump",0.1]],"_animationSpeed":1,"_zoom":15.4},{"_mousePosition":[683,384],"_rootPartCFrame":[758.648,231.318,46.928,0.997,0.029,0.073,-0.028,1,-0.012,-0.073,0.01,0.997],"_humanoidState":7,"_cameraCFrame":[761.413,244.766,56.431,0.995,-0.078,0.064,0,0.631,0.776,-0.101,-0.772,0.628],"_shiftlockState":true,"_pose":"FreeFall","_animationQueue":[["walk",0.1]],"_animationSpeed":0.461,"_zoom":15.4},{"_mousePosition":[683,384],"_rootPartCFrame":[758.668,231.377,46.829,0.995,0.021,0.095,-0.021,1,-0.003,-0.095,0.001,0.995],"_humanoidState":7,"_cameraCFrame":[763.324,244.556,55.909,0.956,-0.223,0.192,0,0.652,0.758,-0.294,-0.725,0.623],"_shiftlockState":true,"_pose":"FreeFall","_animationQueue":[],"_animationSpeed":0.461,"_zoom":15.4},{"_mousePosition":[683,384],"_rootPartCFrame":[758.689,231.397,46.827,0.955,0.017,0.296,-0.016,1,-0.004,-0.296,-0.001,0.955],"_humanoidState":8,"_cameraCFrame":[766.147,244.278,54.272,0.815,-0.428,0.39,0,0.674,0.739,-0.579,-0.603,0.549],"_shiftlockState":true,"_pose":"Running","_animationQueue":[["walk",0.1],["walk",0.1]],"_animationSpeed":0.076,"_zoom":15.4},{"_mousePosition":[683,384],"_rootPartCFrame":[758.772,232.275,46.824,0.811,0.033,0.584,-0.028,0.999,-0.017,-0.584,-0.002,0.812],"_humanoidState":3,"_cameraCFrame":[769.286,244.785,49.9,0.433,-0.645,0.63,0,0.699,0.715,-0.902,-0.309,0.302],"_shiftlockState":true,"_pose":"Jumping","_animationQueue":[["walk",0.1],["walk",0.1],["jump",0.1]],"_animationSpeed":1,"_zoom":15.4},{"_mousePosition":[683,384],"_rootPartCFrame":[758.821,233.379,46.819,0.425,0.046,0.904,-0.032,0.999,-0.035,-0.905,-0.014,0.426],"_humanoidState":3,"_cameraCFrame":[769.741,245.825,48.416,0.303,-0.677,0.67,0,0.703,0.711,-0.953,-0.216,0.213],"_shiftlockState":true,"_pose":"Jumping","_animationQueue":[],"_animationSpeed":1,"_zoom":15.4},{"_mousePosition":[683,384],"_rootPartCFrame":[758.851,234.042,46.817,0.298,0.054,0.953,-0.033,0.998,-0.046,-0.954,-0.017,0.299],"_humanoidState":3,"_cameraCFrame":[770.01,246.274,45.286,0.022,-0.697,0.717,0,0.717,0.697,-1,-0.015,0.016],"_shiftlockState":true,"_pose":"Jumping","_animationQueue":[],"_animationSpeed":1,"_zoom":15.4},{"_mousePosition":[683,384],"_rootPartCFrame":[758.856,234.892,46.82,0.019,0.027,0.999,-0.016,1,-0.027,-1,-0.015,0.02],"_humanoidState":5,"_cameraCFrame":[769.956,247.017,44.563,-0.044,-0.689,0.723,0,0.724,0.69,-0.999,0.03,-0.032],"_shiftlockState":true,"_pose":"FreeFall","_animationQueue":[["jump",0.1]],"_animationSpeed":1,"_zoom":15.4},{"_mousePosition":[683,384],"_rootPartCFrame":[758.851,235.687,46.824,-0.044,0.007,0.999,-0.004,1,-0.007,-0.999,-0.004,-0.044],"_humanoidState":5,"_cameraCFrame":[769.947,247.747,44.411,-0.059,-0.685,0.727,0,0.728,0.686,-0.998,0.04,-0.043],"_shiftlockState":true,"_pose":"FreeFall","_animationQueue":[],"_animationSpeed":1,"_zoom":15.4},{"_mousePosition":[683,384],"_rootPartCFrame":[758.849,236.427,46.825,-0.059,0,0.998,0,1,0,-0.998,0,-0.059],"_humanoidState":5,"_cameraCFrame":[770.058,248.356,44.412,-0.059,-0.676,0.735,0,0.736,0.677,-0.998,0.04,-0.043],"_shiftlockState":true,"_pose":"FreeFall","_animationQueue":[],"_animationSpeed":1,"_zoom":15.4},{"_mousePosition":[683,384],"_rootPartCFrame":[758.848,237.113,46.825,-0.059,-0.001,0.998,0,1,0.001,-0.998,0,-0.059],"_humanoidState":5,"_cameraCFrame":[770.137,248.954,44.408,-0.059,-0.67,0.74,0,0.741,0.671,-0.998,0.039,-0.044],"_shiftlockState":true,"_pose":"FreeFall","_animationQueue":[],"_animationSpeed":1,"_zoom":15.4},{"_mousePosition":[683,384],"_rootPartCFrame":[758.849,237.894,46.825,-0.059,0,0.998,0,1,0,-0.998,0,-0.059],"_humanoidState":5,"_cameraCFrame":[770.153,249.667,44.203,-0.076,-0.665,0.743,0,0.745,0.667,-0.997,0.051,-0.057],"_shiftlockState":true,"_pose":"FreeFall","_animationQueue":[],"_animationSpeed":1,"_zoom":15.4},{"_mousePosition":[683,384],"_rootPartCFrame":[758.849,238.321,46.825,-0.076,0,0.997,0,1,0,-0.997,0,-0.076],"_humanoidState":5,"_cameraCFrame":[770.145,250.05,44,-0.094,-0.661,0.744,0,0.748,0.664,-0.996,0.063,-0.07],"_shiftlockState":true,"_pose":"FreeFall","_animationQueue":[],"_animationSpeed":1,"_zoom":15.4},{"_mousePosition":[683,384],"_rootPartCFrame":[758.849,238.844,46.825,-0.094,0,0.996,0,1,0,-0.996,0,-0.094],"_humanoidState":5,"_cameraCFrame":[770.131,250.573,43.942,-0.099,-0.661,0.744,0,0.748,0.664,-0.995,0.066,-0.074],"_shiftlockState":true,"_pose":"FreeFall","_animationQueue":[],"_animationSpeed":1,"_zoom":15.4},{"_mousePosition":[683,384],"_rootPartCFrame":[758.85,239.416,46.845,-0.092,0.008,0.996,0,1,-0.008,-0.996,-0.001,-0.092],"_humanoidState":5,"_cameraCFrame":[770.144,251.145,43.961,-0.099,-0.661,0.744,0,0.748,0.664,-0.995,0.066,-0.074],"_shiftlockState":true,"_pose":"FreeFall","_animationQueue":[],"_animationSpeed":1,"_zoom":15.4},{"_mousePosition":[683,384],"_rootPartCFrame":[758.855,239.717,46.872,-0.096,0.007,0.995,0,1,-0.007,-0.995,-0.001,-0.096],"_humanoidState":5,"_cameraCFrame":[770.147,251.446,43.988,-0.099,-0.661,0.744,0,0.748,0.664,-0.995,0.066,-0.074],"_shiftlockState":true,"_pose":"FreeFall","_animationQueue":[],"_animationSpeed":1,"_zoom":15.4},{"_mousePosition":[683,384],"_rootPartCFrame":[758.86,240.07,46.917,-0.096,0.005,0.995,0,1,-0.005,-0.995,-0.001,-0.096],"_humanoidState":5,"_cameraCFrame":[770.15,251.799,44.033,-0.099,-0.661,0.744,0,0.748,0.664,-0.995,0.066,-0.074],"_shiftlockState":true,"_pose":"FreeFall","_animationQueue":[],"_animationSpeed":1,"_zoom":15.4},{"_mousePosition":[683,384],"_rootPartCFrame":[758.866,240.366,46.973,-0.096,0.004,0.995,0,1,-0.004,-0.995,-0.001,-0.096],"_humanoidState":5,"_cameraCFrame":[770.154,252.095,44.089,-0.099,-0.661,0.744,0,0.748,0.664,-0.995,0.066,-0.074],"_shiftlockState":true,"_pose":"FreeFall","_animationQueue":[],"_animationSpeed":1,"_zoom":15.4},{"_mousePosition":[683,384],"_rootPartCFrame":[758.874,240.566,47.008,-0.098,0.001,0.995,0,1,-0.001,-0.995,0,-0.098],"_humanoidState":12,"_cameraCFrame":[770.157,252.295,44.125,-0.099,-0.661,0.744,0,0.748,0.664,-0.995,0.066,-0.074],"_shiftlockState":true,"_pose":"Climbing","_animationQueue":[["walk",0.1],["climb",0.1]],"_animationSpeed":1.377,"_zoom":15.4},{"_mousePosition":[683,384],"_rootPartCFrame":[758.863,240.718,47.029,-0.092,0.003,0.996,-0.001,1,-0.004,-0.996,-0.001,-0.092],"_humanoidState":8,"_cameraCFrame":[770.151,252.447,44.145,-0.099,-0.661,0.744,0,0.748,0.664,-0.995,0.066,-0.074],"_shiftlockState":true,"_pose":"Running","_animationQueue":[["walk",0.1],["climb",0.1],["walk",0.1],["walk",0.1]],"_animationSpeed":0.089,"_zoom":15.4},{"_mousePosition":[683,384],"_rootPartCFrame":[758.842,240.807,47.05,-0.081,0.009,0.997,-0.002,1,-0.01,-0.997,-0.003,-0.081],"_humanoidState":5,"_cameraCFrame":[770.158,252.513,44.161,-0.099,-0.659,0.745,0,0.749,0.663,-0.995,0.066,-0.074],"_shiftlockState":true,"_pose":"FreeFall","_animationQueue":[["walk",0.1]],"_animationSpeed":0.107,"_zoom":15.4},{"_mousePosition":[683,384],"_rootPartCFrame":[758.837,240.975,47.056,-0.089,0.006,0.996,-0.001,1,-0.006,-0.996,-0.002,-0.089],"_humanoidState":12,"_cameraCFrame":[770.181,252.659,44.224,-0.094,-0.658,0.747,0,0.75,0.661,-0.996,0.062,-0.071],"_shiftlockState":true,"_pose":"Climbing","_animationQueue":[["walk",0.1],["climb",0.1]],"_animationSpeed":0.323,"_zoom":15.4},{"_mousePosition":[683,384],"_rootPartCFrame":[758.843,241.208,47.056,-0.092,0,0.996,0,1,0,-0.996,0,-0.092],"_humanoidState":12,"_cameraCFrame":[770.234,252.869,44.369,-0.082,-0.658,0.749,0,0.751,0.66,-0.997,0.054,-0.061],"_shiftlockState":true,"_pose":"Climbing","_animationQueue":[["climb",0.1]],"_animationSpeed":0.919,"_zoom":15.4},{"_mousePosition":[683,384],"_rootPartCFrame":[758.844,241.394,47.056,-0.081,0,0.997,0,1,0,-0.997,0,-0.081],"_humanoidState":12,"_cameraCFrame":[770.273,253.056,44.542,-0.066,-0.658,0.75,0,0.751,0.66,-0.998,0.044,-0.05],"_shiftlockState":true,"_pose":"Climbing","_animationQueue":[],"_animationSpeed":0.919,"_zoom":15.4},{"_mousePosition":[683,384],"_rootPartCFrame":[758.844,241.534,47.056,-0.066,0,0.998,0,1,0,-0.998,0,-0.066],"_humanoidState":12,"_cameraCFrame":[770.322,253.196,44.774,-0.046,-0.659,0.751,0,0.751,0.66,-0.999,0.03,-0.035],"_shiftlockState":true,"_pose":"Climbing","_animationQueue":[],"_animationSpeed":0.919,"_zoom":15.4},{"_mousePosition":[683,384],"_rootPartCFrame":[758.844,241.721,47.056,-0.046,0,0.999,0,1,0,-0.999,0,-0.046],"_humanoidState":12,"_cameraCFrame":[770.377,253.382,45.065,-0.021,-0.66,0.751,0,0.751,0.66,-1,0.014,-0.016],"_shiftlockState":true,"_pose":"Climbing","_animationQueue":[],"_animationSpeed":0.919,"_zoom":15.4},{"_mousePosition":[683,384],"_rootPartCFrame":[758.844,241.908,47.056,-0.021,0,1,0,1,0,-1,0,-0.021],"_humanoidState":12,"_cameraCFrame":[770.428,253.569,45.387,0.007,-0.66,0.751,0,0.751,0.66,-1,-0.005,0.005],"_shiftlockState":true,"_pose":"Climbing","_animationQueue":[],"_animationSpeed":0.919,"_zoom":15.4},{"_mousePosition":[683,384],"_rootPartCFrame":[758.844,242.141,47.056,0.007,0,1,0,1,0,-1,0,0.007],"_humanoidState":12,"_cameraCFrame":[770.459,253.802,45.622,0.027,-0.66,0.751,0,0.751,0.66,-1,-0.018,0.02],"_shiftlockState":true,"_pose":"Climbing","_animationQueue":[],"_animationSpeed":0.919,"_zoom":15.4},{"_mousePosition":[683,384],"_rootPartCFrame":[758.819,242.293,47.056,0.027,0,1,0,1,0,-1,0,0.027],"_humanoidState":8,"_cameraCFrame":[770.448,253.955,45.739,0.037,-0.659,0.751,0,0.751,0.66,-0.999,-0.025,0.028],"_shiftlockState":true,"_pose":"Standing","_animationQueue":[["climb",0.1],["idle",0.1],["idle",0.1]],"_animationSpeed":1,"_zoom":15.4},{"_mousePosition":[683,384],"_rootPartCFrame":[758.786,242.437,47.055,0.012,-0.002,1,0.002,1,0.002,-1,0.002,0.012],"_humanoidState":5,"_cameraCFrame":[770.419,254.099,45.8,0.042,-0.659,0.751,0,0.751,0.66,-0.999,-0.028,0.032],"_shiftlockState":true,"_pose":"FreeFall","_animationQueue":[["walk",0.1],["fall",0.3]],"_animationSpeed":1,"_zoom":15.4},{"_mousePosition":[683,384],"_rootPartCFrame":[758.758,242.46,47.05,0.015,-0.005,1,0.003,1,0.005,-1,0.003,0.015],"_humanoidState":5,"_cameraCFrame":[770.386,254.121,45.797,0.042,-0.659,0.751,0,0.751,0.66,-0.999,-0.028,0.032],"_shiftlockState":true,"_pose":"FreeFall","_animationQueue":[["fall",0.3]],"_animationSpeed":1,"_zoom":15.4},{"_mousePosition":[683,384],"_rootPartCFrame":[758.748,242.449,47.038,0.022,-0.003,1,-0.001,1,0.003,-1,-0.001,0.022],"_humanoidState":5,"_cameraCFrame":[770.379,254.11,45.778,0.042,-0.659,0.751,0,0.751,0.66,-0.999,-0.028,0.032],"_shiftlockState":true,"_pose":"FreeFall","_animationQueue":[],"_animationSpeed":1,"_zoom":15.4},{"_mousePosition":[683,384],"_rootPartCFrame":[758.751,242.448,47.026,0.023,0.001,1,0,1,-0.001,-1,0,0.023],"_humanoidState":5,"_cameraCFrame":[770.389,254.109,45.768,0.042,-0.659,0.751,0,0.751,0.66,-0.999,-0.028,0.032],"_shiftlockState":true,"_pose":"FreeFall","_animationQueue":[],"_animationSpeed":1,"_zoom":15.4},{"_mousePosition":[683,384],"_rootPartCFrame":[758.753,242.448,47.017,0.025,0.001,1,0,1,-0.001,-1,0,0.025],"_humanoidState":5,"_cameraCFrame":[770.39,254.109,45.759,0.042,-0.659,0.751,0,0.751,0.66,-0.999,-0.028,0.032],"_shiftlockState":true,"_pose":"FreeFall","_animationQueue":[],"_animationSpeed":1,"_zoom":15.4},{"_mousePosition":[683,384],"_rootPartCFrame":[758.753,242.448,47.008,0.025,0.001,1,0,1,-0.001,-1,0,0.025],"_humanoidState":5,"_cameraCFrame":[770.39,254.109,45.75,0.042,-0.659,0.751,0,0.751,0.66,-0.999,-0.028,0.032],"_shiftlockState":true,"_pose":"FreeFall","_animationQueue":[],"_animationSpeed":1,"_zoom":15.4},{"_mousePosition":[683,384],"_rootPartCFrame":[758.774,242.444,46.952,0.034,0.004,0.999,-0.002,1,-0.004,-0.999,-0.002,0.034],"_humanoidState":5,"_cameraCFrame":[770.417,254.106,45.691,0.042,-0.659,0.751,0,0.751,0.66,-0.999,-0.028,0.032],"_shiftlockState":true,"_pose":"FreeFall","_animationQueue":[],"_animationSpeed":1,"_zoom":15.4},{"_mousePosition":[683,384],"_rootPartCFrame":[758.808,242.439,46.841,0.036,0.01,0.999,-0.007,1,-0.01,-0.999,-0.006,0.037],"_humanoidState":5,"_cameraCFrame":[770.459,254.1,45.574,0.042,-0.659,0.751,0,0.751,0.66,-0.999,-0.028,0.032],"_shiftlockState":true,"_pose":"FreeFall","_animationQueue":[],"_animationSpeed":1,"_zoom":15.4},{"_mousePosition":[683,384],"_rootPartCFrame":[758.856,242.42,46.68,0.04,0.01,0.999,-0.01,1,-0.01,-0.999,-0.009,0.04],"_humanoidState":5,"_cameraCFrame":[770.507,254.081,45.408,0.042,-0.659,0.751,0,0.751,0.66,-0.999,-0.028,0.032],"_shiftlockState":true,"_pose":"FreeFall","_animationQueue":[["fall",0.3]],"_animationSpeed":1,"_zoom":15.4},{"_mousePosition":[683,384],"_rootPartCFrame":[758.872,242.349,46.535,0.042,0.004,0.999,-0.004,1,-0.004,-0.999,-0.004,0.042],"_humanoidState":5,"_cameraCFrame":[770.493,254.033,45.27,0.042,-0.661,0.749,0,0.75,0.661,-0.999,-0.028,0.032],"_shiftlockState":true,"_pose":"FreeFall","_animationQueue":[],"_animationSpeed":1,"_zoom":15.4},{"_mousePosition":[683,384],"_rootPartCFrame":[758.874,242.495,46.42,0.042,0,0.999,0,1,0,-0.999,0,0.042],"_humanoidState":12,"_cameraCFrame":[770.437,254.224,45.042,0.032,-0.664,0.747,0,0.748,0.664,-0.999,-0.021,0.024],"_shiftlockState":true,"_pose":"Climbing","_animationQueue":[["walk",0.1],["fall",0.3],["climb",0.1]],"_animationSpeed":-0.455,"_zoom":15.4},{"_mousePosition":[683,384],"_rootPartCFrame":[758.843,242.67,46.305,0.032,0,0.999,0,1,0,-0.999,0,0.032],"_humanoidState":8,"_cameraCFrame":[770.279,254.511,44.722,0.015,-0.671,0.741,0,0.741,0.671,-1,-0.01,0.011],"_shiftlockState":true,"_pose":"Running","_animationQueue":[["walk",0.1],["climb",0.1],["walk",0.1],["walk",0.1]],"_animationSpeed":0.415,"_zoom":15.4},{"_mousePosition":[683,384],"_rootPartCFrame":[758.796,242.735,46.246,0.016,0,1,0,1,0,-1,0,0.016],"_humanoidState":5,"_cameraCFrame":[770.032,254.73,44.29,-0.018,-0.681,0.732,0,0.732,0.681,-1,0.012,-0.013],"_shiftlockState":true,"_pose":"FreeFall","_animationQueue":[["walk",0.1],["fall",0.3]],"_animationSpeed":1,"_zoom":15.4},{"_mousePosition":[683,384],"_rootPartCFrame":[758.751,242.764,46.19,-0.002,-0.014,1,-0.004,1,0.014,-1,-0.004,-0.002],"_humanoidState":5,"_cameraCFrame":[769.454,255.084,43.33,-0.102,-0.699,0.708,0,0.712,0.703,-0.995,0.071,-0.072],"_shiftlockState":true,"_pose":"FreeFall","_animationQueue":[],"_animationSpeed":1,"_zoom":15.4},{"_mousePosition":[683,384],"_rootPartCFrame":[758.804,242.739,46.163,-0.087,-0.016,0.996,-0.003,1,0.016,-0.996,-0.002,-0.087],"_humanoidState":5,"_cameraCFrame":[768.997,255.291,42.464,-0.184,-0.705,0.684,0,0.696,0.718,-0.983,0.132,-0.128],"_shiftlockState":true,"_pose":"FreeFall","_animationQueue":[["fall",0.3]],"_animationSpeed":1,"_zoom":15.4},{"_mousePosition":[683,384],"_rootPartCFrame":[758.82,243.248,46.162,-0.144,-0.012,0.99,-0.002,1,0.012,-0.99,-0.001,-0.144],"_humanoidState":7,"_cameraCFrame":[768.445,256.028,41.689,-0.266,-0.706,0.656,0,0.681,0.732,-0.964,0.195,-0.181],"_shiftlockState":true,"_pose":"FreeFall","_animationQueue":[["walk",0.1],["fall",0.3],["fall",0.3]],"_animationSpeed":1,"_zoom":15.4},{"_mousePosition":[683,384],"_rootPartCFrame":[758.581,243.905,46.203,-0.266,0.004,0.964,0.001,1,-0.003,-0.964,0,-0.266],"_humanoidState":7,"_cameraCFrame":[767.649,256.867,41.033,-0.343,-0.699,0.627,0,0.668,0.744,-0.939,0.255,-0.229],"_shiftlockState":true,"_pose":"FreeFall","_animationQueue":[],"_animationSpeed":1,"_zoom":15.4},{"_mousePosition":[683,384],"_rootPartCFrame":[758.322,244.36,46.271,-0.344,0.003,0.939,0.001,1,-0.003,-0.939,0,-0.344],"_humanoidState":8,"_cameraCFrame":[766.713,257.5,40.405,-0.425,-0.684,0.593,0,0.655,0.756,-0.905,0.321,-0.278],"_shiftlockState":true,"_pose":"Running","_animationQueue":[["walk",0.1],["fall",0.3],["walk",0.1]],"_animationSpeed":1.095,"_zoom":15.4},{"_mousePosition":[683,384],"_rootPartCFrame":[758.07,244.631,46.359,-0.425,0,0.905,0,1,0,-0.905,0,-0.425],"_humanoidState":8,"_cameraCFrame":[765.597,257.927,39.694,-0.522,-0.653,0.548,0,0.643,0.766,-0.853,0.4,-0.336],"_shiftlockState":true,"_pose":"Running","_animationQueue":[],"_animationSpeed":1.095,"_zoom":15.4},{"_mousePosition":[683,384],"_rootPartCFrame":[757.828,244.776,46.469,-0.527,0,0.85,0,1,0,-0.85,0,-0.527],"_humanoidState":8,"_cameraCFrame":[764.267,258.168,38.898,-0.636,-0.596,0.49,0,0.635,0.772,-0.772,0.491,-0.404],"_shiftlockState":true,"_pose":"Running","_animationQueue":[],"_animationSpeed":1.095,"_zoom":15.4},{"_mousePosition":[683,384],"_rootPartCFrame":[757.574,244.856,46.465,-0.642,0,0.767,0,1,0,-0.767,0,-0.642],"_humanoidState":8,"_cameraCFrame":[762.706,258.305,38.033,-0.749,-0.514,0.418,0,0.631,0.776,-0.663,0.581,-0.472],"_shiftlockState":true,"_pose":"Running","_animationQueue":[["walk",0.1]],"_animationSpeed":1.095,"_zoom":15.4},{"_mousePosition":[683,384],"_rootPartCFrame":[757.31,244.899,46.435,-0.755,0,0.656,0,1,0,-0.656,0,-0.755],"_humanoidState":8,"_cameraCFrame":[761.15,258.385,37.392,-0.836,-0.427,0.344,0,0.628,0.778,-0.549,0.651,-0.525],"_shiftlockState":true,"_pose":"Running","_animationQueue":[],"_animationSpeed":1.095,"_zoom":15.4},{"_mousePosition":[683,384],"_rootPartCFrame":[757.044,244.922,46.445,-0.841,0,0.541,0,1,0,-0.541,0,-0.841],"_humanoidState":8,"_cameraCFrame":[759.856,258.409,37.031,-0.892,-0.352,0.284,0,0.628,0.778,-0.452,0.694,-0.56],"_shiftlockState":true,"_pose":"Running","_animationQueue":[],"_animationSpeed":1.095,"_zoom":15.4},{"_mousePosition":[683,384],"_rootPartCFrame":[756.751,244.937,46.315,-0.896,0,0.444,0,1,0,-0.444,0,-0.896],"_humanoidState":8,"_cameraCFrame":[758.79,258.48,36.774,-0.925,-0.298,0.237,0,0.623,0.782,-0.381,0.723,-0.576],"_shiftlockState":true,"_pose":"Running","_animationQueue":[],"_animationSpeed":1.095,"_zoom":15.4},{"_mousePosition":[683,384],"_rootPartCFrame":[756.575,244.942,46.221,-0.925,0,0.379,0,1,0,-0.379,0,-0.925],"_humanoidState":8,"_cameraCFrame":[757.992,258.578,36.686,-0.946,-0.255,0.2,0,0.616,0.788,-0.324,0.746,-0.582],"_shiftlockState":true,"_pose":"Running","_animationQueue":[],"_animationSpeed":1.095,"_zoom":15.4},{"_mousePosition":[683,384],"_rootPartCFrame":[756.33,244.946,46.117,-0.946,0,0.324,0,1,0,-0.324,0,-0.946],"_humanoidState":8,"_cameraCFrame":[757.532,258.637,36.622,-0.952,-0.241,0.186,0,0.611,0.792,-0.305,0.754,-0.582],"_shiftlockState":true,"_pose":"Running","_animationQueue":[],"_animationSpeed":1.095,"_zoom":15.4},{"_mousePosition":[683,384],"_rootPartCFrame":[756.07