[{"_mousePosition":[1051,359],"_rootPartCFrame":[776.028,222.95,47.142,0,0,1,0,1,0,-1,0,0],"_humanoidState":8,"_cameraCFrame":[780.5,232.432,46.583,-0.124,-0.864,0.488,0,0.492,0.871,-0.992,0.108,-0.061],"_shiftlockState":false,"_pose":"Standing","_animationQueue":[],"_animationSpeed":1,"_zoom":9.167},{"_mousePosition":[1023,357],"_rootPartCFrame":[775.858,222.865,47.163,-0.012,0,1,0,1,0,-1,0,-0.012],"_humanoidState":8,"_cameraCFrame":[780.33,232.348,46.604,-0.124,-0.864,0.488,0,0.492,0.871,-0.992,0.108,-0.061],"_shiftlockState":false,"_pose":"Standing","_animationQueue":[],"_animationSpeed":1,"_zoom":9.167},{"_mousePosition":[999,356],"_rootPartCFrame":[775.595,222.719,47.196,-0.027,0,1,0,1,0,-1,0,-0.027],"_humanoidState":8,"_cameraCFrame":[780.067,232.202,46.637,-0.124,-0.864,0.488,0,0.492,0.871,-0.992,0.108,-0.061],"_shiftlockState":false,"_pose":"Running","_animationQueue":[["walk",0.1]],"_animationSpeed":1.003,"_zoom":9.167},{"_mousePosition":[981,356],"_rootPartCFrame":[775.33,222.61,47.229,-0.04,0,0.999,0,1,0,-0.999,0,-0.04],"_humanoidState":8,"_cameraCFrame":[779.803,232.093,46.67,-0.124,-0.864,0.488,0,0.492,0.871,-0.992,0.108,-0.061],"_shiftlockState":false,"_pose":"Running","_animationQueue":[["walk",0.1]],"_animationSpeed":1.101,"_zoom":9.167},{"_mousePosition":[967,355],"_rootPartCFrame":[775.066,222.636,47.262,-0.052,0,0.999,0,1,0,-0.999,0,-0.052],"_humanoidState":8,"_cameraCFrame":[779.538,232.118,46.703,-0.124,-0.864,0.488,0,0.492,0.871,-0.992,0.108,-0.061],"_shiftlockState":false,"_pose":"Running","_animationQueue":[["walk",0.1]],"_animationSpeed":1.101,"_zoom":9.167},{"_mousePosition":[958,354],"_rootPartCFrame":[774.801,222.663,47.295,-0.062,0,0.998,0,1,0,-0.998,0,-0.062],"_humanoidState":8,"_cameraCFrame":[779.273,232.145,46.736,-0.124,-0.864,0.488,0,0.492,0.871,-0.992,0.108,-0.061],"_shiftlockState":false,"_pose":"Running","_animationQueue":[],"_animationSpeed":1.101,"_zoom":9.167},{"_mousePosition":[954,354],"_rootPartCFrame":[774.536,222.68,47.328,-0.07,0,0.998,0,1,0,-0.998,0,-0.07],"_humanoidState":8,"_cameraCFrame":[779.009,232.162,46.769,-0.124,-0.864,0.488,0,0.492,0.871,-0.992,0.108,-0.061],"_shiftlockState":false,"_pose":"Running","_animationQueue":[],"_animationSpeed":1.101,"_zoom":9.167},{"_mousePosition":[951,356],"_rootPartCFrame":[774.272,222.689,47.361,-0.077,0,0.997,0,1,0,-0.997,0,-0.077],"_humanoidState":8,"_cameraCFrame":[778.744,232.171,46.802,-0.124,-0.864,0.488,0,0.492,0.871,-0.992,0.108,-0.061],"_shiftlockState":false,"_pose":"Running","_animationQueue":[],"_animationSpeed":1.101,"_zoom":9.167},{"_mousePosition":[951,356],"_rootPartCFrame":[774.007,222.694,47.395,-0.084,0,0.996,0,1,0,-0.996,0,-0.084],"_humanoidState":8,"_cameraCFrame":[778.446,232.194,46.83,-0.126,-0.866,0.484,0,0.488,0.873,-0.992,0.11,-0.062],"_shiftlockState":false,"_pose":"Running","_animationQueue":[],"_animationSpeed":1.101,"_zoom":9.167},{"_mousePosition":[951,356],"_rootPartCFrame":[773.742,222.697,47.428,-0.089,0,0.996,0,1,0,-0.996,0,-0.089],"_humanoidState":8,"_cameraCFrame":[778.123,232.229,46.866,-0.127,-0.869,0.478,0,0.482,0.876,-0.992,0.111,-0.061],"_shiftlockState":false,"_pose":"Running","_animationQueue":[],"_animationSpeed":1.101,"_zoom":9.167},{"_mousePosition":[951,356],"_rootPartCFrame":[773.478,222.698,47.461,-0.094,0,0.996,0,1,0,-0.996,0,-0.094],"_humanoidState":8,"_cameraCFrame":[777.722,232.308,46.962,-0.117,-0.879,0.463,0,0.466,0.885,-0.993,0.103,-0.054],"_shiftlockState":false,"_pose":"Running","_animationQueue":[],"_animationSpeed":1.101,"_zoom":9.167},{"_mousePosition":[951,356],"_rootPartCFrame":[773.213,222.699,47.495,-0.099,0,0.995,0,1,0,-0.995,0,-0.099],"_humanoidState":8,"_cameraCFrame":[777.266,232.413,47.122,-0.092,-0.892,0.442,0,0.444,0.896,-0.996,0.082,-0.041],"_shiftlockState":false,"_pose":"Running","_animationQueue":[["walk",0.1]],"_animationSpeed":1.101,"_zoom":9.167},{"_mousePosition":[951,356],"_rootPartCFrame":[772.949,222.699,47.526,-0.101,0,0.995,0,1,0,-0.995,0,-0.101],"_humanoidState":8,"_cameraCFrame":[776.72,232.553,47.342,-0.049,-0.91,0.411,0,0.412,0.911,-0.999,0.045,-0.02],"_shiftlockState":false,"_pose":"Running","_animationQueue":[],"_animationSpeed":1.101,"_zoom":9.167},{"_mousePosition":[951,356],"_rootPartCFrame":[772.683,222.699,47.551,-0.1,0,0.995,0,1,0,-0.995,0,-0.1],"_humanoidState":8,"_cameraCFrame":[776.174,232.676,47.534,-0.005,-0.925,0.381,0,0.381,0.925,-1,0.005,-0.002],"_shiftlockState":false,"_pose":"Running","_animationQueue":[],"_animationSpeed":1.101,"_zoom":9.167},{"_mousePosition":[951,356],"_rootPartCFrame":[772.417,222.7,47.565,-0.094,0,0.996,0,1,0,-0.996,0,-0.094],"_humanoidState":8,"_cameraCFrame":[775.609,232.792,47.683,0.037,-0.937,0.348,0,0.348,0.937,-0.999,-0.035,0.013],"_shiftlockState":false,"_pose":"Running","_animationQueue":[],"_animationSpeed":1.101,"_zoom":9.167},{"_mousePosition":[951,356],"_rootPartCFrame":[772.15,222.7,47.568,-0.083,0,0.997,0,1,0,-0.997,0,-0.083],"_humanoidState":8,"_cameraCFrame":[775.023,232.902,47.779,0.073,-0.947,0.313,0,0.314,0.949,-0.997,-0.07,0.023],"_shiftlockState":false,"_pose":"Running","_animationQueue":[],"_animationSpeed":1.101,"_zoom":9.167},{"_mousePosition":[951,356],"_rootPartCFrame":[771.884,222.7,47.559,-0.067,0,0.998,0,1,0,-0.998,0,-0.067],"_humanoidState":8,"_cameraCFrame":[774.441,232.999,47.82,0.102,-0.955,0.279,0,0.28,0.96,-0.995,-0.098,0.029],"_shiftlockState":false,"_pose":"Running","_animationQueue":[],"_animationSpeed":1.101,"_zoom":9.167},{"_mousePosition":[951,356],"_rootPartCFrame":[771.618,222.7,47.54,-0.049,0,0.999,0,1,0,-0.999,0,-0.049],"_humanoidState":8,"_cameraCFrame":[773.915,233.07,47.814,0.118,-0.961,0.251,0,0.252,0.968,-0.993,-0.114,0.03],"_shiftlockState":false,"_pose":"Running","_animationQueue":[["walk",0.1]],"_animationSpeed":1.101,"_zoom":9.167},{"_mousePosition":[951,356],"_rootPartCFrame":[771.352,222.7,47.514,-0.029,0,1,0,1,0,-1,0,-0.029],"_humanoidState":8,"_cameraCFrame":[773.383,233.135,47.781,0.131,-0.966,0.222,0,0.223,0.975,-0.991,-0.127,0.029],"_shiftlockState":false,"_pose":"Running","_animationQueue":[],"_animationSpeed":1.101,"_zoom":9.167},{"_mousePosition":[951,356],"_rootPartCFrame":[771.088,222.7,47.482,-0.009,0,1,0,1,0,-1,0,-0.009],"_humanoidState":8,"_cameraCFrame":[772.877,233.187,47.724,0.134,-0.972,0.195,0,0.197,0.98,-0.991,-0.131,0.026],"_shiftlockState":false,"_pose":"Running","_animationQueue":[],"_animationSpeed":1.101,"_zoom":9.167},{"_mousePosition":[951,356],"_rootPartCFrame":[770.824,222.695,47.447,0.01,0,1,0,1,0,-1,0,0.01],"_humanoidState":8,"_cameraCFrame":[772.534,233.198,47.678,0.134,-0.973,0.187,0,0.188,0.982,-0.991,-0.131,0.025],"_shiftlockState":false,"_pose":"Running","_animationQueue":[],"_animationSpeed":1.101,"_zoom":9.167},{"_mousePosition":[951,356],"_rootPartCFrame":[770.559,222.696,47.411,0.027,0,1,0,1,0,-1,0,0.027],"_humanoidState":8,"_cameraCFrame":[772.184,233.216,47.625,0.131,-0.975,0.177,0,0.179,0.984,-0.991,-0.129,0.023],"_shiftlockState":false,"_pose":"Running","_animationQueue":[["walk",0.1]],"_animationSpeed":1.101,"_zoom":9.167},{"_mousePosition":[951,356],"_rootPartCFrame":[770.361,222.677,47.384,0.039,0,0.999,0,1,0,-0.999,0,0.039],"_humanoidState":8,"_cameraCFrame":[771.94,233.205,47.586,0.127,-0.977,0.172,0,0.174,0.985,-0.992,-0.125,0.022],"_shiftlockState":false,"_pose":"Running","_animationQueue":[],"_animationSpeed":1.101,"_zoom":9.167},{"_mousePosition":[951,356],"_rootPartCFrame":[770.097,222.604,47.349,0.056,0,0.998,0,1,0,-0.998,0,0.056],"_humanoidState":8,"_cameraCFrame":[771.677,233.132,47.545,0.123,-0.977,0.172,0,0.174,0.985,-0.992,-0.122,0.021],"_shiftlockState":false,"_pose":"Running","_animationQueue":[],"_animationSpeed":1.101,"_zoom":9.167},{"_mousePosition":[951,356],"_rootPartCFrame":[769.767,222.436,47.304,0.077,0,0.997,0,1,0,-0.997,0,0.077],"_humanoidState":8,"_cameraCFrame":[771.346,232.964,47.502,0.124,-0.977,0.172,0,0.174,0.985,-0.992,-0.123,0.022],"_shiftlockState":false,"_pose":"Running","_animationQueue":[],"_animationSpeed":1.101,"_zoom":9.167},{"_mousePosition":[951,356],"_rootPartCFrame":[769.569,222.294,47.277,0.089,0,0.996,0,1,0,-0.996,0,0.089],"_humanoidState":8,"_cameraCFrame":[771.147,232.822,47.484,0.13,-0.976,0.172,0,0.174,0.985,-0.992,-0.128,0.023],"_shiftlockState":false,"_pose":"Running","_animationQueue":[],"_animationSpeed":1.101,"_zoom":9.167},{"_mousePosition":[951,356],"_rootPartCFrame":[769.239,221.99,47.233,0.109,0,0.994,0,1,0,-0.994,0,0.109],"_humanoidState":8,"_cameraCFrame":[770.815,232.518,47.456,0.14,-0.975,0.172,0,0.174,0.985,-0.99,-0.138,0.024],"_shiftlockState":false,"_pose":"Running","_animationQueue":[],"_animationSpeed":1.101,"_zoom":9.167},{"_mousePosition":[951,356],"_rootPartCFrame":[768.974,222.863,47.197,0.126,0,0.992,0,1,0,-0.992,0,0.126],"_humanoidState":3,"_cameraCFrame":[770.547,233.391,47.441,0.153,-0.973,0.172,0,0.174,0.985,-0.988,-0.151,0.027],"_shiftlockState":false,"_pose":"Jumping","_animationQueue":[["walk",0.1],["walk",0.1],["jump",0.1]],"_animationSpeed":1,"_zoom":9.167},{"_mousePosition":[683,352.5],"_rootPartCFrame":[768.776,223.485,47.169,0.131,0,0.991,0,1,0,-0.991,0,0.131],"_humanoidState":5,"_cameraCFrame":[770.331,234.013,47.511,0.215,-0.962,0.17,0,0.174,0.985,-0.977,-0.211,0.037],"_shiftlockState":false,"_pose":"FreeFall","_animationQueue":[["jump",0.1],["fall",0.3]],"_animationSpeed":1,"_zoom":9.167},{"_mousePosition":[683,352.5],"_rootPartCFrame":[768.515,224.266,47.115,0.141,0,0.99,0,1,0,-0.99,0,0.141],"_humanoidState":5,"_cameraCFrame":[770.073,234.794,47.44,0.204,-0.964,0.17,0,0.174,0.985,-0.979,-0.201,0.035],"_shiftlockState":false,"_pose":"FreeFall","_animationQueue":[],"_animationSpeed":1,"_zoom":9.167},{"_mousePosition":[683,352.5],"_rootPartCFrame":[768.32,224.816,47.071,0.149,0,0.989,0,1,0,-0.989,0,0.149],"_humanoidState":5,"_cameraCFrame":[769.881,235.344,47.381,0.194,-0.966,0.17,0,0.174,0.985,-0.981,-0.191,0.034],"_shiftlockState":false,"_pose":"FreeFall","_animationQueue":[],"_animationSpeed":1,"_zoom":9.167},{"_mousePosition":[683,352.5],"_rootPartCFrame":[767.994,225.665,47.003,0.159,0,0.987,0,1,0,-0.987,0,0.159],"_humanoidState":5,"_cameraCFrame":[769.557,236.193,47.302,0.188,-0.967,0.171,0,0.174,0.985,-0.982,-0.185,0.033],"_shiftlockState":false,"_pose":"FreeFall","_animationQueue":[],"_animationSpeed":1,"_zoom":9.167},{"_mousePosition":[683,352.5],"_rootPartCFrame":[767.798,226.133,46.964,0.163,0,0.987,0,1,0,-0.987,0,0.163],"_humanoidState":5,"_cameraCFrame":[769.363,236.661,47.253,0.182,-0.968,0.171,0,0.174,0.985,-0.983,-0.179,0.032],"_shiftlockState":false,"_pose":"FreeFall","_animationQueue":[],"_animationSpeed":1,"_zoom":9.167},{"_mousePosition":[683,352.5],"_rootPartCFrame":[767.47,226.846,46.901,0.168,0,0.986,0,1,0,-0.986,0,0.168],"_humanoidState":5,"_cameraCFrame":[769.037,237.373,47.184,0.178,-0.969,0.171,0,0.174,0.985,-0.984,-0.175,0.031],"_shiftlockState":false,"_pose":"FreeFall","_animationQueue":[],"_animationSpeed":1,"_zoom":9.167},{"_mousePosition":[683,352.5],"_rootPartCFrame":[767.208,227.354,46.852,0.17,0,0.985,0,1,0,-0.985,0,0.17],"_humanoidState":5,"_cameraCFrame":[768.775,237.882,47.133,0.177,-0.969,0.171,0,0.174,0.985,-0.984,-0.174,0.031],"_shiftlockState":false,"_pose":"FreeFall","_animationQueue":[],"_animationSpeed":1,"_zoom":9.167},{"_mousePosition":[683,352.5],"_rootPartCFrame":[767.011,227.7,46.816,0.171,0,0.985,0,1,0,-0.985,0,0.171],"_humanoidState":5,"_cameraCFrame":[768.579,238.228,47.093,0.174,-0.97,0.171,0,0.174,0.985,-0.985,-0.171,0.03],"_shiftlockState":false,"_pose":"FreeFall","_animationQueue":[["fall",0.3]],"_animationSpeed":1,"_zoom":9.167},{"_mousePosition":[683,352.5],"_rootPartCFrame":[766.683,228.208,46.757,0.172,0,0.985,0,1,0,-0.985,0,0.172],"_humanoidState":5,"_cameraCFrame":[768.251,238.736,47.03,0.172,-0.97,0.171,0,0.174,0.985,-0.985,-0.169,0.03],"_shiftlockState":false,"_pose":"FreeFall","_animationQueue":[],"_animationSpeed":1,"_zoom":9.167},{"_mousePosition":[683,352.5],"_rootPartCFrame":[766.42,228.553,46.711,0.173,0,0.985,0,1,0,-0.985,0,0.173],"_humanoidState":5,"_cameraCFrame":[767.99,239.081,46.976,0.166,-0.971,0.171,0,0.174,0.985,-0.986,-0.164,0.029],"_shiftlockState":false,"_pose":"FreeFall","_animationQueue":[],"_animationSpeed":1,"_zoom":9.167},{"_mousePosition":[683,352.5],"_rootPartCFrame":[766.223,228.776,46.677,0.173,0,0.985,0,1,0,-0.985,0,0.173],"_humanoidState":5,"_cameraCFrame":[767.794,239.304,46.933,0.161,-0.972,0.171,0,0.174,0.985,-0.987,-0.159,0.028],"_shiftlockState":false,"_pose":"FreeFall","_animationQueue":[],"_animationSpeed":1,"_zoom":9.167},{"_mousePosition":[683,352.5],"_rootPartCFrame":[765.895,229.08,46.621,0.172,0,0.985,0,1,0,-0.985,0,0.172],"_humanoidState":5,"_cameraCFrame":[767.467,239.608,46.869,0.156,-0.973,0.172,0,0.174,0.985,-0.988,-0.154,0.027],"_shiftlockState":false,"_pose":"FreeFall","_animationQueue":[],"_animationSpeed":1,"_zoom":9.167},{"_mousePosition":[683,352.5],"_rootPartCFrame":[765.697,229.221,46.589,0.171,0,0.985,0,1,0,-0.985,0,0.171],"_humanoidState":5,"_cameraCFrame":[767.271,239.749,46.83,0.152,-0.973,0.172,0,0.174,0.985,-0.988,-0.15,0.026],"_shiftlockState":false,"_pose":"FreeFall","_animationQueue":[],"_animationSpeed":1,"_zoom":9.167},{"_mousePosition":[683,352.5],"_rootPartCFrame":[765.434,229.362,46.547,0.169,0,0.986,0,1,0,-0.986,0,0.169],"_humanoidState":5,"_cameraCFrame":[767.008,239.89,46.782,0.148,-0.974,0.172,0,0.174,0.985,-0.989,-0.146,0.026],"_shiftlockState":false,"_pose":"FreeFall","_animationQueue":[["fall",0.3]],"_animationSpeed":1,"_zoom":9.167},{"_mousePosition":[683,352.5],"_rootPartCFrame":[765.17,229.448,46.506,0.167,0,0.986,0,1,0,-0.986,0,0.167],"_humanoidState":5,"_cameraCFrame":[766.746,239.976,46.735,0.144,-0.975,0.172,0,0.174,0.985,-0.99,-0.141,0.025],"_shiftlockState":false,"_pose":"FreeFall","_animationQueue":[],"_animationSpeed":1,"_zoom":9.167},{"_mousePosition":[683,352.5],"_rootPartCFrame":[764.907,229.48,46.466,0.165,0,0.986,0,1,0,-0.986,0,0.165],"_humanoidState":5,"_cameraCFrame":[766.483,240.008,46.688,0.139,-0.975,0.172,0,0.174,0.985,-0.99,-0.137,0.024],"_shiftlockState":false,"_pose":"FreeFall","_animationQueue":[],"_animationSpeed":1,"_zoom":9.167},{"_mousePosition":[683,352.5],"_rootPartCFrame":[764.643,229.457,46.428,0.162,0,0.987,0,1,0,-0.987,0,0.162],"_humanoidState":5,"_cameraCFrame":[766.219,239.985,46.647,0.137,-0.975,0.172,0,0.174,0.985,-0.991,-0.135,0.024],"_shiftlockState":false,"_pose":"FreeFall","_animationQueue":[],"_animationSpeed":1,"_zoom":9.167},{"_mousePosition":[683,352.5],"_rootPartCFrame":[764.379,229.38,46.391,0.159,0,0.987,0,1,0,-0.987,0,0.159],"_humanoidState":5,"_cameraCFrame":[765.956,239.908,46.604,0.134,-0.976,0.172,0,0.174,0.985,-0.991,-0.132,0.023],"_shiftlockState":false,"_pose":"FreeFall","_animationQueue":[],"_animationSpeed":1,"_zoom":9.167},{"_mousePosition":[683,352.5],"_rootPartCFrame":[764.048,229.207,46.345,0.155,0,0.988,0,1,0,-0.988,0,0.155],"_humanoidState":5,"_cameraCFrame":[765.626,239.735,46.555,0.132,-0.976,0.172,0,0.174,0.985,-0.991,-0.13,0.023],"_shiftlockState":false,"_pose":"FreeFall","_animationQueue":[],"_animationSpeed":1,"_zoom":9.167},{"_mousePosition":[683,352.5],"_rootPartCFrame":[763.85,229.062,46.318,0.153,0,0.988,0,1,0,-0.988,0,0.153],"_humanoidState":5,"_cameraCFrame":[765.429,239.59,46.523,0.129,-0.977,0.172,0,0.174,0.985,-0.992,-0.127,0.022],"_shiftlockState":false,"_pose":"FreeFall","_animationQueue":[],"_animationSpeed":1,"_zoom":9.167},{"_mousePosition":[683,352.5],"_rootPartCFrame":[763.586,228.821,46.282,0.15,0,0.989,0,1,0,-0.989,0,0.15],"_humanoidState":5,"_cameraCFrame":[765.165,239.349,46.485,0.127,-0.977,0.172,0,0.174,0.985,-0.992,-0.125,0.022],"_shiftlockState":false,"_pose":"FreeFall","_animationQueue":[["fall",0.3]],"_animationSpeed":1,"_zoom":9.167},{"_mousePosition":[683,352.5],"_rootPartCFrame":[763.322,228.526,46.248,0.148,0,0.989,0,1,0,-0.989,0,0.148],"_humanoidState":5,"_cameraCFrame":[764.901,239.054,46.448,0.126,-0.977,0.172,0,0.174,0.985,-0.992,-0.124,0.022],"_shiftlockState":false,"_pose":"FreeFall","_animationQueue":[],"_animationSpeed":1,"_zoom":9.167},{"_mousePosition":[683,352.5],"_rootPartCFrame":[763.057,228.176,46.214,0.145,0,0.989,0,1,0,-0.989,0,0.145],"_humanoidState":5,"_cameraCFrame":[764.637,238.704,46.411,0.124,-0.977,0.172,0,0.174,0.985,-0.992,-0.122,0.022],"_shiftlockState":false,"_pose":"FreeFall","_animationQueue":[],"_animationSpeed":1,"_zoom":9.167},{"_mousePosition":[683,352.5],"_rootPartCFrame":[762.792,227.772,46.18,0.142,0,0.99,0,1,0,-0.99,0,0.142],"_humanoidState":5,"_cameraCFrame":[764.586,238.3,44.637,0.122,-0.977,0.172,0,0.174,0.985,-0.993,-0.12,0.021],"_shiftlockState":true,"_pose":"FreeFall","_animationQueue":[],"_animationSpeed":1,"_zoom":9.167},{"_mousePosition":[683,352.5],"_rootPartCFrame":[762.462,227.19,46.139,0.121,0,0.993,0,1,0,-0.993,0,0.121],"_humanoidState":5,"_cameraCFrame":[764.255,237.718,44.596,0.122,-0.977,0.172,0,0.174,0.985,-0.993,-0.12,0.021],"_shiftlockState":true,"_pose":"FreeFall","_animationQueue":[],"_animationSpeed":1,"_zoom":9.167},{"_mousePosition":[683,352.5],"_rootPartCFrame":[762.263,226.8,46.114,0.122,0,0.993,0,1,0,-0.993,0,0.122],"_humanoidState":5,"_cameraCFrame":[764.048,237.328,44.562,0.117,-0.978,0.172,0,0.174,0.985,-0.993,-0.115,0.02],"_shiftlockState":true,"_pose":"FreeFall","_animationQueue":[],"_animationSpeed":1,"_zoom":9.167},{"_mousePosition":[683,352.5],"_rootPartCFrame":[761.999,226.233,46.082,0.117,0,0.993,0,1,0,-0.993,0,0.117],"_humanoidState":5,"_cameraCFrame":[763.782,236.76,44.528,0.116,-0.978,0.172,0,0.174,0.985,-0.993,-0.114,0.02],"_shiftlockState":true,"_pose":"FreeFall","_animationQueue":[["fall",0.3]],"_animationSpeed":1,"_zoom":9.167},{"_mousePosition":[683,352.5],"_rootPartCFrame":[761.758,225.61,46.053,0.116,0,0.993,0,1,0,-0.993,0,0.116],"_humanoidState":5,"_cameraCFrame":[763.542,236.138,44.498,0.116,-0.978,0.172,0,0.174,0.985,-0.993,-0.114,0.02],"_shiftlockState":true,"_pose":"FreeFall","_animationQueue":[],"_animationSpeed":1,"_zoom":9.167},{"_mousePosition":[683,352.5],"_rootPartCFrame":[761.558,224.934,46.028,-0.055,0,0.998,0,1,0,-0.998,0,-0.055],"_humanoidState":5,"_cameraCFrame":[763.067,235.462,44.206,-0.046,-0.984,0.173,0,0.174,0.985,-0.999,0.046,-0.008],"_shiftlockState":true,"_pose":"FreeFall","_animationQueue":[["fall",0.3]],"_animationSpeed":1,"_zoom":9.167},{"_mousePosition":[683,352.5],"_rootPartCFrame":[761.386,224.203,45.985,0.026,0,1,0,1,0,-1,0,0.026],"_humanoidState":7,"_cameraCFrame":[763.022,234.731,44.277,0.026,-0.984,0.174,0,0.174,0.985,-1,-0.025,0.004],"_shiftlockState":true,"_pose":"FreeFall","_animationQueue":[["walk",0.1],["fall",0.3],["fall",0.3]],"_animationSpeed":1,"_zoom":9.167},{"_mousePosition":[683,352.5],"_rootPartCFrame":[761.301,223.469,45.768,0.064,0,0.998,0,1,0,-0.998,0,0.064],"_humanoidState":7,"_cameraCFrame":[762.932,233.997,44.054,0.023,-0.985,0.174,0,0.174,0.985,-1,-0.022,0.004],"_shiftlockState":true,"_pose":"FreeFall","_animationQueue":[],"_animationSpeed":1,"_zoom":9.167},{"_mousePosition":[683,352.5],"_rootPartCFrame":[761.306,223.503,45.504,0.025,0,1,0,1,0,-1,0,0.025],"_humanoidState":8,"_cameraCFrame":[762.934,234.03,43.78,0.016,-0.985,0.174,0,0.174,0.985,-1,-0.016,0.003],"_shiftlockState":true,"_pose":"Running","_animationQueue":[["walk",0.1],["fall",0.3],["walk",0.1]],"_animationSpeed":1.025,"_zoom":9.167},{"_mousePosition":[683,352.5],"_rootPartCFrame":[761.312,223.582,45.237,0.016,0,1,0,1,0,-1,0,0.016],"_humanoidState":8,"_cameraCFrame":[762.929,234.107,43.497,0.006,-0.985,0.175,0,0.175,0.985,-1,-0.006,0.001],"_shiftlockState":true,"_pose":"Running","_animationQueue":[["walk",0.1]],"_animationSpeed":1.102,"_zoom":9.167},{"_mousePosition":[683,352.5],"_rootPartCFrame":[761.318,223.643,44.904,0.006,0,1,0,1,0,-1,0,0.006],"_humanoidState":8,"_cameraCFrame":[762.922,234.167,43.145,-0.006,-0.984,0.176,0,0.176,0.984,-1,0.006,-0.001],"_shiftlockState":true,"_pose":"Running","_animationQueue":[["walk",0.1]],"_animationSpeed":1.102,"_zoom":9.167},{"_mousePosition":[683,352.5],"_rootPartCFrame":[761.32,223.668,44.637,-0.006,0,1,0,1,0,-1,0,-0.006],"_humanoidState":8,"_cameraCFrame":[762.905,234.191,42.855,-0.02,-0.984,0.177,0,0.177,0.984,-1,0.02,-0.004],"_shiftlockState":true,"_pose":"Running","_animationQueue":[],"_animationSpeed":1.102,"_zoom":9.167},{"_mousePosition":[683,352.5],"_rootPartCFrame":[761.321,223.663,44.437,-0.02,0,1,0,1,0,-1,0,-0.02],"_humanoidState":8,"_cameraCFrame":[762.867,234.187,42.627,-0.038,-0.984,0.176,0,0.176,0.984,-0.999,0.038,-0.007],"_shiftlockState":true,"_pose":"Running","_animationQueue":[],"_animationSpeed":1.102,"_zoom":9.167},{"_mousePosition":[683,352.5],"_rootPartCFrame":[761.323,223.586,44.104,-0.038,0,0.999,0,1,0,-0.999,0,-0.038],"_humanoidState":8,"_cameraCFrame":[762.824,234.112,42.269,-0.055,-0.983,0.174,0,0.174,0.985,-0.998,0.054,-0.01],"_shiftlockState":true,"_pose":"Running","_animationQueue":[],"_animationSpeed":1.102,"_zoom":9.167},{"_mousePosition":[683,352.5],"_rootPartCFrame":[761.324,223.499,43.904,-0.055,0,0.998,0,1,0,-0.998,0,-0.055],"_humanoidState":8,"_cameraCFrame":[762.785,234.027,42.043,-0.073,-0.982,0.173,0,0.174,0.985,-0.997,0.072,-0.013],"_shiftlockState":true,"_pose":"Running","_animationQueue":[],"_animationSpeed":1.102,"_zoom":9.167},{"_mousePosition":[683,352.5],"_rootPartCFrame":[761.326,223.335,43.637,-0.073,0,0.997,0,1,0,-0.997,0,-0.073],"_humanoidState":8,"_cameraCFrame":[762.755,233.863,41.752,-0.089,-0.981,0.173,0,0.174,0.985,-0.996,0.088,-0.016],"_shiftlockState":true,"_pose":"Running","_animationQueue":[],"_animationSpeed":1.102,"_zoom":9.167},{"_mousePosition":[683,352.5],"_rootPartCFrame":[761.327,223.054,43.304,-0.089,0,0.996,0,1,0,-0.996,0,-0.089],"_humanoidState":8,"_cameraCFrame":[762.727,233.581,41.396,-0.105,-0.979,0.173,0,0.174,0.985,-0.994,0.103,-0.018],"_shiftlockState":true,"_pose":"Running","_animationQueue":[["walk",0.1]],"_animationSpeed":1.102,"_zoom":9.167},{"_mousePosition":[683,352.5],"_rootPartCFrame":[761.329,224.005,43.037,-0.105,0,0.994,0,1,0,-0.994,0,-0.105],"_humanoidState":3,"_cameraCFrame":[762.7,234.533,41.109,-0.12,-0.978,0.172,0,0.174,0.985,-0.993,0.118,-0.021],"_shiftlockState":true,"_pose":"Jumping","_animationQueue":[["walk",0.1],["jump",0.1]],"_animationSpeed":1,"_zoom":9.167},{"_mousePosition":[683,352.5],"_rootPartCFrame":[761.316,224.683,42.838,-0.057,0,0.998,0,1,0,-0.998,0,-0.057],"_humanoidState":5,"_cameraCFrame":[762.657,235.208,40.877,-0.142,-0.975,0.173,0,0.175,0.985,-0.99,0.14,-0.025],"_shiftlockState":true,"_pose":"FreeFall","_animationQueue":[["jump",0.1]],"_animationSpeed":1,"_zoom":9.167},{"_mousePosition":[683,352.5],"_rootPartCFrame":[761.285,225.539,42.573,-0.018,0,1,0,1,0,-1,0,-0.018],"_humanoidState":5,"_cameraCFrame":[762.603,236.058,40.573,-0.168,-0.97,0.176,0,0.178,0.984,-0.986,0.166,-0.03],"_shiftlockState":true,"_pose":"FreeFall","_animationQueue":[],"_animationSpeed":1,"_zoom":9.167},{"_mousePosition":[683,352.5],"_rootPartCFrame":[761.248,226.34,42.309,-0.037,0,0.999,0,1,0,-0.999,0,-0.037],"_humanoidState":5,"_cameraCFrame":[762.531,236.849,40.239,-0.212,-0.96,0.181,0,0.185,0.983,-0.977,0.209,-0.039],"_shiftlockState":true,"_pose":"FreeFall","_animationQueue":[],"_animationSpeed":1,"_zoom":9.167},{"_mousePosition":[683,352.5],"_rootPartCFrame":[761.204,227.087,42.046,-0.081,0,0.997,0,1,0,-0.997,0,-0.081],"_humanoidState":5,"_cameraCFrame":[762.411,237.585,39.884,-0.273,-0.944,0.184,0,0.191,0.982,-0.962,0.268,-0.052],"_shiftlockState":true,"_pose":"FreeFall","_animationQueue":[],"_animationSpeed":1,"_zoom":9.167},{"_mousePosition":[683,352.5],"_rootPartCFrame":[761.149,227.779,41.785,-0.143,0,0.99,0,1,0,-0.99,0,-0.143],"_humanoidState":5,"_cameraCFrame":[762.268,238.269,39.541,-0.329,-0.926,0.185,0,0.196,0.981,-0.944,0.323,-0.064],"_shiftlockState":true,"_pose":"FreeFall","_animationQueue":[],"_animationSpeed":1,"_zoom":9.167},{"_mousePosition":[683,352.5],"_rootPartCFrame":[761.079,228.417,41.528,-0.201,0,0.98,0,1,0,-0.98,0,-0.201],"_humanoidState":5,"_cameraCFrame":[762.056,238.902,39.202,-0.396,-0.9,0.182,0,0.198,0.98,-0.918,0.388,-0.078],"_shiftlockState":true,"_pose":"FreeFall","_animationQueue":[],"_animationSpeed":1,"_zoom":9.167},{"_mousePosition":[683,352.5],"_rootPartCFrame":[760.994,229,41.275,-0.27,0,0.963,0,1,0,-0.963,0,-0.27],"_humanoidState":5,"_cameraCFrame":[761.816,239.484,38.885,-0.457,-0.872,0.177,0,0.199,0.98,-0.889,0.448,-0.091],"_shiftlockState":true,"_pose":"FreeFall","_animationQueue":[],"_animationSpeed":1,"_zoom":9.167},{"_mousePosition":[683,352.5],"_rootPartCFrame":[760.892,229.529,41.029,-0.335,0,0.942,0,1,0,-0.942,0,-0.335],"_humanoidState":5,"_cameraCFrame":[761.547,240.008,38.571,-0.524,-0.834,0.172,0,0.201,0.98,-0.852,0.513,-0.105],"_shiftlockState":true,"_pose":"FreeFall","_animationQueue":[],"_animationSpeed":1,"_zoom":9.167},{"_mousePosition":[683,352.5],"_rootPartCFrame":[760.773,230.003,40.79,-0.406,0,0.914,0,1,0,-0.914,0,-0.406],"_humanoidState":5,"_cameraCFrame":[761.242,240.468,38.237,-0.605,-0.779,0.167,0,0.209,0.978,-0.796,0.592,-0.127],"_shiftlockState":true,"_pose":"FreeFall","_animationQueue":[],"_animationSpeed":1,"_zoom":9.167},{"_mousePosition":[683,352.5],"_rootPartCFrame":[760.602,230.52,40.504,-0.465,0,0.886,0,1,0,-0.886,0,-0.465],"_humanoidState":5,"_cameraCFrame":[760.85,240.963,37.849,-0.69,-0.706,0.159,0,0.219,0.976,-0.724,0.673,-0.151],"_shiftlockState":true,"_pose":"FreeFall","_animationQueue":[],"_animationSpeed":1,"_zoom":9.167},{"_mousePosition":[683,352.5],"_rootPartCFrame":[760.486,230.789,40.342,-0.615,0,0.789,0,1,0,-0.789,0,-0.615],"_humanoidState":5,"_cameraCFrame":[760.472,241.222,37.642,-0.765,-0.628,0.144,0,0.224,0.975,-0.644,0.745,-0.171],"_shiftlockState":true,"_pose":"FreeFall","_animationQueue":[],"_animationSpeed":1,"_zoom":9.167},{"_mousePosition":[683,352.5],"_rootPartCFrame":[760.31,231.1,40.142,-0.672,0,0.74,0,1,0,-0.74,0,-0.672],"_humanoidState":5,"_cameraCFrame":[760.008,241.541,37.487,-0.825,-0.551,0.125,0,0.22,0.975,-0.565,0.805,-0.182],"_shiftlockState":true,"_pose":"FreeFall","_animationQueue":[],"_animationSpeed":1,"_zoom":9.167},{"_mousePosition":[683,352.5],"_rootPartCFrame":[760.113,231.356,39.963,-0.743,0,0.67,0,1,0,-0.67,0,-0.743],"_humanoidState":5,"_cameraCFrame":[759.536,241.817,37.421,-0.871,-0.48,0.103,0,0.211,0.978,-0.491,0.852,-0.184],"_shiftlockState":true,"_pose":"FreeFall","_animationQueue":[],"_animationSpeed":1,"_zoom":9.167},{"_mousePosition":[683,352.5],"_rootPartCFrame":[759.897,231.558,39.807,-0.799,0,0.602,0,1,0,-0.602,0,-0.799],"_humanoidState":5,"_cameraCFrame":[759.153,242.022,37.319,-0.901,-0.424,0.091,0,0.209,0.978,-0.434,0.881,-0.189],"_shiftlockState":true,"_pose":"FreeFall","_animationQueue":[],"_animationSpeed":1,"_zoom":9.167},{"_mousePosition":[683,352.5],"_rootPartCFrame":[759.668,231.705,39.671,-0.835,0,0.55,0,1,0,-0.55,0,-0.835],"_humanoidState":5,"_cameraCFrame":[760.413,242.158,37.849,-0.926,-0.37,0.081,0,0.215,0.977,-0.378,0.904,-0.199],"_shiftlockState":false,"_pose":"FreeFall","_animationQueue":[],"_animationSpeed":1,"_zoom":9.167},{"_mousePosition":[683,352.5],"_rootPartCFrame":[759.369,231.813,39.524,-0.733,0,0.681,0,1,0,-0.681,0,-0.733],"_humanoidState":5,"_cameraCFrame":[760.114,242.266,37.701,-0.926,-0.37,0.081,0,0.215,0.977,-0.378,0.904,-0.199],"_shiftlockState":false,"_pose":"FreeFall","_animationQueue":[],"_animationSpeed":1,"_zoom":9.167},{"_mousePosition":[683,352.5],"_rootPartCFrame":[759.185,231.836,39.446,-0.661,0,0.75,0,1,0,-0.75,0,-0.661],"_humanoidState":5,"_cameraCFrame":[759.892,242.285,37.585,-0.935,-0.347,0.077,0,0.217,0.976,-0.355,0.913,-0.203],"_shiftlockState":false,"_pose":"FreeFall","_animationQueue":[],"_animationSpeed":1,"_zoom":9.167},{"_mousePosition":[683,352.5],"_rootPartCFrame":[759.045,231.82,39.261,-0.627,0,0.779,0,1,0,-0.779,0,-0.627],"_humanoidState":5,"_cameraCFrame":[759.731,242.265,37.378,-0.94,-0.334,0.075,0,0.219,0.976,-0.342,0.917,-0.206],"_shiftlockState":false,"_pose":"FreeFall","_animationQueue":[],"_animationSpeed":1,"_zoom":9.167},{"_mousePosition":[683,352.5],"_rootPartCFrame":[758.896,231.748,39.084,-0.534,0,0.846,0,1,0,-0.846,0,-0.534],"_humanoidState":5,"_cameraCFrame":[759.579,242.194,37.199,-0.94,-0.332,0.074,0,0.219,0.976,-0.34,0.918,-0.206],"_shiftlockState":false,"_pose":"FreeFall","_animationQueue":[],"_animationSpeed":1,"_zoom":9.167},{"_mousePosition":[683,352.5],"_rootPartCFrame":[758.717,231.623,38.932,-0.426,0,0.905,0,1,0,-0.905,0,-0.426],"_humanoidState":5,"_cameraCFrame":[759.399,242.068,37.047,-0.94,-0.332,0.074,0,0.219,0.976,-0.34,0.918,-0.206],"_shiftlockState":false,"_pose":"FreeFall","_animationQueue":[["fall",0.3]],"_animationSpeed":1,"_zoom":9.167},{"_mousePosition":[683,352.5],"_rootPartCFrame":[758.507,231.442,38.806,-0.324,0,0.946,0,1,0,-0.946,0,-0.324],"_humanoidState":5,"_cameraCFrame":[759.192,241.886,36.914,-0.94,-0.332,0.075,0,0.219,0.976,-0.34,0.917,-0.206],"_shiftlockState":false,"_pose":"FreeFall","_animationQueue":[],"_animationSpeed":1,"_zoom":9.167},{"_mousePosition":[683,352.5],"_rootPartCFrame":[758.268,231.208,38.706,-0.232,0,0.973,0,1,0,-0.973,0,-0.232],"_humanoidState":5,"_cameraCFrame":[758.953,241.651,36.814,-0.94,-0.332,0.075,0,0.219,0.976,-0.34,0.917,-0.206],"_shiftlockState":false,"_pose":"FreeFall","_animationQueue":[],"_animationSpeed":1,"_zoom":9.167},{"_mousePosition":[683,352.5],"_rootPartCFrame":[758.018,230.918,38.615,-0.152,0,0.988,0,1,0,-0.988,0,-0.152],"_humanoidState":5,"_cameraCFrame":[758.703,241.362,36.722,-0.94,-0.332,0.075,0,0.219,0.976,-0.34,0.917,-0.206],"_shiftlockState":false,"_pose":"FreeFall","_animationQueue":[],"_animationSpeed":1,"_zoom":9.167},{"_mousePosition":[683,352.5],"_rootPartCFrame":[757.767,230.575,38.524,-0.082,0,0.997,0,1,0,-0.997,0,-0.082],"_humanoidState":5,"_cameraCFrame":[758.452,241.018,36.632,-0.94,-0.332,0.075,0,0.219,0.976,-0.34,0.917,-0.206],"_shiftlockState":false,"_pose":"FreeFall","_animationQueue":[],"_animationSpeed":1,"_zoom":9.167},{"_mousePosition":[683,352.5],"_rootPartCFrame":[757.516,230.176,38.433,-0.021,0,1,0,1,0,-1,0,-0.021],"_humanoidState":5,"_cameraCFrame":[758.201,240.62,36.541,-0.94,-0.332,0.075,0,0.219,0.976,-0.34,0.917,-0.206],"_shiftlockState":false,"_pose":"FreeFall","_animationQueue":[],"_animationSpeed":1,"_zoom":9.167},{"_mousePosition":[674,335],"_rootPartCFrame":[757.266,229.724,38.342,0.031,0,1,0,1,0,-1,0,0.031],"_humanoidState":5,"_cameraCFrame":[758.555,235.993,30.62,-0.986,-0.086,0.141,0,0.854,0.52,-0.165,0.513,-0.842],"_shiftlockState":false,"_pose":"FreeFall","_animationQueue":[["fall",0.3]],"_animationSpeed":1,"_zoom":9.167},{"_mousePosition":[674,335],"_rootPartCFrame":[757.009,229.217,38.275,0.059,0,0.998,0,1,0,-0.998,0,0.059],"_humanoidState":5,"_cameraCFrame":[758.298,235.486,30.554,-0.986,-0.086,0.141,0,0.854,0.52,-0.165,0.513,-0.842],"_shiftlockState":false,"_pose":"FreeFall","_animationQueue":[],"_animationSpeed":1,"_zoom":9.167},{"_mousePosition":[674,335],"_rootPartCFrame":[756.746,228.655,38.23,0.075,0,0.997,0,1,0,-0.997,0,0.075],"_humanoidState":5,"_cameraCFrame":[758.036,234.924,30.508,-0.986,-0.086,0.141,0,0.854,0.52,-0.165,0.513,-0.842],"_shiftlockState":false,"_pose":"FreeFall","_animationQueue":[],"_animationSpeed":1,"_zoom":9.167},{"_mousePosition":[674,335],"_rootPartCFrame":[756.483,228.039,38.186,0.088,0,0.996,0,1,0,-0.996,0,0.088],"_humanoidState":5,"_cameraCFrame":[757.773,234.308,30.464,-0.986,-0.086,0.141,0,0.854,0.52,-0.165,0.513,-0.842],"_shiftlockState":false,"_pose":"FreeFall","_animationQueue":[["fall",0.3]],"_animationSpeed":1,"_zoom":9.167},{"_mousePosition":[674,335],"_rootPartCFrame":[756.22,227.368,38.142,0.099,0,0.995,0,1,0,-0.995,0,0.099],"_humanoidState":5,"_cameraCFrame":[757.51,233.637,30.421,-0.986,-0.086,0.141,0,0.854,0.52,-0.165,0.513,-0.842],"_shiftlockState":false,"_pose":"FreeFall","_animationQueue":[],"_animationSpeed":1,"_zoom":9.167},{"_mousePosition":[674,335],"_rootPartCFrame":[755.957,226.643,38.098,0.108,0,0.994,0,1,0,-0.994,0,0.108],"_humanoidState":5,"_cameraCFrame":[757.247,232.912,30.377,-0.986,-0.086,0.141,0,0.854,0.52,-0.165,0.513,-0.842],"_shiftlockState":false,"_pose":"FreeFall","_animationQueue":[],"_animationSpeed":1,"_zoom":9.167},{"_mousePosition":[674,335],"_rootPartCFrame":[755.795,225.884,38.064,0.07,0.002,0.998,-0.005,1,-0.001,-0.998,-0.005,0.07],"_humanoidState":5,"_cameraCFrame":[755.361,232.154,30.047,-0.986,-0.086,0.141,0,0.854,0.52,-0.165,0.513,-0.842],"_shiftlockState":true,"_pose":"FreeFall","_animationQueue":[],"_animationSpeed":1,"_zoom":9.167},{"_mousePosition":[683,352.5],"_rootPartCFrame":[756.25,225.754,38.032,-0.997,0.007,0.078,0.007,1,-0.002,-0.078,-0.002,-0.997],"_humanoidState":7,"_cameraCFrame":[755.824,232.023,30.02,-0.986,-0.086,0.141,0,0.854,0.52,-0.165,0.513,-0.842],"_shiftlockState":true,"_pose":"FreeFall","_animationQueue":[["walk",0.1],["fall",0.3],["fall",0.3]],"_animationSpeed":1,"_zoom":9.167},{"_mousePosition":[683,352.5],"_rootPartCFrame":[756.225,225.741,37.982,-0.998,0.011,0.068,0.011,1,-0.005,-0.068,-0.005,-0.998],"_humanoidState":7,"_cameraCFrame":[755.78,232.011,29.966,-0.987,-0.084,0.138,0,0.854,0.52,-0.162,0.513,-0.843],"_shiftlockState":true,"_pose":"FreeFall","_animationQueue":[],"_animationSpeed":1,"_zoom":9.167},{"_mousePosition":[683,352.5],"_rootPartCFrame":[756.252,225.679,37.948,-0.992,0.011,0.13,0.01,1,-0.005,-0.13,-0.003,-0.992],"_humanoidState":8,"_cameraCFrame":[755.781,231.948,29.936,-0.987,-0.082,0.135,0,0.854,0.52,-0.159,0.514,-0.843],"_shiftlockState":true,"_pose":"Running","_animationQueue":[["fall",0.3],["walk",0.1],["fall",0.3],["walk",0.1]],"_animationSpeed":0.265,"_zoom":9.167},{"_mousePosition":[683,352.5],"_rootPartCFrame":[756.297,226.562,37.93,-0.99,0.008,0.144,0.008,1,-0.002,-0.144,-0.001,-0.99],"_humanoidState":3,"_cameraCFrame":[755.806,232.831,29.924,-0.988,-0.081,0.134,0,0.854,0.52,-0.156,0.514,-0.843],"_shiftlockState":true,"_pose":"Jumping","_animationQueue":[["walk",0.1],["jump",0.1]],"_animationSpeed":1,"_zoom":9.167},{"_mousePosition":[683,352.5],"_rootPartCFrame":[756.32,227.4,37.911,-0.973,0,0.232,0,1,0.002,-0.232,0.002,-0.973],"_humanoidState":5,"_cameraCFrame":[755.816,233.669,29.909,-0.988,-0.081,0.134,0,0.854,0.52,-0.156,0.514,-0.843],"_shiftlockState":true,"_pose":"FreeFall","_animationQueue":[["jump",0.1]],"_animationSpeed":1,"_zoom":9.167},{"_mousePosition":[683,352.5],"_rootPartCFrame":[756.331,228.173,37.89,-0.961,0.002,0.276,0.002,1,0.001,-0.276,0.002,-0.961],"_humanoidState":5,"_cameraCFrame":[755.821,234.442,29.887,-0.988,-0.081,0.133,0,0.854,0.52,-0.155,0.514,-0.844],"_shiftlockState":true,"_pose":"FreeFall","_animationQueue":[],"_animationSpeed":1,"_zoom":9.167},{"_mousePosition":[683,352.5],"_rootPartCFrame":[756.333,228.884,37.868,-0.961,0.001,0.275,0.002,1,0.002,-0.275,0.002,-0.961],"_humanoidState":5,"_cameraCFrame":[755.822,235.153,29.865,-0.988,-0.081,0.133,0,0.854,0.52,-0.155,0.514,-0.844],"_shiftlockState":true,"_pose":"FreeFall","_animationQueue":[],"_animationSpeed":1,"_zoom":9.167},{"_mousePosition":[683,352.5],"_rootPartCFrame":[756.365,229.517,37.848,-0.988,0.001,0.154,0.001,1,0.002,-0.154,0.002,-0.988],"_humanoidState":5,"_cameraCFrame":[757.097,235.789,29.864,-0.952,-0.159,0.262,0,0.854,0.521,-0.306,0.496,-0.813],"_shiftlockState":true,"_pose":"FreeFall","_animationQueue":[],"_animationSpeed":1,"_zoom":9.167},{"_mousePosition":[683,352.5],"_rootPartCFrame":[756.358,230.233,37.844,-0.909,0,0.418,0,1,0,-0.418,0,-0.909],"_humanoidState":5,"_cameraCFrame":[758.438,236.524,30.11,-0.886,-0.243,0.396,0,0.853,0.523,-0.464,0.463,-0.755],"_shiftlockState":true,"_pose":"FreeFall","_animationQueue":[],"_animationSpeed":1,"_zoom":9.167},{"_mousePosition":[683,352.5],"_rootPartCFrame":[756.328,230.621,37.857,-0.855,0,0.519,0,1,0,-0.519,0,-0.855],"_humanoidState":5,"_cameraCFrame":[760.244,236.912,30.871,-0.744,-0.349,0.569,0,0.853,0.523,-0.668,0.389,-0.635],"_shiftlockState":true,"_pose":"FreeFall","_animationQueue":[],"_animationSpeed":1,"_zoom":9.167},{"_mousePosition":[683,352.5],"_rootPartCFrame":[756.282,231.088,37.888,-0.689,0,0.725,-0.001,1,0,-0.725,-0.001,-0.689],"_humanoidState":5,"_cameraCFrame":[761.823,237.309,32.048,-0.558,-0.427,0.711,0,0.857,0.515,-0.83,0.288,-0.479],"_shiftlockState":true,"_pose":"FreeFall","_animationQueue":[],"_animationSpeed":1,"_zoom":9.167},{"_mousePosition":[683,352.5],"_rootPartCFrame":[756.249,231.489,37.927,-0.492,0,0.871,-0.001,1,-0.001,-0.871,-0.001,-0.492],"_humanoidState":5,"_cameraCFrame":[762.992,237.634,33.447,-0.36,-0.473,0.804,0,0.862,0.507,-0.933,0.182,-0.31],"_shiftlockState":true,"_pose":"FreeFall","_animationQueue":[["fall",0.3]],"_animationSpeed":1,"_zoom":9.167},{"_mousePosition":[683,352.5],"_rootPartCFrame":[756.179,231.835,37.954,-0.29,0,0.957,0,1,0,-0.957,0,-0.29],"_humanoidState":5,"_cameraCFrame":[763.69,237.878,34.784,-0.182,-0.487,0.854,0,0.869,0.496,-0.983,0.09,-0.158],"_shiftlockState":true,"_pose":"FreeFall","_animationQueue":[],"_animationSpeed":1,"_zoom":9.167},{"_mousePosition":[683,352.5],"_rootPartCFrame":[756.046,232.191,37.958,-0.085,0,0.996,0,1,0,-0.996,0,-0.085],"_humanoidState":5,"_cameraCFrame":[764.016,238.111,35.951,-0.032,-0.482,0.876,0,0.876,0.482,-0.999,0.016,-0.028],"_shiftlockState":true,"_pose":"FreeFall","_animationQueue":[],"_animationSpeed":1,"_zoom":9.167},{"_mousePosition":[683,352.5],"_rootPartCFrame":[755.945,232.364,37.939,0.03,0,1,0,1,0,-1,0,0.03],"_humanoidState":5,"_cameraCFrame":[764.153,238.167,36.84,0.08,-0.468,0.88,0,0.883,0.469,-0.997,-0.037,0.07],"_shiftlockState":true,"_pose":"FreeFall","_animationQueue":[],"_animationSpeed":1,"_zoom":9.167},{"_mousePosition":[683,352.5],"_rootPartCFrame":[755.798,232.546,37.882,0.167,0,0.986,0,1,0,-0.986,0,0.167],"_humanoidState":5,"_cameraCFrame":[764.124,238.245,37.509,0.166,-0.452,0.877,0,0.889,0.458,-0.986,-0.076,0.148],"_shiftlockState":true,"_pose":"FreeFall","_animationQueue":[],"_animationSpeed":1,"_zoom":9.167},{"_mousePosition":[683,352.5],"_rootPartCFrame":[755.865,232.643,37.839,0.094,-0.001,0.996,0.006,1,0,-0.996,0.006,0.094],"_humanoidState":5,"_cameraCFrame":[764.235,238.269,37.928,0.218,-0.439,0.871,0,0.893,0.45,-0.976,-0.098,0.195],"_shiftlockState":true,"_pose":"FreeFall","_animationQueue":[],"_animationSpeed":1,"_zoom":9.167},{"_mousePosition":[683,352.5],"_rootPartCFrame":[755.918,232.66,37.788,0.249,-0.001,0.969,0.003,1,0,-0.969,0.003,0.249],"_humanoidState":5,"_cameraCFrame":[764.308,238.23,38.141,0.249,-0.43,0.868,0,0.896,0.444,-0.969,-0.11,0.223],"_shiftlockState":true,"_pose":"FreeFall","_animationQueue":[],"_animationSpeed":1,"_zoom":9.167},{"_mousePosition":[683,352.5],"_rootPartCFrame":[756.003,232.635,37.719,0.249,0,0.969,0.001,1,0,-0.969,0.001,0.249],"_humanoidState":5,"_cameraCFrame":[764.421,238.165,37.757,0.212,-0.43,0.878,0,0.898,0.44,-0.977,-0.093,0.191],"_shiftlockState":true,"_pose":"FreeFall","_animationQueue":[],"_animationSpeed":1,"_zoom":9.167},{"_mousePosition":[683,352.5],"_rootPartCFrame":[756.047,232.527,37.64,0.216,0,0.976,0,1,0,-0.976,0,0.216],"_humanoidState":5,"_cameraCFrame":[764.475,238.03,37.441,0.184,-0.429,0.884,0,0.9,0.437,-0.983,-0.081,0.166],"_shiftlockState":true,"_pose":"FreeFall","_animationQueue":[],"_animationSpeed":1,"_zoom":9.167},{"_mousePosition":[683,352.5],"_rootPartCFrame":[756.044,232.421,37.593,0.187,0,0.982,0,1,0,-0.982,0,0.187],"_humanoidState":5,"_cameraCFrame":[764.478,237.885,37.097,0.149,-0.427,0.892,0,0.902,0.432,-0.989,-0.065,0.135],"_shiftlockState":true,"_pose":"FreeFall","_animationQueue":[],"_animationSpeed":1,"_zoom":9.167},{"_mousePosition":[683,352.5],"_rootPartCFrame":[756.004,232.233,37.531,0.154,0,0.988,0,1,0,-0.988,0,0.154],"_humanoidState":5,"_cameraCFrame":[764.439,237.656,36.782,0.119,-0.425,0.897,0,0.904,0.428,-0.993,-0.051,0.108],"_shiftlockState":true,"_pose":"FreeFall","_animationQueue":[],"_animationSpeed":1,"_zoom":9.167},{"_mousePosition":[683,352.5],"_rootPartCFrame":[755.925,231.99,37.473,0.123,0,0.992,0,1,0,-0.992,0,0.123],"_humanoidState":5,"_ca