[{"_mousePosition":[174,324],"_rootPartCFrame":[776.028,222.95,47.142,0,0,1,0,1,0,-1,0,0],"_humanoidState":8,"_cameraCFrame":[774.533,229.143,40.507,-0.976,0.125,-0.181,0,0.823,0.568,0.22,0.554,-0.803],"_shiftlockState":false,"_pose":"Standing","_animationQueue":[],"_animationSpeed":1,"_zoom":8.263},{"_mousePosition":[169,334],"_rootPartCFrame":[775.913,222.891,47.168,-0.016,0,1,0,1,0,-1,0,-0.016],"_humanoidState":8,"_cameraCFrame":[774.418,229.084,40.533,-0.976,0.125,-0.181,0,0.823,0.568,0.22,0.554,-0.803],"_shiftlockState":false,"_pose":"Standing","_animationQueue":[],"_animationSpeed":1,"_zoom":8.263},{"_mousePosition":[161,345],"_rootPartCFrame":[775.658,222.759,47.225,-0.044,0,0.999,0,1,0,-0.999,0,-0.044],"_humanoidState":8,"_cameraCFrame":[774.162,228.952,40.591,-0.976,0.125,-0.181,0,0.823,0.568,0.22,0.554,-0.803],"_shiftlockState":false,"_pose":"Running","_animationQueue":[["walk",0.1]],"_animationSpeed":0.836,"_zoom":8.263},{"_mousePosition":[147,360],"_rootPartCFrame":[775.398,222.651,47.284,-0.068,0,0.998,0,1,0,-0.998,0,-0.068],"_humanoidState":8,"_cameraCFrame":[773.902,228.844,40.649,-0.976,0.125,-0.181,0,0.823,0.568,0.22,0.554,-0.803],"_shiftlockState":false,"_pose":"Running","_animationQueue":[["walk",0.1],["walk",0.1]],"_animationSpeed":1.098,"_zoom":8.263},{"_mousePosition":[138,370],"_rootPartCFrame":[775.008,222.669,47.372,-0.099,0,0.995,0,1,0,-0.995,0,-0.099],"_humanoidState":8,"_cameraCFrame":[773.512,228.862,40.737,-0.976,0.125,-0.181,0,0.823,0.568,0.22,0.554,-0.803],"_shiftlockState":false,"_pose":"Running","_animationQueue":[],"_animationSpeed":1.098,"_zoom":8.263},{"_mousePosition":[104,405],"_rootPartCFrame":[774.878,222.677,47.401,-0.107,0,0.994,0,1,0,-0.994,0,-0.107],"_humanoidState":8,"_cameraCFrame":[773.382,228.87,40.767,-0.976,0.125,-0.181,0,0.823,0.568,0.22,0.554,-0.803],"_shiftlockState":false,"_pose":"Running","_animationQueue":[],"_animationSpeed":1.098,"_zoom":8.263},{"_mousePosition":[78,433],"_rootPartCFrame":[774.487,222.69,47.489,-0.13,0,0.992,0,1,0,-0.992,0,-0.13],"_humanoidState":8,"_cameraCFrame":[771.285,228.883,41.24,-0.976,0.125,-0.181,0,0.823,0.568,0.22,0.554,-0.803],"_shiftlockState":true,"_pose":"Running","_animationQueue":[],"_animationSpeed":1.098,"_zoom":8.263},{"_mousePosition":[683,384],"_rootPartCFrame":[774.227,222.695,47.548,-0.954,0,-0.298,0,1,0,0.298,0,-0.954],"_humanoidState":8,"_cameraCFrame":[771.025,228.888,41.298,-0.976,0.125,-0.181,0,0.823,0.568,0.22,0.554,-0.803],"_shiftlockState":true,"_pose":"Running","_animationQueue":[],"_animationSpeed":1.098,"_zoom":8.263},{"_mousePosition":[683,384],"_rootPartCFrame":[773.967,222.697,47.607,-0.968,0,-0.25,0,1,0,0.25,0,-0.968],"_humanoidState":8,"_cameraCFrame":[770.591,229.112,41.625,-0.967,0.151,-0.204,0,0.804,0.595,0.253,0.575,-0.778],"_shiftlockState":true,"_pose":"Running","_animationQueue":[],"_animationSpeed":1.098,"_zoom":8.263},{"_mousePosition":[683,384],"_rootPartCFrame":[773.772,222.698,47.651,-0.967,0,-0.257,0,1,0,0.257,0,-0.967],"_humanoidState":8,"_cameraCFrame":[770.231,229.351,41.971,-0.957,0.18,-0.226,0,0.782,0.624,0.289,0.597,-0.748],"_shiftlockState":true,"_pose":"Running","_animationQueue":[],"_animationSpeed":1.098,"_zoom":8.263},{"_mousePosition":[683,384],"_rootPartCFrame":[773.449,222.699,47.734,-0.957,0,-0.289,0,1,0,0.289,0,-0.957],"_humanoidState":8,"_cameraCFrame":[769.784,229.593,42.366,-0.947,0.209,-0.243,0,0.758,0.653,0.321,0.618,-0.718],"_shiftlockState":true,"_pose":"Running","_animationQueue":[["walk",0.1]],"_animationSpeed":1.098,"_zoom":8.263},{"_mousePosition":[683,384],"_rootPartCFrame":[773.257,222.699,47.79,-0.947,0,-0.321,0,1,0,0.321,0,-0.947],"_humanoidState":8,"_cameraCFrame":[769.494,229.875,42.794,-0.935,0.243,-0.257,0,0.727,0.687,0.354,0.642,-0.68],"_shiftlockState":true,"_pose":"Running","_animationQueue":[],"_animationSpeed":1.098,"_zoom":8.263},{"_mousePosition":[683,384],"_rootPartCFrame":[772.941,222.699,47.896,-0.935,0,-0.354,0,1,0,0.354,0,-0.935],"_humanoidState":8,"_cameraCFrame":[769.116,230.099,43.215,-0.924,0.272,-0.267,0,0.7,0.714,0.381,0.66,-0.647],"_shiftlockState":true,"_pose":"Running","_animationQueue":[],"_animationSpeed":1.098,"_zoom":8.263},{"_mousePosition":[683,384],"_rootPartCFrame":[772.753,222.7,47.965,-0.924,0,-0.381,0,1,0,0.381,0,-0.924],"_humanoidState":8,"_cameraCFrame":[768.88,230.3,43.593,-0.913,0.302,-0.275,0,0.674,0.738,0.408,0.674,-0.616],"_shiftlockState":true,"_pose":"Running","_animationQueue":[],"_animationSpeed":1.098,"_zoom":8.263},{"_mousePosition":[683,384],"_rootPartCFrame":[772.507,222.7,48.066,-0.913,0,-0.408,0,1,0,0.408,0,-0.913],"_humanoidState":8,"_cameraCFrame":[768.572,230.46,43.983,-0.899,0.332,-0.286,0,0.653,0.758,0.438,0.681,-0.587],"_shiftlockState":true,"_pose":"Running","_animationQueue":[],"_animationSpeed":1.098,"_zoom":8.263},{"_mousePosition":[683,384],"_rootPartCFrame":[772.263,222.7,48.174,-0.899,0,-0.438,0,1,0,0.438,0,-0.899],"_humanoidState":8,"_cameraCFrame":[768.266,230.63,44.431,-0.881,0.368,-0.297,0,0.628,0.778,0.473,0.686,-0.553],"_shiftlockState":true,"_pose":"Running","_animationQueue":[],"_animationSpeed":1.098,"_zoom":8.263},{"_mousePosition":[683,384],"_rootPartCFrame":[771.962,222.7,48.318,-0.881,0,-0.473,0,1,0,0.473,0,-0.881],"_humanoidState":8,"_cameraCFrame":[767.906,230.826,45.006,-0.855,0.416,-0.31,0,0.597,0.802,0.519,0.686,-0.511],"_shiftlockState":true,"_pose":"Running","_animationQueue":[],"_animationSpeed":1.098,"_zoom":8.263},{"_mousePosition":[683,384],"_rootPartCFrame":[771.786,222.7,48.412,-0.855,0,-0.519,0,1,0,0.519,0,-0.855],"_humanoidState":8,"_cameraCFrame":[767.72,230.99,45.461,-0.833,0.455,-0.316,0,0.57,0.822,0.554,0.684,-0.474],"_shiftlockState":true,"_pose":"Running","_animationQueue":[["walk",0.1]],"_animationSpeed":1.098,"_zoom":8.263},{"_mousePosition":[683,384],"_rootPartCFrame":[771.5,222.7,48.583,-0.833,0,-0.554,0,1,0,0.554,0,-0.833],"_humanoidState":8,"_cameraCFrame":[767.466,231.138,45.95,-0.813,0.488,-0.316,0,0.543,0.84,0.582,0.683,-0.442],"_shiftlockState":true,"_pose":"Running","_animationQueue":[],"_animationSpeed":1.098,"_zoom":8.263},{"_mousePosition":[683,384],"_rootPartCFrame":[771.277,222.7,48.729,-0.813,0,-0.582,0,1,0,0.582,0,-0.813],"_humanoidState":8,"_cameraCFrame":[767.282,231.22,46.26,-0.805,0.504,-0.313,0,0.527,0.85,0.593,0.684,-0.424],"_shiftlockState":true,"_pose":"Running","_animationQueue":[],"_animationSpeed":1.098,"_zoom":8.263},{"_mousePosition":[683,384],"_rootPartCFrame":[771.113,222.7,48.844,-0.805,0,-0.593,0,1,0,0.593,0,-0.805],"_humanoidState":8,"_cameraCFrame":[767.157,231.276,46.473,-0.801,0.513,-0.309,0,0.516,0.856,0.598,0.686,-0.414],"_shiftlockState":true,"_pose":"Running","_animationQueue":[],"_animationSpeed":1.098,"_zoom":8.263},{"_mousePosition":[683,384],"_rootPartCFrame":[770.898,222.7,49.002,-0.801,0,-0.598,0,1,0,0.598,0,-0.801],"_humanoidState":8,"_cameraCFrame":[766.986,231.317,46.682,-0.802,0.515,-0.304,0,0.508,0.861,0.598,0.691,-0.407],"_shiftlockState":true,"_pose":"Running","_animationQueue":[],"_animationSpeed":1.098,"_zoom":8.263},{"_mousePosition":[683,384],"_rootPartCFrame":[770.577,222.7,49.241,-0.802,0,-0.598,0,1,0,0.598,0,-0.802],"_humanoidState":8,"_cameraCFrame":[766.757,231.396,47.016,-0.804,0.518,-0.292,0,0.491,0.871,0.594,0.7,-0.395],"_shiftlockState":true,"_pose":"Running","_animationQueue":[],"_animationSpeed":1.098,"_zoom":8.263},{"_mousePosition":[683,384],"_rootPartCFrame":[770.417,222.7,49.361,-0.804,0,-0.594,0,1,0,0.594,0,-0.804],"_humanoidState":8,"_cameraCFrame":[766.641,231.442,47.209,-0.803,0.522,-0.287,0,0.481,0.876,0.596,0.704,-0.387],"_shiftlockState":true,"_pose":"Running","_animationQueue":[["walk",0.1]],"_animationSpeed":1.098,"_zoom":8.263},{"_mousePosition":[683,384],"_rootPartCFrame":[770.096,223.974,49.6,-0.803,0,-0.596,0,1,0,0.596,0,-0.803],"_humanoidState":3,"_cameraCFrame":[766.32,232.716,47.448,-0.803,0.522,-0.287,0,0.481,0.876,0.596,0.704,-0.387],"_shiftlockState":true,"_pose":"Jumping","_animationQueue":[["walk",0.1],["jump",0.1]],"_animationSpeed":1,"_zoom":8.263},{"_mousePosition":[683,384],"_rootPartCFrame":[769.829,224.941,49.799,-0.87,0,-0.493,0,1,0,0.493,0,-0.87],"_humanoidState":5,"_cameraCFrame":[766.052,233.684,47.647,-0.803,0.522,-0.287,0,0.481,0.876,0.596,0.704,-0.387],"_shiftlockState":true,"_pose":"FreeFall","_animationQueue":[["jump",0.1]],"_animationSpeed":1,"_zoom":8.263},{"_mousePosition":[683,384],"_rootPartCFrame":[769.722,225.305,49.878,-0.84,0,-0.543,0,1,0,0.543,0,-0.84],"_humanoidState":5,"_cameraCFrame":[765.945,234.047,47.726,-0.803,0.522,-0.287,0,0.481,0.876,0.596,0.704,-0.387],"_shiftlockState":true,"_pose":"FreeFall","_animationQueue":[],"_animationSpeed":1,"_zoom":8.263},{"_mousePosition":[683,384],"_rootPartCFrame":[769.561,225.824,49.997,-0.858,0,-0.514,0,1,0,0.514,0,-0.858],"_humanoidState":5,"_cameraCFrame":[765.785,234.566,47.845,-0.803,0.522,-0.287,0,0.481,0.876,0.596,0.704,-0.387],"_shiftlockState":true,"_pose":"FreeFall","_animationQueue":[],"_animationSpeed":1,"_zoom":8.263},{"_mousePosition":[683,384],"_rootPartCFrame":[769.293,226.622,50.196,-0.891,0,-0.455,0,1,0,0.455,0,-0.891],"_humanoidState":5,"_cameraCFrame":[765.517,235.364,48.044,-0.803,0.522,-0.287,0,0.481,0.876,0.596,0.704,-0.387],"_shiftlockState":true,"_pose":"FreeFall","_animationQueue":[],"_animationSpeed":1,"_zoom":8.263},{"_mousePosition":[683,384],"_rootPartCFrame":[769.133,227.059,50.315,-0.858,0,-0.513,0,1,0,0.513,0,-0.858],"_humanoidState":5,"_cameraCFrame":[765.357,235.802,48.163,-0.803,0.522,-0.287,0,0.481,0.876,0.596,0.704,-0.387],"_shiftlockState":true,"_pose":"FreeFall","_animationQueue":[],"_animationSpeed":1,"_zoom":8.263},{"_mousePosition":[683,384],"_rootPartCFrame":[768.705,228.077,50.633,-0.932,0,-0.363,0,1,0,0.363,0,-0.932],"_humanoidState":5,"_cameraCFrame":[765.031,236.825,48.331,-0.828,0.492,-0.269,0,0.48,0.877,0.561,0.726,-0.397],"_shiftlockState":true,"_pose":"FreeFall","_animationQueue":[],"_animationSpeed":1,"_zoom":8.263},{"_mousePosition":[683,384],"_rootPartCFrame":[768.49,228.504,50.792,-0.895,0,-0.446,0,1,0,0.446,0,-0.895],"_humanoidState":5,"_cameraCFrame":[765.125,237.318,48.241,-0.88,0.421,-0.221,0,0.465,0.885,0.475,0.779,-0.409],"_shiftlockState":true,"_pose":"FreeFall","_animationQueue":[],"_animationSpeed":1,"_zoom":8.263},{"_mousePosition":[683,384],"_rootPartCFrame":[768.381,228.697,50.868,-0.91,0,-0.415,0,1,0,0.415,0,-0.91],"_humanoidState":5,"_cameraCFrame":[765.25,237.507,48.222,-0.91,0.37,-0.188,0,0.452,0.892,0.415,0.811,-0.411],"_shiftlockState":true,"_pose":"FreeFall","_animationQueue":[],"_animationSpeed":1,"_zoom":8.263},{"_mousePosition":[683,384],"_rootPartCFrame":[768.267,228.876,50.937,-0.935,0,-0.354,0,1,0,0.354,0,-0.935],"_humanoidState":5,"_cameraCFrame":[765.473,237.509,48.286,-0.943,0.301,-0.145,0,0.433,0.901,0.334,0.85,-0.409],"_shiftlockState":true,"_pose":"FreeFall","_animationQueue":[],"_animationSpeed":1,"_zoom":8.263},{"_mousePosition":[683,384],"_rootPartCFrame":[767.967,229.265,51.081,-0.985,0,-0.173,0,1,0,0.173,0,-0.985],"_humanoidState":5,"_cameraCFrame":[765.376,237.511,48.575,-0.957,0.263,-0.123,0,0.423,0.906,0.291,0.867,-0.405],"_shiftlockState":true,"_pose":"FreeFall","_animationQueue":[],"_animationSpeed":1,"_zoom":8.263},{"_mousePosition":[683,384],"_rootPartCFrame":[767.78,229.457,51.153,-0.981,0,-0.194,0,1,0,0.194,0,-0.981],"_humanoidState":5,"_cameraCFrame":[765.258,237.511,48.728,-0.961,0.252,-0.117,0,0.42,0.908,0.278,0.872,-0.403],"_shiftlockState":true,"_pose":"FreeFall","_animationQueue":[],"_animationSpeed":1,"_zoom":8.263},{"_mousePosition":[683,384],"_rootPartCFrame":[767.462,229.71,51.252,-0.993,0,-0.115,0,1,0,0.115,0,-0.993],"_humanoidState":5,"_cameraCFrame":[764.976,237.511,48.943,-0.961,0.251,-0.116,0,0.419,0.908,0.277,0.873,-0.403],"_shiftlockState":true,"_pose":"FreeFall","_animationQueue":[],"_animationSpeed":1,"_zoom":8.263},{"_mousePosition":[683,384],"_rootPartCFrame":[767.27,229.821,51.308,-0.984,0,-0.179,0,1,0,0.179,0,-0.984],"_humanoidState":5,"_cameraCFrame":[764.781,237.511,49.083,-0.958,0.26,-0.119,0,0.417,0.909,0.286,0.871,-0.4],"_shiftlockState":true,"_pose":"FreeFall","_animationQueue":[],"_animationSpeed":1,"_zoom":8.263},{"_mousePosition":[683,384],"_rootPartCFrame":[766.886,229.95,51.418,-0.996,0,-0.09,0,1,0,0.09,0,-0.996],"_humanoidState":5,"_cameraCFrame":[764.355,237.511,49.319,-0.95,0.283,-0.13,0,0.417,0.909,0.312,0.863,-0.397],"_shiftlockState":true,"_pose":"FreeFall","_animationQueue":[],"_animationSpeed":1,"_zoom":8.263},{"_mousePosition":[683,384],"_rootPartCFrame":[766.758,229.966,51.456,-0.969,0,-0.248,0,1,0,0.248,0,-0.969],"_humanoidState":5,"_cameraCFrame":[764.109,237.511,49.501,-0.931,0.332,-0.153,0,0.419,0.908,0.366,0.845,-0.39],"_shiftlockState":true,"_pose":"FreeFall","_animationQueue":[],"_animationSpeed":1,"_zoom":8.263},{"_mousePosition":[683,384],"_rootPartCFrame":[766.441,229.946,51.559,-0.978,0,-0.207,0,1,0,0.207,0,-0.978],"_humanoidState":5,"_cameraCFrame":[763.627,237.51,49.75,-0.901,0.393,-0.185,0,0.425,0.905,0.434,0.815,-0.383],"_shiftlockState":true,"_pose":"FreeFall","_animationQueue":[],"_animationSpeed":1,"_zoom":8.263},{"_mousePosition":[683,384],"_rootPartCFrame":[766.254,229.893,51.63,-0.94,0,-0.342,0,1,0,0.342,0,-0.94],"_humanoidState":5,"_cameraCFrame":[763.22,237.509,49.99,-0.856,0.465,-0.226,0,0.437,0.899,0.517,0.77,-0.374],"_shiftlockState":true,"_pose":"FreeFall","_animationQueue":[],"_animationSpeed":1,"_zoom":8.263},{"_mousePosition":[683,384],"_rootPartCFrame":[766.012,229.775,51.742,-0.917,0,-0.399,0,1,0,0.399,0,-0.917],"_humanoidState":5,"_cameraCFrame":[762.729,237.452,50.309,-0.797,0.539,-0.273,0,0.452,0.892,0.604,0.711,-0.36],"_shiftlockState":true,"_pose":"FreeFall","_animationQueue":[],"_animationSpeed":1,"_zoom":8.263},{"_mousePosition":[683,384],"_rootPartCFrame":[765.781,229.603,51.874,-0.87,0,-0.493,0,1,0,0.493,0,-0.87],"_humanoidState":5,"_cameraCFrame":[762.23,237.429,50.628,-0.732,0.603,-0.317,0,0.466,0.885,0.681,0.648,-0.341],"_shiftlockState":true,"_pose":"FreeFall","_animationQueue":[["fall",0.3]],"_animationSpeed":1,"_zoom":8.263},{"_mousePosition":[683,384],"_rootPartCFrame":[765.51,229.31,52.069,-0.835,0,-0.55,0,1,0,0.55,0,-0.835],"_humanoidState":5,"_cameraCFrame":[761.714,237.316,51.004,-0.669,0.653,-0.355,0,0.477,0.879,0.743,0.588,-0.319],"_shiftlockState":true,"_pose":"FreeFall","_animationQueue":[],"_animationSpeed":1,"_zoom":8.263},{"_mousePosition":[683,384],"_rootPartCFrame":[765.36,229.094,52.2,-0.74,0,-0.672,0,1,0,0.672,0,-0.74],"_humanoidState":5,"_cameraCFrame":[761.396,237.263,51.185,-0.638,0.673,-0.373,0,0.485,0.875,0.77,0.558,-0.31],"_shiftlockState":true,"_pose":"FreeFall","_animationQueue":[],"_animationSpeed":1,"_zoom":8.263},{"_mousePosition":[683,384],"_rootPartCFrame":[765.177,228.758,52.393,-0.735,0,-0.678,0,1,0,0.678,0,-0.735],"_humanoidState":5,"_cameraCFrame":[761.143,237.071,51.332,-0.637,0.674,-0.374,0,0.486,0.874,0.771,0.557,-0.309],"_shiftlockState":true,"_pose":"FreeFall","_animationQueue":[],"_animationSpeed":1,"_zoom":8.263},{"_mousePosition":[683,384],"_rootPartCFrame":[765.021,228.367,52.599,-0.72,0,-0.694,0,1,0,0.694,0,-0.72],"_humanoidState":5,"_cameraCFrame":[760.942,236.756,51.274,-0.67,0.645,-0.367,0,0.494,0.869,0.742,0.583,-0.331],"_shiftlockState":true,"_pose":"FreeFall","_animationQueue":[],"_animationSpeed":1,"_zoom":8.263},{"_mousePosition":[683,384],"_rootPartCFrame":[764.903,227.922,52.817,-0.742,0,-0.67,0,1,0,0.67,0,-0.742],"_humanoidState":5,"_cameraCFrame":[761.129,236.279,50.32,-0.831,0.475,-0.289,0,0.52,0.854,0.556,0.71,-0.432],"_shiftlockState":true,"_pose":"FreeFall","_animationQueue":[],"_animationSpeed":1,"_zoom":8.263},{"_mousePosition":[683,384],"_rootPartCFrame":[764.823,227.422,53.048,-0.873,0,-0.487,0,1,0,0.487,0,-0.873],"_humanoidState":5,"_cameraCFrame":[762.547,235.76,48.954,-0.992,0.105,-0.066,0,0.536,0.844,0.124,0.838,-0.532],"_shiftlockState":true,"_pose":"FreeFall","_animationQueue":[],"_animationSpeed":1,"_zoom":8.263},{"_mousePosition":[683,384],"_rootPartCFrame":[764.468,226.859,53.055,-0.984,-0.008,-0.18,-0.009,1,0.003,0.18,0.005,-0.984],"_humanoidState":7,"_cameraCFrame":[764.479,235.124,48.189,-0.932,-0.302,0.203,0,0.558,0.83,-0.364,0.773,-0.52],"_shiftlockState":true,"_pose":"FreeFall","_animationQueue":[["fall",0.3],["walk",0.1],["fall",0.3],["fall",0.3]],"_animationSpeed":1,"_zoom":8.263},{"_mousePosition":[683,384],"_rootPartCFrame":[764.256,226.66,53.046,-0.932,-0.004,0.363,-0.004,1,0.002,-0.363,0,-0.932],"_humanoidState":7,"_cameraCFrame":[766.572,234.93,48.7,-0.657,-0.623,0.424,0,0.563,0.827,-0.754,0.543,-0.37],"_shiftlockState":true,"_pose":"FreeFall","_animationQueue":[],"_animationSpeed":1,"_zoom":8.263},{"_mousePosition":[683,384],"_rootPartCFrame":[764.126,226.348,53.154,-0.654,0,0.756,-0.001,1,-0.001,-0.756,-0.001,-0.654],"_humanoidState":8,"_cameraCFrame":[768.12,234.642,50.252,-0.263,-0.798,0.542,0,0.562,0.827,-0.965,0.217,-0.148],"_shiftlockState":true,"_pose":"Running","_animationQueue":[["walk",0.1],["fall",0.3],["walk",0.1]],"_animationSpeed":0.799,"_zoom":8.263},{"_mousePosition":[683,384],"_rootPartCFrame":[764.007,227.231,53.254,-0.261,0.003,0.965,0.001,1,-0.003,-0.965,0.001,-0.261],"_humanoidState":3,"_cameraCFrame":[768.675,235.545,51.647,0.031,-0.828,0.56,0,0.561,0.828,-1,-0.025,0.017],"_shiftlockState":true,"_pose":"Jumping","_animationQueue":[["walk",0.1],["jump",0.1]],"_animationSpeed":1,"_zoom":8.263},{"_mousePosition":[683,384],"_rootPartCFrame":[763.876,228.081,53.33,0.076,0.002,0.997,0.001,1,-0.002,-0.997,0.001,0.076],"_humanoidState":5,"_cameraCFrame":[768.809,236.382,52.707,0.232,-0.803,0.549,0,0.565,0.825,-0.973,-0.191,0.131],"_shiftlockState":true,"_pose":"FreeFall","_animationQueue":[["jump",0.1]],"_animationSpeed":1,"_zoom":8.263},{"_mousePosition":[683,384],"_rootPartCFrame":[763.734,228.875,53.368,0.301,0,0.954,0,1,-0.001,-0.954,0,0.301],"_humanoidState":5,"_cameraCFrame":[768.717,237.176,53.237,0.326,-0.779,0.535,0,0.566,0.824,-0.945,-0.269,0.185],"_shiftlockState":true,"_pose":"FreeFall","_animationQueue":[],"_animationSpeed":1,"_zoom":8.263},{"_mousePosition":[683,384],"_rootPartCFrame":[763.554,229.792,53.36,0.427,0,0.904,0,1,0,-0.904,0,0.427],"_humanoidState":5,"_cameraCFrame":[768.531,238.104,53.304,0.341,-0.776,0.531,0,0.565,0.825,-0.94,-0.281,0.193],"_shiftlockState":true,"_pose":"FreeFall","_animationQueue":[],"_animationSpeed":1,"_zoom":8.263},{"_mousePosition":[683,384],"_rootPartCFrame":[763.433,230.301,53.334,0.364,0,0.931,0,1,0,-0.931,0,0.364],"_humanoidState":5,"_cameraCFrame":[768.412,238.616,53.278,0.341,-0.776,0.531,0,0.565,0.825,-0.94,-0.281,0.193],"_shiftlockState":true,"_pose":"FreeFall","_animationQueue":[],"_animationSpeed":1,"_zoom":8.263},{"_mousePosition":[683,384],"_rootPartCFrame":[763.243,230.933,53.28,0.346,0,0.938,0,1,0,-0.938,0,0.346],"_humanoidState":5,"_cameraCFrame":[764.923,235.046,53.89,0.341,-0.776,0.531,0,0.565,0.825,-0.94,-0.281,0.193],"_shiftlockState":false,"_pose":"FreeFall","_animationQueue":[],"_animationSpeed":1,"_zoom":8.263},{"_mousePosition":[683,384],"_rootPartCFrame":[763.019,231.51,53.206,0.346,0,0.938,0,1,0,-0.938,0,0.346],"_humanoidState":5,"_cameraCFrame":[764.905,235.943,53.89,0.341,-0.776,0.531,0,0.565,0.825,-0.94,-0.281,0.193],"_shiftlockState":false,"_pose":"FreeFall","_animationQueue":[],"_animationSpeed":1,"_zoom":8.263},{"_mousePosition":[683,384],"_rootPartCFrame":[762.77,232.032,53.116,0.345,0,0.939,0,1,0,-0.939,0,0.345],"_humanoidState":5,"_cameraCFrame":[764.918,236.872,53.895,0.341,-0.776,0.531,0,0.565,0.825,-0.94,-0.281,0.193],"_shiftlockState":false,"_pose":"FreeFall","_animationQueue":[],"_animationSpeed":1,"_zoom":8.263},{"_mousePosition":[683,382],"_rootPartCFrame":[762.52,232.5,53.025,0.345,0,0.939,0,1,0,-0.939,0,0.345],"_humanoidState":5,"_cameraCFrame":[764.636,237.349,53.824,0.353,-0.775,0.524,0,0.56,0.829,-0.935,-0.293,0.198],"_shiftlockState":false,"_pose":"FreeFall","_animationQueue":[],"_animationSpeed":1,"_zoom":8.263},{"_mousePosition":[683,382],"_rootPartCFrame":[762.269,232.913,52.934,0.344,0,0.939,0,1,0,-0.939,0,0.344],"_humanoidState":5,"_cameraCFrame":[764.179,237.494,53.685,0.366,-0.775,0.516,0,0.554,0.832,-0.931,-0.305,0.203],"_shiftlockState":false,"_pose":"FreeFall","_animationQueue":[],"_animationSpeed":1,"_zoom":6.21},{"_mousePosition":[683,382],"_rootPartCFrame":[761.957,233.353,52.817,0.345,0,0.938,0,1,0,-0.938,0,0.345],"_humanoidState":5,"_cameraCFrame":[763.55,237.495,53.474,0.382,-0.774,0.505,0,0.546,0.838,-0.924,-0.32,0.208],"_shiftlockState":false,"_pose":"FreeFall","_animationQueue":[],"_animationSpeed":1,"_zoom":4.568},{"_mousePosition":[683,382],"_rootPartCFrame":[761.771,233.576,52.744,0.347,0,0.938,0,1,0,-0.938,0,0.347],"_humanoidState":5,"_cameraCFrame":[763.18,237.497,53.357,0.399,-0.774,0.492,0,0.536,0.844,-0.917,-0.337,0.214],"_shiftlockState":false,"_pose":"FreeFall","_animationQueue":[["fall",0.3]],"_animationSpeed":1,"_zoom":3.255},{"_mousePosition":[683,382],"_rootPartCFrame":[761.524,233.826,52.643,0.351,0,0.936,0,1,0,-0.936,0,0.351],"_humanoidState":5,"_cameraCFrame":[762.74,237.498,53.201,0.417,-0.774,0.477,0,0.524,0.851,-0.909,-0.355,0.219],"_shiftlockState":false,"_pose":"FreeFall","_animationQueue":[],"_animationSpeed":1,"_zoom":2.204},{"_mousePosition":[683,382],"_rootPartCFrame":[761.279,234.021,52.537,0.357,0,0.934,0,1,0,-0.934,0,0.357],"_humanoidState":5,"_cameraCFrame":[762.382,237.56,53.069,0.434,-0.772,0.464,0,0.515,0.857,-0.901,-0.372,0.224],"_shiftlockState":false,"_pose":"FreeFall","_animationQueue":[],"_animationSpeed":1,"_zoom":0.5},{"_mousePosition":[683,384],"_rootPartCFrame":[761.037,234.162,52.427,0.434,0,0.901,0,1,0,-0.901,0,0.434],"_humanoidState":5,"_cameraCFrame":[761.982,237.41,52.882,0.434,-0.772,0.464,0,0.515,0.857,-0.901,-0.372,0.224],"_shiftlockState":false,"_pose":"FreeFall","_animationQueue":[],"_animationSpeed":1,"_zoom":0.5},{"_mousePosition":[683,384],"_rootPartCFrame":[760.796,234.248,52.311,0.434,0,0.901,0,1,0,-0.901,0,0.434],"_humanoidState":5,"_cameraCFrame":[761.579,237.212,52.699,0.444,-0.769,0.46,0,0.513,0.859,-0.896,-0.381,0.227],"_shiftlockState":false,"_pose":"FreeFall","_animationQueue":[],"_animationSpeed":1,"_zoom":0.5},{"_mousePosition":[683,384],"_rootPartCFrame":[760.556,234.28,52.196,0.443,0,0.897,0,1,0,-0.897,0,0.443],"_humanoidState":5,"_cameraCFrame":[761.181,236.964,52.515,0.455,-0.766,0.454,0,0.51,0.86,-0.891,-0.391,0.232],"_shiftlockState":false,"_pose":"FreeFall","_animationQueue":[],"_animationSpeed":1,"_zoom":0.5},{"_mousePosition":[683,384],"_rootPartCFrame":[760.317,234.257,52.078,0.453,0,0.891,0,1,0,-0.891,0,0.453],"_humanoidState":5,"_cameraCFrame":[760.829,236.744,52.347,0.466,-0.763,0.448,0,0.506,0.863,-0.885,-0.402,0.236],"_shiftlockState":false,"_pose":"FreeFall","_animationQueue":[],"_animationSpeed":1,"_zoom":0.5},{"_mousePosition":[683,384],"_rootPartCFrame":[760.02,234.152,51.927,0.464,0,0.886,0,1,0,-0.886,0,0.464],"_humanoidState":5,"_cameraCFrame":[760.444,236.488,52.156,0.476,-0.761,0.44,0,0.5,0.866,-0.879,-0.412,0.238],"_shiftlockState":false,"_pose":"FreeFall","_animationQueue":[["fall",0.3]],"_animationSpeed":1,"_zoom":0.5},{"_mousePosition":[683,384],"_rootPartCFrame":[759.842,234.048,51.834,0.475,0,0.88,0,1,0,-0.88,0,0.475],"_humanoidState":5,"_cameraCFrame":[760.194,236.259,52.029,0.485,-0.761,0.431,0,0.493,0.87,-0.874,-0.422,0.239],"_shiftlockState":false,"_pose":"FreeFall","_animationQueue":[],"_animationSpeed":1,"_zoom":0.5},{"_mousePosition":[683,384],"_rootPartCFrame":[759.549,233.807,51.676,0.484,0,0.875,0,1,0,-0.875,0,0.484],"_humanoidState":5,"_cameraCFrame":[759.856,235.943,51.849,0.492,-0.762,0.422,0,0.485,0.875,-0.871,-0.43,0.238],"_shiftlockState":false,"_pose":"FreeFall","_animationQueue":[],"_animationSpeed":1,"_zoom":0.5},{"_mousePosition":[683,384],"_rootPartCFrame":[759.374,233.622,51.579,0.491,0,0.871,0,1,0,-0.871,0,0.491],"_humanoidState":5,"_cameraCFrame":[759.64,235.699,51.737,0.51,-0.758,0.407,0,0.473,0.881,-0.86,-0.449,0.241],"_shiftlockState":false,"_pose":"FreeFall","_animationQueue":[],"_animationSpeed":1,"_zoom":0.5},{"_mousePosition":[683,384],"_rootPartCFrame":[759.142,233.326,51.448,0.508,0,0.861,0,1,0,-0.861,0,0.508],"_humanoidState":5,"_cameraCFrame":[759.375,235.361,51.596,0.535,-0.751,0.388,0,0.459,0.888,-0.845,-0.475,0.246],"_shiftlockState":false,"_pose":"FreeFall","_animationQueue":[],"_animationSpeed":1,"_zoom":0.5},{"_mousePosition":[683,384],"_rootPartCFrame":[758.912,232.977,51.313,0.532,0,0.847,0,1,0,-0.847,0,0.532],"_humanoidState":5,"_cameraCFrame":[759.124,234.988,51.455,0.559,-0.742,0.37,0,0.446,0.895,-0.829,-0.5,0.249],"_shiftlockState":false,"_pose":"FreeFall","_animationQueue":[],"_animationSpeed":1,"_zoom":0.5},{"_mousePosition":[683,384],"_rootPartCFrame":[758.686,232.572,51.171,0.555,0,0.832,0,1,0,-0.832,0,0.555],"_humanoidState":5,"_cameraCFrame":[758.877,234.565,51.309,0.586,-0.731,0.35,0,0.432,0.902,-0.81,-0.529,0.253],"_shiftlockState":false,"_pose":"FreeFall","_animationQueue":[],"_animationSpeed":1,"_zoom":0.5},{"_mousePosition":[683,384],"_rootPartCFrame":[758.409,231.99,50.986,0.582,0,0.813,0,1,0,-0.813,0,0.582],"_humanoidState":5,"_cameraCFrame":[758.589,233.971,51.123,0.606,-0.72,0.339,0,0.426,0.905,-0.795,-0.548,0.258],"_shiftlockState":false,"_pose":"FreeFall","_animationQueue":[["fall",0.3]],"_animationSpeed":1,"_zoom":0.5},{"_mousePosition":[683,384],"_rootPartCFrame":[758.192,231.464,50.831,0.603,0,0.798,0,1,0,-0.798,0,0.603],"_humanoidState":5,"_cameraCFrame":[758.365,233.435,50.968,0.621,-0.71,0.332,0,0.424,0.906,-0.784,-0.563,0.263],"_shiftlockState":false,"_pose":"FreeFall","_animationQueue":[],"_animationSpeed":1,"_zoom":0.5},{"_mousePosition":[683,384],"_rootPartCFrame":[758.032,231.033,50.71,0.619,0,0.785,0,1,0,-0.785,0,0.619],"_humanoidState":5,"_cameraCFrame":[758.2,232.999,50.848,0.635,-0.7,0.326,0,0.422,0.906,-0.773,-0.576,0.268],"_shiftlockState":false,"_pose":"FreeFall","_animationQueue":[],"_animationSpeed":1,"_zoom":0.5},{"_mousePosition":[683,384],"_rootPartCFrame":[757.823,230.41,50.545,0.633,0,0.774,0,1,0,-0.774,0,0.633],"_humanoidState":5,"_cameraCFrame":[757.981,232.373,50.686,0.665,-0.679,0.311,0,0.416,0.909,-0.747,-0.605,0.277],"_shiftlockState":false,"_pose":"FreeFall","_animationQueue":[],"_animationSpeed":1,"_zoom":0.5},{"_mousePosition":[683,384],"_rootPartCFrame":[757.616,229.734,50.376,0.662,0,0.75,0,1,0,-0.75,0,0.662],"_humanoidState":5,"_cameraCFrame":[757.762,231.696,50.524,0.711,-0.641,0.287,0,0.408,0.913,-0.703,-0.649,0.291],"_shiftlockState":false,"_pose":"FreeFall","_animationQueue":[],"_animationSpeed":1,"_zoom":0.5},{"_mousePosition":[683,384],"_rootPartCFrame":[757.416,229.002,50.2,0.706,0,0.708,0,1,0,-0.708,0,0.706],"_humanoidState":5,"_cameraCFrame":[757.54,230.965,50.357,0.786,-0.567,0.245,0,0.397,0.918,-0.618,-0.722,0.312],"_shiftlockState":false,"_pose":"FreeFall","_animationQueue":[],"_animationSpeed":1,"_zoom":0.5},{"_mousePosition":[683,384],"_rootPartCFrame":[757.208,228.217,50.046,0.731,0,0.683,0,1,0,-0.683,0,0.731],"_humanoidState":5,"_cameraCFrame":[757.309,230.18,50.213,0.857,-0.475,0.2,0,0.388,0.921,-0.515,-0.79,0.333],"_shiftlockState":false,"_pose":"FreeFall","_animationQueue":[],"_animationSpeed":1,"_zoom":0.5},{"_mousePosition":[683,384],"_rootPartCFrame":[756.925,227.158,49.905,0.772,0,0.635,0,1,0,-0.635,0,0.772],"_humanoidState":5,"_cameraCFrame":[757.003,229.122,50.08,0.914,-0.376,0.156,0,0.382,0.924,-0.407,-0.844,0.349],"_shiftlockState":false,"_pose":"FreeFall","_animationQueue":[["fall",0.3]],"_animationSpeed":1,"_zoom":0.5},{"_mousePosition":[683,384],"_rootPartCFrame":[756.869,227.171,50.039,0.886,0.002,0.463,-0.003,1,0,-0.463,-0.001,0.886],"_humanoidState":12,"_cameraCFrame":[756.921,229.136,50.22,0.966,-0.239,0.097,0,0.376,0.927,-0.258,-0.895,0.363],"_shiftlockState":false,"_pose":"Climbing","_animationQueue":[["walk",0.1],["fall",0.3],["climb",0.1],["climb",0]],"_animationSpeed":-4.371,"_zoom":0.5},{"_mousePosition":[683,384],"_rootPartCFrame":[756.714,227.295,50.126,0.966,0.001,0.259,-0.001,1,0,-0.259,0,0.966],"_humanoidState":8,"_cameraCFrame":[756.734,229.26,50.308,0.995,-0.097,0.038,0,0.367,0.93,-0.105,-0.925,0.365],"_shiftlockState":false,"_pose":"Running","_animationQueue":[["walk",0.1],["walk",0.1]],"_animationSpeed":0.572,"_zoom":0.5},{"_mousePosition":[683,384],"_rootPartCFrame":[756.604,227.328,50.149,0.987,0,0.16,0,1,0,-0.16,0,0.987],"_humanoidState":5,"_cameraCFrame":[756.596,229.295,50.328,0.999,0.044,-0.017,0,0.357,0.934,0.047,-0.933,0.357],"_shiftlockState":false,"_pose":"FreeFall","_animationQueue":[["walk",0.1],["fall",0.3]],"_animationSpeed":1,"_zoom":0.5},{"_mousePosition":[683,384],"_rootPartCFrame":[756.429,227.324,50.186,0.997,0,0.076,0,1,0,-0.076,0,0.997],"_humanoidState":5,"_cameraCFrame":[756.391,229.293,50.356,0.976,0.204,-0.076,0,0.348,0.938,0.218,-0.915,0.34],"_shiftlockState":false,"_pose":"FreeFall","_animationQueue":[],"_animationSpeed":1,"_zoom":0.5},{"_mousePosition":[683,384],"_rootPartCFrame":[756.217,227.267,50.311,0.997,0,-0.082,0,1,0,0.082,0,0.997],"_humanoidState":5,"_cameraCFrame":[756.155,229.237,50.47,0.933,0.338,-0.123,0,0.341,0.94,0.359,-0.877,0.318],"_shiftlockState":false,"_pose":"FreeFall","_animationQueue":[],"_animationSpeed":1,"_zoom":0.5},{"_mousePosition":[683,384],"_rootPartCFrame":[756.016,227.414,50.439,0.949,0,-0.315,0,1,0,0.315,0,0.949],"_humanoidState":12,"_cameraCFrame":[755.938,229.385,50.588,0.886,0.437,-0.157,0,0.337,0.941,0.464,-0.834,0.299],"_shiftlockState":false,"_pose":"Climbing","_animationQueue":[["walk",0.1],["fall",0.3],["climb",0.1]],"_animationSpeed":-0.392,"_zoom":0.5},{"_mousePosition":[683,384],"_rootPartCFrame":[755.855,227.6,50.533,0.889,0,-0.457,0,1,0,0.457,0,0.889],"_humanoidState":12,"_cameraCFrame":[755.766,229.571,50.675,0.848,0.499,-0.178,0,0.337,0.942,0.53,-0.799,0.285],"_shiftlockState":false,"_pose":"Climbing","_animationQueue":[["climb",0.1]],"_animationSpeed":0.907,"_zoom":0.5},{"_mousePosition":[683,384],"_rootPartCFrame":[755.709,227.833,50.58,0.849,0,-0.528,0,1,0,0.528,0,0.849],"_humanoidState":12,"_cameraCFrame":[755.615,229.804,50.72,0.831,0.523,-0.187,0,0.337,0.942,0.556,-0.783,0.28],"_shiftlockState":false,"_pose":"Climbing","_animationQueue":[],"_animationSpeed":0.907,"_zoom":0.5},{"_mousePosition":[683,384],"_rootPartCFrame":[755.628,227.951,50.59,0.833,0,-0.553,0,1,0,0.553,0,0.833],"_humanoidState":8,"_cameraCFrame":[755.534,229.922,50.73,0.831,0.524,-0.187,0,0.336,0.942,0.557,-0.782,0.279],"_shiftlockState":false,"_pose":"Running","_animationQueue":[["walk",0.1],["climb",0.1],["walk",0.1],["walk",0.1]],"_animationSpeed":0.4,"_zoom":0.5},{"_mousePosition":[683,384],"_rootPartCFrame":[755.499,228.059,50.568,0.879,0,-0.477,0,1,0,0.477,0,0.879],"_humanoidState":5,"_cameraCFrame":[755.406,230.03,50.708,0.834,0.52,-0.186,0,0.337,0.942,0.552,-0.785,0.281],"_shiftlockState":false,"_pose":"FreeFall","_animationQueue":[["walk",0.1],["fall",0.3]],"_animationSpeed":1,"_zoom":0.5},{"_mousePosition":[683,384],"_rootPartCFrame":[755.347,228.112,50.538,0.898,0,-0.44,0,1,0,0.44,0,0.898],"_humanoidState":5,"_cameraCFrame":[755.256,230.082,50.681,0.844,0.504,-0.182,0,0.34,0.941,0.536,-0.794,0.287],"_shiftlockState":false,"_pose":"FreeFall","_animationQueue":[],"_animationSpeed":1,"_zoom":0.5},{"_mousePosition":[683,384],"_rootPartCFrame":[755.125,228.102,50.483,0.923,0,-0.386,0,1,0,0.386,0,0.923],"_humanoidState":5,"_cameraCFrame":[755.036,230.071,50.629,0.855,0.487,-0.177,0,0.342,0.94,0.518,-0.804,0.292],"_shiftlockState":false,"_pose":"FreeFall","_animationQueue":[],"_animationSpeed":1,"_zoom":0.5},{"_mousePosition":[683,384],"_rootPartCFrame":[754.968,228.21,50.463,0.876,0,-0.483,0,1,0,0.483,0,0.876],"_humanoidState":12,"_cameraCFrame":[754.882,230.18,50.611,0.864,0.472,-0.173,0,0.343,0.939,0.503,-0.812,0.297],"_shiftlockState":false,"_pose":"Climbing","_animationQueue":[["walk",0.1],["fall",0.3],["climb",0.1]],"_animationSpeed":-0.177,"_zoom":0.5},{"_mousePosition":[683,384],"_rootPartCFrame":[754.828,228.395,50.39,0.869,0,-0.495,0,1,0,0.495,0,0.869],"_humanoidState":12,"_cameraCFrame":[754.742,230.364,50.539,0.866,0.47,-0.172,0,0.344,0.939,0.501,-0.813,0.298],"_shiftlockState":false,"_pose":"Climbing","_animationQueue":[["climb",0.1]],"_animationSpeed":0.875,"_zoom":0.5},{"_mousePosition":[683,384],"_rootPartCFrame":[754.723,228.581,50.335,0.866,0,-0.5,0,1,0,0.5,0,0.866],"_humanoidState":12,"_cameraCFrame":[754.635,230.551,50.482,0.859,0.481,-0.176,0,0.343,0.939,0.512,-0.807,0.295],"_shiftlockState":false,"_pose":"Climbing","_animationQueue":[["climb",0.1]],"_animationSpeed":0.932,"_zoom":0.5},{"_mousePosition":[683,384],"_rootPartCFrame":[754.654,228.768,50.298,0.859,0,-0.511,0,1,0,0.511,0,0.859],"_humanoidState":12,"_cameraCFrame":[754.562,230.738,50.442,0.842,0.507,-0.184,0,0.342,0.94,0.539,-0.791,0.288],"_shiftlockState":false,"_pose":"Climbing","_animationQueue":[],"_animationSpeed":0.932,"_zoom":0.5},{"_mousePosition":[683,384],"_rootPartCFrame":[754.619,228.955,50.28,0.842,0,-0.539,0,1,0,0.539,0,0.842],"_humanoidState":12,"_cameraCFrame":[754.521,230.925,50.419,0.818,0.541,-0.196,0,0.341,0.94,0.576,-0.769,0.279],"_shiftlockState":false,"_pose":"Climbing","_animationQueue":[],"_animationSpeed":0.932,"_zoom":0.5},{"_mousePosition":[683,384],"_rootPartCFrame":[754.61,229.141,50.284,0.818,0,-0.576,0,1,0,0.576,0,0.818],"_humanoidState":12,"_cameraCFrame":[754.506,231.111,50.419,0.795,0.571,-0.207,0,0.341,0.94,0.607,-0.747,0.271],"_shiftlockState":false,"_pose":"Climbing","_animationQueue":[],"_animationSpeed":0.932,"_zoom":0.5},{"_mousePosition":[683,384],"_rootPartCFrame":[754.6,229.328,50.297,0.795,0,-0.607,0,1,0,0.607,0,0.795],"_humanoidState":12,"_cameraCFrame":[754.489,231.298,50.426,0.759,0.612,-0.222,0,0.341,0.94,0.651,-0.714,0.259],"_shiftlockState":false,"_pose":"Climbing","_animationQueue":[],"_animationSpeed":0.932,"_zoom":0.5},{"_mousePosition":[683,384],"_rootPartCFrame":[754.582,229.515,50.317,0.76,0,-0.65,0,1,0,0.65,0,0.76],"_humanoidState":12,"_cameraCFrame":[754.461,231.485,50.435,0.697,0.674,-0.243,0,0.339,0.941,0.717,-0.656,0.236],"_shiftlockState":false,"_pose":"Climbing","_animationQueue":[],"_animationSpeed":0.932,"_zoom":0.5},{"_mousePosition":[683,384],"_rootPartCFrame":[754.55,229.701,50.348,0.698,0,-0.716,0,1,0,0.716,0,0.698],"_humanoidState":12,"_cameraCFrame":[754.42,231.672,50.453,0.629,0.732,-0.26,0,0.335,0.942,0.777,-0.593,0.211],"_shiftlockState":false,"_pose":"Climbing","_animationQueue":[],"_animationSpeed":0.932,"_zoom":0.5},{"_mousePosition":[683,384],"_rootPartCFrame":[754.499,229.854,50.358,0.63,0,-0.776,0,1,0,0.776,0,0.63],"_humanoidState":8,"_cameraCFrame":[754.36,231.826,50.448,0.543,0.792,-0.278,0,0.331,0.944,0.84,-0.512,0.18],"_shiftlockState":false,"_pose":"Standing","_animationQueue":[["climb",0.1],["idle",0.1],["idle",0.1]],"_animationSpeed":1,"_zoom":0.5},{"_mousePosition":[683,384],"_rootPartCFrame":[754.419,229.952,50.334,0.619,0,-0.785,0,1,0,0.785,0,0.619],"_humanoidState":5,"_cameraCFrame":[754.273,231.924,50.409,0.456,0.84,-0.293,0,0.33,0.944,0.89,-0.43,0.15],"_shiftlockState":false,"_pose":"FreeFall","_animationQueue":[["walk",0.1],["fall",0.3]],"_animationSpeed":1,"_zoom":0.5},{"_mousePosition":[683,384],"_rootPartCFrame":[754.3,229.998,50.245,0.594,0,-0.804,0,1,0,0.804,0,0.594],"_humanoidState":5,"_cameraCFrame":[754.148,231.97,50.308,0.382,0.873,-0.304,0,0.329,0.944,0.924,-0.361,0.126],"_shiftlockState":false,"_pose":"FreeFall","_animationQueue":[],"_animationSpeed":1,"_zoom":0.5},{"_mousePosition":[683,384],"_rootPartCFrame":[754.215,229.985,50.163,0.278,0,-0.961,0,1,0,0.961,0,0.278],"_humanoidState":5,"_cameraCFrame":[754.056,231.957,50.209,0.281,0.906,-0.318,0,0.331,0.944,0.96,-0.265,0.093],"_shiftlockState":false,"_pose":"FreeFall","_animationQueue":[["fall",0.3]],"_animationSpeed":1,"_zoom":0.5},{"_mousePosition":[683,384],"_rootPartCFrame":[754.116,229.92,50.061,0.232,0,-0.973,0,1,0,0.973,0,0.232],"_humanoidState":5,"_cameraCFrame":[753.956,231.891,50.108,0.281,0.906,-0.318,0,0.331,0.944,0.96,-0.265,0.093],"_shiftlockState":false,"_pose":"FreeFall","_animationQueue":[],"_animationSpeed":1,"_zoom":0.5},{"_mousePosition":[683,384],"_rootPartCFrame":[754.029,229.8,49.985,0.16,0,-0.987,0,1,0,0.987,0,0.16],"_humanoidState":5,"_cameraCFrame":[753.853,231.821,50.036,0.281,0.906,-0.318,0,0.331,0.944,0.96,-0.265,0.093],"_shiftlockState":false,"_pose":"FreeFall","_animationQueue":[],"_animationSpeed":1,"_zoom":1.125},{"_mousePosition":[683,384],"_rootPartCFrame":[753.913,229.625,49.935,0.029,0,-1,0,1,0,1,0,0.029],"_humanoidState":5,"_cameraCFrame":[753.25,233.171,50.145,0.302,0.903,-0.307,0,0.322,0.947,0.953,-0.286,0.097],"_shiftlockState":false,"_pose":"FreeFall","_animationQueue":[],"_animationSpeed":1,"_zoom":1.125},{"_mousePosition":[683,384],"_rootPartCFrame":[753.81,229.396,49.893,0.011,0,-1,0,1,0,1,0,0.011],"_humanoidState":5,"_cameraCFrame":[753.256,232.657,50.081,0.321,0.899,-0.299,0,0.315,0.949,0.947,-0.304,0.101],"_shiftlockState":false,"_pose":"FreeFall","_animationQueue":[],"_animationSpeed":1,"_zoom":0.5},{"_mousePosition":[683,384],"_rootPartCFrame":[753.757,229.474,49.867,0.325,0,-0.946,0,1,0,0.946,0,0.325],"_humanoidState":12,"_cameraCFrame":[753.302,232.421,50.021,0.321,0.899,-0.299,0,0.315,0.949,0.947,-0.304,0.101],"_shiftlockState":false,"_pose":"Climbing","_animationQueue":[["walk",0.1],["fall",0.3],["climb",0.1],["climb",0]],"_animationSpeed":-1.247,"_zoom":0.5},{"_mousePosition":[683,384],"_rootPartCFrame":[753.714,229.704,49.846,0.322,0,-0.947,0,1,0,0.947,0,0.322],"_humanoidState":12,"_cameraCFrame":[753.336,232.424,49.983,0.34,0.893,-0.294,0,0.313,0.95,0.94,-0.323,0.106],"_shiftlockState":false,"_pose":"Climbing","_animationQueue":[["climb",0.1],["climb",0]],"_animationSpeed":0.818,"_zoom":0.5},{"_mousePosition":[683,384],"_rootPartCFrame":[753.194,230.391,50.019,0.356,0,-0.935,0,1,0,0.935,0,0.356],"_humanoidState":3,"_cameraCFrame":[752.948,232.69,50.112,0.355,0.888,-0.292,0,0.312,0.95,0.935,-0.338,0.111],"_shiftlockState":false,"_pose":"Jumping","_animationQueue":[["jump",0.1],["jump",0.1]],"_animationSpeed":1,"_zoom":0.5},{"_mousePosition":[683,384],"_rootPartCFrame":[752.698,231.023,50.186,0.44,0,-0.898,0,1,0,0.898,0,0.44],"_humanoidState":5,"_cameraCFrame":[752.477,233.243,50.27,0.356,0.888,-0.292,0,0.312,0.95,0.934,-0.338,0.111],"_shiftlockState":false,"_pose":"FreeFall","_animationQueue":[["jump",0.1]],"_animationSpeed":1,"_zoom":0.5},{"_mousePosition":[683,384],"_rootPartCFrame":[752.241,231.601,50.341,0.355,0,-0.935,0,1,0,0.935,0,0.355],"_humanoidState":5,"_cameraCFrame":[751.99,233.918,50.436,0.355,0.888,-0.292,0,0.312,0.95,0.935,-0.338,0.111],"_shiftlockState":false,"_pose":"FreeFall","_animationQueue":[["jump",0.1],["fall",0.3]],"_animationSpeed":1,"_zoom":1.125},{"_mousePosition":[683,384],"_rootPartCFrame":[751.723,232.247,50.52,0.279,0,-0.96,0,1,0,0.96,0,0.279],"_humanoidState":5,"_cameraCFrame":[751.377,234.871,50.651,0.355,0.888,-0.292,0,0.312,0.95,0.935,-0.338,0.111],"_shiftlockState":false,"_pose":"FreeFall","_animationQueue":[],"_animationSpeed":1,"_zoom":3.469},{"_mousePosition":[683,384],"_rootPartCFrame":[751.44,232.593,50.619,0.187,0,-0.982,0,1,0,0.982,0,0.187],"_humanoidState":5,"_cameraCFrame":[751.521,237.529,49.727,-0.996,-0.088,0.023,0,0.252,0.968,-0.091,0.964,-0.251],"_shiftlockState":false,"_pose":"FreeFall","_animationQueue":[["fall",0.3]],"_animationSpeed":1,"_zoom":4.836},{"_mousePosition":[683,384],"_rootPartCFrame":[751.087,233.007,50.727,0.238,0,-0.971,0,1,0,0.971,0,0.238],"_humanoidState":5,"_cameraCFrame":[751.158,237.529,49.943,-0.996,-0.088,0.023,0,0.252,0.968,-0.091,0.964,-0.251],"_shiftlockState":false,"_pose":"FreeFall","_animationQueue":[],"_animationSpeed":1,"_zoom":4.836},{"_mousePosition":[683,384],"_rootPartCFrame":[750.755,233.367,50.803,0.356,0,-0.934,0,1,0,0.934,0,0.356],"_humanoidState":5,"_cameraCFrame":[750.818,237.529,50.112,-0.996,-0.088,0.023,0,0.252,0.968,-0.091,0.964