[{"_mousePosition":[994,432],"_rootPartCFrame":[776.028,222.95,47.142,0,0,1,0,1,0,-1,0,0],"_humanoidState":8,"_cameraCFrame":[782.092,228.425,47.79,0.106,-0.543,0.833,0,0.838,0.546,-0.994,-0.058,0.089],"_shiftlockState":false,"_pose":"Standing","_animationQueue":[],"_animationSpeed":1,"_zoom":7.28},{"_mousePosition":[971,426],"_rootPartCFrame":[775.954,222.891,47.05,0.066,0,0.998,0,1,0,-0.998,0,0.066],"_humanoidState":8,"_cameraCFrame":[782.018,228.366,47.698,0.106,-0.543,0.833,0,0.838,0.546,-0.994,-0.058,0.089],"_shiftlockState":false,"_pose":"Standing","_animationQueue":[],"_animationSpeed":1,"_zoom":7.28},{"_mousePosition":[905,408],"_rootPartCFrame":[775.79,222.759,46.847,0.175,0,0.985,0,1,0,-0.985,0,0.175],"_humanoidState":8,"_cameraCFrame":[781.854,228.234,47.495,0.106,-0.543,0.833,0,0.838,0.546,-0.994,-0.058,0.089],"_shiftlockState":false,"_pose":"Running","_animationQueue":[["walk",0.1]],"_animationSpeed":0.836,"_zoom":7.28},{"_mousePosition":[881,402],"_rootPartCFrame":[775.622,222.651,46.639,0.269,0,0.963,0,1,0,-0.963,0,0.269],"_humanoidState":8,"_cameraCFrame":[781.687,228.126,47.287,0.106,-0.543,0.833,0,0.838,0.546,-0.994,-0.058,0.089],"_shiftlockState":false,"_pose":"Running","_animationQueue":[["walk",0.1]],"_animationSpeed":1.098,"_zoom":7.28},{"_mousePosition":[812,385],"_rootPartCFrame":[775.455,222.661,46.432,0.349,0,0.937,0,1,0,-0.937,0,0.349],"_humanoidState":8,"_cameraCFrame":[781.519,228.136,47.08,0.106,-0.543,0.833,0,0.838,0.546,-0.994,-0.058,0.089],"_shiftlockState":false,"_pose":"Running","_animationQueue":[],"_animationSpeed":1.098,"_zoom":7.28},{"_mousePosition":[788,379],"_rootPartCFrame":[775.287,222.677,46.224,0.416,0,0.909,0,1,0,-0.909,0,0.416],"_humanoidState":8,"_cameraCFrame":[781.352,228.152,46.872,0.106,-0.543,0.833,0,0.838,0.546,-0.994,-0.058,0.089],"_shiftlockState":false,"_pose":"Running","_animationQueue":[],"_animationSpeed":1.098,"_zoom":7.28},{"_mousePosition":[728,367],"_rootPartCFrame":[775.12,222.687,46.017,0.472,0,0.882,0,1,0,-0.882,0,0.472],"_humanoidState":8,"_cameraCFrame":[781.184,228.162,46.665,0.106,-0.543,0.833,0,0.838,0.546,-0.994,-0.058,0.089],"_shiftlockState":false,"_pose":"Running","_animationQueue":[],"_animationSpeed":1.098,"_zoom":7.28},{"_mousePosition":[713,365],"_rootPartCFrame":[774.953,222.693,45.809,0.519,0,0.855,0,1,0,-0.855,0,0.519],"_humanoidState":8,"_cameraCFrame":[781.017,228.168,46.457,0.106,-0.543,0.833,0,0.838,0.546,-0.994,-0.058,0.089],"_shiftlockState":false,"_pose":"Running","_animationQueue":[],"_animationSpeed":1.098,"_zoom":7.28},{"_mousePosition":[671,356],"_rootPartCFrame":[774.701,222.697,45.498,0.578,0,0.816,0,1,0,-0.816,0,0.578],"_humanoidState":8,"_cameraCFrame":[780.766,228.172,46.146,0.106,-0.543,0.833,0,0.838,0.546,-0.994,-0.058,0.089],"_shiftlockState":false,"_pose":"Running","_animationQueue":[["walk",0.1]],"_animationSpeed":1.098,"_zoom":7.28},{"_mousePosition":[655,353],"_rootPartCFrame":[774.618,222.698,45.394,0.593,0,0.805,0,1,0,-0.805,0,0.593],"_humanoidState":8,"_cameraCFrame":[780.682,228.173,46.042,0.106,-0.543,0.833,0,0.838,0.546,-0.994,-0.058,0.089],"_shiftlockState":false,"_pose":"Running","_animationQueue":[],"_animationSpeed":1.098,"_zoom":7.28},{"_mousePosition":[583,342],"_rootPartCFrame":[774.45,222.699,45.187,0.621,0,0.784,0,1,0,-0.784,0,0.621],"_humanoidState":8,"_cameraCFrame":[780.515,228.174,45.835,0.106,-0.543,0.833,0,0.838,0.546,-0.994,-0.058,0.089],"_shiftlockState":false,"_pose":"Running","_animationQueue":[],"_animationSpeed":1.098,"_zoom":7.28},{"_mousePosition":[548,338],"_rootPartCFrame":[774.031,222.699,44.668,0.677,0,0.736,0,1,0,-0.736,0,0.677],"_humanoidState":8,"_cameraCFrame":[780.096,228.174,45.316,0.106,-0.543,0.833,0,0.838,0.546,-0.994,-0.058,0.089],"_shiftlockState":false,"_pose":"Running","_animationQueue":[],"_animationSpeed":1.098,"_zoom":7.28},{"_mousePosition":[539,338],"_rootPartCFrame":[773.864,222.7,44.46,0.692,0,0.722,0,1,0,-0.722,0,0.692],"_humanoidState":8,"_cameraCFrame":[779.928,228.175,45.108,0.106,-0.543,0.833,0,0.838,0.546,-0.994,-0.058,0.089],"_shiftlockState":false,"_pose":"Running","_animationQueue":[],"_animationSpeed":1.098,"_zoom":7.28},{"_mousePosition":[512,341],"_rootPartCFrame":[773.78,222.7,44.357,0.699,0,0.716,0,1,0,-0.716,0,0.699],"_humanoidState":8,"_cameraCFrame":[779.845,228.175,45.004,0.106,-0.543,0.833,0,0.838,0.546,-0.994,-0.058,0.089],"_shiftlockState":false,"_pose":"Running","_animationQueue":[],"_animationSpeed":1.098,"_zoom":7.28},{"_mousePosition":[500,347],"_rootPartCFrame":[773.613,222.7,44.149,0.71,0,0.704,0,1,0,-0.704,0,0.71],"_humanoidState":8,"_cameraCFrame":[779.677,228.175,44.797,0.106,-0.543,0.833,0,0.838,0.546,-0.994,-0.058,0.089],"_shiftlockState":false,"_pose":"Running","_animationQueue":[["walk",0.1]],"_animationSpeed":1.098,"_zoom":7.28},{"_mousePosition":[500,347],"_rootPartCFrame":[773.445,222.7,43.941,0.72,0,0.694,0,1,0,-0.694,0,0.72],"_humanoidState":8,"_cameraCFrame":[779.464,228.263,44.457,0.085,-0.556,0.827,0,0.83,0.558,-0.996,-0.048,0.071],"_shiftlockState":false,"_pose":"Running","_animationQueue":[],"_animationSpeed":1.098,"_zoom":7.28},{"_mousePosition":[500,347],"_rootPartCFrame":[773.278,222.7,43.734,0.728,0,0.686,0,1,0,-0.686,0,0.728],"_humanoidState":8,"_cameraCFrame":[779.211,228.398,44.142,0.069,-0.575,0.815,0,0.817,0.577,-0.998,-0.04,0.056],"_shiftlockState":false,"_pose":"Running","_animationQueue":[],"_animationSpeed":1.098,"_zoom":7.28},{"_mousePosition":[500,347],"_rootPartCFrame":[773.106,222.7,43.53,0.733,0,0.68,0,1,0,-0.68,0,0.733],"_humanoidState":8,"_cameraCFrame":[778.933,228.55,43.876,0.059,-0.597,0.8,0,0.802,0.598,-0.998,-0.035,0.048],"_shiftlockState":false,"_pose":"Running","_animationQueue":[],"_animationSpeed":1.098,"_zoom":7.28},{"_mousePosition":[500,347],"_rootPartCFrame":[772.931,222.7,43.328,0.736,0,0.677,0,1,0,-0.677,0,0.736],"_humanoidState":8,"_cameraCFrame":[778.573,228.791,43.634,0.054,-0.63,0.775,0,0.776,0.631,-0.999,-0.034,0.042],"_shiftlockState":false,"_pose":"Running","_animationQueue":[],"_animationSpeed":1.098,"_zoom":7.28},{"_mousePosition":[500,347],"_rootPartCFrame":[772.755,222.7,43.129,0.738,0,0.675,0,1,0,-0.675,0,0.738],"_humanoidState":8,"_cameraCFrame":[778.156,229.072,43.416,0.053,-0.668,0.742,0,0.743,0.669,-0.999,-0.035,0.039],"_shiftlockState":false,"_pose":"Running","_animationQueue":[],"_animationSpeed":1.098,"_zoom":7.28},{"_mousePosition":[500,347],"_rootPartCFrame":[772.577,222.7,42.93,0.739,0,0.674,0,1,0,-0.674,0,0.739],"_humanoidState":8,"_cameraCFrame":[777.749,229.315,43.199,0.052,-0.702,0.711,0,0.711,0.703,-0.999,-0.037,0.037],"_shiftlockState":false,"_pose":"Running","_animationQueue":[["walk",0.1]],"_animationSpeed":1.098,"_zoom":7.28},{"_mousePosition":[500,347],"_rootPartCFrame":[772.398,222.7,42.732,0.74,0,0.673,0,1,0,-0.673,0,0.74],"_humanoidState":8,"_cameraCFrame":[777.319,229.56,42.962,0.047,-0.735,0.676,0,0.677,0.736,-0.999,-0.034,0.032],"_shiftlockState":false,"_pose":"Running","_animationQueue":[],"_animationSpeed":1.098,"_zoom":7.28},{"_mousePosition":[500,347],"_rootPartCFrame":[772.22,222.7,42.534,0.74,0,0.673,0,1,0,-0.673,0,0.74],"_humanoidState":8,"_cameraCFrame":[776.878,229.792,42.693,0.034,-0.768,0.64,0,0.64,0.768,-0.999,-0.026,0.022],"_shiftlockState":false,"_pose":"Running","_animationQueue":[],"_animationSpeed":1.098,"_zoom":7.28},{"_mousePosition":[500,347],"_rootPartCFrame":[772.04,222.7,42.337,0.74,0,0.673,0,1,0,-0.673,0,0.74],"_humanoidState":8,"_cameraCFrame":[776.448,229.993,42.432,0.022,-0.796,0.605,0,0.606,0.796,-1,-0.017,0.013],"_shiftlockState":false,"_pose":"Running","_animationQueue":[],"_animationSpeed":1.098,"_zoom":7.28},{"_mousePosition":[500,347],"_rootPartCFrame":[771.858,222.7,42.142,0.739,0,0.674,0,1,0,-0.674,0,0.739],"_humanoidState":8,"_cameraCFrame":[775.967,230.209,42.192,0.012,-0.825,0.564,0,0.564,0.826,-1,-0.01,0.007],"_shiftlockState":false,"_pose":"Running","_animationQueue":[],"_animationSpeed":1.098,"_zoom":7.28},{"_mousePosition":[500,347],"_rootPartCFrame":[771.674,222.7,41.949,0.737,0,0.676,0,1,0,-0.676,0,0.737],"_humanoidState":8,"_cameraCFrame":[775.437,230.432,42.002,0.014,-0.856,0.517,0,0.517,0.856,-1,-0.012,0.007],"_shiftlockState":false,"_pose":"Running","_animationQueue":[],"_animationSpeed":1.098,"_zoom":7.28},{"_mousePosition":[500,347],"_rootPartCFrame":[771.488,222.7,41.758,0.734,0,0.679,0,1,0,-0.679,0,0.734],"_humanoidState":8,"_cameraCFrame":[774.877,230.642,41.863,0.031,-0.885,0.465,0,0.466,0.885,-1,-0.027,0.014],"_shiftlockState":false,"_pose":"Running","_animationQueue":[["walk",0.1]],"_animationSpeed":1.098,"_zoom":7.28},{"_mousePosition":[500,347],"_rootPartCFrame":[771.302,222.7,41.567,0.732,0,0.682,0,1,0,-0.682,0,0.732],"_humanoidState":8,"_cameraCFrame":[774.248,230.854,41.748,0.061,-0.912,0.405,0,0.405,0.914,-0.998,-0.056,0.025],"_shiftlockState":false,"_pose":"Running","_animationQueue":[],"_animationSpeed":1.098,"_zoom":7.28},{"_mousePosition":[500,347],"_rootPartCFrame":[771.116,223.563,41.375,0.73,0,0.684,0,1,0,-0.684,0,0.73],"_humanoidState":3,"_cameraCFrame":[773.726,231.854,41.621,0.094,-0.929,0.358,0,0.36,0.933,-0.996,-0.087,0.034],"_shiftlockState":false,"_pose":"Jumping","_animationQueue":[["walk",0.1],["jump",0.1]],"_animationSpeed":1,"_zoom":7.28},{"_mousePosition":[500,347],"_rootPartCFrame":[770.971,224.174,41.245,0.696,0,0.718,0,1,0,-0.718,0,0.696],"_humanoidState":5,"_cameraCFrame":[773.257,232.579,41.546,0.13,-0.94,0.314,0,0.317,0.949,-0.991,-0.123,0.041],"_shiftlockState":false,"_pose":"FreeFall","_animationQueue":[["jump",0.1]],"_animationSpeed":1,"_zoom":7.28},{"_mousePosition":[500,347],"_rootPartCFrame":[770.762,224.941,41.104,0.63,0,0.776,0,1,0,-0.776,0,0.63],"_humanoidState":5,"_cameraCFrame":[772.741,233.439,41.446,0.171,-0.947,0.272,0,0.276,0.961,-0.985,-0.164,0.047],"_shiftlockState":false,"_pose":"FreeFall","_animationQueue":[],"_animationSpeed":1,"_zoom":7.28},{"_mousePosition":[500,347],"_rootPartCFrame":[770.475,225.824,40.976,0.552,0,0.834,0,1,0,-0.834,0,0.552],"_humanoidState":5,"_cameraCFrame":[772.165,234.395,41.351,0.217,-0.948,0.232,0,0.238,0.971,-0.976,-0.211,0.052],"_shiftlockState":false,"_pose":"FreeFall","_animationQueue":[],"_animationSpeed":1,"_zoom":7.28},{"_mousePosition":[500,347],"_rootPartCFrame":[770.288,226.313,40.926,0.513,0,0.859,0,1,0,-0.859,0,0.513],"_humanoidState":5,"_cameraCFrame":[771.685,234.947,41.316,0.27,-0.944,0.192,0,0.199,0.98,-0.963,-0.264,0.054],"_shiftlockState":false,"_pose":"FreeFall","_animationQueue":[],"_animationSpeed":1,"_zoom":7.28},{"_mousePosition":[500,347],"_rootPartCFrame":[770.029,226.917,40.868,0.471,0,0.882,0,1,0,-0.882,0,0.471],"_humanoidState":5,"_cameraCFrame":[771.227,235.586,41.27,0.319,-0.933,0.165,0,0.174,0.985,-0.948,-0.314,0.055],"_shiftlockState":false,"_pose":"FreeFall","_animationQueue":[],"_animationSpeed":1,"_zoom":7.28},{"_mousePosition":[500,347],"_rootPartCFrame":[769.771,227.467,40.798,0.441,0,0.897,0,1,0,-0.897,0,0.441],"_humanoidState":5,"_cameraCFrame":[770.951,236.136,41.253,0.36,-0.919,0.162,0,0.174,0.985,-0.933,-0.355,0.063],"_shiftlockState":false,"_pose":"FreeFall","_animationQueue":[],"_animationSpeed":1,"_zoom":7.28},{"_mousePosition":[500,347],"_rootPartCFrame":[769.455,228.077,40.694,0.417,0,0.909,0,1,0,-0.909,0,0.417],"_humanoidState":5,"_cameraCFrame":[770.62,236.746,41.184,0.388,-0.908,0.16,0,0.174,0.985,-0.922,-0.382,0.067],"_shiftlockState":false,"_pose":"FreeFall","_animationQueue":[],"_animationSpeed":1,"_zoom":7.28},{"_mousePosition":[500,347],"_rootPartCFrame":[769.268,228.402,40.623,0.409,0,0.913,0,1,0,-0.913,0,0.409],"_humanoidState":5,"_cameraCFrame":[770.421,237.072,41.14,0.409,-0.899,0.158,0,0.174,0.985,-0.912,-0.403,0.071],"_shiftlockState":false,"_pose":"FreeFall","_animationQueue":[],"_animationSpeed":1,"_zoom":7.28},{"_mousePosition":[500,347],"_rootPartCFrame":[769.021,228.788,40.521,0.404,0,0.915,0,1,0,-0.915,0,0.404],"_humanoidState":5,"_cameraCFrame":[770.167,237.458,41.056,0.424,-0.892,0.157,0,0.174,0.985,-0.906,-0.417,0.074],"_shiftlockState":false,"_pose":"FreeFall","_animationQueue":[],"_animationSpeed":1,"_zoom":7.28},{"_mousePosition":[500,347],"_rootPartCFrame":[768.778,229.12,40.413,0.404,0,0.915,0,1,0,-0.915,0,0.404],"_humanoidState":5,"_cameraCFrame":[769.92,237.789,40.954,0.428,-0.89,0.157,0,0.174,0.985,-0.904,-0.422,0.074],"_shiftlockState":false,"_pose":"FreeFall","_animationQueue":[],"_animationSpeed":1,"_zoom":7.28},{"_mousePosition":[500,347],"_rootPartCFrame":[768.476,229.457,40.272,0.406,0,0.914,0,1,0,-0.914,0,0.406],"_humanoidState":5,"_cameraCFrame":[769.619,238.127,40.812,0.427,-0.89,0.157,0,0.174,0.985,-0.904,-0.421,0.074],"_shiftlockState":false,"_pose":"FreeFall","_animationQueue":[],"_animationSpeed":1,"_zoom":7.28},{"_mousePosition":[500,347],"_rootPartCFrame":[768.295,229.619,40.186,0.408,0,0.913,0,1,0,-0.913,0,0.408],"_humanoidState":5,"_cameraCFrame":[769.442,238.289,40.717,0.42,-0.894,0.158,0,0.174,0.985,-0.908,-0.413,0.073],"_shiftlockState":false,"_pose":"FreeFall","_animationQueue":[],"_animationSpeed":1,"_zoom":7.28},{"_mousePosition":[500,347],"_rootPartCFrame":[767.993,229.821,40.044,0.411,0,0.911,0,1,0,-0.911,0,0.411],"_humanoidState":5,"_cameraCFrame":[769.147,238.49,40.561,0.409,-0.899,0.158,0,0.174,0.985,-0.912,-0.403,0.071],"_shiftlockState":false,"_pose":"FreeFall","_animationQueue":[],"_animationSpeed":1,"_zoom":7.28},{"_mousePosition":[500,347],"_rootPartCFrame":[767.812,229.901,39.96,0.413,0,0.911,0,1,0,-0.911,0,0.413],"_humanoidState":5,"_cameraCFrame":[768.972,238.57,40.461,0.397,-0.904,0.159,0,0.174,0.985,-0.918,-0.391,0.069],"_shiftlockState":false,"_pose":"FreeFall","_animationQueue":[],"_animationSpeed":1,"_zoom":7.28},{"_mousePosition":[500,347],"_rootPartCFrame":[767.569,229.96,39.85,0.413,0,0.911,0,1,0,-0.911,0,0.413],"_humanoidState":5,"_cameraCFrame":[768.736,238.629,40.336,0.384,-0.909,0.16,0,0.174,0.985,-0.923,-0.378,0.067],"_shiftlockState":false,"_pose":"FreeFall","_animationQueue":[],"_animationSpeed":1,"_zoom":7.28},{"_mousePosition":[500,347],"_rootPartCFrame":[767.324,229.964,39.744,0.411,0,0.912,0,1,0,-0.912,0,0.411],"_humanoidState":5,"_cameraCFrame":[768.499,238.634,40.212,0.371,-0.915,0.161,0,0.174,0.985,-0.929,-0.365,0.064],"_shiftlockState":false,"_pose":"FreeFall","_animationQueue":[],"_animationSpeed":1,"_zoom":7.28},{"_mousePosition":[500,347],"_rootPartCFrame":[767.017,229.893,39.615,0.407,0,0.913,0,1,0,-0.913,0,0.407],"_humanoidState":5,"_cameraCFrame":[768.197,238.563,40.068,0.358,-0.92,0.162,0,0.174,0.985,-0.934,-0.353,0.062],"_shiftlockState":false,"_pose":"FreeFall","_animationQueue":[["fall",0.3]],"_animationSpeed":1,"_zoom":7.28},{"_mousePosition":[500,347],"_rootPartCFrame":[766.831,229.81,39.541,0.404,0,0.915,0,1,0,-0.915,0,0.404],"_humanoidState":5,"_cameraCFrame":[768.027,238.478,39.968,0.336,-0.927,0.164,0,0.174,0.985,-0.942,-0.331,0.059],"_shiftlockState":false,"_pose":"FreeFall","_animationQueue":[],"_animationSpeed":1,"_zoom":7.28},{"_mousePosition":[500,347],"_rootPartCFrame":[766.52,229.603,39.421,0.397,0,0.918,0,1,0,-0.918,0,0.397],"_humanoidState":5,"_cameraCFrame":[767.754,238.266,39.826,0.312,-0.935,0.17,0,0.178,0.984,-0.95,-0.307,0.056],"_shiftlockState":false,"_pose":"FreeFall","_animationQueue":[],"_animationSpeed":1,"_zoom":7.28},{"_mousePosition":[500,347],"_rootPartCFrame":[766.332,229.437,39.353,0.392,0,0.92,0,1,0,-0.92,0,0.392],"_humanoidState":5,"_cameraCFrame":[767.604,238.095,39.736,0.289,-0.941,0.175,0,0.182,0.983,-0.957,-0.284,0.053],"_shiftlockState":false,"_pose":"FreeFall","_animationQueue":[],"_animationSpeed":1,"_zoom":7.28},{"_mousePosition":[500,347],"_rootPartCFrame":[766.016,229.094,39.248,0.379,0,0.925,0,1,0,-0.925,0,0.379],"_humanoidState":5,"_cameraCFrame":[767.304,237.75,39.614,0.274,-0.945,0.177,0,0.184,0.983,-0.962,-0.269,0.05],"_shiftlockState":false,"_pose":"FreeFall","_animationQueue":[],"_animationSpeed":1,"_zoom":7.28},{"_mousePosition":[500,347],"_rootPartCFrame":[765.825,228.847,39.189,0.371,0,0.929,0,1,0,-0.929,0,0.371],"_humanoidState":5,"_cameraCFrame":[767.135,237.499,39.54,0.258,-0.949,0.18,0,0.186,0.982,-0.966,-0.254,0.048],"_shiftlockState":false,"_pose":"FreeFall","_animationQueue":[],"_animationSpeed":1,"_zoom":7.28},{"_mousePosition":[500,347],"_rootPartCFrame":[765.504,228.367,39.097,0.355,0,0.935,0,1,0,-0.935,0,0.355],"_humanoidState":5,"_cameraCFrame":[766.831,237.017,39.433,0.245,-0.952,0.182,0,0.188,0.982,-0.969,-0.241,0.046],"_shiftlockState":false,"_pose":"FreeFall","_animationQueue":[],"_animationSpeed":1,"_zoom":7.28},{"_mousePosition":[500,347],"_rootPartCFrame":[765.311,228.038,39.045,0.346,0,0.938,0,1,0,-0.938,0,0.346],"_humanoidState":5,"_cameraCFrame":[766.664,236.684,39.368,0.232,-0.955,0.186,0,0.191,0.982,-0.973,-0.228,0.044],"_shiftlockState":false,"_pose":"FreeFall","_animationQueue":[["fall",0.3]],"_animationSpeed":1,"_zoom":7.28},{"_mousePosition":[500,347],"_rootPartCFrame":[764.988,227.422,38.963,0.329,0,0.944,0,1,0,-0.944,0,0.329],"_humanoidState":5,"_cameraCFrame":[766.376,236.063,39.265,0.213,-0.958,0.191,0,0.195,0.981,-0.977,-0.209,0.041],"_shiftlockState":false,"_pose":"FreeFall","_animationQueue":[],"_animationSpeed":1,"_zoom":7.28},{"_mousePosition":[500,347],"_rootPartCFrame":[764.794,227.012,38.916,0.32,0,0.948,0,1,0,-0.948,0,0.32],"_humanoidState":5,"_cameraCFrame":[766.223,235.645,39.185,0.185,-0.963,0.196,0,0.2,0.98,-0.983,-0.181,0.037],"_shiftlockState":false,"_pose":"FreeFall","_animationQueue":[],"_animationSpeed":1,"_zoom":7.28},{"_mousePosition":[500,347],"_rootPartCFrame":[764.468,226.26,38.844,0.302,0,0.953,0,1,0,-0.953,0,0.302],"_humanoidState":5,"_cameraCFrame":[765.932,234.887,39.085,0.162,-0.966,0.201,0,0.204,0.979,-0.987,-0.159,0.033],"_shiftlockState":false,"_pose":"FreeFall","_animationQueue":[],"_animationSpeed":1,"_zoom":7.28},{"_mousePosition":[500,347],"_rootPartCFrame":[764.272,225.768,38.806,0.291,0,0.957,0,1,0,-0.957,0,0.291],"_humanoidState":5,"_cameraCFrame":[765.769,234.389,39.015,0.138,-0.969,0.206,0,0.208,0.978,-0.99,-0.135,0.029],"_shiftlockState":false,"_pose":"FreeFall","_animationQueue":[],"_animationSpeed":1,"_zoom":7.28},{"_mousePosition":[500,347],"_rootPartCFrame":[763.943,224.879,38.751,0.271,0,0.963,0,1,0,-0.963,0,0.271],"_humanoidState":5,"_cameraCFrame":[765.466,233.495,38.941,0.124,-0.97,0.209,0,0.211,0.978,-0.992,-0.121,0.026],"_shiftlockState":false,"_pose":"FreeFall","_animationQueue":[],"_animationSpeed":1,"_zoom":7.28},{"_mousePosition":[500,347],"_rootPartCFrame":[763.745,224.305,38.722,0.258,0,0.966,0,1,0,-0.966,0,0.258],"_humanoidState":5,"_cameraCFrame":[765.281,232.919,38.901,0.116,-0.971,0.211,0,0.212,0.977,-0.993,-0.113,0.025],"_shiftlockState":false,"_pose":"FreeFall","_animationQueue":[],"_animationSpeed":1,"_zoom":7.28},{"_mousePosition":[500,347],"_rootPartCFrame":[763.481,223.492,38.689,0.24,0,0.971,0,1,0,-0.971,0,0.24],"_humanoidState":5,"_cameraCFrame":[765.017,232.106,38.867,0.116,-0.971,0.211,0,0.212,0.977,-0.993,-0.113,0.025],"_shiftlockState":false,"_pose":"FreeFall","_animationQueue":[["fall",0.3]],"_animationSpeed":1,"_zoom":7.28},{"_mousePosition":[500,347],"_rootPartCFrame":[763.216,222.625,38.658,0.223,0,0.975,0,1,0,-0.975,0,0.223],"_humanoidState":5,"_cameraCFrame":[764.752,231.238,38.836,0.116,-0.971,0.211,0,0.212,0.977,-0.993,-0.113,0.025],"_shiftlockState":false,"_pose":"FreeFall","_animationQueue":[],"_animationSpeed":1,"_zoom":7.28},{"_mousePosition":[500,347],"_rootPartCFrame":[762.951,221.703,38.627,0.208,0,0.978,0,1,0,-0.978,0,0.208],"_humanoidState":5,"_cameraCFrame":[764.487,230.316,38.805,0.116,-0.971,0.211,0,0.212,0.977,-0.993,-0.113,0.025],"_shiftlockState":false,"_pose":"FreeFall","_animationQueue":[],"_animationSpeed":1,"_zoom":7.28},{"_mousePosition":[476,367],"_rootPartCFrame":[762.686,222.102,38.596,0.195,0,0.981,0,1,0,-0.981,0,0.195],"_humanoidState":7,"_cameraCFrame":[764.259,230.888,38.779,0.116,-0.971,0.211,0,0.212,0.977,-0.993,-0.113,0.025],"_shiftlockState":false,"_pose":"FreeFall","_animationQueue":[["walk",0.1],["fall",0.3],["fall",0.3]],"_animationSpeed":1,"_zoom":9.6},{"_mousePosition":[476,367],"_rootPartCFrame":[762.355,222.875,38.557,0.182,0,0.983,0,1,0,-0.983,0,0.182],"_humanoidState":7,"_cameraCFrame":[764.008,232.032,38.75,0.116,-0.971,0.211,0,0.212,0.977,-0.993,-0.113,0.025],"_shiftlockState":false,"_pose":"FreeFall","_animationQueue":[],"_animationSpeed":1,"_zoom":9.6},{"_mousePosition":[476,367],"_rootPartCFrame":[762.09,223.24,38.527,0.172,0,0.985,0,1,0,-0.985,0,0.172],"_humanoidState":8,"_cameraCFrame":[763.818,232.745,38.728,0.116,-0.971,0.211,0,0.212,0.977,-0.993,-0.113,0.025],"_shiftlockState":false,"_pose":"Running","_animationQueue":[["walk",0.1],["fall",0.3],["walk",0.1]],"_animationSpeed":1.103,"_zoom":9.6},{"_mousePosition":[476,367],"_rootPartCFrame":[761.825,223.452,38.496,0.164,0,0.986,0,1,0,-0.986,0,0.164],"_humanoidState":8,"_cameraCFrame":[763.69,233.59,38.713,0.116,-0.971,0.211,0,0.212,0.977,-0.993,-0.113,0.025],"_shiftlockState":false,"_pose":"Running","_animationQueue":[],"_animationSpeed":1.103,"_zoom":12.5},{"_mousePosition":[476,367],"_rootPartCFrame":[761.56,223.565,38.465,0.157,0,0.988,0,1,0,-0.988,0,0.157],"_humanoidState":8,"_cameraCFrame":[763.588,234.457,38.701,0.116,-0.971,0.211,0,0.212,0.977,-0.993,-0.113,0.025],"_shiftlockState":false,"_pose":"Running","_animationQueue":[["walk",0.1]],"_animationSpeed":1.103,"_zoom":12.5},{"_mousePosition":[500,347],"_rootPartCFrame":[761.295,223.626,38.434,0.152,0,0.988,0,1,0,-0.988,0,0.152],"_humanoidState":8,"_cameraCFrame":[763.474,235.178,38.688,0.116,-0.97,0.212,0,0.213,0.977,-0.993,-0.113,0.025],"_shiftlockState":false,"_pose":"Running","_animationQueue":[],"_animationSpeed":1.103,"_zoom":12.5},{"_mousePosition":[500,347],"_rootPartCFrame":[761.03,223.66,38.403,0.147,0,0.989,0,1,0,-0.989,0,0.147],"_humanoidState":8,"_cameraCFrame":[763.529,235.799,36.944,0.121,-0.97,0.21,0,0.212,0.977,-0.993,-0.118,0.026],"_shiftlockState":true,"_pose":"Running","_animationQueue":[],"_animationSpeed":1.103,"_zoom":12.5},{"_mousePosition":[683,384],"_rootPartCFrame":[760.699,223.681,38.365,0.119,0,0.993,0,1,0,-0.993,0,0.119],"_humanoidState":8,"_cameraCFrame":[763.295,236.274,36.918,0.121,-0.97,0.21,0,0.212,0.977,-0.993,-0.118,0.026],"_shiftlockState":true,"_pose":"Running","_animationQueue":[],"_animationSpeed":1.103,"_zoom":12.5},{"_mousePosition":[683,384],"_rootPartCFrame":[760.501,223.688,38.341,0.121,0,0.993,0,1,0,-0.993,0,0.121],"_humanoidState":8,"_cameraCFrame":[763.121,236.597,36.938,0.137,-0.969,0.204,0,0.206,0.979,-0.991,-0.134,0.028],"_shiftlockState":true,"_pose":"Running","_animationQueue":[],"_animationSpeed":1.103,"_zoom":12.5},{"_mousePosition":[683,384],"_rootPartCFrame":[760.236,223.693,38.309,0.137,0,0.991,0,1,0,-0.991,0,0.137],"_humanoidState":8,"_cameraCFrame":[762.912,236.868,36.913,0.137,-0.969,0.204,0,0.206,0.979,-0.991,-0.134,0.028],"_shiftlockState":true,"_pose":"Running","_animationQueue":[],"_animationSpeed":1.103,"_zoom":12.5},{"_mousePosition":[683,384],"_rootPartCFrame":[759.972,223.696,38.273,0.137,0,0.991,0,1,0,-0.991,0,0.137],"_humanoidState":8,"_cameraCFrame":[762.687,237.056,36.882,0.137,-0.969,0.204,0,0.206,0.979,-0.991,-0.134,0.028],"_shiftlockState":true,"_pose":"Running","_animationQueue":[],"_animationSpeed":1.103,"_zoom":12.5},{"_mousePosition":[683,384],"_rootPartCFrame":[759.642,223.698,38.227,0.137,0,0.991,0,1,0,-0.991,0,0.137],"_humanoidState":8,"_cameraCFrame":[762.38,237.172,36.84,0.137,-0.969,0.204,0,0.206,0.979,-0.991,-0.134,0.028],"_shiftlockState":true,"_pose":"Running","_animationQueue":[["walk",0.1]],"_animationSpeed":1.103,"_zoom":12.5},{"_mousePosition":[683,384],"_rootPartCFrame":[759.444,223.699,38.199,0.137,0,0.991,0,1,0,-0.991,0,0.137],"_humanoidState":8,"_cameraCFrame":[762.199,237.253,36.815,0.137,-0.969,0.204,0,0.206,0.979,-0.991,-0.134,0.028],"_shiftlockState":true,"_pose":"Running","_animationQueue":[],"_animationSpeed":1.103,"_zoom":12.5},{"_mousePosition":[683,384],"_rootPartCFrame":[759.179,223.699,38.163,0.137,0,0.991,0,1,0,-0.991,0,0.137],"_humanoidState":8,"_cameraCFrame":[761.947,237.312,36.78,0.137,-0.969,0.204,0,0.206,0.979,-0.991,-0.134,0.028],"_shiftlockState":true,"_pose":"Running","_animationQueue":[],"_animationSpeed":1.103,"_zoom":12.5},{"_mousePosition":[683,384],"_rootPartCFrame":[758.915,223.699,38.126,0.137,0,0.991,0,1,0,-0.991,0,0.137],"_humanoidState":8,"_cameraCFrame":[761.691,237.352,36.744,0.137,-0.969,0.204,0,0.206,0.979,-0.991,-0.134,0.028],"_shiftlockState":true,"_pose":"Running","_animationQueue":[],"_animationSpeed":1.103,"_zoom":12.5},{"_mousePosition":[683,384],"_rootPartCFrame":[758.651,223.699,38.089,0.137,0,0.991,0,1,0,-0.991,0,0.137],"_humanoidState":8,"_cameraCFrame":[761.433,237.379,36.708,0.137,-0.969,0.204,0,0.206,0.979,-0.991,-0.134,0.028],"_shiftlockState":true,"_pose":"Running","_animationQueue":[],"_animationSpeed":1.103,"_zoom":12.5},{"_mousePosition":[683,384],"_rootPartCFrame":[758.387,223.7,38.053,0.137,0,0.991,0,1,0,-0.991,0,0.137],"_humanoidState":8,"_cameraCFrame":[761.172,237.396,36.672,0.137,-0.969,0.204,0,0.206,0.979,-0.991,-0.134,0.028],"_shiftlockState":true,"_pose":"Running","_animationQueue":[],"_animationSpeed":1.103,"_zoom":12.5},{"_mousePosition":[683,384],"_rootPartCFrame":[758.123,223.7,38.016,0.137,0,0.991,0,1,0,-0.991,0,0.137],"_humanoidState":8,"_cameraCFrame":[760.91,237.408,36.636,0.137,-0.969,0.204,0,0.206,0.979,-0.991,-0.134,0.028],"_shiftlockState":true,"_pose":"Running","_animationQueue":[],"_animationSpeed":1.103,"_zoom":12.5},{"_mousePosition":[683,384],"_rootPartCFrame":[757.793,223.7,37.97,0.137,0,0.991,0,1,0,-0.991,0,0.137],"_humanoidState":8,"_cameraCFrame":[760.582,237.416,36.59,0.137,-0.969,0.204,0,0.206,0.979,-0.991,-0.134,0.028],"_shiftlockState":true,"_pose":"Running","_animationQueue":[["walk",0.1]],"_animationSpeed":1.103,"_zoom":12.5},{"_mousePosition":[683,384],"_rootPartCFrame":[757.462,223.7,37.924,0.137,0,0.991,0,1,0,-0.991,0,0.137],"_humanoidState":8,"_cameraCFrame":[760.309,237.691,36.553,0.137,-0.969,0.204,0,0.206,0.979,-0.991,-0.134,0.028],"_shiftlockState":true,"_pose":"Running","_animationQueue":[],"_animationSpeed":1.103,"_zoom":16.125},{"_mousePosition":[683,384],"_rootPartCFrame":[757.264,223.7,37.897,0.137,0,0.991,0,1,0,-0.991,0,0.137],"_humanoidState":8,"_cameraCFrame":[760.236,238.272,36.528,0.132,-0.97,0.205,0,0.207,0.978,-0.991,-0.129,0.027],"_shiftlockState":true,"_pose":"Running","_animationQueue":[],"_animationSpeed":1.103,"_zoom":16.125},{"_mousePosition":[683,384],"_rootPartCFrame":[756.934,223.7,37.851,0.132,0,0.991,0,1,0,-0.991,0,0.132],"_humanoidState":8,"_cameraCFrame":[760.045,238.884,36.476,0.124,-0.97,0.207,0,0.208,0.978,-0.992,-0.121,0.026],"_shiftlockState":true,"_pose":"Running","_animationQueue":[],"_animationSpeed":1.103,"_zoom":16.125},{"_mousePosition":[683,384],"_rootPartCFrame":[756.736,223.7,37.824,0.124,0,0.992,0,1,0,-0.992,0,0.124],"_humanoidState":8,"_cameraCFrame":[759.962,239.392,36.454,0.121,-0.971,0.208,0,0.209,0.978,-0.993,-0.118,0.025],"_shiftlockState":true,"_pose":"Running","_animationQueue":[],"_animationSpeed":1.103,"_zoom":16.125},{"_mousePosition":[683,384],"_rootPartCFrame":[756.471,223.7,37.791,0.121,0,0.993,0,1,0,-0.993,0,0.121],"_humanoidState":8,"_cameraCFrame":[759.761,239.835,36.416,0.117,-0.972,0.206,0,0.208,0.978,-0.993,-0.114,0.024],"_shiftlockState":true,"_pose":"Running","_animationQueue":[],"_animationSpeed":1.103,"_zoom":16.125},{"_mousePosition":[683,384],"_rootPartCFrame":[756.207,223.7,37.759,0.117,0,0.993,0,1,0,-0.993,0,0.117],"_humanoidState":8,"_cameraCFrame":[759.535,240.156,36.378,0.114,-0.972,0.205,0,0.206,0.979,-0.994,-0.111,0.023],"_shiftlockState":true,"_pose":"Running","_animationQueue":[["walk",0.1]],"_animationSpeed":1.103,"_zoom":16.125},{"_mousePosition":[683,384],"_rootPartCFrame":[755.942,223.7,37.727,0.114,0,0.994,0,1,0,-0.994,0,0.114],"_humanoidState":8,"_cameraCFrame":[759.273,240.428,36.34,0.111,-0.973,0.202,0,0.203,0.979,-0.994,-0.109,0.023],"_shiftlockState":true,"_pose":"Running","_animationQueue":[],"_animationSpeed":1.103,"_zoom":16.125},{"_mousePosition":[683,384],"_rootPartCFrame":[755.611,223.7,37.69,0.111,0,0.994,0,1,0,-0.994,0,0.111],"_humanoidState":8,"_cameraCFrame":[758.926,240.605,36.297,0.11,-0.974,0.199,0,0.2,0.98,-0.994,-0.108,0.022],"_shiftlockState":true,"_pose":"Running","_animationQueue":[],"_animationSpeed":1.103,"_zoom":16.125},{"_mousePosition":[683,384],"_rootPartCFrame":[755.412,223.7,37.667,0.11,0,0.994,0,1,0,-0.994,0,0.11],"_humanoidState":8,"_cameraCFrame":[758.651,240.751,36.263,0.109,-0.975,0.192,0,0.193,0.981,-0.994,-0.107,0.021],"_shiftlockState":true,"_pose":"Running","_animationQueue":[],"_animationSpeed":1.103,"_zoom":16.125},{"_mousePosition":[683,384],"_rootPartCFrame":[755.147,223.7,37.638,0.109,0,0.994,0,1,0,-0.994,0,0.109],"_humanoidState":8,"_cameraCFrame":[758.242,240.87,36.221,0.11,-0.977,0.182,0,0.183,0.983,-0.994,-0.109,0.02],"_shiftlockState":true,"_pose":"Running","_animationQueue":[],"_animationSpeed":1.103,"_zoom":16.125},{"_mousePosition":[683,384],"_rootPartCFrame":[754.815,223.7,37.601,0.11,0,0.994,0,1,0,-0.994,0,0.11],"_humanoidState":8,"_cameraCFrame":[757.788,240.947,36.159,0.106,-0.979,0.174,0,0.175,0.985,-0.994,-0.105,0.019],"_shiftlockState":true,"_pose":"Running","_animationQueue":[],"_animationSpeed":1.103,"_zoom":16.125},{"_mousePosition":[683,384],"_rootPartCFrame":[754.616,223.7,37.579,0.106,0,0.994,0,1,0,-0.994,0,0.106],"_humanoidState":8,"_cameraCFrame":[757.564,240.994,36.119,0.101,-0.98,0.173,0,0.174,0.985,-0.995,-0.099,0.018],"_shiftlockState":true,"_pose":"Running","_animationQueue":[],"_animationSpeed":1.103,"_zoom":16.125},{"_mousePosition":[683,384],"_rootPartCFrame":[754.351,223.7,37.551,0.101,0,0.995,0,1,0,-0.995,0,0.101],"_humanoidState":8,"_cameraCFrame":[757.304,241.023,36.091,0.101,-0.98,0.173,0,0.174,0.985,-0.995,-0.099,0.018],"_shiftlockState":true,"_pose":"Running","_animationQueue":[["walk",0.1]],"_animationSpeed":1.103,"_zoom":16.125},{"_mousePosition":[683,384],"_rootPartCFrame":[754.086,223.7,37.523,0.101,0,0.995,0,1,0,-0.995,0,0.101],"_humanoidState":8,"_cameraCFrame":[757.042,241.041,36.065,0.101,-0.98,0.173,0,0.174,0.985,-0.995,-0.099,0.018],"_shiftlockState":true,"_pose":"Running","_animationQueue":[],"_animationSpeed":1.103,"_zoom":16.125},{"_mousePosition":[683,384],"_rootPartCFrame":[753.754,223.7,37.49,0.101,0,0.995,0,1,0,-0.995,0,0.101],"_humanoidState":8,"_cameraCFrame":[756.714,241.062,36.031,0.101,-0.98,0.173,0,0.174,0.985,-0.995,-0.099,0.018],"_shiftlockState":true,"_pose":"Running","_animationQueue":[],"_animationSpeed":1.103,"_zoom":16.125},{"_mousePosition":[683,384],"_rootPartCFrame":[753.224,223.7,37.436,0.101,0,0.995,0,1,0,-0.995,0,0.101],"_humanoidState":8,"_cameraCFrame":[756.183,241.063,35.977,0.101,-0.98,0.173,0,0.174,0.985,-0.995,-0.099,0.018],"_shiftlockState":true,"_pose":"Running","_animationQueue":[],"_animationSpeed":1.103,"_zoom":16.125},{"_mousePosition":[683,384],"_rootPartCFrame":[753.224,223.7,37.436,0.101,0,0.995,0,1,0,-0.995,0,0.101],"_humanoidState":8,"_cameraCFrame":[756.184,241.069,35.978,0.101,-0.98,0.173,0,0.174,0.985,-0.995,-0.099,0.018],"_shiftlockState":true,"_pose":"Running","_animationQueue":[],"_animationSpeed":1.103,"_zoom":16.125},{"_mousePosition":[683,384],"_rootPartCFrame":[752.958,223.7,37.409,0.101,0,0.995,0,1,0,-0.995,0,0.101],"_humanoidState":8,"_cameraCFrame":[755.92,241.072,35.951,0.101,-0.98,0.173,0,0.174,0.985,-0.995,-0.099,0.018],"_shiftlockState":true,"_pose":"Running","_animationQueue":[],"_animationSpeed":1.103,"_zoom":16.125},{"_mousePosition":[683,384],"_rootPartCFrame":[752.693,223.7,37.382,0.101,0,0.995,0,1,0,-0.995,0,0.101],"_humanoidState":8,"_cameraCFrame":[755.663,241.071,35.892,0.09,-0.981,0.175,0,0.175,0.985,-0.996,-0.088,0.016],"_shiftlockState":true,"_pose":"Running","_animationQueue":[],"_animationSpeed":1.103,"_zoom":16.125},{"_mousePosition":[683,384],"_rootPartCFrame":[752.428,223.7,37.355,0.09,0,0.996,0,1,0,-0.996,0,0.09],"_humanoidState":8,"_cameraCFrame":[755.422,241.058,35.768,0.055,-0.982,0.18,0,0.18,0.984,-0.998,-0.054,0.01],"_shiftlockState":true,"_pose":"Running","_animationQueue":[["walk",0.1]],"_animationSpeed":1.103,"_zoom":16.125},{"_mousePosition":[683,384],"_rootPartCFrame":[752.096,223.7,37.325,0.055,0,0.998,0,1,0,-0.998,0,0.055],"_humanoidState":8,"_cameraCFrame":[755.081,241.05,35.63,0.018,-0.983,0.183,0,0.183,0.983,-1,-0.018,0.003],"_shiftlockState":true,"_pose":"Running","_animationQueue":[],"_animationSpeed":1.103,"_zoom":16.125},{"_mousePosition":[683,384],"_rootPartCFrame":[751.896,223.7,37.312,0.018,0,1,0,1,0,-1,0,0.018],"_humanoidState":8,"_cameraCFrame":[754.845,241.048,35.533,-0.01,-0.983,0.184,0,0.184,0.983,-1,0.01,-0.002],"_shiftlockState":true,"_pose":"Running","_animationQueue":[],"_animationSpeed":1.103,"_zoom":16.125},{"_mousePosition":[683,384],"_rootPartCFrame":[751.563,223.7,37.305,-0.01,0,1,0,1,0,-1,0,-0.01],"_humanoidState":8,"_cameraCFrame":[754.46,241.056,35.505,-0.017,-0.983,0.182,0,0.182,0.983,-1,0.017,-0.003],"_shiftlockState":true,"_pose":"Running","_animationQueue":[],"_animationSpeed":1.103,"_zoom":16.125},{"_mousePosition":[683,384],"_rootPartCFrame":[751.363,223.7,37.306,-0.017,0,1,0,1,0,-1,0,-0.017],"_humanoidState":8,"_cameraCFrame":[754.275,241.439,35.481,-0.026,-0.983,0.179,0,0.179,0.984,-1,0.025,-0.005],"_shiftlockState":true,"_pose":"Running","_animationQueue":[],"_animationSpeed":1.103,"_zoom":20.656},{"_mousePosition":[683,384],"_rootPartCFrame":[751.03,223.7,37.311,-0.026,0,1,0,1,0,-1,0,-0.026],"_humanoidState":8,"_cameraCFrame":[754.055,242.131,35.461,-0.033,-0.983,0.179,0,0.179,0.984,-0.999,0.032,-0.006],"_shiftlockState":true,"_pose":"Running","_animationQueue":[],"_animationSpeed":1.103,"_zoom":20.656},{"_mousePosition":[683,384],"_rootPartCFrame":[750.83,223.7,37.316,-0.033,0,0.999,0,1,0,-0.999,0,-0.033],"_humanoidState":8,"_cameraCFrame":[753.956,242.863,35.432,-0.042,-0.983,0.178,0,0.178,0.984,-0.999,0.042,-0.008],"_shiftlockState":true,"_pose":"Running","_animationQueue":[],"_animationSpeed":1.103,"_zoom":20.656},{"_mousePosition":[683,384],"_rootPartCFrame":[750.496,223.7,37.326,-0.042,0,0.999,0,1,0,-0.999,0,-0.042],"_humanoidState":8,"_cameraCFrame":[753.716,243.549,35.411,-0.051,-0.983,0.177,0,0.178,0.984,-0.999,0.05,-0.009],"_shiftlockState":true,"_pose":"Running","_animationQueue":[["walk",0.1]],"_animationSpeed":1.103,"_zoom":20.656},{"_mousePosition":[683,384],"_rootPartCFrame":[750.297,223.7,37.335,-0.051,0,0.999,0,1,0,-0.999,0,-0.051],"_humanoidState":8,"_cameraCFrame":[753.592,244.102,35.401,-0.055,-0.983,0.177,0,0.177,0.984,-0.998,0.054,-0.01],"_shiftlockState":true,"_pose":"Running","_animationQueue":[],"_animationSpeed":1.103,"_zoom":20.656},{"_mousePosition":[683,384],"_rootPartCFrame":[749.964,223.7,37.351,-0.055,0,0.998,0,1,0,-0.998,0,-0.055],"_humanoidState":8,"_cameraCFrame":[753.332,244.52,35.41,-0.056,-0.983,0.177,0,0.177,0.984,-0.998,0.055,-0.01],"_shiftlockState":true,"_pose":"Running","_animationQueue":[],"_animationSpeed":1.103,"_zoom":20.656},{"_mousePosition":[683,384],"_rootPartCFrame":[749.764,223.7,37.362,-0.056,0,0.998,0,1,0,-0.998,0,-0.056],"_humanoidState":8,"_cameraCFrame":[753.184,244.812,35.418,-0.056,-0.983,0.177,0,0.177,0.984,-0.998,0.055,-0.01],"_shiftlockState":true,"_pose":"Running","_animationQueue":[],"_animationSpeed":1.103,"_zoom":20.656},{"_mousePosition":[683,384],"_rootPartCFrame":[749.498,223.7,37.377,-0.056,0,0.998,0,1,0,-0.998,0,-0.056],"_humanoidState":8,"_cameraCFrame":[752.956,245.025,35.431,-0.056,-0.983,0.177,0,0.177,0.984,-0.998,0.055,-0.01],"_shiftlockState":true,"_pose":"Running","_animationQueue":[],"_animationSpeed":1.103,"_zoom":20.656},{"_mousePosition":[683,384],"_rootPartCFrame":[749.231,223.7,37.392,-0.056,0,0.998,0,1,0,-0.998,0,-0.056],"_humanoidState":8,"_cameraCFrame":[752.724,245.194,35.481,-0.045,-0.983,0.176,0,0.176,0.984,-0.999,0.045,-0.008],"_shiftlockState":true,"_pose":"Running","_animationQueue":[],"_animationSpeed":1.103,"_zoom":20.656},{"_mousePosition":[683,384],"_rootPartCFrame":[748.898,223.7,37.41,-0.045,0,0.999,0,1,0,-0.999,0,-0.045],"_humanoidState":8,"_cameraCFrame":[752.45,245.305,35.573,-0.024,-0.984,0.176,0,0.176,0.984,-1,0.024,-0.004],"_shiftlockState":true,"_pose":"Running","_animationQueue":[],"_animationSpeed":1.103,"_zoom":20.656},{"_mousePosition":[683,384],"_rootPartCFrame":[748.632,223.7,37.423,-0.024,0,1,0,1,0,-1,0,-0.024],"_humanoidState":8,"_cameraCFrame":[752.229,245.383,35.683,0.003,-0.985,0.175,0,0.175,0.985,-1,-0.003,0],"_shiftlockState":true,"_pose":"Running","_animationQueue":[["walk",0.1]],"_animationSpeed":1.103,"_zoom":20.656},{"_mousePosition":[683,384],"_rootPartCFrame":[748.299,223.7,37.432,0.003,0,1,0,1,0,-1,0,0.003],"_humanoidState":8,"_cameraCFrame":[751.922,245.438,35.797,0.032,-0.984,0.174,0,0.174,0.985,-0.999,-0.032,0.006],"_shiftlockState":true,"_pose":"Running","_animationQueue":[],"_animationSpeed":1.103,"_zoom":20.656},{"_mousePosition":[683,384],"_rootPartCFrame":[748.099,223.7,37.432,0.032,0,0.999,0,1,0,-0.999,0,0.032],"_humanoidState":8,"_cameraCFrame":[751.785,245.478,35.928,0.068,-0.983,0.173,0,0.174,0.985,-0.998,-0.067,0.012],"_shiftlockState":true,"_pose":"Running","_animationQueue":[],"_animationSpeed":1.103,"_zoom":20.656},{"_mousePosition":[683,384],"_rootPartCFrame":[747.766,223.7,37.423,0.068,0,0.998,0,1,0,-0.998,0,0.068],"_humanoidState":8,"_cameraCFrame":[751.488,245.497,36.004,0.091,-0.981,0.173,0,0.174,0.985,-0.996,-0.089,0.016],"_shiftlockState":true,"_pose":"Running","_animationQueue":[],"_animationSpeed":1.103,"_zoom":20.656},{"_mousePosition":[683,384],"_rootPartCFrame":[747.566,223.7,37.411,0.091,0,0.996,0,1,0,-0.996,0,0.091],"_humanoidState":8,"_cameraCFrame":[751.326,245.511,36.086,0.116,-0.978,0.172,0,0.174,0.985,-0.993,-0.114,0.02],"_shiftlockState":true,"_pose":"Running","_animationQueue":[],"_animationSpeed":1.103,"_zoom":20.656},{"_mousePosition":[683,384],"_rootPartCFrame":[747.3,223.7,37.387,0.116,0,0.993,0,1,0,-0.993,0,0.116],"_humanoidState":8,"_cameraCFrame":[751.091,245.522,36.15,0.138,-0.975,0.172,0,0.174,0.985,-0.99,-0.136,0.024],"_shiftlockState":true,"_pose":"Running","_animationQueue":[],"_animationSpeed":1.103,"_zoom":20.656},{"_mousePosition":[683,384],"_rootPartCFrame":[747.035,223.7,37.358,0.138,0,0.99,0,1,0,-0.99,0,0.138],"_humanoidState":8,"_cameraCFrame":[750.848,245.529,36.184,0.155,-0.973,0.172,0,0.174,0.985,-0.988,-0.153,0.027],"_shiftlockState":true,"_pose":"Running","_animationQueue":[],"_animationSpeed":1.103,"_zoom":20.656},{"_mousePosition":[683,384],"_rootPartCFrame":[746.771,223.7,37.322,0.155,0,0.988,0,1,0,-0.988,0,0.155],"_humanoidState":8,"_cameraCFrame":[750.592,245.533,36.172,0.161,-0.972,0.171,0,0.174,0.985,-0.987,-0.159,0.028],"_shiftlockState":true,"_pose":"Running","_animationQueue":[["walk",0.1]],"_animationSpeed":1.103,"_zoom":20.656},{"_mousePosition":[683,384],"_rootPartCFrame":[746.508,223.7,37.281,0.161,0,0.987,0,1,0,-0.987,0,0.161],"_humanoidState":8,"_cameraCFrame":[750.33,245.536,36.136,0.162,-0.972,0.171,0,0.174,0.985,-0.987,-0.16,0.028],"_shiftlockState":true,"_pose":"Running","_animationQueue":[],"_animationSpeed":1.103,"_zoom":20.656},{"_mousePosition":[683,384],"_rootPartCFrame":[746.245,223.7,37.238,0.162,0,0.987,0,1,0,-0.987,0,0.162],"_humanoidState":8,"_cameraCFrame":[750.067,245.538,36.093,0.162,-0.972,0.171,0,0.174,0.985,-0.987,-0.16,0.028],"_shiftlockState":true,"_pose":"Running","_animationQueue":[],"_animationSpeed":1.103,"_zoom":20.656},{"_mousePosition":[683,384],"_rootPartCFrame":[745.981,223.7,37.195,0.162,0,0.987,0,1,0,-0.987,0,0.162],"_humanoidState":8,"_cameraCFrame":[749.74,245.163,36.043,0.163,-0.972,0.171,0,0.174,0.985,-0.987,-0.161,0.028],"_shiftlockState":true,"_pose":"Running","_animationQueue":[],"_animationSpeed":1.103,"_zoom":16.125},{"_mousePosition":[683,384],"_rootPartCFrame":[745.718,223.7,37.152,0.163,0,0.987,0,1,0,-0.987,0,0.163],"_humanoid