[{"_mousePosition":[333,393],"_rootPartCFrame":[776.023,222.959,47.142,0.003,0.004,1,0,1,-0.004,-1,0,0.003],"_humanoidState":8,"_cameraCFrame":[776.72,233.518,44.042,-0.976,-0.205,0.072,0,0.331,0.944,-0.218,0.921,-0.323],"_shiftlockState":false,"_pose":"Standing","_animationQueue":[],"_animationSpeed":1,"_zoom":9.6},{"_mousePosition":[330,395],"_rootPartCFrame":[775.727,222.804,47.076,0.039,0,0.999,0,1,0,-0.999,0,0.039],"_humanoidState":8,"_cameraCFrame":[776.418,233.363,43.976,-0.976,-0.205,0.072,0,0.331,0.944,-0.218,0.921,-0.323],"_shiftlockState":false,"_pose":"Standing","_animationQueue":[],"_animationSpeed":1,"_zoom":9.6},{"_mousePosition":[322,398],"_rootPartCFrame":[775.597,222.723,47.047,0.051,0,0.999,0,1,0,-0.999,0,0.051],"_humanoidState":8,"_cameraCFrame":[776.288,233.282,43.947,-0.976,-0.205,0.072,0,0.331,0.944,-0.218,0.921,-0.323],"_shiftlockState":false,"_pose":"Running","_animationQueue":[["walk",0.1]],"_animationSpeed":1.088,"_zoom":9.6},{"_mousePosition":[316,400],"_rootPartCFrame":[775.207,222.621,46.96,0.085,0,0.996,0,1,0,-0.996,0,0.085],"_humanoidState":8,"_cameraCFrame":[775.898,233.181,43.86,-0.976,-0.205,0.072,0,0.331,0.944,-0.218,0.921,-0.323],"_shiftlockState":false,"_pose":"Running","_animationQueue":[],"_animationSpeed":1.088,"_zoom":9.6},{"_mousePosition":[307,403],"_rootPartCFrame":[775.077,222.637,46.931,0.094,0,0.996,0,1,0,-0.996,0,0.094],"_humanoidState":8,"_cameraCFrame":[775.767,233.196,43.831,-0.976,-0.205,0.072,0,0.331,0.944,-0.218,0.921,-0.323],"_shiftlockState":false,"_pose":"Running","_animationQueue":[],"_animationSpeed":1.088,"_zoom":9.6},{"_mousePosition":[300,407],"_rootPartCFrame":[774.816,222.663,46.873,0.111,0,0.994,0,1,0,-0.994,0,0.111],"_humanoidState":8,"_cameraCFrame":[775.507,233.223,43.773,-0.976,-0.205,0.072,0,0.331,0.944,-0.218,0.921,-0.323],"_shiftlockState":false,"_pose":"Running","_animationQueue":[["walk",0.1]],"_animationSpeed":1.088,"_zoom":9.6},{"_mousePosition":[290,414],"_rootPartCFrame":[774.556,222.68,46.815,0.125,0,0.992,0,1,0,-0.992,0,0.125],"_humanoidState":8,"_cameraCFrame":[775.247,233.239,43.715,-0.976,-0.205,0.072,0,0.331,0.944,-0.218,0.921,-0.323],"_shiftlockState":false,"_pose":"Running","_animationQueue":[],"_animationSpeed":1.088,"_zoom":9.6},{"_mousePosition":[281,418],"_rootPartCFrame":[774.296,222.689,46.757,0.138,0,0.99,0,1,0,-0.99,0,0.138],"_humanoidState":8,"_cameraCFrame":[774.987,233.248,43.657,-0.976,-0.205,0.072,0,0.331,0.944,-0.218,0.921,-0.323],"_shiftlockState":false,"_pose":"Running","_animationQueue":[],"_animationSpeed":1.088,"_zoom":9.6},{"_mousePosition":[271,423],"_rootPartCFrame":[774.035,222.694,46.699,0.149,0,0.989,0,1,0,-0.989,0,0.149],"_humanoidState":8,"_cameraCFrame":[774.726,233.253,43.599,-0.976,-0.205,0.072,0,0.331,0.944,-0.218,0.921,-0.323],"_shiftlockState":false,"_pose":"Running","_animationQueue":[],"_animationSpeed":1.088,"_zoom":9.6},{"_mousePosition":[260,430],"_rootPartCFrame":[773.775,222.697,46.641,0.158,0,0.987,0,1,0,-0.987,0,0.158],"_humanoidState":8,"_cameraCFrame":[774.466,233.256,43.541,-0.976,-0.205,0.072,0,0.331,0.944,-0.218,0.921,-0.323],"_shiftlockState":false,"_pose":"Running","_animationQueue":[],"_animationSpeed":1.088,"_zoom":9.6},{"_mousePosition":[240,441],"_rootPartCFrame":[773.515,222.698,46.583,0.166,0,0.986,0,1,0,-0.986,0,0.166],"_humanoidState":8,"_cameraCFrame":[774.206,233.257,43.483,-0.976,-0.205,0.072,0,0.331,0.944,-0.218,0.921,-0.323],"_shiftlockState":false,"_pose":"Running","_animationQueue":[],"_animationSpeed":1.088,"_zoom":9.6},{"_mousePosition":[225,449],"_rootPartCFrame":[773.125,222.699,46.496,0.177,0,0.984,0,1,0,-0.984,0,0.177],"_humanoidState":8,"_cameraCFrame":[772.107,233.258,43.015,-0.976,-0.205,0.072,0,0.331,0.944,-0.218,0.921,-0.323],"_shiftlockState":true,"_pose":"Running","_animationQueue":[["walk",0.1]],"_animationSpeed":1.088,"_zoom":9.6},{"_mousePosition":[683,352.5],"_rootPartCFrame":[772.864,222.699,46.438,-0.989,0,0.151,0,1,0,-0.151,0,-0.989],"_humanoidState":8,"_cameraCFrame":[771.847,233.259,42.957,-0.976,-0.205,0.072,0,0.331,0.944,-0.218,0.921,-0.323],"_shiftlockState":true,"_pose":"Running","_animationQueue":[],"_animationSpeed":1.088,"_zoom":9.6},{"_mousePosition":[683,352.5],"_rootPartCFrame":[772.604,222.699,46.38,-0.982,0,0.191,0,1,0,-0.191,0,-0.982],"_humanoidState":8,"_cameraCFrame":[771.516,233.282,42.981,-0.98,-0.19,0.065,0,0.324,0.946,-0.201,0.927,-0.317],"_shiftlockState":true,"_pose":"Running","_animationQueue":[],"_animationSpeed":1.088,"_zoom":9.6},{"_mousePosition":[683,352.5],"_rootPartCFrame":[772.409,222.7,46.336,-0.98,0,0.198,0,1,0,-0.198,0,-0.98],"_humanoidState":8,"_cameraCFrame":[771.237,233.311,43.047,-0.983,-0.172,0.057,0,0.315,0.949,-0.182,0.933,-0.31],"_shiftlockState":true,"_pose":"Running","_animationQueue":[],"_animationSpeed":1.088,"_zoom":9.6},{"_mousePosition":[683,352.5],"_rootPartCFrame":[772.148,222.7,46.282,-0.983,0,0.181,0,1,0,-0.181,0,-0.983],"_humanoidState":8,"_cameraCFrame":[770.898,233.338,43.096,-0.987,-0.154,0.05,0,0.306,0.952,-0.162,0.939,-0.302],"_shiftlockState":true,"_pose":"Running","_animationQueue":[],"_animationSpeed":1.088,"_zoom":9.6},{"_mousePosition":[683,352.5],"_rootPartCFrame":[771.886,222.7,46.233,-0.987,0,0.162,0,1,0,-0.162,0,-0.987],"_humanoidState":8,"_cameraCFrame":[770.55,233.366,43.164,-0.99,-0.133,0.041,0,0.297,0.955,-0.139,0.946,-0.294],"_shiftlockState":true,"_pose":"Running","_animationQueue":[],"_animationSpeed":1.088,"_zoom":9.6},{"_mousePosition":[683,352.5],"_rootPartCFrame":[771.623,222.7,46.189,-0.99,0,0.139,0,1,0,-0.139,0,-0.99],"_humanoidState":8,"_cameraCFrame":[770.218,233.386,43.214,-0.993,-0.114,0.035,0,0.29,0.957,-0.12,0.95,-0.288],"_shiftlockState":true,"_pose":"Running","_animationQueue":[],"_animationSpeed":1.088,"_zoom":9.6},{"_mousePosition":[683,352.5],"_rootPartCFrame":[771.359,222.7,46.151,-0.993,0,0.12,0,1,0,-0.12,0,-0.993],"_humanoidState":8,"_cameraCFrame":[769.88,233.415,43.303,-0.995,-0.094,0.027,0,0.28,0.96,-0.098,0.955,-0.279],"_shiftlockState":true,"_pose":"Running","_animationQueue":[["walk",0.1]],"_animationSpeed":1.088,"_zoom":9.6},{"_mousePosition":[683,352.5],"_rootPartCFrame":[771.094,222.7,46.118,-0.995,0,0.098,0,1,0,-0.098,0,-0.995],"_humanoidState":8,"_cameraCFrame":[769.546,233.441,43.393,-0.997,-0.073,0.021,0,0.271,0.963,-0.076,0.96,-0.27],"_shiftlockState":true,"_pose":"Running","_animationQueue":[],"_animationSpeed":1.088,"_zoom":9.6},{"_mousePosition":[683,352.5],"_rootPartCFrame":[770.829,222.7,46.091,-0.997,0,0.076,0,1,0,-0.076,0,-0.997],"_humanoidState":8,"_cameraCFrame":[769.21,233.472,43.516,-0.999,-0.05,0.013,0,0.259,0.966,-0.052,0.965,-0.259],"_shiftlockState":true,"_pose":"Running","_animationQueue":[],"_animationSpeed":1.088,"_zoom":9.6},{"_mousePosition":[683,352.5],"_rootPartCFrame":[770.563,222.7,46.07,-0.999,0,0.052,0,1,0,-0.052,0,-0.999],"_humanoidState":8,"_cameraCFrame":[768.879,233.503,43.654,-1,-0.027,0.007,0,0.247,0.969,-0.028,0.969,-0.247],"_shiftlockState":true,"_pose":"Running","_animationQueue":[],"_animationSpeed":1.088,"_zoom":9.6},{"_mousePosition":[683,352.5],"_rootPartCFrame":[770.23,222.7,46.052,-1,0,0.028,0,1,0,-0.028,0,-1],"_humanoidState":8,"_cameraCFrame":[768.5,233.524,43.751,-1,-0.009,0.002,0,0.238,0.971,-0.009,0.971,-0.238],"_shiftlockState":true,"_pose":"Running","_animationQueue":[],"_animationSpeed":1.088,"_zoom":9.6},{"_mousePosition":[683,352.5],"_rootPartCFrame":[770.03,222.7,46.045,-1,0,0.009,0,1,0,-0.009,0,-1],"_humanoidState":8,"_cameraCFrame":[768.245,233.55,43.901,-1,0.016,-0.004,0,0.226,0.974,0.016,0.974,-0.226],"_shiftlockState":true,"_pose":"Running","_animationQueue":[],"_animationSpeed":1.088,"_zoom":9.6},{"_mousePosition":[683,352.5],"_rootPartCFrame":[769.697,223.77,46.036,-1,0,-0.016,0,1,0,0.016,0,-1],"_humanoidState":3,"_cameraCFrame":[767.873,234.645,44.033,-0.999,0.035,-0.008,0,0.215,0.977,0.036,0.976,-0.215],"_shiftlockState":true,"_pose":"Jumping","_animationQueue":[["walk",0.1],["walk",0.1],["jump",0.1]],"_animationSpeed":1,"_zoom":9.6},{"_mousePosition":[683,352.5],"_rootPartCFrame":[769.497,224.371,46.037,-1,0,0.026,0,1,0,-0.026,0,-1],"_humanoidState":5,"_cameraCFrame":[767.635,235.279,44.238,-0.998,0.059,-0.012,0,0.199,0.98,0.06,0.978,-0.198],"_shiftlockState":true,"_pose":"FreeFall","_animationQueue":[["jump",0.1]],"_animationSpeed":1,"_zoom":9.6},{"_mousePosition":[683,352.5],"_rootPartCFrame":[769.231,225.125,46.046,-0.998,0,0.065,0,1,0,-0.065,0,-0.998],"_humanoidState":5,"_cameraCFrame":[767.347,236.066,44.451,-0.997,0.079,-0.015,0,0.181,0.983,0.08,0.98,-0.181],"_shiftlockState":true,"_pose":"FreeFall","_animationQueue":[],"_animationSpeed":1,"_zoom":9.6},{"_mousePosition":[683,352.5],"_rootPartCFrame":[768.964,225.824,46.061,-0.999,0,0.052,0,1,0,-0.052,0,-0.999],"_humanoidState":5,"_cameraCFrame":[767.069,236.778,44.561,-0.996,0.09,-0.016,0,0.174,0.985,0.092,0.981,-0.173],"_shiftlockState":true,"_pose":"FreeFall","_animationQueue":[],"_animationSpeed":1,"_zoom":9.6},{"_mousePosition":[683,352.5],"_rootPartCFrame":[768.698,226.469,46.082,-0.999,0,0.041,0,1,0,-0.041,0,-0.999],"_humanoidState":5,"_cameraCFrame":[766.794,237.423,44.594,-0.995,0.096,-0.017,0,0.174,0.985,0.098,0.98,-0.173],"_shiftlockState":true,"_pose":"FreeFall","_animationQueue":[],"_animationSpeed":1,"_zoom":9.6},{"_mousePosition":[683,352.5],"_rootPartCFrame":[768.366,227.199,46.112,-0.998,0,0.069,0,1,0,-0.069,0,-0.998],"_humanoidState":5,"_cameraCFrame":[766.459,238.153,44.628,-0.995,0.098,-0.017,0,0.174,0.985,0.1,0.98,-0.173],"_shiftlockState":true,"_pose":"FreeFall","_animationQueue":[],"_animationSpeed":1,"_zoom":9.6},{"_mousePosition":[683,352.5],"_rootPartCFrame":[768.167,227.595,46.131,-1,0,0,0,1,0,0,0,-1],"_humanoidState":5,"_cameraCFrame":[766.263,238.55,44.643,-0.995,0.096,-0.017,0,0.174,0.985,0.098,0.98,-0.173],"_shiftlockState":true,"_pose":"FreeFall","_animationQueue":[],"_animationSpeed":1,"_zoom":9.6},{"_mousePosition":[683,352.5],"_rootPartCFrame":[767.902,228.077,46.158,-0.999,0,0.035,0,1,0,-0.035,0,-0.999],"_humanoidState":5,"_cameraCFrame":[766.015,239.031,44.648,-0.996,0.085,-0.015,0,0.174,0.985,0.086,0.981,-0.173],"_shiftlockState":true,"_pose":"FreeFall","_animationQueue":[],"_animationSpeed":1,"_zoom":9.6},{"_mousePosition":[683,352.5],"_rootPartCFrame":[767.637,228.504,46.184,-0.999,0,0.047,0,1,0,-0.047,0,-0.999],"_humanoidState":5,"_cameraCFrame":[765.798,239.458,44.616,-0.998,0.054,-0.01,0,0.174,0.985,0.055,0.983,-0.173],"_shiftlockState":true,"_pose":"FreeFall","_animationQueue":[],"_animationSpeed":1,"_zoom":9.6},{"_mousePosition":[683,352.5],"_rootPartCFrame":[767.371,228.876,46.207,-0.997,0,0.078,0,1,0,-0.078,0,-0.997],"_humanoidState":5,"_cameraCFrame":[765.532,239.83,44.639,-0.998,0.054,-0.01,0,0.174,0.985,0.055,0.983,-0.173],"_shiftlockState":true,"_pose":"FreeFall","_animationQueue":[],"_animationSpeed":1,"_zoom":9.6},{"_mousePosition":[683,352.5],"_rootPartCFrame":[767.105,229.194,46.223,-0.997,0,0.078,0,1,0,-0.078,0,-0.997],"_humanoidState":5,"_cameraCFrame":[765.266,240.148,44.655,-0.998,0.054,-0.01,0,0.174,0.985,0.055,0.983,-0.173],"_shiftlockState":true,"_pose":"FreeFall","_animationQueue":[],"_animationSpeed":1,"_zoom":9.6},{"_mousePosition":[683,352.5],"_rootPartCFrame":[766.839,229.457,46.238,-0.997,0,0.078,0,1,0,-0.078,0,-0.997],"_humanoidState":5,"_cameraCFrame":[764.999,240.412,44.67,-0.998,0.054,-0.01,0,0.174,0.985,0.055,0.983,-0.173],"_shiftlockState":true,"_pose":"FreeFall","_animationQueue":[],"_animationSpeed":1,"_zoom":9.6},{"_mousePosition":[683,352.5],"_rootPartCFrame":[766.572,229.666,46.253,-0.997,0,0.078,0,1,0,-0.078,0,-0.997],"_humanoidState":5,"_cameraCFrame":[764.733,240.62,44.684,-0.998,0.054,-0.01,0,0.174,0.985,0.055,0.983,-0.173],"_shiftlockState":true,"_pose":"FreeFall","_animationQueue":[],"_animationSpeed":1,"_zoom":9.6},{"_mousePosition":[683,352.5],"_rootPartCFrame":[766.306,229.821,46.267,-0.997,0,0.078,0,1,0,-0.078,0,-0.997],"_humanoidState":5,"_cameraCFrame":[764.467,240.775,44.699,-0.998,0.054,-0.01,0,0.174,0.985,0.055,0.983,-0.173],"_shiftlockState":true,"_pose":"FreeFall","_animationQueue":[],"_animationSpeed":1,"_zoom":9.6},{"_mousePosition":[683,352.5],"_rootPartCFrame":[766.039,229.921,46.282,-0.997,0,0.078,0,1,0,-0.078,0,-0.997],"_humanoidState":5,"_cameraCFrame":[764.2,240.875,44.714,-0.998,0.054,-0.01,0,0.174,0.985,0.055,0.983,-0.173],"_shiftlockState":true,"_pose":"FreeFall","_animationQueue":[],"_animationSpeed":1,"_zoom":9.6},{"_mousePosition":[683,352.5],"_rootPartCFrame":[765.773,229.966,46.297,-0.997,0,0.078,0,1,0,-0.078,0,-0.997],"_humanoidState":5,"_cameraCFrame":[763.934,240.92,44.728,-0.998,0.054,-0.01,0,0.174,0.985,0.055,0.983,-0.173],"_shiftlockState":true,"_pose":"FreeFall","_animationQueue":[],"_animationSpeed":1,"_zoom":9.6},{"_mousePosition":[683,352.5],"_rootPartCFrame":[765.507,229.957,46.311,-0.997,0,0.078,0,1,0,-0.078,0,-0.997],"_humanoidState":5,"_cameraCFrame":[763.668,240.911,44.743,-0.998,0.054,-0.01,0,0.174,0.985,0.055,0.983,-0.173],"_shiftlockState":true,"_pose":"FreeFall","_animationQueue":[],"_animationSpeed":1,"_zoom":9.6},{"_mousePosition":[683,352.5],"_rootPartCFrame":[765.24,229.893,46.326,-0.997,0,0.078,0,1,0,-0.078,0,-0.997],"_humanoidState":5,"_cameraCFrame":[763.401,240.847,44.758,-0.998,0.054,-0.01,0,0.174,0.985,0.055,0.983,-0.173],"_shiftlockState":true,"_pose":"FreeFall","_animationQueue":[],"_animationSpeed":1,"_zoom":9.6},{"_mousePosition":[683,352.5],"_rootPartCFrame":[764.974,229.775,46.341,-0.997,0,0.078,0,1,0,-0.078,0,-0.997],"_humanoidState":5,"_cameraCFrame":[763.135,240.729,44.772,-0.998,0.054,-0.01,0,0.174,0.985,0.055,0.983,-0.173],"_shiftlockState":true,"_pose":"FreeFall","_animationQueue":[],"_animationSpeed":1,"_zoom":9.6},{"_mousePosition":[683,352.5],"_rootPartCFrame":[764.641,229.551,46.359,-0.994,0,0.111,0,1,0,-0.111,0,-0.994],"_humanoidState":5,"_cameraCFrame":[762.802,240.504,44.783,-0.998,0.054,-0.01,0,0.174,0.985,0.055,0.983,-0.174],"_shiftlockState":true,"_pose":"FreeFall","_animationQueue":[],"_animationSpeed":1,"_zoom":9.6},{"_mousePosition":[683,352.5],"_rootPartCFrame":[764.441,229.375,46.37,-0.999,0,0.045,0,1,0,-0.045,0,-0.999],"_humanoidState":5,"_cameraCFrame":[762.594,240.314,44.722,-0.998,0.056,-0.01,0,0.182,0.983,0.057,0.982,-0.182],"_shiftlockState":true,"_pose":"FreeFall","_animationQueue":[["fall",0.3]],"_animationSpeed":1,"_zoom":9.6},{"_mousePosition":[683,352.5],"_rootPartCFrame":[764.175,229.094,46.385,-0.997,0,0.076,0,1,0,-0.076,0,-0.997],"_humanoidState":5,"_cameraCFrame":[762.327,239.823,44.681,-0.998,0.055,-0.011,0,0.192,0.981,0.056,0.98,-0.192],"_shiftlockState":true,"_pose":"FreeFall","_animationQueue":[],"_animationSpeed":1,"_zoom":7.28},{"_mousePosition":[683,352.5],"_rootPartCFrame":[763.909,228.758,46.4,-0.997,0,0.077,0,1,0,-0.077,0,-0.997],"_humanoidState":5,"_cameraCFrame":[762.086,239.106,44.723,-0.999,0.042,-0.008,0,0.194,0.981,0.042,0.98,-0.194],"_shiftlockState":true,"_pose":"FreeFall","_animationQueue":[],"_animationSpeed":1,"_zoom":7.28},{"_mousePosition":[683,352.5],"_rootPartCFrame":[763.642,228.367,46.415,-0.996,0,0.091,0,1,0,-0.091,0,-0.996],"_humanoidState":5,"_cameraCFrame":[761.858,238.319,44.756,-1,0.02,-0.004,0,0.197,0.98,0.02,0.98,-0.197],"_shiftlockState":true,"_pose":"FreeFall","_animationQueue":[],"_animationSpeed":1,"_zoom":7.28},{"_mousePosition":[683,352.5],"_rootPartCFrame":[763.376,227.922,46.426,-0.994,0,0.113,0,1,0,-0.113,0,-0.994],"_humanoidState":5,"_cameraCFrame":[761.625,237.53,44.788,-1,0.001,0,0,0.198,0.98,0.001,0.98,-0.198],"_shiftlockState":true,"_pose":"FreeFall","_animationQueue":[],"_animationSpeed":1,"_zoom":7.28},{"_mousePosition":[683,352.5],"_rootPartCFrame":[763.109,227.422,46.433,-0.991,0,0.132,0,1,0,-0.132,0,-0.991],"_humanoidState":5,"_cameraCFrame":[761.38,236.772,44.823,-1,-0.013,0.003,0,0.198,0.98,-0.013,0.98,-0.198],"_shiftlockState":true,"_pose":"FreeFall","_animationQueue":[],"_animationSpeed":1,"_zoom":7.28},{"_mousePosition":[683,352.5],"_rootPartCFrame":[762.843,226.868,46.434,-0.989,0,0.146,0,1,0,-0.146,0,-0.989],"_humanoidState":5,"_cameraCFrame":[761.133,236.019,44.842,-1,-0.025,0.005,0,0.198,0.98,-0.026,0.98,-0.198],"_shiftlockState":true,"_pose":"FreeFall","_animationQueue":[],"_animationSpeed":1,"_zoom":7.28},{"_mousePosition":[683,352.5],"_rootPartCFrame":[762.576,226.26,46.431,-0.987,0,0.158,0,1,0,-0.158,0,-0.987],"_humanoidState":5,"_cameraCFrame":[760.886,235.264,44.858,-0.999,-0.038,0.008,0,0.197,0.98,-0.039,0.98,-0.196],"_shiftlockState":true,"_pose":"FreeFall","_animationQueue":[["fall",0.3]],"_animationSpeed":1,"_zoom":7.28},{"_mousePosition":[683,352.5],"_rootPartCFrame":[762.31,225.597,46.425,-0.985,0,0.172,0,1,0,-0.172,0,-0.985],"_humanoidState":5,"_cameraCFrame":[760.645,234.492,44.875,-0.998,-0.056,0.011,0,0.193,0.981,-0.057,0.98,-0.192],"_shiftlockState":true,"_pose":"FreeFall","_animationQueue":[],"_animationSpeed":1,"_zoom":7.28},{"_mousePosition":[683,352.5],"_rootPartCFrame":[761.977,224.691,46.412,-0.975,0,0.222,0,1,0,-0.222,0,-0.975],"_humanoidState":5,"_cameraCFrame":[760.337,233.512,44.878,-0.997,-0.073,0.014,0,0.189,0.982,-0.075,0.979,-0.188],"_shiftlockState":true,"_pose":"FreeFall","_animationQueue":[],"_animationSpeed":1,"_zoom":7.28},{"_mousePosition":[683,352.5],"_rootPartCFrame":[761.777,224.107,46.401,-0.985,0,0.174,0,1,0,-0.174,0,-0.985],"_humanoidState":5,"_cameraCFrame":[760.162,232.88,44.876,-0.996,-0.092,0.017,0,0.185,0.983,-0.094,0.978,-0.184],"_shiftlockState":true,"_pose":"FreeFall","_animationQueue":[],"_animationSpeed":1,"_zoom":7.28},{"_mousePosition":[683,352.5],"_rootPartCFrame":[761.511,223.28,46.382,-0.991,0,0.134,0,1,0,-0.134,0,-0.991],"_humanoidState":7,"_cameraCFrame":[759.93,232.019,44.849,-0.993,-0.116,0.021,0,0.182,0.983,-0.117,0.977,-0.18],"_shiftlockState":true,"_pose":"FreeFall","_animationQueue":[["walk",0.1],["fall",0.3],["fall",0.3]],"_animationSpeed":1,"_zoom":7.28},{"_mousePosition":[683,352.5],"_rootPartCFrame":[761.245,222.912,46.358,-0.993,0,0.122,0,1,0,-0.122,0,-0.993],"_humanoidState":7,"_cameraCFrame":[759.704,231.627,44.799,-0.99,-0.142,0.026,0,0.18,0.984,-0.144,0.973,-0.178],"_shiftlockState":true,"_pose":"FreeFall","_animationQueue":[],"_animationSpeed":1,"_zoom":7.28},{"_mousePosition":[683,352.5],"_rootPartCFrame":[760.98,223.019,46.327,-0.989,0,0.145,0,1,0,-0.145,0,-0.989],"_humanoidState":8,"_cameraCFrame":[759.476,231.717,44.741,-0.986,-0.166,0.03,0,0.179,0.984,-0.168,0.97,-0.177],"_shiftlockState":true,"_pose":"Running","_animationQueue":[["walk",0.1],["fall",0.3],["walk",0.1]],"_animationSpeed":1.103,"_zoom":7.28},{"_mousePosition":[683,352.5],"_rootPartCFrame":[760.716,223.123,46.29,-0.986,0,0.168,0,1,0,-0.168,0,-0.986],"_humanoidState":8,"_cameraCFrame":[759.244,231.808,44.68,-0.982,-0.186,0.034,0,0.178,0.984,-0.189,0.966,-0.175],"_shiftlockState":true,"_pose":"Running","_animationQueue":[["walk",0.1]],"_animationSpeed":1.103,"_zoom":7.28},{"_mousePosition":[683,352.5],"_rootPartCFrame":[760.388,223.196,46.235,-0.982,0,0.189,0,1,0,-0.189,0,-0.982],"_humanoidState":8,"_cameraCFrame":[758.932,231.874,44.611,-0.98,-0.196,0.036,0,0.178,0.984,-0.199,0.964,-0.175],"_shiftlockState":true,"_pose":"Running","_animationQueue":[],"_animationSpeed":1.103,"_zoom":7.28},{"_mousePosition":[683,352.5],"_rootPartCFrame":[760.191,223.22,46.198,-0.98,0,0.199,0,1,0,-0.199,0,-0.98],"_humanoidState":8,"_cameraCFrame":[758.75,231.893,44.561,-0.978,-0.205,0.037,0,0.178,0.984,-0.208,0.962,-0.174],"_shiftlockState":true,"_pose":"Running","_animationQueue":[],"_animationSpeed":1.103,"_zoom":7.28},{"_mousePosition":[683,352.5],"_rootPartCFrame":[759.93,223.239,46.145,-0.978,0,0.208,0,1,0,-0.208,0,-0.978],"_humanoidState":8,"_cameraCFrame":[758.503,231.91,44.501,-0.976,-0.214,0.039,0,0.178,0.984,-0.218,0.961,-0.173],"_shiftlockState":true,"_pose":"Running","_animationQueue":[],"_animationSpeed":1.103,"_zoom":7.28},{"_mousePosition":[683,352.5],"_rootPartCFrame":[759.669,223.25,46.09,-0.976,0,0.218,0,1,0,-0.218,0,-0.976],"_humanoidState":8,"_cameraCFrame":[758.26,231.918,44.432,-0.974,-0.224,0.04,0,0.178,0.984,-0.228,0.958,-0.173],"_shiftlockState":true,"_pose":"Running","_animationQueue":[],"_animationSpeed":1.103,"_zoom":7.28},{"_mousePosition":[683,352.5],"_rootPartCFrame":[759.408,223.255,46.032,-0.974,0,0.228,0,1,0,-0.228,0,-0.974],"_humanoidState":8,"_cameraCFrame":[758.013,231.924,44.367,-0.972,-0.233,0.042,0,0.177,0.984,-0.237,0.956,-0.172],"_shiftlockState":true,"_pose":"Running","_animationQueue":[],"_animationSpeed":1.103,"_zoom":7.28},{"_mousePosition":[683,352.5],"_rootPartCFrame":[759.149,223.258,45.972,-0.972,0,0.237,0,1,0,-0.237,0,-0.972],"_humanoidState":8,"_cameraCFrame":[757.775,231.927,44.293,-0.968,-0.246,0.044,0,0.176,0.984,-0.25,0.953,-0.17],"_shiftlockState":true,"_pose":"Running","_animationQueue":[],"_animationSpeed":1.103,"_zoom":7.28},{"_mousePosition":[683,352.5],"_rootPartCFrame":[758.889,223.26,45.909,-0.968,0,0.25,0,1,0,-0.25,0,-0.968],"_humanoidState":8,"_cameraCFrame":[757.535,231.928,44.215,-0.965,-0.257,0.046,0,0.176,0.984,-0.261,0.95,-0.17],"_shiftlockState":true,"_pose":"Running","_animationQueue":[["walk",0.1]],"_animationSpeed":1.103,"_zoom":7.28},{"_mousePosition":[683,352.5],"_rootPartCFrame":[758.631,223.261,45.843,-0.965,0,0.261,0,1,0,-0.261,0,-0.965],"_humanoidState":8,"_cameraCFrame":[757.293,231.928,44.136,-0.963,-0.266,0.048,0,0.176,0.984,-0.27,0.948,-0.169],"_shiftlockState":true,"_pose":"Running","_animationQueue":[],"_animationSpeed":1.103,"_zoom":7.28},{"_mousePosition":[683,352.5],"_rootPartCFrame":[758.374,223.262,45.774,-0.963,0,0.27,0,1,0,-0.27,0,-0.963],"_humanoidState":8,"_cameraCFrame":[757.048,231.928,44.057,-0.961,-0.273,0.049,0,0.176,0.984,-0.277,0.946,-0.169],"_shiftlockState":true,"_pose":"Running","_animationQueue":[],"_animationSpeed":1.103,"_zoom":7.28},{"_mousePosition":[683,352.5],"_rootPartCFrame":[758.117,223.262,45.702,-0.961,0,0.277,0,1,0,-0.277,0,-0.961],"_humanoidState":8,"_cameraCFrame":[756.796,231.928,43.981,-0.96,-0.276,0.049,0,0.176,0.984,-0.28,0.945,-0.169],"_shiftlockState":true,"_pose":"Running","_animationQueue":[],"_animationSpeed":1.103,"_zoom":7.28},{"_mousePosition":[683,352.5],"_rootPartCFrame":[757.86,223.262,45.628,-0.96,0,0.28,0,1,0,-0.28,0,-0.96],"_humanoidState":8,"_cameraCFrame":[756.54,231.928,43.908,-0.96,-0.276,0.049,0,0.176,0.984,-0.28,0.945,-0.169],"_shiftlockState":true,"_pose":"Running","_animationQueue":[],"_animationSpeed":1.103,"_zoom":7.28},{"_mousePosition":[683,352.5],"_rootPartCFrame":[757.604,223.262,45.554,-0.96,0,0.28,0,1,0,-0.28,0,-0.96],"_humanoidState":8,"_cameraCFrame":[756.282,231.93,43.838,-0.96,-0.276,0.049,0,0.175,0.985,-0.28,0.945,-0.168],"_shiftlockState":true,"_pose":"Running","_animationQueue":[],"_animationSpeed":1.103,"_zoom":7.28},{"_mousePosition":[683,352.5],"_rootPartCFrame":[757.349,223.262,45.479,-0.96,0,0.28,0,1,0,-0.28,0,-0.96],"_humanoidState":8,"_cameraCFrame":[756.014,231.932,43.782,-0.961,-0.271,0.048,0,0.174,0.985,-0.275,0.947,-0.167],"_shiftlockState":true,"_pose":"Running","_animationQueue":[],"_animationSpeed":1.103,"_zoom":7.28},{"_mousePosition":[683,352.5],"_rootPartCFrame":[757.093,223.262,45.404,-0.961,0,0.275,0,1,0,-0.275,0,-0.961],"_humanoidState":8,"_cameraCFrame":[755.743,231.932,43.72,-0.964,-0.262,0.046,0,0.174,0.985,-0.266,0.949,-0.167],"_shiftlockState":true,"_pose":"Running","_animationQueue":[["walk",0.1]],"_animationSpeed":1.103,"_zoom":7.28},{"_mousePosition":[683,352.5],"_rootPartCFrame":[756.836,223.262,45.331,-0.964,0,0.266,0,1,0,-0.266,0,-0.964],"_humanoidState":8,"_cameraCFrame":[755.47,231.932,43.659,-0.966,-0.253,0.045,0,0.174,0.985,-0.257,0.952,-0.168],"_shiftlockState":true,"_pose":"Running","_animationQueue":[],"_animationSpeed":1.103,"_zoom":7.28},{"_mousePosition":[683,352.5],"_rootPartCFrame":[756.579,223.262,45.259,-0.966,0,0.257,0,1,0,-0.257,0,-0.966],"_humanoidState":8,"_cameraCFrame":[755.196,231.932,43.602,-0.969,-0.243,0.043,0,0.174,0.985,-0.247,0.954,-0.168],"_shiftlockState":true,"_pose":"Running","_animationQueue":[],"_animationSpeed":1.103,"_zoom":7.28},{"_mousePosition":[683,352.5],"_rootPartCFrame":[756.322,223.262,45.191,-0.969,0,0.247,0,1,0,-0.247,0,-0.969],"_humanoidState":8,"_cameraCFrame":[754.923,231.932,43.546,-0.971,-0.234,0.041,0,0.174,0.985,-0.238,0.957,-0.169],"_shiftlockState":true,"_pose":"Running","_animationQueue":[],"_animationSpeed":1.103,"_zoom":7.28},{"_mousePosition":[683,352.5],"_rootPartCFrame":[756.063,223.262,45.125,-0.971,0,0.238,0,1,0,-0.238,0,-0.971],"_humanoidState":8,"_cameraCFrame":[754.649,231.932,43.494,-0.973,-0.225,0.04,0,0.174,0.985,-0.229,0.959,-0.169],"_shiftlockState":true,"_pose":"Running","_animationQueue":[],"_animationSpeed":1.103,"_zoom":7.28},{"_mousePosition":[683,352.5],"_rootPartCFrame":[755.804,223.262,45.061,-0.973,0,0.229,0,1,0,-0.229,0,-0.973],"_humanoidState":8,"_cameraCFrame":[754.373,231.932,43.445,-0.976,-0.215,0.038,0,0.174,0.985,-0.219,0.961,-0.169],"_shiftlockState":true,"_pose":"Running","_animationQueue":[],"_animationSpeed":1.103,"_zoom":7.28},{"_mousePosition":[683,352.5],"_rootPartCFrame":[755.545,223.262,45,-0.976,0,0.219,0,1,0,-0.219,0,-0.976],"_humanoidState":8,"_cameraCFrame":[754.105,231.932,43.391,-0.977,-0.21,0.037,0,0.174,0.985,-0.213,0.962,-0.17],"_shiftlockState":true,"_pose":"Running","_animationQueue":[["walk",0.1]],"_animationSpeed":1.103,"_zoom":7.28},{"_mousePosition":[683,352.5],"_rootPartCFrame":[755.155,223.262,44.912,-0.977,0,0.213,0,1,0,-0.213,0,-0.977],"_humanoidState":8,"_cameraCFrame":[753.708,231.932,43.309,-0.978,-0.206,0.036,0,0.174,0.985,-0.209,0.963,-0.17],"_shiftlockState":true,"_pose":"Running","_animationQueue":[],"_animationSpeed":1.103,"_zoom":7.28},{"_mousePosition":[683,352.5],"_rootPartCFrame":[755.024,223.262,44.883,-0.978,0,0.209,0,1,0,-0.209,0,-0.978],"_humanoidState":8,"_cameraCFrame":[753.574,231.932,43.284,-0.978,-0.204,0.036,0,0.174,0.985,-0.207,0.963,-0.17],"_shiftlockState":true,"_pose":"Running","_animationQueue":[],"_animationSpeed":1.103,"_zoom":7.28},{"_mousePosition":[683,352.5],"_rootPartCFrame":[754.764,223.262,44.828,-0.978,0,0.207,0,1,0,-0.207,0,-0.978],"_humanoidState":8,"_cameraCFrame":[753.314,231.932,43.228,-0.978,-0.204,0.036,0,0.174,0.985,-0.207,0.963,-0.17],"_shiftlockState":true,"_pose":"Running","_animationQueue":[],"_animationSpeed":1.103,"_zoom":7.28},{"_mousePosition":[683,352.5],"_rootPartCFrame":[754.503,223.228,44.772,-0.978,0,0.207,0,1,0,-0.207,0,-0.978],"_humanoidState":8,"_cameraCFrame":[753.051,231.897,43.174,-0.978,-0.203,0.036,0,0.174,0.985,-0.206,0.964,-0.17],"_shiftlockState":true,"_pose":"Running","_animationQueue":[],"_animationSpeed":1.103,"_zoom":7.28},{"_mousePosition":[683,352.5],"_rootPartCFrame":[754.177,223.109,44.702,-0.978,0,0.206,0,1,0,-0.206,0,-0.978],"_humanoidState":8,"_cameraCFrame":[752.725,231.778,43.104,-0.978,-0.203,0.036,0,0.174,0.985,-0.206,0.964,-0.17],"_shiftlockState":true,"_pose":"Running","_animationQueue":[],"_animationSpeed":1.103,"_zoom":7.28},{"_mousePosition":[683,352.5],"_rootPartCFrame":[753.981,222.996,44.66,-0.978,0,0.206,0,1,0,-0.206,0,-0.978],"_humanoidState":8,"_cameraCFrame":[752.53,231.666,43.062,-0.978,-0.203,0.036,0,0.174,0.985,-0.206,0.964,-0.17],"_shiftlockState":true,"_pose":"Running","_animationQueue":[],"_animationSpeed":1.103,"_zoom":7.28},{"_mousePosition":[683,352.5],"_rootPartCFrame":[753.655,224.067,44.59,-0.978,0,0.206,0,1,0,-0.206,0,-0.978],"_humanoidState":3,"_cameraCFrame":[752.204,232.736,42.992,-0.978,-0.203,0.036,0,0.174,0.985,-0.206,0.964,-0.17],"_shiftlockState":true,"_pose":"Jumping","_animationQueue":[["walk",0.1],["walk",0.1],["jump",0.1]],"_animationSpeed":1,"_zoom":7.28},{"_mousePosition":[683,352.5],"_rootPartCFrame":[753.46,224.668,44.549,-0.964,0,0.267,0,1,0,-0.267,0,-0.964],"_humanoidState":5,"_cameraCFrame":[752.008,233.337,42.951,-0.978,-0.203,0.036,0,0.174,0.985,-0.206,0.964,-0.17],"_shiftlockState":true,"_pose":"FreeFall","_animationQueue":[["jump",0.1]],"_animationSpeed":1,"_zoom":7.28},{"_mousePosition":[683,352.5],"_rootPartCFrame":[753.199,225.422,44.494,-0.945,0,0.327,0,1,0,-0.327,0,-0.945],"_humanoidState":5,"_cameraCFrame":[751.747,234.091,42.896,-0.978,-0.203,0.036,0,0.174,0.985,-0.206,0.964,-0.17],"_shiftlockState":true,"_pose":"FreeFall","_animationQueue":[],"_animationSpeed":1,"_zoom":7.28},{"_mousePosition":[683,352.5],"_rootPartCFrame":[752.938,226.121,44.439,-0.943,0,0.334,0,1,0,-0.334,0,-0.943],"_humanoidState":5,"_cameraCFrame":[751.486,234.79,42.841,-0.978,-0.203,0.036,0,0.174,0.985,-0.206,0.964,-0.17],"_shiftlockState":true,"_pose":"FreeFall","_animationQueue":[],"_animationSpeed":1,"_zoom":7.28},{"_mousePosition":[683,352.5],"_rootPartCFrame":[752.677,226.766,44.384,-0.942,0,0.334,0,1,0,-0.334,0,-0.942],"_humanoidState":5,"_cameraCFrame":[751.225,235.435,42.786,-0.978,-0.203,0.036,0,0.174,0.985,-0.206,0.964,-0.17],"_shiftlockState":true,"_pose":"FreeFall","_animationQueue":[],"_animationSpeed":1,"_zoom":7.28},{"_mousePosition":[683,352.5],"_rootPartCFrame":[752.416,227.356,44.329,-0.942,0,0.334,0,1,0,-0.334,0,-0.942],"_humanoidState":5,"_cameraCFrame":[750.968,236.026,42.728,-0.978,-0.205,0.036,0,0.174,0.985,-0.208,0.963,-0.17],"_shiftlockState":true,"_pose":"FreeFall","_animationQueue":[],"_animationSpeed":1,"_zoom":7.28},{"_mousePosition":[683,352.5],"_rootPartCFrame":[752.155,227.892,44.274,-0.942,0,0.336,0,1,0,-0.336,0,-0.942],"_humanoidState":5,"_cameraCFrame":[750.71,236.562,42.67,-0.978,-0.207,0.037,0,0.174,0.985,-0.21,0.963,-0.17],"_shiftlockState":true,"_pose":"FreeFall","_animationQueue":[],"_animationSpeed":1,"_zoom":7.28},{"_mousePosition":[683,352.5],"_rootPartCFrame":[751.894,228.374,44.218,-0.941,0,0.338,0,1,0,-0.338,0,-0.941],"_humanoidState":5,"_cameraCFrame":[750.449,237.043,42.614,-0.978,-0.207,0.037,0,0.174,0.985,-0.21,0.963,-0.17],"_shiftlockState":true,"_pose":"FreeFall","_animationQueue":[],"_animationSpeed":1,"_zoom":7.28},{"_mousePosition":[683,352.5],"_rootPartCFrame":[751.633,228.8,44.162,-0.941,0,0.338,0,1,0,-0.338,0,-0.941],"_humanoidState":5,"_cameraCFrame":[750.188,237.47,42.558,-0.978,-0.207,0.037,0,0.174,0.985,-0.21,0.963,-0.17],"_shiftlockState":true,"_pose":"FreeFall","_animationQueue":[],"_animationSpeed":1,"_zoom":7.28},{"_mousePosition":[683,352.5],"_rootPartCFrame":[751.372,229.173,44.106,-0.941,0,0.338,0,1,0,-0.338,0,-0.941],"_humanoidState":5,"_cameraCFrame":[749.928,237.842,42.502,-0.978,-0.207,0.037,0,0.174,0.985,-0.21,0.963,-0.17],"_shiftlockState":true,"_pose":"FreeFall","_animationQueue":[],"_animationSpeed":1,"_zoom":7.28},{"_mousePosition":[683,352],"_rootPartCFrame":[751.112,229.491,44.05,-0.941,0,0.338,0,1,0,-0.338,0,-0.941],"_humanoidState":5,"_cameraCFrame":[749.661,238.006,42.473,-0.978,-0.207,0.037,0,0.174,0.985,-0.21,0.963,-0.17],"_shiftlockState":true,"_pose":"FreeFall","_animationQueue":[],"_animationSpeed":1,"_zoom":5.424},{"_mousePosition":[683,352.5],"_rootPartCFrame":[750.851,229.754,43.994,-0.941,0,0.338,0,1,0,-0.338,0,-0.941],"_humanoidState":5,"_cameraCFrame":[749.386,237.967,42.472,-0.978,-0.205,0.036,0,0.174,0.985,-0.208,0.963,-0.17],"_shiftlockState":true,"_pose":"FreeFall","_animationQueue":[],"_animationSpeed":1,"_zoom":5.424},{"_mousePosition":[683,352.5],"_rootPartCFrame":[750.59,229.963,43.938,-0.942,0,0.336,0,1,0,-0.336,0,-0.942],"_humanoidState":5,"_cameraCFrame":[749.114,237.878,42.467,-0.978,-0.205,0.036,0,0.174,0.985,-0.208,0.963,-0.17],"_shiftlockState":true,"_pose":"FreeFall","_animationQueue":[],"_animationSpeed":1,"_zoom":5.424},{"_mousePosition":[683,352.5],"_rootPartCFrame":[750.33,230.117,43.882,-0.942,0,0.336,0,1,0,-0.336,0,-0.942],"_humanoidState":5,"_cameraCFrame":[748.842,237.755,42.461,-0.978,-0.204,0.036,0,0.174,0.985,-0.207,0.963,-0.17],"_shiftlockState":true,"_pose":"FreeFall","_animationQueue":[],"_animationSpeed":1,"_zoom":5.424},{"_mousePosition":[683,352.5],"_rootPartCFrame":[750.004,230.234,43.813,-0.93,0,0.367,0,1,0,-0.367,0,-0.93],"_humanoidState":5,"_cameraCFrame":[748.506,237.649,42.431,-0.978,-0.203,0.036,0,0.174,0.985,-0.206,0.964,-0.17],"_shiftlockState":true,"_pose":"FreeFall","_animationQueue":[],"_animationSpeed":1,"_zoom":5.424},{"_mousePosition":[683,352.5],"_rootPartCFrame":[749.808,230.263,43.771,-0.953,0,0.303,0,1,0,-0.303,0,-0.953],"_humanoidState":5,"_cameraCFrame":[748.302,237.51,42.422,-0.979,-0.201,0.035,0,0.174,0.985,-0.204,0.964,-0.17],"_shiftlockState":true,"_pose":"FreeFall","_animationQueue":[],"_animationSpeed":1,"_zoom":5.424},{"_mousePosition":[683,352.5],"_rootPartCFrame":[749.547,230.254,43.716,-0.943,0,0.332,0,1,0,-0.332,0,-0.943],"_humanoidState":5,"_cameraCFrame":[748.034,237.384,42.39,-0.979,-0.199,0.035,0,0.174,0.985,-0.202,0.964,-0.17],"_shiftlockState":true,"_pose":"FreeFall","_animationQueue":[],"_animationSpeed":1,"_zoom":5.424},{"_mousePosition":[683,352.5],"_rootPartCFrame":[749.286,230.19,43.662,-0.944,0,0.331,0,1,0,-0.331,0,-0.944],"_humanoidState":5,"_cameraCFrame":[747.767,237.23,42.354,-0.98,-0.197,0.035,0,0.174,0.985,-0.2,0.965,-0.17],"_shiftlockState":true,"_pose":"FreeFall","_animationQueue":[],"_animationSpeed":1,"_zoom":5.424},{"_mousePosition":[683,352.5],"_rootPartCFrame":[749.025,230.072,43.608,-0.944,0,0.329,0,1,0,-0.329,0,-0.944],"_humanoidState":5,"_cameraCFrame":[747.503,237.048,42.311,-0.98,-0.197,0.035,0,0.174,0.985,-0.2,0.965,-0.17],"_shiftlockState":true,"_pose":"FreeFall","_animationQueue":[],"_animationSpeed":1,"_zoom":5.424},{"_mousePosition":[683,352.5],"_rootPartCFrame":[748.764,229.899,43.554,-0.944,0,0.329,0,1,0,-0.329,0,-0.944],"_humanoidState":5,"_cameraCFrame":[747.241,236.832,42.265,-0.98,-0.197,0.035,0,0.174,0.985,-0.2,0.965,-0.17],"_shiftlockState":true,"_pose":"FreeFall","_animationQueue":[],"_animationSpeed":1,"_zoom":5.424},{"_mousePosition":[683,352.5],"_rootPartCFrame":[748.502,229.672,43.501,-0.944,0,0.329,0,1,0,-0.329,0,-0.944],"_humanoidState":5,"_cameraCFrame":[746.977,236.576,42.218,-0.98,-0.196,0.035,0,0.174,0.985,-0.199,0.965,-0.17],"_shiftlockState":true,"_pose":"FreeFall","_animationQueue":[],"_animationSpeed":1,"_zoom":5.424},{"_mousePosition":[683,352.5],"_rootPartCFrame":[748.241,229.391,43.447,-0.945,0,0.328,0,1,0,-0.328,0,-0.945],"_humanoidState":5,"_cameraCFrame":[746.714,236.274,42.17,-0.98,-0.195,0.034,0,0.174,0.985,-0.198,0.965,-0.17],"_shiftlockState":true,"_pose":"FreeFall","_animationQueue":[["fall",0.3]],"_animationSpeed":1,"_zoom":5.424},{"_mousePosition":[683,352.5],"_rootPartCFrame":[747.915,228.962,43.381,-0.934,0,0.358,0,1,0,-0.358,0,-0.934],"_humanoidState":5,"_cameraCFrame":[746.387,235.832,42.106,-0.98,-0.195,0.034,0,0.174,0.985,-0.198,0.965,-0.17],"_shiftlockState":true,"_pose":"FreeFall","_animationQueue":[],"_animationSpeed":1,"_zoom":5.424},{"_mousePosition":[683,352.5],"_rootPartCFrame":[747.718,228.664,43.341,-0.956,0,0.295,0,1,0,-0.295,0,-0.956],"_humanoidState":5,"_cameraCFrame":[746.19,235.524,42.068,-0.98,-0.195,0.034,0,0.174,0.985,-0.198,0.965,-0.17],"_shiftlockState":true,"_pose":"FreeFall","_animationQueue":[],"_animationSpeed":1,"_zoom":5.424},{"_mousePosition":[683,352.5],"_rootPartCFrame":[747.457,228.219,43.288,-0.945,0,0.327,0,1,0,-0.327,0,-0.945],"_humanoidState":5,"_cameraCFrame":[745.929,235.073,42.016,-0.98,-0.195,0.034,0,0.174,0.985,-0.198,0.965,-0.17],"_shiftlockState":true,"_pose":"FreeFall","_animationQueue":[],"_animationSpeed":1,"_zoom":5.424},{"_mousePosition":[683,352.5],"_rootPartCFrame":[747.195,227.719,43.236,-0.945,0,0.327,0,1,0,-0.327,0,-0.945],"_humanoidState":5,"_cameraCFrame":[745.667,234.569,41.964,-0.98,-0.195,0.034,0,0.174,0.985,-0.198,0.965,-0.17],"_shiftlockState":true,"_pose":"FreeFall","_animationQueue":[],"_animationSpeed":1,"_zoom":5.424},{"_mousePosition":[683,352.5],"_rootPartCFrame":[746.934,227.165,43.183,-0.945,0,0.327,0,1,0,-0.327,0,-0.945],"_humanoidState":5,"_cameraCFrame":[745.409,234.012,41.907,-0.98,-0.198,0.035,0,0.174,0.985,-0.201,0.965,-0.17],"_shiftlockState":true,"_pose":"FreeFall","_animationQueue":[],"_animationSpeed":1,"_zoom":5.424},{"_mousePosition":[683,352.5],"_rootPartCFrame":[746.673,226.557,43.13,-0.944,0,0.33,0,1,0,-0.33,0,-0.944],"_humanoidState":5,"_cameraCFrame":[745.164,233.402,41.836,-0.977,-0.21,0.037,0,0.174,0.985,-0.213,0.962,-0.17],"_shiftlockState":true,"_pose":"FreeFall","_animationQueue":[["fall",0.3]],"_animationSpeed":1,"_zoom":5.424},{"_mousePosition":[683,352.5],"_rootPartCFrame":[746.411,225.893,43.076,-0.94,0,0.341,0,1,0,-0.341,0,-0.94],"_humanoidState":5,"_cameraCFrame":[744.923,232.737,41.759,-0.973,-0.225,0.04,0,0.174,0.985,-0.229,0.959,-0.169],"_shiftlockState":true,"_pose":"FreeFall","_animationQueue":[],"_animationSpeed":1,"_zoom":5.424},{"_mousePosition":[683,352.5],"_rootPartCFrame":[746.151,225.176,43.02,-0.934,0,0.356,0,1,0,-0.356,0,-0.934],"_humanoidState":5,"_cameraCFrame":[744.692,232.019,41.67,-0.968,-0.246,0.043,0,0.174,0.985,-0.25,0.953,-0.168],"_shiftlockState":true,"_pose":"FreeFall","_animationQueue":[],"_animationSpeed":1,"_zoom":5.424},{"_mousePosition":[683,352.5],"_rootPartCFrame":[745.891,224.404,42.96,-0.926,0,0.377,0,1,0,-0.377,0,-0.926],"_humanoidState":5,"_cameraCFrame":[744.468,231.246,41.572,-0.961,-0.271,0.048,0,0.174,0.985,-0.275,0.947,-0.167],"_shiftlockState":true,"_pose":"FreeFall","_animationQueue":[],"_animationSpeed":1,"_zoom":5.424},{"_mousePosition":[683,352.5],"_rootPartCFrame":[745.633,223.577,42.894,-0.916,0,0.401,0,1,0,-0.401,0,-0.916],"_humanoidState":5,"_cameraCFrame":[744.256,230.419,41.461,-0.952,-0.302,0.053,0,0.174,0.985,-0.306,0.937,-0.165],"_shiftlockState":true,"_pose":"FreeFall","_animationQueue":[],"_animationSpeed":1,"_zoom":5.424},{"_mousePosition":[683,352.5],"_rootPartCFrame":[745.376,222.696,42.821,-0.903,0,0.43,0,1,0,-0.43,0,-0.903],"_humanoidState":5,"_cameraCFrame":[744.045,229.538,41.346,-0.942,-0.331,0.058,0,0.174,0.985,-0.336,0.927,-0.164],"_shiftlockState":true,"_pose":"FreeFall","_animationQueue":[],"_animationSpeed":1,"_zoom":5.424},{"_mousePosition":[683,352.5],"_rootPartCFrame":[745.122,221.76,42.741,-0.889,0,0.458,0,1,0,-0.458,0,-0.889],"_humanoidState":5,"_cameraCFrame":[743.857,228.602,41.208,-0.926,-0.372,0.066,0,0.174,0.985,-0.377,0.912,-0.161],"_shiftlockState":true,"_pose":"FreeFall","_animationQueue":[],"_animationSpeed":1,"_zoom":5.424},{"_mousePosition":[683,352.5],"_rootPartCFrame":[744.87,222,42.652,-0.91,0,0.415,0,1,0,-0.415,0,-0.91],"_humanoidState":7,"_cameraCFrame":[743.684,228.841,41.058,-0.906,-0.417,0.074,0,0.174,0.985,-0.423,0.892,-0.157],"_shiftlockState":true,"_pose":"FreeFall","_animationQueue":[["fall",0.3],["walk",0.1],["fall",0.3],["fall",0.3]],"_animationSpeed":1,"_zoom":5.424},{"_mousePosition":[683,352.5],"_rootPartCFrame":[744.623,222.504,42.553,-0.904,0,0.428,0,1,0,-0.428,0,-0.904],"_humanoidState":7,"_cameraCFrame":[743.551,229.346,40.88,-0.874,-0.478,0.084,0,0.174,0.985,-0.486,0.861,-0.152],"_shiftlockState":true,"_pose":"FreeFall","_animationQueue":[],"_animationSpeed":1,"_zoom":5.424},{"_mousePosition":[683,352.5],"_rootPartCFrame":[744.38,222.836,42.442,-0.874,0,0.486,0,1,0,-0.486,0,-0.874],"_humanoidState":8,"_cameraCFrame":[743.476,229.678,40.672,-0.823,-0.56,0.099,0,0.174,0.985,-0.569,0.81,-0.143],"_shiftlockState":true,"_pose":"Running","_animationQueue":[["walk",0.1],["fall",0.3],["walk",0.1]],"_animationSpeed":1.103,"_zoom":5.424},{"_mousePosition":[683,352.5],"_rootPartCFrame":[744.088,223.065,42.283,-0.823,0,0.569,0,1,0,-0.569,0,-0.823],"_humanoidState":8,"_cameraCFrame":[743.362,229.906,40.433,-0.763,-0.637,0.112,0,0.174,0.985,-0.647,0.751,-0.132],"_shiftlockState":true,"_pose":"Running","_animationQueue":[],"_animationSpeed":1.103,"_zoom":5.424},{"_mousePosition":[683,352.5],"_rootPartCFrame":[743.921,223.137,42.172,-0.763,0,0.647,0,1,0,-0.647,0,-0.763],"_humanoidState":8,"_cameraCFrame":[743.431,229.979,40.246,-0.677,-0.725,0.128,0,0.174,0.985,-0.736,0.666,-0.117],"_shiftlockState":true,"_pose":"Running","_animationQueue":[],"_animationSpeed":1.103,"_zoom":5.424},{"_mousePosition":[683,352.5],"_rootPartCFrame":[743.715,223.19