[{"_mousePosition":[304,392],"_rootPartCFrame":[776.028,222.95,47.142,0,0,1,0,1,0,-1,0,0],"_humanoidState":8,"_cameraCFrame":[779.403,236.685,38.42,-0.933,-0.287,0.219,0,0.607,0.794,-0.361,0.741,-0.566],"_shiftlockState":false,"_pose":"Standing","_animationQueue":[],"_animationSpeed":1,"_zoom":15.4},{"_mousePosition":[299,395],"_rootPartCFrame":[775.798,222.832,47.053,0.052,0,0.999,0,1,0,-0.999,0,0.052],"_humanoidState":8,"_cameraCFrame":[779.173,236.567,38.331,-0.933,-0.287,0.219,0,0.607,0.794,-0.361,0.741,-0.566],"_shiftlockState":false,"_pose":"Standing","_animationQueue":[],"_animationSpeed":1,"_zoom":15.4},{"_mousePosition":[289,398],"_rootPartCFrame":[775.55,222.672,46.957,0.094,0,0.996,0,1,0,-0.996,0,0.094],"_humanoidState":8,"_cameraCFrame":[778.925,236.407,38.235,-0.933,-0.287,0.219,0,0.607,0.794,-0.361,0.741,-0.566],"_shiftlockState":false,"_pose":"Running","_animationQueue":[["walk",0.1]],"_animationSpeed":1.066,"_zoom":15.4},{"_mousePosition":[280,402],"_rootPartCFrame":[775.301,222.653,46.861,0.131,0,0.991,0,1,0,-0.991,0,0.131],"_humanoidState":8,"_cameraCFrame":[778.676,236.388,38.139,-0.933,-0.287,0.219,0,0.607,0.794,-0.361,0.741,-0.566],"_shiftlockState":false,"_pose":"Running","_animationQueue":[["walk",0.1]],"_animationSpeed":1.066,"_zoom":15.4},{"_mousePosition":[266,408],"_rootPartCFrame":[775.053,222.669,46.765,0.163,0,0.987,0,1,0,-0.987,0,0.163],"_humanoidState":8,"_cameraCFrame":[778.427,236.405,38.043,-0.933,-0.287,0.219,0,0.607,0.794,-0.361,0.741,-0.566],"_shiftlockState":false,"_pose":"Running","_animationQueue":[],"_animationSpeed":1.066,"_zoom":15.4},{"_mousePosition":[252,415],"_rootPartCFrame":[774.804,222.683,46.668,0.19,0,0.982,0,1,0,-0.982,0,0.19],"_humanoidState":8,"_cameraCFrame":[778.179,236.418,37.947,-0.933,-0.287,0.219,0,0.607,0.794,-0.361,0.741,-0.566],"_shiftlockState":false,"_pose":"Running","_animationQueue":[],"_animationSpeed":1.066,"_zoom":15.4},{"_mousePosition":[231,427],"_rootPartCFrame":[774.555,222.69,46.572,0.214,0,0.977,0,1,0,-0.977,0,0.214],"_humanoidState":8,"_cameraCFrame":[777.93,236.426,37.85,-0.933,-0.287,0.219,0,0.607,0.794,-0.361,0.741,-0.566],"_shiftlockState":false,"_pose":"Running","_animationQueue":[],"_animationSpeed":1.066,"_zoom":15.4},{"_mousePosition":[211,439],"_rootPartCFrame":[774.307,222.695,46.476,0.234,0,0.972,0,1,0,-0.972,0,0.234],"_humanoidState":8,"_cameraCFrame":[777.681,236.43,37.754,-0.933,-0.287,0.219,0,0.607,0.794,-0.361,0.741,-0.566],"_shiftlockState":false,"_pose":"Running","_animationQueue":[],"_animationSpeed":1.066,"_zoom":15.4},{"_mousePosition":[182,454],"_rootPartCFrame":[774.058,222.697,46.38,0.252,0,0.968,0,1,0,-0.968,0,0.252],"_humanoidState":8,"_cameraCFrame":[777.433,236.432,37.658,-0.933,-0.287,0.219,0,0.607,0.794,-0.361,0.741,-0.566],"_shiftlockState":false,"_pose":"Running","_animationQueue":[],"_animationSpeed":1.066,"_zoom":15.4},{"_mousePosition":[158,467],"_rootPartCFrame":[773.809,222.698,46.283,0.267,0,0.964,0,1,0,-0.964,0,0.267],"_humanoidState":8,"_cameraCFrame":[777.184,236.433,37.562,-0.933,-0.287,0.219,0,0.607,0.794,-0.361,0.741,-0.566],"_shiftlockState":false,"_pose":"Running","_animationQueue":[],"_animationSpeed":1.066,"_zoom":15.4},{"_mousePosition":[126,482],"_rootPartCFrame":[773.561,222.699,46.187,0.28,0,0.96,0,1,0,-0.96,0,0.28],"_humanoidState":8,"_cameraCFrame":[776.935,236.434,37.465,-0.933,-0.287,0.219,0,0.607,0.794,-0.361,0.741,-0.566],"_shiftlockState":false,"_pose":"Running","_animationQueue":[["walk",0.1]],"_animationSpeed":1.066,"_zoom":15.4},{"_mousePosition":[99,497],"_rootPartCFrame":[773.312,222.699,46.091,0.291,0,0.957,0,1,0,-0.957,0,0.291],"_humanoidState":8,"_cameraCFrame":[775.055,236.434,36.738,-0.933,-0.287,0.219,0,0.607,0.794,-0.361,0.741,-0.566],"_shiftlockState":true,"_pose":"Running","_animationQueue":[],"_animationSpeed":1.066,"_zoom":15.4},{"_mousePosition":[683,352.5],"_rootPartCFrame":[773.063,222.699,45.995,-0.961,0,0.277,0,1,0,-0.277,0,-0.961],"_humanoidState":8,"_cameraCFrame":[774.806,236.435,36.641,-0.933,-0.287,0.219,0,0.607,0.794,-0.361,0.741,-0.566],"_shiftlockState":true,"_pose":"Running","_animationQueue":[],"_animationSpeed":1.066,"_zoom":15.4},{"_mousePosition":[683,352.5],"_rootPartCFrame":[772.69,222.7,45.85,-0.936,0,0.352,0,1,0,-0.352,0,-0.936],"_humanoidState":8,"_cameraCFrame":[774.037,236.599,36.649,-0.945,-0.264,0.195,0,0.593,0.805,-0.328,0.76,-0.56],"_shiftlockState":true,"_pose":"Running","_animationQueue":[],"_animationSpeed":1.066,"_zoom":15.4},{"_mousePosition":[683,352.5],"_rootPartCFrame":[772.566,222.7,45.802,-0.945,0,0.328,0,1,0,-0.328,0,-0.945],"_humanoidState":8,"_cameraCFrame":[773.301,236.88,36.92,-0.961,-0.228,0.157,0,0.567,0.823,-0.277,0.791,-0.545],"_shiftlockState":true,"_pose":"Running","_animationQueue":[],"_animationSpeed":1.066,"_zoom":15.4},{"_mousePosition":[683,352.5],"_rootPartCFrame":[772.252,222.7,45.692,-0.961,0,0.276,0,1,0,-0.276,0,-0.961],"_humanoidState":8,"_cameraCFrame":[772.578,237.06,37.047,-0.971,-0.2,0.132,0,0.55,0.835,-0.239,0.811,-0.534],"_shiftlockState":true,"_pose":"Running","_animationQueue":[],"_animationSpeed":1.066,"_zoom":15.4},{"_mousePosition":[683,352.5],"_rootPartCFrame":[771.996,222.7,45.616,-0.971,0,0.239,0,1,0,-0.239,0,-0.971],"_humanoidState":8,"_cameraCFrame":[771.856,237.255,37.263,-0.981,-0.164,0.102,0,0.53,0.848,-0.193,0.832,-0.52],"_shiftlockState":true,"_pose":"Running","_animationQueue":[["walk",0.1]],"_animationSpeed":1.066,"_zoom":15.4},{"_mousePosition":[683,352.5],"_rootPartCFrame":[771.737,222.7,45.55,-0.981,0,0.193,0,1,0,-0.193,0,-0.981],"_humanoidState":8,"_cameraCFrame":[771.201,237.41,37.463,-0.989,-0.129,0.077,0,0.514,0.858,-0.151,0.848,-0.508],"_shiftlockState":true,"_pose":"Running","_animationQueue":[],"_animationSpeed":1.066,"_zoom":15.4},{"_mousePosition":[683,352.5],"_rootPartCFrame":[771.476,222.7,45.497,-0.989,0,0.151,0,1,0,-0.151,0,-0.989],"_humanoidState":8,"_cameraCFrame":[770.45,237.616,37.806,-0.996,-0.082,0.046,0,0.491,0.871,-0.095,0.867,-0.489],"_shiftlockState":true,"_pose":"Running","_animationQueue":[],"_animationSpeed":1.066,"_zoom":15.4},{"_mousePosition":[683,352.5],"_rootPartCFrame":[771.213,222.7,45.455,-0.996,0,0.095,0,1,0,-0.095,0,-0.996],"_humanoidState":8,"_cameraCFrame":[769.771,237.807,38.176,-0.999,-0.038,0.02,0,0.468,0.884,-0.042,0.883,-0.468],"_shiftlockState":true,"_pose":"Running","_animationQueue":[],"_animationSpeed":1.066,"_zoom":15.4},{"_mousePosition":[683,352.5],"_rootPartCFrame":[770.948,222.7,45.428,-0.999,0,0.042,0,1,0,-0.042,0,-0.999],"_humanoidState":8,"_cameraCFrame":[769.102,238.027,38.673,-1,0.013,-0.006,0,0.44,0.898,0.014,0.898,-0.44],"_shiftlockState":true,"_pose":"Running","_animationQueue":[],"_animationSpeed":1.066,"_zoom":15.4},{"_mousePosition":[683,352.5],"_rootPartCFrame":[770.682,222.7,45.414,-1,0,-0.014,0,1,0,0.014,0,-1],"_humanoidState":8,"_cameraCFrame":[768.592,238.171,39.039,-0.999,0.048,-0.022,0,0.421,0.907,0.053,0.906,-0.42],"_shiftlockState":true,"_pose":"Running","_animationQueue":[],"_animationSpeed":1.066,"_zoom":15.4},{"_mousePosition":[683,352.5],"_rootPartCFrame":[770.482,222.7,45.415,-0.999,0,-0.053,0,1,0,0.053,0,-0.999],"_humanoidState":8,"_cameraCFrame":[768.137,238.339,39.514,-0.995,0.091,-0.039,0,0.396,0.918,0.099,0.914,-0.394],"_shiftlockState":true,"_pose":"Running","_animationQueue":[],"_animationSpeed":1.066,"_zoom":15.4},{"_mousePosition":[683,352.5],"_rootPartCFrame":[770.149,222.7,45.431,-0.995,0,-0.099,0,1,0,0.099,0,-0.995],"_humanoidState":8,"_cameraCFrame":[767.656,238.435,39.831,-0.992,0.119,-0.049,0,0.381,0.924,0.129,0.917,-0.378],"_shiftlockState":true,"_pose":"Running","_animationQueue":[["walk",0.1]],"_animationSpeed":1.066,"_zoom":15.4},{"_mousePosition":[683,352.5],"_rootPartCFrame":[769.882,222.666,45.445,-0.992,0,-0.129,0,1,0,0.129,0,-0.992],"_humanoidState":8,"_cameraCFrame":[767.226,238.512,40.216,-0.986,0.155,-0.06,0,0.363,0.932,0.166,0.919,-0.358],"_shiftlockState":true,"_pose":"Running","_animationQueue":[],"_animationSpeed":1.066,"_zoom":15.4},{"_mousePosition":[683,352.5],"_rootPartCFrame":[769.616,222.577,45.459,-0.986,0,-0.166,0,1,0,0.166,0,-0.986],"_humanoidState":8,"_cameraCFrame":[766.886,238.495,40.469,-0.982,0.175,-0.066,0,0.351,0.936,0.187,0.92,-0.345],"_shiftlockState":true,"_pose":"Running","_animationQueue":[],"_animationSpeed":1.066,"_zoom":15.4},{"_mousePosition":[683,352.5],"_rootPartCFrame":[769.35,222.434,45.473,-0.982,0,-0.187,0,1,0,0.187,0,-0.982],"_humanoidState":8,"_cameraCFrame":[766.58,238.403,40.658,-0.98,0.188,-0.069,0,0.342,0.94,0.2,0.921,-0.335],"_shiftlockState":true,"_pose":"Running","_animationQueue":[],"_animationSpeed":1.066,"_zoom":15.4},{"_mousePosition":[683,352.5],"_rootPartCFrame":[769.083,223.307,45.487,-0.98,0,-0.2,0,1,0,0.2,0,-0.98],"_humanoidState":3,"_cameraCFrame":[766.312,239.302,40.749,-0.979,0.191,-0.069,0,0.338,0.941,0.203,0.922,-0.331],"_shiftlockState":true,"_pose":"Jumping","_animationQueue":[["walk",0.1],["jump",0.1]],"_animationSpeed":1,"_zoom":15.4},{"_mousePosition":[683,352.5],"_rootPartCFrame":[768.885,223.929,45.513,-0.99,0,-0.142,0,1,0,0.142,0,-0.99],"_humanoidState":5,"_cameraCFrame":[766.126,239.953,40.858,-0.979,0.193,-0.068,0,0.332,0.943,0.204,0.923,-0.325],"_shiftlockState":true,"_pose":"FreeFall","_animationQueue":[["jump",0.1]],"_animationSpeed":1,"_zoom":15.4},{"_mousePosition":[683,352.5],"_rootPartCFrame":[768.624,224.71,45.565,-0.997,0,-0.081,0,1,0,0.081,0,-0.997],"_humanoidState":5,"_cameraCFrame":[765.906,240.787,41.054,-0.979,0.191,-0.065,0,0.323,0.947,0.202,0.927,-0.316],"_shiftlockState":true,"_pose":"FreeFall","_animationQueue":[],"_animationSpeed":1,"_zoom":15.4},{"_mousePosition":[683,352.5],"_rootPartCFrame":[768.363,225.437,45.62,-0.997,0,-0.071,0,1,0,0.071,0,-0.997],"_humanoidState":5,"_cameraCFrame":[765.74,241.61,41.375,-0.981,0.185,-0.059,0,0.303,0.953,0.194,0.935,-0.298],"_shiftlockState":true,"_pose":"FreeFall","_animationQueue":[],"_animationSpeed":1,"_zoom":15.4},{"_mousePosition":[683,352.5],"_rootPartCFrame":[768.036,226.268,45.687,-1,0,-0.029,0,1,0,0.029,0,-1],"_humanoidState":5,"_cameraCFrame":[765.475,242.494,41.586,-0.982,0.179,-0.055,0,0.293,0.956,0.187,0.939,-0.288],"_shiftlockState":true,"_pose":"FreeFall","_animationQueue":[],"_animationSpeed":1,"_zoom":15.4},{"_mousePosition":[683,352.5],"_rootPartCFrame":[767.84,226.726,45.726,-0.996,0,-0.088,0,1,0,0.088,0,-0.996],"_humanoidState":5,"_cameraCFrame":[765.358,242.991,41.72,-0.985,0.166,-0.049,0,0.284,0.959,0.173,0.944,-0.28],"_shiftlockState":true,"_pose":"FreeFall","_animationQueue":[],"_animationSpeed":1,"_zoom":15.4},{"_mousePosition":[683,352.5],"_rootPartCFrame":[767.513,227.422,45.789,-1,0,-0.008,0,1,0,0.008,0,-1],"_humanoidState":5,"_cameraCFrame":[765.051,243.708,41.847,-0.985,0.165,-0.048,0,0.28,0.96,0.171,0.946,-0.275],"_shiftlockState":true,"_pose":"FreeFall","_animationQueue":[],"_animationSpeed":1,"_zoom":15.4},{"_mousePosition":[683,352.5],"_rootPartCFrame":[767.316,227.798,45.824,-0.997,0,-0.072,0,1,0,0.072,0,-0.997],"_humanoidState":5,"_cameraCFrame":[764.854,244.084,41.883,-0.985,0.165,-0.048,0,0.28,0.96,0.171,0.946,-0.275],"_shiftlockState":true,"_pose":"FreeFall","_animationQueue":[],"_animationSpeed":1,"_zoom":15.4},{"_mousePosition":[683,352.5],"_rootPartCFrame":[767.053,228.252,45.87,-0.999,0,-0.039,0,1,0,0.039,0,-0.999],"_humanoidState":5,"_cameraCFrame":[764.592,244.538,41.928,-0.985,0.165,-0.048,0,0.28,0.96,0.171,0.946,-0.275],"_shiftlockState":true,"_pose":"FreeFall","_animationQueue":[],"_animationSpeed":1,"_zoom":15.4},{"_mousePosition":[683,352.5],"_rootPartCFrame":[766.725,228.743,45.927,-1,0,-0.006,0,1,0,0.006,0,-1],"_humanoidState":5,"_cameraCFrame":[764.263,245.029,41.986,-0.985,0.165,-0.048,0,0.28,0.96,0.171,0.946,-0.275],"_shiftlockState":true,"_pose":"FreeFall","_animationQueue":[],"_animationSpeed":1,"_zoom":15.4},{"_mousePosition":[683,352.5],"_rootPartCFrame":[766.528,228.997,45.961,-0.997,0,-0.072,0,1,0,0.072,0,-0.997],"_humanoidState":5,"_cameraCFrame":[764.066,245.283,42.02,-0.985,0.165,-0.048,0,0.28,0.96,0.171,0.946,-0.275],"_shiftlockState":true,"_pose":"FreeFall","_animationQueue":[],"_animationSpeed":1,"_zoom":15.4},{"_mousePosition":[683,352],"_rootPartCFrame":[766.2,229.352,46.018,-1,0,-0.006,0,1,0,0.006,0,-1],"_humanoidState":5,"_cameraCFrame":[763.738,245.638,42.077,-0.985,0.165,-0.048,0,0.28,0.96,0.171,0.946,-0.275],"_shiftlockState":true,"_pose":"FreeFall","_animationQueue":[],"_animationSpeed":1,"_zoom":15.4},{"_mousePosition":[683,352],"_rootPartCFrame":[765.937,229.574,46.064,-0.999,0,-0.039,0,1,0,0.039,0,-0.999],"_humanoidState":5,"_cameraCFrame":[763.475,245.86,42.123,-0.985,0.165,-0.048,0,0.28,0.96,0.171,0.946,-0.275],"_shiftlockState":true,"_pose":"FreeFall","_animationQueue":[],"_animationSpeed":1,"_zoom":15.4},{"_mousePosition":[683,352],"_rootPartCFrame":[765.74,229.705,46.098,-0.997,0,-0.072,0,1,0,0.072,0,-0.997],"_humanoidState":5,"_cameraCFrame":[763.294,245.681,42.246,-0.985,0.165,-0.048,0,0.28,0.96,0.171,0.946,-0.275],"_shiftlockState":true,"_pose":"FreeFall","_animationQueue":[],"_animationSpeed":1,"_zoom":11.92},{"_mousePosition":[683,352],"_rootPartCFrame":[765.412,229.856,46.155,-1,0,-0.006,0,1,0,0.006,0,-1],"_humanoidState":5,"_cameraCFrame":[762.993,245.272,42.464,-0.985,0.165,-0.048,0,0.28,0.96,0.171,0.946,-0.275],"_shiftlockState":true,"_pose":"FreeFall","_animationQueue":[],"_animationSpeed":1,"_zoom":11.92},{"_mousePosition":[683,352.5],"_rootPartCFrame":[765.149,229.915,46.201,-0.999,0,-0.039,0,1,0,0.039,0,-0.999],"_humanoidState":5,"_cameraCFrame":[762.796,244.729,42.671,-0.987,0.156,-0.045,0,0.279,0.96,0.162,0.948,-0.275],"_shiftlockState":true,"_pose":"FreeFall","_animationQueue":[["fall",0.3]],"_animationSpeed":1,"_zoom":11.92},{"_mousePosition":[683,352.5],"_rootPartCFrame":[764.886,229.919,46.247,-1,0,-0.03,0,1,0,0.03,0,-1],"_humanoidState":5,"_cameraCFrame":[762.626,244.311,42.85,-0.99,0.138,-0.039,0,0.275,0.961,0.143,0.952,-0.272],"_shiftlockState":true,"_pose":"FreeFall","_animationQueue":[],"_animationSpeed":1,"_zoom":11.92},{"_mousePosition":[683,352.5],"_rootPartCFrame":[764.689,229.887,46.28,-0.999,0,-0.044,0,1,0,0.044,0,-0.999],"_humanoidState":5,"_cameraCFrame":[762.542,243.887,42.964,-0.993,0.111,-0.031,0,0.273,0.962,0.115,0.956,-0.271],"_shiftlockState":true,"_pose":"FreeFall","_animationQueue":[],"_animationSpeed":1,"_zoom":11.92},{"_mousePosition":[683,352.5],"_rootPartCFrame":[764.359,229.765,46.328,-0.999,0,0.051,0,1,0,-0.051,0,-0.999],"_humanoidState":5,"_cameraCFrame":[762.291,243.479,43.06,-0.996,0.091,-0.026,0,0.272,0.962,0.095,0.958,-0.271],"_shiftlockState":true,"_pose":"FreeFall","_animationQueue":[],"_animationSpeed":1,"_zoom":11.92},{"_mousePosition":[683,352.5],"_rootPartCFrame":[764.161,229.651,46.352,-1,0,0.005,0,1,0,-0.005,0,-1],"_humanoidState":5,"_cameraCFrame":[762.148,243.059,43.15,-0.997,0.077,-0.022,0,0.271,0.963,0.08,0.959,-0.27],"_shiftlockState":true,"_pose":"FreeFall","_animationQueue":[],"_animationSpeed":1,"_zoom":11.92},{"_mousePosition":[683,352.5],"_rootPartCFrame":[763.763,229.331,46.391,-0.993,0,0.12,0,1,0,-0.12,0,-0.993],"_humanoidState":5,"_cameraCFrame":[761.755,242.668,43.207,-0.997,0.076,-0.021,0,0.271,0.963,0.079,0.96,-0.27],"_shiftlockState":true,"_pose":"FreeFall","_animationQueue":[],"_animationSpeed":1,"_zoom":11.92},{"_mousePosition":[683,352.5],"_rootPartCFrame":[763.63,229.197,46.402,-1,0,-0.012,0,1,0,0.012,0,-1],"_humanoidState":5,"_cameraCFrame":[761.625,242.418,43.251,-0.997,0.076,-0.021,0,0.271,0.963,0.079,0.96,-0.27],"_shiftlockState":true,"_pose":"FreeFall","_animationQueue":[],"_animationSpeed":1,"_zoom":11.92},{"_mousePosition":[683,352.5],"_rootPartCFrame":[763.297,228.802,46.429,-0.996,0,0.087,0,1,0,-0.087,0,-0.996],"_humanoidState":5,"_cameraCFrame":[761.294,241.943,43.3,-0.997,0.076,-0.021,0,0.271,0.963,0.079,0.96,-0.27],"_shiftlockState":true,"_pose":"FreeFall","_animationQueue":[],"_animationSpeed":1,"_zoom":11.92},{"_mousePosition":[683,352.5],"_rootPartCFrame":[763.098,228.524,46.444,-1,0,0.021,0,1,0,-0.021,0,-1],"_humanoidState":5,"_cameraCFrame":[761.096,241.61,43.331,-0.997,0.076,-0.021,0,0.271,0.963,0.079,0.96,-0.27],"_shiftlockState":true,"_pose":"FreeFall","_animationQueue":[["fall",0.3]],"_animationSpeed":1,"_zoom":11.92},{"_mousePosition":[683,352.5],"_rootPartCFrame":[762.832,228.107,46.466,-0.999,0,0.054,0,1,0,-0.054,0,-0.999],"_humanoidState":5,"_cameraCFrame":[760.844,241.157,43.354,-0.997,0.072,-0.02,0,0.271,0.963,0.075,0.96,-0.27],"_shiftlockState":true,"_pose":"FreeFall","_animationQueue":[],"_animationSpeed":1,"_zoom":11.92},{"_mousePosition":[683,352.5],"_rootPartCFrame":[762.566,227.634,46.487,-0.998,0,0.058,0,1,0,-0.058,0,-0.998],"_humanoidState":5,"_cameraCFrame":[760.608,240.66,43.373,-0.998,0.063,-0.018,0,0.27,0.963,0.065,0.961,-0.27],"_shiftlockState":true,"_pose":"FreeFall","_animationQueue":[],"_animationSpeed":1,"_zoom":11.92},{"_mousePosition":[683,352.5],"_rootPartCFrame":[762.234,226.967,46.512,-0.995,0,0.101,0,1,0,-0.101,0,-0.995],"_humanoidState":5,"_cameraCFrame":[760.32,239.982,43.395,-0.999,0.05,-0.014,0,0.269,0.963,0.052,0.962,-0.268],"_shiftlockState":true,"_pose":"FreeFall","_animationQueue":[],"_animationSpeed":1,"_zoom":11.92},{"_mousePosition":[683,352.5],"_rootPartCFrame":[762.045,226.885,46.524,-1,0,-0.018,0,1,0,0.018,0,-1],"_humanoidState":7,"_cameraCFrame":[760.191,239.893,43.394,-0.999,0.032,-0.009,0,0.267,0.964,0.033,0.963,-0.267],"_shiftlockState":true,"_pose":"FreeFall","_animationQueue":[["walk",0.1],["fall",0.3],["fall",0.3]],"_animationSpeed":1,"_zoom":11.92},{"_mousePosition":[683,352.5],"_rootPartCFrame":[761.85,226.883,46.535,-1,0,-0.031,0,1,0,0.031,0,-1],"_humanoidState":7,"_cameraCFrame":[760.052,239.888,43.383,-1,0.015,-0.004,0,0.266,0.964,0.015,0.964,-0.266],"_shiftlockState":true,"_pose":"FreeFall","_animationQueue":[],"_animationSpeed":1,"_zoom":11.92},{"_mousePosition":[683,352.5],"_rootPartCFrame":[761.737,226.883,46.539,-1,0,-0.015,0,1,0,0.015,0,-1],"_humanoidState":8,"_cameraCFrame":[760.028,239.884,43.349,-1,-0.013,0.003,0,0.266,0.964,-0.013,0.964,-0.266],"_shiftlockState":true,"_pose":"Running","_animationQueue":[["fall",0.3],["walk",0.1],["fall",0.3],["walk",0.1]],"_animationSpeed":0.823,"_zoom":11.92},{"_mousePosition":[683,352.5],"_rootPartCFrame":[761.622,226.883,46.541,-1,0,0.013,0,1,0,-0.013,0,-1],"_humanoidState":8,"_cameraCFrame":[759.953,239.881,43.33,-1,-0.025,0.007,0,0.266,0.964,-0.026,0.964,-0.265],"_shiftlockState":true,"_pose":"Running","_animationQueue":[["walk",0.1]],"_animationSpeed":0.399,"_zoom":11.92},{"_mousePosition":[683,352.5],"_rootPartCFrame":[761.475,226.883,46.54,-1,0,0.026,0,1,0,-0.026,0,-1],"_humanoidState":8,"_cameraCFrame":[759.858,239.879,43.303,-0.999,-0.04,0.011,0,0.266,0.964,-0.041,0.963,-0.265],"_shiftlockState":true,"_pose":"Running","_animationQueue":[["walk",0.1]],"_animationSpeed":0.481,"_zoom":11.92},{"_mousePosition":[683,352.5],"_rootPartCFrame":[761.259,226.883,46.534,-0.999,0,0.041,0,1,0,-0.041,0,-0.999],"_humanoidState":8,"_cameraCFrame":[759.693,239.875,43.264,-0.998,-0.055,0.015,0,0.266,0.964,-0.057,0.962,-0.266],"_shiftlockState":true,"_pose":"Running","_animationQueue":[["walk",0.1]],"_animationSpeed":0.613,"_zoom":11.92},{"_mousePosition":[683,352.5],"_rootPartCFrame":[761.116,226.883,46.529,-0.998,0,0.057,0,1,0,-0.057,0,-0.998],"_humanoidState":8,"_cameraCFrame":[759.618,239.874,43.227,-0.997,-0.075,0.021,0,0.266,0.964,-0.078,0.961,-0.266],"_shiftlockState":true,"_pose":"Running","_animationQueue":[["walk",0.1]],"_animationSpeed":0.73,"_zoom":11.92},{"_mousePosition":[683,352.5],"_rootPartCFrame":[760.851,226.883,46.514,-0.997,0,0.078,0,1,0,-0.078,0,-0.997],"_humanoidState":8,"_cameraCFrame":[759.441,239.874,43.174,-0.995,-0.1,0.028,0,0.266,0.964,-0.104,0.959,-0.265],"_shiftlockState":true,"_pose":"Running","_animationQueue":[["walk",0.1]],"_animationSpeed":0.802,"_zoom":11.92},{"_mousePosition":[683,352.5],"_rootPartCFrame":[760.616,226.883,46.496,-0.995,0,0.104,0,1,0,-0.104,0,-0.995],"_humanoidState":8,"_cameraCFrame":[759.323,239.871,43.101,-0.99,-0.133,0.037,0,0.267,0.964,-0.138,0.954,-0.265],"_shiftlockState":true,"_pose":"Running","_animationQueue":[["walk",0.1],["walk",0.1]],"_animationSpeed":0.886,"_zoom":11.92},{"_mousePosition":[683,352.5],"_rootPartCFrame":[760.365,226.89,46.471,-0.99,0,0.138,0,1,0,-0.138,0,-0.99],"_humanoidState":8,"_cameraCFrame":[759.181,239.875,43.027,-0.986,-0.163,0.045,0,0.268,0.963,-0.169,0.95,-0.264],"_shiftlockState":true,"_pose":"Running","_animationQueue":[["walk",0.1]],"_animationSpeed":0.99,"_zoom":11.92},{"_mousePosition":[683,352.5],"_rootPartCFrame":[760.17,226.906,46.445,-0.986,0,0.169,0,1,0,-0.169,0,-0.986],"_humanoidState":8,"_cameraCFrame":[759.131,239.886,42.938,-0.978,-0.202,0.056,0,0.269,0.963,-0.209,0.942,-0.263],"_shiftlockState":true,"_pose":"Running","_animationQueue":[["walk",0.1]],"_animationSpeed":1.053,"_zoom":11.92},{"_mousePosition":[683,352.5],"_rootPartCFrame":[759.841,226.934,46.39,-0.978,0,0.209,0,1,0,-0.209,0,-0.978],"_humanoidState":8,"_cameraCFrame":[758.935,239.911,42.838,-0.969,-0.236,0.066,0,0.27,0.963,-0.245,0.933,-0.262],"_shiftlockState":true,"_pose":"Running","_animationQueue":[],"_animationSpeed":1.053,"_zoom":11.92},{"_mousePosition":[683,352.5],"_rootPartCFrame":[759.649,226.932,46.35,-0.969,0,0.245,0,1,0,-0.245,0,-0.969],"_humanoidState":8,"_cameraCFrame":[758.854,239.909,42.772,-0.961,-0.265,0.074,0,0.27,0.963,-0.276,0.926,-0.26],"_shiftlockState":true,"_pose":"Running","_animationQueue":[],"_animationSpeed":1.053,"_zoom":11.92},{"_mousePosition":[683,352.5],"_rootPartCFrame":[759.279,226.836,46.258,-0.961,0,0.276,0,1,0,-0.276,0,-0.961],"_humanoidState":8,"_cameraCFrame":[758.568,239.815,42.67,-0.954,-0.288,0.08,0,0.269,0.963,-0.299,0.919,-0.257],"_shiftlockState":true,"_pose":"Running","_animationQueue":[],"_animationSpeed":1.053,"_zoom":11.92},{"_mousePosition":[683,352.5],"_rootPartCFrame":[759.167,226.776,46.227,-0.954,0,0.299,0,1,0,-0.299,0,-0.954],"_humanoidState":8,"_cameraCFrame":[758.501,239.766,42.664,-0.95,-0.302,0.084,0,0.266,0.964,-0.314,0.915,-0.253],"_shiftlockState":true,"_pose":"Running","_animationQueue":[],"_animationSpeed":1.053,"_zoom":11.92},{"_mousePosition":[683,352.5],"_rootPartCFrame":[758.912,226.568,46.149,-0.95,0,0.314,0,1,0,-0.314,0,-0.95],"_humanoidState":8,"_cameraCFrame":[758.269,239.56,42.589,-0.947,-0.309,0.085,0,0.266,0.964,-0.32,0.913,-0.252],"_shiftlockState":true,"_pose":"Running","_animationQueue":[["walk",0.1],["walk",0.1]],"_animationSpeed":0.946,"_zoom":11.92},{"_mousePosition":[683,352.5],"_rootPartCFrame":[758.785,226.402,46.107,-0.947,0,0.32,0,1,0,-0.32,0,-0.947],"_humanoidState":8,"_cameraCFrame":[758.162,239.402,42.569,-0.945,-0.317,0.086,0,0.263,0.965,-0.328,0.911,-0.249],"_shiftlockState":true,"_pose":"Running","_animationQueue":[["walk",0.1]],"_animationSpeed":0.875,"_zoom":11.92},{"_mousePosition":[683,352.5],"_rootPartCFrame":[758.588,226.238,46.041,-0.945,0,0.328,0,1,0,-0.328,0,-0.945],"_humanoidState":8,"_cameraCFrame":[757.99,239.245,42.523,-0.941,-0.326,0.088,0,0.261,0.965,-0.337,0.909,-0.246],"_shiftlockState":true,"_pose":"Running","_animationQueue":[["walk",0.1]],"_animationSpeed":0.716,"_zoom":11.92},{"_mousePosition":[683,352.5],"_rootPartCFrame":[758.5,226.177,46.01,-0.941,0,0.337,0,1,0,-0.337,0,-0.941],"_humanoidState":8,"_cameraCFrame":[757.948,239.201,42.542,-0.934,-0.344,0.091,0,0.255,0.967,-0.356,0.903,-0.239],"_shiftlockState":true,"_pose":"Running","_animationQueue":[],"_animationSpeed":0.716,"_zoom":11.92},{"_mousePosition":[683,352.5],"_rootPartCFrame":[758.382,226.003,45.968,-0.934,0,0.356,0,1,0,-0.356,0,-0.934],"_humanoidState":8,"_cameraCFrame":[757.9,239.042,42.538,-0.925,-0.368,0.095,0,0.251,0.968,-0.38,0.895,-0.232],"_shiftlockState":true,"_pose":"Running","_animationQueue":[["walk",0.1]],"_animationSpeed":0.491,"_zoom":11.92},{"_mousePosition":[683,352.5],"_rootPartCFrame":[758.267,227.097,45.927,-0.925,0,0.38,0,1,0,-0.38,0,-0.925],"_humanoidState":3,"_cameraCFrame":[757.874,240.148,42.526,-0.912,-0.397,0.101,0,0.247,0.969,-0.409,0.884,-0.225],"_shiftlockState":true,"_pose":"Jumping","_animationQueue":[["walk",0.1],["jump",0.1]],"_animationSpeed":1,"_zoom":11.92},{"_mousePosition":[683,352.5],"_rootPartCFrame":[758.152,227.919,45.884,-0.871,0,0.491,0,1,0,-0.491,0,-0.871],"_humanoidState":5,"_cameraCFrame":[757.878,240.98,42.503,-0.895,-0.432,0.109,0,0.244,0.97,-0.445,0.868,-0.218],"_shiftlockState":true,"_pose":"FreeFall","_animationQueue":[["jump",0.1]],"_animationSpeed":1,"_zoom":11.92},{"_mousePosition":[683,352.5],"_rootPartCFrame":[758.001,228.687,45.823,-0.831,0,0.556,0,1,0,-0.556,0,-0.831],"_humanoidState":5,"_cameraCFrame":[757.885,241.752,42.449,-0.872,-0.474,0.118,0,0.242,0.97,-0.489,0.847,-0.211],"_shiftlockState":true,"_pose":"FreeFall","_animationQueue":[],"_animationSpeed":1,"_zoom":11.92},{"_mousePosition":[683,352.5],"_rootPartCFrame":[757.817,229.4,45.742,-0.8,0,0.6,0,1,0,-0.6,0,-0.8],"_humanoidState":5,"_cameraCFrame":[757.818,242.465,42.366,-0.855,-0.503,0.126,0,0.242,0.97,-0.519,0.83,-0.207],"_shiftlockState":true,"_pose":"FreeFall","_animationQueue":[],"_animationSpeed":1,"_zoom":11.92},{"_mousePosition":[683,352.5],"_rootPartCFrame":[757.66,229.899,45.663,-0.799,0,0.601,0,1,0,-0.601,0,-0.799],"_humanoidState":5,"_cameraCFrame":[757.787,242.959,42.274,-0.837,-0.531,0.134,0,0.244,0.97,-0.548,0.811,-0.204],"_shiftlockState":true,"_pose":"FreeFall","_animationQueue":[],"_animationSpeed":1,"_zoom":11.92},{"_mousePosition":[683,352.5],"_rootPartCFrame":[757.378,230.662,45.498,-0.734,0,0.679,0,1,0,-0.679,0,-0.734],"_humanoidState":5,"_cameraCFrame":[757.596,243.716,42.089,-0.824,-0.549,0.139,0,0.246,0.969,-0.566,0.799,-0.203],"_shiftlockState":true,"_pose":"FreeFall","_animationQueue":[],"_animationSpeed":1,"_zoom":11.92},{"_mousePosition":[683,352.5],"_rootPartCFrame":[757.21,231.079,45.39,-0.764,0,0.645,0,1,0,-0.645,0,-0.764],"_humanoidState":5,"_cameraCFrame":[757.526,244.126,41.964,-0.811,-0.567,0.146,0,0.248,0.969,-0.586,0.785,-0.201],"_shiftlockState":true,"_pose":"FreeFall","_animationQueue":[],"_animationSpeed":1,"_zoom":11.92},{"_mousePosition":[683,352.5],"_rootPartCFrame":[756.935,231.707,45.202,-0.702,0,0.712,0,1,0,-0.712,0,-0.702],"_humanoidState":5,"_cameraCFrame":[757.354,244.746,41.763,-0.796,-0.587,0.152,0,0.251,0.968,-0.606,0.77,-0.2],"_shiftlockState":true,"_pose":"FreeFall","_animationQueue":[],"_animationSpeed":1,"_zoom":11.92},{"_mousePosition":[683,352.5],"_rootPartCFrame":[756.718,232.147,45.046,-0.708,0,0.706,0,1,0,-0.706,0,-0.708],"_humanoidState":5,"_cameraCFrame":[757.235,245.181,41.605,-0.78,-0.605,0.158,0,0.252,0.968,-0.626,0.755,-0.197],"_shiftlockState":true,"_pose":"FreeFall","_animationQueue":[],"_animationSpeed":1,"_zoom":11.92},{"_mousePosition":[683,352.5],"_rootPartCFrame":[756.505,232.533,44.886,-0.69,0,0.724,0,1,0,-0.724,0,-0.69],"_humanoidState":5,"_cameraCFrame":[757.105,245.56,41.433,-0.768,-0.619,0.163,0,0.255,0.967,-0.64,0.743,-0.196],"_shiftlockState":true,"_pose":"FreeFall","_animationQueue":[],"_animationSpeed":1,"_zoom":11.92},{"_mousePosition":[683,352.5],"_rootPartCFrame":[756.349,232.787,44.761,-0.7,0,0.714,0,1,0,-0.714,0,-0.7],"_humanoidState":5,"_cameraCFrame":[757.047,245.802,41.286,-0.755,-0.633,0.169,0,0.259,0.966,-0.655,0.73,-0.195],"_shiftlockState":true,"_pose":"FreeFall","_animationQueue":[],"_animationSpeed":1,"_zoom":11.92},{"_mousePosition":[683,352.5],"_rootPartCFrame":[756.092,233.142,44.548,-0.636,0,0.772,0,1,0,-0.772,0,-0.636],"_humanoidState":5,"_cameraCFrame":[756.901,246.141,41.048,-0.741,-0.647,0.177,0,0.263,0.965,-0.671,0.715,-0.195],"_shiftlockState":true,"_pose":"FreeFall","_animationQueue":[],"_animationSpeed":1,"_zoom":11.92},{"_mousePosition":[683,352.5],"_rootPartCFrame":[755.941,233.314,44.418,-0.671,0,0.742,0,1,0,-0.742,0,-0.671],"_humanoidState":5,"_cameraCFrame":[756.901,246.298,40.905,-0.719,-0.669,0.186,0,0.268,0.963,-0.695,0.693,-0.193],"_shiftlockState":true,"_pose":"FreeFall","_animationQueue":[],"_animationSpeed":1,"_zoom":11.92},{"_mousePosition":[683,352.5],"_rootPartCFrame":[755.621,233.566,44.205,-0.598,0,0.801,0,1,0,-0.801,0,-0.598],"_humanoidState":5,"_cameraCFrame":[756.706,246.537,40.687,-0.701,-0.687,0.194,0,0.272,0.962,-0.713,0.674,-0.19],"_shiftlockState":true,"_pose":"FreeFall","_animationQueue":[],"_animationSpeed":1,"_zoom":11.92},{"_mousePosition":[683,352.5],"_rootPartCFrame":[755.508,233.623,44.153,-0.664,0,0.748,0,1,0,-0.748,0,-0.664],"_humanoidState":5,"_cameraCFrame":[756.722,246.581,40.634,-0.681,-0.704,0.202,0,0.276,0.961,-0.732,0.655,-0.188],"_shiftlockState":true,"_pose":"FreeFall","_animationQueue":[],"_animationSpeed":1,"_zoom":11.92},{"_mousePosition":[683,352.5],"_rootPartCFrame":[755.21,233.705,44.063,-0.583,0,0.812,0,1,0,-0.812,0,-0.583],"_humanoidState":5,"_cameraCFrame":[756.539,246.647,40.533,-0.666,-0.716,0.209,0,0.28,0.96,-0.746,0.639,-0.187],"_shiftlockState":true,"_pose":"FreeFall","_animationQueue":[],"_animationSpeed":1,"_zoom":11.92},{"_mousePosition":[683,352.5],"_rootPartCFrame":[755.019,233.713,44.037,-0.607,0,0.795,0,1,0,-0.795,0,-0.607],"_humanoidState":5,"_cameraCFrame":[756.422,246.639,40.483,-0.659,-0.721,0.214,0,0.285,0.959,-0.753,0.631,-0.188],"_shiftlockState":true,"_pose":"FreeFall","_animationQueue":[["fall",0.3]],"_animationSpeed":1,"_zoom":11.92},{"_mousePosition":[683,352.5],"_rootPartCFrame":[754.687,233.659,44.016,-0.556,0,0.831,0,1,0,-0.831,0,-0.556],"_humanoidState":5,"_cameraCFrame":[756.12,246.58,40.456,-0.655,-0.724,0.216,0,0.287,0.958,-0.755,0.628,-0.188],"_shiftlockState":true,"_pose":"FreeFall","_animationQueue":[],"_animationSpeed":1,"_zoom":11.92},{"_mousePosition":[683,352.5],"_rootPartCFrame":[754.487,233.586,44.003,-0.595,0,0.804,0,1,0,-0.804,0,-0.595],"_humanoidState":5,"_cameraCFrame":[755.927,246.504,40.437,-0.655,-0.723,0.217,0,0.287,0.958,-0.755,0.628,-0.188],"_shiftlockState":true,"_pose":"FreeFall","_animationQueue":[],"_animationSpeed":1,"_zoom":11.92},{"_mousePosition":[683,352.5],"_rootPartCFrame":[754.221,233.441,43.984,-0.573,0,0.82,0,1,0,-0.82,0,-0.573],"_humanoidState":5,"_cameraCFrame":[755.661,246.358,40.418,-0.655,-0.723,0.217,0,0.287,0.958,-0.755,0.628,-0.188],"_shiftlockState":true,"_pose":"FreeFall","_animationQueue":[],"_animationSpeed":1,"_zoom":11.92},{"_mousePosition":[683,352.5],"_rootPartCFrame":[753.955,233.241,43.965,-0.573,0,0.82,0,1,0,-0.82,0,-0.573],"_humanoidState":5,"_cameraCFrame":[755.395,246.158,40.4,-0.655,-0.723,0.217,0,0.287,0.958,-0.755,0.628,-0.188],"_shiftlockState":true,"_pose":"FreeFall","_animationQueue":[],"_animationSpeed":1,"_zoom":11.92},{"_mousePosition":[683,352.5],"_rootPartCFrame":[753.689,232.987,43.947,-0.573,0,0.82,0,1,0,-0.82,0,-0.573],"_humanoidState":5,"_cameraCFrame":[755.125,245.904,40.379,-0.656,-0.723,0.217,0,0.287,0.958,-0.755,0.628,-0.188],"_shiftlockState":true,"_pose":"FreeFall","_animationQueue":[],"_animationSpeed":1,"_zoom":11.92},{"_mousePosition":[683,352.5],"_rootPartCFrame":[753.423,232.678,43.928,-0.574,0,0.819,0,1,0,-0.819,0,-0.574],"_humanoidState":5,"_cameraCFrame":[754.846,245.587,40.329,-0.663,-0.716,0.217,0,0.29,0.957,-0.748,0.635,-0.192],"_shiftlockState":true,"_pose":"FreeFall","_animationQueue":[],"_animationSpeed":1,"_zoom":11.92},{"_mousePosition":[683,352.5],"_rootPartCFrame":[753.09,232.215,43.905,-0.559,0,0.829,0,1,0,-0.829,0,-0.559],"_humanoidState":5,"_cameraCFrame":[754.48,245.116,40.266,-0.674,-0.706,0.216,0,0.292,0.956,-0.739,0.645,-0.197],"_shiftlockState":true,"_pose":"FreeFall","_animationQueue":[["fall",0.3]],"_animationSpeed":1,"_zoom":11.92},{"_mousePosition":[683,352.5],"_rootPartCFrame":[752.891,231.896,43.892,-0.613,0,0.79,0,1,0,-0.79,0,-0.613],"_humanoidState":5,"_cameraCFrame":[754.244,244.78,40.188,-0.689,-0.692,0.215,0,0.297,0.955,-0.724,0.658,-0.204],"_shiftlockState":true,"_pose":"FreeFall","_animationQueue":[],"_animationSpeed":1,"_zoom":11.92},{"_mousePosition":[683,352.5],"_rootPartCFrame":[752.558,231.298,43.876,-0.587,0,0.81,0,1,0,-0.81,0,-0.587],"_humanoidState":5,"_cameraCFrame":[753.867,244.17,40.121,-0.703,-0.679,0.213,0,0.3,0.954,-0.711,0.671,-0.211],"_shiftlockState":true,"_pose":"FreeFall","_animationQueue":[],"_animationSpeed":1,"_zoom":11.92},{"_mousePosition":[683,352.5],"_rootPartCFrame":[752.358,230.897,43.871,-0.644,0,0.765,0,1,0,-0.765,0,-0.644],"_humanoidState":5,"_cameraCFrame":[753.608,243.755,40.052,-0.72,-0.661,0.211,0,0.303,0.953,-0.694,0.686,-0.218],"_shiftlockState":true,"_pose":"FreeFall","_animationQueue":[],"_animationSpeed":1,"_zoom":11.92},{"_mousePosition":[683,352.5],"_rootPartCFrame":[752.025,230.162,43.868,-0.62,0,0.784,0,1,0,-0.784,0,-0.62],"_humanoidState":5,"_cameraCFrame":[753.23,243.005,39.992,-0.734,-0.647,0.209,0,0.307,0.952,-0.68,0.698,-0.225],"_shiftlockState":true,"_pose":"FreeFall","_animationQueue":[],"_animationSpeed":1,"_zoom":11.92},{"_mousePosition":[683,352.5],"_rootPartCFrame":[751.825,229.68,43.871,-0.676,0,0.736,0,1,0,-0.736,0,-0.676],"_humanoidState":5,"_cameraCFrame":[752.965,242.511,39.94,-0.749,-0.63,0.206,0,0.31,0.951,-0.663,0.712,-0.232],"_shiftlockState":true,"_pose":"FreeFall","_animationQueue":[],"_animationSpeed":1,"_zoom":11.92},{"_mousePosition":[683,352.5],"_rootPartCFrame":[751.491,228.809,43.882,-0.653,0,0.757,0,1,0,-0.757,0,-0.653],"_humanoidState":5,"_cameraCFrame":[752.602,241.634,39.926,-0.756,-0.622,0.204,0,0.312,0.95,-0.655,0.718,-0.236],"_shiftlockState":true,"_pose":"FreeFall","_animationQueue":[],"_animationSpeed":1,"_zoom":11.92},{"_mousePosition":[683,352.5],"_rootPartCFrame":[751.292,228.245,43.894,-0.701,0,0.713,0,1,0,-0.713,0,-0.701],"_humanoidState":5,"_cameraCFrame":[752.396,241.067,39.927,-0.758,-0.62,0.204,0,0.313,0.95,-0.652,0.72,-0.237],"_shiftlockState":true,"_pose":"FreeFall","_animationQueue":[["fall",0.3]],"_animationSpeed":1,"_zoom":11.92},{"_mousePosition":[683,352.5],"_rootPartCFrame":[750.996,228.336,43.912,-0.735,0,0.678,0,1,0,-0.678,0,-0.735],"_humanoidState":12,"_cameraCFrame":[752.105,241.159,39.946,-0.757,-0.62,0.204,0,0.313,0.95,-0.653,0.719,-0.237],"_shiftlockState":true,"_pose":"Climbing","_animationQueue":[["walk",0.1],["fall",0.3],["climb",0.1],["climb",0]],"_animationSpeed":-3.826,"_zoom":11.92},{"_mousePosition":[683,352.5],"_rootPartCFrame":[751.138,228.916,43.569,-0.754,0,0.657,0,1,0,-0.657,0,-0.754],"_humanoidState":3,"_cameraCFrame":[752.3,241.738,39.619,-0.748,-0.63,0.207,0,0.313,0.95,-0.663,0.711,-0.234],"_shiftlockState":true,"_pose":"Jumping","_animationQueue":[["climb",0.1],["jump",0.1]],"_animationSpeed":1,"_zoom":11.92},{"_mousePosition":[683,352.5],"_rootPartCFrame":[751.343,229.813,43.02,-0.659,0,0.752,0,1,0,-0.752,0,-0.659],"_humanoidState":5,"_cameraCFrame":[752.59,242.633,39.087,-0.735,-0.644,0.213,0,0.313,0.95,-0.678,0.698,-0.23],"_shiftlockState":true,"_pose":"FreeFall","_animationQueue":[["jump",0.1]],"_animationSpeed":1,"_zoom":11.92},{"_mousePosition":[683,352.5],"_rootPartCFrame":[751.442,230.311,42.708,-0.665,0,0.746,0,1,0,-0.746,0,-0.665],"_humanoidState":5,"_cameraCFrame":[752.835,243.121,38.798,-0.713,-0.666,0.221,0,0.316,0.949,-0.702,0.676,-0.225],"_shiftlockState":true,"_pose":"FreeFall","_animationQueue":[],"_animationSpeed":1,"_zoom":11.92},{"_mousePosition":[683,352.5],"_rootPartCFrame":[751.546,230.927,42.312,-0.613,0,0.79,0,1,0,-0.79,0,-0.613],"_humanoidState":5,"_cameraCFrame":[753.118,243.728,38.444,-0.683,-0.692,0.232,0,0.318,0.948,-0.73,0.648,-0.217],"_shiftlockState":true,"_pose":"FreeFall","_animationQueue":[],"_animationSpeed":1,"_zoom":11.92},{"_mousePosition":[683,352.5],"_rootPartCFrame":[751.617,231.488,41.94,-0.58,0,0.814,0,1,0,-0.814,0,-0.58],"_humanoidState":5,"_cameraCFrame":[753.397,244.277,38.126,-0.648,-0.721,0.244,0,0.321,0.947,-0.761,0.614,-0.208],"_shiftlockState":true,"_pose":"FreeFall","_animationQueue":[],"_animationSpeed":1,"_zoom":11.92},{"_mousePosition":[683,352.5],"_rootPartCFrame":[751.656,231.995,41.59,-0.541,0,0.841,0,1,0,-0.841,0,-0.541],"_humanoidState":5,"_cameraCFrame":[753.612,244.774,37.836,-0.617,-0.745,0.255,0,0.323,0.946,-0.787,0.583,-0.199],"_shiftlockState":true,"_pose":"FreeFall","_animationQueue":[],"_animationSpeed":1,"_zoom":11.92},{"_mousePosition":[683,352.5],"_rootPartCFrame":[751.663,232.447,41.263,-0.507,0,0.862,0,1,0,-0.862,0,-0.507],"_humanoidState":5,"_cameraCFrame":[753.754,245.223,37.573,-0.589,-0.764,0.262,0,0.324,0.946,-0.808,0.557,-0.191],"_shiftlockState":true,"_pose":"FreeFall","_animationQueue":[],"_animationSpeed":1,"_zoom":11.92},{"_mousePosition":[683,352.5],"_rootPartCFrame":[751.625,232.936,40.886,-0.447,0,0.895,0,1,0,-0.895,0,-0.447],"_humanoidState":5,"_cameraCFrame":[753.774,245.718,37.249,-0.573,-0.776,0.264,0,0.323,0.947,-0.82,0.542,-0.185],"_shiftlockState":true,"_pose":"FreeFall","_animationQueue":[],"_animationSpeed":1,"_zoom":11.92},{"_mousePosition":[683,352.5],"_rootPartCFrame":[751.577,233.188,40.676,-0.488,0,0.873,0,1,0,-0.873,0,-0.488],"_humanoidState":5,"_cameraCFrame":[753.765,245.98,37.091,-0.559,-0.785,0.266,0,0.32,0.947,-0.829,0.53,-0.179],"_shiftlockState":true,"_pose":"FreeFall","_animationQueue":[],"_animationSpeed":1,"_zoom":11.92},{"_mousePosition":[683,352.5],"_rootPartCFrame":[751.457,233.54,40.355,-0.414,0,0.91,0,1,0,-0.91,0,-0.414],"_humanoidState":5,"_cameraCFrame":[753.655,246.342,36.806,-0.551,-0.791,0.265,0,0.318,0.948,-0.834,0.523,-0.175],"_shiftlockState":true,"_pose":"FreeFall","_animationQueue":[],"_animationSpeed":1,"_zoom":11.92},{"_mousePosition":[683,352.5],"_rootPartCFrame":[751.36,233.711,40.179,-0.465,0,0.885,0,1,0,-0.885,0,-0.465],"_humanoidState":5,"_cameraCFrame":[753.583,246.524,36.684,-0.538,-0.8,0.265,0,0.315,0.949,-0.843,0.511,-0.169],"_shiftlockState":true,"_pose":"FreeFall","_animationQueue":[],"_animationSpeed":1,"_zoom":11.92},{"_mousePosition":[683,352.5],"_rootPartCFrame":[751.141,233.96,39.844,-0.36,0,0.933,0,1,0,-0.933,0,-0.36],"_humanoidState":5,"_cameraCFrame":[753.37,246.786,36.392,-0.529,-0.806,0.265,0,0.312,0.95,-0.849,0.503,-0.165],"_shiftlockState":true,"_pose":"FreeFall","_animationQueue":[],"_animationSpeed":1,"_zoom":11.92},{"_mousePosition":[683,352.5],"_rootPartCFrame":[751.069,234.016,39.732,-0.471,0,0.882,0,1,0,-0.882,0,-0.471],"_humanoidState":5,"_cameraCFrame":[753.302,246.856,36.332,-0.518,-0.814,0.263,0,0.308,0.951,-0.855,0.493,-0.16],"_shiftlockState":true,"_pose":"FreeFall","_animationQueue":[],"_animationSpeed":1,"_zoom":11.92},{"_mousePosition":[683,352.5],"_rootPartCFrame":[750.892,234.096,39.45,-0.369,0,0.929,0,1,0,-0.929,0,-0.369],"_humanoidState":5,"_cameraCFrame":[753.115,246.945,36.073,-0.515,-0.816,0.262,0,0.306,0.952,-0.857,0.49,-0.157],"_shiftlockState":true,"_pose":"FreeFall","_animationQueue":[],"_animationSpeed":1,"_zoom":11.92},{"_mousePosition":[683,352.5],"_rootPartCFrame":[750.788,234.103,39.279,-0.427,0,0.904,0,1,0,-0.904,0,-0.427],"_humanoidState":5,"_cameraCFrame":[753.003,246.958,35.916,-0.513,-0.818,0.261,0,0.304,0.953,-0.858,0.489,-0.156],"_shiftlockState":true,"_pose":"FreeFall","_animationQueue":[],"_animationSpeed":1,"_zoom":11.92},{"_mousePosition":[683,352.5],"_rootPartCFrame":[750.616,234.047,38.993,-0.364,0,0.932,0,1,0,-0.932,0,-0.364],"_humanoidState":5,"_cameraCFrame":[752.815,246.908,35.64,-0.513,-0.818,0.26,0,0.303,0.953,-0.858,0.489,-0.155],"_shiftlockState":true,"_pose":"FreeFall","_animationQueue":[],"_animationSpeed":1,"_zoom":11.92},{"_mousePosition":[683,352.5],"_rootPartCFrame":[750.513,233.972,38.822,-0.425,0,0.905,0,1,0,-0.905,0,-0.425],"_humanoidState":5,"_cameraCFrame":[752.697,246.839,35.478,-0.513,-0.819,0.258,0,0.301,0.954,-0.858,0.489,-0.155],"_shiftlockState":true,"_pose":"FreeFall","_animationQueue":[],"_animationSpeed":1,"_zoom":11.92},{"_mousePosition":[683,352.5],"_rootPartCFrame":[750.343,233.779,38.536,-0.364,0,0.932,0,1,0,-0.932,0,-0.364],"_humanoidState":5,"_cameraCFrame":[752.507,246.652,35.199,-0.514,-0.818,0.257,0,0.3,0.954,-0.858,0.49,-0.154],"_shiftlockState":true,"_pose":"FreeFall","_animat