[{"_mousePosition":[293,399],"_rootPartCFrame":[776.028,222.95,47.142,0,0,1,0,1,0,-1,0,0],"_humanoidState":8,"_cameraCFrame":[776.96,232.396,42.731,-0.978,-0.18,0.102,0,0.494,0.87,-0.207,0.851,-0.483],"_shiftlockState":false,"_pose":"Standing","_animationQueue":[],"_animationSpeed":1,"_zoom":9.136},{"_mousePosition":[289,404],"_rootPartCFrame":[775.86,222.865,47.107,0.021,0,1,0,1,0,-1,0,0.021],"_humanoidState":8,"_cameraCFrame":[776.792,232.311,42.695,-0.978,-0.18,0.102,0,0.494,0.87,-0.207,0.851,-0.483],"_shiftlockState":false,"_pose":"Standing","_animationQueue":[],"_animationSpeed":1,"_zoom":9.136},{"_mousePosition":[284,411],"_rootPartCFrame":[775.601,222.719,47.052,0.046,0,0.999,0,1,0,-0.999,0,0.046],"_humanoidState":8,"_cameraCFrame":[776.533,232.165,42.64,-0.978,-0.18,0.102,0,0.494,0.87,-0.207,0.851,-0.483],"_shiftlockState":false,"_pose":"Running","_animationQueue":[["walk",0.1]],"_animationSpeed":1.003,"_zoom":9.136},{"_mousePosition":[281,414],"_rootPartCFrame":[775.34,222.61,46.997,0.068,0,0.998,0,1,0,-0.998,0,0.068],"_humanoidState":8,"_cameraCFrame":[776.272,232.056,42.585,-0.978,-0.18,0.102,0,0.494,0.87,-0.207,0.851,-0.483],"_shiftlockState":false,"_pose":"Running","_animationQueue":[["walk",0.1]],"_animationSpeed":1.101,"_zoom":9.136},{"_mousePosition":[276,420],"_rootPartCFrame":[775.079,222.636,46.942,0.087,0,0.996,0,1,0,-0.996,0,0.087],"_humanoidState":8,"_cameraCFrame":[776.011,232.082,42.53,-0.978,-0.18,0.102,0,0.494,0.87,-0.207,0.851,-0.483],"_shiftlockState":false,"_pose":"Running","_animationQueue":[],"_animationSpeed":1.101,"_zoom":9.136},{"_mousePosition":[271,426],"_rootPartCFrame":[774.818,222.663,46.887,0.103,0,0.995,0,1,0,-0.995,0,0.103],"_humanoidState":8,"_cameraCFrame":[775.75,232.109,42.475,-0.978,-0.18,0.102,0,0.494,0.87,-0.207,0.851,-0.483],"_shiftlockState":false,"_pose":"Running","_animationQueue":[["walk",0.1]],"_animationSpeed":1.101,"_zoom":9.136},{"_mousePosition":[265,432],"_rootPartCFrame":[774.557,222.68,46.831,0.117,0,0.993,0,1,0,-0.993,0,0.117],"_humanoidState":8,"_cameraCFrame":[775.489,232.125,42.42,-0.978,-0.18,0.102,0,0.494,0.87,-0.207,0.851,-0.483],"_shiftlockState":false,"_pose":"Running","_animationQueue":[],"_animationSpeed":1.101,"_zoom":9.136},{"_mousePosition":[259,438],"_rootPartCFrame":[774.297,222.689,46.776,0.129,0,0.992,0,1,0,-0.992,0,0.129],"_humanoidState":8,"_cameraCFrame":[775.228,232.135,42.365,-0.978,-0.18,0.102,0,0.494,0.87,-0.207,0.851,-0.483],"_shiftlockState":false,"_pose":"Running","_animationQueue":[],"_animationSpeed":1.101,"_zoom":9.136},{"_mousePosition":[251,446],"_rootPartCFrame":[774.036,222.694,46.721,0.14,0,0.99,0,1,0,-0.99,0,0.14],"_humanoidState":8,"_cameraCFrame":[774.967,232.14,42.31,-0.978,-0.18,0.102,0,0.494,0.87,-0.207,0.851,-0.483],"_shiftlockState":false,"_pose":"Running","_animationQueue":[],"_animationSpeed":1.101,"_zoom":9.136},{"_mousePosition":[243,454],"_rootPartCFrame":[773.775,222.697,46.666,0.149,0,0.989,0,1,0,-0.989,0,0.149],"_humanoidState":8,"_cameraCFrame":[772.994,232.143,41.893,-0.978,-0.18,0.102,0,0.494,0.87,-0.207,0.851,-0.483],"_shiftlockState":true,"_pose":"Running","_animationQueue":[],"_animationSpeed":1.101,"_zoom":9.136},{"_mousePosition":[683,352.5],"_rootPartCFrame":[773.384,222.698,46.583,-0.998,0,0.068,0,1,0,-0.068,0,-0.998],"_humanoidState":8,"_cameraCFrame":[772.603,232.144,41.811,-0.978,-0.18,0.102,0,0.494,0.87,-0.207,0.851,-0.483],"_shiftlockState":true,"_pose":"Running","_animationQueue":[],"_animationSpeed":1.101,"_zoom":9.136},{"_mousePosition":[683,352.5],"_rootPartCFrame":[773.188,222.699,46.542,-0.983,0,0.183,0,1,0,-0.183,0,-0.983],"_humanoidState":8,"_cameraCFrame":[772.356,232.177,41.833,-0.98,-0.173,0.097,0,0.487,0.873,-0.198,0.856,-0.477],"_shiftlockState":true,"_pose":"Running","_animationQueue":[["walk",0.1]],"_animationSpeed":1.101,"_zoom":9.136},{"_mousePosition":[683,352.5],"_rootPartCFrame":[772.927,222.699,46.487,-0.981,0,0.195,0,1,0,-0.195,0,-0.981],"_humanoidState":8,"_cameraCFrame":[772.029,232.213,41.851,-0.982,-0.164,0.09,0,0.48,0.877,-0.187,0.862,-0.472],"_shiftlockState":true,"_pose":"Running","_animationQueue":[],"_animationSpeed":1.101,"_zoom":9.136},{"_mousePosition":[683,352.5],"_rootPartCFrame":[772.666,222.699,46.434,-0.982,0,0.187,0,1,0,-0.187,0,-0.982],"_humanoidState":8,"_cameraCFrame":[771.723,232.245,41.861,-0.984,-0.158,0.085,0,0.474,0.881,-0.18,0.866,-0.466],"_shiftlockState":true,"_pose":"Running","_animationQueue":[],"_animationSpeed":1.101,"_zoom":9.136},{"_mousePosition":[683,352.5],"_rootPartCFrame":[772.404,222.7,46.383,-0.984,0,0.18,0,1,0,-0.18,0,-0.984],"_humanoidState":8,"_cameraCFrame":[771.417,232.276,41.876,-0.985,-0.153,0.081,0,0.467,0.884,-0.173,0.871,-0.46],"_shiftlockState":true,"_pose":"Running","_animationQueue":[],"_animationSpeed":1.101,"_zoom":9.136},{"_mousePosition":[683,352.5],"_rootPartCFrame":[772.141,222.7,46.335,-0.985,0,0.173,0,1,0,-0.173,0,-0.985],"_humanoidState":8,"_cameraCFrame":[771.119,232.3,41.879,-0.986,-0.148,0.077,0,0.462,0.887,-0.167,0.874,-0.456],"_shiftlockState":true,"_pose":"Running","_animationQueue":[],"_animationSpeed":1.101,"_zoom":9.136},{"_mousePosition":[683,352.5],"_rootPartCFrame":[771.879,222.7,46.289,-0.986,0,0.167,0,1,0,-0.167,0,-0.986],"_humanoidState":8,"_cameraCFrame":[770.817,232.338,41.91,-0.987,-0.143,0.073,0,0.454,0.891,-0.16,0.879,-0.449],"_shiftlockState":true,"_pose":"Running","_animationQueue":[],"_animationSpeed":1.101,"_zoom":9.136},{"_mousePosition":[683,352.5],"_rootPartCFrame":[771.616,222.7,46.244,-0.987,0,0.16,0,1,0,-0.16,0,-0.987],"_humanoidState":8,"_cameraCFrame":[770.5,232.381,41.96,-0.989,-0.135,0.067,0,0.445,0.895,-0.151,0.885,-0.44],"_shiftlockState":true,"_pose":"Running","_animationQueue":[],"_animationSpeed":1.101,"_zoom":9.136},{"_mousePosition":[683,352.5],"_rootPartCFrame":[771.353,222.7,46.201,-0.989,0,0.151,0,1,0,-0.151,0,-0.989],"_humanoidState":8,"_cameraCFrame":[770.16,232.445,42.064,-0.99,-0.124,0.059,0,0.431,0.903,-0.138,0.894,-0.427],"_shiftlockState":true,"_pose":"Running","_animationQueue":[["walk",0.1]],"_animationSpeed":1.101,"_zoom":9.136},{"_mousePosition":[683,352.5],"_rootPartCFrame":[771.089,222.7,46.161,-0.99,0,0.138,0,1,0,-0.138,0,-0.99],"_humanoidState":8,"_cameraCFrame":[769.836,232.495,42.143,-0.992,-0.115,0.053,0,0.419,0.908,-0.126,0.901,-0.416],"_shiftlockState":true,"_pose":"Running","_animationQueue":[],"_animationSpeed":1.101,"_zoom":9.136},{"_mousePosition":[683,352.5],"_rootPartCFrame":[770.825,222.7,46.123,-0.992,0,0.126,0,1,0,-0.126,0,-0.992],"_humanoidState":8,"_cameraCFrame":[769.496,232.562,42.272,-0.994,-0.102,0.045,0,0.403,0.915,-0.112,0.91,-0.4],"_shiftlockState":true,"_pose":"Running","_animationQueue":[],"_animationSpeed":1.101,"_zoom":9.136},{"_mousePosition":[683,352.5],"_rootPartCFrame":[770.561,222.7,46.089,-0.994,0,0.112,0,1,0,-0.112,0,-0.994],"_humanoidState":8,"_cameraCFrame":[769.171,232.617,42.382,-0.995,-0.091,0.038,0,0.389,0.921,-0.099,0.917,-0.387],"_shiftlockState":true,"_pose":"Running","_animationQueue":[],"_animationSpeed":1.101,"_zoom":9.136},{"_mousePosition":[683,352.5],"_rootPartCFrame":[770.229,222.7,46.052,-0.995,0,0.099,0,1,0,-0.099,0,-0.995],"_humanoidState":8,"_cameraCFrame":[768.786,232.671,42.49,-0.996,-0.081,0.033,0,0.375,0.927,-0.088,0.924,-0.373],"_shiftlockState":true,"_pose":"Running","_animationQueue":[],"_animationSpeed":1.101,"_zoom":9.136},{"_mousePosition":[683,352.5],"_rootPartCFrame":[769.898,222.7,46.018,-0.996,0,0.088,0,1,0,-0.088,0,-0.996],"_humanoidState":8,"_cameraCFrame":[768.42,232.709,42.563,-0.997,-0.075,0.029,0,0.364,0.931,-0.08,0.928,-0.363],"_shiftlockState":true,"_pose":"Running","_animationQueue":[],"_animationSpeed":1.101,"_zoom":9.136},{"_mousePosition":[683,352.5],"_rootPartCFrame":[769.765,222.689,46.005,-0.997,0,0.08,0,1,0,-0.08,0,-0.997],"_humanoidState":8,"_cameraCFrame":[768.245,232.751,42.701,-0.997,-0.066,0.025,0,0.349,0.937,-0.071,0.935,-0.348],"_shiftlockState":true,"_pose":"Running","_animationQueue":[],"_animationSpeed":1.101,"_zoom":9.136},{"_mousePosition":[683,352.5],"_rootPartCFrame":[769.5,222.628,45.978,-0.997,0,0.071,0,1,0,-0.071,0,-0.997],"_humanoidState":8,"_cameraCFrame":[767.948,232.735,42.81,-0.998,-0.06,0.021,0,0.335,0.942,-0.064,0.94,-0.335],"_shiftlockState":true,"_pose":"Running","_animationQueue":[["walk",0.1]],"_animationSpeed":1.101,"_zoom":9.136},{"_mousePosition":[683,352.5],"_rootPartCFrame":[769.234,222.512,45.952,-0.998,0,0.064,0,1,0,-0.064,0,-0.998],"_humanoidState":8,"_cameraCFrame":[767.654,232.67,42.939,-0.998,-0.054,0.018,0,0.319,0.948,-0.057,0.946,-0.319],"_shiftlockState":true,"_pose":"Running","_animationQueue":[],"_animationSpeed":1.101,"_zoom":9.136},{"_mousePosition":[683,352.5],"_rootPartCFrame":[768.969,223.375,45.926,-0.998,0,0.057,0,1,0,-0.057,0,-0.998],"_humanoidState":3,"_cameraCFrame":[767.372,233.561,43.003,-0.999,-0.05,0.016,0,0.31,0.951,-0.053,0.949,-0.31],"_shiftlockState":true,"_pose":"Jumping","_animationQueue":[["walk",0.1],["jump",0.1]],"_animationSpeed":1,"_zoom":9.136},{"_mousePosition":[683,352.5],"_rootPartCFrame":[768.703,224.184,45.909,-0.989,0,0.145,0,1,0,-0.145,0,-0.989],"_humanoidState":5,"_cameraCFrame":[767.096,234.392,43.06,-0.999,-0.049,0.015,0,0.302,0.953,-0.051,0.952,-0.302],"_shiftlockState":true,"_pose":"FreeFall","_animationQueue":[["jump",0.1]],"_animationSpeed":1,"_zoom":9.136},{"_mousePosition":[683,352.5],"_rootPartCFrame":[768.437,224.938,45.894,-0.984,0,0.179,0,1,0,-0.179,0,-0.984],"_humanoidState":5,"_cameraCFrame":[766.822,235.157,43.084,-0.999,-0.047,0.015,0,0.299,0.954,-0.049,0.953,-0.298],"_shiftlockState":true,"_pose":"FreeFall","_animationQueue":[],"_animationSpeed":1,"_zoom":9.136},{"_mousePosition":[683,352.5],"_rootPartCFrame":[768.17,225.637,45.881,-0.984,0,0.181,0,1,0,-0.181,0,-0.984],"_humanoidState":5,"_cameraCFrame":[766.551,235.869,43.114,-0.999,-0.046,0.014,0,0.294,0.956,-0.048,0.955,-0.294],"_shiftlockState":true,"_pose":"FreeFall","_animationQueue":[],"_animationSpeed":1,"_zoom":9.136},{"_mousePosition":[683,352.5],"_rootPartCFrame":[767.904,226.282,45.867,-0.984,0,0.18,0,1,0,-0.18,0,-0.984],"_humanoidState":5,"_cameraCFrame":[766.277,236.523,43.132,-0.999,-0.044,0.013,0,0.291,0.957,-0.046,0.956,-0.291],"_shiftlockState":true,"_pose":"FreeFall","_animationQueue":[],"_animationSpeed":1,"_zoom":9.136},{"_mousePosition":[683,352.5],"_rootPartCFrame":[767.637,226.872,45.855,-0.984,0,0.178,0,1,0,-0.178,0,-0.984],"_humanoidState":5,"_cameraCFrame":[766.007,237.122,43.149,-0.999,-0.043,0.013,0,0.288,0.958,-0.045,0.957,-0.288],"_shiftlockState":true,"_pose":"FreeFall","_animationQueue":[],"_animationSpeed":1,"_zoom":9.136},{"_mousePosition":[683,352.5],"_rootPartCFrame":[767.371,227.408,45.842,-0.984,0,0.177,0,1,0,-0.177,0,-0.984],"_humanoidState":5,"_cameraCFrame":[765.734,237.664,43.162,-0.999,-0.041,0.012,0,0.286,0.958,-0.043,0.958,-0.285],"_shiftlockState":true,"_pose":"FreeFall","_animationQueue":[],"_animationSpeed":1,"_zoom":9.136},{"_mousePosition":[683,352.5],"_rootPartCFrame":[767.105,227.889,45.83,-0.985,0,0.175,0,1,0,-0.175,0,-0.985],"_humanoidState":5,"_cameraCFrame":[765.464,238.147,43.158,-0.999,-0.04,0.012,0,0.285,0.959,-0.042,0.958,-0.284],"_shiftlockState":true,"_pose":"FreeFall","_animationQueue":[],"_animationSpeed":1,"_zoom":9.136},{"_mousePosition":[683,352.5],"_rootPartCFrame":[766.772,228.415,45.816,-0.978,0,0.207,0,1,0,-0.207,0,-0.978],"_humanoidState":5,"_cameraCFrame":[765.129,238.672,43.146,-0.999,-0.039,0.012,0,0.285,0.959,-0.041,0.958,-0.284],"_shiftlockState":true,"_pose":"FreeFall","_animationQueue":[],"_animationSpeed":1,"_zoom":9.136},{"_mousePosition":[683,352.5],"_rootPartCFrame":[766.172,229.145,45.791,-0.943,0,0.334,0,1,0,-0.334,0,-0.943],"_humanoidState":5,"_cameraCFrame":[764.529,239.403,43.121,-0.999,-0.039,0.012,0,0.285,0.959,-0.041,0.958,-0.284],"_shiftlockState":true,"_pose":"FreeFall","_animationQueue":[],"_animationSpeed":1,"_zoom":9.136},{"_mousePosition":[683,352.5],"_rootPartCFrame":[765.973,229.327,45.783,-0.99,0,0.14,0,1,0,-0.14,0,-0.99],"_humanoidState":5,"_cameraCFrame":[764.324,239.585,43.116,-0.999,-0.037,0.011,0,0.285,0.959,-0.038,0.958,-0.285],"_shiftlockState":true,"_pose":"FreeFall","_animationQueue":[],"_animationSpeed":1,"_zoom":9.136},{"_mousePosition":[683,352.5],"_rootPartCFrame":[765.773,229.479,45.775,-0.99,0,0.138,0,1,0,-0.138,0,-0.99],"_humanoidState":5,"_cameraCFrame":[764.115,239.743,43.134,-0.999,-0.034,0.01,0,0.282,0.959,-0.035,0.959,-0.282],"_shiftlockState":true,"_pose":"FreeFall","_animationQueue":[],"_animationSpeed":1,"_zoom":9.136},{"_mousePosition":[683,352.5],"_rootPartCFrame":[765.507,229.633,45.764,-0.986,0,0.168,0,1,0,-0.168,0,-0.986],"_humanoidState":5,"_cameraCFrame":[763.831,239.908,43.17,-1,-0.028,0.008,0,0.279,0.96,-0.029,0.96,-0.278],"_shiftlockState":true,"_pose":"FreeFall","_animationQueue":[],"_animationSpeed":1,"_zoom":9.136},{"_mousePosition":[683,352.5],"_rootPartCFrame":[765.24,229.733,45.755,-0.987,0,0.162,0,1,0,-0.162,0,-0.987],"_humanoidState":5,"_cameraCFrame":[763.545,240.018,43.208,-1,-0.021,0.006,0,0.275,0.962,-0.022,0.961,-0.275],"_shiftlockState":true,"_pose":"FreeFall","_animationQueue":[],"_animationSpeed":1,"_zoom":9.136},{"_mousePosition":[683,352.5],"_rootPartCFrame":[764.973,229.779,45.747,-0.988,0,0.154,0,1,0,-0.154,0,-0.988],"_humanoidState":5,"_cameraCFrame":[763.267,240.067,43.221,-1,-0.017,0.005,0,0.273,0.962,-0.018,0.962,-0.273],"_shiftlockState":true,"_pose":"FreeFall","_animationQueue":[],"_animationSpeed":1,"_zoom":9.136},{"_mousePosition":[683,352.5],"_rootPartCFrame":[764.64,229.759,45.739,-0.983,0,0.183,0,1,0,-0.183,0,-0.983],"_humanoidState":5,"_cameraCFrame":[762.934,240.047,43.214,-1,-0.017,0.005,0,0.273,0.962,-0.018,0.962,-0.273],"_shiftlockState":true,"_pose":"FreeFall","_animationQueue":[],"_animationSpeed":1,"_zoom":9.136},{"_mousePosition":[683,352.5],"_rootPartCFrame":[764.44,229.706,45.736,-0.993,0,0.117,0,1,0,-0.117,0,-0.993],"_humanoidState":5,"_cameraCFrame":[762.734,239.995,43.21,-1,-0.017,0.005,0,0.273,0.962,-0.018,0.962,-0.273],"_shiftlockState":true,"_pose":"FreeFall","_animationQueue":[],"_animationSpeed":1,"_zoom":9.136},{"_mousePosition":[683,352],"_rootPartCFrame":[764.174,229.588,45.731,-0.989,0,0.15,0,1,0,-0.15,0,-0.989],"_humanoidState":5,"_cameraCFrame":[762.467,239.697,43.256,-1,-0.017,0.005,0,0.273,0.962,-0.018,0.962,-0.273],"_shiftlockState":true,"_pose":"FreeFall","_animationQueue":[["fall",0.3]],"_animationSpeed":1,"_zoom":6.909},{"_mousePosition":[683,352],"_rootPartCFrame":[763.907,229.415,45.726,-0.989,0,0.15,0,1,0,-0.15,0,-0.989],"_humanoidState":5,"_cameraCFrame":[762.196,238.8,43.457,-1,-0.017,0.005,0,0.273,0.962,-0.018,0.962,-0.273],"_shiftlockState":true,"_pose":"FreeFall","_animationQueue":[],"_animationSpeed":1,"_zoom":6.909},{"_mousePosition":[683,352],"_rootPartCFrame":[763.64,229.188,45.722,-0.989,0,0.15,0,1,0,-0.15,0,-0.989],"_humanoidState":5,"_cameraCFrame":[761.928,238.114,43.583,-1,-0.017,0.005,0,0.273,0.962,-0.018,0.962,-0.273],"_shiftlockState":true,"_pose":"FreeFall","_animationQueue":[],"_animationSpeed":1,"_zoom":6.909},{"_mousePosition":[683,352],"_rootPartCFrame":[763.374,228.907,45.717,-0.989,0,0.15,0,1,0,-0.15,0,-0.989],"_humanoidState":5,"_cameraCFrame":[761.657,237.124,43.78,-1,-0.017,0.005,0,0.273,0.962,-0.018,0.962,-0.273],"_shiftlockState":true,"_pose":"FreeFall","_animationQueue":[],"_animationSpeed":1,"_zoom":6.909},{"_mousePosition":[683,352],"_rootPartCFrame":[763.174,228.66,45.714,-0.993,0,0.117,0,1,0,-0.117,0,-0.993],"_humanoidState":5,"_cameraCFrame":[761.457,236.699,43.827,-1,-0.017,0.005,0,0.273,0.962,-0.018,0.962,-0.273],"_shiftlockState":true,"_pose":"FreeFall","_animationQueue":[],"_animationSpeed":1,"_zoom":6.909},{"_mousePosition":[683,352],"_rootPartCFrame":[762.841,228.18,45.708,-0.983,0,0.183,0,1,0,-0.183,0,-0.983],"_humanoidState":5,"_cameraCFrame":[761.123,236.212,43.823,-1,-0.017,0.005,0,0.273,0.962,-0.018,0.962,-0.273],"_shiftlockState":true,"_pose":"FreeFall","_animationQueue":[],"_animationSpeed":1,"_zoom":6.909},{"_mousePosition":[683,352],"_rootPartCFrame":[762.574,227.735,45.703,-0.989,0,0.15,0,1,0,-0.15,0,-0.989],"_humanoidState":5,"_cameraCFrame":[760.857,235.767,43.818,-1,-0.017,0.005,0,0.273,0.962,-0.018,0.962,-0.273],"_shiftlockState":true,"_pose":"FreeFall","_animationQueue":[["fall",0.3]],"_animationSpeed":1,"_zoom":6.909},{"_mousePosition":[683,352],"_rootPartCFrame":[762.374,227.365,45.7,-0.993,0,0.117,0,1,0,-0.117,0,-0.993],"_humanoidState":5,"_cameraCFrame":[760.657,235.398,43.814,-1,-0.017,0.005,0,0.273,0.962,-0.018,0.962,-0.273],"_shiftlockState":true,"_pose":"FreeFall","_animationQueue":[],"_animationSpeed":1,"_zoom":6.909},{"_mousePosition":[683,352],"_rootPartCFrame":[762.107,226.825,45.695,-0.989,0,0.15,0,1,0,-0.15,0,-0.989],"_humanoidState":5,"_cameraCFrame":[760.39,234.857,43.81,-1,-0.017,0.005,0,0.273,0.962,-0.018,0.962,-0.273],"_shiftlockState":true,"_pose":"FreeFall","_animationQueue":[],"_animationSpeed":1,"_zoom":6.909},{"_mousePosition":[683,352.5],"_rootPartCFrame":[761.841,226.23,45.69,-0.989,0,0.15,0,1,0,-0.15,0,-0.989],"_humanoidState":5,"_cameraCFrame":[760.182,234.261,43.749,-0.999,-0.046,0.013,0,0.274,0.962,-0.048,0.961,-0.274],"_shiftlockState":true,"_pose":"FreeFall","_animationQueue":[],"_animationSpeed":1,"_zoom":6.909},{"_mousePosition":[683,352.5],"_rootPartCFrame":[761.441,226.406,45.683,-0.996,0,0.085,0,1,0,-0.085,0,-0.996],"_humanoidState":7,"_cameraCFrame":[759.843,234.431,43.671,-0.997,-0.075,0.022,0,0.277,0.961,-0.078,0.958,-0.276],"_shiftlockState":true,"_pose":"FreeFall","_animationQueue":[["walk",0.1],["fall",0.3],["fall",0.3]],"_animationSpeed":1,"_zoom":6.909},{"_mousePosition":[683,352.5],"_rootPartCFrame":[761.241,226.562,45.675,-0.997,0,0.078,0,1,0,-0.078,0,-0.997],"_humanoidState":7,"_cameraCFrame":[759.839,234.545,43.478,-0.986,-0.161,0.048,0,0.286,0.958,-0.168,0.945,-0.281],"_shiftlockState":true,"_pose":"FreeFall","_animationQueue":[],"_animationSpeed":1,"_zoom":6.909},{"_mousePosition":[683,352.5],"_rootPartCFrame":[760.443,226.822,45.613,-0.986,0,0.167,0,1,0,-0.167,0,-0.986],"_humanoidState":8,"_cameraCFrame":[759.263,234.016,43.461,-0.958,-0.275,0.083,0,0.289,0.957,-0.288,0.917,-0.277],"_shiftlockState":true,"_pose":"Running","_animationQueue":[["fall",0.3],["walk",0.1],["fall",0.3],["walk",0.1]],"_animationSpeed":1.103,"_zoom":6.909},{"_mousePosition":[683,352.5],"_rootPartCFrame":[760.312,226.837,45.594,-0.957,0,0.29,0,1,0,-0.29,0,-0.957],"_humanoidState":8,"_cameraCFrame":[759.294,234.035,43.371,-0.933,-0.345,0.103,0,0.287,0.958,-0.36,0.894,-0.268],"_shiftlockState":true,"_pose":"Running","_animationQueue":[],"_animationSpeed":1.103,"_zoom":6.909},{"_mousePosition":[683,352.5],"_rootPartCFrame":[760.119,226.85,45.542,-0.932,0,0.361,0,1,0,-0.361,0,-0.932],"_humanoidState":8,"_cameraCFrame":[759.283,234.033,43.266,-0.899,-0.421,0.124,0,0.283,0.959,-0.439,0.862,-0.254],"_shiftlockState":true,"_pose":"Running","_animationQueue":[],"_animationSpeed":1.103,"_zoom":6.909},{"_mousePosition":[683,352.5],"_rootPartCFrame":[759.869,226.861,45.449,-0.898,0,0.439,0,1,0,-0.439,0,-0.898],"_humanoidState":8,"_cameraCFrame":[759.193,233.928,43.169,-0.858,-0.493,0.143,0,0.278,0.961,-0.513,0.824,-0.238],"_shiftlockState":true,"_pose":"Running","_animationQueue":[],"_animationSpeed":1.103,"_zoom":6.909},{"_mousePosition":[683,352.5],"_rootPartCFrame":[759.628,226.867,45.335,-0.858,0,0.513,0,1,0,-0.513,0,-0.858],"_humanoidState":8,"_cameraCFrame":[759.092,233.81,43.053,-0.818,-0.553,0.158,0,0.275,0.961,-0.575,0.787,-0.225],"_shiftlockState":true,"_pose":"Running","_animationQueue":[],"_animationSpeed":1.103,"_zoom":6.909},{"_mousePosition":[683,352.5],"_rootPartCFrame":[759.398,226.87,45.201,-0.781,0,0.624,0,1,0,-0.624,0,-0.781],"_humanoidState":8,"_cameraCFrame":[758.976,233.675,42.942,-0.777,-0.606,0.17,0,0.27,0.963,-0.63,0.748,-0.21],"_shiftlockState":true,"_pose":"Running","_animationQueue":[],"_animationSpeed":1.103,"_zoom":6.909},{"_mousePosition":[683,352.5],"_rootPartCFrame":[759.187,226.872,45.039,-0.777,0,0.63,0,1,0,-0.63,0,-0.777],"_humanoidState":8,"_cameraCFrame":[758.731,233.39,42.845,-0.77,-0.614,0.171,0,0.269,0.963,-0.638,0.742,-0.207],"_shiftlockState":true,"_pose":"Running","_animationQueue":[],"_animationSpeed":1.103,"_zoom":6.909},{"_mousePosition":[683,352.5],"_rootPartCFrame":[758.979,226.872,44.871,-0.77,0,0.638,0,1,0,-0.638,0,-0.77],"_humanoidState":8,"_cameraCFrame":[758.522,233.285,42.704,-0.763,-0.623,0.172,0,0.266,0.964,-0.646,0.735,-0.203],"_shiftlockState":true,"_pose":"Running","_animationQueue":[],"_animationSpeed":1.103,"_zoom":6.909},{"_mousePosition":[683,352.5],"_rootPartCFrame":[758.774,226.873,44.701,-0.763,0,0.646,0,1,0,-0.646,0,-0.763],"_humanoidState":8,"_cameraCFrame":[758.328,233.201,42.557,-0.751,-0.637,0.174,0,0.263,0.965,-0.66,0.725,-0.198],"_shiftlockState":true,"_pose":"Running","_animationQueue":[],"_animationSpeed":1.103,"_zoom":6.909},{"_mousePosition":[683,352.5],"_rootPartCFrame":[758.519,226.873,44.486,-0.751,0,0.66,0,1,0,-0.66,0,-0.751],"_humanoidState":8,"_cameraCFrame":[758.085,233.114,42.364,-0.739,-0.65,0.175,0,0.26,0.966,-0.673,0.714,-0.192],"_shiftlockState":true,"_pose":"Running","_animationQueue":[["walk",0.1]],"_animationSpeed":1.103,"_zoom":6.909},{"_mousePosition":[683,352.5],"_rootPartCFrame":[758.318,226.873,44.311,-0.739,0,0.673,0,1,0,-0.673,0,-0.739],"_humanoidState":8,"_cameraCFrame":[757.853,232.752,42.261,-0.724,-0.666,0.177,0,0.257,0.966,-0.689,0.7,-0.186],"_shiftlockState":true,"_pose":"Running","_animationQueue":[],"_animationSpeed":1.103,"_zoom":6.909},{"_mousePosition":[683,352.5],"_rootPartCFrame":[758.121,226.873,44.132,-0.724,0,0.689,0,1,0,-0.689,0,-0.724],"_humanoidState":8,"_cameraCFrame":[757.671,232.639,42.103,-0.708,-0.683,0.179,0,0.254,0.967,-0.706,0.685,-0.18],"_shiftlockState":true,"_pose":"Running","_animationQueue":[],"_animationSpeed":1.103,"_zoom":6.909},{"_mousePosition":[683,352.5],"_rootPartCFrame":[757.927,226.873,43.949,-0.708,0,0.706,0,1,0,-0.706,0,-0.708],"_humanoidState":8,"_cameraCFrame":[757.513,232.541,41.938,-0.684,-0.707,0.182,0,0.249,0.968,-0.73,0.662,-0.17],"_shiftlockState":true,"_pose":"Running","_animationQueue":[],"_animationSpeed":1.103,"_zoom":6.909},{"_mousePosition":[683,352.5],"_rootPartCFrame":[757.737,226.873,43.761,-0.684,0,0.73,0,1,0,-0.73,0,-0.684],"_humanoidState":8,"_cameraCFrame":[757.367,232.451,41.763,-0.656,-0.731,0.185,0,0.245,0.969,-0.754,0.636,-0.161],"_shiftlockState":true,"_pose":"Running","_animationQueue":[],"_animationSpeed":1.103,"_zoom":6.909},{"_mousePosition":[683,352.5],"_rootPartCFrame":[757.554,226.873,43.567,-0.656,0,0.754,0,1,0,-0.754,0,-0.656],"_humanoidState":8,"_cameraCFrame":[757.228,232.366,41.585,-0.626,-0.757,0.187,0,0.24,0.971,-0.78,0.608,-0.15],"_shiftlockState":true,"_pose":"Running","_animationQueue":[],"_animationSpeed":1.103,"_zoom":6.909},{"_mousePosition":[683,352.5],"_rootPartCFrame":[757.378,226.873,43.367,-0.626,0,0.78,0,1,0,-0.78,0,-0.626],"_humanoidState":8,"_cameraCFrame":[757.096,232.286,41.399,-0.594,-0.782,0.188,0,0.234,0.972,-0.804,0.578,-0.139],"_shiftlockState":true,"_pose":"Running","_animationQueue":[],"_animationSpeed":1.103,"_zoom":6.909},{"_mousePosition":[683,352.5],"_rootPartCFrame":[757.21,226.873,43.16,-0.594,0,0.804,0,1,0,-0.804,0,-0.594],"_humanoidState":8,"_cameraCFrame":[756.985,232.219,41.202,-0.558,-0.807,0.191,0,0.23,0.973,-0.83,0.543,-0.128],"_shiftlockState":true,"_pose":"Running","_animationQueue":[["walk",0.1]],"_animationSpeed":1.103,"_zoom":6.909},{"_mousePosition":[683,352.5],"_rootPartCFrame":[757.05,226.873,42.947,-0.558,0,0.83,0,1,0,-0.83,0,-0.558],"_humanoidState":8,"_cameraCFrame":[756.871,232.149,40.995,-0.529,-0.826,0.193,0,0.227,0.974,-0.848,0.516,-0.12],"_shiftlockState":true,"_pose":"Running","_animationQueue":[],"_animationSpeed":1.103,"_zoom":6.909},{"_mousePosition":[683,352.5],"_rootPartCFrame":[756.9,226.873,42.726,-0.529,0,0.848,0,1,0,-0.848,0,-0.529],"_humanoidState":8,"_cameraCFrame":[756.734,231.856,40.807,-0.495,-0.846,0.196,0,0.226,0.974,-0.869,0.482,-0.112],"_shiftlockState":true,"_pose":"Running","_animationQueue":[],"_animationSpeed":1.103,"_zoom":6.909},{"_mousePosition":[683,352.5],"_rootPartCFrame":[756.757,226.873,42.501,-0.495,0,0.869,0,1,0,-0.869,0,-0.495],"_humanoidState":8,"_cameraCFrame":[756.628,231.708,40.596,-0.461,-0.865,0.198,0,0.223,0.975,-0.887,0.45,-0.103],"_shiftlockState":true,"_pose":"Running","_animationQueue":[],"_animationSpeed":1.103,"_zoom":6.909},{"_mousePosition":[683,352.5],"_rootPartCFrame":[756.624,226.873,42.27,-0.461,0,0.887,0,1,0,-0.887,0,-0.461],"_humanoidState":8,"_cameraCFrame":[756.571,231.675,40.367,-0.42,-0.885,0.201,0,0.222,0.975,-0.908,0.409,-0.093],"_shiftlockState":true,"_pose":"Running","_animationQueue":[],"_animationSpeed":1.103,"_zoom":6.909},{"_mousePosition":[683,352.5],"_rootPartCFrame":[756.5,226.873,42.034,-0.42,0,0.908,0,1,0,-0.908,0,-0.42],"_humanoidState":8,"_cameraCFrame":[756.534,231.655,40.136,-0.371,-0.906,0.203,0,0.219,0.976,-0.929,0.362,-0.081],"_shiftlockState":true,"_pose":"Running","_animationQueue":[],"_animationSpeed":1.103,"_zoom":6.909},{"_mousePosition":[683,352.5],"_rootPartCFrame":[756.358,226.873,41.733,-0.371,0,0.929,0,1,0,-0.929,0,-0.371],"_humanoidState":8,"_cameraCFrame":[756.515,231.648,39.846,-0.304,-0.93,0.205,0,0.215,0.977,-0.953,0.297,-0.065],"_shiftlockState":true,"_pose":"Running","_animationQueue":[["walk",0.1]],"_animationSpeed":1.103,"_zoom":6.909},{"_mousePosition":[683,352.5],"_rootPartCFrame":[756.282,226.873,41.548,-0.304,0,0.953,0,1,0,-0.953,0,-0.304],"_humanoidState":8,"_cameraCFrame":[756.553,231.677,39.677,-0.241,-0.948,0.205,0,0.212,0.977,-0.97,0.236,-0.051],"_shiftlockState":true,"_pose":"Running","_animationQueue":[],"_animationSpeed":1.103,"_zoom":6.909},{"_mousePosition":[683,352.5],"_rootPartCFrame":[756.199,226.873,41.294,-0.241,0,0.97,0,1,0,-0.97,0,-0.241],"_humanoidState":8,"_cameraCFrame":[756.653,231.772,39.462,-0.141,-0.969,0.202,0,0.204,0.979,-0.99,0.138,-0.029],"_shiftlockState":true,"_pose":"Running","_animationQueue":[],"_animationSpeed":1.103,"_zoom":6.909},{"_mousePosition":[683,352.5],"_rootPartCFrame":[756.134,226.873,41.036,-0.135,0,0.991,0,1,0,-0.991,0,-0.135],"_humanoidState":8,"_cameraCFrame":[756.8,232.035,39.263,-0.033,-0.98,0.194,0,0.194,0.981,-0.999,0.033,-0.006],"_shiftlockState":true,"_pose":"Running","_animationQueue":[],"_animationSpeed":1.103,"_zoom":6.909},{"_mousePosition":[683,352.5],"_rootPartCFrame":[756.094,226.873,40.772,-0.026,0,1,0,1,0,-1,0,-0.026],"_humanoidState":8,"_cameraCFrame":[757.041,232.63,39.099,0.088,-0.979,0.183,0,0.184,0.983,-0.996,-0.087,0.016],"_shiftlockState":true,"_pose":"Running","_animationQueue":[],"_animationSpeed":1.103,"_zoom":6.909},{"_mousePosition":[683,352.5],"_rootPartCFrame":[756.083,226.873,40.506,0.096,0,0.995,0,1,0,-0.995,0,0.096],"_humanoidState":8,"_cameraCFrame":[757.206,233.154,38.915,0.16,-0.972,0.174,0,0.176,0.984,-0.987,-0.157,0.028],"_shiftlockState":true,"_pose":"Running","_animationQueue":[],"_animationSpeed":1.103,"_zoom":6.909},{"_mousePosition":[683,352.5],"_rootPartCFrame":[756.104,226.873,40.24,0.161,0,0.987,0,1,0,-0.987,0,0.161],"_humanoidState":8,"_cameraCFrame":[757.36,233.675,38.704,0.194,-0.966,0.17,0,0.174,0.985,-0.981,-0.191,0.034],"_shiftlockState":true,"_pose":"Running","_animationQueue":[],"_animationSpeed":1.103,"_zoom":6.909},{"_mousePosition":[683,352.5],"_rootPartCFrame":[756.127,226.839,39.974,0.194,0,0.981,0,1,0,-0.981,0,0.194],"_humanoidState":8,"_cameraCFrame":[757.431,234.059,38.432,0.178,-0.969,0.171,0,0.174,0.985,-0.984,-0.176,0.031],"_shiftlockState":true,"_pose":"Running","_animationQueue":[["walk",0.1]],"_animationSpeed":1.103,"_zoom":6.909},{"_mousePosition":[683,352.5],"_rootPartCFrame":[756.15,226.751,39.709,0.178,0,0.984,0,1,0,-0.984,0,0.178],"_humanoidState":8,"_cameraCFrame":[757.323,234.364,38.02,0.055,-0.983,0.173,0,0.174,0.985,-0.999,-0.054,0.009],"_shiftlockState":true,"_pose":"Running","_animationQueue":[],"_animationSpeed":1.103,"_zoom":6.909},{"_mousePosition":[683,352.5],"_rootPartCFrame":[756.18,226.564,39.377,0.055,0,0.999,0,1,0,-0.999,0,0.055],"_humanoidState":8,"_cameraCFrame":[757.212,234.317,37.568,-0.054,-0.983,0.177,0,0.178,0.984,-0.999,0.053,-0.01],"_shiftlockState":true,"_pose":"Running","_animationQueue":[],"_animationSpeed":1.103,"_zoom":6.909},{"_mousePosition":[683,352.5],"_rootPartCFrame":[756.197,226.41,39.178,-0.054,0,0.999,0,1,0,-0.999,0,-0.054],"_humanoidState":8,"_cameraCFrame":[756.892,234.308,37.115,-0.307,-0.933,0.189,0,0.198,0.98,-0.952,0.301,-0.061],"_shiftlockState":true,"_pose":"Running","_animationQueue":[],"_animationSpeed":1.103,"_zoom":6.909},{"_mousePosition":[683,352.5],"_rootPartCFrame":[756.221,227.283,38.912,-0.307,0,0.952,0,1,0,-0.952,0,-0.307],"_humanoidState":3,"_cameraCFrame":[756.632,235.258,36.651,-0.502,-0.843,0.194,0,0.224,0.975,-0.865,0.489,-0.112],"_shiftlockState":true,"_pose":"Jumping","_animationQueue":[["walk",0.1],["jump",0.1]],"_animationSpeed":1,"_zoom":6.909},{"_mousePosition":[683,352.5],"_rootPartCFrame":[756.22,228.105,38.649,-0.42,0,0.908,0,1,0,-0.908,0,-0.42],"_humanoidState":5,"_cameraCFrame":[756.208,236.11,36.192,-0.705,-0.685,0.182,0,0.256,0.967,-0.709,0.682,-0.181],"_shiftlockState":true,"_pose":"FreeFall","_animationQueue":[["jump",0.1]],"_animationSpeed":1,"_zoom":6.909},{"_mousePosition":[683,352.5],"_rootPartCFrame":[756.18,228.873,38.394,-0.609,0,0.793,0,1,0,-0.793,0,-0.609],"_humanoidState":5,"_cameraCFrame":[755.688,236.867,35.8,-0.859,-0.49,0.149,0,0.291,0.957,-0.512,0.822,-0.25],"_shiftlockState":true,"_pose":"FreeFall","_animationQueue":[],"_animationSpeed":1,"_zoom":6.909},{"_mousePosition":[683,352.5],"_rootPartCFrame":[756.109,229.586,38.162,-0.784,0,0.621,0,1,0,-0.621,0,-0.784],"_humanoidState":5,"_cameraCFrame":[755.236,237.558,35.504,-0.936,-0.332,0.112,0,0.32,0.948,-0.351,0.887,-0.299],"_shiftlockState":true,"_pose":"FreeFall","_animationQueue":[],"_animationSpeed":1,"_zoom":6.909},{"_mousePosition":[683,352.5],"_rootPartCFrame":[756.026,230.244,37.966,-0.915,0,0.404,0,1,0,-0.404,0,-0.915],"_humanoidState":5,"_cameraCFrame":[754.893,238.192,35.284,-0.97,-0.228,0.082,0,0.339,0.941,-0.243,0.912,-0.329],"_shiftlockState":true,"_pose":"FreeFall","_animationQueue":[],"_animationSpeed":1,"_zoom":6.909},{"_mousePosition":[683,352.5],"_rootPartCFrame":[755.94,230.848,37.809,-0.965,0,0.264,0,1,0,-0.264,0,-0.965],"_humanoidState":5,"_cameraCFrame":[754.507,238.77,35.153,-0.992,-0.115,0.044,0,0.358,0.934,-0.124,0.927,-0.355],"_shiftlockState":true,"_pose":"FreeFall","_animationQueue":[],"_animationSpeed":1,"_zoom":6.909},{"_mousePosition":[683,352.5],"_rootPartCFrame":[755.835,231.527,37.669,-0.99,0,0.144,0,1,0,-0.144,0,-0.99],"_humanoidState":5,"_cameraCFrame":[754.263,239.424,35.011,-0.998,-0.063,0.025,0,0.37,0.929,-0.068,0.927,-0.369],"_shiftlockState":true,"_pose":"FreeFall","_animationQueue":[],"_animationSpeed":1,"_zoom":6.909},{"_mousePosition":[683,352.5],"_rootPartCFrame":[755.775,231.893,37.614,-0.997,0,0.076,0,1,0,-0.076,0,-0.997],"_humanoidState":5,"_cameraCFrame":[754.084,239.754,34.921,-1,-0.021,0.009,0,0.385,0.923,-0.022,0.923,-0.385],"_shiftlockState":true,"_pose":"FreeFall","_animationQueue":[],"_animationSpeed":1,"_zoom":6.909},{"_mousePosition":[683,352.5],"_rootPartCFrame":[755.7,232.334,37.576,-1,0,0.029,0,1,0,-0.029,0,-1],"_humanoidState":5,"_cameraCFrame":[753.937,240.165,34.845,-1,0.005,-0.002,0,0.397,0.918,0.005,0.918,-0.397],"_shiftlockState":true,"_pose":"FreeFall","_animationQueue":[],"_animationSpeed":1,"_zoom":6.909},{"_mousePosition":[683,352.5],"_rootPartCFrame":[755.634,232.72,37.577,-1,0,0,0,1,0,0,0,-1],"_humanoidState":5,"_cameraCFrame":[753.803,240.518,34.806,-1,0.027,-0.012,0,0.409,0.913,0.029,0.912,-0.409],"_shiftlockState":true,"_pose":"FreeFall","_animationQueue":[],"_animationSpeed":1,"_zoom":6.909},{"_mousePosition":[683,352.5],"_rootPartCFrame":[755.577,233.051,37.616,-1,0,-0.026,0,1,0,0.026,0,-1],"_humanoidState":5,"_cameraCFrame":[753.685,240.824,34.823,-0.999,0.045,-0.021,0,0.418,0.909,0.05,0.907,-0.417],"_shiftlockState":true,"_pose":"FreeFall","_animationQueue":[],"_animationSpeed":1,"_zoom":6.909},{"_mousePosition":[683,352.5],"_rootPartCFrame":[755.531,233.328,37.693,-0.999,0,-0.047,0,1,0,0.047,0,-0.999],"_humanoidState":5,"_cameraCFrame":[753.53,241.046,34.848,-0.996,0.077,-0.037,0,0.435,0.9,0.086,0.897,-0.434],"_shiftlockState":true,"_pose":"FreeFall","_animationQueue":[],"_animationSpeed":1,"_zoom":6.909},{"_mousePosition":[683,352.5],"_rootPartCFrame":[755.489,233.598,37.843,-0.997,0,-0.08,0,1,0,0.08,0,-0.997],"_humanoidState":5,"_cameraCFrame":[753.398,241.267,34.956,-0.994,0.102,-0.051,0,0.45,0.893,0.114,0.887,-0.447],"_shiftlockState":true,"_pose":"FreeFall","_animationQueue":[],"_animationSpeed":1,"_zoom":6.909},{"_mousePosition":[683,352.5],"_rootPartCFrame":[755.474,233.719,37.962,-0.994,0,-0.111,0,1,0,0.111,0,-0.994],"_humanoidState":5,"_cameraCFrame":[753.306,241.325,34.996,-0.991,0.119,-0.063,0,0.468,0.884,0.134,0.876,-0.463],"_shiftlockState":true,"_pose":"FreeFall","_animationQueue":[],"_animationSpeed":1,"_zoom":6.909},{"_mousePosition":[683,352.5],"_rootPartCFrame":[755.469,233.832,38.151,-0.991,0,-0.131,0,1,0,0.131,0,-0.991],"_humanoidState":5,"_cameraCFrame":[753.272,241.375,35.078,-0.99,0.121,-0.067,0,0.485,0.875,0.139,0.866,-0.48],"_shiftlockState":true,"_pose":"FreeFall","_animationQueue":[],"_animationSpeed":1,"_zoom":6.909},{"_mousePosition":[683,352.5],"_rootPartCFrame":[755.482,233.891,38.375,-0.991,0,-0.137,0,1,0,0.137,0,-0.991],"_humanoidState":5,"_cameraCFrame":[753.288,241.407,35.247,-0.991,0.118,-0.067,0,0.492,0.871,0.135,0.863,-0.487],"_shiftlockState":true,"_pose":"FreeFall","_animationQueue":[],"_animationSpeed":1,"_zoom":6.909},{"_mousePosition":[683,352.5],"_rootPartCFrame":[755.513,233.896,38.631,-0.991,0,-0.136,0,1,0,0.136,0,-0.991],"_humanoidState":5,"_cameraCFrame":[753.319,241.412,35.502,-0.991,0.118,-0.067,0,0.492,0.871,0.135,0.863,-0.487],"_shiftlockState":true,"_pose":"FreeFall","_animationQueue":[],"_animationSpeed":1,"_zoom":6.909},{"_mousePosition":[683,352.5],"_rootPartCFrame":[755.541,233.863,38.829,-0.991,0,-0.136,0,1,0,0.136,0,-0.991],"_humanoidState":5,"_cameraCFrame":[753.347,241.379,35.7,-0.991,0.118,-0.067,0,0.492,0.871,0.135,0.863,-0.487],"_shiftlockState":true,"_pose":"FreeFall","_animationQueue":[["fall",0.3]],"_animationSpeed":1,"_zoom":6.909},{"_mousePosition":[683,352.5],"_rootPartCFrame":[755.574,234.06,38.906,-1,0,-0.031,0,1,0,0.031,0,-1],"_humanoidState":12,"_cameraCFrame":[753.38,241.577,35.777,-0.991,0.118,-0.067,0,0.492,0.871,0.135,0.863,-0.487],"_shiftlockState":true,"_pose":"Climbing","_animationQueue":[["walk",0.1],["fall",0.3],["climb",0.1]],"_animationSpeed":-0.284,"_zoom":6.909},{"_mousePosition":[683,352.5],"_rootPartCFrame":[755.58,234.197,38.862,-0.993,-0.001,-0.118,-0.001,1,0,0.118,0,-0.993],"_humanoidState":12,"_cameraCFrame":[753.385,241.714,35.734,-0.991,0.118,-0.067,0,0.492,0.871,0.135,0.863,-0.487],"_shiftlockState":true,"_pose":"Climbing","_animationQueue":[["climb",0.1]],"_animationSpeed":0.924,"_zoom":6.909},{"_mousePosition":[683,352.5],"_rootPartCFrame":[755.586,234.344,38.862,-0.993,-0.001,-0.122,-0.001,1,0,0.122,0,-0.993],"_humanoidState":8,"_cameraCFrame":[753.74,241.796,35.403,-1,0.023,-0.014,0,0.508,0.862,0.027,0.861,-0.508],"_shiftlockState":true,"_pose":"Standing","_animationQueue":[["climb",0.1],["walk",0.1],["idle",0.1]],"_animationSpeed":1,"_zoom":6.909},{"_mousePosition":[683,352.5],"_rootPartCFrame":[755.6,234.447,38.915,-0.999,-0.001,-0.035,-0.001,1,0,0.035,0,-0.999],"_humanoidState":5,"_cameraCFrame":[755.261,241.728,34.762,-0.939,-0.289,0.189,0,0.547,0.837,-0.345,0.785,-0.514],"_shiftlockState":true,"_pose":"FreeFall","_animationQueue":[["walk",0.1],["fall",0.3]],"_animationSpeed":1,"_zoom":6.909},{"_mousePosition":[683,352.5],"_rootPartCFrame":[755.614,234.619,38.878,-0.944,0.001,0.329,0.001,1,0,-0.329,0,-0.944],"_humanoidState":12,"_cameraCFrame":[757.395,241.907,35.12,-0.64,-0.644,0.42,0,0.546,0.838,-0.769,0.536,-0.349],"_shiftlockState":true,"_pose":"Climbing","_animationQueue":[["walk",0.1],["fall",0.3],["climb",0.1]],"_animationSpeed":0.273,"_zoom":6.909},{"_mousePosition":[683,352.5],"_rootPartCFrame":[755.56,235.299,38.623,-0.638,0.002,0.77,0.001,1,-0.002,-0.77,0,-0.638],"_humanoidState":8,"_cameraCFrame":[758.445,242.682,35.816,-0.317,-0.808,0.497,0,0.524,0.852,-0.949,0.27,-0.166],"_shiftlockState":true,"_pose":"Standing","_animationQueue":[["climb",0.1],["walk",0.1],["idle",0.1]],"_animationSpeed":1,"_zoom":6.909},{"_mousePosition":[683,352.5],"_rootPartCFrame":[755.411,235.982,38.509,-0.309,-0.002,0.951,-0.031,0.999,-0.008,-0.951,-0.032,-0.309],"_humanoidState":8,"_cameraCFrame":[757.587,243.754,35.873,-0.322,-0.86,0.397,0,0.419,0.908,-0.947,0.292,-0.135],"_shiftlockState":true,"_pose":"Running","_animationQueue":[["walk",0.1]],"_animationSpeed":0.528,"_zoom":6.909},{"_mousePosition":[683,352.5],"_rootPartCFrame":[755.213,236.522,38.388,-0.316,-0.006,0.949,-0.029,1,-0.003,-0.948,-0.028,-0.316],"_humanoidState":8,"_cameraCFrame":[755.307,244.776,36.074,-0.603,-0.78,0.168,0,0.21,0.978,-0.798,0.589,-0.127],"_shiftlockState":true,"_pose":"Running","_animationQueue":[["walk",0.1]],"_animationSpeed":0.764,"_zoom":6.909},{"_mousePosition":[683,352.5],"_rootPartCFrame":[755.003,237.405,38.276,-0.601,-0.011,0.799,-0.004,1,0.011,-0.799,0.004,-0.601],"_humanoidState":3,"_cameraCFrame":[754.456,245.709,36.227,-0.753,-0.648,0.114,0,0.174,0.985,-0.658,0.742,-0.131],"_shiftlockState":true,"_pose":"Jumping","_animationQueue":[["walk",0.1],["jump",0.1]],"_animationSpeed":1,"_zoom":6.909},{"_mousePosition":[683,352.5],"_rootPartCFrame":[754.779,238.255,38.178,-0.69,-0.004,0.724,0.004,1,0.01,-0.724,0.01,-0.69],"_humanoidState":5,"_cameraCFrame":[754.073,246.54,36.129,-0.822,-0.559,0.107,0,0.188,0.982,-0.569,0.808,-0.155],"_shiftlockState":true,"_pose":"FreeFall","_animationQueue":[["jump",0.1]],"_animationSpeed":1,"_zoom":6.909},{"_mousePosition":[683,352.5],"_rootPartCFrame":[754.54,239.049,38.114,-0.749,0,0.663,0.003,1,0.003,-0.663,0.004,-0.749],"_humanoidState":5,"_cameraCFrame":[753.667,247.317,36.062,-0.879,-0.468,0.096,0,0.201,0.98,-0.477,0.861,-0.177],"_shiftlockState":true,"_pose":"FreeFall","_animationQueue":[],"_animationSpeed":1,"_zoom":6.909},{"_mousePosition":[683,352.5],"_rootPartCFrame":[754.291,239.79,38.089,-0.816,0.001,0.578,0.001,1,0,-0.578,0.001,-0.816],"_humanoidState":5,"_cameraCFrame":[753.225,248.059,36.133,-0.92,-0.385,0.078,0,0.2,0.98,-0.393,0.901,-0.184],"_shiftlockState":true,"_pose":"FreeFall","_animationQueue":[],"_animationSpeed":1,"_zoom":6.909},{"_mousePosition":[683,352.5],"_rootPartCFrame":[754.038,240.475,38.104,-0.867,0,0.498,0,1,0,-0.498,0,-0.867],"_humanoidState":5,"_cameraCFrame":[752.863,248.728,36.149,-0.945,-0.32,0.069,0,0.212,0.977,-0.327,0.924,-0.2],"_shiftlockState":true,"_pose":"FreeFall","_animationQueue":[],"_animationSpeed":1,"_zoom":6.909},{"_mousePosition":[683,352.5],"_rootPartCFrame":[753.849,240.954,38.141,-0.913,0,0.408,0,1,0,-0.408,0,-0.913],"_humanoidState":5,"_cameraCFrame":[752.594,249.177,36.135,-0.963,-0.263,0.062,0,0.23,0.973,-0.27,0.937,-0.222],"_shiftlockState":true,"_pose":"FreeFall","_animationQueue":[],"_animationSpeed":1,"_zoom":6.909},{"_mousePosition":[683,352.5],"_rootPartCFrame":[753.542,241.683,38.252,-0.915,0,0.403,0,1,0,-0.403,0,-0.915],"_humanoidState":5,"_cameraCFrame":[752.23,249.878,36.19,-0.973,-0.223,0.057,0,0.247,0.969,-0.23,0.943,-0.24],"_shiftlockState":true,"_pose":"FreeFall","_animationQueue":[],"_animationSpeed":1,"_zoom":6.909},{"_mousePosition":[683,352.5],"_rootPartCFrame":[753.366,242.08,38.346,-0.951,0,0.31,0,1,0,-0.31,0,-0.951],"_humanoidState":5,"_cameraCFrame":[752.003,250.236,36.193,-0.981,-0.185,0.051,0,0.268,0.963,-0.192,0.946,-0.263],"_shiftlockState":true,"_pose":"FreeFall","_animationQueue":[],"_animatio