[{"_mousePosition":[932,364],"_rootPartCFrame":[776.025,222.953,47.142,0.002,0.003,1,0,1,-0.003,-1,0,0.002],"_humanoidState":8,"_cameraCFrame":[776.03,235.174,32.627,-1,0,0,0,0.804,0.594,0,0.594,-0.804],"_shiftlockState":false,"_pose":"Standing","_animationQueue":[],"_animationSpeed":1,"_zoom":18.045},{"_mousePosition":[932,364],"_rootPartCFrame":[775.778,222.834,47.142,0.002,0,1,0,1,0,-1,0,0.002],"_humanoidState":8,"_cameraCFrame":[775.779,235.055,32.627,-1,0,0,0,0.804,0.594,0,0.594,-0.804],"_shiftlockState":false,"_pose":"Standing","_animationQueue":[],"_animationSpeed":1,"_zoom":18.045},{"_mousePosition":[932,364],"_rootPartCFrame":[775.512,222.673,47.142,0.001,0,1,0,1,0,-1,0,0.001],"_humanoidState":8,"_cameraCFrame":[775.512,234.894,32.627,-1,0,0,0,0.804,0.594,0,0.594,-0.804],"_shiftlockState":false,"_pose":"Running","_animationQueue":[["walk",0.1]],"_animationSpeed":1.066,"_zoom":18.045},{"_mousePosition":[932,364],"_rootPartCFrame":[775.246,222.653,47.142,0.001,0,1,0,1,0,-1,0,0.001],"_humanoidState":8,"_cameraCFrame":[775.246,234.874,32.627,-1,0,0,0,0.804,0.594,0,0.594,-0.804],"_shiftlockState":false,"_pose":"Running","_animationQueue":[],"_animationSpeed":1.066,"_zoom":18.045},{"_mousePosition":[932,364],"_rootPartCFrame":[774.979,222.669,47.142,0.001,0,1,0,1,0,-1,0,0.001],"_humanoidState":8,"_cameraCFrame":[774.979,234.891,32.627,-1,0,0,0,0.804,0.594,0,0.594,-0.804],"_shiftlockState":false,"_pose":"Running","_animationQueue":[],"_animationSpeed":1.066,"_zoom":18.045},{"_mousePosition":[932,364],"_rootPartCFrame":[774.712,222.683,47.142,0.001,0,1,0,1,0,-1,0,0.001],"_humanoidState":8,"_cameraCFrame":[774.712,234.904,32.627,-1,0,0,0,0.804,0.594,0,0.594,-0.804],"_shiftlockState":false,"_pose":"Running","_animationQueue":[],"_animationSpeed":1.066,"_zoom":18.045},{"_mousePosition":[932,364],"_rootPartCFrame":[774.445,222.69,47.142,0.001,0,1,0,1,0,-1,0,0.001],"_humanoidState":8,"_cameraCFrame":[772.695,234.912,32.627,-1,0,0,0,0.804,0.594,0,0.594,-0.804],"_shiftlockState":true,"_pose":"Running","_animationQueue":[],"_animationSpeed":1.066,"_zoom":18.045},{"_mousePosition":[683,384],"_rootPartCFrame":[774.112,222.695,47.142,-0.995,0,-0.097,0,1,0,0.097,0,-0.995],"_humanoidState":8,"_cameraCFrame":[772.362,234.917,32.627,-1,0,0,0,0.804,0.594,0,0.594,-0.804],"_shiftlockState":true,"_pose":"Running","_animationQueue":[["walk",0.1]],"_animationSpeed":1.066,"_zoom":18.045},{"_mousePosition":[683,384],"_rootPartCFrame":[773.846,222.697,47.142,-1,0,-0.03,0,1,0,0.03,0,-1],"_humanoidState":8,"_cameraCFrame":[772.096,234.919,32.627,-1,0,0,0,0.804,0.594,0,0.594,-0.804],"_shiftlockState":true,"_pose":"Running","_animationQueue":[],"_animationSpeed":1.066,"_zoom":18.045},{"_mousePosition":[683,384],"_rootPartCFrame":[773.579,222.698,47.142,-1,0,-0.003,0,1,0,0.003,0,-1],"_humanoidState":8,"_cameraCFrame":[771.829,234.92,32.627,-1,0,0,0,0.804,0.594,0,0.594,-0.804],"_shiftlockState":true,"_pose":"Running","_animationQueue":[],"_animationSpeed":1.066,"_zoom":18.045},{"_mousePosition":[683,384],"_rootPartCFrame":[773.379,222.699,47.142,-1,0,0,0,1,0,0,0,-1],"_humanoidState":8,"_cameraCFrame":[771.629,234.92,32.627,-1,0,0,0,0.804,0.594,0,0.594,-0.804],"_shiftlockState":true,"_pose":"Running","_animationQueue":[],"_animationSpeed":1.066,"_zoom":18.045},{"_mousePosition":[683,384],"_rootPartCFrame":[773.046,222.699,47.142,-1,0,0,0,1,0,0,0,-1],"_humanoidState":8,"_cameraCFrame":[771.296,234.921,32.627,-1,0,0,0,0.804,0.594,0,0.594,-0.804],"_shiftlockState":true,"_pose":"Running","_animationQueue":[],"_animationSpeed":1.066,"_zoom":18.045},{"_mousePosition":[683,384],"_rootPartCFrame":[772.846,222.699,47.142,-1,0,0,0,1,0,0,0,-1],"_humanoidState":8,"_cameraCFrame":[771.096,234.921,32.627,-1,0,0,0,0.804,0.594,0,0.594,-0.804],"_shiftlockState":true,"_pose":"Running","_animationQueue":[],"_animationSpeed":1.066,"_zoom":18.045},{"_mousePosition":[683,384],"_rootPartCFrame":[772.513,222.7,47.142,-1,0,0,0,1,0,0,0,-1],"_humanoidState":8,"_cameraCFrame":[770.763,234.921,32.627,-1,0,0,0,0.804,0.594,0,0.594,-0.804],"_shiftlockState":true,"_pose":"Running","_animationQueue":[],"_animationSpeed":1.066,"_zoom":18.045},{"_mousePosition":[683,384],"_rootPartCFrame":[772.313,222.7,47.142,-1,0,0,0,1,0,0,0,-1],"_humanoidState":8,"_cameraCFrame":[770.563,234.921,32.627,-1,0,0,0,0.804,0.594,0,0.594,-0.804],"_shiftlockState":true,"_pose":"Running","_animationQueue":[["walk",0.1]],"_animationSpeed":1.066,"_zoom":18.045},{"_mousePosition":[683,384],"_rootPartCFrame":[771.979,222.7,47.142,-1,0,0,0,1,0,0,0,-1],"_humanoidState":8,"_cameraCFrame":[770.245,234.933,32.634,-1,-0.001,0.001,0,0.804,0.595,-0.001,0.595,-0.804],"_shiftlockState":true,"_pose":"Running","_animationQueue":[],"_animationSpeed":1.066,"_zoom":18.045},{"_mousePosition":[683,384],"_rootPartCFrame":[771.713,222.7,47.142,-1,0,0.001,0,1,0,-0.001,0,-1],"_humanoidState":8,"_cameraCFrame":[770.039,234.956,32.644,-1,-0.003,0.004,0,0.803,0.596,-0.005,0.596,-0.803],"_shiftlockState":true,"_pose":"Running","_animationQueue":[],"_animationSpeed":1.066,"_zoom":18.045},{"_mousePosition":[683,384],"_rootPartCFrame":[771.446,222.7,47.142,-1,0,0.005,0,1,0,-0.005,0,-1],"_humanoidState":8,"_cameraCFrame":[769.802,234.968,32.649,-1,-0.004,0.006,0,0.802,0.597,-0.007,0.597,-0.802],"_shiftlockState":true,"_pose":"Running","_animationQueue":[],"_animationSpeed":1.066,"_zoom":18.045},{"_mousePosition":[683,384],"_rootPartCFrame":[771.246,222.7,47.141,-1,0,0.007,0,1,0,-0.007,0,-1],"_humanoidState":8,"_cameraCFrame":[769.633,234.979,32.654,-1,-0.006,0.008,0,0.802,0.597,-0.009,0.597,-0.802],"_shiftlockState":true,"_pose":"Running","_animationQueue":[],"_animationSpeed":1.066,"_zoom":18.045},{"_mousePosition":[683,384],"_rootPartCFrame":[770.913,222.7,47.139,-1,0,0.009,0,1,0,-0.009,0,-1],"_humanoidState":8,"_cameraCFrame":[769.33,234.991,32.657,-1,-0.007,0.009,0,0.801,0.598,-0.012,0.598,-0.801],"_shiftlockState":true,"_pose":"Running","_animationQueue":[],"_animationSpeed":1.066,"_zoom":18.045},{"_mousePosition":[683,384],"_rootPartCFrame":[770.646,222.7,47.136,-1,0,0.012,0,1,0,-0.012,0,-1],"_humanoidState":8,"_cameraCFrame":[769.078,235.003,32.661,-1,-0.008,0.01,0,0.801,0.599,-0.013,0.599,-0.801],"_shiftlockState":true,"_pose":"Running","_animationQueue":[["walk",0.1]],"_animationSpeed":1.066,"_zoom":18.045},{"_mousePosition":[683,384],"_rootPartCFrame":[770.38,222.7,47.133,-1,0,0.013,0,1,0,-0.013,0,-1],"_humanoidState":8,"_cameraCFrame":[768.812,235.003,32.658,-1,-0.008,0.01,0,0.801,0.599,-0.013,0.599,-0.801],"_shiftlockState":true,"_pose":"Running","_animationQueue":[],"_animationSpeed":1.066,"_zoom":18.045},{"_mousePosition":[683,384],"_rootPartCFrame":[770.113,222.7,47.13,-1,0,0.013,0,1,0,-0.013,0,-1],"_humanoidState":8,"_cameraCFrame":[768.56,235.014,32.662,-1,-0.008,0.011,0,0.801,0.599,-0.014,0.599,-0.8],"_shiftlockState":true,"_pose":"Running","_animationQueue":[],"_animationSpeed":1.066,"_zoom":18.045},{"_mousePosition":[683,384],"_rootPartCFrame":[769.78,222.649,47.126,-1,0,0.014,0,1,0,-0.014,0,-1],"_humanoidState":8,"_cameraCFrame":[768.227,234.975,32.667,-1,-0.008,0.011,0,0.8,0.6,-0.014,0.6,-0.8],"_shiftlockState":true,"_pose":"Running","_animationQueue":[],"_animationSpeed":1.066,"_zoom":18.045},{"_mousePosition":[683,384],"_rootPartCFrame":[769.513,222.546,47.122,-1,0,0.014,0,1,0,-0.014,0,-1],"_humanoidState":8,"_cameraCFrame":[767.975,234.884,32.67,-1,-0.009,0.012,0,0.8,0.601,-0.015,0.601,-0.799],"_shiftlockState":true,"_pose":"Running","_animationQueue":[],"_animationSpeed":1.066,"_zoom":18.045},{"_mousePosition":[683,384],"_rootPartCFrame":[769.247,222.39,47.119,-1,0,0.015,0,1,0,-0.015,0,-1],"_humanoidState":8,"_cameraCFrame":[767.724,234.728,32.665,-1,-0.009,0.013,0,0.8,0.601,-0.016,0.601,-0.799],"_shiftlockState":true,"_pose":"Running","_animationQueue":[],"_animationSpeed":1.066,"_zoom":18.045},{"_mousePosition":[683,384],"_rootPartCFrame":[768.98,223.263,47.116,-1,0,0.016,0,1,0,-0.016,0,-1],"_humanoidState":3,"_cameraCFrame":[767.457,235.624,32.68,-1,-0.009,0.013,0,0.799,0.602,-0.016,0.602,-0.798],"_shiftlockState":true,"_pose":"Jumping","_animationQueue":[["walk",0.1],["walk",0.1],["jump",0.1]],"_animationSpeed":1,"_zoom":18.045},{"_mousePosition":[683,384],"_rootPartCFrame":[768.714,224.085,47.111,-0.994,0,0.108,0,1,0,-0.108,0,-0.994],"_humanoidState":5,"_cameraCFrame":[767.19,236.458,32.684,-1,-0.009,0.013,0,0.798,0.603,-0.016,0.602,-0.798],"_shiftlockState":true,"_pose":"FreeFall","_animationQueue":[["jump",0.1]],"_animationSpeed":1,"_zoom":18.045},{"_mousePosition":[683,384],"_rootPartCFrame":[768.447,224.852,47.107,-0.99,0,0.144,0,1,0,-0.144,0,-0.99],"_humanoidState":5,"_cameraCFrame":[766.938,237.26,32.705,-1,-0.01,0.013,0,0.797,0.604,-0.017,0.604,-0.797],"_shiftlockState":true,"_pose":"FreeFall","_animationQueue":[],"_animationSpeed":1,"_zoom":18.045},{"_mousePosition":[683,384],"_rootPartCFrame":[768.18,225.565,47.103,-0.989,0,0.149,0,1,0,-0.149,0,-0.989],"_humanoidState":5,"_cameraCFrame":[766.686,237.996,32.717,-1,-0.011,0.014,0,0.796,0.606,-0.018,0.606,-0.796],"_shiftlockState":true,"_pose":"FreeFall","_animationQueue":[],"_animationSpeed":1,"_zoom":18.045},{"_mousePosition":[683,384],"_rootPartCFrame":[767.914,226.224,47.099,-0.989,0,0.15,0,1,0,-0.15,0,-0.989],"_humanoidState":5,"_cameraCFrame":[766.419,238.666,32.721,-1,-0.011,0.014,0,0.795,0.606,-0.018,0.606,-0.795],"_shiftlockState":true,"_pose":"FreeFall","_animationQueue":[],"_animationSpeed":1,"_zoom":18.045},{"_mousePosition":[683,384],"_rootPartCFrame":[767.647,226.828,47.094,-0.989,0,0.15,0,1,0,-0.15,0,-0.989],"_humanoidState":5,"_cameraCFrame":[766.153,239.27,32.716,-1,-0.011,0.014,0,0.795,0.606,-0.018,0.606,-0.795],"_shiftlockState":true,"_pose":"FreeFall","_animationQueue":[],"_animationSpeed":1,"_zoom":18.045},{"_mousePosition":[683,384],"_rootPartCFrame":[767.381,227.377,47.089,-0.989,0,0.15,0,1,0,-0.15,0,-0.989],"_humanoidState":5,"_cameraCFrame":[765.901,239.843,32.728,-1,-0.011,0.015,0,0.794,0.608,-0.019,0.608,-0.794],"_shiftlockState":true,"_pose":"FreeFall","_animationQueue":[],"_animationSpeed":1,"_zoom":18.045},{"_mousePosition":[683,384],"_rootPartCFrame":[767.114,227.872,47.084,-0.988,0,0.152,0,1,0,-0.152,0,-0.988],"_humanoidState":5,"_cameraCFrame":[765.649,240.35,32.73,-1,-0.012,0.016,0,0.794,0.608,-0.02,0.608,-0.794],"_shiftlockState":true,"_pose":"FreeFall","_animationQueue":[],"_animationSpeed":1,"_zoom":18.045},{"_mousePosition":[683,384],"_rootPartCFrame":[766.914,228.208,47.081,-0.993,0,0.12,0,1,0,-0.12,0,-0.993],"_humanoidState":5,"_cameraCFrame":[765.464,240.708,32.743,-1,-0.013,0.017,0,0.793,0.61,-0.021,0.609,-0.793],"_shiftlockState":true,"_pose":"FreeFall","_animationQueue":[],"_animationSpeed":1,"_zoom":18.045},{"_mousePosition":[683,384],"_rootPartCFrame":[766.581,228.699,47.074,-0.982,0,0.186,0,1,0,-0.186,0,-0.982],"_humanoidState":5,"_cameraCFrame":[765.145,241.222,32.752,-1,-0.013,0.017,0,0.792,0.611,-0.022,0.611,-0.792],"_shiftlockState":true,"_pose":"FreeFall","_animationQueue":[],"_animationSpeed":1,"_zoom":18.045},{"_mousePosition":[683,384],"_rootPartCFrame":[766.314,229.031,47.069,-0.988,0,0.155,0,1,0,-0.155,0,-0.988],"_humanoidState":5,"_cameraCFrame":[764.908,241.577,32.762,-1,-0.015,0.019,0,0.791,0.612,-0.024,0.612,-0.791],"_shiftlockState":true,"_pose":"FreeFall","_animationQueue":[],"_animationSpeed":1,"_zoom":18.045},{"_mousePosition":[683,384],"_rootPartCFrame":[766.048,229.308,47.063,-0.988,0,0.157,0,1,0,-0.157,0,-0.988],"_humanoidState":5,"_cameraCFrame":[764.656,241.877,32.772,-1,-0.015,0.02,0,0.79,0.613,-0.025,0.613,-0.789],"_shiftlockState":true,"_pose":"FreeFall","_animationQueue":[],"_animationSpeed":1,"_zoom":18.045},{"_mousePosition":[683,384],"_rootPartCFrame":[765.781,229.53,47.056,-0.987,0,0.158,0,1,0,-0.158,0,-0.987],"_humanoidState":5,"_cameraCFrame":[764.419,242.111,32.772,-1,-0.017,0.021,0,0.789,0.614,-0.027,0.614,-0.789],"_shiftlockState":true,"_pose":"FreeFall","_animationQueue":[],"_animationSpeed":1,"_zoom":18.045},{"_mousePosition":[683,384],"_rootPartCFrame":[765.514,229.698,47.05,-0.987,0,0.16,0,1,0,-0.16,0,-0.987],"_humanoidState":5,"_cameraCFrame":[764.167,242.29,32.773,-1,-0.017,0.022,0,0.789,0.615,-0.028,0.614,-0.788],"_shiftlockState":true,"_pose":"FreeFall","_animationQueue":[],"_animationSpeed":1,"_zoom":18.045},{"_mousePosition":[683,384],"_rootPartCFrame":[765.248,229.812,47.043,-0.987,0,0.161,0,1,0,-0.161,0,-0.987],"_humanoidState":5,"_cameraCFrame":[763.93,242.415,32.772,-1,-0.019,0.024,0,0.788,0.615,-0.03,0.615,-0.788],"_shiftlockState":true,"_pose":"FreeFall","_animationQueue":[],"_animationSpeed":1,"_zoom":18.045},{"_mousePosition":[683,384],"_rootPartCFrame":[764.981,229.871,47.035,-0.987,0,0.163,0,1,0,-0.163,0,-0.987],"_humanoidState":5,"_cameraCFrame":[763.679,242.486,32.772,-1,-0.019,0.025,0,0.788,0.616,-0.031,0.616,-0.787],"_shiftlockState":true,"_pose":"FreeFall","_animationQueue":[],"_animationSpeed":1,"_zoom":18.045},{"_mousePosition":[683,384],"_rootPartCFrame":[764.715,229.875,47.027,-0.986,0,0.164,0,1,0,-0.164,0,-0.986],"_humanoidState":5,"_cameraCFrame":[763.427,242.502,32.771,-0.999,-0.02,0.026,0,0.787,0.617,-0.032,0.616,-0.787],"_shiftlockState":true,"_pose":"FreeFall","_animationQueue":[],"_animationSpeed":1,"_zoom":18.045},{"_mousePosition":[683,384],"_rootPartCFrame":[764.448,229.825,47.019,-0.986,0,0.165,0,1,0,-0.165,0,-0.986],"_humanoidState":5,"_cameraCFrame":[763.16,242.452,32.763,-0.999,-0.02,0.026,0,0.787,0.617,-0.032,0.616,-0.787],"_shiftlockState":true,"_pose":"FreeFall","_animationQueue":[],"_animationSpeed":1,"_zoom":18.045},{"_mousePosition":[683,384],"_rootPartCFrame":[764.181,229.721,47.01,-0.986,0,0.165,0,1,0,-0.165,0,-0.986],"_humanoidState":5,"_cameraCFrame":[762.893,242.347,32.755,-0.999,-0.02,0.026,0,0.787,0.617,-0.032,0.616,-0.787],"_shiftlockState":true,"_pose":"FreeFall","_animationQueue":[],"_animationSpeed":1,"_zoom":18.045},{"_mousePosition":[683,384],"_rootPartCFrame":[763.915,229.562,47.001,-0.986,0,0.165,0,1,0,-0.165,0,-0.986],"_humanoidState":5,"_cameraCFrame":[762.627,242.188,32.746,-0.999,-0.02,0.026,0,0.787,0.617,-0.032,0.616,-0.787],"_shiftlockState":true,"_pose":"FreeFall","_animationQueue":[],"_animationSpeed":1,"_zoom":18.045},{"_mousePosition":[683,384],"_rootPartCFrame":[763.715,229.407,46.995,-0.991,0,0.132,0,1,0,-0.132,0,-0.991],"_humanoidState":5,"_cameraCFrame":[762.427,242.033,32.739,-0.999,-0.02,0.026,0,0.787,0.617,-0.032,0.616,-0.787],"_shiftlockState":true,"_pose":"FreeFall","_animationQueue":[],"_animationSpeed":1,"_zoom":18.045},{"_mousePosition":[683,384],"_rootPartCFrame":[763.382,229.08,46.984,-0.98,0,0.198,0,1,0,-0.198,0,-0.98],"_humanoidState":5,"_cameraCFrame":[762.094,241.707,32.729,-0.999,-0.02,0.026,0,0.787,0.617,-0.032,0.616,-0.787],"_shiftlockState":true,"_pose":"FreeFall","_animationQueue":[["fall",0.3]],"_animationSpeed":1,"_zoom":18.045},{"_mousePosition":[683,384],"_rootPartCFrame":[763.182,228.844,46.978,-0.991,0,0.132,0,1,0,-0.132,0,-0.991],"_humanoidState":5,"_cameraCFrame":[761.894,241.47,32.722,-0.999,-0.02,0.026,0,0.787,0.617,-0.032,0.616,-0.787],"_shiftlockState":true,"_pose":"FreeFall","_animationQueue":[],"_animationSpeed":1,"_zoom":18.045},{"_mousePosition":[683,384],"_rootPartCFrame":[762.848,228.381,46.967,-0.98,0,0.198,0,1,0,-0.198,0,-0.98],"_humanoidState":5,"_cameraCFrame":[761.56,241.008,32.711,-0.999,-0.02,0.026,0,0.787,0.617,-0.032,0.616,-0.787],"_shiftlockState":true,"_pose":"FreeFall","_animationQueue":[],"_animationSpeed":1,"_zoom":18.045},{"_mousePosition":[683,384],"_rootPartCFrame":[762.582,227.949,46.958,-0.986,0,0.165,0,1,0,-0.165,0,-0.986],"_humanoidState":5,"_cameraCFrame":[761.294,240.576,32.703,-0.999,-0.02,0.026,0,0.787,0.617,-0.032,0.616,-0.787],"_shiftlockState":true,"_pose":"FreeFall","_animationQueue":[],"_animationSpeed":1,"_zoom":18.045},{"_mousePosition":[683,384],"_rootPartCFrame":[762.315,227.463,46.95,-0.986,0,0.165,0,1,0,-0.165,0,-0.986],"_humanoidState":5,"_cameraCFrame":[761.027,240.09,32.694,-0.999,-0.02,0.026,0,0.787,0.617,-0.032,0.616,-0.787],"_shiftlockState":true,"_pose":"FreeFall","_animationQueue":[],"_animationSpeed":1,"_zoom":18.045},{"_mousePosition":[683,384],"_rootPartCFrame":[762.115,227.063,46.943,-0.991,0,0.132,0,1,0,-0.132,0,-0.991],"_humanoidState":5,"_cameraCFrame":[760.827,239.69,32.688,-0.999,-0.02,0.026,0,0.787,0.617,-0.032,0.616,-0.787],"_shiftlockState":true,"_pose":"FreeFall","_animationQueue":[],"_animationSpeed":1,"_zoom":18.045},{"_mousePosition":[683,384],"_rootPartCFrame":[761.782,226.328,46.932,-0.98,0,0.198,0,1,0,-0.198,0,-0.98],"_humanoidState":5,"_cameraCFrame":[760.494,238.955,32.677,-0.999,-0.02,0.026,0,0.787,0.617,-0.032,0.616,-0.787],"_shiftlockState":true,"_pose":"FreeFall","_animationQueue":[],"_animationSpeed":1,"_zoom":18.045},{"_mousePosition":[683,384],"_rootPartCFrame":[761.515,225.678,46.924,-0.986,0,0.165,0,1,0,-0.165,0,-0.986],"_humanoidState":5,"_cameraCFrame":[760.227,238.305,32.668,-0.999,-0.02,0.026,0,0.787,0.617,-0.032,0.616,-0.787],"_shiftlockState":true,"_pose":"FreeFall","_animationQueue":[["fall",0.3]],"_animationSpeed":1,"_zoom":18.045},{"_mousePosition":[683,384],"_rootPartCFrame":[761.249,224.974,46.915,-0.986,0,0.165,0,1,0,-0.165,0,-0.986],"_humanoidState":5,"_cameraCFrame":[759.961,237.601,32.659,-0.999,-0.02,0.026,0,0.787,0.617,-0.032,0.616,-0.787],"_shiftlockState":true,"_pose":"FreeFall","_animationQueue":[],"_animationSpeed":1,"_zoom":18.045},{"_mousePosition":[683,384],"_rootPartCFrame":[760.982,224.216,46.906,-0.986,0,0.165,0,1,0,-0.165,0,-0.986],"_humanoidState":5,"_cameraCFrame":[759.694,236.843,32.651,-0.999,-0.02,0.026,0,0.787,0.617,-0.032,0.616,-0.787],"_shiftlockState":true,"_pose":"FreeFall","_animationQueue":[],"_animationSpeed":1,"_zoom":18.045},{"_mousePosition":[683,384],"_rootPartCFrame":[760.716,223.403,46.898,-0.998,0,0.067,0,1,0,-0.067,0,-0.998],"_humanoidState":7,"_cameraCFrame":[759.428,236.03,32.642,-0.999,-0.02,0.026,0,0.787,0.617,-0.032,0.616,-0.787],"_shiftlockState":true,"_pose":"FreeFall","_animationQueue":[["walk",0.1],["fall",0.3],["fall",0.3]],"_animationSpeed":1,"_zoom":18.045},{"_mousePosition":[683,384],"_rootPartCFrame":[760.449,223.227,46.889,-0.999,0,0.032,0,1,0,-0.032,0,-0.999],"_humanoidState":8,"_cameraCFrame":[759.169,235.857,32.635,-0.999,-0.02,0.026,0,0.787,0.617,-0.033,0.616,-0.787],"_shiftlockState":true,"_pose":"Running","_animationQueue":[["fall",0.3],["walk",0.1],["fall",0.3],["walk",0.1]],"_animationSpeed":1.103,"_zoom":18.045},{"_mousePosition":[683,384],"_rootPartCFrame":[760.182,223.3,46.88,-0.999,0,0.033,0,1,0,-0.033,0,-0.999],"_humanoidState":8,"_cameraCFrame":[758.902,235.93,32.626,-0.999,-0.02,0.026,0,0.787,0.617,-0.033,0.616,-0.787],"_shiftlockState":true,"_pose":"Running","_animationQueue":[],"_animationSpeed":1.103,"_zoom":18.045},{"_mousePosition":[683,384],"_rootPartCFrame":[759.916,223.365,46.871,-0.999,0,0.033,0,1,0,-0.033,0,-0.999],"_humanoidState":8,"_cameraCFrame":[758.636,235.995,32.617,-0.999,-0.02,0.026,0,0.787,0.617,-0.033,0.616,-0.787],"_shiftlockState":true,"_pose":"Running","_animationQueue":[],"_animationSpeed":1.103,"_zoom":18.045},{"_mousePosition":[683,384],"_rootPartCFrame":[759.583,223.411,46.86,-0.999,0,0.033,0,1,0,-0.033,0,-0.999],"_humanoidState":8,"_cameraCFrame":[758.303,236.041,32.606,-0.999,-0.02,0.026,0,0.787,0.617,-0.033,0.616,-0.787],"_shiftlockState":true,"_pose":"Running","_animationQueue":[],"_animationSpeed":1.103,"_zoom":18.045},{"_mousePosition":[683,384],"_rootPartCFrame":[759.316,223.429,46.851,-0.999,0,0.033,0,1,0,-0.033,0,-0.999],"_humanoidState":8,"_cameraCFrame":[758.036,236.059,32.597,-0.999,-0.02,0.026,0,0.787,0.617,-0.033,0.616,-0.787],"_shiftlockState":true,"_pose":"Running","_animationQueue":[["walk",0.1]],"_animationSpeed":1.103,"_zoom":18.045},{"_mousePosition":[683,384],"_rootPartCFrame":[759.05,223.439,46.842,-0.999,0,0.033,0,1,0,-0.033,0,-0.999],"_humanoidState":8,"_cameraCFrame":[757.77,236.069,32.588,-0.999,-0.02,0.026,0,0.787,0.617,-0.033,0.616,-0.787],"_shiftlockState":true,"_pose":"Running","_animationQueue":[],"_animationSpeed":1.103,"_zoom":18.045},{"_mousePosition":[683,384],"_rootPartCFrame":[758.784,223.445,46.834,-0.999,0,0.033,0,1,0,-0.033,0,-0.999],"_humanoidState":8,"_cameraCFrame":[757.503,236.075,32.58,-0.999,-0.02,0.026,0,0.787,0.617,-0.033,0.616,-0.787],"_shiftlockState":true,"_pose":"Running","_animationQueue":[],"_animationSpeed":1.103,"_zoom":18.045},{"_mousePosition":[683,384],"_rootPartCFrame":[758.517,223.448,46.825,-0.999,0,0.033,0,1,0,-0.033,0,-0.999],"_humanoidState":8,"_cameraCFrame":[757.237,236.078,32.571,-0.999,-0.02,0.026,0,0.787,0.617,-0.033,0.616,-0.787],"_shiftlockState":true,"_pose":"Running","_animationQueue":[],"_animationSpeed":1.103,"_zoom":18.045},{"_mousePosition":[683,384],"_rootPartCFrame":[758.251,223.45,46.816,-0.999,0,0.033,0,1,0,-0.033,0,-0.999],"_humanoidState":8,"_cameraCFrame":[756.971,236.079,32.562,-0.999,-0.02,0.026,0,0.787,0.617,-0.033,0.616,-0.787],"_shiftlockState":true,"_pose":"Running","_animationQueue":[],"_animationSpeed":1.103,"_zoom":18.045},{"_mousePosition":[683,384],"_rootPartCFrame":[757.984,223.451,46.807,-0.999,0,0.033,0,1,0,-0.033,0,-0.999],"_humanoidState":8,"_cameraCFrame":[756.704,236.08,32.553,-0.999,-0.02,0.026,0,0.787,0.617,-0.033,0.616,-0.787],"_shiftlockState":true,"_pose":"Running","_animationQueue":[],"_animationSpeed":1.103,"_zoom":18.045},{"_mousePosition":[683,384],"_rootPartCFrame":[757.718,223.451,46.798,-0.999,0,0.033,0,1,0,-0.033,0,-0.999],"_humanoidState":8,"_cameraCFrame":[756.438,236.081,32.544,-0.999,-0.02,0.026,0,0.787,0.617,-0.033,0.616,-0.787],"_shiftlockState":true,"_pose":"Running","_animationQueue":[],"_animationSpeed":1.103,"_zoom":18.045},{"_mousePosition":[683,384],"_rootPartCFrame":[757.451,223.451,46.79,-0.999,0,0.033,0,1,0,-0.033,0,-0.999],"_humanoidState":8,"_cameraCFrame":[757.92,236.081,32.593,-0.999,-0.02,0.026,0,0.787,0.617,-0.033,0.616,-0.787],"_shiftlockState":false,"_pose":"Running","_animationQueue":[["walk",0.1]],"_animationSpeed":1.103,"_zoom":18.045},{"_mousePosition":[683,384],"_rootPartCFrame":[757.185,223.451,46.781,-0.975,0,0.22,0,1,0,-0.22,0,-0.975],"_humanoidState":8,"_cameraCFrame":[757.654,236.081,32.585,-0.999,-0.02,0.026,0,0.787,0.617,-0.033,0.616,-0.787],"_shiftlockState":false,"_pose":"Running","_animationQueue":[],"_animationSpeed":1.103,"_zoom":18.045},{"_mousePosition":[683,384],"_rootPartCFrame":[756.918,223.451,46.772,-0.918,0,0.397,0,1,0,-0.397,0,-0.918],"_humanoidState":8,"_cameraCFrame":[757.387,236.081,32.576,-0.999,-0.02,0.026,0,0.787,0.617,-0.033,0.616,-0.787],"_shiftlockState":false,"_pose":"Running","_animationQueue":[],"_animationSpeed":1.103,"_zoom":18.045},{"_mousePosition":[683,384],"_rootPartCFrame":[756.652,223.452,46.763,-0.842,0,0.54,0,1,0,-0.54,0,-0.842],"_humanoidState":8,"_cameraCFrame":[757.121,236.081,32.567,-0.999,-0.02,0.026,0,0.787,0.617,-0.033,0.616,-0.787],"_shiftlockState":false,"_pose":"Running","_animationQueue":[],"_animationSpeed":1.103,"_zoom":18.045},{"_mousePosition":[683,384],"_rootPartCFrame":[756.385,223.452,46.754,-0.758,0,0.652,0,1,0,-0.652,0,-0.758],"_humanoidState":8,"_cameraCFrame":[756.854,236.081,32.558,-0.999,-0.02,0.026,0,0.787,0.617,-0.033,0.616,-0.787],"_shiftlockState":false,"_pose":"Running","_animationQueue":[],"_animationSpeed":1.103,"_zoom":18.045},{"_mousePosition":[683,384],"_rootPartCFrame":[756.119,223.452,46.746,-0.674,0,0.738,0,1,0,-0.738,0,-0.674],"_humanoidState":8,"_cameraCFrame":[756.588,236.081,32.549,-0.999,-0.02,0.026,0,0.787,0.617,-0.033,0.616,-0.787],"_shiftlockState":false,"_pose":"Running","_animationQueue":[],"_animationSpeed":1.103,"_zoom":18.045},{"_mousePosition":[683,384],"_rootPartCFrame":[755.852,223.452,46.737,-0.593,0,0.805,0,1,0,-0.805,0,-0.593],"_humanoidState":8,"_cameraCFrame":[756.321,236.081,32.541,-0.999,-0.02,0.026,0,0.787,0.617,-0.033,0.616,-0.787],"_shiftlockState":false,"_pose":"Running","_animationQueue":[["walk",0.1]],"_animationSpeed":1.103,"_zoom":18.045},{"_mousePosition":[683,384],"_rootPartCFrame":[755.586,223.452,46.728,-0.518,0,0.855,0,1,0,-0.855,0,-0.518],"_humanoidState":8,"_cameraCFrame":[756.055,236.081,32.532,-0.999,-0.02,0.026,0,0.787,0.617,-0.033,0.616,-0.787],"_shiftlockState":false,"_pose":"Running","_animationQueue":[],"_animationSpeed":1.103,"_zoom":18.045},{"_mousePosition":[683,384],"_rootPartCFrame":[755.319,223.452,46.719,-0.45,0,0.893,0,1,0,-0.893,0,-0.45],"_humanoidState":8,"_cameraCFrame":[755.788,236.081,32.523,-0.999,-0.02,0.026,0,0.787,0.617,-0.033,0.616,-0.787],"_shiftlockState":false,"_pose":"Running","_animationQueue":[],"_animationSpeed":1.103,"_zoom":18.045},{"_mousePosition":[683,384],"_rootPartCFrame":[754.986,224.646,46.708,-0.362,0,0.932,0,1,0,-0.932,0,-0.362],"_humanoidState":3,"_cameraCFrame":[755.455,237.275,32.512,-0.999,-0.02,0.026,0,0.787,0.617,-0.033,0.616,-0.787],"_shiftlockState":false,"_pose":"Jumping","_animationQueue":[["walk",0.1],["jump",0.1]],"_animationSpeed":1,"_zoom":18.045},{"_mousePosition":[683,384],"_rootPartCFrame":[754.786,225.323,46.702,-0.318,0,0.948,0,1,0,-0.948,0,-0.318],"_humanoidState":5,"_cameraCFrame":[755.255,237.953,32.505,-0.999,-0.02,0.026,0,0.787,0.617,-0.033,0.616,-0.787],"_shiftlockState":false,"_pose":"FreeFall","_animationQueue":[["jump",0.1]],"_animationSpeed":1,"_zoom":18.045},{"_mousePosition":[683,384],"_rootPartCFrame":[754.453,226.385,46.691,-0.257,0,0.966,0,1,0,-0.966,0,-0.257],"_humanoidState":5,"_cameraCFrame":[754.922,239.014,32.494,-0.999,-0.02,0.026,0,0.787,0.617,-0.033,0.616,-0.787],"_shiftlockState":false,"_pose":"FreeFall","_animationQueue":[],"_animationSpeed":1,"_zoom":18.045},{"_mousePosition":[683,384],"_rootPartCFrame":[754.253,226.981,46.684,-0.226,0,0.974,0,1,0,-0.974,0,-0.226],"_humanoidState":5,"_cameraCFrame":[754.722,239.61,32.488,-0.999,-0.02,0.026,0,0.787,0.617,-0.033,0.616,-0.787],"_shiftlockState":false,"_pose":"FreeFall","_animationQueue":[],"_animationSpeed":1,"_zoom":18.045},{"_mousePosition":[683,384],"_rootPartCFrame":[753.92,227.906,46.673,-0.182,0,0.983,0,1,0,-0.983,0,-0.182],"_humanoidState":5,"_cameraCFrame":[754.389,240.535,32.477,-0.999,-0.02,0.026,0,0.787,0.617,-0.033,0.616,-0.787],"_shiftlockState":false,"_pose":"FreeFall","_animationQueue":[],"_animationSpeed":1,"_zoom":18.045},{"_mousePosition":[683,384],"_rootPartCFrame":[753.72,228.42,46.666,-0.159,0,0.987,0,1,0,-0.987,0,-0.159],"_humanoidState":5,"_cameraCFrame":[754.189,241.049,32.47,-0.999,-0.02,0.026,0,0.787,0.617,-0.033,0.616,-0.787],"_shiftlockState":false,"_pose":"FreeFall","_animationQueue":[],"_animationSpeed":1,"_zoom":18.045},{"_mousePosition":[683,384],"_rootPartCFrame":[753.386,229.209,46.655,-0.126,0,0.992,0,1,0,-0.992,0,-0.126],"_humanoidState":5,"_cameraCFrame":[753.855,241.838,32.459,-0.999,-0.02,0.026,0,0.787,0.617,-0.033,0.616,-0.787],"_shiftlockState":false,"_pose":"FreeFall","_animationQueue":[],"_animationSpeed":1,"_zoom":18.045},{"_mousePosition":[683,384],"_rootPartCFrame":[753.186,229.641,46.649,-0.109,0,0.994,0,1,0,-0.994,0,-0.109],"_humanoidState":5,"_cameraCFrame":[753.655,242.271,32.452,-0.999,-0.02,0.026,0,0.787,0.617,-0.033,0.616,-0.787],"_shiftlockState":false,"_pose":"FreeFall","_animationQueue":[],"_animationSpeed":1,"_zoom":18.045},{"_mousePosition":[683,384],"_rootPartCFrame":[752.853,230.294,46.638,-0.084,0,0.996,0,1,0,-0.996,0,-0.084],"_humanoidState":5,"_cameraCFrame":[753.322,242.923,32.441,-0.999,-0.02,0.026,0,0.787,0.617,-0.033,0.616,-0.787],"_shiftlockState":false,"_pose":"FreeFall","_animationQueue":[],"_animationSpeed":1,"_zoom":18.045},{"_mousePosition":[683,384],"_rootPartCFrame":[752.587,230.754,46.629,-0.067,0,0.998,0,1,0,-0.998,0,-0.067],"_humanoidState":5,"_cameraCFrame":[753.056,243.384,32.433,-0.999,-0.02,0.026,0,0.787,0.617,-0.033,0.616,-0.787],"_shiftlockState":false,"_pose":"FreeFall","_animationQueue":[],"_animationSpeed":1,"_zoom":18.045},{"_mousePosition":[683,384],"_rootPartCFrame":[752.253,231.254,46.618,-0.05,0,0.999,0,1,0,-0.999,0,-0.05],"_humanoidState":5,"_cameraCFrame":[752.722,243.883,32.422,-0.999,-0.02,0.026,0,0.787,0.617,-0.033,0.616,-0.787],"_shiftlockState":false,"_pose":"FreeFall","_animationQueue":[],"_animationSpeed":1,"_zoom":18.045},{"_mousePosition":[683,384],"_rootPartCFrame":[752.12,231.429,46.613,-0.044,0,0.999,0,1,0,-0.999,0,-0.044],"_humanoidState":5,"_cameraCFrame":[752.589,244.059,32.417,-0.999,-0.02,0.026,0,0.787,0.617,-0.033,0.616,-0.787],"_shiftlockState":false,"_pose":"FreeFall","_animationQueue":[],"_animationSpeed":1,"_zoom":18.045},{"_mousePosition":[683,384],"_rootPartCFrame":[751.787,231.809,46.602,-0.03,0,1,0,1,0,-1,0,-0.03],"_humanoidState":5,"_cameraCFrame":[752.256,244.439,32.406,-0.999,-0.02,0.026,0,0.787,0.617,-0.033,0.616,-0.787],"_shiftlockState":false,"_pose":"FreeFall","_animationQueue":[],"_animationSpeed":1,"_zoom":18.045},{"_mousePosition":[683,384],"_rootPartCFrame":[751.587,231.997,46.596,-0.024,0,1,0,1,0,-1,0,-0.024],"_humanoidState":5,"_cameraCFrame":[752.056,244.626,32.4,-0.999,-0.02,0.026,0,0.787,0.617,-0.033,0.616,-0.787],"_shiftlockState":false,"_pose":"FreeFall","_animationQueue":[],"_animationSpeed":1,"_zoom":18.045},{"_mousePosition":[683,384],"_rootPartCFrame":[751.254,232.24,46.585,-0.014,0,1,0,1,0,-1,0,-0.014],"_humanoidState":5,"_cameraCFrame":[751.723,244.87,32.389,-0.999,-0.02,0.026,0,0.787,0.617,-0.033,0.616,-0.787],"_shiftlockState":false,"_pose":"FreeFall","_animationQueue":[],"_animationSpeed":1,"_zoom":18.045},{"_mousePosition":[683,384],"_rootPartCFrame":[751.054,232.346,46.578,-0.009,0,1,0,1,0,-1,0,-0.009],"_humanoidState":5,"_cameraCFrame":[751.523,244.975,32.382,-0.999,-0.02,0.026,0,0.787,0.617,-0.033,0.616,-0.787],"_shiftlockState":false,"_pose":"FreeFall","_animationQueue":[],"_animationSpeed":1,"_zoom":18.045},{"_mousePosition":[683,384],"_rootPartCFrame":[751.008,232.531,46.572,-0.008,0.016,1,0,1,-0.016,-1,0,-0.008],"_humanoidState":12,"_cameraCFrame":[751.501,245.16,32.377,-0.999,-0.02,0.026,0,0.787,0.617,-0.033,0.616,-0.787],"_shiftlockState":false,"_pose":"Climbing","_animationQueue":[["walk",0.1],["climb",0.1]],"_animationSpeed":0.635,"_zoom":18.045},{"_mousePosition":[683,382],"_rootPartCFrame":[751.059,232.669,46.571,-0.008,0.009,1,0,1,-0.009,-1,0,-0.008],"_humanoidState":12,"_cameraCFrame":[751.556,245.299,32.375,-0.999,-0.021,0.027,0,0.787,0.617,-0.034,0.616,-0.787],"_shiftlockState":false,"_pose":"Climbing","_animationQueue":[["climb",0.1]],"_animationSpeed":0.858,"_zoom":18.045},{"_mousePosition":[683,382],"_rootPartCFrame":[751.096,232.95,46.57,-0.008,-0.001,1,0,1,0.001,-1,0,-0.008],"_humanoidState":12,"_cameraCFrame":[751.652,245.626,32.413,-0.999,-0.024,0.031,0,0.785,0.619,-0.039,0.619,-0.785],"_shiftlockState":false,"_pose":"Climbing","_animationQueue":[],"_animationSpeed":0.858,"_zoom":18.045},{"_mousePosition":[683,382],"_rootPartCFrame":[751.097,233.044,46.57,-0.008,-0.001,1,0,1,0.001,-1,0,-0.008],"_humanoidState":12,"_cameraCFrame":[751.825,245.856,32.53,-0.999,-0.033,0.04,0,0.779,0.627,-0.052,0.626,-0.778],"_shiftlockState":false,"_pose":"Climbing","_animationQueue":[],"_animationSpeed":0.858,"_zoom":18.045},{"_mousePosition":[683,382],"_rootPartCFrame":[751.097,233.324,46.57,-0.008,0,1,0,1,0,-1,0,-0.008],"_humanoidState":12,"_cameraCFrame":[752.082,246.283,32.665,-0.998,-0.045,0.055,0,0.773,0.635,-0.071,0.633,-0.771],"_shiftlockState":false,"_pose":"Climbing","_animationQueue":[],"_animationSpeed":0.858,"_zoom":18.045},{"_mousePosition":[683,382],"_rootPartCFrame":[751.097,233.417,46.57,-0.008,0,1,0,1,0,-1,0,-0.008],"_humanoidState":12,"_cameraCFrame":[752.442,246.599,32.883,-0.995,-0.063,0.075,0,0.762,0.647,-0.098,0.644,-0.759],"_shiftlockState":false,"_pose":"Climbing","_animationQueue":[],"_animationSpeed":0.858,"_zoom":18.045},{"_mousePosition":[683,382],"_rootPartCFrame":[751.097,233.65,46.57,-0.008,0,1,0,1,0,-1,0,-0.008],"_humanoidState":12,"_cameraCFrame":[751.253,247.184,33.01,-0.99,-0.094,0.105,0,0.745,0.667,-0.14,0.66,-0.738],"_shiftlockState":true,"_pose":"Climbing","_animationQueue":[],"_animationSpeed":0.858,"_zoom":18.045},{"_mousePosition":[683,384],"_rootPartCFrame":[750.98,234.339,46.559,-0.998,0,0.071,0,1,0,-0.071,0,-0.998],"_humanoidState":8,"_cameraCFrame":[751.136,247.872,32.999,-0.99,-0.094,0.105,0,0.745,0.667,-0.14,0.66,-0.738],"_shiftlockState":true,"_pose":"Standing","_animationQueue":[["climb",0.1],["idle",0.1],["idle",0.1]],"_animationSpeed":1,"_zoom":18.045},{"_mousePosition":[683,384],"_rootPartCFrame":[750.721,234.929,46.523,-0.994,0,0.113,0,1,0,-0.113,0,-0.994],"_humanoidState":8,"_cameraCFrame":[751.343,248.984,33.459,-0.984,-0.126,0.13,0,0.718,0.696,-0.181,0.684,-0.706],"_shiftlockState":true,"_pose":"Running","_animationQueue":[["walk",0.1]],"_animationSpeed":0.728,"_zoom":18.045},{"_mousePosition":[683,384],"_rootPartCFrame":[750.522,235.207,46.495,-0.984,0,0.178,0,1,0,-0.178,0,-0.984],"_humanoidState":8,"_cameraCFrame":[751.471,249.884,34.079,-0.976,-0.157,0.147,0,0.683,0.73,-0.216,0.713,-0.667],"_shiftlockState":true,"_pose":"Running","_animationQueue":[["walk",0.1]],"_animationSpeed":1.119,"_zoom":18.045},{"_mousePosition":[683,384],"_rootPartCFrame":[750.193,235.469,46.436,-0.977,0,0.215,0,1,0,-0.215,0,-0.977],"_humanoidState":8,"_cameraCFrame":[751.274,250.727,34.678,-0.971,-0.182,0.154,0,0.647,0.762,-0.238,0.74,-0.628],"_shiftlockState":true,"_pose":"Running","_animationQueue":[],"_animationSpeed":1.119,"_zoom":18.045},{"_mousePosition":[683,384],"_rootPartCFrame":[749.933,235.575,46.38,-0.971,0,0.238,0,1,0,-0.238,0,-0.971],"_humanoidState":8,"_cameraCFrame":[750.992,251.548,35.513,-0.967,-0.205,0.152,0,0.597,0.802,-0.255,0.775,-0.577],"_shiftlockState":true,"_pose":"Running","_animationQueue":[["walk",0.1]],"_animationSpeed":1.119,"_zoom":18.045},{"_mousePosition":[683,384],"_rootPartCFrame":[749.672,236.438,46.323,-0.967,0,0.255,0,1,0,-0.255,0,-0.967],"_humanoidState":3,"_cameraCFrame":[750.585,252.907,36.136,-0.966,-0.214,0.144,0,0.558,0.83,-0.258,0.801,-0.539],"_shiftlockState":true,"_pose":"Jumping","_animationQueue":[["walk",0.1],["jump",0.1]],"_animationSpeed":1,"_zoom":18.045},{"_mousePosition":[683,384],"_rootPartCFrame":[749.385,237.246,46.246,-0.938,0,0.346,0,1,0,-0.346,0,-0.938],"_humanoidState":5,"_cameraCFrame":[750.046,254.305,36.963,-0.966,-0.222,0.13,0,0.507,0.862,-0.257,0.833,-0.49],"_shiftlockState":true,"_pose":"FreeFall","_animationQueue":[["jump",0.1]],"_animationSpeed":1,"_zoom":18.045},{"_mousePosition":[683,384],"_rootPartCFrame":[749.087,238,46.162,-0.968,0,0.252,0,1,0,-0.252,0,-0.968],"_humanoidState":5,"_cameraCFrame":[749.174,255.629,37.885,-0.975,-0.198,0.099,0,0.448,0.894,-0.222,0.872,-0.437],"_shiftlockState":true,"_pose":"FreeFall","_animationQueue":[],"_animationSpeed":1,"_zoom":18.045},{"_mousePosition":[683,384],"_rootPartCFrame":[748.811,238.699,46.086,-0.98,0,0.198,0,1,0,-0.198,0,-0.98],"_humanoidState":5,"_cameraCFrame":[748.355,256.479,38.122,-0.987,-0.147,0.07,0,0.431,0.902,-0.163,0.89,-0.426],"_shiftlockState":true,"_pose":"FreeFall","_animationQueue":[["jump",0.1]],"_animationSpeed":1,"_zoom":18.045},{"_mousePosition":[683,384],"_rootPartCFrame":[748.549,239.344,46.03,-0.956,0,0.293,0,1,0,-0.293,0,-0.956],"_humanoidState":5,"_cameraCFrame":[747.812,257.18,38.203,-0.991,-0.118,0.055,0,0.425,0.905,-0.13,0.898,-0.421],"_shiftlockState":true,"_pose":"FreeFall","_animationQueue":[["fall",0.3]],"_animationSpeed":1,"_zoom":18.045},{"_mousePosition":[683,384],"_rootPartCFrame":[748.286,239.934,45.985,-0.965,0,0.261,0,1,0,-0.261,0,-0.965],"_humanoidState":5,"_cameraCFrame":[747.268,257.826,38.307,-0.995,-0.087,0.04,0,0.418,0.908,-0.096,0.904,-0.416],"_shiftlockState":true,"_pose":"FreeFall","_animationQueue":[],"_animationSpeed":1,"_zoom":18.045},{"_mousePosition":[683,384],"_rootPartCFrame":[748.088,240.341,45.958,-0.981,0,0.195,0,1,0,-0.195,0,-0.981],"_humanoidState":5,"_cameraCFrame":[746.757,258.299,38.471,-0.998,-0.051,0.023,0,0.41,0.912,-0.056,0.911,-0.409],"_shiftlockState":true,"_pose":"FreeFall","_animationQueue":[],"_animationSpeed":1,"_zoom":18.045},{"_mousePosition":[683,384],"_rootPartCFrame":[747.757,240.952,45.925,-0.975,0,0.221,0,1,0,-0.221,0,-0.975],"_humanoidState":5,"_cameraCFrame":[746.164,258.969,38.621,-1,-0.02,0.009,0,0.403,0.915,-0.022,0.915,-0.403],"_shiftlockState":true,"_pose":"FreeFall","_animationQueue":[],"_animationSpeed":1,"_zoom":18.045},{"_mousePosition":[683,384],"_rootPartCFrame":[747.424,241.477,45.904,-0.982,0,0.187,0,1,0,-0.187,0,-0.982],"_humanoidState":5,"_cameraCFrame":[745.671,259.534,38.731,-1,0,0,0,0.398,0.918,0,0.918,-0.398],"_shiftlockState":true,"_pose":"FreeFall","_animationQueue":[],"_animationSpeed":1,"_zoom":18.045},{"_mousePosition":[683,384],"_rootPartCFrame":[747.224,241.751,45.899,-0.995,0,0.099,0,1,0,-0.099,0,-0.995],"_humanoidState":5,"_cameraCFrame":[745.316,259.849,38.859,-1,0.021,-0.009,0,0.392,0.92,0.022,0.92,-0.392],"_shiftlockState":true,"_pose":"FreeFall","_animationQueue":[],"_animationSpeed":1,"_zoom":18.045},{"_mousePosition":[683,384],"_rootPartCFrame":[746.958,242.069,45.898,-0.994,0,0.111,0,1,0,-0.111,0,-0.994],"_humanoidState":5,"_cameraCFrame":[744.899,260.206,38.996,-0.999,0.041,-0.017,0,0.387,0.922,0.044,0.921,-0.387],"_shiftlockState":true,"_pose":"FreeFall","_animationQueue":[["fall",0.3]],"_animationSpeed":1,"_zoom":18.045},{"_mousePosition":[683,384],"_rootPartCFrame":[746.691,242.332,45.903,-0.996,0,0.089,0,1,0,-0.089,0,-0.996],"_humanoidState":5,"_cameraCFrame":[744.521,260.492,39.09,-0.998,0.056,-0.023,0,0.384,0.923,0.061,0.922,-0.383],"_shiftlockState":true,"_pose":"FreeFall","_animationQueue":[],"_animationSpeed":1,"_zoom":18.045},{"_mousePosition":[683,384],"_rootPartCFrame":[746.491,242.494,45.911,-0.999,0,0.039,0,1,0,-0.039,0,-0.999],"_humanoidState":5,"_cameraCFrame":[744.186,260.693,39.239,-0.997,0.076,-0.031,0,0.379,0.925,0.082,0.922,-0.378],"_shiftlockState":true,"_pose":"FreeFall","_animationQueue":[],"_animationSpeed":1,"_zoom":18.045},{"_mousePosition":[683,384],"_rootPartCFrame":[746.159,242.695,45.931,-0.996,0,0.084,0,1,0,-0.084,0,-0.996],"_humanoidState":5,"_cameraCFrame":[743.756,260.922,39.363,-0.995,0.09,-0.037,0,0.375,0.927,0.098,0.923,-0.373],"_shiftlockState":true,"_pose":"FreeFall","_animationQueue":[],"_animationSpeed":1,"_zoom":18.045},{"_mousePosition":[683,384],"_rootPartCFrame":[745.959,242.775,45.946,-1,0,0.002,0,1,0,-0.002,0,-1],"_humanoidState":5,"_cameraCFrame":[743.466,261.024,39.468,-0.994,0.104,-0.042,0,0.372,0.928,0.112,0.922,-0.37],"_shiftlockState":true,"_pose":"FreeFall","_animationQueue":[],"_animationSpeed":1,"_zoom":18.045},{"_mousePosition":[683,384],"_rootPartCFrame":[745.627,242.841,45.978,-0.999,0,0.054,0,1,0,-0.054,0,-0.999],"_humanoidState":5,"_cameraCFrame":[743.091,261.1,39.545,-0.993,0.111,-0.044,0,0.371,0.929,0.119,0.922,-0.368],"_shiftlockState":true,"_pose":"FreeFall","_animationQueue":[],"_animationSpeed":1,"_zoom":18.045},{"_mousePosition":[683,384],"_rootPartCFrame":[745.429,242.839,46,-1,0,-0.02,0,1,0,0.02,0,-1],"_humanoidState":5,"_cameraCFrame":[742.855,261.109,39.61,-0.992,0.117,-0.046,0,0.369,0.929,0.126,0.922,-0.366],"_shiftlockState":true,"_pose":"FreeFall","_animationQueue":[],"_animationSpeed":1,"_zoom":18.045},{"_mousePosition":[683,384],"_rootPartCFrame":[745.098,242.698,46.04,-0.996,0,-0.089,0,1,0,0.089,0,-0.996],"_humanoidState":7,"_cameraCFrame":[742.494,260.978,39.69,-0.991,0.122,-0.048,0,0.368,0.93,0.131,0.922,-0.365],"_shiftlockState":true,"_pose":"FreeFall","_animationQueue":[["fall",0.3],["walk",0.1],["fall",0.3],["fall",0.3]],"_animationSpeed":1,"_zoom":18.045},{"_mousePosition":[683,384],"_rootPartCFrame":[744.899,242.569,46.064,-0.991,0,-0.13,0,1,0,0.13,0,-0.991],"_humanoidState":7,"_cameraCFrame":[742.24,260.86,39.766,-0.99,0.13,-0.051,0,0.366,0.931,0.14,0.921,-0.363],"_shiftlockState":true,"_pose":"FreeFall","_animationQueue":[],"_animationSpeed":1,"_zoom":18.045},{"_mousePosition":[683,384],"_rootPartCFrame":[744.569,242.279,46.108,-0.99,0,-0.14,0,1,0,0.14,0,-0.99],"_humanoidState":8,"_camer