[{"_mousePosition":[948,360],"_rootPartCFrame":[776.029,222.983,47.142,0.002,-0.001,1,0,1,0.001,-1,0,0.002],"_humanoidState":8,"_cameraCFrame":[783.504,231.638,47.235,0.012,-0.691,0.722,0,0.722,0.691,-1,-0.009,0.009],"_shiftlockState":false,"_pose":"Standing","_animationQueue":[],"_animationSpeed":1,"_zoom":10.349},{"_mousePosition":[901,357],"_rootPartCFrame":[775.782,222.851,47.139,0.003,0,1,0,1,0,-1,0,0.003],"_humanoidState":8,"_cameraCFrame":[783.259,231.506,47.232,0.012,-0.691,0.722,0,0.722,0.691,-1,-0.009,0.009],"_shiftlockState":false,"_pose":"Standing","_animationQueue":[],"_animationSpeed":1,"_zoom":10.349},{"_mousePosition":[854,356],"_rootPartCFrame":[775.516,222.679,47.136,0.005,0,1,0,1,0,-1,0,0.005],"_humanoidState":8,"_cameraCFrame":[782.993,231.335,47.229,0.012,-0.691,0.722,0,0.722,0.691,-1,-0.009,0.009],"_shiftlockState":false,"_pose":"Running","_animationQueue":[["walk",0.1]],"_animationSpeed":1.066,"_zoom":10.349},{"_mousePosition":[805,357],"_rootPartCFrame":[775.25,222.656,47.132,0.006,0,1,0,1,0,-1,0,0.006],"_humanoidState":8,"_cameraCFrame":[782.726,231.311,47.225,0.012,-0.691,0.722,0,0.722,0.691,-1,-0.009,0.009],"_shiftlockState":false,"_pose":"Running","_animationQueue":[],"_animationSpeed":1.066,"_zoom":10.349},{"_mousePosition":[765,361],"_rootPartCFrame":[774.983,222.671,47.129,0.007,0,1,0,1,0,-1,0,0.007],"_humanoidState":8,"_cameraCFrame":[782.46,231.326,47.222,0.012,-0.691,0.722,0,0.722,0.691,-1,-0.009,0.009],"_shiftlockState":false,"_pose":"Running","_animationQueue":[],"_animationSpeed":1.066,"_zoom":10.349},{"_mousePosition":[718,370],"_rootPartCFrame":[774.717,222.683,47.126,0.007,0,1,0,1,0,-1,0,0.007],"_humanoidState":8,"_cameraCFrame":[782.193,231.339,47.219,0.012,-0.691,0.722,0,0.722,0.691,-1,-0.009,0.009],"_shiftlockState":false,"_pose":"Running","_animationQueue":[],"_animationSpeed":1.066,"_zoom":10.349},{"_mousePosition":[718,370],"_rootPartCFrame":[774.45,222.691,47.122,0.008,0,1,0,1,0,-1,0,0.008],"_humanoidState":8,"_cameraCFrame":[781.67,231.478,44.898,-0.065,-0.703,0.709,0,0.71,0.704,-0.998,0.046,-0.046],"_shiftlockState":true,"_pose":"Running","_animationQueue":[],"_animationSpeed":1.066,"_zoom":10.349},{"_mousePosition":[683,352.5],"_rootPartCFrame":[774.183,222.695,47.119,-0.065,0,0.998,0,1,0,-0.998,0,-0.065],"_humanoidState":8,"_cameraCFrame":[781.403,231.482,44.895,-0.065,-0.703,0.709,0,0.71,0.704,-0.998,0.046,-0.046],"_shiftlockState":true,"_pose":"Running","_animationQueue":[["walk",0.1]],"_animationSpeed":1.066,"_zoom":10.349},{"_mousePosition":[683,352.5],"_rootPartCFrame":[773.917,222.697,47.135,-0.065,0,0.998,0,1,0,-0.998,0,-0.065],"_humanoidState":8,"_cameraCFrame":[780.713,231.688,44.331,-0.15,-0.716,0.682,0,0.69,0.724,-0.989,0.109,-0.104],"_shiftlockState":true,"_pose":"Running","_animationQueue":[],"_animationSpeed":1.066,"_zoom":10.349},{"_mousePosition":[683,352.5],"_rootPartCFrame":[773.651,222.698,47.152,-0.15,0,0.989,0,1,0,-0.989,0,-0.15],"_humanoidState":8,"_cameraCFrame":[779.96,231.91,43.852,-0.232,-0.725,0.649,0,0.667,0.745,-0.973,0.173,-0.154],"_shiftlockState":true,"_pose":"Running","_animationQueue":[],"_animationSpeed":1.066,"_zoom":10.349},{"_mousePosition":[683,352.5],"_rootPartCFrame":[773.387,222.699,47.189,-0.232,0,0.973,0,1,0,-0.973,0,-0.232],"_humanoidState":8,"_cameraCFrame":[779.176,232.124,43.467,-0.309,-0.728,0.612,0,0.643,0.766,-0.951,0.237,-0.199],"_shiftlockState":true,"_pose":"Running","_animationQueue":[],"_animationSpeed":1.066,"_zoom":10.349},{"_mousePosition":[683,352.5],"_rootPartCFrame":[773.127,222.699,47.247,-0.309,0,0.951,0,1,0,-0.951,0,-0.309],"_humanoidState":8,"_cameraCFrame":[778.398,232.33,43.213,-0.377,-0.728,0.573,0,0.619,0.786,-0.926,0.296,-0.233],"_shiftlockState":true,"_pose":"Running","_animationQueue":[],"_animationSpeed":1.066,"_zoom":10.349},{"_mousePosition":[683,352.5],"_rootPartCFrame":[772.873,222.699,47.326,-0.377,0,0.926,0,1,0,-0.926,0,-0.377],"_humanoidState":8,"_cameraCFrame":[777.659,232.517,43.076,-0.434,-0.724,0.536,0,0.595,0.804,-0.901,0.349,-0.258],"_shiftlockState":true,"_pose":"Running","_animationQueue":[],"_animationSpeed":1.066,"_zoom":10.349},{"_mousePosition":[683,352.5],"_rootPartCFrame":[772.625,222.7,47.424,-0.434,0,0.901,0,1,0,-0.901,0,-0.434],"_humanoidState":8,"_cameraCFrame":[776.98,232.683,43.039,-0.481,-0.719,0.502,0,0.573,0.82,-0.877,0.394,-0.275],"_shiftlockState":true,"_pose":"Running","_animationQueue":[],"_animationSpeed":1.066,"_zoom":10.349},{"_mousePosition":[683,352.5],"_rootPartCFrame":[772.384,222.7,47.538,-0.481,0,0.877,0,1,0,-0.877,0,-0.481],"_humanoidState":8,"_cameraCFrame":[776.287,232.852,43.058,-0.527,-0.71,0.466,0,0.549,0.836,-0.85,0.441,-0.289],"_shiftlockState":true,"_pose":"Running","_animationQueue":[["walk",0.1]],"_animationSpeed":1.066,"_zoom":10.349},{"_mousePosition":[683,352.5],"_rootPartCFrame":[772.149,222.7,47.664,-0.527,0,0.85,0,1,0,-0.85,0,-0.527],"_humanoidState":8,"_cameraCFrame":[775.582,233.004,43.097,-0.577,-0.695,0.429,0,0.526,0.851,-0.817,0.491,-0.303],"_shiftlockState":true,"_pose":"Running","_animationQueue":[],"_animationSpeed":1.066,"_zoom":10.349},{"_mousePosition":[683,352.5],"_rootPartCFrame":[771.831,222.7,47.64,-0.577,0,0.817,0,1,0,-0.817,0,-0.577],"_humanoidState":8,"_cameraCFrame":[774.858,233.129,43.028,-0.619,-0.678,0.397,0,0.506,0.863,-0.786,0.534,-0.313],"_shiftlockState":true,"_pose":"Running","_animationQueue":[],"_animationSpeed":1.066,"_zoom":10.349},{"_mousePosition":[683,352.5],"_rootPartCFrame":[771.635,222.7,47.605,-0.619,0,0.786,0,1,0,-0.786,0,-0.619],"_humanoidState":8,"_cameraCFrame":[774.196,233.273,42.992,-0.664,-0.656,0.36,0,0.481,0.877,-0.748,0.582,-0.319],"_shiftlockState":true,"_pose":"Running","_animationQueue":[],"_animationSpeed":1.066,"_zoom":10.349},{"_mousePosition":[683,352.5],"_rootPartCFrame":[771.37,222.7,47.571,-0.664,0,0.748,0,1,0,-0.748,0,-0.664],"_humanoidState":8,"_cameraCFrame":[773.494,233.406,43,-0.704,-0.632,0.324,0,0.457,0.89,-0.71,0.626,-0.322],"_shiftlockState":true,"_pose":"Running","_animationQueue":[],"_animationSpeed":1.066,"_zoom":10.349},{"_mousePosition":[683,352.5],"_rootPartCFrame":[771.104,222.7,47.553,-0.704,0,0.71,0,1,0,-0.71,0,-0.704],"_humanoidState":8,"_cameraCFrame":[772.854,233.525,43.065,-0.736,-0.61,0.294,0,0.434,0.901,-0.677,0.663,-0.319],"_shiftlockState":true,"_pose":"Running","_animationQueue":[],"_animationSpeed":1.066,"_zoom":10.349},{"_mousePosition":[683,352.5],"_rootPartCFrame":[770.838,222.7,47.549,-0.736,0,0.677,0,1,0,-0.677,0,-0.736],"_humanoidState":8,"_cameraCFrame":[772.322,233.61,43.144,-0.758,-0.593,0.272,0,0.416,0.909,-0.653,0.689,-0.315],"_shiftlockState":true,"_pose":"Running","_animationQueue":[["walk",0.1]],"_animationSpeed":1.066,"_zoom":10.349},{"_mousePosition":[683,352.5],"_rootPartCFrame":[770.505,222.7,47.562,-0.758,0,0.653,0,1,0,-0.653,0,-0.758],"_humanoidState":8,"_cameraCFrame":[771.777,233.678,43.237,-0.775,-0.579,0.254,0,0.401,0.916,-0.632,0.709,-0.311],"_shiftlockState":true,"_pose":"Running","_animationQueue":[],"_animationSpeed":1.066,"_zoom":10.349},{"_mousePosition":[683,352.5],"_rootPartCFrame":[770.305,222.7,47.575,-0.775,0,0.632,0,1,0,-0.632,0,-0.775],"_humanoidState":8,"_cameraCFrame":[771.366,233.741,43.332,-0.792,-0.563,0.236,0,0.387,0.922,-0.61,0.73,-0.307],"_shiftlockState":true,"_pose":"Running","_animationQueue":[],"_animationSpeed":1.066,"_zoom":10.349},{"_mousePosition":[683,352.5],"_rootPartCFrame":[770.04,222.7,47.601,-0.792,0,0.61,0,1,0,-0.61,0,-0.792],"_humanoidState":8,"_cameraCFrame":[770.881,233.801,43.445,-0.811,-0.543,0.218,0,0.373,0.928,-0.585,0.752,-0.303],"_shiftlockState":true,"_pose":"Running","_animationQueue":[],"_animationSpeed":1.066,"_zoom":10.349},{"_mousePosition":[683,352.5],"_rootPartCFrame":[769.774,222.666,47.628,-0.811,0,0.585,0,1,0,-0.585,0,-0.811],"_humanoidState":8,"_cameraCFrame":[770.398,233.825,43.569,-0.829,-0.521,0.2,0,0.359,0.933,-0.559,0.774,-0.298],"_shiftlockState":true,"_pose":"Running","_animationQueue":[],"_animationSpeed":1.066,"_zoom":10.349},{"_mousePosition":[683,352.5],"_rootPartCFrame":[769.509,222.577,47.654,-0.829,0,0.559,0,1,0,-0.559,0,-0.829],"_humanoidState":8,"_cameraCFrame":[769.934,233.786,43.691,-0.847,-0.499,0.184,0,0.346,0.938,-0.532,0.794,-0.293],"_shiftlockState":true,"_pose":"Running","_animationQueue":[],"_animationSpeed":1.066,"_zoom":10.349},{"_mousePosition":[683,352.5],"_rootPartCFrame":[769.177,222.39,47.688,-0.847,0,0.532,0,1,0,-0.532,0,-0.847],"_humanoidState":8,"_cameraCFrame":[769.442,233.642,43.816,-0.86,-0.481,0.171,0,0.335,0.942,-0.511,0.81,-0.288],"_shiftlockState":true,"_pose":"Running","_animationQueue":[["walk",0.1]],"_animationSpeed":1.066,"_zoom":10.349},{"_mousePosition":[683,352.5],"_rootPartCFrame":[768.978,222.236,47.708,-0.86,0,0.511,0,1,0,-0.511,0,-0.86],"_humanoidState":8,"_cameraCFrame":[769.108,233.527,43.927,-0.87,-0.466,0.16,0,0.324,0.946,-0.493,0.823,-0.282],"_shiftlockState":true,"_pose":"Running","_animationQueue":[],"_animationSpeed":1.066,"_zoom":10.349},{"_mousePosition":[683,352.5],"_rootPartCFrame":[768.713,221.984,47.735,-0.87,0,0.493,0,1,0,-0.493,0,-0.87],"_humanoidState":8,"_cameraCFrame":[768.734,233.31,44.043,-0.878,-0.455,0.15,0,0.314,0.949,-0.479,0.833,-0.276],"_shiftlockState":true,"_pose":"Running","_animationQueue":[],"_animationSpeed":1.066,"_zoom":10.349},{"_mousePosition":[683,352.5],"_rootPartCFrame":[768.448,222.858,47.762,-0.878,0,0.479,0,1,0,-0.479,0,-0.878],"_humanoidState":3,"_cameraCFrame":[768.404,234.209,44.14,-0.881,-0.45,0.145,0,0.306,0.952,-0.472,0.839,-0.27],"_shiftlockState":true,"_pose":"Jumping","_animationQueue":[["walk",0.1],["jump",0.1]],"_animationSpeed":1,"_zoom":10.349},{"_mousePosition":[683,352.5],"_rootPartCFrame":[768.187,223.68,47.813,-0.845,0,0.535,0,1,0,-0.535,0,-0.845],"_humanoidState":5,"_cameraCFrame":[768.094,235.053,44.254,-0.883,-0.447,0.14,0,0.3,0.954,-0.469,0.843,-0.265],"_shiftlockState":true,"_pose":"FreeFall","_animationQueue":[["jump",0.1]],"_animationSpeed":1,"_zoom":10.349},{"_mousePosition":[683,352.5],"_rootPartCFrame":[767.931,224.447,47.888,-0.831,0,0.556,0,1,0,-0.556,0,-0.831],"_humanoidState":5,"_cameraCFrame":[767.801,235.846,44.4,-0.883,-0.448,0.137,0,0.292,0.956,-0.469,0.845,-0.258],"_shiftlockState":true,"_pose":"FreeFall","_animationQueue":[],"_animationSpeed":1,"_zoom":10.349},{"_mousePosition":[683,352.5],"_rootPartCFrame":[767.677,225.16,47.966,-0.83,0,0.558,0,1,0,-0.558,0,-0.83],"_humanoidState":5,"_cameraCFrame":[767.52,236.58,44.541,-0.882,-0.451,0.134,0,0.285,0.959,-0.471,0.846,-0.251],"_shiftlockState":true,"_pose":"FreeFall","_animationQueue":[],"_animationSpeed":1,"_zoom":10.349},{"_mousePosition":[683,352.5],"_rootPartCFrame":[767.422,225.819,48.044,-0.828,0,0.56,0,1,0,-0.56,0,-0.828],"_humanoidState":5,"_cameraCFrame":[767.235,237.258,44.676,-0.882,-0.452,0.131,0,0.279,0.96,-0.471,0.847,-0.246],"_shiftlockState":true,"_pose":"FreeFall","_animationQueue":[],"_animationSpeed":1,"_zoom":10.349},{"_mousePosition":[683,352.5],"_rootPartCFrame":[767.167,226.423,48.122,-0.828,0,0.56,0,1,0,-0.56,0,-0.828],"_humanoidState":5,"_cameraCFrame":[766.943,237.878,44.804,-0.884,-0.45,0.128,0,0.273,0.962,-0.468,0.85,-0.242],"_shiftlockState":true,"_pose":"FreeFall","_animationQueue":[],"_animationSpeed":1,"_zoom":10.349},{"_mousePosition":[683,352.5],"_rootPartCFrame":[766.911,226.972,48.2,-0.83,0,0.558,0,1,0,-0.558,0,-0.83],"_humanoidState":5,"_cameraCFrame":[766.654,238.447,44.945,-0.884,-0.451,0.125,0,0.266,0.964,-0.468,0.852,-0.235],"_shiftlockState":true,"_pose":"FreeFall","_animationQueue":[],"_animationSpeed":1,"_zoom":10.349},{"_mousePosition":[683,352.5],"_rootPartCFrame":[766.656,227.467,48.278,-0.83,0,0.558,0,1,0,-0.558,0,-0.83],"_humanoidState":5,"_cameraCFrame":[766.405,238.964,45.091,-0.877,-0.464,0.124,0,0.259,0.966,-0.48,0.848,-0.227],"_shiftlockState":true,"_pose":"FreeFall","_animationQueue":[],"_animationSpeed":1,"_zoom":10.349},{"_mousePosition":[683,352.5],"_rootPartCFrame":[766.338,228.009,48.376,-0.808,0,0.589,0,1,0,-0.589,0,-0.808],"_humanoidState":5,"_cameraCFrame":[766.131,239.524,45.24,-0.866,-0.485,0.126,0,0.252,0.968,-0.501,0.838,-0.218],"_shiftlockState":true,"_pose":"FreeFall","_animationQueue":[],"_animationSpeed":1,"_zoom":10.349},{"_mousePosition":[683,352.5],"_rootPartCFrame":[766.146,228.294,48.433,-0.825,0,0.566,0,1,0,-0.566,0,-0.825],"_humanoidState":5,"_cameraCFrame":[765.979,239.823,45.341,-0.854,-0.504,0.128,0,0.247,0.969,-0.52,0.828,-0.211],"_shiftlockState":true,"_pose":"FreeFall","_animationQueue":[],"_animationSpeed":1,"_zoom":10.349},{"_mousePosition":[683,352.5],"_rootPartCFrame":[765.889,228.625,48.503,-0.797,0,0.604,0,1,0,-0.604,0,-0.797],"_humanoidState":5,"_cameraCFrame":[765.734,240.16,45.43,-0.85,-0.511,0.129,0,0.244,0.97,-0.527,0.824,-0.208],"_shiftlockState":true,"_pose":"FreeFall","_animationQueue":[],"_animationSpeed":1,"_zoom":10.349},{"_mousePosition":[683,352.5],"_rootPartCFrame":[765.63,228.902,48.566,-0.791,0,0.611,0,1,0,-0.611,0,-0.791],"_humanoidState":5,"_cameraCFrame":[765.475,240.437,45.494,-0.85,-0.511,0.129,0,0.244,0.97,-0.527,0.824,-0.208],"_shiftlockState":true,"_pose":"FreeFall","_animationQueue":[],"_animationSpeed":1,"_zoom":10.349},{"_mousePosition":[683,352.5],"_rootPartCFrame":[765.37,229.125,48.628,-0.791,0,0.612,0,1,0,-0.612,0,-0.791],"_humanoidState":5,"_cameraCFrame":[765.181,240.666,45.577,-0.854,-0.505,0.126,0,0.242,0.97,-0.521,0.828,-0.207],"_shiftlockState":true,"_pose":"FreeFall","_animationQueue":[],"_animationSpeed":1,"_zoom":10.349},{"_mousePosition":[683,352.5],"_rootPartCFrame":[765.111,229.293,48.689,-0.794,0,0.607,0,1,0,-0.607,0,-0.794],"_humanoidState":5,"_cameraCFrame":[764.874,240.84,45.662,-0.86,-0.496,0.122,0,0.24,0.971,-0.511,0.835,-0.206],"_shiftlockState":true,"_pose":"FreeFall","_animationQueue":[],"_animationSpeed":1,"_zoom":10.349},{"_mousePosition":[683,352.5],"_rootPartCFrame":[764.852,229.406,48.751,-0.801,0,0.599,0,1,0,-0.599,0,-0.801],"_humanoidState":5,"_cameraCFrame":[764.565,240.957,45.742,-0.867,-0.485,0.119,0,0.238,0.971,-0.499,0.842,-0.206],"_shiftlockState":true,"_pose":"FreeFall","_animationQueue":[],"_animationSpeed":1,"_zoom":10.349},{"_mousePosition":[683,352.5],"_rootPartCFrame":[764.593,229.465,48.817,-0.809,0,0.588,0,1,0,-0.588,0,-0.809],"_humanoidState":5,"_cameraCFrame":[764.226,241.02,45.829,-0.878,-0.464,0.113,0,0.237,0.972,-0.478,0.853,-0.208],"_shiftlockState":true,"_pose":"FreeFall","_animationQueue":[],"_animationSpeed":1,"_zoom":10.349},{"_mousePosition":[683,352.5],"_rootPartCFrame":[764.335,229.47,48.885,-0.822,0,0.569,0,1,0,-0.569,0,-0.822],"_humanoidState":5,"_cameraCFrame":[763.853,241.027,45.921,-0.896,-0.432,0.105,0,0.236,0.972,-0.445,0.87,-0.211],"_shiftlockState":true,"_pose":"FreeFall","_animationQueue":[],"_animationSpeed":1,"_zoom":10.349},{"_mousePosition":[683,352.5],"_rootPartCFrame":[764.079,229.42,48.96,-0.842,0,0.539,0,1,0,-0.539,0,-0.842],"_humanoidState":5,"_cameraCFrame":[763.43,240.977,46.028,-0.919,-0.382,0.093,0,0.236,0.972,-0.393,0.894,-0.217],"_shiftlockState":true,"_pose":"FreeFall","_animationQueue":[["fall",0.3]],"_animationSpeed":1,"_zoom":10.349},{"_mousePosition":[683,352.5],"_rootPartCFrame":[763.826,229.315,49.044,-0.87,0,0.493,0,1,0,-0.493,0,-0.87],"_humanoidState":5,"_cameraCFrame":[762.974,240.863,46.129,-0.946,-0.314,0.078,0,0.24,0.971,-0.324,0.919,-0.227],"_shiftlockState":true,"_pose":"FreeFall","_animationQueue":[],"_animationSpeed":1,"_zoom":10.349},{"_mousePosition":[683,352.5],"_rootPartCFrame":[763.578,229.156,49.141,-0.903,0,0.429,0,1,0,-0.429,0,-0.903],"_humanoidState":5,"_cameraCFrame":[762.491,240.697,46.284,-0.97,-0.236,0.059,0,0.242,0.97,-0.244,0.941,-0.235],"_shiftlockState":true,"_pose":"FreeFall","_animationQueue":[],"_animationSpeed":1,"_zoom":10.349},{"_mousePosition":[683,352.5],"_rootPartCFrame":[763.337,228.943,49.254,-0.935,0,0.354,0,1,0,-0.354,0,-0.935],"_humanoidState":5,"_cameraCFrame":[762.015,240.478,46.476,-0.987,-0.156,0.039,0,0.244,0.97,-0.16,0.957,-0.241],"_shiftlockState":true,"_pose":"FreeFall","_animationQueue":[],"_animationSpeed":1,"_zoom":10.349},{"_mousePosition":[683,352.5],"_rootPartCFrame":[763.105,228.675,49.387,-0.962,0,0.274,0,1,0,-0.274,0,-0.962],"_humanoidState":5,"_cameraCFrame":[761.514,240.202,46.723,-0.998,-0.059,0.015,0,0.248,0.969,-0.061,0.967,-0.247],"_shiftlockState":true,"_pose":"FreeFall","_animationQueue":[],"_animationSpeed":1,"_zoom":10.349},{"_mousePosition":[683,352.5],"_rootPartCFrame":[762.872,228.352,49.499,-0.999,0,-0.038,0,1,0,0.038,0,-0.999],"_humanoidState":5,"_cameraCFrame":[761.02,239.858,46.929,-0.999,0.038,-0.01,0,0.255,0.967,0.039,0.966,-0.255],"_shiftlockState":true,"_pose":"FreeFall","_animationQueue":[["fall",0.3]],"_animationSpeed":1,"_zoom":10.349},{"_mousePosition":[683,352.5],"_rootPartCFrame":[762.648,227.975,49.618,-0.997,0,0.074,0,1,0,-0.074,0,-0.997],"_humanoidState":5,"_cameraCFrame":[760.796,239.481,47.048,-0.999,0.038,-0.01,0,0.255,0.967,0.039,0.966,-0.255],"_shiftlockState":true,"_pose":"FreeFall","_animationQueue":[["fall",0.3]],"_animationSpeed":1,"_zoom":10.349},{"_mousePosition":[683,352.5],"_rootPartCFrame":[762.443,227.544,49.772,-0.998,0,0.066,0,1,0,-0.066,0,-0.998],"_humanoidState":5,"_cameraCFrame":[760.591,239.05,47.201,-0.999,0.038,-0.01,0,0.255,0.967,0.039,0.966,-0.255],"_shiftlockState":true,"_pose":"FreeFall","_animationQueue":[],"_animationSpeed":1,"_zoom":10.349},{"_mousePosition":[683,352.5],"_rootPartCFrame":[762.264,227.636,49.922,-1,0,-0.007,0,1,0,0.007,0,-1],"_humanoidState":12,"_cameraCFrame":[760.412,239.143,47.352,-0.999,0.038,-0.01,0,0.255,0.967,0.039,0.966,-0.255],"_shiftlockState":true,"_pose":"Climbing","_animationQueue":[["walk",0.1],["fall",0.3],["climb",0.1],["climb",0]],"_animationSpeed":-2.26,"_zoom":10.349},{"_mousePosition":[683,352.5],"_rootPartCFrame":[762.116,227.821,50.047,-0.895,0,-0.446,0,1,0,0.446,0,-0.895],"_humanoidState":12,"_cameraCFrame":[759.193,239.213,48.105,-0.895,0.426,-0.131,0,0.294,0.956,0.446,0.856,-0.263],"_shiftlockState":true,"_pose":"Climbing","_animationQueue":[],"_animationSpeed":0.87,"_zoom":10.349},{"_mousePosition":[683,352.5],"_rootPartCFrame":[761.728,228.535,49.659,-0.896,0,-0.445,0,1,0,0.445,0,-0.896],"_humanoidState":3,"_cameraCFrame":[758.805,239.927,47.717,-0.895,0.426,-0.131,0,0.294,0.956,0.446,0.856,-0.263],"_shiftlockState":true,"_pose":"Jumping","_animationQueue":[["climb",0.1],["jump",0.1]],"_animationSpeed":1,"_zoom":10.349},{"_mousePosition":[683,352.5],"_rootPartCFrame":[761.319,229.195,49.307,-0.932,0,-0.361,0,1,0,0.361,0,-0.932],"_humanoidState":5,"_cameraCFrame":[758.396,240.587,47.364,-0.895,0.426,-0.131,0,0.294,0.956,0.446,0.856,-0.263],"_shiftlockState":true,"_pose":"FreeFall","_animationQueue":[["jump",0.1]],"_animationSpeed":1,"_zoom":10.349},{"_mousePosition":[683,352.5],"_rootPartCFrame":[760.909,229.801,48.992,-0.945,0,-0.328,0,1,0,0.328,0,-0.945],"_humanoidState":5,"_cameraCFrame":[757.986,241.193,47.05,-0.895,0.426,-0.131,0,0.294,0.956,0.446,0.856,-0.263],"_shiftlockState":true,"_pose":"FreeFall","_animationQueue":[],"_animationSpeed":1,"_zoom":10.349},{"_mousePosition":[683,352.5],"_rootPartCFrame":[760.506,230.352,48.712,-0.889,0,-0.458,0,1,0,0.458,0,-0.889],"_humanoidState":5,"_cameraCFrame":[757.115,241.722,47.596,-0.738,0.644,-0.203,0,0.301,0.954,0.675,0.704,-0.222],"_shiftlockState":true,"_pose":"FreeFall","_animationQueue":[],"_animationSpeed":1,"_zoom":10.349},{"_mousePosition":[683,352.5],"_rootPartCFrame":[760.13,230.848,48.448,-0.703,0,-0.711,0,1,0,0.711,0,-0.703],"_humanoidState":5,"_cameraCFrame":[756.49,242.188,48.14,-0.551,0.793,-0.259,0,0.31,0.951,0.834,0.524,-0.171],"_shiftlockState":true,"_pose":"FreeFall","_animationQueue":[],"_animationSpeed":1,"_zoom":10.349},{"_mousePosition":[683,352.5],"_rootPartCFrame":[759.794,231.29,48.192,-0.444,0,-0.896,0,1,0,0.896,0,-0.444],"_humanoidState":5,"_cameraCFrame":[756.083,242.582,48.912,-0.286,0.907,-0.31,0,0.324,0.946,0.958,0.27,-0.092],"_shiftlockState":true,"_pose":"FreeFall","_animationQueue":[],"_animationSpeed":1,"_zoom":10.349},{"_mousePosition":[683,352.5],"_rootPartCFrame":[759.497,231.678,47.939,0.049,0,-0.999,0,1,0,0.999,0,0.049],"_humanoidState":5,"_cameraCFrame":[756.443,242.887,50.502,0.241,0.91,-0.336,0,0.346,0.938,0.97,-0.226,0.084],"_shiftlockState":true,"_pose":"FreeFall","_animationQueue":[],"_animationSpeed":1,"_zoom":10.349},{"_mousePosition":[683,352.5],"_rootPartCFrame":[759.24,232.011,47.686,0.368,0,-0.93,0,1,0,0.93,0,0.368],"_humanoidState":5,"_cameraCFrame":[756.738,243.212,50.817,0.43,0.846,-0.314,0,0.348,0.937,0.903,-0.403,0.15],"_shiftlockState":true,"_pose":"FreeFall","_animationQueue":[],"_animationSpeed":1,"_zoom":10.349},{"_mousePosition":[683,352.5],"_rootPartCFrame":[758.974,232.35,47.367,0.574,0,-0.819,0,1,0,0.819,0,0.574],"_humanoidState":5,"_cameraCFrame":[757.131,243.486,51.1,0.628,0.725,-0.284,0,0.365,0.931,0.779,-0.584,0.229],"_shiftlockState":true,"_pose":"FreeFall","_animationQueue":[["fall",0.3]],"_animationSpeed":1,"_zoom":10.349},{"_mousePosition":[683,352.5],"_rootPartCFrame":[758.844,232.513,47.179,0.702,0,-0.712,0,1,0,0.712,0,0.702],"_humanoidState":5,"_cameraCFrame":[757.608,243.544,51.397,0.768,0.589,-0.249,0,0.39,0.921,0.64,-0.708,0.299],"_shiftlockState":true,"_pose":"FreeFall","_animationQueue":[],"_animationSpeed":1,"_zoom":10.349},{"_mousePosition":[683,352.5],"_rootPartCFrame":[758.678,232.683,46.953,0.847,0,-0.532,0,1,0,0.532,0,0.847],"_humanoidState":5,"_cameraCFrame":[757.941,243.6,51.529,0.854,0.473,-0.216,0,0.415,0.91,0.52,-0.777,0.354],"_shiftlockState":true,"_pose":"FreeFall","_animationQueue":[],"_animationSpeed":1,"_zoom":10.349},{"_mousePosition":[683,352.5],"_rootPartCFrame":[758.494,232.798,46.759,0.916,0,-0.402,0,1,0,0.402,0,0.916],"_humanoidState":5,"_cameraCFrame":[758.022,243.641,51.518,0.89,0.412,-0.196,0,0.43,0.903,0.456,-0.803,0.383],"_shiftlockState":true,"_pose":"FreeFall","_animationQueue":[],"_animationSpeed":1,"_zoom":10.349},{"_mousePosition":[683,352.5],"_rootPartCFrame":[758.285,232.858,46.596,0.943,0,-0.334,0,1,0,0.334,0,0.943],"_humanoidState":5,"_cameraCFrame":[757.821,243.672,51.412,0.893,0.405,-0.196,0,0.436,0.9,0.45,-0.804,0.389],"_shiftlockState":true,"_pose":"FreeFall","_animationQueue":[],"_animationSpeed":1,"_zoom":10.349},{"_mousePosition":[683,352.5],"_rootPartCFrame":[758.055,232.864,46.464,0.876,0,-0.482,0,1,0,0.482,0,0.876],"_humanoidState":5,"_cameraCFrame":[757.318,243.674,51.254,0.867,0.449,-0.218,0,0.437,0.9,0.499,-0.78,0.379],"_shiftlockState":true,"_pose":"FreeFall","_animationQueue":[],"_animationSpeed":1,"_zoom":10.349},{"_mousePosition":[683,352.5],"_rootPartCFrame":[757.821,232.815,46.336,0.925,0,-0.379,0,1,0,0.379,0,0.925],"_humanoidState":5,"_cameraCFrame":[757.051,243.633,51.107,0.863,0.456,-0.22,0,0.435,0.9,0.506,-0.777,0.375],"_shiftlockState":true,"_pose":"FreeFall","_animationQueue":[],"_animationSpeed":1,"_zoom":10.349},{"_mousePosition":[683,352.5],"_rootPartCFrame":[757.705,232.771,46.271,0.894,0,-0.447,0,1,0,0.447,0,0.894],"_humanoidState":5,"_cameraCFrame":[756.923,243.595,51.025,0.86,0.459,-0.221,0,0.434,0.901,0.51,-0.775,0.373],"_shiftlockState":true,"_pose":"FreeFall","_animationQueue":[],"_animationSpeed":1,"_zoom":10.349},{"_mousePosition":[683,352.5],"_rootPartCFrame":[757.417,232.599,46.103,0.933,0,-0.36,0,1,0,0.36,0,0.933],"_humanoidState":5,"_cameraCFrame":[756.643,243.431,50.844,0.86,0.46,-0.22,0,0.432,0.902,0.51,-0.776,0.372],"_shiftlockState":true,"_pose":"FreeFall","_animationQueue":[],"_animationSpeed":1,"_zoom":10.349},{"_mousePosition":[683,352.5],"_rootPartCFrame":[757.245,232.455,46.001,0.907,0,-0.421,0,1,0,0.421,0,0.907],"_humanoidState":5,"_cameraCFrame":[756.497,243.298,50.725,0.862,0.458,-0.218,0,0.43,0.903,0.507,-0.778,0.371],"_shiftlockState":true,"_pose":"FreeFall","_animationQueue":[],"_animationSpeed":1,"_zoom":10.349},{"_mousePosition":[683,352.5],"_rootPartCFrame":[756.958,232.148,45.831,0.934,0,-0.357,0,1,0,0.357,0,0.934],"_humanoidState":5,"_cameraCFrame":[756.266,243.001,50.543,0.867,0.451,-0.213,0,0.428,0.904,0.499,-0.783,0.371],"_shiftlockState":true,"_pose":"FreeFall","_animationQueue":[],"_animationSpeed":1,"_zoom":10.349},{"_mousePosition":[683,352.5],"_rootPartCFrame":[756.728,231.84,45.696,0.925,0,-0.379,0,1,0,0.379,0,0.925],"_humanoidState":5,"_cameraCFrame":[756.083,242.701,50.401,0.871,0.445,-0.21,0,0.427,0.904,0.492,-0.788,0.371],"_shiftlockState":true,"_pose":"FreeFall","_animationQueue":[["fall",0.3]],"_animationSpeed":1,"_zoom":10.349},{"_mousePosition":[683,352.5],"_rootPartCFrame":[756.497,231.478,45.563,0.928,0,-0.371,0,1,0,0.371,0,0.928],"_humanoidState":5,"_cameraCFrame":[755.861,242.339,50.269,0.872,0.443,-0.209,0,0.427,0.904,0.49,-0.789,0.372],"_shiftlockState":true,"_pose":"FreeFall","_animationQueue":[],"_animationSpeed":1,"_zoom":10.349},{"_mousePosition":[683,352.5],"_rootPartCFrame":[756.323,231.171,45.465,0.916,0,-0.4,0,1,0,0.4,0,0.916],"_humanoidState":5,"_cameraCFrame":[755.687,242.032,50.17,0.872,0.443,-0.209,0,0.427,0.904,0.49,-0.789,0.372],"_shiftlockState":true,"_pose":"FreeFall","_animationQueue":[],"_animationSpeed":1,"_zoom":10.349},{"_mousePosition":[683,352.5],"_rootPartCFrame":[756.032,230.591,45.302,0.941,0,-0.338,0,1,0,0.338,0,0.941],"_humanoidState":5,"_cameraCFrame":[755.396,241.451,50.007,0.872,0.443,-0.209,0,0.427,0.904,0.49,-0.789,0.372],"_shiftlockState":true,"_pose":"FreeFall","_animationQueue":[],"_animationSpeed":1,"_zoom":10.349},{"_mousePosition":[683,352.5],"_rootPartCFrame":[755.858,230.202,45.204,0.916,0,-0.4,0,1,0,0.4,0,0.916],"_humanoidState":5,"_cameraCFrame":[755.217,241.062,49.909,0.871,0.444,-0.209,0,0.427,0.904,0.491,-0.788,0.372],"_shiftlockState":true,"_pose":"FreeFall","_animationQueue":[],"_animationSpeed":1,"_zoom":10.349},{"_mousePosition":[683,352.5],"_rootPartCFrame":[755.567,229.485,45.041,0.941,0,-0.339,0,1,0,0.339,0,0.941],"_humanoidState":5,"_cameraCFrame":[754.933,240.342,49.754,0.872,0.442,-0.209,0,0.427,0.904,0.489,-0.789,0.373],"_shiftlockState":true,"_pose":"FreeFall","_animationQueue":[],"_animationSpeed":1,"_zoom":10.349},{"_mousePosition":[683,352.5],"_rootPartCFrame":[755.354,228.851,44.895,0.922,0,-0.387,0,1,0,0.387,0,0.922],"_humanoidState":5,"_cameraCFrame":[754.829,239.694,49.65,0.885,0.42,-0.2,0,0.43,0.903,0.466,-0.799,0.381],"_shiftlockState":true,"_pose":"FreeFall","_animationQueue":[["fall",0.3],["fall",0]],"_animationSpeed":1,"_zoom":10.349},{"_mousePosition":[683,352.5],"_rootPartCFrame":[755.132,227.981,44.679,0.937,0,-0.348,0,1,0,0.348,0,0.937],"_humanoidState":5,"_cameraCFrame":[754.857,238.795,49.51,0.91,0.373,-0.181,0,0.436,0.9,0.414,-0.819,0.397],"_shiftlockState":true,"_pose":"FreeFall","_animationQueue":[],"_animationSpeed":1,"_zoom":10.349},{"_mousePosition":[683,352.5],"_rootPartCFrame":[755.055,227.957,44.591,0.92,0,-0.393,0,1,0,0.393,0,0.92],"_humanoidState":12,"_cameraCFrame":[755.357,238.674,49.603,0.957,0.26,-0.133,0,0.455,0.891,0.292,-0.852,0.435],"_shiftlockState":true,"_pose":"Climbing","_animationQueue":[["walk",0.1],["fall",0.3],["climb",0.1],["climb",0]],"_animationSpeed":-3.615,"_zoom":10.349},{"_mousePosition":[683,352.5],"_rootPartCFrame":[754.894,228.172,44.406,0.96,0,-0.281,0,1,0,0.281,0,0.96],"_humanoidState":12,"_cameraCFrame":[755.929,238.712,49.637,0.99,0.121,-0.067,0,0.487,0.874,0.138,-0.865,0.482],"_shiftlockState":true,"_pose":"Climbing","_animationQueue":[["climb",0.1]],"_animationSpeed":0.294,"_zoom":10.349},{"_mousePosition":[683,352.5],"_rootPartCFrame":[754.793,228.358,44.291,0.99,0,-0.138,0,1,0,0.138,0,0.99],"_humanoidState":12,"_cameraCFrame":[756.71,238.649,49.697,1,-0.026,0.016,0,0.528,0.849,-0.031,-0.849,0.528],"_shiftlockState":true,"_pose":"Climbing","_animationQueue":[["climb",0.1]],"_animationSpeed":0.929,"_zoom":10.349},{"_mousePosition":[683,352.5],"_rootPartCFrame":[754.719,228.545,44.206,1,0,0.031,0,1,0,-0.031,0,1],"_humanoidState":12,"_cameraCFrame":[757.08,238.687,49.675,0.994,-0.091,0.06,0,0.55,0.835,-0.109,-0.83,0.547],"_shiftlockState":true,"_pose":"Climbing","_animationQueue":[["climb",0]],"_animationSpeed":0.929,"_zoom":10.349},{"_mousePosition":[683,352.5],"_rootPartCFrame":[754.671,228.731,44.151,0.523,0,-0.852,0,1,0,0.852,0,0.523],"_humanoidState":12,"_cameraCFrame":[750.607,238.773,48.698,0.523,0.703,-0.481,0,0.565,0.825,0.852,-0.432,0.295],"_shiftlockState":true,"_pose":"Climbing","_animationQueue":[["climb",0]],"_animationSpeed":0.929,"_zoom":10.349},{"_mousePosition":[683,352.5],"_rootPartCFrame":[754.037,229.425,44.773,0.532,0.006,-0.847,-0.035,0.999,-0.015,0.846,0.038,0.531],"_humanoidState":3,"_cameraCFrame":[749.982,239.466,49.377,0.523,0.703,-0.481,0,0.565,0.825,0.852,-0.432,0.295],"_shiftlockState":true,"_pose":"Jumping","_animationQueue":[["climb",0.1],["jump",0.1]],"_animationSpeed":1,"_zoom":10.349},{"_mousePosition":[683,352.5],"_rootPartCFrame":[753.543,230.061,44.986,0.599,0.006,-0.801,-0.022,1,-0.009,0.8,0.024,0.599],"_humanoidState":5,"_cameraCFrame":[749.488,240.103,49.569,0.523,0.703,-0.481,0,0.565,0.825,0.852,-0.432,0.295],"_shiftlockState":true,"_pose":"FreeFall","_animationQueue":[["jump",0.1]],"_animationSpeed":1,"_zoom":10.349},{"_mousePosition":[683,352.5],"_rootPartCFrame":[753.18,230.502,45.118,0.602,0.001,-0.798,-0.009,1,-0.005,0.798,0.01,0.602],"_humanoidState":5,"_cameraCFrame":[749.118,240.544,49.68,0.523,0.703,-0.481,0,0.565,0.825,0.852,-0.432,0.295],"_shiftlockState":true,"_pose":"FreeFall","_animationQueue":[],"_animationSpeed":1,"_zoom":10.349},{"_mousePosition":[683,352.5],"_rootPartCFrame":[752.713,231.042,45.269,0.631,-0.001,-0.776,-0.001,1,-0.001,0.776,0.001,0.631],"_humanoidState":5,"_cameraCFrame":[748.647,241.084,49.818,0.523,0.703,-0.481,0,0.565,0.825,0.852,-0.432,0.295],"_shiftlockState":true,"_pose":"FreeFall","_animationQueue":[],"_animationSpeed":1,"_zoom":10.349},{"_mousePosition":[683,352.5],"_rootPartCFrame":[752.154,231.641,45.42,0.657,0,-0.754,0.001,1,0,0.754,-0.001,0.657],"_humanoidState":5,"_cameraCFrame":[748.089,241.683,49.966,0.523,0.703,-0.481,0,0.565,0.825,0.852,-0.432,0.295],"_shiftlockState":true,"_pose":"FreeFall","_animationQueue":[],"_animationSpeed":1,"_zoom":10.349},{"_mousePosition":[683,352.5],"_rootPartCFrame":[751.833,231.959,45.489,0.605,0,-0.796,0,1,0,0.796,0,0.605],"_humanoidState":5,"_cameraCFrame":[747.769,242.001,50.036,0.523,0.703,-0.481,0,0.565,0.825,0.852,-0.432,0.295],"_shiftlockState":true,"_pose":"FreeFall","_animationQueue":[],"_animationSpeed":1,"_zoom":10.349},{"_mousePosition":[683,352.5],"_rootPartCFrame":[751.422,232.337,45.557,0.523,0,-0.852,0,1,0,0.852,0,0.523],"_humanoidState":5,"_cameraCFrame":[747.502,242.356,50.272,0.555,0.685,-0.473,0,0.568,0.823,0.832,-0.456,0.315],"_shiftlockState":true,"_pose":"FreeFall","_animationQueue":[],"_animationSpeed":1,"_zoom":10.349},{"_mousePosition":[683,352.5],"_rootPartCFrame":[750.945,232.732,45.605,0.581,0,-0.814,0,1,0,0.814,0,0.581],"_humanoidState":5,"_cameraCFrame":[747.553,242.677,50.834,0.652,0.618,-0.438,0,0.578,0.816,0.758,-0.532,0.377],"_shiftlockState":true,"_pose":"FreeFall","_animationQueue":[],"_animationSpeed":1,"_zoom":10.349},{"_mousePosition":[683,352.5],"_rootPartCFrame":[750.599,232.987,45.617,0.728,0,-0.685,0,1,0,0.685,0,0.728],"_humanoidState":5,"_cameraCFrame":[747.572,242.863,51.17,0.711,0.569,-0.413,0,0.587,0.809,0.703,-0.576,0.418],"_shiftlockState":true,"_pose":"FreeFall","_animationQueue":[],"_animationSpeed":1,"_zoom":10.349},{"_mousePosition":[683,352.5],"_rootPartCFrame":[750.36,233.142,45.61,0.76,0,-0.65,0,1,0,0.65,0,0.76],"_humanoidState":5,"_cameraCFrame":[747.733,242.925,51.498,0.768,0.512,-0.384,0,0.6,0.8,0.64,-0.615,0.461],"_shiftlockState":true,"_pose":"FreeFall","_animationQueue":[],"_animationSpeed":1,"_zoom":10.349},{"_mousePosition":[683,352.5],"_rootPartCFrame":[750.069,233.302,45.58,0.825,0,-0.565,0,1,0,0.565,0,0.825],"_humanoidState":5,"_cameraCFrame":[747.906,242.973,51.802,0.823,0.448,-0.348,0,0.614,0.79,0.567,-0.65,0.505],"_shiftlockState":true,"_pose":"FreeFall","_animationQueue":[],"_animationSpeed":1,"_zoom":10.349},{"_mousePosition":[683,352.5],"_rootPartCFrame":[749.747,233.424,45.505,0.884,0,-0.468,0,1,0,0.468,0,0.884],"_humanoidState":5,"_cameraCFrame":[748.016,243.008,51.973,0.865,0.392,-0.314,0,0.624,0.781,0.502,-0.675,0.54],"_shiftlockState":true,"_pose":"FreeFall","_animationQueue":[["fall",0.3]],"_animationSpeed":1,"_zoom":10.349},{"_mousePosition":[683,352.5],"_rootPartCFrame":[749.523,233.461,45.415,0.908,0,-0.419,0,1,0,0.419,0,0.908],"_humanoidState":5,"_cameraCFrame":[748.313,242.955,52.109,0.905,0.328,-0.27,0,0.635,0.772,0.425,-0.699,0.575],"_shiftlockState":true,"_pose":"FreeFall","_animationQueue":[],"_animationSpeed":1,"_zoom":10.349},{"_mousePosition":[683,352.5],"_rootPartCFrame":[749.325,233.444,45.297,0.941,0,-0.339,0,1,0,0.339,0,0.941],"_humanoidState":5,"_cameraCFrame":[748.682,242.857,52.161,0.939,0.262,-0.221,0,0.644,0.765,0.343,-0.718,0.605],"_shiftlockState":true,"_pose":"FreeFall","_animationQueue":[],"_animationSpeed":1,"_zoom":10.349},{"_mousePosition":[683,352.5],"_rootPartCFrame":[749.154,233.372,45.148,0.967,0,-0.254,0,1,0,0.254,0,0.967],"_humanoidState":5,"_cameraCFrame":[749.092,242.704,52.134,0.966,0.196,-0.169,0,0.654,0.757,0.259,-0.731,0.631],"_shiftlockState":true,"_pose":"FreeFall","_animationQueue":[],"_animationSpeed":1,"_zoom":10.349},{"_mousePosition":[683,352.5],"_rootPartCFrame":[749.04,233.282,45.014,0.982,0,-0.191,0,1,0,0.191,0,0.982],"_humanoidState":5,"_cameraCFrame":[749.549,242.548,52.056,0.984,0.133,-0.117,0,0.661,0.75,0.177,-0.739,0.65],"_shiftlockState":true,"_pose":"FreeFall","_animationQueue":[],"_animationSpeed":1,"_zoom":10.349},{"_mousePosition":[683,352.5],"_rootPartCFrame":[748.9,233.114,44.805,0.996,0,-0.085,0,1,0,0.085,0,0.996],"_humanoidState":5,"_cameraCFrame":[749.903,242.326,51.854,0.994,0.08,-0.071,0,0.667,0.745,0.107,-0.741,0.663],"_shiftlockState":true,"_pose":"FreeFall","_animationQueue":[],"_animationSpeed":1,"_zoom":10.349},{"_mousePosition":[683,352.5],"_rootPartCFrame":[748.71,232.828,44.555,0.999,0,0.046,0,1,0,-0.046,0,0.999],"_humanoidState":5,"_cameraCFrame":[750.076,241.984,51.604,0.999,0.04,-0.037,0,0.673,0.74,0.055,-0.739,0.672],"_shiftlockState":true,"_pose":"FreeFall","_animationQueue":[["fall",0.3]],"_animationSpeed":1,"_zoom":10.349},{"_mousePosition":[683,352.5],"_rootPartCFrame":[748.562,232.95,44.389,1,0,-0.014,0,1,0,0.014,0,1],"_humanoidState":12,"_cameraCFrame":[750.111,242.066,51.443,1,0.021,-0.019,0,0.677,0.736,0.029,-0.736,0.677],"_shiftlockState":true,"_pose":"Climbing","_animationQueue":[["walk",0.1],["fall",0.3],["climb",0.1],["climb",0]],"_animationSpeed":-1.28,"_zoom":10.349},{"_mousePosition":[683,352.5],"_rootPartCFrame":[748.406,233.714,44.855,1,0,-0.013,0,1,0,0.013,0,1],"_humanoidState":3,"_cameraCFrame":[749.992,242.824,51.907,1,0.017,-0.016,0,0.678,0.735,0.023,-0.735,0.677],"_shiftlockState":true,"_pose":"Jumping","_animationQueue":[["climb",0.1],["jump",0.1]],"_animationSpeed":1,"_zoom":10.349},{"_mousePosition":[683,352.5],"_rootPartCFrame":[748.245,234.424,45.297,0.997,0,0.073,0,1,0,-0.073,0,0.997],"_humanoidState":5,"_cameraCFrame":[749.676,243.534,52.382,0.999,0.033,-0.031,0,0.678,0.735,0.045,-0.735,0.677],"_shiftlockState":true,"_pose":"FreeFall","_animationQueue":[["jump",0.1]],"_animationSpeed":1,"_zoom":10.349},{"_mousePosition":[683,352.5],"_rootPartCFrame":[748.118,234.92,45.603,0.999,0,0.051,0,1,0,-0.051,0,0.999],"_humanoidState":5,"_cameraCFrame":[749.085,244.025,52.772,0.994,0.081,-0.075,0,0.678,0.735,0.11,-0.73,0.674],"_shiftlockState":true,"_pose":"FreeFall","_animationQueue":[],"_animationSpeed":1,"_zoom":10.349},{"_mousePosition":[683,352.5],"_rootPartCFrame":[747.895,235.68,46.064,0.998,0,0.055,0,1,0,-0.055,0,0.998],"_humanoidState":5,"_cameraCFrame":[748.081,244.767,53.314,0.976,0.159,-0.147,0,0.68,0.733,0.216,-0.716,0.664],"_shiftlockState":true,"_pose":"FreeFall","_animationQueue":[],"_animationSpeed":1,"_zoom":10.349},{"_mousePosition":[683,352.5],"_rootPartCFrame":[747.708,236.226,46.39,0.996,0,-0.085,0,1,0,0.085,0,0.996],"_humanoidState":5,"_cameraCFrame":[746.868,245.308,53.599,0.936,0.258,-0.239,0,0.681,0.733,0.352,-0.686,0.637],"_shiftlockState":true,"_pose":"FreeFall","_animationQueue":[],"_animationSpeed":1,"_zoom":10.349},{"_mousePosition":[683,352.5],"_rootPartCFrame":[747.512,236.718,46.677,0.975,0,-0.224,0,1,0,0.224,0,0.975],"_humanoidState":5,"_cameraCFrame":[745.694,245.828,53.673,0.878,0.352,-0.324,0,0.678,0.735,0.478,-0.646,0.595],"_shiftlockState":true,"_pose":"FreeFall","_animationQueue":[],"_animationSpeed":1,"_zoom":10.349},{"_mousePosition":[683,352.5],"_rootPartCFrame":[747.361,237.051,46.866,0.922,0,-0.388,0,1,0,0.388,0,0.922],"_humanoidState":5,"_cameraCFrame":[744.773,246.24,53.525,0.815,0.431,-0.388,0,0.669,0.743,0.58,-0.605,0.545],"_shiftlockState":true,"_pose":"FreeFall","_animationQueue":[],"_animationSpeed":1,"_zoom":10.349},{"_mousePosition":[683,352.5],"_rootPartCFrame":[747.105,237.538,47.132,0.9,0,-0.436,0,1,0,0.436,0,0.9],"_humanoidState":5,"_cameraCFrame":[744.028,246.799,53.493,0.764,0.484,-0.427,0,0.662,0.75,0.645,-0.573,0.506],"_shiftlockState":true,"_pose":"FreeFall","_animationQueue":[],"_animationSpeed":1,"_zoom":10.349},{"_mousePosition":[683,352.5],"_rootPartCFrame":[746.897,237.866,47.3,0.726,0,-0.688,0,1,0,0.688,0,0.726],"_humanoidState":5,"_cameraCFrame":[743.743,247.234,53.489,0.748,0.505,-0.431,0,0.65,0.76,0.664,-0.569,0.486],"_shiftlockState":true,"_pose":"FreeFall","_animationQueue":[["jump",0.1],["fall",0.3]],"_animationSpeed":1,"_zoom":10.349},{"_mousePosition":[683,352.5],"_rootPartCFrame":[746.639,238.2,47.454,0.848,0,-0.531,0,1,0,0.531,0,0.848],"_humanoidState":5,"_cameraCFrame":[743.704,247.616,53.69,0.767,0.491,-0.413,0,0.644,0.765,0.642,-0.587,0.494],"_shiftlockState":true,"_pose":"FreeFall","_animationQueue":[],"_animationSpeed":1,"_zoom":10.349},{"_mousePosition":[683,352.5],"_rootPartCFrame":[746.485,238.359,47.517,0.827,0,-0.562,0,1,0,0.562,0,0.827],"_humanoidState":5,"_cameraCFrame":[743.846,247.829,53.817,0.793,0.47,-0.389,0,0.638,0.77,0.61,-0.61,0.506],"_shiftlockState":true,"_pose":"FreeFall","_animationQueue":[],"_animationSpeed":1,"_zoom":10.349},{"_mousePosition":[683,352.5],"_rootPartCFrame":[746.28,238.524,47.567,0.867,0,-0.499,0,1,0,0.499,0,0.867],"_humanoidState":5,"_cameraCFrame":[743.944,248.047,53.918,0.817,0.447,-0.364,0,0.632,0.775,0.576,-0.634,0.516],"_shiftlockState":true,"_pose":"FreeFall","_animationQueue":[],"_animationSpeed":1,"_zoom":10.349},{"_mousePosition":[683,352.5],"_rootPartCFrame":[746.074,238.634,47.576,0.887,0,-0.462,0,1,0,0.462,0,0.887],"_humanoidState":5,"_cameraCFrame":[744.082,248.209,53.978,0.844,0.418,-0.335,0,0.625,0.78,0.536,-0.659,0.528],"_shiftlockState":true,"_pose":"FreeFall","_animationQueue":[],"_animationSpeed":1,"_zoom":10.349},{"_mousePosition":[683,352.5],"_rootPartCFrame":[745.813,238.695,47.532,0.921,0,-0.389,0,1,0,0.389,0,0.921],"_humanoidState":5,"_cameraCFrame":[744.268,248.338,53.972,0.876,0.379,-0.297,0,0.617,0.787,0.482,-0.689,0.541],"_shiftlockState":true,"_pose":"FreeFall","_animationQueue":[],"_animationSpeed":1,"_zoom":10.349},{"_mousePosition":[683,352.5],"_rootPartCFrame":[745.599,238.683,47.453,0.898,0,-0.439,0,1,0,0.439,0,0.898],"_humanoidState":5,"_cameraCFrame":[744.242,248.487,53.727,0.883,0.377,-0.28,0,0.597,0.802,0.47,-0.708,0.527],"_shiftlockState":true,"_pose":"FreeFall","_animationQueue":[["fall",0.3],["fall",0.3]],"_animationSpeed":1,"_zoom":10.349},{"_mousePosition":[683,352.5],"_rootPartCFrame":[745.426,238.638,47.372,0.867,0,-0.498,0,1,0,0.498,0,0.867],"_humanoidState":5,"_cameraCFrame":[744.447,248.736,53.312,0.897,0.368,-0.246,0,0.557,0.831,0.442,-0.745,0.499],"_shiftlockState":true,"_pose":"FreeFall","_animationQueue":[],"_animationSpeed":1,"_zoom":10.349},{"_mousePosition":[683,352.5],"_rootPartCFrame":[745.136,238.495,47.21,0.958,0,-0.288,0,1,0,0.288,0,0.958],"_humanoidState":5,"_cameraCFrame":[744.502,248.707,53.028,0.