[{"_mousePosition":[1223,369],"_rootPartCFrame":[776.025,222.952,47.142,0.001,0.003,1,0,1,-0.003,-1,0,0.001],"_humanoidState":8,"_cameraCFrame":[778.241,242.999,33.664,-0.987,-0.13,0.096,0,0.593,0.805,-0.162,0.795,-0.585],"_shiftlockState":false,"_pose":"Standing","_animationQueue":[],"_animationSpeed":1,"_zoom":23.034},{"_mousePosition":[1227,371],"_rootPartCFrame":[775.908,222.893,47.123,0.013,0.001,1,0,1,-0.001,-1,0,0.013],"_humanoidState":8,"_cameraCFrame":[778.122,242.94,33.644,-0.987,-0.13,0.096,0,0.593,0.805,-0.162,0.795,-0.585],"_shiftlockState":false,"_pose":"Standing","_animationQueue":[],"_animationSpeed":1,"_zoom":23.034},{"_mousePosition":[1234,377],"_rootPartCFrame":[775.781,222.833,47.102,0.023,0,1,0,1,0,-1,0,0.023],"_humanoidState":8,"_cameraCFrame":[777.994,242.88,33.624,-0.987,-0.13,0.096,0,0.593,0.805,-0.162,0.795,-0.585],"_shiftlockState":false,"_pose":"Running","_animationQueue":[["walk",0.1]],"_animationSpeed":0.839,"_zoom":23.034},{"_mousePosition":[1239,383],"_rootPartCFrame":[775.519,222.673,47.059,0.042,0,0.999,0,1,0,-0.999,0,0.042],"_humanoidState":8,"_cameraCFrame":[777.731,242.72,33.58,-0.987,-0.13,0.096,0,0.593,0.805,-0.162,0.795,-0.585],"_shiftlockState":false,"_pose":"Running","_animationQueue":[["walk",0.1]],"_animationSpeed":1.066,"_zoom":23.034},{"_mousePosition":[1249,398],"_rootPartCFrame":[775.256,222.653,47.016,0.058,0,0.998,0,1,0,-0.998,0,0.058],"_humanoidState":8,"_cameraCFrame":[777.468,242.7,33.537,-0.987,-0.13,0.096,0,0.593,0.805,-0.162,0.795,-0.585],"_shiftlockState":false,"_pose":"Running","_animationQueue":[],"_animationSpeed":1.066,"_zoom":23.034},{"_mousePosition":[1254,404],"_rootPartCFrame":[774.993,222.669,46.973,0.072,0,0.997,0,1,0,-0.997,0,0.072],"_humanoidState":8,"_cameraCFrame":[777.205,242.717,33.494,-0.987,-0.13,0.096,0,0.593,0.805,-0.162,0.795,-0.585],"_shiftlockState":false,"_pose":"Running","_animationQueue":[],"_animationSpeed":1.066,"_zoom":23.034},{"_mousePosition":[1264,418],"_rootPartCFrame":[774.73,222.683,46.929,0.084,0,0.996,0,1,0,-0.996,0,0.084],"_humanoidState":8,"_cameraCFrame":[776.941,242.73,33.451,-0.987,-0.13,0.096,0,0.593,0.805,-0.162,0.795,-0.585],"_shiftlockState":false,"_pose":"Running","_animationQueue":[],"_animationSpeed":1.066,"_zoom":23.034},{"_mousePosition":[1271,426],"_rootPartCFrame":[774.466,222.69,46.886,0.095,0,0.995,0,1,0,-0.995,0,0.095],"_humanoidState":8,"_cameraCFrame":[774.951,242.738,33.124,-0.987,-0.13,0.096,0,0.593,0.805,-0.162,0.795,-0.585],"_shiftlockState":true,"_pose":"Running","_animationQueue":[],"_animationSpeed":1.066,"_zoom":23.034},{"_mousePosition":[683,384],"_rootPartCFrame":[774.072,222.696,46.821,-1,0,0.023,0,1,0,-0.023,0,-1],"_humanoidState":8,"_cameraCFrame":[774.557,242.743,33.06,-0.987,-0.13,0.096,0,0.593,0.805,-0.162,0.795,-0.585],"_shiftlockState":true,"_pose":"Running","_animationQueue":[["walk",0.1]],"_animationSpeed":1.066,"_zoom":23.034},{"_mousePosition":[683,384],"_rootPartCFrame":[773.94,222.697,46.8,-0.988,0,0.158,0,1,0,-0.158,0,-0.988],"_humanoidState":8,"_cameraCFrame":[774.633,242.951,33.331,-0.984,-0.147,0.105,0,0.581,0.814,-0.181,0.801,-0.571],"_shiftlockState":true,"_pose":"Running","_animationQueue":[],"_animationSpeed":1.066,"_zoom":23.034},{"_mousePosition":[683,384],"_rootPartCFrame":[773.677,222.698,46.757,-0.984,0,0.18,0,1,0,-0.18,0,-0.984],"_humanoidState":8,"_cameraCFrame":[774.605,243.208,33.665,-0.979,-0.168,0.115,0,0.565,0.825,-0.203,0.808,-0.553],"_shiftlockState":true,"_pose":"Running","_animationQueue":[],"_animationSpeed":1.066,"_zoom":23.034},{"_mousePosition":[683,384],"_rootPartCFrame":[773.414,222.699,46.709,-0.979,0,0.203,0,1,0,-0.203,0,-0.979],"_humanoidState":8,"_cameraCFrame":[774.544,243.467,34.017,-0.974,-0.188,0.123,0,0.548,0.837,-0.225,0.815,-0.534],"_shiftlockState":true,"_pose":"Running","_animationQueue":[],"_animationSpeed":1.066,"_zoom":23.034},{"_mousePosition":[683,384],"_rootPartCFrame":[773.153,222.699,46.655,-0.974,0,0.225,0,1,0,-0.225,0,-0.974],"_humanoidState":8,"_cameraCFrame":[774.449,243.728,34.384,-0.97,-0.208,0.13,0,0.53,0.848,-0.245,0.822,-0.514],"_shiftlockState":true,"_pose":"Running","_animationQueue":[],"_animationSpeed":1.066,"_zoom":23.034},{"_mousePosition":[683,384],"_rootPartCFrame":[772.893,222.699,46.596,-0.97,0,0.245,0,1,0,-0.245,0,-0.97],"_humanoidState":8,"_cameraCFrame":[774.253,244.027,34.821,-0.966,-0.224,0.132,0,0.509,0.861,-0.26,0.831,-0.491],"_shiftlockState":true,"_pose":"Running","_animationQueue":[],"_animationSpeed":1.066,"_zoom":23.034},{"_mousePosition":[683,384],"_rootPartCFrame":[772.635,222.7,46.531,-0.966,0,0.26,0,1,0,-0.26,0,-0.966],"_humanoidState":8,"_cameraCFrame":[773.92,243.936,35.433,-0.963,-0.235,0.131,0,0.488,0.873,-0.269,0.841,-0.47],"_shiftlockState":true,"_pose":"Running","_animationQueue":[],"_animationSpeed":1.066,"_zoom":18.027},{"_mousePosition":[683,384],"_rootPartCFrame":[772.248,222.7,46.427,-0.963,0,0.269,0,1,0,-0.269,0,-0.963],"_humanoidState":8,"_cameraCFrame":[773.414,243.465,35.959,-0.962,-0.241,0.13,0,0.475,0.88,-0.274,0.846,-0.456],"_shiftlockState":true,"_pose":"Running","_animationQueue":[["walk",0.1]],"_animationSpeed":1.066,"_zoom":18.027},{"_mousePosition":[683,384],"_rootPartCFrame":[771.992,222.7,46.356,-0.962,0,0.274,0,1,0,-0.274,0,-0.962],"_humanoidState":8,"_cameraCFrame":[772.991,242.842,36.546,-0.961,-0.245,0.128,0,0.462,0.887,-0.276,0.852,-0.444],"_shiftlockState":true,"_pose":"Running","_animationQueue":[],"_animationSpeed":1.066,"_zoom":18.027},{"_mousePosition":[683,384],"_rootPartCFrame":[771.799,222.7,46.301,-0.961,0,0.276,0,1,0,-0.276,0,-0.961],"_humanoidState":8,"_cameraCFrame":[772.671,242.279,36.969,-0.961,-0.247,0.126,0,0.454,0.891,-0.277,0.856,-0.436],"_shiftlockState":true,"_pose":"Running","_animationQueue":[],"_animationSpeed":1.066,"_zoom":18.027},{"_mousePosition":[683,384],"_rootPartCFrame":[771.543,222.7,46.228,-0.961,0,0.277,0,1,0,-0.277,0,-0.961],"_humanoidState":8,"_cameraCFrame":[772.305,241.778,37.277,-0.961,-0.248,0.124,0,0.448,0.894,-0.277,0.859,-0.431],"_shiftlockState":true,"_pose":"Running","_animationQueue":[],"_animationSpeed":1.066,"_zoom":18.027},{"_mousePosition":[683,384],"_rootPartCFrame":[771.287,222.7,46.154,-0.961,0,0.276,0,1,0,-0.276,0,-0.961],"_humanoidState":8,"_cameraCFrame":[771.649,240.105,38.223,-0.964,-0.238,0.116,0,0.438,0.899,-0.265,0.867,-0.422],"_shiftlockState":true,"_pose":"Running","_animationQueue":[["walk",0.1]],"_animationSpeed":1.066,"_zoom":14.022},{"_mousePosition":[683,384],"_rootPartCFrame":[770.903,222.695,46.043,-0.964,0,0.265,0,1,0,-0.265,0,-0.964],"_humanoidState":8,"_cameraCFrame":[771.102,239.546,38.473,-0.967,-0.231,0.111,0,0.433,0.902,-0.257,0.871,-0.418],"_shiftlockState":true,"_pose":"Running","_animationQueue":[],"_animationSpeed":1.066,"_zoom":14.022},{"_mousePosition":[683,384],"_rootPartCFrame":[770.71,222.697,45.99,-0.967,0,0.257,0,1,0,-0.257,0,-0.967],"_humanoidState":8,"_cameraCFrame":[770.75,238.768,38.851,-0.968,-0.226,0.107,0,0.429,0.903,-0.251,0.874,-0.415],"_shiftlockState":true,"_pose":"Running","_animationQueue":[],"_animationSpeed":1.066,"_zoom":10.817},{"_mousePosition":[683,384],"_rootPartCFrame":[770.388,222.698,45.904,-0.968,0,0.251,0,1,0,-0.251,0,-0.968],"_humanoidState":8,"_cameraCFrame":[770.244,237.773,39.289,-0.97,-0.22,0.104,0,0.425,0.905,-0.243,0.878,-0.413],"_shiftlockState":true,"_pose":"Running","_animationQueue":[],"_animationSpeed":1.066,"_zoom":10.817},{"_mousePosition":[683,384],"_rootPartCFrame":[770.194,222.699,45.854,-0.97,0,0.243,0,1,0,-0.243,0,-0.97],"_humanoidState":8,"_cameraCFrame":[769.896,236.845,39.699,-0.971,-0.215,0.1,0,0.423,0.906,-0.237,0.88,-0.411],"_shiftlockState":true,"_pose":"Running","_animationQueue":[["walk",0.1]],"_animationSpeed":1.066,"_zoom":10.817},{"_mousePosition":[683,384],"_rootPartCFrame":[769.936,222.699,45.788,-0.971,0,0.237,0,1,0,-0.237,0,-0.971],"_humanoidState":8,"_cameraCFrame":[769.486,236.093,40.037,-0.974,-0.207,0.096,0,0.42,0.908,-0.228,0.884,-0.409],"_shiftlockState":true,"_pose":"Running","_animationQueue":[],"_animationSpeed":1.066,"_zoom":10.817},{"_mousePosition":[683,384],"_rootPartCFrame":[769.677,222.665,45.724,-0.974,0,0.228,0,1,0,-0.228,0,-0.974],"_humanoidState":8,"_cameraCFrame":[769.108,235.48,40.29,-0.975,-0.2,0.092,0,0.416,0.909,-0.22,0.887,-0.406],"_shiftlockState":true,"_pose":"Running","_animationQueue":[],"_animationSpeed":1.066,"_zoom":10.817},{"_mousePosition":[683,384],"_rootPartCFrame":[769.289,222.513,45.626,-0.975,0,0.22,0,1,0,-0.22,0,-0.975],"_humanoidState":8,"_cameraCFrame":[768.628,234.929,40.438,-0.977,-0.194,0.088,0,0.412,0.911,-0.213,0.891,-0.402],"_shiftlockState":true,"_pose":"Running","_animationQueue":[],"_animationSpeed":1.066,"_zoom":10.817},{"_mousePosition":[683,384],"_rootPartCFrame":[769.095,223.172,45.577,-0.977,0,0.213,0,1,0,-0.213,0,-0.977],"_humanoidState":3,"_cameraCFrame":[768.349,235.288,40.598,-0.979,-0.187,0.083,0,0.406,0.914,-0.205,0.894,-0.398],"_shiftlockState":true,"_pose":"Jumping","_animationQueue":[["walk",0.1],["jump",0.1]],"_animationSpeed":1,"_zoom":10.817},{"_mousePosition":[683,384],"_rootPartCFrame":[768.835,224.007,45.519,-0.956,0,0.294,0,1,0,-0.294,0,-0.956],"_humanoidState":5,"_cameraCFrame":[768.014,235.932,40.709,-0.981,-0.18,0.079,0,0.4,0.916,-0.196,0.898,-0.393],"_shiftlockState":true,"_pose":"FreeFall","_animationQueue":[["jump",0.1]],"_animationSpeed":1,"_zoom":10.817},{"_mousePosition":[683,384],"_rootPartCFrame":[768.639,224.598,45.478,-0.957,0,0.289,0,1,0,-0.289,0,-0.957],"_humanoidState":5,"_cameraCFrame":[767.748,236.394,40.808,-0.982,-0.172,0.074,0,0.395,0.919,-0.187,0.903,-0.388],"_shiftlockState":true,"_pose":"FreeFall","_animationQueue":[],"_animationSpeed":1,"_zoom":10.817},{"_mousePosition":[683,384],"_rootPartCFrame":[768.378,225.339,45.426,-0.949,0,0.315,0,1,0,-0.315,0,-0.949],"_humanoidState":5,"_cameraCFrame":[767.406,237.044,40.891,-0.985,-0.161,0.068,0,0.388,0.922,-0.175,0.908,-0.382],"_shiftlockState":true,"_pose":"FreeFall","_animationQueue":[],"_animationSpeed":1,"_zoom":10.817},{"_mousePosition":[683,384],"_rootPartCFrame":[768.116,226.024,45.375,-0.953,0,0.304,0,1,0,-0.304,0,-0.953],"_humanoidState":5,"_cameraCFrame":[767.078,237.672,40.933,-0.987,-0.151,0.063,0,0.383,0.924,-0.163,0.911,-0.378],"_shiftlockState":true,"_pose":"FreeFall","_animationQueue":[],"_animationSpeed":1,"_zoom":10.817},{"_mousePosition":[683,384],"_rootPartCFrame":[767.854,226.656,45.328,-0.956,0,0.293,0,1,0,-0.293,0,-0.956],"_humanoidState":5,"_cameraCFrame":[766.764,238.267,40.958,-0.988,-0.143,0.059,0,0.38,0.925,-0.154,0.914,-0.375],"_shiftlockState":true,"_pose":"FreeFall","_animationQueue":[],"_animationSpeed":1,"_zoom":10.817},{"_mousePosition":[683,384],"_rootPartCFrame":[767.591,227.232,45.284,-0.959,0,0.284,0,1,0,-0.284,0,-0.959],"_humanoidState":5,"_cameraCFrame":[766.448,238.827,40.98,-0.99,-0.133,0.054,0,0.376,0.927,-0.144,0.917,-0.372],"_shiftlockState":true,"_pose":"FreeFall","_animationQueue":[],"_animationSpeed":1,"_zoom":10.817},{"_mousePosition":[683,384],"_rootPartCFrame":[767.327,227.755,45.243,-0.962,0,0.274,0,1,0,-0.274,0,-0.962],"_humanoidState":5,"_cameraCFrame":[766.134,239.339,40.992,-0.991,-0.124,0.05,0,0.373,0.928,-0.133,0.92,-0.37],"_shiftlockState":true,"_pose":"FreeFall","_animationQueue":[],"_animationSpeed":1,"_zoom":10.817},{"_mousePosition":[683,384],"_rootPartCFrame":[767.063,228.222,45.204,-0.965,0,0.264,0,1,0,-0.264,0,-0.965],"_humanoidState":5,"_cameraCFrame":[765.822,239.801,40.997,-0.992,-0.114,0.046,0,0.371,0.929,-0.123,0.922,-0.368],"_shiftlockState":true,"_pose":"FreeFall","_animationQueue":[],"_animationSpeed":1,"_zoom":10.817},{"_mousePosition":[683,384],"_rootPartCFrame":[766.799,228.636,45.168,-0.967,0,0.254,0,1,0,-0.254,0,-0.967],"_humanoidState":5,"_cameraCFrame":[765.524,240.21,40.99,-0.993,-0.108,0.043,0,0.369,0.929,-0.116,0.923,-0.367],"_shiftlockState":true,"_pose":"FreeFall","_animationQueue":[],"_animationSpeed":1,"_zoom":10.817},{"_mousePosition":[683,384],"_rootPartCFrame":[766.535,228.994,45.135,-0.969,0,0.247,0,1,0,-0.247,0,-0.969],"_humanoidState":5,"_cameraCFrame":[765.219,240.565,40.98,-0.994,-0.099,0.039,0,0.368,0.93,-0.106,0.924,-0.366],"_shiftlockState":true,"_pose":"FreeFall","_animationQueue":[],"_animationSpeed":1,"_zoom":10.817},{"_mousePosition":[683,384],"_rootPartCFrame":[766.27,229.299,45.103,-0.971,0,0.238,0,1,0,-0.238,0,-0.971],"_humanoidState":5,"_cameraCFrame":[764.893,240.864,40.97,-0.996,-0.085,0.034,0,0.368,0.93,-0.092,0.926,-0.367],"_shiftlockState":true,"_pose":"FreeFall","_animationQueue":[],"_animationSpeed":1,"_zoom":10.817},{"_mousePosition":[683,384],"_rootPartCFrame":[766.005,229.549,45.075,-0.975,0,0.223,0,1,0,-0.223,0,-0.975],"_humanoidState":5,"_cameraCFrame":[764.551,241.111,40.97,-0.997,-0.068,0.027,0,0.368,0.93,-0.073,0.927,-0.367],"_shiftlockState":true,"_pose":"FreeFall","_animationQueue":[],"_animationSpeed":1,"_zoom":10.817},{"_mousePosition":[683,384],"_rootPartCFrame":[765.739,229.744,45.05,-0.979,0,0.205,0,1,0,-0.205,0,-0.979],"_humanoidState":5,"_cameraCFrame":[764.192,241.297,40.964,-0.999,-0.047,0.019,0,0.37,0.929,-0.05,0.928,-0.369],"_shiftlockState":true,"_pose":"FreeFall","_animationQueue":[],"_animationSpeed":1,"_zoom":10.817},{"_mousePosition":[683,384],"_rootPartCFrame":[765.473,229.885,45.029,-0.983,0,0.182,0,1,0,-0.182,0,-0.983],"_humanoidState":5,"_cameraCFrame":[763.825,241.421,40.944,-1,-0.023,0.009,0,0.374,0.928,-0.025,0.927,-0.374],"_shiftlockState":true,"_pose":"FreeFall","_animationQueue":[],"_animationSpeed":1,"_zoom":10.817},{"_mousePosition":[683,384],"_rootPartCFrame":[765.207,229.971,45.015,-0.988,0,0.158,0,1,0,-0.158,0,-0.988],"_humanoidState":5,"_cameraCFrame":[763.43,241.476,40.911,-1,0.006,-0.002,0,0.38,0.925,0.006,0.925,-0.38],"_shiftlockState":true,"_pose":"FreeFall","_animationQueue":[["fall",0.3]],"_animationSpeed":1,"_zoom":10.817},{"_mousePosition":[683,384],"_rootPartCFrame":[764.94,230.003,45.007,-0.992,0,0.126,0,1,0,-0.126,0,-0.992],"_humanoidState":5,"_cameraCFrame":[763.046,241.474,40.875,-0.999,0.032,-0.013,0,0.388,0.922,0.035,0.921,-0.388],"_shiftlockState":true,"_pose":"FreeFall","_animationQueue":[],"_animationSpeed":1,"_zoom":10.817},{"_mousePosition":[683,384],"_rootPartCFrame":[764.607,229.966,45.008,-0.991,0,0.131,0,1,0,-0.131,0,-0.991],"_humanoidState":5,"_cameraCFrame":[762.617,241.403,40.838,-0.998,0.052,-0.022,0,0.395,0.919,0.057,0.917,-0.395],"_shiftlockState":true,"_pose":"FreeFall","_animationQueue":[],"_animationSpeed":1,"_zoom":10.817},{"_mousePosition":[683,384],"_rootPartCFrame":[764.407,229.903,45.014,-0.999,0,0.043,0,1,0,-0.043,0,-0.999],"_humanoidState":5,"_cameraCFrame":[762.328,241.298,40.789,-0.997,0.07,-0.031,0,0.404,0.915,0.077,0.912,-0.403],"_shiftlockState":true,"_pose":"FreeFall","_animationQueue":[],"_animationSpeed":1,"_zoom":10.817},{"_mousePosition":[683,384],"_rootPartCFrame":[764.141,229.771,45.028,-0.998,0,0.057,0,1,0,-0.057,0,-0.998],"_humanoidState":5,"_cameraCFrame":[761.965,241.105,40.711,-0.995,0.088,-0.04,0,0.417,0.909,0.096,0.905,-0.415],"_shiftlockState":true,"_pose":"FreeFall","_animationQueue":[],"_animationSpeed":1,"_zoom":10.817},{"_mousePosition":[683,384],"_rootPartCFrame":[763.875,229.585,45.048,-0.999,0,0.037,0,1,0,-0.037,0,-0.999],"_humanoidState":5,"_cameraCFrame":[761.613,240.863,40.65,-0.994,0.102,-0.048,0,0.428,0.904,0.113,0.898,-0.425],"_shiftlockState":true,"_pose":"FreeFall","_animationQueue":[],"_animationSpeed":1,"_zoom":10.817},{"_mousePosition":[683,384],"_rootPartCFrame":[763.56,229.275,45.106,-1,0,0.029,0,1,0,-0.029,0,-1],"_humanoidState":5,"_cameraCFrame":[761.258,240.524,40.662,-0.993,0.108,-0.052,0,0.433,0.901,0.12,0.895,-0.43],"_shiftlockState":true,"_pose":"FreeFall","_animationQueue":[["fall",0.3]],"_animationSpeed":1,"_zoom":10.817},{"_mousePosition":[683,384],"_rootPartCFrame":[763.414,229.049,45.122,-0.999,0,-0.04,0,1,0,0.04,0,-0.999],"_humanoidState":5,"_cameraCFrame":[761.106,240.29,40.664,-0.993,0.109,-0.053,0,0.435,0.9,0.121,0.894,-0.432],"_shiftlockState":true,"_pose":"FreeFall","_animationQueue":[],"_animationSpeed":1,"_zoom":10.817},{"_mousePosition":[683,384],"_rootPartCFrame":[763.257,228.699,45.101,-1,0,-0.015,0,1,0,0.015,0,-1],"_humanoidState":5,"_cameraCFrame":[760.949,239.94,40.644,-0.993,0.109,-0.053,0,0.435,0.9,0.121,0.894,-0.432],"_shiftlockState":true,"_pose":"FreeFall","_animationQueue":[],"_animationSpeed":1,"_zoom":10.817},{"_mousePosition":[683,384],"_rootPartCFrame":[763.115,228.295,45.083,-1,0,-0.017,0,1,0,0.017,0,-1],"_humanoidState":5,"_cameraCFrame":[760.807,239.536,40.626,-0.993,0.109,-0.053,0,0.435,0.9,0.121,0.894,-0.432],"_shiftlockState":true,"_pose":"FreeFall","_animationQueue":[],"_animationSpeed":1,"_zoom":10.817},{"_mousePosition":[683,384],"_rootPartCFrame":[762.959,227.836,45.102,-1,0,-0.017,0,1,0,0.017,0,-1],"_humanoidState":5,"_cameraCFrame":[760.651,239.077,40.645,-0.993,0.109,-0.053,0,0.435,0.9,0.121,0.894,-0.432],"_shiftlockState":true,"_pose":"FreeFall","_animationQueue":[],"_animationSpeed":1,"_zoom":10.817},{"_mousePosition":[683,384],"_rootPartCFrame":[762.819,227.323,45.099,-1,0,-0.017,0,1,0,0.017,0,-1],"_humanoidState":5,"_cameraCFrame":[760.521,238.548,40.603,-0.993,0.106,-0.052,0,0.438,0.899,0.118,0.893,-0.435],"_shiftlockState":true,"_pose":"FreeFall","_animationQueue":[],"_animationSpeed":1,"_zoom":10.817},{"_mousePosition":[683,384],"_rootPartCFrame":[762.663,226.755,45.124,-1,0,-0.014,0,1,0,0.014,0,-1],"_humanoidState":5,"_cameraCFrame":[760.677,237.778,40.079,-0.999,0.041,-0.022,0,0.474,0.88,0.046,0.879,-0.474],"_shiftlockState":true,"_pose":"FreeFall","_animationQueue":[],"_animationSpeed":1,"_zoom":10.817},{"_mousePosition":[683,384],"_rootPartCFrame":[762.53,226.828,45.158,-1,0,-0.014,0,1,0,0.014,0,-1],"_humanoidState":12,"_cameraCFrame":[762.112,237.42,39.056,-0.975,-0.185,0.119,0,0.542,0.841,-0.22,0.82,-0.528],"_shiftlockState":true,"_pose":"Climbing","_animationQueue":[["fall",0.3],["walk",0.1],["fall",0.3],["climb",0.1],["climb",0]],"_animationSpeed":-2.941,"_zoom":10.817},{"_mousePosition":[683,384],"_rootPartCFrame":[762.505,227.01,45.045,-0.979,0.001,0.205,0.001,1,0,-0.205,0,-0.979],"_humanoidState":12,"_cameraCFrame":[765.069,237.463,39.27,-0.766,-0.532,0.361,0,0.561,0.828,-0.643,0.634,-0.43],"_shiftlockState":true,"_pose":"Climbing","_animationQueue":[["climb",0.1]],"_animationSpeed":0.857,"_zoom":10.817},{"_mousePosition":[683,384],"_rootPartCFrame":[762.237,227.382,44.654,-0.746,0,0.666,0,1,0,-0.666,0,-0.746],"_humanoidState":8,"_cameraCFrame":[766.549,237.874,40.113,-0.504,-0.718,0.48,0,0.556,0.831,-0.864,0.419,-0.28],"_shiftlockState":true,"_pose":"Standing","_animationQueue":[["climb",0.1],["walk",0.1],["idle",0.1]],"_animationSpeed":1,"_zoom":10.817},{"_mousePosition":[683,384],"_rootPartCFrame":[762.048,228.034,44.57,-0.483,0,0.876,0,1,0,-0.876,0,-0.483],"_humanoidState":3,"_cameraCFrame":[766.114,238.969,40.758,-0.42,-0.791,0.444,0,0.489,0.872,-0.907,0.367,-0.206],"_shiftlockState":true,"_pose":"Jumping","_animationQueue":[["walk",0.1],["jump",0.1]],"_animationSpeed":1,"_zoom":10.817},{"_mousePosition":[683,384],"_rootPartCFrame":[761.809,228.857,44.493,-0.326,0,0.946,0,1,0,-0.946,0,-0.326],"_humanoidState":5,"_cameraCFrame":[764.038,240.364,40.625,-0.601,-0.739,0.303,0,0.38,0.925,-0.799,0.556,-0.228],"_shiftlockState":true,"_pose":"FreeFall","_animationQueue":[["jump",0.1]],"_animationSpeed":1,"_zoom":10.817},{"_mousePosition":[683,384],"_rootPartCFrame":[761.595,229.624,44.383,-0.493,0,0.87,0,1,0,-0.87,0,-0.493],"_humanoidState":5,"_cameraCFrame":[762.374,241.411,40.689,-0.771,-0.605,0.197,0,0.309,0.951,-0.636,0.733,-0.239],"_shiftlockState":true,"_pose":"FreeFall","_animationQueue":[],"_animationSpeed":1,"_zoom":10.817},{"_mousePosition":[683,384],"_rootPartCFrame":[761.4,230.337,44.239,-0.68,0,0.733,0,1,0,-0.733,0,-0.68],"_humanoidState":5,"_cameraCFrame":[761.953,242.105,40.452,-0.814,-0.551,0.183,0,0.315,0.949,-0.581,0.773,-0.256],"_shiftlockState":true,"_pose":"FreeFall","_animationQueue":[],"_animationSpeed":1,"_zoom":10.817},{"_mousePosition":[683,384],"_rootPartCFrame":[761.198,230.996,44.072,-0.73,0,0.684,0,1,0,-0.684,0,-0.73],"_humanoidState":5,"_cameraCFrame":[761.598,242.716,40.14,-0.847,-0.502,0.174,0,0.328,0.945,-0.531,0.8,-0.278],"_shiftlockState":true,"_pose":"FreeFall","_animationQueue":[],"_animationSpeed":1,"_zoom":10.817},{"_mousePosition":[683,384],"_rootPartCFrame":[760.929,231.742,43.876,-0.747,0,0.664,0,1,0,-0.664,0,-0.747],"_humanoidState":5,"_cameraCFrame":[761.098,243.462,39.927,-0.877,-0.454,0.157,0,0.328,0.945,-0.481,0.828,-0.287],"_shiftlockState":true,"_pose":"FreeFall","_animationQueue":[],"_animationSpeed":1,"_zoom":10.817},{"_mousePosition":[683,384],"_rootPartCFrame":[760.705,232.278,43.732,-0.805,0,0.593,0,1,0,-0.593,0,-0.805],"_humanoidState":5,"_cameraCFrame":[760.718,243.981,39.736,-0.898,-0.416,0.146,0,0.332,0.943,-0.441,0.847,-0.298],"_shiftlockState":true,"_pose":"FreeFall","_animationQueue":[],"_animationSpeed":1,"_zoom":10.817},{"_mousePosition":[683,384],"_rootPartCFrame":[760.53,232.644,43.634,-0.849,0,0.528,0,1,0,-0.528,0,-0.849],"_humanoidState":5,"_cameraCFrame":[760.464,244.315,39.557,-0.91,-0.389,0.141,0,0.341,0.94,-0.414,0.856,-0.31],"_shiftlockState":true,"_pose":"FreeFall","_animationQueue":[],"_animationSpeed":1,"_zoom":10.817},{"_mousePosition":[683,384],"_rootPartCFrame":[760.292,233.085,43.515,-0.847,0,0.531,0,1,0,-0.531,0,-0.847],"_humanoidState":5,"_cameraCFrame":[760.127,244.731,39.381,-0.922,-0.362,0.134,0,0.347,0.938,-0.386,0.865,-0.32],"_shiftlockState":true,"_pose":"FreeFall","_animationQueue":[],"_animationSpeed":1,"_zoom":10.817},{"_mousePosition":[683,384],"_rootPartCFrame":[760.05,233.471,43.404,-0.863,0,0.506,0,1,0,-0.506,0,-0.863],"_humanoidState":5,"_cameraCFrame":[759.746,245.108,39.255,-0.936,-0.331,0.123,0,0.349,0.937,-0.353,0.877,-0.326],"_shiftlockState":true,"_pose":"FreeFall","_animationQueue":[],"_animationSpeed":1,"_zoom":10.817},{"_mousePosition":[683,384],"_rootPartCFrame":[759.804,233.802,43.299,-0.88,0,0.474,0,1,0,-0.474,0,-0.88],"_humanoidState":5,"_cameraCFrame":[759.367,245.434,39.148,-0.947,-0.301,0.113,0,0.35,0.937,-0.322,0.887,-0.332],"_shiftlockState":true,"_pose":"FreeFall","_animationQueue":[],"_animationSpeed":1,"_zoom":10.817},{"_mousePosition":[683,384],"_rootPartCFrame":[759.555,234.079,43.204,-0.896,0,0.445,0,1,0,-0.445,0,-0.896],"_humanoidState":5,"_cameraCFrame":[759.009,245.711,39.065,-0.955,-0.278,0.104,0,0.35,0.937,-0.297,0.894,-0.335],"_shiftlockState":true,"_pose":"FreeFall","_animationQueue":[],"_animationSpeed":1,"_zoom":10.817},{"_mousePosition":[683,384],"_rootPartCFrame":[759.303,234.302,43.117,-0.907,0,0.421,0,1,0,-0.421,0,-0.907],"_humanoidState":5,"_cameraCFrame":[758.613,245.936,39.007,-0.965,-0.247,0.092,0,0.35,0.937,-0.264,0.904,-0.337],"_shiftlockState":true,"_pose":"FreeFall","_animationQueue":[],"_animationSpeed":1,"_zoom":10.817},{"_mousePosition":[683,384],"_rootPartCFrame":[758.985,234.503,43.017,-0.908,0,0.42,0,1,0,-0.42,0,-0.908],"_humanoidState":5,"_cameraCFrame":[758.187,246.138,38.927,-0.971,-0.223,0.083,0,0.35,0.937,-0.238,0.91,-0.34],"_shiftlockState":true,"_pose":"FreeFall","_animationQueue":[],"_animationSpeed":1,"_zoom":10.817},{"_mousePosition":[683,384],"_rootPartCFrame":[758.793,234.583,42.963,-0.943,0,0.334,0,1,0,-0.334,0,-0.943],"_humanoidState":5,"_cameraCFrame":[757.852,246.206,38.873,-0.979,-0.19,0.071,0,0.353,0.936,-0.203,0.916,-0.345],"_shiftlockState":true,"_pose":"FreeFall","_animationQueue":[],"_animationSpeed":1,"_zoom":10.817},{"_mousePosition":[683,384],"_rootPartCFrame":[758.534,234.642,42.898,-0.944,0,0.331,0,1,0,-0.331,0,-0.944],"_humanoidState":5,"_cameraCFrame":[757.438,246.249,38.809,-0.987,-0.153,0.058,0,0.356,0.934,-0.163,0.922,-0.352],"_shiftlockState":true,"_pose":"FreeFall","_animationQueue":[],"_animationSpeed":1,"_zoom":10.817},{"_mousePosition":[683,384],"_rootPartCFrame":[758.273,234.647,42.843,-0.956,0,0.293,0,1,0,-0.293,0,-0.956],"_humanoidState":5,"_cameraCFrame":[756.995,246.222,38.728,-0.993,-0.109,0.043,0,0.364,0.931,-0.117,0.925,-0.361],"_shiftlockState":true,"_pose":"FreeFall","_animationQueue":[],"_animationSpeed":1,"_zoom":10.817},{"_mousePosition":[683,384],"_rootPartCFrame":[758.01,234.597,42.798,-0.969,0,0.248,0,1,0,-0.248,0,-0.969],"_humanoidState":5,"_cameraCFrame":[756.517,246.13,38.654,-0.998,-0.058,0.023,0,0.374,0.928,-0.063,0.926,-0.373],"_shiftlockState":true,"_pose":"FreeFall","_animationQueue":[["fall",0.3]],"_animationSpeed":1,"_zoom":10.817},{"_mousePosition":[683,384],"_rootPartCFrame":[757.691,234.458,42.779,-0.978,0,0.208,0,1,0,-0.208,0,-0.978],"_humanoidState":5,"_cameraCFrame":[756.04,245.965,38.631,-1,-0.022,0.009,0,0.38,0.925,-0.024,0.925,-0.38],"_shiftlockState":true,"_pose":"FreeFall","_animationQueue":[],"_animationSpeed":1,"_zoom":10.817},{"_mousePosition":[683,384],"_rootPartCFrame":[757.447,234.285,42.807,-0.991,0,0.134,0,1,0,-0.134,0,-0.991],"_humanoidState":5,"_cameraCFrame":[755.626,245.752,38.634,-1,0.016,-0.007,0,0.389,0.921,0.017,0.921,-0.389],"_shiftlockState":true,"_pose":"FreeFall","_animationQueue":[],"_animationSpeed":1,"_zoom":10.817},{"_mousePosition":[683,384],"_rootPartCFrame":[757.216,234.058,42.873,-0.996,0,0.093,0,1,0,-0.093,0,-0.996],"_humanoidState":5,"_cameraCFrame":[755.251,245.487,38.675,-0.999,0.046,-0.02,0,0.397,0.918,0.05,0.917,-0.396],"_shiftlockState":true,"_pose":"FreeFall","_animationQueue":[],"_animationSpeed":1,"_zoom":10.817},{"_mousePosition":[683,384],"_rootPartCFrame":[757.051,233.852,42.947,-0.999,0,0.032,0,1,0,-0.032,0,-0.999],"_humanoidState":5,"_cameraCFrame":[754.918,245.222,38.691,-0.996,0.08,-0.036,0,0.409,0.912,0.088,0.909,-0.408],"_shiftlockState":true,"_pose":"FreeFall","_animationQueue":[],"_animationSpeed":1,"_zoom":10.817},{"_mousePosition":[683,384],"_rootPartCFrame":[756.844,233.529,43.078,-1,0,0.021,0,1,0,-0.021,0,-1],"_humanoidState":5,"_cameraCFrame":[754.521,244.819,38.737,-0.992,0.115,-0.054,0,0.425,0.905,0.128,0.898,-0.422],"_shiftlockState":true,"_pose":"FreeFall","_animationQueue":[],"_animationSpeed":1,"_zoom":10.817},{"_mousePosition":[683,384],"_rootPartCFrame":[756.653,233.152,43.245,-1,0,-0.018,0,1,0,0.018,0,-1],"_humanoidState":5,"_cameraCFrame":[754.162,244.355,38.803,-0.987,0.143,-0.071,0,0.442,0.897,0.16,0.885,-0.436],"_shiftlockState":true,"_pose":"FreeFall","_animationQueue":[],"_animationSpeed":1,"_zoom":10.817},{"_mousePosition":[683,384],"_rootPartCFrame":[756.483,232.721,43.445,-0.999,0,-0.051,0,1,0,0.051,0,-0.999],"_humanoidState":5,"_cameraCFrame":[753.84,243.837,38.904,-0.982,0.166,-0.085,0,0.458,0.889,0.187,0.873,-0.45],"_shiftlockState":true,"_pose":"FreeFall","_animationQueue":[["fall",0.3]],"_animationSpeed":1,"_zoom":10.817},{"_mousePosition":[683,384],"_rootPartCFrame":[756.326,232.235,43.66,-0.997,0,-0.079,0,1,0,0.079,0,-0.997],"_humanoidState":5,"_cameraCFrame":[753.597,243.303,39.067,-0.98,0.178,-0.094,0,0.467,0.884,0.201,0.866,-0.457],"_shiftlockState":true,"_pose":"FreeFall","_animationQueue":[],"_animationSpeed":1,"_zoom":10.817},{"_mousePosition":[683,384],"_rootPartCFrame":[756.175,231.695,43.88,-0.995,0,-0.095,0,1,0,0.095,0,-0.995],"_humanoidState":5,"_cameraCFrame":[753.442,242.762,39.29,-0.979,0.179,-0.094,0,0.467,0.884,0.202,0.866,-0.457],"_shiftlockState":true,"_pose":"FreeFall","_animationQueue":[],"_animationSpeed":1,"_zoom":10.817},{"_mousePosition":[683,384],"_rootPartCFrame":[756.027,231.1,44.102,-0.995,0,-0.098,0,1,0,0.098,0,-0.995],"_humanoidState":5,"_cameraCFrame":[753.294,242.167,39.512,-0.979,0.179,-0.094,0,0.467,0.884,0.202,0.866,-0.457],"_shiftlockState":true,"_pose":"FreeFall","_animationQueue":[],"_animationSpeed":1,"_zoom":10.817},{"_mousePosition":[683,384],"_rootPartCFrame":[755.881,230.45,44.325,-0.995,0,-0.098,0,1,0,0.098,0,-0.995],"_humanoidState":5,"_cameraCFrame":[753.148,241.518,39.735,-0.979,0.179,-0.094,0,0.467,0.884,0.202,0.866,-0.457],"_shiftlockState":true,"_pose":"FreeFall","_animationQueue":[],"_animationSpeed":1,"_zoom":10.817},{"_mousePosition":[683,384],"_rootPartCFrame":[755.734,229.746,44.547,-0.995,0,-0.099,0,1,0,0.099,0,-0.995],"_humanoidState":5,"_cameraCFrame":[753.001,240.814,39.958,-0.979,0.179,-0.094,0,0.467,0.884,0.202,0.866,-0.457],"_shiftlockState":true,"_pose":"FreeFall","_animationQueue":[],"_animationSpeed":1,"_zoom":10.817},{"_mousePosition":[683,384],"_rootPartCFrame":[755.588,228.988,44.77,-0.995,0,-0.099,0,1,0,0.099,0,-0.995],"_humanoidState":5,"_cameraCFrame":[752.855,240.055,40.181,-0.979,0.179,-0.094,0,0.467,0.884,0.202,0.866,-0.457],"_shiftlockState":true,"_pose":"FreeFall","_animationQueue":[],"_animationSpeed":1,"_zoom":10.817},{"_mousePosition":[683,384],"_rootPartCFrame":[755.441,228.175,44.993,-0.995,0,-0.099,0,1,0,0.099,0,-0.995],"_humanoidState":5,"_cameraCFrame":[752.707,239.238,40.396,-0.979,0.179,-0.094,0,0.467,0.884,0.202,0.866,-0.458],"_shiftlockState":true,"_pose":"FreeFall","_animationQueue":[["fall",0.3]],"_animationSpeed":1,"_zoom":10.817},{"_mousePosition":[683,384],"_rootPartCFrame":[755.295,227.307,45.216,-0.995,0,-0.099,0,1,0,0.099,0,-0.995],"_humanoidState":5,"_cameraCFrame":[752.75,238.305,40.379,-0.987,0.138,-0.075,0,0.479,0.878,0.158,0.867,-0.473],"_shiftlockState":true,"_pose":"FreeFall","_animationQueue":[],"_animationSpeed":1,"_zoom":10.817},{"_mousePosition":[683,384],"_rootPartCFrame":[755.128,226.459,45.177,-1,0.003,-0.029,0.003,1,-0.003,0.029,-0.003,-1],"_humanoidState":5,"_cameraCFrame":[754.167,237.117,39.234,-0.991,-0.113,0.071,0,0.532,0.847,-0.133,0.839,-0.527],"_shiftlockState":true,"_pose":"FreeFall","_animationQueue":[],"_animationSpeed":1,"_zoom":10.817},{"_mousePosition":[683,384],"_rootPartCFrame":[754.992,226.496,45.068,-0.991,-0.001,0.132,-0.001,1,-0.001,-0.132,-0.001,-0.991],"_humanoidState":12,"_cameraCFrame":[756.758,237.15,39.307,-0.83,-0.473,0.298,0,0.533,0.846,-0.558,0.702,-0.442],"_shiftlockState":true,"_pose":"Climbing","_animationQueue":[["walk",0.1],["fall",0.3],["climb",0.1],["climb",0]],"_animationSpeed":-4.345,"_zoom":10.817},{"_mousePosition":[683,384],"_rootPartCFrame":[754.771,227.082,44.776,-0.86,0.008,0.511,0.007,1,-0.004,-0.511,0,-0.86],"_humanoidState":8,"_cameraCFrame":[756.711,238.117,39.731,-0.768,-0.565,0.302,0,0.472,0.881,-0.641,0.677,-0.363],"_shiftlockState":true,"_pose":"Running","_animationQueue":[["walk",0.1],["climb",0.1],["walk",0.1],["walk",0.1]],"_animationSpeed":0.534,"_zoom":10.817},{"_mousePosition":[683,384],"_rootPartCFrame":[754.662,227.74,44.697,-0.821,-0.001,0.571,0.013,1,0.021,-0.571,0.025,-0.821],"_humanoidState":3,"_cameraCFrame":[754.805,239.474,40.821,-0.877,-0.454,0.155,0,0.324,0.946,-0.48,0.83,-0.284],"_shiftlockState":true,"_pose":"Jumping","_animationQueue":[["walk",0.1],["jump",0.1]],"_animationSpeed":1,"_zoom":10.817},{"_mousePosition":[683,384],"_rootPartCFrame":[754.448,228.793,44.682,-0.834,-0.002,0.551,0.008,1,0.015,-0.551,0.017,-0.834],"_humanoidState":5,"_cameraCFrame":[753.941,240.65,41.164,-0.933,-0.346,0.104,0,0.289,0.957,-0.361,0.893,-0.269],"_shiftlockState":true,"_pose":"FreeFall","_animationQueue":[["jump",0.1]],"_animationSpeed":1,"_zoom":10.817},{"_mousePosition":[683,384],"_rootPartCFrame":[754.251,229.575,44.652,-0.879,0.001,0.477,0.003,1,0.004,-0.477,0.005,-0.879],"_humanoidState":5,"_cameraCFrame":[753.6,241.342,40.888,-0.954,-0.284,0.094,0,0.315,0.949,-0.299,0.906,-0.3],"_shiftlockState":true,"_pose":"FreeFall","_animationQueue":[],"_animationSpeed":1,"_zoom":10.817},{"_mousePosition":[683,384],"_rootPartCFrame":[754.089,230.125,44.609,-0.92,0.001,0.392,0.002,1,0,-0.392,0.001,-0.92],"_humanoidState":5,"_cameraCFrame":[753.136,241.876,40.859,-0.976,-0.207,0.07,0,0.319,0.948,-0.218,0.925,-0.312],"_shiftlockState":true,"_pose":"FreeFall","_animationQueue":[],"_animationSpeed":1,"_zoom":10.817},{"_mousePosition":[683,384],"_rootPartCFrame":[753.846,230.811,44.535,-0.938,0,0.346,0,1,-0.001,-0.346,0,-0.938],"_humanoidState":5,"_cameraCFrame":[752.566,242.531,40.795,-0.992,-0.121,0.042,0,0.328,0.945,-0.128,0.937,-0.325],"_shiftlockState":true,"_pose":"FreeFall","_animationQueue":[],"_animationSpeed":1,"_zoom":10.817},{"_mousePosition":[683,384],"_rootPartCFrame":[753.588,231.442,44.472,-0.966,0,0.259,0,1,0,-0.259,0,-0.966],"_humanoidState":5,"_cameraCFrame":[752.051,243.119,40.71,-0.998,-0.054,0.019,0,0.339,0.941,-0.057,0.939,-0.338],"_shiftlockState":true,"_pose":"FreeFall","_animationQueue":[],"_animationSpeed":1,"_zoom":10.817},{"_mousePosition":[683,384],"_rootPartCFrame":[753.324,232.019,44.433,-0.982,0,0.19,0,1,0,-0.19,0,-0.982],"_humanoidState":5,"_cameraCFrame":[751.519,243.672,40.726,-1,0.014,-0.005,0,0.345,0.939,0.015,0.938,-0.345],"_shiftlockState":true,"_pose":"FreeFall","_animationQueue":[],"_animationSpeed":1,"_zoom":10.817},{"_mousePosition":[683,384],"_rootPartCFrame":[753.058,232.541,44.413,-0.993,0,0.118,0,1,0,-0.118,0,-0.993],"_humanoidState":5,"_cameraCFrame":[751.036,244.179,40.778,-0.997,0.069,-0.026,0,0.349,0.937,0.073,0.935,-0.348],"_shiftlockState":true,"_pose":"FreeFall","_animationQueue":[],"_animationSpeed":1,"_zoom":10.817},{"_mousePosition":[683,384],"_rootPartCFrame":[752.725,233.118,44.414,-0.996,0,0.093,0,1,0,-0.093,0,-0.996],"_humanoidState":5,"_cameraCFrame":[750.471,244.734,40.857,-0.991,0.127,-0.048,0,0.354,0.935,0.136,0.927,-0.351],"_shiftlockState":true,"_pose":"FreeFall","_animationQueue":[],"_animationSpeed":1,"_zoom":10.817},{"_mousePosition":[683,384],"_rootPartCFrame":[752.526,233.423,44.427,-0.999,0,-0.036,0,1,0,0.036,0,-0.999],"_humanoidState":5,"_cameraCFrame":[750.072,245.014,40.931,-0.982,0.176,-0.068,0,0.36,0.933,0.189,0.916,-0.354],"_shiftlockState":true,"_pose":"FreeFall","_animationQueue":[],"_animationSpeed":1,"_zoom":10.817},{"_mousePosition":[683,384],"_rootPartCFrame":[752.261,233.782,44.46,-0.998,0,-0.056,0,1,0,0.056,0,-0.998],"_humanoidState":5,"_cameraCFrame":[749.625,245.351,41.033,-0.972,0.22,-0.086,0,0.365,0.931,0.237,0.904,-0.355],"_shiftlockState":true,"_pose":"FreeFall","_animationQueue":[],"_animationSpeed":1,"_zoom":10.817},{"_mousePosition":[683,384],"_rootPartCFrame":[751.999,234.086,44.508,-0.994,0,-0.105,0,1,0,0.105,0,-0.994],"_humanoidState":5,"_cameraCFrame":[749.197,245.629,41.139,-0.96,0.259,-0.104,0,0.371,0.928,0.279,0.892,-0.357],"_shiftlockState":true,"_pose":"FreeFall","_animationQueue":[],"_animationSpeed":1,"_zoom":10.817},{"_mousePosition":[683,384],"_rootPartCFrame":[751.74,234.336,44.569,-0.989,0,-0.149,0,1,0,0.149,0,-0.989],"_humanoidState":5,"_cameraCFrame":[748.766,245.86,41.29,-0.946,0.3,-0.122,0,0.376,0.927,0.324,0.877,-0.356],"_shiftlockState":true,"_pose":"FreeFall","_animationQueue":[],"_animationSpeed":1,"_zoom":10.817},{"_mousePosition":[683,384],"_rootPartCFrame":[751.483,234.531,44.642,-0.981,0,-0.196,0,1,0,0.196,0,-0.981],"_humanoidState":5,"_cameraCFrame":[748.371,246.035,41.431,-0.933,0.332,-0.137,0,0.38,0.925,0.36,0.863,-0.355],"_shiftlockState":true,"_pose":"FreeFall","_animationQueue":[],"_animationSpeed":1,"_zoom":10.817},{"_mousePosition":[683,384],"_rootPartCFrame":[751.23,234.672,44.727,-0.973,0,-0.232,0,1,0,0.232,0,-0.973],"_humanoidState":5,"_cameraCFrame":[747.967,246.153,41.594,-0.918,0.367,-0.153,0,0.386,0.923,0.397,0.847,-0.354],"_shiftlockState":true,"_pose":"FreeFall","_animationQueue":[],"_animationSpeed":1,"_zoom":10.817},{"_mousePosition":[683,384],"_rootPartCFrame":[750.995,234.759,44.831,-0.958,0,-0.287,0,1,0,0.287,0,-0.958],"_humanoidState":5,"_cameraCFrame":[747.627,246.226,41.766,-0.906,0.391,-0.165,0,0.389,0.921,0.424,0.834,-0.352],"_shiftlockState":true,"_pose":"FreeFall","_animationQueue":[],"_animationSpeed":1,"_zoom":10.817},{"_mousePosition":[683,384],"_rootPartCFrame":[750.786,234.791,44.965,-0.947,0,-0.322,0,1,0,0.322,0,-0.947],"_humanoidState":5,"_cameraCFrame":[747.306,246.237,41.961,-0.892,0.415,-0.177,0,0.393,0.92,0.451,0.821,-0.351],"_shiftlockState":true,"_pose":"FreeFall","_animationQueue":[],"_animationSpeed":1,"_zoom":10.817},{"_mousePosition":[683,384],"_rootPartCFrame":[750.606,234.768,45.126,-0.936,0,-0.352,0,1,0,0.352,0,-0.936],"_humanoidState":5,"_cameraCFrame":[747.034,246.194,42.161,-0.882,0.433,-0.188,0,0.397,0.918,0.472,0.809,-0.35],"_shiftlockState":true,"_pose":"FreeFall","_animationQueue":[],"_animationSpeed":1,"_zoom":10.817},{"_mousePosition":[683,384],"_rootPartCFrame":[750.454,234.691,45.315,-0.927,0,-0.374,0,1,0,0.374,0,-0.927],"_humanoidState":5,"_cameraCFrame":[746.766,246.093,42.411,-0.867,0.456,-0.201,0,0.403,0.915,0.498,0.794,-0.349],"_shiftlockState":true,"_pose":"FreeFall","_animationQueue":[],"_animationSpeed":1,"_zoom":10.817},{"_mousePosition":[683,384],"_rootPartCFrame":[750.332,234.559,45.531,-0.916,0,-0.402,0,1,0,0.402,0,-0.916],"_humanoidState":5,"_cameraCFrame":[746.492,245.918,42.679,-0.849,0.482,-0.218,0,0.412,0.911,0.529,0.774,-0.349],"_shiftlockState":true,"_pose":"FreeFall","_animationQueue":[],"_animationSpeed":1,"_zoom":10.817},{"_mousePosition":[683,384],"_rootPartCFrame":[750.222,234.318,45.835,-0.913,0,-0.408,0,1,0,0.408,0,-0.913],"_humanoidState":5,"_cameraCFrame":[746.182,245.615,43.048,-0.824,0.513,-0.24,0,0.424,0.906,0.567,0.746,-0.349],"_shiftlockState":true,"_pose":"FreeFall","_animationQueue":[],"_animationSpeed":1,"_zoom":10.817},{"_mousePosition":[683,384],"_rootPartCFrame":[750.175,234.133,46.03,-0.868,0,-0.497,0,1,0,0.497,0,-0.868],"_humanoidState":5,"_cameraCFrame":[745.848,245.328,43.316,-0.789,0.55,-0.272,0,0.444,0.896,0.614,0.707,-0.35],"_shiftlockState":true,"_pose":"FreeFall","_animationQueue":[["fall",0.3]],"_animationSpeed":1,"_zoom":10.817},{"_mousePosition":[683,384],"_rootPartCFrame":[750.113,233.755,46.357,-0.867,0,-0.498,0,1,0,0.498,0,-0.867],"_humanoidState":5,"_cameraCFrame":[745.561,244.856,43.675,-0.764,0.572,-0.297,0,0.461,0.887,0.645,0.678,-0.352],"_shiftlockState":true,"_pose":"FreeFall","_animationQueue":[],"_animationSpeed":1,"_zoom":10.817},{"_mousePosition":[683,384],"_rootPartCFrame":[750.086,233.488,46.555,-0.815,0,-0.579,0,1,0,0.579,0,-0.815],"_humanoidState":5,"_cameraCFrame":[745.354,244.511,43.908,-0.744,0.588,-0.317,0,0.474,0.88,0.668,0.655,-0.353],"_shiftlockState":true,"_pose":"FreeFall","_animationQueue":[],"_animationSpeed":1,"_zoom":10.817},{"_mousePosition":[683,384],"_rootPartCFrame":[750.061,233.084,46.821,-0.812,0,-0.583,0,1,0,0.583,0,-0.812],"_humanoidState":5,"_cameraCFrame":[745.191,244.04,44.184,-0.73,0.598,-0.332,0,0.486,0.874,0.684,0.638,-0.354],"_shiftlockState":true,"_pose":"FreeFall","_animationQueue":[],"_animationSpeed":1,"_zoom":10.817},{"_mousePosition":[683,384],"_rootPartCFrame":[750.035,232.246,47.286,-0.845,0,-0.535,0,1,0,0.535,0,-0.845],"_humanoidState":5,"_cameraCFrame":[745.165,243.201,44.65,-0.73,0.598,-0.332,0,0.486,0.874,0.684,0.638,-0.354],"_shiftlockState":true,"_pose":"FreeFall","_animationQueue":[],"_animationSpeed":1,"_zoom":10.817},{"_mousePosition":[683,384],"_rootPartCFrame":[750.083,231.853,47.433,-0.774,-0.001,-0.633,0,1,-0.002,0.633,-0.002,-0.774],"_humanoidState":5,"_cameraCFrame":[745.212,242.809,44.794,-0.73,0.598,-0.332,0,0.486,0.874,0.684,0.638,-0.354],"_shiftlockState":true,"_pose":"FreeFall","_animationQueue":[],"_animationSpeed":1,"_zoom":10.817},{"_mousePosition":[683,384],"_rootPartCFrame":[750.178,231.599,47.47,-0.757,-0.002,-0.653,0,1,-0.003,0.653,-0.003,-0.757],"_humanoidState":5,"_cameraCFrame":[745.305,242.554,44.829,-0.73,0.598,-0.332,0,0.486,0.874,0.684,0.638,-0.354],"_shiftlockState":true,"_pose":"FreeFall","_animationQueue":[],"_animationSpeed":1,"_zoom":10.817},{"_mousePosition":[683,384],"_rootPartCFrame":[750.347,231.049,47.565,-0.794,-0.001,-0.608,0,1,-0.002,0.608,-0.002,-0.794],"_humanoidState":5,"_cameraCFrame":[745.475,242.004,44.926,-0.73,0.598,-0.332,0,0.486,0.874,0.684,0.638,-0.354],"_shiftlockState":true,"_pose":"FreeFall","_animationQueue":[["fall",0.3]],"_animationSpeed":1,"_zoom":10.817},{"_mousePosition":[683,384],"_rootPartCFrame":[750.487,230.444,47.687,-0.797,0,-0.604,0,1,-0.001,0.604,0,-0.797],"_humanoidState":5,"_cameraCFrame"