[{"_mousePosition":[1155,364],"_rootPartCFrame":[776.028,222.95,47.142,0,0,1,0,1,0,-1,0,0],"_humanoidState":8,"_cameraCFrame":[777.862,233.979,41.584,-0.95,-0.267,0.164,0,0.523,0.852,-0.313,0.809,-0.497],"_shiftlockState":false,"_pose":"Standing","_animationQueue":[],"_animationSpeed":1,"_zoom":11.183},{"_mousePosition":[1135,368],"_rootPartCFrame":[775.865,222.865,47.088,0.031,0,1,0,1,0,-1,0,0.031],"_humanoidState":8,"_cameraCFrame":[777.699,233.894,41.53,-0.95,-0.267,0.164,0,0.523,0.852,-0.313,0.809,-0.497],"_shiftlockState":false,"_pose":"Standing","_animationQueue":[],"_animationSpeed":1,"_zoom":11.183},{"_mousePosition":[1128,369],"_rootPartCFrame":[775.614,222.719,47.005,0.07,0,0.998,0,1,0,-0.998,0,0.07],"_humanoidState":8,"_cameraCFrame":[777.448,233.748,41.447,-0.95,-0.267,0.164,0,0.523,0.852,-0.313,0.809,-0.497],"_shiftlockState":false,"_pose":"Running","_animationQueue":[["walk",0.1]],"_animationSpeed":1.003,"_zoom":11.183},{"_mousePosition":[1102,372],"_rootPartCFrame":[775.487,222.626,46.963,0.087,0,0.996,0,1,0,-0.996,0,0.087],"_humanoidState":8,"_cameraCFrame":[777.321,233.655,41.405,-0.95,-0.267,0.164,0,0.523,0.852,-0.313,0.809,-0.497],"_shiftlockState":false,"_pose":"Running","_animationQueue":[["walk",0.1]],"_animationSpeed":1.101,"_zoom":11.183},{"_mousePosition":[1094,373],"_rootPartCFrame":[775.107,222.64,46.838,0.133,0,0.991,0,1,0,-0.991,0,0.133],"_humanoidState":8,"_cameraCFrame":[776.941,233.669,41.28,-0.95,-0.267,0.164,0,0.523,0.852,-0.313,0.809,-0.497],"_shiftlockState":false,"_pose":"Running","_animationQueue":[],"_animationSpeed":1.101,"_zoom":11.183},{"_mousePosition":[1069,376],"_rootPartCFrame":[774.98,222.654,46.796,0.146,0,0.989,0,1,0,-0.989,0,0.146],"_humanoidState":8,"_cameraCFrame":[776.815,233.683,41.238,-0.95,-0.267,0.164,0,0.523,0.852,-0.313,0.809,-0.497],"_shiftlockState":false,"_pose":"Running","_animationQueue":[],"_animationSpeed":1.101,"_zoom":11.183},{"_mousePosition":[1061,378],"_rootPartCFrame":[774.601,222.681,46.671,0.18,0,0.984,0,1,0,-0.984,0,0.18],"_humanoidState":8,"_cameraCFrame":[776.435,233.71,41.113,-0.95,-0.267,0.164,0,0.523,0.852,-0.313,0.809,-0.497],"_shiftlockState":false,"_pose":"Running","_animationQueue":[["walk",0.1]],"_animationSpeed":1.101,"_zoom":11.183},{"_mousePosition":[1036,381],"_rootPartCFrame":[774.474,222.686,46.629,0.19,0,0.982,0,1,0,-0.982,0,0.19],"_humanoidState":8,"_cameraCFrame":[776.308,233.715,41.071,-0.95,-0.267,0.164,0,0.523,0.852,-0.313,0.809,-0.497],"_shiftlockState":false,"_pose":"Running","_animationQueue":[],"_animationSpeed":1.101,"_zoom":11.183},{"_mousePosition":[1019,383],"_rootPartCFrame":[774.094,222.694,46.504,0.215,0,0.977,0,1,0,-0.977,0,0.215],"_humanoidState":8,"_cameraCFrame":[775.928,233.723,40.945,-0.95,-0.267,0.164,0,0.523,0.852,-0.313,0.809,-0.497],"_shiftlockState":false,"_pose":"Running","_animationQueue":[],"_animationSpeed":1.101,"_zoom":11.183},{"_mousePosition":[1009,384],"_rootPartCFrame":[773.841,222.697,46.42,0.228,0,0.974,0,1,0,-0.974,0,0.228],"_humanoidState":8,"_cameraCFrame":[775.675,233.726,40.862,-0.95,-0.267,0.164,0,0.523,0.852,-0.313,0.809,-0.497],"_shiftlockState":false,"_pose":"Running","_animationQueue":[],"_animationSpeed":1.101,"_zoom":11.183},{"_mousePosition":[977,390],"_rootPartCFrame":[773.587,222.698,46.337,0.24,0,0.971,0,1,0,-0.971,0,0.24],"_humanoidState":8,"_cameraCFrame":[773.76,233.727,40.23,-0.95,-0.267,0.164,0,0.523,0.852,-0.313,0.809,-0.497],"_shiftlockState":true,"_pose":"Running","_animationQueue":[],"_animationSpeed":1.101,"_zoom":11.183},{"_mousePosition":[683,384],"_rootPartCFrame":[773.334,222.699,46.253,-0.968,0,0.251,0,1,0,-0.251,0,-0.968],"_humanoidState":8,"_cameraCFrame":[773.506,233.728,40.146,-0.95,-0.267,0.164,0,0.523,0.852,-0.313,0.809,-0.497],"_shiftlockState":true,"_pose":"Running","_animationQueue":[],"_animationSpeed":1.101,"_zoom":11.183},{"_mousePosition":[683,384],"_rootPartCFrame":[773.081,222.699,46.17,-0.958,0,0.288,0,1,0,-0.288,0,-0.958],"_humanoidState":8,"_cameraCFrame":[773.046,233.789,40.156,-0.958,-0.245,0.147,0,0.514,0.858,-0.285,0.822,-0.493],"_shiftlockState":true,"_pose":"Running","_animationQueue":[],"_animationSpeed":1.101,"_zoom":11.183},{"_mousePosition":[683,384],"_rootPartCFrame":[772.891,222.699,46.107,-0.959,0,0.283,0,1,0,-0.283,0,-0.959],"_humanoidState":8,"_cameraCFrame":[772.631,233.858,40.211,-0.967,-0.219,0.128,0,0.504,0.864,-0.254,0.835,-0.487],"_shiftlockState":true,"_pose":"Running","_animationQueue":[["walk",0.1]],"_animationSpeed":1.101,"_zoom":11.183},{"_mousePosition":[683,384],"_rootPartCFrame":[772.572,222.7,46.011,-0.967,0,0.254,0,1,0,-0.254,0,-0.967],"_humanoidState":8,"_cameraCFrame":[772.085,233.934,40.256,-0.975,-0.193,0.109,0,0.492,0.871,-0.222,0.849,-0.48],"_shiftlockState":true,"_pose":"Running","_animationQueue":[],"_animationSpeed":1.101,"_zoom":11.183},{"_mousePosition":[683,384],"_rootPartCFrame":[772.314,222.7,45.942,-0.975,0,0.222,0,1,0,-0.222,0,-0.975],"_humanoidState":8,"_cameraCFrame":[771.595,234.018,40.355,-0.982,-0.164,0.089,0,0.479,0.878,-0.187,0.863,-0.47],"_shiftlockState":true,"_pose":"Running","_animationQueue":[],"_animationSpeed":1.101,"_zoom":11.183},{"_mousePosition":[683,384],"_rootPartCFrame":[772.055,222.7,45.881,-0.982,0,0.187,0,1,0,-0.187,0,-0.982],"_humanoidState":8,"_cameraCFrame":[771.143,234.094,40.46,-0.988,-0.139,0.073,0,0.466,0.885,-0.157,0.874,-0.46],"_shiftlockState":true,"_pose":"Running","_animationQueue":[],"_animationSpeed":1.101,"_zoom":11.183},{"_mousePosition":[683,384],"_rootPartCFrame":[771.858,222.7,45.843,-0.988,0,0.157,0,1,0,-0.157,0,-0.988],"_humanoidState":8,"_cameraCFrame":[770.702,234.181,40.632,-0.993,-0.103,0.052,0,0.451,0.893,-0.115,0.887,-0.448],"_shiftlockState":true,"_pose":"Running","_animationQueue":[],"_animationSpeed":1.101,"_zoom":11.183},{"_mousePosition":[683,384],"_rootPartCFrame":[771.531,223.783,45.78,-0.993,0,0.115,0,1,0,-0.115,0,-0.993],"_humanoidState":3,"_cameraCFrame":[770.216,235.297,40.669,-0.996,-0.077,0.038,0,0.445,0.895,-0.086,0.892,-0.443],"_shiftlockState":true,"_pose":"Jumping","_animationQueue":[["walk",0.1],["jump",0.1]],"_animationSpeed":1,"_zoom":11.183},{"_mousePosition":[683,384],"_rootPartCFrame":[771.333,224.395,45.753,-0.989,0,0.148,0,1,0,-0.148,0,-0.989],"_humanoidState":5,"_cameraCFrame":[769.792,235.876,40.643,-0.999,-0.037,0.019,0,0.451,0.893,-0.041,0.892,-0.451],"_shiftlockState":true,"_pose":"FreeFall","_animationQueue":[["jump",0.1]],"_animationSpeed":1,"_zoom":11.183},{"_mousePosition":[683,384],"_rootPartCFrame":[771.001,225.346,45.723,-0.98,0,0.198,0,1,0,-0.198,0,-0.98],"_humanoidState":5,"_cameraCFrame":[769.357,236.736,40.47,-1,-0.018,0.009,0,0.467,0.884,-0.02,0.884,-0.467],"_shiftlockState":true,"_pose":"FreeFall","_animationQueue":[],"_animationSpeed":1,"_zoom":11.183},{"_mousePosition":[683,384],"_rootPartCFrame":[770.735,226.045,45.71,-0.988,0,0.152,0,1,0,-0.152,0,-0.988],"_humanoidState":5,"_cameraCFrame":[769.107,237.44,40.46,-1,-0.021,0.011,0,0.466,0.885,-0.023,0.885,-0.466],"_shiftlockState":true,"_pose":"FreeFall","_animationQueue":[],"_animationSpeed":1,"_zoom":11.183},{"_mousePosition":[683,384],"_rootPartCFrame":[770.468,226.69,45.704,-0.988,0,0.156,0,1,0,-0.156,0,-0.988],"_humanoidState":5,"_cameraCFrame":[768.841,238.085,40.453,-1,-0.021,0.011,0,0.466,0.885,-0.023,0.885,-0.466],"_shiftlockState":true,"_pose":"FreeFall","_animationQueue":[],"_animationSpeed":1,"_zoom":11.183},{"_mousePosition":[683,384],"_rootPartCFrame":[770.268,227.138,45.699,-0.992,0,0.123,0,1,0,-0.123,0,-0.992],"_humanoidState":5,"_cameraCFrame":[768.641,238.533,40.449,-1,-0.021,0.011,0,0.466,0.885,-0.023,0.885,-0.466],"_shiftlockState":true,"_pose":"FreeFall","_animationQueue":[],"_animationSpeed":1,"_zoom":11.183},{"_mousePosition":[683,384],"_rootPartCFrame":[770.001,227.687,45.693,-0.988,0,0.156,0,1,0,-0.156,0,-0.988],"_humanoidState":5,"_cameraCFrame":[768.374,239.082,40.443,-1,-0.021,0.011,0,0.466,0.885,-0.023,0.885,-0.466],"_shiftlockState":true,"_pose":"FreeFall","_animationQueue":[],"_animationSpeed":1,"_zoom":11.183},{"_mousePosition":[683,384],"_rootPartCFrame":[769.735,228.182,45.687,-0.988,0,0.156,0,1,0,-0.156,0,-0.988],"_humanoidState":5,"_cameraCFrame":[768.107,239.577,40.436,-1,-0.021,0.011,0,0.466,0.885,-0.023,0.885,-0.466],"_shiftlockState":true,"_pose":"FreeFall","_animationQueue":[],"_animationSpeed":1,"_zoom":11.183},{"_mousePosition":[683,384],"_rootPartCFrame":[769.402,228.725,45.679,-0.982,0,0.189,0,1,0,-0.189,0,-0.982],"_humanoidState":5,"_cameraCFrame":[767.774,240.119,40.429,-1,-0.021,0.011,0,0.466,0.885,-0.023,0.885,-0.466],"_shiftlockState":true,"_pose":"FreeFall","_animationQueue":[],"_animationSpeed":1,"_zoom":11.183},{"_mousePosition":[683,384],"_rootPartCFrame":[769.202,229.009,45.674,-0.992,0,0.123,0,1,0,-0.123,0,-0.992],"_humanoidState":5,"_cameraCFrame":[767.574,240.404,40.424,-1,-0.021,0.011,0,0.466,0.885,-0.023,0.885,-0.466],"_shiftlockState":true,"_pose":"FreeFall","_animationQueue":[],"_animationSpeed":1,"_zoom":11.183},{"_mousePosition":[683,384],"_rootPartCFrame":[768.868,229.415,45.667,-0.982,0,0.189,0,1,0,-0.189,0,-0.982],"_humanoidState":5,"_cameraCFrame":[767.241,240.81,40.416,-1,-0.021,0.011,0,0.466,0.885,-0.023,0.885,-0.466],"_shiftlockState":true,"_pose":"FreeFall","_animationQueue":[],"_animationSpeed":1,"_zoom":11.183},{"_mousePosition":[683,384],"_rootPartCFrame":[768.668,229.617,45.662,-0.992,0,0.123,0,1,0,-0.123,0,-0.992],"_humanoidState":5,"_cameraCFrame":[767.041,241.012,40.411,-1,-0.021,0.011,0,0.466,0.885,-0.023,0.885,-0.466],"_shiftlockState":true,"_pose":"FreeFall","_animationQueue":[],"_animationSpeed":1,"_zoom":11.183},{"_mousePosition":[683,384],"_rootPartCFrame":[768.402,229.84,45.656,-0.988,0,0.156,0,1,0,-0.156,0,-0.988],"_humanoidState":5,"_cameraCFrame":[766.774,241.235,40.405,-1,-0.021,0.011,0,0.466,0.885,-0.023,0.885,-0.466],"_shiftlockState":true,"_pose":"FreeFall","_animationQueue":[],"_animationSpeed":1,"_zoom":11.183},{"_mousePosition":[683,384],"_rootPartCFrame":[768.135,230.008,45.649,-0.988,0,0.156,0,1,0,-0.156,0,-0.988],"_humanoidState":5,"_cameraCFrame":[766.508,241.403,40.399,-1,-0.021,0.011,0,0.466,0.885,-0.023,0.885,-0.466],"_shiftlockState":true,"_pose":"FreeFall","_animationQueue":[],"_animationSpeed":1,"_zoom":11.183},{"_mousePosition":[683,384],"_rootPartCFrame":[767.802,230.141,45.642,-0.982,0,0.189,0,1,0,-0.189,0,-0.982],"_humanoidState":5,"_cameraCFrame":[766.174,241.536,40.391,-1,-0.021,0.011,0,0.466,0.885,-0.023,0.885,-0.466],"_shiftlockState":true,"_pose":"FreeFall","_animationQueue":[],"_animationSpeed":1,"_zoom":11.183},{"_mousePosition":[683,384],"_rootPartCFrame":[767.602,230.181,45.637,-0.992,0,0.123,0,1,0,-0.123,0,-0.992],"_humanoidState":5,"_cameraCFrame":[765.898,241.558,40.379,-1,-0.008,0.004,0,0.469,0.883,-0.009,0.883,-0.469],"_shiftlockState":true,"_pose":"FreeFall","_animationQueue":[],"_animationSpeed":1,"_zoom":11.183},{"_mousePosition":[683,384],"_rootPartCFrame":[767.269,230.178,45.629,-0.985,0,0.174,0,1,0,-0.174,0,-0.985],"_humanoidState":5,"_cameraCFrame":[765.554,241.556,40.375,-1,-0.006,0.003,0,0.469,0.883,-0.007,0.883,-0.469],"_shiftlockState":true,"_pose":"FreeFall","_animationQueue":[["fall",0.3]],"_animationSpeed":1,"_zoom":11.183},{"_mousePosition":[683,384],"_rootPartCFrame":[767.069,230.135,45.627,-0.994,0,0.106,0,1,0,-0.106,0,-0.994],"_humanoidState":5,"_cameraCFrame":[765.348,241.517,40.382,-1,-0.005,0.003,0,0.468,0.884,-0.006,0.884,-0.468],"_shiftlockState":true,"_pose":"FreeFall","_animationQueue":[],"_animationSpeed":1,"_zoom":11.183},{"_mousePosition":[683,384],"_rootPartCFrame":[766.736,229.996,45.624,-0.985,0,0.171,0,1,0,-0.171,0,-0.985],"_humanoidState":5,"_cameraCFrame":[764.998,241.403,40.433,-1,-0.002,0.001,0,0.464,0.886,-0.002,0.886,-0.464],"_shiftlockState":true,"_pose":"FreeFall","_animationQueue":[],"_animationSpeed":1,"_zoom":11.183},{"_mousePosition":[683,384],"_rootPartCFrame":[766.469,229.823,45.623,-0.991,0,0.135,0,1,0,-0.135,0,-0.991],"_humanoidState":5,"_cameraCFrame":[764.699,241.264,40.507,-1,0.003,-0.002,0,0.458,0.889,0.004,0.889,-0.458],"_shiftlockState":true,"_pose":"FreeFall","_animationQueue":[],"_animationSpeed":1,"_zoom":11.183},{"_mousePosition":[683,384],"_rootPartCFrame":[766.202,229.596,45.622,-0.992,0,0.129,0,1,0,-0.129,0,-0.992],"_humanoidState":5,"_cameraCFrame":[764.401,241.066,40.573,-1,0.009,-0.005,0,0.453,0.891,0.01,0.891,-0.453],"_shiftlockState":true,"_pose":"FreeFall","_animationQueue":[],"_animationSpeed":1,"_zoom":11.183},{"_mousePosition":[683,384],"_rootPartCFrame":[765.936,229.315,45.623,-0.992,0,0.123,0,1,0,-0.123,0,-0.992],"_humanoidState":5,"_cameraCFrame":[764.109,240.804,40.624,-1,0.014,-0.007,0,0.449,0.893,0.015,0.893,-0.449],"_shiftlockState":true,"_pose":"FreeFall","_animationQueue":[],"_animationSpeed":1,"_zoom":11.183},{"_mousePosition":[683,384],"_rootPartCFrame":[765.669,228.979,45.625,-0.993,0,0.118,0,1,0,-0.118,0,-0.993],"_humanoidState":5,"_cameraCFrame":[763.827,240.476,40.648,-1,0.017,-0.008,0,0.448,0.894,0.018,0.894,-0.448],"_shiftlockState":true,"_pose":"FreeFall","_animationQueue":[],"_animationSpeed":1,"_zoom":11.183},{"_mousePosition":[683,384],"_rootPartCFrame":[765.403,228.588,45.629,-0.993,0,0.115,0,1,0,-0.115,0,-0.993],"_humanoidState":5,"_cameraCFrame":[763.56,240.09,40.66,-1,0.017,-0.008,0,0.447,0.894,0.018,0.894,-0.447],"_shiftlockState":true,"_pose":"FreeFall","_animationQueue":[["fall",0.3]],"_animationSpeed":1,"_zoom":11.183},{"_mousePosition":[683,384],"_rootPartCFrame":[765.136,228.143,45.634,-0.993,0,0.115,0,1,0,-0.115,0,-0.993],"_humanoidState":5,"_cameraCFrame":[763.294,239.645,40.665,-1,0.017,-0.008,0,0.447,0.894,0.018,0.894,-0.447],"_shiftlockState":true,"_pose":"FreeFall","_animationQueue":[],"_animationSpeed":1,"_zoom":11.183},{"_mousePosition":[683,384],"_rootPartCFrame":[764.936,227.773,45.638,-0.997,0,0.081,0,1,0,-0.081,0,-0.997],"_humanoidState":5,"_cameraCFrame":[763.094,239.275,40.669,-1,0.017,-0.008,0,0.447,0.894,0.018,0.894,-0.447],"_shiftlockState":true,"_pose":"FreeFall","_animationQueue":[],"_animationSpeed":1,"_zoom":11.183},{"_mousePosition":[683,384],"_rootPartCFrame":[764.603,227.089,45.644,-0.989,0,0.148,0,1,0,-0.148,0,-0.989],"_humanoidState":5,"_cameraCFrame":[762.761,238.595,40.683,-1,0.017,-0.008,0,0.447,0.895,0.018,0.895,-0.447],"_shiftlockState":true,"_pose":"FreeFall","_animationQueue":[],"_animationSpeed":1,"_zoom":11.183},{"_mousePosition":[683,384],"_rootPartCFrame":[764.403,226.638,45.648,-0.997,0,0.081,0,1,0,-0.081,0,-0.997],"_humanoidState":5,"_cameraCFrame":[762.577,238.164,40.721,-1,0.014,-0.007,0,0.443,0.897,0.015,0.896,-0.443],"_shiftlockState":true,"_pose":"FreeFall","_animationQueue":[],"_animationSpeed":1,"_zoom":11.183},{"_mousePosition":[683,384],"_rootPartCFrame":[764.07,225.817,45.654,-0.989,0,0.151,0,1,0,-0.151,0,-0.989],"_humanoidState":5,"_cameraCFrame":[762.286,237.371,40.769,-1,0.006,-0.003,0,0.438,0.899,0.007,0.899,-0.438],"_shiftlockState":true,"_pose":"FreeFall","_animationQueue":[],"_animationSpeed":1,"_zoom":11.183},{"_mousePosition":[683,384],"_rootPartCFrame":[763.87,225.745,45.657,-1,0,0.025,0,1,0,-0.025,0,-1],"_humanoidState":7,"_cameraCFrame":[762.162,237.33,40.81,-1,-0.008,0.004,0,0.432,0.902,-0.009,0.902,-0.432],"_shiftlockState":true,"_pose":"FreeFall","_animationQueue":[["walk",0.1],["fall",0.3],["fall",0.3]],"_animationSpeed":1,"_zoom":11.183},{"_mousePosition":[683,384],"_rootPartCFrame":[763.536,225.936,45.66,-1,0,0.015,0,1,0,-0.015,0,-1],"_humanoidState":7,"_cameraCFrame":[761.909,237.54,40.825,-1,-0.023,0.011,0,0.428,0.904,-0.026,0.903,-0.428],"_shiftlockState":true,"_pose":"FreeFall","_animationQueue":[["fall",0.3]],"_animationSpeed":1,"_zoom":11.183},{"_mousePosition":[683,384],"_rootPartCFrame":[763.203,226.071,45.657,-1,0,0.026,0,1,0,-0.026,0,-1],"_humanoidState":8,"_cameraCFrame":[761.651,237.691,40.83,-0.999,-0.037,0.018,0,0.426,0.905,-0.041,0.904,-0.425],"_shiftlockState":true,"_pose":"Running","_animationQueue":[["walk",0.1],["fall",0.3],["walk",0.1]],"_animationSpeed":1.103,"_zoom":11.183},{"_mousePosition":[683,384],"_rootPartCFrame":[762.937,226.131,45.651,-0.999,0,0.041,0,1,0,-0.041,0,-0.999],"_humanoidState":8,"_cameraCFrame":[761.458,237.766,40.833,-0.998,-0.052,0.024,0,0.423,0.906,-0.057,0.905,-0.422],"_shiftlockState":true,"_pose":"Running","_animationQueue":[],"_animationSpeed":1.103,"_zoom":11.183},{"_mousePosition":[683,384],"_rootPartCFrame":[762.737,226.156,45.643,-0.998,0,0.057,0,1,0,-0.057,0,-0.998],"_humanoidState":8,"_cameraCFrame":[761.372,237.81,40.832,-0.997,-0.073,0.034,0,0.419,0.908,-0.081,0.905,-0.418],"_shiftlockState":true,"_pose":"Running","_animationQueue":[],"_animationSpeed":1.103,"_zoom":11.183},{"_mousePosition":[683,384],"_rootPartCFrame":[762.404,226.179,45.625,-0.997,0,0.081,0,1,0,-0.081,0,-0.997],"_humanoidState":8,"_cameraCFrame":[761.146,237.849,40.816,-0.995,-0.094,0.043,0,0.416,0.909,-0.104,0.904,-0.414],"_shiftlockState":true,"_pose":"Running","_animationQueue":[],"_animationSpeed":1.103,"_zoom":11.183},{"_mousePosition":[683,384],"_rootPartCFrame":[762.204,226.187,45.61,-0.995,0,0.104,0,1,0,-0.104,0,-0.995],"_humanoidState":8,"_cameraCFrame":[761.102,237.878,40.81,-0.991,-0.125,0.056,0,0.412,0.911,-0.137,0.903,-0.408],"_shiftlockState":true,"_pose":"Running","_animationQueue":[],"_animationSpeed":1.103,"_zoom":11.183},{"_mousePosition":[683,384],"_rootPartCFrame":[761.873,226.194,45.576,-0.991,0,0.137,0,1,0,-0.137,0,-0.991],"_humanoidState":8,"_cameraCFrame":[760.881,237.9,40.784,-0.987,-0.147,0.066,0,0.409,0.913,-0.161,0.901,-0.403],"_shiftlockState":true,"_pose":"Running","_animationQueue":[],"_animationSpeed":1.103,"_zoom":11.183},{"_mousePosition":[683,384],"_rootPartCFrame":[761.608,226.196,45.541,-0.987,0,0.161,0,1,0,-0.161,0,-0.987],"_humanoidState":8,"_cameraCFrame":[760.723,237.914,40.751,-0.983,-0.168,0.075,0,0.406,0.914,-0.184,0.898,-0.4],"_shiftlockState":true,"_pose":"Running","_animationQueue":[["walk",0.1]],"_animationSpeed":1.103,"_zoom":11.183},{"_mousePosition":[683,384],"_rootPartCFrame":[761.345,226.198,45.499,-0.983,0,0.184,0,1,0,-0.184,0,-0.983],"_humanoidState":8,"_cameraCFrame":[760.57,237.926,40.713,-0.978,-0.19,0.084,0,0.404,0.915,-0.207,0.895,-0.395],"_shiftlockState":true,"_pose":"Running","_animationQueue":[],"_animationSpeed":1.103,"_zoom":11.183},{"_mousePosition":[683,384],"_rootPartCFrame":[761.148,226.199,45.463,-0.978,0,0.207,0,1,0,-0.207,0,-0.978],"_humanoidState":8,"_cameraCFrame":[760.551,237.941,40.683,-0.97,-0.224,0.098,0,0.401,0.916,-0.245,0.888,-0.389],"_shiftlockState":true,"_pose":"Running","_animationQueue":[],"_animationSpeed":1.103,"_zoom":11.183},{"_mousePosition":[683,384],"_rootPartCFrame":[760.757,226.199,45.381,-0.97,0,0.245,0,1,0,-0.245,0,-0.97],"_humanoidState":8,"_cameraCFrame":[760.346,237.949,40.597,-0.959,-0.26,0.113,0,0.4,0.917,-0.283,0.879,-0.383],"_shiftlockState":true,"_pose":"Running","_animationQueue":[],"_animationSpeed":1.103,"_zoom":11.183},{"_mousePosition":[683,384],"_rootPartCFrame":[760.627,226.199,45.35,-0.959,0,0.283,0,1,0,-0.283,0,-0.959],"_humanoidState":8,"_cameraCFrame":[760.504,237.96,40.573,-0.94,-0.314,0.136,0,0.398,0.918,-0.342,0.862,-0.374],"_shiftlockState":true,"_pose":"Running","_animationQueue":[],"_animationSpeed":1.103,"_zoom":11.183},{"_mousePosition":[683,384],"_rootPartCFrame":[760.179,226.2,45.219,-0.94,0,0.342,0,1,0,-0.342,0,-0.94],"_humanoidState":8,"_cameraCFrame":[760.294,237.968,40.457,-0.921,-0.358,0.154,0,0.396,0.918,-0.39,0.846,-0.365],"_shiftlockState":true,"_pose":"Running","_animationQueue":[],"_animationSpeed":1.103,"_zoom":11.183},{"_mousePosition":[683,384],"_rootPartCFrame":[759.74,226.2,45.062,-0.921,0,0.39,0,1,0,-0.39,0,-0.921],"_humanoidState":8,"_cameraCFrame":[759.996,237.971,40.313,-0.909,-0.384,0.165,0,0.395,0.919,-0.418,0.835,-0.359],"_shiftlockState":true,"_pose":"Running","_animationQueue":[["walk",0.1]],"_animationSpeed":1.103,"_zoom":11.183},{"_mousePosition":[683,384],"_rootPartCFrame":[759.555,226.2,44.986,-0.909,0,0.418,0,1,0,-0.418,0,-0.909],"_humanoidState":8,"_cameraCFrame":[759.99,237.985,40.281,-0.891,-0.418,0.178,0,0.392,0.92,-0.454,0.819,-0.35],"_shiftlockState":true,"_pose":"Running","_animationQueue":[],"_animationSpeed":1.103,"_zoom":11.183},{"_mousePosition":[683,384],"_rootPartCFrame":[759.312,226.2,44.876,-0.891,0,0.454,0,1,0,-0.454,0,-0.891],"_humanoidState":8,"_cameraCFrame":[759.873,237.996,40.208,-0.877,-0.442,0.187,0,0.39,0.921,-0.48,0.808,-0.342],"_shiftlockState":true,"_pose":"Running","_animationQueue":[],"_animationSpeed":1.103,"_zoom":11.183},{"_mousePosition":[683,384],"_rootPartCFrame":[759.133,226.2,44.786,-0.877,0,0.48,0,1,0,-0.48,0,-0.877],"_humanoidState":8,"_cameraCFrame":[759.844,238.014,40.177,-0.859,-0.472,0.198,0,0.387,0.922,-0.512,0.792,-0.332],"_shiftlockState":true,"_pose":"Running","_animationQueue":[],"_animationSpeed":1.103,"_zoom":11.183},{"_mousePosition":[683,384],"_rootPartCFrame":[758.782,226.2,44.595,-0.859,0,0.512,0,1,0,-0.512,0,-0.859],"_humanoidState":8,"_cameraCFrame":[759.551,238.021,40.011,-0.851,-0.484,0.202,0,0.385,0.923,-0.525,0.786,-0.328],"_shiftlockState":true,"_pose":"Running","_animationQueue":[],"_animationSpeed":1.103,"_zoom":11.183},{"_mousePosition":[683,384],"_rootPartCFrame":[758.61,226.2,44.493,-0.851,0,0.525,0,1,0,-0.525,0,-0.851],"_humanoidState":8,"_cameraCFrame":[759.388,238.021,39.911,-0.85,-0.486,0.203,0,0.385,0.923,-0.526,0.785,-0.327],"_shiftlockState":true,"_pose":"Running","_animationQueue":[],"_animationSpeed":1.103,"_zoom":11.183},{"_mousePosition":[683,384],"_rootPartCFrame":[758.323,226.149,44.323,-0.85,0,0.526,0,1,0,-0.526,0,-0.85],"_humanoidState":8,"_cameraCFrame":[759.102,237.969,39.741,-0.85,-0.486,0.203,0,0.385,0.923,-0.526,0.785,-0.327],"_shiftlockState":true,"_pose":"Running","_animationQueue":[],"_animationSpeed":1.103,"_zoom":11.183},{"_mousePosition":[683,384],"_rootPartCFrame":[758.152,226.077,44.22,-0.85,0,0.526,0,1,0,-0.526,0,-0.85],"_humanoidState":8,"_cameraCFrame":[758.93,237.898,39.638,-0.85,-0.486,0.203,0,0.385,0.923,-0.526,0.785,-0.327],"_shiftlockState":true,"_pose":"Running","_animationQueue":[["walk",0.1]],"_animationSpeed":1.103,"_zoom":11.183},{"_mousePosition":[683,384],"_rootPartCFrame":[757.865,225.89,44.05,-0.85,0,0.526,0,1,0,-0.526,0,-0.85],"_humanoidState":8,"_cameraCFrame":[758.63,237.718,39.481,-0.851,-0.485,0.202,0,0.384,0.924,-0.525,0.786,-0.326],"_shiftlockState":true,"_pose":"Running","_animationQueue":[],"_animationSpeed":1.103,"_zoom":11.183},{"_mousePosition":[683,384],"_rootPartCFrame":[757.636,226.753,43.913,-0.851,0,0.525,0,1,0,-0.525,0,-0.851],"_humanoidState":3,"_cameraCFrame":[758.356,238.598,39.376,-0.854,-0.482,0.198,0,0.38,0.925,-0.521,0.79,-0.324],"_shiftlockState":true,"_pose":"Jumping","_animationQueue":[["walk",0.1],["jump",0.1]],"_animationSpeed":1,"_zoom":11.183},{"_mousePosition":[683,384],"_rootPartCFrame":[757.409,227.561,43.773,-0.802,0,0.597,0,1,0,-0.597,0,-0.802],"_humanoidState":5,"_cameraCFrame":[758.069,239.423,39.266,-0.858,-0.476,0.193,0,0.376,0.927,-0.514,0.795,-0.323],"_shiftlockState":true,"_pose":"FreeFall","_animationQueue":[["jump",0.1]],"_animationSpeed":1,"_zoom":11.183},{"_mousePosition":[683,384],"_rootPartCFrame":[757.239,228.132,43.669,-0.805,0,0.593,0,1,0,-0.593,0,-0.805],"_humanoidState":5,"_cameraCFrame":[757.807,240.014,39.196,-0.865,-0.465,0.186,0,0.372,0.928,-0.501,0.803,-0.322],"_shiftlockState":true,"_pose":"FreeFall","_animationQueue":[],"_animationSpeed":1,"_zoom":11.183},{"_mousePosition":[683,384],"_rootPartCFrame":[756.953,229.014,43.498,-0.771,0,0.637,0,1,0,-0.637,0,-0.771],"_humanoidState":5,"_cameraCFrame":[757.422,240.917,39.06,-0.874,-0.453,0.179,0,0.367,0.93,-0.487,0.813,-0.321],"_shiftlockState":true,"_pose":"FreeFall","_animationQueue":[],"_animationSpeed":1,"_zoom":11.183},{"_mousePosition":[683,384],"_rootPartCFrame":[756.78,229.503,43.397,-0.821,0,0.571,0,1,0,-0.571,0,-0.821],"_humanoidState":5,"_cameraCFrame":[757.079,241.435,39.014,-0.888,-0.429,0.166,0,0.36,0.933,-0.46,0.828,-0.32],"_shiftlockState":true,"_pose":"FreeFall","_animationQueue":[],"_animationSpeed":1,"_zoom":11.183},{"_mousePosition":[683,384],"_rootPartCFrame":[756.489,230.25,43.234,-0.799,0,0.601,0,1,0,-0.601,0,-0.799],"_humanoidState":5,"_cameraCFrame":[756.63,242.204,38.897,-0.902,-0.405,0.154,0,0.355,0.935,-0.433,0.843,-0.32],"_shiftlockState":true,"_pose":"FreeFall","_animationQueue":[],"_animationSpeed":1,"_zoom":11.183},{"_mousePosition":[683,384],"_rootPartCFrame":[756.312,230.657,43.141,-0.854,0,0.521,0,1,0,-0.521,0,-0.854],"_humanoidState":5,"_cameraCFrame":[756.245,242.64,38.872,-0.918,-0.371,0.138,0,0.348,0.937,-0.396,0.861,-0.32],"_shiftlockState":true,"_pose":"FreeFall","_animationQueue":[],"_animationSpeed":1,"_zoom":11.183},{"_mousePosition":[683,384],"_rootPartCFrame":[756.012,231.267,42.996,-0.84,0,0.542,0,1,0,-0.542,0,-0.84],"_humanoidState":5,"_cameraCFrame":[755.762,243.278,38.803,-0.932,-0.34,0.123,0,0.341,0.94,-0.362,0.876,-0.318],"_shiftlockState":true,"_pose":"FreeFall","_animationQueue":[],"_animationSpeed":1,"_zoom":11.183},{"_mousePosition":[683,384],"_rootPartCFrame":[755.829,231.592,42.915,-0.892,0,0.453,0,1,0,-0.453,0,-0.892],"_humanoidState":5,"_cameraCFrame":[755.397,243.624,38.791,-0.946,-0.306,0.109,0,0.336,0.942,-0.325,0.891,-0.318],"_shiftlockState":true,"_pose":"FreeFall","_animationQueue":[],"_animationSpeed":1,"_zoom":11.183},{"_mousePosition":[683,384],"_rootPartCFrame":[755.519,232.066,42.793,-0.879,0,0.478,0,1,0,-0.478,0,-0.879],"_humanoidState":5,"_cameraCFrame":[754.9,244.117,38.74,-0.958,-0.269,0.095,0,0.332,0.943,-0.285,0.904,-0.318],"_shiftlockState":true,"_pose":"FreeFall","_animationQueue":[],"_animationSpeed":1,"_zoom":11.183},{"_mousePosition":[683,384],"_rootPartCFrame":[755.267,232.384,42.705,-0.912,0,0.41,0,1,0,-0.41,0,-0.912],"_humanoidState":5,"_cameraCFrame":[754.471,244.446,38.714,-0.97,-0.231,0.08,0,0.329,0.944,-0.245,0.916,-0.319],"_shiftlockState":true,"_pose":"FreeFall","_animationQueue":[],"_animationSpeed":1,"_zoom":11.183},{"_mousePosition":[683,384],"_rootPartCFrame":[755.012,232.647,42.627,-0.981,0,0.195,0,1,0,-0.195,0,-0.981],"_humanoidState":5,"_cameraCFrame":[753.833,244.74,38.817,-0.988,-0.145,0.049,0,0.32,0.947,-0.154,0.936,-0.317],"_shiftlockState":true,"_pose":"FreeFall","_animationQueue":[],"_animationSpeed":1,"_zoom":11.183},{"_mousePosition":[683,384],"_rootPartCFrame":[754.687,232.9,42.556,-0.949,0,0.315,0,1,0,-0.315,0,-0.949],"_humanoidState":5,"_cameraCFrame":[753.375,245.007,38.83,-0.993,-0.114,0.038,0,0.317,0.949,-0.12,0.942,-0.314],"_shiftlockState":true,"_pose":"FreeFall","_animationQueue":[],"_animationSpeed":1,"_zoom":11.183},{"_mousePosition":[683,384],"_rootPartCFrame":[754.423,233.04,42.514,-0.968,0,0.251,0,1,0,-0.251,0,-0.968],"_humanoidState":5,"_cameraCFrame":[752.957,245.165,38.896,-0.997,-0.076,0.025,0,0.312,0.95,-0.08,0.947,-0.311],"_shiftlockState":true,"_pose":"FreeFall","_animationQueue":[["fall",0.3]],"_animationSpeed":1,"_zoom":11.183},{"_mousePosition":[683,384],"_rootPartCFrame":[754.159,233.127,42.48,-0.977,0,0.211,0,1,0,-0.211,0,-0.977],"_humanoidState":5,"_cameraCFrame":[752.544,245.265,38.968,-0.999,-0.037,0.012,0,0.308,0.951,-0.039,0.951,-0.308],"_shiftlockState":true,"_pose":"FreeFall","_animationQueue":[],"_animationSpeed":1,"_zoom":11.183},{"_mousePosition":[683,384],"_rootPartCFrame":[753.893,233.158,42.458,-0.985,0,0.171,0,1,0,-0.171,0,-0.985],"_humanoidState":5,"_cameraCFrame":[752.14,245.308,39.046,-1,0.001,0,0,0.305,0.952,0.001,0.952,-0.305],"_shiftlockState":true,"_pose":"FreeFall","_animationQueue":[],"_animationSpeed":1,"_zoom":11.183},{"_mousePosition":[683,384],"_rootPartCFrame":[753.627,233.136,42.446,-0.991,0,0.132,0,1,0,-0.132,0,-0.991],"_humanoidState":5,"_cameraCFrame":[751.761,245.291,39.112,-0.999,0.033,-0.01,0,0.304,0.953,0.034,0.952,-0.303],"_shiftlockState":true,"_pose":"FreeFall","_animationQueue":[],"_animationSpeed":1,"_zoom":11.183},{"_mousePosition":[683,384],"_rootPartCFrame":[753.36,233.058,42.444,-0.995,0,0.099,0,1,0,-0.099,0,-0.995],"_humanoidState":5,"_cameraCFrame":[751.345,245.222,39.226,-0.997,0.077,-0.024,0,0.301,0.954,0.08,0.95,-0.3],"_shiftlockState":true,"_pose":"FreeFall","_animationQueue":[],"_animationSpeed":1,"_zoom":11.183},{"_mousePosition":[683,384],"_rootPartCFrame":[753.094,232.927,42.452,-0.999,0,0.053,0,1,0,-0.053,0,-0.999],"_humanoidState":5,"_cameraCFrame":[750.937,245.101,39.364,-0.992,0.12,-0.038,0,0.298,0.954,0.126,0.947,-0.296],"_shiftlockState":true,"_pose":"FreeFall","_animationQueue":[],"_animationSpeed":1,"_zoom":11.183},{"_mousePosition":[683,384],"_rootPartCFrame":[752.828,232.74,42.472,-0.983,0,-0.184,0,1,0,0.184,0,-0.983],"_humanoidState":5,"_cameraCFrame":[750.376,244.913,39.609,-0.975,0.213,-0.067,0,0.299,0.954,0.224,0.93,-0.291],"_shiftlockState":true,"_pose":"FreeFall","_animationQueue":[["fall",0.3],["fall",0.3]],"_animationSpeed":1,"_zoom":11.183},{"_mousePosition":[683,384],"_rootPartCFrame":[752.575,232.499,42.515,-0.994,0,-0.108,0,1,0,0.108,0,-0.994],"_humanoidState":5,"_cameraCFrame":[750.055,244.659,39.659,-0.97,0.232,-0.073,0,0.302,0.953,0.243,0.925,-0.293],"_shiftlockState":true,"_pose":"FreeFall","_animationQueue":[],"_animationSpeed":1,"_zoom":11.183},{"_mousePosition":[683,384],"_rootPartCFrame":[752.398,232.283,42.569,-0.987,0,-0.163,0,1,0,0.163,0,-0.987],"_humanoidState":5,"_cameraCFrame":[749.857,244.434,39.702,-0.969,0.236,-0.076,0,0.305,0.952,0.248,0.923,-0.295],"_shiftlockState":true,"_pose":"FreeFall","_animationQueue":[],"_animationSpeed":1,"_zoom":11.183},{"_mousePosition":[683,384],"_rootPartCFrame":[752.13,231.854,42.702,-0.993,0,-0.118,0,1,0,0.118,0,-0.993],"_humanoidState":5,"_cameraCFrame":[749.587,243.975,39.725,-0.971,0.229,-0.075,0,0.313,0.95,0.241,0.922,-0.304],"_shiftlockState":true,"_pose":"FreeFall","_animationQueue":[],"_animationSpeed":1,"_zoom":11.183},{"_mousePosition":[683,384],"_rootPartCFrame":[751.985,231.556,42.806,-0.986,0,-0.164,0,1,0,0.164,0,-0.986],"_humanoidState":5,"_cameraCFrame":[749.511,243.601,39.518,-0.979,0.193,-0.068,0,0.333,0.943,0.204,0.923,-0.326],"_shiftlockState":true,"_pose":"FreeFall","_animationQueue":[],"_animationSpeed":1,"_zoom":11.183},{"_mousePosition":[683,384],"_rootPartCFrame":[751.769,230.991,43.023,-0.997,0,-0.08,0,1,0,0.08,0,-0.997],"_humanoidState":5,"_cameraCFrame":[749.481,242.959,39.374,-0.99,0.132,-0.05,0,0.352,0.936,0.141,0.927,-0.348],"_shiftlockState":true,"_pose":"FreeFall","_animationQueue":[],"_animationSpeed":1,"_zoom":11.183},{"_mousePosition":[683,384],"_rootPartCFrame":[751.654,230.611,43.179,-0.998,0,-0.069,0,1,0,0.069,0,-0.998],"_humanoidState":5,"_cameraCFrame":[749.788,242.457,38.983,-1,0.026,-0.01,0,0.38,0.925,0.028,0.925,-0.38],"_shiftlockState":true,"_pose":"FreeFall","_animationQueue":[],"_animationSpeed":1,"_zoom":11.183},{"_mousePosition":[683,384],"_rootPartCFrame":[751.456,229.91,43.446,-0.996,0,0.086,0,1,0,-0.086,0,-0.996],"_humanoidState":5,"_cameraCFrame":[749.98,241.654,38.862,-0.998,-0.055,0.024,0,0.401,0.916,-0.06,0.914,-0.4],"_shiftlockState":true,"_pose":"FreeFall","_animationQueue":[["fall",0.3]],"_animationSpeed":1,"_zoom":11.183},{"_mousePosition":[683,384],"_rootPartCFrame":[751.325,229.449,43.598,-0.992,0,0.129,0,1,0,-0.129,0,-0.992],"_humanoidState":5,"_cameraCFrame":[750.244,241.107,38.723,-0.99,-0.127,0.058,0,0.418,0.908,-0.139,0.9,-0.414],"_shiftlockState":true,"_pose":"FreeFall","_animationQueue":[],"_animationSpeed":1,"_zoom":11.183},{"_mousePosition":[683,384],"_rootPartCFrame":[751.081,228.611,43.824,-0.967,0,0.254,0,1,0,-0.254,0,-0.967],"_humanoidState":5,"_cameraCFrame":[750.117,240.243,38.87,-0.987,-0.146,0.068,0,0.423,0.906,-0.161,0.894,-0.418],"_shiftlockState":true,"_pose":"FreeFall","_animationQueue":[],"_animationSpeed":1,"_zoom":11.183},{"_mousePosition":[683,384],"_rootPartCFrame":[750.924,228.068,43.948,-0.972,0,0.234,0,1,0,-0.234,0,-0.972],"_humanoidState":5,"_cameraCFrame":[749.972,239.696,38.984,-0.987,-0.148,0.069,0,0.424,0.906,-0.163,0.894,-0.418],"_shiftlockState":true,"_pose":"FreeFall","_animationQueue":[],"_animationSpeed":1,"_zoom":11.183},{"_mousePosition":[683,384],"_rootPartCFrame":[750.6,226.889,44.183,-0.949,0,0.314,0,1,0,-0.314,0,-0.949],"_humanoidState":5,"_cameraCFrame":[749.619,238.51,39.209,-0.988,-0.142,0.067,0,0.425,0.905,-0.157,0.894,-0.42],"_shiftlockState":true,"_pose":"FreeFall","_animationQueue":[["fall",0]],"_animationSpeed":1,"_zoom":11.183},{"_mousePosition":[683,384],"_rootPartCFrame":[750.437,226.254,44.299,-0.972,0,0.234,0,1,0,-0.234,0,-0.972],"_humanoidState":5,"_cameraCFrame":[749.344,237.847,39.294,-0.991,-0.12,0.057,0,0.431,0.903,-0.133,0.895,-0.427],"_shiftlockState":true,"_pose":"FreeFall","_animationQueue":[],"_animationSpeed":1,"_zoom":11.183},{"_mousePosition":[683,384],"_rootPartCFrame":[750.216,225.366,44.408,-0.977,0.001,0.213,-0.005,1,-0.026,-0.212,-0.027,-0.977],"_humanoidState":5,"_cameraCFrame":[748.989,236.932,39.339,-0.994,-0.095,0.046,0,0.436,0.9,-0.105,0.895,-0.433],"_shiftlockState":true,"_pose":"FreeFall","_animationQueue":[["fall",0.3]],"_animationSpeed":1,"_zoom":11.183},{"_mousePosition":[683,384],"_rootPartCFrame":[749.985,224.446,44.45,-0.997,-0.004,0.073,-0.007,0.999,-0.037,-0.073,-0.038,-0.997],"_humanoidState":5,"_cameraCFrame":[748.565,235.969,39.33,-0.998,-0.06,0.03,0,0.443,0.896,-0.067,0.894,-0.442],"_shiftlockState":true,"_pose":"FreeFall","_animationQueue":[["fall",0.3]],"_animationSpeed":1,"_zoom":11.183},{"_mousePosition":[683,384],"_rootPartCFrame":[749.637,222.719,44.539,-0.998,-0.004,0.065,-0.005,1,-0.016,-0.065,-0.016,-0.998],"_humanoidState":5,"_cameraCFrame":[748.201,234.242,39.456,-0.998,-0.057,0.028,0,0.443,0.896,-0.064,0.895,-0.442],"_shiftlockState":true,"_pose":"FreeFall","_animationQueue":[],"_animationSpeed":1,"_zoom":11.183},{"_mousePosition":[683,384],"_rootPartCFrame":[749.523,222.688,44.55,-0.998,-0.002,0.058,-0.002,1,-0.007,-0.058,-0.007,-0.998],"_humanoidState":12,"_cameraCFrame":[748.074,234.216,39.493,-0.998,-0.054,0.027,0,0.443,0.897,-0.061,0.895,-0.442],"_shiftlockState":true,"_pose":"Climbing","_animationQueue":[["walk",0.1],["fall",0.3],["climb",0.1],["climb",0]],"_animationSpeed":-5.084,"_zoom":11.183},{"_mousePosition":[683,384],"_rootPartCFrame":[749.431,222.819,44.557,-0.998,0,0.059,0,1,-0.001,-0.059,-0.001,-0.998],"_humanoidState":12,"_cameraCFrame":[747.969,234.347,39.514,-0.998,-0.052,0.025,0,0.443,0.897,-0.058,0.895,-0.442],"_shiftlockState":true,"_pose":"Climbing","_animationQueue":[["climb",0.1]],"_animationSpeed":0.616,"_zoom":11.183},{"_mousePosition":[683,384],"_rootPartCFrame":[749.343,223.005,44.563,-0.998,0,0.057,0,1,0.001,-0.057,0.001,-0.998],"_humanoidState":12,"_cameraCFrame":[747.871,234.533,39.525,-0.998,-0.05,0.025,0,0.443,0.897,-0.055,0.895,-0.442],"_shiftlockState":true,"_pose":"Climbing","_animationQueue":[["climb",0.1]],"_animationSpeed":0.917,"_zoom":11.183},{"_mousePosition":[683,384],"_rootPartCFrame":[749.303,223.145,44.565,-0.998,0,0.055,0,1,0,-0.055,0.001,-0.998],"_humanoidState":12,"_cameraCFrame":[747.831,234.673,39.527,-0.998,-0.05,0.025,0,0.443,0.897,-0.055,0.895,-0.442],"_shiftlockState":true,"_pose":"Climbing","_animationQueue":[],"_animationSpeed":0.917,"_zoom":11.183},{"_mousePosition":[683,384],"_rootPartCFrame":[749.284,223.331,44.567,-0.998,0,0.055,0,1,0,-0.055,0,-0.998],"_humanoidState":12,"_cameraCFrame":[747.811,234.859,39.527,-0.998,-0.05,0.025,0,0.443,0.897,-0.055,0.895,-0.442],"_shiftlockState":true,"_pose":"Climbing","_animationQueue":[],"_animationSpeed":0.917,"_zoom":11.183},{"_mousePosition":[683,384],"_rootPartCFrame":[749.283,223.518,44.567,-0.998,0,0.055,0,1,0,-0.055,0,-0.998],"_humanoidState":12,"_cameraCFrame":[747.868,235.054,39.527,-0.998,-0.06,0.03,0,0.441,0.897,-0.067,0.895,-0.44],"_shiftlockState":true,"_pose":"Climbing","_animationQueue":[["climb",0]],"_animationSpeed":0.917,"_zoom":11.183},{"_mousePosition":[683,384],"_rootPartCFrame":[749.283,223.705,44.567,-0.998,0,0.067,0,1,0,-0.067,0,-0.998],"_humanoidState":12,"_cameraCFrame":[748.182,235.28,39.527,-0.991,-0.118,0.057,0,0.434,0.901,-0.131,0.893,-0.43],"_shiftlockState":true,"_pose":"Climbing","_animationQueue":[],"_animationSpeed":0.917,"_zoom":11.183},{"_mousePosition":[683,384],"_rootPartCFrame":[749.283,223.938,44.54,-0.992,0,0.129,0,1,0,-0.129,0,-0.992],"_humanoidState":12,"_cameraCFrame":[748.741,235.587,39.557,-0.969,-0.223,0.103,0,0.42,0.907,-0.246,0.88,-0.407],"_shiftlockState":true,"_pose":"Climbing","_animationQueue":[],"_animationSpeed":0.917,"_zoom":11.183},{"_mousePosition":[683,384],"_rootPartCFrame":[749.283,224.078,44.444,-0.971,0,0.241,0,1,0.001,-0.241,0.001,-0.971],"_humanoidState":12,"_cameraCFrame":[749.715,235.812,39.629,-0.896,-0.406,0.179,0,0.403,0.915,-0.444,0.82,-0.361],"_shiftlockState":true,"_pose":"Climbing","_animationQueue":[],"_animationSpeed":0.917,"_zoom":11.183},{"_mousePosition":[683,384],"_rootPartCFrame":[749.051,225.157,44.581,-0.888,0,0.46,0,1,0,-0.46,0,-0.888],"_humanoidState":8,"_cameraCFrame":[750.13,236.938,39.97,-0.821,-0.525,0.225,0,0.394,0.919,-0.572,0.754,-0.323],"_shiftlockState":true,"_pose":"Standing","_animationQueue":[["climb",0.1],["walk",0.1],["idle",0.1]],"_animationSpeed":1,"_zoom":11.183},{"_mousePosition":[683,384],"_rootPartCFrame":[748.928,225.427,44.63,-0.817,0,0.576,0,1,0,-0.576,0,-0.817],"_humanoidState":8,"_cameraCFrame":[750.655,237.253,40.328,-0.719,-0.642,0.267,0,0.384,0.923,-0.695,0.664,-0.276],"_shiftlockState":true,"_pose":"Running","_animationQueue":[["walk",0.1]],"_animationSpeed":1.068,"_zoom":11.183},{"_mousePosition":[683,384],"_rootPartCFrame":[748.602,225.837,44.696,-0.71,0,0.704,0,1,0,-0.704,0,-0.71],"_humanoidState":8,"_cameraCFrame":[750.675,237.677,40.583,-0.655,-0.699,0.288,0,0.381,0.925,-0.756,0.606,-0.249],"_shiftlockState":true,"_pose":"Running","_animationQueue":[["walk",0.1]],"_animationSpeed":1.068,"_zoom":11.183},{"_mousePosition":[683,384],"_rootPartCFrame":[748.403,225.97,44.705,-0.653,0,0.758,0,1,0,-0.758,0,-0.653],"_humanoidState":8,"_cameraCFrame":[750.641,237.823,40.715,-0.619,-0.727,0.297,0,0.378,0.926,-0.786,0.573,-0.234],"_shiftlockState":true,"_pose":"Running","_animationQueue":[],"_animationSpeed":1.068,"_zoom":11.183},{"_mousePosition":[683,384],"_rootPartCFrame":[748.07,226.092,44.685,-0.618,0,0.786,0,1,0,-0.786,0,-0.618],"_humanoidState":8,"_cameraCFrame":[750.312,237.946,40.698,-0.618,-0.728,0.297,0,0.378,0.926,-0.786,0.572,-0.233],"_shiftlockState":true,"_pose":"Running","_animationQueue":[],"_animationSpeed":1.068,"_zoom":11.183},{"_mousePosition":[683,384],"_rootPartCFrame":[747.871,226.131,44.663,-0.618,0,0.786,0,1,0,-0.786,0,-0.618],"_humanoidState":8,"_cameraCFrame":[750.019,237.988,40.633,-0.635,-0.715,0.291,0,0.377,0.926,-0.773,0.588,-0.24],"_shiftlockState":true,"_pose":"Running","_animationQueue":[],"_animationSpeed":1.068,"_zoom":11.183},{"_mousePosition":[683,384],"_rootPartCFrame":[747.54,226.168,44.624,-0.635,0,0.773,0,1,0,-0.773,0,-0.635],"_humanoidState":8,"_cameraCFrame":[749.536,238.021,40.508,-0.664,-0.692,0.282,0,0.378,0.926,-0.747,0.615,-0.251],"_shiftlockState":true,"_pose":"Running","_animationQueue":[],"_animationSpeed":1.068,"_zoom":11.183},{"_mousePosition":[683,384],"_rootPartCFrame":[747.379,226.179,44.532,-0.664,0,0.747,0,1,0,-0.747,0,-0.664],"_humanoidState":8,"_cameraCFrame":[749.185,238.019,40.296,-0.702,-0.659,0.271,0,0.381,0.925,-0.712,0.649,-0.267],"_shiftlockState":true,"_pose":"Running","_animationQueue":[],"_animationSpeed":1.068,"_zoom":11.183},{"_mousePosition":[683,384],"_rootPartCFrame":[747.156,226.19,44.288,-0.702,0,0.712,0,1,0,-0.712,0,-0.702],"_humanoidState":8,"_cameraCFrame":[748.774,238.013,39.935,-0.737,-0.624,0.26,0,0.385,0.923,-0.676,0.68,-0.283],"_shiftlockState":true,"_pose":"Running","_animationQueue":[["walk",0.1]],"_animationSpeed":1.068,"_zoom":11.183},{"_mousePosition":[683,384],"_rootPartCFrame":[747.017,226.174,44.144,-0.737,0,0.676,0,1,0,-0.676,0,-0.737],"_humanoidState":8,"_came