[{"_mousePosition":[142,325],"_rootPartCFrame":[776.028,222.95,47.142,0,0,1,0,1,0,-1,0,0],"_humanoidState":8,"_cameraCFrame":[778.615,240.457,36.386,-0.972,-0.192,0.133,0,0.569,0.823,-0.234,0.8,-0.553],"_shiftlockState":false,"_pose":"Standing","_animationQueue":[],"_animationSpeed":1,"_zoom":19.458},{"_mousePosition":[142,327],"_rootPartCFrame":[775.861,222.865,47.102,0.023,0,1,0,1,0,-1,0,0.023],"_humanoidState":8,"_cameraCFrame":[778.448,240.372,36.346,-0.972,-0.192,0.133,0,0.569,0.823,-0.234,0.8,-0.553],"_shiftlockState":false,"_pose":"Standing","_animationQueue":[],"_animationSpeed":1,"_zoom":19.458},{"_mousePosition":[142,328],"_rootPartCFrame":[775.604,222.719,47.04,0.052,0,0.999,0,1,0,-0.999,0,0.052],"_humanoidState":8,"_cameraCFrame":[778.191,240.227,36.284,-0.972,-0.192,0.133,0,0.569,0.823,-0.234,0.8,-0.553],"_shiftlockState":false,"_pose":"Running","_animationQueue":[["walk",0.1]],"_animationSpeed":1.003,"_zoom":19.458},{"_mousePosition":[142,329],"_rootPartCFrame":[775.344,222.61,46.978,0.077,0,0.997,0,1,0,-0.997,0,0.077],"_humanoidState":8,"_cameraCFrame":[777.931,240.118,36.222,-0.972,-0.192,0.133,0,0.569,0.823,-0.234,0.8,-0.553],"_shiftlockState":false,"_pose":"Running","_animationQueue":[["walk",0.1]],"_animationSpeed":1.101,"_zoom":19.458},{"_mousePosition":[142,336],"_rootPartCFrame":[775.085,222.636,46.915,0.098,0,0.995,0,1,0,-0.995,0,0.098],"_humanoidState":8,"_cameraCFrame":[777.672,240.143,36.159,-0.972,-0.192,0.133,0,0.569,0.823,-0.234,0.8,-0.553],"_shiftlockState":false,"_pose":"Running","_animationQueue":[],"_animationSpeed":1.101,"_zoom":19.458},{"_mousePosition":[142,336],"_rootPartCFrame":[774.826,222.663,46.853,0.117,0,0.993,0,1,0,-0.993,0,0.117],"_humanoidState":8,"_cameraCFrame":[777.413,240.17,36.097,-0.972,-0.192,0.133,0,0.569,0.823,-0.234,0.8,-0.553],"_shiftlockState":false,"_pose":"Running","_animationQueue":[],"_animationSpeed":1.101,"_zoom":19.458},{"_mousePosition":[141,341],"_rootPartCFrame":[774.567,222.68,46.791,0.133,0,0.991,0,1,0,-0.991,0,0.133],"_humanoidState":8,"_cameraCFrame":[777.154,240.187,36.035,-0.972,-0.192,0.133,0,0.569,0.823,-0.234,0.8,-0.553],"_shiftlockState":false,"_pose":"Running","_animationQueue":[],"_animationSpeed":1.101,"_zoom":19.458},{"_mousePosition":[140,346],"_rootPartCFrame":[774.307,222.689,46.728,0.146,0,0.989,0,1,0,-0.989,0,0.146],"_humanoidState":8,"_cameraCFrame":[776.894,240.196,35.972,-0.972,-0.192,0.133,0,0.569,0.823,-0.234,0.8,-0.553],"_shiftlockState":false,"_pose":"Running","_animationQueue":[],"_animationSpeed":1.101,"_zoom":19.458},{"_mousePosition":[139,352],"_rootPartCFrame":[774.048,222.694,46.666,0.158,0,0.987,0,1,0,-0.987,0,0.158],"_humanoidState":8,"_cameraCFrame":[774.933,240.201,35.501,-0.972,-0.192,0.133,0,0.569,0.823,-0.234,0.8,-0.553],"_shiftlockState":true,"_pose":"Running","_animationQueue":[],"_animationSpeed":1.101,"_zoom":19.458},{"_mousePosition":[683,384],"_rootPartCFrame":[773.789,222.697,46.603,-0.989,0,0.147,0,1,0,-0.147,0,-0.989],"_humanoidState":8,"_cameraCFrame":[774.674,240.204,35.438,-0.972,-0.192,0.133,0,0.569,0.823,-0.234,0.8,-0.553],"_shiftlockState":true,"_pose":"Running","_animationQueue":[["walk",0.1]],"_animationSpeed":1.101,"_zoom":19.458},{"_mousePosition":[683,384],"_rootPartCFrame":[773.53,222.698,46.541,-0.974,0,0.225,0,1,0,-0.225,0,-0.974],"_humanoidState":8,"_cameraCFrame":[774.338,240.294,35.498,-0.973,-0.19,0.129,0,0.562,0.827,-0.23,0.805,-0.547],"_shiftlockState":true,"_pose":"Running","_animationQueue":[],"_animationSpeed":1.101,"_zoom":19.458},{"_mousePosition":[683,384],"_rootPartCFrame":[773.27,222.699,46.479,-0.973,0,0.23,0,1,0,-0.23,0,-0.973],"_humanoidState":8,"_cameraCFrame":[774.024,240.356,35.522,-0.974,-0.188,0.126,0,0.557,0.83,-0.227,0.809,-0.543],"_shiftlockState":true,"_pose":"Running","_animationQueue":[],"_animationSpeed":1.101,"_zoom":19.458},{"_mousePosition":[683,384],"_rootPartCFrame":[773.011,222.699,46.417,-0.974,0,0.227,0,1,0,-0.227,0,-0.974],"_humanoidState":8,"_cameraCFrame":[773.727,240.4,35.523,-0.974,-0.187,0.124,0,0.554,0.833,-0.225,0.811,-0.54],"_shiftlockState":true,"_pose":"Running","_animationQueue":[],"_animationSpeed":1.101,"_zoom":19.458},{"_mousePosition":[683,384],"_rootPartCFrame":[772.751,222.699,46.357,-0.974,0,0.225,0,1,0,-0.225,0,-0.974],"_humanoidState":8,"_cameraCFrame":[773.378,240.495,35.599,-0.976,-0.184,0.12,0,0.546,0.837,-0.22,0.817,-0.533],"_shiftlockState":true,"_pose":"Running","_animationQueue":[],"_animationSpeed":1.101,"_zoom":19.458},{"_mousePosition":[683,384],"_rootPartCFrame":[772.426,222.7,46.282,-0.976,0,0.22,0,1,0,-0.22,0,-0.976],"_humanoidState":8,"_cameraCFrame":[772.844,240.723,35.867,-0.978,-0.176,0.109,0,0.528,0.849,-0.207,0.831,-0.517],"_shiftlockState":true,"_pose":"Running","_animationQueue":[],"_animationSpeed":1.101,"_zoom":19.458},{"_mousePosition":[683,384],"_rootPartCFrame":[772.166,222.7,46.223,-0.978,0,0.207,0,1,0,-0.207,0,-0.978],"_humanoidState":8,"_cameraCFrame":[772.304,241.054,36.344,-0.982,-0.165,0.095,0,0.5,0.866,-0.191,0.85,-0.491],"_shiftlockState":true,"_pose":"Running","_animationQueue":[["walk",0.1]],"_animationSpeed":1.101,"_zoom":19.458},{"_mousePosition":[683,384],"_rootPartCFrame":[771.906,222.7,46.167,-0.982,0,0.191,0,1,0,-0.191,0,-0.982],"_humanoidState":8,"_cameraCFrame":[771.703,241.425,36.952,-0.986,-0.149,0.078,0,0.465,0.885,-0.168,0.873,-0.458],"_shiftlockState":true,"_pose":"Running","_animationQueue":[],"_animationSpeed":1.101,"_zoom":19.458},{"_mousePosition":[683,384],"_rootPartCFrame":[771.709,222.7,46.129,-0.986,0,0.168,0,1,0,-0.168,0,-0.986],"_humanoidState":8,"_cameraCFrame":[771.118,241.875,37.828,-0.99,-0.127,0.059,0,0.418,0.908,-0.14,0.899,-0.414],"_shiftlockState":true,"_pose":"Running","_animationQueue":[],"_animationSpeed":1.101,"_zoom":19.458},{"_mousePosition":[683,384],"_rootPartCFrame":[771.381,222.7,46.072,-0.99,0,0.14,0,1,0,-0.14,0,-0.99],"_humanoidState":8,"_cameraCFrame":[770.605,242.122,38.335,-0.992,-0.117,0.049,0,0.389,0.921,-0.127,0.914,-0.386],"_shiftlockState":true,"_pose":"Running","_animationQueue":[],"_animationSpeed":1.101,"_zoom":19.458},{"_mousePosition":[683,384],"_rootPartCFrame":[771.183,222.7,46.042,-0.992,0,0.127,0,1,0,-0.127,0,-0.992],"_humanoidState":8,"_cameraCFrame":[770.287,242.289,38.717,-0.993,-0.109,0.043,0,0.368,0.93,-0.117,0.923,-0.366],"_shiftlockState":true,"_pose":"Running","_animationQueue":[],"_animationSpeed":1.101,"_zoom":19.458},{"_mousePosition":[683,384],"_rootPartCFrame":[770.852,222.7,46,-0.993,0,0.117,0,1,0,-0.117,0,-0.993],"_humanoidState":8,"_cameraCFrame":[769.829,242.419,39.021,-0.994,-0.098,0.037,0,0.351,0.936,-0.105,0.931,-0.349],"_shiftlockState":true,"_pose":"Running","_animationQueue":[],"_animationSpeed":1.101,"_zoom":19.458},{"_mousePosition":[683,384],"_rootPartCFrame":[770.588,223.563,45.966,-0.994,0,0.105,0,1,0,-0.105,0,-0.994],"_humanoidState":3,"_cameraCFrame":[769.443,243.389,39.295,-0.996,-0.086,0.031,0,0.336,0.942,-0.091,0.938,-0.335],"_shiftlockState":true,"_pose":"Jumping","_animationQueue":[["walk",0.1],["walk",0.1],["jump",0.1]],"_animationSpeed":1,"_zoom":19.458},{"_mousePosition":[683,384],"_rootPartCFrame":[770.323,224.371,45.937,-0.983,0,0.183,0,1,0,-0.183,0,-0.983],"_humanoidState":5,"_cameraCFrame":[769.028,244.281,39.527,-0.997,-0.068,0.023,0,0.324,0.946,-0.072,0.944,-0.323],"_shiftlockState":true,"_pose":"FreeFall","_animationQueue":[["jump",0.1]],"_animationSpeed":1,"_zoom":19.458},{"_mousePosition":[683,384],"_rootPartCFrame":[770.124,224.941,45.918,-0.986,0,0.166,0,1,0,-0.166,0,-0.986],"_humanoidState":5,"_cameraCFrame":[768.746,244.866,39.57,-0.998,-0.056,0.019,0,0.322,0.947,-0.059,0.945,-0.321],"_shiftlockState":true,"_pose":"FreeFall","_animationQueue":[],"_animationSpeed":1,"_zoom":19.458},{"_mousePosition":[683,384],"_rootPartCFrame":[769.792,225.824,45.893,-0.975,0,0.223,0,1,0,-0.223,0,-0.975],"_humanoidState":5,"_cameraCFrame":[768.414,245.749,39.545,-0.998,-0.056,0.019,0,0.322,0.947,-0.059,0.945,-0.321],"_shiftlockState":true,"_pose":"FreeFall","_animationQueue":[],"_animationSpeed":1,"_zoom":19.458},{"_mousePosition":[683,384],"_rootPartCFrame":[769.592,226.313,45.881,-0.987,0,0.158,0,1,0,-0.158,0,-0.987],"_humanoidState":5,"_cameraCFrame":[768.214,246.238,39.533,-0.998,-0.056,0.019,0,0.322,0.947,-0.059,0.945,-0.321],"_shiftlockState":true,"_pose":"FreeFall","_animationQueue":[],"_animationSpeed":1,"_zoom":19.458},{"_mousePosition":[683,384],"_rootPartCFrame":[769.259,227.059,45.861,-0.975,0,0.224,0,1,0,-0.224,0,-0.975],"_humanoidState":5,"_cameraCFrame":[767.882,246.984,39.513,-0.998,-0.056,0.019,0,0.322,0.947,-0.059,0.945,-0.321],"_shiftlockState":true,"_pose":"FreeFall","_animationQueue":[],"_animationSpeed":1,"_zoom":19.458},{"_mousePosition":[683,384],"_rootPartCFrame":[769.06,227.467,45.85,-0.987,0,0.158,0,1,0,-0.158,0,-0.987],"_humanoidState":5,"_cameraCFrame":[767.682,247.391,39.501,-0.998,-0.056,0.019,0,0.322,0.947,-0.059,0.945,-0.321],"_shiftlockState":true,"_pose":"FreeFall","_animationQueue":[],"_animationSpeed":1,"_zoom":19.458},{"_mousePosition":[683,384],"_rootPartCFrame":[768.727,228.077,45.83,-0.975,0,0.224,0,1,0,-0.224,0,-0.975],"_humanoidState":5,"_cameraCFrame":[767.349,248.002,39.481,-0.998,-0.056,0.019,0,0.322,0.947,-0.059,0.945,-0.321],"_shiftlockState":true,"_pose":"FreeFall","_animationQueue":[],"_animationSpeed":1,"_zoom":19.458},{"_mousePosition":[683,384],"_rootPartCFrame":[768.528,228.402,45.818,-0.987,0,0.158,0,1,0,-0.158,0,-0.987],"_humanoidState":5,"_cameraCFrame":[767.15,248.327,39.47,-0.998,-0.056,0.019,0,0.322,0.947,-0.059,0.945,-0.321],"_shiftlockState":true,"_pose":"FreeFall","_animationQueue":[],"_animationSpeed":1,"_zoom":19.458},{"_mousePosition":[683,384],"_rootPartCFrame":[768.195,228.876,45.799,-0.975,0,0.224,0,1,0,-0.224,0,-0.975],"_humanoidState":5,"_cameraCFrame":[766.817,248.801,39.45,-0.998,-0.056,0.019,0,0.322,0.947,-0.059,0.945,-0.321],"_shiftlockState":true,"_pose":"FreeFall","_animationQueue":[],"_animationSpeed":1,"_zoom":19.458},{"_mousePosition":[683,384],"_rootPartCFrame":[767.995,229.12,45.787,-0.987,0,0.158,0,1,0,-0.158,0,-0.987],"_humanoidState":5,"_cameraCFrame":[766.618,249.044,39.438,-0.998,-0.056,0.019,0,0.322,0.947,-0.059,0.945,-0.321],"_shiftlockState":true,"_pose":"FreeFall","_animationQueue":[],"_animationSpeed":1,"_zoom":19.458},{"_mousePosition":[683,384],"_rootPartCFrame":[767.663,229.457,45.767,-0.975,0,0.224,0,1,0,-0.224,0,-0.975],"_humanoidState":5,"_cameraCFrame":[766.285,249.382,39.418,-0.998,-0.056,0.019,0,0.322,0.947,-0.059,0.945,-0.321],"_shiftlockState":true,"_pose":"FreeFall","_animationQueue":[],"_animationSpeed":1,"_zoom":19.458},{"_mousePosition":[683,384],"_rootPartCFrame":[767.397,229.666,45.751,-0.982,0,0.191,0,1,0,-0.191,0,-0.982],"_humanoidState":5,"_cameraCFrame":[766.019,249.591,39.403,-0.998,-0.056,0.019,0,0.322,0.947,-0.059,0.945,-0.321],"_shiftlockState":true,"_pose":"FreeFall","_animationQueue":[],"_animationSpeed":1,"_zoom":19.458},{"_mousePosition":[683,384],"_rootPartCFrame":[767.13,229.821,45.736,-0.982,0,0.191,0,1,0,-0.191,0,-0.982],"_humanoidState":5,"_cameraCFrame":[765.741,249.735,39.36,-0.998,-0.054,0.018,0,0.323,0.946,-0.057,0.945,-0.323],"_shiftlockState":true,"_pose":"FreeFall","_animationQueue":[],"_animationSpeed":1,"_zoom":19.458},{"_mousePosition":[683,384],"_rootPartCFrame":[766.864,229.921,45.72,-0.982,0,0.189,0,1,0,-0.189,0,-0.982],"_humanoidState":5,"_cameraCFrame":[765.42,249.799,39.254,-0.999,-0.045,0.016,0,0.328,0.945,-0.048,0.943,-0.328],"_shiftlockState":true,"_pose":"FreeFall","_animationQueue":[],"_animationSpeed":1,"_zoom":19.458},{"_mousePosition":[683,384],"_rootPartCFrame":[766.598,229.966,45.705,-0.984,0,0.18,0,1,0,-0.18,0,-0.984],"_humanoidState":5,"_cameraCFrame":[765.039,249.84,39.251,-1,-0.028,0.01,0,0.329,0.944,-0.03,0.944,-0.329],"_shiftlockState":true,"_pose":"FreeFall","_animationQueue":[],"_animationSpeed":1,"_zoom":19.458},{"_mousePosition":[683,384],"_rootPartCFrame":[766.332,229.957,45.692,-0.987,0,0.162,0,1,0,-0.162,0,-0.987],"_humanoidState":5,"_cameraCFrame":[764.734,249.902,39.454,-1,-0.023,0.008,0,0.318,0.948,-0.024,0.948,-0.318],"_shiftlockState":true,"_pose":"FreeFall","_animationQueue":[],"_animationSpeed":1,"_zoom":19.458},{"_mousePosition":[683,384],"_rootPartCFrame":[766.065,229.893,45.683,-0.988,0,0.157,0,1,0,-0.157,0,-0.988],"_humanoidState":5,"_cameraCFrame":[764.41,249.94,39.772,-1,-0.015,0.005,0,0.302,0.953,-0.016,0.953,-0.302],"_shiftlockState":true,"_pose":"FreeFall","_animationQueue":[],"_animationSpeed":1,"_zoom":19.458},{"_mousePosition":[683,384],"_rootPartCFrame":[765.865,229.81,45.678,-0.993,0,0.116,0,1,0,-0.116,0,-0.993],"_humanoidState":5,"_cameraCFrame":[764.134,249.668,40.413,-1,-0.003,0.001,0,0.275,0.961,-0.004,0.961,-0.275],"_shiftlockState":true,"_pose":"FreeFall","_animationQueue":[],"_animationSpeed":1,"_zoom":15.166},{"_mousePosition":[683,384],"_rootPartCFrame":[765.532,229.603,45.672,-0.986,0,0.169,0,1,0,-0.169,0,-0.986],"_humanoidState":5,"_cameraCFrame":[763.769,248.888,40.845,-1,0.003,-0.001,0,0.262,0.965,0.003,0.965,-0.262],"_shiftlockState":true,"_pose":"FreeFall","_animationQueue":[["fall",0.3]],"_animationSpeed":1,"_zoom":15.166},{"_mousePosition":[683,384],"_rootPartCFrame":[765.332,229.437,45.671,-0.995,0,0.097,0,1,0,-0.097,0,-0.995],"_humanoidState":5,"_cameraCFrame":[763.56,247.98,41.109,-1,0.005,-0.001,0,0.259,0.966,0.005,0.966,-0.259],"_shiftlockState":true,"_pose":"FreeFall","_animationQueue":[],"_animationSpeed":1,"_zoom":15.166},{"_mousePosition":[683,384],"_rootPartCFrame":[764.999,229.094,45.672,-0.987,0,0.161,0,1,0,-0.161,0,-0.987],"_humanoidState":5,"_cameraCFrame":[763.228,247.048,41.267,-1,0.005,-0.001,0,0.259,0.966,0.005,0.966,-0.259],"_shiftlockState":true,"_pose":"FreeFall","_animationQueue":[],"_animationSpeed":1,"_zoom":15.166},{"_mousePosition":[683,384],"_rootPartCFrame":[764.799,228.847,45.672,-0.995,0,0.095,0,1,0,-0.095,0,-0.995],"_humanoidState":5,"_cameraCFrame":[763.028,246.324,41.396,-1,0.005,-0.001,0,0.259,0.966,0.005,0.966,-0.259],"_shiftlockState":true,"_pose":"FreeFall","_animationQueue":[],"_animationSpeed":1,"_zoom":15.166},{"_mousePosition":[683,384],"_rootPartCFrame":[764.466,228.367,45.674,-0.987,0,0.161,0,1,0,-0.161,0,-0.987],"_humanoidState":5,"_cameraCFrame":[762.695,245.455,41.502,-1,0.005,-0.001,0,0.259,0.966,0.005,0.966,-0.259],"_shiftlockState":true,"_pose":"FreeFall","_animationQueue":[],"_animationSpeed":1,"_zoom":15.166},{"_mousePosition":[683,384],"_rootPartCFrame":[764.266,228.038,45.675,-0.995,0,0.095,0,1,0,-0.095,0,-0.995],"_humanoidState":5,"_cameraCFrame":[762.496,244.841,41.579,-1,0.005,-0.001,0,0.259,0.966,0.005,0.966,-0.259],"_shiftlockState":true,"_pose":"FreeFall","_animationQueue":[],"_animationSpeed":1,"_zoom":15.166},{"_mousePosition":[683,384],"_rootPartCFrame":[763.932,227.422,45.677,-0.987,0,0.161,0,1,0,-0.161,0,-0.987],"_humanoidState":5,"_cameraCFrame":[762.163,244.021,41.636,-1,0.005,-0.001,0,0.259,0.966,0.005,0.966,-0.259],"_shiftlockState":true,"_pose":"FreeFall","_animationQueue":[],"_animationSpeed":1,"_zoom":15.166},{"_mousePosition":[683,384],"_rootPartCFrame":[763.733,227.012,45.678,-0.995,0,0.095,0,1,0,-0.095,0,-0.995],"_humanoidState":5,"_cameraCFrame":[761.963,243.467,41.675,-1,0.005,-0.001,0,0.259,0.966,0.005,0.966,-0.259],"_shiftlockState":true,"_pose":"FreeFall","_animationQueue":[["fall",0.3]],"_animationSpeed":1,"_zoom":15.166},{"_mousePosition":[683,384],"_rootPartCFrame":[763.399,226.26,45.679,-0.987,0,0.161,0,1,0,-0.161,0,-0.987],"_humanoidState":5,"_cameraCFrame":[761.63,242.625,41.701,-1,0.005,-0.001,0,0.259,0.966,0.005,0.966,-0.259],"_shiftlockState":true,"_pose":"FreeFall","_animationQueue":[],"_animationSpeed":1,"_zoom":15.166},{"_mousePosition":[683,384],"_rootPartCFrame":[763.133,225.597,45.68,-0.992,0,0.128,0,1,0,-0.128,0,-0.992],"_humanoidState":5,"_cameraCFrame":[761.364,241.887,41.722,-1,0.005,-0.001,0,0.259,0.966,0.005,0.966,-0.259],"_shiftlockState":true,"_pose":"FreeFall","_animationQueue":[],"_animationSpeed":1,"_zoom":15.166},{"_mousePosition":[683,384],"_rootPartCFrame":[762.933,225.063,45.681,-0.995,0,0.095,0,1,0,-0.095,0,-0.995],"_humanoidState":5,"_cameraCFrame":[761.164,241.307,41.736,-1,0.005,-0.001,0,0.259,0.966,0.005,0.966,-0.259],"_shiftlockState":true,"_pose":"FreeFall","_animationQueue":[],"_animationSpeed":1,"_zoom":15.166},{"_mousePosition":[683,384],"_rootPartCFrame":[762.599,224.107,45.683,-0.987,0,0.161,0,1,0,-0.161,0,-0.987],"_humanoidState":5,"_cameraCFrame":[760.831,240.321,41.758,-1,0.005,-0.001,0,0.258,0.966,0.005,0.966,-0.258],"_shiftlockState":true,"_pose":"FreeFall","_animationQueue":[],"_animationSpeed":1,"_zoom":15.166},{"_mousePosition":[683,384],"_rootPartCFrame":[762.333,223.732,45.684,-1,0,0.029,0,1,0,-0.029,0,-1],"_humanoidState":7,"_cameraCFrame":[760.564,239.926,41.765,-1,0.005,-0.001,0,0.258,0.966,0.005,0.966,-0.258],"_shiftlockState":true,"_pose":"FreeFall","_animationQueue":[["walk",0.1],["fall",0.3],["fall",0.3]],"_animationSpeed":1,"_zoom":15.166},{"_mousePosition":[683,384],"_rootPartCFrame":[762.133,223.764,45.685,-1,0,-0.003,0,1,0,0.003,0,-1],"_humanoidState":7,"_cameraCFrame":[760.364,239.944,41.769,-1,0.005,-0.001,0,0.258,0.966,0.005,0.966,-0.258],"_shiftlockState":true,"_pose":"FreeFall","_animationQueue":[],"_animationSpeed":1,"_zoom":15.166},{"_mousePosition":[683,384],"_rootPartCFrame":[761.8,223.852,45.687,-1,0,-0.005,0,1,0,0.005,0,-1],"_humanoidState":8,"_cameraCFrame":[760.031,240.023,41.774,-1,0.005,-0.001,0,0.258,0.966,0.005,0.966,-0.258],"_shiftlockState":true,"_pose":"Running","_animationQueue":[["fall",0.3],["walk",0.1],["fall",0.3],["walk",0.1]],"_animationSpeed":1.103,"_zoom":15.166},{"_mousePosition":[683,384],"_rootPartCFrame":[761.533,223.896,45.688,-1,0,-0.005,0,1,0,0.005,0,-1],"_humanoidState":8,"_cameraCFrame":[759.764,240.061,41.776,-1,0.005,-0.001,0,0.258,0.966,0.005,0.966,-0.258],"_shiftlockState":true,"_pose":"Running","_animationQueue":[],"_animationSpeed":1.103,"_zoom":15.166},{"_mousePosition":[683,384],"_rootPartCFrame":[761.2,223.925,45.69,-1,0,-0.005,0,1,0,0.005,0,-1],"_humanoidState":8,"_cameraCFrame":[759.431,240.085,41.779,-1,0.005,-0.001,0,0.258,0.966,0.005,0.966,-0.258],"_shiftlockState":true,"_pose":"Running","_animationQueue":[],"_animationSpeed":1.103,"_zoom":15.166},{"_mousePosition":[683,384],"_rootPartCFrame":[761,223.934,45.691,-1,0,-0.005,0,1,0,0.005,0,-1],"_humanoidState":8,"_cameraCFrame":[759.231,240.091,41.781,-1,0.005,-0.001,0,0.258,0.966,0.005,0.966,-0.258],"_shiftlockState":true,"_pose":"Running","_animationQueue":[],"_animationSpeed":1.103,"_zoom":15.166},{"_mousePosition":[683,384],"_rootPartCFrame":[760.666,223.942,45.692,-1,0,-0.005,0,1,0,0.005,0,-1],"_humanoidState":8,"_cameraCFrame":[758.897,240.097,41.783,-1,0.005,-0.001,0,0.258,0.966,0.005,0.966,-0.258],"_shiftlockState":true,"_pose":"Running","_animationQueue":[],"_animationSpeed":1.103,"_zoom":15.166},{"_mousePosition":[683,384],"_rootPartCFrame":[760.466,223.945,45.693,-1,0,-0.005,0,1,0,0.005,0,-1],"_humanoidState":8,"_cameraCFrame":[758.698,240.099,41.784,-1,0.005,-0.001,0,0.258,0.966,0.005,0.966,-0.258],"_shiftlockState":true,"_pose":"Running","_animationQueue":[],"_animationSpeed":1.103,"_zoom":15.166},{"_mousePosition":[683,384],"_rootPartCFrame":[760.133,223.947,45.695,-1,0,-0.005,0,1,0,0.005,0,-1],"_humanoidState":8,"_cameraCFrame":[758.372,240.104,41.794,-1,0.003,-0.001,0,0.257,0.966,0.003,0.966,-0.257],"_shiftlockState":true,"_pose":"Running","_animationQueue":[["walk",0.1]],"_animationSpeed":1.103,"_zoom":15.166},{"_mousePosition":[683,384],"_rootPartCFrame":[759.867,223.948,45.696,-1,0,-0.003,0,1,0,0.003,0,-1],"_humanoidState":8,"_cameraCFrame":[758.134,240.107,41.795,-1,-0.004,0.001,0,0.257,0.966,-0.005,0.966,-0.257],"_shiftlockState":true,"_pose":"Running","_animationQueue":[],"_animationSpeed":1.103,"_zoom":15.166},{"_mousePosition":[683,384],"_rootPartCFrame":[759.6,223.949,45.697,-1,0,0.005,0,1,0,-0.005,0,-1],"_humanoidState":8,"_cameraCFrame":[757.904,240.114,41.803,-1,-0.014,0.004,0,0.255,0.967,-0.014,0.967,-0.255],"_shiftlockState":true,"_pose":"Running","_animationQueue":[],"_animationSpeed":1.103,"_zoom":15.166},{"_mousePosition":[683,384],"_rootPartCFrame":[759.4,223.949,45.696,-1,0,0.014,0,1,0,-0.014,0,-1],"_humanoidState":8,"_cameraCFrame":[757.744,240.123,41.82,-1,-0.024,0.006,0,0.253,0.968,-0.024,0.967,-0.253],"_shiftlockState":true,"_pose":"Running","_animationQueue":[],"_animationSpeed":1.103,"_zoom":15.166},{"_mousePosition":[683,384],"_rootPartCFrame":[759.067,223.949,45.692,-1,0,0.024,0,1,0,-0.024,0,-1],"_humanoidState":8,"_cameraCFrame":[757.443,240.129,41.826,-0.999,-0.032,0.008,0,0.251,0.968,-0.033,0.967,-0.251],"_shiftlockState":true,"_pose":"Running","_animationQueue":[],"_animationSpeed":1.103,"_zoom":15.166},{"_mousePosition":[683,384],"_rootPartCFrame":[758.867,223.949,45.688,-0.999,0,0.033,0,1,0,-0.033,0,-0.999],"_humanoidState":8,"_cameraCFrame":[757.294,240.141,41.847,-0.999,-0.045,0.012,0,0.248,0.969,-0.046,0.968,-0.248],"_shiftlockState":true,"_pose":"Running","_animationQueue":[],"_animationSpeed":1.103,"_zoom":15.166},{"_mousePosition":[683,384],"_rootPartCFrame":[758.534,223.949,45.677,-0.999,0,0.046,0,1,0,-0.046,0,-0.999],"_humanoidState":8,"_cameraCFrame":[757.026,240.153,41.857,-0.998,-0.062,0.016,0,0.245,0.97,-0.064,0.968,-0.244],"_shiftlockState":true,"_pose":"Running","_animationQueue":[],"_animationSpeed":1.103,"_zoom":15.166},{"_mousePosition":[683,384],"_rootPartCFrame":[758.267,223.949,45.665,-0.998,0,0.064,0,1,0,-0.064,0,-0.998],"_humanoidState":8,"_cameraCFrame":[756.836,240.165,41.861,-0.996,-0.083,0.021,0,0.242,0.97,-0.085,0.967,-0.241],"_shiftlockState":true,"_pose":"Running","_animationQueue":[["walk",0.1]],"_animationSpeed":1.103,"_zoom":15.166},{"_mousePosition":[683,384],"_rootPartCFrame":[758.001,223.949,45.649,-0.996,0,0.085,0,1,0,-0.085,0,-0.996],"_humanoidState":8,"_cameraCFrame":[756.662,240.174,41.845,-0.994,-0.107,0.026,0,0.24,0.971,-0.11,0.965,-0.238],"_shiftlockState":true,"_pose":"Running","_animationQueue":[],"_animationSpeed":1.103,"_zoom":15.166},{"_mousePosition":[683,384],"_rootPartCFrame":[757.802,223.949,45.632,-0.994,0,0.11,0,1,0,-0.11,0,-0.994],"_humanoidState":8,"_cameraCFrame":[756.598,240.183,41.818,-0.989,-0.142,0.035,0,0.237,0.971,-0.146,0.961,-0.235],"_shiftlockState":true,"_pose":"Running","_animationQueue":[],"_animationSpeed":1.103,"_zoom":15.166},{"_mousePosition":[683,384],"_rootPartCFrame":[757.47,223.949,45.597,-0.989,0,0.146,0,1,0,-0.146,0,-0.989],"_humanoidState":8,"_cameraCFrame":[756.44,240.192,41.765,-0.981,-0.188,0.045,0,0.235,0.972,-0.193,0.954,-0.23],"_shiftlockState":true,"_pose":"Running","_animationQueue":[],"_animationSpeed":1.103,"_zoom":15.166},{"_mousePosition":[683,384],"_rootPartCFrame":[757.206,223.949,45.559,-0.981,0,0.193,0,1,0,-0.193,0,-0.981],"_humanoidState":8,"_cameraCFrame":[756.397,240.209,41.739,-0.967,-0.246,0.058,0,0.23,0.973,-0.253,0.941,-0.223],"_shiftlockState":true,"_pose":"Running","_animationQueue":[],"_animationSpeed":1.103,"_zoom":15.166},{"_mousePosition":[683,384],"_rootPartCFrame":[756.945,223.949,45.508,-0.967,0,0.253,0,1,0,-0.253,0,-0.967],"_humanoidState":8,"_cameraCFrame":[756.394,240.234,41.739,-0.945,-0.318,0.073,0,0.223,0.975,-0.326,0.921,-0.211],"_shiftlockState":true,"_pose":"Running","_animationQueue":[],"_animationSpeed":1.103,"_zoom":15.166},{"_mousePosition":[683,384],"_rootPartCFrame":[756.686,223.949,45.442,-0.945,0,0.326,0,1,0,-0.326,0,-0.945],"_humanoidState":8,"_cameraCFrame":[756.381,240.273,41.804,-0.915,-0.395,0.085,0,0.211,0.977,-0.404,0.894,-0.193],"_shiftlockState":true,"_pose":"Running","_animationQueue":[],"_animationSpeed":1.103,"_zoom":15.166},{"_mousePosition":[683,384],"_rootPartCFrame":[756.37,223.949,45.336,-0.915,0,0.404,0,1,0,-0.404,0,-0.915],"_humanoidState":8,"_cameraCFrame":[756.2,240.306,41.825,-0.89,-0.446,0.092,0,0.201,0.98,-0.455,0.872,-0.179],"_shiftlockState":true,"_pose":"Running","_animationQueue":[["walk",0.1]],"_animationSpeed":1.103,"_zoom":15.166},{"_mousePosition":[683,384],"_rootPartCFrame":[756.186,223.949,45.258,-0.89,0,0.455,0,1,0,-0.455,0,-0.89],"_humanoidState":8,"_cameraCFrame":[756.072,240.337,41.88,-0.873,-0.48,0.093,0,0.191,0.982,-0.489,0.857,-0.166],"_shiftlockState":true,"_pose":"Running","_animationQueue":[],"_animationSpeed":1.103,"_zoom":15.166},{"_mousePosition":[683,384],"_rootPartCFrame":[755.888,223.949,45.109,-0.873,0,0.489,0,1,0,-0.489,0,-0.873],"_humanoidState":8,"_cameraCFrame":[755.771,240.353,41.802,-0.867,-0.49,0.092,0,0.185,0.983,-0.499,0.852,-0.161],"_shiftlockState":true,"_pose":"Running","_animationQueue":[],"_animationSpeed":1.103,"_zoom":15.166},{"_mousePosition":[683,384],"_rootPartCFrame":[755.651,224.812,44.987,-0.867,0,0.499,0,1,0,-0.499,0,-0.867],"_humanoidState":3,"_cameraCFrame":[755.511,241.227,41.732,-0.866,-0.492,0.091,0,0.181,0.983,-0.5,0.851,-0.157],"_shiftlockState":true,"_pose":"Jumping","_animationQueue":[["walk",0.1],["jump",0.1]],"_animationSpeed":1,"_zoom":15.166},{"_mousePosition":[683,384],"_rootPartCFrame":[755.419,225.62,44.856,-0.816,0,0.578,0,1,0,-0.578,0,-0.816],"_humanoidState":5,"_cameraCFrame":[755.248,242.047,41.653,-0.866,-0.492,0.089,0,0.177,0.984,-0.5,0.852,-0.153],"_shiftlockState":true,"_pose":"FreeFall","_animationQueue":[["jump",0.1]],"_animationSpeed":1,"_zoom":15.166},{"_mousePosition":[683,384],"_rootPartCFrame":[755.188,226.374,44.723,-0.795,0,0.607,0,1,0,-0.607,0,-0.795],"_humanoidState":5,"_cameraCFrame":[754.97,242.81,41.568,-0.869,-0.487,0.086,0,0.174,0.985,-0.495,0.856,-0.151],"_shiftlockState":true,"_pose":"FreeFall","_animationQueue":[],"_animationSpeed":1,"_zoom":15.166},{"_mousePosition":[683,384],"_rootPartCFrame":[755.015,226.904,44.623,-0.816,0,0.579,0,1,0,-0.579,0,-0.816],"_humanoidState":5,"_cameraCFrame":[754.771,243.34,41.47,-0.873,-0.48,0.085,0,0.174,0.985,-0.488,0.86,-0.152],"_shiftlockState":true,"_pose":"FreeFall","_animationQueue":[],"_animationSpeed":1,"_zoom":15.166},{"_mousePosition":[683,384],"_rootPartCFrame":[754.783,227.563,44.491,-0.801,0,0.599,0,1,0,-0.599,0,-0.801],"_humanoidState":5,"_cameraCFrame":[754.506,243.999,41.341,-0.878,-0.471,0.083,0,0.174,0.985,-0.478,0.865,-0.152],"_shiftlockState":true,"_pose":"FreeFall","_animationQueue":[],"_animationSpeed":1,"_zoom":15.166},{"_mousePosition":[683,384],"_rootPartCFrame":[754.492,228.309,44.328,-0.787,0,0.617,0,1,0,-0.617,0,-0.787],"_humanoidState":5,"_cameraCFrame":[754.176,244.745,41.182,-0.884,-0.46,0.081,0,0.174,0.985,-0.467,0.871,-0.154],"_shiftlockState":true,"_pose":"FreeFall","_animationQueue":[],"_animationSpeed":1,"_zoom":15.166},{"_mousePosition":[683,384],"_rootPartCFrame":[754.317,228.716,44.232,-0.833,0,0.553,0,1,0,-0.553,0,-0.833],"_humanoidState":5,"_cameraCFrame":[753.935,245.152,41.093,-0.894,-0.442,0.078,0,0.174,0.985,-0.449,0.88,-0.155],"_shiftlockState":true,"_pose":"FreeFall","_animationQueue":[],"_animationSpeed":1,"_zoom":15.166},{"_mousePosition":[683,384],"_rootPartCFrame":[754.022,229.326,44.075,-0.807,0,0.591,0,1,0,-0.591,0,-0.807],"_humanoidState":5,"_cameraCFrame":[753.551,245.762,40.949,-0.906,-0.417,0.074,0,0.174,0.985,-0.423,0.892,-0.157],"_shiftlockState":true,"_pose":"FreeFall","_animationQueue":[],"_animationSpeed":1,"_zoom":15.166},{"_mousePosition":[683,384],"_rootPartCFrame":[753.784,229.753,43.955,-0.842,0,0.54,0,1,0,-0.54,0,-0.842],"_humanoidState":5,"_cameraCFrame":[753.209,246.189,40.846,-0.92,-0.387,0.068,0,0.174,0.985,-0.393,0.906,-0.16],"_shiftlockState":true,"_pose":"FreeFall","_animationQueue":[],"_animationSpeed":1,"_zoom":15.166},{"_mousePosition":[683,384],"_rootPartCFrame":[753.543,230.126,43.841,-0.859,0,0.511,0,1,0,-0.511,0,-0.859],"_humanoidState":5,"_cameraCFrame":[752.851,246.562,40.756,-0.934,-0.352,0.062,0,0.174,0.985,-0.358,0.92,-0.162],"_shiftlockState":true,"_pose":"FreeFall","_animationQueue":[],"_animationSpeed":1,"_zoom":15.166},{"_mousePosition":[683,384],"_rootPartCFrame":[753.36,230.369,43.761,-0.893,0,0.449,0,1,0,-0.449,0,-0.893],"_humanoidState":5,"_cameraCFrame":[752.526,246.805,40.711,-0.949,-0.31,0.055,0,0.174,0.985,-0.314,0.935,-0.165],"_shiftlockState":true,"_pose":"FreeFall","_animationQueue":[],"_animationSpeed":1,"_zoom":15.166},{"_mousePosition":[683,384],"_rootPartCFrame":[753.049,230.707,43.641,-0.884,0,0.467,0,1,0,-0.467,0,-0.884],"_humanoidState":5,"_cameraCFrame":[752.076,247.143,40.632,-0.963,-0.266,0.047,0,0.174,0.985,-0.27,0.948,-0.167],"_shiftlockState":true,"_pose":"FreeFall","_animationQueue":[],"_animationSpeed":1,"_zoom":15.166},{"_mousePosition":[683,384],"_rootPartCFrame":[752.796,230.916,43.555,-0.918,0,0.396,0,1,0,-0.396,0,-0.918],"_humanoidState":5,"_cameraCFrame":[751.661,247.352,40.604,-0.976,-0.214,0.038,0,0.174,0.985,-0.218,0.961,-0.169],"_shiftlockState":true,"_pose":"FreeFall","_animationQueue":[],"_animationSpeed":1,"_zoom":15.166},{"_mousePosition":[683,384],"_rootPartCFrame":[752.484,231.1,43.487,-0.934,0,0.358,0,1,0,-0.358,0,-0.934],"_humanoidState":5,"_cameraCFrame":[751.218,247.532,40.568,-0.985,-0.17,0.03,0,0.175,0.985,-0.172,0.97,-0.173],"_shiftlockState":true,"_pose":"FreeFall","_animationQueue":[],"_animationSpeed":1,"_zoom":15.166},{"_mousePosition":[683,384],"_rootPartCFrame":[752.36,231.15,43.477,-0.974,0,0.227,0,1,0,-0.227,0,-0.974],"_humanoidState":5,"_cameraCFrame":[750.939,247.571,40.574,-0.993,-0.114,0.021,0,0.179,0.984,-0.116,0.977,-0.178],"_shiftlockState":true,"_pose":"FreeFall","_animationQueue":[],"_animationSpeed":1,"_zoom":15.166},{"_mousePosition":[683,384],"_rootPartCFrame":[752.059,231.216,43.495,-0.967,0,0.254,0,1,0,-0.254,0,-0.967],"_humanoidState":5,"_cameraCFrame":[750.494,247.625,40.609,-0.998,-0.064,0.012,0,0.183,0.983,-0.065,0.981,-0.183],"_shiftlockState":true,"_pose":"FreeFall","_animationQueue":[],"_animationSpeed":1,"_zoom":15.166},{"_mousePosition":[683,384],"_rootPartCFrame":[751.827,231.206,43.554,-0.984,0,0.176,0,1,0,-0.176,0,-0.984],"_humanoidState":5,"_cameraCFrame":[750.069,247.596,40.672,-1,0.003,-0.001,0,0.19,0.982,0.003,0.982,-0.19],"_shiftlockState":true,"_pose":"FreeFall","_animationQueue":[["fall",0.3]],"_animationSpeed":1,"_zoom":15.166},{"_mousePosition":[683,384],"_rootPartCFrame":[751.604,231.143,43.65,-0.994,0,0.11,0,1,0,-0.11,0,-0.994],"_humanoidState":5,"_cameraCFrame":[749.678,247.516,40.791,-0.998,0.059,-0.012,0,0.196,0.981,0.06,0.979,-0.195],"_shiftlockState":true,"_pose":"FreeFall","_animationQueue":[],"_animationSpeed":1,"_zoom":15.166},{"_mousePosition":[683,384],"_rootPartCFrame":[751.395,231.025,43.785,-0.999,0,0.052,0,1,0,-0.052,0,-0.999],"_humanoidState":5,"_cameraCFrame":[749.318,247.38,40.942,-0.994,0.108,-0.022,0,0.201,0.98,0.11,0.974,-0.2],"_shiftlockState":true,"_pose":"FreeFall","_animationQueue":[],"_animationSpeed":1,"_zoom":15.166},{"_mousePosition":[683,384],"_rootPartCFrame":[751.202,230.852,43.955,-1,0,0.001,0,1,0,-0.001,0,-1],"_humanoidState":5,"_cameraCFrame":[748.974,247.172,41.043,-0.988,0.151,-0.033,0,0.212,0.977,0.155,0.965,-0.21],"_shiftlockState":true,"_pose":"FreeFall","_animationQueue":[],"_animationSpeed":1,"_zoom":15.166},{"_mousePosition":[683,384],"_rootPartCFrame":[751.04,230.625,44.147,-0.993,0,-0.117,0,1,0,0.117,0,-0.993],"_humanoidState":5,"_cameraCFrame":[748.718,246.903,41.095,-0.984,0.171,-0.04,0,0.225,0.974,0.176,0.959,-0.222],"_shiftlockState":true,"_pose":"FreeFall","_animationQueue":[],"_animationSpeed":1,"_zoom":15.166},{"_mousePosition":[683,384],"_rootPartCFrame":[750.915,230.343,44.352,-0.986,0,-0.168,0,1,0,0.168,0,-0.986],"_humanoidState":5,"_cameraCFrame":[748.558,246.579,41.127,-0.984,0.172,-0.042,0,0.237,0.972,0.177,0.956,-0.233],"_shiftlockState":true,"_pose":"FreeFall","_animationQueue":[],"_animationSpeed":1,"_zoom":15.166},{"_mousePosition":[683,384],"_rootPartCFrame":[750.78,230.007,44.567,-0.995,0,-0.104,0,1,0,0.104,0,-0.995],"_humanoidState":5,"_cameraCFrame":[748.418,246.231,41.293,-0.984,0.171,-0.042,0,0.24,0.971,0.176,0.956,-0.236],"_shiftlockState":true,"_pose":"FreeFall","_animationQueue":[["fall",0.3]],"_animationSpeed":1,"_zoom":15.166},{"_mousePosition":[683,384],"_rootPartCFrame":[750.628,229.617,44.786,-0.997,0,-0.075,0,1,0,0.075,0,-0.997],"_humanoidState":5,"_cameraCFrame":[748.267,245.84,41.512,-0.984,0.171,-0.042,0,0.24,0.971,0.176,0.956,-0.236],"_shiftlockState":true,"_pose":"FreeFall","_animationQueue":[],"_animationSpeed":1,"_zoom":15.166},{"_mousePosition":[683,384],"_rootPartCFrame":[750.476,229.172,45.005,-0.997,0,-0.072,0,1,0,0.072,0,-0.997],"_humanoidState":5,"_cameraCFrame":[748.114,245.395,41.73,-0.984,0.171,-0.042,0,0.24,0.971,0.176,0.956,-0.236],"_shiftlockState":true,"_pose":"FreeFall","_animationQueue":[],"_animationSpeed":1,"_zoom":15.166},{"_mousePosition":[683,384],"_rootPartCFrame":[750.323,228.672,45.224,-0.997,0,-0.072,0,1,0,0.072,0,-0.997],"_humanoidState":5,"_cameraCFrame":[748.12,244.813,41.499,-0.993,0.114,-0.031,0,0.261,0.965,0.118,0.959,-0.259],"_shiftlockState":true,"_pose":"FreeFall","_animationQueue":[],"_animationSpeed":1,"_zoom":15.166},{"_mousePosition":[683,384],"_rootPartCFrame":[750.193,228.129,45.379,-1,0.003,0.014,0.003,1,0,-0.014,0,-1],"_humanoidState":5,"_cameraCFrame":[749.477,243.968,40.188,-0.98,-0.19,0.066,0,0.326,0.945,-0.201,0.926,-0.319],"_shiftlockState":true,"_pose":"FreeFall","_animationQueue":[],"_animationSpeed":1,"_zoom":15.166},{"_mousePosition":[683,384],"_rootPartCFrame":[749.991,228.697,45.22,-0.985,-0.001,0.17,-0.001,1,-0.002,-0.17,-0.002,-0.985],"_humanoidState":7,"_cameraCFrame":[751.705,244.429,39.966,-0.803,-0.559,0.206,0,0.345,0.938,-0.596,0.754,-0.277],"_shiftlockState":true,"_pose":"FreeFall","_animationQueue":[["walk",0.1],["fall",0.3],["fall",0.3]],"_animationSpeed":1,"_zoom":15.166},{"_mousePosition":[683,384],"_rootPartCFrame":[749.797,229.184,44.883,-0.8,-0.001,0.6,-0.001,1,-0.001,-0.6,-0.001,-0.8],"_humanoidState":7,"_cameraCFrame":[753.669,244.904,40.897,-0.461,-0.832,0.309,0,0.348,0.938,-0.887,0.432,-0.16],"_shiftlockState":true,"_pose":"FreeFall","_animationQueue":[],"_animationSpeed":1,"_zoom":15.166},{"_mousePosition":[683,384],"_rootPartCFrame":[749.508,229.879,44.733,-0.454,0,0.891,0,1,0,-0.891,0,-0.454],"_humanoidState":8,"_cameraCFrame":[752.955,245.888,41.464,-0.373,-0.888,0.27,0,0.291,0.957,-0.928,0.356,-0.109],"_shiftlockState":true,"_pose":"Running","_animationQueue":[["fall",0.3],["walk",0.1],["fall",0.3],["walk",0.1]],"_animationSpeed":1.097,"_zoom":15.166},{"_mousePosition":[683,384],"_rootPartCFrame":[749.297,230.752,44.692,-0.371,0,0.929,0.001,1,0,-0.929,0.001,-0.371],"_humanoidState":3,"_cameraCFrame":[750.325,247.188,41.703,-0.608,-0.782,0.138,0,0.174,0.985,-0.794,0.598,-0.106],"_shiftlockState":true,"_pose":"Jumping","_animationQueue":[["walk",0.1],["jump",0.1]],"_animationSpeed":1,"_zoom":15.166},{"_mousePosition":[683,384],"_rootPartCFrame":[749.11,231.574,44.655,-0.607,0,0.795,0,1,0,-0.795,0,-0.607],"_humanoidState":5,"_cameraCFrame":[749.379,248.01,41.505,-0.783,-0.613,0.108,0,0.174,0.985,-0.622,0.771,-0.136],"_shiftlockState":true,"_pose":"FreeFall","_animationQueue":[["jump",0.1]],"_animationSpeed":1,"_zoom":15.166},{"_mousePosition":[683,384],"_rootPartCFrame":[748.995,232.155,44.632,-0.783,0,0.622,0,1,0,-0.622,0,-0.783],"_humanoidState":5,"_cameraCFrame":[749.218,248.491,41.036,-0.842,-0.527,0.112,0,0.208,0.978,-0.539,0.824,-0.175],"_shiftlockState":true,"_pose":"FreeFall","_animationQueue":[],"_animationSpeed":1,"_zoom":15.166},{"_mousePosition":[683,384],"_rootPartCFrame":[748.853,233.055,44.604,-0.842,0,0.539,0,1,0,-0.539,0,-0.842],"_humanoidState":5,"_cameraCFrame":[748.802,249.327,40.748,-0.897,-0.431,0.1,0,0.227,0.974,-0.442,0.874,-0.203],"_shiftlockState":true,"_pose":"FreeFall","_animationQueue":[],"_animationSpeed":1,"_zoom":15.166},{"_mousePosition":[683,384],"_rootPartCFrame":[748.783,233.713,44.59,-0.897,0,0.442,0,1,0,-0.442,0,-0.897],"_humanoidState":5,"_cameraCFrame":[748.362,249.904,40.456,-0.945,-0.317,0.081,0,0.249,0.969,-0.327,0.915,-0.235],"_shiftlockState":true,"_pose":"FreeFall","_animationQueue":[],"_animationSpeed":1,"_zoom":15.166},{"_mousePosition":[683,384],"_rootPartCFrame":[748.75,234.46,44.584,-0.945,0,0.327,0,1,0,-0.327,0,-0.945],"_humanoidState":5,"_cameraCFrame":[748.11,250.565,40.184,-0.966,-0.248,0.069,0,0.27,0.963,-0.257,0.931,-0.26],"_shiftlockState":true,"_pose":"FreeFall","_animationQueue":[],"_animationSpeed":1,"_zoom":15.166},{"_mousePosition":[683,384],"_rootPartCFrame":[748.749,234.735,44.584,-0.966,0,0.257,0,1,0,-0.257,0,-0.966],"_humanoidState":5,"_cameraCFrame":[747.874,250.744,39.915,-0.982,-0.183,0.056,0,0.291,0.957,-0.191,0.939,-0.286],"_shiftlockState":true,"_pose":"FreeFall","_animationQueue":[],"_animationSpeed":1,"_zoom":15.166},{"_mousePosition":[683,384],"_rootPartCFrame":[748.749,235.362,44.584,-0.982,0,0.191,0,1,0,-0.191,0,-0.982],"_humanoidState":5,"_cameraCFrame":[747.674,251.248,39.588,-0.991,-0.13,0.043,0,0.317,0.949,-0.137,0.94,-0.314],"_shiftlockState":true,"_pose":"FreeFall","_animationQueue":[],"_animationSpeed":1,"_zoom":15.166},{"_mousePosition":[683,384],"_rootPartCFrame":[748.744,235.802,44.608,-0.997,0,0.071,0,1,0,-0.071,0,-0.997],"_humanoidState":5,"_cameraCFrame":[747.334,251.518,39.224,-0.998,-0.06,0.022,0,0.348,0.937,-0.064,0.935,-0.348],"_shiftlockState":true,"_pose":"FreeFall","_animationQueue":[["jump",0.1]],"_animationSpeed":1,"_zoom":15.166},{"_mousePosition":[683,384],"_rootPartCFrame":[748.735,236.188,44.672,-0.998,0,0.066,0,1,0,-0.066,0,-0.998],"_humanoidState":5,"_cameraCFrame":[747.271,251.891,39.268,-0.999,-0.05,0.019,0,0.351,0.937,-0.053,0.935,-0.35],"_shiftlockState":true,"_pose":"FreeFall","_animationQueue":[],"_animationSpeed":1,"_zoom":15.166},{"_mousePosition":[683,384],"_rootPartCFrame":[748.725,236.52,44.775,-0.999,0,0.055,0,1,0,-0.055,0,-0.999],"_humanoidState":5,"_cameraCFrame":[747.205,252.21,39.353,-0.999,-0.04,0.015,0,0.353,0.936,-0.043,0.935,-0.353],"_shiftlockState":true,"_pose":"FreeFall","_animationQueue":[],"_animationSpeed":1,"_zoom":15.166},{"_mousePosition":[683,384],"_rootPartCFrame":[748.713,236.797,44.918,-0.999,0,0.044,0,1,0,-0.044,0,-0.999],"_humanoidState":5,"_cameraCFrame":[747.16,252.482,39.494,-0.999,-0.034,0.013,0,0.354,0.935,-0.037,0.935,-0.353],"_shiftlockState":true,"_pose":"FreeFall","_animationQueue":[],"_animationSpeed":1,"_zoom":15.166},{"_mousePosition":[683,384],"_rootPartCFrame":[748.701,237.019,45.101,-0.999,0,0.038,0,1,0,-0.038,0,-0.999],"_humanoidState":5,"_cameraCFrame":[747.104,252.692,39.656,-1,-0.026,0.01,0,0.356,0.935,-0.028,0.934,-0.356],"_shiftlockState":true,"_pose":"FreeFall","_animationQueue":[],"_animationSpeed":1,"_zoom":15.166},{"_mousePosition":[683,384],"_rootPartCFrame":[748.679,237.121,45.067,-1,0,0.028,0,1,0,-0.028,0,-1],"_humanoidState":5,"_cameraCFrame":[747.014,252.777,39.596,-1,-0.015,0.006,0,0.359,0.933,-0.016,0.933,-0.359],"_shiftlockState":true,"_pose":"FreeFall","_animationQueue":[["fall",0.3]],"_animationSpeed":1,"_zoom":15.166},{"_mousePosition":[683,384],"_rootPartCFrame":[748.644,237.145,44.987,-1,0,0.017,0,1,0,-0.017,0,-1],"_humanoidState":5,"_cameraCFrame":[746.939,252.792,39.506,-1,-0.008,0.003,0,0.36,0.933,-0.008,0.933,-0.36],"_shiftlockState":true,"_pose":"FreeFall","_animationQueue":[],"_animationSpeed":1,"_zoom":15.166},{"_mousePosition":[683,384],"_rootPartCFrame":[748.625,237.119,44.969,-1,0,0.009,0,1,0,-0.009,0,-1],"_humanoidState":5,"_cameraCFrame":[746.921,252.761,39.477,-1,-0.008,0.003,0,0.361,0.932,-0.008,0.932,-0.361],"_shiftlockState":true,"_pose":"FreeFall","_animationQueue":[],"_animationSpeed":1,"_zoom":15.166},{"_mousePosition":[683,384],"_rootPartCFrame":[748.603,237.036,44.98,-1,0,0.009,0,1,0,-0.009,0,-1],"_humanoidState":5,"_cameraCFrame":[746.898,252.678,39.488,-1,-0.008,0.003,0,0.361,0.932,-0.008,0.932,-0.361],"_shiftlockState":true,"_pose":"FreeFall","_animationQueue":[],"_animationSpeed":1,"_zoom":15.166},{"_mousePosition":[683,384],"_rootPartCFrame":[748.583,236.898,45.03,-1,0,0.008,0,1,0,-0.008,0,-1],"_humanoidState":5,"_c