[{"_mousePosition":[1134,356],"_rootPartCFrame":[776.023,222.958,47.142,0.003,0.004,1,0,1,-0.004,-1,0,0.003],"_humanoidState":8,"_cameraCFrame":[781.284,231.157,47.885,0.14,-0.776,0.615,0,0.621,0.784,-0.99,-0.11,0.087],"_shiftlockState":false,"_pose":"Standing","_animationQueue":[],"_animationSpeed":1,"_zoom":8.546},{"_mousePosition":[1127,356],"_rootPartCFrame":[775.853,222.871,47.118,0.017,0.001,1,0,1,-0.001,-1,0,0.017],"_humanoidState":8,"_cameraCFrame":[781.109,231.069,47.861,0.14,-0.776,0.615,0,0.621,0.784,-0.99,-0.11,0.087],"_shiftlockState":false,"_pose":"Standing","_animationQueue":[],"_animationSpeed":1,"_zoom":8.546},{"_mousePosition":[1052,355],"_rootPartCFrame":[775.591,222.722,47.081,0.033,0,0.999,0,1,0,-0.999,0,0.033],"_humanoidState":8,"_cameraCFrame":[780.845,230.921,47.824,0.14,-0.776,0.615,0,0.621,0.784,-0.99,-0.11,0.087],"_shiftlockState":false,"_pose":"Running","_animationQueue":[["walk",0.1]],"_animationSpeed":1.005,"_zoom":8.546},{"_mousePosition":[1043,356],"_rootPartCFrame":[775.327,222.612,47.044,0.048,0,0.999,0,1,0,-0.999,0,0.048],"_humanoidState":8,"_cameraCFrame":[780.581,230.81,47.787,0.14,-0.776,0.615,0,0.621,0.784,-0.99,-0.11,0.087],"_shiftlockState":false,"_pose":"Running","_animationQueue":[["walk",0.1],["walk",0.1]],"_animationSpeed":1.1,"_zoom":8.546},{"_mousePosition":[976,364],"_rootPartCFrame":[775.063,222.636,47.006,0.06,0,0.998,0,1,0,-0.998,0,0.06],"_humanoidState":8,"_cameraCFrame":[780.318,230.835,47.749,0.14,-0.776,0.615,0,0.621,0.784,-0.99,-0.11,0.087],"_shiftlockState":false,"_pose":"Running","_animationQueue":[],"_animationSpeed":1.1,"_zoom":8.546},{"_mousePosition":[966,365],"_rootPartCFrame":[774.799,222.663,46.969,0.071,0,0.997,0,1,0,-0.997,0,0.071],"_humanoidState":8,"_cameraCFrame":[780.053,230.862,47.712,0.14,-0.776,0.615,0,0.621,0.784,-0.99,-0.11,0.087],"_shiftlockState":false,"_pose":"Running","_animationQueue":[],"_animationSpeed":1.1,"_zoom":8.546},{"_mousePosition":[825,370],"_rootPartCFrame":[774.007,222.694,46.857,0.099,0,0.995,0,1,0,-0.995,0,0.099],"_humanoidState":8,"_cameraCFrame":[779.261,230.892,47.6,0.14,-0.776,0.615,0,0.621,0.784,-0.99,-0.11,0.087],"_shiftlockState":false,"_pose":"Running","_animationQueue":[],"_animationSpeed":1.1,"_zoom":8.546},{"_mousePosition":[823,370],"_rootPartCFrame":[773.743,222.697,46.819,0.105,0,0.995,0,1,0,-0.995,0,0.105],"_humanoidState":8,"_cameraCFrame":[778.997,230.895,47.563,0.14,-0.776,0.615,0,0.621,0.784,-0.99,-0.11,0.087],"_shiftlockState":false,"_pose":"Running","_animationQueue":[["walk",0.1]],"_animationSpeed":1.1,"_zoom":8.546},{"_mousePosition":[770,371],"_rootPartCFrame":[773.479,222.698,46.782,0.11,0,0.994,0,1,0,-0.994,0,0.11],"_humanoidState":8,"_cameraCFrame":[778.733,230.897,47.525,0.14,-0.776,0.615,0,0.621,0.784,-0.99,-0.11,0.087],"_shiftlockState":false,"_pose":"Running","_animationQueue":[],"_animationSpeed":1.1,"_zoom":8.546},{"_mousePosition":[762,371],"_rootPartCFrame":[773.215,222.699,46.745,0.114,0,0.994,0,1,0,-0.994,0,0.114],"_humanoidState":8,"_cameraCFrame":[778.469,230.897,47.488,0.14,-0.776,0.615,0,0.621,0.784,-0.99,-0.11,0.087],"_shiftlockState":false,"_pose":"Running","_animationQueue":[],"_animationSpeed":1.1,"_zoom":8.546},{"_mousePosition":[698,371],"_rootPartCFrame":[772.951,222.699,46.707,0.117,0,0.993,0,1,0,-0.993,0,0.117],"_humanoidState":8,"_cameraCFrame":[778.205,230.898,47.451,0.14,-0.776,0.615,0,0.621,0.784,-0.99,-0.11,0.087],"_shiftlockState":false,"_pose":"Running","_animationQueue":[],"_animationSpeed":1.1,"_zoom":8.546},{"_mousePosition":[689,371],"_rootPartCFrame":[772.687,222.699,46.67,0.12,0,0.993,0,1,0,-0.993,0,0.12],"_humanoidState":8,"_cameraCFrame":[777.941,230.898,47.413,0.14,-0.776,0.615,0,0.621,0.784,-0.99,-0.11,0.087],"_shiftlockState":false,"_pose":"Running","_animationQueue":[],"_animationSpeed":1.1,"_zoom":8.546},{"_mousePosition":[623,380],"_rootPartCFrame":[772.423,222.7,46.633,0.123,0,0.992,0,1,0,-0.992,0,0.123],"_humanoidState":8,"_cameraCFrame":[777.677,230.898,47.376,0.14,-0.776,0.615,0,0.621,0.784,-0.99,-0.11,0.087],"_shiftlockState":false,"_pose":"Running","_animationQueue":[],"_animationSpeed":1.1,"_zoom":8.546},{"_mousePosition":[617,382],"_rootPartCFrame":[772.159,222.7,46.595,0.125,0,0.992,0,1,0,-0.992,0,0.125],"_humanoidState":8,"_cameraCFrame":[777.413,230.898,47.339,0.14,-0.776,0.615,0,0.621,0.784,-0.99,-0.11,0.087],"_shiftlockState":false,"_pose":"Running","_animationQueue":[],"_animationSpeed":1.1,"_zoom":8.546},{"_mousePosition":[617,382],"_rootPartCFrame":[771.894,222.7,46.558,0.127,0,0.992,0,1,0,-0.992,0,0.127],"_humanoidState":8,"_cameraCFrame":[777.053,231,46.987,0.083,-0.793,0.604,0,0.606,0.796,-0.997,-0.066,0.05],"_shiftlockState":false,"_pose":"Running","_animationQueue":[["walk",0.1]],"_animationSpeed":1.1,"_zoom":8.546},{"_mousePosition":[617,382],"_rootPartCFrame":[771.63,222.7,46.521,0.129,0,0.992,0,1,0,-0.992,0,0.129],"_humanoidState":8,"_cameraCFrame":[776.671,231.099,46.701,0.036,-0.807,0.59,0,0.59,0.807,-0.999,-0.029,0.021],"_shiftlockState":false,"_pose":"Running","_animationQueue":[],"_animationSpeed":1.1,"_zoom":8.546},{"_mousePosition":[617,382],"_rootPartCFrame":[771.365,222.7,46.497,0.124,0,0.992,0,1,0,-0.992,0,0.124],"_humanoidState":8,"_cameraCFrame":[776.263,231.203,46.452,-0.009,-0.819,0.573,0,0.573,0.819,-1,0.008,-0.005],"_shiftlockState":false,"_pose":"Running","_animationQueue":[],"_animationSpeed":1.1,"_zoom":8.546},{"_mousePosition":[617,382],"_rootPartCFrame":[771.099,223.563,46.475,0.118,0,0.993,0,1,0,-0.993,0,0.118],"_humanoidState":3,"_cameraCFrame":[775.904,232.128,46.315,-0.033,-0.826,0.562,0,0.563,0.827,-0.999,0.028,-0.019],"_shiftlockState":false,"_pose":"Jumping","_animationQueue":[["walk",0.1],["jump",0.1]],"_animationSpeed":1,"_zoom":8.546},{"_mousePosition":[617,382],"_rootPartCFrame":[770.833,224.371,46.471,0.104,0,0.995,0,1,0,-0.995,0,0.104],"_humanoidState":5,"_cameraCFrame":[775.578,232.975,46.254,-0.046,-0.83,0.555,0,0.556,0.831,-0.999,0.038,-0.025],"_shiftlockState":false,"_pose":"FreeFall","_animationQueue":[["jump",0.1]],"_animationSpeed":1,"_zoom":8.546},{"_mousePosition":[617,382],"_rootPartCFrame":[770.566,225.125,46.479,0.087,0,0.996,0,1,0,-0.996,0,0.087],"_humanoidState":5,"_cameraCFrame":[775.282,233.748,46.248,-0.049,-0.833,0.552,0,0.552,0.834,-0.999,0.041,-0.027],"_shiftlockState":false,"_pose":"FreeFall","_animationQueue":[],"_animationSpeed":1,"_zoom":8.546},{"_mousePosition":[617,382],"_rootPartCFrame":[770.3,225.824,46.491,0.069,0,0.998,0,1,0,-0.998,0,0.069],"_humanoidState":5,"_cameraCFrame":[774.963,234.482,46.238,-0.054,-0.836,0.546,0,0.546,0.838,-0.999,0.045,-0.03],"_shiftlockState":false,"_pose":"FreeFall","_animationQueue":[],"_animationSpeed":1,"_zoom":8.546},{"_mousePosition":[617,382],"_rootPartCFrame":[770.033,226.469,46.504,0.053,0,0.999,0,1,0,-0.999,0,0.053],"_humanoidState":5,"_cameraCFrame":[774.63,235.168,46.211,-0.064,-0.841,0.538,0,0.539,0.842,-0.998,0.054,-0.034],"_shiftlockState":false,"_pose":"FreeFall","_animationQueue":[],"_animationSpeed":1,"_zoom":8.546},{"_mousePosition":[617,382],"_rootPartCFrame":[769.767,227.06,46.518,0.038,0,0.999,0,1,0,-0.999,0,0.038],"_humanoidState":5,"_cameraCFrame":[774.297,235.799,46.191,-0.072,-0.845,0.53,0,0.531,0.847,-0.997,0.061,-0.038],"_shiftlockState":false,"_pose":"FreeFall","_animationQueue":[],"_animationSpeed":1,"_zoom":8.546},{"_mousePosition":[617,382],"_rootPartCFrame":[769.501,227.595,46.535,0.024,0,1,0,1,0,-1,0,0.024],"_humanoidState":5,"_cameraCFrame":[773.841,236.241,46.167,-0.085,-0.851,0.519,0,0.52,0.854,-0.996,0.072,-0.044],"_shiftlockState":false,"_pose":"FreeFall","_animationQueue":[],"_animationSpeed":1,"_zoom":6.437},{"_mousePosition":[617,382],"_rootPartCFrame":[769.235,228.077,46.554,0.011,0,1,0,1,0,-1,0,0.011],"_humanoidState":5,"_cameraCFrame":[773.232,236.396,46.177,-0.094,-0.858,0.505,0,0.507,0.862,-0.996,0.081,-0.048],"_shiftlockState":false,"_pose":"FreeFall","_animationQueue":[],"_animationSpeed":1,"_zoom":4.749},{"_mousePosition":[617,382],"_rootPartCFrame":[768.969,228.504,46.576,-0.002,0,1,0,1,0,-1,0,-0.002],"_humanoidState":5,"_cameraCFrame":[772.475,236.208,46.204,-0.105,-0.865,0.491,0,0.494,0.869,-0.994,0.092,-0.052],"_shiftlockState":false,"_pose":"FreeFall","_animationQueue":[],"_animationSpeed":1,"_zoom":2.5},{"_mousePosition":[617,382],"_rootPartCFrame":[768.637,228.961,46.607,-0.017,0,1,0,1,0,-1,0,-0.017],"_humanoidState":5,"_cameraCFrame":[771.56,235.776,46.269,-0.115,-0.869,0.481,0,0.484,0.875,-0.993,0.1,-0.056],"_shiftlockState":false,"_pose":"FreeFall","_animationQueue":[],"_animationSpeed":1,"_zoom":1.6},{"_mousePosition":[617,382],"_rootPartCFrame":[768.438,229.194,46.627,-0.026,0,1,0,1,0,-1,0,-0.026],"_humanoidState":5,"_cameraCFrame":[770.79,235.051,46.331,-0.125,-0.872,0.474,0,0.478,0.878,-0.992,0.11,-0.06],"_shiftlockState":false,"_pose":"FreeFall","_animationQueue":[],"_animationSpeed":1,"_zoom":1.6},{"_mousePosition":[617,382],"_rootPartCFrame":[768.107,229.515,46.665,-0.041,0,0.999,0,1,0,-0.999,0,-0.041],"_humanoidState":5,"_cameraCFrame":[770.046,234.637,46.406,-0.132,-0.872,0.471,0,0.475,0.88,-0.991,0.117,-0.063],"_shiftlockState":false,"_pose":"FreeFall","_animationQueue":[],"_animationSpeed":1,"_zoom":1.6},{"_mousePosition":[617,382],"_rootPartCFrame":[767.909,229.666,46.69,-0.05,0,0.999,0,1,0,-0.999,0,-0.05],"_humanoidState":5,"_cameraCFrame":[769.518,234.2,46.463,-0.14,-0.873,0.468,0,0.472,0.881,-0.99,0.123,-0.066],"_shiftlockState":false,"_pose":"FreeFall","_animationQueue":[],"_animationSpeed":1,"_zoom":1.6},{"_mousePosition":[617,382],"_rootPartCFrame":[767.644,229.821,46.725,-0.061,0,0.998,0,1,0,-0.998,0,-0.061],"_humanoidState":5,"_cameraCFrame":[768.992,233.878,46.53,-0.143,-0.874,0.465,0,0.47,0.883,-0.99,0.126,-0.067],"_shiftlockState":false,"_pose":"FreeFall","_animationQueue":[],"_animationSpeed":1,"_zoom":1.6},{"_mousePosition":[617,382],"_rootPartCFrame":[767.38,229.921,46.762,-0.071,0,0.997,0,1,0,-0.997,0,-0.071],"_humanoidState":5,"_cameraCFrame":[768.541,233.628,46.59,-0.146,-0.874,0.464,0,0.469,0.883,-0.989,0.129,-0.068],"_shiftlockState":false,"_pose":"FreeFall","_animationQueue":[],"_animationSpeed":1,"_zoom":1.6},{"_mousePosition":[617,382],"_rootPartCFrame":[767.116,229.966,46.8,-0.081,0,0.997,0,1,0,-0.997,0,-0.081],"_humanoidState":5,"_cameraCFrame":[768.147,233.438,46.643,-0.15,-0.874,0.462,0,0.467,0.884,-0.989,0.133,-0.07],"_shiftlockState":false,"_pose":"FreeFall","_animationQueue":[],"_animationSpeed":1,"_zoom":1.6},{"_mousePosition":[617,382],"_rootPartCFrame":[766.918,229.964,46.829,-0.088,0,0.996,0,1,0,-0.996,0,-0.088],"_humanoidState":5,"_cameraCFrame":[767.843,233.253,46.683,-0.155,-0.875,0.458,0,0.464,0.886,-0.988,0.138,-0.072],"_shiftlockState":false,"_pose":"FreeFall","_animationQueue":[],"_animationSpeed":1,"_zoom":1.6},{"_mousePosition":[617,382],"_rootPartCFrame":[766.589,229.893,46.878,-0.099,0,0.995,0,1,0,-0.995,0,-0.099],"_humanoidState":5,"_cameraCFrame":[767.448,233.07,46.741,-0.158,-0.876,0.455,0,0.461,0.888,-0.987,0.14,-0.073],"_shiftlockState":false,"_pose":"FreeFall","_animationQueue":[["fall",0.3]],"_animationSpeed":1,"_zoom":1.6},{"_mousePosition":[617,382],"_rootPartCFrame":[766.325,229.775,46.92,-0.106,0,0.994,0,1,0,-0.994,0,-0.106],"_humanoidState":5,"_cameraCFrame":[767.136,232.869,46.789,-0.159,-0.878,0.452,0,0.458,0.889,-0.987,0.142,-0.073],"_shiftlockState":false,"_pose":"FreeFall","_animationQueue":[],"_animationSpeed":1,"_zoom":1.6},{"_mousePosition":[617,382],"_rootPartCFrame":[766.062,229.603,46.962,-0.114,0,0.994,0,1,0,-0.994,0,-0.114],"_humanoidState":5,"_cameraCFrame":[766.806,232.568,46.842,-0.159,-0.878,0.451,0,0.457,0.889,-0.987,0.142,-0.073],"_shiftlockState":false,"_pose":"FreeFall","_animationQueue":[],"_animationSpeed":1,"_zoom":0.5},{"_mousePosition":[683,384],"_rootPartCFrame":[765.799,229.375,47.004,-0.161,0,0.987,0,1,0,-0.987,0,-0.161],"_humanoidState":5,"_cameraCFrame":[766.448,232.154,46.9,-0.159,-0.878,0.451,0,0.457,0.889,-0.987,0.142,-0.073],"_shiftlockState":false,"_pose":"FreeFall","_animationQueue":[],"_animationSpeed":1,"_zoom":0.5},{"_mousePosition":[683,384],"_rootPartCFrame":[765.536,229.094,47.047,-0.16,0,0.987,0,1,0,-0.987,0,-0.16],"_humanoidState":5,"_cameraCFrame":[766.075,231.666,46.96,-0.159,-0.88,0.448,0,0.454,0.891,-0.987,0.142,-0.072],"_shiftlockState":false,"_pose":"FreeFall","_animationQueue":[],"_animationSpeed":1,"_zoom":0.5},{"_mousePosition":[683,384],"_rootPartCFrame":[765.272,228.758,47.089,-0.159,0,0.987,0,1,0,-0.987,0,-0.159],"_humanoidState":5,"_cameraCFrame":[765.722,231.156,47.016,-0.16,-0.88,0.446,0,0.452,0.892,-0.987,0.143,-0.073],"_shiftlockState":false,"_pose":"FreeFall","_animationQueue":[],"_animationSpeed":1,"_zoom":0.5},{"_mousePosition":[683,384],"_rootPartCFrame":[764.943,228.261,47.142,-0.16,0,0.987,0,1,0,-0.987,0,-0.16],"_humanoidState":5,"_cameraCFrame":[765.331,230.537,47.079,-0.161,-0.881,0.446,0,0.451,0.892,-0.987,0.144,-0.073],"_shiftlockState":false,"_pose":"FreeFall","_animationQueue":[["fall",0.3]],"_animationSpeed":1,"_zoom":0.5},{"_mousePosition":[683,384],"_rootPartCFrame":[764.746,227.922,47.174,-0.161,0,0.987,0,1,0,-0.987,0,-0.161],"_humanoidState":5,"_cameraCFrame":[765.09,230.11,47.118,-0.161,-0.881,0.446,0,0.451,0.892,-0.987,0.144,-0.073],"_shiftlockState":false,"_pose":"FreeFall","_animationQueue":[],"_animationSpeed":1,"_zoom":0.5},{"_mousePosition":[683,384],"_rootPartCFrame":[764.483,227.422,47.217,-0.161,0,0.987,0,1,0,-0.987,0,-0.161],"_humanoidState":5,"_cameraCFrame":[764.788,229.533,47.167,-0.161,-0.881,0.446,0,0.451,0.892,-0.987,0.144,-0.073],"_shiftlockState":false,"_pose":"FreeFall","_animationQueue":[],"_animationSpeed":1,"_zoom":0.5},{"_mousePosition":[683,384],"_rootPartCFrame":[764.22,226.868,47.26,-0.161,0,0.987,0,1,0,-0.987,0,-0.161],"_humanoidState":5,"_cameraCFrame":[764.5,228.93,47.215,-0.161,-0.881,0.446,0,0.451,0.892,-0.987,0.144,-0.073],"_shiftlockState":false,"_pose":"FreeFall","_animationQueue":[],"_animationSpeed":1,"_zoom":0.5},{"_mousePosition":[683,384],"_rootPartCFrame":[763.956,226.26,47.303,-0.161,0,0.987,0,1,0,-0.987,0,-0.161],"_humanoidState":5,"_cameraCFrame":[764.219,228.286,47.26,-0.161,-0.881,0.446,0,0.451,0.892,-0.987,0.144,-0.073],"_shiftlockState":false,"_pose":"FreeFall","_animationQueue":[],"_animationSpeed":1,"_zoom":0.5},{"_mousePosition":[683,384],"_rootPartCFrame":[763.759,225.768,47.336,-0.161,0,0.987,0,1,0,-0.987,0,-0.161],"_humanoidState":5,"_cameraCFrame":[764.009,227.768,47.295,-0.161,-0.881,0.446,0,0.451,0.892,-0.987,0.144,-0.073],"_shiftlockState":false,"_pose":"FreeFall","_animationQueue":[],"_animationSpeed":1,"_zoom":0.5},{"_mousePosition":[683,384],"_rootPartCFrame":[763.43,224.879,47.39,-0.161,0,0.987,0,1,0,-0.987,0,-0.161],"_humanoidState":5,"_cameraCFrame":[763.671,226.861,47.35,-0.163,-0.88,0.445,0,0.451,0.892,-0.987,0.146,-0.074],"_shiftlockState":false,"_pose":"FreeFall","_animationQueue":[],"_animationSpeed":1,"_zoom":0.5},{"_mousePosition":[683,384],"_rootPartCFrame":[763.167,224.107,47.433,-0.163,0,0.987,0,1,0,-0.987,0,-0.163],"_humanoidState":5,"_cameraCFrame":[763.402,226.077,47.393,-0.164,-0.88,0.445,0,0.451,0.892,-0.986,0.147,-0.074],"_shiftlockState":false,"_pose":"FreeFall","_animationQueue":[["fall",0.3]],"_animationSpeed":1,"_zoom":0.5},{"_mousePosition":[683,384],"_rootPartCFrame":[762.904,223.28,47.476,-0.164,0,0.986,0,1,0,-0.986,0,-0.164],"_humanoidState":7,"_cameraCFrame":[763.135,225.243,47.438,-0.164,-0.88,0.445,0,0.451,0.892,-0.986,0.147,-0.074],"_shiftlockState":false,"_pose":"FreeFall","_animationQueue":[["walk",0.1],["fall",0.3],["fall",0.3]],"_animationSpeed":1,"_zoom":0.5},{"_mousePosition":[683,384],"_rootPartCFrame":[762.707,222.909,47.509,-0.165,0,0.986,0,1,0,-0.986,0,-0.165],"_humanoidState":7,"_cameraCFrame":[762.934,224.865,47.471,-0.164,-0.88,0.445,0,0.451,0.892,-0.986,0.147,-0.074],"_shiftlockState":false,"_pose":"FreeFall","_animationQueue":[],"_animationSpeed":1,"_zoom":0.5},{"_mousePosition":[683,384],"_rootPartCFrame":[762.312,223.015,47.575,-0.164,0,0.986,0,1,0,-0.986,0,-0.164],"_humanoidState":8,"_cameraCFrame":[762.538,224.969,47.537,-0.164,-0.88,0.445,0,0.451,0.892,-0.986,0.147,-0.074],"_shiftlockState":false,"_pose":"Running","_animationQueue":[["walk",0.1],["fall",0.3],["walk",0.1]],"_animationSpeed":1.103,"_zoom":0.5},{"_mousePosition":[683,384],"_rootPartCFrame":[762.049,223.096,47.619,-0.164,0,0.986,0,1,0,-0.986,0,-0.164],"_humanoidState":8,"_cameraCFrame":[762.274,225.047,47.581,-0.164,-0.88,0.445,0,0.451,0.892,-0.986,0.147,-0.074],"_shiftlockState":false,"_pose":"Running","_animationQueue":[],"_animationSpeed":1.103,"_zoom":0.5},{"_mousePosition":[683,384],"_rootPartCFrame":[761.786,223.143,47.662,-0.164,0,0.986,0,1,0,-0.986,0,-0.164],"_humanoidState":8,"_cameraCFrame":[762.01,225.092,47.625,-0.164,-0.88,0.445,0,0.451,0.892,-0.986,0.147,-0.074],"_shiftlockState":false,"_pose":"Running","_animationQueue":[],"_animationSpeed":1.103,"_zoom":0.5},{"_mousePosition":[683,384],"_rootPartCFrame":[761.523,223.169,47.706,-0.165,0,0.986,0,1,0,-0.986,0,-0.165],"_humanoidState":8,"_cameraCFrame":[761.747,225.117,47.669,-0.164,-0.88,0.445,0,0.451,0.892,-0.986,0.147,-0.074],"_shiftlockState":false,"_pose":"Running","_animationQueue":[],"_animationSpeed":1.103,"_zoom":0.5},{"_mousePosition":[683,384],"_rootPartCFrame":[761.26,223.183,47.75,-0.164,0,0.986,0,1,0,-0.986,0,-0.164],"_humanoidState":8,"_cameraCFrame":[761.484,225.13,47.713,-0.164,-0.88,0.445,0,0.451,0.892,-0.986,0.147,-0.074],"_shiftlockState":false,"_pose":"Running","_animationQueue":[["walk",0.1]],"_animationSpeed":1.103,"_zoom":0.5},{"_mousePosition":[683,384],"_rootPartCFrame":[760.997,223.19,47.794,-0.165,0,0.986,0,1,0,-0.986,0,-0.165],"_humanoidState":8,"_cameraCFrame":[761.22,225.137,47.757,-0.164,-0.88,0.445,0,0.451,0.892,-0.986,0.147,-0.074],"_shiftlockState":false,"_pose":"Running","_animationQueue":[],"_animationSpeed":1.103,"_zoom":0.5},{"_mousePosition":[683,384],"_rootPartCFrame":[760.734,223.195,47.838,-0.165,0,0.986,0,1,0,-0.986,0,-0.165],"_humanoidState":8,"_cameraCFrame":[760.957,225.141,47.801,-0.164,-0.88,0.445,0,0.451,0.892,-0.986,0.147,-0.074],"_shiftlockState":false,"_pose":"Running","_animationQueue":[],"_animationSpeed":1.103,"_zoom":0.5},{"_mousePosition":[683,384],"_rootPartCFrame":[760.471,223.197,47.882,-0.164,0,0.986,0,1,0,-0.986,0,-0.164],"_humanoidState":8,"_cameraCFrame":[760.694,225.143,47.845,-0.164,-0.88,0.445,0,0.451,0.892,-0.986,0.147,-0.074],"_shiftlockState":false,"_pose":"Running","_animationQueue":[],"_animationSpeed":1.103,"_zoom":0.5},{"_mousePosition":[683,384],"_rootPartCFrame":[760.208,223.198,47.926,-0.164,0,0.986,0,1,0,-0.986,0,-0.164],"_humanoidState":8,"_cameraCFrame":[760.431,225.145,47.889,-0.164,-0.88,0.445,0,0.451,0.892,-0.986,0.147,-0.074],"_shiftlockState":false,"_pose":"Running","_animationQueue":[],"_animationSpeed":1.103,"_zoom":0.5},{"_mousePosition":[683,384],"_rootPartCFrame":[759.946,223.199,47.97,-0.164,0,0.986,0,1,0,-0.986,0,-0.164],"_humanoidState":8,"_cameraCFrame":[760.168,225.145,47.934,-0.159,-0.881,0.445,0,0.451,0.893,-0.987,0.142,-0.072],"_shiftlockState":false,"_pose":"Running","_animationQueue":[],"_animationSpeed":1.103,"_zoom":0.5},{"_mousePosition":[683,384],"_rootPartCFrame":[759.683,223.199,48.013,-0.159,0,0.987,0,1,0,-0.987,0,-0.159],"_humanoidState":8,"_cameraCFrame":[759.902,225.147,47.982,-0.142,-0.887,0.439,0,0.444,0.896,-0.99,0.127,-0.063],"_shiftlockState":false,"_pose":"Running","_animationQueue":[["walk",0.1]],"_animationSpeed":1.103,"_zoom":0.5},{"_mousePosition":[683,384],"_rootPartCFrame":[759.419,223.199,48.056,-0.142,0,0.99,0,1,0,-0.99,0,-0.142],"_humanoidState":8,"_cameraCFrame":[759.635,225.15,48.03,-0.12,-0.894,0.432,0,0.435,0.901,-0.993,0.108,-0.052],"_shiftlockState":false,"_pose":"Running","_animationQueue":[],"_animationSpeed":1.103,"_zoom":0.5},{"_mousePosition":[683,384],"_rootPartCFrame":[759.09,223.2,48.104,-0.12,0,0.993,0,1,0,-0.993,0,-0.12],"_humanoidState":8,"_cameraCFrame":[759.302,225.152,48.084,-0.096,-0.9,0.425,0,0.427,0.904,-0.995,0.087,-0.041],"_shiftlockState":false,"_pose":"Running","_animationQueue":[],"_animationSpeed":1.103,"_zoom":0.5},{"_mousePosition":[683,384],"_rootPartCFrame":[758.891,223.2,48.129,-0.096,0,0.995,0,1,0,-0.995,0,-0.096],"_humanoidState":8,"_cameraCFrame":[759.1,225.153,48.113,-0.076,-0.905,0.418,0,0.42,0.908,-0.997,0.069,-0.032],"_shiftlockState":false,"_pose":"Running","_animationQueue":[],"_animationSpeed":1.103,"_zoom":0.5},{"_mousePosition":[683,384],"_rootPartCFrame":[758.626,223.2,48.155,-0.076,0,0.997,0,1,0,-0.997,0,-0.076],"_humanoidState":8,"_cameraCFrame":[758.831,225.155,48.144,-0.056,-0.91,0.411,0,0.411,0.911,-0.998,0.051,-0.023],"_shiftlockState":false,"_pose":"Running","_animationQueue":[],"_animationSpeed":1.103,"_zoom":0.5},{"_mousePosition":[683,384],"_rootPartCFrame":[758.36,223.2,48.177,-0.056,0,0.998,0,1,0,-0.998,0,-0.056],"_humanoidState":8,"_cameraCFrame":[758.561,225.157,48.169,-0.035,-0.915,0.402,0,0.402,0.916,-0.999,0.032,-0.014],"_shiftlockState":false,"_pose":"Running","_animationQueue":[],"_animationSpeed":1.103,"_zoom":0.5},{"_mousePosition":[683,384],"_rootPartCFrame":[758.027,223.2,48.196,-0.035,0,0.999,0,1,0,-0.999,0,-0.035],"_humanoidState":8,"_cameraCFrame":[758.222,225.16,48.195,-0.006,-0.921,0.389,0,0.389,0.921,-1,0.006,-0.002],"_shiftlockState":false,"_pose":"Running","_animationQueue":[],"_animationSpeed":1.103,"_zoom":0.5},{"_mousePosition":[683,384],"_rootPartCFrame":[757.761,223.2,48.206,-0.006,0,1,0,1,0,-1,0,-0.006],"_humanoidState":8,"_cameraCFrame":[757.949,225.163,48.21,0.018,-0.927,0.376,0,0.376,0.927,-1,-0.017,0.007],"_shiftlockState":false,"_pose":"Running","_animationQueue":[["walk",0.1]],"_animationSpeed":1.103,"_zoom":0.5},{"_mousePosition":[683,384],"_rootPartCFrame":[757.494,223.2,48.209,0.018,0,1,0,1,0,-1,0,0.018],"_humanoidState":8,"_cameraCFrame":[757.675,225.166,48.217,0.044,-0.931,0.362,0,0.362,0.932,-0.999,-0.041,0.016],"_shiftlockState":false,"_pose":"Running","_animationQueue":[],"_animationSpeed":1.103,"_zoom":0.5},{"_mousePosition":[683,384],"_rootPartCFrame":[757.228,223.2,48.205,0.044,0,0.999,0,1,0,-0.999,0,0.044],"_humanoidState":8,"_cameraCFrame":[757.402,225.168,48.216,0.064,-0.935,0.35,0,0.35,0.937,-0.998,-0.06,0.022],"_shiftlockState":false,"_pose":"Running","_animationQueue":[],"_animationSpeed":1.103,"_zoom":0.5},{"_mousePosition":[683,384],"_rootPartCFrame":[756.961,223.2,48.194,0.064,0,0.998,0,1,0,-0.998,0,0.064],"_humanoidState":8,"_cameraCFrame":[757.129,225.17,48.208,0.079,-0.938,0.336,0,0.337,0.941,-0.997,-0.074,0.027],"_shiftlockState":false,"_pose":"Running","_animationQueue":[],"_animationSpeed":1.103,"_zoom":0.5},{"_mousePosition":[683,384],"_rootPartCFrame":[756.695,223.2,48.178,0.079,0,0.997,0,1,0,-0.997,0,0.079],"_humanoidState":8,"_cameraCFrame":[756.857,225.173,48.194,0.1,-0.941,0.323,0,0.325,0.946,-0.995,-0.094,0.032],"_shiftlockState":false,"_pose":"Running","_animationQueue":[],"_animationSpeed":1.103,"_zoom":0.5},{"_mousePosition":[683,384],"_rootPartCFrame":[756.429,223.2,48.158,0.1,0,0.995,0,1,0,-0.995,0,0.1],"_humanoidState":8,"_cameraCFrame":[756.583,225.175,48.179,0.135,-0.942,0.307,0,0.31,0.951,-0.991,-0.128,0.042],"_shiftlockState":false,"_pose":"Running","_animationQueue":[],"_animationSpeed":1.103,"_zoom":0.5},{"_mousePosition":[683,384],"_rootPartCFrame":[756.164,223.2,48.132,0.135,0,0.991,0,1,0,-0.991,0,0.135],"_humanoidState":8,"_cameraCFrame":[756.307,225.178,48.162,0.202,-0.937,0.286,0,0.292,0.957,-0.979,-0.193,0.059],"_shiftlockState":false,"_pose":"Running","_animationQueue":[],"_animationSpeed":1.103,"_zoom":0.5},{"_mousePosition":[683,384],"_rootPartCFrame":[755.833,223.2,48.089,0.202,0,0.979,0,1,0,-0.979,0,0.202],"_humanoidState":8,"_cameraCFrame":[755.966,225.18,48.128,0.284,-0.921,0.265,0,0.277,0.961,-0.959,-0.273,0.079],"_shiftlockState":false,"_pose":"Running","_animationQueue":[["walk",0.1]],"_animationSpeed":1.103,"_zoom":0.5},{"_mousePosition":[683,384],"_rootPartCFrame":[755.723,223.2,48.063,0.269,0,0.963,0,1,0,-0.963,0,0.269],"_humanoidState":8,"_cameraCFrame":[755.839,225.183,48.117,0.423,-0.876,0.232,0,0.256,0.967,-0.906,-0.409,0.108],"_shiftlockState":false,"_pose":"Running","_animationQueue":[],"_animationSpeed":1.103,"_zoom":0.5},{"_mousePosition":[683,384],"_rootPartCFrame":[755.701,223.2,48.134,0.409,0,0.913,0,1,0,-0.913,0,0.409],"_humanoidState":8,"_cameraCFrame":[755.804,225.185,48.196,0.52,-0.829,0.206,0,0.241,0.971,-0.854,-0.505,0.125],"_shiftlockState":false,"_pose":"Running","_animationQueue":[["walk",0.1]],"_animationSpeed":0.345,"_zoom":0.5},{"_mousePosition":[683,384],"_rootPartCFrame":[755.672,223.198,48.231,0.517,0.002,0.856,0,1,-0.002,-0.856,0.001,0.517],"_humanoidState":8,"_cameraCFrame":[755.76,225.186,48.303,0.639,-0.75,0.169,0,0.22,0.976,-0.769,-0.624,0.141],"_shiftlockState":false,"_pose":"Running","_animationQueue":[["walk",0.1]],"_animationSpeed":0.446,"_zoom":0.5},{"_mousePosition":[683,384],"_rootPartCFrame":[755.675,223.197,48.271,0.636,0.004,0.771,0,1,-0.005,-0.771,0.003,0.636],"_humanoidState":8,"_cameraCFrame":[755.744,225.187,48.35,0.758,-0.639,0.127,0,0.195,0.981,-0.652,-0.744,0.148],"_shiftlockState":false,"_pose":"Running","_animationQueue":[["walk",0.1]],"_animationSpeed":0.572,"_zoom":0.5},{"_mousePosition":[683,384],"_rootPartCFrame":[755.693,223.197,48.289,0.757,0.004,0.653,0,1,-0.007,-0.653,0.005,0.757],"_humanoidState":8,"_cameraCFrame":[755.747,225.189,48.371,0.844,-0.527,0.095,0,0.177,0.984,-0.536,-0.831,0.15],"_shiftlockState":false,"_pose":"Running","_animationQueue":[["walk",0.1]],"_animationSpeed":0.105,"_zoom":0.5},{"_mousePosition":[683,384],"_rootPartCFrame":[755.75,223.197,48.306,0.84,0.003,0.543,0,1,-0.006,-0.543,0.005,0.84],"_humanoidState":8,"_cameraCFrame":[755.792,225.189,48.391,0.899,-0.431,0.076,0,0.174,0.985,-0.438,-0.885,0.156],"_shiftlockState":false,"_pose":"Standing","_animationQueue":[["idle",0.1]],"_animationSpeed":1,"_zoom":0.5},{"_mousePosition":[683,384],"_rootPartCFrame":[755.785,223.194,48.347,0.917,0.002,0.399,-0.002,1,-0.001,-0.399,0,0.917],"_humanoidState":8,"_cameraCFrame":[755.817,225.186,48.429,0.943,-0.328,0.058,0,0.174,0.985,-0.333,-0.929,0.164],"_shiftlockState":false,"_pose":"Standing","_animationQueue":[],"_animationSpeed":1,"_zoom":0.5},{"_mousePosition":[683,384],"_rootPartCFrame":[755.8,223.194,48.395,0.945,0.002,0.328,-0.002,1,-0.001,-0.328,0.001,0.945],"_humanoidState":8,"_cameraCFrame":[755.826,225.186,48.48,0.967,-0.25,0.044,0,0.174,0.985,-0.254,-0.953,0.168],"_shiftlockState":false,"_pose":"Standing","_animationQueue":[],"_animationSpeed":1,"_zoom":0.5},{"_mousePosition":[683,384],"_rootPartCFrame":[755.802,223.194,48.446,0.969,0.004,0.248,-0.004,1,-0.002,-0.248,0.001,0.969],"_humanoidState":8,"_cameraCFrame":[755.826,225.186,48.531,0.979,-0.202,0.036,0,0.174,0.985,-0.205,-0.964,0.17],"_shiftlockState":false,"_pose":"Standing","_animationQueue":[],"_animationSpeed":1,"_zoom":0.5},{"_mousePosition":[683,384],"_rootPartCFrame":[755.78,223.194,48.486,0.982,0.006,0.188,-0.006,1,-0.001,-0.188,0,0.982],"_humanoidState":8,"_cameraCFrame":[755.801,225.187,48.572,0.989,-0.146,0.026,0,0.174,0.985,-0.148,-0.974,0.172],"_shiftlockState":false,"_pose":"Standing","_animationQueue":[],"_animationSpeed":1,"_zoom":0.5},{"_mousePosition":[683,384],"_rootPartCFrame":[755.714,223.194,48.537,0.993,0.008,0.119,-0.008,1,0,-0.119,-0.001,0.993],"_humanoidState":8,"_cameraCFrame":[755.736,225.186,48.623,0.994,-0.109,0.019,0,0.174,0.985,-0.111,-0.979,0.173],"_shiftlockState":false,"_pose":"Running","_animationQueue":[["walk",0.1]],"_animationSpeed":0.13,"_zoom":0.5},{"_mousePosition":[683,384],"_rootPartCFrame":[755.594,223.189,48.578,0.997,0.013,0.075,-0.013,1,0,-0.075,-0.001,0.997],"_humanoidState":8,"_cameraCFrame":[755.622,225.181,48.663,0.997,-0.082,0.014,0,0.174,0.985,-0.083,-0.981,0.173],"_shiftlockState":false,"_pose":"Running","_animationQueue":[["walk",0.1]],"_animationSpeed":0.341,"_zoom":0.5},{"_mousePosition":[683,384],"_rootPartCFrame":[755.407,223.178,48.61,0.999,0.026,0.043,-0.026,1,-0.001,-0.043,0,0.999],"_humanoidState":8,"_cameraCFrame":[755.45,225.17,48.697,0.999,-0.052,0.009,0,0.174,0.985,-0.053,-0.983,0.173],"_shiftlockState":false,"_pose":"Running","_animationQueue":[["walk",0.1]],"_animationSpeed":0.65,"_zoom":0.5},{"_mousePosition":[683,384],"_rootPartCFrame":[755.321,223.182,48.62,0.999,0.015,0.028,-0.015,1,-0.002,-0.028,0.001,1],"_humanoidState":8,"_cameraCFrame":[755.346,225.175,48.709,0.999,-0.034,0.006,0,0.174,0.985,-0.034,-0.984,0.174],"_shiftlockState":false,"_pose":"Running","_animationQueue":[["walk",0.1],["walk",0.1]],"_animationSpeed":0.988,"_zoom":0.5},{"_mousePosition":[683,384],"_rootPartCFrame":[755.318,223.189,48.621,0.999,0.002,0.032,-0.002,1,-0.002,-0.032,0.002,0.999],"_humanoidState":8,"_cameraCFrame":[755.324,225.182,48.711,0.999,-0.034,0.006,0,0.174,0.985,-0.034,-0.984,0.174],"_shiftlockState":false,"_pose":"Running","_animationQueue":[["walk",0.1]],"_animationSpeed":0.126,"_zoom":0.5},{"_mousePosition":[683,384],"_rootPartCFrame":[755.32,223.191,48.622,0.999,0,0.034,0,1,-0.002,-0.034,0.002,0.999],"_humanoidState":8,"_cameraCFrame":[755.323,225.183,48.711,0.999,-0.034,0.006,0,0.174,0.985,-0.034,-0.984,0.174],"_shiftlockState":false,"_pose":"Standing","_animationQueue":[["idle",0.1]],"_animationSpeed":1,"_zoom":0.5},{"_mousePosition":[683,384],"_rootPartCFrame":[755.32,223.193,48.622,0.999,0,0.034,0,1,-0.002,-0.034,0.002,0.999],"_humanoidState":8,"_cameraCFrame":[755.323,225.186,48.711,0.999,-0.034,0.006,0,0.174,0.985,-0.034,-0.984,0.174],"_shiftlockState":false,"_pose":"Standing","_animationQueue":[],"_animationSpeed":1,"_zoom":0.5},{"_mousePosition":[683,384],"_rootPartCFrame":[755.32,223.196,48.622,0.999,0,0.034,0,1,-0.002,-0.034,0.002,0.999],"_humanoidState":8,"_cameraCFrame":[755.323,225.188,48.711,0.999,-0.034,0.006,0,0.174,0.985,-0.034,-0.984,0.174],"_shiftlockState":false,"_pose":"Standing","_animationQueue":[],"_animationSpeed":1,"_zoom":0.5},{"_mousePosition":[683,384],"_rootPartCFrame":[755.199,223.196,48.628,1,0.003,0.029,-0.003,1,-0.002,-0.029,0.002,1],"_humanoidState":8,"_cameraCFrame":[755.207,225.189,48.717,0.999,-0.034,0.006,0,0.174,0.985,-0.034,-0.984,0.174],"_shiftlockState":false,"_pose":"Standing","_animationQueue":[],"_animationSpeed":1,"_zoom":0.5},{"_mousePosition":[683,384],"_rootPartCFrame":[754.954,223.194,48.635,1,0.006,0.013,-0.006,1,-0.002,-0.013,0.002,1],"_humanoidState":8,"_cameraCFrame":[754.966,225.186,48.724,0.999,-0.034,0.006,0,0.174,0.985,-0.034,-0.984,0.174],"_shiftlockState":false,"_pose":"Running","_animationQueue":[["walk",0.1]],"_animationSpeed":0.794,"_zoom":0.5},{"_mousePosition":[683,384],"_rootPartCFrame":[754.688,223.196,48.64,1,0.003,0.007,-0.003,1,-0.003,-0.007,0.003,1],"_humanoidState":8,"_cameraCFrame":[754.695,225.188,48.732,0.999,-0.034,0.006,0,0.174,0.985,-0.034,-0.984,0.174],"_shiftlockState":false,"_pose":"Running","_animationQueue":[["walk",0.1],["walk",0.1]],"_animationSpeed":1.093,"_zoom":0.5},{"_mousePosition":[683,384],"_rootPartCFrame":[754.447,223.193,48.641,1,0.015,0.006,-0.015,1,-0.006,-0.007,0.006,1],"_humanoidState":8,"_cameraCFrame":[754.474,225.185,48.737,0.999,-0.034,0.006,0,0.174,0.985,-0.034,-0.984,0.174],"_shiftlockState":false,"_pose":"Running","_animationQueue":[],"_animationSpeed":1.093,"_zoom":0.5},{"_mousePosition":[683,384],"_rootPartCFrame":[754.213,223.19,48.646,1,0.029,0.008,-0.029,1,-0.009,-0.008,0.009,1],"_humanoidState":8,"_cameraCFrame":[754.26,225.182,48.746,0.999,-0.034,0.006,0,0.174,0.985,-0.034,-0.984,0.174],"_shiftlockState":false,"_pose":"Running","_animationQueue":[["walk",0.1]],"_animationSpeed":0.829,"_zoom":0.5},{"_mousePosition":[683,384],"_rootPartCFrame":[754.152,223.193,48.654,1,0.017,0.022,-0.016,1,-0.011,-0.022,0.011,1],"_humanoidState":8,"_cameraCFrame":[754.18,225.185,48.757,0.999,-0.034,0.006,0,0.174,0.985,-0.034,-0.984,0.174],"_shiftlockState":false,"_pose":"Running","_animationQueue":[],"_animationSpeed":0.829,"_zoom":0.5},{"_mousePosition":[683,384],"_rootPartCFrame":[754.154,223.193,48.657,1,0.005,0.031,-0.004,1,-0.008,-0.031,0.008,0.999],"_humanoidState":8,"_cameraCFrame":[754.163,225.185,48.757,1,-0.024,0.004,0,0.176,0.984,-0.024,-0.984,0.176],"_shiftlockState":false,"_pose":"Standing","_animationQueue":[["idle",0.1]],"_animationSpeed":1,"_zoom":0.5},{"_mousePosition":[683,384],"_rootPartCFrame":[754.156,223.192,48.656,1,0.003,0.022,-0.003,1,-0.008,-0.022,0.008,1],"_humanoidState":8,"_cameraCFrame":[754.161,225.184,48.757,1,0.004,-0.001,0,0.178,0.984,0.004,-0.984,0.178],"_shiftlockState":false,"_pose":"Standing","_animationQueue":[],"_animationSpeed":1,"_zoom":0.5},{"_mousePosition":[683,384],"_rootPartCFrame":[754.156,223.193,48.654,1,0.002,-0.003,-0.002,1,-0.005,0.003,0.005,1],"_humanoidState":8,"_cameraCFrame":[754.153,225.185,48.75,0.998,0.062,-0.011,0,0.178,0.984,0.063,-0.982,0.177],"_shiftlockState":false,"_pose":"Standing","_animationQueue":[],"_animationSpeed":1,"_zoom":0.5},{"_mousePosition":[683,384],"_rootPartCFrame":[754.155,223.194,48.627,0.998,0.001,-0.06,-0.001,1,-0.002,0.06,0.002,0.998],"_humanoidState":8,"_cameraCFrame":[754.144,225.187,48.717,0.99,0.137,-0.024,0,0.174,0.985,0.139,-0.975,0.172],"_shiftlockState":false,"_pose":"Standing","_animationQueue":[],"_animationSpeed":1,"_zoom":0.5},{"_mousePosition":[683,384],"_rootPartCFrame":[754.13,223.196,48.603,0.995,0,-0.101,0,1,0,0.101,0,0.995],"_humanoidState":8,"_cameraCFrame":[754.107,225.188,48.687,0.968,0.246,-0.044,0,0.174,0.985,0.25,-0.953,0.169],"_shiftlockState":false,"_pose":"Standing","_animationQueue":[],"_animationSpeed":1,"_zoom":0.5},{"_mousePosition":[683,384],"_rootPartCFrame":[754.044,223.193,48.593,0.995,-0.001,-0.102,0.001,1,0,0.102,0,0.995],"_humanoidState":8,"_cameraCFrame":[754.015,225.185,48.679,0.953,0.298,-0.055,0,0.181,0.984,0.303,-0.937,0.172],"_shiftlockState":false,"_pose":"Standing","_animationQueue":[],"_animationSpeed":1,"_zoom":0.5},{"_mousePosition":[683,384],"_rootPartCFrame":[753.957,223.195,48.561,0.985,-0.001,-0.175,0.002,1,0.005,0.175,-0.005,0.985],"_humanoidState":8,"_cameraCFrame":[753.907,225.183,48.653,0.896,0.434,-0.098,0,0.221,0.975,0.445,-0.873,0.198],"_shiftlockState":false,"_pose":"Standing","_animationQueue":[],"_animationSpeed":1,"_zoom":0.5},{"_mousePosition":[683,384],"_rootPartCFrame":[753.775,223.197,48.532,0.977,-0.002,-0.214,0.003,1,0.004,0.214,-0.005,0.977],"_humanoidState":8,"_cameraCFrame":[753.684,225.176,48.638,0.791,0.586,-0.176,0,0.288,0.958,0.612,-0.757,0.228],"_shiftlockState":false,"_pose":"Standing","_animationQueue":[],"_animationSpeed":1,"_zoom":0.5},{"_mousePosition":[683,384],"_rootPartCFrame":[753.502,223.198,48.36,0.893,-0.005,-0.45,0.008,1,0.004,0.45,-0.007,0.893],"_humanoidState":8,"_cameraCFrame":[753.362,225.165,48.466,0.662,0.702,-0.264,0,0.352,0.936,0.75,-0.62,0.233],"_shiftlockState":false,"_pose":"Standing","_animationQueue":[],"_animationSpeed":1,"_zoom":0.5},{"_mousePosition":[683,384],"_rootPartCFrame":[753.488,223.199,48.344,0.647,-0.001,-0.762,0.003,1,0.002,0.762,-0.004,0.647],"_humanoidState":8,"_cameraCFrame":[753.311,225.155,48.443,0.511,0.784,-0.352,0,0.41,0.912,0.86,-0.466,0.209],"_shiftlockState":false,"_pose":"Standing","_animationQueue":[],"_animationSpeed":1,"_zoom":0.5},{"_mousePosition":[683,384],"_rootPartCFrame":[753.487,223.2,48.341,0.499,0,-0.867,0.001,1,0.001,0.867,-0.002,0.499],"_humanoidState":8,"_cameraCFrame":[753.282,225.147,48.424,0.384,0.827,-0.411,0,0.445,0.895,0.923,-0.344,0.171],"_shiftlockState":false,"_pose":"Standing","_animationQueue":[],"_animationSpeed":1,"_zoom":0.5},{"_mousePosition":[683,384],"_rootPartCFrame":[753.486,223.194,48.336,0.377,0,-0.926,0.001,1,0,0.926,-0.001,0.377],"_humanoidState":8,"_cameraCFrame":[753.258,225.135,48.393,0.253,0.853,-0.456,0,0.471,0.882,0.968,-0.223,0.119],"_shiftlockState":false,"_pose":"Standing","_animationQueue":[],"_animationSpeed":1,"_zoom":0.5},{"_mousePosition":[683,384],"_rootPartCFrame":[753.477,223.195,48.303,0.249,0,-0.969,0.001,1,0.001,0.969,-0.001,0.249],"_humanoidState":8,"_cameraCFrame":[753.234,225.131,48.335,0.137,0.863,-0.487,0,0.492,0.871,0.991,-0.119,0.067],"_shiftlockState":false,"_pose":"Standing","_animationQueue":[],"_animationSpeed":1,"_zoom":0.5},{"_mousePosition":[683,384],"_rootPartCFrame":[753.448,223.124,48.302,0.123,0,-0.992,0,1,0,0.992,0,0.123],"_humanoidState":8,"_cameraCFrame":[753.194,225.055,48.316,0.056,0.86,-0.508,0,0.508,0.861,0.998,-0.048,0.029],"_shiftlockState":false,"_pose":"Standing","_animationQueue":[],"_animationSpeed":1,"_zoom":0.5},{"_mousePosition":[683,384],"_rootPartCFrame":[753.448,223.043,48.302,0,0,-1,0,1,0,1,0,0],"_humanoidState":5,"_cameraCFrame":[753.187,224.969,48.302,0,0.853,-0.522,0,0.522,0.853,1,0,0],"_shiftlockState":false,"_pose":"FreeFall","_animationQueue":[["idle",0.1],["idle",0.1],["fall",0.3]],"_animationSpeed":1,"_zoom":0.5},{"_mousePosition":[683,384],"_rootPartCFrame":[753.448,222.887,48.302,-0.003,0,-1,0,1,0,1,0,-0.003],"_humanoidState":5,"_cameraCFrame":[753.187,224.813,48.302,0,0.853,-0.522,0,0.522,0.853,1,0,0],"_shiftlockState":false,"_pose":"FreeFall","_animationQueue":[["fall",0.3]],"_animationSpeed":1,"_zoom":0.5},{"_mousePosition":[683,384],"_rootPartCFrame":[753.448,222.676,48.302,0,0,-1,0,1,0,1,0,0],"_humanoidState":5,"_cameraCFrame":[753.187,224.603,48.302,0,0.853,-0.522,0,0.522,0.853,1,0,0],"_shiftlockState":false,"_pose":"FreeFall","_animationQueue":[],"_animationSpeed":1,"_zoom":0.5},{"_mousePosition":[683,384],"_rootPartCFrame":[753.448,222.411,48.302,0,0,-1,0,1,0,1,0,0],"_humanoidState":5,"_cameraCFrame":[753.187,224.338,48.302,0,0.853,-0.522,0,0.522,0.853,1,0,0],"_shiftlockState":false,"_pose":"FreeFall","_animationQueue":[],"_animationSpeed":1,"_zoom":0.5},{"_mousePosition":[683,384],"_rootPartCFrame":[753.448,222.177,48.302,0,0,-1,0,1,0,1,0,0],"_humanoidState":5,"_cameraCFrame":[753.187,224.103,48.302,0,0.853,-0.522,0,0.522,0.853,1,0,0],"_shiftlockState":false,"_pose":"FreeFall","_animationQueue":[],"_animationSpeed":1,"_zoom":0.5},{"_mousePosition":[683,384],"_rootPartCFrame":[753.448,221.718,48.302,0,0,-1,0,1,0,1,0,0],"_humanoidState":5,"_cameraCFrame":[753.187,223.644,48.302,0,0.853,-0.522,0,0.522,0.853,1,0,0],"_shiftlockState":false,"_pose":"FreeFall","_animationQueue":[],"_animationSpeed":1,"_zoom":0.5},{"_mousePosition":[683,384],"_rootPartCFrame":[753.448,221.66,48.302,0,0,-1,0,1,0,1,0,0],"_humanoidState":12,"_cameraCFrame":[753.187,223.586,48.302,0,0.853,-0.522,0,0.522,0.853,1,0,0],"_shiftlockState":false,"_pose":"Climbing","_animationQueue":[["fall",0.3],["climb",0.1],["climb",0]],"_animationSpeed":-1.972,"_zoom":0.5},{"_mousePosition":[683,384],"_rootPartCFrame":[753.448,221.659,48.302,0,0,-1,0,1,0,1,0,0],"_humanoidState":12,"_cameraCFrame":[753.187,223.585,48.302,0,0.853,-0.522,0,0.522,0.853,1,0,0],"_shiftlockState":false,"_pose":"Climbing","_animationQueue":[["climb",0.1]],"_animationSpeed":0,"_zoom":0.5},{"_mousePosition":[683,384],"_rootPartCFrame":[753.448,221.659,48.302,0,0,-1,0,1,0,1,0,0],"_humanoidState":12,"_cameraCFrame":[753.187,223.585,48.302,0,0.853,-0.522,0,0.522,0.853,1,0,0],"_shiftlockState":false,"_pose":"Climbing","_animationQueue":[],"_animationSpeed":0,"_zoom":0.5},{"_mousePosition":[683,384],"_rootPartCFrame":[753.448,221.659,48.302,0,0,-1,0,1,0,1,0,0],"_humanoidState":12,"_cameraCFrame":[753.187,223.585,48.302,0,0.853,-0.522,0,0.522,0.853,1,0,0],"_shiftlockState":false,"_pose":"Climbing","_animationQueue":[],"_animationSpeed":0,"_zoom":0.5},{"_mousePosition":[683,384],"_rootPartCFrame":[753.448,221.659,48.302,0,0,-1,0,1,0,1,0,0],"_humanoidState":12,"_cameraCFrame":[753.187,223.585,48.302,0,0.853,-0.522,0,0.522,0.853,1,0,0],"_shiftlockState":false,"_pose":"Climbing","_animationQueue":[],"_animationSpeed":0,"_zoom":0.5},{"_mousePosition":[683,384],"_rootPartCFrame":[753.448,221.659,48.302,0,0,-1,0,1,0,1,0,0],"_humanoidState":12,"_cameraCFrame":[753.164,223.624,48.302,0,0.853,-0.522,0,0.52