[{"_mousePosition":[716,357],"_rootPartCFrame":[776.031,222.7,47.142,-0.001,0,1,0,1,0,-1,0,-0.001],"_humanoidState":8,"_cameraCFrame":[795.887,261.49,46.607,-0.027,-0.882,0.47,0,0.47,0.883,-1,0.024,-0.013],"_shiftlockState":false,"_pose":"Standing","_animationQueue":[],"_animationSpeed":1,"_zoom":42.25},{"_mousePosition":[716,357],"_rootPartCFrame":[775.728,222.7,47.151,-0.005,0,1,0,1,0,-1,0,-0.005],"_humanoidState":8,"_cameraCFrame":[795.365,261.605,46.621,-0.027,-0.885,0.465,0,0.465,0.885,-1,0.024,-0.013],"_shiftlockState":false,"_pose":"Standing","_animationQueue":[],"_animationSpeed":1,"_zoom":42.25},{"_mousePosition":[716,357],"_rootPartCFrame":[775.462,222.7,47.158,-0.008,0,1,0,1,0,-1,0,-0.008],"_humanoidState":8,"_cameraCFrame":[794.953,261.681,46.632,-0.027,-0.887,0.461,0,0.461,0.887,-1,0.024,-0.012],"_shiftlockState":false,"_pose":"Running","_animationQueue":[["walk",0.1]],"_animationSpeed":1.089,"_zoom":42.25},{"_mousePosition":[716,357],"_rootPartCFrame":[775.328,222.7,47.161,-0.009,0,1,0,1,0,-1,0,-0.009],"_humanoidState":8,"_cameraCFrame":[794.673,261.757,46.64,-0.027,-0.889,0.458,0,0.458,0.889,-1,0.024,-0.012],"_shiftlockState":false,"_pose":"Running","_animationQueue":[],"_animationSpeed":1.089,"_zoom":42.25},{"_mousePosition":[716,357],"_rootPartCFrame":[775.062,222.7,47.169,-0.012,0,1,0,1,0,-1,0,-0.012],"_humanoidState":8,"_cameraCFrame":[794.26,261.832,46.651,-0.027,-0.89,0.454,0,0.455,0.891,-1,0.024,-0.012],"_shiftlockState":false,"_pose":"Running","_animationQueue":[],"_animationSpeed":1.089,"_zoom":42.25},{"_mousePosition":[716,357],"_rootPartCFrame":[774.662,222.7,47.179,-0.015,0,1,0,1,0,-1,0,-0.015],"_humanoidState":8,"_cameraCFrame":[793.64,261.944,46.667,-0.027,-0.893,0.449,0,0.449,0.893,-1,0.024,-0.012],"_shiftlockState":false,"_pose":"Running","_animationQueue":[],"_animationSpeed":1.089,"_zoom":42.25},{"_mousePosition":[716,357],"_rootPartCFrame":[774.529,222.7,47.183,-0.016,0,1,0,1,0,-1,0,-0.016],"_humanoidState":8,"_cameraCFrame":[793.286,262.054,46.677,-0.027,-0.896,0.444,0,0.444,0.896,-1,0.024,-0.012],"_shiftlockState":false,"_pose":"Running","_animationQueue":[],"_animationSpeed":1.089,"_zoom":42.25},{"_mousePosition":[716,357],"_rootPartCFrame":[774.262,222.7,47.19,-0.017,0,1,0,1,0,-1,0,-0.017],"_humanoidState":8,"_cameraCFrame":[792.946,262.091,46.686,-0.027,-0.897,0.442,0,0.442,0.897,-1,0.024,-0.012],"_shiftlockState":false,"_pose":"Running","_animationQueue":[],"_animationSpeed":1.089,"_zoom":42.25},{"_mousePosition":[716,357],"_rootPartCFrame":[773.995,222.7,47.197,-0.018,0,1,0,1,0,-1,0,-0.018],"_humanoidState":8,"_cameraCFrame":[792.679,262.091,46.693,-0.027,-0.897,0.442,0,0.442,0.897,-1,0.024,-0.012],"_shiftlockState":false,"_pose":"Running","_animationQueue":[["walk",0.1]],"_animationSpeed":1.089,"_zoom":42.25},{"_mousePosition":[716,357],"_rootPartCFrame":[773.729,222.7,47.204,-0.02,0,1,0,1,0,-1,0,-0.02],"_humanoidState":8,"_cameraCFrame":[792.412,262.091,46.701,-0.027,-0.897,0.442,0,0.442,0.897,-1,0.024,-0.012],"_shiftlockState":false,"_pose":"Running","_animationQueue":[],"_animationSpeed":1.089,"_zoom":42.25},{"_mousePosition":[716,357],"_rootPartCFrame":[773.462,222.7,47.212,-0.021,0,1,0,1,0,-1,0,-0.021],"_humanoidState":8,"_cameraCFrame":[792.146,262.091,46.708,-0.027,-0.897,0.442,0,0.442,0.897,-1,0.024,-0.012],"_shiftlockState":false,"_pose":"Running","_animationQueue":[],"_animationSpeed":1.089,"_zoom":42.25},{"_mousePosition":[716,357],"_rootPartCFrame":[773.196,222.7,47.219,-0.021,0,1,0,1,0,-1,0,-0.021],"_humanoidState":8,"_cameraCFrame":[791.879,262.091,46.715,-0.027,-0.897,0.442,0,0.442,0.897,-1,0.024,-0.012],"_shiftlockState":false,"_pose":"Running","_animationQueue":[],"_animationSpeed":1.089,"_zoom":42.25},{"_mousePosition":[716,357],"_rootPartCFrame":[772.929,222.7,47.226,-0.022,0,1,0,1,0,-1,0,-0.022],"_humanoidState":8,"_cameraCFrame":[791.613,262.091,46.722,-0.027,-0.897,0.442,0,0.442,0.897,-1,0.024,-0.012],"_shiftlockState":false,"_pose":"Running","_animationQueue":[],"_animationSpeed":1.089,"_zoom":42.25},{"_mousePosition":[716,357],"_rootPartCFrame":[772.662,222.7,47.233,-0.023,0,1,0,1,0,-1,0,-0.023],"_humanoidState":8,"_cameraCFrame":[791.272,262.127,46.731,-0.027,-0.897,0.44,0,0.441,0.898,-1,0.024,-0.012],"_shiftlockState":false,"_pose":"Running","_animationQueue":[],"_animationSpeed":1.089,"_zoom":42.25},{"_mousePosition":[716,357],"_rootPartCFrame":[772.263,222.7,47.244,-0.024,0,1,0,1,0,-1,0,-0.024],"_humanoidState":8,"_cameraCFrame":[790.798,262.163,46.744,-0.027,-0.898,0.439,0,0.439,0.899,-1,0.024,-0.012],"_shiftlockState":false,"_pose":"Running","_animationQueue":[["walk",0.1]],"_animationSpeed":1.089,"_zoom":42.25},{"_mousePosition":[716,357],"_rootPartCFrame":[772.129,222.7,47.248,-0.024,0,1,0,1,0,-1,0,-0.024],"_humanoidState":8,"_cameraCFrame":[790.517,262.235,46.752,-0.027,-0.9,0.435,0,0.435,0.9,-1,0.024,-0.012],"_shiftlockState":false,"_pose":"Running","_animationQueue":[],"_animationSpeed":1.089,"_zoom":42.25},{"_mousePosition":[716,357],"_rootPartCFrame":[771.863,222.7,47.255,-0.024,0,1,0,1,0,-1,0,-0.024],"_humanoidState":8,"_cameraCFrame":[790.25,262.235,46.759,-0.027,-0.9,0.435,0,0.435,0.9,-1,0.024,-0.012],"_shiftlockState":false,"_pose":"Running","_animationQueue":[],"_animationSpeed":1.089,"_zoom":42.25},{"_mousePosition":[716,357],"_rootPartCFrame":[771.596,222.7,47.262,-0.025,0,1,0,1,0,-1,0,-0.025],"_humanoidState":8,"_cameraCFrame":[789.984,262.235,46.766,-0.027,-0.9,0.435,0,0.435,0.9,-1,0.024,-0.012],"_shiftlockState":false,"_pose":"Running","_animationQueue":[],"_animationSpeed":1.089,"_zoom":42.25},{"_mousePosition":[716,357],"_rootPartCFrame":[771.329,222.7,47.269,-0.025,0,1,0,1,0,-1,0,-0.025],"_humanoidState":8,"_cameraCFrame":[789.643,262.271,46.775,-0.027,-0.901,0.433,0,0.434,0.901,-1,0.024,-0.012],"_shiftlockState":false,"_pose":"Running","_animationQueue":[],"_animationSpeed":1.089,"_zoom":42.25},{"_mousePosition":[716,357],"_rootPartCFrame":[771.063,222.7,47.276,-0.025,0,1,0,1,0,-1,0,-0.025],"_humanoidState":8,"_cameraCFrame":[789.377,262.271,46.782,-0.027,-0.901,0.433,0,0.434,0.901,-1,0.024,-0.012],"_shiftlockState":false,"_pose":"Running","_animationQueue":[],"_animationSpeed":1.089,"_zoom":42.25},{"_mousePosition":[716,357],"_rootPartCFrame":[770.796,223.573,47.283,-0.026,0,1,0,1,0,-1,0,-0.026],"_humanoidState":3,"_cameraCFrame":[789.11,263.144,46.79,-0.027,-0.901,0.433,0,0.434,0.901,-1,0.024,-0.012],"_shiftlockState":false,"_pose":"Jumping","_animationQueue":[["walk",0.1],["jump",0.1]],"_animationSpeed":1,"_zoom":42.25},{"_mousePosition":[716,357],"_rootPartCFrame":[770.53,224.395,47.291,-0.026,0,1,0,1,0,-1,0,-0.026],"_humanoidState":5,"_cameraCFrame":[788.843,263.966,46.797,-0.027,-0.901,0.433,0,0.434,0.901,-1,0.024,-0.012],"_shiftlockState":false,"_pose":"FreeFall","_animationQueue":[["jump",0.1]],"_animationSpeed":1,"_zoom":42.25},{"_mousePosition":[716,357],"_rootPartCFrame":[770.263,225.162,47.298,-0.026,0,1,0,1,0,-1,0,-0.026],"_humanoidState":5,"_cameraCFrame":[788.577,264.734,46.804,-0.027,-0.901,0.433,0,0.434,0.901,-1,0.024,-0.012],"_shiftlockState":false,"_pose":"FreeFall","_animationQueue":[],"_animationSpeed":1,"_zoom":42.25},{"_mousePosition":[716,357],"_rootPartCFrame":[769.996,225.875,47.305,-0.026,0,1,0,1,0,-1,0,-0.026],"_humanoidState":5,"_cameraCFrame":[788.31,265.447,46.811,-0.027,-0.901,0.433,0,0.434,0.901,-1,0.024,-0.012],"_shiftlockState":false,"_pose":"FreeFall","_animationQueue":[],"_animationSpeed":1,"_zoom":42.25},{"_mousePosition":[716,357],"_rootPartCFrame":[769.73,226.534,47.312,-0.026,0,1,0,1,0,-1,0,-0.026],"_humanoidState":5,"_cameraCFrame":[788.044,266.105,46.818,-0.027,-0.901,0.433,0,0.434,0.901,-1,0.024,-0.012],"_shiftlockState":false,"_pose":"FreeFall","_animationQueue":[],"_animationSpeed":1,"_zoom":42.25},{"_mousePosition":[716,357],"_rootPartCFrame":[769.463,227.138,47.319,-0.026,0,1,0,1,0,-1,0,-0.026],"_humanoidState":5,"_cameraCFrame":[787.777,266.709,46.826,-0.027,-0.901,0.433,0,0.434,0.901,-1,0.024,-0.012],"_shiftlockState":false,"_pose":"FreeFall","_animationQueue":[],"_animationSpeed":1,"_zoom":42.25},{"_mousePosition":[716,357],"_rootPartCFrame":[769.197,227.687,47.327,-0.026,0,1,0,1,0,-1,0,-0.026],"_humanoidState":5,"_cameraCFrame":[787.51,267.259,46.833,-0.027,-0.901,0.433,0,0.434,0.901,-1,0.024,-0.012],"_shiftlockState":false,"_pose":"FreeFall","_animationQueue":[],"_animationSpeed":1,"_zoom":42.25},{"_mousePosition":[716,357],"_rootPartCFrame":[768.93,228.182,47.334,-0.026,0,1,0,1,0,-1,0,-0.026],"_humanoidState":5,"_cameraCFrame":[787.171,267.789,46.888,-0.024,-0.902,0.432,0,0.432,0.902,-1,0.022,-0.011],"_shiftlockState":false,"_pose":"FreeFall","_animationQueue":[],"_animationSpeed":1,"_zoom":42.25},{"_mousePosition":[716,357],"_rootPartCFrame":[768.663,228.623,47.341,-0.027,0,1,0,1,0,-1,0,-0.027],"_humanoidState":5,"_cameraCFrame":[786.904,268.23,46.895,-0.024,-0.902,0.432,0,0.432,0.902,-1,0.022,-0.011],"_shiftlockState":false,"_pose":"FreeFall","_animationQueue":[],"_animationSpeed":1,"_zoom":42.25},{"_mousePosition":[716,357],"_rootPartCFrame":[768.397,229.009,47.348,-0.026,0,1,0,1,0,-1,0,-0.026],"_humanoidState":5,"_cameraCFrame":[786.637,268.616,46.902,-0.024,-0.902,0.432,0,0.432,0.902,-1,0.022,-0.011],"_shiftlockState":false,"_pose":"FreeFall","_animationQueue":[],"_animationSpeed":1,"_zoom":42.25},{"_mousePosition":[717,357],"_rootPartCFrame":[768.13,229.34,47.354,-0.026,0,1,0,1,0,-1,0,-0.026],"_humanoidState":5,"_cameraCFrame":[786.048,268.274,46.916,-0.024,-0.902,0.432,0,0.432,0.902,-1,0.022,-0.011],"_shiftlockState":false,"_pose":"FreeFall","_animationQueue":[],"_animationSpeed":1,"_zoom":33.4},{"_mousePosition":[716,357],"_rootPartCFrame":[767.864,229.617,47.361,-0.026,0,1,0,1,0,-1,0,-0.026],"_humanoidState":5,"_cameraCFrame":[785.078,267.262,46.94,-0.024,-0.903,0.43,0,0.43,0.903,-1,0.022,-0.011],"_shiftlockState":false,"_pose":"FreeFall","_animationQueue":[],"_animationSpeed":1,"_zoom":33.4},{"_mousePosition":[716,357],"_rootPartCFrame":[767.597,229.84,47.367,-0.026,0,1,0,1,0,-1,0,-0.026],"_humanoidState":5,"_cameraCFrame":[784.155,266.105,46.963,-0.024,-0.903,0.43,0,0.43,0.903,-1,0.022,-0.011],"_shiftlockState":false,"_pose":"FreeFall","_animationQueue":[],"_animationSpeed":1,"_zoom":33.4},{"_mousePosition":[716,357],"_rootPartCFrame":[767.33,230.008,47.374,-0.025,0,1,0,1,0,-1,0,-0.025],"_humanoidState":5,"_cameraCFrame":[783.351,265.144,46.982,-0.024,-0.903,0.43,0,0.43,0.903,-1,0.022,-0.011],"_shiftlockState":false,"_pose":"FreeFall","_animationQueue":[],"_animationSpeed":1,"_zoom":33.4},{"_mousePosition":[716,357],"_rootPartCFrame":[767.064,230.122,47.38,-0.025,0,1,0,1,0,-1,0,-0.025],"_humanoidState":5,"_cameraCFrame":[782.254,263.674,47.047,-0.022,-0.903,0.428,0,0.428,0.904,-1,0.02,-0.009],"_shiftlockState":false,"_pose":"FreeFall","_animationQueue":[],"_animationSpeed":1,"_zoom":26.32},{"_mousePosition":[716,357],"_rootPartCFrame":[766.731,230.187,47.388,-0.025,0,1,0,1,0,-1,0,-0.025],"_humanoidState":5,"_cameraCFrame":[781.168,262.151,47.072,-0.022,-0.903,0.428,0,0.428,0.904,-1,0.02,-0.009],"_shiftlockState":false,"_pose":"FreeFall","_animationQueue":[],"_animationSpeed":1,"_zoom":26.32},{"_mousePosition":[716,357],"_rootPartCFrame":[766.531,230.185,47.393,-0.025,0,1,0,1,0,-1,0,-0.025],"_humanoidState":5,"_cameraCFrame":[780.14,260.401,47.095,-0.022,-0.903,0.428,0,0.428,0.904,-1,0.02,-0.009],"_shiftlockState":false,"_pose":"FreeFall","_animationQueue":[],"_animationSpeed":1,"_zoom":26.32},{"_mousePosition":[717,357],"_rootPartCFrame":[766.264,230.135,47.399,-0.025,0,1,0,1,0,-1,0,-0.025],"_humanoidState":5,"_cameraCFrame":[779.084,258.686,47.118,-0.022,-0.903,0.428,0,0.428,0.904,-1,0.02,-0.009],"_shiftlockState":false,"_pose":"FreeFall","_animationQueue":[],"_animationSpeed":1,"_zoom":20.656},{"_mousePosition":[717,357],"_rootPartCFrame":[765.997,230.031,47.404,-0.024,0,1,0,1,0,-1,0,-0.024],"_humanoidState":5,"_cameraCFrame":[777.921,256.691,47.143,-0.022,-0.903,0.428,0,0.428,0.904,-1,0.02,-0.009],"_shiftlockState":false,"_pose":"FreeFall","_animationQueue":[],"_animationSpeed":1,"_zoom":20.656},{"_mousePosition":[717,357],"_rootPartCFrame":[765.731,229.872,47.41,-0.024,0,1,0,1,0,-1,0,-0.024],"_humanoidState":5,"_cameraCFrame":[776.86,254.856,47.167,-0.022,-0.903,0.428,0,0.428,0.904,-1,0.02,-0.009],"_shiftlockState":false,"_pose":"FreeFall","_animationQueue":[],"_animationSpeed":1,"_zoom":20.656},{"_mousePosition":[717,357],"_rootPartCFrame":[765.398,229.596,47.418,-0.024,0,1,0,1,0,-1,0,-0.024],"_humanoidState":5,"_cameraCFrame":[775.925,253.31,47.187,-0.022,-0.903,0.428,0,0.428,0.904,-1,0.02,-0.009],"_shiftlockState":false,"_pose":"FreeFall","_animationQueue":[["fall",0.3]],"_animationSpeed":1,"_zoom":20.656},{"_mousePosition":[717,357],"_rootPartCFrame":[765.198,229.39,47.422,-0.023,0,1,0,1,0,-1,0,-0.023],"_humanoidState":5,"_cameraCFrame":[775.259,252.12,47.202,-0.022,-0.903,0.428,0,0.428,0.904,-1,0.02,-0.009],"_shiftlockState":false,"_pose":"FreeFall","_animationQueue":[],"_animationSpeed":1,"_zoom":20.656},{"_mousePosition":[717,357],"_rootPartCFrame":[764.931,229.068,47.428,-0.023,0,1,0,1,0,-1,0,-0.023],"_humanoidState":5,"_cameraCFrame":[774.624,251.021,47.216,-0.022,-0.903,0.428,0,0.428,0.904,-1,0.02,-0.009],"_shiftlockState":false,"_pose":"FreeFall","_animationQueue":[],"_animationSpeed":1,"_zoom":20.656},{"_mousePosition":[717,357],"_rootPartCFrame":[764.664,228.691,47.434,-0.023,0,1,0,1,0,-1,0,-0.023],"_humanoidState":5,"_cameraCFrame":[774.093,250.086,47.227,-0.022,-0.903,0.428,0,0.428,0.904,-1,0.02,-0.009],"_shiftlockState":false,"_pose":"FreeFall","_animationQueue":[],"_animationSpeed":1,"_zoom":20.656},{"_mousePosition":[717,357],"_rootPartCFrame":[764.398,228.259,47.44,-0.023,0,1,0,1,0,-1,0,-0.023],"_humanoidState":5,"_cameraCFrame":[773.65,249.282,47.237,-0.022,-0.903,0.428,0,0.428,0.904,-1,0.02,-0.009],"_shiftlockState":false,"_pose":"FreeFall","_animationQueue":[],"_animationSpeed":1,"_zoom":20.656},{"_mousePosition":[717,357],"_rootPartCFrame":[764.131,227.773,47.445,-0.023,0,1,0,1,0,-1,0,-0.023],"_humanoidState":5,"_cameraCFrame":[773.246,248.505,47.246,-0.022,-0.903,0.428,0,0.428,0.904,-1,0.02,-0.009],"_shiftlockState":false,"_pose":"FreeFall","_animationQueue":[],"_animationSpeed":1,"_zoom":20.656},{"_mousePosition":[717,357],"_rootPartCFrame":[763.798,227.089,47.453,-0.023,0,1,0,1,0,-1,0,-0.023],"_humanoidState":5,"_cameraCFrame":[772.828,247.644,47.255,-0.022,-0.903,0.428,0,0.428,0.904,-1,0.02,-0.009],"_shiftlockState":false,"_pose":"FreeFall","_animationQueue":[["fall",0.3]],"_animationSpeed":1,"_zoom":20.656},{"_mousePosition":[717,357],"_rootPartCFrame":[763.598,226.638,47.457,-0.022,0,1,0,1,0,-1,0,-0.022],"_humanoidState":5,"_cameraCFrame":[772.57,247.069,47.261,-0.022,-0.903,0.428,0,0.428,0.904,-1,0.02,-0.009],"_shiftlockState":false,"_pose":"FreeFall","_animationQueue":[],"_animationSpeed":1,"_zoom":20.656},{"_mousePosition":[717,357],"_rootPartCFrame":[763.331,225.988,47.463,-0.022,0,1,0,1,0,-1,0,-0.022],"_humanoidState":5,"_cameraCFrame":[772.259,246.326,47.267,-0.022,-0.903,0.428,0,0.428,0.904,-1,0.02,-0.009],"_shiftlockState":false,"_pose":"FreeFall","_animationQueue":[],"_animationSpeed":1,"_zoom":20.656},{"_mousePosition":[717,357],"_rootPartCFrame":[763.065,225.284,47.469,-0.022,0,1,0,1,0,-1,0,-0.022],"_humanoidState":5,"_cameraCFrame":[771.966,245.566,47.274,-0.022,-0.903,0.428,0,0.428,0.904,-1,0.02,-0.009],"_shiftlockState":false,"_pose":"FreeFall","_animationQueue":[],"_animationSpeed":1,"_zoom":20.656},{"_mousePosition":[717,357],"_rootPartCFrame":[762.798,224.526,47.475,-0.022,0,1,0,1,0,-1,0,-0.022],"_humanoidState":5,"_cameraCFrame":[771.68,244.768,47.28,-0.022,-0.903,0.428,0,0.428,0.904,-1,0.02,-0.009],"_shiftlockState":false,"_pose":"FreeFall","_animationQueue":[],"_animationSpeed":1,"_zoom":20.656},{"_mousePosition":[717,357],"_rootPartCFrame":[762.532,223.713,47.48,-0.022,0,1,0,1,0,-1,0,-0.022],"_humanoidState":7,"_cameraCFrame":[771.402,243.929,47.286,-0.022,-0.903,0.428,0,0.428,0.904,-1,0.02,-0.009],"_shiftlockState":false,"_pose":"FreeFall","_animationQueue":[["walk",0.1],["fall",0.3],["fall",0.3]],"_animationSpeed":1,"_zoom":20.656},{"_mousePosition":[717,357],"_rootPartCFrame":[762.265,225.046,47.486,-0.022,0,1,0,1,0,-1,0,-0.022],"_humanoidState":3,"_cameraCFrame":[771.127,245.245,47.292,-0.022,-0.903,0.428,0,0.428,0.904,-1,0.02,-0.009],"_shiftlockState":false,"_pose":"Jumping","_animationQueue":[["fall",0.3],["jump",0.1]],"_animationSpeed":1,"_zoom":20.656},{"_mousePosition":[717,357],"_rootPartCFrame":[761.998,226.379,47.492,-0.022,0,1,0,1,0,-1,0,-0.022],"_humanoidState":5,"_cameraCFrame":[770.855,246.567,47.298,-0.022,-0.903,0.428,0,0.428,0.904,-1,0.02,-0.009],"_shiftlockState":false,"_pose":"FreeFall","_animationQueue":[["jump",0.1]],"_animationSpeed":1,"_zoom":20.656},{"_mousePosition":[717,357],"_rootPartCFrame":[761.732,227.713,47.498,-0.022,0,1,0,1,0,-1,0,-0.022],"_humanoidState":5,"_cameraCFrame":[770.584,247.892,47.304,-0.022,-0.903,0.428,0,0.428,0.904,-1,0.02,-0.009],"_shiftlockState":false,"_pose":"FreeFall","_animationQueue":[],"_animationSpeed":1,"_zoom":20.656},{"_mousePosition":[717,357],"_rootPartCFrame":[761.465,229.046,47.504,-0.022,0,1,0,1,0,-1,0,-0.022],"_humanoidState":5,"_cameraCFrame":[770.315,249.22,47.31,-0.022,-0.903,0.428,0,0.428,0.904,-1,0.02,-0.009],"_shiftlockState":false,"_pose":"FreeFall","_animationQueue":[],"_animationSpeed":1,"_zoom":20.656},{"_mousePosition":[717,357],"_rootPartCFrame":[761.199,230.379,47.51,-0.022,0,1,0,1,0,-1,0,-0.022],"_humanoidState":5,"_cameraCFrame":[770.047,250.551,47.316,-0.022,-0.903,0.428,0,0.428,0.904,-1,0.02,-0.009],"_shiftlockState":false,"_pose":"FreeFall","_animationQueue":[],"_animationSpeed":1,"_zoom":20.656},{"_mousePosition":[717,357],"_rootPartCFrame":[760.932,231.713,47.516,-0.022,0,1,0,1,0,-1,0,-0.022],"_humanoidState":5,"_cameraCFrame":[769.78,251.882,47.322,-0.022,-0.903,0.428,0,0.428,0.904,-1,0.02,-0.009],"_shiftlockState":false,"_pose":"FreeFall","_animationQueue":[],"_animationSpeed":1,"_zoom":20.656},{"_mousePosition":[716,357],"_rootPartCFrame":[760.665,233.046,47.521,-0.022,0,1,0,1,0,-1,0,-0.022],"_humanoidState":5,"_cameraCFrame":[769.476,253.231,47.351,-0.019,-0.904,0.427,0,0.427,0.904,-1,0.018,-0.008],"_shiftlockState":false,"_pose":"FreeFall","_animationQueue":[],"_animationSpeed":1,"_zoom":20.656},{"_mousePosition":[716,357],"_rootPartCFrame":[760.332,234.712,47.529,-0.022,0,1,0,1,0,-1,0,-0.022],"_humanoidState":5,"_cameraCFrame":[769.143,254.896,47.358,-0.019,-0.904,0.427,0,0.427,0.904,-1,0.018,-0.008],"_shiftlockState":false,"_pose":"FreeFall","_animationQueue":[],"_animationSpeed":1,"_zoom":20.656},{"_mousePosition":[716,357],"_rootPartCFrame":[760.132,235.692,47.533,-0.022,0,1,0,1,0,-1,0,-0.022],"_humanoidState":5,"_cameraCFrame":[768.942,255.875,47.362,-0.019,-0.904,0.427,0,0.427,0.904,-1,0.018,-0.008],"_shiftlockState":false,"_pose":"FreeFall","_animationQueue":[],"_animationSpeed":1,"_zoom":20.656},{"_mousePosition":[716,357],"_rootPartCFrame":[759.866,236.95,47.538,-0.022,0,1,0,1,0,-1,0,-0.022],"_humanoidState":5,"_cameraCFrame":[768.676,257.133,47.367,-0.019,-0.904,0.427,0,0.427,0.904,-1,0.018,-0.008],"_shiftlockState":false,"_pose":"FreeFall","_animationQueue":[],"_animationSpeed":1,"_zoom":20.656},{"_mousePosition":[716,357],"_rootPartCFrame":[759.599,238.154,47.543,-0.021,0,1,0,1,0,-1,0,-0.021],"_humanoidState":5,"_cameraCFrame":[768.409,258.337,47.372,-0.019,-0.904,0.427,0,0.427,0.904,-1,0.018,-0.008],"_shiftlockState":false,"_pose":"FreeFall","_animationQueue":[],"_animationSpeed":1,"_zoom":20.656},{"_mousePosition":[716,357],"_rootPartCFrame":[759.332,239.304,47.548,-0.021,0,1,0,1,0,-1,0,-0.021],"_humanoidState":5,"_cameraCFrame":[768.143,259.486,47.4,-0.017,-0.904,0.427,0,0.427,0.904,-1,0.015,-0.007],"_shiftlockState":false,"_pose":"FreeFall","_animationQueue":[],"_animationSpeed":1,"_zoom":20.656},{"_mousePosition":[716,357],"_rootPartCFrame":[758.999,240.664,47.555,-0.021,0,1,0,1,0,-1,0,-0.021],"_humanoidState":5,"_cameraCFrame":[767.809,260.846,47.406,-0.017,-0.904,0.427,0,0.427,0.904,-1,0.015,-0.007],"_shiftlockState":false,"_pose":"FreeFall","_animationQueue":[],"_animationSpeed":1,"_zoom":20.656},{"_mousePosition":[716,357],"_rootPartCFrame":[758.799,241.439,47.558,-0.02,0,1,0,1,0,-1,0,-0.02],"_humanoidState":5,"_cameraCFrame":[767.609,261.621,47.41,-0.017,-0.904,0.427,0,0.427,0.904,-1,0.015,-0.007],"_shiftlockState":false,"_pose":"FreeFall","_animationQueue":[],"_animationSpeed":1,"_zoom":20.656},{"_mousePosition":[716,357],"_rootPartCFrame":[758.533,242.425,47.563,-0.02,0,1,0,1,0,-1,0,-0.02],"_humanoidState":5,"_cameraCFrame":[767.306,262.624,47.415,-0.017,-0.905,0.425,0,0.425,0.905,-1,0.015,-0.007],"_shiftlockState":false,"_pose":"FreeFall","_animationQueue":[],"_animationSpeed":1,"_zoom":20.656},{"_mousePosition":[716,357],"_rootPartCFrame":[758.266,243.356,47.567,-0.019,0,1,0,1,0,-1,0,-0.019],"_humanoidState":5,"_cameraCFrame":[767.04,263.556,47.441,-0.014,-0.905,0.425,0,0.425,0.905,-1,0.013,-0.006],"_shiftlockState":false,"_pose":"FreeFall","_animationQueue":[],"_animationSpeed":1,"_zoom":20.656},{"_mousePosition":[716,357],"_rootPartCFrame":[757.999,244.233,47.572,-0.019,0,1,0,1,0,-1,0,-0.019],"_humanoidState":5,"_cameraCFrame":[766.773,264.433,47.446,-0.014,-0.905,0.425,0,0.425,0.905,-1,0.013,-0.006],"_shiftlockState":false,"_pose":"FreeFall","_animationQueue":[],"_animationSpeed":1,"_zoom":20.656},{"_mousePosition":[716,357],"_rootPartCFrame":[757.733,245.056,47.575,-0.019,0,1,0,1,0,-1,0,-0.019],"_humanoidState":5,"_cameraCFrame":[766.507,265.255,47.472,-0.012,-0.905,0.425,0,0.425,0.905,-1,0.011,-0.005],"_shiftlockState":false,"_pose":"FreeFall","_animationQueue":[],"_animationSpeed":1,"_zoom":20.656},{"_mousePosition":[716,357],"_rootPartCFrame":[757.466,245.824,47.579,-0.018,0,1,0,1,0,-1,0,-0.018],"_humanoidState":5,"_cameraCFrame":[766.241,266.023,47.476,-0.012,-0.905,0.425,0,0.425,0.905,-1,0.011,-0.005],"_shiftlockState":false,"_pose":"FreeFall","_animationQueue":[],"_animationSpeed":1,"_zoom":20.656},{"_mousePosition":[716,357],"_rootPartCFrame":[757.2,246.537,47.582,-0.017,0,1,0,1,0,-1,0,-0.017],"_humanoidState":5,"_cameraCFrame":[765.974,266.736,47.479,-0.012,-0.905,0.425,0,0.425,0.905,-1,0.011,-0.005],"_shiftlockState":false,"_pose":"FreeFall","_animationQueue":[],"_animationSpeed":1,"_zoom":20.656},{"_mousePosition":[716,357],"_rootPartCFrame":[756.933,247.196,47.586,-0.016,0,1,0,1,0,-1,0,-0.016],"_humanoidState":5,"_cameraCFrame":[765.707,267.395,47.482,-0.012,-0.905,0.425,0,0.425,0.905,-1,0.011,-0.005],"_shiftlockState":false,"_pose":"FreeFall","_animationQueue":[],"_animationSpeed":1,"_zoom":20.656},{"_mousePosition":[716,357],"_rootPartCFrame":[756.666,247.8,47.589,-0.016,0,1,0,1,0,-1,0,-0.016],"_humanoidState":5,"_cameraCFrame":[765.441,268,47.485,-0.012,-0.905,0.425,0,0.425,0.905,-1,0.011,-0.005],"_shiftlockState":false,"_pose":"FreeFall","_animationQueue":[["fall",0.3]],"_animationSpeed":1,"_zoom":20.656},{"_mousePosition":[716,357],"_rootPartCFrame":[756.4,248.35,47.592,-0.015,0,1,0,1,0,-1,0,-0.015],"_humanoidState":5,"_cameraCFrame":[765.174,268.55,47.489,-0.012,-0.905,0.425,0,0.425,0.905,-1,0.011,-0.005],"_shiftlockState":false,"_pose":"FreeFall","_animationQueue":[],"_animationSpeed":1,"_zoom":20.656},{"_mousePosition":[716,357],"_rootPartCFrame":[756.133,248.845,47.595,-0.015,0,1,0,1,0,-1,0,-0.015],"_humanoidState":5,"_cameraCFrame":[764.908,269.045,47.492,-0.012,-0.905,0.425,0,0.425,0.905,-1,0.011,-0.005],"_shiftlockState":false,"_pose":"FreeFall","_animationQueue":[],"_animationSpeed":1,"_zoom":20.656},{"_mousePosition":[716,357],"_rootPartCFrame":[755.867,249.286,47.598,-0.014,0,1,0,1,0,-1,0,-0.014],"_humanoidState":5,"_cameraCFrame":[764.641,269.486,47.495,-0.012,-0.905,0.425,0,0.425,0.905,-1,0.011,-0.005],"_shiftlockState":false,"_pose":"FreeFall","_animationQueue":[],"_animationSpeed":1,"_zoom":20.656},{"_mousePosition":[716,357],"_rootPartCFrame":[755.6,249.673,47.601,-0.014,0,1,0,1,0,-1,0,-0.014],"_humanoidState":5,"_cameraCFrame":[764.374,269.872,47.498,-0.012,-0.905,0.425,0,0.425,0.905,-1,0.011,-0.005],"_shiftlockState":false,"_pose":"FreeFall","_animationQueue":[],"_animationSpeed":1,"_zoom":20.656},{"_mousePosition":[716,357],"_rootPartCFrame":[755.333,250.005,47.604,-0.014,0,1,0,1,0,-1,0,-0.014],"_humanoidState":5,"_cameraCFrame":[764.108,270.204,47.501,-0.012,-0.905,0.425,0,0.425,0.905,-1,0.011,-0.005],"_shiftlockState":false,"_pose":"FreeFall","_animationQueue":[],"_animationSpeed":1,"_zoom":20.656},{"_mousePosition":[716,357],"_rootPartCFrame":[755.067,250.282,47.608,-0.013,0,1,0,1,0,-1,0,-0.013],"_humanoidState":5,"_cameraCFrame":[763.841,270.482,47.504,-0.012,-0.905,0.425,0,0.425,0.905,-1,0.011,-0.005],"_shiftlockState":false,"_pose":"FreeFall","_animationQueue":[],"_animationSpeed":1,"_zoom":20.656},{"_mousePosition":[716,357],"_rootPartCFrame":[754.8,250.505,47.611,-0.013,0,1,0,1,0,-1,0,-0.013],"_humanoidState":5,"_cameraCFrame":[763.575,270.704,47.507,-0.012,-0.905,0.425,0,0.425,0.905,-1,0.011,-0.005],"_shiftlockState":false,"_pose":"FreeFall","_animationQueue":[["fall",0.3]],"_animationSpeed":1,"_zoom":20.656},{"_mousePosition":[716,357],"_rootPartCFrame":[754.534,250.673,47.614,-0.013,0,1,0,1,0,-1,0,-0.013],"_humanoidState":5,"_cameraCFrame":[763.308,270.873,47.511,-0.012,-0.905,0.425,0,0.425,0.905,-1,0.011,-0.005],"_shiftlockState":false,"_pose":"FreeFall","_animationQueue":[],"_animationSpeed":1,"_zoom":20.656},{"_mousePosition":[716,357],"_rootPartCFrame":[754.267,250.787,47.617,-0.013,0,1,0,1,0,-1,0,-0.013],"_humanoidState":5,"_cameraCFrame":[763.041,270.987,47.514,-0.012,-0.905,0.425,0,0.425,0.905,-1,0.011,-0.005],"_shiftlockState":false,"_pose":"FreeFall","_animationQueue":[],"_animationSpeed":1,"_zoom":20.656},{"_mousePosition":[716,357],"_rootPartCFrame":[754,250.847,47.62,-0.013,0,1,0,1,0,-1,0,-0.013],"_humanoidState":5,"_cameraCFrame":[762.775,271.046,47.517,-0.012,-0.905,0.425,0,0.425,0.905,-1,0.011,-0.005],"_shiftlockState":false,"_pose":"FreeFall","_animationQueue":[],"_animationSpeed":1,"_zoom":20.656},{"_mousePosition":[716,357],"_rootPartCFrame":[753.734,250.852,47.623,-0.013,0,1,0,1,0,-1,0,-0.013],"_humanoidState":5,"_cameraCFrame":[762.508,271.051,47.542,-0.009,-0.905,0.425,0,0.425,0.905,-1,0.008,-0.004],"_shiftlockState":false,"_pose":"FreeFall","_animationQueue":[],"_animationSpeed":1,"_zoom":20.656},{"_mousePosition":[716,357],"_rootPartCFrame":[753.4,250.781,47.627,-0.012,0,1,0,1,0,-1,0,-0.012],"_humanoidState":5,"_cameraCFrame":[762.175,270.98,47.546,-0.009,-0.905,0.425,0,0.425,0.905,-1,0.008,-0.004],"_shiftlockState":false,"_pose":"FreeFall","_animationQueue":[],"_animationSpeed":1,"_zoom":20.656},{"_mousePosition":[716,357],"_rootPartCFrame":[753.134,250.663,47.63,-0.012,0,1,0,1,0,-1,0,-0.012],"_humanoidState":5,"_cameraCFrame":[761.909,270.863,47.571,-0.007,-0.905,0.425,0,0.425,0.905,-1,0.006,-0.003],"_shiftlockState":false,"_pose":"FreeFall","_animationQueue":[["fall",0.3]],"_animationSpeed":1,"_zoom":20.656},{"_mousePosition":[716,357],"_rootPartCFrame":[752.934,250.539,47.632,-0.012,0,1,0,1,0,-1,0,-0.012],"_humanoidState":5,"_cameraCFrame":[761.709,270.739,47.595,-0.004,-0.905,0.425,0,0.425,0.905,-1,0.004,-0.002],"_shiftlockState":false,"_pose":"FreeFall","_animationQueue":[],"_animationSpeed":1,"_zoom":20.656},{"_mousePosition":[716,357],"_rootPartCFrame":[752.667,250.326,47.634,-0.011,0,1,0,1,0,-1,0,-0.011],"_humanoidState":5,"_cameraCFrame":[761.442,270.526,47.619,-0.002,-0.905,0.425,0,0.425,0.905,-1,0.001,-0.001],"_shiftlockState":false,"_pose":"FreeFall","_animationQueue":[],"_animationSpeed":1,"_zoom":20.656},{"_mousePosition":[716,357],"_rootPartCFrame":[752.334,249.983,47.635,-0.01,0,1,0,1,0,-1,0,-0.01],"_humanoidState":5,"_cameraCFrame":[761.109,270.183,47.643,0.001,-0.905,0.425,0,0.425,0.905,-1,-0.001,0],"_shiftlockState":false,"_pose":"FreeFall","_animationQueue":[],"_animationSpeed":1,"_zoom":20.656},{"_mousePosition":[716,357],"_rootPartCFrame":[752.134,249.736,47.636,-0.009,0,1,0,1,0,-1,0,-0.009],"_humanoidState":5,"_cameraCFrame":[760.909,269.936,47.643,0.001,-0.905,0.425,0,0.425,0.905,-1,-0.001,0],"_shiftlockState":false,"_pose":"FreeFall","_animationQueue":[],"_animationSpeed":1,"_zoom":20.656},{"_mousePosition":[716,357],"_rootPartCFrame":[751.867,249.36,47.635,-0.008,0,1,0,1,0,-1,0,-0.008],"_humanoidState":5,"_cameraCFrame":[760.642,269.559,47.665,0.003,-0.905,0.425,0,0.425,0.905,-1,-0.003,0.001],"_shiftlockState":false,"_pose":"FreeFall","_animationQueue":[],"_animationSpeed":1,"_zoom":20.656},{"_mousePosition":[716,357],"_rootPartCFrame":[751.601,248.929,47.635,-0.007,0,1,0,1,0,-1,0,-0.007],"_humanoidState":5,"_cameraCFrame":[760.376,269.128,47.687,0.006,-0.905,0.425,0,0.425,0.905,-1,-0.005,0.003],"_shiftlockState":false,"_pose":"FreeFall","_animationQueue":[],"_animationSpeed":1,"_zoom":20.656},{"_mousePosition":[716,357],"_rootPartCFrame":[751.334,248.443,47.634,-0.006,0,1,0,1,0,-1,0,-0.006],"_humanoidState":5,"_cameraCFrame":[760.109,268.643,47.686,0.006,-0.905,0.425,0,0.425,0.905,-1,-0.005,0.003],"_shiftlockState":false,"_pose":"FreeFall","_animationQueue":[["fall",0.3]],"_animationSpeed":1,"_zoom":20.656},{"_mousePosition":[716,357],"_rootPartCFrame":[751.068,247.903,47.633,-0.004,0,1,0,1,0,-1,0,-0.004],"_humanoidState":5,"_cameraCFrame":[759.879,268.085,47.707,0.008,-0.904,0.427,0,0.427,0.904,-1,-0.008,0.004],"_shiftlockState":false,"_pose":"FreeFall","_animationQueue":[],"_animationSpeed":1,"_zoom":20.656},{"_mousePosition":[716,357],"_rootPartCFrame":[750.734,247.151,47.631,-0.002,0,1,0,1,0,-1,0,-0.002],"_humanoidState":5,"_cameraCFrame":[759.582,267.316,47.706,0.008,-0.904,0.428,0,0.428,0.904,-1,-0.008,0.004],"_shiftlockState":false,"_pose":"FreeFall","_animationQueue":[],"_animationSpeed":1,"_zoom":20.656},{"_mousePosition":[716,357],"_rootPartCFrame":[750.534,246.659,47.629,-0.001,0,1,0,1,0,-1,0,-0.001],"_humanoidState":5,"_cameraCFrame":[759.455,266.79,47.705,0.008,-0.902,0.432,0,0.432,0.902,-1,-0.008,0.004],"_shiftlockState":false,"_pose":"FreeFall","_animationQueue":[],"_animationSpeed":1,"_zoom":20.656},{"_mousePosition":[716,357],"_rootPartCFrame":[750.268,245.956,47.627,0,0,1,0,1,0,-1,0,0],"_humanoidState":5,"_cameraCFrame":[759.26,266.051,47.726,0.011,-0.9,0.435,0,0.435,0.9,-1,-0.01,0.005],"_shiftlockState":false,"_pose":"FreeFall","_animationQueue":[],"_animationSpeed":1,"_zoom":20.656},{"_mousePosition":[716,357],"_rootPartCFrame":[750.001,245.198,47.625,0.001,0,1,0,1,0,-1,0,0.001],"_humanoidState":5,"_cameraCFrame":[759.066,265.258,47.724,0.011,-0.898,0.439,0,0.439,0.899,-1,-0.01,0.005],"_shiftlockState":false,"_pose":"FreeFall","_animationQueue":[],"_animationSpeed":1,"_zoom":20.656},{"_mousePosition":[716,357],"_rootPartCFrame":[749.735,244.385,47.622,0.002,0,1,0,1,0,-1,0,0.002],"_humanoidState":5,"_cameraCFrame":[758.908,264.392,47.723,0.011,-0.896,0.444,0,0.444,0.896,-1,-0.01,0.005],"_shiftlockState":false,"_pose":"FreeFall","_animationQueue":[["fall",0.3]],"_animationSpeed":1,"_zoom":20.656},{"_mousePosition":[716,357],"_rootPartCFrame":[749.468,243.518,47.619,0.004,0,1,0,1,0,-1,0,0.004],"_humanoidState":5,"_cameraCFrame":[758.713,263.489,47.721,0.011,-0.894,0.448,0,0.448,0.894,-1,-0.01,0.005],"_shiftlockState":false,"_pose":"FreeFall","_animationQueue":[],"_animationSpeed":1,"_zoom":20.656},{"_mousePosition":[716,357],"_rootPartCFrame":[749.201,242.596,47.616,0.005,0,1,0,1,0,-1,0,0.005],"_humanoidState":5,"_cameraCFrame":[758.519,262.531,47.719,0.011,-0.892,0.451,0,0.451,0.892,-1,-0.01,0.005],"_shiftlockState":false,"_pose":"FreeFall","_animationQueue":[],"_animationSpeed":1,"_zoom":20.656},{"_mousePosition":[716,357],"_rootPartCFrame":[748.935,241.62,47.613,0.006,0,1,0,1,0,-1,0,0.006],"_humanoidState":5,"_cameraCFrame":[758.324,261.519,47.716,0.011,-0.891,0.455,0,0.455,0.891,-1,-0.01,0.005],"_shiftlockState":false,"_pose":"FreeFall","_animationQueue":[],"_animationSpeed":1,"_zoom":20.656},{"_mousePosition":[716,357],"_rootPartCFrame":[748.668,240.59,47.61,0.006,0,1,0,1,0,-1,0,0.006],"_humanoidState":5,"_cameraCFrame":[758.129,260.451,47.714,0.011,-0.889,0.458,0,0.458,0.889,-1,-0.01,0.005],"_shiftlockState":false,"_pose":"FreeFall","_animationQueue":[],"_animationSpeed":1,"_zoom":20.656},{"_mousePosition":[716,357],"_rootPartCFrame":[748.402,239.504,47.607,0.007,0,1,0,1,0,-1,0,0.007],"_humanoidState":5,"_cameraCFrame":[757.862,259.366,47.711,0.011,-0.889,0.458,0,0.458,0.889,-1,-0.01,0.005],"_shiftlockState":false,"_pose":"FreeFall","_animationQueue":[],"_animationSpeed":1,"_zoom":20.656},{"_mousePosition":[716,357],"_rootPartCFrame":[748.135,238.365,47.604,0.008,0,1,0,1,0,-1,0,0.008],"_humanoidState":5,"_cameraCFrame":[757.596,258.227,47.708,0.011,-0.889,0.458,0,0.458,0.889,-1,-0.01,0.005],"_shiftlockState":false,"_pose":"FreeFall","_animationQueue":[],"_animationSpeed":1,"_zoom":20.656},{"_mousePosition":[716,357],"_rootPartCFrame":[747.868,237.171,47.601,0.008,0,1,0,1,0,-1,0,0.008],"_humanoidState":5,"_cameraCFrame":[757.365,257.014,47.706,0.011,-0.888,0.46,0,0.46,0.888,-1,-0.01,0.005],"_shiftlockState":false,"_pose":"FreeFall","_animationQueue":[["fall",0.3]],"_animationSpeed":1,"_zoom":20.656},{"_mousePosition":[716,357],"_rootPartCFrame":[747.535,235.601,47.598,0.009,0,1,0,1,0,-1,0,0.009],"_humanoidState":5,"_cameraCFrame":[757.032,255.445,47.702,0.011,-0.888,0.46,0,0.46,0.888,-1,-0.01,0.005],"_shiftlockState":false,"_pose":"FreeFall","_animationQueue":[],"_animationSpeed":1,"_zoom":20.656},{"_mousePosition":[716,357],"_rootPartCFrame":[747.335,234.786,47.596,0.009,0,1,0,1,0,-1,0,0.009],"_humanoidState":7,"_cameraCFrame":[756.832,254.629,47.7,0.011,-0.888,0.46,0,0.46,0.888,-1,-0.01,0.005],"_shiftlockState":false,"_pose":"FreeFall","_animationQueue":[["walk",0.1],["fall",0.3],["fall",0.3]],"_animationSpeed":1,"_zoom":20.656},{"_mousePosition":[716,357],"_rootPartCFrame":[747.069,234.761,47.593,0.009,0,1,0,1,0,-1,0,0.009],"_humanoidState":7,"_cameraCFrame":[756.565,254.605,47.697,0.011,-0.888,0.46,0,0.46,0.888,-1,-0.01,0.005],"_shiftlockState":false,"_pose":"FreeFall","_animationQueue":[],"_animationSpeed":1,"_zoom":20.656},{"_mousePosition":[716,357],"_rootPartCFrame":[746.802,234.927,47.59,0.009,0,1,0,1,0,-1,0,0.009],"_humanoidState":7,"_cameraCFrame":[756.298,254.771,47.694,0.011,-0.888,0.46,0,0.46,0.888,-1,-0.01,0.005],"_shiftlockState":false,"_pose":"FreeFall","_animationQueue":[],"_animationSpeed":1,"_zoom":20.656},{"_mousePosition":[716,357],"_rootPartCFrame":[746.535,235.045,47.587,0.01,0,1,0,1,0,-1,0,0.01],"_humanoidState":8,"_cameraCFrame":[756.032,254.889,47.691,0.011,-0.888,0.46,0,0.46,0.888,-1,-0.01,0.005],"_shiftlockState":false,"_pose":"Running","_animationQueue":[["walk",0.1],["fall",0.3],["walk",0.1]],"_animationSpeed":1.103,"_zoom":20.656},{"_mousePosition":[716,357],"_rootPartCFrame":[746.269,235.116,47.584,0.01,0,1,0,1,0,-1,0,0.01],"_humanoidState":8,"_cameraCFrame":[755.765,254.959,47.688,0.011,-0.888,0.46,0,0.46,0.888,-1,-0.01,0.005],"_shiftlockState":false,"_pose":"Running","_animationQueue":[],"_animationSpeed":1.103,"_zoom":20.656},{"_mousePosition":[716,357],"_rootPartCFrame":[746.002,235.154,47.581,0.01,0,1,0,1,0,-1,0,0.01],"_humanoidState":8,"_cameraCFrame":[755.499,254.998,47.685,0.011,-0.888,0.46,0,0.46,0.888,-1,-0.01,0.005],"_shiftlockState":false,"_pose":"Running","_animationQueue":[["walk",0.1]],"_animationSpeed":1.103,"_zoom":20.656},{"_mousePosition":[716,357],"_rootPartCFrame":[745.736,235.175,47.578,0.01,0,1,0,1,0,-1,0,0.01],"_humanoidState":8,"_cameraCFrame":[755.232,255.018,47.682,0.011,-0.888,0.46,0,0.46,0.888,-1,-0.01,0.005],"_shiftlockState":false,"_pose":"Running","_animationQueue":[],"_animationSpeed":1.103,"_zoom":20.656},{"_mousePosition":[716,357],"_rootPartCFrame":[745.469,235.186,47.575,0.01,0,1,0,1,0,-1,0,0.01],"_humanoidState":8,"_cameraCFrame":[754.965,255.03,47.68,0.011,-0.888,0.46,0,0.46,0.888,-1,-0.01,0.005],"_shiftlockState":false,"_pose":"Running","_animationQueue":[],"_animationSpeed":1.103,"_zoom":20.656},{"_mousePosition":[716,357],"_rootPartCFrame":[745.202,235.192,47.572,0.01,0,1,0,1,0,-1,0,0.01],"_humanoidState":8,"_cameraCFrame":[754.77,254.999,47.677,0.011,-0.886,0.463,0,0.463,0.886,-1,-0.01,0.005],"_shiftlockState":false,"_pose":"Running","_animationQueue":[],"_animationSpeed":1.103,"_zoom":20.656},{"_mousePosition":[716,357],"_rootPartCFrame":[744.869,236.276,47.568,0.01,0,1,0,1,0,-1,0,0.01],"_humanoidState":3,"_cameraCFrame":[754.473,256.064,47.674,0.011,-0.885,0.465,0,0.465,0.885,-1,-0.01,0.005],"_shiftlockState":false,"_pose":"Jumping","_animationQueue":[["walk",0.1],["jump",0.1]],"_animationSpeed":1,"_zoom":20.656},{"_mousePosition":[716,357],"_rootPartCFrame":[744.669,236.887,47.566,0.011,0,1,0,1,0,-1,0,0.011],"_humanoidState":5,"_cameraCFrame":[754.344,256.637,47.673,0.011,-0.883,0.468,0,0.468,0.884,-1,-0.01,0.005],"_shiftlockState":false,"_pose":"FreeFall","_animationQueue":[["jump",0.1]],"_animationSpeed":1,"_zoom":20.656},{"_mousePosition":[716,357],"_rootPartCFrame":[744.403,237.655,47.563,0.011,0,1,0,1,0,-1,0,0.011],"_humanoidState":5,"_cameraCFrame":[754.184,257.348,47.671,0.011,-0.881,0.474,0,0.474,0.881,-1,-0.01,0.005],"_shiftlockState":false,"_pose":"FreeFall","_animationQueue":[],"_animationSpeed":1,"_zoom":20.656},{"_mousePosition":[716,357],"_rootPartCFrame":[744.136,238.368,47.56,0.011,0,1,0,1,0,-1,0,0.011],"_humanoidState":5,"_cameraCFrame":[754.023,258.004,47.669,0.011,-0.878,0.479,0,0.479,0.878,-1,-0.01,0.005],"_shiftlockState":false,"_pose":"FreeFall","_animationQueue":[],"_animationSpeed":1,"_zoom":20.656},{"_mousePosition":[716,357],"_rootPartCFrame":[743.869,239.027,47.557,0.011,0,1,0,1,0,-1,0,0.011],"_humanoidState":5,"_cameraCFrame":[753.863,258.604,47.667,0.011,-0.875,0.484,0,0.484,0.875,-1,-0.01,0.005],"_shiftlockState":false,"_pose":"FreeFall","_animationQueue":[],"_animationSpeed":1,"_zoom":20.656},{"_mousePosition":[716,357],"_rootPartCFrame":[743.603,239.631,47.555,0.011,0,1,0,1,0,-1,0,0.011],"_humanoidState":5,"_cameraCFrame":[753.702,259.149,47.666,0.011,-0.872,0.489,0,0.489,0.872,-1,-0.01,0.005],"_shiftlockState":false,"_pose":"FreeFall","_animationQueue":[],"_animationSpeed":1,"_zoom":20.656},{"_mousePosition":[716,357],"_rootPartCFrame":[743.27,240.309,47.551,0.011,0,1,0,1,0,-1,0,0.011],"_humanoidState":5,"_cameraCFrame":[753.473,259.768,47.663,0.011,-0.869,0.494,0,0.494,0.869,-1,-0.01,0.005],"_shiftlockState":false,"_pose":"FreeFall","_animationQueue":[],"_animationSpeed":1,"_zoom":20.656},{"_mousePosition":[716,357],"_rootPartCFrame":[743.07,240.675,47.549,0.011,0,1,0,1,0,-1,0,0.011],"_humanoidState":5,"_cameraCFrame":[753.343,260.095,47.662,0.011,-0.867,0.497,0,0.497,0.868,-1,-0.01,0.005],"_shiftlockState":false,"_pose":"FreeFall","_animationQueue":[],"_animationSpeed":1,"_zoom":20.656},{"_mousePosition":[716,357],"_rootPartCFrame":[742.803,241.116,47.546,0.011,0,1,0,1,0,-1,0,0.011],"_humanoidState":5,"_cameraCFrame":[753.147,260.495,47.66,0.011,-0.866,0.501,0,0.501,0.866,-1,-0.01,0.006],"_shiftlockState":false,"_pose":"FreeFall","_animationQueue":[],"_animationSpeed":1,"_zoom":20.656},{"_mousePosition":[716,357],"_rootPartCFrame":[742.536,241.502,47.543,0.011,0,1,0,1,0,-1,0,0.011],"_humanoidState":5,"_cameraCFrame":[752.95,260.84,47.657,0.011,-0.864,0.504,0,0.504,0.864,-1,-0.009,0.006],"_shiftlockState":false,"_pose":"FreeFall","_animationQueue":[],"_animationSpeed":1,"_zoom":20.656},{"_mousePosition":[716,357],"_rootPartCFrame":[742.27,241.833,47.54,0.011,0,1,0,1,0,-1,0,0.011],"_humanoidState":5,"_cameraCFrame":[752.718,261.152,47.655,0.011,-0.863,0.506,0,0.506,0.863,-1,-0.009,0.006],"_shiftlockState":false,"_pose":"FreeFall","_animationQueue":[],"_animationSpeed":1,"_zoom":20.656},{"_mousePosition":[716,357],"_rootPartCFrame":[742.003,242.11,47.537,0.011,0,1,0,1,0,-1,0,0.011],"_humanoidState":5,"_cameraCFrame":[752.52,261.388,47.653,0.011,-0.861,0.509,0,0.509,0.861,-1,-0.009,0.006],"_shiftlockState":false,"_pose":"FreeFall","_animationQueue":[],"_animationSpeed"