[{"_mousePosition":[1114,375],"_rootPartCFrame":[776.033,222.957,47.142,-0.001,-0.005,1,0,1,0.005,-1,0,-0.001],"_humanoidState":8,"_cameraCFrame":[776.263,235.169,40.705,-0.999,-0.032,0.019,0,0.515,0.857,-0.037,0.856,-0.515],"_shiftlockState":false,"_pose":"Standing","_animationQueue":[],"_animationSpeed":1,"_zoom":12.5},{"_mousePosition":[1114,375],"_rootPartCFrame":[775.73,222.803,47.131,0.005,0,1,0,1,0,-1,0,0.005],"_humanoidState":8,"_cameraCFrame":[775.967,235.015,40.693,-0.999,-0.032,0.019,0,0.515,0.857,-0.037,0.856,-0.515],"_shiftlockState":false,"_pose":"Standing","_animationQueue":[],"_animationSpeed":1,"_zoom":12.5},{"_mousePosition":[1114,375],"_rootPartCFrame":[775.597,222.722,47.126,0.007,0,1,0,1,0,-1,0,0.007],"_humanoidState":8,"_cameraCFrame":[775.835,234.934,40.689,-0.999,-0.032,0.019,0,0.515,0.857,-0.037,0.856,-0.515],"_shiftlockState":false,"_pose":"Running","_animationQueue":[["walk",0.1]],"_animationSpeed":1.091,"_zoom":12.5},{"_mousePosition":[1114,375],"_rootPartCFrame":[775.33,222.612,47.116,0.011,0,1,0,1,0,-1,0,0.011],"_humanoidState":8,"_cameraCFrame":[775.568,234.824,40.679,-0.999,-0.032,0.019,0,0.515,0.857,-0.037,0.856,-0.515],"_shiftlockState":false,"_pose":"Running","_animationQueue":[],"_animationSpeed":1.091,"_zoom":12.5},{"_mousePosition":[1114,375],"_rootPartCFrame":[775.064,222.636,47.106,0.015,0,1,0,1,0,-1,0,0.015],"_humanoidState":8,"_cameraCFrame":[775.301,234.849,40.669,-0.999,-0.032,0.019,0,0.515,0.857,-0.037,0.856,-0.515],"_shiftlockState":false,"_pose":"Running","_animationQueue":[["walk",0.1]],"_animationSpeed":1.091,"_zoom":12.5},{"_mousePosition":[1113,375],"_rootPartCFrame":[774.797,222.663,47.096,0.018,0,1,0,1,0,-1,0,0.018],"_humanoidState":8,"_cameraCFrame":[775.035,234.875,40.659,-0.999,-0.032,0.019,0,0.515,0.857,-0.037,0.856,-0.515],"_shiftlockState":false,"_pose":"Running","_animationQueue":[],"_animationSpeed":1.091,"_zoom":12.5},{"_mousePosition":[1116,382],"_rootPartCFrame":[774.531,222.68,47.087,0.02,0,1,0,1,0,-1,0,0.02],"_humanoidState":8,"_cameraCFrame":[774.768,234.892,40.649,-0.999,-0.032,0.019,0,0.515,0.857,-0.037,0.856,-0.515],"_shiftlockState":false,"_pose":"Running","_animationQueue":[],"_animationSpeed":1.091,"_zoom":12.5},{"_mousePosition":[1125,396],"_rootPartCFrame":[774.131,222.692,47.072,0.024,0,1,0,1,0,-1,0,0.024],"_humanoidState":8,"_cameraCFrame":[774.369,234.904,40.634,-0.999,-0.032,0.019,0,0.515,0.857,-0.037,0.856,-0.515],"_shiftlockState":false,"_pose":"Running","_animationQueue":[],"_animationSpeed":1.091,"_zoom":12.5},{"_mousePosition":[1129,402],"_rootPartCFrame":[773.865,222.695,47.062,0.026,0,1,0,1,0,-1,0,0.026],"_humanoidState":8,"_cameraCFrame":[774.102,234.908,40.625,-0.999,-0.032,0.019,0,0.515,0.857,-0.037,0.856,-0.515],"_shiftlockState":false,"_pose":"Running","_animationQueue":[],"_animationSpeed":1.091,"_zoom":12.5},{"_mousePosition":[1149,432],"_rootPartCFrame":[773.598,222.697,47.052,0.027,0,1,0,1,0,-1,0,0.027],"_humanoidState":8,"_cameraCFrame":[772.087,234.91,40.55,-0.999,-0.032,0.019,0,0.515,0.857,-0.037,0.856,-0.515],"_shiftlockState":true,"_pose":"Running","_animationQueue":[],"_animationSpeed":1.091,"_zoom":12.5},{"_mousePosition":[683,384],"_rootPartCFrame":[773.332,222.698,47.042,-0.999,0,-0.034,0,1,0,0.034,0,-0.999],"_humanoidState":8,"_cameraCFrame":[771.82,234.911,40.54,-0.999,-0.032,0.019,0,0.515,0.857,-0.037,0.856,-0.515],"_shiftlockState":true,"_pose":"Running","_animationQueue":[["walk",0.1]],"_animationSpeed":1.091,"_zoom":12.5},{"_mousePosition":[683,384],"_rootPartCFrame":[773.065,222.699,47.033,-1,0,0.008,0,1,0,-0.008,0,-1],"_humanoidState":8,"_cameraCFrame":[771.668,235.069,40.771,-0.998,-0.049,0.028,0,0.494,0.87,-0.057,0.868,-0.493],"_shiftlockState":true,"_pose":"Running","_animationQueue":[],"_animationSpeed":1.091,"_zoom":12.5},{"_mousePosition":[683,384],"_rootPartCFrame":[772.798,222.699,47.023,-0.999,0,0.053,0,1,0,-0.053,0,-0.999],"_humanoidState":8,"_cameraCFrame":[771.495,235.201,40.975,-0.997,-0.066,0.035,0,0.475,0.88,-0.075,0.878,-0.473],"_shiftlockState":true,"_pose":"Running","_animationQueue":[],"_animationSpeed":1.091,"_zoom":12.5},{"_mousePosition":[683,384],"_rootPartCFrame":[772.532,222.699,47.008,-0.997,0,0.074,0,1,0,-0.074,0,-0.997],"_humanoidState":8,"_cameraCFrame":[771.322,235.323,41.168,-0.996,-0.083,0.043,0,0.456,0.89,-0.093,0.886,-0.454],"_shiftlockState":true,"_pose":"Running","_animationQueue":[],"_animationSpeed":1.091,"_zoom":12.5},{"_mousePosition":[683,384],"_rootPartCFrame":[772.266,222.7,46.989,-0.996,0,0.093,0,1,0,-0.093,0,-0.996],"_humanoidState":8,"_cameraCFrame":[771.126,235.423,41.328,-0.994,-0.098,0.048,0,0.44,0.898,-0.109,0.893,-0.438],"_shiftlockState":true,"_pose":"Running","_animationQueue":[],"_animationSpeed":1.091,"_zoom":12.5},{"_mousePosition":[683,384],"_rootPartCFrame":[772.067,222.7,46.971,-0.994,0,0.109,0,1,0,-0.109,0,-0.994],"_humanoidState":8,"_cameraCFrame":[770.97,235.51,41.477,-0.993,-0.109,0.051,0,0.426,0.905,-0.12,0.898,-0.423],"_shiftlockState":true,"_pose":"Running","_animationQueue":[],"_animationSpeed":1.091,"_zoom":12.5},{"_mousePosition":[683,384],"_rootPartCFrame":[771.736,222.7,46.936,-0.993,0,0.12,0,1,0,-0.12,0,-0.993],"_humanoidState":8,"_cameraCFrame":[770.65,235.594,41.616,-0.992,-0.115,0.052,0,0.411,0.912,-0.127,0.904,-0.408],"_shiftlockState":true,"_pose":"Running","_animationQueue":[],"_animationSpeed":1.091,"_zoom":12.5},{"_mousePosition":[683,384],"_rootPartCFrame":[771.471,222.7,46.904,-0.992,0,0.127,0,1,0,-0.127,0,-0.992],"_humanoidState":8,"_cameraCFrame":[770.363,235.672,41.759,-0.992,-0.116,0.05,0,0.397,0.918,-0.127,0.91,-0.394],"_shiftlockState":true,"_pose":"Running","_animationQueue":[["walk",0.1]],"_animationSpeed":1.091,"_zoom":12.5},{"_mousePosition":[683,384],"_rootPartCFrame":[771.206,222.7,46.87,-0.992,0,0.127,0,1,0,-0.127,0,-0.992],"_humanoidState":8,"_cameraCFrame":[770.05,235.746,41.906,-0.993,-0.112,0.046,0,0.383,0.924,-0.121,0.917,-0.38],"_shiftlockState":true,"_pose":"Running","_animationQueue":[],"_animationSpeed":1.091,"_zoom":12.5},{"_mousePosition":[683,384],"_rootPartCFrame":[770.942,222.7,46.837,-0.993,0,0.121,0,1,0,-0.121,0,-0.993],"_humanoidState":8,"_cameraCFrame":[769.708,235.822,42.072,-0.994,-0.102,0.04,0,0.368,0.93,-0.11,0.924,-0.366],"_shiftlockState":true,"_pose":"Running","_animationQueue":[],"_animationSpeed":1.091,"_zoom":12.5},{"_mousePosition":[683,384],"_rootPartCFrame":[770.677,222.7,46.804,-0.994,0,0.11,0,1,0,-0.11,0,-0.994],"_humanoidState":8,"_cameraCFrame":[769.354,235.902,42.264,-0.995,-0.089,0.034,0,0.351,0.936,-0.095,0.932,-0.35],"_shiftlockState":true,"_pose":"Running","_animationQueue":[],"_animationSpeed":1.091,"_zoom":12.5},{"_mousePosition":[683,384],"_rootPartCFrame":[770.478,222.7,46.782,-0.995,0,0.095,0,1,0,-0.095,0,-0.995],"_humanoidState":8,"_cameraCFrame":[769.05,235.998,42.531,-0.997,-0.072,0.025,0,0.33,0.944,-0.077,0.941,-0.329],"_shiftlockState":true,"_pose":"Running","_animationQueue":[],"_animationSpeed":1.091,"_zoom":12.5},{"_mousePosition":[683,384],"_rootPartCFrame":[770.213,222.7,46.756,-0.997,0,0.077,0,1,0,-0.077,0,-0.997],"_humanoidState":8,"_cameraCFrame":[768.7,236.119,42.889,-0.998,-0.059,0.019,0,0.301,0.954,-0.062,0.952,-0.301],"_shiftlockState":true,"_pose":"Running","_animationQueue":[],"_animationSpeed":1.091,"_zoom":12.5},{"_mousePosition":[683,384],"_rootPartCFrame":[769.947,222.7,46.735,-0.998,0,0.062,0,1,0,-0.062,0,-0.998],"_humanoidState":8,"_cameraCFrame":[768.398,236.272,43.391,-0.998,-0.059,0.016,0,0.259,0.966,-0.061,0.964,-0.259],"_shiftlockState":true,"_pose":"Running","_animationQueue":[],"_animationSpeed":1.091,"_zoom":12.5},{"_mousePosition":[683,384],"_rootPartCFrame":[769.615,222.649,46.709,-0.998,0,0.061,0,1,0,-0.061,0,-0.998],"_humanoidState":8,"_cameraCFrame":[768.095,236.344,43.831,-0.997,-0.08,0.018,0,0.219,0.976,-0.082,0.972,-0.219],"_shiftlockState":true,"_pose":"Running","_animationQueue":[["walk",0.1]],"_animationSpeed":1.091,"_zoom":12.5},{"_mousePosition":[683,384],"_rootPartCFrame":[769.349,222.546,46.689,-0.997,0,0.082,0,1,0,-0.082,0,-0.997],"_humanoidState":8,"_cameraCFrame":[767.813,236.255,43.876,-0.997,-0.076,0.017,0,0.215,0.977,-0.078,0.974,-0.214],"_shiftlockState":true,"_pose":"Running","_animationQueue":[],"_animationSpeed":1.091,"_zoom":12.5},{"_mousePosition":[683,384],"_rootPartCFrame":[769.083,223.409,46.668,-0.997,0,0.078,0,1,0,-0.078,0,-0.997],"_humanoidState":3,"_cameraCFrame":[767.547,237.118,43.856,-0.997,-0.076,0.017,0,0.215,0.977,-0.078,0.974,-0.214],"_shiftlockState":true,"_pose":"Jumping","_animationQueue":[["walk",0.1],["jump",0.1]],"_animationSpeed":1,"_zoom":12.5},{"_mousePosition":[683,384],"_rootPartCFrame":[768.817,224.218,46.647,-0.986,0,0.169,0,1,0,-0.169,0,-0.986],"_humanoidState":5,"_cameraCFrame":[767.281,237.926,43.835,-0.997,-0.076,0.017,0,0.215,0.977,-0.078,0.974,-0.214],"_shiftlockState":true,"_pose":"FreeFall","_animationQueue":[["jump",0.1]],"_animationSpeed":1,"_zoom":12.5},{"_mousePosition":[683,384],"_rootPartCFrame":[768.618,224.788,46.632,-0.985,0,0.172,0,1,0,-0.172,0,-0.985],"_humanoidState":5,"_cameraCFrame":[767.082,238.497,43.82,-0.997,-0.076,0.017,0,0.215,0.977,-0.078,0.974,-0.214],"_shiftlockState":true,"_pose":"FreeFall","_animationQueue":[],"_animationSpeed":1,"_zoom":12.5},{"_mousePosition":[683,384],"_rootPartCFrame":[768.286,225.671,46.606,-0.971,0,0.241,0,1,0,-0.241,0,-0.971],"_humanoidState":5,"_cameraCFrame":[766.749,239.379,43.794,-0.997,-0.076,0.017,0,0.215,0.977,-0.078,0.974,-0.214],"_shiftlockState":true,"_pose":"FreeFall","_animationQueue":[],"_animationSpeed":1,"_zoom":12.5},{"_mousePosition":[683,384],"_rootPartCFrame":[768.086,226.16,46.59,-0.984,0,0.177,0,1,0,-0.177,0,-0.984],"_humanoidState":5,"_cameraCFrame":[766.55,239.868,43.778,-0.997,-0.076,0.017,0,0.215,0.977,-0.078,0.974,-0.214],"_shiftlockState":true,"_pose":"FreeFall","_animationQueue":[],"_animationSpeed":1,"_zoom":12.5},{"_mousePosition":[683,384],"_rootPartCFrame":[767.82,226.764,46.57,-0.978,0,0.209,0,1,0,-0.209,0,-0.978],"_humanoidState":5,"_cameraCFrame":[766.284,240.472,43.757,-0.997,-0.076,0.017,0,0.215,0.977,-0.078,0.974,-0.214],"_shiftlockState":true,"_pose":"FreeFall","_animationQueue":[],"_animationSpeed":1,"_zoom":12.5},{"_mousePosition":[683,384],"_rootPartCFrame":[767.488,227.442,46.544,-0.97,0,0.242,0,1,0,-0.242,0,-0.97],"_humanoidState":5,"_cameraCFrame":[765.952,241.15,43.732,-0.997,-0.076,0.017,0,0.215,0.977,-0.078,0.974,-0.214],"_shiftlockState":true,"_pose":"FreeFall","_animationQueue":[],"_animationSpeed":1,"_zoom":12.5},{"_mousePosition":[683,384],"_rootPartCFrame":[767.289,227.808,46.528,-0.984,0,0.177,0,1,0,-0.177,0,-0.984],"_humanoidState":5,"_cameraCFrame":[765.752,241.517,43.716,-0.997,-0.076,0.017,0,0.215,0.977,-0.078,0.974,-0.214],"_shiftlockState":true,"_pose":"FreeFall","_animationQueue":[],"_animationSpeed":1,"_zoom":12.5},{"_mousePosition":[683,384],"_rootPartCFrame":[767.023,228.249,46.508,-0.978,0,0.209,0,1,0,-0.209,0,-0.978],"_humanoidState":5,"_cameraCFrame":[765.482,241.694,43.753,-0.997,-0.076,0.017,0,0.215,0.977,-0.078,0.974,-0.214],"_shiftlockState":true,"_pose":"FreeFall","_animationQueue":[],"_animationSpeed":1,"_zoom":9.6},{"_mousePosition":[683,384],"_rootPartCFrame":[766.69,228.723,46.482,-0.97,0,0.242,0,1,0,-0.242,0,-0.97],"_humanoidState":5,"_cameraCFrame":[765.142,241.723,43.825,-0.997,-0.076,0.017,0,0.215,0.977,-0.078,0.974,-0.214],"_shiftlockState":true,"_pose":"FreeFall","_animationQueue":[],"_animationSpeed":1,"_zoom":9.6},{"_mousePosition":[683,384],"_rootPartCFrame":[766.491,228.966,46.466,-0.984,0,0.177,0,1,0,-0.177,0,-0.984],"_humanoidState":5,"_cameraCFrame":[764.935,241.49,43.843,-0.997,-0.074,0.017,0,0.221,0.975,-0.076,0.972,-0.22],"_shiftlockState":true,"_pose":"FreeFall","_animationQueue":[],"_animationSpeed":1,"_zoom":9.6},{"_mousePosition":[683,384],"_rootPartCFrame":[766.225,229.243,46.446,-0.978,0,0.207,0,1,0,-0.207,0,-0.978],"_humanoidState":5,"_cameraCFrame":[764.667,241.33,43.883,-0.997,-0.075,0.017,0,0.224,0.975,-0.077,0.972,-0.224],"_shiftlockState":true,"_pose":"FreeFall","_animationQueue":[],"_animationSpeed":1,"_zoom":9.6},{"_mousePosition":[683,384],"_rootPartCFrame":[765.893,229.513,46.42,-0.971,0,0.241,0,1,0,-0.241,0,-0.971],"_humanoidState":5,"_cameraCFrame":[764.365,241.275,43.991,-0.996,-0.092,0.02,0,0.216,0.976,-0.094,0.972,-0.215],"_shiftlockState":true,"_pose":"FreeFall","_animationQueue":[],"_animationSpeed":1,"_zoom":9.6},{"_mousePosition":[683,384],"_rootPartCFrame":[765.627,229.667,46.4,-0.974,0,0.226,0,1,0,-0.226,0,-0.974],"_humanoidState":5,"_cameraCFrame":[764.136,241.188,44.084,-0.993,-0.114,0.024,0,0.208,0.978,-0.116,0.972,-0.206],"_shiftlockState":true,"_pose":"FreeFall","_animationQueue":[],"_animationSpeed":1,"_zoom":9.6},{"_mousePosition":[683,384],"_rootPartCFrame":[765.361,229.767,46.375,-0.969,0,0.247,0,1,0,-0.247,0,-0.969],"_humanoidState":5,"_cameraCFrame":[763.875,241.125,44.134,-0.992,-0.12,0.025,0,0.203,0.979,-0.122,0.972,-0.201],"_shiftlockState":true,"_pose":"FreeFall","_animationQueue":[],"_animationSpeed":1,"_zoom":9.6},{"_mousePosition":[683,384],"_rootPartCFrame":[765.163,229.806,46.353,-0.975,0,0.221,0,1,0,-0.221,0,-0.975],"_humanoidState":5,"_cameraCFrame":[763.664,241.023,44.153,-0.993,-0.117,0.024,0,0.202,0.979,-0.119,0.972,-0.201],"_shiftlockState":true,"_pose":"FreeFall","_animationQueue":[],"_animationSpeed":1,"_zoom":9.6},{"_mousePosition":[683,384],"_rootPartCFrame":[764.898,229.811,46.321,-0.968,0,0.25,0,1,0,-0.25,0,-0.968],"_humanoidState":5,"_cameraCFrame":[763.384,240.917,44.13,-0.994,-0.11,0.023,0,0.205,0.979,-0.112,0.973,-0.203],"_shiftlockState":true,"_pose":"FreeFall","_animationQueue":[],"_animationSpeed":1,"_zoom":9.6},{"_mousePosition":[683,384],"_rootPartCFrame":[764.633,229.761,46.289,-0.97,0,0.243,0,1,0,-0.243,0,-0.97],"_humanoidState":5,"_cameraCFrame":[763.107,240.801,44.112,-0.994,-0.105,0.022,0,0.205,0.979,-0.107,0.973,-0.204],"_shiftlockState":true,"_pose":"FreeFall","_animationQueue":[],"_animationSpeed":1,"_zoom":9.6},{"_mousePosition":[683,384],"_rootPartCFrame":[764.302,229.622,46.251,-0.963,0,0.27,0,1,0,-0.27,0,-0.963],"_humanoidState":5,"_cameraCFrame":[762.77,240.617,44.087,-0.994,-0.103,0.022,0,0.205,0.979,-0.105,0.973,-0.204],"_shiftlockState":true,"_pose":"FreeFall","_animationQueue":[["fall",0.3]],"_animationSpeed":1,"_zoom":9.6},{"_mousePosition":[683,384],"_rootPartCFrame":[764.103,229.498,46.23,-0.979,0,0.203,0,1,0,-0.203,0,-0.979],"_humanoidState":5,"_cameraCFrame":[762.568,240.464,44.095,-0.994,-0.103,0.021,0,0.203,0.979,-0.105,0.974,-0.202],"_shiftlockState":true,"_pose":"FreeFall","_animationQueue":[],"_animationSpeed":1,"_zoom":9.6},{"_mousePosition":[683,384],"_rootPartCFrame":[763.838,229.284,46.202,-0.972,0,0.236,0,1,0,-0.236,0,-0.972],"_humanoidState":5,"_cameraCFrame":[762.301,240.236,44.108,-0.994,-0.104,0.021,0,0.199,0.98,-0.106,0.975,-0.198],"_shiftlockState":true,"_pose":"FreeFall","_animationQueue":[],"_animationSpeed":1,"_zoom":9.6},{"_mousePosition":[683,384],"_rootPartCFrame":[763.507,228.941,46.167,-0.963,0,0.269,0,1,0,-0.269,0,-0.963],"_humanoidState":5,"_cameraCFrame":[761.973,239.888,44.115,-0.994,-0.108,0.021,0,0.194,0.981,-0.11,0.975,-0.193],"_shiftlockState":true,"_pose":"FreeFall","_animationQueue":[],"_animationSpeed":1,"_zoom":9.6},{"_mousePosition":[683,384],"_rootPartCFrame":[763.308,228.694,46.145,-0.978,0,0.209,0,1,0,-0.209,0,-0.978],"_humanoidState":5,"_cameraCFrame":[761.783,239.636,44.116,-0.993,-0.114,0.022,0,0.191,0.982,-0.116,0.975,-0.19],"_shiftlockState":true,"_pose":"FreeFall","_animationQueue":[],"_animationSpeed":1,"_zoom":9.6},{"_mousePosition":[683,384],"_rootPartCFrame":[763.043,228.317,46.116,-0.969,0,0.247,0,1,0,-0.247,0,-0.969],"_humanoidState":5,"_cameraCFrame":[761.529,239.261,44.121,-0.992,-0.122,0.023,0,0.186,0.982,-0.125,0.975,-0.185],"_shiftlockState":true,"_pose":"FreeFall","_animationQueue":[],"_animationSpeed":1,"_zoom":9.6},{"_mousePosition":[683,384],"_rootPartCFrame":[762.712,227.769,46.078,-0.958,0,0.287,0,1,0,-0.287,0,-0.958],"_humanoidState":5,"_cameraCFrame":[761.212,238.714,44.094,-0.991,-0.131,0.024,0,0.184,0.983,-0.133,0.974,-0.182],"_shiftlockState":true,"_pose":"FreeFall","_animationQueue":[["fall",0.3]],"_animationSpeed":1,"_zoom":9.6},{"_mousePosition":[683,384],"_rootPartCFrame":[762.513,227.399,46.053,-0.973,0,0.231,0,1,0,-0.231,0,-0.973],"_humanoidState":5,"_cameraCFrame":[761.028,238.344,44.072,-0.99,-0.139,0.026,0,0.182,0.983,-0.141,0.973,-0.181],"_shiftlockState":true,"_pose":"FreeFall","_animationQueue":[],"_animationSpeed":1,"_zoom":9.6},{"_mousePosition":[683,384],"_rootPartCFrame":[762.249,226.859,46.018,-0.962,0,0.271,0,1,0,-0.271,0,-0.962],"_humanoidState":5,"_cameraCFrame":[760.781,237.803,44.031,-0.989,-0.148,0.027,0,0.182,0.983,-0.15,0.972,-0.18],"_shiftlockState":true,"_pose":"FreeFall","_animationQueue":[],"_animationSpeed":1,"_zoom":9.6},{"_mousePosition":[683,384],"_rootPartCFrame":[761.985,226.264,45.981,-0.96,0,0.28,0,1,0,-0.28,0,-0.96],"_humanoidState":5,"_cameraCFrame":[760.545,237.208,43.98,-0.986,-0.162,0.03,0,0.181,0.984,-0.165,0.97,-0.178],"_shiftlockState":true,"_pose":"FreeFall","_animationQueue":[],"_animationSpeed":1,"_zoom":9.6},{"_mousePosition":[683,384],"_rootPartCFrame":[761.655,225.443,45.931,-0.945,0,0.326,0,1,0,-0.326,0,-0.945],"_humanoidState":5,"_cameraCFrame":[760.274,236.391,43.909,-0.981,-0.193,0.035,0,0.178,0.984,-0.196,0.965,-0.175],"_shiftlockState":true,"_pose":"FreeFall","_animationQueue":[],"_animationSpeed":1,"_zoom":9.6},{"_mousePosition":[683,384],"_rootPartCFrame":[761.392,224.726,45.888,-0.946,0,0.324,0,1,0,-0.324,0,-0.946],"_humanoidState":5,"_cameraCFrame":[760.104,235.675,43.817,-0.97,-0.238,0.043,0,0.177,0.984,-0.242,0.955,-0.172],"_shiftlockState":true,"_pose":"FreeFall","_animationQueue":[],"_animationSpeed":1,"_zoom":9.6},{"_mousePosition":[683,384],"_rootPartCFrame":[761.13,223.954,45.837,-0.93,0,0.369,0,1,0,-0.369,0,-0.93],"_humanoidState":5,"_cameraCFrame":[759.98,234.904,43.693,-0.952,-0.3,0.054,0,0.176,0.984,-0.305,0.937,-0.168],"_shiftlockState":true,"_pose":"FreeFall","_animationQueue":[["fall",0.3]],"_animationSpeed":1,"_zoom":9.6},{"_mousePosition":[683,384],"_rootPartCFrame":[760.936,223.841,45.79,-0.94,0,0.341,0,1,0,-0.341,0,-0.94],"_humanoidState":7,"_cameraCFrame":[760.004,234.787,43.526,-0.919,-0.388,0.07,0,0.178,0.984,-0.394,0.904,-0.164],"_shiftlockState":true,"_pose":"FreeFall","_animationQueue":[["walk",0.1],["fall",0.3],["fall",0.3]],"_animationSpeed":1,"_zoom":9.6},{"_mousePosition":[683,384],"_rootPartCFrame":[760.618,223.835,45.691,-0.915,0,0.402,0,1,0,-0.402,0,-0.915],"_humanoidState":7,"_cameraCFrame":[759.953,234.777,43.318,-0.87,-0.486,0.089,0,0.181,0.984,-0.494,0.855,-0.157],"_shiftlockState":true,"_pose":"FreeFall","_animationQueue":[],"_animationSpeed":1,"_zoom":9.6},{"_mousePosition":[683,384],"_rootPartCFrame":[760.31,223.691,45.562,-0.866,0,0.5,0,1,0,-0.5,0,-0.866],"_humanoidState":8,"_cameraCFrame":[760.006,234.638,43.138,-0.782,-0.614,0.111,0,0.178,0.984,-0.624,0.769,-0.139],"_shiftlockState":true,"_pose":"Running","_animationQueue":[["walk",0.1],["fall",0.3],["walk",0.1]],"_animationSpeed":1.103,"_zoom":9.6},{"_mousePosition":[683,384],"_rootPartCFrame":[760.077,223.515,45.435,-0.776,0,0.631,0,1,0,-0.631,0,-0.776],"_humanoidState":8,"_cameraCFrame":[760.234,234.469,43.023,-0.641,-0.756,0.133,0,0.174,0.985,-0.767,0.632,-0.111],"_shiftlockState":true,"_pose":"Running","_animationQueue":[],"_animationSpeed":1.103,"_zoom":9.6},{"_mousePosition":[683,384],"_rootPartCFrame":[759.934,223.349,45.313,-0.629,0.018,0.777,0.008,1,-0.016,-0.777,-0.003,-0.629],"_humanoidState":8,"_cameraCFrame":[760.583,234.303,42.973,-0.48,-0.864,0.152,0,0.174,0.985,-0.877,0.472,-0.083],"_shiftlockState":true,"_pose":"Running","_animationQueue":[],"_animationSpeed":1.103,"_zoom":9.6},{"_mousePosition":[683,384],"_rootPartCFrame":[759.714,223.014,45.064,-0.459,0.016,0.888,0.005,1,-0.015,-0.889,-0.002,-0.459],"_humanoidState":8,"_cameraCFrame":[760.714,233.968,42.85,-0.339,-0.927,0.163,0,0.174,0.985,-0.941,0.333,-0.059],"_shiftlockState":true,"_pose":"Running","_animationQueue":[["walk",0.1]],"_animationSpeed":0.92,"_zoom":9.6},{"_mousePosition":[683,384],"_rootPartCFrame":[759.612,222.974,44.893,-0.331,0.003,0.944,0.001,1,-0.003,-0.944,0,-0.331],"_humanoidState":8,"_cameraCFrame":[760.861,233.928,42.821,-0.219,-0.961,0.169,0,0.174,0.985,-0.976,0.216,-0.038],"_shiftlockState":true,"_pose":"Running","_animationQueue":[["walk",0.1],["walk",0.1]],"_animationSpeed":1.108,"_zoom":9.6},{"_mousePosition":[683,384],"_rootPartCFrame":[759.518,222.994,44.645,-0.211,-0.002,0.978,0,1,0.002,-0.978,0,-0.211],"_humanoidState":8,"_cameraCFrame":[760.849,233.949,42.629,-0.176,-0.969,0.171,0,0.174,0.985,-0.984,0.173,-0.031],"_shiftlockState":true,"_pose":"Running","_animationQueue":[],"_animationSpeed":1.108,"_zoom":9.6},{"_mousePosition":[683,384],"_rootPartCFrame":[759.455,223.016,44.386,-0.173,-0.001,0.985,0,1,0.001,-0.985,0,-0.173],"_humanoidState":8,"_cameraCFrame":[760.789,233.971,42.371,-0.175,-0.97,0.171,0,0.174,0.985,-0.985,0.172,-0.03],"_shiftlockState":true,"_pose":"Running","_animationQueue":[],"_animationSpeed":1.108,"_zoom":9.6},{"_mousePosition":[683,384],"_rootPartCFrame":[759.394,223.033,44.058,-0.175,0,0.985,0,1,0,-0.985,0,-0.175],"_humanoidState":8,"_cameraCFrame":[760.69,233.983,41.999,-0.205,-0.964,0.172,0,0.176,0.984,-0.979,0.201,-0.036],"_shiftlockState":true,"_pose":"Running","_animationQueue":[],"_animationSpeed":1.108,"_zoom":9.6},{"_mousePosition":[683,384],"_rootPartCFrame":[759.359,223.038,43.861,-0.205,0,0.979,0,1,0,-0.979,0,-0.205],"_humanoidState":8,"_cameraCFrame":[760.522,233.98,41.688,-0.286,-0.942,0.173,0,0.181,0.984,-0.958,0.281,-0.052],"_shiftlockState":true,"_pose":"Running","_animationQueue":[],"_animationSpeed":1.108,"_zoom":9.6},{"_mousePosition":[683,384],"_rootPartCFrame":[759.292,223.043,43.535,-0.286,0,0.958,0,1,0,-0.958,0,-0.286],"_humanoidState":8,"_cameraCFrame":[760.263,233.969,41.204,-0.399,-0.9,0.174,0,0.19,0.982,-0.917,0.392,-0.076],"_shiftlockState":true,"_pose":"Running","_animationQueue":[],"_animationSpeed":1.108,"_zoom":9.6},{"_mousePosition":[683,384],"_rootPartCFrame":[759.251,223.043,43.339,-0.399,0,0.917,0,1,0,-0.917,0,-0.399],"_humanoidState":8,"_cameraCFrame":[759.867,233.937,40.77,-0.574,-0.801,0.169,0,0.206,0.979,-0.819,0.562,-0.118],"_shiftlockState":true,"_pose":"Running","_animationQueue":[["walk",0.1]],"_animationSpeed":1.108,"_zoom":9.6},{"_mousePosition":[683,384],"_rootPartCFrame":[759.183,223.043,43.013,-0.574,0,0.819,0,1,0,-0.819,0,-0.574],"_humanoidState":8,"_cameraCFrame":[759.359,233.894,40.226,-0.738,-0.657,0.153,0,0.227,0.974,-0.675,0.719,-0.167],"_shiftlockState":true,"_pose":"Running","_animationQueue":[],"_animationSpeed":1.108,"_zoom":9.6},{"_mousePosition":[683,384],"_rootPartCFrame":[759.129,223.916,42.752,-0.738,0,0.675,0,1,0,-0.675,0,-0.738],"_humanoidState":3,"_cameraCFrame":[758.887,234.74,39.881,-0.843,-0.523,0.128,0,0.238,0.971,-0.539,0.818,-0.201],"_shiftlockState":true,"_pose":"Jumping","_animationQueue":[["walk",0.1],["jump",0.1]],"_animationSpeed":1,"_zoom":9.6},{"_mousePosition":[683,384],"_rootPartCFrame":[759.053,224.738,42.503,-0.789,0,0.614,0,1,0,-0.614,0,-0.789],"_humanoidState":5,"_cameraCFrame":[758.434,235.545,39.634,-0.91,-0.401,0.101,0,0.245,0.969,-0.414,0.883,-0.223],"_shiftlockState":true,"_pose":"FreeFall","_animationQueue":[["jump",0.1]],"_animationSpeed":1,"_zoom":9.6},{"_mousePosition":[683,384],"_rootPartCFrame":[758.974,225.319,42.331,-0.867,0,0.499,0,1,0,-0.499,0,-0.867],"_humanoidState":5,"_cameraCFrame":[758.028,236.104,39.482,-0.955,-0.288,0.075,0,0.254,0.967,-0.297,0.923,-0.242],"_shiftlockState":true,"_pose":"FreeFall","_animationQueue":[],"_animationSpeed":1,"_zoom":9.6},{"_mousePosition":[683,384],"_rootPartCFrame":[758.804,226.219,42.075,-0.893,0,0.451,0,1,0,-0.451,0,-0.893],"_humanoidState":5,"_cameraCFrame":[757.589,236.976,39.238,-0.98,-0.19,0.052,0,0.265,0.964,-0.197,0.945,-0.26],"_shiftlockState":true,"_pose":"FreeFall","_animationQueue":[],"_animationSpeed":1,"_zoom":9.6},{"_mousePosition":[683,384],"_rootPartCFrame":[758.637,226.878,41.902,-0.946,0,0.325,0,1,0,-0.325,0,-0.946],"_humanoidState":5,"_cameraCFrame":[757.197,237.614,39.102,-0.993,-0.11,0.031,0,0.273,0.962,-0.114,0.956,-0.271],"_shiftlockState":true,"_pose":"FreeFall","_animationQueue":[],"_animationSpeed":1,"_zoom":9.6},{"_mousePosition":[683,384],"_rootPartCFrame":[758.444,227.482,41.76,-0.969,0,0.245,0,1,0,-0.245,0,-0.969],"_humanoidState":5,"_cameraCFrame":[756.848,238.207,39.01,-0.998,-0.055,0.016,0,0.277,0.961,-0.057,0.959,-0.276],"_shiftlockState":true,"_pose":"FreeFall","_animationQueue":[],"_animationSpeed":1,"_zoom":9.6},{"_mousePosition":[683,384],"_rootPartCFrame":[758.229,228.031,41.65,-0.982,0,0.189,0,1,0,-0.189,0,-0.982],"_humanoidState":5,"_cameraCFrame":[756.497,238.755,38.977,-1,-0.006,0.002,0,0.277,0.961,-0.007,0.961,-0.277],"_shiftlockState":true,"_pose":"FreeFall","_animationQueue":[],"_animationSpeed":1,"_zoom":9.6},{"_mousePosition":[683,384],"_rootPartCFrame":[757.995,228.526,41.575,-0.99,0,0.139,0,1,0,-0.139,0,-0.99],"_humanoidState":5,"_cameraCFrame":[756.146,239.25,38.981,-0.999,0.036,-0.01,0,0.277,0.961,0.037,0.96,-0.277],"_shiftlockState":true,"_pose":"FreeFall","_animationQueue":[],"_animationSpeed":1,"_zoom":9.6},{"_mousePosition":[683,384],"_rootPartCFrame":[757.744,228.967,41.536,-0.995,0,0.096,0,1,0,-0.096,0,-0.995],"_humanoidState":5,"_cameraCFrame":[755.772,239.69,39.034,-0.996,0.082,-0.024,0,0.277,0.961,0.086,0.957,-0.276],"_shiftlockState":true,"_pose":"FreeFall","_animationQueue":[],"_animationSpeed":1,"_zoom":9.6},{"_mousePosition":[683,384],"_rootPartCFrame":[757.481,229.353,41.534,-0.999,0,0.048,0,1,0,-0.048,0,-0.999],"_humanoidState":5,"_cameraCFrame":[755.392,240.078,39.136,-0.991,0.128,-0.037,0,0.277,0.961,0.133,0.952,-0.274],"_shiftlockState":true,"_pose":"FreeFall","_animationQueue":[],"_animationSpeed":1,"_zoom":9.6},{"_mousePosition":[683,384],"_rootPartCFrame":[757.215,229.684,41.554,-1,0,-0.001,0,1,0,0.001,0,-1],"_humanoidState":5,"_cameraCFrame":[755.025,240.41,39.249,-0.984,0.169,-0.049,0,0.277,0.961,0.176,0.946,-0.272],"_shiftlockState":true,"_pose":"FreeFall","_animationQueue":[],"_animationSpeed":1,"_zoom":9.6},{"_mousePosition":[683,384],"_rootPartCFrame":[756.95,229.961,41.588,-0.999,0,-0.043,0,1,0,0.043,0,-0.999],"_humanoidState":5,"_cameraCFrame":[754.695,240.691,39.365,-0.979,0.198,-0.057,0,0.275,0.961,0.206,0.941,-0.269],"_shiftlockState":true,"_pose":"FreeFall","_animationQueue":[],"_animationSpeed":1,"_zoom":9.6},{"_mousePosition":[683,384],"_rootPartCFrame":[756.688,230.184,41.633,-0.997,0,-0.074,0,1,0,0.074,0,-0.997],"_humanoidState":5,"_cameraCFrame":[754.386,240.914,39.457,-0.974,0.217,-0.062,0,0.275,0.961,0.226,0.937,-0.268],"_shiftlockState":true,"_pose":"FreeFall","_animationQueue":[],"_animationSpeed":1,"_zoom":9.6},{"_mousePosition":[683,384],"_rootPartCFrame":[756.426,230.352,41.687,-0.996,0,-0.095,0,1,0,0.095,0,-0.996],"_humanoidState":5,"_cameraCFrame":[754.08,241.08,39.55,-0.969,0.236,-0.068,0,0.276,0.961,0.245,0.932,-0.267],"_shiftlockState":true,"_pose":"FreeFall","_animationQueue":[],"_animationSpeed":1,"_zoom":9.6},{"_mousePosition":[683,384],"_rootPartCFrame":[756.231,230.442,41.731,-0.989,0,-0.147,0,1,0,0.147,0,-0.989],"_humanoidState":5,"_cameraCFrame":[753.805,241.161,39.648,-0.96,0.268,-0.078,0,0.279,0.96,0.279,0.922,-0.268],"_shiftlockState":true,"_pose":"FreeFall","_animationQueue":[],"_animationSpeed":1,"_zoom":9.6},{"_mousePosition":[683,384],"_rootPartCFrame":[755.908,230.524,41.812,-0.993,0,-0.116,0,1,0,0.116,0,-0.993],"_humanoidState":5,"_cameraCFrame":[753.412,241.235,39.773,-0.952,0.294,-0.087,0,0.282,0.959,0.307,0.913,-0.268],"_shiftlockState":true,"_pose":"FreeFall","_animationQueue":[],"_animationSpeed":1,"_zoom":9.6},{"_mousePosition":[683,384],"_rootPartCFrame":[755.716,230.533,41.867,-0.978,0,-0.21,0,1,0,0.21,0,-0.978],"_humanoidState":5,"_cameraCFrame":[753.141,241.235,39.887,-0.941,0.325,-0.097,0,0.285,0.959,0.34,0.902,-0.268],"_shiftlockState":true,"_pose":"FreeFall","_animationQueue":[],"_animationSpeed":1,"_zoom":9.6},{"_mousePosition":[683,384],"_rootPartCFrame":[755.462,230.496,41.947,-0.977,0,-0.212,0,1,0,0.212,0,-0.977],"_humanoidState":5,"_cameraCFrame":[752.817,241.189,40.019,-0.93,0.352,-0.106,0,0.288,0.958,0.368,0.89,-0.268],"_shiftlockState":true,"_pose":"FreeFall","_animationQueue":[["fall",0.3]],"_animationSpeed":1,"_zoom":9.6},{"_mousePosition":[683,384],"_rootPartCFrame":[755.21,230.406,42.036,-0.97,0,-0.241,0,1,0,0.241,0,-0.97],"_humanoidState":5,"_cameraCFrame":[752.507,241.092,40.158,-0.92,0.375,-0.114,0,0.29,0.957,0.392,0.88,-0.267],"_shiftlockState":true,"_pose":"FreeFall","_animationQueue":[],"_animationSpeed":1,"_zoom":9.6},{"_mousePosition":[683,384],"_rootPartCFrame":[754.9,230.215,42.158,-0.972,0,-0.234,0,1,0,0.234,0,-0.972],"_humanoidState":5,"_cameraCFrame":[752.132,240.893,40.33,-0.908,0.4,-0.123,0,0.294,0.956,0.418,0.868,-0.267],"_shiftlockState":true,"_pose":"FreeFall","_animationQueue":[],"_animationSpeed":1,"_zoom":9.6},{"_mousePosition":[683,384],"_rootPartCFrame":[754.716,230.06,42.235,-0.946,0,-0.325,0,1,0,0.325,0,-0.946],"_humanoidState":5,"_cameraCFrame":[751.866,240.726,40.477,-0.893,0.431,-0.134,0,0.297,0.955,0.451,0.852,-0.265],"_shiftlockState":true,"_pose":"FreeFall","_animationQueue":[],"_animationSpeed":1,"_zoom":9.6},{"_mousePosition":[683,384],"_rootPartCFrame":[754.412,229.734,42.374,-0.955,0,-0.297,0,1,0,0.297,0,-0.955],"_humanoidState":5,"_cameraCFrame":[751.509,240.397,40.693,-0.879,0.455,-0.142,0,0.298,0.955,0.477,0.839,-0.262],"_shiftlockState":true,"_pose":"FreeFall","_animationQueue":[],"_animationSpeed":1,"_zoom":9.6},{"_mousePosition":[683,384],"_rootPartCFrame":[754.174,229.411,42.493,-0.935,0,-0.356,0,1,0,0.356,0,-0.935],"_humanoidState":5,"_cameraCFrame":[751.224,240.075,40.895,-0.865,0.479,-0.15,0,0.298,0.955,0.502,0.826,-0.258],"_shiftlockState":true,"_pose":"FreeFall","_animationQueue":[],"_animationSpeed":1,"_zoom":9.6},{"_mousePosition":[683,384],"_rootPartCFrame":[753.939,229.034,42.619,-0.924,0,-0.382,0,1,0,0.382,0,-0.924],"_humanoidState":5,"_cameraCFrame":[750.941,239.696,41.098,-0.851,0.502,-0.157,0,0.299,0.954,0.526,0.812,-0.254],"_shiftlockState":true,"_pose":"FreeFall","_animationQueue":[["fall",0.3]],"_animationSpeed":1,"_zoom":9.6},{"_mousePosition":[683,384],"_rootPartCFrame":[753.765,228.716,42.718,-0.899,0,-0.438,0,1,0,0.438,0,-0.899],"_humanoidState":5,"_cameraCFrame":[750.7,239.372,41.309,-0.828,0.534,-0.168,0,0.3,0.954,0.56,0.79,-0.249],"_shiftlockState":true,"_pose":"FreeFall","_animationQueue":[],"_animationSpeed":1,"_zoom":9.6},{"_mousePosition":[683,384],"_rootPartCFrame":[753.481,228.117,42.892,-0.91,0,-0.415,0,1,0,0.415,0,-0.91],"_humanoidState":5,"_cameraCFrame":[750.314,238.759,41.624,-0.795,0.577,-0.185,0,0.305,0.952,0.606,0.757,-0.243],"_shiftlockState":true,"_pose":"FreeFall","_animationQueue":[],"_animationSpeed":1,"_zoom":9.6},{"_mousePosition":[683,384],"_rootPartCFrame":[753.275,227.577,43.047,-0.862,0,-0.508,0,1,0,0.508,0,-0.862],"_humanoidState":5,"_cameraCFrame":[749.979,238.197,41.964,-0.749,0.63,-0.207,0,0.312,0.95,0.663,0.712,-0.234],"_shiftlockState":true,"_pose":"FreeFall","_animationQueue":[],"_animationSpeed":1,"_zoom":9.6},{"_mousePosition":[683,384],"_rootPartCFrame":[753.101,226.982,43.223,-0.82,0,-0.573,0,1,0,0.573,0,-0.82],"_humanoidState":5,"_cameraCFrame":[749.69,237.58,42.331,-0.7,0.677,-0.228,0,0.319,0.948,0.714,0.663,-0.223],"_shiftlockState":true,"_pose":"FreeFall","_animationQueue":[],"_animationSpeed":1,"_zoom":9.6},{"_mousePosition":[683,384],"_rootPartCFrame":[752.994,226.5,43.368,-0.758,0,-0.652,0,1,0,0.652,0,-0.758],"_humanoidState":5,"_cameraCFrame":[749.461,237.071,42.699,-0.641,0.725,-0.251,0,0.327,0.945,0.768,0.606,-0.21],"_shiftlockState":true,"_pose":"FreeFall","_animationQueue":[],"_animationSpeed":1,"_zoom":9.6},{"_mousePosition":[683,384],"_rootPartCFrame":[752.859,225.628,43.633,-0.744,0,-0.668,0,1,0,0.668,0,-0.744],"_humanoidState":5,"_cameraCFrame":[749.226,236.174,43.186,-0.582,0.766,-0.272,0,0.335,0.942,0.813,0.548,-0.195],"_shiftlockState":true,"_pose":"FreeFall","_animationQueue":[],"_animationSpeed":1,"_zoom":9.6},{"_mousePosition":[683,384],"_rootPartCFrame":[752.805,225.064,43.804,-0.65,0,-0.76,0,1,0,0.76,0,-0.65],"_humanoidState":5,"_cameraCFrame":[749.069,235.576,43.575,-0.521,0.801,-0.294,0,0.345,0.939,0.854,0.489,-0.18],"_shiftlockState":true,"_pose":"FreeFall","_animationQueue":[["fall",0.3]],"_animationSpeed":1,"_zoom":9.6},{"_mousePosition":[683,384],"_rootPartCFrame":[752.766,224.265,44.043,-0.615,0,-0.789,0,1,0,0.789,0,-0.615],"_humanoidState":5,"_cameraCFrame":[748.953,234.747,43.971,-0.476,0.823,-0.311,0,0.353,0.936,0.88,0.445,-0.168],"_shiftlockState":true,"_pose":"FreeFall","_animationQueue":[],"_animationSpeed":1,"_zoom":9.6},{"_mousePosition":[683,384],"_rootPartCFrame":[752.766,223.411,44.291,-0.571,0,-0.821,0,1,0,0.821,0,-0.571],"_humanoidState":5,"_cameraCFrame":[748.92,233.879,44.278,-0.458,0.83,-0.317,0,0.357,0.934,0.889,0.428,-0.163],"_shiftlockState":true,"_pose":"FreeFall","_animationQueue":[],"_animationSpeed":1,"_zoom":9.6},{"_mousePosition":[683,384],"_rootPartCFrame":[752.805,222.503,44.543,-0.552,0,-0.834,0,1,0,0.834,0,-0.552],"_humanoidState":5,"_cameraCFrame":[748.953,232.968,44.515,-0.461,0.829,-0.317,0,0.358,0.934,0.888,0.43,-0.165],"_shiftlockState":true,"_pose":"FreeFall","_animationQueue":[],"_animationSpeed":1,"_zoom":9.6},{"_mousePosition":[683,384],"_rootPartCFrame":[752.854,222.525,44.772,-0.49,0,-0.872,0,1,0,0.872,0,-0.49],"_humanoidState":12,"_cameraCFrame":[748.984,232.98,44.52,-0.508,0.803,-0.31,0,0.361,0.933,0.861,0.474,-0.183],"_shiftlockState":true,"_pose":"Climbing","_animationQueue":[["walk",0.1],["fall",0.3],["climb",0.1],["climb",0]],"_animationSpeed":-4.644,"_zoom":9.6},{"_mousePosition":[683,384],"_rootPartCFrame":[752.238,223.463,44.643,-0.522,0,-0.853,0,1,0,0.853,0,-0.522],"_humanoidState":3,"_cameraCFrame":[748.426,233.912,43.859,-0.621,0.731,-0.284,0,0.362,0.932,0.784,0.578,-0.225],"_shiftlockState":true,"_pose":"Jumping","_animationQueue":[["climb",0.1],["jump",0.1]],"_animationSpeed":1,"_zoom":9.6},{"_mousePosition":[683,384],"_rootPartCFrame":[751.88,223.985,44.573,-0.654,0,-0.756,0,1,0,0.756,0,-0.654],"_humanoidState":5,"_cameraCFrame":[748.373,234.456,43.01,-0.779,0.586,-0.223,0,0.356,0.934,0.628,0.728,-0.277],"_shiftlockState":true,"_pose":"FreeFall","_animationQueue":[["jump",0.1]],"_animationSpeed":1,"_zoom":9.6},{"_mousePosition":[683,384],"_rootPartCFrame":[751.325,224.786,44.486,-0.833,0,-0.553,0,1,0,0.553,0,-0.833],"_humanoidState":5,"_cameraCFrame":[748.39,235.308,42.203,-0.913,0.383,-0.139,0,0.342,0.94,0.407,0.858,-0.312],"_shiftlockState":true,"_pose":"FreeFall","_animationQueue":[],"_animationSpeed":1,"_zoom":9.6},{"_mousePosition":[683,384],"_rootPartCFrame":[751.015,225.226,44.452,-0.944,0,-0.33,0,1,0,0.33,0,-0.944],"_humanoidState":5,"_cameraCFrame":[748.749,235.832,41.775,-0.984,0.17,-0.057,0,0.317,0.949,0.179,0.933,-0.311],"_shiftlockState":true,"_pose":"FreeFall","_animationQueue":[],"_animationSpeed":1,"_zoom":9.6},{"_mousePosition":[683,384],"_rootPartCFrame":[750.626,225.765,44.431,-0.999,0,-0.05,0,1,0,0.05,0,-0.999],"_humanoidState":5,"_cameraCFrame":[748.859,236.466,41.706,-1,0.006,-0.002,0,0.285,0.959,0.006,0.959,-0.285],"_shiftlockState":true,"_pose":"FreeFall","_animationQueue":[],"_animationSpeed":1,"_zoom":9.6},{"_mousePosition":[683,384],"_rootPartCFrame":[750.271,226.249,44.432,-0.992,0,0.126,0,1,0,-0.126,0,-0.992],"_humanoidState":5,"_cameraCFrame":[748.795,237.032,41.812,-0.994,-0.104,0.027,0,0.255,0.967,-0.108,0.961,-0.253],"_shiftlockState":true,"_pose":"FreeFall","_animationQueue":[],"_animationSpeed":1,"_zoom":9.6},{"_mousePosition":[683,384],"_rootPartCFrame":[749.88,226.778,44.438,-0.963,0,0.271,0,1,0,-0.271,0,-0.963],"_humanoidState":5,"_cameraCFrame":[748.511,237.619,41.971,-0.987,-0.157,0.037,0,0.23,0.973,-0.162,0.96,-0.227],"_shiftlockState":true,"_pose":"FreeFall","_animationQueue":[],"_animationSpeed":1,"_zoom":9.6},{"_mousePosition":[683,384],"_rootPartCFrame":[749.67,227.054,44.429,-0.966,0,0.259,0,1,0,-0.259,0,-0.966],"_humanoidState":5,"_cameraCFrame":[748.358,237.93,42.064,-0.981,-0.191,0.042,0,0.215,0.977,-0.196,0.958,-0.211],"_shiftlockState":true,"_pose":"FreeFall","_animationQueue":[],"_animationSpeed":1,"_zoom":9.6},{"_mousePosition":[683,384],"_rootPartCFrame":[749.339,227.447,44.381,-0.935,0,0.356,0,1,0,-0.356,0,-0.935],"_humanoidState":5,"_cameraCFrame":[748.029,238.323,42.015,-0.98,-0.192,0.042,0,0.215,0.977,-0.197,0.958,-0.211],"_shiftlockState":true,"_pose":"FreeFall","_animationQueue":[],"_animationSpeed":1,"_zoom":9.6},{"_mousePosition":[683,384],"_rootPartCFrame":[749.143,227.641,44.343,-0.956,0,0.294,0,1,0,-0.294,0,-0.956],"_humanoidState":5,"_cameraCFrame":[747.833,238.517,41.977,-0.98,-0.192,0.042,0,0.215,0.977,-0.197,0.958,-0.211],"_shiftlockState":true,"_pose":"FreeFall","_animationQueue":[],"_animationSpeed":1,"_zoom":9.6},{"_mousePosition":[683,384],"_rootPartCFrame":[748.881,227.853,44.291,-0.946,0,0.325,0,1,0,-0.325,0,-0.946],"_humanoidState":5,"_cameraCFrame":[747.571,238.729,41.925,-0.98,-0.192,0.042,0,0.215,0.977,-0.197,0.958,-0.211],"_shiftlockState":true,"_pose":"FreeFall","_animationQueue":[],"_animationSpeed":1,"_zoom":9.6},{"_mousePosition":[683,384],"_rootPartCFrame":[748.554,228.041,44.225,-0.934,0,0.357,0,1,0,-0.357,0,-0.934],"_humanoidState":5,"_cameraCFrame":[747.244,238.917,41.859,-0.98,-0.192,0.042,0,0.215,0.977,-0.197,0.958,-0.211],"_shiftlockState":true,"_pose":"FreeFall","_animationQueue":[],"_animationSpeed":1,"_zoom":9.6},{"_mousePosition":[683,384],"_rootPartCFrame":[748.358,228.113,44.186,-0.956,0,0.294,0,1,0,-0.294,0,-0.956],"_humanoidState":5,"_cameraCFrame":[747.048,238.989,41.82,-0.98,-0.192,0.042,0,0.215,0.977,-0.197,0.958,-0.211],"_shiftlockState":true,"_pose":"FreeFall","_animationQueue":[],"_animationSpeed":1,"_zoom":9.6},{"_mousePosition":[683,384],"_rootPartCFrame":[748.097,228.162,44.133,-0.946,0,0.325,0,1,0,-0.325,0,-0.946],"_humanoidState":5,"_cameraCFrame":[746.787,239.038,41.767,-0.98,-0.192,0.042,0,0.215,0.977,-0.197,0.958,-0.211],"_shiftlockState":true,"_pose":"FreeFall","_animationQueue":[],"_animationSpeed":1,"_zoom":9.6},{"_mousePosition":[683,384],"_rootPartCFrame":[747.77,228.146,44.068,-0.934,0,0.357,0,1,0,-0.357,0,-0.934],"_humanoidState":5,"_cameraCFrame":[746.46,239.021,41.702,-0.98,-0.192,0.042,0,0.215,0.977,-0.197,0.958,-0.211],"_shiftlockState":true,"_pose":"FreeFall","_animationQueue":[],"_animationSpeed":1,"_zoom":9.6},{"_mousePosition":[683,384],"_rootPartCFrame":[747.574,228.095,44.028,-0.956,0,0.294,0,1,0,-0.294,0,-0.956],"_humanoidState":5,"_cameraCFrame":[746.264,238.971,41.662,-0.98,-0.192,0.042,0,0.215,0.977,-0.197,0.958,-0.211],"_shiftlockState":true,"_pose":"FreeFall","_animationQueue":[["fall",0.3]],"_animationSpeed":1,"_zoom":9.6},{"_mousePosition":[683,384],"_rootPartCFrame":[747.312,227.98,43.976,-0.946,0,0.325,0,1,0,-0.325,0,-0.946],"_humanoidState":5,"_cameraCFrame":[746.002,238.856,41.61,-0.98,-0.192,0.042,0,0.215,0.977,-0.197,0.958,-0.211],"_shiftlockState":true,"_pose":"FreeFall","_animationQueue":[],"_animationSpeed":1,"_zoom":9.6},{"_mousePosition":[683,384],"_rootPartCFrame":[747.051,227.81,43.923,-0.946,0,0.325,0,1,0,-0.325,0,-0.946],"_humanoidState":5,"_cameraCFrame":[745.741,238.686,41.557,-0.98,-0.192,0.042,0,0.215,0.977,-0.197,0.958,-0.211],"_shiftlockState":true,"_pose":"FreeFall","_animationQueue":[],"_animationSpeed":1,"_zoom":9.6},{"_mousePosition":[683,384],"_rootPartCFrame":[746.789,227.586,43.871,-0.946,0,0.325,0,1,0,-0.325,0,-0.946],"_humanoidState":5,"_cameraCFrame":[745.448,238.455,41.496,-0.983,-0.177,0.04,0,0.218,0.976,-0.181,0.96,-0.214],"_shiftlockState":true,"_pose":"FreeFall","_animationQueue"