[{"_mousePosition":[1145,388],"_rootPartCFrame":[776.028,222.95,47.142,0,0,1,0,1,0,-1,0,0],"_humanoidState":8,"_cameraCFrame":[783.363,230.642,47.276,0.018,-0.645,0.764,0,0.764,0.645,-1,-0.012,0.014],"_shiftlockState":false,"_pose":"Standing","_animationQueue":[],"_animationSpeed":1,"_zoom":9.6},{"_mousePosition":[1121,395],"_rootPartCFrame":[775.91,222.891,47.14,0.001,0,1,0,1,0,-1,0,0.001],"_humanoidState":8,"_cameraCFrame":[783.245,230.583,47.274,0.018,-0.645,0.764,0,0.764,0.645,-1,-0.012,0.014],"_shiftlockState":false,"_pose":"Standing","_animationQueue":[],"_animationSpeed":1,"_zoom":9.6},{"_mousePosition":[1060,409],"_rootPartCFrame":[775.781,222.832,47.137,0.002,0,1,0,1,0,-1,0,0.002],"_humanoidState":8,"_cameraCFrame":[783.116,230.524,47.272,0.018,-0.645,0.764,0,0.764,0.645,-1,-0.012,0.014],"_shiftlockState":false,"_pose":"Running","_animationQueue":[["walk",0.1]],"_animationSpeed":0.836,"_zoom":9.6},{"_mousePosition":[1006,419],"_rootPartCFrame":[775.515,222.672,47.133,0.005,0,1,0,1,0,-1,0,0.005],"_humanoidState":8,"_cameraCFrame":[782.85,230.364,47.267,0.018,-0.645,0.764,0,0.764,0.645,-1,-0.012,0.014],"_shiftlockState":false,"_pose":"Running","_animationQueue":[["walk",0.1]],"_animationSpeed":1.066,"_zoom":9.6},{"_mousePosition":[938,430],"_rootPartCFrame":[775.249,222.653,47.128,0.006,0,1,0,1,0,-1,0,0.006],"_humanoidState":8,"_cameraCFrame":[782.584,230.345,47.262,0.018,-0.645,0.764,0,0.764,0.645,-1,-0.012,0.014],"_shiftlockState":false,"_pose":"Running","_animationQueue":[],"_animationSpeed":1.066,"_zoom":9.6},{"_mousePosition":[887,434],"_rootPartCFrame":[774.982,222.669,47.123,0.008,0,1,0,1,0,-1,0,0.008],"_humanoidState":8,"_cameraCFrame":[782.317,230.362,47.257,0.018,-0.645,0.764,0,0.764,0.645,-1,-0.012,0.014],"_shiftlockState":false,"_pose":"Running","_animationQueue":[],"_animationSpeed":1.066,"_zoom":9.6},{"_mousePosition":[808,435],"_rootPartCFrame":[774.716,222.683,47.118,0.009,0,1,0,1,0,-1,0,0.009],"_humanoidState":8,"_cameraCFrame":[782.05,230.375,47.252,0.018,-0.645,0.764,0,0.764,0.645,-1,-0.012,0.014],"_shiftlockState":false,"_pose":"Running","_animationQueue":[],"_animationSpeed":1.066,"_zoom":9.6},{"_mousePosition":[758,435],"_rootPartCFrame":[774.316,222.693,47.111,0.011,0,1,0,1,0,-1,0,0.011],"_humanoidState":8,"_cameraCFrame":[781.65,230.385,47.245,0.018,-0.645,0.764,0,0.764,0.645,-1,-0.012,0.014],"_shiftlockState":false,"_pose":"Running","_animationQueue":[],"_animationSpeed":1.066,"_zoom":9.6},{"_mousePosition":[689,432],"_rootPartCFrame":[774.182,222.695,47.108,0.012,0,1,0,1,0,-1,0,0.012],"_humanoidState":8,"_cameraCFrame":[781.517,230.387,47.243,0.018,-0.645,0.764,0,0.764,0.645,-1,-0.012,0.014],"_shiftlockState":false,"_pose":"Running","_animationQueue":[["walk",0.1]],"_animationSpeed":1.066,"_zoom":9.6},{"_mousePosition":[647,430],"_rootPartCFrame":[773.916,222.697,47.103,0.013,0,1,0,1,0,-1,0,0.013],"_humanoidState":8,"_cameraCFrame":[781.251,230.389,47.238,0.018,-0.645,0.764,0,0.764,0.645,-1,-0.012,0.014],"_shiftlockState":false,"_pose":"Running","_animationQueue":[],"_animationSpeed":1.066,"_zoom":9.6},{"_mousePosition":[602,429],"_rootPartCFrame":[773.649,222.698,47.098,0.013,0,1,0,1,0,-1,0,0.013],"_humanoidState":8,"_cameraCFrame":[780.984,230.39,47.233,0.018,-0.645,0.764,0,0.764,0.645,-1,-0.012,0.014],"_shiftlockState":false,"_pose":"Running","_animationQueue":[],"_animationSpeed":1.066,"_zoom":9.6},{"_mousePosition":[581,430],"_rootPartCFrame":[773.383,222.699,47.094,0.014,0,1,0,1,0,-1,0,0.014],"_humanoidState":8,"_cameraCFrame":[780.717,230.391,47.228,0.018,-0.645,0.764,0,0.764,0.645,-1,-0.012,0.014],"_shiftlockState":false,"_pose":"Running","_animationQueue":[],"_animationSpeed":1.066,"_zoom":9.6},{"_mousePosition":[566,438],"_rootPartCFrame":[773.116,222.699,47.089,0.015,0,1,0,1,0,-1,0,0.015],"_humanoidState":8,"_cameraCFrame":[780.451,230.392,47.223,0.018,-0.645,0.764,0,0.764,0.645,-1,-0.012,0.014],"_shiftlockState":false,"_pose":"Running","_animationQueue":[],"_animationSpeed":1.066,"_zoom":9.6},{"_mousePosition":[565,439],"_rootPartCFrame":[772.849,222.699,47.084,0.015,0,1,0,1,0,-1,0,0.015],"_humanoidState":8,"_cameraCFrame":[780.184,230.392,47.218,0.018,-0.645,0.764,0,0.764,0.645,-1,-0.012,0.014],"_shiftlockState":false,"_pose":"Running","_animationQueue":[],"_animationSpeed":1.066,"_zoom":9.6},{"_mousePosition":[565,439],"_rootPartCFrame":[772.583,222.7,47.079,0.016,0,1,0,1,0,-1,0,0.016],"_humanoidState":8,"_cameraCFrame":[779.882,230.433,47.213,0.018,-0.649,0.76,0,0.761,0.649,-1,-0.012,0.014],"_shiftlockState":false,"_pose":"Running","_animationQueue":[["walk",0.1]],"_animationSpeed":1.066,"_zoom":9.6},{"_mousePosition":[565,439],"_rootPartCFrame":[772.316,222.7,47.074,0.016,0,1,0,1,0,-1,0,0.016],"_humanoidState":8,"_cameraCFrame":[779.555,230.504,47.222,0.02,-0.657,0.754,0,0.754,0.657,-1,-0.013,0.015],"_shiftlockState":false,"_pose":"Running","_animationQueue":[],"_animationSpeed":1.066,"_zoom":9.6},{"_mousePosition":[565,439],"_rootPartCFrame":[771.916,222.7,47.067,0.016,0,1,0,1,0,-1,0,0.016],"_humanoidState":8,"_cameraCFrame":[779.004,230.671,47.263,0.028,-0.674,0.738,0,0.739,0.674,-1,-0.019,0.02],"_shiftlockState":false,"_pose":"Running","_animationQueue":[],"_animationSpeed":1.066,"_zoom":9.6},{"_mousePosition":[565,439],"_rootPartCFrame":[771.783,222.7,47.064,0.017,0,1,0,1,0,-1,0,0.017],"_humanoidState":8,"_cameraCFrame":[778.71,230.841,47.322,0.037,-0.691,0.722,0,0.722,0.692,-0.999,-0.026,0.027],"_shiftlockState":false,"_pose":"Running","_animationQueue":[],"_animationSpeed":1.066,"_zoom":9.6},{"_mousePosition":[565,439],"_rootPartCFrame":[771.516,222.7,47.057,0.018,0,1,0,1,0,-1,0,0.018],"_humanoidState":8,"_cameraCFrame":[778.26,231.023,47.407,0.052,-0.71,0.703,0,0.703,0.711,-0.999,-0.037,0.036],"_shiftlockState":false,"_pose":"Running","_animationQueue":[],"_animationSpeed":1.066,"_zoom":9.6},{"_mousePosition":[565,439],"_rootPartCFrame":[771.25,222.7,47.047,0.02,0,1,0,1,0,-1,0,0.02],"_humanoidState":8,"_cameraCFrame":[777.803,231.2,47.511,0.071,-0.727,0.683,0,0.684,0.729,-0.998,-0.051,0.048],"_shiftlockState":false,"_pose":"Running","_animationQueue":[],"_animationSpeed":1.066,"_zoom":9.6},{"_mousePosition":[565,439],"_rootPartCFrame":[770.984,222.7,47.034,0.025,0,1,0,1,0,-1,0,0.025],"_humanoidState":8,"_cameraCFrame":[777.323,231.383,47.65,0.097,-0.745,0.66,0,0.663,0.748,-0.995,-0.072,0.064],"_shiftlockState":false,"_pose":"Running","_animationQueue":[],"_animationSpeed":1.066,"_zoom":9.6},{"_mousePosition":[565,439],"_rootPartCFrame":[770.718,222.7,47.015,0.03,0,1,0,1,0,-1,0,0.03],"_humanoidState":8,"_cameraCFrame":[776.833,231.56,47.784,0.125,-0.761,0.637,0,0.642,0.767,-0.992,-0.096,0.08],"_shiftlockState":false,"_pose":"Running","_animationQueue":[["walk",0.1]],"_animationSpeed":1.066,"_zoom":9.6},{"_mousePosition":[565,439],"_rootPartCFrame":[770.452,222.7,46.99,0.039,0,0.999,0,1,0,-0.999,0,0.039],"_humanoidState":8,"_cameraCFrame":[776.347,231.726,47.87,0.148,-0.775,0.614,0,0.621,0.784,-0.989,-0.116,0.092],"_shiftlockState":false,"_pose":"Running","_animationQueue":[],"_animationSpeed":1.066,"_zoom":9.6},{"_mousePosition":[565,439],"_rootPartCFrame":[770.12,222.649,46.958,0.05,0,0.999,0,1,0,-0.999,0,0.05],"_humanoidState":8,"_cameraCFrame":[775.865,231.784,47.889,0.16,-0.785,0.598,0,0.606,0.795,-0.987,-0.127,0.097],"_shiftlockState":false,"_pose":"Running","_animationQueue":[],"_animationSpeed":1.066,"_zoom":9.6},{"_mousePosition":[565,439],"_rootPartCFrame":[769.855,222.546,46.932,0.059,0,0.998,0,1,0,-0.998,0,0.059],"_humanoidState":8,"_cameraCFrame":[775.474,231.775,47.861,0.163,-0.794,0.585,0,0.593,0.805,-0.987,-0.131,0.097],"_shiftlockState":false,"_pose":"Running","_animationQueue":[],"_animationSpeed":1.066,"_zoom":9.6},{"_mousePosition":[565,439],"_rootPartCFrame":[769.59,223.419,46.906,0.068,0,0.998,0,1,0,-0.998,0,0.068],"_humanoidState":3,"_cameraCFrame":[775.115,232.716,47.826,0.164,-0.801,0.576,0,0.583,0.812,-0.986,-0.133,0.096],"_shiftlockState":false,"_pose":"Jumping","_animationQueue":[["walk",0.1],["jump",0.1]],"_animationSpeed":1,"_zoom":9.6},{"_mousePosition":[565,439],"_rootPartCFrame":[769.392,224.041,46.876,0.076,0,0.997,0,1,0,-0.997,0,0.076],"_humanoidState":5,"_cameraCFrame":[774.793,233.431,47.735,0.157,-0.812,0.563,0,0.57,0.822,-0.988,-0.129,0.089],"_shiftlockState":false,"_pose":"FreeFall","_animationQueue":[["jump",0.1]],"_animationSpeed":1,"_zoom":9.6},{"_mousePosition":[565,439],"_rootPartCFrame":[769.063,225.009,46.822,0.091,0,0.996,0,1,0,-0.996,0,0.091],"_humanoidState":5,"_cameraCFrame":[774.376,234.465,47.621,0.149,-0.82,0.553,0,0.56,0.829,-0.989,-0.123,0.083],"_shiftlockState":false,"_pose":"FreeFall","_animationQueue":[],"_animationSpeed":1,"_zoom":9.6},{"_mousePosition":[565,439],"_rootPartCFrame":[768.8,225.722,46.78,0.101,0,0.995,0,1,0,-0.995,0,0.101],"_humanoidState":5,"_cameraCFrame":[774.026,235.242,47.504,0.137,-0.828,0.544,0,0.55,0.835,-0.991,-0.115,0.075],"_shiftlockState":false,"_pose":"FreeFall","_animationQueue":[],"_animationSpeed":1,"_zoom":9.6},{"_mousePosition":[565,439],"_rootPartCFrame":[768.536,226.381,46.74,0.108,0,0.994,0,1,0,-0.994,0,0.108],"_humanoidState":5,"_cameraCFrame":[773.687,235.956,47.393,0.126,-0.834,0.537,0,0.541,0.841,-0.992,-0.106,0.068],"_shiftlockState":false,"_pose":"FreeFall","_animationQueue":[],"_animationSpeed":1,"_zoom":9.6},{"_mousePosition":[565,439],"_rootPartCFrame":[768.338,226.839,46.712,0.112,0,0.994,0,1,0,-0.994,0,0.112],"_humanoidState":5,"_cameraCFrame":[773.405,236.472,47.29,0.113,-0.842,0.528,0,0.531,0.847,-0.994,-0.096,0.06],"_shiftlockState":false,"_pose":"FreeFall","_animationQueue":[],"_animationSpeed":1,"_zoom":9.6},{"_mousePosition":[565,439],"_rootPartCFrame":[768.007,227.534,46.67,0.115,0,0.993,0,1,0,-0.993,0,0.115],"_humanoidState":5,"_cameraCFrame":[773.022,237.204,47.189,0.103,-0.847,0.522,0,0.525,0.851,-0.995,-0.088,0.054],"_shiftlockState":false,"_pose":"FreeFall","_animationQueue":[],"_animationSpeed":1,"_zoom":9.6},{"_mousePosition":[565,439],"_rootPartCFrame":[767.809,227.91,46.646,0.115,0,0.993,0,1,0,-0.993,0,0.115],"_humanoidState":5,"_cameraCFrame":[772.731,237.641,47.088,0.089,-0.854,0.513,0,0.515,0.857,-0.996,-0.077,0.046],"_shiftlockState":false,"_pose":"FreeFall","_animationQueue":[],"_animationSpeed":1,"_zoom":9.6},{"_mousePosition":[565,439],"_rootPartCFrame":[767.411,228.571,46.605,0.114,0,0.994,0,1,0,-0.994,0,0.114],"_humanoidState":5,"_cameraCFrame":[772.296,238.325,47.017,0.084,-0.857,0.509,0,0.511,0.86,-0.996,-0.072,0.043],"_shiftlockState":false,"_pose":"FreeFall","_animationQueue":[],"_animationSpeed":1,"_zoom":9.6},{"_mousePosition":[565,439],"_rootPartCFrame":[767.212,228.856,46.586,0.112,0,0.994,0,1,0,-0.994,0,0.112],"_humanoidState":5,"_cameraCFrame":[772.052,238.637,46.97,0.079,-0.86,0.504,0,0.506,0.863,-0.997,-0.068,0.04],"_shiftlockState":false,"_pose":"FreeFall","_animationQueue":[],"_animationSpeed":1,"_zoom":9.6},{"_mousePosition":[565,439],"_rootPartCFrame":[766.946,229.187,46.564,0.108,0,0.994,0,1,0,-0.994,0,0.108],"_humanoidState":5,"_cameraCFrame":[771.754,238.988,46.934,0.077,-0.862,0.501,0,0.502,0.865,-0.997,-0.066,0.039],"_shiftlockState":false,"_pose":"FreeFall","_animationQueue":[],"_animationSpeed":1,"_zoom":9.6},{"_mousePosition":[565,439],"_rootPartCFrame":[766.68,229.464,46.542,0.104,0,0.995,0,1,0,-0.995,0,0.104],"_humanoidState":5,"_cameraCFrame":[771.481,239.269,46.913,0.077,-0.863,0.5,0,0.502,0.865,-0.997,-0.067,0.039],"_shiftlockState":false,"_pose":"FreeFall","_animationQueue":[],"_animationSpeed":1,"_zoom":9.6},{"_mousePosition":[565,439],"_rootPartCFrame":[766.415,229.687,46.522,0.101,0,0.995,0,1,0,-0.995,0,0.101],"_humanoidState":5,"_cameraCFrame":[771.216,239.492,46.892,0.077,-0.863,0.5,0,0.502,0.865,-0.997,-0.067,0.039],"_shiftlockState":false,"_pose":"FreeFall","_animationQueue":[],"_animationSpeed":1,"_zoom":9.6},{"_mousePosition":[565,439],"_rootPartCFrame":[766.215,229.818,46.506,0.098,0,0.995,0,1,0,-0.995,0,0.098],"_humanoidState":5,"_cameraCFrame":[771.008,239.627,46.896,0.081,-0.863,0.499,0,0.501,0.866,-0.997,-0.07,0.041],"_shiftlockState":false,"_pose":"FreeFall","_animationQueue":[],"_animationSpeed":1,"_zoom":9.6},{"_mousePosition":[565,439],"_rootPartCFrame":[765.883,229.968,46.481,0.094,0,0.996,0,1,0,-0.996,0,0.094],"_humanoidState":5,"_cameraCFrame":[770.665,239.781,46.915,0.09,-0.862,0.498,0,0.5,0.866,-0.996,-0.078,0.045],"_shiftlockState":false,"_pose":"FreeFall","_animationQueue":[],"_animationSpeed":1,"_zoom":9.6},{"_mousePosition":[565,439],"_rootPartCFrame":[765.617,230.027,46.459,0.092,0,0.996,0,1,0,-0.996,0,0.092],"_humanoidState":5,"_cameraCFrame":[770.381,239.848,46.942,0.101,-0.862,0.496,0,0.499,0.867,-0.995,-0.087,0.05],"_shiftlockState":false,"_pose":"FreeFall","_animationQueue":[["fall",0.3]],"_animationSpeed":1,"_zoom":9.6},{"_mousePosition":[565,439],"_rootPartCFrame":[765.351,230.032,46.436,0.092,0,0.996,0,1,0,-0.996,0,0.092],"_humanoidState":5,"_cameraCFrame":[770.102,239.856,46.978,0.113,-0.862,0.495,0,0.498,0.867,-0.994,-0.098,0.056],"_shiftlockState":false,"_pose":"FreeFall","_animationQueue":[],"_animationSpeed":1,"_zoom":9.6},{"_mousePosition":[565,439],"_rootPartCFrame":[765.086,229.982,46.409,0.092,0,0.996,0,1,0,-0.996,0,0.092],"_humanoidState":5,"_cameraCFrame":[769.831,239.806,47.001,0.124,-0.86,0.494,0,0.498,0.867,-0.992,-0.107,0.062],"_shiftlockState":false,"_pose":"FreeFall","_animationQueue":[],"_animationSpeed":1,"_zoom":9.6},{"_mousePosition":[565,439],"_rootPartCFrame":[764.821,229.877,46.379,0.095,0,0.996,0,1,0,-0.996,0,0.095],"_humanoidState":5,"_cameraCFrame":[769.563,239.702,46.991,0.128,-0.86,0.494,0,0.498,0.867,-0.992,-0.111,0.064],"_shiftlockState":false,"_pose":"FreeFall","_animationQueue":[],"_animationSpeed":1,"_zoom":9.6},{"_mousePosition":[565,439],"_rootPartCFrame":[764.622,229.763,46.355,0.097,0,0.995,0,1,0,-0.995,0,0.097],"_humanoidState":5,"_cameraCFrame":[769.371,239.584,46.973,0.129,-0.859,0.495,0,0.499,0.867,-0.992,-0.112,0.064],"_shiftlockState":false,"_pose":"FreeFall","_animationQueue":[],"_animationSpeed":1,"_zoom":9.6},{"_mousePosition":[565,439],"_rootPartCFrame":[764.358,229.563,46.321,0.101,0,0.995,0,1,0,-0.995,0,0.101],"_humanoidState":5,"_cameraCFrame":[769.118,239.376,46.95,0.131,-0.858,0.496,0,0.5,0.866,-0.991,-0.113,0.066],"_shiftlockState":false,"_pose":"FreeFall","_animationQueue":[],"_animationSpeed":1,"_zoom":9.6},{"_mousePosition":[565,439],"_rootPartCFrame":[764.094,229.309,46.287,0.105,0,0.994,0,1,0,-0.994,0,0.105],"_humanoidState":5,"_cameraCFrame":[768.867,239.114,46.923,0.132,-0.858,0.497,0,0.502,0.865,-0.991,-0.114,0.066],"_shiftlockState":false,"_pose":"FreeFall","_animationQueue":[],"_animationSpeed":1,"_zoom":9.6},{"_mousePosition":[565,439],"_rootPartCFrame":[763.763,228.914,46.243,0.109,0,0.994,0,1,0,-0.994,0,0.109],"_humanoidState":5,"_cameraCFrame":[768.561,238.708,46.847,0.125,-0.857,0.5,0,0.504,0.864,-0.992,-0.108,0.063],"_shiftlockState":false,"_pose":"FreeFall","_animationQueue":[["fall",0.3]],"_animationSpeed":1,"_zoom":9.6},{"_mousePosition":[565,439],"_rootPartCFrame":[763.499,228.537,46.208,0.113,0,0.994,0,1,0,-0.994,0,0.113],"_humanoidState":5,"_cameraCFrame":[768.353,238.303,46.731,0.107,-0.856,0.506,0,0.509,0.861,-0.994,-0.092,0.054],"_shiftlockState":false,"_pose":"FreeFall","_animationQueue":[],"_animationSpeed":1,"_zoom":9.6},{"_mousePosition":[565,439],"_rootPartCFrame":[763.234,228.106,46.174,0.115,0,0.993,0,1,0,-0.993,0,0.115],"_humanoidState":5,"_cameraCFrame":[768.165,237.832,46.596,0.085,-0.854,0.514,0,0.515,0.857,-0.996,-0.073,0.044],"_shiftlockState":false,"_pose":"FreeFall","_animationQueue":[],"_animationSpeed":1,"_zoom":9.6},{"_mousePosition":[565,439],"_rootPartCFrame":[763.094,228.143,46.157,0.066,0,0.998,0.006,1,0,-0.998,0.006,0.066],"_humanoidState":12,"_cameraCFrame":[768.254,238.021,46.476,0.06,-0.849,0.524,0,0.525,0.851,-0.998,-0.051,0.032],"_shiftlockState":false,"_pose":"Climbing","_animationQueue":[["walk",0.1],["fall",0.3],["climb",0.1],["climb",0]],"_animationSpeed":-2.26,"_zoom":9.6},{"_mousePosition":[565,439],"_rootPartCFrame":[763.052,228.364,46.146,0.001,0,1,0.005,1,0,-1,0.005,0.001],"_humanoidState":12,"_cameraCFrame":[768.53,238.577,46.386,0.042,-0.846,0.532,0,0.533,0.846,-0.999,-0.036,0.023],"_shiftlockState":false,"_pose":"Climbing","_animationQueue":[["climb",0.1]],"_animationSpeed":0.519,"_zoom":9.6},{"_mousePosition":[565,439],"_rootPartCFrame":[763.026,228.483,46.143,0.001,0,1,0.001,1,0,-1,0.001,0.001],"_humanoidState":8,"_cameraCFrame":[768.863,239.065,46.294,0.026,-0.841,0.541,0,0.541,0.841,-1,-0.022,0.014],"_shiftlockState":false,"_pose":"Running","_animationQueue":[["walk",0.1],["climb",0.1],["walk",0.1],["walk",0.1]],"_animationSpeed":0.063,"_zoom":9.6},{"_mousePosition":[565,439],"_rootPartCFrame":[763.029,228.585,46.137,0.004,0,1,0,1,0,-1,0,0.004],"_humanoidState":5,"_cameraCFrame":[769.176,239.463,46.224,0.014,-0.836,0.548,0,0.548,0.836,-1,-0.012,0.008],"_shiftlockState":false,"_pose":"FreeFall","_animationQueue":[["walk",0.1],["walk",0.1],["fall",0.3]],"_animationSpeed":1,"_zoom":9.6},{"_mousePosition":[565,439],"_rootPartCFrame":[763.029,228.705,46.137,0,0,1,0,1,0,-1,0,0],"_humanoidState":12,"_cameraCFrame":[769.469,239.841,46.147,0.002,-0.831,0.556,0,0.556,0.831,-1,-0.001,0.001],"_shiftlockState":false,"_pose":"Climbing","_animationQueue":[["walk",0.1],["fall",0.3],["climb",0.1]],"_animationSpeed":0.271,"_zoom":9.6},{"_mousePosition":[565,439],"_rootPartCFrame":[763.029,228.937,46.136,-0.001,0,1,0,1,0,-1,0,-0.001],"_humanoidState":12,"_cameraCFrame":[769.697,240.242,46.084,-0.008,-0.827,0.562,0,0.562,0.827,-1,0.006,-0.004],"_shiftlockState":false,"_pose":"Climbing","_animationQueue":[["climb",0.1]],"_animationSpeed":0.896,"_zoom":9.6},{"_mousePosition":[565,439],"_rootPartCFrame":[763.029,229.124,46.137,-0.002,0,1,0,1,0,-1,0,-0.002],"_humanoidState":12,"_cameraCFrame":[769.87,240.546,46.04,-0.014,-0.823,0.568,0,0.568,0.823,-1,0.012,-0.008],"_shiftlockState":false,"_pose":"Climbing","_animationQueue":[],"_animationSpeed":0.896,"_zoom":9.6},{"_mousePosition":[565,439],"_rootPartCFrame":[763.029,229.311,46.137,-0.002,0,1,0,1,0,-1,0,-0.002],"_humanoidState":12,"_cameraCFrame":[769.99,240.803,46.002,-0.019,-0.82,0.572,0,0.572,0.821,-1,0.016,-0.011],"_shiftlockState":false,"_pose":"Climbing","_animationQueue":[],"_animationSpeed":0.896,"_zoom":9.6},{"_mousePosition":[565,439],"_rootPartCFrame":[763.029,229.45,46.137,-0.002,0,1,0,1,0,-1,0,-0.002],"_humanoidState":12,"_cameraCFrame":[770.096,240.993,45.977,-0.023,-0.818,0.575,0,0.576,0.818,-1,0.018,-0.013],"_shiftlockState":false,"_pose":"Climbing","_animationQueue":[],"_animationSpeed":0.896,"_zoom":9.6},{"_mousePosition":[683,382],"_rootPartCFrame":[763.029,229.637,46.137,-0.002,0,1,0,1,0,-1,0,-0.002],"_humanoidState":12,"_cameraCFrame":[768.577,238.97,45.976,-0.029,-0.816,0.578,0,0.578,0.816,-1,0.024,-0.017],"_shiftlockState":false,"_pose":"Climbing","_animationQueue":[["climb",0.1]],"_animationSpeed":0.896,"_zoom":9.6},{"_mousePosition":[683,382],"_rootPartCFrame":[763.029,229.917,46.137,-0.002,0,1,0,1,0,-1,0,-0.002],"_humanoidState":12,"_cameraCFrame":[768.577,239.25,45.97,-0.03,-0.816,0.578,0,0.578,0.816,-1,0.025,-0.017],"_shiftlockState":false,"_pose":"Climbing","_animationQueue":[],"_animationSpeed":0.896,"_zoom":9.6},{"_mousePosition":[683,382],"_rootPartCFrame":[763.029,230.01,46.137,-0.002,0,1,0,1,0,-1,0,-0.002],"_humanoidState":12,"_cameraCFrame":[768.57,239.348,45.953,-0.033,-0.816,0.577,0,0.577,0.816,-0.999,0.027,-0.019],"_shiftlockState":false,"_pose":"Climbing","_animationQueue":[],"_animationSpeed":0.896,"_zoom":9.6},{"_mousePosition":[683,382],"_rootPartCFrame":[763.029,230.244,46.137,-0.002,0,1,0,1,0,-1,0,-0.002],"_humanoidState":12,"_cameraCFrame":[768.569,239.581,45.929,-0.037,-0.816,0.577,0,0.577,0.816,-0.999,0.031,-0.022],"_shiftlockState":false,"_pose":"Climbing","_animationQueue":[],"_animationSpeed":0.896,"_zoom":9.6},{"_mousePosition":[683,382],"_rootPartCFrame":[763.029,230.384,46.137,-0.002,0,1,0,1,0,-1,0,-0.002],"_humanoidState":12,"_cameraCFrame":[768.567,239.721,45.883,-0.046,-0.816,0.577,0,0.577,0.816,-0.999,0.037,-0.026],"_shiftlockState":false,"_pose":"Climbing","_animationQueue":[],"_animationSpeed":0.896,"_zoom":9.6},{"_mousePosition":[683,382],"_rootPartCFrame":[763.029,230.617,46.137,-0.002,0,1,0,1,0,-1,0,-0.002],"_humanoidState":12,"_cameraCFrame":[768.565,239.954,45.837,-0.054,-0.815,0.577,0,0.577,0.816,-0.999,0.044,-0.031],"_shiftlockState":false,"_pose":"Climbing","_animationQueue":[],"_animationSpeed":0.896,"_zoom":9.6},{"_mousePosition":[683,382],"_rootPartCFrame":[763.029,230.757,46.137,-0.002,0,1,0,1,0,-1,0,-0.002],"_humanoidState":12,"_cameraCFrame":[768.585,240.076,45.748,-0.07,-0.813,0.579,0,0.58,0.815,-0.998,0.057,-0.041],"_shiftlockState":false,"_pose":"Climbing","_animationQueue":[],"_animationSpeed":0.896,"_zoom":9.6},{"_mousePosition":[683,382],"_rootPartCFrame":[763.029,230.99,46.137,-0.002,0,1,0,1,0,-1,0,-0.002],"_humanoidState":12,"_cameraCFrame":[768.598,240.296,45.677,-0.082,-0.81,0.58,0,0.582,0.813,-0.997,0.067,-0.048],"_shiftlockState":false,"_pose":"Climbing","_animationQueue":[],"_animationSpeed":0.896,"_zoom":9.6},{"_mousePosition":[683,382],"_rootPartCFrame":[763.029,231.177,46.137,-0.002,0,1,0,1,0,-1,0,-0.002],"_humanoidState":12,"_cameraCFrame":[768.623,240.46,45.604,-0.095,-0.807,0.583,0,0.585,0.811,-0.995,0.077,-0.056],"_shiftlockState":false,"_pose":"Climbing","_animationQueue":[],"_animationSpeed":0.896,"_zoom":9.6},{"_mousePosition":[683,382],"_rootPartCFrame":[763.029,231.363,46.137,-0.002,0,1,0,1,0,-1,0,-0.002],"_humanoidState":12,"_cameraCFrame":[768.628,240.642,45.585,-0.098,-0.806,0.583,0,0.586,0.81,-0.995,0.079,-0.057],"_shiftlockState":false,"_pose":"Climbing","_animationQueue":[],"_animationSpeed":0.896,"_zoom":9.6},{"_mousePosition":[683,382],"_rootPartCFrame":[763.027,231.479,46.14,-0.008,0,1,0,1,0,-1,0,-0.008],"_humanoidState":8,"_cameraCFrame":[768.656,240.74,45.645,-0.088,-0.805,0.586,0,0.589,0.808,-0.996,0.071,-0.052],"_shiftlockState":false,"_pose":"Standing","_animationQueue":[["climb",0.1],["idle",0.1],["idle",0.1]],"_animationSpeed":1,"_zoom":9.6},{"_mousePosition":[683,382],"_rootPartCFrame":[763.028,231.588,46.145,-0.01,0.001,1,-0.001,1,-0.001,-1,-0.001,-0.01],"_humanoidState":5,"_cameraCFrame":[768.742,240.803,46.109,-0.006,-0.804,0.595,0,0.595,0.804,-1,0.005,-0.004],"_shiftlockState":false,"_pose":"FreeFall","_animationQueue":[["walk",0.1],["fall",0.3]],"_animationSpeed":1,"_zoom":9.6},{"_mousePosition":[683,382],"_rootPartCFrame":[763.028,231.602,46.15,-0.01,0.001,1,-0.001,1,-0.001,-1,-0.001,-0.01],"_humanoidState":5,"_cameraCFrame":[768.514,240.822,47.725,0.276,-0.773,0.571,0,0.594,0.804,-0.961,-0.222,0.164],"_shiftlockState":false,"_pose":"FreeFall","_animationQueue":[["fall",0.3]],"_animationSpeed":1,"_zoom":9.6},{"_mousePosition":[683,382],"_rootPartCFrame":[763.028,231.569,46.152,-0.008,0.001,1,0,1,-0.001,-1,-0.001,-0.008],"_humanoidState":5,"_cameraCFrame":[766.909,241.004,49.912,0.696,-0.593,0.404,0,0.563,0.827,-0.718,-0.575,0.392],"_shiftlockState":false,"_pose":"FreeFall","_animationQueue":[],"_animationSpeed":1,"_zoom":9.6},{"_mousePosition":[683,382],"_rootPartCFrame":[763.031,231.517,46.145,0.003,0.001,1,-0.001,1,-0.001,-1,-0.001,0.003],"_humanoidState":5,"_cameraCFrame":[765.798,241.264,50.568,0.977,-0.185,0.11,0,0.512,0.859,-0.215,-0.839,0.5],"_shiftlockState":true,"_pose":"FreeFall","_animationQueue":[],"_animationSpeed":1,"_zoom":9.6},{"_mousePosition":[683,384],"_rootPartCFrame":[763.571,231.822,46.088,0.992,0.033,0.118,-0.034,0.999,0.01,-0.118,-0.014,0.993],"_humanoidState":7,"_cameraCFrame":[766.386,241.568,50.491,0.977,-0.185,0.11,0,0.512,0.859,-0.215,-0.839,0.5],"_shiftlockState":true,"_pose":"FreeFall","_animationQueue":[["walk",0.1],["fall",0.3],["fall",0.3]],"_animationSpeed":1,"_zoom":9.6},{"_mousePosition":[683,384],"_rootPartCFrame":[763.588,232.156,46.002,0.993,-0.006,0.119,0.008,1,-0.009,-0.119,0.01,0.993],"_humanoidState":7,"_cameraCFrame":[765.041,242.05,50.775,0.998,0.053,-0.03,0,0.485,0.874,0.061,-0.873,0.484],"_shiftlockState":true,"_pose":"FreeFall","_animationQueue":[],"_animationSpeed":1,"_zoom":9.6},{"_mousePosition":[683,384],"_rootPartCFrame":[763.587,232.421,45.929,0.996,-0.001,-0.086,0,1,-0.008,0.086,0.008,0.996],"_humanoidState":8,"_cameraCFrame":[765.104,242.326,50.662,0.999,0.043,-0.024,0,0.483,0.875,0.049,-0.874,0.483],"_shiftlockState":true,"_pose":"Running","_animationQueue":[["walk",0.1],["fall",0.3],["walk",0.1]],"_animationSpeed":0.394,"_zoom":9.6},{"_mousePosition":[683,384],"_rootPartCFrame":[763.588,233.305,45.87,0.998,0.01,-0.058,-0.01,1,-0.001,0.058,0.001,0.998],"_humanoidState":3,"_cameraCFrame":[766.195,243.194,50.129,0.982,-0.164,0.091,0,0.486,0.874,-0.187,-0.858,0.477],"_shiftlockState":true,"_pose":"Jumping","_animationQueue":[["walk",0.1],["jump",0.1]],"_animationSpeed":1,"_zoom":9.6},{"_mousePosition":[683,384],"_rootPartCFrame":[763.617,234.154,45.787,0.987,0.007,0.162,-0.007,1,0.001,-0.162,-0.002,0.987],"_humanoidState":5,"_cameraCFrame":[767.495,244.036,48.947,0.864,-0.44,0.245,0,0.487,0.873,-0.503,-0.754,0.421],"_shiftlockState":true,"_pose":"FreeFall","_animationQueue":[["jump",0.1]],"_animationSpeed":1,"_zoom":9.6},{"_mousePosition":[683,384],"_rootPartCFrame":[763.65,234.757,45.699,0.879,0.002,0.478,-0.003,1,0.002,-0.478,-0.003,0.879],"_humanoidState":5,"_cameraCFrame":[768.493,244.624,47.032,0.585,-0.707,0.397,0,0.49,0.872,-0.811,-0.51,0.287],"_shiftlockState":true,"_pose":"FreeFall","_animationQueue":[],"_animationSpeed":1,"_zoom":9.6},{"_mousePosition":[683,384],"_rootPartCFrame":[763.638,235.514,45.553,0.626,-0.001,0.78,0,1,0.001,-0.78,-0.001,0.626],"_humanoidState":5,"_cameraCFrame":[768.779,245.284,44.93,0.222,-0.84,0.495,0,0.508,0.861,-0.975,-0.192,0.113],"_shiftlockState":true,"_pose":"FreeFall","_animationQueue":[],"_animationSpeed":1,"_zoom":9.6},{"_mousePosition":[683,384],"_rootPartCFrame":[763.575,236.383,45.354,0.287,0,0.958,0,1,0,-0.958,0,0.287],"_humanoidState":5,"_cameraCFrame":[768.489,246.062,43.309,-0.059,-0.85,0.523,0,0.524,0.852,-0.998,0.051,-0.031],"_shiftlockState":true,"_pose":"FreeFall","_animationQueue":[],"_animationSpeed":1,"_zoom":9.6},{"_mousePosition":[683,384],"_rootPartCFrame":[763.483,237.018,45.207,-0.017,0,1,0,1,0,-1,0,-0.017],"_humanoidState":5,"_cameraCFrame":[768.027,246.651,42.307,-0.235,-0.823,0.516,0,0.531,0.847,-0.972,0.199,-0.125],"_shiftlockState":true,"_pose":"FreeFall","_animationQueue":[],"_animationSpeed":1,"_zoom":9.6},{"_mousePosition":[683,384],"_rootPartCFrame":[763.359,237.597,45.087,-0.207,0,0.978,0,1,0,-0.978,0,-0.207],"_humanoidState":5,"_cameraCFrame":[767.736,247.223,41.917,-0.293,-0.809,0.509,0,0.533,0.846,-0.956,0.248,-0.156],"_shiftlockState":true,"_pose":"FreeFall","_animationQueue":[],"_animationSpeed":1,"_zoom":9.6},{"_mousePosition":[683,384],"_rootPartCFrame":[763.211,238.123,45.001,-0.28,0,0.96,0,1,0,-0.96,0,-0.28],"_humanoidState":5,"_cameraCFrame":[767.554,247.752,41.796,-0.301,-0.808,0.507,0,0.532,0.847,-0.954,0.255,-0.16],"_shiftlockState":true,"_pose":"FreeFall","_animationQueue":[],"_animationSpeed":1,"_zoom":9.6},{"_mousePosition":[683,384],"_rootPartCFrame":[763.041,238.593,44.951,-0.297,0,0.955,0,1,0,-0.955,0,-0.297],"_humanoidState":5,"_cameraCFrame":[767.428,248.243,41.86,-0.278,-0.816,0.508,0,0.528,0.849,-0.961,0.236,-0.147],"_shiftlockState":true,"_pose":"FreeFall","_animationQueue":[],"_animationSpeed":1,"_zoom":9.6},{"_mousePosition":[683,384],"_rootPartCFrame":[762.849,239.009,44.935,-0.279,0,0.96,0,1,0,-0.96,0,-0.279],"_humanoidState":5,"_cameraCFrame":[767.275,248.676,41.944,-0.258,-0.822,0.508,0,0.526,0.851,-0.966,0.219,-0.135],"_shiftlockState":true,"_pose":"FreeFall","_animationQueue":[],"_animationSpeed":1,"_zoom":9.6},{"_mousePosition":[683,384],"_rootPartCFrame":[762.691,239.286,44.945,-0.26,0,0.966,0,1,0,-0.966,0,-0.26],"_humanoidState":5,"_cameraCFrame":[767.117,248.952,41.954,-0.258,-0.822,0.508,0,0.526,0.851,-0.966,0.219,-0.135],"_shiftlockState":true,"_pose":"FreeFall","_animationQueue":[],"_animationSpeed":1,"_zoom":9.6},{"_mousePosition":[683,384],"_rootPartCFrame":[762.395,239.678,45,-0.258,0,0.966,0,1,0,-0.966,0,-0.258],"_humanoidState":5,"_cameraCFrame":[766.821,249.345,42.009,-0.258,-0.822,0.508,0,0.526,0.851,-0.966,0.219,-0.135],"_shiftlockState":true,"_pose":"FreeFall","_animationQueue":[],"_animationSpeed":1,"_zoom":9.6},{"_mousePosition":[683,384],"_rootPartCFrame":[762.203,239.873,45.05,-0.258,0,0.966,0,1,0,-0.966,0,-0.258],"_humanoidState":5,"_cameraCFrame":[766.629,249.539,42.059,-0.258,-0.822,0.508,0,0.526,0.851,-0.966,0.219,-0.135],"_shiftlockState":true,"_pose":"FreeFall","_animationQueue":[],"_animationSpeed":1,"_zoom":9.6},{"_mousePosition":[683,384],"_rootPartCFrame":[761.881,240.129,45.136,-0.258,0,0.966,0,1,0,-0.966,0,-0.258],"_humanoidState":5,"_cameraCFrame":[766.307,249.796,42.145,-0.258,-0.822,0.508,0,0.526,0.851,-0.966,0.219,-0.135],"_shiftlockState":true,"_pose":"FreeFall","_animationQueue":[],"_animationSpeed":1,"_zoom":9.6},{"_mousePosition":[683,384],"_rootPartCFrame":[761.688,240.242,45.187,-0.258,0,0.966,0,1,0,-0.966,0,-0.258],"_humanoidState":5,"_cameraCFrame":[766.114,249.908,42.196,-0.258,-0.822,0.508,0,0.526,0.851,-0.966,0.219,-0.135],"_shiftlockState":true,"_pose":"FreeFall","_animationQueue":[],"_animationSpeed":1,"_zoom":9.6},{"_mousePosition":[683,384],"_rootPartCFrame":[761.366,240.362,45.273,-0.258,0,0.966,0,1,0,-0.966,0,-0.258],"_humanoidState":5,"_cameraCFrame":[765.792,250.028,42.282,-0.258,-0.822,0.508,0,0.526,0.851,-0.966,0.219,-0.135],"_shiftlockState":true,"_pose":"FreeFall","_animationQueue":[],"_animationSpeed":1,"_zoom":9.6},{"_mousePosition":[683,384],"_rootPartCFrame":[761.173,240.393,45.325,-0.258,0,0.966,0,1,0,-0.966,0,-0.258],"_humanoidState":5,"_cameraCFrame":[765.599,250.06,42.334,-0.258,-0.822,0.508,0,0.526,0.851,-0.966,0.219,-0.135],"_shiftlockState":true,"_pose":"FreeFall","_animationQueue":[],"_animationSpeed":1,"_zoom":9.6},{"_mousePosition":[683,384],"_rootPartCFrame":[760.851,240.377,45.41,-0.258,0,0.966,0,1,0,-0.966,0,-0.258],"_humanoidState":5,"_cameraCFrame":[765.277,250.043,42.419,-0.258,-0.822,0.508,0,0.526,0.851,-0.966,0.219,-0.135],"_shiftlockState":true,"_pose":"FreeFall","_animationQueue":[],"_animationSpeed":1,"_zoom":9.6},{"_mousePosition":[683,384],"_rootPartCFrame":[760.658,240.326,45.462,-0.258,0,0.966,0,1,0,-0.966,0,-0.258],"_humanoidState":5,"_cameraCFrame":[765.084,249.993,42.471,-0.258,-0.822,0.508,0,0.526,0.851,-0.966,0.219,-0.135],"_shiftlockState":true,"_pose":"FreeFall","_animationQueue":[],"_animationSpeed":1,"_zoom":9.6},{"_mousePosition":[683,384],"_rootPartCFrame":[760.336,240.174,45.548,-0.258,0,0.966,0,1,0,-0.966,0,-0.258],"_humanoidState":5,"_cameraCFrame":[764.762,249.84,42.557,-0.258,-0.822,0.508,0,0.526,0.851,-0.966,0.219,-0.135],"_shiftlockState":true,"_pose":"FreeFall","_animationQueue":[],"_animationSpeed":1,"_zoom":9.6},{"_mousePosition":[683,384],"_rootPartCFrame":[760.143,240.042,45.599,-0.258,0,0.966,0,1,0,-0.966,0,-0.258],"_humanoidState":5,"_cameraCFrame":[764.569,249.708,42.608,-0.258,-0.822,0.508,0,0.526,0.851,-0.966,0.219,-0.135],"_shiftlockState":true,"_pose":"FreeFall","_animationQueue":[],"_animationSpeed":1,"_zoom":9.6},{"_mousePosition":[683,384],"_rootPartCFrame":[759.885,239.817,45.668,-0.258,0,0.966,0,1,0,-0.966,0,-0.258],"_humanoidState":5,"_cameraCFrame":[764.314,249.48,42.671,-0.259,-0.821,0.509,0,0.526,0.85,-0.966,0.22,-0.136],"_shiftlockState":true,"_pose":"FreeFall","_animationQueue":[],"_animationSpeed":1,"_zoom":9.6},{"_mousePosition":[683,384],"_rootPartCFrame":[759.628,239.539,45.737,-0.259,0,0.966,0,1,0,-0.966,0,-0.259],"_humanoidState":5,"_cameraCFrame":[764,249.205,42.667,-0.275,-0.818,0.505,0,0.526,0.851,-0.962,0.234,-0.144],"_shiftlockState":true,"_pose":"FreeFall","_animationQueue":[["fall",0.3]],"_animationSpeed":1,"_zoom":9.6},{"_mousePosition":[683,384],"_rootPartCFrame":[759.37,239.205,45.805,-0.273,0,0.962,0,1,0,-0.962,0,-0.273],"_humanoidState":5,"_cameraCFrame":[763.585,248.928,42.668,-0.296,-0.818,0.493,0,0.516,0.857,-0.955,0.253,-0.153],"_shiftlockState":true,"_pose":"FreeFall","_animationQueue":[],"_animationSpeed":1,"_zoom":9.6},{"_mousePosition":[683,384],"_rootPartCFrame":[759.113,238.818,45.877,-0.293,0,0.956,0,1,0,-0.956,0,-0.293],"_humanoidState":5,"_cameraCFrame":[762.866,248.681,42.531,-0.364,-0.811,0.457,0,0.491,0.871,-0.931,0.317,-0.179],"_shiftlockState":true,"_pose":"FreeFall","_animationQueue":[],"_animationSpeed":1,"_zoom":9.6},{"_mousePosition":[683,384],"_rootPartCFrame":[758.786,238.257,45.897,-0.263,0,0.965,0,1,0,-0.965,0,-0.263],"_humanoidState":5,"_cameraCFrame":[761.978,248.264,42.339,-0.448,-0.792,0.414,0,0.463,0.886,-0.894,0.397,-0.208],"_shiftlockState":true,"_pose":"FreeFall","_animationQueue":[],"_animationSpeed":1,"_zoom":9.6},{"_mousePosition":[683,384],"_rootPartCFrame":[758.591,237.879,45.872,-0.371,0,0.929,0,1,0,-0.929,0,-0.371],"_humanoidState":5,"_cameraCFrame":[760.851,248.101,42.125,-0.578,-0.741,0.341,0,0.418,0.909,-0.816,0.525,-0.242],"_shiftlockState":true,"_pose":"FreeFall","_animationQueue":[],"_animationSpeed":1,"_zoom":9.6},{"_mousePosition":[683,384],"_rootPartCFrame":[758.261,237.181,45.775,-0.447,0,0.894,0,1,0,-0.894,0,-0.447],"_humanoidState":5,"_cameraCFrame":[759.408,247.649,42.104,-0.714,-0.654,0.25,0,0.357,0.934,-0.7,0.667,-0.255],"_shiftlockState":true,"_pose":"FreeFall","_animationQueue":[],"_animationSpeed":1,"_zoom":9.6},{"_mousePosition":[683,384],"_rootPartCFrame":[758.009,236.562,45.734,-0.698,0,0.716,0,1,0,-0.716,0,-0.698],"_humanoidState":7,"_cameraCFrame":[758.199,247.225,42.384,-0.822,-0.543,0.17,0,0.298,0.955,-0.569,0.785,-0.245],"_shiftlockState":true,"_pose":"FreeFall","_animationQueue":[["fall",0.3],["walk",0.1],["fall",0.3],["fall",0.3]],"_animationSpeed":1,"_zoom":9.6},{"_mousePosition":[683,384],"_rootPartCFrame":[757.744,236.458,45.731,-0.828,0,0.561,0,1,0,-0.561,0,-0.828],"_humanoidState":7,"_cameraCFrame":[757.233,247.247,42.786,-0.899,-0.424,0.111,0,0.252,0.968,-0.438,0.87,-0.227],"_shiftlockState":true,"_pose":"FreeFall","_animationQueue":[],"_animationSpeed":1,"_zoom":9.6},{"_mousePosition":[683,384],"_rootPartCFrame":[757.547,236.52,45.76,-0.902,0,0.431,0,1,0,-0.431,0,-0.902],"_humanoidState":7,"_cameraCFrame":[756.67,247.358,43.066,-0.939,-0.334,0.08,0,0.232,0.973,-0.344,0.913,-0.218],"_shiftlockState":true,"_pose":"FreeFall","_animationQueue":[],"_animationSpeed":1,"_zoom":9.6},{"_mousePosition":[683,384],"_rootPartCFrame":[757.24,236.61,45.654,-0.94,0,0.342,0,1,0,-0.342,0,-0.94],"_humanoidState":8,"_cameraCFrame":[756.249,247.462,43.05,-0.951,-0.302,0.07,0,0.226,0.974,-0.31,0.926,-0.215],"_shiftlockState":true,"_pose":"Running","_animationQueue":[["walk",0.1],["fall",0.3],["walk",0.1]],"_animationSpeed":1.103,"_zoom":9.6},{"_mousePosition":[683,384],"_rootPartCFrame":[756.99,236.651,45.561,-0.951,0,0.31,0,1,0,-0.31,0,-0.951],"_humanoidState":8,"_cameraCFrame":[755.954,247.508,42.993,-0.955,-0.289,0.066,0,0.223,0.975,-0.296,0.931,-0.213],"_shiftlockState":true,"_pose":"Running","_animationQueue":[],"_animationSpeed":1.103,"_zoom":9.6},{"_mousePosition":[683,384],"_rootPartCFrame":[756.737,236.674,45.477,-0.955,0,0.296,0,1,0,-0.296,0,-0.955],"_humanoidState":8,"_cameraCFrame":[755.694,247.534,42.925,-0.955,-0.288,0.066,0,0.222,0.975,-0.295,0.932,-0.212],"_shiftlockState":true,"_pose":"Running","_animationQueue":[],"_animationSpeed":1.103,"_zoom":9.6},{"_mousePosition":[683,384],"_rootPartCFrame":[756.419,236.688,45.378,-0.955,0,0.295,0,1,0,-0.295,0,-0.955],"_humanoidState":8,"_cameraCFrame":[755.377,247.552,42.838,-0.955,-0.29,0.065,0,0.22,0.975,-0.297,0.931,-0.21],"_shiftlockState":true,"_pose":"Running","_animationQueue":[],"_animationSpeed":1.103,"_zoom":9.6},{"_mousePosition":[683,384],"_rootPartCFrame":[756.228,236.693,45.319,-0.955,0,0.297,0,1,0,-0.297,0,-0.955],"_humanoidState":8,"_cameraCFrame":[755.184,247.56,42.792,-0.954,-0.291,0.065,0,0.219,0.976,-0.298,0.931,-0.209],"_shiftlockState":true,"_pose":"Running","_animationQueue":[["walk",0.1]],"_animationSpeed":1.103,"_zoom":9.6},{"_mousePosition":[683,384],"_rootPartCFrame":[755.973,236.696,45.24,-0.954,0,0.298,0,1,0,-0.298,0,-0.954],"_humanoidState":8,"_cameraCFrame":[754.919,247.567,42.73,-0.955,-0.289,0.064,0,0.217,0.976,-0.296,0.932,-0.207],"_shiftlockState":true,"_pose":"Running","_animationQueue":[],"_animationSpeed":1.103,"_zoom":9.6},{"_mousePosition":[683,384],"_rootPartCFrame":[755.655,236.698,45.14,-0.96,0,0.282,0,1,0,-0.282,0,-0.96],"_humanoidState":8,"_cameraCFrame":[754.393,247.585,42.794,-0.975,-0.216,0.046,0,0.209,0.978,-0.221,0.954,-0.204],"_shiftlockState":true,"_pose":"Running","_animationQueue":[],"_animationSpeed":1.103,"_zoom":9.6},{"_mousePosition":[683,384],"_rootPartCFrame":[755.336,236.699,45.045,-0.975,0,0.221,0,1,0,-0.221,0,-0.975],"_humanoidState":8,"_cameraCFrame":[753.927,247.598,42.831,-0.987,-0.159,0.033,0,0.204,0.979,-0.163,0.966,-0.201],"_shiftlockState":true,"_pose":"Running","_animationQueue":[["walk",0.1]],"_animationSpeed":1.103,"_zoom":9.6},{"_mousePosition":[683,384],"_rootPartCFrame":[755.076,236.7,44.985,-0.987,0,0.163,0,1,0,-0.163,0,-0.987],"_humanoidState":8,"_cameraCFrame":[753.567,247.606,42.872,-0.993,-0.117,0.024,0,0.2,0.98,-0.119,0.973,-0.198],"_shiftlockState":true,"_pose":"Running","_animationQueue":[],"_animationSpeed":1.103,"_zoom":9.6},{"_mousePosition":[683,384],"_rootPartCFrame":[754.813,236.7,44.939,-0.993,0,0.119,0,1,0,-0.119,0,-0.993],"_humanoidState":8,"_cameraCFrame":[753.207,247.614,42.934,-0.997,-0.073,0.015,0,0.196,0.981,-0.074,0.978,-0.195],"_shiftlockState":true,"_pose":"Running","_animationQueue":[],"_animationSpeed":1.103,"_zoom":9.6},{"_mousePosition":[683,384],"_rootPartCFrame":[754.549,236.7,44.905,-0.997,0,0.074,0,1,0,-0.074,0,-0.997],"_humanoidState":8,"_cameraCFrame":[752.885,247.62,42.977,-0.999,-0.045,0.009,0,0.193,0.981,-0.046,0.98,-0.192],"_shiftlockState":true,"_pose":"Running","_animationQueue":[],"_animationSpeed":1.103,"_zoom":9.6},{"_mousePosition":[683,384],"_rootPartCFrame":[754.283,236.7,44.884,-0.999,0,0.046,0,1,0,-0.046,0,-0.999],"_humanoidState":8,"_cameraCFrame":[752.569,247.626,43.03,-1,-0.019,0.004,0,0.189,0.982,-0.02,0.982,-0.189],"_shiftlockState":true,"_pose":"Running","_animationQueue":[],"_animationSpeed":1.103,"_zoom":9.6},{"_mousePosition":[683,384],"_rootPartCFrame":[753.95,236.7,44.867,-1,0,0.02,0,1,0,-0.02,0,-1],"_humanoidState":8,"_cameraCFrame":[752.202,247.632,43.077,-1,-0.001,0,0,0.186,0.982,-0.001,0.982,-0.186],"_shiftlockState":true,"_pose":"Running","_animationQueue":[],"_animationSpeed":1.103,"_zoom":9.6},{"_mousePosition":[683,384],"_rootPartCFrame":[753.75,236.7,44.862,-1,0,0.001,0,1,0,-0.001,0,-1],"_humanoidState":8,"_cameraCFrame":[751.973,247.639,43.14,-1,0.016,-0.003,0,0.182,0.983,0.016,0.983,-0.182],"_shiftlockState":true,"_pose":"Running","_animationQueue":[],"_animationSpeed":1.103,"_zoom":9.6},{"_mousePosition":[683,384],"_rootPartCFrame":[753.483,236.7,44.861,-1,0,-0.016,0,1,0,0.016,0,-1],"_humanoidState":8,"_cameraCFrame":[751.684,247.647,43.208,-1,0.029,-0.005,0,0.178,0.984,0.029,0.984,-0.178],"_shiftlockState":true,"_pose":"Running","_animationQueue":[["walk",0.1]],"_animationSpeed":1.103,"_zoom":9.6},{"_mousePosition":[683,384],"_rootPartCFrame":[753.15,236.7,44.866,-1,0,-0.029,0,1,0,0.029,0,-1],"_humanoidState":8,"_cameraCFrame":[751.337,247.654,43.268,-0.999,0.038,-0.007,0,0.174,0.985,0.039,0.984,-0.174],"_shiftlockState":true,"_pose":"Running","_animationQueue":[],"_animationSpeed":1.103,"_zoom":9.6},{"_mousePosition":[683,384],"_rootPartCFrame":[752.884,236.7,44.873,-0.999,0,-0.039,0,1,0,0.039,0,-0.999],"_humanoidState":8,"_cameraCFrame":[751.06,247.654,43.287,-0.999,0.044,-0.008,0,0.174,0.985,0.045,0.984,-0.173],"_shiftlockState":true,"_pose":"Running","_animationQueue":[],"_animationSpeed":1.103,"_zoom":9.6},{"_mousePosition":[683,384],"_rootPartCF