[{"_mousePosition":[1148,363],"_rootPartCFrame":[776.028,222.95,47.142,0,0,1,0,1,0,-1,0,0],"_humanoidState":8,"_cameraCFrame":[775.593,235.099,48.992,0.973,0.225,-0.04,0,0.176,0.984,0.229,-0.958,0.171],"_shiftlockState":false,"_pose":"Standing","_animationQueue":[],"_animationSpeed":1,"_zoom":10.817},{"_mousePosition":[1087,363],"_rootPartCFrame":[775.733,222.799,47.073,0.038,0,0.999,0,1,0,-0.999,0,0.038],"_humanoidState":8,"_cameraCFrame":[775.297,234.948,48.922,0.973,0.225,-0.04,0,0.176,0.984,0.229,-0.958,0.171],"_shiftlockState":false,"_pose":"Standing","_animationQueue":[],"_animationSpeed":1,"_zoom":10.817},{"_mousePosition":[1083,363],"_rootPartCFrame":[775.603,222.719,47.042,0.051,0,0.999,0,1,0,-0.999,0,0.051],"_humanoidState":8,"_cameraCFrame":[775.168,234.868,48.892,0.973,0.225,-0.04,0,0.176,0.984,0.229,-0.958,0.171],"_shiftlockState":false,"_pose":"Running","_animationQueue":[["walk",0.1]],"_animationSpeed":1.089,"_zoom":10.817},{"_mousePosition":[1016,366],"_rootPartCFrame":[775.344,222.61,46.981,0.075,0,0.997,0,1,0,-0.997,0,0.075],"_humanoidState":8,"_cameraCFrame":[774.908,234.759,48.831,0.973,0.225,-0.04,0,0.176,0.984,0.229,-0.958,0.171],"_shiftlockState":false,"_pose":"Running","_animationQueue":[],"_animationSpeed":1.089,"_zoom":10.817},{"_mousePosition":[1011,367],"_rootPartCFrame":[775.084,222.636,46.92,0.096,0,0.995,0,1,0,-0.995,0,0.096],"_humanoidState":8,"_cameraCFrame":[774.649,234.785,48.77,0.973,0.225,-0.04,0,0.176,0.984,0.229,-0.958,0.171],"_shiftlockState":false,"_pose":"Running","_animationQueue":[],"_animationSpeed":1.089,"_zoom":10.817},{"_mousePosition":[936,379],"_rootPartCFrame":[774.825,222.663,46.859,0.115,0,0.993,0,1,0,-0.993,0,0.115],"_humanoidState":8,"_cameraCFrame":[774.389,234.812,48.709,0.973,0.225,-0.04,0,0.176,0.984,0.229,-0.958,0.171],"_shiftlockState":false,"_pose":"Running","_animationQueue":[["walk",0.1]],"_animationSpeed":1.089,"_zoom":10.817},{"_mousePosition":[925,381],"_rootPartCFrame":[774.565,222.68,46.798,0.13,0,0.991,0,1,0,-0.991,0,0.13],"_humanoidState":8,"_cameraCFrame":[774.13,234.828,48.647,0.973,0.225,-0.04,0,0.176,0.984,0.229,-0.958,0.171],"_shiftlockState":false,"_pose":"Running","_animationQueue":[],"_animationSpeed":1.089,"_zoom":10.817},{"_mousePosition":[834,400],"_rootPartCFrame":[774.306,222.689,46.737,0.144,0,0.99,0,1,0,-0.99,0,0.144],"_humanoidState":8,"_cameraCFrame":[775.574,234.838,48.987,0.973,0.225,-0.04,0,0.176,0.984,0.229,-0.958,0.171],"_shiftlockState":true,"_pose":"Running","_animationQueue":[],"_animationSpeed":1.089,"_zoom":10.817},{"_mousePosition":[683,384],"_rootPartCFrame":[774.046,222.694,46.676,0.945,0,-0.326,0,1,0,0.326,0,0.945],"_humanoidState":8,"_cameraCFrame":[775.314,234.843,48.926,0.973,0.225,-0.04,0,0.176,0.984,0.229,-0.958,0.171],"_shiftlockState":true,"_pose":"Running","_animationQueue":[],"_animationSpeed":1.089,"_zoom":10.817},{"_mousePosition":[683,384],"_rootPartCFrame":[773.786,222.697,46.614,0.972,0,-0.233,0,1,0,0.233,0,0.972],"_humanoidState":8,"_cameraCFrame":[775.19,234.849,48.764,0.985,0.168,-0.03,0,0.174,0.985,0.171,-0.97,0.171],"_shiftlockState":true,"_pose":"Running","_animationQueue":[],"_animationSpeed":1.089,"_zoom":10.817},{"_mousePosition":[683,384],"_rootPartCFrame":[773.527,222.698,46.553,0.985,0,-0.17,0,1,0,0.17,0,0.985],"_humanoidState":8,"_cameraCFrame":[775.031,234.851,48.634,0.992,0.122,-0.022,0,0.174,0.985,0.124,-0.977,0.172],"_shiftlockState":true,"_pose":"Running","_animationQueue":[],"_animationSpeed":1.089,"_zoom":10.817},{"_mousePosition":[683,384],"_rootPartCFrame":[773.264,222.699,46.507,0.992,0,-0.124,0,1,0,0.124,0,0.992],"_humanoidState":8,"_cameraCFrame":[774.826,234.851,48.544,0.995,0.094,-0.017,0,0.174,0.985,0.096,-0.98,0.173],"_shiftlockState":true,"_pose":"Running","_animationQueue":[],"_animationSpeed":1.089,"_zoom":10.817},{"_mousePosition":[683,384],"_rootPartCFrame":[773,222.699,46.473,0.995,0,-0.096,0,1,0,0.096,0,0.995],"_humanoidState":8,"_cameraCFrame":[774.587,234.852,48.49,0.997,0.082,-0.014,0,0.174,0.985,0.083,-0.981,0.173],"_shiftlockState":true,"_pose":"Running","_animationQueue":[["walk",0.1]],"_animationSpeed":1.089,"_zoom":10.817},{"_mousePosition":[683,384],"_rootPartCFrame":[772.668,222.699,46.439,0.997,0,-0.083,0,1,0,0.083,0,0.997],"_humanoidState":8,"_cameraCFrame":[774.264,234.852,48.45,0.997,0.078,-0.014,0,0.174,0.985,0.079,-0.982,0.173],"_shiftlockState":true,"_pose":"Running","_animationQueue":[],"_animationSpeed":1.089,"_zoom":10.817},{"_mousePosition":[683,384],"_rootPartCFrame":[772.403,222.7,46.417,0.997,0,-0.079,0,1,0,0.079,0,0.997],"_humanoidState":8,"_cameraCFrame":[774.015,234.852,48.414,0.997,0.07,-0.012,0,0.174,0.985,0.071,-0.982,0.173],"_shiftlockState":true,"_pose":"Running","_animationQueue":[],"_animationSpeed":1.089,"_zoom":10.817},{"_mousePosition":[683,384],"_rootPartCFrame":[772.137,222.7,46.395,0.997,0,-0.071,0,1,0,0.071,0,0.997],"_humanoidState":8,"_cameraCFrame":[773.795,234.852,48.355,0.999,0.047,-0.008,0,0.174,0.985,0.048,-0.984,0.173],"_shiftlockState":true,"_pose":"Running","_animationQueue":[],"_animationSpeed":1.089,"_zoom":10.817},{"_mousePosition":[683,384],"_rootPartCFrame":[771.871,222.7,46.376,0.999,0,-0.048,0,1,0,0.048,0,0.999],"_humanoidState":8,"_cameraCFrame":[773.6,234.852,48.274,1,0.011,-0.002,0,0.174,0.985,0.011,-0.985,0.174],"_shiftlockState":true,"_pose":"Running","_animationQueue":[],"_animationSpeed":1.089,"_zoom":10.817},{"_mousePosition":[683,384],"_rootPartCFrame":[771.605,222.7,46.363,1,0,-0.011,0,1,0,0.011,0,1],"_humanoidState":8,"_cameraCFrame":[773.413,234.852,48.184,0.999,-0.031,0.006,0,0.174,0.985,-0.032,-0.984,0.174],"_shiftlockState":true,"_pose":"Running","_animationQueue":[],"_animationSpeed":1.089,"_zoom":10.817},{"_mousePosition":[683,384],"_rootPartCFrame":[771.338,222.7,46.358,0.999,0,0.032,0,1,0,-0.032,0,0.999],"_humanoidState":8,"_cameraCFrame":[773.231,234.852,48.093,0.997,-0.078,0.014,0,0.174,0.985,-0.079,-0.982,0.173],"_shiftlockState":true,"_pose":"Running","_animationQueue":[["walk",0.1]],"_animationSpeed":1.089,"_zoom":10.817},{"_mousePosition":[683,384],"_rootPartCFrame":[771.071,222.7,46.365,0.997,0,0.079,0,1,0,-0.079,0,0.997],"_humanoidState":8,"_cameraCFrame":[773.033,234.852,48.021,0.993,-0.118,0.021,0,0.174,0.985,-0.119,-0.978,0.172],"_shiftlockState":true,"_pose":"Running","_animationQueue":[],"_animationSpeed":1.089,"_zoom":10.817},{"_mousePosition":[683,384],"_rootPartCFrame":[770.872,222.7,46.379,0.993,0,0.119,0,1,0,-0.119,0,0.993],"_humanoidState":8,"_cameraCFrame":[772.892,234.852,47.964,0.988,-0.152,0.027,0,0.174,0.985,-0.155,-0.973,0.172],"_shiftlockState":true,"_pose":"Running","_animationQueue":[],"_animationSpeed":1.089,"_zoom":10.817},{"_mousePosition":[683,384],"_rootPartCFrame":[770.541,222.7,46.417,0.988,0,0.155,0,1,0,-0.155,0,0.988],"_humanoidState":8,"_cameraCFrame":[772.582,234.852,47.974,0.986,-0.166,0.029,0,0.174,0.985,-0.168,-0.971,0.171],"_shiftlockState":true,"_pose":"Running","_animationQueue":[],"_animationSpeed":1.089,"_zoom":10.817},{"_mousePosition":[683,384],"_rootPartCFrame":[770.277,222.7,46.457,0.986,0,0.168,0,1,0,-0.168,0,0.986],"_humanoidState":8,"_cameraCFrame":[772.318,234.852,48.014,0.986,-0.166,0.029,0,0.174,0.985,-0.168,-0.971,0.171],"_shiftlockState":true,"_pose":"Running","_animationQueue":[],"_animationSpeed":1.089,"_zoom":10.817},{"_mousePosition":[683,384],"_rootPartCFrame":[770.014,222.7,46.501,0.986,0,0.168,0,1,0,-0.168,0,0.986],"_humanoidState":8,"_cameraCFrame":[772.055,234.852,48.058,0.986,-0.166,0.029,0,0.174,0.985,-0.168,-0.971,0.171],"_shiftlockState":true,"_pose":"Running","_animationQueue":[],"_animationSpeed":1.089,"_zoom":10.817},{"_mousePosition":[683,384],"_rootPartCFrame":[769.751,222.666,46.546,0.986,0,0.168,0,1,0,-0.168,0,0.986],"_humanoidState":8,"_cameraCFrame":[771.777,234.818,48.122,0.987,-0.156,0.028,0,0.174,0.985,-0.159,-0.972,0.171],"_shiftlockState":true,"_pose":"Running","_animationQueue":[],"_animationSpeed":1.089,"_zoom":10.817},{"_mousePosition":[683,384],"_rootPartCFrame":[769.423,223.736,46.602,0.987,0,0.159,0,1,0,-0.159,0,0.987],"_humanoidState":3,"_cameraCFrame":[771.432,235.888,48.2,0.989,-0.146,0.026,0,0.174,0.985,-0.148,-0.974,0.172],"_shiftlockState":true,"_pose":"Jumping","_animationQueue":[["walk",0.1],["walk",0.1],["jump",0.1]],"_animationSpeed":1,"_zoom":10.817},{"_mousePosition":[683,384],"_rootPartCFrame":[769.225,224.337,46.634,0.978,0,0.21,0,1,0,-0.21,0,0.978],"_humanoidState":5,"_cameraCFrame":[771.216,236.49,48.255,0.991,-0.135,0.024,0,0.174,0.985,-0.137,-0.976,0.172],"_shiftlockState":true,"_pose":"FreeFall","_animationQueue":[["jump",0.1]],"_animationSpeed":1,"_zoom":10.817},{"_mousePosition":[683,384],"_rootPartCFrame":[768.962,225.091,46.674,0.966,0,0.26,0,1,0,-0.26,0,0.966],"_humanoidState":5,"_cameraCFrame":[770.936,237.243,48.316,0.992,-0.125,0.022,0,0.174,0.985,-0.127,-0.977,0.172],"_shiftlockState":true,"_pose":"FreeFall","_animationQueue":[],"_animationSpeed":1,"_zoom":10.817},{"_mousePosition":[683,384],"_rootPartCFrame":[768.698,225.79,46.711,0.967,0,0.256,0,1,0,-0.256,0,0.967],"_humanoidState":5,"_cameraCFrame":[770.658,237.943,48.369,0.993,-0.117,0.021,0,0.174,0.985,-0.118,-0.978,0.172],"_shiftlockState":true,"_pose":"FreeFall","_animationQueue":[],"_animationSpeed":1,"_zoom":10.817},{"_mousePosition":[683,384],"_rootPartCFrame":[768.433,226.435,46.745,0.968,0,0.249,0,1,0,-0.249,0,0.968],"_humanoidState":5,"_cameraCFrame":[770.378,238.588,48.422,0.994,-0.107,0.019,0,0.174,0.985,-0.109,-0.979,0.173],"_shiftlockState":true,"_pose":"FreeFall","_animationQueue":[],"_animationSpeed":1,"_zoom":10.817},{"_mousePosition":[683,384],"_rootPartCFrame":[768.168,227.025,46.777,0.971,0,0.24,0,1,0,-0.24,0,0.971],"_humanoidState":5,"_cameraCFrame":[770.097,239.178,48.472,0.995,-0.098,0.017,0,0.174,0.985,-0.1,-0.98,0.173],"_shiftlockState":true,"_pose":"FreeFall","_animationQueue":[],"_animationSpeed":1,"_zoom":10.817},{"_mousePosition":[683,384],"_rootPartCFrame":[767.903,227.561,46.807,0.973,0,0.231,0,1,0,-0.231,0,0.973],"_humanoidState":5,"_cameraCFrame":[769.814,239.714,48.521,0.996,-0.088,0.015,0,0.174,0.985,-0.089,-0.981,0.173],"_shiftlockState":true,"_pose":"FreeFall","_animationQueue":[],"_animationSpeed":1,"_zoom":10.817},{"_mousePosition":[683,384],"_rootPartCFrame":[767.638,228.043,46.834,0.975,0,0.221,0,1,0,-0.221,0,0.975],"_humanoidState":5,"_cameraCFrame":[769.516,240.195,48.584,0.998,-0.069,0.012,0,0.174,0.985,-0.07,-0.982,0.173],"_shiftlockState":true,"_pose":"FreeFall","_animationQueue":[],"_animationSpeed":1,"_zoom":10.817},{"_mousePosition":[683,384],"_rootPartCFrame":[767.372,228.47,46.858,0.979,0,0.202,0,1,0,-0.202,0,0.979],"_humanoidState":5,"_cameraCFrame":[769.21,240.622,48.651,0.999,-0.047,0.008,0,0.174,0.985,-0.047,-0.984,0.173],"_shiftlockState":true,"_pose":"FreeFall","_animationQueue":[],"_animationSpeed":1,"_zoom":10.817},{"_mousePosition":[683,384],"_rootPartCFrame":[767.107,228.842,46.877,0.984,0,0.18,0,1,0,-0.18,0,0.984],"_humanoidState":5,"_cameraCFrame":[768.885,240.995,48.729,1,-0.015,0.003,0,0.174,0.985,-0.015,-0.985,0.174],"_shiftlockState":true,"_pose":"FreeFall","_animationQueue":[],"_animationSpeed":1,"_zoom":10.817},{"_mousePosition":[683,384],"_rootPartCFrame":[766.84,229.16,46.891,0.989,0,0.148,0,1,0,-0.148,0,0.989],"_humanoidState":5,"_cameraCFrame":[768.551,241.313,48.805,1,0.02,-0.004,0,0.174,0.985,0.021,-0.985,0.174],"_shiftlockState":true,"_pose":"FreeFall","_animationQueue":[],"_animationSpeed":1,"_zoom":10.817},{"_mousePosition":[683,384],"_rootPartCFrame":[766.574,229.423,46.896,0.994,0,0.112,0,1,0,-0.112,0,0.994],"_humanoidState":5,"_cameraCFrame":[768.207,241.576,48.877,0.998,0.059,-0.01,0,0.174,0.985,0.06,-0.983,0.173],"_shiftlockState":true,"_pose":"FreeFall","_animationQueue":[],"_animationSpeed":1,"_zoom":10.817},{"_mousePosition":[683,384],"_rootPartCFrame":[766.307,229.632,46.892,0.997,0,0.073,0,1,0,-0.073,0,0.997],"_humanoidState":5,"_cameraCFrame":[767.856,241.785,48.939,0.995,0.101,-0.018,0,0.174,0.985,0.102,-0.98,0.173],"_shiftlockState":true,"_pose":"FreeFall","_animationQueue":[],"_animationSpeed":1,"_zoom":10.817},{"_mousePosition":[683,384],"_rootPartCFrame":[766.041,229.787,46.878,1,0,0.031,0,1,0,-0.031,0,1],"_humanoidState":5,"_cameraCFrame":[767.469,241.939,49.011,0.987,0.157,-0.028,0,0.174,0.985,0.159,-0.972,0.171],"_shiftlockState":true,"_pose":"FreeFall","_animationQueue":[],"_animationSpeed":1,"_zoom":10.817},{"_mousePosition":[683,384],"_rootPartCFrame":[765.709,229.903,46.845,1,0,0.007,0,1,0,-0.007,0,1],"_humanoidState":5,"_cameraCFrame":[767.008,242.056,49.06,0.976,0.215,-0.038,0,0.174,0.985,0.218,-0.961,0.169],"_shiftlockState":true,"_pose":"FreeFall","_animationQueue":[],"_animationSpeed":1,"_zoom":10.817},{"_mousePosition":[683,384],"_rootPartCFrame":[765.511,229.932,46.816,0.993,0,-0.119,0,1,0,0.119,0,0.993],"_humanoidState":5,"_cameraCFrame":[766.669,242.085,49.107,0.96,0.274,-0.048,0,0.174,0.985,0.279,-0.946,0.167],"_shiftlockState":true,"_pose":"FreeFall","_animationQueue":[],"_animationSpeed":1,"_zoom":10.817},{"_mousePosition":[683,384],"_rootPartCFrame":[765.251,229.923,46.76,0.989,0,-0.149,0,1,0,0.149,0,0.989],"_humanoidState":5,"_cameraCFrame":[766.267,242.075,49.118,0.942,0.331,-0.058,0,0.174,0.985,0.336,-0.927,0.164],"_shiftlockState":true,"_pose":"FreeFall","_animationQueue":[],"_animationSpeed":1,"_zoom":10.817},{"_mousePosition":[683,384],"_rootPartCFrame":[764.994,229.859,46.689,0.978,0,-0.208,0,1,0,0.208,0,0.978],"_humanoidState":5,"_cameraCFrame":[765.834,242.012,49.114,0.915,0.398,-0.07,0,0.174,0.985,0.405,-0.901,0.159],"_shiftlockState":true,"_pose":"FreeFall","_animationQueue":[],"_animationSpeed":1,"_zoom":10.817},{"_mousePosition":[683,384],"_rootPartCFrame":[764.742,229.741,46.601,0.96,0,-0.279,0,1,0,0.279,0,0.96],"_humanoidState":5,"_cameraCFrame":[765.41,241.894,49.08,0.884,0.461,-0.081,0,0.174,0.985,0.468,-0.87,0.153],"_shiftlockState":true,"_pose":"FreeFall","_animationQueue":[],"_animationSpeed":1,"_zoom":10.817},{"_mousePosition":[683,384],"_rootPartCFrame":[764.496,229.568,46.497,0.938,0,-0.346,0,1,0,0.346,0,0.938],"_humanoidState":5,"_cameraCFrame":[764.913,241.72,49.037,0.834,0.544,-0.096,0,0.174,0.985,0.552,-0.821,0.145],"_shiftlockState":true,"_pose":"FreeFall","_animationQueue":[],"_animationSpeed":1,"_zoom":10.817},{"_mousePosition":[683,384],"_rootPartCFrame":[764.259,229.341,46.376,0.9,0,-0.437,0,1,0,0.437,0,0.9],"_humanoidState":5,"_cameraCFrame":[764.419,241.491,48.951,0.775,0.622,-0.111,0,0.175,0.985,0.631,-0.763,0.136],"_shiftlockState":true,"_pose":"FreeFall","_animationQueue":[],"_animationSpeed":1,"_zoom":10.817},{"_mousePosition":[683,384],"_rootPartCFrame":[764.033,229.06,46.234,0.852,0,-0.523,0,1,0,0.523,0,0.852],"_humanoidState":5,"_cameraCFrame":[763.939,241.208,48.819,0.711,0.692,-0.124,0,0.176,0.984,0.703,-0.7,0.125],"_shiftlockState":true,"_pose":"FreeFall","_animationQueue":[["fall",0.3]],"_animationSpeed":1,"_zoom":10.817},{"_mousePosition":[683,384],"_rootPartCFrame":[763.822,228.724,46.072,0.798,0,-0.602,0,1,0,0.602,0,0.798],"_humanoidState":5,"_cameraCFrame":[763.437,240.869,48.642,0.631,0.763,-0.138,0,0.178,0.984,0.776,-0.621,0.112],"_shiftlockState":true,"_pose":"FreeFall","_animationQueue":[],"_animationSpeed":1,"_zoom":10.817},{"_mousePosition":[683,384],"_rootPartCFrame":[763.628,228.333,45.889,0.729,0,-0.685,0,1,0,0.685,0,0.729],"_humanoidState":5,"_cameraCFrame":[762.895,240.478,48.382,0.519,0.841,-0.152,0,0.178,0.984,0.855,-0.511,0.092],"_shiftlockState":true,"_pose":"FreeFall","_animationQueue":[],"_animationSpeed":1,"_zoom":10.817},{"_mousePosition":[683,384],"_rootPartCFrame":[763.453,227.888,45.688,0.628,0,-0.778,0,1,0,0.778,0,0.628],"_humanoidState":5,"_cameraCFrame":[762.429,240.035,48.07,0.411,0.897,-0.161,0,0.177,0.984,0.912,-0.404,0.073],"_shiftlockState":true,"_pose":"FreeFall","_animationQueue":[],"_animationSpeed":1,"_zoom":10.817},{"_mousePosition":[683,384],"_rootPartCFrame":[763.303,227.388,45.469,0.528,0,-0.849,0,1,0,0.849,0,0.528],"_humanoidState":5,"_cameraCFrame":[761.938,239.536,47.665,0.268,0.948,-0.17,0,0.176,0.984,0.963,-0.264,0.047],"_shiftlockState":true,"_pose":"FreeFall","_animationQueue":[],"_animationSpeed":1,"_zoom":10.817},{"_mousePosition":[683,384],"_rootPartCFrame":[763.183,226.834,45.231,0.394,0,-0.919,0,1,0,0.919,0,0.394],"_humanoidState":5,"_cameraCFrame":[761.554,238.984,47.232,0.141,0.975,-0.173,0,0.175,0.985,0.99,-0.139,0.025],"_shiftlockState":true,"_pose":"FreeFall","_animationQueue":[],"_animationSpeed":1,"_zoom":10.817},{"_mousePosition":[683,384],"_rootPartCFrame":[763.113,226.383,45.045,0.239,0,-0.971,0,1,0,0.971,0,0.239],"_humanoidState":5,"_cameraCFrame":[761.219,238.536,46.778,-0.009,0.985,-0.174,0,0.174,0.985,1,0.009,-0.002],"_shiftlockState":true,"_pose":"FreeFall","_animationQueue":[],"_animationSpeed":1,"_zoom":10.817},{"_mousePosition":[683,384],"_rootPartCFrame":[763.044,225.563,44.72,0.157,0,-0.988,0,1,0,0.988,0,0.157],"_humanoidState":5,"_cameraCFrame":[760.942,237.715,46.196,-0.137,0.975,-0.172,0,0.174,0.985,0.991,0.135,-0.024],"_shiftlockState":true,"_pose":"FreeFall","_animationQueue":[["fall",0.3]],"_animationSpeed":1,"_zoom":10.817},{"_mousePosition":[683,384],"_rootPartCFrame":[763.04,224.845,44.454,-0.11,0,-0.994,0,1,0,0.994,0,-0.11],"_humanoidState":7,"_cameraCFrame":[760.764,236.998,45.643,-0.266,0.949,-0.167,0,0.174,0.985,0.964,0.262,-0.046],"_shiftlockState":true,"_pose":"FreeFall","_animationQueue":[["walk",0.1],["fall",0.3],["fall",0.3]],"_animationSpeed":1,"_zoom":10.817},{"_mousePosition":[683,384],"_rootPartCFrame":[763.071,224.496,44.19,-0.273,0,-0.962,0,1,0,0.962,0,-0.273],"_humanoidState":7,"_cameraCFrame":[760.681,236.649,45.126,-0.368,0.916,-0.161,0,0.174,0.985,0.93,0.362,-0.064],"_shiftlockState":true,"_pose":"FreeFall","_animationQueue":[],"_animationSpeed":1,"_zoom":10.817},{"_mousePosition":[683,384],"_rootPartCFrame":[763.137,224.548,43.932,-0.37,0,-0.929,0,1,0,0.929,0,-0.37],"_humanoidState":8,"_cameraCFrame":[760.674,236.701,44.657,-0.447,0.881,-0.155,0,0.174,0.985,0.894,0.44,-0.078],"_shiftlockState":true,"_pose":"Running","_animationQueue":[["walk",0.1],["fall",0.3],["walk",0.1]],"_animationSpeed":1.103,"_zoom":10.817},{"_mousePosition":[683,384],"_rootPartCFrame":[763.233,224.613,43.683,-0.447,0,-0.894,0,1,0,0.894,0,-0.447],"_humanoidState":8,"_cameraCFrame":[760.725,236.766,44.234,-0.509,0.848,-0.149,0,0.174,0.985,0.861,0.501,-0.088],"_shiftlockState":true,"_pose":"Running","_animationQueue":[],"_animationSpeed":1.103,"_zoom":10.817},{"_mousePosition":[683,384],"_rootPartCFrame":[763.35,224.653,43.444,-0.509,0,-0.861,0,1,0,0.861,0,-0.509],"_humanoidState":8,"_cameraCFrame":[760.85,236.571,43.872,-0.557,0.818,-0.144,0,0.174,0.985,0.83,0.549,-0.097],"_shiftlockState":true,"_pose":"Running","_animationQueue":[],"_animationSpeed":1.103,"_zoom":8.254},{"_mousePosition":[683,384],"_rootPartCFrame":[763.485,224.676,43.213,-0.557,0,-0.83,0,1,0,0.83,0,-0.557],"_humanoidState":8,"_cameraCFrame":[761.073,235.941,43.673,-0.569,0.81,-0.143,0,0.174,0.985,0.823,0.56,-0.099],"_shiftlockState":true,"_pose":"Running","_animationQueue":[["walk",0.1]],"_animationSpeed":1.103,"_zoom":4.836},{"_mousePosition":[683,384],"_rootPartCFrame":[763.632,224.688,42.991,-0.569,0,-0.823,0,1,0,0.823,0,-0.569],"_humanoidState":8,"_cameraCFrame":[761.402,234.778,43.609,-0.554,0.82,-0.145,0,0.174,0.985,0.833,0.546,-0.096],"_shiftlockState":true,"_pose":"Running","_animationQueue":[],"_animationSpeed":1.103,"_zoom":2.557},{"_mousePosition":[683,384],"_rootPartCFrame":[763.86,224.696,42.662,-0.554,0,-0.833,0,1,0,0.833,0,-0.554],"_humanoidState":8,"_cameraCFrame":[761.861,233.375,43.507,-0.512,0.845,-0.151,0,0.176,0.984,0.859,0.504,-0.09],"_shiftlockState":true,"_pose":"Running","_animationQueue":[],"_animationSpeed":1.103,"_zoom":1.646},{"_mousePosition":[683,384],"_rootPartCFrame":[763.971,224.698,42.496,-0.512,0,-0.859,0,1,0,0.859,0,-0.512],"_humanoidState":8,"_cameraCFrame":[762.989,232.008,42.018,-0.438,0.884,-0.166,0,0.185,0.983,0.899,0.43,-0.081],"_shiftlockState":true,"_pose":"Running","_animationQueue":[],"_animationSpeed":1.103,"_zoom":0.5},{"_mousePosition":[683,384],"_rootPartCFrame":[764.109,224.7,42.268,-0.438,0,-0.899,0,1,0,0.899,0,-0.438],"_humanoidState":8,"_cameraCFrame":[763.279,230.676,41.967,-0.341,0.922,-0.182,0,0.193,0.981,0.94,0.335,-0.066],"_shiftlockState":true,"_pose":"Running","_animationQueue":[],"_animationSpeed":1.103,"_zoom":0.5},{"_mousePosition":[683,384],"_rootPartCFrame":[764.229,224.701,42.03,-0.337,0,-0.942,0,1,0,0.942,0,-0.337],"_humanoidState":8,"_cameraCFrame":[763.549,229.585,41.871,-0.227,0.954,-0.197,0,0.202,0.979,0.974,0.222,-0.046],"_shiftlockState":true,"_pose":"Running","_animationQueue":[],"_animationSpeed":1.103,"_zoom":0.5},{"_mousePosition":[683,384],"_rootPartCFrame":[764.324,224.701,41.781,-0.22,0,-0.976,0,1,0,0.976,0,-0.22],"_humanoidState":8,"_cameraCFrame":[763.775,228.788,41.729,-0.094,0.974,-0.208,0,0.208,0.978,0.996,0.092,-0.02],"_shiftlockState":true,"_pose":"Running","_animationQueue":[],"_animationSpeed":1.103,"_zoom":0.5},{"_mousePosition":[683,384],"_rootPartCFrame":[764.389,224.701,41.522,-0.086,0,-0.996,0,1,0,0.996,0,-0.086],"_humanoidState":8,"_cameraCFrame":[763.965,228.157,41.552,0.068,0.975,-0.212,0,0.212,0.977,0.998,-0.067,0.015],"_shiftlockState":true,"_pose":"Running","_animationQueue":[["walk",0.1]],"_animationSpeed":1.103,"_zoom":0.5},{"_mousePosition":[683,384],"_rootPartCFrame":[764.394,224.701,41.246,0.077,-0.001,-0.997,0,1,-0.001,0.997,0,0.077],"_humanoidState":8,"_cameraCFrame":[764.068,227.725,41.314,0.206,0.956,-0.208,0,0.212,0.977,0.979,-0.201,0.044],"_shiftlockState":true,"_pose":"Running","_animationQueue":[],"_animationSpeed":1.103,"_zoom":0.5},{"_mousePosition":[683,384],"_rootPartCFrame":[764.377,224.702,40.978,0.215,0,-0.977,0,1,0,0.977,0,0.215],"_humanoidState":8,"_cameraCFrame":[764.134,227.397,41.073,0.366,0.909,-0.198,0,0.212,0.977,0.93,-0.358,0.078],"_shiftlockState":true,"_pose":"Running","_animationQueue":[],"_animationSpeed":1.103,"_zoom":0.5},{"_mousePosition":[683,384],"_rootPartCFrame":[764.327,224.702,40.716,0.376,0,-0.927,0,1,0,0.927,0,0.376],"_humanoidState":8,"_cameraCFrame":[764.143,227.168,40.822,0.499,0.846,-0.186,0,0.215,0.977,0.866,-0.488,0.107],"_shiftlockState":true,"_pose":"Running","_animationQueue":[],"_animationSpeed":1.103,"_zoom":0.5},{"_mousePosition":[683,384],"_rootPartCFrame":[764.236,224.702,40.466,0.508,0,-0.862,0,1,0,0.862,0,0.508],"_humanoidState":8,"_cameraCFrame":[764.096,227.011,40.577,0.623,0.764,-0.169,0,0.216,0.976,0.782,-0.608,0.134],"_shiftlockState":true,"_pose":"Running","_animationQueue":[],"_animationSpeed":1.103,"_zoom":0.5},{"_mousePosition":[683,384],"_rootPartCFrame":[764.108,224.702,40.232,0.63,0,-0.776,0,1,0,0.776,0,0.63],"_humanoidState":8,"_cameraCFrame":[763.996,226.91,40.342,0.701,0.696,-0.154,0,0.216,0.976,0.713,-0.685,0.151],"_shiftlockState":true,"_pose":"Running","_animationQueue":[],"_animationSpeed":1.103,"_zoom":0.5},{"_mousePosition":[683,384],"_rootPartCFrame":[763.947,224.702,40.02,0.77,0,-0.638,0,1,0,0.638,0,0.77],"_humanoidState":8,"_cameraCFrame":[763.881,226.691,40.1,0.771,0.623,-0.133,0,0.209,0.978,0.637,-0.754,0.161],"_shiftlockState":true,"_pose":"Running","_animationQueue":[["walk",0.1]],"_animationSpeed":1.103,"_zoom":0.5},{"_mousePosition":[683,384],"_rootPartCFrame":[763.695,224.697,39.803,0.771,0,-0.636,0,1,0,0.636,0,0.771],"_humanoidState":8,"_cameraCFrame":[763.629,226.686,39.883,0.771,0.623,-0.133,0,0.209,0.978,0.637,-0.754,0.161],"_shiftlockState":true,"_pose":"Running","_animationQueue":[["walk",0.1]],"_animationSpeed":1.103,"_zoom":0.5},{"_mousePosition":[683,384],"_rootPartCFrame":[763.438,224.699,39.591,0.771,0,-0.637,0,1,0,0.637,0,0.771],"_humanoidState":8,"_cameraCFrame":[763.372,226.688,39.671,0.771,0.623,-0.133,0,0.209,0.978,0.637,-0.754,0.161],"_shiftlockState":true,"_pose":"Running","_animationQueue":[["walk",0.1]],"_animationSpeed":1.103,"_zoom":0.5},{"_mousePosition":[683,384],"_rootPartCFrame":[763.284,224.68,39.463,0.771,0,-0.637,0,1,0,0.637,0,0.771],"_humanoidState":8,"_cameraCFrame":[763.217,226.669,39.544,0.771,0.623,-0.133,0,0.209,0.978,0.637,-0.754,0.161],"_shiftlockState":true,"_pose":"Running","_animationQueue":[],"_animationSpeed":1.103,"_zoom":0.5},{"_mousePosition":[683,384],"_rootPartCFrame":[763.027,224.58,39.251,0.771,0,-0.637,0,1,0,0.637,0,0.771],"_humanoidState":8,"_cameraCFrame":[762.96,226.569,39.332,0.771,0.623,-0.133,0,0.209,0.978,0.637,-0.754,0.161],"_shiftlockState":true,"_pose":"Running","_animationQueue":[],"_animationSpeed":1.103,"_zoom":0.5},{"_mousePosition":[683,384],"_rootPartCFrame":[762.873,224.479,39.124,0.771,0,-0.637,0,1,0,0.637,0,0.771],"_humanoidState":8,"_cameraCFrame":[762.806,226.468,39.204,0.771,0.623,-0.133,0,0.209,0.978,0.637,-0.754,0.161],"_shiftlockState":true,"_pose":"Running","_animationQueue":[],"_animationSpeed":1.103,"_zoom":0.5},{"_mousePosition":[683,384],"_rootPartCFrame":[762.616,225.562,38.911,0.771,0,-0.637,0,1,0,0.637,0,0.771],"_humanoidState":3,"_cameraCFrame":[762.549,227.551,38.992,0.771,0.623,-0.133,0,0.209,0.978,0.637,-0.754,0.161],"_shiftlockState":true,"_pose":"Jumping","_animationQueue":[["walk",0.1],["jump",0.1]],"_animationSpeed":1,"_zoom":0.5},{"_mousePosition":[683,384],"_rootPartCFrame":[762.41,226.371,38.742,0.826,0,-0.563,0,1,0,0.563,0,0.826],"_humanoidState":5,"_cameraCFrame":[762.344,228.36,38.822,0.771,0.623,-0.133,0,0.209,0.978,0.637,-0.754,0.161],"_shiftlockState":true,"_pose":"FreeFall","_animationQueue":[["jump",0.1]],"_animationSpeed":1,"_zoom":0.5},{"_mousePosition":[683,384],"_rootPartCFrame":[762.205,227.125,38.572,0.846,0,-0.533,0,1,0,0.533,0,0.846],"_humanoidState":5,"_cameraCFrame":[762.138,229.114,38.652,0.771,0.623,-0.133,0,0.209,0.978,0.637,-0.754,0.161],"_shiftlockState":true,"_pose":"FreeFall","_animationQueue":[],"_animationSpeed":1,"_zoom":0.5},{"_mousePosition":[683,384],"_rootPartCFrame":[762.05,227.654,38.444,0.831,0,-0.557,0,1,0,0.557,0,0.831],"_humanoidState":5,"_cameraCFrame":[761.984,229.643,38.525,0.771,0.623,-0.133,0,0.209,0.978,0.637,-0.754,0.161],"_shiftlockState":true,"_pose":"FreeFall","_animationQueue":[],"_animationSpeed":1,"_zoom":0.5},{"_mousePosition":[683,384],"_rootPartCFrame":[761.794,228.469,38.232,0.866,0,-0.5,0,1,0,0.5,0,0.866],"_humanoidState":5,"_cameraCFrame":[761.727,230.458,38.313,0.771,0.623,-0.133,0,0.209,0.978,0.637,-0.754,0.161],"_shiftlockState":true,"_pose":"FreeFall","_animationQueue":[],"_animationSpeed":1,"_zoom":0.5},{"_mousePosition":[683,384],"_rootPartCFrame":[761.639,228.917,38.105,0.831,0,-0.557,0,1,0,0.557,0,0.831],"_humanoidState":5,"_cameraCFrame":[761.573,230.906,38.185,0.771,0.623,-0.133,0,0.209,0.978,0.637,-0.754,0.161],"_shiftlockState":true,"_pose":"FreeFall","_animationQueue":[],"_animationSpeed":1,"_zoom":0.5},{"_mousePosition":[683,384],"_rootPartCFrame":[761.382,229.595,37.892,0.866,0,-0.5,0,1,0,0.5,0,0.866],"_humanoidState":5,"_cameraCFrame":[761.316,231.584,37.973,0.771,0.623,-0.133,0,0.209,0.978,0.637,-0.754,0.161],"_shiftlockState":true,"_pose":"FreeFall","_animationQueue":[],"_animationSpeed":1,"_zoom":0.5},{"_mousePosition":[683,384],"_rootPartCFrame":[761.177,230.077,37.723,0.849,0,-0.529,0,1,0,0.529,0,0.849],"_humanoidState":5,"_cameraCFrame":[761.11,232.066,37.803,0.771,0.623,-0.133,0,0.209,0.978,0.637,-0.754,0.161],"_shiftlockState":true,"_pose":"FreeFall","_animationQueue":[],"_animationSpeed":1,"_zoom":0.5},{"_mousePosition":[683,384],"_rootPartCFrame":[760.971,230.504,37.553,0.849,0,-0.529,0,1,0,0.529,0,0.849],"_humanoidState":5,"_cameraCFrame":[760.905,232.492,37.633,0.771,0.623,-0.133,0,0.209,0.978,0.637,-0.754,0.161],"_shiftlockState":true,"_pose":"FreeFall","_animationQueue":[],"_animationSpeed":1,"_zoom":0.5},{"_mousePosition":[683,384],"_rootPartCFrame":[760.766,230.876,37.383,0.849,0,-0.529,0,1,0,0.529,0,0.849],"_humanoidState":5,"_cameraCFrame":[760.699,232.865,37.463,0.771,0.623,-0.133,0,0.209,0.978,0.637,-0.754,0.161],"_shiftlockState":true,"_pose":"FreeFall","_animationQueue":[],"_animationSpeed":1,"_zoom":0.5},{"_mousePosition":[683,384],"_rootPartCFrame":[760.56,231.194,37.213,0.849,0,-0.529,0,1,0,0.529,0,0.849],"_humanoidState":5,"_cameraCFrame":[760.494,233.183,37.294,0.771,0.623,-0.133,0,0.209,0.978,0.637,-0.754,0.161],"_shiftlockState":true,"_pose":"FreeFall","_animationQueue":[],"_animationSpeed":1,"_zoom":0.5},{"_mousePosition":[683,384],"_rootPartCFrame":[760.355,231.457,37.043,0.849,0,-0.529,0,1,0,0.529,0,0.849],"_humanoidState":5,"_cameraCFrame":[760.288,233.446,37.124,0.771,0.623,-0.133,0,0.209,0.978,0.637,-0.754,0.161],"_shiftlockState":true,"_pose":"FreeFall","_animationQueue":[],"_animationSpeed":1,"_zoom":0.5},{"_mousePosition":[683,384],"_rootPartCFrame":[760.149,231.666,36.873,0.849,0,-0.529,0,1,0,0.529,0,0.849],"_humanoidState":5,"_cameraCFrame":[760.083,233.655,36.954,0.771,0.623,-0.133,0,0.209,0.978,0.637,-0.754,0.161],"_shiftlockState":true,"_pose":"FreeFall","_animationQueue":[],"_animationSpeed":1,"_zoom":0.5},{"_mousePosition":[683,384],"_rootPartCFrame":[759.943,231.82,36.704,0.849,0,-0.529,0,1,0,0.529,0,0.849],"_humanoidState":5,"_cameraCFrame":[759.878,233.809,36.785,0.78,0.613,-0.131,0,0.209,0.978,0.626,-0.762,0.163],"_shiftlockState":true,"_pose":"FreeFall","_animationQueue":[],"_animationSpeed":1,"_zoom":0.5},{"_mousePosition":[683,384],"_rootPartCFrame":[759.738,231.92,36.534,0.856,0,-0.517,0,1,0,0.517,0,0.856],"_humanoidState":5,"_cameraCFrame":[759.677,233.91,36.617,0.811,0.573,-0.121,0,0.206,0.978,0.586,-0.793,0.167],"_shiftlockState":true,"_pose":"FreeFall","_animationQueue":[],"_animationSpeed":1,"_zoom":0.5},{"_mousePosition":[683,384],"_rootPartCFrame":[759.582,231.96,36.408,0.865,0,-0.502,0,1,0,0.502,0,0.865],"_humanoidState":5,"_cameraCFrame":[759.532,233.949,36.495,0.867,0.487,-0.1,0,0.201,0.98,0.498,-0.85,0.174],"_shiftlockState":true,"_pose":"FreeFall","_animationQueue":[],"_animationSpeed":1,"_zoom":0.5},{"_mousePosition":[683,384],"_rootPartCFrame":[759.313,231.957,36.211,0.938,0,-0.347,0,1,0,0.347,0,0.938],"_humanoidState":5,"_cameraCFrame":[759.271,233.947,36.3,0.904,0.419,-0.084,0,0.197,0.98,0.427,-0.887,0.178],"_shiftlockState":true,"_pose":"FreeFall","_animationQueue":[["fall",0.3]],"_animationSpeed":1,"_zoom":0.5},{"_mousePosition":[683,384],"_rootPartCFrame":[759.144,231.914,36.106,0.942,0,-0.335,0,1,0,0.335,0,0.942],"_humanoidState":5,"_cameraCFrame":[759.11,233.904,36.198,0.94,0.334,-0.067,0,0.196,0.981,0.341,-0.922,0.184],"_shiftlockState":true,"_pose":"FreeFall","_animationQueue":[],"_animationSpeed":1,"_zoom":0.5},{"_mousePosition":[683,384],"_rootPartCFrame":[758.845,231.775,35.958,0.984,0,-0.18,0,1,0,0.18,0,0.984],"_humanoidState":5,"_cameraCFrame":[758.817,233.765,36.053,0.96,0.275,-0.055,0,0.198,0.98,0.28,-0.941,0.19],"_shiftlockState":true,"_pose":"FreeFall","_animationQueue":[],"_animationSpeed":1,"_zoom":0.5},{"_mousePosition":[683,384],"_rootPartCFrame":[758.597,231.602,35.862,0.989,0,-0.15,0,1,0,0.15,0,0.989],"_humanoidState":5,"_cameraCFrame":[758.573,233.592,35.961,0.973,0.226,-0.047,0,0.205,0.979,0.231,-0.952,0.199],"_shiftlockState":true,"_pose":"FreeFall","_animationQueue":[],"_animationSpeed":1,"_zoom":0.5},{"_mousePosition":[683,384],"_rootPartCFrame":[758.342,231.375,35.784,0.995,0,-0.099,0,1,0,0.099,0,0.995],"_humanoidState":5,"_cameraCFrame":[758.321,233.364,35.888,0.981,0.192,-0.041,0,0.211,0.977,0.196,-0.958,0.207],"_shiftlockState":true,"_pose":"FreeFall","_animationQueue":[],"_animationSpeed":1,"_zoom":0.5},{"_mousePosition":[683,384],"_rootPartCFrame":[758.083,231.094,35.721,0.998,0,-0.064,0,1,0,0.064,0,0.998],"_humanoidState":5,"_cameraCFrame":[758.065,233.082,35.827,0.986,0.161,-0.036,0,0.217,0.976,0.165,-0.963,0.214],"_shiftlockState":true,"_pose":"FreeFall","_animationQueue":[],"_animationSpeed":1,"_zoom":0.5},{"_mousePosition":[683,384],"_rootPartCFrame":[757.821,230.758,35.667,0.999,0,-0.033,0,1,0,0.033,0,0.999],"_humanoidState":5,"_cameraCFrame":[757.806,232.745,35.776,0.99,0.14,-0.032,0,0.221,0.975,0.143,-0.965,0.219],"_shiftlockState":true,"_pose":"FreeFall","_animationQueue":[],"_animationSpeed":1,"_zoom":0.5},{"_mousePosition":[683,384],"_rootPartCFrame":[757.573,230.367,35.594,0.999,0,-0.032,0,1,0,0.032,0,0.999],"_humanoidState":5,"_cameraCFrame":[757.56,232.354,35.705,0.992,0.119,-0.028,0,0.225,0.974,0.123,-0.967,0.224],"_shiftlockState":true,"_pose":"FreeFall","_animationQueue":[["fall",0.3]],"_animationSpeed":1,"_zoom":0.5},{"_mousePosition":[683,384],"_rootPartCFrame":[757.347,229.922,35.487,1,0,-0.02,0,1,0,0.02,0,1],"_humanoidState":5,"_cameraCFrame":[757.336,231.909,35.601,0.996,0.092,-0.022,0,0.228,0.974,0.094,-0.969,0.227],"_shiftlockState":true,"_pose":"FreeFall","_animationQueue":[],"_animationSpeed":1,"_zoom":0.5},{"_mousePosition":[683,384],"_rootPartCFrame":[757.141,229.422,35.346,1,0,0.007,0,1,0,-0.007,0,1],"_humanoidState":5,"_cameraCFrame":[757.135,231.409,35.462,0.999,0.05,-0.012,0,0.232,0.973,0.052,-0.972,0.231],"_shiftlockState":true,"_pose":"FreeFall","_animationQueue":[],"_animationSpeed":1,"_zoom":0.5},{"_mousePosition":[683,384],"_rootPartCFrame":[756.954,228.868,35.171,0.999,0,0.048,0,1,0,-0.048,0,0.999],"_humanoidState":5,"_cameraCFrame":[756.955,230.854,35.287,1,-0.009,0.002,0,0.233,0.972,-0.009,-0.972,0.233],"_shiftlockState":true,"_pose":"FreeFall","_animationQueue":[],"_animationSpeed":1,"_zoom":0.5},{"_mousePosition":[683,384],"_rootPartCFrame":[756.776,228.26,34.974,0.994,0,0.106,0,1,0,-0.106,0,0.994],"_humanoidState":5,"_cameraCFrame":[756.788,230.245,35.092,0.995,-0.098,0.024,0,0.237,0.971,-0.101,-0.967,0.236],"_shiftlockState":true,"_pose":"FreeFall","_animationQueue":[],"_animationSpeed":1,"_zoom":0.5},{"_mousePosition":[683,384],"_rootPartCFrame":[756.587,227.596,34.786,0.981,0,0.194,0,1,0,-0.194,0,0.981],"_humanoidState":5,"_cameraCFrame":[756.608,229.582,34.904,0.985,-0.17,0.042,0,0.24,0.971,-0.175,-0.956,0.237],"_shiftlockState":true,"_pose":"FreeFall","_animationQueue":[],"_animationSpeed":1,"_zoom":0.5},{"_mousePosition":[683,384],"_rootPartCFrame":[756.436,227.063,34.655,0.97,0,0.244,0,1,0,-0.244,0,0.97],"_humanoidState":5,"_cameraCFrame":[756.468,229.048,34.773,0.965,-0.255,0.064,0,0.245,0.97,-0.263,-0.936,0.236],"_shiftlockState":true,"_pose":"FreeFall","_animationQueue":[],"_animationSpeed":1,"_zoom":0.5},{"_mousePosition":[683,384],"_rootPartCFrame":[756.166,226.107,34.46,0.928,0,0.373,0,1,0,-0.373,0,0.928],"_humanoidState":5,"_cameraCFrame":[756.207,228.091,34.579,0.945,-0.316,0.082,0,0.25,0.968,-0.327,-0.915,0.237],"_shiftlockState":true,"_pose":"FreeFall","_animationQueue":[["fall",0.3]],"_animationSpeed":1,"_zoom":0.5},{"_mousePosition":[683,384],"_rootPartCFrame":[755.937,225.28,34.323,0.91,0,0.415,0,1,0,-0.415,0,0.91],"_humanoidState":5,"_cameraCFrame":[755.99,227.263,34.442,0.915,-0.391,0.105,0,0.261,0.965,-0.405,-0.883,0.238],"_shiftlockState":true,"_pose":"FreeFall","_animationQueue":[],"_animationSpeed":1,"_zoom":0.5},{"_mousePosition":[683,384],"_rootPartCFrame":[755.699,224.399,34.204,0.873,0,0.489,0,1,0,-0.489,0,0.873],"_humanoidState":5,"_cameraCFrame":[755.758,226.38,34.325,0.899,-0.422,0.119,0,0.271,0.963,-0.439,-0.865,0.243],"_shiftlockState":true,"_pose":"FreeFall","_animationQueue":[],"_animationSpeed":1,"_zoom":0.5},{"_mousePosition":[683,384],"_rootPartCFrame":[755.514,223.702,34.127,0.864,0,0.503,0,1,0,-0.503,0,0.864],"_humanoidState":5,"_cameraCFrame":[755.575,225.683,34.251,0.899,-0.421,0.121,0,0.275,0.961,-0.438,-0.864,0.248],"_shiftlockState":true,"_pose":"FreeFall","_animationQueue":[],"_animationSpeed":1,"_zoom":0.5},{"_mousePosition":[683,384],"_rootPartCFrame":[755.2,222.473,34.017,0.835,0,0.55,0,1,0,-0.55,0,0.835],"_humanoidState":5,"_cameraCFrame":[755.26,224.454,34.141,0.899,-0.421,0.121,0,0.275,0.961,-0.438,-0.864,0.248],"_shiftlockState":true,"_pose":"FreeFall","_animationQueue":[],"_animationSpeed":1,"_zoom":0.5},{"_mousePosition":[683,384],"_rootPartCFrame":[755.011,221.695,33.952,0.862,0,0.507,0,1,0,-0.507,0,0.862],"_humanoidState":5,"_cameraCFrame":[755.071,223.676,34.076,0.899,-0.421,0.121,0,0.275,0.961,-0.438,-0.864,0.248],"_shiftlockState":true,"_pose":"FreeFall","_animationQueue":[],"_animationSpeed":1,"_zoom":0.5},{"_mousePosition":[683,384],"_rootPartCFrame":[754.758,220.609,33.865,0.849,0,0.529,0,1,0,-0.529,0,0.849],"_humanoidState":5,"_cameraCFrame":[754.819,222.59,33.989,0.899,-0.421,0.121,0,0.275,0.961,-0.438,-0.864,0.248],"_shiftlockState":true,"_pose":"FreeFall","_animationQueue":[],"_animationSpeed":1,"_zoom":0.5},{"_mousePosition":[683,384],"_rootPartCFrame":[754.53,220.606,33.786,0.885,0,0.467,0,1,0,-0.467,0,0.885],"_humanoidState":12,"_cameraCFrame":[754.59,222.587,33.91,0.899,-0.421,0.121,0,0.275,0.961,-0.438,-0.864,0.248],"_shiftlockState":true,"_pose":"Climbing","_animationQueue":[["fall",0.3],["walk",0.1],["fall",0.3],["climb",0.1],["climb",0]],"_animationSpeed":-5.53,"_zoom":0.5},{"_mousePosition":[683,384],"_rootPartCFrame":[754.297,220.836,33.705,0.9,0,0.436,0,1,0,-0.436,0,0.9],"_humanoidState":12,"_cameraCFrame":[754.357,222.817,33.829,0.899,-0.421,0.121,0,0.276,0.961,-0.438,-0.864,0.248],"_shiftlockState":true,"_pose":"Climbing","_animationQueue":[["climb",0.1]],"_animationSpeed":0.806,"_zoom":0.5},{"_mousePosition":[683,384],"_rootPartCFrame":[754.123,221.069,33.645,0.899,0,0.439,0,1,0,-0.439,0,0.899],"_humanoidState":12,"_cameraCFrame":[754.183,223.05,33.769,0.899,-0.421,0.121,0,0.276,0.961,-0.438,-0.864,0.248],"_shiftlockState":true,"_pose":"Climbing","_animationQueue":[],"_animationSpeed":0.806,"_zoom":0.5},{"_mousePosition":[683,384],"_rootPartCFrame":[754.07,221.204,33.637,0.909,0.003,0.416,-0.003,1,0,-0.416,-0.001,0.909],"_humanoidState":12,"_cameraCFrame":[754.134,223.185,33.759,0.899,-0.421,0.121,0,0.276,0.961,-0.438,-0.864,0.248],"_shiftlockState":true,"_pose":"Climbing","_animationQueue":[],"_animationSpeed":0.806,"_zoom":0.5},{"_mousePosition":[683,384],"_rootPartCFrame":[754.034,221.436,33.649,0.903,0.001,0.43,-0.001,1,0,-0.43,0,0.903],"_humanoidState":12,"_cameraCFrame":[754.097,223.416,33.772,0.895,-0.429,0.123,0,0.277,0.961,-0.446,-0.86,0.248],"_shiftlockState":true,"_pose":"Climbing","_animationQueue":[],"_animationSpeed":0.806,"_zoom":0.5},{"_mousePosition":[683,384],"_rootPartCFrame":[754.035,221.622,33.656,0.895,0,0.445,0,1,0,-0.445,0,0.895],"_humanoidState":12,"_cameraCFrame":[754.108,223.601,33.78,0.862,-0.485,0.146,0,0.288,0.958,-0.507,-0.826,0.248],"_shiftlockState":true,"_pose":"Climbing","_animationQueue":[],"_animationSpeed":0.806,"_zoom":0.5},{"_mousePosition":[683,384],"_rootPartCFrame":[754.063,221.809,33.713,0.864,0,0.504,0,1,0,-0.504,0,0.864],"_humanoidState":12,"_cameraCFrame":[754.164,223.784,33.834,0.766,-0.611,0.202,0,0.314,0.95,-0.643,-0.727,0.24],"_shiftlockState":true,"_pose":"Climbing","_animationQueue":[],"_animationSpeed":0.806,"_zoom":0.5},{"_mousePosition":[683,384],"_rootPartCFrame":[754.126,221.949,33.843,0.769,0,0.639,0,1,0,-0.639,0,0.769],"_humanoidState":12,"_cameraCFrame":[754.28,223.916,33.933,0.502,-0.808,0.308,0,0.356,0.934,-0.865,-0.469,0.179],"_shiftlockState":true,"_pose":"Climbing","_animationQueue":[],"_animationSpeed":0.806,"_zoom":0.5},{"_mousePosition":[683,384],"_rootPartCFrame":[754.078,222.232,34.122,0.519,0.005,0.855,-0.002,1,-0.005,-0.855,0.001,0.519],"_humanoidState":8,"_cameraCFrame":[754.27,224.195,34.168,0.237,-0.899,0.368,0,0.379,0.925,-0.971,-0.219,0.09],"_shiftlockState":true,"_pose":"Standing","_animationQueue":[["climb",0.1],["idle",0.1],["idle",0.1]],"_animationSpeed":1,"_zoom":0.5},{"_mousePosition":[683,384],"_rootPartCFrame":[753.994,223.115,34.32,0.265,0.01,0.964,-0.006,1,-0.008,-0.964,-0.004,0.265],"_humanoidState":3,"_cameraCFrame":[754.199,225.076,34.322,0.039,-0.923,0.382,0,0.383,0.924,-0.999,-0.036,0.015],"_shiftlockState":true,"_pose":"Jumping","_animationQueue":[["walk",0.1],["jump",0.1]],"_animationSpeed":1,"_zoom":0.5},{"_mousePosition":[683,384],"_rootPartCFrame":[753.836,