[{"_mousePosition":[1183,388],"_rootPartCFrame":[776.028,222.95,47.142,0,-0.001,1,0,1,0.001,-1,0,0],"_humanoidState":8,"_cameraCFrame":[784.267,237.854,33.759,-0.852,-0.34,0.399,0,0.761,0.649,-0.524,0.553,-0.648],"_shiftlockState":false,"_pose":"Standing","_animationQueue":[],"_animationSpeed":1,"_zoom":20.656},{"_mousePosition":[1185,415],"_rootPartCFrame":[775.928,222.891,47.08,0.041,0,0.999,0,1,0,-0.999,0,0.041],"_humanoidState":8,"_cameraCFrame":[784.168,237.795,33.697,-0.852,-0.34,0.399,0,0.761,0.649,-0.524,0.553,-0.648],"_shiftlockState":false,"_pose":"Standing","_animationQueue":[],"_animationSpeed":1,"_zoom":20.656},{"_mousePosition":[1187,429],"_rootPartCFrame":[775.705,222.759,46.943,0.109,0,0.994,0,1,0,-0.994,0,0.109],"_humanoidState":8,"_cameraCFrame":[782.455,237.663,32.643,-0.852,-0.34,0.399,0,0.761,0.649,-0.524,0.553,-0.648],"_shiftlockState":true,"_pose":"Running","_animationQueue":[["walk",0.1]],"_animationSpeed":0.835,"_zoom":20.656},{"_mousePosition":[683,384],"_rootPartCFrame":[775.364,222.653,46.733,-0.899,0,0.438,0,1,0,-0.438,0,-0.899],"_humanoidState":8,"_cameraCFrame":[782.115,237.556,32.433,-0.852,-0.34,0.399,0,0.761,0.649,-0.524,0.553,-0.648],"_shiftlockState":true,"_pose":"Running","_animationQueue":[["walk",0.1]],"_animationSpeed":1.098,"_zoom":20.656},{"_mousePosition":[683,384],"_rootPartCFrame":[775.194,222.664,46.629,-0.862,0,0.506,0,1,0,-0.506,0,-0.862],"_humanoidState":8,"_cameraCFrame":[781.88,237.993,32.708,-0.847,-0.356,0.395,0,0.743,0.67,-0.532,0.567,-0.629],"_shiftlockState":true,"_pose":"Running","_animationQueue":[],"_animationSpeed":1.098,"_zoom":20.656},{"_mousePosition":[683,384],"_rootPartCFrame":[774.967,222.678,46.489,-0.849,0,0.528,0,1,0,-0.528,0,-0.849],"_humanoidState":8,"_cameraCFrame":[781.561,238.508,33.038,-0.84,-0.376,0.39,0,0.72,0.694,-0.542,0.583,-0.605],"_shiftlockState":true,"_pose":"Running","_animationQueue":[],"_animationSpeed":1.098,"_zoom":20.656},{"_mousePosition":[683,384],"_rootPartCFrame":[774.741,222.688,46.347,-0.841,0,0.542,0,1,0,-0.542,0,-0.841],"_humanoidState":8,"_cameraCFrame":[781.248,238.884,33.255,-0.836,-0.391,0.386,0,0.703,0.711,-0.549,0.595,-0.587],"_shiftlockState":true,"_pose":"Running","_animationQueue":[],"_animationSpeed":1.098,"_zoom":20.656},{"_mousePosition":[683,384],"_rootPartCFrame":[774.573,222.692,46.239,-0.836,0,0.549,0,1,0,-0.549,0,-0.836],"_humanoidState":8,"_cameraCFrame":[780.969,239.292,33.558,-0.831,-0.407,0.38,0,0.682,0.731,-0.557,0.607,-0.567],"_shiftlockState":true,"_pose":"Running","_animationQueue":[],"_animationSpeed":1.098,"_zoom":20.656},{"_mousePosition":[683,384],"_rootPartCFrame":[774.294,222.696,46.056,-0.831,0,0.557,0,1,0,-0.557,0,-0.831],"_humanoidState":8,"_cameraCFrame":[780.597,239.577,33.67,-0.827,-0.419,0.375,0,0.667,0.745,-0.562,0.616,-0.552],"_shiftlockState":true,"_pose":"Running","_animationQueue":[],"_animationSpeed":1.098,"_zoom":20.656},{"_mousePosition":[683,384],"_rootPartCFrame":[774.072,222.698,45.908,-0.827,0,0.562,0,1,0,-0.562,0,-0.827],"_humanoidState":8,"_cameraCFrame":[780.259,239.897,33.867,-0.823,-0.432,0.369,0,0.65,0.76,-0.568,0.625,-0.535],"_shiftlockState":true,"_pose":"Running","_animationQueue":[["walk",0.1]],"_animationSpeed":1.098,"_zoom":20.656},{"_mousePosition":[683,384],"_rootPartCFrame":[773.852,222.699,45.758,-0.823,0,0.568,0,1,0,-0.568,0,-0.823],"_humanoidState":8,"_cameraCFrame":[779.889,240.26,34.126,-0.818,-0.447,0.362,0,0.629,0.778,-0.575,0.636,-0.514],"_shiftlockState":true,"_pose":"Running","_animationQueue":[],"_animationSpeed":1.098,"_zoom":20.656},{"_mousePosition":[683,384],"_rootPartCFrame":[773.632,222.699,45.607,-0.818,0,0.575,0,1,0,-0.575,0,-0.818],"_humanoidState":8,"_cameraCFrame":[779.388,240.751,34.533,-0.814,-0.466,0.348,0,0.598,0.801,-0.581,0.652,-0.487],"_shiftlockState":true,"_pose":"Running","_animationQueue":[],"_animationSpeed":1.098,"_zoom":20.656},{"_mousePosition":[683,384],"_rootPartCFrame":[773.414,222.699,45.454,-0.814,0,0.581,0,1,0,-0.581,0,-0.814],"_humanoidState":8,"_cameraCFrame":[778.871,241.189,34.904,-0.811,-0.481,0.333,0,0.569,0.822,-0.585,0.667,-0.461],"_shiftlockState":true,"_pose":"Running","_animationQueue":[],"_animationSpeed":1.098,"_zoom":20.656},{"_mousePosition":[683,384],"_rootPartCFrame":[773.196,222.699,45.299,-0.811,0,0.585,0,1,0,-0.585,0,-0.811],"_humanoidState":8,"_cameraCFrame":[778.329,241.64,35.338,-0.807,-0.499,0.317,0,0.536,0.844,-0.591,0.681,-0.432],"_shiftlockState":true,"_pose":"Running","_animationQueue":[],"_animationSpeed":1.098,"_zoom":20.656},{"_mousePosition":[683,384],"_rootPartCFrame":[772.98,222.7,45.144,-0.807,0,0.591,0,1,0,-0.591,0,-0.807],"_humanoidState":8,"_cameraCFrame":[777.825,241.979,35.649,-0.804,-0.512,0.303,0,0.509,0.861,-0.595,0.692,-0.409],"_shiftlockState":true,"_pose":"Running","_animationQueue":[],"_animationSpeed":1.098,"_zoom":20.656},{"_mousePosition":[683,384],"_rootPartCFrame":[772.765,222.7,44.986,-0.804,0,0.595,0,1,0,-0.595,0,-0.804],"_humanoidState":8,"_cameraCFrame":[777.345,242.253,35.884,-0.803,-0.521,0.29,0,0.486,0.874,-0.596,0.702,-0.39],"_shiftlockState":true,"_pose":"Running","_animationQueue":[["walk",0.1]],"_animationSpeed":1.098,"_zoom":20.656},{"_mousePosition":[683,384],"_rootPartCFrame":[772.55,222.7,44.828,-0.803,0,0.596,0,1,0,-0.596,0,-0.803],"_humanoidState":8,"_cameraCFrame":[776.736,242.167,36.24,-0.803,-0.528,0.276,0,0.463,0.886,-0.595,0.712,-0.372],"_shiftlockState":true,"_pose":"Running","_animationQueue":[],"_animationSpeed":1.098,"_zoom":16.125},{"_mousePosition":[683,384],"_rootPartCFrame":[772.336,222.7,44.669,-0.803,0,0.595,0,1,0,-0.595,0,-0.803],"_humanoidState":8,"_cameraCFrame":[776.035,241.737,36.617,-0.808,-0.528,0.261,0,0.444,0.896,-0.589,0.724,-0.359],"_shiftlockState":true,"_pose":"Running","_animationQueue":[],"_animationSpeed":1.098,"_zoom":16.125},{"_mousePosition":[683,384],"_rootPartCFrame":[772.122,222.7,44.51,-0.808,0,0.589,0,1,0,-0.589,0,-0.808],"_humanoidState":8,"_cameraCFrame":[775.201,241.002,37.058,-0.819,-0.519,0.243,0,0.424,0.906,-0.573,0.742,-0.348],"_shiftlockState":true,"_pose":"Running","_animationQueue":[],"_animationSpeed":1.098,"_zoom":12.5},{"_mousePosition":[683,384],"_rootPartCFrame":[771.907,222.7,44.353,-0.819,0,0.573,0,1,0,-0.573,0,-0.819],"_humanoidState":8,"_cameraCFrame":[774.262,239.935,37.607,-0.835,-0.504,0.222,0,0.403,0.915,-0.551,0.764,-0.336],"_shiftlockState":true,"_pose":"Running","_animationQueue":[],"_animationSpeed":1.098,"_zoom":12.5},{"_mousePosition":[683,384],"_rootPartCFrame":[771.688,222.7,44.2,-0.835,0,0.551,0,1,0,-0.551,0,-0.835],"_humanoidState":8,"_cameraCFrame":[773.478,239.034,38.006,-0.849,-0.487,0.204,0,0.386,0.923,-0.528,0.784,-0.328],"_shiftlockState":true,"_pose":"Running","_animationQueue":[],"_animationSpeed":1.098,"_zoom":12.5},{"_mousePosition":[683,384],"_rootPartCFrame":[771.466,222.7,44.052,-0.849,0,0.528,0,1,0,-0.528,0,-0.849],"_humanoidState":8,"_cameraCFrame":[772.787,238.253,38.335,-0.863,-0.47,0.187,0,0.37,0.929,-0.505,0.802,-0.319],"_shiftlockState":true,"_pose":"Running","_animationQueue":[],"_animationSpeed":1.098,"_zoom":12.5},{"_mousePosition":[683,384],"_rootPartCFrame":[771.24,222.7,43.911,-0.863,0,0.505,0,1,0,-0.505,0,-0.863],"_humanoidState":8,"_cameraCFrame":[772.172,237.64,38.606,-0.875,-0.452,0.171,0,0.354,0.935,-0.484,0.818,-0.31],"_shiftlockState":true,"_pose":"Running","_animationQueue":[["walk",0.1]],"_animationSpeed":1.098,"_zoom":12.5},{"_mousePosition":[683,384],"_rootPartCFrame":[771.01,222.7,43.776,-0.875,0,0.484,0,1,0,-0.484,0,-0.875],"_humanoidState":8,"_cameraCFrame":[771.522,236.728,38.989,-0.888,-0.434,0.155,0,0.337,0.941,-0.461,0.836,-0.299],"_shiftlockState":true,"_pose":"Running","_animationQueue":[],"_animationSpeed":1.098,"_zoom":9.6},{"_mousePosition":[683,384],"_rootPartCFrame":[770.66,222.7,43.582,-0.888,0,0.461,0,1,0,-0.461,0,-0.888],"_humanoidState":8,"_cameraCFrame":[770.984,236.175,39.053,-0.893,-0.425,0.149,0,0.33,0.944,-0.45,0.843,-0.295],"_shiftlockState":true,"_pose":"Running","_animationQueue":[],"_animationSpeed":1.098,"_zoom":9.6},{"_mousePosition":[683,384],"_rootPartCFrame":[770.542,222.7,43.52,-0.893,0,0.45,0,1,0,-0.45,0,-0.893],"_humanoidState":8,"_cameraCFrame":[770.643,235.468,39.31,-0.899,-0.414,0.141,0,0.322,0.947,-0.437,0.852,-0.289],"_shiftlockState":true,"_pose":"Running","_animationQueue":[],"_animationSpeed":1.098,"_zoom":9.6},{"_mousePosition":[683,384],"_rootPartCFrame":[770.304,222.7,43.399,-0.899,0,0.437,0,1,0,-0.437,0,-0.899],"_humanoidState":8,"_cameraCFrame":[770.236,234.951,39.409,-0.906,-0.401,0.134,0,0.316,0.949,-0.423,0.86,-0.287],"_shiftlockState":true,"_pose":"Running","_animationQueue":[],"_animationSpeed":1.098,"_zoom":9.6},{"_mousePosition":[683,384],"_rootPartCFrame":[770.065,222.7,43.283,-0.906,0,0.423,0,1,0,-0.423,0,-0.906],"_humanoidState":8,"_cameraCFrame":[769.824,234.457,39.496,-0.915,-0.384,0.126,0,0.312,0.95,-0.404,0.869,-0.285],"_shiftlockState":true,"_pose":"Running","_animationQueue":[],"_animationSpeed":1.098,"_zoom":9.6},{"_mousePosition":[683,384],"_rootPartCFrame":[769.765,222.649,43.137,-0.915,0,0.404,0,1,0,-0.404,0,-0.915],"_humanoidState":8,"_cameraCFrame":[769.374,234.095,39.508,-0.924,-0.364,0.117,0,0.306,0.952,-0.383,0.879,-0.283],"_shiftlockState":true,"_pose":"Running","_animationQueue":[["walk",0.1]],"_animationSpeed":1.098,"_zoom":9.6},{"_mousePosition":[683,384],"_rootPartCFrame":[769.525,222.546,43.02,-0.924,0,0.383,0,1,0,-0.383,0,-0.924],"_humanoidState":8,"_cameraCFrame":[768.98,233.759,39.539,-0.934,-0.34,0.107,0,0.3,0.954,-0.356,0.891,-0.281],"_shiftlockState":true,"_pose":"Running","_animationQueue":[],"_animationSpeed":1.098,"_zoom":9.6},{"_mousePosition":[683,384],"_rootPartCFrame":[769.285,222.39,42.904,-0.934,0,0.356,0,1,0,-0.356,0,-0.934],"_humanoidState":8,"_cameraCFrame":[768.609,233.454,39.554,-0.943,-0.317,0.097,0,0.293,0.956,-0.332,0.902,-0.277],"_shiftlockState":true,"_pose":"Running","_animationQueue":[],"_animationSpeed":1.098,"_zoom":9.6},{"_mousePosition":[683,384],"_rootPartCFrame":[769.046,223.263,42.787,-0.943,0,0.332,0,1,0,-0.332,0,-0.943],"_humanoidState":3,"_cameraCFrame":[768.26,234.211,39.544,-0.951,-0.296,0.089,0,0.288,0.958,-0.309,0.911,-0.274],"_shiftlockState":true,"_pose":"Jumping","_animationQueue":[["walk",0.1],["jump",0.1]],"_animationSpeed":1,"_zoom":9.6},{"_mousePosition":[683,384],"_rootPartCFrame":[768.798,224.085,42.69,-0.919,0,0.395,0,1,0,-0.395,0,-0.919],"_humanoidState":5,"_cameraCFrame":[767.932,234.964,39.522,-0.957,-0.279,0.083,0,0.284,0.959,-0.291,0.917,-0.272],"_shiftlockState":true,"_pose":"FreeFall","_animationQueue":[["jump",0.1]],"_animationSpeed":1,"_zoom":9.6},{"_mousePosition":[683,384],"_rootPartCFrame":[768.544,224.852,42.607,-0.912,0,0.411,0,1,0,-0.411,0,-0.912],"_humanoidState":5,"_cameraCFrame":[767.613,235.684,39.498,-0.961,-0.264,0.077,0,0.281,0.96,-0.275,0.923,-0.27],"_shiftlockState":true,"_pose":"FreeFall","_animationQueue":[],"_animationSpeed":1,"_zoom":9.6},{"_mousePosition":[683,384],"_rootPartCFrame":[768.289,225.565,42.528,-0.917,0,0.4,0,1,0,-0.4,0,-0.917],"_humanoidState":5,"_cameraCFrame":[767.304,236.368,39.465,-0.965,-0.251,0.073,0,0.279,0.96,-0.261,0.927,-0.269],"_shiftlockState":true,"_pose":"FreeFall","_animationQueue":[],"_animationSpeed":1,"_zoom":9.6},{"_mousePosition":[683,384],"_rootPartCFrame":[768.033,226.224,42.454,-0.922,0,0.387,0,1,0,-0.387,0,-0.922],"_humanoidState":5,"_cameraCFrame":[766.974,237.002,39.444,-0.971,-0.23,0.066,0,0.276,0.961,-0.24,0.933,-0.268],"_shiftlockState":true,"_pose":"FreeFall","_animationQueue":[],"_animationSpeed":1,"_zoom":9.6},{"_mousePosition":[683,384],"_rootPartCFrame":[767.776,226.828,42.384,-0.93,0,0.366,0,1,0,-0.366,0,-0.93],"_humanoidState":5,"_cameraCFrame":[766.64,237.589,39.407,-0.977,-0.207,0.059,0,0.276,0.961,-0.215,0.939,-0.27],"_shiftlockState":true,"_pose":"FreeFall","_animationQueue":[],"_animationSpeed":1,"_zoom":9.6},{"_mousePosition":[683,384],"_rootPartCFrame":[767.517,227.377,42.32,-0.939,0,0.343,0,1,0,-0.343,0,-0.939],"_humanoidState":5,"_cameraCFrame":[766.283,238.128,39.391,-0.983,-0.176,0.051,0,0.276,0.961,-0.183,0.945,-0.271],"_shiftlockState":true,"_pose":"FreeFall","_animationQueue":[],"_animationSpeed":1,"_zoom":9.6},{"_mousePosition":[683,384],"_rootPartCFrame":[767.257,227.872,42.261,-0.95,0,0.312,0,1,0,-0.312,0,-0.95],"_humanoidState":5,"_cameraCFrame":[765.93,238.618,39.382,-0.988,-0.146,0.042,0,0.275,0.961,-0.152,0.95,-0.272],"_shiftlockState":true,"_pose":"FreeFall","_animationQueue":[],"_animationSpeed":1,"_zoom":9.6},{"_mousePosition":[683,384],"_rootPartCFrame":[766.995,228.313,42.211,-0.959,0,0.282,0,1,0,-0.282,0,-0.959],"_humanoidState":5,"_cameraCFrame":[765.561,239.053,39.386,-0.993,-0.111,0.032,0,0.275,0.961,-0.115,0.955,-0.273],"_shiftlockState":true,"_pose":"FreeFall","_animationQueue":[],"_animationSpeed":1,"_zoom":9.6},{"_mousePosition":[683,384],"_rootPartCFrame":[766.732,228.699,42.169,-0.969,0,0.246,0,1,0,-0.246,0,-0.969],"_humanoidState":5,"_cameraCFrame":[765.207,239.434,39.386,-0.997,-0.079,0.023,0,0.276,0.961,-0.083,0.958,-0.275],"_shiftlockState":true,"_pose":"FreeFall","_animationQueue":[],"_animationSpeed":1,"_zoom":9.6},{"_mousePosition":[683,384],"_rootPartCFrame":[766.467,229.031,42.137,-0.977,0,0.214,0,1,0,-0.214,0,-0.977],"_humanoidState":5,"_cameraCFrame":[764.83,239.759,39.404,-0.999,-0.04,0.012,0,0.277,0.961,-0.042,0.96,-0.277],"_shiftlockState":true,"_pose":"FreeFall","_animationQueue":[],"_animationSpeed":1,"_zoom":9.6},{"_mousePosition":[683,384],"_rootPartCFrame":[766.202,229.308,42.114,-0.985,0,0.174,0,1,0,-0.174,0,-0.985],"_humanoidState":5,"_cameraCFrame":[764.46,240.03,39.431,-1,-0.003,0.001,0,0.279,0.96,-0.003,0.96,-0.279],"_shiftlockState":true,"_pose":"FreeFall","_animationQueue":[],"_animationSpeed":1,"_zoom":9.6},{"_mousePosition":[683,384],"_rootPartCFrame":[765.935,229.53,42.101,-0.991,0,0.136,0,1,0,-0.136,0,-0.991],"_humanoidState":5,"_cameraCFrame":[764.099,240.245,39.46,-0.999,0.031,-0.009,0,0.281,0.96,0.032,0.959,-0.281],"_shiftlockState":true,"_pose":"FreeFall","_animationQueue":[],"_animationSpeed":1,"_zoom":9.6},{"_mousePosition":[683,384],"_rootPartCFrame":[765.669,229.698,42.098,-0.995,0,0.101,0,1,0,-0.101,0,-0.995],"_humanoidState":5,"_cameraCFrame":[763.752,240.408,39.5,-0.998,0.06,-0.018,0,0.283,0.959,0.063,0.957,-0.282],"_shiftlockState":true,"_pose":"FreeFall","_animationQueue":[],"_animationSpeed":1,"_zoom":9.6},{"_mousePosition":[683,384],"_rootPartCFrame":[765.402,229.812,42.106,-0.998,0,0.07,0,1,0,-0.07,0,-0.998],"_humanoidState":5,"_cameraCFrame":[763.41,240.512,39.533,-0.996,0.087,-0.026,0,0.286,0.958,0.091,0.954,-0.285],"_shiftlockState":true,"_pose":"FreeFall","_animationQueue":[],"_animationSpeed":1,"_zoom":9.6},{"_mousePosition":[683,384],"_rootPartCFrame":[765.136,229.871,42.121,-0.999,0,0.042,0,1,0,-0.042,0,-0.999],"_humanoidState":5,"_cameraCFrame":[763.075,240.566,39.587,-0.993,0.112,-0.034,0,0.287,0.958,0.117,0.951,-0.285],"_shiftlockState":true,"_pose":"FreeFall","_animationQueue":[],"_animationSpeed":1,"_zoom":9.6},{"_mousePosition":[683,384],"_rootPartCFrame":[764.87,229.875,42.144,-1,0,0.016,0,1,0,-0.016,0,-1],"_humanoidState":5,"_cameraCFrame":[762.714,240.562,39.658,-0.988,0.147,-0.045,0,0.29,0.957,0.153,0.946,-0.287],"_shiftlockState":true,"_pose":"FreeFall","_animationQueue":[],"_animationSpeed":1,"_zoom":9.6},{"_mousePosition":[683,384],"_rootPartCFrame":[764.605,229.825,42.174,-1,0,-0.021,0,1,0,0.021,0,-1],"_humanoidState":5,"_cameraCFrame":[762.339,240.5,39.745,-0.981,0.186,-0.057,0,0.294,0.956,0.195,0.937,-0.289],"_shiftlockState":true,"_pose":"FreeFall","_animationQueue":[],"_animationSpeed":1,"_zoom":9.6},{"_mousePosition":[683,384],"_rootPartCFrame":[764.342,229.721,42.214,-0.998,0,-0.062,0,1,0,0.062,0,-0.998],"_humanoidState":5,"_cameraCFrame":[761.96,240.384,39.853,-0.971,0.228,-0.071,0,0.298,0.955,0.238,0.927,-0.289],"_shiftlockState":true,"_pose":"FreeFall","_animationQueue":[["fall",0.3]],"_animationSpeed":1,"_zoom":9.6},{"_mousePosition":[683,384],"_rootPartCFrame":[764.08,229.562,42.264,-0.994,0,-0.107,0,1,0,0.107,0,-0.994],"_humanoidState":5,"_cameraCFrame":[761.586,240.214,39.974,-0.96,0.268,-0.085,0,0.302,0.953,0.281,0.915,-0.29],"_shiftlockState":true,"_pose":"FreeFall","_animationQueue":[],"_animationSpeed":1,"_zoom":9.6},{"_mousePosition":[683,384],"_rootPartCFrame":[763.82,229.348,42.326,-0.989,0,-0.151,0,1,0,0.151,0,-0.989],"_humanoidState":5,"_cameraCFrame":[761.184,239.986,40.142,-0.942,0.32,-0.103,0,0.306,0.952,0.336,0.897,-0.289],"_shiftlockState":true,"_pose":"FreeFall","_animationQueue":[],"_animationSpeed":1,"_zoom":9.6},{"_mousePosition":[683,384],"_rootPartCFrame":[763.564,229.08,42.399,-0.978,0,-0.208,0,1,0,0.208,0,-0.978],"_humanoidState":5,"_cameraCFrame":[760.781,239.706,40.351,-0.919,0.375,-0.122,0,0.31,0.951,0.394,0.874,-0.285],"_shiftlockState":true,"_pose":"FreeFall","_animationQueue":[],"_animationSpeed":1,"_zoom":9.6},{"_mousePosition":[683,384],"_rootPartCFrame":[763.324,228.758,42.493,-0.959,0,-0.282,0,1,0,0.282,0,-0.959],"_humanoidState":5,"_cameraCFrame":[760.433,239.369,40.532,-0.9,0.413,-0.137,0,0.315,0.949,0.435,0.855,-0.284],"_shiftlockState":true,"_pose":"FreeFall","_animationQueue":[],"_animationSpeed":1,"_zoom":9.6},{"_mousePosition":[683,384],"_rootPartCFrame":[763.111,228.381,42.616,-0.943,0,-0.332,0,1,0,0.332,0,-0.943],"_humanoidState":5,"_cameraCFrame":[760.102,238.973,40.742,-0.879,0.452,-0.153,0,0.321,0.947,0.477,0.832,-0.282],"_shiftlockState":true,"_pose":"FreeFall","_animationQueue":[],"_animationSpeed":1,"_zoom":9.6},{"_mousePosition":[683,384],"_rootPartCFrame":[762.925,227.949,42.768,-0.926,0,-0.377,0,1,0,0.377,0,-0.926],"_humanoidState":5,"_cameraCFrame":[759.805,238.518,40.969,-0.858,0.486,-0.169,0,0.328,0.945,0.514,0.81,-0.281],"_shiftlockState":true,"_pose":"FreeFall","_animationQueue":[],"_animationSpeed":1,"_zoom":9.6},{"_mousePosition":[683,384],"_rootPartCFrame":[762.768,227.463,42.947,-0.909,0,-0.417,0,1,0,0.417,0,-0.909],"_humanoidState":5,"_cameraCFrame":[759.545,238.012,41.228,-0.836,0.517,-0.183,0,0.334,0.943,0.549,0.788,-0.279],"_shiftlockState":true,"_pose":"FreeFall","_animationQueue":[["fall",0.3]],"_animationSpeed":1,"_zoom":9.6},{"_mousePosition":[683,384],"_rootPartCFrame":[762.64,226.923,43.153,-0.891,0,-0.454,0,1,0,0.454,0,-0.891],"_humanoidState":5,"_cameraCFrame":[759.289,237.443,41.53,-0.808,0.554,-0.202,0,0.342,0.94,0.589,0.759,-0.277],"_shiftlockState":true,"_pose":"FreeFall","_animationQueue":[],"_animationSpeed":1,"_zoom":9.6},{"_mousePosition":[683,384],"_rootPartCFrame":[762.544,226.328,43.383,-0.868,0,-0.496,0,1,0,0.496,0,-0.868],"_humanoidState":5,"_cameraCFrame":[759.071,236.821,41.87,-0.778,0.589,-0.22,0,0.35,0.937,0.628,0.729,-0.272],"_shiftlockState":true,"_pose":"FreeFall","_animationQueue":[],"_animationSpeed":1,"_zoom":9.6},{"_mousePosition":[683,384],"_rootPartCFrame":[762.481,225.678,43.634,-0.843,0,-0.538,0,1,0,0.538,0,-0.843],"_humanoidState":5,"_cameraCFrame":[758.884,236.141,42.238,-0.745,0.623,-0.239,0,0.358,0.934,0.667,0.696,-0.267],"_shiftlockState":true,"_pose":"FreeFall","_animationQueue":[],"_animationSpeed":1,"_zoom":9.6},{"_mousePosition":[683,384],"_rootPartCFrame":[762.448,224.974,43.898,-0.815,0,-0.58,0,1,0,0.58,0,-0.815],"_humanoidState":5,"_cameraCFrame":[758.778,235.421,42.588,-0.723,0.644,-0.25,0,0.363,0.932,0.691,0.674,-0.262],"_shiftlockState":true,"_pose":"FreeFall","_animationQueue":[],"_animationSpeed":1,"_zoom":9.6},{"_mousePosition":[683,384],"_rootPartCFrame":[762.431,224.216,44.164,-0.795,0,-0.607,0,1,0,0.607,0,-0.795],"_humanoidState":5,"_cameraCFrame":[758.688,234.639,42.906,-0.706,0.659,-0.261,0,0.369,0.93,0.709,0.656,-0.26],"_shiftlockState":true,"_pose":"FreeFall","_animationQueue":[],"_animationSpeed":1,"_zoom":9.6},{"_mousePosition":[683,384],"_rootPartCFrame":[762.424,223.403,44.431,-0.778,0,-0.628,0,1,0,0.628,0,-0.778],"_humanoidState":5,"_cameraCFrame":[758.653,233.815,43.176,-0.701,0.662,-0.265,0,0.372,0.928,0.713,0.651,-0.261],"_shiftlockState":true,"_pose":"FreeFall","_animationQueue":[["fall",0.3]],"_animationSpeed":1,"_zoom":9.6},{"_mousePosition":[683,384],"_rootPartCFrame":[762.423,222.535,44.697,-0.773,0,-0.635,0,1,0,0.635,0,-0.773],"_humanoidState":5,"_cameraCFrame":[758.634,232.936,43.415,-0.703,0.66,-0.267,0,0.375,0.927,0.712,0.651,-0.263],"_shiftlockState":true,"_pose":"FreeFall","_animationQueue":[],"_animationSpeed":1,"_zoom":9.6},{"_mousePosition":[683,384],"_rootPartCFrame":[762.425,221.613,44.964,-0.773,0,-0.634,0,1,0,0.634,0,-0.773],"_humanoidState":5,"_cameraCFrame":[758.606,231.982,43.554,-0.716,0.645,-0.267,0,0.383,0.924,0.698,0.661,-0.274],"_shiftlockState":true,"_pose":"FreeFall","_animationQueue":[],"_animationSpeed":1,"_zoom":9.6},{"_mousePosition":[683,384],"_rootPartCFrame":[762.427,220.637,45.23,-0.784,0,-0.621,0,1,0,0.621,0,-0.784],"_humanoidState":5,"_cameraCFrame":[758.636,230.975,43.577,-0.75,0.609,-0.258,0,0.39,0.921,0.661,0.691,-0.293],"_shiftlockState":true,"_pose":"FreeFall","_animationQueue":[],"_animationSpeed":1,"_zoom":9.6},{"_mousePosition":[683,384],"_rootPartCFrame":[762.321,220.671,45.322,-0.799,-0.011,-0.601,0.004,1,-0.023,0.601,-0.02,-0.799],"_humanoidState":12,"_cameraCFrame":[758.63,230.991,43.311,-0.8,0.552,-0.237,0,0.395,0.919,0.6,0.735,-0.316],"_shiftlockState":true,"_pose":"Climbing","_animationQueue":[["walk",0.1],["fall",0.3],["climb",0.1],["climb",0]],"_animationSpeed":-4.985,"_zoom":9.6},{"_mousePosition":[683,384],"_rootPartCFrame":[761.896,221.365,44.965,-0.817,-0.007,-0.577,0.002,1,-0.014,0.577,-0.013,-0.817],"_humanoidState":3,"_cameraCFrame":[758.438,231.663,42.514,-0.863,0.462,-0.202,0,0.4,0.917,0.504,0.791,-0.345],"_shiftlockState":true,"_pose":"Jumping","_animationQueue":[["climb",0.1],["jump",0.1]],"_animationSpeed":1,"_zoom":9.6},{"_mousePosition":[683,384],"_rootPartCFrame":[761.483,222.004,44.629,-0.897,-0.002,-0.442,0,1,-0.005,0.442,-0.005,-0.897],"_humanoidState":5,"_cameraCFrame":[758.375,232.287,41.718,-0.923,0.352,-0.155,0,0.404,0.915,0.385,0.845,-0.373],"_shiftlockState":true,"_pose":"FreeFall","_animationQueue":[["jump",0.1]],"_animationSpeed":1,"_zoom":9.6},{"_mousePosition":[683,384],"_rootPartCFrame":[761.087,222.589,44.328,-0.962,0,-0.274,0,1,-0.001,0.274,-0.001,-0.962],"_humanoidState":5,"_cameraCFrame":[758.359,232.859,41.032,-0.964,0.244,-0.109,0,0.407,0.914,0.267,0.88,-0.392],"_shiftlockState":true,"_pose":"FreeFall","_animationQueue":[],"_animationSpeed":1,"_zoom":9.6},{"_mousePosition":[683,384],"_rootPartCFrame":[760.705,223.119,44.064,-0.99,0,-0.138,0,1,0,0.138,0,-0.99],"_humanoidState":5,"_cameraCFrame":[758.365,233.386,40.475,-0.988,0.143,-0.064,0,0.407,0.913,0.156,0.902,-0.402],"_shiftlockState":true,"_pose":"FreeFall","_animationQueue":[],"_animationSpeed":1,"_zoom":9.6},{"_mousePosition":[683,384],"_rootPartCFrame":[760.336,223.595,43.836,-1,0,-0.024,0,1,0,0.024,0,-1],"_humanoidState":5,"_cameraCFrame":[758.357,233.868,40.051,-0.998,0.054,-0.024,0,0.406,0.914,0.06,0.912,-0.405],"_shiftlockState":true,"_pose":"FreeFall","_animationQueue":[],"_animationSpeed":1,"_zoom":9.6},{"_mousePosition":[683,384],"_rootPartCFrame":[759.981,224.016,43.645,-0.997,0,0.074,0,1,0,-0.074,0,-0.997],"_humanoidState":5,"_cameraCFrame":[758.273,234.289,39.731,-1,-0.01,0.004,0,0.406,0.914,-0.011,0.914,-0.406],"_shiftlockState":true,"_pose":"FreeFall","_animationQueue":[],"_animationSpeed":1,"_zoom":9.6},{"_mousePosition":[683,384],"_rootPartCFrame":[759.642,224.383,43.491,-0.99,0,0.143,0,1,0,-0.143,0,-0.99],"_humanoidState":5,"_cameraCFrame":[758.138,234.647,39.473,-0.998,-0.056,0.025,0,0.408,0.913,-0.062,0.911,-0.407],"_shiftlockState":true,"_pose":"FreeFall","_animationQueue":[],"_animationSpeed":1,"_zoom":9.6},{"_mousePosition":[683,384],"_rootPartCFrame":[759.32,224.695,43.373,-0.981,0,0.194,0,1,0,-0.194,0,-0.981],"_humanoidState":5,"_cameraCFrame":[757.904,234.956,39.316,-0.996,-0.076,0.034,0,0.409,0.913,-0.084,0.909,-0.407],"_shiftlockState":true,"_pose":"FreeFall","_animationQueue":[],"_animationSpeed":1,"_zoom":9.6},{"_mousePosition":[683,384],"_rootPartCFrame":[759.016,224.952,43.29,-0.977,0,0.215,0,1,0,-0.215,0,-0.977],"_humanoidState":5,"_cameraCFrame":[757.613,235.213,39.228,-0.996,-0.079,0.036,0,0.409,0.913,-0.087,0.909,-0.407],"_shiftlockState":true,"_pose":"FreeFall","_animationQueue":[],"_animationSpeed":1,"_zoom":9.6},{"_mousePosition":[683,384],"_rootPartCFrame":[758.733,225.156,43.241,-0.976,0,0.218,0,1,0,-0.218,0,-0.976],"_humanoidState":5,"_cameraCFrame":[757.331,235.417,39.179,-0.996,-0.079,0.036,0,0.409,0.913,-0.087,0.909,-0.407],"_shiftlockState":true,"_pose":"FreeFall","_animationQueue":[],"_animationSpeed":1,"_zoom":9.6},{"_mousePosition":[683,384],"_rootPartCFrame":[758.466,225.304,43.216,-0.976,0,0.218,0,1,0,-0.218,0,-0.976],"_humanoidState":5,"_cameraCFrame":[757.051,235.562,39.151,-0.996,-0.076,0.034,0,0.41,0.912,-0.084,0.909,-0.408],"_shiftlockState":true,"_pose":"FreeFall","_animationQueue":[],"_animationSpeed":1,"_zoom":9.6},{"_mousePosition":[683,384],"_rootPartCFrame":[758.2,225.399,43.193,-0.977,0,0.215,0,1,0,-0.215,0,-0.977],"_humanoidState":5,"_cameraCFrame":[756.781,235.656,39.13,-0.997,-0.075,0.034,0,0.41,0.912,-0.083,0.909,-0.408],"_shiftlockState":true,"_pose":"FreeFall","_animationQueue":[],"_animationSpeed":1,"_zoom":9.6},{"_mousePosition":[683,384],"_rootPartCFrame":[757.935,225.438,43.17,-0.977,0,0.214,0,1,0,-0.214,0,-0.977],"_humanoidState":5,"_cameraCFrame":[756.516,235.696,39.107,-0.997,-0.075,0.034,0,0.41,0.912,-0.083,0.909,-0.408],"_shiftlockState":true,"_pose":"FreeFall","_animationQueue":[],"_animationSpeed":1,"_zoom":9.6},{"_mousePosition":[683,384],"_rootPartCFrame":[757.677,225.424,43.171,-0.981,0,0.195,0,1,0,-0.195,0,-0.981],"_humanoidState":5,"_cameraCFrame":[756.258,235.681,39.108,-0.997,-0.075,0.034,0,0.41,0.912,-0.083,0.909,-0.408],"_shiftlockState":true,"_pose":"FreeFall","_animationQueue":[],"_animationSpeed":1,"_zoom":9.6},{"_mousePosition":[683,384],"_rootPartCFrame":[757.43,225.354,43.211,-0.982,0,0.187,0,1,0,-0.187,0,-0.982],"_humanoidState":5,"_cameraCFrame":[756.011,235.612,39.148,-0.997,-0.075,0.034,0,0.41,0.912,-0.083,0.909,-0.408],"_shiftlockState":true,"_pose":"FreeFall","_animationQueue":[],"_animationSpeed":1,"_zoom":9.6},{"_mousePosition":[683,384],"_rootPartCFrame":[757.196,225.23,43.288,-0.982,0,0.186,0,1,0,-0.186,0,-0.982],"_humanoidState":5,"_cameraCFrame":[755.773,235.488,39.226,-0.997,-0.074,0.033,0,0.41,0.912,-0.082,0.909,-0.408],"_shiftlockState":true,"_pose":"FreeFall","_animationQueue":[],"_animationSpeed":1,"_zoom":9.6},{"_mousePosition":[683,384],"_rootPartCFrame":[756.975,225.052,43.402,-0.983,0,0.185,0,1,0,-0.185,0,-0.983],"_humanoidState":5,"_cameraCFrame":[755.547,235.31,39.342,-0.997,-0.074,0.033,0,0.41,0.912,-0.081,0.909,-0.408],"_shiftlockState":true,"_pose":"FreeFall","_animationQueue":[["fall",0.3]],"_animationSpeed":1,"_zoom":9.6},{"_mousePosition":[683,384],"_rootPartCFrame":[756.765,224.819,43.555,-0.983,0,0.184,0,1,0,-0.184,0,-0.983],"_humanoidState":5,"_cameraCFrame":[755.333,235.077,39.496,-0.997,-0.073,0.033,0,0.41,0.912,-0.08,0.909,-0.408],"_shiftlockState":true,"_pose":"FreeFall","_animationQueue":[],"_animationSpeed":1,"_zoom":9.6},{"_mousePosition":[683,384],"_rootPartCFrame":[756.561,224.532,43.727,-0.983,0,0.183,0,1,0,-0.183,0,-0.983],"_humanoidState":5,"_cameraCFrame":[755.125,234.79,39.67,-0.997,-0.072,0.032,0,0.41,0.912,-0.078,0.909,-0.408],"_shiftlockState":true,"_pose":"FreeFall","_animationQueue":[],"_animationSpeed":1,"_zoom":9.6},{"_mousePosition":[683,384],"_rootPartCFrame":[756.358,224.19,43.9,-0.983,0,0.182,0,1,0,-0.182,0,-0.983],"_humanoidState":5,"_cameraCFrame":[754.901,234.448,39.85,-0.997,-0.067,0.03,0,0.41,0.912,-0.073,0.91,-0.408],"_shiftlockState":true,"_pose":"FreeFall","_animationQueue":[],"_animationSpeed":1,"_zoom":9.6},{"_mousePosition":[683,384],"_rootPartCFrame":[756.156,223.794,44.073,-0.984,0,0.178,0,1,0,-0.178,0,-0.984],"_humanoidState":5,"_cameraCFrame":[754.664,234.052,40.036,-0.998,-0.059,0.027,0,0.41,0.912,-0.065,0.91,-0.409],"_shiftlockState":true,"_pose":"FreeFall","_animationQueue":[],"_animationSpeed":1,"_zoom":9.6},{"_mousePosition":[683,384],"_rootPartCFrame":[755.954,223.343,44.247,-0.985,0,0.17,0,1,0,-0.17,0,-0.985],"_humanoidState":5,"_cameraCFrame":[754.408,233.595,40.216,-0.999,-0.047,0.021,0,0.411,0.912,-0.051,0.91,-0.41],"_shiftlockState":true,"_pose":"FreeFall","_animationQueue":[],"_animationSpeed":1,"_zoom":9.6},{"_mousePosition":[683,384],"_rootPartCFrame":[755.753,222.838,44.423,-0.988,0,0.157,0,1,0,-0.157,0,-0.988],"_humanoidState":5,"_cameraCFrame":[754.137,233.077,40.392,-0.999,-0.031,0.014,0,0.414,0.91,-0.034,0.91,-0.414],"_shiftlockState":true,"_pose":"FreeFall","_animationQueue":[],"_animationSpeed":1,"_zoom":9.6},{"_mousePosition":[683,384],"_rootPartCFrame":[755.555,222.278,44.601,-0.99,0,0.14,0,1,0,-0.14,0,-0.99],"_humanoidState":5,"_cameraCFrame":[753.868,232.501,40.565,-1,-0.014,0.007,0,0.418,0.909,-0.016,0.909,-0.418],"_shiftlockState":true,"_pose":"FreeFall","_animationQueue":[["fall",0.3]],"_animationSpeed":1,"_zoom":9.6},{"_mousePosition":[683,384],"_rootPartCFrame":[755.408,221.823,44.737,-0.995,0,0.096,0,1,0,-0.096,0,-0.995],"_humanoidState":5,"_cameraCFrame":[753.612,232.022,40.699,-1,0.01,-0.005,0,0.423,0.906,0.011,0.906,-0.423],"_shiftlockState":true,"_pose":"FreeFall","_animationQueue":[],"_animationSpeed":1,"_zoom":9.6},{"_mousePosition":[683,384],"_rootPartCFrame":[755.168,220.995,44.968,-0.992,0,0.123,0,1,0,-0.123,0,-0.992],"_humanoidState":5,"_cameraCFrame":[753.26,231.165,40.918,-0.999,0.035,-0.017,0,0.429,0.903,0.039,0.902,-0.429],"_shiftlockState":true,"_pose":"FreeFall","_animationQueue":[],"_animationSpeed":1,"_zoom":9.6},{"_mousePosition":[683,384],"_rootPartCFrame":[754.994,221.053,45.137,-1,0,-0.005,0,1,0,0.005,0,-1],"_humanoidState":12,"_cameraCFrame":[752.973,231.2,41.091,-0.998,0.059,-0.029,0,0.434,0.901,0.066,0.899,-0.433],"_shiftlockState":true,"_pose":"Climbing","_animationQueue":[["walk",0.1],["fall",0.3],["climb",0.1],["climb",0]],"_animationSpeed":-3.446,"_zoom":9.6},{"_mousePosition":[683,384],"_rootPartCFrame":[754.849,221.237,45.277,-0.998,0,-0.062,0,1,0,0.062,0,-0.998],"_humanoidState":12,"_cameraCFrame":[752.728,231.367,41.246,-0.996,0.081,-0.039,0,0.438,0.899,0.09,0.895,-0.436],"_shiftlockState":true,"_pose":"Climbing","_animationQueue":[["climb",0.1]],"_animationSpeed":0.847,"_zoom":9.6},{"_mousePosition":[683,384],"_rootPartCFrame":[754.735,221.416,45.359,-0.997,-0.001,-0.079,-0.001,1,0,0.079,0,-0.997],"_humanoidState":12,"_cameraCFrame":[752.529,231.532,41.343,-0.994,0.098,-0.048,0,0.441,0.898,0.11,0.892,-0.438],"_shiftlockState":true,"_pose":"Climbing","_animationQueue":[["climb",0.1]],"_animationSpeed":0.932,"_zoom":9.6},{"_mousePosition":[683,384],"_rootPartCFrame":[754.662,221.598,45.34,-0.995,-0.001,-0.096,-0.001,1,0,0.096,0,-0.995],"_humanoidState":12,"_cameraCFrame":[752.388,231.707,41.349,-0.992,0.113,-0.056,0,0.442,0.897,0.126,0.89,-0.439],"_shiftlockState":true,"_pose":"Climbing","_animationQueue":[["climb",0.1]],"_animationSpeed":0.776,"_zoom":9.6},{"_mousePosition":[683,384],"_rootPartCFrame":[754.633,221.738,45.333,-0.992,0,-0.125,0,1,0,0.125,0,-0.992],"_humanoidState":12,"_cameraCFrame":[752.247,231.83,41.37,-0.988,0.137,-0.068,0,0.446,0.895,0.153,0.884,-0.441],"_shiftlockState":true,"_pose":"Climbing","_animationQueue":[["climb",0.1],["climb",0]],"_animationSpeed":0.93,"_zoom":9.6},{"_mousePosition":[683,384],"_rootPartCFrame":[754.624,221.971,45.331,-0.988,0,-0.153,0,1,0,0.153,0,-0.988],"_humanoidState":12,"_cameraCFrame":[752.117,232.046,41.406,-0.983,0.163,-0.082,0,0.45,0.893,0.182,0.878,-0.442],"_shiftlockState":true,"_pose":"Climbing","_animationQueue":[],"_animationSpeed":0.93,"_zoom":9.6},{"_mousePosition":[683,384],"_rootPartCFrame":[754.624,222.158,45.331,-0.983,0,-0.182,0,1,0,0.182,0,-0.983],"_humanoidState":12,"_cameraCFrame":[751.95,232.212,41.471,-0.975,0.198,-0.101,0,0.454,0.891,0.222,0.869,-0.443],"_shiftlockState":true,"_pose":"Climbing","_animationQueue":[],"_animationSpeed":0.93,"_zoom":9.6},{"_mousePosition":[683,384],"_rootPartCFrame":[754.624,222.344,45.331,-0.975,0,-0.222,0,1,0,0.222,0,-0.975],"_humanoidState":12,"_cameraCFrame":[751.737,232.37,41.563,-0.962,0.242,-0.125,0,0.46,0.888,0.273,0.854,-0.442],"_shiftlockState":true,"_pose":"Climbing","_animationQueue":[],"_animationSpeed":0.93,"_zoom":9.6},{"_mousePosition":[683,384],"_rootPartCFrame":[754.624,222.531,45.331,-0.962,0,-0.273,0,1,0,0.273,0,-0.962],"_humanoidState":12,"_cameraCFrame":[751.489,232.524,41.69,-0.943,0.294,-0.155,0,0.466,0.885,0.332,0.835,-0.44],"_shiftlockState":true,"_pose":"Climbing","_animationQueue":[],"_animationSpeed":0.93,"_zoom":9.6},{"_mousePosition":[683,384],"_rootPartCFrame":[754.62,222.718,45.319,-0.943,0,-0.332,0,1,0,0.332,0,-0.943],"_humanoidState":12,"_cameraCFrame":[751.221,232.675,41.834,-0.919,0.347,-0.187,0,0.473,0.881,0.394,0.81,-0.435],"_shiftlockState":true,"_pose":"Climbing","_animationQueue":[],"_animationSpeed":0.93,"_zoom":9.6},{"_mousePosition":[683,384],"_rootPartCFrame":[754.61,222.904,45.295,-0.919,0,-0.394,0,1,0,0.394,0,-0.919],"_humanoidState":12,"_cameraCFrame":[750.809,232.802,42.094,-0.872,0.428,-0.237,0,0.485,0.875,0.489,0.763,-0.423],"_shiftlockState":true,"_pose":"Climbing","_animationQueue":[],"_animationSpeed":0.93,"_zoom":9.6},{"_mousePosition":[683,384],"_rootPartCFrame":[754.588,223.091,45.256,-0.873,0,-0.488,0,1,0,0.488,0,-0.873],"_humanoidState":12,"_cameraCFrame":[750.476,232.932,42.3,-0.828,0.487,-0.277,0,0.495,0.869,0.56,0.72,-0.41],"_shiftlockState":true,"_pose":"Climbing","_animationQueue":[],"_animationSpeed":0.93,"_zoom":9.6},{"_mousePosition":[683,384],"_rootPartCFrame":[754.566,223.278,45.224,-0.829,0,-0.559,0,1,0,0.559,0,-0.829],"_humanoidState":12,"_cameraCFrame":[750.118,233.053,42.585,-0.771,0.549,-0.323,0,0.507,0.862,0.637,0.665,-0.391],"_shiftlockState":true,"_pose":"Climbing","_animationQueue":[],"_animationSpeed":0.93,"_zoom":9.6},{"_mousePosition":[683,384],"_rootPartCFrame":[754.535,223.464,45.186,-0.772,0,-0.635,0,1,0,0.635,0,-0.772],"_humanoidState":12,"_cameraCFrame":[749.768,233.164,42.893,-0.707,0.604,-0.368,0,0.52,0.854,0.707,0.604,-0.368],"_shiftlockState":true,"_pose":"Climbing","_animationQueue":[],"_animationSpeed":0.93,"_zoom":9.6},{"_mousePosition":[683,384],"_rootPartCFrame":[754.498,223.651,45.149,-0.708,0,-0.706,0,1,0,0.706,0,-0.708],"_humanoidState":12,"_cameraCFrame":[749.384,233.252,43.294,-0.625,0.659,-0.419,0,0.537,0.844,0.78,0.528,-0.335],"_shiftlockState":true,"_pose":"Climbing","_animationQueue":[],"_animationSpeed":0.93,"_zoom":9.6},{"_mousePosition":[683,384],"_rootPartCFrame":[754.433,223.803,45.128,-0.623,0,-0.782,0,1,0,0.782,0,-0.623],"_humanoidState":8,"_cameraCFrame":[748.994,233.295,43.795,-0.53,0.706,-0.47,0,0.554,0.832,0.848,0.441,-0.293],"_shiftlockState":true,"_pose":"Standing","_animationQueue":[["climb",0.1],["idle",0.1],["idle",0.1]],"_animationSpeed":1,"_zoom":9.6},{"_mousePosition":[683,384],"_rootPartCFrame":[754.344,223.901,45.147,-0.605,0,-0.796,0,1,0,0.796,0,-0.605],"_humanoidState":5,"_cameraCFrame":[748.637,233.284,44.427,-0.421,0.745,-0.518,0,0.571,0.821,0.907,0.346,-0.24],"_shiftlockState":true,"_pose":"FreeFall","_animationQueue":[["walk",0.1],["fall",0.3]],"_animationSpeed":1,"_zoom":9.6},{"_mousePosition":[683,384],"_rootPartCFrame":[754.209,223.947,45.23,-0.563,0,-0.826,0,1,0,0.826,0,-0.563],"_humanoidState":5,"_cameraCFrame":[748.436,233.299,44.739,-0.382,0.756,-0.532,0,0.575,0.818,0.924,0.312,-0.22],"_shiftlockState":true,"_pose":"FreeFall","_animationQueue":[],"_animationSpeed":1,"_zoom":9.6},{"_mousePosition":[683,384],"_rootPartCFrame":[754.134,223.934,45.316,-0.472,0,-0.881,0,1,0,0.881,0,-0.472],"_humanoidState":5,"_cameraCFrame":[748.283,233.24,45.119,-0.331,0.767,-0.549,0,0.582,0.813,0.944,0.269,-0.193],"_shiftlockState":true,"_pose":"FreeFall","_animationQueue":[],"_animationSpeed":1,"_zoom":9.6},{"_mousePosition":[683,384],"_rootPartCFrame":[754.037,223.868,45.469,-0.454,0,-0.891,0,1,0,0.891,0,-0.454],"_humanoidState":5,"_cameraCFrame":[748.106,233.116,45.593,-0.275,0.776,-0.568,0,0.59,0.807,0.961,0.222,-0.162],"_shiftlockState":true,"_pose":"FreeFall","_animationQueue":[],"_animationSpeed":1,"_zoom":9.6},{"_mousePosition":[683,384],"_rootPartCFrame":[753.948,223.748,45.665,-0.4,0,-0.916,0,1,0,0.916,0,-0.4],"_humanoidState":5,"_cameraCFrame":[747.955,232.936,46.112,-0.219,0.781,-0.584,0,0.599,0.801,0.976,0.176,-0.131],"_shiftlockState":true,"_pose":"FreeFall","_animationQueue":[],"_animationSpeed":1,"_zoom":9.6},{"_mousePosition":[683,384],"_rootPartCFrame":[753.869,223.886,45.853,-0.259,0,-0.966,0,1,0,0.966,0,-0.259],"_humanoidState":12,"_cameraCFrame":[747.839,233.023,46.589,-0.17,0.784,-0.597,0,0.606,0.795,0.985,0.135,-0.103],"_shiftlockState":true,"_pose":"Climbing","_animationQueue":[["walk",0.1],["fall",0.3],["climb",0.1],["climb",0]],"_animationSpeed":-0.703,"_zoom":9.6},{"_mousePosition":[683,384],"_rootPartCFrame":[753.805,224.072,46.004,-0.175,0,-0.985,0,1,0,0.985,0,-0.175],"_humanoidState":12,"_cameraCFrame":[747.781,233.195,46.915,-0.141,0.786,-0.602,0,0.608,0.794,0.99,0.112,-0.086],"_shiftlockState":true,"_pose":"Climbing","_animationQueue":[["climb",0.1],["climb",0]],"_animationSpeed":0.901,"_zoom":9.6},{"_mousePosition":[683,384],"_rootPartCFrame":[753.747,224.305,46.142,-0.142,0,-0.99,0,1,0,0.99,0,-0.142],"_humanoidState":12,"_cameraCFrame":[747.725,233.423,47.108,-0.132,0.787,-0.603,0,0.609,0.794,0.991,0.104,-0.08],"_shiftlockState":true,"_pose":"Climbing","_animationQueue":[],"_animationSpeed":0.901,"_zoom":9.6},{"_mousePosition":[683,384],"_rootPartCFrame":[753.723,224.445,46.197,-0.132,0,-0.991,0,1,0,0.991,0,-0.132],"_humanoidState":12,"_cameraCFrame":[747.694,233.549,47.224,-0.121,0.786,-0.606,0,0.61,0.792,0.993,0.096,-0.074],"_shiftlockState":true,"_pose":"Climbing","_animationQueue":[],"_animationSpeed":0.901,"_zoom":9.6},{"_mousePosition":[683,384],"_rootPartCFrame":[753.706,224.632,46.239,-0.121,0,-0.993,0,1,0,0.993,0,-0.121],"_humanoidState":12,"_cameraCFrame":[747.86,233.717,45.562,-0.115,0.785,-0.609,0,0.613,0.79,0.993,0.091,-0.07],"_shiftlockState":false,"_pose":"Climbing","_animationQueue":[],"_animationSpeed":0.901,"_zoom":9.6},{"_mousePosition":[683,384],"_rootPartCFrame":[753.702,224.819,46.247,-0.121,0,-0.993,0,1,0,0.993,0,-0.121],"_humanoidState":12,"_cameraCFrame":[747.857,233.903,45.571,-0.115,0.785,-0.609,0,0.613,0.79,0.993,0.091,-0.07],"_shiftlockState":false,"_pose":"Climbing","_animationQueue":[],"_animationSpeed":0.901,"_zoom":9.6},{"_mousePosition":[683,384],"_rootPartCFrame":[753.702,225.005,46.248,-0.121,0,-0.993,0,1,0,0.993,0,-0.121],"_humanoidState":12,"_cameraCFrame":[747.839,234.066,45.463,-0.133,0.781,-0.611,0,0.616,0.788,0.991,0.104,-0.082],"_shiftlockState":false,"_pose":"Climbing","_animationQueue":[],"_animationSpeed":0.901,"_zoom":9.6},{"_mousePosition":[683,384],"_rootPartCFrame":[753.702,225.192,46.248,-0.121,0,-0.993,0,1,0,0.993,0,-0.121],"_humanoidState":12,"_cameraCFrame":[747.847,234.205,45.054,-0.2,0.767,-0.61,0,0.623,0.783,0.98,0.156,-0.124],"_shiftlockState":false,"_pose":"Climbing","_animationQueue":[],"_animationSpeed":0.901,"_zoom":9.6},{"_mousePosition":[683,384],"_rootPartCFrame":[753.702,225.379,46.248,-0.121,0,-0.993,0,1,0,0.993,0,-0.121],"_humanoidState":12,"_cameraCFrame":[748.092,234.343,44.019,-0.369,0.723,-0.584,0,0.629,0.778,0.929,0.287,-0.232],"_shiftlockState":false,"_pose":"Climbing","_animationQueue":[],"_animationSpeed":0.901,"_zoom":9.6},{"_mousePosition":[683,384],"_rootPartCFrame":[753.702,225.565,46.248,-0.121,0,-0.993,0,1,0,0.993,0,-0.121],"_humanoidState":12,"_cameraCFrame":[748.933,234.51,42.508,-0.617,0.61,-0.497,0,0.631,0.776,0.787,0.479,-0.39],"_shiftlockState":false,"_pose":"Climbing","_animationQueue":[],"_animationSpeed":0.901,"_zoom":9.6},{"_mousePosition":[683,384],"_rootPartCFrame":[753.702,225.752,46.2