[{"_mousePosition":[1091,366],"_rootPartCFrame":[776.024,222.956,47.142,0.002,0.004,1,0,1,-0.004,-1,0,0.002],"_humanoidState":8,"_cameraCFrame":[776.597,232.094,42.974,-0.991,-0.118,0.065,0,0.482,0.876,-0.135,0.868,-0.478],"_shiftlockState":false,"_pose":"Standing","_animationQueue":[],"_animationSpeed":1,"_zoom":8.72},{"_mousePosition":[1072,382],"_rootPartCFrame":[775.907,222.896,47.126,0.012,0.002,1,0,1,-0.002,-1,0,0.012],"_humanoidState":8,"_cameraCFrame":[776.476,232.034,42.958,-0.991,-0.118,0.065,0,0.482,0.876,-0.135,0.868,-0.478],"_shiftlockState":false,"_pose":"Standing","_animationQueue":[],"_animationSpeed":1,"_zoom":8.72},{"_mousePosition":[1065,390],"_rootPartCFrame":[775.648,222.761,47.091,0.028,0,1,0,1,0,-1,0,0.028],"_humanoidState":8,"_cameraCFrame":[776.214,231.9,42.923,-0.991,-0.118,0.065,0,0.482,0.876,-0.135,0.868,-0.478],"_shiftlockState":false,"_pose":"Running","_animationQueue":[["walk",0.1]],"_animationSpeed":0.84,"_zoom":8.72},{"_mousePosition":[1063,393],"_rootPartCFrame":[775.252,222.653,47.037,0.05,0,0.999,0,1,0,-0.999,0,0.05],"_humanoidState":8,"_cameraCFrame":[775.818,231.792,42.869,-0.991,-0.118,0.065,0,0.482,0.876,-0.135,0.868,-0.478],"_shiftlockState":false,"_pose":"Running","_animationQueue":[["walk",0.1]],"_animationSpeed":1.097,"_zoom":8.72},{"_mousePosition":[1048,414],"_rootPartCFrame":[775.12,222.661,47.019,0.056,0,0.998,0,1,0,-0.998,0,0.056],"_humanoidState":8,"_cameraCFrame":[775.686,231.8,42.851,-0.991,-0.118,0.065,0,0.482,0.876,-0.135,0.868,-0.478],"_shiftlockState":false,"_pose":"Running","_animationQueue":[],"_animationSpeed":1.097,"_zoom":8.72},{"_mousePosition":[1047,418],"_rootPartCFrame":[774.723,222.683,46.965,0.072,0,0.997,0,1,0,-0.997,0,0.072],"_humanoidState":8,"_cameraCFrame":[775.29,231.821,42.797,-0.991,-0.118,0.065,0,0.482,0.876,-0.135,0.868,-0.478],"_shiftlockState":false,"_pose":"Running","_animationQueue":[],"_animationSpeed":1.097,"_zoom":8.72},{"_mousePosition":[1033,450],"_rootPartCFrame":[774.591,222.687,46.947,0.076,0,0.997,0,1,0,-0.997,0,0.076],"_humanoidState":8,"_cameraCFrame":[775.158,231.826,42.779,-0.991,-0.118,0.065,0,0.482,0.876,-0.135,0.868,-0.478],"_shiftlockState":false,"_pose":"Running","_animationQueue":[["walk",0.1]],"_animationSpeed":1.097,"_zoom":8.72},{"_mousePosition":[1032,454],"_rootPartCFrame":[774.327,222.693,46.911,0.084,0,0.996,0,1,0,-0.996,0,0.084],"_humanoidState":8,"_cameraCFrame":[774.894,231.831,42.743,-0.991,-0.118,0.065,0,0.482,0.876,-0.135,0.868,-0.478],"_shiftlockState":false,"_pose":"Running","_animationQueue":[],"_animationSpeed":1.097,"_zoom":8.72},{"_mousePosition":[1021,493],"_rootPartCFrame":[774.063,222.696,46.875,0.091,0,0.996,0,1,0,-0.996,0,0.091],"_humanoidState":8,"_cameraCFrame":[774.629,231.834,42.707,-0.991,-0.118,0.065,0,0.482,0.876,-0.135,0.868,-0.478],"_shiftlockState":false,"_pose":"Running","_animationQueue":[],"_animationSpeed":1.097,"_zoom":8.72},{"_mousePosition":[1019,500],"_rootPartCFrame":[773.666,222.698,46.821,0.1,0,0.995,0,1,0,-0.995,0,0.1],"_humanoidState":8,"_cameraCFrame":[774.233,231.837,42.653,-0.991,-0.118,0.065,0,0.482,0.876,-0.135,0.868,-0.478],"_shiftlockState":false,"_pose":"Running","_animationQueue":[],"_animationSpeed":1.097,"_zoom":8.72},{"_mousePosition":[1011,551],"_rootPartCFrame":[773.534,222.699,46.803,0.102,0,0.995,0,1,0,-0.995,0,0.102],"_humanoidState":8,"_cameraCFrame":[774.101,231.837,42.635,-0.991,-0.118,0.065,0,0.482,0.876,-0.135,0.868,-0.478],"_shiftlockState":false,"_pose":"Running","_animationQueue":[],"_animationSpeed":1.097,"_zoom":8.72},{"_mousePosition":[1010,556],"_rootPartCFrame":[773.138,222.699,46.749,0.109,0,0.994,0,1,0,-0.994,0,0.109],"_humanoidState":8,"_cameraCFrame":[771.97,231.838,42.346,-0.991,-0.118,0.065,0,0.482,0.876,-0.135,0.868,-0.478],"_shiftlockState":true,"_pose":"Running","_animationQueue":[],"_animationSpeed":1.097,"_zoom":8.72},{"_mousePosition":[683,384],"_rootPartCFrame":[772.939,222.699,46.723,-0.996,0,0.088,0,1,0,-0.088,0,-0.996],"_humanoidState":8,"_cameraCFrame":[771.772,231.838,42.319,-0.991,-0.118,0.065,0,0.482,0.876,-0.135,0.868,-0.478],"_shiftlockState":true,"_pose":"Running","_animationQueue":[["walk",0.1]],"_animationSpeed":1.097,"_zoom":8.72},{"_mousePosition":[683,384],"_rootPartCFrame":[772.675,222.7,46.687,-0.994,0,0.11,0,1,0,-0.11,0,-0.994],"_humanoidState":8,"_cameraCFrame":[771.43,231.976,42.554,-0.992,-0.111,0.056,0,0.452,0.892,-0.124,0.885,-0.449],"_shiftlockState":true,"_pose":"Running","_animationQueue":[],"_animationSpeed":1.097,"_zoom":8.72},{"_mousePosition":[683,384],"_rootPartCFrame":[772.411,222.7,46.651,-0.993,0,0.121,0,1,0,-0.121,0,-0.993],"_humanoidState":8,"_cameraCFrame":[771.047,232.126,42.854,-0.995,-0.094,0.043,0,0.417,0.909,-0.104,0.904,-0.415],"_shiftlockState":true,"_pose":"Running","_animationQueue":[],"_animationSpeed":1.097,"_zoom":8.72},{"_mousePosition":[683,384],"_rootPartCFrame":[772.146,222.7,46.617,-0.995,0,0.103,0,1,0,-0.103,0,-0.995],"_humanoidState":8,"_cameraCFrame":[770.675,232.233,43.097,-0.997,-0.074,0.031,0,0.389,0.921,-0.081,0.918,-0.388],"_shiftlockState":true,"_pose":"Running","_animationQueue":[],"_animationSpeed":1.097,"_zoom":8.72},{"_mousePosition":[683,384],"_rootPartCFrame":[771.881,222.7,46.589,-0.997,0,0.081,0,1,0,-0.081,0,-0.997],"_humanoidState":8,"_cameraCFrame":[770.306,232.328,43.342,-0.999,-0.051,0.02,0,0.362,0.932,-0.054,0.931,-0.361],"_shiftlockState":true,"_pose":"Running","_animationQueue":[],"_animationSpeed":1.097,"_zoom":8.72},{"_mousePosition":[683,384],"_rootPartCFrame":[771.549,222.7,46.561,-0.999,0,0.054,0,1,0,-0.054,0,-0.999],"_humanoidState":8,"_cameraCFrame":[769.958,232.349,43.373,-0.999,-0.047,0.018,0,0.356,0.935,-0.05,0.933,-0.355],"_shiftlockState":true,"_pose":"Running","_animationQueue":[],"_animationSpeed":1.097,"_zoom":8.72},{"_mousePosition":[683,384],"_rootPartCFrame":[771.35,222.7,46.549,-0.999,0,0.05,0,1,0,-0.05,0,-0.999],"_humanoidState":8,"_cameraCFrame":[769.758,232.349,43.361,-0.999,-0.047,0.018,0,0.356,0.935,-0.05,0.933,-0.355],"_shiftlockState":true,"_pose":"Running","_animationQueue":[],"_animationSpeed":1.097,"_zoom":8.72},{"_mousePosition":[683,384],"_rootPartCFrame":[771.083,222.7,46.535,-0.999,0,0.05,0,1,0,-0.05,0,-0.999],"_humanoidState":8,"_cameraCFrame":[769.492,232.349,43.348,-0.999,-0.047,0.018,0,0.356,0.935,-0.05,0.933,-0.355],"_shiftlockState":true,"_pose":"Running","_animationQueue":[["walk",0.1]],"_animationSpeed":1.097,"_zoom":8.72},{"_mousePosition":[683,384],"_rootPartCFrame":[770.817,222.7,46.522,-0.999,0,0.05,0,1,0,-0.05,0,-0.999],"_humanoidState":8,"_cameraCFrame":[769.225,232.349,43.334,-0.999,-0.047,0.018,0,0.356,0.935,-0.05,0.933,-0.355],"_shiftlockState":true,"_pose":"Running","_animationQueue":[],"_animationSpeed":1.097,"_zoom":8.72},{"_mousePosition":[683,384],"_rootPartCFrame":[770.55,222.7,46.509,-0.999,0,0.05,0,1,0,-0.05,0,-0.999],"_humanoidState":8,"_cameraCFrame":[768.959,232.349,43.321,-0.999,-0.047,0.018,0,0.356,0.935,-0.05,0.933,-0.355],"_shiftlockState":true,"_pose":"Running","_animationQueue":[],"_animationSpeed":1.097,"_zoom":8.72},{"_mousePosition":[683,384],"_rootPartCFrame":[770.284,222.7,46.495,-0.999,0,0.05,0,1,0,-0.05,0,-0.999],"_humanoidState":8,"_cameraCFrame":[768.692,232.349,43.308,-0.999,-0.047,0.018,0,0.356,0.935,-0.05,0.933,-0.355],"_shiftlockState":true,"_pose":"Running","_animationQueue":[],"_animationSpeed":1.097,"_zoom":8.72},{"_mousePosition":[683,384],"_rootPartCFrame":[770.018,222.7,46.482,-0.999,0,0.05,0,1,0,-0.05,0,-0.999],"_humanoidState":8,"_cameraCFrame":[768.426,232.349,43.294,-0.999,-0.047,0.018,0,0.356,0.935,-0.05,0.933,-0.355],"_shiftlockState":true,"_pose":"Running","_animationQueue":[],"_animationSpeed":1.097,"_zoom":8.72},{"_mousePosition":[683,384],"_rootPartCFrame":[769.751,222.666,46.468,-0.999,0,0.05,0,1,0,-0.05,0,-0.999],"_humanoidState":8,"_cameraCFrame":[768.16,232.315,43.281,-0.999,-0.047,0.018,0,0.356,0.935,-0.05,0.933,-0.355],"_shiftlockState":true,"_pose":"Running","_animationQueue":[],"_animationSpeed":1.097,"_zoom":8.72},{"_mousePosition":[683,384],"_rootPartCFrame":[769.485,222.577,46.455,-0.999,0,0.05,0,1,0,-0.05,0,-0.999],"_humanoidState":8,"_cameraCFrame":[767.893,232.226,43.267,-0.999,-0.047,0.018,0,0.356,0.935,-0.05,0.933,-0.355],"_shiftlockState":true,"_pose":"Running","_animationQueue":[["walk",0.1]],"_animationSpeed":1.097,"_zoom":8.72},{"_mousePosition":[683,384],"_rootPartCFrame":[769.219,222.434,46.441,-0.999,0,0.05,0,1,0,-0.05,0,-0.999],"_humanoidState":8,"_cameraCFrame":[767.627,232.083,43.254,-0.999,-0.047,0.018,0,0.356,0.935,-0.05,0.933,-0.355],"_shiftlockState":true,"_pose":"Running","_animationQueue":[],"_animationSpeed":1.097,"_zoom":8.72},{"_mousePosition":[683,384],"_rootPartCFrame":[768.952,222.236,46.428,-0.999,0,0.05,0,1,0,-0.05,0,-0.999],"_humanoidState":8,"_cameraCFrame":[767.364,231.885,43.239,-0.999,-0.048,0.018,0,0.356,0.935,-0.051,0.933,-0.355],"_shiftlockState":true,"_pose":"Running","_animationQueue":[],"_animationSpeed":1.097,"_zoom":8.72},{"_mousePosition":[683,384],"_rootPartCFrame":[768.686,221.984,46.415,-0.999,0,0.051,0,1,0,-0.051,0,-0.999],"_humanoidState":8,"_cameraCFrame":[767.07,231.643,43.265,-0.999,-0.04,0.015,0,0.353,0.936,-0.043,0.935,-0.353],"_shiftlockState":true,"_pose":"Running","_animationQueue":[],"_animationSpeed":1.097,"_zoom":8.72},{"_mousePosition":[683,384],"_rootPartCFrame":[768.353,223.068,46.398,-0.999,0,0.043,0,1,0,-0.043,0,-0.999],"_humanoidState":3,"_cameraCFrame":[766.762,232.78,43.377,-0.999,-0.05,0.018,0,0.336,0.942,-0.053,0.94,-0.336],"_shiftlockState":true,"_pose":"Jumping","_animationQueue":[["walk",0.1],["jump",0.1]],"_animationSpeed":1,"_zoom":8.72},{"_mousePosition":[683,384],"_rootPartCFrame":[768.153,223.68,46.389,-0.993,0,0.116,0,1,0,-0.116,0,-0.993],"_humanoidState":5,"_cameraCFrame":[766.614,233.497,43.641,-0.997,-0.075,0.024,0,0.3,0.954,-0.079,0.951,-0.299],"_shiftlockState":true,"_pose":"FreeFall","_animationQueue":[["jump",0.1]],"_animationSpeed":1,"_zoom":8.72},{"_mousePosition":[683,384],"_rootPartCFrame":[767.82,224.63,46.372,-0.972,0,0.234,0,1,0,-0.234,0,-0.972],"_humanoidState":5,"_cameraCFrame":[766.314,234.565,43.986,-0.994,-0.102,0.027,0,0.254,0.967,-0.106,0.962,-0.252],"_shiftlockState":true,"_pose":"FreeFall","_animationQueue":[],"_animationSpeed":1,"_zoom":8.72},{"_mousePosition":[683,384],"_rootPartCFrame":[767.621,225.16,46.357,-0.979,0,0.204,0,1,0,-0.204,0,-0.979],"_humanoidState":5,"_cameraCFrame":[766.117,235.196,44.363,-0.992,-0.127,0.026,0,0.204,0.979,-0.13,0.971,-0.203],"_shiftlockState":true,"_pose":"FreeFall","_animationQueue":[],"_animationSpeed":1,"_zoom":8.72},{"_mousePosition":[683,384],"_rootPartCFrame":[767.356,225.819,46.33,-0.966,0,0.26,0,1,0,-0.26,0,-0.966],"_humanoidState":5,"_cameraCFrame":[765.842,235.906,44.579,-0.99,-0.142,0.025,0,0.174,0.985,-0.144,0.975,-0.172],"_shiftlockState":true,"_pose":"FreeFall","_animationQueue":[],"_animationSpeed":1,"_zoom":8.72},{"_mousePosition":[683,384],"_rootPartCFrame":[767.091,226.423,46.296,-0.962,0,0.274,0,1,0,-0.274,0,-0.962],"_humanoidState":5,"_cameraCFrame":[765.581,236.51,44.542,-0.989,-0.144,0.025,0,0.174,0.985,-0.146,0.974,-0.172],"_shiftlockState":true,"_pose":"FreeFall","_animationQueue":[],"_animationSpeed":1,"_zoom":8.72},{"_mousePosition":[683,384],"_rootPartCFrame":[766.761,227.101,46.249,-0.951,0,0.308,0,1,0,-0.308,0,-0.951],"_humanoidState":5,"_cameraCFrame":[765.238,237.189,44.506,-0.99,-0.137,0.024,0,0.174,0.985,-0.139,0.975,-0.172],"_shiftlockState":true,"_pose":"FreeFall","_animationQueue":[],"_animationSpeed":1,"_zoom":8.72},{"_mousePosition":[683,384],"_rootPartCFrame":[766.563,227.467,46.22,-0.972,0,0.237,0,1,0,-0.237,0,-0.972],"_humanoidState":5,"_cameraCFrame":[765.024,237.555,44.491,-0.992,-0.128,0.022,0,0.174,0.985,-0.13,0.977,-0.172],"_shiftlockState":true,"_pose":"FreeFall","_animationQueue":[],"_animationSpeed":1,"_zoom":8.72},{"_mousePosition":[683,384],"_rootPartCFrame":[766.233,228.009,46.173,-0.956,0,0.292,0,1,0,-0.292,0,-0.956],"_humanoidState":5,"_cameraCFrame":[764.682,238.091,44.425,-0.993,-0.118,0.021,0,0.178,0.984,-0.12,0.977,-0.176],"_shiftlockState":true,"_pose":"FreeFall","_animationQueue":[],"_animationSpeed":1,"_zoom":8.72},{"_mousePosition":[683,384],"_rootPartCFrame":[766.035,228.294,46.147,-0.976,0,0.219,0,1,0,-0.219,0,-0.976],"_humanoidState":5,"_cameraCFrame":[764.478,238.373,44.392,-0.993,-0.114,0.021,0,0.179,0.984,-0.116,0.977,-0.178],"_shiftlockState":true,"_pose":"FreeFall","_animationQueue":[],"_animationSpeed":1,"_zoom":8.72},{"_mousePosition":[683,384],"_rootPartCFrame":[765.77,228.625,46.114,-0.969,0,0.247,0,1,0,-0.247,0,-0.969],"_humanoidState":5,"_cameraCFrame":[764.21,238.544,44.388,-0.993,-0.114,0.021,0,0.179,0.984,-0.116,0.977,-0.178],"_shiftlockState":true,"_pose":"FreeFall","_animationQueue":[],"_animationSpeed":1,"_zoom":6.576},{"_mousePosition":[683,384],"_rootPartCFrame":[765.505,228.902,46.083,-0.969,0,0.247,0,1,0,-0.247,0,-0.969],"_humanoidState":5,"_cameraCFrame":[763.937,238.432,44.427,-0.993,-0.114,0.021,0,0.179,0.984,-0.116,0.977,-0.178],"_shiftlockState":true,"_pose":"FreeFall","_animationQueue":[],"_animationSpeed":1,"_zoom":6.576},{"_mousePosition":[683,384],"_rootPartCFrame":[765.174,229.172,46.044,-0.96,0,0.279,0,1,0,-0.279,0,-0.96],"_humanoidState":5,"_cameraCFrame":[763.599,238.401,44.443,-0.993,-0.114,0.021,0,0.179,0.984,-0.116,0.977,-0.178],"_shiftlockState":true,"_pose":"FreeFall","_animationQueue":[],"_animationSpeed":1,"_zoom":6.576},{"_mousePosition":[683,384],"_rootPartCFrame":[764.975,229.293,46.021,-0.977,0,0.215,0,1,0,-0.215,0,-0.977],"_humanoidState":5,"_cameraCFrame":[763.394,238.198,44.478,-0.993,-0.114,0.021,0,0.179,0.984,-0.116,0.977,-0.178],"_shiftlockState":true,"_pose":"FreeFall","_animationQueue":[],"_animationSpeed":1,"_zoom":6.576},{"_mousePosition":[683,384],"_rootPartCFrame":[764.711,229.406,45.99,-0.969,0,0.247,0,1,0,-0.247,0,-0.969],"_humanoidState":5,"_cameraCFrame":[763.118,238.047,44.48,-0.994,-0.109,0.02,0,0.182,0.983,-0.111,0.977,-0.181],"_shiftlockState":true,"_pose":"FreeFall","_animationQueue":[],"_animationSpeed":1,"_zoom":6.576},{"_mousePosition":[683,384],"_rootPartCFrame":[764.446,229.465,45.959,-0.97,0,0.242,0,1,0,-0.242,0,-0.97],"_humanoidState":5,"_cameraCFrame":[762.82,237.888,44.469,-0.996,-0.086,0.017,0,0.19,0.982,-0.088,0.978,-0.19],"_shiftlockState":true,"_pose":"FreeFall","_animationQueue":[],"_animationSpeed":1,"_zoom":6.576},{"_mousePosition":[683,384],"_rootPartCFrame":[764.181,229.47,45.93,-0.976,0,0.219,0,1,0,-0.219,0,-0.976],"_humanoidState":5,"_cameraCFrame":[762.539,237.758,44.481,-0.997,-0.077,0.015,0,0.19,0.982,-0.079,0.979,-0.19],"_shiftlockState":true,"_pose":"FreeFall","_animationQueue":[["fall",0.3]],"_animationSpeed":1,"_zoom":6.576},{"_mousePosition":[683,384],"_rootPartCFrame":[763.915,229.42,45.905,-0.978,0,0.21,0,1,0,-0.21,0,-0.978],"_humanoidState":5,"_cameraCFrame":[762.265,237.615,44.513,-0.997,-0.074,0.014,0,0.186,0.983,-0.075,0.98,-0.185],"_shiftlockState":true,"_pose":"FreeFall","_animationQueue":[],"_animationSpeed":1,"_zoom":6.576},{"_mousePosition":[683,384],"_rootPartCFrame":[763.649,229.315,45.884,-0.978,0,0.207,0,1,0,-0.207,0,-0.978],"_humanoidState":5,"_cameraCFrame":[761.984,237.447,44.576,-0.998,-0.067,0.012,0,0.177,0.984,-0.068,0.982,-0.176],"_shiftlockState":true,"_pose":"FreeFall","_animationQueue":[],"_animationSpeed":1,"_zoom":6.576},{"_mousePosition":[683,384],"_rootPartCFrame":[763.383,229.156,45.864,-0.98,0,0.2,0,1,0,-0.2,0,-0.98],"_humanoidState":5,"_cameraCFrame":[761.703,237.24,44.604,-0.998,-0.057,0.01,0,0.174,0.985,-0.058,0.983,-0.173],"_shiftlockState":true,"_pose":"FreeFall","_animationQueue":[],"_animationSpeed":1,"_zoom":6.576},{"_mousePosition":[683,384],"_rootPartCFrame":[763.117,228.943,45.845,-0.982,0,0.19,0,1,0,-0.19,0,-0.982],"_humanoidState":5,"_cameraCFrame":[761.426,236.993,44.606,-0.999,-0.049,0.009,0,0.174,0.985,-0.049,0.984,-0.173],"_shiftlockState":true,"_pose":"FreeFall","_animationQueue":[],"_animationSpeed":1,"_zoom":6.576},{"_mousePosition":[683,384],"_rootPartCFrame":[762.851,228.675,45.829,-0.983,0,0.182,0,1,0,-0.182,0,-0.983],"_humanoidState":5,"_cameraCFrame":[761.146,236.7,44.614,-0.999,-0.037,0.007,0,0.174,0.985,-0.038,0.984,-0.174],"_shiftlockState":true,"_pose":"FreeFall","_animationQueue":[],"_animationSpeed":1,"_zoom":6.576},{"_mousePosition":[683,384],"_rootPartCFrame":[762.585,228.352,45.816,-0.985,0,0.17,0,1,0,-0.17,0,-0.985],"_humanoidState":5,"_cameraCFrame":[760.865,236.362,44.623,-1,-0.026,0.005,0,0.174,0.985,-0.026,0.984,-0.174],"_shiftlockState":true,"_pose":"FreeFall","_animationQueue":[],"_animationSpeed":1,"_zoom":6.576},{"_mousePosition":[683,384],"_rootPartCFrame":[762.318,227.975,45.805,-0.987,0,0.159,0,1,0,-0.159,0,-0.987],"_humanoidState":5,"_cameraCFrame":[760.582,235.973,44.64,-1,-0.011,0.002,0,0.174,0.985,-0.012,0.985,-0.174],"_shiftlockState":true,"_pose":"FreeFall","_animationQueue":[["fall",0.3]],"_animationSpeed":1,"_zoom":6.576},{"_mousePosition":[683,384],"_rootPartCFrame":[761.985,227.428,45.796,-0.984,0,0.177,0,1,0,-0.177,0,-0.984],"_humanoidState":5,"_cameraCFrame":[760.233,235.418,44.655,-1,0.002,0,0,0.174,0.985,0.002,0.985,-0.174],"_shiftlockState":true,"_pose":"FreeFall","_animationQueue":[],"_animationSpeed":1,"_zoom":6.576},{"_mousePosition":[683,384],"_rootPartCFrame":[761.785,227.058,45.793,-1,0,-0.013,0,1,0,0.013,0,-1],"_humanoidState":5,"_cameraCFrame":[760.025,235.032,44.656,-1,0.008,-0.001,0,0.175,0.985,0.008,0.985,-0.175],"_shiftlockState":true,"_pose":"FreeFall","_animationQueue":[],"_animationSpeed":1,"_zoom":6.576},{"_mousePosition":[683,384],"_rootPartCFrame":[761.452,226.374,45.796,-0.988,0,0.158,0,1,0,-0.158,0,-0.988],"_humanoidState":5,"_cameraCFrame":[759.697,234.348,44.652,-1,0.004,-0.001,0,0.175,0.985,0.004,0.985,-0.175],"_shiftlockState":true,"_pose":"FreeFall","_animationQueue":[],"_animationSpeed":1,"_zoom":6.576},{"_mousePosition":[683,384],"_rootPartCFrame":[761.252,225.923,45.798,-0.995,0,0.096,0,1,0,-0.096,0,-0.995],"_humanoidState":5,"_cameraCFrame":[759.504,233.898,44.648,-1,-0.002,0,0,0.174,0.985,-0.002,0.985,-0.174],"_shiftlockState":true,"_pose":"FreeFall","_animationQueue":[],"_animationSpeed":1,"_zoom":6.576},{"_mousePosition":[683,384],"_rootPartCFrame":[760.985,225.273,45.799,-0.991,0,0.135,0,1,0,-0.135,0,-0.991],"_humanoidState":5,"_cameraCFrame":[759.246,233.249,44.641,-1,-0.009,0.002,0,0.174,0.985,-0.009,0.985,-0.174],"_shiftlockState":true,"_pose":"FreeFall","_animationQueue":[],"_animationSpeed":1,"_zoom":6.576},{"_mousePosition":[683,384],"_rootPartCFrame":[760.719,224.569,45.799,-0.99,0,0.142,0,1,0,-0.142,0,-0.99],"_humanoidState":5,"_cameraCFrame":[758.99,232.545,44.625,-1,-0.019,0.003,0,0.174,0.985,-0.019,0.985,-0.174],"_shiftlockState":true,"_pose":"FreeFall","_animationQueue":[],"_animationSpeed":1,"_zoom":6.576},{"_mousePosition":[683,384],"_rootPartCFrame":[760.452,223.811,45.797,-0.988,0,0.152,0,1,0,-0.152,0,-0.988],"_humanoidState":5,"_cameraCFrame":[758.739,231.787,44.601,-1,-0.031,0.005,0,0.174,0.985,-0.031,0.984,-0.174],"_shiftlockState":true,"_pose":"FreeFall","_animationQueue":[],"_animationSpeed":1,"_zoom":6.576},{"_mousePosition":[683,384],"_rootPartCFrame":[760.185,222.998,45.793,-0.986,0,0.164,0,1,0,-0.164,0,-0.986],"_humanoidState":5,"_cameraCFrame":[758.492,230.974,44.568,-0.999,-0.047,0.008,0,0.174,0.985,-0.048,0.984,-0.173],"_shiftlockState":true,"_pose":"FreeFall","_animationQueue":[["fall",0.3]],"_animationSpeed":1,"_zoom":6.576},{"_mousePosition":[683,384],"_rootPartCFrame":[759.919,222.13,45.785,-0.996,0,0.084,0,1,0,-0.084,0,-0.996],"_humanoidState":7,"_cameraCFrame":[758.252,230.106,44.525,-0.998,-0.068,0.012,0,0.174,0.985,-0.069,0.982,-0.173],"_shiftlockState":true,"_pose":"FreeFall","_animationQueue":[["walk",0.1],["fall",0.3],["fall",0.3]],"_animationSpeed":1,"_zoom":6.576},{"_mousePosition":[683,384],"_rootPartCFrame":[759.652,221.948,45.773,-0.997,0,0.072,0,1,0,-0.072,0,-0.997],"_humanoidState":7,"_cameraCFrame":[758.037,229.924,44.447,-0.994,-0.107,0.019,0,0.174,0.985,-0.109,0.979,-0.173],"_shiftlockState":true,"_pose":"FreeFall","_animationQueue":[],"_animationSpeed":1,"_zoom":6.576},{"_mousePosition":[683,384],"_rootPartCFrame":[759.357,221.919,45.759,-0.994,0,0.109,0,1,0,-0.109,0,-0.994],"_humanoidState":8,"_cameraCFrame":[757.807,229.895,44.357,-0.988,-0.154,0.027,0,0.174,0.985,-0.156,0.973,-0.172],"_shiftlockState":true,"_pose":"Running","_animationQueue":[["walk",0.1],["fall",0.3],["walk",0.1]],"_animationSpeed":1.103,"_zoom":6.576},{"_mousePosition":[683,384],"_rootPartCFrame":[759.164,221.976,45.739,-0.988,0,0.156,0,1,0,-0.156,0,-0.988],"_humanoidState":8,"_cameraCFrame":[757.735,229.952,44.214,-0.971,-0.234,0.041,0,0.174,0.985,-0.238,0.957,-0.169],"_shiftlockState":true,"_pose":"Running","_animationQueue":[["walk",0.1]],"_animationSpeed":0.898,"_zoom":6.576},{"_mousePosition":[683,384],"_rootPartCFrame":[758.834,222.084,45.689,-0.971,0,0.238,0,1,0,-0.238,0,-0.971],"_humanoidState":8,"_cameraCFrame":[757.556,230.06,44.036,-0.945,-0.323,0.057,0,0.174,0.985,-0.328,0.93,-0.164],"_shiftlockState":true,"_pose":"Running","_animationQueue":[["walk",0.1]],"_animationSpeed":1.093,"_zoom":6.576},{"_mousePosition":[683,384],"_rootPartCFrame":[758.64,222.125,45.645,-0.945,0,0.328,0,1,0,-0.328,0,-0.945],"_humanoidState":8,"_cameraCFrame":[757.565,230.101,43.853,-0.899,-0.43,0.076,0,0.174,0.985,-0.437,0.886,-0.156],"_shiftlockState":true,"_pose":"Running","_animationQueue":[],"_animationSpeed":1.093,"_zoom":6.576},{"_mousePosition":[683,384],"_rootPartCFrame":[758.387,222.159,45.561,-0.897,0,0.442,0,1,0,-0.442,0,-0.897],"_humanoidState":8,"_cameraCFrame":[757.517,230.135,43.661,-0.845,-0.526,0.093,0,0.174,0.985,-0.534,0.833,-0.147],"_shiftlockState":true,"_pose":"Running","_animationQueue":[["walk",0.1]],"_animationSpeed":1.093,"_zoom":6.576},{"_mousePosition":[683,384],"_rootPartCFrame":[758.145,222.178,45.449,-0.842,0,0.54,0,1,0,-0.54,0,-0.842],"_humanoidState":8,"_cameraCFrame":[757.579,230.154,43.437,-0.753,-0.648,0.114,0,0.174,0.985,-0.658,0.741,-0.131],"_shiftlockState":true,"_pose":"Running","_animationQueue":[],"_animationSpeed":1.093,"_zoom":6.576},{"_mousePosition":[683,384],"_rootPartCFrame":[757.861,222.19,45.275,-0.745,0,0.667,0,1,0,-0.667,0,-0.745],"_humanoidState":8,"_cameraCFrame":[757.465,230.166,43.223,-0.695,-0.708,0.125,0,0.174,0.985,-0.719,0.685,-0.121],"_shiftlockState":true,"_pose":"Running","_animationQueue":[],"_animationSpeed":1.093,"_zoom":6.576},{"_mousePosition":[683,384],"_rootPartCFrame":[757.692,222.174,45.168,-0.69,0,0.724,0,1,0,-0.724,0,-0.69],"_humanoidState":8,"_cameraCFrame":[757.533,230.15,43.084,-0.609,-0.781,0.138,0,0.174,0.985,-0.793,0.599,-0.106],"_shiftlockState":true,"_pose":"Running","_animationQueue":[],"_animationSpeed":1.093,"_zoom":6.576},{"_mousePosition":[683,384],"_rootPartCFrame":[757.467,222.106,45.025,-0.601,0,0.799,0,1,0,-0.799,0,-0.601],"_humanoidState":8,"_cameraCFrame":[757.458,230.082,42.936,-0.55,-0.823,0.145,0,0.174,0.985,-0.835,0.542,-0.095],"_shiftlockState":true,"_pose":"Running","_animationQueue":[],"_animationSpeed":1.093,"_zoom":6.576},{"_mousePosition":[683,384],"_rootPartCFrame":[757.241,221.984,44.883,-0.542,0,0.841,0,1,0,-0.841,0,-0.542],"_humanoidState":8,"_cameraCFrame":[757.257,229.96,42.793,-0.54,-0.829,0.146,0,0.174,0.985,-0.842,0.532,-0.094],"_shiftlockState":true,"_pose":"Running","_animationQueue":[],"_animationSpeed":1.093,"_zoom":6.576},{"_mousePosition":[683,384],"_rootPartCFrame":[756.959,223.067,44.705,-0.53,0,0.848,0,1,0,-0.848,0,-0.53],"_humanoidState":3,"_cameraCFrame":[756.883,231.044,42.617,-0.577,-0.805,0.142,0,0.174,0.985,-0.817,0.568,-0.1],"_shiftlockState":true,"_pose":"Jumping","_animationQueue":[["walk",0.1],["walk",0.1],["jump",0.1]],"_animationSpeed":1,"_zoom":6.576},{"_mousePosition":[683,384],"_rootPartCFrame":[756.801,223.679,44.588,-0.522,0,0.853,0,1,0,-0.853,0,-0.522],"_humanoidState":5,"_cameraCFrame":[756.552,231.653,42.507,-0.645,-0.752,0.134,0,0.175,0.985,-0.764,0.635,-0.113],"_shiftlockState":true,"_pose":"FreeFall","_animationQueue":[["jump",0.1]],"_animationSpeed":1,"_zoom":6.576},{"_mousePosition":[683,384],"_rootPartCFrame":[756.57,224.63,44.356,-0.517,0,0.856,0,1,0,-0.856,0,-0.517],"_humanoidState":5,"_cameraCFrame":[756.108,232.599,42.297,-0.727,-0.676,0.123,0,0.179,0.984,-0.687,0.715,-0.13],"_shiftlockState":true,"_pose":"FreeFall","_animationQueue":[],"_animationSpeed":1,"_zoom":6.576},{"_mousePosition":[683,384],"_rootPartCFrame":[756.441,225.159,44.204,-0.655,0,0.756,0,1,0,-0.756,0,-0.655],"_humanoidState":5,"_cameraCFrame":[755.708,233.122,42.204,-0.818,-0.565,0.106,0,0.185,0.983,-0.575,0.804,-0.151],"_shiftlockState":true,"_pose":"FreeFall","_animationQueue":[],"_animationSpeed":1,"_zoom":6.576},{"_mousePosition":[683,384],"_rootPartCFrame":[756.254,225.818,44.015,-0.735,0,0.679,0,1,0,-0.679,0,-0.735],"_humanoidState":5,"_cameraCFrame":[755.251,233.774,42.112,-0.894,-0.44,0.085,0,0.19,0.982,-0.448,0.877,-0.17],"_shiftlockState":true,"_pose":"FreeFall","_animationQueue":[],"_animationSpeed":1,"_zoom":6.576},{"_mousePosition":[683,384],"_rootPartCFrame":[756.046,226.422,43.849,-0.826,0,0.563,0,1,0,-0.563,0,-0.826],"_humanoidState":5,"_cameraCFrame":[754.801,234.366,42.053,-0.948,-0.311,0.063,0,0.199,0.98,-0.317,0.929,-0.189],"_shiftlockState":true,"_pose":"FreeFall","_animationQueue":[],"_animationSpeed":1,"_zoom":6.576},{"_mousePosition":[683,384],"_rootPartCFrame":[755.817,226.971,43.714,-0.898,0,0.44,0,1,0,-0.44,0,-0.898],"_humanoidState":5,"_cameraCFrame":[754.35,234.906,42.056,-0.982,-0.182,0.038,0,0.206,0.979,-0.186,0.961,-0.202],"_shiftlockState":true,"_pose":"FreeFall","_animationQueue":[],"_animationSpeed":1,"_zoom":6.576},{"_mousePosition":[683,384],"_rootPartCFrame":[755.571,227.467,43.613,-0.949,0,0.315,0,1,0,-0.315,0,-0.949],"_humanoidState":5,"_cameraCFrame":[753.935,235.397,42.104,-0.997,-0.077,0.016,0,0.209,0.978,-0.078,0.975,-0.209],"_shiftlockState":true,"_pose":"FreeFall","_animationQueue":[],"_animationSpeed":1,"_zoom":6.576},{"_mousePosition":[683,384],"_rootPartCFrame":[755.249,228.009,43.534,-0.97,0,0.243,0,1,0,-0.243,0,-0.97],"_humanoidState":5,"_cameraCFrame":[753.474,235.938,42.184,-1,0.017,-0.004,0,0.21,0.978,0.018,0.978,-0.21],"_shiftlockState":true,"_pose":"FreeFall","_animationQueue":[],"_animationSpeed":1,"_zoom":6.576},{"_mousePosition":[683,384],"_rootPartCFrame":[755.05,228.293,43.51,-0.997,0,0.082,0,1,0,-0.082,0,-0.997],"_humanoidState":5,"_cameraCFrame":[753.161,236.218,42.302,-0.994,0.104,-0.023,0,0.213,0.977,0.107,0.971,-0.212],"_shiftlockState":true,"_pose":"FreeFall","_animationQueue":[],"_animationSpeed":1,"_zoom":6.576},{"_mousePosition":[683,384],"_rootPartCFrame":[754.784,228.625,43.506,-1,0,0.026,0,1,0,-0.026,0,-1],"_humanoidState":5,"_cameraCFrame":[752.791,236.544,42.444,-0.981,0.189,-0.042,0,0.217,0.976,0.194,0.958,-0.213],"_shiftlockState":true,"_pose":"FreeFall","_animationQueue":[],"_animationSpeed":1,"_zoom":6.576},{"_mousePosition":[683,384],"_rootPartCFrame":[754.519,228.902,43.529,-0.966,0,-0.26,0,1,0,0.26,0,-0.966],"_humanoidState":5,"_cameraCFrame":[752.442,236.814,42.59,-0.964,0.261,-0.059,0,0.222,0.975,0.267,0.94,-0.214],"_shiftlockState":true,"_pose":"FreeFall","_animationQueue":[["jump",0.1]],"_animationSpeed":1,"_zoom":6.576},{"_mousePosition":[683,384],"_rootPartCFrame":[754.194,229.172,43.598,-0.995,0,-0.104,0,1,0,0.104,0,-0.995],"_humanoidState":5,"_cameraCFrame":[752.115,237.086,42.68,-0.962,0.266,-0.06,0,0.22,0.975,0.272,0.939,-0.212],"_shiftlockState":true,"_pose":"FreeFall","_animationQueue":[],"_animationSpeed":1,"_zoom":6.576},{"_mousePosition":[683,384],"_rootPartCFrame":[754.001,229.293,43.65,-0.985,0,-0.175,0,1,0,0.175,0,-0.985],"_humanoidState":5,"_cameraCFrame":[751.918,237.207,42.741,-0.961,0.27,-0.061,0,0.22,0.975,0.276,0.937,-0.212],"_shiftlockState":true,"_pose":"FreeFall","_animationQueue":[],"_animationSpeed":1,"_zoom":6.576},{"_mousePosition":[683,384],"_rootPartCFrame":[753.744,229.406,43.723,-0.989,0,-0.146,0,1,0,0.146,0,-0.989],"_humanoidState":5,"_cameraCFrame":[751.66,237.323,42.835,-0.96,0.275,-0.062,0,0.219,0.976,0.282,0.936,-0.21],"_shiftlockState":true,"_pose":"FreeFall","_animationQueue":[],"_animationSpeed":1,"_zoom":6.576},{"_mousePosition":[683,384],"_rootPartCFrame":[753.488,229.465,43.796,-0.988,0,-0.152,0,1,0,0.152,0,-0.988],"_humanoidState":5,"_cameraCFrame":[751.398,237.382,42.921,-0.958,0.281,-0.063,0,0.219,0.976,0.288,0.935,-0.21],"_shiftlockState":true,"_pose":"FreeFall","_animationQueue":[["fall",0.3]],"_animationSpeed":1,"_zoom":6.576},{"_mousePosition":[683,384],"_rootPartCFrame":[753.232,229.47,43.871,-0.987,0,-0.158,0,1,0,0.158,0,-0.987],"_humanoidState":5,"_cameraCFrame":[751.14,237.388,43.019,-0.956,0.287,-0.064,0,0.217,0.976,0.294,0.933,-0.208],"_shiftlockState":true,"_pose":"FreeFall","_animationQueue":[],"_animationSpeed":1,"_zoom":6.576},{"_mousePosition":[683,384],"_rootPartCFrame":[752.977,229.42,43.948,-0.986,0,-0.164,0,1,0,0.164,0,-0.986],"_humanoidState":5,"_cameraCFrame":[750.88,237.34,43.116,-0.954,0.293,-0.065,0,0.217,0.976,0.301,0.931,-0.206],"_shiftlockState":true,"_pose":"FreeFall","_animationQueue":[],"_animationSpeed":1,"_zoom":6.576},{"_mousePosition":[683,384],"_rootPartCFrame":[752.722,229.315,44.026,-0.985,0,-0.171,0,1,0,0.171,0,-0.985],"_humanoidState":5,"_cameraCFrame":[750.622,237.237,43.219,-0.952,0.3,-0.066,0,0.215,0.977,0.308,0.929,-0.205],"_shiftlockState":true,"_pose":"FreeFall","_animationQueue":[],"_animationSpeed":1,"_zoom":6.576},{"_mousePosition":[683,384],"_rootPartCFrame":[752.467,229.156,44.106,-0.984,0,-0.178,0,1,0,0.178,0,-0.984],"_humanoidState":5,"_cameraCFrame":[750.366,237.082,43.329,-0.949,0.307,-0.067,0,0.213,0.977,0.314,0.928,-0.202],"_shiftlockState":true,"_pose":"FreeFall","_animationQueue":[],"_animationSpeed":1,"_zoom":6.576},{"_mousePosition":[683,384],"_rootPartCFrame":[752.213,228.943,44.187,-0.983,0,-0.186,0,1,0,0.186,0,-0.983],"_humanoidState":5,"_cameraCFrame":[750.109,236.871,43.438,-0.947,0.315,-0.068,0,0.211,0.977,0.322,0.925,-0.2],"_shiftlockState":true,"_pose":"FreeFall","_animationQueue":[],"_animationSpeed":1,"_zoom":6.576},{"_mousePosition":[683,384],"_rootPartCFrame":[751.96,228.675,44.271,-0.981,0,-0.194,0,1,0,0.194,0,-0.981],"_humanoidState":5,"_cameraCFrame":[749.855,236.607,43.566,-0.943,0.326,-0.069,0,0.208,0.978,0.333,0.922,-0.196],"_shiftlockState":true,"_pose":"FreeFall","_animationQueue":[],"_animationSpeed":1,"_zoom":6.576},{"_mousePosition":[683,384],"_rootPartCFrame":[751.708,228.352,44.357,-0.979,0,-0.205,0,1,0,0.205,0,-0.979],"_humanoidState":5,"_cameraCFrame":[749.603,236.288,43.679,-0.941,0.332,-0.07,0,0.205,0.979,0.339,0.921,-0.193],"_shiftlockState":true,"_pose":"FreeFall","_animationQueue":[["fall",0.3]],"_animationSpeed":1,"_zoom":6.576},{"_mousePosition":[683,384],"_rootPartCFrame":[751.456,227.975,44.445,-0.977,0,-0.211,0,1,0,0.211,0,-0.977],"_humanoidState":5,"_cameraCFrame":[749.352,235.911,43.768,-0.941,0.332,-0.07,0,0.205,0.979,0.339,0.921,-0.193],"_shiftlockState":true,"_pose":"FreeFall","_animationQueue":[],"_animationSpeed":1,"_zoom":6.576},{"_mousePosition":[683,384],"_rootPartCFrame":[751.205,227.544,44.535,-0.977,0,-0.211,0,1,0,0.211,0,-0.977],"_humanoidState":5,"_cameraCFrame":[749.101,235.479,43.858,-0.941,0.332,-0.07,0,0.205,0.979,0.339,0.921,-0.193],"_shiftlockState":true,"_pose":"FreeFall","_animationQueue":[],"_animationSpeed":1,"_zoom":6.576},{"_mousePosition":[683,384],"_rootPartCFrame":[750.954,227.058,44.626,-0.977,0,-0.211,0,1,0,0.211,0,-0.977],"_humanoidState":5,"_cameraCFrame":[748.856,234.995,43.94,-0.943,0.326,-0.068,0,0.205,0.979,0.333,0.923,-0.193],"_shiftlockState":true,"_pose":"FreeFall","_animationQueue":[],"_animationSpeed":1,"_zoom":6.576},{"_mousePosition":[683,384],"_rootPartCFrame":[750.704,226.517,44.716,-0.979,0,-0.205,0,1,0,0.205,0,-0.979],"_humanoidState":5,"_cameraCFrame":[748.608,234.455,44.031,-0.944,0.324,-0.068,0,0.204,0.979,0.331,0.924,-0.192],"_shiftlockState":true,"_pose":"FreeFall","_animationQueue":[],"_animationSpeed":1,"_zoom":6.576},{"_mousePosition":[683,384],"_rootPartCFrame":[750.452,225.922,44.805,-0.979,0,-0.203,0,1,0,0.203,0,-0.979],"_humanoidState":5,"_cameraCFrame":[748.357,233.86,44.12,-0.944,0.324,-0.068,0,0.204,0.979,0.331,0.924,-0.192],"_shiftlockState":true,"_pose":"FreeFall","_animationQueue":[],"_animationSpeed":1,"_zoom":6.576},{"_mousePosition":[683,384],"_rootPartCFrame":[750.201,225.273,44.894,-0.979,0,-0.203,0,1,0,0.203,0,-0.979],"_humanoidState":5,"_cameraCFrame":[748.103,233.211,44.215,-0.942,0.327,-0.068,0,0.204,0.979,0.334,0.923,-0.192],"_shiftlockState":true,"_pose":"FreeFall","_animationQueue":[["fall",0.3]],"_animationSpeed":1,"_zoom":6.576},{"_mousePosition":[683,384],"_rootPartCFrame":[749.949,224.569,44.982,-0.979,0,-0.206,0,1,0,0.206,0,-0.979],"_humanoidState":5,"_cameraCFrame":[747.849,232.511,44.354,-0.937,0.341,-0.07,0,0.201,0.98,0.348,0.918,-0.188],"_shiftlockState":true,"_pose":"FreeFall","_animationQueue":[],"_animationSpeed":1,"_zoom":6.576},{"_mousePosition":[683,384],"_rootPartCFrame":[749.635,223.612,45.094,-0.982,0,-0.188,0,1,0,0.188,0,-0.982],"_humanoidState":5,"_cameraCFrame":[747.535,231.562,44.545,-0.93,0.362,-0.072,0,0.195,0.981,0.369,0.912,-0.181],"_shiftlockState":true,"_pose":"FreeFall","_animationQueue":[],"_animationSpeed":1,"_zoom":6.576},{"_mousePosition":[683,384],"_rootPartCFrame":[749.447,222.997,45.163,-0.962,0,-0.274,0,1,0,0.274,0,-0.962],"_humanoidState":5,"_cameraCFrame":[747.35,230.957,44.737,-0.916,0.394,-0.075,0,0.187,0.982,0.401,0.9,-0.172],"_shiftlockState":true,"_pose":"FreeFall","_animationQueue":[],"_animationSpeed":1,"_zoom":6.576},{"_mousePosition":[683,384],"_rootPartCFrame":[749.125,221.905,45.258,-0.97,0,-0.243,0,1,0,0.243,0,-0.97],"_humanoidState":5,"_cameraCFrame":[747.029,229.871,44.945,-0.9,0.428,-0.079,0,0.182,0.983,0.436,0.885,-0.164],"_shiftlockState":true,"_pose":"FreeFall","_animationQueue":[],"_animationSpeed":1,"_zoom":6.576},{"_mousePosition":[683,384],"_rootPartCFrame":[748.935,221.208,45.323,-0.939,0,-0.343,0,1,0,0.343,0,-0.939],"_humanoidState":5,"_cameraCFrame":[746.833,229.177,45.132,-0.877,0.473,-0.086,0,0.179,0.984,0.481,0.862,-0.157],"_shiftlockState":true,"_pose":"FreeFall","_animationQueue":[],"_animationSpeed":1,"_zoom":6.576},{"_mousePosition":[683,384],"_rootPartCFrame":[748.689,220.231,45.428,-0.933,0,-0.36,0,1,0,0.36,0,-0.933],"_humanoidState":5,"_cameraCFrame":[746.58,228.201,45.346,-0.85,0.518,-0.094,0,0.179,0.984,0.527,0.836,-0.152],"_shiftlockState":true,"_pose":"FreeFall","_animationQueue":[],"_animationSpeed":1,"_zoom":6.576},{"_mousePosition":[683,384],"_rootPartCFrame":[748.454,220.604,45.554,-0.867,0,-0.498,0,1,0,0.498,0,-0.867],"_humanoidState":7,"_cameraCFrame":[746.339,228.571,45.615,-0.811,0.576,-0.106,0,0.181,0.983,0.586,0.797,-0.147],"_shiftlockState":true,"_pose":"FreeFall","_animationQueue":[["fall",0.3],["walk",0.1],["fall",0.3],["fall",0.3]],"_animationSpeed":1,"_zoom":6.576},{"_mousePosition":[683,384],"_rootPartCFrame":[748.226,221.248,45.693,-0.809,0,-0.588,0,1,0,0.588,0,-0.809],"_humanoidState":7,"_cameraCFrame":[746.113,229.214,45.887,-0.77,0.628,-0.117,0,0.183,0.983,0.639,0.757,-0.14],"_shiftlockState":true,"_pose":"FreeFall","_animationQueue":[],"_animationSpeed":1,"_zoom":6.576},{"_mousePosition":[683,384],"_rootPartCFrame":[748.008,221.666,45.847,-0.769,0,-0.64,0,1,0,0.64,0,-0.769],"_humanoidState":8,"_cameraCFrame":[745.909,229.632,46.158,-0.733,0.669,-0.124,0,0.183,0.983,0.68,0.721,-0.134],"_shiftlockState":true,"_pose":"Running","_animationQueue":[["walk",0.1],["fall",0.3],["walk",0.1]],"_animationSpeed":1.103,"_zoom":6.576},{"_mousePosition":[683,384],"_rootPartCFrame":[747.802,221.912,46.015,-0.733,0,-0.68,0,1,0,0.68,0,-0.733],"_humanoidState":8,"_cameraCFrame":[745.714,229.877,46.398,-0.709,0.693,-0.129,0,0.183,0.983,0.705,0.697,-0.129],"_shiftlockState":true,"_pose":"Running","_animationQueue":[],"_animationSpeed":1.103,"_zoom":6.576},{"_mousePosition":[683,384],"_rootPartCFrame":[747.507,222.084,46.286,-0.709,0,-0.705,0,1,0,0.705,0,-0.709],"_humanoidState":8,"_cameraCFrame":[745.42,230.049,46.685,-0.702,0.7,-0.131,0,0.183,0.983,0.712,0.69,-0.129],"_shiftlockState":true,"_pose":"Running","_animationQueue":[],"_animationSpeed":1.103,"_zoom":6.576},{"_mousePosition":[683,384],"_rootPartCFrame":[747.412,222.115,46.379,-0.702,0,-0.712,0,1,0,0.712,0,-0.702],"_humanoidState":8,"_cameraCFrame":[745.314,230.079,46.717,-0.723,0.679,-0.127,0,0.183,0.983,0.691,0.711,-0.133],"_shiftlockState":true,"_pose":"Running","_animationQueue":[],"_animationSpeed":1.103,"_zoom":6.576},{"_mousePosition":[683,384],"_rootPartCFrame":[747.224,222.154,46.568,-0.723,0,-0.691,0,1,0,0.691,0,-0.723],"_humanoidState":8,"_cameraCFrame":[745.097,230.117,46.623,-0.807,0.58,-0.109,0,0.184,0.983,0.59,0.794,-0.149],"_shiftlockState":true,"_pose":"Running","_animationQueue":[["walk",0.1]],"_animationSpeed":1.103,"_zoom":6.576},{"_mousePosition":[683,384],"_rootPartCFrame":[747.032,222.175,46.753,-0.811,0,-0.585,0,1,0,0.585,0,-0.811],"_humanoidState":8,"_cameraCFrame":[744.925,230.137,46.432,-0.898,0.433,-0.081,0,0.185,0.983,0.44,0.882,-0.166],"_shiftlockState":true,"_pose":"Running","_animationQueue":[],"_animationSpeed":1.103,"_zoom":6.576},{"_mousePosition":[683,384],"_rootPartCFrame":[746.82,222.186,46.914,-0.902,0,-0.431,0,1,0,0.431,0,-0.902],"_humanoidState":8,"_cameraCFrame":[744.83,230.15,46.161,-0.971,0.237,-0.044,0,0.184,0.983,0.241,0.954,-0.179],"_shiftlockState":true,"_pose":"Running","_animationQueue":[],"_animationSpeed":1.103,"_zoom":6.576},{"_mousePosition":[683,384],"_rootPartCFrame":[746.524,222.194,47.067,-0.974,0,-0.226,0,1,0,0.226,0,-0.974],"_humanoidState":8,"_cameraCFrame":[744.654,230.164,46.097,-0.994,0.111,-0.02,0,0.179,0.984,0.112,0.978,-0.177],"_shiftlockState":true,"_pose":"Running","_animationQueue":[],"_animationSpeed":1.103,"_zoom":6.576},{"_mousePosition":[683,384],"_rootPartCFrame":[746.333,222.196,47.123,-0.994,0,-0.105,0,1,0,0.105,0,-0.994],"_humanoidState":8,"_cameraCFrame":[744.579,230.172,45.988,-1,0.004,-0.001,0,0.174,0.985,0.004,0.985,-0.174],"_shiftlockState":true,"_pose":"Running","_animationQueue":[],"_animationSpeed":1.103,"_zoom":6.576},{"_mousePosition":[683,384],"_rootPartCFrame":[746.069,222.198,47.159,-0.997,0,0.073,0,1,0,-0.073,0,-0.997],"_humanoidState":8,"_cameraCFrame":[744.41,230.172,45.878,-0.997,-0.073,0.013,0,0.176,0.984,-0.075,0.982,-0.175],"_shiftlockState":true,"_pose":"Running","_animationQueue":[["walk",0.1]],"_animationSpeed":1.103,"_zoom":6.576},{"_mousePosition":[683,384],"_rootPartCFrame":[745.67,222.199,47.136,-0.997,0,0.076,0,1,0,-0.076,0,-0.997],"_humanoidState":8,"_cameraCFrame":[744.012,230.173,45.853,-0.997,-0.074,0.013,0,0.176,0.984,-0.076,0.982,-0.175],"_shiftlockState":true,"_pose":"Running","_animationQueue":[],"_animationSpeed":1.103,"_zoom":6.576},{"_mousePosition":[683,384],"_rootPartCFrame":[745.471,222.2,47.121,-0.997,0,0.076,0,1,0,-0.076,0,-0.997],"_humanoidState":8,"_cameraCFrame":[743.813,230.174,45.843,-0.997,-0.074,0.013,0,0.175,0.985,-0.076,0.982,-0.174],"_shiftlockState":true,"_pose":"Running","_animationQueue":[],"_animationSpeed":1.103,"_zoom":6.576},{"_mousePosition":[683,384],"_rootPartCFrame":[745.205,222.2,47.101,-0.997,0,0.076,0,1,0,-0.076,0,-0.997],"_humanoidState":8,"_cameraCFrame":[743.548,230.175,45.822,-0.997,-0.075,0.013,0,0.175,0.985,-0.077,0.982,-0.174],"_shiftlockState":true,"_pose":"Running","_animationQueue":[],"_animationSpeed":1.103,"_zoom":6.576},{"_mousePosition":[683,384],"_rootPartCFrame":[744.939,222.2,47.081,-0.997,0,0.075,0,1,0,-0.075,0,-0.997],"_humanoidState":8,"_cameraCFrame":[743.3,230.176,45.783,-0.996,-0.089,0.016,0,0.174,0.985,-0.091,0.981,-0.173],"_shiftlockState":true,"_pose":"Running","_animationQueue":[["walk",0.1]],"_animationSpeed":1.103,"_zoom":6.576},{"_mousePosition":[683,384],"_rootPartCFrame":[744.673,222.2,47.061,-0.996,0,0.091