[{"_mousePosition":[1181,369],"_rootPartCFrame":[776.023,222.969,47.142,0.004,0.005,1,0,1,-0.005,-1,0,0.004],"_humanoidState":8,"_cameraCFrame":[783.877,230.054,47.046,-0.012,-0.58,0.815,0,0.815,0.58,-1,0.007,-0.01],"_shiftlockState":false,"_pose":"Standing","_animationQueue":[],"_animationSpeed":1,"_zoom":9.632},{"_mousePosition":[1181,369],"_rootPartCFrame":[776.023,222.714,47.142,0.004,0,1,0,1,0,-1,0,0.004],"_humanoidState":8,"_cameraCFrame":[783.87,229.799,47.046,-0.012,-0.58,0.815,0,0.815,0.58,-1,0.007,-0.01],"_shiftlockState":false,"_pose":"Standing","_animationQueue":[],"_animationSpeed":1,"_zoom":9.632},{"_mousePosition":[1181,369],"_rootPartCFrame":[775.956,222.617,47.143,0.003,0,1,0,1,0,-1,0,0.003],"_humanoidState":8,"_cameraCFrame":[783.803,229.701,47.047,-0.012,-0.58,0.815,0,0.815,0.58,-1,0.007,-0.01],"_shiftlockState":false,"_pose":"Standing","_animationQueue":[],"_animationSpeed":1,"_zoom":9.632},{"_mousePosition":[1181,369],"_rootPartCFrame":[775.703,222.617,47.146,0.001,0,1,0,1,0,-1,0,0.001],"_humanoidState":8,"_cameraCFrame":[783.551,229.702,47.05,-0.012,-0.58,0.815,0,0.815,0.58,-1,0.007,-0.01],"_shiftlockState":false,"_pose":"Running","_animationQueue":[["walk",0.1]],"_animationSpeed":0.555,"_zoom":9.632},{"_mousePosition":[1181,369],"_rootPartCFrame":[775.57,222.634,47.148,0,0,1,0,1,0,-1,0,0],"_humanoidState":8,"_cameraCFrame":[783.418,229.718,47.052,-0.012,-0.58,0.815,0,0.815,0.58,-1,0.007,-0.01],"_shiftlockState":false,"_pose":"Running","_animationQueue":[["walk",0.1]],"_animationSpeed":1.089,"_zoom":9.632},{"_mousePosition":[1181,369],"_rootPartCFrame":[775.17,222.672,47.153,-0.002,0,1,0,1,0,-1,0,-0.002],"_humanoidState":8,"_cameraCFrame":[783.018,229.756,47.057,-0.012,-0.58,0.815,0,0.815,0.58,-1,0.007,-0.01],"_shiftlockState":false,"_pose":"Running","_animationQueue":[["walk",0.1]],"_animationSpeed":1.089,"_zoom":9.632},{"_mousePosition":[1181,369],"_rootPartCFrame":[775.037,222.679,47.154,-0.003,0,1,0,1,0,-1,0,-0.003],"_humanoidState":8,"_cameraCFrame":[782.884,229.764,47.058,-0.012,-0.58,0.815,0,0.815,0.58,-1,0.007,-0.01],"_shiftlockState":false,"_pose":"Running","_animationQueue":[],"_animationSpeed":1.089,"_zoom":9.632},{"_mousePosition":[1181,370],"_rootPartCFrame":[774.771,222.689,47.158,-0.004,0,1,0,1,0,-1,0,-0.004],"_humanoidState":8,"_cameraCFrame":[782.618,229.773,47.061,-0.012,-0.58,0.815,0,0.815,0.58,-1,0.007,-0.01],"_shiftlockState":false,"_pose":"Running","_animationQueue":[],"_animationSpeed":1.089,"_zoom":9.632},{"_mousePosition":[1169,373],"_rootPartCFrame":[774.504,222.694,47.161,-0.005,0,1,0,1,0,-1,0,-0.005],"_humanoidState":8,"_cameraCFrame":[782.351,229.778,47.065,-0.012,-0.58,0.815,0,0.815,0.58,-1,0.007,-0.01],"_shiftlockState":false,"_pose":"Running","_animationQueue":[],"_animationSpeed":1.089,"_zoom":9.632},{"_mousePosition":[1157,377],"_rootPartCFrame":[774.104,222.697,47.166,-0.007,0,1,0,1,0,-1,0,-0.007],"_humanoidState":8,"_cameraCFrame":[781.951,229.782,47.07,-0.012,-0.58,0.815,0,0.815,0.58,-1,0.007,-0.01],"_shiftlockState":false,"_pose":"Running","_animationQueue":[],"_animationSpeed":1.089,"_zoom":9.632},{"_mousePosition":[1141,383],"_rootPartCFrame":[773.971,222.698,47.168,-0.007,0,1,0,1,0,-1,0,-0.007],"_humanoidState":8,"_cameraCFrame":[781.818,229.782,47.071,-0.012,-0.58,0.815,0,0.815,0.58,-1,0.007,-0.01],"_shiftlockState":false,"_pose":"Running","_animationQueue":[],"_animationSpeed":1.089,"_zoom":9.632},{"_mousePosition":[1129,388],"_rootPartCFrame":[773.571,222.699,47.172,-0.008,0,1,0,1,0,-1,0,-0.008],"_humanoidState":8,"_cameraCFrame":[781.418,229.784,47.076,-0.012,-0.58,0.815,0,0.815,0.58,-1,0.007,-0.01],"_shiftlockState":false,"_pose":"Running","_animationQueue":[["walk",0.1]],"_animationSpeed":1.089,"_zoom":9.632},{"_mousePosition":[1113,394],"_rootPartCFrame":[773.438,222.699,47.174,-0.008,0,1,0,1,0,-1,0,-0.008],"_humanoidState":8,"_cameraCFrame":[781.285,229.784,47.078,-0.012,-0.58,0.815,0,0.815,0.58,-1,0.007,-0.01],"_shiftlockState":false,"_pose":"Running","_animationQueue":[],"_animationSpeed":1.089,"_zoom":9.632},{"_mousePosition":[1102,399],"_rootPartCFrame":[773.038,222.699,47.179,-0.009,0,1,0,1,0,-1,0,-0.009],"_humanoidState":8,"_cameraCFrame":[780.885,229.784,47.083,-0.012,-0.58,0.815,0,0.815,0.58,-1,0.007,-0.01],"_shiftlockState":false,"_pose":"Running","_animationQueue":[],"_animationSpeed":1.089,"_zoom":9.632},{"_mousePosition":[1091,403],"_rootPartCFrame":[772.904,222.7,47.181,-0.009,0,1,0,1,0,-1,0,-0.009],"_humanoidState":8,"_cameraCFrame":[780.752,229.784,47.084,-0.012,-0.58,0.815,0,0.815,0.58,-1,0.007,-0.01],"_shiftlockState":false,"_pose":"Running","_animationQueue":[],"_animationSpeed":1.089,"_zoom":9.632},{"_mousePosition":[1082,406],"_rootPartCFrame":[772.504,222.7,47.186,-0.01,0,1,0,1,0,-1,0,-0.01],"_humanoidState":8,"_cameraCFrame":[780.352,229.784,47.089,-0.012,-0.58,0.815,0,0.815,0.58,-1,0.007,-0.01],"_shiftlockState":false,"_pose":"Running","_animationQueue":[],"_animationSpeed":1.089,"_zoom":9.632},{"_mousePosition":[1071,410],"_rootPartCFrame":[772.238,222.7,47.189,-0.01,0,1,0,1,0,-1,0,-0.01],"_humanoidState":8,"_cameraCFrame":[780.085,229.784,47.093,-0.012,-0.58,0.815,0,0.815,0.58,-1,0.007,-0.01],"_shiftlockState":false,"_pose":"Running","_animationQueue":[],"_animationSpeed":1.089,"_zoom":9.632},{"_mousePosition":[1062,412],"_rootPartCFrame":[771.971,222.7,47.192,-0.011,0,1,0,1,0,-1,0,-0.011],"_humanoidState":8,"_cameraCFrame":[779.818,229.784,47.096,-0.012,-0.58,0.815,0,0.815,0.58,-1,0.007,-0.01],"_shiftlockState":false,"_pose":"Running","_animationQueue":[["walk",0.1]],"_animationSpeed":1.089,"_zoom":9.632},{"_mousePosition":[1046,415],"_rootPartCFrame":[771.838,222.7,47.194,-0.011,0,1,0,1,0,-1,0,-0.011],"_humanoidState":8,"_cameraCFrame":[779.685,229.784,47.097,-0.012,-0.58,0.815,0,0.815,0.58,-1,0.007,-0.01],"_shiftlockState":false,"_pose":"Running","_animationQueue":[],"_animationSpeed":1.089,"_zoom":9.632},{"_mousePosition":[1034,415],"_rootPartCFrame":[771.438,222.7,47.199,-0.011,0,1,0,1,0,-1,0,-0.011],"_humanoidState":8,"_cameraCFrame":[779.285,229.784,47.102,-0.012,-0.58,0.815,0,0.815,0.58,-1,0.007,-0.01],"_shiftlockState":false,"_pose":"Running","_animationQueue":[],"_animationSpeed":1.089,"_zoom":9.632},{"_mousePosition":[1015,417],"_rootPartCFrame":[771.305,222.7,47.2,-0.011,0,1,0,1,0,-1,0,-0.011],"_humanoidState":8,"_cameraCFrame":[779.152,229.784,47.104,-0.012,-0.58,0.815,0,0.815,0.58,-1,0.007,-0.01],"_shiftlockState":false,"_pose":"Running","_animationQueue":[],"_animationSpeed":1.089,"_zoom":9.632},{"_mousePosition":[1001,417],"_rootPartCFrame":[770.905,223.991,47.205,-0.011,0,1,0,1,0,-1,0,-0.011],"_humanoidState":3,"_cameraCFrame":[778.752,231.075,47.109,-0.012,-0.58,0.815,0,0.815,0.58,-1,0.007,-0.01],"_shiftlockState":false,"_pose":"Jumping","_animationQueue":[["walk",0.1],["jump",0.1]],"_animationSpeed":1,"_zoom":9.632},{"_mousePosition":[982,417],"_rootPartCFrame":[770.705,224.592,47.208,-0.011,0,1,0,1,0,-1,0,-0.011],"_humanoidState":5,"_cameraCFrame":[778.552,231.676,47.111,-0.012,-0.58,0.815,0,0.815,0.58,-1,0.007,-0.01],"_shiftlockState":false,"_pose":"FreeFall","_animationQueue":[["jump",0.1]],"_animationSpeed":1,"_zoom":9.632},{"_mousePosition":[963,417],"_rootPartCFrame":[770.438,225.346,47.211,-0.012,0,1,0,1,0,-1,0,-0.012],"_humanoidState":5,"_cameraCFrame":[778.285,232.43,47.115,-0.012,-0.58,0.815,0,0.815,0.58,-1,0.007,-0.01],"_shiftlockState":false,"_pose":"FreeFall","_animationQueue":[],"_animationSpeed":1,"_zoom":9.632},{"_mousePosition":[936,416],"_rootPartCFrame":[770.238,225.875,47.213,-0.012,0,1,0,1,0,-1,0,-0.012],"_humanoidState":5,"_cameraCFrame":[778.086,232.96,47.117,-0.012,-0.58,0.815,0,0.815,0.58,-1,0.007,-0.01],"_shiftlockState":false,"_pose":"FreeFall","_animationQueue":[],"_animationSpeed":1,"_zoom":9.632},{"_mousePosition":[917,415],"_rootPartCFrame":[769.905,226.69,47.217,-0.012,0,1,0,1,0,-1,0,-0.012],"_humanoidState":5,"_cameraCFrame":[777.752,233.775,47.121,-0.012,-0.58,0.815,0,0.815,0.58,-1,0.007,-0.01],"_shiftlockState":false,"_pose":"FreeFall","_animationQueue":[],"_animationSpeed":1,"_zoom":9.632},{"_mousePosition":[890,413],"_rootPartCFrame":[769.638,227.28,47.221,-0.012,0,1,0,1,0,-1,0,-0.012],"_humanoidState":5,"_cameraCFrame":[777.486,234.365,47.124,-0.012,-0.58,0.815,0,0.815,0.58,-1,0.007,-0.01],"_shiftlockState":false,"_pose":"FreeFall","_animationQueue":[],"_animationSpeed":1,"_zoom":9.632},{"_mousePosition":[872,412],"_rootPartCFrame":[769.305,227.942,47.225,-0.012,0,1,0,1,0,-1,0,-0.012],"_humanoidState":5,"_cameraCFrame":[777.152,235.026,47.128,-0.012,-0.58,0.815,0,0.815,0.58,-1,0.007,-0.01],"_shiftlockState":false,"_pose":"FreeFall","_animationQueue":[],"_animationSpeed":1,"_zoom":9.632},{"_mousePosition":[846,410],"_rootPartCFrame":[769.105,228.298,47.227,-0.012,0,1,0,1,0,-1,0,-0.012],"_humanoidState":5,"_cameraCFrame":[776.952,235.382,47.131,-0.012,-0.58,0.815,0,0.815,0.58,-1,0.007,-0.01],"_shiftlockState":false,"_pose":"FreeFall","_animationQueue":[],"_animationSpeed":1,"_zoom":9.632},{"_mousePosition":[827,407],"_rootPartCFrame":[768.839,228.725,47.23,-0.012,0,1,0,1,0,-1,0,-0.012],"_humanoidState":5,"_cameraCFrame":[776.686,235.809,47.134,-0.012,-0.58,0.815,0,0.815,0.58,-1,0.007,-0.01],"_shiftlockState":false,"_pose":"FreeFall","_animationQueue":[],"_animationSpeed":1,"_zoom":9.632},{"_mousePosition":[800,402],"_rootPartCFrame":[768.572,229.097,47.234,-0.012,0,1,0,1,0,-1,0,-0.012],"_humanoidState":5,"_cameraCFrame":[776.419,236.181,47.137,-0.012,-0.58,0.815,0,0.815,0.58,-1,0.007,-0.01],"_shiftlockState":false,"_pose":"FreeFall","_animationQueue":[],"_animationSpeed":1,"_zoom":9.632},{"_mousePosition":[789,400],"_rootPartCFrame":[768.239,229.486,47.238,-0.012,0,1,0,1,0,-1,0,-0.012],"_humanoidState":5,"_cameraCFrame":[776.086,236.57,47.142,-0.012,-0.58,0.815,0,0.815,0.58,-1,0.007,-0.01],"_shiftlockState":false,"_pose":"FreeFall","_animationQueue":[],"_animationSpeed":1,"_zoom":9.632},{"_mousePosition":[775,397],"_rootPartCFrame":[768.105,229.617,47.239,-0.012,0,1,0,1,0,-1,0,-0.012],"_humanoidState":5,"_cameraCFrame":[775.953,236.702,47.143,-0.012,-0.58,0.815,0,0.815,0.58,-1,0.007,-0.01],"_shiftlockState":false,"_pose":"FreeFall","_animationQueue":[],"_animationSpeed":1,"_zoom":9.632},{"_mousePosition":[767,394],"_rootPartCFrame":[767.772,229.887,47.244,-0.012,0,1,0,1,0,-1,0,-0.012],"_humanoidState":5,"_cameraCFrame":[775.619,236.972,47.147,-0.012,-0.58,0.815,0,0.815,0.58,-1,0.007,-0.01],"_shiftlockState":false,"_pose":"FreeFall","_animationQueue":[],"_animationSpeed":1,"_zoom":9.632},{"_mousePosition":[760,393],"_rootPartCFrame":[767.572,230.008,47.246,-0.012,0,1,0,1,0,-1,0,-0.012],"_humanoidState":5,"_cameraCFrame":[775.419,237.093,47.15,-0.012,-0.58,0.815,0,0.815,0.58,-1,0.007,-0.01],"_shiftlockState":false,"_pose":"FreeFall","_animationQueue":[],"_animationSpeed":1,"_zoom":9.632},{"_mousePosition":[759,393],"_rootPartCFrame":[767.239,230.141,47.25,-0.012,0,1,0,1,0,-1,0,-0.012],"_humanoidState":5,"_cameraCFrame":[775.086,237.226,47.154,-0.012,-0.58,0.815,0,0.815,0.58,-1,0.007,-0.01],"_shiftlockState":false,"_pose":"FreeFall","_animationQueue":[],"_animationSpeed":1,"_zoom":9.632},{"_mousePosition":[759,393],"_rootPartCFrame":[767.039,230.181,47.253,-0.012,0,1,0,1,0,-1,0,-0.012],"_humanoidState":5,"_cameraCFrame":[774.886,237.265,47.156,-0.012,-0.58,0.815,0,0.815,0.58,-1,0.007,-0.01],"_shiftlockState":false,"_pose":"FreeFall","_animationQueue":[],"_animationSpeed":1,"_zoom":9.632},{"_mousePosition":[759,393],"_rootPartCFrame":[766.706,230.178,47.257,-0.012,0,1,0,1,0,-1,0,-0.012],"_humanoidState":5,"_cameraCFrame":[774.553,237.262,47.16,-0.012,-0.58,0.815,0,0.815,0.58,-1,0.007,-0.01],"_shiftlockState":false,"_pose":"FreeFall","_animationQueue":[["fall",0.3]],"_animationSpeed":1,"_zoom":9.632},{"_mousePosition":[759,393],"_rootPartCFrame":[766.506,230.135,47.259,-0.012,0,1,0,1,0,-1,0,-0.012],"_humanoidState":5,"_cameraCFrame":[774.353,237.22,47.163,-0.012,-0.58,0.815,0,0.815,0.58,-1,0.007,-0.01],"_shiftlockState":false,"_pose":"FreeFall","_animationQueue":[],"_animationSpeed":1,"_zoom":9.632},{"_mousePosition":[759,393],"_rootPartCFrame":[766.239,230.031,47.262,-0.012,0,1,0,1,0,-1,0,-0.012],"_humanoidState":5,"_cameraCFrame":[774.086,237.115,47.166,-0.012,-0.58,0.815,0,0.815,0.58,-1,0.007,-0.01],"_shiftlockState":false,"_pose":"FreeFall","_animationQueue":[],"_animationSpeed":1,"_zoom":9.632},{"_mousePosition":[759,393],"_rootPartCFrame":[765.973,229.872,47.266,-0.012,0,1,0,1,0,-1,0,-0.012],"_humanoidState":5,"_cameraCFrame":[773.82,236.956,47.169,-0.012,-0.58,0.815,0,0.815,0.58,-1,0.007,-0.01],"_shiftlockState":false,"_pose":"FreeFall","_animationQueue":[],"_animationSpeed":1,"_zoom":9.632},{"_mousePosition":[759,393],"_rootPartCFrame":[765.706,229.658,47.269,-0.012,0,1,0,1,0,-1,0,-0.012],"_humanoidState":5,"_cameraCFrame":[773.553,236.743,47.173,-0.012,-0.58,0.815,0,0.815,0.58,-1,0.007,-0.01],"_shiftlockState":false,"_pose":"FreeFall","_animationQueue":[],"_animationSpeed":1,"_zoom":9.632},{"_mousePosition":[759,393],"_rootPartCFrame":[765.439,229.39,47.272,-0.012,0,1,0,1,0,-1,0,-0.012],"_humanoidState":5,"_cameraCFrame":[773.287,236.475,47.176,-0.012,-0.58,0.815,0,0.815,0.58,-1,0.007,-0.01],"_shiftlockState":false,"_pose":"FreeFall","_animationQueue":[],"_animationSpeed":1,"_zoom":9.632},{"_mousePosition":[759,393],"_rootPartCFrame":[765.173,229.068,47.275,-0.012,0,1,0,1,0,-1,0,-0.012],"_humanoidState":5,"_cameraCFrame":[773.02,236.152,47.179,-0.012,-0.58,0.815,0,0.815,0.58,-1,0.007,-0.01],"_shiftlockState":false,"_pose":"FreeFall","_animationQueue":[],"_animationSpeed":1,"_zoom":9.632},{"_mousePosition":[759,393],"_rootPartCFrame":[764.906,228.691,47.279,-0.012,0,1,0,1,0,-1,0,-0.012],"_humanoidState":5,"_cameraCFrame":[772.754,235.775,47.199,-0.01,-0.58,0.815,0,0.815,0.58,-1,0.006,-0.008],"_shiftlockState":false,"_pose":"FreeFall","_animationQueue":[["fall",0.3]],"_animationSpeed":1,"_zoom":9.632},{"_mousePosition":[759,393],"_rootPartCFrame":[764.64,228.259,47.282,-0.012,0,1,0,1,0,-1,0,-0.012],"_humanoidState":5,"_cameraCFrame":[772.487,235.344,47.21,-0.009,-0.58,0.815,0,0.815,0.58,-1,0.005,-0.007],"_shiftlockState":false,"_pose":"FreeFall","_animationQueue":[],"_animationSpeed":1,"_zoom":9.632},{"_mousePosition":[759,393],"_rootPartCFrame":[764.373,227.773,47.285,-0.012,0,1,0,1,0,-1,0,-0.012],"_humanoidState":5,"_cameraCFrame":[772.216,234.864,47.23,-0.007,-0.58,0.814,0,0.814,0.58,-1,0.004,-0.006],"_shiftlockState":false,"_pose":"FreeFall","_animationQueue":[],"_animationSpeed":1,"_zoom":9.632},{"_mousePosition":[759,393],"_rootPartCFrame":[764.04,227.089,47.288,-0.012,0,1,0,1,0,-1,0,-0.012],"_humanoidState":5,"_cameraCFrame":[771.878,234.186,47.241,-0.006,-0.581,0.814,0,0.814,0.581,-1,0.003,-0.005],"_shiftlockState":false,"_pose":"FreeFall","_animationQueue":[],"_animationSpeed":1,"_zoom":9.632},{"_mousePosition":[759,393],"_rootPartCFrame":[763.84,226.638,47.289,-0.011,0,1,0,1,0,-1,0,-0.011],"_humanoidState":5,"_cameraCFrame":[771.679,233.735,47.251,-0.005,-0.581,0.814,0,0.814,0.581,-1,0.003,-0.004],"_shiftlockState":false,"_pose":"FreeFall","_animationQueue":[],"_animationSpeed":1,"_zoom":9.632},{"_mousePosition":[759,393],"_rootPartCFrame":[763.573,225.988,47.291,-0.011,0,1,0,1,0,-1,0,-0.011],"_humanoidState":5,"_cameraCFrame":[771.412,233.086,47.269,-0.003,-0.581,0.814,0,0.814,0.581,-1,0.002,-0.002],"_shiftlockState":false,"_pose":"FreeFall","_animationQueue":[],"_animationSpeed":1,"_zoom":9.632},{"_mousePosition":[759,393],"_rootPartCFrame":[763.307,225.284,47.292,-0.01,0,1,0,1,0,-1,0,-0.01],"_humanoidState":5,"_cameraCFrame":[771.145,232.382,47.27,-0.003,-0.581,0.814,0,0.814,0.581,-1,0.002,-0.002],"_shiftlockState":false,"_pose":"FreeFall","_animationQueue":[["fall",0.3]],"_animationSpeed":1,"_zoom":9.632},{"_mousePosition":[759,393],"_rootPartCFrame":[763.04,224.526,47.293,-0.009,0,1,0,1,0,-1,0,-0.009],"_humanoidState":5,"_cameraCFrame":[770.879,231.623,47.271,-0.003,-0.581,0.814,0,0.814,0.581,-1,0.002,-0.002],"_shiftlockState":false,"_pose":"FreeFall","_animationQueue":[],"_animationSpeed":1,"_zoom":9.632},{"_mousePosition":[759,393],"_rootPartCFrame":[762.773,223.713,47.294,-0.008,0,1,0,1,0,-1,0,-0.008],"_humanoidState":5,"_cameraCFrame":[770.609,230.81,45.53,-0.002,-0.581,0.814,0,0.814,0.581,-1,0.001,-0.001],"_shiftlockState":true,"_pose":"FreeFall","_animationQueue":[],"_animationSpeed":1,"_zoom":9.632},{"_mousePosition":[683,352.5],"_rootPartCFrame":[762.44,222.62,47.295,-0.002,0,1,0,1,0,-1,0,-0.002],"_humanoidState":5,"_cameraCFrame":[770.276,229.717,45.531,-0.002,-0.581,0.814,0,0.814,0.581,-1,0.001,-0.001],"_shiftlockState":true,"_pose":"FreeFall","_animationQueue":[],"_animationSpeed":1,"_zoom":9.632},{"_mousePosition":[683,352.5],"_rootPartCFrame":[762.24,221.923,47.295,-0.002,0,1,0,1,0,-1,0,-0.002],"_humanoidState":5,"_cameraCFrame":[770.073,229.027,45.539,-0.001,-0.582,0.813,0,0.813,0.582,-1,0,-0.001],"_shiftlockState":true,"_pose":"FreeFall","_animationQueue":[],"_animationSpeed":1,"_zoom":9.632},{"_mousePosition":[683,352.5],"_rootPartCFrame":[761.907,220.694,47.296,-0.001,0,1,0,1,0,-1,0,-0.001],"_humanoidState":5,"_cameraCFrame":[769.742,227.798,45.548,0,-0.582,0.813,0,0.813,0.582,-1,0,0],"_shiftlockState":true,"_pose":"FreeFall","_animationQueue":[],"_animationSpeed":1,"_zoom":9.632},{"_mousePosition":[683,352.5],"_rootPartCFrame":[761.784,220.664,47.296,0,0,1,0,1,0,-1,0,0],"_humanoidState":12,"_cameraCFrame":[769.618,227.774,45.565,0.002,-0.582,0.813,0,0.813,0.582,-1,-0.001,0.002],"_shiftlockState":true,"_pose":"Climbing","_animationQueue":[["fall",0.3],["walk",0.1],["fall",0.3],["climb",0.1],["climb",0]],"_animationSpeed":-5.053,"_zoom":9.632},{"_mousePosition":[683,352.5],"_rootPartCFrame":[761.761,220.842,47.296,0.002,0,1,0,1,0,-1,0,0.002],"_humanoidState":12,"_cameraCFrame":[769.595,227.951,45.565,0.002,-0.582,0.813,0,0.813,0.582,-1,-0.001,0.002],"_shiftlockState":true,"_pose":"Climbing","_animationQueue":[["climb",0.1]],"_animationSpeed":0.618,"_zoom":9.632},{"_mousePosition":[683,352.5],"_rootPartCFrame":[761.616,221.221,47.296,0.002,0,1,0,1,0,-1,0,0.002],"_humanoidState":8,"_cameraCFrame":[769.45,228.331,45.564,0.002,-0.582,0.813,0,0.813,0.582,-1,-0.001,0.002],"_shiftlockState":true,"_pose":"Standing","_animationQueue":[["climb",0.1],["walk",0.1],["idle",0.1]],"_animationSpeed":1,"_zoom":9.632},{"_mousePosition":[683,352.5],"_rootPartCFrame":[761.291,221.583,47.295,0.002,0,1,0,1,0,-1,0,0.002],"_humanoidState":8,"_cameraCFrame":[769.125,228.693,45.564,0.002,-0.582,0.813,0,0.813,0.582,-1,-0.001,0.002],"_shiftlockState":true,"_pose":"Running","_animationQueue":[["walk",0.1]],"_animationSpeed":0.866,"_zoom":9.632},{"_mousePosition":[683,352.5],"_rootPartCFrame":[761.091,221.709,47.294,0.002,0,1,0,1,0,-1,0,0.002],"_humanoidState":8,"_cameraCFrame":[768.925,228.818,45.563,0.002,-0.582,0.813,0,0.813,0.582,-1,-0.001,0.002],"_shiftlockState":true,"_pose":"Running","_animationQueue":[["walk",0.1]],"_animationSpeed":1.102,"_zoom":9.632},{"_mousePosition":[683,352.5],"_rootPartCFrame":[760.758,221.824,47.294,0.002,0,1,0,1,0,-1,0,0.002],"_humanoidState":8,"_cameraCFrame":[768.592,228.934,45.562,0.002,-0.582,0.813,0,0.813,0.582,-1,-0.001,0.002],"_shiftlockState":true,"_pose":"Running","_animationQueue":[],"_animationSpeed":1.102,"_zoom":9.632},{"_mousePosition":[683,352.5],"_rootPartCFrame":[760.558,221.864,47.293,0.002,0,1,0,1,0,-1,0,0.002],"_humanoidState":8,"_cameraCFrame":[768.392,228.974,45.562,0.002,-0.582,0.813,0,0.813,0.582,-1,-0.001,0.002],"_shiftlockState":true,"_pose":"Running","_animationQueue":[["walk",0.1]],"_animationSpeed":1.102,"_zoom":9.632},{"_mousePosition":[683,352.5],"_rootPartCFrame":[760.291,221.897,47.293,0.002,0,1,0,1,0,-1,0,0.002],"_humanoidState":8,"_cameraCFrame":[768.125,229.007,45.561,0.002,-0.582,0.813,0,0.813,0.582,-1,-0.001,0.002],"_shiftlockState":true,"_pose":"Running","_animationQueue":[],"_animationSpeed":1.102,"_zoom":9.632},{"_mousePosition":[683,352.5],"_rootPartCFrame":[760.153,221.917,47.292,0.002,0,1,0,1,0,-1,0,0.002],"_humanoidState":8,"_cameraCFrame":[767.987,229.026,45.561,0.002,-0.582,0.813,0,0.813,0.582,-1,-0.001,0.002],"_shiftlockState":true,"_pose":"Running","_animationQueue":[],"_animationSpeed":1.102,"_zoom":9.632},{"_mousePosition":[683,352.5],"_rootPartCFrame":[760.144,221.93,47.292,0.002,0,1,0,1,0,-1,0,0.002],"_humanoidState":8,"_cameraCFrame":[767.978,229.04,45.561,0.002,-0.582,0.813,0,0.813,0.582,-1,-0.001,0.002],"_shiftlockState":true,"_pose":"Running","_animationQueue":[["walk",0.1]],"_animationSpeed":0.251,"_zoom":9.632},{"_mousePosition":[683,352.5],"_rootPartCFrame":[760.144,221.939,47.292,0.002,0,1,0,1,0,-1,0,0.002],"_humanoidState":8,"_cameraCFrame":[767.978,229.049,45.561,0.002,-0.582,0.813,0,0.813,0.582,-1,-0.001,0.002],"_shiftlockState":true,"_pose":"Standing","_animationQueue":[["idle",0.1]],"_animationSpeed":1,"_zoom":9.632},{"_mousePosition":[683,352.5],"_rootPartCFrame":[760.144,221.944,47.292,0.002,0,1,0,1,0,-1,0,0.002],"_humanoidState":8,"_cameraCFrame":[767.978,229.054,45.561,0.002,-0.582,0.813,0,0.813,0.582,-1,-0.001,0.002],"_shiftlockState":true,"_pose":"Standing","_animationQueue":[],"_animationSpeed":1,"_zoom":9.632},{"_mousePosition":[683,352.5],"_rootPartCFrame":[760.144,221.947,47.292,0.002,0,1,0,1,0,-1,0,0.002],"_humanoidState":8,"_cameraCFrame":[767.978,229.057,45.561,0.002,-0.582,0.813,0,0.813,0.582,-1,-0.001,0.002],"_shiftlockState":true,"_pose":"Standing","_animationQueue":[],"_animationSpeed":1,"_zoom":9.632},{"_mousePosition":[683,352.5],"_rootPartCFrame":[760.144,221.948,47.292,0.002,0,1,0,1,0,-1,0,0.002],"_humanoidState":8,"_cameraCFrame":[767.978,229.058,45.561,0.002,-0.582,0.813,0,0.813,0.582,-1,-0.001,0.002],"_shiftlockState":true,"_pose":"Standing","_animationQueue":[],"_animationSpeed":1,"_zoom":9.632},{"_mousePosition":[683,352.5],"_rootPartCFrame":[760.144,221.949,47.292,0.002,0,1,0,1,0,-1,0,0.002],"_humanoidState":8,"_cameraCFrame":[767.978,229.059,45.561,0.002,-0.582,0.813,0,0.813,0.582,-1,-0.001,0.002],"_shiftlockState":true,"_pose":"Standing","_animationQueue":[],"_animationSpeed":1,"_zoom":9.632},{"_mousePosition":[683,352.5],"_rootPartCFrame":[760.144,221.949,47.292,0.002,0,1,0,1,0,-1,0,0.002],"_humanoidState":8,"_cameraCFrame":[767.978,229.059,45.561,0.002,-0.582,0.813,0,0.813,0.582,-1,-0.001,0.002],"_shiftlockState":true,"_pose":"Standing","_animationQueue":[],"_animationSpeed":1,"_zoom":9.632},{"_mousePosition":[683,352.5],"_rootPartCFrame":[760.144,221.949,47.292,0.002,0,1,0,1,0,-1,0,0.002],"_humanoidState":8,"_cameraCFrame":[767.978,229.059,45.561,0.002,-0.582,0.813,0,0.813,0.582,-1,-0.001,0.002],"_shiftlockState":true,"_pose":"Standing","_animationQueue":[],"_animationSpeed":1,"_zoom":9.632},{"_mousePosition":[683,352.5],"_rootPartCFrame":[760.144,221.95,47.292,0.002,0,1,0,1,0,-1,0,0.002],"_humanoidState":8,"_cameraCFrame":[767.978,229.059,45.561,0.002,-0.582,0.813,0,0.813,0.582,-1,-0.001,0.002],"_shiftlockState":true,"_pose":"Standing","_animationQueue":[],"_animationSpeed":1,"_zoom":9.632},{"_mousePosition":[683,352.5],"_rootPartCFrame":[760.144,221.95,47.292,0.002,0,1,0,1,0,-1,0,0.002],"_humanoidState":8,"_cameraCFrame":[767.978,229.059,45.561,0.002,-0.582,0.813,0,0.813,0.582,-1,-0.001,0.002],"_shiftlockState":true,"_pose":"Standing","_animationQueue":[],"_animationSpeed":1,"_zoom":9.632},{"_mousePosition":[683,352.5],"_rootPartCFrame":[760.144,221.95,47.292,0.002,0,1,0,1,0,-1,0,0.002],"_humanoidState":8,"_cameraCFrame":[767.978,229.059,45.561,0.002,-0.582,0.813,0,0.813,0.582,-1,-0.001,0.002],"_shiftlockState":true,"_pose":"Standing","_animationQueue":[],"_animationSpeed":1,"_zoom":9.632},{"_mousePosition":[683,352.5],"_rootPartCFrame":[760.144,221.95,47.292,0.002,0,1,0,1,0,-1,0,0.002],"_humanoidState":8,"_cameraCFrame":[767.978,229.059,45.561,0.002,-0.582,0.813,0,0.813,0.582,-1,-0.001,0.002],"_shiftlockState":true,"_pose":"Standing","_animationQueue":[],"_animationSpeed":1,"_zoom":9.632},{"_mousePosition":[683,352.5],"_rootPartCFrame":[760.144,221.95,47.292,0.002,0,1,0,1,0,-1,0,0.002],"_humanoidState":8,"_cameraCFrame":[767.978,229.059,45.561,0.002,-0.582,0.813,0,0.813,0.582,-1,-0.001,0.002],"_shiftlockState":true,"_pose":"Standing","_animationQueue":[],"_animationSpeed":1,"_zoom":9.632},{"_mousePosition":[683,352.5],"_rootPartCFrame":[760.144,221.95,47.292,0.002,0,1,0,1,0,-1,0,0.002],"_humanoidState":8,"_cameraCFrame":[767.978,229.059,45.561,0.002,-0.582,0.813,0,0.813,0.582,-1,-0.001,0.002],"_shiftlockState":true,"_pose":"Standing","_animationQueue":[],"_animationSpeed":1,"_zoom":9.632},{"_mousePosition":[683,352.5],"_rootPartCFrame":[760.144,221.95,47.292,0.002,0,1,0,1,0,-1,0,0.002],"_humanoidState":8,"_cameraCFrame":[767.978,229.059,45.561,0.002,-0.582,0.813,0,0.813,0.582,-1,-0.001,0.002],"_shiftlockState":true,"_pose":"Standing","_animationQueue":[],"_animationSpeed":1,"_zoom":9.632},{"_mousePosition":[683,352.5],"_rootPartCFrame":[760.144,221.95,47.292,0.002,0,1,0,1,0,-1,0,0.002],"_humanoidState":8,"_cameraCFrame":[767.978,229.059,45.561,0.002,-0.582,0.813,0,0.813,0.582,-1,-0.001,0.002],"_shiftlockState":true,"_pose":"Standing","_animationQueue":[],"_animationSpeed":1,"_zoom":9.632},{"_mousePosition":[683,352.5],"_rootPartCFrame":[760.144,221.95,47.292,0.002,0,1,0,1,0,-1,0,0.002],"_humanoidState":8,"_cameraCFrame":[767.978,229.059,45.561,0.002,-0.582,0.813,0,0.813,0.582,-1,-0.001,0.002],"_shiftlockState":true,"_pose":"Standing","_animationQueue":[],"_animationSpeed":1,"_zoom":9.632},{"_mousePosition":[683,352.5],"_rootPartCFrame":[760.144,221.95,47.292,0.002,0,1,0,1,0,-1,0,0.002],"_humanoidState":8,"_cameraCFrame":[767.978,229.059,45.561,0.002,-0.582,0.813,0,0.813,0.582,-1,-0.001,0.002],"_shiftlockState":true,"_pose":"Standing","_animationQueue":[],"_animationSpeed":1,"_zoom":9.632},{"_mousePosition":[683,352.5],"_rootPartCFrame":[760.144,221.95,47.292,0.002,0,1,0,1,0,-1,0,0.002],"_humanoidState":8,"_cameraCFrame":[767.978,229.059,45.561,0.002,-0.582,0.813,0,0.813,0.582,-1,-0.001,0.002],"_shiftlockState":true,"_pose":"Standing","_animationQueue":[],"_animationSpeed":1,"_zoom":9.632},{"_mousePosition":[683,352.5],"_rootPartCFrame":[760.144,221.95,47.292,0.002,0,1,0,1,0,-1,0,0.002],"_humanoidState":8,"_cameraCFrame":[767.978,229.059,45.561,0.002,-0.582,0.813,0,0.813,0.582,-1,-0.001,0.002],"_shiftlockState":true,"_pose":"Standing","_animationQueue":[],"_animationSpeed":1,"_zoom":9.632},{"_mousePosition":[683,352.5],"_rootPartCFrame":[760.144,221.95,47.292,0.002,0,1,0,1,0,-1,0,0.002],"_humanoidState":8,"_cameraCFrame":[767.978,229.059,45.561,0.002,-0.582,0.813,0,0.813,0.582,-1,-0.001,0.002],"_shiftlockState":true,"_pose":"Standing","_animationQueue":[],"_animationSpeed":1,"_zoom":9.632},{"_mousePosition":[683,352.5],"_rootPartCFrame":[760.144,221.95,47.292,0.002,0,1,0,1,0,-1,0,0.002],"_humanoidState":8,"_cameraCFrame":[767.978,229.059,45.561,0.002,-0.582,0.813,0,0.813,0.582,-1,-0.001,0.002],"_shiftlockState":true,"_pose":"Standing","_animationQueue":[],"_animationSpeed":1,"_zoom":9.632},{"_mousePosition":[683,352.5],"_rootPartCFrame":[760.144,221.95,47.292,0.002,0,1,0,1,0,-1,0,0.002],"_humanoidState":8,"_cameraCFrame":[767.978,229.059,45.561,0.002,-0.582,0.813,0,0.813,0.582,-1,-0.001,0.002],"_shiftlockState":true,"_pose":"Standing","_animationQueue":[],"_animationSpeed":1,"_zoom":9.632},{"_mousePosition":[683,352.5],"_rootPartCFrame":[760.144,221.95,47.292,0.002,0,1,0,1,0,-1,0,0.002],"_humanoidState":8,"_cameraCFrame":[767.978,229.059,45.561,0.002,-0.582,0.813,0,0.813,0.582,-1,-0.001,0.002],"_shiftlockState":true,"_pose":"Standing","_animationQueue":[],"_animationSpeed":1,"_zoom":9.632},{"_mousePosition":[683,352.5],"_rootPartCFrame":[760.144,221.95,47.292,0.002,0,1,0,1,0,-1,0,0.002],"_humanoidState":8,"_cameraCFrame":[767.978,229.059,45.561,0.002,-0.582,0.813,0,0.813,0.582,-1,-0.001,0.002],"_shiftlockState":true,"_pose":"Standing","_animationQueue":[],"_animationSpeed":1,"_zoom":9.632},{"_mousePosition":[683,352.5],"_rootPartCFrame":[760.144,221.95,47.292,0.002,0,1,0,1,0,-1,0,0.002],"_humanoidState":8,"_cameraCFrame":[767.978,229.059,45.561,0.002,-0.582,0.813,0,0.813,0.582,-1,-0.001,0.002],"_shiftlockState":true,"_pose":"Standing","_animationQueue":[],"_animationSpeed":1,"_zoom":9.632},{"_mousePosition":[683,352.5],"_rootPartCFrame":[760.144,221.95,47.292,0.002,0,1,0,1,0,-1,0,0.002],"_humanoidState":8,"_cameraCFrame":[767.978,229.059,45.561,0.002,-0.582,0.813,0,0.813,0.582,-1,-0.001,0.002],"_shiftlockState":true,"_pose":"Standing","_animationQueue":[],"_animationSpeed":1,"_zoom":9.632},{"_mousePosition":[683,352.5],"_rootPartCFrame":[760.144,221.95,47.292,0.002,0,1,0,1,0,-1,0,0.002],"_humanoidState":8,"_cameraCFrame":[767.978,229.059,45.561,0.002,-0.582,0.813,0,0.813,0.582,-1,-0.001,0.002],"_shiftlockState":true,"_pose":"Standing","_animationQueue":[],"_animationSpeed":1,"_zoom":9.632},{"_mousePosition":[683,352.5],"_rootPartCFrame":[760.144,221.95,47.292,0.002,0,1,0,1,0,-1,0,0.002],"_humanoidState":8,"_cameraCFrame":[767.978,229.059,45.561,0.002,-0.582,0.813,0,0.813,0.582,-1,-0.001,0.002],"_shiftlockState":true,"_pose":"Standing","_animationQueue":[],"_animationSpeed":1,"_zoom":9.632},{"_mousePosition":[683,352.5],"_rootPartCFrame":[760.144,221.95,47.292,0.002,0,1,0,1,0,-1,0,0.002],"_humanoidState":8,"_cameraCFrame":[767.978,229.059,45.561,0.002,-0.582,0.813,0,0.813,0.582,-1,-0.001,0.002],"_shiftlockState":true,"_pose":"Standing","_animationQueue":[],"_animationSpeed":1,"_zoom":9.632},{"_mousePosition":[683,352.5],"_rootPartCFrame":[760.144,221.95,47.292,0.002,0,1,0,1,0,-1,0,0.002],"_humanoidState":8,"_cameraCFrame":[767.978,229.059,45.561,0.002,-0.582,0.813,0,0.813,0.582,-1,-0.001,0.002],"_shiftlockState":true,"_pose":"Standing","_animationQueue":[],"_animationSpeed":1,"_zoom":9.632},{"_mousePosition":[683,352.5],"_rootPartCFrame":[760.144,221.95,47.292,0.002,0,1,0,1,0,-1,0,0.002],"_humanoidState":8,"_cameraCFrame":[767.978,229.059,45.561,0.002,-0.582,0.813,0,0.813,0.582,-1,-0.001,0.002],"_shiftlockState":true,"_pose":"Standing","_animationQueue":[],"_animationSpeed":1,"_zoom":9.632},{"_mousePosition":[683,352.5],"_rootPartCFrame":[760.144,221.95,47.292,0.002,0,1,0,1,0,-1,0,0.002],"_humanoidState":8,"_cameraCFrame":[767.978,229.059,45.561,0.002,-0.582,0.813,0,0.813,0.582,-1,-0.001,0.002],"_shiftlockState":true,"_pose":"Standing","_animationQueue":[],"_animationSpeed":1,"_zoom":9.632},{"_mousePosition":[683,352.5],"_rootPartCFrame":[760.144,221.95,47.292,0.002,0,1,0,1,0,-1,0,0.002],"_humanoidState":8,"_cameraCFrame":[767.978,229.059,45.561,0.002,-0.582,0.813,0,0.813,0.582,-1,-0.001,0.002],"_shiftlockState":true,"_pose":"Standing","_animationQueue":[],"_animationSpeed":1,"_zoom":9.632},{"_mousePosition":[683,352.5],"_rootPartCFrame":[760.144,221.95,47.292,0.002,0,1,0,1,0,-1,0,0.002],"_humanoidState":8,"_cameraCFrame":[767.978,229.059,45.561,0.002,-0.582,0.813,0,0.813,0.582,-1,-0.001,0.002],"_shiftlockState":true,"_pose":"Standing","_animationQueue":[],"_animationSpeed":1,"_zoom":9.632},{"_mousePosition":[683,352.5],"_rootPartCFrame":[760.144,221.95,47.292,0.002,0,1,0,1,0,-1,0,0.002],"_humanoidState":8,"_cameraCFrame":[767.978,229.059,45.561,0.002,-0.582,0.813,0,0.813,0.582,-1,-0.001,0.002],"_shiftlockState":true,"_pose":"Standing","_animationQueue":[],"_animationSpeed":1,"_zoom":9.632},{"_mousePosition":[683,352.5],"_rootPartCFrame":[760.144,221.95,47.292,0.002,0,1,0,1,0,-1,0,0.002],"_humanoidState":8,"_cameraCFrame":[767.978,229.059,45.561,0.002,-0.582,0.813,0,0.813,0.582,-1,-0.001,0.002],"_shiftlockState":true,"_pose":"Standing","_animationQueue":[],"_animationSpeed":1,"_zoom":9.632},{"_mousePosition":[683,352.5],"_rootPartCFrame":[760.144,221.95,47.292,0.002,0,1,0,1,0,-1,0,0.002],"_humanoidState":8,"_cameraCFrame":[767.978,229.059,45.561,0.002,-0.582,0.813,0,0.813,0.582,-1,-0.001,0.002],"_shiftlockState":true,"_pose":"Standing","_animationQueue":[],"_animationSpeed":1,"_zoom":9.632},{"_mousePosition":[683,352.5],"_rootPartCFrame":[760.144,221.95,47.292,0.002,0,1,0,1,0,-1,0,0.002],"_humanoidState":8,"_cameraCFrame":[767.978,229.059,45.561,0.002,-0.582,0.813,0,0.813,0.582,-1,-0.001,0.002],"_shiftlockState":true,"_pose":"Standing","_animationQueue":[],"_animationSpeed":1,"_zoom":9.632},{"_mousePosition":[683,352.5],"_rootPartCFrame":[760.144,221.95,47.292,0.002,0,1,0,1,0,-1,0,0.002],"_humanoidState":8,"_cameraCFrame":[767.978,229.059,45.561,0.002,-0.582,0.813,0,0.813,0.582,-1,-0.001,0.002],"_shiftlockState":true,"_pose":"Standing","_animationQueue":[],"_animationSpeed":1,"_zoom":9.632},{"_mousePosition":[683,352.5],"_rootPartCFrame":[760.144,221.95,47.292,0.002,0,1,0,1,0,-1,0,0.002],"_humanoidState":8,"_cameraCFrame":[767.978,229.059,45.561,0.002,-0.582,0.813,0,0.813,0.582,-1,-0.001,0.002],"_shiftlockState":true,"_pose":"Standing","_animationQueue":[],"_animationSpeed":1,"_zoom":9.632},{"_mousePosition":[683,352.5],"_rootPartCFrame":[760.144,221.95,47.292,0.002,0,1,0,1,0,-1,0,0.002],"_humanoidState":8,"_cameraCFrame":[767.978,229.059,45.561,0.002,-0.582,0.813,0,0.813,0.582,-1,-0.001,0.002],"_shiftlockState":true,"_pose":"Standing","_animationQueue":[],"_animationSpeed":1,"_zoom":9.632},{"_mousePosition":[683,352.5],"_rootPartCFrame":[760.144,221.95,47.292,0.002,0,1,0,1,0,-1,0,0.002],"_humanoidState":8,"_cameraCFrame":[767.978,229.059,45.561,0.002,-0.582,0.813,0,0.813,0.582,-1,-0.001,0.002],"_shiftlockState":true,"_pose":"Standing","_animationQueue":[],"_animationSpeed":1,"_zoom":9.632},{"_mousePosition":[683,352.5],"_rootPartCFrame":[759.99,221.95,47.292,0.002,0,1,0,1,0,-1,0,0.002],"_humanoidState":8,"_cameraCFrame":[767.824,229.059,45.561,0.002,-0.582,0.813,0,0.813,0.582,-1,-0.001,0.002],"_shiftlockState":true,"_pose":"Standing","_animationQueue":[],"_animationSpeed":1,"_zoom":9.632},{"_mousePosition":[683,352.5],"_rootPartCFrame":[759.728,221.95,47.291,0.002,0,1,0,1,0,-1,0,0.002],"_humanoidState":8,"_cameraCFrame":[767.562,229.059,45.56,0.002,-0.582,0.813,0,0.813,0.582,-1,-0.001,0.002],"_shiftlockState":true,"_pose":"Running","_animationQueue":[["walk",0.1]],"_animationSpeed":0.852,"_zoom":9.632},{"_mousePosition":[683,352.5],"_rootPartCFrame":[759.461,221.95,47.291,0.002,0,1,0,1,0,-1,0,0.002],"_humanoidState":8,"_cameraCFrame":[767.295,229.059,45.559,0.002,-0.582,0.813,0,0.813,0.582,-1,-0.001,0.002],"_shiftlockState":true,"_pose":"Running","_animationQueue":[["walk",0.1]],"_animationSpeed":1.098,"_zoom":9.632},{"_mousePosition":[683,352.5],"_rootPartCFrame":[759.061,221.95,47.29,0.002,0,1,0,1,0,-1,0,0.002],"_humanoidState":8,"_cameraCFrame":[766.895,229.059,45.558,0.002,-0.582,0.813,0,0.813,0.582,-1,-0.001,0.002],"_shiftlockState":true,"_pose":"Running","_animationQueue":[],"_animationSpeed":1.098,"_zoom":9.632},{"_mousePosition":[683,352.5],"_rootPartCFrame":[758.928,221.95,47.289,0.002,0,1,0,1,0,-1,0,0.002],"_humanoidState":8,"_cameraCFrame":[766.762,229.059,45.558,0.002,-0.582,0.813,0,0.813,0.582,-1,-0.001,0.002],"_shiftlockState":true,"_pose":"Running","_animationQueue":[],"_animationSpeed":1.098,"_zoom":9.632},{"_mousePosition":[683,352.5],"_rootPartCFrame":[758.661,221.95,47.289,0.002,0,1,0,1,0,-1,0,0.002],"_humanoidState":8,"_cameraCFrame":[766.495,229.059,45.557,0.002,-0.582,0.813,0,0.813,0.582,-1,-0.001,0.002],"_shiftlockState":true,"_pose":"Running","_animationQueue":[],"_animationSpeed":1.098,"_zoom":9.632},{"_mousePosition":[683,352.5],"_rootPartCFrame":[758.394,221.95,47.288,0.002,0,1,0,1,0,-1,0,0.002],"_humanoidState":8,"_cameraCFrame":[766.228,229.059,45.557,0.002,-0.582,0.813,0,0.813,0.582,-1,-0.001,0.002],"_shiftlockState":true,"_pose":"Running","_animationQueue":[["walk",0.1]],"_animationSpeed":1.098,"_zoom":9.632},{"_mousePosition":[683,352.5],"_rootPartCFrame":[758.128,221.95,47.287,0.002,0,1,0,1,0,-1,0,0.002],"_humanoidState":8,"_cameraCFrame":[765.957,229.066,45.556,0.002,-0.583,0.812,0,0.812,0.583,-1,-0.001,0.002],"_shiftlockState":true,"_pose":"Running","_animationQueue":[],"_animationSpeed":1.098,"_zoom":9.632},{"_mousePosition":[683,352.5],"_rootPartCFrame":[757.861,221.95,47.287,0.002,0,1,0,1,0,-1,0,0.002],"_humanoidState":8,"_cameraCFrame":[765.672,229.091,45.555,0.002,-0.586,0.811,0,0.811,0.586,-1,-0.001,0.002],"_shiftlockState":true,"_pose":"Running","_animationQueue":[],"_animationSpeed":1.098,"_zoom":9.632},{"_mousePosition":[683,352.5],"_rootPartCFrame":[757.594,221.95,47.286,0.002,0,1,0,1,0,-1,0,0.002],"_humanoidState":8,"_cameraCFrame":[765.392,229.11,45.555,0.002,-0.588,0.809,0,0.809,0.588,-1,-0.001,0.002],"_shiftlockState":true,"_pose":"Running","_animationQueue":[],"_animationSpeed":1.098,"_zoom":9.632},{"_mousePosition":[683,352.5],"_rootPartCFrame":[757.194,221.95,47.285,0.002,0,1,0,1,0,-1,0,0.002],"_humanoidState":8,"_cameraCFrame":[764.983,229.122,45.554,0.002,-0.589,0.808,0,0.808,0.589,-1,-0.001,0.002],"_shiftlockState":true,"_pose":"Running","_animationQueue":[],"_animationSpeed":1.098,"_zoom":9.632},{"_mousePosition":[683,352.5],"_rootPartCFrame":[756.994,221.95,47.285,0.002,0,1,0,1,0,-1,0,0.002],"_humanoidState":8,"_cameraCFrame":[764.778,229.129,45.553,0.002,-0.59,0.808,0,0.808,0.59,-1,-0.001,0.002],"_shiftlockState":true,"_pose":"Running","_animationQueue":[],"_animationSpeed":1.098,"_zoom":9.632},{"_mousePosition":[683,352.5],"_rootPartCFrame":[756.728,221.95,47.284,0.002,0,1,0,1,0,-1,0,0.002],"_humanoidState":8,"_cameraCFrame":[764.507,229.135,45.553,0.002,-0.59,0.807,0,0.807,0.59,-1,-0.001,0.002],"_shiftlockState":true,"_pose":"Running","_animationQueue":[],"_animationSpeed":1.098,"_zoom":9.632},{"_mousePosition":[683,352.5],"_rootPartCFrame":[756.394,223.033,47.283,0.002,0,1,0,1,0,-1,0,0.002],"_humanoidState":3,"_cameraCFrame":[764.163,230.231,45.544,0.001,-0.592,0.806,0,0.806,0.592,-1,-0.001,0.001],"_shiftlockState":true,"_pose":"Jumping","_animationQueue":[["walk",0.1],["walk",0.1],["jump",0.1]],"_animationSpeed":1,"_zoom":9.632},{"_mousePosition":[683,352.5],"_rootPartCFrame":[756.194,223.645,47.283,0.001,0,1,0,1,0,-1,0,0.001],"_humanoidState":5,"_cameraCFrame":[763.954,230.855,45.543,0.001,-0.593,0.805,0,0.805,0.593,-1,-0.001,0.001],"_shiftlockState":true,"_pose":"FreeFall","_animationQueue":[["jump",0.1]],"_animationSpeed":1,"_zoom":9.632},{"_mousePosition":[683,352.5],"_rootPartCFrame":[755.928,224.412,47.282,0.001,0,1,0,1,0,-1,0,0.001],"_humanoidState":5,"_cameraCFrame":[763.676,231.635,45.535,0,-0.594,0.804,0,0.804,0.594,-1,0,0],"_shiftlockState":true,"_pose":"FreeFall","_animationQueue":[],"_animationSpeed":1,"_zoom":9.632},{"_mousePosition":[683,352.5],"_rootPartCFrame":[755.661,225.125,47.282,-0.001,0,1,0,1,0,-1,0,-0.001],"_humanoidState":5,"_cameraCFrame":[763.393,232.366,45.522,-0.001,-0.596,0.803,0,0.803,0.596,-1,0.001,-0.001],"_shiftlockState":true,"_pose":"FreeFall","_animationQueue":[["fall",0.3]],"_animationSpeed":1,"_zoom":9.632},{"_mousePosition":[683,352.5],"_rootPartCFrame":[755.394,225.784,47.282,-0.001,0,1,0,1,0,-1,0,-0.001],"_humanoidState":5,"_cameraCFrame":[763.127,233.024,45.523,-0.001,-0.596,0.803,0,0.803,0.596,-1,0.001,-0.001],"_shiftlockState":true,"_pose":"FreeFall","_animationQueue":[],"_animationSpeed":1,"_zoom":9.632},{"_mousePosition":[683,352.5],"_rootPartCFrame":[755.128,226.388,47.283,-0.001,0,1,0,1,0,-1,0,-0.001],"_humanoidState":5,"_cameraCFrame":[762.862,233.628,47.273,-0.001,-0.596,0.803,0,0.803,0.596,-1,0.001,-0.001],"_shiftlockState":false,"_pose":"FreeFall","_animationQueue":[],"_animationSpeed":1,"_zoom":9.632},{"_mousePosition":[683,352.5],"_rootPartCFrame":[754.861,226.937,47.283,-0.001,0,1,0,1,0,-1,0,-0.001],"_humanoidState":5,"_cameraCFrame":[762.596,234.178,47.273,-0.001,-0.596,0.803,0,0.803,0.596,-1,0.001,-0.001],"_shiftlockState":false,"_pose":"FreeFall","_animationQueue":[],"_animationSpeed":1,"_zoom":9.632},{"_mousePosition":[683,352.5],"_rootPartCFrame":[754.595,227.432,47.283,-0.001,0,1,0,1,0,-1,0,-0.001],"_humanoidState":5,"_cameraCFrame":[762.329,234.673,47.274,-0.001,-0.596,0.803,0,0.803,0.596,-1,0.001,-0.001],"_shiftlockState":false,"_pose":"FreeFall","_animationQueue":[],"_animationSpeed":1,"_zoom":9.632},{"_mousePosit