[{"_mousePosition":[1153,375],"_rootPartCFrame":[776.023,222.971,47.142,0.004,0.004,1,0,1,-0.004,-1,0,0.004],"_humanoidState":8,"_cameraCFrame":[777.574,232.125,40.953,-0.97,-0.186,0.155,0,0.64,0.768,-0.242,0.745,-0.621],"_shiftlockState":false,"_pose":"Standing","_animationQueue":[],"_animationSpeed":1,"_zoom":9.963},{"_mousePosition":[1134,390],"_rootPartCFrame":[775.783,222.844,47.082,0.038,0.001,0.999,0,1,-0.001,-0.999,0,0.038],"_humanoidState":8,"_cameraCFrame":[777.329,231.998,40.894,-0.97,-0.186,0.155,0,0.64,0.768,-0.242,0.745,-0.621],"_shiftlockState":false,"_pose":"Standing","_animationQueue":[],"_animationSpeed":1,"_zoom":9.963},{"_mousePosition":[1128,396],"_rootPartCFrame":[775.525,222.677,47.018,0.066,0,0.998,0,1,0,-0.998,0,0.066],"_humanoidState":8,"_cameraCFrame":[777.07,231.83,40.829,-0.97,-0.186,0.155,0,0.64,0.768,-0.242,0.745,-0.621],"_shiftlockState":false,"_pose":"Running","_animationQueue":[["walk",0.1]],"_animationSpeed":1.065,"_zoom":9.963},{"_mousePosition":[1116,405],"_rootPartCFrame":[775.267,222.655,46.953,0.09,0,0.996,0,1,0,-0.996,0,0.09],"_humanoidState":8,"_cameraCFrame":[775.113,231.808,40.341,-0.97,-0.186,0.155,0,0.64,0.768,-0.242,0.745,-0.621],"_shiftlockState":true,"_pose":"Running","_animationQueue":[],"_animationSpeed":1.065,"_zoom":9.963},{"_mousePosition":[683,384],"_rootPartCFrame":[774.943,222.672,46.873,-0.986,0,0.164,0,1,0,-0.164,0,-0.986],"_humanoidState":8,"_cameraCFrame":[774.79,231.826,40.26,-0.97,-0.186,0.155,0,0.64,0.768,-0.242,0.745,-0.621],"_shiftlockState":true,"_pose":"Running","_animationQueue":[["walk",0.1]],"_animationSpeed":1.065,"_zoom":9.963},{"_mousePosition":[683,384],"_rootPartCFrame":[774.749,222.682,46.824,-0.974,0,0.225,0,1,0,-0.225,0,-0.974],"_humanoidState":8,"_cameraCFrame":[774.302,232.047,40.479,-0.978,-0.163,0.127,0,0.614,0.789,-0.207,0.772,-0.601],"_shiftlockState":true,"_pose":"Running","_animationQueue":[["walk",0.1]],"_animationSpeed":1.065,"_zoom":9.963},{"_mousePosition":[683,384],"_rootPartCFrame":[774.554,222.688,46.778,-0.979,0,0.204,0,1,0,-0.204,0,-0.979],"_humanoidState":8,"_cameraCFrame":[774.004,232.117,40.521,-0.981,-0.154,0.117,0,0.605,0.796,-0.193,0.781,-0.594],"_shiftlockState":true,"_pose":"Running","_animationQueue":[],"_animationSpeed":1.065,"_zoom":9.963},{"_mousePosition":[683,384],"_rootPartCFrame":[774.293,222.693,46.723,-0.981,0,0.193,0,1,0,-0.193,0,-0.981],"_humanoidState":8,"_cameraCFrame":[773.612,232.209,40.59,-0.984,-0.142,0.105,0,0.594,0.805,-0.176,0.792,-0.585],"_shiftlockState":true,"_pose":"Running","_animationQueue":[],"_animationSpeed":1.065,"_zoom":9.963},{"_mousePosition":[683,384],"_rootPartCFrame":[774.032,222.696,46.671,-0.984,0,0.176,0,1,0,-0.176,0,-0.984],"_humanoidState":8,"_cameraCFrame":[773.23,232.293,40.66,-0.987,-0.13,0.093,0,0.583,0.813,-0.159,0.802,-0.575],"_shiftlockState":true,"_pose":"Running","_animationQueue":[],"_animationSpeed":1.065,"_zoom":9.963},{"_mousePosition":[683,384],"_rootPartCFrame":[773.77,222.698,46.623,-0.987,0,0.159,0,1,0,-0.159,0,-0.987],"_humanoidState":8,"_cameraCFrame":[772.842,232.387,40.757,-0.99,-0.117,0.081,0,0.57,0.822,-0.142,0.814,-0.564],"_shiftlockState":true,"_pose":"Running","_animationQueue":[],"_animationSpeed":1.065,"_zoom":9.963},{"_mousePosition":[683,384],"_rootPartCFrame":[773.441,222.699,46.569,-0.99,0,0.142,0,1,0,-0.142,0,-0.99],"_humanoidState":8,"_cameraCFrame":[772.405,232.478,40.85,-0.992,-0.105,0.07,0,0.556,0.831,-0.126,0.824,-0.552],"_shiftlockState":true,"_pose":"Running","_animationQueue":[["walk",0.1]],"_animationSpeed":1.065,"_zoom":9.963},{"_mousePosition":[683,384],"_rootPartCFrame":[773.243,222.699,46.54,-0.992,0,0.126,0,1,0,-0.126,0,-0.992],"_humanoidState":8,"_cameraCFrame":[772.134,232.549,40.939,-0.993,-0.097,0.063,0,0.546,0.838,-0.116,0.832,-0.542],"_shiftlockState":true,"_pose":"Running","_animationQueue":[],"_animationSpeed":1.065,"_zoom":9.963},{"_mousePosition":[683,384],"_rootPartCFrame":[772.978,222.699,46.506,-0.993,0,0.116,0,1,0,-0.116,0,-0.993],"_humanoidState":8,"_cameraCFrame":[771.792,232.632,41.046,-0.995,-0.088,0.056,0,0.533,0.846,-0.104,0.842,-0.53],"_shiftlockState":true,"_pose":"Running","_animationQueue":[],"_animationSpeed":1.065,"_zoom":9.963},{"_mousePosition":[683,384],"_rootPartCFrame":[772.714,222.7,46.475,-0.995,0,0.104,0,1,0,-0.104,0,-0.995],"_humanoidState":8,"_cameraCFrame":[771.459,232.704,41.143,-0.996,-0.08,0.049,0,0.521,0.854,-0.094,0.85,-0.519],"_shiftlockState":true,"_pose":"Running","_animationQueue":[],"_animationSpeed":1.065,"_zoom":9.963},{"_mousePosition":[683,384],"_rootPartCFrame":[772.382,222.7,46.439,-0.996,0,0.094,0,1,0,-0.094,0,-0.996],"_humanoidState":8,"_cameraCFrame":[771.076,232.758,41.207,-0.996,-0.074,0.044,0,0.512,0.859,-0.086,0.856,-0.51],"_shiftlockState":true,"_pose":"Running","_animationQueue":[],"_animationSpeed":1.065,"_zoom":9.963},{"_mousePosition":[683,384],"_rootPartCFrame":[772.183,222.7,46.42,-0.996,0,0.086,0,1,0,-0.086,0,-0.996],"_humanoidState":8,"_cameraCFrame":[770.826,232.807,41.282,-0.997,-0.067,0.039,0,0.504,0.864,-0.077,0.861,-0.502],"_shiftlockState":true,"_pose":"Running","_animationQueue":[],"_animationSpeed":1.065,"_zoom":9.963},{"_mousePosition":[683,384],"_rootPartCFrame":[771.917,222.7,46.397,-0.997,0,0.077,0,1,0,-0.077,0,-0.997],"_humanoidState":8,"_cameraCFrame":[770.483,232.875,41.396,-0.998,-0.056,0.031,0,0.492,0.871,-0.064,0.869,-0.491],"_shiftlockState":true,"_pose":"Running","_animationQueue":[],"_animationSpeed":1.065,"_zoom":9.963},{"_mousePosition":[683,384],"_rootPartCFrame":[771.652,222.7,46.376,-0.998,0,0.064,0,1,0,-0.064,0,-0.998],"_humanoidState":8,"_cameraCFrame":[770.143,232.949,41.528,-0.999,-0.044,0.024,0,0.478,0.878,-0.05,0.877,-0.478],"_shiftlockState":true,"_pose":"Running","_animationQueue":[["walk",0.1]],"_animationSpeed":1.065,"_zoom":9.963},{"_mousePosition":[683,384],"_rootPartCFrame":[771.319,222.7,46.354,-0.999,0,0.05,0,1,0,-0.05,0,-0.999],"_humanoidState":8,"_cameraCFrame":[769.744,233.021,41.66,-0.999,-0.033,0.017,0,0.465,0.885,-0.038,0.885,-0.465],"_shiftlockState":true,"_pose":"Running","_animationQueue":[],"_animationSpeed":1.065,"_zoom":9.963},{"_mousePosition":[683,384],"_rootPartCFrame":[771.119,222.7,46.344,-0.999,0,0.038,0,1,0,-0.038,0,-0.999],"_humanoidState":8,"_cameraCFrame":[769.487,233.098,41.818,-1,-0.023,0.012,0,0.45,0.893,-0.026,0.893,-0.45],"_shiftlockState":true,"_pose":"Running","_animationQueue":[],"_animationSpeed":1.065,"_zoom":9.963},{"_mousePosition":[683,384],"_rootPartCFrame":[770.786,222.7,46.331,-1,0,0.026,0,1,0,-0.026,0,-1],"_humanoidState":8,"_cameraCFrame":[769.123,233.151,41.923,-1,-0.018,0.009,0,0.439,0.899,-0.02,0.898,-0.439],"_shiftlockState":true,"_pose":"Running","_animationQueue":[],"_animationSpeed":1.065,"_zoom":9.963},{"_mousePosition":[683,384],"_rootPartCFrame":[770.586,222.7,46.325,-1,0,0.02,0,1,0,-0.02,0,-1],"_humanoidState":8,"_cameraCFrame":[768.913,233.19,42.001,-1,-0.016,0.008,0,0.431,0.902,-0.018,0.902,-0.431],"_shiftlockState":true,"_pose":"Running","_animationQueue":[],"_animationSpeed":1.065,"_zoom":9.963},{"_mousePosition":[683,384],"_rootPartCFrame":[770.32,222.7,46.319,-1,0,0.018,0,1,0,-0.018,0,-1],"_humanoidState":8,"_cameraCFrame":[768.645,233.217,42.053,-1,-0.016,0.008,0,0.425,0.905,-0.018,0.905,-0.425],"_shiftlockState":true,"_pose":"Running","_animationQueue":[],"_animationSpeed":1.065,"_zoom":9.963},{"_mousePosition":[683,384],"_rootPartCFrame":[769.986,222.7,46.313,-1,0,0.018,0,1,0,-0.018,0,-1],"_humanoidState":8,"_cameraCFrame":[768.32,233.245,42.102,-1,-0.018,0.008,0,0.419,0.908,-0.02,0.908,-0.419],"_shiftlockState":true,"_pose":"Running","_animationQueue":[],"_animationSpeed":1.065,"_zoom":9.963},{"_mousePosition":[683,384],"_rootPartCFrame":[769.72,222.666,46.309,-1,0,0.02,0,1,0,-0.02,0,-1],"_humanoidState":8,"_cameraCFrame":[768.082,233.241,42.151,-1,-0.025,0.011,0,0.413,0.911,-0.027,0.911,-0.413],"_shiftlockState":true,"_pose":"Running","_animationQueue":[["walk",0.1]],"_animationSpeed":1.065,"_zoom":9.963},{"_mousePosition":[683,384],"_rootPartCFrame":[769.453,222.577,46.304,-1,0,0.027,0,1,0,-0.027,0,-1],"_humanoidState":8,"_cameraCFrame":[767.86,233.188,42.208,-0.999,-0.035,0.016,0,0.405,0.914,-0.039,0.914,-0.404],"_shiftlockState":true,"_pose":"Running","_animationQueue":[],"_animationSpeed":1.065,"_zoom":9.963},{"_mousePosition":[683,384],"_rootPartCFrame":[769.187,223.44,46.299,-0.999,0,0.039,0,1,0,-0.039,0,-0.999],"_humanoidState":3,"_cameraCFrame":[767.626,234.074,42.242,-0.999,-0.043,0.019,0,0.399,0.917,-0.047,0.916,-0.399],"_shiftlockState":true,"_pose":"Jumping","_animationQueue":[["walk",0.1],["jump",0.1]],"_animationSpeed":1,"_zoom":9.963},{"_mousePosition":[683,384],"_rootPartCFrame":[768.92,224.248,46.29,-0.99,0,0.139,0,1,0,-0.139,0,-0.99],"_humanoidState":5,"_cameraCFrame":[767.371,234.892,42.249,-0.999,-0.046,0.02,0,0.397,0.918,-0.05,0.917,-0.397],"_shiftlockState":true,"_pose":"FreeFall","_animationQueue":[["jump",0.1]],"_animationSpeed":1,"_zoom":9.963},{"_mousePosition":[683,384],"_rootPartCFrame":[768.654,225.002,46.278,-0.984,0,0.178,0,1,0,-0.178,0,-0.984],"_humanoidState":5,"_cameraCFrame":[767.108,235.649,42.243,-0.999,-0.047,0.02,0,0.396,0.918,-0.051,0.917,-0.396],"_shiftlockState":true,"_pose":"FreeFall","_animationQueue":[],"_animationSpeed":1,"_zoom":9.963},{"_mousePosition":[683,384],"_rootPartCFrame":[768.387,225.702,46.264,-0.983,0,0.183,0,1,0,-0.183,0,-0.983],"_humanoidState":5,"_cameraCFrame":[766.842,236.348,42.23,-0.999,-0.047,0.02,0,0.396,0.918,-0.051,0.917,-0.396],"_shiftlockState":true,"_pose":"FreeFall","_animationQueue":[],"_animationSpeed":1,"_zoom":9.963},{"_mousePosition":[683,384],"_rootPartCFrame":[768.121,226.347,46.251,-0.983,0,0.183,0,1,0,-0.183,0,-0.983],"_humanoidState":5,"_cameraCFrame":[766.576,236.993,42.216,-0.999,-0.047,0.02,0,0.396,0.918,-0.051,0.917,-0.396],"_shiftlockState":true,"_pose":"FreeFall","_animationQueue":[],"_animationSpeed":1,"_zoom":9.963},{"_mousePosition":[683,384],"_rootPartCFrame":[767.855,226.937,46.237,-0.983,0,0.183,0,1,0,-0.183,0,-0.983],"_humanoidState":5,"_cameraCFrame":[766.309,237.583,42.202,-0.999,-0.047,0.02,0,0.396,0.918,-0.051,0.917,-0.396],"_shiftlockState":true,"_pose":"FreeFall","_animationQueue":[],"_animationSpeed":1,"_zoom":9.963},{"_mousePosition":[683,384],"_rootPartCFrame":[767.588,227.473,46.223,-0.983,0,0.183,0,1,0,-0.183,0,-0.983],"_humanoidState":5,"_cameraCFrame":[766.043,238.119,42.189,-0.999,-0.047,0.02,0,0.396,0.918,-0.051,0.917,-0.396],"_shiftlockState":true,"_pose":"FreeFall","_animationQueue":[],"_animationSpeed":1,"_zoom":9.963},{"_mousePosition":[683,384],"_rootPartCFrame":[767.322,227.954,46.21,-0.983,0,0.183,0,1,0,-0.183,0,-0.983],"_humanoidState":5,"_cameraCFrame":[765.777,238.601,42.175,-0.999,-0.047,0.02,0,0.396,0.918,-0.051,0.917,-0.396],"_shiftlockState":true,"_pose":"FreeFall","_animationQueue":[],"_animationSpeed":1,"_zoom":9.963},{"_mousePosition":[683,384],"_rootPartCFrame":[767.056,228.381,46.196,-0.983,0,0.183,0,1,0,-0.183,0,-0.983],"_humanoidState":5,"_cameraCFrame":[765.51,239.028,42.161,-0.999,-0.047,0.02,0,0.396,0.918,-0.051,0.917,-0.396],"_shiftlockState":true,"_pose":"FreeFall","_animationQueue":[],"_animationSpeed":1,"_zoom":9.963},{"_mousePosition":[683,384],"_rootPartCFrame":[766.789,228.753,46.182,-0.983,0,0.183,0,1,0,-0.183,0,-0.983],"_humanoidState":5,"_cameraCFrame":[765.244,239.4,42.148,-0.999,-0.047,0.02,0,0.396,0.918,-0.051,0.917,-0.396],"_shiftlockState":true,"_pose":"FreeFall","_animationQueue":[],"_animationSpeed":1,"_zoom":9.963},{"_mousePosition":[683,384],"_rootPartCFrame":[766.523,229.071,46.169,-0.983,0,0.183,0,1,0,-0.183,0,-0.983],"_humanoidState":5,"_cameraCFrame":[764.978,239.718,42.134,-0.999,-0.047,0.02,0,0.396,0.918,-0.051,0.917,-0.396],"_shiftlockState":true,"_pose":"FreeFall","_animationQueue":[],"_animationSpeed":1,"_zoom":9.963},{"_mousePosition":[683,384],"_rootPartCFrame":[766.257,229.335,46.155,-0.983,0,0.183,0,1,0,-0.183,0,-0.983],"_humanoidState":5,"_cameraCFrame":[764.711,239.981,42.121,-0.999,-0.047,0.02,0,0.396,0.918,-0.051,0.917,-0.396],"_shiftlockState":true,"_pose":"FreeFall","_animationQueue":[],"_animationSpeed":1,"_zoom":9.963},{"_mousePosition":[683,384],"_rootPartCFrame":[765.99,229.544,46.141,-0.983,0,0.183,0,1,0,-0.183,0,-0.983],"_humanoidState":5,"_cameraCFrame":[764.445,240.19,42.107,-0.999,-0.047,0.02,0,0.396,0.918,-0.051,0.917,-0.396],"_shiftlockState":true,"_pose":"FreeFall","_animationQueue":[],"_animationSpeed":1,"_zoom":9.963},{"_mousePosition":[683,384],"_rootPartCFrame":[765.724,229.698,46.128,-0.983,0,0.183,0,1,0,-0.183,0,-0.983],"_humanoidState":5,"_cameraCFrame":[764.195,240.345,42.087,-0.998,-0.051,0.022,0,0.396,0.918,-0.055,0.917,-0.396],"_shiftlockState":true,"_pose":"FreeFall","_animationQueue":[],"_animationSpeed":1,"_zoom":9.963},{"_mousePosition":[683,384],"_rootPartCFrame":[765.458,229.798,46.114,-0.982,0,0.188,0,1,0,-0.188,0,-0.982],"_humanoidState":5,"_cameraCFrame":[764.083,240.441,42.011,-0.996,-0.085,0.037,0,0.397,0.918,-0.093,0.914,-0.395],"_shiftlockState":true,"_pose":"FreeFall","_animationQueue":[],"_animationSpeed":1,"_zoom":9.963},{"_mousePosition":[683,384],"_rootPartCFrame":[765.191,229.843,46.099,-0.974,0,0.224,0,1,0,-0.224,0,-0.974],"_humanoidState":5,"_cameraCFrame":[764.181,240.458,41.83,-0.984,-0.162,0.071,0,0.404,0.915,-0.177,0.9,-0.397],"_shiftlockState":true,"_pose":"FreeFall","_animationQueue":[],"_animationSpeed":1,"_zoom":9.963},{"_mousePosition":[683,384],"_rootPartCFrame":[764.925,229.834,46.076,-0.952,0,0.306,0,1,0,-0.306,0,-0.952],"_humanoidState":5,"_cameraCFrame":[764.653,240.369,41.535,-0.944,-0.298,0.139,0,0.421,0.907,-0.329,0.856,-0.398],"_shiftlockState":true,"_pose":"FreeFall","_animationQueue":[],"_animationSpeed":1,"_zoom":9.963},{"_mousePosition":[683,384],"_rootPartCFrame":[764.662,229.771,46.034,-0.892,0,0.451,0,1,0,-0.451,0,-0.892],"_humanoidState":5,"_cameraCFrame":[765.197,240.237,41.381,-0.879,-0.429,0.208,0,0.436,0.9,-0.477,0.791,-0.383],"_shiftlockState":true,"_pose":"FreeFall","_animationQueue":[["fall",0.3]],"_animationSpeed":1,"_zoom":9.963},{"_mousePosition":[683,384],"_rootPartCFrame":[764.406,229.653,45.964,-0.808,0,0.59,0,1,0,-0.59,0,-0.808],"_humanoidState":5,"_cameraCFrame":[765.705,240.076,41.38,-0.795,-0.544,0.27,0,0.445,0.896,-0.607,0.712,-0.353],"_shiftlockState":true,"_pose":"FreeFall","_animationQueue":[],"_animationSpeed":1,"_zoom":9.963},{"_mousePosition":[683,384],"_rootPartCFrame":[764.163,229.48,45.858,-0.707,0,0.707,0,1,0,-0.707,0,-0.707],"_humanoidState":5,"_cameraCFrame":[765.967,239.893,41.427,-0.724,-0.617,0.308,0,0.447,0.895,-0.69,0.648,-0.324],"_shiftlockState":true,"_pose":"FreeFall","_animationQueue":[],"_animationSpeed":1,"_zoom":9.963},{"_mousePosition":[683,384],"_rootPartCFrame":[763.938,229.253,45.717,-0.626,0,0.78,0,1,0,-0.78,0,-0.626],"_humanoidState":5,"_cameraCFrame":[766.126,239.658,41.448,-0.662,-0.67,0.336,0,0.448,0.894,-0.749,0.592,-0.297],"_shiftlockState":true,"_pose":"FreeFall","_animationQueue":[],"_animationSpeed":1,"_zoom":9.963},{"_mousePosition":[683,384],"_rootPartCFrame":[763.656,228.892,45.561,-0.56,0,0.829,0,1,0,-0.829,0,-0.56],"_humanoidState":5,"_cameraCFrame":[766.036,239.291,41.38,-0.629,-0.694,0.35,0,0.45,0.893,-0.777,0.562,-0.283],"_shiftlockState":true,"_pose":"FreeFall","_animationQueue":[],"_animationSpeed":1,"_zoom":9.963},{"_mousePosition":[683,384],"_rootPartCFrame":[763.476,228.635,45.495,-0.571,0,0.821,0,1,0,-0.821,0,-0.571],"_humanoidState":5,"_cameraCFrame":[765.973,239.026,41.367,-0.61,-0.707,0.358,0,0.451,0.892,-0.793,0.544,-0.275],"_shiftlockState":true,"_pose":"FreeFall","_animationQueue":[],"_animationSpeed":1,"_zoom":9.963},{"_mousePosition":[683,384],"_rootPartCFrame":[763.224,228.245,45.439,-0.527,0,0.85,0,1,0,-0.85,0,-0.527],"_humanoidState":5,"_cameraCFrame":[765.738,238.636,41.322,-0.606,-0.71,0.359,0,0.451,0.892,-0.795,0.541,-0.274],"_shiftlockState":true,"_pose":"FreeFall","_animationQueue":[["fall",0.3]],"_animationSpeed":1,"_zoom":9.963},{"_mousePosition":[683,384],"_rootPartCFrame":[762.96,227.799,45.404,-0.521,0,0.853,0,1,0,-0.853,0,-0.521],"_humanoidState":5,"_cameraCFrame":[765.48,238.187,41.282,-0.606,-0.709,0.359,0,0.452,0.892,-0.795,0.541,-0.274],"_shiftlockState":true,"_pose":"FreeFall","_animationQueue":[],"_animationSpeed":1,"_zoom":9.963},{"_mousePosition":[683,384],"_rootPartCFrame":[762.696,227.3,45.368,-0.52,0,0.854,0,1,0,-0.854,0,-0.52],"_humanoidState":5,"_cameraCFrame":[765.225,237.662,41.197,-0.612,-0.703,0.361,0,0.457,0.889,-0.791,0.544,-0.28],"_shiftlockState":true,"_pose":"FreeFall","_animationQueue":[],"_animationSpeed":1,"_zoom":9.963},{"_mousePosition":[683,384],"_rootPartCFrame":[762.432,226.746,45.332,-0.526,0,0.851,0,1,0,-0.851,0,-0.526],"_humanoidState":5,"_cameraCFrame":[764.969,237.071,41.088,-0.621,-0.694,0.364,0,0.464,0.886,-0.784,0.55,-0.288],"_shiftlockState":true,"_pose":"FreeFall","_animationQueue":[],"_animationSpeed":1,"_zoom":9.963},{"_mousePosition":[683,384],"_rootPartCFrame":[762.167,226.137,45.299,-0.535,0,0.845,0,1,0,-0.845,0,-0.535],"_humanoidState":5,"_cameraCFrame":[764.705,236.443,41.016,-0.626,-0.689,0.365,0,0.468,0.884,-0.78,0.553,-0.293],"_shiftlockState":true,"_pose":"FreeFall","_animationQueue":[],"_animationSpeed":1,"_zoom":9.963},{"_mousePosition":[683,384],"_rootPartCFrame":[761.903,225.474,45.267,-0.54,0,0.841,0,1,0,-0.841,0,-0.54],"_humanoidState":5,"_cameraCFrame":[764.44,235.78,40.985,-0.626,-0.689,0.365,0,0.468,0.884,-0.78,0.553,-0.293],"_shiftlockState":true,"_pose":"FreeFall","_animationQueue":[],"_animationSpeed":1,"_zoom":9.963},{"_mousePosition":[683,384],"_rootPartCFrame":[761.637,224.756,45.238,-0.541,0,0.841,0,1,0,-0.841,0,-0.541],"_humanoidState":5,"_cameraCFrame":[764.176,235.059,40.949,-0.627,-0.688,0.365,0,0.468,0.884,-0.779,0.554,-0.294],"_shiftlockState":true,"_pose":"FreeFall","_animationQueue":[],"_animationSpeed":1,"_zoom":9.963},{"_mousePosition":[683,384],"_rootPartCFrame":[761.372,223.984,45.209,-0.542,0,0.84,0,1,0,-0.84,0,-0.542],"_humanoidState":5,"_cameraCFrame":[763.881,234.279,40.887,-0.634,-0.682,0.363,0,0.47,0.883,-0.773,0.56,-0.298],"_shiftlockState":true,"_pose":"FreeFall","_animationQueue":[["fall",0.3]],"_animationSpeed":1,"_zoom":9.963},{"_mousePosition":[683,384],"_rootPartCFrame":[761.107,223.158,45.181,-0.549,0,0.836,0,1,0,-0.836,0,-0.549],"_humanoidState":5,"_cameraCFrame":[763.537,233.441,40.791,-0.651,-0.669,0.358,0,0.472,0.882,-0.759,0.574,-0.307],"_shiftlockState":true,"_pose":"FreeFall","_animationQueue":[],"_animationSpeed":1,"_zoom":9.963},{"_mousePosition":[683,384],"_rootPartCFrame":[760.932,222.304,45.094,-0.607,0.02,0.795,-0.003,1,-0.027,-0.795,-0.019,-0.606],"_humanoidState":5,"_cameraCFrame":[763.259,232.571,40.575,-0.677,-0.648,0.349,0,0.475,0.88,-0.736,0.596,-0.321],"_shiftlockState":true,"_pose":"FreeFall","_animationQueue":[],"_animationSpeed":1,"_zoom":9.963},{"_mousePosition":[683,384],"_rootPartCFrame":[760.916,222.343,44.935,-0.68,0.001,0.733,-0.004,1,-0.005,-0.733,-0.007,-0.68],"_humanoidState":12,"_cameraCFrame":[763.054,232.604,40.341,-0.704,-0.624,0.338,0,0.476,0.879,-0.71,0.619,-0.335],"_shiftlockState":true,"_pose":"Climbing","_animationQueue":[["walk",0.1],["fall",0.3],["climb",0.1],["climb",0]],"_animationSpeed":-4.075,"_zoom":9.963},{"_mousePosition":[683,384],"_rootPartCFrame":[760.901,222.527,44.82,-0.705,-0.002,0.71,-0.001,1,0.002,-0.71,0.001,-0.705],"_humanoidState":12,"_cameraCFrame":[762.87,232.784,40.157,-0.73,-0.601,0.326,0,0.477,0.879,-0.684,0.641,-0.348],"_shiftlockState":true,"_pose":"Climbing","_animationQueue":[["climb",0.1]],"_animationSpeed":0.834,"_zoom":9.963},{"_mousePosition":[683,384],"_rootPartCFrame":[760.893,222.713,44.742,-0.73,-0.001,0.684,0,1,0.001,-0.684,0.001,-0.73],"_humanoidState":12,"_cameraCFrame":[762.706,232.966,40.009,-0.753,-0.578,0.314,0,0.478,0.879,-0.658,0.661,-0.36],"_shiftlockState":true,"_pose":"Climbing","_animationQueue":[["climb",0.1]],"_animationSpeed":0.931,"_zoom":9.963},{"_mousePosition":[683,384],"_rootPartCFrame":[760.888,222.9,44.704,-0.753,0,0.658,0,1,0,-0.658,0,-0.753],"_humanoidState":12,"_cameraCFrame":[762.553,233.153,39.914,-0.773,-0.557,0.303,0,0.478,0.879,-0.634,0.679,-0.369],"_shiftlockState":true,"_pose":"Climbing","_animationQueue":[],"_animationSpeed":0.931,"_zoom":9.963},{"_mousePosition":[683,384],"_rootPartCFrame":[760.888,223.087,44.698,-0.773,0,0.634,0,1,0,-0.634,0,-0.773],"_humanoidState":12,"_cameraCFrame":[762.385,233.336,39.847,-0.795,-0.532,0.29,0,0.478,0.878,-0.606,0.698,-0.38],"_shiftlockState":true,"_pose":"Climbing","_animationQueue":[["climb",0]],"_animationSpeed":0.931,"_zoom":9.963},{"_mousePosition":[683,384],"_rootPartCFrame":[760.888,223.273,44.698,-0.795,0,0.606,0,1,0,-0.606,0,-0.795],"_humanoidState":12,"_cameraCFrame":[762.151,233.511,39.76,-0.825,-0.496,0.272,0,0.48,0.877,-0.565,0.723,-0.396],"_shiftlockState":true,"_pose":"Climbing","_animationQueue":[],"_animationSpeed":0.931,"_zoom":9.963},{"_mousePosition":[683,384],"_rootPartCFrame":[760.863,223.426,44.701,-0.825,0,0.565,0,1,0,-0.565,0,-0.825],"_humanoidState":8,"_cameraCFrame":[761.885,233.644,39.674,-0.853,-0.456,0.252,0,0.484,0.875,-0.522,0.747,-0.413],"_shiftlockState":true,"_pose":"Standing","_animationQueue":[["climb",0.1],["idle",0.1],["idle",0.1]],"_animationSpeed":1,"_zoom":9.963},{"_mousePosition":[683,384],"_rootPartCFrame":[760.799,223.524,44.712,-0.811,0,0.586,0,1,0,-0.586,0,-0.811],"_humanoidState":5,"_cameraCFrame":[761.414,233.715,39.572,-0.894,-0.39,0.219,0,0.489,0.872,-0.447,0.78,-0.437],"_shiftlockState":true,"_pose":"FreeFall","_animationQueue":[["walk",0.1],["fall",0.3]],"_animationSpeed":1,"_zoom":9.963},{"_mousePosition":[683,384],"_rootPartCFrame":[760.697,223.568,44.731,-0.839,0,0.543,0,1,0,-0.543,0,-0.839],"_humanoidState":5,"_cameraCFrame":[760.813,233.735,39.517,-0.934,-0.31,0.176,0,0.493,0.87,-0.356,0.813,-0.461],"_shiftlockState":true,"_pose":"FreeFall","_animationQueue":[],"_animationSpeed":1,"_zoom":9.963},{"_mousePosition":[683,384],"_rootPartCFrame":[760.581,223.558,44.74,-0.887,0,0.462,0,1,0,-0.462,0,-0.887],"_humanoidState":5,"_cameraCFrame":[760.031,233.685,39.487,-0.973,-0.2,0.116,0,0.5,0.866,-0.231,0.842,-0.487],"_shiftlockState":true,"_pose":"FreeFall","_animationQueue":[],"_animationSpeed":1,"_zoom":9.963},{"_mousePosition":[683,384],"_rootPartCFrame":[760.502,223.496,44.693,-0.938,0,0.346,0,1,0,-0.346,0,-0.938],"_humanoidState":5,"_cameraCFrame":[759.108,233.55,39.476,-0.998,-0.059,0.035,0,0.513,0.859,-0.069,0.857,-0.511],"_shiftlockState":true,"_pose":"FreeFall","_animationQueue":[["fall",0.3]],"_animationSpeed":1,"_zoom":9.963},{"_mousePosition":[683,384],"_rootPartCFrame":[760.397,223.381,44.67,-0.981,0,0.193,0,1,0,-0.193,0,-0.981],"_humanoidState":5,"_cameraCFrame":[758.183,233.36,39.617,-0.996,0.077,-0.047,0,0.525,0.851,0.09,0.848,-0.523],"_shiftlockState":true,"_pose":"FreeFall","_animationQueue":[],"_animationSpeed":1,"_zoom":9.963},{"_mousePosition":[683,384],"_rootPartCFrame":[760.261,223.212,44.593,-0.999,0,0.044,0,1,0,-0.044,0,-0.999],"_humanoidState":5,"_cameraCFrame":[757.252,233.11,39.823,-0.97,0.206,-0.132,0,0.538,0.843,0.245,0.817,-0.522],"_shiftlockState":true,"_pose":"FreeFall","_animationQueue":[],"_animationSpeed":1,"_zoom":9.963},{"_mousePosition":[683,384],"_rootPartCFrame":[760.117,222.989,44.429,-0.994,0,-0.108,0,1,0,0.108,0,-0.994],"_humanoidState":5,"_cameraCFrame":[756.347,232.808,40.081,-0.919,0.329,-0.217,0,0.55,0.835,0.394,0.767,-0.506],"_shiftlockState":true,"_pose":"FreeFall","_animationQueue":[],"_animationSpeed":1,"_zoom":9.963},{"_mousePosition":[683,384],"_rootPartCFrame":[759.96,222.711,44.282,-0.964,0,-0.265,0,1,0,0.265,0,-0.964],"_humanoidState":5,"_cameraCFrame":[755.69,232.468,40.293,-0.87,0.408,-0.276,0,0.56,0.829,0.493,0.721,-0.487],"_shiftlockState":true,"_pose":"FreeFall","_animationQueue":[],"_animationSpeed":1,"_zoom":9.963},{"_mousePosition":[683,384],"_rootPartCFrame":[759.778,222.378,44.216,-0.929,0,-0.371,0,1,0,0.371,0,-0.929],"_humanoidState":5,"_cameraCFrame":[755.206,232.076,40.446,-0.836,0.452,-0.312,0,0.568,0.823,0.549,0.688,-0.475],"_shiftlockState":true,"_pose":"FreeFall","_animationQueue":[],"_animationSpeed":1,"_zoom":9.963},{"_mousePosition":[683,384],"_rootPartCFrame":[759.581,221.992,44.206,-0.902,0,-0.432,0,1,0,0.432,0,-0.902],"_humanoidState":5,"_cameraCFrame":[754.921,231.667,40.495,-0.825,0.463,-0.323,0,0.572,0.821,0.565,0.677,-0.472],"_shiftlockState":true,"_pose":"FreeFall","_animationQueue":[["fall",0.3]],"_animationSpeed":1,"_zoom":9.963},{"_mousePosition":[683,384],"_rootPartCFrame":[759.323,221.431,44.25,-0.908,0,-0.419,0,1,0,0.419,0,-0.908],"_humanoidState":5,"_cameraCFrame":[754.741,231.102,40.432,-0.837,0.448,-0.313,0,0.572,0.82,0.546,0.687,-0.479],"_shiftlockState":true,"_pose":"FreeFall","_animationQueue":[],"_animationSpeed":1,"_zoom":9.963},{"_mousePosition":[683,384],"_rootPartCFrame":[759.165,221.058,44.241,-0.891,0.001,-0.454,0,1,0.001,0.454,0.001,-0.891],"_humanoidState":5,"_cameraCFrame":[754.85,230.714,40.099,-0.873,0.399,-0.28,0,0.574,0.819,0.487,0.715,-0.501],"_shiftlockState":true,"_pose":"FreeFall","_animationQueue":[],"_animationSpeed":1,"_zoom":9.963},{"_mousePosition":[683,384],"_rootPartCFrame":[758.987,221.144,44.261,-0.9,0.001,-0.436,0.001,1,0.001,0.436,0,-0.9],"_humanoidState":12,"_cameraCFrame":[755.027,230.796,39.77,-0.911,0.338,-0.238,0,0.575,0.818,0.413,0.745,-0.523],"_shiftlockState":true,"_pose":"Climbing","_animationQueue":[["walk",0.1],["fall",0.3],["climb",0.1],["climb",0]],"_animationSpeed":-2.552,"_zoom":9.963},{"_mousePosition":[683,384],"_rootPartCFrame":[758.853,221.329,44.277,-0.914,0,-0.406,0,1,0,0.406,0,-0.914],"_humanoidState":12,"_cameraCFrame":[755.181,230.99,39.562,-0.934,0.292,-0.204,0,0.574,0.819,0.356,0.765,-0.536],"_shiftlockState":true,"_pose":"Climbing","_animationQueue":[["climb",0.1]],"_animationSpeed":0.858,"_zoom":9.963},{"_mousePosition":[683,384],"_rootPartCFrame":[758.74,221.562,44.291,-0.935,0,-0.356,0,1,0,0.356,0,-0.935],"_humanoidState":12,"_cameraCFrame":[755.113,231.223,39.541,-0.938,0.285,-0.199,0,0.574,0.819,0.348,0.768,-0.538],"_shiftlockState":true,"_pose":"Climbing","_animationQueue":[["climb",0.1]],"_animationSpeed":0.932,"_zoom":9.963},{"_mousePosition":[683,384],"_rootPartCFrame":[758.703,221.702,44.295,-0.938,0,-0.348,0,1,0,0.348,0,-0.938],"_humanoidState":12,"_cameraCFrame":[754.905,231.34,39.639,-0.925,0.309,-0.219,0,0.577,0.817,0.379,0.756,-0.534],"_shiftlockState":true,"_pose":"Climbing","_animationQueue":[["climb",0]],"_animationSpeed":0.932,"_zoom":9.963},{"_mousePosition":[683,384],"_rootPartCFrame":[758.686,221.888,44.297,-0.925,0,-0.379,0,1,0,0.379,0,-0.925],"_humanoidState":12,"_cameraCFrame":[754.496,231.48,39.904,-0.892,0.367,-0.264,0,0.583,0.812,0.452,0.724,-0.52],"_shiftlockState":true,"_pose":"Climbing","_animationQueue":[],"_animationSpeed":0.932,"_zoom":9.963},{"_mousePosition":[683,384],"_rootPartCFrame":[758.685,222.075,44.297,-0.892,0,-0.452,0,1,0,0.452,0,-0.892],"_humanoidState":12,"_cameraCFrame":[753.965,231.591,40.323,-0.835,0.443,-0.327,0,0.594,0.805,0.551,0.671,-0.496],"_shiftlockState":true,"_pose":"Climbing","_animationQueue":[],"_animationSpeed":0.932,"_zoom":9.963},{"_mousePosition":[683,384],"_rootPartCFrame":[758.685,222.262,44.297,-0.835,0,-0.551,0,1,0,0.551,0,-0.835],"_humanoidState":12,"_cameraCFrame":[753.378,231.681,40.915,-0.751,0.525,-0.401,0,0.607,0.795,0.661,0.597,-0.456],"_shiftlockState":true,"_pose":"Climbing","_animationQueue":[],"_animationSpeed":0.932,"_zoom":9.963},{"_mousePosition":[683,384],"_rootPartCFrame":[758.597,222.414,44.234,-0.75,0,-0.661,0,1,0,0.661,0,-0.75],"_humanoidState":8,"_cameraCFrame":[752.805,231.73,41.461,-0.661,0.588,-0.465,0,0.62,0.784,0.75,0.519,-0.41],"_shiftlockState":true,"_pose":"Standing","_animationQueue":[["climb",0.1],["idle",0.1],["idle",0.1]],"_animationSpeed":1,"_zoom":9.963},{"_mousePosition":[683,384],"_rootPartCFrame":[758.482,222.512,44.217,-0.729,0,-0.685,0,1,0,0.685,0,-0.729],"_humanoidState":5,"_cameraCFrame":[752.369,231.747,41.955,-0.586,0.629,-0.511,0,0.63,0.776,0.81,0.455,-0.369],"_shiftlockState":true,"_pose":"FreeFall","_animationQueue":[["walk",0.1],["fall",0.3]],"_animationSpeed":1,"_zoom":9.963},{"_mousePosition":[683,384],"_rootPartCFrame":[758.354,222.555,44.248,-0.687,0,-0.727,0,1,0,0.727,0,-0.687],"_humanoidState":5,"_cameraCFrame":[752.031,231.724,42.371,-0.529,0.653,-0.542,0,0.638,0.77,0.849,0.407,-0.337],"_shiftlockState":true,"_pose":"FreeFall","_animationQueue":[["fall",0.3]],"_animationSpeed":1,"_zoom":9.963},{"_mousePosition":[683,384],"_rootPartCFrame":[758.218,222.543,44.327,-0.638,0,-0.77,0,1,0,0.77,0,-0.638],"_humanoidState":5,"_cameraCFrame":[751.743,231.656,42.764,-0.482,0.67,-0.565,0,0.645,0.764,0.876,0.368,-0.311],"_shiftlockState":true,"_pose":"FreeFall","_animationQueue":[],"_animationSpeed":1,"_zoom":9.963},{"_mousePosition":[683,384],"_rootPartCFrame":[758.084,222.477,44.454,-0.595,0,-0.804,0,1,0,0.804,0,-0.595],"_humanoidState":5,"_cameraCFrame":[751.525,231.553,43.076,-0.454,0.678,-0.579,0,0.649,0.76,0.891,0.345,-0.295],"_shiftlockState":true,"_pose":"FreeFall","_animationQueue":[],"_animationSpeed":1,"_zoom":9.963},{"_mousePosition":[683,384],"_rootPartCFrame":[757.961,222.357,44.63,-0.568,0,-0.823,0,1,0,0.823,0,-0.568],"_humanoidState":5,"_cameraCFrame":[751.366,231.417,43.333,-0.442,0.681,-0.584,0,0.651,0.759,0.897,0.335,-0.288],"_shiftlockState":true,"_pose":"FreeFall","_animationQueue":[],"_animationSpeed":1,"_zoom":9.963},{"_mousePosition":[683,384],"_rootPartCFrame":[757.839,222.182,44.847,-0.557,0,-0.83,0,1,0,0.83,0,-0.557],"_humanoidState":5,"_cameraCFrame":[751.226,231.232,43.586,-0.436,0.682,-0.587,0,0.652,0.758,0.9,0.33,-0.285],"_shiftlockState":true,"_pose":"FreeFall","_animationQueue":[],"_animationSpeed":1,"_zoom":9.963},{"_mousePosition":[683,384],"_rootPartCFrame":[757.729,222.313,45.056,-0.473,0,-0.881,0,1,0,0.881,0,-0.473],"_humanoidState":12,"_cameraCFrame":[751.103,231.357,43.835,-0.43,0.684,-0.589,0,0.653,0.757,0.903,0.326,-0.281],"_shiftlockState":true,"_pose":"Climbing","_animationQueue":[["walk",0.1],["fall",0.3],["climb",0.1],["climb",0]],"_animationSpeed":-0.977,"_zoom":9.963},{"_mousePosition":[683,384],"_rootPartCFrame":[757.686,222.47,44.964,-0.402,0.003,-0.916,0.001,1,0.003,0.916,0,-0.402],"_humanoidState":12,"_cameraCFrame":[751.039,231.504,43.821,-0.419,0.687,-0.594,0,0.654,0.756,0.908,0.317,-0.274],"_shiftlockState":true,"_pose":"Climbing","_animationQueue":[["climb",0.1],["climb",0]],"_animationSpeed":0.896,"_zoom":9.963},{"_mousePosition":[683,384],"_rootPartCFrame":[757.66,222.656,44.915,-0.416,0.001,-0.909,0,1,0.001,0.909,0,-0.416],"_humanoidState":12,"_cameraCFrame":[750.954,231.664,43.928,-0.396,0.692,-0.604,0,0.657,0.754,0.918,0.298,-0.26],"_shiftlockState":true,"_pose":"Climbing","_animationQueue":[],"_animationSpeed":0.896,"_zoom":9.963},{"_mousePosition":[683,384],"_rootPartCFrame":[757.652,222.89,44.9,-0.396,0,-0.918,0,1,0,0.918,0,-0.396],"_humanoidState":12,"_cameraCFrame":[750.891,231.871,44.099,-0.369,0.698,-0.614,0,0.66,0.751,0.929,0.277,-0.244],"_shiftlockState":true,"_pose":"Climbing","_animationQueue":[],"_animationSpeed":0.896,"_zoom":9.963},{"_mousePosition":[683,384],"_rootPartCFrame":[757.652,223.03,44.9,-0.369,0,-0.929,0,1,0,0.929,0,-0.369],"_humanoidState":12,"_cameraCFrame":[750.843,231.984,44.273,-0.344,0.703,-0.623,0,0.663,0.748,0.939,0.257,-0.228],"_shiftlockState":true,"_pose":"Climbing","_animationQueue":[],"_animationSpeed":0.896,"_zoom":9.963},{"_mousePosition":[683,384],"_rootPartCFrame":[757.652,223.216,44.9,-0.344,0,-0.939,0,1,0,0.939,0,-0.344],"_humanoidState":12,"_cameraCFrame":[750.815,232.155,44.41,-0.324,0.706,-0.629,0,0.665,0.747,0.946,0.242,-0.215],"_shiftlockState":true,"_pose":"Climbing","_animationQueue":[],"_animationSpeed":0.896,"_zoom":9.963},{"_mousePosition":[683,384],"_rootPartCFrame":[757.652,223.403,44.9,-0.324,0,-0.946,0,1,0,0.946,0,-0.324],"_humanoidState":12,"_cameraCFrame":[750.784,232.32,44.538,-0.305,0.709,-0.636,0,0.668,0.744,0.952,0.227,-0.204],"_shiftlockState":true,"_pose":"Climbing","_animationQueue":[],"_animationSpeed":0.896,"_zoom":9.963},{"_mousePosition":[683,384],"_rootPartCFrame":[757.652,223.59,44.9,-0.305,0,-0.952,0,1,0,0.952,0,-0.305],"_humanoidState":12,"_cameraCFrame":[750.73,232.464,44.749,-0.274,0.712,-0.647,0,0.672,0.74,0.962,0.203,-0.184],"_shiftlockState":true,"_pose":"Climbing","_animationQueue":[],"_animationSpeed":0.896,"_zoom":9.963},{"_mousePosition":[683,384],"_rootPartCFrame":[757.652,223.776,44.9,-0.274,0,-0.962,0,1,0,0.962,0,-0.274],"_humanoidState":12,"_cameraCFrame":[750.677,232.602,44.968,-0.242,0.714,-0.658,0,0.678,0.735,0.97,0.178,-0.164],"_shiftlockState":true,"_pose":"Climbing","_animationQueue":[],"_animationSpeed":0.896,"_zoom":9.963},{"_mousePosition":[683,384],"_rootPartCFrame":[757.652,223.963,44.9,-0.242,0,-0.97,0,1,0,0.97,0,-0.242],"_humanoidState":12,"_cameraCFrame":[750.632,232.739,45.205,-0.207,0.715,-0.668,0,0.683,0.73,0.978,0.151,-0.141],"_shiftlockState":true,"_pose":"Climbing","_animationQueue":[],"_animationSpeed":0.896,"_zoom":9.963},{"_mousePosition":[683,384],"_rootPartCFrame":[757.665,224.115,44.921,-0.207,0,-0.978,0,1,0,0.978,0,-0.207],"_humanoidState":8,"_cameraCFrame":[750.612,232.848,45.438,-0.176,0.715,-0.677,0,0.688,0.726,0.984,0.128,-0.121],"_shiftlockState":true,"_pose":"Standing","_animationQueue":[["climb",0.1],["idle",0.1],["idle",0.1]],"_animationSpeed":1,"_zoom":9.963},{"_mousePosition":[683,384],"_rootPartCFrame":[757.71,224.214,44.958,-0.179,0,-0.984,0,1,0,0.984,0,-0.179],"_humanoidState":5,"_cameraCFrame":[750.633,232.913,45.602,-0.157,0.714,-0.683,0,0.691,0.723,0.988,0.114,-0.109],"_shiftlockState":true,"_pose":"FreeFall","_animationQueue":[["walk",0.1],["fall",0.3]],"_animationSpeed":1,"_zoom":9.963},{"_mousePosition":[683,384],"_rootPartCFrame":[757.795,224.257,44.996,-0.16,0,-0.987,0,1,0,0.987,0,-0.16],"_humanoidState":5,"_cameraCFrame":[750.71,232.945,45.676,-0.152,0.713,-0.684,0,0.692,0.721,0.988,0.11,-0.105],"_shiftlockState":true,"_pose":"FreeFall","_animationQueue":[],"_animationSpeed":1,"_zoom":9.963},{"_mousePosition":[683,384],"_rootPartCFrame":[757.759,224.408,44.983,-0.15,0,-0.989,0,1,0,0.989,0,-0.15],"_humanoidState":12,"_cameraCFrame":[750.674,233.096,45.662,-0.152,0.713,-0.684,0,0.692,0.721,0.988,0.11,-0.105],"_shiftlockState":true,"_pose":"Climbing","_animationQueue":[["walk",0.1],["fall",0.3],["climb",0.1]],"_animationSpeed":0.116,"_zoom":9.963},{"_mousePosition":[683,384],"_rootPartCFrame":[757.754,224.594,44.981,-0.152,0,-0.988,0,1,0,0.988,0,-0.152],"_humanoidState":12,"_cameraCFrame":[750.669,233.282,45.66,-0.152,0.713,-0.684,0,0.692,0.721,0.988,0.11,-0.105],"_shiftlockState":true,"_pose":"Climbing","_animationQueue":[["climb",0.1]],"_animationSpeed":0.909,"_zoom":9.963},{"_mousePosition":[683,384],"_rootPartCFrame":[757.778,224.746,44.984,-0.152,0,-0.988,0,1,0,0.988,0,-0.152],"_humanoidState":8,"_cameraCFrame":[750.686,233.429,45.656,-0.153,0.712,-0.685,0,0.693,0.721,0.988,0.11,-0.106],"_shiftlockState":true,"_pose":"Standing","_animationQueue":[["climb",0.1],["walk",0.1],["idle",0.1]],"_animationSpeed":1,"_zoom":9.963},{"_mousePosition":[683,384],"_rootPartCFrame":[757.793,224.83,44.987,-0.157,0,-0.988,0,1,0,0.988,0,-0.157],"_humanoidState":5,"_cameraCFrame":[750.686,233.501,45.62,-0.158,0.711,-0.685,0,0.694,0.72,0.987,0.114,-0.11],"_shiftlockState":true,"_pose":"FreeFall","_animationQueue":[["walk",0.1],["fall",0.3]],"_animationSpeed":1,"_zoom":9.963},{"_mousePosition":[683,384],"_rootPartCFrame":[757.789,224.996,44.986,-0.16,0,-0.987,0,1,0,0.987,0,-0.16],"_humanoidState":12,"_cameraCFrame":[750.667,233.656,45.565,-0.166,0.709,-0.686,0,0.695,0.719,0.986,0.119,-0.115],"_shiftlockState":true,"_pose":"Climbing","_animationQueue":[["walk",0.1],["fall",0.3],["climb",0.1]],"_animationSpeed":0.242,"_zoom":9.963},{"_mousePosition":[683,384],"_rootPartCFrame":[757.789,225.182,44.986,-0.166,0,-0.986,0,1,0,0.986,0,-0.166],"_humanoidState":12,"_cameraCFrame":[750.658,233.837,45.519,-0.172,0.707,-0.686,0,0.696,0.718,0.985,0.123,-0.12],"_shiftlockState":true,"_pose":"Climbing","_animationQueue":[["climb",0.1]],"_animationSpeed":0.92,"_zoom":9.963},{"_mousePosition":[683,384],"_rootPartCFrame":[757.789,225.369,44.986,-0.172,0,-0.985,0,1,0,0.985,0,-0.172],"_humanoidState":12,"_cameraCFrame":[750.656,234.024,45.496,-0.175,0.707,-0.685,0,0.696,0.718,0.985,0.126,-0.122],"_shiftlockState":true,"_pose":"Climbing","_animationQueue":[],"_animationSpeed":0.92,"_zoom":9.963},{"_mousePosition":[683,384],"_rootPartCFrame":[757.789,225.556,44.986,-0.175,0,-0.985,0,1,0,0.985,0,-0.175],"_humanoidState":12,"_cameraCFrame":[750.649,234.205,45.473,-0.178,0.706,-0.685,0,0.697,0.718,0.984,0.128,-0.124],"_shiftlockState":true,"_pose":"Climbing","_animationQueue":[],"_animationSpeed":0.92,"_zoom":9.963},{"_mousePosition":[683,384],"_rootPartCFrame":[757.789,225.742,44.986,-0.178,0,-0.984,0,1,0,0.984,0,-0.178],"_humanoidState":12,"_cameraCFrame":[750.636,234.38,45.441,-0.182,0.704,-0.686,0,0.698,0.716,0.983,0.13,-0.127],"_shiftlockState":true,"_pose":"Climbing","_animationQueue":[],"_animationSpeed":0.92,"_zoom":9.963},{"_mousePosition":[683,384],"_rootPartCFrame":[757.789,225.929,44.986,-0.182,0,-0.983,0,1,0,0.983,0,-0.182],"_humanoidState":12,"_cameraCFrame":[750.625,234.561,45.342,-0.196,0.702,-0.685,0,0.698,0.716,0.981,0.14,-0.137],"_shiftlockState":true,"_pose":"Climbing","_animationQueue":[],"_animationSpeed":0.92,"_zoom":9.963},{"_mousePosition":[683,384],"_rootPartCFrame":[757.789,226.116,44.986,-0.196,0,-0.981,0,1,0,0.981,0,-0.196],"_humanoidState":12,"_cameraCFrame":[750.61,234.742,45.048,-0.235,0.695,-0.679,0,0.699,0.715,0.972,0.168,-0.165],"_shiftlockState":true,"_pose":"Climbing","_animationQueue":[],"_animationSpeed":0.92,"_zoom":9.963},{"_mousePosition":[683,384],"_rootPartCFrame":[757.132,226.974,44.827,-0.235,0,-0.972,0,1,0,0.972,0,-0.235],"_humanoidState":3,"_cameraCFrame":[749.971,235.606,44.41,-0.3,0.683,-0.666,0,0.698,0.716,0.954,0.215,-0.209],"_shiftlockState":true,"_pose":"Jumping","_animationQueue":[["climb",0.1],["jump",0.1]],"_animationSpeed":1,"_zoom":9.963},{"_mousePosition":[683,384],"_rootPartCFrame":[756.751,227.448,44.738,-0.343,0,-0.94,0,1,0,0.94,0,-0.343],"_humanoidState":5,"_cameraCFrame":[749.845,236.142,43.038,-0.471,0.637,-0.61,0,0.692,0.722,0.882,0.34,-0.326],"_shiftlockState":true,"_pose":"FreeFall","_animationQueue":[["jump",0.1]],"_animationSpeed":1,"_zoom":9.963},{"_mousePosition":[683,384],"_rootPartCFrame":[756.27,228.033,44.642,-0.569,0,-0.822,0,1,0,0.822,0,-0.569],"_humanoidState":5,"_cameraCFrame":[750.011,236.809,41.448,-0.662,0.547,-0.512,0,0.683,0.73,0.749,0.484,-0.452],"_shiftlockState":true,"_pose":"FreeFall","_animationQueue":[],"_animationSpeed":1,"_zoom":9.963},{"_mousePosition":[683,384],"_rootPartCFrame":[755.819,228.563,44.571,-0.754,0,-0.656,0,1,0,0.656,0,-0.754],"_humanoidState":5,"_cameraCFrame":[750.676,237.41,39.892,-0.837,0.403,-0.369,0,0.675,0.737,0.546,0.618,-0.566],"_shiftlockState":true,"_pose":"FreeFall","_animationQueue":[],"_animationSpeed":1,"_zoom":9.963},{"_mousePosition":[683,384],"_rootPartCFrame":[755.396,229.038,44.529,-0.903,0,-0.431,0,1,0,0.431,0,-0.903],"_humanoidState":5,"_cameraCFrame":[751.486,237.961,38.877,-0.94,0.254,-0.227,0,0.667,0.745,0.341,0.7,-0.627],"_shiftlockState":true,"_pose":"FreeFall","_animationQueue":[],"_animationSpeed":1,"_zoom":9.963},{"_mousePosition":[683,384],"_rootPartCFrame":[755.002,229.459,44.514,-0.977,0,-0.213,0,1,0,0.213,0,-0.977],"_humanoidState":5,"_cameraCFrame":[752.092,238.462,38.384,-0.983,0.137,-0.119,0,0.658,0.753,0.181,0.741,-0.647],"_shiftlockState":true,"_pose":"FreeFall","_animationQueue":[],"_animationSpeed":1,"_zoom":9.963},{"_mousePosition":[683,384],"_rootPartCFrame":[754.638,229.826,44.523,-0.999,0,-0.049,0,1,0,0.049,0,-0.999],"_humanoidState":5,"_cameraCFrame":[752.54,238.923,38.183,-0.999,0.042