[{"_mousePosition":[1186,396],"_rootPartCFrame":[776.023,222.971,47.142,0.004,0.004,1,0,1,-0.004,-1,0,0.004],"_humanoidState":8,"_cameraCFrame":[778.514,231.334,42.372,-0.887,-0.364,0.285,0,0.617,0.787,-0.462,0.698,-0.547],"_shiftlockState":false,"_pose":"Standing","_animationQueue":[],"_animationSpeed":1,"_zoom":8.72},{"_mousePosition":[1204,417],"_rootPartCFrame":[775.754,222.811,47.002,0.082,0,0.997,0,1,0,-0.997,0,0.082],"_humanoidState":8,"_cameraCFrame":[778.239,231.174,42.231,-0.887,-0.364,0.285,0,0.617,0.787,-0.462,0.698,-0.547],"_shiftlockState":false,"_pose":"Standing","_animationQueue":[],"_animationSpeed":1,"_zoom":8.72},{"_mousePosition":[1225,441],"_rootPartCFrame":[775.636,222.728,46.94,0.11,0,0.994,0,1,0,-0.994,0,0.11],"_humanoidState":8,"_cameraCFrame":[778.121,231.091,42.17,-0.887,-0.364,0.285,0,0.617,0.787,-0.462,0.698,-0.547],"_shiftlockState":false,"_pose":"Running","_animationQueue":[["walk",0.1]],"_animationSpeed":1.088,"_zoom":8.72},{"_mousePosition":[1249,467],"_rootPartCFrame":[775.399,222.614,46.817,0.159,0,0.987,0,1,0,-0.987,0,0.159],"_humanoidState":8,"_cameraCFrame":[777.885,230.977,42.047,-0.887,-0.364,0.285,0,0.617,0.787,-0.462,0.698,-0.547],"_shiftlockState":false,"_pose":"Running","_animationQueue":[],"_animationSpeed":1.088,"_zoom":8.72},{"_mousePosition":[1283,501],"_rootPartCFrame":[775.163,222.637,46.694,0.202,0,0.979,0,1,0,-0.979,0,0.202],"_humanoidState":8,"_cameraCFrame":[776.096,231.001,41.115,-0.887,-0.364,0.285,0,0.617,0.787,-0.462,0.698,-0.547],"_shiftlockState":true,"_pose":"Running","_animationQueue":[],"_animationSpeed":1.088,"_zoom":8.72},{"_mousePosition":[683,352.5],"_rootPartCFrame":[774.808,222.673,46.509,-0.935,0,0.356,0,1,0,-0.356,0,-0.935],"_humanoidState":8,"_cameraCFrame":[775.742,231.036,40.93,-0.887,-0.364,0.285,0,0.617,0.787,-0.462,0.698,-0.547],"_shiftlockState":true,"_pose":"Running","_animationQueue":[],"_animationSpeed":1.088,"_zoom":8.72},{"_mousePosition":[683,352.5],"_rootPartCFrame":[774.631,222.683,46.417,-0.896,0,0.444,0,1,0,-0.444,0,-0.896],"_humanoidState":8,"_cameraCFrame":[775.738,231.22,41.092,-0.861,-0.41,0.3,0,0.591,0.807,-0.508,0.695,-0.509],"_shiftlockState":true,"_pose":"Running","_animationQueue":[],"_animationSpeed":1.088,"_zoom":8.72},{"_mousePosition":[683,352.5],"_rootPartCFrame":[774.394,222.691,46.293,-0.863,0,0.505,0,1,0,-0.505,0,-0.863],"_humanoidState":8,"_cameraCFrame":[775.653,231.382,41.215,-0.834,-0.455,0.312,0,0.565,0.825,-0.551,0.688,-0.472],"_shiftlockState":true,"_pose":"Running","_animationQueue":[["walk",0.1]],"_animationSpeed":1.088,"_zoom":8.72},{"_mousePosition":[683,352.5],"_rootPartCFrame":[774.164,222.695,46.16,-0.834,0,0.551,0,1,0,-0.551,0,-0.834],"_humanoidState":8,"_cameraCFrame":[775.543,231.53,41.324,-0.806,-0.498,0.32,0,0.541,0.841,-0.592,0.678,-0.436],"_shiftlockState":true,"_pose":"Running","_animationQueue":[],"_animationSpeed":1.088,"_zoom":8.72},{"_mousePosition":[683,352.5],"_rootPartCFrame":[773.94,222.697,46.014,-0.806,0,0.592,0,1,0,-0.592,0,-0.806],"_humanoidState":8,"_cameraCFrame":[775.407,231.674,41.427,-0.777,-0.54,0.324,0,0.515,0.857,-0.63,0.666,-0.4],"_shiftlockState":true,"_pose":"Running","_animationQueue":[],"_animationSpeed":1.088,"_zoom":8.72},{"_mousePosition":[683,352.5],"_rootPartCFrame":[773.724,222.698,45.858,-0.777,0,0.63,0,1,0,-0.63,0,-0.777],"_humanoidState":8,"_cameraCFrame":[775.236,231.829,41.548,-0.745,-0.584,0.323,0,0.484,0.875,-0.667,0.652,-0.36],"_shiftlockState":true,"_pose":"Running","_animationQueue":[],"_animationSpeed":1.088,"_zoom":8.72},{"_mousePosition":[683,352.5],"_rootPartCFrame":[773.516,222.699,45.692,-0.745,0,0.667,0,1,0,-0.667,0,-0.745],"_humanoidState":8,"_cameraCFrame":[775,231.956,41.602,-0.723,-0.614,0.315,0,0.457,0.89,-0.69,0.644,-0.33],"_shiftlockState":true,"_pose":"Running","_animationQueue":[],"_animationSpeed":1.088,"_zoom":8.72},{"_mousePosition":[683,352.5],"_rootPartCFrame":[773.316,222.699,45.515,-0.723,0,0.69,0,1,0,-0.69,0,-0.723],"_humanoidState":8,"_cameraCFrame":[774.737,232.071,41.628,-0.706,-0.639,0.305,0,0.43,0.903,-0.708,0.637,-0.304],"_shiftlockState":true,"_pose":"Running","_animationQueue":[],"_animationSpeed":1.088,"_zoom":8.72},{"_mousePosition":[683,352.5],"_rootPartCFrame":[773.122,222.699,45.332,-0.706,0,0.708,0,1,0,-0.708,0,-0.706],"_humanoidState":8,"_cameraCFrame":[774.387,232.222,41.707,-0.69,-0.666,0.284,0,0.392,0.92,-0.724,0.635,-0.27],"_shiftlockState":true,"_pose":"Running","_animationQueue":[],"_animationSpeed":1.088,"_zoom":8.72},{"_mousePosition":[683,352.5],"_rootPartCFrame":[772.839,222.7,45.05,-0.69,0,0.724,0,1,0,-0.724,0,-0.69],"_humanoidState":8,"_cameraCFrame":[773.994,232.3,41.563,-0.685,-0.677,0.27,0,0.37,0.929,-0.729,0.636,-0.254],"_shiftlockState":true,"_pose":"Running","_animationQueue":[["walk",0.1]],"_animationSpeed":1.088,"_zoom":8.72},{"_mousePosition":[683,352.5],"_rootPartCFrame":[772.746,222.7,44.954,-0.685,0,0.729,0,1,0,-0.729,0,-0.685],"_humanoidState":8,"_cameraCFrame":[773.737,232.388,41.626,-0.684,-0.685,0.251,0,0.344,0.939,-0.729,0.642,-0.235],"_shiftlockState":true,"_pose":"Running","_animationQueue":[],"_animationSpeed":1.088,"_zoom":8.72},{"_mousePosition":[683,352.5],"_rootPartCFrame":[772.564,222.7,44.76,-0.684,0,0.729,0,1,0,-0.729,0,-0.684],"_humanoidState":8,"_cameraCFrame":[773.366,232.462,41.568,-0.692,-0.684,0.231,0,0.32,0.948,-0.722,0.655,-0.221],"_shiftlockState":true,"_pose":"Running","_animationQueue":[],"_animationSpeed":1.088,"_zoom":8.72},{"_mousePosition":[683,352.5],"_rootPartCFrame":[772.381,222.7,44.565,-0.692,0,0.722,0,1,0,-0.722,0,-0.692],"_humanoidState":8,"_cameraCFrame":[772.981,232.536,41.524,-0.701,-0.682,0.209,0,0.293,0.956,-0.714,0.67,-0.206],"_shiftlockState":true,"_pose":"Running","_animationQueue":[],"_animationSpeed":1.088,"_zoom":8.72},{"_mousePosition":[683,352.5],"_rootPartCFrame":[772.197,222.7,44.372,-0.701,0,0.713,0,1,0,-0.713,0,-0.701],"_humanoidState":8,"_cameraCFrame":[772.541,232.623,41.539,-0.71,-0.68,0.182,0,0.259,0.966,-0.704,0.686,-0.184],"_shiftlockState":true,"_pose":"Running","_animationQueue":[],"_animationSpeed":1.088,"_zoom":8.72},{"_mousePosition":[683,352.5],"_rootPartCFrame":[772.011,222.7,44.182,-0.71,0,0.704,0,1,0,-0.704,0,-0.71],"_humanoidState":8,"_cameraCFrame":[772.173,232.683,41.517,-0.714,-0.681,0.162,0,0.231,0.973,-0.7,0.695,-0.165],"_shiftlockState":true,"_pose":"Running","_animationQueue":[],"_animationSpeed":1.088,"_zoom":8.72},{"_mousePosition":[683,352.5],"_rootPartCFrame":[771.822,222.7,43.994,-0.714,0,0.7,0,1,0,-0.7,0,-0.714],"_humanoidState":8,"_cameraCFrame":[771.812,232.734,41.49,-0.718,-0.682,0.143,0,0.205,0.979,-0.696,0.702,-0.147],"_shiftlockState":true,"_pose":"Running","_animationQueue":[],"_animationSpeed":1.088,"_zoom":8.72},{"_mousePosition":[683,352.5],"_rootPartCFrame":[771.631,222.7,43.807,-0.718,0,0.696,0,1,0,-0.696,0,-0.718],"_humanoidState":8,"_cameraCFrame":[771.509,232.763,41.408,-0.721,-0.68,0.131,0,0.189,0.982,-0.693,0.708,-0.136],"_shiftlockState":true,"_pose":"Running","_animationQueue":[["walk",0.1]],"_animationSpeed":1.088,"_zoom":8.72},{"_mousePosition":[683,352.5],"_rootPartCFrame":[771.44,222.7,43.621,-0.721,0,0.693,0,1,0,-0.693,0,-0.721],"_humanoidState":8,"_cameraCFrame":[771.228,232.782,41.298,-0.726,-0.677,0.122,0,0.177,0.984,-0.687,0.715,-0.128],"_shiftlockState":true,"_pose":"Running","_animationQueue":[],"_animationSpeed":1.088,"_zoom":8.72},{"_mousePosition":[683,352.5],"_rootPartCFrame":[771.248,222.7,43.436,-0.726,0,0.687,0,1,0,-0.687,0,-0.726],"_humanoidState":8,"_cameraCFrame":[770.986,232.787,41.137,-0.736,-0.667,0.118,0,0.174,0.985,-0.677,0.724,-0.128],"_shiftlockState":true,"_pose":"Running","_animationQueue":[],"_animationSpeed":1.088,"_zoom":8.72},{"_mousePosition":[683,352.5],"_rootPartCFrame":[771.054,222.7,43.253,-0.736,0,0.677,0,1,0,-0.677,0,-0.736],"_humanoidState":8,"_cameraCFrame":[770.745,232.787,40.959,-0.75,-0.652,0.115,0,0.174,0.985,-0.662,0.738,-0.13],"_shiftlockState":true,"_pose":"Running","_animationQueue":[],"_animationSpeed":1.088,"_zoom":8.72},{"_mousePosition":[683,352.5],"_rootPartCFrame":[770.858,222.7,43.072,-0.75,0,0.662,0,1,0,-0.662,0,-0.75],"_humanoidState":8,"_cameraCFrame":[770.474,232.787,40.79,-0.771,-0.627,0.111,0,0.174,0.985,-0.637,0.759,-0.134],"_shiftlockState":true,"_pose":"Running","_animationQueue":[],"_animationSpeed":1.088,"_zoom":8.72},{"_mousePosition":[683,352.5],"_rootPartCFrame":[770.659,222.7,42.895,-0.771,0,0.637,0,1,0,-0.637,0,-0.771],"_humanoidState":8,"_cameraCFrame":[770.168,232.787,40.634,-0.8,-0.591,0.104,0,0.174,0.985,-0.6,0.788,-0.139],"_shiftlockState":true,"_pose":"Running","_animationQueue":[],"_animationSpeed":1.088,"_zoom":8.72},{"_mousePosition":[683,352.5],"_rootPartCFrame":[770.454,222.7,42.725,-0.8,0,0.6,0,1,0,-0.6,0,-0.8],"_humanoidState":8,"_cameraCFrame":[769.845,232.787,40.492,-0.83,-0.549,0.097,0,0.174,0.985,-0.557,0.818,-0.144],"_shiftlockState":true,"_pose":"Running","_animationQueue":[["walk",0.1]],"_animationSpeed":1.088,"_zoom":8.72},{"_mousePosition":[683,352.5],"_rootPartCFrame":[770.241,222.7,42.564,-0.83,0,0.557,0,1,0,-0.557,0,-0.83],"_humanoidState":8,"_cameraCFrame":[769.509,232.787,40.368,-0.86,-0.503,0.089,0,0.174,0.985,-0.511,0.847,-0.149],"_shiftlockState":true,"_pose":"Running","_animationQueue":[],"_animationSpeed":1.088,"_zoom":8.72},{"_mousePosition":[683,352.5],"_rootPartCFrame":[770.02,222.7,42.414,-0.86,0,0.511,0,1,0,-0.511,0,-0.86],"_humanoidState":8,"_cameraCFrame":[769.177,232.787,40.259,-0.885,-0.459,0.081,0,0.174,0.985,-0.466,0.871,-0.154],"_shiftlockState":true,"_pose":"Running","_animationQueue":[],"_animationSpeed":1.088,"_zoom":8.72},{"_mousePosition":[683,352.5],"_rootPartCFrame":[769.799,222.666,42.265,-0.885,0,0.466,0,1,0,-0.466,0,-0.885],"_humanoidState":8,"_cameraCFrame":[768.839,232.753,40.16,-0.909,-0.411,0.072,0,0.174,0.985,-0.417,0.895,-0.158],"_shiftlockState":true,"_pose":"Running","_animationQueue":[],"_animationSpeed":1.088,"_zoom":8.72},{"_mousePosition":[683,352.5],"_rootPartCFrame":[769.577,222.577,42.117,-0.909,0,0.417,0,1,0,-0.417,0,-0.909],"_humanoidState":8,"_cameraCFrame":[768.503,232.665,40.067,-0.931,-0.36,0.064,0,0.174,0.985,-0.366,0.917,-0.162],"_shiftlockState":true,"_pose":"Running","_animationQueue":[],"_animationSpeed":1.088,"_zoom":8.72},{"_mousePosition":[683,352.5],"_rootPartCFrame":[769.356,222.434,41.968,-0.931,0,0.366,0,1,0,-0.366,0,-0.931],"_humanoidState":8,"_cameraCFrame":[768.155,232.521,39.99,-0.952,-0.302,0.053,0,0.174,0.985,-0.307,0.937,-0.165],"_shiftlockState":true,"_pose":"Running","_animationQueue":[],"_animationSpeed":1.088,"_zoom":8.72},{"_mousePosition":[683,352.5],"_rootPartCFrame":[769.134,222.236,41.82,-0.952,0,0.307,0,1,0,-0.307,0,-0.952],"_humanoidState":8,"_cameraCFrame":[767.831,232.324,39.907,-0.967,-0.253,0.045,0,0.174,0.985,-0.256,0.952,-0.168],"_shiftlockState":true,"_pose":"Running","_animationQueue":[["walk",0.1]],"_animationSpeed":1.088,"_zoom":8.72},{"_mousePosition":[683,352.5],"_rootPartCFrame":[768.913,221.984,41.671,-0.967,0,0.256,0,1,0,-0.256,0,-0.967],"_humanoidState":8,"_cameraCFrame":[767.529,232.072,39.816,-0.977,-0.211,0.037,0,0.174,0.985,-0.215,0.962,-0.17],"_shiftlockState":true,"_pose":"Running","_animationQueue":[],"_animationSpeed":1.088,"_zoom":8.72},{"_mousePosition":[683,352.5],"_rootPartCFrame":[768.692,222.857,41.522,-0.977,0,0.215,0,1,0,-0.215,0,-0.977],"_humanoidState":3,"_cameraCFrame":[767.259,232.945,39.704,-0.982,-0.186,0.033,0,0.174,0.985,-0.189,0.967,-0.171],"_shiftlockState":true,"_pose":"Jumping","_animationQueue":[["walk",0.1],["jump",0.1]],"_animationSpeed":1,"_zoom":8.72},{"_mousePosition":[683,352.5],"_rootPartCFrame":[768.46,223.679,41.396,-0.96,0,0.279,0,1,0,-0.279,0,-0.96],"_humanoidState":5,"_cameraCFrame":[766.994,233.767,39.606,-0.985,-0.168,0.03,0,0.174,0.985,-0.171,0.97,-0.171],"_shiftlockState":true,"_pose":"FreeFall","_animationQueue":[["jump",0.1]],"_animationSpeed":1,"_zoom":8.72},{"_mousePosition":[683,352.5],"_rootPartCFrame":[768.214,224.447,41.307,-0.955,0,0.295,0,1,0,-0.295,0,-0.955],"_humanoidState":5,"_cameraCFrame":[766.724,234.535,39.537,-0.988,-0.155,0.027,0,0.174,0.985,-0.157,0.973,-0.171],"_shiftlockState":true,"_pose":"FreeFall","_animationQueue":[],"_animationSpeed":1,"_zoom":8.72},{"_mousePosition":[683,352.5],"_rootPartCFrame":[767.955,225.16,41.252,-0.958,0,0.286,0,1,0,-0.286,0,-0.958],"_humanoidState":5,"_cameraCFrame":[766.45,235.248,39.495,-0.989,-0.147,0.026,0,0.174,0.985,-0.149,0.974,-0.172],"_shiftlockState":true,"_pose":"FreeFall","_animationQueue":[],"_animationSpeed":1,"_zoom":8.72},{"_mousePosition":[683,352.5],"_rootPartCFrame":[767.692,225.819,41.21,-0.96,0,0.279,0,1,0,-0.279,0,-0.96],"_humanoidState":5,"_cameraCFrame":[766.177,235.906,39.46,-0.99,-0.141,0.025,0,0.174,0.985,-0.144,0.975,-0.172],"_shiftlockState":true,"_pose":"FreeFall","_animationQueue":[],"_animationSpeed":1,"_zoom":8.72},{"_mousePosition":[683,352.5],"_rootPartCFrame":[767.428,226.423,41.17,-0.962,0,0.274,0,1,0,-0.274,0,-0.962],"_humanoidState":5,"_cameraCFrame":[765.901,236.51,39.431,-0.991,-0.134,0.024,0,0.174,0.985,-0.136,0.976,-0.172],"_shiftlockState":true,"_pose":"FreeFall","_animationQueue":[],"_animationSpeed":1,"_zoom":8.72},{"_mousePosition":[683,352.5],"_rootPartCFrame":[767.164,226.972,41.131,-0.964,0,0.267,0,1,0,-0.267,0,-0.964],"_humanoidState":5,"_cameraCFrame":[765.621,237.06,39.407,-0.992,-0.125,0.022,0,0.174,0.985,-0.127,0.977,-0.172],"_shiftlockState":true,"_pose":"FreeFall","_animationQueue":[],"_animationSpeed":1,"_zoom":8.72},{"_mousePosition":[683,352.5],"_rootPartCFrame":[766.9,227.467,41.095,-0.966,0,0.258,0,1,0,-0.258,0,-0.966],"_humanoidState":5,"_cameraCFrame":[765.337,237.555,39.388,-0.993,-0.114,0.02,0,0.174,0.985,-0.116,0.978,-0.172],"_shiftlockState":true,"_pose":"FreeFall","_animationQueue":[],"_animationSpeed":1,"_zoom":8.72},{"_mousePosition":[683,352.5],"_rootPartCFrame":[766.635,227.908,41.06,-0.969,0,0.247,0,1,0,-0.247,0,-0.969],"_humanoidState":5,"_cameraCFrame":[765.051,237.995,39.374,-0.995,-0.102,0.018,0,0.174,0.985,-0.103,0.98,-0.173],"_shiftlockState":true,"_pose":"FreeFall","_animationQueue":[],"_animationSpeed":1,"_zoom":8.72},{"_mousePosition":[683,352.5],"_rootPartCFrame":[766.371,228.294,41.029,-0.972,0,0.234,0,1,0,-0.234,0,-0.972],"_humanoidState":5,"_cameraCFrame":[764.777,238.381,39.351,-0.995,-0.096,0.017,0,0.174,0.985,-0.098,0.98,-0.173],"_shiftlockState":true,"_pose":"FreeFall","_animationQueue":[],"_animationSpeed":1,"_zoom":8.72},{"_mousePosition":[683,352.5],"_rootPartCFrame":[766.105,228.625,41.001,-0.973,0,0.229,0,1,0,-0.229,0,-0.973],"_humanoidState":5,"_cameraCFrame":[764.509,238.713,39.326,-0.995,-0.094,0.017,0,0.174,0.985,-0.096,0.98,-0.173],"_shiftlockState":true,"_pose":"FreeFall","_animationQueue":[],"_animationSpeed":1,"_zoom":8.72},{"_mousePosition":[683,352.5],"_rootPartCFrame":[765.84,228.902,40.975,-0.974,0,0.227,0,1,0,-0.227,0,-0.974],"_humanoidState":5,"_cameraCFrame":[764.243,238.99,39.3,-0.995,-0.094,0.017,0,0.174,0.985,-0.096,0.98,-0.173],"_shiftlockState":true,"_pose":"FreeFall","_animationQueue":[],"_animationSpeed":1,"_zoom":8.72},{"_mousePosition":[683,352.5],"_rootPartCFrame":[765.575,229.125,40.949,-0.974,0,0.227,0,1,0,-0.227,0,-0.974],"_humanoidState":5,"_cameraCFrame":[763.973,239.212,39.279,-0.996,-0.091,0.016,0,0.174,0.985,-0.093,0.981,-0.173],"_shiftlockState":true,"_pose":"FreeFall","_animationQueue":[],"_animationSpeed":1,"_zoom":8.72},{"_mousePosition":[683,352.5],"_rootPartCFrame":[765.309,229.293,40.923,-0.975,0,0.224,0,1,0,-0.224,0,-0.975],"_humanoidState":5,"_cameraCFrame":[763.69,239.38,39.27,-0.997,-0.081,0.014,0,0.174,0.985,-0.082,0.981,-0.173],"_shiftlockState":true,"_pose":"FreeFall","_animationQueue":[],"_animationSpeed":1,"_zoom":8.72},{"_mousePosition":[683,352.5],"_rootPartCFrame":[765.044,229.406,40.899,-0.977,0,0.214,0,1,0,-0.214,0,-0.977],"_humanoidState":5,"_cameraCFrame":[763.392,239.494,39.278,-0.998,-0.062,0.011,0,0.174,0.985,-0.062,0.983,-0.173],"_shiftlockState":true,"_pose":"FreeFall","_animationQueue":[],"_animationSpeed":1,"_zoom":8.72},{"_mousePosition":[683,352.5],"_rootPartCFrame":[764.778,229.465,40.876,-0.981,0,0.194,0,1,0,-0.194,0,-0.981],"_humanoidState":5,"_cameraCFrame":[763.071,239.553,39.314,-1,-0.028,0.005,0,0.174,0.985,-0.028,0.984,-0.174],"_shiftlockState":true,"_pose":"FreeFall","_animationQueue":[],"_animationSpeed":1,"_zoom":8.72},{"_mousePosition":[683,352.5],"_rootPartCFrame":[764.512,229.47,40.859,-0.987,0,0.161,0,1,0,-0.161,0,-0.987],"_humanoidState":5,"_cameraCFrame":[762.736,239.557,39.375,-1,0.017,-0.003,0,0.174,0.985,0.017,0.985,-0.174],"_shiftlockState":true,"_pose":"FreeFall","_animationQueue":[],"_animationSpeed":1,"_zoom":8.72},{"_mousePosition":[683,352.5],"_rootPartCFrame":[764.245,229.42,40.85,-0.993,0,0.116,0,1,0,-0.116,0,-0.993],"_humanoidState":5,"_cameraCFrame":[762.391,239.507,39.465,-0.997,0.07,-0.012,0,0.174,0.985,0.071,0.982,-0.173],"_shiftlockState":true,"_pose":"FreeFall","_animationQueue":[],"_animationSpeed":1,"_zoom":8.72},{"_mousePosition":[683,352.5],"_rootPartCFrame":[763.979,229.315,40.853,-0.998,0,0.062,0,1,0,-0.062,0,-0.998],"_humanoidState":5,"_cameraCFrame":[762.054,239.403,39.568,-0.992,0.123,-0.022,0,0.174,0.985,0.125,0.977,-0.172],"_shiftlockState":true,"_pose":"FreeFall","_animationQueue":[["fall",0.3]],"_animationSpeed":1,"_zoom":8.72},{"_mousePosition":[683,352.5],"_rootPartCFrame":[763.713,229.156,40.87,-1,0,0.008,0,1,0,-0.008,0,-1],"_humanoidState":5,"_cameraCFrame":[761.705,239.244,39.719,-0.981,0.189,-0.033,0,0.174,0.985,0.192,0.967,-0.17],"_shiftlockState":true,"_pose":"FreeFall","_animationQueue":[],"_animationSpeed":1,"_zoom":8.72},{"_mousePosition":[683,352.5],"_rootPartCFrame":[763.466,228.943,40.835,-0.998,0,-0.058,0,1,0,0.058,0,-0.998],"_humanoidState":5,"_cameraCFrame":[761.37,239.03,39.854,-0.962,0.268,-0.047,0,0.174,0.985,0.272,0.948,-0.167],"_shiftlockState":true,"_pose":"FreeFall","_animationQueue":[],"_animationSpeed":1,"_zoom":8.72},{"_mousePosition":[683,352.5],"_rootPartCFrame":[763.224,228.675,40.767,-0.99,0,-0.14,0,1,0,0.14,0,-0.99],"_humanoidState":5,"_cameraCFrame":[761.031,238.755,39.947,-0.933,0.355,-0.064,0,0.178,0.984,0.361,0.918,-0.166],"_shiftlockState":true,"_pose":"FreeFall","_animationQueue":[],"_animationSpeed":1,"_zoom":8.72},{"_mousePosition":[683,352.5],"_rootPartCFrame":[762.982,228.352,40.721,-0.973,0,-0.232,0,1,0,0.232,0,-0.973],"_humanoidState":5,"_cameraCFrame":[760.709,238.429,40.104,-0.892,0.444,-0.082,0,0.181,0.984,0.451,0.878,-0.161],"_shiftlockState":true,"_pose":"FreeFall","_animationQueue":[],"_animationSpeed":1,"_zoom":8.72},{"_mousePosition":[683,352.5],"_rootPartCFrame":[762.746,227.975,40.748,-0.944,0,-0.329,0,1,0,0.329,0,-0.944],"_humanoidState":5,"_cameraCFrame":[760.416,238.05,40.374,-0.838,0.536,-0.099,0,0.182,0.983,0.545,0.825,-0.152],"_shiftlockState":true,"_pose":"FreeFall","_animationQueue":[],"_animationSpeed":1,"_zoom":8.72},{"_mousePosition":[683,352.5],"_rootPartCFrame":[762.508,227.544,40.814,-0.903,0,-0.429,0,1,0,0.429,0,-0.903],"_humanoidState":5,"_cameraCFrame":[760.141,237.616,40.697,-0.771,0.626,-0.117,0,0.183,0.983,0.637,0.758,-0.141],"_shiftlockState":true,"_pose":"FreeFall","_animationQueue":[],"_animationSpeed":1,"_zoom":8.72},{"_mousePosition":[683,352.5],"_rootPartCFrame":[762.287,227.058,40.913,-0.844,0,-0.537,0,1,0,0.537,0,-0.844],"_humanoidState":5,"_cameraCFrame":[759.865,237.115,41.052,-0.68,0.719,-0.141,0,0.193,0.981,0.733,0.668,-0.131],"_shiftlockState":true,"_pose":"FreeFall","_animationQueue":[["fall",0.3]],"_animationSpeed":1,"_zoom":8.72},{"_mousePosition":[683,352.5],"_rootPartCFrame":[762.096,226.518,41.038,-0.765,0,-0.645,0,1,0,0.645,0,-0.765],"_humanoidState":5,"_cameraCFrame":[759.618,236.549,41.457,-0.567,0.806,-0.17,0,0.207,0.978,0.824,0.555,-0.117],"_shiftlockState":true,"_pose":"FreeFall","_animationQueue":[],"_animationSpeed":1,"_zoom":8.72},{"_mousePosition":[683,352.5],"_rootPartCFrame":[761.937,225.923,41.187,-0.664,0,-0.748,0,1,0,0.748,0,-0.664],"_humanoidState":5,"_cameraCFrame":[759.437,235.931,41.861,-0.461,0.866,-0.194,0,0.219,0.976,0.887,0.45,-0.101],"_shiftlockState":true,"_pose":"FreeFall","_animationQueue":[],"_animationSpeed":1,"_zoom":8.72},{"_mousePosition":[683,352.5],"_rootPartCFrame":[761.811,225.273,41.357,-0.566,0,-0.825,0,1,0,0.825,0,-0.566],"_humanoidState":5,"_cameraCFrame":[759.336,235.266,42.273,-0.362,0.908,-0.211,0,0.227,0.974,0.932,0.353,-0.082],"_shiftlockState":true,"_pose":"FreeFall","_animationQueue":[],"_animationSpeed":1,"_zoom":8.72},{"_mousePosition":[683,352.5],"_rootPartCFrame":[761.722,224.569,41.542,-0.471,0,-0.882,0,1,0,0.882,0,-0.471],"_humanoidState":5,"_cameraCFrame":[759.292,234.543,42.721,-0.25,0.941,-0.228,0,0.236,0.972,0.968,0.243,-0.059],"_shiftlockState":true,"_pose":"FreeFall","_animationQueue":[],"_animationSpeed":1,"_zoom":8.72},{"_mousePosition":[683,352.5],"_rootPartCFrame":[761.671,223.811,41.74,-0.365,0,-0.931,0,1,0,0.931,0,-0.365],"_humanoidState":5,"_cameraCFrame":[759.241,233.743,43.186,-0.13,0.959,-0.253,0,0.255,0.967,0.991,0.126,-0.033],"_shiftlockState":true,"_pose":"FreeFall","_animationQueue":[],"_animationSpeed":1,"_zoom":8.72},{"_mousePosition":[683,352.5],"_rootPartCFrame":[761.659,222.998,41.947,-0.249,0,-0.969,0,1,0,0.969,0,-0.249],"_humanoidState":5,"_cameraCFrame":[759.207,232.868,43.687,-0.004,0.96,-0.28,0,0.28,0.96,1,0.004,-0.001],"_shiftlockState":true,"_pose":"FreeFall","_animationQueue":[],"_animationSpeed":1,"_zoom":8.72},{"_mousePosition":[683,352.5],"_rootPartCFrame":[761.772,223.021,42.157,-0.03,0,-1,0,1,0,1,0,-0.03],"_humanoidState":7,"_cameraCFrame":[759.254,232.832,44.078,0.066,0.951,-0.302,0,0.303,0.953,0.998,-0.063,0.02],"_shiftlockState":true,"_pose":"FreeFall","_animationQueue":[["fall",0.3],["walk",0.1],["fall",0.3],["fall",0.3]],"_animationSpeed":1,"_zoom":8.72},{"_mousePosition":[683,352.5],"_rootPartCFrame":[761.955,223.283,42.35,0.066,0,-0.998,0,1,0,0.998,0,0.066],"_humanoidState":7,"_cameraCFrame":[759.296,233.035,44.336,0.086,0.943,-0.322,0,0.323,0.946,0.996,-0.081,0.028],"_shiftlockState":true,"_pose":"FreeFall","_animationQueue":[],"_animationSpeed":1,"_zoom":8.72},{"_mousePosition":[683,352.5],"_rootPartCFrame":[762.077,223.451,42.515,0.021,0,-1,-0.004,1,0,1,0.004,0.021],"_humanoidState":8,"_cameraCFrame":[759.36,233.184,44.506,0.084,0.941,-0.328,0,0.33,0.944,0.996,-0.079,0.028],"_shiftlockState":true,"_pose":"Running","_animationQueue":[["walk",0.1],["fall",0.3],["walk",0.1]],"_animationSpeed":1.103,"_zoom":8.72},{"_mousePosition":[683,352.5],"_rootPartCFrame":[761.975,223.538,42.636,0.075,0,-0.997,-0.001,1,0,0.997,0.001,0.075],"_humanoidState":8,"_cameraCFrame":[759.224,233.264,44.604,0.077,0.941,-0.331,0,0.332,0.943,0.997,-0.072,0.025],"_shiftlockState":true,"_pose":"Running","_animationQueue":[["walk",0.1]],"_animationSpeed":1.029,"_zoom":8.72},{"_mousePosition":[683,352.5],"_rootPartCFrame":[762.025,223.6,42.773,0.011,-0.001,-1,-0.002,1,-0.001,1,0.002,0.011],"_humanoidState":8,"_cameraCFrame":[758.775,233.233,44.324,-0.063,0.931,-0.36,0,0.361,0.933,0.998,0.059,-0.023],"_shiftlockState":true,"_pose":"Running","_animationQueue":[["walk",0.1]],"_animationSpeed":0.559,"_zoom":8.72},{"_mousePosition":[683,352.5],"_rootPartCFrame":[762.015,223.632,42.888,-0.001,-0.011,-1,0.002,1,-0.011,1,-0.002,-0.001],"_humanoidState":8,"_cameraCFrame":[758.111,232.699,42.784,-0.473,0.801,-0.367,0,0.417,0.909,0.881,0.43,-0.197],"_shiftlockState":true,"_pose":"Running","_animationQueue":[["walk",0.1]],"_animationSpeed":0.665,"_zoom":8.72},{"_mousePosition":[683,352.5],"_rootPartCFrame":[761.68,223.654,43.027,-0.43,-0.005,-0.903,0.001,1,-0.006,0.903,-0.004,-0.43],"_humanoidState":8,"_cameraCFrame":[758.36,232.664,40.678,-0.873,0.438,-0.214,0,0.438,0.899,0.488,0.785,-0.383],"_shiftlockState":true,"_pose":"Running","_animationQueue":[["walk",0.1],["walk",0.1]],"_animationSpeed":0.46,"_zoom":8.72},{"_mousePosition":[683,352.5],"_rootPartCFrame":[761.432,223.669,43.234,-0.862,-0.005,-0.507,-0.002,1,-0.005,0.507,-0.004,-0.862],"_humanoidState":8,"_cameraCFrame":[760.047,233.08,40.137,-0.992,-0.116,0.043,0,0.344,0.939,-0.124,0.932,-0.341],"_shiftlockState":true,"_pose":"Running","_animationQueue":[["walk",0.1]],"_animationSpeed":0.64,"_zoom":8.72},{"_mousePosition":[683,352.5],"_rootPartCFrame":[761.433,224.774,43.519,-0.994,-0.002,0.109,-0.002,1,-0.003,-0.109,-0.003,-0.994],"_humanoidState":3,"_cameraCFrame":[760.662,234.576,41.163,-0.892,-0.443,0.093,0,0.206,0.979,-0.453,0.872,-0.184],"_shiftlockState":true,"_pose":"Jumping","_animationQueue":[["walk",0.1],["jump",0.1]],"_animationSpeed":1,"_zoom":8.72},{"_mousePosition":[683,352.5],"_rootPartCFrame":[761.408,225.436,43.689,-0.896,0,0.445,-0.001,1,-0.001,-0.445,-0.001,-0.896],"_humanoidState":3,"_cameraCFrame":[761.281,235.351,41.396,-0.688,-0.715,0.126,0,0.174,0.985,-0.726,0.677,-0.119],"_shiftlockState":true,"_pose":"Jumping","_animationQueue":[],"_animationSpeed":1,"_zoom":8.72},{"_mousePosition":[683,352.5],"_rootPartCFrame":[761.408,226.319,43.917,-0.697,0,0.718,0.001,1,0,-0.718,0.001,-0.697],"_humanoidState":3,"_cameraCFrame":[761.938,236.282,41.68,-0.456,-0.876,0.155,0,0.174,0.985,-0.89,0.449,-0.079],"_shiftlockState":true,"_pose":"Jumping","_animationQueue":[],"_animationSpeed":1,"_zoom":8.72},{"_mousePosition":[683,352.5],"_rootPartCFrame":[761.389,227.169,44.127,-0.418,0,0.908,0.001,1,0,-0.908,0.001,-0.418],"_humanoidState":5,"_cameraCFrame":[762.376,237.166,42.047,-0.262,-0.95,0.168,0,0.174,0.985,-0.965,0.258,-0.046],"_shiftlockState":true,"_pose":"FreeFall","_animationQueue":[["jump",0.1]],"_animationSpeed":1,"_zoom":8.72},{"_mousePosition":[683,352.5],"_rootPartCFrame":[761.344,227.963,44.308,-0.193,0,0.981,0,1,0,-0.981,0,-0.193],"_humanoidState":5,"_cameraCFrame":[762.498,237.988,42.311,-0.185,-0.968,0.171,0,0.174,0.985,-0.983,0.182,-0.032],"_shiftlockState":true,"_pose":"FreeFall","_animationQueue":[],"_animationSpeed":1,"_zoom":8.72},{"_mousePosition":[683,352.5],"_rootPartCFrame":[761.277,228.704,44.456,-0.097,0,0.995,0,1,0,-0.995,0,-0.097],"_humanoidState":5,"_cameraCFrame":[762.434,238.748,42.458,-0.185,-0.968,0.171,0,0.174,0.985,-0.983,0.182,-0.032],"_shiftlockState":true,"_pose":"FreeFall","_animationQueue":[],"_animationSpeed":1,"_zoom":8.72},{"_mousePosition":[683,352.5],"_rootPartCFrame":[761.191,229.389,44.57,-0.085,0,0.996,0,1,0,-0.996,0,-0.085],"_humanoidState":5,"_cameraCFrame":[762.351,239.447,42.571,-0.185,-0.968,0.171,0,0.174,0.985,-0.983,0.182,-0.032],"_shiftlockState":true,"_pose":"FreeFall","_animationQueue":[],"_animationSpeed":1,"_zoom":8.72},{"_mousePosition":[683,352.5],"_rootPartCFrame":[761.087,230.021,44.647,-0.081,0,0.997,0,1,0,-0.997,0,-0.081],"_humanoidState":5,"_cameraCFrame":[762.248,240.088,42.649,-0.185,-0.968,0.171,0,0.174,0.985,-0.983,0.182,-0.032],"_shiftlockState":true,"_pose":"FreeFall","_animationQueue":[],"_animationSpeed":1,"_zoom":8.72},{"_mousePosition":[683,352.5],"_rootPartCFrame":[760.965,230.598,44.69,-0.081,0,0.997,0,1,0,-0.997,0,-0.081],"_humanoidState":5,"_cameraCFrame":[762.127,240.671,42.691,-0.185,-0.968,0.171,0,0.174,0.985,-0.983,0.182,-0.032],"_shiftlockState":true,"_pose":"FreeFall","_animationQueue":[],"_animationSpeed":1,"_zoom":8.72},{"_mousePosition":[683,352.5],"_rootPartCFrame":[760.812,231.12,44.722,-0.153,0,0.988,0,1,0,-0.988,0,-0.153],"_humanoidState":5,"_cameraCFrame":[761.975,241.198,42.723,-0.185,-0.968,0.171,0,0.174,0.985,-0.983,0.182,-0.032],"_shiftlockState":true,"_pose":"FreeFall","_animationQueue":[],"_animationSpeed":1,"_zoom":8.72},{"_mousePosition":[683,352.5],"_rootPartCFrame":[760.619,231.588,44.761,-0.181,0,0.983,0,1,0,-0.983,0,-0.181],"_humanoidState":5,"_cameraCFrame":[761.783,241.669,42.762,-0.185,-0.968,0.171,0,0.174,0.985,-0.983,0.182,-0.032],"_shiftlockState":true,"_pose":"FreeFall","_animationQueue":[],"_animationSpeed":1,"_zoom":8.72},{"_mousePosition":[683,352.5],"_rootPartCFrame":[760.387,232.001,44.806,-0.184,0,0.983,0,1,0,-0.983,0,-0.184],"_humanoidState":5,"_cameraCFrame":[761.552,242.084,42.807,-0.185,-0.968,0.171,0,0.174,0.985,-0.983,0.182,-0.032],"_shiftlockState":true,"_pose":"FreeFall","_animationQueue":[],"_animationSpeed":1,"_zoom":8.72},{"_mousePosition":[683,352.5],"_rootPartCFrame":[760.127,232.36,44.855,-0.185,0,0.983,0,1,0,-0.983,0,-0.185],"_humanoidState":5,"_cameraCFrame":[761.292,242.444,42.855,-0.185,-0.968,0.171,0,0.174,0.985,-0.983,0.182,-0.032],"_shiftlockState":true,"_pose":"FreeFall","_animationQueue":[],"_animationSpeed":1,"_zoom":8.72},{"_mousePosition":[683,352.5],"_rootPartCFrame":[759.865,232.664,44.904,-0.185,0,0.983,0,1,0,-0.983,0,-0.185],"_humanoidState":5,"_cameraCFrame":[761.213,242.709,42.846,-0.198,-0.961,0.194,0,0.198,0.98,-0.98,0.194,-0.039],"_shiftlockState":true,"_pose":"FreeFall","_animationQueue":[],"_animationSpeed":1,"_zoom":8.72},{"_mousePosition":[683,352.5],"_rootPartCFrame":[759.603,232.914,44.953,-0.197,0,0.98,0,1,0,-0.98,0,-0.197],"_humanoidState":5,"_cameraCFrame":[761.124,242.935,42.915,-0.17,-0.963,0.209,0,0.212,0.977,-0.985,0.166,-0.036],"_shiftlockState":true,"_pose":"FreeFall","_animationQueue":[],"_animationSpeed":1,"_zoom":8.72},{"_mousePosition":[683,352.5],"_rootPartCFrame":[759.407,233.065,44.992,-0.172,0,0.985,0,1,0,-0.985,0,-0.172],"_humanoidState":5,"_cameraCFrame":[761.018,243.073,42.967,-0.156,-0.964,0.216,0,0.219,0.976,-0.988,0.152,-0.034],"_shiftlockState":true,"_pose":"FreeFall","_animationQueue":[],"_animationSpeed":1,"_zoom":8.72},{"_mousePosition":[683,352.5],"_rootPartCFrame":[759.079,233.25,45.05,-0.158,0,0.987,0,1,0,-0.987,0,-0.158],"_humanoidState":5,"_cameraCFrame":[760.708,243.255,43.026,-0.154,-0.964,0.218,0,0.22,0.975,-0.988,0.15,-0.034],"_shiftlockState":true,"_pose":"FreeFall","_animationQueue":[],"_animationSpeed":1,"_zoom":8.72},{"_mousePosition":[683,352.5],"_rootPartCFrame":[758.816,233.336,45.092,-0.154,0,0.988,0,1,0,-0.988,0,-0.154],"_humanoidState":5,"_cameraCFrame":[760.445,243.341,43.068,-0.154,-0.964,0.218,0,0.22,0.975,-0.988,0.15,-0.034],"_shiftlockState":true,"_pose":"FreeFall","_animationQueue":[],"_animationSpeed":1,"_zoom":8.72},{"_mousePosition":[683,352.5],"_rootPartCFrame":[758.615,233.368,45.142,-0.105,0,0.994,0,1,0,-0.994,0,-0.105],"_humanoidState":5,"_cameraCFrame":[760.369,243.358,43.155,-0.126,-0.966,0.226,0,0.228,0.974,-0.992,0.122,-0.029],"_shiftlockState":true,"_pose":"FreeFall","_animationQueue":[],"_animationSpeed":1,"_zoom":8.72},{"_mousePosition":[683,352.5],"_rootPartCFrame":[758.617,233.345,45.254,-0.068,0,0.998,0,1,0,-0.998,0,-0.068],"_humanoidState":5,"_cameraCFrame":[760.794,243.284,43.483,-0.01,-0.968,0.252,0,0.252,0.968,-1,0.009,-0.002],"_shiftlockState":true,"_pose":"FreeFall","_animationQueue":[["fall",0.3]],"_animationSpeed":1,"_zoom":8.72},{"_mousePosition":[683,352.5],"_rootPartCFrame":[758.601,233.24,45.359,0.079,0,0.997,0,1,0,-0.997,0,0.079],"_humanoidState":5,"_cameraCFrame":[761.33,243.114,44.123,0.197,-0.941,0.273,0,0.279,0.96,-0.98,-0.189,0.055],"_shiftlockState":true,"_pose":"FreeFall","_animationQueue":[],"_animationSpeed":1,"_zoom":8.72},{"_mousePosition":[683,352.5],"_rootPartCFrame":[758.726,233.151,45.347,0.222,0.001,0.975,-0.003,1,0,-0.975,-0.003,0.222],"_humanoidState":5,"_cameraCFrame":[761.67,243.033,44.908,0.464,-0.852,0.244,0,0.276,0.961,-0.886,-0.446,0.128],"_shiftlockState":true,"_pose":"FreeFall","_animationQueue":[],"_animationSpeed":1,"_zoom":8.72},{"_mousePosition":[683,352.5],"_rootPartCFrame":[758.915,233.045,45.227,0.47,0.002,0.883,-0.002,1,-0.001,-0.883,-0.002,0.47],"_humanoidState":7,"_cameraCFrame":[761.548,243.04,45.373,0.705,-0.691,0.16,0,0.226,0.974,-0.709,-0.687,0.159],"_shiftlockState":true,"_pose":"FreeFall","_animationQueue":[["walk",0.1],["fall",0.3],["fall",0.3]],"_animationSpeed":1,"_zoom":8.72},{"_mousePosition":[683,352.5],"_rootPartCFrame":[759.055,232.979,45.072,0.696,0.001,0.718,-0.001,1,0,-0.718,0,0.696],"_humanoidState":7,"_cameraCFrame":[761.362,243.067,45.265,0.808,-0.58,0.102,0,0.174,0.985,-0.589,-0.796,0.14],"_shiftlockState":true,"_pose":"FreeFall","_animationQueue":[],"_animationSpeed":1,"_zoom":8.72},{"_mousePosition":[683,352.5],"_rootPartCFrame":[759.105,232.861,44.94,0.807,0,0.591,0,1,0,-0.591,0,0.807],"_humanoidState":8,"_cameraCFrame":[761.419,242.948,44.935,0.755,-0.646,0.114,0,0.174,0.985,-0.656,-0.743,0.131],"_shiftlockState":true,"_pose":"Running","_animationQueue":[["walk",0.1],["fall",0.3],["walk",0.1]],"_animationSpeed":0.649,"_zoom":8.72},{"_mousePosition":[683,352.5],"_rootPartCFrame":[759.112,233.724,44.823,0.754,0,0.657,0,1,0,-0.657,0,0.754],"_humanoidState":3,"_cameraCFrame":[761.367,243.811,44.302,0.589,-0.796,0.14,0,0.174,0.985,-0.808,-0.58,0.102],"_shiftlockState":true,"_pose":"Jumping","_animationQueue":[["walk",0.1],["jump",0.1]],"_animationSpeed":1,"_zoom":8.72},{"_mousePosition":[683,352.5],"_rootPartCFrame":[759.115,234.532,44.681,0.661,0,0.751,0,1,0,-0.751,0,0.661],"_humanoidState":5,"_cameraCFrame":[761.261,244.62,43.816,0.456,-0.876,0.155,0,0.174,0.985,-0.89,-0.45,0.079],"_shiftlockState":true,"_pose":"FreeFall","_animationQueue":[["jump",0.1]],"_animationSpeed":1,"_zoom":8.72},{"_mousePosition":[683,352.5],"_rootPartCFrame":[759.11,235.286,44.502,0.562,0,0.827,0,1,0,-0.827,0,0.562],"_humanoidState":5,"_cameraCFrame":[761.316,245.331,43.403,0.322,-0.928,0.188,0,0.199,0.98,-0.947,-0.315,0.064],"_shiftlockState":true,"_pose":"FreeFall","_animationQueue":[],"_animationSpeed":1,"_zoom":8.72},{"_mousePosition":[683,352.5],"_rootPartCFrame":[759.081,235.985,44.292,0.437,0,0.9,0,1,0,-0.9,0,0.437],"_humanoidState":5,"_cameraCFrame":[761.229,245.986,42.803,0.127,-0.967,0.221,0,0.223,0.975,-0.992,-0.124,0.028],"_shiftlockState":true,"_pose":"FreeFall","_animationQueue":[],"_animationSpeed":1,"_zoom":8.72},{"_mousePosition":[683,352.5],"_rootPartCFrame":[759.016,236.63,44.067,0.254,0,0.967,0,1,0,-0.967,0,0.254],"_humanoidState":5,"_cameraCFrame":[761.065,246.578,42.189,-0.061,-0.967,0.247,0,0.248,0.969,-0.998,0.059,-0.015],"_shiftlockState":true,"_pose":"FreeFall","_animationQueue":[],"_animationSpeed":1,"_zoom":8.72},{"_mousePosition":[683,352.5],"_rootPartCFrame":[758.912,237.221,43.843,0.069,0,0.998,0,1,0,-0.998,0,0.069],"_humanoidState":5,"_cameraCFrame":[760.869,247.114,41.648,-0.204,-0.942,0.265,0,0.271,0.963,-0.979,0.197,-0.055],"_shiftlockState":true,"_pose":"FreeFall","_animationQueue":[],"_animationSpeed":1,"_zoom":8.72},{"_mousePosition":[683,352.5],"_rootPartCFrame":[758.772,237.756,43.634,-0.08,0,0.997,0,1,0,-0.997,0,-0.08],"_humanoidState":5,"_cameraCFrame":[760.583,247.599,41.139,-0.333,-0.902,0.275,0,0.291,0.957,-0.943,0.319,-0.097],"_shiftlockState":true,"_pose":"FreeFall","_animationQueue":[],"_animationSpeed":1,"_zoom":8.72},{"_mousePosition":[683,352.5],"_rootPartCFrame":[758.753,238.23,43.476,-0.2,-0.007,0.98,-0.002,1,0.006,-0.98,-0.001,-0.2],"_humanoidState":5,"_cameraCFrame":[760.384,248.051,40.797,-0.417,-0.868,0.272,0,0.299,0.954,-0.909,0.398,-0.125],"_shiftlockState":true,"_pose":"FreeFall","_animationQueue":[],"_animationSpeed":1,"_zoom":8.72},{"_mousePosition":[683,352.5],"_rootPartCFrame":[758.684,238.648,43.329,-0.305,-0.003,0.952,-0.001,1,0.003,-0.952,0,-0.305],"_humanoidState":5,"_cameraCFrame":[760.166,248.453,40.514,-0.482,-0.834,0.267,0,0.305,0.952,-0.876,0.459,-0.147],"_shiftlockState":true,"_pose":"FreeFall","_animationQueue":[],"_animationSpeed":1,"_zoom":8.72},{"_mousePosition":[683,352.5],"_rootPartCFrame":[758.576,239.013,43.193,-0.378,-0.001,0.926,0,1,0.001,-0.926,0,-0.378],"_humanoidState":5,"_cameraCFrame":[759.925,248.819,40.316,-0.522,-0.813,0.26,0,0.304,0.953,-0.853,0.497,-0.159],"_shiftlockState":true,"_pose":"FreeFall","_animationQueue":[],"_animationSpeed":1,"_zoom":8.72},{"_mousePosition":[683,352.5],"_rootPartCFrame":[758.43,239.322,43.07,-0.423,0,0.906,0,1,0,-0.906,0,-0.423],"_humanoidState":5,"_cameraCFrame":[759.636,249.138,40.154,-0.557,-0.792,0.25,0,0.301,0.954,-0.83,0.531,-0.168],"_shiftlockState":true,"_pose":"FreeFall","_animationQueue":[],"_animationSpeed":1,"_zoom":8.72},{"_mousePosition":[683,352.5],"_rootPartCFrame":[758.248,239.578,42.966,-0.462,0,0.887,0,1,0,-0.887,0,-0.462],"_humanoidState":5,"_cameraCFrame":[759.315,249.399,40.013,-0.591,-0.769,0.241,0,0.299,0.954,-0.806,0.564,-0.177],"_shiftlockState":true,"_pose":"FreeFall","_animationQueue":[],"_animationSpeed":1,"_zoom":8.72},{"_mousePosition":[683,352.5],"_rootPartCFrame":[758.033,239.778,42.882,-0.499,0,0.867,0,1,0,-0.867,0,-0.499],"_humanoidState":5,"_cameraCFrame":[758.973,249.602,39.893,-0.624,-0.746,0.233,0,0.298,0.955,-0.782,0.595,-0.186],"_shiftlockState":true,"_pose":"FreeFall","_animationQueue":[],"_animationSpeed":1,"_zoom":8.72},{"_mousePosition":[683,352.5],"_rootPartCFrame":[757.788,239.925,42.824,-0.534,0,0.845,0,1,0,-0.845,0,-0.534],"_humanoidState":5,"_cameraCFrame":[758.649,249.748,39.811,-0.644,-0.73,0.228,0,0.298,0.955,-0.765,0.615,-0.192],"_shiftlockState":true,"_pose":"FreeFall","_animationQueue":[],"_animationSpeed":1,"_zoom":8.72},{"_mousePosition":[683,352.5],"_rootPartCFrame":[757.525,240.016,42.791,-0.557,0,0.83,0,1,0,-0.83,0,-0.557],"_humanoidState":5,"_cameraCFrame":[758.377,249.84,39.775,-0.647,-0.728,0.227,0,0.298,0.955,-0.763,0.617,-0.193],"_shiftlockState":true,"_pose":"FreeFall","_animationQueue":[],"_animationSpeed":1,"_zoom":8.72},{"_mousePosition":[683,352.5],"_rootPartCFrame":[757.259,240.054,42.767,-0.562,0,0.827,0,1,0,-0.827,0,-0.562],"_humanoidState":5,"_cameraCFrame":[758.114,249.877,39.752,-0.646,-0.729,0.228,0,0.298,0.955,-0.764,0.616,-0.193],"_shiftlockState":true,"_pose":"FreeFall","_animationQueue":[],"_animationSpeed":1,"_zoom":8.72},{"_mousePosition":[683,352.5],"_rootPartCFrame":[756.993,240.036,42.745,-0.562,0,0.827,0,1,0,-0.827,0,-0.562],"_humanoidState":5,"_cameraCFrame":[757.852,249.86,39.731,-0.645,-0.729,0.228,0,0.298,0.955,-0.764,0.616,-0.192],"_shiftlockState":true,"_pose":"FreeFall","_animationQueue":[],"_animationSpeed":1,"_zoom":8.72},{"_mousePosition":[683,352.5],"_rootPartCFrame":[756.728,239.965,42.723,-0.624,0,0.782,0,1,0,-0.782,0,-0.624],"_humanoidState":7,"_cameraCFrame":[757.586,249.788,39.709,-0.645,-0.729,0.228,0,0.298,0.955,-0.764,0.616,-0.192],"_shiftlockState":true,"_pose":"FreeFall","_animationQueue":[["walk",0.1]],"_animationSpeed":1.103,"_zoom":8.72},{"_mousePosition":[683,352.5],"_rootPartCFrame":[756.462,239.917,42.7,-0.644,0,0.765,0,1,0,-0.765,0,-0.644],"_humanoidState":7,"_cameraCFrame":[757.32,249.74,39.686,-0.645,-0.729,0.228,0,0.298,0.955,-0.764,0.616,-0.192],"_shiftlockState":true,"_pose":"FreeFall","_animationQueue":[],"_animationSpeed":1.103,"_zoom":8.72},{"_mousePosition":[683,352.5],"_rootPartCFrame":[756.196,239.926,42.678,-0.645,0,0.764,0,1,0,-0.764,0,-0.645],"_humanoidState":8,"_cameraCFrame":[757.067,249.749,39.667,-0.642,-0.732,0.229,0,0.298,0.955,-0.767,0.613,-0.191],"_shiftlockState":true,"_pose":"Running","_animationQueue":[["walk",0.1],["walk",0.1]],"_animationSpeed":1.103,"_zoom":8.72},{"_mousePosition":[683,352.5],"_rootPartCFrame":[755.864,239.89,42.65,-0.642,0,0.767,0,1,0,-0.767,0,-0.642],"_humanoidState":8,"_cameraCFrame":[756.845,249.714,39.673,-0.613,-0.754,0.236,0,0.298,0.955,-0.79,0.585,-0.183],"_shiftlockState":true,"_pose":"Running","_animationQueue":[],"_animationSpeed":1.103,"_zoom":8.72},{"_mousePosition":[683,352.5],"_rootPartCFrame":[755.532,240.974,42.622,-0.613,0,0.79,0,1,0,-0.79,0,-0.613],"_humanoidState":3,"_cameraCFrame":[756.636,250.804,39.706,-0.575,-0.781,0.242,0,0.296,0.955,-0.818,0.55,-0.17],"_shiftlockState":true,"_pose":"Jumping","_animationQueue":[["walk",0.1],["walk",0.1],["jump",0.1]],"_animationSpeed":1,"_zoom":8.72},{"_mousePosition":[683,352.5],"_rootPartCFrame":[755.334,241.585,42.598,-0.537,0,0.844,0,1,0,-0.844,0,-0.537],"_humanoidState":5,"_cameraCFrame":[756.513,251.434,39.767,-0.539,-0.807,0.243,0,0.289,0.957,-0.842,0.516,-0.156],"_shiftlockState":true,"_pose":"FreeFall","_animationQueue":[["jump",0.1]],"_animationSpeed":1,"_zoom":8.72},{"_mou