[{"_mousePosition":[1161,368],"_rootPartCFrame":[776.028,222.95,47.142,0,0,1,0,1,0,-1,0,0],"_humanoidState":8,"_cameraCFrame":[782.74,230.694,47.142,0,-0.681,0.732,0,0.732,0.681,-1,0,0],"_shiftlockState":false,"_pose":"Standing","_animationQueue":[],"_animationSpeed":1,"_zoom":9.167},{"_mousePosition":[1139,369],"_rootPartCFrame":[775.781,222.832,47.142,0,0,1,0,1,0,-1,0,0],"_humanoidState":8,"_cameraCFrame":[782.493,230.576,47.142,0,-0.681,0.732,0,0.732,0.681,-1,0,0],"_shiftlockState":false,"_pose":"Standing","_animationQueue":[],"_animationSpeed":1,"_zoom":9.167},{"_mousePosition":[1112,369],"_rootPartCFrame":[775.649,222.759,47.142,0,0,1,0,1,0,-1,0,0],"_humanoidState":8,"_cameraCFrame":[782.36,230.503,47.142,0,-0.681,0.732,0,0.732,0.681,-1,0,0],"_shiftlockState":false,"_pose":"Running","_animationQueue":[["walk",0.1]],"_animationSpeed":1.066,"_zoom":9.167},{"_mousePosition":[1089,367],"_rootPartCFrame":[775.249,222.653,47.142,0,0,1,0,1,0,-1,0,0],"_humanoidState":8,"_cameraCFrame":[781.96,230.397,47.142,0,-0.681,0.732,0,0.732,0.681,-1,0,0],"_shiftlockState":false,"_pose":"Running","_animationQueue":[["walk",0.1]],"_animationSpeed":1.066,"_zoom":9.167},{"_mousePosition":[1068,365],"_rootPartCFrame":[774.982,222.669,47.142,0,0,1,0,1,0,-1,0,0],"_humanoidState":8,"_cameraCFrame":[781.694,230.413,47.142,0,-0.681,0.732,0,0.732,0.681,-1,0,0],"_shiftlockState":false,"_pose":"Running","_animationQueue":[],"_animationSpeed":1.066,"_zoom":9.167},{"_mousePosition":[1051,363],"_rootPartCFrame":[774.849,222.677,47.142,0,0,1,0,1,0,-1,0,0],"_humanoidState":8,"_cameraCFrame":[781.56,230.421,47.142,0,-0.681,0.732,0,0.732,0.681,-1,0,0],"_shiftlockState":false,"_pose":"Running","_animationQueue":[],"_animationSpeed":1.066,"_zoom":9.167},{"_mousePosition":[1031,361],"_rootPartCFrame":[774.582,222.687,47.142,0,0,1,0,1,0,-1,0,0],"_humanoidState":8,"_cameraCFrame":[781.294,230.431,47.142,0,-0.681,0.732,0,0.732,0.681,-1,0,0],"_shiftlockState":false,"_pose":"Running","_animationQueue":[],"_animationSpeed":1.066,"_zoom":9.167},{"_mousePosition":[1009,360],"_rootPartCFrame":[774.182,222.695,47.142,0,0,1,0,1,0,-1,0,0],"_humanoidState":8,"_cameraCFrame":[780.893,230.439,47.142,0,-0.681,0.732,0,0.732,0.681,-1,0,0],"_shiftlockState":false,"_pose":"Running","_animationQueue":[],"_animationSpeed":1.066,"_zoom":9.167},{"_mousePosition":[986,360],"_rootPartCFrame":[773.915,222.697,47.142,0,0,1,0,1,0,-1,0,0],"_humanoidState":8,"_cameraCFrame":[780.627,230.441,47.142,0,-0.681,0.732,0,0.732,0.681,-1,0,0],"_shiftlockState":false,"_pose":"Running","_animationQueue":[],"_animationSpeed":1.066,"_zoom":9.167},{"_mousePosition":[962,360],"_rootPartCFrame":[773.648,222.698,47.142,0,0,1,0,1,0,-1,0,0],"_humanoidState":8,"_cameraCFrame":[780.36,230.442,47.142,0,-0.681,0.732,0,0.732,0.681,-1,0,0],"_shiftlockState":false,"_pose":"Running","_animationQueue":[],"_animationSpeed":1.066,"_zoom":9.167},{"_mousePosition":[935,364],"_rootPartCFrame":[773.382,222.699,47.142,0,0,1,0,1,0,-1,0,0],"_humanoidState":8,"_cameraCFrame":[780.093,230.443,47.142,0,-0.681,0.732,0,0.732,0.681,-1,0,0],"_shiftlockState":false,"_pose":"Running","_animationQueue":[["walk",0.1]],"_animationSpeed":1.066,"_zoom":9.167},{"_mousePosition":[914,368],"_rootPartCFrame":[773.115,222.699,47.142,0,0,1,0,1,0,-1,0,0],"_humanoidState":8,"_cameraCFrame":[779.827,230.443,47.142,0,-0.681,0.732,0,0.732,0.681,-1,0,0],"_shiftlockState":false,"_pose":"Running","_animationQueue":[],"_animationSpeed":1.066,"_zoom":9.167},{"_mousePosition":[891,372],"_rootPartCFrame":[772.982,222.699,47.142,0,0,1,0,1,0,-1,0,0],"_humanoidState":8,"_cameraCFrame":[779.693,230.443,47.142,0,-0.681,0.732,0,0.732,0.681,-1,0,0],"_shiftlockState":false,"_pose":"Running","_animationQueue":[],"_animationSpeed":1.066,"_zoom":9.167},{"_mousePosition":[869,376],"_rootPartCFrame":[772.582,222.7,47.142,0,0,1,0,1,0,-1,0,0],"_humanoidState":8,"_cameraCFrame":[779.293,230.444,47.142,0,-0.681,0.732,0,0.732,0.681,-1,0,0],"_shiftlockState":false,"_pose":"Running","_animationQueue":[],"_animationSpeed":1.066,"_zoom":9.167},{"_mousePosition":[853,379],"_rootPartCFrame":[772.315,222.7,47.142,0,0,1,0,1,0,-1,0,0],"_humanoidState":8,"_cameraCFrame":[779.026,230.444,47.142,0,-0.681,0.732,0,0.732,0.681,-1,0,0],"_shiftlockState":false,"_pose":"Running","_animationQueue":[],"_animationSpeed":1.066,"_zoom":9.167},{"_mousePosition":[841,384],"_rootPartCFrame":[772.181,222.7,47.142,0,0,1,0,1,0,-1,0,0],"_humanoidState":8,"_cameraCFrame":[778.893,230.444,47.142,0,-0.681,0.732,0,0.732,0.681,-1,0,0],"_shiftlockState":false,"_pose":"Running","_animationQueue":[],"_animationSpeed":1.066,"_zoom":9.167},{"_mousePosition":[831,390],"_rootPartCFrame":[771.781,222.7,47.142,0,0,1,0,1,0,-1,0,0],"_humanoidState":8,"_cameraCFrame":[778.493,230.444,47.142,0,-0.681,0.732,0,0.732,0.681,-1,0,0],"_shiftlockState":false,"_pose":"Running","_animationQueue":[],"_animationSpeed":1.066,"_zoom":9.167},{"_mousePosition":[822,397],"_rootPartCFrame":[771.648,222.7,47.142,0,0,1,0,1,0,-1,0,0],"_humanoidState":8,"_cameraCFrame":[778.36,230.444,47.142,0,-0.681,0.732,0,0.732,0.681,-1,0,0],"_shiftlockState":false,"_pose":"Running","_animationQueue":[["walk",0.1]],"_animationSpeed":1.066,"_zoom":9.167},{"_mousePosition":[822,397],"_rootPartCFrame":[771.381,222.7,47.142,0,0,1,0,1,0,-1,0,0],"_humanoidState":8,"_cameraCFrame":[778.016,230.524,47.059,-0.013,-0.69,0.724,0,0.724,0.69,-1,0.009,-0.009],"_shiftlockState":false,"_pose":"Running","_animationQueue":[],"_animationSpeed":1.066,"_zoom":9.167},{"_mousePosition":[822,397],"_rootPartCFrame":[770.981,222.7,47.142,0,0,1,0,1,0,-1,0,0],"_humanoidState":8,"_cameraCFrame":[777.528,230.615,46.991,-0.023,-0.7,0.714,0,0.714,0.7,-1,0.016,-0.016],"_shiftlockState":false,"_pose":"Running","_animationQueue":[],"_animationSpeed":1.066,"_zoom":9.167},{"_mousePosition":[822,397],"_rootPartCFrame":[770.848,222.7,47.143,-0.001,0,1,0,1,0,-1,0,-0.001],"_humanoidState":8,"_cameraCFrame":[777.273,230.735,46.942,-0.031,-0.713,0.701,0,0.701,0.713,-1,0.022,-0.022],"_shiftlockState":false,"_pose":"Running","_animationQueue":[],"_animationSpeed":1.066,"_zoom":9.167},{"_mousePosition":[822,397],"_rootPartCFrame":[770.581,222.7,47.149,-0.004,0,1,0,1,0,-1,0,-0.004],"_humanoidState":8,"_cameraCFrame":[776.851,230.884,46.939,-0.034,-0.729,0.684,0,0.684,0.729,-0.999,0.024,-0.023],"_shiftlockState":false,"_pose":"Running","_animationQueue":[],"_animationSpeed":1.066,"_zoom":9.167},{"_mousePosition":[822,397],"_rootPartCFrame":[770.315,222.666,47.155,-0.006,0,1,0,1,0,-1,0,-0.006],"_humanoidState":8,"_cameraCFrame":[776.4,231.019,46.958,-0.032,-0.747,0.664,0,0.664,0.748,-0.999,0.024,-0.022],"_shiftlockState":false,"_pose":"Running","_animationQueue":[],"_animationSpeed":1.066,"_zoom":9.167},{"_mousePosition":[822,397],"_rootPartCFrame":[770.048,222.577,47.162,-0.009,0,1,0,1,0,-1,0,-0.009],"_humanoidState":8,"_cameraCFrame":[775.921,231.114,47.002,-0.027,-0.767,0.641,0,0.641,0.768,-1,0.021,-0.017],"_shiftlockState":false,"_pose":"Running","_animationQueue":[],"_animationSpeed":1.066,"_zoom":9.167},{"_mousePosition":[822,397],"_rootPartCFrame":[769.781,222.434,47.168,-0.012,0,1,0,1,0,-1,0,-0.012],"_humanoidState":8,"_cameraCFrame":[775.402,231.175,47.05,-0.021,-0.79,0.613,0,0.613,0.79,-1,0.017,-0.013],"_shiftlockState":false,"_pose":"Running","_animationQueue":[["walk",0.1]],"_animationSpeed":1.066,"_zoom":9.167},{"_mousePosition":[822,397],"_rootPartCFrame":[769.448,223.518,47.175,-0.016,0,1,0,1,0,-1,0,-0.016],"_humanoidState":3,"_cameraCFrame":[774.839,232.432,47.079,-0.018,-0.809,0.588,0,0.588,0.809,-1,0.014,-0.01],"_shiftlockState":false,"_pose":"Jumping","_animationQueue":[["walk",0.1],["jump",0.1]],"_animationSpeed":1,"_zoom":9.167},{"_mousePosition":[822,397],"_rootPartCFrame":[769.248,224.129,47.18,-0.017,0,1,0,1,0,-1,0,-0.017],"_humanoidState":5,"_cameraCFrame":[774.403,233.209,47.088,-0.018,-0.827,0.562,0,0.562,0.827,-1,0.015,-0.01],"_shiftlockState":false,"_pose":"FreeFall","_animationQueue":[["jump",0.1]],"_animationSpeed":1,"_zoom":9.167},{"_mousePosition":[822,397],"_rootPartCFrame":[768.982,224.897,47.185,-0.018,0,1,0,1,0,-1,0,-0.018],"_humanoidState":5,"_cameraCFrame":[773.845,234.166,47.073,-0.023,-0.847,0.531,0,0.531,0.848,-1,0.02,-0.012],"_shiftlockState":false,"_pose":"FreeFall","_animationQueue":[],"_animationSpeed":1,"_zoom":9.167},{"_mousePosition":[822,397],"_rootPartCFrame":[768.715,225.61,47.189,-0.018,0,1,0,1,0,-1,0,-0.018],"_humanoidState":5,"_cameraCFrame":[773.286,235.054,47.046,-0.031,-0.866,0.499,0,0.499,0.867,-1,0.027,-0.016],"_shiftlockState":false,"_pose":"FreeFall","_animationQueue":[],"_animationSpeed":1,"_zoom":9.167},{"_mousePosition":[822,397],"_rootPartCFrame":[768.448,226.268,47.195,-0.018,0,1,0,1,0,-1,0,-0.018],"_humanoidState":5,"_cameraCFrame":[772.675,235.901,47.018,-0.042,-0.886,0.461,0,0.461,0.887,-0.999,0.037,-0.019],"_shiftlockState":false,"_pose":"FreeFall","_animationQueue":[],"_animationSpeed":1,"_zoom":9.167},{"_mousePosition":[822,397],"_rootPartCFrame":[768.115,227.015,47.205,-0.02,0,1,0,1,0,-1,0,-0.02],"_humanoidState":5,"_cameraCFrame":[772.016,236.808,47.013,-0.049,-0.904,0.425,0,0.426,0.905,-0.999,0.045,-0.021],"_shiftlockState":false,"_pose":"FreeFall","_animationQueue":[],"_animationSpeed":1,"_zoom":9.167},{"_mousePosition":[822,397],"_rootPartCFrame":[767.915,227.422,47.213,-0.022,0,1,0,1,0,-1,0,-0.022],"_humanoidState":5,"_cameraCFrame":[771.539,237.34,47.016,-0.054,-0.917,0.395,0,0.396,0.918,-0.999,0.05,-0.022],"_shiftlockState":false,"_pose":"FreeFall","_animationQueue":[],"_animationSpeed":1,"_zoom":9.167},{"_mousePosition":[822,397],"_rootPartCFrame":[767.583,228.032,47.229,-0.026,0,1,0,1,0,-1,0,-0.026],"_humanoidState":5,"_cameraCFrame":[770.98,238.044,47.023,-0.061,-0.927,0.371,0,0.371,0.929,-0.998,0.056,-0.023],"_shiftlockState":false,"_pose":"FreeFall","_animationQueue":[],"_animationSpeed":1,"_zoom":9.167},{"_mousePosition":[822,397],"_rootPartCFrame":[767.316,228.459,47.244,-0.03,0,1,0,1,0,-1,0,-0.03],"_humanoidState":5,"_cameraCFrame":[770.519,238.545,47.025,-0.068,-0.934,0.349,0,0.35,0.937,-0.998,0.064,-0.024],"_shiftlockState":false,"_pose":"FreeFall","_animationQueue":[],"_animationSpeed":1,"_zoom":9.167},{"_mousePosition":[822,397],"_rootPartCFrame":[767.117,228.743,47.256,-0.033,0,0.999,0,1,0,-0.999,0,-0.033],"_humanoidState":5,"_cameraCFrame":[770.195,238.875,47.043,-0.069,-0.939,0.336,0,0.337,0.942,-0.998,0.065,-0.023],"_shiftlockState":false,"_pose":"FreeFall","_animationQueue":[],"_animationSpeed":1,"_zoom":9.167},{"_mousePosition":[822,397],"_rootPartCFrame":[766.85,229.075,47.274,-0.037,0,0.999,0,1,0,-0.999,0,-0.037],"_humanoidState":5,"_cameraCFrame":[769.846,239.236,47.076,-0.066,-0.943,0.327,0,0.327,0.945,-0.998,0.062,-0.022],"_shiftlockState":false,"_pose":"FreeFall","_animationQueue":[],"_animationSpeed":1,"_zoom":9.167},{"_mousePosition":[822,397],"_rootPartCFrame":[766.518,229.413,47.296,-0.043,0,0.999,0,1,0,-0.999,0,-0.043],"_humanoidState":5,"_cameraCFrame":[769.514,239.574,47.105,-0.064,-0.943,0.327,0,0.327,0.945,-0.998,0.06,-0.021],"_shiftlockState":false,"_pose":"FreeFall","_animationQueue":[],"_animationSpeed":1,"_zoom":9.167},{"_mousePosition":[822,397],"_rootPartCFrame":[766.252,229.621,47.314,-0.046,0,0.999,0,1,0,-0.999,0,-0.046],"_humanoidState":5,"_cameraCFrame":[769.248,239.783,47.123,-0.064,-0.943,0.327,0,0.327,0.945,-0.998,0.06,-0.021],"_shiftlockState":false,"_pose":"FreeFall","_animationQueue":[],"_animationSpeed":1,"_zoom":9.167},{"_mousePosition":[822,397],"_rootPartCFrame":[766.052,229.742,47.327,-0.048,0,0.999,0,1,0,-0.999,0,-0.048],"_humanoidState":5,"_cameraCFrame":[769.048,239.904,47.135,-0.064,-0.943,0.327,0,0.327,0.945,-0.998,0.06,-0.021],"_shiftlockState":false,"_pose":"FreeFall","_animationQueue":[],"_animationSpeed":1,"_zoom":9.167},{"_mousePosition":[822,397],"_rootPartCFrame":[765.786,229.856,47.344,-0.05,0,0.999,0,1,0,-0.999,0,-0.05],"_humanoidState":5,"_cameraCFrame":[768.782,240.017,47.152,-0.064,-0.943,0.327,0,0.327,0.945,-0.998,0.06,-0.021],"_shiftlockState":false,"_pose":"FreeFall","_animationQueue":[],"_animationSpeed":1,"_zoom":9.167},{"_mousePosition":[822,397],"_rootPartCFrame":[765.52,229.915,47.361,-0.052,0,0.999,0,1,0,-0.999,0,-0.052],"_humanoidState":5,"_cameraCFrame":[768.516,240.076,47.169,-0.064,-0.943,0.327,0,0.327,0.945,-0.998,0.06,-0.021],"_shiftlockState":false,"_pose":"FreeFall","_animationQueue":[],"_animationSpeed":1,"_zoom":9.167},{"_mousePosition":[822,397],"_rootPartCFrame":[765.187,229.912,47.382,-0.054,0,0.999,0,1,0,-0.999,0,-0.054],"_humanoidState":5,"_cameraCFrame":[768.183,240.074,47.191,-0.064,-0.943,0.327,0,0.327,0.945,-0.998,0.06,-0.021],"_shiftlockState":false,"_pose":"FreeFall","_animationQueue":[],"_animationSpeed":1,"_zoom":9.167},{"_mousePosition":[822,397],"_rootPartCFrame":[764.988,229.869,47.395,-0.055,0,0.998,0,1,0,-0.998,0,-0.055],"_humanoidState":5,"_cameraCFrame":[767.984,240.031,47.204,-0.064,-0.943,0.327,0,0.327,0.945,-0.998,0.06,-0.021],"_shiftlockState":false,"_pose":"FreeFall","_animationQueue":[],"_animationSpeed":1,"_zoom":9.167},{"_mousePosition":[822,397],"_rootPartCFrame":[764.722,229.765,47.412,-0.057,0,0.998,0,1,0,-0.998,0,-0.057],"_humanoidState":5,"_cameraCFrame":[767.717,239.926,47.221,-0.064,-0.943,0.327,0,0.327,0.945,-0.998,0.06,-0.021],"_shiftlockState":false,"_pose":"FreeFall","_animationQueue":[],"_animationSpeed":1,"_zoom":9.167},{"_mousePosition":[822,397],"_rootPartCFrame":[764.455,229.606,47.429,-0.058,0,0.998,0,1,0,-0.998,0,-0.058],"_humanoidState":5,"_cameraCFrame":[767.451,239.767,47.238,-0.064,-0.943,0.327,0,0.327,0.945,-0.998,0.06,-0.021],"_shiftlockState":false,"_pose":"FreeFall","_animationQueue":[["fall",0.3]],"_animationSpeed":1,"_zoom":9.167},{"_mousePosition":[822,397],"_rootPartCFrame":[764.189,229.393,47.446,-0.058,0,0.998,0,1,0,-0.998,0,-0.058],"_humanoidState":5,"_cameraCFrame":[767.185,239.554,47.255,-0.064,-0.943,0.327,0,0.327,0.945,-0.998,0.06,-0.021],"_shiftlockState":false,"_pose":"FreeFall","_animationQueue":[],"_animationSpeed":1,"_zoom":9.167},{"_mousePosition":[822,397],"_rootPartCFrame":[763.923,229.125,47.463,-0.059,0,0.998,0,1,0,-0.998,0,-0.059],"_humanoidState":5,"_cameraCFrame":[766.919,239.286,47.272,-0.064,-0.943,0.327,0,0.327,0.945,-0.998,0.06,-0.021],"_shiftlockState":false,"_pose":"FreeFall","_animationQueue":[],"_animationSpeed":1,"_zoom":9.167},{"_mousePosition":[822,397],"_rootPartCFrame":[763.657,228.802,47.48,-0.06,0,0.998,0,1,0,-0.998,0,-0.06],"_humanoidState":5,"_cameraCFrame":[766.653,238.964,47.289,-0.064,-0.943,0.327,0,0.327,0.945,-0.998,0.06,-0.021],"_shiftlockState":false,"_pose":"FreeFall","_animationQueue":[],"_animationSpeed":1,"_zoom":9.167},{"_mousePosition":[822,397],"_rootPartCFrame":[763.391,228.425,47.497,-0.06,0,0.998,0,1,0,-0.998,0,-0.06],"_humanoidState":5,"_cameraCFrame":[766.275,238.587,45.559,-0.064,-0.943,0.327,0,0.327,0.945,-0.998,0.06,-0.021],"_shiftlockState":true,"_pose":"FreeFall","_animationQueue":[],"_animationSpeed":1,"_zoom":9.167},{"_mousePosition":[683,352.5],"_rootPartCFrame":[763.058,227.877,47.519,-0.064,0,0.998,0,1,0,-0.998,0,-0.064],"_humanoidState":5,"_cameraCFrame":[765.943,238.039,45.581,-0.064,-0.943,0.327,0,0.327,0.945,-0.998,0.06,-0.021],"_shiftlockState":true,"_pose":"FreeFall","_animationQueue":[],"_animationSpeed":1,"_zoom":9.167},{"_mousePosition":[683,352.5],"_rootPartCFrame":[762.859,227.508,47.531,-0.064,0,0.998,0,1,0,-0.998,0,-0.064],"_humanoidState":5,"_cameraCFrame":[765.743,237.669,45.593,-0.064,-0.943,0.327,0,0.327,0.945,-0.998,0.06,-0.021],"_shiftlockState":true,"_pose":"FreeFall","_animationQueue":[["fall",0.3]],"_animationSpeed":1,"_zoom":9.167},{"_mousePosition":[683,352.5],"_rootPartCFrame":[762.593,226.967,47.548,-0.064,0,0.998,0,1,0,-0.998,0,-0.064],"_humanoidState":5,"_cameraCFrame":[765.477,237.129,45.61,-0.064,-0.943,0.327,0,0.327,0.945,-0.998,0.06,-0.021],"_shiftlockState":true,"_pose":"FreeFall","_animationQueue":[],"_animationSpeed":1,"_zoom":9.167},{"_mousePosition":[683,352.5],"_rootPartCFrame":[762.327,226.372,47.565,-0.064,0,0.998,0,1,0,-0.998,0,-0.064],"_humanoidState":5,"_cameraCFrame":[765.211,236.534,45.627,-0.064,-0.943,0.327,0,0.327,0.945,-0.998,0.06,-0.021],"_shiftlockState":true,"_pose":"FreeFall","_animationQueue":[],"_animationSpeed":1,"_zoom":9.167},{"_mousePosition":[683,352.5],"_rootPartCFrame":[762.06,225.723,47.582,-0.064,0,0.998,0,1,0,-0.998,0,-0.064],"_humanoidState":5,"_cameraCFrame":[764.938,235.887,45.645,-0.064,-0.943,0.326,0,0.327,0.945,-0.998,0.06,-0.021],"_shiftlockState":true,"_pose":"FreeFall","_animationQueue":[],"_animationSpeed":1,"_zoom":9.167},{"_mousePosition":[683,352.5],"_rootPartCFrame":[761.794,225.019,47.599,-0.064,0,0.998,0,1,0,-0.998,0,-0.064],"_humanoidState":5,"_cameraCFrame":[764.665,235.185,45.662,-0.064,-0.943,0.325,0,0.326,0.945,-0.998,0.06,-0.021],"_shiftlockState":true,"_pose":"FreeFall","_animationQueue":[],"_animationSpeed":1,"_zoom":9.167},{"_mousePosition":[683,352.5],"_rootPartCFrame":[761.643,224.912,47.609,-0.064,0,0.998,0,1,0,-0.998,0,-0.064],"_humanoidState":7,"_cameraCFrame":[764.495,235.086,45.676,-0.063,-0.944,0.323,0,0.324,0.946,-0.998,0.059,-0.02],"_shiftlockState":true,"_pose":"FreeFall","_animationQueue":[["walk",0.1],["fall",0.3],["fall",0.3]],"_animationSpeed":1,"_zoom":9.167},{"_mousePosition":[683,352.5],"_rootPartCFrame":[761.519,224.954,47.617,-0.063,0,0.998,0,1,0,-0.998,0,-0.063],"_humanoidState":7,"_cameraCFrame":[764.352,235.137,45.701,-0.058,-0.946,0.32,0,0.321,0.947,-0.998,0.055,-0.018],"_shiftlockState":true,"_pose":"FreeFall","_animationQueue":[["fall",0.3]],"_animationSpeed":1,"_zoom":9.167},{"_mousePosition":[683,352.5],"_rootPartCFrame":[761.374,225.06,47.626,-0.058,0,0.998,0,1,0,-0.998,0,-0.058],"_humanoidState":8,"_cameraCFrame":[764.199,235.25,45.729,-0.051,-0.947,0.318,0,0.318,0.948,-0.999,0.049,-0.016],"_shiftlockState":true,"_pose":"Running","_animationQueue":[["walk",0.1],["fall",0.3],["walk",0.1]],"_animationSpeed":0.528,"_zoom":9.167},{"_mousePosition":[683,352.5],"_rootPartCFrame":[761.241,225.146,47.634,-0.051,0,0.999,0,1,0,-0.999,0,-0.051],"_humanoidState":8,"_cameraCFrame":[764.071,235.336,45.746,-0.048,-0.947,0.318,0,0.318,0.948,-0.999,0.046,-0.015],"_shiftlockState":true,"_pose":"Running","_animationQueue":[["walk",0.1]],"_animationSpeed":0.609,"_zoom":9.167},{"_mousePosition":[683,352.5],"_rootPartCFrame":[761.052,225.295,47.644,-0.048,0,0.999,0,1,0,-0.999,0,-0.048],"_humanoidState":8,"_cameraCFrame":[763.883,235.485,45.755,-0.048,-0.947,0.318,0,0.318,0.948,-0.999,0.046,-0.015],"_shiftlockState":true,"_pose":"Running","_animationQueue":[["walk",0.1]],"_animationSpeed":0.546,"_zoom":9.167},{"_mousePosition":[683,352.5],"_rootPartCFrame":[760.933,225.366,47.65,-0.048,0,0.999,0,1,0,-0.999,0,-0.048],"_humanoidState":8,"_cameraCFrame":[763.764,235.556,45.761,-0.048,-0.947,0.318,0,0.318,0.948,-0.999,0.046,-0.015],"_shiftlockState":true,"_pose":"Running","_animationQueue":[["walk",0.1]],"_animationSpeed":0.633,"_zoom":9.167},{"_mousePosition":[683,352],"_rootPartCFrame":[760.759,225.442,47.658,-0.048,0,0.999,0,1,0,-0.999,0,-0.048],"_humanoidState":8,"_cameraCFrame":[763.59,235.632,45.77,-0.048,-0.947,0.318,0,0.318,0.948,-0.999,0.046,-0.015],"_shiftlockState":true,"_pose":"Running","_animationQueue":[],"_animationSpeed":0.633,"_zoom":9.167},{"_mousePosition":[683,352],"_rootPartCFrame":[760.567,225.561,47.667,-0.048,0,0.999,0,1,0,-0.999,0,-0.048],"_humanoidState":8,"_cameraCFrame":[763.398,235.751,45.779,-0.048,-0.947,0.318,0,0.318,0.948,-0.999,0.046,-0.015],"_shiftlockState":true,"_pose":"Running","_animationQueue":[["walk",0.1],["walk",0.1]],"_animationSpeed":0.73,"_zoom":9.167},{"_mousePosition":[683,352.5],"_rootPartCFrame":[760.38,225.628,47.676,-0.048,0,0.999,0,1,0,-0.999,0,-0.048],"_humanoidState":8,"_cameraCFrame":[763.213,235.818,45.791,-0.047,-0.947,0.318,0,0.318,0.948,-0.999,0.045,-0.015],"_shiftlockState":true,"_pose":"Running","_animationQueue":[["walk",0.1]],"_animationSpeed":0.804,"_zoom":9.167},{"_mousePosition":[683,352.5],"_rootPartCFrame":[760.128,225.75,47.688,-0.047,0,0.999,0,1,0,-0.999,0,-0.047],"_humanoidState":8,"_cameraCFrame":[762.961,235.94,45.803,-0.047,-0.947,0.318,0,0.318,0.948,-0.999,0.045,-0.015],"_shiftlockState":true,"_pose":"Running","_animationQueue":[],"_animationSpeed":0.804,"_zoom":9.167},{"_mousePosition":[683,352.5],"_rootPartCFrame":[759.964,225.85,47.696,-0.047,0,0.999,0,1,0,-0.999,0,-0.047],"_humanoidState":8,"_cameraCFrame":[762.866,236.019,45.817,-0.044,-0.945,0.325,0,0.325,0.946,-0.999,0.042,-0.014],"_shiftlockState":true,"_pose":"Running","_animationQueue":[],"_animationSpeed":0.804,"_zoom":9.167},{"_mousePosition":[683,352.5],"_rootPartCFrame":[759.676,226.029,47.71,-0.044,0,0.999,0,1,0,-0.999,0,-0.044],"_humanoidState":8,"_cameraCFrame":[762.58,236.198,45.833,-0.043,-0.945,0.325,0,0.325,0.946,-0.999,0.041,-0.014],"_shiftlockState":true,"_pose":"Running","_animationQueue":[["walk",0.1]],"_animationSpeed":0.916,"_zoom":9.167},{"_mousePosition":[683,352.5],"_rootPartCFrame":[759.524,226.143,47.717,0.036,0.001,0.999,-0.009,1,-0.001,-0.999,-0.009,0.036],"_humanoidState":8,"_cameraCFrame":[762.43,236.311,45.828,-0.043,-0.945,0.325,0,0.325,0.946,-0.999,0.041,-0.014],"_shiftlockState":true,"_pose":"Running","_animationQueue":[],"_animationSpeed":0.916,"_zoom":9.167},{"_mousePosition":[683,352.5],"_rootPartCFrame":[759.554,226.197,47.739,-0.029,0.003,1,-0.003,1,-0.003,-1,-0.003,-0.029],"_humanoidState":8,"_cameraCFrame":[762.462,236.366,45.857,-0.043,-0.945,0.325,0,0.325,0.946,-0.999,0.041,-0.014],"_shiftlockState":true,"_pose":"Running","_animationQueue":[["walk",0.1]],"_animationSpeed":0.468,"_zoom":9.167},{"_mousePosition":[683,352.5],"_rootPartCFrame":[759.517,226.26,47.757,0.003,0.004,1,-0.004,1,-0.004,-1,-0.004,0.003],"_humanoidState":8,"_cameraCFrame":[762.426,236.428,45.874,-0.043,-0.945,0.325,0,0.325,0.946,-0.999,0.041,-0.014],"_shiftlockState":true,"_pose":"Running","_animationQueue":[["walk",0.1],["walk",0.1]],"_animationSpeed":0.147,"_zoom":9.167},{"_mousePosition":[683,352.5],"_rootPartCFrame":[759.522,226.296,47.781,-0.01,0.006,1,-0.003,1,-0.006,-1,-0.003,-0.01],"_humanoidState":8,"_cameraCFrame":[762.434,236.465,45.899,-0.043,-0.945,0.325,0,0.325,0.946,-0.999,0.041,-0.014],"_shiftlockState":true,"_pose":"Running","_animationQueue":[["walk",0.1]],"_animationSpeed":0.292,"_zoom":9.167},{"_mousePosition":[683,352.5],"_rootPartCFrame":[759.531,226.319,47.796,-0.028,0.007,1,-0.002,1,-0.007,-1,-0.002,-0.028],"_humanoidState":8,"_cameraCFrame":[762.435,236.473,45.835,-0.07,-0.942,0.329,0,0.33,0.944,-0.998,0.066,-0.023],"_shiftlockState":true,"_pose":"Running","_animationQueue":[["walk",0.1]],"_animationSpeed":0.099,"_zoom":9.167},{"_mousePosition":[683,352.5],"_rootPartCFrame":[759.505,226.33,47.817,-0.009,0.01,1,-0.004,1,-0.01,-1,-0.004,-0.009],"_humanoidState":8,"_cameraCFrame":[762.235,236.39,45.271,-0.259,-0.902,0.346,0,0.358,0.934,-0.966,0.242,-0.093],"_shiftlockState":true,"_pose":"Running","_animationQueue":[["walk",0.1]],"_animationSpeed":0.065,"_zoom":9.167},{"_mousePosition":[683,352.5],"_rootPartCFrame":[759.608,226.328,47.899,-0.129,0.012,0.992,-0.004,1,-0.013,-0.992,-0.005,-0.129],"_humanoidState":8,"_cameraCFrame":[761.744,236.168,44.278,-0.572,-0.746,0.34,0,0.415,0.91,-0.82,0.521,-0.238],"_shiftlockState":true,"_pose":"Running","_animationQueue":[["walk",0.1]],"_animationSpeed":0.331,"_zoom":9.167},{"_mousePosition":[683,352.5],"_rootPartCFrame":[759.914,226.31,48.035,-0.509,0.011,0.861,0.002,1,-0.012,-0.861,-0.005,-0.509],"_humanoidState":8,"_cameraCFrame":[761.069,235.827,43.389,-0.816,-0.505,0.28,0,0.485,0.875,-0.578,0.714,-0.396],"_shiftlockState":true,"_pose":"Running","_animationQueue":[["walk",0.1]],"_animationSpeed":0.368,"_zoom":9.167},{"_mousePosition":[683,352.5],"_rootPartCFrame":[760.094,226.236,48.263,-0.8,0.007,0.601,0.004,1,-0.007,-0.601,-0.003,-0.8],"_humanoidState":8,"_cameraCFrame":[760.602,235.442,43.018,-0.907,-0.353,0.228,0,0.542,0.841,-0.42,0.763,-0.491],"_shiftlockState":true,"_pose":"Running","_animationQueue":[["walk",0.1],["walk",0.1]],"_animationSpeed":0.707,"_zoom":9.167},{"_mousePosition":[683,352.5],"_rootPartCFrame":[760.136,227.119,48.503,-0.901,0.006,0.434,0.005,1,-0.003,-0.434,-0.001,-0.901],"_humanoidState":3,"_cameraCFrame":[760.563,236.249,43.144,-0.917,-0.331,0.221,0,0.554,0.832,-0.398,0.763,-0.509],"_shiftlockState":true,"_pose":"Jumping","_animationQueue":[["walk",0.1],["jump",0.1]],"_animationSpeed":1,"_zoom":9.167},{"_mousePosition":[683,352.5],"_rootPartCFrame":[760.136,228.003,48.743,-0.911,0.006,0.412,0.007,1,0,-0.412,0.003,-0.911],"_humanoidState":3,"_cameraCFrame":[760.803,237.091,43.355,-0.901,-0.359,0.244,0,0.561,0.828,-0.434,0.746,-0.505],"_shiftlockState":true,"_pose":"Jumping","_animationQueue":[],"_animationSpeed":1,"_zoom":9.167},{"_mousePosition":[683,352.5],"_rootPartCFrame":[760.137,228.886,48.983,-0.894,0.006,0.448,0.009,1,0.004,-0.448,0.007,-0.894],"_humanoidState":3,"_cameraCFrame":[761.355,237.911,43.608,-0.856,-0.425,0.295,0,0.571,0.821,-0.517,0.703,-0.489],"_shiftlockState":true,"_pose":"Jumping","_animationQueue":[],"_animationSpeed":1,"_zoom":9.167},{"_mousePosition":[683,352.5],"_rootPartCFrame":[760.161,229.735,49.224,-0.893,0.003,0.45,0.004,1,0.003,-0.45,0.005,-0.893],"_humanoidState":5,"_cameraCFrame":[762.17,238.748,44.071,-0.77,-0.523,0.366,0,0.573,0.82,-0.638,0.631,-0.441],"_shiftlockState":true,"_pose":"FreeFall","_animationQueue":[["jump",0.1]],"_animationSpeed":1,"_zoom":9.167},{"_mousePosition":[683,352.5],"_rootPartCFrame":[760.217,230.53,49.478,-0.839,0,0.544,0.001,1,0.001,-0.544,0.002,-0.839],"_humanoidState":5,"_cameraCFrame":[762.928,239.614,44.765,-0.661,-0.621,0.422,0,0.562,0.827,-0.751,0.546,-0.371],"_shiftlockState":true,"_pose":"FreeFall","_animationQueue":[],"_animationSpeed":1,"_zoom":9.167},{"_mousePosition":[683,352.5],"_rootPartCFrame":[760.257,231.27,49.741,-0.547,0,0.837,0,1,0,-0.837,0,-0.547],"_humanoidState":5,"_cameraCFrame":[763.478,240.459,45.545,-0.547,-0.702,0.456,0,0.545,0.839,-0.837,0.459,-0.298],"_shiftlockState":true,"_pose":"FreeFall","_animationQueue":[["jump",0.1]],"_animationSpeed":1,"_zoom":9.167},{"_mousePosition":[683,352.5],"_rootPartCFrame":[760.263,231.956,49.995,-0.579,0,0.815,0,1,0,-0.815,0,-0.579],"_humanoidState":5,"_cameraCFrame":[763.484,241.144,45.799,-0.547,-0.702,0.456,0,0.545,0.839,-0.837,0.459,-0.298],"_shiftlockState":true,"_pose":"FreeFall","_animationQueue":[["fall",0.3]],"_animationSpeed":1,"_zoom":9.167},{"_mousePosition":[683,352.5],"_rootPartCFrame":[760.232,232.587,50.233,-0.551,0,0.835,0,1,0,-0.835,0,-0.551],"_humanoidState":5,"_cameraCFrame":[763.454,241.776,46.037,-0.547,-0.702,0.456,0,0.545,0.839,-0.837,0.459,-0.298],"_shiftlockState":true,"_pose":"FreeFall","_animationQueue":[],"_animationSpeed":1,"_zoom":9.167},{"_mousePosition":[683,352.5],"_rootPartCFrame":[760.166,233.164,50.453,-0.547,0,0.837,0,1,0,-0.837,0,-0.547],"_humanoidState":5,"_cameraCFrame":[763.383,242.356,46.26,-0.547,-0.702,0.455,0,0.544,0.839,-0.837,0.459,-0.298],"_shiftlockState":true,"_pose":"FreeFall","_animationQueue":[],"_animationSpeed":1,"_zoom":9.167},{"_mousePosition":[683,352.5],"_rootPartCFrame":[760.033,233.808,50.704,-0.547,0,0.837,0,1,0,-0.837,0,-0.547],"_humanoidState":5,"_cameraCFrame":[763.249,243.001,46.512,-0.547,-0.702,0.455,0,0.544,0.839,-0.837,0.459,-0.298],"_shiftlockState":true,"_pose":"FreeFall","_animationQueue":[],"_animationSpeed":1,"_zoom":9.167},{"_mousePosition":[683,352.5],"_rootPartCFrame":[759.926,234.154,50.842,-0.547,0,0.837,0,1,0,-0.837,0,-0.547],"_humanoidState":5,"_cameraCFrame":[763.092,243.378,46.671,-0.549,-0.704,0.45,0,0.538,0.843,-0.836,0.462,-0.296],"_shiftlockState":true,"_pose":"FreeFall","_animationQueue":[],"_animationSpeed":1,"_zoom":9.167},{"_mousePosition":[683,352.5],"_rootPartCFrame":[759.753,234.567,51.012,-0.549,0,0.836,0,1,0,-0.836,0,-0.549],"_humanoidState":5,"_cameraCFrame":[762.852,243.835,46.871,-0.551,-0.707,0.443,0,0.531,0.847,-0.835,0.467,-0.292],"_shiftlockState":true,"_pose":"FreeFall","_animationQueue":[],"_animationSpeed":1,"_zoom":9.167},{"_mousePosition":[683,352.5],"_rootPartCFrame":[759.488,235.007,51.201,-0.55,0,0.835,0,1,0,-0.835,0,-0.55],"_humanoidState":5,"_cameraCFrame":[762.527,244.314,47.089,-0.552,-0.71,0.437,0,0.524,0.852,-0.834,0.47,-0.289],"_shiftlockState":true,"_pose":"FreeFall","_animationQueue":[["fall",0.3]],"_animationSpeed":1,"_zoom":9.167},{"_mousePosition":[683,352.5],"_rootPartCFrame":[759.266,235.298,51.348,-0.552,0,0.834,0,1,0,-0.834,0,-0.552],"_humanoidState":5,"_cameraCFrame":[762.258,244.636,47.26,-0.553,-0.712,0.432,0,0.519,0.855,-0.833,0.473,-0.287],"_shiftlockState":true,"_pose":"FreeFall","_animationQueue":[],"_animationSpeed":1,"_zoom":9.167},{"_mousePosition":[683,352.5],"_rootPartCFrame":[759.099,235.48,51.458,-0.553,0,0.833,0,1,0,-0.833,0,-0.553],"_humanoidState":5,"_cameraCFrame":[762.045,244.848,47.396,-0.554,-0.715,0.427,0,0.513,0.858,-0.832,0.476,-0.284],"_shiftlockState":true,"_pose":"FreeFall","_animationQueue":[],"_animationSpeed":1,"_zoom":9.167},{"_mousePosition":[683,352.5],"_rootPartCFrame":[758.877,235.675,51.606,-0.554,0,0.833,0,1,0,-0.833,0,-0.554],"_humanoidState":5,"_cameraCFrame":[761.791,245.066,47.564,-0.554,-0.717,0.424,0,0.509,0.861,-0.832,0.477,-0.282],"_shiftlockState":true,"_pose":"FreeFall","_animationQueue":[],"_animationSpeed":1,"_zoom":9.167},{"_mousePosition":[683,352.5],"_rootPartCFrame":[758.655,235.816,51.754,-0.554,0,0.833,0,1,0,-0.833,0,-0.554],"_humanoidState":5,"_cameraCFrame":[761.536,245.233,47.74,-0.553,-0.719,0.42,0,0.504,0.864,-0.833,0.478,-0.279],"_shiftlockState":true,"_pose":"FreeFall","_animationQueue":[],"_animationSpeed":1,"_zoom":9.167},{"_mousePosition":[683,352.5],"_rootPartCFrame":[758.433,235.902,51.901,-0.553,0,0.833,0,1,0,-0.833,0,-0.553],"_humanoidState":5,"_cameraCFrame":[761.273,245.357,47.932,-0.551,-0.724,0.415,0,0.497,0.868,-0.835,0.478,-0.274],"_shiftlockState":true,"_pose":"FreeFall","_animationQueue":[],"_animationSpeed":1,"_zoom":9.167},{"_mousePosition":[683,352.5],"_rootPartCFrame":[758.155,235.933,52.086,-0.551,0,0.835,0,1,0,-0.835,0,-0.551],"_humanoidState":5,"_cameraCFrame":[760.967,245.424,48.169,-0.545,-0.731,0.411,0,0.49,0.872,-0.838,0.475,-0.267],"_shiftlockState":true,"_pose":"FreeFall","_animationQueue":[["fall",0.3]],"_animationSpeed":1,"_zoom":9.167},{"_mousePosition":[683,352.5],"_rootPartCFrame":[757.992,235.864,52.194,-0.545,0,0.838,0,1,0,-0.838,0,-0.545],"_humanoidState":7,"_cameraCFrame":[760.773,245.402,48.352,-0.536,-0.74,0.406,0,0.481,0.877,-0.844,0.47,-0.258],"_shiftlockState":true,"_pose":"FreeFall","_animationQueue":[["walk",0.1],["fall",0.3],["fall",0.3]],"_animationSpeed":1,"_zoom":9.167},{"_mousePosition":[683,352.5],"_rootPartCFrame":[757.774,235.715,52.336,-0.537,0,0.844,0,1,0,-0.844,0,-0.537],"_humanoidState":7,"_cameraCFrame":[760.54,245.305,48.595,-0.521,-0.753,0.401,0,0.47,0.883,-0.853,0.46,-0.245],"_shiftlockState":true,"_pose":"FreeFall","_animationQueue":[],"_animationSpeed":1,"_zoom":9.167},{"_mousePosition":[683,352.5],"_rootPartCFrame":[757.446,235.383,52.545,-0.521,0,0.853,0,1,0,-0.853,0,-0.521],"_humanoidState":8,"_cameraCFrame":[760.237,245.021,48.929,-0.497,-0.77,0.399,0,0.46,0.888,-0.868,0.441,-0.229],"_shiftlockState":true,"_pose":"Running","_animationQueue":[["walk",0.1],["fall",0.3],["walk",0.1]],"_animationSpeed":1.074,"_zoom":9.167},{"_mousePosition":[683,352.5],"_rootPartCFrame":[757.277,235.174,52.649,-0.497,0,0.868,0,1,0,-0.868,0,-0.497],"_humanoidState":8,"_cameraCFrame":[760.124,244.849,49.162,-0.468,-0.788,0.4,0,0.452,0.892,-0.884,0.417,-0.212],"_shiftlockState":true,"_pose":"Running","_animationQueue":[],"_animationSpeed":1.074,"_zoom":9.167},{"_mousePosition":[683,352.5],"_rootPartCFrame":[757.046,234.848,52.782,-0.468,0,0.884,0,1,0,-0.884,0,-0.468],"_humanoidState":8,"_cameraCFrame":[759.967,244.559,49.446,-0.431,-0.808,0.401,0,0.444,0.896,-0.902,0.386,-0.192],"_shiftlockState":true,"_pose":"Running","_animationQueue":[],"_animationSpeed":1.074,"_zoom":9.167},{"_mousePosition":[683,352.5],"_rootPartCFrame":[756.756,234.363,52.937,-0.431,0,0.902,0,1,0,-0.902,0,-0.431],"_humanoidState":8,"_cameraCFrame":[759.736,244.104,49.728,-0.4,-0.824,0.401,0,0.438,0.899,-0.917,0.359,-0.175],"_shiftlockState":true,"_pose":"Running","_animationQueue":[],"_animationSpeed":1.074,"_zoom":9.167},{"_mousePosition":[683,352.5],"_rootPartCFrame":[756.519,233.914,53.052,-0.4,0,0.917,0,1,0,-0.917,0,-0.4],"_humanoidState":8,"_cameraCFrame":[759.556,243.688,49.982,-0.365,-0.84,0.401,0,0.431,0.903,-0.931,0.329,-0.157],"_shiftlockState":true,"_pose":"Running","_animationQueue":[["walk",0.1]],"_animationSpeed":1.074,"_zoom":9.167},{"_mousePosition":[683,352.5],"_rootPartCFrame":[756.281,233.475,53.158,-0.365,0,0.931,0,1,0,-0.931,0,-0.365],"_humanoidState":8,"_cameraCFrame":[759.368,243.28,50.226,-0.33,-0.855,0.4,0,0.423,0.906,-0.944,0.299,-0.14],"_shiftlockState":true,"_pose":"Running","_animationQueue":[],"_animationSpeed":1.074,"_zoom":9.167},{"_mousePosition":[683,352.5],"_rootPartCFrame":[756.043,233.442,53.252,-0.33,0,0.944,0,1,0,-0.944,0,-0.33],"_humanoidState":8,"_cameraCFrame":[759.163,243.281,50.455,-0.296,-0.869,0.397,0,0.415,0.91,-0.955,0.269,-0.123],"_shiftlockState":true,"_pose":"Running","_animationQueue":[],"_animationSpeed":1.074,"_zoom":9.167},{"_mousePosition":[683,352.5],"_rootPartCFrame":[755.83,233.417,53.328,-0.296,0,0.955,0,1,0,-0.955,0,-0.296],"_humanoidState":8,"_cameraCFrame":[758.971,243.284,50.639,-0.268,-0.879,0.394,0,0.409,0.913,-0.964,0.244,-0.109],"_shiftlockState":true,"_pose":"Running","_animationQueue":[],"_animationSpeed":1.074,"_zoom":9.167},{"_mousePosition":[683,352.5],"_rootPartCFrame":[755.592,233.411,53.403,-0.25,0,0.968,0,1,0,-0.968,0,-0.25],"_humanoidState":8,"_cameraCFrame":[758.776,243.315,50.889,-0.221,-0.894,0.39,0,0.399,0.917,-0.975,0.202,-0.088],"_shiftlockState":true,"_pose":"Running","_animationQueue":[["walk",0.1],["walk",0.1]],"_animationSpeed":0.92,"_zoom":9.167},{"_mousePosition":[683,352.5],"_rootPartCFrame":[755.207,233.573,53.504,-0.221,0,0.975,0,1,0,-0.975,0,-0.221],"_humanoidState":8,"_cameraCFrame":[758.441,243.492,51.104,-0.188,-0.902,0.389,0,0.396,0.918,-0.982,0.172,-0.074],"_shiftlockState":true,"_pose":"Running","_animationQueue":[],"_animationSpeed":0.92,"_zoom":9.167},{"_mousePosition":[683,352.5],"_rootPartCFrame":[755.012,233.645,53.549,-0.188,0,0.982,0,1,0,-0.982,0,-0.188],"_humanoidState":8,"_cameraCFrame":[758.302,243.573,51.259,-0.156,-0.908,0.389,0,0.393,0.919,-0.988,0.143,-0.061],"_shiftlockState":true,"_pose":"Running","_animationQueue":[],"_animationSpeed":0.92,"_zoom":9.167},{"_mousePosition":[683,352.5],"_rootPartCFrame":[754.751,233.721,53.601,-0.156,0,0.988,0,1,0,-0.988,0,-0.156],"_humanoidState":8,"_cameraCFrame":[758.091,243.654,51.406,-0.128,-0.912,0.389,0,0.392,0.92,-0.992,0.118,-0.05],"_shiftlockState":true,"_pose":"Running","_animationQueue":[],"_animationSpeed":0.92,"_zoom":9.167},{"_mousePosition":[683,352.5],"_rootPartCFrame":[754.488,233.652,53.644,-0.128,0,0.992,0,1,0,-0.992,0,-0.128],"_humanoidState":8,"_cameraCFrame":[757.877,243.591,51.549,-0.099,-0.916,0.389,0,0.39,0.921,-0.995,0.091,-0.039],"_shiftlockState":true,"_pose":"Running","_animationQueue":[],"_animationSpeed":0.92,"_zoom":9.167},{"_mousePosition":[683,352.5],"_rootPartCFrame":[754.158,233.476,53.687,-0.099,0,0.995,0,1,0,-0.995,0,-0.099],"_humanoidState":8,"_cameraCFrame":[757.591,243.424,51.701,-0.067,-0.919,0.387,0,0.388,0.922,-0.998,0.062,-0.026],"_shiftlockState":true,"_pose":"Running","_animationQueue":[],"_animationSpeed":0.92,"_zoom":9.167},{"_mousePosition":[683,352.5],"_rootPartCFrame":[753.96,233.452,53.708,-0.067,0,0.998,0,1,0,-0.998,0,-0.067],"_humanoidState":8,"_cameraCFrame":[757.44,243.406,51.832,-0.036,-0.922,0.386,0,0.387,0.922,-0.999,0.033,-0.014],"_shiftlockState":true,"_pose":"Running","_animationQueue":[],"_animationSpeed":0.92,"_zoom":9.167},{"_mousePosition":[683,352.5],"_rootPartCFrame":[753.694,233.451,53.727,-0.036,0,0.999,0,1,0,-0.999,0,-0.036],"_humanoidState":8,"_cameraCFrame":[757.206,243.408,51.924,-0.015,-0.922,0.386,0,0.386,0.923,-1,0.014,-0.006],"_shiftlockState":true,"_pose":"Running","_animationQueue":[["walk",0.1]],"_animationSpeed":0.92,"_zoom":9.167},{"_mousePosition":[683,352.5],"_rootPartCFrame":[753.428,233.451,53.738,-0.015,0,1,0,1,0,-1,0,-0.015],"_humanoidState":8,"_cameraCFrame":[756.946,243.41,51.961,-0.008,-0.923,0.385,0,0.385,0.923,-1,0.007,-0.003],"_shiftlockState":true,"_pose":"Running","_animationQueue":[],"_animationSpeed":0.92,"_zoom":9.167},{"_mousePosition":[683,352.5],"_rootPartCFrame":[753.094,233.451,53.744,-0.008,0,1,0,1,0,-1,0,-0.008],"_humanoidState":8,"_cameraCFrame":[756.612,243.41,51.967,-0.008,-0.923,0.385,0,0.385,0.923,-1,0.007,-0.003],"_shiftlockState":true,"_pose":"Running","_animationQueue":[],"_animationSpeed":0.92,"_zoom":9.167},{"_mousePosition":[683,352.5],"_rootPartCFrame":[752.894,233.451,53.746,-0.008,0,1,0,1,0,-1,0,-0.008],"_humanoidState":8,"_cameraCFrame":[756.412,243.41,51.969,-0.008,-0.923,0.385,0,0.385,0.923,-1,0.007,-0.003],"_shiftlockState":true,"_pose":"Running","_animationQueue":[["walk",0.1]],"_animationSpeed":1.103,"_zoom":9.167},{"_mousePosition":[683,352.5],"_rootPartCFrame":[752.628,233.451,53.748,-0.008,0,1,0,1,0,-1,0,-0.008],"_humanoidState":8,"_cameraCFrame":[756.119,243.41,51.919,-0.022,-0.923,0.385,0,0.385,0.923,-1,0.021,-0.009],"_shiftlockState":true,"_pose":"Running","_animationQueue":[],"_animationSpeed":1.103,"_zoom":9.167},{"_mousePosition":[683,352.5],"_rootPartCFrame":[752.295,233.451,53.751,-0.022,0,1,0,1,0,-1,0,-0.022],"_humanoidState":8,"_cameraCFrame":[755.723,243.41,51.806,-0.056,-0.921,0.385,0,0.385,0.923,-0.998,0.052,-0.022],"_shiftlockState":true,"_pose":"Running","_animationQueue":[],"_animationSpeed":1.103,"_zoom":9.167},{"_mousePosition":[683,352.5],"_rootPartCFrame":[752.095,233.451,53.754,-0.056,0,0.998,0,1,0,-0.998,0,-0.056],"_humanoidState":8,"_cameraCFrame":[755.398,243.396,51.549,-0.132,-0.913,0.386,0,0.389,0.921,-0.991,0.122,-0.051],"_shiftlockState":true,"_pose":"Running","_animationQueue":[],"_animationSpeed":1.103,"_zoom":9.167},{"_mousePosition":[683,352.5],"_rootPartCFrame":[751.761,234.521,53.762,-0.132,0,0.991,0,1,0,-0.991,0,-0.132],"_humanoidState":3,"_cameraCFrame":[754.936,244.446,51.304,-0.206,-0.899,0.386,0,0.394,0.919,-0.978,0.19,-0.081],"_shiftlockState":true,"_pose":"Jumping","_animationQueue":[["walk",0.1],["walk",0.1],["jump",0.1]],"_animationSpeed":1,"_zoom":9.167},{"_mousePosition":[683,352.5],"_rootPartCFrame":[751.562,235.122,53.78,-0.202,0,0.979,0,1,0,-0.979,0,-0.202],"_humanoidState":5,"_cameraCFrame":[754.525,245.03,51.016,-0.299,-0.875,0.38,0,0.399,0.917,-0.954,0.275,-0.119],"_shiftlockState":true,"_pose":"FreeFall","_animationQueue":[["jump",0.1]],"_animationSpeed":1,"_zoom":9.167},{"_mousePosition":[683,352.5],"_rootPartCFrame":[751.301,235.876,53.83,-0.289,0,0.957,0,1,0,-0.957,0,-0.289],"_humanoidState":5,"_cameraCFrame":[754.074,245.783,50.876,-0.362,-0.855,0.372,0,0.399,0.917,-0.932,0.332,-0.144],"_shiftlockState":true,"_pose":"FreeFall","_animationQueue":[],"_animationSpeed":1,"_zoom":9.167},{"_mousePosition":[683,352.5],"_rootPartCFrame":[751.045,236.576,53.903,-0.352,0,0.936,0,1,0,-0.936,0,-0.352],"_humanoidState":5,"_cameraCFrame":[753.667,246.492,50.839,-0.402,-0.841,0.363,0,0.396,0.918,-0.915,0.369,-0.159],"_shiftlockState":true,"_pose":"FreeFall","_animationQueue":[],"_animationSpeed":1,"_zoom":9.167},{"_mousePosition":[683,352.5],"_rootPartCFrame":[750.795,237.22,53.996,-0.396,0,0.918,0,1,0,-0.918,0,-0.396],"_humanoidState":5,"_cameraCFrame":[753.34,247.142,50.884,-0.421,-0.833,0.358,0,0.395,0.919,-0.907,0.387,-0.166],"_shiftlockState":true,"_pose":"FreeFall","_animationQueue":[],"_animationSpeed":1,"_zoom":9.167},{"_mousePosition":[683,352.5],"_rootPartCFrame":[750.55,237.811,54.102,-0.418,0,0.908,0,1,0,-0.908,0,-0.418],"_humanoidSt