[{"_mousePosition":[1104,366],"_rootPartCFrame":[776.034,222.964,47.142,-0.001,-0.006,1,0,1,0.006,-1,0,-0.001],"_humanoidState":8,"_cameraCFrame":[785.648,227.044,47.142,0,-0.259,0.966,0,0.966,0.259,-1,0,0],"_shiftlockState":false,"_pose":"Standing","_animationQueue":[],"_animationSpeed":1,"_zoom":9.963},{"_mousePosition":[1071,362],"_rootPartCFrame":[775.863,222.875,47.142,-0.001,-0.002,1,0,1,0.002,-1,0,-0.001],"_humanoidState":8,"_cameraCFrame":[785.483,226.955,47.142,0,-0.259,0.966,0,0.966,0.259,-1,0,0],"_shiftlockState":false,"_pose":"Standing","_animationQueue":[],"_animationSpeed":1,"_zoom":9.963},{"_mousePosition":[1042,359],"_rootPartCFrame":[775.598,222.725,47.142,-0.001,0,1,0,1,0,-1,0,-0.001],"_humanoidState":8,"_cameraCFrame":[785.221,226.805,47.142,0,-0.259,0.966,0,0.966,0.259,-1,0,0],"_shiftlockState":false,"_pose":"Running","_animationQueue":[["walk",0.1]],"_animationSpeed":1.001,"_zoom":9.963},{"_mousePosition":[1014,356],"_rootPartCFrame":[775.331,222.613,47.142,-0.001,0,1,0,1,0,-1,0,-0.001],"_humanoidState":8,"_cameraCFrame":[784.954,226.693,47.142,0,-0.259,0.966,0,0.966,0.259,-1,0,0],"_shiftlockState":false,"_pose":"Running","_animationQueue":[["walk",0.1]],"_animationSpeed":1.104,"_zoom":9.963},{"_mousePosition":[984,350],"_rootPartCFrame":[775.064,222.637,47.142,-0.001,0,1,0,1,0,-1,0,-0.001],"_humanoidState":8,"_cameraCFrame":[784.687,226.717,47.142,0,-0.259,0.966,0,0.966,0.259,-1,0,0],"_shiftlockState":false,"_pose":"Running","_animationQueue":[],"_animationSpeed":1.104,"_zoom":9.963},{"_mousePosition":[946,342],"_rootPartCFrame":[774.798,222.664,47.142,-0.001,0,1,0,1,0,-1,0,-0.001],"_humanoidState":8,"_cameraCFrame":[784.421,226.744,47.142,0,-0.259,0.966,0,0.966,0.259,-1,0,0],"_shiftlockState":false,"_pose":"Running","_animationQueue":[["walk",0.1]],"_animationSpeed":1.104,"_zoom":9.963},{"_mousePosition":[900,329],"_rootPartCFrame":[774.531,222.68,47.142,0,0,1,0,1,0,-1,0,0],"_humanoidState":8,"_cameraCFrame":[784.154,226.76,47.142,0,-0.259,0.966,0,0.966,0.259,-1,0,0],"_shiftlockState":false,"_pose":"Running","_animationQueue":[],"_animationSpeed":1.104,"_zoom":9.963},{"_mousePosition":[850,317],"_rootPartCFrame":[774.264,222.689,47.142,0,0,1,0,1,0,-1,0,0],"_humanoidState":8,"_cameraCFrame":[783.887,226.769,47.142,0,-0.259,0.966,0,0.966,0.259,-1,0,0],"_shiftlockState":false,"_pose":"Running","_animationQueue":[],"_animationSpeed":1.104,"_zoom":9.963},{"_mousePosition":[808,308],"_rootPartCFrame":[773.864,222.695,47.142,0,0,1,0,1,0,-1,0,0],"_humanoidState":8,"_cameraCFrame":[783.487,226.776,47.142,0,-0.259,0.966,0,0.966,0.259,-1,0,0],"_shiftlockState":false,"_pose":"Running","_animationQueue":[],"_animationSpeed":1.104,"_zoom":9.963},{"_mousePosition":[769,301],"_rootPartCFrame":[773.731,222.697,47.142,0,0,1,0,1,0,-1,0,0],"_humanoidState":8,"_cameraCFrame":[783.354,226.777,47.142,0,-0.259,0.966,0,0.966,0.259,-1,0,0],"_shiftlockState":false,"_pose":"Running","_animationQueue":[],"_animationSpeed":1.104,"_zoom":9.963},{"_mousePosition":[739,296],"_rootPartCFrame":[773.464,222.698,47.142,0,0,1,0,1,0,-1,0,0],"_humanoidState":8,"_cameraCFrame":[783.087,226.778,47.142,0,-0.259,0.966,0,0.966,0.259,-1,0,0],"_shiftlockState":false,"_pose":"Running","_animationQueue":[],"_animationSpeed":1.104,"_zoom":9.963},{"_mousePosition":[707,290],"_rootPartCFrame":[773.197,222.699,47.142,0,0,1,0,1,0,-1,0,0],"_humanoidState":8,"_cameraCFrame":[782.82,226.779,47.142,0,-0.259,0.966,0,0.966,0.259,-1,0,0],"_shiftlockState":false,"_pose":"Running","_animationQueue":[["walk",0.1]],"_animationSpeed":1.104,"_zoom":9.963},{"_mousePosition":[679,284],"_rootPartCFrame":[772.931,222.699,47.142,0,0,1,0,1,0,-1,0,0],"_humanoidState":8,"_cameraCFrame":[782.554,226.779,47.142,0,-0.259,0.966,0,0.966,0.259,-1,0,0],"_shiftlockState":false,"_pose":"Running","_animationQueue":[],"_animationSpeed":1.104,"_zoom":9.963},{"_mousePosition":[660,280],"_rootPartCFrame":[772.664,222.699,47.142,0,0,1,0,1,0,-1,0,0],"_humanoidState":8,"_cameraCFrame":[782.287,226.78,47.142,0,-0.259,0.966,0,0.966,0.259,-1,0,0],"_shiftlockState":false,"_pose":"Running","_animationQueue":[],"_animationSpeed":1.104,"_zoom":9.963},{"_mousePosition":[655,279],"_rootPartCFrame":[772.397,222.7,47.142,0,0,1,0,1,0,-1,0,0],"_humanoidState":8,"_cameraCFrame":[782.02,226.78,47.142,0,-0.259,0.966,0,0.966,0.259,-1,0,0],"_shiftlockState":false,"_pose":"Running","_animationQueue":[],"_animationSpeed":1.104,"_zoom":9.963},{"_mousePosition":[655,279],"_rootPartCFrame":[772.13,222.7,47.142,0,0,1,0,1,0,-1,0,0],"_humanoidState":8,"_cameraCFrame":[781.754,226.78,47.142,0,-0.259,0.966,0,0.966,0.259,-1,0,0],"_shiftlockState":false,"_pose":"Running","_animationQueue":[],"_animationSpeed":1.104,"_zoom":9.963},{"_mousePosition":[655,279],"_rootPartCFrame":[771.864,222.7,47.142,0,0,1,0,1,0,-1,0,0],"_humanoidState":8,"_cameraCFrame":[781.487,226.78,47.142,0,-0.259,0.966,0,0.966,0.259,-1,0,0],"_shiftlockState":false,"_pose":"Running","_animationQueue":[],"_animationSpeed":1.104,"_zoom":9.963},{"_mousePosition":[655,279],"_rootPartCFrame":[771.597,222.7,47.142,0,0,1,0,1,0,-1,0,0],"_humanoidState":8,"_cameraCFrame":[781.22,226.78,47.132,-0.001,-0.259,0.966,0,0.966,0.259,-1,0,-0.001],"_shiftlockState":false,"_pose":"Running","_animationQueue":[],"_animationSpeed":1.104,"_zoom":9.963},{"_mousePosition":[655,279],"_rootPartCFrame":[771.33,222.7,47.142,0,0,1,0,1,0,-1,0,0],"_humanoidState":8,"_cameraCFrame":[780.951,226.788,47.132,-0.001,-0.26,0.966,0,0.966,0.26,-1,0,-0.001],"_shiftlockState":false,"_pose":"Running","_animationQueue":[["walk",0.1]],"_animationSpeed":1.104,"_zoom":9.963},{"_mousePosition":[655,279],"_rootPartCFrame":[771.064,222.7,47.142,0,0,1,0,1,0,-1,0,0],"_humanoidState":8,"_cameraCFrame":[780.657,226.888,47.092,-0.005,-0.27,0.963,0,0.963,0.27,-1,0.001,-0.005],"_shiftlockState":false,"_pose":"Running","_animationQueue":[],"_animationSpeed":1.104,"_zoom":9.963},{"_mousePosition":[655,279],"_rootPartCFrame":[770.797,222.7,47.143,0,0,1,0,1,0,-1,0,0],"_humanoidState":8,"_cameraCFrame":[780.338,227.066,47.033,-0.012,-0.288,0.958,0,0.958,0.288,-1,0.003,-0.011],"_shiftlockState":false,"_pose":"Running","_animationQueue":[],"_animationSpeed":1.104,"_zoom":9.963},{"_mousePosition":[655,279],"_rootPartCFrame":[770.53,222.7,47.144,-0.001,0,1,0,1,0,-1,0,-0.001],"_humanoidState":8,"_cameraCFrame":[780.001,227.288,46.975,-0.018,-0.31,0.951,0,0.951,0.31,-1,0.006,-0.017],"_shiftlockState":false,"_pose":"Running","_animationQueue":[],"_animationSpeed":1.104,"_zoom":9.963},{"_mousePosition":[655,279],"_rootPartCFrame":[770.264,222.666,47.145,-0.002,0,1,0,1,0,-1,0,-0.002],"_humanoidState":8,"_cameraCFrame":[779.661,227.467,46.939,-0.022,-0.331,0.943,0,0.944,0.331,-1,0.007,-0.021],"_shiftlockState":false,"_pose":"Running","_animationQueue":[],"_animationSpeed":1.104,"_zoom":9.963},{"_mousePosition":[655,279],"_rootPartCFrame":[769.997,222.577,47.147,-0.002,0,1,0,1,0,-1,0,-0.002],"_humanoidState":8,"_cameraCFrame":[779.323,227.575,46.902,-0.026,-0.351,0.936,0,0.936,0.351,-1,0.009,-0.025],"_shiftlockState":false,"_pose":"Running","_animationQueue":[],"_animationSpeed":1.104,"_zoom":9.963},{"_mousePosition":[655,279],"_rootPartCFrame":[769.73,222.434,47.148,-0.003,0,1,0,1,0,-1,0,-0.003],"_humanoidState":8,"_cameraCFrame":[778.962,227.671,46.887,-0.028,-0.375,0.927,0,0.927,0.375,-1,0.011,-0.026],"_shiftlockState":false,"_pose":"Running","_animationQueue":[],"_animationSpeed":1.104,"_zoom":9.963},{"_mousePosition":[655,279],"_rootPartCFrame":[769.464,222.236,47.149,-0.004,0,1,0,1,0,-1,0,-0.004],"_humanoidState":8,"_cameraCFrame":[778.59,227.725,46.891,-0.028,-0.4,0.916,0,0.916,0.4,-1,0.011,-0.026],"_shiftlockState":false,"_pose":"Running","_animationQueue":[["walk",0.1]],"_animationSpeed":1.104,"_zoom":9.963},{"_mousePosition":[655,279],"_rootPartCFrame":[769.197,221.984,47.151,-0.004,0,1,0,1,0,-1,0,-0.004],"_humanoidState":8,"_cameraCFrame":[778.21,227.722,46.896,-0.028,-0.425,0.905,0,0.905,0.425,-1,0.012,-0.026],"_shiftlockState":false,"_pose":"Running","_animationQueue":[],"_animationSpeed":1.104,"_zoom":9.963},{"_mousePosition":[655,279],"_rootPartCFrame":[768.931,221.678,47.152,-0.005,0,1,0,1,0,-1,0,-0.005],"_humanoidState":8,"_cameraCFrame":[777.799,227.711,46.901,-0.028,-0.455,0.89,0,0.89,0.455,-1,0.013,-0.025],"_shiftlockState":false,"_pose":"Running","_animationQueue":[],"_animationSpeed":1.104,"_zoom":9.963},{"_mousePosition":[655,279],"_rootPartCFrame":[768.664,222.541,47.154,-0.006,0,1,0,1,0,-1,0,-0.006],"_humanoidState":3,"_cameraCFrame":[777.42,228.787,46.906,-0.028,-0.476,0.879,0,0.879,0.476,-1,0.013,-0.025],"_shiftlockState":false,"_pose":"Jumping","_animationQueue":[["walk",0.1],["jump",0.1]],"_animationSpeed":1,"_zoom":9.963},{"_mousePosition":[655,279],"_rootPartCFrame":[768.397,223.349,47.16,-0.008,0,1,0,1,0,-1,0,-0.008],"_humanoidState":5,"_cameraCFrame":[777.028,229.82,46.925,-0.027,-0.499,0.866,0,0.867,0.499,-1,0.014,-0.024],"_shiftlockState":false,"_pose":"FreeFall","_animationQueue":[["jump",0.1]],"_animationSpeed":1,"_zoom":9.963},{"_mousePosition":[655,279],"_rootPartCFrame":[768.131,224.103,47.168,-0.011,0,1,0,1,0,-1,0,-0.011],"_humanoidState":5,"_cameraCFrame":[776.615,230.823,46.963,-0.024,-0.524,0.852,0,0.852,0.524,-1,0.013,-0.021],"_shiftlockState":false,"_pose":"FreeFall","_animationQueue":[],"_animationSpeed":1,"_zoom":9.963},{"_mousePosition":[655,279],"_rootPartCFrame":[767.864,224.802,47.175,-0.013,0,1,0,1,0,-1,0,-0.013],"_humanoidState":5,"_cameraCFrame":[776.194,231.766,47.053,-0.015,-0.548,0.836,0,0.836,0.548,-1,0.008,-0.012],"_shiftlockState":false,"_pose":"FreeFall","_animationQueue":[],"_animationSpeed":1,"_zoom":9.963},{"_mousePosition":[655,279],"_rootPartCFrame":[767.598,225.447,47.182,-0.015,0,1,0,1,0,-1,0,-0.015],"_humanoidState":5,"_cameraCFrame":[775.743,232.683,47.224,0.005,-0.576,0.818,0,0.818,0.576,-1,-0.003,0.004],"_shiftlockState":false,"_pose":"FreeFall","_animationQueue":[],"_animationSpeed":1,"_zoom":9.963},{"_mousePosition":[655,279],"_rootPartCFrame":[767.331,226.038,47.186,-0.015,0,1,0,1,0,-1,0,-0.015],"_humanoidState":5,"_cameraCFrame":[775.308,233.501,47.428,0.03,-0.598,0.801,0,0.801,0.599,-1,-0.018,0.024],"_shiftlockState":false,"_pose":"FreeFall","_animationQueue":[],"_animationSpeed":1,"_zoom":9.963},{"_mousePosition":[655,279],"_rootPartCFrame":[767.064,226.574,47.185,-0.013,0,1,0,1,0,-1,0,-0.013],"_humanoidState":5,"_cameraCFrame":[774.903,234.21,47.596,0.052,-0.615,0.787,0,0.788,0.616,-0.999,-0.032,0.041],"_shiftlockState":false,"_pose":"FreeFall","_animationQueue":[],"_animationSpeed":1,"_zoom":9.963},{"_mousePosition":[655,279],"_rootPartCFrame":[766.798,227.055,47.178,-0.009,0,1,0,1,0,-1,0,-0.009],"_humanoidState":5,"_cameraCFrame":[774.551,234.792,47.674,0.064,-0.625,0.778,0,0.78,0.626,-0.998,-0.04,0.05],"_shiftlockState":false,"_pose":"FreeFall","_animationQueue":[],"_animationSpeed":1,"_zoom":9.963},{"_mousePosition":[655,279],"_rootPartCFrame":[766.598,227.38,47.169,-0.003,0,1,0,1,0,-1,0,-0.003],"_humanoidState":5,"_cameraCFrame":[774.282,235.198,47.717,0.071,-0.633,0.771,0,0.773,0.634,-0.997,-0.045,0.055],"_shiftlockState":false,"_pose":"FreeFall","_animationQueue":[],"_animationSpeed":1,"_zoom":9.963},{"_mousePosition":[655,279],"_rootPartCFrame":[766.265,227.854,47.148,0.008,0,1,0,1,0,-1,0,0.008],"_humanoidState":5,"_cameraCFrame":[773.902,235.728,47.709,0.073,-0.638,0.767,0,0.769,0.64,-0.997,-0.047,0.056],"_shiftlockState":false,"_pose":"FreeFall","_animationQueue":[],"_animationSpeed":1,"_zoom":9.963},{"_mousePosition":[655,279],"_rootPartCFrame":[765.999,228.172,47.129,0.016,0,1,0,1,0,-1,0,0.016],"_humanoidState":5,"_cameraCFrame":[773.583,236.107,47.702,0.075,-0.644,0.761,0,0.763,0.646,-0.997,-0.049,0.058],"_shiftlockState":false,"_pose":"FreeFall","_animationQueue":[],"_animationSpeed":1,"_zoom":9.963},{"_mousePosition":[655,279],"_rootPartCFrame":[765.733,228.436,47.11,0.024,0,1,0,1,0,-1,0,0.024],"_humanoidState":5,"_cameraCFrame":[773.255,236.444,47.678,0.075,-0.651,0.755,0,0.757,0.653,-0.997,-0.049,0.057],"_shiftlockState":false,"_pose":"FreeFall","_animationQueue":[],"_animationSpeed":1,"_zoom":9.963},{"_mousePosition":[655,279],"_rootPartCFrame":[765.467,228.644,47.09,0.031,0,1,0,1,0,-1,0,0.031],"_humanoidState":5,"_cameraCFrame":[772.928,236.726,47.63,0.072,-0.659,0.749,0,0.751,0.661,-0.997,-0.048,0.054],"_shiftlockState":false,"_pose":"FreeFall","_animationQueue":[],"_animationSpeed":1,"_zoom":9.963},{"_mousePosition":[655,279],"_rootPartCFrame":[765.202,228.799,47.07,0.037,0,0.999,0,1,0,-0.999,0,0.037],"_humanoidState":5,"_cameraCFrame":[772.601,236.952,47.566,0.067,-0.666,0.743,0,0.744,0.668,-0.998,-0.045,0.05],"_shiftlockState":false,"_pose":"FreeFall","_animationQueue":[],"_animationSpeed":1,"_zoom":9.963},{"_mousePosition":[655,279],"_rootPartCFrame":[764.936,228.899,47.05,0.042,0,0.999,0,1,0,-0.999,0,0.042],"_humanoidState":5,"_cameraCFrame":[772.268,237.129,47.488,0.06,-0.674,0.736,0,0.737,0.676,-0.998,-0.04,0.044],"_shiftlockState":false,"_pose":"FreeFall","_animationQueue":[],"_animationSpeed":1,"_zoom":9.963},{"_mousePosition":[655,279],"_rootPartCFrame":[764.67,228.944,47.032,0.046,0,0.999,0,1,0,-0.999,0,0.046],"_humanoidState":5,"_cameraCFrame":[771.934,237.251,47.421,0.053,-0.682,0.729,0,0.73,0.683,-0.999,-0.036,0.039],"_shiftlockState":false,"_pose":"FreeFall","_animationQueue":[],"_animationSpeed":1,"_zoom":9.963},{"_mousePosition":[655,279],"_rootPartCFrame":[764.404,228.935,47.016,0.048,0,0.999,0,1,0,-0.999,0,0.048],"_humanoidState":5,"_cameraCFrame":[771.603,237.312,47.371,0.049,-0.689,0.723,0,0.724,0.69,-0.999,-0.034,0.036],"_shiftlockState":false,"_pose":"FreeFall","_animationQueue":[],"_animationSpeed":1,"_zoom":9.963},{"_mousePosition":[655,279],"_rootPartCFrame":[764.137,228.871,47.002,0.05,0,0.999,0,1,0,-0.999,0,0.05],"_humanoidState":5,"_cameraCFrame":[771.288,237.301,47.324,0.045,-0.695,0.718,0,0.719,0.696,-0.999,-0.031,0.032],"_shiftlockState":false,"_pose":"FreeFall","_animationQueue":[["fall",0.3]],"_animationSpeed":1,"_zoom":9.963},{"_mousePosition":[655,279],"_rootPartCFrame":[763.871,228.753,46.988,0.05,0,0.999,0,1,0,-0.999,0,0.05],"_humanoidState":5,"_cameraCFrame":[770.968,237.24,47.271,0.04,-0.701,0.712,0,0.713,0.701,-0.999,-0.028,0.028],"_shiftlockState":false,"_pose":"FreeFall","_animationQueue":[],"_animationSpeed":1,"_zoom":9.963},{"_mousePosition":[655,279],"_rootPartCFrame":[763.604,228.581,46.976,0.049,0,0.999,0,1,0,-0.999,0,0.049],"_humanoidState":5,"_cameraCFrame":[770.651,237.119,47.227,0.036,-0.706,0.707,0,0.708,0.706,-0.999,-0.025,0.025],"_shiftlockState":false,"_pose":"FreeFall","_animationQueue":[],"_animationSpeed":1,"_zoom":9.963},{"_mousePosition":[655,279],"_rootPartCFrame":[763.338,228.354,46.965,0.048,0,0.999,0,1,0,-0.999,0,0.048],"_humanoidState":5,"_cameraCFrame":[770.341,236.937,47.185,0.031,-0.711,0.703,0,0.703,0.711,-1,-0.022,0.022],"_shiftlockState":false,"_pose":"FreeFall","_animationQueue":[],"_animationSpeed":1,"_zoom":9.963},{"_mousePosition":[655,279],"_rootPartCFrame":[763.071,228.072,46.956,0.047,0,0.999,0,1,0,-0.999,0,0.047],"_humanoidState":5,"_cameraCFrame":[770.029,236.701,47.145,0.027,-0.715,0.698,0,0.699,0.716,-1,-0.019,0.019],"_shiftlockState":false,"_pose":"FreeFall","_animationQueue":[],"_animationSpeed":1,"_zoom":9.963},{"_mousePosition":[655,279],"_rootPartCFrame":[762.805,227.736,46.947,0.045,0,0.999,0,1,0,-0.999,0,0.045],"_humanoidState":5,"_cameraCFrame":[769.728,236.398,47.128,0.026,-0.719,0.695,0,0.695,0.719,-1,-0.019,0.018],"_shiftlockState":false,"_pose":"FreeFall","_animationQueue":[],"_animationSpeed":1,"_zoom":9.963},{"_mousePosition":[655,279],"_rootPartCFrame":[762.605,227.448,46.941,0.043,0,0.999,0,1,0,-0.999,0,0.043],"_humanoidState":5,"_cameraCFrame":[769.499,236.138,47.115,0.025,-0.721,0.692,0,0.692,0.722,-1,-0.018,0.017],"_shiftlockState":false,"_pose":"FreeFall","_animationQueue":[],"_animationSpeed":1,"_zoom":9.963},{"_mousePosition":[655,279],"_rootPartCFrame":[762.272,226.9,46.933,0.04,0,0.999,0,1,0,-0.999,0,0.04],"_humanoidState":5,"_cameraCFrame":[769.155,235.601,47.098,0.024,-0.723,0.691,0,0.691,0.723,-1,-0.017,0.017],"_shiftlockState":false,"_pose":"FreeFall","_animationQueue":[["fall",0.3]],"_animationSpeed":1,"_zoom":9.963},{"_mousePosition":[655,279],"_rootPartCFrame":[762.005,226.401,46.926,0.038,0,0.999,0,1,0,-0.999,0,0.038],"_humanoidState":5,"_cameraCFrame":[768.859,235.13,47.069,0.021,-0.725,0.688,0,0.688,0.726,-1,-0.015,0.014],"_shiftlockState":false,"_pose":"FreeFall","_animationQueue":[],"_animationSpeed":1,"_zoom":9.963},{"_mousePosition":[655,279],"_rootPartCFrame":[761.738,225.846,46.919,0.036,0,0.999,0,1,0,-0.999,0,0.036],"_humanoidState":5,"_cameraCFrame":[768.546,234.62,47.048,0.019,-0.73,0.683,0,0.683,0.73,-1,-0.014,0.013],"_shiftlockState":false,"_pose":"FreeFall","_animationQueue":[],"_animationSpeed":1,"_zoom":9.963},{"_mousePosition":[655,279],"_rootPartCFrame":[761.472,225.238,46.914,0.034,0,0.999,0,1,0,-0.999,0,0.034],"_humanoidState":5,"_cameraCFrame":[768.227,234.06,47.055,0.021,-0.735,0.678,0,0.678,0.735,-1,-0.015,0.014],"_shiftlockState":false,"_pose":"FreeFall","_animationQueue":[],"_animationSpeed":1,"_zoom":9.963},{"_mousePosition":[655,279],"_rootPartCFrame":[761.205,224.575,46.909,0.032,0,0.999,0,1,0,-0.999,0,0.032],"_humanoidState":5,"_cameraCFrame":[767.955,233.402,47.022,0.017,-0.735,0.677,0,0.678,0.735,-1,-0.012,0.011],"_shiftlockState":false,"_pose":"FreeFall","_animationQueue":[],"_animationSpeed":1,"_zoom":9.963},{"_mousePosition":[655,279],"_rootPartCFrame":[760.939,223.857,46.903,0.031,0,1,0,1,0,-1,0,0.031],"_humanoidState":5,"_cameraCFrame":[767.688,232.685,47.016,0.017,-0.735,0.677,0,0.678,0.735,-1,-0.012,0.011],"_shiftlockState":false,"_pose":"FreeFall","_animationQueue":[],"_animationSpeed":1,"_zoom":9.963},{"_mousePosition":[655,279],"_rootPartCFrame":[760.672,223.085,46.898,0.029,0,1,0,1,0,-1,0,0.029],"_humanoidState":5,"_cameraCFrame":[767.421,231.913,47.012,0.017,-0.735,0.677,0,0.678,0.735,-1,-0.012,0.011],"_shiftlockState":false,"_pose":"FreeFall","_animationQueue":[],"_animationSpeed":1,"_zoom":9.963},{"_mousePosition":[655,279],"_rootPartCFrame":[760.472,222.47,46.895,0.028,0,1,0,1,0,-1,0,0.028],"_humanoidState":5,"_cameraCFrame":[767.221,231.298,47.008,0.017,-0.735,0.677,0,0.678,0.735,-1,-0.012,0.011],"_shiftlockState":false,"_pose":"FreeFall","_animationQueue":[["fall",0.3]],"_animationSpeed":1,"_zoom":9.963},{"_mousePosition":[655,279],"_rootPartCFrame":[760.139,221.377,46.89,0.026,0,1,0,1,0,-1,0,0.026],"_humanoidState":5,"_cameraCFrame":[766.888,230.205,47.003,0.017,-0.735,0.677,0,0.678,0.735,-1,-0.012,0.011],"_shiftlockState":false,"_pose":"FreeFall","_animationQueue":[],"_animationSpeed":1,"_zoom":9.963},{"_mousePosition":[655,279],"_rootPartCFrame":[759.872,220.442,46.885,0.024,0,1,0,1,0,-1,0,0.024],"_humanoidState":5,"_cameraCFrame":[766.622,229.269,46.998,0.017,-0.735,0.677,0,0.678,0.735,-1,-0.012,0.011],"_shiftlockState":false,"_pose":"FreeFall","_animationQueue":[],"_animationSpeed":1,"_zoom":9.963},{"_mousePosition":[655,279],"_rootPartCFrame":[759.606,219.452,46.881,0.023,0,1,0,1,0,-1,0,0.023],"_humanoidState":5,"_cameraCFrame":[766.355,228.279,46.994,0.017,-0.735,0.677,0,0.678,0.735,-1,-0.012,0.011],"_shiftlockState":false,"_pose":"FreeFall","_animationQueue":[],"_animationSpeed":1,"_zoom":9.963},{"_mousePosition":[655,279],"_rootPartCFrame":[759.364,219.462,46.877,0.023,0,1,0,1,0,-1,0,0.023],"_humanoidState":12,"_cameraCFrame":[766.113,228.29,46.99,0.017,-0.735,0.677,0,0.678,0.735,-1,-0.012,0.011],"_shiftlockState":false,"_pose":"Climbing","_animationQueue":[["walk",0.1],["fall",0.3],["climb",0.1],["climb",0]],"_animationSpeed":-5.053,"_zoom":9.963},{"_mousePosition":[655,279],"_rootPartCFrame":[759.312,219.575,46.872,-0.008,0,1,0.003,1,0,-1,0.003,-0.008],"_humanoidState":12,"_cameraCFrame":[766.062,228.403,46.99,0.017,-0.735,0.677,0,0.678,0.735,-1,-0.012,0.011],"_shiftlockState":false,"_pose":"Climbing","_animationQueue":[["climb",0.1]],"_animationSpeed":0.815,"_zoom":9.963},{"_mousePosition":[655,279],"_rootPartCFrame":[759.322,219.755,46.87,0.006,0,1,0,1,0,-1,0,0.006],"_humanoidState":12,"_cameraCFrame":[766.072,228.582,46.982,0.017,-0.735,0.677,0,0.678,0.735,-1,-0.012,0.011],"_shiftlockState":false,"_pose":"Climbing","_animationQueue":[["climb",0.1]],"_animationSpeed":0.678,"_zoom":9.963},{"_mousePosition":[655,279],"_rootPartCFrame":[759.323,219.941,46.87,0.007,0,1,0,1,0,-1,0,0.007],"_humanoidState":12,"_cameraCFrame":[766.072,228.769,46.982,0.017,-0.735,0.677,0,0.678,0.735,-1,-0.012,0.011],"_shiftlockState":false,"_pose":"Climbing","_animationQueue":[["climb",0.1]],"_animationSpeed":0.928,"_zoom":9.963},{"_mousePosition":[655,279],"_rootPartCFrame":[759.323,220.128,46.87,0.007,0,1,0,1,0,-1,0,0.007],"_humanoidState":12,"_cameraCFrame":[766.072,228.955,46.983,0.017,-0.735,0.677,0,0.678,0.735,-1,-0.012,0.011],"_shiftlockState":false,"_pose":"Climbing","_animationQueue":[],"_animationSpeed":0.928,"_zoom":9.963},{"_mousePosition":[655,279],"_rootPartCFrame":[759.323,220.361,46.87,0.007,0,1,0,1,0,-1,0,0.007],"_humanoidState":12,"_cameraCFrame":[766.072,229.189,46.983,0.017,-0.735,0.677,0,0.678,0.735,-1,-0.012,0.011],"_shiftlockState":false,"_pose":"Climbing","_animationQueue":[],"_animationSpeed":0.928,"_zoom":9.963},{"_mousePosition":[655,279],"_rootPartCFrame":[759.323,220.548,46.87,0.007,0,1,0,1,0,-1,0,0.007],"_humanoidState":12,"_cameraCFrame":[766.072,229.375,46.983,0.017,-0.735,0.677,0,0.678,0.735,-1,-0.012,0.011],"_shiftlockState":false,"_pose":"Climbing","_animationQueue":[["climb",0]],"_animationSpeed":0.928,"_zoom":9.963},{"_mousePosition":[655,279],"_rootPartCFrame":[759.323,220.688,46.87,0.007,0,1,0,1,0,-1,0,0.007],"_humanoidState":12,"_cameraCFrame":[766.072,229.515,46.983,0.017,-0.735,0.677,0,0.678,0.735,-1,-0.012,0.011],"_shiftlockState":false,"_pose":"Climbing","_animationQueue":[],"_animationSpeed":0.928,"_zoom":9.963},{"_mousePosition":[655,279],"_rootPartCFrame":[759.323,220.874,46.87,0.007,0,1,0,1,0,-1,0,0.007],"_humanoidState":12,"_cameraCFrame":[765.939,229.523,46.918,0.007,-0.734,0.679,0,0.679,0.734,-1,-0.005,0.005],"_shiftlockState":false,"_pose":"Climbing","_animationQueue":[],"_animationSpeed":0.928,"_zoom":7.57},{"_mousePosition":[655,279],"_rootPartCFrame":[759.323,221.154,46.87,0.007,0,1,0,1,0,-1,0,0.007],"_humanoidState":12,"_cameraCFrame":[765.723,229.524,46.85,-0.003,-0.732,0.682,0,0.682,0.732,-1,0.002,-0.002],"_shiftlockState":false,"_pose":"Climbing","_animationQueue":[],"_animationSpeed":0.928,"_zoom":7.57},{"_mousePosition":[655,279],"_rootPartCFrame":[759.323,221.294,46.87,0.007,0,1,0,1,0,-1,0,0.007],"_humanoidState":12,"_cameraCFrame":[765.483,229.322,46.799,-0.012,-0.727,0.686,0,0.686,0.727,-1,0.008,-0.008],"_shiftlockState":false,"_pose":"Climbing","_animationQueue":[],"_animationSpeed":0.928,"_zoom":7.57},{"_mousePosition":[655,279],"_rootPartCFrame":[759.323,221.481,46.87,0.007,0,1,0,1,0,-1,0,0.007],"_humanoidState":12,"_cameraCFrame":[765.103,229.096,46.803,-0.012,-0.727,0.687,0,0.687,0.727,-1,0.008,-0.008],"_shiftlockState":false,"_pose":"Climbing","_animationQueue":[],"_animationSpeed":0.928,"_zoom":5.656},{"_mousePosition":[655,279],"_rootPartCFrame":[759.323,221.668,46.87,0.007,0,1,0,1,0,-1,0,0.007],"_humanoidState":12,"_cameraCFrame":[764.734,228.893,46.808,-0.012,-0.727,0.687,0,0.687,0.727,-1,0.008,-0.008],"_shiftlockState":false,"_pose":"Climbing","_animationQueue":[],"_animationSpeed":0.928,"_zoom":5.656},{"_mousePosition":[655,279],"_rootPartCFrame":[759.323,221.808,46.87,0.007,0,1,0,1,0,-1,0,0.007],"_humanoidState":12,"_cameraCFrame":[764.332,228.607,46.812,-0.012,-0.727,0.687,0,0.687,0.727,-1,0.008,-0.008],"_shiftlockState":false,"_pose":"Climbing","_animationQueue":[],"_animationSpeed":0.928,"_zoom":5.656},{"_mousePosition":[655,279],"_rootPartCFrame":[759.323,222.041,46.87,0.007,0,1,0,1,0,-1,0,0.007],"_humanoidState":12,"_cameraCFrame":[764.008,228.498,46.816,-0.012,-0.727,0.687,0,0.687,0.727,-1,0.008,-0.008],"_shiftlockState":false,"_pose":"Climbing","_animationQueue":[],"_animationSpeed":0.928,"_zoom":5.656},{"_mousePosition":[655,279],"_rootPartCFrame":[759.323,222.228,46.87,0.007,0,1,0,1,0,-1,0,0.007],"_humanoidState":12,"_cameraCFrame":[763.812,228.476,46.818,-0.012,-0.727,0.687,0,0.687,0.727,-1,0.008,-0.008],"_shiftlockState":false,"_pose":"Climbing","_animationQueue":[],"_animationSpeed":0.928,"_zoom":5.656},{"_mousePosition":[655,279],"_rootPartCFrame":[759.323,222.367,46.87,0.007,0,1,0,1,0,-1,0,0.007],"_humanoidState":12,"_cameraCFrame":[763.63,228.424,46.82,-0.012,-0.727,0.687,0,0.687,0.727,-1,0.008,-0.008],"_shiftlockState":false,"_pose":"Climbing","_animationQueue":[],"_animationSpeed":0.928,"_zoom":5.656},{"_mousePosition":[655,279],"_rootPartCFrame":[759.323,222.554,46.87,0.007,0,1,0,1,0,-1,0,0.007],"_humanoidState":12,"_cameraCFrame":[763.493,228.466,46.822,-0.012,-0.727,0.687,0,0.687,0.727,-1,0.008,-0.008],"_shiftlockState":false,"_pose":"Climbing","_animationQueue":[],"_animationSpeed":0.928,"_zoom":5.656},{"_mousePosition":[655,279],"_rootPartCFrame":[759.323,222.787,46.87,0.007,0,1,0,1,0,-1,0,0.007],"_humanoidState":12,"_cameraCFrame":[763.391,228.613,45.073,-0.012,-0.727,0.687,0,0.687,0.727,-1,0.008,-0.008],"_shiftlockState":true,"_pose":"Climbing","_animationQueue":[],"_animationSpeed":0.928,"_zoom":5.656},{"_mousePosition":[683,352.5],"_rootPartCFrame":[759.323,222.974,46.87,-0.011,0,1,0,1,0,-1,0,-0.011],"_humanoidState":12,"_cameraCFrame":[763.187,228.585,45.075,-0.012,-0.727,0.687,0,0.687,0.727,-1,0.008,-0.008],"_shiftlockState":true,"_pose":"Climbing","_animationQueue":[["climb",0]],"_animationSpeed":0.928,"_zoom":5.656},{"_mousePosition":[683,352.5],"_rootPartCFrame":[759.323,223.161,46.87,-0.012,0,1,0,1,0,-1,0,-0.012],"_humanoidState":12,"_cameraCFrame":[763.187,228.771,45.075,-0.012,-0.727,0.687,0,0.687,0.727,-1,0.008,-0.008],"_shiftlockState":true,"_pose":"Climbing","_animationQueue":[],"_animationSpeed":0.928,"_zoom":5.656},{"_mousePosition":[683,352.5],"_rootPartCFrame":[759.323,223.347,46.87,-0.012,0,1,0,1,0,-1,0,-0.012],"_humanoidState":12,"_cameraCFrame":[763.187,228.958,45.075,-0.012,-0.727,0.687,0,0.687,0.727,-1,0.008,-0.008],"_shiftlockState":true,"_pose":"Climbing","_animationQueue":[],"_animationSpeed":0.928,"_zoom":5.656},{"_mousePosition":[683,352.5],"_rootPartCFrame":[759.323,223.534,46.87,-0.012,0,1,0,1,0,-1,0,-0.012],"_humanoidState":12,"_cameraCFrame":[763.187,229.145,45.075,-0.012,-0.727,0.687,0,0.687,0.727,-1,0.008,-0.008],"_shiftlockState":true,"_pose":"Climbing","_animationQueue":[],"_animationSpeed":0.928,"_zoom":5.656},{"_mousePosition":[683,352.5],"_rootPartCFrame":[759.323,223.721,46.87,-0.012,0,1,0,1,0,-1,0,-0.012],"_humanoidState":12,"_cameraCFrame":[763.187,229.331,45.075,-0.012,-0.727,0.687,0,0.687,0.727,-1,0.008,-0.008],"_shiftlockState":true,"_pose":"Climbing","_animationQueue":[],"_animationSpeed":0.928,"_zoom":5.656},{"_mousePosition":[683,352.5],"_rootPartCFrame":[759.323,223.907,46.87,-0.012,0,1,0,1,0,-1,0,-0.012],"_humanoidState":12,"_cameraCFrame":[763.187,229.518,45.075,-0.012,-0.727,0.687,0,0.687,0.727,-1,0.008,-0.008],"_shiftlockState":true,"_pose":"Climbing","_animationQueue":[["climb",0]],"_animationSpeed":0.928,"_zoom":5.656},{"_mousePosition":[683,352.5],"_rootPartCFrame":[759.323,224.094,46.87,-0.012,0,1,0,1,0,-1,0,-0.012],"_humanoidState":12,"_cameraCFrame":[763.187,229.705,45.075,-0.012,-0.727,0.687,0,0.687,0.727,-1,0.008,-0.008],"_shiftlockState":true,"_pose":"Climbing","_animationQueue":[],"_animationSpeed":0.928,"_zoom":5.656},{"_mousePosition":[683,352.5],"_rootPartCFrame":[759.323,224.281,46.87,-0.012,0,1,0,1,0,-1,0,-0.012],"_humanoidState":12,"_cameraCFrame":[763.187,229.891,45.075,-0.012,-0.727,0.687,0,0.687,0.727,-1,0.008,-0.008],"_shiftlockState":true,"_pose":"Climbing","_animationQueue":[],"_animationSpeed":0.928,"_zoom":5.656},{"_mousePosition":[683,352.5],"_rootPartCFrame":[759.323,224.421,46.87,-0.012,0,1,0,1,0,-1,0,-0.012],"_humanoidState":12,"_cameraCFrame":[763.187,230.031,45.075,-0.012,-0.727,0.687,0,0.687,0.727,-1,0.008,-0.008],"_shiftlockState":true,"_pose":"Climbing","_animationQueue":[],"_animationSpeed":0.928,"_zoom":5.656},{"_mousePosition":[683,352.5],"_rootPartCFrame":[759.323,224.607,46.87,-0.012,0,1,0,1,0,-1,0,-0.012],"_humanoidState":12,"_cameraCFrame":[763.187,230.218,45.075,-0.012,-0.727,0.687,0,0.687,0.727,-1,0.008,-0.008],"_shiftlockState":true,"_pose":"Climbing","_animationQueue":[],"_animationSpeed":0.928,"_zoom":5.656},{"_mousePosition":[683,352.5],"_rootPartCFrame":[759.323,224.84,46.87,-0.012,0,1,0,1,0,-1,0,-0.012],"_humanoidState":12,"_cameraCFrame":[763.185,230.448,45.063,-0.015,-0.726,0.687,0,0.687,0.726,-1,0.011,-0.01],"_shiftlockState":true,"_pose":"Climbing","_animationQueue":[["climb",0]],"_animationSpeed":0.928,"_zoom":5.656},{"_mousePosition":[683,352.5],"_rootPartCFrame":[759.323,225.073,46.87,-0.015,0,1,0,1,0,-1,0,-0.015],"_humanoidState":12,"_cameraCFrame":[763.179,230.681,45.051,-0.018,-0.726,0.687,0,0.687,0.726,-1,0.013,-0.012],"_shiftlockState":true,"_pose":"Climbing","_animationQueue":[],"_animationSpeed":0.928,"_zoom":5.656},{"_mousePosition":[683,352.5],"_rootPartCFrame":[759.323,225.167,46.87,-0.018,0,1,0,1,0,-1,0,-0.018],"_humanoidState":12,"_cameraCFrame":[763.181,230.771,45.046,-0.019,-0.726,0.688,0,0.688,0.726,-1,0.014,-0.013],"_shiftlockState":true,"_pose":"Climbing","_animationQueue":[],"_animationSpeed":0.928,"_zoom":5.656},{"_mousePosition":[683,352.5],"_rootPartCFrame":[759.323,225.4,46.87,-0.019,0,1,0,1,0,-1,0,-0.019],"_humanoidState":12,"_cameraCFrame":[763.181,231.004,45.046,-0.019,-0.726,0.688,0,0.688,0.726,-1,0.014,-0.013],"_shiftlockState":true,"_pose":"Climbing","_animationQueue":[],"_animationSpeed":0.928,"_zoom":5.656},{"_mousePosition":[683,352.5],"_rootPartCFrame":[759.323,225.587,46.87,-0.019,0,1,0,1,0,-1,0,-0.019],"_humanoidState":12,"_cameraCFrame":[763.181,231.191,45.046,-0.019,-0.726,0.688,0,0.688,0.726,-1,0.014,-0.013],"_shiftlockState":true,"_pose":"Climbing","_animationQueue":[],"_animationSpeed":0.928,"_zoom":5.656},{"_mousePosition":[683,352.5],"_rootPartCFrame":[759.323,225.773,46.87,-0.019,0,1,0,1,0,-1,0,-0.019],"_humanoidState":12,"_cameraCFrame":[763.181,231.378,45.046,-0.019,-0.726,0.688,0,0.688,0.726,-1,0.014,-0.013],"_shiftlockState":true,"_pose":"Climbing","_animationQueue":[],"_animationSpeed":0.928,"_zoom":5.656},{"_mousePosition":[683,352.5],"_rootPartCFrame":[759.323,225.913,46.87,-0.019,0,1,0,1,0,-1,0,-0.019],"_humanoidState":12,"_cameraCFrame":[763.181,231.518,45.046,-0.019,-0.726,0.688,0,0.688,0.726,-1,0.014,-0.013],"_shiftlockState":true,"_pose":"Climbing","_animationQueue":[],"_animationSpeed":0.928,"_zoom":5.656},{"_mousePosition":[683,352.5],"_rootPartCFrame":[759.323,226.1,46.87,-0.019,0,1,0,1,0,-1,0,-0.019],"_humanoidState":12,"_cameraCFrame":[763.181,231.704,45.046,-0.019,-0.726,0.688,0,0.688,0.726,-1,0.014,-0.013],"_shiftlockState":true,"_pose":"Climbing","_animationQueue":[],"_animationSpeed":0.928,"_zoom":5.656},{"_mousePosition":[683,352.5],"_rootPartCFrame":[759.323,226.333,46.87,-0.019,0,1,0,1,0,-1,0,-0.019],"_humanoidState":12,"_cameraCFrame":[763.181,231.938,45.046,-0.019,-0.726,0.688,0,0.688,0.726,-1,0.014,-0.013],"_shiftlockState":true,"_pose":"Climbing","_animationQueue":[],"_animationSpeed":0.928,"_zoom":5.656},{"_mousePosition":[683,352.5],"_rootPartCFrame":[759.323,226.52,46.87,-0.019,0,1,0,1,0,-1,0,-0.019],"_humanoidState":12,"_cameraCFrame":[763.181,232.124,45.046,-0.019,-0.726,0.688,0,0.688,0.726,-1,0.014,-0.013],"_shiftlockState":true,"_pose":"Climbing","_animationQueue":[],"_animationSpeed":0.928,"_zoom":5.656},{"_mousePosition":[683,352.5],"_rootPartCFrame":[759.323,226.706,46.87,-0.019,0,1,0,1,0,-1,0,-0.019],"_humanoidState":12,"_cameraCFrame":[763.181,232.311,45.046,-0.019,-0.726,0.688,0,0.688,0.726,-1,0.014,-0.013],"_shiftlockState":true,"_pose":"Climbing","_animationQueue":[],"_animationSpeed":0.928,"_zoom":5.656},{"_mousePosition":[683,352.5],"_rootPartCFrame":[759.181,226.876,46.873,-0.019,0,1,0,1,0,-1,0,-0.019],"_humanoidState":8,"_cameraCFrame":[763.039,232.481,45.049,-0.019,-0.726,0.688,0,0.688,0.726,-1,0.014,-0.013],"_shiftlockState":true,"_pose":"Standing","_animationQueue":[["climb",0.1],["idle",0.1],["idle",0.1]],"_animationSpeed":1,"_zoom":5.656},{"_mousePosition":[683,352.5],"_rootPartCFrame":[759.147,226.959,46.879,0.003,0.001,1,-0.01,1,-0.001,-1,-0.01,0.003],"_humanoidState":8,"_cameraCFrame":[763.005,232.563,45.041,-0.019,-0.726,0.688,0,0.688,0.726,-1,0.014,-0.013],"_shiftlockState":true,"_pose":"Running","_animationQueue":[["walk",0.1]],"_animationSpeed":0.852,"_zoom":5.656},{"_mousePosition":[683,352.5],"_rootPartCFrame":[759.182,227.005,46.886,-0.016,0,1,-0.005,1,0,-1,-0.005,-0.016],"_humanoidState":8,"_cameraCFrame":[763.04,232.61,45.055,-0.019,-0.726,0.688,0,0.688,0.726,-1,0.014,-0.013],"_shiftlockState":true,"_pose":"Running","_animationQueue":[["walk",0.1]],"_animationSpeed":0.166,"_zoom":5.656},{"_mousePosition":[683,352.5],"_rootPartCFrame":[759.248,227.026,46.887,-0.016,0,1,-0.002,1,0,-1,-0.002,-0.016],"_humanoidState":8,"_cameraCFrame":[763.108,232.631,45.064,-0.018,-0.726,0.688,0,0.688,0.726,-1,0.013,-0.012],"_shiftlockState":true,"_pose":"Standing","_animationQueue":[["idle",0.1]],"_animationSpeed":1,"_zoom":5.656},{"_mousePosition":[683,352.5],"_rootPartCFrame":[759.338,227.037,46.888,-0.014,0.002,1,-0.002,1,-0.002,-1,-0.002,-0.014],"_humanoidState":8,"_cameraCFrame":[763.54,232.504,45.587,0.11,-0.697,0.708,0,0.713,0.701,-0.994,-0.077,0.078],"_shiftlockState":true,"_pose":"Standing","_animationQueue":[],"_animationSpeed":1,"_zoom":5.656},{"_mousePosition":[683,352.5],"_rootPartCFrame":[759.45,227.047,46.88,0.08,0.001,0.997,0.002,1,-0.001,-0.997,0.002,0.08],"_humanoidState":8,"_cameraCFrame":[764.02,232.256,47.535,0.506,-0.566,0.651,0,0.755,0.656,-0.862,-0.332,0.382],"_shiftlockState":true,"_pose":"Standing","_animationQueue":[],"_animationSpeed":1,"_zoom":5.656},{"_mousePosition":[683,352.5],"_rootPartCFrame":[759.785,227.055,46.85,0.47,0.001,0.882,0.002,1,-0.002,-0.882,0.003,0.47],"_humanoidState":8,"_cameraCFrame":[762.918,232.233,50.278,0.938,-0.225,0.263,0,0.76,0.65,-0.347,-0.61,0.713],"_shiftlockState":true,"_pose":"Running","_animationQueue":[["walk",0.1]],"_animationSpeed":0.18,"_zoom":5.656},{"_mousePosition":[683,352.5],"_rootPartCFrame":[759.995,227.067,46.801,0.95,0.002,0.313,-0.002,1,-0.002,-0.313,0.001,0.95],"_humanoidState":8,"_cameraCFrame":[760.409,232.475,51.231,0.952,0.212,-0.222,0,0.723,0.691,0.307,-0.658,0.688],"_shiftlockState":true,"_pose":"Running","_animationQueue":[["walk",0.1]],"_animationSpeed":0.146,"_zoom":5.656},{"_mousePosition":[683,352.5],"_rootPartCFrame":[760.032,228.347,46.727,0.932,0.009,-0.363,-0.009,1,0.001,0.363,0.002,0.932],"_humanoidState":3,"_cameraCFrame":[760.354,234.26,50.666,0.928,0.29,-0.233,0,0.625,0.78,0.372,-0.724,0.581],"_shiftlockState":true,"_pose":"Jumping","_animationQueue":[["walk",0.1],["jump",0.1]],"_animationSpeed":1,"_zoom":5.656},{"_mousePosition":[683,352.5],"_rootPartCFrame":[760.05,229.095,46.667,0.925,0.006,-0.381,-0.006,1,0.001,0.381,0.002,0.925],"_humanoidState":5,"_cameraCFrame":[761.772,235.611,49.309,1,0.013,-0.007,0,0.462,0.887,0.015,-0.887,0.462],"_shiftlockState":true,"_pose":"FreeFall","_animationQueue":[["jump",0.1]],"_animationSpeed":1,"_zoom":5.656},{"_mousePosition":[683,352.5],"_rootPartCFrame":[760.076,230.046,46.556,0.999,0.002,-0.049,-0.002,1,0.001,0.049,-0.001,0.999],"_humanoidState":5,"_cameraCFrame":[762.465,236.726,48.142,0.947,-0.294,0.129,0,0.401,0.916,-0.321,-0.867,0.38],"_shiftlockState":true,"_pose":"FreeFall","_animationQueue":[],"_animationSpeed":1,"_zoom":5.656},{"_mousePosition":[683,352.5],"_rootPartCFrame":[760.119,231.157,46.365,0.964,0,0.267,0,1,0,-0.267,0,0.964],"_humanoidState":5,"_cameraCFrame":[762.936,237.728,47.547,0.845,-0.479,0.237,0,0.443,0.897,-0.534,-0.758,0.374],"_shiftlockState":true,"_pose":"FreeFall","_animationQueue":[],"_animationSpeed":1,"_zoom":5.656},{"_mousePosition":[683,352.5],"_rootPartCFrame":[760.13,231.784,46.228,0.86,0,0.511,0,1,0,-0.511,0,0.86],"_humanoidState":5,"_cameraCFrame":[763.439,238.162,46.776,0.654,-0.652,0.383,0,0.506,0.863,-0.756,-0.564,0.331],"_shiftlockState":true,"_pose":"FreeFall","_animationQueue":[],"_animationSpeed":1,"_zoom":5.656},{"_mousePosition":[683,352.5],"_rootPartCFrame":[760.113,232.571,46.03,0.682,0,0.731,0,1,0,-0.731,0,0.682],"_humanoidState":5,"_cameraCFrame":[763.732,238.75,45.781,0.421,-0.75,0.51,0,0.562,0.827,-0.907,-0.348,0.237],"_shiftlockState":true,"_pose":"FreeFall","_animationQueue":[],"_animationSpeed":1,"_zoom":5.656},{"_mousePosition":[683,352.5],"_rootPartCFrame":[760.058,233.304,45.831,0.455,0,0.891,0,1,0,-0.891,0,0.455],"_humanoidState":5,"_cameraCFrame":[763.886,239.214,44.855,0.208,-0.763,0.612,0,0.626,0.78,-0.978,-0.162,0.13],"_shiftlockState":true,"_pose":"FreeFall","_animationQueue":[],"_animationSpeed":1,"_zoom":5.656},{"_mousePosition":[683,352.5],"_rootPartCFrame":[759.966,233.982,45.645,0.239,0,0.971,0,1,0,-0.971,0,0.239],"_humanoidState":5,"_cameraCFrame":[763.978,239.612,44.266,0.094,-0.727,0.68,0,0.683,0.73,-0.996,-0.069,0.064],"_shiftlockState":true,"_pose":"FreeFall","_animationQueue":[],"_animationSpeed":1,"_zoom":5.656},{"_mousePosition":[683,352.5],"_rootPartCFrame":[759.839,234.606,45.484,0.114,0,0.993,0,1,0,-0.993,0,0.114],"_humanoidState":5,"_cameraCFrame":[763.999,240.011,43.902,0.041,-0.69,0.723,0,0.723,0.69,-0.999,-0.028,0.029],"_shiftlockState":true,"_pose":"FreeFall","_animationQueue":[],"_animationSpeed":1,"_zoom":5.656},{"_mousePosition":[683,352.5],"_rootPartCFrame":[759.725,235.038,45.382,0.049,0,0.999,0,1,0,-0.999,0,0.049],"_humanoidState":5,"_cameraCFrame":[763.938,240.339,43.693,0.015,-0.672,0.74,0,0.74,0.672,-1,-0.01,0.011],"_shiftlockState":true,"_pose":"FreeFall","_animationQueue":[],"_animationSpeed":1,"_zoom":5.656},{"_mousePosition":[683,352.5],"_rootPartCFrame":[759.499,235.69,45.251,0.021,0,1,0,1,0,-1,0,0.021],"_humanoidState":5,"_cameraCFrame":[763.712,240.988,43.553,0.012,-0.671,0.741,0,0.741,0.672,-1,-0.008,0.009],"_shiftlockState":true,"_pose":"FreeFall","_animationQueue":[],"_animationSpeed":1,"_zoom":5.656},{"_mousePosition":[683,352.5],"_rootPartCFrame":[759.477,236.108,45.179,0.012,-0.002,1,0,1,0.002,-1,0,0.012],"_humanoidState":5,"_cameraCFrame":[763.686,241.406,43.482,0.012,-0.671,0.741,0,0.741,0.672,-1,-0.008,0.009],"_shiftlockState":true,"_pose":"FreeFall","_animationQueue":[],"_animationSpeed":1,"_zoom":5.656},{"_mousePosition":[683,352.5],"_rootPartCFrame":[759.534,236.355,45.134,0.012,-0.002,1,0,1,0.002,-1,0,0.012],"_humanoidState":5,"_cameraCFrame":[763.726,241.627,43.338,-0.011,-0.667,0.745,0,0.745,0.667,-1,0.007,-0.008],"_shiftlockState":true,"_pose":"FreeFall","_animationQueue":[],"_animationSpeed":1,"_zoom":5.656},{"_mousePosition":[683,352.5],"_rootPartCFrame":[759.576,236.637,45.079,-0.009,-0.001,1,0,1,0.001,-1,0,-0.009],"_humanoidState":5,"_cameraCFrame":[763.761,241.896,43.235,-0.022,-0.664,0.747,0,0.747,0.665,-1,0.015,-0.017],"_shiftlockState":true,"_pose":"FreeFall","_animationQueue":[["fall",0.3]],"_animationSpeed":1,"_zoom":5.656},{"_mousePosition":[683,352.5],"_rootPartCFrame":[759.582,236.813,45.043,-0.021,0,1,0,1,0,-1,0,-0.021],"_humanoidState":5,"_cameraCFrame":[763.853,242.068,43.398,0.025,-0.664,0.748,0,0.748,0.664,-1,-0.016,0.018],"_shiftlockState":true,"_pose":"FreeFall","_animationQueue":[],"_animationSpeed":1,"_zoom":5.656},{"_mousePosition":[683,352.5],"_rootPartCFrame":[759.543,237.037,44.992,0.019,0,1,0,1,0,-1,0,0.019],"_humanoidState":5,"_cameraCFrame":[764.134,242.275,45.094,0.402,-0.605,0.687,0,0.75,0.661,-0.916,-0.265,0.301],"_shiftlockState":true,"_pose":"FreeFall","_animationQueue":[],"_animationSpeed":1,"_zoom":5.656},{"_mousePosition":[683,352.5],"_rootPartCFrame":[759.493,237.91,44.955,0.813,0,0.582,0,1,0,-0.582,0,0.813],"_humanoidState":3,"_cameraCFrame":[763.117,243.417,47.376,0.843,-0.381,0.38,0,0.706,0.708