[{"_mousePosition":[1087,371],"_rootPartCFrame":[776.034,222.959,47.142,-0.001,-0.006,1,0,1,0.006,-1,0,-0.001],"_humanoidState":8,"_cameraCFrame":[781.126,231.531,47.142,0,-0.811,0.585,0,0.585,0.811,-1,0,0],"_shiftlockState":false,"_pose":"Standing","_animationQueue":[],"_animationSpeed":1,"_zoom":8.72},{"_mousePosition":[1036,365],"_rootPartCFrame":[775.731,222.804,47.142,-0.001,0,1,0,1,0,-1,0,-0.001],"_humanoidState":8,"_cameraCFrame":[780.832,231.376,47.142,0,-0.811,0.585,0,0.585,0.811,-1,0,0],"_shiftlockState":false,"_pose":"Standing","_animationQueue":[],"_animationSpeed":1,"_zoom":8.72},{"_mousePosition":[974,357],"_rootPartCFrame":[775.598,222.723,47.142,-0.001,0,1,0,1,0,-1,0,-0.001],"_humanoidState":8,"_cameraCFrame":[780.7,231.295,47.142,0,-0.811,0.585,0,0.585,0.811,-1,0,0],"_shiftlockState":false,"_pose":"Running","_animationQueue":[["walk",0.1]],"_animationSpeed":1.091,"_zoom":8.72},{"_mousePosition":[926,350],"_rootPartCFrame":[775.331,222.612,47.142,-0.001,0,1,0,1,0,-1,0,-0.001],"_humanoidState":8,"_cameraCFrame":[780.433,231.184,47.142,0,-0.811,0.585,0,0.585,0.811,-1,0,0],"_shiftlockState":false,"_pose":"Running","_animationQueue":[],"_animationSpeed":1.091,"_zoom":8.72},{"_mousePosition":[879,345],"_rootPartCFrame":[774.931,222.651,47.142,-0.001,0,1,0,1,0,-1,0,-0.001],"_humanoidState":8,"_cameraCFrame":[780.032,231.223,47.142,0,-0.811,0.585,0,0.585,0.811,-1,0,0],"_shiftlockState":false,"_pose":"Running","_animationQueue":[["walk",0.1]],"_animationSpeed":1.091,"_zoom":8.72},{"_mousePosition":[836,341],"_rootPartCFrame":[774.798,222.663,47.142,0,0,1,0,1,0,-1,0,0],"_humanoidState":8,"_cameraCFrame":[779.899,231.235,47.142,0,-0.811,0.585,0,0.585,0.811,-1,0,0],"_shiftlockState":false,"_pose":"Running","_animationQueue":[],"_animationSpeed":1.091,"_zoom":8.72},{"_mousePosition":[796,335],"_rootPartCFrame":[774.531,222.68,47.142,0,0,1,0,1,0,-1,0,0],"_humanoidState":8,"_cameraCFrame":[779.632,231.252,47.142,0,-0.811,0.585,0,0.585,0.811,-1,0,0],"_shiftlockState":false,"_pose":"Running","_animationQueue":[],"_animationSpeed":1.091,"_zoom":8.72},{"_mousePosition":[764,332],"_rootPartCFrame":[774.131,222.692,47.142,0,0,1,0,1,0,-1,0,0],"_humanoidState":8,"_cameraCFrame":[779.232,231.264,47.142,0,-0.811,0.585,0,0.585,0.811,-1,0,0],"_shiftlockState":false,"_pose":"Running","_animationQueue":[],"_animationSpeed":1.091,"_zoom":8.72},{"_mousePosition":[734,331],"_rootPartCFrame":[773.998,222.694,47.142,0,0,1,0,1,0,-1,0,0],"_humanoidState":8,"_cameraCFrame":[779.099,231.266,47.142,0,-0.811,0.585,0,0.585,0.811,-1,0,0],"_shiftlockState":false,"_pose":"Running","_animationQueue":[],"_animationSpeed":1.091,"_zoom":8.72},{"_mousePosition":[713,335],"_rootPartCFrame":[773.598,222.697,47.142,0,0,1,0,1,0,-1,0,0],"_humanoidState":8,"_cameraCFrame":[778.699,231.27,47.142,0,-0.811,0.585,0,0.585,0.811,-1,0,0],"_shiftlockState":false,"_pose":"Running","_animationQueue":[],"_animationSpeed":1.091,"_zoom":8.72},{"_mousePosition":[695,344],"_rootPartCFrame":[773.464,222.698,47.142,0,0,1,0,1,0,-1,0,0],"_humanoidState":8,"_cameraCFrame":[778.565,231.27,47.142,0,-0.811,0.585,0,0.585,0.811,-1,0,0],"_shiftlockState":false,"_pose":"Running","_animationQueue":[],"_animationSpeed":1.091,"_zoom":8.72},{"_mousePosition":[684,353],"_rootPartCFrame":[773.064,222.699,47.142,0,0,1,0,1,0,-1,0,0],"_humanoidState":8,"_cameraCFrame":[778.165,231.271,47.142,0,-0.811,0.585,0,0.585,0.811,-1,0,0],"_shiftlockState":false,"_pose":"Running","_animationQueue":[["walk",0.1]],"_animationSpeed":1.091,"_zoom":8.72},{"_mousePosition":[675,364],"_rootPartCFrame":[772.931,222.699,47.142,0,0,1,0,1,0,-1,0,0],"_humanoidState":8,"_cameraCFrame":[778.032,231.271,47.142,0,-0.811,0.585,0,0.585,0.811,-1,0,0],"_shiftlockState":false,"_pose":"Running","_animationQueue":[],"_animationSpeed":1.091,"_zoom":8.72},{"_mousePosition":[675,364],"_rootPartCFrame":[772.664,222.699,47.142,0,0,1,0,1,0,-1,0,0],"_humanoidState":8,"_cameraCFrame":[777.633,231.365,47.1,-0.008,-0.822,0.57,0,0.57,0.822,-1,0.007,-0.005],"_shiftlockState":false,"_pose":"Running","_animationQueue":[],"_animationSpeed":1.091,"_zoom":8.72},{"_mousePosition":[675,364],"_rootPartCFrame":[772.397,222.7,47.142,0,0,1,0,1,0,-1,0,0],"_humanoidState":8,"_cameraCFrame":[777.227,231.46,47.081,-0.013,-0.833,0.554,0,0.554,0.833,-1,0.01,-0.007],"_shiftlockState":false,"_pose":"Running","_animationQueue":[],"_animationSpeed":1.091,"_zoom":8.72},{"_mousePosition":[675,364],"_rootPartCFrame":[772.131,222.7,47.144,-0.001,0,1,0,1,0,-1,0,-0.001],"_humanoidState":8,"_cameraCFrame":[776.813,231.556,47.085,-0.013,-0.844,0.537,0,0.537,0.844,-1,0.011,-0.007],"_shiftlockState":false,"_pose":"Running","_animationQueue":[],"_animationSpeed":1.091,"_zoom":8.72},{"_mousePosition":[675,364],"_rootPartCFrame":[771.864,222.7,47.147,-0.003,0,1,0,1,0,-1,0,-0.003],"_humanoidState":8,"_cameraCFrame":[776.421,231.634,47.09,-0.013,-0.853,0.523,0,0.523,0.853,-1,0.011,-0.007],"_shiftlockState":false,"_pose":"Running","_animationQueue":[],"_animationSpeed":1.091,"_zoom":8.72},{"_mousePosition":[675,364],"_rootPartCFrame":[771.597,222.7,47.151,-0.004,0,1,0,1,0,-1,0,-0.004],"_humanoidState":8,"_cameraCFrame":[775.997,231.728,47.1,-0.012,-0.863,0.505,0,0.505,0.863,-1,0.01,-0.006],"_shiftlockState":false,"_pose":"Running","_animationQueue":[],"_animationSpeed":1.091,"_zoom":8.72},{"_mousePosition":[675,364],"_rootPartCFrame":[771.331,222.7,47.154,-0.005,0,1,0,1,0,-1,0,-0.005],"_humanoidState":8,"_cameraCFrame":[775.566,231.822,47.114,-0.009,-0.874,0.486,0,0.486,0.874,-1,0.008,-0.005],"_shiftlockState":false,"_pose":"Running","_animationQueue":[["walk",0.1]],"_animationSpeed":1.091,"_zoom":8.72},{"_mousePosition":[675,364],"_rootPartCFrame":[771.064,222.7,47.157,-0.006,0,1,0,1,0,-1,0,-0.006],"_humanoidState":8,"_cameraCFrame":[775.102,231.929,47.132,-0.006,-0.886,0.463,0,0.463,0.886,-1,0.006,-0.003],"_shiftlockState":false,"_pose":"Running","_animationQueue":[],"_animationSpeed":1.091,"_zoom":8.72},{"_mousePosition":[675,364],"_rootPartCFrame":[770.798,222.7,47.16,-0.006,0,1,0,1,0,-1,0,-0.006],"_humanoidState":8,"_cameraCFrame":[774.628,232.033,47.152,-0.002,-0.898,0.439,0,0.439,0.898,-1,0.002,-0.001],"_shiftlockState":false,"_pose":"Running","_animationQueue":[],"_animationSpeed":1.091,"_zoom":8.72},{"_mousePosition":[675,364],"_rootPartCFrame":[770.531,222.7,47.161,-0.007,0,1,0,1,0,-1,0,-0.007],"_humanoidState":8,"_cameraCFrame":[774.126,232.144,47.173,0.003,-0.911,0.412,0,0.412,0.911,-1,-0.003,0.001],"_shiftlockState":false,"_pose":"Running","_animationQueue":[],"_animationSpeed":1.091,"_zoom":8.72},{"_mousePosition":[675,364],"_rootPartCFrame":[770.264,222.666,47.163,-0.006,0,1,0,1,0,-1,0,-0.006],"_humanoidState":8,"_cameraCFrame":[773.64,232.206,47.191,0.008,-0.922,0.387,0,0.387,0.922,-1,-0.008,0.003],"_shiftlockState":false,"_pose":"Running","_animationQueue":[],"_animationSpeed":1.091,"_zoom":8.72},{"_mousePosition":[675,364],"_rootPartCFrame":[769.998,222.577,47.165,-0.006,0,1,0,1,0,-1,0,-0.006],"_humanoidState":8,"_cameraCFrame":[773.158,232.204,47.228,0.02,-0.932,0.362,0,0.362,0.932,-1,-0.019,0.007],"_shiftlockState":false,"_pose":"Running","_animationQueue":[],"_animationSpeed":1.091,"_zoom":8.72},{"_mousePosition":[675,364],"_rootPartCFrame":[769.731,222.434,47.166,-0.006,0,1,0,1,0,-1,0,-0.006],"_humanoidState":8,"_cameraCFrame":[772.746,232.116,47.264,0.032,-0.938,0.346,0,0.346,0.938,-0.999,-0.03,0.011],"_shiftlockState":false,"_pose":"Running","_animationQueue":[["walk",0.1]],"_animationSpeed":1.091,"_zoom":8.72},{"_mousePosition":[675,364],"_rootPartCFrame":[769.465,223.307,47.168,-0.006,0,1,0,1,0,-1,0,-0.006],"_humanoidState":3,"_cameraCFrame":[772.379,233.025,47.278,0.038,-0.942,0.334,0,0.334,0.942,-0.999,-0.036,0.013],"_shiftlockState":false,"_pose":"Jumping","_animationQueue":[["walk",0.1],["jump",0.1]],"_animationSpeed":1,"_zoom":8.72},{"_mousePosition":[675,364],"_rootPartCFrame":[769.198,224.129,47.161,-0.003,0,1,0,1,0,-1,0,-0.003],"_humanoidState":5,"_cameraCFrame":[771.987,233.891,47.269,0.039,-0.947,0.32,0,0.32,0.947,-0.999,-0.037,0.012],"_shiftlockState":false,"_pose":"FreeFall","_animationQueue":[["jump",0.1]],"_animationSpeed":1,"_zoom":8.72},{"_mousePosition":[675,364],"_rootPartCFrame":[768.932,224.897,47.151,0.002,0,1,0,1,0,-1,0,0.002],"_humanoidState":5,"_cameraCFrame":[771.58,234.704,47.251,0.038,-0.952,0.304,0,0.304,0.953,-0.999,-0.036,0.011],"_shiftlockState":false,"_pose":"FreeFall","_animationQueue":[],"_animationSpeed":1,"_zoom":8.72},{"_mousePosition":[675,364],"_rootPartCFrame":[768.732,225.437,47.143,0.006,0,1,0,1,0,-1,0,0.006],"_humanoidState":5,"_cameraCFrame":[771.226,235.292,47.232,0.036,-0.958,0.286,0,0.286,0.958,-0.999,-0.034,0.01],"_shiftlockState":false,"_pose":"FreeFall","_animationQueue":[],"_animationSpeed":1,"_zoom":8.72},{"_mousePosition":[675,364],"_rootPartCFrame":[768.465,226.109,47.133,0.011,0,1,0,1,0,-1,0,0.011],"_humanoidState":5,"_cameraCFrame":[770.784,236.014,47.211,0.034,-0.963,0.266,0,0.266,0.964,-0.999,-0.032,0.009],"_shiftlockState":false,"_pose":"FreeFall","_animationQueue":[],"_animationSpeed":1,"_zoom":8.72},{"_mousePosition":[675,364],"_rootPartCFrame":[768.132,226.872,47.121,0.015,0,1,0,1,0,-1,0,0.015],"_humanoidState":5,"_cameraCFrame":[770.308,236.816,47.192,0.032,-0.968,0.25,0,0.25,0.968,-0.999,-0.031,0.008],"_shiftlockState":false,"_pose":"FreeFall","_animationQueue":[],"_animationSpeed":1,"_zoom":8.72},{"_mousePosition":[675,364],"_rootPartCFrame":[767.866,227.422,47.112,0.018,0,1,0,1,0,-1,0,0.018],"_humanoidState":5,"_cameraCFrame":[769.946,237.39,47.18,0.032,-0.971,0.239,0,0.239,0.971,-0.999,-0.032,0.008],"_shiftlockState":false,"_pose":"FreeFall","_animationQueue":[],"_animationSpeed":1,"_zoom":8.72},{"_mousePosition":[675,364],"_rootPartCFrame":[767.666,227.798,47.106,0.019,0,1,0,1,0,-1,0,0.019],"_humanoidState":5,"_cameraCFrame":[769.671,237.784,47.165,0.029,-0.973,0.23,0,0.23,0.973,-1,-0.029,0.007],"_shiftlockState":false,"_pose":"FreeFall","_animationQueue":[],"_animationSpeed":1,"_zoom":8.72},{"_mousePosition":[675,364],"_rootPartCFrame":[767.332,228.357,47.095,0.022,0,1,0,1,0,-1,0,0.022],"_humanoidState":5,"_cameraCFrame":[769.29,238.354,47.146,0.026,-0.974,0.225,0,0.225,0.974,-1,-0.026,0.006],"_shiftlockState":false,"_pose":"FreeFall","_animationQueue":[],"_animationSpeed":1,"_zoom":8.72},{"_mousePosition":[675,364],"_rootPartCFrame":[767.132,228.652,47.089,0.023,0,1,0,1,0,-1,0,0.023],"_humanoidState":5,"_cameraCFrame":[769.05,238.658,47.133,0.023,-0.975,0.22,0,0.22,0.976,-1,-0.022,0.005],"_shiftlockState":false,"_pose":"FreeFall","_animationQueue":[],"_animationSpeed":1,"_zoom":8.72},{"_mousePosition":[675,364],"_rootPartCFrame":[766.799,229.075,47.08,0.023,0,1,0,1,0,-1,0,0.023],"_humanoidState":5,"_cameraCFrame":[768.675,239.09,47.112,0.017,-0.976,0.215,0,0.215,0.977,-1,-0.016,0.004],"_shiftlockState":false,"_pose":"FreeFall","_animationQueue":[],"_animationSpeed":1,"_zoom":8.72},{"_mousePosition":[675,364],"_rootPartCFrame":[766.533,229.352,47.074,0.024,0,1,0,1,0,-1,0,0.024],"_humanoidState":5,"_cameraCFrame":[768.368,239.376,47.089,0.008,-0.978,0.21,0,0.21,0.978,-1,-0.008,0.002],"_shiftlockState":false,"_pose":"FreeFall","_animationQueue":[],"_animationSpeed":1,"_zoom":8.72},{"_mousePosition":[675,364],"_rootPartCFrame":[766.266,229.574,47.069,0.023,0,1,0,1,0,-1,0,0.023],"_humanoidState":5,"_cameraCFrame":[768.067,239.606,47.064,-0.003,-0.978,0.207,0,0.207,0.978,-1,0.003,-0.001],"_shiftlockState":false,"_pose":"FreeFall","_animationQueue":[],"_animationSpeed":1,"_zoom":8.72},{"_mousePosition":[675,364],"_rootPartCFrame":[765.999,229.742,47.067,0.021,0,1,0,1,0,-1,0,0.021],"_humanoidState":5,"_cameraCFrame":[767.779,239.779,47.042,-0.014,-0.979,0.204,0,0.204,0.979,-1,0.013,-0.003],"_shiftlockState":false,"_pose":"FreeFall","_animationQueue":[],"_animationSpeed":1,"_zoom":8.72},{"_mousePosition":[675,364],"_rootPartCFrame":[765.733,229.856,47.067,0.019,0,1,0,1,0,-1,0,0.019],"_humanoidState":5,"_cameraCFrame":[767.499,239.895,47.028,-0.022,-0.979,0.203,0,0.203,0.979,-1,0.022,-0.004],"_shiftlockState":false,"_pose":"FreeFall","_animationQueue":[],"_animationSpeed":1,"_zoom":8.72},{"_mousePosition":[675,364],"_rootPartCFrame":[765.466,229.915,47.07,0.015,0,1,0,1,0,-1,0,0.015],"_humanoidState":5,"_cameraCFrame":[767.232,239.954,47.028,-0.024,-0.979,0.203,0,0.203,0.979,-1,0.024,-0.005],"_shiftlockState":false,"_pose":"FreeFall","_animationQueue":[],"_animationSpeed":1,"_zoom":8.72},{"_mousePosition":[675,364],"_rootPartCFrame":[765.2,229.919,47.076,0.01,0,1,0,1,0,-1,0,0.01],"_humanoidState":5,"_cameraCFrame":[766.966,239.959,47.035,-0.023,-0.979,0.203,0,0.203,0.979,-1,0.023,-0.005],"_shiftlockState":false,"_pose":"FreeFall","_animationQueue":[],"_animationSpeed":1,"_zoom":8.72},{"_mousePosition":[675,364],"_rootPartCFrame":[765,229.887,47.081,0.007,0,1,0,1,0,-1,0,0.007],"_humanoidState":5,"_cameraCFrame":[766.834,239.912,47.127,0.025,-0.977,0.21,0,0.21,0.978,-1,-0.025,0.005],"_shiftlockState":false,"_pose":"FreeFall","_animationQueue":[],"_animationSpeed":1,"_zoom":8.72},{"_mousePosition":[675,364],"_rootPartCFrame":[764.666,229.765,47.088,0.001,0,1,0,1,0,-1,0,0.001],"_humanoidState":5,"_cameraCFrame":[766.501,239.781,47.48,0.209,-0.955,0.21,0,0.215,0.977,-0.978,-0.204,0.045],"_shiftlockState":false,"_pose":"FreeFall","_animationQueue":[["fall",0.3]],"_animationSpeed":1,"_zoom":8.72},{"_mousePosition":[675,364],"_rootPartCFrame":[764.515,229.627,47.083,-0.003,0.034,0.999,0,0.999,-0.034,-1,0,-0.003],"_humanoidState":5,"_cameraCFrame":[766.941,239.683,46.6,0.57,-0.806,0.158,0,0.192,0.981,-0.822,-0.559,0.11],"_shiftlockState":true,"_pose":"FreeFall","_animationQueue":[],"_animationSpeed":1,"_zoom":8.72},{"_mousePosition":[683,352.5],"_rootPartCFrame":[764.76,229.621,47.173,0.54,0.036,0.841,-0.027,0.999,-0.025,-0.841,-0.01,0.541],"_humanoidState":7,"_cameraCFrame":[767.189,239.677,46.676,0.57,-0.806,0.158,0,0.192,0.981,-0.822,-0.559,0.11],"_shiftlockState":true,"_pose":"FreeFall","_animationQueue":[["walk",0.1],["fall",0.3],["fall",0.3]],"_animationSpeed":1,"_zoom":8.72},{"_mousePosition":[683,352.5],"_rootPartCFrame":[764.801,229.61,47.138,0.546,0.017,0.838,-0.003,1,-0.018,-0.838,0.008,0.546],"_humanoidState":7,"_cameraCFrame":[767.135,239.697,47.3,0.797,-0.595,0.105,0,0.174,0.985,-0.604,-0.785,0.138],"_shiftlockState":true,"_pose":"FreeFall","_animationQueue":[],"_animationSpeed":1,"_zoom":8.72},{"_mousePosition":[683,352.5],"_rootPartCFrame":[765.202,229.648,46.929,0.808,-0.001,0.59,0.002,1,-0.002,-0.59,0.003,0.808],"_humanoidState":8,"_cameraCFrame":[767.495,239.736,47.233,0.835,-0.542,0.096,0,0.174,0.985,-0.551,-0.822,0.145],"_shiftlockState":true,"_pose":"Running","_animationQueue":[["walk",0.1],["fall",0.3],["walk",0.1]],"_animationSpeed":0.216,"_zoom":8.72},{"_mousePosition":[683,352.5],"_rootPartCFrame":[765.316,230.311,46.766,0.844,-0.003,0.537,0,1,0.005,-0.537,-0.004,0.844],"_humanoidState":3,"_cameraCFrame":[767.624,240.398,46.843,0.779,-0.617,0.109,0,0.174,0.985,-0.627,-0.767,0.135],"_shiftlockState":true,"_pose":"Jumping","_animationQueue":[["walk",0.1],["jump",0.1]],"_animationSpeed":1,"_zoom":8.72},{"_mousePosition":[683,352.5],"_rootPartCFrame":[765.487,231.16,46.569,0.837,-0.002,0.547,0,1,0.005,-0.547,-0.004,0.837],"_humanoidState":5,"_cameraCFrame":[767.794,241.235,46.083,0.589,-0.794,0.147,0,0.182,0.983,-0.808,-0.58,0.107],"_shiftlockState":true,"_pose":"FreeFall","_animationQueue":[["jump",0.1]],"_animationSpeed":1,"_zoom":8.72},{"_mousePosition":[683,352.5],"_rootPartCFrame":[765.646,231.955,46.372,0.689,-0.001,0.725,0,1,0.002,-0.725,-0.001,0.689],"_humanoidState":5,"_cameraCFrame":[767.845,242.003,45.284,0.329,-0.926,0.186,0,0.197,0.98,-0.944,-0.322,0.065],"_shiftlockState":true,"_pose":"FreeFall","_animationQueue":[],"_animationSpeed":1,"_zoom":8.72},{"_mousePosition":[683,352.5],"_rootPartCFrame":[765.769,232.695,46.16,0.451,0,0.893,0,1,0,-0.893,0,0.451],"_humanoidState":5,"_cameraCFrame":[767.727,242.693,44.415,0.002,-0.975,0.224,0,0.224,0.975,-1,-0.002,0],"_shiftlockState":true,"_pose":"FreeFall","_animationQueue":[],"_animationSpeed":1,"_zoom":8.72},{"_mousePosition":[683,352.5],"_rootPartCFrame":[765.853,233.381,45.952,0.074,0,0.997,0,1,0,-0.997,0,0.074],"_humanoidState":5,"_cameraCFrame":[767.469,243.308,43.612,-0.299,-0.922,0.245,0,0.257,0.966,-0.954,0.289,-0.077],"_shiftlockState":true,"_pose":"FreeFall","_animationQueue":[],"_animationSpeed":1,"_zoom":8.72},{"_mousePosition":[683,352.5],"_rootPartCFrame":[765.902,234.012,45.761,-0.256,0,0.967,0,1,0,-0.967,0,-0.256],"_humanoidState":5,"_cameraCFrame":[767.248,243.902,43.134,-0.447,-0.861,0.244,0,0.273,0.962,-0.895,0.43,-0.122],"_shiftlockState":true,"_pose":"FreeFall","_animationQueue":[],"_animationSpeed":1,"_zoom":8.72},{"_mousePosition":[683,352.5],"_rootPartCFrame":[765.919,234.45,45.634,-0.427,0,0.904,0,1,0,-0.904,0,-0.427],"_humanoidState":5,"_cameraCFrame":[767.033,244.312,42.818,-0.546,-0.803,0.237,0,0.283,0.959,-0.838,0.524,-0.155],"_shiftlockState":true,"_pose":"FreeFall","_animationQueue":[],"_animationSpeed":1,"_zoom":8.72},{"_mousePosition":[683,352.5],"_rootPartCFrame":[765.912,235.111,45.458,-0.527,0,0.85,0,1,0,-0.85,0,-0.527],"_humanoidState":5,"_cameraCFrame":[766.934,244.962,42.572,-0.583,-0.778,0.234,0,0.288,0.958,-0.813,0.558,-0.168],"_shiftlockState":true,"_pose":"FreeFall","_animationQueue":[],"_animationSpeed":1,"_zoom":8.72},{"_mousePosition":[683,352.5],"_rootPartCFrame":[765.878,235.579,45.352,-0.575,0,0.818,0,1,0,-0.818,0,-0.575],"_humanoidState":5,"_cameraCFrame":[766.865,245.423,42.436,-0.597,-0.768,0.233,0,0.29,0.957,-0.802,0.571,-0.173],"_shiftlockState":true,"_pose":"FreeFall","_animationQueue":[],"_animationSpeed":1,"_zoom":8.72},{"_mousePosition":[683,352.5],"_rootPartCFrame":[765.821,235.992,45.279,-0.594,0,0.804,0,1,0,-0.804,0,-0.594],"_humanoidState":5,"_cameraCFrame":[766.783,245.835,42.348,-0.605,-0.761,0.232,0,0.291,0.957,-0.796,0.579,-0.176],"_shiftlockState":true,"_pose":"FreeFall","_animationQueue":[],"_animationSpeed":1,"_zoom":8.72},{"_mousePosition":[683,352.5],"_rootPartCFrame":[765.764,236.267,45.245,-0.604,0,0.797,0,1,0,-0.797,0,-0.604],"_humanoidState":5,"_cameraCFrame":[766.699,246.105,42.294,-0.615,-0.754,0.231,0,0.293,0.956,-0.788,0.588,-0.18],"_shiftlockState":true,"_pose":"FreeFall","_animationQueue":[],"_animationSpeed":1,"_zoom":8.72},{"_mousePosition":[683,352.5],"_rootPartCFrame":[765.641,236.655,45.23,-0.614,0,0.79,0,1,0,-0.79,0,-0.614],"_humanoidState":5,"_cameraCFrame":[766.561,246.487,42.257,-0.624,-0.747,0.231,0,0.295,0.955,-0.782,0.596,-0.184],"_shiftlockState":true,"_pose":"FreeFall","_animationQueue":[],"_animationSpeed":1,"_zoom":8.72},{"_mousePosition":[683,352.5],"_rootPartCFrame":[765.518,236.905,45.255,-0.622,0,0.783,0,1,0,-0.783,0,-0.622],"_humanoidState":5,"_cameraCFrame":[766.411,246.733,42.263,-0.633,-0.739,0.23,0,0.297,0.955,-0.774,0.605,-0.188],"_shiftlockState":true,"_pose":"FreeFall","_animationQueue":[],"_animationSpeed":1,"_zoom":8.72},{"_mousePosition":[683,352.5],"_rootPartCFrame":[765.375,237.101,45.315,-0.632,0,0.775,0,1,0,-0.775,0,-0.632],"_humanoidState":5,"_cameraCFrame":[766.25,246.924,42.306,-0.641,-0.733,0.229,0,0.298,0.955,-0.768,0.612,-0.191],"_shiftlockState":true,"_pose":"FreeFall","_animationQueue":[],"_animationSpeed":1,"_zoom":8.72},{"_mousePosition":[683,352.5],"_rootPartCFrame":[765.211,237.241,45.409,-0.64,0,0.769,0,1,0,-0.769,0,-0.64],"_humanoidState":5,"_cameraCFrame":[766.071,247.065,42.395,-0.645,-0.73,0.228,0,0.298,0.955,-0.764,0.615,-0.192],"_shiftlockState":true,"_pose":"FreeFall","_animationQueue":[],"_animationSpeed":1,"_zoom":8.72},{"_mousePosition":[683,352.5],"_rootPartCFrame":[765.029,237.328,45.537,-0.644,0,0.765,0,1,0,-0.765,0,-0.644],"_humanoidState":5,"_cameraCFrame":[765.894,247.151,42.525,-0.643,-0.731,0.228,0,0.298,0.955,-0.766,0.614,-0.192],"_shiftlockState":true,"_pose":"FreeFall","_animationQueue":[],"_animationSpeed":1,"_zoom":8.72},{"_mousePosition":[683,352.5],"_rootPartCFrame":[764.83,237.359,45.699,-0.643,0,0.766,0,1,0,-0.766,0,-0.643],"_humanoidState":5,"_cameraCFrame":[765.767,247.201,42.761,-0.612,-0.757,0.23,0,0.291,0.957,-0.791,0.586,-0.178],"_shiftlockState":true,"_pose":"FreeFall","_animationQueue":[],"_animationSpeed":1,"_zoom":8.72},{"_mousePosition":[683,352.5],"_rootPartCFrame":[764.626,237.337,45.87,-0.615,0,0.789,0,1,0,-0.789,0,-0.615],"_humanoidState":5,"_cameraCFrame":[765.79,247.205,43.092,-0.526,-0.816,0.239,0,0.281,0.96,-0.85,0.505,-0.148],"_shiftlockState":true,"_pose":"FreeFall","_animationQueue":[],"_animationSpeed":1,"_zoom":8.72},{"_mousePosition":[683,352.5],"_rootPartCFrame":[764.416,237.259,46.035,-0.535,0,0.845,0,1,0,-0.845,0,-0.535],"_humanoidState":5,"_cameraCFrame":[765.976,247.151,43.535,-0.368,-0.895,0.253,0,0.272,0.962,-0.93,0.354,-0.1],"_shiftlockState":true,"_pose":"FreeFall","_animationQueue":[],"_animationSpeed":1,"_zoom":8.72},{"_mousePosition":[683,352.5],"_rootPartCFrame":[764.191,237.124,46.179,-0.364,0,0.931,0,1,0,-0.931,0,-0.364],"_humanoidState":7,"_cameraCFrame":[766.103,247.038,44.023,-0.191,-0.947,0.258,0,0.263,0.965,-0.981,0.185,-0.05],"_shiftlockState":true,"_pose":"FreeFall","_animationQueue":[["walk",0.1]],"_animationSpeed":1.103,"_zoom":8.72},{"_mousePosition":[683,352.5],"_rootPartCFrame":[763.947,237.003,46.283,-0.18,0,0.984,0,1,0,-0.984,0,-0.18],"_humanoidState":7,"_cameraCFrame":[766.125,246.927,44.438,-0.043,-0.965,0.258,0,0.259,0.966,-0.999,0.041,-0.011],"_shiftlockState":true,"_pose":"FreeFall","_animationQueue":[],"_animationSpeed":1.103,"_zoom":8.72},{"_mousePosition":[683,352.5],"_rootPartCFrame":[763.687,237.031,46.341,-0.033,0,0.999,0,1,0,-0.999,0,-0.033],"_humanoidState":8,"_cameraCFrame":[766.019,246.958,44.713,0.053,-0.965,0.257,0,0.257,0.966,-0.999,-0.052,0.014],"_shiftlockState":true,"_pose":"Running","_animationQueue":[["fall",0.3],["walk",0.1],["fall",0.3],["walk",0.1]],"_animationSpeed":1.103,"_zoom":8.72},{"_mousePosition":[683,352.5],"_rootPartCFrame":[763.421,237.053,46.355,0.054,0,0.999,0,1,0,-0.999,0,0.054],"_humanoidState":8,"_cameraCFrame":[765.854,246.984,44.904,0.127,-0.959,0.253,0,0.256,0.967,-0.992,-0.123,0.033],"_shiftlockState":true,"_pose":"Running","_animationQueue":[],"_animationSpeed":1.103,"_zoom":8.72},{"_mousePosition":[683,352.5],"_rootPartCFrame":[763.154,237.071,46.345,0.127,0,0.992,0,1,0,-0.992,0,0.127],"_humanoidState":8,"_cameraCFrame":[765.653,247.002,45.009,0.174,-0.952,0.252,0,0.256,0.967,-0.985,-0.168,0.044],"_shiftlockState":true,"_pose":"Running","_animationQueue":[],"_animationSpeed":1.103,"_zoom":8.72},{"_mousePosition":[683,352.5],"_rootPartCFrame":[762.824,237.086,46.306,0.174,0,0.985,0,1,0,-0.985,0,0.174],"_humanoidState":8,"_cameraCFrame":[765.36,247.018,45.056,0.208,-0.946,0.249,0,0.255,0.967,-0.978,-0.201,0.053],"_shiftlockState":true,"_pose":"Running","_animationQueue":[],"_animationSpeed":1.103,"_zoom":8.72},{"_mousePosition":[683,352.5],"_rootPartCFrame":[762.561,237.092,46.261,0.208,0,0.978,0,1,0,-0.978,0,0.208],"_humanoidState":8,"_cameraCFrame":[765.12,247.024,45.059,0.226,-0.942,0.248,0,0.255,0.967,-0.974,-0.219,0.058],"_shiftlockState":true,"_pose":"Running","_animationQueue":[],"_animationSpeed":1.103,"_zoom":8.72},{"_mousePosition":[683,352.5],"_rootPartCFrame":[762.299,237.107,46.207,0.226,0,0.974,0,1,0,-0.974,0,0.226],"_humanoidState":8,"_cameraCFrame":[764.867,247.039,45.021,0.232,-0.941,0.248,0,0.255,0.967,-0.973,-0.225,0.059],"_shiftlockState":true,"_pose":"Running","_animationQueue":[],"_animationSpeed":1.103,"_zoom":8.72},{"_mousePosition":[683,352.5],"_rootPartCFrame":[762.04,237.114,46.147,0.232,0,0.973,0,1,0,-0.973,0,0.232],"_humanoidState":8,"_cameraCFrame":[764.609,247.046,44.967,0.234,-0.94,0.248,0,0.255,0.967,-0.972,-0.227,0.06],"_shiftlockState":true,"_pose":"Running","_animationQueue":[],"_animationSpeed":1.103,"_zoom":8.72},{"_mousePosition":[683,352.5],"_rootPartCFrame":[761.845,237.092,46.101,0.234,0,0.972,0,1,0,-0.972,0,0.234],"_humanoidState":8,"_cameraCFrame":[764.417,247.024,44.926,0.236,-0.94,0.248,0,0.255,0.967,-0.972,-0.229,0.06],"_shiftlockState":true,"_pose":"Running","_animationQueue":[["walk",0.1]],"_animationSpeed":1.103,"_zoom":8.72},{"_mousePosition":[683,352.5],"_rootPartCFrame":[761.586,237.049,46.039,0.236,0,0.972,0,1,0,-0.972,0,0.236],"_humanoidState":8,"_cameraCFrame":[764.159,246.983,44.878,0.243,-0.938,0.246,0,0.254,0.967,-0.97,-0.235,0.062],"_shiftlockState":true,"_pose":"Running","_animationQueue":[],"_animationSpeed":1.103,"_zoom":8.72},{"_mousePosition":[683,352.5],"_rootPartCFrame":[761.327,237,45.976,0.243,0,0.97,0,1,0,-0.97,0,0.243],"_humanoidState":8,"_cameraCFrame":[763.888,246.943,44.855,0.261,-0.935,0.241,0,0.25,0.968,-0.965,-0.253,0.065],"_shiftlockState":true,"_pose":"Running","_animationQueue":[],"_animationSpeed":1.103,"_zoom":8.72},{"_mousePosition":[683,352.5],"_rootPartCFrame":[761.003,236.862,45.897,0.261,0,0.965,0,1,0,-0.965,0,0.261],"_humanoidState":8,"_cameraCFrame":[763.555,246.814,44.821,0.281,-0.93,0.236,0,0.246,0.969,-0.96,-0.272,0.069],"_shiftlockState":true,"_pose":"Running","_animationQueue":[],"_animationSpeed":1.103,"_zoom":8.72},{"_mousePosition":[683,352.5],"_rootPartCFrame":[760.809,236.739,45.85,0.281,0,0.96,0,1,0,-0.96,0,0.281],"_humanoidState":8,"_cameraCFrame":[763.352,246.698,44.808,0.297,-0.926,0.232,0,0.243,0.97,-0.955,-0.288,0.072],"_shiftlockState":true,"_pose":"Running","_animationQueue":[],"_animationSpeed":1.103,"_zoom":8.72},{"_mousePosition":[683,352.5],"_rootPartCFrame":[760.485,236.465,45.771,0.297,0,0.955,0,1,0,-0.955,0,0.297],"_humanoidState":8,"_cameraCFrame":[763.022,246.427,44.741,0.303,-0.925,0.23,0,0.241,0.97,-0.953,-0.294,0.073],"_shiftlockState":true,"_pose":"Running","_animationQueue":[],"_animationSpeed":1.103,"_zoom":8.72},{"_mousePosition":[683,352.5],"_rootPartCFrame":[760.226,237.328,45.708,0.303,0,0.953,0,1,0,-0.953,0,0.303],"_humanoidState":3,"_cameraCFrame":[762.764,247.29,44.681,0.304,-0.924,0.23,0,0.241,0.97,-0.953,-0.295,0.073],"_shiftlockState":true,"_pose":"Jumping","_animationQueue":[["walk",0.1],["walk",0.1],["jump",0.1]],"_animationSpeed":1,"_zoom":8.72},{"_mousePosition":[683,352.5],"_rootPartCFrame":[760.034,237.94,45.65,0.304,0,0.953,0,1,0,-0.953,0,0.304],"_humanoidState":5,"_cameraCFrame":[762.555,247.907,44.622,0.306,-0.924,0.228,0,0.239,0.971,-0.952,-0.297,0.073],"_shiftlockState":true,"_pose":"FreeFall","_animationQueue":[["jump",0.1]],"_animationSpeed":1,"_zoom":8.72},{"_mousePosition":[683,352.5],"_rootPartCFrame":[759.717,238.89,45.549,0.306,0,0.952,0,1,0,-0.952,0,0.306],"_humanoidState":5,"_cameraCFrame":[762.185,248.872,44.518,0.312,-0.924,0.22,0,0.232,0.973,-0.95,-0.303,0.072],"_shiftlockState":true,"_pose":"FreeFall","_animationQueue":[],"_animationSpeed":1,"_zoom":8.72},{"_mousePosition":[686,350],"_rootPartCFrame":[759.463,239.59,45.468,0.311,0,0.95,0,1,0,-0.95,0,0.311],"_humanoidState":5,"_cameraCFrame":[761.329,249.585,46.096,0.319,-0.923,0.214,0,0.226,0.974,-0.948,-0.311,0.072],"_shiftlockState":false,"_pose":"FreeFall","_animationQueue":[],"_animationSpeed":1,"_zoom":8.72},{"_mousePosition":[686,350],"_rootPartCFrame":[759.147,240.388,45.362,0.312,0,0.95,0,1,0,-0.95,0,0.312],"_humanoidState":5,"_cameraCFrame":[761.013,250.382,45.99,0.319,-0.923,0.214,0,0.226,0.974,-0.948,-0.311,0.072],"_shiftlockState":false,"_pose":"FreeFall","_animationQueue":[["fall",0.3]],"_animationSpeed":1,"_zoom":8.72},{"_mousePosition":[686,350],"_rootPartCFrame":[758.894,240.964,45.277,0.313,0,0.95,0,1,0,-0.95,0,0.313],"_humanoidState":5,"_cameraCFrame":[760.76,250.959,45.907,0.32,-0.923,0.214,0,0.226,0.974,-0.947,-0.312,0.072],"_shiftlockState":false,"_pose":"FreeFall","_animationQueue":[],"_animationSpeed":1,"_zoom":8.72},{"_mousePosition":[686,350],"_rootPartCFrame":[758.642,241.487,45.192,0.314,0,0.95,0,1,0,-0.95,0,0.314],"_humanoidState":5,"_cameraCFrame":[760.488,251.485,45.835,0.329,-0.92,0.212,0,0.224,0.975,-0.944,-0.32,0.074],"_shiftlockState":false,"_pose":"FreeFall","_animationQueue":[],"_animationSpeed":1,"_zoom":8.72},{"_mousePosition":[686,350],"_rootPartCFrame":[758.389,241.954,45.107,0.314,0,0.949,0,1,0,-0.949,0,0.314],"_humanoidState":5,"_cameraCFrame":[760.189,251.96,45.778,0.349,-0.914,0.206,0,0.22,0.975,-0.937,-0.341,0.077],"_shiftlockState":false,"_pose":"FreeFall","_animationQueue":[],"_animationSpeed":1,"_zoom":8.72},{"_mousePosition":[686,350],"_rootPartCFrame":[758.137,242.368,45.02,0.316,0,0.949,0,1,0,-0.949,0,0.316],"_humanoidState":5,"_cameraCFrame":[759.867,252.384,45.738,0.384,-0.902,0.198,0,0.215,0.977,-0.924,-0.375,0.082],"_shiftlockState":false,"_pose":"FreeFall","_animationQueue":[],"_animationSpeed":1,"_zoom":8.72},{"_mousePosition":[686,350],"_rootPartCFrame":[757.887,242.726,44.927,0.32,0,0.948,0,1,0,-0.948,0,0.32],"_humanoidState":5,"_cameraCFrame":[759.554,252.752,45.686,0.414,-0.89,0.191,0,0.21,0.978,-0.91,-0.405,0.087],"_shiftlockState":false,"_pose":"FreeFall","_animationQueue":[],"_animationSpeed":1,"_zoom":8.72},{"_mousePosition":[686,350],"_rootPartCFrame":[757.64,243.031,44.826,0.327,0,0.945,0,1,0,-0.945,0,0.327],"_humanoidState":5,"_cameraCFrame":[759.254,253.062,45.634,0.447,-0.875,0.185,0,0.207,0.978,-0.894,-0.438,0.093],"_shiftlockState":false,"_pose":"FreeFall","_animationQueue":[],"_animationSpeed":1,"_zoom":8.72},{"_mousePosition":[686,350],"_rootPartCFrame":[757.397,243.28,44.717,0.338,0,0.941,0,1,0,-0.941,0,0.338],"_humanoidState":5,"_cameraCFrame":[758.971,253.316,45.555,0.47,-0.864,0.181,0,0.205,0.979,-0.883,-0.46,0.096],"_shiftlockState":false,"_pose":"FreeFall","_animationQueue":[["fall",0.3]],"_animationSpeed":1,"_zoom":8.72},{"_mousePosition":[686,350],"_rootPartCFrame":[757.158,243.476,44.599,0.351,0,0.936,0,1,0,-0.936,0,0.351],"_humanoidState":5,"_cameraCFrame":[758.683,253.517,45.469,0.495,-0.851,0.175,0,0.201,0.98,-0.869,-0.485,0.1],"_shiftlockState":false,"_pose":"FreeFall","_animationQueue":[],"_animationSpeed":1,"_zoom":8.72},{"_mousePosition":[686,350],"_rootPartCFrame":[756.922,243.616,44.475,0.367,0,0.93,0,1,0,-0.93,0,0.367],"_humanoidState":5,"_cameraCFrame":[758.404,253.663,45.364,0.514,-0.841,0.17,0,0.198,0.98,-0.858,-0.504,0.102],"_shiftlockState":false,"_pose":"FreeFall","_animationQueue":[],"_animationSpeed":1,"_zoom":8.72},{"_mousePosition":[686,350],"_rootPartCFrame":[756.689,243.703,44.344,0.384,0,0.923,0,1,0,-0.923,0,0.384],"_humanoidState":5,"_cameraCFrame":[758.147,253.752,45.247,0.527,-0.833,0.167,0,0.197,0.98,-0.85,-0.517,0.104],"_shiftlockState":false,"_pose":"FreeFall","_animationQueue":[],"_animationSpeed":1,"_zoom":8.72},{"_mousePosition":[686,350],"_rootPartCFrame":[756.518,243.732,44.241,0.397,0,0.918,0,1,0,-0.918,0,0.397],"_humanoidState":5,"_cameraCFrame":[757.949,253.784,45.16,0.54,-0.825,0.164,0,0.195,0.981,-0.842,-0.53,0.105],"_shiftlockState":false,"_pose":"FreeFall","_animationQueue":[],"_animationSpeed":1,"_zoom":8.72},{"_mousePosition":[686,350],"_rootPartCFrame":[756.291,243.723,44.101,0.415,0,0.91,0,1,0,-0.91,0,0.415],"_humanoidState":5,"_cameraCFrame":[757.678,253.78,45.038,0.559,-0.813,0.159,0,0.192,0.981,-0.829,-0.549,0.107],"_shiftlockState":false,"_pose":"FreeFall","_animationQueue":[],"_animationSpeed":1,"_zoom":8.72},{"_mousePosition":[686,350],"_rootPartCFrame":[756.01,243.635,43.922,0.437,0,0.9,0,1,0,-0.9,0,0.437],"_humanoidState":5,"_cameraCFrame":[757.354,253.698,44.871,0.577,-0.802,0.154,0,0.189,0.982,-0.817,-0.566,0.109],"_shiftlockState":false,"_pose":"FreeFall","_animationQueue":[],"_animationSpeed":1,"_zoom":8.72},{"_mousePosition":[686,350],"_rootPartCFrame":[755.843,243.541,43.811,0.449,0,0.893,0,1,0,-0.893,0,0.449],"_humanoidState":5,"_cameraCFrame":[757.156,253.608,44.769,0.589,-0.794,0.151,0,0.186,0.982,-0.808,-0.579,0.11],"_shiftlockState":false,"_pose":"FreeFall","_animationQueue":[["fall",0.3]],"_animationSpeed":1,"_zoom":8.72},{"_mousePosition":[686,350],"_rootPartCFrame":[755.571,243.317,43.619,0.471,0,0.882,0,1,0,-0.882,0,0.471],"_humanoidState":5,"_cameraCFrame":[756.876,253.385,44.576,0.591,-0.793,0.15,0,0.186,0.983,-0.807,-0.581,0.11],"_shiftlockState":false,"_pose":"FreeFall","_animationQueue":[],"_animationSpeed":1,"_zoom":8.72},{"_mousePosition":[686,350],"_rootPartCFrame":[755.355,243.076,43.463,0.488,0,0.873,0,1,0,-0.873,0,0.488],"_humanoidState":5,"_cameraCFrame":[756.66,253.144,44.419,0.591,-0.793,0.15,0,0.186,0.983,-0.807,-0.581,0.11],"_shiftlockState":false,"_pose":"FreeFall","_animationQueue":[],"_animationSpeed":1,"_zoom":8.72},{"_mousePosition":[686,350],"_rootPartCFrame":[755.14,242.781,43.305,0.503,0,0.864,0,1,0,-0.864,0,0.503],"_humanoidState":5,"_cameraCFrame":[756.437,252.852,44.249,0.589,-0.795,0.149,0,0.184,0.983,-0.808,-0.579,0.108],"_shiftlockState":false,"_pose":"FreeFall","_animationQueue":[],"_animationSpeed":1,"_zoom":8.72},{"_mousePosition":[686,350],"_rootPartCFrame":[754.924,242.431,43.147,0.515,0,0.857,0,1,0,-0.857,0,0.515],"_humanoidState":5,"_cameraCFrame":[756.215,252.505,44.077,0.584,-0.798,0.148,0,0.182,0.983,-0.812,-0.575,0.107],"_shiftlockState":false,"_pose":"FreeFall","_animationQueue":[],"_animationSpeed":1,"_zoom":8.72},{"_mousePosition":[686,350],"_rootPartCFrame":[754.709,242.027,42.99,0.526,0,0.85,0,1,0,-0.85,0,0.526],"_humanoidState":5,"_cameraCFrame":[755.982,252.105,43.897,0.58,-0.801,0.146,0,0.179,0.984,-0.815,-0.571,0.104],"_shiftlockState":false,"_pose":"FreeFall","_animationQueue":[],"_animationSpeed":1,"_zoom":8.72},{"_mousePosition":[686,350],"_rootPartCFrame":[754.547,241.688,42.873,0.533,0,0.846,0,1,0,-0.846,0,0.533],"_humanoidState":5,"_cameraCFrame":[755.809,251.77,43.76,0.575,-0.805,0.145,0,0.177,0.984,-0.818,-0.566,0.102],"_shiftlockState":false,"_pose":"FreeFall","_animationQueue":[["fall",0.3]],"_animationSpeed":1,"_zoom":8.72},{"_mousePosition":[686,350],"_rootPartCFrame":[754.275,241.055,42.68,0.541,0,0.841,0,1,0,-0.841,0,0.541],"_humanoidState":5,"_cameraCFrame":[755.524,251.141,43.549,0.572,-0.808,0.143,0,0.174,0.985,-0.821,-0.563,0.1],"_shiftlockState":false,"_pose":"FreeFall","_animationQueue":[],"_animationSpeed":1,"_zoom":8.72},{"_mousePosition":[686,350],"_rootPartCFrame":[754.057,240.487,42.526,0.547,0,0.837,0,1,0,-0.837,0,0.547],"_humanoidState":5,"_cameraCFrame":[755.305,250.574,43.384,0.566,-0.812,0.143,0,0.174,0.985,-0.824,-0.558,0.098],"_shiftlockState":false,"_pose":"FreeFall","_animationQueue":[],"_animationSpeed":1,"_zoom":8.72},{"_mousePosition":[686,350],"_rootPartCFrame":[753.893,240.025,42.412,0.549,0,0.836,0,1,0,-0.836,0,0.549],"_humanoidState":5,"_cameraCFrame":[755.148,250.113,43.259,0.559,-0.816,0.144,0,0.174,0.985,-0.829,-0.551,0.097],"_shiftlockState":false,"_pose":"FreeFall","_animationQueue":[],"_animationSpeed":1,"_zoom":8.72},{"_mousePosition":[686,350],"_rootPartCFrame":[753.619,239.188,42.223,0.553,0,0.833,0,1,0,-0.833,0,0.553],"_humanoidState":5,"_cameraCFrame":[754.887,249.275,43.05,0.546,-0.825,0.145,0,0.174,0.985,-0.838,-0.538,0.095],"_shiftlockState":false,"_pose":"FreeFall","_animationQueue":[],"_animationSpeed":1,"_zoom":8.72},{"_mousePosition":[686,350],"_rootPartCFrame":[753.398,238.457,42.073,0.554,0,0.832,0,1,0,-0.832,0,0.554],"_humanoidState":5,"_cameraCFrame":[754.68,248.544,42.879,0.532,-0.834,0.147,0,0.174,0.985,-0.847,-0.524,0.092],"_shiftlockState":false,"_pose":"FreeFall","_animationQueue":[],"_animationSpeed":1,"_zoom":8.72},{"_mousePosition":[686,350],"_rootPartCFrame":[753.231,237.872,41.964,0.554,0,0.833,0,1,0,-0.833,0,0.554],"_humanoidState":5,"_cameraCFrame":[754.529,247.96,42.744,0.515,-0.844,0.149,0,0.174,0.985,-0.857,-0.507,0.089],"_shiftlockState":false,"_pose":"FreeFall","_animationQueue":[],"_animationSpeed":1,"_zoom":8.72},{"_mousePosition":[686,350],"_rootPartCFrame":[752.949,236.831,41.786,0.551,0,0.834,0,1,0,-0.834,0,0.551],"_humanoidState":5,"_cameraCFrame":[754.268,246.918,42.529,0.491,-0.858,0.151,0,0.174,0.985,-0.871,-0.483,0.085],"_shiftlockState":false,"_pose":"FreeFall","_animationQueue":[["fall",0.3]],"_animationSpeed":1,"_zoom":8.72},{"_mousePosition":[686,350],"_rootPartCFrame":[752.721,235.936,41.648,0.547,0,0.837,0,1,0,-0.837,0,0.547],"_humanoidState":5,"_cameraCFrame":[754.073,246.023,42.329,0.45,-0.879,0.155,0,0.174,0.985,-0.893,-0.443,0.078],"_shiftlockState":false,"_pose":"FreeFall","_animationQueue":[],"_animationSpeed":1,"_zoom":8.72},{"_mousePosition":[686,350],"_rootPartCFrame":[752.562,235.01,41.561,0.503,0.002,0.864,-0.005,1,0,-0.864,-0.005,0.503],"_humanoidState":5,"_cameraCFrame":[753.973,245.098,42.111,0.368,-0.916,0.161,0,0.174,0.985,-0.93,-0.362,0.064],"_shiftlockState":false,"_pose":"FreeFall","_animationQueue":[],"_animationSpeed":1,"_zoom":8.72},{"_mousePosition":[686,350],"_rootPartCFrame":[752.572,234.332,41.58,0.456,0.003,0.89,-0.008,1,0.001,-0.89,-0.008,0.456],"_humanoidState":5,"_cameraCFrame":[754.087,244.414,41.909,0.22,-0.96,0.173,0,0.178,0.984,-0.975,-0.217,0.039],"_shiftlockState":false,"_pose":"FreeFall","_animationQueue":[],"_animationSpeed":1,"_zoom":8.72},{"_mousePosition":[686,350],"_rootPartCFrame":[752.543,233.134,41.591,0.433,0.001,0.902,-0.003,1,0,-0.902,-0.003,0.433],"_humanoidState":5,"_cameraCFrame":[754.26,243.179,39.812,-0.015,-0.98,0.2,0,0.2,0.98,-1,0.014,-0.003],"_shiftlockState":true,"_pose":"FreeFall","_animationQueue":[],"_animationSpeed":1,"_zoom":8.72},{"_mousePosition":[683,384],"_rootPartCFrame":[752.535,233.148,41.591,-0.014,0.005,1,0,1,-0.005,-1,0,-0.014],"_humanoidState":12,"_cameraCFrame":[754.26,243.193,39.815,-0.015,-0.98,0.2,0,0.2,0.98,-1,0.014,-0.003],"_shiftlockState":true,"_pose":"Climbing","_animationQueue":[["walk",0.1],["fall",0.3],["climb",0.1],["climb",0]],"_animationSpeed":-4.927,"_zoom":8.72},{"_mousePosition":[683,384],"_rootPartCFrame":[752.535,233.332,41.591,-0.014,0.002,1,0,1,-0.002,-1,0,-0.014],"_humanoidState":12,"_cameraCFrame":[754.137,243.3,39.394,-0.24,-0.943,0.231,0,0.238,0.971,-0.971,0.233,-0.057],"_shiftlockState":true,"_pose":"Climbing","_animationQueue":[["climb",0.1]],"_animationSpeed":0.814,"_zoom":8.72},{"_mousePosition":[683,384],"_rootPartCFrame":[752.642,233.784,41.633,-0.192,-0.014,0.981,-0.006,1,0.013,-0.981,-0.003,-0.192],"_humanoidState":8,"_cameraCFrame":[754.033,243.67,39.024,-0.428,-0.869,0.248,0,0.274,0.962,-0.904,0.411,-0.117],"_shiftlockState":true,"_pose":"Standing","_animationQueue":[["climb",0.1],["idle",0.1],["idle",0.1]],"_animationSpeed":1,"_zoom":8.72},{"_mousePosition":[683,384],"_rootPartCFrame":[752.815,234.226,41.806,-0.335,-0.005,0.942,-0.01,1,0.001,-0.942,-0.009,-0.335],"_humanoidState":8,"_cameraCFrame":[754.158,244.053,38.976,-0.505,-0.825,0.256,0,0.297,0.955,-0.863,0.482,-0.15],"_shiftlockState":true,"_pose":"Running","_animationQueue":[["walk",0.1]],"_animationSpeed":0.465,"_zoom":8.72},{"_mousePosition":[683,384],"_rootPartCFrame":[752.891,235.108,42.014,-0.42,-0.008,0.908,-0.013,1,0.003,-0.907,-0.011,-0.42],"_humanoidState":3,"_cameraCFrame":[754.347,244.893,39.116,-0.504,-0.821,0.269,0,0.312,0.95,-0.864,0.479,-0.157],"_shiftlockState":true,"_pose":"Jumping","_animationQueue":[["walk",0.1],["jump",0.1]],"_animationSpeed":1,"_zoom":8.72},{"_mousePosition":[683,384],"_rootPartCFrame":[752.862,235.957,42.244,-0.541,-0.006,0.841,-0.008,1,0.002,-0.841,-0.005,-0.541],"_humanoidState":5,"_cameraCFrame":[754.694,245.679,39.386,-0.44,-0.847,0.299,0,0.333,0.943,-0.898,0.415,-0.147],"_shiftlockState":true,"_pose":"FreeFall","_animationQueue":[["jump",0.1]],"_animationSpeed":1,"_zoom":8.72},{"_mousePosition":[683,384],"_rootPartCFrame":[752.814,236.559,42.434,-0.508,-0.002,0.862,-0.003,1,0,-0.862,-0.003,-0.508],"_humanoidState":5,"_cameraCFrame":[755.172,246.229,39.829,-0.307,-0.892,0.332,0,0.349,0.937,-0.952,0.288,-0.107],"_shiftlockState":true,"_pose":"FreeFall","_animationQueue":[],"_animationSpeed":1,"_zoom":8.72},{"_mousePosition":[683,384],"_rootPartCFrame":[752.711,237.492,42.751,-0.122,0,0.992,0,1,0,-0.992,0,-0.122],"_humanoidState":5,"_cameraCFrame":[755.648,247.148,40.763,-0.079,-0.932,0.353,0,0.354,0.935,-0.997,0.074,-0.028],"_shiftlockState":true,"_pose":"FreeFall","_an