[{"_mousePosition":[1208,382],"_rootPartCFrame":[776.009,222.933,47.145,-0.025,0.009,1,-0.005,1,-0.009,-1,-0.005,-0.025],"_humanoidState":8,"_cameraCFrame":[778.331,234.828,41.694,-0.921,-0.339,0.193,0,0.494,0.869,-0.39,0.8,-0.455],"_shiftlockState":false,"_pose":"Standing","_animationQueue":[],"_animationSpeed":1,"_zoom":11.959},{"_mousePosition":[1193,391],"_rootPartCFrame":[775.85,222.858,47.078,0.017,0.003,1,-0.002,1,-0.003,-1,-0.002,0.017],"_humanoidState":8,"_cameraCFrame":[778.163,234.753,41.633,-0.921,-0.339,0.193,0,0.494,0.869,-0.39,0.8,-0.455],"_shiftlockState":false,"_pose":"Standing","_animationQueue":[["idle",0]],"_animationSpeed":1,"_zoom":11.959},{"_mousePosition":[1174,403],"_rootPartCFrame":[775.607,222.722,46.975,0.068,0,0.998,0,1,0,-0.998,0,0.068],"_humanoidState":8,"_cameraCFrame":[777.915,234.617,41.532,-0.921,-0.339,0.193,0,0.494,0.869,-0.39,0.8,-0.455],"_shiftlockState":false,"_pose":"Running","_animationQueue":[["walk",0.1]],"_animationSpeed":1.006,"_zoom":11.959},{"_mousePosition":[1157,418],"_rootPartCFrame":[775.362,222.618,46.87,0.113,0,0.994,0,1,0,-0.994,0,0.113],"_humanoidState":8,"_cameraCFrame":[777.67,234.513,41.428,-0.921,-0.339,0.193,0,0.494,0.869,-0.39,0.8,-0.455],"_shiftlockState":false,"_pose":"Running","_animationQueue":[["walk",0.1],["walk",0.1]],"_animationSpeed":1.099,"_zoom":11.959},{"_mousePosition":[1141,431],"_rootPartCFrame":[775.116,222.641,46.766,0.152,0,0.988,0,1,0,-0.988,0,0.152],"_humanoidState":8,"_cameraCFrame":[777.425,234.536,41.323,-0.921,-0.339,0.193,0,0.494,0.869,-0.39,0.8,-0.455],"_shiftlockState":false,"_pose":"Running","_animationQueue":[],"_animationSpeed":1.099,"_zoom":11.959},{"_mousePosition":[1124,444],"_rootPartCFrame":[774.871,222.666,46.662,0.185,0,0.983,0,1,0,-0.983,0,0.185],"_humanoidState":8,"_cameraCFrame":[777.18,234.561,41.219,-0.921,-0.339,0.193,0,0.494,0.869,-0.39,0.8,-0.455],"_shiftlockState":false,"_pose":"Running","_animationQueue":[],"_animationSpeed":1.099,"_zoom":11.959},{"_mousePosition":[1104,460],"_rootPartCFrame":[774.625,222.681,46.558,0.214,0,0.977,0,1,0,-0.977,0,0.214],"_humanoidState":8,"_cameraCFrame":[775.323,234.576,40.432,-0.921,-0.339,0.193,0,0.494,0.869,-0.39,0.8,-0.455],"_shiftlockState":true,"_pose":"Running","_animationQueue":[],"_animationSpeed":1.099,"_zoom":11.959},{"_mousePosition":[683,352.5],"_rootPartCFrame":[774.38,222.69,46.454,-0.949,0,0.315,0,1,0,-0.315,0,-0.949],"_humanoidState":8,"_cameraCFrame":[775.077,234.585,40.327,-0.921,-0.339,0.193,0,0.494,0.869,-0.39,0.8,-0.455],"_shiftlockState":true,"_pose":"Running","_animationQueue":[],"_animationSpeed":1.099,"_zoom":11.959},{"_mousePosition":[683,352.5],"_rootPartCFrame":[774.134,222.694,46.35,-0.924,0,0.383,0,1,0,-0.383,0,-0.924],"_humanoidState":8,"_cameraCFrame":[774.535,234.72,40.423,-0.934,-0.316,0.17,0,0.475,0.88,-0.358,0.822,-0.443],"_shiftlockState":true,"_pose":"Running","_animationQueue":[],"_animationSpeed":1.099,"_zoom":11.959},{"_mousePosition":[683,352.5],"_rootPartCFrame":[773.889,222.697,46.245,-0.934,0,0.358,0,1,0,-0.358,0,-0.934],"_humanoidState":8,"_cameraCFrame":[773.987,234.87,40.575,-0.946,-0.29,0.147,0,0.451,0.893,-0.325,0.844,-0.427],"_shiftlockState":true,"_pose":"Running","_animationQueue":[],"_animationSpeed":1.099,"_zoom":11.959},{"_mousePosition":[683,352.5],"_rootPartCFrame":[773.64,222.698,46.149,-0.946,0,0.325,0,1,0,-0.325,0,-0.946],"_humanoidState":8,"_cameraCFrame":[773.421,235.036,40.804,-0.958,-0.261,0.122,0,0.423,0.906,-0.288,0.868,-0.405],"_shiftlockState":true,"_pose":"Running","_animationQueue":[["walk",0.1]],"_animationSpeed":1.099,"_zoom":11.959},{"_mousePosition":[683,352.5],"_rootPartCFrame":[773.388,222.699,46.061,-0.958,0,0.288,0,1,0,-0.288,0,-0.958],"_humanoidState":8,"_cameraCFrame":[772.877,235.198,41.077,-0.968,-0.232,0.099,0,0.393,0.92,-0.252,0.89,-0.38],"_shiftlockState":true,"_pose":"Running","_animationQueue":[],"_animationSpeed":1.099,"_zoom":11.959},{"_mousePosition":[683,352.5],"_rootPartCFrame":[773.07,222.699,45.964,-0.968,0,0.252,0,1,0,-0.252,0,-0.968],"_humanoidState":8,"_cameraCFrame":[772.324,235.333,41.321,-0.975,-0.205,0.08,0,0.365,0.931,-0.22,0.908,-0.356],"_shiftlockState":true,"_pose":"Running","_animationQueue":[],"_animationSpeed":1.099,"_zoom":11.959},{"_mousePosition":[683,352.5],"_rootPartCFrame":[772.812,222.699,45.895,-0.975,0,0.22,0,1,0,-0.22,0,-0.975],"_humanoidState":8,"_cameraCFrame":[771.9,235.439,41.546,-0.98,-0.185,0.067,0,0.342,0.94,-0.197,0.921,-0.335],"_shiftlockState":true,"_pose":"Running","_animationQueue":[],"_animationSpeed":1.099,"_zoom":11.959},{"_mousePosition":[683,352.5],"_rootPartCFrame":[772.617,222.7,45.85,-0.98,0,0.197,0,1,0,-0.197,0,-0.98],"_humanoidState":8,"_cameraCFrame":[771.559,235.541,41.808,-0.985,-0.166,0.056,0,0.317,0.948,-0.175,0.934,-0.312],"_shiftlockState":true,"_pose":"Running","_animationQueue":[],"_animationSpeed":1.099,"_zoom":11.959},{"_mousePosition":[683,352.5],"_rootPartCFrame":[772.291,222.7,45.783,-0.985,0,0.175,0,1,0,-0.175,0,-0.985],"_humanoidState":8,"_cameraCFrame":[771.132,235.615,41.985,-0.987,-0.152,0.048,0,0.298,0.955,-0.16,0.942,-0.294],"_shiftlockState":true,"_pose":"Running","_animationQueue":[],"_animationSpeed":1.099,"_zoom":11.959},{"_mousePosition":[683,352.5],"_rootPartCFrame":[772.094,222.7,45.747,-0.987,0,0.16,0,1,0,-0.16,0,-0.987],"_humanoidState":8,"_cameraCFrame":[770.838,235.687,42.207,-0.99,-0.137,0.04,0,0.278,0.961,-0.143,0.951,-0.275],"_shiftlockState":true,"_pose":"Running","_animationQueue":[],"_animationSpeed":1.099,"_zoom":11.959},{"_mousePosition":[683,352.5],"_rootPartCFrame":[771.831,222.7,45.704,-0.99,0,0.143,0,1,0,-0.143,0,-0.99],"_humanoidState":8,"_cameraCFrame":[770.491,235.75,42.405,-0.992,-0.123,0.033,0,0.259,0.966,-0.128,0.958,-0.257],"_shiftlockState":true,"_pose":"Running","_animationQueue":[["walk",0.1]],"_animationSpeed":1.099,"_zoom":11.959},{"_mousePosition":[683,352.5],"_rootPartCFrame":[771.501,222.7,45.656,-0.992,0,0.128,0,1,0,-0.128,0,-0.992],"_humanoidState":8,"_cameraCFrame":[770.088,235.805,42.59,-0.994,-0.11,0.027,0,0.241,0.97,-0.113,0.964,-0.24],"_shiftlockState":true,"_pose":"Running","_animationQueue":[],"_animationSpeed":1.099,"_zoom":11.959},{"_mousePosition":[683,352.5],"_rootPartCFrame":[771.237,222.7,45.621,-0.994,0,0.113,0,1,0,-0.113,0,-0.994],"_humanoidState":8,"_cameraCFrame":[769.756,235.854,42.783,-0.995,-0.095,0.022,0,0.224,0.975,-0.097,0.97,-0.223],"_shiftlockState":true,"_pose":"Running","_animationQueue":[],"_animationSpeed":1.099,"_zoom":11.959},{"_mousePosition":[683,352.5],"_rootPartCFrame":[770.972,222.7,45.59,-0.995,0,0.097,0,1,0,-0.097,0,-0.995],"_humanoidState":8,"_cameraCFrame":[769.425,235.904,43.003,-0.997,-0.079,0.017,0,0.205,0.979,-0.081,0.976,-0.205],"_shiftlockState":true,"_pose":"Running","_animationQueue":[],"_animationSpeed":1.099,"_zoom":11.959},{"_mousePosition":[683,352.5],"_rootPartCFrame":[770.64,222.7,45.557,-0.997,0,0.081,0,1,0,-0.081,0,-0.997],"_humanoidState":8,"_cameraCFrame":[769.041,235.949,43.22,-0.998,-0.065,0.012,0,0.186,0.983,-0.066,0.98,-0.186],"_shiftlockState":true,"_pose":"Running","_animationQueue":[],"_animationSpeed":1.099,"_zoom":11.959},{"_mousePosition":[683,352.5],"_rootPartCFrame":[770.441,222.7,45.541,-0.998,0,0.066,0,1,0,-0.066,0,-0.998],"_humanoidState":8,"_cameraCFrame":[768.804,235.977,43.373,-0.999,-0.053,0.009,0,0.174,0.985,-0.053,0.983,-0.173],"_shiftlockState":true,"_pose":"Running","_animationQueue":[],"_animationSpeed":1.099,"_zoom":11.959},{"_mousePosition":[683,352.5],"_rootPartCFrame":[770.175,222.7,45.522,-0.999,0,0.053,0,1,0,-0.053,0,-0.999],"_humanoidState":8,"_cameraCFrame":[768.527,235.977,43.364,-0.999,-0.048,0.008,0,0.174,0.985,-0.048,0.984,-0.173],"_shiftlockState":true,"_pose":"Running","_animationQueue":[["walk",0.1]],"_animationSpeed":1.099,"_zoom":11.959},{"_mousePosition":[683,352.5],"_rootPartCFrame":[769.975,222.679,45.509,-0.999,0,0.048,0,1,0,-0.048,0,-0.999],"_humanoidState":8,"_cameraCFrame":[768.33,235.957,43.349,-0.999,-0.049,0.009,0,0.174,0.985,-0.049,0.984,-0.173],"_shiftlockState":true,"_pose":"Running","_animationQueue":[],"_animationSpeed":1.099,"_zoom":11.959},{"_mousePosition":[683,352.5],"_rootPartCFrame":[769.643,222.577,45.487,-0.999,0,0.049,0,1,0,-0.049,0,-0.999],"_humanoidState":8,"_cameraCFrame":[768.017,235.854,43.311,-0.998,-0.058,0.01,0,0.174,0.985,-0.059,0.983,-0.173],"_shiftlockState":true,"_pose":"Running","_animationQueue":[],"_animationSpeed":1.099,"_zoom":11.959},{"_mousePosition":[683,352.5],"_rootPartCFrame":[769.376,222.434,45.47,-0.998,0,0.059,0,1,0,-0.059,0,-0.998],"_humanoidState":8,"_cameraCFrame":[767.783,235.711,43.27,-0.997,-0.072,0.013,0,0.174,0.985,-0.073,0.982,-0.173],"_shiftlockState":true,"_pose":"Running","_animationQueue":[],"_animationSpeed":1.099,"_zoom":11.959},{"_mousePosition":[683,352.5],"_rootPartCFrame":[769.11,222.236,45.452,-0.997,0,0.073,0,1,0,-0.073,0,-0.997],"_humanoidState":8,"_cameraCFrame":[767.55,235.514,43.229,-0.996,-0.087,0.015,0,0.174,0.985,-0.088,0.981,-0.173],"_shiftlockState":true,"_pose":"Running","_animationQueue":[],"_animationSpeed":1.099,"_zoom":11.959},{"_mousePosition":[683,352.5],"_rootPartCFrame":[768.844,221.984,45.434,-0.996,0,0.088,0,1,0,-0.088,0,-0.996],"_humanoidState":8,"_cameraCFrame":[767.321,235.262,43.186,-0.995,-0.103,0.018,0,0.174,0.985,-0.105,0.979,-0.173],"_shiftlockState":true,"_pose":"Running","_animationQueue":[],"_animationSpeed":1.099,"_zoom":11.959},{"_mousePosition":[683,352.5],"_rootPartCFrame":[768.578,222.858,45.417,-0.995,0,0.105,0,1,0,-0.105,0,-0.995],"_humanoidState":3,"_cameraCFrame":[767.093,236.135,43.143,-0.993,-0.119,0.021,0,0.174,0.985,-0.121,0.978,-0.172],"_shiftlockState":true,"_pose":"Jumping","_animationQueue":[["walk",0.1],["walk",0.1],["jump",0.1]],"_animationSpeed":1,"_zoom":11.959},{"_mousePosition":[683,352.5],"_rootPartCFrame":[768.379,223.479,45.397,-0.983,0,0.183,0,1,0,-0.183,0,-0.983],"_humanoidState":5,"_cameraCFrame":[766.947,236.756,43.09,-0.99,-0.142,0.025,0,0.174,0.985,-0.144,0.975,-0.172],"_shiftlockState":true,"_pose":"FreeFall","_animationQueue":[["jump",0.1]],"_animationSpeed":1,"_zoom":11.959},{"_mousePosition":[683,352.5],"_rootPartCFrame":[768.048,224.447,45.358,-0.955,0,0.298,0,1,0,-0.298,0,-0.955],"_humanoidState":5,"_cameraCFrame":[766.677,237.724,43.014,-0.985,-0.167,0.03,0,0.174,0.985,-0.17,0.97,-0.171],"_shiftlockState":true,"_pose":"FreeFall","_animationQueue":[],"_animationSpeed":1,"_zoom":11.959},{"_mousePosition":[683,352.5],"_rootPartCFrame":[767.784,225.16,45.32,-0.954,0,0.299,0,1,0,-0.299,0,-0.954],"_humanoidState":5,"_cameraCFrame":[766.425,238.437,42.969,-0.985,-0.172,0.03,0,0.174,0.985,-0.175,0.97,-0.171],"_shiftlockState":true,"_pose":"FreeFall","_animationQueue":[],"_animationSpeed":1,"_zoom":11.959},{"_mousePosition":[683,352.5],"_rootPartCFrame":[767.587,225.659,45.287,-0.962,0,0.272,0,1,0,-0.272,0,-0.962],"_humanoidState":5,"_cameraCFrame":[766.228,238.936,42.936,-0.985,-0.172,0.03,0,0.174,0.985,-0.175,0.97,-0.171],"_shiftlockState":true,"_pose":"FreeFall","_animationQueue":[],"_animationSpeed":1,"_zoom":11.959},{"_mousePosition":[683,352.5],"_rootPartCFrame":[767.259,226.423,45.229,-0.942,0,0.336,0,1,0,-0.336,0,-0.942],"_humanoidState":5,"_cameraCFrame":[765.899,239.7,42.878,-0.985,-0.172,0.03,0,0.174,0.985,-0.175,0.97,-0.171],"_shiftlockState":true,"_pose":"FreeFall","_animationQueue":[],"_animationSpeed":1,"_zoom":11.959},{"_mousePosition":[683,352.5],"_rootPartCFrame":[767.062,226.84,45.194,-0.962,0,0.272,0,1,0,-0.272,0,-0.962],"_humanoidState":5,"_cameraCFrame":[765.703,240.117,42.843,-0.985,-0.172,0.03,0,0.174,0.985,-0.175,0.97,-0.171],"_shiftlockState":true,"_pose":"FreeFall","_animationQueue":[],"_animationSpeed":1,"_zoom":11.959},{"_mousePosition":[683,352.5],"_rootPartCFrame":[766.799,227.349,45.147,-0.953,0,0.304,0,1,0,-0.304,0,-0.953],"_humanoidState":5,"_cameraCFrame":[765.44,240.626,42.796,-0.985,-0.172,0.03,0,0.174,0.985,-0.175,0.97,-0.171],"_shiftlockState":true,"_pose":"FreeFall","_animationQueue":[],"_animationSpeed":1,"_zoom":11.959},{"_mousePosition":[683,352],"_rootPartCFrame":[766.537,227.803,45.101,-0.953,0,0.304,0,1,0,-0.304,0,-0.953],"_humanoidState":5,"_cameraCFrame":[765.171,240.852,42.789,-0.985,-0.172,0.03,0,0.174,0.985,-0.175,0.97,-0.171],"_shiftlockState":true,"_pose":"FreeFall","_animationQueue":[],"_animationSpeed":1,"_zoom":9.167},{"_mousePosition":[683,352],"_rootPartCFrame":[766.274,228.202,45.054,-0.953,0,0.304,0,1,0,-0.304,0,-0.953],"_humanoidState":5,"_cameraCFrame":[764.894,240.797,42.821,-0.985,-0.172,0.03,0,0.174,0.985,-0.175,0.97,-0.171],"_shiftlockState":true,"_pose":"FreeFall","_animationQueue":[],"_animationSpeed":1,"_zoom":9.167},{"_mousePosition":[683,352],"_rootPartCFrame":[766.012,228.547,45.007,-0.953,0,0.304,0,1,0,-0.304,0,-0.953],"_humanoidState":5,"_cameraCFrame":[764.618,240.694,42.852,-0.985,-0.172,0.03,0,0.174,0.985,-0.175,0.97,-0.171],"_shiftlockState":true,"_pose":"FreeFall","_animationQueue":[],"_animationSpeed":1,"_zoom":9.167},{"_mousePosition":[683,352],"_rootPartCFrame":[765.684,228.902,44.949,-0.942,0,0.336,0,1,0,-0.336,0,-0.942],"_humanoidState":5,"_cameraCFrame":[764.277,240.631,42.867,-0.985,-0.172,0.03,0,0.174,0.985,-0.175,0.97,-0.171],"_shiftlockState":true,"_pose":"FreeFall","_animationQueue":[],"_animationSpeed":1,"_zoom":9.167},{"_mousePosition":[683,352],"_rootPartCFrame":[765.487,229.074,44.914,-0.962,0,0.272,0,1,0,-0.272,0,-0.962],"_humanoidState":5,"_cameraCFrame":[764.069,240.451,42.893,-0.985,-0.172,0.03,0,0.174,0.985,-0.175,0.97,-0.171],"_shiftlockState":true,"_pose":"FreeFall","_animationQueue":[],"_animationSpeed":1,"_zoom":9.167},{"_mousePosition":[683,352],"_rootPartCFrame":[765.225,229.256,44.867,-0.953,0,0.304,0,1,0,-0.304,0,-0.953],"_humanoidState":5,"_cameraCFrame":[763.799,240.396,42.887,-0.985,-0.172,0.03,0,0.174,0.985,-0.175,0.97,-0.171],"_shiftlockState":true,"_pose":"FreeFall","_animationQueue":[],"_animationSpeed":1,"_zoom":9.167},{"_mousePosition":[683,352.5],"_rootPartCFrame":[764.962,229.383,44.82,-0.953,0,0.304,0,1,0,-0.304,0,-0.953],"_humanoidState":5,"_cameraCFrame":[763.533,240.328,42.873,-0.984,-0.173,0.031,0,0.174,0.985,-0.176,0.969,-0.171],"_shiftlockState":true,"_pose":"FreeFall","_animationQueue":[],"_animationSpeed":1,"_zoom":9.167},{"_mousePosition":[683,352.5],"_rootPartCFrame":[764.634,229.465,44.762,-0.942,0,0.337,0,1,0,-0.337,0,-0.942],"_humanoidState":5,"_cameraCFrame":[763.235,240.281,42.786,-0.982,-0.188,0.034,0,0.177,0.984,-0.191,0.966,-0.174],"_shiftlockState":true,"_pose":"FreeFall","_animationQueue":[],"_animationSpeed":1,"_zoom":9.167},{"_mousePosition":[683,352.5],"_rootPartCFrame":[764.372,229.47,44.715,-0.948,0,0.319,0,1,0,-0.319,0,-0.948],"_humanoidState":5,"_cameraCFrame":[763.025,240.192,42.716,-0.976,-0.215,0.039,0,0.177,0.984,-0.218,0.961,-0.173],"_shiftlockState":true,"_pose":"FreeFall","_animationQueue":[],"_animationSpeed":1,"_zoom":9.167},{"_mousePosition":[683,352.5],"_rootPartCFrame":[764.044,229.399,44.652,-0.926,0,0.377,0,1,0,-0.377,0,-0.926],"_humanoidState":5,"_cameraCFrame":[762.745,240.062,42.644,-0.97,-0.24,0.043,0,0.175,0.985,-0.244,0.955,-0.17],"_shiftlockState":true,"_pose":"FreeFall","_animationQueue":[],"_animationSpeed":1,"_zoom":9.167},{"_mousePosition":[683,352.5],"_rootPartCFrame":[763.914,229.347,44.624,-0.951,0,0.308,0,1,0,-0.308,0,-0.951],"_humanoidState":5,"_cameraCFrame":[762.64,239.964,42.606,-0.966,-0.253,0.045,0,0.175,0.985,-0.257,0.951,-0.169],"_shiftlockState":true,"_pose":"FreeFall","_animationQueue":[],"_animationSpeed":1,"_zoom":9.167},{"_mousePosition":[683,352.5],"_rootPartCFrame":[763.591,229.156,44.544,-0.91,0,0.414,0,1,0,-0.414,0,-0.91],"_humanoidState":5,"_cameraCFrame":[762.325,239.743,42.525,-0.965,-0.258,0.046,0,0.175,0.985,-0.262,0.95,-0.169],"_shiftlockState":true,"_pose":"FreeFall","_animationQueue":[["fall",0.3]],"_animationSpeed":1,"_zoom":9.167},{"_mousePosition":[683,352.5],"_rootPartCFrame":[763.333,228.943,44.476,-0.922,0,0.388,0,1,0,-0.388,0,-0.922],"_humanoidState":5,"_cameraCFrame":[762.079,239.509,42.446,-0.964,-0.263,0.047,0,0.176,0.984,-0.267,0.949,-0.17],"_shiftlockState":true,"_pose":"FreeFall","_animationQueue":[],"_animationSpeed":1,"_zoom":9.167},{"_mousePosition":[683,352.5],"_rootPartCFrame":[763.075,228.675,44.406,-0.92,0,0.393,0,1,0,-0.393,0,-0.92],"_humanoidState":5,"_cameraCFrame":[761.83,239.23,42.385,-0.962,-0.269,0.048,0,0.174,0.985,-0.273,0.947,-0.168],"_shiftlockState":true,"_pose":"FreeFall","_animationQueue":[],"_animationSpeed":1,"_zoom":9.167},{"_mousePosition":[683,352.5],"_rootPartCFrame":[762.883,228.438,44.353,-0.93,0,0.368,0,1,0,-0.368,0,-0.93],"_humanoidState":5,"_cameraCFrame":[761.647,238.985,42.333,-0.96,-0.275,0.048,0,0.174,0.985,-0.279,0.946,-0.167],"_shiftlockState":true,"_pose":"FreeFall","_animationQueue":[],"_animationSpeed":1,"_zoom":9.167},{"_mousePosition":[683,352.5],"_rootPartCFrame":[762.626,228.075,44.281,-0.915,0,0.404,0,1,0,-0.404,0,-0.915],"_humanoidState":5,"_cameraCFrame":[761.405,238.615,42.252,-0.958,-0.282,0.05,0,0.174,0.985,-0.286,0.944,-0.166],"_shiftlockState":true,"_pose":"FreeFall","_animationQueue":[],"_animationSpeed":1,"_zoom":9.167},{"_mousePosition":[683,352.5],"_rootPartCFrame":[762.37,227.657,44.206,-0.912,0,0.411,0,1,0,-0.411,0,-0.912],"_humanoidState":5,"_cameraCFrame":[761.162,238.193,42.171,-0.956,-0.288,0.051,0,0.174,0.985,-0.292,0.942,-0.166],"_shiftlockState":true,"_pose":"FreeFall","_animationQueue":[],"_animationSpeed":1,"_zoom":9.167},{"_mousePosition":[683,352.5],"_rootPartCFrame":[762.114,227.185,44.13,-0.909,0,0.417,0,1,0,-0.417,0,-0.909],"_humanoidState":5,"_cameraCFrame":[760.919,237.718,42.088,-0.955,-0.294,0.052,0,0.174,0.985,-0.298,0.94,-0.166],"_shiftlockState":true,"_pose":"FreeFall","_animationQueue":[],"_animationSpeed":1,"_zoom":9.167},{"_mousePosition":[683,352.5],"_rootPartCFrame":[761.795,226.518,44.033,-0.892,0,0.452,0,1,0,-0.452,0,-0.892],"_humanoidState":5,"_cameraCFrame":[760.621,237.049,41.979,-0.951,-0.303,0.054,0,0.174,0.985,-0.308,0.937,-0.165],"_shiftlockState":true,"_pose":"FreeFall","_animationQueue":[["fall",0.3]],"_animationSpeed":1,"_zoom":9.167},{"_mousePosition":[683,352.5],"_rootPartCFrame":[761.541,225.923,43.954,-0.902,0,0.432,0,1,0,-0.432,0,-0.902],"_humanoidState":5,"_cameraCFrame":[760.394,236.453,41.884,-0.947,-0.316,0.056,0,0.174,0.985,-0.321,0.933,-0.164],"_shiftlockState":true,"_pose":"FreeFall","_animationQueue":[],"_animationSpeed":1,"_zoom":9.167},{"_mousePosition":[683,352.5],"_rootPartCFrame":[761.35,225.441,43.893,-0.91,0,0.414,0,1,0,-0.414,0,-0.91],"_humanoidState":5,"_cameraCFrame":[760.243,235.97,41.802,-0.941,-0.334,0.059,0,0.174,0.985,-0.339,0.927,-0.163],"_shiftlockState":true,"_pose":"FreeFall","_animationQueue":[],"_animationSpeed":1,"_zoom":9.167},{"_mousePosition":[683,352.5],"_rootPartCFrame":[761.034,224.569,43.786,-0.872,0,0.49,0,1,0,-0.49,0,-0.872],"_humanoidState":5,"_cameraCFrame":[759.967,235.097,41.669,-0.935,-0.35,0.062,0,0.174,0.985,-0.356,0.92,-0.163],"_shiftlockState":true,"_pose":"FreeFall","_animationQueue":[],"_animationSpeed":1,"_zoom":9.167},{"_mousePosition":[683,352.5],"_rootPartCFrame":[760.846,224.005,43.719,-0.895,0,0.447,0,1,0,-0.447,0,-0.895],"_humanoidState":5,"_cameraCFrame":[759.822,234.53,41.57,-0.928,-0.366,0.066,0,0.176,0.984,-0.372,0.914,-0.163],"_shiftlockState":true,"_pose":"FreeFall","_animationQueue":[],"_animationSpeed":1,"_zoom":9.167},{"_mousePosition":[683,352.5],"_rootPartCFrame":[760.534,222.998,43.601,-0.854,0,0.521,0,1,0,-0.521,0,-0.854],"_humanoidState":5,"_cameraCFrame":[759.549,233.521,41.429,-0.922,-0.381,0.069,0,0.177,0.984,-0.388,0.907,-0.163],"_shiftlockState":true,"_pose":"FreeFall","_animationQueue":[],"_animationSpeed":1,"_zoom":9.167},{"_mousePosition":[683,352.5],"_rootPartCFrame":[760.348,222.457,43.528,-0.909,0,0.417,0,1,0,-0.417,0,-0.909],"_humanoidState":7,"_cameraCFrame":[759.412,232.979,41.328,-0.914,-0.4,0.072,0,0.178,0.984,-0.407,0.899,-0.162],"_shiftlockState":true,"_pose":"FreeFall","_animationQueue":[["walk",0.1],["fall",0.3],["fall",0.3]],"_animationSpeed":1,"_zoom":9.167},{"_mousePosition":[683,352.5],"_rootPartCFrame":[760.041,222.421,43.399,-0.911,0,0.412,0,1,0,-0.412,0,-0.911],"_humanoidState":7,"_cameraCFrame":[759.182,232.942,41.163,-0.899,-0.43,0.078,0,0.178,0.984,-0.437,0.885,-0.16],"_shiftlockState":true,"_pose":"FreeFall","_animationQueue":[["fall",0.3]],"_animationSpeed":1,"_zoom":9.167},{"_mousePosition":[683,352.5],"_rootPartCFrame":[759.797,222.5,43.291,-0.899,0,0.438,0,1,0,-0.438,0,-0.899],"_humanoidState":8,"_cameraCFrame":[759.074,233.016,40.992,-0.874,-0.478,0.088,0,0.181,0.984,-0.486,0.859,-0.158],"_shiftlockState":true,"_pose":"Running","_animationQueue":[["walk",0.1],["fall",0.3],["walk",0.1]],"_animationSpeed":1.103,"_zoom":9.167},{"_mousePosition":[683,352.5],"_rootPartCFrame":[759.557,222.554,43.175,-0.874,0,0.486,0,1,0,-0.486,0,-0.874],"_humanoidState":8,"_cameraCFrame":[759.024,233.07,40.825,-0.831,-0.547,0.101,0,0.181,0.984,-0.556,0.817,-0.15],"_shiftlockState":true,"_pose":"Running","_animationQueue":[],"_animationSpeed":1.103,"_zoom":9.167},{"_mousePosition":[683,352.5],"_rootPartCFrame":[759.323,222.585,43.047,-0.831,0,0.556,0,1,0,-0.556,0,-0.831],"_humanoidState":8,"_cameraCFrame":[759.034,233.101,40.654,-0.77,-0.628,0.115,0,0.181,0.984,-0.638,0.757,-0.139],"_shiftlockState":true,"_pose":"Running","_animationQueue":[],"_animationSpeed":1.103,"_zoom":9.167},{"_mousePosition":[683,352.5],"_rootPartCFrame":[758.936,222.602,42.913,-0.766,0,0.643,0,1,0,-0.643,0,-0.766],"_humanoidState":8,"_cameraCFrame":[758.923,233.118,40.503,-0.691,-0.711,0.131,0,0.181,0.984,-0.723,0.68,-0.125],"_shiftlockState":true,"_pose":"Running","_animationQueue":[["walk",0.1]],"_animationSpeed":1.872,"_zoom":9.167},{"_mousePosition":[683,352.5],"_rootPartCFrame":[758.342,222.611,42.765,-0.686,0,0.728,0,1,0,-0.728,0,-0.686],"_humanoidState":8,"_cameraCFrame":[758.57,233.127,40.365,-0.616,-0.775,0.142,0,0.181,0.984,-0.788,0.606,-0.111],"_shiftlockState":true,"_pose":"Running","_animationQueue":[["walk",0.1]],"_animationSpeed":1.096,"_zoom":9.167},{"_mousePosition":[683,352.5],"_rootPartCFrame":[757.13,222.617,42.489,-0.616,0,0.788,0,1,0,-0.788,0,-0.616],"_humanoidState":8,"_cameraCFrame":[757.471,233.136,40.113,-0.574,-0.806,0.147,0,0.179,0.984,-0.819,0.565,-0.103],"_shiftlockState":true,"_pose":"Running","_animationQueue":[["walk",0.1]],"_animationSpeed":0.635,"_zoom":9.167},{"_mousePosition":[683,352.5],"_rootPartCFrame":[756.713,222.619,42.386,-0.574,0,0.819,0,1,0,-0.819,0,-0.574],"_humanoidState":8,"_cameraCFrame":[757.061,233.14,40.021,-0.567,-0.81,0.146,0,0.178,0.984,-0.824,0.558,-0.101],"_shiftlockState":true,"_pose":"Running","_animationQueue":[["walk",0.1],["walk",0.1]],"_animationSpeed":1.093,"_zoom":9.167},{"_mousePosition":[683,352.5],"_rootPartCFrame":[755.891,222.62,42.169,-0.567,0,0.824,0,1,0,-0.824,0,-0.567],"_humanoidState":8,"_cameraCFrame":[756.205,233.141,39.8,-0.579,-0.802,0.145,0,0.178,0.984,-0.815,0.57,-0.103],"_shiftlockState":true,"_pose":"Running","_animationQueue":[],"_animationSpeed":1.093,"_zoom":9.167},{"_mousePosition":[683,352.5],"_rootPartCFrame":[755.073,222.621,41.95,-0.579,0,0.815,0,1,0,-0.815,0,-0.579],"_humanoidState":8,"_cameraCFrame":[755.29,233.141,39.564,-0.614,-0.777,0.141,0,0.178,0.984,-0.79,0.604,-0.109],"_shiftlockState":true,"_pose":"Running","_animationQueue":[],"_animationSpeed":1.093,"_zoom":9.167},{"_mousePosition":[683,352.5],"_rootPartCFrame":[754.252,222.621,41.732,-0.614,0,0.79,0,1,0,-0.79,0,-0.614],"_humanoidState":8,"_cameraCFrame":[754.339,233.136,39.318,-0.663,-0.736,0.136,0,0.182,0.983,-0.749,0.652,-0.12],"_shiftlockState":true,"_pose":"Running","_animationQueue":[],"_animationSpeed":1.093,"_zoom":9.167},{"_mousePosition":[683,352.5],"_rootPartCFrame":[753.423,222.621,41.521,-0.663,0,0.749,0,1,0,-0.749,0,-0.663],"_humanoidState":8,"_cameraCFrame":[753.358,233.131,39.086,-0.714,-0.688,0.129,0,0.185,0.983,-0.7,0.702,-0.132],"_shiftlockState":true,"_pose":"Running","_animationQueue":[],"_animationSpeed":1.093,"_zoom":9.167},{"_mousePosition":[683,352.5],"_rootPartCFrame":[752.582,222.621,41.319,-0.714,0,0.7,0,1,0,-0.7,0,-0.714],"_humanoidState":8,"_cameraCFrame":[752.341,233.124,38.87,-0.769,-0.628,0.121,0,0.189,0.982,-0.639,0.755,-0.145],"_shiftlockState":true,"_pose":"Running","_animationQueue":[],"_animationSpeed":1.093,"_zoom":9.167},{"_mousePosition":[683,352.5],"_rootPartCFrame":[751.528,223.691,41.069,-0.769,0,0.639,0,1,0,-0.639,0,-0.769],"_humanoidState":3,"_cameraCFrame":[751.134,234.19,38.625,-0.811,-0.575,0.112,0,0.191,0.982,-0.585,0.796,-0.155],"_shiftlockState":true,"_pose":"Jumping","_animationQueue":[["walk",0.1],["walk",0.1],["jump",0.1]],"_animationSpeed":1,"_zoom":9.167},{"_mousePosition":[683,352.5],"_rootPartCFrame":[750.709,224.486,40.871,-0.754,0,0.657,0,1,0,-0.657,0,-0.754],"_humanoidState":5,"_cameraCFrame":[750.161,234.982,38.446,-0.848,-0.52,0.102,0,0.193,0.981,-0.53,0.832,-0.163],"_shiftlockState":true,"_pose":"FreeFall","_animationQueue":[["jump",0.1]],"_animationSpeed":1,"_zoom":9.167},{"_mousePosition":[683,352.5],"_rootPartCFrame":[749.931,225.227,40.674,-0.773,0,0.634,0,1,0,-0.634,0,-0.773],"_humanoidState":5,"_cameraCFrame":[749.234,235.721,38.282,-0.88,-0.466,0.092,0,0.193,0.981,-0.475,0.863,-0.17],"_shiftlockState":true,"_pose":"FreeFall","_animationQueue":[],"_animationSpeed":1,"_zoom":9.167},{"_mousePosition":[683,352.5],"_rootPartCFrame":[749.372,225.746,40.529,-0.828,0,0.56,0,1,0,-0.56,0,-0.828],"_humanoidState":5,"_cameraCFrame":[748.493,236.24,38.198,-0.914,-0.398,0.079,0,0.193,0.981,-0.406,0.897,-0.177],"_shiftlockState":true,"_pose":"FreeFall","_animationQueue":[],"_animationSpeed":1,"_zoom":9.167},{"_mousePosition":[683,352.5],"_rootPartCFrame":[748.492,226.544,40.294,-0.834,0,0.552,0,1,0,-0.552,0,-0.834],"_humanoidState":5,"_cameraCFrame":[747.413,237.04,38.059,-0.945,-0.321,0.063,0,0.192,0.981,-0.327,0.927,-0.181],"_shiftlockState":true,"_pose":"FreeFall","_animationQueue":[],"_animationSpeed":1,"_zoom":9.167},{"_mousePosition":[683,352.5],"_rootPartCFrame":[747.831,227.12,40.112,-0.893,0,0.45,0,1,0,-0.45,0,-0.893],"_humanoidState":5,"_cameraCFrame":[746.574,237.624,38.003,-0.968,-0.248,0.048,0,0.188,0.982,-0.253,0.95,-0.182],"_shiftlockState":true,"_pose":"FreeFall","_animationQueue":[],"_animationSpeed":1,"_zoom":9.167},{"_mousePosition":[683,352.5],"_rootPartCFrame":[747.361,227.517,39.982,-0.937,0,0.348,0,1,0,-0.348,0,-0.937],"_humanoidState":5,"_cameraCFrame":[745.941,238.033,38.034,-0.983,-0.178,0.033,0,0.181,0.984,-0.181,0.967,-0.178],"_shiftlockState":true,"_pose":"FreeFall","_animationQueue":[],"_animationSpeed":1,"_zoom":9.167},{"_mousePosition":[683,352.5],"_rootPartCFrame":[746.626,228.11,39.777,-0.94,0,0.342,0,1,0,-0.342,0,-0.94],"_humanoidState":5,"_cameraCFrame":[745.084,238.633,37.957,-0.993,-0.118,0.021,0,0.177,0.984,-0.12,0.977,-0.176],"_shiftlockState":true,"_pose":"FreeFall","_animationQueue":[],"_animationSpeed":1,"_zoom":9.167},{"_mousePosition":[683,352.5],"_rootPartCFrame":[746.08,228.524,39.627,-0.968,0,0.251,0,1,0,-0.251,0,-0.968],"_humanoidState":5,"_cameraCFrame":[744.437,239.048,37.905,-0.998,-0.063,0.011,0,0.176,0.984,-0.064,0.982,-0.176],"_shiftlockState":true,"_pose":"FreeFall","_animationQueue":[],"_animationSpeed":1,"_zoom":9.167},{"_mousePosition":[683,352.5],"_rootPartCFrame":[745.571,228.882,39.492,-0.981,0,0.196,0,1,0,-0.196,0,-0.981],"_humanoidState":5,"_cameraCFrame":[743.83,239.403,37.847,-1,-0.005,0.001,0,0.178,0.984,-0.005,0.984,-0.178],"_shiftlockState":true,"_pose":"FreeFall","_animationQueue":[],"_animationSpeed":1,"_zoom":9.167},{"_mousePosition":[683,352.5],"_rootPartCFrame":[745.213,229.116,39.401,-0.994,0,0.105,0,1,0,-0.105,0,-0.994],"_humanoidState":5,"_cameraCFrame":[743.327,239.628,37.876,-0.996,0.083,-0.016,0,0.183,0.983,0.085,0.98,-0.183],"_shiftlockState":true,"_pose":"FreeFall","_animationQueue":[],"_animationSpeed":1,"_zoom":9.167},{"_mousePosition":[683,352.5],"_rootPartCFrame":[744.66,229.436,39.274,-0.997,0,0.082,0,1,0,-0.082,0,-0.997],"_humanoidState":5,"_cameraCFrame":[742.651,239.947,37.907,-0.986,0.166,-0.031,0,0.184,0.983,0.169,0.969,-0.181],"_shiftlockState":true,"_pose":"FreeFall","_animationQueue":[],"_animationSpeed":1,"_zoom":9.167},{"_mousePosition":[683,352.5],"_rootPartCFrame":[744.353,229.588,39.214,-0.998,0,-0.07,0,1,0,0.07,0,-0.998],"_humanoidState":5,"_cameraCFrame":[742.255,240.104,38.029,-0.97,0.238,-0.044,0,0.181,0.984,0.241,0.954,-0.175],"_shiftlockState":true,"_pose":"FreeFall","_animationQueue":[],"_animationSpeed":1,"_zoom":9.167},{"_mousePosition":[683,352.5],"_rootPartCFrame":[743.971,229.742,39.156,-0.994,0,-0.11,0,1,0,0.11,0,-0.994],"_humanoidState":5,"_cameraCFrame":[741.793,240.268,38.207,-0.945,0.321,-0.057,0,0.175,0.985,0.326,0.931,-0.166],"_shiftlockState":true,"_pose":"FreeFall","_animationQueue":[],"_animationSpeed":1,"_zoom":9.167},{"_mousePosition":[683,352.5],"_rootPartCFrame":[743.533,229.859,39.122,-0.986,0,-0.165,0,1,0,0.165,0,-0.986],"_humanoidState":5,"_cameraCFrame":[741.276,240.387,38.415,-0.907,0.415,-0.073,0,0.174,0.985,0.421,0.893,-0.158],"_shiftlockState":true,"_pose":"FreeFall","_animationQueue":[],"_animationSpeed":1,"_zoom":9.167},{"_mousePosition":[683,352.5],"_rootPartCFrame":[743.213,229.891,39.128,-0.955,0,-0.297,0,1,0,0.297,0,-0.955],"_humanoidState":5,"_cameraCFrame":[740.893,240.418,38.665,-0.857,0.507,-0.089,0,0.174,0.985,0.515,0.844,-0.149],"_shiftlockState":true,"_pose":"FreeFall","_animationQueue":[],"_animationSpeed":1,"_zoom":9.167},{"_mousePosition":[683,352.5],"_rootPartCFrame":[742.989,229.879,39.153,-0.904,0,-0.427,0,1,0,0.427,0,-0.904],"_humanoidState":5,"_cameraCFrame":[740.599,240.399,38.995,-0.774,0.623,-0.113,0,0.178,0.984,0.633,0.761,-0.138],"_shiftlockState":true,"_pose":"FreeFall","_animationQueue":[],"_animationSpeed":1,"_zoom":9.167},{"_mousePosition":[683,352.5],"_rootPartCFrame":[742.644,229.791,39.235,-0.868,0,-0.496,0,1,0,0.496,0,-0.868],"_humanoidState":5,"_cameraCFrame":[740.215,240.301,39.313,-0.697,0.704,-0.132,0,0.184,0.983,0.717,0.686,-0.128],"_shiftlockState":true,"_pose":"FreeFall","_animationQueue":[],"_animationSpeed":1,"_zoom":9.167},{"_mousePosition":[683,352.5],"_rootPartCFrame":[742.392,229.659,39.339,-0.787,0,-0.618,0,1,0,0.618,0,-0.787],"_humanoidState":5,"_cameraCFrame":[739.961,240.164,39.644,-0.621,0.77,-0.147,0,0.187,0.982,0.784,0.61,-0.116],"_shiftlockState":true,"_pose":"FreeFall","_animationQueue":[],"_animationSpeed":1,"_zoom":9.167},{"_mousePosition":[683,352.5],"_rootPartCFrame":[742.164,229.473,39.474,-0.72,0,-0.694,0,1,0,0.694,0,-0.72],"_humanoidState":5,"_cameraCFrame":[739.741,239.969,40.006,-0.537,0.828,-0.162,0,0.192,0.981,0.844,0.527,-0.103],"_shiftlockState":true,"_pose":"FreeFall","_animationQueue":[],"_animationSpeed":1,"_zoom":9.167},{"_mousePosition":[683,352.5],"_rootPartCFrame":[742.01,229.297,39.595,-0.618,0,-0.786,0,1,0,0.786,0,-0.618],"_humanoidState":5,"_cameraCFrame":[739.588,239.774,40.407,-0.418,0.889,-0.184,0,0.203,0.979,0.908,0.41,-0.085],"_shiftlockState":true,"_pose":"FreeFall","_animationQueue":[],"_animationSpeed":1,"_zoom":9.167},{"_mousePosition":[683,352.5],"_rootPartCFrame":[741.828,229.016,39.782,-0.535,0,-0.845,0,1,0,0.845,0,-0.535],"_humanoidState":5,"_cameraCFrame":[739.412,239.462,40.885,-0.287,0.935,-0.209,0,0.218,0.976,0.958,0.28,-0.063],"_shiftlockState":true,"_pose":"FreeFall","_animationQueue":[["fall",0.3]],"_animationSpeed":1,"_zoom":9.167},{"_mousePosition":[683,352.5],"_rootPartCFrame":[741.677,228.679,39.995,-0.412,0,-0.911,0,1,0,0.911,0,-0.412],"_humanoidState":5,"_cameraCFrame":[739.277,239.096,41.348,-0.174,0.958,-0.229,0,0.232,0.973,0.985,0.169,-0.04],"_shiftlockState":true,"_pose":"FreeFall","_animationQueue":[],"_animationSpeed":1,"_zoom":9.167},{"_mousePosition":[683,352.5],"_rootPartCFrame":[741.535,228.183,40.289,-0.335,0,-0.942,0,1,0,0.942,0,-0.335],"_humanoidState":5,"_cameraCFrame":[739.153,238.573,41.833,-0.089,0.966,-0.243,0,0.244,0.97,0.996,0.086,-0.022],"_shiftlockState":true,"_pose":"FreeFall","_animationQueue":[],"_animationSpeed":1,"_zoom":9.167},{"_mousePosition":[683,352.5],"_rootPartCFrame":[741.477,227.844,40.478,-0.188,0,-0.982,0,1,0,0.982,0,-0.188],"_humanoidState":5,"_cameraCFrame":[739.12,238.209,42.198,-0.013,0.967,-0.255,0,0.255,0.967,1,0.012,-0.003],"_shiftlockState":true,"_pose":"FreeFall","_animationQueue":[],"_animationSpeed":1,"_zoom":9.167},{"_mousePosition":[683,352.5],"_rootPartCFrame":[741.434,227.344,40.739,-0.145,0,-0.989,0,1,0,0.989,0,-0.145],"_humanoidState":5,"_cameraCFrame":[739.115,237.678,42.658,0.071,0.961,-0.267,0,0.267,0.964,0.997,-0.068,0.019],"_shiftlockState":true,"_pose":"FreeFall","_animationQueue":[],"_animationSpeed":1,"_zoom":9.167},{"_mousePosition":[683,352.5],"_rootPartCFrame":[741.423,226.643,41.072,-0.095,0,-0.995,0,1,0,0.995,0,-0.095],"_humanoidState":5,"_cameraCFrame":[739.13,236.949,43.146,0.134,0.952,-0.276,0,0.278,0.961,0.991,-0.128,0.037],"_shiftlockState":true,"_pose":"FreeFall","_animationQueue":[],"_animationSpeed":1,"_zoom":9.167},{"_mousePosition":[683,352.5],"_rootPartCFrame":[741.432,226.181,41.271,0.034,0,-0.999,0,1,0,0.999,0,0.034],"_humanoidState":5,"_cameraCFrame":[739.15,236.468,43.435,0.168,0.945,-0.281,0,0.285,0.959,0.986,-0.161,0.048],"_shiftlockState":true,"_pose":"FreeFall","_animationQueue":[["fall",0.3]],"_animationSpeed":1,"_zoom":9.167},{"_mousePosition":[683,352.5],"_rootPartCFrame":[741.474,225.344,41.602,0.002,0,-1,0,1,0,1,0,0.002],"_humanoidState":5,"_cameraCFrame":[739.168,235.625,43.766,0.167,0.944,-0.283,0,0.287,0.958,0.986,-0.16,0.048],"_shiftlockState":true,"_pose":"FreeFall","_animationQueue":[],"_animationSpeed":1,"_zoom":9.167},{"_mousePosition":[683,352.5],"_rootPartCFrame":[741.517,224.613,41.865,0.034,0,-0.999,0,1,0,0.999,0,0.034],"_humanoidState":5,"_cameraCFrame":[739.087,234.878,43.953,0.131,0.948,-0.29,0,0.293,0.956,0.991,-0.126,0.038],"_shiftlockState":true,"_pose":"FreeFall","_animationQueue":[],"_animationSpeed":1,"_zoom":9.167},{"_mousePosition":[683,352.5],"_rootPartCFrame":[741.561,223.827,42.128,-0.001,0,-1,0,1,0,1,0,-0.001],"_humanoidState":5,"_cameraCFrame":[738.962,234.084,44.042,0.062,0.953,-0.295,0,0.296,0.955,0.998,-0.059,0.018],"_shiftlockState":true,"_pose":"FreeFall","_animationQueue":[],"_animationSpeed":1,"_zoom":9.167},{"_mousePosition":[683,352.5],"_rootPartCFrame":[741.589,223.202,42.326,-0.038,0,-0.999,0,1,0,0.999,0,-0.038],"_humanoidState":5,"_cameraCFrame":[738.818,233.457,43.992,-0.03,0.955,-0.296,0,0.297,0.955,1,0.029,-0.009],"_shiftlockState":true,"_pose":"FreeFall","_animationQueue":[],"_animationSpeed":1,"_zoom":9.167},{"_mousePosition":[683,352.5],"_rootPartCFrame":[741.608,222.43,42.592,-0.072,0,-0.997,0,1,0,0.997,0,-0.072],"_humanoidState":7,"_cameraCFrame":[738.639,232.685,43.873,-0.164,0.942,-0.293,0,0.297,0.955,0.986,0.156,-0.049],"_shiftlockState":true,"_pose":"FreeFall","_animationQueue":[["walk",0.1],["fall",0.3],["fall",0.3]],"_animationSpeed":1,"_zoom":9.167},{"_mousePosition":[683,352.5],"_rootPartCFrame":[741.602,222.403,42.925,-0.169,0,-0.986,0,1,0,0.986,0,-0.169],"_humanoidState":7,"_cameraCFrame":[738.461,232.66,43.669,-0.334,0.9,-0.279,0,0.296,0.955,0.943,0.319,-0.099],"_shiftlockState":true,"_pose":"FreeFall","_animationQueue":[["fall",0.3]],"_animationSpeed":1,"_zoom":9.167},{"_mousePosition":[683,352.5],"_rootPartCFrame":[741.563,222.489,43.188,-0.342,0,-0.94,0,1,0,0.94,0,-0.342],"_humanoidState":8,"_cameraCFrame":[738.364,232.755,43.359,-0.501,0.828,-0.253,0,0.293,0.956,0.865,0.479,-0.147],"_shiftlockState":true,"_pose":"Running","_animationQueue":[["walk",0.1],["fall",0.3],["walk",0.1]],"_animationSpeed":1.103,"_zoom":9.167},{"_mousePosition":[683,352.5],"_rootPartCFrame":[741.478,222.548,43.441,-0.511,0,-0.86,0,1,0,0.86,0,-0.511],"_humanoidState":8,"_cameraCFrame":[738.33,232.818,42.909,-0.68,0.701,-0.214,0,0.291,0.957,0.733,0.651,-0.198],"_shiftlockState":true,"_pose":"Running","_animationQueue":[],"_animationSpeed":1.103,"_zoom":9.167},{"_mousePosition":[683,352.5],"_rootPartCFrame":[741.351,222.582,43.675,-0.69,0,-0.724,0,1,0,0.724,0,-0.69],"_humanoidState":8,"_cameraCFrame":[738.336,232.85,42.607,-0.795,0.58,-0.177,0,0.292,0.956,0.606,0.761,-0.232],"_shiftlockState":true,"_pose":"Running","_animationQueue":[],"_animationSpeed":1.103,"_zoom":9.167},{"_mousePosition":[683,352.5],"_rootPartCFrame":[741.177,222.6,43.875,-0.802,0,-0.597,0,1,0,0.597,0,-0.802],"_humanoidState":8,"_cameraCFrame":[738.383,232.879,42.38,-0.88,0.454,-0.137,0,0.288,0.958,0.474,0.843,-0.254],"_shiftlockState":true,"_pose":"Running","_animationQueue":[],"_animationSpeed":1.103,"_zoom":9.167},{"_mousePosition":[683,352.5],"_rootPartCFrame":[740.951,223.67,44.121,-0.887,0,-0.462,0,1,0,0.462,0,-0.887],"_humanoidState":3,"_cameraCFrame":[738.368,233.968,42.379,-0.928,0.357,-0.105,0,0.281,0.96,0.372,0.891,-0.261],"_shiftlockState":true,"_pose":"Jumping","_animationQueue":[["walk",0.1],["jump",0.1]],"_animationSpeed":1,"_zoom":9.167},{"_mousePosition":[683,352.5],"_rootPartCFrame":[740.755,224.465,44.297,-0.959,0,-0.282,0,1,0,0.282,0,-0.959],"_humanoidState":5,"_cameraCFrame":[738.368,234.779,42.37,-0.96,0.27,-0.077,0,0.275,0.961,0.281,0.923,-0.264],"_shiftlockState":true,"_pose":"FreeFall","_animationQueue":[["jump",0.1]],"_animationSpeed":1,"_zoom":9.167},{"_mousePosition":[683,352.5],"_rootPartCFrame":[740.594,225.026,44.409,-0.982,0,-0.188,0,1,0,0.188,0,-0.982],"_humanoidState":5,"_cameraCFrame":[738.366,235.355,42.367,-0.978,0.202,-0.056,0,0.269,0.963,0.21,0.942,-0.263],"_shiftlockState":true,"_pose":"FreeFall","_animationQueue":[],"_animationSpeed":1,"_zoom":9.167},{"_mousePosition":[683,352.5],"_rootPartCFrame":[740.3,225.891,44.551,-0.999,0,-0.046,0,1,0,0.046,0,-0.999],"_humanoidState":5,"_cameraCFrame":[738.148,236.225,42.445,-0.985,0.169,-0.047,0,0.267,0.964,0.175,0.949,-0.263],"_shiftlockState":true,"_pose":"FreeFall","_animationQueue":[],"_animationSpeed":1,"_zoom":9.167},{"_mousePosition":[683,352.5],"_rootPartCFrame":[740.111,226.37,44.609,-0.997,0,-0.076,0,1,0,0.076,0,-0.997],"_humanoidState":5,"_cameraCFrame":[737.979,236.704,42.483,-0.986,0.16,-0.044,0,0.267,0.964,0.166,0.95,-0.264],"_shiftlockState":true,"_pose":"FreeFall","_animationQueue":[],"_animationSpeed":1,"_zoom":9.167},{"_mousePosition":[683,352.5],"_rootPartCFrame":[739.85,226.96,44.66,-0.999,0,-0.033,0,1,0,0.033,0,-0.999],"_humanoidState":5,"_cameraCFrame":[737.718,237.294,42.535,-0.986,0.16,-0.044,0,0.267,0.964,0.166,0.95,-0.264],"_shiftlockState":true,"_pose":"FreeFall","_animationQueue":[],"_animationSpeed":1,"_zoom":9.167},{"_mousePosition":[683,352.5],"_rootPartCFrame":[739.587,227.496,44.705,-0.999,0,-0.033,0,1,0,0.033,0,-0.999],"_humanoidState":5,"_cameraCFrame":[737.455,237.83,42.579,-0.986,0.16,-0.044,0,0.267,0.964,0.166,0.95,-0.264],"_shiftlockState":true,"_pose":"FreeFall","_animationQueue":[],"_animationSpeed":1,"_zoom":9.167},{"_mousePosition":[683,352.5],"_rootPartCFrame":[739.324,227.977,44.749,-0.999,0,-0.033,0,1,0,0.033,0,-0.999],"_humanoidState":5,"_cameraCFrame":[737.192,238.311,42.623,-0.986,0.16,-0.044,0,0.267,0.964,0.166,0.95,-0.264],"_shiftlockState":true,"_pose":"FreeFall","_animationQueue":[],"_animationSpeed":1,"_zoom":9.167},{"_mousePosition":[683,352.5],"_rootPartCFrame":[739.061,228.404,44.793,-0.999,0,-0.033,0,1,0,0.033,0,-0.999],"_humanoidState":5,"_cameraCFrame":[736.929,238.738,42.668,-0.986,0.16,-0.044,0,0.267,0.964,0.166,0.95,-0.264],"_shiftlockState":true,"_pose":"FreeFall","_animationQueue":[],"_animationSpeed":1,"_zoom":9.167},{"_mousePosition":[683,352.5],"_rootPartCFrame":[738.798,228.777,44.838,-0.999,0,-0.033,0,1,0,0.033,0,-0.999],"_humanoidState":5,"_cameraCFrame":[736.667,239.111,42.712,-0.986,0.16,-0.044,0,0.267,0.964,0.166,0.95,-0.264],"_shiftlockState":true,"_pose":"FreeFall","_animationQueue":[],"_animationSpeed":1,"_zoom":9.167},{"_mousePosition":[683,352.5],"_rootPartCFrame":[738.535,229.095,44.882,-0.999,0