[{"_mousePosition":[1198,376],"_rootPartCFrame":[776.024,222.974,47.142,0.004,0.004,1,0,1,-0.004,-1,0,0.004],"_humanoidState":8,"_cameraCFrame":[776.606,231.373,41.839,-0.994,-0.085,0.066,0,0.612,0.791,-0.108,0.786,-0.608],"_shiftlockState":false,"_pose":"Standing","_animationQueue":[],"_animationSpeed":1,"_zoom":8.72},{"_mousePosition":[1198,376],"_rootPartCFrame":[775.778,222.846,47.115,0.019,0.001,1,0,1,-0.001,-1,0,0.019],"_humanoidState":8,"_cameraCFrame":[776.355,231.244,41.813,-0.994,-0.085,0.066,0,0.612,0.791,-0.108,0.786,-0.608],"_shiftlockState":false,"_pose":"Standing","_animationQueue":[],"_animationSpeed":1,"_zoom":8.72},{"_mousePosition":[1198,376],"_rootPartCFrame":[775.514,222.677,47.087,0.031,0,1,0,1,0,-1,0,0.031],"_humanoidState":8,"_cameraCFrame":[776.089,231.076,41.784,-0.994,-0.085,0.066,0,0.612,0.791,-0.108,0.786,-0.608],"_shiftlockState":false,"_pose":"Running","_animationQueue":[["walk",0.1]],"_animationSpeed":1.065,"_zoom":8.72},{"_mousePosition":[1198,376],"_rootPartCFrame":[775.382,222.654,47.072,0.036,0,0.999,0,1,0,-0.999,0,0.036],"_humanoidState":8,"_cameraCFrame":[775.957,231.053,41.77,-0.994,-0.085,0.066,0,0.612,0.791,-0.108,0.786,-0.608],"_shiftlockState":false,"_pose":"Running","_animationQueue":[],"_animationSpeed":1.065,"_zoom":8.72},{"_mousePosition":[1198,376],"_rootPartCFrame":[775.117,222.662,47.043,0.046,0,0.999,0,1,0,-0.999,0,0.046],"_humanoidState":8,"_cameraCFrame":[775.692,231.061,41.741,-0.994,-0.085,0.066,0,0.612,0.791,-0.108,0.786,-0.608],"_shiftlockState":false,"_pose":"Running","_animationQueue":[],"_animationSpeed":1.065,"_zoom":8.72},{"_mousePosition":[1198,376],"_rootPartCFrame":[774.852,222.677,47.015,0.054,0,0.999,0,1,0,-0.999,0,0.054],"_humanoidState":8,"_cameraCFrame":[773.687,231.076,41.523,-0.994,-0.085,0.066,0,0.612,0.791,-0.108,0.786,-0.608],"_shiftlockState":true,"_pose":"Running","_animationQueue":[],"_animationSpeed":1.065,"_zoom":8.72},{"_mousePosition":[683,384],"_rootPartCFrame":[774.454,222.691,46.972,-0.999,0,-0.033,0,1,0,0.033,0,-0.999],"_humanoidState":8,"_cameraCFrame":[773.29,231.089,41.48,-0.994,-0.085,0.066,0,0.612,0.791,-0.108,0.786,-0.608],"_shiftlockState":true,"_pose":"Running","_animationQueue":[["walk",0.1]],"_animationSpeed":1.065,"_zoom":8.72},{"_mousePosition":[683,384],"_rootPartCFrame":[774.255,222.694,46.95,-0.996,0,0.084,0,1,0,-0.084,0,-0.996],"_humanoidState":8,"_cameraCFrame":[773.091,231.093,41.459,-0.994,-0.085,0.066,0,0.612,0.791,-0.108,0.786,-0.608],"_shiftlockState":true,"_pose":"Running","_animationQueue":[],"_animationSpeed":1.065,"_zoom":8.72},{"_mousePosition":[683,384],"_rootPartCFrame":[773.99,222.697,46.921,-0.995,0,0.104,0,1,0,-0.104,0,-0.995],"_humanoidState":8,"_cameraCFrame":[772.826,231.095,41.43,-0.994,-0.085,0.066,0,0.612,0.791,-0.108,0.786,-0.608],"_shiftlockState":true,"_pose":"Running","_animationQueue":[],"_animationSpeed":1.065,"_zoom":8.72},{"_mousePosition":[683,384],"_rootPartCFrame":[773.725,222.698,46.892,-0.994,0,0.107,0,1,0,-0.107,0,-0.994],"_humanoidState":8,"_cameraCFrame":[772.561,231.097,41.401,-0.994,-0.085,0.066,0,0.612,0.791,-0.108,0.786,-0.608],"_shiftlockState":true,"_pose":"Running","_animationQueue":[],"_animationSpeed":1.065,"_zoom":8.72},{"_mousePosition":[683,384],"_rootPartCFrame":[773.46,222.699,46.864,-0.994,0,0.108,0,1,0,-0.108,0,-0.994],"_humanoidState":8,"_cameraCFrame":[772.258,231.08,41.359,-0.995,-0.079,0.062,0,0.614,0.789,-0.101,0.785,-0.611],"_shiftlockState":true,"_pose":"Running","_animationQueue":[],"_animationSpeed":1.065,"_zoom":8.72},{"_mousePosition":[683,384],"_rootPartCFrame":[773.128,222.699,46.828,-0.995,0,0.101,0,1,0,-0.101,0,-0.995],"_humanoidState":8,"_cameraCFrame":[771.785,231.115,41.399,-0.997,-0.06,0.046,0,0.609,0.793,-0.076,0.791,-0.607],"_shiftlockState":true,"_pose":"Running","_animationQueue":[],"_animationSpeed":1.065,"_zoom":8.72},{"_mousePosition":[683,384],"_rootPartCFrame":[772.929,222.699,46.807,-0.999,0,0.039,0,1,0,-0.039,0,-0.999],"_humanoidState":8,"_cameraCFrame":[771.379,231.244,41.604,-0.999,-0.031,0.023,0,0.589,0.808,-0.039,0.807,-0.589],"_shiftlockState":true,"_pose":"Running","_animationQueue":[],"_animationSpeed":1.065,"_zoom":8.72},{"_mousePosition":[683,384],"_rootPartCFrame":[772.596,222.699,46.792,-0.999,0,0.039,0,1,0,-0.039,0,-0.999],"_humanoidState":8,"_cameraCFrame":[771.05,231.277,41.633,-0.999,-0.032,0.023,0,0.584,0.812,-0.04,0.811,-0.584],"_shiftlockState":true,"_pose":"Running","_animationQueue":[["walk",0.1]],"_animationSpeed":1.065,"_zoom":8.72},{"_mousePosition":[683,384],"_rootPartCFrame":[772.396,222.699,46.784,-0.999,0,0.04,0,1,0,-0.04,0,-0.999],"_humanoidState":8,"_cameraCFrame":[770.852,231.334,41.704,-0.999,-0.033,0.023,0,0.575,0.818,-0.041,0.818,-0.574],"_shiftlockState":true,"_pose":"Running","_animationQueue":[],"_animationSpeed":1.065,"_zoom":8.72},{"_mousePosition":[683,384],"_rootPartCFrame":[772.063,222.7,46.771,-0.999,0,0.041,0,1,0,-0.041,0,-0.999],"_humanoidState":8,"_cameraCFrame":[770.64,231.46,41.834,-0.998,-0.056,0.037,0,0.554,0.833,-0.067,0.831,-0.553],"_shiftlockState":true,"_pose":"Running","_animationQueue":[["walk",0.1]],"_animationSpeed":1.065,"_zoom":8.72},{"_mousePosition":[683,384],"_rootPartCFrame":[771.863,222.695,46.763,-0.998,0,0.067,0,1,0,-0.067,0,-0.998],"_humanoidState":8,"_cameraCFrame":[770.502,231.497,41.871,-0.997,-0.067,0.044,0,0.547,0.837,-0.08,0.835,-0.545],"_shiftlockState":true,"_pose":"Running","_animationQueue":[],"_animationSpeed":1.065,"_zoom":8.72},{"_mousePosition":[683,384],"_rootPartCFrame":[771.664,222.695,46.75,-0.997,0,0.08,0,1,0,-0.08,0,-0.997],"_humanoidState":8,"_cameraCFrame":[770.357,231.581,41.971,-0.996,-0.08,0.05,0,0.532,0.847,-0.094,0.843,-0.529],"_shiftlockState":true,"_pose":"Running","_animationQueue":[],"_animationSpeed":1.065,"_zoom":8.72},{"_mousePosition":[683,384],"_rootPartCFrame":[771.398,222.697,46.73,-0.996,0,0.094,0,1,0,-0.094,0,-0.996],"_humanoidState":8,"_cameraCFrame":[770.111,231.675,42.089,-0.995,-0.087,0.052,0,0.514,0.858,-0.101,0.853,-0.512],"_shiftlockState":true,"_pose":"Running","_animationQueue":[],"_animationSpeed":1.065,"_zoom":8.72},{"_mousePosition":[683,384],"_rootPartCFrame":[771.066,222.698,46.699,-0.995,0,0.101,0,1,0,-0.101,0,-0.995],"_humanoidState":8,"_cameraCFrame":[769.765,231.758,42.197,-0.995,-0.088,0.051,0,0.498,0.867,-0.101,0.862,-0.496],"_shiftlockState":true,"_pose":"Running","_animationQueue":[],"_animationSpeed":1.065,"_zoom":8.72},{"_mousePosition":[683,384],"_rootPartCFrame":[770.867,222.699,46.679,-0.995,0,0.101,0,1,0,-0.101,0,-0.995],"_humanoidState":8,"_cameraCFrame":[769.542,231.844,42.333,-0.995,-0.087,0.048,0,0.481,0.877,-0.099,0.872,-0.479],"_shiftlockState":true,"_pose":"Running","_animationQueue":[],"_animationSpeed":1.065,"_zoom":8.72},{"_mousePosition":[683,384],"_rootPartCFrame":[770.601,222.699,46.652,-0.995,0,0.099,0,1,0,-0.099,0,-0.995],"_humanoidState":8,"_cameraCFrame":[769.256,231.908,42.425,-0.995,-0.086,0.045,0,0.467,0.884,-0.097,0.88,-0.465],"_shiftlockState":true,"_pose":"Running","_animationQueue":[],"_animationSpeed":1.065,"_zoom":8.72},{"_mousePosition":[683,384],"_rootPartCFrame":[770.336,222.699,46.625,-0.995,0,0.097,0,1,0,-0.097,0,-0.995],"_humanoidState":8,"_cameraCFrame":[768.98,231.986,42.547,-0.995,-0.088,0.044,0,0.45,0.893,-0.098,0.889,-0.448],"_shiftlockState":true,"_pose":"Running","_animationQueue":[["walk",0.1]],"_animationSpeed":1.065,"_zoom":8.72},{"_mousePosition":[683,384],"_rootPartCFrame":[770.004,223.77,46.592,-0.995,0,0.098,0,1,0,-0.098,0,-0.995],"_humanoidState":3,"_cameraCFrame":[768.643,233.106,42.612,-0.995,-0.089,0.044,0,0.439,0.899,-0.099,0.894,-0.436],"_shiftlockState":true,"_pose":"Jumping","_animationQueue":[["walk",0.1],["jump",0.1]],"_animationSpeed":1,"_zoom":8.72},{"_mousePosition":[683,384],"_rootPartCFrame":[769.805,224.371,46.573,-0.987,0,0.161,0,1,0,-0.161,0,-0.987],"_humanoidState":5,"_cameraCFrame":[768.436,233.765,42.711,-0.995,-0.091,0.043,0,0.425,0.905,-0.1,0.901,-0.423],"_shiftlockState":true,"_pose":"FreeFall","_animationQueue":[["jump",0.1]],"_animationSpeed":1,"_zoom":8.72},{"_mousePosition":[683,384],"_rootPartCFrame":[769.54,225.125,46.546,-0.975,0,0.224,0,1,0,-0.224,0,-0.975],"_humanoidState":5,"_cameraCFrame":[768.158,234.574,42.806,-0.995,-0.091,0.041,0,0.411,0.912,-0.1,0.907,-0.409],"_shiftlockState":true,"_pose":"FreeFall","_animationQueue":[],"_animationSpeed":1,"_zoom":8.72},{"_mousePosition":[683,384],"_rootPartCFrame":[769.275,225.824,46.519,-0.973,0,0.231,0,1,0,-0.231,0,-0.973],"_humanoidState":5,"_cameraCFrame":[767.877,235.308,42.858,-0.995,-0.09,0.039,0,0.402,0.916,-0.098,0.911,-0.4],"_shiftlockState":true,"_pose":"FreeFall","_animationQueue":[],"_animationSpeed":1,"_zoom":8.72},{"_mousePosition":[683,384],"_rootPartCFrame":[769.009,226.469,46.493,-0.973,0,0.229,0,1,0,-0.229,0,-0.973],"_humanoidState":5,"_cameraCFrame":[767.595,235.978,42.894,-0.995,-0.087,0.038,0,0.395,0.919,-0.095,0.914,-0.394],"_shiftlockState":true,"_pose":"FreeFall","_animationQueue":[],"_animationSpeed":1,"_zoom":8.72},{"_mousePosition":[683,384],"_rootPartCFrame":[768.744,227.059,46.466,-0.974,0,0.226,0,1,0,-0.226,0,-0.974],"_humanoidState":5,"_cameraCFrame":[767.318,236.585,42.909,-0.996,-0.086,0.036,0,0.391,0.92,-0.093,0.916,-0.389],"_shiftlockState":true,"_pose":"FreeFall","_animationQueue":[],"_animationSpeed":1,"_zoom":8.72},{"_mousePosition":[683,384],"_rootPartCFrame":[768.478,227.595,46.441,-0.974,0,0.224,0,1,0,-0.224,0,-0.974],"_humanoidState":5,"_cameraCFrame":[767.044,237.129,42.906,-0.996,-0.084,0.035,0,0.389,0.921,-0.091,0.918,-0.387],"_shiftlockState":true,"_pose":"FreeFall","_animationQueue":[],"_animationSpeed":1,"_zoom":8.72},{"_mousePosition":[683,384],"_rootPartCFrame":[768.213,228.077,46.416,-0.975,0,0.222,0,1,0,-0.222,0,-0.975],"_humanoidState":5,"_cameraCFrame":[766.762,237.616,42.9,-0.996,-0.08,0.034,0,0.387,0.922,-0.087,0.918,-0.386],"_shiftlockState":true,"_pose":"FreeFall","_animationQueue":[],"_animationSpeed":1,"_zoom":8.72},{"_mousePosition":[683,384],"_rootPartCFrame":[767.947,228.503,46.392,-0.976,0,0.218,0,1,0,-0.218,0,-0.976],"_humanoidState":5,"_cameraCFrame":[766.473,238.054,42.911,-0.997,-0.074,0.031,0,0.384,0.923,-0.08,0.92,-0.383],"_shiftlockState":true,"_pose":"FreeFall","_animationQueue":[],"_animationSpeed":1,"_zoom":8.72},{"_mousePosition":[683,384],"_rootPartCFrame":[767.682,228.876,46.368,-0.977,0,0.212,0,1,0,-0.212,0,-0.977],"_humanoidState":5,"_cameraCFrame":[766.166,238.432,42.918,-0.998,-0.064,0.026,0,0.383,0.924,-0.069,0.922,-0.382],"_shiftlockState":true,"_pose":"FreeFall","_animationQueue":[],"_animationSpeed":1,"_zoom":8.72},{"_mousePosition":[683,384],"_rootPartCFrame":[767.416,229.194,46.347,-0.98,0,0.201,0,1,0,-0.201,0,-0.98],"_humanoidState":5,"_cameraCFrame":[765.853,238.755,42.93,-0.998,-0.051,0.021,0,0.381,0.924,-0.055,0.923,-0.381],"_shiftlockState":true,"_pose":"FreeFall","_animationQueue":[],"_animationSpeed":1,"_zoom":8.72},{"_mousePosition":[683,384],"_rootPartCFrame":[767.083,229.514,46.323,-0.975,0,0.22,0,1,0,-0.22,0,-0.975],"_humanoidState":5,"_cameraCFrame":[765.477,239.081,42.939,-0.999,-0.04,0.016,0,0.38,0.925,-0.043,0.924,-0.379],"_shiftlockState":true,"_pose":"FreeFall","_animationQueue":[],"_animationSpeed":1,"_zoom":8.72},{"_mousePosition":[683,384],"_rootPartCFrame":[766.883,229.666,46.312,-0.99,0,0.142,0,1,0,-0.142,0,-0.99],"_humanoidState":5,"_cameraCFrame":[765.234,239.235,42.955,-1,-0.028,0.011,0,0.379,0.925,-0.03,0.925,-0.379],"_shiftlockState":true,"_pose":"FreeFall","_animationQueue":[],"_animationSpeed":1,"_zoom":8.72},{"_mousePosition":[683,384],"_rootPartCFrame":[766.617,229.82,46.3,-0.987,0,0.163,0,1,0,-0.163,0,-0.987],"_humanoidState":5,"_cameraCFrame":[764.929,239.39,42.962,-1,-0.017,0.007,0,0.379,0.925,-0.019,0.925,-0.379],"_shiftlockState":true,"_pose":"FreeFall","_animationQueue":[],"_animationSpeed":1,"_zoom":8.72},{"_mousePosition":[683,384],"_rootPartCFrame":[766.351,229.92,46.291,-0.988,0,0.151,0,1,0,-0.151,0,-0.988],"_humanoidState":5,"_cameraCFrame":[764.628,239.492,42.978,-1,-0.008,0.003,0,0.378,0.926,-0.008,0.926,-0.378],"_shiftlockState":true,"_pose":"FreeFall","_animationQueue":[],"_animationSpeed":1,"_zoom":8.72},{"_mousePosition":[683,384],"_rootPartCFrame":[766.017,229.969,46.284,-0.985,0,0.174,0,1,0,-0.174,0,-0.985],"_humanoidState":5,"_cameraCFrame":[764.267,239.54,42.986,-1,0,0,0,0.378,0.926,0,0.926,-0.378],"_shiftlockState":true,"_pose":"FreeFall","_animationQueue":[],"_animationSpeed":1,"_zoom":8.72},{"_mousePosition":[683,384],"_rootPartCFrame":[765.817,229.957,46.282,-0.995,0,0.1,0,1,0,-0.1,0,-0.995],"_humanoidState":5,"_cameraCFrame":[764.046,239.529,42.995,-1,0.006,-0.002,0,0.378,0.926,0.006,0.926,-0.378],"_shiftlockState":true,"_pose":"FreeFall","_animationQueue":[],"_animationSpeed":1,"_zoom":8.72},{"_mousePosition":[683,384],"_rootPartCFrame":[765.551,229.893,46.282,-0.992,0,0.127,0,1,0,-0.127,0,-0.992],"_humanoidState":5,"_cameraCFrame":[763.769,239.465,43,-1,0.009,-0.004,0,0.378,0.926,0.01,0.926,-0.378],"_shiftlockState":true,"_pose":"FreeFall","_animationQueue":[],"_animationSpeed":1,"_zoom":8.72},{"_mousePosition":[683,384],"_rootPartCFrame":[765.217,229.737,46.284,-0.988,0,0.156,0,1,0,-0.156,0,-0.988],"_humanoidState":5,"_cameraCFrame":[763.433,239.309,43.004,-1,0.01,-0.004,0,0.378,0.926,0.011,0.926,-0.378],"_shiftlockState":true,"_pose":"FreeFall","_animationQueue":[["fall",0.3]],"_animationSpeed":1,"_zoom":8.72},{"_mousePosition":[683,384],"_rootPartCFrame":[765.023,229.602,46.299,-0.997,0,0.076,0,1,0,-0.076,0,-0.997],"_humanoidState":5,"_cameraCFrame":[763.239,239.174,43.019,-1,0.01,-0.004,0,0.378,0.926,0.011,0.926,-0.378],"_shiftlockState":true,"_pose":"FreeFall","_animationQueue":[],"_animationSpeed":1,"_zoom":8.72},{"_mousePosition":[683,384],"_rootPartCFrame":[764.778,229.375,46.351,-0.995,0,0.096,0,1,0,-0.096,0,-0.995],"_humanoidState":5,"_cameraCFrame":[762.993,238.947,43.071,-1,0.01,-0.004,0,0.378,0.926,0.011,0.926,-0.378],"_shiftlockState":true,"_pose":"FreeFall","_animationQueue":[],"_animationSpeed":1,"_zoom":8.72},{"_mousePosition":[683,384],"_rootPartCFrame":[764.548,229.094,46.439,-0.996,0,0.094,0,1,0,-0.094,0,-0.996],"_humanoidState":5,"_cameraCFrame":[762.763,238.666,43.159,-1,0.01,-0.004,0,0.378,0.926,0.011,0.926,-0.378],"_shiftlockState":true,"_pose":"FreeFall","_animationQueue":[],"_animationSpeed":1,"_zoom":8.72},{"_mousePosition":[683,384],"_rootPartCFrame":[764.334,228.758,46.565,-0.996,0,0.094,0,1,0,-0.094,0,-0.996],"_humanoidState":5,"_cameraCFrame":[762.549,238.329,43.284,-1,0.01,-0.004,0,0.378,0.926,0.011,0.926,-0.378],"_shiftlockState":true,"_pose":"FreeFall","_animationQueue":[],"_animationSpeed":1,"_zoom":8.72},{"_mousePosition":[683,384],"_rootPartCFrame":[764.135,228.367,46.726,-0.996,0,0.094,0,1,0,-0.094,0,-0.996],"_humanoidState":5,"_cameraCFrame":[762.35,237.939,43.446,-1,0.01,-0.004,0,0.378,0.926,0.011,0.926,-0.378],"_shiftlockState":true,"_pose":"FreeFall","_animationQueue":[],"_animationSpeed":1,"_zoom":8.72},{"_mousePosition":[683,384],"_rootPartCFrame":[763.947,227.922,46.914,-0.996,0,0.094,0,1,0,-0.094,0,-0.996],"_humanoidState":5,"_cameraCFrame":[762.211,237.491,43.602,-1,-0.004,0.002,0,0.379,0.925,-0.004,0.925,-0.379],"_shiftlockState":true,"_pose":"FreeFall","_animationQueue":[],"_animationSpeed":1,"_zoom":8.72},{"_mousePosition":[683,384],"_rootPartCFrame":[763.714,227.289,47.153,-0.991,0,0.133,0,1,0,-0.133,0,-0.991],"_humanoidState":5,"_cameraCFrame":[762.121,236.861,43.775,-0.999,-0.044,0.018,0,0.378,0.926,-0.047,0.925,-0.378],"_shiftlockState":true,"_pose":"FreeFall","_animationQueue":[["fall",0.3]],"_animationSpeed":1,"_zoom":8.72},{"_mousePosition":[683,384],"_rootPartCFrame":[763.515,226.734,47.25,-0.993,-0.006,0.115,-0.006,1,0,-0.115,-0.001,-0.993],"_humanoidState":5,"_cameraCFrame":[762.169,236.329,43.817,-0.992,-0.114,0.046,0,0.372,0.928,-0.123,0.921,-0.369],"_shiftlockState":true,"_pose":"FreeFall","_animationQueue":[],"_animationSpeed":1,"_zoom":8.72},{"_mousePosition":[683,384],"_rootPartCFrame":[763.26,226.238,47.231,-0.995,-0.01,0.095,-0.01,1,0.001,-0.095,0,-0.995],"_humanoidState":7,"_cameraCFrame":[762.425,235.867,43.717,-0.962,-0.255,0.099,0,0.362,0.932,-0.274,0.897,-0.348],"_shiftlockState":true,"_pose":"FreeFall","_animationQueue":[["walk",0.1],["fall",0.3],["fall",0.3]],"_animationSpeed":1,"_zoom":8.72},{"_mousePosition":[683,384],"_rootPartCFrame":[763.062,226.212,47.141,-0.962,-0.001,0.273,-0.002,1,-0.001,-0.273,-0.002,-0.962],"_humanoidState":7,"_cameraCFrame":[763.001,235.91,43.69,-0.87,-0.463,0.168,0,0.341,0.94,-0.493,0.818,-0.296],"_shiftlockState":true,"_pose":"FreeFall","_animationQueue":[],"_animationSpeed":1,"_zoom":8.72},{"_mousePosition":[683,384],"_rootPartCFrame":[762.803,226.284,46.942,-0.866,0.004,0.5,0.004,1,-0.001,-0.5,0.001,-0.866],"_humanoidState":7,"_cameraCFrame":[763.646,236.06,43.797,-0.677,-0.699,0.232,0,0.315,0.949,-0.736,0.643,-0.213],"_shiftlockState":true,"_pose":"FreeFall","_animationQueue":[],"_animationSpeed":1,"_zoom":8.72},{"_mousePosition":[683,384],"_rootPartCFrame":[762.451,226.362,46.676,-0.656,0,0.754,0,1,0,-0.754,0,-0.656],"_humanoidState":8,"_cameraCFrame":[763.824,236.227,43.984,-0.463,-0.85,0.25,0,0.282,0.959,-0.886,0.444,-0.131],"_shiftlockState":true,"_pose":"Running","_animationQueue":[["walk",0.1],["fall",0.3],["walk",0.1]],"_animationSpeed":1.109,"_zoom":8.72},{"_mousePosition":[683,384],"_rootPartCFrame":[762.278,226.372,46.578,-0.45,0,0.893,0,1,0,-0.893,0,-0.45],"_humanoidState":8,"_cameraCFrame":[763.856,236.321,44.292,-0.281,-0.93,0.238,0,0.247,0.969,-0.96,0.272,-0.07],"_shiftlockState":true,"_pose":"Running","_animationQueue":[],"_animationSpeed":1.109,"_zoom":8.72},{"_mousePosition":[683,384],"_rootPartCFrame":[762.046,226.338,46.447,-0.262,0,0.965,0,1,0,-0.965,0,-0.262],"_humanoidState":8,"_cameraCFrame":[763.669,236.335,44.38,-0.175,-0.959,0.221,0,0.225,0.974,-0.985,0.171,-0.039],"_shiftlockState":true,"_pose":"Running","_animationQueue":[["walk",0.1]],"_animationSpeed":1.109,"_zoom":8.72},{"_mousePosition":[683,384],"_rootPartCFrame":[761.814,226.249,46.315,-0.155,0,0.988,0,1,0,-0.988,0,-0.155],"_humanoidState":8,"_cameraCFrame":[763.351,236.285,44.347,-0.131,-0.971,0.203,0,0.204,0.979,-0.991,0.128,-0.027],"_shiftlockState":true,"_pose":"Running","_animationQueue":[],"_animationSpeed":1.109,"_zoom":8.72},{"_mousePosition":[683,384],"_rootPartCFrame":[761.523,227.333,46.151,-0.106,0,0.994,0,1,0,-0.994,0,-0.106],"_humanoidState":3,"_cameraCFrame":[762.917,237.39,44.167,-0.151,-0.97,0.19,0,0.192,0.981,-0.988,0.149,-0.029],"_shiftlockState":true,"_pose":"Jumping","_animationQueue":[["walk",0.1],["jump",0.1]],"_animationSpeed":1,"_zoom":8.72},{"_mousePosition":[683,384],"_rootPartCFrame":[761.312,228.141,46.006,-0.054,0,0.999,0,1,0,-0.999,0,-0.054],"_humanoidState":5,"_cameraCFrame":[762.491,238.215,43.957,-0.213,-0.961,0.178,0,0.182,0.983,-0.977,0.21,-0.039],"_shiftlockState":true,"_pose":"FreeFall","_animationQueue":[["jump",0.1]],"_animationSpeed":1,"_zoom":8.72},{"_mousePosition":[683,384],"_rootPartCFrame":[761.133,228.895,45.838,-0.085,0,0.996,0,1,0,-0.996,0,-0.085],"_humanoidState":5,"_cameraCFrame":[762.039,238.978,43.69,-0.317,-0.934,0.167,0,0.177,0.984,-0.948,0.312,-0.056],"_shiftlockState":true,"_pose":"FreeFall","_animationQueue":[],"_animationSpeed":1,"_zoom":8.72},{"_mousePosition":[683,384],"_rootPartCFrame":[760.986,229.594,45.647,-0.189,0,0.982,0,1,0,-0.982,0,-0.189],"_humanoidState":5,"_cameraCFrame":[761.569,239.678,43.394,-0.449,-0.879,0.157,0,0.176,0.984,-0.893,0.442,-0.079],"_shiftlockState":true,"_pose":"FreeFall","_animationQueue":[],"_animationSpeed":1,"_zoom":8.72},{"_mousePosition":[683,384],"_rootPartCFrame":[760.868,230.239,45.428,-0.327,0,0.945,0,1,0,-0.945,0,-0.327],"_humanoidState":5,"_cameraCFrame":[761.123,240.323,43.116,-0.573,-0.807,0.144,0,0.176,0.984,-0.82,0.564,-0.101],"_shiftlockState":true,"_pose":"FreeFall","_animationQueue":[],"_animationSpeed":1,"_zoom":8.72},{"_mousePosition":[683,384],"_rootPartCFrame":[760.78,230.687,45.251,-0.488,0,0.873,0,1,0,-0.873,0,-0.488],"_humanoidState":5,"_cameraCFrame":[760.682,240.774,42.936,-0.687,-0.716,0.127,0,0.174,0.985,-0.727,0.676,-0.12],"_shiftlockState":true,"_pose":"FreeFall","_animationQueue":[],"_animationSpeed":1,"_zoom":8.72},{"_mousePosition":[683,384],"_rootPartCFrame":[760.642,231.365,44.958,-0.556,0.001,0.831,0,1,-0.001,-0.831,-0.001,-0.556],"_humanoidState":5,"_cameraCFrame":[760.236,241.453,42.679,-0.777,-0.62,0.109,0,0.174,0.985,-0.629,0.765,-0.135],"_shiftlockState":true,"_pose":"FreeFall","_animationQueue":[],"_animationSpeed":1,"_zoom":8.72},{"_mousePosition":[683,384],"_rootPartCFrame":[760.548,231.732,44.792,-0.71,0.001,0.704,0,1,-0.002,-0.704,-0.002,-0.71],"_humanoidState":5,"_cameraCFrame":[759.844,241.814,42.567,-0.857,-0.507,0.091,0,0.177,0.984,-0.515,0.844,-0.152],"_shiftlockState":true,"_pose":"FreeFall","_animationQueue":[],"_animationSpeed":1,"_zoom":8.72},{"_mousePosition":[683,384],"_rootPartCFrame":[760.406,232.172,44.59,-0.78,0.001,0.625,-0.001,1,-0.002,-0.625,-0.002,-0.78],"_humanoidState":5,"_cameraCFrame":[759.413,242.231,42.385,-0.926,-0.37,0.072,0,0.191,0.982,-0.377,0.909,-0.177],"_shiftlockState":true,"_pose":"FreeFall","_animationQueue":[],"_animationSpeed":1,"_zoom":8.72},{"_mousePosition":[683,384],"_rootPartCFrame":[760.166,232.646,44.391,-0.851,0,0.525,0,1,0,-0.525,0,-0.851],"_humanoidState":5,"_cameraCFrame":[758.919,242.677,42.208,-0.969,-0.243,0.051,0,0.207,0.978,-0.249,0.948,-0.2],"_shiftlockState":true,"_pose":"FreeFall","_animationQueue":[],"_animationSpeed":1,"_zoom":8.72},{"_mousePosition":[683,384],"_rootPartCFrame":[760,232.89,44.292,-0.939,0,0.344,0,1,0,-0.344,0,-0.939],"_humanoidState":5,"_cameraCFrame":[758.441,242.892,42.199,-0.995,-0.093,0.021,0,0.222,0.975,-0.095,0.971,-0.221],"_shiftlockState":true,"_pose":"FreeFall","_animationQueue":[],"_animationSpeed":1,"_zoom":8.72},{"_mousePosition":[683,384],"_rootPartCFrame":[759.761,233.167,44.188,-0.974,0,0.226,0,1,0,-0.226,0,-0.974],"_humanoidState":5,"_cameraCFrame":[757.895,243.155,42.3,-0.998,0.058,-0.014,0,0.229,0.973,0.06,0.972,-0.229],"_shiftlockState":true,"_pose":"FreeFall","_animationQueue":[],"_animationSpeed":1,"_zoom":8.72},{"_mousePosition":[683,384],"_rootPartCFrame":[759.443,233.436,44.111,-0.994,0,0.107,0,1,0,-0.107,0,-0.994],"_humanoidState":5,"_cameraCFrame":[757.317,243.422,42.504,-0.979,0.2,-0.047,0,0.23,0.973,0.206,0.952,-0.226],"_shiftlockState":true,"_pose":"FreeFall","_animationQueue":[],"_animationSpeed":1,"_zoom":8.72},{"_mousePosition":[683,384],"_rootPartCFrame":[759.18,233.591,44.093,-0.997,0,-0.074,0,1,0,0.074,0,-0.997],"_humanoidState":5,"_cameraCFrame":[756.854,243.573,42.772,-0.942,0.326,-0.078,0,0.232,0.973,0.335,0.917,-0.219],"_shiftlockState":true,"_pose":"FreeFall","_animationQueue":[],"_animationSpeed":1,"_zoom":8.72},{"_mousePosition":[683,384],"_rootPartCFrame":[758.983,233.671,44.105,-0.971,0,-0.239,0,1,0,0.239,0,-0.971],"_humanoidState":5,"_cameraCFrame":[756.459,243.633,43.045,-0.887,0.448,-0.111,0,0.241,0.97,0.462,0.861,-0.214],"_shiftlockState":true,"_pose":"FreeFall","_animationQueue":[],"_animationSpeed":1,"_zoom":8.72},{"_mousePosition":[683,384],"_rootPartCFrame":[758.725,233.73,44.156,-0.941,0,-0.34,0,1,0,0.34,0,-0.941],"_humanoidState":5,"_cameraCFrame":[756.029,243.666,43.339,-0.822,0.551,-0.144,0,0.253,0.967,0.57,0.795,-0.208],"_shiftlockState":true,"_pose":"FreeFall","_animationQueue":[],"_animationSpeed":1,"_zoom":8.72},{"_mousePosition":[683,384],"_rootPartCFrame":[758.417,233.727,44.273,-0.905,0,-0.426,0,1,0,0.426,0,-0.905],"_humanoidState":5,"_cameraCFrame":[755.601,243.643,43.689,-0.757,0.631,-0.171,0,0.262,0.965,0.653,0.731,-0.198],"_shiftlockState":true,"_pose":"FreeFall","_animationQueue":[],"_animationSpeed":1,"_zoom":8.72},{"_mousePosition":[683,384],"_rootPartCFrame":[758.189,233.663,44.408,-0.837,0,-0.547,0,1,0,0.547,0,-0.837],"_humanoidState":5,"_cameraCFrame":[755.268,243.557,44.059,-0.686,0.7,-0.197,0,0.271,0.963,0.728,0.66,-0.186],"_shiftlockState":true,"_pose":"FreeFall","_animationQueue":[["fall",0.3]],"_animationSpeed":1,"_zoom":8.72},{"_mousePosition":[683,384],"_rootPartCFrame":[757.98,233.545,44.573,-0.777,0,-0.63,0,1,0,0.63,0,-0.777],"_humanoidState":5,"_cameraCFrame":[754.97,243.413,44.453,-0.613,0.758,-0.222,0,0.281,0.96,0.79,0.588,-0.172],"_shiftlockState":true,"_pose":"FreeFall","_animationQueue":[],"_animationSpeed":1,"_zoom":8.72},{"_mousePosition":[683,384],"_rootPartCFrame":[757.837,233.421,44.712,-0.689,0,-0.725,0,1,0,0.725,0,-0.689],"_humanoidState":5,"_cameraCFrame":[754.739,243.257,44.816,-0.537,0.807,-0.248,0,0.294,0.956,0.844,0.513,-0.158],"_shiftlockState":true,"_pose":"FreeFall","_animationQueue":[],"_animationSpeed":1,"_zoom":8.72},{"_mousePosition":[683,384],"_rootPartCFrame":[757.668,233.207,44.918,-0.644,0,-0.765,0,1,0,0.765,0,-0.644],"_humanoidState":5,"_cameraCFrame":[754.502,243.014,45.206,-0.472,0.84,-0.268,0,0.304,0.953,0.881,0.45,-0.144],"_shiftlockState":true,"_pose":"FreeFall","_animationQueue":[],"_animationSpeed":1,"_zoom":8.72},{"_mousePosition":[683,384],"_rootPartCFrame":[757.484,232.864,45.195,-0.612,0,-0.791,0,1,0,0.791,0,-0.612],"_humanoidState":5,"_cameraCFrame":[754.266,242.647,45.577,-0.437,0.854,-0.281,0,0.313,0.95,0.899,0.415,-0.137],"_shiftlockState":true,"_pose":"FreeFall","_animationQueue":[],"_animationSpeed":1,"_zoom":8.72},{"_mousePosition":[683,384],"_rootPartCFrame":[757.354,232.528,45.428,-0.553,0,-0.833,0,1,0,0.833,0,-0.553],"_humanoidState":5,"_cameraCFrame":[754.106,242.299,45.789,-0.439,0.852,-0.284,0,0.317,0.949,0.899,0.416,-0.139],"_shiftlockState":true,"_pose":"FreeFall","_animationQueue":[],"_animationSpeed":1,"_zoom":8.72},{"_mousePosition":[683,384],"_rootPartCFrame":[757.265,232.24,45.607,-0.526,0,-0.85,0,1,0,0.85,0,-0.526],"_humanoidState":5,"_cameraCFrame":[753.884,241.966,45.648,-0.507,0.813,-0.286,0,0.332,0.943,0.862,0.478,-0.168],"_shiftlockState":true,"_pose":"FreeFall","_animationQueue":[],"_animationSpeed":1,"_zoom":8.72},{"_mousePosition":[683,384],"_rootPartCFrame":[757.156,231.692,45.909,-0.615,0,-0.788,0,1,0,0.788,0,-0.615],"_humanoidState":5,"_cameraCFrame":[753.728,241.373,45.258,-0.654,0.71,-0.262,0,0.346,0.938,0.756,0.614,-0.226],"_shiftlockState":true,"_pose":"FreeFall","_animationQueue":[["fall",0.3]],"_animationSpeed":1,"_zoom":8.72},{"_mousePosition":[683,384],"_rootPartCFrame":[757.12,231.322,46.093,-0.702,0,-0.712,0,1,0,0.712,0,-0.702],"_humanoidState":5,"_cameraCFrame":[753.999,240.953,44.292,-0.857,0.48,-0.186,0,0.361,0.932,0.515,0.8,-0.31],"_shiftlockState":true,"_pose":"FreeFall","_animationQueue":[],"_animationSpeed":1,"_zoom":8.72},{"_mousePosition":[683,384],"_rootPartCFrame":[757.106,230.782,46.347,-0.891,0,-0.454,0,1,0,0.454,0,-0.891],"_humanoidState":5,"_cameraCFrame":[754.655,240.361,43.55,-0.974,0.211,-0.086,0,0.376,0.926,0.227,0.902,-0.366],"_shiftlockState":true,"_pose":"FreeFall","_animationQueue":[],"_animationSpeed":1,"_zoom":8.72},{"_mousePosition":[683,384],"_rootPartCFrame":[757.068,230.03,46.671,-0.989,0,-0.149,0,1,0,0.149,0,-0.989],"_humanoidState":5,"_cameraCFrame":[755.238,239.59,43.387,-1,0.022,-0.009,0,0.382,0.924,0.024,0.924,-0.381],"_shiftlockState":true,"_pose":"FreeFall","_animationQueue":[],"_animationSpeed":1,"_zoom":8.72},{"_mousePosition":[683,384],"_rootPartCFrame":[756.995,229.367,46.921,-0.999,0,0.049,0,1,0,-0.049,0,-0.999],"_humanoidState":5,"_cameraCFrame":[755.574,238.922,43.429,-0.995,-0.089,0.037,0,0.383,0.924,-0.096,0.919,-0.381],"_shiftlockState":true,"_pose":"FreeFall","_animationQueue":[],"_animationSpeed":1,"_zoom":8.72},{"_mousePosition":[683,384],"_rootPartCFrame":[756.885,228.649,47.155,-0.984,0,0.18,0,1,0,-0.18,0,-0.984],"_humanoidState":5,"_cameraCFrame":[755.641,238.207,43.602,-0.989,-0.135,0.056,0,0.382,0.924,-0.146,0.914,-0.378],"_shiftlockState":true,"_pose":"FreeFall","_animationQueue":[],"_animationSpeed":1,"_zoom":8.72},{"_mousePosition":[683,384],"_rootPartCFrame":[756.71,228.857,47.261,-0.994,0.006,0.105,0.006,1,-0.002,-0.105,-0.002,-0.994],"_humanoidState":7,"_cameraCFrame":[755.492,238.418,43.706,-0.989,-0.14,0.058,0,0.382,0.924,-0.151,0.914,-0.377],"_shiftlockState":true,"_pose":"FreeFall","_animationQueue":[["walk",0.1],["fall",0.3],["fall",0.3]],"_animationSpeed":1,"_zoom":8.72},{"_mousePosition":[683,384],"_rootPartCFrame":[756.556,229.177,47.321,-0.996,0.011,0.091,0.01,1,-0.012,-0.091,-0.011,-0.996],"_humanoidState":7,"_cameraCFrame":[755.349,238.738,43.749,-0.988,-0.141,0.058,0,0.382,0.924,-0.152,0.914,-0.377],"_shiftlockState":true,"_pose":"FreeFall","_animationQueue":[["fall",0.3]],"_animationSpeed":1,"_zoom":8.72},{"_mousePosition":[683,384],"_rootPartCFrame":[756.247,229.582,47.373,-1,0.011,0.013,0.011,1,-0.01,-0.014,-0.01,-1],"_humanoidState":8,"_cameraCFrame":[755.043,239.142,43.801,-0.988,-0.142,0.058,0,0.382,0.924,-0.153,0.913,-0.377],"_shiftlockState":true,"_pose":"Running","_animationQueue":[["walk",0.1],["fall",0.3],["walk",0.1]],"_animationSpeed":1.053,"_zoom":8.72},{"_mousePosition":[683,384],"_rootPartCFrame":[756.044,229.719,47.375,-0.999,0.01,0.046,0.009,1,-0.005,-0.046,-0.005,-0.999],"_humanoidState":8,"_cameraCFrame":[754.854,239.279,43.807,-0.988,-0.145,0.06,0,0.382,0.924,-0.157,0.913,-0.377],"_shiftlockState":true,"_pose":"Running","_animationQueue":[["walk",0.1]],"_animationSpeed":0.899,"_zoom":8.72},{"_mousePosition":[683,384],"_rootPartCFrame":[755.893,229.78,47.356,-0.997,0.008,0.075,0.008,1,-0.004,-0.075,-0.003,-0.997],"_humanoidState":8,"_cameraCFrame":[754.735,239.341,43.78,-0.986,-0.154,0.064,0,0.382,0.924,-0.167,0.911,-0.376],"_shiftlockState":true,"_pose":"Running","_animationQueue":[],"_animationSpeed":0.899,"_zoom":8.72},{"_mousePosition":[683,384],"_rootPartCFrame":[755.643,229.843,47.399,-1,0.005,0.03,0.005,1,-0.001,-0.03,-0.001,-1],"_humanoidState":8,"_cameraCFrame":[754.551,239.411,43.821,-0.982,-0.173,0.071,0,0.379,0.925,-0.187,0.909,-0.373],"_shiftlockState":true,"_pose":"Running","_animationQueue":[],"_animationSpeed":0.899,"_zoom":8.72},{"_mousePosition":[683,384],"_rootPartCFrame":[755.443,229.871,47.354,-0.997,0.003,0.077,0.003,1,-0.001,-0.077,-0.001,-0.997],"_humanoidState":8,"_cameraCFrame":[754.471,239.456,43.777,-0.975,-0.207,0.084,0,0.375,0.927,-0.223,0.904,-0.365],"_shiftlockState":true,"_pose":"Running","_animationQueue":[],"_animationSpeed":0.899,"_zoom":8.72},{"_mousePosition":[683,384],"_rootPartCFrame":[755.241,229.889,47.315,-0.993,0.002,0.116,0.002,1,-0.001,-0.116,-0.001,-0.993],"_humanoidState":8,"_cameraCFrame":[754.434,239.489,43.731,-0.963,-0.252,0.1,0,0.37,0.929,-0.271,0.894,-0.356],"_shiftlockState":true,"_pose":"Running","_animationQueue":[["walk",0.1]],"_animationSpeed":0.899,"_zoom":8.72},{"_mousePosition":[683,384],"_rootPartCFrame":[755.085,229.898,47.246,-0.981,0.002,0.192,0.001,1,-0.002,-0.192,-0.001,-0.981],"_humanoidState":8,"_cameraCFrame":[754.441,239.511,43.658,-0.948,-0.295,0.116,0,0.367,0.93,-0.317,0.882,-0.348],"_shiftlockState":true,"_pose":"Running","_animationQueue":[],"_animationSpeed":0.899,"_zoom":8.72},{"_mousePosition":[683,384],"_rootPartCFrame":[754.817,229.908,47.23,-0.98,0.001,0.2,0.001,1,-0.002,-0.2,-0.002,-0.98],"_humanoidState":8,"_cameraCFrame":[754.314,239.534,43.647,-0.934,-0.333,0.13,0,0.363,0.932,-0.357,0.87,-0.339],"_shiftlockState":true,"_pose":"Running","_animationQueue":[],"_animationSpeed":0.899,"_zoom":8.72},{"_mousePosition":[683,384],"_rootPartCFrame":[754.651,229.912,47.153,-0.957,0.001,0.29,0,1,-0.003,-0.29,-0.002,-0.957],"_humanoidState":8,"_cameraCFrame":[754.314,239.563,43.608,-0.914,-0.38,0.144,0,0.355,0.935,-0.407,0.854,-0.325],"_shiftlockState":true,"_pose":"Running","_animationQueue":[["walk",0.1]],"_animationSpeed":0.951,"_zoom":8.72},{"_mousePosition":[683,384],"_rootPartCFrame":[754.424,229.915,47.115,-0.945,0.001,0.328,0,1,-0.003,-0.328,-0.003,-0.945],"_humanoidState":8,"_cameraCFrame":[754.27,239.598,43.63,-0.886,-0.435,0.16,0,0.345,0.938,-0.463,0.832,-0.306],"_shiftlockState":true,"_pose":"Running","_animationQueue":[],"_animationSpeed":0.951,"_zoom":8.72},{"_mousePosition":[683,384],"_rootPartCFrame":[754.191,229.917,47.058,-0.919,0.001,0.394,0,1,-0.003,-0.394,-0.003,-0.919],"_humanoidState":8,"_cameraCFrame":[754.247,239.639,43.661,-0.848,-0.499,0.177,0,0.333,0.943,-0.53,0.8,-0.283],"_shiftlockState":true,"_pose":"Running","_animationQueue":[],"_animationSpeed":0.951,"_zoom":8.72},{"_mousePosition":[683,384],"_rootPartCFrame":[753.951,229.919,46.996,-0.881,0.001,0.473,0,1,-0.004,-0.473,-0.004,-0.881],"_humanoidState":8,"_cameraCFrame":[754.2,239.679,43.703,-0.805,-0.562,0.19,0,0.32,0.947,-0.593,0.763,-0.258],"_shiftlockState":true,"_pose":"Running","_animationQueue":[],"_animationSpeed":0.951,"_zoom":8.72},{"_mousePosition":[683,384],"_rootPartCFrame":[753.641,229.92,46.942,-0.84,0.002,0.542,-0.001,1,-0.004,-0.542,-0.004,-0.84],"_humanoidState":8,"_cameraCFrame":[753.992,239.705,43.72,-0.778,-0.597,0.196,0,0.312,0.95,-0.628,0.739,-0.243],"_shiftlockState":true,"_pose":"Running","_animationQueue":[["walk",0.1],["walk",0.1]],"_animationSpeed":1.008,"_zoom":8.72},{"_mousePosition":[683,384],"_rootPartCFrame":[753.411,229.887,46.887,-0.796,0.016,0.606,0.003,1,-0.023,-0.606,-0.016,-0.795],"_humanoidState":8,"_cameraCFrame":[753.826,239.682,43.681,-0.765,-0.612,0.198,0,0.308,0.951,-0.644,0.728,-0.236],"_shiftlockState":true,"_pose":"Running","_animationQueue":[],"_animationSpeed":1.008,"_zoom":8.72},{"_mousePosition":[683,384],"_rootPartCFrame":[753.273,229.829,46.848,-0.768,0.04,0.639,0.009,0.999,-0.051,-0.64,-0.033,-0.767],"_humanoidState":8,"_cameraCFrame":[753.709,239.625,43.621,-0.767,-0.61,0.197,0,0.307,0.952,-0.641,0.73,-0.236],"_shiftlockState":true,"_pose":"Running","_animationQueue":[["walk",0.1]],"_animationSpeed":0.78,"_zoom":8.72},{"_mousePosition":[683,384],"_rootPartCFrame":[753.154,229.684,46.748,-0.782,0.034,0.623,0.007,0.999,-0.046,-0.624,-0.032,-0.781],"_humanoidState":8,"_cameraCFrame":[753.484,239.483,43.518,-0.786,-0.589,0.19,0,0.307,0.952,-0.619,0.748,-0.241],"_shiftlockState":true,"_pose":"Running","_animationQueue":[["walk",0.1]],"_animationSpeed":0.698,"_zoom":8.72},{"_mousePosition":[683,384],"_rootPartCFrame":[753.075,229.518,46.658,-0.787,0.022,0.617,0.004,0.999,-0.032,-0.617,-0.023,-0.786],"_humanoidState":8,"_cameraCFrame":[753.203,239.317,43.43,-0.82,-0.545,0.175,0,0.307,0.952,-0.572,0.781,-0.251],"_shiftlockState":true,"_pose":"Running","_animationQueue":[["walk",0.1]],"_animationSpeed":0.496,"_zoom":8.72},{"_mousePosition":[683,384],"_rootPartCFrame":[752.98,229.3,46.581,-0.818,0.011,0.575,0.001,1,-0.017,-0.575,-0.013,-0.818],"_humanoidState":8,"_cameraCFrame":[752.834,239.091,43.347,-0.866,-0.476,0.155,0,0.31,0.951,-0.501,0.823,-0.268],"_shiftlockState":true,"_pose":"Running","_animationQueue":[],"_animationSpeed":0.496,"_zoom":8.72},{"_mousePosition":[683,384],"_rootPartCFrame":[752.894,229.103,46.535,-0.863,0.004,0.505,0,1,-0.007,-0.505,-0.006,-0.863],"_humanoidState":8,"_cameraCFrame":[752.452,238.879,43.299,-0.909,-0.395,0.131,0,0.315,0.949,-0.416,0.863,-0.286],"_shiftlockState":true,"_pose":"Running","_animationQueue":[],"_animationSpeed":0.496,"_zoom":8.72},{"_mousePosition":[683,384],"_rootPartCFrame":[752.754,228.792,46.495,-0.871,0,0.491,-0.001,1,-0.001,-0.491,-0.001,-0.871],"_humanoidState":5,"_cameraCFrame":[752.038,238.554,43.282,-0.942,-0.317,0.107,0,0.32,0.948,-0.335,0.893,-0.301],"_shiftlockState":true,"_pose":"FreeFall","_animationQueue":[["walk",0.1],["walk",0.1],["fall",0.3]],"_animationSpeed":1,"_zoom":8.72},{"_mousePosition":[683,384],"_rootPartCFrame":[752.589,228.426,46.484,-0.899,-0.001,0.439,0,1,0.001,-0.439,0,-0.899],"_humanoidState":5,"_cameraCFrame":[751.599,238.175,43.31,-0.968,-0.236,0.081,0,0.324,0.946,-0.25,0.916,-0.314],"_shiftlockState":true,"_pose":"FreeFall","_animationQueue":[],"_animationSpeed":1,"_zoom":8.72},{"_mousePosition":[683,384],"_rootPartCFrame":[752.402,228.006,46.505,-0.933,0,0.36,0,1,0,-0.36,0,-0.933],"_humanoidState":5,"_cameraCFrame":[751.144,237.744,43.398,-0.987,-0.155,0.054,0,0.328,0.945,-0.164,0.932,-0.324],"_shiftlockState":true,"_pose":"FreeFall","_animationQueue":[],"_animationSpeed":1,"_zoom":8.72},{"_mousePosition":[683,384],"_rootPartCFrame":[752.2,227.531,46.563,-0.961,0,0.277,0,1,0,-0.277,0,-0.961],"_humanoidState":5,"_cameraCFrame":[750.665,237.25,43.531,-0.997,-0.068,0.024,0,0.334,0.943,-0.072,0.94,-0.333],"_shiftlockState":true,"_pose":"FreeFall","_animationQueue":[],"_animationSpeed":1,"_zoom":8.72},{"_mousePosition":[683,384],"_rootPartCFrame":[751.937,226.862,46.689,-0.976,0,0.216,0,1,0,-0.216,0,-0.976],"_humanoidState":5,"_cameraCFrame":[750.143,236.566,43.762,-1,0.014,-0.005,0,0.339,0.941,0.015,0.941,-0.339],"_shiftlockState":true,"_pose":"FreeFall","_animationQueue":[],"_animationSpeed":1,"_zoom":8.72},{"_mousePosition":[683,384],"_rootPartCFrame":[751.729,226.264,46.835,-0.995,0,0.102,0,1,0,-0.102,0,-0.995],"_humanoidState":5,"_cameraCFrame":[749.749,235.967,44.024,-0.997,0.075,-0.027,0,0.339,0.941,0.08,0.938,-0.338],"_shiftlockState":true,"_pose":"FreeFall","_animationQueue":[],"_animationSpeed":1,"_zoom":8.72},{"_mousePosition":[683,384],"_rootPartCFrame":[751.583,225.781,46.967,-1,0,0.006,0,1,0,-0.006,0,-1],"_humanoidState":5,"_cameraCFrame":[749.436,235.483,44.282,-0.99,0.132,-0.047,0,0.339,0.941,0.14,0.931,-0.336],"_shiftlockState":true,"_pose":"FreeFall","_animationQueue":[],"_animationSpeed":1,"_zoom":8.72},{"_mousePosition":[683,384],"_rootPartCFrame":[751.363,224.906,47.217,-1,0,0.001,0,1,0,-0.001,0,-1],"_humanoidState":5,"_cameraCFrame":[749.074,234.606,44.643,-0.981,0.181,-0.066,0,0.34,0.94,0.193,0.923,-0.334],"_shiftlockState":true,"_pose":"FreeFall","_animationQueue":[["fall",0.3]],"_animationSpeed":1,"_zoom":8.72},{"_mousePosition":[683,384],"_rootPartCFrame":[751.223,225.171,47.329,-0.995,0.003,-0.099,0.003,1,0,0.099,0,-0.995],"_humanoidState":7,"_cameraCFrame":[748.845,234.861,44.81,-0.974,0.213,-0.078,0,0.343,0.939,0.226,0.915,-0.334],"_shiftlockState":true,"_pose":"FreeFall","_animationQueue":[["walk",0.1],["fall",0.3],["fall",0.3]],"_animationSpeed":1,"_zoom":8.72},{"_mousePosition":[683,384],"_rootPartCFrame":[751.085,225.6,47.301,-0.994,-0.01,-0.11,-0.011,1,0.004,0.11,0.006,-0.994],"_humanoidState":7,"_cameraCFrame":[748.648,235.285,44.813,-0.971,0.226,-0.083,0,0.345,0.939,0.241,0.911,-0.335],"_shiftlockState":true,"_pose":"FreeFall","_animationQueue":[],"_animationSpeed":1,"_zoom":8.72},{"_mousePosition":[683,384],"_rootPartCFrame":[750.993,225.822,47.255,-0.988,-0.015,-0.155,-0.015,1,-0.002,0.155,0,-0.988],"_humanoidState":7,"_cameraCFrame":[748.572,235.508,44.736,-0.973,0.217,-0.08,0,0.345,0.939,0.231,0.913,-0.335],"_shiftlockState":true,"_pose":"FreeFall","_animationQueue":[],"_animationSpeed":1,"_zoom":8.72},{"_mousePosition":[683,384],"_rootPartCFrame":[750.65,226.087,47.249,-0.987,-0.004,-0.163,-0.004,1,0,0.163,0.001,-0.987],"_humanoidState":8,"_cameraCFrame":[748.357,235.772,44.63,-0.982,0.178,-0.065,0,0.345,0.939,0.19,0.922,-0.338],"_shiftlockState":true,"_pose":"Running","_animationQueue":[["walk",0.1],["fall",0.3],["walk",0.1]],"_animationSpeed":0.63,"_zoom":8.72},{"_mousePosition":[683,384],"_rootPartCFrame":[750.461,226.16,47.251,-0.987,-0.001,-0.163,-0.001,1,-0.001,0.163,-0.001,-0.987],"_humanoidState":8,"_cameraCFrame":[748.483,235.853,44.408,-0.997,0.073,-0.027,0,0.342,0.94,0.077,0.937,-0.341],"_shiftlockState":true,"_pose":"Running","_animationQueue":[["walk",0.1]],"_animationSpeed":1.041,"_zoom":8.72},{"_mousePosition":[683,384],"_rootPartCFrame":[750.135,226.231,47.311,-0.998,0,-0.066,0,1,0,0.066,0,-0.998],"_humanoidState":8,"_cameraCFrame":[748.777,235.95,44.196,-0.992,-0.122,0.043,0,0.334,0.943,-0.129,0.935,-0.331],"_shiftlockState":true,"_pose":"Running","_animationQueue":[["walk",0.1]],"_animationSpeed":1.041,"_zoom":8.72},{"_mousePosition":[683,384],"_rootPartCFrame":[749.875,226.26,47.299,-0.994,0.001,0.112,0.001,1,-0.001,-0.112,0,-0.994],"_humanoidState":8