[{"_mousePosition":[1152,375],"_rootPartCFrame":[776.033,222.981,47.142,-0.001,-0.006,1,0,1,0.006,-1,0,-0.001],"_humanoidState":8,"_cameraCFrame":[776.102,232.839,44.658,-1,-0.03,0.009,0,0.285,0.959,-0.032,0.958,-0.285],"_shiftlockState":false,"_pose":"Standing","_animationQueue":[],"_animationSpeed":1,"_zoom":8.72},{"_mousePosition":[1152,375],"_rootPartCFrame":[775.787,222.85,47.134,0.004,-0.001,1,0,1,0.001,-1,0,0.004],"_humanoidState":8,"_cameraCFrame":[775.865,232.708,44.65,-1,-0.03,0.009,0,0.285,0.959,-0.032,0.958,-0.285],"_shiftlockState":false,"_pose":"Standing","_animationQueue":[],"_animationSpeed":1,"_zoom":8.72},{"_mousePosition":[1147,378],"_rootPartCFrame":[775.521,222.679,47.126,0.007,0,1,0,1,0,-1,0,0.007],"_humanoidState":8,"_cameraCFrame":[775.6,232.537,44.642,-1,-0.03,0.009,0,0.285,0.959,-0.032,0.958,-0.285],"_shiftlockState":false,"_pose":"Running","_animationQueue":[["walk",0.1]],"_animationSpeed":1.066,"_zoom":8.72},{"_mousePosition":[1146,379],"_rootPartCFrame":[775.254,222.655,47.117,0.011,0,1,0,1,0,-1,0,0.011],"_humanoidState":8,"_cameraCFrame":[775.333,232.514,44.633,-1,-0.03,0.009,0,0.285,0.959,-0.032,0.958,-0.285],"_shiftlockState":false,"_pose":"Running","_animationQueue":[],"_animationSpeed":1.066,"_zoom":8.72},{"_mousePosition":[1143,381],"_rootPartCFrame":[774.988,222.671,47.109,0.013,0,1,0,1,0,-1,0,0.013],"_humanoidState":8,"_cameraCFrame":[775.066,232.529,44.625,-1,-0.03,0.009,0,0.285,0.959,-0.032,0.958,-0.285],"_shiftlockState":false,"_pose":"Running","_animationQueue":[],"_animationSpeed":1.066,"_zoom":8.72},{"_mousePosition":[1142,384],"_rootPartCFrame":[774.721,222.683,47.101,0.016,0,1,0,1,0,-1,0,0.016],"_humanoidState":8,"_cameraCFrame":[774.8,232.542,44.617,-1,-0.03,0.009,0,0.285,0.959,-0.032,0.958,-0.285],"_shiftlockState":false,"_pose":"Running","_animationQueue":[],"_animationSpeed":1.066,"_zoom":8.72},{"_mousePosition":[1140,387],"_rootPartCFrame":[774.455,222.691,47.092,0.018,0,1,0,1,0,-1,0,0.018],"_humanoidState":8,"_cameraCFrame":[774.533,232.549,44.608,-1,-0.03,0.009,0,0.285,0.959,-0.032,0.958,-0.285],"_shiftlockState":false,"_pose":"Running","_animationQueue":[["walk",0.1]],"_animationSpeed":1.066,"_zoom":8.72},{"_mousePosition":[1137,391],"_rootPartCFrame":[774.188,222.695,47.084,0.02,0,1,0,1,0,-1,0,0.02],"_humanoidState":8,"_cameraCFrame":[772.518,232.553,44.545,-1,-0.03,0.009,0,0.285,0.959,-0.032,0.958,-0.285],"_shiftlockState":true,"_pose":"Running","_animationQueue":[],"_animationSpeed":1.066,"_zoom":8.72},{"_mousePosition":[683,384],"_rootPartCFrame":[773.855,222.697,47.073,-0.998,0,-0.064,0,1,0,0.064,0,-0.998],"_humanoidState":8,"_cameraCFrame":[772.184,232.556,44.534,-1,-0.03,0.009,0,0.285,0.959,-0.032,0.958,-0.285],"_shiftlockState":true,"_pose":"Running","_animationQueue":[],"_animationSpeed":1.066,"_zoom":8.72},{"_mousePosition":[683,384],"_rootPartCFrame":[773.655,222.698,47.067,-1,0,0.004,0,1,0,-0.004,0,-1],"_humanoidState":8,"_cameraCFrame":[771.984,232.559,44.534,-1,-0.03,0.009,0,0.284,0.959,-0.032,0.958,-0.284],"_shiftlockState":true,"_pose":"Running","_animationQueue":[],"_animationSpeed":1.066,"_zoom":8.72},{"_mousePosition":[683,384],"_rootPartCFrame":[773.389,222.699,47.058,-1,0,0.026,0,1,0,-0.026,0,-1],"_humanoidState":8,"_cameraCFrame":[771.725,232.563,44.534,-0.999,-0.033,0.01,0,0.283,0.959,-0.035,0.959,-0.283],"_shiftlockState":true,"_pose":"Running","_animationQueue":[],"_animationSpeed":1.066,"_zoom":8.72},{"_mousePosition":[683,384],"_rootPartCFrame":[773.122,222.699,47.05,-0.999,0,0.034,0,1,0,-0.034,0,-0.999],"_humanoidState":8,"_cameraCFrame":[771.476,232.57,44.534,-0.999,-0.04,0.012,0,0.28,0.96,-0.042,0.959,-0.28],"_shiftlockState":true,"_pose":"Running","_animationQueue":[],"_animationSpeed":1.066,"_zoom":8.72},{"_mousePosition":[683,384],"_rootPartCFrame":[772.855,222.699,47.041,-0.999,0,0.042,0,1,0,-0.042,0,-0.999],"_humanoidState":8,"_cameraCFrame":[771.206,232.578,44.554,-0.999,-0.039,0.011,0,0.277,0.961,-0.041,0.96,-0.277],"_shiftlockState":true,"_pose":"Running","_animationQueue":[],"_animationSpeed":1.066,"_zoom":8.72},{"_mousePosition":[683,384],"_rootPartCFrame":[772.589,222.7,47.03,-0.999,0,0.041,0,1,0,-0.041,0,-0.999],"_humanoidState":8,"_cameraCFrame":[770.911,232.578,44.562,-1,-0.028,0.008,0,0.277,0.961,-0.029,0.96,-0.277],"_shiftlockState":true,"_pose":"Running","_animationQueue":[["walk",0.1]],"_animationSpeed":1.066,"_zoom":8.72},{"_mousePosition":[683,384],"_rootPartCFrame":[772.323,222.7,47.019,-1,0,0.029,0,1,0,-0.029,0,-1],"_humanoidState":8,"_cameraCFrame":[770.642,232.578,44.553,-1,-0.027,0.008,0,0.277,0.961,-0.028,0.96,-0.277],"_shiftlockState":true,"_pose":"Running","_animationQueue":[],"_animationSpeed":1.066,"_zoom":8.72},{"_mousePosition":[683,384],"_rootPartCFrame":[772.056,222.7,47.011,-1,0,0.028,0,1,0,-0.028,0,-1],"_humanoidState":8,"_cameraCFrame":[770.375,232.578,44.544,-1,-0.027,0.008,0,0.277,0.961,-0.028,0.96,-0.277],"_shiftlockState":true,"_pose":"Running","_animationQueue":[],"_animationSpeed":1.066,"_zoom":8.72},{"_mousePosition":[683,384],"_rootPartCFrame":[771.789,222.7,47.003,-1,0,0.028,0,1,0,-0.028,0,-1],"_humanoidState":8,"_cameraCFrame":[770.109,232.578,44.537,-1,-0.027,0.008,0,0.277,0.961,-0.028,0.96,-0.277],"_shiftlockState":true,"_pose":"Running","_animationQueue":[],"_animationSpeed":1.066,"_zoom":8.72},{"_mousePosition":[683,384],"_rootPartCFrame":[771.523,222.7,46.996,-1,0,0.028,0,1,0,-0.028,0,-1],"_humanoidState":8,"_cameraCFrame":[769.842,232.578,44.529,-1,-0.027,0.008,0,0.277,0.961,-0.028,0.96,-0.277],"_shiftlockState":true,"_pose":"Running","_animationQueue":[],"_animationSpeed":1.066,"_zoom":8.72},{"_mousePosition":[683,384],"_rootPartCFrame":[771.256,222.7,46.988,-1,0,0.028,0,1,0,-0.028,0,-1],"_humanoidState":8,"_cameraCFrame":[769.576,232.578,44.521,-1,-0.027,0.008,0,0.277,0.961,-0.028,0.96,-0.277],"_shiftlockState":true,"_pose":"Running","_animationQueue":[],"_animationSpeed":1.066,"_zoom":8.72},{"_mousePosition":[683,384],"_rootPartCFrame":[770.99,222.7,46.98,-1,0,0.028,0,1,0,-0.028,0,-1],"_humanoidState":8,"_cameraCFrame":[769.309,232.578,44.514,-1,-0.027,0.008,0,0.277,0.961,-0.028,0.96,-0.277],"_shiftlockState":true,"_pose":"Running","_animationQueue":[],"_animationSpeed":1.066,"_zoom":8.72},{"_mousePosition":[683,384],"_rootPartCFrame":[770.723,222.7,46.973,-1,0,0.028,0,1,0,-0.028,0,-1],"_humanoidState":8,"_cameraCFrame":[769.042,232.578,44.506,-1,-0.027,0.008,0,0.277,0.961,-0.028,0.96,-0.277],"_shiftlockState":true,"_pose":"Running","_animationQueue":[],"_animationSpeed":1.066,"_zoom":8.72},{"_mousePosition":[683,384],"_rootPartCFrame":[770.456,222.7,46.965,-1,0,0.028,0,1,0,-0.028,0,-1],"_humanoidState":8,"_cameraCFrame":[768.776,232.578,44.499,-1,-0.027,0.008,0,0.277,0.961,-0.028,0.96,-0.277],"_shiftlockState":true,"_pose":"Running","_animationQueue":[["walk",0.1]],"_animationSpeed":1.066,"_zoom":8.72},{"_mousePosition":[683,384],"_rootPartCFrame":[770.19,222.7,46.958,-1,0,0.028,0,1,0,-0.028,0,-1],"_humanoidState":8,"_cameraCFrame":[768.509,232.578,44.491,-1,-0.027,0.008,0,0.277,0.961,-0.028,0.96,-0.277],"_shiftlockState":true,"_pose":"Running","_animationQueue":[],"_animationSpeed":1.066,"_zoom":8.72},{"_mousePosition":[683,384],"_rootPartCFrame":[769.923,222.666,46.95,-1,0,0.028,0,1,0,-0.028,0,-1],"_humanoidState":8,"_cameraCFrame":[768.243,232.544,44.484,-1,-0.027,0.008,0,0.277,0.961,-0.028,0.96,-0.277],"_shiftlockState":true,"_pose":"Running","_animationQueue":[],"_animationSpeed":1.066,"_zoom":8.72},{"_mousePosition":[683,384],"_rootPartCFrame":[769.657,222.577,46.942,-1,0,0.028,0,1,0,-0.028,0,-1],"_humanoidState":8,"_cameraCFrame":[767.976,232.455,44.476,-1,-0.027,0.008,0,0.277,0.961,-0.028,0.96,-0.277],"_shiftlockState":true,"_pose":"Running","_animationQueue":[],"_animationSpeed":1.066,"_zoom":8.72},{"_mousePosition":[683,384],"_rootPartCFrame":[769.39,223.44,46.935,-1,0,0.028,0,1,0,-0.028,0,-1],"_humanoidState":3,"_cameraCFrame":[767.709,233.318,44.468,-1,-0.027,0.008,0,0.277,0.961,-0.028,0.96,-0.277],"_shiftlockState":true,"_pose":"Jumping","_animationQueue":[["walk",0.1],["jump",0.1]],"_animationSpeed":1,"_zoom":8.72},{"_mousePosition":[683,384],"_rootPartCFrame":[769.123,224.248,46.927,-0.993,0,0.12,0,1,0,-0.12,0,-0.993],"_humanoidState":5,"_cameraCFrame":[767.443,234.126,44.461,-1,-0.027,0.008,0,0.277,0.961,-0.028,0.96,-0.277],"_shiftlockState":true,"_pose":"FreeFall","_animationQueue":[["jump",0.1]],"_animationSpeed":1,"_zoom":8.72},{"_mousePosition":[683,384],"_rootPartCFrame":[768.857,225.002,46.92,-0.988,0,0.156,0,1,0,-0.156,0,-0.988],"_humanoidState":5,"_cameraCFrame":[767.115,234.865,44.442,-1,-0.003,0.001,0,0.283,0.959,-0.003,0.959,-0.283],"_shiftlockState":true,"_pose":"FreeFall","_animationQueue":[],"_animationSpeed":1,"_zoom":8.72},{"_mousePosition":[683,384],"_rootPartCFrame":[768.59,225.702,46.912,-0.991,0,0.136,0,1,0,-0.136,0,-0.991],"_humanoidState":5,"_cameraCFrame":[766.794,235.554,44.44,-1,0.018,-0.005,0,0.287,0.958,0.019,0.958,-0.287],"_shiftlockState":true,"_pose":"FreeFall","_animationQueue":[],"_animationSpeed":1,"_zoom":8.72},{"_mousePosition":[683,384],"_rootPartCFrame":[768.324,226.347,46.91,-0.993,0,0.114,0,1,0,-0.114,0,-0.993],"_humanoidState":5,"_cameraCFrame":[766.512,236.199,44.449,-1,0.024,-0.007,0,0.287,0.958,0.025,0.958,-0.287],"_shiftlockState":true,"_pose":"FreeFall","_animationQueue":[],"_animationSpeed":1,"_zoom":8.72},{"_mousePosition":[683,384],"_rootPartCFrame":[768.057,226.937,46.914,-0.994,0,0.108,0,1,0,-0.108,0,-0.994],"_humanoidState":5,"_cameraCFrame":[766.235,236.791,44.468,-1,0.028,-0.008,0,0.287,0.958,0.029,0.958,-0.286],"_shiftlockState":true,"_pose":"FreeFall","_animationQueue":[],"_animationSpeed":1,"_zoom":8.72},{"_mousePosition":[683,384],"_rootPartCFrame":[767.79,227.473,46.921,-0.995,0,0.104,0,1,0,-0.104,0,-0.995],"_humanoidState":5,"_cameraCFrame":[765.956,237.329,44.49,-0.999,0.033,-0.01,0,0.286,0.958,0.034,0.958,-0.286],"_shiftlockState":true,"_pose":"FreeFall","_animationQueue":[],"_animationSpeed":1,"_zoom":8.72},{"_mousePosition":[683,384],"_rootPartCFrame":[767.524,227.954,46.928,-0.995,0,0.099,0,1,0,-0.099,0,-0.995],"_humanoidState":5,"_cameraCFrame":[765.684,237.813,44.509,-0.999,0.035,-0.01,0,0.285,0.959,0.036,0.958,-0.285],"_shiftlockState":true,"_pose":"FreeFall","_animationQueue":[],"_animationSpeed":1,"_zoom":8.72},{"_mousePosition":[683,384],"_rootPartCFrame":[767.257,228.381,46.937,-0.995,0,0.097,0,1,0,-0.097,0,-0.995],"_humanoidState":5,"_cameraCFrame":[765.418,238.239,44.518,-0.999,0.035,-0.01,0,0.285,0.959,0.036,0.958,-0.285],"_shiftlockState":true,"_pose":"FreeFall","_animationQueue":[],"_animationSpeed":1,"_zoom":8.72},{"_mousePosition":[683,384],"_rootPartCFrame":[766.991,228.753,46.947,-0.995,0,0.097,0,1,0,-0.097,0,-0.995],"_humanoidState":5,"_cameraCFrame":[765.151,238.612,44.527,-0.999,0.035,-0.01,0,0.285,0.959,0.036,0.958,-0.285],"_shiftlockState":true,"_pose":"FreeFall","_animationQueue":[],"_animationSpeed":1,"_zoom":8.72},{"_mousePosition":[683,384],"_rootPartCFrame":[766.724,229.071,46.957,-0.995,0,0.097,0,1,0,-0.097,0,-0.995],"_humanoidState":5,"_cameraCFrame":[764.884,238.93,44.537,-0.999,0.035,-0.01,0,0.285,0.959,0.036,0.958,-0.285],"_shiftlockState":true,"_pose":"FreeFall","_animationQueue":[],"_animationSpeed":1,"_zoom":8.72},{"_mousePosition":[683,384],"_rootPartCFrame":[766.457,229.335,46.966,-0.995,0,0.097,0,1,0,-0.097,0,-0.995],"_humanoidState":5,"_cameraCFrame":[764.618,239.193,44.547,-0.999,0.035,-0.01,0,0.285,0.959,0.036,0.958,-0.285],"_shiftlockState":true,"_pose":"FreeFall","_animationQueue":[],"_animationSpeed":1,"_zoom":8.72},{"_mousePosition":[683,384],"_rootPartCFrame":[766.191,229.544,46.976,-0.995,0,0.097,0,1,0,-0.097,0,-0.995],"_humanoidState":5,"_cameraCFrame":[764.351,239.402,44.556,-0.999,0.035,-0.01,0,0.285,0.959,0.036,0.958,-0.285],"_shiftlockState":true,"_pose":"FreeFall","_animationQueue":[],"_animationSpeed":1,"_zoom":8.72},{"_mousePosition":[683,384],"_rootPartCFrame":[765.924,229.698,46.986,-0.995,0,0.097,0,1,0,-0.097,0,-0.995],"_humanoidState":5,"_cameraCFrame":[764.085,239.556,44.566,-0.999,0.035,-0.01,0,0.285,0.959,0.036,0.958,-0.285],"_shiftlockState":true,"_pose":"FreeFall","_animationQueue":[],"_animationSpeed":1,"_zoom":8.72},{"_mousePosition":[683,384],"_rootPartCFrame":[765.658,229.798,46.996,-0.995,0,0.097,0,1,0,-0.097,0,-0.995],"_humanoidState":5,"_cameraCFrame":[763.823,239.658,44.579,-0.999,0.033,-0.01,0,0.284,0.959,0.034,0.958,-0.284],"_shiftlockState":true,"_pose":"FreeFall","_animationQueue":[],"_animationSpeed":1,"_zoom":8.72},{"_mousePosition":[683,384],"_rootPartCFrame":[765.391,229.843,47.005,-0.995,0,0.099,0,1,0,-0.099,0,-0.995],"_humanoidState":5,"_cameraCFrame":[763.567,239.706,44.588,-1,0.029,-0.009,0,0.283,0.959,0.03,0.959,-0.283],"_shiftlockState":true,"_pose":"FreeFall","_animationQueue":[],"_animationSpeed":1,"_zoom":8.72},{"_mousePosition":[683,384],"_rootPartCFrame":[765.124,229.834,47.015,-0.995,0,0.103,0,1,0,-0.103,0,-0.995],"_humanoidState":5,"_cameraCFrame":[763.306,239.699,44.6,-1,0.027,-0.008,0,0.283,0.959,0.028,0.959,-0.283],"_shiftlockState":true,"_pose":"FreeFall","_animationQueue":[],"_animationSpeed":1,"_zoom":8.72},{"_mousePosition":[683,384],"_rootPartCFrame":[764.858,229.771,47.023,-0.994,0,0.105,0,1,0,-0.105,0,-0.994],"_humanoidState":5,"_cameraCFrame":[763.044,239.635,44.604,-1,0.025,-0.007,0,0.283,0.959,0.026,0.959,-0.283],"_shiftlockState":true,"_pose":"FreeFall","_animationQueue":[["fall",0.3]],"_animationSpeed":1,"_zoom":8.72},{"_mousePosition":[683,384],"_rootPartCFrame":[764.591,229.653,47.03,-0.994,0,0.107,0,1,0,-0.107,0,-0.994],"_humanoidState":5,"_cameraCFrame":[762.783,239.519,44.615,-1,0.023,-0.007,0,0.282,0.959,0.024,0.959,-0.282],"_shiftlockState":true,"_pose":"FreeFall","_animationQueue":[],"_animationSpeed":1,"_zoom":8.72},{"_mousePosition":[683,384],"_rootPartCFrame":[764.325,229.48,47.037,-0.994,0,0.109,0,1,0,-0.109,0,-0.994],"_humanoidState":5,"_cameraCFrame":[762.524,239.35,44.63,-1,0.02,-0.006,0,0.28,0.96,0.021,0.96,-0.28],"_shiftlockState":true,"_pose":"FreeFall","_animationQueue":[],"_animationSpeed":1,"_zoom":8.72},{"_mousePosition":[683,384],"_rootPartCFrame":[764.058,229.253,47.044,-0.994,0,0.112,0,1,0,-0.112,0,-0.994],"_humanoidState":5,"_cameraCFrame":[762.27,239.125,44.633,-1,0.015,-0.004,0,0.28,0.96,0.016,0.96,-0.28],"_shiftlockState":true,"_pose":"FreeFall","_animationQueue":[],"_animationSpeed":1,"_zoom":8.72},{"_mousePosition":[683,384],"_rootPartCFrame":[763.791,228.971,47.05,-0.993,0,0.117,0,1,0,-0.117,0,-0.993],"_humanoidState":5,"_cameraCFrame":[762.024,238.849,44.644,-1,0.007,-0.002,0,0.277,0.961,0.007,0.961,-0.277],"_shiftlockState":true,"_pose":"FreeFall","_animationQueue":[],"_animationSpeed":1,"_zoom":8.72},{"_mousePosition":[683,384],"_rootPartCFrame":[763.525,228.635,47.054,-1,0,0.004,0,1,0,-0.004,0,-1],"_humanoidState":5,"_cameraCFrame":[761.816,238.525,44.649,-1,-0.017,0.005,0,0.272,0.962,-0.017,0.962,-0.272],"_shiftlockState":true,"_pose":"FreeFall","_animationQueue":[],"_animationSpeed":1,"_zoom":8.72},{"_mousePosition":[683,384],"_rootPartCFrame":[763.258,228.244,47.054,-0.989,0,0.15,0,1,0,-0.15,0,-0.989],"_humanoidState":5,"_cameraCFrame":[761.575,238.137,44.638,-1,-0.027,0.008,0,0.272,0.962,-0.028,0.962,-0.271],"_shiftlockState":true,"_pose":"FreeFall","_animationQueue":[],"_animationSpeed":1,"_zoom":8.72},{"_mousePosition":[683,384],"_rootPartCFrame":[762.992,227.799,47.05,-0.987,0,0.16,0,1,0,-0.16,0,-0.987],"_humanoidState":5,"_cameraCFrame":[761.328,237.693,44.627,-0.999,-0.035,0.01,0,0.271,0.963,-0.036,0.962,-0.271],"_shiftlockState":true,"_pose":"FreeFall","_animationQueue":[],"_animationSpeed":1,"_zoom":8.72},{"_mousePosition":[683,384],"_rootPartCFrame":[762.725,227.3,47.043,-0.986,0,0.169,0,1,0,-0.169,0,-0.986],"_humanoidState":5,"_cameraCFrame":[761.069,237.196,44.622,-0.999,-0.038,0.011,0,0.27,0.963,-0.039,0.962,-0.27],"_shiftlockState":true,"_pose":"FreeFall","_animationQueue":[],"_animationSpeed":1,"_zoom":8.72},{"_mousePosition":[683,384],"_rootPartCFrame":[762.458,226.746,47.034,-0.985,0,0.172,0,1,0,-0.172,0,-0.985],"_humanoidState":5,"_cameraCFrame":[760.805,236.642,44.611,-0.999,-0.039,0.011,0,0.27,0.963,-0.04,0.962,-0.27],"_shiftlockState":true,"_pose":"FreeFall","_animationQueue":[],"_animationSpeed":1,"_zoom":8.72},{"_mousePosition":[683,384],"_rootPartCFrame":[762.192,226.137,47.024,-0.985,0,0.173,0,1,0,-0.173,0,-0.985],"_humanoidState":5,"_cameraCFrame":[760.538,236.033,44.601,-0.999,-0.039,0.011,0,0.27,0.963,-0.04,0.962,-0.27],"_shiftlockState":true,"_pose":"FreeFall","_animationQueue":[],"_animationSpeed":1,"_zoom":8.72},{"_mousePosition":[683,384],"_rootPartCFrame":[761.925,225.474,47.014,-0.985,0,0.173,0,1,0,-0.173,0,-0.985],"_humanoidState":5,"_cameraCFrame":[760.272,235.37,44.59,-0.999,-0.039,0.011,0,0.27,0.963,-0.04,0.962,-0.27],"_shiftlockState":true,"_pose":"FreeFall","_animationQueue":[["fall",0.3]],"_animationSpeed":1,"_zoom":8.72},{"_mousePosition":[683,384],"_rootPartCFrame":[761.659,224.756,47.003,-0.985,0,0.173,0,1,0,-0.173,0,-0.985],"_humanoidState":5,"_cameraCFrame":[760.008,234.652,44.578,-0.999,-0.04,0.011,0,0.27,0.963,-0.041,0.962,-0.27],"_shiftlockState":true,"_pose":"FreeFall","_animationQueue":[],"_animationSpeed":1,"_zoom":8.72},{"_mousePosition":[683,384],"_rootPartCFrame":[761.393,223.984,46.993,-0.985,0,0.174,0,1,0,-0.174,0,-0.985],"_humanoidState":5,"_cameraCFrame":[759.742,233.88,44.568,-0.999,-0.04,0.011,0,0.27,0.963,-0.041,0.962,-0.27],"_shiftlockState":true,"_pose":"FreeFall","_animationQueue":[],"_animationSpeed":1,"_zoom":8.72},{"_mousePosition":[683,384],"_rootPartCFrame":[761.126,223.157,46.982,-0.997,0,0.076,0,1,0,-0.076,0,-0.997],"_humanoidState":7,"_cameraCFrame":[759.475,233.053,44.557,-0.999,-0.04,0.011,0,0.27,0.963,-0.041,0.962,-0.27],"_shiftlockState":true,"_pose":"FreeFall","_animationQueue":[["walk",0.1],["fall",0.3],["fall",0.3]],"_animationSpeed":1,"_zoom":8.72},{"_mousePosition":[683,384],"_rootPartCFrame":[760.86,222.573,46.971,-0.999,0,0.041,0,1,0,-0.041,0,-0.999],"_humanoidState":8,"_cameraCFrame":[759.205,232.471,44.554,-0.999,-0.038,0.011,0,0.269,0.963,-0.04,0.962,-0.269],"_shiftlockState":true,"_pose":"Running","_animationQueue":[["fall",0.3],["fall",0.3],["walk",0.1],["fall",0.3],["walk",0.1]],"_animationSpeed":1.103,"_zoom":8.72},{"_mousePosition":[683,384],"_rootPartCFrame":[760.527,222.685,46.957,-0.999,0,0.04,0,1,0,-0.04,0,-0.999],"_humanoidState":8,"_cameraCFrame":[758.871,232.583,44.541,-0.999,-0.038,0.011,0,0.269,0.963,-0.04,0.962,-0.269],"_shiftlockState":true,"_pose":"Running","_animationQueue":[],"_animationSpeed":1.103,"_zoom":8.72},{"_mousePosition":[683,384],"_rootPartCFrame":[760.327,222.765,46.949,-0.999,0,0.04,0,1,0,-0.04,0,-0.999],"_humanoidState":8,"_cameraCFrame":[758.672,232.663,44.533,-0.999,-0.038,0.011,0,0.269,0.963,-0.04,0.962,-0.269],"_shiftlockState":true,"_pose":"Running","_animationQueue":[],"_animationSpeed":1.103,"_zoom":8.72},{"_mousePosition":[683,384],"_rootPartCFrame":[760.061,222.834,46.939,-0.999,0,0.04,0,1,0,-0.04,0,-0.999],"_humanoidState":8,"_cameraCFrame":[758.464,232.73,44.476,-0.998,-0.061,0.017,0,0.27,0.963,-0.064,0.961,-0.27],"_shiftlockState":true,"_pose":"Running","_animationQueue":[],"_animationSpeed":1.103,"_zoom":8.72},{"_mousePosition":[683,384],"_rootPartCFrame":[759.794,222.873,46.928,-0.998,0,0.064,0,1,0,-0.064,0,-0.998],"_humanoidState":8,"_cameraCFrame":[758.388,232.751,44.297,-0.991,-0.13,0.038,0,0.277,0.961,-0.136,0.952,-0.275],"_shiftlockState":true,"_pose":"Running","_animationQueue":[],"_animationSpeed":1.103,"_zoom":8.72},{"_mousePosition":[683,384],"_rootPartCFrame":[759.462,222.898,46.908,-0.991,0,0.136,0,1,0,-0.136,0,-0.991],"_humanoidState":8,"_cameraCFrame":[758.45,232.732,43.972,-0.965,-0.252,0.078,0,0.294,0.956,-0.264,0.922,-0.284],"_shiftlockState":true,"_pose":"Running","_animationQueue":[],"_animationSpeed":1.103,"_zoom":8.72},{"_mousePosition":[683,384],"_rootPartCFrame":[759.263,222.906,46.884,-0.964,0,0.268,0,1,0,-0.268,0,-0.964],"_humanoidState":8,"_cameraCFrame":[759.167,232.651,43.55,-0.866,-0.473,0.163,0,0.326,0.946,-0.5,0.819,-0.282],"_shiftlockState":true,"_pose":"Running","_animationQueue":[],"_animationSpeed":1.103,"_zoom":8.72},{"_mousePosition":[683,384],"_rootPartCFrame":[758.999,223.769,46.848,-0.863,0,0.506,0,1,0,-0.506,0,-0.863],"_humanoidState":3,"_cameraCFrame":[759.951,233.45,43.492,-0.695,-0.674,0.249,0,0.346,0.938,-0.719,0.652,-0.241],"_shiftlockState":true,"_pose":"Jumping","_animationQueue":[["walk",0.1],["walk",0.1],["jump",0.1]],"_animationSpeed":1,"_zoom":8.72},{"_mousePosition":[683,384],"_rootPartCFrame":[758.743,224.577,46.79,-0.625,0,0.781,0,1,0,-0.781,0,-0.625],"_humanoidState":5,"_cameraCFrame":[760.657,234.226,43.785,-0.471,-0.824,0.314,0,0.356,0.935,-0.882,0.44,-0.168],"_shiftlockState":true,"_pose":"FreeFall","_animationQueue":[["jump",0.1]],"_animationSpeed":1,"_zoom":8.72},{"_mousePosition":[683,384],"_rootPartCFrame":[758.503,225.331,46.695,-0.354,0,0.935,0,1,0,-0.935,0,-0.354],"_humanoidState":5,"_cameraCFrame":[761.194,234.95,44.256,-0.232,-0.906,0.355,0,0.365,0.931,-0.973,0.216,-0.084],"_shiftlockState":true,"_pose":"FreeFall","_animationQueue":[],"_animationSpeed":1,"_zoom":8.72},{"_mousePosition":[683,384],"_rootPartCFrame":[758.193,226.197,46.587,-0.125,0,0.992,0,1,0,-0.992,0,-0.125],"_humanoidState":5,"_cameraCFrame":[761.276,235.784,44.541,-0.093,-0.923,0.372,0,0.374,0.927,-0.996,0.086,-0.035],"_shiftlockState":true,"_pose":"FreeFall","_animationQueue":[],"_animationSpeed":1,"_zoom":8.72},{"_mousePosition":[683,384],"_rootPartCFrame":[758.008,226.675,46.515,-0.032,0,0.999,0,1,0,-0.999,0,-0.032],"_humanoidState":5,"_cameraCFrame":[761.373,236.228,44.803,0.011,-0.923,0.384,0,0.384,0.923,-1,-0.011,0.004],"_shiftlockState":true,"_pose":"FreeFall","_animationQueue":[],"_animationSpeed":1,"_zoom":8.72},{"_mousePosition":[683,384],"_rootPartCFrame":[757.778,227.266,46.387,0.1,0,0.995,0,1,0,-0.995,0,0.1],"_humanoidState":5,"_cameraCFrame":[761.296,236.791,44.866,0.066,-0.918,0.39,0,0.391,0.92,-0.998,-0.061,0.026],"_shiftlockState":true,"_pose":"FreeFall","_animationQueue":[],"_animationSpeed":1,"_zoom":8.72},{"_mousePosition":[683,384],"_rootPartCFrame":[757.548,227.802,46.271,0.089,0,0.996,0,1,0,-0.996,0,0.089],"_humanoidState":5,"_cameraCFrame":[761.093,237.322,44.783,0.075,-0.917,0.391,0,0.393,0.92,-0.997,-0.069,0.03],"_shiftlockState":true,"_pose":"FreeFall","_animationQueue":[],"_animationSpeed":1,"_zoom":8.72},{"_mousePosition":[683,384],"_rootPartCFrame":[757.305,228.283,46.192,0.076,0,0.997,0,1,0,-0.997,0,0.076],"_humanoidState":5,"_cameraCFrame":[760.848,237.803,44.701,0.074,-0.917,0.391,0,0.393,0.92,-0.997,-0.068,0.029],"_shiftlockState":true,"_pose":"FreeFall","_animationQueue":[],"_animationSpeed":1,"_zoom":8.72},{"_mousePosition":[683,384],"_rootPartCFrame":[757.047,228.71,46.15,0.074,0,0.997,0,1,0,-0.997,0,0.074],"_humanoidState":5,"_cameraCFrame":[760.579,238.23,44.633,0.067,-0.918,0.392,0,0.393,0.92,-0.998,-0.061,0.026],"_shiftlockState":true,"_pose":"FreeFall","_animationQueue":[],"_animationSpeed":1,"_zoom":8.72},{"_mousePosition":[683,384],"_rootPartCFrame":[756.782,229.082,46.129,0.068,0,0.998,0,1,0,-0.998,0,0.068],"_humanoidState":5,"_cameraCFrame":[760.298,238.602,44.575,0.056,-0.918,0.392,0,0.393,0.92,-0.998,-0.052,0.022],"_shiftlockState":true,"_pose":"FreeFall","_animationQueue":[],"_animationSpeed":1,"_zoom":8.72},{"_mousePosition":[683,384],"_rootPartCFrame":[756.516,229.4,46.111,0.058,0,0.998,0,1,0,-0.998,0,0.058],"_humanoidState":5,"_cameraCFrame":[760.023,238.92,44.538,0.051,-0.919,0.392,0,0.393,0.92,-0.999,-0.047,0.02],"_shiftlockState":true,"_pose":"FreeFall","_animationQueue":[],"_animationSpeed":1,"_zoom":8.72},{"_mousePosition":[683,384],"_rootPartCFrame":[756.249,229.664,46.095,0.052,0,0.999,0,1,0,-0.999,0,0.052],"_humanoidState":5,"_cameraCFrame":[759.756,239.184,44.519,0.05,-0.919,0.392,0,0.393,0.92,-0.999,-0.046,0.02],"_shiftlockState":true,"_pose":"FreeFall","_animationQueue":[],"_animationSpeed":1,"_zoom":8.72},{"_mousePosition":[683,384],"_rootPartCFrame":[755.983,229.873,46.082,0.05,0,0.999,0,1,0,-0.999,0,0.05],"_humanoidState":5,"_cameraCFrame":[759.489,239.393,44.505,0.05,-0.919,0.392,0,0.393,0.92,-0.999,-0.046,0.02],"_shiftlockState":true,"_pose":"FreeFall","_animationQueue":[],"_animationSpeed":1,"_zoom":8.72},{"_mousePosition":[683,384],"_rootPartCFrame":[755.717,230.027,46.068,0.05,0,0.999,0,1,0,-0.999,0,0.05],"_humanoidState":5,"_cameraCFrame":[759.223,239.547,44.492,0.05,-0.919,0.392,0,0.393,0.92,-0.999,-0.046,0.02],"_shiftlockState":true,"_pose":"FreeFall","_animationQueue":[],"_animationSpeed":1,"_zoom":8.72},{"_mousePosition":[683,384],"_rootPartCFrame":[755.45,230.127,46.055,0.05,0,0.999,0,1,0,-0.999,0,0.05],"_humanoidState":5,"_cameraCFrame":[758.929,239.652,44.445,0.041,-0.92,0.391,0,0.391,0.92,-0.999,-0.037,0.016],"_shiftlockState":true,"_pose":"FreeFall","_animationQueue":[],"_animationSpeed":1,"_zoom":8.72},{"_mousePosition":[683,384],"_rootPartCFrame":[755.184,230.172,46.041,0.042,0,0.999,0,1,0,-0.999,0,0.042],"_humanoidState":5,"_cameraCFrame":[758.605,239.709,44.366,0.022,-0.921,0.388,0,0.388,0.922,-1,-0.02,0.008],"_shiftlockState":true,"_pose":"FreeFall","_animationQueue":[],"_animationSpeed":1,"_zoom":8.72},{"_mousePosition":[683,384],"_rootPartCFrame":[754.918,230.163,46.03,0.024,0,1,0,1,0,-1,0,0.024],"_humanoidState":5,"_cameraCFrame":[758.261,239.716,44.276,-0.001,-0.923,0.384,0,0.384,0.923,-1,0.001,0],"_shiftlockState":true,"_pose":"FreeFall","_animationQueue":[],"_animationSpeed":1,"_zoom":8.72},{"_mousePosition":[683,384],"_rootPartCFrame":[754.651,230.1,46.024,0.002,0,1,0,1,0,-1,0,0.002],"_humanoidState":5,"_cameraCFrame":[757.927,239.668,44.218,-0.017,-0.925,0.379,0,0.379,0.925,-1,0.016,-0.006],"_shiftlockState":true,"_pose":"FreeFall","_animationQueue":[],"_animationSpeed":1,"_zoom":8.72},{"_mousePosition":[683,384],"_rootPartCFrame":[754.384,229.981,46.023,-0.015,0,1,0,1,0,-1,0,-0.015],"_humanoidState":5,"_cameraCFrame":[757.633,239.558,44.204,-0.021,-0.926,0.377,0,0.377,0.926,-1,0.02,-0.008],"_shiftlockState":true,"_pose":"FreeFall","_animationQueue":[],"_animationSpeed":1,"_zoom":8.72},{"_mousePosition":[683,384],"_rootPartCFrame":[754.118,229.809,46.027,-0.02,0,1,0,1,0,-1,0,-0.02],"_humanoidState":5,"_cameraCFrame":[757.367,239.386,44.208,-0.021,-0.926,0.377,0,0.377,0.926,-1,0.02,-0.008],"_shiftlockState":true,"_pose":"FreeFall","_animationQueue":[["fall",0.3]],"_animationSpeed":1,"_zoom":8.72},{"_mousePosition":[683,384],"_rootPartCFrame":[753.851,229.582,46.032,-0.021,0,1,0,1,0,-1,0,-0.021],"_humanoidState":5,"_cameraCFrame":[757.1,239.159,44.213,-0.021,-0.926,0.377,0,0.377,0.926,-1,0.02,-0.008],"_shiftlockState":true,"_pose":"FreeFall","_animationQueue":[],"_animationSpeed":1,"_zoom":8.72},{"_mousePosition":[683,384],"_rootPartCFrame":[753.585,229.3,46.038,-0.021,0,1,0,1,0,-1,0,-0.021],"_humanoidState":5,"_cameraCFrame":[756.834,238.877,44.219,-0.021,-0.926,0.377,0,0.377,0.926,-1,0.02,-0.008],"_shiftlockState":true,"_pose":"FreeFall","_animationQueue":[],"_animationSpeed":1,"_zoom":8.72},{"_mousePosition":[683,384],"_rootPartCFrame":[753.318,228.964,46.044,-0.021,0,1,0,1,0,-1,0,-0.021],"_humanoidState":5,"_cameraCFrame":[756.567,238.541,44.225,-0.021,-0.926,0.377,0,0.377,0.926,-1,0.02,-0.008],"_shiftlockState":true,"_pose":"FreeFall","_animationQueue":[],"_animationSpeed":1,"_zoom":8.72},{"_mousePosition":[683,384],"_rootPartCFrame":[753.051,228.573,46.049,-0.021,0,1,0,1,0,-1,0,-0.021],"_humanoidState":5,"_cameraCFrame":[756.3,238.15,44.23,-0.021,-0.926,0.377,0,0.377,0.926,-1,0.02,-0.008],"_shiftlockState":true,"_pose":"FreeFall","_animationQueue":[],"_animationSpeed":1,"_zoom":8.72},{"_mousePosition":[683,384],"_rootPartCFrame":[752.785,228.128,46.055,-0.021,0,1,0,1,0,-1,0,-0.021],"_humanoidState":5,"_cameraCFrame":[756.034,237.705,44.236,-0.021,-0.926,0.377,0,0.377,0.926,-1,0.02,-0.008],"_shiftlockState":true,"_pose":"FreeFall","_animationQueue":[],"_animationSpeed":1,"_zoom":8.72},{"_mousePosition":[683,384],"_rootPartCFrame":[752.527,227.629,46.037,0.051,0,0.999,0,1,0,-0.999,0,0.051],"_humanoidState":5,"_cameraCFrame":[755.776,237.206,44.218,-0.021,-0.926,0.377,0,0.377,0.926,-1,0.02,-0.008],"_shiftlockState":true,"_pose":"FreeFall","_animationQueue":[],"_animationSpeed":1,"_zoom":8.72},{"_mousePosition":[683,384],"_rootPartCFrame":[752.37,227.091,45.977,0.012,0.001,1,-0.008,1,-0.001,-1,-0.008,0.012],"_humanoidState":5,"_cameraCFrame":[755.621,236.668,44.147,-0.021,-0.926,0.377,0,0.377,0.926,-1,0.02,-0.008],"_shiftlockState":true,"_pose":"FreeFall","_animationQueue":[["fall",0.3]],"_animationSpeed":1,"_zoom":8.72},{"_mousePosition":[683,384],"_rootPartCFrame":[752.361,226.55,45.884,0.001,0.001,1,-0.011,1,-0.001,-1,-0.011,0.001],"_humanoidState":5,"_cameraCFrame":[755.611,236.127,44.048,-0.021,-0.926,0.377,0,0.377,0.926,-1,0.02,-0.008],"_shiftlockState":true,"_pose":"FreeFall","_animationQueue":[],"_animationSpeed":1,"_zoom":8.72},{"_mousePosition":[683,384],"_rootPartCFrame":[752.37,225.962,45.763,0.049,0.02,0.999,-0.007,1,-0.02,-0.999,-0.006,0.049],"_humanoidState":5,"_cameraCFrame":[755.65,235.538,43.935,-0.021,-0.926,0.377,0,0.377,0.926,-1,0.02,-0.008],"_shiftlockState":true,"_pose":"FreeFall","_animationQueue":[],"_animationSpeed":1,"_zoom":8.72},{"_mousePosition":[683,384],"_rootPartCFrame":[752.391,225.33,45.606,0.057,0.011,0.998,-0.005,1,-0.011,-0.998,-0.005,0.057],"_humanoidState":5,"_cameraCFrame":[755.657,234.907,43.78,-0.021,-0.926,0.377,0,0.377,0.926,-1,0.02,-0.008],"_shiftlockState":true,"_pose":"FreeFall","_animationQueue":[],"_animationSpeed":1,"_zoom":8.72},{"_mousePosition":[683,384],"_rootPartCFrame":[752.429,224.655,45.416,0.064,-0.002,0.998,-0.004,1,0.002,-0.998,-0.004,0.064],"_humanoidState":5,"_cameraCFrame":[755.676,234.232,43.591,-0.021,-0.926,0.377,0,0.377,0.926,-1,0.02,-0.008],"_shiftlockState":true,"_pose":"FreeFall","_animationQueue":[],"_animationSpeed":1,"_zoom":8.72},{"_mousePosition":[683,384],"_rootPartCFrame":[752.43,223.925,45.228,0.081,-0.002,0.997,-0.001,1,0.002,-0.997,-0.001,0.081],"_humanoidState":5,"_cameraCFrame":[755.912,233.469,43.73,0.074,-0.92,0.385,0,0.386,0.923,-0.997,-0.068,0.029],"_shiftlockState":true,"_pose":"FreeFall","_animationQueue":[],"_animationSpeed":1,"_zoom":8.72},{"_mousePosition":[683,384],"_rootPartCFrame":[752.461,223.146,45.03,0.155,0.015,0.988,-0.002,1,-0.015,-0.988,0,0.155],"_humanoidState":5,"_cameraCFrame":[756.246,232.696,44.665,0.375,-0.856,0.356,0,0.384,0.923,-0.927,-0.346,0.144],"_shiftlockState":true,"_pose":"FreeFall","_animationQueue":[["fall",0.3]],"_animationSpeed":1,"_zoom":8.72},{"_mousePosition":[683,384],"_rootPartCFrame":[752.648,223.701,44.87,0.349,0.03,0.937,-0.063,0.998,-0.009,-0.935,-0.056,0.35],"_humanoidState":7,"_cameraCFrame":[756.099,233.384,45.484,0.667,-0.7,0.257,0,0.345,0.939,-0.745,-0.626,0.23],"_shiftlockState":true,"_pose":"FreeFall","_animationQueue":[["walk",0.1],["fall",0.3],["fall",0.3]],"_animationSpeed":1,"_zoom":8.72},{"_mousePosition":[683,384],"_rootPartCFrame":[752.872,224.337,44.821,0.621,0.009,0.784,-0.014,1,0,-0.784,-0.011,0.621],"_humanoidState":7,"_cameraCFrame":[755.951,234.177,45.168,0.66,-0.719,0.219,0,0.292,0.956,-0.752,-0.631,0.193],"_shiftlockState":true,"_pose":"FreeFall","_animationQueue":[],"_animationSpeed":1,"_zoom":8.72},{"_mousePosition":[683,384],"_rootPartCFrame":[752.885,224.917,44.735,0.657,-0.006,0.754,0.008,1,0.001,-0.753,0.006,0.657],"_humanoidState":8,"_cameraCFrame":[754.597,235.005,43.197,0.125,-0.977,0.172,0,0.174,0.985,-0.992,-0.123,0.022],"_shiftlockState":true,"_pose":"Running","_animationQueue":[["walk",0.1],["fall",0.3],["walk",0.1]],"_animationSpeed":0.423,"_zoom":8.72},{"_mousePosition":[683,384],"_rootPartCFrame":[752.899,225.801,44.662,-0.401,0.002,0.916,0.012,1,0.003,-0.916,0.012,-0.401],"_humanoidState":3,"_cameraCFrame":[753.302,235.886,42.394,-0.517,-0.843,0.15,0,0.175,0.985,-0.856,0.509,-0.09],"_shiftlockState":true,"_pose":"Jumping","_animationQueue":[["jump",0.1]],"_animationSpeed":1,"_zoom":8.72},{"_mousePosition":[683,384],"_rootPartCFrame":[752.899,226.65,44.565,-0.436,0.001,0.9,0.007,1,0.002,-0.9,0.007,-0.436],"_humanoidState":5,"_cameraCFrame":[752.999,236.738,42.264,-0.622,-0.771,0.136,0,0.174,0.985,-0.783,0.612,-0.108],"_shiftlockState":true,"_pose":"FreeFall","_animationQueue":[["jump",0.1]],"_animationSpeed":1,"_zoom":8.72},{"_mousePosition":[683,384],"_rootPartCFrame":[752.882,227.251,44.474,-0.544,0.001,0.839,0.003,1,0,-0.839,0.003,-0.544],"_humanoidState":5,"_cameraCFrame":[752.687,237.339,42.172,-0.716,-0.687,0.121,0,0.174,0.985,-0.698,0.706,-0.124],"_shiftlockState":true,"_pose":"FreeFall","_animationQueue":[],"_animationSpeed":1,"_zoom":8.72},{"_mousePosition":[683,384],"_rootPartCFrame":[752.831,228.005,44.333,-0.618,0.001,0.786,0,1,0,-0.786,0,-0.618],"_humanoidState":5,"_cameraCFrame":[752.328,238.093,42.074,-0.803,-0.587,0.103,0,0.174,0.985,-0.596,0.791,-0.139],"_shiftlockState":true,"_pose":"FreeFall","_animationQueue":[],"_animationSpeed":1,"_zoom":8.72},{"_mousePosition":[683,384],"_rootPartCFrame":[752.744,228.705,44.178,-0.717,0,0.697,0,1,0,-0.697,0,-0.717],"_humanoidState":5,"_cameraCFrame":[751.95,238.792,42.004,-0.874,-0.478,0.084,0,0.174,0.985,-0.486,0.861,-0.152],"_shiftlockState":true,"_pose":"FreeFall","_animationQueue":[],"_animationSpeed":1,"_zoom":8.72},{"_mousePosition":[683,384],"_rootPartCFrame":[752.58,229.502,43.979,-0.782,0,0.624,0,1,0,-0.624,0,-0.782],"_humanoidState":5,"_cameraCFrame":[751.532,239.59,41.915,-0.926,-0.372,0.066,0,0.174,0.985,-0.378,0.912,-0.161],"_shiftlockState":true,"_pose":"FreeFall","_animationQueue":[],"_animationSpeed":1,"_zoom":8.72},{"_mousePosition":[683,384],"_rootPartCFrame":[752.405,230.079,43.828,-0.867,0,0.498,0,1,0,-0.498,0,-0.867],"_humanoidState":5,"_cameraCFrame":[751.158,240.167,41.879,-0.959,-0.28,0.049,0,0.174,0.985,-0.284,0.944,-0.166],"_shiftlockState":true,"_pose":"FreeFall","_animationQueue":[],"_animationSpeed":1,"_zoom":8.72},{"_mousePosition":[683,384],"_rootPartCFrame":[752.197,230.601,43.698,-0.912,0,0.409,0,1,0,-0.409,0,-0.912],"_humanoidState":5,"_cameraCFrame":[750.8,240.689,41.852,-0.978,-0.205,0.036,0,0.174,0.985,-0.208,0.963,-0.17],"_shiftlockState":true,"_pose":"FreeFall","_animationQueue":[],"_animationSpeed":1,"_zoom":8.72},{"_mousePosition":[683,384],"_rootPartCFrame":[752.022,230.957,43.618,-0.952,0,0.305,0,1,0,-0.305,0,-0.952],"_humanoidState":5,"_cameraCFrame":[750.442,241.045,41.927,-0.994,-0.104,0.018,0,0.174,0.985,-0.106,0.979,-0.173],"_shiftlockState":true,"_pose":"FreeFall","_animationQueue":[],"_animationSpeed":1,"_zoom":8.72},{"_mousePosition":[683,384],"_rootPartCFrame":[751.772,231.384,43.542,-0.972,0,0.237,0,1,0,-0.237,0,-0.972],"_humanoidState":5,"_cameraCFrame":[750.043,241.472,42.004,-1,-0.014,0.002,0,0.174,0.985,-0.014,0.985,-0.174],"_shiftlockState":true,"_pose":"FreeFall","_animationQueue":[],"_animationSpeed":1,"_zoom":8.72},{"_mousePosition":[683,384],"_rootPartCFrame":[751.51,231.757,43.502,-0.989,0,0.147,0,1,0,-0.147,0,-0.989],"_humanoidState":5,"_cameraCFrame":[749.649,241.842,42.112,-0.997,0.075,-0.013,0,0.175,0.985,0.076,0.982,-0.175],"_shiftlockState":true,"_pose":"FreeFall","_animationQueue":[],"_animationSpeed":1,"_zoom":8.72},{"_mousePosition":[683,384],"_rootPartCFrame":[751.244,232.075,43.492,-0.998,0,0.057,0,1,0,-0.057,0,-0.998],"_humanoidState":5,"_cameraCFrame":[749.295,242.156,42.202,-0.99,0.137,-0.025,0,0.178,0.984,0.14,0.974,-0.176],"_shiftlockState":true,"_pose":"FreeFall","_animationQueue":[],"_animationSpeed":1,"_zoom":8.72},{"_mousePosition":[683,384],"_rootPartCFrame":[750.978,232.338,43.506,-1,0,-0.007,0,1,0,0.007,0,-1],"_humanoidState":5,"_cameraCFrame":[748.957,242.417,42.313,-0.981,0.191,-0.035,0,0.179,0.984,0.194,0.965,-0.176],"_shiftlockState":true,"_pose":"FreeFall","_animationQueue":[],"_animationSpeed":1,"_zoom":8.72},{"_mousePosition":[683,384],"_rootPartCFrame":[750.647,232.591,43.549,-1,0,-0.029,0,1,0,0.029,0,-1],"_humanoidState":5,"_cameraCFrame":[748.576,242.667,42.429,-0.972,0.231,-0.043,0,0.181,0.984,0.235,0.956,-0.176],"_shiftlockState":true,"_pose":"FreeFall","_animationQueue":[],"_animationSpeed":1,"_zoom":8.72},{"_mousePosition":[683,384],"_rootPartCFrame":[750.451,232.701,43.586,-0.991,0,-0.137,0,1,0,0.137,0,-0.991],"_humanoidState":5,"_cameraCFrame":[748.343,242.776,42.525,-0.964,0.261,-0.048,0,0.182,0.983,0.266,0.948,-0.175],"_shiftlockState":true,"_pose":"FreeFall","_animationQueue":[],"_animationSpeed":1,"_zoom":8.72},{"_mousePosition":[683,384],"_rootPartCFrame":[750.191,232.801,43.647,-0.991,0,-0.135,0,1,0,0.135,0,-0.991],"_humanoidState":5,"_cameraCFrame":[748.052,242.875,42.639,-0.956,0.288,-0.053,0,0.182,0.983,0.293,0.94,-0.174],"_shiftlockState":true,"_pose":"FreeFall","_animationQueue":[],"_animationSpeed":1,"_zoom":8.72},{"_mousePosition":[683,384],"_rootPartCFrame":[749.934,232.847,43.717,-0.987,0,-0.163,0,1,0,0.163,0,-0.987],"_humanoidState":5,"_cameraCFrame":[747.756,242.917,42.761,-0.946,0.319,-0.06,0,0.185,0.983,0.325,0.93,-0.175],"_shiftlockState":true,"_pose":"FreeFall","_animationQueue":[["fall",0.3]],"_animationSpeed":1,"_zoom":8.72},{"_mousePosition":[683,384],"_rootPartCFrame":[749.678,232.838,43.794,-0.981,0,-0.196,0,1,0,0.196,0,-0.981],"_humanoidState":5,"_cameraCFrame":[747.455,242.902,42.898,-0.933,0.355,-0.068,0,0.188,0.982,0.361,0.916,-0.175],"_shiftlockState":true,"_pose":"FreeFall","_animationQueue":[],"_animationSpeed":1,"_zoom":8.72},{"_mousePosition":[683,384],"_rootPartCFrame":[749.426,232.774,43.879,-0.972,0,-0.234,0,1,0,0.234,0,-0.972],"_humanoidState":5,"_cameraCFrame":[747.145,242.831,43.053,-0.914,0.398,-0.078,0,0.193,0.981,0.406,0.897,-0.176],"_shiftlockState":true,"_pose":"FreeFall","_animationQueue":[],"_animationSpeed":1,"_zoom":8.72},{"_mousePosition":[683,384],"_rootPartCFrame":[749.177,232.656,43.974,-0.96,0,-0.28,0,1,0,0.28,0,-0.96],"_humanoidState":5,"_cameraCFrame":[746.852,242.706,43.201,-0.899,0.43,-0.086,0,0.197,0.98,0.439,0.881,-0.177],"_shiftlockState":true,"_pose":"FreeFall","_animationQueue":[],"_animationSpeed":1,"_zoom":8.72},{"_mousePosition":[683,384],"_rootPartCFrame":[748.932,232.483,44.08,-0.949,0,-0.315,0,1,0,0.315,0,-0.949],"_humanoidState":5,"_cameraCFrame":[746.592,242.53,43.324,-0.893,0.441,-0.089,0,0.198,0.98,0.45,0.875,-0.177],"_shiftlockState":true,"_pose":"FreeFall","_animationQueue":[],"_animationSpeed":1,"_zoom":8.72},{"_mousePosition":[683,384],"_rootPartCFrame":[748.692,232.256,44.196,-0.945,0,-0.327,0,1,0,0.327,0,-0.945],"_humanoidState":5,"_cameraCFrame":[746.353,242.302,43.419,-0.896,0.436,-0.088,0,0.199,0.98,0.444,0.878,-0.178],"_shiftlockState":true,"_pose":"FreeFall","_animationQueue":[],"_animationSpeed":1,"_zoom":8.72},{"_mousePosition":[683,384],"_rootPartCFrame":[748.454,231.975,44.316,-0.947,0,-0.321,0,1,0,0.321,0,-0.947],"_humanoidState":5,"_cameraCFrame":[746.139,242.015,43.414,-0.914,0.397,-0.082,0,0.202,0.979,0.406,0.895,-0.185],"_shiftlockState":true,"_pose":"FreeFall","_animationQueue":[],"_animationSpeed":1,"_zoom":8.72},{"_mousePosition":[683,384],"_rootPartCFrame":[748.215,231.639,44.434,-0.96,0,-0.28,0,1,0,0.28,0,-0.96],"_humanoidState":5,"_cameraCFrame":[745.954,241.677,43.394,-0.936,0.345,-0.071,0,0.203,0.979,0.352,0.916,-0.19],"_shiftlockState":true,"_pose":"FreeFall","_animationQueue":[["fall",0.3]],"_animationSpeed":1,"_zoom":8.72},{"_mousePosition":[683,384],"_rootPartCFrame":[747.972,231.248,44.544,-0.974,0,-0.225,0,1,0,0.225,0,-0.974],"_humanoidState":5,"_cameraCFrame":[745.768,241.286,43.387,-0.953,0.296,-0.061,0,0.203,0.979,0.303,0.933,-0.193],"_shiftlockState":true,"_pose":"FreeFall","_animationQueue":[],"_animationSpeed":1,"_zoom":8.72},{"_mousePosition":[683,384],"_rootPartCFrame":[747.723,230.803,44.64,-0.985,0,-0.173,0,1,0,0.173,0,-0.985],"_humanoidState":5,"_cameraCFrame":[745.568,240.841,43.394,-0.965,0.258,-0.054,0,0.203,0.979,0.264,0.945,-0.196],"_shiftlockState":true,"_pose":