[{"_mousePosition":[1104,378],"_rootPartCFrame":[776.028,222.95,47.142,0,0,1,0,1,0,-1,0,0],"_humanoidState":8,"_cameraCFrame":[778.683,236.9,39.692,-0.942,-0.283,0.18,0,0.536,0.844,-0.336,0.795,-0.505],"_shiftlockState":false,"_pose":"Standing","_animationQueue":[],"_animationSpeed":1,"_zoom":14.75},{"_mousePosition":[1077,387],"_rootPartCFrame":[775.796,222.832,47.059,0.048,0,0.999,0,1,0,-0.999,0,0.048],"_humanoidState":8,"_cameraCFrame":[778.451,236.782,39.61,-0.942,-0.283,0.18,0,0.536,0.844,-0.336,0.795,-0.505],"_shiftlockState":false,"_pose":"Standing","_animationQueue":[],"_animationSpeed":1,"_zoom":14.75},{"_mousePosition":[1054,398],"_rootPartCFrame":[775.545,222.672,46.97,0.087,0,0.996,0,1,0,-0.996,0,0.087],"_humanoidState":8,"_cameraCFrame":[778.201,236.623,39.52,-0.942,-0.283,0.18,0,0.536,0.844,-0.336,0.795,-0.505],"_shiftlockState":false,"_pose":"Running","_animationQueue":[["walk",0.1]],"_animationSpeed":1.066,"_zoom":14.75},{"_mousePosition":[1023,412],"_rootPartCFrame":[775.42,222.651,46.925,0.105,0,0.994,0,1,0,-0.994,0,0.105],"_humanoidState":8,"_cameraCFrame":[778.075,236.602,39.475,-0.942,-0.283,0.18,0,0.536,0.844,-0.336,0.795,-0.505],"_shiftlockState":false,"_pose":"Running","_animationQueue":[],"_animationSpeed":1.066,"_zoom":14.75},{"_mousePosition":[1000,424],"_rootPartCFrame":[775.168,222.661,46.836,0.137,0,0.991,0,1,0,-0.991,0,0.137],"_humanoidState":8,"_cameraCFrame":[777.824,236.611,39.386,-0.942,-0.283,0.18,0,0.536,0.844,-0.336,0.795,-0.505],"_shiftlockState":false,"_pose":"Running","_animationQueue":[],"_animationSpeed":1.066,"_zoom":14.75},{"_mousePosition":[976,436],"_rootPartCFrame":[774.792,222.683,46.701,0.178,0,0.984,0,1,0,-0.984,0,0.178],"_humanoidState":8,"_cameraCFrame":[777.447,236.633,39.252,-0.942,-0.283,0.18,0,0.536,0.844,-0.336,0.795,-0.505],"_shiftlockState":false,"_pose":"Running","_animationQueue":[],"_animationSpeed":1.066,"_zoom":14.75},{"_mousePosition":[963,444],"_rootPartCFrame":[774.54,222.69,46.612,0.2,0,0.98,0,1,0,-0.98,0,0.2],"_humanoidState":8,"_cameraCFrame":[777.196,236.641,39.162,-0.942,-0.283,0.18,0,0.536,0.844,-0.336,0.795,-0.505],"_shiftlockState":false,"_pose":"Running","_animationQueue":[],"_animationSpeed":1.066,"_zoom":14.75},{"_mousePosition":[951,451],"_rootPartCFrame":[774.415,222.693,46.567,0.209,0,0.978,0,1,0,-0.978,0,0.209],"_humanoidState":8,"_cameraCFrame":[777.07,236.643,39.117,-0.942,-0.283,0.18,0,0.536,0.844,-0.336,0.795,-0.505],"_shiftlockState":false,"_pose":"Running","_animationQueue":[],"_animationSpeed":1.066,"_zoom":14.75},{"_mousePosition":[942,456],"_rootPartCFrame":[774.038,222.697,46.433,0.235,0,0.972,0,1,0,-0.972,0,0.235],"_humanoidState":8,"_cameraCFrame":[776.693,236.647,38.983,-0.942,-0.283,0.18,0,0.536,0.844,-0.336,0.795,-0.505],"_shiftlockState":false,"_pose":"Running","_animationQueue":[["walk",0.1]],"_animationSpeed":1.066,"_zoom":14.75},{"_mousePosition":[928,467],"_rootPartCFrame":[773.912,222.698,46.388,0.242,0,0.97,0,1,0,-0.97,0,0.242],"_humanoidState":8,"_cameraCFrame":[774.919,236.648,38.351,-0.942,-0.283,0.18,0,0.536,0.844,-0.336,0.795,-0.505],"_shiftlockState":true,"_pose":"Running","_animationQueue":[],"_animationSpeed":1.066,"_zoom":14.75},{"_mousePosition":[683,384],"_rootPartCFrame":[773.535,222.699,46.254,-0.979,0,0.205,0,1,0,-0.205,0,-0.979],"_humanoidState":8,"_cameraCFrame":[774.542,236.649,38.216,-0.942,-0.283,0.18,0,0.536,0.844,-0.336,0.795,-0.505],"_shiftlockState":true,"_pose":"Running","_animationQueue":[],"_animationSpeed":1.066,"_zoom":14.75},{"_mousePosition":[683,384],"_rootPartCFrame":[773.284,222.699,46.164,-0.95,0,0.313,0,1,0,-0.313,0,-0.95],"_humanoidState":8,"_cameraCFrame":[774.102,236.788,38.323,-0.947,-0.275,0.168,0,0.521,0.853,-0.322,0.808,-0.493],"_shiftlockState":true,"_pose":"Running","_animationQueue":[],"_animationSpeed":1.066,"_zoom":14.75},{"_mousePosition":[683,384],"_rootPartCFrame":[772.97,222.699,46.052,-0.947,0,0.321,0,1,0,-0.321,0,-0.947],"_humanoidState":8,"_cameraCFrame":[773.64,236.899,38.377,-0.95,-0.268,0.158,0,0.509,0.861,-0.311,0.818,-0.483],"_shiftlockState":true,"_pose":"Running","_animationQueue":[],"_animationSpeed":1.066,"_zoom":14.75},{"_mousePosition":[683,384],"_rootPartCFrame":[772.781,222.7,45.987,-0.95,0,0.311,0,1,0,-0.311,0,-0.95],"_humanoidState":8,"_cameraCFrame":[773.321,236.994,38.462,-0.954,-0.261,0.15,0,0.498,0.867,-0.301,0.827,-0.474],"_shiftlockState":true,"_pose":"Running","_animationQueue":[],"_animationSpeed":1.066,"_zoom":14.75},{"_mousePosition":[683,384],"_rootPartCFrame":[772.591,222.7,45.925,-0.954,0,0.301,0,1,0,-0.301,0,-0.954],"_humanoidState":8,"_cameraCFrame":[772.967,237.1,38.571,-0.958,-0.251,0.139,0,0.485,0.875,-0.287,0.838,-0.464],"_shiftlockState":true,"_pose":"Running","_animationQueue":[],"_animationSpeed":1.066,"_zoom":14.75},{"_mousePosition":[683,384],"_rootPartCFrame":[772.273,222.7,45.824,-0.958,0,0.287,0,1,0,-0.287,0,-0.958],"_humanoidState":8,"_cameraCFrame":[772.46,237.202,38.646,-0.963,-0.237,0.127,0,0.472,0.882,-0.269,0.849,-0.455],"_shiftlockState":true,"_pose":"Running","_animationQueue":[["walk",0.1]],"_animationSpeed":1.066,"_zoom":14.75},{"_mousePosition":[683,384],"_rootPartCFrame":[772.082,222.7,45.766,-0.963,0,0.269,0,1,0,-0.269,0,-0.963],"_humanoidState":8,"_cameraCFrame":[772.069,237.307,38.779,-0.969,-0.221,0.114,0,0.459,0.889,-0.249,0.861,-0.444],"_shiftlockState":true,"_pose":"Running","_animationQueue":[],"_animationSpeed":1.066,"_zoom":14.75},{"_mousePosition":[683,384],"_rootPartCFrame":[771.825,222.7,45.694,-0.969,0,0.249,0,1,0,-0.249,0,-0.969],"_humanoidState":8,"_cameraCFrame":[771.617,237.415,38.915,-0.974,-0.205,0.101,0,0.444,0.896,-0.228,0.872,-0.432],"_shiftlockState":true,"_pose":"Running","_animationQueue":[],"_animationSpeed":1.066,"_zoom":14.75},{"_mousePosition":[683,384],"_rootPartCFrame":[771.502,222.7,45.61,-0.974,0,0.228,0,1,0,-0.228,0,-0.974],"_humanoidState":8,"_cameraCFrame":[771.131,237.513,39.035,-0.977,-0.19,0.091,0,0.43,0.903,-0.211,0.882,-0.421],"_shiftlockState":true,"_pose":"Running","_animationQueue":[],"_animationSpeed":1.066,"_zoom":14.75},{"_mousePosition":[683,384],"_rootPartCFrame":[771.308,222.7,45.563,-0.977,0,0.211,0,1,0,-0.211,0,-0.977],"_humanoidState":8,"_cameraCFrame":[770.677,237.405,39.433,-0.983,-0.168,0.075,0,0.408,0.913,-0.184,0.897,-0.401],"_shiftlockState":true,"_pose":"Running","_animationQueue":[],"_animationSpeed":1.066,"_zoom":11.4},{"_mousePosition":[683,384],"_rootPartCFrame":[770.982,222.7,45.492,-0.983,0,0.184,0,1,0,-0.184,0,-0.983],"_humanoidState":8,"_cameraCFrame":[770.154,237.021,39.789,-0.987,-0.15,0.064,0,0.394,0.919,-0.164,0.907,-0.388],"_shiftlockState":true,"_pose":"Running","_animationQueue":[],"_animationSpeed":1.066,"_zoom":11.4},{"_mousePosition":[683,384],"_rootPartCFrame":[770.786,222.7,45.454,-0.987,0,0.164,0,1,0,-0.164,0,-0.987],"_humanoidState":8,"_cameraCFrame":[769.7,236.573,40.297,-0.991,-0.121,0.049,0,0.373,0.928,-0.13,0.92,-0.37],"_shiftlockState":true,"_pose":"Running","_animationQueue":[],"_animationSpeed":1.066,"_zoom":11.4},{"_mousePosition":[683,384],"_rootPartCFrame":[770.523,222.7,45.41,-0.991,0,0.13,0,1,0,-0.13,0,-0.991],"_humanoidState":8,"_cameraCFrame":[769.249,236.042,40.79,-0.995,-0.098,0.037,0,0.353,0.936,-0.104,0.931,-0.351],"_shiftlockState":true,"_pose":"Running","_animationQueue":[["walk",0.1]],"_animationSpeed":1.066,"_zoom":8.72},{"_mousePosition":[683,384],"_rootPartCFrame":[770.259,222.7,45.374,-0.995,0,0.104,0,1,0,-0.104,0,-0.995],"_humanoidState":8,"_cameraCFrame":[768.853,235.334,41.298,-0.996,-0.081,0.029,0,0.334,0.943,-0.086,0.939,-0.332],"_shiftlockState":true,"_pose":"Running","_animationQueue":[],"_animationSpeed":1.066,"_zoom":8.72},{"_mousePosition":[683,384],"_rootPartCFrame":[769.994,222.7,45.345,-0.996,0,0.086,0,1,0,-0.086,0,-0.996],"_humanoidState":8,"_cameraCFrame":[768.535,234.68,41.622,-0.997,-0.075,0.026,0,0.324,0.946,-0.079,0.943,-0.323],"_shiftlockState":true,"_pose":"Running","_animationQueue":[],"_animationSpeed":1.066,"_zoom":8.72},{"_mousePosition":[683,384],"_rootPartCFrame":[769.729,222.666,45.317,-0.997,0,0.079,0,1,0,-0.079,0,-0.997],"_humanoidState":8,"_cameraCFrame":[768.24,234.031,41.887,-0.997,-0.073,0.025,0,0.318,0.948,-0.077,0.945,-0.317],"_shiftlockState":true,"_pose":"Running","_animationQueue":[],"_animationSpeed":1.066,"_zoom":8.72},{"_mousePosition":[683,384],"_rootPartCFrame":[769.463,222.577,45.289,-0.997,0,0.077,0,1,0,-0.077,0,-0.997],"_humanoidState":8,"_cameraCFrame":[767.962,233.533,42.013,-0.997,-0.073,0.024,0,0.316,0.949,-0.077,0.946,-0.315],"_shiftlockState":true,"_pose":"Running","_animationQueue":[],"_animationSpeed":1.066,"_zoom":8.72},{"_mousePosition":[683,384],"_rootPartCFrame":[769.198,222.434,45.261,-0.997,0,0.077,0,1,0,-0.077,0,-0.997],"_humanoidState":8,"_cameraCFrame":[767.71,233.032,42.14,-0.996,-0.081,0.027,0,0.311,0.95,-0.086,0.947,-0.31],"_shiftlockState":true,"_pose":"Running","_animationQueue":[],"_animationSpeed":1.066,"_zoom":8.72},{"_mousePosition":[683,384],"_rootPartCFrame":[768.867,223.518,45.227,-0.996,0,0.086,0,1,0,-0.086,0,-0.996],"_humanoidState":3,"_cameraCFrame":[767.409,233.88,42.217,-0.995,-0.095,0.03,0,0.306,0.952,-0.099,0.947,-0.305],"_shiftlockState":true,"_pose":"Jumping","_animationQueue":[["walk",0.1],["walk",0.1],["jump",0.1]],"_animationSpeed":1,"_zoom":8.72},{"_mousePosition":[683,384],"_rootPartCFrame":[768.668,224.129,45.209,-0.987,0,0.161,0,1,0,-0.161,0,-0.987],"_humanoidState":5,"_cameraCFrame":[767.236,234.336,42.277,-0.994,-0.107,0.034,0,0.302,0.953,-0.112,0.947,-0.3],"_shiftlockState":true,"_pose":"FreeFall","_animationQueue":[["jump",0.1]],"_animationSpeed":1,"_zoom":8.72},{"_mousePosition":[683,384],"_rootPartCFrame":[768.402,224.897,45.183,-0.972,0,0.235,0,1,0,-0.235,0,-0.972],"_humanoidState":5,"_cameraCFrame":[766.981,234.987,42.316,-0.993,-0.113,0.035,0,0.298,0.955,-0.118,0.948,-0.296],"_shiftlockState":true,"_pose":"FreeFall","_animationQueue":[],"_animationSpeed":1,"_zoom":8.72},{"_mousePosition":[683,384],"_rootPartCFrame":[768.137,225.61,45.153,-0.969,0,0.248,0,1,0,-0.248,0,-0.969],"_humanoidState":5,"_cameraCFrame":[766.712,235.622,42.34,-0.993,-0.114,0.035,0,0.295,0.956,-0.119,0.949,-0.292],"_shiftlockState":true,"_pose":"FreeFall","_animationQueue":[],"_animationSpeed":1,"_zoom":8.72},{"_mousePosition":[683,384],"_rootPartCFrame":[767.872,226.268,45.122,-0.968,0,0.25,0,1,0,-0.25,0,-0.968],"_humanoidState":5,"_cameraCFrame":[766.432,236.236,42.371,-0.993,-0.111,0.034,0,0.29,0.957,-0.116,0.951,-0.288],"_shiftlockState":true,"_pose":"FreeFall","_animationQueue":[],"_animationSpeed":1,"_zoom":8.72},{"_mousePosition":[683,384],"_rootPartCFrame":[767.607,226.872,45.09,-0.969,0,0.247,0,1,0,-0.247,0,-0.969],"_humanoidState":5,"_cameraCFrame":[766.13,236.819,42.435,-0.994,-0.101,0.03,0,0.282,0.959,-0.106,0.954,-0.281],"_shiftlockState":true,"_pose":"FreeFall","_animationQueue":[],"_animationSpeed":1,"_zoom":8.72},{"_mousePosition":[683,384],"_rootPartCFrame":[767.343,227.422,45.059,-0.972,0,0.237,0,1,0,-0.237,0,-0.972],"_humanoidState":5,"_cameraCFrame":[765.822,237.362,42.499,-0.996,-0.088,0.025,0,0.274,0.962,-0.092,0.958,-0.273],"_shiftlockState":true,"_pose":"FreeFall","_animationQueue":[],"_animationSpeed":1,"_zoom":8.72},{"_mousePosition":[683,384],"_rootPartCFrame":[767.077,227.917,45.031,-0.975,0,0.223,0,1,0,-0.223,0,-0.975],"_humanoidState":5,"_cameraCFrame":[765.508,237.857,42.57,-0.997,-0.073,0.02,0,0.267,0.964,-0.075,0.961,-0.266],"_shiftlockState":true,"_pose":"FreeFall","_animationQueue":[],"_animationSpeed":1,"_zoom":8.72},{"_mousePosition":[683,384],"_rootPartCFrame":[766.812,228.357,45.006,-0.978,0,0.207,0,1,0,-0.207,0,-0.978],"_humanoidState":5,"_cameraCFrame":[765.206,238.299,42.617,-0.998,-0.06,0.016,0,0.261,0.965,-0.062,0.963,-0.261],"_shiftlockState":true,"_pose":"FreeFall","_animationQueue":[],"_animationSpeed":1,"_zoom":8.72},{"_mousePosition":[683,384],"_rootPartCFrame":[766.546,228.743,44.985,-0.981,0,0.194,0,1,0,-0.194,0,-0.981],"_humanoidState":5,"_cameraCFrame":[764.898,238.689,42.674,-0.999,-0.043,0.012,0,0.256,0.967,-0.045,0.966,-0.256],"_shiftlockState":true,"_pose":"FreeFall","_animationQueue":[],"_animationSpeed":1,"_zoom":8.72},{"_mousePosition":[683,384],"_rootPartCFrame":[766.28,229.075,44.968,-0.984,0,0.177,0,1,0,-0.177,0,-0.984],"_humanoidState":5,"_cameraCFrame":[764.607,239.021,42.696,-0.999,-0.033,0.009,0,0.253,0.967,-0.035,0.967,-0.253],"_shiftlockState":true,"_pose":"FreeFall","_animationQueue":[],"_animationSpeed":1,"_zoom":8.72},{"_mousePosition":[683,384],"_rootPartCFrame":[766.014,229.352,44.955,-0.986,0,0.167,0,1,0,-0.167,0,-0.986],"_humanoidState":5,"_cameraCFrame":[764.308,239.297,42.723,-1,-0.019,0.005,0,0.252,0.968,-0.02,0.968,-0.252],"_shiftlockState":true,"_pose":"FreeFall","_animationQueue":[],"_animationSpeed":1,"_zoom":8.72},{"_mousePosition":[683,384],"_rootPartCFrame":[765.747,229.574,44.946,-0.988,0,0.153,0,1,0,-0.153,0,-0.988],"_humanoidState":5,"_cameraCFrame":[764.008,239.519,42.746,-1,-0.005,0.001,0,0.251,0.968,-0.005,0.968,-0.251],"_shiftlockState":true,"_pose":"FreeFall","_animationQueue":[],"_animationSpeed":1,"_zoom":8.72},{"_mousePosition":[683,384],"_rootPartCFrame":[765.48,229.742,44.94,-0.99,0,0.138,0,1,0,-0.138,0,-0.99],"_humanoidState":5,"_cameraCFrame":[763.712,239.688,42.771,-1,0.008,-0.002,0,0.25,0.968,0.008,0.968,-0.25],"_shiftlockState":true,"_pose":"FreeFall","_animationQueue":[],"_animationSpeed":1,"_zoom":8.72},{"_mousePosition":[683,384],"_rootPartCFrame":[765.214,229.856,44.938,-0.992,0,0.125,0,1,0,-0.125,0,-0.992],"_humanoidState":5,"_cameraCFrame":[763.432,239.8,42.78,-1,0.014,-0.004,0,0.25,0.968,0.015,0.968,-0.25],"_shiftlockState":true,"_pose":"FreeFall","_animationQueue":[],"_animationSpeed":1,"_zoom":8.72},{"_mousePosition":[683,384],"_rootPartCFrame":[764.947,229.915,44.94,-0.993,0,0.118,0,1,0,-0.118,0,-0.993],"_humanoidState":5,"_cameraCFrame":[763.163,239.858,42.784,-1,0.015,-0.004,0,0.25,0.968,0.016,0.968,-0.25],"_shiftlockState":true,"_pose":"FreeFall","_animationQueue":[],"_animationSpeed":1,"_zoom":8.72},{"_mousePosition":[683,384],"_rootPartCFrame":[764.681,229.919,44.943,-0.993,0,0.117,0,1,0,-0.117,0,-0.993],"_humanoidState":5,"_cameraCFrame":[762.897,239.863,42.788,-1,0.015,-0.004,0,0.25,0.968,0.016,0.968,-0.25],"_shiftlockState":true,"_pose":"FreeFall","_animationQueue":[],"_animationSpeed":1,"_zoom":8.72},{"_mousePosition":[683,384],"_rootPartCFrame":[764.414,229.869,44.947,-0.993,0,0.117,0,1,0,-0.117,0,-0.993],"_humanoidState":5,"_cameraCFrame":[762.659,239.8,42.72,-1,0.002,-0.001,0,0.256,0.967,0.002,0.967,-0.256],"_shiftlockState":true,"_pose":"FreeFall","_animationQueue":[],"_animationSpeed":1,"_zoom":8.72},{"_mousePosition":[683,384],"_rootPartCFrame":[764.096,229.73,44.987,-0.991,0,0.136,0,1,0,-0.136,0,-0.991],"_humanoidState":5,"_cameraCFrame":[762.414,239.64,42.631,-1,-0.028,0.008,0,0.264,0.964,-0.029,0.964,-0.264],"_shiftlockState":true,"_pose":"FreeFall","_animationQueue":[],"_animationSpeed":1,"_zoom":8.72},{"_mousePosition":[683,384],"_rootPartCFrame":[763.858,229.558,45.059,-0.991,0,0.131,0,1,0,-0.131,0,-0.991],"_humanoidState":5,"_cameraCFrame":[762.292,239.449,42.561,-0.997,-0.072,0.02,0,0.272,0.962,-0.075,0.96,-0.271],"_shiftlockState":true,"_pose":"FreeFall","_animationQueue":[["fall",0.3]],"_animationSpeed":1,"_zoom":8.72},{"_mousePosition":[683,384],"_rootPartCFrame":[763.636,229.331,45.169,-0.985,0,0.174,0,1,0,-0.174,0,-0.985],"_humanoidState":5,"_cameraCFrame":[762.167,239.21,42.575,-0.994,-0.107,0.031,0,0.277,0.961,-0.112,0.955,-0.275],"_shiftlockState":true,"_pose":"FreeFall","_animationQueue":[],"_animationSpeed":1,"_zoom":8.72},{"_mousePosition":[683,384],"_rootPartCFrame":[763.477,229.125,45.276,-0.983,0,0.186,0,1,0,-0.186,0,-0.983],"_humanoidState":5,"_cameraCFrame":[762.052,239.002,42.651,-0.992,-0.123,0.036,0,0.278,0.961,-0.128,0.953,-0.275],"_shiftlockState":true,"_pose":"FreeFall","_animationQueue":[],"_animationSpeed":1,"_zoom":8.72},{"_mousePosition":[683,384],"_rootPartCFrame":[763.269,228.802,45.44,-0.974,0,0.228,0,1,0,-0.228,0,-0.974],"_humanoidState":5,"_cameraCFrame":[761.831,238.678,42.816,-0.992,-0.118,0.034,0,0.278,0.96,-0.123,0.953,-0.276],"_shiftlockState":true,"_pose":"FreeFall","_animationQueue":[],"_animationSpeed":1,"_zoom":8.72},{"_mousePosition":[683,384],"_rootPartCFrame":[763.058,228.425,45.603,-0.974,0,0.226,0,1,0,-0.226,0,-0.974],"_humanoidState":5,"_cameraCFrame":[761.551,238.295,42.999,-0.995,-0.092,0.027,0,0.281,0.96,-0.096,0.955,-0.279],"_shiftlockState":true,"_pose":"FreeFall","_animationQueue":[],"_animationSpeed":1,"_zoom":8.72},{"_mousePosition":[683,384],"_rootPartCFrame":[762.873,228.008,45.685,-0.977,0.001,0.212,0.001,1,-0.001,-0.212,-0.001,-0.977],"_humanoidState":5,"_cameraCFrame":[761.266,237.866,43.103,-0.998,-0.053,0.016,0,0.285,0.958,-0.055,0.957,-0.285],"_shiftlockState":true,"_pose":"FreeFall","_animationQueue":[],"_animationSpeed":1,"_zoom":8.72},{"_mousePosition":[683,384],"_rootPartCFrame":[762.746,227.582,45.586,-0.984,0.002,0.176,0.002,1,-0.001,-0.176,-0.001,-0.984],"_humanoidState":5,"_cameraCFrame":[761.021,237.421,43.022,-1,-0.008,0.002,0,0.292,0.956,-0.008,0.956,-0.292],"_shiftlockState":true,"_pose":"FreeFall","_animationQueue":[],"_animationSpeed":1,"_zoom":8.72},{"_mousePosition":[683,384],"_rootPartCFrame":[762.565,226.972,45.53,-0.989,0,0.148,0,1,0,-0.148,0,-0.989],"_humanoidState":5,"_cameraCFrame":[760.718,236.788,42.975,-0.999,0.036,-0.011,0,0.301,0.954,0.038,0.953,-0.301],"_shiftlockState":true,"_pose":"FreeFall","_animationQueue":[["fall",0.3]],"_animationSpeed":1,"_zoom":8.72},{"_mousePosition":[683,384],"_rootPartCFrame":[762.467,227.012,45.513,-1,0,-0.007,0,1,0,0.007,0,-1],"_humanoidState":12,"_cameraCFrame":[760.461,236.798,42.98,-0.995,0.092,-0.03,0,0.311,0.95,0.097,0.946,-0.31],"_shiftlockState":true,"_pose":"Climbing","_animationQueue":[["walk",0.1],["fall",0.3],["climb",0.1],["climb",0]],"_animationSpeed":-2.576,"_zoom":8.72},{"_mousePosition":[683,384],"_rootPartCFrame":[762.372,227.193,45.497,-0.996,0,-0.09,0,1,0,0.09,0,-0.996],"_humanoidState":12,"_cameraCFrame":[760.197,236.946,42.994,-0.987,0.15,-0.051,0,0.323,0.946,0.159,0.934,-0.319],"_shiftlockState":true,"_pose":"Climbing","_animationQueue":[["climb",0.1]],"_animationSpeed":0.748,"_zoom":8.72},{"_mousePosition":[683,384],"_rootPartCFrame":[762.315,227.38,45.487,-0.987,0,-0.158,0,1,0,0.158,0,-0.987],"_humanoidState":12,"_cameraCFrame":[759.913,237.091,43.056,-0.971,0.226,-0.081,0,0.337,0.942,0.24,0.914,-0.327],"_shiftlockState":true,"_pose":"Climbing","_animationQueue":[["climb",0.1],["climb",0]],"_animationSpeed":0.93,"_zoom":8.72},{"_mousePosition":[683,384],"_rootPartCFrame":[762.297,227.567,45.452,-0.971,0,-0.238,0,1,0,0.238,0,-0.971],"_humanoidState":12,"_cameraCFrame":[759.554,237.219,43.191,-0.934,0.335,-0.127,0,0.355,0.935,0.358,0.873,-0.331],"_shiftlockState":true,"_pose":"Climbing","_animationQueue":[],"_animationSpeed":0.93,"_zoom":8.72},{"_mousePosition":[683,384],"_rootPartCFrame":[762.296,227.8,45.355,-0.935,0,-0.354,0,1,0,0.354,0,-0.935],"_humanoidState":12,"_cameraCFrame":[759.196,237.396,43.369,-0.875,0.45,-0.18,0,0.371,0.928,0.485,0.812,-0.325],"_shiftlockState":true,"_pose":"Climbing","_animationQueue":[],"_animationSpeed":0.93,"_zoom":8.72},{"_mousePosition":[683,384],"_rootPartCFrame":[762.282,227.918,45.263,-0.876,-0.001,-0.483,0,1,-0.001,0.483,-0.001,-0.876],"_humanoidState":8,"_cameraCFrame":[758.839,237.461,43.662,-0.792,0.563,-0.236,0,0.386,0.922,0.61,0.731,-0.306],"_shiftlockState":true,"_pose":"Standing","_animationQueue":[["climb",0.1],["walk",0.1],["idle",0.1]],"_animationSpeed":1,"_zoom":8.72},{"_mousePosition":[683,384],"_rootPartCFrame":[762.234,228.026,45.2,-0.846,0,-0.534,0,1,0,0.534,0,-0.846],"_humanoidState":5,"_cameraCFrame":[758.423,237.494,44.154,-0.664,0.683,-0.304,0,0.406,0.914,0.747,0.607,-0.27],"_shiftlockState":true,"_pose":"FreeFall","_animationQueue":[["walk",0.1],["fall",0.3]],"_animationSpeed":1,"_zoom":8.72},{"_mousePosition":[683,384],"_rootPartCFrame":[762.155,228.079,45.137,-0.756,0,-0.655,0,1,0,0.655,0,-0.756],"_humanoidState":5,"_cameraCFrame":[758.091,237.468,44.547,-0.552,0.755,-0.355,0,0.426,0.905,0.834,0.499,-0.235],"_shiftlockState":true,"_pose":"FreeFall","_animationQueue":[],"_animationSpeed":1,"_zoom":8.72},{"_mousePosition":[683,384],"_rootPartCFrame":[762.046,228.067,45.094,-0.678,0,-0.735,0,1,0,0.735,0,-0.678],"_humanoidState":5,"_cameraCFrame":[757.814,237.379,44.695,-0.495,0.778,-0.386,0,0.444,0.896,0.869,0.444,-0.22],"_shiftlockState":true,"_pose":"FreeFall","_animationQueue":[],"_animationSpeed":1,"_zoom":8.72},{"_mousePosition":[683,384],"_rootPartCFrame":[761.959,227.998,45.067,-0.599,0,-0.8,0,1,0,0.8,0,-0.599],"_humanoidState":5,"_cameraCFrame":[757.634,237.253,44.567,-0.504,0.768,-0.395,0,0.457,0.889,0.863,0.449,-0.231],"_shiftlockState":true,"_pose":"FreeFall","_animationQueue":[],"_animationSpeed":1,"_zoom":8.72},{"_mousePosition":[683,384],"_rootPartCFrame":[761.893,227.913,45.062,-0.585,0,-0.811,0,1,0,0.811,0,-0.585],"_humanoidState":5,"_cameraCFrame":[757.548,237.119,44.152,-0.574,0.724,-0.383,0,0.468,0.884,0.819,0.507,-0.269],"_shiftlockState":true,"_pose":"FreeFall","_animationQueue":[],"_animationSpeed":1,"_zoom":8.72},{"_mousePosition":[683,384],"_rootPartCFrame":[761.804,227.754,45.085,-0.676,0,-0.737,0,1,0,0.737,0,-0.676],"_humanoidState":5,"_cameraCFrame":[757.591,236.931,43.53,-0.685,0.642,-0.346,0,0.474,0.88,0.729,0.603,-0.325],"_shiftlockState":true,"_pose":"FreeFall","_animationQueue":[],"_animationSpeed":1,"_zoom":8.72},{"_mousePosition":[683,384],"_rootPartCFrame":[761.697,227.543,45.087,-0.775,0,-0.632,0,1,0,0.632,0,-0.775],"_humanoidState":5,"_cameraCFrame":[757.784,236.713,42.862,-0.793,0.535,-0.29,0,0.476,0.88,0.609,0.698,-0.377],"_shiftlockState":true,"_pose":"FreeFall","_animationQueue":[["fall",0.3]],"_animationSpeed":1,"_zoom":8.72},{"_mousePosition":[683,384],"_rootPartCFrame":[761.569,227.276,45.113,-0.867,0,-0.498,0,1,0,0.498,0,-0.867],"_humanoidState":5,"_cameraCFrame":[757.895,236.486,42.63,-0.841,0.478,-0.252,0,0.467,0.884,0.54,0.744,-0.393],"_shiftlockState":true,"_pose":"FreeFall","_animationQueue":[],"_animationSpeed":1,"_zoom":8.72},{"_mousePosition":[683,384],"_rootPartCFrame":[761.422,226.956,45.173,-0.906,0,-0.424,0,1,0,0.424,0,-0.906],"_humanoidState":5,"_cameraCFrame":[757.878,236.192,42.586,-0.863,0.448,-0.233,0,0.461,0.887,0.505,0.765,-0.398],"_shiftlockState":true,"_pose":"FreeFall","_animationQueue":[],"_animationSpeed":1,"_zoom":8.72},{"_mousePosition":[683,384],"_rootPartCFrame":[761.25,226.581,45.264,-0.922,0,-0.386,0,1,0,0.386,0,-0.922],"_humanoidState":5,"_cameraCFrame":[757.71,235.827,42.7,-0.862,0.451,-0.233,0,0.459,0.888,0.507,0.766,-0.396],"_shiftlockState":true,"_pose":"FreeFall","_animationQueue":[],"_animationSpeed":1,"_zoom":8.72},{"_mousePosition":[683,384],"_rootPartCFrame":[761.096,226.685,45.289,-0.886,0.001,-0.463,0.004,1,-0.007,0.463,-0.008,-0.886],"_humanoidState":12,"_cameraCFrame":[757.445,235.931,42.875,-0.838,0.485,-0.251,0,0.459,0.888,0.546,0.744,-0.385],"_shiftlockState":true,"_pose":"Climbing","_animationQueue":[["walk",0.1],["fall",0.3],["climb",0.1],["climb",0]],"_animationSpeed":-1.978,"_zoom":8.72},{"_mousePosition":[683,384],"_rootPartCFrame":[760.97,226.87,45.323,-0.842,0,-0.54,0.001,1,-0.002,0.54,-0.002,-0.842],"_humanoidState":12,"_cameraCFrame":[757.117,236.093,43.173,-0.793,0.539,-0.283,0,0.464,0.886,0.609,0.703,-0.368],"_shiftlockState":true,"_pose":"Climbing","_animationQueue":[["climb",0.1]],"_animationSpeed":0.878,"_zoom":8.72},{"_mousePosition":[683,384],"_rootPartCFrame":[760.855,227.103,45.334,-0.795,0,-0.607,0,1,0,0.607,0,-0.795],"_humanoidState":12,"_cameraCFrame":[756.758,236.286,43.522,-0.73,0.603,-0.323,0,0.473,0.881,0.684,0.643,-0.345],"_shiftlockState":true,"_pose":"Climbing","_animationQueue":[["climb",0.1],["climb",0]],"_animationSpeed":0.932,"_zoom":8.72},{"_mousePosition":[683,384],"_rootPartCFrame":[760.774,227.223,45.331,-0.729,-0.001,-0.685,0,1,-0.001,0.685,0,-0.729],"_humanoidState":8,"_cameraCFrame":[756.459,236.356,43.837,-0.664,0.654,-0.361,0,0.483,0.875,0.747,0.582,-0.321],"_shiftlockState":true,"_pose":"Running","_animationQueue":[["walk",0.1],["climb",0.1],["walk",0.1],["walk",0.1]],"_animationSpeed":0.253,"_zoom":8.72},{"_mousePosition":[683,384],"_rootPartCFrame":[760.651,227.334,45.367,-0.73,0,-0.683,0,1,-0.001,0.683,0,-0.73],"_humanoidState":5,"_cameraCFrame":[756.173,236.426,44.177,-0.603,0.695,-0.392,0,0.492,0.871,0.798,0.525,-0.297],"_shiftlockState":true,"_pose":"FreeFall","_animationQueue":[["walk",0.1],["fall",0.3]],"_animationSpeed":1,"_zoom":8.72},{"_mousePosition":[683,384],"_rootPartCFrame":[760.512,227.391,45.445,-0.701,0,-0.713,0,1,0,0.713,0,-0.701],"_humanoidState":5,"_cameraCFrame":[755.913,236.445,44.496,-0.552,0.722,-0.416,0,0.5,0.866,0.834,0.479,-0.276],"_shiftlockState":true,"_pose":"FreeFall","_animationQueue":[],"_animationSpeed":1,"_zoom":8.72},{"_mousePosition":[683,384],"_rootPartCFrame":[760.372,227.394,45.57,-0.658,0,-0.753,0,1,0,0.753,0,-0.658],"_humanoidState":5,"_cameraCFrame":[755.678,236.412,44.827,-0.509,0.742,-0.436,0,0.507,0.862,0.861,0.439,-0.258],"_shiftlockState":true,"_pose":"FreeFall","_animationQueue":[],"_animationSpeed":1,"_zoom":8.72},{"_mousePosition":[683,384],"_rootPartCFrame":[760.232,227.321,45.77,-0.629,0,-0.777,0,1,0,0.777,0,-0.629],"_humanoidState":5,"_cameraCFrame":[755.461,236.303,45.171,-0.477,0.754,-0.451,0,0.514,0.858,0.879,0.409,-0.245],"_shiftlockState":true,"_pose":"FreeFall","_animationQueue":[],"_animationSpeed":1,"_zoom":8.72},{"_mousePosition":[683,384],"_rootPartCFrame":[760.168,227.422,45.885,-0.505,0,-0.863,0,1,0,0.863,0,-0.505],"_humanoidState":12,"_cameraCFrame":[755.319,236.365,45.442,-0.443,0.765,-0.467,0,0.521,0.853,0.897,0.378,-0.231],"_shiftlockState":true,"_pose":"Climbing","_animationQueue":[["walk",0.1],["fall",0.3],["climb",0.1]],"_animationSpeed":-0.429,"_zoom":8.72},{"_mousePosition":[683,384],"_rootPartCFrame":[760.085,227.653,46.033,-0.449,0,-0.893,0,1,0,0.893,0,-0.449],"_humanoidState":12,"_cameraCFrame":[755.163,236.555,45.746,-0.409,0.775,-0.483,0,0.529,0.849,0.913,0.347,-0.216],"_shiftlockState":true,"_pose":"Climbing","_animationQueue":[["climb",0.1]],"_animationSpeed":0.861,"_zoom":8.72},{"_mousePosition":[683,384],"_rootPartCFrame":[760.05,227.793,46.096,-0.409,0,-0.913,0,1,0,0.913,0,-0.409],"_humanoidState":12,"_cameraCFrame":[755.065,236.658,45.983,-0.372,0.784,-0.497,0,0.536,0.845,0.928,0.314,-0.199],"_shiftlockState":true,"_pose":"Climbing","_animationQueue":[["climb",0.1]],"_animationSpeed":0.933,"_zoom":8.72},{"_mousePosition":[683,384],"_rootPartCFrame":[760.021,227.98,46.149,-0.372,0,-0.928,0,1,0,0.928,0,-0.372],"_humanoidState":12,"_cameraCFrame":[754.974,236.803,46.271,-0.324,0.794,-0.514,0,0.543,0.84,0.946,0.272,-0.176],"_shiftlockState":true,"_pose":"Climbing","_animationQueue":[],"_animationSpeed":0.933,"_zoom":8.72},{"_mousePosition":[683,384],"_rootPartCFrame":[760.01,228.167,46.168,-0.324,0,-0.946,0,1,0,0.946,0,-0.324],"_humanoidState":12,"_cameraCFrame":[754.908,236.939,46.586,-0.264,0.804,-0.532,0,0.552,0.834,0.965,0.22,-0.146],"_shiftlockState":true,"_pose":"Climbing","_animationQueue":[],"_animationSpeed":0.933,"_zoom":8.72},{"_mousePosition":[683,384],"_rootPartCFrame":[760.01,228.4,46.169,-0.264,0,-0.965,0,1,0,0.965,0,-0.264],"_humanoidState":12,"_cameraCFrame":[754.867,237.126,46.833,-0.214,0.809,-0.547,0,0.56,0.829,0.977,0.177,-0.12],"_shiftlockState":true,"_pose":"Climbing","_animationQueue":[],"_animationSpeed":0.933,"_zoom":8.72},{"_mousePosition":[683,384],"_rootPartCFrame":[760.01,228.54,46.169,-0.214,0,-0.977,0,1,0,0.977,0,-0.214],"_humanoidState":12,"_cameraCFrame":[754.816,237.202,47.081,-0.164,0.81,-0.563,0,0.57,0.821,0.987,0.134,-0.093],"_shiftlockState":true,"_pose":"Climbing","_animationQueue":[],"_animationSpeed":0.933,"_zoom":8.72},{"_mousePosition":[683,384],"_rootPartCFrame":[760.01,228.727,46.169,-0.164,0,-0.987,0,1,0,0.987,0,-0.164],"_humanoidState":12,"_cameraCFrame":[754.766,237.324,47.276,-0.124,0.808,-0.576,0,0.581,0.814,0.992,0.101,-0.072],"_shiftlockState":true,"_pose":"Climbing","_animationQueue":[],"_animationSpeed":0.933,"_zoom":8.72},{"_mousePosition":[683,384],"_rootPartCFrame":[760.01,228.913,46.169,-0.124,0,-0.992,0,1,0,0.992,0,-0.124],"_humanoidState":12,"_cameraCFrame":[754.865,237.44,45.731,-0.085,0.803,-0.59,0,0.592,0.806,0.996,0.068,-0.05],"_shiftlockState":false,"_pose":"Climbing","_animationQueue":[],"_animationSpeed":0.933,"_zoom":8.72},{"_mousePosition":[683,384],"_rootPartCFrame":[760.01,229.147,46.169,-0.124,0,-0.992,0,1,0,0.992,0,-0.124],"_humanoidState":12,"_cameraCFrame":[754.865,237.674,45.731,-0.085,0.803,-0.59,0,0.592,0.806,0.996,0.068,-0.05],"_shiftlockState":false,"_pose":"Climbing","_animationQueue":[],"_animationSpeed":0.933,"_zoom":8.72},{"_mousePosition":[683,384],"_rootPartCFrame":[760.01,229.287,46.169,-0.124,0,-0.992,0,1,0,0.992,0,-0.124],"_humanoidState":12,"_cameraCFrame":[754.752,237.738,45.91,-0.049,0.796,-0.603,0,0.604,0.797,0.999,0.039,-0.03],"_shiftlockState":false,"_pose":"Climbing","_animationQueue":[],"_animationSpeed":0.933,"_zoom":8.72},{"_mousePosition":[683,384],"_rootPartCFrame":[760.01,229.473,46.169,-0.124,0,-0.992,0,1,0,0.992,0,-0.124],"_humanoidState":12,"_cameraCFrame":[754.651,237.852,46.073,-0.018,0.789,-0.614,0,0.615,0.789,1,0.014,-0.011],"_shiftlockState":false,"_pose":"Climbing","_animationQueue":[],"_animationSpeed":0.933,"_zoom":8.72},{"_mousePosition":[683,384],"_rootPartCFrame":[760.01,229.706,46.169,-0.124,0,-0.992,0,1,0,0.992,0,-0.124],"_humanoidState":12,"_cameraCFrame":[754.595,238.042,46.157,-0.002,0.784,-0.621,0,0.621,0.784,1,0.002,-0.001],"_shiftlockState":false,"_pose":"Climbing","_animationQueue":[],"_animationSpeed":0.933,"_zoom":8.72},{"_mousePosition":[683,384],"_rootPartCFrame":[760.01,229.846,46.169,-0.124,0,-0.992,0,1,0,0.992,0,-0.124],"_humanoidState":12,"_cameraCFrame":[754.557,238.151,46.186,0.003,0.78,-0.625,0,0.625,0.78,1,-0.002,0.002],"_shiftlockState":false,"_pose":"Climbing","_animationQueue":[],"_animationSpeed":0.933,"_zoom":8.72},{"_mousePosition":[683,384],"_rootPartCFrame":[760.01,230.033,46.169,-0.124,0,-0.992,0,1,0,0.992,0,-0.124],"_humanoidState":12,"_cameraCFrame":[754.513,238.302,46.215,0.008,0.776,-0.63,0,0.63,0.776,1,-0.007,0.005],"_shiftlockState":false,"_pose":"Climbing","_animationQueue":[],"_animationSpeed":0.933,"_zoom":8.72},{"_mousePosition":[683,384],"_rootPartCFrame":[760.01,230.22,46.169,-0.124,0,-0.992,0,1,0,0.992,0,-0.124],"_humanoidState":12,"_cameraCFrame":[754.47,238.454,46.267,0.018,0.772,-0.635,0,0.635,0.772,1,-0.014,0.011],"_shiftlockState":false,"_pose":"Climbing","_animationQueue":[],"_animationSpeed":0.933,"_zoom":8.72},{"_mousePosition":[683,384],"_rootPartCFrame":[760.01,230.406,46.169,-0.124,0,-0.992,0,1,0,0.992,0,-0.124],"_humanoidState":12,"_cameraCFrame":[754.418,238.595,46.339,0.03,0.767,-0.641,0,0.642,0.767,1,-0.023,0.02],"_shiftlockState":false,"_pose":"Climbing","_animationQueue":[],"_animationSpeed":0.933,"_zoom":8.72},{"_mousePosition":[683,384],"_rootPartCFrame":[760.01,230.593,46.169,-0.124,0,-0.992,0,1,0,0.992,0,-0.124],"_humanoidState":12,"_cameraCFrame":[754.387,238.755,46.363,0.035,0.763,-0.645,0,0.645,0.764,0.999,-0.026,0.022],"_shiftlockState":false,"_pose":"Climbing","_animationQueue":[],"_animationSpeed":0.933,"_zoom":8.72},{"_mousePosition":[683,384],"_rootPartCFrame":[760.01,230.78,46.169,-0.124,0,-0.992,0,1,0,0.992,0,-0.124],"_humanoidState":12,"_cameraCFrame":[754.36,238.919,46.364,0.035,0.761,-0.648,0,0.648,0.761,0.999,-0.026,0.022],"_shiftlockState":false,"_pose":"Climbing","_animationQueue":[],"_animationSpeed":0.933,"_zoom":8.72},{"_mousePosition":[683,384],"_rootPartCFrame":[760.01,231.013,46.169,-0.124,0,-0.992,0,1,0,0.992,0,-0.124],"_humanoidState":12,"_cameraCFrame":[754.327,239.125,46.347,0.031,0.758,-0.652,0,0.652,0.758,1,-0.024,0.021],"_shiftlockState":false,"_pose":"Climbing","_animationQueue":[],"_animationSpeed":0.933,"_zoom":8.72},{"_mousePosition":[683,384],"_rootPartCFrame":[760.01,231.153,46.169,-0.124,0,-0.992,0,1,0,0.992,0,-0.124],"_humanoidState":12,"_cameraCFrame":[754.289,239.232,46.313,0.025,0.754,-0.656,0,0.656,0.755,1,-0.019,0.017],"_shiftlockState":false,"_pose":"Climbing","_animationQueue":[],"_animationSpeed":0.933,"_zoom":8.72},{"_mousePosition":[683,384],"_rootPartCFrame":[760.01,231.34,46.169,-0.124,0,-0.992,0,1,0,0.992,0,-0.124],"_humanoidState":12,"_cameraCFrame":[754.24,239.377,46.253,0.015,0.75,-0.662,0,0.662,0.75,1,-0.011,0.01],"_shiftlockState":false,"_pose":"Climbing","_animationQueue":[],"_animationSpeed":0.933,"_zoom":8.72},{"_mousePosition":[683,384],"_rootPartCFrame":[760.01,231.526,46.169,-0.124,0,-0.992,0,1,0,0.992,0,-0.124],"_humanoidState":12,"_cameraCFrame":[754.183,239.512,46.059,-0.019,0.744,-0.668,0,0.668,0.744,1,0.014,-0.013],"_shiftlockState":false,"_pose":"Climbing","_animationQueue":[],"_animationSpeed":0.933,"_zoom":8.72},{"_mousePosition":[683,384],"_rootPartCFrame":[760.01,231.713,46.169,-0.124,0,-0.992,0,1,0,0.992,0,-0.124],"_humanoidState":12,"_cameraCFrame":[754.159,239.652,45.585,-0.099,0.735,-0.671,0,0.674,0.738,0.995,0.073,-0.067],"_shiftlockState":false,"_pose":"Climbing","_animationQueue":[],"_animationSpeed":0.933,"_zoom":8.72},{"_mousePosition":[683,384],"_rootPartCFrame":[760.01,231.9,46.169,-0.124,0,-0.992,0,1,0,0.992,0,-0.124],"_humanoidState":12,"_cameraCFrame":[754.284,239.762,44.505,-0.279,0.701,-0.657,0,0.684,0.73,0.96,0.204,-0.191],"_shiftlockState":false,"_pose":"Climbing","_animationQueue":[],"_animationSpeed":0.933,"_zoom":8.72},{"_mousePosition":[683,384],"_rootPartCFrame":[760.01,232.086,46.169,-0.124,0,-0.992,0,1,0,0.992,0,-0.124],"_humanoidState":12,"_cameraCFrame":[754.911,239.896,42.97,-0.531,0.613,-0.585,0,0.69,0.724,0.847,0.384,-0.367],"_shiftlockState":false,"_pose":"Climbing","_animationQueue":[],"_animationSpeed":0.933,"_zoom":8.72},{"_mousePosition":[683,384],"_rootPartCFrame":[760.01,232.273,46.169,-0.124,0,-0.992,0,1,0,0.992,0,-0.124],"_humanoidState":12,"_cameraCFrame":[756.4,240.097,41.371,-0.799,0.436,-0.414,0,0.689,0.725,0.601,0.579,-0.55],"_shiftlockState":false,"_pose":"Climbing","_animationQueue":[],"_animationSpeed":0.933,"_zoom":8.72},{"_mousePosition":[683,384],"_rootPartCFrame":[760.01,232.46,46.169,-0.124,0,-0.992,0,1,0,0.992,0,-0.124],"_humanoidState":12,"_cameraCFrame":[759.076,240.389,40.352,-0.987,0.117,-0.107,0,0.676,0.737,0.159,0.728,-0.667],"_shiftlockState":false,"_pose":"Climbing","_animationQueue":[],"_animationSpeed":0.933,"_zoom":8.72},{"_mousePosition":[683,384],"_rootPartCFrame":[760.01,232.646,46.169,-0.124,0,-0.992,0,1,0,0.992,0,-0.124],"_humanoidState":12,"_cameraCFrame":[761.838,240.716,40.735,-0.948,-0.24,0.21,0,0.658,0.753,-0.319,0.714,-0.623],"_shiftlockState":false,"_pose":"Climbing","_animationQueue":[],"_animationSpeed":0.933,"_zoom":8.72},{"_mousePosition":[683,384],"_rootPartCFrame":[760.01,232.879,46.169,-0.124,0,-0.992,0,1,0,0.992,0,-0.124],"_humanoidState":12,"_cameraCFrame":[764.195,241.005,42.344,-0.675,-0.561,0.48,0,0.65,0.76,-0.738,0.513,-0.439],"_shiftlockState":false,"_pose":"Climbing","_animationQueue":[],"_animationSpeed":0.933,"_zoom":8.72},{"_mousePosition":[683,384],"_rootPartCFrame":[760.01,233.019,46.169,-0.124,0,-0.992,0,1,0,0.992,0,-0.124],"_humanoidState":12,"_cameraCFrame":[765.346,241.177,44.366,-0.32,-0.723,0.612,0,0.646,0.763,-0.947,0.244,-0.207],"_shiftlockState":false,"_pose":"Climbing","_animationQueue":[["climb",0]],"_animationSpeed":0.933,"_zoom":8.72},{"_mousePosition":[683,384],"_rootPartCFrame":[760.01,232.888,46.169,-0.124,0,-0.992,0,1,0,0.992,0,-0.124],"_humanoidState":12,"_cameraCFrame":[765.635,241.04,45.797,-0.066,-0.761,0.645,0,0.647,0.763,-0.998,0.05,-0.043],"_shiftlockState":false,"_pose":"Climbing","_animationQueue":[],"_animationSpeed":0.933,"_zoom":8.72},{"_mousePosition":[683,384],"_rootPartCFrame":[760.01,232.702,46.169,-0.124,0,-0.992,0,1,0,0.992,0,-0.124],"_humanoidState":12,"_cameraCFrame":[765.708,240.786,46.635,0.082,-0.753,0.653,0,0.656,0.755,-0.997,-0.062,0.053],"_shiftlockState":false,"_pose":"Climbing","_animationQueue":[["climb",0.1]],"_animationSpeed":-0.896,"_zoom":8.72},{"_mousePosition":[683,384],"_rootPartCFrame":[760.01,232.515,46.169,-0.124,0,-0.992,0,1,0,0.992,0,-0.124],"_humanoidState":12,"_cameraCFrame":[765.737,240.544,46.953,0.136,-0.742,0.657,0,0.663,0.749,-0.991,-0.102,0.09],"_shiftlockState":false,"_pose":"Climbing","_animationQueue":[["climb",0]],"_animationSpeed":-0.896,"_zoom":8.72},{"_mousePosition":[683,384],"_rootPartCFrame":[760.01,232.329,46.169,-0.124,0,-0.992,0,1,0,0.992,0,-0.124],"_humanoidState":12,"_cameraCFrame":[765.757,240.338,46.968,0.138,-0.739,0.659,0,0.665,0.747,-0.99,-0.103,0.092],"_shiftlockState":false,"_pose":"Climbing","_animationQueue":[],"_animationSpeed":-0.896,"_zoom":8.72},{"_mousePosition":[683,384],"_rootPartCFrame":[759.107,232.954,46.056,-0.124,0,-0.992,0,1,0,0.992,0,-0.124],"_humanoidState":3,"_cameraCFrame":[764.902,240.931,46.775,0.123,-0.737,0.664,0,0.67,0.743,-0.992,-0.092,0.083],"_shiftlockState":false,"_pose":"Jumping","_animationQueue":[["climb",0.1],["jump",0.1]],"_animationSpeed":1,"_zoom":8.72},{"_mousePosition":[683,384],"_rootPartCFrame":[758.581,233.288,45.99,-0.062,0,-0.998,0,1,0,0.998,0,-0.062],"_humanoidState":5,"_cameraCFrame":[764.434,241.227,46.549,0.095,-0.735,0.671,0,0.674,0.738,-0.995,-0.07,0.064],"_shiftlockState":false,"_pose":"FreeFall","_animationQueue":[["jump",0.1]],"_animationSpeed":1,"_zoom":8.72},{"_mousePosition":[683,384],"_rootPartCFrame":[757.913,233.686,45.906,0.063,0,-0.998,0,1,0,0.998,0,0.063],"_humanoidState":5,"_cameraCFrame":[763.785,241.615,46.374,0.079,-0.735,0.673,0,0.676,0.737,-0.997,-0.059,0.054],"_shiftlockState":false,"_pose":"FreeFall","_animationQueue":[],"_animationSpeed":1,"_zoom":8.72},{"_mousePosition":[683,384],"_rootPartCFrame":[757.285,234.029,45.827,0.194,0,-0.981,0,1,0,0.981,0,0.194],"_humanoidState":5,"_cameraCFrame":[763.159,241.959,46.271,0.075,-0.735,0.674,0,0.676,0.737,-0.997,-0.056,0.051],"_shiftlockState":false,"_pose":"FreeFall","_animationQueue":[],"_animationSpeed":1,"_zoom":8.72},{"_mousePosition":[683,384],"_rootPartCFrame":[756.696,234.318,45.755,0.323,0,-0.947,0,1,0,0.947,0,0.323],"_humanoidState":5,"_cameraCFrame":[760.628,240.143,46.044,0.073,-0.737,0.672,0,0.674,0.739,-0.997,-0.054,0.049],"_shiftlockState":false,"_pose":"FreeFall","_animationQueue":[],"_animationSpeed":1,"_zoom":8.72},{"_mousePosition":[683,384],"_rootPartCFrame":[756.146,234.552,45.689,0.446,0,-0.895,0,1,0,0.895,0,0.446],"_humanoidState":5,"_cameraCFrame":[760.216,240.579,45.983,0.072,-0.741,0.668,0,0.67,0.743,-0.997,-0.054,0.048],"_shiftlockState":false,"_pose":"FreeFall","_animationQueue":[],"_animationSpeed":1,"_zoom":8.72},{"_mousePosition":[683,384],"_rootPartCFrame":[755.513,234.769,45.615,0.588,0,-0.809,0,1,0,0.809,0,0.588],"_humanoidState":5,"_cameraCFrame":[759.878,241.169,45.922,0.07,-0.744,0.664,0,0.666,0.746,-0.998,-0.052,0.047],"_shiftlockState":false,"_pose":"FreeFall","_animationQueue":[],"_animationSpeed":1,"_zoom":8.72},{"_mousePosition":[683,384],"_rootPartCFrame":[755.164,234.858,45.576,0.666,0,-0.746,0,1,0,0.746,0,0.666],"_humanoidState":5,"_cameraCFrame":[759.827,241.654,45.894,0.068,-0.748,0.66,0,0.662,0.75,-0.998,-0.051,0.045],"_shiftlockState":false,"_pose":"FreeFall","_animationQueue":[],"_animationSpeed":1,"_zoom":8.72},{"_mousePosition":[683,384],"_rootPartCFrame":[754.731,234.928,45.529,0.759,0,-0.651,0,1,0,0.651,0,0.759],"_humanoidState":5,"_cameraCFrame":[759.591,241.991,45.85,0.066,-0.751,0.657,0,0.659,0.752,-0.998,-0.05,0.043],"_shiftlockState":false,"_pose":"FreeFall","_animationQueue":[],"_animationSpeed":1,"_zoom":8.72},{"_mousePosition":[683,384],"_rootPartCFrame":[754.338,234.945,45.489,0.839,0,-0.545,0,1,0,0.545,0,0.839],"_humanoidState":5,"_cameraCFrame":[759.269,242.039,44.036,0.061,-0.755,0.653,