[{"_mousePosition":[860,392],"_rootPartCFrame":[776.027,222.95,47.142,0,0.001,1,0,1,-0.001,-1,0,0],"_humanoidState":8,"_cameraCFrame":[776.521,234.701,35.66,-0.999,-0.029,0.032,0,0.746,0.666,-0.043,0.665,-0.746],"_shiftlockState":false,"_pose":"Standing","_animationQueue":[],"_animationSpeed":1,"_zoom":15.4},{"_mousePosition":[860,392],"_rootPartCFrame":[775.855,222.865,47.135,0.004,0,1,0,1,0,-1,0,0.004],"_humanoidState":8,"_cameraCFrame":[776.348,234.616,35.653,-0.999,-0.029,0.032,0,0.746,0.666,-0.043,0.665,-0.746],"_shiftlockState":false,"_pose":"Standing","_animationQueue":[],"_animationSpeed":1,"_zoom":15.4},{"_mousePosition":[860,392],"_rootPartCFrame":[775.591,222.719,47.123,0.009,0,1,0,1,0,-1,0,0.009],"_humanoidState":8,"_cameraCFrame":[776.083,234.47,35.641,-0.999,-0.029,0.032,0,0.746,0.666,-0.043,0.665,-0.746],"_shiftlockState":false,"_pose":"Running","_animationQueue":[["walk",0.1]],"_animationSpeed":1.004,"_zoom":15.4},{"_mousePosition":[860,392],"_rootPartCFrame":[775.325,222.61,47.112,0.014,0,1,0,1,0,-1,0,0.014],"_humanoidState":8,"_cameraCFrame":[775.817,234.361,35.63,-0.999,-0.029,0.032,0,0.746,0.666,-0.043,0.665,-0.746],"_shiftlockState":false,"_pose":"Running","_animationQueue":[["walk",0.1]],"_animationSpeed":1.101,"_zoom":15.4},{"_mousePosition":[860,392],"_rootPartCFrame":[775.058,222.636,47.1,0.018,0,1,0,1,0,-1,0,0.018],"_humanoidState":8,"_cameraCFrame":[775.551,234.387,35.618,-0.999,-0.029,0.032,0,0.746,0.666,-0.043,0.665,-0.746],"_shiftlockState":false,"_pose":"Running","_animationQueue":[],"_animationSpeed":1.101,"_zoom":15.4},{"_mousePosition":[860,392],"_rootPartCFrame":[774.792,222.663,47.089,0.021,0,1,0,1,0,-1,0,0.021],"_humanoidState":8,"_cameraCFrame":[775.284,234.414,35.607,-0.999,-0.029,0.032,0,0.746,0.666,-0.043,0.665,-0.746],"_shiftlockState":false,"_pose":"Running","_animationQueue":[],"_animationSpeed":1.101,"_zoom":15.4},{"_mousePosition":[860,392],"_rootPartCFrame":[774.525,222.68,47.078,0.024,0,1,0,1,0,-1,0,0.024],"_humanoidState":8,"_cameraCFrame":[775.018,234.43,35.595,-0.999,-0.029,0.032,0,0.746,0.666,-0.043,0.665,-0.746],"_shiftlockState":false,"_pose":"Running","_animationQueue":[["walk",0.1]],"_animationSpeed":1.101,"_zoom":15.4},{"_mousePosition":[860,392],"_rootPartCFrame":[774.259,222.689,47.066,0.027,0,1,0,1,0,-1,0,0.027],"_humanoidState":8,"_cameraCFrame":[774.751,234.44,35.584,-0.999,-0.029,0.032,0,0.746,0.666,-0.043,0.665,-0.746],"_shiftlockState":false,"_pose":"Running","_animationQueue":[],"_animationSpeed":1.101,"_zoom":15.4},{"_mousePosition":[860,392],"_rootPartCFrame":[773.992,222.694,47.055,0.029,0,1,0,1,0,-1,0,0.029],"_humanoidState":8,"_cameraCFrame":[774.485,234.445,35.573,-0.999,-0.029,0.032,0,0.746,0.666,-0.043,0.665,-0.746],"_shiftlockState":false,"_pose":"Running","_animationQueue":[],"_animationSpeed":1.101,"_zoom":15.4},{"_mousePosition":[860,392],"_rootPartCFrame":[773.726,222.697,47.043,0.031,0,1,0,1,0,-1,0,0.031],"_humanoidState":8,"_cameraCFrame":[774.218,234.447,35.561,-0.999,-0.029,0.032,0,0.746,0.666,-0.043,0.665,-0.746],"_shiftlockState":false,"_pose":"Running","_animationQueue":[],"_animationSpeed":1.101,"_zoom":15.4},{"_mousePosition":[860,392],"_rootPartCFrame":[773.459,222.698,47.032,0.032,0,0.999,0,1,0,-0.999,0,0.032],"_humanoidState":8,"_cameraCFrame":[773.952,234.449,35.55,-0.999,-0.029,0.032,0,0.746,0.666,-0.043,0.665,-0.746],"_shiftlockState":false,"_pose":"Running","_animationQueue":[],"_animationSpeed":1.101,"_zoom":15.4},{"_mousePosition":[860,392],"_rootPartCFrame":[773.193,222.699,47.02,0.034,0,0.999,0,1,0,-0.999,0,0.034],"_humanoidState":8,"_cameraCFrame":[773.685,234.45,35.538,-0.999,-0.029,0.032,0,0.746,0.666,-0.043,0.665,-0.746],"_shiftlockState":false,"_pose":"Running","_animationQueue":[],"_animationSpeed":1.101,"_zoom":15.4},{"_mousePosition":[860,392],"_rootPartCFrame":[772.926,222.699,47.009,0.035,0,0.999,0,1,0,-0.999,0,0.035],"_humanoidState":8,"_cameraCFrame":[773.419,234.45,35.527,-0.999,-0.029,0.032,0,0.746,0.666,-0.043,0.665,-0.746],"_shiftlockState":false,"_pose":"Running","_animationQueue":[["walk",0.1]],"_animationSpeed":1.101,"_zoom":15.4},{"_mousePosition":[860,392],"_rootPartCFrame":[772.66,222.699,46.998,0.036,0,0.999,0,1,0,-0.999,0,0.036],"_humanoidState":8,"_cameraCFrame":[773.152,234.45,35.515,-0.999,-0.029,0.032,0,0.746,0.666,-0.043,0.665,-0.746],"_shiftlockState":false,"_pose":"Running","_animationQueue":[],"_animationSpeed":1.101,"_zoom":15.4},{"_mousePosition":[860,392],"_rootPartCFrame":[772.393,222.7,46.986,0.037,0,0.999,0,1,0,-0.999,0,0.037],"_humanoidState":8,"_cameraCFrame":[772.886,234.45,35.504,-0.999,-0.029,0.032,0,0.746,0.666,-0.043,0.665,-0.746],"_shiftlockState":false,"_pose":"Running","_animationQueue":[],"_animationSpeed":1.101,"_zoom":15.4},{"_mousePosition":[860,392],"_rootPartCFrame":[772.127,222.7,46.975,0.038,0,0.999,0,1,0,-0.999,0,0.038],"_humanoidState":8,"_cameraCFrame":[772.619,234.45,35.493,-0.999,-0.029,0.032,0,0.746,0.666,-0.043,0.665,-0.746],"_shiftlockState":false,"_pose":"Running","_animationQueue":[],"_animationSpeed":1.101,"_zoom":15.4},{"_mousePosition":[860,392],"_rootPartCFrame":[771.86,222.7,46.963,0.038,0,0.999,0,1,0,-0.999,0,0.038],"_humanoidState":8,"_cameraCFrame":[772.353,234.45,35.481,-0.999,-0.029,0.032,0,0.746,0.666,-0.043,0.665,-0.746],"_shiftlockState":false,"_pose":"Running","_animationQueue":[],"_animationSpeed":1.101,"_zoom":15.4},{"_mousePosition":[860,392],"_rootPartCFrame":[771.594,222.7,46.952,0.039,0,0.999,0,1,0,-0.999,0,0.039],"_humanoidState":8,"_cameraCFrame":[772.086,234.45,35.47,-0.999,-0.029,0.032,0,0.746,0.666,-0.043,0.665,-0.746],"_shiftlockState":false,"_pose":"Running","_animationQueue":[],"_animationSpeed":1.101,"_zoom":15.4},{"_mousePosition":[860,392],"_rootPartCFrame":[771.327,222.7,46.94,0.04,0,0.999,0,1,0,-0.999,0,0.04],"_humanoidState":8,"_cameraCFrame":[771.82,234.45,35.458,-0.999,-0.029,0.032,0,0.746,0.666,-0.043,0.665,-0.746],"_shiftlockState":false,"_pose":"Running","_animationQueue":[],"_animationSpeed":1.101,"_zoom":15.4},{"_mousePosition":[860,392],"_rootPartCFrame":[771.061,222.7,46.929,0.04,0,0.999,0,1,0,-0.999,0,0.04],"_humanoidState":8,"_cameraCFrame":[771.553,234.45,35.447,-0.999,-0.029,0.032,0,0.746,0.666,-0.043,0.665,-0.746],"_shiftlockState":false,"_pose":"Running","_animationQueue":[["walk",0.1]],"_animationSpeed":1.101,"_zoom":15.4},{"_mousePosition":[860,392],"_rootPartCFrame":[770.795,223.563,46.918,0.04,0,0.999,0,1,0,-0.999,0,0.04],"_humanoidState":3,"_cameraCFrame":[771.287,235.313,35.435,-0.999,-0.029,0.032,0,0.746,0.666,-0.043,0.665,-0.746],"_shiftlockState":false,"_pose":"Jumping","_animationQueue":[["walk",0.1],["jump",0.1]],"_animationSpeed":1,"_zoom":15.4},{"_mousePosition":[860,392],"_rootPartCFrame":[770.528,224.371,46.906,0.041,0,0.999,0,1,0,-0.999,0,0.041],"_humanoidState":5,"_cameraCFrame":[771.021,236.122,35.424,-0.999,-0.029,0.032,0,0.746,0.666,-0.043,0.665,-0.746],"_shiftlockState":false,"_pose":"FreeFall","_animationQueue":[["jump",0.1]],"_animationSpeed":1,"_zoom":15.4},{"_mousePosition":[860,392],"_rootPartCFrame":[770.262,225.125,46.895,0.041,0,0.999,0,1,0,-0.999,0,0.041],"_humanoidState":5,"_cameraCFrame":[770.754,236.876,35.413,-0.999,-0.029,0.032,0,0.746,0.666,-0.043,0.665,-0.746],"_shiftlockState":false,"_pose":"FreeFall","_animationQueue":[],"_animationSpeed":1,"_zoom":15.4},{"_mousePosition":[860,392],"_rootPartCFrame":[769.995,225.824,46.883,0.041,0,0.999,0,1,0,-0.999,0,0.041],"_humanoidState":5,"_cameraCFrame":[770.488,237.575,35.401,-0.999,-0.029,0.032,0,0.746,0.666,-0.043,0.665,-0.746],"_shiftlockState":false,"_pose":"FreeFall","_animationQueue":[],"_animationSpeed":1,"_zoom":15.4},{"_mousePosition":[860,392],"_rootPartCFrame":[769.729,226.469,46.872,0.042,0,0.999,0,1,0,-0.999,0,0.042],"_humanoidState":5,"_cameraCFrame":[770.222,238.22,35.39,-0.999,-0.029,0.032,0,0.746,0.666,-0.043,0.665,-0.746],"_shiftlockState":false,"_pose":"FreeFall","_animationQueue":[],"_animationSpeed":1,"_zoom":15.4},{"_mousePosition":[683,352],"_rootPartCFrame":[769.529,226.917,46.863,0.042,0,0.999,0,1,0,-0.999,0,0.042],"_humanoidState":5,"_cameraCFrame":[770.022,238.668,35.381,-0.999,-0.029,0.032,0,0.746,0.666,-0.043,0.665,-0.746],"_shiftlockState":false,"_pose":"FreeFall","_animationQueue":[],"_animationSpeed":1,"_zoom":15.4},{"_mousePosition":[683,352],"_rootPartCFrame":[769.196,227.595,46.849,0.042,0,0.999,0,1,0,-0.999,0,0.042],"_humanoidState":5,"_cameraCFrame":[769.689,239.346,35.367,-0.999,-0.029,0.032,0,0.746,0.666,-0.043,0.665,-0.746],"_shiftlockState":false,"_pose":"FreeFall","_animationQueue":[["fall",0.3]],"_animationSpeed":1,"_zoom":15.4},{"_mousePosition":[683,352],"_rootPartCFrame":[768.996,227.962,46.84,0.042,0,0.999,0,1,0,-0.999,0,0.042],"_humanoidState":5,"_cameraCFrame":[769.489,239.712,35.358,-0.999,-0.029,0.032,0,0.746,0.666,-0.043,0.665,-0.746],"_shiftlockState":false,"_pose":"FreeFall","_animationQueue":[],"_animationSpeed":1,"_zoom":15.4},{"_mousePosition":[683,352],"_rootPartCFrame":[768.73,228.402,46.829,0.042,0,0.999,0,1,0,-0.999,0,0.042],"_humanoidState":5,"_cameraCFrame":[769.222,240.153,35.347,-0.999,-0.029,0.032,0,0.746,0.666,-0.043,0.665,-0.746],"_shiftlockState":false,"_pose":"FreeFall","_animationQueue":[],"_animationSpeed":1,"_zoom":15.4},{"_mousePosition":[683,352],"_rootPartCFrame":[768.464,228.788,46.817,0.042,0,0.999,0,1,0,-0.999,0,0.042],"_humanoidState":5,"_cameraCFrame":[768.956,240.539,35.335,-0.999,-0.029,0.032,0,0.746,0.666,-0.043,0.665,-0.746],"_shiftlockState":false,"_pose":"FreeFall","_animationQueue":[],"_animationSpeed":1,"_zoom":15.4},{"_mousePosition":[683,352],"_rootPartCFrame":[768.131,229.194,46.803,0.042,0,0.999,0,1,0,-0.999,0,0.042],"_humanoidState":5,"_cameraCFrame":[768.623,240.945,35.321,-0.999,-0.029,0.032,0,0.746,0.666,-0.043,0.665,-0.746],"_shiftlockState":false,"_pose":"FreeFall","_animationQueue":[],"_animationSpeed":1,"_zoom":15.4},{"_mousePosition":[683,352],"_rootPartCFrame":[767.864,229.457,46.792,0.043,0,0.999,0,1,0,-0.999,0,0.043],"_humanoidState":5,"_cameraCFrame":[768.357,241.208,35.309,-0.999,-0.029,0.032,0,0.746,0.666,-0.043,0.665,-0.746],"_shiftlockState":false,"_pose":"FreeFall","_animationQueue":[],"_animationSpeed":1,"_zoom":15.4},{"_mousePosition":[683,352],"_rootPartCFrame":[767.598,229.666,46.78,0.043,0,0.999,0,1,0,-0.999,0,0.043],"_humanoidState":5,"_cameraCFrame":[768.09,241.417,35.298,-0.999,-0.029,0.032,0,0.746,0.666,-0.043,0.665,-0.746],"_shiftlockState":false,"_pose":"FreeFall","_animationQueue":[],"_animationSpeed":1,"_zoom":15.4},{"_mousePosition":[683,352],"_rootPartCFrame":[767.398,229.787,46.772,0.043,0,0.999,0,1,0,-0.999,0,0.043],"_humanoidState":5,"_cameraCFrame":[767.891,241.538,35.289,-0.999,-0.029,0.032,0,0.746,0.666,-0.043,0.665,-0.746],"_shiftlockState":false,"_pose":"FreeFall","_animationQueue":[["fall",0.3]],"_animationSpeed":1,"_zoom":15.4},{"_mousePosition":[683,352],"_rootPartCFrame":[767.132,229.901,46.76,0.043,0,0.999,0,1,0,-0.999,0,0.043],"_humanoidState":5,"_cameraCFrame":[767.624,241.651,35.278,-0.999,-0.029,0.032,0,0.746,0.666,-0.043,0.665,-0.746],"_shiftlockState":false,"_pose":"FreeFall","_animationQueue":[],"_animationSpeed":1,"_zoom":15.4},{"_mousePosition":[683,352],"_rootPartCFrame":[766.865,229.96,46.749,0.043,0,0.999,0,1,0,-0.999,0,0.043],"_humanoidState":5,"_cameraCFrame":[767.358,241.71,35.267,-0.999,-0.029,0.032,0,0.746,0.666,-0.043,0.665,-0.746],"_shiftlockState":false,"_pose":"FreeFall","_animationQueue":[],"_animationSpeed":1,"_zoom":15.4},{"_mousePosition":[683,352],"_rootPartCFrame":[766.599,229.964,46.737,0.043,0,0.999,0,1,0,-0.999,0,0.043],"_humanoidState":5,"_cameraCFrame":[767.092,241.715,35.255,-0.999,-0.029,0.032,0,0.746,0.666,-0.043,0.665,-0.746],"_shiftlockState":false,"_pose":"FreeFall","_animationQueue":[],"_animationSpeed":1,"_zoom":15.4},{"_mousePosition":[683,352],"_rootPartCFrame":[766.266,229.893,46.723,0.043,0,0.999,0,1,0,-0.999,0,0.043],"_humanoidState":5,"_cameraCFrame":[766.759,241.644,35.241,-0.999,-0.029,0.032,0,0.746,0.666,-0.043,0.665,-0.746],"_shiftlockState":false,"_pose":"FreeFall","_animationQueue":[],"_animationSpeed":1,"_zoom":15.4},{"_mousePosition":[683,352],"_rootPartCFrame":[766,229.775,46.712,0.043,0,0.999,0,1,0,-0.999,0,0.043],"_humanoidState":5,"_cameraCFrame":[766.492,241.526,35.229,-0.999,-0.029,0.032,0,0.746,0.666,-0.043,0.665,-0.746],"_shiftlockState":false,"_pose":"FreeFall","_animationQueue":[],"_animationSpeed":1,"_zoom":15.4},{"_mousePosition":[675,350],"_rootPartCFrame":[765.8,229.651,46.703,0.043,0,0.999,0,1,0,-0.999,0,0.043],"_humanoidState":5,"_cameraCFrame":[766.293,241.402,35.221,-0.999,-0.029,0.032,0,0.746,0.666,-0.043,0.665,-0.746],"_shiftlockState":false,"_pose":"FreeFall","_animationQueue":[["fall",0.3],["fall",0.3]],"_animationSpeed":1,"_zoom":15.4},{"_mousePosition":[672,350],"_rootPartCFrame":[765.534,229.918,46.692,0.043,0,0.999,0,1,0,-0.999,0,0.043],"_humanoidState":7,"_cameraCFrame":[766.026,241.669,35.209,-0.999,-0.029,0.032,0,0.746,0.666,-0.043,0.665,-0.746],"_shiftlockState":false,"_pose":"FreeFall","_animationQueue":[["walk",0.1],["fall",0.3],["fall",0.3]],"_animationSpeed":1,"_zoom":15.4},{"_mousePosition":[668,350],"_rootPartCFrame":[765.267,230.226,46.68,0.043,0,0.999,0,1,0,-0.999,0,0.043],"_humanoidState":7,"_cameraCFrame":[765.76,241.977,35.198,-0.999,-0.029,0.032,0,0.746,0.666,-0.043,0.665,-0.746],"_shiftlockState":false,"_pose":"FreeFall","_animationQueue":[],"_animationSpeed":1,"_zoom":15.4},{"_mousePosition":[659,350],"_rootPartCFrame":[765.001,230.418,46.669,0.043,0,0.999,0,1,0,-0.999,0,0.043],"_humanoidState":8,"_cameraCFrame":[765.493,242.169,35.187,-0.999,-0.029,0.032,0,0.746,0.666,-0.043,0.665,-0.746],"_shiftlockState":false,"_pose":"Running","_animationQueue":[["walk",0.1],["fall",0.3],["walk",0.1]],"_animationSpeed":1.103,"_zoom":15.4},{"_mousePosition":[645,352],"_rootPartCFrame":[764.734,230.53,46.657,0.043,0,0.999,0,1,0,-0.999,0,0.043],"_humanoidState":8,"_cameraCFrame":[763.479,242.281,35.1,-0.999,-0.029,0.032,0,0.746,0.666,-0.043,0.665,-0.746],"_shiftlockState":true,"_pose":"Running","_animationQueue":[],"_animationSpeed":1.103,"_zoom":15.4},{"_mousePosition":[683,352.5],"_rootPartCFrame":[764.468,230.59,46.646,-1,0,-0.029,0,1,0,0.029,0,-1],"_humanoidState":8,"_cameraCFrame":[763.212,242.341,35.089,-0.999,-0.029,0.032,0,0.746,0.666,-0.043,0.665,-0.746],"_shiftlockState":true,"_pose":"Running","_animationQueue":[["walk",0.1]],"_animationSpeed":1.103,"_zoom":15.4},{"_mousePosition":[683,352.5],"_rootPartCFrame":[764.202,230.622,46.634,-1,0,0.014,0,1,0,-0.014,0,-1],"_humanoidState":8,"_cameraCFrame":[762.788,242.392,35.112,-1,-0.02,0.022,0,0.745,0.667,-0.029,0.667,-0.745],"_shiftlockState":true,"_pose":"Running","_animationQueue":[],"_animationSpeed":1.103,"_zoom":15.4},{"_mousePosition":[683,352.5],"_rootPartCFrame":[763.935,230.64,46.623,-1,0,0.026,0,1,0,-0.026,0,-1],"_humanoidState":8,"_cameraCFrame":[762.461,242.428,35.125,-1,-0.016,0.018,0,0.744,0.668,-0.024,0.668,-0.744],"_shiftlockState":true,"_pose":"Running","_animationQueue":[],"_animationSpeed":1.103,"_zoom":15.4},{"_mousePosition":[683,352.5],"_rootPartCFrame":[763.735,230.648,46.617,-1,0,0.024,0,1,0,-0.024,0,-1],"_humanoidState":8,"_cameraCFrame":[762.201,242.454,35.143,-1,-0.013,0.014,0,0.743,0.669,-0.019,0.669,-0.743],"_shiftlockState":true,"_pose":"Running","_animationQueue":[],"_animationSpeed":1.103,"_zoom":15.4},{"_mousePosition":[683,352.5],"_rootPartCFrame":[763.402,230.655,46.608,-1,0,0.019,0,1,0,-0.019,0,-1],"_humanoidState":8,"_cameraCFrame":[761.855,242.47,35.145,-1,-0.012,0.013,0,0.743,0.67,-0.018,0.67,-0.742],"_shiftlockState":true,"_pose":"Running","_animationQueue":[],"_animationSpeed":1.103,"_zoom":15.4},{"_mousePosition":[683,352.5],"_rootPartCFrame":[763.202,230.657,46.604,-1,0,0.018,0,1,0,-0.018,0,-1],"_humanoidState":8,"_cameraCFrame":[761.643,242.473,35.142,-1,-0.011,0.012,0,0.743,0.67,-0.017,0.67,-0.742],"_shiftlockState":true,"_pose":"Running","_animationQueue":[],"_animationSpeed":1.103,"_zoom":15.4},{"_mousePosition":[683,352.5],"_rootPartCFrame":[762.936,230.659,46.6,-1,0,0.017,0,1,0,-0.017,0,-1],"_humanoidState":8,"_cameraCFrame":[761.377,242.474,35.137,-1,-0.011,0.012,0,0.743,0.67,-0.017,0.67,-0.742],"_shiftlockState":true,"_pose":"Running","_animationQueue":[],"_animationSpeed":1.103,"_zoom":15.4},{"_mousePosition":[683,352.5],"_rootPartCFrame":[762.669,230.66,46.595,-1,0,0.017,0,1,0,-0.017,0,-1],"_humanoidState":8,"_cameraCFrame":[761.11,242.475,35.133,-1,-0.011,0.012,0,0.743,0.67,-0.017,0.67,-0.742],"_shiftlockState":true,"_pose":"Running","_animationQueue":[["walk",0.1]],"_animationSpeed":1.103,"_zoom":15.4},{"_mousePosition":[683,352.5],"_rootPartCFrame":[762.402,230.66,46.591,-1,0,0.017,0,1,0,-0.017,0,-1],"_humanoidState":8,"_cameraCFrame":[760.844,242.476,35.128,-1,-0.011,0.012,0,0.743,0.67,-0.017,0.67,-0.742],"_shiftlockState":true,"_pose":"Running","_animationQueue":[],"_animationSpeed":1.103,"_zoom":15.4},{"_mousePosition":[683,352.5],"_rootPartCFrame":[762.136,230.661,46.586,-1,0,0.017,0,1,0,-0.017,0,-1],"_humanoidState":8,"_cameraCFrame":[760.577,242.476,35.124,-1,-0.011,0.012,0,0.743,0.67,-0.017,0.67,-0.742],"_shiftlockState":true,"_pose":"Running","_animationQueue":[],"_animationSpeed":1.103,"_zoom":15.4},{"_mousePosition":[683,352.5],"_rootPartCFrame":[761.869,230.661,46.582,-1,0,0.017,0,1,0,-0.017,0,-1],"_humanoidState":8,"_cameraCFrame":[760.31,242.476,35.12,-1,-0.011,0.012,0,0.743,0.67,-0.017,0.67,-0.742],"_shiftlockState":true,"_pose":"Running","_animationQueue":[],"_animationSpeed":1.103,"_zoom":15.4},{"_mousePosition":[683,352.5],"_rootPartCFrame":[761.536,230.661,46.576,-1,0,0.017,0,1,0,-0.017,0,-1],"_humanoidState":8,"_cameraCFrame":[759.977,242.476,35.114,-1,-0.011,0.012,0,0.743,0.67,-0.017,0.67,-0.742],"_shiftlockState":true,"_pose":"Running","_animationQueue":[],"_animationSpeed":1.103,"_zoom":15.4},{"_mousePosition":[683,352.5],"_rootPartCFrame":[761.269,230.661,46.572,-1,0,0.017,0,1,0,-0.017,0,-1],"_humanoidState":8,"_cameraCFrame":[761.46,242.477,35.139,-1,-0.011,0.012,0,0.743,0.67,-0.017,0.67,-0.742],"_shiftlockState":false,"_pose":"Running","_animationQueue":[],"_animationSpeed":1.103,"_zoom":15.4},{"_mousePosition":[683,352.5],"_rootPartCFrame":[761.069,230.661,46.568,-0.993,0,0.115,0,1,0,-0.115,0,-0.993],"_humanoidState":8,"_cameraCFrame":[761.26,242.477,35.135,-1,-0.011,0.012,0,0.743,0.67,-0.017,0.67,-0.742],"_shiftlockState":false,"_pose":"Running","_animationQueue":[],"_animationSpeed":1.103,"_zoom":15.4},{"_mousePosition":[726,311],"_rootPartCFrame":[760.736,230.661,46.563,-0.938,0,0.347,0,1,0,-0.347,0,-0.938],"_humanoidState":8,"_cameraCFrame":[760.921,242.481,35.134,-1,-0.011,0.012,0,0.742,0.67,-0.016,0.67,-0.742],"_shiftlockState":false,"_pose":"Running","_animationQueue":[["walk",0.1]],"_animationSpeed":1.103,"_zoom":15.4},{"_mousePosition":[799,233],"_rootPartCFrame":[760.403,230.661,46.558,-0.844,0,0.536,0,1,0,-0.536,0,-0.844],"_humanoidState":8,"_cameraCFrame":[760.588,242.481,35.129,-1,-0.011,0.012,0,0.742,0.67,-0.016,0.67,-0.742],"_shiftlockState":false,"_pose":"Running","_animationQueue":[],"_animationSpeed":1.103,"_zoom":15.4},{"_mousePosition":[903,108],"_rootPartCFrame":[760.003,230.661,46.551,-0.716,0,0.698,0,1,0,-0.698,0,-0.716],"_humanoidState":8,"_cameraCFrame":[760.188,242.481,35.122,-1,-0.011,0.012,0,0.742,0.67,-0.016,0.67,-0.742],"_shiftlockState":false,"_pose":"Running","_animationQueue":[],"_animationSpeed":1.103,"_zoom":15.4},{"_mousePosition":[988,1],"_rootPartCFrame":[759.87,230.661,46.549,-0.675,0,0.738,0,1,0,-0.738,0,-0.675],"_humanoidState":8,"_cameraCFrame":[760.054,242.481,35.12,-1,-0.011,0.012,0,0.742,0.67,-0.016,0.67,-0.742],"_shiftlockState":false,"_pose":"Running","_animationQueue":[["walk",0.1]],"_animationSpeed":1.103,"_zoom":15.4},{"_mousePosition":[988,1],"_rootPartCFrame":[759.47,230.661,46.543,-0.555,0,0.832,0,1,0,-0.832,0,-0.555],"_humanoidState":8,"_cameraCFrame":[759.654,242.481,35.113,-1,-0.011,0.012,0,0.742,0.67,-0.016,0.67,-0.742],"_shiftlockState":false,"_pose":"Running","_animationQueue":[],"_animationSpeed":1.103,"_zoom":15.4},{"_mousePosition":[988,1],"_rootPartCFrame":[759.336,230.661,46.54,-0.52,0,0.854,0,1,0,-0.854,0,-0.52],"_humanoidState":8,"_cameraCFrame":[759.521,242.481,35.111,-1,-0.011,0.012,0,0.742,0.67,-0.016,0.67,-0.742],"_shiftlockState":false,"_pose":"Running","_animationQueue":[],"_animationSpeed":1.103,"_zoom":15.4},{"_mousePosition":[988,1],"_rootPartCFrame":[759.07,230.661,46.536,-0.454,0,0.891,0,1,0,-0.891,0,-0.454],"_humanoidState":8,"_cameraCFrame":[759.255,242.481,35.107,-1,-0.011,0.012,0,0.742,0.67,-0.016,0.67,-0.742],"_shiftlockState":false,"_pose":"Running","_animationQueue":[],"_animationSpeed":1.103,"_zoom":15.4},{"_mousePosition":[988,1],"_rootPartCFrame":[758.803,231.754,46.532,-0.385,0,0.923,0,1,0,-0.923,0,-0.385],"_humanoidState":3,"_cameraCFrame":[758.988,243.574,35.103,-1,-0.011,0.012,0,0.742,0.67,-0.016,0.67,-0.742],"_shiftlockState":false,"_pose":"Jumping","_animationQueue":[["walk",0.1],["jump",0.1]],"_animationSpeed":1,"_zoom":15.4},{"_mousePosition":[1311,492],"_rootPartCFrame":[757.737,235.579,46.514,-0.168,0,0.986,0,1,0,-0.986,0,-0.168],"_humanoidState":5,"_cameraCFrame":[757.922,247.399,35.085,-1,-0.011,0.012,0,0.742,0.67,-0.016,0.67,-0.742],"_shiftlockState":false,"_pose":"FreeFall","_animationQueue":[["jump",0.1]],"_animationSpeed":1,"_zoom":15.4},{"_mousePosition":[1326,580],"_rootPartCFrame":[757.404,236.595,46.509,-0.128,0,0.992,0,1,0,-0.992,0,-0.128],"_humanoidState":5,"_cameraCFrame":[757.588,248.415,35.08,-1,-0.011,0.012,0,0.742,0.67,-0.016,0.67,-0.742],"_shiftlockState":false,"_pose":"FreeFall","_animationQueue":[],"_animationSpeed":1,"_zoom":15.4},{"_mousePosition":[1329,597],"_rootPartCFrame":[757.137,237.347,46.505,-0.107,0,0.994,0,1,0,-0.994,0,-0.107],"_humanoidState":5,"_cameraCFrame":[757.322,249.167,35.076,-1,-0.011,0.012,0,0.742,0.67,-0.016,0.67,-0.742],"_shiftlockState":false,"_pose":"FreeFall","_animationQueue":[],"_animationSpeed":1,"_zoom":15.4},{"_mousePosition":[1336,628],"_rootPartCFrame":[757.004,237.703,46.503,-0.098,0,0.995,0,1,0,-0.995,0,-0.098],"_humanoidState":5,"_cameraCFrame":[757.188,249.523,35.074,-1,-0.011,0.012,0,0.742,0.67,-0.016,0.67,-0.742],"_shiftlockState":false,"_pose":"FreeFall","_animationQueue":[],"_animationSpeed":1,"_zoom":15.4},{"_mousePosition":[1344,663],"_rootPartCFrame":[756.804,238.211,46.499,-0.086,0,0.996,0,1,0,-0.996,0,-0.086],"_humanoidState":5,"_cameraCFrame":[756.988,250.031,35.07,-1,-0.011,0.012,0,0.742,0.67,-0.016,0.67,-0.742],"_shiftlockState":false,"_pose":"FreeFall","_animationQueue":[],"_animationSpeed":1,"_zoom":15.4},{"_mousePosition":[1350,686],"_rootPartCFrame":[756.47,238.989,46.494,-0.068,0,0.998,0,1,0,-0.998,0,-0.068],"_humanoidState":5,"_cameraCFrame":[756.655,250.809,35.065,-1,-0.011,0.012,0,0.742,0.67,-0.016,0.67,-0.742],"_shiftlockState":false,"_pose":"FreeFall","_animationQueue":[],"_animationSpeed":1,"_zoom":15.4},{"_mousePosition":[1353,702],"_rootPartCFrame":[756.204,239.55,46.49,-0.056,0,0.998,0,1,0,-0.998,0,-0.056],"_humanoidState":5,"_cameraCFrame":[756.389,251.37,35.061,-1,-0.011,0.012,0,0.742,0.67,-0.016,0.67,-0.742],"_shiftlockState":false,"_pose":"FreeFall","_animationQueue":[],"_animationSpeed":1,"_zoom":15.4},{"_mousePosition":[1353,704],"_rootPartCFrame":[755.871,240.175,46.484,-0.043,0,0.999,0,1,0,-0.999,0,-0.043],"_humanoidState":5,"_cameraCFrame":[756.055,251.995,35.055,-1,-0.011,0.012,0,0.742,0.67,-0.016,0.67,-0.742],"_shiftlockState":false,"_pose":"FreeFall","_animationQueue":[],"_animationSpeed":1,"_zoom":15.4},{"_mousePosition":[1353,704],"_rootPartCFrame":[755.537,240.714,46.479,-0.033,0,0.999,0,1,0,-0.999,0,-0.033],"_humanoidState":5,"_cameraCFrame":[755.722,252.535,35.05,-1,-0.011,0.012,0,0.742,0.67,-0.016,0.67,-0.742],"_shiftlockState":false,"_pose":"FreeFall","_animationQueue":[],"_animationSpeed":1,"_zoom":15.4},{"_mousePosition":[1353,704],"_rootPartCFrame":[755.404,240.907,46.477,-0.029,0,1,0,1,0,-1,0,-0.029],"_humanoidState":5,"_cameraCFrame":[755.589,252.727,35.048,-1,-0.011,0.012,0,0.742,0.67,-0.016,0.67,-0.742],"_shiftlockState":false,"_pose":"FreeFall","_animationQueue":[],"_animationSpeed":1,"_zoom":15.4},{"_mousePosition":[1353,704],"_rootPartCFrame":[755.204,241.169,46.473,-0.024,0,1,0,1,0,-1,0,-0.024],"_humanoidState":5,"_cameraCFrame":[755.389,252.989,35.044,-1,-0.011,0.012,0,0.742,0.67,-0.016,0.67,-0.742],"_shiftlockState":false,"_pose":"FreeFall","_animationQueue":[],"_animationSpeed":1,"_zoom":15.4},{"_mousePosition":[1353,704],"_rootPartCFrame":[754.937,241.471,46.469,-0.019,0,1,0,1,0,-1,0,-0.019],"_humanoidState":5,"_cameraCFrame":[755.122,253.291,35.04,-1,-0.011,0.012,0,0.742,0.67,-0.016,0.67,-0.742],"_shiftlockState":false,"_pose":"FreeFall","_animationQueue":[],"_animationSpeed":1,"_zoom":15.4},{"_mousePosition":[1353,704],"_rootPartCFrame":[754.671,241.719,46.465,-0.014,0,1,0,1,0,-1,0,-0.014],"_humanoidState":5,"_cameraCFrame":[754.856,253.539,35.036,-1,-0.011,0.012,0,0.742,0.67,-0.016,0.67,-0.742],"_shiftlockState":false,"_pose":"FreeFall","_animationQueue":[],"_animationSpeed":1,"_zoom":15.4},{"_mousePosition":[1353,704],"_rootPartCFrame":[754.404,241.912,46.46,-0.01,0,1,0,1,0,-1,0,-0.01],"_humanoidState":5,"_cameraCFrame":[754.589,253.732,35.031,-1,-0.011,0.012,0,0.742,0.67,-0.016,0.67,-0.742],"_shiftlockState":false,"_pose":"FreeFall","_animationQueue":[],"_animationSpeed":1,"_zoom":15.4},{"_mousePosition":[1353,704],"_rootPartCFrame":[754.138,242.051,46.456,-0.006,0,1,0,1,0,-1,0,-0.006],"_humanoidState":5,"_cameraCFrame":[754.322,253.871,35.027,-1,-0.011,0.012,0,0.742,0.67,-0.016,0.67,-0.742],"_shiftlockState":false,"_pose":"FreeFall","_animationQueue":[["fall",0.3]],"_animationSpeed":1,"_zoom":15.4},{"_mousePosition":[1353,704],"_rootPartCFrame":[753.871,242.136,46.452,-0.003,0,1,0,1,0,-1,0,-0.003],"_humanoidState":5,"_cameraCFrame":[754.056,253.956,35.023,-1,-0.011,0.012,0,0.742,0.67,-0.016,0.67,-0.742],"_shiftlockState":false,"_pose":"FreeFall","_animationQueue":[],"_animationSpeed":1,"_zoom":15.4},{"_mousePosition":[1353,704],"_rootPartCFrame":[753.604,242.165,46.448,0,0,1,0,1,0,-1,0,0],"_humanoidState":5,"_cameraCFrame":[753.789,253.985,35.018,-1,-0.011,0.012,0,0.742,0.67,-0.016,0.67,-0.742],"_shiftlockState":false,"_pose":"FreeFall","_animationQueue":[],"_animationSpeed":1,"_zoom":15.4},{"_mousePosition":[1353,704],"_rootPartCFrame":[753.363,242.326,46.444,0.001,0,1,0,1,0,-1,0,0.001],"_humanoidState":12,"_cameraCFrame":[753.547,254.146,35.015,-1,-0.011,0.012,0,0.742,0.67,-0.016,0.67,-0.742],"_shiftlockState":false,"_pose":"Climbing","_animationQueue":[["walk",0.1],["fall",0.3],["climb",0.1]],"_animationSpeed":0.047,"_zoom":15.4},{"_mousePosition":[1353,704],"_rootPartCFrame":[753.274,242.486,46.441,0.001,-0.037,0.999,0,0.999,0.037,-1,0,0.001],"_humanoidState":12,"_cameraCFrame":[753.402,254.305,35.012,-1,-0.011,0.012,0,0.742,0.67,-0.016,0.67,-0.742],"_shiftlockState":false,"_pose":"Climbing","_animationQueue":[["climb",0.1]],"_animationSpeed":0.916,"_zoom":15.4},{"_mousePosition":[1332,698],"_rootPartCFrame":[753.286,242.669,46.441,0.001,-0.022,1,0,1,0.022,-1,0,0.001],"_humanoidState":12,"_cameraCFrame":[753.438,254.489,35.012,-1,-0.011,0.012,0,0.742,0.67,-0.016,0.67,-0.742],"_shiftlockState":false,"_pose":"Climbing","_animationQueue":[],"_animationSpeed":0.792,"_zoom":15.4},{"_mousePosition":[1326,697],"_rootPartCFrame":[753.285,242.854,46.441,0.001,-0.001,1,0,1,0.001,-1,0,0.001],"_humanoidState":12,"_cameraCFrame":[753.468,254.674,35.012,-1,-0.011,0.012,0,0.742,0.67,-0.016,0.67,-0.742],"_shiftlockState":false,"_pose":"Climbing","_animationQueue":[],"_animationSpeed":0.792,"_zoom":15.4},{"_mousePosition":[1326,697],"_rootPartCFrame":[753.284,242.992,46.441,0.001,0.002,1,0,1,-0.002,-1,0,0.001],"_humanoidState":12,"_cameraCFrame":[753.472,254.812,35.012,-1,-0.011,0.012,0,0.742,0.67,-0.016,0.67,-0.742],"_shiftlockState":false,"_pose":"Climbing","_animationQueue":[],"_animationSpeed":0.792,"_zoom":15.4},{"_mousePosition":[1326,697],"_rootPartCFrame":[753.244,243.245,46.44,0.002,0.002,1,0,1,-0.002,-1,0,0.002],"_humanoidState":8,"_cameraCFrame":[753.432,255.065,35.011,-1,-0.011,0.012,0,0.742,0.67,-0.016,0.67,-0.742],"_shiftlockState":false,"_pose":"Standing","_animationQueue":[["climb",0.1],["walk",0.1],["idle",0.1]],"_animationSpeed":1,"_zoom":15.4},{"_mousePosition":[1326,697],"_rootPartCFrame":[753.014,243.824,46.436,0.003,0,1,0,1,0,-1,0,0.003],"_humanoidState":8,"_cameraCFrame":[753.199,255.644,35.007,-1,-0.011,0.012,0,0.742,0.67,-0.016,0.67,-0.742],"_shiftlockState":false,"_pose":"Running","_animationQueue":[["walk",0.1]],"_animationSpeed":0.435,"_zoom":15.4},{"_mousePosition":[1326,697],"_rootPartCFrame":[752.815,244.121,46.433,0.005,0,1,0,1,0,-1,0,0.005],"_humanoidState":8,"_cameraCFrame":[753,255.941,35.004,-1,-0.011,0.012,0,0.742,0.67,-0.016,0.67,-0.742],"_shiftlockState":false,"_pose":"Running","_animationQueue":[["walk",0.1]],"_animationSpeed":1.069,"_zoom":15.4},{"_mousePosition":[1326,697],"_rootPartCFrame":[752.549,244.365,46.429,0.006,0,1,0,1,0,-1,0,0.006],"_humanoidState":8,"_cameraCFrame":[750.984,256.185,34.971,-1,-0.011,0.012,0,0.742,0.67,-0.016,0.67,-0.742],"_shiftlockState":true,"_pose":"Running","_animationQueue":[["walk",0.1]],"_animationSpeed":1.069,"_zoom":15.4},{"_mousePosition":[683,384],"_rootPartCFrame":[752.096,244.559,46.42,-0.992,0,-0.129,0,1,0,0.129,0,-0.992],"_humanoidState":8,"_cameraCFrame":[750.531,256.379,34.963,-1,-0.011,0.012,0,0.742,0.67,-0.016,0.67,-0.742],"_shiftlockState":true,"_pose":"Running","_animationQueue":[],"_animationSpeed":1.069,"_zoom":15.4},{"_mousePosition":[683,384],"_rootPartCFrame":[751.817,244.605,46.416,-1,0,-0.009,0,1,0,0.009,0,-1],"_humanoidState":8,"_cameraCFrame":[750.216,256.462,34.997,-1,-0.009,0.01,0,0.74,0.673,-0.013,0.672,-0.74],"_shiftlockState":true,"_pose":"Running","_animationQueue":[],"_animationSpeed":1.069,"_zoom":15.4},{"_mousePosition":[683,384],"_rootPartCFrame":[751.683,244.62,46.413,-1,0,0.012,0,1,0,-0.012,0,-1],"_humanoidState":8,"_cameraCFrame":[750.045,256.513,35.033,-1,-0.007,0.007,0,0.738,0.675,-0.01,0.675,-0.738],"_shiftlockState":true,"_pose":"Running","_animationQueue":[["walk",0.1]],"_animationSpeed":1.133,"_zoom":15.4},{"_mousePosition":[683,384],"_rootPartCFrame":[751.416,244.639,46.41,-1,0,0.01,0,1,0,-0.01,0,-1],"_humanoidState":8,"_cameraCFrame":[749.731,256.587,35.087,-1,-0.004,0.004,0,0.735,0.678,-0.006,0.678,-0.735],"_shiftlockState":true,"_pose":"Running","_animationQueue":[],"_animationSpeed":1.133,"_zoom":15.4},{"_mousePosition":[683,384],"_rootPartCFrame":[751.149,244.649,46.407,-1,0,0.006,0,1,0,-0.006,0,-1],"_humanoidState":8,"_cameraCFrame":[749.416,256.679,35.167,-1,-0.001,0.001,0,0.73,0.684,-0.002,0.684,-0.73],"_shiftlockState":true,"_pose":"Running","_animationQueue":[],"_animationSpeed":1.133,"_zoom":15.4},{"_mousePosition":[683,384],"_rootPartCFrame":[750.949,244.653,46.406,-1,0,0.002,0,1,0,-0.002,0,-1],"_humanoidState":8,"_cameraCFrame":[749.158,256.783,35.269,-1,0.003,-0.003,0,0.724,0.69,0.004,0.69,-0.724],"_shiftlockState":true,"_pose":"Running","_animationQueue":[],"_animationSpeed":1.133,"_zoom":15.4},{"_mousePosition":[683,384],"_rootPartCFrame":[750.683,244.657,46.405,-1,0,-0.004,0,1,0,0.004,0,-1],"_humanoidState":8,"_cameraCFrame":[748.834,256.938,35.425,-1,0.006,-0.006,0,0.714,0.7,0.009,0.7,-0.714],"_shiftlockState":true,"_pose":"Running","_animationQueue":[["walk",0.1]],"_animationSpeed":1.133,"_zoom":15.4},{"_mousePosition":[683,384],"_rootPartCFrame":[750.35,244.659,46.406,-1,0,-0.009,0,1,0,0.009,0,-1],"_humanoidState":8,"_cameraCFrame":[748.468,257.073,35.563,-1,0.009,-0.009,0,0.706,0.709,0.012,0.709,-0.705],"_shiftlockState":true,"_pose":"Running","_animationQueue":[],"_animationSpeed":1.133,"_zoom":15.4},{"_mousePosition":[683,384],"_rootPartCFrame":[750.15,244.66,46.408,-1,0,-0.012,0,1,0,0.012,0,-1],"_humanoidState":8,"_cameraCFrame":[748.214,257.213,35.716,-1,0.012,-0.012,0,0.696,0.718,0.017,0.718,-0.696],"_shiftlockState":true,"_pose":"Running","_animationQueue":[],"_animationSpeed":1.133,"_zoom":15.4},{"_mousePosition":[683,384],"_rootPartCFrame":[749.883,244.66,46.411,-1,0,-0.017,0,1,0,0.017,0,-1],"_humanoidState":8,"_cameraCFrame":[747.884,257.359,35.884,-1,0.017,-0.016,0,0.686,0.727,0.024,0.727,-0.686],"_shiftlockState":true,"_pose":"Running","_animationQueue":[],"_animationSpeed":1.133,"_zoom":15.4},{"_mousePosition":[683,384],"_rootPartCFrame":[749.616,244.661,46.415,-1,0,-0.024,0,1,0,0.024,0,-1],"_humanoidState":8,"_cameraCFrame":[749.315,257.47,35.966,-1,0.021,-0.02,0,0.679,0.734,0.029,0.734,-0.678],"_shiftlockState":false,"_pose":"Running","_animationQueue":[],"_animationSpeed":1.133,"_zoom":15.4},{"_mousePosition":[683,384],"_rootPartCFrame":[749.327,244.661,46.42,-0.993,0,0.121,0,1,0,-0.121,0,-0.993],"_humanoidState":8,"_cameraCFrame":[749.025,257.47,35.971,-1,0.021,-0.02,0,0.679,0.734,0.029,0.734,-0.678],"_shiftlockState":false,"_pose":"Running","_animationQueue":[],"_animationSpeed":1.133,"_zoom":15.4},{"_mousePosition":[683,384],"_rootPartCFrame":[749.048,245.534,46.415,-0.954,0,0.301,0,1,0,-0.301,0,-0.954],"_humanoidState":3,"_cameraCFrame":[748.717,258.427,36.059,-0.999,0.024,-0.022,0,0.673,0.74,0.032,0.739,-0.672],"_shiftlockState":false,"_pose":"Jumping","_animationQueue":[["walk",0.1],["walk",0.1],["jump",0.1]],"_animationSpeed":1,"_zoom":15.4},{"_mousePosition":[683,384],"_rootPartCFrame":[748.759,246.356,46.405,-0.898,0,0.44,0,1,0,-0.44,0,-0.898],"_humanoidState":5,"_cameraCFrame":[748.409,259.332,36.141,-0.999,0.025,-0.023,0,0.667,0.745,0.034,0.745,-0.666],"_shiftlockState":false,"_pose":"FreeFall","_animationQueue":[["jump",0.1]],"_animationSpeed":1,"_zoom":15.4},{"_mousePosition":[683,384],"_rootPartCFrame":[748.455,247.124,46.39,-0.831,0,0.557,0,1,0,-0.557,0,-0.831],"_humanoidState":5,"_cameraCFrame":[748.097,260.182,36.22,-0.999,0.026,-0.023,0,0.661,0.751,0.035,0.75,-0.66],"_shiftlockState":false,"_pose":"FreeFall","_animationQueue":[],"_animationSpeed":1,"_zoom":15.4},{"_mousePosition":[683,384],"_rootPartCFrame":[748.154,247.837,46.372,-0.753,0,0.659,0,1,0,-0.659,0,-0.753],"_humanoidState":5,"_cameraCFrame":[747.779,260.969,36.287,-0.999,0.028,-0.024,0,0.655,0.755,0.037,0.755,-0.655],"_shiftlockState":false,"_pose":"FreeFall","_animationQueue":[],"_animationSpeed":1,"_zoom":15.4},{"_mousePosition":[683,384],"_rootPartCFrame":[747.861,248.495,46.354,-0.672,0,0.74,0,1,0,-0.74,0,-0.672],"_humanoidState":5,"_cameraCFrame":[747.466,261.684,36.335,-0.999,0.03,-0.026,0,0.651,0.759,0.039,0.758,-0.651],"_shiftlockState":false,"_pose":"FreeFall","_animationQueue":[],"_animationSpeed":1,"_zoom":15.4},{"_mousePosition":[683,384],"_rootPartCFrame":[747.573,249.099,46.338,-0.596,0,0.803,0,1,0,-0.803,0,-0.596],"_humanoidState":5,"_cameraCFrame":[747.15,262.344,36.387,-0.999,0.032,-0.027,0,0.647,0.763,0.042,0.762,-0.646],"_shiftlockState":false,"_pose":"FreeFall","_animationQueue":[],"_animationSpeed":1,"_zoom":15.4},{"_mousePosition":[683,384],"_rootPartCFrame":[747.362,249.516,46.328,-0.543,0,0.84,0,1,0,-0.84,0,-0.543],"_humanoidState":5,"_cameraCFrame":[757.559,262.284,43.833,-0.238,-0.711,0.662,0,0.682,0.732,-0.971,0.174,-0.162],"_shiftlockState":false,"_pose":"FreeFall","_animationQueue":[["jump",0.1],["fall",0.3]],"_animationSpeed":1,"_zoom":15.4},{"_mousePosition":[683,384],"_rootPartCFrame":[747.088,250.025,46.339,-0.495,0,0.869,0,1,0,-0.869,0,-0.495],"_humanoidState":5,"_cameraCFrame":[757.284,262.792,43.843,-0.238,-0.711,0.662,0,0.682,0.732,-0.971,0.174,-0.162],"_shiftlockState":false,"_pose":"FreeFall","_animationQueue":[],"_animationSpeed":1,"_zoom":15.4},{"_mousePosition":[683,384],"_rootPartCFrame":[746.889,250.37,46.372,-0.467,0,0.884,0,1,0,-0.884,0,-0.467],"_humanoidState":5,"_cameraCFrame":[757.092,263.147,43.943,-0.232,-0.712,0.663,0,0.681,0.732,-0.973,0.17,-0.158],"_shiftlockState":false,"_pose":"FreeFall","_animationQueue":[],"_animationSpeed":1,"_zoom":15.4},{"_mousePosition":[683,384],"_rootPartCFrame":[746.565,250.878,46.449,-0.429,0,0.903,0,1,0,-0.903,0,-0.429],"_humanoidState":5,"_cameraCFrame":[756.777,263.663,44.097,-0.224,-0.714,0.663,0,0.68,0.733,-0.974,0.164,-0.153],"_shiftlockState":false,"_pose":"FreeFall","_animationQueue":[],"_animationSpeed":1,"_zoom":15.4},{"_mousePosition":[683,384],"_rootPartCFrame":[746.306,251.224,46.511,-0.402,0,0.916,0,1,0,-0.916,0,-0.402],"_humanoidState":5,"_cameraCFrame":[756.546,264.008,44.288,-0.212,-0.716,0.665,0,0.68,0.733,-0.977,0.155,-0.144],"_shiftlockState":false,"_pose":"FreeFall","_animationQueue":[],"_animationSpeed":1,"_zoom":15.4},{"_mousePosition":[683,384],"_rootPartCFrame":[746.046,251.514,46.571,-0.378,0,0.926,0,1,0,-0.926,0,-0.378],"_humanoidState":5,"_cameraCFrame":[756.331,264.282,44.473,-0.2,-0.717,0.668,0,0.682,0.732,-0.98,0.146,-0.136],"_shiftlockState":false,"_pose":"FreeFall","_animationQueue":[],"_animationSpeed":1,"_zoom":15.4},{"_mousePosition":[683,384],"_rootPartCFrame":[745.72,251.801,46.643,-0.35,0,0.937,0,1,0,-0.937,0,-0.35],"_humanoidState":5,"_cameraCFrame":[756.051,264.552,44.681,-0.187,-0.718,0.671,0,0.683,0.731,-0.982,0.136,-0.127],"_shiftlockState":false,"_pose":"FreeFall","_animationQueue":[["fall",0.3]],"_animationSpeed":1,"_zoom":15.4},{"_mousePosition":[683,384],"_rootPartCFrame":[745.524,251.932,46.683,-0.335,0,0.942,0,1,0,-0.942,0,-0.335],"_humanoidState":5,"_cameraCFrame":[755.893,264.666,44.827,-0.176,-0.718,0.673,0,0.684,0.729,-0.984,0.129,-0.121],"_shiftlockState":false,"_pose":"FreeFall","_animationQueue":[],"_animationSpeed":1,"_zoom":15.4},{"_mousePosition":[683,384],"_rootPartCFrame":[745.263,252.059,46.733,-0.315,0,0.949,0,1,0,-0.949,0,-0.315],"_humanoidState":5,"_cameraCFrame":[755.668,264.776,44.983,-0.166,-0.718,0.676,0,0.685,0.728,-0.986,0.121,-0.114],"_shiftlockState":false,"_pose":"FreeFall","_animationQueue":[],"_animationSpeed":1,"_zoom":15.4},{"_mousePosition":[683,384],"_rootPartCFrame":[745,252.132,46.781,-0.297,0,0.955,0,1,0,-0.955,0,-0.297],"_humanoidState":5,"_cameraCFrame":[755.454,264.823,45.157,-0.154,-0.718,0.679,0,0.687,0.727,-0.988,0.112,-0.105],"_shiftlockState":false,"_pose":"FreeFall","_animationQueue":[],"_animationSpeed":1,"_zoom":15.4},{"_mousePosition":[683,384],"_rootPartCFrame":[744.737,252.15,46.826,-0.279,0,0.96,0,1,0,-0.96,0,-0.279],"_humanoidState":5,"_cameraCFrame":[755.211,264.833,45.277,-0.146,-0.718,0.68,0,0.688,0.726,-0.989,0.106,-0.101],"_shiftlockState":false,"_pose":"FreeFall","_animationQueue":[],"_animationSpeed":1,"_zoom":15.4},{"_mousePosition":[683,384],"_rootPartCFrame":[744.54,252.128,46.857,-0.266,0,0.964,0,1,0,-0.964,0,-0.266],"_humanoidState":5,"_cameraCFrame":[755.026,264.802,45.329,-0.144,-0.718,0.681,0,0.688,0.726,-0.99,0.105,-0.099],"_shiftlockState":false,"_pose":"FreeFall","_animationQueue":[],"_animationSpeed":1,"_zoom":15.4},{"_mousePosition":[683,384],"_rootPartCFrame":[744.276,252.05,46.896,-0.25,0,0.968,0,1,0,-0.968,0,-0.25],"_humanoidState":5,"_cameraCFrame":[754.764,264.725,45.379,-0.143,-0.718,0.681,0,0.688,0.726,-0.99,0.104,-0.099],"_shiftlockState":false,"_pose":"FreeFall","_animationQueue":[],"_animationSpeed":1,"_zoom":15.4},{"_mousePosition":[683,384],"_rootPartCFrame":[743.946,251.877,46.944,-0.232,0,0.973,0,1,0,-0.973,0,-0.232],"_humanoidState":5,"_cameraCFrame":[754.434,264.551,45.427,-0.143,-0.718,0.681,0,0.688,0.726,-0.99,0.104,-0.099],"_shiftlockState":false,"_pose":"FreeFall","_animationQueue":[["fall",0.3]],"_animationSpeed":1,"_zoom":15.4},{"_mousePosition":[683,384],"_rootPartCFrame":[743.763,251.967,46.971,-0.228,0,0.974,0,1,0,-0.974,0,-0.228],"_humanoidState":12,"_cameraCFrame":[754.251,264.641,45.454,-0.143,-0.718,0.681,0,0.688,0.726,-0.99,0.104,-0.099],"_shiftlockState":false,"_pose":"Climbing","_animationQueue":[["walk",0.1],["fall",0.3],["climb",0.1],["climb",0]],"_animationSpeed":-0.829,"_zoom":15.4},{"_mousePosition":[683,384],"_rootPartCFrame":[743.583,252.182,47.002,-0.164,-0.001,0.986,-0.007,1,-0.001,-0.986,-0.007,-0.164],"