[{"_mousePosition":[1177,373],"_rootPartCFrame":[776.034,222.961,47.142,-0.001,-0.006,1,0,1,0.006,-1,0,-0.001],"_humanoidState":8,"_cameraCFrame":[778.76,235.528,47.21,0.025,-0.97,0.24,0,0.24,0.971,-1,-0.024,0.006],"_shiftlockState":false,"_pose":"Standing","_animationQueue":[],"_animationSpeed":1,"_zoom":11.4},{"_mousePosition":[1177,373],"_rootPartCFrame":[775.863,222.873,47.138,0.002,-0.002,1,0,1,0.002,-1,0,0.002],"_humanoidState":8,"_cameraCFrame":[778.596,235.44,47.206,0.025,-0.97,0.24,0,0.24,0.971,-1,-0.024,0.006],"_shiftlockState":false,"_pose":"Standing","_animationQueue":[],"_animationSpeed":1,"_zoom":11.4},{"_mousePosition":[1177,373],"_rootPartCFrame":[775.598,222.725,47.131,0.005,0,1,0,1,0,-1,0,0.005],"_humanoidState":8,"_cameraCFrame":[778.334,235.291,47.199,0.025,-0.97,0.24,0,0.24,0.971,-1,-0.024,0.006],"_shiftlockState":false,"_pose":"Running","_animationQueue":[["walk",0.1]],"_animationSpeed":1.001,"_zoom":11.4},{"_mousePosition":[1177,373],"_rootPartCFrame":[775.331,222.613,47.124,0.007,0,1,0,1,0,-1,0,0.007],"_humanoidState":8,"_cameraCFrame":[778.067,235.18,47.193,0.025,-0.97,0.24,0,0.24,0.971,-1,-0.024,0.006],"_shiftlockState":false,"_pose":"Running","_animationQueue":[["walk",0.1]],"_animationSpeed":1.104,"_zoom":11.4},{"_mousePosition":[1174,374],"_rootPartCFrame":[775.065,222.637,47.118,0.01,0,1,0,1,0,-1,0,0.01],"_humanoidState":8,"_cameraCFrame":[777.8,235.204,47.186,0.025,-0.97,0.24,0,0.24,0.971,-1,-0.024,0.006],"_shiftlockState":false,"_pose":"Running","_animationQueue":[],"_animationSpeed":1.104,"_zoom":11.4},{"_mousePosition":[1169,377],"_rootPartCFrame":[774.798,222.664,47.111,0.012,0,1,0,1,0,-1,0,0.012],"_humanoidState":8,"_cameraCFrame":[777.533,235.23,47.179,0.025,-0.97,0.24,0,0.24,0.971,-1,-0.024,0.006],"_shiftlockState":false,"_pose":"Running","_animationQueue":[],"_animationSpeed":1.104,"_zoom":11.4},{"_mousePosition":[1165,379],"_rootPartCFrame":[774.531,222.68,47.104,0.014,0,1,0,1,0,-1,0,0.014],"_humanoidState":8,"_cameraCFrame":[777.267,235.247,47.173,0.025,-0.97,0.24,0,0.24,0.971,-1,-0.024,0.006],"_shiftlockState":false,"_pose":"Running","_animationQueue":[],"_animationSpeed":1.104,"_zoom":11.4},{"_mousePosition":[1153,385],"_rootPartCFrame":[774.265,222.689,47.098,0.015,0,1,0,1,0,-1,0,0.015],"_humanoidState":8,"_cameraCFrame":[777,235.256,47.166,0.025,-0.97,0.24,0,0.24,0.971,-1,-0.024,0.006],"_shiftlockState":false,"_pose":"Running","_animationQueue":[],"_animationSpeed":1.104,"_zoom":11.4},{"_mousePosition":[1148,388],"_rootPartCFrame":[773.998,222.694,47.091,0.017,0,1,0,1,0,-1,0,0.017],"_humanoidState":8,"_cameraCFrame":[776.734,235.261,47.159,0.025,-0.97,0.24,0,0.24,0.971,-1,-0.024,0.006],"_shiftlockState":false,"_pose":"Running","_animationQueue":[["walk",0.1]],"_animationSpeed":1.104,"_zoom":11.4},{"_mousePosition":[1131,394],"_rootPartCFrame":[773.732,222.697,47.084,0.018,0,1,0,1,0,-1,0,0.018],"_humanoidState":8,"_cameraCFrame":[776.467,235.263,47.153,0.025,-0.97,0.24,0,0.24,0.971,-1,-0.024,0.006],"_shiftlockState":false,"_pose":"Running","_animationQueue":[],"_animationSpeed":1.104,"_zoom":11.4},{"_mousePosition":[1125,397],"_rootPartCFrame":[773.332,222.698,47.074,0.019,0,1,0,1,0,-1,0,0.019],"_humanoidState":8,"_cameraCFrame":[776.067,235.265,47.143,0.025,-0.97,0.24,0,0.24,0.971,-1,-0.024,0.006],"_shiftlockState":false,"_pose":"Running","_animationQueue":[],"_animationSpeed":1.104,"_zoom":11.4},{"_mousePosition":[1109,403],"_rootPartCFrame":[773.198,222.699,47.071,0.02,0,1,0,1,0,-1,0,0.02],"_humanoidState":8,"_cameraCFrame":[775.934,235.266,47.139,0.025,-0.97,0.24,0,0.24,0.971,-1,-0.024,0.006],"_shiftlockState":false,"_pose":"Running","_animationQueue":[],"_animationSpeed":1.104,"_zoom":11.4},{"_mousePosition":[1102,406],"_rootPartCFrame":[772.932,222.699,47.064,0.02,0,1,0,1,0,-1,0,0.02],"_humanoidState":8,"_cameraCFrame":[775.667,235.266,47.133,0.025,-0.97,0.24,0,0.24,0.971,-1,-0.024,0.006],"_shiftlockState":false,"_pose":"Running","_animationQueue":[],"_animationSpeed":1.104,"_zoom":11.4},{"_mousePosition":[1085,413],"_rootPartCFrame":[772.665,222.699,47.058,0.021,0,1,0,1,0,-1,0,0.021],"_humanoidState":8,"_cameraCFrame":[775.401,235.266,47.126,0.025,-0.97,0.24,0,0.24,0.971,-1,-0.024,0.006],"_shiftlockState":false,"_pose":"Running","_animationQueue":[],"_animationSpeed":1.104,"_zoom":11.4},{"_mousePosition":[1078,416],"_rootPartCFrame":[772.399,222.7,47.051,0.021,0,1,0,1,0,-1,0,0.021],"_humanoidState":8,"_cameraCFrame":[775.134,235.266,47.119,0.025,-0.97,0.24,0,0.24,0.971,-1,-0.024,0.006],"_shiftlockState":false,"_pose":"Running","_animationQueue":[],"_animationSpeed":1.104,"_zoom":11.4},{"_mousePosition":[1063,423],"_rootPartCFrame":[772.132,222.7,47.044,0.022,0,1,0,1,0,-1,0,0.022],"_humanoidState":8,"_cameraCFrame":[774.867,235.266,47.113,0.025,-0.97,0.24,0,0.24,0.971,-1,-0.024,0.006],"_shiftlockState":false,"_pose":"Running","_animationQueue":[["walk",0.1]],"_animationSpeed":1.104,"_zoom":11.4},{"_mousePosition":[1056,426],"_rootPartCFrame":[771.732,222.7,47.034,0.023,0,1,0,1,0,-1,0,0.023],"_humanoidState":8,"_cameraCFrame":[774.467,235.266,47.103,0.025,-0.97,0.24,0,0.24,0.971,-1,-0.024,0.006],"_shiftlockState":false,"_pose":"Running","_animationQueue":[],"_animationSpeed":1.104,"_zoom":11.4},{"_mousePosition":[1039,433],"_rootPartCFrame":[771.599,222.7,47.031,0.023,0,1,0,1,0,-1,0,0.023],"_humanoidState":8,"_cameraCFrame":[774.334,235.266,47.099,0.025,-0.97,0.24,0,0.24,0.971,-1,-0.024,0.006],"_shiftlockState":false,"_pose":"Running","_animationQueue":[],"_animationSpeed":1.104,"_zoom":11.4},{"_mousePosition":[1031,438],"_rootPartCFrame":[771.332,222.7,47.024,0.023,0,1,0,1,0,-1,0,0.023],"_humanoidState":8,"_cameraCFrame":[774.068,235.266,47.093,0.025,-0.97,0.24,0,0.24,0.971,-1,-0.024,0.006],"_shiftlockState":false,"_pose":"Running","_animationQueue":[],"_animationSpeed":1.104,"_zoom":11.4},{"_mousePosition":[1018,445],"_rootPartCFrame":[771.066,222.7,47.018,0.023,0,1,0,1,0,-1,0,0.023],"_humanoidState":8,"_cameraCFrame":[773.801,235.266,47.086,0.025,-0.97,0.24,0,0.24,0.971,-1,-0.024,0.006],"_shiftlockState":false,"_pose":"Running","_animationQueue":[],"_animationSpeed":1.104,"_zoom":11.4},{"_mousePosition":[1011,448],"_rootPartCFrame":[770.799,222.7,47.011,0.024,0,1,0,1,0,-1,0,0.024],"_humanoidState":8,"_cameraCFrame":[773.534,235.266,47.079,0.025,-0.97,0.24,0,0.24,0.971,-1,-0.024,0.006],"_shiftlockState":false,"_pose":"Running","_animationQueue":[],"_animationSpeed":1.104,"_zoom":11.4},{"_mousePosition":[1000,454],"_rootPartCFrame":[770.532,222.7,47.004,0.024,0,1,0,1,0,-1,0,0.024],"_humanoidState":8,"_cameraCFrame":[773.268,235.266,47.073,0.025,-0.97,0.24,0,0.24,0.971,-1,-0.024,0.006],"_shiftlockState":false,"_pose":"Running","_animationQueue":[],"_animationSpeed":1.104,"_zoom":11.4},{"_mousePosition":[994,458],"_rootPartCFrame":[770.266,222.666,46.998,0.024,0,1,0,1,0,-1,0,0.024],"_humanoidState":8,"_cameraCFrame":[773.001,235.232,47.066,0.025,-0.97,0.24,0,0.24,0.971,-1,-0.024,0.006],"_shiftlockState":false,"_pose":"Running","_animationQueue":[["walk",0.1]],"_animationSpeed":1.104,"_zoom":11.4},{"_mousePosition":[984,463],"_rootPartCFrame":[769.999,222.577,46.991,0.024,0,1,0,1,0,-1,0,0.024],"_humanoidState":8,"_cameraCFrame":[772.734,235.144,47.059,0.025,-0.97,0.24,0,0.24,0.971,-1,-0.024,0.006],"_shiftlockState":false,"_pose":"Running","_animationQueue":[],"_animationSpeed":1.104,"_zoom":11.4},{"_mousePosition":[979,466],"_rootPartCFrame":[769.733,222.434,46.984,0.024,0,1,0,1,0,-1,0,0.024],"_humanoidState":8,"_cameraCFrame":[772.468,235.001,47.053,0.025,-0.97,0.24,0,0.24,0.971,-1,-0.024,0.006],"_shiftlockState":false,"_pose":"Running","_animationQueue":[],"_animationSpeed":1.104,"_zoom":11.4},{"_mousePosition":[970,469],"_rootPartCFrame":[769.466,222.236,46.978,0.025,0,1,0,1,0,-1,0,0.025],"_humanoidState":8,"_cameraCFrame":[772.201,234.803,47.046,0.025,-0.97,0.24,0,0.24,0.971,-1,-0.024,0.006],"_shiftlockState":false,"_pose":"Running","_animationQueue":[],"_animationSpeed":1.104,"_zoom":11.4},{"_mousePosition":[967,472],"_rootPartCFrame":[769.199,223.11,46.971,0.025,0,1,0,1,0,-1,0,0.025],"_humanoidState":3,"_cameraCFrame":[771.935,235.676,47.039,0.025,-0.97,0.24,0,0.24,0.971,-1,-0.024,0.006],"_shiftlockState":false,"_pose":"Jumping","_animationQueue":[["walk",0.1],["jump",0.1]],"_animationSpeed":1,"_zoom":11.4},{"_mousePosition":[963,474],"_rootPartCFrame":[768.933,223.932,46.964,0.025,0,1,0,1,0,-1,0,0.025],"_humanoidState":5,"_cameraCFrame":[771.668,236.498,47.033,0.025,-0.97,0.24,0,0.24,0.971,-1,-0.024,0.006],"_shiftlockState":false,"_pose":"FreeFall","_animationQueue":[["jump",0.1]],"_animationSpeed":1,"_zoom":11.4},{"_mousePosition":[961,475],"_rootPartCFrame":[768.666,224.699,46.958,0.025,0,1,0,1,0,-1,0,0.025],"_humanoidState":5,"_cameraCFrame":[771.401,237.266,47.026,0.025,-0.97,0.24,0,0.24,0.971,-1,-0.024,0.006],"_shiftlockState":false,"_pose":"FreeFall","_animationQueue":[],"_animationSpeed":1,"_zoom":11.4},{"_mousePosition":[959,476],"_rootPartCFrame":[768.466,225.239,46.953,0.025,0,1,0,1,0,-1,0,0.025],"_humanoidState":5,"_cameraCFrame":[771.202,237.806,47.021,0.025,-0.97,0.24,0,0.24,0.971,-1,-0.024,0.006],"_shiftlockState":false,"_pose":"FreeFall","_animationQueue":[],"_animationSpeed":1,"_zoom":11.4},{"_mousePosition":[956,478],"_rootPartCFrame":[768.133,226.071,46.944,0.025,0,1,0,1,0,-1,0,0.025],"_humanoidState":5,"_cameraCFrame":[770.868,238.637,47.013,0.025,-0.97,0.24,0,0.24,0.971,-1,-0.024,0.006],"_shiftlockState":false,"_pose":"FreeFall","_animationQueue":[],"_animationSpeed":1,"_zoom":11.4},{"_mousePosition":[953,480],"_rootPartCFrame":[767.866,226.675,46.938,0.025,0,1,0,1,0,-1,0,0.025],"_humanoidState":5,"_cameraCFrame":[770.602,239.241,47.006,0.025,-0.97,0.24,0,0.24,0.971,-1,-0.024,0.006],"_shiftlockState":false,"_pose":"FreeFall","_animationQueue":[],"_animationSpeed":1,"_zoom":11.4},{"_mousePosition":[951,481],"_rootPartCFrame":[767.6,227.224,46.931,0.025,0,1,0,1,0,-1,0,0.025],"_humanoidState":5,"_cameraCFrame":[770.335,239.791,46.999,0.025,-0.97,0.24,0,0.24,0.971,-1,-0.024,0.006],"_shiftlockState":false,"_pose":"FreeFall","_animationQueue":[],"_animationSpeed":1,"_zoom":11.4},{"_mousePosition":[948,483],"_rootPartCFrame":[767.333,227.719,46.924,0.025,0,1,0,1,0,-1,0,0.025],"_humanoidState":5,"_cameraCFrame":[770.068,240.286,46.993,0.025,-0.97,0.24,0,0.24,0.971,-1,-0.024,0.006],"_shiftlockState":false,"_pose":"FreeFall","_animationQueue":[],"_animationSpeed":1,"_zoom":11.4},{"_mousePosition":[946,484],"_rootPartCFrame":[767.067,228.16,46.918,0.025,0,1,0,1,0,-1,0,0.025],"_humanoidState":5,"_cameraCFrame":[769.802,240.726,46.986,0.025,-0.97,0.24,0,0.24,0.971,-1,-0.024,0.006],"_shiftlockState":false,"_pose":"FreeFall","_animationQueue":[],"_animationSpeed":1,"_zoom":11.4},{"_mousePosition":[941,487],"_rootPartCFrame":[766.8,228.546,46.911,0.025,0,1,0,1,0,-1,0,0.025],"_humanoidState":5,"_cameraCFrame":[769.535,241.112,46.979,0.025,-0.97,0.24,0,0.24,0.971,-1,-0.024,0.006],"_shiftlockState":false,"_pose":"FreeFall","_animationQueue":[],"_animationSpeed":1,"_zoom":11.4},{"_mousePosition":[938,488],"_rootPartCFrame":[766.533,228.877,46.904,0.025,0,1,0,1,0,-1,0,0.025],"_humanoidState":5,"_cameraCFrame":[769.269,241.444,46.973,0.025,-0.97,0.24,0,0.24,0.971,-1,-0.024,0.006],"_shiftlockState":false,"_pose":"FreeFall","_animationQueue":[],"_animationSpeed":1,"_zoom":11.4},{"_mousePosition":[932,491],"_rootPartCFrame":[766.267,229.154,46.898,0.025,0,1,0,1,0,-1,0,0.025],"_humanoidState":5,"_cameraCFrame":[769.002,241.721,46.966,0.025,-0.97,0.24,0,0.24,0.971,-1,-0.024,0.006],"_shiftlockState":false,"_pose":"FreeFall","_animationQueue":[],"_animationSpeed":1,"_zoom":11.4},{"_mousePosition":[926,493],"_rootPartCFrame":[766,229.377,46.891,0.025,0,1,0,1,0,-1,0,0.025],"_humanoidState":5,"_cameraCFrame":[768.735,241.944,46.959,0.025,-0.97,0.24,0,0.24,0.971,-1,-0.024,0.006],"_shiftlockState":false,"_pose":"FreeFall","_animationQueue":[],"_animationSpeed":1,"_zoom":11.4},{"_mousePosition":[915,495],"_rootPartCFrame":[765.734,229.545,46.884,0.025,0,1,0,1,0,-1,0,0.025],"_humanoidState":5,"_cameraCFrame":[768.469,242.112,46.953,0.025,-0.97,0.24,0,0.24,0.971,-1,-0.024,0.006],"_shiftlockState":false,"_pose":"FreeFall","_animationQueue":[],"_animationSpeed":1,"_zoom":11.4},{"_mousePosition":[910,496],"_rootPartCFrame":[765.467,229.658,46.878,0.025,0,1,0,1,0,-1,0,0.025],"_humanoidState":5,"_cameraCFrame":[768.202,242.225,46.946,0.025,-0.97,0.24,0,0.24,0.971,-1,-0.024,0.006],"_shiftlockState":false,"_pose":"FreeFall","_animationQueue":[],"_animationSpeed":1,"_zoom":11.4},{"_mousePosition":[899,498],"_rootPartCFrame":[765.2,229.717,46.871,0.025,0,1,0,1,0,-1,0,0.025],"_humanoidState":5,"_cameraCFrame":[767.936,242.284,46.939,0.025,-0.97,0.24,0,0.24,0.971,-1,-0.024,0.006],"_shiftlockState":false,"_pose":"FreeFall","_animationQueue":[["fall",0.3]],"_animationSpeed":1,"_zoom":11.4},{"_mousePosition":[892,499],"_rootPartCFrame":[764.934,229.722,46.864,0.025,0,1,0,1,0,-1,0,0.025],"_humanoidState":5,"_cameraCFrame":[767.669,242.289,46.933,0.025,-0.97,0.24,0,0.24,0.971,-1,-0.024,0.006],"_shiftlockState":false,"_pose":"FreeFall","_animationQueue":[],"_animationSpeed":1,"_zoom":11.4},{"_mousePosition":[883,499],"_rootPartCFrame":[764.667,229.672,46.858,0.025,0,1,0,1,0,-1,0,0.025],"_humanoidState":5,"_cameraCFrame":[767.402,242.239,46.926,0.025,-0.97,0.24,0,0.24,0.971,-1,-0.024,0.006],"_shiftlockState":false,"_pose":"FreeFall","_animationQueue":[],"_animationSpeed":1,"_zoom":11.4},{"_mousePosition":[877,499],"_rootPartCFrame":[764.401,229.567,46.851,0.025,0,1,0,1,0,-1,0,0.025],"_humanoidState":5,"_cameraCFrame":[767.136,242.134,46.919,0.025,-0.97,0.24,0,0.24,0.971,-1,-0.024,0.006],"_shiftlockState":false,"_pose":"FreeFall","_animationQueue":[],"_animationSpeed":1,"_zoom":11.4},{"_mousePosition":[874,499],"_rootPartCFrame":[764.134,229.408,46.844,0.025,0,1,0,1,0,-1,0,0.025],"_humanoidState":5,"_cameraCFrame":[766.869,241.975,46.913,0.025,-0.97,0.24,0,0.24,0.971,-1,-0.024,0.006],"_shiftlockState":false,"_pose":"FreeFall","_animationQueue":[],"_animationSpeed":1,"_zoom":11.4},{"_mousePosition":[871,499],"_rootPartCFrame":[763.867,229.195,46.838,0.025,0,1,0,1,0,-1,0,0.025],"_humanoidState":5,"_cameraCFrame":[766.603,241.762,46.906,0.025,-0.97,0.24,0,0.24,0.971,-1,-0.024,0.006],"_shiftlockState":false,"_pose":"FreeFall","_animationQueue":[],"_animationSpeed":1,"_zoom":11.4},{"_mousePosition":[865,499],"_rootPartCFrame":[763.667,228.999,46.833,0.025,0,1,0,1,0,-1,0,0.025],"_humanoidState":5,"_cameraCFrame":[766.403,241.566,46.901,0.025,-0.97,0.24,0,0.24,0.971,-1,-0.024,0.006],"_shiftlockState":false,"_pose":"FreeFall","_animationQueue":[],"_animationSpeed":1,"_zoom":11.4},{"_mousePosition":[860,500],"_rootPartCFrame":[763.334,228.604,46.824,0.025,0,1,0,1,0,-1,0,0.025],"_humanoidState":5,"_cameraCFrame":[766.069,241.171,46.893,0.025,-0.97,0.24,0,0.24,0.971,-1,-0.024,0.006],"_shiftlockState":false,"_pose":"FreeFall","_animationQueue":[["fall",0.3]],"_animationSpeed":1,"_zoom":11.4},{"_mousePosition":[855,502],"_rootPartCFrame":[763.134,228.327,46.819,0.025,0,1,0,1,0,-1,0,0.025],"_humanoidState":5,"_cameraCFrame":[765.87,240.894,46.888,0.025,-0.97,0.24,0,0.24,0.971,-1,-0.024,0.006],"_shiftlockState":false,"_pose":"FreeFall","_animationQueue":[],"_animationSpeed":1,"_zoom":11.4},{"_mousePosition":[850,503],"_rootPartCFrame":[762.801,227.796,46.811,0.025,0,1,0,1,0,-1,0,0.025],"_humanoidState":5,"_cameraCFrame":[765.536,240.363,46.879,0.025,-0.97,0.24,0,0.24,0.971,-1,-0.024,0.006],"_shiftlockState":false,"_pose":"FreeFall","_animationQueue":[],"_animationSpeed":1,"_zoom":11.4},{"_mousePosition":[848,504],"_rootPartCFrame":[762.534,227.31,46.804,0.025,0,1,0,1,0,-1,0,0.025],"_humanoidState":5,"_cameraCFrame":[765.27,239.877,46.873,0.025,-0.97,0.24,0,0.24,0.971,-1,-0.024,0.006],"_shiftlockState":false,"_pose":"FreeFall","_animationQueue":[],"_animationSpeed":1,"_zoom":11.4},{"_mousePosition":[848,504],"_rootPartCFrame":[762.268,226.77,46.798,0.025,0,1,0,1,0,-1,0,0.025],"_humanoidState":5,"_cameraCFrame":[765.003,239.336,46.863,0.024,-0.97,0.24,0,0.24,0.971,-1,-0.023,0.006],"_shiftlockState":false,"_pose":"FreeFall","_animationQueue":[],"_animationSpeed":1,"_zoom":11.4},{"_mousePosition":[848,504],"_rootPartCFrame":[762.001,226.175,46.791,0.025,0,1,0,1,0,-1,0,0.025],"_humanoidState":5,"_cameraCFrame":[764.728,238.744,46.853,0.023,-0.971,0.239,0,0.239,0.971,-1,-0.022,0.005],"_shiftlockState":false,"_pose":"FreeFall","_animationQueue":[],"_animationSpeed":1,"_zoom":11.4},{"_mousePosition":[848,504],"_rootPartCFrame":[761.801,225.693,46.786,0.025,0,1,0,1,0,-1,0,0.025],"_humanoidState":5,"_cameraCFrame":[764.51,238.266,46.843,0.021,-0.971,0.238,0,0.238,0.971,-1,-0.02,0.005],"_shiftlockState":false,"_pose":"FreeFall","_animationQueue":[],"_animationSpeed":1,"_zoom":11.4},{"_mousePosition":[848,504],"_rootPartCFrame":[761.468,224.821,46.779,0.025,0,1,0,1,0,-1,0,0.025],"_humanoidState":5,"_cameraCFrame":[764.168,237.397,46.823,0.017,-0.971,0.237,0,0.237,0.972,-1,-0.016,0.004],"_shiftlockState":false,"_pose":"FreeFall","_animationQueue":[["fall",0.3]],"_animationSpeed":1,"_zoom":11.4},{"_mousePosition":[848,504],"_rootPartCFrame":[761.268,224.257,46.774,0.024,0,1,0,1,0,-1,0,0.024],"_humanoidState":5,"_cameraCFrame":[763.95,236.837,46.81,0.013,-0.972,0.235,0,0.235,0.972,-1,-0.013,0.003],"_shiftlockState":false,"_pose":"FreeFall","_animationQueue":[],"_animationSpeed":1,"_zoom":11.4},{"_mousePosition":[848,504],"_rootPartCFrame":[760.935,223.25,46.769,0.023,0,1,0,1,0,-1,0,0.023],"_humanoidState":5,"_cameraCFrame":[763.608,235.832,46.802,0.012,-0.972,0.235,0,0.235,0.972,-1,-0.012,0.003],"_shiftlockState":false,"_pose":"FreeFall","_animationQueue":[],"_animationSpeed":1,"_zoom":11.4},{"_mousePosition":[848,504],"_rootPartCFrame":[760.668,222.865,46.765,0.022,0,1,0,1,0,-1,0,0.022],"_humanoidState":7,"_cameraCFrame":[763.342,235.447,46.798,0.012,-0.972,0.235,0,0.235,0.972,-1,-0.012,0.003],"_shiftlockState":false,"_pose":"FreeFall","_animationQueue":[["walk",0.1],["fall",0.3],["fall",0.3]],"_animationSpeed":1,"_zoom":11.4},{"_mousePosition":[848,504],"_rootPartCFrame":[760.401,222.932,46.762,0.021,0,1,0,1,0,-1,0,0.021],"_humanoidState":7,"_cameraCFrame":[763.075,235.514,46.795,0.012,-0.972,0.235,0,0.235,0.972,-1,-0.012,0.003],"_shiftlockState":false,"_pose":"FreeFall","_animationQueue":[],"_animationSpeed":1,"_zoom":11.4},{"_mousePosition":[848,504],"_rootPartCFrame":[760.202,222.995,46.759,0.02,0,1,0,1,0,-1,0,0.02],"_humanoidState":7,"_cameraCFrame":[762.875,235.577,46.792,0.012,-0.972,0.235,0,0.235,0.972,-1,-0.012,0.003],"_shiftlockState":false,"_pose":"FreeFall","_animationQueue":[],"_animationSpeed":1,"_zoom":11.4},{"_mousePosition":[848,504],"_rootPartCFrame":[759.868,223.063,46.755,0.019,0,1,0,1,0,-1,0,0.019],"_humanoidState":8,"_cameraCFrame":[762.542,235.645,46.788,0.012,-0.972,0.235,0,0.235,0.972,-1,-0.012,0.003],"_shiftlockState":false,"_pose":"Running","_animationQueue":[["walk",0.1],["fall",0.3],["walk",0.1]],"_animationSpeed":1.103,"_zoom":11.4},{"_mousePosition":[848,504],"_rootPartCFrame":[759.602,223.094,46.752,0.018,0,1,0,1,0,-1,0,0.018],"_humanoidState":8,"_cameraCFrame":[762.275,235.676,46.785,0.012,-0.972,0.235,0,0.235,0.972,-1,-0.012,0.003],"_shiftlockState":false,"_pose":"Running","_animationQueue":[["walk",0.1]],"_animationSpeed":1.103,"_zoom":11.4},{"_mousePosition":[848,504],"_rootPartCFrame":[759.335,223.112,46.748,0.017,0,1,0,1,0,-1,0,0.017],"_humanoidState":8,"_cameraCFrame":[762.009,235.694,46.781,0.012,-0.972,0.235,0,0.235,0.972,-1,-0.012,0.003],"_shiftlockState":false,"_pose":"Running","_animationQueue":[],"_animationSpeed":1.103,"_zoom":11.4},{"_mousePosition":[848,504],"_rootPartCFrame":[759.068,223.123,46.745,0.016,0,1,0,1,0,-1,0,0.016],"_humanoidState":8,"_cameraCFrame":[761.724,235.71,46.775,0.011,-0.972,0.233,0,0.233,0.972,-1,-0.011,0.003],"_shiftlockState":false,"_pose":"Running","_animationQueue":[],"_animationSpeed":1.103,"_zoom":11.4},{"_mousePosition":[848,504],"_rootPartCFrame":[758.802,223.129,46.742,0.016,0,1,0,1,0,-1,0,0.016],"_humanoidState":8,"_cameraCFrame":[761.431,235.722,46.766,0.009,-0.973,0.231,0,0.231,0.973,-1,-0.009,0.002],"_shiftlockState":false,"_pose":"Running","_animationQueue":[],"_animationSpeed":1.103,"_zoom":11.4},{"_mousePosition":[848,504],"_rootPartCFrame":[758.535,223.133,46.739,0.015,0,1,0,1,0,-1,0,0.015],"_humanoidState":8,"_cameraCFrame":[761.146,235.73,46.763,0.009,-0.973,0.229,0,0.229,0.973,-1,-0.009,0.002],"_shiftlockState":false,"_pose":"Running","_animationQueue":[],"_animationSpeed":1.103,"_zoom":11.4},{"_mousePosition":[848,504],"_rootPartCFrame":[758.269,223.14,46.736,0.015,0,1,0,1,0,-1,0,0.015],"_humanoidState":8,"_cameraCFrame":[760.88,235.737,46.758,0.008,-0.973,0.229,0,0.229,0.973,-1,-0.008,0.002],"_shiftlockState":false,"_pose":"Running","_animationQueue":[],"_animationSpeed":1.103,"_zoom":11.4},{"_mousePosition":[848,504],"_rootPartCFrame":[758.002,223.112,46.734,0.014,0,1,0,1,0,-1,0,0.014],"_humanoidState":8,"_cameraCFrame":[760.604,235.711,46.755,0.008,-0.974,0.228,0,0.228,0.974,-1,-0.008,0.002],"_shiftlockState":false,"_pose":"Running","_animationQueue":[["walk",0.1]],"_animationSpeed":1.103,"_zoom":11.4},{"_mousePosition":[848,504],"_rootPartCFrame":[757.735,223.03,46.731,0.013,0,1,0,1,0,-1,0,0.013],"_humanoidState":8,"_cameraCFrame":[760.338,235.629,46.753,0.008,-0.974,0.228,0,0.228,0.974,-1,-0.008,0.002],"_shiftlockState":false,"_pose":"Running","_animationQueue":[],"_animationSpeed":1.103,"_zoom":11.4},{"_mousePosition":[848,504],"_rootPartCFrame":[757.469,222.893,46.729,0.012,0,1,0,1,0,-1,0,0.012],"_humanoidState":8,"_cameraCFrame":[760.071,235.492,46.75,0.008,-0.974,0.228,0,0.228,0.974,-1,-0.008,0.002],"_shiftlockState":false,"_pose":"Running","_animationQueue":[],"_animationSpeed":1.103,"_zoom":11.4},{"_mousePosition":[848,504],"_rootPartCFrame":[757.136,223.963,46.726,0.011,0,1,0,1,0,-1,0,0.011],"_humanoidState":3,"_cameraCFrame":[759.729,236.564,46.752,0.01,-0.974,0.227,0,0.227,0.974,-1,-0.01,0.002],"_shiftlockState":false,"_pose":"Jumping","_animationQueue":[["walk",0.1],["jump",0.1]],"_animationSpeed":1,"_zoom":11.4},{"_mousePosition":[848,504],"_rootPartCFrame":[756.869,224.758,46.723,0.011,0,1,0,1,0,-1,0,0.011],"_humanoidState":5,"_cameraCFrame":[759.462,237.359,46.756,0.012,-0.974,0.227,0,0.227,0.974,-1,-0.012,0.003],"_shiftlockState":false,"_pose":"FreeFall","_animationQueue":[["jump",0.1]],"_animationSpeed":1,"_zoom":11.4},{"_mousePosition":[848,504],"_rootPartCFrame":[756.602,225.498,46.721,0.01,0,1,0,1,0,-1,0,0.01],"_humanoidState":5,"_cameraCFrame":[759.177,238.104,46.761,0.016,-0.974,0.226,0,0.226,0.974,-1,-0.015,0.004],"_shiftlockState":false,"_pose":"FreeFall","_animationQueue":[],"_animationSpeed":1,"_zoom":11.4},{"_mousePosition":[848,504],"_rootPartCFrame":[756.336,226.184,46.717,0.011,0,1,0,1,0,-1,0,0.011],"_humanoidState":5,"_cameraCFrame":[758.902,238.791,46.765,0.019,-0.974,0.225,0,0.225,0.974,-1,-0.018,0.004],"_shiftlockState":false,"_pose":"FreeFall","_animationQueue":[],"_animationSpeed":1,"_zoom":11.4},{"_mousePosition":[848,504],"_rootPartCFrame":[756.069,226.815,46.713,0.011,0,1,0,1,0,-1,0,0.011],"_humanoidState":5,"_cameraCFrame":[758.608,239.429,46.777,0.025,-0.975,0.223,0,0.223,0.975,-1,-0.024,0.006],"_shiftlockState":false,"_pose":"FreeFall","_animationQueue":[],"_animationSpeed":1,"_zoom":11.4},{"_mousePosition":[848,504],"_rootPartCFrame":[755.803,227.392,46.709,0.012,0,1,0,1,0,-1,0,0.012],"_humanoidState":5,"_cameraCFrame":[758.323,240.01,46.793,0.033,-0.975,0.221,0,0.221,0.975,-0.999,-0.033,0.007],"_shiftlockState":false,"_pose":"FreeFall","_animationQueue":[],"_animationSpeed":1,"_zoom":11.4},{"_mousePosition":[848,504],"_rootPartCFrame":[755.536,227.914,46.702,0.014,0,1,0,1,0,-1,0,0.014],"_humanoidState":5,"_cameraCFrame":[758.01,240.542,46.813,0.045,-0.975,0.217,0,0.217,0.976,-0.999,-0.044,0.01],"_shiftlockState":false,"_pose":"FreeFall","_animationQueue":[],"_animationSpeed":1,"_zoom":11.4},{"_mousePosition":[848,504],"_rootPartCFrame":[755.269,228.382,46.694,0.016,0,1,0,1,0,-1,0,0.016],"_humanoidState":5,"_cameraCFrame":[757.715,241.016,46.832,0.056,-0.975,0.215,0,0.215,0.977,-0.998,-0.055,0.012],"_shiftlockState":false,"_pose":"FreeFall","_animationQueue":[],"_animationSpeed":1,"_zoom":11.4},{"_mousePosition":[848,504],"_rootPartCFrame":[755.003,228.795,46.682,0.019,0,1,0,1,0,-1,0,0.019],"_humanoidState":5,"_cameraCFrame":[757.43,241.433,46.842,0.066,-0.975,0.213,0,0.213,0.977,-0.998,-0.064,0.014],"_shiftlockState":false,"_pose":"FreeFall","_animationQueue":[],"_animationSpeed":1,"_zoom":11.4},{"_mousePosition":[848,504],"_rootPartCFrame":[754.737,229.154,46.667,0.024,0,1,0,1,0,-1,0,0.024],"_humanoidState":5,"_cameraCFrame":[757.162,241.792,46.845,0.073,-0.974,0.213,0,0.213,0.977,-0.997,-0.071,0.016],"_shiftlockState":false,"_pose":"FreeFall","_animationQueue":[],"_animationSpeed":1,"_zoom":11.4},{"_mousePosition":[848,504],"_rootPartCFrame":[754.471,229.458,46.65,0.029,0,1,0,1,0,-1,0,0.029],"_humanoidState":5,"_cameraCFrame":[756.877,242.1,46.839,0.078,-0.974,0.211,0,0.212,0.977,-0.997,-0.077,0.017],"_shiftlockState":false,"_pose":"FreeFall","_animationQueue":[],"_animationSpeed":1,"_zoom":11.4},{"_mousePosition":[848,504],"_rootPartCFrame":[754.205,229.708,46.631,0.035,0,0.999,0,1,0,-0.999,0,0.035],"_humanoidState":5,"_cameraCFrame":[756.591,242.354,46.839,0.087,-0.974,0.209,0,0.21,0.978,-0.996,-0.085,0.018],"_shiftlockState":false,"_pose":"FreeFall","_animationQueue":[],"_animationSpeed":1,"_zoom":11.4},{"_mousePosition":[848,504],"_rootPartCFrame":[753.939,229.904,46.61,0.041,0,0.999,0,1,0,-0.999,0,0.041],"_humanoidState":5,"_cameraCFrame":[756.287,242.557,46.849,0.101,-0.973,0.206,0,0.207,0.978,-0.995,-0.099,0.021],"_shiftlockState":false,"_pose":"FreeFall","_animationQueue":[],"_animationSpeed":1,"_zoom":11.4},{"_mousePosition":[848,504],"_rootPartCFrame":[753.673,230.044,46.588,0.047,0,0.999,0,1,0,-0.999,0,0.047],"_humanoidState":5,"_cameraCFrame":[755.99,242.703,46.86,0.117,-0.972,0.203,0,0.205,0.979,-0.993,-0.114,0.024],"_shiftlockState":false,"_pose":"FreeFall","_animationQueue":[],"_animationSpeed":1,"_zoom":11.4},{"_mousePosition":[848,504],"_rootPartCFrame":[753.474,230.114,46.568,0.052,0,0.999,0,1,0,-0.999,0,0.052],"_humanoidState":5,"_cameraCFrame":[755.768,242.777,46.879,0.135,-0.97,0.201,0,0.203,0.979,-0.991,-0.132,0.027],"_shiftlockState":false,"_pose":"FreeFall","_animationQueue":[],"_animationSpeed":1,"_zoom":11.4},{"_mousePosition":[848,504],"_rootPartCFrame":[753.143,230.162,46.53,0.062,0,0.998,0,1,0,-0.998,0,0.062],"_humanoidState":5,"_cameraCFrame":[755.41,242.829,46.898,0.16,-0.967,0.199,0,0.201,0.979,-0.987,-0.157,0.032],"_shiftlockState":false,"_pose":"FreeFall","_animationQueue":[],"_animationSpeed":1,"_zoom":11.4},{"_mousePosition":[848,504],"_rootPartCFrame":[752.879,230.14,46.494,0.072,0,0.997,0,1,0,-0.997,0,0.072],"_humanoidState":5,"_cameraCFrame":[755.078,242.817,46.935,0.196,-0.961,0.193,0,0.197,0.98,-0.981,-0.193,0.039],"_shiftlockState":false,"_pose":"FreeFall","_animationQueue":[["fall",0.3]],"_animationSpeed":1,"_zoom":11.4},{"_mousePosition":[848,504],"_rootPartCFrame":[752.615,230.062,46.453,0.083,0,0.997,0,1,0,-0.997,0,0.083],"_humanoidState":5,"_cameraCFrame":[754.728,242.752,46.99,0.247,-0.951,0.185,0,0.191,0.982,-0.969,-0.242,0.047],"_shiftlockState":false,"_pose":"FreeFall","_animationQueue":[],"_animationSpeed":1,"_zoom":11.4},{"_mousePosition":[848,504],"_rootPartCFrame":[752.354,229.931,46.402,0.097,0,0.995,0,1,0,-0.995,0,0.097],"_humanoidState":5,"_cameraCFrame":[754.375,242.632,47.03,0.297,-0.938,0.177,0,0.186,0.983,-0.955,-0.292,0.055],"_shiftlockState":false,"_pose":"FreeFall","_animationQueue":[],"_animationSpeed":1,"_zoom":11.4},{"_mousePosition":[848,504],"_rootPartCFrame":[752.095,229.744,46.338,0.115,0,0.993,0,1,0,-0.993,0,0.115],"_humanoidState":5,"_cameraCFrame":[754.067,242.451,47.027,0.33,-0.928,0.173,0,0.183,0.983,-0.944,-0.324,0.06],"_shiftlockState":false,"_pose":"FreeFall","_animationQueue":[],"_animationSpeed":1,"_zoom":11.4},{"_mousePosition":[848,504],"_rootPartCFrame":[751.84,229.504,46.261,0.138,0,0.99,0,1,0,-0.99,0,0.138],"_humanoidState":5,"_cameraCFrame":[753.797,242.212,46.965,0.339,-0.925,0.172,0,0.182,0.983,-0.941,-0.333,0.062],"_shiftlockState":false,"_pose":"FreeFall","_animationQueue":[],"_animationSpeed":1,"_zoom":11.4},{"_mousePosition":[848,504],"_rootPartCFrame":[751.587,229.208,46.174,0.164,0,0.987,0,1,0,-0.987,0,0.164],"_humanoidState":5,"_cameraCFrame":[753.536,241.919,46.876,0.339,-0.925,0.171,0,0.182,0.983,-0.941,-0.333,0.062],"_shiftlockState":false,"_pose":"FreeFall","_animationQueue":[],"_animationSpeed":1,"_zoom":11.4},{"_mousePosition":[848,504],"_rootPartCFrame":[751.336,228.859,46.084,0.188,0,0.982,0,1,0,-0.982,0,0.188],"_humanoidState":5,"_cameraCFrame":[753.285,241.569,46.786,0.339,-0.925,0.171,0,0.182,0.983,-0.941,-0.333,0.062],"_shiftlockState":false,"_pose":"FreeFall","_animationQueue":[["fall",0.3]],"_animationSpeed":1,"_zoom":11.4},{"_mousePosition":[848,504],"_rootPartCFrame":[751.085,228.455,45.994,0.209,0,0.978,0,1,0,-0.978,0,0.209],"_humanoidState":5,"_cameraCFrame":[753.041,241.165,46.677,0.33,-0.928,0.172,0,0.182,0.983,-0.944,-0.324,0.06],"_shiftlockState":false,"_pose":"FreeFall","_animationQueue":[],"_animationSpeed":1,"_zoom":11.4},{"_mousePosition":[848,504],"_rootPartCFrame":[750.834,227.996,45.904,0.228,0,0.974,0,1,0,-0.974,0,0.228],"_humanoidState":5,"_cameraCFrame":[752.815,240.704,46.54,0.306,-0.936,0.174,0,0.182,0.983,-0.952,-0.301,0.056],"_shiftlockState":false,"_pose":"FreeFall","_animationQueue":[],"_animationSpeed":1,"_zoom":11.4},{"_mousePosition":[848,504],"_rootPartCFrame":[750.583,227.483,45.815,0.243,0,0.97,0,1,0,-0.97,0,0.243],"_humanoidState":5,"_cameraCFrame":[752.634,240.183,46.372,0.262,-0.948,0.18,0,0.186,0.982,-0.965,-0.257,0.049],"_shiftlockState":false,"_pose":"FreeFall","_animationQueue":[],"_animationSpeed":1,"_zoom":11.4},{"_mousePosition":[848,504],"_rootPartCFrame":[750.393,227.062,45.753,0.251,0,0.968,0,1,0,-0.968,0,0.251],"_humanoidState":5,"_cameraCFrame":[752.577,239.743,46.177,0.19,-0.963,0.192,0,0.195,0.981,-0.982,-0.187,0.037],"_shiftlockState":false,"_pose":"FreeFall","_animationQueue":[],"_animationSpeed":1,"_zoom":11.4},{"_mousePosition":[848,504],"_rootPartCFrame":[750.071,226.293,45.664,0.255,0,0.967,0,1,0,-0.967,0,0.255],"_humanoidState":5,"_cameraCFrame":[752.396,238.949,45.948,0.121,-0.971,0.204,0,0.205,0.979,-0.993,-0.118,0.025],"_shiftlockState":false,"_pose":"FreeFall","_animationQueue":[],"_animationSpeed":1,"_zoom":11.4},{"_mousePosition":[848,504],"_rootPartCFrame":[749.81,225.616,45.61,0.25,0,0.968,0,1,0,-0.968,0,0.25],"_humanoidState":5,"_cameraCFrame":[752.255,238.25,45.766,0.064,-0.975,0.214,0,0.215,0.977,-0.998,-0.062,0.014],"_shiftlockState":false,"_pose":"FreeFall","_animationQueue":[],"_animationSpeed":1,"_zoom":11.4},{"_mousePosition":[848,504],"_rootPartCFrame":[749.613,225.073,45.582,0.24,0,0.971,0,1,0,-0.971,0,0.24],"_humanoidState":5,"_cameraCFrame":[752.169,237.682,45.638,0.022,-0.974,0.224,0,0.224,0.975,-1,-0.021,0.005],"_shiftlockState":false,"_pose":"FreeFall","_animationQueue":[["fall",0.3]],"_animationSpeed":1,"_zoom":11.4},{"_mousePosition":[848,504],"_rootPartCFrame":[749.347,224.3,45.563,0.219,0,0.976,0,1,0,-0.976,0,0.219],"_humanoidState":5,"_cameraCFrame":[752.002,236.887,45.548,-0.005,-0.972,0.233,0,0.233,0.972,-1,0.005,-0.001],"_shiftlockState":false,"_pose":"FreeFall","_animationQueue":[],"_animationSpeed":1,"_zoom":11.4},{"_mousePosition":[848,504],"_rootPartCFrame":[749.013,223.259,45.554,0.188,0,0.982,0,1,0,-0.982,0,0.188],"_humanoidState":5,"_cameraCFrame":[751.74,235.828,45.493,-0.022,-0.971,0.239,0,0.239,0.971,-1,0.021,-0.005],"_shiftlockState":false,"_pose":"FreeFall","_animationQueue":[],"_animationSpeed":1,"_zoom":11.4},{"_mousePosition":[848,504],"_rootPartCFrame":[748.747,222.479,45.554,0.162,0,0.987,0,1,0,-0.987,0,0.162],"_humanoidState":7,"_cameraCFrame":[751.535,235.033,45.454,-0.036,-0.969,0.245,0,0.245,0.97,-0.999,0.035,-0.009],"_shiftlockState":false,"_pose":"FreeFall","_animationQueue":[["walk",0.1],["fall",0.3],["fall",0.3]],"_animationSpeed":1,"_zoom":11.4},{"_mousePosition":[848,504],"_rootPartCFrame":[748.48,222.468,45.559,0.138,0,0.99,0,1,0,-0.99,0,0.138],"_humanoidState":7,"_cameraCFrame":[751.338,235.003,45.421,-0.048,-0.967,0.251,0,0.251,0.968,-0.999,0.047,-0.012],"_shiftlockState":false,"_pose":"FreeFall","_animationQueue":[],"_animationSpeed":1,"_zoom":11.4},{"_mousePosition":[848,504],"_rootPartCFrame":[748.214,222.581,45.568,0.114,0,0.993,0,1,0,-0.993,0,0.114],"_humanoidState":8,"_cameraCFrame":[751.115,235.105,45.413,-0.054,-0.966,0.254,0,0.255,0.967,-0.999,0.052,-0.014],"_shiftlockState":false,"_pose":"Running","_animationQueue":[["walk",0.1],["fall",0.3],["walk",0.1]],"_animationSpeed":1.103,"_zoom":11.4},{"_mousePosition":[848,504],"_rootPartCFrame":[748.014,222.642,45.577,0.098,0,0.995,0,1,0,-0.995,0,0.098],"_humanoidState":8,"_cameraCFrame":[750.95,235.156,45.414,-0.056,-0.965,0.258,0,0.258,0.966,-0.998,0.054,-0.014],"_shiftlockState":false,"_pose":"Running","_animationQueue":[["walk",0.1]],"_animationSpeed":1.103,"_zoom":11.4},{"_mousePosition":[848,504],"_rootPartCFrame":[747.681,222.702,45.595,0.072,0,0.997,0,1,0,-0.997,0,0.072],"_humanoidState":8,"_cameraCFrame":[750.661,235.204,45.423,-0.058,-0.963,0.261,0,0.262,0.965,-0.998,0.056,-0.015],"_shiftlockState":false,"_pose":"Running","_animationQueue":[],"_animationSpeed":1.103,"_zoom":11.4},{"_mousePosition":[848,504],"_rootPartCFrame":[747.481,222.722,45.606,0.058,0,0.998,0,1,0,-0.998,0,0.058],"_humanoidState":8,"_cameraCFrame":[750.506,235.212,45.428,-0.059,-0.962,0.265,0,0.266,0.964,-0.998,0.057,-0.016],"_shiftlockState":false,"_pose":"Running","_animationQueue":[],"_animationSpeed":1.103,"_zoom":11.4},{"_mousePosition":[848,504],"_rootPartCFrame":[747.149,222.745,45.625,0.038,0,0.999,0,1,0,-0.999,0,0.038],"_humanoidState":8,"_cameraCFrame":[750.226,235.22,45.444,-0.059,-0.961,0.27,0,0.27,0.963,-0.998,0.057,-0.016],"_shiftlockState":false,"_pose":"Running","_animationQueue":[],"_animationSpeed":1.103,"_zoom":11.4},{"_mousePosition":[848,504],"_rootPartCFrame":[746.883,222.757,45.641,0.024,0,1,0,1,0,-1,0,0.024],"_humanoidState":8,"_cameraCFrame":[750.014,235.217,45.463,-0.057,-0.96,0.275,0,0.275,0.961,-0.998,0.054,-0.016],"_shiftlockState":false,"_pose":"Running","_animationQueue":[],"_animationSpeed":1.103,"_zoom":11.4},{"_mousePosition":[848,504],"_rootPartCFrame":[746.617,222.764,45.656,0.013,0,1,0,1,0,-1,0,0.013],"_humanoidState":8,"_cameraCFrame":[749.792,235.212,45.49,-0.052,-0.959,0.279,0,0.279,0.96,-0.999,0.05,-0.015],"_shiftlockState":false,"_pose":"Running","_animationQueue":[],"_animationSpeed":1.103,"_zoom":11.4},{"_mousePosition":[848,504],"_rootPartCFrame":[746.417,222.768,45.668,0.005,0,1,0,1,0,-1,0,0.005],"_humanoidState":8,"_cameraCFrame":[749.638,235.203,45.519,-0.046,-0.958,0.283,0,0.283,0.959,-0.999,0.044,-0.013],"_shiftlockState":false,"_pose":"Running","_animationQueue":[],"_animationSpeed":1.103,"_zoom":11.4},{"_mousePosition":[848,504],"_rootPartCFrame":[746.084,222.8,45.685,-0.005,0,1,0,1,0,-1,0,-0.005],"_humanoidState":8,"_cameraCFrame":[749.35,235.221,45.555,-0.04,-0.957,0.286,0,0.287,0.958,-0.999,0.038,-0.011],"_shiftlockState":false,"_pose":"Running","_animationQueue":[["walk",0.1]],"_animationSpeed":1.103,"_zoom":11.4},{"_mousePosition":[848,504],"_rootPartCFrame":[745.818,222.842,45.698,-0.011,0,1,0,1,0,-1,0,-0.011],"_humanoidState":8,"_cameraCFrame":[749.11,235.256,45.584,-0.035,-0.957,0.289,0,0.289,0.957,-0.999,0.033,-0.01],"_shiftlockState":false,"_pose":"Running","_animationQueue":[],"_animationSpeed":1.103,"_zoom":11.4},{"_mousePosition":[848,504],"_rootPartCFrame":[745.618,222.869,45.706,-0.015,0,1,0,1,0,-1,0,-0.015],"_humanoidState":8,"_cameraCFrame":[748.938,235.274,45.608,-0.029,-0.956,0.291,0,0.291,0.957,-1,0.028,-0.009],"_shiftlockState":false,"_pose":"Running","_animationQueue":[],"_animationSpeed":1.103,"_zoom":11.4},{"_mousePosition":[848,504],"_rootPartCFrame":[745.351,222.914,45.716,-0.018,0,1,0,1,0,-1,0,-0.018],"_humanoidState":8,"_cameraCFrame":[748.706,235.309,45.631,-0.025,-0.955,0.294,0,0.294,0.956,-1,0.024,-0.007],"_shiftlockState":false,"_pose":"Running","_animationQueue":[],"_animationSpeed":1.103,"_zoom":11.4},{"_mousePosition":[848,504],"_rootPartCFrame":[745.018,222.954,45.726,-0.02,0,1,0,1,0,-1,0,-0.02],"_humanoidState":8,"_cameraCFrame":[748.4,235.341,45.647,-0.023,-0.955,0.297,0,0.297,0.955,-1,0.022,-0.007],"_shiftlockState":false,"_pose":"Running","_animationQueue":[],"_animationSpeed":1.103,"_zoom":11.4},{"_mousePosition":[848,504],"_rootPartCFrame":[744.752,222.996,45.733,-0.021,0,1,0,1,0,-1,0,-0.021],"_humanoidState":8,"_cameraCFrame":[748.168,235.371,45.664,-0.02,-0.954,0.3,0,0.3,0.954,-1,0.019,-0.006],"_shiftlockState":false,"_pose":"Running","_animationQueue":[],"_animationSpeed":1.103,"_zoom":11.4},{"_mousePosition":[848,504],"_rootPartCFrame":[744.485,223.052,45.739,-0.022,0,1,0,1,0,-1,0,-0.022],"_humanoidState":8,"_cameraCFrame":[747.937,235.417,45.677,-0.018,-0.953,0.303,0,0.303,0.953,-1,0.017,-0.005],"_shiftlockState":false,"_pose":"Running","_animationQueue":[["walk",0.1]],"_animationSpeed":1.103,"_zoom":11.4},{"_mousePosition":[848,504],"_rootPartCFrame":[744.218,223.095,45.744,-0.022,0,1,0,1,0,-1,0,-0.022],"_humanoidState":8,"_cameraCFrame":[747.706,235.448,45.693,-0.015,-0.952,0.306,0,0.306,0.952,-1,0.014,-0.005],"_shiftlockState":false,"_pose":"Running","_animationQueue":[],"_animationSpeed":1.103,"_zoom":11.4},{"_mousePosition":[848,504],"_rootPartCFrame":[743.952,223.12,45.749,-0.021,0,1,0,1,0,-1,0,-0.021],"_humanoidState":8,"_cameraCFrame":[747.474,235.462,45.704,-0.013,-0.951,0.309,0,0.309,0.951,-1,0.012,-0.004],"_shiftlockState":false,"_pose":"Running","_animationQueue":[],"_animationSpeed":1.103,"_zoom":11.4},{"_mousePosition":[848,504],"_rootPartCFrame":[743.685,223.134,45.753,-0.02,0,1,0,1,0,-1,0,-0.02],"_humanoidState":8,"_cameraCFrame":[747.208,235.476,45.716,-0.011,-0.951,0.309,0,0.309,0.951,-1,0.01,-0.003],"_shiftlockState":false,"_pose":"Running","_animationQueue":[],"_animationSpeed":1.103,"_zoom":11.4},{"_mousePosition":[848,504],"_rootPartCFrame":[743.419,224.007,45.757,-0.019,0,1,0,1,0,-1,0,-0.019],"_humanoidState":3,"_cameraCFrame":[746.871,236.371,45.749,-0.002,-0.953,0.303,0,0.303,0.953,-1,0.002,-0.001],"_shiftlockState":false,"_pose":"Jumping","_animationQueue":[["walk",0.1],["jump",0.1]],"_animationSpeed":1,"_zoom":11.4},{"_mousePosition":[848,504],"_rootPartCFrame":[743.152,224.829,45.76,-0.018,0,1,0,1,0,-1,0,-0.018],"_humanoidState":5,"_cameraCFrame":[746.587,237.199,45.756,-0.001,-0.954,0.301,0,0.301,0.954,-1,0.001,0],"_shiftlockState":false,"_pose":"FreeFall","_animationQueue":[["jump",0.1]],"_animationSpeed":1,"_zoom":11.4},{"_mousePosition":[848,504],"_rootPartCFrame":[742.952,225.41,45.761,-0.017,0,1,0,1,0,-1,0,-0.017],"_humanoidState":5,"_cameraCFrame":[746.387,237.78,45.757,-0.001,-0.954,0.301,0,0.301,0.954,-1,0.001,0],"_shiftlockState":false,"_pose":"FreeFall","_animationQueue":[],"_animationSpeed":1,"_zoom":11.4},{"_mousePosition":[848,504],"_rootPartCFrame":[742.619,226.309,45.761,-0.014,0,1,0,1,0,-1,0,-0.014],"_humanoidState":5,"_cameraCFrame":[746.054,238.68,45.757,-0.001,-0.954,0.301,0,0.301,0.954,-1,0.001,0],"_shiftlockState":false,"_pose":"FreeFall","_animationQueue":[],"_animationSpeed":1,"_zoom":11.4},{"_mousePosition":[848,504],"_rootPartCFrame":[742.352,226.968,45.762,-0.013,0,1,0,1,0,-1,0,-0.013],"_humanoidState":5,"_cameraCFrame":[745.787,239.338,45.758,-0.001,-0.954,0.301,0,0.301,0.954,-1,0.001,0],"_shiftlockState":false,"_pose":"FreeFall","_animationQueue":[],"_animationSpeed":1,"_zoom":11.4},{"_mousePosition":[848,504],"_rootPartCFrame":[742.086,227.572,45.762,-0.011,0,1,0,1,0,-1,0,-0.011],"_humanoidState":5,"_cameraCFrame":[745.521,239.942,45.758,-0.001,-0.954,0.301,0,0.301,0.954,-1,0.001,0],"