[{"_mousePosition":[1111,381],"_rootPartCFrame":[776.031,222.984,47.142,0,-0.003,1,0,1,0.003,-1,0,0],"_humanoidState":8,"_cameraCFrame":[777.71,231.865,42.815,-0.932,-0.307,0.193,0,0.532,0.846,-0.363,0.789,-0.496],"_shiftlockState":false,"_pose":"Standing","_animationQueue":[["idle",0]],"_animationSpeed":1,"_zoom":8.72},{"_mousePosition":[1090,387],"_rootPartCFrame":[775.922,222.917,47.099,0.027,-0.001,1,0,1,0.001,-1,0,0.027],"_humanoidState":8,"_cameraCFrame":[777.603,231.798,42.772,-0.932,-0.307,0.193,0,0.532,0.846,-0.363,0.789,-0.496],"_shiftlockState":false,"_pose":"Standing","_animationQueue":[],"_animationSpeed":1,"_zoom":8.72},{"_mousePosition":[1064,396],"_rootPartCFrame":[775.678,222.772,47.004,0.073,0,0.997,0,1,0,-0.997,0,0.073],"_humanoidState":8,"_cameraCFrame":[777.362,231.653,42.677,-0.932,-0.307,0.193,0,0.532,0.846,-0.363,0.789,-0.496],"_shiftlockState":false,"_pose":"Running","_animationQueue":[["walk",0.1]],"_animationSpeed":0.833,"_zoom":8.72},{"_mousePosition":[1039,403],"_rootPartCFrame":[775.553,222.68,46.956,0.093,0,0.996,0,1,0,-0.996,0,0.093],"_humanoidState":8,"_cameraCFrame":[777.238,231.56,42.629,-0.932,-0.307,0.193,0,0.532,0.846,-0.363,0.789,-0.496],"_shiftlockState":false,"_pose":"Running","_animationQueue":[["walk",0.1]],"_animationSpeed":1.099,"_zoom":8.72},{"_mousePosition":[1026,407],"_rootPartCFrame":[775.305,222.656,46.859,0.13,0,0.991,0,1,0,-0.991,0,0.13],"_humanoidState":8,"_cameraCFrame":[776.989,231.536,42.532,-0.932,-0.307,0.193,0,0.532,0.846,-0.363,0.789,-0.496],"_shiftlockState":false,"_pose":"Running","_animationQueue":[["walk",0.1]],"_animationSpeed":1.099,"_zoom":8.72},{"_mousePosition":[1001,415],"_rootPartCFrame":[775.056,222.671,46.763,0.163,0,0.987,0,1,0,-0.987,0,0.163],"_humanoidState":8,"_cameraCFrame":[776.74,231.552,42.435,-0.932,-0.307,0.193,0,0.532,0.846,-0.363,0.789,-0.496],"_shiftlockState":false,"_pose":"Running","_animationQueue":[],"_animationSpeed":1.099,"_zoom":8.72},{"_mousePosition":[978,422],"_rootPartCFrame":[774.808,222.683,46.666,0.19,0,0.982,0,1,0,-0.982,0,0.19],"_humanoidState":8,"_cameraCFrame":[776.492,231.564,42.339,-0.932,-0.307,0.193,0,0.532,0.846,-0.363,0.789,-0.496],"_shiftlockState":false,"_pose":"Running","_animationQueue":[],"_animationSpeed":1.099,"_zoom":8.72},{"_mousePosition":[964,426],"_rootPartCFrame":[774.435,222.693,46.521,0.226,0,0.974,0,1,0,-0.974,0,0.226],"_humanoidState":8,"_cameraCFrame":[776.119,231.574,42.194,-0.932,-0.307,0.193,0,0.532,0.846,-0.363,0.789,-0.496],"_shiftlockState":false,"_pose":"Running","_animationQueue":[],"_animationSpeed":1.099,"_zoom":8.72},{"_mousePosition":[936,436],"_rootPartCFrame":[774.311,222.695,46.473,0.235,0,0.972,0,1,0,-0.972,0,0.235],"_humanoidState":8,"_cameraCFrame":[774.364,231.576,41.511,-0.932,-0.307,0.193,0,0.532,0.846,-0.363,0.789,-0.496],"_shiftlockState":true,"_pose":"Running","_animationQueue":[],"_animationSpeed":1.099,"_zoom":8.72},{"_mousePosition":[683,384],"_rootPartCFrame":[774.062,222.697,46.376,-0.959,0,0.283,0,1,0,-0.283,0,-0.959],"_humanoidState":8,"_cameraCFrame":[774.115,231.578,41.414,-0.932,-0.307,0.193,0,0.532,0.846,-0.363,0.789,-0.496],"_shiftlockState":true,"_pose":"Running","_animationQueue":[],"_animationSpeed":1.099,"_zoom":8.72},{"_mousePosition":[683,384],"_rootPartCFrame":[773.814,222.698,46.279,-0.935,0,0.354,0,1,0,-0.354,0,-0.935],"_humanoidState":8,"_cameraCFrame":[773.686,231.635,41.402,-0.943,-0.285,0.175,0,0.522,0.853,-0.334,0.804,-0.492],"_shiftlockState":true,"_pose":"Running","_animationQueue":[],"_animationSpeed":1.099,"_zoom":8.72},{"_mousePosition":[683,384],"_rootPartCFrame":[773.441,222.699,46.134,-0.943,0,0.334,0,1,0,-0.334,0,-0.943],"_humanoidState":8,"_cameraCFrame":[773.136,231.694,41.355,-0.952,-0.262,0.156,0,0.511,0.859,-0.305,0.818,-0.487],"_shiftlockState":true,"_pose":"Running","_animationQueue":[["walk",0.1]],"_animationSpeed":1.099,"_zoom":8.72},{"_mousePosition":[683,384],"_rootPartCFrame":[773.253,222.699,46.066,-0.952,0,0.305,0,1,0,-0.305,0,-0.952],"_humanoidState":8,"_cameraCFrame":[772.745,231.765,41.418,-0.962,-0.235,0.135,0,0.497,0.868,-0.271,0.835,-0.479],"_shiftlockState":true,"_pose":"Running","_animationQueue":[],"_animationSpeed":1.099,"_zoom":8.72},{"_mousePosition":[683,384],"_rootPartCFrame":[772.999,222.699,45.984,-0.962,0,0.271,0,1,0,-0.271,0,-0.962],"_humanoidState":8,"_cameraCFrame":[772.307,231.844,41.491,-0.971,-0.21,0.115,0,0.481,0.877,-0.24,0.851,-0.467],"_shiftlockState":true,"_pose":"Running","_animationQueue":[],"_animationSpeed":1.099,"_zoom":8.72},{"_mousePosition":[683,384],"_rootPartCFrame":[772.743,222.7,45.91,-0.971,0,0.24,0,1,0,-0.24,0,-0.971],"_humanoidState":8,"_cameraCFrame":[771.895,231.927,41.59,-0.977,-0.189,0.099,0,0.463,0.886,-0.213,0.866,-0.453],"_shiftlockState":true,"_pose":"Running","_animationQueue":[],"_animationSpeed":1.099,"_zoom":8.72},{"_mousePosition":[683,384],"_rootPartCFrame":[772.484,222.7,45.845,-0.977,0,0.213,0,1,0,-0.213,0,-0.977],"_humanoidState":8,"_cameraCFrame":[771.473,232.041,41.772,-0.983,-0.167,0.081,0,0.437,0.899,-0.186,0.884,-0.43],"_shiftlockState":true,"_pose":"Running","_animationQueue":[],"_animationSpeed":1.099,"_zoom":8.72},{"_mousePosition":[683,384],"_rootPartCFrame":[772.224,222.7,45.787,-0.983,0,0.186,0,1,0,-0.186,0,-0.983],"_humanoidState":8,"_cameraCFrame":[771.043,232.169,42.019,-0.988,-0.141,0.063,0,0.406,0.914,-0.155,0.903,-0.401],"_shiftlockState":true,"_pose":"Running","_animationQueue":[],"_animationSpeed":1.099,"_zoom":8.72},{"_mousePosition":[683,384],"_rootPartCFrame":[771.962,222.7,45.736,-0.988,0,0.155,0,1,0,-0.155,0,-0.988],"_humanoidState":8,"_cameraCFrame":[770.61,232.302,42.328,-0.993,-0.111,0.044,0,0.37,0.929,-0.119,0.923,-0.367],"_shiftlockState":true,"_pose":"Running","_animationQueue":[],"_animationSpeed":1.099,"_zoom":8.72},{"_mousePosition":[683,384],"_rootPartCFrame":[771.699,222.7,45.694,-0.993,0,0.119,0,1,0,-0.119,0,-0.993],"_humanoidState":8,"_cameraCFrame":[770.216,232.404,42.598,-0.996,-0.083,0.03,0,0.339,0.941,-0.088,0.937,-0.337],"_shiftlockState":true,"_pose":"Running","_animationQueue":[["walk",0.1]],"_animationSpeed":1.099,"_zoom":8.72},{"_mousePosition":[683,384],"_rootPartCFrame":[771.434,222.7,45.66,-0.996,0,0.088,0,1,0,-0.088,0,-0.996],"_humanoidState":8,"_cameraCFrame":[769.835,232.493,42.875,-0.998,-0.052,0.017,0,0.309,0.951,-0.055,0.95,-0.308],"_shiftlockState":true,"_pose":"Running","_animationQueue":[],"_animationSpeed":1.099,"_zoom":8.72},{"_mousePosition":[683,384],"_rootPartCFrame":[771.103,222.7,45.63,-0.998,0,0.055,0,1,0,-0.055,0,-0.998],"_humanoidState":8,"_cameraCFrame":[769.426,232.542,43.042,-1,-0.027,0.008,0,0.291,0.957,-0.029,0.956,-0.291],"_shiftlockState":true,"_pose":"Running","_animationQueue":[],"_animationSpeed":1.099,"_zoom":8.72},{"_mousePosition":[683,384],"_rootPartCFrame":[770.903,222.7,45.617,-1,0,0.029,0,1,0,-0.029,0,-1],"_humanoidState":8,"_cameraCFrame":[769.198,232.562,43.114,-1,-0.017,0.005,0,0.283,0.959,-0.018,0.959,-0.283],"_shiftlockState":true,"_pose":"Running","_animationQueue":[],"_animationSpeed":1.099,"_zoom":8.72},{"_mousePosition":[683,384],"_rootPartCFrame":[770.636,222.7,45.609,-1,0,0.018,0,1,0,-0.018,0,-1],"_humanoidState":8,"_cameraCFrame":[768.947,232.57,43.122,-1,-0.023,0.007,0,0.28,0.96,-0.024,0.96,-0.28],"_shiftlockState":true,"_pose":"Running","_animationQueue":[],"_animationSpeed":1.099,"_zoom":8.72},{"_mousePosition":[683,384],"_rootPartCFrame":[770.37,222.7,45.603,-1,0,0.024,0,1,0,-0.024,0,-1],"_humanoidState":8,"_cameraCFrame":[768.68,232.57,43.117,-1,-0.023,0.007,0,0.28,0.96,-0.024,0.96,-0.28],"_shiftlockState":true,"_pose":"Running","_animationQueue":[],"_animationSpeed":1.099,"_zoom":8.72},{"_mousePosition":[683,384],"_rootPartCFrame":[770.103,222.7,45.597,-1,0,0.024,0,1,0,-0.024,0,-1],"_humanoidState":8,"_cameraCFrame":[768.414,232.57,43.11,-1,-0.023,0.007,0,0.28,0.96,-0.024,0.96,-0.28],"_shiftlockState":true,"_pose":"Running","_animationQueue":[],"_animationSpeed":1.099,"_zoom":8.72},{"_mousePosition":[683,384],"_rootPartCFrame":[769.77,223.77,45.589,-1,0,0.024,0,1,0,-0.024,0,-1],"_humanoidState":3,"_cameraCFrame":[768.08,233.64,43.102,-1,-0.023,0.007,0,0.28,0.96,-0.024,0.96,-0.28],"_shiftlockState":true,"_pose":"Jumping","_animationQueue":[["walk",0.1],["walk",0.1],["jump",0.1]],"_animationSpeed":1,"_zoom":8.72},{"_mousePosition":[683,384],"_rootPartCFrame":[769.57,224.371,45.584,-0.996,0,0.087,0,1,0,-0.087,0,-0.996],"_humanoidState":5,"_cameraCFrame":[767.88,234.241,43.097,-1,-0.023,0.007,0,0.28,0.96,-0.024,0.96,-0.28],"_shiftlockState":true,"_pose":"FreeFall","_animationQueue":[["jump",0.1]],"_animationSpeed":1,"_zoom":8.72},{"_mousePosition":[683,384],"_rootPartCFrame":[769.303,225.125,45.578,-0.989,0,0.149,0,1,0,-0.149,0,-0.989],"_humanoidState":5,"_cameraCFrame":[767.614,234.995,43.091,-1,-0.023,0.007,0,0.28,0.96,-0.024,0.96,-0.28],"_shiftlockState":true,"_pose":"FreeFall","_animationQueue":[],"_animationSpeed":1,"_zoom":8.72},{"_mousePosition":[683,384],"_rootPartCFrame":[769.037,225.824,45.571,-0.988,0,0.156,0,1,0,-0.156,0,-0.988],"_humanoidState":5,"_cameraCFrame":[767.347,235.694,43.084,-1,-0.023,0.007,0,0.28,0.96,-0.024,0.96,-0.28],"_shiftlockState":true,"_pose":"FreeFall","_animationQueue":[],"_animationSpeed":1,"_zoom":8.72},{"_mousePosition":[683,384],"_rootPartCFrame":[768.77,226.469,45.565,-0.988,0,0.157,0,1,0,-0.157,0,-0.988],"_humanoidState":5,"_cameraCFrame":[767.081,236.339,43.078,-1,-0.023,0.007,0,0.28,0.96,-0.024,0.96,-0.28],"_shiftlockState":true,"_pose":"FreeFall","_animationQueue":[],"_animationSpeed":1,"_zoom":8.72},{"_mousePosition":[683,384],"_rootPartCFrame":[768.504,227.059,45.558,-0.988,0,0.157,0,1,0,-0.157,0,-0.988],"_humanoidState":5,"_cameraCFrame":[766.814,236.93,43.071,-1,-0.023,0.007,0,0.28,0.96,-0.024,0.96,-0.28],"_shiftlockState":true,"_pose":"FreeFall","_animationQueue":[],"_animationSpeed":1,"_zoom":8.72},{"_mousePosition":[683,384],"_rootPartCFrame":[768.237,227.595,45.552,-0.988,0,0.157,0,1,0,-0.157,0,-0.988],"_humanoidState":5,"_cameraCFrame":[766.547,237.466,43.065,-1,-0.023,0.007,0,0.28,0.96,-0.024,0.96,-0.28],"_shiftlockState":true,"_pose":"FreeFall","_animationQueue":[],"_animationSpeed":1,"_zoom":8.72},{"_mousePosition":[683,384],"_rootPartCFrame":[767.97,228.077,45.545,-0.988,0,0.157,0,1,0,-0.157,0,-0.988],"_humanoidState":5,"_cameraCFrame":[766.271,237.931,43.011,-1,-0.019,0.006,0,0.287,0.958,-0.02,0.958,-0.286],"_shiftlockState":true,"_pose":"FreeFall","_animationQueue":[],"_animationSpeed":1,"_zoom":8.72},{"_mousePosition":[683,384],"_rootPartCFrame":[767.704,228.504,45.539,-0.988,0,0.153,0,1,0,-0.153,0,-0.988],"_humanoidState":5,"_cameraCFrame":[766.003,238.35,42.98,-1,-0.018,0.006,0,0.29,0.957,-0.019,0.957,-0.29],"_shiftlockState":true,"_pose":"FreeFall","_animationQueue":[],"_animationSpeed":1,"_zoom":8.72},{"_mousePosition":[683,384],"_rootPartCFrame":[767.437,228.876,45.533,-0.988,0,0.152,0,1,0,-0.152,0,-0.988],"_humanoidState":5,"_cameraCFrame":[765.736,238.72,42.967,-1,-0.018,0.006,0,0.29,0.957,-0.019,0.957,-0.29],"_shiftlockState":true,"_pose":"FreeFall","_animationQueue":[],"_animationSpeed":1,"_zoom":8.72},{"_mousePosition":[683,384],"_rootPartCFrame":[767.171,229.194,45.528,-0.988,0,0.152,0,1,0,-0.152,0,-0.988],"_humanoidState":5,"_cameraCFrame":[765.461,239.042,42.981,-1,-0.015,0.005,0,0.289,0.957,-0.016,0.957,-0.289],"_shiftlockState":true,"_pose":"FreeFall","_animationQueue":[],"_animationSpeed":1,"_zoom":8.72},{"_mousePosition":[683,384],"_rootPartCFrame":[766.904,229.457,45.523,-0.989,0,0.149,0,1,0,-0.149,0,-0.989],"_humanoidState":5,"_cameraCFrame":[765.181,239.316,43.019,-1,-0.01,0.003,0,0.285,0.959,-0.011,0.958,-0.285],"_shiftlockState":true,"_pose":"FreeFall","_animationQueue":[],"_animationSpeed":1,"_zoom":8.72},{"_mousePosition":[683,384],"_rootPartCFrame":[766.637,229.666,45.518,-0.99,0,0.144,0,1,0,-0.144,0,-0.99],"_humanoidState":5,"_cameraCFrame":[764.911,239.374,43.082,-1,-0.009,0.003,0,0.283,0.959,-0.01,0.959,-0.283],"_shiftlockState":true,"_pose":"FreeFall","_animationQueue":[],"_animationSpeed":1,"_zoom":6.576},{"_mousePosition":[683,384],"_rootPartCFrame":[766.371,229.821,45.515,-0.99,0,0.143,0,1,0,-0.143,0,-0.99],"_humanoidState":5,"_cameraCFrame":[764.643,239.177,43.204,-1,-0.009,0.003,0,0.28,0.96,-0.01,0.96,-0.28],"_shiftlockState":true,"_pose":"FreeFall","_animationQueue":[],"_animationSpeed":1,"_zoom":6.576},{"_mousePosition":[683,384],"_rootPartCFrame":[766.104,229.921,45.513,-0.99,0,0.143,0,1,0,-0.143,0,-0.99],"_humanoidState":5,"_cameraCFrame":[764.376,238.968,43.317,-1,-0.009,0.003,0,0.277,0.961,-0.01,0.961,-0.277],"_shiftlockState":true,"_pose":"FreeFall","_animationQueue":[],"_animationSpeed":1,"_zoom":6.576},{"_mousePosition":[683,384],"_rootPartCFrame":[765.838,229.966,45.51,-0.99,0,0.143,0,1,0,-0.143,0,-0.99],"_humanoidState":5,"_cameraCFrame":[764.108,238.668,43.427,-1,-0.009,0.003,0,0.276,0.961,-0.01,0.961,-0.276],"_shiftlockState":true,"_pose":"FreeFall","_animationQueue":[],"_animationSpeed":1,"_zoom":6.576},{"_mousePosition":[683,384],"_rootPartCFrame":[765.571,229.957,45.507,-0.99,0,0.143,0,1,0,-0.143,0,-0.99],"_humanoidState":5,"_cameraCFrame":[763.841,238.441,43.499,-1,-0.009,0.003,0,0.274,0.962,-0.01,0.962,-0.274],"_shiftlockState":true,"_pose":"FreeFall","_animationQueue":[],"_animationSpeed":1,"_zoom":6.576},{"_mousePosition":[683,384],"_rootPartCFrame":[765.304,229.893,45.505,-0.99,0,0.143,0,1,0,-0.143,0,-0.99],"_humanoidState":5,"_cameraCFrame":[763.571,238.18,43.573,-1,-0.008,0.002,0,0.272,0.962,-0.009,0.962,-0.272],"_shiftlockState":true,"_pose":"FreeFall","_animationQueue":[],"_animationSpeed":1,"_zoom":6.576},{"_mousePosition":[683,384],"_rootPartCFrame":[765.038,229.775,45.502,-0.99,0,0.142,0,1,0,-0.142,0,-0.99],"_humanoidState":5,"_cameraCFrame":[763.304,237.938,43.611,-1,-0.008,0.002,0,0.271,0.963,-0.009,0.963,-0.271],"_shiftlockState":true,"_pose":"FreeFall","_animationQueue":[],"_animationSpeed":1,"_zoom":6.576},{"_mousePosition":[683,384],"_rootPartCFrame":[764.771,229.603,45.5,-0.99,0,0.142,0,1,0,-0.142,0,-0.99],"_humanoidState":5,"_cameraCFrame":[763.037,237.663,43.643,-1,-0.008,0.002,0,0.27,0.963,-0.009,0.963,-0.27],"_shiftlockState":true,"_pose":"FreeFall","_animationQueue":[],"_animationSpeed":1,"_zoom":6.576},{"_mousePosition":[683,384],"_rootPartCFrame":[764.505,229.375,45.497,-0.99,0,0.142,0,1,0,-0.142,0,-0.99],"_humanoidState":5,"_cameraCFrame":[762.771,237.366,43.66,-1,-0.008,0.002,0,0.27,0.963,-0.009,0.963,-0.27],"_shiftlockState":true,"_pose":"FreeFall","_animationQueue":[["fall",0.3]],"_animationSpeed":1,"_zoom":6.576},{"_mousePosition":[683,384],"_rootPartCFrame":[764.305,229.169,45.496,-0.994,0,0.108,0,1,0,-0.108,0,-0.994],"_humanoidState":5,"_cameraCFrame":[762.57,237.108,43.678,-1,-0.008,0.002,0,0.27,0.963,-0.009,0.963,-0.269],"_shiftlockState":true,"_pose":"FreeFall","_animationQueue":[],"_animationSpeed":1,"_zoom":6.576},{"_mousePosition":[683,384],"_rootPartCFrame":[763.971,228.758,45.493,-0.985,0,0.174,0,1,0,-0.174,0,-0.985],"_humanoidState":5,"_cameraCFrame":[762.235,236.663,43.687,-1,-0.007,0.002,0,0.27,0.963,-0.008,0.963,-0.269],"_shiftlockState":true,"_pose":"FreeFall","_animationQueue":[],"_animationSpeed":1,"_zoom":6.576},{"_mousePosition":[683,384],"_rootPartCFrame":[763.705,228.367,45.49,-0.99,0,0.14,0,1,0,-0.14,0,-0.99],"_humanoidState":5,"_cameraCFrame":[761.969,236.247,43.691,-1,-0.007,0.002,0,0.27,0.963,-0.008,0.963,-0.269],"_shiftlockState":true,"_pose":"FreeFall","_animationQueue":[],"_animationSpeed":1,"_zoom":6.576},{"_mousePosition":[683,384],"_rootPartCFrame":[763.438,227.922,45.488,-1,0,0.008,0,1,0,-0.008,0,-1],"_humanoidState":5,"_cameraCFrame":[761.71,235.758,43.707,-1,-0.012,0.003,0,0.267,0.964,-0.013,0.963,-0.267],"_shiftlockState":true,"_pose":"FreeFall","_animationQueue":[],"_animationSpeed":1,"_zoom":6.576},{"_mousePosition":[683,384],"_rootPartCFrame":[763.171,227.422,45.486,-0.989,0,0.145,0,1,0,-0.145,0,-0.989],"_humanoidState":5,"_cameraCFrame":[761.455,235.262,43.705,-1,-0.018,0.005,0,0.266,0.964,-0.019,0.964,-0.266],"_shiftlockState":true,"_pose":"FreeFall","_animationQueue":[],"_animationSpeed":1,"_zoom":6.576},{"_mousePosition":[683,384],"_rootPartCFrame":[762.905,226.868,45.483,-0.988,0,0.152,0,1,0,-0.152,0,-0.988],"_humanoidState":5,"_cameraCFrame":[761.199,234.71,43.701,-1,-0.024,0.007,0,0.264,0.964,-0.025,0.964,-0.264],"_shiftlockState":true,"_pose":"FreeFall","_animationQueue":[],"_animationSpeed":1,"_zoom":6.576},{"_mousePosition":[683,384],"_rootPartCFrame":[762.638,226.26,45.479,-0.999,0,0.035,0,1,0,-0.035,0,-0.999],"_humanoidState":5,"_cameraCFrame":[760.956,234.106,43.688,-0.999,-0.037,0.01,0,0.262,0.965,-0.038,0.964,-0.262],"_shiftlockState":true,"_pose":"FreeFall","_animationQueue":[["fall",0.3]],"_animationSpeed":1,"_zoom":6.576},{"_mousePosition":[683,384],"_rootPartCFrame":[762.371,225.597,45.471,-0.985,0,0.171,0,1,0,-0.171,0,-0.985],"_humanoidState":5,"_cameraCFrame":[760.702,233.445,43.678,-0.999,-0.044,0.012,0,0.261,0.965,-0.046,0.964,-0.26],"_shiftlockState":true,"_pose":"FreeFall","_animationQueue":[],"_animationSpeed":1,"_zoom":6.576},{"_mousePosition":[683,384],"_rootPartCFrame":[762.105,224.879,45.461,-0.984,0,0.178,0,1,0,-0.178,0,-0.984],"_humanoidState":5,"_cameraCFrame":[760.457,232.732,43.662,-0.998,-0.056,0.015,0,0.258,0.966,-0.058,0.964,-0.258],"_shiftlockState":true,"_pose":"FreeFall","_animationQueue":[],"_animationSpeed":1,"_zoom":6.576},{"_mousePosition":[683,384],"_rootPartCFrame":[761.838,224.107,45.449,-0.982,0,0.19,0,1,0,-0.19,0,-0.982],"_humanoidState":5,"_cameraCFrame":[760.225,231.965,43.639,-0.997,-0.076,0.02,0,0.255,0.967,-0.078,0.964,-0.255],"_shiftlockState":true,"_pose":"FreeFall","_animationQueue":[],"_animationSpeed":1,"_zoom":6.576},{"_mousePosition":[683,384],"_rootPartCFrame":[761.572,223.281,45.434,-0.978,0,0.21,0,1,0,-0.21,0,-0.978],"_humanoidState":5,"_cameraCFrame":[760.008,231.144,43.6,-0.994,-0.103,0.027,0,0.252,0.968,-0.106,0.962,-0.251],"_shiftlockState":true,"_pose":"FreeFall","_animationQueue":[],"_animationSpeed":1,"_zoom":6.576},{"_mousePosition":[683,384],"_rootPartCFrame":[761.306,222.506,45.414,-0.99,0,0.142,0,1,0,-0.142,0,-0.99],"_humanoidState":7,"_cameraCFrame":[759.801,230.377,43.554,-0.99,-0.135,0.035,0,0.248,0.969,-0.14,0.959,-0.246],"_shiftlockState":true,"_pose":"FreeFall","_animationQueue":[["walk",0.1],["fall",0.3],["fall",0.3]],"_animationSpeed":1,"_zoom":6.576},{"_mousePosition":[683,384],"_rootPartCFrame":[761.041,222.445,45.387,-0.99,0,0.142,0,1,0,-0.142,0,-0.99],"_humanoidState":7,"_cameraCFrame":[759.603,230.322,43.496,-0.984,-0.171,0.043,0,0.244,0.97,-0.177,0.954,-0.241],"_shiftlockState":true,"_pose":"FreeFall","_animationQueue":[],"_animationSpeed":1,"_zoom":6.576},{"_mousePosition":[683,384],"_rootPartCFrame":[760.777,222.524,45.351,-0.984,0,0.177,0,1,0,-0.177,0,-0.984],"_humanoidState":8,"_cameraCFrame":[759.438,230.411,43.422,-0.973,-0.225,0.055,0,0.238,0.971,-0.232,0.945,-0.232],"_shiftlockState":true,"_pose":"Running","_animationQueue":[["fall",0.3],["walk",0.1],["fall",0.3],["walk",0.1]],"_animationSpeed":1.103,"_zoom":6.576},{"_mousePosition":[683,384],"_rootPartCFrame":[760.383,222.604,45.281,-0.958,0,0.288,0,1,0,-0.288,0,-0.958],"_humanoidState":8,"_cameraCFrame":[759.276,230.511,43.272,-0.934,-0.347,0.08,0,0.225,0.974,-0.357,0.91,-0.211],"_shiftlockState":true,"_pose":"Running","_animationQueue":[["walk",0.1],["walk",0.1]],"_animationSpeed":1.103,"_zoom":6.576},{"_mousePosition":[683,384],"_rootPartCFrame":[760.127,222.63,45.208,-0.934,0,0.357,0,1,0,-0.357,0,-0.934],"_humanoidState":8,"_cameraCFrame":[759.136,230.545,43.165,-0.91,-0.405,0.091,0,0.22,0.976,-0.415,0.887,-0.2],"_shiftlockState":true,"_pose":"Running","_animationQueue":[],"_animationSpeed":1.103,"_zoom":6.576},{"_mousePosition":[683,384],"_rootPartCFrame":[759.877,222.644,45.114,-0.91,0,0.415,0,1,0,-0.415,0,-0.91],"_humanoidState":8,"_cameraCFrame":[759.04,230.57,43.036,-0.871,-0.48,0.105,0,0.213,0.977,-0.491,0.851,-0.185],"_shiftlockState":true,"_pose":"Running","_animationQueue":[],"_animationSpeed":1.103,"_zoom":6.576},{"_mousePosition":[683,384],"_rootPartCFrame":[759.634,222.652,45.006,-0.871,0,0.491,0,1,0,-0.491,0,-0.871],"_humanoidState":8,"_cameraCFrame":[758.968,230.592,42.91,-0.818,-0.563,0.117,0,0.203,0.979,-0.575,0.801,-0.166],"_shiftlockState":true,"_pose":"Running","_animationQueue":[],"_animationSpeed":1.103,"_zoom":6.576},{"_mousePosition":[683,384],"_rootPartCFrame":[759.342,222.657,44.845,-0.818,0,0.575,0,1,0,-0.575,0,-0.818],"_humanoidState":8,"_cameraCFrame":[758.85,230.612,42.749,-0.753,-0.646,0.126,0,0.191,0.982,-0.658,0.739,-0.144],"_shiftlockState":true,"_pose":"Running","_animationQueue":[],"_animationSpeed":1.103,"_zoom":6.576},{"_mousePosition":[683,384],"_rootPartCFrame":[759.121,222.659,44.695,-0.75,0,0.662,0,1,0,-0.662,0,-0.75],"_humanoidState":8,"_cameraCFrame":[758.796,230.625,42.6,-0.684,-0.717,0.133,0,0.182,0.983,-0.729,0.673,-0.125],"_shiftlockState":true,"_pose":"Running","_animationQueue":[],"_animationSpeed":1.103,"_zoom":6.576},{"_mousePosition":[683,384],"_rootPartCFrame":[758.918,222.66,44.523,-0.683,0,0.73,0,1,0,-0.73,0,-0.683],"_humanoidState":8,"_cameraCFrame":[758.748,230.635,42.439,-0.614,-0.778,0.137,0,0.174,0.985,-0.79,0.604,-0.107],"_shiftlockState":true,"_pose":"Running","_animationQueue":[],"_animationSpeed":1.103,"_zoom":6.576},{"_mousePosition":[683,384],"_rootPartCFrame":[758.779,222.66,44.38,-0.613,0,0.79,0,1,0,-0.79,0,-0.613],"_humanoidState":8,"_cameraCFrame":[758.794,230.636,42.29,-0.54,-0.829,0.146,0,0.174,0.985,-0.842,0.532,-0.094],"_shiftlockState":true,"_pose":"Running","_animationQueue":[["walk",0.1]],"_animationSpeed":1.103,"_zoom":6.576},{"_mousePosition":[683,384],"_rootPartCFrame":[758.571,222.661,44.119,-0.54,0,0.842,0,1,0,-0.842,0,-0.54],"_humanoidState":8,"_cameraCFrame":[758.781,230.637,42.04,-0.459,-0.875,0.154,0,0.174,0.985,-0.888,0.453,-0.08],"_shiftlockState":true,"_pose":"Running","_animationQueue":[],"_animationSpeed":1.103,"_zoom":6.576},{"_mousePosition":[683,384],"_rootPartCFrame":[758.407,222.627,43.909,-0.459,0,0.888,0,1,0,-0.888,0,-0.459],"_humanoidState":8,"_cameraCFrame":[758.797,230.603,41.856,-0.381,-0.911,0.161,0,0.174,0.985,-0.925,0.375,-0.066],"_shiftlockState":true,"_pose":"Running","_animationQueue":[],"_animationSpeed":1.103,"_zoom":6.576},{"_mousePosition":[683,384],"_rootPartCFrame":[758.244,222.539,43.698,-0.381,0,0.925,0,1,0,-0.925,0,-0.381],"_humanoidState":8,"_cameraCFrame":[758.743,230.515,41.669,-0.331,-0.929,0.164,0,0.174,0.985,-0.944,0.326,-0.057],"_shiftlockState":true,"_pose":"Running","_animationQueue":[],"_animationSpeed":1.103,"_zoom":6.576},{"_mousePosition":[683,384],"_rootPartCFrame":[758.121,222.437,43.54,-0.331,0,0.944,0,1,0,-0.944,0,-0.331],"_humanoidState":8,"_cameraCFrame":[758.667,230.413,41.523,-0.309,-0.937,0.165,0,0.174,0.985,-0.951,0.304,-0.054],"_shiftlockState":true,"_pose":"Running","_animationQueue":[],"_animationSpeed":1.103,"_zoom":6.576},{"_mousePosition":[683,384],"_rootPartCFrame":[757.958,222.253,43.33,-0.309,0,0.951,0,1,0,-0.951,0,-0.309],"_humanoidState":8,"_cameraCFrame":[758.482,230.229,41.307,-0.319,-0.933,0.165,0,0.174,0.985,-0.948,0.314,-0.055],"_shiftlockState":true,"_pose":"Running","_animationQueue":[],"_animationSpeed":1.103,"_zoom":6.576},{"_mousePosition":[683,384],"_rootPartCFrame":[757.753,223.323,43.067,-0.319,0,0.948,0,1,0,-0.948,0,-0.319],"_humanoidState":3,"_cameraCFrame":[758.205,231.299,41.026,-0.352,-0.922,0.163,0,0.174,0.985,-0.936,0.347,-0.061],"_shiftlockState":true,"_pose":"Jumping","_animationQueue":[["walk",0.1],["walk",0.1],["jump",0.1]],"_animationSpeed":1,"_zoom":6.576},{"_mousePosition":[683,384],"_rootPartCFrame":[757.611,224.118,42.844,-0.265,0,0.964,0,1,0,-0.964,0,-0.265],"_humanoidState":5,"_cameraCFrame":[757.943,232.094,40.781,-0.407,-0.9,0.159,0,0.174,0.985,-0.914,0.4,-0.071],"_shiftlockState":true,"_pose":"FreeFall","_animationQueue":[["jump",0.1]],"_animationSpeed":1,"_zoom":6.576},{"_mousePosition":[683,384],"_rootPartCFrame":[757.503,224.858,42.603,-0.286,0,0.958,0,1,0,-0.958,0,-0.286],"_humanoidState":5,"_cameraCFrame":[757.713,232.834,40.524,-0.459,-0.875,0.154,0,0.174,0.985,-0.888,0.453,-0.08],"_shiftlockState":true,"_pose":"FreeFall","_animationQueue":[],"_animationSpeed":1,"_zoom":6.576},{"_mousePosition":[683,384],"_rootPartCFrame":[757.396,225.544,42.359,-0.338,0,0.941,0,1,0,-0.941,0,-0.338],"_humanoidState":5,"_cameraCFrame":[757.478,233.52,40.271,-0.513,-0.845,0.149,0,0.174,0.985,-0.858,0.506,-0.089],"_shiftlockState":true,"_pose":"FreeFall","_animationQueue":[],"_animationSpeed":1,"_zoom":6.576},{"_mousePosition":[683,384],"_rootPartCFrame":[757.276,226.175,42.121,-0.395,0,0.919,0,1,0,-0.919,0,-0.395],"_humanoidState":5,"_cameraCFrame":[757.2,234.151,40.033,-0.577,-0.805,0.142,0,0.174,0.985,-0.817,0.568,-0.1],"_shiftlockState":true,"_pose":"FreeFall","_animationQueue":[],"_animationSpeed":1,"_zoom":6.576},{"_mousePosition":[683,384],"_rootPartCFrame":[757.176,226.613,41.948,-0.492,0,0.87,0,1,0,-0.87,0,-0.492],"_humanoidState":5,"_cameraCFrame":[756.92,234.588,39.871,-0.646,-0.751,0.133,0,0.174,0.985,-0.763,0.636,-0.113],"_shiftlockState":true,"_pose":"FreeFall","_animationQueue":[],"_animationSpeed":1,"_zoom":6.576},{"_mousePosition":[683,384],"_rootPartCFrame":[756.987,227.274,41.673,-0.511,0,0.86,0,1,0,-0.86,0,-0.511],"_humanoidState":5,"_cameraCFrame":[756.49,235.249,39.64,-0.731,-0.672,0.119,0,0.174,0.985,-0.682,0.72,-0.128],"_shiftlockState":true,"_pose":"FreeFall","_animationQueue":[],"_animationSpeed":1,"_zoom":6.576},{"_mousePosition":[683,384],"_rootPartCFrame":[756.819,227.742,41.466,-0.634,0,0.773,0,1,0,-0.773,0,-0.634],"_humanoidState":5,"_cameraCFrame":[756.095,235.718,39.506,-0.803,-0.587,0.104,0,0.174,0.985,-0.596,0.791,-0.139],"_shiftlockState":true,"_pose":"FreeFall","_animationQueue":[],"_animationSpeed":1,"_zoom":6.576},{"_mousePosition":[683,384],"_rootPartCFrame":[756.68,228.057,41.323,-0.739,0,0.673,0,1,0,-0.673,0,-0.739],"_humanoidState":5,"_cameraCFrame":[755.716,236.033,39.469,-0.871,-0.484,0.085,0,0.174,0.985,-0.491,0.858,-0.151],"_shiftlockState":true,"_pose":"FreeFall","_animationQueue":[],"_animationSpeed":1,"_zoom":6.576},{"_mousePosition":[683,384],"_rootPartCFrame":[756.42,228.514,41.115,-0.778,0,0.629,0,1,0,-0.629,0,-0.778],"_humanoidState":5,"_cameraCFrame":[755.215,236.49,39.408,-0.929,-0.364,0.064,0,0.174,0.985,-0.369,0.915,-0.161],"_shiftlockState":true,"_pose":"FreeFall","_animationQueue":[],"_animationSpeed":1,"_zoom":6.576},{"_mousePosition":[683,384],"_rootPartCFrame":[756.252,228.747,41.008,-0.888,0,0.46,0,1,0,-0.46,0,-0.888],"_humanoidState":5,"_cameraCFrame":[754.843,236.723,39.465,-0.968,-0.246,0.043,0,0.174,0.985,-0.25,0.954,-0.168],"_shiftlockState":true,"_pose":"FreeFall","_animationQueue":[],"_animationSpeed":1,"_zoom":6.576},{"_mousePosition":[683,384],"_rootPartCFrame":[756.012,229.011,40.894,-0.927,0,0.376,0,1,0,-0.376,0,-0.927],"_humanoidState":5,"_cameraCFrame":[754.422,236.987,39.538,-0.992,-0.126,0.022,0,0.174,0.985,-0.128,0.977,-0.172],"_shiftlockState":true,"_pose":"FreeFall","_animationQueue":[],"_animationSpeed":1,"_zoom":6.576},{"_mousePosition":[683,384],"_rootPartCFrame":[755.758,229.219,40.814,-0.966,0,0.258,0,1,0,-0.258,0,-0.966],"_humanoidState":5,"_cameraCFrame":[753.997,237.187,39.642,-1,0.009,-0.002,0,0.181,0.984,0.009,0.983,-0.181],"_shiftlockState":true,"_pose":"FreeFall","_animationQueue":[],"_animationSpeed":1,"_zoom":6.576},{"_mousePosition":[683,384],"_rootPartCFrame":[755.43,229.404,40.759,-0.988,0,0.157,0,1,0,-0.157,0,-0.988],"_humanoidState":5,"_cameraCFrame":[753.537,237.361,39.744,-0.992,0.124,-0.024,0,0.19,0.982,0.126,0.974,-0.188],"_shiftlockState":true,"_pose":"FreeFall","_animationQueue":[],"_animationSpeed":1,"_zoom":6.576},{"_mousePosition":[683,384],"_rootPartCFrame":[755.231,229.474,40.748,-1,0,-0.027,0,1,0,0.027,0,-1],"_humanoidState":5,"_cameraCFrame":[753.195,237.417,39.944,-0.964,0.259,-0.053,0,0.2,0.98,0.265,0.945,-0.193],"_shiftlockState":true,"_pose":"FreeFall","_animationQueue":[],"_animationSpeed":1,"_zoom":6.576},{"_mousePosition":[683,384],"_rootPartCFrame":[754.966,229.519,40.766,-0.991,0,-0.134,0,1,0,0.134,0,-0.991],"_humanoidState":5,"_cameraCFrame":[752.822,237.452,40.19,-0.921,0.381,-0.081,0,0.208,0.978,0.389,0.901,-0.191],"_shiftlockState":true,"_pose":"FreeFall","_animationQueue":[],"_animationSpeed":1,"_zoom":6.576},{"_mousePosition":[683,384],"_rootPartCFrame":[754.641,229.499,40.837,-0.973,0,-0.231,0,1,0,0.231,0,-0.973],"_humanoidState":5,"_cameraCFrame":[752.389,237.414,40.542,-0.847,0.519,-0.117,0,0.22,0.975,0.532,0.826,-0.186],"_shiftlockState":true,"_pose":"FreeFall","_animationQueue":[],"_animationSpeed":1,"_zoom":6.576},{"_mousePosition":[683,384],"_rootPartCFrame":[754.391,229.422,40.929,-0.91,0,-0.415,0,1,0,0.415,0,-0.91],"_humanoidState":5,"_cameraCFrame":[752.059,237.315,40.9,-0.758,0.634,-0.153,0,0.234,0.972,0.652,0.737,-0.178],"_shiftlockState":true,"_pose":"FreeFall","_animationQueue":[],"_animationSpeed":1,"_zoom":6.576},{"_mousePosition":[683,384],"_rootPartCFrame":[754.213,229.328,41.018,-0.82,0,-0.573,0,1,0,0.573,0,-0.82],"_humanoidState":5,"_cameraCFrame":[751.812,237.187,41.336,-0.625,0.755,-0.199,0,0.255,0.967,0.78,0.605,-0.159],"_shiftlockState":true,"_pose":"FreeFall","_animationQueue":[],"_animationSpeed":1,"_zoom":6.576},{"_mousePosition":[683,384],"_rootPartCFrame":[753.943,229.104,41.209,-0.746,0,-0.666,0,1,0,0.666,0,-0.746],"_humanoidState":5,"_cameraCFrame":[751.496,236.921,41.856,-0.484,0.841,-0.243,0,0.278,0.961,0.875,0.465,-0.134],"_shiftlockState":true,"_pose":"FreeFall","_animationQueue":[],"_animationSpeed":1,"_zoom":6.576},{"_mousePosition":[683,384],"_rootPartCFrame":[753.76,228.863,41.387,-0.592,0,-0.806,0,1,0,0.806,0,-0.592],"_humanoidState":5,"_cameraCFrame":[751.304,236.634,42.362,-0.339,0.897,-0.283,0,0.301,0.954,0.941,0.323,-0.102],"_shiftlockState":true,"_pose":"FreeFall","_animationQueue":[["fall",0.3]],"_animationSpeed":1,"_zoom":6.576},{"_mousePosition":[683,384],"_rootPartCFrame":[753.615,228.568,41.578,-0.455,0,-0.891,0,1,0,0.891,0,-0.455],"_humanoidState":5,"_cameraCFrame":[751.165,236.284,42.869,-0.198,0.927,-0.32,0,0.326,0.945,0.98,0.187,-0.065],"_shiftlockState":true,"_pose":"FreeFall","_animationQueue":[],"_animationSpeed":1,"_zoom":6.576},{"_mousePosition":[683,384],"_rootPartCFrame":[753.509,228.218,41.778,-0.318,0,-0.948,0,1,0,0.948,0,-0.318],"_humanoidState":5,"_cameraCFrame":[751.048,235.858,43.377,-0.063,0.932,-0.358,0,0.358,0.934,0.998,0.059,-0.023],"_shiftlockState":true,"_pose":"FreeFall","_animationQueue":[],"_animationSpeed":1,"_zoom":6.576},{"_mousePosition":[683,384],"_rootPartCFrame":[753.442,227.814,41.983,-0.185,0,-0.983,0,1,0,0.983,0,-0.185],"_humanoidState":5,"_cameraCFrame":[751.23,234.726,43.817,0.038,0.921,-0.388,0,0.388,0.922,0.999,-0.035,0.015],"_shiftlockState":true,"_pose":"FreeFall","_animationQueue":[],"_animationSpeed":1,"_zoom":6.576},{"_mousePosition":[683,384],"_rootPartCFrame":[753.418,227.475,42.137,-0.052,0,-0.999,0,1,0,0.999,0,-0.052],"_humanoidState":5,"_cameraCFrame":[751.194,234.375,44.174,0.122,0.903,-0.411,0,0.414,0.91,0.993,-0.111,0.051],"_shiftlockState":true,"_pose":"FreeFall","_animationQueue":[],"_animationSpeed":1,"_zoom":6.576},{"_mousePosition":[683,384],"_rootPartCFrame":[753.427,226.842,42.389,-0.024,0,-1,0,1,0,1,0,-0.024],"_humanoidState":5,"_cameraCFrame":[751.142,233.811,44.515,0.153,0.893,-0.422,0,0.427,0.904,0.988,-0.139,0.065],"_shiftlockState":true,"_pose":"FreeFall","_animationQueue":[],"_animationSpeed":1,"_zoom":6.576},{"_mousePosition":[683,384],"_rootPartCFrame":[753.462,226.422,42.536,0.07,0,-0.998,0,1,0,0.998,0,0.07],"_humanoidState":5,"_cameraCFrame":[751.112,233.489,44.683,0.157,0.891,-0.426,0,0.431,0.902,0.988,-0.142,0.068],"_shiftlockState":true,"_pose":"FreeFall","_animationQueue":[],"_animationSpeed":1,"_zoom":6.576},{"_mousePosition":[683,384],"_rootPartCFrame":[753.543,225.813,42.725,0.157,0,-0.988,0,1,0,0.988,0,0.157],"_humanoidState":5,"_cameraCFrame":[751.026,233.248,44.905,0.16,0.891,-0.425,0,0.431,0.902,0.987,-0.144,0.069],"_shiftlockState":true,"_pose":"FreeFall","_animationQueue":[],"_animationSpeed":1,"_zoom":6.576},{"_mousePosition":[683,384],"_rootPartCFrame":[753.653,225.15,42.89,0.127,0,-0.992,0,1,0,0.992,0,0.127],"_humanoidState":5,"_cameraCFrame":[751.138,232.585,45.073,0.161,0.891,-0.425,0,0.431,0.902,0.987,-0.145,0.069],"_shiftlockState":true,"_pose":"FreeFall","_animationQueue":[],"_animationSpeed":1,"_zoom":6.576},{"_mousePosition":[683,384],"_rootPartCFrame":[753.786,224.432,43.023,0.157,0,-0.988,0,1,0,0.988,0,0.157],"_humanoidState":5,"_cameraCFrame":[751.267,231.867,45.201,0.159,0.891,-0.425,0,0.431,0.902,0.987,-0.143,0.068],"_shiftlockState":true,"_pose":"FreeFall","_animationQueue":[],"_animationSpeed":1,"_zoom":6.576},{"_mousePosition":[683,384],"_rootPartCFrame":[753.901,223.858,43.102,0.158,0,-0.987,0,1,0,0.987,0,0.158],"_humanoidState":5,"_cameraCFrame":[751.164,231.286,45.02,0.06,0.9,-0.432,0,0.433,0.901,0.998,-0.054,0.026],"_shiftlockState":true,"_pose":"FreeFall","_animationQueue":[],"_animationSpeed":1,"_zoom":6.576},{"_mousePosition":[683,384],"_rootPartCFrame":[754.035,222.853,43.185,0.015,0,-1,0.006,1,0,1,-0.006,0.015],"_humanoidState":5,"_cameraCFrame":[750.507,230.146,43.717,-0.352,0.824,-0.443,0,0.473,0.881,0.936,0.31,-0.167],"_shiftlockState":true,"_pose":"FreeFall","_animationQueue":[],"_animationSpeed":1,"_zoom":6.576},{"_mousePosition":[683,384],"_rootPartCFrame":[753.739,222.028,43.206,-0.303,-0.005,-0.953,0.002,1,-0.006,0.953,-0.003,-0.303],"_humanoidState":5,"_cameraCFrame":[750.749,229.218,40.958,-0.906,0.367,-0.213,0,0.501,0.865,0.424,0.784,-0.454],"_shiftlockState":true,"_pose":"FreeFall","_animationQueue":[["fall",0.3]],"_animationSpeed":1,"_zoom":6.576},{"_mousePosition":[683,384],"_rootPartCFrame":[753.488,221.887,43.247,-0.913,-0.002,-0.409,-0.002,1,-0.001,0.409,0,-0.913],"_humanoidState":7,"_cameraCFrame":[752.798,229.17,39.727,-0.95,-0.274,0.148,0,0.476,0.879,-0.312,0.836,-0.452],"_shiftlockState":true,"_pose":"FreeFall","_animationQueue":[["walk",0.1],["fall",0.3],["fall",0.3]],"_animationSpeed":1,"_zoom":6.576},{"_mousePosition":[683,384],"_rootPartCFrame":[753.48,221.902,43.286,-0.939,-0.002,0.345,-0.001,1,0.002,-0.345,0.001,-0.939],"_humanoidState":7,"_cameraCFrame":[754.578,229.307,40.089,-0.641,-0.689,0.338,0,0.44,0.898,-0.768,0.575,-0.282],"_shiftlockState":true,"_pose":"FreeFall","_animationQueue":[],"_animationSpeed":1,"_zoom":6.576},{"_mousePosition":[683,384],"_rootPartCFrame":[753.478,221.862,43.299,-0.631,-0.001,0.776,0,1,0.001,-0.776,0,-0.631],"_humanoidState":8,"_cameraCFrame":[755.573,229.317,40.76,-0.315,-0.859,0.403,0,0.424,0.906,-0.949,0.285,-0.134],"_shiftlockState":true,"_pose":"Running","_animationQueue":[["walk",0.1],["fall",0.3],["walk",0.1]],"_animationSpeed":0.155,"_zoom":6.576},{"_mousePosition":[683,384],"_rootPartCFrame":[753.478,222.745,43.302,-0.311,0.001,0.95,0,1,-0.001,-0.95,0,-0.311],"_humanoidState":3,"_cameraCFrame":[755.782,230.182,40.903,-0.249,-0.874,0.416,0,0.43,0.903,-0.969,0.225,-0.107],"_shiftlockState":true,"_pose":"Jumping","_animationQueue":[["walk",0.1],["jump",0.1]],"_animationSpeed":1,"_zoom":6.576},{"_mousePosition":[683,384],"_rootPartCFrame":[753.463,223.387,43.309,-0.252,0.001,0.968,0,1,-0.001,-0.968,0,-0.252],"_humanoidState":5,"_cameraCFrame":[755.554,230.794,40.654,-0.352,-0.841,0.411,0,0.439,0.898,-0.936,0.316,-0.155],"_shiftlockState":true,"_pose":"FreeFall","_animationQueue":[["jump",0.1]],"_animationSpeed":1,"_zoom":6.576},{"_mousePosition":[683,384],"_rootPartCFrame":[753.396,224.389,43.302,-0.249,0,0.969,0,1,0,-0.969,0,-0.249],"_humanoidState":5,"_cameraCFrame":[755.077,231.775,40.328,-0.496,-0.777,0.387,0,0.446,0.895,-0.869,0.444,-0.221],"_shiftlockState":true,"_pose":"FreeFall","_animationQueue":[],"_animationSpeed":1,"_zoom":6.576},{"_mousePosition":[683,384],"_rootPartCFrame":[753.305,225.129,43.272,-0.633,0,0.774,0,1,0,-0.774,0,-0.633],"_humanoidState":5,"_cameraCFrame":[754.408,232.528,40.064,-0.642,-0.688,0.339,0,0.442,0.897,-0.766,0.576,-0.284],"_shiftlockState":true,"_pose":"FreeFall","_animationQueue":[["jump",0.1],["fall",0.3]],"_animationSpeed":1,"_zoom":6.576},{"_mousePosition":[683,384],"_rootPartCFrame":[753.192,225.815,43.213,-0.537,0,0.844,0,1,0,-0.844,0,-0.537],"_humanoidState":5,"_cameraCFrame":[754.212,233.23,40.008,-0.656,-0.679,0.33,0,0.437,0.9,-0.755,0.59,-0.286],"_shiftlockState":true,"_pose":"FreeFall","_animationQueue":[],"_animationSpeed":1,"_zoom":6.576},{"_mousePosition":[683,384],"_rootPartCFrame":[753.064,226.446,43.116,-0.55,0,0.835,0,1,0,-0.835,0,-0.55],"_humanoidState":5,"_cameraCFrame":[753.982,233.88,39.915,-0.673,-0.667,0.319,0,0.431,0.902,-0.74,0.607,-0.29],"_shiftlockState":true,"_pose":"FreeFall","_animationQueue":[],"_animationSpeed":1,"_zoom":6.576},{"_mousePosition":[683,384],"_rootPartCFrame":[752.958,226.884,43.02,-0.596,0,0.803,0,1,0,-0.803,0,-0.596],"_humanoidState":5,"_cameraCFrame":[753.761,234.338,39.825,-0.692,-0.654,0.306,0,0.424,0.905,-0.722,0.627,-0.294],"_shiftlockState":true,"_pose":"FreeFall","_animationQueue":[],"_animationSpeed":1,"_zoom":6.576},{"_mousePosition":[683,384],"_rootPartCFrame":[752.757,227.545,42.816,-0.563,0,0.827,0,1,0,-0.827,0,-0.563],"_humanoidState":5,"_cameraCFrame":[753.453,235.017,39.629,-0.71,-0.639,0.295,0,0.419,0.908,-0.704,0.645,-0.297],"_shiftlockState":true,"_pose":"FreeFall","_animationQueue":[],"_animationSpeed":1,"_zoom":6.576},{"_mousePosition":[683,384],"_rootPartCFrame":[752.575,228.013,42.626,-0.61,0,0.792,0,1,0,-0.792,0,-0.61],"_humanoidState":5,"_cameraCFrame":[753.167,235.503,39.451,-0.727,-0.626,0.283,0,0.413,0.911,-0.687,0.662,-0.3],"_shiftlockState":true,"_pose":"FreeFall","_animationQueue":[],"_animationSpeed":1,"_zoom":6.576},{"_mousePosition":[683,384],"_rootPartCFrame":[752.434,228.328,42.484,-0.655,0,0.756,0,1,0,-0.756,0,-0.655],"_humanoidState":5,"_cameraCFrame":[752.92,235.835,39.325,-0.744,-0.611,0.272,0,0.407,0.914,-0.668,0.68,-0.303],"_shiftlockState":true,"_pose":"FreeFall","_animationQueue":[],"_animationSpeed":1,"_zoom":6.576},{"_mousePosition":[683,384],"_rootPartCFrame":[752.192,228.785,42.255,-0.623,0,0.782,0,1,0,-0.782,0,-0.623],"_humanoidState":5,"_cameraCFrame":[752.56,236.307,39.108,-0.764,-0.591,0.259,0,0.402,0.916,-0.645,0.699,-0.307],"_shiftlockState":true,"_pose":"FreeFall","_animationQueue":[["fall",0.3]],"_animationSpeed":1,"_zoom":6.576},{"_mousePosition":[683,384],"_rootPartCFrame":[751.995,229.089,42.076,-0.671,0,0.741,0,1,0,-0.741,0,-0.671],"_humanoidState":5,"_cameraCFrame":[752.211,236.633,38.955,-0.788,-0.566,0.243,0,0.394,0.919,-0.615,0.724,-0.311],"_shiftlockState":true,"_pose":"FreeFall","_animationQueue":[],"_animationSpeed":1,"_zoom":6.576},{"_mousePosition":[683,384],"_rootPartCFrame":[751.843,229.282,41.946,-0.723,0,0.691,0,1,0,-0.691,0,-0.723],"_humanoidState":5,"_cameraCFrame":[751.852,236.852,38.87,-0.821,-0.528,0.22,0,0.385,0.923,-0.572,0.757,-0.316],"_shiftlockState":true,"_pose":"FreeFall","_animationQueue":[],"_animationSpeed":1,"_zoom":6.576},{"_mousePosition":[683,384],"_rootPartCFrame":[751.581,229.534,41.739,-0.714,0,0.7,0,1,0,-0.7,0,-0.714],"_humanoidState":5,"_cameraCFrame":[751.378,237.135,38.731,-0.852,-0.486,0.196,0,0.373,0.928,-0.524,0.79,-0.318],"_shiftlockState":true,"_pose":"FreeFall","_animationQueue":[],"_animationSpeed":1,"_zoom":6.576},{"_mousePosition":[683,384],"_rootPartCFrame":[751.363,229.675,41.585,-0.774,0,0.633,0,1,0,-0.633,0,-0.774],"_humanoidState":5,"_cameraCFrame":[750.987,237.299,38.642,-0.876,-0.449,0.176,0,0.364,0.931,-0.483,0.816,-0.319],"_shiftlockState":true,"_pose":"FreeFall","_animationQueue":[],"_animationSpeed":1,"_zoom":6.576},{"_mousePosition":[683,384],"_rootPartCFrame":[751.138,229.761,41.444,-0.804,0,0.595,0,1,0,-0.595,0,-0.804],"_humanoidState":5,"_cameraCFrame":[750.641,237.398,38.546,-0.892,-0.421,0.162,0,0.359,0.933,-0.451,0.