[{"_mousePosition":[1156,377],"_rootPartCFrame":[776.035,222.966,47.142,-0.002,-0.007,1,0,1,0.007,-1,0,-0.002],"_humanoidState":8,"_cameraCFrame":[776.199,233.045,45.59,-0.994,-0.11,0.02,0,0.179,0.984,-0.112,0.978,-0.178],"_shiftlockState":false,"_pose":"Standing","_animationQueue":[],"_animationSpeed":1,"_zoom":8.72},{"_mousePosition":[1156,377],"_rootPartCFrame":[775.865,222.877,47.123,0.009,-0.002,1,0,1,0.002,-1,0,0.009],"_humanoidState":8,"_cameraCFrame":[776.036,232.956,45.571,-0.994,-0.11,0.02,0,0.179,0.984,-0.112,0.978,-0.178],"_shiftlockState":false,"_pose":"Standing","_animationQueue":[],"_animationSpeed":1,"_zoom":8.72},{"_mousePosition":[1156,377],"_rootPartCFrame":[775.602,222.726,47.093,0.023,0,1,0,1,0,-1,0,0.023],"_humanoidState":8,"_cameraCFrame":[775.777,232.805,45.541,-0.994,-0.11,0.02,0,0.179,0.984,-0.112,0.978,-0.178],"_shiftlockState":false,"_pose":"Running","_animationQueue":[["walk",0.1]],"_animationSpeed":1,"_zoom":8.72},{"_mousePosition":[1156,377],"_rootPartCFrame":[775.336,222.613,47.064,0.035,0,0.999,0,1,0,-0.999,0,0.035],"_humanoidState":8,"_cameraCFrame":[775.511,232.692,45.512,-0.994,-0.11,0.02,0,0.179,0.984,-0.112,0.978,-0.178],"_shiftlockState":false,"_pose":"Running","_animationQueue":[["walk",0.1]],"_animationSpeed":1.104,"_zoom":8.72},{"_mousePosition":[1156,377],"_rootPartCFrame":[775.071,222.637,47.034,0.045,0,0.999,0,1,0,-0.999,0,0.045],"_humanoidState":8,"_cameraCFrame":[775.246,232.716,45.482,-0.994,-0.11,0.02,0,0.179,0.984,-0.112,0.978,-0.178],"_shiftlockState":false,"_pose":"Running","_animationQueue":[],"_animationSpeed":1.104,"_zoom":8.72},{"_mousePosition":[1156,377],"_rootPartCFrame":[774.806,222.664,47.004,0.054,0,0.999,0,1,0,-0.999,0,0.054],"_humanoidState":8,"_cameraCFrame":[773.242,232.743,45.257,-0.994,-0.11,0.02,0,0.179,0.984,-0.112,0.978,-0.178],"_shiftlockState":true,"_pose":"Running","_animationQueue":[],"_animationSpeed":1.104,"_zoom":8.72},{"_mousePosition":[683,384],"_rootPartCFrame":[774.541,222.68,46.974,-1,0,0.022,0,1,0,-0.022,0,-1],"_humanoidState":8,"_cameraCFrame":[772.977,232.759,45.227,-0.994,-0.11,0.02,0,0.179,0.984,-0.112,0.978,-0.178],"_shiftlockState":true,"_pose":"Running","_animationQueue":[["walk",0.1]],"_animationSpeed":1.104,"_zoom":8.72},{"_mousePosition":[683,384],"_rootPartCFrame":[774.276,222.689,46.944,-0.995,0,0.102,0,1,0,-0.102,0,-0.995],"_humanoidState":8,"_cameraCFrame":[772.712,232.768,45.197,-0.994,-0.11,0.02,0,0.179,0.984,-0.112,0.978,-0.178],"_shiftlockState":true,"_pose":"Running","_animationQueue":[],"_animationSpeed":1.104,"_zoom":8.72},{"_mousePosition":[683,384],"_rootPartCFrame":[774.011,222.694,46.915,-0.994,0,0.111,0,1,0,-0.111,0,-0.994],"_humanoidState":8,"_cameraCFrame":[772.444,232.774,45.176,-0.994,-0.109,0.02,0,0.178,0.984,-0.111,0.978,-0.177],"_shiftlockState":true,"_pose":"Running","_animationQueue":[],"_animationSpeed":1.104,"_zoom":8.72},{"_mousePosition":[683,384],"_rootPartCFrame":[773.68,222.697,46.877,-0.994,0,0.111,0,1,0,-0.111,0,-0.994],"_humanoidState":8,"_cameraCFrame":[772.108,232.78,45.156,-0.994,-0.107,0.019,0,0.177,0.984,-0.109,0.978,-0.176],"_shiftlockState":true,"_pose":"Running","_animationQueue":[],"_animationSpeed":1.104,"_zoom":8.72},{"_mousePosition":[683,384],"_rootPartCFrame":[773.415,222.698,46.848,-0.994,0,0.109,0,1,0,-0.109,0,-0.994],"_humanoidState":8,"_cameraCFrame":[771.834,232.786,45.158,-0.994,-0.104,0.018,0,0.174,0.985,-0.105,0.979,-0.173],"_shiftlockState":true,"_pose":"Running","_animationQueue":[],"_animationSpeed":1.104,"_zoom":8.72},{"_mousePosition":[683,384],"_rootPartCFrame":[773.216,222.699,46.826,-0.994,0,0.105,0,1,0,-0.105,0,-0.994],"_humanoidState":8,"_cameraCFrame":[771.63,232.786,45.141,-0.995,-0.101,0.018,0,0.174,0.985,-0.102,0.98,-0.173],"_shiftlockState":true,"_pose":"Running","_animationQueue":[],"_animationSpeed":1.104,"_zoom":8.72},{"_mousePosition":[683,384],"_rootPartCFrame":[772.885,222.699,46.791,-0.995,0,0.102,0,1,0,-0.102,0,-0.995],"_humanoidState":8,"_cameraCFrame":[771.295,232.787,45.109,-0.995,-0.099,0.017,0,0.174,0.985,-0.1,0.98,-0.173],"_shiftlockState":true,"_pose":"Running","_animationQueue":[],"_animationSpeed":1.104,"_zoom":8.72},{"_mousePosition":[683,384],"_rootPartCFrame":[772.686,222.699,46.77,-0.995,0,0.1,0,1,0,-0.1,0,-0.995],"_humanoidState":8,"_cameraCFrame":[771.093,232.787,45.092,-0.995,-0.097,0.017,0,0.174,0.985,-0.098,0.98,-0.173],"_shiftlockState":true,"_pose":"Running","_animationQueue":[["walk",0.1]],"_animationSpeed":1.104,"_zoom":8.72},{"_mousePosition":[683,384],"_rootPartCFrame":[772.354,222.7,46.737,-0.995,0,0.098,0,1,0,-0.098,0,-0.995],"_humanoidState":8,"_cameraCFrame":[770.759,232.787,45.06,-0.995,-0.096,0.017,0,0.174,0.985,-0.097,0.98,-0.173],"_shiftlockState":true,"_pose":"Running","_animationQueue":[],"_animationSpeed":1.104,"_zoom":8.72},{"_mousePosition":[683,384],"_rootPartCFrame":[772.089,222.7,46.711,-0.995,0,0.097,0,1,0,-0.097,0,-0.995],"_humanoidState":8,"_cameraCFrame":[770.491,232.787,45.037,-0.995,-0.094,0.016,0,0.174,0.985,-0.095,0.98,-0.173],"_shiftlockState":true,"_pose":"Running","_animationQueue":[],"_animationSpeed":1.104,"_zoom":8.72},{"_mousePosition":[683,384],"_rootPartCFrame":[771.823,222.7,46.685,-0.995,0,0.095,0,1,0,-0.095,0,-0.995],"_humanoidState":8,"_cameraCFrame":[770.223,232.787,45.013,-0.996,-0.093,0.016,0,0.174,0.985,-0.094,0.98,-0.173],"_shiftlockState":true,"_pose":"Running","_animationQueue":[],"_animationSpeed":1.104,"_zoom":8.72},{"_mousePosition":[683,384],"_rootPartCFrame":[771.558,222.7,46.659,-0.996,0,0.094,0,1,0,-0.094,0,-0.996],"_humanoidState":8,"_cameraCFrame":[769.958,232.787,44.987,-0.996,-0.093,0.016,0,0.174,0.985,-0.094,0.98,-0.173],"_shiftlockState":true,"_pose":"Running","_animationQueue":[],"_animationSpeed":1.104,"_zoom":8.72},{"_mousePosition":[683,384],"_rootPartCFrame":[771.359,222.7,46.64,-0.996,0,0.094,0,1,0,-0.094,0,-0.996],"_humanoidState":8,"_cameraCFrame":[769.759,232.787,44.968,-0.996,-0.093,0.016,0,0.174,0.985,-0.094,0.98,-0.173],"_shiftlockState":true,"_pose":"Running","_animationQueue":[],"_animationSpeed":1.104,"_zoom":8.72},{"_mousePosition":[683,384],"_rootPartCFrame":[771.027,222.7,46.609,-0.996,0,0.094,0,1,0,-0.094,0,-0.996],"_humanoidState":8,"_cameraCFrame":[769.431,232.787,44.934,-0.995,-0.095,0.017,0,0.174,0.985,-0.096,0.98,-0.173],"_shiftlockState":true,"_pose":"Running","_animationQueue":[],"_animationSpeed":1.104,"_zoom":8.72},{"_mousePosition":[683,384],"_rootPartCFrame":[770.762,222.7,46.584,-0.995,0,0.096,0,1,0,-0.096,0,-0.995],"_humanoidState":8,"_cameraCFrame":[769.172,232.787,44.902,-0.995,-0.099,0.017,0,0.174,0.985,-0.1,0.98,-0.173],"_shiftlockState":true,"_pose":"Running","_animationQueue":[["walk",0.1]],"_animationSpeed":1.104,"_zoom":8.72},{"_mousePosition":[683,384],"_rootPartCFrame":[770.497,222.7,46.558,-0.995,0,0.1,0,1,0,-0.1,0,-0.995],"_humanoidState":8,"_cameraCFrame":[768.919,232.787,44.865,-0.994,-0.106,0.019,0,0.174,0.985,-0.107,0.979,-0.173],"_shiftlockState":true,"_pose":"Running","_animationQueue":[],"_animationSpeed":1.104,"_zoom":8.72},{"_mousePosition":[683,384],"_rootPartCFrame":[770.231,222.7,46.532,-0.994,0,0.108,0,1,0,-0.108,0,-0.994],"_humanoidState":8,"_cameraCFrame":[768.679,232.787,44.815,-0.993,-0.12,0.021,0,0.174,0.985,-0.122,0.977,-0.172],"_shiftlockState":true,"_pose":"Running","_animationQueue":[],"_animationSpeed":1.104,"_zoom":8.72},{"_mousePosition":[683,384],"_rootPartCFrame":[769.966,222.7,46.504,-0.993,0,0.122,0,1,0,-0.122,0,-0.993],"_humanoidState":8,"_cameraCFrame":[768.445,232.787,44.76,-0.99,-0.138,0.024,0,0.174,0.985,-0.14,0.975,-0.172],"_shiftlockState":true,"_pose":"Running","_animationQueue":[],"_animationSpeed":1.104,"_zoom":8.72},{"_mousePosition":[683,384],"_rootPartCFrame":[769.635,222.645,46.468,-0.99,0,0.14,0,1,0,-0.14,0,-0.99],"_humanoidState":8,"_cameraCFrame":[768.148,232.733,44.694,-0.987,-0.157,0.028,0,0.174,0.985,-0.159,0.972,-0.171],"_shiftlockState":true,"_pose":"Running","_animationQueue":[],"_animationSpeed":1.104,"_zoom":8.72},{"_mousePosition":[683,384],"_rootPartCFrame":[769.369,223.518,46.439,-0.987,0,0.159,0,1,0,-0.159,0,-0.987],"_humanoidState":3,"_cameraCFrame":[767.909,233.606,44.644,-0.985,-0.171,0.03,0,0.174,0.985,-0.174,0.97,-0.171],"_shiftlockState":true,"_pose":"Jumping","_animationQueue":[["walk",0.1],["jump",0.1]],"_animationSpeed":1,"_zoom":8.72},{"_mousePosition":[683,384],"_rootPartCFrame":[769.106,224.34,46.399,-0.965,0,0.264,0,1,0,-0.264,0,-0.965],"_humanoidState":5,"_cameraCFrame":[767.665,234.428,44.588,-0.983,-0.181,0.032,0,0.174,0.985,-0.184,0.968,-0.171],"_shiftlockState":true,"_pose":"FreeFall","_animationQueue":[["jump",0.1]],"_animationSpeed":1,"_zoom":8.72},{"_mousePosition":[683,384],"_rootPartCFrame":[768.843,225.108,46.353,-0.951,0,0.309,0,1,0,-0.309,0,-0.951],"_humanoidState":5,"_cameraCFrame":[767.413,235.195,44.533,-0.982,-0.187,0.033,0,0.174,0.985,-0.19,0.967,-0.17],"_shiftlockState":true,"_pose":"FreeFall","_animationQueue":[],"_animationSpeed":1,"_zoom":8.72},{"_mousePosition":[683,384],"_rootPartCFrame":[768.581,225.821,46.304,-0.948,0,0.319,0,1,0,-0.319,0,-0.948],"_humanoidState":5,"_cameraCFrame":[767.157,235.908,44.48,-0.981,-0.19,0.034,0,0.174,0.985,-0.193,0.966,-0.17],"_shiftlockState":true,"_pose":"FreeFall","_animationQueue":[],"_animationSpeed":1,"_zoom":8.72},{"_mousePosition":[683,384],"_rootPartCFrame":[768.319,226.479,46.254,-0.947,0,0.322,0,1,0,-0.322,0,-0.947],"_humanoidState":5,"_cameraCFrame":[766.897,236.567,44.428,-0.981,-0.191,0.034,0,0.174,0.985,-0.194,0.966,-0.17],"_shiftlockState":true,"_pose":"FreeFall","_animationQueue":[],"_animationSpeed":1,"_zoom":8.72},{"_mousePosition":[683,384],"_rootPartCFrame":[768.057,227.083,46.202,-0.946,0,0.323,0,1,0,-0.323,0,-0.946],"_humanoidState":5,"_cameraCFrame":[766.635,237.171,44.377,-0.981,-0.191,0.034,0,0.174,0.985,-0.194,0.966,-0.17],"_shiftlockState":true,"_pose":"FreeFall","_animationQueue":[],"_animationSpeed":1,"_zoom":8.72},{"_mousePosition":[683,384],"_rootPartCFrame":[767.861,227.501,46.163,-0.957,0,0.291,0,1,0,-0.291,0,-0.957],"_humanoidState":5,"_cameraCFrame":[766.435,237.588,44.341,-0.981,-0.189,0.033,0,0.174,0.985,-0.192,0.966,-0.17],"_shiftlockState":true,"_pose":"FreeFall","_animationQueue":[],"_animationSpeed":1,"_zoom":8.72},{"_mousePosition":[683,384],"_rootPartCFrame":[767.534,228.128,46.099,-0.936,0,0.352,0,1,0,-0.352,0,-0.936],"_humanoidState":5,"_cameraCFrame":[766.103,238.215,44.28,-0.982,-0.186,0.033,0,0.174,0.985,-0.189,0.967,-0.171],"_shiftlockState":true,"_pose":"FreeFall","_animationQueue":[],"_animationSpeed":1,"_zoom":8.72},{"_mousePosition":[683,384],"_rootPartCFrame":[767.273,228.568,46.047,-0.948,0,0.318,0,1,0,-0.318,0,-0.948],"_humanoidState":5,"_cameraCFrame":[765.833,238.656,44.235,-0.983,-0.182,0.032,0,0.174,0.985,-0.185,0.968,-0.171],"_shiftlockState":true,"_pose":"FreeFall","_animationQueue":[],"_animationSpeed":1,"_zoom":8.72},{"_mousePosition":[683,384],"_rootPartCFrame":[767.011,228.954,45.997,-0.949,0,0.314,0,1,0,-0.314,0,-0.949],"_humanoidState":5,"_cameraCFrame":[765.56,239.042,44.194,-0.984,-0.176,0.031,0,0.174,0.985,-0.179,0.969,-0.171],"_shiftlockState":true,"_pose":"FreeFall","_animationQueue":[],"_animationSpeed":1,"_zoom":8.72},{"_mousePosition":[683,384],"_rootPartCFrame":[766.749,229.286,45.947,-0.951,0,0.308,0,1,0,-0.308,0,-0.951],"_humanoidState":5,"_cameraCFrame":[765.287,239.373,44.153,-0.985,-0.17,0.03,0,0.174,0.985,-0.173,0.97,-0.171],"_shiftlockState":true,"_pose":"FreeFall","_animationQueue":[],"_animationSpeed":1,"_zoom":8.72},{"_mousePosition":[683,384],"_rootPartCFrame":[766.487,229.563,45.899,-0.953,0,0.302,0,1,0,-0.302,0,-0.953],"_humanoidState":5,"_cameraCFrame":[765.013,239.651,44.114,-0.986,-0.164,0.029,0,0.174,0.985,-0.167,0.971,-0.171],"_shiftlockState":true,"_pose":"FreeFall","_animationQueue":[],"_animationSpeed":1,"_zoom":8.72},{"_mousePosition":[683,384],"_rootPartCFrame":[766.224,229.786,45.853,-0.955,0,0.296,0,1,0,-0.296,0,-0.955],"_humanoidState":5,"_cameraCFrame":[764.741,239.873,44.076,-0.987,-0.159,0.028,0,0.174,0.985,-0.161,0.972,-0.171],"_shiftlockState":true,"_pose":"FreeFall","_animationQueue":[],"_animationSpeed":1,"_zoom":8.72},{"_mousePosition":[683,384],"_rootPartCFrame":[765.961,229.954,45.808,-0.957,0,0.291,0,1,0,-0.291,0,-0.957],"_humanoidState":5,"_cameraCFrame":[764.473,240.041,44.036,-0.987,-0.156,0.027,0,0.174,0.985,-0.158,0.972,-0.171],"_shiftlockState":true,"_pose":"FreeFall","_animationQueue":[],"_animationSpeed":1,"_zoom":8.72},{"_mousePosition":[683,384],"_rootPartCFrame":[765.764,230.044,45.776,-0.967,0,0.256,0,1,0,-0.256,0,-0.967],"_humanoidState":5,"_cameraCFrame":[764.276,240.131,44.003,-0.987,-0.156,0.027,0,0.174,0.985,-0.158,0.972,-0.171],"_shiftlockState":true,"_pose":"FreeFall","_animationQueue":[],"_animationSpeed":1,"_zoom":8.72},{"_mousePosition":[683,384],"_rootPartCFrame":[765.435,230.126,45.723,-0.947,0,0.32,0,1,0,-0.32,0,-0.947],"_humanoidState":5,"_cameraCFrame":[763.947,240.214,43.95,-0.987,-0.156,0.027,0,0.174,0.985,-0.158,0.972,-0.171],"_shiftlockState":true,"_pose":"FreeFall","_animationQueue":[["fall",0.3]],"_animationSpeed":1,"_zoom":8.72},{"_mousePosition":[683,384],"_rootPartCFrame":[765.172,230.131,45.68,-0.958,0,0.288,0,1,0,-0.288,0,-0.958],"_humanoidState":5,"_cameraCFrame":[763.683,240.218,43.908,-0.987,-0.156,0.027,0,0.174,0.985,-0.158,0.972,-0.171],"_shiftlockState":true,"_pose":"FreeFall","_animationQueue":[],"_animationSpeed":1,"_zoom":8.72},{"_mousePosition":[683,384],"_rootPartCFrame":[764.908,230.081,45.638,-0.958,0,0.288,0,1,0,-0.288,0,-0.958],"_humanoidState":5,"_cameraCFrame":[763.413,240.168,43.872,-0.988,-0.152,0.027,0,0.174,0.985,-0.154,0.973,-0.172],"_shiftlockState":true,"_pose":"FreeFall","_animationQueue":[],"_animationSpeed":1,"_zoom":8.72},{"_mousePosition":[683,384],"_rootPartCFrame":[764.711,230.007,45.607,-0.968,0,0.252,0,1,0,-0.252,0,-0.968],"_humanoidState":5,"_cameraCFrame":[763.212,240.095,43.844,-0.988,-0.15,0.026,0,0.174,0.985,-0.152,0.973,-0.172],"_shiftlockState":true,"_pose":"FreeFall","_animationQueue":[],"_animationSpeed":1,"_zoom":8.72},{"_mousePosition":[683,384],"_rootPartCFrame":[764.382,229.817,45.555,-0.949,0,0.314,0,1,0,-0.314,0,-0.949],"_humanoidState":5,"_cameraCFrame":[762.882,239.905,43.792,-0.988,-0.15,0.026,0,0.174,0.985,-0.152,0.973,-0.172],"_shiftlockState":true,"_pose":"FreeFall","_animationQueue":[],"_animationSpeed":1,"_zoom":8.72},{"_mousePosition":[683,384],"_rootPartCFrame":[764.184,229.662,45.524,-0.968,0,0.25,0,1,0,-0.25,0,-0.968],"_humanoidState":5,"_cameraCFrame":[762.685,239.75,43.762,-0.988,-0.15,0.026,0,0.174,0.985,-0.152,0.973,-0.172],"_shiftlockState":true,"_pose":"FreeFall","_animationQueue":[],"_animationSpeed":1,"_zoom":8.72},{"_mousePosition":[683,384],"_rootPartCFrame":[763.92,229.408,45.484,-0.959,0,0.282,0,1,0,-0.282,0,-0.959],"_humanoidState":5,"_cameraCFrame":[762.421,239.495,43.721,-0.988,-0.15,0.026,0,0.174,0.985,-0.152,0.973,-0.172],"_shiftlockState":true,"_pose":"FreeFall","_animationQueue":[],"_animationSpeed":1,"_zoom":8.72},{"_mousePosition":[683,384],"_rootPartCFrame":[763.591,229.013,45.433,-0.949,0,0.314,0,1,0,-0.314,0,-0.949],"_humanoidState":5,"_cameraCFrame":[762.091,239.101,43.67,-0.988,-0.15,0.026,0,0.174,0.985,-0.152,0.973,-0.172],"_shiftlockState":true,"_pose":"FreeFall","_animationQueue":[["fall",0.3]],"_animationSpeed":1,"_zoom":8.72},{"_mousePosition":[683,384],"_rootPartCFrame":[763.327,228.636,45.393,-0.959,0,0.282,0,1,0,-0.282,0,-0.959],"_humanoidState":5,"_cameraCFrame":[761.828,238.724,43.63,-0.988,-0.15,0.026,0,0.174,0.985,-0.152,0.973,-0.172],"_shiftlockState":true,"_pose":"FreeFall","_animationQueue":[],"_animationSpeed":1,"_zoom":8.72},{"_mousePosition":[683,384],"_rootPartCFrame":[763.129,228.318,45.362,-0.968,0,0.25,0,1,0,-0.25,0,-0.968],"_humanoidState":5,"_cameraCFrame":[761.632,238.405,43.598,-0.988,-0.151,0.027,0,0.174,0.985,-0.153,0.973,-0.172],"_shiftlockState":true,"_pose":"FreeFall","_animationQueue":[],"_animationSpeed":1,"_zoom":8.72},{"_mousePosition":[683,384],"_rootPartCFrame":[762.8,227.719,45.311,-0.949,0,0.315,0,1,0,-0.315,0,-0.949],"_humanoidState":5,"_cameraCFrame":[761.348,237.801,43.486,-0.984,-0.173,0.031,0,0.177,0.984,-0.176,0.969,-0.174],"_shiftlockState":true,"_pose":"FreeFall","_animationQueue":[],"_animationSpeed":1,"_zoom":8.72},{"_mousePosition":[683,384],"_rootPartCFrame":[762.536,227.178,45.271,-0.952,0,0.305,0,1,0,-0.305,0,-0.952],"_humanoidState":5,"_cameraCFrame":[761.255,237.236,43.216,-0.969,-0.243,0.047,0,0.192,0.981,-0.248,0.951,-0.186],"_shiftlockState":true,"_pose":"FreeFall","_animationQueue":[],"_animationSpeed":1,"_zoom":8.72},{"_mousePosition":[683,384],"_rootPartCFrame":[762.274,226.583,45.225,-0.927,0,0.374,0,1,0,-0.374,0,-0.927],"_humanoidState":5,"_cameraCFrame":[761.274,236.616,42.924,-0.935,-0.347,0.073,0,0.206,0.979,-0.354,0.915,-0.193],"_shiftlockState":true,"_pose":"FreeFall","_animationQueue":[],"_animationSpeed":1,"_zoom":8.72},{"_mousePosition":[683,384],"_rootPartCFrame":[762.079,226.101,45.179,-0.895,0,0.446,0,1,0,-0.446,0,-0.895],"_humanoidState":5,"_cameraCFrame":[761.217,236.148,42.875,-0.908,-0.412,0.083,0,0.198,0.98,-0.42,0.89,-0.18],"_shiftlockState":true,"_pose":"FreeFall","_animationQueue":[],"_animationSpeed":1,"_zoom":8.72},{"_mousePosition":[683,384],"_rootPartCFrame":[761.765,225.23,45.07,-0.825,0,0.565,0,1,0,-0.565,0,-0.825],"_humanoidState":5,"_cameraCFrame":[760.889,235.309,42.893,-0.896,-0.436,0.079,0,0.179,0.984,-0.444,0.882,-0.161],"_shiftlockState":true,"_pose":"FreeFall","_animationQueue":[["fall",0.3]],"_animationSpeed":1,"_zoom":8.72},{"_mousePosition":[683,384],"_rootPartCFrame":[761.521,224.471,44.961,-0.829,0,0.559,0,1,0,-0.559,0,-0.829],"_humanoidState":5,"_cameraCFrame":[760.629,234.559,42.826,-0.895,-0.439,0.077,0,0.174,0.985,-0.445,0.882,-0.155],"_shiftlockState":true,"_pose":"FreeFall","_animationQueue":[],"_animationSpeed":1,"_zoom":8.72},{"_mousePosition":[683,384],"_rootPartCFrame":[761.408,223.658,44.847,-0.879,0,0.477,0,1,0,-0.477,0,-0.879],"_humanoidState":7,"_cameraCFrame":[760.493,233.746,42.722,-0.9,-0.429,0.076,0,0.174,0.985,-0.436,0.886,-0.156],"_shiftlockState":true,"_pose":"FreeFall","_animationQueue":[["walk",0.1],["fall",0.3],["fall",0.3]],"_animationSpeed":1,"_zoom":8.72},{"_mousePosition":[683,384],"_rootPartCFrame":[761.471,223.522,44.729,-0.899,0,0.438,0,1,0,-0.438,0,-0.899],"_humanoidState":7,"_cameraCFrame":[760.492,233.61,42.632,-0.913,-0.402,0.071,0,0.174,0.985,-0.409,0.899,-0.158],"_shiftlockState":true,"_pose":"FreeFall","_animationQueue":[],"_animationSpeed":1,"_zoom":8.72},{"_mousePosition":[683,384],"_rootPartCFrame":[761.564,223.633,44.613,-0.913,0,0.409,0,1,0,-0.409,0,-0.913],"_humanoidState":8,"_cameraCFrame":[760.507,233.721,42.554,-0.928,-0.368,0.065,0,0.174,0.985,-0.374,0.913,-0.161],"_shiftlockState":true,"_pose":"Running","_animationQueue":[["walk",0.1],["fall",0.3],["walk",0.1]],"_animationSpeed":1.119,"_zoom":8.72},{"_mousePosition":[683,384],"_rootPartCFrame":[761.657,224.507,44.496,-0.927,0,0.374,0,1,0,-0.374,0,-0.927],"_humanoidState":3,"_cameraCFrame":[760.543,234.594,42.468,-0.938,-0.342,0.06,0,0.174,0.985,-0.347,0.923,-0.163],"_shiftlockState":true,"_pose":"Jumping","_animationQueue":[["walk",0.1],["jump",0.1]],"_animationSpeed":1,"_zoom":8.72},{"_mousePosition":[683,384],"_rootPartCFrame":[761.726,225.329,44.381,-0.902,0,0.432,0,1,0,-0.432,0,-0.902],"_humanoidState":5,"_cameraCFrame":[760.54,235.416,42.394,-0.949,-0.309,0.054,0,0.174,0.985,-0.314,0.935,-0.165],"_shiftlockState":true,"_pose":"FreeFall","_animationQueue":[["jump",0.1]],"_animationSpeed":1,"_zoom":8.72},{"_mousePosition":[683,384],"_rootPartCFrame":[761.755,226.096,44.269,-0.901,0,0.433,0,1,0,-0.433,0,-0.901],"_humanoidState":5,"_cameraCFrame":[760.501,236.184,42.324,-0.96,-0.277,0.049,0,0.174,0.985,-0.281,0.945,-0.167],"_shiftlockState":true,"_pose":"FreeFall","_animationQueue":[],"_animationSpeed":1,"_zoom":8.72},{"_mousePosition":[683,384],"_rootPartCFrame":[761.744,226.809,44.16,-0.914,0,0.405,0,1,0,-0.405,0,-0.914],"_humanoidState":5,"_cameraCFrame":[760.437,236.897,42.25,-0.967,-0.251,0.044,0,0.174,0.985,-0.255,0.952,-0.168],"_shiftlockState":true,"_pose":"FreeFall","_animationQueue":[],"_animationSpeed":1,"_zoom":8.72},{"_mousePosition":[683,384],"_rootPartCFrame":[761.71,227.308,44.081,-0.937,0,0.35,0,1,0,-0.35,0,-0.937],"_humanoidState":5,"_cameraCFrame":[760.35,237.396,42.209,-0.974,-0.224,0.039,0,0.174,0.985,-0.227,0.959,-0.169],"_shiftlockState":true,"_pose":"FreeFall","_animationQueue":[],"_animationSpeed":1,"_zoom":8.72},{"_mousePosition":[683,384],"_rootPartCFrame":[761.605,228.072,43.959,-0.923,0,0.385,0,1,0,-0.385,0,-0.923],"_humanoidState":5,"_cameraCFrame":[760.185,238.159,42.131,-0.981,-0.192,0.034,0,0.174,0.985,-0.195,0.966,-0.17],"_shiftlockState":true,"_pose":"FreeFall","_animationQueue":[],"_animationSpeed":1,"_zoom":8.72},{"_mousePosition":[683,384],"_rootPartCFrame":[761.477,228.621,43.869,-0.946,0,0.324,0,1,0,-0.324,0,-0.946],"_humanoidState":5,"_cameraCFrame":[759.988,238.709,42.097,-0.987,-0.156,0.027,0,0.174,0.985,-0.158,0.972,-0.171],"_shiftlockState":true,"_pose":"FreeFall","_animationQueue":[],"_animationSpeed":1,"_zoom":8.72},{"_mousePosition":[683,384],"_rootPartCFrame":[761.31,229.116,43.79,-0.958,0,0.288,0,1,0,-0.288,0,-0.958],"_humanoidState":5,"_cameraCFrame":[759.744,239.204,42.086,-0.994,-0.112,0.02,0,0.174,0.985,-0.114,0.978,-0.173],"_shiftlockState":true,"_pose":"FreeFall","_animationQueue":[],"_animationSpeed":1,"_zoom":8.72},{"_mousePosition":[683,384],"_rootPartCFrame":[761.106,229.557,43.724,-0.97,0,0.245,0,1,0,-0.245,0,-0.97],"_humanoidState":5,"_cameraCFrame":[759.454,239.644,42.103,-0.998,-0.062,0.011,0,0.174,0.985,-0.063,0.983,-0.173],"_shiftlockState":true,"_pose":"FreeFall","_animationQueue":[],"_animationSpeed":1,"_zoom":8.72},{"_mousePosition":[683,384],"_rootPartCFrame":[760.867,229.943,43.677,-0.981,0,0.195,0,1,0,-0.195,0,-0.981],"_humanoidState":5,"_cameraCFrame":[759.135,240.03,42.143,-1,-0.011,0.002,0,0.174,0.985,-0.011,0.985,-0.174],"_shiftlockState":true,"_pose":"FreeFall","_animationQueue":[],"_animationSpeed":1,"_zoom":8.72},{"_mousePosition":[683,384],"_rootPartCFrame":[760.605,230.274,43.654,-0.99,0,0.144,0,1,0,-0.144,0,-0.99],"_humanoidState":5,"_cameraCFrame":[758.784,240.362,42.226,-0.999,0.048,-0.008,0,0.174,0.985,0.048,0.984,-0.173],"_shiftlockState":true,"_pose":"FreeFall","_animationQueue":[],"_animationSpeed":1,"_zoom":8.72},{"_mousePosition":[683,384],"_rootPartCFrame":[760.339,230.551,43.649,-0.996,0,0.085,0,1,0,-0.085,0,-0.996],"_humanoidState":5,"_cameraCFrame":[758.43,240.639,42.34,-0.994,0.11,-0.019,0,0.174,0.985,0.112,0.979,-0.173],"_shiftlockState":true,"_pose":"FreeFall","_animationQueue":[],"_animationSpeed":1,"_zoom":8.72},{"_mousePosition":[683,384],"_rootPartCFrame":[760.139,230.723,43.656,-1,0,-0.012,0,1,0,0.012,0,-1],"_humanoidState":5,"_cameraCFrame":[758.152,240.811,42.47,-0.985,0.172,-0.03,0,0.174,0.985,0.174,0.97,-0.171],"_shiftlockState":true,"_pose":"FreeFall","_animationQueue":[],"_animationSpeed":1,"_zoom":8.72},{"_mousePosition":[683,384],"_rootPartCFrame":[759.807,230.942,43.69,-1,0,-0.008,0,1,0,0.008,0,-1],"_humanoidState":5,"_cameraCFrame":[757.744,241.029,42.642,-0.971,0.237,-0.042,0,0.174,0.985,0.241,0.956,-0.169],"_shiftlockState":true,"_pose":"FreeFall","_animationQueue":[],"_animationSpeed":1,"_zoom":8.72},{"_mousePosition":[683,384],"_rootPartCFrame":[759.61,231.032,43.723,-0.99,0,-0.143,0,1,0,0.143,0,-0.99],"_humanoidState":5,"_cameraCFrame":[757.48,241.12,42.817,-0.952,0.302,-0.053,0,0.174,0.985,0.306,0.938,-0.165],"_shiftlockState":true,"_pose":"FreeFall","_animationQueue":[],"_animationSpeed":1,"_zoom":8.72},{"_mousePosition":[683,384],"_rootPartCFrame":[759.286,231.114,43.799,-0.99,0,-0.144,0,1,0,0.144,0,-0.99],"_humanoidState":5,"_cameraCFrame":[757.09,241.202,43.068,-0.924,0.376,-0.066,0,0.174,0.985,0.382,0.91,-0.16],"_shiftlockState":true,"_pose":"FreeFall","_animationQueue":[["fall",0.3]],"_animationSpeed":1,"_zoom":8.72},{"_mousePosition":[683,384],"_rootPartCFrame":[759.031,231.119,43.878,-0.967,0,-0.256,0,1,0,0.256,0,-0.967],"_humanoidState":5,"_cameraCFrame":[756.78,241.206,43.34,-0.888,0.454,-0.08,0,0.174,0.985,0.461,0.874,-0.154],"_shiftlockState":true,"_pose":"FreeFall","_animationQueue":[],"_animationSpeed":1,"_zoom":8.72},{"_mousePosition":[683,384],"_rootPartCFrame":[758.783,231.069,43.975,-0.941,0,-0.339,0,1,0,0.339,0,-0.941],"_humanoidState":5,"_cameraCFrame":[756.49,241.155,43.631,-0.844,0.529,-0.094,0,0.174,0.985,0.537,0.831,-0.147],"_shiftlockState":true,"_pose":"FreeFall","_animationQueue":[],"_animationSpeed":1,"_zoom":8.72},{"_mousePosition":[683,384],"_rootPartCFrame":[758.544,230.964,44.093,-0.908,0,-0.42,0,1,0,0.42,0,-0.908],"_humanoidState":5,"_cameraCFrame":[756.23,241.05,43.888,-0.808,0.58,-0.103,0,0.175,0.985,0.589,0.796,-0.142],"_shiftlockState":true,"_pose":"FreeFall","_animationQueue":[],"_animationSpeed":1,"_zoom":8.72},{"_mousePosition":[683,384],"_rootPartCFrame":[758.316,230.805,44.231,-0.879,0,-0.476,0,1,0,0.476,0,-0.879],"_humanoidState":5,"_cameraCFrame":[755.985,240.887,44.073,-0.792,0.601,-0.108,0,0.178,0.984,0.611,0.779,-0.141],"_shiftlockState":true,"_pose":"FreeFall","_animationQueue":[],"_animationSpeed":1,"_zoom":8.72},{"_mousePosition":[683,384],"_rootPartCFrame":[757.962,231.003,44.378,-0.812,0,-0.583,0,1,0,0.583,0,-0.812],"_humanoidState":7,"_cameraCFrame":[755.604,241.076,44.152,-0.8,0.59,-0.11,0,0.183,0.983,0.601,0.786,-0.146],"_shiftlockState":true,"_pose":"FreeFall","_animationQueue":[["walk",0.1],["fall",0.3],["fall",0.3]],"_animationSpeed":1,"_zoom":8.72},{"_mousePosition":[683,384],"_rootPartCFrame":[757.402,231.244,44.533,-0.801,0,-0.599,0,1,0,0.599,0,-0.801],"_humanoidState":7,"_cameraCFrame":[754.958,241.271,43.887,-0.854,0.509,-0.109,0,0.209,0.978,0.521,0.835,-0.179],"_shiftlockState":true,"_pose":"FreeFall","_animationQueue":[],"_animationSpeed":1,"_zoom":8.72},{"_mousePosition":[683,384],"_rootPartCFrame":[756.7,231.396,44.693,-0.854,0,-0.521,0,1,0,0.521,0,-0.854],"_humanoidState":8,"_cameraCFrame":[754.319,241.335,43.207,-0.943,0.322,-0.084,0,0.252,0.968,0.333,0.913,-0.237],"_shiftlockState":true,"_pose":"Running","_animationQueue":[["fall",0.3],["walk",0.1],["fall",0.3],["walk",0.1]],"_animationSpeed":0.869,"_zoom":8.72},{"_mousePosition":[683,384],"_rootPartCFrame":[755.974,231.484,44.835,-0.946,0,-0.324,0,1,0,0.324,0,-0.946],"_humanoidState":8,"_cameraCFrame":[754.114,241.328,42.382,-0.999,0.042,-0.013,0,0.29,0.957,0.044,0.956,-0.29],"_shiftlockState":true,"_pose":"Running","_animationQueue":[["walk",0.1]],"_animationSpeed":1.098,"_zoom":8.72},{"_mousePosition":[683,384],"_rootPartCFrame":[755.327,231.532,45.047,-1,0,-0.027,0,1,0,0.027,0,-1],"_humanoidState":8,"_cameraCFrame":[754.258,241.31,41.976,-0.973,-0.22,0.073,0,0.314,0.949,-0.231,0.924,-0.306],"_shiftlockState":true,"_pose":"Running","_animationQueue":[],"_animationSpeed":1.098,"_zoom":8.72},{"_mousePosition":[683,384],"_rootPartCFrame":[754.656,231.557,45.249,-0.969,0,0.248,0,1,0,-0.248,0,-0.969],"_humanoidState":8,"_cameraCFrame":[754.661,241.276,41.851,-0.857,-0.486,0.172,0,0.334,0.943,-0.516,0.807,-0.286],"_shiftlockState":true,"_pose":"Running","_animationQueue":[],"_animationSpeed":1.098,"_zoom":8.72},{"_mousePosition":[683,384],"_rootPartCFrame":[754.117,231.568,45.362,-0.849,0,0.528,0,1,0,-0.528,0,-0.849],"_humanoidState":8,"_cameraCFrame":[755.257,241.252,42.07,-0.653,-0.711,0.262,0,0.345,0.938,-0.758,0.613,-0.226],"_shiftlockState":true,"_pose":"Running","_animationQueue":[],"_animationSpeed":1.098,"_zoom":8.72},{"_mousePosition":[683,384],"_rootPartCFrame":[752.985,231.58,45.471,-0.63,0,0.777,0,1,0,-0.777,0,-0.63],"_humanoidState":8,"_cameraCFrame":[754.797,241.266,42.502,-0.475,-0.826,0.303,0,0.345,0.939,-0.88,0.446,-0.164],"_shiftlockState":true,"_pose":"Running","_animationQueue":[],"_animationSpeed":1.098,"_zoom":8.72},{"_mousePosition":[683,384],"_rootPartCFrame":[752.431,231.563,45.519,-0.462,0,0.887,0,1,0,-0.887,0,-0.462],"_humanoidState":8,"_cameraCFrame":[754.77,241.261,42.984,-0.289,-0.9,0.326,0,0.341,0.94,-0.957,0.272,-0.099],"_shiftlockState":true,"_pose":"Running","_animationQueue":[["walk",0.1]],"_animationSpeed":3.151,"_zoom":8.72},{"_mousePosition":[683,384],"_rootPartCFrame":[751.727,231.494,45.584,-0.27,0,0.963,0,1,0,-0.963,0,-0.27],"_humanoidState":8,"_cameraCFrame":[754.389,241.194,43.399,-0.153,-0.929,0.336,0,0.34,0.94,-0.988,0.144,-0.052],"_shiftlockState":true,"_pose":"Running","_animationQueue":[["walk",0.1]],"_animationSpeed":3.151,"_zoom":8.72},{"_mousePosition":[683,384],"_rootPartCFrame":[751.062,231.369,45.648,-0.133,0,0.991,0,1,0,-0.991,0,-0.133],"_humanoidState":8,"_cameraCFrame":[753.929,241.067,43.729,-0.058,-0.939,0.34,0,0.341,0.94,-0.998,0.054,-0.02],"_shiftlockState":true,"_pose":"Running","_animationQueue":[["walk",0.1]],"_animationSpeed":2.864,"_zoom":8.72},{"_mousePosition":[683,384],"_rootPartCFrame":[750.437,231.19,45.712,-0.038,0,0.999,0,1,0,-0.999,0,-0.038],"_humanoidState":8,"_cameraCFrame":[753.395,240.883,43.915,-0.016,-0.939,0.342,0,0.342,0.94,-1,0.015,-0.005],"_shiftlockState":true,"_pose":"Running","_animationQueue":[["walk",0.1]],"_animationSpeed":2.701,"_zoom":8.72},{"_mousePosition":[683,384],"_rootPartCFrame":[749.828,232.053,45.777,0.004,0,1,0,1,0,-1,0,0.004],"_humanoidState":3,"_cameraCFrame":[752.814,241.741,44.004,-0.007,-0.939,0.344,0,0.344,0.939,-1,0.007,-0.003],"_shiftlockState":true,"_pose":"Jumping","_animationQueue":[["walk",0.1],["jump",0.1]],"_animationSpeed":1,"_zoom":8.72},{"_mousePosition":[683,384],"_rootPartCFrame":[749.385,232.665,45.822,-0.002,0,1,0,1,0,-1,0,-0.002],"_humanoidState":5,"_cameraCFrame":[752.378,242.35,44.05,-0.007,-0.939,0.345,0,0.345,0.939,-1,0.007,-0.003],"_shiftlockState":true,"_pose":"FreeFall","_animationQueue":[["jump",0.1]],"_animationSpeed":1,"_zoom":8.72},{"_mousePosition":[683,384],"_rootPartCFrame":[748.696,233.616,45.89,-0.006,0,1,0,1,0,-1,0,-0.006],"_humanoidState":5,"_cameraCFrame":[751.689,243.301,44.117,-0.007,-0.939,0.345,0,0.345,0.939,-1,0.007,-0.003],"_shiftlockState":true,"_pose":"FreeFall","_animationQueue":[],"_animationSpeed":1,"_zoom":8.72},{"_mousePosition":[683,384],"_rootPartCFrame":[748.189,234.315,45.936,-0.008,0,1,0,1,0,-1,0,-0.008],"_humanoidState":5,"_cameraCFrame":[751.181,244,44.16,-0.009,-0.939,0.345,0,0.345,0.939,-1,0.008,-0.003],"_shiftlockState":true,"_pose":"FreeFall","_animationQueue":[["jump",0.1]],"_animationSpeed":1,"_zoom":8.72},{"_mousePosition":[683,384],"_rootPartCFrame":[747.721,234.96,45.977,-0.009,0,1,0,1,0,-1,0,-0.009],"_humanoidState":5,"_cameraCFrame":[750.713,244.645,44.201,-0.009,-0.939,0.345,0,0.345,0.939,-1,0.008,-0.003],"_shiftlockState":true,"_pose":"FreeFall","_animationQueue":[],"_animationSpeed":1,"_zoom":8.72},{"_mousePosition":[683,384],"_rootPartCFrame":[747.293,235.55,46.015,-0.009,0,1,0,1,0,-1,0,-0.009],"_humanoidState":5,"_cameraCFrame":[750.285,245.235,44.239,-0.009,-0.939,0.345,0,0.345,0.939,-1,0.008,-0.003],"_shiftlockState":true,"_pose":"FreeFall","_animationQueue":[],"_animationSpeed":1,"_zoom":8.72},{"_mousePosition":[683,384],"_rootPartCFrame":[746.904,236.086,46.049,-0.009,0,1,0,1,0,-1,0,-0.009],"_humanoidState":5,"_cameraCFrame":[749.896,245.771,44.273,-0.009,-0.939,0.345,0,0.345,0.939,-1,0.008,-0.003],"_shiftlockState":true,"_pose":"FreeFall","_animationQueue":[],"_animationSpeed":1,"_zoom":8.72},{"_mousePosition":[683,384],"_rootPartCFrame":[746.555,236.567,46.08,-0.009,0,1,0,1,0,-1,0,-0.009],"_humanoidState":5,"_cameraCFrame":[749.547,246.252,44.304,-0.009,-0.939,0.345,0,0.345,0.939,-1,0.008,-0.003],"_shiftlockState":true,"_pose":"FreeFall","_animationQueue":[],"_animationSpeed":1,"_zoom":8.72},{"_mousePosition":[683,384],"_rootPartCFrame":[746.246,236.994,46.107,-0.009,0,1,0,1,0,-1,0,-0.009],"_humanoidState":5,"_cameraCFrame":[749.238,246.679,44.331,-0.009,-0.939,0.345,0,0.345,0.939,-1,0.008,-0.003],"_shiftlockState":true,"_pose":"FreeFall","_animationQueue":[],"_animationSpeed":1,"_zoom":8.72},{"_mousePosition":[683,384],"_rootPartCFrame":[745.976,237.367,46.131,-0.009,0,1,0,1,0,-1,0,-0.009],"_humanoidState":5,"_cameraCFrame":[748.968,247.052,44.354,-0.009,-0.939,0.345,0,0.345,0.939,-1,0.008,-0.003],"_shiftlockState":true,"_pose":"FreeFall","_animationQueue":[],"_animationSpeed":1,"_zoom":8.72},{"_mousePosition":[683,384],"_rootPartCFrame":[745.746,237.684,46.151,-0.009,0,1,0,1,0,-1,0,-0.009],"_humanoidState":5,"_cameraCFrame":[748.738,247.369,44.375,-0.009,-0.939,0.345,0,0.345,0.939,-1,0.008,-0.003],"_shiftlockState":true,"_pose":"FreeFall","_animationQueue":[["fall",0.3]],"_animationSpeed":1,"_zoom":8.72},{"_mousePosition":[683,384],"_rootPartCFrame":[745.555,237.948,46.167,-0.009,0,1,0,1,0,-1,0,-0.009],"_humanoidState":5,"_cameraCFrame":[748.547,247.633,44.391,-0.009,-0.939,0.345,0,0.345,0.939,-1,0.008,-0.003],"_shiftlockState":true,"_pose":"FreeFall","_animationQueue":[],"_animationSpeed":1,"_zoom":8.72},{"_mousePosition":[683,384],"_rootPartCFrame":[745.404,238.157,46.181,-0.009,0,1,0,1,0,-1,0,-0.009],"_humanoidState":5,"_cameraCFrame":[748.396,247.842,44.405,-0.009,-0.939,0.345,0,0.345,0.939,-1,0.008,-0.003],"_shiftlockState":true,"_pose":"FreeFall","_animationQueue":[],"_animationSpeed":1,"_zoom":8.72},{"_mousePosition":[683,384],"_rootPartCFrame":[745.292,238.311,46.19,-0.009,0,1,0,1,0,-1,0,-0.009],"_humanoidState":5,"_cameraCFrame":[748.284,247.996,44.414,-0.009,-0.939,0.345,0,0.345,0.939,-1,0.008,-0.003],"_shiftlockState":true,"_pose":"FreeFall","_animationQueue":[],"_animationSpeed":1,"_zoom":8.72},{"_mousePosition":[683,384],"_rootPartCFrame":[745.22,238.411,46.197,-0.009,0,1,0,1,0,-1,0,-0.009],"_humanoidState":5,"_cameraCFrame":[748.212,248.096,44.421,-0.009,-0.939,0.345,0,0.345,0.939,-1,0.008,-0.003],"_shiftlockState":true,"_pose":"FreeFall","_animationQueue":[],"_animationSpeed":1,"_zoom":8.72},{"_mousePosition":[683,384],"_rootPartCFrame":[745.187,238.456,46.2,-0.009,0,1,0,1,0,-1,0,-0.009],"_humanoidState":5,"_cameraCFrame":[748.179,248.141,44.424,-0.009,-0.939,0.345,0,0.345,0.939,-1,0.008,-0.003],"_shiftlockState":true,"_pose":"FreeFall","_animationQueue":[],"_animationSpeed":1,"_zoom":8.72},{"_mousePosition":[683,384],"_rootPartCFrame":[745.184,238.447,46.2,-0.009,0,1,0,1,0,-1,0,-0.009],"_humanoidState":5,"_cameraCFrame":[748.176,248.132,44.424,-0.009,-0.939,0.345,0,0.345,0.939,-1,0.008,-0.003],"_shiftlockState":true,"_pose":"FreeFall","_animationQueue":[["fall",0.3]],"_animationSpeed":1,"_zoom":8.72},{"_mousePosition":[683,384],"_rootPartCFrame":[745.158,238.359,46.227,-0.105,0,0.994,0,1,0,-0.994,0,-0.105],"_humanoidState":5,"_cameraCFrame":[748.15,248.044,44.451,-0.009,-0.939,0.345,0,0.345,0.939,-1,0.008,-0.003],"_shiftlockState":true,"_pose":"FreeFall","_animationQueue":[["fall",0.3]],"_animationSpeed":1,"_zoom":8.72},{"_mousePosition":[683,384],"_rootPartCFrame":[745.105,238.227,46.28,-0.111,0,0.994,0,1,0,-0.994,0,-0.111],"_humanoidState":5,"_cameraCFrame":[748.097,247.912,44.504,-0.009,-0.939,0.345,0,0.345,0.939,-1,0.008,-0.003],"_shiftlockState":true,"_pose":"FreeFall","_animationQueue":[],"_animationSpeed":1,"_zoom":8.72},{"_mousePosition":[683,384],"_rootPartCFrame":[745.047,238.093,46.338,-0.087,0,0.996,0,1,0,-0.996,0,-0.087],"_humanoidState":5,"_cameraCFrame":[748.046,247.775,44.562,-0.009,-0.938,0.346,0,0.346,0.938,-1,0.008,-0.003],"_shiftlockState":true,"_pose":"FreeFall","_animationQueue":[],"_animationSpeed":1,"_zoom":8.72},{"_mousePosition":[683,384],"_rootPartCFrame":[744.917,237.8,46.471,-0.009,0,1,0,1,0,-1,0,-0.009],"_humanoidState":5,"_cameraCFrame":[747.92,247.481,44.695,-0.009,-0.938,0.346,0,0.346,0.938,-1,0.008,-0.003],"_shiftlockState":true,"_pose":"FreeFall","_animationQueue":[["fall",0.3]],"_animationSpeed":1,"_zoom":8.72},{"_mousePosition":[683,384],"_rootPartCFrame":[744.74,237.422,46.598,-0.043,0,0.999,0,1,0,-0.999,0,-0.043],"_humanoidState":5,"_cameraCFrame":[747.742,247.104,44.822,-0.009,-0.938,0.346,0,0.346,0.938,-1,0.008,-0.003],"_shiftlockState":true,"_pose":"FreeFall","_animationQueue":[],"_animationSpeed":1,"_zoom":8.72},{"_mousePosition":[683,384],"_rootPartCFrame":[744.563,237.059,46.672,-0.011,0,1,0,1,0,-1,0,-0.011],"_humanoidState":5,"_cameraCFrame":[747.565,246.74,44.896,-0.009,-0.938,0.346,0,0.346,0.938,-1,0.008,-0.003],"_shiftlockState":true,"_pose":"FreeFall","_animationQueue":[],"_animationSpeed":1,"_zoom":8.72},{"_mousePosition":[683,384],"_rootPartCFrame":[744.41,236.751,46.712,-0.009,0,1,0,1,0,-1,0,-0.009],"_humanoidState":5,"_cameraCFrame":[747.413,246.432,44.936,-0.009,-0.938,0.346,0,0.346,0.938,-1,0.008,-0.003],"_shiftlockState":true,"_pose":"FreeFall","_animationQueue":[],"_animationSpeed":1,"_zoom":8.72},{"_mousePosition":[683,384],"_rootPartCFrame":[744.179,236.292,46.742,-0.009,0,1,0,1,0,-1,0,-0.009],"_humanoidState":5,"_cameraCFrame":[747.181,245.973,44.966,-0.009,-0.938,0.346,0,0.346,0.938,-1,0.008,-0.003],"_shiftlockState":true,"_pose":"FreeFall","_animationQueue":[["fall",0]],"_animationSpeed":1,"_zoom":8.72},{"_mousePosition":[683,384],"_rootPartCFrame":[743.919,235.779,46.751,-0.009,0,1,0,1,0,-1,0,-0.009],"_humanoidState":5,"_cameraCFrame":[746.922,245.46,44.974,-0.009,-0.938,0.346,0,0.346,0.938,-1,0.008,-0.003],"_shiftlockState":true,"_pose":"FreeFall","_animationQueue":[],"_animationSpeed":1,"_zoom":8.72},{"_mousePosition":[683,384],"_rootPartCFrame":[743.664,235.211,46.777,-0.081,0,0.997,0,1,0,-0.997,0,-0.081],"_humanoidState":5,"_cameraCFrame":[746.666,244.892,45.001,-0.009,-0.938,0.346,0,0.346,0.938,-1,0.008,-0.003],"_shiftlockState":true,"_pose":"FreeFall","_animationQueue":[["fall",0.3]],"_animationSpeed":1,"_zoom":8.72},{"_mousePosition":[683,384],"_rootPartCFrame":[743.423,234.589,46.839,-0.109,0,0.994,0,1,0,-0.994,0,-0.109],"_humanoidState":5,"_cameraCFrame":[746.426,244.27,45.063,-0.009,-0.938,0.346,0,0.346,0.938,-1,0.008,-0.003],"_shiftlockState":true,"_pose":"FreeFall","_animationQueue":[],"_animationSpeed":1,"_zoom":8.72},{"_mousePosition":[683,384],"_rootPartCFrame":[743.144,233.734,46.969,-0.139,0,0.99,0,1,0,-0.99,0,-0.139],"_humanoidState":5,"_cameraCFrame":[746.147,243.415,45.193,-0.009,-0.938,0.346,0,0.346,0.938,-1,0.008,-0.003],"_shiftlockState":true,"_pose":"FreeFall","_animationQueue":[],"_animationSpeed":1,"_zoom":8.72},{"_mousePosition":[683,384],"_rootPartCFrame":[742.989,233.181,47.075,-0.087,0,0.996,0,1,0,-0.996,0,-0.087],"_humanoidState":5,"_cameraCFrame":[745.991,242.862,45.299,-0.009,-0.938,0.346,0,0.346,0.938,-1,0.008,-0.003],"_shiftlockState":true,"_pose":"FreeFall","_animationQueue":[],"_animationSpeed":1,"_zoom":8.72},{"_mousePosition":[683,384],"_rootPartCFrame":[742.794,232.395,47.247,-0.113,0,0.994,0,1,0,-0.994,0,-0.113],"_humanoidState":5,"_cameraCFrame":[745.797,242.076,45.471,-0.009,-0.938,0.346,0,0.346,0.938,-1,0.008,-0.003],"_shiftlockState":true,"_pose":"FreeFall","_animationQueue":[],"_animationSpeed":1,"_zoom":8.72},{"_mousePosition":[683,384],"_rootPartCFrame":[742.607,231.555,47.437,-0.113,0,0.994,0,1,0,-0.994,0,-0.113],"_humanoidState":5,"_cameraCFrame":[745.609,241.236,45.66,-0.009,-0.938,0.346,0,0.346,0.938,-1,0.008,-0.003],"_shiftlockState":true,"_pose":"FreeFall","_animationQueue":[],"_animationSpeed":1,"_zoom":8.72},{"_mousePosition":[683,384],"_rootPartCFrame":[742.41,230.66,47.604,-0.009,0,1,0,1,0,-1,0,-0.009],"_humanoidState":5,"_cameraCFrame":[745.413,240.341,45.828,-0.009,-0.938,0.346,0,0.346,0.938,-1,0.008,-0.003],"_shiftlockState":true,"_pose":"FreeFall","_animationQueue":[["fall",0.3],["fall",0.3],["climb",0.1],["fall",0.3]],"_animationSpeed":1,"_zoom":8.72},{"_mousePosition":[683,384],"_rootPartCFrame":[742.187,230.318,47.77,-0.013,0,1,0,1,0,-1,0,-0.013],"_humanoidState":12,"_cameraCFrame":[745.189,239.999,45.994,-0.009,-0.938,0.346,0,0.346,0.938,-1,0.008,-0.003],"_shiftlockState":true,"_pose":"Climbing","_animationQueue":[["walk",0.1],["fall",0.3],["climb",0.1],["climb",0]],"_animationSpeed":-4.576,"_zoom":8.72},{"_mouse