[{"_mousePosition":[715,356],"_rootPartCFrame":[776.028,222.7,47.142,0,0,1,0,1,0,-1,0,0],"_humanoidState":8,"_cameraCFrame":[783.552,243.429,46.594,-0.073,-0.928,0.364,0,0.365,0.931,-0.997,0.068,-0.027],"_shiftlockState":false,"_pose":"Standing","_animationQueue":[],"_animationSpeed":1,"_zoom":20.656},{"_mousePosition":[715,356],"_rootPartCFrame":[775.782,222.7,47.16,-0.01,0,1,0,1,0,-1,0,-0.01],"_humanoidState":8,"_cameraCFrame":[783.306,243.429,46.612,-0.073,-0.928,0.364,0,0.365,0.931,-0.997,0.068,-0.027],"_shiftlockState":false,"_pose":"Standing","_animationQueue":[],"_animationSpeed":1,"_zoom":20.656},{"_mousePosition":[715,356],"_rootPartCFrame":[775.516,222.7,47.18,-0.019,0,1,0,1,0,-1,0,-0.019],"_humanoidState":8,"_cameraCFrame":[783.04,243.429,46.631,-0.073,-0.928,0.364,0,0.365,0.931,-0.997,0.068,-0.027],"_shiftlockState":false,"_pose":"Running","_animationQueue":[["walk",0.1]],"_animationSpeed":1.066,"_zoom":20.656},{"_mousePosition":[715,356],"_rootPartCFrame":[775.25,222.7,47.199,-0.026,0,1,0,1,0,-1,0,-0.026],"_humanoidState":8,"_cameraCFrame":[782.774,243.429,46.65,-0.073,-0.928,0.364,0,0.365,0.931,-0.997,0.068,-0.027],"_shiftlockState":false,"_pose":"Running","_animationQueue":[],"_animationSpeed":1.066,"_zoom":20.656},{"_mousePosition":[715,356],"_rootPartCFrame":[774.984,222.7,47.218,-0.032,0,0.999,0,1,0,-0.999,0,-0.032],"_humanoidState":8,"_cameraCFrame":[782.471,243.443,46.672,-0.073,-0.929,0.362,0,0.363,0.932,-0.997,0.068,-0.026],"_shiftlockState":false,"_pose":"Running","_animationQueue":[],"_animationSpeed":1.066,"_zoom":20.656},{"_mousePosition":[715,356],"_rootPartCFrame":[774.719,222.7,47.238,-0.038,0,0.999,0,1,0,-0.999,0,-0.038],"_humanoidState":8,"_cameraCFrame":[782.205,243.443,46.692,-0.073,-0.929,0.362,0,0.363,0.932,-0.997,0.068,-0.026],"_shiftlockState":false,"_pose":"Running","_animationQueue":[["walk",0.1]],"_animationSpeed":1.066,"_zoom":20.656},{"_mousePosition":[715,356],"_rootPartCFrame":[774.453,222.7,47.257,-0.043,0,0.999,0,1,0,-0.999,0,-0.043],"_humanoidState":8,"_cameraCFrame":[781.902,243.458,46.714,-0.073,-0.93,0.361,0,0.362,0.932,-0.997,0.068,-0.026],"_shiftlockState":false,"_pose":"Running","_animationQueue":[],"_animationSpeed":1.066,"_zoom":20.656},{"_mousePosition":[715,356],"_rootPartCFrame":[774.187,222.7,47.277,-0.047,0,0.999,0,1,0,-0.999,0,-0.047],"_humanoidState":8,"_cameraCFrame":[781.561,243.487,46.739,-0.073,-0.931,0.357,0,0.358,0.934,-0.997,0.068,-0.026],"_shiftlockState":false,"_pose":"Running","_animationQueue":[],"_animationSpeed":1.066,"_zoom":20.656},{"_mousePosition":[715,356],"_rootPartCFrame":[773.921,222.7,47.296,-0.05,0,0.999,0,1,0,-0.999,0,-0.05],"_humanoidState":8,"_cameraCFrame":[781.257,243.501,46.761,-0.073,-0.932,0.355,0,0.356,0.934,-0.997,0.068,-0.026],"_shiftlockState":false,"_pose":"Running","_animationQueue":[],"_animationSpeed":1.066,"_zoom":20.656},{"_mousePosition":[715,356],"_rootPartCFrame":[773.655,222.7,47.315,-0.053,0,0.999,0,1,0,-0.999,0,-0.053],"_humanoidState":8,"_cameraCFrame":[780.882,243.544,46.843,-0.065,-0.935,0.35,0,0.351,0.937,-0.998,0.061,-0.023],"_shiftlockState":false,"_pose":"Running","_animationQueue":[],"_animationSpeed":1.066,"_zoom":20.656},{"_mousePosition":[715,356],"_rootPartCFrame":[773.389,222.7,47.335,-0.056,0,0.998,0,1,0,-0.998,0,-0.056],"_humanoidState":8,"_cameraCFrame":[780.543,243.572,46.904,-0.06,-0.936,0.346,0,0.347,0.938,-0.998,0.056,-0.021],"_shiftlockState":false,"_pose":"Running","_animationQueue":[],"_animationSpeed":1.066,"_zoom":20.656},{"_mousePosition":[715,356],"_rootPartCFrame":[773.122,222.7,47.352,-0.057,0,0.998,0,1,0,-0.998,0,-0.057],"_humanoidState":8,"_cameraCFrame":[780.204,243.6,46.962,-0.055,-0.938,0.343,0,0.343,0.939,-0.998,0.052,-0.019],"_shiftlockState":false,"_pose":"Running","_animationQueue":[["walk",0.1]],"_animationSpeed":1.066,"_zoom":20.656},{"_mousePosition":[715,356],"_rootPartCFrame":[772.856,222.7,47.368,-0.058,0,0.998,0,1,0,-0.998,0,-0.058],"_humanoidState":8,"_cameraCFrame":[779.901,243.614,46.998,-0.053,-0.939,0.341,0,0.342,0.94,-0.999,0.049,-0.018],"_shiftlockState":false,"_pose":"Running","_animationQueue":[],"_animationSpeed":1.066,"_zoom":20.656},{"_mousePosition":[715,356],"_rootPartCFrame":[772.59,222.7,47.383,-0.057,0,0.998,0,1,0,-0.998,0,-0.057],"_humanoidState":8,"_cameraCFrame":[779.635,243.614,47.013,-0.053,-0.939,0.341,0,0.342,0.94,-0.999,0.049,-0.018],"_shiftlockState":false,"_pose":"Running","_animationQueue":[],"_animationSpeed":1.066,"_zoom":20.656},{"_mousePosition":[715,356],"_rootPartCFrame":[772.324,222.7,47.397,-0.057,0,0.998,0,1,0,-0.998,0,-0.057],"_humanoidState":8,"_cameraCFrame":[779.368,243.614,47.027,-0.053,-0.939,0.341,0,0.342,0.94,-0.999,0.049,-0.018],"_shiftlockState":false,"_pose":"Running","_animationQueue":[],"_animationSpeed":1.066,"_zoom":20.656},{"_mousePosition":[715,356],"_rootPartCFrame":[772.057,222.7,47.411,-0.056,0,0.998,0,1,0,-0.998,0,-0.056],"_humanoidState":8,"_cameraCFrame":[779.102,243.614,47.041,-0.053,-0.939,0.341,0,0.342,0.94,-0.999,0.049,-0.018],"_shiftlockState":false,"_pose":"Running","_animationQueue":[],"_animationSpeed":1.066,"_zoom":20.656},{"_mousePosition":[715,356],"_rootPartCFrame":[771.791,222.7,47.425,-0.056,0,0.998,0,1,0,-0.998,0,-0.056],"_humanoidState":8,"_cameraCFrame":[778.836,243.614,47.055,-0.053,-0.939,0.341,0,0.342,0.94,-0.999,0.049,-0.018],"_shiftlockState":false,"_pose":"Running","_animationQueue":[],"_animationSpeed":1.066,"_zoom":20.656},{"_mousePosition":[715,356],"_rootPartCFrame":[771.525,222.7,47.439,-0.055,0,0.998,0,1,0,-0.998,0,-0.055],"_humanoidState":8,"_cameraCFrame":[778.569,243.614,47.069,-0.053,-0.939,0.341,0,0.342,0.94,-0.999,0.049,-0.018],"_shiftlockState":false,"_pose":"Running","_animationQueue":[],"_animationSpeed":1.066,"_zoom":20.656},{"_mousePosition":[715,356],"_rootPartCFrame":[771.258,223.573,47.453,-0.055,0,0.998,0,1,0,-0.998,0,-0.055],"_humanoidState":3,"_cameraCFrame":[778.266,244.501,47.102,-0.05,-0.939,0.339,0,0.34,0.941,-0.999,0.047,-0.017],"_shiftlockState":false,"_pose":"Jumping","_animationQueue":[["walk",0.1],["walk",0.1],["jump",0.1]],"_animationSpeed":1,"_zoom":20.656},{"_mousePosition":[715,356],"_rootPartCFrame":[770.992,224.395,47.467,-0.055,0,0.999,0,1,0,-0.999,0,-0.055],"_humanoidState":5,"_cameraCFrame":[778,245.323,47.117,-0.05,-0.939,0.339,0,0.34,0.941,-0.999,0.047,-0.017],"_shiftlockState":false,"_pose":"FreeFall","_animationQueue":[["jump",0.1]],"_animationSpeed":1,"_zoom":20.656},{"_mousePosition":[715,356],"_rootPartCFrame":[770.726,225.162,47.481,-0.054,0,0.999,0,1,0,-0.999,0,-0.054],"_humanoidState":5,"_cameraCFrame":[777.733,246.09,47.13,-0.05,-0.939,0.339,0,0.34,0.941,-0.999,0.047,-0.017],"_shiftlockState":false,"_pose":"FreeFall","_animationQueue":[],"_animationSpeed":1,"_zoom":20.656},{"_mousePosition":[715,356],"_rootPartCFrame":[770.459,225.875,47.494,-0.053,0,0.999,0,1,0,-0.999,0,-0.053],"_humanoidState":5,"_cameraCFrame":[777.468,246.803,47.161,-0.047,-0.939,0.339,0,0.34,0.941,-0.999,0.045,-0.016],"_shiftlockState":false,"_pose":"FreeFall","_animationQueue":[],"_animationSpeed":1,"_zoom":20.656},{"_mousePosition":[715,356],"_rootPartCFrame":[770.193,226.534,47.507,-0.053,0,0.999,0,1,0,-0.999,0,-0.053],"_humanoidState":5,"_cameraCFrame":[777.202,247.462,47.192,-0.045,-0.94,0.339,0,0.34,0.941,-0.999,0.042,-0.015],"_shiftlockState":false,"_pose":"FreeFall","_animationQueue":[],"_animationSpeed":1,"_zoom":20.656},{"_mousePosition":[715,356],"_rootPartCFrame":[769.927,227.138,47.52,-0.052,0,0.999,0,1,0,-0.999,0,-0.052],"_humanoidState":5,"_cameraCFrame":[776.936,248.066,47.205,-0.045,-0.94,0.339,0,0.34,0.941,-0.999,0.042,-0.015],"_shiftlockState":false,"_pose":"FreeFall","_animationQueue":[],"_animationSpeed":1,"_zoom":20.656},{"_mousePosition":[715,356],"_rootPartCFrame":[769.66,227.687,47.532,-0.051,0,0.999,0,1,0,-0.999,0,-0.051],"_humanoidState":5,"_cameraCFrame":[776.67,248.615,47.235,-0.042,-0.94,0.339,0,0.34,0.941,-0.999,0.04,-0.014],"_shiftlockState":false,"_pose":"FreeFall","_animationQueue":[],"_animationSpeed":1,"_zoom":20.656},{"_mousePosition":[715,356],"_rootPartCFrame":[769.394,228.182,47.544,-0.051,0,0.999,0,1,0,-0.999,0,-0.051],"_humanoidState":5,"_cameraCFrame":[776.406,249.11,47.282,-0.037,-0.94,0.339,0,0.34,0.941,-0.999,0.035,-0.013],"_shiftlockState":false,"_pose":"FreeFall","_animationQueue":[],"_animationSpeed":1,"_zoom":20.656},{"_mousePosition":[715,356],"_rootPartCFrame":[769.127,228.623,47.556,-0.05,0,0.999,0,1,0,-0.999,0,-0.05],"_humanoidState":5,"_cameraCFrame":[776.139,249.551,47.294,-0.037,-0.94,0.339,0,0.34,0.941,-0.999,0.035,-0.013],"_shiftlockState":false,"_pose":"FreeFall","_animationQueue":[],"_animationSpeed":1,"_zoom":20.656},{"_mousePosition":[715,356],"_rootPartCFrame":[768.861,229.009,47.566,-0.048,0,0.999,0,1,0,-0.999,0,-0.048],"_humanoidState":5,"_cameraCFrame":[775.873,249.937,47.321,-0.035,-0.94,0.339,0,0.34,0.941,-0.999,0.033,-0.012],"_shiftlockState":false,"_pose":"FreeFall","_animationQueue":[],"_animationSpeed":1,"_zoom":20.656},{"_mousePosition":[715,356],"_rootPartCFrame":[768.594,229.34,47.576,-0.047,0,0.999,0,1,0,-0.999,0,-0.047],"_humanoidState":5,"_cameraCFrame":[775.607,250.268,47.349,-0.032,-0.94,0.34,0,0.34,0.941,-0.999,0.03,-0.011],"_shiftlockState":false,"_pose":"FreeFall","_animationQueue":[],"_animationSpeed":1,"_zoom":20.656},{"_mousePosition":[715,356],"_rootPartCFrame":[768.328,229.617,47.585,-0.045,0,0.999,0,1,0,-0.999,0,-0.045],"_humanoidState":5,"_cameraCFrame":[775.342,250.545,47.394,-0.027,-0.94,0.34,0,0.34,0.941,-1,0.026,-0.009],"_shiftlockState":false,"_pose":"FreeFall","_animationQueue":[],"_animationSpeed":1,"_zoom":20.656},{"_mousePosition":[715,356],"_rootPartCFrame":[768.061,229.84,47.594,-0.043,0,0.999,0,1,0,-0.999,0,-0.043],"_humanoidState":5,"_cameraCFrame":[775.076,250.768,47.438,-0.022,-0.94,0.34,0,0.34,0.941,-1,0.021,-0.008],"_shiftlockState":false,"_pose":"FreeFall","_animationQueue":[],"_animationSpeed":1,"_zoom":20.656},{"_mousePosition":[715,356],"_rootPartCFrame":[767.795,230.008,47.601,-0.041,0,0.999,0,1,0,-0.999,0,-0.041],"_humanoidState":5,"_cameraCFrame":[774.81,250.936,47.481,-0.017,-0.94,0.34,0,0.34,0.941,-1,0.016,-0.006],"_shiftlockState":false,"_pose":"FreeFall","_animationQueue":[],"_animationSpeed":1,"_zoom":20.656},{"_mousePosition":[715,356],"_rootPartCFrame":[767.528,230.122,47.608,-0.039,0,0.999,0,1,0,-0.999,0,-0.039],"_humanoidState":5,"_cameraCFrame":[774.582,251.036,47.522,-0.012,-0.94,0.341,0,0.342,0.94,-1,0.011,-0.004],"_shiftlockState":false,"_pose":"FreeFall","_animationQueue":[],"_animationSpeed":1,"_zoom":20.656},{"_mousePosition":[715,356],"_rootPartCFrame":[767.261,230.181,47.612,-0.036,0,0.999,0,1,0,-0.999,0,-0.036],"_humanoidState":5,"_cameraCFrame":[774.316,251.095,47.545,-0.01,-0.94,0.342,0,0.342,0.94,-1,0.009,-0.003],"_shiftlockState":false,"_pose":"FreeFall","_animationQueue":[],"_animationSpeed":1,"_zoom":20.656},{"_mousePosition":[715,356],"_rootPartCFrame":[766.995,230.185,47.616,-0.033,0,0.999,0,1,0,-0.999,0,-0.033],"_humanoidState":5,"_cameraCFrame":[774.049,251.099,47.548,-0.01,-0.94,0.342,0,0.342,0.94,-1,0.009,-0.003],"_shiftlockState":false,"_pose":"FreeFall","_animationQueue":[],"_animationSpeed":1,"_zoom":20.656},{"_mousePosition":[715,356],"_rootPartCFrame":[766.728,230.135,47.618,-0.03,0,1,0,1,0,-1,0,-0.03],"_humanoidState":5,"_cameraCFrame":[773.782,251.049,47.551,-0.01,-0.94,0.342,0,0.342,0.94,-1,0.009,-0.003],"_shiftlockState":false,"_pose":"FreeFall","_animationQueue":[],"_animationSpeed":1,"_zoom":20.656},{"_mousePosition":[715,356],"_rootPartCFrame":[766.462,230.031,47.621,-0.027,0,1,0,1,0,-1,0,-0.027],"_humanoidState":5,"_cameraCFrame":[773.516,250.945,47.554,-0.01,-0.94,0.342,0,0.342,0.94,-1,0.009,-0.003],"_shiftlockState":false,"_pose":"FreeFall","_animationQueue":[],"_animationSpeed":1,"_zoom":20.656},{"_mousePosition":[715,356],"_rootPartCFrame":[766.195,229.872,47.624,-0.025,0,1,0,1,0,-1,0,-0.025],"_humanoidState":5,"_cameraCFrame":[773.249,250.786,47.574,-0.007,-0.94,0.342,0,0.342,0.94,-1,0.007,-0.002],"_shiftlockState":false,"_pose":"FreeFall","_animationQueue":[],"_animationSpeed":1,"_zoom":20.656},{"_mousePosition":[715,356],"_rootPartCFrame":[765.928,229.658,47.626,-0.022,0,1,0,1,0,-1,0,-0.022],"_humanoidState":5,"_cameraCFrame":[772.983,250.572,47.577,-0.007,-0.94,0.342,0,0.342,0.94,-1,0.007,-0.002],"_shiftlockState":false,"_pose":"FreeFall","_animationQueue":[["fall",0.3]],"_animationSpeed":1,"_zoom":20.656},{"_mousePosition":[715,356],"_rootPartCFrame":[765.662,229.39,47.628,-0.02,0,1,0,1,0,-1,0,-0.02],"_humanoidState":5,"_cameraCFrame":[772.754,250.29,47.614,-0.002,-0.939,0.343,0,0.343,0.939,-1,0.002,-0.001],"_shiftlockState":false,"_pose":"FreeFall","_animationQueue":[],"_animationSpeed":1,"_zoom":20.656},{"_mousePosition":[715,356],"_rootPartCFrame":[765.395,229.068,47.63,-0.019,0,1,0,1,0,-1,0,-0.019],"_humanoidState":5,"_cameraCFrame":[772.525,249.954,47.616,-0.002,-0.939,0.345,0,0.345,0.939,-1,0.002,-0.001],"_shiftlockState":false,"_pose":"FreeFall","_animationQueue":[],"_animationSpeed":1,"_zoom":20.656},{"_mousePosition":[715,356],"_rootPartCFrame":[765.129,228.691,47.631,-0.016,0,1,0,1,0,-1,0,-0.016],"_humanoidState":5,"_cameraCFrame":[772.296,249.563,47.653,0.003,-0.938,0.347,0,0.347,0.938,-1,-0.003,0.001],"_shiftlockState":false,"_pose":"FreeFall","_animationQueue":[],"_animationSpeed":1,"_zoom":20.656},{"_mousePosition":[715,356],"_rootPartCFrame":[764.862,228.259,47.631,-0.014,0,1,0,1,0,-1,0,-0.014],"_humanoidState":5,"_cameraCFrame":[772.067,249.118,47.69,0.008,-0.937,0.349,0,0.349,0.937,-1,-0.008,0.003],"_shiftlockState":false,"_pose":"FreeFall","_animationQueue":[],"_animationSpeed":1,"_zoom":20.656},{"_mousePosition":[715,356],"_rootPartCFrame":[764.595,227.773,47.63,-0.012,0,1,0,1,0,-1,0,-0.012],"_humanoidState":5,"_cameraCFrame":[771.876,248.604,47.708,0.011,-0.936,0.352,0,0.352,0.936,-1,-0.01,0.004],"_shiftlockState":false,"_pose":"FreeFall","_animationQueue":[],"_animationSpeed":1,"_zoom":20.656},{"_mousePosition":[715,356],"_rootPartCFrame":[764.329,227.233,47.629,-0.01,0,1,0,1,0,-1,0,-0.01],"_humanoidState":5,"_cameraCFrame":[771.684,248.035,47.745,0.016,-0.934,0.356,0,0.356,0.934,-1,-0.015,0.006],"_shiftlockState":false,"_pose":"FreeFall","_animationQueue":[["fall",0.3]],"_animationSpeed":1,"_zoom":20.656},{"_mousePosition":[715,356],"_rootPartCFrame":[764.062,226.638,47.626,-0.007,0,1,0,1,0,-1,0,-0.007],"_humanoidState":5,"_cameraCFrame":[771.529,247.396,47.8,0.023,-0.932,0.361,0,0.362,0.932,-1,-0.022,0.008],"_shiftlockState":false,"_pose":"FreeFall","_animationQueue":[],"_animationSpeed":1,"_zoom":20.656},{"_mousePosition":[715,356],"_rootPartCFrame":[763.796,225.988,47.622,-0.004,0,1,0,1,0,-1,0,-0.004],"_humanoidState":5,"_cameraCFrame":[771.299,246.732,47.835,0.028,-0.931,0.363,0,0.363,0.932,-1,-0.026,0.01],"_shiftlockState":false,"_pose":"FreeFall","_animationQueue":[],"_animationSpeed":1,"_zoom":20.656},{"_mousePosition":[715,356],"_rootPartCFrame":[763.529,225.284,47.616,-0.001,0,1,0,1,0,-1,0,-0.001],"_humanoidState":5,"_cameraCFrame":[771.069,246.013,47.849,0.031,-0.93,0.365,0,0.365,0.931,-1,-0.029,0.011],"_shiftlockState":false,"_pose":"FreeFall","_animationQueue":[],"_animationSpeed":1,"_zoom":20.656},{"_mousePosition":[715,356],"_rootPartCFrame":[763.262,224.526,47.608,0.003,0,1,0,1,0,-1,0,0.003],"_humanoidState":5,"_cameraCFrame":[770.803,245.255,47.842,0.031,-0.93,0.365,0,0.365,0.931,-1,-0.029,0.011],"_shiftlockState":false,"_pose":"FreeFall","_animationQueue":[],"_animationSpeed":1,"_zoom":20.656},{"_mousePosition":[715,356],"_rootPartCFrame":[762.996,223.713,47.6,0.007,0,1,0,1,0,-1,0,0.007],"_humanoidState":7,"_cameraCFrame":[770.573,244.427,47.854,0.033,-0.93,0.367,0,0.367,0.93,-0.999,-0.031,0.012],"_shiftlockState":false,"_pose":"FreeFall","_animationQueue":[["walk",0.1],["fall",0.3],["fall",0.3]],"_animationSpeed":1,"_zoom":20.656},{"_mousePosition":[715,356],"_rootPartCFrame":[762.729,223.32,47.592,0.01,0,1,0,1,0,-1,0,0.01],"_humanoidState":7,"_cameraCFrame":[770.306,244.035,47.846,0.033,-0.93,0.367,0,0.367,0.93,-0.999,-0.031,0.012],"_shiftlockState":false,"_pose":"FreeFall","_animationQueue":[],"_animationSpeed":1,"_zoom":20.656},{"_mousePosition":[715,356],"_rootPartCFrame":[762.396,223.405,47.581,0.014,0,1,0,1,0,-1,0,0.014],"_humanoidState":8,"_cameraCFrame":[770.01,244.104,47.855,0.036,-0.929,0.369,0,0.369,0.929,-0.999,-0.033,0.013],"_shiftlockState":false,"_pose":"Running","_animationQueue":[["fall",0.3],["walk",0.1],["fall",0.3],["walk",0.1]],"_animationSpeed":1.103,"_zoom":20.656},{"_mousePosition":[715,356],"_rootPartCFrame":[762.13,224.278,47.572,0.017,0,1,0,1,0,-1,0,0.017],"_humanoidState":3,"_cameraCFrame":[769.78,244.962,47.867,0.039,-0.928,0.37,0,0.371,0.929,-0.999,-0.036,0.014],"_shiftlockState":false,"_pose":"Jumping","_animationQueue":[["walk",0.1],["jump",0.1]],"_animationSpeed":1,"_zoom":20.656},{"_mousePosition":[715,356],"_rootPartCFrame":[761.863,225.1,47.563,0.02,0,1,0,1,0,-1,0,0.02],"_humanoidState":5,"_cameraCFrame":[769.55,245.769,47.878,0.041,-0.927,0.372,0,0.372,0.928,-0.999,-0.038,0.015],"_shiftlockState":false,"_pose":"FreeFall","_animationQueue":[["jump",0.1]],"_animationSpeed":1,"_zoom":20.656},{"_mousePosition":[715,356],"_rootPartCFrame":[761.597,225.867,47.552,0.022,0,1,0,1,0,-1,0,0.022],"_humanoidState":5,"_cameraCFrame":[769.321,246.522,47.87,0.041,-0.927,0.374,0,0.374,0.927,-0.999,-0.038,0.015],"_shiftlockState":false,"_pose":"FreeFall","_animationQueue":[],"_animationSpeed":1,"_zoom":20.656},{"_mousePosition":[715,356],"_rootPartCFrame":[761.33,226.58,47.542,0.025,0,1,0,1,0,-1,0,0.025],"_humanoidState":5,"_cameraCFrame":[769.054,247.235,47.879,0.044,-0.926,0.374,0,0.374,0.927,-0.999,-0.04,0.016],"_shiftlockState":false,"_pose":"FreeFall","_animationQueue":[],"_animationSpeed":1,"_zoom":20.656},{"_mousePosition":[715,356],"_rootPartCFrame":[761.064,227.239,47.531,0.027,0,1,0,1,0,-1,0,0.027],"_humanoidState":5,"_cameraCFrame":[768.825,247.878,47.869,0.044,-0.926,0.376,0,0.376,0.927,-0.999,-0.04,0.016],"_shiftlockState":false,"_pose":"FreeFall","_animationQueue":[],"_animationSpeed":1,"_zoom":20.656},{"_mousePosition":[715,356],"_rootPartCFrame":[760.797,227.843,47.519,0.029,0,1,0,1,0,-1,0,0.029],"_humanoidState":5,"_cameraCFrame":[768.558,248.482,47.858,0.044,-0.926,0.376,0,0.376,0.927,-0.999,-0.04,0.016],"_shiftlockState":false,"_pose":"FreeFall","_animationQueue":[],"_animationSpeed":1,"_zoom":20.656},{"_mousePosition":[715,356],"_rootPartCFrame":[760.531,228.392,47.507,0.031,0,1,0,1,0,-1,0,0.031],"_humanoidState":5,"_cameraCFrame":[768.292,249.032,47.846,0.044,-0.926,0.376,0,0.376,0.927,-0.999,-0.04,0.016],"_shiftlockState":false,"_pose":"FreeFall","_animationQueue":[],"_animationSpeed":1,"_zoom":20.656},{"_mousePosition":[715,356],"_rootPartCFrame":[760.331,228.769,47.499,0.033,0,0.999,0,1,0,-0.999,0,0.033],"_humanoidState":5,"_cameraCFrame":[768.092,249.408,47.837,0.044,-0.926,0.376,0,0.376,0.927,-0.999,-0.04,0.016],"_shiftlockState":false,"_pose":"FreeFall","_animationQueue":[],"_animationSpeed":1,"_zoom":20.656},{"_mousePosition":[715,356],"_rootPartCFrame":[759.998,229.328,47.484,0.035,0,0.999,0,1,0,-0.999,0,0.035],"_humanoidState":5,"_cameraCFrame":[767.759,249.967,47.823,0.044,-0.926,0.376,0,0.376,0.927,-0.999,-0.04,0.016],"_shiftlockState":false,"_pose":"FreeFall","_animationQueue":[],"_animationSpeed":1,"_zoom":20.656},{"_mousePosition":[715,356],"_rootPartCFrame":[759.732,229.714,47.473,0.036,0,0.999,0,1,0,-0.999,0,0.036],"_humanoidState":5,"_cameraCFrame":[767.493,250.353,47.811,0.044,-0.926,0.376,0,0.376,0.927,-0.999,-0.04,0.016],"_shiftlockState":false,"_pose":"FreeFall","_animationQueue":[],"_animationSpeed":1,"_zoom":20.656},{"_mousePosition":[715,356],"_rootPartCFrame":[759.466,230.045,47.461,0.037,0,0.999,0,1,0,-0.999,0,0.037],"_humanoidState":5,"_cameraCFrame":[767.227,250.685,47.8,0.044,-0.926,0.376,0,0.376,0.927,-0.999,-0.04,0.016],"_shiftlockState":false,"_pose":"FreeFall","_animationQueue":[],"_animationSpeed":1,"_zoom":20.656},{"_mousePosition":[715,356],"_rootPartCFrame":[759.199,230.322,47.449,0.038,0,0.999,0,1,0,-0.999,0,0.038],"_humanoidState":5,"_cameraCFrame":[766.96,250.962,47.788,0.044,-0.926,0.376,0,0.376,0.927,-0.999,-0.04,0.016],"_shiftlockState":false,"_pose":"FreeFall","_animationQueue":[],"_animationSpeed":1,"_zoom":20.656},{"_mousePosition":[715,356],"_rootPartCFrame":[758.933,230.545,47.438,0.039,0,0.999,0,1,0,-0.999,0,0.039],"_humanoidState":5,"_cameraCFrame":[766.694,251.185,47.776,0.044,-0.926,0.376,0,0.376,0.927,-0.999,-0.04,0.016],"_shiftlockState":false,"_pose":"FreeFall","_animationQueue":[],"_animationSpeed":1,"_zoom":20.656},{"_mousePosition":[715,356],"_rootPartCFrame":[758.667,230.713,47.426,0.039,0,0.999,0,1,0,-0.999,0,0.039],"_humanoidState":5,"_cameraCFrame":[766.427,251.353,47.765,0.044,-0.926,0.376,0,0.376,0.927,-0.999,-0.04,0.016],"_shiftlockState":false,"_pose":"FreeFall","_animationQueue":[],"_animationSpeed":1,"_zoom":20.656},{"_mousePosition":[715,356],"_rootPartCFrame":[758.4,230.826,47.414,0.04,0,0.999,0,1,0,-0.999,0,0.04],"_humanoidState":5,"_cameraCFrame":[766.161,251.466,47.753,0.044,-0.926,0.376,0,0.376,0.927,-0.999,-0.04,0.016],"_shiftlockState":false,"_pose":"FreeFall","_animationQueue":[],"_animationSpeed":1,"_zoom":20.656},{"_mousePosition":[715,356],"_rootPartCFrame":[758.134,230.885,47.403,0.04,0,0.999,0,1,0,-0.999,0,0.04],"_humanoidState":5,"_cameraCFrame":[765.895,251.525,47.741,0.044,-0.926,0.376,0,0.376,0.927,-0.999,-0.04,0.016],"_shiftlockState":false,"_pose":"FreeFall","_animationQueue":[],"_animationSpeed":1,"_zoom":20.656},{"_mousePosition":[715,356],"_rootPartCFrame":[757.868,230.89,47.391,0.041,0,0.999,0,1,0,-0.999,0,0.041],"_humanoidState":5,"_cameraCFrame":[765.628,251.53,47.73,0.044,-0.926,0.376,0,0.376,0.927,-0.999,-0.04,0.016],"_shiftlockState":false,"_pose":"FreeFall","_animationQueue":[],"_animationSpeed":1,"_zoom":20.656},{"_mousePosition":[715,356],"_rootPartCFrame":[757.601,230.84,47.38,0.041,0,0.999,0,1,0,-0.999,0,0.041],"_humanoidState":5,"_cameraCFrame":[765.362,251.48,47.718,0.044,-0.926,0.376,0,0.376,0.927,-0.999,-0.04,0.016],"_shiftlockState":false,"_pose":"FreeFall","_animationQueue":[],"_animationSpeed":1,"_zoom":20.656},{"_mousePosition":[715,356],"_rootPartCFrame":[757.335,230.736,47.368,0.042,0,0.999,0,1,0,-0.999,0,0.042],"_humanoidState":5,"_cameraCFrame":[765.096,251.375,47.707,0.044,-0.926,0.376,0,0.376,0.927,-0.999,-0.04,0.016],"_shiftlockState":false,"_pose":"FreeFall","_animationQueue":[["fall",0.3]],"_animationSpeed":1,"_zoom":20.656},{"_mousePosition":[715,356],"_rootPartCFrame":[757.068,230.577,47.356,0.042,0,0.999,0,1,0,-0.999,0,0.042],"_humanoidState":5,"_cameraCFrame":[764.83,251.216,47.675,0.041,-0.926,0.376,0,0.376,0.927,-0.999,-0.038,0.015],"_shiftlockState":false,"_pose":"FreeFall","_animationQueue":[],"_animationSpeed":1,"_zoom":20.656},{"_mousePosition":[715,356],"_rootPartCFrame":[756.802,230.363,47.345,0.042,0,0.999,0,1,0,-0.999,0,0.042],"_humanoidState":5,"_cameraCFrame":[764.564,251.003,47.664,0.041,-0.926,0.376,0,0.376,0.927,-0.999,-0.038,0.015],"_shiftlockState":false,"_pose":"FreeFall","_animationQueue":[],"_animationSpeed":1,"_zoom":20.656},{"_mousePosition":[715,356],"_rootPartCFrame":[756.536,230.095,47.334,0.042,0,0.999,0,1,0,-0.999,0,0.042],"_humanoidState":5,"_cameraCFrame":[764.298,250.735,47.633,0.039,-0.926,0.376,0,0.376,0.927,-0.999,-0.036,0.014],"_shiftlockState":false,"_pose":"FreeFall","_animationQueue":[],"_animationSpeed":1,"_zoom":20.656},{"_mousePosition":[715,356],"_rootPartCFrame":[756.269,229.773,47.323,0.042,0,0.999,0,1,0,-0.999,0,0.042],"_humanoidState":5,"_cameraCFrame":[764.032,250.412,47.622,0.039,-0.926,0.376,0,0.376,0.927,-0.999,-0.036,0.014],"_shiftlockState":false,"_pose":"FreeFall","_animationQueue":[],"_animationSpeed":1,"_zoom":20.656},{"_mousePosition":[715,356],"_rootPartCFrame":[756.003,229.396,47.312,0.042,0,0.999,0,1,0,-0.999,0,0.042],"_humanoidState":5,"_cameraCFrame":[763.767,250.035,47.572,0.033,-0.926,0.376,0,0.376,0.927,-0.999,-0.031,0.013],"_shiftlockState":false,"_pose":"FreeFall","_animationQueue":[],"_animationSpeed":1,"_zoom":20.656},{"_mousePosition":[715,356],"_rootPartCFrame":[755.737,228.964,47.302,0.041,0,0.999,0,1,0,-0.999,0,0.041],"_humanoidState":5,"_cameraCFrame":[763.501,249.604,47.542,0.031,-0.926,0.376,0,0.376,0.927,-1,-0.029,0.012],"_shiftlockState":false,"_pose":"FreeFall","_animationQueue":[["fall",0.3]],"_animationSpeed":1,"_zoom":20.656},{"_mousePosition":[715,356],"_rootPartCFrame":[755.47,228.478,47.293,0.04,0,0.999,0,1,0,-0.999,0,0.04],"_humanoidState":5,"_cameraCFrame":[763.236,249.118,47.494,0.026,-0.926,0.376,0,0.376,0.927,-1,-0.024,0.01],"_shiftlockState":false,"_pose":"FreeFall","_animationQueue":[],"_animationSpeed":1,"_zoom":20.656},{"_mousePosition":[715,356],"_rootPartCFrame":[755.203,227.938,47.284,0.039,0,0.999,0,1,0,-0.999,0,0.039],"_humanoidState":5,"_cameraCFrame":[762.969,248.577,47.486,0.026,-0.926,0.376,0,0.376,0.927,-1,-0.024,0.01],"_shiftlockState":false,"_pose":"FreeFall","_animationQueue":[],"_animationSpeed":1,"_zoom":20.656},{"_mousePosition":[715,356],"_rootPartCFrame":[754.937,227.343,47.277,0.038,0,0.999,0,1,0,-0.999,0,0.038],"_humanoidState":5,"_cameraCFrame":[762.703,247.982,47.479,0.026,-0.926,0.376,0,0.376,0.927,-1,-0.024,0.01],"_shiftlockState":false,"_pose":"FreeFall","_animationQueue":[],"_animationSpeed":1,"_zoom":20.656},{"_mousePosition":[715,356],"_rootPartCFrame":[754.67,226.693,47.27,0.036,0,0.999,0,1,0,-0.999,0,0.036],"_humanoidState":5,"_cameraCFrame":[762.436,247.333,47.472,0.026,-0.926,0.376,0,0.376,0.927,-1,-0.024,0.01],"_shiftlockState":false,"_pose":"FreeFall","_animationQueue":[],"_animationSpeed":1,"_zoom":20.656},{"_mousePosition":[715,356],"_rootPartCFrame":[754.404,225.989,47.264,0.035,0,0.999,0,1,0,-0.999,0,0.035],"_humanoidState":5,"_cameraCFrame":[762.17,246.629,47.445,0.023,-0.926,0.376,0,0.376,0.927,-1,-0.022,0.009],"_shiftlockState":false,"_pose":"FreeFall","_animationQueue":[],"_animationSpeed":1,"_zoom":20.656},{"_mousePosition":[715,356],"_rootPartCFrame":[754.137,225.231,47.257,0.033,0,0.999,0,1,0,-0.999,0,0.033],"_humanoidState":5,"_cameraCFrame":[761.903,245.87,47.438,0.023,-0.926,0.376,0,0.376,0.927,-1,-0.022,0.009],"_shiftlockState":false,"_pose":"FreeFall","_animationQueue":[],"_animationSpeed":1,"_zoom":20.656},{"_mousePosition":[715,356],"_rootPartCFrame":[753.87,224.418,47.25,0.032,0,0.999,0,1,0,-0.999,0,0.032],"_humanoidState":5,"_cameraCFrame":[761.637,245.057,47.432,0.023,-0.926,0.376,0,0.376,0.927,-1,-0.022,0.009],"_shiftlockState":false,"_pose":"FreeFall","_animationQueue":[["fall",0.3]],"_animationSpeed":1,"_zoom":20.656},{"_mousePosition":[715,356],"_rootPartCFrame":[753.604,223.55,47.244,0.031,0,1,0,1,0,-1,0,0.031],"_humanoidState":7,"_cameraCFrame":[761.37,244.19,47.426,0.023,-0.926,0.376,0,0.376,0.927,-1,-0.022,0.009],"_shiftlockState":false,"_pose":"FreeFall","_animationQueue":[["walk",0.1],["fall",0.3],["fall",0.3]],"_animationSpeed":1,"_zoom":20.656},{"_mousePosition":[715,356],"_rootPartCFrame":[753.337,223.348,47.238,0.03,0,1,0,1,0,-1,0,0.03],"_humanoidState":7,"_cameraCFrame":[761.103,243.988,47.419,0.023,-0.926,0.376,0,0.376,0.927,-1,-0.022,0.009],"_shiftlockState":false,"_pose":"FreeFall","_animationQueue":[],"_animationSpeed":1,"_zoom":20.656},{"_mousePosition":[715,356],"_rootPartCFrame":[753.004,223.432,47.23,0.029,0,1,0,1,0,-1,0,0.029],"_humanoidState":8,"_cameraCFrame":[760.77,244.072,47.412,0.023,-0.926,0.376,0,0.376,0.927,-1,-0.022,0.009],"_shiftlockState":false,"_pose":"Running","_animationQueue":[["walk",0.1],["fall",0.3],["walk",0.1]],"_animationSpeed":1.103,"_zoom":20.656},{"_mousePosition":[715,356],"_rootPartCFrame":[752.737,223.486,47.224,0.028,0,1,0,1,0,-1,0,0.028],"_humanoidState":8,"_cameraCFrame":[760.467,244.141,47.385,0.021,-0.927,0.374,0,0.374,0.927,-1,-0.019,0.008],"_shiftlockState":false,"_pose":"Running","_animationQueue":[],"_animationSpeed":1.103,"_zoom":20.656},{"_mousePosition":[715,356],"_rootPartCFrame":[752.471,223.517,47.218,0.027,0,1,0,1,0,-1,0,0.027],"_humanoidState":8,"_cameraCFrame":[760.2,244.172,47.379,0.021,-0.927,0.374,0,0.374,0.927,-1,-0.019,0.008],"_shiftlockState":false,"_pose":"Running","_animationQueue":[],"_animationSpeed":1.103,"_zoom":20.656},{"_mousePosition":[715,356],"_rootPartCFrame":[752.204,223.534,47.212,0.027,0,1,0,1,0,-1,0,0.027],"_humanoidState":8,"_cameraCFrame":[759.897,244.204,47.353,0.018,-0.928,0.372,0,0.372,0.928,-1,-0.017,0.007],"_shiftlockState":false,"_pose":"Running","_animationQueue":[["walk",0.1]],"_animationSpeed":1.103,"_zoom":20.656},{"_mousePosition":[715,356],"_rootPartCFrame":[751.938,223.544,47.206,0.026,0,1,0,1,0,-1,0,0.026],"_humanoidState":8,"_cameraCFrame":[759.593,244.228,47.347,0.018,-0.929,0.371,0,0.371,0.929,-1,-0.017,0.007],"_shiftlockState":false,"_pose":"Running","_animationQueue":[],"_animationSpeed":1.103,"_zoom":20.656},{"_mousePosition":[715,356],"_rootPartCFrame":[751.671,223.549,47.202,0.025,0,1,0,1,0,-1,0,0.025],"_humanoidState":8,"_cameraCFrame":[759.326,244.233,47.322,0.016,-0.929,0.371,0,0.371,0.929,-1,-0.015,0.006],"_shiftlockState":false,"_pose":"Running","_animationQueue":[],"_animationSpeed":1.103,"_zoom":20.656},{"_mousePosition":[715,356],"_rootPartCFrame":[751.404,223.551,47.197,0.024,0,1,0,1,0,-1,0,0.024],"_humanoidState":8,"_cameraCFrame":[759.022,244.251,47.317,0.016,-0.929,0.369,0,0.369,0.929,-1,-0.015,0.006],"_shiftlockState":false,"_pose":"Running","_animationQueue":[],"_animationSpeed":1.103,"_zoom":20.656},{"_mousePosition":[715,356],"_rootPartCFrame":[751.138,223.553,47.192,0.023,0,1,0,1,0,-1,0,0.023],"_humanoidState":8,"_cameraCFrame":[758.719,244.267,47.293,0.013,-0.93,0.367,0,0.367,0.93,-1,-0.012,0.005],"_shiftlockState":false,"_pose":"Running","_animationQueue":[],"_animationSpeed":1.103,"_zoom":20.656},{"_mousePosition":[715,356],"_rootPartCFrame":[750.871,223.554,47.188,0.022,0,1,0,1,0,-1,0,0.022],"_humanoidState":8,"_cameraCFrame":[758.452,244.268,47.289,0.013,-0.93,0.367,0,0.367,0.93,-1,-0.012,0.005],"_shiftlockState":false,"_pose":"Running","_animationQueue":[],"_animationSpeed":1.103,"_zoom":20.656},{"_mousePosition":[715,356],"_rootPartCFrame":[750.605,223.554,47.185,0.021,0,1,0,1,0,-1,0,0.021],"_humanoidState":8,"_cameraCFrame":[758.185,244.268,47.285,0.013,-0.93,0.367,0,0.367,0.93,-1,-0.012,0.005],"_shiftlockState":false,"_pose":"Running","_animationQueue":[["walk",0.1]],"_animationSpeed":1.103,"_zoom":20.656},{"_mousePosition":[715,356],"_rootPartCFrame":[750.338,224.427,47.181,0.02,0,1,0,1,0,-1,0,0.02],"_humanoidState":3,"_cameraCFrame":[757.919,245.141,47.281,0.013,-0.93,0.367,0,0.367,0.93,-1,-0.012,0.005],"_shiftlockState":false,"_pose":"Jumping","_animationQueue":[["walk",0.1],["jump",0.1]],"_animationSpeed":1,"_zoom":20.656},{"_mousePosition":[715,356],"_rootPartCFrame":[750.071,225.249,47.178,0.019,0,1,0,1,0,-1,0,0.019],"_humanoidState":5,"_cameraCFrame":[757.652,245.963,47.278,0.013,-0.93,0.367,0,0.367,0.93,-1,-0.012,0.005],"_shiftlockState":false,"_pose":"FreeFall","_animationQueue":[["jump",0.1]],"_animationSpeed":1,"_zoom":20.656},{"_mousePosition":[715,356],"_rootPartCFrame":[749.805,226.017,47.174,0.018,0,1,0,1,0,-1,0,0.018],"_humanoidState":5,"_cameraCFrame":[757.386,246.731,47.274,0.013,-0.93,0.367,0,0.367,0.93,-1,-0.012,0.005],"_shiftlockState":false,"_pose":"FreeFall","_animationQueue":[],"_animationSpeed":1,"_zoom":20.656},{"_mousePosition":[715,356],"_rootPartCFrame":[749.538,226.73,47.17,0.017,0,1,0,1,0,-1,0,0.017],"_humanoidState":5,"_cameraCFrame":[757.119,247.444,47.271,0.013,-0.93,0.367,0,0.367,0.93,-1,-0.012,0.005],"_shiftlockState":false,"_pose":"FreeFall","_animationQueue":[],"_animationSpeed":1,"_zoom":20.656},{"_mousePosition":[715,356],"_rootPartCFrame":[749.272,227.388,47.167,0.017,0,1,0,1,0,-1,0,0.017],"_humanoidState":5,"_cameraCFrame":[756.852,248.103,47.267,0.013,-0.93,0.367,0,0.367,0.93,-1,-0.012,0.005],"_shiftlockState":false,"_pose":"FreeFall","_animationQueue":[],"_animationSpeed":1,"_zoom":20.656},{"_mousePosition":[715,356],"_rootPartCFrame":[749.005,227.992,47.163,0.016,0,1,0,1,0,-1,0,0.016],"_humanoidState":5,"_cameraCFrame":[756.586,248.707,47.264,0.013,-0.93,0.367,0,0.367,0.93,-1,-0.012,0.005],"_shiftlockState":false,"_pose":"FreeFall","_animationQueue":[],"_animationSpeed":1,"_zoom":20.656},{"_mousePosition":[715,356],"_rootPartCFrame":[748.738,228.542,47.16,0.016,0,1,0,1,0,-1,0,0.016],"_humanoidState":5,"_cameraCFrame":[756.319,249.256,47.26,0.013,-0.93,0.367,0,0.367,0.93,-1,-0.012,0.005],"_shiftlockState":false,"_pose":"FreeFall","_animationQueue":[],"_animationSpeed":1,"_zoom":20.656},{"_mousePosition":[715,356],"_rootPartCFrame":[748.472,229.037,47.156,0.015,0,1,0,1,0,-1,0,0.015],"_humanoidState":5,"_cameraCFrame":[756.053,249.751,47.257,0.013,-0.93,0.367,0,0.367,0.93,-1,-0.012,0.005],"_shiftlockState":false,"_pose":"FreeFall","_animationQueue":[],"_animationSpeed":1,"_zoom":20.656},{"_mousePosition":[715,356],"_rootPartCFrame":[748.205,229.477,47.153,0.015,0,1,0,1,0,-1,0,0.015],"_humanoidState":5,"_cameraCFrame":[755.786,250.192,47.253,0.013,-0.93,0.367,0,0.367,0.93,-1,-0.012,0.005],"_shiftlockState":false,"_pose":"FreeFall","_animationQueue":[],"_animationSpeed":1,"_zoom":20.656},{"_mousePosition":[715,356],"_rootPartCFrame":[747.939,229.863,47.149,0.015,0,1,0,1,0,-1,0,0.015],"_humanoidState":5,"_cameraCFrame":[755.519,250.578,47.25,0.013,-0.93,0.367,0,0.367,0.93,-1,-0.012,0.005],"_shiftlockState":false,"_pose":"FreeFall","_animationQueue":[],"_animationSpeed":1,"_zoom":20.656},{"_mousePosition":[715,356],"_rootPartCFrame":[747.672,230.195,47.146,0.015,0,1,0,1,0,-1,0,0.015],"_humanoidState":5,"_cameraCFrame":[755.215,250.924,47.246,0.013,-0.931,0.365,0,0.365,0.931,-1,-0.012,0.005],"_shiftlockState":false,"_pose":"FreeFall","_animationQueue":[],"_animationSpeed":1,"_zoom":20.656},{"_mousePosition":[715,356],"_rootPartCFrame":[747.405,230.472,47.142,0.014,0,1,0,1,0,-1,0,0.014],"_humanoidState":5,"_cameraCFrame":[754.949,251.201,47.242,0.013,-0.931,0.365,0,0.365,0.931,-1,-0.012,0.005],"_shiftlockState":false,"_pose":"FreeFall","_animationQueue":[],"_animationSpeed":1,"_zoom":20.656},{"_mousePosition":[715,356],"_rootPartCFrame":[747.139,230.694,47.139,0.014,0,1,0,1,0,-1,0,0.014],"_humanoidState":5,"_cameraCFrame":[754.645,251.438,47.219,0.011,-0.932,0.363,0,0.363,0.932,-1,-0.01,0.004],"_shiftlockState":false,"_pose":"FreeFall","_animationQueue":[],"_animationSpeed":1,"_zoom":20.656},{"_mousePosition":[715,356],"_rootPartCFrame":[746.872,230.862,47.135,0.014,0,1,0,1,0,-1,0,0.014],"_humanoidState":5,"_cameraCFrame":[754.341,251.621,47.215,0.011,-0.932,0.362,0,0.362,0.932,-1,-0.01,0.004],"_shiftlockState":false,"_pose":"FreeFall","_animationQueue":[],"_animationSpeed":1,"_zoom":20.656},{"_mousePosition":[715,356],"_rootPartCFrame":[746.606,230.976,47.132,0.014,0,1,0,1,0,-1,0,0.014],"_humanoidState":5,"_cameraCFrame":[754.037,251.749,47.193,0.008,-0.933,0.36,0,0.36,0.933,-1,-0.008,0.003],"_shiftlockState":false,"_pose":"FreeFall","_animationQueue":[],"_animationSpeed":1,"_zoom":20.656},{"_mousePosition":[715,356],"_rootPartCFrame":[746.339,231.035,47.129,0.013,0,1,0,1,0,-1,0,0.013],"_humanoidState":5,"_cameraCFrame":[753.733,251.822,47.171,0.006,-0.934,0.358,0,0.358,0.934,-1,-0.005,0.002],"_shiftlockState":false,"_pose":"FreeFall","_animationQueue":[],"_animationSpeed":1,"_zoom":20.656},{"_mousePosition":[715,356],"_rootPartCFrame":[746.072,231.039,47.127,0.013,0,1,0,1,0,-1,0,0.013],"_humanoidState":5,"_cameraCFrame":[753.429,251.841,47.131,0.001,-0.934,0.356,0,0.356,0.934,-1,-0.001,0],"_shiftlockState":false,"_pose":"FreeFall","_animationQueue":[],"_animationSpeed":1,"_zoom":20.656},{"_mousePosition":[715,356],"_rootPartCFrame":[745.806,230.989,47.126,0.012,0,1,0,1,0,-1,0,0.012],"_humanoidState":5,"_cameraCFrame":[753.087,251.82,47.111,-0.002,-0.936,0.352,0,0.352,0.936,-1,0.002,-0.001],"_shiftlockState":false,"_pose":"FreeFall","_animationQueue":[],"_animationSpeed":1,"_zoom":20.656},{"_mousePosition":[715,356],"_rootPartCFrame":[745.539,230.885,47.125,0.011,0,1,0,1,0,-1,0,0.011],"_humanoidState":5,"_cameraCFrame":[752.782,251.729,47.093,-0.004,-0.936,0.351,0,0.351,0.937,-1,0.004,-0.002],"_shiftlockState":false,"_pose":"FreeFall","_animationQueue":[["fall",0.3]],"_animationSpeed":1,"_zoom":20.656},{"_mousePosition":[715,356],"_rootPartCFrame":[745.273,230.726,47.126,0.009,0,1,0,1,0,-1,0,0.009],"_humanoidState":5,"_cameraCFrame":[752.478,251.584,47.075,-0.007,-0.937,0.349,0,0.349,0.937,-1,0.007,-0.002],"_shiftlockState":false,"_pose":"FreeFall","_animationQueue":[],"_animationSpeed":1,"_zoom":20.656},{"_mousePosition":[715,356],"_rootPartCFrame":[745.006,230.512,47.127,0.007,0,1,0,1,0,-1,0,0.007],"_humanoidState":5,"_cameraCFrame":[752.173,251.385,47.058,-0.01,-0.938,0.347,0,0.347,0.938,-1,0.009,-0.003],"_shiftlockState":false,"_pose":"FreeFall","_animationQueue":[],"_animationSpeed":1,"_zoom":20.656},{"_mousePosition":[715,356],"_rootPartCFrame":[744.739,230.244,47.128,0.005,0,1,0,1,0,-1,0,0.005],"_humanoidState":5,"_cameraCFrame":[751.907,251.117,47.06,-0.01,-0.938,0.347,0,0.347,0.938,-1,0.009,-0.003],"_shiftlockState":false,"_pose":"FreeFall","_animationQueue":[],"_animationSpeed":1,"_zoom":20.656},{"_mousePosition":[715,356],"_rootPartCFrame":[744.473,229.922,47.131,0.003,0,1,0,1,0,-1,0,0.003],"_humanoidState":5,"_cameraCFrame":[751.64,250.794,47.063,-0.01,-0.938,0.347,0,0.347,0.938,-1,0.009,-0.003],"_shiftlockState":false,"_pose":"FreeFall","_animationQueue":[],"_animationSpeed":1,"_zoom":20.656},{"_mousePosition":[715,356],"_rootPartCFrame":[744.206,229.545,47.133,0.002,0,1,0,1,0,-1,0,0.002],"_humanoidState":5,"_cameraCFrame":[751.374,250.418,47.065,-0.01,-0.938,0.347,0,0.347,0.938,-1,0.009,-0.003],"_shiftlockState":false,"_pose":"FreeFall","_animationQueue":[],"_animationSpeed":1,"_zoom":20.656},{"_mousePosition":[715,356],"_rootPartCFrame":[743.94,229.114,47.136,0,0,1,0,1,0,-1,0,0],"_humanoidState":5,"_cameraCFrame":[751.107,249.986,47.068,-0.01,-0.938,0.347,0,0.347,0.938,-1,0.009,-0.003],"_shiftlockState":false,"_pose":"FreeFall","_animationQueue":[],"_animationSpeed":1,"_zoom":20.656},{"_mousePosition":[715,356],"_rootPartCFrame":[743.673,228.628,47.139,-0.001,0,1,0,1,0,-1,0,-0.001],"_humanoidState":5,"_cameraCFrame":[750.84,249.5,47.07,-0.01,-0.938,0.347,0,0.347,0.938,-1,0.009,-0.003],"_shiftlockState":false,"_pose":"FreeFall","_animationQueue":[["fall",0.3]],"_animationSpeed":1,"_zoom":20.656},{"_mousePosition":[715,356],"_rootPartCFrame":[743.406,228.087,47.141,-0.002,0,1,0,1,0,-1,0,-0.002],"_humanoidState":7,"_cameraCFrame":[750.574,248.96,47.073,-0.01,-0.938,0.347,0,0.347,0.938,-1,0.009,-0.003],"_shiftlockState":false,"_pose":"FreeFall","_animationQueue":[["walk",0.1],["fall",0.3],["fall",0.3]],"_animationSpeed":1,"_zoom":20.656},{"_mousePosition":[715,356],"_rootPartCFrame":[743.14,227.492,47.144,-0.003,0,1,0,1,0,-1,0,-0.003],"_humanoidState":7,"_cameraCFrame":[750.307,248.365,47.075,-0.01,-0.938,0.347,0,0.347,0.938,-1,0.009,-0.003],"_shiftlockState":false,"_pose":"FreeFall","_animationQueue":[],"_animationSpeed":1,"_zoom":20.656},{"_mousePosition":[715,356],"_rootPartCFrame":[742.807,227.408,47.147,-0.005,0,1,0,1,0,-1,0,-0.005],"_humanoidState":8,"_cameraCFrame":[749.974,248.28,47.078,-0.01,-0.938,0.347,0,0.347,0.938,-1,0.009,-0.003],"_shiftlockState":false,"_pose":"Running","_animationQueue":[["walk",0.1],["fall",0.3],["walk",0.1]],"_animationSpeed":1.103,"_zoom":20.656},{"_mousePosition":[715,356],"_rootPartCFrame":[742.54,227.464,47.149,-0.005,0,1,0,1,0,-1,0,-0.005],"_humanoidState":8,"_cameraCFrame":[749.707,248.337,47.081,-0.01,-0.938,0.347,0,0.347,0.938,-1,0.009,-0.003],"_shiftlockState":false,"_pose":"Running","_animationQueue":[],"_animationSpeed":1.103,"_zoom":20.656},{"_mousePosition":[715,356],"_rootPartCFrame":[742.273,227.504,47.152,-0.006,0,1,0,1,0,-1,0,-0.006],"_humanoidState":8,"_cameraCFrame":[749.441,248.377,47.084,-0.01,-0.938,0.347,0,0.347,0.