[{"_mousePosition":[723,387],"_rootPartCFrame":[776.032,222.7,47.142,0,0,1,0,1,0,-1,0,0],"_humanoidState":8,"_cameraCFrame":[777.121,244.167,41.967,-0.979,-0.199,0.053,0,0.256,0.967,-0.206,0.946,-0.251],"_shiftlockState":false,"_pose":"Standing","_animationQueue":[],"_animationSpeed":1,"_zoom":20.656},{"_mousePosition":[723,387],"_rootPartCFrame":[775.79,222.7,47.092,0.029,0,1,0,1,0,-1,0,0.029],"_humanoidState":8,"_cameraCFrame":[776.88,244.167,41.916,-0.979,-0.199,0.053,0,0.256,0.967,-0.206,0.946,-0.251],"_shiftlockState":false,"_pose":"Standing","_animationQueue":[],"_animationSpeed":1,"_zoom":20.656},{"_mousePosition":[723,387],"_rootPartCFrame":[775.53,222.7,47.037,0.053,0,0.999,0,1,0,-0.999,0,0.053],"_humanoidState":8,"_cameraCFrame":[776.612,244.177,41.899,-0.979,-0.199,0.052,0,0.254,0.967,-0.206,0.946,-0.249],"_shiftlockState":false,"_pose":"Running","_animationQueue":[["walk",0.1]],"_animationSpeed":1.066,"_zoom":20.656},{"_mousePosition":[723,387],"_rootPartCFrame":[775.269,222.7,46.982,0.074,0,0.997,0,1,0,-0.997,0,0.074],"_humanoidState":8,"_cameraCFrame":[776.356,244.187,41.885,-0.978,-0.202,0.053,0,0.252,0.968,-0.208,0.946,-0.247],"_shiftlockState":false,"_pose":"Running","_animationQueue":[],"_animationSpeed":1.066,"_zoom":20.656},{"_mousePosition":[723,387],"_rootPartCFrame":[775.008,222.7,46.927,0.092,0,0.996,0,1,0,-0.996,0,0.092],"_humanoidState":8,"_cameraCFrame":[776.079,244.208,41.906,-0.978,-0.202,0.052,0,0.249,0.969,-0.208,0.947,-0.243],"_shiftlockState":false,"_pose":"Running","_animationQueue":[],"_animationSpeed":1.066,"_zoom":20.656},{"_mousePosition":[723,387],"_rootPartCFrame":[774.747,222.7,46.871,0.108,0,0.994,0,1,0,-0.994,0,0.108],"_humanoidState":8,"_cameraCFrame":[775.814,244.227,41.93,-0.977,-0.205,0.052,0,0.245,0.97,-0.211,0.948,-0.239],"_shiftlockState":false,"_pose":"Running","_animationQueue":[],"_animationSpeed":1.066,"_zoom":20.656},{"_mousePosition":[723,387],"_rootPartCFrame":[774.487,222.7,46.816,0.122,0,0.993,0,1,0,-0.993,0,0.122],"_humanoidState":8,"_cameraCFrame":[775.553,244.257,41.994,-0.976,-0.21,0.052,0,0.239,0.971,-0.216,0.948,-0.233],"_shiftlockState":false,"_pose":"Running","_animationQueue":[],"_animationSpeed":1.066,"_zoom":20.656},{"_mousePosition":[723,387],"_rootPartCFrame":[774.226,222.7,46.76,0.134,0,0.991,0,1,0,-0.991,0,0.134],"_humanoidState":8,"_cameraCFrame":[775.294,244.295,42.099,-0.975,-0.217,0.052,0,0.231,0.973,-0.223,0.948,-0.226],"_shiftlockState":false,"_pose":"Running","_animationQueue":[],"_animationSpeed":1.066,"_zoom":20.656},{"_mousePosition":[723,387],"_rootPartCFrame":[773.966,222.7,46.702,0.145,0,0.989,0,1,0,-0.989,0,0.145],"_humanoidState":8,"_cameraCFrame":[775.019,244.322,42.158,-0.974,-0.22,0.051,0,0.226,0.974,-0.226,0.949,-0.22],"_shiftlockState":false,"_pose":"Running","_animationQueue":[["walk",0.1]],"_animationSpeed":1.066,"_zoom":20.656},{"_mousePosition":[723,387],"_rootPartCFrame":[773.706,222.7,46.643,0.155,0,0.988,0,1,0,-0.988,0,0.155],"_humanoidState":8,"_cameraCFrame":[774.764,244.34,42.181,-0.973,-0.225,0.051,0,0.222,0.975,-0.231,0.949,-0.216],"_shiftlockState":false,"_pose":"Running","_animationQueue":[],"_animationSpeed":1.066,"_zoom":20.656},{"_mousePosition":[723,387],"_rootPartCFrame":[773.446,222.7,46.583,0.165,0,0.986,0,1,0,-0.986,0,0.165],"_humanoidState":8,"_cameraCFrame":[774.488,244.367,42.238,-0.972,-0.228,0.05,0,0.216,0.976,-0.233,0.949,-0.21],"_shiftlockState":false,"_pose":"Running","_animationQueue":[],"_animationSpeed":1.066,"_zoom":20.656},{"_mousePosition":[723,387],"_rootPartCFrame":[773.186,222.7,46.521,0.174,0,0.985,0,1,0,-0.985,0,0.174],"_humanoidState":8,"_cameraCFrame":[774.219,244.375,42.215,-0.972,-0.228,0.05,0,0.214,0.977,-0.233,0.95,-0.208],"_shiftlockState":false,"_pose":"Running","_animationQueue":[],"_animationSpeed":1.066,"_zoom":20.656},{"_mousePosition":[723,387],"_rootPartCFrame":[772.927,222.7,46.459,0.182,0,0.983,0,1,0,-0.983,0,0.182],"_humanoidState":8,"_cameraCFrame":[773.96,244.375,42.153,-0.972,-0.228,0.05,0,0.214,0.977,-0.233,0.95,-0.208],"_shiftlockState":false,"_pose":"Running","_animationQueue":[],"_animationSpeed":1.066,"_zoom":20.656},{"_mousePosition":[723,387],"_rootPartCFrame":[772.668,222.7,46.397,0.189,0,0.982,0,1,0,-0.982,0,0.189],"_humanoidState":8,"_cameraCFrame":[773.7,244.375,42.09,-0.972,-0.228,0.05,0,0.214,0.977,-0.233,0.95,-0.208],"_shiftlockState":false,"_pose":"Running","_animationQueue":[],"_animationSpeed":1.066,"_zoom":20.656},{"_mousePosition":[723,387],"_rootPartCFrame":[772.408,222.7,46.335,0.195,0,0.981,0,1,0,-0.981,0,0.195],"_humanoidState":8,"_cameraCFrame":[773.441,244.375,42.028,-0.972,-0.228,0.05,0,0.214,0.977,-0.233,0.95,-0.208],"_shiftlockState":false,"_pose":"Running","_animationQueue":[],"_animationSpeed":1.066,"_zoom":20.656},{"_mousePosition":[723,387],"_rootPartCFrame":[772.149,222.7,46.272,0.2,0,0.98,0,1,0,-0.98,0,0.2],"_humanoidState":8,"_cameraCFrame":[773.173,244.384,42.004,-0.972,-0.228,0.05,0,0.212,0.977,-0.233,0.95,-0.207],"_shiftlockState":false,"_pose":"Running","_animationQueue":[["walk",0.1]],"_animationSpeed":1.066,"_zoom":20.656},{"_mousePosition":[723,387],"_rootPartCFrame":[771.89,222.7,46.21,0.205,0,0.979,0,1,0,-0.979,0,0.205],"_humanoidState":8,"_cameraCFrame":[772.904,244.392,41.98,-0.972,-0.228,0.049,0,0.211,0.978,-0.233,0.951,-0.205],"_shiftlockState":false,"_pose":"Running","_animationQueue":[],"_animationSpeed":1.066,"_zoom":20.656},{"_mousePosition":[723,387],"_rootPartCFrame":[771.631,222.7,46.148,0.208,0,0.978,0,1,0,-0.978,0,0.208],"_humanoidState":8,"_cameraCFrame":[772.636,244.401,41.956,-0.972,-0.228,0.049,0,0.209,0.978,-0.233,0.951,-0.203],"_shiftlockState":false,"_pose":"Running","_animationQueue":[],"_animationSpeed":1.066,"_zoom":20.656},{"_mousePosition":[723,387],"_rootPartCFrame":[771.371,222.7,46.086,0.212,0,0.977,0,1,0,-0.977,0,0.212],"_humanoidState":8,"_cameraCFrame":[772.376,244.401,41.894,-0.972,-0.228,0.049,0,0.209,0.978,-0.233,0.951,-0.203],"_shiftlockState":false,"_pose":"Running","_animationQueue":[],"_animationSpeed":1.066,"_zoom":20.656},{"_mousePosition":[723,387],"_rootPartCFrame":[771.242,222.7,46.055,0.213,0,0.977,0,1,0,-0.977,0,0.213],"_humanoidState":8,"_cameraCFrame":[772.238,244.409,41.901,-0.972,-0.228,0.048,0,0.207,0.978,-0.233,0.951,-0.201],"_shiftlockState":false,"_pose":"Running","_animationQueue":[],"_animationSpeed":1.066,"_zoom":20.656},{"_mousePosition":[723,387],"_rootPartCFrame":[770.853,222.7,45.962,0.217,0,0.976,0,1,0,-0.976,0,0.217],"_humanoidState":8,"_cameraCFrame":[771.83,244.426,41.885,-0.972,-0.228,0.047,0,0.203,0.979,-0.233,0.952,-0.197],"_shiftlockState":false,"_pose":"Running","_animationQueue":[],"_animationSpeed":1.066,"_zoom":20.656},{"_mousePosition":[723,387],"_rootPartCFrame":[770.593,223.563,45.899,0.22,0,0.976,0,1,0,-0.976,0,0.22],"_humanoidState":3,"_cameraCFrame":[771.562,245.297,41.861,-0.972,-0.228,0.047,0,0.201,0.98,-0.233,0.953,-0.196],"_shiftlockState":false,"_pose":"Jumping","_animationQueue":[["walk",0.1],["walk",0.1],["jump",0.1]],"_animationSpeed":1,"_zoom":20.656},{"_mousePosition":[723,387],"_rootPartCFrame":[770.334,224.371,45.837,0.222,0,0.975,0,1,0,-0.975,0,0.222],"_humanoidState":5,"_cameraCFrame":[769.582,246.121,41.467,-0.972,-0.229,0.046,0,0.197,0.98,-0.233,0.953,-0.192],"_shiftlockState":true,"_pose":"FreeFall","_animationQueue":[["jump",0.1]],"_animationSpeed":1,"_zoom":20.656},{"_mousePosition":[683,384],"_rootPartCFrame":[770.075,225.125,45.775,-0.947,0,0.322,0,1,0,-0.322,0,-0.947],"_humanoidState":5,"_cameraCFrame":[769.323,246.875,41.405,-0.972,-0.229,0.046,0,0.197,0.98,-0.233,0.953,-0.192],"_shiftlockState":true,"_pose":"FreeFall","_animationQueue":[],"_animationSpeed":1,"_zoom":20.656},{"_mousePosition":[683,384],"_rootPartCFrame":[769.816,225.824,45.713,-0.935,0,0.356,0,1,0,-0.356,0,-0.935],"_humanoidState":5,"_cameraCFrame":[769.055,247.582,41.381,-0.972,-0.229,0.046,0,0.195,0.981,-0.233,0.954,-0.19],"_shiftlockState":true,"_pose":"FreeFall","_animationQueue":[],"_animationSpeed":1,"_zoom":20.656},{"_mousePosition":[683,384],"_rootPartCFrame":[769.556,226.469,45.651,-0.933,0,0.36,0,1,0,-0.36,0,-0.933],"_humanoidState":5,"_cameraCFrame":[768.795,248.227,41.319,-0.972,-0.229,0.046,0,0.195,0.981,-0.233,0.954,-0.19],"_shiftlockState":true,"_pose":"FreeFall","_animationQueue":[],"_animationSpeed":1,"_zoom":20.656},{"_mousePosition":[683,384],"_rootPartCFrame":[769.297,227.06,45.588,-0.933,0,0.36,0,1,0,-0.36,0,-0.933],"_humanoidState":5,"_cameraCFrame":[768.516,248.826,41.297,-0.973,-0.226,0.045,0,0.193,0.981,-0.231,0.955,-0.188],"_shiftlockState":true,"_pose":"FreeFall","_animationQueue":[],"_animationSpeed":1,"_zoom":20.656},{"_mousePosition":[683,384],"_rootPartCFrame":[769.038,227.595,45.526,-0.934,0,0.358,0,1,0,-0.358,0,-0.934],"_humanoidState":5,"_cameraCFrame":[768.257,249.361,41.235,-0.973,-0.226,0.045,0,0.193,0.981,-0.231,0.955,-0.188],"_shiftlockState":true,"_pose":"FreeFall","_animationQueue":[],"_animationSpeed":1,"_zoom":20.656},{"_mousePosition":[683,384],"_rootPartCFrame":[768.843,227.962,45.48,-0.945,0,0.327,0,1,0,-0.327,0,-0.945],"_humanoidState":5,"_cameraCFrame":[768.062,249.728,41.189,-0.973,-0.226,0.045,0,0.193,0.981,-0.231,0.955,-0.188],"_shiftlockState":true,"_pose":"FreeFall","_animationQueue":[],"_animationSpeed":1,"_zoom":20.656},{"_mousePosition":[683,384],"_rootPartCFrame":[768.519,228.504,45.403,-0.921,0,0.389,0,1,0,-0.389,0,-0.921],"_humanoidState":5,"_cameraCFrame":[767.738,250.27,41.112,-0.973,-0.226,0.045,0,0.193,0.981,-0.231,0.955,-0.188],"_shiftlockState":true,"_pose":"FreeFall","_animationQueue":[],"_animationSpeed":1,"_zoom":20.656},{"_mousePosition":[683,384],"_rootPartCFrame":[768.324,228.788,45.357,-0.945,0,0.327,0,1,0,-0.327,0,-0.945],"_humanoidState":5,"_cameraCFrame":[767.543,250.554,41.066,-0.973,-0.226,0.045,0,0.193,0.981,-0.231,0.955,-0.188],"_shiftlockState":true,"_pose":"FreeFall","_animationQueue":[],"_animationSpeed":1,"_zoom":20.656},{"_mousePosition":[683,384],"_rootPartCFrame":[768,229.194,45.28,-0.921,0,0.389,0,1,0,-0.389,0,-0.921],"_humanoidState":5,"_cameraCFrame":[767.219,250.96,40.989,-0.973,-0.226,0.045,0,0.193,0.981,-0.231,0.955,-0.188],"_shiftlockState":true,"_pose":"FreeFall","_animationQueue":[],"_animationSpeed":1,"_zoom":20.656},{"_mousePosition":[683,384],"_rootPartCFrame":[767.74,229.457,45.219,-0.934,0,0.358,0,1,0,-0.358,0,-0.934],"_humanoidState":5,"_cameraCFrame":[766.959,251.223,40.928,-0.973,-0.226,0.045,0,0.193,0.981,-0.231,0.955,-0.188],"_shiftlockState":true,"_pose":"FreeFall","_animationQueue":[],"_animationSpeed":1,"_zoom":20.656},{"_mousePosition":[683,384],"_rootPartCFrame":[767.481,229.666,45.157,-0.934,0,0.358,0,1,0,-0.358,0,-0.934],"_humanoidState":5,"_cameraCFrame":[766.7,251.432,40.866,-0.973,-0.226,0.045,0,0.193,0.981,-0.231,0.955,-0.188],"_shiftlockState":true,"_pose":"FreeFall","_animationQueue":[],"_animationSpeed":1,"_zoom":20.656},{"_mousePosition":[683,384],"_rootPartCFrame":[767.286,229.787,45.111,-0.945,0,0.327,0,1,0,-0.327,0,-0.945],"_humanoidState":5,"_cameraCFrame":[766.505,251.553,40.82,-0.973,-0.226,0.045,0,0.193,0.981,-0.231,0.955,-0.188],"_shiftlockState":true,"_pose":"FreeFall","_animationQueue":[],"_animationSpeed":1,"_zoom":20.656},{"_mousePosition":[683,384],"_rootPartCFrame":[766.962,229.921,45.034,-0.921,0,0.389,0,1,0,-0.389,0,-0.921],"_humanoidState":5,"_cameraCFrame":[766.181,251.687,40.743,-0.973,-0.226,0.045,0,0.193,0.981,-0.231,0.955,-0.188],"_shiftlockState":true,"_pose":"FreeFall","_animationQueue":[],"_animationSpeed":1,"_zoom":20.656},{"_mousePosition":[683,384],"_rootPartCFrame":[766.767,229.96,44.988,-0.945,0,0.327,0,1,0,-0.327,0,-0.945],"_humanoidState":5,"_cameraCFrame":[765.997,251.726,40.695,-0.972,-0.229,0.045,0,0.193,0.981,-0.233,0.954,-0.188],"_shiftlockState":true,"_pose":"FreeFall","_animationQueue":[],"_animationSpeed":1,"_zoom":20.656},{"_mousePosition":[683,384],"_rootPartCFrame":[766.443,229.957,44.911,-0.92,0,0.391,0,1,0,-0.391,0,-0.92],"_humanoidState":5,"_cameraCFrame":[765.694,251.723,40.614,-0.971,-0.234,0.046,0,0.193,0.981,-0.238,0.953,-0.188],"_shiftlockState":true,"_pose":"FreeFall","_animationQueue":[],"_animationSpeed":1,"_zoom":20.656},{"_mousePosition":[683,384],"_rootPartCFrame":[766.183,229.893,44.849,-0.931,0,0.365,0,1,0,-0.365,0,-0.931],"_humanoidState":5,"_cameraCFrame":[765.457,251.659,40.548,-0.97,-0.238,0.047,0,0.193,0.981,-0.243,0.952,-0.188],"_shiftlockState":true,"_pose":"FreeFall","_animationQueue":[],"_animationSpeed":1,"_zoom":20.656},{"_mousePosition":[683,384],"_rootPartCFrame":[765.924,229.775,44.786,-0.929,0,0.37,0,1,0,-0.37,0,-0.929],"_humanoidState":5,"_cameraCFrame":[765.221,251.557,40.554,-0.968,-0.248,0.048,0,0.19,0.982,-0.253,0.95,-0.183],"_shiftlockState":true,"_pose":"FreeFall","_animationQueue":[],"_animationSpeed":1,"_zoom":20.656},{"_mousePosition":[683,384],"_rootPartCFrame":[765.665,229.603,44.721,-0.925,0,0.379,0,1,0,-0.379,0,-0.925],"_humanoidState":5,"_cameraCFrame":[764.984,251.399,40.559,-0.965,-0.258,0.049,0,0.186,0.983,-0.263,0.948,-0.179],"_shiftlockState":true,"_pose":"FreeFall","_animationQueue":[],"_animationSpeed":1,"_zoom":20.656},{"_mousePosition":[683,384],"_rootPartCFrame":[765.407,229.375,44.654,-0.921,0,0.388,0,1,0,-0.388,0,-0.921],"_humanoidState":5,"_cameraCFrame":[764.768,251.187,40.558,-0.961,-0.273,0.05,0,0.182,0.983,-0.277,0.945,-0.175],"_shiftlockState":true,"_pose":"FreeFall","_animationQueue":[],"_animationSpeed":1,"_zoom":20.656},{"_mousePosition":[683,384],"_rootPartCFrame":[765.15,229.094,44.584,-0.915,0,0.402,0,1,0,-0.402,0,-0.915],"_humanoidState":5,"_cameraCFrame":[764.561,250.912,40.517,-0.956,-0.287,0.053,0,0.18,0.984,-0.292,0.941,-0.172],"_shiftlockState":true,"_pose":"FreeFall","_animationQueue":[["fall",0.3]],"_animationSpeed":1,"_zoom":20.656},{"_mousePosition":[683,384],"_rootPartCFrame":[764.894,228.758,44.511,-0.909,0,0.416,0,1,0,-0.416,0,-0.909],"_humanoidState":5,"_cameraCFrame":[764.393,250.591,40.504,-0.948,-0.313,0.056,0,0.176,0.984,-0.318,0.933,-0.167],"_shiftlockState":true,"_pose":"FreeFall","_animationQueue":[],"_animationSpeed":1,"_zoom":20.656},{"_mousePosition":[683,384],"_rootPartCFrame":[764.638,228.367,44.434,-0.897,0,0.441,0,1,0,-0.441,0,-0.897],"_humanoidState":5,"_cameraCFrame":[764.195,250.207,40.456,-0.942,-0.33,0.058,0,0.174,0.985,-0.335,0.928,-0.164],"_shiftlockState":true,"_pose":"FreeFall","_animationQueue":[],"_animationSpeed":1,"_zoom":20.656},{"_mousePosition":[683,384],"_rootPartCFrame":[764.385,227.922,44.35,-0.889,0,0.457,0,1,0,-0.457,0,-0.889],"_humanoidState":5,"_cameraCFrame":[763.982,249.762,40.368,-0.939,-0.339,0.06,0,0.174,0.985,-0.345,0.924,-0.164],"_shiftlockState":true,"_pose":"FreeFall","_animationQueue":[],"_animationSpeed":1,"_zoom":20.656},{"_mousePosition":[683,384],"_rootPartCFrame":[764.134,227.422,44.261,-0.885,0,0.466,0,1,0,-0.466,0,-0.885],"_humanoidState":5,"_cameraCFrame":[763.751,249.262,40.277,-0.937,-0.344,0.061,0,0.174,0.985,-0.349,0.923,-0.163],"_shiftlockState":true,"_pose":"FreeFall","_animationQueue":[],"_animationSpeed":1,"_zoom":20.656},{"_mousePosition":[683,384],"_rootPartCFrame":[763.883,226.868,44.17,-0.882,0,0.471,0,1,0,-0.471,0,-0.882],"_humanoidState":5,"_cameraCFrame":[763.506,248.711,40.197,-0.936,-0.346,0.061,0,0.174,0.985,-0.352,0.922,-0.163],"_shiftlockState":true,"_pose":"FreeFall","_animationQueue":[],"_animationSpeed":1,"_zoom":20.656},{"_mousePosition":[683,384],"_rootPartCFrame":[763.696,226.417,44.1,-0.896,0,0.443,0,1,0,-0.443,0,-0.896],"_humanoidState":5,"_cameraCFrame":[763.319,248.259,40.127,-0.936,-0.346,0.061,0,0.174,0.985,-0.352,0.922,-0.163],"_shiftlockState":true,"_pose":"FreeFall","_animationQueue":[],"_animationSpeed":1,"_zoom":20.656},{"_mousePosition":[683,384],"_rootPartCFrame":[763.446,225.768,44.006,-0.881,0,0.473,0,1,0,-0.473,0,-0.881],"_humanoidState":5,"_cameraCFrame":[763.069,247.61,40.033,-0.936,-0.346,0.061,0,0.174,0.985,-0.352,0.922,-0.163],"_shiftlockState":true,"_pose":"FreeFall","_animationQueue":[["fall",0.3]],"_animationSpeed":1,"_zoom":20.656},{"_mousePosition":[683,384],"_rootPartCFrame":[763.134,224.879,43.889,-0.865,0,0.502,0,1,0,-0.502,0,-0.865],"_humanoidState":5,"_cameraCFrame":[762.757,246.721,39.916,-0.936,-0.346,0.061,0,0.174,0.985,-0.352,0.922,-0.163],"_shiftlockState":true,"_pose":"FreeFall","_animationQueue":[],"_animationSpeed":1,"_zoom":20.656},{"_mousePosition":[683,384],"_rootPartCFrame":[762.884,224.107,43.795,-0.881,0,0.473,0,1,0,-0.473,0,-0.881],"_humanoidState":5,"_cameraCFrame":[762.507,245.949,39.822,-0.936,-0.346,0.061,0,0.174,0.985,-0.352,0.922,-0.163],"_shiftlockState":true,"_pose":"FreeFall","_animationQueue":[],"_animationSpeed":1,"_zoom":20.656},{"_mousePosition":[683,384],"_rootPartCFrame":[762.635,223.28,43.702,-0.881,0,0.473,0,1,0,-0.473,0,-0.881],"_humanoidState":5,"_cameraCFrame":[762.258,245.122,39.728,-0.936,-0.346,0.061,0,0.174,0.985,-0.352,0.922,-0.163],"_shiftlockState":true,"_pose":"FreeFall","_animationQueue":[],"_animationSpeed":1,"_zoom":20.656},{"_mousePosition":[683,384],"_rootPartCFrame":[762.385,222.508,43.608,-0.923,0,0.384,0,1,0,-0.384,0,-0.923],"_humanoidState":7,"_cameraCFrame":[762.008,244.35,39.635,-0.936,-0.346,0.061,0,0.174,0.985,-0.352,0.922,-0.163],"_shiftlockState":true,"_pose":"FreeFall","_animationQueue":[["walk",0.1],["fall",0.3],["fall",0.3]],"_animationSpeed":1,"_zoom":20.656},{"_mousePosition":[683,384],"_rootPartCFrame":[762.136,223.673,43.514,-0.933,0,0.359,0,1,0,-0.359,0,-0.933],"_humanoidState":3,"_cameraCFrame":[761.769,245.515,39.54,-0.935,-0.349,0.061,0,0.174,0.985,-0.354,0.921,-0.162],"_shiftlockState":true,"_pose":"Jumping","_animationQueue":[["fall",0.3],["jump",0.1]],"_animationSpeed":1,"_zoom":20.656},{"_mousePosition":[683,384],"_rootPartCFrame":[761.886,224.839,43.42,-0.898,0,0.441,0,1,0,-0.441,0,-0.898],"_humanoidState":5,"_cameraCFrame":[761.519,246.682,39.446,-0.935,-0.349,0.061,0,0.174,0.985,-0.354,0.921,-0.162],"_shiftlockState":true,"_pose":"FreeFall","_animationQueue":[["jump",0.1]],"_animationSpeed":1,"_zoom":20.656},{"_mousePosition":[683,384],"_rootPartCFrame":[761.637,226.006,43.326,-0.882,0,0.471,0,1,0,-0.471,0,-0.882],"_humanoidState":5,"_cameraCFrame":[761.27,247.848,39.352,-0.935,-0.349,0.061,0,0.174,0.985,-0.354,0.921,-0.162],"_shiftlockState":true,"_pose":"FreeFall","_animationQueue":[],"_animationSpeed":1,"_zoom":20.656},{"_mousePosition":[683,384],"_rootPartCFrame":[761.387,227.173,43.232,-0.88,0,0.475,0,1,0,-0.475,0,-0.88],"_humanoidState":5,"_cameraCFrame":[761.02,249.015,39.257,-0.935,-0.349,0.061,0,0.174,0.985,-0.354,0.921,-0.162],"_shiftlockState":true,"_pose":"FreeFall","_animationQueue":[],"_animationSpeed":1,"_zoom":20.656},{"_mousePosition":[683,384],"_rootPartCFrame":[761.138,228.339,43.137,-0.88,0,0.475,0,1,0,-0.475,0,-0.88],"_humanoidState":5,"_cameraCFrame":[760.781,250.182,39.162,-0.934,-0.351,0.062,0,0.174,0.985,-0.356,0.92,-0.162],"_shiftlockState":true,"_pose":"FreeFall","_animationQueue":[],"_animationSpeed":1,"_zoom":20.656},{"_mousePosition":[683,384],"_rootPartCFrame":[760.888,229.506,43.043,-0.879,0,0.477,0,1,0,-0.477,0,-0.879],"_humanoidState":5,"_cameraCFrame":[760.531,251.348,39.068,-0.934,-0.351,0.062,0,0.174,0.985,-0.356,0.92,-0.162],"_shiftlockState":true,"_pose":"FreeFall","_animationQueue":[],"_animationSpeed":1,"_zoom":20.656},{"_mousePosition":[683,384],"_rootPartCFrame":[760.701,230.381,42.972,-0.894,0,0.448,0,1,0,-0.448,0,-0.894],"_humanoidState":5,"_cameraCFrame":[760.345,252.223,38.997,-0.934,-0.351,0.062,0,0.174,0.985,-0.356,0.92,-0.162],"_shiftlockState":true,"_pose":"FreeFall","_animationQueue":[],"_animationSpeed":1,"_zoom":20.656},{"_mousePosition":[683,384],"_rootPartCFrame":[760.39,231.839,42.853,-0.862,0,0.506,0,1,0,-0.506,0,-0.862],"_humanoidState":5,"_cameraCFrame":[760.033,253.682,38.878,-0.934,-0.351,0.062,0,0.174,0.985,-0.356,0.92,-0.162],"_shiftlockState":true,"_pose":"FreeFall","_animationQueue":[],"_animationSpeed":1,"_zoom":20.656},{"_mousePosition":[683,384],"_rootPartCFrame":[760.14,232.972,42.758,-0.879,0,0.477,0,1,0,-0.477,0,-0.879],"_humanoidState":5,"_cameraCFrame":[759.784,254.814,38.783,-0.934,-0.351,0.062,0,0.174,0.985,-0.356,0.92,-0.162],"_shiftlockState":true,"_pose":"FreeFall","_animationQueue":[],"_animationSpeed":1,"_zoom":20.656},{"_mousePosition":[683,384],"_rootPartCFrame":[759.953,233.786,42.686,-0.894,0,0.448,0,1,0,-0.448,0,-0.894],"_humanoidState":5,"_cameraCFrame":[759.597,255.628,38.711,-0.934,-0.351,0.062,0,0.174,0.985,-0.356,0.92,-0.162],"_shiftlockState":true,"_pose":"FreeFall","_animationQueue":[],"_animationSpeed":1,"_zoom":20.656},{"_mousePosition":[683,384],"_rootPartCFrame":[759.642,235.074,42.568,-0.862,0,0.506,0,1,0,-0.506,0,-0.862],"_humanoidState":5,"_cameraCFrame":[759.285,256.916,38.593,-0.934,-0.351,0.062,0,0.174,0.985,-0.356,0.92,-0.162],"_shiftlockState":true,"_pose":"FreeFall","_animationQueue":[],"_animationSpeed":1,"_zoom":20.656},{"_mousePosition":[683,384],"_rootPartCFrame":[759.393,236.043,42.473,-0.879,0,0.477,0,1,0,-0.477,0,-0.879],"_humanoidState":5,"_cameraCFrame":[759.036,257.885,38.498,-0.934,-0.351,0.062,0,0.174,0.985,-0.356,0.92,-0.162],"_shiftlockState":true,"_pose":"FreeFall","_animationQueue":[],"_animationSpeed":1,"_zoom":20.656},{"_mousePosition":[683,384],"_rootPartCFrame":[759.143,236.957,42.378,-0.879,0,0.477,0,1,0,-0.477,0,-0.879],"_humanoidState":5,"_cameraCFrame":[758.787,258.8,38.403,-0.934,-0.351,0.062,0,0.174,0.985,-0.356,0.92,-0.162],"_shiftlockState":true,"_pose":"FreeFall","_animationQueue":[],"_animationSpeed":1,"_zoom":20.656},{"_mousePosition":[683,384],"_rootPartCFrame":[758.894,237.818,42.283,-0.879,0,0.477,0,1,0,-0.477,0,-0.879],"_humanoidState":5,"_cameraCFrame":[758.507,259.66,38.31,-0.937,-0.344,0.061,0,0.174,0.985,-0.349,0.923,-0.163],"_shiftlockState":true,"_pose":"FreeFall","_animationQueue":[],"_animationSpeed":1,"_zoom":20.656},{"_mousePosition":[683,384],"_rootPartCFrame":[758.645,238.623,42.188,-0.882,0,0.471,0,1,0,-0.471,0,-0.882],"_humanoidState":5,"_cameraCFrame":[758.228,260.465,38.218,-0.94,-0.337,0.059,0,0.174,0.985,-0.342,0.925,-0.163],"_shiftlockState":true,"_pose":"FreeFall","_animationQueue":[],"_animationSpeed":1,"_zoom":20.656},{"_mousePosition":[683,384],"_rootPartCFrame":[758.395,239.374,42.094,-0.886,0,0.464,0,1,0,-0.464,0,-0.886],"_humanoidState":5,"_cameraCFrame":[757.948,261.216,38.128,-0.942,-0.33,0.058,0,0.174,0.985,-0.335,0.928,-0.164],"_shiftlockState":true,"_pose":"FreeFall","_animationQueue":[],"_animationSpeed":1,"_zoom":20.656},{"_mousePosition":[683,384],"_rootPartCFrame":[758.145,240.071,42.003,-0.889,0,0.457,0,1,0,-0.457,0,-0.889],"_humanoidState":5,"_cameraCFrame":[757.657,261.913,38.041,-0.946,-0.321,0.057,0,0.174,0.985,-0.325,0.931,-0.164],"_shiftlockState":true,"_pose":"FreeFall","_animationQueue":[],"_animationSpeed":1,"_zoom":20.656},{"_mousePosition":[683,384],"_rootPartCFrame":[757.893,240.713,41.913,-0.894,0,0.448,0,1,0,-0.448,0,-0.894],"_humanoidState":5,"_cameraCFrame":[757.346,262.555,37.96,-0.95,-0.306,0.054,0,0.174,0.985,-0.311,0.936,-0.165],"_shiftlockState":true,"_pose":"FreeFall","_animationQueue":[],"_animationSpeed":1,"_zoom":20.656},{"_mousePosition":[683,384],"_rootPartCFrame":[757.641,241.301,41.826,-0.901,0,0.435,0,1,0,-0.435,0,-0.901],"_humanoidState":5,"_cameraCFrame":[757.034,263.143,37.881,-0.955,-0.292,0.052,0,0.174,0.985,-0.297,0.94,-0.166],"_shiftlockState":true,"_pose":"FreeFall","_animationQueue":[],"_animationSpeed":1,"_zoom":20.656},{"_mousePosition":[683,384],"_rootPartCFrame":[757.388,241.834,41.742,-0.907,0,0.421,0,1,0,-0.421,0,-0.907],"_humanoidState":5,"_cameraCFrame":[756.711,263.676,37.809,-0.96,-0.275,0.049,0,0.174,0.985,-0.28,0.946,-0.167],"_shiftlockState":true,"_pose":"FreeFall","_animationQueue":[],"_animationSpeed":1,"_zoom":20.656},{"_mousePosition":[683,384],"_rootPartCFrame":[757.07,242.423,41.643,-0.9,0,0.435,0,1,0,-0.435,0,-0.9],"_humanoidState":5,"_cameraCFrame":[756.333,264.266,37.72,-0.964,-0.261,0.046,0,0.174,0.985,-0.265,0.95,-0.167],"_shiftlockState":true,"_pose":"FreeFall","_animationQueue":[["fall",0.3]],"_animationSpeed":1,"_zoom":20.656},{"_mousePosition":[683,384],"_rootPartCFrame":[756.878,242.736,41.586,-0.933,0,0.36,0,1,0,-0.36,0,-0.933],"_humanoidState":5,"_cameraCFrame":[756.072,264.579,37.677,-0.969,-0.244,0.043,0,0.174,0.985,-0.248,0.954,-0.168],"_shiftlockState":true,"_pose":"FreeFall","_animationQueue":[],"_animationSpeed":1,"_zoom":20.656},{"_mousePosition":[683,384],"_rootPartCFrame":[756.621,243.106,41.515,-0.927,0,0.374,0,1,0,-0.374,0,-0.927],"_humanoidState":5,"_cameraCFrame":[755.746,264.948,37.621,-0.973,-0.227,0.04,0,0.174,0.985,-0.231,0.958,-0.169],"_shiftlockState":true,"_pose":"FreeFall","_animationQueue":[],"_animationSpeed":1,"_zoom":20.656},{"_mousePosition":[683,384],"_rootPartCFrame":[756.363,243.421,41.448,-0.934,0,0.358,0,1,0,-0.358,0,-0.934],"_humanoidState":5,"_cameraCFrame":[755.429,265.263,37.568,-0.976,-0.213,0.037,0,0.174,0.985,-0.216,0.962,-0.17],"_shiftlockState":true,"_pose":"FreeFall","_animationQueue":[],"_animationSpeed":1,"_zoom":20.656},{"_mousePosition":[683,384],"_rootPartCFrame":[756.104,243.682,41.386,-0.939,0,0.344,0,1,0,-0.344,0,-0.939],"_humanoidState":5,"_cameraCFrame":[755.082,265.524,37.528,-0.981,-0.191,0.034,0,0.174,0.985,-0.194,0.966,-0.17],"_shiftlockState":true,"_pose":"FreeFall","_animationQueue":[],"_animationSpeed":1,"_zoom":20.656},{"_mousePosition":[683,384],"_rootPartCFrame":[755.844,243.888,41.328,-0.947,0,0.322,0,1,0,-0.322,0,-0.947],"_humanoidState":5,"_cameraCFrame":[754.763,265.73,37.486,-0.984,-0.176,0.031,0,0.174,0.985,-0.179,0.969,-0.171],"_shiftlockState":true,"_pose":"FreeFall","_animationQueue":[],"_animationSpeed":1,"_zoom":20.656},{"_mousePosition":[683,384],"_rootPartCFrame":[755.582,244.039,41.275,-0.951,0,0.308,0,1,0,-0.308,0,-0.951],"_humanoidState":5,"_cameraCFrame":[754.443,265.882,37.45,-0.987,-0.161,0.028,0,0.174,0.985,-0.164,0.972,-0.171],"_shiftlockState":true,"_pose":"FreeFall","_animationQueue":[],"_animationSpeed":1,"_zoom":20.656},{"_mousePosition":[683,384],"_rootPartCFrame":[755.32,244.137,41.227,-0.956,0,0.293,0,1,0,-0.293,0,-0.956],"_humanoidState":5,"_cameraCFrame":[754.142,265.979,37.414,-0.988,-0.151,0.027,0,0.174,0.985,-0.154,0.973,-0.172],"_shiftlockState":true,"_pose":"FreeFall","_animationQueue":[["fall",0.3]],"_animationSpeed":1,"_zoom":20.656},{"_mousePosition":[683,384],"_rootPartCFrame":[755.057,244.179,41.183,-0.959,0,0.284,0,1,0,-0.284,0,-0.959],"_humanoidState":5,"_cameraCFrame":[753.841,266.021,37.382,-0.99,-0.142,0.025,0,0.174,0.985,-0.144,0.975,-0.172],"_shiftlockState":true,"_pose":"FreeFall","_animationQueue":[],"_animationSpeed":1,"_zoom":20.656},{"_mousePosition":[683,384],"_rootPartCFrame":[754.794,244.167,41.141,-0.962,0,0.274,0,1,0,-0.274,0,-0.962],"_humanoidState":5,"_cameraCFrame":[753.539,266.009,37.353,-0.991,-0.132,0.023,0,0.174,0.985,-0.134,0.976,-0.172],"_shiftlockState":true,"_pose":"FreeFall","_animationQueue":[],"_animationSpeed":1,"_zoom":20.656},{"_mousePosition":[683,384],"_rootPartCFrame":[754.53,244.101,41.103,-0.964,0,0.264,0,1,0,-0.264,0,-0.964],"_humanoidState":5,"_cameraCFrame":[753.237,265.943,37.327,-0.992,-0.122,0.021,0,0.174,0.985,-0.124,0.977,-0.172],"_shiftlockState":true,"_pose":"FreeFall","_animationQueue":[],"_animationSpeed":1,"_zoom":20.656},{"_mousePosition":[683,384],"_rootPartCFrame":[754.266,243.98,41.067,-0.967,0,0.254,0,1,0,-0.254,0,-0.967],"_humanoidState":5,"_cameraCFrame":[752.944,265.822,37.301,-0.993,-0.114,0.02,0,0.174,0.985,-0.116,0.978,-0.172],"_shiftlockState":true,"_pose":"FreeFall","_animationQueue":[],"_animationSpeed":1,"_zoom":20.656},{"_mousePosition":[683,384],"_rootPartCFrame":[754.001,243.805,41.033,-0.969,0,0.247,0,1,0,-0.247,0,-0.969],"_humanoidState":5,"_cameraCFrame":[752.632,265.647,37.284,-0.995,-0.102,0.018,0,0.174,0.985,-0.104,0.98,-0.173],"_shiftlockState":true,"_pose":"FreeFall","_animationQueue":[],"_animationSpeed":1,"_zoom":20.656},{"_mousePosition":[683,384],"_rootPartCFrame":[753.736,243.575,41.002,-0.972,0,0.235,0,1,0,-0.235,0,-0.972],"_humanoidState":5,"_cameraCFrame":[752.301,265.417,37.278,-0.996,-0.085,0.015,0,0.174,0.985,-0.086,0.981,-0.173],"_shiftlockState":true,"_pose":"FreeFall","_animationQueue":[],"_animationSpeed":1,"_zoom":20.656},{"_mousePosition":[683,384],"_rootPartCFrame":[753.471,243.29,40.974,-0.976,0,0.218,0,1,0,-0.218,0,-0.976],"_humanoidState":5,"_cameraCFrame":[751.942,265.132,37.287,-0.998,-0.06,0.011,0,0.174,0.985,-0.061,0.983,-0.173],"_shiftlockState":true,"_pose":"FreeFall","_animationQueue":[["fall",0.3]],"_animationSpeed":1,"_zoom":20.656},{"_mousePosition":[683,384],"_rootPartCFrame":[753.206,242.951,40.95,-0.981,0,0.193,0,1,0,-0.193,0,-0.981],"_humanoidState":5,"_cameraCFrame":[751.584,264.794,37.304,-0.999,-0.035,0.006,0,0.174,0.985,-0.035,0.984,-0.174],"_shiftlockState":true,"_pose":"FreeFall","_animationQueue":[],"_animationSpeed":1,"_zoom":20.656},{"_mousePosition":[683,384],"_rootPartCFrame":[752.939,242.558,40.933,-0.986,0,0.168,0,1,0,-0.168,0,-0.986],"_humanoidState":5,"_cameraCFrame":[751.253,264.4,37.316,-1,-0.017,0.003,0,0.174,0.985,-0.018,0.985,-0.174],"_shiftlockState":true,"_pose":"FreeFall","_animationQueue":[],"_animationSpeed":1,"_zoom":20.656},{"_mousePosition":[683,384],"_rootPartCFrame":[752.673,242.11,40.923,-0.989,0,0.15,0,1,0,-0.15,0,-0.989],"_humanoidState":5,"_cameraCFrame":[750.923,263.952,37.336,-1,0,0,0,0.174,0.985,0,0.985,-0.174],"_shiftlockState":true,"_pose":"FreeFall","_animationQueue":[],"_animationSpeed":1,"_zoom":20.656},{"_mousePosition":[683,384],"_rootPartCFrame":[752.406,241.608,40.917,-0.991,0,0.133,0,1,0,-0.133,0,-0.991],"_humanoidState":5,"_cameraCFrame":[750.638,263.45,37.339,-1,0.005,-0.001,0,0.174,0.985,0.005,0.985,-0.174],"_shiftlockState":true,"_pose":"FreeFall","_animationQueue":[],"_animationSpeed":1,"_zoom":20.656},{"_mousePosition":[683,384],"_rootPartCFrame":[752.14,241.051,40.916,-0.992,0,0.128,0,1,0,-0.128,0,-0.992],"_humanoidState":5,"_cameraCFrame":[750.344,262.893,37.352,-1,0.012,-0.002,0,0.174,0.985,0.013,0.985,-0.174],"_shiftlockState":true,"_pose":"FreeFall","_animationQueue":[],"_animationSpeed":1,"_zoom":20.656},{"_mousePosition":[683,384],"_rootPartCFrame":[751.94,240.597,40.917,-0.996,0,0.087,0,1,0,-0.087,0,-0.996],"_humanoidState":5,"_cameraCFrame":[750.091,262.44,37.38,-1,0.027,-0.005,0,0.174,0.985,0.028,0.984,-0.174],"_shiftlockState":true,"_pose":"FreeFall","_animationQueue":[],"_animationSpeed":1,"_zoom":20.656},{"_mousePosition":[683,384],"_rootPartCFrame":[751.607,239.773,40.921,-0.99,0,0.138,0,1,0,-0.138,0,-0.99],"_humanoidState":5,"_cameraCFrame":[749.66,261.616,37.437,-0.998,0.055,-0.01,0,0.174,0.985,0.056,0.983,-0.173],"_shiftlockState":true,"_pose":"FreeFall","_animationQueue":[["fall",0.3]],"_animationSpeed":1,"_zoom":20.656},{"_mousePosition":[683,384],"_rootPartCFrame":[751.34,239.053,40.928,-0.997,0,0.077,0,1,0,-0.077,0,-0.997],"_humanoidState":5,"_cameraCFrame":[749.288,260.895,37.505,-0.996,0.085,-0.015,0,0.174,0.985,0.086,0.981,-0.173],"_shiftlockState":true,"_pose":"FreeFall","_animationQueue":[],"_animationSpeed":1,"_zoom":20.656},{"_mousePosition":[683,384],"_rootPartCFrame":[751.14,238.477,40.938,-1,0,0.014,0,1,0,-0.014,0,-1],"_humanoidState":5,"_cameraCFrame":[748.968,260.319,37.59,-0.993,0.119,-0.021,0,0.174,0.985,0.121,0.978,-0.172],"_shiftlockState":true,"_pose":"FreeFall","_animationQueue":[],"_animationSpeed":1,"_zoom":20.656},{"_mousePosition":[683,384],"_rootPartCFrame":[750.808,237.449,40.965,-0.999,0,0.045,0,1,0,-0.045,0,-0.999],"_humanoidState":5,"_cameraCFrame":[748.502,259.291,37.708,-0.987,0.159,-0.028,0,0.174,0.985,0.161,0.972,-0.171],"_shiftlockState":true,"_pose":"FreeFall","_animationQueue":[],"_animationSpeed":1,"_zoom":20.656},{"_mousePosition":[683,384],"_rootPartCFrame":[750.609,236.791,40.988,-0.998,0,-0.062,0,1,0,0.062,0,-0.998],"_humanoidState":5,"_cameraCFrame":[748.158,258.633,37.839,-0.979,0.203,-0.036,0,0.174,0.985,0.206,0.964,-0.17],"_shiftlockState":true,"_pose":"FreeFall","_animationQueue":[],"_animationSpeed":1,"_zoom":20.656},{"_mousePosition":[683,384],"_rootPartCFrame":[750.28,235.626,41.04,-0.999,0,-0.041,0,1,0,0.041,0,-0.999],"_humanoidState":5,"_cameraCFrame":[747.672,257.469,38.019,-0.967,0.251,-0.044,0,0.174,0.985,0.255,0.952,-0.168],"_shiftlockState":true,"_pose":"FreeFall","_animationQueue":[],"_animationSpeed":1,"_zoom":20.656},{"_mousePosition":[683,384],"_rootPartCFrame":[750.019,234.634,41.094,-0.992,0,-0.125,0,1,0,0.125,0,-0.992],"_humanoidState":5,"_cameraCFrame":[747.254,256.476,38.215,-0.952,0.302,-0.053,0,0.174,0.985,0.306,0.937,-0.165],"_shiftlockState":true,"_pose":"FreeFall","_animationQueue":[["fall",0.3]],"_animationSpeed":1,"_zoom":20.656},{"_mousePosition":[683,384],"_rootPartCFrame":[749.761,233.586,41.16,-0.984,0,-0.177,0,1,0,0.177,0,-0.984],"_humanoidState":5,"_cameraCFrame":[746.854,255.428,38.425,-0.935,0.349,-0.061,0,0.174,0.985,0.354,0.921,-0.162],"_shiftlockState":true,"_pose":"FreeFall","_animationQueue":[],"_animationSpeed":1,"_zoom":20.656},{"_mousePosition":[683,384],"_rootPartCFrame":[749.506,232.484,41.239,-0.974,0,-0.227,0,1,0,0.227,0,-0.974],"_humanoidState":5,"_cameraCFrame":[746.407,254.327,38.725,-0.907,0.415,-0.073,0,0.174,0.985,0.422,0.893,-0.157],"_shiftlockState":true,"_pose":"FreeFall","_animationQueue":[],"_animationSpeed":1,"_zoom":20.656},{"_mousePosition":[683,384],"_rootPartCFrame":[749.256,231.328,41.332,-0.955,0,-0.297,0,1,0,0.297,0,-0.955],"_humanoidState":5,"_cameraCFrame":[746.058,253.17,38.945,-0.889,0.451,-0.08,0,0.174,0.985,0.458,0.875,-0.154],"_shiftlockState":true,"_pose":"FreeFall","_animationQueue":[],"_animationSpeed":1,"_zoom":20.656},{"_mousePosition":[683,384],"_rootPartCFrame":[749.027,230.116,41.367,-0.942,0,-0.336,0,1,0,0.336,0,-0.942],"_humanoidState":5,"_cameraCFrame":[745.745,251.959,39.094,-0.872,0.482,-0.085,0,0.174,0.985,0.489,0.859,-0.151],"_shiftlockState":true,"_pose":"FreeFall","_animationQueue":[],"_animationSpeed":1,"_zoom":20.656},{"_mousePosition":[683,384],"_rootPartCFrame":[748.792,228.851,41.421,-0.929,0,-0.369,0,1,0,0.369,0,-0.929],"_humanoidState":5,"_cameraCFrame":[745.443,250.693,39.25,-0.857,0.508,-0.09,0,0.174,0.985,0.516,0.844,-0.149],"_shiftlockState":true,"_pose":"FreeFall","_animationQueue":[],"_animationSpeed":1,"_zoom":20.656},{"_mousePosition":[683,384],"_rootPartCFrame":[748.558,227.531,41.515,-0.918,0,-0.397,0,1,0,0.397,0,-0.918],"_humanoidState":5,"_cameraCFrame":[745.161,249.373,39.421,-0.845,0.527,-0.093,0,0.174,0.985,0.535,0.832,-0.147],"_shiftlockState":true,"_pose":"FreeFall","_animationQueue":[],"_animationSpeed":1,"_zoom":20.656},{"_mousePosition":[683,384],"_rootPartCFrame":[748.328,226.157,41.645,-0.909,0,-0.418,0,1,0,0.418,0,-0.909],"_humanoidState":5,"_cameraCFrame":[744.915,247.999,39.576,-0.841,0.533,-0.094,0,0.174,0.985,0.541,0.828,-0.146],"_shiftlockState":true,"_pose":"FreeFall","_animationQueue":[["fall",0.3]],"_animationSpeed":1,"_zoom":20.656},{"_mousePosition":[683,384],"_rootPartCFrame":[748.102,224.728,41.786,-0.905,0,-0.425,0,1,0,0.425,0,-0.905],"_humanoidState":5,"_cameraCFrame":[744.689,246.57,39.718,-0.841,0.533,-0.094,0,0.174,0.985,0.541,0.828,-0.146],"_shiftlockState":true,"_pose":"FreeFall","_animationQueue":[],"_animationSpeed":1,"_zoom":20.656},{"_mousePosition":[683,384],"_rootPartCFrame":[747.878,223.244,41.93,-0.905,0,-0.425,0,1,0,0.425,0,-0.905],"_humanoidState":5,"_cameraCFrame":[744.497,245.087,39.81,-0.849,0.52,-0.092,0,0.174,0.985,0.528,0.836,-0.147],"_shiftlockState":true,"_pose":"FreeFall","_animationQueue":[],"_animationSpeed":1,"_zoom":20.656},{"_mousePosition":[683,384],"_rootPartCFrame":[747.654,222.195,42.075,-0.867,0,-0.498,0,1,0,0.498,0,-0.867],"_humanoidState":7,"_cameraCFrame":[744.371,244.03,39.743,-0.876,0.475,-0.085,0,0.176,0.984,0.483,0.862,-0.154],"_shiftlockState":true,"_pose":"FreeFall","_animationQueue":[["walk",0.1],["fall",0.3],["fall",0.3]],"_animationSpeed":1,"_zoom":20.656},{"_mousePosition":[683,384],"_rootPartCFrame":[747.428,222.253,42.216,-0.877,0,-0.48,0,1,0,0.48,0,-0.877],"_humanoidState":7,"_cameraCFrame":[744.361,244.081,39.551,-0.917,0.392,-0.071,0,0.177,0.984,0.399,0.903,-0.163],"_shiftlockState":true,"_pose":"FreeFall","_animationQueue":[],"_animationSpeed":1,"_zoom":20.656},{"_mousePosition":[683,384],"_rootPartCFrame":[747.137,222.444,42.379,-0.917,0,-0.398,0,1,0,0.398,0,-0.917],"_humanoidState":8,"_cameraCFrame":[744.451,244.265,39.283,-0.963,0.266,-0.048,0,0.179,0.984,0.27,0.947,-0.173],"_shiftlockState":true,"_pose":"Running","_animationQueue":[["walk",0.1],["fall",0.3],["walk",0.1]],"_animationSpeed":1.103,"_zoom":20.656},{"_mousePosition":[683,384],"_rootPartCFrame":[746.894,222.538,42.488,-0.965,0,-0.264,0,1,0,0.264,0,-0.965],"_humanoidState":8,"_cameraCFrame":[745.125,244.359,38.791,-1,0.005,-0.001,0,0.179,0.984,0.005,0.984,-0.179],"_shiftlockState":true,"_pose":"Running","_animationQueue":[["walk",0.1]],"_animationSpeed":1.103,"_zoom":20.656},{"_mousePosition":[683,384],"_rootPartCFrame":[746.639,222.589,42.565,-1,0,0.009,0,1,0,-0.009,0,-1],"_humanoidState":8,"_cameraCFrame":[745.703,244.424,38.649,-0.977,-0.21,0.037,0,0.176,0.984,-0.213,0.962,-0.172],"_shiftlockState":true,"_pose":"Running","_animationQueue":[],"_animationSpeed":1.103,"_zoom":20.656},{"_mousePosition":[683,384],"_rootPartCFrame":[746.374,222.617,42.577,-0.974,0,0.228,0,1,0,-0.228,0,-0.974],"_humanoidState":8,"_cameraCFrame":[746.34,244.459,38.586,-0.902,-0.424,0.075,0,0.174,0.985,-0.431,0.889,-0.157],"_shiftlockState":true,"_pose":"Running","_animationQueue":[],"_animationSpeed":1.103,"_zoom":20.656},{"_mousePosition":[683,384],"_rootPartCFrame":[746.177,222.629,42.543,-0.898,0,0.44,0,1,0,-0.44,0,-0.898],"_humanoidState":8,"_cameraCFrame":[746.947,244.471,38.627,-0.797,-0.594,0.105,0,0.174,0.985,-0.603,0.785,-0.138],"_shiftlockState":true,"_pose":"Running","_animationQueue":[],"_animationSpeed":1.103,"_zoom":20.656},{"_mousePosition":[683,384],"_rootPartCFrame":[745.934,222.638,42.437,-0.789,0,0.614,0,1,0,-0.614,0,-0.789],"_humanoidState":8,"_cameraCFrame":[747.296,244.48,38.686,-0.695,-0.708,0.125,0,0.174,0.985,-0.719,0.685,-0.121],"_shiftlockState":true,"_pose":"Running","_animationQueue":[],"_animationSpeed":1.103,"_zoom":20.656},{"_mousePosition":[683,384],"_rootPartCFrame":[745.717,222.643,42.283,-0.688,0,0.726,0,1,0,-0.726,0,-0.688],"_humanoidState":8,"_cameraCFrame":[747.424,244.486,38.675,-0.625,-0.769,0.136,0,0.174,0.985,-0.781,0.615,-0.109],"_shiftlockState":true,"_pose":"Running","_animationQueue":[],"_animationSpeed":1.103,"_zoom":20.656},{"_mousePosition":[683,384],"_rootPartCFrame":[745.528,222.646,42.096,-0.622,0,0.783,0,1,0,-0.783,0,-0.622],"_humanoidState":8,"_cameraCFrame":[747.379,244.488,38.56,-0.593,-0.793,0.14,0,0.174,0.985,-0.805,0.584,-0.103],"_shiftlockState":true,"_pose":"Running","_animationQueue":[],"_animationSpeed":1.103,"_zoom":20.656},{"_mousePosition":[683,384],"_rootPartCFrame":[745.358,222.648,41.89,-0.592,0,0.806,0,1,0,-0.806,0,-0.592],"_humanoidState":8,"_cameraCFrame":[747.165,244.49,38.332,-0.603,-0.786,0.139,0,0.174,0.985,-0.798,0.594,-0.105],"_shiftlockState":true,"_pose":"Running","_animationQueue":[],"_animationSpeed":1.103,"_zoom":20.656},{"_mousePosition":[683,384],"_rootPartCFrame":[745.159,222.649,41.623,-0.603,0,0.798,0,1,0,-0.798,0,-0.603],"_humanoidState":8,"_cameraCFrame":[746.747,244.491,37.961,-0.65,-0.748,0.132,0,0.174,0.985,-0.76,0.64,-0.113],"_shiftlockState":true,"_pose":"Running","_animationQueue":[["walk",0.1]],"_animationSpeed":1.103,"_zoom":20.656},{"_mousePosition":[683,384],"_rootPartCFrame":[745.039,222.649,41.463,-0.65,0,0.76,0,1,0,-0.76,0,-0.65],"_humanoidState":8,"_cameraCFrame":[746.258,244.491,37.663,-0.722,-0.681,0.12,0,0.174,0.985,-0.692,0.711,-0.125],"_shiftlockState":true,"_pose":"Running","_animationQueue":[],"_animationSpeed":1.103,"_zoom":20.656},{"_mousePosition":[683,384],"_rootPartCFrame":[744.824,222.649,41.208,-0.722,0,0.692,0,1,0,-0.692,0,