[{"_mousePosition":[767,387],"_rootPartCFrame":[776.027,222.7,47.142,0,0,1,0,1,0,-1,0,0],"_humanoidState":8,"_cameraCFrame":[787.364,241.458,47.699,0.049,-0.834,0.549,0,0.55,0.835,-0.999,-0.041,0.027],"_shiftlockState":false,"_pose":"Standing","_animationQueue":[],"_animationSpeed":1,"_zoom":20.656},{"_mousePosition":[767,387],"_rootPartCFrame":[775.724,222.7,47.127,0.008,0,1,0,1,0,-1,0,0.008],"_humanoidState":8,"_cameraCFrame":[787.061,241.458,47.684,0.049,-0.834,0.549,0,0.55,0.835,-0.999,-0.041,0.027],"_shiftlockState":false,"_pose":"Standing","_animationQueue":[],"_animationSpeed":1,"_zoom":20.656},{"_mousePosition":[767,387],"_rootPartCFrame":[775.591,222.7,47.121,0.011,0,1,0,1,0,-1,0,0.011],"_humanoidState":8,"_cameraCFrame":[786.928,241.458,47.678,0.049,-0.834,0.549,0,0.55,0.835,-0.999,-0.041,0.027],"_shiftlockState":false,"_pose":"Running","_animationQueue":[["walk",0.1]],"_animationSpeed":1.089,"_zoom":20.656},{"_mousePosition":[767,387],"_rootPartCFrame":[775.325,222.7,47.108,0.016,0,1,0,1,0,-1,0,0.016],"_humanoidState":8,"_cameraCFrame":[786.558,241.524,47.717,0.054,-0.837,0.544,0,0.545,0.839,-0.999,-0.045,0.029],"_shiftlockState":false,"_pose":"Running","_animationQueue":[],"_animationSpeed":1.089,"_zoom":20.656},{"_mousePosition":[767,387],"_rootPartCFrame":[774.925,222.7,47.088,0.023,0,1,0,1,0,-1,0,0.023],"_humanoidState":8,"_cameraCFrame":[786.124,241.545,47.695,0.054,-0.839,0.542,0,0.543,0.84,-0.999,-0.045,0.029],"_shiftlockState":false,"_pose":"Running","_animationQueue":[["walk",0.1]],"_animationSpeed":1.089,"_zoom":20.656},{"_mousePosition":[767,387],"_rootPartCFrame":[774.792,222.7,47.081,0.025,0,1,0,1,0,-1,0,0.025],"_humanoidState":8,"_cameraCFrame":[785.924,241.589,47.685,0.054,-0.841,0.539,0,0.54,0.842,-0.999,-0.046,0.029],"_shiftlockState":false,"_pose":"Running","_animationQueue":[],"_animationSpeed":1.089,"_zoom":20.656},{"_mousePosition":[767,387],"_rootPartCFrame":[774.393,222.7,47.059,0.031,0,1,0,1,0,-1,0,0.031],"_humanoidState":8,"_cameraCFrame":[785.423,241.654,47.657,0.054,-0.844,0.534,0,0.535,0.845,-0.999,-0.046,0.029],"_shiftlockState":false,"_pose":"Running","_animationQueue":[],"_animationSpeed":1.089,"_zoom":20.656},{"_mousePosition":[767,387],"_rootPartCFrame":[774.126,222.7,47.045,0.034,0,0.999,0,1,0,-0.999,0,0.034],"_humanoidState":8,"_cameraCFrame":[785.056,241.718,47.61,0.052,-0.847,0.529,0,0.53,0.848,-0.999,-0.044,0.027],"_shiftlockState":false,"_pose":"Running","_animationQueue":[],"_animationSpeed":1.089,"_zoom":20.656},{"_mousePosition":[767,387],"_rootPartCFrame":[773.993,222.7,47.038,0.035,0,0.999,0,1,0,-0.999,0,0.035],"_humanoidState":8,"_cameraCFrame":[784.823,241.782,47.542,0.047,-0.85,0.524,0,0.525,0.851,-0.999,-0.04,0.024],"_shiftlockState":false,"_pose":"Running","_animationQueue":[],"_animationSpeed":1.089,"_zoom":20.656},{"_mousePosition":[767,387],"_rootPartCFrame":[773.727,222.7,47.024,0.038,0,0.999,0,1,0,-0.999,0,0.038],"_humanoidState":8,"_cameraCFrame":[784.456,241.845,47.47,0.041,-0.854,0.519,0,0.52,0.854,-0.999,-0.035,0.022],"_shiftlockState":false,"_pose":"Running","_animationQueue":[],"_animationSpeed":1.089,"_zoom":20.656},{"_mousePosition":[767,387],"_rootPartCFrame":[773.327,222.7,47.005,0.04,0,0.999,0,1,0,-0.999,0,0.04],"_humanoidState":8,"_cameraCFrame":[783.989,241.887,47.421,0.039,-0.856,0.516,0,0.517,0.856,-0.999,-0.033,0.02],"_shiftlockState":false,"_pose":"Running","_animationQueue":[],"_animationSpeed":1.089,"_zoom":20.656},{"_mousePosition":[767,387],"_rootPartCFrame":[773.194,222.7,47,0.04,0,0.999,0,1,0,-0.999,0,0.04],"_humanoidState":8,"_cameraCFrame":[783.822,241.907,47.387,0.036,-0.857,0.515,0,0.515,0.857,-0.999,-0.031,0.019],"_shiftlockState":false,"_pose":"Running","_animationQueue":[["walk",0.1]],"_animationSpeed":1.089,"_zoom":20.656},{"_mousePosition":[767,387],"_rootPartCFrame":[772.928,222.7,46.989,0.04,0,0.999,0,1,0,-0.999,0,0.04],"_humanoidState":8,"_cameraCFrame":[783.522,241.928,47.349,0.034,-0.858,0.513,0,0.513,0.858,-0.999,-0.029,0.017],"_shiftlockState":false,"_pose":"Running","_animationQueue":[],"_animationSpeed":1.089,"_zoom":20.656},{"_mousePosition":[767,387],"_rootPartCFrame":[772.661,222.7,46.979,0.039,0,0.999,0,1,0,-0.999,0,0.039],"_humanoidState":8,"_cameraCFrame":[783.256,241.928,47.339,0.034,-0.858,0.513,0,0.513,0.858,-0.999,-0.029,0.017],"_shiftlockState":false,"_pose":"Running","_animationQueue":[],"_animationSpeed":1.089,"_zoom":20.656},{"_mousePosition":[767,387],"_rootPartCFrame":[772.395,222.7,46.97,0.039,0,0.999,0,1,0,-0.999,0,0.039],"_humanoidState":8,"_cameraCFrame":[782.955,241.949,47.329,0.034,-0.859,0.511,0,0.512,0.859,-0.999,-0.029,0.017],"_shiftlockState":false,"_pose":"Running","_animationQueue":[],"_animationSpeed":1.089,"_zoom":20.656},{"_mousePosition":[767,387],"_rootPartCFrame":[771.995,222.7,46.957,0.038,0,0.999,0,1,0,-0.999,0,0.038],"_humanoidState":8,"_cameraCFrame":[782.487,241.99,47.286,0.031,-0.861,0.508,0,0.508,0.861,-1,-0.027,0.016],"_shiftlockState":false,"_pose":"Running","_animationQueue":[],"_animationSpeed":1.089,"_zoom":20.656},{"_mousePosition":[767,387],"_rootPartCFrame":[771.862,222.7,46.952,0.037,0,0.999,0,1,0,-0.999,0,0.037],"_humanoidState":8,"_cameraCFrame":[782.285,242.031,47.253,0.029,-0.863,0.505,0,0.505,0.863,-1,-0.025,0.015],"_shiftlockState":false,"_pose":"Running","_animationQueue":[],"_animationSpeed":1.089,"_zoom":20.656},{"_mousePosition":[767,387],"_rootPartCFrame":[771.462,222.7,46.94,0.036,0,0.999,0,1,0,-0.999,0,0.036],"_humanoidState":8,"_cameraCFrame":[781.851,242.051,47.213,0.026,-0.864,0.503,0,0.503,0.864,-1,-0.023,0.013],"_shiftlockState":false,"_pose":"Running","_animationQueue":[["walk",0.1]],"_animationSpeed":1.089,"_zoom":20.656},{"_mousePosition":[767,387],"_rootPartCFrame":[771.329,222.7,46.936,0.036,0,0.999,0,1,0,-0.999,0,0.036],"_humanoidState":8,"_cameraCFrame":[781.684,242.071,47.182,0.024,-0.865,0.501,0,0.501,0.865,-1,-0.021,0.012],"_shiftlockState":false,"_pose":"Running","_animationQueue":[],"_animationSpeed":1.089,"_zoom":20.656},{"_mousePosition":[767,387],"_rootPartCFrame":[771.062,222.7,46.929,0.035,0,0.999,0,1,0,-0.999,0,0.035],"_humanoidState":8,"_cameraCFrame":[781.417,242.071,47.175,0.024,-0.865,0.501,0,0.501,0.865,-1,-0.021,0.012],"_shiftlockState":false,"_pose":"Running","_animationQueue":[],"_animationSpeed":1.089,"_zoom":20.656},{"_mousePosition":[767,387],"_rootPartCFrame":[770.796,222.7,46.922,0.033,0,0.999,0,1,0,-0.999,0,0.033],"_humanoidState":8,"_cameraCFrame":[781.15,242.071,47.169,0.024,-0.865,0.501,0,0.501,0.865,-1,-0.021,0.012],"_shiftlockState":false,"_pose":"Running","_animationQueue":[],"_animationSpeed":1.089,"_zoom":20.656},{"_mousePosition":[767,387],"_rootPartCFrame":[770.462,223.77,46.914,0.031,0,1,0,1,0,-1,0,0.031],"_humanoidState":3,"_cameraCFrame":[780.783,243.161,47.134,0.021,-0.866,0.5,0,0.5,0.866,-1,-0.018,0.011],"_shiftlockState":false,"_pose":"Jumping","_animationQueue":[["walk",0.1],["jump",0.1]],"_animationSpeed":1,"_zoom":20.656},{"_mousePosition":[767,387],"_rootPartCFrame":[770.196,224.565,46.908,0.03,0,1,0,1,0,-1,0,0.03],"_humanoidState":5,"_cameraCFrame":[780.516,243.956,47.127,0.021,-0.866,0.5,0,0.5,0.866,-1,-0.018,0.011],"_shiftlockState":false,"_pose":"FreeFall","_animationQueue":[["jump",0.1]],"_animationSpeed":1,"_zoom":20.656},{"_mousePosition":[767,387],"_rootPartCFrame":[769.996,225.125,46.904,0.029,0,1,0,1,0,-1,0,0.029],"_humanoidState":5,"_cameraCFrame":[780.247,244.557,47.096,0.019,-0.868,0.496,0,0.496,0.868,-1,-0.016,0.009],"_shiftlockState":false,"_pose":"FreeFall","_animationQueue":[],"_animationSpeed":1,"_zoom":20.656},{"_mousePosition":[767,387],"_rootPartCFrame":[769.663,225.991,46.897,0.028,0,1,0,1,0,-1,0,0.028],"_humanoidState":5,"_cameraCFrame":[779.844,245.462,47.061,0.016,-0.87,0.493,0,0.493,0.87,-1,-0.014,0.008],"_shiftlockState":false,"_pose":"FreeFall","_animationQueue":[],"_animationSpeed":1,"_zoom":20.656},{"_mousePosition":[767,387],"_rootPartCFrame":[769.396,226.622,46.891,0.027,0,1,0,1,0,-1,0,0.027],"_humanoidState":5,"_cameraCFrame":[779.508,246.133,47.004,0.011,-0.872,0.49,0,0.49,0.872,-1,-0.01,0.005],"_shiftlockState":false,"_pose":"FreeFall","_animationQueue":[],"_animationSpeed":1,"_zoom":20.656},{"_mousePosition":[767,387],"_rootPartCFrame":[769.196,227.06,46.888,0.026,0,1,0,1,0,-1,0,0.026],"_humanoidState":5,"_cameraCFrame":[779.238,246.61,46.974,0.009,-0.874,0.486,0,0.486,0.874,-1,-0.008,0.004],"_shiftlockState":false,"_pose":"FreeFall","_animationQueue":[],"_animationSpeed":1,"_zoom":20.656},{"_mousePosition":[767,387],"_rootPartCFrame":[768.929,227.595,46.885,0.024,0,1,0,1,0,-1,0,0.024],"_humanoidState":5,"_cameraCFrame":[778.937,247.165,46.946,0.006,-0.875,0.484,0,0.484,0.875,-1,-0.005,0.003],"_shiftlockState":false,"_pose":"FreeFall","_animationQueue":[],"_animationSpeed":1,"_zoom":20.656},{"_mousePosition":[767,387],"_rootPartCFrame":[768.663,228.077,46.883,0.022,0,1,0,1,0,-1,0,0.022],"_humanoidState":5,"_cameraCFrame":[778.67,247.647,46.943,0.006,-0.875,0.484,0,0.484,0.875,-1,-0.005,0.003],"_shiftlockState":false,"_pose":"FreeFall","_animationQueue":[],"_animationSpeed":1,"_zoom":20.656},{"_mousePosition":[767,387],"_rootPartCFrame":[768.396,228.504,46.881,0.02,0,1,0,1,0,-1,0,0.02],"_humanoidState":5,"_cameraCFrame":[778.404,248.074,46.942,0.006,-0.875,0.484,0,0.484,0.875,-1,-0.005,0.003],"_shiftlockState":false,"_pose":"FreeFall","_animationQueue":[],"_animationSpeed":1,"_zoom":20.656},{"_mousePosition":[767,387],"_rootPartCFrame":[768.063,228.961,46.879,0.018,0,1,0,1,0,-1,0,0.018],"_humanoidState":5,"_cameraCFrame":[778.07,248.531,46.94,0.006,-0.875,0.484,0,0.484,0.875,-1,-0.005,0.003],"_shiftlockState":false,"_pose":"FreeFall","_animationQueue":[],"_animationSpeed":1,"_zoom":20.656},{"_mousePosition":[767,387],"_rootPartCFrame":[767.863,229.194,46.878,0.016,0,1,0,1,0,-1,0,0.016],"_humanoidState":5,"_cameraCFrame":[777.87,248.764,46.938,0.006,-0.875,0.484,0,0.484,0.875,-1,-0.005,0.003],"_shiftlockState":false,"_pose":"FreeFall","_animationQueue":[],"_animationSpeed":1,"_zoom":20.656},{"_mousePosition":[767,387],"_rootPartCFrame":[767.596,229.457,46.876,0.015,0,1,0,1,0,-1,0,0.015],"_humanoidState":5,"_cameraCFrame":[777.604,249.027,46.937,0.006,-0.875,0.484,0,0.484,0.875,-1,-0.005,0.003],"_shiftlockState":false,"_pose":"FreeFall","_animationQueue":[],"_animationSpeed":1,"_zoom":20.656},{"_mousePosition":[767,387],"_rootPartCFrame":[767.263,229.71,46.874,0.013,0,1,0,1,0,-1,0,0.013],"_humanoidState":5,"_cameraCFrame":[777.27,249.28,46.935,0.006,-0.875,0.484,0,0.484,0.875,-1,-0.005,0.003],"_shiftlockState":false,"_pose":"FreeFall","_animationQueue":[],"_animationSpeed":1,"_zoom":20.656},{"_mousePosition":[767,387],"_rootPartCFrame":[767.063,229.821,46.873,0.013,0,1,0,1,0,-1,0,0.013],"_humanoidState":5,"_cameraCFrame":[777.07,249.391,46.933,0.006,-0.875,0.484,0,0.484,0.875,-1,-0.005,0.003],"_shiftlockState":false,"_pose":"FreeFall","_animationQueue":[],"_animationSpeed":1,"_zoom":20.656},{"_mousePosition":[767,387],"_rootPartCFrame":[766.73,229.937,46.871,0.011,0,1,0,1,0,-1,0,0.011],"_humanoidState":5,"_cameraCFrame":[776.737,249.507,46.931,0.006,-0.875,0.484,0,0.484,0.875,-1,-0.005,0.003],"_shiftlockState":false,"_pose":"FreeFall","_animationQueue":[],"_animationSpeed":1,"_zoom":20.656},{"_mousePosition":[767,387],"_rootPartCFrame":[766.463,229.969,46.869,0.011,0,1,0,1,0,-1,0,0.011],"_humanoidState":5,"_cameraCFrame":[776.471,249.539,46.93,0.006,-0.875,0.484,0,0.484,0.875,-1,-0.005,0.003],"_shiftlockState":false,"_pose":"FreeFall","_animationQueue":[],"_animationSpeed":1,"_zoom":20.656},{"_mousePosition":[767,387],"_rootPartCFrame":[766.263,229.957,46.868,0.01,0,1,0,1,0,-1,0,0.01],"_humanoidState":5,"_cameraCFrame":[776.236,249.546,46.903,0.004,-0.876,0.483,0,0.483,0.876,-1,-0.003,0.002],"_shiftlockState":false,"_pose":"FreeFall","_animationQueue":[["fall",0.3]],"_animationSpeed":1,"_zoom":20.656},{"_mousePosition":[767,387],"_rootPartCFrame":[765.93,229.869,46.866,0.009,0,1,0,1,0,-1,0,0.009],"_humanoidState":5,"_cameraCFrame":[775.902,249.458,46.901,0.004,-0.876,0.483,0,0.483,0.876,-1,-0.003,0.002],"_shiftlockState":false,"_pose":"FreeFall","_animationQueue":[],"_animationSpeed":1,"_zoom":20.656},{"_mousePosition":[767,387],"_rootPartCFrame":[765.664,229.737,46.865,0.009,0,1,0,1,0,-1,0,0.009],"_humanoidState":5,"_cameraCFrame":[775.636,249.326,46.9,0.004,-0.876,0.483,0,0.483,0.876,-1,-0.003,0.002],"_shiftlockState":false,"_pose":"FreeFall","_animationQueue":[],"_animationSpeed":1,"_zoom":20.656},{"_mousePosition":[767,387],"_rootPartCFrame":[765.464,229.603,46.864,0.008,0,1,0,1,0,-1,0,0.008],"_humanoidState":5,"_cameraCFrame":[775.436,249.192,46.899,0.004,-0.876,0.483,0,0.483,0.876,-1,-0.003,0.002],"_shiftlockState":false,"_pose":"FreeFall","_animationQueue":[],"_animationSpeed":1,"_zoom":20.656},{"_mousePosition":[767,387],"_rootPartCFrame":[765.197,229.375,46.863,0.008,0,1,0,1,0,-1,0,0.008],"_humanoidState":5,"_cameraCFrame":[775.169,248.965,46.898,0.004,-0.876,0.483,0,0.483,0.876,-1,-0.003,0.002],"_shiftlockState":false,"_pose":"FreeFall","_animationQueue":[],"_animationSpeed":1,"_zoom":20.656},{"_mousePosition":[767,387],"_rootPartCFrame":[764.864,229.015,46.862,0.007,0,1,0,1,0,-1,0,0.007],"_humanoidState":5,"_cameraCFrame":[774.836,248.604,46.897,0.004,-0.876,0.483,0,0.483,0.876,-1,-0.003,0.002],"_shiftlockState":false,"_pose":"FreeFall","_animationQueue":[],"_animationSpeed":1,"_zoom":20.656},{"_mousePosition":[767,387],"_rootPartCFrame":[764.664,228.758,46.861,0.006,0,1,0,1,0,-1,0,0.006],"_humanoidState":5,"_cameraCFrame":[774.636,248.347,46.897,0.004,-0.876,0.483,0,0.483,0.876,-1,-0.003,0.002],"_shiftlockState":false,"_pose":"FreeFall","_animationQueue":[],"_animationSpeed":1,"_zoom":20.656},{"_mousePosition":[767,387],"_rootPartCFrame":[764.397,228.367,46.86,0.006,0,1,0,1,0,-1,0,0.006],"_humanoidState":5,"_cameraCFrame":[774.369,247.956,46.896,0.004,-0.876,0.483,0,0.483,0.876,-1,-0.003,0.002],"_shiftlockState":false,"_pose":"FreeFall","_animationQueue":[["fall",0.3]],"_animationSpeed":1,"_zoom":20.656},{"_mousePosition":[767,387],"_rootPartCFrame":[764.131,227.922,46.859,0.006,0,1,0,1,0,-1,0,0.006],"_humanoidState":5,"_cameraCFrame":[774.103,247.511,46.895,0.004,-0.876,0.483,0,0.483,0.876,-1,-0.003,0.002],"_shiftlockState":false,"_pose":"FreeFall","_animationQueue":[],"_animationSpeed":1,"_zoom":20.656},{"_mousePosition":[767,387],"_rootPartCFrame":[763.864,227.422,46.858,0.005,0,1,0,1,0,-1,0,0.005],"_humanoidState":5,"_cameraCFrame":[773.836,247.012,46.894,0.004,-0.876,0.483,0,0.483,0.876,-1,-0.003,0.002],"_shiftlockState":false,"_pose":"FreeFall","_animationQueue":[],"_animationSpeed":1,"_zoom":20.656},{"_mousePosition":[767,387],"_rootPartCFrame":[763.597,226.868,46.857,0.005,0,1,0,1,0,-1,0,0.005],"_humanoidState":5,"_cameraCFrame":[773.57,246.458,46.893,0.004,-0.876,0.483,0,0.483,0.876,-1,-0.003,0.002],"_shiftlockState":false,"_pose":"FreeFall","_animationQueue":[],"_animationSpeed":1,"_zoom":20.656},{"_mousePosition":[767,387],"_rootPartCFrame":[763.331,226.26,46.857,0.005,0,1,0,1,0,-1,0,0.005],"_humanoidState":5,"_cameraCFrame":[773.303,245.849,46.892,0.004,-0.876,0.483,0,0.483,0.876,-1,-0.003,0.002],"_shiftlockState":false,"_pose":"FreeFall","_animationQueue":[],"_animationSpeed":1,"_zoom":20.656},{"_mousePosition":[767,387],"_rootPartCFrame":[763.064,225.597,46.856,0.005,0,1,0,1,0,-1,0,0.005],"_humanoidState":5,"_cameraCFrame":[773.036,245.186,46.891,0.004,-0.876,0.483,0,0.483,0.876,-1,-0.003,0.002],"_shiftlockState":false,"_pose":"FreeFall","_animationQueue":[],"_animationSpeed":1,"_zoom":20.656},{"_mousePosition":[767,387],"_rootPartCFrame":[762.798,224.879,46.855,0.005,0,1,0,1,0,-1,0,0.005],"_humanoidState":5,"_cameraCFrame":[772.77,244.468,46.89,0.004,-0.876,0.483,0,0.483,0.876,-1,-0.003,0.002],"_shiftlockState":false,"_pose":"FreeFall","_animationQueue":[],"_animationSpeed":1,"_zoom":20.656},{"_mousePosition":[767,387],"_rootPartCFrame":[762.531,224.107,46.854,0.004,0,1,0,1,0,-1,0,0.004],"_humanoidState":5,"_cameraCFrame":[772.503,243.696,46.889,0.004,-0.876,0.483,0,0.483,0.876,-1,-0.003,0.002],"_shiftlockState":false,"_pose":"FreeFall","_animationQueue":[["fall",0.3]],"_animationSpeed":1,"_zoom":20.656},{"_mousePosition":[767,387],"_rootPartCFrame":[762.264,223.28,46.853,0.004,0,1,0,1,0,-1,0,0.004],"_humanoidState":5,"_cameraCFrame":[772.237,242.87,46.888,0.004,-0.876,0.483,0,0.483,0.876,-1,-0.003,0.002],"_shiftlockState":false,"_pose":"FreeFall","_animationQueue":[],"_animationSpeed":1,"_zoom":20.656},{"_mousePosition":[767,387],"_rootPartCFrame":[761.998,222.505,46.852,0.004,0,1,0,1,0,-1,0,0.004],"_humanoidState":7,"_cameraCFrame":[771.97,242.094,46.887,0.004,-0.876,0.483,0,0.483,0.876,-1,-0.003,0.002],"_shiftlockState":false,"_pose":"FreeFall","_animationQueue":[["walk",0.1],["fall",0.3],["fall",0.3]],"_animationSpeed":1,"_zoom":20.656},{"_mousePosition":[767,387],"_rootPartCFrame":[761.731,222.436,46.851,0.004,0,1,0,1,0,-1,0,0.004],"_humanoidState":7,"_cameraCFrame":[771.703,242.025,46.886,0.004,-0.876,0.483,0,0.483,0.876,-1,-0.003,0.002],"_shiftlockState":false,"_pose":"FreeFall","_animationQueue":[],"_animationSpeed":1,"_zoom":20.656},{"_mousePosition":[767,387],"_rootPartCFrame":[761.464,222.508,46.85,0.004,0,1,0,1,0,-1,0,0.004],"_humanoidState":8,"_cameraCFrame":[771.437,242.098,46.885,0.004,-0.876,0.483,0,0.483,0.876,-1,-0.003,0.002],"_shiftlockState":false,"_pose":"Running","_animationQueue":[["walk",0.1],["fall",0.3],["walk",0.1]],"_animationSpeed":1.103,"_zoom":20.656},{"_mousePosition":[767,387],"_rootPartCFrame":[761.198,222.565,46.849,0.004,0,1,0,1,0,-1,0,0.004],"_humanoidState":8,"_cameraCFrame":[771.17,242.155,46.884,0.004,-0.876,0.483,0,0.483,0.876,-1,-0.003,0.002],"_shiftlockState":false,"_pose":"Running","_animationQueue":[],"_animationSpeed":1.103,"_zoom":20.656},{"_mousePosition":[767,387],"_rootPartCFrame":[760.931,222.598,46.848,0.004,0,1,0,1,0,-1,0,0.004],"_humanoidState":8,"_cameraCFrame":[770.903,242.188,46.883,0.004,-0.876,0.483,0,0.483,0.876,-1,-0.003,0.002],"_shiftlockState":false,"_pose":"Running","_animationQueue":[],"_animationSpeed":1.103,"_zoom":20.656},{"_mousePosition":[767,387],"_rootPartCFrame":[760.664,222.617,46.847,0.004,0,1,0,1,0,-1,0,0.004],"_humanoidState":8,"_cameraCFrame":[770.637,242.206,46.882,0.004,-0.876,0.483,0,0.483,0.876,-1,-0.003,0.002],"_shiftlockState":false,"_pose":"Running","_animationQueue":[["walk",0.1]],"_animationSpeed":1.103,"_zoom":20.656},{"_mousePosition":[767,387],"_rootPartCFrame":[760.398,222.626,46.846,0.004,0,1,0,1,0,-1,0,0.004],"_humanoidState":8,"_cameraCFrame":[770.37,242.216,46.881,0.004,-0.876,0.483,0,0.483,0.876,-1,-0.003,0.002],"_shiftlockState":false,"_pose":"Running","_animationQueue":[],"_animationSpeed":1.103,"_zoom":20.656},{"_mousePosition":[767,387],"_rootPartCFrame":[760.131,222.632,46.845,0.004,0,1,0,1,0,-1,0,0.004],"_humanoidState":8,"_cameraCFrame":[770.103,242.221,46.88,0.004,-0.876,0.483,0,0.483,0.876,-1,-0.003,0.002],"_shiftlockState":false,"_pose":"Running","_animationQueue":[],"_animationSpeed":1.103,"_zoom":20.656},{"_mousePosition":[767,387],"_rootPartCFrame":[759.864,223.495,46.844,0.004,0,1,0,1,0,-1,0,0.004],"_humanoidState":3,"_cameraCFrame":[769.836,243.084,46.88,0.004,-0.876,0.483,0,0.483,0.876,-1,-0.003,0.002],"_shiftlockState":false,"_pose":"Jumping","_animationQueue":[["walk",0.1],["jump",0.1]],"_animationSpeed":1,"_zoom":20.656},{"_mousePosition":[767,387],"_rootPartCFrame":[759.598,224.303,46.843,0.004,0,1,0,1,0,-1,0,0.004],"_humanoidState":5,"_cameraCFrame":[769.57,243.892,46.879,0.004,-0.876,0.483,0,0.483,0.876,-1,-0.003,0.002],"_shiftlockState":false,"_pose":"FreeFall","_animationQueue":[["jump",0.1]],"_animationSpeed":1,"_zoom":20.656},{"_mousePosition":[767,387],"_rootPartCFrame":[759.264,225.237,46.842,0.004,0,1,0,1,0,-1,0,0.004],"_humanoidState":5,"_cameraCFrame":[769.237,244.826,46.877,0.004,-0.876,0.483,0,0.483,0.876,-1,-0.003,0.002],"_shiftlockState":false,"_pose":"FreeFall","_animationQueue":[],"_animationSpeed":1,"_zoom":20.656},{"_mousePosition":[767,387],"_rootPartCFrame":[759.064,225.756,46.841,0.004,0,1,0,1,0,-1,0,0.004],"_humanoidState":5,"_cameraCFrame":[769.037,245.346,46.877,0.004,-0.876,0.483,0,0.483,0.876,-1,-0.003,0.002],"_shiftlockState":false,"_pose":"FreeFall","_animationQueue":[],"_animationSpeed":1,"_zoom":20.656},{"_mousePosition":[767,387],"_rootPartCFrame":[758.731,226.554,46.84,0.004,0,1,0,1,0,-1,0,0.004],"_humanoidState":5,"_cameraCFrame":[768.703,246.143,46.876,0.004,-0.876,0.483,0,0.483,0.876,-1,-0.003,0.002],"_shiftlockState":false,"_pose":"FreeFall","_animationQueue":[],"_animationSpeed":1,"_zoom":20.656},{"_mousePosition":[767,387],"_rootPartCFrame":[758.465,227.131,46.839,0.004,0,1,0,1,0,-1,0,0.004],"_humanoidState":5,"_cameraCFrame":[768.437,246.72,46.875,0.004,-0.876,0.483,0,0.483,0.876,-1,-0.003,0.002],"_shiftlockState":false,"_pose":"FreeFall","_animationQueue":[],"_animationSpeed":1,"_zoom":20.656},{"_mousePosition":[767,387],"_rootPartCFrame":[758.198,227.653,46.838,0.004,0,1,0,1,0,-1,0,0.004],"_humanoidState":5,"_cameraCFrame":[768.17,247.242,46.874,0.004,-0.876,0.483,0,0.483,0.876,-1,-0.003,0.002],"_shiftlockState":false,"_pose":"FreeFall","_animationQueue":[],"_animationSpeed":1,"_zoom":20.656},{"_mousePosition":[767,387],"_rootPartCFrame":[757.998,228.009,46.838,0.004,0,1,0,1,0,-1,0,0.004],"_humanoidState":5,"_cameraCFrame":[767.97,247.598,46.873,0.004,-0.876,0.483,0,0.483,0.876,-1,-0.003,0.002],"_shiftlockState":false,"_pose":"FreeFall","_animationQueue":[],"_animationSpeed":1,"_zoom":20.656},{"_mousePosition":[767,387],"_rootPartCFrame":[757.731,228.436,46.837,0.004,0,1,0,1,0,-1,0,0.004],"_humanoidState":5,"_cameraCFrame":[767.704,248.025,46.872,0.004,-0.876,0.483,0,0.483,0.876,-1,-0.003,0.002],"_shiftlockState":false,"_pose":"FreeFall","_animationQueue":[],"_animationSpeed":1,"_zoom":20.656},{"_mousePosition":[767,387],"_rootPartCFrame":[757.465,228.808,46.836,0.004,0,1,0,1,0,-1,0,0.004],"_humanoidState":5,"_cameraCFrame":[767.437,248.397,46.871,0.004,-0.876,0.483,0,0.483,0.876,-1,-0.003,0.002],"_shiftlockState":false,"_pose":"FreeFall","_animationQueue":[],"_animationSpeed":1,"_zoom":20.656},{"_mousePosition":[767,387],"_rootPartCFrame":[757.198,229.126,46.835,0.004,0,1,0,1,0,-1,0,0.004],"_humanoidState":5,"_cameraCFrame":[767.17,248.715,46.87,0.004,-0.876,0.483,0,0.483,0.876,-1,-0.003,0.002],"_shiftlockState":false,"_pose":"FreeFall","_animationQueue":[],"_animationSpeed":1,"_zoom":20.656},{"_mousePosition":[767,387],"_rootPartCFrame":[756.865,229.447,46.834,0.004,0,1,0,1,0,-1,0,0.004],"_humanoidState":5,"_cameraCFrame":[766.837,249.036,46.869,0.004,-0.876,0.483,0,0.483,0.876,-1,-0.003,0.002],"_shiftlockState":false,"_pose":"FreeFall","_animationQueue":[],"_animationSpeed":1,"_zoom":20.656},{"_mousePosition":[767,387],"_rootPartCFrame":[756.598,229.642,46.833,0.004,0,1,0,1,0,-1,0,0.004],"_humanoidState":5,"_cameraCFrame":[766.571,249.231,46.868,0.004,-0.876,0.483,0,0.483,0.876,-1,-0.003,0.002],"_shiftlockState":false,"_pose":"FreeFall","_animationQueue":[],"_animationSpeed":1,"_zoom":20.656},{"_mousePosition":[767,387],"_rootPartCFrame":[756.332,229.783,46.832,0.004,0,1,0,1,0,-1,0,0.004],"_humanoidState":5,"_cameraCFrame":[766.304,249.372,46.867,0.004,-0.876,0.483,0,0.483,0.876,-1,-0.003,0.002],"_shiftlockState":false,"_pose":"FreeFall","_animationQueue":[],"_animationSpeed":1,"_zoom":20.656},{"_mousePosition":[767,387],"_rootPartCFrame":[756.132,229.853,46.831,0.004,0,1,0,1,0,-1,0,0.004],"_humanoidState":5,"_cameraCFrame":[766.104,249.442,46.866,0.004,-0.876,0.483,0,0.483,0.876,-1,-0.003,0.002],"_shiftlockState":false,"_pose":"FreeFall","_animationQueue":[],"_animationSpeed":1,"_zoom":20.656},{"_mousePosition":[767,387],"_rootPartCFrame":[755.865,229.898,46.83,0.004,0,1,0,1,0,-1,0,0.004],"_humanoidState":5,"_cameraCFrame":[765.837,249.487,46.865,0.004,-0.876,0.483,0,0.483,0.876,-1,-0.003,0.002],"_shiftlockState":false,"_pose":"FreeFall","_animationQueue":[],"_animationSpeed":1,"_zoom":20.656},{"_mousePosition":[767,387],"_rootPartCFrame":[755.599,229.889,46.829,0.004,0,1,0,1,0,-1,0,0.004],"_humanoidState":5,"_cameraCFrame":[765.571,249.478,46.864,0.004,-0.876,0.483,0,0.483,0.876,-1,-0.003,0.002],"_shiftlockState":false,"_pose":"FreeFall","_animationQueue":[],"_animationSpeed":1,"_zoom":20.656},{"_mousePosition":[767,387],"_rootPartCFrame":[755.265,229.801,46.828,0.004,0,1,0,1,0,-1,0,0.004],"_humanoidState":5,"_cameraCFrame":[765.238,249.39,46.863,0.004,-0.876,0.483,0,0.483,0.876,-1,-0.003,0.002],"_shiftlockState":false,"_pose":"FreeFall","_animationQueue":[["fall",0.3]],"_animationSpeed":1,"_zoom":20.656},{"_mousePosition":[767,387],"_rootPartCFrame":[755.065,229.707,46.827,0.004,0,1,0,1,0,-1,0,0.004],"_humanoidState":5,"_cameraCFrame":[765.038,249.296,46.863,0.004,-0.876,0.483,0,0.483,0.876,-1,-0.003,0.002],"_shiftlockState":false,"_pose":"FreeFall","_animationQueue":[],"_animationSpeed":1,"_zoom":20.656},{"_mousePosition":[767,387],"_rootPartCFrame":[754.799,229.535,46.826,0.004,0,1,0,1,0,-1,0,0.004],"_humanoidState":5,"_cameraCFrame":[764.771,249.124,46.862,0.004,-0.876,0.483,0,0.483,0.876,-1,-0.003,0.002],"_shiftlockState":false,"_pose":"FreeFall","_animationQueue":[],"_animationSpeed":1,"_zoom":20.656},{"_mousePosition":[767,387],"_rootPartCFrame":[754.466,229.242,46.825,0.004,0,1,0,1,0,-1,0,0.004],"_humanoidState":5,"_cameraCFrame":[764.438,248.831,46.86,0.004,-0.876,0.483,0,0.483,0.876,-1,-0.003,0.002],"_shiftlockState":false,"_pose":"FreeFall","_animationQueue":[],"_animationSpeed":1,"_zoom":20.656},{"_mousePosition":[767,387],"_rootPartCFrame":[754.266,229.026,46.824,0.004,0,1,0,1,0,-1,0,0.004],"_humanoidState":5,"_cameraCFrame":[764.238,248.615,46.86,0.004,-0.876,0.483,0,0.483,0.876,-1,-0.003,0.002],"_shiftlockState":false,"_pose":"FreeFall","_animationQueue":[],"_animationSpeed":1,"_zoom":20.656},{"_mousePosition":[767,387],"_rootPartCFrame":[753.999,228.69,46.823,0.004,0,1,0,1,0,-1,0,0.004],"_humanoidState":5,"_cameraCFrame":[763.971,248.279,46.859,0.004,-0.876,0.483,0,0.483,0.876,-1,-0.003,0.002],"_shiftlockState":false,"_pose":"FreeFall","_animationQueue":[],"_animationSpeed":1,"_zoom":20.656},{"_mousePosition":[767,387],"_rootPartCFrame":[753.666,228.193,46.822,0.004,0,1,0,1,0,-1,0,0.004],"_humanoidState":5,"_cameraCFrame":[763.638,247.782,46.858,0.004,-0.876,0.483,0,0.483,0.876,-1,-0.003,0.002],"_shiftlockState":false,"_pose":"FreeFall","_animationQueue":[],"_animationSpeed":1,"_zoom":20.656},{"_mousePosition":[767,387],"_rootPartCFrame":[753.466,227.854,46.822,0.004,0,1,0,1,0,-1,0,0.004],"_humanoidState":5,"_cameraCFrame":[763.438,247.443,46.857,0.004,-0.876,0.483,0,0.483,0.876,-1,-0.003,0.002],"_shiftlockState":false,"_pose":"FreeFall","_animationQueue":[["fall",0.3]],"_animationSpeed":1,"_zoom":20.656},{"_mousePosition":[767,387],"_rootPartCFrame":[753.199,227.354,46.821,0.004,0,1,0,1,0,-1,0,0.004],"_humanoidState":5,"_cameraCFrame":[763.171,246.944,46.856,0.004,-0.876,0.483,0,0.483,0.876,-1,-0.003,0.002],"_shiftlockState":false,"_pose":"FreeFall","_animationQueue":[],"_animationSpeed":1,"_zoom":20.656},{"_mousePosition":[767,387],"_rootPartCFrame":[752.866,226.653,46.819,0.004,0,1,0,1,0,-1,0,0.004],"_humanoidState":5,"_cameraCFrame":[762.838,246.243,46.855,0.004,-0.876,0.483,0,0.483,0.876,-1,-0.003,0.002],"_shiftlockState":false,"_pose":"FreeFall","_animationQueue":[],"_animationSpeed":1,"_zoom":20.656},{"_mousePosition":[767,387],"_rootPartCFrame":[752.666,226.192,46.819,0.004,0,1,0,1,0,-1,0,0.004],"_humanoidState":5,"_cameraCFrame":[762.638,245.781,46.854,0.004,-0.876,0.483,0,0.483,0.876,-1,-0.003,0.002],"_shiftlockState":false,"_pose":"FreeFall","_animationQueue":[],"_animationSpeed":1,"_zoom":20.656},{"_mousePosition":[767,387],"_rootPartCFrame":[752.399,225.529,46.818,0.004,0,1,0,1,0,-1,0,0.004],"_humanoidState":5,"_cameraCFrame":[762.372,245.118,46.853,0.004,-0.876,0.483,0,0.483,0.876,-1,-0.003,0.002],"_shiftlockState":false,"_pose":"FreeFall","_animationQueue":[],"_animationSpeed":1,"_zoom":20.656},{"_mousePosition":[767,387],"_rootPartCFrame":[752.066,224.623,46.817,0.004,0,1,0,1,0,-1,0,0.004],"_humanoidState":5,"_cameraCFrame":[762.038,244.212,46.852,0.004,-0.876,0.483,0,0.483,0.876,-1,-0.003,0.002],"_shiftlockState":false,"_pose":"FreeFall","_animationQueue":[],"_animationSpeed":1,"_zoom":20.656},{"_mousePosition":[767,387],"_rootPartCFrame":[751.866,224.039,46.816,0.004,0,1,0,1,0,-1,0,0.004],"_humanoidState":5,"_cameraCFrame":[761.838,243.628,46.851,0.004,-0.876,0.483,0,0.483,0.876,-1,-0.003,0.002],"_shiftlockState":false,"_pose":"FreeFall","_animationQueue":[["fall",0.3]],"_animationSpeed":1,"_zoom":20.656},{"_mousePosition":[767,387],"_rootPartCFrame":[751.6,223.212,46.815,0.004,0,1,0,1,0,-1,0,0.004],"_humanoidState":5,"_cameraCFrame":[761.572,242.802,46.85,0.004,-0.876,0.483,0,0.483,0.876,-1,-0.003,0.002],"_shiftlockState":false,"_pose":"FreeFall","_animationQueue":[],"_animationSpeed":1,"_zoom":20.656},{"_mousePosition":[767,387],"_rootPartCFrame":[751.333,222.441,46.814,0.004,0,1,0,1,0,-1,0,0.004],"_humanoidState":7,"_cameraCFrame":[761.27,242.049,46.849,0.004,-0.877,0.481,0,0.481,0.877,-1,-0.003,0.002],"_shiftlockState":false,"_pose":"FreeFall","_animationQueue":[["walk",0.1],["fall",0.3],["fall",0.3]],"_animationSpeed":1,"_zoom":20.656},{"_mousePosition":[767,387],"_rootPartCFrame":[751.066,222.394,46.813,0.004,0,1,0,1,0,-1,0,0.004],"_humanoidState":7,"_cameraCFrame":[761.003,242.003,46.848,0.004,-0.877,0.481,0,0.481,0.877,-1,-0.003,0.002],"_shiftlockState":false,"_pose":"FreeFall","_animationQueue":[],"_animationSpeed":1,"_zoom":20.656},{"_mousePosition":[767,387],"_rootPartCFrame":[750.8,222.485,46.812,0.004,0,1,0,1,0,-1,0,0.004],"_humanoidState":8,"_cameraCFrame":[760.737,242.094,46.847,0.004,-0.877,0.481,0,0.481,0.877,-1,-0.003,0.002],"_shiftlockState":false,"_pose":"Running","_animationQueue":[["walk",0.1],["fall",0.3],["walk",0.1]],"_animationSpeed":1.103,"_zoom":20.656},{"_mousePosition":[767,387],"_rootPartCFrame":[750.4,222.575,46.811,0.004,0,1,0,1,0,-1,0,0.004],"_humanoidState":8,"_cameraCFrame":[760.337,242.183,46.846,0.004,-0.877,0.481,0,0.481,0.877,-1,-0.003,0.002],"_shiftlockState":false,"_pose":"Running","_animationQueue":[],"_animationSpeed":1.103,"_zoom":20.656},{"_mousePosition":[767,387],"_rootPartCFrame":[750.266,222.591,46.81,0.004,0,1,0,1,0,-1,0,0.004],"_humanoidState":8,"_cameraCFrame":[760.203,242.2,46.845,0.004,-0.877,0.481,0,0.481,0.877,-1,-0.003,0.002],"_shiftlockState":false,"_pose":"Running","_animationQueue":[["walk",0.1]],"_animationSpeed":1.103,"_zoom":20.656},{"_mousePosition":[767,387],"_rootPartCFrame":[750,222.613,46.809,0.004,0,1,0,1,0,-1,0,0.004],"_humanoidState":8,"_cameraCFrame":[759.937,242.222,46.844,0.004,-0.877,0.481,0,0.481,0.877,-1,-0.003,0.002],"_shiftlockState":false,"_pose":"Running","_animationQueue":[],"_animationSpeed":1.103,"_zoom":20.656},{"_mousePosition":[767,387],"_rootPartCFrame":[749.733,222.624,46.808,0.004,0,1,0,1,0,-1,0,0.004],"_humanoidState":8,"_cameraCFrame":[759.635,242.252,46.818,0.001,-0.878,0.479,0,0.479,0.878,-1,-0.001,0],"_shiftlockState":false,"_pose":"Running","_animationQueue":[],"_animationSpeed":1.103,"_zoom":20.656},{"_mousePosition":[767,387],"_rootPartCFrame":[749.466,222.631,46.807,0.004,0,1,0,1,0,-1,0,0.004],"_humanoidState":8,"_cameraCFrame":[759.368,242.259,46.817,0.001,-0.878,0.479,0,0.479,0.878,-1,-0.001,0],"_shiftlockState":false,"_pose":"Running","_animationQueue":[],"_animationSpeed":1.103,"_zoom":20.656},{"_mousePosition":[767,387],"_rootPartCFrame":[749.199,222.634,46.807,0.003,0,1,0,1,0,-1,0,0.003],"_humanoidState":8,"_cameraCFrame":[759.066,242.281,46.817,0.001,-0.879,0.478,0,0.478,0.879,-1,-0.001,0],"_shiftlockState":false,"_pose":"Running","_animationQueue":[],"_animationSpeed":1.103,"_zoom":20.656},{"_mousePosition":[767,387],"_rootPartCFrame":[748.799,222.636,46.807,0.003,0,1,0,1,0,-1,0,0.003],"_humanoidState":8,"_cameraCFrame":[758.666,242.284,46.817,0.001,-0.879,0.478,0,0.478,0.879,-1,-0.001,0],"_shiftlockState":false,"_pose":"Running","_animationQueue":[],"_animationSpeed":1.103,"_zoom":20.656},{"_mousePosition":[767,387],"_rootPartCFrame":[748.666,222.637,46.806,0.003,0,1,0,1,0,-1,0,0.003],"_humanoidState":8,"_cameraCFrame":[758.532,242.284,46.791,-0.002,-0.879,0.478,0,0.478,0.879,-1,0.001,-0.001],"_shiftlockState":false,"_pose":"Running","_animationQueue":[],"_animationSpeed":1.103,"_zoom":20.656},{"_mousePosition":[767,387],"_rootPartCFrame":[748.266,222.637,46.806,0.002,0,1,0,1,0,-1,0,0.002],"_humanoidState":8,"_cameraCFrame":[758.097,242.304,46.791,-0.002,-0.879,0.476,0,0.476,0.879,-1,0.001,-0.001],"_shiftlockState":false,"_pose":"Running","_animationQueue":[["walk",0.1]],"_animationSpeed":1.103,"_zoom":20.656},{"_mousePosition":[767,387],"_rootPartCFrame":[748.133,222.637,46.806,0.002,0,1,0,1,0,-1,0,0.002],"_humanoidState":8,"_cameraCFrame":[757.963,242.304,46.791,-0.002,-0.879,0.476,0,0.476,0.879,-1,0.001,-0.001],"_shiftlockState":false,"_pose":"Running","_animationQueue":[],"_animationSpeed":1.103,"_zoom":20.656},{"_mousePosition":[767,387],"_rootPartCFrame":[747.866,222.638,46.807,0.002,0,1,0,1,0,-1,0,0.002],"_humanoidState":8,"_cameraCFrame":[757.661,242.323,46.767,-0.004,-0.88,0.474,0,0.474,0.88,-1,0.004,-0.002],"_shiftlockState":false,"_pose":"Running","_animationQueue":[],"_animationSpeed":1.103,"_zoom":20.656},{"_mousePosition":[767,387],"_rootPartCFrame":[747.599,222.638,46.807,0.001,0,1,0,1,0,-1,0,0.001],"_humanoidState":8,"_cameraCFrame":[757.359,242.342,46.767,-0.004,-0.881,0.473,0,0.473,0.881,-1,0.004,-0.002],"_shiftlockState":false,"_pose":"Running","_animationQueue":[],"_animationSpeed":1.103,"_zoom":20.656},{"_mousePosition":[767,387],"_rootPartCFrame":[747.332,222.638,46.808,0.001,0,1,0,1,0,-1,0,0.001],"_humanoidState":8,"_cameraCFrame":[757.057,242.361,46.769,-0.004,-0.882,0.471,0,0.471,0.882,-1,0.004,-0.002],"_shiftlockState":false,"_pose":"Running","_animationQueue":[],"_animationSpeed":1.103,"_zoom":20.656},{"_mousePosition":[767,387],"_rootPartCFrame":[747.066,222.638,46.809,0,0,1,0,1,0,-1,0,0],"_humanoidState":8,"_cameraCFrame":[756.755,242.38,46.77,-0.004,-0.883,0.469,0,0.469,0.883,-1,0.004,-0.002],"_shiftlockState":false,"_pose":"Running","_animationQueue":[],"_animationSpeed":1.103,"_zoom":20.656},{"_mousePosition":[767,387],"_rootPartCFrame":[746.799,222.638,46.81,-0.001,0,1,0,1,0,-1,0,-0.001],"_humanoidState":8,"_cameraCFrame":[756.452,242.399,46.747,-0.007,-0.884,0.467,0,0.467,0.884,-1,0.006,-0.003],"_shiftlockState":false,"_pose":"Running","_animationQueue":[],"_animationSpeed":1.103,"_zoom":20.656},{"_mousePosition":[767,387],"_rootPartCFrame":[746.532,222.638,46.811,-0.001,0,1,0,1,0,-1,0,-0.001],"_humanoidState":8,"_cameraCFrame":[756.15,242.418,46.748,-0.007,-0.885,0.466,0,0.466,0.885,-1,0.006,-0.003],"_shiftlockState":false,"_pose":"Running","_animationQueue":[["walk",0.1]],"_animationSpeed":1.103,"_zoom":20.656},{"_mousePosition":[767,387],"_rootPartCFrame":[746.132,222.638,46.814,-0.002,0,1,0,1,0,-1,0,-0.002],"_humanoidState":8,"_cameraCFrame":[755.75,242.418,46.751,-0.007,-0.885,0.466,0,0.466,0.885,-1,0.006,-0.003],"_shiftlockState":false,"_pose":"Running","_animationQueue":[],"_animationSpeed":1.103,"_zoom":20.656},{"_mousePosition":[767,387],"_rootPartCFrame":[745.999,222.638,46.815,-0.002,0,1,0,1,0,-1,0,-0.002],"_humanoidState":8,"_cameraCFrame":[755.581,242.437,46.727,-0.009,-0.886,0.464,0,0.464,0.886,-1,0.008,-0.004],"_shiftlockState":false,"_pose":"Running","_animationQueue":[],"_animationSpeed":1.103,"_zoom":20.656},{"_mousePosition":[767,387],"_rootPartCFrame":[745.599,222.638,46.817,-0.003,0,1,0,1,0,-1,0,-0.003],"_humanoidState":8,"_cameraCFrame":[755.145,242.455,46.73,-0.009,-0.887,0.462,0,0.462,0.887,-1,0.008,-0.004],"_shiftlockState":false,"_pose":"Running","_animationQueue":[],"_animationSpeed":1.103,"_zoom":20.656},{"_mousePosition":[767,387],"_rootPartCFrame":[745.466,222.638,46.819,-0.004,0,1,0,1,0,-1,0,-0.004],"_humanoidState":8,"_cameraCFrame":[755.012,242.455,46.732,-0.009,-0.887,0.462,0,0.462,0.887,-1,0.008,-0.004],"_shiftlockState":false,"_pose":"Running","_animationQueue":[],"_animationSpeed":1.103,"_zoom":20.656},{"_mousePosition":[767,387],"_rootPartCFrame":[745.199,222.638,46.821,-0.004,0,1,0,1,0,-1,0,-0.004],"_humanoidState":8,"_cameraCFrame":[754.71,242.474,46.734,-0.009,-0.888,0.46,0,0.46,0.888,-1,0.008,-0.004],"_shiftlockState":false,"_pose":"Running","_animationQueue":[],"_animationSpeed":1.103,"_zoom":20.656},{"_mousePosition":[767,387],"_rootPartCFrame":[744.799,222.638,46.825,-0.005,0,1,0,1,0,-1,0,-0.005],"_humanoidState":8,"_cameraCFrame":[754.238,242.511,46.739,-0.009,-0.889,0.457,0,0.457,0.889,-1,0.008,-0.004],"_shiftlockState":false,"_pose":"Running","_animationQueue":[["walk",0.1]],"_animationSpeed":1.103,"_zoom":20.656},{"_mousePosition":[767,387],"_rootPartCFrame":[744.533,223.511,46.827,-0.006,0,1,0,1,0,-1,0,-0.006],"_humanoidState":3,"_cameraCFrame":[753.936,243.402,46.741,-0.009,-0.89,0.455,0,0.455,0.89,-1,0.008,-0.004],"_shiftlockState":false,"_pose":"Jumping","_animationQueue":[["walk",0.1],["jump",0.1]],"_animationSpeed":1,"_zoom":20.656},{"_mousePosition":[767,387],"_rootPartCFrame":[744.333,224.132,46.829,-0.006,0,1,0,1,0,-1,0,-0.006],"_humanoidState":5,"_cameraCFrame":[753.7,244.042,46.744,-0.009,-0.891,0.453,0,0.454,0.891,-1,0.008,-0.004],"_shiftlockState":false,"_pose":"FreeFall","_animationQueue":[["jump",0.1]],"_animationSpeed":1,"_zoom":20.656},{"_mousePosition":[767,387],"_rootPartCFrame":[743.999,225.1,46.832,-0.007,0,1,0,1,0,-1,0,-0.007],"_humanoidState":5,"_cameraCFrame":[753.295,245.046,46.747,-0.009,-0.893,0.45,0,0.45,0.893,-1,0.008,-0.004],"_shiftlockState":false,"_pose":"FreeFall","_animationQueue":[],"_animationSpeed":1,"_zoom":20.656},{"_mousePosition":[767,387],"_rootPartCFrame":[743.799,225.64,46.834,-0.007,0,1,0,1,0,-1,0,-0.007],"_humanoidState":5,"_cameraCFrame":[753.059,245.604,46.749,-0.009,-0.894,0.448,0,0.448,0.894,-1,0.008,-0.004],"_shiftlockState":false,"_pose":"FreeFall","_animationQueue":[],"_animationSpeed":1,"_zoom":20.656},{"_mousePosition":[767,387],"_rootPartCFrame":[743.466,226.472,46.837,-0.007,0,1,0,1,0,-1,0,-0.007],"_humanoidState":5,"_cameraCFrame":[752.654,246.472,46.753,-0.009,-0.896,0.445,0,0.445,0.896,-1,0.008,-0.004],"_shiftlockState":false,"_pose":"FreeFall","_animationQueue":[],"_animationSpeed":1,"_zoom":20.656},{"_mousePosition":[767,387],"_rootPartCFrame":[743.266,226.93,46.839,-0.008,0,1,0,1,0,-1,0,-0.008],"_humanoidState":5,"_cameraCFrame":[752.382,246.966,46.756,-0.009,-0.897,0.441,0,0.441,0.897,-1,0.008,-0.004],"_shiftlockState":false,"_pose":"FreeFall","_animationQueue":[],"_animationSpeed":1,"_zoom":20.656},{"_mousePosition":[767,387],"_rootPartCFrame":[743,227.493,46.841,-0.008,0,1,0,1,0,-1,0,-0.008],"_humanoidState":5,"_cameraCFrame":[752.006,247.582,46.736,-0.012,-0.9,0.436,0,0.436,0.9,-1,0.01,-0.005],"_shiftlockState":false,"_pose":"FreeFall","_animationQueue":[],"_animationSpeed":1,"_zoom":20.656},{"_mousePosition":[767,387],"_rootPartCFrame":[742.733,228.002,46.843,-0.008,0,1,0,1,0,-1,0,-0.008],"_humanoidState":5,"_cameraCFrame":[751.485,248.212,46.742,-0.012,-0.906,0.424,0,0.424,0.906,-1,0.011,-0.005],"_shiftlockState":false,"_pose":"FreeFall","_animationQueue":[],"_animationSpeed":1,"_zoom":20.656},{"_mousePosition":[767,387],"_rootPartCFrame":[742.4,228.561,46.847,-0.009,0,1,0,1,0,-1,0,-0.009],"_humanoidState":5,"_cameraCFrame":[751.006,248.839,46.725,-0.014,-0.909,0.417,0,0.417,0.909,-1,0.013,-0.006],"_shiftlockState":false,"_pose":"FreeFall","_animationQueue":[],"_animationSpeed":1,"_zoom":20.656},{"_mousePosition":[767,387],"_rootPartCFrame":[742.133,228.947,46.85,-0.009,0,1,0,1,0,-1,0,-0.009],"_humanoidState":5,"_cameraCFrame":[750.555,249.308,46.71,-0.017,-0.913,0.408,0,0.408,0.913,-1,0.015,-0.007],"_shiftlockState":false,"_pose":"FreeFall","_animationQueue":[],"_animationSpeed":1,"_zoom":20.656},{"_mousePosition":[767,387],"_rootPartCFrame":[741.933,229.201,46.853,-0.009,0,1,0,1,0,-1,0,-0.