[{"_mousePosition":[715,373],"_rootPartCFrame":[776.035,222.7,47.142,-0.002,0,1,0,1,0,-1,0,-0.002],"_humanoidState":8,"_cameraCFrame":[787.451,235.587,47.207,0.006,-0.706,0.708,0,0.708,0.706,-1,-0.004,0.004],"_shiftlockState":false,"_pose":"Standing","_animationQueue":[],"_animationSpeed":1,"_zoom":16.125},{"_mousePosition":[715,373],"_rootPartCFrame":[775.789,222.7,47.142,-0.001,0,1,0,1,0,-1,0,-0.001],"_humanoidState":8,"_cameraCFrame":[787.093,235.698,47.234,0.008,-0.713,0.701,0,0.701,0.713,-1,-0.006,0.006],"_shiftlockState":false,"_pose":"Standing","_animationQueue":[],"_animationSpeed":1,"_zoom":16.125},{"_mousePosition":[715,373],"_rootPartCFrame":[775.656,222.7,47.142,-0.001,0,1,0,1,0,-1,0,-0.001],"_humanoidState":8,"_cameraCFrame":[786.848,235.808,47.233,0.008,-0.72,0.694,0,0.694,0.72,-1,-0.006,0.006],"_shiftlockState":false,"_pose":"Running","_animationQueue":[["walk",0.1]],"_animationSpeed":1.066,"_zoom":16.125},{"_mousePosition":[715,373],"_rootPartCFrame":[775.256,222.7,47.138,0.001,0,1,0,1,0,-1,0,0.001],"_humanoidState":8,"_cameraCFrame":[786.334,235.916,47.257,0.011,-0.727,0.687,0,0.687,0.727,-1,-0.008,0.007],"_shiftlockState":false,"_pose":"Running","_animationQueue":[],"_animationSpeed":1.066,"_zoom":16.125},{"_mousePosition":[715,373],"_rootPartCFrame":[775.123,222.7,47.137,0.001,0,1,0,1,0,-1,0,0.001],"_humanoidState":8,"_cameraCFrame":[786.109,236.002,47.255,0.011,-0.732,0.681,0,0.681,0.732,-1,-0.008,0.007],"_shiftlockState":false,"_pose":"Running","_animationQueue":[],"_animationSpeed":1.066,"_zoom":16.125},{"_mousePosition":[715,373],"_rootPartCFrame":[774.856,222.7,47.134,0.003,0,1,0,1,0,-1,0,0.003],"_humanoidState":8,"_cameraCFrame":[785.75,236.087,47.251,0.011,-0.737,0.676,0,0.676,0.737,-1,-0.008,0.007],"_shiftlockState":false,"_pose":"Running","_animationQueue":[],"_animationSpeed":1.066,"_zoom":16.125},{"_mousePosition":[715,373],"_rootPartCFrame":[774.59,222.7,47.132,0.004,0,1,0,1,0,-1,0,0.004],"_humanoidState":8,"_cameraCFrame":[785.39,236.172,47.247,0.011,-0.742,0.67,0,0.67,0.742,-1,-0.008,0.007],"_shiftlockState":false,"_pose":"Running","_animationQueue":[],"_animationSpeed":1.066,"_zoom":16.125},{"_mousePosition":[715,373],"_rootPartCFrame":[774.323,222.7,47.129,0.005,0,1,0,1,0,-1,0,0.005],"_humanoidState":8,"_cameraCFrame":[785.007,236.277,47.243,0.011,-0.749,0.663,0,0.663,0.749,-1,-0.008,0.007],"_shiftlockState":false,"_pose":"Running","_animationQueue":[],"_animationSpeed":1.066,"_zoom":16.125},{"_mousePosition":[715,373],"_rootPartCFrame":[774.056,222.7,47.126,0.005,0,1,0,1,0,-1,0,0.005],"_humanoidState":8,"_cameraCFrame":[784.622,236.38,47.239,0.011,-0.755,0.655,0,0.655,0.755,-1,-0.008,0.007],"_shiftlockState":false,"_pose":"Running","_animationQueue":[],"_animationSpeed":1.066,"_zoom":16.125},{"_mousePosition":[715,373],"_rootPartCFrame":[773.79,222.7,47.123,0.006,0,1,0,1,0,-1,0,0.006],"_humanoidState":8,"_cameraCFrame":[784.236,236.483,47.235,0.011,-0.762,0.648,0,0.648,0.762,-1,-0.008,0.007],"_shiftlockState":false,"_pose":"Running","_animationQueue":[["walk",0.1]],"_animationSpeed":1.066,"_zoom":16.125},{"_mousePosition":[715,373],"_rootPartCFrame":[773.523,222.7,47.12,0.007,0,1,0,1,0,-1,0,0.007],"_humanoidState":8,"_cameraCFrame":[783.85,236.584,47.204,0.008,-0.768,0.64,0,0.64,0.768,-1,-0.006,0.005],"_shiftlockState":false,"_pose":"Running","_animationQueue":[],"_animationSpeed":1.066,"_zoom":16.125},{"_mousePosition":[715,373],"_rootPartCFrame":[773.257,222.7,47.117,0.007,0,1,0,1,0,-1,0,0.007],"_humanoidState":8,"_cameraCFrame":[783.486,236.664,47.201,0.008,-0.773,0.634,0,0.634,0.773,-1,-0.006,0.005],"_shiftlockState":false,"_pose":"Running","_animationQueue":[],"_animationSpeed":1.066,"_zoom":16.125},{"_mousePosition":[715,373],"_rootPartCFrame":[772.99,222.7,47.115,0.007,0,1,0,1,0,-1,0,0.007],"_humanoidState":8,"_cameraCFrame":[783.073,236.783,47.172,0.006,-0.78,0.625,0,0.625,0.78,-1,-0.004,0.004],"_shiftlockState":false,"_pose":"Running","_animationQueue":[],"_animationSpeed":1.066,"_zoom":16.125},{"_mousePosition":[715,373],"_rootPartCFrame":[772.723,222.7,47.113,0.008,0,1,0,1,0,-1,0,0.008],"_humanoidState":8,"_cameraCFrame":[782.782,236.802,47.17,0.006,-0.782,0.624,0,0.624,0.782,-1,-0.004,0.004],"_shiftlockState":false,"_pose":"Running","_animationQueue":[],"_animationSpeed":1.066,"_zoom":16.125},{"_mousePosition":[715,373],"_rootPartCFrame":[772.323,222.7,47.111,0.007,0,1,0,1,0,-1,0,0.007],"_humanoidState":8,"_cameraCFrame":[782.308,236.861,47.167,0.006,-0.785,0.619,0,0.619,0.785,-1,-0.004,0.003],"_shiftlockState":false,"_pose":"Running","_animationQueue":[],"_animationSpeed":1.066,"_zoom":16.125},{"_mousePosition":[715,373],"_rootPartCFrame":[772.057,222.7,47.109,0.007,0,1,0,1,0,-1,0,0.007],"_humanoidState":8,"_cameraCFrame":[781.992,236.9,47.165,0.006,-0.788,0.616,0,0.616,0.788,-1,-0.004,0.003],"_shiftlockState":false,"_pose":"Running","_animationQueue":[["walk",0.1]],"_animationSpeed":1.066,"_zoom":16.125},{"_mousePosition":[715,373],"_rootPartCFrame":[771.924,222.7,47.108,0.007,0,1,0,1,0,-1,0,0.007],"_humanoidState":8,"_cameraCFrame":[781.81,236.938,47.164,0.006,-0.79,0.613,0,0.613,0.79,-1,-0.004,0.003],"_shiftlockState":false,"_pose":"Running","_animationQueue":[],"_animationSpeed":1.066,"_zoom":16.125},{"_mousePosition":[715,373],"_rootPartCFrame":[771.657,222.7,47.107,0.007,0,1,0,1,0,-1,0,0.007],"_humanoidState":8,"_cameraCFrame":[781.499,236.977,45.387,0.003,-0.792,0.61,0,0.61,0.792,-1,-0.002,0.002],"_shiftlockState":true,"_pose":"Running","_animationQueue":[],"_animationSpeed":1.066,"_zoom":16.125},{"_mousePosition":[683,384],"_rootPartCFrame":[771.257,222.7,47.105,0.003,0,1,0,1,0,-1,0,0.003],"_humanoidState":8,"_cameraCFrame":[781.099,236.977,45.385,0.003,-0.792,0.61,0,0.61,0.792,-1,-0.002,0.002],"_shiftlockState":true,"_pose":"Running","_animationQueue":[],"_animationSpeed":1.066,"_zoom":16.125},{"_mousePosition":[683,384],"_rootPartCFrame":[771.057,222.7,47.104,0.003,0,1,0,1,0,-1,0,0.003],"_humanoidState":8,"_cameraCFrame":[780.799,237.053,45.384,0.003,-0.797,0.604,0,0.604,0.797,-1,-0.002,0.002],"_shiftlockState":true,"_pose":"Running","_animationQueue":[],"_animationSpeed":1.066,"_zoom":16.125},{"_mousePosition":[683,384],"_rootPartCFrame":[770.791,222.7,47.103,0.003,0,1,0,1,0,-1,0,0.003],"_humanoidState":8,"_cameraCFrame":[780.402,237.147,45.359,0.001,-0.803,0.596,0,0.596,0.803,-1,0,0],"_shiftlockState":true,"_pose":"Running","_animationQueue":[],"_animationSpeed":1.066,"_zoom":16.125},{"_mousePosition":[683,384],"_rootPartCFrame":[770.524,222.7,47.102,0.001,0,1,0,1,0,-1,0,0.001],"_humanoidState":8,"_cameraCFrame":[780.005,237.24,45.334,-0.002,-0.809,0.588,0,0.588,0.809,-1,0.002,-0.001],"_shiftlockState":true,"_pose":"Running","_animationQueue":[],"_animationSpeed":1.066,"_zoom":16.125},{"_mousePosition":[683,384],"_rootPartCFrame":[770.257,222.7,47.102,-0.002,0,1,0,1,0,-1,0,-0.002],"_humanoidState":8,"_cameraCFrame":[779.606,237.332,45.31,-0.004,-0.814,0.58,0,0.58,0.814,-1,0.004,-0.003],"_shiftlockState":true,"_pose":"Running","_animationQueue":[["walk",0.1]],"_animationSpeed":1.066,"_zoom":16.125},{"_mousePosition":[683,384],"_rootPartCFrame":[769.991,222.7,47.102,-0.004,0,1,0,1,0,-1,0,-0.004],"_humanoidState":8,"_cameraCFrame":[779.185,237.441,45.311,-0.004,-0.821,0.571,0,0.571,0.821,-1,0.004,-0.003],"_shiftlockState":true,"_pose":"Running","_animationQueue":[],"_animationSpeed":1.066,"_zoom":16.125},{"_mousePosition":[683,384],"_rootPartCFrame":[769.724,222.7,47.104,-0.004,0,1,0,1,0,-1,0,-0.004],"_humanoidState":8,"_cameraCFrame":[778.759,237.547,45.29,-0.007,-0.828,0.561,0,0.561,0.828,-1,0.006,-0.004],"_shiftlockState":true,"_pose":"Running","_animationQueue":[],"_animationSpeed":1.066,"_zoom":16.125},{"_mousePosition":[683,384],"_rootPartCFrame":[769.458,222.7,47.105,-0.007,0,1,0,1,0,-1,0,-0.007],"_humanoidState":8,"_cameraCFrame":[778.335,237.652,45.292,-0.007,-0.834,0.551,0,0.551,0.834,-1,0.006,-0.004],"_shiftlockState":true,"_pose":"Running","_animationQueue":[],"_animationSpeed":1.066,"_zoom":16.125},{"_mousePosition":[683,384],"_rootPartCFrame":[769.191,222.7,47.107,-0.007,0,1,0,1,0,-1,0,-0.007],"_humanoidState":8,"_cameraCFrame":[777.853,237.789,45.274,-0.01,-0.843,0.538,0,0.538,0.843,-1,0.008,-0.005],"_shiftlockState":true,"_pose":"Running","_animationQueue":[],"_animationSpeed":1.066,"_zoom":16.125},{"_mousePosition":[683,384],"_rootPartCFrame":[768.924,222.7,47.108,-0.01,0,1,0,1,0,-1,0,-0.01],"_humanoidState":8,"_cameraCFrame":[777.507,237.84,45.276,-0.01,-0.846,0.533,0,0.533,0.846,-1,0.008,-0.005],"_shiftlockState":true,"_pose":"Running","_animationQueue":[],"_animationSpeed":1.066,"_zoom":16.125},{"_mousePosition":[683,384],"_rootPartCFrame":[768.658,222.7,47.111,-0.01,0,1,0,1,0,-1,0,-0.01],"_humanoidState":8,"_cameraCFrame":[777.161,237.89,45.279,-0.01,-0.849,0.528,0,0.528,0.849,-1,0.008,-0.005],"_shiftlockState":true,"_pose":"Running","_animationQueue":[],"_animationSpeed":1.066,"_zoom":16.125},{"_mousePosition":[683,384],"_rootPartCFrame":[768.391,222.7,47.113,-0.01,0,1,0,1,0,-1,0,-0.01],"_humanoidState":8,"_cameraCFrame":[776.867,237.906,45.282,-0.01,-0.85,0.527,0,0.527,0.85,-1,0.008,-0.005],"_shiftlockState":true,"_pose":"Running","_animationQueue":[["walk",0.1]],"_animationSpeed":1.066,"_zoom":16.125},{"_mousePosition":[683,384],"_rootPartCFrame":[768.125,222.7,47.116,-0.01,0,1,0,1,0,-1,0,-0.01],"_humanoidState":8,"_cameraCFrame":[776.547,237.939,45.285,-0.01,-0.852,0.523,0,0.523,0.852,-1,0.008,-0.005],"_shiftlockState":true,"_pose":"Running","_animationQueue":[],"_animationSpeed":1.066,"_zoom":16.125},{"_mousePosition":[683,384],"_rootPartCFrame":[767.858,222.7,47.118,-0.01,0,1,0,1,0,-1,0,-0.01],"_humanoidState":8,"_cameraCFrame":[776.254,237.956,45.288,-0.01,-0.853,0.522,0,0.522,0.853,-1,0.008,-0.005],"_shiftlockState":true,"_pose":"Running","_animationQueue":[],"_animationSpeed":1.066,"_zoom":16.125},{"_mousePosition":[683,384],"_rootPartCFrame":[767.591,222.7,47.121,-0.01,0,1,0,1,0,-1,0,-0.01],"_humanoidState":8,"_cameraCFrame":[775.961,237.972,45.291,-0.01,-0.854,0.52,0,0.52,0.854,-1,0.008,-0.005],"_shiftlockState":true,"_pose":"Running","_animationQueue":[],"_animationSpeed":1.066,"_zoom":16.125},{"_mousePosition":[683,384],"_rootPartCFrame":[767.325,222.7,47.124,-0.01,0,1,0,1,0,-1,0,-0.01],"_humanoidState":8,"_cameraCFrame":[775.667,237.988,45.294,-0.01,-0.855,0.518,0,0.518,0.855,-1,0.008,-0.005],"_shiftlockState":true,"_pose":"Running","_animationQueue":[],"_animationSpeed":1.066,"_zoom":16.125},{"_mousePosition":[683,384],"_rootPartCFrame":[767.058,222.7,47.126,-0.01,0,1,0,1,0,-1,0,-0.01],"_humanoidState":8,"_cameraCFrame":[775.342,238.021,45.276,-0.012,-0.857,0.515,0,0.515,0.857,-1,0.01,-0.006],"_shiftlockState":true,"_pose":"Running","_animationQueue":[],"_animationSpeed":1.066,"_zoom":16.125},{"_mousePosition":[683,384],"_rootPartCFrame":[766.792,222.7,47.129,-0.012,0,1,0,1,0,-1,0,-0.012],"_humanoidState":8,"_cameraCFrame":[775.021,238.053,45.279,-0.012,-0.859,0.512,0,0.512,0.859,-1,0.01,-0.006],"_shiftlockState":true,"_pose":"Running","_animationQueue":[],"_animationSpeed":1.066,"_zoom":16.125},{"_mousePosition":[683,384],"_rootPartCFrame":[766.525,222.7,47.132,-0.012,0,1,0,1,0,-1,0,-0.012],"_humanoidState":8,"_cameraCFrame":[774.674,238.101,45.283,-0.012,-0.862,0.507,0,0.507,0.862,-1,0.01,-0.006],"_shiftlockState":true,"_pose":"Running","_animationQueue":[["walk",0.1]],"_animationSpeed":1.066,"_zoom":16.125},{"_mousePosition":[683,384],"_rootPartCFrame":[766.258,222.7,47.135,-0.012,0,1,0,1,0,-1,0,-0.012],"_humanoidState":8,"_cameraCFrame":[774.321,238.149,45.267,-0.015,-0.865,0.502,0,0.502,0.865,-1,0.013,-0.007],"_shiftlockState":true,"_pose":"Running","_animationQueue":[],"_animationSpeed":1.066,"_zoom":16.125},{"_mousePosition":[683,384],"_rootPartCFrame":[765.992,222.7,47.138,-0.015,0,1,0,1,0,-1,0,-0.015],"_humanoidState":8,"_cameraCFrame":[773.973,238.196,45.271,-0.015,-0.868,0.497,0,0.497,0.868,-1,0.013,-0.007],"_shiftlockState":true,"_pose":"Running","_animationQueue":[],"_animationSpeed":1.066,"_zoom":16.125},{"_mousePosition":[683,384],"_rootPartCFrame":[765.725,222.7,47.142,-0.015,0,1,0,1,0,-1,0,-0.015],"_humanoidState":8,"_cameraCFrame":[773.624,238.242,45.276,-0.015,-0.871,0.491,0,0.492,0.871,-1,0.013,-0.007],"_shiftlockState":true,"_pose":"Running","_animationQueue":[],"_animationSpeed":1.066,"_zoom":16.125},{"_mousePosition":[683,384],"_rootPartCFrame":[765.458,222.7,47.146,-0.015,0,1,0,1,0,-1,0,-0.015],"_humanoidState":8,"_cameraCFrame":[773.298,238.273,45.261,-0.017,-0.873,0.488,0,0.488,0.873,-1,0.015,-0.008],"_shiftlockState":true,"_pose":"Running","_animationQueue":[],"_animationSpeed":1.066,"_zoom":16.125},{"_mousePosition":[683,384],"_rootPartCFrame":[765.192,222.7,47.15,-0.017,0,1,0,1,0,-1,0,-0.017],"_humanoidState":8,"_cameraCFrame":[772.977,238.304,45.266,-0.017,-0.875,0.485,0,0.485,0.875,-1,0.015,-0.008],"_shiftlockState":true,"_pose":"Running","_animationQueue":[],"_animationSpeed":1.066,"_zoom":16.125},{"_mousePosition":[683,384],"_rootPartCFrame":[764.925,222.7,47.154,-0.017,0,1,0,1,0,-1,0,-0.017],"_humanoidState":8,"_cameraCFrame":[772.65,238.334,45.252,-0.02,-0.876,0.481,0,0.481,0.877,-1,0.017,-0.009],"_shiftlockState":true,"_pose":"Running","_animationQueue":[],"_animationSpeed":1.066,"_zoom":16.125},{"_mousePosition":[683,384],"_rootPartCFrame":[764.659,222.7,47.159,-0.02,0,1,0,1,0,-1,0,-0.02],"_humanoidState":8,"_cameraCFrame":[772.356,238.349,45.257,-0.02,-0.877,0.479,0,0.48,0.877,-1,0.017,-0.009],"_shiftlockState":true,"_pose":"Running","_animationQueue":[["walk",0.1]],"_animationSpeed":1.066,"_zoom":16.125},{"_mousePosition":[683,384],"_rootPartCFrame":[764.392,222.7,47.164,-0.02,0,1,0,1,0,-1,0,-0.02],"_humanoidState":8,"_cameraCFrame":[772.089,238.349,45.262,-0.02,-0.877,0.479,0,0.48,0.877,-1,0.017,-0.009],"_shiftlockState":true,"_pose":"Running","_animationQueue":[],"_animationSpeed":1.066,"_zoom":16.125},{"_mousePosition":[683,384],"_rootPartCFrame":[764.125,222.7,47.169,-0.02,0,1,0,1,0,-1,0,-0.02],"_humanoidState":8,"_cameraCFrame":[771.823,238.349,45.268,-0.02,-0.877,0.479,0,0.48,0.877,-1,0.017,-0.009],"_shiftlockState":true,"_pose":"Running","_animationQueue":[],"_animationSpeed":1.066,"_zoom":16.125},{"_mousePosition":[683,384],"_rootPartCFrame":[763.859,222.7,47.175,-0.02,0,1,0,1,0,-1,0,-0.02],"_humanoidState":8,"_cameraCFrame":[771.529,238.364,45.273,-0.02,-0.878,0.478,0,0.478,0.878,-1,0.017,-0.009],"_shiftlockState":true,"_pose":"Running","_animationQueue":[],"_animationSpeed":1.066,"_zoom":16.125},{"_mousePosition":[683,384],"_rootPartCFrame":[763.592,222.7,47.18,-0.02,0,1,0,1,0,-1,0,-0.02],"_humanoidState":8,"_cameraCFrame":[771.23,238.379,45.26,-0.022,-0.879,0.476,0,0.476,0.879,-1,0.02,-0.011],"_shiftlockState":true,"_pose":"Running","_animationQueue":[],"_animationSpeed":1.066,"_zoom":16.125},{"_mousePosition":[683,384],"_rootPartCFrame":[763.259,223.783,47.187,-0.022,0,1,0,1,0,-1,0,-0.022],"_humanoidState":3,"_cameraCFrame":[770.896,239.463,45.266,-0.022,-0.879,0.476,0,0.476,0.879,-1,0.02,-0.011],"_shiftlockState":true,"_pose":"Jumping","_animationQueue":[["walk",0.1],["jump",0.1]],"_animationSpeed":1,"_zoom":16.125},{"_mousePosition":[683,384],"_rootPartCFrame":[763.059,224.395,47.191,-0.022,0,1,0,1,0,-1,0,-0.022],"_humanoidState":5,"_cameraCFrame":[770.696,240.074,45.271,-0.022,-0.879,0.476,0,0.476,0.879,-1,0.02,-0.011],"_shiftlockState":true,"_pose":"FreeFall","_animationQueue":[["jump",0.1]],"_animationSpeed":1,"_zoom":16.125},{"_mousePosition":[683,384],"_rootPartCFrame":[762.792,225.162,47.197,-0.022,0,1,0,1,0,-1,0,-0.022],"_humanoidState":5,"_cameraCFrame":[770.43,240.842,45.277,-0.022,-0.879,0.476,0,0.476,0.879,-1,0.02,-0.011],"_shiftlockState":true,"_pose":"FreeFall","_animationQueue":[],"_animationSpeed":1,"_zoom":16.125},{"_mousePosition":[683,384],"_rootPartCFrame":[762.526,225.875,47.203,-0.022,0,1,0,1,0,-1,0,-0.022],"_humanoidState":5,"_cameraCFrame":[770.163,241.555,45.283,-0.022,-0.879,0.476,0,0.476,0.879,-1,0.02,-0.011],"_shiftlockState":true,"_pose":"FreeFall","_animationQueue":[],"_animationSpeed":1,"_zoom":16.125},{"_mousePosition":[683,384],"_rootPartCFrame":[762.259,226.534,47.209,-0.022,0,1,0,1,0,-1,0,-0.022],"_humanoidState":5,"_cameraCFrame":[769.897,242.213,45.289,-0.022,-0.879,0.476,0,0.476,0.879,-1,0.02,-0.011],"_shiftlockState":true,"_pose":"FreeFall","_animationQueue":[],"_animationSpeed":1,"_zoom":16.125},{"_mousePosition":[683,384],"_rootPartCFrame":[761.993,227.138,47.215,-0.022,0,1,0,1,0,-1,0,-0.022],"_humanoidState":5,"_cameraCFrame":[769.575,242.847,45.296,-0.022,-0.881,0.473,0,0.473,0.881,-1,0.02,-0.01],"_shiftlockState":true,"_pose":"FreeFall","_animationQueue":[],"_animationSpeed":1,"_zoom":16.125},{"_mousePosition":[683,384],"_rootPartCFrame":[761.726,227.687,47.22,-0.022,0,1,0,1,0,-1,0,-0.022],"_humanoidState":5,"_cameraCFrame":[769.205,243.441,45.228,-0.032,-0.883,0.467,0,0.468,0.884,-0.999,0.029,-0.015],"_shiftlockState":true,"_pose":"FreeFall","_animationQueue":[],"_animationSpeed":1,"_zoom":16.125},{"_mousePosition":[683,384],"_rootPartCFrame":[761.459,228.182,47.226,-0.031,0,1,0,1,0,-1,0,-0.031],"_humanoidState":5,"_cameraCFrame":[768.939,243.936,45.234,-0.032,-0.883,0.467,0,0.468,0.884,-0.999,0.029,-0.015],"_shiftlockState":true,"_pose":"FreeFall","_animationQueue":[],"_animationSpeed":1,"_zoom":16.125},{"_mousePosition":[683,384],"_rootPartCFrame":[761.193,228.623,47.235,-0.032,0,0.999,0,1,0,-0.999,0,-0.032],"_humanoidState":5,"_cameraCFrame":[768.672,244.377,45.242,-0.032,-0.883,0.467,0,0.468,0.884,-0.999,0.029,-0.015],"_shiftlockState":true,"_pose":"FreeFall","_animationQueue":[],"_animationSpeed":1,"_zoom":16.125},{"_mousePosition":[683,384],"_rootPartCFrame":[760.926,229.009,47.243,-0.032,0,0.999,0,1,0,-0.999,0,-0.032],"_humanoidState":5,"_cameraCFrame":[768.405,244.763,45.25,-0.032,-0.883,0.467,0,0.468,0.884,-0.999,0.029,-0.015],"_shiftlockState":true,"_pose":"FreeFall","_animationQueue":[],"_animationSpeed":1,"_zoom":16.125},{"_mousePosition":[683,384],"_rootPartCFrame":[760.66,229.34,47.252,-0.032,0,0.999,0,1,0,-0.999,0,-0.032],"_humanoidState":5,"_cameraCFrame":[768.139,245.094,45.259,-0.032,-0.883,0.467,0,0.468,0.884,-0.999,0.029,-0.015],"_shiftlockState":true,"_pose":"FreeFall","_animationQueue":[],"_animationSpeed":1,"_zoom":16.125},{"_mousePosition":[683,384],"_rootPartCFrame":[760.393,229.617,47.26,-0.032,0,0.999,0,1,0,-0.999,0,-0.032],"_humanoidState":5,"_cameraCFrame":[767.872,245.371,45.268,-0.032,-0.883,0.467,0,0.468,0.884,-0.999,0.029,-0.015],"_shiftlockState":true,"_pose":"FreeFall","_animationQueue":[],"_animationSpeed":1,"_zoom":16.125},{"_mousePosition":[683,384],"_rootPartCFrame":[760.126,229.84,47.269,-0.032,0,0.999,0,1,0,-0.999,0,-0.032],"_humanoidState":5,"_cameraCFrame":[767.606,245.594,45.276,-0.032,-0.883,0.467,0,0.468,0.884,-0.999,0.029,-0.015],"_shiftlockState":true,"_pose":"FreeFall","_animationQueue":[],"_animationSpeed":1,"_zoom":16.125},{"_mousePosition":[683,384],"_rootPartCFrame":[759.86,230.008,47.278,-0.032,0,0.999,0,1,0,-0.999,0,-0.032],"_humanoidState":5,"_cameraCFrame":[767.339,245.762,45.285,-0.032,-0.883,0.467,0,0.468,0.884,-0.999,0.029,-0.015],"_shiftlockState":true,"_pose":"FreeFall","_animationQueue":[],"_animationSpeed":1,"_zoom":16.125},{"_mousePosition":[683,384],"_rootPartCFrame":[759.593,230.122,47.286,-0.032,0,0.999,0,1,0,-0.999,0,-0.032],"_humanoidState":5,"_cameraCFrame":[767.072,245.875,45.294,-0.032,-0.883,0.467,0,0.468,0.884,-0.999,0.029,-0.015],"_shiftlockState":true,"_pose":"FreeFall","_animationQueue":[],"_animationSpeed":1,"_zoom":16.125},{"_mousePosition":[683,384],"_rootPartCFrame":[759.327,230.181,47.295,-0.032,0,0.999,0,1,0,-0.999,0,-0.032],"_humanoidState":5,"_cameraCFrame":[766.806,245.934,45.302,-0.032,-0.883,0.467,0,0.468,0.884,-0.999,0.029,-0.015],"_shiftlockState":true,"_pose":"FreeFall","_animationQueue":[["fall",0.3]],"_animationSpeed":1,"_zoom":16.125},{"_mousePosition":[683,384],"_rootPartCFrame":[759.06,230.185,47.304,-0.032,0,0.999,0,1,0,-0.999,0,-0.032],"_humanoidState":5,"_cameraCFrame":[766.539,245.939,45.311,-0.032,-0.883,0.467,0,0.468,0.884,-0.999,0.029,-0.015],"_shiftlockState":true,"_pose":"FreeFall","_animationQueue":[],"_animationSpeed":1,"_zoom":16.125},{"_mousePosition":[683,384],"_rootPartCFrame":[758.793,230.135,47.312,-0.032,0,0.999,0,1,0,-0.999,0,-0.032],"_humanoidState":5,"_cameraCFrame":[766.262,245.889,45.282,-0.037,-0.883,0.467,0,0.468,0.884,-0.999,0.033,-0.017],"_shiftlockState":true,"_pose":"FreeFall","_animationQueue":[],"_animationSpeed":1,"_zoom":16.125},{"_mousePosition":[683,384],"_rootPartCFrame":[758.46,229.996,47.323,-0.037,0,0.999,0,1,0,-0.999,0,-0.037],"_humanoidState":5,"_cameraCFrame":[766.024,245.69,45.231,-0.045,-0.879,0.474,0,0.474,0.88,-0.999,0.04,-0.021],"_shiftlockState":true,"_pose":"FreeFall","_animationQueue":[],"_animationSpeed":1,"_zoom":16.125},{"_mousePosition":[683,384],"_rootPartCFrame":[758.26,229.872,47.33,-0.044,0,0.999,0,1,0,-0.999,0,-0.044],"_humanoidState":5,"_cameraCFrame":[765.973,245.476,45.172,-0.053,-0.873,0.484,0,0.485,0.875,-0.999,0.046,-0.025],"_shiftlockState":true,"_pose":"FreeFall","_animationQueue":[],"_animationSpeed":1,"_zoom":16.125},{"_mousePosition":[683,384],"_rootPartCFrame":[757.994,229.658,47.342,-0.052,0,0.999,0,1,0,-0.999,0,-0.052],"_humanoidState":5,"_cameraCFrame":[765.866,245.17,45.155,-0.055,-0.868,0.494,0,0.495,0.869,-0.998,0.048,-0.027],"_shiftlockState":true,"_pose":"FreeFall","_animationQueue":[],"_animationSpeed":1,"_zoom":16.125},{"_mousePosition":[683,384],"_rootPartCFrame":[757.728,229.39,47.356,-0.055,0,0.999,0,1,0,-0.999,0,-0.055],"_humanoidState":5,"_cameraCFrame":[765.708,244.839,45.163,-0.055,-0.864,0.501,0,0.502,0.865,-0.998,0.048,-0.028],"_shiftlockState":true,"_pose":"FreeFall","_animationQueue":[["fall",0.3]],"_animationSpeed":1,"_zoom":16.125},{"_mousePosition":[683,384],"_rootPartCFrame":[757.395,228.979,47.374,-0.055,0,0.998,0,1,0,-0.998,0,-0.055],"_humanoidState":5,"_cameraCFrame":[765.429,244.396,45.178,-0.055,-0.862,0.504,0,0.505,0.863,-0.998,0.048,-0.028],"_shiftlockState":true,"_pose":"FreeFall","_animationQueue":[],"_animationSpeed":1,"_zoom":16.125},{"_mousePosition":[683,384],"_rootPartCFrame":[757.195,229.054,47.385,-0.055,0,0.998,0,1,0,-0.998,0,-0.055],"_humanoidState":7,"_cameraCFrame":[765.23,244.471,45.189,-0.055,-0.862,0.504,0,0.505,0.863,-0.998,0.048,-0.028],"_shiftlockState":true,"_pose":"FreeFall","_animationQueue":[["walk",0.1],["fall",0.3],["fall",0.3]],"_animationSpeed":1,"_zoom":16.125},{"_mousePosition":[683,384],"_rootPartCFrame":[756.928,229.3,47.4,-0.055,0,0.998,0,1,0,-0.998,0,-0.055],"_humanoidState":7,"_cameraCFrame":[764.963,244.718,45.204,-0.055,-0.862,0.504,0,0.505,0.863,-0.998,0.048,-0.028],"_shiftlockState":true,"_pose":"FreeFall","_animationQueue":[],"_animationSpeed":1,"_zoom":16.125},{"_mousePosition":[683,384],"_rootPartCFrame":[756.662,229.475,47.414,-0.055,0,0.998,0,1,0,-0.998,0,-0.055],"_humanoidState":7,"_cameraCFrame":[764.697,244.892,45.218,-0.055,-0.862,0.504,0,0.505,0.863,-0.998,0.048,-0.028],"_shiftlockState":true,"_pose":"FreeFall","_animationQueue":[],"_animationSpeed":1,"_zoom":16.125},{"_mousePosition":[683,384],"_rootPartCFrame":[756.537,229.575,47.421,-0.055,0,0.998,0,1,0,-0.998,0,-0.055],"_humanoidState":8,"_cameraCFrame":[764.572,244.993,45.225,-0.055,-0.862,0.504,0,0.505,0.863,-0.998,0.048,-0.028],"_shiftlockState":true,"_pose":"Running","_animationQueue":[["walk",0.1],["fall",0.3],["walk",0.1]],"_animationSpeed":1.103,"_zoom":16.125},{"_mousePosition":[683,384],"_rootPartCFrame":[756.477,230.448,47.425,-0.055,0,0.998,0,1,0,-0.998,0,-0.055],"_humanoidState":3,"_cameraCFrame":[764.512,245.866,45.229,-0.055,-0.862,0.504,0,0.505,0.863,-0.998,0.048,-0.028],"_shiftlockState":true,"_pose":"Jumping","_animationQueue":[["walk",0.1],["jump",0.1]],"_animationSpeed":1,"_zoom":16.125},{"_mousePosition":[683,384],"_rootPartCFrame":[756.441,231.27,47.427,-0.055,0,0.998,0,1,0,-0.998,0,-0.055],"_humanoidState":5,"_cameraCFrame":[764.476,246.688,45.231,-0.055,-0.862,0.504,0,0.505,0.863,-0.998,0.048,-0.028],"_shiftlockState":true,"_pose":"FreeFall","_animationQueue":[["jump",0.1]],"_animationSpeed":1,"_zoom":16.125},{"_mousePosition":[683,384],"_rootPartCFrame":[756.437,232.038,47.427,-0.055,0,0.998,0,1,0,-0.998,0,-0.055],"_humanoidState":5,"_cameraCFrame":[764.466,247.455,45.211,-0.058,-0.862,0.504,0,0.505,0.863,-0.998,0.05,-0.029],"_shiftlockState":true,"_pose":"FreeFall","_animationQueue":[],"_animationSpeed":1,"_zoom":16.125},{"_mousePosition":[683,384],"_rootPartCFrame":[756.399,232.921,47.429,-0.057,0,0.998,0,1,0,-0.998,0,-0.057],"_humanoidState":5,"_cameraCFrame":[764.39,248.354,45.174,-0.063,-0.862,0.502,0,0.503,0.864,-0.998,0.054,-0.032],"_shiftlockState":true,"_pose":"FreeFall","_animationQueue":[],"_animationSpeed":1,"_zoom":16.125},{"_mousePosition":[683,384],"_rootPartCFrame":[756.346,233.409,47.432,-0.062,0,0.998,0,1,0,-0.998,0,-0.062],"_humanoidState":5,"_cameraCFrame":[764.238,248.89,45.122,-0.07,-0.865,0.497,0,0.498,0.867,-0.998,0.061,-0.035],"_shiftlockState":true,"_pose":"FreeFall","_animationQueue":[],"_animationSpeed":1,"_zoom":16.125},{"_mousePosition":[683,384],"_rootPartCFrame":[756.209,234.156,47.44,-0.069,0,0.998,0,1,0,-0.998,0,-0.069],"_humanoidState":5,"_cameraCFrame":[763.975,249.699,45.078,-0.078,-0.868,0.49,0,0.492,0.871,-0.997,0.068,-0.038],"_shiftlockState":true,"_pose":"FreeFall","_animationQueue":[],"_animationSpeed":1,"_zoom":16.125},{"_mousePosition":[683,384],"_rootPartCFrame":[756.055,234.692,47.45,-0.077,0,0.997,0,1,0,-0.997,0,-0.077],"_humanoidState":5,"_cameraCFrame":[763.693,250.296,45.039,-0.085,-0.871,0.483,0,0.485,0.875,-0.996,0.075,-0.041],"_shiftlockState":true,"_pose":"FreeFall","_animationQueue":[],"_animationSpeed":1,"_zoom":16.125},{"_mousePosition":[683,384],"_rootPartCFrame":[755.914,235.058,47.459,-0.085,0,0.996,0,1,0,-0.996,0,-0.085],"_humanoidState":5,"_cameraCFrame":[763.429,250.722,45.02,-0.09,-0.875,0.476,0,0.478,0.878,-0.996,0.079,-0.043],"_shiftlockState":true,"_pose":"FreeFall","_animationQueue":[],"_animationSpeed":1,"_zoom":16.125},{"_mousePosition":[683,384],"_rootPartCFrame":[755.69,235.499,47.476,-0.09,0,0.996,0,1,0,-0.996,0,-0.09],"_humanoidState":5,"_cameraCFrame":[763.111,251.208,45.007,-0.095,-0.877,0.471,0,0.473,0.881,-0.995,0.084,-0.045],"_shiftlockState":true,"_pose":"FreeFall","_animationQueue":[],"_animationSpeed":1,"_zoom":16.125},{"_mousePosition":[683,384],"_rootPartCFrame":[755.366,235.973,47.505,-0.095,0,0.996,0,1,0,-0.996,0,-0.095],"_humanoidState":5,"_cameraCFrame":[762.719,251.711,45.004,-0.1,-0.879,0.467,0,0.469,0.883,-0.995,0.089,-0.047],"_shiftlockState":true,"_pose":"FreeFall","_animationQueue":[],"_animationSpeed":1,"_zoom":16.125},{"_mousePosition":[683,384],"_rootPartCFrame":[755.167,236.216,47.524,-0.1,0,0.995,0,1,0,-0.995,0,-0.1],"_humanoidState":5,"_cameraCFrame":[762.492,251.97,45.025,-0.1,-0.879,0.465,0,0.468,0.884,-0.995,0.089,-0.047],"_shiftlockState":true,"_pose":"FreeFall","_animationQueue":[],"_animationSpeed":1,"_zoom":16.125},{"_mousePosition":[683,384],"_rootPartCFrame":[754.901,236.493,47.551,-0.1,0,0.995,0,1,0,-0.995,0,-0.1],"_humanoidState":5,"_cameraCFrame":[762.227,252.247,45.052,-0.1,-0.879,0.465,0,0.468,0.884,-0.995,0.089,-0.047],"_shiftlockState":true,"_pose":"FreeFall","_animationQueue":[],"_animationSpeed":1,"_zoom":16.125},{"_mousePosition":[683,384],"_rootPartCFrame":[754.57,236.763,47.584,-0.1,0,0.995,0,1,0,-0.995,0,-0.1],"_humanoidState":5,"_cameraCFrame":[761.895,252.516,45.085,-0.1,-0.879,0.465,0,0.468,0.884,-0.995,0.089,-0.047],"_shiftlockState":true,"_pose":"FreeFall","_animationQueue":[],"_animationSpeed":1,"_zoom":16.125},{"_mousePosition":[683,384],"_rootPartCFrame":[754.304,236.917,47.611,-0.1,0,0.995,0,1,0,-0.995,0,-0.1],"_humanoidState":5,"_cameraCFrame":[761.63,252.671,45.112,-0.1,-0.879,0.465,0,0.468,0.884,-0.995,0.089,-0.047],"_shiftlockState":true,"_pose":"FreeFall","_animationQueue":[],"_animationSpeed":1,"_zoom":16.125},{"_mousePosition":[683,384],"_rootPartCFrame":[754.105,236.997,47.631,-0.1,0,0.995,0,1,0,-0.995,0,-0.1],"_humanoidState":5,"_cameraCFrame":[761.431,252.751,45.132,-0.1,-0.879,0.465,0,0.468,0.884,-0.995,0.089,-0.047],"_shiftlockState":true,"_pose":"FreeFall","_animationQueue":[],"_animationSpeed":1,"_zoom":16.125},{"_mousePosition":[683,384],"_rootPartCFrame":[754.05,237.149,47.638,0.013,0,1,-0.009,1,0,-1,-0.009,0.013],"_humanoidState":12,"_cameraCFrame":[761.376,252.903,45.126,-0.1,-0.879,0.465,0,0.468,0.884,-0.995,0.089,-0.047],"_shiftlockState":true,"_pose":"Climbing","_animationQueue":[["walk",0.1],["climb",0.1]],"_animationSpeed":0.465,"_zoom":16.125},{"_mousePosition":[683,384],"_rootPartCFrame":[754.086,237.387,47.641,-0.082,0,0.997,-0.001,1,-0.001,-0.997,-0.001,-0.082],"_humanoidState":12,"_cameraCFrame":[761.385,253.155,45.143,-0.1,-0.88,0.463,0,0.466,0.885,-0.995,0.089,-0.047],"_shiftlockState":true,"_pose":"Climbing","_animationQueue":[["climb",0.1]],"_animationSpeed":0.91,"_zoom":16.125},{"_mousePosition":[683,384],"_rootPartCFrame":[754.101,237.527,47.641,-0.099,0,0.995,0,1,0,-0.995,0,-0.099],"_humanoidState":12,"_cameraCFrame":[761.471,253.295,45.368,-0.07,-0.883,0.465,0,0.466,0.885,-0.998,0.062,-0.033],"_shiftlockState":true,"_pose":"Climbing","_animationQueue":[],"_animationSpeed":0.91,"_zoom":16.125},{"_mousePosition":[683,384],"_rootPartCFrame":[754.101,237.714,47.641,-0.07,0,0.998,0,1,0,-0.998,0,-0.07],"_humanoidState":12,"_cameraCFrame":[761.794,253.453,46.572,0.089,-0.88,0.467,0,0.469,0.883,-0.996,-0.079,0.042],"_shiftlockState":true,"_pose":"Climbing","_animationQueue":[],"_animationSpeed":0.91,"_zoom":16.125},{"_mousePosition":[683,384],"_rootPartCFrame":[754.101,237.901,47.641,0.089,0,0.996,0,1,0,-0.996,0,0.089],"_humanoidState":12,"_cameraCFrame":[761.724,253.61,49.388,0.436,-0.793,0.425,0,0.473,0.881,-0.9,-0.384,0.206],"_shiftlockState":true,"_pose":"Climbing","_animationQueue":[],"_animationSpeed":0.91,"_zoom":16.125},{"_mousePosition":[683,384],"_rootPartCFrame":[754.38,238.087,47.641,0.426,0,0.905,0,1,0,-0.905,0,0.426],"_humanoidState":12,"_cameraCFrame":[760.204,253.841,52.738,0.812,-0.516,0.273,0,0.468,0.884,-0.584,-0.718,0.38],"_shiftlockState":true,"_pose":"Climbing","_animationQueue":[],"_animationSpeed":0.91,"_zoom":16.125},{"_mousePosition":[683,384],"_rootPartCFrame":[754.622,238.451,47.591,0.809,0,0.587,0.002,1,-0.003,-0.587,0.004,0.809],"_humanoidState":8,"_cameraCFrame":[757.275,254.234,54.81,0.992,-0.108,0.057,0,0.464,0.886,-0.122,-0.879,0.461],"_shiftlockState":true,"_pose":"Standing","_animationQueue":[["climb",0.1],["idle",0.1],["idle",0.1]],"_animationSpeed":1,"_zoom":16.125},{"_mousePosition":[683,384],"_rootPartCFrame":[754.622,239.335,47.523,0.993,-0.001,0.119,0.002,1,-0.006,-0.119,0.007,0.993],"_humanoidState":3,"_cameraCFrame":[753.43,254.862,55.589,0.935,0.309,-0.175,0,0.493,0.87,0.355,-0.813,0.461],"_shiftlockState":true,"_pose":"Jumping","_animationQueue":[["walk",0.1],["jump",0.1]],"_animationSpeed":1,"_zoom":16.125},{"_mousePosition":[683,384],"_rootPartCFrame":[754.71,240.184,47.429,0.95,-0.002,-0.312,0.001,1,-0.004,0.312,0.003,0.95],"_humanoidState":5,"_cameraCFrame":[752.83,255.423,55.847,0.911,0.351,-0.215,0,0.523,0.852,0.411,-0.777,0.477],"_shiftlockState":true,"_pose":"FreeFall","_animationQueue":[["jump",0.1]],"_animationSpeed":1,"_zoom":16.125},{"_mousePosition":[683,384],"_rootPartCFrame":[754.719,240.978,47.3,0.921,-0.001,-0.39,0,1,-0.001,0.39,0.001,0.921],"_humanoidState":5,"_cameraCFrame":[754.138,255.896,56.395,0.967,0.211,-0.141,0,0.555,0.832,0.254,-0.805,0.536],"_shiftlockState":true,"_pose":"FreeFall","_animationQueue":[],"_animationSpeed":1,"_zoom":16.125},{"_mousePosition":[683,384],"_rootPartCFrame":[754.752,241.719,47.14,0.964,0,-0.265,0,1,0,0.265,0,0.964],"_humanoidState":5,"_cameraCFrame":[757.393,256.424,56.181,0.995,-0.08,0.056,0,0.574,0.819,-0.097,-0.815,0.571],"_shiftlockState":true,"_pose":"FreeFall","_animationQueue":[],"_animationSpeed":1,"_zoom":16.125},{"_mousePosition":[683,384],"_rootPartCFrame":[754.802,242.404,46.946,0.998,0,0.059,0,1,0,-0.059,0,0.998],"_humanoidState":5,"_cameraCFrame":[761.165,257.019,54.06,0.855,-0.422,0.302,0,0.582,0.813,-0.519,-0.695,0.497],"_shiftlockState":true,"_pose":"FreeFall","_animationQueue":[],"_animationSpeed":1,"_zoom":16.125},{"_mousePosition":[683,384],"_rootPartCFrame":[754.836,243.036,46.724,0.882,0,0.471,0,1,0,-0.471,0,0.882],"_humanoidState":5,"_cameraCFrame":[763.618,257.613,50.586,0.563,-0.67,0.484,0,0.585,0.811,-0.827,-0.456,0.329],"_shiftlockState":true,"_pose":"FreeFall","_animationQueue":[],"_animationSpeed":1,"_zoom":16.125},{"_mousePosition":[683,384],"_rootPartCFrame":[754.833,243.612,46.493,0.609,0,0.793,0,1,0,-0.793,0,0.609],"_humanoidState":5,"_cameraCFrame":[764.437,258.153,47.373,0.27,-0.779,0.566,0,0.588,0.809,-0.963,-0.219,0.159],"_shiftlockState":true,"_pose":"FreeFall","_animationQueue":[],"_animationSpeed":1,"_zoom":16.125},{"_mousePosition":[683,384],"_rootPartCFrame":[754.792,244.135,46.271,0.316,0,0.949,0,1,0,-0.949,0,0.316],"_humanoidState":5,"_cameraCFrame":[764.508,258.582,45.261,0.076,-0.801,0.594,0,0.596,0.803,-0.997,-0.061,0.046],"_shiftlockState":true,"_pose":"FreeFall","_animationQueue":[],"_animationSpeed":1,"_zoom":16.125},{"_mousePosition":[683,384],"_rootPartCFrame":[754.716,244.602,46.07,0.108,0,0.994,0,1,0,-0.994,0,0.108],"_humanoidState":5,"_cameraCFrame":[764.411,258.975,44.227,-0.01,-0.798,0.602,0,0.602,0.798,-1,0.008,-0.006],"_shiftlockState":true,"_pose":"FreeFall","_animationQueue":[],"_animationSpeed":1,"_zoom":16.125},{"_mousePosition":[683,384],"_rootPartCFrame":[754.611,245.016,45.894,0.007,0,1,0,1,0,-1,0,0.007],"_humanoidState":5,"_cameraCFrame":[764.271,259.388,43.88,-0.027,-0.798,0.602,0,0.602,0.798,-1,0.022,-0.016],"_shiftlockState":true,"_pose":"FreeFall","_animationQueue":[],"_animationSpeed":1,"_zoom":16.125},{"_mousePosition":[683,384],"_rootPartCFrame":[754.479,245.375,45.747,-0.021,0,1,0,1,0,-1,0,-0.021],"_humanoidState":5,"_cameraCFrame":[764.107,259.747,43.587,-0.042,-0.798,0.602,0,0.602,0.798,-0.999,0.034,-0.026],"_shiftlockState":true,"_pose":"FreeFall","_animationQueue":[],"_animationSpeed":1,"_zoom":16.125},{"_mousePosition":[683,384],"_rootPartCFrame":[754.32,245.679,45.63,-0.04,0,0.999,0,1,0,-0.999,0,-0.04],"_humanoidState":5,"_cameraCFrame":[763.878,260.07,43.277,-0.063,-0.798,0.6,0,0.601,0.799,-0.998,0.05,-0.038],"_shiftlockState":true,"_pose":"FreeFall","_animationQueue":[],"_animationSpeed":1,"_zoom":16.125},{"_mousePosition":[683,384],"_rootPartCFrame":[754.136,245.929,45.544,-0.06,0,0.998,0,1,0,-0.998,0,-0.06],"_humanoidState":5,"_cameraCFrame":[763.529,260.376,42.861,-0.098,-0.799,0.593,0,0.596,0.803,-0.995,0.079,-0.058],"_shiftlockState":true,"_pose":"FreeFall","_animationQueue":[],"_animationSpeed":1,"_zoom":16.125},{"_mousePosition":[683,384],"_rootPartCFrame":[753.927,246.124,45.488,-0.094,0,0.996,0,1,0,-0.996,0,-0.094],"_humanoidState":5,"_cameraCFrame":[763.113,260.628,42.391,-0.143,-0.798,0.585,0,0.591,0.806,-0.99,0.115,-0.085],"_shiftlockState":true,"_pose":"FreeFall","_animationQueue":[],"_animationSpeed":1,"_zoom":16.125},{"_mousePosition":[683,384],"_rootPartCFrame":[753.694,246.265,45.465,-0.138,0,0.99,0,1,0,-0.99,0,-0.138],"_humanoidState":5,"_cameraCFrame":[762.857,260.768,42.298,-0.151,-0.797,0.585,0,0.591,0.806,-0.989,0.122,-0.089],"_shiftlockState":true,"_pose":"FreeFall","_animationQueue":[],"_animationSpeed":1,"_zoom":16.125},{"_mousePosition":[683,384],"_rootPartCFrame":[753.378,246.364,45.485,-0.148,0,0.989,0,1,0,-0.989,0,-0.148],"_humanoidState":5,"_cameraCFrame":[762.54,260.868,42.318,-0.151,-0.797,0.585,0,0.591,0.806,-0.989,0.122,-0.089],"_shiftlockState":true,"_pose":"FreeFall","_animationQueue":[],"_animationSpeed":1,"_zoom":16.125},{"_mousePosition":[683,384],"_rootPartCFrame":[753.18,246.383,45.514,-0.15,0,0.989,0,1,0,-0.989,0,-0.15],"_humanoidState":5,"_cameraCFrame":[762.342,260.886,42.347,-0.151,-0.797,0.585,0,0.591,0.806,-0.989,0.122,-0.089],"_shiftlockState":true,"_pose":"FreeFall","_animationQueue":[],"_animationSpeed":1,"_zoom":16.125},{"_mousePosition":[683,384],"_rootPartCFrame":[752.917,246.36,45.554,-0.151,0,0.989,0,1,0,-0.989,0,-0.151],"_humanoidState":5,"_cameraCFrame":[762.079,260.864,42.387,-0.151,-0.797,0.585,0,0.591,0.806,-0.989,0.122,-0.089],"_shiftlockState":true,"_pose":"FreeFall","_animationQueue":[],"_animationSpeed":1,"_zoom":16.125},{"_mousePosition":[683,384],"_rootPartCFrame":[752.653,246.283,45.594,-0.151,0,0.989,0,1,0,-0.989,0,-0.151],"_humanoidState":5,"_cameraCFrame":[761.815,260.786,42.427,-0.151,-0.797,0.585,0,0.591,0.806,-0.989,0.122,-0.089],"_shiftlockState":true,"_pose":"FreeFall","_animationQueue":[],"_animationSpeed":1,"_zoom":16.125},{"_mousePosition":[683,384],"_rootPartCFrame":[752.389,246.151,45.634,-0.151,0,0.989,0,1,0,-0.989,0,-0.151],"_humanoidState":5,"_cameraCFrame":[761.551,260.655,42.467,-0.151,-0.797,0.585,0,0.591,0.806,-0.989,0.122,-0.089],"_shiftlockState":true,"_pose":"FreeFall","_animationQueue":[],"_animationSpeed":1,"_zoom":16.125},{"_mousePosition":[683,384],"_rootPartCFrame":[752.125,245.965,45.674,-0.151,0,0.989,0,1,0,-0.989,0,-0.151],"_humanoidState":5,"_cameraCFrame":[761.288,260.468,42.507,-0.151,-0.797,0.585,0,0.591,0.806,-0.989,0.122,-0.089],"_shiftlockState":true,"_pose":"FreeFall","_animationQueue":[["fall",0.3]],"_animationSpeed":1,"_zoom":16.125},{"_mousePosition":[683,384],"_rootPartCFrame":[751.862,245.724,45.715,-0.151,0,0.989,0,1,0,-0.989,0,-0.151],"_humanoidState":5,"_cameraCFrame":[761.024,260.228,42.548,-0.151,-0.797,0.585,0,0.591,0.806,-0.989,0.122,-0.089],"_shiftlockState":true,"_pose":"FreeFall","_animationQueue":[],"_animationSpeed":1,"_zoom":16.125},{"_mousePosition":[683,384],"_rootPartCFrame":[751.598,245.429,45.755,-0.151,0,0.989,0,1,0,-0.989,0,-0.151],"_humanoidState":5,"_cameraCFrame":[760.76,259.932,42.588,-0.151,-0.797,0.585,0,0.591,0.806,-0.989,0.122,-0.089],"_shiftlockState":true,"_pose":"FreeFall","_animationQueue":[],"_animationSpeed":1,"_zoom":16.125},{"_mousePosition":[683,384],"_rootPartCFrame":[751.334,245.079,45.795,-0.151,0,0.989,0,1,0,-0.989,0,-0.151],"_humanoidState":5,"_cameraCFrame":[760.464,259.601,42.609,-0.153,-0.798,0.583,0,0.59,0.808,-0.988,0.124,-0.09],"_shiftlockState":true,"_pose":"FreeFall","_animationQueue":[],"_animationSpeed":1,"_zoom":16.125},{"_mousePosition":[683,384],"_rootPartCFrame":[751.071,244.675,45.835,-0.153,0,0.988,0,1,0,-0.988,0,-0.153],"_humanoidState":5,"_cameraCFrame":[760.125,259.252,42.661,-0.153,-0.801,0.578,0,0.585,0.811,-0.988,0.124,-0.09],"_shiftlockState":true,"_pose":"FreeFall","_animationQueue":[],"_animationSpeed":1,"_zoom":16.125},{"_mousePosition":[683,384],"_rootPartCFrame":[750.807,244.216,45.876,-0.153,0,0.988,0,1,0,-0.988,0,-0.153],"_humanoidState":5,"_cameraCFrame":[759.692,258.921,42.751,-0.151,-0.81,0.567,0,0.574,0.819,-0.989,0.123,-0.086],"_shiftlockState":true,"_pose":"FreeFall","_animationQueue":[],"_animationSpeed":1,"_zoom":16.125},{"_mousePosition":[683,384],"_rootPartCFrame":[750.478,243.566,45.927,-0.151,0,0.989,0,1,0,-0.989,0,-0.151],"_humanoidState":7,"_cameraCFrame":[759.266,258.361,42.911,-0.141,-0.816,0.56,0,0.566,0.824,-0.99,0.116,-0.08],"_shiftlockState":true,"_pose":"FreeFall","_animationQueue":[["fall",0.3],["walk",0.1],["fall",0.3],["fall",0.3]],"_animationSpeed":1,"_zoom":16.125},{"_mousePosition":[683,384],"_rootPartCFrame":[750.214,243.059,45.967,-0.141,0,0.99,0,1,0,-0.99,0,-0.141],"_humanoidState":7,"_cameraCFrame":[758.937,257.924,43.076,-0.128,-0.822,0.555,0,0.559,0.829,-0.992,0.106,-0.072],"_shiftlockState":true,"_pose":"FreeFall","_animationQueue":[],"_animationSpeed":1,"_zoom":16.125},{"_mousePosition":[683,384],"_rootPartCFrame":[750.016,243.041,45.996,-0.128,0,0.992,0,1,0,-0.992,0,-0.128],"_humanoidState":8,"_cameraCFrame":[758.69,257.958,43.202,-0.118,-0.826,0.551,0,0.555,0.832,-0.993,0.098,-0.065],"_shiftlockState":true,"_pose":"Running","_animationQueue":[["walk",0.1],["fall