[{"_mousePosition":[1050,359],"_rootPartCFrame":[776.035,222.978,47.142,-0.001,-0.007,1,0,1,0.007,-1,0,-0.001],"_humanoidState":8,"_cameraCFrame":[785.099,228.95,47.102,-0.004,-0.442,0.897,0,0.897,0.442,-1,0.002,-0.004],"_shiftlockState":false,"_pose":"Standing","_animationQueue":[],"_animationSpeed":1,"_zoom":10.117},{"_mousePosition":[1045,364],"_rootPartCFrame":[775.789,222.848,47.143,-0.001,-0.001,1,0,1,0.001,-1,0,-0.001],"_humanoidState":8,"_cameraCFrame":[784.863,228.82,47.103,-0.004,-0.442,0.897,0,0.897,0.442,-1,0.002,-0.004],"_shiftlockState":false,"_pose":"Standing","_animationQueue":[],"_animationSpeed":1,"_zoom":10.117},{"_mousePosition":[1042,367],"_rootPartCFrame":[775.523,222.678,47.144,-0.002,0,1,0,1,0,-1,0,-0.002],"_humanoidState":8,"_cameraCFrame":[784.599,228.65,47.104,-0.004,-0.442,0.897,0,0.897,0.442,-1,0.002,-0.004],"_shiftlockState":false,"_pose":"Running","_animationQueue":[["walk",0.1]],"_animationSpeed":1.067,"_zoom":10.117},{"_mousePosition":[1039,373],"_rootPartCFrame":[775.256,222.655,47.145,-0.002,0,1,0,1,0,-1,0,-0.002],"_humanoidState":8,"_cameraCFrame":[784.331,228.627,47.105,-0.004,-0.442,0.897,0,0.897,0.442,-1,0.002,-0.004],"_shiftlockState":false,"_pose":"Running","_animationQueue":[["walk",0.1]],"_animationSpeed":1.067,"_zoom":10.117},{"_mousePosition":[1036,376],"_rootPartCFrame":[774.989,222.67,47.147,-0.003,0,1,0,1,0,-1,0,-0.003],"_humanoidState":8,"_cameraCFrame":[784.064,228.642,47.106,-0.004,-0.442,0.897,0,0.897,0.442,-1,0.002,-0.004],"_shiftlockState":false,"_pose":"Running","_animationQueue":[],"_animationSpeed":1.067,"_zoom":10.117},{"_mousePosition":[1035,379],"_rootPartCFrame":[774.723,222.683,47.148,-0.003,0,1,0,1,0,-1,0,-0.003],"_humanoidState":8,"_cameraCFrame":[783.798,228.655,47.107,-0.004,-0.442,0.897,0,0.897,0.442,-1,0.002,-0.004],"_shiftlockState":false,"_pose":"Running","_animationQueue":[],"_animationSpeed":1.067,"_zoom":10.117},{"_mousePosition":[1033,381],"_rootPartCFrame":[774.456,222.691,47.149,-0.003,0,1,0,1,0,-1,0,-0.003],"_humanoidState":8,"_cameraCFrame":[783.523,228.662,45.359,-0.004,-0.442,0.897,0,0.897,0.442,-1,0.002,-0.004],"_shiftlockState":true,"_pose":"Running","_animationQueue":[],"_animationSpeed":1.067,"_zoom":10.117},{"_mousePosition":[683,352.5],"_rootPartCFrame":[774.189,222.695,47.15,-0.005,0,1,0,1,0,-1,0,-0.005],"_humanoidState":8,"_cameraCFrame":[783.257,228.667,45.36,-0.004,-0.442,0.897,0,0.897,0.442,-1,0.002,-0.004],"_shiftlockState":true,"_pose":"Running","_animationQueue":[],"_animationSpeed":1.067,"_zoom":10.117},{"_mousePosition":[683,352.5],"_rootPartCFrame":[773.923,222.697,47.151,-0.004,0,1,0,1,0,-1,0,-0.004],"_humanoidState":8,"_cameraCFrame":[782.942,228.735,45.285,-0.013,-0.448,0.894,0,0.894,0.449,-1,0.006,-0.011],"_shiftlockState":true,"_pose":"Running","_animationQueue":[],"_animationSpeed":1.067,"_zoom":10.117},{"_mousePosition":[683,352.5],"_rootPartCFrame":[773.656,222.698,47.153,-0.013,0,1,0,1,0,-1,0,-0.013],"_humanoidState":8,"_cameraCFrame":[782.607,228.823,45.175,-0.025,-0.457,0.889,0,0.889,0.457,-1,0.012,-0.023],"_shiftlockState":true,"_pose":"Running","_animationQueue":[["walk",0.1]],"_animationSpeed":1.067,"_zoom":10.117},{"_mousePosition":[683,352.5],"_rootPartCFrame":[773.456,222.699,47.155,-0.025,0,1,0,1,0,-1,0,-0.025],"_humanoidState":8,"_cameraCFrame":[782.338,228.903,45.057,-0.039,-0.465,0.885,0,0.885,0.465,-0.999,0.018,-0.035],"_shiftlockState":true,"_pose":"Running","_animationQueue":[],"_animationSpeed":1.067,"_zoom":10.117},{"_mousePosition":[683,352.5],"_rootPartCFrame":[773.19,222.699,47.161,-0.039,0,0.999,0,1,0,-0.999,0,-0.039],"_humanoidState":8,"_cameraCFrame":[781.994,228.99,44.936,-0.054,-0.473,0.88,0,0.881,0.474,-0.999,0.025,-0.047],"_shiftlockState":true,"_pose":"Running","_animationQueue":[],"_animationSpeed":1.067,"_zoom":10.117},{"_mousePosition":[683,352.5],"_rootPartCFrame":[772.857,222.699,47.174,-0.054,0,0.999,0,1,0,-0.999,0,-0.054],"_humanoidState":8,"_cameraCFrame":[781.584,229.069,44.822,-0.068,-0.48,0.874,0,0.877,0.481,-0.998,0.033,-0.06],"_shiftlockState":true,"_pose":"Running","_animationQueue":[],"_animationSpeed":1.067,"_zoom":10.117},{"_mousePosition":[683,352.5],"_rootPartCFrame":[772.59,222.7,47.187,-0.068,0,0.998,0,1,0,-0.998,0,-0.068],"_humanoidState":8,"_cameraCFrame":[781.266,229.126,44.765,-0.077,-0.486,0.871,0,0.873,0.487,-0.997,0.037,-0.067],"_shiftlockState":true,"_pose":"Running","_animationQueue":[],"_animationSpeed":1.067,"_zoom":10.117},{"_mousePosition":[683,352.5],"_rootPartCFrame":[772.391,222.7,47.2,-0.077,0,0.997,0,1,0,-0.997,0,-0.077],"_humanoidState":8,"_cameraCFrame":[781.001,229.197,44.691,-0.087,-0.492,0.866,0,0.869,0.494,-0.996,0.043,-0.076],"_shiftlockState":true,"_pose":"Running","_animationQueue":[],"_animationSpeed":1.067,"_zoom":10.117},{"_mousePosition":[683,352.5],"_rootPartCFrame":[772.125,222.7,47.22,-0.087,0,0.996,0,1,0,-0.996,0,-0.087],"_humanoidState":8,"_cameraCFrame":[780.651,229.289,44.608,-0.1,-0.501,0.86,0,0.864,0.503,-0.995,0.05,-0.086],"_shiftlockState":true,"_pose":"Running","_animationQueue":[],"_animationSpeed":1.067,"_zoom":10.117},{"_mousePosition":[683,352.5],"_rootPartCFrame":[771.859,222.7,47.243,-0.1,0,0.995,0,1,0,-0.995,0,-0.1],"_humanoidState":8,"_cameraCFrame":[780.273,229.409,44.506,-0.115,-0.511,0.852,0,0.857,0.515,-0.993,0.059,-0.099],"_shiftlockState":true,"_pose":"Running","_animationQueue":[],"_animationSpeed":1.067,"_zoom":10.117},{"_mousePosition":[683,352.5],"_rootPartCFrame":[771.594,222.7,47.269,-0.115,0,0.993,0,1,0,-0.993,0,-0.115],"_humanoidState":8,"_cameraCFrame":[779.847,229.555,44.334,-0.14,-0.524,0.84,0,0.848,0.529,-0.99,0.074,-0.119],"_shiftlockState":true,"_pose":"Running","_animationQueue":[["walk",0.1]],"_animationSpeed":1.067,"_zoom":10.117},{"_mousePosition":[683,352.5],"_rootPartCFrame":[771.263,222.7,47.307,-0.14,0,0.99,0,1,0,-0.99,0,-0.14],"_humanoidState":8,"_cameraCFrame":[779.322,229.706,44.122,-0.172,-0.536,0.826,0,0.839,0.544,-0.985,0.094,-0.144],"_shiftlockState":true,"_pose":"Running","_animationQueue":[],"_animationSpeed":1.067,"_zoom":10.117},{"_mousePosition":[683,352.5],"_rootPartCFrame":[771.035,222.7,47.201,-0.172,0,0.985,0,1,0,-0.985,0,-0.172],"_humanoidState":8,"_cameraCFrame":[778.871,229.856,43.735,-0.209,-0.547,0.811,0,0.829,0.559,-0.978,0.117,-0.173],"_shiftlockState":true,"_pose":"Running","_animationQueue":[],"_animationSpeed":1.067,"_zoom":10.117},{"_mousePosition":[683,352.5],"_rootPartCFrame":[770.871,222.7,47.087,-0.209,0,0.978,0,1,0,-0.978,0,-0.209],"_humanoidState":8,"_cameraCFrame":[778.394,230.051,43.266,-0.258,-0.559,0.788,0,0.816,0.578,-0.966,0.149,-0.211],"_shiftlockState":true,"_pose":"Running","_animationQueue":[],"_animationSpeed":1.067,"_zoom":10.117},{"_mousePosition":[683,352.5],"_rootPartCFrame":[770.592,222.7,46.904,-0.258,0,0.966,0,1,0,-0.966,0,-0.258],"_humanoidState":8,"_cameraCFrame":[777.745,230.262,42.72,-0.311,-0.569,0.761,0,0.801,0.599,-0.95,0.187,-0.249],"_shiftlockState":true,"_pose":"Running","_animationQueue":[],"_animationSpeed":1.067,"_zoom":10.117},{"_mousePosition":[683,352.5],"_rootPartCFrame":[770.305,222.7,46.736,-0.311,0,0.95,0,1,0,-0.95,0,-0.311],"_humanoidState":8,"_cameraCFrame":[777.108,230.456,42.265,-0.357,-0.578,0.734,0,0.786,0.618,-0.934,0.221,-0.28],"_shiftlockState":true,"_pose":"Running","_animationQueue":[],"_animationSpeed":1.067,"_zoom":10.117},{"_mousePosition":[683,352.5],"_rootPartCFrame":[770.074,222.666,46.602,-0.357,0,0.934,0,1,0,-0.934,0,-0.357],"_humanoidState":8,"_cameraCFrame":[776.44,230.65,41.823,-0.41,-0.585,0.7,0,0.768,0.641,-0.912,0.263,-0.315],"_shiftlockState":true,"_pose":"Running","_animationQueue":[],"_animationSpeed":1.067,"_zoom":10.117},{"_mousePosition":[683,352.5],"_rootPartCFrame":[769.843,222.577,46.469,-0.41,0,0.912,0,1,0,-0.912,0,-0.41],"_humanoidState":8,"_cameraCFrame":[775.764,230.784,41.432,-0.46,-0.589,0.665,0,0.749,0.663,-0.888,0.305,-0.344],"_shiftlockState":true,"_pose":"Running","_animationQueue":[["walk",0.1]],"_animationSpeed":1.067,"_zoom":10.117},{"_mousePosition":[683,352.5],"_rootPartCFrame":[769.612,222.434,46.335,-0.46,0,0.888,0,1,0,-0.888,0,-0.46],"_humanoidState":8,"_cameraCFrame":[775.158,230.822,41.119,-0.499,-0.59,0.635,0,0.732,0.681,-0.866,0.34,-0.366],"_shiftlockState":true,"_pose":"Running","_animationQueue":[],"_animationSpeed":1.067,"_zoom":10.117},{"_mousePosition":[683,352.5],"_rootPartCFrame":[769.425,222.424,46.267,-0.499,0,0.866,0,1,0,-0.866,0,-0.499],"_humanoidState":8,"_cameraCFrame":[774.552,231.013,40.894,-0.54,-0.59,0.6,0,0.713,0.701,-0.841,0.379,-0.386],"_shiftlockState":true,"_pose":"Running","_animationQueue":[],"_animationSpeed":1.067,"_zoom":10.117},{"_mousePosition":[683,352.5],"_rootPartCFrame":[769.168,222.47,46.196,-0.54,0,0.841,0,1,0,-0.841,0,-0.54],"_humanoidState":8,"_cameraCFrame":[773.912,231.231,40.702,-0.577,-0.586,0.569,0,0.696,0.718,-0.817,0.414,-0.402],"_shiftlockState":true,"_pose":"Running","_animationQueue":[],"_animationSpeed":1.067,"_zoom":10.117},{"_mousePosition":[683,352.5],"_rootPartCFrame":[768.843,222.513,46.123,-0.577,0,0.817,0,1,0,-0.817,0,-0.577],"_humanoidState":8,"_cameraCFrame":[773.279,231.398,40.538,-0.606,-0.58,0.543,0,0.683,0.73,-0.795,0.443,-0.415],"_shiftlockState":true,"_pose":"Running","_animationQueue":[],"_animationSpeed":1.067,"_zoom":10.117},{"_mousePosition":[683,352.5],"_rootPartCFrame":[768.646,222.528,46.088,-0.606,0,0.795,0,1,0,-0.795,0,-0.606],"_humanoidState":8,"_cameraCFrame":[772.762,231.54,40.427,-0.636,-0.573,0.517,0,0.67,0.743,-0.772,0.472,-0.426],"_shiftlockState":true,"_pose":"Running","_animationQueue":[],"_animationSpeed":1.067,"_zoom":10.117},{"_mousePosition":[683,352.5],"_rootPartCFrame":[768.382,222.54,46.051,-0.636,0,0.772,0,1,0,-0.772,0,-0.636],"_humanoidState":8,"_cameraCFrame":[772.165,231.676,40.324,-0.666,-0.563,0.489,0,0.656,0.755,-0.746,0.503,-0.437],"_shiftlockState":true,"_pose":"Running","_animationQueue":[],"_animationSpeed":1.067,"_zoom":10.117},{"_mousePosition":[683,352.5],"_rootPartCFrame":[768.05,222.548,46.017,-0.666,0,0.746,0,1,0,-0.746,0,-0.666],"_humanoidState":8,"_cameraCFrame":[771.479,231.816,40.246,-0.697,-0.551,0.459,0,0.641,0.768,-0.717,0.535,-0.446],"_shiftlockState":true,"_pose":"Running","_animationQueue":[["walk",0.1]],"_animationSpeed":1.067,"_zoom":10.117},{"_mousePosition":[683,352.5],"_rootPartCFrame":[767.84,222.551,45.883,-0.697,0,0.717,0,1,0,-0.717,0,-0.697],"_humanoidState":8,"_cameraCFrame":[770.947,231.933,40.083,-0.724,-0.537,0.432,0,0.627,0.779,-0.69,0.564,-0.454],"_shiftlockState":true,"_pose":"Running","_animationQueue":[],"_animationSpeed":1.067,"_zoom":10.117},{"_mousePosition":[683,352.5],"_rootPartCFrame":[767.701,222.552,45.74,-0.724,0,0.69,0,1,0,-0.69,0,-0.724],"_humanoidState":8,"_cameraCFrame":[770.453,232.051,39.921,-0.754,-0.52,0.402,0,0.612,0.791,-0.657,0.596,-0.462],"_shiftlockState":true,"_pose":"Running","_animationQueue":[],"_animationSpeed":1.067,"_zoom":10.117},{"_mousePosition":[683,352.5],"_rootPartCFrame":[767.461,222.553,45.509,-0.754,0,0.657,0,1,0,-0.657,0,-0.754],"_humanoidState":8,"_cameraCFrame":[769.904,232.136,39.668,-0.78,-0.5,0.376,0,0.601,0.799,-0.626,0.623,-0.469],"_shiftlockState":true,"_pose":"Running","_animationQueue":[],"_animationSpeed":1.067,"_zoom":10.117},{"_mousePosition":[683,352.5],"_rootPartCFrame":[767.261,222.554,45.332,-0.78,0,0.626,0,1,0,-0.626,0,-0.78],"_humanoidState":8,"_cameraCFrame":[769.389,232.214,39.476,-0.806,-0.477,0.35,0,0.591,0.807,-0.592,0.65,-0.476],"_shiftlockState":true,"_pose":"Running","_animationQueue":[],"_animationSpeed":1.067,"_zoom":10.117},{"_mousePosition":[683,352.5],"_rootPartCFrame":[767.054,222.554,45.164,-0.806,0,0.592,0,1,0,-0.592,0,-0.806],"_humanoidState":8,"_cameraCFrame":[768.878,232.296,39.32,-0.83,-0.455,0.324,0,0.58,0.815,-0.558,0.676,-0.481],"_shiftlockState":true,"_pose":"Running","_animationQueue":[],"_animationSpeed":1.067,"_zoom":10.117},{"_mousePosition":[683,352.5],"_rootPartCFrame":[766.84,222.554,45.005,-0.83,0,0.558,0,1,0,-0.558,0,-0.83],"_humanoidState":8,"_cameraCFrame":[768.387,232.371,39.187,-0.85,-0.433,0.3,0,0.569,0.822,-0.527,0.699,-0.484],"_shiftlockState":true,"_pose":"Running","_animationQueue":[["walk",0.1]],"_animationSpeed":1.067,"_zoom":10.117},{"_mousePosition":[683,352.5],"_rootPartCFrame":[766.564,222.554,44.818,-0.85,0,0.527,0,1,0,-0.527,0,-0.85],"_humanoidState":8,"_cameraCFrame":[767.834,232.449,39.045,-0.869,-0.41,0.276,0,0.558,0.83,-0.494,0.721,-0.485],"_shiftlockState":true,"_pose":"Running","_animationQueue":[],"_animationSpeed":1.067,"_zoom":10.117},{"_mousePosition":[683,352.5],"_rootPartCFrame":[766.395,222.554,44.711,-0.869,0,0.494,0,1,0,-0.494,0,-0.869],"_humanoidState":8,"_cameraCFrame":[767.378,232.521,38.988,-0.889,-0.384,0.251,0,0.547,0.837,-0.458,0.744,-0.486],"_shiftlockState":true,"_pose":"Running","_animationQueue":[],"_animationSpeed":1.067,"_zoom":10.117},{"_mousePosition":[683,352.5],"_rootPartCFrame":[766.106,222.554,44.545,-0.889,0,0.458,0,1,0,-0.458,0,-0.889],"_humanoidState":8,"_cameraCFrame":[766.797,232.592,38.884,-0.908,-0.354,0.225,0,0.536,0.844,-0.42,0.766,-0.487],"_shiftlockState":true,"_pose":"Running","_animationQueue":[],"_animationSpeed":1.067,"_zoom":10.117},{"_mousePosition":[683,352.5],"_rootPartCFrame":[765.87,222.554,44.422,-0.908,0,0.42,0,1,0,-0.42,0,-0.908],"_humanoidState":8,"_cameraCFrame":[766.312,232.657,38.835,-0.922,-0.328,0.203,0,0.526,0.85,-0.386,0.784,-0.485],"_shiftlockState":true,"_pose":"Running","_animationQueue":[],"_animationSpeed":1.067,"_zoom":10.117},{"_mousePosition":[683,352.5],"_rootPartCFrame":[765.689,222.554,44.336,-0.922,0,0.386,0,1,0,-0.386,0,-0.922],"_humanoidState":8,"_cameraCFrame":[765.868,232.729,38.847,-0.937,-0.3,0.18,0,0.515,0.857,-0.349,0.803,-0.482],"_shiftlockState":true,"_pose":"Running","_animationQueue":[],"_animationSpeed":1.067,"_zoom":10.117},{"_mousePosition":[683,352.5],"_rootPartCFrame":[765.382,222.554,44.206,-0.937,0,0.349,0,1,0,-0.349,0,-0.937],"_humanoidState":8,"_cameraCFrame":[765.336,232.796,38.821,-0.949,-0.274,0.159,0,0.503,0.864,-0.317,0.82,-0.478],"_shiftlockState":true,"_pose":"Running","_animationQueue":[],"_animationSpeed":1.067,"_zoom":10.117},{"_mousePosition":[683,352.5],"_rootPartCFrame":[765.133,222.554,44.111,-0.949,0,0.317,0,1,0,-0.317,0,-0.949],"_humanoidState":8,"_cameraCFrame":[764.902,232.849,38.818,-0.957,-0.251,0.143,0,0.494,0.869,-0.289,0.832,-0.473],"_shiftlockState":true,"_pose":"Running","_animationQueue":[["walk",0.1]],"_animationSpeed":1.067,"_zoom":10.117},{"_mousePosition":[683,352.5],"_rootPartCFrame":[764.881,222.554,44.025,-0.957,0,0.289,0,1,0,-0.289,0,-0.957],"_humanoidState":8,"_cameraCFrame":[764.499,232.897,38.821,-0.964,-0.232,0.129,0,0.486,0.874,-0.266,0.843,-0.468],"_shiftlockState":true,"_pose":"Running","_animationQueue":[],"_animationSpeed":1.067,"_zoom":10.117},{"_mousePosition":[683,352.5],"_rootPartCFrame":[764.69,222.554,43.967,-0.964,0,0.266,0,1,0,-0.266,0,-0.964],"_humanoidState":8,"_cameraCFrame":[764.164,232.94,38.849,-0.97,-0.213,0.116,0,0.478,0.878,-0.242,0.852,-0.464],"_shiftlockState":true,"_pose":"Running","_animationQueue":[],"_animationSpeed":1.067,"_zoom":10.117},{"_mousePosition":[683,352.5],"_rootPartCFrame":[764.368,222.554,43.877,-0.97,0,0.242,0,1,0,-0.242,0,-0.97],"_humanoidState":8,"_cameraCFrame":[763.756,232.967,38.817,-0.974,-0.201,0.108,0,0.473,0.881,-0.228,0.858,-0.461],"_shiftlockState":true,"_pose":"Running","_animationQueue":[],"_animationSpeed":1.067,"_zoom":10.117},{"_mousePosition":[683,352.5],"_rootPartCFrame":[764.11,222.554,43.812,-0.974,0,0.228,0,1,0,-0.228,0,-0.974],"_humanoidState":8,"_cameraCFrame":[763.392,232.994,38.813,-0.978,-0.185,0.098,0,0.468,0.884,-0.21,0.864,-0.458],"_shiftlockState":true,"_pose":"Running","_animationQueue":[],"_animationSpeed":1.067,"_zoom":10.117},{"_mousePosition":[683,352.5],"_rootPartCFrame":[763.85,222.554,43.75,-0.978,0,0.21,0,1,0,-0.21,0,-0.978],"_humanoidState":8,"_cameraCFrame":[763.03,233.017,38.809,-0.982,-0.169,0.089,0,0.464,0.886,-0.191,0.87,-0.455],"_shiftlockState":true,"_pose":"Running","_animationQueue":[],"_animationSpeed":1.067,"_zoom":10.117},{"_mousePosition":[683,352.5],"_rootPartCFrame":[763.59,222.554,43.694,-0.982,0,0.191,0,1,0,-0.191,0,-0.982],"_humanoidState":8,"_cameraCFrame":[762.697,233.032,38.792,-0.984,-0.158,0.082,0,0.461,0.887,-0.178,0.873,-0.454],"_shiftlockState":true,"_pose":"Running","_animationQueue":[["walk",0.1]],"_animationSpeed":1.067,"_zoom":10.117},{"_mousePosition":[683,352.5],"_rootPartCFrame":[763.394,222.554,43.655,-0.984,0,0.178,0,1,0,-0.178,0,-0.984],"_humanoidState":8,"_cameraCFrame":[762.417,233.054,38.811,-0.987,-0.144,0.074,0,0.457,0.89,-0.162,0.878,-0.451],"_shiftlockState":true,"_pose":"Running","_animationQueue":[],"_animationSpeed":1.067,"_zoom":10.117},{"_mousePosition":[683,352.5],"_rootPartCFrame":[763.131,222.554,43.607,-0.987,0,0.162,0,1,0,-0.162,0,-0.987],"_humanoidState":8,"_cameraCFrame":[762.096,233.066,38.796,-0.989,-0.134,0.069,0,0.455,0.891,-0.151,0.88,-0.449],"_shiftlockState":true,"_pose":"Running","_animationQueue":[],"_animationSpeed":1.067,"_zoom":10.117},{"_mousePosition":[683,352.5],"_rootPartCFrame":[762.802,222.554,43.552,-0.989,0,0.151,0,1,0,-0.151,0,-0.989],"_humanoidState":8,"_cameraCFrame":[761.724,233.077,38.772,-0.99,-0.127,0.065,0,0.452,0.892,-0.143,0.883,-0.448],"_shiftlockState":true,"_pose":"Running","_animationQueue":[],"_animationSpeed":1.067,"_zoom":10.117},{"_mousePosition":[683,352.5],"_rootPartCFrame":[762.605,222.554,43.521,-0.99,0,0.143,0,1,0,-0.143,0,-0.99],"_humanoidState":8,"_cameraCFrame":[761.494,233.084,38.762,-0.991,-0.122,0.062,0,0.451,0.893,-0.136,0.884,-0.447],"_shiftlockState":true,"_pose":"Running","_animationQueue":[],"_animationSpeed":1.067,"_zoom":10.117},{"_mousePosition":[683,352.5],"_rootPartCFrame":[762.341,222.554,43.483,-0.991,0,0.136,0,1,0,-0.136,0,-0.991],"_humanoidState":8,"_cameraCFrame":[761.219,233.088,38.734,-0.991,-0.12,0.061,0,0.45,0.893,-0.134,0.885,-0.446],"_shiftlockState":true,"_pose":"Running","_animationQueue":[],"_animationSpeed":1.067,"_zoom":10.117},{"_mousePosition":[683,352.5],"_rootPartCFrame":[761.945,222.554,43.428,-0.991,0,0.134,0,1,0,-0.134,0,-0.991],"_humanoidState":8,"_cameraCFrame":[760.823,233.088,38.679,-0.991,-0.12,0.061,0,0.45,0.893,-0.134,0.885,-0.446],"_shiftlockState":true,"_pose":"Running","_animationQueue":[],"_animationSpeed":1.067,"_zoom":10.117},{"_mousePosition":[683,352.5],"_rootPartCFrame":[761.813,222.554,43.41,-0.991,0,0.134,0,1,0,-0.134,0,-0.991],"_humanoidState":8,"_cameraCFrame":[760.691,233.088,38.661,-0.991,-0.12,0.061,0,0.45,0.893,-0.134,0.885,-0.446],"_shiftlockState":true,"_pose":"Running","_animationQueue":[["walk",0.1]],"_animationSpeed":1.067,"_zoom":10.117},{"_mousePosition":[683,352.5],"_rootPartCFrame":[761.548,222.554,43.374,-0.991,0,0.134,0,1,0,-0.134,0,-0.991],"_humanoidState":8,"_cameraCFrame":[760.426,233.088,38.625,-0.991,-0.12,0.061,0,0.45,0.893,-0.134,0.885,-0.446],"_shiftlockState":true,"_pose":"Running","_animationQueue":[],"_animationSpeed":1.067,"_zoom":10.117},{"_mousePosition":[683,352.5],"_rootPartCFrame":[761.284,222.554,43.339,-0.991,0,0.134,0,1,0,-0.134,0,-0.991],"_humanoidState":8,"_cameraCFrame":[760.162,233.088,38.589,-0.991,-0.12,0.061,0,0.45,0.893,-0.134,0.885,-0.446],"_shiftlockState":true,"_pose":"Running","_animationQueue":[],"_animationSpeed":1.067,"_zoom":10.117},{"_mousePosition":[683,352.5],"_rootPartCFrame":[761.02,222.554,43.303,-0.991,0,0.134,0,1,0,-0.134,0,-0.991],"_humanoidState":8,"_cameraCFrame":[759.938,233.088,38.544,-0.99,-0.127,0.064,0,0.45,0.893,-0.143,0.884,-0.446],"_shiftlockState":true,"_pose":"Running","_animationQueue":[],"_animationSpeed":1.067,"_zoom":10.117},{"_mousePosition":[683,352.5],"_rootPartCFrame":[760.755,222.554,43.267,-0.99,0,0.143,0,1,0,-0.143,0,-0.99],"_humanoidState":8,"_cameraCFrame":[759.773,233.088,38.487,-0.987,-0.146,0.074,0,0.45,0.893,-0.163,0.881,-0.444],"_shiftlockState":true,"_pose":"Running","_animationQueue":[],"_animationSpeed":1.067,"_zoom":10.117},{"_mousePosition":[683,352.5],"_rootPartCFrame":[760.359,222.554,43.21,-0.987,0,0.163,0,1,0,-0.163,0,-0.987],"_humanoidState":8,"_cameraCFrame":[759.539,233.099,38.42,-0.98,-0.176,0.088,0,0.448,0.894,-0.197,0.876,-0.439],"_shiftlockState":true,"_pose":"Running","_animationQueue":[],"_animationSpeed":1.067,"_zoom":10.117},{"_mousePosition":[683,352.5],"_rootPartCFrame":[760.096,222.554,43.167,-0.98,0,0.197,0,1,0,-0.197,0,-0.98],"_humanoidState":8,"_cameraCFrame":[759.41,233.113,38.384,-0.974,-0.202,0.101,0,0.445,0.895,-0.226,0.872,-0.434],"_shiftlockState":true,"_pose":"Running","_animationQueue":[["walk",0.1]],"_animationSpeed":1.067,"_zoom":10.117},{"_mousePosition":[683,352.5],"_rootPartCFrame":[759.9,222.554,43.129,-0.974,0,0.226,0,1,0,-0.226,0,-0.974],"_humanoidState":8,"_cameraCFrame":[759.421,233.139,38.368,-0.963,-0.243,0.119,0,0.44,0.898,-0.271,0.864,-0.424],"_shiftlockState":true,"_pose":"Running","_animationQueue":[],"_animationSpeed":1.067,"_zoom":10.117},{"_mousePosition":[683,352.5],"_rootPartCFrame":[759.64,222.554,43.07,-0.95,0,0.312,0,1,0,-0.312,0,-0.95],"_humanoidState":8,"_cameraCFrame":[759.488,233.164,38.336,-0.941,-0.306,0.148,0,0.435,0.9,-0.34,0.847,-0.409],"_shiftlockState":true,"_pose":"Running","_animationQueue":[],"_animationSpeed":1.067,"_zoom":10.117},{"_mousePosition":[683,352.5],"_rootPartCFrame":[759.259,222.554,42.948,-0.941,0,0.34,0,1,0,-0.34,0,-0.941],"_humanoidState":8,"_cameraCFrame":[759.216,233.164,38.212,-0.933,-0.325,0.157,0,0.435,0.9,-0.361,0.84,-0.406],"_shiftlockState":true,"_pose":"Running","_animationQueue":[],"_animationSpeed":1.067,"_zoom":10.117},{"_mousePosition":[683,352.5],"_rootPartCFrame":[759.071,222.554,42.881,-0.933,0,0.361,0,1,0,-0.361,0,-0.933],"_humanoidState":8,"_cameraCFrame":[759.147,233.164,38.146,-0.923,-0.346,0.167,0,0.435,0.9,-0.384,0.831,-0.402],"_shiftlockState":true,"_pose":"Running","_animationQueue":[],"_animationSpeed":1.067,"_zoom":10.117},{"_mousePosition":[683,352.5],"_rootPartCFrame":[758.76,222.554,42.762,-0.923,0,0.384,0,1,0,-0.384,0,-0.923],"_humanoidState":8,"_cameraCFrame":[758.922,233.167,38.035,-0.916,-0.362,0.174,0,0.434,0.901,-0.402,0.825,-0.398],"_shiftlockState":true,"_pose":"Running","_animationQueue":[],"_animationSpeed":1.067,"_zoom":10.117},{"_mousePosition":[683,352.5],"_rootPartCFrame":[758.513,222.554,42.66,-0.916,0,0.402,0,1,0,-0.402,0,-0.916],"_humanoidState":8,"_cameraCFrame":[758.727,233.171,37.942,-0.911,-0.371,0.179,0,0.434,0.901,-0.412,0.821,-0.395],"_shiftlockState":true,"_pose":"Running","_animationQueue":[],"_animationSpeed":1.067,"_zoom":10.117},{"_mousePosition":[683,352.5],"_rootPartCFrame":[758.268,222.554,42.554,-0.911,0,0.412,0,1,0,-0.412,0,-0.911],"_humanoidState":8,"_cameraCFrame":[758.499,233.175,37.844,-0.909,-0.375,0.18,0,0.433,0.901,-0.416,0.82,-0.394],"_shiftlockState":true,"_pose":"Running","_animationQueue":[["walk",0.1]],"_animationSpeed":1.067,"_zoom":10.117},{"_mousePosition":[683,352.5],"_rootPartCFrame":[758.086,222.554,42.472,-0.909,0,0.416,0,1,0,-0.416,0,-0.909],"_humanoidState":8,"_cameraCFrame":[758.322,233.175,37.762,-0.909,-0.376,0.181,0,0.433,0.901,-0.417,0.819,-0.393],"_shiftlockState":true,"_pose":"Running","_animationQueue":[],"_animationSpeed":1.067,"_zoom":10.117},{"_mousePosition":[683,352.5],"_rootPartCFrame":[757.783,222.554,42.333,-0.909,0,0.417,0,1,0,-0.417,0,-0.909],"_humanoidState":8,"_cameraCFrame":[758.019,233.175,37.623,-0.909,-0.376,0.181,0,0.433,0.901,-0.417,0.819,-0.393],"_shiftlockState":true,"_pose":"Running","_animationQueue":[],"_animationSpeed":1.067,"_zoom":10.117},{"_mousePosition":[683,352.5],"_rootPartCFrame":[757.601,222.554,42.25,-0.909,0,0.417,0,1,0,-0.417,0,-0.909],"_humanoidState":8,"_cameraCFrame":[757.834,233.178,37.547,-0.909,-0.376,0.18,0,0.432,0.902,-0.417,0.82,-0.393],"_shiftlockState":true,"_pose":"Running","_animationQueue":[],"_animationSpeed":1.067,"_zoom":10.117},{"_mousePosition":[683,352.5],"_rootPartCFrame":[757.359,222.554,42.139,-0.909,0,0.417,0,1,0,-0.417,0,-0.909],"_humanoidState":8,"_cameraCFrame":[757.547,233.196,37.468,-0.911,-0.372,0.176,0,0.428,0.904,-0.411,0.824,-0.391],"_shiftlockState":true,"_pose":"Running","_animationQueue":[],"_animationSpeed":1.067,"_zoom":10.117},{"_mousePosition":[683,352.5],"_rootPartCFrame":[757.056,223.624,42,-0.911,0,0.411,0,1,0,-0.411,0,-0.911],"_humanoidState":3,"_cameraCFrame":[757.191,234.287,37.368,-0.914,-0.366,0.172,0,0.424,0.906,-0.405,0.828,-0.388],"_shiftlockState":true,"_pose":"Jumping","_animationQueue":[["walk",0.1],["jump",0.1]],"_animationSpeed":1,"_zoom":10.117},{"_mousePosition":[683,352.5],"_rootPartCFrame":[756.873,224.226,41.917,-0.887,0,0.461,0,1,0,-0.461,0,-0.887],"_humanoidState":5,"_cameraCFrame":[756.945,234.912,37.332,-0.918,-0.36,0.166,0,0.419,0.908,-0.396,0.834,-0.385],"_shiftlockState":true,"_pose":"FreeFall","_animationQueue":[["jump",0.1]],"_animationSpeed":1,"_zoom":10.117},{"_mousePosition":[683,352.5],"_rootPartCFrame":[756.63,224.98,41.809,-0.862,0,0.507,0,1,0,-0.507,0,-0.862],"_humanoidState":5,"_cameraCFrame":[756.62,235.683,37.257,-0.924,-0.348,0.159,0,0.415,0.91,-0.382,0.841,-0.384],"_shiftlockState":true,"_pose":"FreeFall","_animationQueue":[],"_animationSpeed":1,"_zoom":10.117},{"_mousePosition":[683,352.5],"_rootPartCFrame":[756.324,225.845,41.677,-0.848,0,0.53,0,1,0,-0.53,0,-0.848],"_humanoidState":5,"_cameraCFrame":[756.217,236.562,37.154,-0.931,-0.333,0.151,0,0.412,0.911,-0.365,0.848,-0.384],"_shiftlockState":true,"_pose":"FreeFall","_animationQueue":[],"_animationSpeed":1,"_zoom":10.117},{"_mousePosition":[683,352.5],"_rootPartCFrame":[756.078,226.477,41.574,-0.874,0,0.485,0,1,0,-0.485,0,-0.874],"_humanoidState":5,"_cameraCFrame":[755.873,237.203,37.075,-0.938,-0.316,0.142,0,0.41,0.912,-0.346,0.856,-0.385],"_shiftlockState":true,"_pose":"FreeFall","_animationQueue":[],"_animationSpeed":1,"_zoom":10.117},{"_mousePosition":[683,352.5],"_rootPartCFrame":[755.83,227.053,41.476,-0.884,0,0.468,0,1,0,-0.468,0,-0.884],"_humanoidState":5,"_cameraCFrame":[755.51,237.79,37.004,-0.946,-0.296,0.132,0,0.408,0.913,-0.324,0.864,-0.386],"_shiftlockState":true,"_pose":"FreeFall","_animationQueue":[],"_animationSpeed":1,"_zoom":10.117},{"_mousePosition":[683,352.5],"_rootPartCFrame":[755.58,227.576,41.383,-0.895,0,0.447,0,1,0,-0.447,0,-0.895],"_humanoidState":5,"_cameraCFrame":[755.143,238.319,36.935,-0.954,-0.274,0.122,0,0.406,0.914,-0.3,0.872,-0.388],"_shiftlockState":true,"_pose":"FreeFall","_animationQueue":[],"_animationSpeed":1,"_zoom":10.117},{"_mousePosition":[683,352.5],"_rootPartCFrame":[755.328,228.043,41.296,-0.906,0,0.424,0,1,0,-0.424,0,-0.906],"_humanoidState":5,"_cameraCFrame":[754.778,238.79,36.867,-0.961,-0.252,0.112,0,0.406,0.914,-0.276,0.879,-0.39],"_shiftlockState":true,"_pose":"FreeFall","_animationQueue":[],"_animationSpeed":1,"_zoom":10.117},{"_mousePosition":[683,352.5],"_rootPartCFrame":[755.137,228.358,41.235,-0.929,0,0.37,0,1,0,-0.37,0,-0.929],"_humanoidState":5,"_cameraCFrame":[754.439,239.105,36.827,-0.97,-0.222,0.099,0,0.406,0.914,-0.243,0.886,-0.394],"_shiftlockState":true,"_pose":"FreeFall","_animationQueue":[],"_animationSpeed":1,"_zoom":10.117},{"_mousePosition":[683,352.5],"_rootPartCFrame":[754.881,228.731,41.16,-0.929,0,0.37,0,1,0,-0.37,0,-0.929],"_humanoidState":5,"_cameraCFrame":[754.031,239.478,36.78,-0.978,-0.192,0.085,0,0.406,0.914,-0.21,0.894,-0.397],"_shiftlockState":true,"_pose":"FreeFall","_animationQueue":[],"_animationSpeed":1,"_zoom":10.117},{"_mousePosition":[683,352.5],"_rootPartCFrame":[754.558,229.12,41.078,-0.929,0,0.369,0,1,0,-0.369,0,-0.929],"_humanoidState":5,"_cameraCFrame":[753.595,239.853,36.693,-0.983,-0.167,0.075,0,0.409,0.913,-0.183,0.897,-0.402],"_shiftlockState":true,"_pose":"FreeFall","_animationQueue":[],"_animationSpeed":1,"_zoom":10.117},{"_mousePosition":[683,352.5],"_rootPartCFrame":[754.298,229.369,41.021,-0.95,0,0.312,0,1,0,-0.312,0,-0.95],"_humanoidState":5,"_cameraCFrame":[753.216,240.086,36.628,-0.988,-0.141,0.064,0,0.412,0.911,-0.155,0.9,-0.407],"_shiftlockState":true,"_pose":"FreeFall","_animationQueue":[],"_animationSpeed":1,"_zoom":10.117},{"_mousePosition":[683,352.5],"_rootPartCFrame":[754.036,229.565,40.971,-0.959,0,0.285,0,1,0,-0.285,0,-0.959],"_humanoidState":5,"_cameraCFrame":[752.842,240.258,36.557,-0.992,-0.117,0.054,0,0.418,0.909,-0.128,0.901,-0.414],"_shiftlockState":true,"_pose":"FreeFall","_animationQueue":[],"_animationSpeed":1,"_zoom":10.117},{"_mousePosition":[683,352.5],"_rootPartCFrame":[753.773,229.705,40.928,-0.966,0,0.259,0,1,0,-0.259,0,-0.966],"_humanoidState":5,"_cameraCFrame":[752.492,240.375,36.489,-0.994,-0.097,0.045,0,0.423,0.906,-0.107,0.901,-0.42],"_shiftlockState":true,"_pose":"FreeFall","_animationQueue":[],"_animationSpeed":1,"_zoom":10.117},{"_mousePosition":[683,352.5],"_rootPartCFrame":[753.508,229.792,40.893,-0.971,0,0.239,0,1,0,-0.239,0,-0.971],"_humanoidState":5,"_cameraCFrame":[752.135,240.437,36.432,-0.996,-0.077,0.037,0,0.428,0.904,-0.086,0.901,-0.426],"_shiftlockState":true,"_pose":"FreeFall","_animationQueue":[["fall",0.3]],"_animationSpeed":1,"_zoom":10.117},{"_mousePosition":[683,352.5],"_rootPartCFrame":[753.309,229.821,40.871,-0.983,0,0.185,0,1,0,-0.185,0,-0.983],"_humanoidState":5,"_cameraCFrame":[751.855,240.444,36.392,-0.998,-0.06,0.029,0,0.432,0.902,-0.067,0.9,-0.431],"_shiftlockState":true,"_pose":"FreeFall","_animationQueue":[],"_animationSpeed":1,"_zoom":10.117},{"_mousePosition":[683,352.5],"_rootPartCFrame":[752.977,229.801,40.841,-0.973,0,0.231,0,1,0,-0.231,0,-0.973],"_humanoidState":5,"_cameraCFrame":[751.446,240.4,36.338,-0.999,-0.044,0.021,0,0.437,0.899,-0.049,0.898,-0.437],"_shiftlockState":true,"_pose":"FreeFall","_animationQueue":[],"_animationSpeed":1,"_zoom":10.117},{"_mousePosition":[683,352.5],"_rootPartCFrame":[752.778,229.748,40.827,-0.989,0,0.148,0,1,0,-0.148,0,-0.989],"_humanoidState":5,"_cameraCFrame":[751.159,240.318,36.297,-1,-0.026,0.013,0,0.443,0.897,-0.029,0.896,-0.443],"_shiftlockState":true,"_pose":"FreeFall","_animationQueue":[],"_animationSpeed":1,"_zoom":10.117},{"_mousePosition":[683,352.5],"_rootPartCFrame":[752.445,229.592,40.81,-0.981,0,0.194,0,1,0,-0.194,0,-0.981],"_humanoidState":5,"_cameraCFrame":[750.761,240.133,36.245,-1,-0.013,0.006,0,0.449,0.894,-0.014,0.894,-0.449],"_shiftlockState":true,"_pose":"FreeFall","_animationQueue":[],"_animationSpeed":1,"_zoom":10.117},{"_mousePosition":[683,352.5],"_rootPartCFrame":[752.178,229.406,40.802,-0.989,0,0.147,0,1,0,-0.147,0,-0.989],"_humanoidState":5,"_cameraCFrame":[750.447,239.921,36.204,-1,-0.004,0.002,0,0.454,0.891,-0.004,0.891,-0.454],"_shiftlockState":true,"_pose":"FreeFall","_animationQueue":[],"_animationSpeed":1,"_zoom":10.117},{"_mousePosition":[683,352.5],"_rootPartCFrame":[751.912,229.165,40.797,-0.991,0,0.137,0,1,0,-0.137,0,-0.991],"_humanoidState":5,"_cameraCFrame":[750.141,239.654,36.163,-1,0.004,-0.002,0,0.459,0.889,0.004,0.889,-0.459],"_shiftlockState":true,"_pose":"FreeFall","_animationQueue":[],"_animationSpeed":1,"_zoom":10.117},{"_mousePosition":[683,352.5],"_rootPartCFrame":[751.645,228.87,40.796,-1,0,-0.016,0,1,0,0.016,0,-1],"_humanoidState":5,"_cameraCFrame":[749.824,239.322,36.109,-1,0.013,-0.007,0,0.466,0.885,0.015,0.885,-0.466],"_shiftlockState":true,"_pose":"FreeFall","_animationQueue":[],"_animationSpeed":1,"_zoom":10.117},{"_mousePosition":[683,352.5],"_rootPartCFrame":[751.326,228.424,40.829,-0.992,0,0.125,0,1,0,-0.125,0,-0.992],"_humanoidState":5,"_cameraCFrame":[749.505,238.876,36.142,-1,0.013,-0.007,0,0.466,0.885,0.015,0.885,-0.466],"_shiftlockState":true,"_pose":"FreeFall","_animationQueue":[],"_animationSpeed":1,"_zoom":10.117},{"_mousePosition":[683,352.5],"_rootPartCFrame":[751.146,228.116,40.876,-0.998,0,0.064,0,1,0,-0.064,0,-0.998],"_humanoidState":5,"_cameraCFrame":[749.326,238.568,36.189,-1,0.013,-0.007,0,0.466,0.885,0.015,0.885,-0.466],"_shiftlockState":true,"_pose":"FreeFall","_animationQueue":[["fall",0.3]],"_animationSpeed":1,"_zoom":10.117},{"_mousePosition":[683,352.5],"_rootPartCFrame":[750.92,227.657,40.971,-0.996,0,0.09,0,1,0,-0.09,0,-0.996],"_humanoidState":5,"_cameraCFrame":[749.099,238.109,36.284,-1,0.013,-0.007,0,0.466,0.885,0.015,0.885,-0.466],"_shiftlockState":true,"_pose":"FreeFall","_animationQueue":[],"_animationSpeed":1,"_zoom":10.117},{"_mousePosition":[683,352.5],"_rootPartCFrame":[750.709,227.144,41.103,-0.996,0,0.09,0,1,0,-0.09,0,-0.996],"_humanoidState":5,"_cameraCFrame":[748.888,237.596,36.415,-1,0.013,-0.007,0,0.466,0.885,0.015,0.885,-0.466],"_shiftlockState":true,"_pose":"FreeFall","_animationQueue":[],"_animationSpeed":1,"_zoom":10.117},{"_mousePosition":[683,352.5],"_rootPartCFrame":[750.513,226.576,41.271,-0.996,0,0.09,0,1,0,-0.09,0,-0.996],"_humanoidState":5,"_cameraCFrame":[748.693,237.028,36.584,-1,0.013,-0.007,0,0.466,0.885,0.015,0.885,-0.466],"_shiftlockState":true,"_pose":"FreeFall","_animationQueue":[],"_animationSpeed":1,"_zoom":10.117},{"_mousePosition":[683,352.5],"_rootPartCFrame":[750.327,225.954,41.461,-0.996,0,0.09,0,1,0,-0.09,0,-0.996],"_humanoidState":5,"_cameraCFrame":[748.507,236.406,36.774,-1,0.013,-0.007,0,0.466,0.885,0.015,0.885,-0.466],"_shiftlockState":true,"_pose":"FreeFall","_animationQueue":[],"_animationSpeed":1,"_zoom":10.117},{"_mousePosition":[683,352.5],"_rootPartCFrame":[750.141,225.277,41.652,-0.996,0,0.09,0,1,0,-0.09,0,-0.996],"_humanoidState":5,"_cameraCFrame":[748.321,235.729,36.965,-1,0.013,-0.007,0,0.466,0.885,0.015,0.885,-0.466],"_shiftlockState":true,"_pose":"FreeFall","_animationQueue":[],"_animationSpeed":1,"_zoom":10.117},{"_mousePosition":[683,352.5],"_rootPartCFrame":[749.953,224.551,41.788,-0.998,0,0.068,-0.002,1,-0.031,-0.068,-0.031,-0.997],"_humanoidState":5,"_cameraCFrame":[748.133,235.002,37.054,-1,0.013,-0.007,0,0.466,0.885,0.015,0.885,-0.466],"_shiftlockState":true,"_pose":"FreeFall","_animationQueue":[],"_animationSpeed":1,"_zoom":10.117},{"_mousePosition":[683,352.5],"_rootPartCFrame":[749.748,223.801,41.826,-1,-0.009,0.01,-0.009,1,-0.027,-0.01,-0.027,-1],"_humanoidState":5,"_cameraCFrame":[748.433,234.171,36.782,-0.996,-0.079,0.044,0,0.481,0.877,-0.091,0.873,-0.479],"_shiftlockState":true,"_pose":"FreeFall","_animationQueue":[["fall",0.3]],"_animationSpeed":1,"_zoom":10.117},{"_mousePosition":[683,352.5],"_rootPartCFrame":[749.505,223.02,41.731,-0.99,-0.005,0.142,-0.008,1,-0.018,-0.141,-0.019,-0.99],"_humanoidState":5,"_cameraCFrame":[750.46,233.17,36.256,-0.879,-0.408,0.247,0,0.519,0.855,-0.477,0.752,-0.456],"_shiftlockState":true,"_pose":"FreeFall","_animationQueue":[],"_animationSpeed":1,"_zoom":10.117},{"_mousePosition":[683,352.5],"_rootPartCFrame":[749.235,222.271,41.475,-0.89,-0.001,0.457,-0.007,1,-0.011,-0.457,-0.013,-0.89],"_humanoidState":7,"_cameraCFrame":[752.884,232.43,37.318,-0.501,-0.741,0.448,0,0.517,0.856,-0.865,0.429,-0.259],"_shiftlockState":true,"_pose":"FreeFall","_animationQueue":[["walk",0.1],["fall",0.3],["fall",0.3]],"_animationSpeed":1,"_zoom":10.117},{"_mousePosition":[683,352.5],"_rootPartCFrame":[749.044,222.096,41.286,-0.511,-0.001,0.86,-0.006,1,-0.002,-0.86,-0.007,-0.511],"_humanoidState":7,"_cameraCFrame":[753.787,232.536,39.549,0.005,-0.884,0.468,0,0.468,0.884,-1,-0.004,0.002],"_shiftlockState":true,"_pose":"FreeFall","_animationQueue":[],"_animationSpeed":1,"_zoom":10.117},{"_mousePosition":[683,352.5],"_rootPartCFrame":[748.881,221.869,41.286,0.007,0,1,-0.002,1,0,-1,-0.002,0.007],"_humanoidState":8,"_cameraCFrame":[752.061,233,39.683,0.048,-0.951,0.306,0,0.306,0.952,-0.999,-0.045,0.015],"_shiftlockState":true,"_pose":"Running","_animationQueue":[["walk",0.1],["fall",0.3],["walk",0.1]],"_animationSpeed":0.779,"_zoom":10.117},{"_mousePosition":[683,352.5],"_rootPartCFrame":[748.77,222.531,41.287,0.048,-0.001,0.999,0.001,1,0.001,-0.999,0.001,0.048],"_humanoidState":3,"_cameraCFrame":[750.38,233.995,39.404,-0.08,-0.982,0.173,0,0.174,0.985,-0.997,0.079,-0.014],"_shiftlockState":true,"_pose":"Jumping","_animationQueue":[["walk",0.1],["jump",0.1]],"_animationSpeed":1,"_zoom":10.117},{"_mousePosition":[683,352.5],"_rootPartCFrame":[748.579,223.585,41.249,0.033,-0.001,0.999,0.001,1,0,-0.999,0.001,0.033],"_humanoidState":5,"_cameraCFrame":[749.932,235.048,39.174,-0.208,-0.963,0.17,0,0.174,0.985,-0.978,0.205,-0.036],"_shiftlockState":true,"_pose":"FreeFall","_animationQueue":[["jump",0.1]],"_animationSpeed":1,"_zoom":10.117},{"_mousePosition":[683,352.5],"_rootPartCFrame":[748.414,224.366,41.176,-0.09,0,0.996,0,1,0,-0.996,0,-0.09],"_humanoidState":5,"_cameraCFrame":[749.92,235.743,38.813,-0.323,-0.924,0.205,0,0.216,0.976,-0.946,0.316,-0.07],"_shiftlockState":true,"_pose":"FreeFall","_animationQueue":[],"_animationSpeed":1,"_zoom":10.117},{"_mousePosition":[683,352.5],"_rootPartCFrame":[748.227,225.092,41.071,-0.207,0,0.978,0,1,0,-0.978,0,-0.207],"_humanoidState":5,"_cameraCFrame":[749.749,236.382,38.376,-0.44,-0.869,0.227,0,0.252,0.968,-0.898,0.426,-0.111],"_shiftlockState":true,"_pose":"FreeFall","_animationQueue":[],"_animationSpeed":1,"_zoom":10.117},{"_mousePosition":[683,352.5],"_rootPartCFrame":[748.006,225.765,40.954,-0.328,0,0.945,0,1,0,-0.945,0,-0.328],"_humanoidState":5,"_cameraCFrame":[749.405,237.011,38.046,-0.522,-0.822,0.229,0,0.268,0.963,-0.853,0.503,-0.14],"_shiftlockState":true,"_pose":"FreeFall","_animationQueue":[],"_animationSpeed":1,"_zoom":10.117},{"_mousePosition":[683,352.5],"_rootPartCFrame":[747.759,226.382,40.857,-0.417,0,0.909,0,1,0,-0.909,0,-0.417],"_humanoidState":5,"_cameraCFrame":[749.034,237.596,37.785,-0.584,-0.779,0.227,0,0.28,0.96,-0.812,0.561,-0.163],"_shiftlockState":true,"_pose":"FreeFall","_animationQueue":[],"_animationSpeed":1,"_zoom":10.117},{"_mousePosition":[683,352.5],"_rootPartCFrame":[747.502,226.945,40.788,-0.486,0,0.874,0,1,0,-0.874,0,-0.486],"_humanoidState":5,"_cameraCFrame":[748.665,238.133,37.593,-0.63,-0.744,0.224,0,0.288,0.958,-0.777,0.603,-0.181],"_shiftlockState":true,"_pose":"FreeFall","_animationQueue":[],"_animationSpeed":1,"_zoom":10.117},{"_mousePosition":[683,352.5],"_rootPartCFrame":[747.239,227.454,40.741,-0.538,0,0.843,0,1,0,-0.843,0,-0.538],"_humanoidState":5,"_cameraCFrame":[748.283,238.623,37.449,-0.669,-0.711,0.219,0,0.294,0.956,-0.744,0.639,-0.197],"_shiftlockState":true,"_pose":"FreeFall","_animationQueue":[],"_animationSpeed":1,"_zoom":10.117},{"_mousePosition":[683,352.5],"_rootPartCFrame":[746.974,227.908,40.711,-0.581,0,0.814,0,1,0,-0.814,0,-0.581],"_humanoidState":5,"_cameraCFrame":[747.915,239.072,37.374,-0.694,-0.688,0.213,0,0.296,0.955,-0.72,0.663,-0.205],"_shiftlockState":true,"_pose":"FreeFall","_animationQueue":[],"_animationSpeed":1,"_zoom":10.117},{"_mousePosition":[683,352.5],"_rootPartCFrame":[746.708,228.308,40.695,-0.611,0,0.792,0,1,0,-0.792,0,-0.611],"_humanoidState":5,"_cameraCFrame":[747.582,239.472,37.34,-0.708,-0.675,0.209,0,0.296,0.955,-0.706,0.676,-0.209],"_shiftlockState":true,"_pose":"FreeFall","_animationQueue":[],"_animationSpeed":1,"_zoom":10.117},{"_mousePosition":[683,352.5],"_rootPartCFrame":[746.441,228.653,40.689,-0.628,0,0.778,0,1,0,-0.778,0,-0.628],"_humanoidState":5,"_cameraCFrame":[747.245,239.827,37.344,-0.718,-0.665,0.204,0,0.293,0.956,-0.696,0.687,-0.21],"_shiftlockState":true,"_pose":"FreeFall","_animationQueue":[],"_animationSpeed":1,"_zoom":10.117},{"_mousePosition":[683,352.5],"_rootPartCFrame":[746.241,228.876,40.688,-0.66,0,0.751,0,1,0,-0.751,0,-0.66],"_humanoidState":5,"_cameraCFrame":[746.944,240.062,37.355,-0.733,-0.651,0.196,0,0.289,0.957,-0.68,0.702,-0.212],"_shiftlockState":true,"_pose":"FreeFall","_animationQueue":[],"_animationSpeed":1,"_zoom":10.117},{"_mousePosition":[683,352.5],"_rootPartCFrame":[745.975,229.126,40.692,-0.656,0,0.754,0,1,0,-0.754,0,-0.656],"_humanoidState":5,"_cameraCFrame":[746.546,240.314,37.341,-0.759,-0.624,0.188,0,0.288,0.958,-0.652,0.726,-0.219],"_shiftlockState":true,"_pose":"FreeFall","_animationQueue":[],"_animationSpeed":1,"_zoom":10.117},{"_mousePosition":[683,352.5],"_rootPartCFrame":[745.641,229.3