[{"_mousePosition":[718,434],"_rootPartCFrame":[776.024,222.7,47.142,0.004,0,1,0,1,0,-1,0,0.004],"_humanoidState":8,"_cameraCFrame":[780.631,239.302,50.414,0.579,-0.764,0.286,0,0.35,0.937,-0.815,-0.542,0.203],"_shiftlockState":false,"_pose":"Standing","_animationQueue":[],"_animationSpeed":1,"_zoom":16.125},{"_mousePosition":[718,434],"_rootPartCFrame":[775.823,222.7,47,0.089,0,0.996,0,1,0,-0.996,0,0.089],"_humanoidState":8,"_cameraCFrame":[780.31,239.356,50.186,0.579,-0.766,0.278,0,0.341,0.94,-0.815,-0.544,0.198],"_shiftlockState":false,"_pose":"Standing","_animationQueue":[],"_animationSpeed":1,"_zoom":16.125},{"_mousePosition":[718,434],"_rootPartCFrame":[775.606,222.7,46.846,0.16,0,0.987,0,1,0,-0.987,0,0.16],"_humanoidState":8,"_cameraCFrame":[779.989,239.399,49.975,0.581,-0.767,0.272,0,0.334,0.943,-0.814,-0.548,0.194],"_shiftlockState":false,"_pose":"Running","_animationQueue":[["walk",0.1]],"_animationSpeed":1.066,"_zoom":16.125},{"_mousePosition":[718,434],"_rootPartCFrame":[775.388,222.7,46.691,0.221,0,0.975,0,1,0,-0.975,0,0.221],"_humanoidState":8,"_cameraCFrame":[779.675,239.44,49.751,0.581,-0.769,0.266,0,0.327,0.945,-0.814,-0.549,0.19],"_shiftlockState":false,"_pose":"Running","_animationQueue":[],"_animationSpeed":1.066,"_zoom":16.125},{"_mousePosition":[718,434],"_rootPartCFrame":[775.171,222.7,46.536,0.273,0,0.962,0,1,0,-0.962,0,0.273],"_humanoidState":8,"_cameraCFrame":[779.361,239.481,49.527,0.581,-0.771,0.26,0,0.319,0.948,-0.814,-0.551,0.185],"_shiftlockState":false,"_pose":"Running","_animationQueue":[],"_animationSpeed":1.066,"_zoom":16.125},{"_mousePosition":[718,434],"_rootPartCFrame":[774.954,222.7,46.381,0.317,0,0.948,0,1,0,-0.948,0,0.317],"_humanoidState":8,"_cameraCFrame":[779.071,239.511,49.32,0.581,-0.773,0.255,0,0.314,0.95,-0.814,-0.552,0.182],"_shiftlockState":false,"_pose":"Running","_animationQueue":[["walk",0.1]],"_animationSpeed":1.066,"_zoom":16.125},{"_mousePosition":[718,434],"_rootPartCFrame":[774.737,222.7,46.226,0.355,0,0.935,0,1,0,-0.935,0,0.355],"_humanoidState":8,"_cameraCFrame":[778.805,239.53,49.131,0.581,-0.774,0.252,0,0.31,0.951,-0.814,-0.552,0.18],"_shiftlockState":false,"_pose":"Running","_animationQueue":[],"_animationSpeed":1.066,"_zoom":16.125},{"_mousePosition":[718,434],"_rootPartCFrame":[774.52,222.7,46.071,0.387,0,0.922,0,1,0,-0.922,0,0.387],"_humanoidState":8,"_cameraCFrame":[778.508,239.559,48.934,0.583,-0.774,0.247,0,0.304,0.953,-0.812,-0.555,0.178],"_shiftlockState":false,"_pose":"Running","_animationQueue":[],"_animationSpeed":1.066,"_zoom":16.125},{"_mousePosition":[718,434],"_rootPartCFrame":[774.195,222.7,45.839,0.428,0,0.904,0,1,0,-0.904,0,0.428],"_humanoidState":8,"_cameraCFrame":[778.158,239.569,48.684,0.583,-0.774,0.246,0,0.303,0.953,-0.812,-0.556,0.176],"_shiftlockState":false,"_pose":"Running","_animationQueue":[],"_animationSpeed":1.066,"_zoom":16.125},{"_mousePosition":[718,434],"_rootPartCFrame":[774.086,222.7,45.761,0.44,0,0.898,0,1,0,-0.898,0,0.44],"_humanoidState":8,"_cameraCFrame":[778.05,239.569,48.606,0.583,-0.774,0.246,0,0.303,0.953,-0.812,-0.556,0.176],"_shiftlockState":false,"_pose":"Running","_animationQueue":[],"_animationSpeed":1.066,"_zoom":16.125},{"_mousePosition":[718,434],"_rootPartCFrame":[773.87,222.7,45.606,0.46,0,0.888,0,1,0,-0.888,0,0.46],"_humanoidState":8,"_cameraCFrame":[777.833,239.569,48.451,0.583,-0.774,0.246,0,0.303,0.953,-0.812,-0.556,0.176],"_shiftlockState":false,"_pose":"Running","_animationQueue":[],"_animationSpeed":1.066,"_zoom":16.125},{"_mousePosition":[718,434],"_rootPartCFrame":[773.653,222.7,45.45,0.477,0,0.879,0,1,0,-0.879,0,0.477],"_humanoidState":8,"_cameraCFrame":[777.592,239.578,48.278,0.583,-0.775,0.244,0,0.301,0.954,-0.812,-0.556,0.175],"_shiftlockState":false,"_pose":"Running","_animationQueue":[],"_animationSpeed":1.066,"_zoom":16.125},{"_mousePosition":[718,434],"_rootPartCFrame":[773.436,222.7,45.295,0.492,0,0.871,0,1,0,-0.871,0,0.492],"_humanoidState":8,"_cameraCFrame":[777.327,239.597,48.087,0.583,-0.776,0.241,0,0.297,0.955,-0.812,-0.557,0.173],"_shiftlockState":false,"_pose":"Running","_animationQueue":[["walk",0.1]],"_animationSpeed":1.066,"_zoom":16.125},{"_mousePosition":[718,434],"_rootPartCFrame":[773.22,222.7,45.139,0.505,0,0.863,0,1,0,-0.863,0,0.505],"_humanoidState":8,"_cameraCFrame":[777.086,239.606,47.914,0.583,-0.776,0.24,0,0.295,0.955,-0.812,-0.557,0.172],"_shiftlockState":false,"_pose":"Running","_animationQueue":[],"_animationSpeed":1.066,"_zoom":16.125},{"_mousePosition":[718,434],"_rootPartCFrame":[773.003,222.7,44.984,0.516,0,0.857,0,1,0,-0.857,0,0.516],"_humanoidState":8,"_cameraCFrame":[776.869,239.606,47.759,0.583,-0.776,0.24,0,0.295,0.955,-0.812,-0.557,0.172],"_shiftlockState":false,"_pose":"Running","_animationQueue":[],"_animationSpeed":1.066,"_zoom":16.125},{"_mousePosition":[718,434],"_rootPartCFrame":[772.732,223.783,44.789,0.529,0,0.849,0,1,0,-0.849,0,0.529],"_humanoidState":3,"_cameraCFrame":[776.598,240.69,47.564,0.583,-0.776,0.24,0,0.295,0.955,-0.812,-0.557,0.172],"_shiftlockState":false,"_pose":"Jumping","_animationQueue":[["walk",0.1],["jump",0.1]],"_animationSpeed":1,"_zoom":16.125},{"_mousePosition":[718,434],"_rootPartCFrame":[772.57,224.395,44.673,0.535,0,0.845,0,1,0,-0.845,0,0.535],"_humanoidState":5,"_cameraCFrame":[776.436,241.302,47.448,0.583,-0.776,0.24,0,0.295,0.955,-0.812,-0.557,0.172],"_shiftlockState":false,"_pose":"FreeFall","_animationQueue":[["jump",0.1]],"_animationSpeed":1,"_zoom":16.125},{"_mousePosition":[718,434],"_rootPartCFrame":[772.299,225.346,44.478,0.544,0,0.839,0,1,0,-0.839,0,0.544],"_humanoidState":5,"_cameraCFrame":[776.165,242.252,47.253,0.583,-0.776,0.24,0,0.295,0.955,-0.812,-0.557,0.172],"_shiftlockState":false,"_pose":"FreeFall","_animationQueue":[],"_animationSpeed":1,"_zoom":16.125},{"_mousePosition":[718,434],"_rootPartCFrame":[772.083,226.045,44.323,0.55,0,0.835,0,1,0,-0.835,0,0.55],"_humanoidState":5,"_cameraCFrame":[775.949,242.952,47.098,0.583,-0.776,0.24,0,0.295,0.955,-0.812,-0.557,0.172],"_shiftlockState":false,"_pose":"FreeFall","_animationQueue":[],"_animationSpeed":1,"_zoom":16.125},{"_mousePosition":[718,434],"_rootPartCFrame":[771.866,226.69,44.167,0.554,0,0.832,0,1,0,-0.832,0,0.554],"_humanoidState":5,"_cameraCFrame":[775.732,243.597,46.942,0.583,-0.776,0.24,0,0.295,0.955,-0.812,-0.557,0.172],"_shiftlockState":false,"_pose":"FreeFall","_animationQueue":[],"_animationSpeed":1,"_zoom":16.125},{"_mousePosition":[718,434],"_rootPartCFrame":[771.649,227.28,44.012,0.558,0,0.83,0,1,0,-0.83,0,0.558],"_humanoidState":5,"_cameraCFrame":[775.516,244.187,46.787,0.583,-0.776,0.24,0,0.295,0.955,-0.812,-0.557,0.172],"_shiftlockState":false,"_pose":"FreeFall","_animationQueue":[],"_animationSpeed":1,"_zoom":16.125},{"_mousePosition":[718,434],"_rootPartCFrame":[771.487,227.687,43.895,0.561,0,0.828,0,1,0,-0.828,0,0.561],"_humanoidState":5,"_cameraCFrame":[775.353,244.594,46.67,0.583,-0.776,0.24,0,0.295,0.955,-0.812,-0.557,0.172],"_shiftlockState":false,"_pose":"FreeFall","_animationQueue":[],"_animationSpeed":1,"_zoom":16.125},{"_mousePosition":[718,434],"_rootPartCFrame":[771.271,228.182,43.74,0.564,0,0.826,0,1,0,-0.826,0,0.564],"_humanoidState":5,"_cameraCFrame":[775.105,245.098,46.507,0.585,-0.775,0.238,0,0.293,0.956,-0.811,-0.559,0.172],"_shiftlockState":false,"_pose":"FreeFall","_animationQueue":[],"_animationSpeed":1,"_zoom":16.125},{"_mousePosition":[718,434],"_rootPartCFrame":[771,228.725,43.545,0.568,0,0.823,0,1,0,-0.823,0,0.568],"_humanoidState":5,"_cameraCFrame":[774.81,245.65,46.295,0.585,-0.776,0.236,0,0.291,0.957,-0.811,-0.56,0.171],"_shiftlockState":false,"_pose":"FreeFall","_animationQueue":[],"_animationSpeed":1,"_zoom":16.125},{"_mousePosition":[718,434],"_rootPartCFrame":[770.784,229.097,43.389,0.57,0,0.822,0,1,0,-0.822,0,0.57],"_humanoidState":5,"_cameraCFrame":[774.57,246.031,46.122,0.585,-0.776,0.235,0,0.29,0.957,-0.811,-0.56,0.169],"_shiftlockState":false,"_pose":"FreeFall","_animationQueue":[],"_animationSpeed":1,"_zoom":16.125},{"_mousePosition":[718,434],"_rootPartCFrame":[770.621,229.34,43.272,0.572,0,0.821,0,1,0,-0.821,0,0.572],"_humanoidState":5,"_cameraCFrame":[774.358,246.293,45.969,0.585,-0.777,0.232,0,0.286,0.958,-0.811,-0.561,0.167],"_shiftlockState":false,"_pose":"FreeFall","_animationQueue":[],"_animationSpeed":1,"_zoom":16.125},{"_mousePosition":[718,434],"_rootPartCFrame":[770.351,229.678,43.077,0.574,0,0.819,0,1,0,-0.819,0,0.574],"_humanoidState":5,"_cameraCFrame":[774.064,246.64,45.757,0.585,-0.778,0.23,0,0.284,0.959,-0.811,-0.561,0.166],"_shiftlockState":false,"_pose":"FreeFall","_animationQueue":[],"_animationSpeed":1,"_zoom":16.125},{"_mousePosition":[718,434],"_rootPartCFrame":[770.135,229.887,42.921,0.576,0,0.818,0,1,0,-0.818,0,0.576],"_humanoidState":5,"_cameraCFrame":[773.847,246.848,45.601,0.585,-0.778,0.23,0,0.284,0.959,-0.811,-0.561,0.166],"_shiftlockState":false,"_pose":"FreeFall","_animationQueue":[],"_animationSpeed":1,"_zoom":16.125},{"_mousePosition":[718,434],"_rootPartCFrame":[769.972,230.008,42.804,0.577,0,0.817,0,1,0,-0.817,0,0.577],"_humanoidState":5,"_cameraCFrame":[773.685,246.969,45.483,0.585,-0.778,0.23,0,0.284,0.959,-0.811,-0.561,0.166],"_shiftlockState":false,"_pose":"FreeFall","_animationQueue":[],"_animationSpeed":1,"_zoom":16.125},{"_mousePosition":[718,434],"_rootPartCFrame":[769.702,230.141,42.609,0.578,0,0.816,0,1,0,-0.816,0,0.578],"_humanoidState":5,"_cameraCFrame":[773.415,247.103,45.288,0.585,-0.778,0.23,0,0.284,0.959,-0.811,-0.561,0.166],"_shiftlockState":false,"_pose":"FreeFall","_animationQueue":[],"_animationSpeed":1,"_zoom":16.125},{"_mousePosition":[718,434],"_rootPartCFrame":[769.486,230.187,42.453,0.579,0,0.815,0,1,0,-0.815,0,0.579],"_humanoidState":5,"_cameraCFrame":[773.198,247.148,45.132,0.585,-0.778,0.23,0,0.284,0.959,-0.811,-0.561,0.166],"_shiftlockState":false,"_pose":"FreeFall","_animationQueue":[],"_animationSpeed":1,"_zoom":16.125},{"_mousePosition":[718,434],"_rootPartCFrame":[769.323,230.185,42.336,0.58,0,0.815,0,1,0,-0.815,0,0.58],"_humanoidState":5,"_cameraCFrame":[773.036,247.146,45.015,0.585,-0.778,0.23,0,0.284,0.959,-0.811,-0.561,0.166],"_shiftlockState":false,"_pose":"FreeFall","_animationQueue":[["fall",0.3]],"_animationSpeed":1,"_zoom":16.125},{"_mousePosition":[718,434],"_rootPartCFrame":[769.053,230.114,42.141,0.581,0,0.814,0,1,0,-0.814,0,0.581],"_humanoidState":5,"_cameraCFrame":[772.766,247.075,44.82,0.585,-0.778,0.23,0,0.284,0.959,-0.811,-0.561,0.166],"_shiftlockState":false,"_pose":"FreeFall","_animationQueue":[],"_animationSpeed":1,"_zoom":16.125},{"_mousePosition":[718,434],"_rootPartCFrame":[768.837,229.996,41.985,0.581,0,0.814,0,1,0,-0.814,0,0.581],"_humanoidState":5,"_cameraCFrame":[772.549,246.957,44.664,0.585,-0.778,0.23,0,0.284,0.959,-0.811,-0.561,0.166],"_shiftlockState":false,"_pose":"FreeFall","_animationQueue":[],"_animationSpeed":1,"_zoom":16.125},{"_mousePosition":[718,434],"_rootPartCFrame":[768.62,229.823,41.829,0.582,0,0.813,0,1,0,-0.813,0,0.582],"_humanoidState":5,"_cameraCFrame":[772.333,246.785,44.508,0.585,-0.778,0.23,0,0.284,0.959,-0.811,-0.561,0.166],"_shiftlockState":false,"_pose":"FreeFall","_animationQueue":[],"_animationSpeed":1,"_zoom":16.125},{"_mousePosition":[718,434],"_rootPartCFrame":[768.404,229.596,41.673,0.582,0,0.813,0,1,0,-0.813,0,0.582],"_humanoidState":5,"_cameraCFrame":[772.117,246.558,44.352,0.585,-0.778,0.23,0,0.284,0.959,-0.811,-0.561,0.166],"_shiftlockState":false,"_pose":"FreeFall","_animationQueue":[],"_animationSpeed":1,"_zoom":16.125},{"_mousePosition":[718,434],"_rootPartCFrame":[768.188,229.315,41.517,0.583,0,0.813,0,1,0,-0.813,0,0.583],"_humanoidState":5,"_cameraCFrame":[771.901,246.276,44.196,0.585,-0.778,0.23,0,0.284,0.959,-0.811,-0.561,0.166],"_shiftlockState":false,"_pose":"FreeFall","_animationQueue":[],"_animationSpeed":1,"_zoom":16.125},{"_mousePosition":[718,434],"_rootPartCFrame":[767.971,228.979,41.361,0.583,0,0.812,0,1,0,-0.812,0,0.583],"_humanoidState":5,"_cameraCFrame":[771.684,245.94,44.04,0.585,-0.778,0.23,0,0.284,0.959,-0.811,-0.561,0.166],"_shiftlockState":false,"_pose":"FreeFall","_animationQueue":[["fall",0.3]],"_animationSpeed":1,"_zoom":16.125},{"_mousePosition":[718,434],"_rootPartCFrame":[767.755,228.588,41.205,0.583,0,0.812,0,1,0,-0.812,0,0.583],"_humanoidState":5,"_cameraCFrame":[771.468,245.549,43.884,0.585,-0.778,0.23,0,0.284,0.959,-0.811,-0.561,0.166],"_shiftlockState":false,"_pose":"FreeFall","_animationQueue":[],"_animationSpeed":1,"_zoom":16.125},{"_mousePosition":[718,434],"_rootPartCFrame":[767.539,228.143,41.049,0.584,0,0.812,0,1,0,-0.812,0,0.584],"_humanoidState":5,"_cameraCFrame":[771.252,245.104,43.728,0.585,-0.778,0.23,0,0.284,0.959,-0.811,-0.561,0.166],"_shiftlockState":false,"_pose":"FreeFall","_animationQueue":[],"_animationSpeed":1,"_zoom":16.125},{"_mousePosition":[718,434],"_rootPartCFrame":[767.377,227.773,40.932,0.584,0,0.812,0,1,0,-0.812,0,0.584],"_humanoidState":5,"_cameraCFrame":[771.078,244.743,43.575,0.581,-0.781,0.23,0,0.282,0.959,-0.814,-0.557,0.164],"_shiftlockState":false,"_pose":"FreeFall","_animationQueue":[],"_animationSpeed":1,"_zoom":16.125},{"_mousePosition":[718,434],"_rootPartCFrame":[767.106,227.089,40.737,0.584,0,0.812,0,1,0,-0.812,0,0.584],"_humanoidState":5,"_cameraCFrame":[770.821,244.059,43.361,0.577,-0.784,0.23,0,0.282,0.959,-0.817,-0.554,0.163],"_shiftlockState":false,"_pose":"FreeFall","_animationQueue":[],"_animationSpeed":1,"_zoom":16.125},{"_mousePosition":[718,434],"_rootPartCFrame":[766.889,226.481,40.581,0.584,0,0.812,0,1,0,-0.812,0,0.584],"_humanoidState":5,"_cameraCFrame":[770.644,243.451,43.149,0.564,-0.792,0.233,0,0.282,0.959,-0.825,-0.542,0.159],"_shiftlockState":false,"_pose":"FreeFall","_animationQueue":[],"_animationSpeed":1,"_zoom":16.125},{"_mousePosition":[718,434],"_rootPartCFrame":[766.672,225.817,40.427,0.583,0,0.812,0,1,0,-0.812,0,0.583],"_humanoidState":5,"_cameraCFrame":[770.507,242.797,42.815,0.528,-0.815,0.238,0,0.28,0.96,-0.849,-0.507,0.148],"_shiftlockState":false,"_pose":"FreeFall","_animationQueue":[],"_animationSpeed":1,"_zoom":16.125},{"_mousePosition":[718,434],"_rootPartCFrame":[766.452,225.1,40.276,0.581,0,0.814,0,1,0,-0.814,0,0.581],"_humanoidState":5,"_cameraCFrame":[770.381,242.079,42.507,0.494,-0.835,0.244,0,0.28,0.96,-0.87,-0.474,0.138],"_shiftlockState":false,"_pose":"FreeFall","_animationQueue":[["fall",0.3]],"_animationSpeed":1,"_zoom":16.125},{"_mousePosition":[718,434],"_rootPartCFrame":[766.226,224.328,40.134,0.576,0,0.818,0,1,0,-0.818,0,0.576],"_humanoidState":5,"_cameraCFrame":[770.269,241.307,42.153,0.447,-0.859,0.251,0,0.28,0.96,-0.895,-0.429,0.125],"_shiftlockState":false,"_pose":"FreeFall","_animationQueue":[],"_animationSpeed":1,"_zoom":16.125},{"_mousePosition":[718,434],"_rootPartCFrame":[765.995,223.501,40.001,0.566,0,0.824,0,1,0,-0.824,0,0.566],"_humanoidState":5,"_cameraCFrame":[770.161,240.48,41.749,0.387,-0.885,0.258,0,0.28,0.96,-0.922,-0.371,0.108],"_shiftlockState":false,"_pose":"FreeFall","_animationQueue":[],"_animationSpeed":1,"_zoom":16.125},{"_mousePosition":[718,434],"_rootPartCFrame":[765.758,222.62,39.88,0.553,0,0.833,0,1,0,-0.833,0,0.553],"_humanoidState":5,"_cameraCFrame":[770.094,239.581,41.348,0.321,-0.908,0.269,0,0.284,0.959,-0.947,-0.307,0.091],"_shiftlockState":false,"_pose":"FreeFall","_animationQueue":[],"_animationSpeed":1,"_zoom":16.125},{"_mousePosition":[718,434],"_rootPartCFrame":[765.513,221.684,39.774,0.533,0,0.846,0,1,0,-0.846,0,0.533],"_humanoidState":5,"_cameraCFrame":[770.065,238.61,40.939,0.248,-0.927,0.282,0,0.291,0.957,-0.969,-0.237,0.072],"_shiftlockState":false,"_pose":"FreeFall","_animationQueue":[],"_animationSpeed":1,"_zoom":16.125},{"_mousePosition":[718,434],"_rootPartCFrame":[765.325,221.071,39.707,0.515,0,0.857,0,1,0,-0.857,0,0.515],"_humanoidState":7,"_cameraCFrame":[770.072,237.959,40.533,0.171,-0.94,0.294,0,0.299,0.954,-0.985,-0.163,0.051],"_shiftlockState":false,"_pose":"FreeFall","_animationQueue":[["walk",0.1],["fall",0.3],["fall",0.3]],"_animationSpeed":1,"_zoom":16.125},{"_mousePosition":[718,434],"_rootPartCFrame":[765.003,221.037,39.622,0.475,0,0.88,0,1,0,-0.88,0,0.475],"_humanoidState":7,"_cameraCFrame":[769.92,237.887,40.083,0.093,-0.948,0.305,0,0.306,0.952,-0.996,-0.089,0.029],"_shiftlockState":false,"_pose":"FreeFall","_animationQueue":[],"_animationSpeed":1,"_zoom":16.125},{"_mousePosition":[718,434],"_rootPartCFrame":[764.74,221.1,39.573,0.438,0,0.899,0,1,0,-0.899,0,0.438],"_humanoidState":8,"_cameraCFrame":[769.767,237.921,39.688,0.023,-0.95,0.312,0,0.312,0.95,-1,-0.022,0.007],"_shiftlockState":false,"_pose":"Running","_animationQueue":[["fall",0.3],["walk",0.1],["fall",0.3],["walk",0.1]],"_animationSpeed":1.103,"_zoom":16.125},{"_mousePosition":[718,434],"_rootPartCFrame":[764.475,221.114,39.547,0.395,0,0.919,0,1,0,-0.919,0,0.395],"_humanoidState":8,"_cameraCFrame":[769.56,237.915,39.379,-0.033,-0.948,0.315,0,0.316,0.949,-0.999,0.031,-0.01],"_shiftlockState":false,"_pose":"Running","_animationQueue":[],"_animationSpeed":1.103,"_zoom":16.125},{"_mousePosition":[718,434],"_rootPartCFrame":[764.21,221.977,39.521,0.351,0,0.936,0,1,0,-0.936,0,0.351],"_humanoidState":3,"_cameraCFrame":[769.316,238.768,39.185,-0.066,-0.946,0.317,0,0.317,0.948,-0.998,0.062,-0.021],"_shiftlockState":false,"_pose":"Jumping","_animationQueue":[["walk",0.1],["jump",0.1]],"_animationSpeed":1,"_zoom":16.125},{"_mousePosition":[718,434],"_rootPartCFrame":[763.943,222.785,39.519,0.303,0,0.953,0,1,0,-0.953,0,0.303],"_humanoidState":5,"_cameraCFrame":[769.05,239.576,39.182,-0.066,-0.946,0.317,0,0.317,0.948,-0.998,0.062,-0.021],"_shiftlockState":false,"_pose":"FreeFall","_animationQueue":[["jump",0.1]],"_animationSpeed":1,"_zoom":16.125},{"_mousePosition":[718,434],"_rootPartCFrame":[763.677,223.539,39.534,0.254,0,0.967,0,1,0,-0.967,0,0.254],"_humanoidState":5,"_cameraCFrame":[768.784,240.33,39.198,-0.066,-0.946,0.317,0,0.317,0.948,-0.998,0.062,-0.021],"_shiftlockState":false,"_pose":"FreeFall","_animationQueue":[],"_animationSpeed":1,"_zoom":16.125},{"_mousePosition":[718,434],"_rootPartCFrame":[763.411,224.238,39.552,0.21,0,0.978,0,1,0,-0.978,0,0.21],"_humanoidState":5,"_cameraCFrame":[768.518,241.03,39.215,-0.066,-0.946,0.317,0,0.317,0.948,-0.998,0.062,-0.021],"_shiftlockState":false,"_pose":"FreeFall","_animationQueue":[],"_animationSpeed":1,"_zoom":16.125},{"_mousePosition":[718,434],"_rootPartCFrame":[763.145,224.883,39.57,0.172,0,0.985,0,1,0,-0.985,0,0.172],"_humanoidState":5,"_cameraCFrame":[768.279,241.665,39.192,-0.073,-0.945,0.318,0,0.319,0.948,-0.997,0.069,-0.023],"_shiftlockState":false,"_pose":"FreeFall","_animationQueue":[],"_animationSpeed":1,"_zoom":16.125},{"_mousePosition":[718,434],"_rootPartCFrame":[762.879,225.474,39.587,0.139,0,0.99,0,1,0,-0.99,0,0.139],"_humanoidState":5,"_cameraCFrame":[768.043,242.245,39.207,-0.073,-0.945,0.32,0,0.321,0.947,-0.997,0.069,-0.024],"_shiftlockState":false,"_pose":"FreeFall","_animationQueue":[],"_animationSpeed":1,"_zoom":16.125},{"_mousePosition":[718,434],"_rootPartCFrame":[762.613,226.01,39.606,0.109,0,0.994,0,1,0,-0.994,0,0.109],"_humanoidState":5,"_cameraCFrame":[767.806,242.771,39.224,-0.073,-0.944,0.322,0,0.323,0.946,-0.997,0.069,-0.024],"_shiftlockState":false,"_pose":"FreeFall","_animationQueue":[],"_animationSpeed":1,"_zoom":16.125},{"_mousePosition":[718,434],"_rootPartCFrame":[762.347,226.491,39.626,0.084,0,0.996,0,1,0,-0.996,0,0.084],"_humanoidState":5,"_cameraCFrame":[767.572,243.242,39.268,-0.068,-0.944,0.324,0,0.325,0.946,-0.998,0.065,-0.022],"_shiftlockState":false,"_pose":"FreeFall","_animationQueue":[],"_animationSpeed":1,"_zoom":16.125},{"_mousePosition":[718,434],"_rootPartCFrame":[762.081,226.918,39.645,0.062,0,0.998,0,1,0,-0.998,0,0.062],"_humanoidState":5,"_cameraCFrame":[767.339,243.659,39.339,-0.058,-0.944,0.326,0,0.327,0.945,-0.998,0.055,-0.019],"_shiftlockState":false,"_pose":"FreeFall","_animationQueue":[],"_animationSpeed":1,"_zoom":16.125},{"_mousePosition":[718,434],"_rootPartCFrame":[761.815,227.29,39.664,0.043,0,0.999,0,1,0,-0.999,0,0.043],"_humanoidState":5,"_cameraCFrame":[767.105,244.021,39.396,-0.051,-0.943,0.328,0,0.328,0.945,-0.999,0.048,-0.017],"_shiftlockState":false,"_pose":"FreeFall","_animationQueue":[],"_animationSpeed":1,"_zoom":16.125},{"_mousePosition":[718,434],"_rootPartCFrame":[761.549,227.608,39.68,0.028,0,1,0,1,0,-1,0,0.028],"_humanoidState":5,"_cameraCFrame":[766.9,244.318,39.463,-0.04,-0.942,0.332,0,0.332,0.943,-0.999,0.038,-0.013],"_shiftlockState":false,"_pose":"FreeFall","_animationQueue":[],"_animationSpeed":1,"_zoom":16.125},{"_mousePosition":[718,434],"_rootPartCFrame":[761.283,227.872,39.694,0.017,0,1,0,1,0,-1,0,0.017],"_humanoidState":5,"_cameraCFrame":[766.636,244.581,39.531,-0.03,-0.943,0.332,0,0.332,0.943,-1,0.029,-0.01],"_shiftlockState":false,"_pose":"FreeFall","_animationQueue":[],"_animationSpeed":1,"_zoom":16.125},{"_mousePosition":[718,434],"_rootPartCFrame":[761.016,228.08,39.705,0.008,0,1,0,1,0,-1,0,0.008],"_humanoidState":5,"_cameraCFrame":[766.401,244.78,39.609,-0.018,-0.942,0.334,0,0.334,0.943,-1,0.017,-0.006],"_shiftlockState":false,"_pose":"FreeFall","_animationQueue":[],"_animationSpeed":1,"_zoom":16.125},{"_mousePosition":[718,434],"_rootPartCFrame":[760.75,228.235,39.713,0.002,0,1,0,1,0,-1,0,0.002],"_humanoidState":5,"_cameraCFrame":[766.134,244.934,39.618,-0.018,-0.942,0.334,0,0.334,0.943,-1,0.017,-0.006],"_shiftlockState":false,"_pose":"FreeFall","_animationQueue":[],"_animationSpeed":1,"_zoom":16.125},{"_mousePosition":[718,434],"_rootPartCFrame":[760.55,228.315,39.717,-0.001,0,1,0,1,0,-1,0,-0.001],"_humanoidState":5,"_cameraCFrame":[765.934,245.014,39.622,-0.018,-0.942,0.334,0,0.334,0.943,-1,0.017,-0.006],"_shiftlockState":false,"_pose":"FreeFall","_animationQueue":[],"_animationSpeed":1,"_zoom":16.125},{"_mousePosition":[718,434],"_rootPartCFrame":[760.217,228.38,39.723,-0.004,0,1,0,1,0,-1,0,-0.004],"_humanoidState":5,"_cameraCFrame":[765.601,245.079,39.628,-0.018,-0.942,0.334,0,0.334,0.943,-1,0.017,-0.006],"_shiftlockState":false,"_pose":"FreeFall","_animationQueue":[],"_animationSpeed":1,"_zoom":16.125},{"_mousePosition":[718,434],"_rootPartCFrame":[759.883,228.36,39.729,-0.006,0,1,0,1,0,-1,0,-0.006],"_humanoidState":5,"_cameraCFrame":[765.268,245.059,39.634,-0.018,-0.942,0.334,0,0.334,0.943,-1,0.017,-0.006],"_shiftlockState":false,"_pose":"FreeFall","_animationQueue":[],"_animationSpeed":1,"_zoom":16.125},{"_mousePosition":[718,434],"_rootPartCFrame":[759.683,228.281,39.733,-0.008,0,1,0,1,0,-1,0,-0.008],"_humanoidState":7,"_cameraCFrame":[765.068,244.98,39.637,-0.018,-0.942,0.334,0,0.334,0.943,-1,0.017,-0.006],"_shiftlockState":false,"_pose":"FreeFall","_animationQueue":[["walk",0.1]],"_animationSpeed":1.103,"_zoom":16.125},{"_mousePosition":[718,434],"_rootPartCFrame":[759.417,228.124,39.737,-0.009,0,1,0,1,0,-1,0,-0.009],"_humanoidState":7,"_cameraCFrame":[764.801,244.823,39.642,-0.018,-0.942,0.334,0,0.334,0.943,-1,0.017,-0.006],"_shiftlockState":false,"_pose":"FreeFall","_animationQueue":[["fall",0.3]],"_animationSpeed":1,"_zoom":16.125},{"_mousePosition":[718,434],"_rootPartCFrame":[759.15,227.913,39.742,-0.01,0,1,0,1,0,-1,0,-0.01],"_humanoidState":7,"_cameraCFrame":[764.535,244.612,39.647,-0.018,-0.942,0.334,0,0.334,0.943,-1,0.017,-0.006],"_shiftlockState":false,"_pose":"FreeFall","_animationQueue":[],"_animationSpeed":1,"_zoom":16.125},{"_mousePosition":[718,434],"_rootPartCFrame":[758.884,227.644,39.747,-0.011,0,1,0,1,0,-1,0,-0.011],"_humanoidState":8,"_cameraCFrame":[764.268,244.343,39.651,-0.018,-0.942,0.334,0,0.334,0.943,-1,0.017,-0.006],"_shiftlockState":false,"_pose":"Running","_animationQueue":[["walk",0.1],["fall",0.3],["walk",0.1]],"_animationSpeed":1.103,"_zoom":16.125},{"_mousePosition":[718,434],"_rootPartCFrame":[758.484,227.288,39.754,-0.013,0,1,0,1,0,-1,0,-0.013],"_humanoidState":8,"_cameraCFrame":[763.868,243.987,39.659,-0.018,-0.942,0.334,0,0.334,0.943,-1,0.017,-0.006],"_shiftlockState":false,"_pose":"Running","_animationQueue":[],"_animationSpeed":1.103,"_zoom":16.125},{"_mousePosition":[718,434],"_rootPartCFrame":[758.35,227.306,39.756,-0.013,0,1,0,1,0,-1,0,-0.013],"_humanoidState":8,"_cameraCFrame":[763.735,244.005,39.661,-0.018,-0.942,0.334,0,0.334,0.943,-1,0.017,-0.006],"_shiftlockState":false,"_pose":"Running","_animationQueue":[],"_animationSpeed":1.103,"_zoom":16.125},{"_mousePosition":[718,434],"_rootPartCFrame":[758.084,227.361,39.761,-0.014,0,1,0,1,0,-1,0,-0.014],"_humanoidState":8,"_cameraCFrame":[763.468,244.06,39.679,-0.015,-0.942,0.334,0,0.334,0.943,-1,0.014,-0.005],"_shiftlockState":false,"_pose":"Running","_animationQueue":[],"_animationSpeed":1.103,"_zoom":16.125},{"_mousePosition":[718,434],"_rootPartCFrame":[757.817,227.4,39.766,-0.014,0,1,0,1,0,-1,0,-0.014],"_humanoidState":8,"_cameraCFrame":[763.232,244.089,39.711,-0.01,-0.942,0.336,0,0.336,0.942,-1,0.01,-0.003],"_shiftlockState":false,"_pose":"Running","_animationQueue":[["walk",0.1]],"_animationSpeed":1.103,"_zoom":16.125},{"_mousePosition":[718,434],"_rootPartCFrame":[757.551,227.423,39.77,-0.014,0,1,0,1,0,-1,0,-0.014],"_humanoidState":8,"_cameraCFrame":[762.995,244.101,39.756,-0.003,-0.941,0.338,0,0.338,0.941,-1,0.002,-0.001],"_shiftlockState":false,"_pose":"Running","_animationQueue":[],"_animationSpeed":1.103,"_zoom":16.125},{"_mousePosition":[718,434],"_rootPartCFrame":[757.284,227.435,39.773,-0.014,0,1,0,1,0,-1,0,-0.014],"_humanoidState":8,"_cameraCFrame":[762.728,244.113,39.786,0.003,-0.941,0.338,0,0.338,0.941,-1,-0.002,0.001],"_shiftlockState":false,"_pose":"Running","_animationQueue":[],"_animationSpeed":1.103,"_zoom":16.125},{"_mousePosition":[718,434],"_rootPartCFrame":[757.017,227.442,39.773,-0.012,0,1,0,1,0,-1,0,-0.012],"_humanoidState":8,"_cameraCFrame":[762.462,244.12,39.815,0.008,-0.941,0.338,0,0.338,0.941,-1,-0.007,0.003],"_shiftlockState":false,"_pose":"Running","_animationQueue":[],"_animationSpeed":1.103,"_zoom":16.125},{"_mousePosition":[718,434],"_rootPartCFrame":[756.751,227.446,39.773,-0.01,0,1,0,1,0,-1,0,-0.01],"_humanoidState":8,"_cameraCFrame":[762.195,244.124,39.842,0.013,-0.941,0.338,0,0.338,0.941,-1,-0.012,0.004],"_shiftlockState":false,"_pose":"Running","_animationQueue":[],"_animationSpeed":1.103,"_zoom":16.125},{"_mousePosition":[718,434],"_rootPartCFrame":[756.484,227.447,39.771,-0.008,0,1,0,1,0,-1,0,-0.008],"_humanoidState":8,"_cameraCFrame":[761.928,244.126,39.854,0.015,-0.941,0.338,0,0.338,0.941,-1,-0.014,0.005],"_shiftlockState":false,"_pose":"Running","_animationQueue":[],"_animationSpeed":1.103,"_zoom":16.125},{"_mousePosition":[718,434],"_rootPartCFrame":[756.217,227.449,39.768,-0.005,0,1,0,1,0,-1,0,-0.005],"_humanoidState":8,"_cameraCFrame":[761.661,244.127,39.864,0.018,-0.941,0.338,0,0.338,0.941,-1,-0.017,0.006],"_shiftlockState":false,"_pose":"Running","_animationQueue":[],"_animationSpeed":1.103,"_zoom":16.125},{"_mousePosition":[718,434],"_rootPartCFrame":[755.951,227.449,39.764,-0.003,0,1,0,1,0,-1,0,-0.003],"_humanoidState":8,"_cameraCFrame":[761.394,244.127,39.86,0.018,-0.941,0.338,0,0.338,0.941,-1,-0.017,0.006],"_shiftlockState":false,"_pose":"Running","_animationQueue":[["walk",0.1]],"_animationSpeed":1.103,"_zoom":16.125},{"_mousePosition":[718,434],"_rootPartCFrame":[755.684,227.449,39.759,0,0,1,0,1,0,-1,0,0],"_humanoidState":8,"_cameraCFrame":[761.128,244.127,39.869,0.02,-0.941,0.338,0,0.338,0.941,-1,-0.019,0.007],"_shiftlockState":false,"_pose":"Running","_animationQueue":[],"_animationSpeed":1.103,"_zoom":16.125},{"_mousePosition":[718,434],"_rootPartCFrame":[755.418,227.449,39.754,0.002,0,1,0,1,0,-1,0,0.002],"_humanoidState":8,"_cameraCFrame":[760.861,244.128,39.865,0.02,-0.941,0.338,0,0.338,0.941,-1,-0.019,0.007],"_shiftlockState":false,"_pose":"Running","_animationQueue":[],"_animationSpeed":1.103,"_zoom":16.125},{"_mousePosition":[718,434],"_rootPartCFrame":[755.151,227.45,39.749,0.005,0,1,0,1,0,-1,0,0.005],"_humanoidState":8,"_cameraCFrame":[760.594,244.128,39.859,0.02,-0.941,0.338,0,0.338,0.941,-1,-0.019,0.007],"_shiftlockState":false,"_pose":"Running","_animationQueue":[],"_animationSpeed":1.103,"_zoom":16.125},{"_mousePosition":[718,434],"_rootPartCFrame":[754.884,227.45,39.744,0.007,0,1,0,1,0,-1,0,0.007],"_humanoidState":8,"_cameraCFrame":[760.328,244.128,39.854,0.02,-0.941,0.338,0,0.338,0.941,-1,-0.019,0.007],"_shiftlockState":false,"_pose":"Running","_animationQueue":[],"_animationSpeed":1.103,"_zoom":16.125},{"_mousePosition":[718,434],"_rootPartCFrame":[754.618,227.45,39.738,0.009,0,1,0,1,0,-1,0,0.009],"_humanoidState":8,"_cameraCFrame":[760.061,244.128,39.848,0.02,-0.941,0.338,0,0.338,0.941,-1,-0.019,0.007],"_shiftlockState":false,"_pose":"Running","_animationQueue":[],"_animationSpeed":1.103,"_zoom":16.125},{"_mousePosition":[718,434],"_rootPartCFrame":[754.351,227.416,39.733,0.011,0,1,0,1,0,-1,0,0.011],"_humanoidState":8,"_cameraCFrame":[759.794,244.094,39.857,0.023,-0.941,0.338,0,0.338,0.941,-1,-0.021,0.008],"_shiftlockState":false,"_pose":"Running","_animationQueue":[],"_animationSpeed":1.103,"_zoom":16.125},{"_mousePosition":[718,434],"_rootPartCFrame":[754.085,227.327,39.727,0.012,0,1,0,1,0,-1,0,0.012],"_humanoidState":8,"_cameraCFrame":[759.527,244.005,39.865,0.025,-0.941,0.338,0,0.338,0.941,-1,-0.024,0.009],"_shiftlockState":false,"_pose":"Running","_animationQueue":[["walk",0.1]],"_animationSpeed":1.103,"_zoom":16.125},{"_mousePosition":[718,434],"_rootPartCFrame":[753.818,227.184,39.722,0.014,0,1,0,1,0,-1,0,0.014],"_humanoidState":8,"_cameraCFrame":[759.261,243.862,39.86,0.025,-0.941,0.338,0,0.338,0.941,-1,-0.024,0.009],"_shiftlockState":false,"_pose":"Running","_animationQueue":[],"_animationSpeed":1.103,"_zoom":16.125},{"_mousePosition":[718,434],"_rootPartCFrame":[753.551,226.986,39.717,0.016,0,1,0,1,0,-1,0,0.016],"_humanoidState":8,"_cameraCFrame":[758.964,243.675,39.854,0.025,-0.942,0.336,0,0.336,0.942,-1,-0.024,0.008],"_shiftlockState":false,"_pose":"Running","_animationQueue":[],"_animationSpeed":1.103,"_zoom":16.125},{"_mousePosition":[718,434],"_rootPartCFrame":[753.285,227.849,39.711,0.018,0,1,0,1,0,-1,0,0.018],"_humanoidState":3,"_cameraCFrame":[758.668,244.549,39.847,0.025,-0.942,0.334,0,0.334,0.943,-1,-0.024,0.008],"_shiftlockState":false,"_pose":"Jumping","_animationQueue":[["walk",0.1],["jump",0.1]],"_animationSpeed":1,"_zoom":16.125},{"_mousePosition":[718,434],"_rootPartCFrame":[753.018,228.658,39.705,0.019,0,1,0,1,0,-1,0,0.019],"_humanoidState":5,"_cameraCFrame":[758.402,245.357,39.827,0.023,-0.942,0.334,0,0.334,0.943,-1,-0.021,0.008],"_shiftlockState":false,"_pose":"FreeFall","_animationQueue":[["jump",0.1]],"_animationSpeed":1,"_zoom":16.125},{"_mousePosition":[718,434],"_rootPartCFrame":[752.752,229.412,39.698,0.02,0,1,0,1,0,-1,0,0.02],"_humanoidState":5,"_cameraCFrame":[758.106,246.121,39.793,0.018,-0.943,0.332,0,0.332,0.943,-1,-0.017,0.006],"_shiftlockState":false,"_pose":"FreeFall","_animationQueue":[],"_animationSpeed":1,"_zoom":16.125},{"_mousePosition":[718,434],"_rootPartCFrame":[752.485,230.111,39.692,0.02,0,1,0,1,0,-1,0,0.02],"_humanoidState":5,"_cameraCFrame":[757.84,246.821,39.787,0.018,-0.943,0.332,0,0.332,0.943,-1,-0.017,0.006],"_shiftlockState":false,"_pose":"FreeFall","_animationQueue":[],"_animationSpeed":1,"_zoom":16.125},{"_mousePosition":[718,434],"_rootPartCFrame":[752.218,230.756,39.687,0.02,0,1,0,1,0,-1,0,0.02],"_humanoidState":5,"_cameraCFrame":[757.544,247.476,39.768,0.015,-0.944,0.33,0,0.33,0.944,-1,-0.014,0.005],"_shiftlockState":false,"_pose":"FreeFall","_animationQueue":[],"_animationSpeed":1,"_zoom":16.125},{"_mousePosition":[718,434],"_rootPartCFrame":[751.952,231.346,39.682,0.02,0,1,0,1,0,-1,0,0.02],"_humanoidState":5,"_cameraCFrame":[757.277,248.066,39.763,0.015,-0.944,0.33,0,0.33,0.944,-1,-0.014,0.005],"_shiftlockState":false,"_pose":"FreeFall","_animationQueue":[],"_animationSpeed":1,"_zoom":16.125},{"_mousePosition":[718,434],"_rootPartCFrame":[751.752,231.753,39.679,0.02,0,1,0,1,0,-1,0,0.02],"_humanoidState":5,"_cameraCFrame":[757.077,248.473,39.76,0.015,-0.944,0.33,0,0.33,0.944,-1,-0.014,0.005],"_shiftlockState":false,"_pose":"FreeFall","_animationQueue":[],"_animationSpeed":1,"_zoom":16.125},{"_mousePosition":[718,434],"_rootPartCFrame":[751.419,232.364,39.674,0.019,0,1,0,1,0,-1,0,0.019],"_humanoidState":5,"_cameraCFrame":[756.744,249.084,39.741,0.013,-0.944,0.33,0,0.33,0.944,-1,-0.012,0.004],"_shiftlockState":false,"_pose":"FreeFall","_animationQueue":[],"_animationSpeed":1,"_zoom":16.125},{"_mousePosition":[718,434],"_rootPartCFrame":[751.152,232.791,39.67,0.018,0,1,0,1,0,-1,0,0.018],"_humanoidState":5,"_cameraCFrame":[756.448,249.521,39.723,0.01,-0.944,0.328,0,0.328,0.945,-1,-0.01,0.003],"_shiftlockState":false,"_pose":"FreeFall","_animationQueue":[],"_animationSpeed":1,"_zoom":16.125},{"_mousePosition":[718,434],"_rootPartCFrame":[750.885,233.163,39.666,0.018,0,1,0,1,0,-1,0,0.018],"_humanoidState":5,"_cameraCFrame":[756.182,249.893,39.707,0.008,-0.944,0.328,0,0.328,0.945,-1,-0.007,0.002],"_shiftlockState":false,"_pose":"FreeFall","_animationQueue":[],"_animationSpeed":1,"_zoom":16.125},{"_mousePosition":[718,434],"_rootPartCFrame":[750.619,233.481,39.664,0.017,0,1,0,1,0,-1,0,0.017],"_humanoidState":5,"_cameraCFrame":[755.915,250.211,39.704,0.008,-0.944,0.328,0,0.328,0.945,-1,-0.007,0.002],"_shiftlockState":false,"_pose":"FreeFall","_animationQueue":[],"_animationSpeed":1,"_zoom":16.125},{"_mousePosition":[718,434],"_rootPartCFrame":[750.352,233.744,39.661,0.016,0,1,0,1,0,-1,0,0.016],"_humanoidState":5,"_cameraCFrame":[755.648,250.475,39.702,0.008,-0.944,0.328,0,0.328,0.945,-1,-0.007,0.002],"_shiftlockState":false,"_pose":"FreeFall","_animationQueue":[],"_animationSpeed":1,"_zoom":16.125},{"_mousePosition":[718,434],"_rootPartCFrame":[750.086,233.953,39.659,0.014,0,1,0,1,0,-1,0,0.014],"_humanoidState":5,"_cameraCFrame":[755.382,250.684,39.7,0.008,-0.944,0.328,0,0.328,0.945,-1,-0.007,0.002],"_shiftlockState":false,"_pose":"FreeFall","_animationQueue":[],"_animationSpeed":1,"_zoom":16.125},{"_mousePosition":[718,434],"_rootPartCFrame":[749.819,234.108,39.657,0.014,0,1,0,1,0,-1,0,0.014],"_humanoidState":5,"_cameraCFrame":[755.115,250.838,39.698,0.008,-0.944,0.328,0,0.328,0.945,-1,-0.007,0.002],"_shiftlockState":false,"_pose":"FreeFall","_animationQueue":[],"_animationSpeed":1,"_zoom":16.125},{"_mousePosition":[718,434],"_rootPartCFrame":[749.552,234.207,39.655,0.013,0,1,0,1,0,-1,0,0.013],"_humanoidState":5,"_cameraCFrame":[754.849,250.938,39.696,0.008,-0.944,0.328,0,0.328,0.945,-1,-0.007,0.002],"_shiftlockState":false,"_pose":"FreeFall","_animationQueue":[],"_animationSpeed":1,"_zoom":16.125},{"_mousePosition":[718,434],"_rootPartCFrame":[749.286,234.253,39.653,0.012,0,1,0,1,0,-1,0,0.012],"_humanoidState":5,"_cameraCFrame":[754.582,250.983,39.694,0.008,-0.944,0.328,0,0.328,0.945,-1,-0.007,0.002],"_shiftlockState":false,"_pose":"FreeFall","_animationQueue":[],"_animationSpeed":1,"_zoom":16.125},{"_mousePosition":[718,434],"_rootPartCFrame":[749.019,234.244,39.651,0.011,0,1,0,1,0,-1,0,0.011],"_humanoidState":5,"_cameraCFrame":[754.315,250.974,39.678,0.005,-0.945,0.328,0,0.328,0.945,-1,-0.005,0.002],"_shiftlockState":false,"_pose":"FreeFall","_animationQueue":[["fall",0.3]],"_animationSpeed":1,"_zoom":16.125},{"_mousePosition":[718,434],"_rootPartCFrame":[748.753,234.18,39.649,0.011,0,1,0,1,0,-1,0,0.011],"_humanoidState":5,"_cameraCFrame":[754.019,250.921,39.663,0.003,-0.945,0.327,0,0.327,0.945,-1,-0.002,0.001],"_shiftlockState":false,"_pose":"FreeFall","_animationQueue":[],"_animationSpeed":1,"_zoom":16.125},{"_mousePosition":[718,434],"_rootPartCFrame":[748.486,234.062,39.648,0.01,0,1,0,1,0,-1,0,0.01],"_humanoidState":5,"_cameraCFrame":[753.753,250.803,39.661,0.003,-0.945,0.327,0,0.327,0.945,-1,-0.002,0.001],"_shiftlockState":false,"_pose":"FreeFall","_animationQueue":[],"_animationSpeed":1,"_zoom":16.125},{"_mousePosition":[718,434],"_rootPartCFrame":[748.219,233.889,39.647,0.009,0,1,0,1,0,-1,0,0.009],"_humanoidState":5,"_cameraCFrame":[753.486,250.63,39.634,-0.003,-0.945,0.327,0,0.327,0.945,-1,0.002,-0.001],"_shiftlockState":false,"_pose":"FreeFall","_animationQueue":[],"_animationSpeed":1,"_zoom":16.125},{"_mousePosition":[718,434],"_rootPartCFrame":[747.953,233.662,39.646,0.008,0,1,0,1,0,-1,0,0.008],"_humanoidState":5,"_cameraCFrame":[753.219,250.403,39.62,-0.005,-0.945,0.327,0,0.327,0.945,-1,0.005,-0.002],"_shiftlockState":false,"_pose":"FreeFall","_animationQueue":[],"_animationSpeed":1,"_zoom":16.125},{"_mousePosition":[718,434],"_rootPartCFrame":[747.686,233.381,39.647,0.007,0,1,0,1,0,-1,0,0.007],"_humanoidState":5,"_cameraCFrame":[752.953,250.121,39.62,-0.005,-0.945,0.327,0,0.327,0.945,-1,0.005,-0.002],"_shiftlockState":false,"_pose":"FreeFall","_animationQueue":[],"_animationSpeed":1,"_zoom":16.125},{"_mousePosition":[718,434],"_rootPartCFrame":[747.419,233.045,39.648,0.005,0,1,0,1,0,-1,0,0.005],"_humanoidState":5,"_cameraCFrame":[752.656,249.796,39.608,-0.008,-0.946,0.325,0,0.325,0.946,-1,0.007,-0.002],"_shiftlockState":false,"_pose":"FreeFall","_animationQueue":[["fall",0.3]],"_animationSpeed":1,"_zoom":16.125},{"_mousePosition":[718,434],"_rootPartCFrame":[747.153,232.654,39.649,0.004,0,1,0,1,0,-1,0,0.004],"_humanoidState":5,"_cameraCFrame":[752.39,249.405,39.596,-0.01,-0.946,0.325,0,0.325,0.946,-1,0.01,-0.003],"_shiftlockState":false,"_pose":"FreeFall","_animationQueue":[],"_animationSpeed":1,"_zoom":16.125},{"_mousePosition":[718,434],"_rootPartCFrame":[746.886,232.209,39.651,0.003,0,1,0,1,0,-1,0,0.003],"_humanoidState":5,"_cameraCFrame":[752.123,248.96,39.598,-0.01,-0.946,0.325,0,0.325,0.946,-1,0.01,-0.003],"_shiftlockState":false,"_pose":"FreeFall","_animationQueue":[],"_animationSpeed":1,"_zoom":16.125},{"_mousePosition":[718,434],"_rootPartCFrame":[746.62,231.709,39.654,0.001,0,1,0,1,0,-1,0,0.001],"_humanoidState":5,"_cameraCFrame":[751.856,248.46,39.588,-0.013,-0.946,0.325,0,0.325,0.946,-1,0.012,-0.004],"_shiftlockState":false,"_pose":"FreeFall","_animationQueue":[],"_animationSpeed":1,"_zoom":16.125},{"_mousePosition":[718,434],"_rootPartCFrame":[746.353,231.155,39.657,-0.001,0,1,0,1,0,-1,0,-0.001],"_humanoidState":5,"_cameraCFrame":[751.589,247.906,39.577,-0.015,-0.946,0.325,0,0.325,0.946,-1,0.014,-0.005],"_shiftlockState":false,"_pose":"FreeFall","_animationQueue":[],"_animationSpeed":1,"_zoom":16.125},{"_mousePosition":[718,434],"_rootPartCFrame":[746.086,230.547,39.66,-0.002,0,1,0,1,0,-1,0,-0.002],"_humanoidState":5,"_cameraCFrame":[751.323,247.297,39.567,-0.018,-0.946,0.325,0,0.325,0.946,-1,0.017,-0.006],"_shiftlockState":false,"_pose":"FreeFall","_animationQueue":[],"_animationSpeed":1,"_zoom":16.125},{"_mousePosition":[718,434],"_rootPartCFrame":[745.82,229.883,39.664,-0.004,0,1,0,1,0,-1,0,-0.004],"_humanoidState":5,"_cameraCFrame":[751.055,246.634,39.545,-0.023,-0.946,0.325,0,0.325,0.946,-1,0.022,-0.007],"_shiftlockState":false,"_pose":"FreeFall","_animationQueue":[["fall",0.3]],"_animationSpeed":1,"_zoom":16.125},{"_mousePosition":[718,434],"_rootPartCFrame":[745.553,229.166,39.668,-0.006,0,1,0,1,0,-1,0,-0.006],"_humanoidState":5,"_cameraCFrame":[750.788,245.917,39.509,-0.03,-0.945,0.325,0,0.325,0.946,-1,0.029,-0.01],"_shiftlockState":false,"_pose":"FreeFall","_animationQueue":[],"_animationSpeed":1,"_zoom":16.125},{"_mousePosition":[718,434],"_rootPartCFrame":[745.287,228.394,39.674,-0.008,0,1,0,1,0,-1,0,-0.008],"_humanoidState":5,"_cameraCFrame":[750.52,245.145,39.476,-0.038,-0.945,0.325,0,0.325,0.946,-0.999,0.036,-0.012],"_shiftlockState":false,"_pose":"FreeFall","_animationQueue":[],"_animationSpeed":1,"_zoom":16.125},{"_mousePosition":[718,434],"_rootPartCFrame":[745.02,227.567,39.682,-0.011,0,1,0,1,0,-1,0,-0.011],"_humanoidState":7,"_cameraCFrame":[750.252,244.318,39.444,-0.046,-0.945,0.324,0,0.325,0.946,-0.999,0.043,-0.015],"_shiftlockState":false,"_pose":"FreeFall","_animationQueue":[["walk",0.1],["fall",0.3],["fall",0.3]],"_animationSpeed":1,"_zoom":16.125},{"_mousePosition":[718,434],"_rootPartCFrame":[744.754,227.178,39.692,-0.014,0,1,0,1,0,-1,0,-0.014],"_humanoidState":7,"_cameraCFrame":[749.955,243.939,39.442