[{"_mousePosition":[442,290],"_rootPartCFrame":[776.031,222.7,47.142,-0.001,0,1,0,1,0,-1,0,-0.001],"_humanoidState":8,"_cameraCFrame":[781.754,226.992,49.823,0.424,-0.366,0.828,0,0.915,0.404,-0.906,-0.171,0.388],"_shiftlockState":false,"_pose":"Standing","_animationQueue":[],"_animationSpeed":1,"_zoom":16.125},{"_mousePosition":[442,290],"_rootPartCFrame":[775.876,222.7,47.069,0.043,0,0.999,0,1,0,-0.999,0,0.043],"_humanoidState":8,"_cameraCFrame":[781.598,226.992,49.751,0.424,-0.366,0.828,0,0.915,0.404,-0.906,-0.171,0.388],"_shiftlockState":false,"_pose":"Standing","_animationQueue":[],"_animationSpeed":1,"_zoom":16.125},{"_mousePosition":[442,290],"_rootPartCFrame":[775.636,222.7,46.957,0.095,0,0.995,0,1,0,-0.995,0,0.095],"_humanoidState":8,"_cameraCFrame":[781.358,226.992,49.638,0.424,-0.366,0.828,0,0.915,0.404,-0.906,-0.171,0.388],"_shiftlockState":false,"_pose":"Running","_animationQueue":[["walk",0.1]],"_animationSpeed":1.003,"_zoom":16.125},{"_mousePosition":[442,290],"_rootPartCFrame":[775.395,222.7,46.844,0.141,0,0.99,0,1,0,-0.99,0,0.141],"_humanoidState":8,"_cameraCFrame":[781.117,226.992,49.525,0.424,-0.366,0.828,0,0.915,0.404,-0.906,-0.171,0.388],"_shiftlockState":false,"_pose":"Running","_animationQueue":[["walk",0.1],["walk",0.1]],"_animationSpeed":1.101,"_zoom":16.125},{"_mousePosition":[442,290],"_rootPartCFrame":[775.153,222.7,46.731,0.181,0,0.983,0,1,0,-0.983,0,0.181],"_humanoidState":8,"_cameraCFrame":[780.875,226.992,49.412,0.424,-0.366,0.828,0,0.915,0.404,-0.906,-0.171,0.388],"_shiftlockState":false,"_pose":"Running","_animationQueue":[],"_animationSpeed":1.101,"_zoom":16.125},{"_mousePosition":[442,290],"_rootPartCFrame":[774.912,222.7,46.618,0.215,0,0.977,0,1,0,-0.977,0,0.215],"_humanoidState":8,"_cameraCFrame":[780.634,226.992,49.299,0.424,-0.366,0.828,0,0.915,0.404,-0.906,-0.171,0.388],"_shiftlockState":false,"_pose":"Running","_animationQueue":[],"_animationSpeed":1.101,"_zoom":16.125},{"_mousePosition":[442,290],"_rootPartCFrame":[774.67,222.7,46.505,0.244,0,0.97,0,1,0,-0.97,0,0.244],"_humanoidState":8,"_cameraCFrame":[780.388,227.004,49.183,0.424,-0.368,0.828,0,0.914,0.406,-0.906,-0.172,0.388],"_shiftlockState":false,"_pose":"Running","_animationQueue":[],"_animationSpeed":1.101,"_zoom":16.125},{"_mousePosition":[442,290],"_rootPartCFrame":[774.429,222.7,46.392,0.269,0,0.963,0,1,0,-0.963,0,0.269],"_humanoidState":8,"_cameraCFrame":[780.146,227.004,49.07,0.424,-0.368,0.828,0,0.914,0.406,-0.906,-0.172,0.388],"_shiftlockState":false,"_pose":"Running","_animationQueue":[],"_animationSpeed":1.101,"_zoom":16.125},{"_mousePosition":[442,290],"_rootPartCFrame":[774.187,222.7,46.278,0.291,0,0.957,0,1,0,-0.957,0,0.291],"_humanoidState":8,"_cameraCFrame":[779.905,227.004,48.957,0.424,-0.368,0.828,0,0.914,0.406,-0.906,-0.172,0.388],"_shiftlockState":false,"_pose":"Running","_animationQueue":[],"_animationSpeed":1.101,"_zoom":16.125},{"_mousePosition":[442,290],"_rootPartCFrame":[773.946,222.7,46.165,0.309,0,0.951,0,1,0,-0.951,0,0.309],"_humanoidState":8,"_cameraCFrame":[779.64,227.029,48.868,0.429,-0.37,0.824,0,0.912,0.41,-0.903,-0.176,0.391],"_shiftlockState":false,"_pose":"Running","_animationQueue":[],"_animationSpeed":1.101,"_zoom":16.125},{"_mousePosition":[442,290],"_rootPartCFrame":[773.704,222.7,46.052,0.325,0,0.946,0,1,0,-0.946,0,0.325],"_humanoidState":8,"_cameraCFrame":[779.373,227.041,48.796,0.436,-0.37,0.82,0,0.911,0.411,-0.9,-0.179,0.397],"_shiftlockState":false,"_pose":"Running","_animationQueue":[["walk",0.1]],"_animationSpeed":1.101,"_zoom":16.125},{"_mousePosition":[442,290],"_rootPartCFrame":[773.463,222.7,45.938,0.339,0,0.941,0,1,0,-0.941,0,0.339],"_humanoidState":8,"_cameraCFrame":[779.087,227.066,48.748,0.447,-0.371,0.814,0,0.91,0.415,-0.895,-0.185,0.407],"_shiftlockState":false,"_pose":"Running","_animationQueue":[],"_animationSpeed":1.101,"_zoom":16.125},{"_mousePosition":[442,290],"_rootPartCFrame":[773.223,222.7,45.822,0.353,0,0.936,0,1,0,-0.936,0,0.353],"_humanoidState":8,"_cameraCFrame":[778.8,227.09,48.698,0.458,-0.372,0.807,0,0.908,0.418,-0.889,-0.192,0.416],"_shiftlockState":false,"_pose":"Running","_animationQueue":[],"_animationSpeed":1.101,"_zoom":16.125},{"_mousePosition":[442,290],"_rootPartCFrame":[772.985,222.7,45.703,0.365,0,0.931,0,1,0,-0.931,0,0.365],"_humanoidState":8,"_cameraCFrame":[778.402,227.051,48.566,0.467,-0.373,0.802,0,0.907,0.422,-0.884,-0.197,0.424],"_shiftlockState":false,"_pose":"Running","_animationQueue":[],"_animationSpeed":1.101,"_zoom":16.125},{"_mousePosition":[442,290],"_rootPartCFrame":[772.748,222.7,45.581,0.378,0,0.926,0,1,0,-0.926,0,0.378],"_humanoidState":8,"_cameraCFrame":[777.898,226.957,48.387,0.478,-0.374,0.795,0,0.905,0.425,-0.878,-0.204,0.433],"_shiftlockState":false,"_pose":"Running","_animationQueue":[],"_animationSpeed":1.101,"_zoom":16.125},{"_mousePosition":[442,290],"_rootPartCFrame":[772.512,222.7,45.456,0.39,0,0.921,0,1,0,-0.921,0,0.39],"_humanoidState":8,"_cameraCFrame":[777.303,226.785,48.099,0.483,-0.374,0.792,0,0.904,0.427,-0.876,-0.206,0.437],"_shiftlockState":false,"_pose":"Running","_animationQueue":[],"_animationSpeed":1.101,"_zoom":16.125},{"_mousePosition":[442,290],"_rootPartCFrame":[772.277,222.7,45.329,0.402,0,0.916,0,1,0,-0.916,0,0.402],"_humanoidState":8,"_cameraCFrame":[776.547,226.513,47.726,0.49,-0.373,0.788,0,0.904,0.427,-0.872,-0.209,0.443],"_shiftlockState":false,"_pose":"Running","_animationQueue":[["walk",0.1]],"_animationSpeed":1.101,"_zoom":16.125},{"_mousePosition":[442,290],"_rootPartCFrame":[772.044,222.7,45.2,0.413,0,0.911,0,1,0,-0.911,0,0.413],"_humanoidState":8,"_cameraCFrame":[775.86,226.268,47.343,0.49,-0.373,0.788,0,0.904,0.427,-0.872,-0.209,0.443],"_shiftlockState":false,"_pose":"Running","_animationQueue":[],"_animationSpeed":1.101,"_zoom":16.125},{"_mousePosition":[444,290],"_rootPartCFrame":[771.811,222.7,45.07,0.424,0,0.906,0,1,0,-0.906,0,0.424],"_humanoidState":8,"_cameraCFrame":[775.078,225.97,46.904,0.49,-0.373,0.788,0,0.904,0.427,-0.872,-0.209,0.443],"_shiftlockState":false,"_pose":"Running","_animationQueue":[],"_animationSpeed":1.101,"_zoom":16.125},{"_mousePosition":[444,290],"_rootPartCFrame":[771.579,222.7,44.94,0.433,0,0.902,0,1,0,-0.902,0,0.433],"_humanoidState":8,"_cameraCFrame":[774.387,225.721,46.516,0.49,-0.373,0.788,0,0.904,0.427,-0.872,-0.209,0.443],"_shiftlockState":false,"_pose":"Running","_animationQueue":[],"_animationSpeed":1.101,"_zoom":16.125},{"_mousePosition":[444,290],"_rootPartCFrame":[771.346,222.7,44.809,0.441,0,0.898,0,1,0,-0.898,0,0.441],"_humanoidState":8,"_cameraCFrame":[773.671,225.46,46.114,0.49,-0.373,0.788,0,0.904,0.427,-0.872,-0.209,0.443],"_shiftlockState":false,"_pose":"Running","_animationQueue":[],"_animationSpeed":1.101,"_zoom":16.125},{"_mousePosition":[683,384],"_rootPartCFrame":[771.056,222.7,44.646,0.492,0,0.871,0,1,0,-0.871,0,0.492],"_humanoidState":8,"_cameraCFrame":[772.94,225.221,45.704,0.49,-0.373,0.788,0,0.904,0.427,-0.872,-0.209,0.443],"_shiftlockState":false,"_pose":"Running","_animationQueue":[],"_animationSpeed":1.101,"_zoom":16.125},{"_mousePosition":[683,384],"_rootPartCFrame":[770.823,222.7,44.515,0.49,0,0.872,0,1,0,-0.872,0,0.49],"_humanoidState":8,"_cameraCFrame":[772.311,225.006,45.35,0.49,-0.373,0.788,0,0.904,0.427,-0.872,-0.209,0.443],"_shiftlockState":false,"_pose":"Running","_animationQueue":[],"_animationSpeed":1.101,"_zoom":16.125},{"_mousePosition":[683,384],"_rootPartCFrame":[770.649,222.7,44.417,0.49,0,0.872,0,1,0,-0.872,0,0.49],"_humanoidState":8,"_cameraCFrame":[771.842,224.846,45.087,0.49,-0.373,0.788,0,0.904,0.427,-0.872,-0.209,0.443],"_shiftlockState":false,"_pose":"Running","_animationQueue":[["walk",0.1]],"_animationSpeed":1.101,"_zoom":16.125},{"_mousePosition":[683,384],"_rootPartCFrame":[770.416,222.7,44.287,0.49,0,0.872,0,1,0,-0.872,0,0.49],"_humanoidState":8,"_cameraCFrame":[771.372,224.718,44.823,0.49,-0.373,0.788,0,0.904,0.427,-0.872,-0.209,0.443],"_shiftlockState":false,"_pose":"Running","_animationQueue":[],"_animationSpeed":1.101,"_zoom":16.125},{"_mousePosition":[683,384],"_rootPartCFrame":[770.126,222.7,44.124,0.49,0,0.872,0,1,0,-0.872,0,0.49],"_humanoidState":8,"_cameraCFrame":[770.909,224.624,44.563,0.49,-0.373,0.788,0,0.904,0.427,-0.872,-0.209,0.443],"_shiftlockState":false,"_pose":"Running","_animationQueue":[],"_animationSpeed":1.101,"_zoom":16.125},{"_mousePosition":[683,384],"_rootPartCFrame":[769.893,222.7,43.993,0.49,0,0.872,0,1,0,-0.872,0,0.49],"_humanoidState":8,"_cameraCFrame":[770.56,224.561,44.367,0.49,-0.373,0.788,0,0.904,0.427,-0.872,-0.209,0.443],"_shiftlockState":false,"_pose":"Running","_animationQueue":[],"_animationSpeed":1.101,"_zoom":16.125},{"_mousePosition":[683,384],"_rootPartCFrame":[769.719,222.7,43.895,0.49,0,0.872,0,1,0,-0.872,0,0.49],"_humanoidState":8,"_cameraCFrame":[770.299,224.514,44.22,0.49,-0.373,0.788,0,0.904,0.427,-0.872,-0.209,0.443],"_shiftlockState":false,"_pose":"Running","_animationQueue":[],"_animationSpeed":1.101,"_zoom":16.125},{"_mousePosition":[683,384],"_rootPartCFrame":[769.429,222.7,43.732,0.49,0,0.872,0,1,0,-0.872,0,0.49],"_humanoidState":8,"_cameraCFrame":[769.95,224.482,44.025,0.49,-0.373,0.788,0,0.904,0.427,-0.872,-0.209,0.443],"_shiftlockState":false,"_pose":"Running","_animationQueue":[],"_animationSpeed":1.101,"_zoom":16.125},{"_mousePosition":[683,384],"_rootPartCFrame":[769.254,222.7,43.634,0.49,0,0.872,0,1,0,-0.872,0,0.49],"_humanoidState":8,"_cameraCFrame":[769.734,224.459,43.903,0.49,-0.373,0.788,0,0.904,0.427,-0.872,-0.209,0.443],"_shiftlockState":false,"_pose":"Running","_animationQueue":[],"_animationSpeed":1.101,"_zoom":16.125},{"_mousePosition":[683,384],"_rootPartCFrame":[768.964,222.7,43.471,0.49,0,0.872,0,1,0,-0.872,0,0.49],"_humanoidState":8,"_cameraCFrame":[769.413,224.443,43.723,0.49,-0.373,0.788,0,0.904,0.427,-0.872,-0.209,0.443],"_shiftlockState":false,"_pose":"Running","_animationQueue":[["walk",0.1]],"_animationSpeed":1.101,"_zoom":16.125},{"_mousePosition":[683,384],"_rootPartCFrame":[768.731,222.7,43.34,0.49,0,0.872,0,1,0,-0.872,0,0.49],"_humanoidState":8,"_cameraCFrame":[769.163,224.434,43.583,0.49,-0.373,0.788,0,0.904,0.427,-0.872,-0.209,0.443],"_shiftlockState":false,"_pose":"Running","_animationQueue":[],"_animationSpeed":1.101,"_zoom":16.125},{"_mousePosition":[683,384],"_rootPartCFrame":[768.499,222.7,43.21,0.49,0,0.872,0,1,0,-0.872,0,0.49],"_humanoidState":8,"_cameraCFrame":[768.918,224.427,43.445,0.49,-0.373,0.788,0,0.904,0.427,-0.872,-0.209,0.443],"_shiftlockState":false,"_pose":"Running","_animationQueue":[],"_animationSpeed":1.101,"_zoom":16.125},{"_mousePosition":[683,384],"_rootPartCFrame":[768.208,222.7,43.047,0.49,0,0.872,0,1,0,-0.872,0,0.49],"_humanoidState":8,"_cameraCFrame":[768.619,224.422,43.277,0.49,-0.373,0.788,0,0.904,0.427,-0.872,-0.209,0.443],"_shiftlockState":false,"_pose":"Running","_animationQueue":[],"_animationSpeed":1.101,"_zoom":16.125},{"_mousePosition":[683,384],"_rootPartCFrame":[768.034,222.7,42.949,0.49,0,0.872,0,1,0,-0.872,0,0.49],"_humanoidState":8,"_cameraCFrame":[768.439,224.419,43.176,0.49,-0.373,0.788,0,0.904,0.427,-0.872,-0.209,0.443],"_shiftlockState":false,"_pose":"Running","_animationQueue":[],"_animationSpeed":1.101,"_zoom":16.125},{"_mousePosition":[683,384],"_rootPartCFrame":[767.86,222.7,42.851,0.49,0,0.872,0,1,0,-0.872,0,0.49],"_humanoidState":8,"_cameraCFrame":[768.261,224.417,43.076,0.49,-0.373,0.788,0,0.904,0.427,-0.872,-0.209,0.443],"_shiftlockState":false,"_pose":"Running","_animationQueue":[],"_animationSpeed":1.101,"_zoom":16.125},{"_mousePosition":[683,384],"_rootPartCFrame":[767.569,222.7,42.688,0.49,0,0.872,0,1,0,-0.872,0,0.49],"_humanoidState":8,"_cameraCFrame":[767.968,224.416,42.912,0.49,-0.373,0.788,0,0.904,0.427,-0.872,-0.209,0.443],"_shiftlockState":false,"_pose":"Running","_animationQueue":[["walk",0.1]],"_animationSpeed":1.101,"_zoom":16.125},{"_mousePosition":[683,384],"_rootPartCFrame":[767.337,222.7,42.557,0.49,0,0.872,0,1,0,-0.872,0,0.49],"_humanoidState":8,"_cameraCFrame":[767.733,224.415,42.781,0.492,-0.372,0.787,0,0.904,0.427,-0.871,-0.21,0.445],"_shiftlockState":false,"_pose":"Running","_animationQueue":[],"_animationSpeed":1.101,"_zoom":16.125},{"_mousePosition":[683,384],"_rootPartCFrame":[767.104,222.7,42.427,0.492,0,0.871,0,1,0,-0.871,0,0.492],"_humanoidState":8,"_cameraCFrame":[767.5,224.414,42.649,0.49,-0.373,0.788,0,0.904,0.427,-0.872,-0.209,0.443],"_shiftlockState":false,"_pose":"Running","_animationQueue":[],"_animationSpeed":1.101,"_zoom":16.125},{"_mousePosition":[683,384],"_rootPartCFrame":[766.872,222.7,42.296,0.49,0,0.872,0,1,0,-0.872,0,0.49],"_humanoidState":8,"_cameraCFrame":[767.271,224.412,42.513,0.478,-0.372,0.795,0,0.906,0.424,-0.878,-0.203,0.433],"_shiftlockState":false,"_pose":"Running","_animationQueue":[],"_animationSpeed":1.101,"_zoom":16.125},{"_mousePosition":[683,384],"_rootPartCFrame":[766.639,222.7,42.165,0.478,0,0.878,0,1,0,-0.878,0,0.478],"_humanoidState":8,"_cameraCFrame":[767.044,224.41,42.372,0.456,-0.374,0.808,0,0.907,0.42,-0.89,-0.192,0.414],"_shiftlockState":false,"_pose":"Running","_animationQueue":[],"_animationSpeed":1.101,"_zoom":16.125},{"_mousePosition":[683,384],"_rootPartCFrame":[766.405,222.7,42.037,0.456,0,0.89,0,1,0,-0.89,0,0.456],"_humanoidState":8,"_cameraCFrame":[766.818,224.409,42.229,0.422,-0.379,0.823,0,0.908,0.418,-0.907,-0.177,0.383],"_shiftlockState":false,"_pose":"Running","_animationQueue":[],"_animationSpeed":1.101,"_zoom":16.125},{"_mousePosition":[683,384],"_rootPartCFrame":[766.168,222.7,41.915,0.422,0,0.907,0,1,0,-0.907,0,0.422],"_humanoidState":8,"_cameraCFrame":[766.589,224.409,42.086,0.376,-0.388,0.842,0,0.908,0.418,-0.927,-0.157,0.341],"_shiftlockState":false,"_pose":"Running","_animationQueue":[["walk",0.1]],"_animationSpeed":1.101,"_zoom":16.125},{"_mousePosition":[683,384],"_rootPartCFrame":[765.927,222.7,41.802,0.376,0,0.927,0,1,0,-0.927,0,0.376],"_humanoidState":8,"_cameraCFrame":[766.357,224.408,41.949,0.323,-0.394,0.86,0,0.909,0.417,-0.946,-0.135,0.294],"_shiftlockState":false,"_pose":"Running","_animationQueue":[],"_animationSpeed":1.101,"_zoom":16.125},{"_mousePosition":[683,384],"_rootPartCFrame":[765.68,222.7,41.701,0.323,0,0.946,0,1,0,-0.946,0,0.323],"_humanoidState":8,"_cameraCFrame":[766.119,224.406,41.821,0.265,-0.398,0.878,0,0.911,0.413,-0.964,-0.11,0.242],"_shiftlockState":false,"_pose":"Running","_animationQueue":[],"_animationSpeed":1.101,"_zoom":16.125},{"_mousePosition":[683,384],"_rootPartCFrame":[765.428,222.7,41.613,0.265,0,0.964,0,1,0,-0.964,0,0.265],"_humanoidState":8,"_cameraCFrame":[765.876,224.405,41.698,0.187,-0.404,0.896,0,0.911,0.411,-0.982,-0.077,0.17],"_shiftlockState":false,"_pose":"Running","_animationQueue":[],"_animationSpeed":1.101,"_zoom":16.125},{"_mousePosition":[683,384],"_rootPartCFrame":[765.172,222.7,41.541,0.187,0,0.982,0,1,0,-0.982,0,0.187],"_humanoidState":8,"_cameraCFrame":[765.623,224.404,41.606,0.142,-0.405,0.903,0,0.912,0.41,-0.99,-0.058,0.129],"_shiftlockState":false,"_pose":"Running","_animationQueue":[],"_animationSpeed":1.101,"_zoom":16.125},{"_mousePosition":[683,384],"_rootPartCFrame":[764.91,222.7,41.49,0.142,0,0.99,0,1,0,-0.99,0,0.142],"_humanoidState":8,"_cameraCFrame":[765.364,224.404,41.536,0.101,-0.406,0.908,0,0.913,0.408,-0.995,-0.041,0.093],"_shiftlockState":false,"_pose":"Running","_animationQueue":[],"_animationSpeed":1.101,"_zoom":16.125},{"_mousePosition":[683,384],"_rootPartCFrame":[764.646,222.7,41.451,0.101,0,0.995,0,1,0,-0.995,0,0.101],"_humanoidState":8,"_cameraCFrame":[765.102,224.403,41.481,0.066,-0.405,0.912,0,0.914,0.406,-0.998,-0.027,0.06],"_shiftlockState":false,"_pose":"Running","_animationQueue":[],"_animationSpeed":1.101,"_zoom":16.125},{"_mousePosition":[683,384],"_rootPartCFrame":[764.315,222.7,41.416,0.066,0,0.998,0,1,0,-0.998,0,0.066],"_humanoidState":8,"_cameraCFrame":[764.772,224.402,41.431,0.033,-0.404,0.914,0,0.915,0.404,-0.999,-0.013,0.03],"_shiftlockState":false,"_pose":"Running","_animationQueue":[["walk",0.1]],"_animationSpeed":1.101,"_zoom":16.125},{"_mousePosition":[683,384],"_rootPartCFrame":[764.049,222.7,41.397,0.033,0,0.999,0,1,0,-0.999,0,0.033],"_humanoidState":8,"_cameraCFrame":[764.506,224.402,41.399,0.005,-0.404,0.915,0,0.915,0.404,-1,-0.002,0.005],"_shiftlockState":false,"_pose":"Running","_animationQueue":[],"_animationSpeed":1.101,"_zoom":16.125},{"_mousePosition":[683,384],"_rootPartCFrame":[763.849,222.7,41.389,0.005,0,1,0,1,0,-1,0,0.005],"_humanoidState":8,"_cameraCFrame":[764.306,224.402,41.383,-0.012,-0.404,0.915,0,0.915,0.404,-1,0.005,-0.011],"_shiftlockState":false,"_pose":"Running","_animationQueue":[],"_animationSpeed":1.101,"_zoom":16.125},{"_mousePosition":[683,384],"_rootPartCFrame":[763.516,222.7,41.386,-0.012,0,1,0,1,0,-1,0,-0.012],"_humanoidState":8,"_cameraCFrame":[763.973,224.402,41.378,-0.017,-0.404,0.915,0,0.915,0.404,-1,0.007,-0.016],"_shiftlockState":false,"_pose":"Running","_animationQueue":[],"_animationSpeed":1.101,"_zoom":16.125},{"_mousePosition":[683,384],"_rootPartCFrame":[763.316,222.7,41.387,-0.017,0,1,0,1,0,-1,0,-0.017],"_humanoidState":8,"_cameraCFrame":[763.773,224.402,41.379,-0.017,-0.404,0.915,0,0.915,0.404,-1,0.007,-0.016],"_shiftlockState":false,"_pose":"Running","_animationQueue":[],"_animationSpeed":1.101,"_zoom":16.125},{"_mousePosition":[683,384],"_rootPartCFrame":[762.982,222.7,41.393,-0.017,0,1,0,1,0,-1,0,-0.017],"_humanoidState":8,"_cameraCFrame":[763.44,224.402,41.385,-0.017,-0.404,0.915,0,0.915,0.404,-1,0.007,-0.016],"_shiftlockState":false,"_pose":"Running","_animationQueue":[],"_animationSpeed":1.101,"_zoom":16.125},{"_mousePosition":[683,384],"_rootPartCFrame":[762.782,222.7,41.396,-0.017,0,1,0,1,0,-1,0,-0.017],"_humanoidState":8,"_cameraCFrame":[763.24,224.402,41.389,-0.017,-0.404,0.915,0,0.915,0.404,-1,0.007,-0.016],"_shiftlockState":false,"_pose":"Running","_animationQueue":[],"_animationSpeed":1.101,"_zoom":16.125},{"_mousePosition":[683,384],"_rootPartCFrame":[762.516,222.7,41.401,-0.017,0,1,0,1,0,-1,0,-0.017],"_humanoidState":8,"_cameraCFrame":[762.973,224.402,41.393,-0.017,-0.404,0.915,0,0.915,0.404,-1,0.007,-0.016],"_shiftlockState":false,"_pose":"Running","_animationQueue":[["walk",0.1]],"_animationSpeed":1.101,"_zoom":16.125},{"_mousePosition":[683,384],"_rootPartCFrame":[762.249,222.7,41.406,-0.017,0,1,0,1,0,-1,0,-0.017],"_humanoidState":8,"_cameraCFrame":[762.707,224.402,41.398,-0.017,-0.404,0.915,0,0.915,0.404,-1,0.007,-0.016],"_shiftlockState":false,"_pose":"Running","_animationQueue":[],"_animationSpeed":1.101,"_zoom":16.125},{"_mousePosition":[683,384],"_rootPartCFrame":[761.983,222.7,41.41,-0.017,0,1,0,1,0,-1,0,-0.017],"_humanoidState":8,"_cameraCFrame":[762.44,224.402,41.402,-0.017,-0.404,0.915,0,0.915,0.404,-1,0.007,-0.016],"_shiftlockState":false,"_pose":"Running","_animationQueue":[],"_animationSpeed":1.101,"_zoom":16.125},{"_mousePosition":[683,384],"_rootPartCFrame":[761.716,222.7,41.415,-0.017,0,1,0,1,0,-1,0,-0.017],"_humanoidState":8,"_cameraCFrame":[762.173,224.402,41.407,-0.017,-0.404,0.915,0,0.915,0.404,-1,0.007,-0.016],"_shiftlockState":false,"_pose":"Running","_animationQueue":[],"_animationSpeed":1.101,"_zoom":16.125},{"_mousePosition":[683,384],"_rootPartCFrame":[761.449,222.7,41.42,-0.017,0,1,0,1,0,-1,0,-0.017],"_humanoidState":8,"_cameraCFrame":[761.907,224.402,41.412,-0.017,-0.404,0.915,0,0.915,0.404,-1,0.007,-0.016],"_shiftlockState":false,"_pose":"Running","_animationQueue":[],"_animationSpeed":1.101,"_zoom":16.125},{"_mousePosition":[683,384],"_rootPartCFrame":[761.183,222.7,41.424,-0.017,0,1,0,1,0,-1,0,-0.017],"_humanoidState":8,"_cameraCFrame":[761.64,224.402,41.416,-0.017,-0.404,0.915,0,0.915,0.404,-1,0.007,-0.016],"_shiftlockState":false,"_pose":"Running","_animationQueue":[],"_animationSpeed":1.101,"_zoom":16.125},{"_mousePosition":[683,384],"_rootPartCFrame":[760.916,222.7,41.429,-0.017,0,1,0,1,0,-1,0,-0.017],"_humanoidState":8,"_cameraCFrame":[761.374,224.402,41.421,-0.017,-0.404,0.915,0,0.915,0.404,-1,0.007,-0.016],"_shiftlockState":false,"_pose":"Running","_animationQueue":[],"_animationSpeed":1.101,"_zoom":16.125},{"_mousePosition":[683,384],"_rootPartCFrame":[760.65,222.7,41.434,-0.017,0,1,0,1,0,-1,0,-0.017],"_humanoidState":8,"_cameraCFrame":[761.107,224.402,41.426,-0.017,-0.404,0.915,0,0.915,0.404,-1,0.007,-0.016],"_shiftlockState":false,"_pose":"Running","_animationQueue":[["walk",0.1]],"_animationSpeed":1.101,"_zoom":16.125},{"_mousePosition":[683,384],"_rootPartCFrame":[760.316,222.7,41.439,-0.017,0,1,0,1,0,-1,0,-0.017],"_humanoidState":8,"_cameraCFrame":[760.774,224.402,41.431,-0.017,-0.404,0.915,0,0.915,0.404,-1,0.007,-0.016],"_shiftlockState":false,"_pose":"Running","_animationQueue":[],"_animationSpeed":1.101,"_zoom":16.125},{"_mousePosition":[683,384],"_rootPartCFrame":[760.05,222.7,41.444,-0.017,0,1,0,1,0,-1,0,-0.017],"_humanoidState":8,"_cameraCFrame":[760.507,224.402,41.436,-0.017,-0.404,0.915,0,0.915,0.404,-1,0.007,-0.016],"_shiftlockState":false,"_pose":"Running","_animationQueue":[],"_animationSpeed":1.101,"_zoom":16.125},{"_mousePosition":[683,384],"_rootPartCFrame":[759.783,222.7,41.449,-0.017,0,1,0,1,0,-1,0,-0.017],"_humanoidState":8,"_cameraCFrame":[760.24,224.402,41.441,-0.017,-0.404,0.915,0,0.915,0.404,-1,0.007,-0.016],"_shiftlockState":false,"_pose":"Running","_animationQueue":[],"_animationSpeed":1.101,"_zoom":16.125},{"_mousePosition":[683,384],"_rootPartCFrame":[759.517,222.7,41.453,-0.017,0,1,0,1,0,-1,0,-0.017],"_humanoidState":8,"_cameraCFrame":[759.974,224.402,41.445,-0.017,-0.404,0.915,0,0.915,0.404,-1,0.007,-0.016],"_shiftlockState":false,"_pose":"Running","_animationQueue":[],"_animationSpeed":1.101,"_zoom":16.125},{"_mousePosition":[683,384],"_rootPartCFrame":[759.25,222.7,41.458,-0.017,0,1,0,1,0,-1,0,-0.017],"_humanoidState":8,"_cameraCFrame":[759.707,224.402,41.45,-0.017,-0.404,0.915,0,0.915,0.404,-1,0.007,-0.016],"_shiftlockState":false,"_pose":"Running","_animationQueue":[],"_animationSpeed":1.101,"_zoom":16.125},{"_mousePosition":[683,384],"_rootPartCFrame":[758.983,222.7,41.463,-0.017,0,1,0,1,0,-1,0,-0.017],"_humanoidState":8,"_cameraCFrame":[759.441,224.402,41.455,-0.017,-0.404,0.915,0,0.915,0.404,-1,0.007,-0.016],"_shiftlockState":false,"_pose":"Running","_animationQueue":[["walk",0.1]],"_animationSpeed":1.101,"_zoom":16.125},{"_mousePosition":[683,384],"_rootPartCFrame":[758.717,222.7,41.467,-0.017,0,1,0,1,0,-1,0,-0.017],"_humanoidState":8,"_cameraCFrame":[759.174,224.402,41.459,-0.017,-0.404,0.915,0,0.915,0.404,-1,0.007,-0.016],"_shiftlockState":false,"_pose":"Running","_animationQueue":[],"_animationSpeed":1.101,"_zoom":16.125},{"_mousePosition":[683,384],"_rootPartCFrame":[758.45,222.7,41.472,-0.017,0,1,0,1,0,-1,0,-0.017],"_humanoidState":8,"_cameraCFrame":[758.907,224.402,41.464,-0.017,-0.404,0.915,0,0.915,0.404,-1,0.007,-0.016],"_shiftlockState":false,"_pose":"Running","_animationQueue":[],"_animationSpeed":1.101,"_zoom":16.125},{"_mousePosition":[683,384],"_rootPartCFrame":[758.184,222.7,41.476,-0.017,0,1,0,1,0,-1,0,-0.017],"_humanoidState":8,"_cameraCFrame":[758.641,224.402,41.468,-0.017,-0.404,0.915,0,0.915,0.404,-1,0.007,-0.016],"_shiftlockState":false,"_pose":"Running","_animationQueue":[],"_animationSpeed":1.101,"_zoom":16.125},{"_mousePosition":[683,384],"_rootPartCFrame":[757.917,222.7,41.481,-0.017,0,1,0,1,0,-1,0,-0.017],"_humanoidState":8,"_cameraCFrame":[758.374,224.402,41.473,-0.017,-0.404,0.915,0,0.915,0.404,-1,0.007,-0.016],"_shiftlockState":false,"_pose":"Running","_animationQueue":[],"_animationSpeed":1.101,"_zoom":16.125},{"_mousePosition":[683,384],"_rootPartCFrame":[757.65,222.7,41.486,-0.017,0,1,0,1,0,-1,0,-0.017],"_humanoidState":8,"_cameraCFrame":[758.108,224.402,41.478,-0.017,-0.404,0.915,0,0.915,0.404,-1,0.007,-0.016],"_shiftlockState":false,"_pose":"Running","_animationQueue":[],"_animationSpeed":1.101,"_zoom":16.125},{"_mousePosition":[683,384],"_rootPartCFrame":[757.384,222.7,41.49,-0.017,0,1,0,1,0,-1,0,-0.017],"_humanoidState":8,"_cameraCFrame":[757.841,224.402,41.482,-0.017,-0.404,0.915,0,0.915,0.404,-1,0.007,-0.016],"_shiftlockState":false,"_pose":"Running","_animationQueue":[],"_animationSpeed":1.101,"_zoom":16.125},{"_mousePosition":[683,384],"_rootPartCFrame":[757.117,222.7,41.495,-0.017,0,1,0,1,0,-1,0,-0.017],"_humanoidState":8,"_cameraCFrame":[757.574,224.402,41.487,-0.017,-0.404,0.915,0,0.915,0.404,-1,0.007,-0.016],"_shiftlockState":false,"_pose":"Running","_animationQueue":[["walk",0.1]],"_animationSpeed":1.101,"_zoom":16.125},{"_mousePosition":[683,384],"_rootPartCFrame":[756.851,222.7,41.5,-0.017,0,1,0,1,0,-1,0,-0.017],"_humanoidState":8,"_cameraCFrame":[757.308,224.402,41.492,-0.017,-0.404,0.915,0,0.915,0.404,-1,0.007,-0.016],"_shiftlockState":false,"_pose":"Running","_animationQueue":[],"_animationSpeed":1.101,"_zoom":16.125},{"_mousePosition":[683,384],"_rootPartCFrame":[756.584,222.7,41.504,-0.017,0,1,0,1,0,-1,0,-0.017],"_humanoidState":8,"_cameraCFrame":[757.041,224.402,41.496,-0.017,-0.404,0.915,0,0.915,0.404,-1,0.007,-0.016],"_shiftlockState":false,"_pose":"Running","_animationQueue":[],"_animationSpeed":1.101,"_zoom":16.125},{"_mousePosition":[683,384],"_rootPartCFrame":[756.317,222.7,41.509,-0.017,0,1,0,1,0,-1,0,-0.017],"_humanoidState":8,"_cameraCFrame":[756.775,224.402,41.501,-0.017,-0.404,0.915,0,0.915,0.404,-1,0.007,-0.016],"_shiftlockState":false,"_pose":"Running","_animationQueue":[],"_animationSpeed":1.101,"_zoom":16.125},{"_mousePosition":[683,384],"_rootPartCFrame":[756.051,222.7,41.513,-0.017,0,1,0,1,0,-1,0,-0.017],"_humanoidState":8,"_cameraCFrame":[756.507,224.404,41.506,-0.017,-0.408,0.913,0,0.913,0.408,-1,0.007,-0.016],"_shiftlockState":false,"_pose":"Running","_animationQueue":[],"_animationSpeed":1.101,"_zoom":16.125},{"_mousePosition":[683,384],"_rootPartCFrame":[755.718,222.7,41.519,-0.017,0,1,0,1,0,-1,0,-0.017],"_humanoidState":8,"_cameraCFrame":[756.174,224.404,41.511,-0.017,-0.409,0.912,0,0.912,0.41,-1,0.007,-0.016],"_shiftlockState":false,"_pose":"Running","_animationQueue":[],"_animationSpeed":1.101,"_zoom":16.125},{"_mousePosition":[683,384],"_rootPartCFrame":[755.451,222.7,41.524,-0.017,0,1,0,1,0,-1,0,-0.017],"_humanoidState":8,"_cameraCFrame":[755.907,224.404,41.516,-0.017,-0.409,0.912,0,0.912,0.41,-1,0.007,-0.016],"_shiftlockState":false,"_pose":"Running","_animationQueue":[["walk",0.1]],"_animationSpeed":1.101,"_zoom":16.125},{"_mousePosition":[683,384],"_rootPartCFrame":[755.251,222.7,41.527,-0.017,0,1,0,1,0,-1,0,-0.017],"_humanoidState":8,"_cameraCFrame":[755.707,224.404,41.519,-0.017,-0.409,0.912,0,0.912,0.41,-1,0.007,-0.016],"_shiftlockState":false,"_pose":"Running","_animationQueue":[],"_animationSpeed":1.101,"_zoom":16.125},{"_mousePosition":[683,384],"_rootPartCFrame":[754.984,222.7,41.532,-0.017,0,1,0,1,0,-1,0,-0.017],"_humanoidState":8,"_cameraCFrame":[755.44,224.404,41.524,-0.017,-0.409,0.912,0,0.912,0.41,-1,0.007,-0.016],"_shiftlockState":false,"_pose":"Running","_animationQueue":[],"_animationSpeed":1.101,"_zoom":16.125},{"_mousePosition":[683,384],"_rootPartCFrame":[754.718,222.7,41.537,-0.017,0,1,0,1,0,-1,0,-0.017],"_humanoidState":8,"_cameraCFrame":[755.174,224.404,41.529,-0.017,-0.409,0.912,0,0.912,0.41,-1,0.007,-0.016],"_shiftlockState":false,"_pose":"Running","_animationQueue":[],"_animationSpeed":1.101,"_zoom":16.125},{"_mousePosition":[683,384],"_rootPartCFrame":[754.451,222.7,41.541,-0.017,0,1,0,1,0,-1,0,-0.017],"_humanoidState":8,"_cameraCFrame":[754.907,224.404,41.533,-0.017,-0.409,0.912,0,0.912,0.41,-1,0.007,-0.016],"_shiftlockState":false,"_pose":"Running","_animationQueue":[],"_animationSpeed":1.101,"_zoom":16.125},{"_mousePosition":[683,384],"_rootPartCFrame":[754.185,222.7,41.546,-0.017,0,1,0,1,0,-1,0,-0.017],"_humanoidState":8,"_cameraCFrame":[754.641,224.404,41.538,-0.017,-0.409,0.912,0,0.912,0.41,-1,0.007,-0.016],"_shiftlockState":false,"_pose":"Running","_animationQueue":[],"_animationSpeed":1.101,"_zoom":16.125},{"_mousePosition":[683,384],"_rootPartCFrame":[753.851,222.7,41.552,-0.017,0,1,0,1,0,-1,0,-0.017],"_humanoidState":8,"_cameraCFrame":[754.307,224.404,41.544,-0.017,-0.409,0.912,0,0.912,0.41,-1,0.007,-0.016],"_shiftlockState":false,"_pose":"Running","_animationQueue":[],"_animationSpeed":1.101,"_zoom":16.125},{"_mousePosition":[683,384],"_rootPartCFrame":[753.651,222.7,41.555,-0.017,0,1,0,1,0,-1,0,-0.017],"_humanoidState":8,"_cameraCFrame":[754.107,224.404,41.547,-0.017,-0.409,0.912,0,0.912,0.41,-1,0.007,-0.016],"_shiftlockState":false,"_pose":"Running","_animationQueue":[["walk",0.1]],"_animationSpeed":1.101,"_zoom":16.125},{"_mousePosition":[683,384],"_rootPartCFrame":[753.318,222.7,41.561,-0.017,0,1,0,1,0,-1,0,-0.017],"_humanoidState":8,"_cameraCFrame":[753.774,224.405,41.553,-0.017,-0.411,0.911,0,0.911,0.411,-1,0.007,-0.016],"_shiftlockState":false,"_pose":"Running","_animationQueue":[],"_animationSpeed":1.101,"_zoom":16.125},{"_mousePosition":[683,384],"_rootPartCFrame":[753.118,222.7,41.564,-0.017,0,1,0,1,0,-1,0,-0.017],"_humanoidState":8,"_cameraCFrame":[753.574,224.405,41.557,-0.017,-0.411,0.911,0,0.911,0.411,-1,0.007,-0.016],"_shiftlockState":false,"_pose":"Running","_animationQueue":[],"_animationSpeed":1.101,"_zoom":16.125},{"_mousePosition":[683,384],"_rootPartCFrame":[752.852,222.7,41.569,-0.017,0,1,0,1,0,-1,0,-0.017],"_humanoidState":8,"_cameraCFrame":[753.307,224.405,41.561,-0.017,-0.411,0.911,0,0.911,0.411,-1,0.007,-0.016],"_shiftlockState":false,"_pose":"Running","_animationQueue":[],"_animationSpeed":1.101,"_zoom":16.125},{"_mousePosition":[683,384],"_rootPartCFrame":[752.518,222.7,41.575,-0.017,0,1,0,1,0,-1,0,-0.017],"_humanoidState":8,"_cameraCFrame":[752.974,224.406,41.567,-0.017,-0.413,0.911,0,0.911,0.413,-1,0.007,-0.016],"_shiftlockState":false,"_pose":"Running","_animationQueue":[],"_animationSpeed":1.101,"_zoom":16.125},{"_mousePosition":[683,384],"_rootPartCFrame":[752.318,222.7,41.578,-0.017,0,1,0,1,0,-1,0,-0.017],"_humanoidState":8,"_cameraCFrame":[752.774,224.406,41.57,-0.017,-0.413,0.911,0,0.911,0.413,-1,0.007,-0.016],"_shiftlockState":false,"_pose":"Running","_animationQueue":[],"_animationSpeed":1.101,"_zoom":16.125},{"_mousePosition":[683,384],"_rootPartCFrame":[752.052,222.7,41.583,-0.017,0,1,0,1,0,-1,0,-0.017],"_humanoidState":8,"_cameraCFrame":[752.507,224.406,41.575,-0.017,-0.413,0.911,0,0.911,0.413,-1,0.007,-0.016],"_shiftlockState":false,"_pose":"Running","_animationQueue":[],"_animationSpeed":1.101,"_zoom":16.125},{"_mousePosition":[683,384],"_rootPartCFrame":[751.719,222.7,41.589,-0.017,0,1,0,1,0,-1,0,-0.017],"_humanoidState":8,"_cameraCFrame":[752.174,224.406,41.581,-0.017,-0.413,0.911,0,0.911,0.413,-1,0.007,-0.016],"_shiftlockState":false,"_pose":"Running","_animationQueue":[["walk",0.1]],"_animationSpeed":1.101,"_zoom":16.125},{"_mousePosition":[683,384],"_rootPartCFrame":[751.452,222.7,41.593,-0.017,0,1,0,1,0,-1,0,-0.017],"_humanoidState":8,"_cameraCFrame":[751.907,224.406,41.586,-0.017,-0.413,0.911,0,0.911,0.413,-1,0.007,-0.016],"_shiftlockState":false,"_pose":"Running","_animationQueue":[],"_animationSpeed":1.101,"_zoom":16.125},{"_mousePosition":[683,384],"_rootPartCFrame":[751.185,222.7,41.598,-0.017,0,1,0,1,0,-1,0,-0.017],"_humanoidState":8,"_cameraCFrame":[751.641,224.406,41.59,-0.017,-0.413,0.911,0,0.911,0.413,-1,0.007,-0.016],"_shiftlockState":false,"_pose":"Running","_animationQueue":[],"_animationSpeed":1.101,"_zoom":16.125},{"_mousePosition":[683,384],"_rootPartCFrame":[750.919,222.7,41.603,-0.017,0,1,0,1,0,-1,0,-0.017],"_humanoidState":8,"_cameraCFrame":[751.374,224.406,41.595,-0.017,-0.413,0.911,0,0.911,0.413,-1,0.007,-0.016],"_shiftlockState":false,"_pose":"Running","_animationQueue":[],"_animationSpeed":1.101,"_zoom":16.125},{"_mousePosition":[683,384],"_rootPartCFrame":[750.652,222.7,41.607,-0.017,0,1,0,1,0,-1,0,-0.017],"_humanoidState":8,"_cameraCFrame":[751.107,224.406,41.599,-0.017,-0.413,0.911,0,0.911,0.413,-1,0.007,-0.016],"_shiftlockState":false,"_pose":"Running","_animationQueue":[],"_animationSpeed":1.101,"_zoom":16.125},{"_mousePosition":[683,384],"_rootPartCFrame":[750.385,222.7,41.612,-0.017,0,1,0,1,0,-1,0,-0.017],"_humanoidState":8,"_cameraCFrame":[750.84,224.407,41.604,-0.017,-0.415,0.91,0,0.91,0.415,-1,0.007,-0.016],"_shiftlockState":false,"_pose":"Running","_animationQueue":[],"_animationSpeed":1.101,"_zoom":16.125},{"_mousePosition":[683,384],"_rootPartCFrame":[750.119,222.7,41.617,-0.017,0,1,0,1,0,-1,0,-0.017],"_humanoidState":8,"_cameraCFrame":[750.574,224.407,41.609,-0.017,-0.415,0.91,0,0.91,0.415,-1,0.007,-0.016],"_shiftlockState":false,"_pose":"Running","_animationQueue":[],"_animationSpeed":1.101,"_zoom":16.125},{"_mousePosition":[683,384],"_rootPartCFrame":[749.786,222.7,41.622,-0.017,0,1,0,1,0,-1,0,-0.017],"_humanoidState":8,"_cameraCFrame":[750.241,224.407,41.615,-0.017,-0.415,0.91,0,0.91,0.415,-1,0.007,-0.016],"_shiftlockState":false,"_pose":"Running","_animationQueue":[["walk",0.1]],"_animationSpeed":1.101,"_zoom":16.125},{"_mousePosition":[683,384],"_rootPartCFrame":[749.586,222.7,41.626,-0.017,0,1,0,1,0,-1,0,-0.017],"_humanoidState":8,"_cameraCFrame":[750.041,224.407,41.619,-0.015,-0.415,0.91,0,0.91,0.415,-1,0.006,-0.014],"_shiftlockState":false,"_pose":"Running","_animationQueue":[],"_animationSpeed":1.101,"_zoom":16.125},{"_mousePosition":[683,384],"_rootPartCFrame":[749.319,222.7,41.631,-0.015,0,1,0,1,0,-1,0,-0.015],"_humanoidState":8,"_cameraCFrame":[749.774,224.407,41.624,-0.015,-0.415,0.91,0,0.91,0.415,-1,0.006,-0.014],"_shiftlockState":false,"_pose":"Running","_animationQueue":[],"_animationSpeed":1.101,"_zoom":16.125},{"_mousePosition":[683,384],"_rootPartCFrame":[749.052,222.7,41.635,-0.015,0,1,0,1,0,-1,0,-0.015],"_humanoidState":8,"_cameraCFrame":[749.507,224.407,41.628,-0.015,-0.415,0.91,0,0.91,0.415,-1,0.006,-0.014],"_shiftlockState":false,"_pose":"Running","_animationQueue":[],"_animationSpeed":1.101,"_zoom":16.125},{"_mousePosition":[683,384],"_rootPartCFrame":[748.786,222.7,41.639,-0.015,0,1,0,1,0,-1,0,-0.015],"_humanoidState":8,"_cameraCFrame":[749.241,224.407,41.632,-0.015,-0.415,0.91,0,0.91,0.415,-1,0.006,-0.014],"_shiftlockState":false,"_pose":"Running","_animationQueue":[],"_animationSpeed":1.101,"_zoom":16.125},{"_mousePosition":[683,384],"_rootPartCFrame":[748.453,222.7,41.644,-0.015,0,1,0,1,0,-1,0,-0.015],"_humanoidState":8,"_cameraCFrame":[748.908,224.407,41.637,-0.015,-0.415,0.91,0,0.91,0.415,-1,0.006,-0.014],"_shiftlockState":false,"_pose":"Running","_animationQueue":[],"_animationSpeed":1.101,"_zoom":16.125},{"_mousePosition":[683,384],"_rootPartCFrame":[748.253,222.7,41.646,-0.015,0,1,0,1,0,-1,0,-0.015],"_humanoidState":8,"_cameraCFrame":[748.708,224.407,41.64,-0.015,-0.415,0.91,0,0.91,0.415,-1,0.006,-0.014],"_shiftlockState":false,"_pose":"Running","_animationQueue":[],"_animationSpeed":1.101,"_zoom":16.125},{"_mousePosition":[683,384],"_rootPartCFrame":[747.986,222.7,41.65,-0.015,0,1,0,1,0,-1,0,-0.015],"_humanoidState":8,"_cameraCFrame":[748.441,224.407,41.644,-0.015,-0.415,0.91,0,0.91,0.415,-1,0.006,-0.014],"_shiftlockState":false,"_pose":"Running","_animationQueue":[["walk",0.1]],"_animationSpeed":1.101,"_zoom":16.125},{"_mousePosition":[683,384],"_rootPartCFrame":[747.653,222.7,41.655,-0.015,0,1,0,1,0,-1,0,-0.015],"_humanoidState":8,"_cameraCFrame":[748.108,224.407,41.649,-0.015,-0.415,0.91,0,0.91,0.415,-1,0.006,-0.014],"_shiftlockState":false,"_pose":"Running","_animationQueue":[],"_animationSpeed":1.101,"_zoom":16.125},{"_mousePosition":[683,384],"_rootPartCFrame":[747.453,222.721,41.658,-0.015,0,1,0,1,0,-1,0,-0.015],"_humanoidState":8,"_cameraCFrame":[747.908,224.429,41.652,-0.015,-0.415,0.91,0,0.91,0.415,-1,0.006,-0.014],"_shiftlockState":false,"_pose":"Running","_animationQueue":[],"_animationSpeed":1.101,"_zoom":16.125},{"_mousePosition":[683,384],"_rootPartCFrame":[747.186,222.753,41.662,-0.015,0,1,0,1,0,-1,0,-0.015],"_humanoidState":8,"_cameraCFrame":[747.641,224.462,41.656,-0.015,-0.417,0.909,0,0.909,0.417,-1,0.006,-0.013],"_shiftlockState":false,"_pose":"Running","_animationQueue":[],"_animationSpeed":1.101,"_zoom":16.125},{"_mousePosition":[683,384],"_rootPartCFrame":[746.853,222.816,41.667,-0.015,0,1,0,1,0,-1,0,-0.015],"_humanoidState":8,"_cameraCFrame":[747.307,224.525,41.66,-0.015,-0.417,0.909,0,0.909,0.417,-1,0.006,-0.013],"_shiftlockState":false,"_pose":"Running","_animationQueue":[],"_animationSpeed":1.101,"_zoom":16.125},{"_mousePosition":[683,384],"_rootPartCFrame":[746.586,222.883,41.671,-0.015,0,1,0,1,0,-1,0,-0.015],"_humanoidState":8,"_cameraCFrame":[747.041,224.592,41.664,-0.015,-0.417,0.909,0,0.909,0.417,-1,0.006,-0.013],"_shiftlockState":false,"_pose":"Running","_animationQueue":[],"_animationSpeed":1.101,"_zoom":16.125},{"_mousePosition":[683,384],"_rootPartCFrame":[746.386,222.945,41.674,-0.015,0,1,0,1,0,-1,0,-0.015],"_humanoidState":8,"_cameraCFrame":[746.841,224.653,41.667,-0.015,-0.417,0.909,0,0.909,0.417,-1,0.006,-0.013],"_shiftlockState":false,"_pose":"Running","_animationQueue":[["walk",0.1]],"_animationSpeed":1.101,"_zoom":16.125},{"_mousePosition":[683,384],"_rootPartCFrame":[746.053,223.023,41.679,-0.015,0,1,0,1,0,-1,0,-0.015],"_humanoidState":8,"_cameraCFrame":[746.508,224.732,41.672,-0.015,-0.417,0.909,0,0.909,0.417,-1,0.006,-0.013],"_shiftlockState":false,"_pose":"Running","_animationQueue":[],"_animationSpeed":1.101,"_zoom":16.125},{"_mousePosition":[683,384],"_rootPartCFrame":[745.787,223.092,41.683,-0.015,0,1,0,1,0,-1,0,-0.015],"_humanoidState":8,"_cameraCFrame":[746.241,224.801,41.676,-0.015,-0.417,0.909,0,0.909,0.417,-1,0.006,-0.013],"_shiftlockState":false,"_pose":"Running","_animationQueue":[],"_animationSpeed":1.101,"_zoom":16.125},{"_mousePosition":[683,384],"_rootPartCFrame":[745.52,223.14,41.687,-0.015,0,1,0,1,0,-1,0,-0.015],"_humanoidState":8,"_cameraCFrame":[745.974,224.849,41.68,-0.015,-0.418,0.908,0,0.908,0.418,-1,0.006,-0.013],"_shiftlockState":false,"_pose":"Running","_animationQueue":[],"_animationSpeed":1.101,"_zoom":16.125},{"_mousePosition":[683,384],"_rootPartCFrame":[745.187,223.172,41.692,-0.015,0,1,0,1,0,-1,0,-0.015],"_humanoidState":8,"_cameraCFrame":[745.641,224.882,41.685,-0.015,-0.418,0.908,0,0.908,0.418,-1,0.006,-0.013],"_shiftlockState":false,"_pose":"Running","_animationQueue":[],"_animationSpeed":1.101,"_zoom":16.125},{"_mousePosition":[683,384],"_rootPartCFrame":[744.987,223.182,41.695,-0.015,0,1,0,1,0,-1,0,-0.015],"_humanoidState":8,"_cameraCFrame":[745.44,224.893,41.688,-0.015,-0.42,0.907,0,0.907,0.42,-1,0.006,-0.013],"_shiftlockState":false,"_pose":"Running","_animationQueue":[],"_animationSpeed":1.101,"_zoom":16.125},{"_mousePosition":[683,384],"_rootPartCFrame":[744.72,223.19,41.699,-0.015,0,1,0,1,0,-1,0,-0.015],"_humanoidState":8,"_cameraCFrame":[745.174,224.9,41.692,-0.015,-0.42,0.907,0,0.907,0.42,-1,0.006,-0.013],"_shiftlockState":false,"_pose":"Running","_animationQueue":[],"_animationSpeed":1.101,"_zoom":16.125},{"_mousePosition":[683,384],"_rootPartCFrame":[744.454,223.195,41.703,-0.015,0,1,0,1,0,-1,0,-0.015],"_humanoidState":8,"_cameraCFrame":[744.907,224.905,41.696,-0.015,-0.42,0.907,0,0.907,0.42,-1,0.006,-0.013],"_shiftlockState":false,"_pose":"Running","_animationQueue":[["walk",0.1]],"_animationSpeed":1.101,"_zoom":16.125},{"_mousePosition":[683,384],"_rootPartCFrame":[744.12,223.197,41.708,-0.015,0,1,0,1,0,-1,0,-0.015],"_humanoidState":8,"_cameraCFrame":[744.574,224.907,41.701,-0.015,-0.42,0.907,0,0.907,0.42,-1,0.006,-0.013],"_shiftlockState":false,"_pose":"Running","_animationQueue":[],"_animationSpeed":1.101,"_zoom":16.125},{"_mousePosition":[683,384],"_rootPartCFrame":[743.92,223.198,41.711,-0.015,0,1,0,1,0,-1,0,-0.015],"_humanoidState":8,"_cameraCFrame":[744.374,224.909,41.702,-0.02,-0.422,0.906,0,0.907,0.422,-1,0.008,-0.018],"_shiftlockState":false,"_pose":"Running","_animationQueue":[],"_animationSpeed":1.101,"_zoom":16.125},{"_mousePosition":[683,384],"_rootPartCFrame":[743.587,223.199,41.716,-0.02,0,1,0,1,0,-1,0,-0.02],"_humanoidState":8,"_cameraCFrame":[744.039,224.912,41.702,-0.03,-0.425,0.905,0,0.905,0.425,-1,0.013,-0.027],"_shiftlockState":false,"_pose":"Running","_animationQueue":[],"_anim