[{"_mousePosition":[756,341],"_rootPartCFrame":[776.031,222.7,47.142,0,0,1,0,1,0,-1,0,0],"_humanoidState":8,"_cameraCFrame":[776.126,238.848,53.883,1,-0.013,0.006,0,0.418,0.908,-0.014,-0.908,0.418],"_shiftlockState":false,"_pose":"Standing","_animationQueue":[],"_animationSpeed":1,"_zoom":16.125},{"_mousePosition":[756,341],"_rootPartCFrame":[775.785,222.7,47.145,-0.001,0,1,0,1,0,-1,0,-0.001],"_humanoidState":8,"_cameraCFrame":[775.879,238.861,53.857,1,-0.013,0.006,0,0.416,0.909,-0.014,-0.909,0.416],"_shiftlockState":false,"_pose":"Standing","_animationQueue":[],"_animationSpeed":1,"_zoom":16.125},{"_mousePosition":[756,341],"_rootPartCFrame":[775.519,222.7,47.149,-0.003,0,1,0,1,0,-1,0,-0.003],"_humanoidState":8,"_cameraCFrame":[775.63,238.874,53.832,1,-0.015,0.007,0,0.415,0.91,-0.017,-0.91,0.414],"_shiftlockState":false,"_pose":"Running","_animationQueue":[["walk",0.1]],"_animationSpeed":1.066,"_zoom":16.125},{"_mousePosition":[756,341],"_rootPartCFrame":[775.252,222.7,47.153,-0.005,0,1,0,1,0,-1,0,-0.005],"_humanoidState":8,"_cameraCFrame":[775.363,238.874,53.836,1,-0.015,0.007,0,0.415,0.91,-0.017,-0.91,0.414],"_shiftlockState":false,"_pose":"Running","_animationQueue":[],"_animationSpeed":1.066,"_zoom":16.125},{"_mousePosition":[756,341],"_rootPartCFrame":[774.986,222.7,47.157,-0.006,0,1,0,1,0,-1,0,-0.006],"_humanoidState":8,"_cameraCFrame":[775.097,238.874,53.84,1,-0.015,0.007,0,0.415,0.91,-0.017,-0.91,0.414],"_shiftlockState":false,"_pose":"Running","_animationQueue":[["walk",0.1]],"_animationSpeed":1.066,"_zoom":16.125},{"_mousePosition":[756,341],"_rootPartCFrame":[774.719,222.7,47.161,-0.008,0,1,0,1,0,-1,0,-0.008],"_humanoidState":8,"_cameraCFrame":[774.83,238.874,53.845,1,-0.015,0.007,0,0.415,0.91,-0.017,-0.91,0.414],"_shiftlockState":false,"_pose":"Running","_animationQueue":[],"_animationSpeed":1.066,"_zoom":16.125},{"_mousePosition":[756,341],"_rootPartCFrame":[774.452,222.7,47.166,-0.009,0,1,0,1,0,-1,0,-0.009],"_humanoidState":8,"_cameraCFrame":[774.498,230.262,49.927,1,-0.015,0.007,0,0.415,0.91,-0.017,-0.91,0.414],"_shiftlockState":false,"_pose":"Running","_animationQueue":[],"_animationSpeed":1.066,"_zoom":16.125},{"_mousePosition":[756,341],"_rootPartCFrame":[774.186,222.7,47.17,-0.01,0,1,0,1,0,-1,0,-0.01],"_humanoidState":8,"_cameraCFrame":[774.228,229.82,49.73,1,-0.015,0.007,0,0.415,0.91,-0.017,-0.91,0.414],"_shiftlockState":false,"_pose":"Running","_animationQueue":[],"_animationSpeed":1.066,"_zoom":16.125},{"_mousePosition":[756,341],"_rootPartCFrame":[773.919,222.7,47.175,-0.011,0,1,0,1,0,-1,0,-0.011],"_humanoidState":8,"_cameraCFrame":[773.961,229.762,49.708,1,-0.015,0.007,0,0.415,0.91,-0.017,-0.91,0.414],"_shiftlockState":false,"_pose":"Running","_animationQueue":[],"_animationSpeed":1.066,"_zoom":16.125},{"_mousePosition":[756,341],"_rootPartCFrame":[773.653,222.7,47.179,-0.012,0,1,0,1,0,-1,0,-0.012],"_humanoidState":8,"_cameraCFrame":[773.701,229.762,49.699,1,-0.017,0.008,0,0.413,0.911,-0.019,-0.911,0.413],"_shiftlockState":false,"_pose":"Running","_animationQueue":[],"_animationSpeed":1.066,"_zoom":16.125},{"_mousePosition":[756,341],"_rootPartCFrame":[773.386,222.7,47.184,-0.012,0,1,0,1,0,-1,0,-0.012],"_humanoidState":8,"_cameraCFrame":[773.434,229.762,49.691,1,-0.017,0.008,0,0.411,0.912,-0.019,-0.911,0.411],"_shiftlockState":false,"_pose":"Running","_animationQueue":[],"_animationSpeed":1.066,"_zoom":16.125},{"_mousePosition":[756,341],"_rootPartCFrame":[773.119,222.7,47.189,-0.013,0,1,0,1,0,-1,0,-0.013],"_humanoidState":8,"_cameraCFrame":[773.174,230.539,50.031,1,-0.017,0.008,0,0.409,0.912,-0.019,-0.912,0.409],"_shiftlockState":false,"_pose":"Running","_animationQueue":[["walk",0.1]],"_animationSpeed":1.066,"_zoom":16.125},{"_mousePosition":[756,341],"_rootPartCFrame":[772.853,222.7,47.194,-0.014,0,1,0,1,0,-1,0,-0.014],"_humanoidState":8,"_cameraCFrame":[772.919,231.965,50.657,1,-0.017,0.008,0,0.407,0.913,-0.019,-0.913,0.407],"_shiftlockState":false,"_pose":"Running","_animationQueue":[],"_animationSpeed":1.066,"_zoom":16.125},{"_mousePosition":[756,341],"_rootPartCFrame":[772.586,222.7,47.199,-0.015,0,1,0,1,0,-1,0,-0.015],"_humanoidState":8,"_cameraCFrame":[772.666,233.559,51.352,1,-0.018,0.008,0,0.406,0.914,-0.019,-0.914,0.406],"_shiftlockState":false,"_pose":"Running","_animationQueue":[],"_animationSpeed":1.066,"_zoom":16.125},{"_mousePosition":[756,341],"_rootPartCFrame":[772.32,222.717,47.204,-0.015,0,1,0,1,0,-1,0,-0.015],"_humanoidState":8,"_cameraCFrame":[772.4,233.763,51.417,1,-0.018,0.008,0,0.404,0.915,-0.019,-0.915,0.404],"_shiftlockState":false,"_pose":"Running","_animationQueue":[],"_animationSpeed":1.066,"_zoom":16.125},{"_mousePosition":[756,341],"_rootPartCFrame":[772.053,222.748,47.209,-0.016,0,1,0,1,0,-1,0,-0.016],"_humanoidState":8,"_cameraCFrame":[772.133,233.763,51.387,1,-0.018,0.008,0,0.402,0.916,-0.019,-0.915,0.402],"_shiftlockState":false,"_pose":"Running","_animationQueue":[],"_animationSpeed":1.066,"_zoom":16.125},{"_mousePosition":[756,341],"_rootPartCFrame":[771.786,222.744,47.214,-0.016,0,1,0,1,0,-1,0,-0.016],"_humanoidState":8,"_cameraCFrame":[771.866,233.763,51.372,1,-0.018,0.008,0,0.4,0.916,-0.019,-0.916,0.4],"_shiftlockState":false,"_pose":"Running","_animationQueue":[],"_animationSpeed":1.066,"_zoom":16.125},{"_mousePosition":[756,341],"_rootPartCFrame":[771.52,222.76,47.219,-0.017,0,1,0,1,0,-1,0,-0.017],"_humanoidState":8,"_cameraCFrame":[771.599,233.763,51.348,1,-0.018,0.008,0,0.399,0.917,-0.019,-0.917,0.398],"_shiftlockState":false,"_pose":"Running","_animationQueue":[],"_animationSpeed":1.066,"_zoom":16.125},{"_mousePosition":[756,341],"_rootPartCFrame":[771.253,222.777,47.224,-0.017,0,1,0,1,0,-1,0,-0.017],"_humanoidState":8,"_cameraCFrame":[771.332,233.764,51.324,1,-0.018,0.008,0,0.397,0.918,-0.019,-0.918,0.397],"_shiftlockState":false,"_pose":"Running","_animationQueue":[["walk",0.1]],"_animationSpeed":1.066,"_zoom":16.125},{"_mousePosition":[756,341],"_rootPartCFrame":[770.987,222.751,47.23,-0.017,0,1,0,1,0,-1,0,-0.017],"_humanoidState":8,"_cameraCFrame":[771.065,233.764,51.34,1,-0.018,0.008,0,0.397,0.918,-0.019,-0.918,0.397],"_shiftlockState":false,"_pose":"Running","_animationQueue":[],"_animationSpeed":1.066,"_zoom":16.125},{"_mousePosition":[756,341],"_rootPartCFrame":[770.72,222.761,47.235,-0.018,0,1,0,1,0,-1,0,-0.018],"_humanoidState":8,"_cameraCFrame":[770.798,233.764,51.319,1,-0.018,0.008,0,0.395,0.919,-0.019,-0.919,0.395],"_shiftlockState":false,"_pose":"Running","_animationQueue":[],"_animationSpeed":1.066,"_zoom":16.125},{"_mousePosition":[756,341],"_rootPartCFrame":[770.453,222.736,47.24,-0.018,0,1,0,1,0,-1,0,-0.018],"_humanoidState":8,"_cameraCFrame":[770.532,233.764,51.335,1,-0.018,0.008,0,0.395,0.919,-0.019,-0.919,0.395],"_shiftlockState":false,"_pose":"Running","_animationQueue":[],"_animationSpeed":1.066,"_zoom":16.125},{"_mousePosition":[756,341],"_rootPartCFrame":[770.187,222.657,47.245,-0.018,0,1,0,1,0,-1,0,-0.018],"_humanoidState":8,"_cameraCFrame":[770.266,233.764,51.374,1,-0.018,0.008,0,0.395,0.919,-0.019,-0.919,0.395],"_shiftlockState":false,"_pose":"Running","_animationQueue":[],"_animationSpeed":1.066,"_zoom":16.125},{"_mousePosition":[756,341],"_rootPartCFrame":[769.92,222.656,47.25,-0.018,0,1,0,1,0,-1,0,-0.018],"_humanoidState":8,"_cameraCFrame":[769.999,233.764,51.379,1,-0.018,0.008,0,0.395,0.919,-0.019,-0.919,0.395],"_shiftlockState":false,"_pose":"Running","_animationQueue":[],"_animationSpeed":1.066,"_zoom":16.125},{"_mousePosition":[756,341],"_rootPartCFrame":[769.654,222.673,47.255,-0.018,0,1,0,1,0,-1,0,-0.018],"_humanoidState":8,"_cameraCFrame":[769.733,233.764,51.377,1,-0.018,0.008,0,0.395,0.919,-0.019,-0.919,0.395],"_shiftlockState":false,"_pose":"Running","_animationQueue":[],"_animationSpeed":1.066,"_zoom":16.125},{"_mousePosition":[756,341],"_rootPartCFrame":[769.387,222.685,47.26,-0.018,0,1,0,1,0,-1,0,-0.018],"_humanoidState":8,"_cameraCFrame":[769.466,233.764,51.377,1,-0.018,0.008,0,0.395,0.919,-0.019,-0.919,0.395],"_shiftlockState":false,"_pose":"Running","_animationQueue":[["walk",0.1]],"_animationSpeed":1.066,"_zoom":16.125},{"_mousePosition":[756,341],"_rootPartCFrame":[769.12,223.558,47.265,-0.018,0,1,0,1,0,-1,0,-0.018],"_humanoidState":3,"_cameraCFrame":[769.192,233.764,51.007,1,-0.018,0.008,0,0.395,0.919,-0.019,-0.919,0.395],"_shiftlockState":false,"_pose":"Jumping","_animationQueue":[["walk",0.1],["jump",0.1]],"_animationSpeed":1,"_zoom":16.125},{"_mousePosition":[756,341],"_rootPartCFrame":[768.854,224.38,47.27,-0.019,0,1,0,1,0,-1,0,-0.019],"_humanoidState":5,"_cameraCFrame":[768.919,233.764,50.659,1,-0.018,0.008,0,0.395,0.919,-0.019,-0.919,0.395],"_shiftlockState":false,"_pose":"FreeFall","_animationQueue":[["jump",0.1]],"_animationSpeed":1,"_zoom":16.125},{"_mousePosition":[756,341],"_rootPartCFrame":[768.587,225.148,47.275,-0.019,0,1,0,1,0,-1,0,-0.019],"_humanoidState":5,"_cameraCFrame":[768.646,233.764,50.334,1,-0.018,0.008,0,0.395,0.919,-0.019,-0.919,0.395],"_shiftlockState":false,"_pose":"FreeFall","_animationQueue":[],"_animationSpeed":1,"_zoom":16.125},{"_mousePosition":[756,341],"_rootPartCFrame":[768.321,225.861,47.281,-0.019,0,1,0,1,0,-1,0,-0.019],"_humanoidState":5,"_cameraCFrame":[768.378,234.315,50.27,1,-0.018,0.008,0,0.395,0.919,-0.019,-0.919,0.395],"_shiftlockState":false,"_pose":"FreeFall","_animationQueue":[],"_animationSpeed":1,"_zoom":16.125},{"_mousePosition":[756,341],"_rootPartCFrame":[767.987,226.675,47.287,-0.019,0,1,0,1,0,-1,0,-0.019],"_humanoidState":5,"_cameraCFrame":[768.033,233.764,49.689,1,-0.018,0.008,0,0.395,0.919,-0.019,-0.919,0.395],"_shiftlockState":false,"_pose":"FreeFall","_animationQueue":[],"_animationSpeed":1,"_zoom":16.125},{"_mousePosition":[756,341],"_rootPartCFrame":[767.787,227.123,47.291,-0.019,0,1,0,1,0,-1,0,-0.019],"_humanoidState":5,"_cameraCFrame":[767.839,235.001,50.002,1,-0.018,0.007,0,0.391,0.92,-0.019,-0.92,0.391],"_shiftlockState":false,"_pose":"FreeFall","_animationQueue":[],"_animationSpeed":1,"_zoom":16.125},{"_mousePosition":[756,341],"_rootPartCFrame":[767.454,227.801,47.297,-0.019,0,1,0,1,0,-1,0,-0.019],"_humanoidState":5,"_cameraCFrame":[767.519,237.209,50.659,1,-0.018,0.007,0,0.391,0.92,-0.019,-0.92,0.391],"_shiftlockState":false,"_pose":"FreeFall","_animationQueue":[],"_animationSpeed":1,"_zoom":16.125},{"_mousePosition":[756,341],"_rootPartCFrame":[767.254,228.168,47.301,-0.019,0,1,0,1,0,-1,0,-0.019],"_humanoidState":5,"_cameraCFrame":[767.331,239.08,51.303,1,-0.018,0.007,0,0.391,0.92,-0.019,-0.92,0.391],"_shiftlockState":false,"_pose":"FreeFall","_animationQueue":[],"_animationSpeed":1,"_zoom":16.125},{"_mousePosition":[756,341],"_rootPartCFrame":[766.988,228.608,47.306,-0.019,0,1,0,1,0,-1,0,-0.019],"_humanoidState":5,"_cameraCFrame":[767.076,240.924,51.905,1,-0.018,0.007,0,0.391,0.92,-0.019,-0.92,0.391],"_shiftlockState":false,"_pose":"FreeFall","_animationQueue":[],"_animationSpeed":1,"_zoom":16.125},{"_mousePosition":[756,341],"_rootPartCFrame":[766.721,228.994,47.311,-0.019,0,1,0,1,0,-1,0,-0.019],"_humanoidState":5,"_cameraCFrame":[766.819,242.489,52.411,1,-0.018,0.007,0,0.391,0.92,-0.019,-0.92,0.391],"_shiftlockState":false,"_pose":"FreeFall","_animationQueue":[],"_animationSpeed":1,"_zoom":16.125},{"_mousePosition":[756,341],"_rootPartCFrame":[766.454,229.326,47.316,-0.019,0,1,0,1,0,-1,0,-0.019],"_humanoidState":5,"_cameraCFrame":[766.559,243.615,52.754,1,-0.018,0.007,0,0.391,0.92,-0.019,-0.92,0.391],"_shiftlockState":false,"_pose":"FreeFall","_animationQueue":[],"_animationSpeed":1,"_zoom":16.125},{"_mousePosition":[756,341],"_rootPartCFrame":[766.188,229.603,47.321,-0.019,0,1,0,1,0,-1,0,-0.019],"_humanoidState":5,"_cameraCFrame":[766.297,244.485,53.011,1,-0.018,0.007,0,0.391,0.92,-0.019,-0.92,0.391],"_shiftlockState":false,"_pose":"FreeFall","_animationQueue":[],"_animationSpeed":1,"_zoom":16.125},{"_mousePosition":[756,341],"_rootPartCFrame":[765.921,229.825,47.327,-0.019,0,1,0,1,0,-1,0,-0.019],"_humanoidState":5,"_cameraCFrame":[766.034,245.163,53.21,1,-0.018,0.007,0,0.391,0.92,-0.019,-0.92,0.391],"_shiftlockState":false,"_pose":"FreeFall","_animationQueue":[],"_animationSpeed":1,"_zoom":16.125},{"_mousePosition":[756,341],"_rootPartCFrame":[765.655,229.993,47.332,-0.019,0,1,0,1,0,-1,0,-0.019],"_humanoidState":5,"_cameraCFrame":[765.77,245.635,53.345,1,-0.018,0.007,0,0.391,0.92,-0.019,-0.92,0.391],"_shiftlockState":false,"_pose":"FreeFall","_animationQueue":[],"_animationSpeed":1,"_zoom":16.125},{"_mousePosition":[756,341],"_rootPartCFrame":[765.388,230.107,47.337,-0.019,0,1,0,1,0,-1,0,-0.019],"_humanoidState":5,"_cameraCFrame":[765.505,245.975,53.446,1,-0.018,0.007,0,0.391,0.92,-0.019,-0.92,0.391],"_shiftlockState":false,"_pose":"FreeFall","_animationQueue":[],"_animationSpeed":1,"_zoom":16.125},{"_mousePosition":[756,341],"_rootPartCFrame":[765.121,230.166,47.342,-0.019,0,1,0,1,0,-1,0,-0.019],"_humanoidState":5,"_cameraCFrame":[765.24,246.189,53.517,1,-0.018,0.007,0,0.391,0.92,-0.019,-0.92,0.391],"_shiftlockState":false,"_pose":"FreeFall","_animationQueue":[],"_animationSpeed":1,"_zoom":16.125},{"_mousePosition":[756,341],"_rootPartCFrame":[764.855,230.17,47.347,-0.019,0,1,0,1,0,-1,0,-0.019],"_humanoidState":5,"_cameraCFrame":[764.974,246.294,53.565,1,-0.018,0.007,0,0.391,0.92,-0.019,-0.92,0.391],"_shiftlockState":false,"_pose":"FreeFall","_animationQueue":[],"_animationSpeed":1,"_zoom":16.125},{"_mousePosition":[756,341],"_rootPartCFrame":[764.588,230.12,47.352,-0.019,0,1,0,1,0,-1,0,-0.019],"_humanoidState":5,"_cameraCFrame":[764.708,246.317,53.601,1,-0.018,0.007,0,0.391,0.92,-0.019,-0.92,0.391],"_shiftlockState":false,"_pose":"FreeFall","_animationQueue":[],"_animationSpeed":1,"_zoom":16.125},{"_mousePosition":[756,341],"_rootPartCFrame":[764.322,230.016,47.357,-0.019,0,1,0,1,0,-1,0,-0.019],"_humanoidState":5,"_cameraCFrame":[764.442,246.261,53.626,1,-0.018,0.007,0,0.391,0.92,-0.019,-0.92,0.391],"_shiftlockState":false,"_pose":"FreeFall","_animationQueue":[],"_animationSpeed":1,"_zoom":16.125},{"_mousePosition":[756,341],"_rootPartCFrame":[764.055,229.857,47.362,-0.019,0,1,0,1,0,-1,0,-0.019],"_humanoidState":5,"_cameraCFrame":[764.175,246.132,53.645,1,-0.018,0.007,0,0.391,0.92,-0.019,-0.92,0.391],"_shiftlockState":false,"_pose":"FreeFall","_animationQueue":[["fall",0.3]],"_animationSpeed":1,"_zoom":16.125},{"_mousePosition":[756,341],"_rootPartCFrame":[763.788,229.643,47.367,-0.019,0,1,0,1,0,-1,0,-0.019],"_humanoidState":5,"_cameraCFrame":[763.909,245.941,53.659,1,-0.018,0.007,0,0.391,0.92,-0.019,-0.92,0.391],"_shiftlockState":false,"_pose":"FreeFall","_animationQueue":[],"_animationSpeed":1,"_zoom":16.125},{"_mousePosition":[756,341],"_rootPartCFrame":[763.522,229.76,47.373,-0.019,0,1,0,1,0,-1,0,-0.019],"_humanoidState":7,"_cameraCFrame":[763.642,246.072,53.671,1,-0.018,0.007,0,0.391,0.92,-0.019,-0.92,0.391],"_shiftlockState":false,"_pose":"FreeFall","_animationQueue":[["walk",0.1],["fall",0.3],["fall",0.3]],"_animationSpeed":1,"_zoom":16.125},{"_mousePosition":[756,341],"_rootPartCFrame":[763.189,229.973,47.379,-0.019,0,1,0,1,0,-1,0,-0.019],"_humanoidState":7,"_cameraCFrame":[763.325,246.306,53.651,1,-0.02,0.008,0,0.39,0.921,-0.022,-0.921,0.389],"_shiftlockState":false,"_pose":"FreeFall","_animationQueue":[],"_animationSpeed":1,"_zoom":16.125},{"_mousePosition":[756,341],"_rootPartCFrame":[763.064,230.073,47.381,-0.019,0,1,0,1,0,-1,0,-0.019],"_humanoidState":8,"_cameraCFrame":[763.152,241.264,51.479,1,-0.02,0.008,0,0.39,0.921,-0.022,-0.921,0.389],"_shiftlockState":false,"_pose":"Running","_animationQueue":[["walk",0.1],["fall",0.3],["walk",0.1]],"_animationSpeed":1.103,"_zoom":16.125},{"_mousePosition":[756,341],"_rootPartCFrame":[763.132,230.132,47.38,0.267,0,0.964,0,1,0,-0.964,0,0.267],"_humanoidState":8,"_cameraCFrame":[763.22,241.264,51.453,1,-0.02,0.008,0,0.39,0.921,-0.022,-0.921,0.389],"_shiftlockState":false,"_pose":"Running","_animationQueue":[["walk",0.1]],"_animationSpeed":0.251,"_zoom":16.125},{"_mousePosition":[756,341],"_rootPartCFrame":[763.371,230.163,47.375,0.602,0,0.798,0,1,0,-0.798,0,0.602],"_humanoidState":8,"_cameraCFrame":[763.459,241.264,51.435,1,-0.02,0.008,0,0.39,0.921,-0.022,-0.921,0.389],"_shiftlockState":false,"_pose":"Running","_animationQueue":[["walk",0.1],["walk",0.1]],"_animationSpeed":0.601,"_zoom":16.125},{"_mousePosition":[756,341],"_rootPartCFrame":[763.637,230.18,47.369,0.837,0,0.548,0,1,0,-0.548,0,0.837],"_humanoidState":8,"_cameraCFrame":[763.729,241.769,51.635,1,-0.02,0.008,0,0.39,0.921,-0.022,-0.921,0.389],"_shiftlockState":false,"_pose":"Running","_animationQueue":[["walk",0.1]],"_animationSpeed":1.088,"_zoom":16.125},{"_mousePosition":[756,341],"_rootPartCFrame":[763.97,230.19,47.362,0.978,0,0.207,0,1,0,-0.207,0,0.978],"_humanoidState":8,"_cameraCFrame":[764.071,242.659,52,1,-0.02,0.008,0,0.39,0.921,-0.022,-0.921,0.389],"_shiftlockState":false,"_pose":"Running","_animationQueue":[],"_animationSpeed":1.088,"_zoom":16.125},{"_mousePosition":[756,341],"_rootPartCFrame":[764.237,231.053,47.356,0.997,0,-0.079,0,1,0,0.079,0,0.997],"_humanoidState":3,"_cameraCFrame":[764.345,244.322,52.332,1,-0.02,0.008,0,0.39,0.921,-0.022,-0.921,0.389],"_shiftlockState":false,"_pose":"Jumping","_animationQueue":[["walk",0.1],["jump",0.1]],"_animationSpeed":1,"_zoom":16.125},{"_mousePosition":[756,341],"_rootPartCFrame":[764.437,231.665,47.351,0.975,0,-0.22,0,1,0,0.22,0,0.975],"_humanoidState":5,"_cameraCFrame":[764.552,245.772,52.683,1,-0.02,0.008,0,0.39,0.921,-0.022,-0.921,0.389],"_shiftlockState":false,"_pose":"FreeFall","_animationQueue":[["jump",0.1]],"_animationSpeed":1,"_zoom":16.125},{"_mousePosition":[756,341],"_rootPartCFrame":[764.77,232.615,47.344,0.922,0,-0.388,0,1,0,0.388,0,0.922],"_humanoidState":5,"_cameraCFrame":[764.89,247.329,52.902,1,-0.02,0.008,0,0.388,0.922,-0.022,-0.922,0.388],"_shiftlockState":false,"_pose":"FreeFall","_animationQueue":[],"_animationSpeed":1,"_zoom":16.125},{"_mousePosition":[756,341],"_rootPartCFrame":[765.037,233.315,47.338,0.862,0,-0.508,0,1,0,0.508,0,0.862],"_humanoidState":5,"_cameraCFrame":[765.161,248.513,53.099,1,-0.02,0.008,0,0.388,0.922,-0.022,-0.922,0.388],"_shiftlockState":false,"_pose":"FreeFall","_animationQueue":[],"_animationSpeed":1,"_zoom":16.125},{"_mousePosition":[756,341],"_rootPartCFrame":[765.237,233.804,47.334,0.807,0,-0.591,0,1,0,0.591,0,0.807],"_humanoidState":5,"_cameraCFrame":[765.365,249.338,53.237,1,-0.02,0.008,0,0.388,0.922,-0.022,-0.922,0.388],"_shiftlockState":false,"_pose":"FreeFall","_animationQueue":[],"_animationSpeed":1,"_zoom":16.125},{"_mousePosition":[756,341],"_rootPartCFrame":[765.503,234.408,47.328,0.726,0,-0.687,0,1,0,0.687,0,0.726],"_humanoidState":5,"_cameraCFrame":[765.633,250.201,53.34,1,-0.02,0.008,0,0.388,0.922,-0.022,-0.922,0.388],"_shiftlockState":false,"_pose":"FreeFall","_animationQueue":[],"_animationSpeed":1,"_zoom":16.125},{"_mousePosition":[756,341],"_rootPartCFrame":[765.77,234.957,47.323,0.646,0,-0.764,0,1,0,0.764,0,0.646],"_humanoidState":5,"_cameraCFrame":[765.902,250.933,53.411,1,-0.02,0.008,0,0.388,0.922,-0.022,-0.922,0.388],"_shiftlockState":false,"_pose":"FreeFall","_animationQueue":[],"_animationSpeed":1,"_zoom":16.125},{"_mousePosition":[756,341],"_rootPartCFrame":[766.036,235.452,47.317,0.57,0,-0.822,0,1,0,0.822,0,0.57],"_humanoidState":5,"_cameraCFrame":[766.169,251.554,53.458,1,-0.02,0.008,0,0.388,0.922,-0.022,-0.922,0.388],"_shiftlockState":false,"_pose":"FreeFall","_animationQueue":[],"_animationSpeed":1,"_zoom":16.125},{"_mousePosition":[756,341],"_rootPartCFrame":[766.303,235.893,47.311,0.5,0,-0.866,0,1,0,0.866,0,0.5],"_humanoidState":5,"_cameraCFrame":[766.437,252.077,53.487,1,-0.02,0.008,0,0.388,0.922,-0.022,-0.922,0.388],"_shiftlockState":false,"_pose":"FreeFall","_animationQueue":[],"_animationSpeed":1,"_zoom":16.125},{"_mousePosition":[756,341],"_rootPartCFrame":[766.57,236.279,47.305,0.437,0,-0.899,0,1,0,0.899,0,0.437],"_humanoidState":5,"_cameraCFrame":[766.704,252.522,53.506,1,-0.02,0.008,0,0.388,0.922,-0.022,-0.922,0.388],"_shiftlockState":false,"_pose":"FreeFall","_animationQueue":[],"_animationSpeed":1,"_zoom":16.125},{"_mousePosition":[756,341],"_rootPartCFrame":[766.836,236.61,47.299,0.382,0,-0.924,0,1,0,0.924,0,0.382],"_humanoidState":5,"_cameraCFrame":[766.971,252.894,53.517,1,-0.02,0.008,0,0.388,0.922,-0.022,-0.922,0.388],"_shiftlockState":false,"_pose":"FreeFall","_animationQueue":[],"_animationSpeed":1,"_zoom":16.125},{"_mousePosition":[756,341],"_rootPartCFrame":[767.103,236.887,47.294,0.333,0,-0.943,0,1,0,0.943,0,0.333],"_humanoidState":5,"_cameraCFrame":[767.238,253.197,53.522,1,-0.02,0.008,0,0.388,0.922,-0.022,-0.922,0.388],"_shiftlockState":false,"_pose":"FreeFall","_animationQueue":[],"_animationSpeed":1,"_zoom":16.125},{"_mousePosition":[756,341],"_rootPartCFrame":[767.369,237.11,47.288,0.291,0,-0.957,0,1,0,0.957,0,0.291],"_humanoidState":5,"_cameraCFrame":[767.505,253.438,53.524,1,-0.02,0.008,0,0.388,0.922,-0.022,-0.922,0.388],"_shiftlockState":false,"_pose":"FreeFall","_animationQueue":[],"_animationSpeed":1,"_zoom":16.125},{"_mousePosition":[756,341],"_rootPartCFrame":[767.703,237.311,47.281,0.245,0,-0.97,0,1,0,0.97,0,0.245],"_humanoidState":5,"_cameraCFrame":[767.838,253.651,53.522,1,-0.02,0.008,0,0.388,0.922,-0.022,-0.922,0.388],"_shiftlockState":false,"_pose":"FreeFall","_animationQueue":[],"_animationSpeed":1,"_zoom":16.125},{"_mousePosition":[756,341],"_rootPartCFrame":[767.903,237.391,47.276,0.221,0,-0.975,0,1,0,0.975,0,0.221],"_humanoidState":5,"_cameraCFrame":[768.038,253.739,53.521,1,-0.02,0.008,0,0.388,0.922,-0.022,-0.922,0.388],"_shiftlockState":false,"_pose":"FreeFall","_animationQueue":[],"_animationSpeed":1,"_zoom":16.125},{"_mousePosition":[756,341],"_rootPartCFrame":[768.236,237.457,47.269,0.187,0,-0.982,0,1,0,0.982,0,0.187],"_humanoidState":5,"_cameraCFrame":[768.371,253.81,53.516,1,-0.02,0.008,0,0.388,0.922,-0.022,-0.922,0.388],"_shiftlockState":false,"_pose":"FreeFall","_animationQueue":[],"_animationSpeed":1,"_zoom":16.125},{"_mousePosition":[756,341],"_rootPartCFrame":[768.436,237.455,47.265,0.169,0,-0.986,0,1,0,0.986,0,0.169],"_humanoidState":5,"_cameraCFrame":[768.525,248.765,51.39,1,-0.02,0.008,0,0.388,0.922,-0.022,-0.922,0.388],"_shiftlockState":false,"_pose":"FreeFall","_animationQueue":[],"_animationSpeed":1,"_zoom":16.125},{"_mousePosition":[756,341],"_rootPartCFrame":[768.769,237.547,47.258,0.143,0,-0.99,0,1,0,0.99,0,0.143],"_humanoidState":7,"_cameraCFrame":[768.858,248.765,51.345,1,-0.02,0.008,0,0.388,0.922,-0.022,-0.922,0.388],"_shiftlockState":false,"_pose":"FreeFall","_animationQueue":[["fall",0.3],["walk",0.1],["fall",0.3],["fall",0.3]],"_animationSpeed":1,"_zoom":16.125},{"_mousePosition":[756,341],"_rootPartCFrame":[768.969,237.599,47.253,0.13,0,-0.991,0,1,0,0.991,0,0.13],"_humanoidState":7,"_cameraCFrame":[769.057,248.765,51.318,1,-0.02,0.008,0,0.388,0.922,-0.022,-0.922,0.388],"_shiftlockState":false,"_pose":"FreeFall","_animationQueue":[],"_animationSpeed":1,"_zoom":16.125},{"_mousePosition":[756,341],"_rootPartCFrame":[769.302,237.651,47.246,0.112,0,-0.994,0,1,0,0.994,0,0.112],"_humanoidState":8,"_cameraCFrame":[769.39,248.765,51.289,1,-0.02,0.008,0,0.388,0.922,-0.022,-0.922,0.388],"_shiftlockState":false,"_pose":"Running","_animationQueue":[["walk",0.1],["fall",0.3],["walk",0.1]],"_animationSpeed":1.103,"_zoom":16.125},{"_mousePosition":[756,341],"_rootPartCFrame":[769.414,237.673,47.244,0.11,0,-0.994,0,1,0,0.994,0,0.11],"_humanoidState":8,"_cameraCFrame":[769.502,248.765,51.277,1,-0.02,0.008,0,0.388,0.922,-0.022,-0.922,0.388],"_shiftlockState":false,"_pose":"Running","_animationQueue":[],"_animationSpeed":1.103,"_zoom":16.125},{"_mousePosition":[756,341],"_rootPartCFrame":[769.419,237.686,47.243,0.11,0,-0.994,0,1,0,0.994,0,0.11],"_humanoidState":8,"_cameraCFrame":[769.507,248.765,51.272,1,-0.02,0.008,0,0.388,0.922,-0.022,-0.922,0.388],"_shiftlockState":false,"_pose":"Running","_animationQueue":[["walk",0.1]],"_animationSpeed":0.251,"_zoom":16.125},{"_mousePosition":[756,341],"_rootPartCFrame":[769.292,237.692,47.246,0.382,0,-0.924,0,1,0,0.924,0,0.382],"_humanoidState":8,"_cameraCFrame":[769.379,248.765,51.272,1,-0.02,0.008,0,0.388,0.922,-0.022,-0.922,0.388],"_shiftlockState":false,"_pose":"Standing","_animationQueue":[["idle",0.1]],"_animationSpeed":1,"_zoom":16.125},{"_mousePosition":[756,341],"_rootPartCFrame":[769.034,237.696,47.252,0.687,0,-0.726,0,1,0,0.726,0,0.687],"_humanoidState":8,"_cameraCFrame":[769.121,248.765,51.276,1,-0.02,0.008,0,0.388,0.922,-0.022,-0.922,0.388],"_shiftlockState":false,"_pose":"Running","_animationQueue":[["walk",0.1]],"_animationSpeed":0.847,"_zoom":16.125},{"_mousePosition":[756,341],"_rootPartCFrame":[768.768,237.697,47.258,0.888,0,-0.46,0,1,0,0.46,0,0.888],"_humanoidState":8,"_cameraCFrame":[768.855,248.765,51.281,1,-0.02,0.008,0,0.388,0.922,-0.022,-0.922,0.388],"_shiftlockState":false,"_pose":"Running","_animationQueue":[["walk",0.1],["walk",0.1]],"_animationSpeed":1.098,"_zoom":16.125},{"_mousePosition":[756,341],"_rootPartCFrame":[768.501,237.698,47.263,0.983,0,-0.185,0,1,0,0.185,0,0.983],"_humanoidState":8,"_cameraCFrame":[768.588,248.765,51.287,1,-0.02,0.008,0,0.388,0.922,-0.022,-0.922,0.388],"_shiftlockState":false,"_pose":"Running","_animationQueue":[],"_animationSpeed":1.098,"_zoom":16.125},{"_mousePosition":[756,341],"_rootPartCFrame":[768.234,237.699,47.269,0.998,0,0.065,0,1,0,-0.065,0,0.998],"_humanoidState":8,"_cameraCFrame":[768.322,248.765,51.292,1,-0.02,0.008,0,0.388,0.922,-0.022,-0.922,0.388],"_shiftlockState":false,"_pose":"Running","_animationQueue":[],"_animationSpeed":1.098,"_zoom":16.125},{"_mousePosition":[756,341],"_rootPartCFrame":[767.901,238.783,47.276,0.933,0,0.359,0,1,0,-0.359,0,0.933],"_humanoidState":3,"_cameraCFrame":[767.979,248.765,50.844,1,-0.02,0.008,0,0.388,0.922,-0.022,-0.922,0.388],"_shiftlockState":false,"_pose":"Jumping","_animationQueue":[["walk",0.1],["jump",0.1]],"_animationSpeed":1,"_zoom":16.125},{"_mousePosition":[756,341],"_rootPartCFrame":[767.701,239.394,47.281,0.879,0,0.477,0,1,0,-0.477,0,0.879],"_humanoidState":5,"_cameraCFrame":[767.783,249.862,51.052,1,-0.02,0.008,0,0.388,0.922,-0.022,-0.922,0.388],"_shiftlockState":false,"_pose":"FreeFall","_animationQueue":[["jump",0.1]],"_animationSpeed":1,"_zoom":16.125},{"_mousePosition":[756,341],"_rootPartCFrame":[767.435,240.162,47.286,0.804,0,0.595,0,1,0,-0.595,0,0.804],"_humanoidState":5,"_cameraCFrame":[767.526,251.672,51.497,1,-0.02,0.008,0,0.388,0.922,-0.022,-0.922,0.388],"_shiftlockState":false,"_pose":"FreeFall","_animationQueue":[],"_animationSpeed":1,"_zoom":16.125},{"_mousePosition":[756,341],"_rootPartCFrame":[767.168,240.875,47.292,0.72,0,0.694,0,1,0,-0.694,0,0.72],"_humanoidState":5,"_cameraCFrame":[767.27,253.553,51.993,1,-0.02,0.008,0,0.388,0.922,-0.022,-0.922,0.388],"_shiftlockState":false,"_pose":"FreeFall","_animationQueue":[],"_animationSpeed":1,"_zoom":16.125},{"_mousePosition":[756,341],"_rootPartCFrame":[766.835,241.689,47.299,0.613,0,0.79,0,1,0,-0.79,0,0.613],"_humanoidState":5,"_cameraCFrame":[766.945,255.222,52.36,1,-0.02,0.008,0,0.388,0.922,-0.022,-0.922,0.388],"_shiftlockState":false,"_pose":"FreeFall","_animationQueue":[],"_animationSpeed":1,"_zoom":16.125},{"_mousePosition":[756,341],"_rootPartCFrame":[766.635,242.137,47.304,0.553,0,0.833,0,1,0,-0.833,0,0.553],"_humanoidState":5,"_cameraCFrame":[766.752,256.457,52.695,1,-0.02,0.008,0,0.388,0.922,-0.022,-0.922,0.388],"_shiftlockState":false,"_pose":"FreeFall","_animationQueue":[],"_animationSpeed":1,"_zoom":16.125},{"_mousePosition":[756,341],"_rootPartCFrame":[766.368,242.687,47.31,0.48,0,0.877,0,1,0,-0.877,0,0.48],"_humanoidState":5,"_cameraCFrame":[766.49,257.574,52.94,1,-0.02,0.008,0,0.388,0.922,-0.022,-0.922,0.388],"_shiftlockState":false,"_pose":"FreeFall","_animationQueue":[],"_animationSpeed":1,"_zoom":16.125},{"_mousePosition":[756,341],"_rootPartCFrame":[766.102,243.182,47.315,0.414,0,0.91,0,1,0,-0.91,0,0.414],"_humanoidState":5,"_cameraCFrame":[766.228,258.517,53.134,1,-0.02,0.008,0,0.388,0.922,-0.022,-0.922,0.388],"_shiftlockState":false,"_pose":"FreeFall","_animationQueue":[],"_animationSpeed":1,"_zoom":16.125},{"_mousePosition":[756,341],"_rootPartCFrame":[765.835,243.622,47.321,0.356,0,0.935,0,1,0,-0.935,0,0.356],"_humanoidState":5,"_cameraCFrame":[765.964,259.278,53.275,1,-0.02,0.008,0,0.388,0.922,-0.022,-0.922,0.388],"_shiftlockState":false,"_pose":"FreeFall","_animationQueue":[],"_animationSpeed":1,"_zoom":16.125},{"_mousePosition":[756,341],"_rootPartCFrame":[765.568,244.008,47.327,0.305,0,0.952,0,1,0,-0.952,0,0.305],"_humanoidState":5,"_cameraCFrame":[765.7,259.879,53.371,1,-0.02,0.008,0,0.388,0.922,-0.022,-0.922,0.388],"_shiftlockState":false,"_pose":"FreeFall","_animationQueue":[],"_animationSpeed":1,"_zoom":16.125},{"_mousePosition":[756,341],"_rootPartCFrame":[765.302,244.34,47.333,0.26,0,0.966,0,1,0,-0.966,0,0.26],"_humanoidState":5,"_cameraCFrame":[765.434,260.378,53.447,1,-0.02,0.008,0,0.388,0.922,-0.022,-0.922,0.388],"_shiftlockState":false,"_pose":"FreeFall","_animationQueue":[],"_animationSpeed":1,"_zoom":16.125},{"_mousePosition":[756,341],"_rootPartCFrame":[764.969,244.678,47.34,0.211,0,0.977,0,1,0,-0.977,0,0.211],"_humanoidState":5,"_cameraCFrame":[765.102,260.818,53.497,1,-0.02,0.008,0,0.388,0.922,-0.022,-0.922,0.388],"_shiftlockState":false,"_pose":"FreeFall","_animationQueue":[],"_animationSpeed":1,"_zoom":16.125},{"_mousePosition":[756,341],"_rootPartCFrame":[764.769,244.839,47.344,0.186,0,0.982,0,1,0,-0.982,0,0.186],"_humanoidState":5,"_cameraCFrame":[764.903,261.05,53.531,1,-0.02,0.008,0,0.388,0.922,-0.022,-0.922,0.388],"_shiftlockState":false,"_pose":"FreeFall","_animationQueue":[],"_animationSpeed":1,"_zoom":16.125},{"_mousePosition":[756,341],"_rootPartCFrame":[764.502,245.007,47.35,0.158,0,0.988,0,1,0,-0.988,0,0.158],"_humanoidState":5,"_cameraCFrame":[764.637,261.27,53.559,1,-0.02,0.008,0,0.388,0.922,-0.022,-0.922,0.388],"_shiftlockState":false,"_pose":"FreeFall","_animationQueue":[],"_animationSpeed":1,"_zoom":16.125},{"_mousePosition":[756,341],"_rootPartCFrame":[764.235,245.121,47.356,0.132,0,0.991,0,1,0,-0.991,0,0.132],"_humanoidState":5,"_cameraCFrame":[764.37,261.419,53.58,1,-0.02,0.008,0,0.388,0.922,-0.022,-0.922,0.388],"_shiftlockState":false,"_pose":"FreeFall","_animationQueue":[],"_animationSpeed":1,"_zoom":16.125},{"_mousePosition":[756,341],"_rootPartCFrame":[763.969,245.18,47.362,0.111,0,0.994,0,1,0,-0.994,0,0.111],"_humanoidState":5,"_cameraCFrame":[764.103,261.51,53.565,1,-0.02,0.008,0,0.386,0.923,-0.022,-0.922,0.386],"_shiftlockState":false,"_pose":"FreeFall","_animationQueue":[],"_animationSpeed":1,"_zoom":16.125},{"_mousePosition":[756,341],"_rootPartCFrame":[763.702,245.184,47.367,0.092,0,0.996,0,1,0,-0.996,0,0.092],"_humanoidState":5,"_cameraCFrame":[763.837,261.531,53.577,1,-0.02,0.008,0,0.386,0.923,-0.022,-0.922,0.386],"_shiftlockState":false,"_pose":"FreeFall","_animationQueue":[],"_animationSpeed":1,"_zoom":16.125},{"_mousePosition":[756,341],"_rootPartCFrame":[763.436,245.185,47.373,0.076,0,0.997,0,1,0,-0.997,0,0.076],"_humanoidState":7,"_cameraCFrame":[763.57,261.542,53.587,1,-0.02,0.008,0,0.386,0.923,-0.022,-0.922,0.386],"_shiftlockState":false,"_pose":"FreeFall","_animationQueue":[["walk",0.1]],"_animationSpeed":1.103,"_zoom":16.125},{"_mousePosition":[756,341],"_rootPartCFrame":[763.169,245.191,47.379,0.062,0,0.998,0,1,0,-0.998,0,0.062],"_humanoidState":7,"_cameraCFrame":[763.256,256.265,51.384,1,-0.02,0.008,0,0.386,0.923,-0.022,-0.922,0.386],"_shiftlockState":false,"_pose":"FreeFall","_animationQueue":[["fall",0.3]],"_animationSpeed":1,"_zoom":16.125},{"_mousePosition":[756,341],"_rootPartCFrame":[763.048,245.195,47.382,0.06,0,0.998,0,1,0,-0.998,0,0.06],"_humanoidState":8,"_cameraCFrame":[763.135,256.265,51.384,1,-0.02,0.008,0,0.386,0.923,-0.022,-0.922,0.386],"_shiftlockState":false,"_pose":"Running","_animationQueue":[["walk",0.1],["fall",0.3],["walk",0.1]],"_animationSpeed":1.103,"_zoom":16.125},{"_mousePosition":[756,341],"_rootPartCFrame":[763.154,245.197,47.379,0.335,0,0.942,0,1,0,-0.942,0,0.335],"_humanoidState":8,"_cameraCFrame":[763.241,256.265,51.381,1,-0.02,0.008,0,0.386,0.923,-0.022,-0.922,0.386],"_shiftlockState":false,"_pose":"Running","_animationQueue":[["walk",0.1]],"_animationSpeed":0.094,"_zoom":16.125},{"_mousePosition":[756,341],"_rootPartCFrame":[763.474,245.199,47.372,0.718,0,0.696,0,1,0,-0.696,0,0.718],"_humanoidState":8,"_cameraCFrame":[763.561,256.265,51.374,1,-0.02,0.008,0,0.386,0.923,-0.022,-0.922,0.386],"_shiftlockState":false,"_pose":"Running","_animationQueue":[["walk",0.1]],"_animationSpeed":0.758,"_zoom":16.125},{"_mousePosition":[756,341],"_rootPartCFrame":[763.674,245.199,47.368,0.867,0,0.498,0,1,0,-0.498,0,0.867],"_humanoidState":8,"_cameraCFrame":[763.765,256.713,51.557,1,-0.02,0.008,0,0.386,0.923,-0.022,-0.922,0.386],"_shiftlockState":false,"_pose":"Running","_animationQueue":[["walk",0.1]],"_animationSpeed":1.101,"_zoom":16.125},{"_mousePosition":[756,341],"_rootPartCFrame":[763.941,246.062,47.362,0.98,0,0.199,0,1,0,-0.199,0,0.98],"_humanoidState":3,"_cameraCFrame":[764.04,258.455,51.919,1,-0.02,0.008,0,0.386,0.923,-0.022,-0.922,0.386],"_shiftlockState":false,"_pose":"Jumping","_animationQueue":[["walk",0.1],["jump",0.1]],"_animationSpeed":1,"_zoom":16.125},{"_mousePosition":[756,341],"_rootPartCFrame":[764.208,246.87,47.356,1,0,0.009,0,1,0,-0.009,0,1],"_humanoidState":5,"_cameraCFrame":[764.314,260.128,52.275,1,-0.02,0.008,0,0.386,0.923,-0.022,-0.922,0.386],"_shiftlockState":false,"_pose":"FreeFall","_animationQueue":[["jump",0.1]],"_animationSpeed":1,"_zoom":16.125},{"_mousePosition":[756,341],"_rootPartCFrame":[764.474,247.624,47.351,0.991,0,-0.131,0,1,0,0.131,0,0.991],"_humanoidState":5,"_cameraCFrame":[764.588,261.731,52.624,1,-0.02,0.008,0,0.386,0.923,-0.022,-0.922,0.386],"_shiftlockState":false,"_pose":"FreeFall","_animationQueue":[],"_animationSpeed":1,"_zoom":16.125},{"_mousePosition":[756,341],"_rootPartCFrame":[764.741,248.324,47.345,0.965,0,-0.262,0,1,0,0.262,0,0.965],"_humanoidState":5,"_cameraCFrame":[764.861,263.033,52.87,1,-0.02,0.008,0,0.386,0.923,-0.022,-0.922,0.386],"_shiftlockState":false,"_pose":"FreeFall","_animationQueue":[],"_animationSpeed":1,"_zoom":16.125},{"_mousePosition":[756,341],"_rootPartCFrame":[765.007,248.968,47.339,0.922,0,-0.388,0,1,0,0.388,0,0.922],"_humanoidState":5,"_cameraCFrame":[765.131,264.153,53.032,1,-0.02,0.008,0,0.384,0.923,-0.022,-0.923,0.384],"_shiftlockState":false,"_pose":"FreeFall","_animationQueue":[],"_animationSpeed":1,"_zoom":16.125},{"_mousePosition":[756,341],"_rootPartCFrame":[765.274,249.559,47.333,0.862,0,-0.507,0,1,0,0.507,0,0.862],"_humanoidState":5,"_cameraCFrame":[765.415,265.109,53.178,1,-0.022,0.009,0,0.384,0.923,-0.024,-0.923,0.384],"_shiftlockState":false,"_pose":"FreeFall","_animationQueue":[],"_animationSpeed":1,"_zoom":16.125},{"_mousePosition":[756,341],"_rootPartCFrame":[765.541,250.095,47.328,0.787,0,-0.617,0,1,0,0.617,0,0.787],"_humanoidState":5,"_cameraCFrame":[765.684,265.918,53.253,1,-0.022,0.009,0,0.382,0.924,-0.024,-0.924,0.382],"_shiftlockState":false,"_pose":"FreeFall","_animationQueue":[],"_animationSpeed":1,"_zoom":16.125},{"_mousePosition":[756,341],"_rootPartCFrame":[765.807,250.576,47.321,0.706,0,-0.709,0,1,0,0.709,0,0.706],"_humanoidState":5,"_cameraCFrame":[765.952,266.575,53.319,1,-0.022,0.009,0,0.382,0.924,-0.024,-0.924,0.382],"_shiftlockState":false,"_pose":"FreeFall","_animationQueue":[],"_animationSpeed":1,"_zoom":16.125},{"_mousePosition":[756,341],"_rootPartCFrame":[766.074,251.003,47.315,0.626,0,-0.78,0,1,0,0.78,0,0.626],"_humanoidState":5,"_cameraCFrame":[766.22,267.132,53.366,1,-0.022,0.009,0,0.382,0.924,-0.024,-0.924,0.382],"_shiftlockState":false,"_pose":"FreeFall","_animationQueue":[],"_animationSpeed":1,"_zoom":16.125},{"_mousePosition":[756,341],"_rootPartCFrame":[766.34,251.375,47.308,0.552,0,-0.834,0,1,0,0.834,0,0.552],"_humanoidState":5,"_cameraCFrame":[766.488,267.598,53.399,1,-0.022,0.009,0,0.382,0.924,-0.024,-0.924,0.382],"_shiftlockState":false,"_pose":"FreeFall","_animationQueue":[],"_animationSpeed":1,"_zoom":16.125},{"_mousePosition":[756,341],"_rootPartCFrame":[766.607,251.693,47.302,0.484,0,-0.875,0,1,0,0.875,0,0.484],"_humanoidState":5,"_cameraCFrame":[766.755,267.969,53.414,1,-0.022,0.009,0,0.382,0.924,-0.024,-0.924,0.382],"_shiftlockState":false,"_pose":"FreeFall","_animationQueue":[],"_animationSpeed":1,"_zoom":16.125},{"_mousePosition":[756,341],"_rootPartCFrame":[766.874,251.957,47.295,0.424,0,-0.906,0,1,0,0.906,0,0.424],"_humanoidState":5,"_cameraCFrame":[767.022,268.274,53.425,1,-0.022,0.009,0,0.382,0.924,-0.024,-0.924,0.382],"_shiftlockState":false,"_pose":"FreeFall","_animationQueue":[],"_animationSpeed":1,"_zoom":16.125},{"_mousePosition":[756,341],"_rootPartCFrame":[767.14,252.166,47.289,0.37,0,-0.929,0,1,0,0.929,0,0.37],"_humanoidState":5,"_cameraCFrame":[767.288,268.524,53.402,1,-0.022,0.009,0,0.381,0.925,-0.024,-0.924,0.38],"_shiftlockState":false,"_pose":"FreeFall","_animationQueue":[],"_animationSpeed":1,"_zoom":16.125},{"_mousePosition":[756,341],"_rootPartCFrame":[767.473,252.35,47.281,0.312,0,-0.95,0,1,0,0.95,0,0.312],"_humanoidState":5,"_cameraCFrame":[767.622,268.726,53.401,1,-0.022,0.009,0,0.381,0.925,-0.024,-0.924,0.38],"_shiftlockState":false,"_pose":"FreeFall","_animationQueue":[],"_animationSpeed":1,"_zoom":16.125},{"_mousePosition":[756,341],"_rootPartCFrame":[767.673,252.42,47.276,0.282,0,-0.96,0,1,0,0.96,0,0.282],"_humanoidState":5,"_cameraCFrame":[767.822,268.808,53.401,1,-0.022,0.009,0,0.381,0.925,-0.024,-0.924,0.38],"_shiftlockState":false,"_pose":"FreeFall","_animationQueue":[],"_animationSpeed":1,"_zoom":16.125},{"_mousePosition":[756,341],"_rootPartCFrame":[767.94,252.465,47.27,0.246,0,-0.969,0,1,0,0.969,0,0.246],"_humanoidState":5,"_cameraCFrame":[768.088,268.861,53.398,1,-0.022,0.009,0,0.381,0.925,-0.024,-0.924,0.38],"_shiftlockState":false,"_pose":"FreeFall","_animationQueue":[],"_animationSpeed":1,"_zoom":16.125},{"_mousePosition":[756,341],"_rootPartCFrame":[768.207,252.456,47.263,0.215,0,-0.977,0,1,0,0.977,0,0.215],"_humanoidState":5,"_cameraCFrame":[768.355,268.858,53.394,1,-0.022,0.009,0,0.381,0.925,-0.024,-0.924,0.38],"_shiftlockState":false,"_pose":"FreeFall","_animationQueue":[["fall",0.3]],"_animationSpeed":1,"_zoom":16.125},{"_mousePosition":[756,341],"_rootPartCFrame":[768.35,252.544,47.26,0.206,0,-0.979,0,1,0,0.979,0,0.206],"_humanoidState":7,"_cameraCFrame":[768.499,268.949,53.392,1,-0.022,0.009,0,0.381,0.925,-0.024,-0.924,0.38],"_shiftlockState":false,"_pose":"FreeFall","_animationQueue":[["walk",0.1],["fall",0.3],["fall",0.3]],"_animationSpeed":1,"_zoom":16.125},{"_mousePosition":[756,341],"_rootPartCFrame":[768.353,252.597,47.26,0.205,0,-0.979,0,1,0,0.979,0,0.205],"_humanoidState":7,"_cameraCFrame":[768.502,269.004,53.392,1,-0.022,0.009,0,0.381,0.925,-0.024,-0.924,0.38],"_shiftlockState":false,"_pose":"FreeFall","_animationQueue":[],"_animationSpeed":1,"_zoom":16.125},{"_mousePosition":[756,341],"_rootPartCFrame":[768.226,252.643,47.263,0.461,0,-0.888,0,1,0,0.888,0,0.461],"_humanoidState":8,"_cameraCFrame":[768.374,269.051,53.396,1,-0.022,0.009,0,0.381,0.925,-0.024,-0.924,0.38],"_shiftlockState":false,"_pose":"Running","_animationQueue":[["fall",0.3],["walk",0.1]],"_animationSpeed":0.005,"_zoom":16.125},{"_mousePosition":[756,341],"_rootPartCFrame":[767.968,252.668,47.269,0.741,0,-0.672,0,1,0,0.672,0,0.741],"_humanoidState":8,"_cameraCFrame":[768.117,269.078,53.403,1,-0.022,0.009,0,0.381,0.925,-0.024,-0.924,0.38],"_shiftlockState":false,"_pose":"Running","_animationQueue":[["walk",0.1]],"_animationSpeed":0.847,"_zoom":16.125},{"_mousePosition":[756,341],"_rootPartCFrame":[767.702,252.683,47.275,0.916,0,-0.4,0,1,0,0.4,0,0.916],"_humanoidState":8,"_cameraCFrame":[767.85,269.093,53.41,1,-0.022,0.009,0,0.381,0.925,-0.024,-0.924,0.38],"_shiftlockState":false,"_pose":"Running","_animationQueue":[["walk",0.1]],"_animationSpeed":1.098,"_zoom":16.125},{"_mousePosition":[756,341],"_rootPartCFrame":[767.369,253.753,47.283,1,0,-0.017,0,1,0,0.017,