[{"_mousePosition":[1007,365],"_rootPartCFrame":[776.035,222.965,47.142,-0.002,-0.007,1,0,1,0.007,-1,0,-0.002],"_humanoidState":8,"_cameraCFrame":[787.453,233.687,46.407,-0.064,-0.626,0.777,0,0.779,0.627,-0.998,0.04,-0.05],"_shiftlockState":false,"_pose":"Standing","_animationQueue":[],"_animationSpeed":1,"_zoom":14.704},{"_mousePosition":[975,363],"_rootPartCFrame":[775.865,222.876,47.153,-0.008,-0.002,1,0,1,0.002,-1,0,-0.008],"_humanoidState":8,"_cameraCFrame":[787.29,233.598,46.418,-0.064,-0.626,0.777,0,0.779,0.627,-0.998,0.04,-0.05],"_shiftlockState":false,"_pose":"Standing","_animationQueue":[],"_animationSpeed":1,"_zoom":14.704},{"_mousePosition":[919,360],"_rootPartCFrame":[775.466,222.663,47.179,-0.019,0,1,0,1,0,-1,0,-0.019],"_humanoidState":8,"_cameraCFrame":[786.896,233.385,46.443,-0.064,-0.626,0.777,0,0.779,0.627,-0.998,0.04,-0.05],"_shiftlockState":false,"_pose":"Running","_animationQueue":[["walk",0.1]],"_animationSpeed":1,"_zoom":14.704},{"_mousePosition":[890,359],"_rootPartCFrame":[774.934,222.671,47.213,-0.032,0,1,0,1,0,-1,0,-0.032],"_humanoidState":8,"_cameraCFrame":[786.363,233.394,46.477,-0.064,-0.626,0.777,0,0.779,0.627,-0.998,0.04,-0.05],"_shiftlockState":false,"_pose":"Running","_animationQueue":[["walk",0.1],["walk",0.1]],"_animationSpeed":1.105,"_zoom":14.704},{"_mousePosition":[847,360],"_rootPartCFrame":[774.801,222.678,47.221,-0.034,0,0.999,0,1,0,-0.999,0,-0.034],"_humanoidState":8,"_cameraCFrame":[786.23,233.401,46.486,-0.064,-0.626,0.777,0,0.779,0.627,-0.998,0.04,-0.05],"_shiftlockState":false,"_pose":"Running","_animationQueue":[],"_animationSpeed":1.105,"_zoom":14.704},{"_mousePosition":[821,362],"_rootPartCFrame":[774.535,222.688,47.239,-0.038,0,0.999,0,1,0,-0.999,0,-0.038],"_humanoidState":8,"_cameraCFrame":[785.964,233.41,46.503,-0.064,-0.626,0.777,0,0.779,0.627,-0.998,0.04,-0.05],"_shiftlockState":false,"_pose":"Running","_animationQueue":[],"_animationSpeed":1.105,"_zoom":14.704},{"_mousePosition":[772,367],"_rootPartCFrame":[774.269,222.693,47.256,-0.041,0,0.999,0,1,0,-0.999,0,-0.041],"_humanoidState":8,"_cameraCFrame":[785.698,233.416,46.52,-0.064,-0.626,0.777,0,0.779,0.627,-0.998,0.04,-0.05],"_shiftlockState":false,"_pose":"Running","_animationQueue":[],"_animationSpeed":1.105,"_zoom":14.704},{"_mousePosition":[746,372],"_rootPartCFrame":[773.87,222.697,47.281,-0.046,0,0.999,0,1,0,-0.999,0,-0.046],"_humanoidState":8,"_cameraCFrame":[785.298,233.42,46.546,-0.064,-0.626,0.777,0,0.779,0.627,-0.998,0.04,-0.05],"_shiftlockState":false,"_pose":"Running","_animationQueue":[],"_animationSpeed":1.105,"_zoom":14.704},{"_mousePosition":[709,380],"_rootPartCFrame":[773.737,222.698,47.29,-0.047,0,0.999,0,1,0,-0.999,0,-0.047],"_humanoidState":8,"_cameraCFrame":[785.165,233.42,46.554,-0.064,-0.626,0.777,0,0.779,0.627,-0.998,0.04,-0.05],"_shiftlockState":false,"_pose":"Running","_animationQueue":[],"_animationSpeed":1.105,"_zoom":14.704},{"_mousePosition":[680,387],"_rootPartCFrame":[773.471,222.699,47.307,-0.05,0,0.999,0,1,0,-0.999,0,-0.05],"_humanoidState":8,"_cameraCFrame":[784.899,233.421,46.572,-0.064,-0.626,0.777,0,0.779,0.627,-0.998,0.04,-0.05],"_shiftlockState":false,"_pose":"Running","_animationQueue":[],"_animationSpeed":1.105,"_zoom":14.704},{"_mousePosition":[645,399],"_rootPartCFrame":[773.204,222.699,47.324,-0.052,0,0.999,0,1,0,-0.999,0,-0.052],"_humanoidState":8,"_cameraCFrame":[784.633,233.422,46.589,-0.064,-0.626,0.777,0,0.779,0.627,-0.998,0.04,-0.05],"_shiftlockState":false,"_pose":"Running","_animationQueue":[["walk",0.1]],"_animationSpeed":1.105,"_zoom":14.704},{"_mousePosition":[631,408],"_rootPartCFrame":[772.938,222.699,47.341,-0.053,0,0.999,0,1,0,-0.999,0,-0.053],"_humanoidState":8,"_cameraCFrame":[784.367,233.422,46.606,-0.064,-0.626,0.777,0,0.779,0.627,-0.998,0.04,-0.05],"_shiftlockState":false,"_pose":"Running","_animationQueue":[],"_animationSpeed":1.105,"_zoom":14.704},{"_mousePosition":[631,408],"_rootPartCFrame":[772.672,222.7,47.358,-0.055,0,0.998,0,1,0,-0.998,0,-0.055],"_humanoidState":8,"_cameraCFrame":[783.884,233.669,46.448,-0.081,-0.642,0.763,0,0.765,0.644,-0.997,0.052,-0.062],"_shiftlockState":false,"_pose":"Running","_animationQueue":[],"_animationSpeed":1.105,"_zoom":14.704},{"_mousePosition":[631,408],"_rootPartCFrame":[772.406,222.7,47.376,-0.056,0,0.998,0,1,0,-0.998,0,-0.056],"_humanoidState":8,"_cameraCFrame":[783.453,233.849,46.35,-0.092,-0.653,0.751,0,0.755,0.656,-0.996,0.061,-0.07],"_shiftlockState":false,"_pose":"Running","_animationQueue":[],"_animationSpeed":1.105,"_zoom":14.704},{"_mousePosition":[631,408],"_rootPartCFrame":[772.14,222.7,47.397,-0.059,0,0.998,0,1,0,-0.998,0,-0.059],"_humanoidState":8,"_cameraCFrame":[782.772,234.271,46.083,-0.123,-0.68,0.723,0,0.729,0.685,-0.992,0.084,-0.089],"_shiftlockState":false,"_pose":"Running","_animationQueue":[],"_animationSpeed":1.105,"_zoom":14.704},{"_mousePosition":[631,408],"_rootPartCFrame":[771.875,222.7,47.421,-0.063,0,0.998,0,1,0,-0.998,0,-0.063],"_humanoidState":8,"_cameraCFrame":[782.055,234.678,45.761,-0.161,-0.703,0.692,0,0.702,0.713,-0.987,0.115,-0.113],"_shiftlockState":false,"_pose":"Running","_animationQueue":[],"_animationSpeed":1.105,"_zoom":14.704},{"_mousePosition":[631,408],"_rootPartCFrame":[771.655,222.7,47.291,0.023,0,1,0,1,0,-1,0,0.023],"_humanoidState":8,"_cameraCFrame":[781.158,235.212,45.142,-0.221,-0.731,0.646,0,0.663,0.749,-0.975,0.165,-0.146],"_shiftlockState":false,"_pose":"Running","_animationQueue":[["walk",0.1]],"_animationSpeed":1.105,"_zoom":14.704},{"_mousePosition":[631,408],"_rootPartCFrame":[771.438,222.7,47.135,0.105,0,0.995,0,1,0,-0.995,0,0.105],"_humanoidState":8,"_cameraCFrame":[780.327,235.626,44.559,-0.278,-0.746,0.605,0,0.629,0.777,-0.96,0.216,-0.175],"_shiftlockState":false,"_pose":"Running","_animationQueue":[],"_animationSpeed":1.105,"_zoom":14.704},{"_mousePosition":[631,408],"_rootPartCFrame":[771.214,222.7,46.992,0.167,0,0.986,0,1,0,-0.986,0,0.167],"_humanoidState":8,"_cameraCFrame":[779.153,236.164,43.826,-0.37,-0.756,0.54,0,0.581,0.814,-0.929,0.301,-0.215],"_shiftlockState":false,"_pose":"Running","_animationQueue":[],"_animationSpeed":1.105,"_zoom":14.704},{"_mousePosition":[631,408],"_rootPartCFrame":[770.981,222.7,46.862,0.212,0,0.977,0,1,0,-0.977,0,0.212],"_humanoidState":8,"_cameraCFrame":[778.237,236.486,43.313,-0.439,-0.751,0.493,0,0.549,0.836,-0.898,0.367,-0.241],"_shiftlockState":false,"_pose":"Running","_animationQueue":[],"_animationSpeed":1.105,"_zoom":14.704},{"_mousePosition":[631,408],"_rootPartCFrame":[770.737,222.7,46.755,0.239,0,0.971,0,1,0,-0.971,0,0.239],"_humanoidState":8,"_cameraCFrame":[777.122,236.838,42.792,-0.527,-0.73,0.434,0,0.511,0.86,-0.85,0.453,-0.269],"_shiftlockState":false,"_pose":"Running","_animationQueue":[],"_animationSpeed":1.105,"_zoom":14.704},{"_mousePosition":[631,408],"_rootPartCFrame":[770.485,222.7,46.667,0.252,0,0.968,0,1,0,-0.968,0,0.252],"_humanoidState":8,"_cameraCFrame":[775.997,237.137,42.37,-0.615,-0.694,0.375,0,0.475,0.88,-0.789,0.541,-0.292],"_shiftlockState":false,"_pose":"Running","_animationQueue":[],"_animationSpeed":1.105,"_zoom":14.704},{"_mousePosition":[631,408],"_rootPartCFrame":[770.226,222.7,46.604,0.25,0,0.968,0,1,0,-0.968,0,0.25],"_humanoidState":8,"_cameraCFrame":[774.905,237.402,42.132,-0.691,-0.649,0.318,0,0.44,0.898,-0.723,0.62,-0.304],"_shiftlockState":false,"_pose":"Running","_animationQueue":[],"_animationSpeed":1.105,"_zoom":14.704},{"_mousePosition":[631,408],"_rootPartCFrame":[769.902,222.649,46.528,0.246,0,0.969,0,1,0,-0.969,0,0.246],"_humanoidState":8,"_cameraCFrame":[773.903,237.568,42.043,-0.746,-0.608,0.272,0,0.409,0.913,-0.666,0.681,-0.305],"_shiftlockState":false,"_pose":"Running","_animationQueue":[["walk",0.1]],"_animationSpeed":1.105,"_zoom":14.704},{"_mousePosition":[631,408],"_rootPartCFrame":[769.707,222.577,46.482,0.244,0,0.97,0,1,0,-0.97,0,0.244],"_humanoidState":8,"_cameraCFrame":[773.027,237.71,42.086,-0.798,-0.559,0.226,0,0.375,0.927,-0.603,0.74,-0.299],"_shiftlockState":false,"_pose":"Running","_animationQueue":[],"_animationSpeed":1.105,"_zoom":14.704},{"_mousePosition":[631,408],"_rootPartCFrame":[769.382,222.39,46.406,0.24,0,0.971,0,1,0,-0.971,0,0.24],"_humanoidState":8,"_cameraCFrame":[772.301,237.648,42.117,-0.827,-0.526,0.199,0,0.353,0.936,-0.563,0.774,-0.292],"_shiftlockState":false,"_pose":"Running","_animationQueue":[],"_animationSpeed":1.105,"_zoom":14.704},{"_mousePosition":[631,408],"_rootPartCFrame":[769.185,222.525,46.413,0.216,0,0.976,0,1,0,-0.976,0,0.216],"_humanoidState":8,"_cameraCFrame":[771.673,237.924,42.31,-0.855,-0.49,0.169,0,0.326,0.945,-0.519,0.808,-0.279],"_shiftlockState":false,"_pose":"Running","_animationQueue":[],"_animationSpeed":1.105,"_zoom":14.704},{"_mousePosition":[631,408],"_rootPartCFrame":[768.923,222.792,46.46,0.167,0,0.986,0,1,0,-0.986,0,0.167],"_humanoidState":8,"_cameraCFrame":[769.615,238.277,41.644,-0.872,-0.465,0.151,0,0.309,0.951,-0.489,0.83,-0.269],"_shiftlockState":true,"_pose":"Running","_animationQueue":[],"_animationSpeed":1.105,"_zoom":14.704},{"_mousePosition":[683,352.5],"_rootPartCFrame":[768.663,222.971,46.521,-0.906,0,0.424,0,1,0,-0.424,0,-0.906],"_humanoidState":8,"_cameraCFrame":[769.355,238.457,41.705,-0.872,-0.465,0.151,0,0.309,0.951,-0.489,0.83,-0.269],"_shiftlockState":true,"_pose":"Running","_animationQueue":[],"_animationSpeed":1.105,"_zoom":14.704},{"_mousePosition":[683,352.5],"_rootPartCFrame":[768.342,223.092,46.61,-0.885,0,0.466,0,1,0,-0.466,0,-0.885],"_humanoidState":8,"_cameraCFrame":[768.753,238.656,41.994,-0.889,-0.438,0.134,0,0.292,0.956,-0.458,0.85,-0.259],"_shiftlockState":true,"_pose":"Running","_animationQueue":[],"_animationSpeed":1.105,"_zoom":14.704},{"_mousePosition":[683,352.5],"_rootPartCFrame":[768.159,223.131,46.588,-0.889,0,0.457,0,1,0,-0.457,0,-0.889],"_humanoidState":8,"_cameraCFrame":[768.307,238.772,42.197,-0.903,-0.413,0.118,0,0.274,0.962,-0.429,0.869,-0.248],"_shiftlockState":true,"_pose":"Running","_animationQueue":[["walk",0.1]],"_animationSpeed":1.105,"_zoom":14.704},{"_mousePosition":[683,352.5],"_rootPartCFrame":[767.921,223.162,46.472,-0.903,0,0.429,0,1,0,-0.429,0,-0.903],"_humanoidState":8,"_cameraCFrame":[767.863,238.863,42.277,-0.915,-0.391,0.105,0,0.259,0.966,-0.404,0.883,-0.237],"_shiftlockState":true,"_pose":"Running","_animationQueue":[["walk",0.1]],"_animationSpeed":1.042,"_zoom":14.704},{"_mousePosition":[683,352.5],"_rootPartCFrame":[767.681,223.179,46.356,-0.915,0,0.404,0,1,0,-0.404,0,-0.915],"_humanoidState":8,"_cameraCFrame":[767.392,238.949,42.41,-0.927,-0.364,0.091,0,0.241,0.97,-0.376,0.899,-0.224],"_shiftlockState":true,"_pose":"Running","_animationQueue":[["walk",0.1]],"_animationSpeed":1.102,"_zoom":14.704},{"_mousePosition":[683,352.5],"_rootPartCFrame":[767.377,223.19,46.22,-0.927,0,0.376,0,1,0,-0.376,0,-0.927],"_humanoidState":8,"_cameraCFrame":[766.935,239.007,42.464,-0.934,-0.347,0.081,0,0.228,0.974,-0.356,0.91,-0.213],"_shiftlockState":true,"_pose":"Running","_animationQueue":[],"_animationSpeed":1.102,"_zoom":14.704},{"_mousePosition":[683,352.5],"_rootPartCFrame":[767.192,223.194,46.144,-0.934,0,0.356,0,1,0,-0.356,0,-0.934],"_humanoidState":8,"_cameraCFrame":[766.613,239.052,42.572,-0.941,-0.329,0.073,0,0.215,0.977,-0.337,0.919,-0.203],"_shiftlockState":true,"_pose":"Running","_animationQueue":[],"_animationSpeed":1.102,"_zoom":14.704},{"_mousePosition":[683,352.5],"_rootPartCFrame":[766.881,223.197,46.025,-0.941,0,0.337,0,1,0,-0.337,0,-0.941],"_humanoidState":8,"_cameraCFrame":[766.249,239.076,42.543,-0.943,-0.324,0.069,0,0.209,0.978,-0.331,0.923,-0.197],"_shiftlockState":true,"_pose":"Running","_animationQueue":[],"_animationSpeed":1.102,"_zoom":14.704},{"_mousePosition":[683,352.5],"_rootPartCFrame":[766.693,223.198,45.956,-0.943,0,0.331,0,1,0,-0.331,0,-0.943],"_humanoidState":8,"_cameraCFrame":[766.046,239.084,42.509,-0.944,-0.323,0.068,0,0.207,0.978,-0.33,0.923,-0.195],"_shiftlockState":true,"_pose":"Running","_animationQueue":[["walk",0.1]],"_animationSpeed":1.102,"_zoom":14.704},{"_mousePosition":[683,352.5],"_rootPartCFrame":[766.378,223.199,45.846,-0.944,0,0.33,0,1,0,-0.33,0,-0.944],"_humanoidState":8,"_cameraCFrame":[765.728,239.085,42.399,-0.944,-0.322,0.068,0,0.207,0.978,-0.329,0.924,-0.195],"_shiftlockState":true,"_pose":"Running","_animationQueue":[],"_animationSpeed":1.102,"_zoom":14.704},{"_mousePosition":[683,352.5],"_rootPartCFrame":[766.127,223.199,45.758,-0.944,0,0.329,0,1,0,-0.329,0,-0.944],"_humanoidState":8,"_cameraCFrame":[765.468,239.09,42.332,-0.944,-0.322,0.068,0,0.205,0.979,-0.329,0.924,-0.194],"_shiftlockState":true,"_pose":"Running","_animationQueue":[],"_animationSpeed":1.102,"_zoom":14.704},{"_mousePosition":[683,352.5],"_rootPartCFrame":[765.875,223.199,45.67,-0.944,0,0.33,0,1,0,-0.33,0,-0.944],"_humanoidState":8,"_cameraCFrame":[765.194,239.1,42.29,-0.945,-0.321,0.066,0,0.202,0.979,-0.328,0.925,-0.191],"_shiftlockState":true,"_pose":"Running","_animationQueue":[],"_animationSpeed":1.102,"_zoom":14.704},{"_mousePosition":[683,352.5],"_rootPartCFrame":[765.686,223.199,45.604,-0.945,0,0.328,0,1,0,-0.328,0,-0.945],"_humanoidState":8,"_cameraCFrame":[764.987,239.107,42.258,-0.946,-0.319,0.065,0,0.2,0.98,-0.326,0.926,-0.189],"_shiftlockState":true,"_pose":"Running","_animationQueue":[],"_animationSpeed":1.102,"_zoom":14.704},{"_mousePosition":[683,352.5],"_rootPartCFrame":[765.308,223.2,45.473,-0.946,0,0.326,0,1,0,-0.326,0,-0.946],"_humanoidState":8,"_cameraCFrame":[764.605,239.11,42.138,-0.946,-0.319,0.065,0,0.199,0.98,-0.326,0.927,-0.188],"_shiftlockState":true,"_pose":"Running","_animationQueue":[],"_animationSpeed":1.102,"_zoom":14.704},{"_mousePosition":[683,352.5],"_rootPartCFrame":[765.119,223.2,45.407,-0.946,0,0.326,0,1,0,-0.326,0,-0.946],"_humanoidState":8,"_cameraCFrame":[764.409,239.115,42.095,-0.946,-0.319,0.064,0,0.197,0.98,-0.326,0.927,-0.187],"_shiftlockState":true,"_pose":"Running","_animationQueue":[],"_animationSpeed":1.102,"_zoom":14.704},{"_mousePosition":[683,352.5],"_rootPartCFrame":[764.867,223.165,45.321,-0.946,0,0.326,0,1,0,-0.326,0,-0.946],"_humanoidState":8,"_cameraCFrame":[764.145,239.087,42.041,-0.946,-0.319,0.063,0,0.195,0.981,-0.326,0.927,-0.184],"_shiftlockState":true,"_pose":"Running","_animationQueue":[["walk",0.1]],"_animationSpeed":1.102,"_zoom":14.704},{"_mousePosition":[683,352.5],"_rootPartCFrame":[764.615,223.077,45.234,-0.946,0,0.326,0,1,0,-0.326,0,-0.946],"_humanoidState":8,"_cameraCFrame":[763.894,239.01,42.005,-0.943,-0.325,0.063,0,0.191,0.982,-0.331,0.926,-0.18],"_shiftlockState":true,"_pose":"Running","_animationQueue":[],"_animationSpeed":1.102,"_zoom":14.704},{"_mousePosition":[683,352.5],"_rootPartCFrame":[764.299,224.161,45.125,-0.943,0,0.331,0,1,0,-0.331,0,-0.943],"_humanoidState":3,"_cameraCFrame":[763.599,240.108,41.952,-0.939,-0.338,0.064,0,0.186,0.983,-0.344,0.922,-0.175],"_shiftlockState":true,"_pose":"Jumping","_animationQueue":[["walk",0.1],["jump",0.1]],"_animationSpeed":1,"_zoom":14.704},{"_mousePosition":[683,352.5],"_rootPartCFrame":[764.111,224.772,45.059,-0.915,0,0.402,0,1,0,-0.402,0,-0.915],"_humanoidState":5,"_cameraCFrame":[763.544,240.736,41.939,-0.919,-0.387,0.071,0,0.18,0.984,-0.394,0.904,-0.165],"_shiftlockState":true,"_pose":"FreeFall","_animationQueue":[["jump",0.1]],"_animationSpeed":1,"_zoom":14.704},{"_mousePosition":[683,352.5],"_rootPartCFrame":[763.86,225.54,44.968,-0.863,0,0.506,0,1,0,-0.506,0,-0.863],"_humanoidState":5,"_cameraCFrame":[763.292,241.506,41.858,-0.919,-0.388,0.071,0,0.179,0.984,-0.395,0.904,-0.165],"_shiftlockState":true,"_pose":"FreeFall","_animationQueue":[],"_animationSpeed":1,"_zoom":14.704},{"_mousePosition":[683,352.5],"_rootPartCFrame":[763.614,226.253,44.865,-0.859,0,0.513,0,1,0,-0.513,0,-0.859],"_humanoidState":5,"_cameraCFrame":[763.046,242.219,41.755,-0.919,-0.388,0.071,0,0.179,0.984,-0.395,0.904,-0.165],"_shiftlockState":true,"_pose":"FreeFall","_animationQueue":[],"_animationSpeed":1,"_zoom":14.704},{"_mousePosition":[683,352.5],"_rootPartCFrame":[763.369,226.911,44.76,-0.858,0,0.513,0,1,0,-0.513,0,-0.858],"_humanoidState":5,"_cameraCFrame":[762.801,242.877,41.65,-0.919,-0.388,0.071,0,0.179,0.984,-0.395,0.904,-0.165],"_shiftlockState":true,"_pose":"FreeFall","_animationQueue":[],"_animationSpeed":1,"_zoom":14.704},{"_mousePosition":[683,352.5],"_rootPartCFrame":[763.124,227.515,44.654,-0.858,0,0.513,0,1,0,-0.513,0,-0.858],"_humanoidState":5,"_cameraCFrame":[762.556,243.482,41.544,-0.919,-0.388,0.071,0,0.179,0.984,-0.395,0.904,-0.165],"_shiftlockState":true,"_pose":"FreeFall","_animationQueue":[],"_animationSpeed":1,"_zoom":14.704},{"_mousePosition":[683,352.5],"_rootPartCFrame":[762.879,228.065,44.549,-0.858,0,0.513,0,1,0,-0.513,0,-0.858],"_humanoidState":5,"_cameraCFrame":[762.311,244.031,41.439,-0.919,-0.388,0.071,0,0.179,0.984,-0.395,0.904,-0.165],"_shiftlockState":true,"_pose":"FreeFall","_animationQueue":[],"_animationSpeed":1,"_zoom":14.704},{"_mousePosition":[683,352.5],"_rootPartCFrame":[762.695,228.441,44.47,-0.875,0,0.485,0,1,0,-0.485,0,-0.875],"_humanoidState":5,"_cameraCFrame":[762.127,244.407,41.36,-0.919,-0.388,0.071,0,0.179,0.984,-0.395,0.904,-0.165],"_shiftlockState":true,"_pose":"FreeFall","_animationQueue":[],"_animationSpeed":1,"_zoom":14.704},{"_mousePosition":[683,352.5],"_rootPartCFrame":[762.389,229,44.338,-0.841,0,0.542,0,1,0,-0.542,0,-0.841],"_humanoidState":5,"_cameraCFrame":[761.82,244.967,41.228,-0.919,-0.388,0.071,0,0.179,0.984,-0.395,0.904,-0.165],"_shiftlockState":true,"_pose":"FreeFall","_animationQueue":[],"_animationSpeed":1,"_zoom":14.704},{"_mousePosition":[683,352.5],"_rootPartCFrame":[762.143,229.386,44.233,-0.858,0,0.513,0,1,0,-0.513,0,-0.858],"_humanoidState":5,"_cameraCFrame":[761.575,245.353,41.123,-0.919,-0.388,0.071,0,0.179,0.984,-0.395,0.904,-0.165],"_shiftlockState":true,"_pose":"FreeFall","_animationQueue":[],"_animationSpeed":1,"_zoom":14.704},{"_mousePosition":[683,352.5],"_rootPartCFrame":[761.898,229.718,44.128,-0.858,0,0.513,0,1,0,-0.513,0,-0.858],"_humanoidState":5,"_cameraCFrame":[761.33,245.684,41.018,-0.919,-0.388,0.071,0,0.179,0.984,-0.395,0.904,-0.165],"_shiftlockState":true,"_pose":"FreeFall","_animationQueue":[],"_animationSpeed":1,"_zoom":14.704},{"_mousePosition":[683,352.5],"_rootPartCFrame":[761.715,229.931,44.049,-0.875,0,0.485,0,1,0,-0.485,0,-0.875],"_humanoidState":5,"_cameraCFrame":[761.146,245.897,40.939,-0.919,-0.388,0.071,0,0.179,0.984,-0.395,0.904,-0.165],"_shiftlockState":true,"_pose":"FreeFall","_animationQueue":[],"_animationSpeed":1,"_zoom":14.704},{"_mousePosition":[683,352.5],"_rootPartCFrame":[761.347,230.264,43.891,-0.822,0,0.569,0,1,0,-0.569,0,-0.822],"_humanoidState":5,"_cameraCFrame":[760.886,246.218,40.704,-0.909,-0.411,0.077,0,0.184,0.983,-0.418,0.893,-0.167],"_shiftlockState":true,"_pose":"FreeFall","_animationQueue":[],"_animationSpeed":1,"_zoom":14.704},{"_mousePosition":[683,352.5],"_rootPartCFrame":[761.163,230.385,43.812,-0.862,0,0.506,0,1,0,-0.506,0,-0.862],"_humanoidState":5,"_cameraCFrame":[760.884,246.323,40.535,-0.889,-0.45,0.087,0,0.189,0.982,-0.458,0.873,-0.168],"_shiftlockState":true,"_pose":"FreeFall","_animationQueue":[],"_animationSpeed":1,"_zoom":14.704},{"_mousePosition":[683,352.5],"_rootPartCFrame":[760.92,230.499,43.701,-0.82,0,0.572,0,1,0,-0.572,0,-0.82],"_humanoidState":5,"_cameraCFrame":[760.715,246.435,40.409,-0.879,-0.468,0.091,0,0.19,0.982,-0.477,0.863,-0.167],"_shiftlockState":true,"_pose":"FreeFall","_animationQueue":[],"_animationSpeed":1,"_zoom":14.704},{"_mousePosition":[683,352.5],"_rootPartCFrame":[760.682,230.558,43.581,-0.808,0,0.589,0,1,0,-0.589,0,-0.808],"_humanoidState":5,"_cameraCFrame":[760.516,246.489,40.267,-0.875,-0.475,0.093,0,0.192,0.981,-0.484,0.859,-0.168],"_shiftlockState":true,"_pose":"FreeFall","_animationQueue":[],"_animationSpeed":1,"_zoom":14.704},{"_mousePosition":[683,352.5],"_rootPartCFrame":[760.389,230.555,43.423,-0.783,0,0.623,0,1,0,-0.623,0,-0.783],"_humanoidState":5,"_cameraCFrame":[760.223,246.486,40.108,-0.875,-0.475,0.093,0,0.192,0.981,-0.484,0.859,-0.168],"_shiftlockState":true,"_pose":"FreeFall","_animationQueue":[],"_animationSpeed":1,"_zoom":14.704},{"_mousePosition":[683,352.5],"_rootPartCFrame":[760.214,230.512,43.326,-0.822,0,0.569,0,1,0,-0.569,0,-0.822],"_humanoidState":5,"_cameraCFrame":[760.048,246.444,40.012,-0.875,-0.475,0.093,0,0.192,0.981,-0.484,0.859,-0.168],"_shiftlockState":true,"_pose":"FreeFall","_animationQueue":[["fall",0.3]],"_animationSpeed":1,"_zoom":14.704},{"_mousePosition":[683,352.5],"_rootPartCFrame":[759.922,230.373,43.165,-0.783,0,0.623,0,1,0,-0.623,0,-0.783],"_humanoidState":5,"_cameraCFrame":[759.76,246.304,39.85,-0.874,-0.476,0.093,0,0.192,0.981,-0.485,0.858,-0.168],"_shiftlockState":true,"_pose":"FreeFall","_animationQueue":[],"_animationSpeed":1,"_zoom":14.704},{"_mousePosition":[683,352.5],"_rootPartCFrame":[759.747,230.249,43.068,-0.822,0,0.57,0,1,0,-0.57,0,-0.822],"_humanoidState":5,"_cameraCFrame":[759.615,246.178,39.742,-0.871,-0.482,0.095,0,0.193,0.981,-0.491,0.855,-0.168],"_shiftlockState":true,"_pose":"FreeFall","_animationQueue":[],"_animationSpeed":1,"_zoom":14.704},{"_mousePosition":[683,352.5],"_rootPartCFrame":[759.514,230.035,42.939,-0.798,0,0.603,0,1,0,-0.603,0,-0.798],"_humanoidState":5,"_cameraCFrame":[759.42,245.964,39.612,-0.865,-0.492,0.097,0,0.193,0.981,-0.501,0.849,-0.167],"_shiftlockState":true,"_pose":"FreeFall","_animationQueue":[],"_animationSpeed":1,"_zoom":14.704},{"_mousePosition":[683,352.5],"_rootPartCFrame":[759.282,229.768,42.808,-0.791,0,0.612,0,1,0,-0.612,0,-0.791],"_humanoidState":5,"_cameraCFrame":[759.26,245.694,39.47,-0.855,-0.509,0.1,0,0.193,0.981,-0.519,0.839,-0.165],"_shiftlockState":true,"_pose":"FreeFall","_animationQueue":[],"_animationSpeed":1,"_zoom":14.704},{"_mousePosition":[683,352.5],"_rootPartCFrame":[759.051,229.445,42.674,-0.779,0,0.628,0,1,0,-0.628,0,-0.779],"_humanoidState":5,"_cameraCFrame":[759.125,245.367,39.317,-0.842,-0.53,0.105,0,0.195,0.981,-0.54,0.826,-0.164],"_shiftlockState":true,"_pose":"FreeFall","_animationQueue":[],"_animationSpeed":1,"_zoom":14.704},{"_mousePosition":[683,352.5],"_rootPartCFrame":[758.822,229.068,42.537,-0.763,0,0.647,0,1,0,-0.647,0,-0.763],"_humanoidState":5,"_cameraCFrame":[759.068,244.983,39.158,-0.817,-0.566,0.114,0,0.197,0.98,-0.577,0.801,-0.161],"_shiftlockState":true,"_pose":"FreeFall","_animationQueue":[["fall",0.3]],"_animationSpeed":1,"_zoom":14.704},{"_mousePosition":[683,352.5],"_rootPartCFrame":[758.541,228.52,42.358,-0.71,0,0.705,0,1,0,-0.705,0,-0.71],"_humanoidState":5,"_cameraCFrame":[758.974,244.428,38.968,-0.787,-0.604,0.123,0,0.2,0.98,-0.617,0.771,-0.157],"_shiftlockState":true,"_pose":"FreeFall","_animationQueue":[],"_animationSpeed":1,"_zoom":14.704},{"_mousePosition":[683,352.5],"_rootPartCFrame":[758.377,228.151,42.244,-0.722,0,0.692,0,1,0,-0.692,0,-0.722],"_humanoidState":5,"_cameraCFrame":[759.142,244.037,38.82,-0.737,-0.661,0.14,0,0.207,0.978,-0.676,0.721,-0.152],"_shiftlockState":true,"_pose":"FreeFall","_animationQueue":[],"_animationSpeed":1,"_zoom":14.704},{"_mousePosition":[683,352.5],"_rootPartCFrame":[758.113,227.466,42.04,-0.615,0,0.789,0,1,0,-0.789,0,-0.615],"_humanoidState":5,"_cameraCFrame":[759.265,243.32,38.588,-0.679,-0.716,0.159,0,0.217,0.976,-0.734,0.663,-0.147],"_shiftlockState":true,"_pose":"FreeFall","_animationQueue":[],"_animationSpeed":1,"_zoom":14.704},{"_mousePosition":[683,352.5],"_rootPartCFrame":[757.914,226.858,41.863,-0.576,0,0.817,0,1,0,-0.817,0,-0.576],"_humanoidState":5,"_cameraCFrame":[759.599,242.672,38.465,-0.59,-0.786,0.185,0,0.229,0.973,-0.808,0.574,-0.135],"_shiftlockState":true,"_pose":"FreeFall","_animationQueue":[],"_animationSpeed":1,"_zoom":14.704},{"_mousePosition":[683,352.5],"_rootPartCFrame":[757.729,226.195,41.671,-0.477,0,0.879,0,1,0,-0.879,0,-0.477],"_humanoidState":5,"_cameraCFrame":[759.938,241.978,38.45,-0.484,-0.85,0.208,0,0.237,0.971,-0.875,0.47,-0.115],"_shiftlockState":true,"_pose":"FreeFall","_animationQueue":[],"_animationSpeed":1,"_zoom":14.704},{"_mousePosition":[683,352.5],"_rootPartCFrame":[757.604,225.662,41.515,-0.394,0,0.919,0,1,0,-0.919,0,-0.394],"_humanoidState":5,"_cameraCFrame":[760.347,241.42,38.606,-0.354,-0.907,0.229,0,0.244,0.97,-0.935,0.343,-0.086],"_shiftlockState":true,"_pose":"FreeFall","_animationQueue":[["fall",0.3]],"_animationSpeed":1,"_zoom":14.704},{"_mousePosition":[683,352.5],"_rootPartCFrame":[757.463,224.903,41.29,-0.226,0,0.974,0,1,0,-0.974,0,-0.226],"_humanoidState":5,"_cameraCFrame":[760.649,240.638,38.739,-0.23,-0.942,0.244,0,0.251,0.968,-0.973,0.222,-0.058],"_shiftlockState":true,"_pose":"FreeFall","_animationQueue":[],"_animationSpeed":1,"_zoom":14.704},{"_mousePosition":[683,352.5],"_rootPartCFrame":[757.354,224.09,41.047,-0.098,0,0.995,0,1,0,-0.995,0,-0.098],"_humanoidState":5,"_cameraCFrame":[761.059,239.788,39.059,-0.063,-0.964,0.26,0,0.26,0.966,-0.998,0.061,-0.016],"_shiftlockState":true,"_pose":"FreeFall","_animationQueue":[],"_animationSpeed":1,"_zoom":14.704},{"_mousePosition":[683,352.5],"_rootPartCFrame":[757.271,222.997,40.725,-0.02,0,1,0,1,0,-1,0,-0.02],"_humanoidState":7,"_cameraCFrame":[761.323,238.655,39.167,0.048,-0.962,0.27,0,0.27,0.963,-0.999,-0.046,0.013],"_shiftlockState":true,"_pose":"FreeFall","_animationQueue":[["walk",0.1],["fall",0.3],["fall",0.3]],"_animationSpeed":1,"_zoom":14.704},{"_mousePosition":[683,352.5],"_rootPartCFrame":[757.17,222.836,40.563,0.05,0,0.999,0,1,0,-0.999,0,0.05],"_humanoidState":7,"_cameraCFrame":[761.546,238.438,39.435,0.145,-0.949,0.28,0,0.283,0.959,-0.989,-0.139,0.041],"_shiftlockState":true,"_pose":"FreeFall","_animationQueue":[],"_animationSpeed":1,"_zoom":14.704},{"_mousePosition":[683,352.5],"_rootPartCFrame":[756.947,222.982,40.317,0.145,0,0.989,0,1,0,-0.989,0,0.145],"_humanoidState":8,"_cameraCFrame":[761.489,238.549,39.451,0.198,-0.938,0.285,0,0.291,0.957,-0.98,-0.19,0.058],"_shiftlockState":true,"_pose":"Running","_animationQueue":[["walk",0.1],["fall",0.3],["walk",0.1]],"_animationSpeed":1.07,"_zoom":14.704},{"_mousePosition":[683,352.5],"_rootPartCFrame":[756.812,223.634,40.169,0.198,0,0.98,0,1,0,-0.98,0,0.198],"_humanoidState":3,"_cameraCFrame":[761.488,239.17,39.533,0.242,-0.926,0.289,0,0.298,0.955,-0.97,-0.231,0.072],"_shiftlockState":true,"_pose":"Jumping","_animationQueue":[["walk",0.1],["jump",0.1]],"_animationSpeed":1,"_zoom":14.704},{"_mousePosition":[683,352.5],"_rootPartCFrame":[756.652,224.456,39.957,0.308,0,0.951,0,1,0,-0.951,0,0.308],"_humanoidState":5,"_cameraCFrame":[761.416,239.967,39.439,0.262,-0.919,0.293,0,0.303,0.953,-0.965,-0.25,0.08],"_shiftlockState":true,"_pose":"FreeFall","_animationQueue":[["jump",0.1]],"_animationSpeed":1,"_zoom":14.704},{"_mousePosition":[683,352.5],"_rootPartCFrame":[756.513,225.224,39.73,0.355,0,0.935,0,1,0,-0.935,0,0.355],"_humanoidState":5,"_cameraCFrame":[761.3,240.728,39.228,0.265,-0.918,0.294,0,0.305,0.952,-0.964,-0.252,0.081],"_shiftlockState":true,"_pose":"FreeFall","_animationQueue":[],"_animationSpeed":1,"_zoom":14.704},{"_mousePosition":[683,352.5],"_rootPartCFrame":[756.38,225.937,39.499,0.362,0,0.932,0,1,0,-0.932,0,0.362],"_humanoidState":5,"_cameraCFrame":[761.197,241.43,38.986,0.26,-0.919,0.297,0,0.307,0.952,-0.965,-0.248,0.08],"_shiftlockState":true,"_pose":"FreeFall","_animationQueue":[],"_animationSpeed":1,"_zoom":14.704},{"_mousePosition":[683,352.5],"_rootPartCFrame":[756.281,226.436,39.325,0.335,0,0.942,0,1,0,-0.942,0,0.335],"_humanoidState":5,"_cameraCFrame":[761.162,241.903,38.725,0.239,-0.922,0.304,0,0.313,0.95,-0.971,-0.227,0.075],"_shiftlockState":true,"_pose":"FreeFall","_animationQueue":[],"_animationSpeed":1,"_zoom":14.704},{"_mousePosition":[683,352.5],"_rootPartCFrame":[756.051,227.342,39.019,0.277,0,0.961,0,1,0,-0.961,0,0.277],"_humanoidState":5,"_cameraCFrame":[760.945,242.802,38.352,0.225,-0.925,0.306,0,0.314,0.949,-0.974,-0.214,0.071],"_shiftlockState":true,"_pose":"FreeFall","_animationQueue":[],"_animationSpeed":1,"_zoom":14.704},{"_mousePosition":[683,352.5],"_rootPartCFrame":[755.916,227.749,38.892,0.228,0,0.974,0,1,0,-0.974,0,0.228],"_humanoidState":5,"_cameraCFrame":[760.815,243.201,38.118,0.202,-0.929,0.309,0,0.316,0.949,-0.979,-0.192,0.064],"_shiftlockState":true,"_pose":"FreeFall","_animationQueue":[],"_animationSpeed":1,"_zoom":14.704},{"_mousePosition":[683,352.5],"_rootPartCFrame":[755.661,228.359,38.721,0.206,0,0.979,0,1,0,-0.979,0,0.206],"_humanoidState":5,"_cameraCFrame":[760.552,243.808,37.836,0.18,-0.933,0.311,0,0.316,0.949,-0.984,-0.171,0.057],"_shiftlockState":true,"_pose":"FreeFall","_animationQueue":[],"_animationSpeed":1,"_zoom":14.704},{"_mousePosition":[683,352.5],"_rootPartCFrame":[755.491,228.685,38.643,0.182,0,0.983,0,1,0,-0.983,0,0.182],"_humanoidState":5,"_cameraCFrame":[760.375,244.126,37.614,0.15,-0.937,0.314,0,0.318,0.948,-0.989,-0.142,0.048],"_shiftlockState":true,"_pose":"FreeFall","_animationQueue":[],"_animationSpeed":1,"_zoom":14.704},{"_mousePosition":[683,352.5],"_rootPartCFrame":[755.18,229.159,38.555,0.155,0,0.988,0,1,0,-0.988,0,0.155],"_humanoidState":5,"_cameraCFrame":[760.06,244.584,37.316,0.106,-0.942,0.319,0,0.321,0.947,-0.994,-0.101,0.034],"_shiftlockState":true,"_pose":"FreeFall","_animationQueue":[],"_animationSpeed":1,"_zoom":14.704},{"_mousePosition":[683,352.5],"_rootPartCFrame":[754.918,229.476,38.513,0.111,0,0.994,0,1,0,-0.994,0,0.111],"_humanoidState":5,"_cameraCFrame":[759.781,244.895,37.133,0.077,-0.944,0.322,0,0.323,0.947,-0.997,-0.073,0.025],"_shiftlockState":true,"_pose":"FreeFall","_animationQueue":[],"_animationSpeed":1,"_zoom":14.704},{"_mousePosition":[683,352.5],"_rootPartCFrame":[754.719,229.679,38.49,0.08,0,0.997,0,1,0,-0.997,0,0.08],"_humanoidState":5,"_cameraCFrame":[759.542,245.09,36.909,0.035,-0.945,0.324,0,0.324,0.946,-0.999,-0.033,0.011],"_shiftlockState":true,"_pose":"FreeFall","_animationQueue":[],"_animationSpeed":1,"_zoom":14.704},{"_mousePosition":[683,352.5],"_rootPartCFrame":[754.453,229.902,38.468,0.04,0,0.999,0,1,0,-0.999,0,0.04],"_humanoidState":5,"_cameraCFrame":[759.24,245.304,36.716,0,-0.946,0.326,0,0.326,0.946,-1,0,0],"_shiftlockState":true,"_pose":"FreeFall","_animationQueue":[],"_animationSpeed":1,"_zoom":14.704},{"_mousePosition":[683,352.5],"_rootPartCFrame":[754.12,230.103,38.455,0.006,0,1,0,1,0,-1,0,0.006],"_humanoidState":5,"_cameraCFrame":[758.868,245.502,36.573,-0.028,-0.945,0.326,0,0.326,0.945,-1,0.026,-0.009],"_shiftlockState":true,"_pose":"FreeFall","_animationQueue":[],"_animationSpeed":1,"_zoom":14.704},{"_mousePosition":[683,352.5],"_rootPartCFrame":[753.965,230.227,38.447,0.014,-0.02,1,-0.004,1,0.02,-1,-0.004,0.014],"_humanoidState":12,"_cameraCFrame":[758.658,245.61,36.388,-0.063,-0.942,0.329,0,0.329,0.944,-0.998,0.06,-0.021],"_shiftlockState":true,"_pose":"Climbing","_animationQueue":[["walk",0.1],["climb",0.1]],"_animationSpeed":0.67,"_zoom":14.704},{"_mousePosition":[683,352.5],"_rootPartCFrame":[753.894,230.408,38.442,-0.013,-0.024,1,-0.005,1,0.024,-1,-0.005,-0.013],"_humanoidState":12,"_cameraCFrame":[758.52,245.779,36.173,-0.107,-0.938,0.33,0,0.332,0.943,-0.994,0.101,-0.035],"_shiftlockState":true,"_pose":"Climbing","_animationQueue":[["climb",0.1]],"_animationSpeed":0.74,"_zoom":14.704},{"_mousePosition":[683,352.5],"_rootPartCFrame":[753.886,230.594,38.442,-0.101,-0.004,0.995,-0.001,1,0.004,-0.995,0,-0.101],"_humanoidState":12,"_cameraCFrame":[758.43,245.954,35.895,-0.167,-0.929,0.329,0,0.334,0.943,-0.986,0.158,-0.056],"_shiftlockState":true,"_pose":"Climbing","_animationQueue":[["climb",0.1]],"_animationSpeed":0.93,"_zoom":14.704},{"_mousePosition":[683,352.5],"_rootPartCFrame":[753.698,231.288,38.461,-0.167,0.001,0.986,0,1,-0.001,-0.986,0,-0.167],"_humanoidState":8,"_cameraCFrame":[758.039,246.648,35.571,-0.243,-0.914,0.324,0,0.334,0.943,-0.97,0.229,-0.081],"_shiftlockState":true,"_pose":"Standing","_animationQueue":[["climb",0.1],["walk",0.1],["idle",0.1]],"_animationSpeed":1,"_zoom":14.704},{"_mousePosition":[683,352.5],"_rootPartCFrame":[753.507,231.613,38.492,-0.243,0.001,0.97,0,1,-0.001,-0.97,0,-0.243],"_humanoidState":8,"_cameraCFrame":[757.377,247.016,35.173,-0.351,-0.885,0.305,0,0.326,0.946,-0.936,0.332,-0.114],"_shiftlockState":true,"_pose":"Running","_animationQueue":[["walk",0.1]],"_animationSpeed":0.914,"_zoom":14.704},{"_mousePosition":[683,352.5],"_rootPartCFrame":[753.183,231.923,38.569,-0.357,0,0.934,0,1,0,-0.934,0,-0.357],"_humanoidState":8,"_cameraCFrame":[756.561,247.387,34.98,-0.437,-0.854,0.282,0,0.313,0.95,-0.899,0.415,-0.137],"_shiftlockState":true,"_pose":"Running","_animationQueue":[["walk",0.1]],"_animationSpeed":1.094,"_zoom":14.704},{"_mousePosition":[683,352.5],"_rootPartCFrame":[753.057,231.996,38.612,-0.439,0,0.899,0,1,0,-0.899,0,-0.439],"_humanoidState":8,"_cameraCFrame":[755.797,247.524,34.745,-0.545,-0.8,0.251,0,0.3,0.954,-0.838,0.52,-0.163],"_shiftlockState":true,"_pose":"Running","_animationQueue":[["walk",0.1]],"_animationSpeed":1.094,"_zoom":14.704},{"_mousePosition":[683,352.5],"_rootPartCFrame":[752.756,232.104,38.754,-0.552,0,0.834,0,1,0,-0.834,0,-0.552],"_humanoidState":8,"_cameraCFrame":[755.03,247.668,34.716,-0.621,-0.749,0.229,0,0.292,0.956,-0.783,0.594,-0.181],"_shiftlockState":true,"_pose":"Running","_animationQueue":[],"_animationSpeed":1.094,"_zoom":14.704},{"_mousePosition":[683,352.5],"_rootPartCFrame":[752.502,232.148,38.755,-0.623,0,0.782,0,1,0,-0.782,0,-0.623],"_humanoidState":8,"_cameraCFrame":[754.234,247.742,34.559,-0.706,-0.679,0.202,0,0.285,0.959,-0.708,0.677,-0.201],"_shiftlockState":true,"_pose":"Running","_animationQueue":[],"_animationSpeed":1.094,"_zoom":14.704},{"_mousePosition":[683,352.5],"_rootPartCFrame":[752.172,232.175,38.715,-0.711,0,0.703,0,1,0,-0.703,0,-0.711],"_humanoidState":8,"_cameraCFrame":[753.523,247.797,34.469,-0.757,-0.627,0.182,0,0.279,0.96,-0.653,0.727,-0.211],"_shiftlockState":true,"_pose":"Running","_animationQueue":[],"_animationSpeed":1.094,"_zoom":14.704},{"_mousePosition":[683,352.5],"_rootPartCFrame":[752.039,232.182,38.711,-0.758,0,0.652,0,1,0,-0.652,0,-0.758],"_humanoidState":8,"_cameraCFrame":[752.892,247.861,34.529,-0.812,-0.563,0.155,0,0.265,0.964,-0.584,0.783,-0.215],"_shiftlockState":true,"_pose":"Running","_animationQueue":[],"_animationSpeed":1.094,"_zoom":14.704},{"_mousePosition":[683,352.5],"_rootPartCFrame":[751.706,232.191,38.732,-0.812,0,0.583,0,1,0,-0.583,0,-0.812],"_humanoidState":8,"_cameraCFrame":[752.079,247.94,34.72,-0.857,-0.5,0.127,0,0.247,0.969,-0.516,0.83,-0.211],"_shiftlockState":true,"_pose":"Running","_animationQueue":[],"_animationSpeed":1.094,"_zoom":14.704},{"_mousePosition":[683,352.5],"_rootPartCFrame":[751.418,232.196,38.598,-0.89,0,0.456,0,1,0,-0.456,0,-0.89],"_humanoidState":8,"_cameraCFrame":[751.418,247.997,34.758,-0.89,-0.443,0.106,0,0.232,0.973,-0.456,0.866,-0.207],"_shiftlockState":true,"_pose":"Running","_animationQueue":[["walk",0.1]],"_animationSpeed":1.094,"_zoom":14.704},{"_mousePosition":[683,352.5],"_rootPartCFrame":[751.242,232.197,38.503,-0.89,0,0.456,0,1,0,-0.456,0,-0.89],"_humanoidState":8,"_cameraCFrame":[751.243,247.999,34.663,-0.89,-0.443,0.106,0,0.232,0.973,-0.456,0.866,-0.207],"_shiftlockState":true,"_pose":"Running","_animationQueue":[],"_animationSpeed":1.094,"_zoom":14.704},{"_mousePosition":[683,352.5],"_rootPartCFrame":[751.124,232.198,38.442,-0.89,0,0.456,0,1,0,-0.456,0,-0.89],"_humanoidState":8,"_cameraCFrame":[751.124,247.999,34.602,-0.89,-0.443,0.106,0,0.232,0.973,-0.456,0.866,-0.207],"_shiftlockState":true,"_pose":"Running","_animationQueue":[["walk",0.1]],"_animationSpeed":1.094,"_zoom":14.704},{"_mousePosition":[683,352.5],"_rootPartCFrame":[750.768,232.199,38.26,-0.89,0,0.456,0,1,0,-0.456,0,-0.89],"_humanoidState":8,"_cameraCFrame":[750.768,248,34.42,-0.89,-0.443,0.106,0,0.232,0.973,-0.456,0.866,-0.207],"_shiftlockState":true,"_pose":"Running","_animationQueue":[],"_animationSpeed":1.094,"_zoom":14.704},{"_mousePosition":[683,352.5],"_rootPartCFrame":[750.649,232.199,38.199,-0.89,0,0.456,0,1,0,-0.456,0,-0.89],"_humanoidState":8,"_cameraCFrame":[750.649,248,34.359,-0.89,-0.443,0.106,0,0.232,0.973,-0.456,0.866,-0.207],"_shiftlockState":true,"_pose":"Running","_animationQueue":[],"_animationSpeed":1.094,"_zoom":14.704},{"_mousePosition":[683,352.5],"_rootPartCFrame":[750.293,232.199,38.017,-0.89,0,0.456,0,1,0,-0.456,0,-0.89],"_humanoidState":8,"_cameraCFrame":[750.28,248.003,34.187,-0.891,-0.442,0.105,0,0.232,0.973,-0.454,0.867,-0.206],"_shiftlockState":true,"_pose":"Running","_animationQueue":[["walk",0.1],["walk",0.1]],"_animationSpeed":1.094,"_zoom":14.704},{"_mousePosition":[683,352.5],"_rootPartCFrame":[750.056,232.199,37.895,-0.891,0,0.454,0,1,0,-0.454,0,-0.891],"_humanoidState":8,"_cameraCFrame":[750.01,248.006,34.076,-0.894,-0.435,0.103,0,0.231,0.973,-0.447,0.87,-0.207],"_shiftlockState":true,"_pose":"Running","_animationQueue":[],"_animationSpeed":1.094,"_zoom":14.704},{"_mousePosition":[683,352.5],"_rootPartCFrame":[749.818,232.199,37.774,-0.894,0,0.447,0,1,0,-0.447,0,-0.894],"_humanoidState":8,"_cameraCFrame":[749.726,248.011,33.976,-0.899,-0.427,0.101,0,0.229,0.973,-0.439,0.875,-0.206],"_shiftlockState":true,"_pose":"Running","_animationQueue":[],"_animationSpeed":1.094,"_zoom":14.704},{"_mousePosition":[683,352.5],"_rootPartCFrame":[749.58,232.199,37.655,-0.899,0,0.439,0,1,0,-0.439,0,-0.899],"_humanoidState":8,"_cameraCFrame":[749.422,248.017,33.879,-0.905,-0.415,0.097,0,0.228,0.974,-0.426,0.881,-0.206],"_shiftlockState":true,"_pose":"Running","_animationQueue":[],"_animationSpeed":1.094,"_zoom":14.704},{"_mousePosition":[683,352.5],"_rootPartCFrame":[749.34,232.2,37.537,-0.905,0,0.426,0,1,0,-0.426,0,-0.905],"_humanoidState":8,"_cameraCFrame":[749.109,248.025,33.797,-0.911,-0.401,0.093,0,0.225,0.974,-0.411,0.888,-0.205],"_shiftlockState":true,"_pose":"Running","_animationQueue":[],"_animationSpeed":1.094,"_zoom":14.704},{"_mousePosition":[683,352.5],"_rootPartCFrame":[749.16,232.2,37.452,-0.911,0,0.411,0,1,0,-0.411,0,-0.911],"_humanoidState":8,"_cameraCFrame":[748.824,248.036,33.76,-0.921,-0.381,0.087,0,0.222,0.975,-0.39,0.898,-0.205],"_shiftlockState":true,"_pose":"Running","_animationQueue":[],"_animationSpeed":1.094,"_zoom":14.704},{"_mousePosition":[683,352.5],"_rootPartCFrame":[748.795,232.2,37.287,-0.921,0,0.39,0,1,0,-0.39,0,-0.921],"_humanoidState":8,"_cameraCFrame":[748.354,248.049,33.657,-0.929,-0.36,0.081,0,0.218,0.976,-0.369,0.907,-0.203],"_shiftlockState":true,"_pose":"Running","_animationQueue":[["walk",0.1]],"_animationSpeed":1.094,"_zoom":14.704},{"_mousePosition":[683,352.5],"_rootPartCFrame":[748.612,232.2,37.208,-0.929,0,0.369,0,1,0,-0.369,0,-0.929],"_humanoidState":8,"_cameraCFrame":[748.063,248.057,33.624,-0.939,-0.336,0.074,0,0.216,0.976,-0.345,0.917,-0.203],"_shiftlockState":true,"_pose":"Running","_animationQueue":[],"_animationSpeed":1.094,"_zoom":14.704},{"_mousePosition":[683,352.5],"_rootPartCFrame":[748.302,232.2,37.084,-0.939,0,0.345,0,1,0,-0.345,0,-0.939],"_humanoidState":8,"_cameraCFrame":[747.638,248.067,33.561,-0.948,-0.311,0.068,0,0.213,0.977,-0.318,0.926,-0.202],"_shiftlockState":true,"_pose":"Running","_animationQueue":[],"_animationSpeed":1.094,"_zoom":14.704},{"_mousePosition":[683,352.5],"_rootPartCFrame":[748.115,232.2,37.014,-0.948,0,0.318,0,1,0,-0.318,0,-0.948],"_humanoidState":8,"_cameraCFrame":[747.298,248.079,33.575,-0.96,-0.275,0.059,0,0.209,0.978,-0.281,0.939,-0.2],"_shiftlockState":true,"_pose":"Running","_animationQueue":[],"_animationSpeed":1.094,"_zoom":14.704},{"_mousePosition":[683,352.5],"_rootPartCFrame":[747.862,232.2,36.928,-0.96,0,0.281,0,1,0,-0.281,0,-0.96],"_humanoidState":8,"_cameraCFrame":[746.916,248.089,33.564,-0.969,-0.242,0.051,0,0.206,0.979,-0.248,0.948,-0.199],"_shiftlockState":true,"_pose":"Running","_animationQueue":[],"_animationSpeed":1.094,"_zoom":14.704},{"_mousePosition":[683,352.5],"_rootPartCFrame":[747.607,232.2,36.852,-0.969,0,0.248,0,1,0,-0.248,0,-0.969],"_humanoidState":8,"_cameraCFrame":[746.535,248.099,33.568,-0.977,-0.21,0.043,0,0.203,0.979,-0.214,0.957,-0.198],"_shiftlockState":true,"_pose":"Running","_a