[{"_mousePosition":[710,362],"_rootPartCFrame":[776.023,222.7,47.142,0.003,0,1,0,1,0,-1,0,0.003],"_humanoidState":8,"_cameraCFrame":[776.018,239.504,42.064,-1,0.001,0,0,0.315,0.949,0.001,0.949,-0.315],"_shiftlockState":false,"_pose":"Standing","_animationQueue":[],"_animationSpeed":1,"_zoom":16.125},{"_mousePosition":[710,362],"_rootPartCFrame":[775.777,222.7,47.143,0.002,0,1,0,1,0,-1,0,0.002],"_humanoidState":8,"_cameraCFrame":[775.784,239.504,42.065,-1,-0.001,0,0,0.315,0.949,-0.001,0.949,-0.315],"_shiftlockState":false,"_pose":"Standing","_animationQueue":[],"_animationSpeed":1,"_zoom":16.125},{"_mousePosition":[710,362],"_rootPartCFrame":[775.511,222.7,47.144,0.002,0,1,0,1,0,-1,0,0.002],"_humanoidState":8,"_cameraCFrame":[775.518,239.504,42.065,-1,-0.001,0,0,0.315,0.949,-0.001,0.949,-0.315],"_shiftlockState":false,"_pose":"Running","_animationQueue":[["walk",0.1]],"_animationSpeed":1.066,"_zoom":16.125},{"_mousePosition":[710,362],"_rootPartCFrame":[775.244,222.7,47.143,0.001,0,1,0,1,0,-1,0,0.001],"_humanoidState":8,"_cameraCFrame":[775.252,239.504,42.065,-1,-0.001,0,0,0.315,0.949,-0.001,0.949,-0.315],"_shiftlockState":false,"_pose":"Running","_animationQueue":[],"_animationSpeed":1.066,"_zoom":16.125},{"_mousePosition":[710,362],"_rootPartCFrame":[774.978,222.7,47.143,0.001,0,1,0,1,0,-1,0,0.001],"_humanoidState":8,"_cameraCFrame":[774.985,239.504,42.065,-1,-0.001,0,0,0.315,0.949,-0.001,0.949,-0.315],"_shiftlockState":false,"_pose":"Running","_animationQueue":[["walk",0.1]],"_animationSpeed":1.066,"_zoom":16.125},{"_mousePosition":[710,362],"_rootPartCFrame":[774.711,222.7,47.142,0.001,0,1,0,1,0,-1,0,0.001],"_humanoidState":8,"_cameraCFrame":[774.718,239.504,42.064,-1,-0.001,0,0,0.315,0.949,-0.001,0.949,-0.315],"_shiftlockState":false,"_pose":"Running","_animationQueue":[],"_animationSpeed":1.066,"_zoom":16.125},{"_mousePosition":[710,362],"_rootPartCFrame":[774.444,222.7,47.142,0.001,0,1,0,1,0,-1,0,0.001],"_humanoidState":8,"_cameraCFrame":[774.451,239.504,42.064,-1,-0.001,0,0,0.315,0.949,-0.001,0.949,-0.315],"_shiftlockState":false,"_pose":"Running","_animationQueue":[],"_animationSpeed":1.066,"_zoom":16.125},{"_mousePosition":[710,362],"_rootPartCFrame":[774.177,222.7,47.142,0.001,0,1,0,1,0,-1,0,0.001],"_humanoidState":8,"_cameraCFrame":[774.198,239.504,42.064,-1,-0.004,0.001,0,0.315,0.949,-0.004,0.949,-0.315],"_shiftlockState":false,"_pose":"Running","_animationQueue":[],"_animationSpeed":1.066,"_zoom":16.125},{"_mousePosition":[710,362],"_rootPartCFrame":[773.911,222.7,47.141,0.001,0,1,0,1,0,-1,0,0.001],"_humanoidState":8,"_cameraCFrame":[773.931,239.504,42.063,-1,-0.004,0.001,0,0.315,0.949,-0.004,0.949,-0.315],"_shiftlockState":false,"_pose":"Running","_animationQueue":[],"_animationSpeed":1.066,"_zoom":16.125},{"_mousePosition":[710,362],"_rootPartCFrame":[773.644,222.7,47.14,0.002,0,1,0,1,0,-1,0,0.002],"_humanoidState":8,"_cameraCFrame":[773.664,239.504,42.062,-1,-0.004,0.001,0,0.315,0.949,-0.004,0.949,-0.315],"_shiftlockState":false,"_pose":"Running","_animationQueue":[],"_animationSpeed":1.066,"_zoom":16.125},{"_mousePosition":[710,362],"_rootPartCFrame":[773.377,222.7,47.139,0.002,0,1,0,1,0,-1,0,0.002],"_humanoidState":8,"_cameraCFrame":[773.41,239.504,42.061,-1,-0.006,0.002,0,0.315,0.949,-0.007,0.949,-0.315],"_shiftlockState":false,"_pose":"Running","_animationQueue":[["walk",0.1]],"_animationSpeed":1.066,"_zoom":16.125},{"_mousePosition":[710,362],"_rootPartCFrame":[773.11,222.7,47.138,0.002,0,1,0,1,0,-1,0,0.002],"_humanoidState":8,"_cameraCFrame":[773.156,239.504,42.06,-1,-0.009,0.003,0,0.315,0.949,-0.009,0.949,-0.315],"_shiftlockState":false,"_pose":"Running","_animationQueue":[],"_animationSpeed":1.066,"_zoom":16.125},{"_mousePosition":[710,362],"_rootPartCFrame":[772.844,222.7,47.136,0.003,0,1,0,1,0,-1,0,0.003],"_humanoidState":8,"_cameraCFrame":[772.89,239.514,42.088,-1,-0.009,0.003,0,0.313,0.95,-0.009,0.95,-0.313],"_shiftlockState":false,"_pose":"Running","_animationQueue":[],"_animationSpeed":1.066,"_zoom":16.125},{"_mousePosition":[710,362],"_rootPartCFrame":[772.577,222.7,47.134,0.004,0,1,0,1,0,-1,0,0.004],"_humanoidState":8,"_cameraCFrame":[772.623,239.524,42.116,-1,-0.009,0.003,0,0.311,0.95,-0.009,0.95,-0.311],"_shiftlockState":false,"_pose":"Running","_animationQueue":[],"_animationSpeed":1.066,"_zoom":16.125},{"_mousePosition":[710,362],"_rootPartCFrame":[772.311,222.717,47.132,0.004,0,1,0,1,0,-1,0,0.004],"_humanoidState":8,"_cameraCFrame":[772.356,239.56,42.173,-1,-0.009,0.003,0,0.308,0.952,-0.009,0.952,-0.308],"_shiftlockState":false,"_pose":"Running","_animationQueue":[],"_animationSpeed":1.066,"_zoom":16.125},{"_mousePosition":[710,362],"_rootPartCFrame":[772.044,222.748,47.129,0.005,0,1,0,1,0,-1,0,0.005],"_humanoidState":8,"_cameraCFrame":[772.088,239.611,42.231,-1,-0.009,0.003,0,0.304,0.953,-0.009,0.953,-0.304],"_shiftlockState":false,"_pose":"Running","_animationQueue":[],"_animationSpeed":1.066,"_zoom":16.125},{"_mousePosition":[710,362],"_rootPartCFrame":[771.777,222.744,47.127,0.006,0,1,0,1,0,-1,0,0.006],"_humanoidState":8,"_cameraCFrame":[771.833,239.626,42.288,-1,-0.011,0.003,0,0.3,0.954,-0.012,0.954,-0.3],"_shiftlockState":false,"_pose":"Running","_animationQueue":[],"_animationSpeed":1.066,"_zoom":16.125},{"_mousePosition":[710,362],"_rootPartCFrame":[771.511,223.607,47.125,0.006,0,1,0,1,0,-1,0,0.006],"_humanoidState":3,"_cameraCFrame":[771.567,240.489,42.286,-1,-0.011,0.003,0,0.3,0.954,-0.012,0.954,-0.3],"_shiftlockState":false,"_pose":"Jumping","_animationQueue":[["walk",0.1],["walk",0.1],["jump",0.1]],"_animationSpeed":1,"_zoom":16.125},{"_mousePosition":[710,362],"_rootPartCFrame":[771.244,224.415,47.122,0.007,0,1,0,1,0,-1,0,0.007],"_humanoidState":5,"_cameraCFrame":[771.3,241.297,42.283,-1,-0.011,0.003,0,0.3,0.954,-0.012,0.954,-0.3],"_shiftlockState":false,"_pose":"FreeFall","_animationQueue":[["jump",0.1]],"_animationSpeed":1,"_zoom":16.125},{"_mousePosition":[710,362],"_rootPartCFrame":[770.978,225.169,47.118,0.007,0,1,0,1,0,-1,0,0.007],"_humanoidState":5,"_cameraCFrame":[771.034,242.051,42.28,-1,-0.011,0.003,0,0.3,0.954,-0.012,0.954,-0.3],"_shiftlockState":false,"_pose":"FreeFall","_animationQueue":[],"_animationSpeed":1,"_zoom":16.125},{"_mousePosition":[710,362],"_rootPartCFrame":[770.711,225.869,47.115,0.008,0,1,0,1,0,-1,0,0.008],"_humanoidState":5,"_cameraCFrame":[770.767,242.751,42.277,-1,-0.011,0.003,0,0.3,0.954,-0.012,0.954,-0.3],"_shiftlockState":false,"_pose":"FreeFall","_animationQueue":[],"_animationSpeed":1,"_zoom":16.125},{"_mousePosition":[710,362],"_rootPartCFrame":[770.444,226.514,47.112,0.009,0,1,0,1,0,-1,0,0.009],"_humanoidState":5,"_cameraCFrame":[770.512,243.414,42.334,-1,-0.013,0.004,0,0.296,0.955,-0.014,0.955,-0.296],"_shiftlockState":false,"_pose":"FreeFall","_animationQueue":[],"_animationSpeed":1,"_zoom":16.125},{"_mousePosition":[710,362],"_rootPartCFrame":[770.178,227.104,47.109,0.009,0,1,0,1,0,-1,0,0.009],"_humanoidState":5,"_cameraCFrame":[770.257,244.014,42.361,-1,-0.016,0.005,0,0.295,0.956,-0.017,0.956,-0.294],"_shiftlockState":false,"_pose":"FreeFall","_animationQueue":[],"_animationSpeed":1,"_zoom":16.125},{"_mousePosition":[710,362],"_rootPartCFrame":[769.911,227.64,47.106,0.01,0,1,0,1,0,-1,0,0.01],"_humanoidState":5,"_cameraCFrame":[770.013,244.568,42.418,-1,-0.021,0.006,0,0.291,0.957,-0.022,0.957,-0.291],"_shiftlockState":false,"_pose":"FreeFall","_animationQueue":[],"_animationSpeed":1,"_zoom":16.125},{"_mousePosition":[710,362],"_rootPartCFrame":[769.645,228.121,47.101,0.01,0,1,0,1,0,-1,0,0.01],"_humanoidState":5,"_cameraCFrame":[769.768,245.068,42.474,-1,-0.026,0.008,0,0.287,0.958,-0.027,0.958,-0.287],"_shiftlockState":false,"_pose":"FreeFall","_animationQueue":[],"_animationSpeed":1,"_zoom":16.125},{"_mousePosition":[710,362],"_rootPartCFrame":[769.445,228.447,47.097,0.011,0,1,0,1,0,-1,0,0.011],"_humanoidState":5,"_cameraCFrame":[769.602,245.411,42.531,-0.999,-0.033,0.01,0,0.283,0.959,-0.034,0.958,-0.283],"_shiftlockState":false,"_pose":"FreeFall","_animationQueue":[],"_animationSpeed":1,"_zoom":16.125},{"_mousePosition":[710,362],"_rootPartCFrame":[769.111,228.921,47.088,0.014,0,1,0,1,0,-1,0,0.014],"_humanoidState":5,"_cameraCFrame":[769.311,245.911,42.615,-0.999,-0.043,0.012,0,0.278,0.961,-0.044,0.96,-0.277],"_shiftlockState":false,"_pose":"FreeFall","_animationQueue":[],"_animationSpeed":1,"_zoom":16.125},{"_mousePosition":[710,362],"_rootPartCFrame":[768.845,229.239,47.079,0.016,0,1,0,1,0,-1,0,0.016],"_humanoidState":5,"_cameraCFrame":[769.075,246.247,42.668,-0.999,-0.05,0.014,0,0.274,0.962,-0.052,0.96,-0.274],"_shiftlockState":false,"_pose":"FreeFall","_animationQueue":[],"_animationSpeed":1,"_zoom":16.125},{"_mousePosition":[710,362],"_rootPartCFrame":[768.578,229.502,47.068,0.02,0,1,0,1,0,-1,0,0.02],"_humanoidState":5,"_cameraCFrame":[768.838,246.527,42.719,-0.998,-0.057,0.016,0,0.27,0.963,-0.06,0.961,-0.27],"_shiftlockState":false,"_pose":"FreeFall","_animationQueue":[],"_animationSpeed":1,"_zoom":16.125},{"_mousePosition":[710,362],"_rootPartCFrame":[768.312,229.711,47.054,0.024,0,1,0,1,0,-1,0,0.024],"_humanoidState":5,"_cameraCFrame":[768.601,246.753,42.768,-0.998,-0.065,0.018,0,0.266,0.964,-0.067,0.962,-0.266],"_shiftlockState":false,"_pose":"FreeFall","_animationQueue":[],"_animationSpeed":1,"_zoom":16.125},{"_mousePosition":[710,362],"_rootPartCFrame":[768.046,229.865,47.039,0.028,0,1,0,1,0,-1,0,0.028],"_humanoidState":5,"_cameraCFrame":[768.365,246.916,42.785,-0.997,-0.072,0.02,0,0.265,0.964,-0.075,0.962,-0.264],"_shiftlockState":false,"_pose":"FreeFall","_animationQueue":[],"_animationSpeed":1,"_zoom":16.125},{"_mousePosition":[710,362],"_rootPartCFrame":[767.78,229.965,47.021,0.033,0,0.999,0,1,0,-0.999,0,0.033],"_humanoidState":5,"_cameraCFrame":[768.118,247.024,42.799,-0.997,-0.077,0.021,0,0.263,0.965,-0.08,0.962,-0.262],"_shiftlockState":false,"_pose":"FreeFall","_animationQueue":[],"_animationSpeed":1,"_zoom":16.125},{"_mousePosition":[710,362],"_rootPartCFrame":[767.514,230.01,47.002,0.039,0,0.999,0,1,0,-0.999,0,0.039],"_humanoidState":5,"_cameraCFrame":[767.881,247.077,42.812,-0.996,-0.084,0.023,0,0.261,0.965,-0.087,0.962,-0.26],"_shiftlockState":false,"_pose":"FreeFall","_animationQueue":[],"_animationSpeed":1,"_zoom":16.125},{"_mousePosition":[710,362],"_rootPartCFrame":[767.248,230.001,46.981,0.044,0,0.999,0,1,0,-0.999,0,0.044],"_humanoidState":5,"_cameraCFrame":[767.647,247.068,42.794,-0.995,-0.092,0.025,0,0.261,0.965,-0.095,0.961,-0.26],"_shiftlockState":false,"_pose":"FreeFall","_animationQueue":[],"_animationSpeed":1,"_zoom":16.125},{"_mousePosition":[710,362],"_rootPartCFrame":[766.982,229.938,46.958,0.05,0,0.999,0,1,0,-0.999,0,0.05],"_humanoidState":5,"_cameraCFrame":[767.4,247.013,42.803,-0.995,-0.097,0.026,0,0.259,0.966,-0.1,0.961,-0.258],"_shiftlockState":false,"_pose":"FreeFall","_animationQueue":[],"_animationSpeed":1,"_zoom":16.125},{"_mousePosition":[710,362],"_rootPartCFrame":[766.717,229.82,46.933,0.056,0,0.998,0,1,0,-0.998,0,0.056],"_humanoidState":5,"_cameraCFrame":[767.135,246.895,42.778,-0.995,-0.097,0.026,0,0.259,0.966,-0.1,0.961,-0.258],"_shiftlockState":false,"_pose":"FreeFall","_animationQueue":[],"_animationSpeed":1,"_zoom":16.125},{"_mousePosition":[710,362],"_rootPartCFrame":[766.452,229.647,46.906,0.062,0,0.998,0,1,0,-0.998,0,0.062],"_humanoidState":5,"_cameraCFrame":[766.869,246.722,42.752,-0.995,-0.097,0.026,0,0.259,0.966,-0.1,0.961,-0.258],"_shiftlockState":false,"_pose":"FreeFall","_animationQueue":[],"_animationSpeed":1,"_zoom":16.125},{"_mousePosition":[710,362],"_rootPartCFrame":[766.253,229.482,46.886,0.066,0,0.998,0,1,0,-0.998,0,0.066],"_humanoidState":5,"_cameraCFrame":[766.67,246.557,42.732,-0.995,-0.097,0.026,0,0.259,0.966,-0.1,0.961,-0.258],"_shiftlockState":false,"_pose":"FreeFall","_animationQueue":[],"_animationSpeed":1,"_zoom":16.125},{"_mousePosition":[710,362],"_rootPartCFrame":[765.921,229.138,46.853,0.072,0,0.997,0,1,0,-0.997,0,0.072],"_humanoidState":5,"_cameraCFrame":[766.338,246.213,42.698,-0.995,-0.097,0.026,0,0.259,0.966,-0.1,0.961,-0.258],"_shiftlockState":false,"_pose":"FreeFall","_animationQueue":[["fall",0.3]],"_animationSpeed":1,"_zoom":16.125},{"_mousePosition":[710,362],"_rootPartCFrame":[765.656,228.802,46.826,0.076,0,0.997,0,1,0,-0.997,0,0.076],"_humanoidState":5,"_cameraCFrame":[766.073,245.877,42.672,-0.995,-0.097,0.026,0,0.259,0.966,-0.1,0.961,-0.258],"_shiftlockState":false,"_pose":"FreeFall","_animationQueue":[],"_animationSpeed":1,"_zoom":16.125},{"_mousePosition":[710,362],"_rootPartCFrame":[765.456,228.514,46.806,0.078,0,0.997,0,1,0,-0.997,0,0.078],"_humanoidState":5,"_cameraCFrame":[765.874,245.589,42.652,-0.995,-0.097,0.026,0,0.259,0.966,-0.1,0.961,-0.258],"_shiftlockState":false,"_pose":"FreeFall","_animationQueue":[],"_animationSpeed":1,"_zoom":16.125},{"_mousePosition":[710,362],"_rootPartCFrame":[765.125,227.967,46.773,0.082,0,0.997,0,1,0,-0.997,0,0.082],"_humanoidState":5,"_cameraCFrame":[765.542,245.042,42.618,-0.995,-0.097,0.026,0,0.259,0.966,-0.1,0.961,-0.258],"_shiftlockState":false,"_pose":"FreeFall","_animationQueue":[],"_animationSpeed":1,"_zoom":16.125},{"_mousePosition":[710,362],"_rootPartCFrame":[764.859,227.467,46.746,0.085,0,0.996,0,1,0,-0.996,0,0.085],"_humanoidState":5,"_cameraCFrame":[765.277,244.542,42.592,-0.995,-0.097,0.026,0,0.259,0.966,-0.1,0.961,-0.258],"_shiftlockState":false,"_pose":"FreeFall","_animationQueue":[],"_animationSpeed":1,"_zoom":16.125},{"_mousePosition":[710,362],"_rootPartCFrame":[764.66,227.056,46.726,0.086,0,0.996,0,1,0,-0.996,0,0.086],"_humanoidState":5,"_cameraCFrame":[765.078,244.132,42.572,-0.995,-0.097,0.026,0,0.259,0.966,-0.1,0.961,-0.258],"_shiftlockState":false,"_pose":"FreeFall","_animationQueue":[],"_animationSpeed":1,"_zoom":16.125},{"_mousePosition":[710,362],"_rootPartCFrame":[764.329,226.304,46.693,0.089,0,0.996,0,1,0,-0.996,0,0.089],"_humanoidState":5,"_cameraCFrame":[764.746,243.379,42.538,-0.995,-0.097,0.026,0,0.259,0.966,-0.1,0.961,-0.258],"_shiftlockState":false,"_pose":"FreeFall","_animationQueue":[],"_animationSpeed":1,"_zoom":16.125},{"_mousePosition":[710,362],"_rootPartCFrame":[764.063,225.641,46.666,0.09,0,0.996,0,1,0,-0.996,0,0.09],"_humanoidState":5,"_cameraCFrame":[764.481,242.716,42.512,-0.995,-0.097,0.026,0,0.259,0.966,-0.1,0.961,-0.258],"_shiftlockState":false,"_pose":"FreeFall","_animationQueue":[["fall",0.3]],"_animationSpeed":1,"_zoom":16.125},{"_mousePosition":[710,362],"_rootPartCFrame":[763.864,225.108,46.646,0.091,0,0.996,0,1,0,-0.996,0,0.091],"_humanoidState":5,"_cameraCFrame":[764.282,242.183,42.492,-0.995,-0.097,0.026,0,0.259,0.966,-0.1,0.961,-0.258],"_shiftlockState":false,"_pose":"FreeFall","_animationQueue":[],"_animationSpeed":1,"_zoom":16.125},{"_mousePosition":[710,362],"_rootPartCFrame":[763.532,224.151,46.613,0.093,0,0.996,0,1,0,-0.996,0,0.093],"_humanoidState":5,"_cameraCFrame":[763.95,241.226,42.458,-0.995,-0.097,0.026,0,0.259,0.966,-0.1,0.961,-0.258],"_shiftlockState":false,"_pose":"FreeFall","_animationQueue":[],"_animationSpeed":1,"_zoom":16.125},{"_mousePosition":[710,362],"_rootPartCFrame":[763.267,223.325,46.586,0.094,0,0.996,0,1,0,-0.996,0,0.094],"_humanoidState":5,"_cameraCFrame":[763.685,240.4,42.432,-0.995,-0.097,0.026,0,0.259,0.966,-0.1,0.961,-0.258],"_shiftlockState":false,"_pose":"FreeFall","_animationQueue":[],"_animationSpeed":1,"_zoom":16.125},{"_mousePosition":[710,362],"_rootPartCFrame":[763.068,222.777,46.566,0.095,0,0.996,0,1,0,-0.996,0,0.095],"_humanoidState":7,"_cameraCFrame":[763.486,239.852,42.412,-0.995,-0.097,0.026,0,0.259,0.966,-0.1,0.961,-0.258],"_shiftlockState":false,"_pose":"FreeFall","_animationQueue":[["walk",0.1],["fall",0.3],["fall",0.3]],"_animationSpeed":1,"_zoom":16.125},{"_mousePosition":[710,362],"_rootPartCFrame":[762.736,222.754,46.533,0.095,0,0.995,0,1,0,-0.995,0,0.095],"_humanoidState":7,"_cameraCFrame":[763.154,239.829,42.378,-0.995,-0.097,0.026,0,0.259,0.966,-0.1,0.961,-0.258],"_shiftlockState":false,"_pose":"FreeFall","_animationQueue":[],"_animationSpeed":1,"_zoom":16.125},{"_mousePosition":[710,362],"_rootPartCFrame":[762.405,222.86,46.5,0.096,0,0.995,0,1,0,-0.995,0,0.096],"_humanoidState":8,"_cameraCFrame":[762.822,239.936,42.345,-0.995,-0.097,0.026,0,0.259,0.966,-0.1,0.961,-0.258],"_shiftlockState":false,"_pose":"Running","_animationQueue":[["walk",0.1],["fall",0.3],["walk",0.1]],"_animationSpeed":1.103,"_zoom":16.125},{"_mousePosition":[710,362],"_rootPartCFrame":[762.206,223.513,46.48,0.097,0,0.995,0,1,0,-0.995,0,0.097],"_humanoidState":3,"_cameraCFrame":[762.623,240.588,42.325,-0.995,-0.097,0.026,0,0.259,0.966,-0.1,0.961,-0.258],"_shiftlockState":false,"_pose":"Jumping","_animationQueue":[["walk",0.1],["walk",0.1],["jump",0.1]],"_animationSpeed":1,"_zoom":16.125},{"_mousePosition":[710,362],"_rootPartCFrame":[761.874,224.532,46.446,0.097,0,0.995,0,1,0,-0.995,0,0.097],"_humanoidState":5,"_cameraCFrame":[762.291,241.607,42.292,-0.995,-0.097,0.026,0,0.259,0.966,-0.1,0.961,-0.258],"_shiftlockState":false,"_pose":"FreeFall","_animationQueue":[["jump",0.1]],"_animationSpeed":1,"_zoom":16.125},{"_mousePosition":[710,362],"_rootPartCFrame":[761.608,225.286,46.42,0.098,0,0.995,0,1,0,-0.995,0,0.098],"_humanoidState":5,"_cameraCFrame":[760.285,242.361,42.09,-0.995,-0.097,0.026,0,0.259,0.966,-0.1,0.961,-0.258],"_shiftlockState":true,"_pose":"FreeFall","_animationQueue":[],"_animationSpeed":1,"_zoom":16.125},{"_mousePosition":[683,384],"_rootPartCFrame":[761.343,225.985,46.393,-0.982,0,0.191,0,1,0,-0.191,0,-0.982],"_humanoidState":5,"_cameraCFrame":[760.019,243.06,42.064,-0.995,-0.097,0.026,0,0.259,0.966,-0.1,0.961,-0.258],"_shiftlockState":true,"_pose":"FreeFall","_animationQueue":[],"_animationSpeed":1,"_zoom":16.125},{"_mousePosition":[683,384],"_rootPartCFrame":[761.078,226.63,46.366,-0.974,0,0.227,0,1,0,-0.227,0,-0.974],"_humanoidState":5,"_cameraCFrame":[759.754,243.705,42.037,-0.995,-0.097,0.026,0,0.259,0.966,-0.1,0.961,-0.258],"_shiftlockState":true,"_pose":"FreeFall","_animationQueue":[],"_animationSpeed":1,"_zoom":16.125},{"_mousePosition":[683,384],"_rootPartCFrame":[760.812,227.22,46.34,-0.973,0,0.231,0,1,0,-0.231,0,-0.973],"_humanoidState":5,"_cameraCFrame":[759.489,244.295,42.01,-0.995,-0.097,0.026,0,0.259,0.966,-0.1,0.961,-0.258],"_shiftlockState":true,"_pose":"FreeFall","_animationQueue":[],"_animationSpeed":1,"_zoom":16.125},{"_mousePosition":[683,384],"_rootPartCFrame":[760.613,227.627,46.32,-0.98,0,0.199,0,1,0,-0.199,0,-0.98],"_humanoidState":5,"_cameraCFrame":[759.286,244.711,42.02,-0.995,-0.097,0.026,0,0.257,0.966,-0.1,0.962,-0.256],"_shiftlockState":true,"_pose":"FreeFall","_animationQueue":[],"_animationSpeed":1,"_zoom":16.125},{"_mousePosition":[683,384],"_rootPartCFrame":[760.282,228.238,46.286,-0.965,0,0.264,0,1,0,-0.264,0,-0.965],"_humanoidState":5,"_cameraCFrame":[758.955,245.321,41.987,-0.995,-0.097,0.026,0,0.257,0.966,-0.1,0.962,-0.256],"_shiftlockState":true,"_pose":"FreeFall","_animationQueue":[],"_animationSpeed":1,"_zoom":16.125},{"_mousePosition":[683,384],"_rootPartCFrame":[760.016,228.665,46.26,-0.973,0,0.231,0,1,0,-0.231,0,-0.973],"_humanoidState":5,"_cameraCFrame":[758.689,245.748,41.96,-0.995,-0.097,0.026,0,0.257,0.966,-0.1,0.962,-0.256],"_shiftlockState":true,"_pose":"FreeFall","_animationQueue":[],"_animationSpeed":1,"_zoom":16.125},{"_mousePosition":[683,384],"_rootPartCFrame":[759.817,228.949,46.24,-0.98,0,0.199,0,1,0,-0.199,0,-0.98],"_humanoidState":5,"_cameraCFrame":[758.49,246.032,41.94,-0.995,-0.097,0.026,0,0.257,0.966,-0.1,0.962,-0.256],"_shiftlockState":true,"_pose":"FreeFall","_animationQueue":[],"_animationSpeed":1,"_zoom":16.125},{"_mousePosition":[683,384],"_rootPartCFrame":[759.485,229.355,46.206,-0.965,0,0.264,0,1,0,-0.264,0,-0.965],"_humanoidState":5,"_cameraCFrame":[758.159,246.438,41.907,-0.995,-0.097,0.026,0,0.257,0.966,-0.1,0.962,-0.256],"_shiftlockState":true,"_pose":"FreeFall","_animationQueue":[],"_animationSpeed":1,"_zoom":16.125},{"_mousePosition":[683,384],"_rootPartCFrame":[759.22,229.618,46.18,-0.973,0,0.231,0,1,0,-0.231,0,-0.973],"_humanoidState":5,"_cameraCFrame":[757.893,246.701,41.88,-0.995,-0.097,0.026,0,0.257,0.966,-0.1,0.962,-0.256],"_shiftlockState":true,"_pose":"FreeFall","_animationQueue":[],"_animationSpeed":1,"_zoom":16.125},{"_mousePosition":[683,384],"_rootPartCFrame":[759.021,229.78,46.16,-0.98,0,0.199,0,1,0,-0.199,0,-0.98],"_humanoidState":5,"_cameraCFrame":[757.694,246.863,41.86,-0.995,-0.097,0.026,0,0.257,0.966,-0.1,0.962,-0.256],"_shiftlockState":true,"_pose":"FreeFall","_animationQueue":[],"_animationSpeed":1,"_zoom":16.125},{"_mousePosition":[683,384],"_rootPartCFrame":[758.689,229.982,46.126,-0.965,0,0.264,0,1,0,-0.264,0,-0.965],"_humanoidState":5,"_cameraCFrame":[757.373,247.065,41.824,-0.995,-0.099,0.026,0,0.257,0.966,-0.102,0.961,-0.256],"_shiftlockState":true,"_pose":"FreeFall","_animationQueue":[],"_animationSpeed":1,"_zoom":16.125},{"_mousePosition":[683,384],"_rootPartCFrame":[758.424,230.081,46.1,-0.972,0,0.234,0,1,0,-0.234,0,-0.972],"_humanoidState":5,"_cameraCFrame":[757.119,247.165,41.794,-0.994,-0.101,0.027,0,0.257,0.966,-0.105,0.961,-0.256],"_shiftlockState":true,"_pose":"FreeFall","_animationQueue":[],"_animationSpeed":1,"_zoom":16.125},{"_mousePosition":[683,384],"_rootPartCFrame":[758.159,230.127,46.072,-0.972,0,0.236,0,1,0,-0.236,0,-0.972],"_humanoidState":5,"_cameraCFrame":[756.875,247.21,41.76,-0.994,-0.106,0.028,0,0.257,0.966,-0.11,0.961,-0.255],"_shiftlockState":true,"_pose":"FreeFall","_animationQueue":[],"_animationSpeed":1,"_zoom":16.125},{"_mousePosition":[683,384],"_rootPartCFrame":[757.893,230.118,46.045,-0.97,0,0.241,0,1,0,-0.241,0,-0.97],"_humanoidState":5,"_cameraCFrame":[756.628,247.209,41.756,-0.993,-0.111,0.029,0,0.255,0.967,-0.115,0.96,-0.253],"_shiftlockState":true,"_pose":"FreeFall","_animationQueue":[],"_animationSpeed":1,"_zoom":16.125},{"_mousePosition":[683,384],"_rootPartCFrame":[757.628,230.054,46.015,-0.969,0,0.246,0,1,0,-0.246,0,-0.969],"_humanoidState":5,"_cameraCFrame":[756.385,247.145,41.72,-0.993,-0.116,0.031,0,0.255,0.967,-0.12,0.96,-0.253],"_shiftlockState":true,"_pose":"FreeFall","_animationQueue":[],"_animationSpeed":1,"_zoom":16.125},{"_mousePosition":[683,384],"_rootPartCFrame":[757.363,229.936,45.985,-0.968,0,0.251,0,1,0,-0.251,0,-0.968],"_humanoidState":5,"_cameraCFrame":[756.171,247.035,41.705,-0.991,-0.128,0.034,0,0.253,0.967,-0.133,0.959,-0.251],"_shiftlockState":true,"_pose":"FreeFall","_animationQueue":[],"_animationSpeed":1,"_zoom":16.125},{"_mousePosition":[683,384],"_rootPartCFrame":[757.099,229.763,45.953,-0.965,0,0.263,0,1,0,-0.263,0,-0.965],"_humanoidState":5,"_cameraCFrame":[755.949,246.863,41.661,-0.99,-0.138,0.036,0,0.253,0.967,-0.143,0.957,-0.251],"_shiftlockState":true,"_pose":"FreeFall","_animationQueue":[],"_animationSpeed":1,"_zoom":16.125},{"_mousePosition":[683,384],"_rootPartCFrame":[756.834,229.536,45.918,-0.962,0,0.273,0,1,0,-0.273,0,-0.962],"_humanoidState":5,"_cameraCFrame":[755.702,246.643,41.65,-0.989,-0.143,0.037,0,0.251,0.968,-0.148,0.957,-0.249],"_shiftlockState":true,"_pose":"FreeFall","_animationQueue":[],"_animationSpeed":1,"_zoom":16.125},{"_mousePosition":[683,384],"_rootPartCFrame":[756.57,229.255,45.881,-0.961,0,0.278,0,1,0,-0.278,0,-0.961],"_humanoidState":5,"_cameraCFrame":[755.46,246.362,41.607,-0.988,-0.148,0.038,0,0.251,0.968,-0.153,0.957,-0.248],"_shiftlockState":true,"_pose":"FreeFall","_animationQueue":[["fall",0.3]],"_animationSpeed":1,"_zoom":16.125},{"_mousePosition":[683,384],"_rootPartCFrame":[756.307,228.919,45.841,-0.959,0,0.283,0,1,0,-0.283,0,-0.959],"_humanoidState":5,"_cameraCFrame":[755.218,246.026,41.562,-0.987,-0.153,0.04,0,0.251,0.968,-0.158,0.956,-0.248],"_shiftlockState":true,"_pose":"FreeFall","_animationQueue":[],"_animationSpeed":1,"_zoom":16.125},{"_mousePosition":[683,384],"_rootPartCFrame":[756.043,228.528,45.801,-0.958,0,0.288,0,1,0,-0.288,0,-0.958],"_humanoidState":5,"_cameraCFrame":[754.96,245.643,41.549,-0.987,-0.155,0.04,0,0.25,0.968,-0.16,0.956,-0.246],"_shiftlockState":true,"_pose":"FreeFall","_animationQueue":[],"_animationSpeed":1,"_zoom":16.125},{"_mousePosition":[683,384],"_rootPartCFrame":[755.779,228.083,45.759,-0.957,0,0.29,0,1,0,-0.29,0,-0.957],"_humanoidState":5,"_cameraCFrame":[754.697,245.198,41.507,-0.987,-0.155,0.04,0,0.25,0.968,-0.16,0.956,-0.246],"_shiftlockState":true,"_pose":"FreeFall","_animationQueue":[],"_animationSpeed":1,"_zoom":16.125},{"_mousePosition":[683,384],"_rootPartCFrame":[755.516,227.583,45.716,-0.957,0,0.29,0,1,0,-0.29,0,-0.957],"_humanoidState":5,"_cameraCFrame":[754.455,244.698,41.459,-0.986,-0.16,0.041,0,0.25,0.968,-0.165,0.955,-0.246],"_shiftlockState":true,"_pose":"FreeFall","_animationQueue":[],"_animationSpeed":1,"_zoom":16.125},{"_mousePosition":[683,384],"_rootPartCFrame":[755.253,227.029,45.674,-0.956,0,0.295,0,1,0,-0.295,0,-0.956],"_humanoidState":5,"_cameraCFrame":[754.208,244.152,41.441,-0.985,-0.165,0.042,0,0.248,0.969,-0.17,0.955,-0.244],"_shiftlockState":true,"_pose":"FreeFall","_animationQueue":[],"_animationSpeed":1,"_zoom":16.125},{"_mousePosition":[683,384],"_rootPartCFrame":[754.99,226.421,45.63,-0.954,0,0.3,0,1,0,-0.3,0,-0.954],"_humanoidState":5,"_cameraCFrame":[753.956,243.543,41.395,-0.985,-0.167,0.043,0,0.248,0.969,-0.173,0.954,-0.244],"_shiftlockState":true,"_pose":"FreeFall","_animationQueue":[["fall",0.3]],"_animationSpeed":1,"_zoom":16.125},{"_mousePosition":[683,384],"_rootPartCFrame":[754.727,225.757,45.585,-0.953,0,0.302,0,1,0,-0.302,0,-0.953],"_humanoidState":5,"_cameraCFrame":[753.715,242.88,41.344,-0.984,-0.172,0.044,0,0.248,0.969,-0.178,0.953,-0.244],"_shiftlockState":true,"_pose":"FreeFall","_animationQueue":[],"_animationSpeed":1,"_zoom":16.125},{"_mousePosition":[683,384],"_rootPartCFrame":[754.465,225.04,45.539,-0.952,0,0.307,0,1,0,-0.307,0,-0.952],"_humanoidState":5,"_cameraCFrame":[753.468,242.17,41.323,-0.983,-0.177,0.045,0,0.246,0.969,-0.183,0.953,-0.242],"_shiftlockState":true,"_pose":"FreeFall","_animationQueue":[],"_animationSpeed":1,"_zoom":16.125},{"_mousePosition":[683,384],"_rootPartCFrame":[754.202,224.268,45.492,-0.95,0,0.312,0,1,0,-0.312,0,-0.95],"_humanoidState":5,"_cameraCFrame":[753.232,241.406,41.299,-0.982,-0.184,0.046,0,0.244,0.97,-0.19,0.952,-0.239],"_shiftlockState":true,"_pose":"FreeFall","_animationQueue":[],"_animationSpeed":1,"_zoom":16.125},{"_mousePosition":[683,384],"_rootPartCFrame":[753.94,223.441,45.443,-0.948,0,0.319,0,1,0,-0.319,0,-0.948],"_humanoidState":5,"_cameraCFrame":[752.98,240.579,41.248,-0.981,-0.187,0.047,0,0.244,0.97,-0.193,0.952,-0.239],"_shiftlockState":true,"_pose":"FreeFall","_animationQueue":[],"_animationSpeed":1,"_zoom":16.125},{"_mousePosition":[683,384],"_rootPartCFrame":[753.678,222.56,45.393,-0.947,0,0.321,0,1,0,-0.321,0,-0.947],"_humanoidState":5,"_cameraCFrame":[752.718,239.698,41.197,-0.981,-0.187,0.047,0,0.244,0.97,-0.193,0.952,-0.239],"_shiftlockState":true,"_pose":"FreeFall","_animationQueue":[],"_animationSpeed":1,"_zoom":16.125},{"_mousePosition":[683,384],"_rootPartCFrame":[753.482,221.863,45.354,-0.957,0,0.29,0,1,0,-0.29,0,-0.957],"_humanoidState":5,"_cameraCFrame":[752.522,239.002,41.159,-0.981,-0.187,0.047,0,0.244,0.97,-0.193,0.952,-0.239],"_shiftlockState":true,"_pose":"FreeFall","_animationQueue":[],"_animationSpeed":1,"_zoom":16.125},{"_mousePosition":[683,384],"_rootPartCFrame":[753.155,220.634,45.29,-0.936,0,0.353,0,1,0,-0.353,0,-0.936],"_humanoidState":5,"_cameraCFrame":[752.195,237.773,41.095,-0.981,-0.187,0.047,0,0.244,0.97,-0.193,0.952,-0.239],"_shiftlockState":true,"_pose":"FreeFall","_animationQueue":[["fall",0.3]],"_animationSpeed":1,"_zoom":16.125},{"_mousePosition":[683,384],"_rootPartCFrame":[752.893,219.923,45.239,-0.974,0,0.225,0,1,0,-0.225,0,-0.974],"_humanoidState":7,"_cameraCFrame":[751.933,237.061,41.043,-0.981,-0.187,0.047,0,0.244,0.97,-0.193,0.952,-0.239],"_shiftlockState":true,"_pose":"FreeFall","_animationQueue":[["walk",0.1],["fall",0.3],["fall",0.3]],"_animationSpeed":1,"_zoom":16.125},{"_mousePosition":[683,384],"_rootPartCFrame":[752.697,219.934,45.2,-0.981,0,0.194,0,1,0,-0.194,0,-0.981],"_humanoidState":7,"_cameraCFrame":[751.752,237.079,41.03,-0.98,-0.192,0.048,0,0.242,0.97,-0.198,0.951,-0.237],"_shiftlockState":true,"_pose":"FreeFall","_animationQueue":[],"_animationSpeed":1,"_zoom":16.125},{"_mousePosition":[683,384],"_rootPartCFrame":[752.304,220.087,45.123,-0.98,0,0.198,0,1,0,-0.198,0,-0.98],"_humanoidState":8,"_cameraCFrame":[751.38,237.233,40.948,-0.979,-0.196,0.049,0,0.242,0.97,-0.202,0.95,-0.237],"_shiftlockState":true,"_pose":"Running","_animationQueue":[["walk",0.1],["fall",0.3],["walk",0.1]],"_animationSpeed":1.103,"_zoom":16.125},{"_mousePosition":[683,384],"_rootPartCFrame":[752.043,220.15,45.071,-0.979,0,0.202,0,1,0,-0.202,0,-0.979],"_humanoidState":8,"_cameraCFrame":[751.134,237.304,40.921,-0.978,-0.201,0.05,0,0.24,0.971,-0.207,0.95,-0.235],"_shiftlockState":true,"_pose":"Running","_animationQueue":[],"_animationSpeed":1.103,"_zoom":16.125},{"_mousePosition":[683,384],"_rootPartCFrame":[751.781,220.184,45.017,-0.978,0,0.207,0,1,0,-0.207,0,-0.978],"_humanoidState":8,"_cameraCFrame":[750.912,237.352,40.915,-0.976,-0.214,0.052,0,0.236,0.972,-0.22,0.948,-0.23],"_shiftlockState":true,"_pose":"Running","_animationQueue":[],"_animationSpeed":1.103,"_zoom":16.125},{"_mousePosition":[683,384],"_rootPartCFrame":[751.52,220.203,44.962,-0.976,0,0.22,0,1,0,-0.22,0,-0.976],"_humanoidState":8,"_cameraCFrame":[750.665,237.378,40.886,-0.974,-0.218,0.053,0,0.234,0.972,-0.225,0.947,-0.228],"_shiftlockState":true,"_pose":"Running","_animationQueue":[["walk",0.1]],"_animationSpeed":1.103,"_zoom":16.125},{"_mousePosition":[683,384],"_rootPartCFrame":[751.26,220.213,44.904,-0.974,0,0.225,0,1,0,-0.225,0,-0.974],"_humanoidState":8,"_cameraCFrame":[750.438,237.396,40.849,-0.972,-0.228,0.055,0,0.232,0.973,-0.235,0.945,-0.226],"_shiftlockState":true,"_pose":"Running","_animationQueue":[],"_animationSpeed":1.103,"_zoom":16.125},{"_mousePosition":[683,384],"_rootPartCFrame":[751,220.218,44.844,-0.972,0,0.235,0,1,0,-0.235,0,-0.972],"_humanoidState":8,"_cameraCFrame":[750.212,237.409,40.811,-0.97,-0.238,0.056,0,0.231,0.973,-0.244,0.944,-0.224],"_shiftlockState":true,"_pose":"Running","_animationQueue":[],"_animationSpeed":1.103,"_zoom":16.125},{"_mousePosition":[683,384],"_rootPartCFrame":[750.741,220.221,44.782,-0.97,0,0.244,0,1,0,-0.244,0,-0.97],"_humanoidState":8,"_cameraCFrame":[749.973,237.412,40.744,-0.968,-0.243,0.057,0,0.231,0.973,-0.249,0.942,-0.223],"_shiftlockState":true,"_pose":"Running","_animationQueue":[],"_animationSpeed":1.103,"_zoom":16.125},{"_mousePosition":[683,384],"_rootPartCFrame":[750.482,220.223,44.717,-0.968,0,0.249,0,1,0,-0.249,0,-0.968],"_humanoidState":8,"_cameraCFrame":[749.715,237.413,40.68,-0.968,-0.243,0.057,0,0.231,0.973,-0.249,0.942,-0.223],"_shiftlockState":true,"_pose":"Running","_animationQueue":[],"_animationSpeed":1.103,"_zoom":16.125},{"_mousePosition":[683,384],"_rootPartCFrame":[750.289,220.223,44.667,-0.968,0,0.249,0,1,0,-0.249,0,-0.968],"_humanoidState":8,"_cameraCFrame":[749.523,237.421,40.658,-0.968,-0.245,0.058,0,0.229,0.973,-0.252,0.942,-0.221],"_shiftlockState":true,"_pose":"Running","_animationQueue":[],"_animationSpeed":1.103,"_zoom":16.125},{"_mousePosition":[683,384],"_rootPartCFrame":[749.966,220.224,44.584,-0.968,0,0.252,0,1,0,-0.252,0,-0.968],"_humanoidState":8,"_cameraCFrame":[749.193,237.429,40.604,-0.968,-0.245,0.057,0,0.227,0.974,-0.252,0.943,-0.219],"_shiftlockState":true,"_pose":"Running","_animationQueue":[],"_animationSpeed":1.103,"_zoom":16.125},{"_mousePosition":[683,384],"_rootPartCFrame":[749.708,220.224,44.517,-0.968,0,0.252,0,1,0,-0.252,0,-0.968],"_humanoidState":8,"_cameraCFrame":[748.917,237.436,40.569,-0.968,-0.243,0.056,0,0.225,0.974,-0.249,0.944,-0.218],"_shiftlockState":true,"_pose":"Running","_animationQueue":[["walk",0.1]],"_animationSpeed":1.103,"_zoom":16.125},{"_mousePosition":[683,384],"_rootPartCFrame":[749.45,220.225,44.45,-0.968,0,0.249,0,1,0,-0.249,0,-0.968],"_humanoidState":8,"_cameraCFrame":[748.639,237.436,40.506,-0.97,-0.238,0.055,0,0.225,0.974,-0.244,0.945,-0.218],"_shiftlockState":true,"_pose":"Running","_animationQueue":[],"_animationSpeed":1.103,"_zoom":16.125},{"_mousePosition":[683,384],"_rootPartCFrame":[749.191,220.191,44.383,-0.97,0,0.244,0,1,0,-0.244,0,-0.97],"_humanoidState":8,"_cameraCFrame":[748.381,237.402,40.438,-0.97,-0.238,0.055,0,0.225,0.974,-0.244,0.945,-0.218],"_shiftlockState":true,"_pose":"Running","_animationQueue":[],"_animationSpeed":1.103,"_zoom":16.125},{"_mousePosition":[683,384],"_rootPartCFrame":[748.933,221.064,44.316,-0.97,0,0.244,0,1,0,-0.244,0,-0.97],"_humanoidState":3,"_cameraCFrame":[748.123,238.276,40.371,-0.97,-0.238,0.055,0,0.225,0.974,-0.244,0.945,-0.218],"_shiftlockState":true,"_pose":"Jumping","_animationQueue":[["walk",0.1],["jump",0.1]],"_animationSpeed":1,"_zoom":16.125},{"_mousePosition":[683,384],"_rootPartCFrame":[748.74,221.685,44.266,-0.952,0,0.305,0,1,0,-0.305,0,-0.952],"_humanoidState":5,"_cameraCFrame":[747.929,238.897,40.322,-0.97,-0.238,0.055,0,0.225,0.974,-0.244,0.945,-0.218],"_shiftlockState":true,"_pose":"FreeFall","_animationQueue":[["jump",0.1]],"_animationSpeed":1,"_zoom":16.125},{"_mousePosition":[683,384],"_rootPartCFrame":[748.416,222.653,44.185,-0.919,0,0.394,0,1,0,-0.394,0,-0.919],"_humanoidState":5,"_cameraCFrame":[747.596,239.865,40.243,-0.97,-0.236,0.054,0,0.225,0.974,-0.242,0.945,-0.218],"_shiftlockState":true,"_pose":"FreeFall","_animationQueue":[],"_animationSpeed":1,"_zoom":16.125},{"_mousePosition":[683,384],"_rootPartCFrame":[748.158,223.366,44.12,-0.93,0,0.368,0,1,0,-0.368,0,-0.93],"_humanoidState":5,"_cameraCFrame":[747.335,240.571,40.15,-0.971,-0.233,0.054,0,0.227,0.974,-0.24,0.946,-0.22],"_shiftlockState":true,"_pose":"FreeFall","_animationQueue":[],"_animationSpeed":1,"_zoom":16.125},{"_mousePosition":[683,384],"_rootPartCFrame":[747.899,224.025,44.055,-0.93,0,0.366,0,1,0,-0.366,0,-0.93],"_humanoidState":5,"_cameraCFrame":[747.056,241.23,40.09,-0.972,-0.228,0.053,0,0.227,0.974,-0.235,0.947,-0.22],"_shiftlockState":true,"_pose":"FreeFall","_animationQueue":[],"_animationSpeed":1,"_zoom":16.125},{"_mousePosition":[683,384],"_rootPartCFrame":[747.64,224.629,43.991,-0.932,0,0.362,0,1,0,-0.362,0,-0.932],"_humanoidState":5,"_cameraCFrame":[746.787,241.834,40.028,-0.973,-0.226,0.053,0,0.227,0.974,-0.232,0.947,-0.221],"_shiftlockState":true,"_pose":"FreeFall","_animationQueue":[],"_animationSpeed":1,"_zoom":16.125},{"_mousePosition":[683,384],"_rootPartCFrame":[747.381,225.178,43.928,-0.933,0,0.359,0,1,0,-0.359,0,-0.933],"_humanoidState":5,"_cameraCFrame":[746.518,242.383,39.967,-0.973,-0.224,0.052,0,0.227,0.974,-0.23,0.948,-0.221],"_shiftlockState":true,"_pose":"FreeFall","_animationQueue":[],"_animationSpeed":1,"_zoom":16.125},{"_mousePosition":[683,384],"_rootPartCFrame":[747.122,225.673,43.866,-0.934,0,0.357,0,1,0,-0.357,0,-0.934],"_humanoidState":5,"_cameraCFrame":[746.248,242.878,39.907,-0.974,-0.221,0.052,0,0.227,0.974,-0.227,0.948,-0.221],"_shiftlockState":true,"_pose":"FreeFall","_animationQueue":[],"_animationSpeed":1,"_zoom":16.125},{"_mousePosition":[683,384],"_rootPartCFrame":[746.862,226.114,43.805,-0.935,0,0.355,0,1,0,-0.355,0,-0.935],"_humanoidState":5,"_cameraCFrame":[745.979,243.319,39.848,-0.974,-0.219,0.051,0,0.227,0.974,-0.225,0.949,-0.221],"_shiftlockState":true,"_pose":"FreeFall","_animationQueue":[],"_animationSpeed":1,"_zoom":16.125},{"_mousePosition":[683,384],"_rootPartCFrame":[746.603,226.5,43.744,-0.936,0,0.352,0,1,0,-0.352,0,-0.936],"_humanoidState":5,"_cameraCFrame":[745.719,243.705,39.788,-0.974,-0.219,0.051,0,0.227,0.974,-0.225,0.949,-0.221],"_shiftlockState":true,"_pose":"FreeFall","_animationQueue":[],"_animationSpeed":1,"_zoom":16.125},{"_mousePosition":[683,384],"_rootPartCFrame":[746.343,226.831,43.684,-0.936,0,0.352,0,1,0,-0.352,0,-0.936],"_humanoidState":5,"_cameraCFrame":[745.46,244.036,39.727,-0.974,-0.219,0.051,0,0.227,0.974,-0.225,0.949,-0.221],"_shiftlockState":true,"_pose":"FreeFall","_animationQueue":[],"_animationSpeed":1,"_zoom":16.125},{"_mousePosition":[683,384],"_rootPartCFrame":[746.083,227.108,43.624,-0.936,0,0.352,0,1,0,-0.352,0,-0.936],"_humanoidState":5,"_cameraCFrame":[745.2,244.313,39.668,-0.974,-0.219,0.051,0,0.227,0.974,-0.225,0.949,-0.221],"_shiftlockState":true,"_pose":"FreeFall","_animationQueue":[],"_animationSpeed":1,"_zoom":16.125},{"_mousePosition":[683,384],"_rootPartCFrame":[745.823,227.331,43.564,-0.936,0,0.352,0,1,0,-0.352,0,-0.936],"_humanoidState":5,"_cameraCFrame":[744.923,244.543,39.64,-0.975,-0.217,0.05,0,0.225,0.974,-0.222,0.95,-0.219],"_shiftlockState":true,"_pose":"FreeFall","_animationQueue":[],"_animationSpeed":1,"_zoom":16.125},{"_mousePosition":[683,384],"_rootPartCFrame":[745.628,227.462,43.52,-0.948,0,0.318,0,1,0,-0.318,0,-0.948],"_humanoidState":5,"_cameraCFrame":[744.712,244.681,39.627,-0.976,-0.214,0.049,0,0.223,0.975,-0.22,0.951,-0.218],"_shiftlockState":true,"_pose":"FreeFall","_animationQueue":[],"_animationSpeed":1,"_zoom":16.125},{"_mousePosition":[683,384],"_rootPartCFrame":[745.303,227.612,43.445,-0.926,0,0.379,0,1,0,-0.379,0,-0.926],"_humanoidState":5,"_cameraCFrame":[744.37,244.838,39.585,-0.976,-0.212,0.048,0,0.221,0.975,-0.217,0.952,-0.216],"_shiftlockState":true,"_pose":"FreeFall","_animationQueue":[],"_animationSpeed":1,"_zoom":16.125},{"_mousePosition":[683,384],"_rootPartCFrame":[745.043,227.672,43.387,-0.939,0,0.345,0,1,0,-0.345,0,-0.939],"_humanoidState":5,"_cameraCFrame":[744.094,244.904,39.559,-0.977,-0.21,0.047,0,0.219,0.976,-0.215,0.953,-0.214],"_shiftlockState":true,"_pose":"FreeFall","_animationQueue":[],"_animationSpeed":1,"_zoom":16.125},{"_mousePosition":[683,384],"_rootPartCFrame":[744.783,227.676,43.329,-0.939,0,0.343,0,1,0,-0.343,0,-0.939],"_humanoidState":5,"_cameraCFrame":[743.808,244.916,39.535,-0.978,-0.205,0.046,0,0.217,0.976,-0.21,0.954,-0.212],"_shiftlockState":true,"_pose":"FreeFall","_animationQueue":[],"_animationSpeed":1,"_zoom":16.125},{"_mousePosition":[683,384],"_rootPartCFrame":[744.523,227.626,43.271,-0.941,0,0.338,0,1,0,-0.338,0,-0.941],"_humanoidState":5,"_cameraCFrame":[743.522,244.873,39.513,-0.979,-0.2,0.044,0,0.215,0.977,-0.205,0.956,-0.211],"_shiftlockState":true,"_pose":"FreeFall","_animationQueue":[["fall",0.3]],"_animationSpeed":1,"_zoom":16.125},{"_mousePosition":[683,384],"_rootPartCFrame":[744.262,227.522,43.215,-0.943,0,0.333,0,1,0,-0.333,0,-0.943],"_humanoidState":5,"_cameraCFrame":[743.245,244.775,39.489,-0.979,-0.198,0.043,0,0.213,0.977,-0.202,0.957,-0.209],"_shiftlockState":true,"_pose":"FreeFall","_animationQueue":[],"_animationSpeed":1,"_zoom":16.125},{"_mousePosition":[683,384],"_rootPartCFrame":[744.066,227.407,43.174,-0.954,0,0.299,0,1,0,-0.299,0,-0.954],"_humanoidState":5,"_cameraCFrame":[743.031,244.661,39.453,-0.98,-0.193,0.042,0,0.213,0.977,-0.198,0.958,-0.209],"_shiftlockState":true,"_pose":"FreeFall","_animationQueue":[],"_animationSpeed":1,"_zoom":16.125},{"_mousePosition":[683,384],"_rootPartCFrame":[743.74,227.149,43.106,-0.934,0,0.357,0,1,0,-0.357,0,-0.934],"_humanoidState":5,"_cameraCFrame":[742.704,244.402,39.386,-0.98,-0.193,0.042,0,0.213,0.977,-0.198,0.958,-0.209],"_shiftlockState":true,"_pose":"FreeFall","_animationQueue":[],"_animationSpeed":1,"_zoom":16.125},{"_mousePosition":[683,384],"_rootPartCFrame":[743.478,226.881,43.053,-0.945,0,0.326,0,1,0,-0.326,0,-0.945],"_humanoidState":5,"_cameraCFrame":[742.443,244.134,39.333,-0.98,-0.193,0.042,0,0.213,0.977,-0.198,0.958,-0.209],"_shiftlockState":true,"_pose":"FreeFall","_animationQueue":[],"_animationSpeed":1,"_zoom":16.125},{"_mousePosition":[683,384],"_rootPartCFrame":[743.282,226.644,43.014,-0.956,0,0.294,0,1,0,-0.294,0,-0.956],"_humanoidState":5,"_cameraCFrame":[742.247,243.898,39.293,-0.98,-0.193,0.042,0,0.213,0.977,-0.198,0.958,-0.209],"_shiftlockState":true,"_pose":"FreeFall","_animationQueue":[],"_animationSpeed":1,"_zoom":16.125},{"_mousePosition":[683,384],"_rootPartCFrame":[742.955,226.182,42.948,-0.934,0,0.357,0,1,0,-0.357,0,-0.934],"_human