[{"_mousePosition":[644,305],"_rootPartCFrame":[776.023,222.7,47.142,0.004,0,1,0,1,0,-1,0,0.004],"_humanoidState":8,"_cameraCFrame":[784.774,256.112,46.403,-0.084,-0.961,0.264,0,0.265,0.964,-0.996,0.081,-0.022],"_shiftlockState":false,"_pose":"Standing","_animationQueue":[],"_animationSpeed":1,"_zoom":16.125},{"_mousePosition":[644,305],"_rootPartCFrame":[775.777,222.7,47.163,-0.008,0,1,0,1,0,-1,0,-0.008],"_humanoidState":8,"_cameraCFrame":[784.429,256.244,46.409,-0.087,-0.962,0.261,0,0.262,0.965,-0.996,0.084,-0.023],"_shiftlockState":false,"_pose":"Standing","_animationQueue":[],"_animationSpeed":1,"_zoom":16.125},{"_mousePosition":[644,305],"_rootPartCFrame":[775.645,222.7,47.174,-0.013,0,1,0,1,0,-1,0,-0.013],"_humanoidState":8,"_cameraCFrame":[784.252,256.326,46.424,-0.087,-0.962,0.259,0,0.26,0.966,-0.996,0.084,-0.023],"_shiftlockState":false,"_pose":"Running","_animationQueue":[["walk",0.1]],"_animationSpeed":1.066,"_zoom":16.125},{"_mousePosition":[644,305],"_rootPartCFrame":[775.247,222.7,47.208,-0.028,0,1,0,1,0,-1,0,-0.028],"_humanoidState":8,"_cameraCFrame":[783.865,256.37,46.458,-0.087,-0.962,0.259,0,0.26,0.966,-0.996,0.084,-0.023],"_shiftlockState":false,"_pose":"Running","_animationQueue":[],"_animationSpeed":1.066,"_zoom":16.125},{"_mousePosition":[644,305],"_rootPartCFrame":[774.981,222.7,47.231,-0.036,0,0.999,0,1,0,-0.999,0,-0.036],"_humanoidState":8,"_cameraCFrame":[783.607,256.399,46.48,-0.087,-0.962,0.259,0,0.26,0.966,-0.996,0.084,-0.023],"_shiftlockState":false,"_pose":"Running","_animationQueue":[["walk",0.1]],"_animationSpeed":1.066,"_zoom":16.125},{"_mousePosition":[644,305],"_rootPartCFrame":[774.716,223.573,47.255,-0.044,0,0.999,0,1,0,-0.999,0,-0.044],"_humanoidState":3,"_cameraCFrame":[783.346,257.29,46.503,-0.087,-0.962,0.259,0,0.26,0.966,-0.996,0.084,-0.023],"_shiftlockState":false,"_pose":"Jumping","_animationQueue":[["walk",0.1],["jump",0.1]],"_animationSpeed":1,"_zoom":16.125},{"_mousePosition":[644,305],"_rootPartCFrame":[774.516,224.194,47.272,-0.049,0,0.999,0,1,0,-0.999,0,-0.049],"_humanoidState":5,"_cameraCFrame":[783.151,257.925,46.52,-0.087,-0.962,0.259,0,0.26,0.966,-0.996,0.084,-0.023],"_shiftlockState":false,"_pose":"FreeFall","_animationQueue":[["jump",0.1]],"_animationSpeed":1,"_zoom":16.125},{"_mousePosition":[644,304],"_rootPartCFrame":[774.184,225.162,47.301,-0.056,0,0.998,0,1,0,-0.998,0,-0.056],"_humanoidState":5,"_cameraCFrame":[782.666,258.324,46.562,-0.087,-0.962,0.259,0,0.26,0.966,-0.996,0.084,-0.023],"_shiftlockState":false,"_pose":"FreeFall","_animationQueue":[],"_animationSpeed":1,"_zoom":16.125},{"_mousePosition":[644,304],"_rootPartCFrame":[773.919,225.875,47.324,-0.06,0,0.998,0,1,0,-0.998,0,-0.06],"_humanoidState":5,"_cameraCFrame":[782.118,257.982,46.61,-0.087,-0.962,0.259,0,0.26,0.966,-0.996,0.084,-0.023],"_shiftlockState":false,"_pose":"FreeFall","_animationQueue":[],"_animationSpeed":1,"_zoom":16.125},{"_mousePosition":[644,304],"_rootPartCFrame":[773.719,226.374,47.341,-0.063,0,0.998,0,1,0,-0.998,0,-0.063],"_humanoidState":5,"_cameraCFrame":[781.603,257.3,46.655,-0.087,-0.962,0.259,0,0.26,0.966,-0.996,0.084,-0.023],"_shiftlockState":false,"_pose":"FreeFall","_animationQueue":[],"_animationSpeed":1,"_zoom":16.125},{"_mousePosition":[644,305],"_rootPartCFrame":[773.387,227.138,47.37,-0.067,0,0.998,0,1,0,-0.998,0,-0.067],"_humanoidState":5,"_cameraCFrame":[780.953,257.099,46.711,-0.087,-0.963,0.257,0,0.258,0.966,-0.996,0.084,-0.022],"_shiftlockState":false,"_pose":"FreeFall","_animationQueue":[],"_animationSpeed":1,"_zoom":16.125},{"_mousePosition":[644,305],"_rootPartCFrame":[773.122,227.687,47.393,-0.07,0,0.998,0,1,0,-0.998,0,-0.07],"_humanoidState":5,"_cameraCFrame":[780.452,256.764,46.755,-0.087,-0.963,0.257,0,0.258,0.966,-0.996,0.084,-0.022],"_shiftlockState":false,"_pose":"FreeFall","_animationQueue":[],"_animationSpeed":1,"_zoom":16.125},{"_mousePosition":[644,304],"_rootPartCFrame":[772.856,228.182,47.416,-0.072,0,0.997,0,1,0,-0.997,0,-0.072],"_humanoidState":5,"_cameraCFrame":[779.937,256.321,46.8,-0.087,-0.963,0.257,0,0.258,0.966,-0.996,0.084,-0.022],"_shiftlockState":false,"_pose":"FreeFall","_animationQueue":[],"_animationSpeed":1,"_zoom":16.125},{"_mousePosition":[644,304],"_rootPartCFrame":[772.591,228.623,47.44,-0.074,0,0.997,0,1,0,-0.997,0,-0.074],"_humanoidState":5,"_cameraCFrame":[779.31,255.401,46.854,-0.087,-0.963,0.257,0,0.258,0.966,-0.996,0.084,-0.022],"_shiftlockState":false,"_pose":"FreeFall","_animationQueue":[],"_animationSpeed":1,"_zoom":16.125},{"_mousePosition":[644,304],"_rootPartCFrame":[772.391,228.918,47.457,-0.076,0,0.997,0,1,0,-0.997,0,-0.076],"_humanoidState":5,"_cameraCFrame":[778.766,254.401,46.902,-0.087,-0.963,0.257,0,0.258,0.966,-0.996,0.084,-0.022],"_shiftlockState":false,"_pose":"FreeFall","_animationQueue":[],"_animationSpeed":1,"_zoom":16.125},{"_mousePosition":[644,304],"_rootPartCFrame":[772.126,229.263,47.48,-0.077,0,0.997,0,1,0,-0.997,0,-0.077],"_humanoidState":5,"_cameraCFrame":[778.228,253.721,46.949,-0.087,-0.963,0.257,0,0.258,0.966,-0.996,0.084,-0.022],"_shiftlockState":false,"_pose":"FreeFall","_animationQueue":[],"_animationSpeed":1,"_zoom":16.125},{"_mousePosition":[644,304],"_rootPartCFrame":[771.794,229.617,47.509,-0.079,0,0.997,0,1,0,-0.997,0,-0.079],"_humanoidState":5,"_cameraCFrame":[777.669,253.22,46.997,-0.087,-0.963,0.257,0,0.258,0.966,-0.996,0.084,-0.022],"_shiftlockState":false,"_pose":"FreeFall","_animationQueue":[],"_animationSpeed":1,"_zoom":16.125},{"_mousePosition":[644,304],"_rootPartCFrame":[771.594,229.789,47.526,-0.08,0,0.997,0,1,0,-0.997,0,-0.08],"_humanoidState":5,"_cameraCFrame":[777.3,252.753,47.029,-0.087,-0.963,0.257,0,0.258,0.966,-0.996,0.084,-0.022],"_shiftlockState":false,"_pose":"FreeFall","_animationQueue":[],"_animationSpeed":1,"_zoom":16.125},{"_mousePosition":[644,304],"_rootPartCFrame":[771.262,230.008,47.555,-0.081,0,0.997,0,1,0,-0.997,0,-0.081],"_humanoidState":5,"_cameraCFrame":[776.85,252.529,47.069,-0.087,-0.963,0.257,0,0.258,0.966,-0.996,0.084,-0.022],"_shiftlockState":false,"_pose":"FreeFall","_animationQueue":[],"_animationSpeed":1,"_zoom":16.125},{"_mousePosition":[644,304],"_rootPartCFrame":[771.063,230.098,47.573,-0.082,0,0.997,0,1,0,-0.997,0,-0.082],"_humanoidState":5,"_cameraCFrame":[776.562,252.284,47.094,-0.087,-0.963,0.257,0,0.258,0.966,-0.996,0.084,-0.022],"_shiftlockState":false,"_pose":"FreeFall","_animationQueue":[],"_animationSpeed":1,"_zoom":16.125},{"_mousePosition":[644,305],"_rootPartCFrame":[770.798,230.171,47.596,-0.082,0,0.997,0,1,0,-0.997,0,-0.082],"_humanoidState":5,"_cameraCFrame":[776.194,252.133,47.126,-0.087,-0.963,0.255,0,0.256,0.967,-0.996,0.084,-0.022],"_shiftlockState":false,"_pose":"FreeFall","_animationQueue":[],"_animationSpeed":1,"_zoom":16.125},{"_mousePosition":[644,305],"_rootPartCFrame":[770.466,230.185,47.625,-0.083,0,0.997,0,1,0,-0.997,0,-0.083],"_humanoidState":5,"_cameraCFrame":[775.822,251.993,47.158,-0.087,-0.963,0.255,0,0.256,0.967,-0.996,0.084,-0.022],"_shiftlockState":false,"_pose":"FreeFall","_animationQueue":[],"_animationSpeed":1,"_zoom":16.125},{"_mousePosition":[644,305],"_rootPartCFrame":[770.266,230.153,47.642,-0.083,0,0.997,0,1,0,-0.997,0,-0.083],"_humanoidState":5,"_cameraCFrame":[775.552,251.853,47.182,-0.087,-0.964,0.253,0,0.254,0.967,-0.996,0.084,-0.022],"_shiftlockState":false,"_pose":"FreeFall","_animationQueue":[],"_animationSpeed":1,"_zoom":16.125},{"_mousePosition":[644,305],"_rootPartCFrame":[769.934,230.031,47.671,-0.084,0,0.996,0,1,0,-0.996,0,-0.084],"_humanoidState":5,"_cameraCFrame":[775.201,251.657,47.212,-0.087,-0.964,0.253,0,0.254,0.967,-0.996,0.084,-0.022],"_shiftlockState":false,"_pose":"FreeFall","_animationQueue":[["fall",0.3]],"_animationSpeed":1,"_zoom":16.125},{"_mousePosition":[644,305],"_rootPartCFrame":[769.669,229.872,47.694,-0.084,0,0.996,0,1,0,-0.996,0,-0.084],"_humanoidState":5,"_cameraCFrame":[774.885,251.463,47.253,-0.084,-0.964,0.251,0,0.252,0.968,-0.996,0.082,-0.021],"_shiftlockState":false,"_pose":"FreeFall","_animationQueue":[],"_animationSpeed":1,"_zoom":16.125},{"_mousePosition":[644,305],"_rootPartCFrame":[769.403,229.658,47.717,-0.085,0,0.996,0,1,0,-0.996,0,-0.085],"_humanoidState":5,"_cameraCFrame":[774.535,251.235,47.309,-0.079,-0.966,0.248,0,0.248,0.969,-0.997,0.077,-0.02],"_shiftlockState":false,"_pose":"FreeFall","_animationQueue":[],"_animationSpeed":1,"_zoom":16.125},{"_mousePosition":[644,305],"_rootPartCFrame":[769.204,229.462,47.734,-0.085,0,0.996,0,1,0,-0.996,0,-0.085],"_humanoidState":5,"_cameraCFrame":[774.255,251.036,47.371,-0.072,-0.967,0.244,0,0.245,0.97,-0.997,0.069,-0.018],"_shiftlockState":false,"_pose":"FreeFall","_animationQueue":[],"_animationSpeed":1,"_zoom":16.125},{"_mousePosition":[644,305],"_rootPartCFrame":[768.872,229.068,47.761,-0.084,0,0.996,0,1,0,-0.996,0,-0.084],"_humanoidState":5,"_cameraCFrame":[773.844,250.646,47.454,-0.062,-0.969,0.24,0,0.241,0.971,-0.998,0.06,-0.015],"_shiftlockState":false,"_pose":"FreeFall","_animationQueue":[],"_animationSpeed":1,"_zoom":16.125},{"_mousePosition":[644,305],"_rootPartCFrame":[768.606,228.691,47.78,-0.083,0,0.997,0,1,0,-0.997,0,-0.083],"_humanoidState":5,"_cameraCFrame":[773.464,250.287,47.592,-0.039,-0.971,0.235,0,0.235,0.972,-0.999,0.038,-0.009],"_shiftlockState":false,"_pose":"FreeFall","_animationQueue":[],"_animationSpeed":1,"_zoom":16.125},{"_mousePosition":[644,305],"_rootPartCFrame":[768.34,228.259,47.797,-0.08,0,0.997,0,1,0,-0.997,0,-0.08],"_humanoidState":5,"_cameraCFrame":[773.12,249.868,47.684,-0.024,-0.973,0.231,0,0.231,0.973,-1,0.023,-0.005],"_shiftlockState":false,"_pose":"FreeFall","_animationQueue":[],"_animationSpeed":1,"_zoom":16.125},{"_mousePosition":[644,305],"_rootPartCFrame":[768.14,227.9,47.806,-0.077,0,0.997,0,1,0,-0.997,0,-0.077],"_humanoidState":5,"_cameraCFrame":[772.881,249.514,47.766,-0.008,-0.973,0.229,0,0.229,0.973,-1,0.008,-0.002],"_shiftlockState":false,"_pose":"FreeFall","_animationQueue":[["fall",0.3]],"_animationSpeed":1,"_zoom":16.125},{"_mousePosition":[644,305],"_rootPartCFrame":[767.873,227.373,47.813,-0.071,0,0.998,0,1,0,-0.998,0,-0.071],"_humanoidState":5,"_cameraCFrame":[772.575,248.993,47.868,0.012,-0.974,0.228,0,0.228,0.974,-1,-0.012,0.003],"_shiftlockState":false,"_pose":"FreeFall","_animationQueue":[],"_animationSpeed":1,"_zoom":16.125},{"_mousePosition":[644,305],"_rootPartCFrame":[767.54,226.638,47.816,-0.061,0,0.998,0,1,0,-0.998,0,-0.061],"_humanoidState":5,"_cameraCFrame":[772.2,248.265,47.954,0.03,-0.974,0.226,0,0.226,0.974,-1,-0.029,0.007],"_shiftlockState":false,"_pose":"FreeFall","_animationQueue":[],"_animationSpeed":1,"_zoom":16.125},{"_mousePosition":[644,305],"_rootPartCFrame":[767.34,226.156,47.814,-0.054,0,0.999,0,1,0,-0.999,0,-0.054],"_humanoidState":5,"_cameraCFrame":[771.958,247.791,48.021,0.045,-0.974,0.224,0,0.224,0.975,-0.999,-0.044,0.01],"_shiftlockState":false,"_pose":"FreeFall","_animationQueue":[],"_animationSpeed":1,"_zoom":16.125},{"_mousePosition":[644,305],"_rootPartCFrame":[767.073,225.465,47.807,-0.043,0,0.999,0,1,0,-0.999,0,-0.043],"_humanoidState":5,"_cameraCFrame":[771.648,247.108,48.082,0.06,-0.973,0.221,0,0.222,0.975,-0.998,-0.058,0.013],"_shiftlockState":false,"_pose":"FreeFall","_animationQueue":[],"_animationSpeed":1,"_zoom":16.125},{"_mousePosition":[644,305],"_rootPartCFrame":[766.756,224.526,47.764,0.068,0,0.998,0,1,0,-0.998,0,0.068],"_humanoidState":5,"_cameraCFrame":[771.327,246.168,48.096,0.072,-0.973,0.221,0,0.222,0.975,-0.997,-0.071,0.016],"_shiftlockState":false,"_pose":"FreeFall","_animationQueue":[],"_animationSpeed":1,"_zoom":16.125},{"_mousePosition":[644,305],"_rootPartCFrame":[766.52,223.713,47.688,0.172,0,0.985,0,1,0,-0.985,0,0.172],"_humanoidState":5,"_cameraCFrame":[771.088,245.355,48.067,0.083,-0.972,0.221,0,0.222,0.975,-0.997,-0.081,0.018],"_shiftlockState":false,"_pose":"FreeFall","_animationQueue":[["fall",0.3]],"_animationSpeed":1,"_zoom":16.125},{"_mousePosition":[644,305],"_rootPartCFrame":[766.355,223.067,47.608,0.243,0,0.97,0,1,0,-0.97,0,0.243],"_humanoidState":5,"_cameraCFrame":[770.918,244.709,48.033,0.093,-0.971,0.221,0,0.222,0.975,-0.996,-0.09,0.021],"_shiftlockState":false,"_pose":"FreeFall","_animationQueue":[],"_animationSpeed":1,"_zoom":16.125},{"_mousePosition":[644,305],"_rootPartCFrame":[766.131,222.035,47.37,0.345,0,0.938,0,1,0,-0.938,0,0.345],"_humanoidState":7,"_cameraCFrame":[770.65,243.686,47.849,0.105,-0.97,0.219,0,0.22,0.976,-0.994,-0.103,0.023],"_shiftlockState":false,"_pose":"FreeFall","_animationQueue":[["walk",0.1],["fall",0.3],["fall",0.3]],"_animationSpeed":1,"_zoom":16.125},{"_mousePosition":[644,305],"_rootPartCFrame":[765.961,221.972,47.166,0.414,0,0.91,0,1,0,-0.91,0,0.414],"_humanoidState":7,"_cameraCFrame":[770.477,243.623,47.667,0.11,-0.97,0.219,0,0.22,0.976,-0.994,-0.108,0.024],"_shiftlockState":false,"_pose":"FreeFall","_animationQueue":[],"_animationSpeed":1,"_zoom":16.125},{"_mousePosition":[644,305],"_rootPartCFrame":[765.751,222.075,46.907,0.485,0,0.875,0,1,0,-0.875,0,0.485],"_humanoidState":8,"_cameraCFrame":[770.253,243.726,47.522,0.135,-0.967,0.218,0,0.22,0.976,-0.991,-0.132,0.03],"_shiftlockState":false,"_pose":"Running","_animationQueue":[["walk",0.1],["fall",0.3],["walk",0.1]],"_animationSpeed":1.103,"_zoom":16.125},{"_mousePosition":[644,305],"_rootPartCFrame":[765.667,222.107,46.803,0.508,0,0.861,0,1,0,-0.861,0,0.508],"_humanoidState":8,"_cameraCFrame":[770.154,243.757,47.52,0.158,-0.963,0.217,0,0.22,0.976,-0.987,-0.154,0.035],"_shiftlockState":false,"_pose":"Running","_animationQueue":[],"_animationSpeed":1.103,"_zoom":16.125},{"_mousePosition":[644,305],"_rootPartCFrame":[765.506,222.149,46.591,0.552,0,0.834,0,1,0,-0.834,0,0.552],"_humanoidState":8,"_cameraCFrame":[769.968,243.8,47.444,0.188,-0.958,0.216,0,0.22,0.976,-0.982,-0.183,0.041],"_shiftlockState":false,"_pose":"Running","_animationQueue":[],"_animationSpeed":1.103,"_zoom":16.125},{"_mousePosition":[644,305],"_rootPartCFrame":[765.304,223.219,46.325,0.605,0,0.796,0,1,0,-0.796,0,0.605],"_humanoidState":3,"_cameraCFrame":[769.736,244.87,47.325,0.22,-0.952,0.215,0,0.22,0.976,-0.975,-0.215,0.048],"_shiftlockState":false,"_pose":"Jumping","_animationQueue":[["walk",0.1],["walk",0.1],["jump",0.1]],"_animationSpeed":1,"_zoom":16.125},{"_mousePosition":[644,305],"_rootPartCFrame":[765.19,223.82,46.161,0.632,0,0.775,0,1,0,-0.775,0,0.632],"_humanoidState":5,"_cameraCFrame":[769.59,245.471,47.295,0.25,-0.945,0.213,0,0.22,0.976,-0.968,-0.243,0.055],"_shiftlockState":false,"_pose":"FreeFall","_animationQueue":[["jump",0.1]],"_animationSpeed":1,"_zoom":16.125},{"_mousePosition":[644,305],"_rootPartCFrame":[765.046,224.574,45.936,0.665,0,0.746,0,1,0,-0.746,0,0.665],"_humanoidState":5,"_cameraCFrame":[769.406,246.225,47.214,0.281,-0.936,0.211,0,0.22,0.976,-0.96,-0.274,0.062],"_shiftlockState":false,"_pose":"FreeFall","_animationQueue":[],"_animationSpeed":1,"_zoom":16.125},{"_mousePosition":[644,305],"_rootPartCFrame":[764.876,225.44,45.65,0.703,0,0.711,0,1,0,-0.711,0,0.703],"_humanoidState":5,"_cameraCFrame":[769.195,247.09,47.06,0.31,-0.927,0.209,0,0.22,0.976,-0.951,-0.303,0.068],"_shiftlockState":false,"_pose":"FreeFall","_animationQueue":[],"_animationSpeed":1,"_zoom":16.125},{"_mousePosition":[644,305],"_rootPartCFrame":[764.747,226.071,45.416,0.731,0,0.682,0,1,0,-0.682,0,0.731],"_humanoidState":5,"_cameraCFrame":[769.021,247.722,46.957,0.339,-0.918,0.207,0,0.22,0.976,-0.941,-0.331,0.075],"_shiftlockState":false,"_pose":"FreeFall","_animationQueue":[],"_animationSpeed":1,"_zoom":16.125},{"_mousePosition":[644,305],"_rootPartCFrame":[764.625,226.648,45.179,0.756,0,0.654,0,1,0,-0.654,0,0.756],"_humanoidState":5,"_cameraCFrame":[768.859,248.298,46.827,0.363,-0.909,0.205,0,0.22,0.976,-0.932,-0.354,0.08],"_shiftlockState":false,"_pose":"FreeFall","_animationQueue":[],"_animationSpeed":1,"_zoom":16.125},{"_mousePosition":[644,305],"_rootPartCFrame":[764.539,227.045,44.999,0.774,0,0.633,0,1,0,-0.633,0,0.774],"_humanoidState":5,"_cameraCFrame":[768.752,248.695,46.7,0.374,-0.905,0.204,0,0.22,0.976,-0.927,-0.365,0.082],"_shiftlockState":false,"_pose":"FreeFall","_animationQueue":[],"_animationSpeed":1,"_zoom":16.125},{"_mousePosition":[644,305],"_rootPartCFrame":[764.404,227.638,44.694,0.802,0,0.597,0,1,0,-0.597,0,0.802],"_humanoidState":5,"_cameraCFrame":[768.617,249.289,46.396,0.374,-0.905,0.204,0,0.22,0.976,-0.927,-0.365,0.082],"_shiftlockState":false,"_pose":"FreeFall","_animationQueue":[],"_animationSpeed":1,"_zoom":16.125},{"_mousePosition":[644,305],"_rootPartCFrame":[764.325,227.953,44.51,0.817,0,0.577,0,1,0,-0.577,0,0.817],"_humanoidState":5,"_cameraCFrame":[768.538,249.604,46.212,0.374,-0.905,0.204,0,0.22,0.976,-0.927,-0.365,0.082],"_shiftlockState":false,"_pose":"FreeFall","_animationQueue":[],"_animationSpeed":1,"_zoom":16.125},{"_mousePosition":[644,305],"_rootPartCFrame":[764.221,228.326,44.265,0.834,0,0.552,0,1,0,-0.552,0,0.834],"_humanoidState":5,"_cameraCFrame":[768.429,249.976,45.977,0.377,-0.904,0.204,0,0.22,0.976,-0.926,-0.368,0.083],"_shiftlockState":false,"_pose":"FreeFall","_animationQueue":[],"_animationSpeed":1,"_zoom":16.125},{"_mousePosition":[644,305],"_rootPartCFrame":[764.091,228.714,43.958,0.851,0,0.525,0,1,0,-0.525,0,0.851],"_humanoidState":5,"_cameraCFrame":[768.312,250.365,45.638,0.37,-0.906,0.204,0,0.22,0.976,-0.929,-0.361,0.081],"_shiftlockState":false,"_pose":"FreeFall","_animationQueue":[],"_animationSpeed":1,"_zoom":16.125},{"_mousePosition":[644,305],"_rootPartCFrame":[763.987,228.964,43.712,0.862,0,0.507,0,1,0,-0.507,0,0.862],"_humanoidState":5,"_cameraCFrame":[768.209,250.623,45.282,0.349,-0.915,0.204,0,0.218,0.976,-0.937,-0.34,0.076],"_shiftlockState":false,"_pose":"FreeFall","_animationQueue":[],"_animationSpeed":1,"_zoom":16.125},{"_mousePosition":[644,305],"_rootPartCFrame":[763.908,229.116,43.528,0.869,0,0.495,0,1,0,-0.495,0,0.869],"_humanoidState":5,"_cameraCFrame":[768.122,250.792,44.88,0.305,-0.93,0.204,0,0.214,0.977,-0.952,-0.298,0.065],"_shiftlockState":false,"_pose":"FreeFall","_animationQueue":[],"_animationSpeed":1,"_zoom":16.125},{"_mousePosition":[644,305],"_rootPartCFrame":[763.77,229.3,43.225,0.877,0,0.48,0,1,0,-0.48,0,0.877],"_humanoidState":5,"_cameraCFrame":[768.064,250.977,44.297,0.242,-0.948,0.208,0,0.214,0.977,-0.97,-0.237,0.052],"_shiftlockState":false,"_pose":"FreeFall","_animationQueue":[],"_animationSpeed":1,"_zoom":16.125},{"_mousePosition":[644,305],"_rootPartCFrame":[763.65,229.387,42.987,0.88,0,0.475,0,1,0,-0.475,0,0.88],"_humanoidState":5,"_cameraCFrame":[767.979,251.072,43.691,0.16,-0.965,0.21,0,0.212,0.977,-0.987,-0.157,0.034],"_shiftlockState":false,"_pose":"FreeFall","_animationQueue":[],"_animationSpeed":1,"_zoom":16.125},{"_mousePosition":[644,305],"_rootPartCFrame":[763.515,229.418,42.757,0.879,0,0.477,0,1,0,-0.477,0,0.879],"_humanoidState":5,"_cameraCFrame":[767.892,251.103,43.042,0.065,-0.975,0.212,0,0.212,0.977,-0.998,-0.063,0.014],"_shiftlockState":false,"_pose":"FreeFall","_animationQueue":[],"_animationSpeed":1,"_zoom":16.125},{"_mousePosition":[644,305],"_rootPartCFrame":[763.363,229.396,42.538,0.872,0,0.489,0,1,0,-0.489,0,0.872],"_humanoidState":5,"_cameraCFrame":[767.746,251.081,42.346,-0.044,-0.976,0.212,0,0.212,0.977,-0.999,0.043,-0.009],"_shiftlockState":false,"_pose":"FreeFall","_animationQueue":[],"_animationSpeed":1,"_zoom":16.125},{"_mousePosition":[644,305],"_rootPartCFrame":[763.236,229.343,42.384,0.864,0,0.504,0,1,0,-0.504,0,0.864],"_humanoidState":5,"_cameraCFrame":[767.557,251.028,41.629,-0.172,-0.963,0.209,0,0.212,0.977,-0.985,0.168,-0.037],"_shiftlockState":false,"_pose":"FreeFall","_animationQueue":[],"_animationSpeed":1,"_zoom":16.125},{"_mousePosition":[644,305],"_rootPartCFrame":[762.998,229.187,42.152,0.84,0,0.543,0,1,0,-0.543,0,0.84],"_humanoidState":5,"_cameraCFrame":[767.243,250.855,40.77,-0.309,-0.928,0.206,0,0.216,0.976,-0.951,0.302,-0.067],"_shiftlockState":false,"_pose":"FreeFall","_animationQueue":[],"_animationSpeed":1,"_zoom":16.125},{"_mousePosition":[644,305],"_rootPartCFrame":[762.841,229.052,42.028,0.82,0,0.572,0,1,0,-0.572,0,0.82],"_humanoidState":5,"_cameraCFrame":[766.985,250.685,39.98,-0.443,-0.874,0.201,0,0.224,0.975,-0.897,0.432,-0.099],"_shiftlockState":false,"_pose":"FreeFall","_animationQueue":[],"_animationSpeed":1,"_zoom":16.125},{"_mousePosition":[644,305],"_rootPartCFrame":[762.623,228.825,41.894,0.755,0,0.656,0,1,0,-0.656,0,0.755],"_humanoidState":5,"_cameraCFrame":[766.526,250.43,39.206,-0.567,-0.802,0.189,0,0.229,0.973,-0.824,0.552,-0.13],"_shiftlockState":false,"_pose":"FreeFall","_animationQueue":[],"_animationSpeed":1,"_zoom":16.125},{"_mousePosition":[644,305],"_rootPartCFrame":[762.344,228.464,41.783,0.638,0,0.77,0,1,0,-0.77,0,0.638],"_humanoidState":5,"_cameraCFrame":[765.744,250.013,38.152,-0.73,-0.663,0.165,0,0.241,0.971,-0.683,0.708,-0.176],"_shiftlockState":false,"_pose":"FreeFall","_animationQueue":[["fall",0.3]],"_animationSpeed":1,"_zoom":16.125},{"_mousePosition":[644,305],"_rootPartCFrame":[762.119,228.115,41.739,0.53,0,0.848,0,1,0,-0.848,0,0.53],"_humanoidState":5,"_cameraCFrame":[765.071,249.634,37.591,-0.815,-0.562,0.143,0,0.246,0.969,-0.58,0.79,-0.201],"_shiftlockState":false,"_pose":"FreeFall","_animationQueue":[],"_animationSpeed":1,"_zoom":16.125},{"_mousePosition":[644,305],"_rootPartCFrame":[761.954,227.817,41.732,0.443,0,0.897,0,1,0,-0.897,0,0.443],"_humanoidState":5,"_cameraCFrame":[764.472,249.305,37.173,-0.875,-0.468,0.122,0,0.252,0.968,-0.483,0.847,-0.221],"_shiftlockState":false,"_pose":"FreeFall","_animationQueue":[],"_animationSpeed":1,"_zoom":16.125},{"_mousePosition":[644,305],"_rootPartCFrame":[761.743,227.372,41.756,0.32,0,0.948,0,1,0,-0.948,0,0.32],"_humanoidState":5,"_cameraCFrame":[763.887,248.85,36.967,-0.913,-0.395,0.104,0,0.254,0.967,-0.409,0.883,-0.232],"_shiftlockState":false,"_pose":"FreeFall","_animationQueue":[],"_animationSpeed":1,"_zoom":16.125},{"_mousePosition":[644,305],"_rootPartCFrame":[761.549,226.739,41.966,0.11,0,0.994,0,1,0,-0.994,0,0.11],"_humanoidState":7,"_cameraCFrame":[763.478,248.186,36.961,-0.933,-0.347,0.093,0,0.26,0.966,-0.36,0.901,-0.242],"_shiftlockState":false,"_pose":"FreeFall","_animationQueue":[["walk",0.1],["fall",0.3],["fall",0.3]],"_animationSpeed":1,"_zoom":16.125},{"_mousePosition":[644,305],"_rootPartCFrame":[761.437,226.499,42.207,-0.062,0,0.998,0,1,0,-0.998,0,-0.062],"_humanoidState":7,"_cameraCFrame":[763.251,247.904,36.994,-0.944,-0.317,0.088,0,0.267,0.964,-0.329,0.91,-0.252],"_shiftlockState":false,"_pose":"FreeFall","_animationQueue":[],"_animationSpeed":1,"_zoom":16.125},{"_mousePosition":[644,305],"_rootPartCFrame":[761.363,226.542,42.393,-0.178,0,0.984,0,1,0,-0.984,0,-0.178],"_humanoidState":8,"_cameraCFrame":[763.156,247.87,36.887,-0.951,-0.297,0.087,0,0.28,0.96,-0.31,0.913,-0.267],"_shiftlockState":false,"_pose":"Running","_animationQueue":[["walk",0.1],["fall",0.3],["walk",0.1]],"_animationSpeed":1.103,"_zoom":16.125},{"_mousePosition":[644,305],"_rootPartCFrame":[761.218,227.833,42.766,-0.398,0,0.917,0,1,0,-0.917,0,-0.398],"_humanoidState":3,"_cameraCFrame":[763.094,249.08,37.003,-0.951,-0.296,0.091,0,0.293,0.956,-0.31,0.909,-0.279],"_shiftlockState":false,"_pose":"Jumping","_animationQueue":[["walk",0.1],["walk",0.1],["jump",0.1]],"_animationSpeed":1,"_zoom":16.125},{"_mousePosition":[644,305],"_rootPartCFrame":[761.154,228.434,42.955,-0.484,0,0.875,0,1,0,-0.875,0,-0.484],"_humanoidState":5,"_cameraCFrame":[763.081,249.645,37.088,-0.95,-0.298,0.093,0,0.299,0.954,-0.312,0.907,-0.284],"_shiftlockState":false,"_pose":"FreeFall","_animationQueue":[["jump",0.1]],"_animationSpeed":1,"_zoom":16.125},{"_mousePosition":[644,305],"_rootPartCFrame":[761.072,229.188,43.209,-0.575,0,0.818,0,1,0,-0.818,0,-0.575],"_humanoidState":5,"_cameraCFrame":[762.998,250.399,37.341,-0.95,-0.298,0.093,0,0.299,0.954,-0.312,0.907,-0.284],"_shiftlockState":false,"_pose":"FreeFall","_animationQueue":[],"_animationSpeed":1,"_zoom":16.125},{"_mousePosition":[644,305],"_rootPartCFrame":[761.009,229.717,43.399,-0.63,0,0.777,0,1,0,-0.777,0,-0.63],"_humanoidState":5,"_cameraCFrame":[762.936,250.929,37.531,-0.95,-0.298,0.093,0,0.299,0.954,-0.312,0.907,-0.284],"_shiftlockState":false,"_pose":"FreeFall","_animationQueue":[],"_animationSpeed":1,"_zoom":16.125},{"_mousePosition":[644,305],"_rootPartCFrame":[760.905,230.532,43.715,-0.704,0,0.711,0,1,0,-0.711,0,-0.704],"_humanoidState":5,"_cameraCFrame":[762.832,251.744,37.848,-0.95,-0.298,0.093,0,0.299,0.954,-0.312,0.907,-0.284],"_shiftlockState":false,"_pose":"FreeFall","_animationQueue":[],"_animationSpeed":1,"_zoom":16.125},{"_mousePosition":[644,305],"_rootPartCFrame":[760.843,230.98,43.905,-0.739,0,0.674,0,1,0,-0.674,0,-0.739],"_humanoidState":5,"_cameraCFrame":[762.769,252.191,38.038,-0.95,-0.298,0.093,0,0.299,0.954,-0.312,0.907,-0.284],"_shiftlockState":false,"_pose":"FreeFall","_animationQueue":[],"_animationSpeed":1,"_zoom":16.125},{"_mousePosition":[644,305],"_rootPartCFrame":[760.76,231.529,44.159,-0.778,0,0.629,0,1,0,-0.629,0,-0.778],"_humanoidState":5,"_cameraCFrame":[762.686,252.741,38.291,-0.95,-0.298,0.093,0,0.299,0.954,-0.312,0.907,-0.284],"_shiftlockState":false,"_pose":"FreeFall","_animationQueue":[],"_animationSpeed":1,"_zoom":16.125},{"_mousePosition":[644,305],"_rootPartCFrame":[760.676,232.024,44.412,-0.809,0,0.588,0,1,0,-0.588,0,-0.809],"_humanoidState":5,"_cameraCFrame":[762.603,253.236,38.545,-0.95,-0.298,0.093,0,0.299,0.954,-0.312,0.907,-0.284],"_shiftlockState":false,"_pose":"FreeFall","_animationQueue":[],"_animationSpeed":1,"_zoom":16.125},{"_mousePosition":[644,305],"_rootPartCFrame":[760.593,232.465,44.665,-0.834,0,0.552,0,1,0,-0.552,0,-0.834],"_humanoidState":5,"_cameraCFrame":[762.52,253.676,38.798,-0.95,-0.298,0.093,0,0.299,0.954,-0.312,0.907,-0.284],"_shiftlockState":false,"_pose":"FreeFall","_animationQueue":[],"_animationSpeed":1,"_zoom":16.125},{"_mousePosition":[644,305],"_rootPartCFrame":[760.51,232.851,44.919,-0.854,0,0.52,0,1,0,-0.52,0,-0.854],"_humanoidState":5,"_cameraCFrame":[762.436,254.063,39.051,-0.95,-0.298,0.093,0,0.299,0.954,-0.312,0.907,-0.284],"_shiftlockState":false,"_pose":"FreeFall","_animationQueue":[],"_animationSpeed":1,"_zoom":16.125},{"_mousePosition":[644,305],"_rootPartCFrame":[760.406,233.257,45.236,-0.874,0,0.485,0,1,0,-0.485,0,-0.874],"_humanoidState":5,"_cameraCFrame":[762.332,254.468,39.368,-0.95,-0.298,0.093,0,0.299,0.954,-0.312,0.907,-0.284],"_shiftlockState":false,"_pose":"FreeFall","_animationQueue":[],"_animationSpeed":1,"_zoom":16.125},{"_mousePosition":[644,305],"_rootPartCFrame":[760.343,233.46,45.426,-0.884,0,0.467,0,1,0,-0.467,0,-0.884],"_humanoidState":5,"_cameraCFrame":[762.299,254.671,39.568,-0.949,-0.302,0.095,0,0.299,0.954,-0.317,0.905,-0.284],"_shiftlockState":false,"_pose":"FreeFall","_animationQueue":[],"_animationSpeed":1,"_zoom":16.125},{"_mousePosition":[644,305],"_rootPartCFrame":[760.239,233.729,45.742,-0.897,0,0.441,0,1,0,-0.441,0,-0.897],"_humanoidState":5,"_cameraCFrame":[762.24,254.941,39.9,-0.946,-0.309,0.097,0,0.299,0.954,-0.324,0.903,-0.283],"_shiftlockState":false,"_pose":"FreeFall","_animationQueue":[],"_animationSpeed":1,"_zoom":16.125},{"_mousePosition":[644,305],"_rootPartCFrame":[760.155,233.884,45.995,-0.906,0,0.424,0,1,0,-0.424,0,-0.906],"_humanoidState":5,"_cameraCFrame":[762.17,255.095,40.158,-0.945,-0.311,0.098,0,0.299,0.954,-0.326,0.902,-0.283],"_shiftlockState":false,"_pose":"FreeFall","_animationQueue":[],"_animationSpeed":1,"_zoom":16.125},{"_mousePosition":[644,305],"_rootPartCFrame":[760.069,233.983,46.248,-0.912,0,0.409,0,1,0,-0.409,0,-0.912],"_humanoidState":5,"_cameraCFrame":[762.084,255.195,40.41,-0.945,-0.311,0.098,0,0.299,0.954,-0.326,0.902,-0.283],"_shiftlockState":false,"_pose":"FreeFall","_animationQueue":[],"_animationSpeed":1,"_zoom":16.125},{"_mousePosition":[644,305],"_rootPartCFrame":[760.004,234.023,46.437,-0.916,0,0.401,0,1,0,-0.401,0,-0.916],"_humanoidState":5,"_cameraCFrame":[762.019,255.234,40.599,-0.945,-0.311,0.098,0,0.299,0.954,-0.326,0.902,-0.283],"_shiftlockState":false,"_pose":"FreeFall","_animationQueue":[],"_animationSpeed":1,"_zoom":16.125},{"_mousePosition":[644,305],"_rootPartCFrame":[759.917,234.027,46.689,-0.921,0,0.39,0,1,0,-0.39,0,-0.921],"_humanoidState":5,"_cameraCFrame":[761.932,255.239,40.851,-0.945,-0.311,0.098,0,0.299,0.954,-0.326,0.902,-0.283],"_shiftlockState":false,"_pose":"FreeFall","_animationQueue":[],"_animationSpeed":1,"_zoom":16.125},{"_mousePosition":[644,305],"_rootPartCFrame":[759.808,233.956,47.004,-0.925,0,0.379,0,1,0,-0.379,0,-0.925],"_humanoidState":5,"_cameraCFrame":[761.824,255.168,41.166,-0.945,-0.311,0.098,0,0.299,0.954,-0.326,0.902,-0.283],"_shiftlockState":false,"_pose":"FreeFall","_animationQueue":[],"_animationSpeed":1,"_zoom":16.125},{"_mousePosition":[644,305],"_rootPartCFrame":[759.743,233.873,47.193,-0.928,0,0.374,0,1,0,-0.374,0,-0.928],"_humanoidState":5,"_cameraCFrame":[761.706,255.12,41.459,-0.946,-0.31,0.095,0,0.293,0.956,-0.324,0.904,-0.278],"_shiftlockState":false,"_pose":"FreeFall","_animationQueue":[],"_animationSpeed":1,"_zoom":16.125},{"_mousePosition":[644,305],"_rootPartCFrame":[759.634,233.665,47.508,-0.931,0,0.365,0,1,0,-0.365,0,-0.931],"_humanoidState":5,"_cameraCFrame":[761.544,254.936,41.838,-0.948,-0.305,0.092,0,0.29,0.957,-0.319,0.907,-0.275],"_shiftlockState":false,"_pose":"FreeFall","_animationQueue":[],"_animationSpeed":1,"_zoom":16.125},{"_mousePosition":[644,305],"_rootPartCFrame":[759.548,233.438,47.76,-0.933,0,0.36,0,1,0,-0.36,0,-0.933],"_humanoidState":5,"_cameraCFrame":[761.362,254.732,42.14,-0.952,-0.294,0.088,0,0.286,0.958,-0.307,0.912,-0.272],"_shiftlockState":false,"_pose":"FreeFall","_animationQueue":[["fall",0.3]],"_animationSpeed":1,"_zoom":16.125},{"_mousePosition":[644,305],"_rootPartCFrame":[759.462,233.157,48.013,-0.935,0,0.354,0,1,0,-0.354,0,-0.935],"_humanoidState":5,"_cameraCFrame":[761.073,254.485,42.451,-0.961,-0.267,0.078,0,0.28,0.96,-0.278,0.922,-0.269],"_shiftlockState":false,"_pose":"FreeFall","_animationQueue":[],"_animationSpeed":1,"_zoom":16.125},{"_mousePosition":[644,305],"_rootPartCFrame":[759.401,232.91,48.203,-0.937,0,0.35,0,1,0,-0.35,0,-0.937],"_humanoidState":5,"_cameraCFrame":[760.696,254.26,42.639,-0.974,-0.218,0.063,0,0.277,0.961,-0.227,0.936,-0.269],"_shiftlockState":false,"_pose":"FreeFall","_animationQueue":[],"_animationSpeed":1,"_zoom":16.125},{"_mousePosition":[644,305],"_rootPartCFrame":[759.325,232.533,48.459,-0.94,0,0.341,0,1,0,-0.341,0,-0.94],"_humanoidState":5,"_cameraCFrame":[760.183,253.905,42.889,-0.988,-0.146,0.042,0,0.273,0.962,-0.152,0.951,-0.27],"_shiftlockState":false,"_pose":"FreeFall","_animationQueue":[],"_animationSpeed":1,"_zoom":16.125},{"_mousePosition":[644,305],"_rootPartCFrame":[759.263,232.101,48.718,-0.945,0,0.328,0,1,0,-0.328,0,-0.945],"_humanoidState":5,"_cameraCFrame":[759.582,253.474,43.091,-0.998,-0.054,0.015,0,0.273,0.962,-0.057,0.961,-0.272],"_shiftlockState":false,"_pose":"FreeFall","_animationQueue":[],"_animationSpeed":1,"_zoom":16.125},{"_mousePosition":[644,305],"_rootPartCFrame":[759.208,231.485,49.047,-0.953,0,0.302,0,1,0,-0.302,0,-0.953],"_humanoidState":5,"_cameraCFrame":[758.857,252.858,43.422,-0.998,0.06,-0.017,0,0.273,0.962,0.062,0.96,-0.272],"_shiftlockState":false,"_pose":"FreeFall","_animationQueue":[],"_animationSpeed":1,"_zoom":16.125},{"_mousePosition":[644,305],"_rootPartCFrame":[759.289,230.931,49.274,-0.979,0,0.203,0,1,0,-0.203,0,-0.979],"_humanoidState":7,"_cameraCFrame":[758.21,252.293,43.703,-0.982,0.183,-0.052,0,0.275,0.962,0.19,0.944,-0.27],"_shiftlockState":false,"_pose":"FreeFall","_animationQueue":[["fall",0.3],["walk",0.1],["fall",0.3],["fall",0.3]],"_animationSpeed":1,"_zoom":16.125},{"_mousePosition":[644,305],"_rootPartCFrame":[759.432,230.556,49.411,-0.995,0,0.103,0,1,0,-0.103,0,-0.995],"_humanoidState":7,"_cameraCFrame":[757.54,251.872,43.897,-0.946,0.311,-0.092,0,0.282,0.959,0.325,0.907,-0.267],"_shiftlockState":false,"_pose":"FreeFall","_animationQueue":[],"_animationSpeed":1,"_zoom":16.125},{"_mousePosition":[644,305],"_rootPartCFrame":[759.65,230.528,49.564,-0.999,0,-0.038,0,1,0,0.038,0,-0.999],"_humanoidState":7,"_cameraCFrame":[756.473,251.715,44.179,-0.861,0.484,-0.154,0,0.303,0.953,0.508,0.821,-0.261],"_shiftlockState":false,"_pose":"FreeFall","_animationQueue":[],"_animationSpeed":1,"_zoom":16.125},{"_mousePosition":[644,305],"_rootPartCFrame":[760.015,230.619,49.533,-0.928,0,-0.374,0,1,0,0.374,0,-0.928],"_humanoidState":8,"_cameraCFrame":[756.147,251.732,44.331,-0.802,0.567,-0.187,0,0.314,0.949,0.597,0.762,-0.252],"_shiftlockState":false,"_pose":"Running","_animationQueue":[["walk",0.1],["fall",0.3],["walk",0.1]],"_animationSpeed":1.103,"_zoom":16.125},{"_mousePosition":[644,305],"_rootPartCFrame":[760.267,231.482,49.451,-0.808,0,-0.589,0,1,0,0.589,0,-0.808],"_humanoidState":3,"_cameraCFrame":[755.852,252.53,44.446,-0.75,0.626,-0.214,0,0.323,0.946,0.662,0.71,-0.242],"_shiftlockState":false,"_pose":"Jumping","_animationQueue":[["walk",0.1],["jump",0.1]],"_animationSpeed":1,"_zoom":16.125},{"_mousePosition":[644,305],"_rootPartCFrame":[760.449,232.093,49.376,-0.723,0,-0.69,0,1,0,0.69,0,-0.723],"_humanoidState":5,"_cameraCFrame":[755.607,253.089,44.565,-0.705,0.67,-0.234,0,0.33,0.944,0.709,0.665,-0.233],"_shiftlockState":false,"_pose":"FreeFall","_animationQueue":[["jump",0.1]],"_animationSpeed":1,"_zoom":16.125},{"_mousePosition":[644,305],"_rootPartCFrame":[760.729,233.044,49.207,-0.593,0,-0.805,0,1,0,0.805,0,-0.593],"_humanoidState":5,"_cameraCFrame":[755.605,254.013,44.584,-0.67,0.7,-0.248,0,0.334,0.943,0.742,0.631,-0.224],"_shiftlockState":false,"_pose":"FreeFall","_animationQueue":[],"_animationSpeed":1,"_zoom":16.125},{"_mousePosition":[644,305],"_rootPartCFrame":[760.881,233.574,49.081,-0.509,0,-0.861,0,1,0,0.861,0,-0.509],"_humanoidState":5,"_cameraCFrame":[755.556,254.53,44.632,-0.641,0.723,-0.258,0,0.336,0.942,0.767,0.604,-0.215],"_shiftlockState":false,"_pose":"FreeFall","_animationQueue":[],"_animationSpeed":1,"_zoom":16.125},{"_mousePosition":[644,305],"_rootPartCFrame":[761.064,234.232,48.889,-0.39,0,-0.921,0,1,0,0.921,0,-0.39],"_humanoidState":5,"_cameraCFrame":[755.618,255.188,44.59,-0.62,0.739,-0.264,0,0.336,0.942,0.785,0.584,-0.208],"_shiftlockState":false,"_pose":"FreeFall","_animationQueue":[],"_animationSpeed":1,"_zoom":16.125},{"_mousePosition":[644,305],"_rootPartCFrame":[761.236,234.836,48.686,-0.265,0,-0.964,0,1,0,0.964,0,-0.265],"_humanoidState":5,"_cameraCFrame":[755.704,255.792,44.497,-0.604,0.751,-0.268,0,0.336,0.942,0.797,0.569,-0.203],"_shiftlockState":false,"_pose":"FreeFall","_animationQueue":[],"_animationSpeed":1,"_zoom":16.125},{"_mousePosition":[644,305],"_rootPartCFrame":[761.444,235.515,48.425,-0.101,0,-0.995,0,1,0,0.995,0,-0.101],"_humanoidState":5,"_cameraCFrame":[755.859,256.47,44.307,-0.593,0.758,-0.27,0,0.336,0.942,0.805,0.559,-0.199],"_shiftlockState":false,"_pose":"FreeFall","_animationQueue":[],"_animationSpeed":1,"_zoom":16.125},{"_mousePosition":[644,305],"_rootPartCFrame":[761.605,235.996,48.213,0.032,0,-0.999,0,1,0,0.999,0,0.032],"_humanoidState":5,"_cameraCFrame":[756.051,256.965,44.117,-0.593,0.759,-0.269,0,0.334,0.943,0.805,0.559,-0.198],"_shiftlockState":false,"_pose":"FreeFall","_animationQueue":[],"_animationSpeed":1,"_zoom":16.125},{"_mousePosition":[644,305],"_rootPartCFrame":[761.724,236.321,48.052,0.126,0,-0.992,0,1,0,0.992,0,0.126],"_humanoidState":5,"_cameraCFrame":[756.201,257.304,43.979,-0.593,0.759,-0.267,0,0.332,0.943,0.805,0.56,-0.197],"_shiftlockState":false,"_pose":"FreeFall","_animationQueue":[],"_animationSpeed":1,"_zoom":16.125},{"_mousePosition":[644,305],"_rootPartCFrame":[761.922,236.795,47.784,0.263,0,-0.965,0,1,0,0.965,0,0.263],"_humanoidState":5,"_cameraCFrame":[756.47,257.791,43.678,-0.602,0.754,-0.264,0,0.33,0.944,0.799,0.568,-0.199],"_shiftlockState":false,"_pose":"FreeFall","_animationQueue":[],"_animationSpeed":1,"_zoom":16.125},{"_mousePosition":[644,305],"_rootPartCFrame":[762.08,237.113,47.569,0.353,0,-0.936,0,1,0,0.936,0,0.353],"_humanoidState":5,"_cameraCFrame":[756.912,258.136,43.228,-0.643,0.724,-0.25,0,0.327,0.945,0.766,0.608,-0.21],"_shiftlockState":false,"_pose":"FreeFall","_animationQueue":[],"_animationSpeed":1,"_zoom":16.125},{"_mousePosition":[644,305],"_rootPartCFrame":[762.241,237.377,47.356,0.427,0,-0.904,0,1,0,0.904,0,0.427],"_humanoidState":5,"_cameraCFrame":[757.184,258.399,42.886,-0.662,0.708,-0.245,0,0.327,0.945,0.749,0.626,-0.216],"_shiftlockState":false,"_pose":"FreeFall","_animationQueue":[],"_animationSpeed":1,"_zoom":16.125},{"_mousePosition":[644,305],"_rootPartCFrame":[762.368,237.538,47.201,0.471,0,-0.882,0,1,0,0.882,0,0.471],"_humanoidState":5,"_cameraCFrame":[757.842,258.6,42.35,-0.731,0.646,-0.219,0,0.321,0.947,0.682,0.692,-0.235],"_shiftlockState":false,"_pose":"FreeFall","_animationQueue":[],"_animationSpeed":1,"_zoom":16.125},{"_mousePosition":[644,305],"_rootPartCFrame":[762.588,237.74,46.951,0.526,0,-0.851,0,1,0,0.851,0,0.526],"_humanoidState":5,"_cameraCFrame":[758.503,258.827,41.819,-0.782,0.591,-0.198,0,0.318,0.948,0.623,0.742,-0.248],"_shiftlockState":false,"_pose":"FreeFall","_animationQueue":[],"_animationSpeed":1,"_zoom":16.125},{"_mousePosition":[644,305],"_rootPartCFrame":[762.778,237.84,46.765,0.554,0,-0.833,0,1,0,0.833,0,0.554],"_humanoidState":5,"_cameraCFrame":[759.207,258.978,41.446,-0.83,0.53,-0.173,0,0.31,0.951,0.557,0.789,-0.257],"_shiftlockState":false,"_pose":"FreeFall","_animationQueue":[],"_animationSpeed":1,"_zoom":16.125},{"_mousePosition":[644,305],"_rootPartCFrame":[762.984,237.885,46.595,0.568,0,-0.823,0,1,0,0.823,0,0.568],"_humanoidState":5,"_cameraCFrame":[759.948,259.085,41.173,-0.873,0.466,-0.147,0,0.301,0.954,0.488,0.832,-0.263],"_shiftlockState":false,"_pose":"FreeFall","_animationQueue":[["fall",0.3]],"_animationSpeed":1,"_zoom":16.125},{"_mousePosition":[644,305],"_rootPartCFrame":[763.147,237.883,46.48,0.57,0,-0.822,0,1,0,0.822,0,0.57],"_humanoidState":5,"_cameraCFrame":[760.643,259.154,41.046,-0.908,0.401,-0.121,0,0.29,0.957,0.419,0.869,-0.263],"_shiftlockState":false,"_pose":"FreeFall","_animationQueue":[],"_animationSpeed":1,"_zoom":16.125},{"_mousePosition":[644,305],"_rootPartCFrame":[763.435,237.812,46.313,0.561,0,-0.828,0,1,0,0.828,0,0.561],"_humanoidState":5,"_cameraCFrame":[761.445,259.152,40.916,-0.938,0.332,-0.096,0,0.278,0.96,0.346,0.901,-0.261],"_shiftlockState":false,"_pose":"FreeFall","_animationQueue":[],"_animationSpeed":1,"_zoom":16.125},{"_mousePosition":[644,305],"_rootPartCFrame":[763.67,237.694,46.207,0.483,0,-0.876,0,1,0,0.876,0,0.483],"_humanoidState":5,"_cameraCFrame":[762.144,259.1,40.902,-0.961,0.266,-0.074,0,0.267,0.964,0.276,0.926,-0.257],"_shiftlockState":false,"_pose":"FreeFall","_animationQueue":[],"_animationSpeed":1,"_zoom":16.125},{"_mousePosition":[644,305],"_rootPartCFrame":[763.906,237.522,46.141,0.374,0,-0.928,0,1,0,0.928,0,0.374],"_humanoidState":5,"_cameraCFrame":[762.761,258.98,40.94,-0.977,0.208,-0.055,0,0.258,0.966,0.215,0.944,-0.252],"_shiftlockState":false,"_pose":"FreeFall","_animationQueue":[],"_animationSpeed":1,"_zoom":16.125},{"_mousePosition":[644,305],"_rootPartCFrame":[764.083,237.357,46.117,0.289,0,-0.957,0,1,0,0.957,0,0.289],"_humanoidState":5,"_cameraCFrame":[763.242,258.855,41.017,-0.987,0.158,-0.041,0,0.25,0.968,0.163,0.955,-0.247],"_shiftlockState":false,"_pose":"FreeFall","_animationQueue":[],"_animationSpeed":1,"_zoom":16.125},{"_mousePosition":[644,305],"_rootPartCFrame":[764.318,237.089,46.121,0.176,0,-0.984,0,1,0,0.984,0,0.176],"_humanoidState":5,"_cameraCFrame":[763.68,258.607,41.069,-0.992,0.121,-0.031,0,0.246,0.969,0.125,0.962,-0.245],"_shiftlockState":false,"_pose":"FreeFall","_animationQueue":[],"_animationSpeed":1,"_zoom":16.125},{"_mousePosition":[644,305],"_rootPartCFrame":[764.549,236.766,46.163,0.067,0,-0.998,0,1,0,0.998,0,0.067],"_humanoidState":5,"_cameraCFrame":[764.064,258.285,41.095,-0.995,0.092,-0.023,0,0.246,0.969,0.095,0.965,-0.245],"_shiftlockState":false,"_pose":"FreeFall","_animationQueue":[["fall",0.3]],"_animationSp