[{"_mousePosition":[1049,350],"_rootPartCFrame":[776.034,222.96,47.142,-0.001,-0.006,1,0,1,0.006,-1,0,-0.001],"_humanoidState":8,"_cameraCFrame":[780.187,232.92,40.734,-0.839,-0.404,0.365,0,0.67,0.742,-0.545,0.622,-0.562],"_shiftlockState":false,"_pose":"Standing","_animationQueue":[],"_animationSpeed":1,"_zoom":11.4},{"_mousePosition":[1034,351],"_rootPartCFrame":[775.828,222.838,47.008,0.079,-0.001,0.997,0,1,0.001,-0.997,0,0.079],"_humanoidState":8,"_cameraCFrame":[779.988,232.798,40.6,-0.839,-0.404,0.365,0,0.67,0.742,-0.545,0.622,-0.562],"_shiftlockState":false,"_pose":"Standing","_animationQueue":[],"_animationSpeed":1,"_zoom":11.4},{"_mousePosition":[1015,354],"_rootPartCFrame":[775.604,222.674,46.863,0.146,0,0.989,0,1,0,-0.989,0,0.146],"_humanoidState":8,"_cameraCFrame":[779.767,232.635,40.455,-0.839,-0.404,0.365,0,0.67,0.742,-0.545,0.622,-0.562],"_shiftlockState":false,"_pose":"Running","_animationQueue":[["walk",0.1]],"_animationSpeed":1.066,"_zoom":11.4},{"_mousePosition":[1003,356],"_rootPartCFrame":[775.381,222.654,46.718,0.203,0,0.979,0,1,0,-0.979,0,0.203],"_humanoidState":8,"_cameraCFrame":[779.543,232.614,40.31,-0.839,-0.404,0.365,0,0.67,0.742,-0.545,0.622,-0.562],"_shiftlockState":false,"_pose":"Running","_animationQueue":[],"_animationSpeed":1.066,"_zoom":11.4},{"_mousePosition":[974,367],"_rootPartCFrame":[775.157,222.67,46.572,0.252,0,0.968,0,1,0,-0.968,0,0.252],"_humanoidState":8,"_cameraCFrame":[779.319,232.63,40.164,-0.839,-0.404,0.365,0,0.67,0.742,-0.545,0.622,-0.562],"_shiftlockState":false,"_pose":"Running","_animationQueue":[["walk",0.1]],"_animationSpeed":1.066,"_zoom":11.4},{"_mousePosition":[959,377],"_rootPartCFrame":[774.933,222.683,46.427,0.294,0,0.956,0,1,0,-0.956,0,0.294],"_humanoidState":8,"_cameraCFrame":[779.095,232.643,40.019,-0.839,-0.404,0.365,0,0.67,0.742,-0.545,0.622,-0.562],"_shiftlockState":false,"_pose":"Running","_animationQueue":[],"_animationSpeed":1.066,"_zoom":11.4},{"_mousePosition":[936,394],"_rootPartCFrame":[774.71,222.69,46.282,0.33,0,0.944,0,1,0,-0.944,0,0.33],"_humanoidState":8,"_cameraCFrame":[778.871,232.651,39.874,-0.839,-0.404,0.365,0,0.67,0.742,-0.545,0.622,-0.562],"_shiftlockState":false,"_pose":"Running","_animationQueue":[],"_animationSpeed":1.066,"_zoom":11.4},{"_mousePosition":[916,412],"_rootPartCFrame":[774.486,222.695,46.137,0.36,0,0.933,0,1,0,-0.933,0,0.36],"_humanoidState":8,"_cameraCFrame":[777.18,232.655,38.776,-0.839,-0.404,0.365,0,0.67,0.742,-0.545,0.622,-0.562],"_shiftlockState":true,"_pose":"Running","_animationQueue":[],"_animationSpeed":1.066,"_zoom":11.4},{"_mousePosition":[683,352.5],"_rootPartCFrame":[774.262,222.697,45.991,-0.879,0,0.477,0,1,0,-0.477,0,-0.879],"_humanoidState":8,"_cameraCFrame":[776.957,232.657,38.63,-0.839,-0.404,0.365,0,0.67,0.742,-0.545,0.622,-0.562],"_shiftlockState":true,"_pose":"Running","_animationQueue":[],"_animationSpeed":1.066,"_zoom":11.4},{"_mousePosition":[683,352.5],"_rootPartCFrame":[773.927,222.699,45.774,-0.843,0,0.537,0,1,0,-0.537,0,-0.843],"_humanoidState":8,"_cameraCFrame":[776.36,232.787,38.47,-0.852,-0.394,0.344,0,0.658,0.753,-0.523,0.642,-0.56],"_shiftlockState":true,"_pose":"Running","_animationQueue":[],"_animationSpeed":1.066,"_zoom":11.4},{"_mousePosition":[683,352.5],"_rootPartCFrame":[773.759,222.699,45.665,-0.852,0,0.523,0,1,0,-0.523,0,-0.852],"_humanoidState":8,"_cameraCFrame":[775.968,232.907,38.432,-0.863,-0.386,0.326,0,0.645,0.764,-0.505,0.659,-0.557],"_shiftlockState":true,"_pose":"Running","_animationQueue":[["walk",0.1]],"_animationSpeed":1.066,"_zoom":11.4},{"_mousePosition":[683,352.5],"_rootPartCFrame":[773.533,222.699,45.524,-0.863,0,0.505,0,1,0,-0.505,0,-0.863],"_humanoidState":8,"_cameraCFrame":[775.642,232.961,38.326,-0.868,-0.382,0.318,0,0.64,0.769,-0.497,0.667,-0.555],"_shiftlockState":true,"_pose":"Running","_animationQueue":[],"_animationSpeed":1.066,"_zoom":11.4},{"_mousePosition":[683,352.5],"_rootPartCFrame":[773.418,222.699,45.456,-0.868,0,0.497,0,1,0,-0.497,0,-0.868],"_humanoidState":8,"_cameraCFrame":[775.344,233.066,38.336,-0.876,-0.375,0.303,0,0.629,0.778,-0.483,0.681,-0.55],"_shiftlockState":true,"_pose":"Running","_animationQueue":[],"_animationSpeed":1.066,"_zoom":11.4},{"_mousePosition":[683,352.5],"_rootPartCFrame":[773.129,222.7,45.29,-0.876,0,0.483,0,1,0,-0.483,0,-0.876],"_humanoidState":8,"_cameraCFrame":[774.958,233.129,38.223,-0.88,-0.372,0.296,0,0.622,0.783,-0.475,0.689,-0.547],"_shiftlockState":true,"_pose":"Running","_animationQueue":[],"_animationSpeed":1.066,"_zoom":11.4},{"_mousePosition":[683,352.5],"_rootPartCFrame":[772.954,222.7,45.193,-0.88,0,0.475,0,1,0,-0.475,0,-0.88],"_humanoidState":8,"_cameraCFrame":[774.694,233.18,38.169,-0.884,-0.369,0.288,0,0.616,0.788,-0.468,0.696,-0.544],"_shiftlockState":true,"_pose":"Running","_animationQueue":[],"_animationSpeed":1.066,"_zoom":11.4},{"_mousePosition":[683,352.5],"_rootPartCFrame":[772.661,222.7,45.034,-0.884,0,0.468,0,1,0,-0.468,0,-0.884],"_humanoidState":8,"_cameraCFrame":[774.347,233.209,38.033,-0.886,-0.366,0.284,0,0.613,0.79,-0.463,0.7,-0.543],"_shiftlockState":true,"_pose":"Running","_animationQueue":[],"_animationSpeed":1.066,"_zoom":11.4},{"_mousePosition":[683,352.5],"_rootPartCFrame":[772.426,222.7,44.909,-0.886,0,0.463,0,1,0,-0.463,0,-0.886],"_humanoidState":8,"_cameraCFrame":[774.015,233.248,37.936,-0.891,-0.36,0.276,0,0.608,0.794,-0.454,0.707,-0.542],"_shiftlockState":true,"_pose":"Running","_animationQueue":[],"_animationSpeed":1.066,"_zoom":11.4},{"_mousePosition":[683,352.5],"_rootPartCFrame":[772.13,222.7,44.754,-0.891,0,0.454,0,1,0,-0.454,0,-0.891],"_humanoidState":8,"_cameraCFrame":[773.592,233.304,37.826,-0.897,-0.353,0.266,0,0.602,0.799,-0.442,0.716,-0.54],"_shiftlockState":true,"_pose":"Running","_animationQueue":[],"_animationSpeed":1.066,"_zoom":11.4},{"_mousePosition":[683,352.5],"_rootPartCFrame":[772.012,222.7,44.694,-0.897,0,0.442,0,1,0,-0.442,0,-0.897],"_humanoidState":8,"_cameraCFrame":[773.254,233.408,37.86,-0.907,-0.34,0.248,0,0.59,0.808,-0.421,0.733,-0.535],"_shiftlockState":true,"_pose":"Running","_animationQueue":[["walk",0.1]],"_animationSpeed":1.066,"_zoom":11.4},{"_mousePosition":[683,352.5],"_rootPartCFrame":[771.653,222.7,44.516,-0.907,0,0.421,0,1,0,-0.421,0,-0.907],"_humanoidState":8,"_cameraCFrame":[772.729,233.488,37.764,-0.914,-0.33,0.235,0,0.58,0.815,-0.405,0.745,-0.53],"_shiftlockState":true,"_pose":"Running","_animationQueue":[],"_animationSpeed":1.066,"_zoom":11.4},{"_mousePosition":[683,352.5],"_rootPartCFrame":[771.532,222.7,44.459,-0.914,0,0.405,0,1,0,-0.405,0,-0.914],"_humanoidState":8,"_cameraCFrame":[772.417,233.578,37.805,-0.923,-0.317,0.219,0,0.569,0.823,-0.386,0.759,-0.525],"_shiftlockState":true,"_pose":"Running","_animationQueue":[],"_animationSpeed":1.066,"_zoom":11.4},{"_mousePosition":[683,352.5],"_rootPartCFrame":[771.228,222.7,44.324,-0.923,0,0.386,0,1,0,-0.386,0,-0.923],"_humanoidState":8,"_cameraCFrame":[771.995,233.64,37.743,-0.927,-0.31,0.21,0,0.561,0.828,-0.374,0.768,-0.52],"_shiftlockState":true,"_pose":"Running","_animationQueue":[],"_animationSpeed":1.066,"_zoom":11.4},{"_mousePosition":[683,352.5],"_rootPartCFrame":[771.044,222.7,44.246,-0.927,0,0.374,0,1,0,-0.374,0,-0.927],"_humanoidState":8,"_cameraCFrame":[771.704,233.697,37.735,-0.932,-0.303,0.201,0,0.553,0.833,-0.363,0.776,-0.515],"_shiftlockState":true,"_pose":"Running","_animationQueue":[],"_animationSpeed":1.066,"_zoom":11.4},{"_mousePosition":[683,352.5],"_rootPartCFrame":[770.673,222.7,44.096,-0.932,0,0.363,0,1,0,-0.363,0,-0.932],"_humanoidState":8,"_cameraCFrame":[771.313,233.722,37.62,-0.932,-0.303,0.199,0,0.55,0.835,-0.362,0.779,-0.512],"_shiftlockState":true,"_pose":"Running","_animationQueue":[],"_animationSpeed":1.066,"_zoom":11.4},{"_mousePosition":[683,352.5],"_rootPartCFrame":[770.549,222.7,44.047,-0.932,0,0.362,0,1,0,-0.362,0,-0.932],"_humanoidState":8,"_cameraCFrame":[771.21,233.757,37.625,-0.93,-0.309,0.201,0,0.545,0.838,-0.368,0.779,-0.507],"_shiftlockState":true,"_pose":"Running","_animationQueue":[["walk",0.1]],"_animationSpeed":1.066,"_zoom":11.4},{"_mousePosition":[683,352.5],"_rootPartCFrame":[770.176,223.974,43.901,-0.93,0,0.368,0,1,0,-0.368,0,-0.93],"_humanoidState":3,"_cameraCFrame":[770.856,235.056,37.518,-0.928,-0.314,0.202,0,0.542,0.841,-0.373,0.78,-0.503],"_shiftlockState":true,"_pose":"Jumping","_animationQueue":[["walk",0.1],["jump",0.1]],"_animationSpeed":1,"_zoom":11.4},{"_mousePosition":[683,352.5],"_rootPartCFrame":[770.052,224.371,43.852,-0.914,0,0.406,0,1,0,-0.406,0,-0.914],"_humanoidState":5,"_cameraCFrame":[770.758,235.478,37.51,-0.925,-0.319,0.204,0,0.538,0.843,-0.379,0.78,-0.498],"_shiftlockState":true,"_pose":"FreeFall","_animationQueue":[["jump",0.1]],"_animationSpeed":1,"_zoom":11.4},{"_mousePosition":[683,352.5],"_rootPartCFrame":[769.743,225.305,43.728,-0.858,0,0.514,0,1,0,-0.514,0,-0.858],"_humanoidState":5,"_cameraCFrame":[770.467,236.437,37.425,-0.923,-0.324,0.205,0,0.535,0.845,-0.384,0.78,-0.494],"_shiftlockState":true,"_pose":"FreeFall","_animationQueue":[],"_animationSpeed":1,"_zoom":11.4},{"_mousePosition":[683,352.5],"_rootPartCFrame":[769.558,225.824,43.652,-0.881,0,0.473,0,1,0,-0.473,0,-0.881],"_humanoidState":5,"_cameraCFrame":[770.307,236.99,37.405,-0.921,-0.331,0.207,0,0.53,0.848,-0.39,0.781,-0.488],"_shiftlockState":true,"_pose":"FreeFall","_animationQueue":[],"_animationSpeed":1,"_zoom":11.4},{"_mousePosition":[683,352.5],"_rootPartCFrame":[769.188,226.771,43.499,-0.825,0,0.565,0,1,0,-0.565,0,-0.825],"_humanoidState":5,"_cameraCFrame":[769.968,237.971,37.309,-0.917,-0.339,0.209,0,0.525,0.851,-0.398,0.781,-0.482],"_shiftlockState":true,"_pose":"FreeFall","_animationQueue":[],"_animationSpeed":1,"_zoom":11.4},{"_mousePosition":[683,352.5],"_rootPartCFrame":[769.065,227.059,43.447,-0.889,0,0.458,0,1,0,-0.458,0,-0.889],"_humanoidState":5,"_cameraCFrame":[769.884,238.298,37.323,-0.913,-0.348,0.212,0,0.52,0.854,-0.408,0.78,-0.475],"_shiftlockState":true,"_pose":"FreeFall","_animationQueue":[],"_animationSpeed":1,"_zoom":11.4},{"_mousePosition":[683,352.5],"_rootPartCFrame":[768.76,227.721,43.315,-0.833,0,0.553,0,1,0,-0.553,0,-0.833],"_humanoidState":5,"_cameraCFrame":[769.575,238.974,37.213,-0.913,-0.35,0.212,0,0.518,0.856,-0.409,0.781,-0.473],"_shiftlockState":true,"_pose":"FreeFall","_animationQueue":[],"_animationSpeed":1,"_zoom":11.4},{"_mousePosition":[683,352.5],"_rootPartCFrame":[768.577,228.077,43.234,-0.867,0,0.498,0,1,0,-0.498,0,-0.867],"_humanoidState":5,"_cameraCFrame":[769.382,239.344,37.153,-0.913,-0.35,0.211,0,0.516,0.857,-0.409,0.782,-0.471],"_shiftlockState":true,"_pose":"FreeFall","_animationQueue":[],"_animationSpeed":1,"_zoom":11.4},{"_mousePosition":[683,352.5],"_rootPartCFrame":[768.212,228.697,43.07,-0.813,0,0.582,0,1,0,-0.582,0,-0.813],"_humanoidState":5,"_cameraCFrame":[769.001,239.978,37.01,-0.913,-0.35,0.209,0,0.514,0.858,-0.408,0.783,-0.469],"_shiftlockState":true,"_pose":"FreeFall","_animationQueue":[],"_animationSpeed":1,"_zoom":11.4},{"_mousePosition":[683,352.5],"_rootPartCFrame":[768.029,228.961,42.989,-0.868,0,0.497,0,1,0,-0.497,0,-0.868],"_humanoidState":5,"_cameraCFrame":[768.793,240.27,36.971,-0.914,-0.35,0.207,0,0.509,0.86,-0.407,0.786,-0.465],"_shiftlockState":true,"_pose":"FreeFall","_animationQueue":[],"_animationSpeed":1,"_zoom":11.4},{"_mousePosition":[683,352.5],"_rootPartCFrame":[767.664,229.397,42.825,-0.815,0,0.58,0,1,0,-0.58,0,-0.815],"_humanoidState":5,"_cameraCFrame":[768.418,240.72,36.83,-0.914,-0.351,0.206,0,0.507,0.862,-0.407,0.787,-0.464],"_shiftlockState":true,"_pose":"FreeFall","_animationQueue":[],"_animationSpeed":1,"_zoom":11.4},{"_mousePosition":[683,352.5],"_rootPartCFrame":[767.542,229.515,42.771,-0.884,0,0.467,0,1,0,-0.467,0,-0.884],"_humanoidState":5,"_cameraCFrame":[768.274,240.862,36.811,-0.914,-0.351,0.204,0,0.504,0.864,-0.406,0.789,-0.461],"_shiftlockState":true,"_pose":"FreeFall","_animationQueue":[],"_animationSpeed":1,"_zoom":11.4},{"_mousePosition":[683,352.5],"_rootPartCFrame":[767.299,229.71,42.663,-0.852,0,0.524,0,1,0,-0.524,0,-0.852],"_humanoidState":5,"_cameraCFrame":[768.005,241.075,36.73,-0.915,-0.35,0.202,0,0.501,0.865,-0.404,0.792,-0.458],"_shiftlockState":true,"_pose":"FreeFall","_animationQueue":[],"_animationSpeed":1,"_zoom":11.4},{"_mousePosition":[683,352.5],"_rootPartCFrame":[767.116,229.821,42.582,-0.87,0,0.493,0,1,0,-0.493,0,-0.87],"_humanoidState":5,"_cameraCFrame":[767.784,241.213,36.69,-0.916,-0.348,0.199,0,0.497,0.868,-0.401,0.795,-0.455],"_shiftlockState":true,"_pose":"FreeFall","_animationQueue":[],"_animationSpeed":1,"_zoom":11.4},{"_mousePosition":[683,352.5],"_rootPartCFrame":[766.811,229.937,42.447,-0.837,0,0.547,0,1,0,-0.547,0,-0.837],"_humanoidState":5,"_cameraCFrame":[767.455,241.348,36.583,-0.917,-0.347,0.197,0,0.494,0.869,-0.399,0.797,-0.453],"_shiftlockState":true,"_pose":"FreeFall","_animationQueue":[],"_animationSpeed":1,"_zoom":11.4},{"_mousePosition":[683,352.5],"_rootPartCFrame":[766.567,229.969,42.34,-0.856,0,0.517,0,1,0,-0.517,0,-0.856],"_humanoidState":5,"_cameraCFrame":[767.182,241.393,36.496,-0.918,-0.345,0.195,0,0.492,0.871,-0.396,0.799,-0.452],"_shiftlockState":true,"_pose":"FreeFall","_animationQueue":[],"_animationSpeed":1,"_zoom":11.4},{"_mousePosition":[683,352.5],"_rootPartCFrame":[766.322,229.946,42.233,-0.857,0,0.515,0,1,0,-0.515,0,-0.857],"_humanoidState":5,"_cameraCFrame":[766.916,241.375,36.395,-0.919,-0.343,0.193,0,0.491,0.871,-0.393,0.801,-0.452],"_shiftlockState":true,"_pose":"FreeFall","_animationQueue":[],"_animationSpeed":1,"_zoom":11.4},{"_mousePosition":[683,352.5],"_rootPartCFrame":[766.139,229.893,42.154,-0.876,0,0.483,0,1,0,-0.483,0,-0.876],"_humanoidState":5,"_cameraCFrame":[766.69,241.331,36.327,-0.922,-0.338,0.19,0,0.49,0.872,-0.388,0.804,-0.452],"_shiftlockState":true,"_pose":"FreeFall","_animationQueue":[],"_animationSpeed":1,"_zoom":11.4},{"_mousePosition":[683,352.5],"_rootPartCFrame":[765.832,229.737,42.023,-0.845,0,0.535,0,1,0,-0.535,0,-0.845],"_humanoidState":5,"_cameraCFrame":[766.329,241.175,36.191,-0.925,-0.33,0.186,0,0.49,0.872,-0.379,0.807,-0.453],"_shiftlockState":true,"_pose":"FreeFall","_animationQueue":[],"_animationSpeed":1,"_zoom":11.4},{"_mousePosition":[683,352.5],"_rootPartCFrame":[765.648,229.603,41.945,-0.883,0,0.469,0,1,0,-0.469,0,-0.883],"_humanoidState":5,"_cameraCFrame":[766.068,241.036,36.1,-0.931,-0.319,0.18,0,0.491,0.871,-0.366,0.811,-0.457],"_shiftlockState":true,"_pose":"FreeFall","_animationQueue":[["fall",0.3]],"_animationSpeed":1,"_zoom":11.4},{"_mousePosition":[683,352.5],"_rootPartCFrame":[765.34,229.31,41.818,-0.857,0,0.515,0,1,0,-0.515,0,-0.857],"_humanoidState":5,"_cameraCFrame":[765.67,240.73,35.944,-0.937,-0.305,0.173,0,0.493,0.87,-0.351,0.815,-0.461],"_shiftlockState":true,"_pose":"FreeFall","_animationQueue":[],"_animationSpeed":1,"_zoom":11.4},{"_mousePosition":[683,352.5],"_rootPartCFrame":[765.154,229.094,41.745,-0.897,0,0.442,0,1,0,-0.442,0,-0.897],"_humanoidState":5,"_cameraCFrame":[765.334,240.496,35.833,-0.946,-0.282,0.161,0,0.496,0.869,-0.325,0.821,-0.469],"_shiftlockState":true,"_pose":"FreeFall","_animationQueue":[],"_animationSpeed":1,"_zoom":11.4},{"_mousePosition":[683,352.5],"_rootPartCFrame":[764.779,228.569,41.604,-0.862,0,0.506,0,1,0,-0.506,0,-0.862],"_humanoidState":5,"_cameraCFrame":[764.775,239.957,35.667,-0.956,-0.255,0.146,0,0.498,0.867,-0.294,0.829,-0.476],"_shiftlockState":true,"_pose":"FreeFall","_animationQueue":[],"_animationSpeed":1,"_zoom":11.4},{"_mousePosition":[683,352.5],"_rootPartCFrame":[764.654,228.367,41.559,-0.934,0,0.357,0,1,0,-0.357,0,-0.934],"_humanoidState":5,"_cameraCFrame":[764.39,239.737,35.598,-0.968,-0.217,0.125,0,0.5,0.866,-0.251,0.838,-0.484],"_shiftlockState":true,"_pose":"FreeFall","_animationQueue":[],"_animationSpeed":1,"_zoom":11.4},{"_mousePosition":[683,352.5],"_rootPartCFrame":[764.335,227.802,41.46,-0.913,0,0.408,0,1,0,-0.408,0,-0.913],"_humanoidState":5,"_cameraCFrame":[763.81,239.154,35.485,-0.978,-0.179,0.104,0,0.503,0.864,-0.207,0.845,-0.492],"_shiftlockState":true,"_pose":"FreeFall","_animationQueue":[],"_animationSpeed":1,"_zoom":11.4},{"_mousePosition":[683,352.5],"_rootPartCFrame":[764.142,227.422,41.408,-0.953,0,0.304,0,1,0,-0.304,0,-0.953],"_humanoidState":5,"_cameraCFrame":[763.3,238.769,35.462,-0.988,-0.133,0.078,0,0.504,0.864,-0.154,0.853,-0.498],"_shiftlockState":true,"_pose":"FreeFall","_animationQueue":[["fall",0.3]],"_animationSpeed":1,"_zoom":11.4},{"_mousePosition":[683,352.5],"_rootPartCFrame":[763.817,226.721,41.337,-0.949,0,0.316,0,1,0,-0.316,0,-0.949],"_humanoidState":5,"_cameraCFrame":[762.703,238.091,35.475,-0.994,-0.095,0.055,0,0.5,0.866,-0.11,0.861,-0.497],"_shiftlockState":true,"_pose":"FreeFall","_animationQueue":[],"_animationSpeed":1,"_zoom":11.4},{"_mousePosition":[683,352.5],"_rootPartCFrame":[763.553,226.099,41.294,-0.971,0,0.241,0,1,0,-0.241,0,-0.971],"_humanoidState":5,"_cameraCFrame":[762.187,237.492,35.525,-0.998,-0.058,0.033,0,0.497,0.868,-0.067,0.866,-0.496],"_shiftlockState":true,"_pose":"FreeFall","_animationQueue":[],"_animationSpeed":1,"_zoom":11.4},{"_mousePosition":[683,352.5],"_rootPartCFrame":[763.222,225.245,41.256,-0.973,0,0.232,0,1,0,-0.232,0,-0.973],"_humanoidState":5,"_cameraCFrame":[761.645,236.647,35.556,-1,-0.026,0.015,0,0.496,0.869,-0.03,0.868,-0.495],"_shiftlockState":true,"_pose":"FreeFall","_animationQueue":[],"_animationSpeed":1,"_zoom":11.4},{"_mousePosition":[683,352.5],"_rootPartCFrame":[763.089,224.879,41.245,-0.995,0,0.097,0,1,0,-0.097,0,-0.995],"_humanoidState":5,"_cameraCFrame":[761.252,236.295,35.648,-1,0.014,-0.008,0,0.493,0.87,0.016,0.87,-0.493],"_shiftlockState":true,"_pose":"FreeFall","_animationQueue":[],"_animationSpeed":1,"_zoom":11.4},{"_mousePosition":[683,352.5],"_rootPartCFrame":[762.756,223.905,41.234,-0.989,0,0.15,0,1,0,-0.15,0,-0.989],"_humanoidState":5,"_cameraCFrame":[760.71,235.334,35.734,-0.999,0.046,-0.026,0,0.491,0.871,0.053,0.87,-0.491],"_shiftlockState":true,"_pose":"FreeFall","_animationQueue":[],"_animationSpeed":1,"_zoom":11.4},{"_mousePosition":[683,352.5],"_rootPartCFrame":[762.49,223.065,41.236,-0.997,0,0.08,0,1,0,-0.08,0,-0.997],"_humanoidState":5,"_cameraCFrame":[760.329,234.499,35.788,-0.997,0.065,-0.036,0,0.491,0.871,0.074,0.869,-0.489],"_shiftlockState":true,"_pose":"FreeFall","_animationQueue":[["fall",0.3]],"_animationSpeed":1,"_zoom":11.4},{"_mousePosition":[683,352.5],"_rootPartCFrame":[762.223,222.17,41.249,-0.998,0,0.059,0,1,0,-0.059,0,-0.998],"_humanoidState":5,"_cameraCFrame":[760.052,233.604,35.805,-0.997,0.067,-0.037,0,0.491,0.871,0.076,0.869,-0.489],"_shiftlockState":true,"_pose":"FreeFall","_animationQueue":[],"_animationSpeed":1,"_zoom":11.4},{"_mousePosition":[683,352.5],"_rootPartCFrame":[762.024,221.464,41.263,-0.999,0,-0.043,0,1,0,0.043,0,-0.999],"_humanoidState":7,"_cameraCFrame":[759.852,232.897,35.819,-0.997,0.067,-0.037,0,0.491,0.871,0.076,0.869,-0.489],"_shiftlockState":true,"_pose":"FreeFall","_animationQueue":[["walk",0.1],["fall",0.3],["fall",0.3]],"_animationSpeed":1,"_zoom":11.4},{"_mousePosition":[683,352.5],"_rootPartCFrame":[761.692,221.347,41.288,-0.998,0,-0.07,0,1,0,0.07,0,-0.998],"_humanoidState":7,"_cameraCFrame":[759.52,232.781,35.845,-0.997,0.067,-0.037,0,0.491,0.871,0.076,0.869,-0.489],"_shiftlockState":true,"_pose":"FreeFall","_animationQueue":[],"_animationSpeed":1,"_zoom":11.4},{"_mousePosition":[683,352.5],"_rootPartCFrame":[761.492,221.451,41.303,-0.997,0,-0.076,0,1,0,0.076,0,-0.997],"_humanoidState":7,"_cameraCFrame":[759.32,232.885,35.86,-0.997,0.067,-0.037,0,0.491,0.871,0.076,0.869,-0.489],"_shiftlockState":true,"_pose":"FreeFall","_animationQueue":[],"_animationSpeed":1,"_zoom":11.4},{"_mousePosition":[683,352.5],"_rootPartCFrame":[761.093,221.594,41.334,-0.997,0,-0.076,0,1,0,0.076,0,-0.997],"_humanoidState":8,"_cameraCFrame":[758.939,233.028,35.884,-0.997,0.064,-0.036,0,0.491,0.871,0.073,0.869,-0.489],"_shiftlockState":true,"_pose":"Running","_animationQueue":[["walk",0.1],["fall",0.3],["walk",0.1]],"_animationSpeed":1.103,"_zoom":11.4},{"_mousePosition":[683,352.5],"_rootPartCFrame":[760.828,221.643,41.354,-0.997,0,-0.073,0,1,0,0.073,0,-0.997],"_humanoidState":8,"_cameraCFrame":[758.713,233.077,35.889,-0.998,0.057,-0.032,0,0.491,0.871,0.066,0.869,-0.49],"_shiftlockState":true,"_pose":"Running","_animationQueue":[],"_animationSpeed":1.103,"_zoom":11.4},{"_mousePosition":[683,352.5],"_rootPartCFrame":[760.562,221.669,41.374,-0.998,0,-0.066,0,1,0,0.066,0,-0.998],"_humanoidState":8,"_cameraCFrame":[758.493,233.103,35.891,-0.998,0.05,-0.028,0,0.491,0.871,0.058,0.87,-0.49],"_shiftlockState":true,"_pose":"Running","_animationQueue":[["walk",0.1]],"_animationSpeed":1.103,"_zoom":11.4},{"_mousePosition":[683,352.5],"_rootPartCFrame":[760.362,221.68,41.387,-0.998,0,-0.058,0,1,0,0.058,0,-0.998],"_humanoidState":8,"_cameraCFrame":[758.357,233.114,35.881,-0.999,0.04,-0.023,0,0.491,0.871,0.046,0.87,-0.49],"_shiftlockState":true,"_pose":"Running","_animationQueue":[],"_animationSpeed":1.103,"_zoom":11.4},{"_mousePosition":[683,352.5],"_rootPartCFrame":[759.963,221.692,41.411,-0.999,0,-0.046,0,1,0,0.046,0,-0.999],"_humanoidState":8,"_cameraCFrame":[758.009,233.126,35.885,-0.999,0.032,-0.018,0,0.491,0.871,0.037,0.871,-0.49],"_shiftlockState":true,"_pose":"Running","_animationQueue":[],"_animationSpeed":1.103,"_zoom":11.4},{"_mousePosition":[683,352.5],"_rootPartCFrame":[759.83,221.694,41.417,-0.999,0,-0.037,0,1,0,0.037,0,-0.999],"_humanoidState":8,"_cameraCFrame":[757.94,233.128,35.87,-1,0.022,-0.012,0,0.491,0.871,0.025,0.871,-0.49],"_shiftlockState":true,"_pose":"Running","_animationQueue":[],"_animationSpeed":1.103,"_zoom":11.4},{"_mousePosition":[683,352.5],"_rootPartCFrame":[759.497,221.697,41.43,-1,0,-0.025,0,1,0,0.025,0,-1],"_humanoidState":8,"_cameraCFrame":[757.688,233.131,35.855,-1,0.009,-0.005,0,0.491,0.871,0.01,0.871,-0.491],"_shiftlockState":true,"_pose":"Running","_animationQueue":[],"_animationSpeed":1.103,"_zoom":11.4},{"_mousePosition":[683,352.5],"_rootPartCFrame":[759.23,221.698,41.437,-1,0,-0.01,0,1,0,0.01,0,-1],"_humanoidState":8,"_cameraCFrame":[757.515,233.132,35.833,-1,-0.006,0.003,0,0.491,0.871,-0.006,0.871,-0.491],"_shiftlockState":true,"_pose":"Running","_animationQueue":[],"_animationSpeed":1.103,"_zoom":11.4},{"_mousePosition":[683,352.5],"_rootPartCFrame":[758.63,221.699,41.444,-1,0,0.006,0,1,0,-0.006,0,-1],"_humanoidState":8,"_cameraCFrame":[757.027,233.137,35.815,-1,-0.023,0.013,0,0.49,0.872,-0.026,0.871,-0.49],"_shiftlockState":true,"_pose":"Running","_animationQueue":[["walk",0.1]],"_animationSpeed":1.103,"_zoom":11.4},{"_mousePosition":[683,352.5],"_rootPartCFrame":[758.497,221.699,41.443,-1,0,0.026,0,1,0,-0.026,0,-1],"_humanoidState":8,"_cameraCFrame":[756.917,233.138,35.808,-1,-0.027,0.015,0,0.49,0.872,-0.03,0.871,-0.49],"_shiftlockState":true,"_pose":"Running","_animationQueue":[],"_animationSpeed":1.103,"_zoom":11.4},{"_mousePosition":[683,352.5],"_rootPartCFrame":[758.23,221.7,41.437,-1,0,0.03,0,1,0,-0.03,0,-1],"_humanoidState":8,"_cameraCFrame":[756.657,233.138,35.8,-1,-0.027,0.015,0,0.49,0.872,-0.031,0.871,-0.49],"_shiftlockState":true,"_pose":"Running","_animationQueue":[],"_animationSpeed":1.103,"_zoom":11.4},{"_mousePosition":[683,352.5],"_rootPartCFrame":[757.897,221.7,41.427,-1,0,0.031,0,1,0,-0.031,0,-1],"_humanoidState":8,"_cameraCFrame":[756.329,233.138,35.788,-0.999,-0.028,0.016,0,0.49,0.872,-0.032,0.871,-0.49],"_shiftlockState":true,"_pose":"Running","_animationQueue":[],"_animationSpeed":1.103,"_zoom":11.4},{"_mousePosition":[683,352.5],"_rootPartCFrame":[757.63,221.7,41.419,-0.999,0,0.033,0,1,0,-0.033,0,-0.999],"_humanoidState":8,"_cameraCFrame":[756.092,233.138,35.772,-0.999,-0.033,0.018,0,0.49,0.872,-0.038,0.871,-0.49],"_shiftlockState":true,"_pose":"Running","_animationQueue":[],"_animationSpeed":1.103,"_zoom":11.4},{"_mousePosition":[683,352.5],"_rootPartCFrame":[757.364,221.7,41.41,-0.999,0,0.038,0,1,0,-0.038,0,-0.999],"_humanoidState":8,"_cameraCFrame":[755.879,233.133,35.741,-0.999,-0.041,0.023,0,0.491,0.871,-0.047,0.87,-0.49],"_shiftlockState":true,"_pose":"Running","_animationQueue":[],"_animationSpeed":1.103,"_zoom":11.4},{"_mousePosition":[683,352.5],"_rootPartCFrame":[757.164,221.7,41.403,-0.999,0,0.047,0,1,0,-0.047,0,-0.999],"_humanoidState":8,"_cameraCFrame":[755.757,233.129,35.706,-0.998,-0.053,0.03,0,0.491,0.871,-0.061,0.869,-0.49],"_shiftlockState":true,"_pose":"Running","_animationQueue":[["walk",0.1]],"_animationSpeed":1.103,"_zoom":11.4},{"_mousePosition":[683,352.5],"_rootPartCFrame":[756.764,221.7,41.385,-0.998,0,0.061,0,1,0,-0.061,0,-0.998],"_humanoidState":8,"_cameraCFrame":[755.412,233.124,35.667,-0.998,-0.061,0.035,0,0.492,0.871,-0.07,0.868,-0.491],"_shiftlockState":true,"_pose":"Running","_animationQueue":[],"_animationSpeed":1.103,"_zoom":11.4},{"_mousePosition":[683,352.5],"_rootPartCFrame":[756.498,221.7,41.369,-0.998,0,0.07,0,1,0,-0.07,0,-0.998],"_humanoidState":8,"_cameraCFrame":[755.164,233.12,35.639,-0.997,-0.064,0.036,0,0.493,0.87,-0.073,0.868,-0.491],"_shiftlockState":true,"_pose":"Running","_animationQueue":[],"_animationSpeed":1.103,"_zoom":11.4},{"_mousePosition":[683,352.5],"_rootPartCFrame":[756.232,221.7,41.351,-0.997,0,0.073,0,1,0,-0.073,0,-0.997],"_humanoidState":8,"_cameraCFrame":[754.904,233.12,35.619,-0.997,-0.065,0.037,0,0.493,0.87,-0.074,0.868,-0.491],"_shiftlockState":true,"_pose":"Running","_animationQueue":[],"_animationSpeed":1.103,"_zoom":11.4},{"_mousePosition":[683,352.5],"_rootPartCFrame":[756.033,221.7,41.336,-0.997,0,0.074,0,1,0,-0.074,0,-0.997],"_humanoidState":8,"_cameraCFrame":[754.705,233.12,35.604,-0.997,-0.065,0.037,0,0.493,0.87,-0.074,0.868,-0.491],"_shiftlockState":true,"_pose":"Running","_animationQueue":[],"_animationSpeed":1.103,"_zoom":11.4},{"_mousePosition":[683,352.5],"_rootPartCFrame":[755.7,221.7,41.311,-0.997,0,0.074,0,1,0,-0.074,0,-0.997],"_humanoidState":8,"_cameraCFrame":[754.373,233.12,35.58,-0.997,-0.065,0.037,0,0.493,0.87,-0.074,0.868,-0.491],"_shiftlockState":true,"_pose":"Running","_animationQueue":[],"_animationSpeed":1.103,"_zoom":11.4},{"_mousePosition":[683,352.5],"_rootPartCFrame":[755.501,221.7,41.296,-0.997,0,0.074,0,1,0,-0.074,0,-0.997],"_humanoidState":8,"_cameraCFrame":[754.173,233.12,35.565,-0.997,-0.065,0.037,0,0.493,0.87,-0.074,0.868,-0.491],"_shiftlockState":true,"_pose":"Running","_animationQueue":[],"_animationSpeed":1.103,"_zoom":11.4},{"_mousePosition":[683,352.5],"_rootPartCFrame":[755.235,221.7,41.277,-0.997,0,0.074,0,1,0,-0.074,0,-0.997],"_humanoidState":8,"_cameraCFrame":[753.889,233.12,35.549,-0.997,-0.062,0.035,0,0.493,0.87,-0.071,0.868,-0.491],"_shiftlockState":true,"_pose":"Running","_animationQueue":[["walk",0.1]],"_animationSpeed":1.103,"_zoom":11.4},{"_mousePosition":[683,352.5],"_rootPartCFrame":[754.969,221.7,41.257,-0.997,0,0.071,0,1,0,-0.071,0,-0.997],"_humanoidState":8,"_cameraCFrame":[753.57,233.12,35.542,-0.998,-0.054,0.03,0,0.493,0.87,-0.062,0.869,-0.492],"_shiftlockState":true,"_pose":"Running","_animationQueue":[],"_animationSpeed":1.103,"_zoom":11.4},{"_mousePosition":[683,352.5],"_rootPartCFrame":[754.637,221.7,41.233,-0.998,0,0.062,0,1,0,-0.062,0,-0.998],"_humanoidState":8,"_cameraCFrame":[753.183,233.12,35.532,-0.999,-0.046,0.026,0,0.493,0.87,-0.052,0.869,-0.492],"_shiftlockState":true,"_pose":"Running","_animationQueue":[],"_animationSpeed":1.103,"_zoom":11.4},{"_mousePosition":[683,352.5],"_rootPartCFrame":[754.437,221.7,41.22,-0.999,0,0.052,0,1,0,-0.052,0,-0.999],"_humanoidState":8,"_cameraCFrame":[752.954,233.12,35.527,-0.999,-0.041,0.023,0,0.493,0.87,-0.047,0.869,-0.492],"_shiftlockState":true,"_pose":"Running","_animationQueue":[],"_animationSpeed":1.103,"_zoom":11.4},{"_mousePosition":[683,352.5],"_rootPartCFrame":[754.104,221.7,41.202,-0.999,0,0.047,0,1,0,-0.047,0,-0.999],"_humanoidState":8,"_cameraCFrame":[752.597,233.12,35.515,-0.999,-0.037,0.021,0,0.493,0.87,-0.043,0.869,-0.492],"_shiftlockState":true,"_pose":"Running","_animationQueue":[],"_animationSpeed":1.103,"_zoom":11.4},{"_mousePosition":[683,352.5],"_rootPartCFrame":[753.905,221.7,41.193,-0.999,0,0.043,0,1,0,-0.043,0,-0.999],"_humanoidState":8,"_cameraCFrame":[752.362,233.12,35.515,-0.999,-0.032,0.018,0,0.493,0.87,-0.037,0.87,-0.492],"_shiftlockState":true,"_pose":"Running","_animationQueue":[],"_animationSpeed":1.103,"_zoom":11.4},{"_mousePosition":[683,352.5],"_rootPartCFrame":[753.572,221.7,41.178,-0.999,0,0.037,0,1,0,-0.037,0,-0.999],"_humanoidState":8,"_cameraCFrame":[751.993,233.115,35.503,-1,-0.026,0.015,0,0.493,0.87,-0.03,0.869,-0.493],"_shiftlockState":true,"_pose":"Running","_animationQueue":[["walk",0.1]],"_animationSpeed":1.103,"_zoom":11.4},{"_mousePosition":[683,352.5],"_rootPartCFrame":[753.372,221.7,41.171,-1,0,0.03,0,1,0,-0.03,0,-1],"_humanoidState":8,"_cameraCFrame":[751.776,233.115,35.5,-1,-0.024,0.013,0,0.493,0.87,-0.027,0.869,-0.493],"_shiftlockState":true,"_pose":"Running","_animationQueue":[],"_animationSpeed":1.103,"_zoom":11.4},{"_mousePosition":[683,352.5],"_rootPartCFrame":[753.039,221.7,41.16,-1,0,0.027,0,1,0,-0.027,0,-1],"_humanoidState":8,"_cameraCFrame":[751.443,233.115,35.49,-1,-0.024,0.013,0,0.493,0.87,-0.027,0.869,-0.493],"_shiftlockState":true,"_pose":"Running","_animationQueue":[],"_animationSpeed":1.103,"_zoom":11.4},{"_mousePosition":[683,352.5],"_rootPartCFrame":[752.839,221.7,41.155,-1,0,0.027,0,1,0,-0.027,0,-1],"_humanoidState":8,"_cameraCFrame":[751.243,233.115,35.484,-1,-0.024,0.013,0,0.493,0.87,-0.027,0.869,-0.493],"_shiftlockState":true,"_pose":"Running","_animationQueue":[],"_animationSpeed":1.103,"_zoom":11.4},{"_mousePosition":[683,352.5],"_rootPartCFrame":[752.439,222.974,41.144,-1,0,0.027,0,1,0,-0.027,0,-1],"_humanoidState":3,"_cameraCFrame":[750.843,234.389,35.473,-1,-0.024,0.013,0,0.493,0.87,-0.027,0.869,-0.493],"_shiftlockState":true,"_pose":"Jumping","_animationQueue":[["walk",0.1],["jump",0.1]],"_animationSpeed":1,"_zoom":11.4},{"_mousePosition":[683,352.5],"_rootPartCFrame":[752.305,223.371,41.14,-0.998,0,0.063,0,1,0,-0.063,0,-0.998],"_humanoidState":5,"_cameraCFrame":[750.709,234.787,35.469,-1,-0.024,0.013,0,0.493,0.87,-0.027,0.869,-0.493],"_shiftlockState":true,"_pose":"FreeFall","_animationQueue":[["jump",0.1]],"_animationSpeed":1,"_zoom":11.4},{"_mousePosition":[683,352.5],"_rootPartCFrame":[751.972,224.305,41.131,-0.984,0,0.178,0,1,0,-0.178,0,-0.984],"_humanoidState":5,"_cameraCFrame":[750.364,235.72,35.464,-1,-0.022,0.012,0,0.493,0.87,-0.025,0.87,-0.493],"_shiftlockState":true,"_pose":"FreeFall","_animationQueue":[],"_animationSpeed":1,"_zoom":11.4},{"_mousePosition":[683,352.5],"_rootPartCFrame":[751.706,224.991,41.124,-0.988,0,0.157,0,1,0,-0.157,0,-0.988],"_humanoidState":5,"_cameraCFrame":[750.02,236.42,35.503,-1,-0.01,0.006,0,0.491,0.871,-0.012,0.871,-0.491],"_shiftlockState":true,"_pose":"FreeFall","_animationQueue":[],"_animationSpeed":1,"_zoom":11.4},{"_mousePosition":[683,352.5],"_rootPartCFrame":[751.372,225.771,41.115,-0.984,0,0.177,0,1,0,-0.177,0,-0.984],"_humanoidState":5,"_cameraCFrame":[749.599,237.227,35.57,-1,0.004,-0.002,0,0.487,0.873,0.004,0.873,-0.487],"_shiftlockState":true,"_pose":"FreeFall","_animationQueue":[],"_animationSpeed":1,"_zoom":11.4},{"_mousePosition":[683,352.5],"_rootPartCFrame":[751.239,226.06,41.113,-0.998,0,0.062,0,1,0,-0.062,0,-0.998],"_humanoidState":5,"_cameraCFrame":[749.437,237.542,35.625,-1,0.008,-0.005,0,0.483,0.876,0.009,0.876,-0.483],"_shiftlockState":true,"_pose":"FreeFall","_animationQueue":[],"_animationSpeed":1,"_zoom":11.4},{"_mousePosition":[683,352.5],"_rootPartCFrame":[750.906,226.721,41.114,-0.988,0,0.157,0,1,0,-0.157,0,-0.988],"_humanoidState":5,"_cameraCFrame":[749.104,238.204,35.626,-1,0.008,-0.005,0,0.483,0.876,0.009,0.876,-0.483],"_shiftlockState":true,"_pose":"FreeFall","_animationQueue":[],"_animationSpeed":1,"_zoom":11.4},{"_mousePosition":[683,352.5],"_rootPartCFrame":[750.706,227.077,41.116,-0.996,0,0.09,0,1,0,-0.09,0,-0.996],"_humanoidState":5,"_cameraCFrame":[748.904,238.56,35.628,-1,0.008,-0.005,0,0.483,0.876,0.009,0.876,-0.483],"_shiftlockState":true,"_pose":"FreeFall","_animationQueue":[],"_animationSpeed":1,"_zoom":11.4},{"_mousePosition":[683,352.5],"_rootPartCFrame":[750.372,227.602,41.119,-0.988,0,0.157,0,1,0,-0.157,0,-0.988],"_humanoidState":5,"_cameraCFrame":[748.571,239.085,35.631,-1,0.008,-0.005,0,0.483,0.876,0.009,0.876,-0.483],"_shiftlockState":true,"_pose":"FreeFall","_animationQueue":[],"_animationSpeed":1,"_zoom":11.4},{"_mousePosition":[683,352.5],"_rootPartCFrame":[750.173,227.876,41.121,-0.996,0,0.09,0,1,0,-0.09,0,-0.996],"_humanoidState":5,"_cameraCFrame":[748.371,239.359,35.633,-1,0.008,-0.005,0,0.483,0.876,0.009,0.876,-0.483],"_shiftlockState":true,"_pose":"FreeFall","_animationQueue":[],"_animationSpeed":1,"_zoom":11.4},{"_mousePosition":[683,352.5],"_rootPartCFrame":[749.906,228.194,41.123,-0.992,0,0.124,0,1,0,-0.124,0,-0.992],"_humanoidState":5,"_cameraCFrame":[748.104,239.677,35.635,-1,0.008,-0.005,0,0.483,0.876,0.009,0.876,-0.483],"_shiftlockState":true,"_pose":"FreeFall","_animationQueue":[],"_animationSpeed":1,"_zoom":11.4},{"_mousePosition":[683,352.5],"_rootPartCFrame":[749.639,228.457,41.126,-0.992,0,0.124,0,1,0,-0.124,0,-0.992],"_humanoidState":5,"_cameraCFrame":[747.838,239.94,35.638,-1,0.008,-0.005,0,0.483,0.876,0.009,0.876,-0.483],"_shiftlockState":true,"_pose":"FreeFall","_animationQueue":[],"_animationSpeed":1,"_zoom":11.4},{"_mousePosition":[683,352.5],"_rootPartCFrame":[749.373,228.666,41.128,-0.992,0,0.124,0,1,0,-0.124,0,-0.992],"_humanoidState":5,"_cameraCFrame":[747.571,240.149,35.64,-1,0.008,-0.005,0,0.483,0.876,0.009,0.876,-0.483],"_shiftlockState":true,"_pose":"FreeFall","_animationQueue":[],"_animationSpeed":1,"_zoom":11.4},{"_mousePosition":[683,352.5],"_rootPartCFrame":[749.106,228.821,41.131,-0.992,0,0.124,0,1,0,-0.124,0,-0.992],"_humanoidState":5,"_cameraCFrame":[747.305,240.304,35.643,-1,0.008,-0.005,0,0.483,0.876,0.009,0.876,-0.483],"_shiftlockState":true,"_pose":"FreeFall","_animationQueue":[],"_animationSpeed":1,"_zoom":11.4},{"_mousePosition":[683,352.5],"_rootPartCFrame":[748.773,228.937,41.134,-0.988,0,0.157,0,1,0,-0.157,0,-0.988],"_humanoidState":5,"_cameraCFrame":[746.971,240.42,35.646,-1,0.008,-0.005,0,0.483,0.876,0.009,0.876,-0.483],"_shiftlockState":true,"_pose":"FreeFall","_animationQueue":[],"_animationSpeed":1,"_zoom":11.4},{"_mousePosition":[683,352.5],"_rootPartCFrame":[748.573,228.966,41.136,-0.996,0,0.09,0,1,0,-0.09,0,-0.996],"_humanoidState":5,"_cameraCFrame":[746.771,240.449,35.648,-1,0.008,-0.005,0,0.483,0.876,0.009,0.876,-0.483],"_shiftlockState":true,"_pose":"FreeFall","_animationQueue":[],"_animationSpeed":1,"_zoom":11.4},{"_mousePosition":[683,352.5],"_rootPartCFrame":[748.24,228.946,41.139,-0.988,0,0.157,0,1,0,-0.157,0,-0.988],"_humanoidState":5,"_cameraCFrame":[746.438,240.429,35.651,-1,0.008,-0.005,0,0.483,0.876,0.009,0.876,-0.483],"_shiftlockState":true,"_pose":"FreeFall","_animationQueue":[["fall",0.3]],"_animationSpeed":1,"_zoom":11.4},{"_mousePosition":[683,352.5],"_rootPartCFrame":[748.04,228.893,41.141,-0.996,0,0.09,0,1,0,-0.09,0,-0.996],"_humanoidState":5,"_cameraCFrame":[746.238,240.376,35.653,-1,0.008,-0.005,0,0.483,0.876,0.009,0.876,-0.483],"_shiftlockState":true,"_pose":"FreeFall","_animationQueue":[],"_animationSpeed":1,"_zoom":11.4},{"_mousePosition":[683,352.5],"_rootPartCFrame":[747.706,228.737,41.144,-0.988,0,0.157,0,1,0,-0.157,0,-0.988],"_humanoidState":5,"_cameraCFrame":[745.905,240.22,35.656,-1,0.008,-0.005,0,0.483,0.876,0.009,0.876,-0.483],"_shiftlockState":true,"_pose":"FreeFall","_animationQueue":[],"_animationSpeed":1,"_zoom":11.4},{"_mousePosition":[683,352.5],"_rootPartCFrame":[747.507,228.603,41.146,-0.996,0,0.09,0,1,0,-0.09,0,-0.996],"_humanoidState":5,"_cameraCFrame":[745.705,240.085,35.658,-1,0.008,-0.005,0,0.483,0.876,0.009,0.876,-0.483],"_shiftlockState":true,"_pose":"FreeFall","_animationQueue":[],"_animationSpeed":1,"_zoom":11.4},{"_mousePosition":[683,352.5],"_rootPartCFrame":[747.173,228.31,41.149,-0.988,0,0.157,0,1,0,-0.157,0,-0.988],"_humanoidState":5,"_cameraCFrame":[745.372,239.793,35.661,-1,0.008,-0.005,0,0.483,0.876,0.009,0.876,-0.483],"_shiftlockState":true,"_pose":"FreeFall","_animationQueue":[],"_animationSpeed":1,"_zoom":11.4},{"_mousePosition":[683,352.5],"_rootPartCFrame":[746.973,228.094,41.151,-0.996,0,0.09,0,1,0,-0.09,0,-0.996],"_humanoidState":5,"_cameraCFrame":[745.172,239.577,35.663,-1,0.008,-0.005,0,0.483,0.876,0.009,0.876,-0.483],"_shiftlockState":true,"_pose":"FreeFall","_animationQueue":[],"_animationSpeed":1,"_zoom":11.4},{"_mousePosition":[683,352.5],"_rootPartCFrame":[746.64,227.665,41.154,-0.988,0,0.157,0,1,0,-0.157,0,-0.988],"_humanoidState":5,"_cameraCFrame":[744.839,239.148,35.666,-1,0.008,-0.005,0,0.483,0.876,0.009,0.876,-0.483],"_shiftlockState":true,"_pose":"FreeFall","_animationQueue":[],"_animationSpeed":1,"_zoom":11.4},{"_mousePosition":[683,352.5],"_rootPartCFrame":[746.44,227.367,41.156,-0.996,0,0.09,0,1,0,-0.09,0,-0.996],"_humanoidState":5,"_cameraCFrame":[744.639,238.85,35.668,-1,0.008,-0.005,0,0.483,0.876,0.009,0.876,-0.483],"_shiftlockState":true,"_pose":"FreeFall","_animationQueue":[["fall",0.3]],"_animationSpeed":1,"_zoom":11.4},{"_mousePosition":[683,352.5],"_rootPartCFrame":[746.107,226.802,41.159,-0.988,0,0.157,0,1,0,-0.157,0,-0.988],"_humanoidState":5,"_cameraCFrame":[744.305,238.285,35.671,-1,0.008,-0.005,0,0.483,0.876,0.009,0.876,-0.483],"_shiftlockState":true,"_pose":"FreeFall","_animationQueue":[],"_animationSpeed":1,"_zoom":11.4},{"_mousePosition":[683,352.5],"_rootPartCFrame":[745.907,226.422,41.161,-0.996,0,0.09,0,1,0,-0.09,0,-0.996],"_humanoidState":5,"_cameraCFrame":[744.105,237.905,35.673,-1,0.008,-0.005,0,0.483,0.876,0.009,0.876,-0.483],"_shiftlockState":true,"_pose":"FreeFall","_animationQueue":[],"_animationSpeed":1,"_zoom":11.4},{"_mousePosition":[683,352.5],"_rootPartCFrame":[745.574,225.721,41.164,-0.988,0,0.157,0,1,0,-0.157,0,-0.988],"_humanoidState":5,"_cameraCFrame":[743.789,237.2,35.662,-1,0.005,-0.003,0,0.484,0.875,0.006,0.875,-0.484],"_shiftlockState":true,"_pose":"FreeFall","_animationQueue":[],"_animationSpeed":1,"_zoom":11.4},{"_mousePosition":[683,352.5],"_rootPartCFrame":[745.307,225.099,41.166,-0.992,0,0.127,0,1,0,-0.127,0,-0.992],"_humanoidState":5,"_cameraCFrame":[743.534,236.506,35.533,-1,0.004,-0.002,0,0.495,0.869,0.004,0.869,-0.495],"_shiftlockState":true,"_pose":"FreeFall","_animationQueue":[],"_animationSpeed":1,"_zoom":11.4},{"_mousePosition":[683,352.5],"_rootPartCFrame":[744.507,222.905,41.171,-0.923,0,0.385,0,1,0,-0.385,0,-0.923],"_humanoidState":5,"_cameraCFrame":[742.734,234.303,35.522,-1,0.004,-0.002,0,0.496,0.868,0.004,0.868,-0.496],"_shiftlockState":true,"_pose":"FreeFall","_animationQueue":[["fall",0.3]],"_animationSpeed":1,"_zoom":11.4},{"_mousePosition":[683,352.5],"_rootPartCFrame":[744.307,222.28,41.172,-0.995,0,0.096,0,1,0,-0.096,0,-0.995],"_humanoidState":5,"_cameraCFrame":[742.534,233.673,35.515,-1,0.004,-0.002,0,0.497,0.868,0.004,0.868,-0.497],"_shiftlockState":true,"_pose":"FreeFall","_animationQueue":[],"_animationSpeed":1,"_zoom":11.4},{"_mousePosition":[683,352.5],"_rootPartCFrame":[743.974,221.455,41.174,-0.999,0,0.039,0,1,0,-0.039,0,-0.999],"_humanoidState":7,"_cameraCFrame":[742.201,232.848,35.516,-1,0.004,-0.002,0,0.497,0.868,0.004,0.868,-0.497],"_shiftlockState":true,"_pose":"FreeFall","_animationQueue":[["walk",0.1],["fall",0.3],["fall",0.3]],"_animationSpeed":1,"_zoom":11.4},{"_mousePosition":[683,352.5],"_rootPartCFrame":[743.774,221.46,41.175,-1,0,-0.002,0,1,0,0.002,0,-1],"_humanoidState":7,"_cameraCFrame":[742.001,232.853,35.517,-1,0.004,-0.002,0,0.497,0.868,0.004,0.868,-0.497],"_shiftlockState":true,"_pose":"FreeFall","_animationQueue":[],"_animationSpeed":1,"_zoom":11.4},{"_mousePosition":[683,352.5],"_rootPartCFrame":[743.374,221.586,41.176,-1,0,-0.004,0,1,0,0.004,0,-1],"_humanoidState":8,"_cameraCFrame":[741.601,232.974,35.511,-1,0.004,-0.002,0,0.498,0.867,0.004,0.867,-0.498],"_shiftlockState":true,"_pose":"Running","_animationQueue":[["walk",0.1],["