[{"_mousePosition":[767,447],"_rootPartCFrame":[776.028,222.7,47.142,0,0,1,0,1,0,-1,0,0],"_humanoidState":8,"_cameraCFrame":[791.056,245.79,48.019,0.058,-0.819,0.571,0,0.572,0.82,-0.998,-0.048,0.033],"_shiftlockState":false,"_pose":"Standing","_animationQueue":[],"_animationSpeed":1,"_zoom":16.125},{"_mousePosition":[767,447],"_rootPartCFrame":[775.856,222.7,47.134,0.005,0,1,0,1,0,-1,0,0.005],"_humanoidState":8,"_cameraCFrame":[790.748,245.878,48.153,0.068,-0.822,0.566,0,0.567,0.824,-0.998,-0.056,0.039],"_shiftlockState":false,"_pose":"Standing","_animationQueue":[],"_animationSpeed":1,"_zoom":16.125},{"_mousePosition":[767,447],"_rootPartCFrame":[775.592,222.7,47.118,0.012,0,1,0,1,0,-1,0,0.012],"_humanoidState":8,"_cameraCFrame":[790.307,245.993,48.238,0.076,-0.826,0.559,0,0.561,0.828,-0.997,-0.063,0.043],"_shiftlockState":false,"_pose":"Running","_animationQueue":[["walk",0.1]],"_animationSpeed":1.003,"_zoom":16.125},{"_mousePosition":[767,447],"_rootPartCFrame":[775.326,222.7,47.1,0.019,0,1,0,1,0,-1,0,0.019],"_humanoidState":8,"_cameraCFrame":[789.95,246.051,48.288,0.081,-0.827,0.556,0,0.557,0.83,-0.997,-0.067,0.045],"_shiftlockState":false,"_pose":"Running","_animationQueue":[["walk",0.1],["walk",0.1]],"_animationSpeed":1.101,"_zoom":16.125},{"_mousePosition":[767,447],"_rootPartCFrame":[775.06,222.7,47.08,0.027,0,1,0,1,0,-1,0,0.027],"_humanoidState":8,"_cameraCFrame":[789.557,246.136,48.257,0.081,-0.831,0.551,0,0.553,0.833,-0.997,-0.067,0.045],"_shiftlockState":false,"_pose":"Running","_animationQueue":[],"_animationSpeed":1.101,"_zoom":16.125},{"_mousePosition":[767,447],"_rootPartCFrame":[774.794,222.7,47.059,0.034,0,0.999,0,1,0,-0.999,0,0.034],"_humanoidState":8,"_cameraCFrame":[789.117,246.249,48.258,0.083,-0.835,0.544,0,0.546,0.838,-0.997,-0.07,0.046],"_shiftlockState":false,"_pose":"Running","_animationQueue":[],"_animationSpeed":1.101,"_zoom":16.125},{"_mousePosition":[767,447],"_rootPartCFrame":[774.529,222.7,47.037,0.041,0,0.999,0,1,0,-0.999,0,0.041],"_humanoidState":8,"_cameraCFrame":[788.634,246.388,48.255,0.086,-0.84,0.536,0,0.538,0.843,-0.996,-0.072,0.046],"_shiftlockState":false,"_pose":"Running","_animationQueue":[],"_animationSpeed":1.101,"_zoom":16.125},{"_mousePosition":[767,447],"_rootPartCFrame":[774.263,222.7,47.015,0.046,0,0.999,0,1,0,-0.999,0,0.046],"_humanoidState":8,"_cameraCFrame":[788.105,246.552,48.245,0.088,-0.846,0.526,0,0.528,0.849,-0.996,-0.075,0.047],"_shiftlockState":false,"_pose":"Running","_animationQueue":[],"_animationSpeed":1.101,"_zoom":16.125},{"_mousePosition":[767,447],"_rootPartCFrame":[773.997,222.7,46.992,0.052,0,0.999,0,1,0,-0.999,0,0.052],"_humanoidState":8,"_cameraCFrame":[787.575,246.713,48.233,0.091,-0.852,0.516,0,0.518,0.855,-0.996,-0.078,0.047],"_shiftlockState":false,"_pose":"Running","_animationQueue":[],"_animationSpeed":1.101,"_zoom":16.125},{"_mousePosition":[767,447],"_rootPartCFrame":[773.732,222.7,46.969,0.057,0,0.998,0,1,0,-0.998,0,0.057],"_humanoidState":8,"_cameraCFrame":[786.959,246.923,48.178,0.091,-0.86,0.503,0,0.505,0.863,-0.996,-0.079,0.046],"_shiftlockState":false,"_pose":"Running","_animationQueue":[],"_animationSpeed":1.101,"_zoom":16.125},{"_mousePosition":[767,447],"_rootPartCFrame":[773.466,222.7,46.944,0.061,0,0.998,0,1,0,-0.998,0,0.061],"_humanoidState":8,"_cameraCFrame":[786.339,247.127,48.121,0.091,-0.867,0.489,0,0.491,0.871,-0.996,-0.079,0.045],"_shiftlockState":false,"_pose":"Running","_animationQueue":[["walk",0.1]],"_animationSpeed":1.101,"_zoom":16.125},{"_mousePosition":[767,447],"_rootPartCFrame":[773.2,222.7,46.92,0.065,0,0.998,0,1,0,-0.998,0,0.065],"_humanoidState":8,"_cameraCFrame":[785.721,247.326,48.001,0.086,-0.875,0.476,0,0.477,0.879,-0.996,-0.076,0.041],"_shiftlockState":false,"_pose":"Running","_animationQueue":[],"_animationSpeed":1.101,"_zoom":16.125},{"_mousePosition":[767,447],"_rootPartCFrame":[772.935,222.7,46.896,0.069,0,0.998,0,1,0,-0.998,0,0.069],"_humanoidState":8,"_cameraCFrame":[785.146,247.495,47.887,0.081,-0.882,0.464,0,0.465,0.885,-0.997,-0.072,0.038],"_shiftlockState":false,"_pose":"Running","_animationQueue":[],"_animationSpeed":1.101,"_zoom":16.125},{"_mousePosition":[767,447],"_rootPartCFrame":[772.669,222.7,46.873,0.071,0,0.997,0,1,0,-0.997,0,0.071],"_humanoidState":8,"_cameraCFrame":[784.61,247.637,47.812,0.078,-0.888,0.454,0,0.455,0.89,-0.997,-0.07,0.036],"_shiftlockState":false,"_pose":"Running","_animationQueue":[],"_animationSpeed":1.101,"_zoom":16.125},{"_mousePosition":[767,447],"_rootPartCFrame":[772.404,222.717,46.851,0.073,0,0.997,0,1,0,-0.997,0,0.073],"_humanoidState":8,"_cameraCFrame":[784.073,247.792,47.739,0.076,-0.893,0.443,0,0.445,0.896,-0.997,-0.068,0.034],"_shiftlockState":false,"_pose":"Running","_animationQueue":[],"_animationSpeed":1.101,"_zoom":16.125},{"_mousePosition":[767,447],"_rootPartCFrame":[772.138,222.748,46.83,0.073,0,0.997,0,1,0,-0.997,0,0.073],"_humanoidState":8,"_cameraCFrame":[783.489,247.981,47.636,0.071,-0.899,0.431,0,0.432,0.902,-0.997,-0.064,0.031],"_shiftlockState":false,"_pose":"Running","_animationQueue":[],"_animationSpeed":1.101,"_zoom":16.125},{"_mousePosition":[767,447],"_rootPartCFrame":[771.872,222.771,46.81,0.074,0,0.997,0,1,0,-0.997,0,0.074],"_humanoidState":8,"_cameraCFrame":[783.041,248.092,47.575,0.068,-0.903,0.424,0,0.425,0.905,-0.998,-0.062,0.029],"_shiftlockState":false,"_pose":"Running","_animationQueue":[],"_animationSpeed":1.101,"_zoom":16.125},{"_mousePosition":[767,447],"_rootPartCFrame":[771.606,222.784,46.791,0.073,0,0.997,0,1,0,-0.997,0,0.073],"_humanoidState":8,"_cameraCFrame":[782.591,248.191,47.515,0.066,-0.906,0.417,0,0.418,0.908,-0.998,-0.06,0.028],"_shiftlockState":false,"_pose":"Running","_animationQueue":[["walk",0.1]],"_animationSpeed":1.101,"_zoom":16.125},{"_mousePosition":[767,447],"_rootPartCFrame":[771.34,222.8,46.773,0.073,0,0.997,0,1,0,-0.997,0,0.073],"_humanoidState":8,"_cameraCFrame":[782.14,248.292,47.457,0.063,-0.91,0.41,0,0.411,0.912,-0.998,-0.058,0.026],"_shiftlockState":false,"_pose":"Running","_animationQueue":[],"_animationSpeed":1.101,"_zoom":16.125},{"_mousePosition":[767,447],"_rootPartCFrame":[771.074,222.825,46.755,0.072,0,0.997,0,1,0,-0.997,0,0.072],"_humanoidState":8,"_cameraCFrame":[781.736,248.38,47.404,0.061,-0.912,0.405,0,0.406,0.914,-0.998,-0.056,0.025],"_shiftlockState":false,"_pose":"Running","_animationQueue":[],"_animationSpeed":1.101,"_zoom":16.125},{"_mousePosition":[767,447],"_rootPartCFrame":[770.808,222.841,46.738,0.071,0,0.997,0,1,0,-0.997,0,0.071],"_humanoidState":8,"_cameraCFrame":[781.331,248.458,47.352,0.058,-0.915,0.4,0,0.4,0.916,-0.998,-0.053,0.023],"_shiftlockState":false,"_pose":"Running","_animationQueue":[],"_animationSpeed":1.101,"_zoom":16.125},{"_mousePosition":[767,447],"_rootPartCFrame":[770.542,222.813,46.722,0.069,0,0.998,0,1,0,-0.998,0,0.069],"_humanoidState":8,"_cameraCFrame":[780.972,248.472,47.304,0.056,-0.916,0.396,0,0.397,0.918,-0.998,-0.051,0.022],"_shiftlockState":false,"_pose":"Running","_animationQueue":[],"_animationSpeed":1.101,"_zoom":16.125},{"_mousePosition":[767,447],"_rootPartCFrame":[770.275,222.828,46.706,0.068,0,0.998,0,1,0,-0.998,0,0.068],"_humanoidState":8,"_cameraCFrame":[780.567,248.547,47.228,0.051,-0.919,0.391,0,0.392,0.92,-0.999,-0.047,0.02],"_shiftlockState":false,"_pose":"Running","_animationQueue":[],"_animationSpeed":1.101,"_zoom":16.125},{"_mousePosition":[767,447],"_rootPartCFrame":[770.009,222.808,46.691,0.066,0,0.998,0,1,0,-0.998,0,0.066],"_humanoidState":8,"_cameraCFrame":[780.115,248.606,47.152,0.046,-0.922,0.384,0,0.384,0.923,-0.999,-0.042,0.018],"_shiftlockState":false,"_pose":"Running","_animationQueue":[],"_animationSpeed":1.101,"_zoom":16.125},{"_mousePosition":[767,447],"_rootPartCFrame":[769.743,222.813,46.678,0.064,0,0.998,0,1,0,-0.998,0,0.064],"_humanoidState":8,"_cameraCFrame":[779.662,248.689,47.055,0.038,-0.925,0.377,0,0.377,0.926,-0.999,-0.035,0.014],"_shiftlockState":false,"_pose":"Running","_animationQueue":[["walk",0.1]],"_animationSpeed":1.101,"_zoom":16.125},{"_mousePosition":[767,447],"_rootPartCFrame":[769.476,222.823,46.666,0.062,0,0.998,0,1,0,-0.998,0,0.062],"_humanoidState":8,"_cameraCFrame":[779.207,248.776,46.986,0.033,-0.929,0.37,0,0.37,0.929,-0.999,-0.031,0.012],"_shiftlockState":false,"_pose":"Running","_animationQueue":[],"_animationSpeed":1.101,"_zoom":16.125},{"_mousePosition":[767,447],"_rootPartCFrame":[769.21,222.83,46.655,0.059,0,0.998,0,1,0,-0.998,0,0.059],"_humanoidState":8,"_cameraCFrame":[778.799,248.84,46.947,0.03,-0.931,0.364,0,0.364,0.931,-1,-0.028,0.011],"_shiftlockState":false,"_pose":"Running","_animationQueue":[],"_animationSpeed":1.101,"_zoom":16.125},{"_mousePosition":[767,447],"_rootPartCFrame":[768.943,222.834,46.646,0.055,0,0.998,0,1,0,-0.998,0,0.055],"_humanoidState":8,"_cameraCFrame":[778.484,248.862,46.937,0.03,-0.931,0.362,0,0.363,0.932,-1,-0.028,0.011],"_shiftlockState":false,"_pose":"Running","_animationQueue":[],"_animationSpeed":1.101,"_zoom":16.125},{"_mousePosition":[767,447],"_rootPartCFrame":[768.677,223.697,46.638,0.052,0,0.999,0,1,0,-0.999,0,0.052],"_humanoidState":3,"_cameraCFrame":[778.218,249.725,46.928,0.03,-0.931,0.362,0,0.363,0.932,-1,-0.028,0.011],"_shiftlockState":false,"_pose":"Jumping","_animationQueue":[["walk",0.1],["jump",0.1]],"_animationSpeed":1,"_zoom":16.125},{"_mousePosition":[767,447],"_rootPartCFrame":[768.41,224.505,46.629,0.049,0,0.999,0,1,0,-0.999,0,0.049],"_humanoidState":5,"_cameraCFrame":[777.856,250.571,46.893,0.028,-0.933,0.359,0,0.359,0.933,-1,-0.026,0.01],"_shiftlockState":false,"_pose":"FreeFall","_animationQueue":[["jump",0.1]],"_animationSpeed":1,"_zoom":16.125},{"_mousePosition":[767,447],"_rootPartCFrame":[768.144,225.259,46.621,0.046,0,0.999,0,1,0,-0.999,0,0.046],"_humanoidState":5,"_cameraCFrame":[777.542,251.343,46.883,0.028,-0.934,0.357,0,0.357,0.934,-1,-0.026,0.01],"_shiftlockState":false,"_pose":"FreeFall","_animationQueue":[],"_animationSpeed":1,"_zoom":16.125},{"_mousePosition":[767,447],"_rootPartCFrame":[767.944,225.789,46.616,0.044,0,0.999,0,1,0,-0.999,0,0.044],"_humanoidState":5,"_cameraCFrame":[777.294,251.891,46.853,0.025,-0.934,0.355,0,0.355,0.935,-1,-0.024,0.009],"_shiftlockState":false,"_pose":"FreeFall","_animationQueue":[],"_animationSpeed":1,"_zoom":16.125},{"_mousePosition":[767,447],"_rootPartCFrame":[767.61,226.603,46.606,0.042,0,0.999,0,1,0,-0.999,0,0.042],"_humanoidState":5,"_cameraCFrame":[776.913,252.724,46.842,0.025,-0.935,0.353,0,0.354,0.935,-1,-0.024,0.009],"_shiftlockState":false,"_pose":"FreeFall","_animationQueue":[],"_animationSpeed":1,"_zoom":16.125},{"_mousePosition":[767,447],"_rootPartCFrame":[767.277,227.333,46.598,0.039,0,0.999,0,1,0,-0.999,0,0.039],"_humanoidState":5,"_cameraCFrame":[776.533,253.471,46.809,0.023,-0.936,0.352,0,0.352,0.936,-1,-0.021,0.008],"_shiftlockState":false,"_pose":"FreeFall","_animationQueue":[],"_animationSpeed":1,"_zoom":16.125},{"_mousePosition":[767,447],"_rootPartCFrame":[767.077,227.73,46.593,0.037,0,0.999,0,1,0,-0.999,0,0.037],"_humanoidState":5,"_cameraCFrame":[776.285,253.886,46.779,0.02,-0.937,0.35,0,0.35,0.937,-1,-0.019,0.007],"_shiftlockState":false,"_pose":"FreeFall","_animationQueue":[],"_animationSpeed":1,"_zoom":16.125},{"_mousePosition":[767,447],"_rootPartCFrame":[766.811,228.211,46.586,0.035,0,0.999,0,1,0,-0.999,0,0.035],"_humanoidState":5,"_cameraCFrame":[775.923,254.403,46.725,0.015,-0.938,0.346,0,0.346,0.938,-1,-0.014,0.005],"_shiftlockState":false,"_pose":"FreeFall","_animationQueue":[],"_animationSpeed":1,"_zoom":16.125},{"_mousePosition":[767,447],"_rootPartCFrame":[766.544,228.638,46.581,0.033,0,0.999,0,1,0,-0.999,0,0.033],"_humanoidState":5,"_cameraCFrame":[775.561,254.865,46.65,0.008,-0.939,0.343,0,0.343,0.939,-1,-0.007,0.003],"_shiftlockState":false,"_pose":"FreeFall","_animationQueue":[],"_animationSpeed":1,"_zoom":16.125},{"_mousePosition":[767,447],"_rootPartCFrame":[766.344,228.922,46.578,0.032,0,0.999,0,1,0,-0.999,0,0.032],"_humanoidState":5,"_cameraCFrame":[775.217,255.202,46.578,0,-0.941,0.337,0,0.337,0.941,-1,0,0],"_shiftlockState":false,"_pose":"FreeFall","_animationQueue":[],"_animationSpeed":1,"_zoom":16.125},{"_mousePosition":[767,447],"_rootPartCFrame":[766.011,229.328,46.575,0.028,0,1,0,1,0,-1,0,0.028],"_humanoidState":5,"_cameraCFrame":[774.835,255.625,46.553,-0.002,-0.942,0.335,0,0.335,0.942,-1,0.002,-0.001],"_shiftlockState":false,"_pose":"FreeFall","_animationQueue":[],"_animationSpeed":1,"_zoom":16.125},{"_mousePosition":[767,447],"_rootPartCFrame":[765.744,229.592,46.575,0.024,0,1,0,1,0,-1,0,0.024],"_humanoidState":5,"_cameraCFrame":[774.569,255.889,46.553,-0.002,-0.942,0.335,0,0.335,0.942,-1,0.002,-0.001],"_shiftlockState":false,"_pose":"FreeFall","_animationQueue":[],"_animationSpeed":1,"_zoom":16.125},{"_mousePosition":[767,447],"_rootPartCFrame":[765.478,229.801,46.575,0.021,0,1,0,1,0,-1,0,0.021],"_humanoidState":5,"_cameraCFrame":[774.302,256.097,46.553,-0.002,-0.942,0.335,0,0.335,0.942,-1,0.002,-0.001],"_shiftlockState":false,"_pose":"FreeFall","_animationQueue":[],"_animationSpeed":1,"_zoom":16.125},{"_mousePosition":[767,447],"_rootPartCFrame":[765.211,229.955,46.576,0.018,0,1,0,1,0,-1,0,0.018],"_humanoidState":5,"_cameraCFrame":[773.987,256.269,46.554,-0.002,-0.943,0.333,0,0.333,0.943,-1,0.002,-0.001],"_shiftlockState":false,"_pose":"FreeFall","_animationQueue":[],"_animationSpeed":1,"_zoom":16.125},{"_mousePosition":[767,447],"_rootPartCFrame":[764.944,230.055,46.576,0.015,0,1,0,1,0,-1,0,0.015],"_humanoidState":5,"_cameraCFrame":[773.72,256.369,46.532,-0.005,-0.943,0.333,0,0.333,0.943,-1,0.005,-0.002],"_shiftlockState":false,"_pose":"FreeFall","_animationQueue":[],"_animationSpeed":1,"_zoom":16.125},{"_mousePosition":[767,447],"_rootPartCFrame":[764.678,230.1,46.577,0.012,0,1,0,1,0,-1,0,0.012],"_humanoidState":5,"_cameraCFrame":[773.405,256.431,46.533,-0.005,-0.943,0.332,0,0.332,0.943,-1,0.005,-0.002],"_shiftlockState":false,"_pose":"FreeFall","_animationQueue":[["fall",0.3]],"_animationSpeed":1,"_zoom":16.125},{"_mousePosition":[767,447],"_rootPartCFrame":[764.411,230.091,46.578,0.01,0,1,0,1,0,-1,0,0.01],"_humanoidState":5,"_cameraCFrame":[773.139,256.422,46.535,-0.005,-0.943,0.332,0,0.332,0.943,-1,0.005,-0.002],"_shiftlockState":false,"_pose":"FreeFall","_animationQueue":[],"_animationSpeed":1,"_zoom":16.125},{"_mousePosition":[767,447],"_rootPartCFrame":[764.145,230.028,46.58,0.008,0,1,0,1,0,-1,0,0.008],"_humanoidState":5,"_cameraCFrame":[772.872,256.359,46.536,-0.005,-0.943,0.332,0,0.332,0.943,-1,0.005,-0.002],"_shiftlockState":false,"_pose":"FreeFall","_animationQueue":[],"_animationSpeed":1,"_zoom":16.125},{"_mousePosition":[767,447],"_rootPartCFrame":[763.878,229.909,46.581,0.006,0,1,0,1,0,-1,0,0.006],"_humanoidState":5,"_cameraCFrame":[772.606,256.241,46.537,-0.005,-0.943,0.332,0,0.332,0.943,-1,0.005,-0.002],"_shiftlockState":false,"_pose":"FreeFall","_animationQueue":[],"_animationSpeed":1,"_zoom":16.125},{"_mousePosition":[767,447],"_rootPartCFrame":[763.611,229.737,46.582,0.005,0,1,0,1,0,-1,0,0.005],"_humanoidState":5,"_cameraCFrame":[772.339,256.068,46.539,-0.005,-0.943,0.332,0,0.332,0.943,-1,0.005,-0.002],"_shiftlockState":false,"_pose":"FreeFall","_animationQueue":[],"_animationSpeed":1,"_zoom":16.125},{"_mousePosition":[767,447],"_rootPartCFrame":[763.345,229.51,46.584,0.003,0,1,0,1,0,-1,0,0.003],"_humanoidState":5,"_cameraCFrame":[772.072,255.841,46.518,-0.008,-0.943,0.332,0,0.332,0.943,-1,0.007,-0.003],"_shiftlockState":false,"_pose":"FreeFall","_animationQueue":[],"_animationSpeed":1,"_zoom":16.125},{"_mousePosition":[767,447],"_rootPartCFrame":[763.078,229.228,46.585,0.002,0,1,0,1,0,-1,0,0.002],"_humanoidState":5,"_cameraCFrame":[771.757,255.576,46.519,-0.008,-0.944,0.33,0,0.33,0.944,-1,0.007,-0.002],"_shiftlockState":false,"_pose":"FreeFall","_animationQueue":[["fall",0.3]],"_animationSpeed":1,"_zoom":16.125},{"_mousePosition":[767,447],"_rootPartCFrame":[762.812,228.892,46.587,0.001,0,1,0,1,0,-1,0,0.001],"_humanoidState":5,"_cameraCFrame":[771.491,255.24,46.521,-0.008,-0.944,0.33,0,0.33,0.944,-1,0.007,-0.002],"_shiftlockState":false,"_pose":"FreeFall","_animationQueue":[],"_animationSpeed":1,"_zoom":16.125},{"_mousePosition":[767,447],"_rootPartCFrame":[762.545,228.501,46.589,0,0,1,0,1,0,-1,0,0],"_humanoidState":5,"_cameraCFrame":[771.224,254.849,46.523,-0.008,-0.944,0.33,0,0.33,0.944,-1,0.007,-0.002],"_shiftlockState":false,"_pose":"FreeFall","_animationQueue":[],"_animationSpeed":1,"_zoom":16.125},{"_mousePosition":[767,447],"_rootPartCFrame":[762.345,228.173,46.59,-0.001,0,1,0,1,0,-1,0,-0.001],"_humanoidState":5,"_cameraCFrame":[771.024,254.521,46.525,-0.008,-0.944,0.33,0,0.33,0.944,-1,0.007,-0.002],"_shiftlockState":false,"_pose":"FreeFall","_animationQueue":[],"_animationSpeed":1,"_zoom":16.125},{"_mousePosition":[767,447],"_rootPartCFrame":[762.012,227.557,46.593,-0.002,0,1,0,1,0,-1,0,-0.002],"_humanoidState":5,"_cameraCFrame":[770.691,253.905,46.527,-0.008,-0.944,0.33,0,0.33,0.944,-1,0.007,-0.002],"_shiftlockState":false,"_pose":"FreeFall","_animationQueue":[],"_animationSpeed":1,"_zoom":16.125},{"_mousePosition":[767,447],"_rootPartCFrame":[761.745,227.003,46.595,-0.003,0,1,0,1,0,-1,0,-0.003],"_humanoidState":5,"_cameraCFrame":[770.424,253.351,46.529,-0.008,-0.944,0.33,0,0.33,0.944,-1,0.007,-0.002],"_shiftlockState":false,"_pose":"FreeFall","_animationQueue":[],"_animationSpeed":1,"_zoom":16.125},{"_mousePosition":[767,447],"_rootPartCFrame":[761.545,226.551,46.597,-0.003,0,1,0,1,0,-1,0,-0.003],"_humanoidState":5,"_cameraCFrame":[770.176,252.916,46.531,-0.008,-0.945,0.328,0,0.328,0.945,-1,0.007,-0.002],"_shiftlockState":false,"_pose":"FreeFall","_animationQueue":[],"_animationSpeed":1,"_zoom":16.125},{"_mousePosition":[767,447],"_rootPartCFrame":[761.212,225.731,46.599,-0.004,0,1,0,1,0,-1,0,-0.004],"_humanoidState":5,"_cameraCFrame":[769.843,252.096,46.534,-0.008,-0.945,0.328,0,0.328,0.945,-1,0.007,-0.002],"_shiftlockState":false,"_pose":"FreeFall","_animationQueue":[["fall",0.3]],"_animationSpeed":1,"_zoom":16.125},{"_mousePosition":[767,447],"_rootPartCFrame":[760.945,225.013,46.601,-0.005,0,1,0,1,0,-1,0,-0.005],"_humanoidState":5,"_cameraCFrame":[769.576,251.378,46.536,-0.008,-0.945,0.328,0,0.328,0.945,-1,0.007,-0.002],"_shiftlockState":false,"_pose":"FreeFall","_animationQueue":[],"_animationSpeed":1,"_zoom":16.125},{"_mousePosition":[767,447],"_rootPartCFrame":[760.745,224.439,46.603,-0.005,0,1,0,1,0,-1,0,-0.005],"_humanoidState":5,"_cameraCFrame":[769.376,250.804,46.537,-0.008,-0.945,0.328,0,0.328,0.945,-1,0.007,-0.002],"_shiftlockState":false,"_pose":"FreeFall","_animationQueue":[],"_animationSpeed":1,"_zoom":16.125},{"_mousePosition":[767,447],"_rootPartCFrame":[760.451,224.323,46.605,-0.005,0,1,0,1,0,-1,0,-0.005],"_humanoidState":7,"_cameraCFrame":[769.082,250.688,46.54,-0.008,-0.945,0.328,0,0.328,0.945,-1,0.007,-0.002],"_shiftlockState":false,"_pose":"FreeFall","_animationQueue":[["walk",0.1],["fall",0.3],["fall",0.3]],"_animationSpeed":1,"_zoom":16.125},{"_mousePosition":[767,447],"_rootPartCFrame":[760.22,224.322,46.607,-0.006,0,1,0,1,0,-1,0,-0.006],"_humanoidState":7,"_cameraCFrame":[768.851,250.687,46.541,-0.008,-0.945,0.328,0,0.328,0.945,-1,0.007,-0.002],"_shiftlockState":false,"_pose":"FreeFall","_animationQueue":[],"_animationSpeed":1,"_zoom":16.125},{"_mousePosition":[767,447],"_rootPartCFrame":[759.989,224.322,46.608,-0.006,0,1,0,1,0,-1,0,-0.006],"_humanoidState":8,"_cameraCFrame":[768.62,250.687,46.565,-0.005,-0.945,0.328,0,0.328,0.945,-1,0.005,-0.002],"_shiftlockState":false,"_pose":"Running","_animationQueue":[["walk",0.1],["fall",0.3],["walk",0.1]],"_animationSpeed":0.956,"_zoom":16.125},{"_mousePosition":[767,447],"_rootPartCFrame":[759.758,224.322,46.61,-0.006,0,1,0,1,0,-1,0,-0.006],"_humanoidState":8,"_cameraCFrame":[768.341,250.704,46.589,-0.002,-0.945,0.326,0,0.326,0.945,-1,0.002,-0.001],"_shiftlockState":false,"_pose":"Running","_animationQueue":[],"_animationSpeed":0.956,"_zoom":16.125},{"_mousePosition":[767,447],"_rootPartCFrame":[759.527,225.196,46.612,-0.006,0,1,0,1,0,-1,0,-0.006],"_humanoidState":3,"_cameraCFrame":[768.11,251.577,46.59,-0.002,-0.945,0.326,0,0.326,0.945,-1,0.002,-0.001],"_shiftlockState":false,"_pose":"Jumping","_animationQueue":[["walk",0.1],["walk",0.1],["jump",0.1]],"_animationSpeed":1,"_zoom":16.125},{"_mousePosition":[767,447],"_rootPartCFrame":[759.273,226.018,46.613,-0.006,0,1,0,1,0,-1,0,-0.006],"_humanoidState":5,"_cameraCFrame":[767.856,252.399,46.591,-0.002,-0.945,0.326,0,0.326,0.945,-1,0.002,-0.001],"_shiftlockState":false,"_pose":"FreeFall","_animationQueue":[["jump",0.1]],"_animationSpeed":1,"_zoom":16.125},{"_mousePosition":[767,447],"_rootPartCFrame":[759.007,226.785,46.613,-0.006,0,1,0,1,0,-1,0,-0.006],"_humanoidState":5,"_cameraCFrame":[767.589,253.167,46.592,-0.002,-0.945,0.326,0,0.326,0.945,-1,0.002,-0.001],"_shiftlockState":false,"_pose":"FreeFall","_animationQueue":[],"_animationSpeed":1,"_zoom":16.125},{"_mousePosition":[767,447],"_rootPartCFrame":[758.74,227.498,46.614,-0.005,0,1,0,1,0,-1,0,-0.005],"_humanoidState":5,"_cameraCFrame":[767.323,253.88,46.593,-0.002,-0.945,0.326,0,0.326,0.945,-1,0.002,-0.001],"_shiftlockState":false,"_pose":"FreeFall","_animationQueue":[],"_animationSpeed":1,"_zoom":16.125},{"_mousePosition":[767,447],"_rootPartCFrame":[758.474,228.157,46.615,-0.005,0,1,0,1,0,-1,0,-0.005],"_humanoidState":5,"_cameraCFrame":[767.056,254.538,46.615,0,-0.945,0.326,0,0.326,0.945,-1,0,0],"_shiftlockState":false,"_pose":"FreeFall","_animationQueue":[],"_animationSpeed":1,"_zoom":16.125},{"_mousePosition":[767,447],"_rootPartCFrame":[758.207,228.761,46.615,-0.004,0,1,0,1,0,-1,0,-0.004],"_humanoidState":5,"_cameraCFrame":[766.79,255.142,46.616,0,-0.945,0.326,0,0.326,0.945,-1,0,0],"_shiftlockState":false,"_pose":"FreeFall","_animationQueue":[],"_animationSpeed":1,"_zoom":16.125},{"_mousePosition":[767,447],"_rootPartCFrame":[757.94,229.31,46.616,-0.004,0,1,0,1,0,-1,0,-0.004],"_humanoidState":5,"_cameraCFrame":[766.523,255.692,46.616,0,-0.945,0.326,0,0.326,0.945,-1,0,0],"_shiftlockState":false,"_pose":"FreeFall","_animationQueue":[],"_animationSpeed":1,"_zoom":16.125},{"_mousePosition":[767,447],"_rootPartCFrame":[757.741,229.687,46.616,-0.004,0,1,0,1,0,-1,0,-0.004],"_humanoidState":5,"_cameraCFrame":[766.323,256.068,46.616,0,-0.945,0.326,0,0.326,0.945,-1,0,0],"_shiftlockState":false,"_pose":"FreeFall","_animationQueue":[],"_animationSpeed":1,"_zoom":16.125},{"_mousePosition":[767,447],"_rootPartCFrame":[757.407,230.246,46.616,-0.003,0,1,0,1,0,-1,0,-0.003],"_humanoidState":5,"_cameraCFrame":[765.99,256.627,46.616,0,-0.945,0.326,0,0.326,0.945,-1,0,0],"_shiftlockState":false,"_pose":"FreeFall","_animationQueue":[],"_animationSpeed":1,"_zoom":16.125},{"_mousePosition":[767,447],"_rootPartCFrame":[757.141,230.632,46.616,-0.003,0,1,0,1,0,-1,0,-0.003],"_humanoidState":5,"_cameraCFrame":[765.723,257.013,46.616,0,-0.945,0.326,0,0.326,0.945,-1,0,0],"_shiftlockState":false,"_pose":"FreeFall","_animationQueue":[],"_animationSpeed":1,"_zoom":16.125},{"_mousePosition":[767,447],"_rootPartCFrame":[756.874,230.963,46.616,-0.002,0,1,0,1,0,-1,0,-0.002],"_humanoidState":5,"_cameraCFrame":[765.408,257.362,46.616,0,-0.946,0.324,0,0.324,0.946,-1,0,0],"_shiftlockState":false,"_pose":"FreeFall","_animationQueue":[],"_animationSpeed":1,"_zoom":16.125},{"_mousePosition":[767,447],"_rootPartCFrame":[756.607,231.24,46.616,-0.002,0,1,0,1,0,-1,0,-0.002],"_humanoidState":5,"_cameraCFrame":[765.141,257.639,46.616,0,-0.946,0.324,0,0.324,0.946,-1,0,0],"_shiftlockState":false,"_pose":"FreeFall","_animationQueue":[],"_animationSpeed":1,"_zoom":16.125},{"_mousePosition":[767,447],"_rootPartCFrame":[756.341,231.463,46.615,-0.002,0,1,0,1,0,-1,0,-0.002],"_humanoidState":5,"_cameraCFrame":[764.875,257.861,46.616,0,-0.946,0.324,0,0.324,0.946,-1,0,0],"_shiftlockState":false,"_pose":"FreeFall","_animationQueue":[],"_animationSpeed":1,"_zoom":16.125},{"_mousePosition":[767,447],"_rootPartCFrame":[756.074,231.631,46.615,-0.001,0,1,0,1,0,-1,0,-0.001],"_humanoidState":5,"_cameraCFrame":[764.608,258.029,46.616,0,-0.946,0.324,0,0.324,0.946,-1,0,0],"_shiftlockState":false,"_pose":"FreeFall","_animationQueue":[],"_animationSpeed":1,"_zoom":16.125},{"_mousePosition":[767,447],"_rootPartCFrame":[755.808,231.744,46.615,-0.001,0,1,0,1,0,-1,0,-0.001],"_humanoidState":5,"_cameraCFrame":[764.342,258.143,46.616,0,-0.946,0.324,0,0.324,0.946,-1,0,0],"_shiftlockState":false,"_pose":"FreeFall","_animationQueue":[],"_animationSpeed":1,"_zoom":16.125},{"_mousePosition":[767,447],"_rootPartCFrame":[755.541,231.803,46.615,-0.001,0,1,0,1,0,-1,0,-0.001],"_humanoidState":5,"_cameraCFrame":[764.075,258.202,46.616,0,-0.946,0.324,0,0.324,0.946,-1,0,0],"_shiftlockState":false,"_pose":"FreeFall","_animationQueue":[],"_animationSpeed":1,"_zoom":16.125},{"_mousePosition":[767,447],"_rootPartCFrame":[755.274,231.808,46.615,-0.001,0,1,0,1,0,-1,0,-0.001],"_humanoidState":5,"_cameraCFrame":[763.808,258.206,46.637,0.003,-0.946,0.324,0,0.324,0.946,-1,-0.002,0.001],"_shiftlockState":false,"_pose":"FreeFall","_animationQueue":[],"_animationSpeed":1,"_zoom":16.125},{"_mousePosition":[767,447],"_rootPartCFrame":[755.008,231.758,46.615,-0.001,0,1,0,1,0,-1,0,-0.001],"_humanoidState":5,"_cameraCFrame":[763.493,258.173,46.68,0.008,-0.947,0.322,0,0.322,0.947,-1,-0.007,0.002],"_shiftlockState":false,"_pose":"FreeFall","_animationQueue":[],"_animationSpeed":1,"_zoom":16.125},{"_mousePosition":[767,447],"_rootPartCFrame":[754.741,231.653,46.615,0,0,1,0,1,0,-1,0,0],"_humanoidState":5,"_cameraCFrame":[763.127,258.101,46.806,0.023,-0.948,0.319,0,0.319,0.948,-1,-0.022,0.007],"_shiftlockState":false,"_pose":"FreeFall","_animationQueue":[],"_animationSpeed":1,"_zoom":16.125},{"_mousePosition":[767,447],"_rootPartCFrame":[754.475,231.494,46.613,0,0,1,0,1,0,-1,0,0],"_humanoidState":5,"_cameraCFrame":[762.753,257.975,47.075,0.056,-0.948,0.315,0,0.315,0.949,-0.998,-0.053,0.018],"_shiftlockState":false,"_pose":"FreeFall","_animationQueue":[],"_animationSpeed":1,"_zoom":16.125},{"_mousePosition":[767,447],"_rootPartCFrame":[754.208,231.281,46.608,0.003,0,1,0,1,0,-1,0,0.003],"_humanoidState":5,"_cameraCFrame":[762.247,257.825,47.569,0.119,-0.945,0.305,0,0.308,0.952,-0.993,-0.113,0.037],"_shiftlockState":false,"_pose":"FreeFall","_animationQueue":[["fall",0.3]],"_animationSpeed":1,"_zoom":16.125},{"_mousePosition":[767,447],"_rootPartCFrame":[753.942,231.013,46.594,0.009,0,1,0,1,0,-1,0,0.009],"_humanoidState":5,"_cameraCFrame":[761.564,257.65,48.26,0.213,-0.933,0.29,0,0.296,0.955,-0.977,-0.204,0.063],"_shiftlockState":false,"_pose":"FreeFall","_animationQueue":[],"_animationSpeed":1,"_zoom":16.125},{"_mousePosition":[767,447],"_rootPartCFrame":[753.768,230.971,46.578,0.021,0,1,0,1,0,-1,0,0.021],"_humanoidState":7,"_cameraCFrame":[760.762,257.726,49.026,0.33,-0.906,0.266,0,0.282,0.96,-0.944,-0.317,0.093],"_shiftlockState":false,"_pose":"FreeFall","_animationQueue":[["walk",0.1],["fall",0.3],["fall",0.3]],"_animationSpeed":1,"_zoom":16.125},{"_mousePosition":[767,447],"_rootPartCFrame":[753.635,230.97,46.551,0.043,0,0.999,0,1,0,-0.999,0,0.043],"_humanoidState":7,"_cameraCFrame":[759.476,257.892,50.066,0.516,-0.828,0.222,0,0.259,0.966,-0.857,-0.498,0.134],"_shiftlockState":false,"_pose":"FreeFall","_animationQueue":[],"_animationSpeed":1,"_zoom":16.125},{"_mousePosition":[767,447],"_rootPartCFrame":[753.503,230.97,46.508,0.078,0,0.997,0,1,0,-0.997,0,0.078],"_humanoidState":8,"_cameraCFrame":[758.66,257.957,50.578,0.62,-0.76,0.196,0,0.25,0.968,-0.785,-0.6,0.155],"_shiftlockState":false,"_pose":"Running","_animationQueue":[["walk",0.1],["fall",0.3],["walk",0.1]],"_animationSpeed":0.562,"_zoom":16.125},{"_mousePosition":[767,447],"_rootPartCFrame":[753.375,230.97,46.434,0.137,0,0.991,0,1,0,-0.991,0,0.137],"_humanoidState":8,"_cameraCFrame":[757.998,257.995,50.888,0.694,-0.698,0.176,0,0.244,0.97,-0.72,-0.673,0.169],"_shiftlockState":false,"_pose":"Running","_animationQueue":[],"_animationSpeed":0.562,"_zoom":16.125},{"_mousePosition":[767,447],"_rootPartCFrame":[753.251,230.97,46.337,0.206,0,0.979,0,1,0,-0.979,0,0.206],"_humanoidState":8,"_cameraCFrame":[757.561,258.008,51.028,0.736,-0.657,0.164,0,0.242,0.97,-0.677,-0.714,0.178],"_shiftlockState":false,"_pose":"Running","_animationQueue":[["walk",0.1]],"_animationSpeed":0.616,"_zoom":16.125},{"_mousePosition":[767,447],"_rootPartCFrame":[753.13,230.97,46.223,0.278,0,0.961,0,1,0,-0.961,0,0.278],"_humanoidState":8,"_cameraCFrame":[757.309,258.008,51.032,0.755,-0.636,0.159,0,0.242,0.97,-0.656,-0.732,0.183],"_shiftlockState":false,"_pose":"Running","_animationQueue":[["walk",0.1],["walk",0.1]],"_animationSpeed":0.653,"_zoom":16.125},{"_mousePosition":[767,447],"_rootPartCFrame":[753.013,230.97,46.097,0.347,0,0.938,0,1,0,-0.938,0,0.347],"_humanoidState":8,"_cameraCFrame":[757.215,258.008,50.884,0.752,-0.64,0.16,0,0.242,0.97,-0.66,-0.729,0.182],"_shiftlockState":false,"_pose":"Running","_animationQueue":[["walk",0.1]],"_animationSpeed":0.689,"_zoom":16.125},{"_mousePosition":[767,447],"_rootPartCFrame":[752.897,230.97,45.964,0.409,0,0.912,0,1,0,-0.912,0,0.409],"_humanoidState":8,"_cameraCFrame":[757.381,257.97,50.697,0.726,-0.666,0.17,0,0.248,0.969,-0.688,-0.703,0.18],"_shiftlockState":false,"_pose":"Running","_animationQueue":[],"_animationSpeed":0.689,"_zoom":16.125},{"_mousePosition":[767,447],"_rootPartCFrame":[752.781,230.97,45.832,0.462,0,0.887,0,1,0,-0.887,0,0.462],"_humanoidState":8,"_cameraCFrame":[757.653,257.931,50.386,0.683,-0.707,0.185,0,0.253,0.967,-0.731,-0.661,0.173],"_shiftlockState":false,"_pose":"Running","_animationQueue":[["walk",0.1]],"_animationSpeed":0.729,"_zoom":16.125},{"_mousePosition":[767,447],"_rootPartCFrame":[752.664,231.217,45.707,0.502,0,0.865,0,1,0,-0.865,0,0.502],"_humanoidState":8,"_cameraCFrame":[758.043,258.125,49.975,0.622,-0.756,0.204,0,0.261,0.965,-0.783,-0.6,0.162],"_shiftlockState":false,"_pose":"Running","_animationQueue":[],"_animationSpeed":0.729,"_zoom":16.125},{"_mousePosition":[767,447],"_rootPartCFrame":[752.546,232.079,45.582,0.54,0,0.842,0,1,0,-0.842,0,0.54],"_humanoidState":3,"_cameraCFrame":[758.427,258.934,49.496,0.554,-0.802,0.223,0,0.268,0.963,-0.833,-0.534,0.149],"_shiftlockState":false,"_pose":"Jumping","_animationQueue":[["walk",0.1],["jump",0.1]],"_animationSpeed":1,"_zoom":16.125},{"_mousePosition":[767,447],"_rootPartCFrame":[752.444,232.691,45.483,0.555,0,0.832,0,1,0,-0.832,0,0.555],"_humanoidState":5,"_cameraCFrame":[758.75,259.49,49.084,0.496,-0.835,0.24,0,0.276,0.961,-0.868,-0.477,0.137],"_shiftlockState":false,"_pose":"FreeFall","_animationQueue":[["jump",0.1]],"_animationSpeed":1,"_zoom":16.125},{"_mousePosition":[767,447],"_rootPartCFrame":[752.225,233.642,45.306,0.561,0,0.828,0,1,0,-0.828,0,0.561],"_humanoidState":5,"_cameraCFrame":[758.899,260.383,48.639,0.447,-0.858,0.254,0,0.283,0.959,-0.895,-0.428,0.127],"_shiftlockState":false,"_pose":"FreeFall","_animationQueue":[],"_animationSpeed":1,"_zoom":16.125},{"_mousePosition":[767,447],"_rootPartCFrame":[752.009,234.341,45.17,0.555,0,0.832,0,1,0,-0.832,0,0.555],"_humanoidState":5,"_cameraCFrame":[758.998,261.023,48.292,0.408,-0.874,0.266,0,0.291,0.957,-0.913,-0.39,0.119],"_shiftlockState":false,"_pose":"FreeFall","_animationQueue":[],"_animationSpeed":1,"_zoom":16.125},{"_mousePosition":[767,447],"_rootPartCFrame":[751.831,234.83,45.078,0.546,0,0.837,0,1,0,-0.837,0,0.546],"_humanoidState":5,"_cameraCFrame":[759.093,261.467,47.933,0.366,-0.889,0.276,0,0.296,0.955,-0.931,-0.349,0.108],"_shiftlockState":false,"_pose":"FreeFall","_animationQueue":[],"_animationSpeed":1,"_zoom":16.125},{"_mousePosition":[767,447],"_rootPartCFrame":[751.528,235.576,44.94,0.526,0,0.851,0,1,0,-0.851,0,0.526],"_humanoidState":5,"_cameraCFrame":[758.919,262.198,47.59,0.337,-0.898,0.281,0,0.298,0.954,-0.941,-0.322,0.101],"_shiftlockState":false,"_pose":"FreeFall","_animationQueue":[],"_animationSpeed":1,"_zoom":16.125},{"_mousePosition":[767,447],"_rootPartCFrame":[751.28,236.112,44.841,0.506,0,0.862,0,1,0,-0.862,0,0.506],"_humanoidState":5,"_cameraCFrame":[758.789,262.719,47.299,0.311,-0.907,0.285,0,0.3,0.954,-0.95,-0.297,0.093],"_shiftlockState":false,"_pose":"FreeFall","_animationQueue":[],"_animationSpeed":1,"_zoom":16.125},{"_mousePosition":[767,447],"_rootPartCFrame":[751.03,236.594,44.75,0.485,0,0.874,0,1,0,-0.874,0,0.485],"_humanoidState":5,"_cameraCFrame":[758.65,263.185,47.012,0.285,-0.914,0.29,0,0.302,0.953,-0.959,-0.271,0.086],"_shiftlockState":false,"_pose":"FreeFall","_animationQueue":[],"_animationSpeed":1,"_zoom":16.125},{"_mousePosition":[767,447],"_rootPartCFrame":[750.777,237.021,44.666,0.463,0,0.886,0,1,0,-0.886,0,0.463],"_humanoidState":5,"_cameraCFrame":[758.447,263.612,46.754,0.263,-0.92,0.291,0,0.302,0.953,-0.965,-0.25,0.079],"_shiftlockState":false,"_pose":"FreeFall","_animationQueue":[],"_animationSpeed":1,"_zoom":16.125},{"_mousePosition":[767,447],"_rootPartCFrame":[750.521,237.393,44.589,0.44,0,0.898,0,1,0,-0.898,0,0.44],"_humanoidState":5,"_cameraCFrame":[758.275,263.969,46.553,0.246,-0.924,0.295,0,0.304,0.953,-0.969,-0.234,0.075],"_shiftlockState":false,"_pose":"FreeFall","_animationQueue":[],"_animationSpeed":1,"_zoom":16.125},{"_mousePosition":[767,447],"_rootPartCFrame":[750.264,237.711,44.518,0.417,0,0.909,0,1,0,-0.909,0,0.417],"_humanoidState":5,"_cameraCFrame":[758.089,264.271,46.395,0.233,-0.926,0.297,0,0.306,0.952,-0.972,-0.222,0.071],"_shiftlockState":false,"_pose":"FreeFall","_animationQueue":[],"_animationSpeed":1,"_zoom":16.125},{"_mousePosition":[767,447],"_rootPartCFrame":[750.006,237.974,44.452,0.395,0,0.919,0,1,0,-0.919,0,0.395],"_humanoidState":5,"_cameraCFrame":[757.897,264.519,46.26,0.223,-0.927,0.3,0,0.308,0.952,-0.975,-0.213,0.069],"_shiftlockState":false,"_pose":"FreeFall","_animationQueue":[],"_animationSpeed":1,"_zoom":16.125},{"_mousePosition":[767,447],"_rootPartCFrame":[749.747,238.183,44.389,0.373,0,0.928,0,1,0,-0.928,0,0.373],"_humanoidState":5,"_cameraCFrame":[757.656,264.727,46.118,0.213,-0.93,0.301,0,0.308,0.952,-0.977,-0.203,0.066],"_shiftlockState":false,"_pose":"FreeFall","_animationQueue":[],"_animationSpeed":1,"_zoom":16.125},{"_mousePosition":[767,447],"_rootPartCFrame":[749.552,238.304,44.344,0.358,0,0.934,0,1,0,-0.934,0,0.358],"_humanoidState":5,"_cameraCFrame":[757.474,264.848,46.013,0.206,-0.931,0.301,0,0.308,0.952,-0.979,-0.196,0.063],"_shiftlockState":false,"_pose":"FreeFall","_animationQueue":[],"_animationSpeed":1,"_zoom":16.125},{"_mousePosition":[767,447],"_rootPartCFrame":[749.226,238.437,44.273,0.334,0,0.943,0,1,0,-0.943,0,0.334],"_humanoidState":5,"_cameraCFrame":[757.213,264.966,45.87,0.196,-0.932,0.303,0,0.309,0.951,-0.981,-0.187,0.061],"_shiftlockState":false,"_pose":"FreeFall","_animationQueue":[["fall",0.3]],"_animationSpeed":1,"_zoom":16.125},{"_mousePosition":[767,447],"_rootPartCFrame":[748.965,238.483,44.217,0.317,0,0.949,0,1,0,-0.949,0,0.317],"_humanoidState":5,"_cameraCFrame":[757.03,264.995,45.662,0.176,-0.935,0.306,0,0.311,0.95,-0.984,-0.168,0.055],"_shiftlockState":false,"_pose":"FreeFall","_animationQueue":[],"_animationSpeed":1,"_zoom":16.125},{"_mousePosition":[767,447],"_rootPartCFrame":[748.704,238.474,44.165,0.3,0,0.954,0,1,0,-0.954,0,0.3],"_humanoidState":5,"_cameraCFrame":[756.851,264.97,45.412,0.151,-0.939,0.31,0,0.313,0.95,-0.988,-0.144,0.047],"_shiftlockState":false,"_pose":"FreeFall","_animationQueue":[],"_animationSpeed":1,"_zoom":16.125},{"_mousePosition":[767,447],"_rootPartCFrame":[748.441,238.365,44.117,0.284,0,0.959,0,1,0,-0.959,0,0.284],"_humanoidState":7,"_cameraCFrame":[756.628,264.861,45.075,0.116,-0.943,0.311,0,0.313,0.95,-0.993,-0.11,0.036],"_shiftlockState":false,"_pose":"FreeFall","_animationQueue":[["walk",0.1],["fall",0.3],["fall",0.3]],"_animationSpeed":1,"_zoom":16.125},{"_mousePosition":[767,447],"_rootPartCFrame":[748.178,238.198,44.076,0.267,0,0.964,0,1,0,-0.964,0,0.267],"_humanoidState":7,"_cameraCFrame":[756.447,264.678,44.684,0.073,-0.947,0.314,0,0.315,0.949,-0.997,-0.07,0.023],"_shiftlockState":false,"_pose":"FreeFall","_animationQueue":[],"_animationSpeed":1,"_zoom":16.125},{"_mousePosition":[767,447],"_rootPartCFrame":[747.979,238.037,44.051,0.253,0,0.968,0,1,0,-0.968,0,0.253],"_humanoidState":7,"_cameraCFrame":[756.266,264.517,44.324,0.033,-0.949,0.315,0,0.315,0.949,-0.999,-0.031,0.01],"_shiftlockState":false,"_pose":"FreeFall","_animationQueue":[],"_animationSpeed":1,"_zoom":16.125},{"_mousePosition":[767,447],"_rootPartCFrame":[747.647,237.693,44.025,0.224,0,0.975,0,1,0,-0.975,0,0.224],"_humanoidState":8,"_cameraCFrame":[755.938,264.174,44.025,0,-0.949,0.315,0,0.315,0.949,-1,0,0],"_shiftlockState":false,"_pose":"Running","_animationQueue":[["walk",0.1],["fall",0.3],["walk",0.1]],"_animationSpeed":1.103,"_zoom":16.125},{"_mousePosition":[767,447],"_rootPartCFrame":[747.381,237.356,44.015,0.199,0,0.98,0,1,0,-0.98,0,0.199],"_humanoidState":8,"_cameraCFrame":[755.669,263.836,43.827,-0.023,-0.949,0.315,0,0.315,0.949,-1,0.022,-0.007],"_shiftlockState":false,"_pose":"Running","_animationQueue":[["walk",0.1]],"_animationSpeed":1.103,"_zoom":16.125},{"_mousePosition":[767,447],"_rootPartCFrame":[747.114,236.964,44.015,0.173,0,0.985,0,1,0,-0.985,0,0.173],"_humanoidState":8,"_cameraCFrame":[755.401,263.444,43.763,-0.03,-0.949,0.315,0,0.315,0.949,-1,0.029,-0.01],"_shiftlockState":false,"_pose":"Running","_animationQueue":[],"_animationSpeed":1.103,"_zoom":16.125},{"_mousePosition":[767,447],"_rootPartCFrame":[746.847,236.909,44.02,0.147,0,0.989,0,1,0,-0.989,0,0.147],"_humanoidState":8,"_cameraCFrame":[755.085,263.405,43.749,-0.033,-0.949,0.313,0,0.313,0.95,-0.999,0.031,-0.01],"_shiftlockState":false,"_pose":"Running","_animationQueue":[],"_animationSpeed":1.103,"_zoom":16.125},{"_mousePosition":[767,447],"_rootPartCFrame":[746.581,236.939,44.028,0.123,0,0.992,0,1,0,-0.992,0,0.123],"_humanoidState":8,"_cameraCFrame":[754.818,263.436,43.737,-0.035,-0.949,0.313,0,0.313,0.95,-0.999,0.034,-0.011],"_shiftlockState":false,"_pose":"Running","_animationQueue":[],"_animationSpeed":1.103,"_zoom":16.125},{"_mousePosition":[767,447],"_rootPartCFrame":[746.314,236.965,44.037,0.102,0,0.995,0,1,0,-0.995,0,0.102],"_humanoidState":8,"_cameraCFrame":[754.502,263.478,43.726,-0.038,-0.95,0.311,0,0.311,0.95,-0.999,0.036,-0.012],"_shiftlockState":false,"_pose":"Running","_animationQueue":[],"_animationSpeed":1.103,"_zoom":16.125},{"_mousePosition":[767,447],"_rootPartCFrame":[746.048,236.981,44.046,0.084,0,0.996,0,1,0,-0.996,0,0.084],"_humanoidState":8,"_cameraCFrame":[754.235,263.493,43.736,-0.038,-0.95,0.311,0,0.311,0.95,-0.999,0.036,-0.012],"_shiftlockState":false,"_pose":"Running","_animationQueue":[],"_animationSpeed":1.103,"_zoom":16.125},{"_mousePosition":[767,447],"_rootPartCFrame":[745.781,236.99,44.056,0.067,0,0.998,0,1,0,-0.998,0,0.067],"_humanoidState":8,"_cameraCFrame":[753.969,263.502,43.746,-0.038,-0.95,0.311,0,0.311,0.95,-0.999,0.036,-0.012],"_shiftlockState":false,"_pose":"Running","_animationQueue":[["walk",0.1]],"_animationSpeed":1.103,"_zoom":16.125},{"_mousePosition":[767,447],"_rootPartCFrame":[745.515,236.994,44.066,0.053,0,0.999,0,1,0,-0.999,0,0.053],"_humanoidState":8,"_cameraCFrame":[753.702,263.507,43.756,-0.038,-0.95,0.311,0,0.311,0.95,-0.999,0.036,-0.012],"_shiftlockState":false,"_pose":"Running","_animationQueue":[],"_animationSpeed":1.103,"_zoom":16.125},{"_mousePosition":[767,447],"_rootPartCFrame":[745.248,236.997,44.077,0.041,0,0.999,0,1,0,-0.999,0,0.041],"_humanoidState":8,"_cameraCFrame":[753.435,263.509,43.745,-0.04,-0.95,0.311,0,0.311,0.95,-0.999,0.038,-0.013],"_shiftlockState":false,"_pose":"Running","_animationQueue":[],"_animationSpeed":1.103,"_zoom":16.125},{"_mousePosition":[767,447],"_rootPartCFrame":[744.982,236.998,44.087,0.03,0,1,0,1,0,-1,0,0.03],"_humanoidState":8,"_cameraCFrame":[753.118,263.526,43.716,-0.045,-0.95,0.309,0,0.309,0.951,-0.999,0.043,-0.014],"_shiftlockState":false,"_pose":"Running","_animationQueue":[],"_animationSpeed":1.103,"_zoom":16.125},{"_mousePosition":[767,447],"_rootPartCFrame":[744.715,236.999,44.097,0.021,0,1,0,1,0,-1,0,