[{"_mousePosition":[740,421],"_rootPartCFrame":[776.026,222.7,47.142,0.001,0,1,0,1,0,-1,0,0.001],"_humanoidState":8,"_cameraCFrame":[782.728,238.862,46.785,-0.053,-0.908,0.416,0,0.416,0.909,-0.999,0.048,-0.022],"_shiftlockState":false,"_pose":"Standing","_animationQueue":[],"_animationSpeed":1,"_zoom":16.125},{"_mousePosition":[740,421],"_rootPartCFrame":[775.78,222.7,47.156,-0.007,0,1,0,1,0,-1,0,-0.007],"_humanoidState":8,"_cameraCFrame":[782.453,238.875,46.799,-0.053,-0.909,0.414,0,0.414,0.91,-0.999,0.049,-0.022],"_shiftlockState":false,"_pose":"Standing","_animationQueue":[["idle",0]],"_animationSpeed":1,"_zoom":16.125},{"_mousePosition":[740,421],"_rootPartCFrame":[775.514,222.7,47.17,-0.013,0,1,0,1,0,-1,0,-0.013],"_humanoidState":8,"_cameraCFrame":[782.159,238.888,46.815,-0.053,-0.91,0.412,0,0.413,0.911,-0.999,0.049,-0.022],"_shiftlockState":false,"_pose":"Running","_animationQueue":[["walk",0.1]],"_animationSpeed":1.066,"_zoom":16.125},{"_mousePosition":[740,421],"_rootPartCFrame":[775.248,222.7,47.184,-0.019,0,1,0,1,0,-1,0,-0.019],"_humanoidState":8,"_cameraCFrame":[781.893,238.888,46.829,-0.053,-0.91,0.412,0,0.413,0.911,-0.999,0.049,-0.022],"_shiftlockState":false,"_pose":"Running","_animationQueue":[],"_animationSpeed":1.066,"_zoom":16.125},{"_mousePosition":[740,421],"_rootPartCFrame":[774.982,222.7,47.198,-0.023,0,1,0,1,0,-1,0,-0.023],"_humanoidState":8,"_cameraCFrame":[781.598,238.901,46.845,-0.053,-0.91,0.41,0,0.411,0.912,-0.999,0.049,-0.022],"_shiftlockState":false,"_pose":"Running","_animationQueue":[],"_animationSpeed":1.066,"_zoom":16.125},{"_mousePosition":[740,421],"_rootPartCFrame":[774.716,222.7,47.212,-0.027,0,1,0,1,0,-1,0,-0.027],"_humanoidState":8,"_cameraCFrame":[781.247,238.939,46.88,-0.051,-0.913,0.405,0,0.406,0.914,-0.999,0.046,-0.021],"_shiftlockState":false,"_pose":"Running","_animationQueue":[],"_animationSpeed":1.066,"_zoom":16.125},{"_mousePosition":[740,421],"_rootPartCFrame":[774.449,222.7,47.227,-0.031,0,1,0,1,0,-1,0,-0.031],"_humanoidState":8,"_cameraCFrame":[780.895,238.977,46.915,-0.048,-0.915,0.4,0,0.4,0.916,-0.999,0.044,-0.019],"_shiftlockState":false,"_pose":"Running","_animationQueue":[],"_animationSpeed":1.066,"_zoom":16.125},{"_mousePosition":[740,421],"_rootPartCFrame":[774.183,222.7,47.24,-0.034,0,0.999,0,1,0,-0.999,0,-0.034],"_humanoidState":8,"_cameraCFrame":[780.515,239.027,46.966,-0.043,-0.919,0.393,0,0.393,0.92,-0.999,0.04,-0.017],"_shiftlockState":false,"_pose":"Running","_animationQueue":[],"_animationSpeed":1.066,"_zoom":16.125},{"_mousePosition":[740,421],"_rootPartCFrame":[773.917,222.7,47.253,-0.036,0,0.999,0,1,0,-0.999,0,-0.036],"_humanoidState":8,"_cameraCFrame":[780.048,239.112,47.035,-0.036,-0.924,0.38,0,0.38,0.925,-0.999,0.033,-0.014],"_shiftlockState":false,"_pose":"Running","_animationQueue":[["walk",0.1]],"_animationSpeed":1.066,"_zoom":16.125},{"_mousePosition":[740,421],"_rootPartCFrame":[773.65,222.7,47.265,-0.037,0,0.999,0,1,0,-0.999,0,-0.037],"_humanoidState":8,"_cameraCFrame":[779.666,239.159,47.081,-0.031,-0.927,0.373,0,0.373,0.928,-1,0.028,-0.011],"_shiftlockState":false,"_pose":"Running","_animationQueue":[],"_animationSpeed":1.066,"_zoom":16.125},{"_mousePosition":[740,421],"_rootPartCFrame":[773.384,222.7,47.274,-0.037,0,0.999,0,1,0,-0.999,0,-0.037],"_humanoidState":8,"_cameraCFrame":[779.283,239.206,47.109,-0.028,-0.93,0.366,0,0.366,0.931,-1,0.026,-0.01],"_shiftlockState":false,"_pose":"Running","_animationQueue":[],"_animationSpeed":1.066,"_zoom":16.125},{"_mousePosition":[740,421],"_rootPartCFrame":[773.117,222.7,47.283,-0.036,0,0.999,0,1,0,-0.999,0,-0.036],"_humanoidState":8,"_cameraCFrame":[778.959,239.229,47.148,-0.023,-0.932,0.362,0,0.362,0.932,-1,0.021,-0.008],"_shiftlockState":false,"_pose":"Running","_animationQueue":[],"_animationSpeed":1.066,"_zoom":16.125},{"_mousePosition":[740,421],"_rootPartCFrame":[772.851,222.7,47.29,-0.035,0,0.999,0,1,0,-0.999,0,-0.035],"_humanoidState":8,"_cameraCFrame":[778.604,239.263,47.158,-0.023,-0.934,0.357,0,0.357,0.934,-1,0.021,-0.008],"_shiftlockState":false,"_pose":"Running","_animationQueue":[],"_animationSpeed":1.066,"_zoom":16.125},{"_mousePosition":[740,421],"_rootPartCFrame":[772.584,222.7,47.296,-0.033,0,0.999,0,1,0,-0.999,0,-0.033],"_humanoidState":8,"_cameraCFrame":[778.25,239.296,47.181,-0.02,-0.936,0.351,0,0.351,0.936,-1,0.019,-0.007],"_shiftlockState":false,"_pose":"Running","_animationQueue":[],"_animationSpeed":1.066,"_zoom":16.125},{"_mousePosition":[740,421],"_rootPartCFrame":[772.318,222.717,47.303,-0.032,0,0.999,0,1,0,-0.999,0,-0.032],"_humanoidState":8,"_cameraCFrame":[777.925,239.335,47.202,-0.018,-0.937,0.348,0,0.348,0.938,-1,0.017,-0.006],"_shiftlockState":false,"_pose":"Running","_animationQueue":[],"_animationSpeed":1.066,"_zoom":16.125},{"_mousePosition":[740,421],"_rootPartCFrame":[772.051,222.748,47.308,-0.03,0,1,0,1,0,-1,0,-0.03],"_humanoidState":8,"_cameraCFrame":[777.599,239.388,47.223,-0.015,-0.939,0.344,0,0.344,0.939,-1,0.014,-0.005],"_shiftlockState":false,"_pose":"Running","_animationQueue":[["walk",0.1]],"_animationSpeed":1.066,"_zoom":16.125},{"_mousePosition":[740,421],"_rootPartCFrame":[771.784,222.744,47.313,-0.029,0,1,0,1,0,-1,0,-0.029],"_humanoidState":8,"_cameraCFrame":[777.304,239.395,47.242,-0.013,-0.94,0.342,0,0.342,0.94,-1,0.012,-0.004],"_shiftlockState":false,"_pose":"Running","_animationQueue":[],"_animationSpeed":1.066,"_zoom":16.125},{"_mousePosition":[740,421],"_rootPartCFrame":[771.518,222.769,47.317,-0.027,0,1,0,1,0,-1,0,-0.027],"_humanoidState":8,"_cameraCFrame":[777.007,239.43,47.246,-0.013,-0.94,0.34,0,0.34,0.94,-1,0.012,-0.004],"_shiftlockState":false,"_pose":"Running","_animationQueue":[],"_animationSpeed":1.066,"_zoom":16.125},{"_mousePosition":[740,421],"_rootPartCFrame":[771.251,222.793,47.321,-0.025,0,1,0,1,0,-1,0,-0.025],"_humanoidState":8,"_cameraCFrame":[776.741,239.454,47.25,-0.013,-0.94,0.34,0,0.34,0.94,-1,0.012,-0.004],"_shiftlockState":false,"_pose":"Running","_animationQueue":[],"_animationSpeed":1.066,"_zoom":16.125},{"_mousePosition":[740,421],"_rootPartCFrame":[770.985,222.773,47.324,-0.023,0,1,0,1,0,-1,0,-0.023],"_humanoidState":8,"_cameraCFrame":[776.474,239.435,47.253,-0.013,-0.94,0.34,0,0.34,0.94,-1,0.012,-0.004],"_shiftlockState":false,"_pose":"Running","_animationQueue":[],"_animationSpeed":1.066,"_zoom":16.125},{"_mousePosition":[740,421],"_rootPartCFrame":[770.718,222.828,47.327,-0.022,0,1,0,1,0,-1,0,-0.022],"_humanoidState":8,"_cameraCFrame":[776.208,239.49,47.257,-0.013,-0.94,0.34,0,0.34,0.94,-1,0.012,-0.004],"_shiftlockState":false,"_pose":"Running","_animationQueue":[],"_animationSpeed":1.066,"_zoom":16.125},{"_mousePosition":[740,421],"_rootPartCFrame":[770.385,223.912,47.332,-0.02,0,1,0,1,0,-1,0,-0.02],"_humanoidState":3,"_cameraCFrame":[775.874,240.573,47.261,-0.013,-0.94,0.34,0,0.34,0.94,-1,0.012,-0.004],"_shiftlockState":false,"_pose":"Jumping","_animationQueue":[["walk",0.1],["walk",0.1],["jump",0.1]],"_animationSpeed":1,"_zoom":16.125},{"_mousePosition":[740,421],"_rootPartCFrame":[770.185,224.523,47.334,-0.019,0,1,0,1,0,-1,0,-0.019],"_humanoidState":5,"_cameraCFrame":[775.674,241.185,47.264,-0.013,-0.94,0.34,0,0.34,0.94,-1,0.012,-0.004],"_shiftlockState":false,"_pose":"FreeFall","_animationQueue":[["jump",0.1]],"_animationSpeed":1,"_zoom":16.125},{"_mousePosition":[740,421],"_rootPartCFrame":[769.852,225.474,47.339,-0.018,0,1,0,1,0,-1,0,-0.018],"_humanoidState":5,"_cameraCFrame":[775.341,242.136,47.268,-0.013,-0.94,0.34,0,0.34,0.94,-1,0.012,-0.004],"_shiftlockState":false,"_pose":"FreeFall","_animationQueue":[],"_animationSpeed":1,"_zoom":16.125},{"_mousePosition":[740,421],"_rootPartCFrame":[769.652,226.004,47.341,-0.018,0,1,0,1,0,-1,0,-0.018],"_humanoidState":5,"_cameraCFrame":[775.141,242.665,47.271,-0.013,-0.94,0.34,0,0.34,0.94,-1,0.012,-0.004],"_shiftlockState":false,"_pose":"FreeFall","_animationQueue":[],"_animationSpeed":1,"_zoom":16.125},{"_mousePosition":[740,421],"_rootPartCFrame":[769.318,226.818,47.345,-0.017,0,1,0,1,0,-1,0,-0.017],"_humanoidState":5,"_cameraCFrame":[774.808,243.48,47.275,-0.013,-0.94,0.34,0,0.34,0.94,-1,0.012,-0.004],"_shiftlockState":false,"_pose":"FreeFall","_animationQueue":[],"_animationSpeed":1,"_zoom":16.125},{"_mousePosition":[740,421],"_rootPartCFrame":[769.052,227.409,47.349,-0.016,0,1,0,1,0,-1,0,-0.016],"_humanoidState":5,"_cameraCFrame":[774.541,244.07,47.278,-0.013,-0.94,0.34,0,0.34,0.94,-1,0.012,-0.004],"_shiftlockState":false,"_pose":"FreeFall","_animationQueue":[],"_animationSpeed":1,"_zoom":16.125},{"_mousePosition":[740,421],"_rootPartCFrame":[768.785,227.945,47.352,-0.016,0,1,0,1,0,-1,0,-0.016],"_humanoidState":5,"_cameraCFrame":[774.216,244.628,47.282,-0.013,-0.941,0.337,0,0.337,0.942,-1,0.012,-0.004],"_shiftlockState":false,"_pose":"FreeFall","_animationQueue":[],"_animationSpeed":1,"_zoom":16.125},{"_mousePosition":[740,421],"_rootPartCFrame":[768.518,228.426,47.356,-0.015,0,1,0,1,0,-1,0,-0.015],"_humanoidState":5,"_cameraCFrame":[773.89,245.13,47.287,-0.013,-0.943,0.333,0,0.333,0.943,-1,0.012,-0.004],"_shiftlockState":false,"_pose":"FreeFall","_animationQueue":[],"_animationSpeed":1,"_zoom":16.125},{"_mousePosition":[740,421],"_rootPartCFrame":[768.319,228.751,47.358,-0.015,0,1,0,1,0,-1,0,-0.015],"_humanoidState":5,"_cameraCFrame":[773.631,245.476,47.29,-0.013,-0.944,0.329,0,0.329,0.944,-1,0.012,-0.004],"_shiftlockState":false,"_pose":"FreeFall","_animationQueue":[],"_animationSpeed":1,"_zoom":16.125},{"_mousePosition":[740,421],"_rootPartCFrame":[767.985,229.225,47.363,-0.015,0,1,0,1,0,-1,0,-0.015],"_humanoidState":5,"_cameraCFrame":[773.238,245.971,47.295,-0.013,-0.945,0.326,0,0.326,0.945,-1,0.012,-0.004],"_shiftlockState":false,"_pose":"FreeFall","_animationQueue":[],"_animationSpeed":1,"_zoom":16.125},{"_mousePosition":[740,421],"_rootPartCFrame":[767.719,229.543,47.366,-0.014,0,1,0,1,0,-1,0,-0.014],"_humanoidState":5,"_cameraCFrame":[772.942,246.299,47.299,-0.013,-0.946,0.324,0,0.324,0.946,-1,0.012,-0.004],"_shiftlockState":false,"_pose":"FreeFall","_animationQueue":[],"_animationSpeed":1,"_zoom":16.125},{"_mousePosition":[740,421],"_rootPartCFrame":[767.519,229.746,47.369,-0.014,0,1,0,1,0,-1,0,-0.014],"_humanoidState":5,"_cameraCFrame":[772.742,246.501,47.301,-0.013,-0.946,0.324,0,0.324,0.946,-1,0.012,-0.004],"_shiftlockState":false,"_pose":"FreeFall","_animationQueue":[],"_animationSpeed":1,"_zoom":16.125},{"_mousePosition":[740,421],"_rootPartCFrame":[767.252,229.968,47.372,-0.014,0,1,0,1,0,-1,0,-0.014],"_humanoidState":5,"_cameraCFrame":[772.475,246.724,47.305,-0.013,-0.946,0.324,0,0.324,0.946,-1,0.012,-0.004],"_shiftlockState":false,"_pose":"FreeFall","_animationQueue":[],"_animationSpeed":1,"_zoom":16.125},{"_mousePosition":[739,421],"_rootPartCFrame":[766.919,230.17,47.376,-0.014,0,1,0,1,0,-1,0,-0.014],"_humanoidState":5,"_cameraCFrame":[772.242,247.217,47.308,-0.013,-0.946,0.324,0,0.324,0.946,-1,0.012,-0.004],"_shiftlockState":false,"_pose":"FreeFall","_animationQueue":[],"_animationSpeed":1,"_zoom":16.125},{"_mousePosition":[739,421],"_rootPartCFrame":[766.652,230.27,47.38,-0.014,0,1,0,1,0,-1,0,-0.014],"_humanoidState":5,"_cameraCFrame":[772.196,247.964,47.308,-0.013,-0.946,0.324,0,0.324,0.946,-1,0.012,-0.004],"_shiftlockState":false,"_pose":"FreeFall","_animationQueue":[],"_animationSpeed":1,"_zoom":16.125},{"_mousePosition":[739,421],"_rootPartCFrame":[766.452,230.309,47.382,-0.014,0,1,0,1,0,-1,0,-0.014],"_humanoidState":5,"_cameraCFrame":[772.252,248.75,47.308,-0.013,-0.946,0.324,0,0.324,0.946,-1,0.012,-0.004],"_shiftlockState":false,"_pose":"FreeFall","_animationQueue":[],"_animationSpeed":1,"_zoom":16.125},{"_mousePosition":[739,421],"_rootPartCFrame":[766.186,230.313,47.386,-0.014,0,1,0,1,0,-1,0,-0.014],"_humanoidState":5,"_cameraCFrame":[772.201,249.384,47.308,-0.013,-0.946,0.324,0,0.324,0.946,-1,0.012,-0.004],"_shiftlockState":false,"_pose":"FreeFall","_animationQueue":[],"_animationSpeed":1,"_zoom":16.125},{"_mousePosition":[739,421],"_rootPartCFrame":[765.919,230.263,47.389,-0.013,0,1,0,1,0,-1,0,-0.013],"_humanoidState":5,"_cameraCFrame":[772.13,249.905,47.309,-0.013,-0.946,0.324,0,0.324,0.946,-1,0.012,-0.004],"_shiftlockState":false,"_pose":"FreeFall","_animationQueue":[],"_animationSpeed":1,"_zoom":16.125},{"_mousePosition":[739,421],"_rootPartCFrame":[765.586,230.124,47.393,-0.013,0,1,0,1,0,-1,0,-0.013],"_humanoidState":5,"_cameraCFrame":[771.93,250.154,47.312,-0.013,-0.946,0.324,0,0.324,0.946,-1,0.012,-0.004],"_shiftlockState":false,"_pose":"FreeFall","_animationQueue":[],"_animationSpeed":1,"_zoom":16.125},{"_mousePosition":[739,421],"_rootPartCFrame":[765.386,230,47.396,-0.013,0,1,0,1,0,-1,0,-0.013],"_humanoidState":5,"_cameraCFrame":[771.83,250.321,47.313,-0.013,-0.946,0.324,0,0.324,0.946,-1,0.012,-0.004],"_shiftlockState":false,"_pose":"FreeFall","_animationQueue":[],"_animationSpeed":1,"_zoom":16.125},{"_mousePosition":[739,421],"_rootPartCFrame":[765.119,229.787,47.399,-0.013,0,1,0,1,0,-1,0,-0.013],"_humanoidState":5,"_cameraCFrame":[771.64,250.332,47.316,-0.013,-0.946,0.324,0,0.324,0.946,-1,0.012,-0.004],"_shiftlockState":false,"_pose":"FreeFall","_animationQueue":[["fall",0.3]],"_animationSpeed":1,"_zoom":16.125},{"_mousePosition":[739,421],"_rootPartCFrame":[764.853,229.519,47.403,-0.013,0,1,0,1,0,-1,0,-0.013],"_humanoidState":5,"_cameraCFrame":[771.433,250.238,47.318,-0.013,-0.946,0.324,0,0.324,0.946,-1,0.012,-0.004],"_shiftlockState":false,"_pose":"FreeFall","_animationQueue":[],"_animationSpeed":1,"_zoom":16.125},{"_mousePosition":[739,421],"_rootPartCFrame":[764.519,229.107,47.407,-0.013,0,1,0,1,0,-1,0,-0.013],"_humanoidState":5,"_cameraCFrame":[771.13,249.915,47.322,-0.013,-0.946,0.324,0,0.324,0.946,-1,0.012,-0.004],"_shiftlockState":false,"_pose":"FreeFall","_animationQueue":[],"_animationSpeed":1,"_zoom":16.125},{"_mousePosition":[739,421],"_rootPartCFrame":[764.32,228.819,47.41,-0.013,0,1,0,1,0,-1,0,-0.013],"_humanoidState":5,"_cameraCFrame":[770.958,249.708,47.324,-0.013,-0.946,0.324,0,0.324,0.946,-1,0.012,-0.004],"_shiftlockState":false,"_pose":"FreeFall","_animationQueue":[],"_animationSpeed":1,"_zoom":16.125},{"_mousePosition":[739,421],"_rootPartCFrame":[763.986,228.271,47.414,-0.013,0,1,0,1,0,-1,0,-0.013],"_humanoidState":5,"_cameraCFrame":[770.642,249.211,47.329,-0.013,-0.946,0.324,0,0.324,0.946,-1,0.012,-0.004],"_shiftlockState":false,"_pose":"FreeFall","_animationQueue":[],"_animationSpeed":1,"_zoom":16.125},{"_mousePosition":[739,421],"_rootPartCFrame":[763.72,227.772,47.417,-0.013,0,1,0,1,0,-1,0,-0.013],"_humanoidState":5,"_cameraCFrame":[770.386,248.745,47.332,-0.013,-0.946,0.324,0,0.324,0.946,-1,0.012,-0.004],"_shiftlockState":false,"_pose":"FreeFall","_animationQueue":[],"_animationSpeed":1,"_zoom":16.125},{"_mousePosition":[739,421],"_rootPartCFrame":[763.453,227.218,47.421,-0.013,0,1,0,1,0,-1,0,-0.013],"_humanoidState":5,"_cameraCFrame":[770.128,248.213,47.335,-0.013,-0.946,0.324,0,0.324,0.946,-1,0.012,-0.004],"_shiftlockState":false,"_pose":"FreeFall","_animationQueue":[["fall",0.3]],"_animationSpeed":1,"_zoom":16.125},{"_mousePosition":[739,421],"_rootPartCFrame":[763.186,226.609,47.424,-0.013,0,1,0,1,0,-1,0,-0.013],"_humanoidState":5,"_cameraCFrame":[769.866,247.62,47.339,-0.013,-0.946,0.324,0,0.324,0.946,-1,0.012,-0.004],"_shiftlockState":false,"_pose":"FreeFall","_animationQueue":[],"_animationSpeed":1,"_zoom":16.125},{"_mousePosition":[739,421],"_rootPartCFrame":[762.987,226.117,47.427,-0.013,0,1,0,1,0,-1,0,-0.013],"_humanoidState":5,"_cameraCFrame":[769.67,247.139,47.341,-0.013,-0.946,0.324,0,0.324,0.946,-1,0.012,-0.004],"_shiftlockState":false,"_pose":"FreeFall","_animationQueue":[],"_animationSpeed":1,"_zoom":16.125},{"_mousePosition":[739,421],"_rootPartCFrame":[762.72,225.413,47.43,-0.013,0,1,0,1,0,-1,0,-0.013],"_humanoidState":5,"_cameraCFrame":[769.406,246.442,47.344,-0.013,-0.946,0.324,0,0.324,0.946,-1,0.012,-0.004],"_shiftlockState":false,"_pose":"FreeFall","_animationQueue":[],"_animationSpeed":1,"_zoom":16.125},{"_mousePosition":[739,421],"_rootPartCFrame":[762.453,224.654,47.434,-0.013,0,1,0,1,0,-1,0,-0.013],"_humanoidState":5,"_cameraCFrame":[769.141,245.688,47.348,-0.013,-0.946,0.324,0,0.324,0.946,-1,0.012,-0.004],"_shiftlockState":false,"_pose":"FreeFall","_animationQueue":[],"_animationSpeed":1,"_zoom":16.125},{"_mousePosition":[739,421],"_rootPartCFrame":[762.187,223.841,47.437,-0.013,0,1,0,1,0,-1,0,-0.013],"_humanoidState":5,"_cameraCFrame":[768.875,244.878,47.351,-0.013,-0.946,0.324,0,0.324,0.946,-1,0.012,-0.004],"_shiftlockState":false,"_pose":"FreeFall","_animationQueue":[],"_animationSpeed":1,"_zoom":16.125},{"_mousePosition":[739,421],"_rootPartCFrame":[761.853,222.748,47.442,-0.013,0,1,0,1,0,-1,0,-0.013],"_humanoidState":5,"_cameraCFrame":[768.543,243.787,47.356,-0.013,-0.946,0.324,0,0.324,0.946,-1,0.012,-0.004],"_shiftlockState":false,"_pose":"FreeFall","_animationQueue":[["fall",0.3]],"_animationSpeed":1,"_zoom":16.125},{"_mousePosition":[739,421],"_rootPartCFrame":[761.654,222.164,47.444,-0.013,0,1,0,1,0,-1,0,-0.013],"_humanoidState":7,"_cameraCFrame":[768.343,243.204,47.358,-0.013,-0.946,0.324,0,0.324,0.946,-1,0.012,-0.004],"_shiftlockState":false,"_pose":"FreeFall","_animationQueue":[["walk",0.1],["fall",0.3],["fall",0.3]],"_animationSpeed":1,"_zoom":16.125},{"_mousePosition":[739,421],"_rootPartCFrame":[761.387,222.104,47.448,-0.013,0,1,0,1,0,-1,0,-0.013],"_humanoidState":7,"_cameraCFrame":[768.077,243.145,47.362,-0.013,-0.946,0.324,0,0.324,0.946,-1,0.012,-0.004],"_shiftlockState":false,"_pose":"FreeFall","_animationQueue":[],"_animationSpeed":1,"_zoom":16.125},{"_mousePosition":[739,421],"_rootPartCFrame":[761.12,222.188,47.451,-0.013,0,1,0,1,0,-1,0,-0.013],"_humanoidState":7,"_cameraCFrame":[767.811,243.229,47.365,-0.013,-0.946,0.324,0,0.324,0.946,-1,0.012,-0.004],"_shiftlockState":false,"_pose":"FreeFall","_animationQueue":[],"_animationSpeed":1,"_zoom":16.125},{"_mousePosition":[739,421],"_rootPartCFrame":[760.787,222.263,47.455,-0.013,0,1,0,1,0,-1,0,-0.013],"_humanoidState":8,"_cameraCFrame":[767.477,243.305,47.369,-0.013,-0.946,0.324,0,0.324,0.946,-1,0.012,-0.004],"_shiftlockState":false,"_pose":"Running","_animationQueue":[["walk",0.1],["fall",0.3],["walk",0.1]],"_animationSpeed":1.103,"_zoom":16.125},{"_mousePosition":[739,421],"_rootPartCFrame":[760.587,222.916,47.458,-0.013,0,1,0,1,0,-1,0,-0.013],"_humanoidState":3,"_cameraCFrame":[767.278,243.958,47.372,-0.013,-0.946,0.324,0,0.324,0.946,-1,0.012,-0.004],"_shiftlockState":false,"_pose":"Jumping","_animationQueue":[["walk",0.1],["jump",0.1]],"_animationSpeed":1,"_zoom":16.125},{"_mousePosition":[739,421],"_rootPartCFrame":[760.32,223.738,47.461,-0.013,0,1,0,1,0,-1,0,-0.013],"_humanoidState":5,"_cameraCFrame":[767.011,244.78,47.375,-0.013,-0.946,0.324,0,0.324,0.946,-1,0.012,-0.004],"_shiftlockState":false,"_pose":"FreeFall","_animationQueue":[["jump",0.1]],"_animationSpeed":1,"_zoom":16.125},{"_mousePosition":[739,421],"_rootPartCFrame":[760.054,224.505,47.465,-0.013,0,1,0,1,0,-1,0,-0.013],"_humanoidState":5,"_cameraCFrame":[766.744,245.547,47.379,-0.013,-0.946,0.324,0,0.324,0.946,-1,0.012,-0.004],"_shiftlockState":false,"_pose":"FreeFall","_animationQueue":[],"_animationSpeed":1,"_zoom":16.125},{"_mousePosition":[739,421],"_rootPartCFrame":[759.721,225.388,47.469,-0.013,0,1,0,1,0,-1,0,-0.013],"_humanoidState":5,"_cameraCFrame":[766.411,246.43,47.383,-0.013,-0.946,0.324,0,0.324,0.946,-1,0.012,-0.004],"_shiftlockState":false,"_pose":"FreeFall","_animationQueue":[],"_animationSpeed":1,"_zoom":16.125},{"_mousePosition":[739,421],"_rootPartCFrame":[759.521,225.877,47.472,-0.013,0,1,0,1,0,-1,0,-0.013],"_humanoidState":5,"_cameraCFrame":[766.211,246.919,47.386,-0.013,-0.946,0.324,0,0.324,0.946,-1,0.012,-0.004],"_shiftlockState":false,"_pose":"FreeFall","_animationQueue":[],"_animationSpeed":1,"_zoom":16.125},{"_mousePosition":[739,421],"_rootPartCFrame":[759.254,226.481,47.475,-0.013,0,1,0,1,0,-1,0,-0.013],"_humanoidState":5,"_cameraCFrame":[765.945,247.523,47.389,-0.013,-0.946,0.324,0,0.324,0.946,-1,0.012,-0.004],"_shiftlockState":false,"_pose":"FreeFall","_animationQueue":[],"_animationSpeed":1,"_zoom":16.125},{"_mousePosition":[739,421],"_rootPartCFrame":[758.987,227.03,47.478,-0.013,0,1,0,1,0,-1,0,-0.013],"_humanoidState":5,"_cameraCFrame":[765.678,248.073,47.392,-0.013,-0.946,0.324,0,0.324,0.946,-1,0.012,-0.004],"_shiftlockState":false,"_pose":"FreeFall","_animationQueue":[],"_animationSpeed":1,"_zoom":16.125},{"_mousePosition":[739,421],"_rootPartCFrame":[758.721,227.525,47.482,-0.013,0,1,0,1,0,-1,0,-0.013],"_humanoidState":5,"_cameraCFrame":[765.411,248.568,47.396,-0.013,-0.946,0.324,0,0.324,0.946,-1,0.012,-0.004],"_shiftlockState":false,"_pose":"FreeFall","_animationQueue":[],"_animationSpeed":1,"_zoom":16.125},{"_mousePosition":[739,421],"_rootPartCFrame":[758.454,227.966,47.485,-0.013,0,1,0,1,0,-1,0,-0.013],"_humanoidState":5,"_cameraCFrame":[765.145,249.008,47.399,-0.013,-0.946,0.324,0,0.324,0.946,-1,0.012,-0.004],"_shiftlockState":false,"_pose":"FreeFall","_animationQueue":[],"_animationSpeed":1,"_zoom":16.125},{"_mousePosition":[739,421],"_rootPartCFrame":[758.121,228.44,47.49,-0.013,0,1,0,1,0,-1,0,-0.013],"_humanoidState":5,"_cameraCFrame":[764.812,249.482,47.404,-0.013,-0.946,0.324,0,0.324,0.946,-1,0.012,-0.004],"_shiftlockState":false,"_pose":"FreeFall","_animationQueue":[],"_animationSpeed":1,"_zoom":16.125},{"_mousePosition":[740,421],"_rootPartCFrame":[757.921,228.683,47.492,-0.013,0,1,0,1,0,-1,0,-0.013],"_humanoidState":5,"_cameraCFrame":[764.574,249.739,47.407,-0.013,-0.947,0.322,0,0.322,0.947,-1,0.012,-0.004],"_shiftlockState":false,"_pose":"FreeFall","_animationQueue":[],"_animationSpeed":1,"_zoom":16.125},{"_mousePosition":[740,421],"_rootPartCFrame":[757.588,229.021,47.496,-0.013,0,1,0,1,0,-1,0,-0.013],"_humanoidState":5,"_cameraCFrame":[764.24,250.076,47.411,-0.013,-0.947,0.322,0,0.322,0.947,-1,0.012,-0.004],"_shiftlockState":false,"_pose":"FreeFall","_animationQueue":[],"_animationSpeed":1,"_zoom":16.125},{"_mousePosition":[740,421],"_rootPartCFrame":[757.388,229.183,47.499,-0.013,0,1,0,1,0,-1,0,-0.013],"_humanoidState":5,"_cameraCFrame":[764.04,250.238,47.414,-0.013,-0.947,0.322,0,0.322,0.947,-1,0.012,-0.004],"_shiftlockState":false,"_pose":"FreeFall","_animationQueue":[],"_animationSpeed":1,"_zoom":16.125},{"_mousePosition":[740,421],"_rootPartCFrame":[757.121,229.351,47.502,-0.013,0,1,0,1,0,-1,0,-0.013],"_humanoidState":5,"_cameraCFrame":[763.774,250.406,47.417,-0.013,-0.947,0.322,0,0.322,0.947,-1,0.012,-0.004],"_shiftlockState":false,"_pose":"FreeFall","_animationQueue":[],"_animationSpeed":1,"_zoom":16.125},{"_mousePosition":[740,421],"_rootPartCFrame":[756.855,229.464,47.506,-0.013,0,1,0,1,0,-1,0,-0.013],"_humanoidState":5,"_cameraCFrame":[763.507,250.52,47.42,-0.013,-0.947,0.322,0,0.322,0.947,-1,0.012,-0.004],"_shiftlockState":false,"_pose":"FreeFall","_animationQueue":[],"_animationSpeed":1,"_zoom":16.125},{"_mousePosition":[740,421],"_rootPartCFrame":[756.588,229.523,47.509,-0.013,0,1,0,1,0,-1,0,-0.013],"_humanoidState":5,"_cameraCFrame":[763.203,250.592,47.441,-0.01,-0.947,0.32,0,0.32,0.947,-1,0.01,-0.003],"_shiftlockState":false,"_pose":"FreeFall","_animationQueue":[["fall",0.3]],"_animationSpeed":1,"_zoom":16.125},{"_mousePosition":[740,421],"_rootPartCFrame":[756.321,229.528,47.513,-0.013,0,1,0,1,0,-1,0,-0.013],"_humanoidState":5,"_cameraCFrame":[762.898,250.609,47.462,-0.008,-0.948,0.318,0,0.318,0.948,-1,0.007,-0.002],"_shiftlockState":false,"_pose":"FreeFall","_animationQueue":[],"_animationSpeed":1,"_zoom":16.125},{"_mousePosition":[740,421],"_rootPartCFrame":[755.988,229.457,47.516,-0.013,0,1,0,1,0,-1,0,-0.013],"_humanoidState":5,"_cameraCFrame":[762.565,250.538,47.482,-0.005,-0.948,0.318,0,0.318,0.948,-1,0.005,-0.002],"_shiftlockState":false,"_pose":"FreeFall","_animationQueue":[],"_animationSpeed":1,"_zoom":16.125},{"_mousePosition":[740,421],"_rootPartCFrame":[755.722,229.339,47.518,-0.012,0,1,0,1,0,-1,0,-0.012],"_humanoidState":5,"_cameraCFrame":[762.26,250.433,47.517,0,-0.949,0.317,0,0.317,0.949,-1,0,0],"_shiftlockState":false,"_pose":"FreeFall","_animationQueue":[],"_animationSpeed":1,"_zoom":16.125},{"_mousePosition":[740,421],"_rootPartCFrame":[755.455,229.166,47.52,-0.011,0,1,0,1,0,-1,0,-0.011],"_humanoidState":5,"_cameraCFrame":[761.994,250.26,47.552,0.005,-0.949,0.317,0,0.317,0.949,-1,-0.005,0.002],"_shiftlockState":false,"_pose":"FreeFall","_animationQueue":[],"_animationSpeed":1,"_zoom":16.125},{"_mousePosition":[740,421],"_rootPartCFrame":[755.188,228.939,47.52,-0.01,0,1,0,1,0,-1,0,-0.01],"_humanoidState":5,"_cameraCFrame":[761.727,250.033,47.585,0.01,-0.949,0.317,0,0.317,0.949,-1,-0.009,0.003],"_shiftlockState":false,"_pose":"FreeFall","_animationQueue":[],"_animationSpeed":1,"_zoom":16.125},{"_mousePosition":[740,421],"_rootPartCFrame":[754.922,228.657,47.519,-0.008,0,1,0,1,0,-1,0,-0.008],"_humanoidState":5,"_cameraCFrame":[761.459,249.752,47.634,0.018,-0.948,0.316,0,0.317,0.949,-1,-0.017,0.006],"_shiftlockState":false,"_pose":"FreeFall","_animationQueue":[["fall",0.3]],"_animationSpeed":1,"_zoom":16.125},{"_mousePosition":[740,421],"_rootPartCFrame":[754.655,228.321,47.517,-0.006,0,1,0,1,0,-1,0,-0.006],"_humanoidState":5,"_cameraCFrame":[761.192,249.415,47.664,0.023,-0.948,0.316,0,0.317,0.949,-1,-0.021,0.007],"_shiftlockState":false,"_pose":"FreeFall","_animationQueue":[],"_animationSpeed":1,"_zoom":16.125},{"_mousePosition":[740,421],"_rootPartCFrame":[754.455,228.034,47.513,-0.004,0,1,0,1,0,-1,0,-0.004],"_humanoidState":5,"_cameraCFrame":[760.954,249.14,47.677,0.025,-0.949,0.315,0,0.315,0.949,-1,-0.024,0.008],"_shiftlockState":false,"_pose":"FreeFall","_animationQueue":[],"_animationSpeed":1,"_zoom":16.125},{"_mousePosition":[740,421],"_rootPartCFrame":[754.189,227.602,47.508,0,0,1,0,1,0,-1,0,0],"_humanoidState":5,"_cameraCFrame":[760.686,248.709,47.704,0.03,-0.949,0.315,0,0.315,0.949,-1,-0.029,0.009],"_shiftlockState":false,"_pose":"FreeFall","_animationQueue":[],"_animationSpeed":1,"_zoom":16.125},{"_mousePosition":[740,421],"_rootPartCFrame":[753.922,227.116,47.501,0.003,0,1,0,1,0,-1,0,0.003],"_humanoidState":5,"_cameraCFrame":[760.418,248.223,47.73,0.035,-0.949,0.315,0,0.315,0.949,-0.999,-0.033,0.011],"_shiftlockState":false,"_pose":"FreeFall","_animationQueue":[],"_animationSpeed":1,"_zoom":16.125},{"_mousePosition":[740,421],"_rootPartCFrame":[753.589,226.432,47.491,0.007,0,1,0,1,0,-1,0,0.007],"_humanoidState":5,"_cameraCFrame":[760.045,247.551,47.768,0.043,-0.949,0.313,0,0.313,0.95,-0.999,-0.041,0.013],"_shiftlockState":false,"_pose":"FreeFall","_animationQueue":[],"_animationSpeed":1,"_zoom":16.125},{"_mousePosition":[740,421],"_rootPartCFrame":[753.389,225.981,47.484,0.01,0,1,0,1,0,-1,0,0.01],"_humanoidState":7,"_cameraCFrame":[759.843,247.1,47.81,0.05,-0.949,0.312,0,0.313,0.95,-0.999,-0.048,0.016],"_shiftlockState":false,"_pose":"FreeFall","_animationQueue":[["walk",0.1],["fall",0.3],["fall",0.3]],"_animationSpeed":1,"_zoom":16.125},{"_mousePosition":[740,421],"_rootPartCFrame":[753.056,225.241,47.47,0.015,0,1,0,1,0,-1,0,0.015],"_humanoidState":7,"_cameraCFrame":[759.506,246.36,47.861,0.061,-0.948,0.312,0,0.313,0.95,-0.998,-0.057,0.019],"_shiftlockState":false,"_pose":"FreeFall","_animationQueue":[["fall",0.3]],"_animationSpeed":1,"_zoom":16.125},{"_mousePosition":[740,421],"_rootPartCFrame":[752.79,225.211,47.457,0.02,0,1,0,1,0,-1,0,0.02],"_humanoidState":8,"_cameraCFrame":[759.237,246.33,47.897,0.068,-0.948,0.312,0,0.313,0.95,-0.998,-0.065,0.021],"_shiftlockState":false,"_pose":"Running","_animationQueue":[["walk",0.1],["fall",0.3],["walk",0.1]],"_animationSpeed":1.103,"_zoom":16.125},{"_mousePosition":[740,421],"_rootPartCFrame":[752.523,225.259,47.441,0.025,0,1,0,1,0,-1,0,0.025],"_humanoidState":8,"_cameraCFrame":[758.928,246.391,47.944,0.078,-0.948,0.31,0,0.311,0.95,-0.997,-0.074,0.024],"_shiftlockState":false,"_pose":"Running","_animationQueue":[],"_animationSpeed":1.103,"_zoom":16.125},{"_mousePosition":[740,421],"_rootPartCFrame":[752.257,225.293,47.423,0.031,0,1,0,1,0,-1,0,0.031],"_humanoidState":8,"_cameraCFrame":[758.659,246.425,47.958,0.083,-0.947,0.31,0,0.311,0.95,-0.997,-0.079,0.026],"_shiftlockState":false,"_pose":"Running","_animationQueue":[],"_animationSpeed":1.103,"_zoom":16.125},{"_mousePosition":[740,421],"_rootPartCFrame":[751.991,225.313,47.403,0.037,0,0.999,0,1,0,-0.999,0,0.037],"_humanoidState":8,"_cameraCFrame":[758.392,246.445,47.954,0.086,-0.947,0.31,0,0.311,0.95,-0.996,-0.081,0.027],"_shiftlockState":false,"_pose":"Running","_animationQueue":[],"_animationSpeed":1.103,"_zoom":16.125},{"_mousePosition":[740,421],"_rootPartCFrame":[751.726,225.323,47.381,0.043,0,0.999,0,1,0,-0.999,0,0.043],"_humanoidState":8,"_cameraCFrame":[758.126,246.455,47.931,0.086,-0.947,0.31,0,0.311,0.95,-0.996,-0.081,0.027],"_shiftlockState":false,"_pose":"Running","_animationQueue":[],"_animationSpeed":1.103,"_zoom":16.125},{"_mousePosition":[740,421],"_rootPartCFrame":[751.46,225.329,47.358,0.049,0,0.999,0,1,0,-0.999,0,0.049],"_humanoidState":8,"_cameraCFrame":[757.86,246.461,47.909,0.086,-0.947,0.31,0,0.311,0.95,-0.996,-0.081,0.027],"_shiftlockState":false,"_pose":"Running","_animationQueue":[],"_animationSpeed":1.103,"_zoom":16.125},{"_mousePosition":[740,421],"_rootPartCFrame":[751.194,225.332,47.335,0.054,0,0.999,0,1,0,-0.999,0,0.054],"_humanoidState":8,"_cameraCFrame":[757.595,246.464,47.886,0.086,-0.947,0.31,0,0.311,0.95,-0.996,-0.081,0.027],"_shiftlockState":false,"_pose":"Running","_animationQueue":[["walk",0.1]],"_animationSpeed":1.103,"_zoom":16.125},{"_mousePosition":[740,421],"_rootPartCFrame":[750.929,225.334,47.312,0.058,0,0.998,0,1,0,-0.998,0,0.058],"_humanoidState":8,"_cameraCFrame":[757.329,246.466,47.863,0.086,-0.947,0.31,0,0.311,0.95,-0.996,-0.081,0.027],"_shiftlockState":false,"_pose":"Running","_animationQueue":[],"_animationSpeed":1.103,"_zoom":16.125},{"_mousePosition":[740,421],"_rootPartCFrame":[750.663,225.335,47.289,0.062,0,0.998,0,1,0,-0.998,0,0.062],"_humanoidState":8,"_cameraCFrame":[757.063,246.467,47.84,0.086,-0.947,0.31,0,0.311,0.95,-0.996,-0.081,0.027],"_shiftlockState":false,"_pose":"Running","_animationQueue":[],"_animationSpeed":1.103,"_zoom":16.125},{"_mousePosition":[740,421],"_rootPartCFrame":[750.397,225.335,47.266,0.065,0,0.998,0,1,0,-0.998,0,0.065],"_humanoidState":8,"_cameraCFrame":[756.796,246.467,47.833,0.088,-0.947,0.31,0,0.311,0.95,-0.996,-0.084,0.027],"_shiftlockState":false,"_pose":"Running","_animationQueue":[],"_animationSpeed":1.103,"_zoom":16.125},{"_mousePosition":[740,421],"_rootPartCFrame":[750.132,225.336,47.244,0.068,0,0.998,0,1,0,-0.998,0,0.068],"_humanoidState":8,"_cameraCFrame":[756.491,246.48,47.823,0.091,-0.947,0.308,0,0.309,0.951,-0.996,-0.086,0.028],"_shiftlockState":false,"_pose":"Running","_animationQueue":[],"_animationSpeed":1.103,"_zoom":16.125},{"_mousePosition":[740,421],"_rootPartCFrame":[749.866,225.336,47.22,0.071,0,0.997,0,1,0,-0.997,0,0.071],"_humanoidState":8,"_cameraCFrame":[756.224,246.48,47.816,0.093,-0.947,0.308,0,0.309,0.951,-0.996,-0.089,0.029],"_shiftlockState":false,"_pose":"Running","_animationQueue":[],"_animationSpeed":1.103,"_zoom":16.125},{"_mousePosition":[740,421],"_rootPartCFrame":[749.601,225.336,47.196,0.073,0,0.997,0,1,0,-0.997,0,0.073],"_humanoidState":8,"_cameraCFrame":[755.92,246.493,47.788,0.093,-0.947,0.306,0,0.307,0.952,-0.996,-0.089,0.029],"_shiftlockState":false,"_pose":"Running","_animationQueue":[["walk",0.1]],"_animationSpeed":1.103,"_zoom":16.125},{"_mousePosition":[740,421],"_rootPartCFrame":[749.335,225.336,47.171,0.076,0,0.997,0,1,0,-0.997,0,0.076],"_humanoidState":8,"_cameraCFrame":[755.617,246.505,47.76,0.093,-0.948,0.304,0,0.305,0.952,-0.996,-0.089,0.028],"_shiftlockState":false,"_pose":"Running","_animationQueue":[],"_animationSpeed":1.103,"_zoom":16.125},{"_mousePosition":[740,421],"_rootPartCFrame":[749.07,225.336,47.146,0.078,0,0.997,0,1,0,-0.997,0,0.078],"_humanoidState":8,"_cameraCFrame":[755.348,246.505,47.767,0.098,-0.948,0.304,0,0.305,0.952,-0.995,-0.094,0.03],"_shiftlockState":false,"_pose":"Running","_animationQueue":[],"_animationSpeed":1.103,"_zoom":16.125},{"_mousePosition":[740,421],"_rootPartCFrame":[748.804,225.336,47.121,0.08,0,0.997,0,1,0,-0.997,0,0.08],"_humanoidState":8,"_cameraCFrame":[755.003,246.529,47.766,0.103,-0.948,0.3,0,0.302,0.953,-0.995,-0.099,0.031],"_shiftlockState":false,"_pose":"Running","_animationQueue":[],"_animationSpeed":1.103,"_zoom":16.125},{"_mousePosition":[740,421],"_rootPartCFrame":[748.539,225.336,47.095,0.083,0,0.997,0,1,0,-0.997,0,0.083],"_humanoidState":8,"_cameraCFrame":[754.696,246.542,47.767,0.108,-0.948,0.298,0,0.3,0.954,-0.994,-0.103,0.033],"_shiftlockState":false,"_pose":"Running","_animationQueue":[],"_animationSpeed":1.103,"_zoom":16.125},{"_mousePosition":[740,421],"_rootPartCFrame":[748.273,225.336,47.068,0.085,0,0.996,0,1,0,-0.996,0,0.085],"_humanoidState":8,"_cameraCFrame":[754.388,246.554,47.781,0.116,-0.948,0.296,0,0.298,0.955,-0.993,-0.111,0.035],"_shiftlockState":false,"_pose":"Running","_animationQueue":[],"_animationSpeed":1.103,"_zoom":16.125},{"_mousePosition":[740,421],"_rootPartCFrame":[748.008,225.336,47.039,0.089,0,0.996,0,1,0,-0.996,0,0.089],"_humanoidState":8,"_cameraCFrame":[754.039,246.577,47.805,0.126,-0.948,0.292,0,0.294,0.956,-0.992,-0.12,0.037],"_shiftlockState":false,"_pose":"Running","_animationQueue":[],"_animationSpeed":1.103,"_zoom":16.125},{"_mousePosition":[740,421],"_rootPartCFrame":[747.743,225.336,47.008,0.092,0,0.996,0,1,0,-0.996,0,0.092],"_humanoidState":8,"_cameraCFrame":[753.727,246.589,47.83,0.136,-0.947,0.29,0,0.292,0.956,-0.991,-0.13,0.04],"_shiftlockState":false,"_pose":"Running","_animationQueue":[["walk",0.1]],"_animationSpeed":1.103,"_zoom":16.125},{"_mousePosition":[740,421],"_rootPartCFrame":[747.412,226.42,46.97,0.097,0,0.995,0,1,0,-0.995,0,0.097],"_humanoidState":3,"_cameraCFrame":[753.345,247.685,47.876,0.151,-0.946,0.287,0,0.291,0.957,-0.989,-0.145,0.044],"_shiftlockState":false,"_pose":"Jumping","_animationQueue":[["walk",0.1],["jump",0.1]],"_animationSpeed":1,"_zoom":16.125},{"_mousePosition":[740,421],"_rootPartCFrame":[747.148,227.228,46.934,0.101,0,0.995,0,1,0,-0.995,0,0.101],"_humanoidState":5,"_cameraCFrame":[753.028,248.505,47.924,0.166,-0.944,0.285,0,0.289,0.957,-0.986,-0.159,0.048],"_shiftlockState":false,"_pose":"FreeFall","_animationQueue":[["jump",0.1]],"_animationSpeed":1,"_zoom":16.125},{"_mousePosition":[740,421],"_rootPartCFrame":[746.95,227.798,46.904,0.106,0,0.994,0,1,0,-0.994,0,0.106],"_humanoidState":5,"_cameraCFrame":[752.82,249.075,47.954,0.176,-0.942,0.284,0,0.289,0.957,-0.984,-0.169,0.051],"_shiftlockState":false,"_pose":"FreeFall","_animationQueue":[],"_animationSpeed":1,"_zoom":16.125},{"_mousePosition":[740,421],"_rootPartCFrame":[746.687,228.512,46.861,0.113,0,0.994,0,1,0,-0.994,0,0.113],"_humanoidState":5,"_cameraCFrame":[752.546,249.788,47.97,0.186,-0.941,0.284,0,0.289,0.957,-0.983,-0.178,0.054],"_shiftlockState":false,"_pose":"FreeFall","_animationQueue":[],"_animationSpeed":1,"_zoom":16.125},{"_mousePosition":[740,421],"_rootPartCFrame":[746.359,229.326,46.803,0.124,0,0.992,0,1,0,-0.992,0,0.124],"_humanoidState":5,"_cameraCFrame":[752.172,250.615,47.949,0.193,-0.94,0.281,0,0.287,0.958,-0.981,-0.185,0.055],"_shiftlockState":false,"_pose":"FreeFall","_animationQueue":[],"_animationSpeed":1,"_zoom":16.125},{"_mousePosition":[740,421],"_rootPartCFrame":[746.097,229.917,46.753,0.132,0,0.991,0,1,0,-0.991,0,0.132],"_humanoidState":5,"_cameraCFrame":[751.904,251.205,47.929,0.198,-0.939,0.281,0,0.287,0.958,-0.98,-0.19,0.057],"_shiftlockState":false,"_pose":"FreeFall","_animationQueue":[],"_animationSpeed":1,"_zoom":16.125},{"_mousePosition":[740,421],"_rootPartCFrame":[745.835,230.452,46.702,0.14,0,0.99,0,1,0,-0.99,0,0.14],"_humanoidState":5,"_cameraCFrame":[751.639,251.741,47.892,0.201,-0.938,0.281,0,0.287,0.958,-0.98,-0.192,0.058],"_shiftlockState":false,"_pose":"FreeFall","_animationQueue":[],"_animationSpeed":1,"_zoom":16.125},{"_mousePosition":[740,421],"_rootPartCFrame":[745.639,230.819,46.663,0.146,0,0.989,0,1,0,-0.989,0,0.146],"_humanoidState":5,"_cameraCFrame":[751.44,252.107,47.867,0.203,-0.938,0.281,0,0.287,0.958,-0.979,-0.195,0.058],"_shiftlockState":false,"_pose":"FreeFall","_animationQueue":[],"_animationSpeed":1,"_zoom":16.125},{"_mousePosition":[740,421],"_rootPartCFrame":[745.313,231.361,46.596,0.156,0,0.988,0,1,0,-0.988,0,0.156],"_humanoidState":5,"_cameraCFrame":[751.11,252.649,47.815,0.206,-0.937,0.281,0,0.287,0.958,-0.979,-0.197,0.059],"_shiftlockState":false,"_pose":"FreeFall","_animationQueue":[],"_animationSpeed":1,"_zoom":16.125},{"_mousePosition":[740,421],"_rootPartCFrame":[745.117,231.645,46.555,0.161,0,0.987,0,1,0,-0.987,0,0.161],"_humanoidState":5,"_cameraCFrame":[750.911,252.934,47.789,0.208,-0.937,0.281,0,0.287,0.958,-0.978,-0.2,0.06],"_shiftlockState":false,"_pose":"FreeFall","_animationQueue":[],"_animationSpeed":1,"_zoom":16.125},{"_mousePosition":[740,421],"_rootPartCFrame":[744.856,231.977,46.5,0.167,0,0.986,0,1,0,-0.986,0,0.167],"_humanoidState":5,"_cameraCFrame":[750.651,253.265,47.735,0.208,-0.937,0.281,0,0.287,0.958,-0.978,-0.2,0.06],"_shiftlockState":false,"_pose":"FreeFall","_animationQueue":[],"_animationSpeed":1,"_zoom":16.125},{"_mousePosition":[740,421],"_rootPartCFrame":[744.53,232.314,46.431,0.174,0,0.985,0,1,0,-0.985,0,0.174],"_humanoidState":5,"_cameraCFrame":[750.325,253.603,47.665,0.208,-0.937,0.281,0,0.287,0.958,-0.978,-0.2,0.06],"_shiftlockState":false,"_pose":"FreeFall","_animationQueue":[],"_animationSpeed":1,"_zoom":16.125},{"_mousePosition":[740,421],"_rootPartCFrame":[744.334,232.476,46.389,0.178,0,0.984,0,1,0,-0.984,0,0.178],"_humanoidState":5,"_cameraCFrame":[750.129,253.765,47.624,0.208,-0.937,0.281,0,0.287,0.958,-0.978,-0.2,0.06],"_shiftlockState":false,"_pose":"FreeFall","_animationQueue":[],"_animationSpeed":1,"_zoom":16.125},{"_mousePosition":[740,421],"_rootPartCFrame":[744.008,232.678,46.32,0.183,0,0.983,0,1,0,-0.983,0,0.183],"_humanoidState":5,"_cameraCFrame":[749.803,253.966,47.554,0.208,-0.937,0.281,0,0.287,0.958,-0.978,-0.2,0.06],"_shiftlockState":false,"_pose":"FreeFall","_animationQueue":[],"_animationSpeed":1,"_zoom":16.125},{"_mousePosition":[740,421],"_rootPartCFrame":[743.748,232.778,46.264,0.187,0,0.982,0,1,0,-0.982,0,0.187],"_humanoidState":5,"_cameraCFrame":[749.542,254.066,47.499,0.208,-0.937,0.281,0,0.287,0.958,-0.978,-0.2,0.06],"_shiftlockState":false,"_pose":"FreeFall","_animationQueue":[],"_animationSpeed":1,"_zoom":16.125},{"_mousePosition":[740,421],"_rootPartCFrame":[743.552,232.817,46.223,0.189,0,0.982,0,1,0,-0.982,0,0.189],"_humanoidState":5,"_cameraCFrame":[749.347,254.105,47.457,0.208,-0.937,0.281,0,0.287,0.958,-0.978,-0.2,0.06],"_shiftlockState":false,"_pose":"FreeFall","_animationQueue":[],"_animationSpeed":1,"_zoom":16.125},{"_mousePosition":[740,421],"_rootPartCFrame":[743.291,232.821,46.167,0.192,0,0.981,0,1,0,-0.981,0,0.192],"_humanoidState":5,"_cameraCFrame":[749.086,254.11,47.401,0.208,-0.937,0.281,0,0.287,0.958,-0.978,-0.2,0.06],"_shiftlockState":false,"_pose":"FreeFall","_animationQueue":[],"_animationSpeed":1,"_zoom":16.125},{"_mousePosition":[740,421],"_rootPartCFrame":[742.965,232.75,46.098,0.195,0,0.981,0,1,0,-0.981,0,0.195],"_humanoidState":5,"_cameraCFrame":[748.76,254.039,47.332,0.208,-0.937,0.281,0,0.287,0.958,-0.978,-0.2,0.06],"_shiftlockState":false,"_pose":"FreeFall","_animationQueue":[],"_animationSpeed":1,"_zoom":16.125},{"_mousePosition":[740,421],"_rootPartCFrame":[742.77,232.667,46.056,0.196,0,0.981,0,1,0,-0.981,0,0.196],"_humanoidState":5,"_cameraCFrame":[748.565,253.955,47.29,0.208,-0.937,0.281,0,0.287,0.958,-0.978,-0.2,0.06],"_shiftlockState":false,"_pose":"FreeFall","_animationQueue":[],"_animationSpeed":1,"_zoom":16.125},{"_mousePosition":[740,421],"_rootPartCFrame":[742.444,232.46,45.987,0.198,0,0.98,0,1,0,-0.98,0,0.198],"_humanoidState":5,"_cameraCFrame":[748.198,253.759,47.227,0.211,-0.937,0.279,0,0.285,0.959,-0.978,-0.202,0.06],"_shiftlockState":false,"_pose":"Free