[{"_mousePosition":[740,380],"_rootPartCFrame":[776.027,222.7,47.142,0,0,1,0,1,0,-1,0,0],"_humanoidState":8,"_cameraCFrame":[781.735,239.277,46.803,-0.059,-0.933,0.354,0,0.355,0.935,-0.998,0.055,-0.021],"_shiftlockState":false,"_pose":"Standing","_animationQueue":[],"_animationSpeed":1,"_zoom":16.125},{"_mousePosition":[740,380],"_rootPartCFrame":[775.781,222.695,47.157,-0.008,0,1,0,1,0,-1,0,-0.008],"_humanoidState":8,"_cameraCFrame":[781.489,239.272,46.818,-0.059,-0.933,0.354,0,0.355,0.935,-0.998,0.055,-0.021],"_shiftlockState":false,"_pose":"Standing","_animationQueue":[["idle",0]],"_animationSpeed":1,"_zoom":16.125},{"_mousePosition":[740,380],"_rootPartCFrame":[775.515,222.697,47.172,-0.015,0,1,0,1,0,-1,0,-0.015],"_humanoidState":8,"_cameraCFrame":[781.224,239.274,46.834,-0.059,-0.933,0.354,0,0.355,0.935,-0.998,0.055,-0.021],"_shiftlockState":false,"_pose":"Running","_animationQueue":[["walk",0.1]],"_animationSpeed":1.066,"_zoom":16.125},{"_mousePosition":[740,380],"_rootPartCFrame":[775.249,222.698,47.188,-0.021,0,1,0,1,0,-1,0,-0.021],"_humanoidState":8,"_cameraCFrame":[780.929,239.286,46.866,-0.057,-0.934,0.352,0,0.353,0.936,-0.998,0.053,-0.02],"_shiftlockState":false,"_pose":"Running","_animationQueue":[],"_animationSpeed":1.066,"_zoom":16.125},{"_mousePosition":[740,380],"_rootPartCFrame":[774.983,222.699,47.204,-0.026,0,1,0,1,0,-1,0,-0.026],"_humanoidState":8,"_cameraCFrame":[780.635,239.298,46.912,-0.052,-0.935,0.351,0,0.351,0.936,-0.999,0.048,-0.018],"_shiftlockState":false,"_pose":"Running","_animationQueue":[["walk",0.1]],"_animationSpeed":1.066,"_zoom":16.125},{"_mousePosition":[740,380],"_rootPartCFrame":[774.717,222.699,47.219,-0.03,0,1,0,1,0,-1,0,-0.03],"_humanoidState":8,"_cameraCFrame":[780.313,239.32,46.987,-0.042,-0.937,0.347,0,0.347,0.938,-0.999,0.039,-0.014],"_shiftlockState":false,"_pose":"Running","_animationQueue":[],"_animationSpeed":1.066,"_zoom":16.125},{"_mousePosition":[740,380],"_rootPartCFrame":[774.45,222.699,47.233,-0.033,0,0.999,0,1,0,-0.999,0,-0.033],"_humanoidState":8,"_cameraCFrame":[779.99,239.342,47.087,-0.026,-0.939,0.344,0,0.344,0.939,-1,0.025,-0.009],"_shiftlockState":false,"_pose":"Running","_animationQueue":[],"_animationSpeed":1.066,"_zoom":16.125},{"_mousePosition":[740,380],"_rootPartCFrame":[774.184,222.7,47.244,-0.035,0,0.999,0,1,0,-0.999,0,-0.035],"_humanoidState":8,"_cameraCFrame":[779.666,239.364,47.183,-0.011,-0.94,0.34,0,0.34,0.94,-1,0.011,-0.004],"_shiftlockState":false,"_pose":"Running","_animationQueue":[],"_animationSpeed":1.066,"_zoom":16.125},{"_mousePosition":[740,380],"_rootPartCFrame":[773.917,222.7,47.252,-0.034,0,0.999,0,1,0,-0.999,0,-0.034],"_humanoidState":8,"_cameraCFrame":[779.311,239.396,47.328,0.014,-0.942,0.334,0,0.335,0.942,-1,-0.013,0.005],"_shiftlockState":false,"_pose":"Running","_animationQueue":[],"_animationSpeed":1.066,"_zoom":16.125},{"_mousePosition":[740,380],"_rootPartCFrame":[773.584,223.783,47.261,-0.032,0,0.999,0,1,0,-0.999,0,-0.032],"_humanoidState":3,"_cameraCFrame":[778.946,240.49,47.404,0.027,-0.943,0.333,0,0.333,0.943,-1,-0.025,0.009],"_shiftlockState":false,"_pose":"Jumping","_animationQueue":[["walk",0.1],["jump",0.1]],"_animationSpeed":1,"_zoom":16.125},{"_mousePosition":[740,380],"_rootPartCFrame":[773.317,224.592,47.258,-0.028,0,1,0,1,0,-1,0,-0.028],"_humanoidState":5,"_cameraCFrame":[778.649,241.309,47.442,0.034,-0.943,0.331,0,0.331,0.944,-0.999,-0.032,0.011],"_shiftlockState":false,"_pose":"FreeFall","_animationQueue":[["jump",0.1]],"_animationSpeed":1,"_zoom":16.125},{"_mousePosition":[740,380],"_rootPartCFrame":[773.051,225.346,47.252,-0.021,0,1,0,1,0,-1,0,-0.021],"_humanoidState":5,"_cameraCFrame":[778.382,242.063,47.449,0.037,-0.943,0.331,0,0.331,0.944,-0.999,-0.035,0.012],"_shiftlockState":false,"_pose":"FreeFall","_animationQueue":[],"_animationSpeed":1,"_zoom":16.125},{"_mousePosition":[740,380],"_rootPartCFrame":[772.851,225.875,47.245,-0.016,0,1,0,1,0,-1,0,-0.016],"_humanoidState":5,"_cameraCFrame":[778.182,242.592,47.442,0.037,-0.943,0.331,0,0.331,0.944,-0.999,-0.035,0.012],"_shiftlockState":false,"_pose":"FreeFall","_animationQueue":[],"_animationSpeed":1,"_zoom":16.125},{"_mousePosition":[740,380],"_rootPartCFrame":[772.584,226.534,47.235,-0.009,0,1,0,1,0,-1,0,-0.009],"_humanoidState":5,"_cameraCFrame":[777.915,243.251,47.446,0.039,-0.943,0.331,0,0.331,0.944,-0.999,-0.037,0.013],"_shiftlockState":false,"_pose":"FreeFall","_animationQueue":[],"_animationSpeed":1,"_zoom":16.125},{"_mousePosition":[740,380],"_rootPartCFrame":[772.318,227.138,47.226,-0.002,0,1,0,1,0,-1,0,-0.002],"_humanoidState":5,"_cameraCFrame":[777.588,243.876,47.447,0.042,-0.944,0.327,0,0.327,0.945,-0.999,-0.04,0.014],"_shiftlockState":false,"_pose":"FreeFall","_animationQueue":[],"_animationSpeed":1,"_zoom":16.125},{"_mousePosition":[740,380],"_rootPartCFrame":[772.051,227.687,47.215,0.004,0,1,0,1,0,-1,0,0.004],"_humanoidState":5,"_cameraCFrame":[777.261,244.445,47.46,0.047,-0.945,0.323,0,0.323,0.946,-0.999,-0.044,0.015],"_shiftlockState":false,"_pose":"FreeFall","_animationQueue":[],"_animationSpeed":1,"_zoom":16.125},{"_mousePosition":[740,380],"_rootPartCFrame":[771.785,228.182,47.204,0.009,0,1,0,1,0,-1,0,0.009],"_humanoidState":5,"_cameraCFrame":[776.934,244.961,47.486,0.055,-0.946,0.319,0,0.32,0.947,-0.999,-0.052,0.017],"_shiftlockState":false,"_pose":"FreeFall","_animationQueue":[],"_animationSpeed":1,"_zoom":16.125},{"_mousePosition":[740,380],"_rootPartCFrame":[771.519,228.623,47.192,0.014,0,1,0,1,0,-1,0,0.014],"_humanoidState":5,"_cameraCFrame":[776.575,245.431,47.52,0.065,-0.947,0.314,0,0.314,0.949,-0.998,-0.061,0.02],"_shiftlockState":false,"_pose":"FreeFall","_animationQueue":[],"_animationSpeed":1,"_zoom":16.125},{"_mousePosition":[740,380],"_rootPartCFrame":[771.252,229.009,47.177,0.019,0,1,0,1,0,-1,0,0.019],"_humanoidState":5,"_cameraCFrame":[776.246,245.837,47.539,0.072,-0.948,0.31,0,0.311,0.951,-0.997,-0.069,0.022],"_shiftlockState":false,"_pose":"FreeFall","_animationQueue":[],"_animationSpeed":1,"_zoom":16.125},{"_mousePosition":[740,380],"_rootPartCFrame":[770.92,229.415,47.156,0.027,0,1,0,1,0,-1,0,0.027],"_humanoidState":5,"_cameraCFrame":[775.883,246.252,47.529,0.075,-0.949,0.308,0,0.309,0.951,-0.997,-0.071,0.023],"_shiftlockState":false,"_pose":"FreeFall","_animationQueue":[],"_animationSpeed":1,"_zoom":16.125},{"_mousePosition":[740,380],"_rootPartCFrame":[770.654,229.678,47.137,0.033,0,0.999,0,1,0,-0.999,0,0.033],"_humanoidState":5,"_cameraCFrame":[775.617,246.516,47.51,0.075,-0.949,0.308,0,0.309,0.951,-0.997,-0.071,0.023],"_shiftlockState":false,"_pose":"FreeFall","_animationQueue":[],"_animationSpeed":1,"_zoom":16.125},{"_mousePosition":[740,380],"_rootPartCFrame":[770.454,229.84,47.122,0.037,0,0.999,0,1,0,-0.999,0,0.037],"_humanoidState":5,"_cameraCFrame":[775.418,246.678,47.495,0.075,-0.949,0.308,0,0.309,0.951,-0.997,-0.071,0.023],"_shiftlockState":false,"_pose":"FreeFall","_animationQueue":[],"_animationSpeed":1,"_zoom":16.125},{"_mousePosition":[740,380],"_rootPartCFrame":[770.188,230.008,47.103,0.042,0,0.999,0,1,0,-0.999,0,0.042],"_humanoidState":5,"_cameraCFrame":[775.152,246.846,47.475,0.075,-0.949,0.308,0,0.309,0.951,-0.997,-0.071,0.023],"_shiftlockState":false,"_pose":"FreeFall","_animationQueue":[],"_animationSpeed":1,"_zoom":16.125},{"_mousePosition":[740,380],"_rootPartCFrame":[769.923,230.122,47.083,0.047,0,0.999,0,1,0,-0.999,0,0.047],"_humanoidState":5,"_cameraCFrame":[774.886,246.959,47.455,0.075,-0.949,0.308,0,0.309,0.951,-0.997,-0.071,0.023],"_shiftlockState":false,"_pose":"FreeFall","_animationQueue":[],"_animationSpeed":1,"_zoom":16.125},{"_mousePosition":[740,380],"_rootPartCFrame":[769.657,230.181,47.063,0.051,0,0.999,0,1,0,-0.999,0,0.051],"_humanoidState":5,"_cameraCFrame":[774.588,247.028,47.458,0.08,-0.949,0.306,0,0.307,0.952,-0.997,-0.076,0.025],"_shiftlockState":false,"_pose":"FreeFall","_animationQueue":[],"_animationSpeed":1,"_zoom":16.125},{"_mousePosition":[740,380],"_rootPartCFrame":[769.324,230.178,47.038,0.055,0,0.998,0,1,0,-0.998,0,0.055],"_humanoidState":5,"_cameraCFrame":[774.224,247.035,47.455,0.085,-0.949,0.304,0,0.305,0.952,-0.996,-0.081,0.026],"_shiftlockState":false,"_pose":"FreeFall","_animationQueue":[],"_animationSpeed":1,"_zoom":16.125},{"_mousePosition":[740,380],"_rootPartCFrame":[769.125,230.135,47.022,0.057,0,0.998,0,1,0,-0.998,0,0.057],"_humanoidState":5,"_cameraCFrame":[773.963,247.011,47.459,0.09,-0.95,0.3,0,0.301,0.954,-0.996,-0.086,0.027],"_shiftlockState":false,"_pose":"FreeFall","_animationQueue":[],"_animationSpeed":1,"_zoom":16.125},{"_mousePosition":[740,380],"_rootPartCFrame":[768.793,229.996,46.994,0.062,0,0.998,0,1,0,-0.998,0,0.062],"_humanoidState":5,"_cameraCFrame":[773.569,246.891,47.45,0.095,-0.95,0.296,0,0.298,0.955,-0.995,-0.091,0.028],"_shiftlockState":false,"_pose":"FreeFall","_animationQueue":[],"_animationSpeed":1,"_zoom":16.125},{"_mousePosition":[740,380],"_rootPartCFrame":[768.527,229.823,46.97,0.066,0,0.998,0,1,0,-0.998,0,0.066],"_humanoidState":5,"_cameraCFrame":[773.268,246.727,47.471,0.105,-0.95,0.294,0,0.296,0.955,-0.994,-0.1,0.031],"_shiftlockState":false,"_pose":"FreeFall","_animationQueue":[],"_animationSpeed":1,"_zoom":16.125},{"_mousePosition":[740,380],"_rootPartCFrame":[768.262,229.596,46.945,0.069,0,0.998,0,1,0,-0.998,0,0.069],"_humanoidState":5,"_cameraCFrame":[772.938,246.519,47.487,0.115,-0.95,0.29,0,0.292,0.956,-0.993,-0.11,0.034],"_shiftlockState":false,"_pose":"FreeFall","_animationQueue":[],"_animationSpeed":1,"_zoom":16.125},{"_mousePosition":[740,380],"_rootPartCFrame":[767.997,229.315,46.917,0.074,0,0.997,0,1,0,-0.997,0,0.074],"_humanoidState":5,"_cameraCFrame":[772.637,246.246,47.503,0.125,-0.949,0.288,0,0.29,0.957,-0.992,-0.12,0.036],"_shiftlockState":false,"_pose":"FreeFall","_animationQueue":[["fall",0.3]],"_animationSpeed":1,"_zoom":16.125},{"_mousePosition":[740,380],"_rootPartCFrame":[767.732,228.979,46.887,0.079,0,0.997,0,1,0,-0.997,0,0.079],"_humanoidState":5,"_cameraCFrame":[772.338,245.919,47.504,0.133,-0.949,0.286,0,0.288,0.958,-0.991,-0.127,0.038],"_shiftlockState":false,"_pose":"FreeFall","_animationQueue":[],"_animationSpeed":1,"_zoom":16.125},{"_mousePosition":[740,380],"_rootPartCFrame":[767.467,228.588,46.854,0.085,0,0.996,0,1,0,-0.996,0,0.085],"_humanoidState":5,"_cameraCFrame":[772.072,245.529,47.482,0.135,-0.949,0.286,0,0.288,0.958,-0.991,-0.129,0.039],"_shiftlockState":false,"_pose":"FreeFall","_animationQueue":[],"_animationSpeed":1,"_zoom":16.125},{"_mousePosition":[740,380],"_rootPartCFrame":[767.269,228.259,46.828,0.09,0,0.996,0,1,0,-0.996,0,0.09],"_humanoidState":5,"_cameraCFrame":[771.872,245.2,47.468,0.138,-0.948,0.285,0,0.288,0.958,-0.99,-0.132,0.04],"_shiftlockState":false,"_pose":"FreeFall","_animationQueue":[],"_animationSpeed":1,"_zoom":16.125},{"_mousePosition":[740,380],"_rootPartCFrame":[766.939,227.643,46.783,0.097,0,0.995,0,1,0,-0.995,0,0.097],"_humanoidState":5,"_cameraCFrame":[771.509,244.593,47.442,0.143,-0.948,0.283,0,0.286,0.958,-0.99,-0.137,0.041],"_shiftlockState":false,"_pose":"FreeFall","_animationQueue":[],"_animationSpeed":1,"_zoom":16.125},{"_mousePosition":[740,380],"_rootPartCFrame":[766.74,227.233,46.755,0.102,0,0.995,0,1,0,-0.995,0,0.102],"_humanoidState":5,"_cameraCFrame":[771.244,244.2,47.451,0.153,-0.948,0.279,0,0.283,0.959,-0.988,-0.147,0.043],"_shiftlockState":false,"_pose":"FreeFall","_animationQueue":[],"_animationSpeed":1,"_zoom":16.125},{"_mousePosition":[740,380],"_rootPartCFrame":[766.477,226.638,46.718,0.107,0,0.994,0,1,0,-0.994,0,0.107],"_humanoidState":5,"_cameraCFrame":[770.91,243.623,47.472,0.168,-0.947,0.275,0,0.279,0.96,-0.986,-0.161,0.047],"_shiftlockState":false,"_pose":"FreeFall","_animationQueue":[],"_animationSpeed":1,"_zoom":16.125},{"_mousePosition":[740,380],"_rootPartCFrame":[766.147,225.817,46.667,0.115,0,0.993,0,1,0,-0.993,0,0.115],"_humanoidState":5,"_cameraCFrame":[770.503,242.82,47.511,0.19,-0.944,0.27,0,0.275,0.961,-0.982,-0.183,0.052],"_shiftlockState":false,"_pose":"FreeFall","_animationQueue":[["fall",0.3]],"_animationSpeed":1,"_zoom":16.125},{"_mousePosition":[740,380],"_rootPartCFrame":[765.884,225.1,46.623,0.121,0,0.993,0,1,0,-0.993,0,0.121],"_humanoidState":5,"_cameraCFrame":[770.158,242.12,47.563,0.215,-0.94,0.265,0,0.271,0.962,-0.977,-0.207,0.058],"_shiftlockState":false,"_pose":"FreeFall","_animationQueue":[],"_animationSpeed":1,"_zoom":16.125},{"_mousePosition":[740,380],"_rootPartCFrame":[765.688,224.526,46.586,0.128,0,0.992,0,1,0,-0.992,0,0.128],"_humanoidState":5,"_cameraCFrame":[769.88,241.563,47.609,0.237,-0.936,0.26,0,0.268,0.964,-0.971,-0.228,0.063],"_shiftlockState":false,"_pose":"FreeFall","_animationQueue":[],"_animationSpeed":1,"_zoom":16.125},{"_mousePosition":[740,380],"_rootPartCFrame":[765.427,223.713,46.529,0.138,0,0.99,0,1,0,-0.99,0,0.138],"_humanoidState":5,"_cameraCFrame":[769.539,240.766,47.622,0.257,-0.932,0.255,0,0.264,0.965,-0.966,-0.248,0.068],"_shiftlockState":false,"_pose":"FreeFall","_animationQueue":[],"_animationSpeed":1,"_zoom":16.125},{"_mousePosition":[740,380],"_rootPartCFrame":[765.103,222.62,46.451,0.154,0,0.988,0,1,0,-0.988,0,0.154],"_humanoidState":7,"_cameraCFrame":[769.137,239.69,47.6,0.274,-0.929,0.25,0,0.26,0.966,-0.962,-0.264,0.071],"_shiftlockState":false,"_pose":"FreeFall","_animationQueue":[["walk",0.1],["fall",0.3],["fall",0.3]],"_animationSpeed":1,"_zoom":16.125},{"_mousePosition":[740,380],"_rootPartCFrame":[764.909,222.433,46.401,0.164,0,0.986,0,1,0,-0.986,0,0.164],"_humanoidState":7,"_cameraCFrame":[768.902,239.511,47.581,0.284,-0.926,0.248,0,0.258,0.966,-0.959,-0.274,0.073],"_shiftlockState":false,"_pose":"FreeFall","_animationQueue":[],"_animationSpeed":1,"_zoom":16.125},{"_mousePosition":[740,380],"_rootPartCFrame":[764.589,222.527,46.31,0.183,0,0.983,0,1,0,-0.983,0,0.183],"_humanoidState":8,"_cameraCFrame":[768.576,239.605,47.511,0.288,-0.925,0.247,0,0.258,0.966,-0.958,-0.279,0.074],"_shiftlockState":false,"_pose":"Running","_animationQueue":[["walk",0.1],["fall",0.3],["walk",0.1]],"_animationSpeed":1.103,"_zoom":16.125},{"_mousePosition":[740,380],"_rootPartCFrame":[764.333,222.597,46.235,0.197,0,0.98,0,1,0,-0.98,0,0.197],"_humanoidState":8,"_cameraCFrame":[768.32,239.675,47.436,0.288,-0.925,0.247,0,0.258,0.966,-0.958,-0.279,0.074],"_shiftlockState":false,"_pose":"Running","_animationQueue":[["walk",0.1]],"_animationSpeed":1.103,"_zoom":16.125},{"_mousePosition":[740,380],"_rootPartCFrame":[764.077,222.638,46.158,0.209,0,0.978,0,1,0,-0.978,0,0.209],"_humanoidState":8,"_cameraCFrame":[768.064,239.716,47.359,0.288,-0.925,0.247,0,0.258,0.966,-0.958,-0.279,0.074],"_shiftlockState":false,"_pose":"Running","_animationQueue":[],"_animationSpeed":1.103,"_zoom":16.125},{"_mousePosition":[740,380],"_rootPartCFrame":[763.758,223.721,46.062,0.225,0,0.974,0,1,0,-0.974,0,0.225],"_humanoidState":3,"_cameraCFrame":[767.745,240.799,47.263,0.288,-0.925,0.247,0,0.258,0.966,-0.958,-0.279,0.074],"_shiftlockState":false,"_pose":"Jumping","_animationQueue":[["walk",0.1],["jump",0.1]],"_animationSpeed":1,"_zoom":16.125},{"_mousePosition":[740,380],"_rootPartCFrame":[763.567,224.333,46.004,0.232,0,0.973,0,1,0,-0.973,0,0.232],"_humanoidState":5,"_cameraCFrame":[767.554,241.411,47.205,0.288,-0.925,0.247,0,0.258,0.966,-0.958,-0.279,0.074],"_shiftlockState":false,"_pose":"FreeFall","_animationQueue":[["jump",0.1]],"_animationSpeed":1,"_zoom":16.125},{"_mousePosition":[740,380],"_rootPartCFrame":[763.311,225.1,45.928,0.24,0,0.971,0,1,0,-0.971,0,0.24],"_humanoidState":5,"_cameraCFrame":[767.266,242.186,47.129,0.291,-0.925,0.245,0,0.256,0.967,-0.957,-0.281,0.075],"_shiftlockState":false,"_pose":"FreeFall","_animationQueue":[],"_animationSpeed":1,"_zoom":16.125},{"_mousePosition":[740,380],"_rootPartCFrame":[762.992,225.983,45.831,0.249,0,0.969,0,1,0,-0.969,0,0.249],"_humanoidState":5,"_cameraCFrame":[766.947,243.069,47.033,0.291,-0.925,0.245,0,0.256,0.967,-0.957,-0.281,0.075],"_shiftlockState":false,"_pose":"FreeFall","_animationQueue":[],"_animationSpeed":1,"_zoom":16.125},{"_mousePosition":[740,380],"_rootPartCFrame":[762.801,226.472,45.773,0.253,0,0.967,0,1,0,-0.967,0,0.253],"_humanoidState":5,"_cameraCFrame":[766.755,243.558,46.975,0.291,-0.925,0.245,0,0.256,0.967,-0.957,-0.281,0.075],"_shiftlockState":false,"_pose":"FreeFall","_animationQueue":[],"_animationSpeed":1,"_zoom":16.125},{"_mousePosition":[740,380],"_rootPartCFrame":[762.545,227.076,45.696,0.259,0,0.966,0,1,0,-0.966,0,0.259],"_humanoidState":5,"_cameraCFrame":[766.5,244.162,46.898,0.291,-0.925,0.245,0,0.256,0.967,-0.957,-0.281,0.075],"_shiftlockState":false,"_pose":"FreeFall","_animationQueue":[],"_animationSpeed":1,"_zoom":16.125},{"_mousePosition":[740,380],"_rootPartCFrame":[762.29,227.625,45.618,0.263,0,0.965,0,1,0,-0.965,0,0.263],"_humanoidState":5,"_cameraCFrame":[766.219,244.72,46.801,0.288,-0.926,0.244,0,0.254,0.967,-0.958,-0.279,0.073],"_shiftlockState":false,"_pose":"FreeFall","_animationQueue":[],"_animationSpeed":1,"_zoom":16.125},{"_mousePosition":[740,380],"_rootPartCFrame":[762.035,228.12,45.541,0.267,0,0.964,0,1,0,-0.964,0,0.267],"_humanoidState":5,"_cameraCFrame":[765.97,245.215,46.704,0.284,-0.927,0.244,0,0.254,0.967,-0.959,-0.274,0.072],"_shiftlockState":false,"_pose":"FreeFall","_animationQueue":[],"_animationSpeed":1,"_zoom":16.125},{"_mousePosition":[740,380],"_rootPartCFrame":[761.78,228.561,45.464,0.27,0,0.963,0,1,0,-0.963,0,0.27],"_humanoidState":5,"_cameraCFrame":[765.691,245.663,46.599,0.279,-0.929,0.243,0,0.253,0.968,-0.96,-0.27,0.07],"_shiftlockState":false,"_pose":"FreeFall","_animationQueue":[],"_animationSpeed":1,"_zoom":16.125},{"_mousePosition":[740,380],"_rootPartCFrame":[761.524,228.947,45.388,0.272,0,0.962,0,1,0,-0.962,0,0.272],"_humanoidState":5,"_cameraCFrame":[765.45,246.049,46.473,0.266,-0.933,0.243,0,0.253,0.968,-0.964,-0.258,0.067],"_shiftlockState":false,"_pose":"FreeFall","_animationQueue":[],"_animationSpeed":1,"_zoom":16.125},{"_mousePosition":[740,380],"_rootPartCFrame":[761.268,229.278,45.313,0.274,0,0.962,0,1,0,-0.962,0,0.274],"_humanoidState":5,"_cameraCFrame":[765.204,246.381,46.359,0.257,-0.935,0.244,0,0.253,0.968,-0.966,-0.248,0.065],"_shiftlockState":false,"_pose":"FreeFall","_animationQueue":[],"_animationSpeed":1,"_zoom":16.125},{"_mousePosition":[740,380],"_rootPartCFrame":[760.947,229.616,45.224,0.273,0,0.962,0,1,0,-0.962,0,0.273],"_humanoidState":5,"_cameraCFrame":[764.862,246.726,46.232,0.249,-0.937,0.243,0,0.251,0.968,-0.968,-0.241,0.063],"_shiftlockState":false,"_pose":"FreeFall","_animationQueue":[],"_animationSpeed":1,"_zoom":16.125},{"_mousePosition":[740,380],"_rootPartCFrame":[760.754,229.778,45.172,0.272,0,0.962,0,1,0,-0.962,0,0.272],"_humanoidState":5,"_cameraCFrame":[764.678,246.888,46.141,0.24,-0.94,0.243,0,0.251,0.968,-0.971,-0.232,0.06],"_shiftlockState":false,"_pose":"FreeFall","_animationQueue":[],"_animationSpeed":1,"_zoom":16.125},{"_mousePosition":[740,380],"_rootPartCFrame":[760.496,229.946,45.106,0.269,0,0.963,0,1,0,-0.963,0,0.269],"_humanoidState":5,"_cameraCFrame":[764.43,247.056,46.034,0.23,-0.942,0.244,0,0.251,0.968,-0.973,-0.222,0.058],"_shiftlockState":false,"_pose":"FreeFall","_animationQueue":[],"_animationSpeed":1,"_zoom":16.125},{"_mousePosition":[740,380],"_rootPartCFrame":[760.172,230.079,45.025,0.265,0,0.964,0,1,0,-0.964,0,0.265],"_humanoidState":5,"_cameraCFrame":[764.109,247.189,45.944,0.227,-0.943,0.244,0,0.251,0.968,-0.974,-0.22,0.057],"_shiftlockState":false,"_pose":"FreeFall","_animationQueue":[],"_animationSpeed":1,"_zoom":16.125},{"_mousePosition":[740,380],"_rootPartCFrame":[759.913,230.125,44.964,0.26,0,0.966,0,1,0,-0.966,0,0.26],"_humanoidState":5,"_cameraCFrame":[763.849,247.235,45.882,0.227,-0.943,0.244,0,0.251,0.968,-0.974,-0.22,0.057],"_shiftlockState":false,"_pose":"FreeFall","_animationQueue":[],"_animationSpeed":1,"_zoom":16.125},{"_mousePosition":[740,380],"_rootPartCFrame":[759.653,230.116,44.903,0.256,0,0.967,0,1,0,-0.967,0,0.256],"_humanoidState":5,"_cameraCFrame":[763.59,247.226,45.822,0.227,-0.943,0.244,0,0.251,0.968,-0.974,-0.22,0.057],"_shiftlockState":false,"_pose":"FreeFall","_animationQueue":[],"_animationSpeed":1,"_zoom":16.125},{"_mousePosition":[740,380],"_rootPartCFrame":[759.458,230.333,44.858,0.253,0,0.968,0,1,0,-0.968,0,0.253],"_humanoidState":7,"_cameraCFrame":[763.395,247.443,45.776,0.227,-0.943,0.244,0,0.251,0.968,-0.974,-0.22,0.057],"_shiftlockState":false,"_pose":"FreeFall","_animationQueue":[["walk",0.1]],"_animationSpeed":1.103,"_zoom":16.125},{"_mousePosition":[740,380],"_rootPartCFrame":[759.198,230.664,44.797,0.249,0,0.968,0,1,0,-0.968,0,0.249],"_humanoidState":7,"_cameraCFrame":[763.135,247.775,45.716,0.227,-0.943,0.244,0,0.251,0.968,-0.974,-0.22,0.057],"_shiftlockState":false,"_pose":"FreeFall","_animationQueue":[["fall",0.3]],"_animationSpeed":1,"_zoom":16.125},{"_mousePosition":[740,380],"_rootPartCFrame":[758.939,230.879,44.736,0.246,0,0.969,0,1,0,-0.969,0,0.246],"_humanoidState":7,"_cameraCFrame":[762.875,247.989,45.655,0.227,-0.943,0.244,0,0.251,0.968,-0.974,-0.22,0.057],"_shiftlockState":false,"_pose":"FreeFall","_animationQueue":[],"_animationSpeed":1,"_zoom":16.125},{"_mousePosition":[740,380],"_rootPartCFrame":[758.614,231.032,44.661,0.243,0,0.97,0,1,0,-0.97,0,0.243],"_humanoidState":8,"_cameraCFrame":[762.551,248.142,45.579,0.227,-0.943,0.244,0,0.251,0.968,-0.974,-0.22,0.057],"_shiftlockState":false,"_pose":"Running","_animationQueue":[["walk",0.1],["fall",0.3],["walk",0.1]],"_animationSpeed":1.103,"_zoom":16.125},{"_mousePosition":[740,380],"_rootPartCFrame":[758.354,231.094,44.6,0.241,0,0.971,0,1,0,-0.971,0,0.241],"_humanoidState":8,"_cameraCFrame":[762.291,248.204,45.519,0.227,-0.943,0.244,0,0.251,0.968,-0.974,-0.22,0.057],"_shiftlockState":false,"_pose":"Running","_animationQueue":[],"_animationSpeed":1.103,"_zoom":16.125},{"_mousePosition":[740,380],"_rootPartCFrame":[758.095,231.128,44.539,0.239,0,0.971,0,1,0,-0.971,0,0.239],"_humanoidState":8,"_cameraCFrame":[762.031,248.238,45.458,0.227,-0.943,0.244,0,0.251,0.968,-0.974,-0.22,0.057],"_shiftlockState":false,"_pose":"Running","_animationQueue":[],"_animationSpeed":1.103,"_zoom":16.125},{"_mousePosition":[740,380],"_rootPartCFrame":[757.835,231.14,44.479,0.237,0,0.971,0,1,0,-0.971,0,0.237],"_humanoidState":8,"_cameraCFrame":[761.776,248.25,45.377,0.222,-0.944,0.244,0,0.251,0.968,-0.975,-0.215,0.056],"_shiftlockState":false,"_pose":"Running","_animationQueue":[],"_animationSpeed":1.103,"_zoom":16.125},{"_mousePosition":[740,380],"_rootPartCFrame":[757.576,231.145,44.418,0.236,0,0.972,0,1,0,-0.972,0,0.236],"_humanoidState":8,"_cameraCFrame":[761.496,248.263,45.27,0.212,-0.946,0.243,0,0.249,0.969,-0.977,-0.206,0.053],"_shiftlockState":false,"_pose":"Running","_animationQueue":[["walk",0.1]],"_animationSpeed":1.103,"_zoom":16.125},{"_mousePosition":[740,380],"_rootPartCFrame":[757.315,231.147,44.359,0.234,0,0.972,0,1,0,-0.972,0,0.234],"_humanoidState":8,"_cameraCFrame":[761.193,248.281,45.12,0.193,-0.951,0.24,0,0.245,0.97,-0.981,-0.187,0.047],"_shiftlockState":false,"_pose":"Running","_animationQueue":[],"_animationSpeed":1.103,"_zoom":16.125},{"_mousePosition":[740,380],"_rootPartCFrame":[757.055,231.148,44.302,0.231,0,0.973,0,1,0,-0.973,0,0.231],"_humanoidState":8,"_cameraCFrame":[760.893,248.297,44.935,0.163,-0.958,0.238,0,0.241,0.97,-0.987,-0.158,0.039],"_shiftlockState":false,"_pose":"Running","_animationQueue":[],"_animationSpeed":1.103,"_zoom":16.125},{"_mousePosition":[740,380],"_rootPartCFrame":[756.793,231.149,44.25,0.226,0,0.974,0,1,0,-0.974,0,0.226],"_humanoidState":8,"_cameraCFrame":[760.595,248.313,44.71,0.12,-0.964,0.236,0,0.237,0.971,-0.993,-0.117,0.029],"_shiftlockState":false,"_pose":"Running","_animationQueue":[],"_animationSpeed":1.103,"_zoom":16.125},{"_mousePosition":[740,380],"_rootPartCFrame":[756.53,231.149,44.206,0.218,0,0.976,0,1,0,-0.976,0,0.218],"_humanoidState":8,"_cameraCFrame":[760.289,248.328,44.469,0.07,-0.97,0.233,0,0.234,0.972,-0.998,-0.068,0.016],"_shiftlockState":false,"_pose":"Running","_animationQueue":[],"_animationSpeed":1.103,"_zoom":16.125},{"_mousePosition":[740,380],"_rootPartCFrame":[756.266,231.149,44.173,0.206,0,0.979,0,1,0,-0.979,0,0.206],"_humanoidState":8,"_cameraCFrame":[760.033,248.328,44.245,0.019,-0.972,0.234,0,0.234,0.972,-1,-0.019,0.004],"_shiftlockState":false,"_pose":"Running","_animationQueue":[],"_animationSpeed":1.103,"_zoom":16.125},{"_mousePosition":[740,380],"_rootPartCFrame":[756,231.15,44.153,0.188,0,0.982,0,1,0,-0.982,0,0.188],"_humanoidState":8,"_cameraCFrame":[759.736,248.335,44.055,-0.026,-0.972,0.232,0,0.232,0.973,-1,0.026,-0.006],"_shiftlockState":false,"_pose":"Running","_animationQueue":[],"_animationSpeed":1.103,"_zoom":16.125},{"_mousePosition":[740,380],"_rootPartCFrame":[755.733,231.15,44.147,0.166,0,0.986,0,1,0,-0.986,0,0.166],"_humanoidState":8,"_cameraCFrame":[759.462,248.335,43.898,-0.067,-0.971,0.231,0,0.232,0.973,-0.998,0.065,-0.015],"_shiftlockState":false,"_pose":"Running","_animationQueue":[["walk",0.1]],"_animationSpeed":1.103,"_zoom":16.125},{"_mousePosition":[740,380],"_rootPartCFrame":[755.467,231.155,44.153,0.141,0,0.99,0,1,0,-0.99,0,0.141],"_humanoidState":8,"_cameraCFrame":[759.184,248.341,43.762,-0.105,-0.967,0.231,0,0.232,0.973,-0.995,0.102,-0.024],"_shiftlockState":false,"_pose":"Running","_animationQueue":[],"_animationSpeed":1.103,"_zoom":16.125},{"_mousePosition":[740,380],"_rootPartCFrame":[755.201,231.16,44.17,0.114,0,0.993,0,1,0,-0.993,0,0.114],"_humanoidState":8,"_cameraCFrame":[758.904,248.346,43.667,-0.135,-0.964,0.23,0,0.232,0.973,-0.991,0.131,-0.031],"_shiftlockState":false,"_pose":"Running","_animationQueue":[],"_animationSpeed":1.103,"_zoom":16.125},{"_mousePosition":[740,380],"_rootPartCFrame":[754.935,231.163,44.197,0.085,0,0.996,0,1,0,-0.996,0,0.085],"_humanoidState":8,"_cameraCFrame":[758.615,248.349,43.544,-0.175,-0.958,0.228,0,0.232,0.973,-0.985,0.17,-0.041],"_shiftlockState":false,"_pose":"Running","_animationQueue":[],"_animationSpeed":1.103,"_zoom":16.125},{"_mousePosition":[740,380],"_rootPartCFrame":[754.671,231.124,44.233,0.056,0,0.998,0,1,0,-0.998,0,0.056],"_humanoidState":8,"_cameraCFrame":[758.335,248.31,43.496,-0.197,-0.954,0.227,0,0.232,0.973,-0.98,0.192,-0.046],"_shiftlockState":false,"_pose":"Running","_animationQueue":[],"_animationSpeed":1.103,"_zoom":16.125},{"_mousePosition":[740,380],"_rootPartCFrame":[754.408,231.124,44.278,0.025,0,1,0,1,0,-1,0,0.025],"_humanoidState":8,"_cameraCFrame":[758.089,248.303,43.47,-0.214,-0.95,0.228,0,0.234,0.972,-0.977,0.209,-0.05],"_shiftlockState":false,"_pose":"Running","_animationQueue":[],"_animationSpeed":1.103,"_zoom":16.125},{"_mousePosition":[740,380],"_rootPartCFrame":[754.08,232.195,44.336,-0.013,0,1,0,1,0,-1,0,-0.013],"_humanoidState":3,"_cameraCFrame":[757.752,249.373,43.491,-0.224,-0.948,0.228,0,0.234,0.972,-0.975,0.218,-0.052],"_shiftlockState":false,"_pose":"Jumping","_animationQueue":[["walk",0.1],["walk",0.1],["jump",0.1]],"_animationSpeed":1,"_zoom":16.125},{"_mousePosition":[740,380],"_rootPartCFrame":[753.884,232.796,44.378,-0.035,0,0.999,0,1,0,-0.999,0,-0.035],"_humanoidState":5,"_cameraCFrame":[757.552,249.974,43.514,-0.229,-0.946,0.227,0,0.234,0.972,-0.973,0.223,-0.054],"_shiftlockState":false,"_pose":"FreeFall","_animationQueue":[["jump",0.1]],"_animationSpeed":1,"_zoom":16.125},{"_mousePosition":[740,380],"_rootPartCFrame":[753.624,233.55,44.437,-0.061,0,0.998,0,1,0,-0.998,0,-0.061],"_humanoidState":5,"_cameraCFrame":[757.29,250.728,43.564,-0.232,-0.946,0.227,0,0.234,0.972,-0.973,0.225,-0.054],"_shiftlockState":false,"_pose":"FreeFall","_animationQueue":[],"_animationSpeed":1,"_zoom":16.125},{"_mousePosition":[740,380],"_rootPartCFrame":[753.365,234.249,44.498,-0.084,0,0.996,0,1,0,-0.996,0,-0.084],"_humanoidState":5,"_cameraCFrame":[757.055,251.42,43.599,-0.237,-0.944,0.229,0,0.236,0.972,-0.972,0.23,-0.056],"_shiftlockState":false,"_pose":"FreeFall","_animationQueue":[],"_animationSpeed":1,"_zoom":16.125},{"_mousePosition":[740,380],"_rootPartCFrame":[753.04,235.047,44.575,-0.11,0,0.994,0,1,0,-0.994,0,-0.11],"_humanoidState":5,"_cameraCFrame":[756.751,252.21,43.631,-0.246,-0.941,0.23,0,0.237,0.971,-0.969,0.239,-0.059],"_shiftlockState":false,"_pose":"FreeFall","_animationQueue":[],"_animationSpeed":1,"_zoom":16.125},{"_mousePosition":[740,380],"_rootPartCFrame":[752.846,235.484,44.622,-0.124,0,0.992,0,1,0,-0.992,0,-0.124],"_humanoidState":5,"_cameraCFrame":[756.569,252.641,43.605,-0.264,-0.937,0.231,0,0.239,0.971,-0.965,0.256,-0.063],"_shiftlockState":false,"_pose":"FreeFall","_animationQueue":[],"_animationSpeed":1,"_zoom":16.125},{"_mousePosition":[740,380],"_rootPartCFrame":[752.587,236.02,44.688,-0.141,0,0.99,0,1,0,-0.99,0,-0.141],"_humanoidState":5,"_cameraCFrame":[756.31,253.169,43.558,-0.29,-0.929,0.231,0,0.241,0.97,-0.957,0.282,-0.07],"_shiftlockState":false,"_pose":"FreeFall","_animationQueue":[],"_animationSpeed":1,"_zoom":16.125},{"_mousePosition":[740,380],"_rootPartCFrame":[752.266,236.613,44.775,-0.161,0,0.987,0,1,0,-0.987,0,-0.161],"_humanoidState":5,"_cameraCFrame":[755.952,253.762,43.533,-0.319,-0.92,0.229,0,0.241,0.97,-0.948,0.31,-0.077],"_shiftlockState":false,"_pose":"FreeFall","_animationQueue":[],"_animationSpeed":1,"_zoom":16.125},{"_mousePosition":[740,380],"_rootPartCFrame":[752.074,236.928,44.832,-0.174,0,0.985,0,1,0,-0.985,0,-0.174],"_humanoidState":5,"_cameraCFrame":[755.714,254.077,43.46,-0.353,-0.908,0.226,0,0.241,0.97,-0.936,0.342,-0.085],"_shiftlockState":false,"_pose":"FreeFall","_animationQueue":[],"_animationSpeed":1,"_zoom":16.125},{"_mousePosition":[740,380],"_rootPartCFrame":[751.821,237.301,44.916,-0.193,0,0.981,0,1,0,-0.981,0,-0.193],"_humanoidState":5,"_cameraCFrame":[755.419,254.442,43.358,-0.397,-0.89,0.223,0,0.243,0.97,-0.918,0.385,-0.097],"_shiftlockState":false,"_pose":"FreeFall","_animationQueue":[],"_animationSpeed":1,"_zoom":16.125},{"_mousePosition":[740,380],"_rootPartCFrame":[751.571,237.619,45.008,-0.214,0,0.977,0,1,0,-0.977,0,-0.214],"_humanoidState":5,"_cameraCFrame":[755.149,254.76,43.406,-0.409,-0.885,0.222,0,0.243,0.97,-0.913,0.397,-0.099],"_shiftlockState":false,"_pose":"FreeFall","_animationQueue":[],"_animationSpeed":1,"_zoom":16.125},{"_mousePosition":[740,380],"_rootPartCFrame":[751.325,237.882,45.113,-0.238,0,0.971,0,1,0,-0.971,0,-0.238],"_humanoidState":5,"_cameraCFrame":[754.849,255.023,43.393,-0.439,-0.872,0.218,0,0.243,0.97,-0.899,0.425,-0.107],"_shiftlockState":false,"_pose":"FreeFall","_animationQueue":[],"_animationSpeed":1,"_zoom":16.125},{"_mousePosition":[740,380],"_rootPartCFrame":[751.082,238.091,45.221,-0.262,0,0.965,0,1,0,-0.965,0,-0.262],"_humanoidState":5,"_cameraCFrame":[754.596,255.232,43.484,-0.443,-0.87,0.218,0,0.243,0.97,-0.896,0.43,-0.108],"_shiftlockState":false,"_pose":"FreeFall","_animationQueue":[],"_animationSpeed":1,"_zoom":16.125},{"_mousePosition":[740,380],"_rootPartCFrame":[750.782,238.276,45.366,-0.292,0,0.957,0,1,0,-0.957,0,-0.292],"_humanoidState":5,"_cameraCFrame":[754.319,255.409,43.606,-0.445,-0.868,0.219,0,0.245,0.97,-0.895,0.432,-0.109],"_shiftlockState":false,"_pose":"FreeFall","_animationQueue":[],"_animationSpeed":1,"_zoom":16.125},{"_mousePosition":[740,380],"_rootPartCFrame":[750.602,238.345,45.455,-0.308,0,0.951,0,1,0,-0.951,0,-0.308],"_humanoidState":5,"_cameraCFrame":[754.14,255.479,43.695,-0.445,-0.868,0.219,0,0.245,0.97,-0.895,0.432,-0.109],"_shiftlockState":false,"_pose":"FreeFall","_animationQueue":[],"_animationSpeed":1,"_zoom":16.125},{"_mousePosition":[740,380],"_rootPartCFrame":[750.364,238.391,45.573,-0.328,0,0.945,0,1,0,-0.945,0,-0.328],"_humanoidState":5,"_cameraCFrame":[753.933,255.516,43.809,-0.443,-0.869,0.221,0,0.247,0.969,-0.896,0.429,-0.109],"_shiftlockState":false,"_pose":"FreeFall","_animationQueue":[],"_animationSpeed":1,"_zoom":16.125},{"_mousePosition":[740,380],"_rootPartCFrame":[750.125,238.382,45.692,-0.345,0,0.939,0,1,0,-0.939,0,-0.345],"_humanoidState":5,"_cameraCFrame":[753.743,255.5,43.96,-0.432,-0.874,0.224,0,0.249,0.969,-0.902,0.418,-0.107],"_shiftlockState":false,"_pose":"FreeFall","_animationQueue":[],"_animationSpeed":1,"_zoom":16.125},{"_mousePosition":[740,380],"_rootPartCFrame":[749.886,238.318,45.81,-0.359,0,0.933,0,1,0,-0.933,0,-0.359],"_humanoidState":5,"_cameraCFrame":[753.551,255.436,44.179,-0.406,-0.885,0.227,0,0.249,0.969,-0.914,0.394,-0.101],"_shiftlockState":false,"_pose":"FreeFall","_animationQueue":[],"_animationSpeed":1,"_zoom":16.125},{"_mousePosition":[740,380],"_rootPartCFrame":[749.585,238.162,45.955,-0.372,0,0.928,0,1,0,-0.928,0,-0.372],"_humanoidState":5,"_cameraCFrame":[753.318,255.28,44.483,-0.367,-0.901,0.231,0,0.249,0.969,-0.93,0.355,-0.091],"_shiftlockState":false,"_pose":"FreeFall","_animationQueue":[],"_animationSpeed":1,"_zoom":16.125},{"_mousePosition":[740,380],"_rootPartCFrame":[749.403,238.239,46.037,-0.377,0,0.926,0,1,0,-0.926,0,-0.377],"_humanoidState":7,"_cameraCFrame":[753.208,255.357,44.766,-0.317,-0.919,0.236,0,0.249,0.969,-0.948,0.307,-0.079],"_shiftlockState":false,"_pose":"FreeFall","_animationQueue":[["walk",0.1]],"_animationSpeed":1.103,"_zoom":16.125},{"_mousePosition":[740,380],"_rootPartCFrame":[749.156,238.409,46.136,-0.378,0,0.926,0,1,0,-0.926,0,-0.378],"_humanoidState":7,"_cameraCFrame":[753.049,255.527,45.167,-0.242,-0.94,0.241,0,0.249,0.969,-0.97,0.234,-0.06],"_shiftlockState":false,"_pose":"FreeFall","_animationQueue":[["fall",0.3]],"_animationSpeed":1,"_zoom":16.125},{"_mousePosition":[740,380],"_rootPartCFrame":[748.84,238.55,46.244,-0.37,0,0.929,0,1,0,-0.929,0,-0.37],"_humanoidState":8,"_cameraCFrame":[752.775,255.667,45.463,-0.195,-0.95,0.244,0,0.249,0.969,-0.981,0.189,-0.048],"_shiftlockState":false,"_pose":"Running","_animationQueue":[["walk",0.1],["fall",0.3],["walk",0.1]],"_animationSpeed":1.103,"_zoom":16.125},{"_mousePosition":[740,380],"_rootPartCFrame":[748.582,238.612,46.31,-0.354,0,0.935,0,1,0,-0.935,0,-0.354],"_humanoidState":8,"_cameraCFrame":[752.539,255.73,45.649,-0.165,-0.955,0.245,0,0.249,0.969,-0.986,0.16,-0.041],"_shiftlockState":false,"_pose":"Running","_animationQueue":[],"_animationSpeed":1.103,"_zoom":16.125},{"_mousePosition":[740,380],"_rootPartCFrame":[748.321,238.644,46.363,-0.333,0,0.943,0,1,0,-0.943,0,-0.333],"_humanoidState":8,"_cameraCFrame":[752.282,255.762,45.732,-0.157,-0.956,0.246,0,0.249,0.969,-0.988,0.152,-0.039],"_shiftlockState":false,"_pose":"Running","_animationQueue":[],"_animationSpeed":1.103,"_zoom":16.125},{"_mousePosition":[740,380],"_rootPartCFrame":[748.058,238.664,46.407,-0.311,0,0.95,0,1,0,-0.95,0,-0.311],"_humanoidState":8,"_cameraCFrame":[752.02,255.782,45.776,-0.157,-0.956,0.246,0,0.249,0.969,-0.988,0.152,-0.039],"_shiftlockState":false,"_pose":"Running","_animationQueue":[],"_animationSpeed":1.103,"_zoom":16.125},{"_mousePosition":[740,380],"_rootPartCFrame":[747.794,238.679,46.449,-0.291,0,0.957,0,1,0,-0.957,0,-0.291],"_humanoidState":8,"_cameraCFrame":[751.756,255.797,45.818,-0.157,-0.956,0.246,0,0.249,0.969,-0.988,0.152,-0.039],"_shiftlockState":false,"_pose":"Running","_animationQueue":[],"_animationSpeed":1.103,"_zoom":16.125},{"_mousePosition":[740,380],"_rootPartCFrame":[747.531,238.688,46.491,-0.273,0,0.962,0,1,0,-0.962,0,-0.273],"_humanoidState":8,"_cameraCFrame":[751.493,255.806,45.86,-0.157,-0.956,0.246,0,0.249,0.969,-0.988,0.152,-0.039],"_shiftlockState":false,"_pose":"Running","_animationQueue":[],"_animationSpeed":1.103,"_zoom":16.125},{"_mousePosition":[740,380],"_rootPartCFrame":[747.268,238.694,46.533,-0.258,0,0.966,0,1,0,-0.966,0,-0.258],"_humanoidState":8,"_cameraCFrame":[751.23,255.812,45.902,-0.157,-0.956,0.246,0,0.249,0.969,-0.988,0.152,-0.039],"_shiftlockState":false,"_pose":"Running","_animationQueue":[["walk",0.1]],"_animationSpeed":1.103,"_zoom":16.125},{"_mousePosition":[740,380],"_rootPartCFrame":[747.004,238.696,46.575,-0.244,0,0.97,0,1,0,-0.97,0,-0.244],"_humanoidState":8,"_cameraCFrame":[750.966,255.814,45.944,-0.157,-0.956,0.246,0,0.249,0.969,-0.988,0.152,-0.039],"_shiftlockState":false,"_pose":"Running","_animationQueue":[],"_animationSpeed":1.103,"_zoom":16.125},{"_mousePosition":[740,380],"_rootPartCFrame":[746.741,238.698,46.617,-0.233,0,0.973,0,1,0,-0.973,0,-0.233],"_humanoidState":8,"_cameraCFrame":[750.703,255.816,45.986,-0.157,-0.956,0.246,0,0.249,0.969,-0.988,0.152,-0.039],"_shiftlockState":false,"_pose":"Running","_animationQueue":[],"_animationSpeed":1.103,"_zoom":16.125},{"_mousePosition":[740,380],"_rootPartCFrame":[746.478,238.699,46.659,-0.223,0,0.975,0,1,0,-0.975,0,-0.223],"_humanoidState":8,"_cameraCFrame":[750.44,255.817,46.028,-0.157,-0.956,0.246,0,0.249,0.969,-0.988,0.152,-0.039],"_shiftlockState":false,"_pose":"Running","_animationQueue":[],"_animationSpeed":1.103,"_zoom":16.125},{"_mousePosition":[740,380],"_rootPartCFrame":[746.215,238.699,46.701,-0.214,0,0.977,0,1,0,-0.977,0,-0.214],"_humanoidState":8,"_cameraCFrame":[750.176,255.817,46.07,-0.157,-0.956,0.246,0,0.249,0.969,-0.988,0.152,-0.039],"_shiftlockState":false,"_pose":"Running","_animationQueue":[],"_animationSpeed":1.103,"_zoom":16.125},{"_mousePosition":[740,380],"_rootPartCFrame":[745.951,238.699,46.743,-0.206,0,0.979,0,1,0,-0.979,0,-0.206],"_humanoidState":8,"_cameraCFrame":[749.916,255.817,46.132,-0.152,-0.957,0.246,0,0.249,0.969,-0.988,0.148,-0.038],"_shiftlockState":false,"_pose":"Running","_animationQueue":[],"_animationSpeed":1.103,"_zoom":16.125},{"_mousePosition":[740,380],"_rootPartCFrame":[745.688,238.699,46.785,-0.2,0,0.98,0,1,0,-0.98,0,-0.2],"_humanoidState":8,"_cameraCFrame":[749.653,255.817,46.174,-0.152,-0.957,0.246,0,0.249,0.969,-0.988,0.148,-0.038],"_shiftlockState":false,"_pose":"Running","_animationQueue":[["walk",0.1]],"_animationSpeed":1.103,"_zoom":16.125},{"_mousePosition":[740,380],"_rootPartCFrame":[745.424,238.7,46.826,-0.193,0,0.981,0,1,0,-0.981,0,-0.193],"_humanoidState":8,"_cameraCFrame":[749.393,255.817,46.235,-0.147,-0.958,0.246,0,0.249,0.969,-0.989,0.143,-0.037],"_shiftlockState":false,"_pose":"Running","_animationQueue":[],"_animationSpeed":1.103,"_zoom":16.125},{"_mousePosition":[740,380],"_rootPartCFrame":[745.161,238.7,46.866,-0.188,0,0.982,0,1,0,-0.982,0,-0.188],"_humanoidState":8,"_cameraCFrame":[749.161,255.81,46.281,-0.145,-0.958,0.248,0,0.251,0.968,-0.989,0.14,-0.036],"_shiftlockState":false,"_pose":"Running","_animationQueue":[],"_animationSpeed":1.103,"_zoom":16.125},{"_mousePosition":[740,380],"_rootPartCFrame":[744.897,238.7,46.906,-0.182,0,0.983,0,1,0,-0.983,0,-0.182],"_humanoidState":8,"_cameraCFrame":[748.9,255.81,46.341,-0.14,-0.959,0.248,0,0.251,0.968,-0.99,0.135,-0.035],"_shiftlockState":false,"_pose":"Running","_animationQueue":[],"_animationSpeed":1.103,"_zoom":16.125},{"_mousePosition":[740,380],"_rootPartCFrame":[744.633,238.683,46.944,-0.177,0,0.984,0,1,0,-0.984,0,-0.177],"_humanoidState":8,"_cameraCFrame":[748.67,255.785,46.406,-0.132,-0.959,0.25,0,0.253,0.968,-0.991,0.128,-0.033],"_shiftlockState":false,"_pose":"Running","_animationQueue":[],"_animationSpeed":1.103,"_zoom":16.125},{"_mousePosition":[740,380],"_rootPartCFrame":[744.369,238.684,46.982,-0.172,0,0.985,0,1,0,-0.985,0,-0.172],"_humanoidState":8,"_cameraCFrame":[748.442,255.778,46.48,-0.122,-0.96,0.253,0,0.254,0.967,-0.993,0.118,-0.031],"_shiftlockState":false,"_pose":"Running","_animationQueue":[],"_animationSpeed":1.103,"_zoom":16.125},{"_mousePosition":[740,380],"_rootPartCFrame":[744.105,238.685,47.017,-0.167,0,0.986,0,1,0,-0.986,0,-0.167],"_humanoidState":8,"_cameraCFrame":[748.243,255.763,46.55,-0.112,-0.96,0.257,0,0.258,0.966,-0.994,0.108,-0.029],"_shiftlockState":false,"_pose":"Running","_animationQueue":[],"_animationSpeed":1.103,"_zoom":16.125},{"_mousePosition":[740,380],"_rootPartCFrame":[743.84,238.669,47.05,-0.161,0,0.987,0,1,0,-0.987,0,-0.161],"_humanoidState":8,"_cameraCFrame":[748.043,255.731,46.619,-0.102,-0.96,0.261,0,0.262,0.965,-0.995,0.099,-0.027],"_shiftlockState":false,"_pose":"Running","_animationQueue":[["walk",0.1]],"_animationSpeed":1.103,"_zoom":16.125},{"_mousePosition":[740,380],"_rootPartCFrame":[743.575,238.673,47.08,-0.155,0,0.988