[{"_mousePosition":[628,387],"_rootPartCFrame":[776.028,222.7,47.142,0,0,1,0,1,0,-1,0,0],"_humanoidState":8,"_cameraCFrame":[776.566,243.584,43.397,-0.99,-0.14,0.027,0,0.192,0.981,-0.142,0.972,-0.19],"_shiftlockState":false,"_pose":"Standing","_animationQueue":[],"_animationSpeed":1,"_zoom":16.125},{"_mousePosition":[628,387],"_rootPartCFrame":[775.783,222.7,47.112,0.017,0,1,0,1,0,-1,0,0.017],"_humanoidState":8,"_cameraCFrame":[776.403,243.598,43.457,-0.986,-0.164,0.031,0,0.188,0.982,-0.167,0.968,-0.185],"_shiftlockState":false,"_pose":"Standing","_animationQueue":[],"_animationSpeed":1,"_zoom":16.125},{"_mousePosition":[628,387],"_rootPartCFrame":[775.52,222.7,47.075,0.034,0,0.999,0,1,0,-0.999,0,0.034],"_humanoidState":8,"_cameraCFrame":[776.235,243.613,43.514,-0.98,-0.194,0.036,0,0.184,0.983,-0.197,0.964,-0.18],"_shiftlockState":false,"_pose":"Running","_animationQueue":[["walk",0.1]],"_animationSpeed":1.066,"_zoom":16.125},{"_mousePosition":[628,387],"_rootPartCFrame":[775.257,222.7,47.031,0.052,0,0.999,0,1,0,-0.999,0,0.052],"_humanoidState":8,"_cameraCFrame":[776.063,243.634,43.606,-0.973,-0.226,0.041,0,0.178,0.984,-0.229,0.958,-0.173],"_shiftlockState":false,"_pose":"Running","_animationQueue":[],"_animationSpeed":1.066,"_zoom":16.125},{"_mousePosition":[628,387],"_rootPartCFrame":[774.995,222.7,46.979,0.071,0,0.997,0,1,0,-0.997,0,0.071],"_humanoidState":8,"_cameraCFrame":[775.915,243.65,43.675,-0.963,-0.264,0.047,0,0.174,0.985,-0.268,0.949,-0.167],"_shiftlockState":false,"_pose":"Running","_animationQueue":[],"_animationSpeed":1.066,"_zoom":16.125},{"_mousePosition":[628,387],"_rootPartCFrame":[774.735,222.7,46.919,0.092,0,0.996,0,1,0,-0.996,0,0.092],"_humanoidState":8,"_cameraCFrame":[775.805,243.65,43.66,-0.95,-0.307,0.054,0,0.174,0.985,-0.312,0.936,-0.165],"_shiftlockState":false,"_pose":"Running","_animationQueue":[],"_animationSpeed":1.066,"_zoom":16.125},{"_mousePosition":[628,387],"_rootPartCFrame":[774.478,222.7,46.848,0.116,0,0.993,0,1,0,-0.993,0,0.116],"_humanoidState":8,"_cameraCFrame":[775.695,243.65,43.642,-0.935,-0.35,0.062,0,0.174,0.985,-0.355,0.921,-0.162],"_shiftlockState":false,"_pose":"Running","_animationQueue":[],"_animationSpeed":1.066,"_zoom":16.125},{"_mousePosition":[628,387],"_rootPartCFrame":[774.224,222.7,46.766,0.142,0,0.99,0,1,0,-0.99,0,0.142],"_humanoidState":8,"_cameraCFrame":[775.578,243.65,43.615,-0.919,-0.389,0.069,0,0.174,0.985,-0.395,0.905,-0.16],"_shiftlockState":false,"_pose":"Running","_animationQueue":[],"_animationSpeed":1.066,"_zoom":16.125},{"_mousePosition":[628,387],"_rootPartCFrame":[773.975,222.7,46.672,0.171,0,0.985,0,1,0,-0.985,0,0.171],"_humanoidState":8,"_cameraCFrame":[775.44,243.65,43.571,-0.904,-0.421,0.074,0,0.174,0.985,-0.427,0.89,-0.157],"_shiftlockState":false,"_pose":"Running","_animationQueue":[["walk",0.1]],"_animationSpeed":1.066,"_zoom":16.125},{"_mousePosition":[628,387],"_rootPartCFrame":[773.729,222.7,46.567,0.201,0,0.98,0,1,0,-0.98,0,0.201],"_humanoidState":8,"_cameraCFrame":[775.272,243.65,43.504,-0.893,-0.443,0.078,0,0.174,0.985,-0.45,0.88,-0.155],"_shiftlockState":false,"_pose":"Running","_animationQueue":[],"_animationSpeed":1.066,"_zoom":16.125},{"_mousePosition":[628,387],"_rootPartCFrame":[773.488,222.7,46.454,0.232,0,0.973,0,1,0,-0.973,0,0.232],"_humanoidState":8,"_cameraCFrame":[775.054,243.65,43.403,-0.89,-0.45,0.079,0,0.174,0.985,-0.457,0.876,-0.154],"_shiftlockState":false,"_pose":"Running","_animationQueue":[],"_animationSpeed":1.066,"_zoom":16.125},{"_mousePosition":[628,387],"_rootPartCFrame":[773.25,222.7,46.335,0.262,0,0.965,0,1,0,-0.965,0,0.262],"_humanoidState":8,"_cameraCFrame":[774.815,243.65,43.284,-0.89,-0.45,0.079,0,0.174,0.985,-0.457,0.876,-0.154],"_shiftlockState":false,"_pose":"Running","_animationQueue":[],"_animationSpeed":1.066,"_zoom":16.125},{"_mousePosition":[628,387],"_rootPartCFrame":[773.012,222.7,46.213,0.289,0,0.957,0,1,0,-0.957,0,0.289],"_humanoidState":8,"_cameraCFrame":[774.578,243.65,43.162,-0.89,-0.45,0.079,0,0.174,0.985,-0.457,0.876,-0.154],"_shiftlockState":false,"_pose":"Running","_animationQueue":[],"_animationSpeed":1.066,"_zoom":16.125},{"_mousePosition":[628,387],"_rootPartCFrame":[772.775,222.7,46.091,0.313,0,0.95,0,1,0,-0.95,0,0.313],"_humanoidState":8,"_cameraCFrame":[774.356,243.65,43.048,-0.887,-0.454,0.08,0,0.174,0.985,-0.461,0.874,-0.154],"_shiftlockState":false,"_pose":"Running","_animationQueue":[],"_animationSpeed":1.066,"_zoom":16.125},{"_mousePosition":[628,387],"_rootPartCFrame":[772.538,222.717,45.97,0.333,0,0.943,0,1,0,-0.943,0,0.333],"_humanoidState":8,"_cameraCFrame":[774.127,243.667,42.93,-0.886,-0.456,0.08,0,0.174,0.985,-0.463,0.873,-0.154],"_shiftlockState":false,"_pose":"Running","_animationQueue":[],"_animationSpeed":1.066,"_zoom":16.125},{"_mousePosition":[628,387],"_rootPartCFrame":[772.301,222.731,45.847,0.35,0,0.937,0,1,0,-0.937,0,0.35],"_humanoidState":8,"_cameraCFrame":[773.89,243.681,42.808,-0.886,-0.456,0.08,0,0.174,0.985,-0.463,0.873,-0.154],"_shiftlockState":false,"_pose":"Running","_animationQueue":[["walk",0.1]],"_animationSpeed":1.066,"_zoom":16.125},{"_mousePosition":[628,387],"_rootPartCFrame":[772.065,222.757,45.723,0.366,0,0.931,0,1,0,-0.931,0,0.366],"_humanoidState":8,"_cameraCFrame":[773.631,243.707,42.672,-0.89,-0.45,0.079,0,0.174,0.985,-0.457,0.876,-0.154],"_shiftlockState":false,"_pose":"Running","_animationQueue":[],"_animationSpeed":1.066,"_zoom":16.125},{"_mousePosition":[628,387],"_rootPartCFrame":[771.828,222.776,45.6,0.379,0,0.925,0,1,0,-0.925,0,0.379],"_humanoidState":8,"_cameraCFrame":[773.363,243.725,42.533,-0.894,-0.441,0.078,0,0.174,0.985,-0.448,0.881,-0.155],"_shiftlockState":false,"_pose":"Running","_animationQueue":[],"_animationSpeed":1.066,"_zoom":16.125},{"_mousePosition":[628,387],"_rootPartCFrame":[771.591,222.787,45.478,0.39,0,0.921,0,1,0,-0.921,0,0.39],"_humanoidState":8,"_cameraCFrame":[773.079,243.736,42.388,-0.901,-0.427,0.075,0,0.174,0.985,-0.434,0.887,-0.156],"_shiftlockState":false,"_pose":"Running","_animationQueue":[],"_animationSpeed":1.066,"_zoom":16.125},{"_mousePosition":[628,387],"_rootPartCFrame":[771.353,222.801,45.358,0.398,0,0.917,0,1,0,-0.917,0,0.398],"_humanoidState":8,"_cameraCFrame":[772.77,243.751,42.235,-0.911,-0.407,0.072,0,0.174,0.985,-0.413,0.897,-0.158],"_shiftlockState":false,"_pose":"Running","_animationQueue":[],"_animationSpeed":1.066,"_zoom":16.125},{"_mousePosition":[628,387],"_rootPartCFrame":[771.113,222.826,45.242,0.403,0,0.915,0,1,0,-0.915,0,0.403],"_humanoidState":8,"_cameraCFrame":[772.435,243.776,42.078,-0.923,-0.38,0.067,0,0.174,0.985,-0.385,0.909,-0.16],"_shiftlockState":false,"_pose":"Running","_animationQueue":[],"_animationSpeed":1.066,"_zoom":16.125},{"_mousePosition":[628,387],"_rootPartCFrame":[770.87,222.844,45.132,0.405,0,0.914,0,1,0,-0.914,0,0.405],"_humanoidState":8,"_cameraCFrame":[772.079,243.794,41.922,-0.936,-0.347,0.061,0,0.174,0.985,-0.353,0.922,-0.162],"_shiftlockState":false,"_pose":"Running","_animationQueue":[],"_animationSpeed":1.066,"_zoom":16.125},{"_mousePosition":[628,387],"_rootPartCFrame":[770.624,222.818,45.028,0.403,0,0.915,0,1,0,-0.915,0,0.403],"_humanoidState":8,"_cameraCFrame":[771.661,243.768,41.759,-0.953,-0.298,0.053,0,0.174,0.985,-0.302,0.939,-0.166],"_shiftlockState":false,"_pose":"Running","_animationQueue":[["walk",0.1]],"_animationSpeed":1.066,"_zoom":16.125},{"_mousePosition":[628,387],"_rootPartCFrame":[770.375,222.857,44.933,0.397,0,0.918,0,1,0,-0.918,0,0.397],"_humanoidState":8,"_cameraCFrame":[771.312,243.807,41.634,-0.962,-0.269,0.047,0,0.174,0.985,-0.273,0.947,-0.167],"_shiftlockState":false,"_pose":"Running","_animationQueue":[],"_animationSpeed":1.066,"_zoom":16.125},{"_mousePosition":[628,387],"_rootPartCFrame":[770.121,222.806,44.852,0.385,0,0.923,0,1,0,-0.923,0,0.385],"_humanoidState":8,"_cameraCFrame":[770.966,243.756,41.528,-0.969,-0.243,0.043,0,0.174,0.985,-0.246,0.954,-0.168],"_shiftlockState":false,"_pose":"Running","_animationQueue":[],"_animationSpeed":1.066,"_zoom":16.125},{"_mousePosition":[628,387],"_rootPartCFrame":[769.867,222.708,44.771,0.372,0,0.928,0,1,0,-0.928,0,0.372],"_humanoidState":8,"_cameraCFrame":[770.653,243.658,41.433,-0.973,-0.226,0.04,0,0.174,0.985,-0.229,0.959,-0.169],"_shiftlockState":false,"_pose":"Running","_animationQueue":[],"_animationSpeed":1.066,"_zoom":16.125},{"_mousePosition":[628,387],"_rootPartCFrame":[769.613,222.555,44.69,0.36,0,0.933,0,1,0,-0.933,0,0.36],"_humanoidState":8,"_cameraCFrame":[770.382,243.505,41.348,-0.975,-0.221,0.039,0,0.174,0.985,-0.224,0.96,-0.169],"_shiftlockState":false,"_pose":"Running","_animationQueue":[],"_animationSpeed":1.066,"_zoom":16.125},{"_mousePosition":[628,387],"_rootPartCFrame":[769.359,222.348,44.61,0.347,0,0.938,0,1,0,-0.938,0,0.347],"_humanoidState":8,"_cameraCFrame":[770.128,243.298,41.268,-0.975,-0.221,0.039,0,0.174,0.985,-0.224,0.96,-0.169],"_shiftlockState":false,"_pose":"Running","_animationQueue":[],"_animationSpeed":1.066,"_zoom":16.125},{"_mousePosition":[628,387],"_rootPartCFrame":[769.105,222.086,44.529,0.335,0,0.942,0,1,0,-0.942,0,0.335],"_humanoidState":8,"_cameraCFrame":[769.874,243.036,41.187,-0.975,-0.221,0.039,0,0.174,0.985,-0.224,0.96,-0.169],"_shiftlockState":false,"_pose":"Running","_animationQueue":[["walk",0.1]],"_animationSpeed":1.066,"_zoom":16.125},{"_mousePosition":[628,387],"_rootPartCFrame":[768.85,221.77,44.449,0.322,0,0.947,0,1,0,-0.947,0,0.322],"_humanoidState":8,"_cameraCFrame":[769.619,242.72,41.106,-0.975,-0.221,0.039,0,0.174,0.985,-0.224,0.96,-0.169],"_shiftlockState":false,"_pose":"Running","_animationQueue":[],"_animationSpeed":1.066,"_zoom":16.125},{"_mousePosition":[628,387],"_rootPartCFrame":[768.596,222.643,44.368,0.309,0,0.951,0,1,0,-0.951,0,0.309],"_humanoidState":3,"_cameraCFrame":[767.65,243.593,40.636,-0.975,-0.218,0.039,0,0.174,0.985,-0.222,0.96,-0.169],"_shiftlockState":true,"_pose":"Jumping","_animationQueue":[["walk",0.1],["jump",0.1]],"_animationSpeed":1,"_zoom":16.125},{"_mousePosition":[683,384],"_rootPartCFrame":[768.338,223.465,44.304,-0.952,0,0.307,0,1,0,-0.307,0,-0.952],"_humanoidState":5,"_cameraCFrame":[767.392,244.415,40.572,-0.975,-0.218,0.039,0,0.174,0.985,-0.222,0.96,-0.169],"_shiftlockState":true,"_pose":"FreeFall","_animationQueue":[["jump",0.1]],"_animationSpeed":1,"_zoom":16.125},{"_mousePosition":[683,384],"_rootPartCFrame":[768.078,224.233,44.244,-0.939,0,0.344,0,1,0,-0.344,0,-0.939],"_humanoidState":5,"_cameraCFrame":[767.132,245.183,40.512,-0.975,-0.218,0.039,0,0.174,0.985,-0.222,0.96,-0.169],"_shiftlockState":true,"_pose":"FreeFall","_animationQueue":[],"_animationSpeed":1,"_zoom":16.125},{"_mousePosition":[683,384],"_rootPartCFrame":[767.818,224.946,44.185,-0.937,0,0.349,0,1,0,-0.349,0,-0.937],"_humanoidState":5,"_cameraCFrame":[766.872,245.896,40.453,-0.975,-0.218,0.039,0,0.174,0.985,-0.222,0.96,-0.169],"_shiftlockState":true,"_pose":"FreeFall","_animationQueue":[],"_animationSpeed":1,"_zoom":16.125},{"_mousePosition":[683,384],"_rootPartCFrame":[767.557,225.604,44.126,-0.937,0,0.349,0,1,0,-0.349,0,-0.937],"_humanoidState":5,"_cameraCFrame":[766.612,246.554,40.394,-0.975,-0.218,0.039,0,0.174,0.985,-0.222,0.96,-0.169],"_shiftlockState":true,"_pose":"FreeFall","_animationQueue":[],"_animationSpeed":1,"_zoom":16.125},{"_mousePosition":[683,384],"_rootPartCFrame":[767.297,226.208,44.067,-0.937,0,0.349,0,1,0,-0.349,0,-0.937],"_humanoidState":5,"_cameraCFrame":[766.394,247.124,40.15,-0.975,-0.218,0.041,0,0.183,0.983,-0.222,0.959,-0.179],"_shiftlockState":true,"_pose":"FreeFall","_animationQueue":[],"_animationSpeed":1,"_zoom":16.125},{"_mousePosition":[683,384],"_rootPartCFrame":[767.037,226.758,44.008,-0.937,0,0.349,0,1,0,-0.349,0,-0.937],"_humanoidState":5,"_cameraCFrame":[766.207,247.637,39.9,-0.973,-0.225,0.044,0,0.193,0.981,-0.229,0.955,-0.188],"_shiftlockState":true,"_pose":"FreeFall","_animationQueue":[],"_animationSpeed":1,"_zoom":16.125},{"_mousePosition":[683,384],"_rootPartCFrame":[766.777,227.253,43.949,-0.934,0,0.356,0,1,0,-0.356,0,-0.934],"_humanoidState":5,"_cameraCFrame":[765.976,248.125,39.8,-0.972,-0.23,0.046,0,0.195,0.981,-0.234,0.954,-0.189],"_shiftlockState":true,"_pose":"FreeFall","_animationQueue":[],"_animationSpeed":1,"_zoom":16.125},{"_mousePosition":[683,384],"_rootPartCFrame":[766.518,227.693,43.888,-0.932,0,0.361,0,1,0,-0.361,0,-0.932],"_humanoidState":5,"_cameraCFrame":[765.717,248.565,39.739,-0.972,-0.23,0.046,0,0.195,0.981,-0.234,0.954,-0.189],"_shiftlockState":true,"_pose":"FreeFall","_animationQueue":[],"_animationSpeed":1,"_zoom":16.125},{"_mousePosition":[683,384],"_rootPartCFrame":[766.259,228.079,43.826,-0.932,0,0.361,0,1,0,-0.361,0,-0.932],"_humanoidState":5,"_cameraCFrame":[765.458,248.951,39.677,-0.972,-0.23,0.046,0,0.195,0.981,-0.234,0.954,-0.189],"_shiftlockState":true,"_pose":"FreeFall","_animationQueue":[],"_animationSpeed":1,"_zoom":16.125},{"_mousePosition":[683,384],"_rootPartCFrame":[765.999,228.411,43.763,-0.932,0,0.361,0,1,0,-0.361,0,-0.932],"_humanoidState":5,"_cameraCFrame":[764.826,241.284,41.159,-0.972,-0.23,0.046,0,0.195,0.981,-0.234,0.954,-0.189],"_shiftlockState":true,"_pose":"FreeFall","_animationQueue":[],"_animationSpeed":1,"_zoom":16.125},{"_mousePosition":[683,384],"_rootPartCFrame":[765.74,228.688,43.701,-0.932,0,0.361,0,1,0,-0.361,0,-0.932],"_humanoidState":5,"_cameraCFrame":[764.554,241.284,41.15,-0.972,-0.23,0.046,0,0.195,0.981,-0.234,0.954,-0.189],"_shiftlockState":true,"_pose":"FreeFall","_animationQueue":[],"_animationSpeed":1,"_zoom":16.125},{"_mousePosition":[683,384],"_rootPartCFrame":[765.481,228.91,43.638,-0.932,0,0.361,0,1,0,-0.361,0,-0.932],"_humanoidState":5,"_cameraCFrame":[764.285,241.284,41.13,-0.972,-0.23,0.046,0,0.195,0.981,-0.234,0.954,-0.189],"_shiftlockState":true,"_pose":"FreeFall","_animationQueue":[],"_animationSpeed":1,"_zoom":16.125},{"_mousePosition":[683,384],"_rootPartCFrame":[765.221,229.078,43.576,-0.932,0,0.361,0,1,0,-0.361,0,-0.932],"_humanoidState":5,"_cameraCFrame":[764.018,241.284,41.1,-0.972,-0.23,0.046,0,0.195,0.981,-0.234,0.954,-0.189],"_shiftlockState":true,"_pose":"FreeFall","_animationQueue":[],"_animationSpeed":1,"_zoom":16.125},{"_mousePosition":[683,384],"_rootPartCFrame":[764.962,229.192,43.514,-0.932,0,0.361,0,1,0,-0.361,0,-0.932],"_humanoidState":5,"_cameraCFrame":[763.753,241.284,41.06,-0.972,-0.23,0.046,0,0.195,0.981,-0.234,0.954,-0.189],"_shiftlockState":true,"_pose":"FreeFall","_animationQueue":[],"_animationSpeed":1,"_zoom":16.125},{"_mousePosition":[683,384],"_rootPartCFrame":[764.703,229.251,43.451,-0.932,0,0.361,0,1,0,-0.361,0,-0.932],"_humanoidState":5,"_cameraCFrame":[763.491,241.284,41.009,-0.972,-0.23,0.046,0,0.195,0.981,-0.234,0.954,-0.189],"_shiftlockState":true,"_pose":"FreeFall","_animationQueue":[],"_animationSpeed":1,"_zoom":16.125},{"_mousePosition":[683,384],"_rootPartCFrame":[764.444,229.255,43.389,-0.932,0,0.361,0,1,0,-0.361,0,-0.932],"_humanoidState":5,"_cameraCFrame":[763.232,241.284,40.947,-0.972,-0.23,0.046,0,0.195,0.981,-0.234,0.954,-0.189],"_shiftlockState":true,"_pose":"FreeFall","_animationQueue":[],"_animationSpeed":1,"_zoom":16.125},{"_mousePosition":[683,384],"_rootPartCFrame":[764.184,229.205,43.326,-0.963,0,0.268,0,1,0,-0.268,0,-0.963],"_humanoidState":7,"_cameraCFrame":[762.975,241.284,40.875,-0.972,-0.23,0.046,0,0.195,0.981,-0.234,0.954,-0.189],"_shiftlockState":true,"_pose":"FreeFall","_animationQueue":[["walk",0.1]],"_animationSpeed":1.103,"_zoom":16.125},{"_mousePosition":[683,384],"_rootPartCFrame":[763.925,229.169,43.264,-0.972,0,0.236,0,1,0,-0.236,0,-0.972],"_humanoidState":7,"_cameraCFrame":[762.717,241.284,40.805,-0.972,-0.23,0.046,0,0.195,0.981,-0.234,0.954,-0.189],"_shiftlockState":true,"_pose":"FreeFall","_animationQueue":[["fall",0.3]],"_animationSpeed":1,"_zoom":16.125},{"_mousePosition":[683,384],"_rootPartCFrame":[763.601,229.181,43.186,-0.972,0,0.234,0,1,0,-0.234,0,-0.972],"_humanoidState":8,"_cameraCFrame":[762.392,241.284,40.73,-0.972,-0.23,0.046,0,0.195,0.981,-0.234,0.954,-0.189],"_shiftlockState":true,"_pose":"Running","_animationQueue":[["walk",0.1],["fall",0.3],["walk",0.1]],"_animationSpeed":1.103,"_zoom":16.125},{"_mousePosition":[683,384],"_rootPartCFrame":[763.342,229.189,43.123,-0.972,0,0.234,0,1,0,-0.234,0,-0.972],"_humanoidState":8,"_cameraCFrame":[762.133,241.284,40.669,-0.972,-0.23,0.046,0,0.195,0.981,-0.234,0.954,-0.189],"_shiftlockState":true,"_pose":"Running","_animationQueue":[],"_animationSpeed":1.103,"_zoom":16.125},{"_mousePosition":[683,384],"_rootPartCFrame":[763.082,229.194,43.061,-0.972,0,0.234,0,1,0,-0.234,0,-0.972],"_humanoidState":8,"_cameraCFrame":[761.873,241.284,40.607,-0.972,-0.23,0.046,0,0.195,0.981,-0.234,0.954,-0.189],"_shiftlockState":true,"_pose":"Running","_animationQueue":[],"_animationSpeed":1.103,"_zoom":16.125},{"_mousePosition":[683,384],"_rootPartCFrame":[762.823,229.197,42.999,-0.972,0,0.234,0,1,0,-0.234,0,-0.972],"_humanoidState":8,"_cameraCFrame":[761.566,241.284,40.588,-0.976,-0.213,0.042,0,0.193,0.981,-0.217,0.958,-0.188],"_shiftlockState":true,"_pose":"Running","_animationQueue":[],"_animationSpeed":1.103,"_zoom":16.125},{"_mousePosition":[683,384],"_rootPartCFrame":[762.564,229.198,42.936,-0.976,0,0.217,0,1,0,-0.217,0,-0.976],"_humanoidState":8,"_cameraCFrame":[761.208,241.285,40.618,-0.984,-0.176,0.034,0,0.189,0.982,-0.18,0.966,-0.186],"_shiftlockState":true,"_pose":"Running","_animationQueue":[],"_animationSpeed":1.103,"_zoom":16.125},{"_mousePosition":[683,384],"_rootPartCFrame":[762.304,229.199,42.878,-0.984,0,0.18,0,1,0,-0.18,0,-0.984],"_humanoidState":8,"_cameraCFrame":[760.841,241.285,40.645,-0.991,-0.132,0.025,0,0.187,0.982,-0.135,0.973,-0.185],"_shiftlockState":true,"_pose":"Running","_animationQueue":[["walk",0.1]],"_animationSpeed":1.103,"_zoom":16.125},{"_mousePosition":[683,384],"_rootPartCFrame":[762.042,229.199,42.828,-0.991,0,0.135,0,1,0,-0.135,0,-0.991],"_humanoidState":8,"_cameraCFrame":[760.484,241.285,40.66,-0.996,-0.09,0.017,0,0.187,0.982,-0.092,0.978,-0.186],"_shiftlockState":true,"_pose":"Running","_animationQueue":[],"_animationSpeed":1.103,"_zoom":16.125},{"_mousePosition":[683,384],"_rootPartCFrame":[761.778,229.199,42.791,-0.996,0,0.092,0,1,0,-0.092,0,-0.996],"_humanoidState":8,"_cameraCFrame":[760.166,241.285,40.663,-0.998,-0.066,0.012,0,0.187,0.982,-0.067,0.98,-0.187],"_shiftlockState":true,"_pose":"Running","_animationQueue":[],"_animationSpeed":1.103,"_zoom":16.125},{"_mousePosition":[683,384],"_rootPartCFrame":[761.512,229.2,42.764,-0.998,0,0.067,0,1,0,-0.067,0,-0.998],"_humanoidState":8,"_cameraCFrame":[759.878,241.964,40.573,-0.999,-0.053,0.01,0,0.183,0.983,-0.054,0.982,-0.183],"_shiftlockState":true,"_pose":"Running","_animationQueue":[],"_animationSpeed":1.103,"_zoom":16.125},{"_mousePosition":[683,384],"_rootPartCFrame":[761.246,229.2,42.746,-0.999,0,0.054,0,1,0,-0.054,0,-0.999],"_humanoidState":8,"_cameraCFrame":[759.592,241.286,40.753,-0.999,-0.048,0.009,0,0.177,0.984,-0.049,0.983,-0.177],"_shiftlockState":true,"_pose":"Running","_animationQueue":[],"_animationSpeed":1.103,"_zoom":16.125},{"_mousePosition":[683,384],"_rootPartCFrame":[760.98,229.2,42.731,-0.999,0,0.049,0,1,0,-0.049,0,-0.999],"_humanoidState":8,"_cameraCFrame":[759.321,242.037,40.634,-0.999,-0.043,0.008,0,0.176,0.984,-0.044,0.984,-0.175],"_shiftlockState":true,"_pose":"Running","_animationQueue":[],"_animationSpeed":1.103,"_zoom":16.125},{"_mousePosition":[683,384],"_rootPartCFrame":[760.714,229.2,42.717,-0.999,0,0.044,0,1,0,-0.044,0,-0.999],"_humanoidState":8,"_cameraCFrame":[759.059,243.411,40.38,-0.999,-0.041,0.007,0,0.176,0.984,-0.041,0.984,-0.175],"_shiftlockState":true,"_pose":"Running","_animationQueue":[],"_animationSpeed":1.103,"_zoom":16.125},{"_mousePosition":[683,384],"_rootPartCFrame":[760.447,229.2,42.705,-0.999,0,0.041,0,1,0,-0.041,0,-0.999],"_humanoidState":8,"_cameraCFrame":[758.798,245.031,40.084,-0.999,-0.038,0.007,0,0.176,0.984,-0.039,0.984,-0.175],"_shiftlockState":true,"_pose":"Running","_animationQueue":[["walk",0.1]],"_animationSpeed":1.103,"_zoom":16.125},{"_mousePosition":[683,384],"_rootPartCFrame":[760.181,229.2,42.694,-0.999,0,0.039,0,1,0,-0.039,0,-0.999],"_humanoidState":8,"_cameraCFrame":[758.54,246.289,39.848,-0.999,-0.038,0.007,0,0.176,0.984,-0.039,0.984,-0.175],"_shiftlockState":true,"_pose":"Running","_animationQueue":[],"_animationSpeed":1.103,"_zoom":16.125},{"_mousePosition":[683,384],"_rootPartCFrame":[759.915,229.2,42.684,-0.999,0,0.039,0,1,0,-0.039,0,-0.999],"_humanoidState":8,"_cameraCFrame":[758.282,247.364,39.646,-0.999,-0.038,0.007,0,0.176,0.984,-0.039,0.984,-0.175],"_shiftlockState":true,"_pose":"Running","_animationQueue":[],"_animationSpeed":1.103,"_zoom":16.125},{"_mousePosition":[683,384],"_rootPartCFrame":[759.648,229.2,42.673,-0.999,0,0.039,0,1,0,-0.039,0,-0.999],"_humanoidState":8,"_cameraCFrame":[758.017,247.786,39.595,-0.999,-0.038,0.007,0,0.174,0.985,-0.039,0.984,-0.174],"_shiftlockState":true,"_pose":"Running","_animationQueue":[],"_animationSpeed":1.103,"_zoom":16.125},{"_mousePosition":[683,384],"_rootPartCFrame":[759.315,229.2,42.661,-0.999,0,0.039,0,1,0,-0.039,0,-0.999],"_humanoidState":8,"_cameraCFrame":[757.668,247.786,39.59,-0.999,-0.033,0.006,0,0.174,0.985,-0.034,0.984,-0.174],"_shiftlockState":true,"_pose":"Running","_animationQueue":[],"_animationSpeed":1.103,"_zoom":16.125},{"_mousePosition":[683,384],"_rootPartCFrame":[759.049,229.2,42.65,-0.999,0,0.034,0,1,0,-0.034,0,-0.999],"_humanoidState":8,"_cameraCFrame":[757.371,247.786,39.597,-1,-0.023,0.004,0,0.174,0.985,-0.024,0.985,-0.174],"_shiftlockState":true,"_pose":"Running","_animationQueue":[],"_animationSpeed":1.103,"_zoom":16.125},{"_mousePosition":[683,384],"_rootPartCFrame":[758.782,229.2,42.641,-1,0,0.024,0,1,0,-0.024,0,-1],"_humanoidState":8,"_cameraCFrame":[757.058,247.786,39.613,-1,-0.008,0.001,0,0.174,0.985,-0.009,0.985,-0.174],"_shiftlockState":true,"_pose":"Running","_animationQueue":[],"_animationSpeed":1.103,"_zoom":16.125},{"_mousePosition":[683,384],"_rootPartCFrame":[758.516,229.2,42.634,-1,0,0.009,0,1,0,-0.009,0,-1],"_humanoidState":8,"_cameraCFrame":[756.746,247.786,39.633,-1,0.007,-0.001,0,0.174,0.985,0.007,0.985,-0.174],"_shiftlockState":true,"_pose":"Running","_animationQueue":[["walk",0.1]],"_animationSpeed":1.103,"_zoom":16.125},{"_mousePosition":[683,384],"_rootPartCFrame":[758.249,229.2,42.631,-1,0,-0.007,0,1,0,0.007,0,-1],"_humanoidState":8,"_cameraCFrame":[756.441,247.786,39.653,-1,0.019,-0.003,0,0.174,0.985,0.019,0.985,-0.174],"_shiftlockState":true,"_pose":"Running","_animationQueue":[],"_animationSpeed":1.103,"_zoom":16.125},{"_mousePosition":[683,384],"_rootPartCFrame":[757.982,229.2,42.632,-1,0,-0.019,0,1,0,0.019,0,-1],"_humanoidState":8,"_cameraCFrame":[756.107,247.786,39.696,-0.999,0.041,-0.007,0,0.174,0.985,0.042,0.984,-0.173],"_shiftlockState":true,"_pose":"Running","_animationQueue":[],"_animationSpeed":1.103,"_zoom":16.125},{"_mousePosition":[683,384],"_rootPartCFrame":[757.716,229.2,42.637,-0.999,0,-0.042,0,1,0,0.042,0,-0.999],"_humanoidState":8,"_cameraCFrame":[755.789,247.786,39.734,-0.998,0.059,-0.01,0,0.174,0.985,0.06,0.983,-0.173],"_shiftlockState":true,"_pose":"Running","_animationQueue":[],"_animationSpeed":1.103,"_zoom":16.125},{"_mousePosition":[683,384],"_rootPartCFrame":[757.449,229.2,42.647,-0.998,0,-0.06,0,1,0,0.06,0,-0.998],"_humanoidState":8,"_cameraCFrame":[755.464,247.786,39.784,-0.997,0.079,-0.014,0,0.174,0.985,0.08,0.982,-0.173],"_shiftlockState":true,"_pose":"Running","_animationQueue":[],"_animationSpeed":1.103,"_zoom":16.125},{"_mousePosition":[683,384],"_rootPartCFrame":[757.183,229.2,42.663,-0.997,0,-0.08,0,1,0,0.08,0,-0.997],"_humanoidState":8,"_cameraCFrame":[755.14,247.786,39.84,-0.995,0.099,-0.017,0,0.174,0.985,0.1,0.98,-0.173],"_shiftlockState":true,"_pose":"Running","_animationQueue":[],"_animationSpeed":1.103,"_zoom":16.125},{"_mousePosition":[683,384],"_rootPartCFrame":[756.851,230.283,42.682,-0.995,0,-0.1,0,1,0,0.1,0,-0.995],"_humanoidState":3,"_cameraCFrame":[754.794,247.786,40.076,-0.994,0.111,-0.02,0,0.174,0.985,0.113,0.979,-0.173],"_shiftlockState":true,"_pose":"Jumping","_animationQueue":[["walk",0.1],["walk",0.1],["jump",0.1]],"_animationSpeed":1,"_zoom":16.125},{"_mousePosition":[683,384],"_rootPartCFrame":[756.652,230.895,42.701,-0.999,0,-0.05,0,1,0,0.05,0,-0.999],"_humanoidState":5,"_cameraCFrame":[754.582,247.786,40.222,-0.992,0.121,-0.021,0,0.174,0.985,0.123,0.977,-0.172],"_shiftlockState":true,"_pose":"FreeFall","_animationQueue":[["jump",0.1]],"_animationSpeed":1,"_zoom":16.125},{"_mousePosition":[683,384],"_rootPartCFrame":[756.387,231.662,42.73,-1,0,0.002,0,1,0,-0.002,0,-1],"_humanoidState":5,"_cameraCFrame":[754.31,247.786,40.407,-0.991,0.131,-0.023,0,0.174,0.985,0.133,0.976,-0.172],"_shiftlockState":true,"_pose":"FreeFall","_animationQueue":[],"_animationSpeed":1,"_zoom":16.125},{"_mousePosition":[683,384],"_rootPartCFrame":[756.056,232.545,42.771,-0.999,0,0.032,0,1,0,-0.032,0,-0.999],"_humanoidState":5,"_cameraCFrame":[753.988,247.786,40.612,-0.99,0.136,-0.024,0,0.174,0.985,0.138,0.975,-0.172],"_shiftlockState":true,"_pose":"FreeFall","_animationQueue":[],"_animationSpeed":1,"_zoom":16.125},{"_mousePosition":[683,384],"_rootPartCFrame":[755.857,233.034,42.797,-0.999,0,-0.038,0,1,0,0.038,0,-0.999],"_humanoidState":5,"_cameraCFrame":[753.786,247.786,40.74,-0.989,0.143,-0.025,0,0.174,0.985,0.145,0.974,-0.172],"_shiftlockState":true,"_pose":"FreeFall","_animationQueue":[],"_animationSpeed":1,"_zoom":16.125},{"_mousePosition":[683,384],"_rootPartCFrame":[755.527,233.78,42.843,-1,0,0.021,0,1,0,-0.021,0,-1],"_humanoidState":5,"_cameraCFrame":[753.461,247.786,40.931,-0.988,0.151,-0.027,0,0.174,0.985,0.153,0.973,-0.172],"_shiftlockState":true,"_pose":"FreeFall","_animationQueue":[],"_animationSpeed":1,"_zoom":16.125},{"_mousePosition":[683,384],"_rootPartCFrame":[755.263,234.316,42.881,-1,0,-0.02,0,1,0,0.02,0,-1],"_humanoidState":5,"_cameraCFrame":[753.193,247.786,41.084,-0.987,0.16,-0.028,0,0.174,0.985,0.163,0.972,-0.171],"_shiftlockState":true,"_pose":"FreeFall","_animationQueue":[],"_animationSpeed":1,"_zoom":16.125},{"_mousePosition":[683,384],"_rootPartCFrame":[755.066,234.682,42.912,-0.998,0,-0.064,0,1,0,0.064,0,-0.998],"_humanoidState":5,"_cameraCFrame":[752.975,247.786,41.215,-0.984,0.178,-0.031,0,0.174,0.985,0.18,0.969,-0.171],"_shiftlockState":true,"_pose":"FreeFall","_animationQueue":[],"_animationSpeed":1,"_zoom":16.125},{"_mousePosition":[683,384],"_rootPartCFrame":[754.802,235.123,42.955,-0.999,0,-0.048,0,1,0,0.048,0,-0.999],"_humanoidState":5,"_cameraCFrame":[752.662,247.786,41.419,-0.976,0.217,-0.038,0,0.174,0.985,0.22,0.961,-0.169],"_shiftlockState":true,"_pose":"FreeFall","_animationQueue":[],"_animationSpeed":1,"_zoom":16.125},{"_mousePosition":[683,384],"_rootPartCFrame":[754.54,235.509,43.002,-0.996,0,-0.088,0,1,0,0.088,0,-0.996],"_humanoidState":5,"_cameraCFrame":[752.357,247.786,41.62,-0.966,0.255,-0.045,0,0.174,0.985,0.259,0.951,-0.168],"_shiftlockState":true,"_pose":"FreeFall","_animationQueue":[],"_animationSpeed":1,"_zoom":16.125},{"_mousePosition":[683,384],"_rootPartCFrame":[754.279,235.84,43.059,-0.992,0,-0.129,0,1,0,0.129,0,-0.992],"_humanoidState":5,"_cameraCFrame":[752.047,247.786,41.845,-0.951,0.303,-0.053,0,0.174,0.985,0.308,0.937,-0.165],"_shiftlockState":true,"_pose":"FreeFall","_animationQueue":[],"_animationSpeed":1,"_zoom":16.125},{"_mousePosition":[683,384],"_rootPartCFrame":[754.022,236.118,43.127,-0.984,0,-0.179,0,1,0,0.179,0,-0.984],"_humanoidState":5,"_cameraCFrame":[751.74,247.786,42.09,-0.932,0.357,-0.063,0,0.174,0.985,0.363,0.918,-0.162],"_shiftlockState":true,"_pose":"FreeFall","_animationQueue":[],"_animationSpeed":1,"_zoom":16.125},{"_mousePosition":[683,384],"_rootPartCFrame":[753.704,236.387,43.227,-0.979,0,-0.203,0,1,0,0.203,0,-0.979],"_humanoidState":5,"_cameraCFrame":[751.371,247.786,42.368,-0.906,0.417,-0.074,0,0.176,0.984,0.423,0.892,-0.159],"_shiftlockState":true,"_pose":"FreeFall","_animationQueue":[],"_animationSpeed":1,"_zoom":16.125},{"_mousePosition":[683,384],"_rootPartCFrame":[753.455,236.542,43.322,-0.954,0,-0.299,0,1,0,0.299,0,-0.954],"_humanoidState":5,"_cameraCFrame":[751.076,247.786,42.619,-0.878,0.472,-0.085,0,0.177,0.984,0.48,0.864,-0.156],"_shiftlockState":true,"_pose":"FreeFall","_animationQueue":[],"_animationSpeed":1,"_zoom":16.125},{"_mousePosition":[683,384],"_rootPartCFrame":[753.272,236.622,43.404,-0.921,0,-0.39,0,1,0,0.39,0,-0.921],"_humanoidState":5,"_cameraCFrame":[750.854,247.785,42.836,-0.848,0.521,-0.095,0,0.179,0.984,0.53,0.834,-0.152],"_shiftlockState":true,"_pose":"FreeFall","_animationQueue":[],"_animationSpeed":1,"_zoom":16.125},{"_mousePosition":[683,384],"_rootPartCFrame":[753.037,236.681,43.529,-0.911,0,-0.412,0,1,0,0.412,0,-0.911],"_humanoidState":5,"_cameraCFrame":[750.598,247.785,43.099,-0.819,0.565,-0.103,0,0.179,0.984,0.574,0.805,-0.147],"_shiftlockState":true,"_pose":"FreeFall","_animationQueue":[],"_animationSpeed":1,"_zoom":16.125},{"_mousePosition":[683,384],"_rootPartCFrame":[752.81,236.685,43.668,-0.888,0,-0.46,0,1,0,0.46,0,-0.888],"_humanoidState":5,"_cameraCFrame":[750.343,247.785,43.335,-0.792,0.601,-0.111,0,0.181,0.983,0.611,0.779,-0.144],"_shiftlockState":true,"_pose":"FreeFall","_animationQueue":[],"_animationSpeed":1,"_zoom":16.125},{"_mousePosition":[683,384],"_rootPartCFrame":[752.59,236.635,43.819,-0.866,0,-0.5,0,1,0,0.5,0,-0.866],"_humanoidState":5,"_cameraCFrame":[750.106,247.785,43.58,-0.766,0.632,-0.116,0,0.181,0.983,0.642,0.754,-0.139],"_shiftlockState":true,"_pose":"FreeFall","_animationQueue":[],"_animationSpeed":1,"_zoom":16.125},{"_mousePosition":[683,384],"_rootPartCFrame":[752.378,236.531,43.981,-0.845,0,-0.535,0,1,0,0.535,0,-0.845],"_humanoidState":5,"_cameraCFrame":[749.873,247.785,43.834,-0.738,0.664,-0.122,0,0.181,0.983,0.675,0.726,-0.134],"_shiftlockState":true,"_pose":"FreeFall","_animationQueue":[],"_animationSpeed":1,"_zoom":16.125},{"_mousePosition":[683,384],"_rootPartCFrame":[752.172,236.372,44.151,-0.821,0,-0.571,0,1,0,0.571,0,-0.821],"_humanoidState":5,"_cameraCFrame":[749.561,248.296,44.016,-0.707,0.696,-0.13,0,0.183,0.983,0.708,0.695,-0.129],"_shiftlockState":true,"_pose":"FreeFall","_animationQueue":[],"_animationSpeed":1,"_zoom":16.125},{"_mousePosition":[683,384],"_rootPartCFrame":[751.974,236.158,44.329,-0.794,0,-0.607,0,1,0,0.607,0,-0.794],"_humanoidState":5,"_cameraCFrame":[749.175,248.901,44.235,-0.651,0.745,-0.145,0,0.191,0.982,0.759,0.639,-0.124],"_shiftlockState":true,"_pose":"FreeFall","_animationQueue":[["fall",0.3]],"_animationSpeed":1,"_zoom":16.125},{"_mousePosition":[683,384],"_rootPartCFrame":[751.738,235.815,44.564,-0.674,0,-0.739,0,1,0,0.739,0,-0.674],"_humanoidState":7,"_cameraCFrame":[748.661,249.953,44.421,-0.606,0.78,-0.156,0,0.197,0.98,0.796,0.594,-0.119],"_shiftlockState":true,"_pose":"FreeFall","_animationQueue":[["walk",0.1],["fall",0.3],["fall",0.3]],"_animationSpeed":1,"_zoom":16.125},{"_mousePosition":[683,384],"_rootPartCFrame":[751.605,235.568,44.714,-0.605,0,-0.796,0,1,0,0.796,0,-0.605],"_humanoidState":7,"_cameraCFrame":[748.19,251.144,44.56,-0.55,0.818,-0.171,0,0.204,0.979,0.835,0.538,-0.112],"_shiftlockState":true,"_pose":"FreeFall","_animationQueue":[],"_animationSpeed":1,"_zoom":16.125},{"_mousePosition":[683,384],"_rootPartCFrame":[751.402,235.081,44.978,-0.55,0,-0.835,0,1,0,0.835,0,-0.55],"_humanoidState":8,"_cameraCFrame":[747.698,251.783,44.916,-0.487,0.854,-0.183,0,0.21,0.978,0.873,0.476,-0.102],"_shiftlockState":true,"_pose":"Running","_animationQueue":[["walk",0.1],["fall",0.3],["walk",0.1]],"_animationSpeed":1.103,"_zoom":16.125},{"_mousePosition":[683,384],"_rootPartCFrame":[751.253,235.042,45.199,-0.487,0,-0.873,0,1,0,0.873,0,-0.487],"_humanoidState":8,"_cameraCFrame":[747.435,251.782,45.362,-0.42,0.886,-0.198,0,0.218,0.976,0.908,0.409,-0.091],"_shiftlockState":true,"_pose":"Running","_animationQueue":[],"_animationSpeed":1.103,"_zoom":16.125},{"_mousePosition":[683,384],"_rootPartCFrame":[751.12,235.099,45.43,-0.42,0,-0.908,0,1,0,0.908,0,-0.42],"_humanoidState":8,"_cameraCFrame":[747.222,251.781,45.854,-0.347,0.914,-0.211,0,0.225,0.974,0.938,0.338,-0.078],"_shiftlockState":true,"_pose":"Running","_animationQueue":[],"_animationSpeed":1.103,"_zoom":16.125},{"_mousePosition":[683,384],"_rootPartCFrame":[751.006,235.142,45.671,-0.347,0,-0.938,0,1,0,0.938,0,-0.347],"_humanoidState":8,"_cameraCFrame":[747.044,251.781,46.377,-0.27,0.936,-0.224,0,0.233,0.973,0.963,0.263,-0.063],"_shiftlockState":true,"_pose":"Running","_animationQueue":[["walk",0.1]],"_animationSpeed":1.103,"_zoom":16.125},{"_mousePosition":[683,384],"_rootPartCFrame":[750.911,235.168,45.92,-0.27,0,-0.963,0,1,0,0.963,0,-0.27],"_humanoidState":8,"_cameraCFrame":[746.934,251.78,46.928,-0.191,0.953,-0.234,0,0.238,0.971,0.982,0.186,-0.046],"_shiftlockState":true,"_pose":"Running","_animationQueue":[],"_animationSpeed":1.103,"_zoom":16.125},{"_mousePosition":[683,384],"_rootPartCFrame":[750.835,235.182,46.176,-0.191,0,-0.982,0,1,0,0.982,0,-0.191],"_humanoidState":8,"_cameraCFrame":[746.891,251.78,47.485,-0.114,0.964,-0.241,0,0.242,0.97,0.994,0.11,-0.028],"_shiftlockState":true,"_pose":"Running","_animationQueue":[],"_animationSpeed":1.103,"_zoom":16.125},{"_mousePosition":[683,384],"_rootPartCFrame":[750.781,235.19,46.437,-0.114,0,-0.994,0,1,0,0.994,0,-0.114],"_humanoidState":8,"_cameraCFrame":[746.895,251.779,48.059,-0.033,0.969,-0.246,0,0.246,0.969,0.999,0.032,-0.008],"_shiftlockState":true,"_pose":"Running","_animationQueue":[],"_animationSpeed":1.103,"_zoom":16.125},{"_mousePosition":[683,384],"_rootPartCFrame":[750.748,235.195,46.701,-0.033,0,-0.999,0,1,0,0.999,0,-0.033],"_humanoidState":8,"_cameraCFrame":[746.94,251.779,48.626,0.045,0.967,-0.25,0,0.25,0.968,0.999,-0.044,0.011],"_shiftlockState":true,"_pose":"Running","_animationQueue":[],"_animationSpeed":1.103,"_zoom":16.125},{"_mousePosition":[683,384],"_rootPartCFrame":[750.736,235.197,46.967,0.045,0,-0.999,0,1,0,0.999,0,0.045],"_humanoidState":8,"_cameraCFrame":[747.054,251.778,49.342,0.161,0.954,-0.254,0,0.257,0.966,0.987,-0.156,0.041],"_shiftlockState":true,"_pose":"Running","_animationQueue":[],"_animationSpeed":1.103,"_zoom":16.125},{"_mousePosition":[683,384],"_rootPartCFrame":[750.745,235.198,47.234,0.166,0,-0.986,0,1,0,0.986,0,0.166],"_humanoidState":8,"_cameraCFrame":[747.104,251.777,49.971,0.248,0.933,-0.26,0,0.269,0.963,0.969,-0.239,0.067],"_shiftlockState":true,"_pose":"Running","_animationQueue":[["walk",0.1]],"_animationSpeed":1.103,"_zoom":16.125},{"_mousePosition":[683,384],"_rootPartCFrame":[750.759,236.268,47.567,0.256,0,-0.967,0,1,0,0.967,0,0.256],"_humanoidState":3,"_cameraCFrame":[747.358,251.775,50.633,0.335,0.902,-0.273,0,0.289,0.957,0.942,-0.321,0.097],"_shiftlockState":true,"_pose":"Jumping","_animationQueue":[["walk",0.1],["jump",0.1]],"_animationSpeed":1,"_zoom":16.125},{"_mousePosition":[683,384],"_rootPartCFrame":[750.783,236.869,47.764,0.277,0,-0.961,0,1,0,0.961,0,0.277],"_humanoidState":5,"_cameraCFrame":[747.463,251.773,51.019,0.38,0.881,-0.283,0,0.306,0.952,0.925,-0.362,0.116],"_shiftlockState":true,"_pose":"FreeFall","_animationQueue":[["jump",0.1]],"_animationSpeed":1,"_zoom":16.125},{"_mousePosition":[683,384],"_rootPartCFrame":[750.848,237.623,48.021,0.262,0,-0.965,0,1,0,0.965,0,0.262],"_humanoidState":5,"_cameraCFrame":[747.701,251.773,51.239,0.387,0.876,-0.287,0,0.312,0.95,0.922,-0.368,0.12],"_shiftlockState":true,"_pose":"FreeFall","_animationQueue":[],"_animationSpeed":1,"_zoom":16.125},{"_mousePosition":[683,384],"_rootPartCFrame":[750.945,238.323,48.269,0.262,0,-0.965,0,1,0,0.965,0,0.262],"_humanoidState":5,"_cameraCFrame":[748.009,251.773,51.398,0.387,0.876,-0.287,0,0.312,0.95,0.922,-0.368,0.12],"_shiftlockState":true,"_pose":"FreeFall","_animationQueue":[],"_animationSpeed":1,"_zoom":16.125},{"_mousePosition":[683,384],"_rootPartCFrame":[751.048,238.968,48.515,0.261,0,-0.965,0,1,0,0.965,0,0.261],"_humanoidState":5,"_cameraCFrame":[748.307,251.773,51.563,0.387,0.876,-0.287,0,0.312,0.95,0.922,-0.368,0.12],"_shiftlockState":true,"_pose":"FreeFall","_animationQueue":[],"_animationSpeed":1,"_zoom":16.125},{"_mousePosition":[683,384],"_rootPartCFrame":[751.151,239.558,48.761,0.261,0,-0.965,0,1,0,0.965,0,0.261],"_humanoidState":5,"_cameraCFrame":[748.589,251.773,51.734,0.387,0.876,-0.287,0,0.312,0.95,0.922,-0.368,0.12],"_shiftlockState":true,"_pose":"FreeFall","_animationQueue":[],"_animationSpeed":1,"_zoom":16.125},{"_mousePosition":[683,384],"_rootPartCFrame":[751.254,240.094,49.007,0.261,0,-0.965,0,1,0,0.965,0,0.261],"_humanoidState":5,"_cameraCFrame":[748.854,251.773,51.912,0.387,0.876,-0.287,0,0.312,0.95,0.922,-0.368,0.12],"_shiftlockState":true,"_pose":"FreeFall","_animationQueue":[],"_animationSpeed":1,"_zoom":16.125},{"_mousePosition":[683,384],"_rootPartCFrame":[751.357,240.575,49.253,0.261,0,-0.965,0,1,0,0.965,0,0.261],"_humanoidState":5,"_cameraCFrame":[749.103,251.773,52.096,0.387,0.876,-0.287,0,0.312,0.95,0.922,-0.368,0.12],"_shiftlockState":true,"_pose":"FreeFall","_animationQueue":[],"_animationSpeed":1,"_zoom":16.125},{"_mousePosition":[683,384],"_rootPartCFrame":[751.461,241.002,49.499,0.261,0,-0.965,0,1,0,0.965,0,0.261],"_humanoidState":5,"_cameraCFrame":[749.335,251.773,52.288,0.387,0.876,-0.287,0,0.312,0.95,0.922,-0.368,0.12],"_shiftlockState":true,"_pose":"FreeFall","_animationQueue":[],"_animationSpeed":1,"_zoom":16.125},{"_mousePosition":[683,384],"_rootPartCFrame":[751.564,241.375,49.745,0.261,0,-0.965,0,1,0,0.965,0,0.261],"_humanoidState":5,"_cameraCFrame":[749.551,251.773,52.487,0.387,0.876,-0.287,0,0.312,0.95,0.922,-0.368,0.12],"_shiftlockState":true,"_pose":"FreeFall","_animationQueue":[],"_animationSpeed":1,"_zoom":16.125},{"_mousePosition":[683,384],"_rootPartCFrame":[751.667,241.693,49.991,0.261,0,-0.965,0,1,0,0.965,0,0.261],"_humanoidState":5,"_cameraCFrame":[749.75,251.773,52.692,0.387,0.876,-0.287,0,0.312,0.95,0.922,-0.368,0.12],"_shiftlockState":true,"_pose":"FreeFall","_animationQueue":[],"_animationSpeed":1,"_zoom":16.125},{"_mousePosition":[683,384],"_rootPartCFrame":[751.77,241.956,50.237,0.261,0,-0.965,0,1,0,0.965,0,0.261],"_humanoidState":5,"_cameraCFrame":[749.933,251.773,52.905,0.387,0.876,-0.287,0,0.312,0.95,0.922,-0.368,0.12],"_shiftlockState":true,"_pose":"FreeFall","_animationQueue":[],"_animationSpeed":1,"_zoom":16.125},{"_mousePosition":[683,384],"_rootPartCFrame":[751.874,242.165,50.482,0.261,0,-0.965,0,1,0,0.965,0,0.261],"_humanoidState":5,"_cameraCFrame":[750.099,251.773,53.124,0.387,0.876,-0.287,0,0.312,0.95,0.922,-0.368,0.12],"_shiftlockState":true,"_pose":"FreeFall","_animationQueue":[],"_animationSpeed":1,"_zoom":16.125},{"_mousePosition":[683,384],"_rootPartCFrame":[751.977,242.319,50.728,0.261,0,-0.965,0,1,0,0.965,0,0.261],"_humanoidState":5,"_cameraCFrame":[750.265,251.772,53.395,0.403,0.869,-0.288,0,0.315,0.949,0.915,-0.383,0.127],"_shiftlockState":true,"_pose":"FreeFall","_animationQueue":[],"_animationSpeed":1,"_zoom":16.125},{"_mousePosition":[683,384],"_rootPartCFrame":[752.08,242.419,50.974,0.278,0,-0.961,0,1,0,0.961,0,0.278],"_humanoidState":5,"_cameraCFrame":[750.515,251.817,53.712,0.447,0.849,-0.282,0,0.315,0.949,0.895,-0.424,0.141],"_shiftlockState":true,"_pose":"FreeFall","_animationQueue":[],"_animationSpeed":1,"_zoom":16.125},{"_mousePosition":[683,384],"_rootPartCFrame":[752.187,242.464,51.219,0.324,0,-0.946,0,1,0,0.946,0,0.324],"_humanoidState":5,"_cameraCFrame":[750.621,252.493,54.211,0.518,0.81,-0.274,0,0.321,0.947,0.856,-0.49,0.166],"_shiftlockState":true,"_pose":"FreeFall","_animationQueue":[],"_animationSpeed":1,"_zoom":16.125},{"_mousePosition":[683,384],"_rootPartCFrame":[752.304,242.455,51.458,0.399,0,-0.917,0,1,0,0.917,0,0.399],"_humanoidState":5,"_cameraCFrame":[750.755,253.216,54.835,0.605,0.75,-0.266,0,0.334,0.943,0.796,-0.571,0.202],"_shiftlockState":true,"_pose":"FreeFall","_animationQueue":[],"_animationSpeed":1,"_zoom":16.125},{"_mousePosition":[683,384],"_rootPartCFrame":[752.438,242.392,51.688,0.494,0,-0.869,0,1,0,0.869,0,0.494],"_humanoidState":5,"_came