[{"_mousePosition":[629,251],"_rootPartCFrame":[776.028,222.7,47.142,0,0,1,0,1,0,-1,0,0],"_humanoidState":8,"_cameraCFrame":[784.408,237.973,46.864,-0.033,-0.854,0.52,0,0.52,0.854,-0.999,0.028,-0.017],"_shiftlockState":false,"_pose":"Standing","_animationQueue":[],"_animationSpeed":1,"_zoom":16.125},{"_mousePosition":[629,251],"_rootPartCFrame":[775.781,222.7,47.151,-0.005,0,1,0,1,0,-1,0,-0.005],"_humanoidState":8,"_cameraCFrame":[784.054,238.038,46.876,-0.033,-0.858,0.513,0,0.513,0.858,-0.999,0.028,-0.017],"_shiftlockState":false,"_pose":"Standing","_animationQueue":[],"_animationSpeed":1,"_zoom":16.125},{"_mousePosition":[629,251],"_rootPartCFrame":[775.515,222.7,47.159,-0.008,0,1,0,1,0,-1,0,-0.008],"_humanoidState":8,"_cameraCFrame":[783.68,238.102,46.888,-0.033,-0.862,0.506,0,0.507,0.862,-0.999,0.029,-0.017],"_shiftlockState":false,"_pose":"Running","_animationQueue":[["walk",0.1]],"_animationSpeed":1.066,"_zoom":16.125},{"_mousePosition":[629,251],"_rootPartCFrame":[775.249,222.7,47.168,-0.012,0,1,0,1,0,-1,0,-0.012],"_humanoidState":8,"_cameraCFrame":[783.251,238.197,46.903,-0.033,-0.868,0.496,0,0.497,0.868,-0.999,0.029,-0.016],"_shiftlockState":false,"_pose":"Running","_animationQueue":[],"_animationSpeed":1.066,"_zoom":16.125},{"_mousePosition":[629,251],"_rootPartCFrame":[774.982,222.7,47.177,-0.015,0,1,0,1,0,-1,0,-0.015],"_humanoidState":8,"_cameraCFrame":[782.848,238.274,46.916,-0.033,-0.872,0.488,0,0.488,0.873,-0.999,0.029,-0.016],"_shiftlockState":false,"_pose":"Running","_animationQueue":[],"_animationSpeed":1.066,"_zoom":16.125},{"_mousePosition":[629,251],"_rootPartCFrame":[774.716,222.7,47.186,-0.017,0,1,0,1,0,-1,0,-0.017],"_humanoidState":8,"_cameraCFrame":[782.416,238.365,46.93,-0.033,-0.878,0.478,0,0.478,0.878,-0.999,0.029,-0.016],"_shiftlockState":false,"_pose":"Running","_animationQueue":[],"_animationSpeed":1.066,"_zoom":16.125},{"_mousePosition":[629,251],"_rootPartCFrame":[774.449,222.7,47.195,-0.019,0,1,0,1,0,-1,0,-0.019],"_humanoidState":8,"_cameraCFrame":[782.011,238.439,46.925,-0.036,-0.883,0.469,0,0.469,0.883,-0.999,0.032,-0.017],"_shiftlockState":false,"_pose":"Running","_animationQueue":[["walk",0.1]],"_animationSpeed":1.066,"_zoom":16.125},{"_mousePosition":[629,251],"_rootPartCFrame":[774.183,222.7,47.204,-0.021,0,1,0,1,0,-1,0,-0.021],"_humanoidState":8,"_cameraCFrame":[781.577,238.527,46.921,-0.038,-0.888,0.459,0,0.459,0.889,-0.999,0.034,-0.018],"_shiftlockState":false,"_pose":"Running","_animationQueue":[],"_animationSpeed":1.066,"_zoom":16.125},{"_mousePosition":[629,251],"_rootPartCFrame":[773.917,222.7,47.213,-0.023,0,1,0,1,0,-1,0,-0.023],"_humanoidState":8,"_cameraCFrame":[781.114,238.626,46.919,-0.041,-0.894,0.446,0,0.447,0.895,-0.999,0.036,-0.018],"_shiftlockState":false,"_pose":"Running","_animationQueue":[],"_animationSpeed":1.066,"_zoom":16.125},{"_mousePosition":[629,251],"_rootPartCFrame":[773.65,222.7,47.223,-0.025,0,1,0,1,0,-1,0,-0.025],"_humanoidState":8,"_cameraCFrame":[780.65,238.723,46.938,-0.041,-0.9,0.434,0,0.434,0.901,-0.999,0.037,-0.018],"_shiftlockState":false,"_pose":"Running","_animationQueue":[],"_animationSpeed":1.066,"_zoom":16.125},{"_mousePosition":[629,251],"_rootPartCFrame":[773.384,222.7,47.234,-0.027,0,1,0,1,0,-1,0,-0.027],"_humanoidState":8,"_cameraCFrame":[780.213,238.804,46.955,-0.041,-0.905,0.424,0,0.424,0.906,-0.999,0.037,-0.017],"_shiftlockState":false,"_pose":"Running","_animationQueue":[],"_animationSpeed":1.066,"_zoom":16.125},{"_mousePosition":[629,251],"_rootPartCFrame":[773.117,222.7,47.245,-0.029,0,1,0,1,0,-1,0,-0.029],"_humanoidState":8,"_cameraCFrame":[779.833,238.857,46.971,-0.041,-0.908,0.416,0,0.417,0.909,-0.999,0.037,-0.017],"_shiftlockState":false,"_pose":"Running","_animationQueue":[],"_animationSpeed":1.066,"_zoom":16.125},{"_mousePosition":[629,251],"_rootPartCFrame":[772.851,222.7,47.256,-0.031,0,1,0,1,0,-1,0,-0.031],"_humanoidState":8,"_cameraCFrame":[779.423,238.922,46.988,-0.041,-0.912,0.408,0,0.408,0.913,-0.999,0.037,-0.017],"_shiftlockState":false,"_pose":"Running","_animationQueue":[["walk",0.1]],"_animationSpeed":1.066,"_zoom":16.125},{"_mousePosition":[629,251],"_rootPartCFrame":[772.584,222.7,47.267,-0.032,0,0.999,0,1,0,-0.999,0,-0.032],"_humanoidState":8,"_cameraCFrame":[779.1,238.947,47.017,-0.038,-0.914,0.404,0,0.404,0.915,-0.999,0.035,-0.015],"_shiftlockState":false,"_pose":"Running","_animationQueue":[],"_animationSpeed":1.066,"_zoom":16.125},{"_mousePosition":[629,251],"_rootPartCFrame":[772.318,222.7,47.277,-0.033,0,0.999,0,1,0,-0.999,0,-0.033],"_humanoidState":8,"_cameraCFrame":[778.748,238.985,47.048,-0.036,-0.916,0.399,0,0.399,0.917,-0.999,0.033,-0.014],"_shiftlockState":false,"_pose":"Running","_animationQueue":[],"_animationSpeed":1.066,"_zoom":16.125},{"_mousePosition":[629,251],"_rootPartCFrame":[772.051,222.7,47.288,-0.034,0,0.999,0,1,0,-0.999,0,-0.034],"_humanoidState":8,"_cameraCFrame":[778.367,239.035,47.078,-0.033,-0.92,0.392,0,0.392,0.92,-0.999,0.031,-0.013],"_shiftlockState":false,"_pose":"Running","_animationQueue":[],"_animationSpeed":1.066,"_zoom":16.125},{"_mousePosition":[629,251],"_rootPartCFrame":[771.785,222.7,47.297,-0.034,0,0.999,0,1,0,-0.999,0,-0.034],"_humanoidState":8,"_cameraCFrame":[777.985,239.084,47.123,-0.028,-0.923,0.385,0,0.385,0.923,-1,0.026,-0.011],"_shiftlockState":false,"_pose":"Running","_animationQueue":[],"_animationSpeed":1.066,"_zoom":16.125},{"_mousePosition":[629,251],"_rootPartCFrame":[771.518,222.7,47.306,-0.034,0,0.999,0,1,0,-0.999,0,-0.034],"_humanoidState":8,"_cameraCFrame":[777.603,239.132,47.15,-0.026,-0.926,0.377,0,0.377,0.926,-1,0.024,-0.01],"_shiftlockState":false,"_pose":"Running","_animationQueue":[],"_animationSpeed":1.066,"_zoom":16.125},{"_mousePosition":[629,251],"_rootPartCFrame":[771.252,222.7,47.314,-0.033,0,0.999,0,1,0,-0.999,0,-0.033],"_humanoidState":8,"_cameraCFrame":[777.221,239.179,47.191,-0.021,-0.929,0.37,0,0.37,0.929,-1,0.019,-0.008],"_shiftlockState":false,"_pose":"Running","_animationQueue":[],"_animationSpeed":1.066,"_zoom":16.125},{"_mousePosition":[629,251],"_rootPartCFrame":[770.985,222.7,47.321,-0.032,0,0.999,0,1,0,-0.999,0,-0.032],"_humanoidState":8,"_cameraCFrame":[776.838,239.225,47.23,-0.015,-0.932,0.363,0,0.363,0.932,-1,0.014,-0.006],"_shiftlockState":false,"_pose":"Running","_animationQueue":[["walk",0.1]],"_animationSpeed":1.066,"_zoom":16.125},{"_mousePosition":[629,251],"_rootPartCFrame":[770.718,222.7,47.326,-0.031,0,1,0,1,0,-1,0,-0.031],"_humanoidState":8,"_cameraCFrame":[776.454,239.27,47.267,-0.01,-0.935,0.356,0,0.356,0.935,-1,0.01,-0.004],"_shiftlockState":false,"_pose":"Running","_animationQueue":[],"_animationSpeed":1.066,"_zoom":16.125},{"_mousePosition":[629,251],"_rootPartCFrame":[770.452,223.563,47.332,-0.029,0,1,0,1,0,-1,0,-0.029],"_humanoidState":3,"_cameraCFrame":[776.07,240.177,47.302,-0.005,-0.937,0.348,0,0.348,0.937,-1,0.005,-0.002],"_shiftlockState":false,"_pose":"Jumping","_animationQueue":[["walk",0.1],["jump",0.1]],"_animationSpeed":1,"_zoom":16.125},{"_mousePosition":[629,251],"_rootPartCFrame":[770.185,224.371,47.335,-0.027,0,1,0,1,0,-1,0,-0.027],"_humanoidState":5,"_cameraCFrame":[775.745,241.007,47.319,-0.003,-0.939,0.345,0,0.345,0.939,-1,0.003,-0.001],"_shiftlockState":false,"_pose":"FreeFall","_animationQueue":[["jump",0.1]],"_animationSpeed":1,"_zoom":16.125},{"_mousePosition":[629,251],"_rootPartCFrame":[769.985,224.941,47.336,-0.025,0,1,0,1,0,-1,0,-0.025],"_humanoidState":5,"_cameraCFrame":[775.515,241.589,47.321,-0.003,-0.939,0.343,0,0.343,0.939,-1,0.003,-0.001],"_shiftlockState":false,"_pose":"FreeFall","_animationQueue":[],"_animationSpeed":1,"_zoom":16.125},{"_mousePosition":[629,251],"_rootPartCFrame":[769.652,225.824,47.337,-0.021,0,1,0,1,0,-1,0,-0.021],"_humanoidState":5,"_cameraCFrame":[775.182,242.471,47.322,-0.003,-0.939,0.343,0,0.343,0.939,-1,0.003,-0.001],"_shiftlockState":false,"_pose":"FreeFall","_animationQueue":[],"_animationSpeed":1,"_zoom":16.125},{"_mousePosition":[629,251],"_rootPartCFrame":[769.385,226.469,47.338,-0.019,0,1,0,1,0,-1,0,-0.019],"_humanoidState":5,"_cameraCFrame":[774.915,243.116,47.322,-0.003,-0.939,0.343,0,0.343,0.939,-1,0.003,-0.001],"_shiftlockState":false,"_pose":"FreeFall","_animationQueue":[],"_animationSpeed":1,"_zoom":16.125},{"_mousePosition":[629,251],"_rootPartCFrame":[769.119,227.06,47.339,-0.016,0,1,0,1,0,-1,0,-0.016],"_humanoidState":5,"_cameraCFrame":[774.619,243.717,47.323,-0.003,-0.94,0.341,0,0.341,0.94,-1,0.003,-0.001],"_shiftlockState":false,"_pose":"FreeFall","_animationQueue":[],"_animationSpeed":1,"_zoom":16.125},{"_mousePosition":[629,251],"_rootPartCFrame":[768.852,227.595,47.339,-0.015,0,1,0,1,0,-1,0,-0.015],"_humanoidState":5,"_cameraCFrame":[774.323,244.264,47.338,0,-0.941,0.339,0,0.339,0.941,-1,0,0],"_shiftlockState":false,"_pose":"FreeFall","_animationQueue":[],"_animationSpeed":1,"_zoom":16.125},{"_mousePosition":[629,251],"_rootPartCFrame":[768.586,228.077,47.34,-0.013,0,1,0,1,0,-1,0,-0.013],"_humanoidState":5,"_cameraCFrame":[774.027,244.756,47.339,0,-0.941,0.337,0,0.337,0.941,-1,0,0],"_shiftlockState":false,"_pose":"FreeFall","_animationQueue":[],"_animationSpeed":1,"_zoom":16.125},{"_mousePosition":[629,251],"_rootPartCFrame":[768.386,228.402,47.34,-0.012,0,1,0,1,0,-1,0,-0.012],"_humanoidState":5,"_cameraCFrame":[773.768,245.102,47.339,0,-0.943,0.334,0,0.334,0.943,-1,0,0],"_shiftlockState":false,"_pose":"FreeFall","_animationQueue":[],"_animationSpeed":1,"_zoom":16.125},{"_mousePosition":[629,251],"_rootPartCFrame":[768.052,228.876,47.34,-0.01,0,1,0,1,0,-1,0,-0.01],"_humanoidState":5,"_cameraCFrame":[773.375,245.597,47.339,0,-0.944,0.33,0,0.33,0.944,-1,0,0],"_shiftlockState":false,"_pose":"FreeFall","_animationQueue":[],"_animationSpeed":1,"_zoom":16.125},{"_mousePosition":[629,251],"_rootPartCFrame":[767.786,229.194,47.341,-0.008,0,1,0,1,0,-1,0,-0.008],"_humanoidState":5,"_cameraCFrame":[773.079,245.925,47.339,0,-0.945,0.328,0,0.328,0.945,-1,0,0],"_shiftlockState":false,"_pose":"FreeFall","_animationQueue":[],"_animationSpeed":1,"_zoom":16.125},{"_mousePosition":[629,251],"_rootPartCFrame":[767.519,229.457,47.341,-0.007,0,1,0,1,0,-1,0,-0.007],"_humanoidState":5,"_cameraCFrame":[772.753,246.209,47.339,0,-0.946,0.325,0,0.325,0.946,-1,0,0],"_shiftlockState":false,"_pose":"FreeFall","_animationQueue":[],"_animationSpeed":1,"_zoom":16.125},{"_mousePosition":[629,251],"_rootPartCFrame":[767.253,229.666,47.341,-0.006,0,1,0,1,0,-1,0,-0.006],"_humanoidState":5,"_cameraCFrame":[772.427,246.439,47.339,0,-0.947,0.321,0,0.321,0.947,-1,0,0],"_shiftlockState":false,"_pose":"FreeFall","_animationQueue":[],"_animationSpeed":1,"_zoom":16.125},{"_mousePosition":[629,251],"_rootPartCFrame":[766.986,229.821,47.341,-0.005,0,1,0,1,0,-1,0,-0.005],"_humanoidState":5,"_cameraCFrame":[772.101,246.613,47.339,0,-0.948,0.317,0,0.317,0.948,-1,0,0],"_shiftlockState":false,"_pose":"FreeFall","_animationQueue":[],"_animationSpeed":1,"_zoom":16.125},{"_mousePosition":[629,251],"_rootPartCFrame":[766.719,229.921,47.341,-0.005,0,1,0,1,0,-1,0,-0.005],"_humanoidState":5,"_cameraCFrame":[771.745,246.743,47.339,0,-0.95,0.312,0,0.312,0.95,-1,0,0],"_shiftlockState":false,"_pose":"FreeFall","_animationQueue":[],"_animationSpeed":1,"_zoom":16.125},{"_mousePosition":[629,251],"_rootPartCFrame":[766.453,229.966,47.341,-0.004,0,1,0,1,0,-1,0,-0.004],"_humanoidState":5,"_cameraCFrame":[771.418,246.807,47.34,0,-0.951,0.308,0,0.308,0.951,-1,0,0],"_shiftlockState":false,"_pose":"FreeFall","_animationQueue":[],"_animationSpeed":1,"_zoom":16.125},{"_mousePosition":[629,251],"_rootPartCFrame":[766.186,229.957,47.341,-0.004,0,1,0,1,0,-1,0,-0.004],"_humanoidState":5,"_cameraCFrame":[771.122,246.808,47.34,0,-0.952,0.306,0,0.306,0.952,-1,0,0],"_shiftlockState":false,"_pose":"FreeFall","_animationQueue":[],"_animationSpeed":1,"_zoom":16.125},{"_mousePosition":[629,251],"_rootPartCFrame":[765.92,229.893,47.341,-0.003,0,1,0,1,0,-1,0,-0.003],"_humanoidState":5,"_cameraCFrame":[770.855,246.744,47.34,0,-0.952,0.306,0,0.306,0.952,-1,0,0],"_shiftlockState":false,"_pose":"FreeFall","_animationQueue":[],"_animationSpeed":1,"_zoom":16.125},{"_mousePosition":[629,251],"_rootPartCFrame":[765.653,229.775,47.341,-0.003,0,1,0,1,0,-1,0,-0.003],"_humanoidState":5,"_cameraCFrame":[770.589,246.626,47.34,0,-0.952,0.306,0,0.306,0.952,-1,0,0],"_shiftlockState":false,"_pose":"FreeFall","_animationQueue":[["fall",0.3]],"_animationSpeed":1,"_zoom":16.125},{"_mousePosition":[629,251],"_rootPartCFrame":[765.386,229.603,47.341,-0.002,0,1,0,1,0,-1,0,-0.002],"_humanoidState":5,"_cameraCFrame":[770.322,246.454,47.34,0,-0.952,0.306,0,0.306,0.952,-1,0,0],"_shiftlockState":false,"_pose":"FreeFall","_animationQueue":[],"_animationSpeed":1,"_zoom":16.125},{"_mousePosition":[629,251],"_rootPartCFrame":[765.186,229.437,47.341,-0.002,0,1,0,1,0,-1,0,-0.002],"_humanoidState":5,"_cameraCFrame":[770.092,246.298,47.34,0,-0.953,0.304,0,0.304,0.953,-1,0,0],"_shiftlockState":false,"_pose":"FreeFall","_animationQueue":[],"_animationSpeed":1,"_zoom":16.125},{"_mousePosition":[629,251],"_rootPartCFrame":[764.853,229.094,47.341,-0.002,0,1,0,1,0,-1,0,-0.002],"_humanoidState":5,"_cameraCFrame":[769.759,245.954,47.34,0,-0.953,0.304,0,0.304,0.953,-1,0,0],"_shiftlockState":false,"_pose":"FreeFall","_animationQueue":[],"_animationSpeed":1,"_zoom":16.125},{"_mousePosition":[629,251],"_rootPartCFrame":[764.587,228.758,47.341,-0.002,0,1,0,1,0,-1,0,-0.002],"_humanoidState":5,"_cameraCFrame":[769.462,245.628,47.315,-0.005,-0.953,0.302,0,0.302,0.953,-1,0.005,-0.002],"_shiftlockState":false,"_pose":"FreeFall","_animationQueue":[],"_animationSpeed":1,"_zoom":16.125},{"_mousePosition":[629,251],"_rootPartCFrame":[764.387,228.47,47.341,-0.001,0,1,0,1,0,-1,0,-0.001],"_humanoidState":5,"_cameraCFrame":[769.232,245.35,47.316,-0.005,-0.954,0.301,0,0.301,0.954,-1,0.005,-0.002],"_shiftlockState":false,"_pose":"FreeFall","_animationQueue":[],"_animationSpeed":1,"_zoom":16.125},{"_mousePosition":[629,251],"_rootPartCFrame":[764.053,227.922,47.343,-0.002,0,1,0,1,0,-1,0,-0.002],"_humanoidState":5,"_cameraCFrame":[768.899,244.802,47.317,-0.005,-0.954,0.301,0,0.301,0.954,-1,0.005,-0.002],"_shiftlockState":false,"_pose":"FreeFall","_animationQueue":[["fall",0.3]],"_animationSpeed":1,"_zoom":16.125},{"_mousePosition":[629,251],"_rootPartCFrame":[763.787,227.422,47.344,-0.002,0,1,0,1,0,-1,0,-0.002],"_humanoidState":5,"_cameraCFrame":[768.632,244.302,47.306,-0.008,-0.954,0.301,0,0.301,0.954,-1,0.008,-0.002],"_shiftlockState":false,"_pose":"FreeFall","_animationQueue":[],"_animationSpeed":1,"_zoom":16.125},{"_mousePosition":[629,251],"_rootPartCFrame":[763.587,227.012,47.346,-0.003,0,1,0,1,0,-1,0,-0.003],"_humanoidState":5,"_cameraCFrame":[768.402,243.901,47.283,-0.013,-0.954,0.299,0,0.299,0.954,-1,0.012,-0.004],"_shiftlockState":false,"_pose":"FreeFall","_animationQueue":[],"_animationSpeed":1,"_zoom":16.125},{"_mousePosition":[629,251],"_rootPartCFrame":[763.254,226.26,47.348,-0.003,0,1,0,1,0,-1,0,-0.003],"_humanoidState":5,"_cameraCFrame":[768.009,243.167,47.263,-0.018,-0.955,0.295,0,0.295,0.956,-1,0.017,-0.005],"_shiftlockState":false,"_pose":"FreeFall","_animationQueue":[],"_animationSpeed":1,"_zoom":16.125},{"_mousePosition":[629,251],"_rootPartCFrame":[762.987,225.597,47.351,-0.005,0,1,0,1,0,-1,0,-0.005],"_humanoidState":5,"_cameraCFrame":[767.711,242.514,47.218,-0.028,-0.956,0.293,0,0.293,0.956,-1,0.027,-0.008],"_shiftlockState":false,"_pose":"FreeFall","_animationQueue":[],"_animationSpeed":1,"_zoom":16.125},{"_mousePosition":[629,251],"_rootPartCFrame":[762.72,224.879,47.356,-0.006,0,1,0,1,0,-1,0,-0.006],"_humanoidState":5,"_cameraCFrame":[767.411,241.805,47.141,-0.046,-0.956,0.291,0,0.291,0.957,-0.999,0.044,-0.013],"_shiftlockState":false,"_pose":"FreeFall","_animationQueue":[],"_animationSpeed":1,"_zoom":16.125},{"_mousePosition":[629,251],"_rootPartCFrame":[762.454,224.107,47.363,-0.009,0,1,0,1,0,-1,0,-0.009],"_humanoidState":5,"_cameraCFrame":[767.109,241.042,47.055,-0.066,-0.955,0.289,0,0.289,0.957,-0.998,0.063,-0.019],"_shiftlockState":false,"_pose":"FreeFall","_animationQueue":[],"_animationSpeed":1,"_zoom":16.125},{"_mousePosition":[629,251],"_rootPartCFrame":[762.187,223.28,47.375,-0.013,0,1,0,1,0,-1,0,-0.013],"_humanoidState":5,"_cameraCFrame":[766.779,240.234,47.012,-0.079,-0.955,0.285,0,0.286,0.958,-0.997,0.075,-0.022],"_shiftlockState":false,"_pose":"FreeFall","_animationQueue":[["fall",0.3]],"_animationSpeed":1,"_zoom":16.125},{"_mousePosition":[629,251],"_rootPartCFrame":[761.988,222.625,47.387,-0.018,0,1,0,1,0,-1,0,-0.018],"_humanoidState":7,"_cameraCFrame":[766.546,239.587,46.993,-0.086,-0.955,0.283,0,0.284,0.959,-0.996,0.083,-0.024],"_shiftlockState":false,"_pose":"FreeFall","_animationQueue":[["walk",0.1],["fall",0.3],["fall",0.3]],"_animationSpeed":1,"_zoom":16.125},{"_mousePosition":[629,251],"_rootPartCFrame":[761.655,222.49,47.413,-0.027,0,1,0,1,0,-1,0,-0.027],"_humanoidState":7,"_cameraCFrame":[766.214,239.453,47.018,-0.086,-0.955,0.283,0,0.284,0.959,-0.996,0.083,-0.024],"_shiftlockState":false,"_pose":"FreeFall","_animationQueue":[],"_animationSpeed":1,"_zoom":16.125},{"_mousePosition":[629,251],"_rootPartCFrame":[761.323,222.625,47.441,-0.037,0,0.999,0,1,0,-0.999,0,-0.037],"_humanoidState":8,"_cameraCFrame":[765.882,239.587,47.047,-0.086,-0.955,0.283,0,0.284,0.959,-0.996,0.083,-0.024],"_shiftlockState":false,"_pose":"Running","_animationQueue":[["walk",0.1],["fall",0.3],["walk",0.1]],"_animationSpeed":1.103,"_zoom":16.125},{"_mousePosition":[629,251],"_rootPartCFrame":[761.124,222.68,47.458,-0.042,0,0.999,0,1,0,-0.999,0,-0.042],"_humanoidState":8,"_cameraCFrame":[765.683,239.643,47.064,-0.086,-0.955,0.283,0,0.284,0.959,-0.996,0.083,-0.024],"_shiftlockState":false,"_pose":"Running","_animationQueue":[],"_animationSpeed":1.103,"_zoom":16.125},{"_mousePosition":[629,251],"_rootPartCFrame":[760.792,222.732,47.487,-0.05,0,0.999,0,1,0,-0.999,0,-0.05],"_humanoidState":8,"_cameraCFrame":[765.351,239.694,47.093,-0.086,-0.955,0.283,0,0.284,0.959,-0.996,0.083,-0.024],"_shiftlockState":false,"_pose":"Running","_animationQueue":[],"_animationSpeed":1.103,"_zoom":16.125},{"_mousePosition":[629,251],"_rootPartCFrame":[760.527,222.753,47.51,-0.055,0,0.998,0,1,0,-0.998,0,-0.055],"_humanoidState":8,"_cameraCFrame":[765.085,239.715,47.116,-0.086,-0.955,0.283,0,0.284,0.959,-0.996,0.083,-0.024],"_shiftlockState":false,"_pose":"Running","_animationQueue":[],"_animationSpeed":1.103,"_zoom":16.125},{"_mousePosition":[629,251],"_rootPartCFrame":[760.327,222.762,47.527,-0.059,0,0.998,0,1,0,-0.998,0,-0.059],"_humanoidState":8,"_cameraCFrame":[764.886,239.724,47.133,-0.086,-0.955,0.283,0,0.284,0.959,-0.996,0.083,-0.024],"_shiftlockState":false,"_pose":"Running","_animationQueue":[["walk",0.1]],"_animationSpeed":1.103,"_zoom":16.125},{"_mousePosition":[629,251],"_rootPartCFrame":[759.995,222.77,47.556,-0.063,0,0.998,0,1,0,-0.998,0,-0.063],"_humanoidState":8,"_cameraCFrame":[764.554,239.733,47.162,-0.086,-0.955,0.283,0,0.284,0.959,-0.996,0.083,-0.024],"_shiftlockState":false,"_pose":"Running","_animationQueue":[],"_animationSpeed":1.103,"_zoom":16.125},{"_mousePosition":[629,251],"_rootPartCFrame":[759.73,222.774,47.579,-0.067,0,0.998,0,1,0,-0.998,0,-0.067],"_humanoidState":8,"_cameraCFrame":[764.288,239.736,47.185,-0.086,-0.955,0.283,0,0.284,0.959,-0.996,0.083,-0.024],"_shiftlockState":false,"_pose":"Running","_animationQueue":[],"_animationSpeed":1.103,"_zoom":16.125},{"_mousePosition":[629,251],"_rootPartCFrame":[759.53,222.775,47.596,-0.069,0,0.998,0,1,0,-0.998,0,-0.069],"_humanoidState":8,"_cameraCFrame":[764.089,239.737,47.202,-0.086,-0.955,0.283,0,0.284,0.959,-0.996,0.083,-0.024],"_shiftlockState":false,"_pose":"Running","_animationQueue":[],"_animationSpeed":1.103,"_zoom":16.125},{"_mousePosition":[629,251],"_rootPartCFrame":[759.198,222.777,47.625,-0.072,0,0.997,0,1,0,-0.997,0,-0.072],"_humanoidState":8,"_cameraCFrame":[763.757,239.739,47.231,-0.086,-0.955,0.283,0,0.284,0.959,-0.996,0.083,-0.024],"_shiftlockState":false,"_pose":"Running","_animationQueue":[],"_animationSpeed":1.103,"_zoom":16.125},{"_mousePosition":[629,251],"_rootPartCFrame":[758.933,222.777,47.648,-0.074,0,0.997,0,1,0,-0.997,0,-0.074],"_humanoidState":8,"_cameraCFrame":[763.491,239.739,47.254,-0.086,-0.955,0.283,0,0.284,0.959,-0.996,0.083,-0.024],"_shiftlockState":false,"_pose":"Running","_animationQueue":[],"_animationSpeed":1.103,"_zoom":16.125},{"_mousePosition":[629,251],"_rootPartCFrame":[758.734,222.777,47.665,-0.075,0,0.997,0,1,0,-0.997,0,-0.075],"_humanoidState":8,"_cameraCFrame":[763.292,239.74,47.271,-0.086,-0.955,0.283,0,0.284,0.959,-0.996,0.083,-0.024],"_shiftlockState":false,"_pose":"Running","_animationQueue":[["walk",0.1]],"_animationSpeed":1.103,"_zoom":16.125},{"_mousePosition":[629,251],"_rootPartCFrame":[758.402,222.778,47.694,-0.077,0,0.997,0,1,0,-0.997,0,-0.077],"_humanoidState":8,"_cameraCFrame":[762.96,239.74,47.3,-0.086,-0.955,0.283,0,0.284,0.959,-0.996,0.083,-0.024],"_shiftlockState":false,"_pose":"Running","_animationQueue":[],"_animationSpeed":1.103,"_zoom":16.125},{"_mousePosition":[629,251],"_rootPartCFrame":[758.136,222.778,47.717,-0.078,0,0.997,0,1,0,-0.997,0,-0.078],"_humanoidState":8,"_cameraCFrame":[762.695,239.74,47.334,-0.084,-0.956,0.283,0,0.284,0.959,-0.996,0.08,-0.024],"_shiftlockState":false,"_pose":"Running","_animationQueue":[],"_animationSpeed":1.103,"_zoom":16.125},{"_mousePosition":[629,251],"_rootPartCFrame":[757.937,222.778,47.734,-0.079,0,0.997,0,1,0,-0.997,0,-0.079],"_humanoidState":8,"_cameraCFrame":[762.496,239.74,47.351,-0.084,-0.956,0.283,0,0.284,0.959,-0.996,0.08,-0.024],"_shiftlockState":false,"_pose":"Running","_animationQueue":[],"_animationSpeed":1.103,"_zoom":16.125},{"_mousePosition":[629,251],"_rootPartCFrame":[757.605,222.778,47.762,-0.08,0,0.997,0,1,0,-0.997,0,-0.08],"_humanoidState":8,"_cameraCFrame":[762.165,239.74,47.391,-0.081,-0.956,0.283,0,0.284,0.959,-0.997,0.078,-0.023],"_shiftlockState":false,"_pose":"Running","_animationQueue":[],"_animationSpeed":1.103,"_zoom":16.125},{"_mousePosition":[629,251],"_rootPartCFrame":[757.339,222.778,47.785,-0.081,0,0.997,0,1,0,-0.997,0,-0.081],"_humanoidState":8,"_cameraCFrame":[761.9,239.74,47.425,-0.079,-0.956,0.283,0,0.284,0.959,-0.997,0.075,-0.022],"_shiftlockState":false,"_pose":"Running","_animationQueue":[],"_animationSpeed":1.103,"_zoom":16.125},{"_mousePosition":[629,251],"_rootPartCFrame":[757.007,222.778,47.812,-0.081,0,0.997,0,1,0,-0.997,0,-0.081],"_humanoidState":8,"_cameraCFrame":[761.57,239.74,47.475,-0.074,-0.956,0.283,0,0.284,0.959,-0.997,0.071,-0.021],"_shiftlockState":false,"_pose":"Running","_animationQueue":[["walk",0.1]],"_animationSpeed":1.103,"_zoom":16.125},{"_mousePosition":[629,251],"_rootPartCFrame":[756.741,222.778,47.833,-0.081,0,0.997,0,1,0,-0.997,0,-0.081],"_humanoidState":8,"_cameraCFrame":[761.306,239.74,47.531,-0.066,-0.957,0.283,0,0.284,0.959,-0.998,0.063,-0.019],"_shiftlockState":false,"_pose":"Running","_animationQueue":[],"_animationSpeed":1.103,"_zoom":16.125},{"_mousePosition":[629,251],"_rootPartCFrame":[756.475,222.778,47.853,-0.08,0,0.997,0,1,0,-0.997,0,-0.08],"_humanoidState":8,"_cameraCFrame":[761.041,239.74,47.562,-0.063,-0.957,0.283,0,0.284,0.959,-0.998,0.061,-0.018],"_shiftlockState":false,"_pose":"Running","_animationQueue":[],"_animationSpeed":1.103,"_zoom":16.125},{"_mousePosition":[629,251],"_rootPartCFrame":[756.209,222.778,47.87,-0.078,0,0.997,0,1,0,-0.997,0,-0.078],"_humanoidState":8,"_cameraCFrame":[760.776,239.74,47.591,-0.061,-0.957,0.283,0,0.284,0.959,-0.998,0.058,-0.017],"_shiftlockState":false,"_pose":"Running","_animationQueue":[],"_animationSpeed":1.103,"_zoom":16.125},{"_mousePosition":[629,251],"_rootPartCFrame":[755.943,222.778,47.887,-0.076,0,0.997,0,1,0,-0.997,0,-0.076],"_humanoidState":8,"_cameraCFrame":[760.51,239.74,47.62,-0.058,-0.957,0.283,0,0.284,0.959,-0.998,0.056,-0.017],"_shiftlockState":false,"_pose":"Running","_animationQueue":[],"_animationSpeed":1.103,"_zoom":16.125},{"_mousePosition":[629,251],"_rootPartCFrame":[755.677,222.778,47.904,-0.074,0,0.997,0,1,0,-0.997,0,-0.074],"_humanoidState":8,"_cameraCFrame":[760.245,239.74,47.648,-0.056,-0.957,0.283,0,0.284,0.959,-0.998,0.054,-0.016],"_shiftlockState":false,"_pose":"Running","_animationQueue":[],"_animationSpeed":1.103,"_zoom":16.125},{"_mousePosition":[629,251],"_rootPartCFrame":[755.544,222.778,47.911,-0.073,0,0.997,0,1,0,-0.997,0,-0.073],"_humanoidState":8,"_cameraCFrame":[760.112,239.74,47.656,-0.056,-0.957,0.283,0,0.284,0.959,-0.998,0.054,-0.016],"_shiftlockState":false,"_pose":"Running","_animationQueue":[],"_animationSpeed":1.103,"_zoom":16.125},{"_mousePosition":[629,251],"_rootPartCFrame":[755.144,222.778,47.934,-0.07,0,0.998,0,1,0,-0.998,0,-0.07],"_humanoidState":8,"_cameraCFrame":[759.712,239.74,47.678,-0.056,-0.957,0.283,0,0.284,0.959,-0.998,0.054,-0.016],"_shiftlockState":false,"_pose":"Running","_animationQueue":[["walk",0.1]],"_animationSpeed":1.103,"_zoom":16.125},{"_mousePosition":[629,251],"_rootPartCFrame":[754.878,222.778,47.949,-0.068,0,0.998,0,1,0,-0.998,0,-0.068],"_humanoidState":8,"_cameraCFrame":[759.446,239.74,47.693,-0.056,-0.957,0.283,0,0.284,0.959,-0.998,0.054,-0.016],"_shiftlockState":false,"_pose":"Running","_animationQueue":[],"_animationSpeed":1.103,"_zoom":16.125},{"_mousePosition":[629,251],"_rootPartCFrame":[754.745,222.778,47.956,-0.067,0,0.998,0,1,0,-0.998,0,-0.067],"_humanoidState":8,"_cameraCFrame":[759.313,239.74,47.7,-0.056,-0.957,0.283,0,0.284,0.959,-0.998,0.054,-0.016],"_shiftlockState":false,"_pose":"Running","_animationQueue":[],"_animationSpeed":1.103,"_zoom":16.125},{"_mousePosition":[629,251],"_rootPartCFrame":[754.346,222.778,47.979,-0.065,0,0.998,0,1,0,-0.998,0,-0.065],"_humanoidState":8,"_cameraCFrame":[758.914,239.74,47.723,-0.056,-0.957,0.283,0,0.284,0.959,-0.998,0.054,-0.016],"_shiftlockState":false,"_pose":"Running","_animationQueue":[],"_animationSpeed":1.103,"_zoom":16.125},{"_mousePosition":[629,251],"_rootPartCFrame":[754.079,222.778,47.993,-0.064,0,0.998,0,1,0,-0.998,0,-0.064],"_humanoidState":8,"_cameraCFrame":[758.648,239.74,47.738,-0.056,-0.957,0.283,0,0.284,0.959,-0.998,0.054,-0.016],"_shiftlockState":false,"_pose":"Running","_animationQueue":[],"_animationSpeed":1.103,"_zoom":16.125},{"_mousePosition":[629,251],"_rootPartCFrame":[753.813,222.778,48.008,-0.062,0,0.998,0,1,0,-0.998,0,-0.062],"_humanoidState":8,"_cameraCFrame":[758.381,239.74,47.753,-0.056,-0.957,0.283,0,0.284,0.959,-0.998,0.054,-0.016],"_shiftlockState":false,"_pose":"Running","_animationQueue":[],"_animationSpeed":1.103,"_zoom":16.125},{"_mousePosition":[629,251],"_rootPartCFrame":[753.547,222.778,48.023,-0.062,0,0.998,0,1,0,-0.998,0,-0.062],"_humanoidState":8,"_cameraCFrame":[758.115,239.74,47.767,-0.056,-0.957,0.283,0,0.284,0.959,-0.998,0.054,-0.016],"_shiftlockState":false,"_pose":"Running","_animationQueue":[],"_animationSpeed":1.103,"_zoom":16.125},{"_mousePosition":[629,251],"_rootPartCFrame":[753.281,222.778,48.038,-0.061,0,0.998,0,1,0,-0.998,0,-0.061],"_humanoidState":8,"_cameraCFrame":[757.849,239.74,47.782,-0.056,-0.957,0.283,0,0.284,0.959,-0.998,0.054,-0.016],"_shiftlockState":false,"_pose":"Running","_animationQueue":[["walk",0.1]],"_animationSpeed":1.103,"_zoom":16.125},{"_mousePosition":[629,251],"_rootPartCFrame":[753.147,222.778,48.046,-0.06,0,0.998,0,1,0,-0.998,0,-0.06],"_humanoidState":8,"_cameraCFrame":[757.716,239.74,47.79,-0.056,-0.957,0.283,0,0.284,0.959,-0.998,0.054,-0.016],"_shiftlockState":false,"_pose":"Running","_animationQueue":[],"_animationSpeed":1.103,"_zoom":16.125},{"_mousePosition":[629,251],"_rootPartCFrame":[752.748,222.778,48.068,-0.06,0,0.998,0,1,0,-0.998,0,-0.06],"_humanoidState":8,"_cameraCFrame":[757.316,239.74,47.801,-0.058,-0.957,0.283,0,0.284,0.959,-0.998,0.056,-0.017],"_shiftlockState":false,"_pose":"Running","_animationQueue":[],"_animationSpeed":1.103,"_zoom":16.125},{"_mousePosition":[629,251],"_rootPartCFrame":[752.482,222.778,48.083,-0.059,0,0.998,0,1,0,-0.998,0,-0.059],"_humanoidState":8,"_cameraCFrame":[757.047,239.74,47.769,-0.069,-0.957,0.283,0,0.284,0.959,-0.998,0.066,-0.019],"_shiftlockState":false,"_pose":"Running","_animationQueue":[],"_animationSpeed":1.103,"_zoom":16.125},{"_mousePosition":[629,251],"_rootPartCFrame":[752.216,222.778,48.098,-0.059,0,0.998,0,1,0,-0.998,0,-0.059],"_humanoidState":8,"_cameraCFrame":[756.774,239.74,47.704,-0.086,-0.955,0.283,0,0.284,0.959,-0.996,0.083,-0.024],"_shiftlockState":false,"_pose":"Running","_animationQueue":[],"_animationSpeed":1.103,"_zoom":16.125},{"_mousePosition":[629,251],"_rootPartCFrame":[751.95,222.778,48.117,-0.06,0,0.998,0,1,0,-0.998,0,-0.06],"_humanoidState":8,"_cameraCFrame":[756.469,239.749,47.633,-0.106,-0.954,0.28,0,0.282,0.959,-0.994,0.102,-0.03],"_shiftlockState":false,"_pose":"Running","_animationQueue":[],"_animationSpeed":1.103,"_zoom":16.125},{"_mousePosition":[629,251],"_rootPartCFrame":[751.684,222.778,48.139,-0.063,0,0.998,0,1,0,-0.998,0,-0.063],"_humanoidState":8,"_cameraCFrame":[756.128,239.767,47.538,-0.134,-0.952,0.276,0,0.278,0.961,-0.991,0.129,-0.037],"_shiftlockState":false,"_pose":"Running","_animationQueue":[["walk",0.1]],"_animationSpeed":1.103,"_zoom":16.125},{"_mousePosition":[629,251],"_rootPartCFrame":[751.419,222.778,48.167,-0.069,0,0.998,0,1,0,-0.998,0,-0.069],"_humanoidState":8,"_cameraCFrame":[755.809,239.775,47.414,-0.169,-0.947,0.272,0,0.276,0.961,-0.986,0.162,-0.047],"_shiftlockState":false,"_pose":"Running","_animationQueue":[],"_animationSpeed":1.103,"_zoom":16.125},{"_mousePosition":[629,251],"_rootPartCFrame":[751.154,222.778,48.202,-0.077,0,0.997,0,1,0,-0.997,0,-0.077],"_humanoidState":8,"_cameraCFrame":[755.456,239.792,47.307,-0.204,-0.942,0.267,0,0.273,0.962,-0.979,0.196,-0.056],"_shiftlockState":false,"_pose":"Running","_animationQueue":[],"_animationSpeed":1.103,"_zoom":16.125},{"_mousePosition":[629,251],"_rootPartCFrame":[750.891,222.778,48.247,-0.089,0,0.996,0,1,0,-0.996,0,-0.089],"_humanoidState":8,"_cameraCFrame":[755.095,239.809,47.192,-0.243,-0.934,0.261,0,0.269,0.963,-0.97,0.234,-0.065],"_shiftlockState":false,"_pose":"Running","_animationQueue":[],"_animationSpeed":1.103,"_zoom":16.125},{"_mousePosition":[629,251],"_rootPartCFrame":[750.63,222.778,48.3,-0.104,0,0.995,0,1,0,-0.995,0,-0.104],"_humanoidState":8,"_cameraCFrame":[754.739,239.826,47.125,-0.275,-0.927,0.255,0,0.265,0.964,-0.961,0.265,-0.073],"_shiftlockState":false,"_pose":"Running","_animationQueue":[],"_animationSpeed":1.103,"_zoom":16.125},{"_mousePosition":[629,251],"_rootPartCFrame":[750.371,222.778,48.364,-0.123,0,0.992,0,1,0,-0.992,0,-0.123],"_humanoidState":8,"_cameraCFrame":[754.381,239.843,47.073,-0.307,-0.919,0.249,0,0.261,0.965,-0.952,0.296,-0.08],"_shiftlockState":false,"_pose":"Running","_animationQueue":[],"_animationSpeed":1.103,"_zoom":16.125},{"_mousePosition":[629,251],"_rootPartCFrame":[750.115,222.778,48.437,-0.143,0,0.99,0,1,0,-0.99,0,-0.143],"_humanoidState":8,"_cameraCFrame":[754.118,239.843,47.125,-0.311,-0.917,0.248,0,0.261,0.965,-0.95,0.301,-0.081],"_shiftlockState":false,"_pose":"Running","_animationQueue":[],"_animationSpeed":1.103,"_zoom":16.125},{"_mousePosition":[629,251],"_rootPartCFrame":[749.988,222.778,48.477,-0.154,0,0.988,0,1,0,-0.988,0,-0.154],"_humanoidState":8,"_cameraCFrame":[753.991,239.843,47.165,-0.311,-0.917,0.248,0,0.261,0.965,-0.95,0.301,-0.081],"_shiftlockState":false,"_pose":"Running","_animationQueue":[["walk",0.1]],"_animationSpeed":1.103,"_zoom":16.125},{"_mousePosition":[629,251],"_rootPartCFrame":[749.607,222.778,48.601,-0.186,0,0.983,0,1,0,-0.983,0,-0.186],"_humanoidState":8,"_cameraCFrame":[753.611,239.843,47.29,-0.311,-0.917,0.248,0,0.261,0.965,-0.95,0.301,-0.081],"_shiftlockState":false,"_pose":"Running","_animationQueue":[],"_animationSpeed":1.103,"_zoom":16.125},{"_mousePosition":[629,251],"_rootPartCFrame":[749.354,222.778,48.684,-0.203,0,0.979,0,1,0,-0.979,0,-0.203],"_humanoidState":8,"_cameraCFrame":[753.357,239.843,47.373,-0.311,-0.917,0.248,0,0.261,0.965,-0.95,0.301,-0.081],"_shiftlockState":false,"_pose":"Running","_animationQueue":[],"_animationSpeed":1.103,"_zoom":16.125},{"_mousePosition":[629,251],"_rootPartCFrame":[749.101,223.641,48.767,-0.22,0,0.975,0,1,0,-0.975,0,-0.22],"_humanoidState":3,"_cameraCFrame":[753.104,240.706,47.456,-0.311,-0.917,0.248,0,0.261,0.965,-0.95,0.301,-0.081],"_shiftlockState":false,"_pose":"Jumping","_animationQueue":[["walk",0.1],["jump",0.1]],"_animationSpeed":1,"_zoom":16.125},{"_mousePosition":[629,251],"_rootPartCFrame":[748.847,224.449,48.85,-0.234,0,0.972,0,1,0,-0.972,0,-0.234],"_humanoidState":5,"_cameraCFrame":[752.85,241.514,47.539,-0.311,-0.917,0.248,0,0.261,0.965,-0.95,0.301,-0.081],"_shiftlockState":false,"_pose":"FreeFall","_animationQueue":[["jump",0.1]],"_animationSpeed":1,"_zoom":16.125},{"_mousePosition":[629,251],"_rootPartCFrame":[748.594,225.203,48.933,-0.245,0,0.969,0,1,0,-0.969,0,-0.245],"_humanoidState":5,"_cameraCFrame":[752.597,242.268,47.622,-0.311,-0.917,0.248,0,0.261,0.965,-0.95,0.301,-0.081],"_shiftlockState":false,"_pose":"FreeFall","_animationQueue":[],"_animationSpeed":1,"_zoom":16.125},{"_mousePosition":[629,251],"_rootPartCFrame":[748.404,225.733,48.996,-0.252,0,0.968,0,1,0,-0.968,0,-0.252],"_humanoidState":5,"_cameraCFrame":[752.407,242.798,47.684,-0.311,-0.917,0.248,0,0.261,0.965,-0.95,0.301,-0.081],"_shiftlockState":false,"_pose":"FreeFall","_animationQueue":[],"_animationSpeed":1,"_zoom":16.125},{"_mousePosition":[629,251],"_rootPartCFrame":[748.087,226.547,49.1,-0.263,0,0.965,0,1,0,-0.965,0,-0.263],"_humanoidState":5,"_cameraCFrame":[752.058,243.62,47.787,-0.314,-0.917,0.246,0,0.259,0.966,-0.95,0.303,-0.081],"_shiftlockState":false,"_pose":"FreeFall","_animationQueue":[],"_animationSpeed":1,"_zoom":16.125},{"_mousePosition":[629,251],"_rootPartCFrame":[747.834,227.138,49.183,-0.27,0,0.963,0,1,0,-0.963,0,-0.27],"_humanoidState":5,"_cameraCFrame":[751.805,244.211,47.87,-0.314,-0.917,0.246,0,0.259,0.966,-0.95,0.303,-0.081],"_shiftlockState":false,"_pose":"FreeFall","_animationQueue":[],"_animationSpeed":1,"_zoom":16.125},{"_mousePosition":[629,251],"_rootPartCFrame":[747.58,227.674,49.266,-0.276,0,0.961,0,1,0,-0.961,0,-0.276],"_humanoidState":5,"_cameraCFrame":[751.558,244.747,47.974,-0.309,-0.919,0.247,0,0.259,0.966,-0.951,0.298,-0.08],"_shiftlockState":false,"_pose":"FreeFall","_animationQueue":[],"_animationSpeed":1,"_zoom":16.125},{"_mousePosition":[629,251],"_rootPartCFrame":[747.327,228.155,49.35,-0.281,0,0.96,0,1,0,-0.96,0,-0.281],"_humanoidState":5,"_cameraCFrame":[751.311,245.228,48.078,-0.304,-0.92,0.247,0,0.259,0.966,-0.953,0.294,-0.079],"_shiftlockState":false,"_pose":"FreeFall","_animationQueue":[],"_animationSpeed":1,"_zoom":16.125},{"_mousePosition":[629,251],"_rootPartCFrame":[747.074,228.582,49.432,-0.285,0,0.958,0,1,0,-0.958,0,-0.285],"_humanoidState":5,"_cameraCFrame":[751.07,245.655,48.201,-0.294,-0.923,0.248,0,0.259,0.966,-0.956,0.284,-0.076],"_shiftlockState":false,"_pose":"FreeFall","_animationQueue":[],"_animationSpeed":1,"_zoom":16.125},{"_mousePosition":[629,251],"_rootPartCFrame":[746.82,228.954,49.514,-0.288,0,0.958,0,1,0,-0.958,0,-0.288],"_humanoidState":5,"_cameraCFrame":[750.826,246.027,48.312,-0.287,-0.925,0.248,0,0.259,0.966,-0.958,0.277,-0.074],"_shiftlockState":false,"_pose":"FreeFall","_animationQueue":[],"_animationSpeed":1,"_zoom":16.125},{"_mousePosition":[629,251],"_rootPartCFrame":[746.565,229.272,49.593,-0.29,0,0.957,0,1,0,-0.957,0,-0.29],"_humanoidState":5,"_cameraCFrame":[750.58,246.345,48.422,-0.28,-0.927,0.249,0,0.259,0.966,-0.96,0.27,-0.073],"_shiftlockState":false,"_pose":"FreeFall","_animationQueue":[],"_animationSpeed":1,"_zoom":16.125},{"_mousePosition":[629,251],"_rootPartCFrame":[746.31,229.536,49.669,-0.29,0,0.957,0,1,0,-0.957,0,-0.29],"_humanoidState":5,"_cameraCFrame":[750.333,246.609,48.529,-0.273,-0.929,0.25,0,0.259,0.966,-0.962,0.263,-0.071],"_shiftlockState":false,"_pose":"FreeFall","_animationQueue":[],"_animationSpeed":1,"_zoom":16.125},{"_mousePosition":[629,251],"_rootPartCFrame":[746.054,229.744,49.744,-0.289,0,0.957,0,1,0,-0.957,0,-0.289],"_humanoidState":5,"_cameraCFrame":[750.051,246.826,48.623,-0.27,-0.93,0.248,0,0.257,0.966,-0.963,0.261,-0.07],"_shiftlockState":false,"_pose":"FreeFall","_animationQueue":[],"_animationSpeed":1,"_zoom":16.125},{"_mousePosition":[629,251],"_rootPartCFrame":[745.797,229.899,49.817,-0.287,0,0.958,0,1,0,-0.958,0,-0.287],"_humanoidState":5,"_cameraCFrame":[749.795,246.98,48.696,-0.27,-0.93,0.248,0,0.257,0.966,-0.963,0.261,-0.07],"_shiftlockState":false,"_pose":"FreeFall","_animationQueue":[],"_animationSpeed":1,"_zoom":16.125},{"_mousePosition":[629,251],"_rootPartCFrame":[745.54,229.999,49.89,-0.285,0,0.959,0,1,0,-0.959,0,-0.285],"_humanoidState":5,"_cameraCFrame":[749.538,247.08,48.768,-0.27,-0.93,0.248,0,0.257,0.966,-0.963,0.261,-0.07],"_shiftlockState":false,"_pose":"FreeFall","_animationQueue":[],"_animationSpeed":1,"_zoom":16.125},{"_mousePosition":[629,251],"_rootPartCFrame":[745.284,230.044,49.962,-0.283,0,0.959,0,1,0,-0.959,0,-0.283],"_humanoidState":5,"_cameraCFrame":[749.281,247.125,48.84,-0.27,-0.93,0.248,0,0.257,0.966,-0.963,0.261,-0.07],"_shiftlockState":false,"_pose":"FreeFall","_animationQueue":[],"_animationSpeed":1,"_zoom":16.125},{"_mousePosition":[629,251],"_rootPartCFrame":[745.027,230.035,50.034,-0.281,0,0.96,0,1,0,-0.96,0,-0.281],"_humanoidState":5,"_cameraCFrame":[749.024,247.116,48.912,-0.27,-0.93,0.248,0,0.257,0.966,-0.963,0.261,-0.07],"_shiftlockState":false,"_pose":"FreeFall","_animationQueue":[["fall",0.3]],"_animationSpeed":1,"_zoom":16.125},{"_mousePosition":[629,251],"_rootPartCFrame":[744.834,229.992,50.088,-0.28,0,0.96,0,1,0,-0.96,0,-0.28],"_humanoidState":5,"_cameraCFrame":[748.832,247.074,48.966,-0.27,-0.93,0.248,0,0.257,0.966,-0.963,0.261,-0.07],"_shiftlockState":false,"_pose":"FreeFall","_animationQueue":[],"_animationSpeed":1,"_zoom":16.125},{"_mousePosition":[629,251],"_rootPartCFrame":[744.513,229.853,50.178,-0.278,0,0.961,0,1,0,-0.961,0,-0.278],"_humanoidState":5,"_cameraCFrame":[748.511,246.935,49.056,-0.27,-0.93,0.248,0,0.257,0.966,-0.963,0.261,-0.07],"_shiftlockState":false,"_pose":"FreeFall","_animationQueue":[],"_animationSpeed":1,"_zoom":16.125},{"_mousePosition":[629,251],"_rootPartCFrame":[744.256,229.681,50.25,-0.277,0,0.961,0,1,0,-0.961,0,-0.277],"_humanoidState":5,"_cameraCFrame":[748.254,246.762,49.128,-0.27,-0.93,0.248,0,0.257,0.966,-0.963,0.261,-0.07],"_shiftlockState":false,"_pose":"FreeFall","_animationQueue":[],"_animationSpeed":1,"_zoom":16.125},{"_mousePosition":[629,251],"_rootPartCFrame":[743.999,229.454,50.322,-0.276,0,0.961,0,1,0,-0.961,0,-0.276],"_humanoidState":5,"_cameraCFrame":[747.997,246.535,49.2,-0.27,-0.93,0.248,0,0.257,0.966,-0.963,0.261,-0.07],"_shiftlockState":false,"_pose":"FreeFall","_animationQueue":[],"_animationSpeed":1,"_zoom":16.125},{"_mousePosition":[629,251],"_rootPartCFrame":[743.743,229.172,50.394,-0.275,0,0.961,0,1,0,-0.961,0,-0.275],"_humanoidState":5,"_cameraCFrame":[747.74,246.253,49.272,-0.27,-0.93,0.248,0,0.257,0.966,-0.963,0.261,-0.07],"_shiftlockState":false,"_pose":"FreeFall","_animationQueue":[],"_animationSpeed":1,"_zoom":16.125},{"_mousePosition":[629,251],"_rootPartCFrame":[743.486,228.836,50.466,-0.275,0,0.962,0,1,0,-0.962,0,-0.275],"_humanoidState":5,"_cameraCFrame":[747.486,245.917,49.354,-0.268,-0.931,0.248,0,0.257,0.966,-0.963,0.259,-0.069],"_shiftlockState":false,"_pose":"FreeFall","_animationQueue":[],"_animationSpeed":1,"_zoom":16.125},{"_mousePosition":[629,251],"_rootPartCFrame":[743.229,228.445,50.538,-0.274,0,0.962,0,1,0,-0.962,0,-0.274],"_humanoidState":5,"_cameraCFrame":[747.229,245.527,49.426,-0.268,-0.931,0.248,0,0.257,0.966,-0.963,0.259,-0.069],"_shiftlockState":false,"_pose":"FreeFall","_animationQueue":[["fall",0.3]],"_animationSpeed":1,"_zoom":16.125},{"_mousePosition":[629,251],"_rootPartCFrame":[742.972,228,50.609,-0.273,0,0.962,0,1,0,-0.962,0,-0.273],"_humanoidState":5,"_cameraCFrame":[746.975,245.081,49.508,-0.265,-0.932,0.248,0,0.257,0.966,-0.964,0.256