[{"_mousePosition":[741,299],"_rootPartCFrame":[776.024,222.7,47.142,0.004,0,1,0,1,0,-1,0,0.004],"_humanoidState":8,"_cameraCFrame":[784.914,237.65,47.389,0.028,-0.834,0.551,0,0.552,0.834,-1,-0.023,0.015],"_shiftlockState":false,"_pose":"Standing","_animationQueue":[],"_animationSpeed":1,"_zoom":16.125},{"_mousePosition":[741,299],"_rootPartCFrame":[775.72,222.7,47.134,0.008,0,1,0,1,0,-1,0,0.008],"_humanoidState":8,"_cameraCFrame":[784.427,237.77,47.376,0.028,-0.841,0.54,0,0.54,0.842,-1,-0.023,0.015],"_shiftlockState":false,"_pose":"Standing","_animationQueue":[],"_animationSpeed":1,"_zoom":16.125},{"_mousePosition":[741,299],"_rootPartCFrame":[775.454,222.7,47.127,0.01,0,1,0,1,0,-1,0,0.01],"_humanoidState":8,"_cameraCFrame":[783.948,237.904,47.341,0.025,-0.85,0.527,0,0.527,0.85,-1,-0.021,0.013],"_shiftlockState":false,"_pose":"Running","_animationQueue":[["walk",0.1]],"_animationSpeed":1.089,"_zoom":16.125},{"_mousePosition":[741,299],"_rootPartCFrame":[775.187,222.7,47.119,0.013,0,1,0,1,0,-1,0,0.013],"_humanoidState":8,"_cameraCFrame":[783.468,238.035,47.307,0.023,-0.858,0.514,0,0.514,0.858,-1,-0.019,0.012],"_shiftlockState":false,"_pose":"Running","_animationQueue":[],"_animationSpeed":1.089,"_zoom":16.125},{"_mousePosition":[741,299],"_rootPartCFrame":[774.921,222.7,47.112,0.015,0,1,0,1,0,-1,0,0.015],"_humanoidState":8,"_cameraCFrame":[782.984,238.162,47.296,0.023,-0.866,0.5,0,0.5,0.866,-1,-0.02,0.011],"_shiftlockState":false,"_pose":"Running","_animationQueue":[],"_animationSpeed":1.089,"_zoom":16.125},{"_mousePosition":[741,299],"_rootPartCFrame":[774.654,222.7,47.106,0.016,0,1,0,1,0,-1,0,0.016],"_humanoidState":8,"_cameraCFrame":[782.555,238.256,47.266,0.02,-0.872,0.49,0,0.49,0.872,-1,-0.018,0.01],"_shiftlockState":false,"_pose":"Running","_animationQueue":[],"_animationSpeed":1.089,"_zoom":16.125},{"_mousePosition":[741,299],"_rootPartCFrame":[774.388,222.7,47.1,0.017,0,1,0,1,0,-1,0,0.017],"_humanoidState":8,"_cameraCFrame":[782.151,238.332,47.237,0.018,-0.876,0.481,0,0.482,0.876,-1,-0.015,0.009],"_shiftlockState":false,"_pose":"Running","_animationQueue":[],"_animationSpeed":1.089,"_zoom":16.125},{"_mousePosition":[741,299],"_rootPartCFrame":[774.254,222.7,47.097,0.017,0,1,0,1,0,-1,0,0.017],"_humanoidState":8,"_cameraCFrame":[781.907,238.392,47.233,0.018,-0.88,0.475,0,0.475,0.88,-1,-0.016,0.008],"_shiftlockState":false,"_pose":"Running","_animationQueue":[],"_animationSpeed":1.089,"_zoom":16.125},{"_mousePosition":[741,299],"_rootPartCFrame":[773.988,222.7,47.093,0.017,0,1,0,1,0,-1,0,0.017],"_humanoidState":8,"_cameraCFrame":[781.558,238.437,47.207,0.015,-0.883,0.469,0,0.47,0.883,-1,-0.013,0.007],"_shiftlockState":false,"_pose":"Running","_animationQueue":[],"_animationSpeed":1.089,"_zoom":16.125},{"_mousePosition":[741,299],"_rootPartCFrame":[773.588,222.7,47.086,0.017,0,1,0,1,0,-1,0,0.017],"_humanoidState":8,"_cameraCFrame":[781.019,238.51,47.179,0.013,-0.887,0.461,0,0.461,0.887,-1,-0.011,0.006],"_shiftlockState":false,"_pose":"Running","_animationQueue":[["walk",0.1]],"_animationSpeed":1.089,"_zoom":16.125},{"_mousePosition":[741,299],"_rootPartCFrame":[773.321,222.7,47.081,0.017,0,1,0,1,0,-1,0,0.017],"_humanoidState":8,"_cameraCFrame":[780.669,238.553,47.174,0.013,-0.89,0.456,0,0.456,0.89,-1,-0.011,0.006],"_shiftlockState":false,"_pose":"Running","_animationQueue":[],"_animationSpeed":1.089,"_zoom":16.125},{"_mousePosition":[741,299],"_rootPartCFrame":[773.188,222.7,47.08,0.017,0,1,0,1,0,-1,0,0.017],"_humanoidState":8,"_cameraCFrame":[780.452,238.596,47.171,0.013,-0.893,0.45,0,0.45,0.893,-1,-0.011,0.006],"_shiftlockState":false,"_pose":"Running","_animationQueue":[],"_animationSpeed":1.089,"_zoom":16.125},{"_mousePosition":[741,299],"_rootPartCFrame":[772.921,222.7,47.076,0.016,0,1,0,1,0,-1,0,0.016],"_humanoidState":8,"_cameraCFrame":[780.129,238.624,47.167,0.013,-0.894,0.447,0,0.447,0.895,-1,-0.011,0.006],"_shiftlockState":false,"_pose":"Running","_animationQueue":[],"_animationSpeed":1.089,"_zoom":16.125},{"_mousePosition":[741,299],"_rootPartCFrame":[772.521,222.7,47.071,0.015,0,1,0,1,0,-1,0,0.015],"_humanoidState":8,"_cameraCFrame":[779.673,238.652,47.143,0.01,-0.896,0.444,0,0.444,0.896,-1,-0.009,0.004],"_shiftlockState":false,"_pose":"Running","_animationQueue":[],"_animationSpeed":1.089,"_zoom":16.125},{"_mousePosition":[741,299],"_rootPartCFrame":[772.255,222.7,47.068,0.015,0,1,0,1,0,-1,0,0.015],"_humanoidState":8,"_cameraCFrame":[779.35,238.68,47.139,0.01,-0.898,0.44,0,0.44,0.898,-1,-0.009,0.004],"_shiftlockState":false,"_pose":"Running","_animationQueue":[],"_animationSpeed":1.089,"_zoom":16.125},{"_mousePosition":[741,299],"_rootPartCFrame":[771.988,222.7,47.065,0.014,0,1,0,1,0,-1,0,0.014],"_humanoidState":8,"_cameraCFrame":[778.999,238.721,47.136,0.01,-0.9,0.435,0,0.435,0.901,-1,-0.009,0.004],"_shiftlockState":false,"_pose":"Running","_animationQueue":[["walk",0.1]],"_animationSpeed":1.089,"_zoom":16.125},{"_mousePosition":[741,299],"_rootPartCFrame":[771.722,223.573,47.063,0.014,0,1,0,1,0,-1,0,0.014],"_humanoidState":3,"_cameraCFrame":[778.647,239.635,47.115,0.008,-0.903,0.429,0,0.429,0.903,-1,-0.007,0.003],"_shiftlockState":false,"_pose":"Jumping","_animationQueue":[["walk",0.1],["jump",0.1]],"_animationSpeed":1,"_zoom":16.125},{"_mousePosition":[741,299],"_rootPartCFrame":[771.522,224.194,47.061,0.013,0,1,0,1,0,-1,0,0.013],"_humanoidState":5,"_cameraCFrame":[778.362,240.297,47.112,0.008,-0.906,0.424,0,0.424,0.906,-1,-0.007,0.003],"_shiftlockState":false,"_pose":"FreeFall","_animationQueue":[["jump",0.1]],"_animationSpeed":1,"_zoom":16.125},{"_mousePosition":[741,299],"_rootPartCFrame":[771.188,225.162,47.058,0.012,0,1,0,1,0,-1,0,0.012],"_humanoidState":5,"_cameraCFrame":[778,241.278,47.109,0.008,-0.906,0.422,0,0.422,0.906,-1,-0.007,0.003],"_shiftlockState":false,"_pose":"FreeFall","_animationQueue":[],"_animationSpeed":1,"_zoom":16.125},{"_mousePosition":[741,299],"_rootPartCFrame":[770.988,225.702,47.056,0.012,0,1,0,1,0,-1,0,0.012],"_humanoidState":5,"_cameraCFrame":[777.8,241.818,47.108,0.008,-0.906,0.422,0,0.422,0.906,-1,-0.007,0.003],"_shiftlockState":false,"_pose":"FreeFall","_animationQueue":[],"_animationSpeed":1,"_zoom":16.125},{"_mousePosition":[741,299],"_rootPartCFrame":[770.722,226.374,47.054,0.011,0,1,0,1,0,-1,0,0.011],"_humanoidState":5,"_cameraCFrame":[777.534,242.49,47.106,0.008,-0.906,0.422,0,0.422,0.906,-1,-0.007,0.003],"_shiftlockState":false,"_pose":"FreeFall","_animationQueue":[],"_animationSpeed":1,"_zoom":16.125},{"_mousePosition":[741,299],"_rootPartCFrame":[770.389,227.138,47.052,0.011,0,1,0,1,0,-1,0,0.011],"_humanoidState":5,"_cameraCFrame":[777.2,243.253,47.103,0.008,-0.906,0.422,0,0.422,0.906,-1,-0.007,0.003],"_shiftlockState":false,"_pose":"FreeFall","_animationQueue":[],"_animationSpeed":1,"_zoom":16.125},{"_mousePosition":[741,299],"_rootPartCFrame":[770.122,227.687,47.05,0.01,0,1,0,1,0,-1,0,0.01],"_humanoidState":5,"_cameraCFrame":[776.934,243.803,47.101,0.008,-0.906,0.422,0,0.422,0.906,-1,-0.007,0.003],"_shiftlockState":false,"_pose":"FreeFall","_animationQueue":[],"_animationSpeed":1,"_zoom":16.125},{"_mousePosition":[741,299],"_rootPartCFrame":[769.855,228.182,47.048,0.01,0,1,0,1,0,-1,0,0.01],"_humanoidState":5,"_cameraCFrame":[776.639,244.311,47.099,0.008,-0.907,0.421,0,0.421,0.907,-1,-0.007,0.003],"_shiftlockState":false,"_pose":"FreeFall","_animationQueue":[],"_animationSpeed":1,"_zoom":16.125},{"_mousePosition":[741,299],"_rootPartCFrame":[769.589,228.623,47.046,0.01,0,1,0,1,0,-1,0,0.01],"_humanoidState":5,"_cameraCFrame":[776.372,244.752,47.097,0.008,-0.907,0.421,0,0.421,0.907,-1,-0.007,0.003],"_shiftlockState":false,"_pose":"FreeFall","_animationQueue":[],"_animationSpeed":1,"_zoom":16.125},{"_mousePosition":[741,299],"_rootPartCFrame":[769.389,228.918,47.044,0.009,0,1,0,1,0,-1,0,0.009],"_humanoidState":5,"_cameraCFrame":[776.144,245.059,47.095,0.008,-0.908,0.419,0,0.419,0.908,-1,-0.007,0.003],"_shiftlockState":false,"_pose":"FreeFall","_animationQueue":[],"_animationSpeed":1,"_zoom":16.125},{"_mousePosition":[741,299],"_rootPartCFrame":[769.056,229.34,47.042,0.009,0,1,0,1,0,-1,0,0.009],"_humanoidState":5,"_cameraCFrame":[775.753,245.509,47.092,0.008,-0.91,0.415,0,0.415,0.91,-1,-0.007,0.003],"_shiftlockState":false,"_pose":"FreeFall","_animationQueue":[],"_animationSpeed":1,"_zoom":16.125},{"_mousePosition":[741,299],"_rootPartCFrame":[768.856,229.553,47.04,0.009,0,1,0,1,0,-1,0,0.009],"_humanoidState":5,"_cameraCFrame":[775.496,245.747,47.09,0.008,-0.911,0.412,0,0.412,0.911,-1,-0.007,0.003],"_shiftlockState":false,"_pose":"FreeFall","_animationQueue":[],"_animationSpeed":1,"_zoom":16.125},{"_mousePosition":[741,299],"_rootPartCFrame":[768.522,229.84,47.038,0.009,0,1,0,1,0,-1,0,0.009],"_humanoidState":5,"_cameraCFrame":[775.106,246.06,47.087,0.008,-0.913,0.408,0,0.408,0.913,-1,-0.007,0.003],"_shiftlockState":false,"_pose":"FreeFall","_animationQueue":[],"_animationSpeed":1,"_zoom":16.125},{"_mousePosition":[741,299],"_rootPartCFrame":[768.322,229.971,47.036,0.008,0,1,0,1,0,-1,0,0.008],"_humanoidState":5,"_cameraCFrame":[774.906,246.191,47.086,0.008,-0.913,0.408,0,0.408,0.913,-1,-0.007,0.003],"_shiftlockState":false,"_pose":"FreeFall","_animationQueue":[],"_animationSpeed":1,"_zoom":16.125},{"_mousePosition":[741,299],"_rootPartCFrame":[768.056,230.098,47.034,0.008,0,1,0,1,0,-1,0,0.008],"_humanoidState":5,"_cameraCFrame":[774.639,246.318,47.084,0.008,-0.913,0.408,0,0.408,0.913,-1,-0.007,0.003],"_shiftlockState":false,"_pose":"FreeFall","_animationQueue":[],"_animationSpeed":1,"_zoom":16.125},{"_mousePosition":[741,299],"_rootPartCFrame":[767.789,230.171,47.032,0.008,0,1,0,1,0,-1,0,0.008],"_humanoidState":5,"_cameraCFrame":[774.372,246.391,47.082,0.008,-0.913,0.408,0,0.408,0.913,-1,-0.007,0.003],"_shiftlockState":false,"_pose":"FreeFall","_animationQueue":[],"_animationSpeed":1,"_zoom":16.125},{"_mousePosition":[741,299],"_rootPartCFrame":[767.523,230.189,47.03,0.008,0,1,0,1,0,-1,0,0.008],"_humanoidState":5,"_cameraCFrame":[774.106,246.409,47.08,0.008,-0.913,0.408,0,0.408,0.913,-1,-0.007,0.003],"_shiftlockState":false,"_pose":"FreeFall","_animationQueue":[],"_animationSpeed":1,"_zoom":16.125},{"_mousePosition":[741,299],"_rootPartCFrame":[767.256,230.153,47.028,0.008,0,1,0,1,0,-1,0,0.008],"_humanoidState":5,"_cameraCFrame":[773.839,246.373,47.078,0.008,-0.913,0.408,0,0.408,0.913,-1,-0.007,0.003],"_shiftlockState":false,"_pose":"FreeFall","_animationQueue":[],"_animationSpeed":1,"_zoom":16.125},{"_mousePosition":[741,299],"_rootPartCFrame":[766.989,230.062,47.026,0.008,0,1,0,1,0,-1,0,0.008],"_humanoidState":5,"_cameraCFrame":[773.573,246.282,47.076,0.008,-0.913,0.408,0,0.408,0.913,-1,-0.007,0.003],"_shiftlockState":false,"_pose":"FreeFall","_animationQueue":[],"_animationSpeed":1,"_zoom":16.125},{"_mousePosition":[741,299],"_rootPartCFrame":[766.723,229.917,47.024,0.008,0,1,0,1,0,-1,0,0.008],"_humanoidState":5,"_cameraCFrame":[773.277,246.149,47.074,0.008,-0.914,0.406,0,0.406,0.914,-1,-0.007,0.003],"_shiftlockState":false,"_pose":"FreeFall","_animationQueue":[["fall",0.3]],"_animationSpeed":1,"_zoom":16.125},{"_mousePosition":[741,299],"_rootPartCFrame":[766.456,229.717,47.022,0.008,0,1,0,1,0,-1,0,0.008],"_humanoidState":5,"_cameraCFrame":[773.011,245.949,47.072,0.008,-0.914,0.406,0,0.406,0.914,-1,-0.007,0.003],"_shiftlockState":false,"_pose":"FreeFall","_animationQueue":[],"_animationSpeed":1,"_zoom":16.125},{"_mousePosition":[741,299],"_rootPartCFrame":[766.123,229.39,47.02,0.008,0,1,0,1,0,-1,0,0.008],"_humanoidState":5,"_cameraCFrame":[772.677,245.623,47.069,0.008,-0.914,0.406,0,0.406,0.914,-1,-0.007,0.003],"_shiftlockState":false,"_pose":"FreeFall","_animationQueue":[],"_animationSpeed":1,"_zoom":16.125},{"_mousePosition":[741,299],"_rootPartCFrame":[765.923,229.153,47.018,0.008,0,1,0,1,0,-1,0,0.008],"_humanoidState":5,"_cameraCFrame":[772.477,245.386,47.068,0.008,-0.914,0.406,0,0.406,0.914,-1,-0.007,0.003],"_shiftlockState":false,"_pose":"FreeFall","_animationQueue":[],"_animationSpeed":1,"_zoom":16.125},{"_mousePosition":[741,299],"_rootPartCFrame":[765.656,228.79,47.016,0.008,0,1,0,1,0,-1,0,0.008],"_humanoidState":5,"_cameraCFrame":[772.211,245.023,47.066,0.008,-0.914,0.406,0,0.406,0.914,-1,-0.007,0.003],"_shiftlockState":false,"_pose":"FreeFall","_animationQueue":[],"_animationSpeed":1,"_zoom":16.125},{"_mousePosition":[741,299],"_rootPartCFrame":[765.39,228.372,47.014,0.008,0,1,0,1,0,-1,0,0.008],"_humanoidState":5,"_cameraCFrame":[771.944,244.605,47.064,0.008,-0.914,0.406,0,0.406,0.914,-1,-0.007,0.003],"_shiftlockState":false,"_pose":"FreeFall","_animationQueue":[],"_animationSpeed":1,"_zoom":16.125},{"_mousePosition":[741,299],"_rootPartCFrame":[765.123,227.9,47.012,0.008,0,1,0,1,0,-1,0,0.008],"_humanoidState":5,"_cameraCFrame":[771.678,244.133,47.062,0.008,-0.914,0.406,0,0.406,0.914,-1,-0.007,0.003],"_shiftlockState":false,"_pose":"FreeFall","_animationQueue":[],"_animationSpeed":1,"_zoom":16.125},{"_mousePosition":[741,299],"_rootPartCFrame":[764.857,227.373,47.01,0.008,0,1,0,1,0,-1,0,0.008],"_humanoidState":7,"_cameraCFrame":[771.411,243.606,47.06,0.008,-0.914,0.406,0,0.406,0.914,-1,-0.007,0.003],"_shiftlockState":false,"_pose":"FreeFall","_animationQueue":[["fall",0.3],["walk",0.1],["fall",0.3],["fall",0.3]],"_animationSpeed":1,"_zoom":16.125},{"_mousePosition":[741,299],"_rootPartCFrame":[764.523,226.824,47.008,0.008,0,1,0,1,0,-1,0,0.008],"_humanoidState":7,"_cameraCFrame":[771.049,243.07,47.057,0.008,-0.914,0.405,0,0.405,0.914,-1,-0.007,0.003],"_shiftlockState":false,"_pose":"FreeFall","_animationQueue":[],"_animationSpeed":1,"_zoom":16.125},{"_mousePosition":[741,299],"_rootPartCFrame":[764.19,226.848,47.005,0.008,0,1,0,1,0,-1,0,0.008],"_humanoidState":8,"_cameraCFrame":[770.716,243.094,47.054,0.008,-0.914,0.405,0,0.405,0.914,-1,-0.007,0.003],"_shiftlockState":false,"_pose":"Running","_animationQueue":[["walk",0.1],["fall",0.3],["walk",0.1]],"_animationSpeed":1.103,"_zoom":16.125},{"_mousePosition":[741,299],"_rootPartCFrame":[764.057,226.872,47.004,0.008,0,1,0,1,0,-1,0,0.008],"_humanoidState":8,"_cameraCFrame":[770.583,243.117,47.053,0.008,-0.914,0.405,0,0.405,0.914,-1,-0.007,0.003],"_shiftlockState":false,"_pose":"Running","_animationQueue":[],"_animationSpeed":1.103,"_zoom":16.125},{"_mousePosition":[741,299],"_rootPartCFrame":[763.724,227.956,47.001,0.008,0,1,0,1,0,-1,0,0.008],"_humanoidState":3,"_cameraCFrame":[770.249,244.201,47.051,0.008,-0.914,0.405,0,0.405,0.914,-1,-0.007,0.003],"_shiftlockState":false,"_pose":"Jumping","_animationQueue":[["walk",0.1],["jump",0.1]],"_animationSpeed":1,"_zoom":16.125},{"_mousePosition":[741,299],"_rootPartCFrame":[763.524,228.567,47,0.008,0,1,0,1,0,-1,0,0.008],"_humanoidState":5,"_cameraCFrame":[770.049,244.812,47.049,0.008,-0.914,0.405,0,0.405,0.914,-1,-0.007,0.003],"_shiftlockState":false,"_pose":"FreeFall","_animationQueue":[["jump",0.1]],"_animationSpeed":1,"_zoom":16.125},{"_mousePosition":[741,299],"_rootPartCFrame":[763.257,229.334,46.998,0.008,0,1,0,1,0,-1,0,0.008],"_humanoidState":5,"_cameraCFrame":[769.783,245.58,47.047,0.008,-0.914,0.405,0,0.405,0.914,-1,-0.007,0.003],"_shiftlockState":false,"_pose":"FreeFall","_animationQueue":[],"_animationSpeed":1,"_zoom":16.125},{"_mousePosition":[741,299],"_rootPartCFrame":[762.924,230.217,46.995,0.008,0,1,0,1,0,-1,0,0.008],"_humanoidState":5,"_cameraCFrame":[769.449,246.463,47.045,0.008,-0.914,0.405,0,0.405,0.914,-1,-0.007,0.003],"_shiftlockState":false,"_pose":"FreeFall","_animationQueue":[],"_animationSpeed":1,"_zoom":16.125},{"_mousePosition":[741,299],"_rootPartCFrame":[762.657,230.862,46.993,0.008,0,1,0,1,0,-1,0,0.008],"_humanoidState":5,"_cameraCFrame":[769.154,247.12,47.042,0.008,-0.915,0.403,0,0.403,0.915,-1,-0.007,0.003],"_shiftlockState":false,"_pose":"FreeFall","_animationQueue":[],"_animationSpeed":1,"_zoom":16.125},{"_mousePosition":[741,299],"_rootPartCFrame":[762.391,231.453,46.991,0.008,0,1,0,1,0,-1,0,0.008],"_humanoidState":5,"_cameraCFrame":[768.888,247.711,47.04,0.008,-0.915,0.403,0,0.403,0.915,-1,-0.007,0.003],"_shiftlockState":false,"_pose":"FreeFall","_animationQueue":[],"_animationSpeed":1,"_zoom":16.125},{"_mousePosition":[741,299],"_rootPartCFrame":[762.191,231.86,46.99,0.008,0,1,0,1,0,-1,0,0.008],"_humanoidState":5,"_cameraCFrame":[768.659,248.13,47.039,0.008,-0.916,0.401,0,0.401,0.916,-1,-0.007,0.003],"_shiftlockState":false,"_pose":"FreeFall","_animationQueue":[],"_animationSpeed":1,"_zoom":16.125},{"_mousePosition":[741,299],"_rootPartCFrame":[761.924,232.355,46.988,0.008,0,1,0,1,0,-1,0,0.008],"_humanoidState":5,"_cameraCFrame":[768.363,248.638,47.036,0.008,-0.917,0.399,0,0.399,0.917,-1,-0.007,0.003],"_shiftlockState":false,"_pose":"FreeFall","_animationQueue":[],"_animationSpeed":1,"_zoom":16.125},{"_mousePosition":[741,299],"_rootPartCFrame":[761.657,232.795,46.986,0.008,0,1,0,1,0,-1,0,0.008],"_humanoidState":5,"_cameraCFrame":[768.068,249.091,47.034,0.008,-0.918,0.398,0,0.398,0.918,-1,-0.007,0.003],"_shiftlockState":false,"_pose":"FreeFall","_animationQueue":[],"_animationSpeed":1,"_zoom":16.125},{"_mousePosition":[741,299],"_rootPartCFrame":[761.324,233.269,46.983,0.008,0,1,0,1,0,-1,0,0.008],"_humanoidState":5,"_cameraCFrame":[767.706,249.577,47.032,0.008,-0.918,0.396,0,0.396,0.918,-1,-0.007,0.003],"_shiftlockState":false,"_pose":"FreeFall","_animationQueue":[],"_animationSpeed":1,"_zoom":16.125},{"_mousePosition":[741,299],"_rootPartCFrame":[761.124,233.513,46.982,0.008,0,1,0,1,0,-1,0,0.008],"_humanoidState":5,"_cameraCFrame":[767.506,249.821,47.03,0.008,-0.918,0.396,0,0.396,0.918,-1,-0.007,0.003],"_shiftlockState":false,"_pose":"FreeFall","_animationQueue":[],"_animationSpeed":1,"_zoom":16.125},{"_mousePosition":[741,299],"_rootPartCFrame":[760.858,233.79,46.98,0.008,0,1,0,1,0,-1,0,0.008],"_humanoidState":5,"_cameraCFrame":[767.21,250.11,47.028,0.008,-0.919,0.394,0,0.394,0.919,-1,-0.007,0.003],"_shiftlockState":false,"_pose":"FreeFall","_animationQueue":[],"_animationSpeed":1,"_zoom":16.125},{"_mousePosition":[741,299],"_rootPartCFrame":[760.524,234.059,46.977,0.008,0,1,0,1,0,-1,0,0.008],"_humanoidState":5,"_cameraCFrame":[766.877,250.38,47.025,0.008,-0.919,0.394,0,0.394,0.919,-1,-0.007,0.003],"_shiftlockState":false,"_pose":"FreeFall","_animationQueue":[],"_animationSpeed":1,"_zoom":16.125},{"_mousePosition":[741,299],"_rootPartCFrame":[760.324,234.18,46.976,0.008,0,1,0,1,0,-1,0,0.008],"_humanoidState":5,"_cameraCFrame":[766.677,250.501,47.024,0.008,-0.919,0.394,0,0.394,0.919,-1,-0.007,0.003],"_shiftlockState":false,"_pose":"FreeFall","_animationQueue":[],"_animationSpeed":1,"_zoom":16.125},{"_mousePosition":[741,299],"_rootPartCFrame":[760.058,234.294,46.974,0.008,0,1,0,1,0,-1,0,0.008],"_humanoidState":5,"_cameraCFrame":[766.411,250.614,47.022,0.008,-0.919,0.394,0,0.394,0.919,-1,-0.007,0.003],"_shiftlockState":false,"_pose":"FreeFall","_animationQueue":[],"_animationSpeed":1,"_zoom":16.125},{"_mousePosition":[741,299],"_rootPartCFrame":[759.791,234.353,46.972,0.008,0,1,0,1,0,-1,0,0.008],"_humanoidState":5,"_cameraCFrame":[766.144,250.673,47.02,0.008,-0.919,0.394,0,0.394,0.919,-1,-0.007,0.003],"_shiftlockState":false,"_pose":"FreeFall","_animationQueue":[["fall",0.3]],"_animationSpeed":1,"_zoom":16.125},{"_mousePosition":[741,299],"_rootPartCFrame":[759.525,234.357,46.97,0.008,0,1,0,1,0,-1,0,0.008],"_humanoidState":5,"_cameraCFrame":[765.877,250.678,47.018,0.008,-0.919,0.394,0,0.394,0.919,-1,-0.007,0.003],"_shiftlockState":false,"_pose":"FreeFall","_animationQueue":[],"_animationSpeed":1,"_zoom":16.125},{"_mousePosition":[741,299],"_rootPartCFrame":[759.258,234.307,46.968,0.008,0,1,0,1,0,-1,0,0.008],"_humanoidState":5,"_cameraCFrame":[765.611,250.628,47.016,0.008,-0.919,0.394,0,0.394,0.919,-1,-0.007,0.003],"_shiftlockState":false,"_pose":"FreeFall","_animationQueue":[],"_animationSpeed":1,"_zoom":16.125},{"_mousePosition":[741,299],"_rootPartCFrame":[758.925,234.168,46.965,0.008,0,1,0,1,0,-1,0,0.008],"_humanoidState":5,"_cameraCFrame":[765.278,250.489,47.013,0.008,-0.919,0.394,0,0.394,0.919,-1,-0.007,0.003],"_shiftlockState":false,"_pose":"FreeFall","_animationQueue":[],"_animationSpeed":1,"_zoom":16.125},{"_mousePosition":[741,299],"_rootPartCFrame":[758.658,233.996,46.963,0.008,0,1,0,1,0,-1,0,0.008],"_humanoidState":5,"_cameraCFrame":[765.011,250.316,47.011,0.008,-0.919,0.394,0,0.394,0.919,-1,-0.007,0.003],"_shiftlockState":false,"_pose":"FreeFall","_animationQueue":[],"_animationSpeed":1,"_zoom":16.125},{"_mousePosition":[741,299],"_rootPartCFrame":[758.392,233.768,46.961,0.008,0,1,0,1,0,-1,0,0.008],"_humanoidState":5,"_cameraCFrame":[764.745,250.089,46.993,0.005,-0.919,0.394,0,0.394,0.919,-1,-0.005,0.002],"_shiftlockState":false,"_pose":"FreeFall","_animationQueue":[],"_animationSpeed":1,"_zoom":16.125},{"_mousePosition":[741,299],"_rootPartCFrame":[758.192,233.562,46.96,0.008,0,1,0,1,0,-1,0,0.008],"_humanoidState":5,"_cameraCFrame":[764.545,249.883,46.992,0.005,-0.919,0.394,0,0.394,0.919,-1,-0.005,0.002],"_shiftlockState":false,"_pose":"FreeFall","_animationQueue":[["fall",0.3]],"_animationSpeed":1,"_zoom":16.125},{"_mousePosition":[741,299],"_rootPartCFrame":[757.925,233.24,46.958,0.007,0,1,0,1,0,-1,0,0.007],"_humanoidState":5,"_cameraCFrame":[764.278,249.561,46.99,0.005,-0.919,0.394,0,0.394,0.919,-1,-0.005,0.002],"_shiftlockState":false,"_pose":"FreeFall","_animationQueue":[],"_animationSpeed":1,"_zoom":16.125},{"_mousePosition":[741,299],"_rootPartCFrame":[757.658,232.863,46.957,0.007,0,1,0,1,0,-1,0,0.007],"_humanoidState":5,"_cameraCFrame":[764.011,249.184,46.989,0.005,-0.919,0.394,0,0.394,0.919,-1,-0.005,0.002],"_shiftlockState":false,"_pose":"FreeFall","_animationQueue":[],"_animationSpeed":1,"_zoom":16.125},{"_mousePosition":[741,299],"_rootPartCFrame":[757.392,232.431,46.956,0.007,0,1,0,1,0,-1,0,0.007],"_humanoidState":5,"_cameraCFrame":[763.745,248.752,46.987,0.005,-0.919,0.394,0,0.394,0.919,-1,-0.005,0.002],"_shiftlockState":false,"_pose":"FreeFall","_animationQueue":[],"_animationSpeed":1,"_zoom":16.125},{"_mousePosition":[741,299],"_rootPartCFrame":[757.125,231.945,46.954,0.006,0,1,0,1,0,-1,0,0.006],"_humanoidState":5,"_cameraCFrame":[763.478,248.266,46.986,0.005,-0.919,0.394,0,0.394,0.919,-1,-0.005,0.002],"_shiftlockState":false,"_pose":"FreeFall","_animationQueue":[],"_animationSpeed":1,"_zoom":16.125},{"_mousePosition":[741,299],"_rootPartCFrame":[756.859,231.405,46.953,0.006,0,1,0,1,0,-1,0,0.006],"_humanoidState":5,"_cameraCFrame":[763.212,247.726,46.985,0.005,-0.919,0.394,0,0.394,0.919,-1,-0.005,0.002],"_shiftlockState":false,"_pose":"FreeFall","_animationQueue":[],"_animationSpeed":1,"_zoom":16.125},{"_mousePosition":[741,299],"_rootPartCFrame":[756.525,230.653,46.951,0.006,0,1,0,1,0,-1,0,0.006],"_humanoidState":5,"_cameraCFrame":[762.878,246.973,46.983,0.005,-0.919,0.394,0,0.394,0.919,-1,-0.005,0.002],"_shiftlockState":false,"_pose":"FreeFall","_animationQueue":[["fall",0.3]],"_animationSpeed":1,"_zoom":16.125},{"_mousePosition":[741,299],"_rootPartCFrame":[756.325,230.161,46.95,0.006,0,1,0,1,0,-1,0,0.006],"_humanoidState":7,"_cameraCFrame":[762.678,246.481,46.982,0.005,-0.919,0.394,0,0.394,0.919,-1,-0.005,0.002],"_shiftlockState":false,"_pose":"FreeFall","_animationQueue":[["walk",0.1],["fall",0.3],["fall",0.3]],"_animationSpeed":1,"_zoom":16.125},{"_mousePosition":[741,299],"_rootPartCFrame":[755.992,229.686,46.949,0.006,0,1,0,1,0,-1,0,0.006],"_humanoidState":7,"_cameraCFrame":[762.345,246.007,46.98,0.005,-0.919,0.394,0,0.394,0.919,-1,-0.005,0.002],"_shiftlockState":false,"_pose":"FreeFall","_animationQueue":[],"_animationSpeed":1,"_zoom":16.125},{"_mousePosition":[741,299],"_rootPartCFrame":[755.659,229.79,46.947,0.006,0,1,0,1,0,-1,0,0.006],"_humanoidState":8,"_cameraCFrame":[762.011,246.111,47.011,0.01,-0.919,0.394,0,0.394,0.919,-1,-0.009,0.004],"_shiftlockState":false,"_pose":"Running","_animationQueue":[["walk",0.1],["fall",0.3],["walk",0.1]],"_animationSpeed":1.103,"_zoom":16.125},{"_mousePosition":[741,299],"_rootPartCFrame":[755.392,230.663,46.946,0.006,0,1,0,1,0,-1,0,0.006],"_humanoidState":3,"_cameraCFrame":[761.773,246.972,47.042,0.015,-0.918,0.396,0,0.396,0.918,-1,-0.014,0.006],"_shiftlockState":false,"_pose":"Jumping","_animationQueue":[["walk",0.1],["jump",0.1]],"_animationSpeed":1,"_zoom":16.125},{"_mousePosition":[741,299],"_rootPartCFrame":[755.192,231.285,46.944,0.006,0,1,0,1,0,-1,0,0.006],"_humanoidState":5,"_cameraCFrame":[761.629,247.568,47.123,0.028,-0.916,0.399,0,0.399,0.917,-1,-0.025,0.011],"_shiftlockState":false,"_pose":"FreeFall","_animationQueue":[["jump",0.1]],"_animationSpeed":1,"_zoom":16.125},{"_mousePosition":[741,299],"_rootPartCFrame":[754.859,232.253,46.939,0.007,0,1,0,1,0,-1,0,0.007],"_humanoidState":5,"_cameraCFrame":[761.407,248.486,47.237,0.045,-0.913,0.406,0,0.406,0.914,-0.999,-0.042,0.018],"_shiftlockState":false,"_pose":"FreeFall","_animationQueue":[],"_animationSpeed":1,"_zoom":16.125},{"_mousePosition":[741,299],"_rootPartCFrame":[754.592,232.966,46.932,0.009,0,1,0,1,0,-1,0,0.009],"_humanoidState":5,"_cameraCFrame":[761.162,249.186,47.348,0.063,-0.911,0.407,0,0.408,0.913,-0.998,-0.058,0.026],"_shiftlockState":false,"_pose":"FreeFall","_animationQueue":[],"_animationSpeed":1,"_zoom":16.125},{"_mousePosition":[741,299],"_rootPartCFrame":[754.393,233.465,46.924,0.012,0,1,0,1,0,-1,0,0.012],"_humanoidState":5,"_cameraCFrame":[760.988,249.672,47.391,0.071,-0.91,0.409,0,0.41,0.912,-0.997,-0.065,0.029],"_shiftlockState":false,"_pose":"FreeFall","_animationQueue":[],"_animationSpeed":1,"_zoom":16.125},{"_mousePosition":[741,299],"_rootPartCFrame":[754.126,234.083,46.907,0.018,0,1,0,1,0,-1,0,0.018],"_humanoidState":5,"_cameraCFrame":[760.722,250.29,47.375,0.071,-0.91,0.409,0,0.41,0.912,-0.997,-0.065,0.029],"_shiftlockState":false,"_pose":"FreeFall","_animationQueue":[],"_animationSpeed":1,"_zoom":16.125},{"_mousePosition":[741,299],"_rootPartCFrame":[753.86,234.646,46.889,0.025,0,1,0,1,0,-1,0,0.025],"_humanoidState":5,"_cameraCFrame":[760.456,250.853,47.357,0.071,-0.91,0.409,0,0.41,0.912,-0.997,-0.065,0.029],"_shiftlockState":false,"_pose":"FreeFall","_animationQueue":[],"_animationSpeed":1,"_zoom":16.125},{"_mousePosition":[741,299],"_rootPartCFrame":[753.594,235.154,46.87,0.032,0,1,0,1,0,-1,0,0.032],"_humanoidState":5,"_cameraCFrame":[760.19,251.361,47.338,0.071,-0.91,0.409,0,0.41,0.912,-0.997,-0.065,0.029],"_shiftlockState":false,"_pose":"FreeFall","_animationQueue":[],"_animationSpeed":1,"_zoom":16.125},{"_mousePosition":[741,299],"_rootPartCFrame":[753.262,235.714,46.846,0.038,0,0.999,0,1,0,-0.999,0,0.038],"_humanoidState":5,"_cameraCFrame":[759.857,251.921,47.314,0.071,-0.91,0.409,0,0.41,0.912,-0.997,-0.065,0.029],"_shiftlockState":false,"_pose":"FreeFall","_animationQueue":[],"_animationSpeed":1,"_zoom":16.125},{"_mousePosition":[741,299],"_rootPartCFrame":[753.062,236.008,46.832,0.042,0,0.999,0,1,0,-0.999,0,0.042],"_humanoidState":5,"_cameraCFrame":[759.657,252.215,47.3,0.071,-0.91,0.409,0,0.41,0.912,-0.997,-0.065,0.029],"_shiftlockState":false,"_pose":"FreeFall","_animationQueue":[],"_animationSpeed":1,"_zoom":16.125},{"_mousePosition":[741,299],"_rootPartCFrame":[752.729,236.431,46.809,0.047,0,0.999,0,1,0,-0.999,0,0.047],"_humanoidState":5,"_cameraCFrame":[759.325,252.638,47.277,0.071,-0.91,0.409,0,0.41,0.912,-0.997,-0.065,0.029],"_shiftlockState":false,"_pose":"FreeFall","_animationQueue":[],"_animationSpeed":1,"_zoom":16.125},{"_mousePosition":[741,299],"_rootPartCFrame":[752.53,236.644,46.795,0.05,0,0.999,0,1,0,-0.999,0,0.05],"_humanoidState":5,"_cameraCFrame":[759.125,252.851,47.262,0.071,-0.91,0.409,0,0.41,0.912,-0.997,-0.065,0.029],"_shiftlockState":false,"_pose":"FreeFall","_animationQueue":[],"_animationSpeed":1,"_zoom":16.125},{"_mousePosition":[741,299],"_rootPartCFrame":[752.264,236.88,46.776,0.052,0,0.999,0,1,0,-0.999,0,0.052],"_humanoidState":5,"_cameraCFrame":[758.859,253.087,47.244,0.071,-0.91,0.409,0,0.41,0.912,-0.997,-0.065,0.029],"_shiftlockState":false,"_pose":"FreeFall","_animationQueue":[],"_animationSpeed":1,"_zoom":16.125},{"_mousePosition":[741,299],"_rootPartCFrame":[751.998,237.062,46.757,0.055,0,0.998,0,1,0,-0.998,0,0.055],"_humanoidState":5,"_cameraCFrame":[758.593,253.269,47.225,0.071,-0.91,0.409,0,0.41,0.912,-0.997,-0.065,0.029],"_shiftlockState":false,"_pose":"FreeFall","_animationQueue":[],"_animationSpeed":1,"_zoom":16.125},{"_mousePosition":[741,299],"_rootPartCFrame":[751.731,237.189,46.738,0.057,0,0.998,0,1,0,-0.998,0,0.057],"_humanoidState":5,"_cameraCFrame":[758.327,253.396,47.206,0.071,-0.91,0.409,0,0.41,0.912,-0.997,-0.065,0.029],"_shiftlockState":false,"_pose":"FreeFall","_animationQueue":[],"_animationSpeed":1,"_zoom":16.125},{"_mousePosition":[741,299],"_rootPartCFrame":[751.465,237.262,46.719,0.059,0,0.998,0,1,0,-0.998,0,0.059],"_humanoidState":5,"_cameraCFrame":[758.061,253.469,47.187,0.071,-0.91,0.409,0,0.41,0.912,-0.997,-0.065,0.029],"_shiftlockState":false,"_pose":"FreeFall","_animationQueue":[],"_animationSpeed":1,"_zoom":16.125},{"_mousePosition":[741,299],"_rootPartCFrame":[751.199,237.28,46.7,0.061,0,0.998,0,1,0,-0.998,0,0.061],"_humanoidState":5,"_cameraCFrame":[757.795,253.487,47.168,0.071,-0.91,0.409,0,0.41,0.912,-0.997,-0.065,0.029],"_shiftlockState":false,"_pose":"FreeFall","_animationQueue":[],"_animationSpeed":1,"_zoom":16.125},{"_mousePosition":[741,299],"_rootPartCFrame":[750.933,237.243,46.681,0.062,0,0.998,0,1,0,-0.998,0,0.062],"_humanoidState":5,"_cameraCFrame":[757.529,253.45,47.149,0.071,-0.91,0.409,0,0.41,0.912,-0.997,-0.065,0.029],"_shiftlockState":false,"_pose":"FreeFall","_animationQueue":[["fall",0.3]],"_animationSpeed":1,"_zoom":16.125},{"_mousePosition":[741,299],"_rootPartCFrame":[750.667,237.152,46.663,0.063,0,0.998,0,1,0,-0.998,0,0.063],"_humanoidState":5,"_cameraCFrame":[757.262,253.36,47.13,0.071,-0.91,0.409,0,0.41,0.912,-0.997,-0.065,0.029],"_shiftlockState":false,"_pose":"FreeFall","_animationQueue":[],"_animationSpeed":1,"_zoom":16.125},{"_mousePosition":[741,299],"_rootPartCFrame":[750.401,237.007,46.644,0.064,0,0.998,0,1,0,-0.998,0,0.064],"_humanoidState":5,"_cameraCFrame":[756.996,253.214,47.111,0.071,-0.91,0.409,0,0.41,0.912,-0.997,-0.065,0.029],"_shiftlockState":false,"_pose":"FreeFall","_animationQueue":[],"_animationSpeed":1,"_zoom":16.125},{"_mousePosition":[741,299],"_rootPartCFrame":[750.135,236.807,46.625,0.065,0,0.998,0,1,0,-0.998,0,0.065],"_humanoidState":5,"_cameraCFrame":[756.73,253.014,47.093,0.071,-0.91,0.409,0,0.41,0.912,-0.997,-0.065,0.029],"_shiftlockState":false,"_pose":"FreeFall","_animationQueue":[],"_animationSpeed":1,"_zoom":16.125},{"_mousePosition":[741,299],"_rootPartCFrame":[749.869,236.553,46.606,0.066,0,0.998,0,1,0,-0.998,0,0.066],"_humanoidState":5,"_cameraCFrame":[756.49,252.747,47.109,0.076,-0.909,0.411,0,0.412,0.911,-0.997,-0.069,0.031],"_shiftlockState":false,"_pose":"FreeFall","_animationQueue":[],"_animationSpeed":1,"_zoom":16.125},{"_mousePosition":[741,299],"_rootPartCFrame":[749.536,236.158,46.582,0.067,0,0.998,0,1,0,-0.998,0,0.067],"_humanoidState":5,"_cameraCFrame":[756.158,252.352,47.086,0.076,-0.909,0.411,0,0.412,0.911,-0.997,-0.069,0.031],"_shiftlockState":false,"_pose":"FreeFall","_animationQueue":[],"_animationSpeed":1,"_zoom":16.125},{"_mousePosition":[741,299],"_rootPartCFrame":[749.337,235.881,46.567,0.068,0,0.998,0,1,0,-0.998,0,0.068],"_humanoidState":5,"_cameraCFrame":[755.958,252.075,47.071,0.076,-0.909,0.411,0,0.412,0.911,-0.997,-0.069,0.031],"_shiftlockState":false,"_pose":"FreeFall","_animationQueue":[],"_animationSpeed":1,"_zoom":16.125},{"_mousePosition":[741,299],"_rootPartCFrame":[749.071,235.463,46.547,0.069,0,0.998,0,1,0,-0.998,0,0.069],"_humanoidState":5,"_cameraCFrame":[755.667,251.67,46.998,0.068,-0.91,0.409,0,0.41,0.912,-0.998,-0.062,0.028],"_shiftlockState":false,"_pose":"FreeFall","_animationQueue":[["fall",0.3]],"_animationSpeed":1,"_zoom":16.125},{"_mousePosition":[741,299],"_rootPartCFrame":[748.738,234.864,46.522,0.07,0,0.998,0,1,0,-0.998,0,0.07],"_humanoidState":5,"_cameraCFrame":[755.286,251.097,46.82,0.045,-0.913,0.406,0,0.406,0.914,-0.999,-0.042,0.018],"_shiftlockState":false,"_pose":"FreeFall","_animationQueue":[],"_animationSpeed":1,"_zoom":16.125},{"_mousePosition":[741,299],"_rootPartCFrame":[748.472,234.323,46.503,0.07,0,0.998,0,1,0,-0.998,0,0.07],"_humanoidState":7,"_cameraCFrame":[755.026,250.556,46.586,0.013,-0.914,0.406,0,0.406,0.914,-1,-0.012,0.005],"_shiftlockState":false,"_pose":"FreeFall","_animationQueue":[["walk",0.1],["fall",0.3],["fall",0.3]],"_animationSpeed":1,"_zoom":16.125},{"_mousePosition":[741,299],"_rootPartCFrame":[748.206,234.054,46.49,0.068,0,0.998,0,1,0,-0.998,0,0.068],"_humanoidState":7,"_cameraCFrame":[754.756,250.286,46.258,-0.035,-0.913,0.406,0,0.406,0.914,-0.999,0.032,-0.014],"_shiftlockState":false,"_pose":"FreeFall","_animationQueue":[],"_animationSpeed":1,"_zoom":16.125},{"_mousePosition":[741,299],"_rootPartCFrame":[747.873,234.104,46.485,0.06,0,0.998,0,1,0,-0.998,0,0.06],"_humanoidState":8,"_cameraCFrame":[754.421,250.337,46.186,-0.046,-0.913,0.406,0,0.406,0.914,-0.999,0.042,-0.019],"_shiftlockState":false,"_pose":"Running","_animationQueue":[["walk",0.1],["fall",0.3],["walk",0.1]],"_animationSpeed":1.103,"_zoom":16.125},{"_mousePosition":[741,299],"_rootPartCFrame":[747.606,234.967,46.482,0.052,0,0.999,0,1,0,-0.999,0,0.052],"_humanoidState":3,"_cameraCFrame":[754.154,251.2,46.183,-0.046,-0.913,0.406,0,0.406,0.914,-0.999,0.042,-0.019],"_shiftlockState":false,"_pose":"Jumping","_animationQueue":[["walk",0.1],["jump",0.1]],"_animationSpeed":1,"_zoom":16.125},{"_mousePosition":[741,299],"_rootPartCFrame":[747.406,235.579,46.489,0.044,0,0.999,0,1,0,-0.999,0,0.044],"_humanoidState":5,"_cameraCFrame":[753.954,251.811,46.19,-0.046,-0.913,0.406,0,0.406,0.914,-0.999,0.042,-0.019],"_shiftlockState":false,"_pose":"FreeFall","_animationQueue":[["jump",0.1]],"_animationSpeed":1,"_zoom":16.125},{"_mousePosition":[741,299],"_rootPartCFrame":[747.14,236.346,46.501,0.032,0,0.999,0,1,0,-0.999,0,0.032],"_humanoidState":5,"_cameraCFrame":[753.688,252.579,46.202,-0.046,-0.913,0.406,0,0.406,0.914,-0.999,0.042,-0.019],"_shiftlockState":false,"_pose":"FreeFall","_animationQueue":[],"_animationSpeed":1,"_zoom":16.125},{"_mousePosition":[741,299],"_rootPartCFrame":[746.874,237.059,46.513,0.021,0,1,0,1,0,-1,0,0.021],"_humanoidState":5,"_cameraCFrame":[753.421,253.292,46.214,-0.046,-0.913,0.406,0,0.406,0.914,-0.999,0.042,-0.019],"_shiftlockState":false,"_pose":"FreeFall","_animationQueue":[],"_animationSpeed":1,"_zoom":16.125},{"_mousePosition":[741,299],"_rootPartCFrame":[746.541,237.874,46.528,0.01,0,1,0,1,0,-1,0,0.01],"_humanoidState":5,"_cameraCFrame":[753.088,254.107,46.229,-0.046,-0.913,0.406,0,0.406,0.914,-0.999,0.042,-0.019],"_shiftlockState":false,"_pose":"FreeFall","_animationQueue":[],"_animationSpeed":1,"_zoom":16.125},{"_mousePosition":[741,299],"_rootPartCFrame":[746.274,238.464,46.54,0.002,0,1,0,1,0,-1,0,0.002],"_humanoidState":5,"_cameraCFrame":[752.82,254.697,46.208,-0.051,-0.912,0.406,0,0.406,0.914,-0.999,0.046,-0.021],"_shiftlockState":false,"_pose":"FreeFall","_animationQueue":[],"_animationSpeed":1,"_zoom":16.125},{"_mousePosition":[741,299],"_rootPartCFrame":[746.008,239,46.552,-0.005,0,1,0,1,0,-1,0,-0.005],"_humanoidState":5,"_cameraCFrame":[752.525,255.246,46.205,-0.053,-0.913,0.404,0,0.405,0.914,-0.999,0.049,-0.022],"_shiftlockState":false,"_pose":"FreeFall","_animationQueue":[],"_animationSpeed":1,"_zoom":16.125},{"_mousePosition":[741,299],"_rootPartCFrame":[745.742,239.482,46.566,-0.011,0,1,0,1,0,-1,0,-0.011],"_humanoidState":5,"_cameraCFrame":[752.256,255.727,46.186,-0.058,-0.913,0.404,0,0.405,0.914,-0.998,0.053,-0.024],"_shiftlockState":false,"_pose":"FreeFall","_animationQueue":[],"_animationSpeed":1,"_zoom":16.125},{"_mousePosition":[741,299],"_rootPartCFrame":[745.542,239.807,46.576,-0.015,0,1,0,1,0,-1,0,-0.015],"_humanoidState":5,"_cameraCFrame":[752.026,256.065,46.165,-0.063,-0.913,0.402,0,0.403,0.915,-0.998,0.058,-0.025],"_shiftlockState":false,"_pose":"FreeFall","_animationQueue":[],"_animationSpeed":1,"_zoom":16.125},{"_mousePosition":[741,299],"_rootPartCFrame":[745.209,240.281,46.595,-0.023,0,1,0,1,0,-1,0,-0.023],"_humanoidState":5,"_cameraCFrame":[751.693,256.539,46.184,-0.063,-0.913,0.402,0,0.403,0.915,-0.998,0.058,-0.025],"_shiftlockState":false,"_pose":"FreeFall","_animationQueue":[],"_animationSpeed":1,"_zoom":16.125},{"_mousePosition":[741,299],"_rootPartCFrame":[744.943,240.599,46.612,-0.028,0,1,0,1,0,-1,0,-0.028],"_humanoidState":5,"_cameraCFrame":[751.427,256.857,46.201,-0.063,-0.913,0.402,0,0.403,0.915,-0.998,0.058,-0.025],"_shiftlockState":false,"_pose":"FreeFall","_animationQueue":[],"_animationSpeed":1,"_zoom":16.125},{"_mousePosition":[741,299],"_rootPartCFrame":[744.677,240.862,46.629,-0.033,0,0.999,0,1,0,-0.999,0,-0.033],"_humanoidState":5,"_cameraCFrame":[751.161,257.12,46.218,-0.063,-0.913,0.402,0,0.403,0.915,-0.998,0.058,-0.025],"_shiftlockState":false,"_pose":"FreeFall","_animationQueue":[],"_animationSpeed":1,"_zoom":16.125},{"_mousePosition":[741,299],"_rootPartCFrame":[744.411,241.071,46.646,-0.037,0,0.999,0,1,0,-0.999,0,-0.037],"_humanoidState":5,"_cameraCFrame":[750.895,257.329,46.235,-0.063,-0.913,0.402,0,0.403,0.915,-0.998,0.058,-0.025],"_shiftlockState":false,"_pose":"FreeFall","_animationQueue":[],"_animationSpeed":1,"_zoom":16.125},{"_mousePosition":[741,299],"_rootPartCFrame":[744.211,241.192,46.658,-0.04,0,0.999,0,1,0,-0.999,0,-0.04],"_humanoidState":5,"_cameraCFrame":[750.695,257.45,46.247,-0.063,-0.913,0.402,0,0.403,0.915,-0.998,0.058,-0.025],"_shiftlockState":false,"_pose":"FreeFall","_animationQueue":[],"_animationSpeed":1,"_zoom":16.125},{"_mousePosition":[741,299],"_rootPartCFrame":[743.945,241.306,46.675,-0.043,0,0.999,0,1,0,-0.999,0,-0.043],"_humanoidState":5,"_cameraCFrame":[750.429,257.564,46.264,-0.063,-0.913,0.402,0,0.403,0.915,-0.998,0.058,-0.025],"_shiftlockState":false,"_pose":"FreeFall","_animationQueue":[],"_animationSpeed":1,"_zoom":16.125},{"_mousePosition":[741,299],"_rootPartCFrame":[743.679,241.365,46.692,-0.046,0,0.999,0,1,0,-0.999,0,-0.046],"_humanoidState":5,"_cameraCFrame":[750.163,257.623,46.281,-0.063,-0.913,0.402,0,0.403,0.915,-0.998,0.058,-0.025],"_shiftlockState":false,"_pose":"FreeFall","_animationQueue":[["fall",0.3]],"_animationSpeed":1,"_zoom":16.125},{"_mousePosition":[741,299],"_rootPartCFrame":[743.413,241.369,46.709,-0.049,0,0.999,0,1,0,-0.999,0,-0.049],"_humanoidState":5,"_cameraCFrame":[749.897,257.627,46.298,-0.063,-0.913,0.402,0,0.403,0.915,-0.998,0.058,-0.025],"_shiftlockState":false,"_pose":"FreeFall","_animationQueue":[],"_animationSpeed":1,"_zoom":16.125},{"_mousePosition":[741,299],"_rootPartCFrame":[743.147,241.319,46.726,-0.051,0,0.999,0,1,0,-0.999,0,-0.051],"_humanoidState":5,"_cameraCFrame":[749.631,257.577,46.315,-0.063,-0.913,0.402,0,0.403,0.915,-0.998,0.058,-0.025],"_shiftlockState":false,"_pose":"FreeFall","_animationQueue":[],"_animationSpeed":1,"_zoom":16.125},{"_mousePosition":[741,299],"_rootPartCFrame":[742.881,241.215,46.743,-0.052,0,0.999,0,1,0,-0.999,0,-0.052],"_humanoidState":5,"_cameraCFrame":[749.365,257.473,46.332,-0.063,-0.913,0.402,0,0.403,0.915,-0.998,0.058,-0.025],"_shiftlockState":false,"_pose":"FreeFall","_animationQueue":[],"_animationSpeed":1,"_zoom":16.125},{"_mousePosition":[741,299],"_rootPartCFrame":[742.548,241.007,46.764,-0.054,0,0.999,0,1,0,-0.999,0,-0.054],"_humanoidState":5,"_cameraCFrame":[749.032,257.266,46.353,-0.063,-0.913,0.402,0,0.403,0.915,-0.998,0.058,-0.025],"_shiftlockState":false,"_pose":"FreeFall","_animationQueue":[],"_animationSpeed":1,"_zoom":16.125},{"_mousePosition":[741,299],"_rootPartCFrame":[742.348,240.842,46.777,-0.055,0,0.998,0,1,0,-0.998,0,-0.055],"_humanoidState":5,"_cameraCFrame":[748.804,257.113,46.367,-0.063,-0.914,0.4,0,0.401,0.916,-0.998,0.058,-0.025],"_shiftlockState":false,"_pose":"FreeFall","_animationQueue":[],"_animationSpeed":1,"_zoom":16.125},{"_mousePosition":[741,299],"_rootPartCFrame":[742.016,240.499,46.798,-0.057,0,0.998,0,1,0,-0.998,0,-0.057],"_humanoidState":5,"_cameraCFrame":[748.47