[{"_mousePosition":[411,232],"_rootPartCFrame":[776.035,222.7,47.142,-0.002,0,1,0,1,0,-1,0,-0.002],"_humanoidState":8,"_cameraCFrame":[777.161,240.004,44.143,-0.936,-0.345,0.07,0,0.199,0.98,-0.352,0.918,-0.186],"_shiftlockState":false,"_pose":"Standing","_animationQueue":[],"_animationSpeed":1,"_zoom":16.125},{"_mousePosition":[411,232],"_rootPartCFrame":[775.749,222.695,47.04,0.055,0,0.998,0,1,0,-0.998,0,0.055],"_humanoidState":8,"_cameraCFrame":[776.928,239.999,44.061,-0.93,-0.361,0.073,0,0.199,0.98,-0.368,0.911,-0.185],"_shiftlockState":false,"_pose":"Standing","_animationQueue":[],"_animationSpeed":1,"_zoom":16.125},{"_mousePosition":[411,232],"_rootPartCFrame":[775.625,222.696,46.993,0.076,0,0.997,0,1,0,-0.997,0,0.076],"_humanoidState":8,"_cameraCFrame":[776.864,240,44.039,-0.922,-0.379,0.077,0,0.199,0.98,-0.387,0.904,-0.183],"_shiftlockState":false,"_pose":"Running","_animationQueue":[["walk",0.1]],"_animationSpeed":1.089,"_zoom":16.125},{"_mousePosition":[411,232],"_rootPartCFrame":[775.377,222.698,46.895,0.116,0,0.993,0,1,0,-0.993,0,0.116],"_humanoidState":8,"_cameraCFrame":[776.698,240.001,43.977,-0.911,-0.404,0.082,0,0.199,0.98,-0.412,0.893,-0.181],"_shiftlockState":false,"_pose":"Running","_animationQueue":[],"_animationSpeed":1.089,"_zoom":16.125},{"_mousePosition":[411,232],"_rootPartCFrame":[775.131,222.699,46.793,0.153,0,0.988,0,1,0,-0.988,0,0.153],"_humanoidState":8,"_cameraCFrame":[776.496,240.002,43.895,-0.905,-0.418,0.085,0,0.199,0.98,-0.426,0.887,-0.18],"_shiftlockState":false,"_pose":"Running","_animationQueue":[],"_animationSpeed":1.089,"_zoom":16.125},{"_mousePosition":[411,232],"_rootPartCFrame":[774.887,222.699,46.683,0.189,0,0.982,0,1,0,-0.982,0,0.189],"_humanoidState":8,"_cameraCFrame":[776.296,240.003,43.806,-0.898,-0.431,0.087,0,0.199,0.98,-0.44,0.88,-0.178],"_shiftlockState":false,"_pose":"Running","_animationQueue":[],"_animationSpeed":1.089,"_zoom":16.125},{"_mousePosition":[411,232],"_rootPartCFrame":[774.646,222.699,46.57,0.222,0,0.975,0,1,0,-0.975,0,0.222],"_humanoidState":8,"_cameraCFrame":[776.07,240.009,43.735,-0.894,-0.44,0.088,0,0.197,0.98,-0.449,0.876,-0.176],"_shiftlockState":false,"_pose":"Running","_animationQueue":[["walk",0.1]],"_animationSpeed":1.089,"_zoom":16.125},{"_mousePosition":[411,232],"_rootPartCFrame":[774.406,222.699,46.453,0.252,0,0.968,0,1,0,-0.968,0,0.252],"_humanoidState":8,"_cameraCFrame":[775.866,240.009,43.636,-0.888,-0.451,0.091,0,0.197,0.98,-0.46,0.87,-0.175],"_shiftlockState":false,"_pose":"Running","_animationQueue":[],"_animationSpeed":1.089,"_zoom":16.125},{"_mousePosition":[411,232],"_rootPartCFrame":[774.168,222.7,46.333,0.279,0,0.96,0,1,0,-0.96,0,0.279],"_humanoidState":8,"_cameraCFrame":[775.649,240.016,43.563,-0.882,-0.462,0.092,0,0.195,0.981,-0.471,0.865,-0.172],"_shiftlockState":false,"_pose":"Running","_animationQueue":[],"_animationSpeed":1.089,"_zoom":16.125},{"_mousePosition":[411,232],"_rootPartCFrame":[773.931,222.7,46.211,0.304,0,0.953,0,1,0,-0.953,0,0.304],"_humanoidState":8,"_cameraCFrame":[775.425,240.022,43.482,-0.877,-0.471,0.093,0,0.193,0.981,-0.48,0.861,-0.169],"_shiftlockState":false,"_pose":"Running","_animationQueue":[],"_animationSpeed":1.089,"_zoom":16.125},{"_mousePosition":[411,232],"_rootPartCFrame":[773.696,222.7,46.086,0.328,0,0.945,0,1,0,-0.945,0,0.328],"_humanoidState":8,"_cameraCFrame":[775.217,240.022,43.372,-0.872,-0.48,0.094,0,0.193,0.981,-0.489,0.856,-0.168],"_shiftlockState":false,"_pose":"Running","_animationQueue":[],"_animationSpeed":1.089,"_zoom":16.125},{"_mousePosition":[411,232],"_rootPartCFrame":[773.462,222.7,45.958,0.349,0,0.937,0,1,0,-0.937,0,0.349],"_humanoidState":8,"_cameraCFrame":[774.995,240.028,43.287,-0.867,-0.489,0.095,0,0.191,0.982,-0.498,0.851,-0.166],"_shiftlockState":false,"_pose":"Running","_animationQueue":[],"_animationSpeed":1.089,"_zoom":16.125},{"_mousePosition":[411,232],"_rootPartCFrame":[773.229,222.7,45.827,0.368,0,0.93,0,1,0,-0.93,0,0.368],"_humanoidState":8,"_cameraCFrame":[774.767,240.034,43.195,-0.863,-0.495,0.095,0,0.189,0.982,-0.504,0.848,-0.163],"_shiftlockState":false,"_pose":"Running","_animationQueue":[],"_animationSpeed":1.089,"_zoom":16.125},{"_mousePosition":[411,232],"_rootPartCFrame":[772.998,222.7,45.695,0.386,0,0.922,0,1,0,-0.922,0,0.386],"_humanoidState":8,"_cameraCFrame":[774.553,240.04,43.108,-0.857,-0.506,0.096,0,0.187,0.982,-0.515,0.842,-0.16],"_shiftlockState":false,"_pose":"Running","_animationQueue":[["walk",0.1]],"_animationSpeed":1.089,"_zoom":16.125},{"_mousePosition":[411,232],"_rootPartCFrame":[772.652,222.7,45.493,0.41,0,0.912,0,1,0,-0.912,0,0.41],"_humanoidState":8,"_cameraCFrame":[774.214,240.04,42.911,-0.856,-0.508,0.097,0,0.187,0.982,-0.518,0.841,-0.16],"_shiftlockState":false,"_pose":"Running","_animationQueue":[],"_animationSpeed":1.089,"_zoom":16.125},{"_mousePosition":[411,232],"_rootPartCFrame":[772.538,222.7,45.425,0.418,0,0.909,0,1,0,-0.909,0,0.418],"_humanoidState":8,"_cameraCFrame":[774.1,240.04,42.842,-0.856,-0.508,0.097,0,0.187,0.982,-0.518,0.841,-0.16],"_shiftlockState":false,"_pose":"Running","_animationQueue":[],"_animationSpeed":1.089,"_zoom":16.125},{"_mousePosition":[411,232],"_rootPartCFrame":[772.31,222.7,45.287,0.432,0,0.902,0,1,0,-0.902,0,0.432],"_humanoidState":8,"_cameraCFrame":[773.872,240.04,42.704,-0.856,-0.508,0.097,0,0.187,0.982,-0.518,0.841,-0.16],"_shiftlockState":false,"_pose":"Running","_animationQueue":[],"_animationSpeed":1.089,"_zoom":16.125},{"_mousePosition":[411,232],"_rootPartCFrame":[772.081,222.7,45.149,0.443,0,0.896,0,1,0,-0.896,0,0.443],"_humanoidState":8,"_cameraCFrame":[773.644,240.04,42.566,-0.856,-0.508,0.097,0,0.187,0.982,-0.518,0.841,-0.16],"_shiftlockState":false,"_pose":"Running","_animationQueue":[],"_animationSpeed":1.089,"_zoom":16.125},{"_mousePosition":[411,232],"_rootPartCFrame":[771.853,222.7,45.011,0.454,0,0.891,0,1,0,-0.891,0,0.454],"_humanoidState":8,"_cameraCFrame":[773.415,240.04,42.428,-0.856,-0.508,0.097,0,0.187,0.982,-0.518,0.841,-0.16],"_shiftlockState":false,"_pose":"Running","_animationQueue":[],"_animationSpeed":1.089,"_zoom":16.125},{"_mousePosition":[411,232],"_rootPartCFrame":[771.625,222.7,44.873,0.462,0,0.887,0,1,0,-0.887,0,0.462],"_humanoidState":8,"_cameraCFrame":[773.187,240.04,42.29,-0.856,-0.508,0.097,0,0.187,0.982,-0.518,0.841,-0.16],"_shiftlockState":false,"_pose":"Running","_animationQueue":[],"_animationSpeed":1.089,"_zoom":16.125},{"_mousePosition":[411,232],"_rootPartCFrame":[771.397,222.7,44.735,0.47,0,0.883,0,1,0,-0.883,0,0.47],"_humanoidState":8,"_cameraCFrame":[772.959,240.04,42.152,-0.856,-0.508,0.097,0,0.187,0.982,-0.518,0.841,-0.16],"_shiftlockState":false,"_pose":"Running","_animationQueue":[["walk",0.1]],"_animationSpeed":1.089,"_zoom":16.125},{"_mousePosition":[411,232],"_rootPartCFrame":[771.169,222.7,44.597,0.477,0,0.879,0,1,0,-0.879,0,0.477],"_humanoidState":8,"_cameraCFrame":[771.234,240.04,41.108,-0.856,-0.508,0.097,0,0.187,0.982,-0.518,0.841,-0.16],"_shiftlockState":true,"_pose":"Running","_animationQueue":[],"_animationSpeed":1.089,"_zoom":16.125},{"_mousePosition":[683,384],"_rootPartCFrame":[770.941,222.7,44.459,-0.899,0,0.438,0,1,0,-0.438,0,-0.899],"_humanoidState":8,"_cameraCFrame":[771.005,240.04,40.97,-0.856,-0.508,0.097,0,0.187,0.982,-0.518,0.841,-0.16],"_shiftlockState":true,"_pose":"Running","_animationQueue":[],"_animationSpeed":1.089,"_zoom":16.125},{"_mousePosition":[683,384],"_rootPartCFrame":[770.713,222.7,44.321,-0.861,0,0.509,0,1,0,-0.509,0,-0.861],"_humanoidState":8,"_cameraCFrame":[770.777,240.04,40.832,-0.856,-0.508,0.097,0,0.187,0.982,-0.518,0.841,-0.16],"_shiftlockState":true,"_pose":"Running","_animationQueue":[],"_animationSpeed":1.089,"_zoom":16.125},{"_mousePosition":[683,384],"_rootPartCFrame":[770.484,222.7,44.183,-0.856,0,0.517,0,1,0,-0.517,0,-0.856],"_humanoidState":8,"_cameraCFrame":[770.549,240.04,40.694,-0.856,-0.508,0.097,0,0.187,0.982,-0.518,0.841,-0.16],"_shiftlockState":true,"_pose":"Running","_animationQueue":[],"_animationSpeed":1.089,"_zoom":16.125},{"_mousePosition":[683,384],"_rootPartCFrame":[770.256,222.7,44.045,-0.856,0,0.518,0,1,0,-0.518,0,-0.856],"_humanoidState":8,"_cameraCFrame":[770.321,240.04,40.556,-0.856,-0.508,0.097,0,0.187,0.982,-0.518,0.841,-0.16],"_shiftlockState":true,"_pose":"Running","_animationQueue":[],"_animationSpeed":1.089,"_zoom":16.125},{"_mousePosition":[683,384],"_rootPartCFrame":[770.028,223.563,43.907,-0.856,0,0.518,0,1,0,-0.518,0,-0.856],"_humanoidState":3,"_cameraCFrame":[770.093,240.903,40.418,-0.856,-0.508,0.097,0,0.187,0.982,-0.518,0.841,-0.16],"_shiftlockState":true,"_pose":"Jumping","_animationQueue":[["walk",0.1],["walk",0.1],["jump",0.1]],"_animationSpeed":1,"_zoom":16.125},{"_mousePosition":[683,384],"_rootPartCFrame":[769.8,224.371,43.769,-0.804,0,0.594,0,1,0,-0.594,0,-0.804],"_humanoidState":5,"_cameraCFrame":[769.882,241.711,40.281,-0.853,-0.513,0.098,0,0.187,0.982,-0.522,0.838,-0.16],"_shiftlockState":true,"_pose":"FreeFall","_animationQueue":[["jump",0.1]],"_animationSpeed":1,"_zoom":16.125},{"_mousePosition":[683,384],"_rootPartCFrame":[769.514,225.305,43.596,-0.758,0,0.652,0,1,0,-0.652,0,-0.758],"_humanoidState":5,"_cameraCFrame":[769.598,242.651,40.135,-0.85,-0.517,0.097,0,0.185,0.983,-0.526,0.836,-0.158],"_shiftlockState":true,"_pose":"FreeFall","_animationQueue":[],"_animationSpeed":1,"_zoom":16.125},{"_mousePosition":[683,384],"_rootPartCFrame":[769.344,225.824,43.492,-0.794,0,0.608,0,1,0,-0.608,0,-0.794],"_humanoidState":5,"_cameraCFrame":[769.462,243.17,40.032,-0.845,-0.525,0.099,0,0.185,0.983,-0.535,0.83,-0.157],"_shiftlockState":true,"_pose":"FreeFall","_animationQueue":[],"_animationSpeed":1,"_zoom":16.125},{"_mousePosition":[683,384],"_rootPartCFrame":[769.117,226.469,43.352,-0.767,0,0.642,0,1,0,-0.642,0,-0.767],"_humanoidState":5,"_cameraCFrame":[769.279,243.815,39.893,-0.838,-0.536,0.101,0,0.185,0.983,-0.545,0.824,-0.155],"_shiftlockState":true,"_pose":"FreeFall","_animationQueue":[],"_animationSpeed":1,"_zoom":16.125},{"_mousePosition":[683,384],"_rootPartCFrame":[768.835,227.199,43.174,-0.736,0,0.677,0,1,0,-0.677,0,-0.736],"_humanoidState":5,"_cameraCFrame":[769.05,244.544,39.718,-0.83,-0.548,0.103,0,0.185,0.983,-0.558,0.815,-0.154],"_shiftlockState":true,"_pose":"FreeFall","_animationQueue":[],"_animationSpeed":1,"_zoom":16.125},{"_mousePosition":[683,384],"_rootPartCFrame":[768.667,227.595,43.065,-0.77,0,0.638,0,1,0,-0.638,0,-0.77],"_humanoidState":5,"_cameraCFrame":[768.926,244.941,39.613,-0.823,-0.559,0.105,0,0.185,0.983,-0.569,0.808,-0.152],"_shiftlockState":true,"_pose":"FreeFall","_animationQueue":[],"_animationSpeed":1,"_zoom":16.125},{"_mousePosition":[683,384],"_rootPartCFrame":[768.445,228.077,42.917,-0.74,0,0.673,0,1,0,-0.673,0,-0.74],"_humanoidState":5,"_cameraCFrame":[768.739,245.423,39.467,-0.817,-0.567,0.107,0,0.185,0.983,-0.577,0.803,-0.151],"_shiftlockState":true,"_pose":"FreeFall","_animationQueue":[],"_animationSpeed":1,"_zoom":16.125},{"_mousePosition":[683,384],"_rootPartCFrame":[768.171,228.602,42.728,-0.71,0,0.704,0,1,0,-0.704,0,-0.71],"_humanoidState":5,"_cameraCFrame":[768.482,245.948,39.28,-0.814,-0.571,0.108,0,0.185,0.983,-0.581,0.8,-0.151],"_shiftlockState":true,"_pose":"FreeFall","_animationQueue":[],"_animationSpeed":1,"_zoom":16.125},{"_mousePosition":[683,384],"_rootPartCFrame":[768.007,228.876,42.613,-0.752,0,0.659,0,1,0,-0.659,0,-0.752],"_humanoidState":5,"_cameraCFrame":[768.318,246.222,39.165,-0.814,-0.571,0.108,0,0.185,0.983,-0.581,0.8,-0.151],"_shiftlockState":true,"_pose":"FreeFall","_animationQueue":[],"_animationSpeed":1,"_zoom":16.125},{"_mousePosition":[683,384],"_rootPartCFrame":[767.79,229.194,42.458,-0.73,0,0.684,0,1,0,-0.684,0,-0.73],"_humanoidState":5,"_cameraCFrame":[768.101,246.54,39.01,-0.814,-0.571,0.108,0,0.185,0.983,-0.581,0.8,-0.151],"_shiftlockState":true,"_pose":"FreeFall","_animationQueue":[],"_animationSpeed":1,"_zoom":16.125},{"_mousePosition":[683,384],"_rootPartCFrame":[767.519,229.515,42.264,-0.706,0,0.708,0,1,0,-0.708,0,-0.706],"_humanoidState":5,"_cameraCFrame":[767.83,246.861,38.816,-0.814,-0.571,0.108,0,0.185,0.983,-0.581,0.8,-0.151],"_shiftlockState":true,"_pose":"FreeFall","_animationQueue":[],"_animationSpeed":1,"_zoom":16.125},{"_mousePosition":[683,384],"_rootPartCFrame":[767.356,229.666,42.148,-0.752,0,0.659,0,1,0,-0.659,0,-0.752],"_humanoidState":5,"_cameraCFrame":[767.667,247.012,38.7,-0.814,-0.571,0.108,0,0.185,0.983,-0.581,0.8,-0.151],"_shiftlockState":true,"_pose":"FreeFall","_animationQueue":[],"_animationSpeed":1,"_zoom":16.125},{"_mousePosition":[683,384],"_rootPartCFrame":[767.085,229.851,41.955,-0.706,0,0.708,0,1,0,-0.708,0,-0.706],"_humanoidState":5,"_cameraCFrame":[767.396,247.197,38.506,-0.814,-0.571,0.108,0,0.185,0.983,-0.581,0.8,-0.151],"_shiftlockState":true,"_pose":"FreeFall","_animationQueue":[],"_animationSpeed":1,"_zoom":16.125},{"_mousePosition":[683,384],"_rootPartCFrame":[766.922,229.921,41.838,-0.752,0,0.659,0,1,0,-0.659,0,-0.752],"_humanoidState":5,"_cameraCFrame":[767.233,247.266,38.39,-0.814,-0.571,0.108,0,0.185,0.983,-0.581,0.8,-0.151],"_shiftlockState":true,"_pose":"FreeFall","_animationQueue":[],"_animationSpeed":1,"_zoom":16.125},{"_mousePosition":[683,384],"_rootPartCFrame":[766.705,229.966,41.683,-0.73,0,0.684,0,1,0,-0.684,0,-0.73],"_humanoidState":5,"_cameraCFrame":[766.998,247.312,38.234,-0.817,-0.567,0.107,0,0.185,0.983,-0.577,0.803,-0.151],"_shiftlockState":true,"_pose":"FreeFall","_animationQueue":[],"_animationSpeed":1,"_zoom":16.125},{"_mousePosition":[683,384],"_rootPartCFrame":[766.488,229.957,41.529,-0.733,0,0.68,0,1,0,-0.68,0,-0.733],"_humanoidState":5,"_cameraCFrame":[766.694,247.314,38.126,-0.826,-0.555,0.102,0,0.181,0.983,-0.564,0.812,-0.15],"_shiftlockState":true,"_pose":"FreeFall","_animationQueue":[],"_animationSpeed":1,"_zoom":16.125},{"_mousePosition":[683,384],"_rootPartCFrame":[766.216,229.869,41.336,-0.721,0,0.693,0,1,0,-0.693,0,-0.721],"_humanoidState":5,"_cameraCFrame":[766.277,247.243,38.007,-0.841,-0.533,0.095,0,0.176,0.984,-0.541,0.828,-0.148],"_shiftlockState":true,"_pose":"FreeFall","_animationQueue":[],"_animationSpeed":1,"_zoom":16.125},{"_mousePosition":[683,384],"_rootPartCFrame":[765.996,229.737,41.185,-0.762,0,0.648,0,1,0,-0.648,0,-0.762],"_humanoidState":5,"_cameraCFrame":[765.897,247.117,37.885,-0.863,-0.497,0.088,0,0.174,0.985,-0.504,0.85,-0.15],"_shiftlockState":true,"_pose":"FreeFall","_animationQueue":[],"_animationSpeed":1,"_zoom":16.125},{"_mousePosition":[683,384],"_rootPartCFrame":[765.828,229.603,41.076,-0.809,0,0.588,0,1,0,-0.588,0,-0.809],"_humanoidState":5,"_cameraCFrame":[765.571,246.983,37.784,-0.887,-0.455,0.08,0,0.174,0.985,-0.462,0.873,-0.154],"_shiftlockState":true,"_pose":"FreeFall","_animationQueue":[],"_animationSpeed":1,"_zoom":16.125},{"_mousePosition":[683,384],"_rootPartCFrame":[765.541,229.31,40.906,-0.798,0,0.603,0,1,0,-0.603,0,-0.798],"_humanoidState":5,"_cameraCFrame":[765.143,246.69,37.628,-0.906,-0.417,0.074,0,0.174,0.985,-0.424,0.892,-0.157],"_shiftlockState":true,"_pose":"FreeFall","_animationQueue":[["fall",0.3]],"_animationSpeed":1,"_zoom":16.125},{"_mousePosition":[683,384],"_rootPartCFrame":[765.306,229.015,40.781,-0.841,0,0.54,0,1,0,-0.54,0,-0.841],"_humanoidState":5,"_cameraCFrame":[764.8,246.395,37.518,-0.919,-0.388,0.068,0,0.174,0.985,-0.394,0.905,-0.16],"_shiftlockState":true,"_pose":"FreeFall","_animationQueue":[],"_animationSpeed":1,"_zoom":16.125},{"_mousePosition":[683,384],"_rootPartCFrame":[765.005,228.569,40.639,-0.841,0,0.541,0,1,0,-0.541,0,-0.841],"_humanoidState":5,"_cameraCFrame":[764.466,245.949,37.381,-0.923,-0.379,0.067,0,0.174,0.985,-0.384,0.909,-0.16],"_shiftlockState":true,"_pose":"FreeFall","_animationQueue":[],"_animationSpeed":1,"_zoom":16.125},{"_mousePosition":[683,384],"_rootPartCFrame":[764.821,228.261,40.559,-0.88,0,0.475,0,1,0,-0.475,0,-0.88],"_humanoidState":5,"_cameraCFrame":[764.274,245.641,37.302,-0.924,-0.376,0.066,0,0.174,0.985,-0.382,0.91,-0.16],"_shiftlockState":true,"_pose":"FreeFall","_animationQueue":[],"_animationSpeed":1,"_zoom":16.125},{"_mousePosition":[683,384],"_rootPartCFrame":[764.514,227.679,40.43,-0.848,0,0.53,0,1,0,-0.53,0,-0.848],"_humanoidState":5,"_cameraCFrame":[764.024,245.059,37.164,-0.917,-0.392,0.069,0,0.174,0.985,-0.398,0.903,-0.159],"_shiftlockState":true,"_pose":"FreeFall","_animationQueue":[],"_animationSpeed":1,"_zoom":16.125},{"_mousePosition":[683,384],"_rootPartCFrame":[764.329,227.289,40.353,-0.873,0,0.488,0,1,0,-0.488,0,-0.873],"_humanoidState":5,"_cameraCFrame":[763.961,244.664,37.046,-0.904,-0.422,0.075,0,0.176,0.984,-0.428,0.89,-0.159],"_shiftlockState":true,"_pose":"FreeFall","_animationQueue":[],"_animationSpeed":1,"_zoom":16.125},{"_mousePosition":[683,384],"_rootPartCFrame":[764.023,226.571,40.221,-0.82,0,0.572,0,1,0,-0.572,0,-0.82],"_humanoidState":5,"_cameraCFrame":[763.818,243.934,36.847,-0.885,-0.457,0.083,0,0.179,0.984,-0.465,0.871,-0.159],"_shiftlockState":true,"_pose":"FreeFall","_animationQueue":[["fall",0.3]],"_animationSpeed":1,"_zoom":16.125},{"_mousePosition":[683,384],"_rootPartCFrame":[763.893,226.823,40.075,-0.871,0.067,0.486,0.047,0.997,-0.054,-0.489,-0.024,-0.872],"_humanoidState":7,"_cameraCFrame":[763.964,244.171,36.605,-0.865,-0.494,0.092,0,0.183,0.983,-0.502,0.85,-0.158],"_shiftlockState":true,"_pose":"FreeFall","_animationQueue":[["walk",0.1],["fall",0.3],["fall",0.3]],"_animationSpeed":1,"_zoom":16.125},{"_mousePosition":[683,384],"_rootPartCFrame":[763.709,227.264,39.987,-0.863,0.026,0.504,0.018,1,-0.021,-0.504,-0.009,-0.864],"_humanoidState":7,"_cameraCFrame":[763.865,244.609,36.515,-0.845,-0.526,0.099,0,0.185,0.983,-0.535,0.83,-0.156],"_shiftlockState":true,"_pose":"FreeFall","_animationQueue":[],"_animationSpeed":1,"_zoom":16.125},{"_mousePosition":[683,384],"_rootPartCFrame":[763.48,227.855,39.854,-0.845,-0.023,0.534,-0.015,1,0.019,-0.535,0.008,-0.845],"_humanoidState":7,"_cameraCFrame":[763.651,245.201,36.411,-0.831,-0.546,0.103,0,0.185,0.983,-0.556,0.817,-0.154],"_shiftlockState":true,"_pose":"FreeFall","_animationQueue":[],"_animationSpeed":1,"_zoom":16.125},{"_mousePosition":[683,384],"_rootPartCFrame":[763.204,228.295,39.674,-0.831,-0.007,0.556,-0.004,1,0.005,-0.556,0.002,-0.831],"_humanoidState":8,"_cameraCFrame":[763.426,245.641,36.225,-0.827,-0.553,0.104,0,0.185,0.983,-0.562,0.813,-0.153],"_shiftlockState":true,"_pose":"Running","_animationQueue":[["walk",0.1],["fall",0.3],["walk",0.1]],"_animationSpeed":1.084,"_zoom":16.125},{"_mousePosition":[683,384],"_rootPartCFrame":[762.981,228.484,39.527,-0.827,0.001,0.562,0.001,1,-0.001,-0.562,0,-0.827],"_humanoidState":8,"_cameraCFrame":[763.223,245.83,36.074,-0.826,-0.555,0.104,0,0.185,0.983,-0.564,0.811,-0.153],"_shiftlockState":true,"_pose":"Running","_animationQueue":[],"_animationSpeed":1.084,"_zoom":16.125},{"_mousePosition":[683,384],"_rootPartCFrame":[762.76,228.583,39.378,-0.826,0.001,0.564,0.001,1,-0.001,-0.564,0,-0.826],"_humanoidState":8,"_cameraCFrame":[762.958,245.935,35.949,-0.83,-0.549,0.102,0,0.183,0.983,-0.558,0.816,-0.152],"_shiftlockState":true,"_pose":"Running","_animationQueue":[],"_animationSpeed":1.084,"_zoom":16.125},{"_mousePosition":[683,384],"_rootPartCFrame":[762.484,228.646,39.19,-0.83,0,0.558,0,1,0,-0.558,0,-0.83],"_humanoidState":8,"_cameraCFrame":[762.655,245.998,35.76,-0.834,-0.542,0.101,0,0.183,0.983,-0.552,0.82,-0.153],"_shiftlockState":true,"_pose":"Running","_animationQueue":[["walk",0.1]],"_animationSpeed":1.084,"_zoom":16.125},{"_mousePosition":[683,384],"_rootPartCFrame":[762.319,228.666,39.078,-0.834,0,0.552,0,1,0,-0.552,0,-0.834],"_humanoidState":8,"_cameraCFrame":[762.412,246.024,35.672,-0.844,-0.528,0.097,0,0.181,0.983,-0.537,0.83,-0.153],"_shiftlockState":true,"_pose":"Running","_animationQueue":[],"_animationSpeed":1.084,"_zoom":16.125},{"_mousePosition":[683,384],"_rootPartCFrame":[762.041,228.685,38.894,-0.844,0,0.537,0,1,0,-0.537,0,-0.844],"_humanoidState":8,"_cameraCFrame":[762.058,246.048,35.513,-0.853,-0.513,0.094,0,0.179,0.984,-0.522,0.839,-0.153],"_shiftlockState":true,"_pose":"Running","_animationQueue":[],"_animationSpeed":1.084,"_zoom":16.125},{"_mousePosition":[683,384],"_rootPartCFrame":[761.872,228.691,38.786,-0.853,0,0.522,0,1,0,-0.522,0,-0.853],"_humanoidState":8,"_cameraCFrame":[761.78,246.06,35.433,-0.867,-0.49,0.088,0,0.177,0.984,-0.498,0.853,-0.154],"_shiftlockState":true,"_pose":"Running","_animationQueue":[],"_animationSpeed":1.084,"_zoom":16.125},{"_mousePosition":[683,384],"_rootPartCFrame":[761.645,228.695,38.646,-0.867,0,0.498,0,1,0,-0.498,0,-0.867],"_humanoidState":8,"_cameraCFrame":[761.485,246.064,35.295,-0.877,-0.473,0.085,0,0.177,0.984,-0.48,0.863,-0.156],"_shiftlockState":true,"_pose":"Running","_animationQueue":[],"_animationSpeed":1.084,"_zoom":16.125},{"_mousePosition":[683,384],"_rootPartCFrame":[761.415,228.698,38.512,-0.877,0,0.48,0,1,0,-0.48,0,-0.877],"_humanoidState":8,"_cameraCFrame":[761.155,246.073,35.194,-0.889,-0.451,0.08,0,0.176,0.984,-0.458,0.875,-0.156],"_shiftlockState":true,"_pose":"Running","_animationQueue":[],"_animationSpeed":1.084,"_zoom":16.125},{"_mousePosition":[683,384],"_rootPartCFrame":[761.184,229.571,38.38,-0.889,0,0.458,0,1,0,-0.458,0,-0.889],"_humanoidState":3,"_cameraCFrame":[760.794,246.951,35.101,-0.905,-0.42,0.074,0,0.174,0.985,-0.426,0.891,-0.157],"_shiftlockState":true,"_pose":"Jumping","_animationQueue":[["walk",0.1],["jump",0.1]],"_animationSpeed":1,"_zoom":16.125},{"_mousePosition":[683,384],"_rootPartCFrame":[760.947,230.393,38.256,-0.862,0,0.507,0,1,0,-0.507,0,-0.862],"_humanoidState":5,"_cameraCFrame":[760.433,247.773,34.994,-0.92,-0.386,0.068,0,0.174,0.985,-0.391,0.906,-0.16],"_shiftlockState":true,"_pose":"FreeFall","_animationQueue":[["jump",0.1]],"_animationSpeed":1,"_zoom":16.125},{"_mousePosition":[683,384],"_rootPartCFrame":[760.707,231.161,38.141,-0.862,0,0.506,0,1,0,-0.506,0,-0.862],"_humanoidState":5,"_cameraCFrame":[760.077,248.541,34.9,-0.933,-0.353,0.062,0,0.174,0.985,-0.359,0.919,-0.162],"_shiftlockState":true,"_pose":"FreeFall","_animationQueue":[],"_animationSpeed":1,"_zoom":16.125},{"_mousePosition":[683,384],"_rootPartCFrame":[760.462,231.874,38.035,-0.878,0,0.479,0,1,0,-0.479,0,-0.878],"_humanoidState":5,"_cameraCFrame":[759.751,249.254,34.811,-0.942,-0.33,0.058,0,0.174,0.985,-0.335,0.928,-0.164],"_shiftlockState":true,"_pose":"FreeFall","_animationQueue":[],"_animationSpeed":1,"_zoom":16.125},{"_mousePosition":[683,384],"_rootPartCFrame":[760.213,232.532,37.938,-0.889,0,0.457,0,1,0,-0.457,0,-0.889],"_humanoidState":5,"_cameraCFrame":[759.445,249.912,34.727,-0.948,-0.313,0.055,0,0.174,0.985,-0.318,0.934,-0.165],"_shiftlockState":true,"_pose":"FreeFall","_animationQueue":[],"_animationSpeed":1,"_zoom":16.125},{"_mousePosition":[683,384],"_rootPartCFrame":[759.962,233.136,37.848,-0.897,0,0.441,0,1,0,-0.441,0,-0.897],"_humanoidState":5,"_cameraCFrame":[759.146,250.516,34.649,-0.953,-0.299,0.053,0,0.174,0.985,-0.304,0.938,-0.165],"_shiftlockState":true,"_pose":"FreeFall","_animationQueue":[],"_animationSpeed":1,"_zoom":16.125},{"_mousePosition":[683,384],"_rootPartCFrame":[759.71,233.686,37.762,-0.904,0,0.428,0,1,0,-0.428,0,-0.904],"_humanoidState":5,"_cameraCFrame":[758.845,251.066,34.576,-0.957,-0.285,0.05,0,0.174,0.985,-0.289,0.943,-0.166],"_shiftlockState":true,"_pose":"FreeFall","_animationQueue":[],"_animationSpeed":1,"_zoom":16.125},{"_mousePosition":[683,384],"_rootPartCFrame":[759.52,234.062,37.701,-0.924,0,0.383,0,1,0,-0.383,0,-0.924],"_humanoidState":5,"_cameraCFrame":[758.59,251.442,34.533,-0.963,-0.266,0.047,0,0.174,0.985,-0.27,0.948,-0.167],"_shiftlockState":true,"_pose":"FreeFall","_animationQueue":[],"_animationSpeed":1,"_zoom":16.125},{"_mousePosition":[683,384],"_rootPartCFrame":[759.264,234.516,37.623,-0.919,0,0.395,0,1,0,-0.395,0,-0.919],"_humanoidState":5,"_cameraCFrame":[758.255,251.896,34.48,-0.969,-0.242,0.043,0,0.174,0.985,-0.245,0.955,-0.168],"_shiftlockState":true,"_pose":"FreeFall","_animationQueue":[],"_animationSpeed":1,"_zoom":16.125},{"_mousePosition":[683,384],"_rootPartCFrame":[759.008,234.916,37.551,-0.928,0,0.372,0,1,0,-0.372,0,-0.928],"_humanoidState":5,"_cameraCFrame":[757.841,252.296,34.462,-0.981,-0.193,0.034,0,0.174,0.985,-0.196,0.966,-0.17],"_shiftlockState":true,"_pose":"FreeFall","_animationQueue":[],"_animationSpeed":1,"_zoom":16.125},{"_mousePosition":[683,384],"_rootPartCFrame":[758.685,235.339,37.468,-0.935,0,0.356,0,1,0,-0.356,0,-0.935],"_humanoidState":5,"_cameraCFrame":[757.409,252.719,34.422,-0.987,-0.159,0.028,0,0.174,0.985,-0.161,0.972,-0.171],"_shiftlockState":true,"_pose":"FreeFall","_animationQueue":[],"_animationSpeed":1,"_zoom":16.125},{"_mousePosition":[683,384],"_rootPartCFrame":[758.424,235.616,37.414,-0.957,0,0.291,0,1,0,-0.291,0,-0.957],"_humanoidState":5,"_cameraCFrame":[757.033,252.996,34.419,-0.992,-0.122,0.021,0,0.174,0.985,-0.124,0.977,-0.172],"_shiftlockState":true,"_pose":"FreeFall","_animationQueue":[],"_animationSpeed":1,"_zoom":16.125},{"_mousePosition":[683,384],"_rootPartCFrame":[758.161,235.838,37.369,-0.967,0,0.254,0,1,0,-0.254,0,-0.967],"_humanoidState":5,"_cameraCFrame":[756.643,253.218,34.437,-0.997,-0.08,0.014,0,0.174,0.985,-0.081,0.982,-0.173],"_shiftlockState":true,"_pose":"FreeFall","_animationQueue":[],"_animationSpeed":1,"_zoom":16.125},{"_mousePosition":[683,384],"_rootPartCFrame":[757.963,235.969,37.343,-0.984,0,0.18,0,1,0,-0.18,0,-0.984],"_humanoidState":5,"_cameraCFrame":[756.313,253.35,34.483,-0.999,-0.035,0.006,0,0.174,0.985,-0.035,0.984,-0.174],"_shiftlockState":true,"_pose":"FreeFall","_animationQueue":[],"_animationSpeed":1,"_zoom":16.125},{"_mousePosition":[683,384],"_rootPartCFrame":[757.697,236.097,37.32,-0.986,0,0.168,0,1,0,-0.168,0,-0.986],"_humanoidState":5,"_cameraCFrame":[755.933,253.477,34.529,-1,0.005,-0.001,0,0.174,0.985,0.005,0.985,-0.174],"_shiftlockState":true,"_pose":"FreeFall","_animationQueue":[],"_animationSpeed":1,"_zoom":16.125},{"_mousePosition":[683,384],"_rootPartCFrame":[757.364,236.179,37.306,-0.987,0,0.161,0,1,0,-0.161,0,-0.987],"_humanoidState":5,"_cameraCFrame":[755.481,253.559,34.594,-0.999,0.047,-0.008,0,0.174,0.985,0.048,0.984,-0.173],"_shiftlockState":true,"_pose":"FreeFall","_animationQueue":[],"_animationSpeed":1,"_zoom":16.125},{"_mousePosition":[683,384],"_rootPartCFrame":[757.164,236.187,37.306,-0.999,0,0.052,0,1,0,-0.052,0,-0.999],"_humanoidState":5,"_cameraCFrame":[755.166,253.567,34.677,-0.996,0.09,-0.016,0,0.174,0.985,0.091,0.981,-0.173],"_shiftlockState":true,"_pose":"FreeFall","_animationQueue":[],"_animationSpeed":1,"_zoom":16.125},{"_mousePosition":[683,384],"_rootPartCFrame":[756.898,236.151,37.317,-0.999,0,0.042,0,1,0,-0.042,0,-0.999],"_humanoidState":5,"_cameraCFrame":[754.782,253.531,34.782,-0.991,0.134,-0.024,0,0.174,0.985,0.136,0.976,-0.172],"_shiftlockState":true,"_pose":"FreeFall","_animationQueue":[],"_animationSpeed":1,"_zoom":16.125},{"_mousePosition":[683,384],"_rootPartCFrame":[756.632,236.06,37.339,-1,0,-0.004,0,1,0,0.004,0,-1],"_humanoidState":5,"_cameraCFrame":[754.403,253.44,34.903,-0.983,0.179,-0.031,0,0.174,0.985,0.181,0.968,-0.171],"_shiftlockState":true,"_pose":"FreeFall","_animationQueue":[],"_animationSpeed":1,"_zoom":16.125},{"_mousePosition":[683,384],"_rootPartCFrame":[756.302,235.87,37.383,-1,0,-0.016,0,1,0,0.016,0,-1],"_humanoidState":5,"_cameraCFrame":[753.97,253.25,35.045,-0.975,0.22,-0.039,0,0.174,0.985,0.223,0.96,-0.169],"_shiftlockState":true,"_pose":"FreeFall","_animationQueue":[],"_animationSpeed":1,"_zoom":16.125},{"_mousePosition":[683,384],"_rootPartCFrame":[756.105,235.715,37.418,-0.992,0,-0.125,0,1,0,0.125,0,-0.992],"_humanoidState":5,"_cameraCFrame":[753.669,253.095,35.188,-0.964,0.264,-0.046,0,0.174,0.985,0.268,0.949,-0.167],"_shiftlockState":true,"_pose":"FreeFall","_animationQueue":[],"_animationSpeed":1,"_zoom":16.125},{"_mousePosition":[683,384],"_rootPartCFrame":[755.78,235.389,37.49,-0.995,0,-0.104,0,1,0,0.104,0,-0.995],"_humanoidState":5,"_cameraCFrame":[753.327,252.769,35.279,-0.961,0.271,-0.048,0,0.174,0.985,0.275,0.947,-0.167],"_shiftlockState":true,"_pose":"FreeFall","_animationQueue":[["fall",0.3]],"_animationSpeed":1,"_zoom":16.125},{"_mousePosition":[683,384],"_rootPartCFrame":[755.586,235.152,37.542,-0.984,0,-0.178,0,1,0,0.178,0,-0.984],"_humanoidState":5,"_cameraCFrame":[753.134,252.532,35.331,-0.961,0.271,-0.048,0,0.174,0.985,0.275,0.947,-0.167],"_shiftlockState":true,"_pose":"FreeFall","_animationQueue":[],"_animationSpeed":1,"_zoom":16.125},{"_mousePosition":[683,384],"_rootPartCFrame":[755.33,234.788,37.615,-0.989,0,-0.145,0,1,0,0.145,0,-0.989],"_humanoidState":5,"_cameraCFrame":[752.878,252.168,35.404,-0.961,0.271,-0.048,0,0.174,0.985,0.275,0.947,-0.167],"_shiftlockState":true,"_pose":"FreeFall","_animationQueue":[],"_animationSpeed":1,"_zoom":16.125},{"_mousePosition":[683,384],"_rootPartCFrame":[755.074,234.371,37.688,-0.989,0,-0.145,0,1,0,0.145,0,-0.989],"_humanoidState":5,"_cameraCFrame":[752.627,251.751,35.471,-0.962,0.268,-0.047,0,0.174,0.985,0.272,0.948,-0.167],"_shiftlockState":true,"_pose":"FreeFall","_animationQueue":[],"_animationSpeed":1,"_zoom":16.125},{"_mousePosition":[683,384],"_rootPartCFrame":[754.817,233.898,37.762,-0.99,0,-0.142,0,1,0,0.142,0,-0.99],"_humanoidState":5,"_cameraCFrame":[752.399,251.278,35.514,-0.966,0.256,-0.045,0,0.174,0.985,0.26,0.951,-0.168],"_shiftlockState":true,"_pose":"FreeFall","_animationQueue":[],"_animationSpeed":1,"_zoom":16.125},{"_mousePosition":[683,384],"_rootPartCFrame":[754.561,233.371,37.835,-0.992,0,-0.13,0,1,0,0.13,0,-0.992],"_humanoidState":5,"_cameraCFrame":[752.182,250.751,35.544,-0.97,0.239,-0.042,0,0.174,0.985,0.243,0.955,-0.168],"_shiftlockState":true,"_pose":"FreeFall","_animationQueue":[],"_animationSpeed":1,"_zoom":16.125},{"_mousePosition":[683,384],"_rootPartCFrame":[754.239,232.636,37.922,-0.978,0,-0.208,0,1,0,0.208,0,-0.978],"_humanoidState":7,"_cameraCFrame":[751.907,250.016,35.584,-0.975,0.22,-0.039,0,0.174,0.985,0.223,0.96,-0.169],"_shiftlockState":true,"_pose":"FreeFall","_animationQueue":[["walk",0.1],["fall",0.3],["fall",0.3]],"_animationSpeed":1,"_zoom":16.125},{"_mousePosition":[683,384],"_rootPartCFrame":[754.045,232.511,37.971,-0.975,0,-0.223,0,1,0,0.223,0,-0.975],"_humanoidState":7,"_cameraCFrame":[751.78,249.891,35.569,-0.981,0.193,-0.034,0,0.174,0.985,0.196,0.966,-0.17],"_shiftlockState":true,"_pose":"FreeFall","_animationQueue":[["fall",0.3]],"_animationSpeed":1,"_zoom":16.125},{"_mousePosition":[683,384],"_rootPartCFrame":[753.785,232.562,38.031,-0.981,0,-0.196,0,1,0,0.196,0,-0.981],"_humanoidState":8,"_cameraCFrame":[751.594,249.942,35.562,-0.986,0.164,-0.029,0,0.174,0.985,0.166,0.971,-0.171],"_shiftlockState":true,"_pose":"Running","_animationQueue":[["walk",0.1],["fall",0.3],["walk",0.1]],"_animationSpeed":1.103,"_zoom":16.125},{"_mousePosition":[683,384],"_rootPartCFrame":[753.524,232.622,38.084,-0.986,0,-0.166,0,1,0,0.166,0,-0.986],"_humanoidState":8,"_cameraCFrame":[751.409,250.002,35.549,-0.991,0.134,-0.024,0,0.174,0.985,0.136,0.976,-0.172],"_shiftlockState":true,"_pose":"Running","_animationQueue":[],"_animationSpeed":1.103,"_zoom":16.125},{"_mousePosition":[683,384],"_rootPartCFrame":[753.13,232.669,38.152,-0.991,0,-0.136,0,1,0,0.136,0,-0.991],"_humanoidState":8,"_cameraCFrame":[751.086,250.049,35.558,-0.994,0.107,-0.019,0,0.174,0.985,0.109,0.979,-0.173],"_shiftlockState":true,"_pose":"Running","_animationQueue":[],"_animationSpeed":1.103,"_zoom":16.125},{"_mousePosition":[683,384],"_rootPartCFrame":[752.932,232.682,38.18,-0.994,0,-0.109,0,1,0,0.109,0,-0.994],"_humanoidState":8,"_cameraCFrame":[750.907,250.062,35.571,-0.995,0.1,-0.018,0,0.174,0.985,0.101,0.98,-0.173],"_shiftlockState":true,"_pose":"Running","_animationQueue":[],"_animationSpeed":1.103,"_zoom":16.125},{"_mousePosition":[683,384],"_rootPartCFrame":[752.667,232.691,38.21,-0.995,0,-0.101,0,1,0,0.101,0,-0.995],"_humanoidState":8,"_cameraCFrame":[750.642,250.071,35.601,-0.995,0.1,-0.018,0,0.174,0.985,0.101,0.98,-0.173],"_shiftlockState":true,"_pose":"Running","_animationQueue":[],"_animationSpeed":1.103,"_zoom":16.125},{"_mousePosition":[683,384],"_rootPartCFrame":[752.335,232.696,38.244,-0.992,0,-0.13,0,1,0,0.13,0,-0.992],"_humanoidState":8,"_cameraCFrame":[750.134,250.074,35.768,-0.986,0.167,-0.03,0,0.174,0.985,0.169,0.97,-0.172],"_shiftlockState":true,"_pose":"Running","_animationQueue":[["walk",0.1],["walk",0.1]],"_animationSpeed":1.103,"_zoom":16.125},{"_mousePosition":[683,384],"_rootPartCFrame":[752.004,232.699,38.285,-0.986,0,-0.169,0,1,0,0.169,0,-0.986],"_humanoidState":8,"_cameraCFrame":[749.689,250.079,35.931,-0.976,0.213,-0.038,0,0.174,0.985,0.217,0.961,-0.17],"_shiftlockState":true,"_pose":"Running","_animationQueue":[],"_animationSpeed":1.103,"_zoom":16.125},{"_mousePosition":[683,384],"_rootPartCFrame":[751.807,232.7,38.318,-0.976,0,-0.217,0,1,0,0.217,0,-0.976],"_humanoidState":8,"_cameraCFrame":[749.381,250.08,36.077,-0.965,0.259,-0.046,0,0.174,0.985,0.263,0.95,-0.168],"_shiftlockState":true,"_pose":"Running","_animationQueue":[],"_animationSpeed":1.103,"_zoom":16.125},{"_mousePosition":[683,384],"_rootPartCFrame":[751.546,232.7,38.374,-0.965,0,-0.263,0,1,0,0.263,0,-0.965],"_humanoidState":8,"_cameraCFrame":[749.011,250.08,36.259,-0.95,0.307,-0.054,0,0.174,0.985,0.312,0.936,-0.165],"_shiftlockState":true,"_pose":"Running","_animationQueue":[],"_animationSpeed":1.103,"_zoom":16.125},{"_mousePosition":[683,384],"_rootPartCFrame":[751.288,232.701,38.442,-0.95,0,-0.312,0,1,0,0.312,0,-0.95],"_humanoidState":8,"_cameraCFrame":[748.649,250.081,36.458,-0.933,0.354,-0.062,0,0.174,0.985,0.359,0.919,-0.162],"_shiftlockState":true,"_pose":"Running","_animationQueue":[],"_animationSpeed":1.103,"_zoom":16.125},{"_mousePosition":[683,384],"_rootPartCFrame":[751.034,232.701,38.523,-0.933,0,-0.359,0,1,0,0.359,0,-0.933],"_humanoidState":8,"_cameraCFrame":[748.293,250.081,36.682,-0.913,0.402,-0.071,0,0.174,0.985,0.408,0.899,-0.159],"_shiftlockState":true,"_pose":"Running","_animationQueue":[],"_animationSpeed":1.103,"_zoom":16.125},{"_mousePosition":[683,384],"_rootPartCFrame":[750.785,232.701,38.617,-0.913,0,-0.408,0,1,0,0.408,0,-0.913],"_humanoidState":8,"_cameraCFrame":[747.954,250.081,36.917,-0.891,0.447,-0.079,0,0.174,0.985,0.454,0.877,-0.155],"_shiftlockState":true,"_pose":"Running","_animationQueue":[],"_animationSpeed":1.103,"_zoom":16.125},{"_mousePosition":[683,384],"_rootPartCFrame":[750.48,232.701,38.751,-0.891,0,-0.454,0,1,0,0.454,0,-0.891],"_humanoidState":8,"_cameraCFrame":[747.559,250.081,37.211,-0.864,0.495,-0.087,0,0.174,0.985,0.503,0.851,-0.15],"_shiftlockState":true,"_pose":"Running","_animationQueue":[["walk",0.1]],"_animationSpeed":1.103,"_zoom":16.125},{"_mousePosition":[683,384],"_rootPartCFrame":[750.301,232.701,38.84,-0.864,0,-0.503,0,1,0,0.503,0,-0.864],"_humanoidState":8,"_cameraCFrame":[747.302,250.081,37.458,-0.836,0.54,-0.095,0,0.174,0.985,0.548,0.824,-0.145],"_shiftlockState":true,"_pose":"Running","_animationQueue":[],"_animationSpeed":1.103,"_zoom":16.125},{"_mousePosition":[683,384],"_rootPartCFrame":[750.069,232.696,38.972,-0.836,0,-0.548,0,1,0,0.548,0,-0.836],"_humanoidState":8,"_cameraCFrame":[746.998,250.076,37.759,-0.805,0.585,-0.103,0,0.174,0.985,0.594,0.792,-0.14],"_shiftlockState":true,"_pose":"Running","_animationQueue":[],"_animationSpeed":1.103,"_zoom":16.125},{"_mousePosition":[683,384],"_rootPartCFrame":[749.845,232.697,39.117,-0.805,0,-0.594,0,1,0,0.594,0,-0.805],"_humanoidState":8,"_cameraCFrame":[746.706,250.077,38.092,-0.767,0.632,-0.111,0,0.174,0.985,0.642,0.755,-0.133],"_shiftlockState":true,"_pose":"Running","_animationQueue":[],"_animationSpeed":1.103,"_zoom":16.125},{"_mousePosition":[683,384],"_rootPartCFrame":[749.629,232.699,39.273,-0.767,0,-0.642,0,1,0,0.642,0,-0.767],"_humanoidState":8,"_cameraCFrame":[746.412,250.079,38.53,-0.707,0.696,-0.123,0,0.174,0.985,0.707,0.696,-0.123],"_shiftlockState":true,"_pose":"Running","_animationQueue":[],"_animationSpeed":1.103,"_zoom":16.125},{"_mousePosition":[683,384],"_rootPartCFrame":[749.423,232.7,39.442,-0.707,0,-0.707,0,1,0,0.707,0,-0.707],"_humanoidState":8,"_cameraCFrame":[746.168,250.08,38.888,-0.665,0.736,-0.13,0,0.174,0.985,0.747,0.655,-0.115],"_shiftlockState":true,"_pose":"Running","_animationQueue":[],"_animationSpeed":1.103,"_zoom":16.125},{"_mousePosition":[683,384],"_rootPartCFrame":[749.167,233.77,39.656,-0.665,0,-0.747,0,1,0,0.747,0,-0.665],"_humanoidState":3,"_cameraCFrame":[745.887,251.15,39.283,-0.622,0.771,-0.136,0,0.174,0.985,0.783,0.613,-0.108],"_shiftlockState":true,"_pose":"Jumping","_animationQueue":[["walk",0.1],["walk",0.1],["jump",0.1]],"_animationSpeed":1,"_zoom":16.125},{"_mousePosition":[683,384],"_rootPartCFrame":[749.024,234.371,39.795,-0.67,0,-0.742,0,1,0,0.742,0,-0.67],"_humanoidState":5,"_cameraCFrame":[745.729,251.751,39.589,-0.582,0.801,-0.141,0,0.174,0.985,0.813,0.573,-0.101],"_shiftlockState":true,"_pose":"FreeFall","_animationQueue":[["jump",0.1]],"_animationSpeed":1,"_zoom":16.125},{"_mousePosition":[683,384],"_rootPartCFrame":[748.854,235.125,40,-0.679,0,-0.734,0,1,0,0.734,0,-0.679],"_humanoidState":5,"_cameraCFrame":[745.552,252.505,39.952,-0.542,0.828,-0.146,0,0.174,0.985,0.84,0.534,-0.094],"_shiftlockState":true,"_pose":"FreeFall","_animationQueue":[],"_animationSpeed":1,"_zoom":16.125},{"_mousePosition":[683,384],"_rootPartCFrame":[748.697,235.825,40.215,-0.648,0,-0.761,0,1,0,0.761,0,-0.648],"_humanoidState":5,"_cameraCFrame":[745.397,253.205,40.326,-0.501,0.852,-0.15,0,0.174,0.985,0.865,0.494,-0.087],"_shiftlockState":true,"_pose":"FreeFall","_animationQueue":[],"_animationSpeed":1,"_zoom":16.125},{"_mousePosition":[683,384],"_rootPartCFrame":[748.551,236.469,40.438,-0.612,0,-0.791,0,1,0,0.791,0,-0.612],"_humanoidState":5,"_cameraCFrame":[745.26,253.85,40.708,-0.459,0.875,-0.154,0,0.174,0.985,0.888,0.452,-0.08],"_shiftlockState":true,"_pose":"FreeFall","_animationQueue":[],"_animationSpeed":1,"_zoom":16.125},{"_mousePosition":[683,384],"_rootPartCFrame":[748.416,237.06,40.668,-0.573,0,-0.82,0,1,0,0.82,0,-0.573],"_humanoidState":5,"_cameraCFrame":[745.141,254.44,41.096,-0.416,0.896,-0.158,0,0.174,0.985,0.909,0.409,-0.072],"_shiftlockState":true,"_pose":"FreeFall","_animationQueue":[],"_animationSpeed":1,"_zoom":16.125},{"_mousePosition":[683,384],"_rootPartCFrame":[748.285,237.721,40.96,-0.544,0,-0.839,0,1,0,0.839,0,-0.544],"_humanoidState":5,"_cameraCFrame":[745.034,255.101,41.537,-0.374,0.913,-0.161,0,0.174,0.985,0.927,0.368,-0.065],"_shiftlockState":true,"_pose":"FreeFall","_animationQueue":[],"_animationSpeed":1,"_zoom":16.125},{"_mousePosition":[683,384],"_rootPartCFrame":[748.237,238.077,41.139,-0.45,0,-0.893,0,1,0,0.893,0,-0.45],"_humanoidState":5,"_cameraCFrame":[745.008,255.457,41.83,-0.341,0.926,-0.163,0,0.174,0.985,0.94,0.336,-0.059],"_shiftlockState":true,"_pose":"FreeFall","_animationQueue":[],"_animationSpeed":1,"_zoom":16.125},{"_mousePosition":[683,384],"_rootPartCFrame":[748.207,238.504,41.378,-0.442,0,-0.897,0,1,0,0.897,0,-0.442],"_humanoidState":5,"_cameraCFrame":[745,255.884,42.167,-0.312,0.936,-0.165,0,0.174,0.985,0.95,0.307,-0.054],"_shiftlockState":true,"_pose":"FreeFall","_animationQueue":[],"_animationSpeed":1,"_zoom":16.125},{"_mousePosition":[683,384],"_rootPartCFrame":[748.225,238.961,41.679,-0.438,0,-0.899,0,1,0,0.899,0,-0.438],"_humanoidState":5,"_cameraCFrame":[745.019,256.341,42.467,-0.312,0.936,-0.165,0,0.174,0.985,0.95,0.307,-0.054],"_shiftlockState":true,"_pose":"FreeFall","_animationQueue":[],"_animationSpeed":1,"_zoom":16.125},{"_mousePosition":[683,384],"_rootPartCFrame":[748.266,239.194,41.859,-0.387,0,-0.922,0,1,0,0.922,0,-0.387],"_humanoidState":5,"_cameraCFrame":[745.003,256.563,42.636,-0.31,0.936,-0.169,0,0.177,0.984,0.951,0.305,-0.055],"_shiftlockState":true,"_pose":"FreeFall","_animationQueue":[],"_animationSpeed":1,"_zoom":16.125},{"_mousePosition":[683,384],"_rootPartCFrame":[748.375,239.515,42.135,-0.343,0,-0.94,0,1,0,0.94,0,-0.343],"_humanoidState":5,"_cameraCFrame":[745.013,256.867,42.832,-0.324,0.93,-0.173,0,0.183,0.983,0.946,0.319,-0