[{"_mousePosition":[683,383],"_rootPartCFrame":[776.029,222.7,47.142,0,0,1,0,1,0,-1,0,0],"_humanoidState":8,"_cameraCFrame":[781.44,239.368,47.942,0.146,-0.931,0.336,0,0.339,0.941,-0.989,-0.138,0.05],"_shiftlockState":false,"_pose":"Standing","_animationQueue":[],"_animationSpeed":1,"_zoom":16.125},{"_mousePosition":[683,383],"_rootPartCFrame":[775.859,222.7,47.118,0.014,0,1,0,1,0,-1,0,0.014],"_humanoidState":8,"_cameraCFrame":[781.212,239.39,47.909,0.146,-0.932,0.332,0,0.336,0.942,-0.989,-0.138,0.049],"_shiftlockState":false,"_pose":"Standing","_animationQueue":[],"_animationSpeed":1,"_zoom":16.125},{"_mousePosition":[683,383],"_rootPartCFrame":[775.597,222.7,47.079,0.032,0,0.999,0,1,0,-0.999,0,0.032],"_humanoidState":8,"_cameraCFrame":[780.889,239.411,47.875,0.149,-0.933,0.328,0,0.332,0.943,-0.989,-0.14,0.049],"_shiftlockState":false,"_pose":"Running","_animationQueue":[["walk",0.1]],"_animationSpeed":1.003,"_zoom":16.125},{"_mousePosition":[683,383],"_rootPartCFrame":[775.333,222.7,47.04,0.047,0,0.999,0,1,0,-0.999,0,0.047],"_humanoidState":8,"_cameraCFrame":[780.567,239.431,47.827,0.149,-0.934,0.325,0,0.328,0.945,-0.989,-0.14,0.049],"_shiftlockState":false,"_pose":"Running","_animationQueue":[["walk",0.1]],"_animationSpeed":1.101,"_zoom":16.125},{"_mousePosition":[683,383],"_rootPartCFrame":[775.069,222.7,47,0.061,0,0.998,0,1,0,-0.998,0,0.061],"_humanoidState":8,"_cameraCFrame":[780.242,239.452,47.792,0.151,-0.935,0.321,0,0.325,0.946,-0.988,-0.143,0.049],"_shiftlockState":false,"_pose":"Running","_animationQueue":[],"_animationSpeed":1.101,"_zoom":16.125},{"_mousePosition":[683,383],"_rootPartCFrame":[774.806,222.7,46.961,0.073,0,0.997,0,1,0,-0.997,0,0.073],"_humanoidState":8,"_cameraCFrame":[779.918,239.472,47.756,0.154,-0.936,0.317,0,0.321,0.947,-0.988,-0.146,0.049],"_shiftlockState":false,"_pose":"Running","_animationQueue":[],"_animationSpeed":1.101,"_zoom":16.125},{"_mousePosition":[683,383],"_rootPartCFrame":[774.542,222.7,46.92,0.084,0,0.996,0,1,0,-0.996,0,0.084],"_humanoidState":8,"_cameraCFrame":[779.625,239.482,47.711,0.154,-0.936,0.315,0,0.319,0.948,-0.988,-0.146,0.049],"_shiftlockState":false,"_pose":"Running","_animationQueue":[],"_animationSpeed":1.101,"_zoom":16.125},{"_mousePosition":[683,383],"_rootPartCFrame":[774.147,222.7,46.859,0.098,0,0.995,0,1,0,-0.995,0,0.098],"_humanoidState":8,"_cameraCFrame":[779.198,239.492,47.658,0.156,-0.937,0.313,0,0.317,0.948,-0.988,-0.148,0.05],"_shiftlockState":false,"_pose":"Running","_animationQueue":[["walk",0.1]],"_animationSpeed":1.101,"_zoom":16.125},{"_mousePosition":[683,383],"_rootPartCFrame":[774.015,222.7,46.839,0.102,0,0.995,0,1,0,-0.995,0,0.102],"_humanoidState":8,"_cameraCFrame":[778.976,239.522,47.636,0.159,-0.938,0.308,0,0.312,0.95,-0.987,-0.151,0.049],"_shiftlockState":false,"_pose":"Running","_animationQueue":[],"_animationSpeed":1.101,"_zoom":16.125},{"_mousePosition":[683,383],"_rootPartCFrame":[773.751,222.7,46.797,0.109,0,0.994,0,1,0,-0.994,0,0.109],"_humanoidState":8,"_cameraCFrame":[778.652,239.541,47.597,0.161,-0.939,0.304,0,0.308,0.951,-0.987,-0.153,0.05],"_shiftlockState":false,"_pose":"Running","_animationQueue":[],"_animationSpeed":1.101,"_zoom":16.125},{"_mousePosition":[683,383],"_rootPartCFrame":[773.488,222.7,46.755,0.116,0,0.993,0,1,0,-0.993,0,0.116],"_humanoidState":8,"_cameraCFrame":[778.3,239.57,47.541,0.161,-0.941,0.298,0,0.302,0.953,-0.987,-0.154,0.049],"_shiftlockState":false,"_pose":"Running","_animationQueue":[],"_animationSpeed":1.101,"_zoom":16.125},{"_mousePosition":[683,383],"_rootPartCFrame":[773.225,222.7,46.712,0.122,0,0.993,0,1,0,-0.993,0,0.122],"_humanoidState":8,"_cameraCFrame":[777.946,239.598,47.495,0.164,-0.942,0.293,0,0.297,0.955,-0.987,-0.156,0.049],"_shiftlockState":false,"_pose":"Running","_animationQueue":[],"_animationSpeed":1.101,"_zoom":16.125},{"_mousePosition":[683,383],"_rootPartCFrame":[772.962,222.7,46.669,0.127,0,0.992,0,1,0,-0.992,0,0.127],"_humanoidState":8,"_cameraCFrame":[777.56,239.635,47.456,0.169,-0.944,0.285,0,0.289,0.957,-0.986,-0.161,0.049],"_shiftlockState":false,"_pose":"Running","_animationQueue":[],"_animationSpeed":1.101,"_zoom":16.125},{"_mousePosition":[683,383],"_rootPartCFrame":[772.699,222.7,46.625,0.132,0,0.991,0,1,0,-0.991,0,0.132],"_humanoidState":8,"_cameraCFrame":[777.178,239.671,47.392,0.169,-0.946,0.278,0,0.282,0.959,-0.986,-0.162,0.048],"_shiftlockState":false,"_pose":"Running","_animationQueue":[],"_animationSpeed":1.101,"_zoom":16.125},{"_mousePosition":[683,383],"_rootPartCFrame":[772.436,222.7,46.58,0.137,0,0.991,0,1,0,-0.991,0,0.137],"_humanoidState":8,"_cameraCFrame":[776.826,239.697,47.332,0.169,-0.947,0.272,0,0.276,0.961,-0.986,-0.162,0.047],"_shiftlockState":false,"_pose":"Running","_animationQueue":[["walk",0.1]],"_animationSpeed":1.101,"_zoom":16.125},{"_mousePosition":[683,383],"_rootPartCFrame":[772.173,222.7,46.535,0.141,0,0.99,0,1,0,-0.99,0,0.141],"_humanoidState":8,"_cameraCFrame":[776.472,239.723,47.282,0.171,-0.948,0.267,0,0.271,0.963,-0.985,-0.165,0.046],"_shiftlockState":false,"_pose":"Running","_animationQueue":[],"_animationSpeed":1.101,"_zoom":16.125},{"_mousePosition":[683,383],"_rootPartCFrame":[771.91,222.7,46.49,0.145,0,0.989,0,1,0,-0.989,0,0.145],"_humanoidState":8,"_cameraCFrame":[776.18,239.732,47.232,0.171,-0.949,0.265,0,0.269,0.963,-0.985,-0.165,0.046],"_shiftlockState":false,"_pose":"Running","_animationQueue":[],"_animationSpeed":1.101,"_zoom":16.125},{"_mousePosition":[683,383],"_rootPartCFrame":[771.648,222.7,46.445,0.149,0,0.989,0,1,0,-0.989,0,0.149],"_humanoidState":8,"_cameraCFrame":[775.917,239.732,47.187,0.171,-0.949,0.265,0,0.269,0.963,-0.985,-0.165,0.046],"_shiftlockState":false,"_pose":"Running","_animationQueue":[],"_animationSpeed":1.101,"_zoom":16.125},{"_mousePosition":[683,383],"_rootPartCFrame":[771.385,223.573,46.399,0.152,0,0.988,0,1,0,-0.988,0,0.152],"_humanoidState":3,"_cameraCFrame":[775.654,240.605,47.141,0.171,-0.949,0.265,0,0.269,0.963,-0.985,-0.165,0.046],"_shiftlockState":false,"_pose":"Jumping","_animationQueue":[["walk",0.1],["jump",0.1]],"_animationSpeed":1,"_zoom":16.125},{"_mousePosition":[683,383],"_rootPartCFrame":[771.122,224.395,46.353,0.155,0,0.988,0,1,0,-0.988,0,0.155],"_humanoidState":5,"_cameraCFrame":[775.391,241.427,47.095,0.171,-0.949,0.265,0,0.269,0.963,-0.985,-0.165,0.046],"_shiftlockState":false,"_pose":"FreeFall","_animationQueue":[["jump",0.1]],"_animationSpeed":1,"_zoom":16.125},{"_mousePosition":[683,383],"_rootPartCFrame":[770.859,225.162,46.308,0.157,0,0.988,0,1,0,-0.988,0,0.157],"_humanoidState":5,"_cameraCFrame":[775.129,242.194,47.05,0.171,-0.949,0.265,0,0.269,0.963,-0.985,-0.165,0.046],"_shiftlockState":false,"_pose":"FreeFall","_animationQueue":[],"_animationSpeed":1,"_zoom":16.125},{"_mousePosition":[683,383],"_rootPartCFrame":[770.597,225.875,46.262,0.159,0,0.987,0,1,0,-0.987,0,0.159],"_humanoidState":5,"_cameraCFrame":[774.866,242.907,47.004,0.171,-0.949,0.265,0,0.269,0.963,-0.985,-0.165,0.046],"_shiftlockState":false,"_pose":"FreeFall","_animationQueue":[],"_animationSpeed":1,"_zoom":16.125},{"_mousePosition":[683,383],"_rootPartCFrame":[770.268,226.69,46.205,0.161,0,0.987,0,1,0,-0.987,0,0.161],"_humanoidState":5,"_cameraCFrame":[774.508,243.73,46.942,0.171,-0.95,0.263,0,0.267,0.964,-0.985,-0.165,0.046],"_shiftlockState":false,"_pose":"FreeFall","_animationQueue":[],"_animationSpeed":1,"_zoom":16.125},{"_mousePosition":[683,383],"_rootPartCFrame":[770.071,227.138,46.171,0.162,0,0.987,0,1,0,-0.987,0,0.162],"_humanoidState":5,"_cameraCFrame":[774.251,244.195,46.897,0.171,-0.951,0.259,0,0.263,0.965,-0.985,-0.165,0.045],"_shiftlockState":false,"_pose":"FreeFall","_animationQueue":[],"_animationSpeed":1,"_zoom":16.125},{"_mousePosition":[683,383],"_rootPartCFrame":[769.809,227.687,46.125,0.164,0,0.987,0,1,0,-0.987,0,0.164],"_humanoidState":5,"_cameraCFrame":[773.93,244.761,46.831,0.169,-0.952,0.256,0,0.259,0.966,-0.986,-0.163,0.044],"_shiftlockState":false,"_pose":"FreeFall","_animationQueue":[],"_animationSpeed":1,"_zoom":16.125},{"_mousePosition":[683,383],"_rootPartCFrame":[769.546,228.182,46.079,0.165,0,0.986,0,1,0,-0.986,0,0.165],"_humanoidState":5,"_cameraCFrame":[773.611,245.272,46.754,0.164,-0.954,0.252,0,0.256,0.967,-0.987,-0.158,0.042],"_shiftlockState":false,"_pose":"FreeFall","_animationQueue":[],"_animationSpeed":1,"_zoom":16.125},{"_mousePosition":[683,383],"_rootPartCFrame":[769.283,228.623,46.034,0.165,0,0.986,0,1,0,-0.986,0,0.165],"_humanoidState":5,"_cameraCFrame":[773.319,245.72,46.704,0.164,-0.954,0.25,0,0.254,0.967,-0.987,-0.158,0.042],"_shiftlockState":false,"_pose":"FreeFall","_animationQueue":[],"_animationSpeed":1,"_zoom":16.125},{"_mousePosition":[683,383],"_rootPartCFrame":[769.02,229.009,45.991,0.165,0,0.986,0,1,0,-0.986,0,0.165],"_humanoidState":5,"_cameraCFrame":[773.056,246.106,46.66,0.164,-0.954,0.25,0,0.254,0.967,-0.987,-0.158,0.042],"_shiftlockState":false,"_pose":"FreeFall","_animationQueue":[],"_animationSpeed":1,"_zoom":16.125},{"_mousePosition":[683,383],"_rootPartCFrame":[768.757,229.34,45.947,0.165,0,0.986,0,1,0,-0.986,0,0.165],"_humanoidState":5,"_cameraCFrame":[772.792,246.438,46.617,0.164,-0.954,0.25,0,0.254,0.967,-0.987,-0.158,0.042],"_shiftlockState":false,"_pose":"FreeFall","_animationQueue":[],"_animationSpeed":1,"_zoom":16.125},{"_mousePosition":[683,383],"_rootPartCFrame":[768.494,229.617,45.903,0.165,0,0.986,0,1,0,-0.986,0,0.165],"_humanoidState":5,"_cameraCFrame":[772.529,246.715,46.573,0.164,-0.954,0.25,0,0.254,0.967,-0.987,-0.158,0.042],"_shiftlockState":false,"_pose":"FreeFall","_animationQueue":[],"_animationSpeed":1,"_zoom":16.125},{"_mousePosition":[683,383],"_rootPartCFrame":[768.231,229.84,45.86,0.165,0,0.986,0,1,0,-0.986,0,0.165],"_humanoidState":5,"_cameraCFrame":[772.266,246.938,46.529,0.164,-0.954,0.25,0,0.254,0.967,-0.987,-0.158,0.042],"_shiftlockState":false,"_pose":"FreeFall","_animationQueue":[],"_animationSpeed":1,"_zoom":16.125},{"_mousePosition":[683,383],"_rootPartCFrame":[767.967,230.008,45.816,0.165,0,0.986,0,1,0,-0.986,0,0.165],"_humanoidState":5,"_cameraCFrame":[772.003,247.106,46.486,0.164,-0.954,0.25,0,0.254,0.967,-0.987,-0.158,0.042],"_shiftlockState":false,"_pose":"FreeFall","_animationQueue":[],"_animationSpeed":1,"_zoom":16.125},{"_mousePosition":[683,383],"_rootPartCFrame":[767.704,230.122,45.772,0.165,0,0.986,0,1,0,-0.986,0,0.165],"_humanoidState":5,"_cameraCFrame":[771.74,247.219,46.442,0.164,-0.954,0.25,0,0.254,0.967,-0.987,-0.158,0.042],"_shiftlockState":false,"_pose":"FreeFall","_animationQueue":[],"_animationSpeed":1,"_zoom":16.125},{"_mousePosition":[683,383],"_rootPartCFrame":[767.441,230.181,45.729,0.164,0,0.986,0,1,0,-0.986,0,0.164],"_humanoidState":5,"_cameraCFrame":[771.476,247.278,46.398,0.164,-0.954,0.25,0,0.254,0.967,-0.987,-0.158,0.042],"_shiftlockState":false,"_pose":"FreeFall","_animationQueue":[["fall",0.3]],"_animationSpeed":1,"_zoom":16.125},{"_mousePosition":[683,383],"_rootPartCFrame":[767.178,230.185,45.685,0.164,0,0.986,0,1,0,-0.986,0,0.164],"_humanoidState":5,"_cameraCFrame":[771.213,247.283,46.355,0.164,-0.954,0.25,0,0.254,0.967,-0.987,-0.158,0.042],"_shiftlockState":false,"_pose":"FreeFall","_animationQueue":[],"_animationSpeed":1,"_zoom":16.125},{"_mousePosition":[683,383],"_rootPartCFrame":[766.915,230.135,45.641,0.164,0,0.986,0,1,0,-0.986,0,0.164],"_humanoidState":5,"_cameraCFrame":[770.922,247.241,46.296,0.161,-0.955,0.249,0,0.252,0.968,-0.987,-0.156,0.041],"_shiftlockState":false,"_pose":"FreeFall","_animationQueue":[],"_animationSpeed":1,"_zoom":16.125},{"_mousePosition":[683,383],"_rootPartCFrame":[766.651,230.031,45.598,0.164,0,0.986,0,1,0,-0.986,0,0.164],"_humanoidState":5,"_cameraCFrame":[770.659,247.136,46.252,0.161,-0.955,0.249,0,0.252,0.968,-0.987,-0.156,0.041],"_shiftlockState":false,"_pose":"FreeFall","_animationQueue":[],"_animationSpeed":1,"_zoom":16.125},{"_mousePosition":[683,383],"_rootPartCFrame":[766.388,229.872,45.555,0.164,0,0.986,0,1,0,-0.986,0,0.164],"_humanoidState":5,"_cameraCFrame":[770.395,246.977,46.209,0.161,-0.955,0.249,0,0.252,0.968,-0.987,-0.156,0.041],"_shiftlockState":false,"_pose":"FreeFall","_animationQueue":[],"_animationSpeed":1,"_zoom":16.125},{"_mousePosition":[683,383],"_rootPartCFrame":[766.125,229.658,45.512,0.164,0,0.987,0,1,0,-0.987,0,0.164],"_humanoidState":5,"_cameraCFrame":[770.132,246.764,46.166,0.161,-0.955,0.249,0,0.252,0.968,-0.987,-0.156,0.041],"_shiftlockState":false,"_pose":"FreeFall","_animationQueue":[],"_animationSpeed":1,"_zoom":16.125},{"_mousePosition":[683,383],"_rootPartCFrame":[765.862,229.39,45.469,0.163,0,0.987,0,1,0,-0.987,0,0.163],"_humanoidState":5,"_cameraCFrame":[769.869,246.496,46.123,0.161,-0.955,0.249,0,0.252,0.968,-0.987,-0.156,0.041],"_shiftlockState":false,"_pose":"FreeFall","_animationQueue":[],"_animationSpeed":1,"_zoom":16.125},{"_mousePosition":[683,383],"_rootPartCFrame":[765.599,229.068,45.426,0.163,0,0.987,0,1,0,-0.987,0,0.163],"_humanoidState":5,"_cameraCFrame":[769.607,246.173,46.07,0.159,-0.956,0.249,0,0.252,0.968,-0.987,-0.154,0.04],"_shiftlockState":false,"_pose":"FreeFall","_animationQueue":[["fall",0.3]],"_animationSpeed":1,"_zoom":16.125},{"_mousePosition":[683,383],"_rootPartCFrame":[765.336,228.691,45.383,0.163,0,0.987,0,1,0,-0.987,0,0.163],"_humanoidState":5,"_cameraCFrame":[769.344,245.796,46.027,0.159,-0.956,0.249,0,0.252,0.968,-0.987,-0.154,0.04],"_shiftlockState":false,"_pose":"FreeFall","_animationQueue":[],"_animationSpeed":1,"_zoom":16.125},{"_mousePosition":[683,383],"_rootPartCFrame":[765.072,228.259,45.34,0.162,0,0.987,0,1,0,-0.987,0,0.162],"_humanoidState":5,"_cameraCFrame":[769.081,245.365,45.985,0.159,-0.956,0.249,0,0.252,0.968,-0.987,-0.154,0.04],"_shiftlockState":false,"_pose":"FreeFall","_animationQueue":[],"_animationSpeed":1,"_zoom":16.125},{"_mousePosition":[683,383],"_rootPartCFrame":[764.809,227.773,45.298,0.162,0,0.987,0,1,0,-0.987,0,0.162],"_humanoidState":5,"_cameraCFrame":[768.818,244.879,45.942,0.159,-0.956,0.249,0,0.252,0.968,-0.987,-0.154,0.04],"_shiftlockState":false,"_pose":"FreeFall","_animationQueue":[],"_animationSpeed":1,"_zoom":16.125},{"_mousePosition":[683,383],"_rootPartCFrame":[764.546,227.233,45.255,0.161,0,0.987,0,1,0,-0.987,0,0.161],"_humanoidState":5,"_cameraCFrame":[768.555,244.338,45.9,0.159,-0.956,0.249,0,0.252,0.968,-0.987,-0.154,0.04],"_shiftlockState":false,"_pose":"FreeFall","_animationQueue":[],"_animationSpeed":1,"_zoom":16.125},{"_mousePosition":[683,383],"_rootPartCFrame":[764.283,226.638,45.213,0.161,0,0.987,0,1,0,-0.987,0,0.161],"_humanoidState":5,"_cameraCFrame":[768.262,243.751,45.853,0.159,-0.956,0.247,0,0.25,0.968,-0.987,-0.154,0.04],"_shiftlockState":false,"_pose":"FreeFall","_animationQueue":[],"_animationSpeed":1,"_zoom":16.125},{"_mousePosition":[683,383],"_rootPartCFrame":[764.02,225.988,45.171,0.161,0,0.987,0,1,0,-0.987,0,0.161],"_humanoidState":5,"_cameraCFrame":[767.997,243.102,45.821,0.161,-0.956,0.247,0,0.25,0.968,-0.987,-0.156,0.04],"_shiftlockState":false,"_pose":"FreeFall","_animationQueue":[["fall",0.3]],"_animationSpeed":1,"_zoom":16.125},{"_mousePosition":[683,383],"_rootPartCFrame":[763.756,225.284,45.128,0.16,0,0.987,0,1,0,-0.987,0,0.16],"_humanoidState":5,"_cameraCFrame":[767.732,242.398,45.788,0.164,-0.955,0.247,0,0.25,0.968,-0.987,-0.159,0.041],"_shiftlockState":false,"_pose":"FreeFall","_animationQueue":[],"_animationSpeed":1,"_zoom":16.125},{"_mousePosition":[683,383],"_rootPartCFrame":[763.493,224.526,45.086,0.16,0,0.987,0,1,0,-0.987,0,0.16],"_humanoidState":5,"_cameraCFrame":[767.467,241.639,45.755,0.166,-0.955,0.246,0,0.25,0.968,-0.986,-0.161,0.042],"_shiftlockState":false,"_pose":"FreeFall","_animationQueue":[],"_animationSpeed":1,"_zoom":16.125},{"_mousePosition":[683,383],"_rootPartCFrame":[763.164,223.501,45.031,0.161,0,0.987,0,1,0,-0.987,0,0.161],"_humanoidState":5,"_cameraCFrame":[767.138,240.614,45.701,0.166,-0.955,0.246,0,0.25,0.968,-0.986,-0.161,0.042],"_shiftlockState":false,"_pose":"FreeFall","_animationQueue":[],"_animationSpeed":1,"_zoom":16.125},{"_mousePosition":[683,383],"_rootPartCFrame":[762.967,222.845,44.998,0.161,0,0.987,0,1,0,-0.987,0,0.161],"_humanoidState":5,"_cameraCFrame":[766.941,239.959,45.668,0.166,-0.955,0.246,0,0.25,0.968,-0.986,-0.161,0.042],"_shiftlockState":false,"_pose":"FreeFall","_animationQueue":[],"_animationSpeed":1,"_zoom":16.125},{"_mousePosition":[683,383],"_rootPartCFrame":[762.704,222.036,44.954,0.162,0,0.987,0,1,0,-0.987,0,0.162],"_humanoidState":7,"_cameraCFrame":[766.678,239.149,45.623,0.166,-0.955,0.246,0,0.25,0.968,-0.986,-0.161,0.042],"_shiftlockState":false,"_pose":"FreeFall","_animationQueue":[["walk",0.1],["fall",0.3],["fall",0.3]],"_animationSpeed":1,"_zoom":16.125},{"_mousePosition":[683,383],"_rootPartCFrame":[762.441,221.973,44.909,0.163,0,0.987,0,1,0,-0.987,0,0.163],"_humanoidState":7,"_cameraCFrame":[766.415,239.087,45.579,0.166,-0.955,0.246,0,0.25,0.968,-0.986,-0.161,0.042],"_shiftlockState":false,"_pose":"FreeFall","_animationQueue":[["fall",0.3]],"_animationSpeed":1,"_zoom":16.125},{"_mousePosition":[683,383],"_rootPartCFrame":[762.178,222.057,44.865,0.163,0,0.987,0,1,0,-0.987,0,0.163],"_humanoidState":8,"_cameraCFrame":[766.152,239.171,45.535,0.166,-0.955,0.246,0,0.25,0.968,-0.986,-0.161,0.042],"_shiftlockState":false,"_pose":"Running","_animationQueue":[["walk",0.1],["fall",0.3],["walk",0.1]],"_animationSpeed":1.103,"_zoom":16.125},{"_mousePosition":[683,383],"_rootPartCFrame":[761.915,222.92,44.821,0.164,0,0.987,0,1,0,-0.987,0,0.164],"_humanoidState":3,"_cameraCFrame":[765.889,240.033,45.49,0.166,-0.955,0.246,0,0.25,0.968,-0.986,-0.161,0.042],"_shiftlockState":false,"_pose":"Jumping","_animationQueue":[["walk",0.1],["jump",0.1]],"_animationSpeed":1,"_zoom":16.125},{"_mousePosition":[683,383],"_rootPartCFrame":[761.652,223.728,44.776,0.164,0,0.986,0,1,0,-0.986,0,0.164],"_humanoidState":5,"_cameraCFrame":[765.626,240.842,45.446,0.166,-0.955,0.246,0,0.25,0.968,-0.986,-0.161,0.042],"_shiftlockState":false,"_pose":"FreeFall","_animationQueue":[["jump",0.1]],"_animationSpeed":1,"_zoom":16.125},{"_mousePosition":[683,383],"_rootPartCFrame":[761.389,224.482,44.732,0.164,0,0.986,0,1,0,-0.986,0,0.164],"_humanoidState":5,"_cameraCFrame":[765.335,241.604,45.387,0.164,-0.956,0.245,0,0.248,0.969,-0.987,-0.159,0.041],"_shiftlockState":false,"_pose":"FreeFall","_animationQueue":[],"_animationSpeed":1,"_zoom":16.125},{"_mousePosition":[683,383],"_rootPartCFrame":[761.127,225.182,44.688,0.165,0,0.986,0,1,0,-0.986,0,0.165],"_humanoidState":5,"_cameraCFrame":[765.05,242.311,45.288,0.151,-0.958,0.243,0,0.246,0.969,-0.988,-0.147,0.037],"_shiftlockState":false,"_pose":"FreeFall","_animationQueue":[],"_animationSpeed":1,"_zoom":16.125},{"_mousePosition":[683,383],"_rootPartCFrame":[760.863,225.827,44.644,0.165,0,0.986,0,1,0,-0.986,0,0.165],"_humanoidState":5,"_cameraCFrame":[764.762,242.963,45.2,0.141,-0.96,0.242,0,0.244,0.97,-0.99,-0.137,0.034],"_shiftlockState":false,"_pose":"FreeFall","_animationQueue":[],"_animationSpeed":1,"_zoom":16.125},{"_mousePosition":[683,383],"_rootPartCFrame":[760.6,226.417,44.603,0.163,0,0.987,0,1,0,-0.987,0,0.163],"_humanoidState":5,"_cameraCFrame":[764.475,243.561,45.106,0.129,-0.962,0.24,0,0.242,0.97,-0.992,-0.125,0.031],"_shiftlockState":false,"_pose":"FreeFall","_animationQueue":[],"_animationSpeed":1,"_zoom":16.125},{"_mousePosition":[683,383],"_rootPartCFrame":[760.336,226.953,44.565,0.161,0,0.987,0,1,0,-0.987,0,0.161],"_humanoidState":5,"_cameraCFrame":[764.215,244.097,45.038,0.121,-0.963,0.241,0,0.242,0.97,-0.993,-0.118,0.029],"_shiftlockState":false,"_pose":"FreeFall","_animationQueue":[],"_animationSpeed":1,"_zoom":16.125},{"_mousePosition":[683,383],"_rootPartCFrame":[760.006,227.546,44.522,0.156,0,0.988,0,1,0,-0.988,0,0.156],"_humanoidState":5,"_cameraCFrame":[763.889,244.69,44.956,0.111,-0.964,0.241,0,0.242,0.97,-0.994,-0.108,0.027],"_shiftlockState":false,"_pose":"FreeFall","_animationQueue":[],"_animationSpeed":1,"_zoom":16.125},{"_mousePosition":[683,383],"_rootPartCFrame":[759.807,227.861,44.497,0.153,0,0.988,0,1,0,-0.988,0,0.153],"_humanoidState":5,"_cameraCFrame":[763.694,245.006,44.902,0.104,-0.965,0.241,0,0.242,0.97,-0.995,-0.1,0.025],"_shiftlockState":false,"_pose":"FreeFall","_animationQueue":[],"_animationSpeed":1,"_zoom":16.125},{"_mousePosition":[683,383],"_rootPartCFrame":[759.542,228.234,44.467,0.147,0,0.989,0,1,0,-0.989,0,0.147],"_humanoidState":5,"_cameraCFrame":[763.402,245.385,44.839,0.096,-0.966,0.239,0,0.24,0.971,-0.995,-0.093,0.023],"_shiftlockState":false,"_pose":"FreeFall","_animationQueue":[],"_animationSpeed":1,"_zoom":16.125},{"_mousePosition":[683,383],"_rootPartCFrame":[759.277,228.552,44.439,0.142,0,0.99,0,1,0,-0.99,0,0.142],"_humanoidState":5,"_cameraCFrame":[763.14,245.703,44.772,0.086,-0.967,0.24,0,0.24,0.971,-0.996,-0.083,0.021],"_shiftlockState":false,"_pose":"FreeFall","_animationQueue":[],"_animationSpeed":1,"_zoom":16.125},{"_mousePosition":[683,383],"_rootPartCFrame":[759.012,228.815,44.413,0.136,0,0.991,0,1,0,-0.991,0,0.136],"_humanoidState":5,"_cameraCFrame":[762.85,245.974,44.676,0.068,-0.969,0.238,0,0.239,0.971,-0.998,-0.066,0.016],"_shiftlockState":false,"_pose":"FreeFall","_animationQueue":[],"_animationSpeed":1,"_zoom":16.125},{"_mousePosition":[683,383],"_rootPartCFrame":[758.746,229.024,44.39,0.129,0,0.992,0,1,0,-0.992,0,0.129],"_humanoidState":5,"_cameraCFrame":[762.589,246.183,44.565,0.046,-0.97,0.238,0,0.239,0.971,-0.999,-0.044,0.011],"_shiftlockState":false,"_pose":"FreeFall","_animationQueue":[],"_animationSpeed":1,"_zoom":16.125},{"_mousePosition":[683,383],"_rootPartCFrame":[758.48,229.178,44.371,0.122,0,0.993,0,1,0,-0.993,0,0.122],"_humanoidState":5,"_cameraCFrame":[762.326,246.338,44.459,0.023,-0.971,0.239,0,0.239,0.971,-1,-0.022,0.005],"_shiftlockState":false,"_pose":"FreeFall","_animationQueue":[],"_animationSpeed":1,"_zoom":16.125},{"_mousePosition":[683,383],"_rootPartCFrame":[758.214,229.278,44.358,0.112,0,0.994,0,1,0,-0.994,0,0.112],"_humanoidState":5,"_cameraCFrame":[762.061,246.438,44.348,-0.003,-0.971,0.239,0,0.239,0.971,-1,0.002,-0.001],"_shiftlockState":false,"_pose":"FreeFall","_animationQueue":[],"_animationSpeed":1,"_zoom":16.125},{"_mousePosition":[683,383],"_rootPartCFrame":[757.947,229.324,44.351,0.101,0,0.995,0,1,0,-0.995,0,0.101],"_humanoidState":5,"_cameraCFrame":[761.79,246.483,44.185,-0.043,-0.97,0.238,0,0.239,0.971,-0.999,0.042,-0.01],"_shiftlockState":false,"_pose":"FreeFall","_animationQueue":[],"_animationSpeed":1,"_zoom":16.125},{"_mousePosition":[683,383],"_rootPartCFrame":[757.68,229.314,44.351,0.088,0,0.996,0,1,0,-0.996,0,0.088],"_humanoidState":5,"_cameraCFrame":[761.518,246.474,44.088,-0.068,-0.969,0.238,0,0.239,0.971,-0.998,0.066,-0.016],"_shiftlockState":false,"_pose":"FreeFall","_animationQueue":[],"_animationSpeed":1,"_zoom":16.125},{"_mousePosition":[683,383],"_rootPartCFrame":[757.414,229.251,44.361,0.072,0,0.997,0,1,0,-0.997,0,0.072],"_humanoidState":5,"_cameraCFrame":[761.213,246.418,43.994,-0.096,-0.967,0.236,0,0.237,0.972,-0.995,0.093,-0.023],"_shiftlockState":false,"_pose":"FreeFall","_animationQueue":[["fall",0.3]],"_animationSpeed":1,"_zoom":16.125},{"_mousePosition":[683,383],"_rootPartCFrame":[757.148,229.133,44.378,0.053,0,0.999,0,1,0,-0.999,0,0.053],"_humanoidState":5,"_cameraCFrame":[760.902,246.307,43.89,-0.129,-0.964,0.233,0,0.235,0.972,-0.992,0.125,-0.03],"_shiftlockState":false,"_pose":"FreeFall","_animationQueue":[],"_animationSpeed":1,"_zoom":16.125},{"_mousePosition":[683,383],"_rootPartCFrame":[756.882,228.96,44.402,0.034,0,0.999,0,1,0,-0.999,0,0.034],"_humanoidState":5,"_cameraCFrame":[760.585,246.142,43.778,-0.166,-0.959,0.23,0,0.233,0.973,-0.986,0.162,-0.039],"_shiftlockState":false,"_pose":"FreeFall","_animationQueue":[],"_animationSpeed":1,"_zoom":16.125},{"_mousePosition":[683,383],"_rootPartCFrame":[756.618,228.733,44.435,0.013,0,1,0,1,0,-1,0,0.013],"_humanoidState":5,"_cameraCFrame":[760.263,245.922,43.668,-0.206,-0.952,0.226,0,0.231,0.973,-0.979,0.2,-0.048],"_shiftlockState":false,"_pose":"FreeFall","_animationQueue":[],"_animationSpeed":1,"_zoom":16.125},{"_mousePosition":[683,383],"_rootPartCFrame":[756.355,228.451,44.478,-0.01,0,1,0,1,0,-1,0,-0.01],"_humanoidState":5,"_cameraCFrame":[759.934,245.648,43.562,-0.248,-0.943,0.222,0,0.229,0.973,-0.969,0.241,-0.057],"_shiftlockState":false,"_pose":"FreeFall","_animationQueue":[],"_animationSpeed":1,"_zoom":16.125},{"_mousePosition":[683,383],"_rootPartCFrame":[756.093,228.115,44.532,-0.036,0,0.999,0,1,0,-0.999,0,-0.036],"_humanoidState":5,"_cameraCFrame":[759.598,245.319,43.462,-0.292,-0.931,0.217,0,0.227,0.974,-0.956,0.284,-0.066],"_shiftlockState":false,"_pose":"FreeFall","_animationQueue":[],"_animationSpeed":1,"_zoom":16.125},{"_mousePosition":[683,383],"_rootPartCFrame":[755.835,227.725,44.596,-0.064,0,0.998,0,1,0,-0.998,0,-0.064],"_humanoidState":5,"_cameraCFrame":[759.274,244.928,43.334,-0.345,-0.914,0.213,0,0.227,0.974,-0.939,0.336,-0.078],"_shiftlockState":false,"_pose":"FreeFall","_animationQueue":[],"_animationSpeed":1,"_zoom":16.125},{"_mousePosition":[683,383],"_rootPartCFrame":[755.579,227.28,44.672,-0.094,0,0.996,0,1,0,-0.996,0,-0.094],"_humanoidState":5,"_cameraCFrame":[758.939,244.483,43.212,-0.399,-0.893,0.208,0,0.227,0.974,-0.917,0.388,-0.091],"_shiftlockState":false,"_pose":"FreeFall","_animationQueue":[["fall",0.3]],"_animationSpeed":1,"_zoom":16.125},{"_mousePosition":[683,383],"_rootPartCFrame":[755.328,226.78,44.762,-0.127,0,0.992,0,1,0,-0.992,0,-0.127],"_humanoidState":5,"_cameraCFrame":[758.62,243.976,43.086,-0.454,-0.868,0.204,0,0.229,0.973,-0.891,0.441,-0.104],"_shiftlockState":false,"_pose":"FreeFall","_animationQueue":[],"_animationSpeed":1,"_zoom":16.125},{"_mousePosition":[683,383],"_rootPartCFrame":[755.083,226.226,44.866,-0.163,0,0.987,0,1,0,-0.987,0,-0.163],"_humanoidState":5,"_cameraCFrame":[758.294,243.415,42.978,-0.507,-0.839,0.199,0,0.231,0.973,-0.862,0.493,-0.117],"_shiftlockState":false,"_pose":"FreeFall","_animationQueue":[],"_animationSpeed":1,"_zoom":16.125},{"_mousePosition":[683,383],"_rootPartCFrame":[754.844,225.617,44.985,-0.202,0,0.979,0,1,0,-0.979,0,-0.202],"_humanoidState":5,"_cameraCFrame":[757.884,242.799,42.779,-0.587,-0.787,0.189,0,0.233,0.973,-0.809,0.571,-0.137],"_shiftlockState":false,"_pose":"FreeFall","_animationQueue":[],"_animationSpeed":1,"_zoom":16.125},{"_mousePosition":[683,383],"_rootPartCFrame":[754.613,224.954,45.117,-0.244,0,0.97,0,1,0,-0.97,0,-0.244],"_humanoidState":5,"_cameraCFrame":[757.537,242.128,42.712,-0.635,-0.751,0.181,0,0.235,0.972,-0.772,0.618,-0.149],"_shiftlockState":false,"_pose":"FreeFall","_animationQueue":[],"_animationSpeed":1,"_zoom":16.125},{"_mousePosition":[683,383],"_rootPartCFrame":[754.394,224.237,45.269,-0.29,0,0.957,0,1,0,-0.957,0,-0.29],"_humanoidState":5,"_cameraCFrame":[757.211,241.411,42.74,-0.668,-0.723,0.175,0,0.235,0.972,-0.744,0.649,-0.157],"_shiftlockState":false,"_pose":"FreeFall","_animationQueue":[],"_animationSpeed":1,"_zoom":16.125},{"_mousePosition":[683,383],"_rootPartCFrame":[754.186,223.464,45.436,-0.339,0,0.941,0,1,0,-0.941,0,-0.339],"_humanoidState":5,"_cameraCFrame":[756.978,240.639,42.879,-0.675,-0.717,0.173,0,0.235,0.972,-0.737,0.657,-0.159],"_shiftlockState":false,"_pose":"FreeFall","_animationQueue":[["fall",0.3]],"_animationSpeed":1,"_zoom":16.125},{"_mousePosition":[683,383],"_rootPartCFrame":[753.986,222.638,45.613,-0.388,0,0.922,0,1,0,-0.922,0,-0.388],"_humanoidState":5,"_cameraCFrame":[756.778,239.812,43.056,-0.675,-0.717,0.173,0,0.235,0.972,-0.737,0.657,-0.159],"_shiftlockState":false,"_pose":"FreeFall","_animationQueue":[],"_animationSpeed":1,"_zoom":16.125},{"_mousePosition":[683,383],"_rootPartCFrame":[753.789,221.873,45.793,-0.431,0,0.902,0,1,0,-0.902,0,-0.431],"_humanoidState":7,"_cameraCFrame":[756.591,239.04,43.201,-0.679,-0.713,0.174,0,0.237,0.972,-0.734,0.66,-0.161],"_shiftlockState":false,"_pose":"FreeFall","_animationQueue":[["walk",0.1],["fall",0.3],["fall",0.3]],"_animationSpeed":1,"_zoom":16.125},{"_mousePosition":[683,383],"_rootPartCFrame":[753.593,221.874,45.973,-0.468,0,0.884,0,1,0,-0.884,0,-0.468],"_humanoidState":7,"_cameraCFrame":[756.416,239.033,43.36,-0.679,-0.713,0.175,0,0.239,0.971,-0.734,0.66,-0.162],"_shiftlockState":false,"_pose":"FreeFall","_animationQueue":[],"_animationSpeed":1,"_zoom":16.125},{"_mousePosition":[683,383],"_rootPartCFrame":[753.397,222.001,46.154,-0.5,0,0.866,0,1,0,-0.866,0,-0.5],"_humanoidState":8,"_cameraCFrame":[756.321,239.137,43.516,-0.67,-0.72,0.181,0,0.244,0.97,-0.743,0.65,-0.164],"_shiftlockState":false,"_pose":"Running","_animationQueue":[["walk",0.1],["fall",0.3],["walk",0.1]],"_animationSpeed":1.103,"_zoom":16.125},{"_mousePosition":[683,383],"_rootPartCFrame":[753.201,222.09,46.335,-0.527,0,0.85,0,1,0,-0.85,0,-0.527],"_humanoidState":8,"_cameraCFrame":[756.238,239.211,43.732,-0.651,-0.736,0.188,0,0.248,0.969,-0.759,0.63,-0.161],"_shiftlockState":false,"_pose":"Running","_animationQueue":[],"_animationSpeed":1.103,"_zoom":16.125},{"_mousePosition":[683,383],"_rootPartCFrame":[753.003,222.141,46.514,-0.548,0,0.836,0,1,0,-0.836,0,-0.548],"_humanoidState":8,"_cameraCFrame":[756.165,239.246,43.966,-0.627,-0.754,0.196,0,0.252,0.968,-0.779,0.607,-0.158],"_shiftlockState":false,"_pose":"Running","_animationQueue":[["walk",0.1]],"_animationSpeed":1.103,"_zoom":16.125},{"_mousePosition":[683,383],"_rootPartCFrame":[752.802,222.168,46.688,-0.565,0,0.825,0,1,0,-0.825,0,-0.565],"_humanoidState":8,"_cameraCFrame":[756.076,239.266,44.236,-0.599,-0.774,0.203,0,0.254,0.967,-0.8,0.58,-0.152],"_shiftlockState":false,"_pose":"Running","_animationQueue":[],"_animationSpeed":1.103,"_zoom":16.125},{"_mousePosition":[683,383],"_rootPartCFrame":[752.595,222.184,46.856,-0.575,0,0.818,0,1,0,-0.818,0,-0.575],"_humanoidState":8,"_cameraCFrame":[756.051,239.265,44.556,-0.554,-0.804,0.214,0,0.257,0.966,-0.833,0.535,-0.143],"_shiftlockState":false,"_pose":"Running","_animationQueue":[],"_animationSpeed":1.103,"_zoom":16.125},{"_mousePosition":[683,383],"_rootPartCFrame":[752.382,222.192,47.017,-0.58,0,0.815,0,1,0,-0.815,0,-0.58],"_humanoidState":8,"_cameraCFrame":[755.943,239.265,44.825,-0.524,-0.822,0.221,0,0.259,0.966,-0.852,0.506,-0.136],"_shiftlockState":false,"_pose":"Running","_animationQueue":[],"_animationSpeed":1.103,"_zoom":16.125},{"_mousePosition":[683,383],"_rootPartCFrame":[752.161,222.197,47.167,-0.579,0,0.815,0,1,0,-0.815,0,-0.579],"_humanoidState":8,"_cameraCFrame":[755.819,239.262,45.078,-0.496,-0.838,0.227,0,0.261,0.965,-0.868,0.479,-0.13],"_shiftlockState":false,"_pose":"Running","_animationQueue":[],"_animationSpeed":1.103,"_zoom":16.125},{"_mousePosition":[683,383],"_rootPartCFrame":[751.935,222.199,47.308,-0.573,0,0.819,0,1,0,-0.819,0,-0.573],"_humanoidState":8,"_cameraCFrame":[755.681,239.256,45.317,-0.469,-0.852,0.232,0,0.263,0.965,-0.883,0.453,-0.123],"_shiftlockState":false,"_pose":"Running","_animationQueue":[],"_animationSpeed":1.103,"_zoom":16.125},{"_mousePosition":[683,383],"_rootPartCFrame":[751.646,222.201,47.474,-0.562,0,0.827,0,1,0,-0.827,0,-0.562],"_humanoidState":8,"_cameraCFrame":[755.474,239.25,45.575,-0.445,-0.864,0.237,0,0.265,0.964,-0.896,0.429,-0.118],"_shiftlockState":false,"_pose":"Running","_animationQueue":[["walk",0.1]],"_animationSpeed":1.103,"_zoom":16.125},{"_mousePosition":[683,383],"_rootPartCFrame":[751.47,222.202,47.569,-0.553,0,0.833,0,1,0,-0.833,0,-0.553],"_humanoidState":8,"_cameraCFrame":[755.363,239.242,45.735,-0.426,-0.872,0.241,0,0.267,0.964,-0.905,0.411,-0.114],"_shiftlockState":false,"_pose":"Running","_animationQueue":[],"_animationSpeed":1.103,"_zoom":16.125},{"_mousePosition":[683,383],"_rootPartCFrame":[751.232,222.202,47.689,-0.54,0,0.842,0,1,0,-0.842,0,-0.54],"_humanoidState":8,"_cameraCFrame":[755.184,239.234,45.911,-0.41,-0.878,0.245,0,0.269,0.963,-0.912,0.395,-0.11],"_shiftlockState":false,"_pose":"Running","_animationQueue":[],"_animationSpeed":1.103,"_zoom":16.125},{"_mousePosition":[683,383],"_rootPartCFrame":[750.991,222.202,47.803,-0.526,0,0.851,0,1,0,-0.851,0,-0.526],"_humanoidState":8,"_cameraCFrame":[754.965,239.234,46.076,-0.399,-0.883,0.246,0,0.269,0.963,-0.917,0.384,-0.107],"_shiftlockState":false,"_pose":"Running","_animationQueue":[],"_animationSpeed":1.103,"_zoom":16.125},{"_mousePosition":[683,383],"_rootPartCFrame":[750.748,222.196,47.913,-0.511,0,0.86,0,1,0,-0.86,0,-0.511],"_humanoidState":8,"_cameraCFrame":[754.772,239.22,46.224,-0.387,-0.888,0.25,0,0.271,0.963,-0.922,0.373,-0.105],"_shiftlockState":false,"_pose":"Running","_animationQueue":[],"_animationSpeed":1.103,"_zoom":16.125},{"_mousePosition":[683,383],"_rootPartCFrame":[750.504,222.198,48.02,-0.496,0,0.868,0,1,0,-0.868,0,-0.496],"_humanoidState":8,"_cameraCFrame":[754.576,239.213,46.371,-0.375,-0.892,0.253,0,0.272,0.962,-0.927,0.361,-0.102],"_shiftlockState":false,"_pose":"Running","_animationQueue":[],"_animationSpeed":1.103,"_zoom":16.125},{"_mousePosition":[683,383],"_rootPartCFrame":[750.258,222.199,48.124,-0.482,0,0.876,0,1,0,-0.876,0,-0.482],"_humanoidState":8,"_cameraCFrame":[754.388,239.206,46.536,-0.359,-0.898,0.256,0,0.274,0.962,-0.933,0.345,-0.098],"_shiftlockState":false,"_pose":"Running","_animationQueue":[],"_animationSpeed":1.103,"_zoom":16.125},{"_mousePosition":[683,383],"_rootPartCFrame":[750.011,222.2,48.224,-0.468,0,0.884,0,1,0,-0.884,0,-0.468],"_humanoidState":8,"_cameraCFrame":[754.172,239.207,46.721,-0.34,-0.904,0.258,0,0.274,0.962,-0.94,0.327,-0.093],"_shiftlockState":false,"_pose":"Running","_animationQueue":[["walk",0.1]],"_animationSpeed":1.103,"_zoom":16.125},{"_mousePosition":[683,383],"_rootPartCFrame":[749.762,222.201,48.32,-0.454,0,0.891,0,1,0,-0.891,0,-0.454],"_humanoidState":8,"_cameraCFrame":[753.97,239.207,46.954,-0.309,-0.915,0.261,0,0.274,0.962,-0.951,0.297,-0.085],"_shiftlockState":false,"_pose":"Running","_animationQueue":[],"_animationSpeed":1.103,"_zoom":16.125},{"_mousePosition":[683,383],"_rootPartCFrame":[749.512,222.201,48.411,-0.439,0,0.899,0,1,0,-0.899,0,-0.439],"_humanoidState":8,"_cameraCFrame":[753.75,239.208,47.142,-0.287,-0.921,0.263,0,0.274,0.962,-0.958,0.276,-0.079],"_shiftlockState":false,"_pose":"Running","_animationQueue":[],"_animationSpeed":1.103,"_zoom":16.125},{"_mousePosition":[683,383],"_rootPartCFrame":[749.258,222.202,48.494,-0.422,0,0.907,0,1,0,-0.907,0,-0.422],"_humanoidState":8,"_cameraCFrame":[753.55,239.199,47.303,-0.268,-0.926,0.266,0,0.276,0.961,-0.964,0.257,-0.074],"_shiftlockState":false,"_pose":"Running","_animationQueue":[],"_animationSpeed":1.103,"_zoom":16.125},{"_mousePosition":[683,383],"_rootPartCFrame":[749.003,222.202,48.571,-0.405,0,0.914,0,1,0,-0.914,0,-0.405],"_humanoidState":8,"_cameraCFrame":[753.345,239.19,47.448,-0.25,-0.93,0.269,0,0.278,0.961,-0.968,0.241,-0.07],"_shiftlockState":false,"_pose":"Running","_animationQueue":[],"_animationSpeed":1.103,"_zoom":16.125},{"_mousePosition":[683,383],"_rootPartCFrame":[748.748,222.168,48.648,-0.387,0,0.922,0,1,0,-0.922,0,-0.387],"_humanoidState":8,"_cameraCFrame":[753.138,239.148,47.595,-0.233,-0.934,0.272,0,0.28,0.96,-0.972,0.224,-0.065],"_shiftlockState":false,"_pose":"Running","_animationQueue":[],"_animationSpeed":1.103,"_zoom":16.125},{"_mousePosition":[683,383],"_rootPartCFrame":[748.492,222.079,48.724,-0.369,0,0.929,0,1,0,-0.929,0,-0.369],"_humanoidState":8,"_cameraCFrame":[752.93,239.05,47.743,-0.216,-0.937,0.275,0,0.282,0.959,-0.976,0.207,-0.061],"_shiftlockState":false,"_pose":"Running","_animationQueue":[],"_animationSpeed":1.103,"_zoom":16.125},{"_mousePosition":[683,383],"_rootPartCFrame":[748.237,221.936,48.801,-0.351,0,0.936,0,1,0,-0.936,0,-0.351],"_humanoidState":8,"_cameraCFrame":[752.721,238.898,47.892,-0.199,-0.94,0.278,0,0.284,0.959,-0.98,0.19,-0.056],"_shiftlockState":false,"_pose":"Running","_animationQueue":[["walk",0.1]],"_animationSpeed":1.103,"_zoom":16.125},{"_mousePosition":[683,383],"_rootPartCFrame":[747.918,223.006,48.896,-0.328,0,0.945,0,1,0,-0.945,0,-0.328],"_humanoidState":3,"_cameraCFrame":[752.417,239.969,48.067,-0.181,-0.943,0.279,0,0.284,0.959,-0.983,0.174,-0.051],"_shiftlockState":false,"_pose":"Jumping","_animationQueue":[["walk",0.1],["jump",0.1]],"_animationSpeed":1,"_zoom":16.125},{"_mousePosition":[683,383],"_rootPartCFrame":[747.723,223.607,48.941,-0.315,0,0.949,0,1,0,-0.949,0,-0.315],"_humanoidState":5,"_cameraCFrame":[752.268,240.561,48.199,-0.161,-0.946,0.282,0,0.286,0.958,-0.987,0.155,-0.046],"_shiftlockState":false,"_pose":"FreeFall","_animationQueue":[["jump",0.1]],"_animationSpeed":1,"_zoom":16.125},{"_mousePosition":[683,383],"_rootPartCFrame":[747.461,224.361,48.991,-0.298,0,0.955,0,1,0,-0.955,0,-0.298],"_humanoidState":5,"_cameraCFrame":[752.048,241.306,48.324,-0.144,-0.948,0.284,0,0.287,0.958,-0.99,0.138,-0.041],"_shiftlockState":false,"_pose":"FreeFall","_animationQueue":[],"_animationSpeed":1,"_zoom":16.125},{"_mousePosition":[683,383],"_rootPartCFrame":[747.198,225.061,49.035,-0.28,0,0.96,0,1,0,-0.96,0,-0.28],"_humanoidState":5,"_cameraCFrame":[751.824,241.996,48.434,-0.129,-0.949,0.287,0,0.289,0.957,-0.992,0.123,-0.037],"_shiftlockState":false,"_pose":"FreeFall","_animationQueue":[],"_animationSpeed":1,"_zoom":16.125},{"_mousePosition":[683,383],"_rootPartCFrame":[746.934,225.705,49.074,-0.262,0,0.965,0,1,0,-0.965,0,-0.262],"_humanoidState":5,"_cameraCFrame":[751.598,242.632,48.528,-0.116,-0.95,0.289,0,0.291,0.957,-0.993,0.111,-0.034],"_shiftlockState":false,"_pose":"FreeFall","_animationQueue":[],"_animationSpeed":1,"_zoom":16.125},{"_mousePosition":[683,383],"_rootPartCFrame":[746.67,226.296,49.108,-0.244,0,0.97,0,1,0,-0.97,0,-0.244],"_humanoidState":5,"_cameraCFrame":[751.366,243.213,48.583,-0.111,-0.95,0.291,0,0.293,0.956,-0.994,0.106,-0.033],"_shiftlockState":false,"_pose":"FreeFall","_animationQueue":[],"_animationSpeed":1,"_zoom":16.125},{"_mousePosition":[683,383],"_rootPartCFrame":[746.405,226.832,49.14,-0.227,0,0.974,0,1,0,-0.974,0,-0.227],"_humanoidState":5,"_cameraCFrame":[751.104,243.749,48.639,-0.106,-0.951,0.291,0,0.293,0.956,-0.994,0.101,-0.031],"_shiftlockState":false,"_pose":"FreeFall","_animationQueue":[],"_animationSpeed":1,"_zoom":16.125},{"_mousePosition":[683,383],"_rootPartCFrame":[746.14,227.313,49.17,-0.211,0,0.977,0,1,0,-0.977,0,-0.211],"_humanoidState":5,"_cameraCFrame":[750.87,244.221,48.677,-0.104,-0.95,0.293,0,0.295,0.956,-0.995,0.099,-0.031],"_shiftlockState":false,"_pose":"FreeFall","_animationQueue":[],"_animationSpeed":1,"_zoom":16.125},{"_mousePosition":[683,383],"_rootPartCFrame":[745.875,227.74,49.198,-0.197,0,0.98,0,1,0,-0.98,0,-0.197],"_humanoidState":5,"_cameraCFrame":[750.607,244.648,48.73,-0.099,-0.951,0.293,0,0.295,0.956,-0.995,0.094,-0.029],"_shiftlockState":false,"_pose":"FreeFall","_animationQueue":[],"_animationSpeed":1,"_zoom":16.125},{"_mousePosition":[683,383],"_rootPartCFrame":[745.544,228.197,49.233,-0.181,0,0.983,0,1,0,-0.983,0,-0.181],"_humanoidState":5,"_cameraCFrame":[750.278,245.105,48.788,-0.094,-0.951,0.294,0,0.295,0.956,-0.996,0.089,-0.028],"_shiftlockState":false,"_pose":"FreeFall","_animationQueue":[],"_animationSpeed":1,"_zoom":16.125},{"_mousePosition":[683,383],"_rootPartCFrame":[745.345,228.43,49.253,-0.172,0,0.985,0,1,0,-0.985,0,-0.172],"_humanoidState":5,"_cameraCFrame":[750.111,245.329,48.829,-0.088,-0.951,0.296,0,0.297,0.955,-0.996,0.085,-0.026],"_shiftlockState":false,"_pose":"FreeFall","_animationQueue":[],"_animationSpeed":1,"_zoom":16.125},{"_mousePosition":[683,383],"_rootPartCFrame":[745.079,228.694,49.278,-0.162,0,0.987,0,1,0,-0.987,0,-0.162],"_humanoidState":5,"_cameraCFrame":[749.848,245.592,48.879,-0.083,-0.952,0.296,0,0.297,0.955,-0.997,0.08,-0.025],"_shiftlockState":false,"_pose":"FreeFall","_animationQueue":[],"_animationSpeed":1,"_zoom":16.125},{"_mousePosition":[683,383],"_rootPartCFrame":[744.814,228.903,49.302,-0.152,0,0.988,0,1,0,-0.988,0,-0.152],"_humanoidState":5,"_cameraCFrame":[749.613,245.792,48.912,-0.081,-0.951,0.298,0,0.299,0.954,-0.997,0.077,-0.024],"_shiftlockState":false,"_pose":"FreeFall","_animationQueue":[],"_animationSpeed":1,"_zoom":16.125},{"_mous