[{"_mousePosition":[685,374],"_rootPartCFrame":[776.023,222.7,47.142,0.003,0,1,0,1,0,-1,0,0.003],"_humanoidState":8,"_cameraCFrame":[784.1,238.153,47.425,0.035,-0.865,0.501,0,0.501,0.865,-0.999,-0.03,0.018],"_shiftlockState":false,"_pose":"Standing","_animationQueue":[],"_animationSpeed":1,"_zoom":16.125},{"_mousePosition":[685,374],"_rootPartCFrame":[775.72,222.7,47.133,0.008,0,1,0,1,0,-1,0,0.008],"_humanoidState":8,"_cameraCFrame":[783.715,238.2,47.412,0.035,-0.868,0.496,0,0.496,0.868,-0.999,-0.03,0.017],"_shiftlockState":false,"_pose":"Standing","_animationQueue":[],"_animationSpeed":1,"_zoom":16.125},{"_mousePosition":[685,374],"_rootPartCFrame":[775.587,222.7,47.128,0.01,0,1,0,1,0,-1,0,0.01],"_humanoidState":8,"_cameraCFrame":[783.5,238.247,47.405,0.035,-0.871,0.491,0,0.491,0.871,-0.999,-0.03,0.017],"_shiftlockState":false,"_pose":"Running","_animationQueue":[["walk",0.1]],"_animationSpeed":1.089,"_zoom":16.125},{"_mousePosition":[685,374],"_rootPartCFrame":[775.321,222.7,47.119,0.013,0,1,0,1,0,-1,0,0.013],"_humanoidState":8,"_cameraCFrame":[783.123,238.308,47.411,0.038,-0.874,0.484,0,0.484,0.875,-0.999,-0.033,0.018],"_shiftlockState":false,"_pose":"Running","_animationQueue":[],"_animationSpeed":1.089,"_zoom":16.125},{"_mousePosition":[685,374],"_rootPartCFrame":[775.054,222.7,47.109,0.016,0,1,0,1,0,-1,0,0.016],"_humanoidState":8,"_cameraCFrame":[782.747,238.369,47.398,0.038,-0.878,0.477,0,0.477,0.879,-0.999,-0.033,0.018],"_shiftlockState":false,"_pose":"Running","_animationQueue":[],"_animationSpeed":1.089,"_zoom":16.125},{"_mousePosition":[685,374],"_rootPartCFrame":[774.655,222.7,47.094,0.02,0,1,0,1,0,-1,0,0.02],"_humanoidState":8,"_cameraCFrame":[782.181,238.458,47.377,0.038,-0.884,0.467,0,0.467,0.884,-0.999,-0.033,0.018],"_shiftlockState":false,"_pose":"Running","_animationQueue":[],"_animationSpeed":1.089,"_zoom":16.125},{"_mousePosition":[685,374],"_rootPartCFrame":[774.388,222.7,47.084,0.023,0,1,0,1,0,-1,0,0.023],"_humanoidState":8,"_cameraCFrame":[781.775,238.53,47.362,0.038,-0.888,0.458,0,0.458,0.889,-0.999,-0.033,0.017],"_shiftlockState":false,"_pose":"Running","_animationQueue":[],"_animationSpeed":1.089,"_zoom":16.125},{"_mousePosition":[685,374],"_rootPartCFrame":[774.255,222.7,47.079,0.024,0,1,0,1,0,-1,0,0.024],"_humanoidState":8,"_cameraCFrame":[781.502,238.602,47.351,0.038,-0.893,0.449,0,0.45,0.893,-0.999,-0.033,0.017],"_shiftlockState":false,"_pose":"Running","_animationQueue":[],"_animationSpeed":1.089,"_zoom":16.125},{"_mousePosition":[685,374],"_rootPartCFrame":[773.855,222.7,47.064,0.027,0,1,0,1,0,-1,0,0.027],"_humanoidState":8,"_cameraCFrame":[780.962,238.672,47.331,0.038,-0.897,0.441,0,0.441,0.897,-0.999,-0.034,0.017],"_shiftlockState":false,"_pose":"Running","_animationQueue":[["walk",0.1]],"_animationSpeed":1.089,"_zoom":16.125},{"_mousePosition":[685,374],"_rootPartCFrame":[773.722,222.7,47.059,0.027,0,1,0,1,0,-1,0,0.027],"_humanoidState":8,"_cameraCFrame":[780.688,238.74,47.303,0.035,-0.901,0.432,0,0.432,0.902,-0.999,-0.032,0.015],"_shiftlockState":false,"_pose":"Running","_animationQueue":[],"_animationSpeed":1.089,"_zoom":16.125},{"_mousePosition":[685,374],"_rootPartCFrame":[773.455,222.7,47.049,0.029,0,1,0,1,0,-1,0,0.029],"_humanoidState":8,"_cameraCFrame":[780.309,238.794,47.272,0.032,-0.905,0.425,0,0.425,0.905,-0.999,-0.029,0.014],"_shiftlockState":false,"_pose":"Running","_animationQueue":[],"_animationSpeed":1.089,"_zoom":16.125},{"_mousePosition":[685,374],"_rootPartCFrame":[773.189,222.7,47.04,0.03,0,1,0,1,0,-1,0,0.03],"_humanoidState":8,"_cameraCFrame":[779.9,238.86,47.241,0.03,-0.909,0.416,0,0.416,0.909,-1,-0.027,0.012],"_shiftlockState":false,"_pose":"Running","_animationQueue":[],"_animationSpeed":1.089,"_zoom":16.125},{"_mousePosition":[685,374],"_rootPartCFrame":[772.922,222.7,47.031,0.03,0,1,0,1,0,-1,0,0.03],"_humanoidState":8,"_cameraCFrame":[779.634,238.86,47.232,0.03,-0.909,0.416,0,0.416,0.909,-1,-0.027,0.012],"_shiftlockState":false,"_pose":"Running","_animationQueue":[],"_animationSpeed":1.089,"_zoom":16.125},{"_mousePosition":[685,374],"_rootPartCFrame":[772.656,222.7,47.023,0.03,0,1,0,1,0,-1,0,0.03],"_humanoidState":8,"_cameraCFrame":[779.367,238.86,47.224,0.03,-0.909,0.416,0,0.416,0.909,-1,-0.027,0.012],"_shiftlockState":false,"_pose":"Running","_animationQueue":[],"_animationSpeed":1.089,"_zoom":16.125},{"_mousePosition":[685,374],"_rootPartCFrame":[772.389,222.7,47.015,0.03,0,1,0,1,0,-1,0,0.03],"_humanoidState":8,"_cameraCFrame":[779.1,238.86,47.216,0.03,-0.909,0.416,0,0.416,0.909,-1,-0.027,0.012],"_shiftlockState":false,"_pose":"Running","_animationQueue":[],"_animationSpeed":1.089,"_zoom":16.125},{"_mousePosition":[685,374],"_rootPartCFrame":[772.056,223.783,47.005,0.03,0,1,0,1,0,-1,0,0.03],"_humanoidState":3,"_cameraCFrame":[778.767,239.944,47.206,0.03,-0.909,0.416,0,0.416,0.909,-1,-0.027,0.012],"_shiftlockState":false,"_pose":"Jumping","_animationQueue":[["walk",0.1],["walk",0.1],["jump",0.1]],"_animationSpeed":1,"_zoom":16.125},{"_mousePosition":[685,374],"_rootPartCFrame":[771.856,224.395,46.999,0.03,0,1,0,1,0,-1,0,0.03],"_humanoidState":5,"_cameraCFrame":[778.567,240.555,47.2,0.03,-0.909,0.416,0,0.416,0.909,-1,-0.027,0.012],"_shiftlockState":false,"_pose":"FreeFall","_animationQueue":[["jump",0.1]],"_animationSpeed":1,"_zoom":16.125},{"_mousePosition":[685,374],"_rootPartCFrame":[771.589,225.162,46.991,0.03,0,1,0,1,0,-1,0,0.03],"_humanoidState":5,"_cameraCFrame":[778.301,241.323,47.192,0.03,-0.909,0.416,0,0.416,0.909,-1,-0.027,0.012],"_shiftlockState":false,"_pose":"FreeFall","_animationQueue":[],"_animationSpeed":1,"_zoom":16.125},{"_mousePosition":[685,374],"_rootPartCFrame":[771.323,225.875,46.983,0.03,0,1,0,1,0,-1,0,0.03],"_humanoidState":5,"_cameraCFrame":[778.034,242.036,47.184,0.03,-0.909,0.416,0,0.416,0.909,-1,-0.027,0.012],"_shiftlockState":false,"_pose":"FreeFall","_animationQueue":[],"_animationSpeed":1,"_zoom":16.125},{"_mousePosition":[685,374],"_rootPartCFrame":[771.056,226.534,46.975,0.03,0,1,0,1,0,-1,0,0.03],"_humanoidState":5,"_cameraCFrame":[777.767,242.695,47.176,0.03,-0.909,0.416,0,0.416,0.909,-1,-0.027,0.012],"_shiftlockState":false,"_pose":"FreeFall","_animationQueue":[],"_animationSpeed":1,"_zoom":16.125},{"_mousePosition":[685,374],"_rootPartCFrame":[770.79,227.138,46.967,0.03,0,1,0,1,0,-1,0,0.03],"_humanoidState":5,"_cameraCFrame":[777.472,243.312,47.167,0.03,-0.91,0.414,0,0.415,0.91,-1,-0.027,0.012],"_shiftlockState":false,"_pose":"FreeFall","_animationQueue":[],"_animationSpeed":1,"_zoom":16.125},{"_mousePosition":[685,374],"_rootPartCFrame":[770.523,227.687,46.959,0.03,0,1,0,1,0,-1,0,0.03],"_humanoidState":5,"_cameraCFrame":[777.206,243.861,47.159,0.03,-0.91,0.414,0,0.415,0.91,-1,-0.027,0.012],"_shiftlockState":false,"_pose":"FreeFall","_animationQueue":[],"_animationSpeed":1,"_zoom":16.125},{"_mousePosition":[685,374],"_rootPartCFrame":[770.256,228.182,46.951,0.03,0,1,0,1,0,-1,0,0.03],"_humanoidState":5,"_cameraCFrame":[776.939,244.356,47.151,0.03,-0.91,0.414,0,0.415,0.91,-1,-0.027,0.012],"_shiftlockState":false,"_pose":"FreeFall","_animationQueue":[],"_animationSpeed":1,"_zoom":16.125},{"_mousePosition":[685,374],"_rootPartCFrame":[769.99,228.623,46.943,0.03,0,1,0,1,0,-1,0,0.03],"_humanoidState":5,"_cameraCFrame":[776.672,244.797,47.143,0.03,-0.91,0.414,0,0.415,0.91,-1,-0.027,0.012],"_shiftlockState":false,"_pose":"FreeFall","_animationQueue":[],"_animationSpeed":1,"_zoom":16.125},{"_mousePosition":[685,374],"_rootPartCFrame":[769.723,229.009,46.935,0.03,0,1,0,1,0,-1,0,0.03],"_humanoidState":5,"_cameraCFrame":[776.349,245.209,47.117,0.027,-0.911,0.411,0,0.411,0.912,-1,-0.025,0.011],"_shiftlockState":false,"_pose":"FreeFall","_animationQueue":[],"_animationSpeed":1,"_zoom":16.125},{"_mousePosition":[685,374],"_rootPartCFrame":[769.457,229.34,46.927,0.03,0,1,0,1,0,-1,0,0.03],"_humanoidState":5,"_cameraCFrame":[776.083,245.54,47.109,0.027,-0.911,0.411,0,0.411,0.912,-1,-0.025,0.011],"_shiftlockState":false,"_pose":"FreeFall","_animationQueue":[],"_animationSpeed":1,"_zoom":16.125},{"_mousePosition":[685,374],"_rootPartCFrame":[769.19,229.617,46.92,0.03,0,1,0,1,0,-1,0,0.03],"_humanoidState":5,"_cameraCFrame":[775.816,245.817,47.102,0.027,-0.911,0.411,0,0.411,0.912,-1,-0.025,0.011],"_shiftlockState":false,"_pose":"FreeFall","_animationQueue":[],"_animationSpeed":1,"_zoom":16.125},{"_mousePosition":[685,374],"_rootPartCFrame":[768.923,229.84,46.913,0.029,0,1,0,1,0,-1,0,0.029],"_humanoidState":5,"_cameraCFrame":[775.549,246.04,47.094,0.027,-0.911,0.411,0,0.411,0.912,-1,-0.025,0.011],"_shiftlockState":false,"_pose":"FreeFall","_animationQueue":[],"_animationSpeed":1,"_zoom":16.125},{"_mousePosition":[685,374],"_rootPartCFrame":[768.657,230.008,46.905,0.029,0,1,0,1,0,-1,0,0.029],"_humanoidState":5,"_cameraCFrame":[775.283,246.208,47.087,0.027,-0.911,0.411,0,0.411,0.912,-1,-0.025,0.011],"_shiftlockState":false,"_pose":"FreeFall","_animationQueue":[],"_animationSpeed":1,"_zoom":16.125},{"_mousePosition":[685,374],"_rootPartCFrame":[768.39,230.122,46.898,0.029,0,1,0,1,0,-1,0,0.029],"_humanoidState":5,"_cameraCFrame":[775.016,246.321,47.08,0.027,-0.911,0.411,0,0.411,0.912,-1,-0.025,0.011],"_shiftlockState":false,"_pose":"FreeFall","_animationQueue":[],"_animationSpeed":1,"_zoom":16.125},{"_mousePosition":[685,374],"_rootPartCFrame":[768.124,230.181,46.891,0.029,0,1,0,1,0,-1,0,0.029],"_humanoidState":5,"_cameraCFrame":[774.75,246.38,47.072,0.027,-0.911,0.411,0,0.411,0.912,-1,-0.025,0.011],"_shiftlockState":false,"_pose":"FreeFall","_animationQueue":[],"_animationSpeed":1,"_zoom":16.125},{"_mousePosition":[685,374],"_rootPartCFrame":[767.857,230.185,46.883,0.028,0,1,0,1,0,-1,0,0.028],"_humanoidState":5,"_cameraCFrame":[774.483,246.385,47.065,0.027,-0.911,0.411,0,0.411,0.912,-1,-0.025,0.011],"_shiftlockState":false,"_pose":"FreeFall","_animationQueue":[],"_animationSpeed":1,"_zoom":16.125},{"_mousePosition":[685,374],"_rootPartCFrame":[767.59,230.135,46.876,0.028,0,1,0,1,0,-1,0,0.028],"_humanoidState":5,"_cameraCFrame":[774.216,246.335,47.058,0.027,-0.911,0.411,0,0.411,0.912,-1,-0.025,0.011],"_shiftlockState":false,"_pose":"FreeFall","_animationQueue":[],"_animationSpeed":1,"_zoom":16.125},{"_mousePosition":[685,374],"_rootPartCFrame":[767.324,230.031,46.869,0.028,0,1,0,1,0,-1,0,0.028],"_humanoidState":5,"_cameraCFrame":[773.95,246.23,47.05,0.027,-0.911,0.411,0,0.411,0.912,-1,-0.025,0.011],"_shiftlockState":false,"_pose":"FreeFall","_animationQueue":[],"_animationSpeed":1,"_zoom":16.125},{"_mousePosition":[685,374],"_rootPartCFrame":[767.057,229.872,46.862,0.028,0,1,0,1,0,-1,0,0.028],"_humanoidState":5,"_cameraCFrame":[773.683,246.071,47.043,0.027,-0.911,0.411,0,0.411,0.912,-1,-0.025,0.011],"_shiftlockState":false,"_pose":"FreeFall","_animationQueue":[["fall",0.3]],"_animationSpeed":1,"_zoom":16.125},{"_mousePosition":[685,374],"_rootPartCFrame":[766.791,229.658,46.854,0.028,0,1,0,1,0,-1,0,0.028],"_humanoidState":5,"_cameraCFrame":[773.417,245.858,47.036,0.027,-0.911,0.411,0,0.411,0.912,-1,-0.025,0.011],"_shiftlockState":false,"_pose":"FreeFall","_animationQueue":[],"_animationSpeed":1,"_zoom":16.125},{"_mousePosition":[685,374],"_rootPartCFrame":[766.524,229.39,46.847,0.028,0,1,0,1,0,-1,0,0.028],"_humanoidState":5,"_cameraCFrame":[773.122,245.603,47.011,0.025,-0.912,0.409,0,0.409,0.912,-1,-0.023,0.01],"_shiftlockState":false,"_pose":"FreeFall","_animationQueue":[],"_animationSpeed":1,"_zoom":16.125},{"_mousePosition":[685,374],"_rootPartCFrame":[766.257,229.068,46.84,0.028,0,1,0,1,0,-1,0,0.028],"_humanoidState":5,"_cameraCFrame":[772.827,245.293,46.97,0.02,-0.913,0.407,0,0.408,0.913,-1,-0.018,0.008],"_shiftlockState":false,"_pose":"FreeFall","_animationQueue":[],"_animationSpeed":1,"_zoom":16.125},{"_mousePosition":[685,374],"_rootPartCFrame":[765.991,228.691,46.833,0.028,0,1,0,1,0,-1,0,0.028],"_humanoidState":5,"_cameraCFrame":[772.532,244.929,46.929,0.015,-0.914,0.406,0,0.406,0.914,-1,-0.013,0.006],"_shiftlockState":false,"_pose":"FreeFall","_animationQueue":[],"_animationSpeed":1,"_zoom":16.125},{"_mousePosition":[685,374],"_rootPartCFrame":[765.724,228.259,46.827,0.027,0,1,0,1,0,-1,0,0.027],"_humanoidState":5,"_cameraCFrame":[772.237,244.51,46.907,0.012,-0.915,0.404,0,0.404,0.915,-1,-0.011,0.005],"_shiftlockState":false,"_pose":"FreeFall","_animationQueue":[],"_animationSpeed":1,"_zoom":16.125},{"_mousePosition":[685,374],"_rootPartCFrame":[765.458,227.773,46.823,0.025,0,1,0,1,0,-1,0,0.025],"_humanoidState":5,"_cameraCFrame":[771.942,244.037,46.886,0.01,-0.916,0.402,0,0.402,0.916,-1,-0.009,0.004],"_shiftlockState":false,"_pose":"FreeFall","_animationQueue":[],"_animationSpeed":1,"_zoom":16.125},{"_mousePosition":[685,374],"_rootPartCFrame":[765.191,227.233,46.82,0.024,0,1,0,1,0,-1,0,0.024],"_humanoidState":5,"_cameraCFrame":[771.676,243.496,46.85,0.005,-0.916,0.402,0,0.402,0.916,-1,-0.004,0.002],"_shiftlockState":false,"_pose":"FreeFall","_animationQueue":[["fall",0.3]],"_animationSpeed":1,"_zoom":16.125},{"_mousePosition":[685,374],"_rootPartCFrame":[764.924,226.638,46.817,0.022,0,1,0,1,0,-1,0,0.022],"_humanoidState":5,"_cameraCFrame":[771.38,242.914,46.847,0.005,-0.916,0.4,0,0.4,0.916,-1,-0.004,0.002],"_shiftlockState":false,"_pose":"FreeFall","_animationQueue":[],"_animationSpeed":1,"_zoom":16.125},{"_mousePosition":[685,374],"_rootPartCFrame":[764.658,225.988,46.816,0.02,0,1,0,1,0,-1,0,0.02],"_humanoidState":5,"_cameraCFrame":[771.114,242.264,46.829,0.002,-0.916,0.4,0,0.4,0.916,-1,-0.002,0.001],"_shiftlockState":false,"_pose":"FreeFall","_animationQueue":[],"_animationSpeed":1,"_zoom":16.125},{"_mousePosition":[685,374],"_rootPartCFrame":[764.404,225.89,46.815,0.018,0,1,0,1,0,-1,0,0.018],"_humanoidState":7,"_cameraCFrame":[770.86,242.166,46.828,0.002,-0.916,0.4,0,0.4,0.916,-1,-0.002,0.001],"_shiftlockState":false,"_pose":"FreeFall","_animationQueue":[["walk",0.1],["fall",0.3],["fall",0.3]],"_animationSpeed":1,"_zoom":16.125},{"_mousePosition":[685,374],"_rootPartCFrame":[764.142,225.888,46.814,0.016,0,1,0,1,0,-1,0,0.016],"_humanoidState":7,"_cameraCFrame":[770.598,242.164,46.827,0.002,-0.916,0.4,0,0.4,0.916,-1,-0.002,0.001],"_shiftlockState":false,"_pose":"FreeFall","_animationQueue":[],"_animationSpeed":1,"_zoom":16.125},{"_mousePosition":[685,374],"_rootPartCFrame":[763.878,225.784,46.813,0.014,0,1,0,1,0,-1,0,0.014],"_humanoidState":8,"_cameraCFrame":[770.334,242.06,46.827,0.002,-0.916,0.4,0,0.4,0.916,-1,-0.002,0.001],"_shiftlockState":false,"_pose":"Running","_animationQueue":[["walk",0.1],["fall",0.3],["walk",0.1]],"_animationSpeed":1.09,"_zoom":16.125},{"_mousePosition":[685,374],"_rootPartCFrame":[763.614,226.647,46.813,0.012,0,1,0,1,0,-1,0,0.012],"_humanoidState":3,"_cameraCFrame":[770.07,242.923,46.826,0.002,-0.916,0.4,0,0.4,0.916,-1,-0.002,0.001],"_shiftlockState":false,"_pose":"Jumping","_animationQueue":[["walk",0.1],["jump",0.1]],"_animationSpeed":1,"_zoom":16.125},{"_mousePosition":[685,374],"_rootPartCFrame":[763.348,227.455,46.812,0.01,0,1,0,1,0,-1,0,0.01],"_humanoidState":5,"_cameraCFrame":[769.804,243.731,46.826,0.002,-0.916,0.4,0,0.4,0.916,-1,-0.002,0.001],"_shiftlockState":false,"_pose":"FreeFall","_animationQueue":[["jump",0.1]],"_animationSpeed":1,"_zoom":16.125},{"_mousePosition":[685,374],"_rootPartCFrame":[763.081,228.209,46.812,0.009,0,1,0,1,0,-1,0,0.009],"_humanoidState":5,"_cameraCFrame":[769.537,244.485,46.825,0.002,-0.916,0.4,0,0.4,0.916,-1,-0.002,0.001],"_shiftlockState":false,"_pose":"FreeFall","_animationQueue":[],"_animationSpeed":1,"_zoom":16.125},{"_mousePosition":[685,374],"_rootPartCFrame":[762.815,228.909,46.811,0.008,0,1,0,1,0,-1,0,0.008],"_humanoidState":5,"_cameraCFrame":[769.271,245.185,46.825,0.002,-0.916,0.4,0,0.4,0.916,-1,-0.002,0.001],"_shiftlockState":false,"_pose":"FreeFall","_animationQueue":[],"_animationSpeed":1,"_zoom":16.125},{"_mousePosition":[685,374],"_rootPartCFrame":[762.548,229.553,46.811,0.007,0,1,0,1,0,-1,0,0.007],"_humanoidState":5,"_cameraCFrame":[769.004,245.83,46.824,0.002,-0.916,0.4,0,0.4,0.916,-1,-0.002,0.001],"_shiftlockState":false,"_pose":"FreeFall","_animationQueue":[],"_animationSpeed":1,"_zoom":16.125},{"_mousePosition":[685,374],"_rootPartCFrame":[762.281,230.144,46.81,0.007,0,1,0,1,0,-1,0,0.007],"_humanoidState":5,"_cameraCFrame":[768.737,246.42,46.824,0.002,-0.916,0.4,0,0.4,0.916,-1,-0.002,0.001],"_shiftlockState":false,"_pose":"FreeFall","_animationQueue":[],"_animationSpeed":1,"_zoom":16.125},{"_mousePosition":[685,374],"_rootPartCFrame":[762.015,230.68,46.81,0.006,0,1,0,1,0,-1,0,0.006],"_humanoidState":5,"_cameraCFrame":[768.471,246.956,46.823,0.002,-0.916,0.4,0,0.4,0.916,-1,-0.002,0.001],"_shiftlockState":false,"_pose":"FreeFall","_animationQueue":[],"_animationSpeed":1,"_zoom":16.125},{"_mousePosition":[685,374],"_rootPartCFrame":[761.748,231.161,46.809,0.005,0,1,0,1,0,-1,0,0.005],"_humanoidState":5,"_cameraCFrame":[768.204,247.437,46.823,0.002,-0.916,0.4,0,0.4,0.916,-1,-0.002,0.001],"_shiftlockState":false,"_pose":"FreeFall","_animationQueue":[],"_animationSpeed":1,"_zoom":16.125},{"_mousePosition":[685,374],"_rootPartCFrame":[761.482,231.588,46.809,0.005,0,1,0,1,0,-1,0,0.005],"_humanoidState":5,"_cameraCFrame":[767.938,247.864,46.822,0.002,-0.916,0.4,0,0.4,0.916,-1,-0.002,0.001],"_shiftlockState":false,"_pose":"FreeFall","_animationQueue":[],"_animationSpeed":1,"_zoom":16.125},{"_mousePosition":[685,374],"_rootPartCFrame":[761.215,231.96,46.808,0.005,0,1,0,1,0,-1,0,0.005],"_humanoidState":5,"_cameraCFrame":[767.671,248.237,46.821,0.002,-0.916,0.4,0,0.4,0.916,-1,-0.002,0.001],"_shiftlockState":false,"_pose":"FreeFall","_animationQueue":[],"_animationSpeed":1,"_zoom":16.125},{"_mousePosition":[685,374],"_rootPartCFrame":[760.948,232.278,46.807,0.004,0,1,0,1,0,-1,0,0.004],"_humanoidState":5,"_cameraCFrame":[767.404,248.554,46.821,0.002,-0.916,0.4,0,0.4,0.916,-1,-0.002,0.001],"_shiftlockState":false,"_pose":"FreeFall","_animationQueue":[],"_animationSpeed":1,"_zoom":16.125},{"_mousePosition":[685,374],"_rootPartCFrame":[760.682,232.542,46.807,0.004,0,1,0,1,0,-1,0,0.004],"_humanoidState":5,"_cameraCFrame":[767.138,248.818,46.82,0.002,-0.916,0.4,0,0.4,0.916,-1,-0.002,0.001],"_shiftlockState":false,"_pose":"FreeFall","_animationQueue":[],"_animationSpeed":1,"_zoom":16.125},{"_mousePosition":[685,374],"_rootPartCFrame":[760.415,232.751,46.806,0.004,0,1,0,1,0,-1,0,0.004],"_humanoidState":5,"_cameraCFrame":[766.871,249.027,46.82,0.002,-0.916,0.4,0,0.4,0.916,-1,-0.002,0.001],"_shiftlockState":false,"_pose":"FreeFall","_animationQueue":[],"_animationSpeed":1,"_zoom":16.125},{"_mousePosition":[685,374],"_rootPartCFrame":[760.149,232.905,46.806,0.003,0,1,0,1,0,-1,0,0.003],"_humanoidState":5,"_cameraCFrame":[766.605,249.181,46.819,0.002,-0.916,0.4,0,0.4,0.916,-1,-0.002,0.001],"_shiftlockState":false,"_pose":"FreeFall","_animationQueue":[],"_animationSpeed":1,"_zoom":16.125},{"_mousePosition":[685,374],"_rootPartCFrame":[759.882,233.005,46.805,0.003,0,1,0,1,0,-1,0,0.003],"_humanoidState":5,"_cameraCFrame":[766.338,249.281,46.819,0.002,-0.916,0.4,0,0.4,0.916,-1,-0.002,0.001],"_shiftlockState":false,"_pose":"FreeFall","_animationQueue":[],"_animationSpeed":1,"_zoom":16.125},{"_mousePosition":[685,374],"_rootPartCFrame":[759.615,233.05,46.805,0.003,0,1,0,1,0,-1,0,0.003],"_humanoidState":5,"_cameraCFrame":[766.071,249.326,46.818,0.002,-0.916,0.4,0,0.4,0.916,-1,-0.002,0.001],"_shiftlockState":false,"_pose":"FreeFall","_animationQueue":[],"_animationSpeed":1,"_zoom":16.125},{"_mousePosition":[685,374],"_rootPartCFrame":[759.349,233.041,46.804,0.003,0,1,0,1,0,-1,0,0.003],"_humanoidState":5,"_cameraCFrame":[765.805,249.317,46.818,0.002,-0.916,0.4,0,0.4,0.916,-1,-0.002,0.001],"_shiftlockState":false,"_pose":"FreeFall","_animationQueue":[],"_animationSpeed":1,"_zoom":16.125},{"_mousePosition":[685,374],"_rootPartCFrame":[759.082,232.978,46.804,0.003,0,1,0,1,0,-1,0,0.003],"_humanoidState":5,"_cameraCFrame":[765.538,249.254,46.817,0.002,-0.916,0.4,0,0.4,0.916,-1,-0.002,0.001],"_shiftlockState":false,"_pose":"FreeFall","_animationQueue":[],"_animationSpeed":1,"_zoom":16.125},{"_mousePosition":[685,374],"_rootPartCFrame":[758.816,232.859,46.803,0.003,0,1,0,1,0,-1,0,0.003],"_humanoidState":5,"_cameraCFrame":[765.272,249.136,46.816,0.002,-0.916,0.4,0,0.4,0.916,-1,-0.002,0.001],"_shiftlockState":false,"_pose":"FreeFall","_animationQueue":[],"_animationSpeed":1,"_zoom":16.125},{"_mousePosition":[685,374],"_rootPartCFrame":[758.549,232.687,46.802,0.003,0,1,0,1,0,-1,0,0.003],"_humanoidState":5,"_cameraCFrame":[765.005,248.963,46.816,0.002,-0.916,0.4,0,0.4,0.916,-1,-0.002,0.001],"_shiftlockState":false,"_pose":"FreeFall","_animationQueue":[],"_animationSpeed":1,"_zoom":16.125},{"_mousePosition":[685,374],"_rootPartCFrame":[758.282,232.46,46.802,0.003,0,1,0,1,0,-1,0,0.003],"_humanoidState":5,"_cameraCFrame":[764.738,248.736,46.815,0.002,-0.916,0.4,0,0.4,0.916,-1,-0.002,0.001],"_shiftlockState":false,"_pose":"FreeFall","_animationQueue":[["fall",0.3]],"_animationSpeed":1,"_zoom":16.125},{"_mousePosition":[685,374],"_rootPartCFrame":[758.016,232.178,46.801,0.002,0,1,0,1,0,-1,0,0.002],"_humanoidState":5,"_cameraCFrame":[764.472,248.454,46.815,0.002,-0.916,0.4,0,0.4,0.916,-1,-0.002,0.001],"_shiftlockState":false,"_pose":"FreeFall","_animationQueue":[],"_animationSpeed":1,"_zoom":16.125},{"_mousePosition":[685,374],"_rootPartCFrame":[757.749,231.842,46.801,0.002,0,1,0,1,0,-1,0,0.002],"_humanoidState":5,"_cameraCFrame":[764.205,248.118,46.798,0,-0.916,0.4,0,0.4,0.916,-1,0,0],"_shiftlockState":false,"_pose":"FreeFall","_animationQueue":[],"_animationSpeed":1,"_zoom":16.125},{"_mousePosition":[685,374],"_rootPartCFrame":[757.483,231.451,46.8,0.002,0,1,0,1,0,-1,0,0.002],"_humanoidState":5,"_cameraCFrame":[763.939,247.728,46.797,0,-0.916,0.4,0,0.4,0.916,-1,0,0],"_shiftlockState":false,"_pose":"FreeFall","_animationQueue":[],"_animationSpeed":1,"_zoom":16.125},{"_mousePosition":[685,374],"_rootPartCFrame":[757.216,231.006,46.8,0.002,0,1,0,1,0,-1,0,0.002],"_humanoidState":5,"_cameraCFrame":[763.672,247.283,46.797,0,-0.916,0.4,0,0.4,0.916,-1,0,0],"_shiftlockState":false,"_pose":"FreeFall","_animationQueue":[],"_animationSpeed":1,"_zoom":16.125},{"_mousePosition":[685,374],"_rootPartCFrame":[756.949,230.507,46.8,0.002,0,1,0,1,0,-1,0,0.002],"_humanoidState":5,"_cameraCFrame":[763.405,246.783,46.798,0,-0.916,0.4,0,0.4,0.916,-1,0,0],"_shiftlockState":false,"_pose":"FreeFall","_animationQueue":[],"_animationSpeed":1,"_zoom":16.125},{"_mousePosition":[685,374],"_rootPartCFrame":[756.683,229.953,46.801,0.001,0,1,0,1,0,-1,0,0.001],"_humanoidState":5,"_cameraCFrame":[763.139,246.229,46.798,0,-0.916,0.4,0,0.4,0.916,-1,0,0],"_shiftlockState":false,"_pose":"FreeFall","_animationQueue":[["fall",0.3]],"_animationSpeed":1,"_zoom":16.125},{"_mousePosition":[685,374],"_rootPartCFrame":[756.416,229.344,46.801,0.001,0,1,0,1,0,-1,0,0.001],"_humanoidState":5,"_cameraCFrame":[762.872,245.62,46.798,0,-0.916,0.4,0,0.4,0.916,-1,0,0],"_shiftlockState":false,"_pose":"FreeFall","_animationQueue":[],"_animationSpeed":1,"_zoom":16.125},{"_mousePosition":[685,374],"_rootPartCFrame":[756.15,228.681,46.801,0.001,0,1,0,1,0,-1,0,0.001],"_humanoidState":5,"_cameraCFrame":[762.606,244.957,46.782,-0.003,-0.916,0.4,0,0.4,0.916,-1,0.003,-0.001],"_shiftlockState":false,"_pose":"FreeFall","_animationQueue":[],"_animationSpeed":1,"_zoom":16.125},{"_mousePosition":[685,374],"_rootPartCFrame":[755.883,227.963,46.801,0.001,0,1,0,1,0,-1,0,0.001],"_humanoidState":5,"_cameraCFrame":[762.339,244.239,46.782,-0.003,-0.916,0.4,0,0.4,0.916,-1,0.003,-0.001],"_shiftlockState":false,"_pose":"FreeFall","_animationQueue":[],"_animationSpeed":1,"_zoom":16.125},{"_mousePosition":[685,374],"_rootPartCFrame":[755.616,227.191,46.802,0,0,1,0,1,0,-1,0,0],"_humanoidState":5,"_cameraCFrame":[762.072,243.467,46.782,-0.003,-0.916,0.4,0,0.4,0.916,-1,0.003,-0.001],"_shiftlockState":false,"_pose":"FreeFall","_animationQueue":[],"_animationSpeed":1,"_zoom":16.125},{"_mousePosition":[685,374],"_rootPartCFrame":[755.351,226.469,46.802,0,0,1,0,1,0,-1,0,0],"_humanoidState":7,"_cameraCFrame":[761.807,242.745,46.767,-0.006,-0.916,0.4,0,0.4,0.916,-1,0.005,-0.002],"_shiftlockState":false,"_pose":"FreeFall","_animationQueue":[["walk",0.1],["fall",0.3],["fall",0.3]],"_animationSpeed":1,"_zoom":16.125},{"_mousePosition":[685,374],"_rootPartCFrame":[755.089,226.45,46.803,0,0,1,0,1,0,-1,0,0],"_humanoidState":7,"_cameraCFrame":[761.545,242.726,46.751,-0.008,-0.916,0.4,0,0.4,0.916,-1,0.007,-0.003],"_shiftlockState":false,"_pose":"FreeFall","_animationQueue":[["fall",0.3]],"_animationSpeed":1,"_zoom":16.125},{"_mousePosition":[685,374],"_rootPartCFrame":[754.854,226.495,46.804,-0.001,0,1,0,1,0,-1,0,-0.001],"_humanoidState":8,"_cameraCFrame":[761.309,242.771,46.72,-0.013,-0.916,0.4,0,0.4,0.916,-1,0.012,-0.005],"_shiftlockState":false,"_pose":"Running","_animationQueue":[["walk",0.1],["fall",0.3],["walk",0.1]],"_animationSpeed":1.08,"_zoom":16.125},{"_mousePosition":[685,374],"_rootPartCFrame":[754.621,227.368,46.806,-0.002,0,1,0,1,0,-1,0,-0.002],"_humanoidState":3,"_cameraCFrame":[761.076,243.644,46.688,-0.018,-0.916,0.4,0,0.4,0.916,-1,0.017,-0.007],"_shiftlockState":false,"_pose":"Jumping","_animationQueue":[["walk",0.1],["jump",0.1]],"_animationSpeed":1,"_zoom":16.125},{"_mousePosition":[685,374],"_rootPartCFrame":[754.366,228.19,46.808,-0.003,0,1,0,1,0,-1,0,-0.003],"_humanoidState":5,"_cameraCFrame":[760.848,244.453,46.625,-0.028,-0.915,0.402,0,0.402,0.916,-1,0.026,-0.011],"_shiftlockState":false,"_pose":"FreeFall","_animationQueue":[["jump",0.1]],"_animationSpeed":1,"_zoom":16.125},{"_mousePosition":[685,374],"_rootPartCFrame":[754.1,228.957,46.813,-0.005,0,1,0,1,0,-1,0,-0.005],"_humanoidState":5,"_cameraCFrame":[760.576,245.221,46.482,-0.051,-0.914,0.402,0,0.402,0.916,-0.999,0.047,-0.021],"_shiftlockState":false,"_pose":"FreeFall","_animationQueue":[],"_animationSpeed":1,"_zoom":16.125},{"_mousePosition":[685,374],"_rootPartCFrame":[753.833,229.67,46.82,-0.008,0,1,0,1,0,-1,0,-0.008],"_humanoidState":5,"_cameraCFrame":[760.33,245.921,46.356,-0.071,-0.912,0.403,0,0.404,0.915,-0.997,0.065,-0.029],"_shiftlockState":false,"_pose":"FreeFall","_animationQueue":[],"_animationSpeed":1,"_zoom":16.125},{"_mousePosition":[685,374],"_rootPartCFrame":[753.567,230.329,46.833,-0.013,0,1,0,1,0,-1,0,-0.013],"_humanoidState":5,"_cameraCFrame":[760.056,246.58,46.27,-0.086,-0.911,0.402,0,0.404,0.915,-0.996,0.079,-0.035],"_shiftlockState":false,"_pose":"FreeFall","_animationQueue":[],"_animationSpeed":1,"_zoom":16.125},{"_mousePosition":[685,374],"_rootPartCFrame":[753.301,230.933,46.851,-0.02,0,1,0,1,0,-1,0,-0.02],"_humanoidState":5,"_cameraCFrame":[759.784,247.184,46.223,-0.096,-0.911,0.402,0,0.404,0.915,-0.995,0.088,-0.039],"_shiftlockState":false,"_pose":"FreeFall","_animationQueue":[],"_animationSpeed":1,"_zoom":16.125},{"_mousePosition":[685,374],"_rootPartCFrame":[753.035,231.482,46.873,-0.028,0,1,0,1,0,-1,0,-0.028],"_humanoidState":5,"_cameraCFrame":[759.518,247.733,46.245,-0.096,-0.911,0.402,0,0.404,0.915,-0.995,0.088,-0.039],"_shiftlockState":false,"_pose":"FreeFall","_animationQueue":[],"_animationSpeed":1,"_zoom":16.125},{"_mousePosition":[685,374],"_rootPartCFrame":[752.77,231.977,46.899,-0.037,0,0.999,0,1,0,-0.999,0,-0.037],"_humanoidState":5,"_cameraCFrame":[759.253,248.228,46.27,-0.096,-0.911,0.402,0,0.404,0.915,-0.995,0.088,-0.039],"_shiftlockState":false,"_pose":"FreeFall","_animationQueue":[],"_animationSpeed":1,"_zoom":16.125},{"_mousePosition":[685,374],"_rootPartCFrame":[752.504,232.418,46.925,-0.045,0,0.999,0,1,0,-0.999,0,-0.045],"_humanoidState":5,"_cameraCFrame":[758.987,248.669,46.296,-0.096,-0.911,0.402,0,0.404,0.915,-0.995,0.088,-0.039],"_shiftlockState":false,"_pose":"FreeFall","_animationQueue":[],"_animationSpeed":1,"_zoom":16.125},{"_mousePosition":[685,374],"_rootPartCFrame":[752.239,232.804,46.95,-0.053,0,0.999,0,1,0,-0.999,0,-0.053],"_humanoidState":5,"_cameraCFrame":[758.722,249.055,46.322,-0.096,-0.911,0.402,0,0.404,0.915,-0.995,0.088,-0.039],"_shiftlockState":false,"_pose":"FreeFall","_animationQueue":[],"_animationSpeed":1,"_zoom":16.125},{"_mousePosition":[685,374],"_rootPartCFrame":[751.973,233.136,46.976,-0.059,0,0.998,0,1,0,-0.998,0,-0.059],"_humanoidState":5,"_cameraCFrame":[758.457,249.386,46.348,-0.096,-0.911,0.402,0,0.404,0.915,-0.995,0.088,-0.039],"_shiftlockState":false,"_pose":"FreeFall","_animationQueue":[],"_animationSpeed":1,"_zoom":16.125},{"_mousePosition":[685,374],"_rootPartCFrame":[751.708,233.413,47.002,-0.064,0,0.998,0,1,0,-0.998,0,-0.064],"_humanoidState":5,"_cameraCFrame":[758.191,249.663,46.373,-0.096,-0.911,0.402,0,0.404,0.915,-0.995,0.088,-0.039],"_shiftlockState":false,"_pose":"FreeFall","_animationQueue":[],"_animationSpeed":1,"_zoom":16.125},{"_mousePosition":[685,374],"_rootPartCFrame":[751.443,233.635,47.027,-0.069,0,0.998,0,1,0,-0.998,0,-0.069],"_humanoidState":5,"_cameraCFrame":[757.926,249.886,46.399,-0.096,-0.911,0.402,0,0.404,0.915,-0.995,0.088,-0.039],"_shiftlockState":false,"_pose":"FreeFall","_animationQueue":[],"_animationSpeed":1,"_zoom":16.125},{"_mousePosition":[685,374],"_rootPartCFrame":[751.177,233.803,47.053,-0.073,0,0.997,0,1,0,-0.997,0,-0.073],"_humanoidState":5,"_cameraCFrame":[757.66,250.054,46.425,-0.096,-0.911,0.402,0,0.404,0.915,-0.995,0.088,-0.039],"_shiftlockState":false,"_pose":"FreeFall","_animationQueue":[],"_animationSpeed":1,"_zoom":16.125},{"_mousePosition":[685,374],"_rootPartCFrame":[750.912,233.917,47.079,-0.076,0,0.997,0,1,0,-0.997,0,-0.076],"_humanoidState":5,"_cameraCFrame":[757.424,250.155,46.448,-0.096,-0.91,0.404,0,0.406,0.914,-0.995,0.088,-0.039],"_shiftlockState":false,"_pose":"FreeFall","_animationQueue":[],"_animationSpeed":1,"_zoom":16.125},{"_mousePosition":[685,374],"_rootPartCFrame":[750.646,233.976,47.105,-0.079,0,0.997,0,1,0,-0.997,0,-0.079],"_humanoidState":5,"_cameraCFrame":[757.187,250.201,46.471,-0.096,-0.909,0.406,0,0.408,0.913,-0.995,0.088,-0.039],"_shiftlockState":false,"_pose":"FreeFall","_animationQueue":[],"_animationSpeed":1,"_zoom":16.125},{"_mousePosition":[685,374],"_rootPartCFrame":[750.381,233.98,47.13,-0.081,0,0.997,0,1,0,-0.997,0,-0.081],"_humanoidState":5,"_cameraCFrame":[756.922,250.206,46.496,-0.096,-0.909,0.406,0,0.408,0.913,-0.995,0.088,-0.039],"_shiftlockState":false,"_pose":"FreeFall","_animationQueue":[],"_animationSpeed":1,"_zoom":16.125},{"_mousePosition":[685,374],"_rootPartCFrame":[750.116,233.93,47.156,-0.083,0,0.997,0,1,0,-0.997,0,-0.083],"_humanoidState":5,"_cameraCFrame":[756.685,250.143,46.519,-0.096,-0.908,0.407,0,0.409,0.912,-0.995,0.088,-0.039],"_shiftlockState":false,"_pose":"FreeFall","_animationQueue":[],"_animationSpeed":1,"_zoom":16.125},{"_mousePosition":[685,374],"_rootPartCFrame":[749.85,233.826,47.182,-0.085,0,0.996,0,1,0,-0.996,0,-0.085],"_humanoidState":5,"_cameraCFrame":[756.449,250.025,46.559,-0.094,-0.908,0.409,0,0.411,0.912,-0.996,0.086,-0.039],"_shiftlockState":false,"_pose":"FreeFall","_animationQueue":[["fall",0.3]],"_animationSpeed":1,"_zoom":16.125},{"_mousePosition":[685,374],"_rootPartCFrame":[749.585,233.667,47.207,-0.087,0,0.996,0,1,0,-0.996,0,-0.087],"_humanoidState":5,"_cameraCFrame":[756.187,249.866,46.618,-0.089,-0.908,0.409,0,0.411,0.912,-0.996,0.081,-0.037],"_shiftlockState":false,"_pose":"FreeFall","_animationQueue":[],"_animationSpeed":1,"_zoom":16.125},{"_mousePosition":[685,374],"_rootPartCFrame":[749.32,233.453,47.233,-0.088,0,0.996,0,1,0,-0.996,0,-0.088],"_humanoidState":5,"_cameraCFrame":[755.925,249.653,46.677,-0.084,-0.908,0.41,0,0.411,0.912,-0.996,0.076,-0.034],"_shiftlockState":false,"_pose":"FreeFall","_animationQueue":[],"_animationSpeed":1,"_zoom":16.125},{"_mousePosition":[685,374],"_rootPartCFrame":[749.054,233.185,47.257,-0.088,0,0.996,0,1,0,-0.996,0,-0.088],"_humanoidState":5,"_cameraCFrame":[755.692,249.372,46.749,-0.076,-0.908,0.412,0,0.413,0.911,-0.997,0.069,-0.031],"_shiftlockState":false,"_pose":"FreeFall","_animationQueue":[],"_animationSpeed":1,"_zoom":16.125},{"_mousePosition":[685,374],"_rootPartCFrame":[748.788,232.863,47.279,-0.088,0,0.996,0,1,0,-0.996,0,-0.088],"_humanoidState":5,"_cameraCFrame":[755.461,249.037,46.87,-0.061,-0.908,0.414,0,0.415,0.91,-0.998,0.056,-0.025],"_shiftlockState":false,"_pose":"FreeFall","_animationQueue":[],"_animationSpeed":1,"_zoom":16.125},{"_mousePosition":[685,374],"_rootPartCFrame":[748.522,232.486,47.3,-0.087,0,0.996,0,1,0,-0.996,0,-0.087],"_humanoidState":5,"_cameraCFrame":[755.228,248.646,46.957,-0.051,-0.908,0.416,0,0.416,0.909,-0.999,0.046,-0.021],"_shiftlockState":false,"_pose":"FreeFall","_animationQueue":[],"_animationSpeed":1,"_zoom":16.125},{"_mousePosition":[685,374],"_rootPartCFrame":[748.256,232.054,47.317,-0.084,0,0.996,0,1,0,-0.996,0,-0.084],"_humanoidState":5,"_cameraCFrame":[754.993,248.202,47.041,-0.041,-0.908,0.418,0,0.418,0.908,-0.999,0.037,-0.017],"_shiftlockState":false,"_pose":"FreeFall","_animationQueue":[["fall",0.3]],"_animationSpeed":1,"_zoom":16.125},{"_mousePosition":[685,374],"_rootPartCFrame":[747.99,231.568,47.331,-0.08,0,0.997,0,1,0,-0.997,0,-0.08],"_humanoidState":5,"_cameraCFrame":[754.728,247.716,47.089,-0.036,-0.908,0.418,0,0.418,0.908,-0.999,0.033,-0.015],"_shiftlockState":false,"_pose":"FreeFall","_animationQueue":[],"_animationSpeed":1,"_zoom":16.125},{"_mousePosition":[685,374],"_rootPartCFrame":[747.724,231.028,47.342,-0.075,0,0.997,0,1,0,-0.997,0,-0.075],"_humanoidState":5,"_cameraCFrame":[754.462,247.175,47.1,-0.036,-0.908,0.418,0,0.418,0.908,-0.999,0.033,-0.015],"_shiftlockState":false,"_pose":"FreeFall","_animationQueue":[],"_animationSpeed":1,"_zoom":16.125},{"_mousePosition":[685,374],"_rootPartCFrame":[747.457,230.433,47.352,-0.07,0,0.998,0,1,0,-0.998,0,-0.07],"_humanoidState":5,"_cameraCFrame":[754.195,246.58,47.11,-0.036,-0.908,0.418,0,0.418,0.908,-0.999,0.033,-0.015],"_shiftlockState":false,"_pose":"FreeFall","_animationQueue":[],"_animationSpeed":1,"_zoom":16.125},{"_mousePosition":[685,374],"_rootPartCFrame":[747.19,229.783,47.361,-0.065,0,0.998,0,1,0,-0.998,0,-0.065],"_humanoidState":5,"_cameraCFrame":[753.93,245.931,47.137,-0.033,-0.908,0.418,0,0.418,0.908,-0.999,0.03,-0.014],"_shiftlockState":false,"_pose":"FreeFall","_animationQueue":[],"_animationSpeed":1,"_zoom":16.125},{"_mousePosition":[685,374],"_rootPartCFrame":[746.873,228.895,47.373,-0.06,0,0.998,0,1,0,-0.998,0,-0.06],"_humanoidState":7,"_cameraCFrame":[753.612,245.042,47.148,-0.033,-0.908,0.418,0,0.418,0.908,-0.999,0.03,-0.014],"_shiftlockState":false,"_pose":"FreeFall","_animationQueue":[["walk",0.1],["fall",0.3],["fall",0.3]],"_animationSpeed":1,"_zoom":16.125},{"_mousePosition":[685,374],"_rootPartCFrame":[746.693,228.565,47.379,-0.057,0,0.998,0,1,0,-0.998,0,-0.057],"_humanoidState":7,"_cameraCFrame":[753.461,244.699,47.17,-0.031,-0.907,0.42,0,0.42,0.908,-1,0.028,-0.013],"_shiftlockState":false,"_pose":"FreeFall","_animationQueue":[["fall",0.3]],"_animationSpeed":1,"_zoom":16.125},{"_mousePosition":[685,374],"_rootPartCFrame":[746.461,228.564,47.387,-0.054,0,0.999,0,1,0,-0.999,0,-0.054],"_humanoidState":8,"_cameraCFrame":[753.23,244.699,47.212,-0.026,-0.907,0.42,0,0.42,0.908,-1,0.023,-0.011],"_shiftlockState":false,"_pose":"Running","_animationQueue":[["walk",0.1],["fall",0.3],["walk",0.1]],"_animationSpeed":0.986,"_zoom":16.125},{"_mousePosition":[685,374],"_rootPartCFrame":[746.229,229.427,47.394,-0.051,0,0.999,0,1,0,-0.999,0,-0.051],"_humanoidState":3,"_cameraCFrame":[753.028,245.548,47.254,-0.021,-0.907,0.422,0,0.422,0.907,-1,0.019,-0.009],"_shiftlockState":false,"_pose":"Jumping","_animationQueue":[["walk",0.1],["jump",0.1]],"_animationSpeed":1,"_zoom":16.125},{"_mousePosition":[685,374],"_rootPartCFrame":[745.975,230.235,47.401,-0.047,0,0.999,0,1,0,-0.999,0,-0.047],"_humanoidState":5,"_cameraCFrame":[752.773,246.357,47.261,-0.021,-0.907,0.422,0,0.422,0.907,-1,0.019,-0.009],"_shiftlockState":false,"_pose":"FreeFall","_animationQueue":[["jump",0.1]],"_animationSpeed":1,"_zoom":16.125},{"_mousePosition":[685,374],"_rootPartCFrame":[745.708,230.989,47.407,-0.044,0,0.999,0,1,0,-0.999,0,-0.044],"_humanoidState":5,"_cameraCFrame":[752.507,247.111,47.266,-0.021,-0.907,0.422,0,0.422,0.907,-1,0.019,-0.009],"_shiftlockState":false,"_pose":"FreeFall","_animationQueue":[],"_animationSpeed":1,"_zoom":16.125},{"_mousePosition":[685,374],"_rootPartCFrame":[745.442,231.689,47.413,-0.041,0,0.999,0,1,0,-0.999,0,-0.041],"_humanoidState":5,"_cameraCFrame":[752.24,247.81,47.272,-0.021,-0.907,0.422,0,0.422,0.907,-1,0.019,-0.009],"_shiftlockState":false,"_pose":"FreeFall","_animationQueue":[],"_animationSpeed":1,"_zoom":16.125},{"_mousePosition":[685,374],"_rootPartCFrame":[745.175,232.334,47.418,-0.038,0,0.999,0,1,0,-0.999,0,-0.038],"_humanoidState":5,"_cameraCFrame":[751.974,248.455,47.278,-0.021,-0.907,0.422,0,0.422,0.907,-1,0.019,-0.009],"_shiftlockState":false,"_pose":"FreeFall","_animationQueue":[],"_animationSpeed":1,"_zoom":16.125},{"_mousePosition":[685,374],"_rootPartCFrame":[744.909,232.924,47.424,-0.035,0,0.999,0,1,0,-0.999,0,-0.035],"_humanoidState":5,"_cameraCFrame":[751.707,249.045,47.283,-0.021,-0.907,0.422,0,0.422,0.907,-1,0.019,-0.009],"_shiftlockState":false,"_pose":"FreeFall","_animationQueue":[],"_animationSpeed":1,"_zoom":16.125},{"_mousePosition":[685,374],"_rootPartCFrame":[744.642,233.46,47.429,-0.033,0,0.999,0,1,0,-0.999,0,-0.033],"_humanoidState":5,"_cameraCFrame":[751.44,249.581,47.289,-0.021,-0.907,0.422,0,0.422,0.907,-1,0.019,-0.009],"_shiftlockState":false,"_pose":"FreeFall","_animationQueue":[],"_animationSpeed":1,"_zoom":16.125},{"_mousePosition":[685,374],"_rootPartCFrame":[744.375,233.941,47.435,-0.032,0,1,0,1,0,-1,0,-0.032],"_humanoidState":5,"_cameraCFrame":[751.174,250.063,47.311,-0.018,-0.907,0.422,0,0.422,0.907,-1,0.016,-0.008],"_shiftlockState":false,"_pose":"FreeFall","_animationQueue":[],"_animationSpeed":1,"_zoom":16.125},{"_mousePosition":[685,374],"_rootPartCFrame":[744.109,234.368,47.44,-0.03,0,1,0,1,0,-1,0,-0.03],"_humanoidState":5,"_cameraCFrame":[750.908,250.489,47.317,-0.018,-0.907,0.422,0,0.422,0.907,-1,0.016,-0.008],"_shiftlockState":false,"_pose":"FreeFall","_animationQueue":[],"_animationSpeed":1,"_zoom":16.125},{"_mousePosition":[685,374],"_rootPartCFrame":[743.776,234.825,47.446,-0.028,0,1,0,1,0,-1,0,-0.028],"_humanoidState":5,"_cameraCFrame":[750.574,250.946,47.323,-0.018,-0.907,0.422,0,0.422,0.907,-1,0.016,-0.008],"_shiftlockState":false,"_pose":"FreeFall","_animationQueue":[],"_animationSpeed":1,"_zoom":16.125},{"_mousePosition":[685,374],"_rootPartCFrame":[743.576,235.059,47.45,-0.027,0,1,0,1,0,-1,0,-0.027],"_humanoidState":5,"_cameraCFrame":[750.374,251.18,47.327,-0.018,-0.907,0.422,0,0.422,0.907,-1,0.016,-0.008],"_shiftlockState":false,"_pose":"FreeFall","_animationQueue":[],"_animationSpeed":1,"_zoom":16.125},{"_mousePosition":[685,374],"_rootPartCFrame":[743.309,235.322,47.455,-0.026,0,1,0,1,0,-1,0,-0.026],"_humanoidState":5,"_cameraCFrame":[750.108,251.443,47.331,-0.018,-0.907,0.422,0,0.422,0.907,-1,0.016,-0.008],"_shiftlockState":false,"_pose":"FreeFall","_animationQueue":[],"_animationSpeed":1,"_zoom":16.125},{"_mousePosition":[685,374],"_rootPartCFrame":[743.042,235.531,47.46,-0.025,0,1,0,1,0,-1,0,-0.025],"_humanoidState":5,"_cameraCFrame":[749.841,251.652,47.336,-0.018,-0.907,0.422,0,0.422,0.907,-1,0.016,-0.008],"_shiftlockState":false,"_pose":"FreeFall","_animationQueue":[],"_animationSpeed":1,"_zoom":16.125},{"_mousePosition":[685,374],"_rootPartCFrame":[742.776,235.685,47.465,-0.024,0,1,0,1,0,-1,0,-0.024],"_humanoidState":5,"_cameraCFrame":[749.575,251.806,47.341,-0.018,-0.907,0.422,0,0.422,0.907,-1,0.016,-0.008],"_shiftlockState":false,"_pose":"FreeFall","_animationQueue":[],"_animationSpeed":1,"_zoom":16.125},{"_mousePosition":[685,374],"_rootPartCFrame":[742.509,235.785,47.469,-0.023,0,1,0,1,0,-1,0,-0.023],"_humanoidState":5,"_cameraCFrame":[749.308,251.906,47.346,-0.018,-0.907,0.422,0,0.422,0.907,-1,0.016,-0.008],"_shiftlockState":false,"_pose":"FreeFall","_animationQueue":[],"_animationSpeed":1,"_zoom":16.125},{"_mousePosition":[685,374],"_rootPartCFrame":[742.243,235.831,47.474,-0.0