[{"_mousePosition":[1122,372],"_rootPartCFrame":[776.034,222.962,47.142,-0.001,-0.007,1,0,1,0.007,-1,0,-0.001],"_humanoidState":8,"_cameraCFrame":[777.906,239.413,37.115,-0.983,-0.152,0.104,0,0.564,0.826,-0.185,0.812,-0.554],"_shiftlockState":false,"_pose":"Standing","_animationQueue":[],"_animationSpeed":1,"_zoom":18.1},{"_mousePosition":[1155,387],"_rootPartCFrame":[775.866,222.874,47.11,0.017,-0.002,1,0,1,0.002,-1,0,0.017],"_humanoidState":8,"_cameraCFrame":[777.745,239.324,37.083,-0.983,-0.152,0.104,0,0.564,0.826,-0.185,0.812,-0.554],"_shiftlockState":false,"_pose":"Standing","_animationQueue":[],"_animationSpeed":1,"_zoom":18.1},{"_mousePosition":[1180,398],"_rootPartCFrame":[775.605,222.724,47.062,0.04,0,0.999,0,1,0,-0.999,0,0.04],"_humanoidState":8,"_cameraCFrame":[777.488,239.175,37.034,-0.983,-0.152,0.104,0,0.564,0.826,-0.185,0.812,-0.554],"_shiftlockState":false,"_pose":"Running","_animationQueue":[["walk",0.1]],"_animationSpeed":1,"_zoom":18.1},{"_mousePosition":[1206,410],"_rootPartCFrame":[775.343,222.612,47.012,0.06,0,0.998,0,1,0,-0.998,0,0.06],"_humanoidState":8,"_cameraCFrame":[777.226,239.063,36.985,-0.983,-0.152,0.104,0,0.564,0.826,-0.185,0.812,-0.554],"_shiftlockState":false,"_pose":"Running","_animationQueue":[["walk",0.1]],"_animationSpeed":1.104,"_zoom":18.1},{"_mousePosition":[1231,422],"_rootPartCFrame":[775.081,222.637,46.963,0.077,0,0.997,0,1,0,-0.997,0,0.077],"_humanoidState":8,"_cameraCFrame":[776.963,239.087,36.936,-0.983,-0.152,0.104,0,0.564,0.826,-0.185,0.812,-0.554],"_shiftlockState":false,"_pose":"Running","_animationQueue":[],"_animationSpeed":1.104,"_zoom":18.1},{"_mousePosition":[1270,437],"_rootPartCFrame":[774.819,222.663,46.914,0.091,0,0.996,0,1,0,-0.996,0,0.091],"_humanoidState":8,"_cameraCFrame":[776.701,239.114,36.887,-0.983,-0.152,0.104,0,0.564,0.826,-0.185,0.812,-0.554],"_shiftlockState":false,"_pose":"Running","_animationQueue":[["walk",0.1]],"_animationSpeed":1.104,"_zoom":18.1},{"_mousePosition":[1291,445],"_rootPartCFrame":[774.557,222.68,46.865,0.104,0,0.995,0,1,0,-0.995,0,0.104],"_humanoidState":8,"_cameraCFrame":[776.439,239.13,36.837,-0.983,-0.152,0.104,0,0.564,0.826,-0.185,0.812,-0.554],"_shiftlockState":false,"_pose":"Running","_animationQueue":[],"_animationSpeed":1.104,"_zoom":18.1},{"_mousePosition":[1327,458],"_rootPartCFrame":[774.295,222.689,46.816,0.115,0,0.993,0,1,0,-0.993,0,0.115],"_humanoidState":8,"_cameraCFrame":[776.177,239.139,36.788,-0.983,-0.152,0.104,0,0.564,0.826,-0.185,0.812,-0.554],"_shiftlockState":false,"_pose":"Running","_animationQueue":[],"_animationSpeed":1.104,"_zoom":18.1},{"_mousePosition":[1353,467],"_rootPartCFrame":[774.033,222.694,46.766,0.124,0,0.992,0,1,0,-0.992,0,0.124],"_humanoidState":8,"_cameraCFrame":[775.915,239.144,36.739,-0.983,-0.152,0.104,0,0.564,0.826,-0.185,0.812,-0.554],"_shiftlockState":false,"_pose":"Running","_animationQueue":[],"_animationSpeed":1.104,"_zoom":18.1},{"_mousePosition":[1365,477],"_rootPartCFrame":[773.771,222.697,46.717,0.133,0,0.991,0,1,0,-0.991,0,0.133],"_humanoidState":8,"_cameraCFrame":[773.933,239.147,36.367,-0.983,-0.152,0.104,0,0.564,0.826,-0.185,0.812,-0.554],"_shiftlockState":true,"_pose":"Running","_animationQueue":[],"_animationSpeed":1.104,"_zoom":18.1},{"_mousePosition":[683,352.5],"_rootPartCFrame":[773.443,222.698,46.656,-0.996,0,0.095,0,1,0,-0.095,0,-0.996],"_humanoidState":8,"_cameraCFrame":[773.605,239.149,36.305,-0.983,-0.152,0.104,0,0.564,0.826,-0.185,0.812,-0.554],"_shiftlockState":true,"_pose":"Running","_animationQueue":[],"_animationSpeed":1.104,"_zoom":18.1},{"_mousePosition":[683,352.5],"_rootPartCFrame":[773.246,222.699,46.619,-0.987,0,0.159,0,1,0,-0.159,0,-0.987],"_humanoidState":8,"_cameraCFrame":[773.606,239.247,36.417,-0.979,-0.171,0.115,0,0.556,0.831,-0.206,0.814,-0.544],"_shiftlockState":true,"_pose":"Running","_animationQueue":[["walk",0.1]],"_animationSpeed":1.104,"_zoom":18.1},{"_mousePosition":[683,352.5],"_rootPartCFrame":[772.918,222.699,46.557,-0.98,0,0.2,0,1,0,-0.2,0,-0.98],"_humanoidState":8,"_cameraCFrame":[773.469,239.344,36.508,-0.974,-0.19,0.125,0,0.548,0.837,-0.228,0.815,-0.533],"_shiftlockState":true,"_pose":"Running","_animationQueue":[],"_animationSpeed":1.104,"_zoom":18.1},{"_mousePosition":[683,352.5],"_rootPartCFrame":[772.788,222.699,46.53,-0.974,0,0.227,0,1,0,-0.227,0,-0.974],"_humanoidState":8,"_cameraCFrame":[773.601,239.502,36.741,-0.966,-0.219,0.138,0,0.534,0.845,-0.259,0.817,-0.516],"_shiftlockState":true,"_pose":"Running","_animationQueue":[],"_animationSpeed":1.104,"_zoom":18.1},{"_mousePosition":[683,352.5],"_rootPartCFrame":[772.398,222.7,46.44,-0.966,0,0.259,0,1,0,-0.259,0,-0.966],"_humanoidState":8,"_cameraCFrame":[773.361,239.58,36.787,-0.961,-0.236,0.146,0,0.527,0.85,-0.277,0.816,-0.507],"_shiftlockState":true,"_pose":"Running","_animationQueue":[],"_animationSpeed":1.104,"_zoom":18.1},{"_mousePosition":[683,352.5],"_rootPartCFrame":[772.269,222.7,46.407,-0.961,0,0.277,0,1,0,-0.277,0,-0.961],"_humanoidState":8,"_cameraCFrame":[773.308,239.656,36.885,-0.958,-0.246,0.15,0,0.52,0.854,-0.288,0.818,-0.498],"_shiftlockState":true,"_pose":"Running","_animationQueue":[],"_animationSpeed":1.104,"_zoom":18.1},{"_mousePosition":[683,352.5],"_rootPartCFrame":[771.948,222.7,46.316,-0.958,0,0.288,0,1,0,-0.288,0,-0.958],"_humanoidState":8,"_cameraCFrame":[772.997,239.739,36.93,-0.956,-0.252,0.15,0,0.513,0.859,-0.293,0.821,-0.49],"_shiftlockState":true,"_pose":"Running","_animationQueue":[],"_animationSpeed":1.104,"_zoom":18.1},{"_mousePosition":[683,352.5],"_rootPartCFrame":[771.757,222.7,46.258,-0.956,0,0.293,0,1,0,-0.293,0,-0.956],"_humanoidState":8,"_cameraCFrame":[772.842,239.931,37.201,-0.952,-0.267,0.152,0,0.495,0.869,-0.307,0.827,-0.471],"_shiftlockState":true,"_pose":"Running","_animationQueue":[],"_animationSpeed":1.104,"_zoom":18.1},{"_mousePosition":[683,352.5],"_rootPartCFrame":[771.311,222.7,46.122,-0.952,0,0.307,0,1,0,-0.307,0,-0.952],"_humanoidState":8,"_cameraCFrame":[772.459,240.052,37.286,-0.947,-0.281,0.155,0,0.483,0.876,-0.321,0.829,-0.457],"_shiftlockState":true,"_pose":"Running","_animationQueue":[["walk",0.1]],"_animationSpeed":1.104,"_zoom":18.1},{"_mousePosition":[683,352.5],"_rootPartCFrame":[771.247,222.7,46.102,-0.947,0,0.321,0,1,0,-0.321,0,-0.947],"_humanoidState":8,"_cameraCFrame":[772.395,240.052,37.266,-0.947,-0.281,0.155,0,0.483,0.876,-0.321,0.829,-0.457],"_shiftlockState":true,"_pose":"Running","_animationQueue":[],"_animationSpeed":1.104,"_zoom":18.1},{"_mousePosition":[683,352.5],"_rootPartCFrame":[770.931,222.7,45.995,-0.947,0,0.321,0,1,0,-0.321,0,-0.947],"_humanoidState":8,"_cameraCFrame":[772.079,240.052,37.16,-0.947,-0.281,0.155,0,0.483,0.876,-0.321,0.829,-0.457],"_shiftlockState":true,"_pose":"Running","_animationQueue":[],"_animationSpeed":1.104,"_zoom":18.1},{"_mousePosition":[683,352.5],"_rootPartCFrame":[770.742,223.359,45.931,-0.947,0,0.321,0,1,0,-0.321,0,-0.947],"_humanoidState":3,"_cameraCFrame":[771.89,240.711,37.096,-0.947,-0.281,0.155,0,0.483,0.876,-0.321,0.829,-0.457],"_shiftlockState":true,"_pose":"Jumping","_animationQueue":[["walk",0.1],["jump",0.1]],"_animationSpeed":1,"_zoom":18.1},{"_mousePosition":[683,352.5],"_rootPartCFrame":[770.426,224.395,45.824,-0.9,0,0.435,0,1,0,-0.435,0,-0.9],"_humanoidState":5,"_cameraCFrame":[771.575,241.747,36.989,-0.947,-0.281,0.155,0,0.483,0.876,-0.321,0.829,-0.457],"_shiftlockState":true,"_pose":"FreeFall","_animationQueue":[["jump",0.1]],"_animationSpeed":1,"_zoom":18.1},{"_mousePosition":[683,352.5],"_rootPartCFrame":[770.174,225.162,45.738,-0.897,0,0.442,0,1,0,-0.442,0,-0.897],"_humanoidState":5,"_cameraCFrame":[771.322,242.514,36.903,-0.947,-0.281,0.155,0,0.483,0.876,-0.321,0.829,-0.457],"_shiftlockState":true,"_pose":"FreeFall","_animationQueue":[],"_animationSpeed":1,"_zoom":18.1},{"_mousePosition":[683,352.5],"_rootPartCFrame":[769.921,225.875,45.653,-0.896,0,0.444,0,1,0,-0.444,0,-0.896],"_humanoidState":5,"_cameraCFrame":[771.07,243.228,36.817,-0.947,-0.281,0.155,0,0.483,0.876,-0.321,0.829,-0.457],"_shiftlockState":true,"_pose":"FreeFall","_animationQueue":[],"_animationSpeed":1,"_zoom":18.1},{"_mousePosition":[683,352.5],"_rootPartCFrame":[769.353,227.28,45.46,-0.81,0,0.587,0,1,0,-0.587,0,-0.81],"_humanoidState":5,"_cameraCFrame":[770.502,244.633,36.625,-0.947,-0.281,0.155,0,0.483,0.876,-0.321,0.829,-0.457],"_shiftlockState":true,"_pose":"FreeFall","_animationQueue":[],"_animationSpeed":1,"_zoom":18.1},{"_mousePosition":[683,352.5],"_rootPartCFrame":[769.164,227.687,45.396,-0.91,0,0.414,0,1,0,-0.414,0,-0.91],"_humanoidState":5,"_cameraCFrame":[770.253,245.047,36.566,-0.949,-0.276,0.152,0,0.482,0.876,-0.315,0.832,-0.457],"_shiftlockState":true,"_pose":"FreeFall","_animationQueue":[],"_animationSpeed":1,"_zoom":18.1},{"_mousePosition":[683,352.5],"_rootPartCFrame":[768.912,228.182,45.31,-0.899,0,0.438,0,1,0,-0.438,0,-0.899],"_humanoidState":5,"_cameraCFrame":[769.99,245.591,36.567,-0.948,-0.279,0.151,0,0.477,0.879,-0.317,0.834,-0.452],"_shiftlockState":true,"_pose":"FreeFall","_animationQueue":[],"_animationSpeed":1,"_zoom":18.1},{"_mousePosition":[683,352.5],"_rootPartCFrame":[768.722,228.518,45.247,-0.912,0,0.41,0,1,0,-0.41,0,-0.912],"_humanoidState":5,"_cameraCFrame":[770.451,246.043,36.828,-0.918,-0.351,0.184,0,0.465,0.885,-0.396,0.813,-0.427],"_shiftlockState":true,"_pose":"FreeFall","_animationQueue":[],"_animationSpeed":1,"_zoom":18.1},{"_mousePosition":[683,352.5],"_rootPartCFrame":[768.279,229.181,45.099,-0.802,0,0.598,0,1,0,-0.598,0,-0.802],"_humanoidState":5,"_cameraCFrame":[770.466,246.794,36.958,-0.891,-0.404,0.207,0,0.456,0.89,-0.454,0.793,-0.406],"_shiftlockState":true,"_pose":"FreeFall","_animationQueue":[],"_animationSpeed":1,"_zoom":18.1},{"_mousePosition":[683,352.5],"_rootPartCFrame":[768.155,229.34,45.05,-0.859,0,0.512,0,1,0,-0.512,0,-0.859],"_humanoidState":5,"_cameraCFrame":[770.7,247.051,37.214,-0.864,-0.451,0.224,0,0.445,0.896,-0.504,0.774,-0.384],"_shiftlockState":true,"_pose":"FreeFall","_animationQueue":[],"_animationSpeed":1,"_zoom":18.1},{"_mousePosition":[683,352.5],"_rootPartCFrame":[767.856,229.678,44.903,-0.768,0,0.64,0,1,0,-0.64,0,-0.768],"_humanoidState":5,"_cameraCFrame":[770.602,247.415,37.189,-0.849,-0.474,0.234,0,0.442,0.897,-0.529,0.761,-0.375],"_shiftlockState":true,"_pose":"FreeFall","_animationQueue":[],"_animationSpeed":1,"_zoom":18.1},{"_mousePosition":[683,352.5],"_rootPartCFrame":[767.74,229.789,44.838,-0.812,0,0.584,0,1,0,-0.584,0,-0.812],"_humanoidState":5,"_cameraCFrame":[770.534,247.526,37.141,-0.845,-0.479,0.236,0,0.442,0.897,-0.534,0.758,-0.374],"_shiftlockState":true,"_pose":"FreeFall","_animationQueue":[],"_animationSpeed":1,"_zoom":18.1},{"_mousePosition":[683,352.5],"_rootPartCFrame":[767.457,230.008,44.663,-0.745,0,0.667,0,1,0,-0.667,0,-0.745],"_humanoidState":5,"_cameraCFrame":[770.25,247.745,36.966,-0.845,-0.479,0.236,0,0.442,0.897,-0.534,0.758,-0.374],"_shiftlockState":true,"_pose":"FreeFall","_animationQueue":[],"_animationSpeed":1,"_zoom":18.1},{"_mousePosition":[683,352.5],"_rootPartCFrame":[767.287,230.098,44.556,-0.788,0,0.616,0,1,0,-0.616,0,-0.788],"_humanoidState":5,"_cameraCFrame":[770.025,247.835,36.839,-0.849,-0.474,0.233,0,0.442,0.897,-0.528,0.762,-0.375],"_shiftlockState":true,"_pose":"FreeFall","_animationQueue":[],"_animationSpeed":1,"_zoom":18.1},{"_mousePosition":[683,352.5],"_rootPartCFrame":[766.949,230.187,44.342,-0.727,0,0.686,0,1,0,-0.686,0,-0.727],"_humanoidState":5,"_cameraCFrame":[769.497,247.751,36.698,-0.857,-0.462,0.226,0,0.44,0.898,-0.515,0.77,-0.377],"_shiftlockState":true,"_pose":"FreeFall","_animationQueue":[],"_animationSpeed":1,"_zoom":14.08},{"_mousePosition":[683,352.5],"_rootPartCFrame":[766.836,230.189,44.272,-0.821,0,0.571,0,1,0,-0.571,0,-0.821],"_humanoidState":5,"_cameraCFrame":[769.097,247.204,36.843,-0.866,-0.449,0.219,0,0.438,0.899,-0.499,0.779,-0.38],"_shiftlockState":true,"_pose":"FreeFall","_animationQueue":[],"_animationSpeed":1,"_zoom":14.08},{"_mousePosition":[683,352.5],"_rootPartCFrame":[766.551,230.135,44.1,-0.772,0,0.636,0,1,0,-0.636,0,-0.772],"_humanoidState":5,"_cameraCFrame":[768.502,246.524,36.906,-0.877,-0.433,0.21,0,0.438,0.899,-0.481,0.788,-0.384],"_shiftlockState":true,"_pose":"FreeFall","_animationQueue":[],"_animationSpeed":1,"_zoom":14.08},{"_mousePosition":[683,352.5],"_rootPartCFrame":[766.32,230.031,43.966,-0.805,0,0.593,0,1,0,-0.593,0,-0.805],"_humanoidState":5,"_cameraCFrame":[767.963,245.841,37.019,-0.887,-0.416,0.201,0,0.435,0.9,-0.462,0.799,-0.386],"_shiftlockState":true,"_pose":"FreeFall","_animationQueue":[["fall",0.3]],"_animationSpeed":1,"_zoom":14.08},{"_mousePosition":[683,352.5],"_rootPartCFrame":[766.087,229.872,43.837,-0.818,0,0.575,0,1,0,-0.575,0,-0.818],"_humanoidState":5,"_cameraCFrame":[767.512,245.269,37.081,-0.894,-0.403,0.194,0,0.433,0.901,-0.448,0.806,-0.387],"_shiftlockState":true,"_pose":"FreeFall","_animationQueue":[],"_animationSpeed":1,"_zoom":14.08},{"_mousePosition":[683,352.5],"_rootPartCFrame":[765.851,229.658,43.713,-0.827,0,0.562,0,1,0,-0.562,0,-0.827],"_humanoidState":5,"_cameraCFrame":[767.128,244.714,37.115,-0.898,-0.396,0.19,0,0.432,0.902,-0.439,0.81,-0.388],"_shiftlockState":true,"_pose":"FreeFall","_animationQueue":[],"_animationSpeed":1,"_zoom":14.08},{"_mousePosition":[683,352.5],"_rootPartCFrame":[765.612,229.39,43.593,-0.832,0,0.555,0,1,0,-0.555,0,-0.832],"_humanoidState":5,"_cameraCFrame":[766.775,244.21,37.11,-0.902,-0.39,0.186,0,0.43,0.903,-0.432,0.814,-0.388],"_shiftlockState":true,"_pose":"FreeFall","_animationQueue":[],"_animationSpeed":1,"_zoom":14.08},{"_mousePosition":[683,352.5],"_rootPartCFrame":[765.433,229.153,43.505,-0.854,0,0.519,0,1,0,-0.519,0,-0.854],"_humanoidState":5,"_cameraCFrame":[766.44,243.794,37.105,-0.909,-0.376,0.179,0,0.429,0.903,-0.416,0.821,-0.39],"_shiftlockState":true,"_pose":"FreeFall","_animationQueue":[],"_animationSpeed":1,"_zoom":14.08},{"_mousePosition":[683,352.5],"_rootPartCFrame":[765.072,228.588,43.332,-0.808,0,0.589,0,1,0,-0.589,0,-0.808],"_humanoidState":5,"_cameraCFrame":[765.871,243.121,37.002,-0.92,-0.355,0.167,0,0.426,0.905,-0.393,0.832,-0.392],"_shiftlockState":true,"_pose":"FreeFall","_animationQueue":[],"_animationSpeed":1,"_zoom":14.08},{"_mousePosition":[683,352.5],"_rootPartCFrame":[764.951,228.372,43.276,-0.892,0,0.453,0,1,0,-0.453,0,-0.892],"_humanoidState":5,"_cameraCFrame":[765.469,242.83,37.012,-0.934,-0.323,0.151,0,0.422,0.906,-0.357,0.847,-0.395],"_shiftlockState":true,"_pose":"FreeFall","_animationQueue":[],"_animationSpeed":1,"_zoom":14.08},{"_mousePosition":[683,352.5],"_rootPartCFrame":[764.645,227.773,43.144,-0.862,0,0.507,0,1,0,-0.507,0,-0.862],"_humanoidState":5,"_cameraCFrame":[764.901,242.194,36.942,-0.947,-0.292,0.134,0,0.419,0.908,-0.321,0.86,-0.396],"_shiftlockState":true,"_pose":"FreeFall","_animationQueue":[["fall",0.3]],"_animationSpeed":1,"_zoom":14.08},{"_mousePosition":[683,352.5],"_rootPartCFrame":[764.459,227.373,43.071,-0.91,0,0.414,0,1,0,-0.414,0,-0.91],"_humanoidState":5,"_cameraCFrame":[764.453,241.775,36.932,-0.959,-0.259,0.118,0,0.415,0.91,-0.284,0.872,-0.398],"_shiftlockState":true,"_pose":"FreeFall","_animationQueue":[],"_animationSpeed":1,"_zoom":14.08},{"_mousePosition":[683,352.5],"_rootPartCFrame":[764.144,226.638,42.963,-0.898,0,0.439,0,1,0,-0.439,0,-0.898],"_humanoidState":5,"_cameraCFrame":[763.833,241.031,36.896,-0.971,-0.218,0.098,0,0.411,0.912,-0.239,0.885,-0.399],"_shiftlockState":true,"_pose":"FreeFall","_animationQueue":[],"_animationSpeed":1,"_zoom":14.08},{"_mousePosition":[683,352.5],"_rootPartCFrame":[763.98,226.55,42.913,-0.963,0,0.268,0,1,0,-0.268,0,-0.963],"_humanoidState":7,"_cameraCFrame":[763.383,240.939,36.905,-0.981,-0.177,0.079,0,0.409,0.913,-0.194,0.895,-0.401],"_shiftlockState":true,"_pose":"FreeFall","_animationQueue":[["walk",0.1],["fall",0.3],["fall",0.3]],"_animationSpeed":1,"_zoom":14.08},{"_mousePosition":[683,352.5],"_rootPartCFrame":[763.663,226.545,42.833,-0.98,0,0.199,0,1,0,-0.199,0,-0.98],"_humanoidState":7,"_cameraCFrame":[762.787,240.925,36.876,-0.989,-0.135,0.061,0,0.408,0.913,-0.148,0.903,-0.404],"_shiftlockState":true,"_pose":"FreeFall","_animationQueue":[],"_animationSpeed":1,"_zoom":14.08},{"_mousePosition":[683,352.5],"_rootPartCFrame":[763.556,226.545,42.811,-0.989,0,0.148,0,1,0,-0.148,0,-0.989],"_humanoidState":7,"_cameraCFrame":[762.362,240.921,36.923,-0.995,-0.087,0.039,0,0.408,0.913,-0.095,0.909,-0.406],"_shiftlockState":true,"_pose":"FreeFall","_animationQueue":[],"_animationSpeed":1,"_zoom":14.08},{"_mousePosition":[683,352.5],"_rootPartCFrame":[763.235,226.545,42.761,-0.995,0,0.095,0,1,0,-0.095,0,-0.995],"_humanoidState":8,"_cameraCFrame":[761.869,240.919,36.924,-0.998,-0.06,0.027,0,0.407,0.913,-0.066,0.911,-0.406],"_shiftlockState":true,"_pose":"Running","_animationQueue":[["walk",0.1],["fall",0.3],["walk",0.1]],"_animationSpeed":0.899,"_zoom":14.08},{"_mousePosition":[683,352.5],"_rootPartCFrame":[763.021,227.419,42.729,-0.998,0,0.066,0,1,0,-0.066,0,-0.998],"_humanoidState":3,"_cameraCFrame":[761.514,241.793,36.939,-0.999,-0.038,0.017,0,0.406,0.914,-0.042,0.913,-0.406],"_shiftlockState":true,"_pose":"Jumping","_animationQueue":[["walk",0.1],["walk",0.1],["jump",0.1]],"_animationSpeed":1,"_zoom":14.08},{"_mousePosition":[683,352.5],"_rootPartCFrame":[762.718,228.438,42.699,-0.986,0,0.164,0,1,0,-0.164,0,-0.986],"_humanoidState":5,"_cameraCFrame":[761.144,242.809,36.927,-1,-0.028,0.012,0,0.406,0.914,-0.031,0.913,-0.406],"_shiftlockState":true,"_pose":"FreeFall","_animationQueue":[["jump",0.1]],"_animationSpeed":1,"_zoom":14.08},{"_mousePosition":[683,352.5],"_rootPartCFrame":[762.586,228.821,42.692,-0.995,0,0.095,0,1,0,-0.095,0,-0.995],"_humanoidState":5,"_cameraCFrame":[760.975,243.196,36.942,-1,-0.022,0.01,0,0.405,0.914,-0.024,0.914,-0.405],"_shiftlockState":true,"_pose":"FreeFall","_animationQueue":[],"_animationSpeed":1,"_zoom":14.08},{"_mousePosition":[683,352.5],"_rootPartCFrame":[762.252,229.721,42.681,-0.982,0,0.189,0,1,0,-0.189,0,-0.982],"_humanoidState":5,"_cameraCFrame":[760.612,244.095,36.94,-1,-0.017,0.008,0,0.405,0.914,-0.019,0.914,-0.405],"_shiftlockState":true,"_pose":"FreeFall","_animationQueue":[],"_animationSpeed":1,"_zoom":14.08},{"_mousePosition":[683,352.5],"_rootPartCFrame":[761.986,230.38,42.674,-0.988,0,0.152,0,1,0,-0.152,0,-0.988],"_humanoidState":5,"_cameraCFrame":[760.321,244.752,36.941,-1,-0.014,0.006,0,0.405,0.914,-0.015,0.914,-0.405],"_shiftlockState":true,"_pose":"FreeFall","_animationQueue":[],"_animationSpeed":1,"_zoom":14.08},{"_mousePosition":[683,352.5],"_rootPartCFrame":[761.719,230.984,42.669,-0.989,0,0.148,0,1,0,-0.148,0,-0.989],"_humanoidState":5,"_cameraCFrame":[760.054,245.356,36.935,-1,-0.014,0.006,0,0.405,0.914,-0.015,0.914,-0.405],"_shiftlockState":true,"_pose":"FreeFall","_animationQueue":[],"_animationSpeed":1,"_zoom":14.08},{"_mousePosition":[683,352.5],"_rootPartCFrame":[761.519,231.401,42.666,-0.993,0,0.115,0,1,0,-0.115,0,-0.993],"_humanoidState":5,"_cameraCFrame":[759.848,245.773,36.934,-1,-0.013,0.006,0,0.405,0.914,-0.014,0.914,-0.405],"_shiftlockState":true,"_pose":"FreeFall","_animationQueue":[],"_animationSpeed":1,"_zoom":14.08},{"_mousePosition":[683,352.5],"_rootPartCFrame":[761.186,232.028,42.661,-0.984,0,0.179,0,1,0,-0.179,0,-0.984],"_humanoidState":5,"_cameraCFrame":[759.503,246.4,36.933,-1,-0.011,0.005,0,0.405,0.914,-0.012,0.914,-0.405],"_shiftlockState":true,"_pose":"FreeFall","_animationQueue":[],"_animationSpeed":1,"_zoom":14.08},{"_mousePosition":[683,352.5],"_rootPartCFrame":[760.986,232.364,42.658,-0.994,0,0.111,0,1,0,-0.111,0,-0.994],"_humanoidState":5,"_cameraCFrame":[759.291,246.735,36.934,-1,-0.009,0.004,0,0.405,0.914,-0.01,0.914,-0.405],"_shiftlockState":true,"_pose":"FreeFall","_animationQueue":[],"_animationSpeed":1,"_zoom":14.08},{"_mousePosition":[683,352.5],"_rootPartCFrame":[760.653,232.855,42.654,-0.985,0,0.175,0,1,0,-0.175,0,-0.985],"_humanoidState":5,"_cameraCFrame":[758.952,247.226,36.931,-1,-0.008,0.003,0,0.405,0.914,-0.009,0.914,-0.405],"_shiftlockState":true,"_pose":"FreeFall","_animationQueue":[],"_animationSpeed":1,"_zoom":14.08},{"_mousePosition":[683,352.5],"_rootPartCFrame":[760.453,233.109,42.652,-0.994,0,0.108,0,1,0,-0.108,0,-0.994],"_humanoidState":5,"_cameraCFrame":[758.752,247.48,36.929,-1,-0.008,0.003,0,0.405,0.914,-0.009,0.914,-0.405],"_shiftlockState":true,"_pose":"FreeFall","_animationQueue":[],"_animationSpeed":1,"_zoom":14.08},{"_mousePosition":[683,352.5],"_rootPartCFrame":[760.12,233.463,42.649,-0.985,0,0.174,0,1,0,-0.174,0,-0.985],"_humanoidState":5,"_cameraCFrame":[758.419,247.835,36.927,-1,-0.008,0.003,0,0.405,0.914,-0.009,0.914,-0.405],"_shiftlockState":true,"_pose":"FreeFall","_animationQueue":[],"_animationSpeed":1,"_zoom":14.08},{"_mousePosition":[683,352.5],"_rootPartCFrame":[759.92,233.635,42.648,-0.994,0,0.108,0,1,0,-0.108,0,-0.994],"_humanoidState":5,"_cameraCFrame":[758.219,248.007,36.925,-1,-0.008,0.003,0,0.405,0.914,-0.009,0.914,-0.405],"_shiftlockState":true,"_pose":"FreeFall","_animationQueue":[],"_animationSpeed":1,"_zoom":14.08},{"_mousePosition":[683,352.5],"_rootPartCFrame":[759.653,233.817,42.645,-0.99,0,0.141,0,1,0,-0.141,0,-0.99],"_humanoidState":5,"_cameraCFrame":[757.952,248.188,36.923,-1,-0.008,0.003,0,0.405,0.914,-0.009,0.914,-0.405],"_shiftlockState":true,"_pose":"FreeFall","_animationQueue":[],"_animationSpeed":1,"_zoom":14.08},{"_mousePosition":[683,352.5],"_rootPartCFrame":[759.386,233.944,42.643,-0.99,0,0.141,0,1,0,-0.141,0,-0.99],"_humanoidState":5,"_cameraCFrame":[757.686,248.315,36.92,-1,-0.008,0.003,0,0.405,0.914,-0.009,0.914,-0.405],"_shiftlockState":true,"_pose":"FreeFall","_animationQueue":[],"_animationSpeed":1,"_zoom":14.08},{"_mousePosition":[683,352.5],"_rootPartCFrame":[759.12,234.017,42.641,-0.99,0,0.141,0,1,0,-0.141,0,-0.99],"_humanoidState":5,"_cameraCFrame":[757.419,248.388,36.918,-1,-0.008,0.003,0,0.405,0.914,-0.009,0.914,-0.405],"_shiftlockState":true,"_pose":"FreeFall","_animationQueue":[],"_animationSpeed":1,"_zoom":14.08},{"_mousePosition":[683,352.5],"_rootPartCFrame":[758.853,234.035,42.638,-0.99,0,0.141,0,1,0,-0.141,0,-0.99],"_humanoidState":5,"_cameraCFrame":[757.152,248.406,36.916,-1,-0.008,0.003,0,0.405,0.914,-0.009,0.914,-0.405],"_shiftlockState":true,"_pose":"FreeFall","_animationQueue":[],"_animationSpeed":1,"_zoom":14.08},{"_mousePosition":[683,352.5],"_rootPartCFrame":[758.52,233.981,42.636,-0.985,0,0.174,0,1,0,-0.174,0,-0.985],"_humanoidState":5,"_cameraCFrame":[756.819,248.352,36.913,-1,-0.008,0.003,0,0.405,0.914,-0.009,0.914,-0.405],"_shiftlockState":true,"_pose":"FreeFall","_animationQueue":[],"_animationSpeed":1,"_zoom":14.08},{"_mousePosition":[683,352.5],"_rootPartCFrame":[758.32,233.908,42.634,-0.994,0,0.108,0,1,0,-0.108,0,-0.994],"_humanoidState":5,"_cameraCFrame":[756.619,248.279,36.911,-1,-0.008,0.003,0,0.405,0.914,-0.009,0.914,-0.405],"_shiftlockState":true,"_pose":"FreeFall","_animationQueue":[],"_animationSpeed":1,"_zoom":14.08},{"_mousePosition":[683,352.5],"_rootPartCFrame":[758.053,233.762,42.632,-0.99,0,0.141,0,1,0,-0.141,0,-0.99],"_humanoidState":5,"_cameraCFrame":[756.353,248.134,36.909,-1,-0.008,0.003,0,0.405,0.914,-0.009,0.914,-0.405],"_shiftlockState":true,"_pose":"FreeFall","_animationQueue":[],"_animationSpeed":1,"_zoom":14.08},{"_mousePosition":[683,352.5],"_rootPartCFrame":[757.787,233.562,42.629,-0.99,0,0.141,0,1,0,-0.141,0,-0.99],"_humanoidState":5,"_cameraCFrame":[756.086,247.934,36.907,-1,-0.008,0.003,0,0.405,0.914,-0.009,0.914,-0.405],"_shiftlockState":true,"_pose":"FreeFall","_animationQueue":[["fall",0.3]],"_animationSpeed":1,"_zoom":14.08},{"_mousePosition":[683,352.5],"_rootPartCFrame":[757.454,233.236,42.626,-0.985,0,0.174,0,1,0,-0.174,0,-0.985],"_humanoidState":5,"_cameraCFrame":[755.753,247.607,36.904,-1,-0.008,0.003,0,0.405,0.914,-0.009,0.914,-0.405],"_shiftlockState":true,"_pose":"FreeFall","_animationQueue":[],"_animationSpeed":1,"_zoom":14.08},{"_mousePosition":[683,352.5],"_rootPartCFrame":[757.254,232.999,42.625,-0.994,0,0.108,0,1,0,-0.108,0,-0.994],"_humanoidState":5,"_cameraCFrame":[755.553,247.37,36.902,-1,-0.008,0.003,0,0.405,0.914,-0.009,0.914,-0.405],"_shiftlockState":true,"_pose":"FreeFall","_animationQueue":[],"_animationSpeed":1,"_zoom":14.08},{"_mousePosition":[683,352.5],"_rootPartCFrame":[756.92,232.537,42.622,-0.985,0,0.174,0,1,0,-0.174,0,-0.985],"_humanoidState":5,"_cameraCFrame":[755.275,246.871,36.8,-1,-0.016,0.007,0,0.411,0.912,-0.018,0.911,-0.411],"_shiftlockState":true,"_pose":"FreeFall","_animationQueue":[],"_animationSpeed":1,"_zoom":14.08},{"_mousePosition":[683,352.5],"_rootPartCFrame":[756.751,232.48,42.62,-0.999,0,0.05,0,1,0,-0.05,0,-0.999],"_humanoidState":7,"_cameraCFrame":[755.252,246.753,36.627,-0.999,-0.038,0.018,0,0.421,0.907,-0.042,0.906,-0.42],"_shiftlockState":true,"_pose":"FreeFall","_animationQueue":[["walk",0.1],["fall",0.3],["fall",0.3]],"_animationSpeed":1,"_zoom":14.08},{"_mousePosition":[683,352.5],"_rootPartCFrame":[756.481,232.477,42.616,-0.999,0,0.048,0,1,0,-0.048,0,-0.999],"_humanoidState":7,"_cameraCFrame":[755.06,246.73,36.563,-0.999,-0.049,0.023,0,0.424,0.906,-0.055,0.904,-0.423],"_shiftlockState":true,"_pose":"FreeFall","_animationQueue":[],"_animationSpeed":1,"_zoom":14.08},{"_mousePosition":[683,352.5],"_rootPartCFrame":[756.32,232.477,42.61,-0.998,0,0.055,0,1,0,-0.055,0,-0.998],"_humanoidState":7,"_cameraCFrame":[755.002,246.716,36.503,-0.997,-0.065,0.03,0,0.426,0.905,-0.071,0.902,-0.425],"_shiftlockState":true,"_pose":"FreeFall","_animationQueue":[],"_animationSpeed":1,"_zoom":14.08},{"_mousePosition":[683,352.5],"_rootPartCFrame":[755.996,232.477,42.592,-0.997,0,0.071,0,1,0,-0.071,0,-0.997],"_humanoidState":8,"_cameraCFrame":[754.776,246.711,36.456,-0.996,-0.079,0.037,0,0.427,0.904,-0.087,0.901,-0.425],"_shiftlockState":true,"_pose":"Running","_animationQueue":[["fall",0.3],["walk",0.1],["fall",0.3],["walk",0.1]],"_animationSpeed":0.893,"_zoom":14.08},{"_mousePosition":[683,352.5],"_rootPartCFrame":[755.835,232.477,42.581,-0.996,0,0.087,0,1,0,-0.087,0,-0.996],"_humanoidState":8,"_cameraCFrame":[754.71,246.716,36.436,-0.995,-0.093,0.044,0,0.426,0.905,-0.103,0.9,-0.424],"_shiftlockState":true,"_pose":"Running","_animationQueue":[],"_animationSpeed":0.893,"_zoom":14.08},{"_mousePosition":[683,352.5],"_rootPartCFrame":[755.512,233.751,42.559,-0.995,0,0.103,0,1,0,-0.103,0,-0.995],"_humanoidState":3,"_cameraCFrame":[754.443,247.995,36.414,-0.994,-0.101,0.048,0,0.425,0.905,-0.112,0.899,-0.423],"_shiftlockState":true,"_pose":"Jumping","_animationQueue":[["walk",0.1],["jump",0.1]],"_animationSpeed":1,"_zoom":14.08},{"_mousePosition":[683,352.5],"_rootPartCFrame":[755.397,234.148,42.549,-0.989,0,0.148,0,1,0,-0.148,0,-0.989],"_humanoidState":5,"_cameraCFrame":[754.347,248.397,36.411,-0.993,-0.104,0.049,0,0.424,0.905,-0.115,0.899,-0.422],"_shiftlockState":true,"_pose":"FreeFall","_animationQueue":[["jump",0.1]],"_animationSpeed":1,"_zoom":14.08},{"_mousePosition":[683,352.5],"_rootPartCFrame":[755.141,234.902,42.522,-0.973,0,0.233,0,1,0,-0.233,0,-0.973],"_humanoidState":5,"_cameraCFrame":[754.091,249.151,36.384,-0.993,-0.104,0.049,0,0.424,0.905,-0.115,0.899,-0.422],"_shiftlockState":true,"_pose":"FreeFall","_animationQueue":[],"_animationSpeed":1,"_zoom":14.08},{"_mousePosition":[683,352.5],"_rootPartCFrame":[754.877,235.602,42.492,-0.97,0,0.245,0,1,0,-0.245,0,-0.97],"_humanoidState":5,"_cameraCFrame":[753.825,249.855,36.364,-0.993,-0.104,0.049,0,0.424,0.906,-0.115,0.9,-0.421],"_shiftlockState":true,"_pose":"FreeFall","_animationQueue":[],"_animationSpeed":1,"_zoom":14.08},{"_mousePosition":[683,352.5],"_rootPartCFrame":[754.545,236.399,42.454,-0.961,0,0.278,0,1,0,-0.278,0,-0.961],"_humanoidState":5,"_cameraCFrame":[753.451,250.672,36.373,-0.994,-0.099,0.046,0,0.421,0.907,-0.109,0.902,-0.418],"_shiftlockState":true,"_pose":"FreeFall","_animationQueue":[],"_animationSpeed":1,"_zoom":14.08},{"_mousePosition":[683,352.5],"_rootPartCFrame":[754.347,236.837,42.431,-0.978,0,0.208,0,1,0,-0.208,0,-0.978],"_humanoidState":5,"_cameraCFrame":[753.203,251.133,36.41,-0.995,-0.092,0.042,0,0.417,0.909,-0.102,0.904,-0.415],"_shiftlockState":true,"_pose":"FreeFall","_animationQueue":[],"_animationSpeed":1,"_zoom":14.08},{"_mousePosition":[683,352.5],"_rootPartCFrame":[754.082,237.373,42.401,-0.973,0,0.233,0,1,0,-0.233,0,-0.973],"_humanoidState":5,"_cameraCFrame":[752.889,251.693,36.44,-0.996,-0.086,0.039,0,0.413,0.911,-0.094,0.906,-0.412],"_shiftlockState":true,"_pose":"FreeFall","_animationQueue":[],"_animationSpeed":1,"_zoom":14.08},{"_mousePosition":[683,352.5],"_rootPartCFrame":[753.816,237.854,42.374,-0.974,0,0.226,0,1,0,-0.226,0,-0.974],"_humanoidState":5,"_cameraCFrame":[752.551,252.198,36.479,-0.997,-0.076,0.034,0,0.41,0.912,-0.083,0.909,-0.408],"_shiftlockState":true,"_pose":"FreeFall","_animationQueue":[],"_animationSpeed":1,"_zoom":14.08},{"_mousePosition":[683,352.5],"_rootPartCFrame":[753.418,238.474,42.336,-0.96,0,0.279,0,1,0,-0.279,0,-0.96],"_humanoidState":5,"_cameraCFrame":[752.076,252.831,36.488,-0.998,-0.064,0.029,0,0.408,0.913,-0.07,0.911,-0.407],"_shiftlockState":true,"_pose":"FreeFall","_animationQueue":[],"_animationSpeed":1,"_zoom":14.08},{"_mousePosition":[683,352.5],"_rootPartCFrame":[753.219,238.738,42.319,-0.986,0,0.17,0,1,0,-0.17,0,-0.986],"_humanoidState":5,"_cameraCFrame":[751.809,253.105,36.508,-0.998,-0.054,0.024,0,0.406,0.914,-0.059,0.912,-0.405],"_shiftlockState":true,"_pose":"FreeFall","_animationQueue":[],"_animationSpeed":1,"_zoom":14.08},{"_mousePosition":[683,352.5],"_rootPartCFrame":[752.887,239.11,42.295,-0.975,0,0.224,0,1,0,-0.224,0,-0.975],"_humanoidState":5,"_cameraCFrame":[751.414,253.486,36.519,-0.999,-0.044,0.02,0,0.405,0.914,-0.048,0.913,-0.404],"_shiftlockState":true,"_pose":"FreeFall","_animationQueue":[],"_animationSpeed":1,"_zoom":14.08},{"_mousePosition":[683,352.5],"_rootPartCFrame":[752.754,239.235,42.287,-0.993,0,0.115,0,1,0,-0.115,0,-0.993],"_humanoidState":5,"_cameraCFrame":[751.214,253.62,36.549,-0.999,-0.034,0.015,0,0.403,0.915,-0.037,0.915,-0.403],"_shiftlockState":true,"_pose":"FreeFall","_animationQueue":[],"_animationSpeed":1,"_zoom":14.08},{"_mousePosition":[683,352.5],"_rootPartCFrame":[752.487,239.444,42.273,-0.986,0,0.169,0,1,0,-0.169,0,-0.986],"_humanoidState":5,"_cameraCFrame":[750.869,253.833,36.568,-1,-0.021,0.009,0,0.402,0.915,-0.023,0.915,-0.402],"_shiftlockState":true,"_pose":"FreeFall","_animationQueue":[],"_animationSpeed":1,"_zoom":14.08},{"_mousePosition":[683,352.5],"_rootPartCFrame":[752.221,239.598,42.263,-0.988,0,0.156,0,1,0,-0.156,0,-0.988],"_humanoidState":5,"_cameraCFrame":[750.478,254.001,36.626,-1,-0.001,0.001,0,0.4,0.916,-0.001,0.916,-0.4],"_shiftlockState":true,"_pose":"FreeFall","_animationQueue":[],"_animationSpeed":1,"_zoom":14.08},{"_mousePosition":[683,352.5],"_rootPartCFrame":[751.888,239.714,42.255,-0.986,0,0.167,0,1,0,-0.167,0,-0.986],"_humanoidState":5,"_cameraCFrame":[750.01,254.122,36.671,-1,0.021,-0.009,0,0.399,0.917,0.023,0.917,-0.399],"_shiftlockState":true,"_pose":"FreeFall","_animationQueue":[],"_animationSpeed":1,"_zoom":14.08},{"_mousePosition":[683,352.5],"_rootPartCFrame":[751.688,239.743,42.254,-0.997,0,0.077,0,1,0,-0.077,0,-0.997],"_humanoidState":5,"_cameraCFrame":[749.642,254.156,36.74,-0.999,0.049,-0.021,0,0.399,0.917,0.053,0.916,-0.398],"_shiftlockState":true,"_pose":"FreeFall","_animationQueue":[],"_animationSpeed":1,"_zoom":14.08},{"_mousePosition":[683,352.5],"_rootPartCFrame":[751.354,239.723,42.26,-0.994,0,0.113,0,1,0,-0.113,0,-0.994],"_humanoidState":5,"_cameraCFrame":[749.154,254.14,36.817,-0.997,0.075,-0.032,0,0.398,0.917,0.081,0.914,-0.397],"_shiftlockState":true,"_pose":"FreeFall","_animationQueue":[],"_animationSpeed":1,"_zoom":14.08},{"_mousePosition":[683,352.5],"_rootPartCFrame":[751.155,239.671,42.27,-1,0,0.018,0,1,0,-0.018,0,-1],"_humanoidState":5,"_cameraCFrame":[748.802,254.092,36.902,-0.994,0.101,-0.044,0,0.397,0.918,0.11,0.912,-0.395],"_shiftlockState":true,"_pose":"FreeFall","_animationQueue":[["fall",0.3]],"_animationSpeed":1,"_zoom":14.08},{"_mousePosition":[683,352.5],"_rootPartCFrame":[750.822,239.514,42.296,-0.998,0,0.057,0,1,0,-0.057,0,-0.998],"_humanoidState":5,"_cameraCFrame":[748.343,253.94,36.996,-0.991,0.122,-0.053,0,0.397,0.918,0.133,0.91,-0.393],"_shiftlockState":true,"_pose":"FreeFall","_animationQueue":[],"_animationSpeed":1,"_zoom":14.08},{"_mousePosition":[683,352.5],"_rootPartCFrame":[750.557,239.328,42.324,-1,0,-0.001,0,1,0,0.001,0,-1],"_humanoidState":5,"_cameraCFrame":[747.949,253.763,37.109,-0.987,0.145,-0.063,0,0.395,0.919,0.158,0.907,-0.39],"_shiftlockState":true,"_pose":"FreeFall","_animationQueue":[],"_animationSpeed":1,"_zoom":14.08},{"_mousePosition":[683,352.5],"_rootPartCFrame":[750.293,239.087,42.358,-1,0,-0.026,0,1,0,0.026,0,-1],"_humanoidState":5,"_cameraCFrame":[747.561,253.527,37.218,-0.983,0.167,-0.072,0,0.394,0.919,0.182,0.904,-0.388],"_shiftlockState":true,"_pose":"FreeFall","_animationQueue":[],"_animationSpeed":1,"_zoom":14.08},{"_mousePosition":[683,352.5],"_rootPartCFrame":[750.095,238.871,42.389,-0.997,0,-0.083,0,1,0,0.083,0,-0.997],"_humanoidState":5,"_cameraCFrame":[747.219,253.31,37.328,-0.978,0.193,-0.083,0,0.394,0.919,0.21,0.899,-0.386],"_shiftlockState":true,"_pose":"FreeFall","_animationQueue":[],"_animationSpeed":1,"_zoom":14.08},{"_mousePosition":[683,352.5],"_rootPartCFrame":[749.701,238.347,42.461,-1,0,-0.011,0,1,0,0.011,0,-1],"_humanoidState":5,"_cameraCFrame":[746.72,252.795,37.484,-0.973,0.213,-0.091,0,0.393,0.92,0.231,0.895,-0.382],"_shiftlockState":true,"_pose":"FreeFall","_animationQueue":[],"_animationSpeed":1,"_zoom":14.08},{"_mousePosition":[683,352.5],"_rootPartCFrame":[749.571,238.144,42.488,-0.986,0,-0.166,0,1,0,0.166,0,-0.986],"_humanoidState":5,"_cameraCFrame":[746.463,252.597,37.601,-0.967,0.236,-0.101,0,0.392,0.92,0.257,0.889,-0.379],"_shiftlockState":true,"_pose":"FreeFall","_animationQueue":[["fall",0.3]],"_animationSpeed":1,"_zoom":14.08},{"_mousePosition":[683,352.5],"_rootPartCFrame":[749.246,237.58,42.564,-0.996,0,-0.093,0,1,0,0.093,0,-0.996],"_humanoidState":5,"_cameraCFrame":[746.015,252.046,37.794,-0.959,0.26,-0.11,0,0.39,0.921,0.283,0.883,-0.374],"_shiftlockState":true,"_pose":"FreeFall","_animationQueue":[],"_animationSpeed":1,"_zoom":14.08},{"_mousePosition":[683,352.5],"_rootPartCFrame":[749.053,237.2,42.614,-0.983,0,-0.186,0,1,0,0.186,0,-0.983],"_humanoidState":5,"_cameraCFrame":[745.69,251.675,37.961,-0.95,0.286,-0.121,0,0.388,0.922,0.311,0.876,-0.369],"_shiftlockState":true,"_pose":"FreeFall","_animationQueue":[],"_animationSpeed":1,"_zoom":14.08},{"_mousePosition":[683,352.5],"_rootPartCFrame":[748.733,236.499,42.707,-0.989,0,-0.149,0,1,0,0.149,0,-0.989],"_humanoidState":5,"_cameraCFrame":[745.223,250.982,38.189,-0.94,0.316,-0.132,0,0.387,0.922,0.342,0.866,-0.363],"_shiftlockState":true,"_pose":"FreeFall","_animationQueue":[],"_animationSpeed":1,"_zoom":14.08},{"_mousePosition":[683,352.5],"_rootPartCFrame":[748.542,236.037,42.769,-0.969,0,-0.247,0,1,0,0.247,0,-0.969],"_humanoidState":5,"_cameraCFrame":[744.858,250.534,38.43,-0.924,0.352,-0.147,0,0.385,0.923,0.382,0.853,-0.356],"_shiftlockState":true,"_pose":"FreeFall","_animationQueue":[],"_animationSpeed":1,"_zoom":14.08},{"_mousePosition":[683,352.5],"_rootPartCFrame":[748.088,236.788,42.939,-0.936,0,-0.353,0,1,0,0.353,0,-0.936],"_humanoidState":7,"_cameraCFrame":[744.187,251.294,38.823,-0.903,0.397,-0.165,0,0.383,0.924,0.43,0.834,-0.346],"_shiftlockState":true,"_pose":"FreeFall","_animationQueue":[["fall",0.3],["walk",0.1],["fall",0.3],["fall",0.3]],"_animationSpeed":1,"_zoom":14.08},{"_mousePosition":[683,352.5],"_rootPartCFrame":[747.934,237.138,43.002,-0.902,0,-0.432,0,1,0,0.432,0,-0.902],"_humanoidState":8,"_cameraCFrame":[743.96,251.643,38.955,-0.895,0.412,-0.171,0,0.383,0.924,0.446,0.827,-0.343],"_shiftlockState":true,"_pose":"Running","_animationQueue":[["walk",0.1],["fall",0.3],["walk",0.1]],"_animationSpeed":0.912,"_zoom":14.08},{"_mousePosition":[683,352.5],"_rootPartCFrame":[747.733,237.445,43.096,-0.895,0,-0.447,0,1,0,0.447,0,-0.895],"_humanoidState":8,"_cameraCFrame":[743.712,251.95,39.095,-0.89,0.422,-0.175,0,0.383,0.924,0.457,0.822,-0.341],"_shiftlockState":true,"_pose":"Running","_animationQueue":[],"_animationSpeed":0.912,"_zoom":14.08},{"_mousePosition":[683,352.5],"_rootPartCFrame":[747.632,237.553,43.145,-0.89,0,-0.457,0,1,0,0.457,0,-0.89],"_humanoidState":8,"_cameraCFrame":[743.587,252.059,39.17,-0.887,0.427,-0.177,0,0.383,0.924,0.462,0.819,-0.34],"_shiftlockState":true,"_pose":"Running","_animationQueue":[],"_animationSpeed":0.912,"_zoom":14.08},{"_mousePosition":[683,352.5],"_rootPartCFrame":[747.483,237.697,43.222,-0.887,0,-0.462,0,1,0,0.462,0,-0.887],"_humanoidState":8,"_cameraCFrame":[743.433,252.202,39.251,-0.886,0.428,-0.177,0,0.383,0.924,0.463,0.819,-0.34],"_shiftlockState":true,"_pose":"Running","_animationQueue":[],"_animationSpeed":0.912,"_zoom":14.08},{"_mousePosition":[683,352.5],"_rootPartCFrame":[747.334,237.826,43.299,-0.886,0,-0.463,0,1,0,0.463,0,-0.886],"_humanoidState":8,"_cameraCFrame":[743.336,252.344,39.318,-0.891,0.42,-0.173,0,0.381,0.925,0.455,0.823,-0.339],"_shiftlockState":true,"_pose":"Running","_animationQueue":[],"_animationSpeed":0.912,"_zoom":14.08},{"_mousePosition":[683,352.5],"_rootPartCFrame":[747.085,238.028,43.429,-0.891,0,-0.455,0,1,0,0.455,0,-0.891],"_humanoidState":8,"_cameraCFrame":[743.22,252.559,39.361,-0.904,0.397,-0.162,0,0.379,0.926,0.428,0.836,-0.342],"_shiftlockState":true,"_pose":"Running","_animationQueue":[],"_animationSpeed":0.912,"_zoom":14.08},{"_mousePosition":[683,352.5],"_rootPartCFrame":[746.936,238.143,43.506,-0.904,0,-0.428,0,1,0,0.428,0,-0.904],"_humanoidState":8,"_cameraCFrame":[743.288,252.675,39.241,-0.925,0.352,-0.144,0,0.379,0.926,0.381,0.856,-0.35],"_shiftlockState":true,"_pose":"Running","_animationQueue":[],"_animationSpeed":0.912,"_zoom":14.08},{"_mousePosition":[683,352.5],"_rootPartCFrame":[746.684,238.323,43.626,-0.925,0,-0.381,0,1,0,0.381,0,-0.925],"_humanoidState":8,"_cameraCFrame":[743.278,252.841,39.128,-0.945,0.302,-0.124,0,0.381,0.925,0.327,0.874,-0.36],"_shiftlockState":true,"_pose":"Running","_animationQueue":[["walk",0.1]],"_animationSpeed":0.912,"_zoom":14.08},{"_mousePosition":[683,352.5],"_rootPartCFrame":[746.531,238.417,43.691,-0.945,0,-0.327,0,1,0,0.327,0,-0.945],"_humanoidState":8,"_cameraCFrame":[743.38,252.914,38.951,-0.963,0.25,-0.104,0,0.385,0.923,0.271,0.889,-0.37],"_shiftlockState":true,"_pose":"Running","_animationQueue":[],"_animationSpeed":0.912,"_zoom":14.08},{"_mousePosition":[683,352.5],"_rootPartCFrame":[746.22,238.6,43.8,-0.963,0,-0.271,0,1,0,0.271,0,-0.963],"_humanoidState":8,"_cameraCFrame":[743.209,253.088,38.947,-0.97,0.223,-0.093,0,0.386,0.922,0.241,0.895,-0.375],"_shiftlockState":true,"_pose":"Running","_animationQueue":[],"_animationSpeed":0.912,"_zoom":14.08},{"_mousePosition":[683,352.5],"_rootPartCFrame":[746.063,238.693,43.846,-0.97,0,-0.241,0,1,0,0.241,0,-0.97],"_humanoidState":8,"_cameraCFrame":[743.154,253.181,38.931,-0.975,0.204,-0.085,0,0.386,0.922,0.221,0.9,-0.377],"_shiftlockState":true,"_pose":"Running","_animationQueue":[],"_animationSpeed":0.912,"_zoom":14.08},{"_mousePosition":[683,352.5],"_rootPartCFrame":[745.851,238.826,43.9,-0.975,0,-0.221,0,1,0,0.221,0,-0.975],"_humanoidState":8,"_cameraCFrame":[742.961,253.318,38.986,-0.976,0.201,-0.084,0,0.385,0.923,0.218,0.901,-0.376],"_shiftlockState":true,"_pose":"Running","_animationQueue":[],"_animationSpeed":0.912,"_zoom":14.08},{"_mousePosition":[683,352.5],"_rootPartCFrame":[745.692,238.931,43.937,-0.976,0,-0.218,0,1,0,0.218,0,-0.976],"_humanoidState":8,"_cameraCFrame":[742.771,253.424,39.041,-0.975,0.207,-0.086,0,0.385,0.923,0.224,0.899,-0.376],"_shiftlockState":true,"_pose":"Running","_animationQueue":[],"_animationSpeed":0.912,"_zoom":14.08},{"_mousePosition":[683,352.5],"_rootPartCFrame":[745.427,239.112,43.996,-0.975,0,-0.224,0,1,0,0.224,0,-0.975],"_humanoidState":8,"_cameraCFrame":[742.452,253.608,39.144,-0.972,0.217,-0.09,0,0.385,0.923,0.23