[{"_mousePosition":[649,372],"_rootPartCFrame":[776.035,222.7,47.142,-0.002,0,1,0,1,0,-1,0,-0.002],"_humanoidState":8,"_cameraCFrame":[784.95,237.634,47.372,0.026,-0.833,0.553,0,0.553,0.833,-1,-0.021,0.014],"_shiftlockState":false,"_pose":"Standing","_animationQueue":[],"_animationSpeed":1,"_zoom":16.125},{"_mousePosition":[649,372],"_rootPartCFrame":[775.863,222.7,47.138,0.001,0,1,0,1,0,-1,0,0.001],"_humanoidState":8,"_cameraCFrame":[784.674,237.703,47.365,0.026,-0.837,0.546,0,0.547,0.837,-1,-0.022,0.014],"_shiftlockState":false,"_pose":"Standing","_animationQueue":[],"_animationSpeed":1,"_zoom":16.125},{"_mousePosition":[649,372],"_rootPartCFrame":[775.732,222.7,47.135,0.003,0,1,0,1,0,-1,0,0.003],"_humanoidState":8,"_cameraCFrame":[784.489,237.737,47.36,0.026,-0.839,0.543,0,0.543,0.84,-1,-0.022,0.014],"_shiftlockState":false,"_pose":"Running","_animationQueue":[["walk",0.1]],"_animationSpeed":1.003,"_zoom":16.125},{"_mousePosition":[649,372],"_rootPartCFrame":[775.466,222.7,47.128,0.006,0,1,0,1,0,-1,0,0.006],"_humanoidState":8,"_cameraCFrame":[784.144,237.788,47.352,0.026,-0.842,0.538,0,0.538,0.843,-1,-0.022,0.014],"_shiftlockState":false,"_pose":"Running","_animationQueue":[["walk",0.1]],"_animationSpeed":1.089,"_zoom":16.125},{"_mousePosition":[649,372],"_rootPartCFrame":[775.199,222.7,47.121,0.008,0,1,0,1,0,-1,0,0.008],"_humanoidState":8,"_cameraCFrame":[783.771,237.856,47.342,0.026,-0.847,0.532,0,0.532,0.847,-1,-0.022,0.014],"_shiftlockState":false,"_pose":"Running","_animationQueue":[],"_animationSpeed":1.089,"_zoom":16.125},{"_mousePosition":[649,372],"_rootPartCFrame":[774.932,222.7,47.114,0.011,0,1,0,1,0,-1,0,0.011],"_humanoidState":8,"_cameraCFrame":[783.398,237.922,47.311,0.023,-0.851,0.525,0,0.525,0.851,-1,-0.02,0.012],"_shiftlockState":false,"_pose":"Running","_animationQueue":[["walk",0.1]],"_animationSpeed":1.089,"_zoom":16.125},{"_mousePosition":[649,372],"_rootPartCFrame":[774.666,222.7,47.107,0.013,0,1,0,1,0,-1,0,0.013],"_humanoidState":8,"_cameraCFrame":[782.971,238.02,47.279,0.021,-0.857,0.515,0,0.515,0.857,-1,-0.018,0.011],"_shiftlockState":false,"_pose":"Running","_animationQueue":[],"_animationSpeed":1.089,"_zoom":16.125},{"_mousePosition":[649,372],"_rootPartCFrame":[774.399,222.7,47.101,0.014,0,1,0,1,0,-1,0,0.014],"_humanoidState":8,"_cameraCFrame":[782.597,238.084,47.229,0.016,-0.861,0.508,0,0.508,0.861,-1,-0.013,0.008],"_shiftlockState":false,"_pose":"Running","_animationQueue":[],"_animationSpeed":1.089,"_zoom":16.125},{"_mousePosition":[649,372],"_rootPartCFrame":[774.133,222.7,47.095,0.015,0,1,0,1,0,-1,0,0.015],"_humanoidState":8,"_cameraCFrame":[782.241,238.148,45.431,0.011,-0.865,0.502,0,0.502,0.865,-1,-0.009,0.005],"_shiftlockState":true,"_pose":"Running","_animationQueue":[],"_animationSpeed":1.089,"_zoom":16.125},{"_mousePosition":[683,384],"_rootPartCFrame":[773.799,222.7,47.09,0.011,0,1,0,1,0,-1,0,0.011],"_humanoidState":8,"_cameraCFrame":[781.908,238.148,45.426,0.011,-0.865,0.502,0,0.502,0.865,-1,-0.009,0.005],"_shiftlockState":true,"_pose":"Running","_animationQueue":[],"_animationSpeed":1.089,"_zoom":16.125},{"_mousePosition":[683,384],"_rootPartCFrame":[773.533,222.7,47.087,0.011,0,1,0,1,0,-1,0,0.011],"_humanoidState":8,"_cameraCFrame":[781.556,238.195,45.401,0.008,-0.868,0.497,0,0.497,0.868,-1,-0.007,0.004],"_shiftlockState":true,"_pose":"Running","_animationQueue":[],"_animationSpeed":1.089,"_zoom":16.125},{"_mousePosition":[683,384],"_rootPartCFrame":[773.333,222.7,47.085,0.008,0,1,0,1,0,-1,0,0.008],"_humanoidState":8,"_cameraCFrame":[781.297,238.226,45.379,0.006,-0.87,0.493,0,0.493,0.87,-1,-0.005,0.003],"_shiftlockState":true,"_pose":"Running","_animationQueue":[],"_animationSpeed":1.089,"_zoom":16.125},{"_mousePosition":[683,384],"_rootPartCFrame":[773.066,222.7,47.082,0.006,0,1,0,1,0,-1,0,0.006],"_humanoidState":8,"_cameraCFrame":[780.971,238.257,45.356,0.003,-0.872,0.49,0,0.49,0.872,-1,-0.003,0.001],"_shiftlockState":true,"_pose":"Running","_animationQueue":[["walk",0.1]],"_animationSpeed":1.089,"_zoom":16.125},{"_mousePosition":[683,384],"_rootPartCFrame":[772.733,222.7,47.08,0.003,0,1,0,1,0,-1,0,0.003],"_humanoidState":8,"_cameraCFrame":[780.579,238.288,45.334,0,-0.874,0.487,0,0.487,0.874,-1,0,0],"_shiftlockState":true,"_pose":"Running","_animationQueue":[],"_animationSpeed":1.089,"_zoom":16.125},{"_mousePosition":[683,384],"_rootPartCFrame":[772.533,222.7,47.08,0,0,1,0,1,0,-1,0,0],"_humanoidState":8,"_cameraCFrame":[780.347,238.303,45.314,-0.002,-0.875,0.485,0,0.485,0.875,-1,0.002,-0.001],"_shiftlockState":true,"_pose":"Running","_animationQueue":[],"_animationSpeed":1.089,"_zoom":16.125},{"_mousePosition":[683,384],"_rootPartCFrame":[772.266,222.7,47.079,-0.002,0,1,0,1,0,-1,0,-0.002],"_humanoidState":8,"_cameraCFrame":[780.016,238.333,45.274,-0.007,-0.876,0.481,0,0.481,0.877,-1,0.006,-0.003],"_shiftlockState":true,"_pose":"Running","_animationQueue":[],"_animationSpeed":1.089,"_zoom":16.125},{"_mousePosition":[683,384],"_rootPartCFrame":[771.933,222.7,47.08,-0.007,0,1,0,1,0,-1,0,-0.007],"_humanoidState":8,"_cameraCFrame":[779.651,238.348,45.256,-0.01,-0.877,0.48,0,0.48,0.877,-1,0.008,-0.005],"_shiftlockState":true,"_pose":"Running","_animationQueue":[],"_animationSpeed":1.089,"_zoom":16.125},{"_mousePosition":[683,384],"_rootPartCFrame":[771.733,222.7,47.081,-0.01,0,1,0,1,0,-1,0,-0.01],"_humanoidState":8,"_cameraCFrame":[779.414,238.363,45.218,-0.015,-0.878,0.478,0,0.478,0.878,-1,0.013,-0.007],"_shiftlockState":true,"_pose":"Running","_animationQueue":[],"_animationSpeed":1.089,"_zoom":16.125},{"_mousePosition":[683,384],"_rootPartCFrame":[771.4,222.7,47.084,-0.015,0,1,0,1,0,-1,0,-0.015],"_humanoidState":8,"_cameraCFrame":[779.048,238.378,45.202,-0.017,-0.879,0.476,0,0.476,0.879,-1,0.015,-0.008],"_shiftlockState":true,"_pose":"Running","_animationQueue":[["walk",0.1]],"_animationSpeed":1.089,"_zoom":16.125},{"_mousePosition":[683,384],"_rootPartCFrame":[771.133,222.7,47.088,-0.017,0,1,0,1,0,-1,0,-0.017],"_humanoidState":8,"_cameraCFrame":[778.782,238.378,45.206,-0.017,-0.879,0.476,0,0.476,0.879,-1,0.015,-0.008],"_shiftlockState":true,"_pose":"Running","_animationQueue":[],"_animationSpeed":1.089,"_zoom":16.125},{"_mousePosition":[683,384],"_rootPartCFrame":[770.933,222.7,47.091,-0.017,0,1,0,1,0,-1,0,-0.017],"_humanoidState":8,"_cameraCFrame":[778.549,238.393,45.191,-0.02,-0.88,0.474,0,0.475,0.88,-1,0.017,-0.009],"_shiftlockState":true,"_pose":"Running","_animationQueue":[],"_animationSpeed":1.089,"_zoom":16.125},{"_mousePosition":[683,384],"_rootPartCFrame":[770.6,223.77,47.097,-0.02,0,1,0,1,0,-1,0,-0.02],"_humanoidState":3,"_cameraCFrame":[778.151,239.493,45.159,-0.025,-0.882,0.471,0,0.471,0.882,-1,0.022,-0.012],"_shiftlockState":true,"_pose":"Jumping","_animationQueue":[["walk",0.1],["jump",0.1]],"_animationSpeed":1,"_zoom":16.125},{"_mousePosition":[683,384],"_rootPartCFrame":[770.4,224.371,47.101,-0.024,0,1,0,1,0,-1,0,-0.024],"_humanoidState":5,"_cameraCFrame":[777.918,240.109,45.145,-0.027,-0.883,0.469,0,0.469,0.883,-1,0.024,-0.013],"_shiftlockState":true,"_pose":"FreeFall","_animationQueue":[["jump",0.1]],"_animationSpeed":1,"_zoom":16.125},{"_mousePosition":[683,384],"_rootPartCFrame":[770.134,225.125,47.107,-0.027,0,1,0,1,0,-1,0,-0.027],"_humanoidState":5,"_cameraCFrame":[777.614,240.878,45.114,-0.032,-0.883,0.467,0,0.468,0.884,-0.999,0.029,-0.015],"_shiftlockState":true,"_pose":"FreeFall","_animationQueue":[],"_animationSpeed":1,"_zoom":16.125},{"_mousePosition":[683,384],"_rootPartCFrame":[769.867,225.824,47.115,-0.032,0,0.999,0,1,0,-0.999,0,-0.032],"_humanoidState":5,"_cameraCFrame":[777.287,241.606,45.104,-0.035,-0.885,0.464,0,0.464,0.886,-0.999,0.031,-0.016],"_shiftlockState":true,"_pose":"FreeFall","_animationQueue":[],"_animationSpeed":1,"_zoom":16.125},{"_mousePosition":[683,384],"_rootPartCFrame":[769.534,226.622,47.125,-0.034,0,0.999,0,1,0,-0.999,0,-0.034],"_humanoidState":5,"_cameraCFrame":[776.915,242.419,45.078,-0.04,-0.886,0.462,0,0.462,0.887,-0.999,0.035,-0.018],"_shiftlockState":true,"_pose":"FreeFall","_animationQueue":[],"_animationSpeed":1,"_zoom":16.125},{"_mousePosition":[683,384],"_rootPartCFrame":[769.334,227.06,47.132,-0.04,0,0.999,0,1,0,-0.999,0,-0.04],"_humanoidState":5,"_cameraCFrame":[776.715,242.856,45.085,-0.04,-0.886,0.462,0,0.462,0.887,-0.999,0.035,-0.018],"_shiftlockState":true,"_pose":"FreeFall","_animationQueue":[],"_animationSpeed":1,"_zoom":16.125},{"_mousePosition":[683,384],"_rootPartCFrame":[769.067,227.595,47.143,-0.04,0,0.999,0,1,0,-0.999,0,-0.04],"_humanoidState":5,"_cameraCFrame":[776.416,243.407,45.078,-0.043,-0.887,0.46,0,0.461,0.888,-0.999,0.038,-0.02],"_shiftlockState":true,"_pose":"FreeFall","_animationQueue":[],"_animationSpeed":1,"_zoom":16.125},{"_mousePosition":[683,384],"_rootPartCFrame":[768.734,228.189,47.156,-0.042,0,0.999,0,1,0,-0.999,0,-0.042],"_humanoidState":5,"_cameraCFrame":[776.083,244,45.092,-0.043,-0.887,0.46,0,0.461,0.888,-0.999,0.038,-0.02],"_shiftlockState":true,"_pose":"FreeFall","_animationQueue":[],"_animationSpeed":1,"_zoom":16.125},{"_mousePosition":[683,384],"_rootPartCFrame":[768.535,228.504,47.164,-0.042,0,0.999,0,1,0,-0.999,0,-0.042],"_humanoidState":5,"_cameraCFrame":[775.855,244.329,45.101,-0.043,-0.888,0.459,0,0.459,0.888,-0.999,0.038,-0.02],"_shiftlockState":true,"_pose":"FreeFall","_animationQueue":[],"_animationSpeed":1,"_zoom":16.125},{"_mousePosition":[683,384],"_rootPartCFrame":[768.268,228.876,47.176,-0.043,0,0.999,0,1,0,-0.999,0,-0.043],"_humanoidState":5,"_cameraCFrame":[775.561,244.716,45.114,-0.043,-0.889,0.457,0,0.457,0.889,-0.999,0.038,-0.019],"_shiftlockState":true,"_pose":"FreeFall","_animationQueue":[],"_animationSpeed":1,"_zoom":16.125},{"_mousePosition":[683,384],"_rootPartCFrame":[767.935,229.265,47.19,-0.043,0,0.999,0,1,0,-0.999,0,-0.043],"_humanoidState":5,"_cameraCFrame":[775.2,245.119,45.129,-0.043,-0.889,0.455,0,0.456,0.89,-0.999,0.038,-0.019],"_shiftlockState":true,"_pose":"FreeFall","_animationQueue":[],"_animationSpeed":1,"_zoom":16.125},{"_mousePosition":[683,384],"_rootPartCFrame":[767.736,229.457,47.198,-0.043,0,0.999,0,1,0,-0.999,0,-0.043],"_humanoidState":5,"_cameraCFrame":[774.939,245.34,45.122,-0.045,-0.891,0.452,0,0.452,0.892,-0.999,0.04,-0.02],"_shiftlockState":true,"_pose":"FreeFall","_animationQueue":[],"_animationSpeed":1,"_zoom":16.125},{"_mousePosition":[683,384],"_rootPartCFrame":[767.469,229.666,47.21,-0.045,0,0.999,0,1,0,-0.999,0,-0.045],"_humanoidState":5,"_cameraCFrame":[774.64,245.563,45.116,-0.048,-0.892,0.45,0,0.45,0.893,-0.999,0.042,-0.021],"_shiftlockState":true,"_pose":"FreeFall","_animationQueue":[],"_animationSpeed":1,"_zoom":16.125},{"_mousePosition":[683,384],"_rootPartCFrame":[767.203,229.821,47.222,-0.047,0,0.999,0,1,0,-0.999,0,-0.047],"_humanoidState":5,"_cameraCFrame":[774.34,245.732,45.111,-0.05,-0.893,0.448,0,0.449,0.894,-0.999,0.045,-0.022],"_shiftlockState":true,"_pose":"FreeFall","_animationQueue":[],"_animationSpeed":1,"_zoom":16.125},{"_mousePosition":[683,384],"_rootPartCFrame":[766.937,229.921,47.234,-0.05,0,0.999,0,1,0,-0.999,0,-0.05],"_humanoidState":5,"_cameraCFrame":[774.046,245.846,45.125,-0.05,-0.893,0.446,0,0.447,0.895,-0.999,0.045,-0.022],"_shiftlockState":true,"_pose":"FreeFall","_animationQueue":[],"_animationSpeed":1,"_zoom":16.125},{"_mousePosition":[683,384],"_rootPartCFrame":[766.67,229.966,47.247,-0.05,0,0.999,0,1,0,-0.999,0,-0.05],"_humanoidState":5,"_cameraCFrame":[773.746,245.905,45.122,-0.053,-0.894,0.445,0,0.445,0.895,-0.999,0.047,-0.023],"_shiftlockState":true,"_pose":"FreeFall","_animationQueue":[],"_animationSpeed":1,"_zoom":16.125},{"_mousePosition":[683,384],"_rootPartCFrame":[766.337,229.946,47.264,-0.052,0,0.999,0,1,0,-0.999,0,-0.052],"_humanoidState":5,"_cameraCFrame":[773.413,245.885,45.139,-0.053,-0.894,0.445,0,0.445,0.895,-0.999,0.047,-0.023],"_shiftlockState":true,"_pose":"FreeFall","_animationQueue":[["fall",0.3]],"_animationSpeed":1,"_zoom":16.125},{"_mousePosition":[683,384],"_rootPartCFrame":[766.071,229.869,47.278,-0.053,0,0.999,0,1,0,-0.999,0,-0.053],"_humanoidState":5,"_cameraCFrame":[773.146,245.808,45.153,-0.053,-0.894,0.445,0,0.445,0.895,-0.999,0.047,-0.023],"_shiftlockState":true,"_pose":"FreeFall","_animationQueue":[],"_animationSpeed":1,"_zoom":16.125},{"_mousePosition":[683,384],"_rootPartCFrame":[765.805,229.737,47.292,-0.053,0,0.999,0,1,0,-0.999,0,-0.053],"_humanoidState":5,"_cameraCFrame":[772.88,245.677,45.167,-0.053,-0.894,0.445,0,0.445,0.895,-0.999,0.047,-0.023],"_shiftlockState":true,"_pose":"FreeFall","_animationQueue":[],"_animationSpeed":1,"_zoom":16.125},{"_mousePosition":[683,384],"_rootPartCFrame":[765.605,229.603,47.303,-0.053,0,0.999,0,1,0,-0.999,0,-0.053],"_humanoidState":5,"_cameraCFrame":[772.761,245.542,45.465,-0.012,-0.895,0.445,0,0.445,0.895,-1,0.011,-0.005],"_shiftlockState":true,"_pose":"FreeFall","_animationQueue":[],"_animationSpeed":1,"_zoom":16.125},{"_mousePosition":[683,384],"_rootPartCFrame":[765.556,229.696,47.31,-0.011,0,1,0,1,0,-1,0,-0.011],"_humanoidState":12,"_cameraCFrame":[772.92,245.636,46.707,0.157,-0.884,0.44,0,0.445,0.895,-0.988,-0.14,0.07],"_shiftlockState":true,"_pose":"Climbing","_animationQueue":[["walk",0.1],["fall",0.3],["climb",0.1],["climb",0]],"_animationSpeed":-0.965,"_zoom":16.125},{"_mousePosition":[683,384],"_rootPartCFrame":[765.724,229.923,47.312,0.153,0,0.988,0,1,0,-0.988,0,0.153],"_humanoidState":12,"_cameraCFrame":[772.453,245.834,50.491,0.628,-0.696,0.349,0,0.449,0.894,-0.778,-0.561,0.282],"_shiftlockState":true,"_pose":"Climbing","_animationQueue":[["climb",0.1],["climb",0]],"_animationSpeed":0.694,"_zoom":16.125},{"_mousePosition":[683,384],"_rootPartCFrame":[765.981,230.085,47.281,0.604,-0.014,0.797,0.02,1,0.002,-0.797,0.014,0.604],"_humanoidState":8,"_cameraCFrame":[770.97,245.896,53.061,0.885,-0.413,0.215,0,0.461,0.888,-0.466,-0.785,0.408],"_shiftlockState":true,"_pose":"Running","_animationQueue":[["walk",0.1],["climb",0.1],["walk",0.1],["walk",0.1]],"_animationSpeed":0.263,"_zoom":16.125},{"_mousePosition":[683,384],"_rootPartCFrame":[766.186,229.875,47.247,0.878,-0.031,0.478,0.026,1,0.016,-0.478,-0.002,0.878],"_humanoidState":8,"_cameraCFrame":[769.147,245.568,54.496,0.986,-0.147,0.079,0,0.475,0.88,-0.167,-0.868,0.468],"_shiftlockState":true,"_pose":"Running","_animationQueue":[["walk",0.1],["walk",0.1]],"_animationSpeed":0.184,"_zoom":16.125},{"_mousePosition":[683,384],"_rootPartCFrame":[766.258,229.687,47.196,0.989,-0.005,0.149,0.004,1,0.005,-0.149,-0.005,0.989],"_humanoidState":8,"_cameraCFrame":[768.11,245.229,55.091,1,-0.012,0.007,0,0.492,0.871,-0.014,-0.871,0.492],"_shiftlockState":true,"_pose":"Running","_animationQueue":[["walk",0.1]],"_animationSpeed":0.401,"_zoom":16.125},{"_mousePosition":[683,384],"_rootPartCFrame":[766.331,230.791,47.119,1,0.018,-0.012,-0.018,1,-0.005,0.012,0.005,1],"_humanoidState":3,"_cameraCFrame":[768.487,246.207,55.181,0.999,-0.04,0.024,0,0.505,0.863,-0.047,-0.862,0.505],"_shiftlockState":true,"_pose":"Jumping","_animationQueue":[["walk",0.1],["jump",0.1]],"_animationSpeed":1,"_zoom":16.125},{"_mousePosition":[683,384],"_rootPartCFrame":[766.366,231.433,47.057,0.999,0.016,0.039,-0.016,1,-0.005,-0.039,0.005,0.999],"_humanoidState":5,"_cameraCFrame":[770.301,246.77,54.57,0.963,-0.231,0.138,0,0.514,0.858,-0.269,-0.827,0.495],"_shiftlockState":true,"_pose":"FreeFall","_animationQueue":[["jump",0.1]],"_animationSpeed":1,"_zoom":16.125},{"_mousePosition":[683,384],"_rootPartCFrame":[766.401,232.242,46.941,0.969,0.006,0.246,-0.006,1,-0.002,-0.246,0,0.969],"_humanoidState":5,"_cameraCFrame":[772.684,247.546,52.699,0.813,-0.498,0.301,0,0.517,0.856,-0.582,-0.696,0.42],"_shiftlockState":true,"_pose":"FreeFall","_animationQueue":[],"_animationSpeed":1,"_zoom":16.125},{"_mousePosition":[683,384],"_rootPartCFrame":[766.417,233.176,46.75,0.842,0,0.539,-0.001,1,0.001,-0.539,-0.001,0.842],"_humanoidState":5,"_cameraCFrame":[774.506,248.382,49.879,0.542,-0.714,0.443,0,0.527,0.85,-0.841,-0.46,0.285],"_shiftlockState":true,"_pose":"FreeFall","_animationQueue":[],"_animationSpeed":1,"_zoom":16.125},{"_mousePosition":[683,384],"_rootPartCFrame":[766.403,233.695,46.62,0.572,-0.001,0.82,0,1,0.001,-0.82,0,0.572],"_humanoidState":5,"_cameraCFrame":[775.196,248.818,47.045,0.246,-0.819,0.519,0,0.535,0.845,-0.969,-0.208,0.132],"_shiftlockState":true,"_pose":"FreeFall","_animationQueue":[],"_animationSpeed":1,"_zoom":16.125},{"_mousePosition":[683,384],"_rootPartCFrame":[766.351,234.34,46.447,0.289,0,0.957,0,1,0,-0.957,0,0.289],"_humanoidState":5,"_cameraCFrame":[775.097,249.412,44.9,0.023,-0.841,0.54,0,0.54,0.842,-1,-0.02,0.013],"_shiftlockState":true,"_pose":"FreeFall","_animationQueue":[],"_animationSpeed":1,"_zoom":16.125},{"_mousePosition":[683,384],"_rootPartCFrame":[766.263,234.931,46.288,0.058,0,0.998,0,1,0,-0.998,0,0.058],"_humanoidState":5,"_cameraCFrame":[774.908,249.9,43.655,-0.101,-0.831,0.547,0,0.55,0.835,-0.995,0.084,-0.055],"_shiftlockState":true,"_pose":"FreeFall","_animationQueue":[],"_animationSpeed":1,"_zoom":16.125},{"_mousePosition":[683,384],"_rootPartCFrame":[766.143,235.467,46.153,-0.079,0,0.997,0,1,0,-0.997,0,-0.079],"_humanoidState":5,"_cameraCFrame":[774.745,250.384,43.139,-0.143,-0.823,0.549,0,0.555,0.832,-0.99,0.119,-0.079],"_shiftlockState":true,"_pose":"FreeFall","_animationQueue":[],"_animationSpeed":1,"_zoom":16.125},{"_mousePosition":[683,384],"_rootPartCFrame":[765.996,235.948,46.046,-0.134,0,0.991,0,1,0,-0.991,0,-0.134],"_humanoidState":5,"_cameraCFrame":[774.597,250.865,43.032,-0.143,-0.823,0.549,0,0.555,0.832,-0.99,0.119,-0.079],"_shiftlockState":true,"_pose":"FreeFall","_animationQueue":[],"_animationSpeed":1,"_zoom":16.125},{"_mousePosition":[683,384],"_rootPartCFrame":[765.776,236.473,45.955,-0.141,0,0.99,0,1,0,-0.99,0,-0.141],"_humanoidState":5,"_cameraCFrame":[774.354,251.39,42.877,-0.151,-0.823,0.548,0,0.555,0.832,-0.989,0.125,-0.084],"_shiftlockState":true,"_pose":"FreeFall","_animationQueue":[],"_animationSpeed":1,"_zoom":16.125},{"_mousePosition":[683,384],"_rootPartCFrame":[765.625,236.747,45.924,-0.15,0,0.989,0,1,0,-0.989,0,-0.15],"_humanoidState":5,"_cameraCFrame":[774.188,251.664,42.802,-0.156,-0.822,0.548,0,0.555,0.832,-0.988,0.13,-0.086],"_shiftlockState":true,"_pose":"FreeFall","_animationQueue":[],"_animationSpeed":1,"_zoom":16.125},{"_mousePosition":[683,384],"_rootPartCFrame":[765.403,237.065,45.911,-0.155,0,0.988,0,1,0,-0.988,0,-0.155],"_humanoidState":5,"_cameraCFrame":[773.932,252,42.771,-0.158,-0.823,0.546,0,0.553,0.833,-0.987,0.132,-0.088],"_shiftlockState":true,"_pose":"FreeFall","_animationQueue":[],"_animationSpeed":1,"_zoom":16.125},{"_mousePosition":[683,384],"_rootPartCFrame":[765.092,237.386,45.938,-0.158,0,0.987,0,1,0,-0.987,0,-0.158],"_humanoidState":5,"_cameraCFrame":[773.553,252.355,42.764,-0.163,-0.824,0.542,0,0.55,0.835,-0.987,0.136,-0.09],"_shiftlockState":true,"_pose":"FreeFall","_animationQueue":[],"_animationSpeed":1,"_zoom":16.125},{"_mousePosition":[683,384],"_rootPartCFrame":[764.829,237.582,45.979,-0.163,0,0.987,0,1,0,-0.987,0,-0.163],"_humanoidState":5,"_cameraCFrame":[773.214,252.585,42.75,-0.171,-0.825,0.539,0,0.547,0.837,-0.985,0.143,-0.093],"_shiftlockState":true,"_pose":"FreeFall","_animationQueue":[],"_animationSpeed":1,"_zoom":16.125},{"_mousePosition":[683,384],"_rootPartCFrame":[764.632,237.692,46.012,-0.17,0,0.985,0,1,0,-0.985,0,-0.17],"_humanoidState":5,"_cameraCFrame":[772.974,252.713,42.745,-0.176,-0.825,0.536,0,0.545,0.838,-0.984,0.147,-0.096],"_shiftlockState":true,"_pose":"FreeFall","_animationQueue":[],"_animationSpeed":1,"_zoom":16.125},{"_mousePosition":[683,384],"_rootPartCFrame":[764.369,237.792,46.057,-0.175,0,0.985,0,1,0,-0.985,0,-0.175],"_humanoidState":5,"_cameraCFrame":[772.712,252.813,42.79,-0.176,-0.825,0.536,0,0.545,0.838,-0.984,0.147,-0.096],"_shiftlockState":true,"_pose":"FreeFall","_animationQueue":[],"_animationSpeed":1,"_zoom":16.125},{"_mousePosition":[683,384],"_rootPartCFrame":[764.107,237.838,46.104,-0.176,0,0.984,0,1,0,-0.984,0,-0.176],"_humanoidState":5,"_cameraCFrame":[772.449,252.858,42.837,-0.176,-0.825,0.536,0,0.545,0.838,-0.984,0.147,-0.096],"_shiftlockState":true,"_pose":"FreeFall","_animationQueue":[],"_animationSpeed":1,"_zoom":16.125},{"_mousePosition":[683,384],"_rootPartCFrame":[763.844,237.829,46.151,-0.176,0,0.984,0,1,0,-0.984,0,-0.176],"_humanoidState":5,"_cameraCFrame":[772.187,252.849,42.884,-0.176,-0.825,0.536,0,0.545,0.838,-0.984,0.147,-0.096],"_shiftlockState":true,"_pose":"FreeFall","_animationQueue":[["fall",0.3]],"_animationSpeed":1,"_zoom":16.125},{"_mousePosition":[683,384],"_rootPartCFrame":[763.516,237.683,46.209,-0.176,0,0.984,0,1,0,-0.984,0,-0.176],"_humanoidState":7,"_cameraCFrame":[771.859,252.704,42.942,-0.176,-0.825,0.536,0,0.545,0.838,-0.984,0.147,-0.096],"_shiftlockState":true,"_pose":"FreeFall","_animationQueue":[["walk",0.1],["fall",0.3],["fall",0.3]],"_animationSpeed":1,"_zoom":16.125},{"_mousePosition":[683,384],"_rootPartCFrame":[763.319,237.553,46.244,-0.176,0,0.984,0,1,0,-0.984,0,-0.176],"_humanoidState":7,"_cameraCFrame":[771.636,252.591,42.982,-0.176,-0.826,0.535,0,0.543,0.84,-0.984,0.148,-0.095],"_shiftlockState":true,"_pose":"FreeFall","_animationQueue":[],"_animationSpeed":1,"_zoom":16.125},{"_mousePosition":[683,384],"_rootPartCFrame":[762.991,237.261,46.303,-0.176,0,0.984,0,1,0,-0.984,0,-0.176],"_humanoidState":8,"_cameraCFrame":[771.282,252.315,43.045,-0.176,-0.828,0.533,0,0.542,0.841,-0.984,0.148,-0.095],"_shiftlockState":true,"_pose":"Running","_animationQueue":[["walk",0.1],["fall",0.3],["walk",0.1]],"_animationSpeed":1.103,"_zoom":16.125},{"_mousePosition":[683,384],"_rootPartCFrame":[762.729,236.964,46.35,-0.176,0,0.984,0,1,0,-0.984,0,-0.176],"_humanoidState":8,"_cameraCFrame":[770.993,252.036,43.097,-0.176,-0.829,0.532,0,0.54,0.842,-0.984,0.148,-0.095],"_shiftlockState":true,"_pose":"Running","_animationQueue":[],"_animationSpeed":1.103,"_zoom":16.125},{"_mousePosition":[683,384],"_rootPartCFrame":[762.466,236.763,46.397,-0.176,0,0.984,0,1,0,-0.984,0,-0.176],"_humanoidState":8,"_cameraCFrame":[770.704,251.852,43.148,-0.176,-0.83,0.53,0,0.538,0.843,-0.984,0.148,-0.095],"_shiftlockState":true,"_pose":"Running","_animationQueue":[],"_animationSpeed":1.103,"_zoom":16.125},{"_mousePosition":[683,384],"_rootPartCFrame":[762.204,236.79,46.443,-0.176,0,0.984,0,1,0,-0.984,0,-0.176],"_humanoidState":8,"_cameraCFrame":[770.416,251.896,43.2,-0.176,-0.831,0.528,0,0.537,0.844,-0.984,0.148,-0.094],"_shiftlockState":true,"_pose":"Running","_animationQueue":[["walk",0.1]],"_animationSpeed":1.103,"_zoom":16.125},{"_mousePosition":[683,384],"_rootPartCFrame":[761.876,236.844,46.502,-0.176,0,0.984,0,1,0,-0.984,0,-0.176],"_humanoidState":8,"_cameraCFrame":[770.062,251.966,43.263,-0.176,-0.832,0.527,0,0.535,0.845,-0.984,0.148,-0.094],"_shiftlockState":true,"_pose":"Running","_animationQueue":[],"_animationSpeed":1.103,"_zoom":16.125},{"_mousePosition":[683,384],"_rootPartCFrame":[761.679,236.864,46.537,-0.176,0,0.984,0,1,0,-0.984,0,-0.176],"_humanoidState":8,"_cameraCFrame":[769.829,252.02,43.349,-0.171,-0.834,0.524,0,0.532,0.847,-0.985,0.145,-0.091],"_shiftlockState":true,"_pose":"Running","_animationQueue":[],"_animationSpeed":1.103,"_zoom":16.125},{"_mousePosition":[683,384],"_rootPartCFrame":[761.416,236.881,46.584,-0.171,0,0.985,0,1,0,-0.985,0,-0.171],"_humanoidState":8,"_cameraCFrame":[769.546,252.07,43.487,-0.161,-0.838,0.522,0,0.528,0.849,-0.987,0.136,-0.085],"_shiftlockState":true,"_pose":"Running","_animationQueue":[],"_animationSpeed":1.103,"_zoom":16.125},{"_mousePosition":[683,384],"_rootPartCFrame":[761.088,236.891,46.641,-0.161,0,0.987,0,1,0,-0.987,0,-0.161],"_humanoidState":8,"_cameraCFrame":[769.195,252.114,43.634,-0.151,-0.841,0.519,0,0.525,0.851,-0.989,0.128,-0.079],"_shiftlockState":true,"_pose":"Running","_animationQueue":[],"_animationSpeed":1.103,"_zoom":16.125},{"_mousePosition":[683,384],"_rootPartCFrame":[760.891,236.895,46.674,-0.151,0,0.989,0,1,0,-0.989,0,-0.151],"_humanoidState":8,"_cameraCFrame":[768.987,252.134,43.712,-0.146,-0.843,0.518,0,0.524,0.852,-0.989,0.124,-0.076],"_shiftlockState":true,"_pose":"Running","_animationQueue":[],"_animationSpeed":1.103,"_zoom":16.125},{"_mousePosition":[683,384],"_rootPartCFrame":[760.627,236.898,46.714,-0.146,0,0.989,0,1,0,-0.989,0,-0.146],"_humanoidState":8,"_cameraCFrame":[768.704,252.153,43.777,-0.143,-0.844,0.516,0,0.522,0.853,-0.99,0.122,-0.075],"_shiftlockState":true,"_pose":"Running","_animationQueue":[["walk",0.1]],"_animationSpeed":1.103,"_zoom":16.125},{"_mousePosition":[683,384],"_rootPartCFrame":[760.363,236.899,46.753,-0.143,0,0.99,0,1,0,-0.99,0,-0.143],"_humanoidState":8,"_cameraCFrame":[768.402,252.187,43.864,-0.138,-0.847,0.514,0,0.519,0.855,-0.99,0.118,-0.072],"_shiftlockState":true,"_pose":"Running","_animationQueue":[],"_animationSpeed":1.103,"_zoom":16.125},{"_mousePosition":[683,384],"_rootPartCFrame":[760.099,236.9,46.792,-0.138,0,0.99,0,1,0,-0.99,0,-0.138],"_humanoidState":8,"_cameraCFrame":[768.114,252.22,43.991,-0.128,-0.85,0.511,0,0.515,0.857,-0.992,0.11,-0.066],"_shiftlockState":true,"_pose":"Running","_animationQueue":[],"_animationSpeed":1.103,"_zoom":16.125},{"_mousePosition":[683,384],"_rootPartCFrame":[759.769,236.9,46.838,-0.128,0,0.992,0,1,0,-0.992,0,-0.128],"_humanoidState":8,"_cameraCFrame":[767.677,252.317,44.218,-0.108,-0.858,0.502,0,0.505,0.863,-0.994,0.093,-0.055],"_shiftlockState":true,"_pose":"Running","_animationQueue":[],"_animationSpeed":1.103,"_zoom":16.125},{"_mousePosition":[683,384],"_rootPartCFrame":[759.571,236.901,46.864,-0.108,0,0.994,0,1,0,-0.994,0,-0.108],"_humanoidState":8,"_cameraCFrame":[767.443,252.365,44.391,-0.09,-0.862,0.498,0,0.5,0.866,-0.996,0.078,-0.045],"_shiftlockState":true,"_pose":"Running","_animationQueue":[],"_animationSpeed":1.103,"_zoom":16.125},{"_mousePosition":[683,384],"_rootPartCFrame":[759.24,236.901,46.901,-0.09,0,0.996,0,1,0,-0.996,0,-0.09],"_humanoidState":8,"_cameraCFrame":[767.073,252.412,44.574,-0.073,-0.867,0.494,0,0.495,0.869,-0.997,0.063,-0.036],"_shiftlockState":true,"_pose":"Running","_animationQueue":[],"_animationSpeed":1.103,"_zoom":16.125},{"_mousePosition":[683,384],"_rootPartCFrame":[758.974,236.901,46.926,-0.073,0,0.997,0,1,0,-0.997,0,-0.073],"_humanoidState":8,"_cameraCFrame":[766.76,252.458,44.723,-0.058,-0.87,0.489,0,0.49,0.872,-0.998,0.05,-0.028],"_shiftlockState":true,"_pose":"Running","_animationQueue":[["walk",0.1]],"_animationSpeed":1.103,"_zoom":16.125},{"_mousePosition":[683,384],"_rootPartCFrame":[758.708,236.901,46.946,-0.058,0,0.998,0,1,0,-0.998,0,-0.058],"_humanoidState":8,"_cameraCFrame":[766.477,252.489,44.883,-0.04,-0.873,0.486,0,0.487,0.874,-0.999,0.035,-0.019],"_shiftlockState":true,"_pose":"Running","_animationQueue":[],"_animationSpeed":1.103,"_zoom":16.125},{"_mousePosition":[683,384],"_rootPartCFrame":[758.442,236.901,46.962,-0.04,0,0.999,0,1,0,-0.999,0,-0.04],"_humanoidState":8,"_cameraCFrame":[766.193,252.504,44.94,-0.035,-0.874,0.485,0,0.485,0.875,-0.999,0.031,-0.017],"_shiftlockState":true,"_pose":"Running","_animationQueue":[],"_animationSpeed":1.103,"_zoom":16.125},{"_mousePosition":[683,384],"_rootPartCFrame":[758.175,236.901,46.973,-0.035,0,0.999,0,1,0,-0.999,0,-0.035],"_humanoidState":8,"_cameraCFrame":[765.932,252.504,44.97,-0.032,-0.874,0.485,0,0.485,0.875,-0.999,0.028,-0.016],"_shiftlockState":true,"_pose":"Running","_animationQueue":[],"_animationSpeed":1.103,"_zoom":16.125},{"_mousePosition":[683,384],"_rootPartCFrame":[757.842,236.901,46.985,-0.032,0,0.999,0,1,0,-0.999,0,-0.032],"_humanoidState":8,"_cameraCFrame":[765.594,252.504,44.963,-0.035,-0.874,0.485,0,0.485,0.875,-0.999,0.031,-0.017],"_shiftlockState":true,"_pose":"Running","_animationQueue":[],"_animationSpeed":1.103,"_zoom":16.125},{"_mousePosition":[683,384],"_rootPartCFrame":[757.576,236.901,46.993,-0.035,0,0.999,0,1,0,-0.999,0,-0.035],"_humanoidState":8,"_cameraCFrame":[765.318,252.489,44.833,-0.053,-0.872,0.486,0,0.487,0.874,-0.999,0.046,-0.026],"_shiftlockState":true,"_pose":"Running","_animationQueue":[],"_animationSpeed":1.103,"_zoom":16.125},{"_mousePosition":[683,384],"_rootPartCFrame":[757.309,236.901,47.003,-0.053,0,0.999,0,1,0,-0.999,0,-0.053],"_humanoidState":8,"_cameraCFrame":[765.034,252.489,44.783,-0.06,-0.872,0.486,0,0.487,0.874,-0.998,0.053,-0.029],"_shiftlockState":true,"_pose":"Running","_animationQueue":[],"_animationSpeed":1.103,"_zoom":16.125},{"_mousePosition":[683,384],"_rootPartCFrame":[757.043,236.901,47.016,-0.06,0,0.998,0,1,0,-0.998,0,-0.06],"_humanoidState":8,"_cameraCFrame":[764.768,252.489,44.797,-0.06,-0.872,0.486,0,0.487,0.874,-0.998,0.053,-0.029],"_shiftlockState":true,"_pose":"Running","_animationQueue":[["walk",0.1]],"_animationSpeed":1.103,"_zoom":16.125},{"_mousePosition":[683,384],"_rootPartCFrame":[756.843,236.88,47.027,-0.06,0,0.998,0,1,0,-0.998,0,-0.06],"_humanoidState":8,"_cameraCFrame":[764.568,252.468,44.807,-0.06,-0.872,0.486,0,0.487,0.874,-0.998,0.053,-0.029],"_shiftlockState":true,"_pose":"Running","_animationQueue":[],"_animationSpeed":1.103,"_zoom":16.125},{"_mousePosition":[683,384],"_rootPartCFrame":[756.577,236.805,47.041,-0.06,0,0.998,0,1,0,-0.998,0,-0.06],"_humanoidState":8,"_cameraCFrame":[764.302,252.393,44.821,-0.06,-0.872,0.486,0,0.487,0.874,-0.998,0.053,-0.029],"_shiftlockState":true,"_pose":"Running","_animationQueue":[],"_animationSpeed":1.103,"_zoom":16.125},{"_mousePosition":[683,384],"_rootPartCFrame":[756.31,236.676,47.055,-0.06,0,0.998,0,1,0,-0.998,0,-0.06],"_humanoidState":8,"_cameraCFrame":[764.035,252.264,44.835,-0.06,-0.872,0.486,0,0.487,0.874,-0.998,0.053,-0.029],"_shiftlockState":true,"_pose":"Running","_animationQueue":[],"_animationSpeed":1.103,"_zoom":16.125},{"_mousePosition":[683,384],"_rootPartCFrame":[756.044,236.492,47.069,-0.06,0,0.998,0,1,0,-0.998,0,-0.06],"_humanoidState":8,"_cameraCFrame":[763.769,252.08,44.849,-0.06,-0.872,0.486,0,0.487,0.874,-0.998,0.053,-0.029],"_shiftlockState":true,"_pose":"Running","_animationQueue":[],"_animationSpeed":1.103,"_zoom":16.125},{"_mousePosition":[683,384],"_rootPartCFrame":[755.777,237.365,47.083,-0.06,0,0.998,0,1,0,-0.998,0,-0.06],"_humanoidState":3,"_cameraCFrame":[763.503,252.953,44.863,-0.06,-0.872,0.486,0,0.487,0.874,-0.998,0.053,-0.029],"_shiftlockState":true,"_pose":"Jumping","_animationQueue":[["walk",0.1],["jump",0.1]],"_animationSpeed":1,"_zoom":16.125},{"_mousePosition":[683,384],"_rootPartCFrame":[755.511,238.187,47.098,-0.06,0,0.998,0,1,0,-0.998,0,-0.06],"_humanoidState":5,"_cameraCFrame":[763.237,253.775,44.879,-0.06,-0.872,0.486,0,0.487,0.874,-0.998,0.053,-0.029],"_shiftlockState":true,"_pose":"FreeFall","_animationQueue":[["jump",0.1]],"_animationSpeed":1,"_zoom":16.125},{"_mousePosition":[683,384],"_rootPartCFrame":[755.245,238.955,47.114,-0.06,0,0.998,0,1,0,-0.998,0,-0.06],"_humanoidState":5,"_cameraCFrame":[762.971,254.543,44.895,-0.06,-0.872,0.486,0,0.487,0.874,-0.998,0.053,-0.029],"_shiftlockState":true,"_pose":"FreeFall","_animationQueue":[],"_animationSpeed":1,"_zoom":16.125},{"_mousePosition":[683,384],"_rootPartCFrame":[754.913,239.837,47.135,-0.06,0,0.998,0,1,0,-0.998,0,-0.06],"_humanoidState":5,"_cameraCFrame":[762.638,255.426,44.915,-0.06,-0.872,0.486,0,0.487,0.874,-0.998,0.053,-0.029],"_shiftlockState":true,"_pose":"FreeFall","_animationQueue":[],"_animationSpeed":1,"_zoom":16.125},{"_mousePosition":[683,384],"_rootPartCFrame":[754.646,240.482,47.151,-0.06,0,0.998,0,1,0,-0.998,0,-0.06],"_humanoidState":5,"_cameraCFrame":[762.372,256.07,44.931,-0.06,-0.872,0.486,0,0.487,0.874,-0.998,0.053,-0.029],"_shiftlockState":true,"_pose":"FreeFall","_animationQueue":[],"_animationSpeed":1,"_zoom":16.125},{"_mousePosition":[683,384],"_rootPartCFrame":[754.447,240.93,47.163,-0.06,0,0.998,0,1,0,-0.998,0,-0.06],"_humanoidState":5,"_cameraCFrame":[762.172,256.518,44.943,-0.06,-0.872,0.486,0,0.487,0.874,-0.998,0.053,-0.029],"_shiftlockState":true,"_pose":"FreeFall","_animationQueue":[],"_animationSpeed":1,"_zoom":16.125},{"_mousePosition":[683,384],"_rootPartCFrame":[754.181,241.48,47.179,-0.06,0,0.998,0,1,0,-0.998,0,-0.06],"_humanoidState":5,"_cameraCFrame":[761.906,257.068,44.96,-0.06,-0.872,0.486,0,0.487,0.874,-0.998,0.053,-0.029],"_shiftlockState":true,"_pose":"FreeFall","_animationQueue":[],"_animationSpeed":1,"_zoom":16.125},{"_mousePosition":[683,384],"_rootPartCFrame":[753.848,242.09,47.199,-0.06,0,0.998,0,1,0,-0.998,0,-0.06],"_humanoidState":5,"_cameraCFrame":[761.573,257.678,44.98,-0.06,-0.872,0.486,0,0.487,0.874,-0.998,0.053,-0.029],"_shiftlockState":true,"_pose":"FreeFall","_animationQueue":[],"_animationSpeed":1,"_zoom":16.125},{"_mousePosition":[683,384],"_rootPartCFrame":[753.649,242.415,47.211,-0.06,0,0.998,0,1,0,-0.998,0,-0.06],"_humanoidState":5,"_cameraCFrame":[761.374,258.003,44.992,-0.06,-0.872,0.486,0,0.487,0.874,-0.998,0.053,-0.029],"_shiftlockState":true,"_pose":"FreeFall","_animationQueue":[],"_animationSpeed":1,"_zoom":16.125},{"_mousePosition":[683,384],"_rootPartCFrame":[753.382,242.801,47.227,-0.06,0,0.998,0,1,0,-0.998,0,-0.06],"_humanoidState":5,"_cameraCFrame":[761.124,258.374,44.967,-0.065,-0.871,0.487,0,0.488,0.873,-0.998,0.057,-0.032],"_shiftlockState":true,"_pose":"FreeFall","_animationQueue":[],"_animationSpeed":1,"_zoom":16.125},{"_mousePosition":[683,384],"_rootPartCFrame":[753.05,243.207,47.247,-0.065,0,0.998,0,1,0,-0.998,0,-0.065],"_humanoidState":5,"_cameraCFrame":[760.791,258.78,44.987,-0.065,-0.871,0.487,0,0.488,0.873,-0.998,0.057,-0.032],"_shiftlockState":true,"_pose":"FreeFall","_animationQueue":[],"_animationSpeed":1,"_zoom":16.125},{"_mousePosition":[683,384],"_rootPartCFrame":[752.784,243.471,47.264,-0.065,0,0.998,0,1,0,-0.998,0,-0.065],"_humanoidState":5,"_cameraCFrame":[760.525,259.043,45.004,-0.065,-0.871,0.487,0,0.488,0.873,-0.998,0.057,-0.032],"_shiftlockState":true,"_pose":"FreeFall","_animationQueue":[],"_animationSpeed":1,"_zoom":16.125},{"_mousePosition":[683,384],"_rootPartCFrame":[752.584,243.632,47.277,-0.065,0,0.998,0,1,0,-0.998,0,-0.065],"_humanoidState":5,"_cameraCFrame":[760.325,259.205,45.017,-0.065,-0.871,0.487,0,0.488,0.873,-0.998,0.057,-0.032],"_shiftlockState":true,"_pose":"FreeFall","_animationQueue":[],"_animationSpeed":1,"_zoom":16.125},{"_mousePosition":[683,384],"_rootPartCFrame":[752.318,243.8,47.295,-0.065,0,0.998,0,1,0,-0.998,0,-0.065],"_humanoidState":5,"_cameraCFrame":[760.059,259.373,45.035,-0.065,-0.871,0.487,0,0.488,0.873,-0.998,0.057,-0.032],"_shiftlockState":true,"_pose":"FreeFall","_animationQueue":[],"_animationSpeed":1,"_zoom":16.125},{"_mousePosition":[683,384],"_rootPartCFrame":[752.052,243.914,47.312,-0.065,0,0.998,0,1,0,-0.998,0,-0.065],"_humanoidState":5,"_cameraCFrame":[759.793,259.487,45.052,-0.065,-0.871,0.487,0,0.488,0.873,-0.998,0.057,-0.032],"_shiftlockState":true,"_pose":"FreeFall","_animationQueue":[["fall",0.3]],"_animationSpeed":1,"_zoom":16.125},{"_mousePosition":[683,384],"_rootPartCFrame":[751.786,243.973,47.329,-0.065,0,0.998,0,1,0,-0.998,0,-0.065],"_humanoidState":5,"_cameraCFrame":[759.472,259.576,45.073,-0.065,-0.873,0.484,0,0.485,0.875,-0.998,0.057,-0.032],"_shiftlockState":true,"_pose":"FreeFall","_animationQueue":[],"_animationSpeed":1,"_zoom":16.125},{"_mousePosition":[683,384],"_rootPartCFrame":[751.453,243.97,47.351,-0.065,0,0.998,0,1,0,-0.998,0,-0.065],"_humanoidState":5,"_cameraCFrame":[759.057,259.619,45.1,-0.065,-0.876,0.479,0,0.48,0.877,-0.998,0.057,-0.031],"_shiftlockState":true,"_pose":"FreeFall","_animationQueue":[],"_animationSpeed":1,"_zoom":16.125},{"_mousePosition":[683,384],"_rootPartCFrame":[751.254,243.928,47.364,-0.065,0,0.998,0,1,0,-0.998,0,-0.065],"_humanoidState":5,"_cameraCFrame":[758.747,259.636,45.12,-0.065,-0.879,0.472,0,0.473,0.881,-0.998,0.058,-0.031],"_shiftlockState":true,"_pose":"FreeFall","_animationQueue":[],"_animationSpeed":1,"_zoom":16.125},{"_mousePosition":[683,384],"_rootPartCFrame":[750.987,243.823,47.382,-0.065,0,0.998,0,1,0,-0.998,0,-0.065],"_humanoidState":5,"_cameraCFrame":[758.398,259.576,45.143,-0.065,-0.882,0.467,0,0.468,0.884,-0.998,0.058,-0.031],"_shiftlockState":true,"_pose":"FreeFall","_animationQueue":[],"_animationSpeed":1,"_zoom":16.125},{"_mousePosition":[683,384],"_rootPartCFrame":[750.721,243.664,47.399,-0.065,0,0.998,0,1,0,-0.998,0,-0.065],"_humanoidState":5,"_cameraCFrame":[758.099,259.432,45.144,-0.068,-0.883,0.465,0,0.466,0.885,-0.998,0.06,-0.032],"_shiftlockState":true,"_pose":"FreeFall","_animationQueue":[],"_animationSpeed":1,"_zoom":16.125},{"_mousePosition":[683,384],"_rootPartCFrame":[750.455,243.451,47.416,-0.068,0,0.998,0,1,0,-0.998,0,-0.068],"_humanoidState":5,"_cameraCFrame":[757.833,259.218,45.161,-0.068,-0.883,0.465,0,0.466,0.885,-0.998,0.06,-0.032],"_shiftlockState":true,"_pose":"FreeFall","_animationQueue":[],"_animationSpeed":1,"_zoom":16.125},{"_mousePosition":[683,384],"_rootPartCFrame":[750.189,243.183,47.434,-0.068,0,0.998,0,1,0,-0.998,0,-0.068],"_humanoidState":5,"_cameraCFrame":[757.511,258.979,45.183,-0.068,-0.885,0.461,0,0.462,0.887,-0.998,0.06,-0.031],"_shiftlockState":true,"_pose":"FreeFall","_animationQueue":[["fall",0.3]],"_animationSpeed":1,"_zoom":16.125},{"_mousePosition":[683,384],"_rootPartCFrame":[749.923,242.86,47.453,-0.068,0,0.998,0,1,0,-0.998,0,-0.068],"_humanoidState":5,"_cameraCFrame":[757.189,258.686,45.205,-0.068,-0.886,0.458,0,0.459,0.888,-0.998,0.06,-0.031],"_shiftlockState":true,"_pose":"FreeFall","_animationQueue":[],"_animationSpeed":1,"_zoom":16.125},{"_mousePosition":[683,384],"_rootPartCFrame":[749.59,242.38,47.475,-0.068,0,0.998,0,1,0,-0.998,0,-0.068],"_humanoidState":5,"_cameraCFrame":[756.829,258.221,45.229,-0.068,-0.887,0.456,0,0.457,0.889,-0.998,0.06,-0.031],"_shiftlockState":true,"_pose":"FreeFall","_animationQueue":[],"_animationSpeed":1,"_zoom":16.125},{"_mousePosition":[683,384],"_rootPartCFrame":[749.324,241.935,47.493,-0.068,0,0.998,0,1,0,-0.998,0,-0.068],"_humanoidState":5,"_cameraCFrame":[756.535,257.79,45.249,-0.068,-0.888,0.455,0,0.456,0.89,-0.998,0.06,-0.031],"_shiftlockState":true,"_pose":"FreeFall","_animationQueue":[],"_animationSpeed":1,"_zoom":16.125},{"_mousePosition":[683,384],"_rootPartCFrame":[749.058,241.436,47.511,-0.068,0,0.998,0,1,0,-0.998,0,-0.068],"_humanoidState":5,"_cameraCFrame":[756.241,257.305,45.269,-0.068,-0.889,0.453,0,0.454,0.891,-0.998,0.06,-0.031],"_shiftlockState":true,"_pose":"FreeFall","_animationQueue":[],"_animationSpeed":1,"_zoom":16.125},{"_mousePosition":[683,384],"_rootPartCFrame":[748.792,240.882,47.529,-0.068,0,0.998,0,1,0,-0.998,0,-0.068],"_humanoidState":5,"_cameraCFrame":[755.919,256.779,45.291,-0.068,-0.891,0.449,0,0.45,0.893,-0.998,0.061,-0.031],"_shiftlockState":true,"_pose":"FreeFall","_animationQueue":[],"_animationSpeed":1,"_zoom":16.125},{"_mousePosition":[683,384],"_rootPartCFrame":[748.526,240.273,47.547,-0.068,0,0.998,0,1,0,-0.998,0,-0.068],"_humanoidState":5,"_cameraCFrame":[755.591,256.198,45.295,-0.07,-0.892,0.446,0,0.447,0.895,-0.998,0.063,-0.031],"_shiftlockState":true,"_pose":"FreeFall","_animationQueue":[["fall",0.3]],"_animationSpeed":1,"_zoom":16.125},{"_mousePosition":[683,384],"_rootPartCFrame":[748.26,239.61,47.566,-0.07,0,0.998,0,1,0,-0.998,0,-0.07],"_humanoidState":5,"_cameraCFrame":[755.269,255.563,45.317,-0.07,-0.894,0.442,0,0.443,0.896,-0.998,0.063,-0.031],"_shiftlockState":true,"_pose":"FreeFall","_animationQueue":[],"_animationSpeed":1,"_zoom":16.125},{"_mousePosition":[683,384],"_rootPartCFrame":[747.994,238.892,47.584,-0.07,0,0.998,0,1,0,-0.998,0,-0.07],"_humanoidState":5,"_cameraCFrame":[754.935,254.873,45.305,-0.075,-0.896,0.439,0,0.44,0.898,-0.997,0.068,-0.033],"_shiftlockState":true,"_pose":"FreeFall","_animationQueue":[],"_animationSpeed":1,"_zoom":16.125},{"_mousePosition":[683,384],"_rootPartCFrame":[747.728,238.12,47.603,-0.075,0,0.997,0,1,0,-0.997,0,-0.075],"_humanoidState":5,"_cameraCFrame":[754.573,254.143,45.295,-0.08,-0.898,0.433,0,0.435,0.901,-0.997,0.072,-0.035],"_shiftlockState":true,"_pose":"FreeFall","_animationQueue":[],"_animationSpeed":1,"_zoom":16.125},{"_mousePosition":[683,384],"_rootPartCFrame":[747.462,237.294,47.623,-0.