[{"_mousePosition":[663,341],"_rootPartCFrame":[776.033,222.7,47.142,-0.001,0,1,0,1,0,-1,0,-0.001],"_humanoidState":8,"_cameraCFrame":[785.82,237.015,47.118,-0.003,-0.795,0.607,0,0.607,0.795,-1,0.002,-0.002],"_shiftlockState":false,"_pose":"Standing","_animationQueue":[],"_animationSpeed":1,"_zoom":16.125},{"_mousePosition":[663,341],"_rootPartCFrame":[775.787,222.7,47.143,-0.001,0,1,0,1,0,-1,0,-0.001],"_humanoidState":8,"_cameraCFrame":[785.573,237.015,47.118,-0.003,-0.795,0.607,0,0.607,0.795,-1,0.002,-0.002],"_shiftlockState":false,"_pose":"Standing","_animationQueue":[],"_animationSpeed":1,"_zoom":16.125},{"_mousePosition":[663,341],"_rootPartCFrame":[775.521,222.7,47.144,-0.002,0,1,0,1,0,-1,0,-0.002],"_humanoidState":8,"_cameraCFrame":[785.307,237.015,47.119,-0.003,-0.795,0.607,0,0.607,0.795,-1,0.002,-0.002],"_shiftlockState":false,"_pose":"Running","_animationQueue":[["walk",0.1]],"_animationSpeed":1.066,"_zoom":16.125},{"_mousePosition":[663,341],"_rootPartCFrame":[775.254,222.7,47.144,-0.002,0,1,0,1,0,-1,0,-0.002],"_humanoidState":8,"_cameraCFrame":[785.04,237.015,47.12,-0.003,-0.795,0.607,0,0.607,0.795,-1,0.002,-0.002],"_shiftlockState":false,"_pose":"Running","_animationQueue":[],"_animationSpeed":1.066,"_zoom":16.125},{"_mousePosition":[663,341],"_rootPartCFrame":[774.987,222.7,47.145,-0.002,0,1,0,1,0,-1,0,-0.002],"_humanoidState":8,"_cameraCFrame":[784.774,237.015,47.12,-0.003,-0.795,0.607,0,0.607,0.795,-1,0.002,-0.002],"_shiftlockState":false,"_pose":"Running","_animationQueue":[],"_animationSpeed":1.066,"_zoom":16.125},{"_mousePosition":[663,341],"_rootPartCFrame":[774.721,222.7,47.146,-0.002,0,1,0,1,0,-1,0,-0.002],"_humanoidState":8,"_cameraCFrame":[784.507,237.015,47.121,-0.003,-0.795,0.607,0,0.607,0.795,-1,0.002,-0.002],"_shiftlockState":false,"_pose":"Running","_animationQueue":[],"_animationSpeed":1.066,"_zoom":16.125},{"_mousePosition":[663,341],"_rootPartCFrame":[774.454,222.7,47.146,-0.002,0,1,0,1,0,-1,0,-0.002],"_humanoidState":8,"_cameraCFrame":[784.24,237.015,47.122,-0.003,-0.795,0.607,0,0.607,0.795,-1,0.002,-0.002],"_shiftlockState":false,"_pose":"Running","_animationQueue":[],"_animationSpeed":1.066,"_zoom":16.125},{"_mousePosition":[663,341],"_rootPartCFrame":[774.187,222.7,47.147,-0.002,0,1,0,1,0,-1,0,-0.002],"_humanoidState":8,"_cameraCFrame":[783.974,237.015,47.122,-0.003,-0.795,0.607,0,0.607,0.795,-1,0.002,-0.002],"_shiftlockState":false,"_pose":"Running","_animationQueue":[["walk",0.1]],"_animationSpeed":1.066,"_zoom":16.125},{"_mousePosition":[663,341],"_rootPartCFrame":[773.921,222.7,47.148,-0.002,0,1,0,1,0,-1,0,-0.002],"_humanoidState":8,"_cameraCFrame":[783.707,237.015,47.123,-0.003,-0.795,0.607,0,0.607,0.795,-1,0.002,-0.002],"_shiftlockState":false,"_pose":"Running","_animationQueue":[],"_animationSpeed":1.066,"_zoom":16.125},{"_mousePosition":[663,341],"_rootPartCFrame":[773.654,222.7,47.148,-0.002,0,1,0,1,0,-1,0,-0.002],"_humanoidState":8,"_cameraCFrame":[783.44,237.015,47.124,-0.003,-0.795,0.607,0,0.607,0.795,-1,0.002,-0.002],"_shiftlockState":false,"_pose":"Running","_animationQueue":[],"_animationSpeed":1.066,"_zoom":16.125},{"_mousePosition":[663,341],"_rootPartCFrame":[773.387,222.7,47.149,-0.002,0,1,0,1,0,-1,0,-0.002],"_humanoidState":8,"_cameraCFrame":[783.148,237.034,47.124,-0.003,-0.796,0.605,0,0.605,0.796,-1,0.002,-0.002],"_shiftlockState":false,"_pose":"Running","_animationQueue":[],"_animationSpeed":1.066,"_zoom":16.125},{"_mousePosition":[663,341],"_rootPartCFrame":[773.12,222.7,47.15,-0.002,0,1,0,1,0,-1,0,-0.002],"_humanoidState":8,"_cameraCFrame":[782.832,237.072,47.125,-0.003,-0.798,0.602,0,0.602,0.798,-1,0.002,-0.002],"_shiftlockState":false,"_pose":"Running","_animationQueue":[],"_animationSpeed":1.066,"_zoom":16.125},{"_mousePosition":[663,341],"_rootPartCFrame":[772.854,222.7,47.15,-0.002,0,1,0,1,0,-1,0,-0.002],"_humanoidState":8,"_cameraCFrame":[782.515,237.11,47.102,-0.005,-0.801,0.599,0,0.599,0.801,-1,0.004,-0.003],"_shiftlockState":false,"_pose":"Running","_animationQueue":[],"_animationSpeed":1.066,"_zoom":16.125},{"_mousePosition":[663,341],"_rootPartCFrame":[772.587,222.7,47.151,-0.002,0,1,0,1,0,-1,0,-0.002],"_humanoidState":8,"_cameraCFrame":[782.172,237.166,47.078,-0.008,-0.804,0.594,0,0.594,0.804,-1,0.006,-0.005],"_shiftlockState":false,"_pose":"Running","_animationQueue":[["walk",0.1]],"_animationSpeed":1.066,"_zoom":16.125},{"_mousePosition":[663,341],"_rootPartCFrame":[772.32,222.7,47.152,-0.003,0,1,0,1,0,-1,0,-0.003],"_humanoidState":8,"_cameraCFrame":[781.855,237.204,47.08,-0.008,-0.806,0.591,0,0.591,0.806,-1,0.006,-0.004],"_shiftlockState":false,"_pose":"Running","_animationQueue":[],"_animationSpeed":1.066,"_zoom":16.125},{"_mousePosition":[663,341],"_rootPartCFrame":[772.054,222.7,47.154,-0.003,0,1,0,1,0,-1,0,-0.003],"_humanoidState":8,"_cameraCFrame":[781.588,237.204,47.082,-0.008,-0.806,0.591,0,0.591,0.806,-1,0.006,-0.004],"_shiftlockState":false,"_pose":"Running","_animationQueue":[],"_animationSpeed":1.066,"_zoom":16.125},{"_mousePosition":[663,341],"_rootPartCFrame":[771.787,222.7,47.156,-0.004,0,1,0,1,0,-1,0,-0.004],"_humanoidState":8,"_cameraCFrame":[781.296,237.222,47.084,-0.008,-0.808,0.59,0,0.59,0.808,-1,0.006,-0.004],"_shiftlockState":false,"_pose":"Running","_animationQueue":[],"_animationSpeed":1.066,"_zoom":16.125},{"_mousePosition":[663,341],"_rootPartCFrame":[771.52,222.7,47.158,-0.004,0,1,0,1,0,-1,0,-0.004],"_humanoidState":8,"_cameraCFrame":[781.029,237.222,47.086,-0.008,-0.808,0.59,0,0.59,0.808,-1,0.006,-0.004],"_shiftlockState":false,"_pose":"Running","_animationQueue":[],"_animationSpeed":1.066,"_zoom":16.125},{"_mousePosition":[663,341],"_rootPartCFrame":[771.254,222.7,47.16,-0.005,0,1,0,1,0,-1,0,-0.005],"_humanoidState":8,"_cameraCFrame":[780.763,237.222,47.088,-0.008,-0.808,0.59,0,0.59,0.808,-1,0.006,-0.004],"_shiftlockState":false,"_pose":"Running","_animationQueue":[],"_animationSpeed":1.066,"_zoom":16.125},{"_mousePosition":[663,341],"_rootPartCFrame":[770.987,222.7,47.162,-0.005,0,1,0,1,0,-1,0,-0.005],"_humanoidState":8,"_cameraCFrame":[780.496,237.222,47.09,-0.008,-0.808,0.59,0,0.59,0.808,-1,0.006,-0.004],"_shiftlockState":false,"_pose":"Running","_animationQueue":[["walk",0.1]],"_animationSpeed":1.066,"_zoom":16.125},{"_mousePosition":[663,341],"_rootPartCFrame":[770.721,222.7,47.164,-0.006,0,1,0,1,0,-1,0,-0.006],"_humanoidState":8,"_cameraCFrame":[780.23,237.222,47.092,-0.008,-0.808,0.59,0,0.59,0.808,-1,0.006,-0.004],"_shiftlockState":false,"_pose":"Running","_animationQueue":[],"_animationSpeed":1.066,"_zoom":16.125},{"_mousePosition":[663,341],"_rootPartCFrame":[770.454,222.7,47.166,-0.006,0,1,0,1,0,-1,0,-0.006],"_humanoidState":8,"_cameraCFrame":[779.963,237.222,47.094,-0.008,-0.808,0.59,0,0.59,0.808,-1,0.006,-0.004],"_shiftlockState":false,"_pose":"Running","_animationQueue":[],"_animationSpeed":1.066,"_zoom":16.125},{"_mousePosition":[663,341],"_rootPartCFrame":[770.121,223.77,47.169,-0.006,0,1,0,1,0,-1,0,-0.006],"_humanoidState":3,"_cameraCFrame":[779.63,238.292,47.097,-0.008,-0.808,0.59,0,0.59,0.808,-1,0.006,-0.004],"_shiftlockState":false,"_pose":"Jumping","_animationQueue":[["walk",0.1],["jump",0.1]],"_animationSpeed":1,"_zoom":16.125},{"_mousePosition":[663,341],"_rootPartCFrame":[769.921,224.371,47.17,-0.006,0,1,0,1,0,-1,0,-0.006],"_humanoidState":5,"_cameraCFrame":[779.43,238.894,47.098,-0.008,-0.808,0.59,0,0.59,0.808,-1,0.006,-0.004],"_shiftlockState":false,"_pose":"FreeFall","_animationQueue":[["jump",0.1]],"_animationSpeed":1,"_zoom":16.125},{"_mousePosition":[663,341],"_rootPartCFrame":[769.654,225.125,47.173,-0.006,0,1,0,1,0,-1,0,-0.006],"_humanoidState":5,"_cameraCFrame":[779.163,239.647,47.1,-0.008,-0.808,0.59,0,0.59,0.808,-1,0.006,-0.004],"_shiftlockState":false,"_pose":"FreeFall","_animationQueue":[],"_animationSpeed":1,"_zoom":16.125},{"_mousePosition":[663,341],"_rootPartCFrame":[769.321,225.991,47.175,-0.007,0,1,0,1,0,-1,0,-0.007],"_humanoidState":5,"_cameraCFrame":[778.83,240.513,47.103,-0.008,-0.808,0.59,0,0.59,0.808,-1,0.006,-0.004],"_shiftlockState":false,"_pose":"FreeFall","_animationQueue":[],"_animationSpeed":1,"_zoom":16.125},{"_mousePosition":[663,341],"_rootPartCFrame":[769.121,226.469,47.177,-0.007,0,1,0,1,0,-1,0,-0.007],"_humanoidState":5,"_cameraCFrame":[778.63,240.992,47.104,-0.008,-0.808,0.59,0,0.59,0.808,-1,0.006,-0.004],"_shiftlockState":false,"_pose":"FreeFall","_animationQueue":[],"_animationSpeed":1,"_zoom":16.125},{"_mousePosition":[663,341],"_rootPartCFrame":[768.854,227.06,47.179,-0.007,0,1,0,1,0,-1,0,-0.007],"_humanoidState":5,"_cameraCFrame":[778.363,241.582,47.106,-0.008,-0.808,0.59,0,0.59,0.808,-1,0.006,-0.004],"_shiftlockState":false,"_pose":"FreeFall","_animationQueue":[],"_animationSpeed":1,"_zoom":16.125},{"_mousePosition":[663,341],"_rootPartCFrame":[768.588,227.595,47.181,-0.007,0,1,0,1,0,-1,0,-0.007],"_humanoidState":5,"_cameraCFrame":[778.097,242.118,47.109,-0.008,-0.808,0.59,0,0.59,0.808,-1,0.006,-0.004],"_shiftlockState":false,"_pose":"FreeFall","_animationQueue":[],"_animationSpeed":1,"_zoom":16.125},{"_mousePosition":[663,341],"_rootPartCFrame":[768.321,228.077,47.183,-0.007,0,1,0,1,0,-1,0,-0.007],"_humanoidState":5,"_cameraCFrame":[777.83,242.599,47.111,-0.008,-0.808,0.59,0,0.59,0.808,-1,0.006,-0.004],"_shiftlockState":false,"_pose":"FreeFall","_animationQueue":[],"_animationSpeed":1,"_zoom":16.125},{"_mousePosition":[663,341],"_rootPartCFrame":[768.055,228.504,47.185,-0.007,0,1,0,1,0,-1,0,-0.007],"_humanoidState":5,"_cameraCFrame":[777.513,243.063,47.089,-0.01,-0.81,0.587,0,0.587,0.81,-1,0.008,-0.006],"_shiftlockState":false,"_pose":"FreeFall","_animationQueue":[],"_animationSpeed":1,"_zoom":16.125},{"_mousePosition":[663,341],"_rootPartCFrame":[767.788,228.876,47.187,-0.007,0,1,0,1,0,-1,0,-0.007],"_humanoidState":5,"_cameraCFrame":[777.17,243.491,47.092,-0.01,-0.813,0.582,0,0.582,0.813,-1,0.008,-0.006],"_shiftlockState":false,"_pose":"FreeFall","_animationQueue":[],"_animationSpeed":1,"_zoom":16.125},{"_mousePosition":[663,341],"_rootPartCFrame":[767.521,229.194,47.189,-0.007,0,1,0,1,0,-1,0,-0.007],"_humanoidState":5,"_cameraCFrame":[776.852,243.845,47.095,-0.01,-0.816,0.579,0,0.579,0.816,-1,0.008,-0.006],"_shiftlockState":false,"_pose":"FreeFall","_animationQueue":[],"_animationSpeed":1,"_zoom":16.125},{"_mousePosition":[663,341],"_rootPartCFrame":[767.188,229.515,47.193,-0.008,0,1,0,1,0,-1,0,-0.008],"_humanoidState":5,"_cameraCFrame":[776.467,244.202,47.099,-0.01,-0.818,0.575,0,0.575,0.818,-1,0.008,-0.006],"_shiftlockState":false,"_pose":"FreeFall","_animationQueue":[],"_animationSpeed":1,"_zoom":16.125},{"_mousePosition":[663,341],"_rootPartCFrame":[766.988,229.666,47.195,-0.008,0,1,0,1,0,-1,0,-0.008],"_humanoidState":5,"_cameraCFrame":[776.216,244.39,47.101,-0.01,-0.82,0.572,0,0.572,0.82,-1,0.008,-0.006],"_shiftlockState":false,"_pose":"FreeFall","_animationQueue":[],"_animationSpeed":1,"_zoom":16.125},{"_mousePosition":[663,341],"_rootPartCFrame":[766.722,229.821,47.197,-0.008,0,1,0,1,0,-1,0,-0.008],"_humanoidState":5,"_cameraCFrame":[775.949,244.544,47.104,-0.01,-0.82,0.572,0,0.572,0.82,-1,0.008,-0.006],"_shiftlockState":false,"_pose":"FreeFall","_animationQueue":[],"_animationSpeed":1,"_zoom":16.125},{"_mousePosition":[663,341],"_rootPartCFrame":[766.455,229.921,47.2,-0.009,0,1,0,1,0,-1,0,-0.009],"_humanoidState":5,"_cameraCFrame":[775.656,244.662,47.084,-0.013,-0.821,0.571,0,0.571,0.821,-1,0.01,-0.007],"_shiftlockState":false,"_pose":"FreeFall","_animationQueue":[],"_animationSpeed":1,"_zoom":16.125},{"_mousePosition":[663,341],"_rootPartCFrame":[766.122,229.969,47.203,-0.009,0,1,0,1,0,-1,0,-0.009],"_humanoidState":5,"_cameraCFrame":[775.272,244.746,47.088,-0.013,-0.823,0.567,0,0.567,0.823,-1,0.01,-0.007],"_shiftlockState":false,"_pose":"FreeFall","_animationQueue":[],"_animationSpeed":1,"_zoom":16.125},{"_mousePosition":[663,341],"_rootPartCFrame":[765.855,229.946,47.207,-0.009,0,1,0,1,0,-1,0,-0.009],"_humanoidState":5,"_cameraCFrame":[774.953,244.759,47.092,-0.013,-0.826,0.564,0,0.564,0.826,-1,0.01,-0.007],"_shiftlockState":false,"_pose":"FreeFall","_animationQueue":[["fall",0.3]],"_animationSpeed":1,"_zoom":16.125},{"_mousePosition":[663,341],"_rootPartCFrame":[765.589,229.869,47.21,-0.01,0,1,0,1,0,-1,0,-0.01],"_humanoidState":5,"_cameraCFrame":[774.661,244.699,47.095,-0.013,-0.827,0.563,0,0.563,0.827,-1,0.01,-0.007],"_shiftlockState":false,"_pose":"FreeFall","_animationQueue":[],"_animationSpeed":1,"_zoom":16.125},{"_mousePosition":[663,341],"_rootPartCFrame":[765.322,229.737,47.214,-0.01,0,1,0,1,0,-1,0,-0.01],"_humanoidState":5,"_cameraCFrame":[774.368,244.585,47.099,-0.013,-0.828,0.561,0,0.561,0.828,-1,0.01,-0.007],"_shiftlockState":false,"_pose":"FreeFall","_animationQueue":[],"_animationSpeed":1,"_zoom":16.125},{"_mousePosition":[663,341],"_rootPartCFrame":[765.055,229.551,47.217,-0.011,0,1,0,1,0,-1,0,-0.011],"_humanoidState":5,"_cameraCFrame":[774.075,244.417,47.103,-0.013,-0.829,0.559,0,0.559,0.829,-1,0.01,-0.007],"_shiftlockState":false,"_pose":"FreeFall","_animationQueue":[],"_animationSpeed":1,"_zoom":16.125},{"_mousePosition":[663,341],"_rootPartCFrame":[764.789,229.31,47.22,-0.011,0,1,0,1,0,-1,0,-0.011],"_humanoidState":5,"_cameraCFrame":[773.756,244.211,47.084,-0.015,-0.831,0.556,0,0.556,0.831,-1,0.013,-0.008],"_shiftlockState":false,"_pose":"FreeFall","_animationQueue":[],"_animationSpeed":1,"_zoom":16.125},{"_mousePosition":[663,341],"_rootPartCFrame":[764.522,229.015,47.224,-0.011,0,1,0,1,0,-1,0,-0.011],"_humanoidState":5,"_cameraCFrame":[773.437,243.951,47.088,-0.015,-0.833,0.553,0,0.553,0.833,-1,0.013,-0.008],"_shiftlockState":false,"_pose":"FreeFall","_animationQueue":[],"_animationSpeed":1,"_zoom":16.125},{"_mousePosition":[663,341],"_rootPartCFrame":[764.322,228.758,47.227,-0.011,0,1,0,1,0,-1,0,-0.011],"_humanoidState":5,"_cameraCFrame":[773.185,243.728,47.092,-0.015,-0.835,0.55,0,0.55,0.835,-1,0.013,-0.008],"_shiftlockState":false,"_pose":"FreeFall","_animationQueue":[],"_animationSpeed":1,"_zoom":16.125},{"_mousePosition":[663,341],"_rootPartCFrame":[763.989,228.261,47.232,-0.012,0,1,0,1,0,-1,0,-0.012],"_humanoidState":5,"_cameraCFrame":[772.799,243.266,47.098,-0.015,-0.837,0.546,0,0.546,0.837,-1,0.013,-0.008],"_shiftlockState":false,"_pose":"FreeFall","_animationQueue":[["fall",0.3]],"_animationSpeed":1,"_zoom":16.125},{"_mousePosition":[663,341],"_rootPartCFrame":[763.789,227.922,47.235,-0.012,0,1,0,1,0,-1,0,-0.012],"_humanoidState":5,"_cameraCFrame":[772.547,242.961,47.102,-0.015,-0.84,0.543,0,0.543,0.84,-1,0.013,-0.008],"_shiftlockState":false,"_pose":"FreeFall","_animationQueue":[],"_animationSpeed":1,"_zoom":16.125},{"_mousePosition":[663,341],"_rootPartCFrame":[763.456,227.289,47.24,-0.013,0,1,0,1,0,-1,0,-0.013],"_humanoidState":5,"_cameraCFrame":[772.16,242.362,47.086,-0.018,-0.842,0.54,0,0.54,0.842,-1,0.015,-0.01],"_shiftlockState":false,"_pose":"FreeFall","_animationQueue":[],"_animationSpeed":1,"_zoom":16.125},{"_mousePosition":[663,341],"_rootPartCFrame":[763.189,226.721,47.244,-0.013,0,1,0,1,0,-1,0,-0.013],"_humanoidState":5,"_cameraCFrame":[771.814,241.845,47.091,-0.018,-0.845,0.535,0,0.535,0.845,-1,0.015,-0.009],"_shiftlockState":false,"_pose":"FreeFall","_animationQueue":[],"_animationSpeed":1,"_zoom":16.125},{"_mousePosition":[663,341],"_rootPartCFrame":[762.989,226.638,47.247,-0.014,0,1,0,1,0,-1,0,-0.014],"_humanoidState":7,"_cameraCFrame":[771.455,241.861,47.097,-0.018,-0.851,0.525,0,0.525,0.851,-1,0.015,-0.009],"_shiftlockState":false,"_pose":"FreeFall","_animationQueue":[["walk",0.1],["fall",0.3],["fall",0.3]],"_animationSpeed":1,"_zoom":16.125},{"_mousePosition":[663,341],"_rootPartCFrame":[762.723,226.633,47.252,-0.014,0,1,0,1,0,-1,0,-0.014],"_humanoidState":7,"_cameraCFrame":[771.108,241.906,47.103,-0.018,-0.854,0.52,0,0.52,0.854,-1,0.015,-0.009],"_shiftlockState":false,"_pose":"FreeFall","_animationQueue":[],"_animationSpeed":1,"_zoom":16.125},{"_mousePosition":[663,341],"_rootPartCFrame":[762.391,226.489,47.258,-0.015,0,1,0,1,0,-1,0,-0.015],"_humanoidState":8,"_cameraCFrame":[770.695,241.811,47.111,-0.018,-0.857,0.515,0,0.515,0.857,-1,0.015,-0.009],"_shiftlockState":false,"_pose":"Running","_animationQueue":[["fall",0.3],["walk",0.1],["fall",0.3],["walk",0.1]],"_animationSpeed":1.101,"_zoom":16.125},{"_mousePosition":[663,341],"_rootPartCFrame":[762.125,226.306,47.262,-0.015,0,1,0,1,0,-1,0,-0.015],"_humanoidState":8,"_cameraCFrame":[770.375,241.66,47.116,-0.018,-0.859,0.512,0,0.512,0.859,-1,0.015,-0.009],"_shiftlockState":false,"_pose":"Running","_animationQueue":[],"_animationSpeed":1.101,"_zoom":16.125},{"_mousePosition":[663,341],"_rootPartCFrame":[761.858,226.069,47.267,-0.015,0,1,0,1,0,-1,0,-0.015],"_humanoidState":8,"_cameraCFrame":[770.055,241.455,47.122,-0.018,-0.861,0.508,0,0.508,0.861,-1,0.015,-0.009],"_shiftlockState":false,"_pose":"Running","_animationQueue":[],"_animationSpeed":1.101,"_zoom":16.125},{"_mousePosition":[663,341],"_rootPartCFrame":[761.592,225.777,47.272,-0.016,0,1,0,1,0,-1,0,-0.016],"_humanoidState":8,"_cameraCFrame":[769.761,241.179,47.127,-0.018,-0.862,0.507,0,0.507,0.862,-1,0.015,-0.009],"_shiftlockState":false,"_pose":"Running","_animationQueue":[],"_animationSpeed":1.101,"_zoom":16.125},{"_mousePosition":[663,341],"_rootPartCFrame":[761.326,225.567,47.277,-0.016,0,1,0,1,0,-1,0,-0.016],"_humanoidState":8,"_cameraCFrame":[769.441,241.001,47.133,-0.018,-0.864,0.503,0,0.503,0.864,-1,0.015,-0.009],"_shiftlockState":false,"_pose":"Running","_animationQueue":[],"_animationSpeed":1.101,"_zoom":16.125},{"_mousePosition":[663,341],"_rootPartCFrame":[761.06,225.585,47.281,-0.016,0,1,0,1,0,-1,0,-0.016],"_humanoidState":8,"_cameraCFrame":[769.121,241.05,47.139,-0.018,-0.866,0.5,0,0.5,0.866,-1,0.015,-0.009],"_shiftlockState":false,"_pose":"Running","_animationQueue":[],"_animationSpeed":1.101,"_zoom":16.125},{"_mousePosition":[663,341],"_rootPartCFrame":[760.794,225.622,47.286,-0.016,0,1,0,1,0,-1,0,-0.016],"_humanoidState":8,"_cameraCFrame":[768.8,241.118,47.144,-0.018,-0.868,0.496,0,0.497,0.868,-1,0.015,-0.009],"_shiftlockState":false,"_pose":"Running","_animationQueue":[],"_animationSpeed":1.101,"_zoom":16.125},{"_mousePosition":[663,341],"_rootPartCFrame":[760.528,225.652,47.291,-0.017,0,1,0,1,0,-1,0,-0.017],"_humanoidState":8,"_cameraCFrame":[768.479,241.18,47.15,-0.018,-0.87,0.493,0,0.493,0.87,-1,0.015,-0.009],"_shiftlockState":false,"_pose":"Running","_animationQueue":[["walk",0.1]],"_animationSpeed":1.101,"_zoom":16.125},{"_mousePosition":[663,341],"_rootPartCFrame":[760.262,225.677,47.296,-0.017,0,1,0,1,0,-1,0,-0.017],"_humanoidState":8,"_cameraCFrame":[768.131,241.251,47.156,-0.018,-0.873,0.488,0,0.488,0.873,-1,0.015,-0.009],"_shiftlockState":false,"_pose":"Running","_animationQueue":[],"_animationSpeed":1.101,"_zoom":16.125},{"_mousePosition":[663,341],"_rootPartCFrame":[759.996,225.699,47.3,-0.017,0,1,0,1,0,-1,0,-0.017],"_humanoidState":8,"_cameraCFrame":[767.783,241.318,47.162,-0.018,-0.875,0.483,0,0.483,0.876,-1,0.016,-0.009],"_shiftlockState":false,"_pose":"Running","_animationQueue":[],"_animationSpeed":1.101,"_zoom":16.125},{"_mousePosition":[663,341],"_rootPartCFrame":[759.73,225.718,47.305,-0.017,0,1,0,1,0,-1,0,-0.017],"_humanoidState":8,"_cameraCFrame":[767.489,241.353,47.168,-0.018,-0.876,0.481,0,0.481,0.877,-1,0.016,-0.009],"_shiftlockState":false,"_pose":"Running","_animationQueue":[],"_animationSpeed":1.101,"_zoom":16.125},{"_mousePosition":[663,341],"_rootPartCFrame":[759.463,225.737,47.31,-0.017,0,1,0,1,0,-1,0,-0.017],"_humanoidState":8,"_cameraCFrame":[767.112,241.432,47.174,-0.018,-0.88,0.474,0,0.474,0.88,-1,0.016,-0.008],"_shiftlockState":false,"_pose":"Running","_animationQueue":[],"_animationSpeed":1.101,"_zoom":16.125},{"_mousePosition":[663,341],"_rootPartCFrame":[759.197,225.755,47.314,-0.017,0,1,0,1,0,-1,0,-0.017],"_humanoidState":8,"_cameraCFrame":[766.791,241.479,47.18,-0.018,-0.882,0.471,0,0.471,0.882,-1,0.016,-0.008],"_shiftlockState":false,"_pose":"Running","_animationQueue":[],"_animationSpeed":1.101,"_zoom":16.125},{"_mousePosition":[663,341],"_rootPartCFrame":[758.931,225.808,47.319,-0.017,0,1,0,1,0,-1,0,-0.017],"_humanoidState":8,"_cameraCFrame":[766.469,241.562,47.186,-0.018,-0.884,0.467,0,0.468,0.884,-1,0.016,-0.008],"_shiftlockState":false,"_pose":"Running","_animationQueue":[],"_animationSpeed":1.101,"_zoom":16.125},{"_mousePosition":[663,341],"_rootPartCFrame":[758.665,225.891,47.324,-0.017,0,1,0,1,0,-1,0,-0.017],"_humanoidState":8,"_cameraCFrame":[766.148,241.674,47.191,-0.018,-0.886,0.464,0,0.464,0.886,-1,0.016,-0.008],"_shiftlockState":false,"_pose":"Running","_animationQueue":[["walk",0.1]],"_animationSpeed":1.101,"_zoom":16.125},{"_mousePosition":[663,341],"_rootPartCFrame":[758.399,225.924,47.329,-0.017,0,1,0,1,0,-1,0,-0.017],"_humanoidState":8,"_cameraCFrame":[765.854,241.722,47.196,-0.018,-0.887,0.462,0,0.462,0.887,-1,0.016,-0.008],"_shiftlockState":false,"_pose":"Running","_animationQueue":[],"_animationSpeed":1.101,"_zoom":16.125},{"_mousePosition":[663,341],"_rootPartCFrame":[758.133,225.953,47.333,-0.017,0,1,0,1,0,-1,0,-0.017],"_humanoidState":8,"_cameraCFrame":[765.532,241.78,47.202,-0.018,-0.888,0.459,0,0.459,0.888,-1,0.016,-0.008],"_shiftlockState":false,"_pose":"Running","_animationQueue":[],"_animationSpeed":1.101,"_zoom":16.125},{"_mousePosition":[663,341],"_rootPartCFrame":[757.867,226.038,47.338,-0.017,0,1,0,1,0,-1,0,-0.017],"_humanoidState":8,"_cameraCFrame":[765.238,241.879,47.207,-0.018,-0.889,0.457,0,0.457,0.889,-1,0.016,-0.008],"_shiftlockState":false,"_pose":"Running","_animationQueue":[],"_animationSpeed":1.101,"_zoom":16.125},{"_mousePosition":[663,341],"_rootPartCFrame":[757.601,226.084,47.343,-0.017,0,1,0,1,0,-1,0,-0.017],"_humanoidState":8,"_cameraCFrame":[764.944,241.939,47.213,-0.018,-0.89,0.455,0,0.455,0.89,-1,0.016,-0.008],"_shiftlockState":false,"_pose":"Running","_animationQueue":[],"_animationSpeed":1.101,"_zoom":16.125},{"_mousePosition":[663,341],"_rootPartCFrame":[757.335,226.233,47.347,-0.018,0,1,0,1,0,-1,0,-0.018],"_humanoidState":8,"_cameraCFrame":[764.65,242.102,47.218,-0.018,-0.891,0.454,0,0.454,0.891,-1,0.016,-0.008],"_shiftlockState":false,"_pose":"Running","_animationQueue":[],"_animationSpeed":1.101,"_zoom":16.125},{"_mousePosition":[663,341],"_rootPartCFrame":[757.135,226.328,47.351,-0.018,0,1,0,1,0,-1,0,-0.018],"_humanoidState":8,"_cameraCFrame":[764.422,242.212,47.222,-0.018,-0.892,0.452,0,0.452,0.892,-1,0.016,-0.008],"_shiftlockState":false,"_pose":"Running","_animationQueue":[],"_animationSpeed":1.101,"_zoom":16.125},{"_mousePosition":[663,341],"_rootPartCFrame":[756.869,226.407,47.356,-0.018,0,1,0,1,0,-1,0,-0.018],"_humanoidState":8,"_cameraCFrame":[764.128,242.306,47.227,-0.018,-0.893,0.45,0,0.45,0.893,-1,0.016,-0.008],"_shiftlockState":false,"_pose":"Running","_animationQueue":[["walk",0.1]],"_animationSpeed":1.101,"_zoom":16.125},{"_mousePosition":[663,341],"_rootPartCFrame":[756.603,226.437,47.36,-0.018,0,1,0,1,0,-1,0,-0.018],"_humanoidState":8,"_cameraCFrame":[763.862,242.335,47.232,-0.018,-0.893,0.45,0,0.45,0.893,-1,0.016,-0.008],"_shiftlockState":false,"_pose":"Running","_animationQueue":[],"_animationSpeed":1.101,"_zoom":16.125},{"_mousePosition":[663,341],"_rootPartCFrame":[756.337,227.31,47.365,-0.018,0,1,0,1,0,-1,0,-0.018],"_humanoidState":3,"_cameraCFrame":[763.568,243.223,47.237,-0.018,-0.894,0.448,0,0.449,0.894,-1,0.016,-0.008],"_shiftlockState":false,"_pose":"Jumping","_animationQueue":[["walk",0.1],["jump",0.1]],"_animationSpeed":1,"_zoom":16.125},{"_mousePosition":[663,341],"_rootPartCFrame":[756.07,228.132,47.37,-0.018,0,1,0,1,0,-1,0,-0.018],"_humanoidState":5,"_cameraCFrame":[763.301,244.045,47.242,-0.018,-0.894,0.448,0,0.449,0.894,-1,0.016,-0.008],"_shiftlockState":false,"_pose":"FreeFall","_animationQueue":[["jump",0.1]],"_animationSpeed":1,"_zoom":16.125},{"_mousePosition":[663,341],"_rootPartCFrame":[755.803,228.9,47.374,-0.018,0,1,0,1,0,-1,0,-0.018],"_humanoidState":5,"_cameraCFrame":[763.034,244.812,47.246,-0.018,-0.894,0.448,0,0.449,0.894,-1,0.016,-0.008],"_shiftlockState":false,"_pose":"FreeFall","_animationQueue":[],"_animationSpeed":1,"_zoom":16.125},{"_mousePosition":[663,341],"_rootPartCFrame":[755.537,229.613,47.379,-0.018,0,1,0,1,0,-1,0,-0.018],"_humanoidState":5,"_cameraCFrame":[762.768,245.525,47.251,-0.018,-0.894,0.448,0,0.449,0.894,-1,0.016,-0.008],"_shiftlockState":false,"_pose":"FreeFall","_animationQueue":[],"_animationSpeed":1,"_zoom":16.125},{"_mousePosition":[663,341],"_rootPartCFrame":[755.27,230.271,47.384,-0.018,0,1,0,1,0,-1,0,-0.018],"_humanoidState":5,"_cameraCFrame":[762.501,246.184,47.256,-0.018,-0.894,0.448,0,0.449,0.894,-1,0.016,-0.008],"_shiftlockState":false,"_pose":"FreeFall","_animationQueue":[],"_animationSpeed":1,"_zoom":16.125},{"_mousePosition":[663,341],"_rootPartCFrame":[755.004,230.875,47.389,-0.018,0,1,0,1,0,-1,0,-0.018],"_humanoidState":5,"_cameraCFrame":[762.235,246.788,47.261,-0.018,-0.894,0.448,0,0.449,0.894,-1,0.016,-0.008],"_shiftlockState":false,"_pose":"FreeFall","_animationQueue":[],"_animationSpeed":1,"_zoom":16.125},{"_mousePosition":[663,341],"_rootPartCFrame":[754.737,231.425,47.393,-0.018,0,1,0,1,0,-1,0,-0.018],"_humanoidState":5,"_cameraCFrame":[761.968,247.337,47.265,-0.018,-0.894,0.448,0,0.449,0.894,-1,0.016,-0.008],"_shiftlockState":false,"_pose":"FreeFall","_animationQueue":[],"_animationSpeed":1,"_zoom":16.125},{"_mousePosition":[663,341],"_rootPartCFrame":[754.47,231.92,47.398,-0.018,0,1,0,1,0,-1,0,-0.018],"_humanoidState":5,"_cameraCFrame":[761.701,247.832,47.27,-0.018,-0.894,0.448,0,0.449,0.894,-1,0.016,-0.008],"_shiftlockState":false,"_pose":"FreeFall","_animationQueue":[],"_animationSpeed":1,"_zoom":16.125},{"_mousePosition":[663,341],"_rootPartCFrame":[754.204,232.36,47.403,-0.018,0,1,0,1,0,-1,0,-0.018],"_humanoidState":5,"_cameraCFrame":[761.435,248.273,47.275,-0.018,-0.894,0.448,0,0.449,0.894,-1,0.016,-0.008],"_shiftlockState":false,"_pose":"FreeFall","_animationQueue":[],"_animationSpeed":1,"_zoom":16.125},{"_mousePosition":[663,341],"_rootPartCFrame":[753.937,232.746,47.407,-0.018,0,1,0,1,0,-1,0,-0.018],"_humanoidState":5,"_cameraCFrame":[761.14,248.673,47.298,-0.015,-0.895,0.447,0,0.447,0.895,-1,0.014,-0.007],"_shiftlockState":false,"_pose":"FreeFall","_animationQueue":[],"_animationSpeed":1,"_zoom":16.125},{"_mousePosition":[663,341],"_rootPartCFrame":[753.671,233.078,47.412,-0.018,0,1,0,1,0,-1,0,-0.018],"_humanoidState":5,"_cameraCFrame":[760.874,249.004,47.303,-0.015,-0.895,0.447,0,0.447,0.895,-1,0.014,-0.007],"_shiftlockState":false,"_pose":"FreeFall","_animationQueue":[],"_animationSpeed":1,"_zoom":16.125},{"_mousePosition":[663,341],"_rootPartCFrame":[753.337,233.416,47.417,-0.017,0,1,0,1,0,-1,0,-0.017],"_humanoidState":5,"_cameraCFrame":[760.541,249.342,47.308,-0.015,-0.895,0.447,0,0.447,0.895,-1,0.014,-0.007],"_shiftlockState":false,"_pose":"FreeFall","_animationQueue":[],"_animationSpeed":1,"_zoom":16.125},{"_mousePosition":[663,341],"_rootPartCFrame":[753.137,233.578,47.42,-0.017,0,1,0,1,0,-1,0,-0.017],"_humanoidState":5,"_cameraCFrame":[760.341,249.504,47.311,-0.015,-0.895,0.447,0,0.447,0.895,-1,0.014,-0.007],"_shiftlockState":false,"_pose":"FreeFall","_animationQueue":[],"_animationSpeed":1,"_zoom":16.125},{"_mousePosition":[663,341],"_rootPartCFrame":[752.871,233.746,47.424,-0.017,0,1,0,1,0,-1,0,-0.017],"_humanoidState":5,"_cameraCFrame":[760.074,249.672,47.315,-0.015,-0.895,0.447,0,0.447,0.895,-1,0.014,-0.007],"_shiftlockState":false,"_pose":"FreeFall","_animationQueue":[],"_animationSpeed":1,"_zoom":16.125},{"_mousePosition":[663,341],"_rootPartCFrame":[752.604,233.859,47.428,-0.017,0,1,0,1,0,-1,0,-0.017],"_humanoidState":5,"_cameraCFrame":[759.807,249.785,47.319,-0.015,-0.895,0.447,0,0.447,0.895,-1,0.014,-0.007],"_shiftlockState":false,"_pose":"FreeFall","_animationQueue":[],"_animationSpeed":1,"_zoom":16.125},{"_mousePosition":[663,341],"_rootPartCFrame":[752.338,233.918,47.433,-0.016,0,1,0,1,0,-1,0,-0.016],"_humanoidState":5,"_cameraCFrame":[759.541,249.844,47.323,-0.015,-0.895,0.447,0,0.447,0.895,-1,0.014,-0.007],"_shiftlockState":false,"_pose":"FreeFall","_animationQueue":[],"_animationSpeed":1,"_zoom":16.125},{"_mousePosition":[663,341],"_rootPartCFrame":[752.071,233.923,47.437,-0.016,0,1,0,1,0,-1,0,-0.016],"_humanoidState":5,"_cameraCFrame":[759.274,249.849,47.327,-0.015,-0.895,0.447,0,0.447,0.895,-1,0.014,-0.007],"_shiftlockState":false,"_pose":"FreeFall","_animationQueue":[],"_animationSpeed":1,"_zoom":16.125},{"_mousePosition":[663,341],"_rootPartCFrame":[751.804,233.873,47.441,-0.016,0,1,0,1,0,-1,0,-0.016],"_humanoidState":5,"_cameraCFrame":[759.008,249.799,47.331,-0.015,-0.895,0.447,0,0.447,0.895,-1,0.014,-0.007],"_shiftlockState":false,"_pose":"FreeFall","_animationQueue":[],"_animationSpeed":1,"_zoom":16.125},{"_mousePosition":[663,341],"_rootPartCFrame":[751.538,233.768,47.445,-0.016,0,1,0,1,0,-1,0,-0.016],"_humanoidState":5,"_cameraCFrame":[758.741,249.694,47.335,-0.015,-0.895,0.447,0,0.447,0.895,-1,0.014,-0.007],"_shiftlockState":false,"_pose":"FreeFall","_animationQueue":[["fall",0.3]],"_animationSpeed":1,"_zoom":16.125},{"_mousePosition":[663,341],"_rootPartCFrame":[751.271,233.609,47.449,-0.016,0,1,0,1,0,-1,0,-0.016],"_humanoidState":5,"_cameraCFrame":[758.474,249.536,47.339,-0.015,-0.895,0.447,0,0.447,0.895,-1,0.014,-0.007],"_shiftlockState":false,"_pose":"FreeFall","_animationQueue":[],"_animationSpeed":1,"_zoom":16.125},{"_mousePosition":[663,341],"_rootPartCFrame":[751.005,233.396,47.453,-0.016,0,1,0,1,0,-1,0,-0.016],"_humanoidState":5,"_cameraCFrame":[758.208,249.322,47.343,-0.015,-0.895,0.447,0,0.447,0.895,-1,0.014,-0.007],"_shiftlockState":false,"_pose":"FreeFall","_animationQueue":[],"_animationSpeed":1,"_zoom":16.125},{"_mousePosition":[663,341],"_rootPartCFrame":[750.738,233.128,47.457,-0.016,0,1,0,1,0,-1,0,-0.016],"_humanoidState":5,"_cameraCFrame":[757.941,249.054,47.347,-0.015,-0.895,0.447,0,0.447,0.895,-1,0.014,-0.007],"_shiftlockState":false,"_pose":"FreeFall","_animationQueue":[],"_animationSpeed":1,"_zoom":16.125},{"_mousePosition":[663,341],"_rootPartCFrame":[750.471,232.805,47.461,-0.016,0,1,0,1,0,-1,0,-0.016],"_humanoidState":5,"_cameraCFrame":[757.675,248.732,47.352,-0.015,-0.895,0.447,0,0.447,0.895,-1,0.014,-0.007],"_shiftlockState":false,"_pose":"FreeFall","_animationQueue":[],"_animationSpeed":1,"_zoom":16.125},{"_mousePosition":[663,341],"_rootPartCFrame":[750.205,232.428,47.465,-0.016,0,1,0,1,0,-1,0,-0.016],"_humanoidState":5,"_cameraCFrame":[757.408,248.355,47.356,-0.015,-0.895,0.447,0,0.447,0.895,-1,0.014,-0.007],"_shiftlockState":false,"_pose":"FreeFall","_animationQueue":[],"_animationSpeed":1,"_zoom":16.125},{"_mousePosition":[663,341],"_rootPartCFrame":[749.938,231.997,47.469,-0.015,0,1,0,1,0,-1,0,-0.015],"_humanoidState":5,"_cameraCFrame":[757.141,247.923,47.36,-0.015,-0.895,0.447,0,0.447,0.895,-1,0.014,-0.007],"_shiftlockState":false,"_pose":"FreeFall","_animationQueue":[["fall",0.3]],"_animationSpeed":1,"_zoom":16.125},{"_mousePosition":[663,341],"_rootPartCFrame":[749.672,231.511,47.473,-0.015,0,1,0,1,0,-1,0,-0.015],"_humanoidState":5,"_cameraCFrame":[756.875,247.437,47.364,-0.015,-0.895,0.447,0,0.447,0.895,-1,0.014,-0.007],"_shiftlockState":false,"_pose":"FreeFall","_animationQueue":[],"_animationSpeed":1,"_zoom":16.125},{"_mousePosition":[663,341],"_rootPartCFrame":[749.405,230.97,47.477,-0.015,0,1,0,1,0,-1,0,-0.015],"_humanoidState":5,"_cameraCFrame":[756.608,246.897,47.368,-0.015,-0.895,0.447,0,0.447,0.895,-1,0.014,-0.007],"_shiftlockState":false,"_pose":"FreeFall","_animationQueue":[],"_animationSpeed":1,"_zoom":16.125},{"_mousePosition":[663,341],"_rootPartCFrame":[749.138,230.375,47.481,-0.015,0,1,0,1,0,-1,0,-0.015],"_humanoidState":5,"_cameraCFrame":[756.342,246.302,47.372,-0.015,-0.895,0.447,0,0.447,0.895,-1,0.014,-0.007],"_shiftlockState":false,"_pose":"FreeFall","_animationQueue":[],"_animationSpeed":1,"_zoom":16.125},{"_mousePosition":[663,341],"_rootPartCFrame":[748.872,229.726,47.485,-0.015,0,1,0,1,0,-1,0,-0.015],"_humanoidState":5,"_cameraCFrame":[756.075,245.652,47.376,-0.015,-0.895,0.447,0,0.447,0.895,-1,0.014,-0.007],"_shiftlockState":false,"_pose":"FreeFall","_animationQueue":[],"_animationSpeed":1,"_zoom":16.125},{"_mousePosition":[663,341],"_rootPartCFrame":[748.605,229.022,47.489,-0.015,0,1,0,1,0,-1,0,-0.015],"_humanoidState":5,"_cameraCFrame":[755.808,244.948,47.38,-0.015,-0.895,0.447,0,0.447,0.895,-1,0.014,-0.007],"_shiftlockState":false,"_pose":"FreeFall","_animationQueue":[],"_animationSpeed":1,"_zoom":16.125},{"_mousePosition":[663,341],"_rootPartCFrame":[748.339,228.263,47.493,-0.015,0,1,0,1,0,-1,0,-0.015],"_humanoidState":5,"_cameraCFrame":[755.542,244.19,47.384,-0.015,-0.895,0.447,0,0.447,0.895,-1,0.014,-0.007],"_shiftlockState":false,"_pose":"FreeFall","_animationQueue":[["fall",0.3]],"_animationSpeed":1,"_zoom":16.125},{"_mousePosition":[663,341],"_rootPartCFrame":[748.005,227.239,47.498,-0.015,0,1,0,1,0,-1,0,-0.015],"_humanoidState":5,"_cameraCFrame":[755.208,243.165,47.389,-0.015,-0.895,0.447,0,0.447,0.895,-1,0.014,-0.007],"_shiftlockState":false,"_pose":"FreeFall","_animationQueue":[],"_animationSpeed":1,"_zoom":16.125},{"_mousePosition":[663,341],"_rootPartCFrame":[747.805,226.583,47.501,-0.015,0,1,0,1,0,-1,0,-0.015],"_humanoidState":5,"_cameraCFrame":[755.009,242.509,47.392,-0.015,-0.895,0.447,0,0.447,0.895,-1,0.014,-0.007],"_shiftlockState":false,"_pose":"FreeFall","_animationQueue":[],"_animationSpeed":1,"_zoom":16.125},{"_mousePosition":[663,341],"_rootPartCFrame":[747.539,225.661,47.505,-0.015,0,1,0,1,0,-1,0,-0.015],"_humanoidState":5,"_cameraCFrame":[754.742,241.587,47.396,-0.015,-0.895,0.447,0,0.447,0.895,-1,0.014,-0.007],"_shiftlockState":false,"_pose":"FreeFall","_animationQueue":[],"_animationSpeed":1,"_zoom":16.125},{"_mousePosition":[663,341],"_rootPartCFrame":[747.364,225.522,47.508,-0.015,0,1,0,1,0,-1,0,-0.015],"_humanoidState":7,"_cameraCFrame":[754.539,241.463,47.399,-0.015,-0.895,0.445,0,0.445,0.896,-1,0.014,-0.007],"_shiftlockState":false,"_pose":"FreeFall","_animationQueue":[["walk",0.1],["fall",0.3],["fall",0.3]],"_animationSpeed":1,"_zoom":16.125},{"_mousePosition":[663,341],"_rootPartCFrame":[747.214,225.52,47.51,-0.015,0,1,0,1,0,-1,0,-0.015],"_humanoidState":7,"_cameraCFrame":[754.361,241.474,47.402,-0.015,-0.896,0.443,0,0.443,0.896,-1,0.014,-0.007],"_shiftlockState":false,"_pose":"FreeFall","_animationQueue":[],"_animationSpeed":1,"_zoom":16.125},{"_mousePosition":[663,341],"_rootPartCFrame":[746.989,225.52,47.514,-0.015,0,1,0,1,0,-1,0,-0.015],"_humanoidState":8,"_cameraCFrame":[754.136,241.474,47.405,-0.015,-0.896,0.443,0,0.443,0.896,-1,0.014,-0.007],"_shiftlockState":false,"_pose":"Running","_animationQueue":[["walk",0.1],["fall",0.3],["walk",0.1]],"_animationSpeed":0.618,"_zoom":16.125},{"_mousePosition":[663,341],"_rootPartCFrame":[746.807,225.52,47.516,-0.015,0,1,0,1,0,-1,0,-0.015],"_humanoidState":8,"_cameraCFrame":[753.953,241.474,47.408,-0.015,-0.896,0.443,0,0.443,0.896,-1,0.014,-0.007],"_shiftlockState":false,"_pose":"Running","_animationQueue":[["walk",0.1],["walk",0.1]],"_animationSpeed":0.756,"_zoom":16.125},{"_mousePosition":[663,341],"_rootPartCFrame":[746.587,225.52,47.52,-0.015,0,1,0,1,0,-1,0,-0.015],"_humanoidState":8,"_cameraCFrame":[753.733,241.474,47.411,-0.015,-0.896,0.443,0,0.443,0.896,-1,0.014,-0.007],"_shiftlockState":false,"_pose":"Running","_animationQueue":[],"_animationSpeed":0.756,"_zoom":16.125},{"_mousePosition":[663,341],"_rootPartCFrame":[746.364,225.559,47.523,-0.015,0,1,0,1,0,-1,0,-0.015],"_humanoidState":8,"_cameraCFrame":[753.482,241.527,47.415,-0.015,-0.897,0.441,0,0.442,0.897,-1,0.014,-0.007],"_shiftlockState":false,"_pose":"Running","_animationQueue":[["walk",0.1]],"_animationSpeed":0.92,"_zoom":16.125},{"_mousePosition":[663,341],"_rootPartCFrame":[746.108,225.659,47.527,-0.015,0,1,0,1,0,-1,0,-0.015],"_humanoidState":8,"_cameraCFrame":[753.227,241.627,47.419,-0.015,-0.897,0.441,0,0.442,0.897,-1,0.014,-0.007],"_shiftlockState":false,"_pose":"Running","_animationQueue":[],"_animationSpeed":0.92,"_zoom":16.125},{"_mousePosition":[663,341],"_rootPartCFrame":[745.845,225.749,47.531,-0.015,0,1,0,1,0,-1,0,-0.015],"_humanoidState":8,"_cameraCFrame":[752.935,241.731,47.423,-0.015,-0.898,0.44,0,0.44,0.898,-1,0.014,-0.007],"_shiftlockState":false,"_pose":"Running","_animationQueue":[["walk",0.1]],"_animationSpeed":1.066,"_zoom":16.125},{"_mousePosition":[663,341],"_rootPartCFrame":[745.58,225.834,47.535,-0.015,0,1,0,1,0,-1,0,-0.015],"_humanoidState":8,"_cameraCFrame":[752.671,241.816,47.427,-0.015,-0.898,0.44,0,0.44,0.898,-1,0.014,-0.007],"_shiftlockState":false,"_pose":"Running","_animationQueue":[],"_animationSpeed":1.066,"_zoom":16.125},{"_mousePosition":[663,341],"_rootPartCFrame":[745.338,225.864,47.539,-0.015,0,1,0,1,0,-1,0,-0.015],"_humanoidState":8,"_cameraCFrame":[752.429,241.846,47.431,-0.015,-0.898,0.44,0,0.44,0.898,-1,0.014,-0.007],"_shiftlockState":false,"_pose":"Running","_animationQueue":[],"_animationSpeed":1.066,"_zoom":16.125},{"_mousePosition":[663,341],"_rootPartCFrame":[745.1,225.829,47.542,-0.015,0,1,0,1,0,-1,0,-0.015],"_humanoidState":8,"_cameraCFrame":[752.162,241.825,47.435,-0.015,-0.899,0.438,0,0.438,0.899,-1,0.014,-0.007],"_shiftlockState":false,"_pose":"Running","_animationQueue":[["walk",0.1],["walk",0.1]],"_animationSpeed":0.987,"_zoom":16.125},{"_mousePosition":[663,341],"_rootPartCFrame":[744.867,225.739,47.546,-0.015,0,1,0,1,0,-1,0,-0.015],"_humanoidState":8,"_cameraCFrame":[751.93,241.735,47.439,-0.015,-0.899,0.438,0,0.438,0.899,-1,0.014,-0.007],"_shiftlockState":false,"_pose":"Running","_animationQueue":[],"_animationSpeed":0.987,"_zoom":16.125},{"_mousePosition":[663,341],"_rootPartCFrame":[744.641,225.594,47.549,-0.015,0,1,0,1,0,-1,0,-0.015],"_humanoidState":8,"_cameraCFrame":[751.703,241.59,47.442,-0.015,-0.899,0.438,0,0.438,0.899,-1,0.014,-0.007],"_shiftlockState":false,"_pose":"Running","_animationQueue":[],"_animationSpeed":0.987,"_zoom":16.125},{"_mousePosition":[663,341],"_rootPartCFrame":[744.416,225.394,47.553,-0.015,0,1,0,1,0,-1,0,-0.015],"_humanoidState":8,"_cameraCFrame":[751.478,241.39,47.446,-0.015,-0.899,0.438,0,0.438,0.899,-1,0.014,-0.007],"_shiftlockState":false,"_pose":"Running","_animationQueue":[["walk",0.1]],"_animationSpeed":0.933,"_zoom":16.125},{"_mousePosition":[663,341],"_rootPartCFrame":[744.196,225.14,47.556,-0.015,0,1,0,1,0,-1,0,-0.015],"_humanoidState":8,"_cameraCFrame":[751.258,241.136,47.449,-0.015,-0.899,0.438,0,0.438,0.899,-1,0.014,-0.007],"_shiftlockState":false,"_pose":"Running","_animationQueue":[],"_animationSpeed":0.933,"_zoom":16.125},{"_mousePosition":[663,341],"_rootPartCFrame":[743.977,224.932,47.559,-0.015,0,1,0,1,0,-1,0,-0.015],"_humanoidState":8,"_cameraCFrame":[751.04,240.928,47.452,-0.015,-0.899,0.438,0,0.438,0.899,-1,0.014,-0.007],"_shiftlockState":false,"_pose":"Running","_animationQueue":[],"_animationSpeed":0.933,"_zoom":16.125},{"_mousePosition":[663,341],"_rootPartCFrame":[743.765,224.817,47.563,-0.015,0,1,0,1,0,-1,0,-0.015],"_humanoidState":8,"_cameraCFrame":[750.827,240.813,47.455,-0.015,-0.899,0.438,0,0.438,0.899,-1,0.014,-0.007],"_shiftlockState":false,"_pose":"Running","_animationQueue":[["walk",0.1]],"_animationSpeed":0.933,"_zoom":16.125},{"_mousePosition":[663,341],"_rootPartCFrame":[743.553,224.647,47.566,-0.015,0,1,0,1,0,-1,0,-0.015],"_humanoidState":8,"_cameraCFrame":[750.615,240.643,47.459,-0.015,-0.899,0.438,0,0.438,0.899,-1,0.014,-0.007],"_shiftlockState":false,"_pose":"Running","_animationQueue":[["walk",0.1]],"_animationSpeed":0.877,"_zoom":16.125},{"_mousePosition":[663,341],"_rootPartCFrame":[743.295,224.444,47.57,-0.015,0,1,0,1,0,-1,0,-0.015],"_humanoidState":8,"_cameraCFrame":[750.358,240.44,47.463,-0.015,-0.899,0.438,0,0.438,0.899,-1,0.014,-0.007],"_shiftlockState":false,"_pose":"Running","_animationQueue":[],"_animationSpeed":0.877,"_zoom":16.125},{"_mousePosition":[663,341],"_rootPartCFrame":[743.09,225.318,47.573,-0.015,0,1,0,1,0,-1,0,-0.015],"_humanoidState":3,"_cameraCFrame":[750.152,241.313,47.466,-0.015,