[{"_mousePosition":[481,309],"_rootPartCFrame":[776.035,222.7,47.142,-0.002,0,1,0,1,0,-1,0,-0.002],"_humanoidState":8,"_cameraCFrame":[784.009,238.209,46.743,-0.05,-0.868,0.495,0,0.495,0.869,-0.999,0.043,-0.025],"_shiftlockState":false,"_pose":"Standing","_animationQueue":[],"_animationSpeed":1,"_zoom":16.125},{"_mousePosition":[481,309],"_rootPartCFrame":[775.788,222.7,47.155,-0.008,0,1,0,1,0,-1,0,-0.008],"_humanoidState":8,"_cameraCFrame":[783.763,238.209,46.755,-0.05,-0.868,0.495,0,0.495,0.869,-0.999,0.043,-0.025],"_shiftlockState":false,"_pose":"Standing","_animationQueue":[],"_animationSpeed":1,"_zoom":16.125},{"_mousePosition":[481,309],"_rootPartCFrame":[775.523,222.7,47.168,-0.014,0,1,0,1,0,-1,0,-0.014],"_humanoidState":8,"_cameraCFrame":[783.497,238.209,46.769,-0.05,-0.868,0.495,0,0.495,0.869,-0.999,0.043,-0.025],"_shiftlockState":false,"_pose":"Running","_animationQueue":[["walk",0.1]],"_animationSpeed":1.066,"_zoom":16.125},{"_mousePosition":[481,309],"_rootPartCFrame":[775.257,222.7,47.181,-0.019,0,1,0,1,0,-1,0,-0.019],"_humanoidState":8,"_cameraCFrame":[783.231,238.209,46.782,-0.05,-0.868,0.495,0,0.495,0.869,-0.999,0.043,-0.025],"_shiftlockState":false,"_pose":"Running","_animationQueue":[["walk",0.1]],"_animationSpeed":1.066,"_zoom":16.125},{"_mousePosition":[481,309],"_rootPartCFrame":[774.99,222.7,47.195,-0.023,0,1,0,1,0,-1,0,-0.023],"_humanoidState":8,"_cameraCFrame":[782.964,238.209,46.795,-0.05,-0.868,0.495,0,0.495,0.869,-0.999,0.043,-0.025],"_shiftlockState":false,"_pose":"Running","_animationQueue":[],"_animationSpeed":1.066,"_zoom":16.125},{"_mousePosition":[481,309],"_rootPartCFrame":[774.724,222.7,47.208,-0.027,0,1,0,1,0,-1,0,-0.027],"_humanoidState":8,"_cameraCFrame":[782.698,238.209,46.809,-0.05,-0.868,0.495,0,0.495,0.869,-0.999,0.043,-0.025],"_shiftlockState":false,"_pose":"Running","_animationQueue":[],"_animationSpeed":1.066,"_zoom":16.125},{"_mousePosition":[481,309],"_rootPartCFrame":[774.457,222.7,47.221,-0.03,0,1,0,1,0,-1,0,-0.03],"_humanoidState":8,"_cameraCFrame":[782.432,238.209,46.822,-0.05,-0.868,0.495,0,0.495,0.869,-0.999,0.043,-0.025],"_shiftlockState":false,"_pose":"Running","_animationQueue":[],"_animationSpeed":1.066,"_zoom":16.125},{"_mousePosition":[481,309],"_rootPartCFrame":[774.191,222.7,47.235,-0.033,0,0.999,0,1,0,-0.999,0,-0.033],"_humanoidState":8,"_cameraCFrame":[782.165,238.209,46.835,-0.05,-0.868,0.495,0,0.495,0.869,-0.999,0.043,-0.025],"_shiftlockState":false,"_pose":"Running","_animationQueue":[],"_animationSpeed":1.066,"_zoom":16.125},{"_mousePosition":[481,309],"_rootPartCFrame":[773.925,222.7,47.248,-0.035,0,0.999,0,1,0,-0.999,0,-0.035],"_humanoidState":8,"_cameraCFrame":[781.899,238.209,46.849,-0.05,-0.868,0.495,0,0.495,0.869,-0.999,0.043,-0.025],"_shiftlockState":false,"_pose":"Running","_animationQueue":[],"_animationSpeed":1.066,"_zoom":16.125},{"_mousePosition":[481,309],"_rootPartCFrame":[773.658,222.7,47.261,-0.037,0,0.999,0,1,0,-0.999,0,-0.037],"_humanoidState":8,"_cameraCFrame":[781.633,238.209,46.862,-0.05,-0.868,0.495,0,0.495,0.869,-0.999,0.043,-0.025],"_shiftlockState":false,"_pose":"Running","_animationQueue":[],"_animationSpeed":1.066,"_zoom":16.125},{"_mousePosition":[481,309],"_rootPartCFrame":[773.392,222.7,47.275,-0.039,0,0.999,0,1,0,-0.999,0,-0.039],"_humanoidState":8,"_cameraCFrame":[781.366,238.209,46.875,-0.05,-0.868,0.495,0,0.495,0.869,-0.999,0.043,-0.025],"_shiftlockState":false,"_pose":"Running","_animationQueue":[["walk",0.1]],"_animationSpeed":1.066,"_zoom":16.125},{"_mousePosition":[481,309],"_rootPartCFrame":[773.126,222.7,47.288,-0.04,0,0.999,0,1,0,-0.999,0,-0.04],"_humanoidState":8,"_cameraCFrame":[781.1,238.209,46.889,-0.05,-0.868,0.495,0,0.495,0.869,-0.999,0.043,-0.025],"_shiftlockState":false,"_pose":"Running","_animationQueue":[],"_animationSpeed":1.066,"_zoom":16.125},{"_mousePosition":[481,309],"_rootPartCFrame":[772.859,222.7,47.301,-0.042,0,0.999,0,1,0,-0.999,0,-0.042],"_humanoidState":8,"_cameraCFrame":[780.834,238.209,46.902,-0.05,-0.868,0.495,0,0.495,0.869,-0.999,0.043,-0.025],"_shiftlockState":false,"_pose":"Running","_animationQueue":[],"_animationSpeed":1.066,"_zoom":16.125},{"_mousePosition":[481,309],"_rootPartCFrame":[772.593,222.7,47.315,-0.043,0,0.999,0,1,0,-0.999,0,-0.043],"_humanoidState":8,"_cameraCFrame":[780.567,238.209,46.915,-0.05,-0.868,0.495,0,0.495,0.869,-0.999,0.043,-0.025],"_shiftlockState":false,"_pose":"Running","_animationQueue":[],"_animationSpeed":1.066,"_zoom":16.125},{"_mousePosition":[481,309],"_rootPartCFrame":[772.327,222.7,47.328,-0.044,0,0.999,0,1,0,-0.999,0,-0.044],"_humanoidState":8,"_cameraCFrame":[780.301,238.209,46.929,-0.05,-0.868,0.495,0,0.495,0.869,-0.999,0.043,-0.025],"_shiftlockState":false,"_pose":"Running","_animationQueue":[],"_animationSpeed":1.066,"_zoom":16.125},{"_mousePosition":[481,309],"_rootPartCFrame":[772.06,222.7,47.341,-0.045,0,0.999,0,1,0,-0.999,0,-0.045],"_humanoidState":8,"_cameraCFrame":[780.034,238.209,46.942,-0.05,-0.868,0.495,0,0.495,0.869,-0.999,0.043,-0.025],"_shiftlockState":false,"_pose":"Running","_animationQueue":[],"_animationSpeed":1.066,"_zoom":16.125},{"_mousePosition":[481,309],"_rootPartCFrame":[771.794,222.7,47.355,-0.045,0,0.999,0,1,0,-0.999,0,-0.045],"_humanoidState":8,"_cameraCFrame":[779.769,238.209,46.976,-0.047,-0.868,0.495,0,0.495,0.869,-0.999,0.041,-0.024],"_shiftlockState":false,"_pose":"Running","_animationQueue":[],"_animationSpeed":1.066,"_zoom":16.125},{"_mousePosition":[481,309],"_rootPartCFrame":[771.528,222.7,47.368,-0.046,0,0.999,0,1,0,-0.999,0,-0.046],"_humanoidState":8,"_cameraCFrame":[779.503,238.209,46.989,-0.047,-0.868,0.495,0,0.495,0.869,-0.999,0.041,-0.024],"_shiftlockState":false,"_pose":"Running","_animationQueue":[["walk",0.1]],"_animationSpeed":1.066,"_zoom":16.125},{"_mousePosition":[481,309],"_rootPartCFrame":[771.261,222.7,47.381,-0.046,0,0.999,0,1,0,-0.999,0,-0.046],"_humanoidState":8,"_cameraCFrame":[779.238,238.209,47.042,-0.042,-0.868,0.495,0,0.495,0.869,-0.999,0.037,-0.021],"_shiftlockState":false,"_pose":"Running","_animationQueue":[],"_animationSpeed":1.066,"_zoom":16.125},{"_mousePosition":[481,309],"_rootPartCFrame":[770.995,222.7,47.393,-0.046,0,0.999,0,1,0,-0.999,0,-0.046],"_humanoidState":8,"_cameraCFrame":[778.973,238.209,47.095,-0.037,-0.868,0.495,0,0.495,0.869,-0.999,0.032,-0.018],"_shiftlockState":false,"_pose":"Running","_animationQueue":[],"_animationSpeed":1.066,"_zoom":16.125},{"_mousePosition":[481,309],"_rootPartCFrame":[770.728,222.7,47.405,-0.046,0,0.999,0,1,0,-0.999,0,-0.046],"_humanoidState":8,"_cameraCFrame":[778.708,238.209,47.147,-0.032,-0.868,0.495,0,0.495,0.869,-0.999,0.028,-0.016],"_shiftlockState":false,"_pose":"Running","_animationQueue":[],"_animationSpeed":1.066,"_zoom":16.125},{"_mousePosition":[481,309],"_rootPartCFrame":[770.462,222.7,47.415,-0.045,0,0.999,0,1,0,-0.999,0,-0.045],"_humanoidState":8,"_cameraCFrame":[778.444,238.209,47.218,-0.025,-0.869,0.495,0,0.495,0.869,-1,0.021,-0.012],"_shiftlockState":false,"_pose":"Running","_animationQueue":[],"_animationSpeed":1.066,"_zoom":16.125},{"_mousePosition":[481,309],"_rootPartCFrame":[770.195,222.666,47.425,-0.044,0,0.999,0,1,0,-0.999,0,-0.044],"_humanoidState":8,"_cameraCFrame":[778.206,238.16,47.288,-0.017,-0.868,0.497,0,0.497,0.868,-1,0.015,-0.009],"_shiftlockState":false,"_pose":"Running","_animationQueue":[],"_animationSpeed":1.066,"_zoom":16.125},{"_mousePosition":[481,309],"_rootPartCFrame":[769.929,223.528,47.435,-0.043,0,0.999,0,1,0,-0.999,0,-0.043],"_humanoidState":3,"_cameraCFrame":[777.967,239.007,47.358,-0.01,-0.867,0.499,0,0.499,0.867,-1,0.008,-0.005],"_shiftlockState":false,"_pose":"Jumping","_animationQueue":[["walk",0.1],["walk",0.1],["jump",0.1]],"_animationSpeed":1,"_zoom":16.125},{"_mousePosition":[481,309],"_rootPartCFrame":[769.662,224.337,47.44,-0.04,0,0.999,0,1,0,-0.999,0,-0.04],"_humanoidState":5,"_cameraCFrame":[777.728,239.8,47.384,-0.007,-0.866,0.5,0,0.5,0.866,-1,0.006,-0.003],"_shiftlockState":false,"_pose":"FreeFall","_animationQueue":[["jump",0.1]],"_animationSpeed":1,"_zoom":16.125},{"_mousePosition":[481,309],"_rootPartCFrame":[769.396,225.091,47.443,-0.036,0,0.999,0,1,0,-0.999,0,-0.036],"_humanoidState":5,"_cameraCFrame":[777.461,240.553,47.387,-0.007,-0.866,0.5,0,0.5,0.866,-1,0.006,-0.003],"_shiftlockState":false,"_pose":"FreeFall","_animationQueue":[],"_animationSpeed":1,"_zoom":16.125},{"_mousePosition":[481,309],"_rootPartCFrame":[769.129,225.79,47.445,-0.032,0,0.999,0,1,0,-0.999,0,-0.032],"_humanoidState":5,"_cameraCFrame":[777.195,241.253,47.389,-0.007,-0.866,0.5,0,0.5,0.866,-1,0.006,-0.003],"_shiftlockState":false,"_pose":"FreeFall","_animationQueue":[],"_animationSpeed":1,"_zoom":16.125},{"_mousePosition":[481,309],"_rootPartCFrame":[768.862,226.435,47.447,-0.029,0,1,0,1,0,-1,0,-0.029],"_humanoidState":5,"_cameraCFrame":[776.928,241.898,47.39,-0.007,-0.866,0.5,0,0.5,0.866,-1,0.006,-0.003],"_shiftlockState":false,"_pose":"FreeFall","_animationQueue":[],"_animationSpeed":1,"_zoom":16.125},{"_mousePosition":[481,309],"_rootPartCFrame":[768.596,227.025,47.449,-0.026,0,1,0,1,0,-1,0,-0.026],"_humanoidState":5,"_cameraCFrame":[776.661,242.488,47.392,-0.007,-0.866,0.5,0,0.5,0.866,-1,0.006,-0.003],"_shiftlockState":false,"_pose":"FreeFall","_animationQueue":[],"_animationSpeed":1,"_zoom":16.125},{"_mousePosition":[481,309],"_rootPartCFrame":[768.329,227.561,47.451,-0.023,0,1,0,1,0,-1,0,-0.023],"_humanoidState":5,"_cameraCFrame":[776.395,243.024,47.394,-0.007,-0.866,0.5,0,0.5,0.866,-1,0.006,-0.003],"_shiftlockState":false,"_pose":"FreeFall","_animationQueue":[],"_animationSpeed":1,"_zoom":16.125},{"_mousePosition":[481,309],"_rootPartCFrame":[768.063,228.043,47.452,-0.021,0,1,0,1,0,-1,0,-0.021],"_humanoidState":5,"_cameraCFrame":[776.128,243.505,47.396,-0.007,-0.866,0.5,0,0.5,0.866,-1,0.006,-0.003],"_shiftlockState":false,"_pose":"FreeFall","_animationQueue":[],"_animationSpeed":1,"_zoom":16.125},{"_mousePosition":[481,309],"_rootPartCFrame":[767.796,228.47,47.454,-0.019,0,1,0,1,0,-1,0,-0.019],"_humanoidState":5,"_cameraCFrame":[775.862,243.932,47.398,-0.007,-0.866,0.5,0,0.5,0.866,-1,0.006,-0.003],"_shiftlockState":false,"_pose":"FreeFall","_animationQueue":[],"_animationSpeed":1,"_zoom":16.125},{"_mousePosition":[481,309],"_rootPartCFrame":[767.529,228.842,47.456,-0.017,0,1,0,1,0,-1,0,-0.017],"_humanoidState":5,"_cameraCFrame":[775.595,244.305,47.4,-0.007,-0.866,0.5,0,0.5,0.866,-1,0.006,-0.003],"_shiftlockState":false,"_pose":"FreeFall","_animationQueue":[],"_animationSpeed":1,"_zoom":16.125},{"_mousePosition":[481,309],"_rootPartCFrame":[767.263,229.16,47.458,-0.016,0,1,0,1,0,-1,0,-0.016],"_humanoidState":5,"_cameraCFrame":[775.328,244.623,47.402,-0.007,-0.866,0.5,0,0.5,0.866,-1,0.006,-0.003],"_shiftlockState":false,"_pose":"FreeFall","_animationQueue":[],"_animationSpeed":1,"_zoom":16.125},{"_mousePosition":[481,309],"_rootPartCFrame":[766.996,229.423,47.46,-0.014,0,1,0,1,0,-1,0,-0.014],"_humanoidState":5,"_cameraCFrame":[775.062,244.886,47.403,-0.007,-0.866,0.5,0,0.5,0.866,-1,0.006,-0.003],"_shiftlockState":false,"_pose":"FreeFall","_animationQueue":[],"_animationSpeed":1,"_zoom":16.125},{"_mousePosition":[481,309],"_rootPartCFrame":[766.729,229.632,47.462,-0.013,0,1,0,1,0,-1,0,-0.013],"_humanoidState":5,"_cameraCFrame":[774.795,245.095,47.405,-0.007,-0.866,0.5,0,0.5,0.866,-1,0.006,-0.003],"_shiftlockState":false,"_pose":"FreeFall","_animationQueue":[],"_animationSpeed":1,"_zoom":16.125},{"_mousePosition":[481,309],"_rootPartCFrame":[766.463,229.787,47.464,-0.013,0,1,0,1,0,-1,0,-0.013],"_humanoidState":5,"_cameraCFrame":[774.529,245.249,47.407,-0.007,-0.866,0.5,0,0.5,0.866,-1,0.006,-0.003],"_shiftlockState":false,"_pose":"FreeFall","_animationQueue":[],"_animationSpeed":1,"_zoom":16.125},{"_mousePosition":[481,309],"_rootPartCFrame":[766.13,229.903,47.466,-0.012,0,1,0,1,0,-1,0,-0.012],"_humanoidState":5,"_cameraCFrame":[774.195,245.366,47.41,-0.007,-0.866,0.5,0,0.5,0.866,-1,0.006,-0.003],"_shiftlockState":false,"_pose":"FreeFall","_animationQueue":[],"_animationSpeed":1,"_zoom":16.125},{"_mousePosition":[481,309],"_rootPartCFrame":[765.93,229.932,47.467,-0.011,0,1,0,1,0,-1,0,-0.011],"_humanoidState":5,"_cameraCFrame":[773.995,245.395,47.411,-0.007,-0.866,0.5,0,0.5,0.866,-1,0.006,-0.003],"_shiftlockState":false,"_pose":"FreeFall","_animationQueue":[],"_animationSpeed":1,"_zoom":16.125},{"_mousePosition":[481,309],"_rootPartCFrame":[765.663,229.923,47.469,-0.01,0,1,0,1,0,-1,0,-0.01],"_humanoidState":5,"_cameraCFrame":[773.729,245.385,47.413,-0.007,-0.866,0.5,0,0.5,0.866,-1,0.006,-0.003],"_shiftlockState":false,"_pose":"FreeFall","_animationQueue":[],"_animationSpeed":1,"_zoom":16.125},{"_mousePosition":[481,309],"_rootPartCFrame":[765.396,229.859,47.471,-0.01,0,1,0,1,0,-1,0,-0.01],"_humanoidState":5,"_cameraCFrame":[773.462,245.322,47.415,-0.007,-0.866,0.5,0,0.5,0.866,-1,0.006,-0.003],"_shiftlockState":false,"_pose":"FreeFall","_animationQueue":[],"_animationSpeed":1,"_zoom":16.125},{"_mousePosition":[481,309],"_rootPartCFrame":[765.13,229.741,47.473,-0.01,0,1,0,1,0,-1,0,-0.01],"_humanoidState":5,"_cameraCFrame":[773.196,245.204,47.416,-0.007,-0.866,0.5,0,0.5,0.866,-1,0.006,-0.003],"_shiftlockState":false,"_pose":"FreeFall","_animationQueue":[],"_animationSpeed":1,"_zoom":16.125},{"_mousePosition":[481,309],"_rootPartCFrame":[764.863,229.568,47.475,-0.009,0,1,0,1,0,-1,0,-0.009],"_humanoidState":5,"_cameraCFrame":[772.929,245.031,47.418,-0.007,-0.866,0.5,0,0.5,0.866,-1,0.006,-0.003],"_shiftlockState":false,"_pose":"FreeFall","_animationQueue":[],"_animationSpeed":1,"_zoom":16.125},{"_mousePosition":[481,309],"_rootPartCFrame":[764.597,229.341,47.477,-0.009,0,1,0,1,0,-1,0,-0.009],"_humanoidState":5,"_cameraCFrame":[772.662,244.804,47.42,-0.007,-0.866,0.5,0,0.5,0.866,-1,0.006,-0.003],"_shiftlockState":false,"_pose":"FreeFall","_animationQueue":[["fall",0.3]],"_animationSpeed":1,"_zoom":16.125},{"_mousePosition":[481,309],"_rootPartCFrame":[764.33,229.06,47.479,-0.009,0,1,0,1,0,-1,0,-0.009],"_humanoidState":5,"_cameraCFrame":[772.396,244.522,47.422,-0.007,-0.866,0.5,0,0.5,0.866,-1,0.006,-0.003],"_shiftlockState":false,"_pose":"FreeFall","_animationQueue":[],"_animationSpeed":1,"_zoom":16.125},{"_mousePosition":[481,309],"_rootPartCFrame":[764.063,228.724,47.48,-0.008,0,1,0,1,0,-1,0,-0.008],"_humanoidState":5,"_cameraCFrame":[772.129,244.186,47.424,-0.007,-0.866,0.5,0,0.5,0.866,-1,0.006,-0.003],"_shiftlockState":false,"_pose":"FreeFall","_animationQueue":[],"_animationSpeed":1,"_zoom":16.125},{"_mousePosition":[481,309],"_rootPartCFrame":[763.797,228.333,47.482,-0.008,0,1,0,1,0,-1,0,-0.008],"_humanoidState":5,"_cameraCFrame":[771.863,243.796,47.426,-0.007,-0.866,0.5,0,0.5,0.866,-1,0.006,-0.003],"_shiftlockState":false,"_pose":"FreeFall","_animationQueue":[],"_animationSpeed":1,"_zoom":16.125},{"_mousePosition":[481,309],"_rootPartCFrame":[763.53,227.888,47.484,-0.008,0,1,0,1,0,-1,0,-0.008],"_humanoidState":5,"_cameraCFrame":[771.596,243.351,47.428,-0.007,-0.866,0.5,0,0.5,0.866,-1,0.006,-0.003],"_shiftlockState":false,"_pose":"FreeFall","_animationQueue":[],"_animationSpeed":1,"_zoom":16.125},{"_mousePosition":[481,309],"_rootPartCFrame":[763.264,227.388,47.486,-0.008,0,1,0,1,0,-1,0,-0.008],"_humanoidState":5,"_cameraCFrame":[771.329,242.851,47.43,-0.007,-0.866,0.5,0,0.5,0.866,-1,0.006,-0.003],"_shiftlockState":false,"_pose":"FreeFall","_animationQueue":[],"_animationSpeed":1,"_zoom":16.125},{"_mousePosition":[481,309],"_rootPartCFrame":[762.997,226.834,47.488,-0.008,0,1,0,1,0,-1,0,-0.008],"_humanoidState":5,"_cameraCFrame":[771.063,242.297,47.431,-0.007,-0.866,0.5,0,0.5,0.866,-1,0.006,-0.003],"_shiftlockState":false,"_pose":"FreeFall","_animationQueue":[],"_animationSpeed":1,"_zoom":16.125},{"_mousePosition":[481,309],"_rootPartCFrame":[762.73,226.226,47.49,-0.008,0,1,0,1,0,-1,0,-0.008],"_humanoidState":5,"_cameraCFrame":[770.796,241.688,47.433,-0.007,-0.866,0.5,0,0.5,0.866,-1,0.006,-0.003],"_shiftlockState":false,"_pose":"FreeFall","_animationQueue":[["fall",0.3]],"_animationSpeed":1,"_zoom":16.125},{"_mousePosition":[481,309],"_rootPartCFrame":[762.464,225.563,47.492,-0.008,0,1,0,1,0,-1,0,-0.008],"_humanoidState":5,"_cameraCFrame":[770.53,241.025,47.435,-0.007,-0.866,0.5,0,0.5,0.866,-1,0.006,-0.003],"_shiftlockState":false,"_pose":"FreeFall","_animationQueue":[],"_animationSpeed":1,"_zoom":16.125},{"_mousePosition":[481,309],"_rootPartCFrame":[762.197,224.845,47.493,-0.007,0,1,0,1,0,-1,0,-0.007],"_humanoidState":5,"_cameraCFrame":[770.263,240.308,47.437,-0.007,-0.866,0.5,0,0.5,0.866,-1,0.006,-0.003],"_shiftlockState":false,"_pose":"FreeFall","_animationQueue":[],"_animationSpeed":1,"_zoom":16.125},{"_mousePosition":[481,309],"_rootPartCFrame":[761.931,224.073,47.495,-0.007,0,1,0,1,0,-1,0,-0.007],"_humanoidState":5,"_cameraCFrame":[769.996,239.535,47.439,-0.007,-0.866,0.5,0,0.5,0.866,-1,0.006,-0.003],"_shiftlockState":false,"_pose":"FreeFall","_animationQueue":[],"_animationSpeed":1,"_zoom":16.125},{"_mousePosition":[481,309],"_rootPartCFrame":[761.675,223.956,47.497,-0.007,0,1,0,1,0,-1,0,-0.007],"_humanoidState":7,"_cameraCFrame":[769.741,239.419,47.441,-0.007,-0.866,0.5,0,0.5,0.866,-1,0.006,-0.003],"_shiftlockState":false,"_pose":"FreeFall","_animationQueue":[["walk",0.1],["fall",0.3],["fall",0.3]],"_animationSpeed":1,"_zoom":16.125},{"_mousePosition":[481,309],"_rootPartCFrame":[761.421,223.954,47.499,-0.007,0,1,0,1,0,-1,0,-0.007],"_humanoidState":7,"_cameraCFrame":[769.487,239.417,47.442,-0.007,-0.866,0.5,0,0.5,0.866,-1,0.006,-0.003],"_shiftlockState":false,"_pose":"FreeFall","_animationQueue":[],"_animationSpeed":1,"_zoom":16.125},{"_mousePosition":[481,309],"_rootPartCFrame":[761.112,223.822,47.501,-0.007,0,1,0,1,0,-1,0,-0.007],"_humanoidState":8,"_cameraCFrame":[769.177,239.285,47.445,-0.007,-0.866,0.5,0,0.5,0.866,-1,0.006,-0.003],"_shiftlockState":false,"_pose":"Running","_animationQueue":[["walk",0.1],["fall",0.3],["walk",0.1]],"_animationSpeed":1.049,"_zoom":16.125},{"_mousePosition":[481,309],"_rootPartCFrame":[760.868,223.816,47.503,-0.007,0,1,0,1,0,-1,0,-0.007],"_humanoidState":8,"_cameraCFrame":[768.933,239.278,47.446,-0.007,-0.866,0.5,0,0.5,0.866,-1,0.006,-0.003],"_shiftlockState":false,"_pose":"Running","_animationQueue":[["walk",0.1]],"_animationSpeed":1.049,"_zoom":16.125},{"_mousePosition":[481,309],"_rootPartCFrame":[760.624,223.856,47.504,-0.007,0,1,0,1,0,-1,0,-0.007],"_humanoidState":8,"_cameraCFrame":[768.69,239.318,47.448,-0.007,-0.866,0.5,0,0.5,0.866,-1,0.006,-0.003],"_shiftlockState":false,"_pose":"Running","_animationQueue":[],"_animationSpeed":1.049,"_zoom":16.125},{"_mousePosition":[481,309],"_rootPartCFrame":[760.509,224.022,47.505,-0.007,0,1,0,1,0,-1,0,-0.007],"_humanoidState":12,"_cameraCFrame":[768.575,239.485,47.449,-0.007,-0.866,0.5,0,0.5,0.866,-1,0.006,-0.003],"_shiftlockState":false,"_pose":"Climbing","_animationQueue":[["walk",0.1],["walk",0.1],["climb",0.1]],"_animationSpeed":0.244,"_zoom":16.125},{"_mousePosition":[481,309],"_rootPartCFrame":[760.504,224.208,47.505,-0.007,0,1,0,1,0,-1,0,-0.007],"_humanoidState":12,"_cameraCFrame":[768.569,239.671,47.449,-0.007,-0.866,0.5,0,0.5,0.866,-1,0.006,-0.003],"_shiftlockState":false,"_pose":"Climbing","_animationQueue":[["climb",0.1]],"_animationSpeed":0.92,"_zoom":16.125},{"_mousePosition":[481,309],"_rootPartCFrame":[760.504,224.442,47.505,-0.007,0,1,0,1,0,-1,0,-0.007],"_humanoidState":12,"_cameraCFrame":[768.569,239.904,47.449,-0.007,-0.866,0.5,0,0.5,0.866,-1,0.006,-0.003],"_shiftlockState":false,"_pose":"Climbing","_animationQueue":[],"_animationSpeed":0.92,"_zoom":16.125},{"_mousePosition":[481,309],"_rootPartCFrame":[760.426,224.561,47.506,-0.007,0,1,0,1,0,-1,0,-0.007],"_humanoidState":8,"_cameraCFrame":[768.492,240.024,47.449,-0.007,-0.866,0.5,0,0.5,0.866,-1,0.006,-0.003],"_shiftlockState":false,"_pose":"Standing","_animationQueue":[["climb",0.1],["idle",0.1],["idle",0.1]],"_animationSpeed":1,"_zoom":16.125},{"_mousePosition":[481,309],"_rootPartCFrame":[760.203,224.66,47.507,-0.007,0,1,0,1,0,-1,0,-0.007],"_humanoidState":8,"_cameraCFrame":[768.268,240.123,47.451,-0.007,-0.866,0.5,0,0.5,0.866,-1,0.006,-0.003],"_shiftlockState":false,"_pose":"Running","_animationQueue":[["walk",0.1]],"_animationSpeed":0.639,"_zoom":16.125},{"_mousePosition":[481,309],"_rootPartCFrame":[759.971,224.666,47.509,-0.007,0,1,0,1,0,-1,0,-0.007],"_humanoidState":8,"_cameraCFrame":[768.037,240.129,47.453,-0.007,-0.866,0.5,0,0.5,0.866,-1,0.006,-0.003],"_shiftlockState":false,"_pose":"Running","_animationQueue":[["walk",0.1]],"_animationSpeed":0.968,"_zoom":16.125},{"_mousePosition":[481,309],"_rootPartCFrame":[759.683,225.75,47.511,-0.007,0,1,0,1,0,-1,0,-0.007],"_humanoidState":3,"_cameraCFrame":[767.748,241.212,47.455,-0.007,-0.866,0.5,0,0.5,0.866,-1,0.006,-0.003],"_shiftlockState":false,"_pose":"Jumping","_animationQueue":[["walk",0.1],["jump",0.1]],"_animationSpeed":1,"_zoom":16.125},{"_mousePosition":[481,309],"_rootPartCFrame":[759.494,226.361,47.512,-0.007,0,1,0,1,0,-1,0,-0.007],"_humanoidState":5,"_cameraCFrame":[767.56,241.824,47.456,-0.007,-0.866,0.5,0,0.5,0.866,-1,0.006,-0.003],"_shiftlockState":false,"_pose":"FreeFall","_animationQueue":[["jump",0.1]],"_animationSpeed":1,"_zoom":16.125},{"_mousePosition":[481,309],"_rootPartCFrame":[759.229,227.129,47.514,-0.007,0,1,0,1,0,-1,0,-0.007],"_humanoidState":5,"_cameraCFrame":[767.322,242.575,47.478,-0.004,-0.865,0.502,0,0.502,0.865,-1,0.004,-0.002],"_shiftlockState":false,"_pose":"FreeFall","_animationQueue":[],"_animationSpeed":1,"_zoom":16.125},{"_mousePosition":[481,309],"_rootPartCFrame":[758.962,227.842,47.516,-0.007,0,1,0,1,0,-1,0,-0.007],"_humanoidState":5,"_cameraCFrame":[767.082,243.273,47.5,-0.002,-0.864,0.504,0,0.504,0.864,-1,0.002,-0.001],"_shiftlockState":false,"_pose":"FreeFall","_animationQueue":[],"_animationSpeed":1,"_zoom":16.125},{"_mousePosition":[481,309],"_rootPartCFrame":[758.695,228.5,47.517,-0.007,0,1,0,1,0,-1,0,-0.007],"_humanoidState":5,"_cameraCFrame":[766.843,243.915,47.502,-0.002,-0.863,0.505,0,0.505,0.863,-1,0.002,-0.001],"_shiftlockState":false,"_pose":"FreeFall","_animationQueue":[],"_animationSpeed":1,"_zoom":16.125},{"_mousePosition":[481,309],"_rootPartCFrame":[758.429,229.104,47.518,-0.006,0,1,0,1,0,-1,0,-0.006],"_humanoidState":5,"_cameraCFrame":[766.603,244.503,47.523,0.001,-0.862,0.507,0,0.507,0.862,-1,-0.001,0],"_shiftlockState":false,"_pose":"FreeFall","_animationQueue":[],"_animationSpeed":1,"_zoom":16.125},{"_mousePosition":[481,309],"_rootPartCFrame":[758.162,229.654,47.518,-0.006,0,1,0,1,0,-1,0,-0.006],"_humanoidState":5,"_cameraCFrame":[766.337,245.053,47.523,0.001,-0.862,0.507,0,0.507,0.862,-1,-0.001,0],"_shiftlockState":false,"_pose":"FreeFall","_animationQueue":[],"_animationSpeed":1,"_zoom":16.125},{"_mousePosition":[481,309],"_rootPartCFrame":[757.896,230.149,47.518,-0.005,0,1,0,1,0,-1,0,-0.005],"_humanoidState":5,"_cameraCFrame":[766.07,245.548,47.523,0.001,-0.862,0.507,0,0.507,0.862,-1,-0.001,0],"_shiftlockState":false,"_pose":"FreeFall","_animationQueue":[],"_animationSpeed":1,"_zoom":16.125},{"_mousePosition":[481,309],"_rootPartCFrame":[757.629,230.589,47.518,-0.004,0,1,0,1,0,-1,0,-0.004],"_humanoidState":5,"_cameraCFrame":[765.804,245.989,47.523,0.001,-0.862,0.507,0,0.507,0.862,-1,-0.001,0],"_shiftlockState":false,"_pose":"FreeFall","_animationQueue":[],"_animationSpeed":1,"_zoom":16.125},{"_mousePosition":[481,309],"_rootPartCFrame":[757.362,230.975,47.518,-0.004,0,1,0,1,0,-1,0,-0.004],"_humanoidState":5,"_cameraCFrame":[765.537,246.375,47.523,0.001,-0.862,0.507,0,0.507,0.862,-1,-0.001,0],"_shiftlockState":false,"_pose":"FreeFall","_animationQueue":[],"_animationSpeed":1,"_zoom":16.125},{"_mousePosition":[481,309],"_rootPartCFrame":[757.096,231.307,47.518,-0.003,0,1,0,1,0,-1,0,-0.003],"_humanoidState":5,"_cameraCFrame":[765.27,246.706,47.523,0.001,-0.862,0.507,0,0.507,0.862,-1,-0.001,0],"_shiftlockState":false,"_pose":"FreeFall","_animationQueue":[],"_animationSpeed":1,"_zoom":16.125},{"_mousePosition":[481,309],"_rootPartCFrame":[756.829,231.584,47.518,-0.002,0,1,0,1,0,-1,0,-0.002],"_humanoidState":5,"_cameraCFrame":[765.004,246.983,47.523,0.001,-0.862,0.507,0,0.507,0.862,-1,-0.001,0],"_shiftlockState":false,"_pose":"FreeFall","_animationQueue":[],"_animationSpeed":1,"_zoom":16.125},{"_mousePosition":[481,309],"_rootPartCFrame":[756.765,231.708,47.523,0.022,0.085,0.996,-0.004,0.996,-0.085,-1,-0.002,0.022],"_humanoidState":12,"_cameraCFrame":[765.094,247.086,47.526,0.001,-0.861,0.509,0,0.509,0.861,-1,-0.001,0],"_shiftlockState":false,"_pose":"FreeFall","_animationQueue":[["walk",0.1]],"_animationSpeed":1.103,"_zoom":16.125},{"_mousePosition":[481,309],"_rootPartCFrame":[756.758,231.874,47.525,-0.006,0.057,0.998,0.01,0.998,-0.057,-1,0.01,-0.006],"_humanoidState":12,"_cameraCFrame":[765.045,247.255,47.545,0.001,-0.861,0.509,0,0.509,0.861,-1,-0.001,0],"_shiftlockState":false,"_pose":"Climbing","_animationQueue":[["climb",0.1]],"_animationSpeed":0.719,"_zoom":16.125},{"_mousePosition":[481,309],"_rootPartCFrame":[756.782,232.052,47.523,-0.028,0.024,0.999,0.009,1,-0.024,-1,0.008,-0.028],"_humanoidState":12,"_cameraCFrame":[765.02,247.435,47.54,0.001,-0.861,0.509,0,0.509,0.861,-1,-0.001,0],"_shiftlockState":false,"_pose":"Climbing","_animationQueue":[["climb",0.1]],"_animationSpeed":0.623,"_zoom":16.125},{"_mousePosition":[481,309],"_rootPartCFrame":[756.786,232.238,47.522,-0.031,0,1,0.001,1,0,-1,0.001,-0.031],"_humanoidState":12,"_cameraCFrame":[764.987,247.622,47.529,0.001,-0.861,0.509,0,0.509,0.861,-1,-0.001,0],"_shiftlockState":false,"_pose":"Climbing","_animationQueue":[["climb",0.1]],"_animationSpeed":0.927,"_zoom":16.125},{"_mousePosition":[481,309],"_rootPartCFrame":[756.788,232.425,47.523,-0.031,-0.003,1,-0.001,1,0.003,-1,-0.001,-0.031],"_humanoidState":12,"_cameraCFrame":[764.986,247.808,47.527,0.001,-0.861,0.509,0,0.509,0.861,-1,-0.001,0],"_shiftlockState":false,"_pose":"Climbing","_animationQueue":[],"_animationSpeed":0.927,"_zoom":16.125},{"_mousePosition":[481,309],"_rootPartCFrame":[756.824,232.589,47.521,-0.001,0.011,1,-0.011,1,-0.011,-1,-0.011,-0.001],"_humanoidState":12,"_cameraCFrame":[765.042,247.972,47.51,0.001,-0.861,0.509,0,0.509,0.861,-1,-0.001,0],"_shiftlockState":false,"_pose":"Climbing","_animationQueue":[],"_animationSpeed":0.927,"_zoom":16.125},{"_mousePosition":[481,309],"_rootPartCFrame":[756.908,232.74,47.527,-0.001,0.022,1,-0.003,1,-0.022,-1,-0.003,-0.001],"_humanoidState":12,"_cameraCFrame":[765.143,248.123,47.528,0.001,-0.861,0.509,0,0.509,0.861,-1,-0.001,0],"_shiftlockState":false,"_pose":"Climbing","_animationQueue":[["climb",0.1]],"_animationSpeed":0.821,"_zoom":16.125},{"_mousePosition":[481,309],"_rootPartCFrame":[757.005,232.903,47.528,0.001,0.018,1,0,1,-0.018,-1,0,0.001],"_humanoidState":12,"_cameraCFrame":[765.234,248.286,47.533,0.001,-0.861,0.509,0,0.509,0.861,-1,-0.001,0],"_shiftlockState":false,"_pose":"Climbing","_animationQueue":[],"_animationSpeed":0.821,"_zoom":16.125},{"_mousePosition":[481,309],"_rootPartCFrame":[757.107,233.072,47.528,0.001,0.012,1,0,1,-0.012,-1,0,0.001],"_humanoidState":12,"_cameraCFrame":[765.327,248.455,47.533,0.001,-0.861,0.509,0,0.509,0.861,-1,-0.001,0],"_shiftlockState":false,"_pose":"Climbing","_animationQueue":[],"_animationSpeed":0.821,"_zoom":16.125},{"_mousePosition":[481,309],"_rootPartCFrame":[757.207,233.243,47.528,0.001,0.01,1,0,1,-0.01,-1,0,0.001],"_humanoidState":12,"_cameraCFrame":[765.424,248.626,47.533,0.001,-0.861,0.509,0,0.509,0.861,-1,-0.001,0],"_shiftlockState":false,"_pose":"Climbing","_animationQueue":[],"_animationSpeed":0.821,"_zoom":16.125},{"_mousePosition":[481,309],"_rootPartCFrame":[757.306,233.413,47.528,0.001,0.01,1,0,1,-0.01,-1,0,0.001],"_humanoidState":12,"_cameraCFrame":[765.522,248.797,47.533,0.001,-0.861,0.509,0,0.509,0.861,-1,-0.001,0],"_shiftlockState":false,"_pose":"Climbing","_animationQueue":[],"_animationSpeed":0.821,"_zoom":16.125},{"_mousePosition":[481,309],"_rootPartCFrame":[757.403,233.584,47.528,0.001,0.011,1,0,1,-0.011,-1,0,0.001],"_humanoidState":12,"_cameraCFrame":[765.621,248.967,47.533,0.001,-0.861,0.509,0,0.509,0.861,-1,-0.001,0],"_shiftlockState":false,"_pose":"Climbing","_animationQueue":[],"_animationSpeed":0.821,"_zoom":16.125},{"_mousePosition":[481,309],"_rootPartCFrame":[757.501,233.753,47.528,0.001,0.011,1,0,1,-0.011,-1,0,0.001],"_humanoidState":12,"_cameraCFrame":[765.719,249.137,47.533,0.001,-0.861,0.509,0,0.509,0.861,-1,-0.001,0],"_shiftlockState":false,"_pose":"Climbing","_animationQueue":[],"_animationSpeed":0.821,"_zoom":16.125},{"_mousePosition":[481,309],"_rootPartCFrame":[757.599,233.923,47.528,0.001,0.011,1,0,1,-0.011,-1,0,0.001],"_humanoidState":12,"_cameraCFrame":[765.817,249.306,47.533,0.001,-0.861,0.509,0,0.509,0.861,-1,-0.001,0],"_shiftlockState":false,"_pose":"Climbing","_animationQueue":[],"_animationSpeed":0.821,"_zoom":16.125},{"_mousePosition":[481,309],"_rootPartCFrame":[757.694,234.095,47.528,0.001,0.01,1,0,1,-0.01,-1,0,0.001],"_humanoidState":12,"_cameraCFrame":[765.91,249.479,47.533,0.001,-0.861,0.509,0,0.509,0.861,-1,-0.001,0],"_shiftlockState":false,"_pose":"Climbing","_animationQueue":[],"_animationSpeed":0.821,"_zoom":16.125},{"_mousePosition":[481,309],"_rootPartCFrame":[757.76,234.278,47.528,0.001,0.005,1,0,1,-0.005,-1,0,0.001],"_humanoidState":12,"_cameraCFrame":[765.97,249.661,47.533,0.001,-0.861,0.509,0,0.509,0.861,-1,-0.001,0],"_shiftlockState":false,"_pose":"Climbing","_animationQueue":[["climb",0.1]],"_animationSpeed":0.902,"_zoom":16.125},{"_mousePosition":[481,309],"_rootPartCFrame":[757.819,234.455,47.528,0.001,0.009,1,0,1,-0.009,-1,0,0.001],"_humanoidState":12,"_cameraCFrame":[766.062,249.822,47.533,0.001,-0.86,0.51,0,0.51,0.86,-1,-0.001,0],"_shiftlockState":false,"_pose":"Climbing","_animationQueue":[],"_animationSpeed":0.902,"_zoom":16.125},{"_mousePosition":[481,309],"_rootPartCFrame":[757.879,234.629,47.528,0.001,0.014,1,0,1,-0.014,-1,0,0.001],"_humanoidState":12,"_cameraCFrame":[766.155,249.98,47.554,0.003,-0.859,0.512,0,0.512,0.859,-1,-0.003,0.002],"_shiftlockState":false,"_pose":"Climbing","_animationQueue":[],"_animationSpeed":0.902,"_zoom":16.125},{"_mousePosition":[481,309],"_rootPartCFrame":[757.941,234.803,47.528,0.001,0.015,1,0,1,-0.015,-1,0,0.001],"_humanoidState":12,"_cameraCFrame":[766.273,250.122,47.554,0.003,-0.857,0.515,0,0.515,0.857,-1,-0.003,0.002],"_shiftlockState":false,"_pose":"Climbing","_animationQueue":[],"_animationSpeed":0.902,"_zoom":16.125},{"_mousePosition":[481,309],"_rootPartCFrame":[758.005,234.977,47.528,0.001,0.014,1,0,1,-0.014,-1,0,0.001],"_humanoidState":12,"_cameraCFrame":[766.39,250.264,47.554,0.003,-0.855,0.519,0,0.519,0.855,-1,-0.003,0.002],"_shiftlockState":false,"_pose":"Climbing","_animationQueue":[],"_animationSpeed":0.902,"_zoom":16.125},{"_mousePosition":[481,309],"_rootPartCFrame":[758.069,235.152,47.528,0.001,0.013,1,0,1,-0.013,-1,0,0.001],"_humanoidState":12,"_cameraCFrame":[766.506,250.406,47.576,0.006,-0.853,0.522,0,0.522,0.853,-1,-0.005,0.003],"_shiftlockState":false,"_pose":"Climbing","_animationQueue":[],"_animationSpeed":0.902,"_zoom":16.125},{"_mousePosition":[481,309],"_rootPartCFrame":[758.133,235.327,47.528,0.001,0.013,1,0,1,-0.013,-1,0,0.001],"_humanoidState":12,"_cameraCFrame":[766.623,250.548,47.598,0.008,-0.851,0.525,0,0.525,0.851,-1,-0.007,0.004],"_shiftlockState":false,"_pose":"Climbing","_animationQueue":[],"_animationSpeed":0.902,"_zoom":16.125},{"_mousePosition":[481,309],"_rootPartCFrame":[758.197,235.502,47.528,0.001,0.013,1,0,1,-0.013,-1,0,0.001],"_humanoidState":12,"_cameraCFrame":[766.767,250.673,47.598,0.008,-0.848,0.53,0,0.53,0.848,-1,-0.007,0.004],"_shiftlockState":false,"_pose":"Climbing","_animationQueue":[],"_animationSpeed":0.902,"_zoom":16.125},{"_mousePosition":[481,309],"_rootPartCFrame":[758.26,235.677,47.528,0.001,0.013,1,0,1,-0.013,-1,0,0.001],"_humanoidState":12,"_cameraCFrame":[766.884,250.814,47.62,0.011,-0.846,0.534,0,0.534,0.846,-1,-0.009,0.006],"_shiftlockState":false,"_pose":"Climbing","_animationQueue":[],"_animationSpeed":0.902,"_zoom":16.125},{"_mousePosition":[481,309],"_rootPartCFrame":[758.324,235.852,47.528,0.001,0.013,1,0,1,-0.013,-1,0,0.001],"_humanoidState":12,"_cameraCFrame":[767,250.956,47.621,0.011,-0.844,0.537,0,0.537,0.844,-1,-0.009,0.006],"_shiftlockState":false,"_pose":"Climbing","_animationQueue":[],"_animationSpeed":0.902,"_zoom":16.125},{"_mousePosition":[481,309],"_rootPartCFrame":[758.371,236.034,47.528,0.001,0.007,1,0,1,-0.007,-1,0,0.001],"_humanoidState":12,"_cameraCFrame":[767.116,251.087,47.644,0.013,-0.84,0.542,0,0.542,0.841,-1,-0.011,0.007],"_shiftlockState":false,"_pose":"Climbing","_animationQueue":[],"_animationSpeed":0.902,"_zoom":16.125},{"_mousePosition":[481,309],"_rootPartCFrame":[758.4,236.215,47.528,-0.001,0.008,1,0,1,-0.008,-1,0,-0.001],"_humanoidState":12,"_cameraCFrame":[767.2,251.234,47.645,0.013,-0.838,0.545,0,0.545,0.838,-1,-0.011,0.007],"_shiftlockState":false,"_pose":"Climbing","_animationQueue":[],"_animationSpeed":0.902,"_zoom":16.125},{"_mousePosition":[481,309],"_rootPartCFrame":[758.426,236.394,47.528,-0.001,0.013,1,0,1,-0.013,-1,0,-0.001],"_humanoidState":12,"_cameraCFrame":[767.313,251.361,47.668,0.016,-0.835,0.55,0,0.55,0.835,-1,-0.013,0.009],"_shiftlockState":false,"_pose":"Climbing","_animationQueue":[],"_animationSpeed":0.902,"_zoom":16.125},{"_mousePosition":[481,309],"_rootPartCFrame":[758.455,236.572,47.528,-0.001,0.016,1,0,1,-0.016,-1,0,-0.001],"_humanoidState":12,"_cameraCFrame":[767.399,251.505,47.669,0.016,-0.833,0.553,0,0.553,0.833,-1,-0.013,0.009],"_shiftlockState":false,"_pose":"Climbing","_animationQueue":[],"_animationSpeed":0.902,"_zoom":16.125},{"_mousePosition":[481,309],"_rootPartCFrame":[758.486,236.75,47.528,-0.001,0.016,1,0,1,-0.016,-1,0,-0.001],"_humanoidState":12,"_cameraCFrame":[767.43,251.683,47.669,0.016,-0.833,0.553,0,0.553,0.833,-1,-0.013,0.009],"_shiftlockState":false,"_pose":"Climbing","_animationQueue":[],"_animationSpeed":0.902,"_zoom":16.125},{"_mousePosition":[481,309],"_rootPartCFrame":[758.519,236.928,47.528,-0.001,0.016,1,0,1,-0.016,-1,0,-0.001],"_humanoidState":12,"_cameraCFrame":[767.461,251.861,47.669,0.016,-0.833,0.553,0,0.553,0.833,-1,-0.013,0.009],"_shiftlockState":false,"_pose":"Climbing","_animationQueue":[],"_animationSpeed":0.902,"_zoom":16.125},{"_mousePosition":[481,309],"_rootPartCFrame":[758.551,237.107,47.528,-0.001,0.015,1,0,1,-0.015,-1,0,-0.001],"_humanoidState":12,"_cameraCFrame":[767.492,252.04,47.669,0.016,-0.833,0.553,0,0.553,0.833,-1,-0.013,0.009],"_shiftlockState":false,"_pose":"Climbing","_animationQueue":[],"_animationSpeed":0.902,"_zoom":16.125},{"_mousePosition":[481,309],"_rootPartCFrame":[758.582,237.286,47.528,-0.001,0.015,1,0,1,-0.015,-1,0,-0.001],"_humanoidState":12,"_cameraCFrame":[767.576,252.184,47.692,0.018,-0.831,0.556,0,0.556,0.831,-1,-0.015,0.01],"_shiftlockState":false,"_pose":"Climbing","_animationQueue":[["climb",0]],"_animationSpeed":0.902,"_zoom":16.125},{"_mousePosition":[481,309],"_rootPartCFrame":[758.614,237.465,47.528,-0.001,0.015,1,0,1,-0.015,-1,0,-0.001],"_humanoidState":12,"_cameraCFrame":[767.659,252.327,47.693,0.018,-0.829,0.56,0,0.56,0.829,-1,-0.015,0.01],"_shiftlockState":false,"_pose":"Climbing","_animationQueue":[],"_animationSpeed":0.902,"_zoom":16.125},{"_mousePosition":[481,309],"_rootPartCFrame":[758.645,237.643,47.528,-0.001,0.015,1,0,1,-0.015,-1,0,-0.001],"_humanoidState":12,"_cameraCFrame":[767.717,252.489,47.694,0.018,-0.827,0.561,0,0.561,0.828,-1,-0.015,0.01],"_shiftlockState":false,"_pose":"Climbing","_animationQueue":[],"_animationSpeed":0.902,"_zoom":16.125},{"_mousePosition":[481,309],"_rootPartCFrame":[758.677,237.822,47.528,-0.001,0.015,1,0,1,-0.015,-1,0,-0.001],"_humanoidState":12,"_cameraCFrame":[767.774,252.65,47.694,0.018,-0.826,0.563,0,0.563,0.827,-1,-0.015,0.01],"_shiftlockState":false,"_pose":"Climbing","_animationQueue":[],"_animationSpeed":0.902,"_zoom":16.125},{"_mousePosition":[481,309],"_rootPartCFrame":[758.693,238.005,47.528,-0.001,0.008,1,0,1,-0.008,-1,0,-0.001],"_humanoidState":12,"_cameraCFrame":[767.78,252.833,47.694,0.018,-0.826,0.563,0,0.563,0.827,-1,-0.015,0.01],"_shiftlockState":false,"_pose":"Climbing","_animationQueue":[],"_animationSpeed":0.902,"_zoom":16.125},{"_mousePosition":[481,309],"_rootPartCFrame":[758.697,238.191,47.528,0,0.003,1,0,1,-0.003,-1,0,0],"_humanoidState":12,"_cameraCFrame":[767.777,253.019,47.694,0.018,-0.826,0.563,0,0.563,0.827,-1,-0.015,0.01],"_shiftlockState":false,"_pose":"Climbing","_animationQueue":[],"_animationSpeed":0.902,"_zoom":16.125},{"_mousePosition":[481,309],"_rootPartCFrame":[758.699,238.377,47.528,0,0.001,1,0,1,-0.001,-1,0,0],"_humanoidState":12,"_cameraCFrame":[767.776,253.205,47.694,0.018,-0.826,0.563,0,0.563,0.827,-1,-0.015,0.01],"_shiftlockState":false,"_pose":"Climbing","_animationQueue":[],"_animationSpeed":0.902,"_zoom":16.125},{"_mousePosition":[481,309],"_rootPartCFrame":[758.7,238.564,47.528,0,0,1,0,1,0,-1,0,0],"_humanoidState":12,"_cameraCFrame":[767.801,253.374,47.695,0.018,-0.825,0.564,0,0.565,0.825,-1,-0.015,0.01],"_shiftlockState":false,"_pose":"Climbing","_animationQueue":[],"_animationSpeed":0.902,"_zoom":16.125},{"_mousePosition":[481,309],"_rootPartCFrame":[758.7,238.75,47.528,0,0,1,0,1,0,-1,0,0],"_humanoidState":12,"_cameraCFrame":[767.801,253.56,47.695,0.018,-0.825,0.564,0,0.565,0.825,-1,-0.015,0.01],"_shiftlockState":false,"_pose":"Climbing","_animationQueue":[],"_animationSpeed":0.902,"_zoom":16.125},{"_mousePosition":[481,309],"_rootPartCFrame":[758.7,238.937,47.528,0,0,1,0,1,0,-1,0,0],"_humanoidState":12,"_cameraCFrame":[767.801,253.747,47.695,0.018,-0.825,0.564,0,0.565,0.825,-1,-0.015,0.01],"_shiftlockState":false,"_pose":"Climbing","_animationQueue":[],"_animationSpeed":0.902,"_zoom":16.125},{"_mousePosition":[481,309],"_rootPartCFrame":[758.7,239.124,47.528,0,0,1,0,1,0,-1,0,0],"_humanoidState":12,"_cameraCFrame":[767.801,253.934,47.695,0.018,-0.825,0.564,0,0.565,0.825,-1,-0.015,0.01],"_shiftlockState":false,"_pose":"Climbing","_animationQueue":[],"_animationSpeed":0.902,"_zoom":16.125},{"_mousePosition":[481,309],"_rootPartCFrame":[758.7,239.31,47.528,0,0,1,0,1,0,-1,0,0],"_humanoidState":12,"_cameraCFrame":[767.801,254.12,47.695,0.018,-0.825,0.564,0,0.565,0.825,-1,-0.015,0.01],"_shiftlockState":false,"_pose":"Climbing","_animationQueue":[],"_animationSpeed":0.902,"_zoom":16.125},{"_mousePosition":[481,309],"_rootPartCFrame":[758.7,239.497,47.528,0,0,1,0,1,0,-1,0,0],"_humanoidState":12,"_cameraCFrame":[767.801,254.307,47.695,0.018,-0.825,0.564,0,0.565,0.825,-1,-0.015,0.01],"_shiftlockState":false,"_pose":"Climbing","_animationQueue":[],"_animationSpeed":0.902,"_zoom":16.125},{"_mousePosition":[481,309],"_rootPartCFrame":[758.7,239.73,47.528,0,0,1,0,1,0,-1,0,0],"_humanoidState":12,"_cameraCFrame":[767.801,254.54,47.695,0.018,-0.825,0.564,0,0.565,0.825,-1,-0.015,0.01],"_shiftlockState":false,"_pose":"Climbing","_animationQueue":[],"_animationSpeed":0.902,"_zoom":16.125},{"_mousePosition":[481,309],"_rootPartCFrame":[758.7,239.87,47.528,0,0,1,0,1,0,-1,0,0],"_humanoidState":12,"_cameraCFrame":[767.801,254.68,47.695,0.018,-0.825,0.564,0,0.565,0.825,-1,-0.015,0.01],"_shiftlockState":false,"_pose":"Climbing","_animationQueue":[],"_animationSpeed":0.902,"_zoom":16.125},{"_mousePosition":[481,309],"_rootPartCFrame":[758.7,240.057,47.528,0,0,1,0,1,0,-1,0,0],"_humanoidState":12,"_cameraCFrame":[767.801,254.867,47.695,0.018,-0.825,0.564,0,0.565,0.825,-1,-0.015,0.01],"_shiftlockState":false,"_pose":"Climbing","_animationQueue":[],"_animationSpeed":0.902,"_zoom":16.125},{"_mousePosition":[481,309],"_rootPartCFrame":[758.7,240.29,47.528,0,0,1,0,1,0,-1,0,0],"_humanoidState":12,"_cameraCFrame":[767.801,255.1,47.695,0.018,-0.825,0.564,0,0.565,0.825,-1,-0.015,0.01],"_shiftlockState":false,"_pose":"Climbing","_animationQueue":[],"_animationSpeed":0.902,"_zoom":16.125},{"_mousePosition":[481,309],"_rootPartCFrame":[758.7,240.43,47.528,0,0,1,0,1,0,-1,0,0],"_humanoidState":12,"_cameraCFrame":[767.801,255.24,47.695,0.018,-0.825,0.564,0,0.56