[{"_mousePosition":[707,422],"_rootPartCFrame":[776.024,222.7,47.142,0.004,0,1,0,1,0,-1,0,0.004],"_humanoidState":8,"_cameraCFrame":[781.897,239.204,46.513,-0.107,-0.925,0.364,0,0.366,0.931,-0.994,0.099,-0.039],"_shiftlockState":false,"_pose":"Standing","_animationQueue":[],"_animationSpeed":1,"_zoom":16.125},{"_mousePosition":[707,422],"_rootPartCFrame":[775.722,222.695,47.174,-0.014,0,1,0,1,0,-1,0,-0.014],"_humanoidState":8,"_cameraCFrame":[781.595,239.2,46.545,-0.107,-0.925,0.364,0,0.366,0.931,-0.994,0.099,-0.039],"_shiftlockState":false,"_pose":"Standing","_animationQueue":[],"_animationSpeed":1,"_zoom":16.125},{"_mousePosition":[707,422],"_rootPartCFrame":[775.59,222.696,47.188,-0.021,0,1,0,1,0,-1,0,-0.021],"_humanoidState":8,"_cameraCFrame":[781.463,239.201,46.559,-0.107,-0.925,0.364,0,0.366,0.931,-0.994,0.099,-0.039],"_shiftlockState":false,"_pose":"Running","_animationQueue":[["walk",0.1]],"_animationSpeed":1.089,"_zoom":16.125},{"_mousePosition":[707,422],"_rootPartCFrame":[775.325,222.698,47.217,-0.032,0,0.999,0,1,0,-0.999,0,-0.032],"_humanoidState":8,"_cameraCFrame":[781.198,239.202,46.588,-0.107,-0.925,0.364,0,0.366,0.931,-0.994,0.099,-0.039],"_shiftlockState":false,"_pose":"Running","_animationQueue":[],"_animationSpeed":1.089,"_zoom":16.125},{"_mousePosition":[707,422],"_rootPartCFrame":[775.06,222.699,47.245,-0.042,0,0.999,0,1,0,-0.999,0,-0.042],"_humanoidState":8,"_cameraCFrame":[780.932,239.203,46.616,-0.107,-0.925,0.364,0,0.366,0.931,-0.994,0.099,-0.039],"_shiftlockState":false,"_pose":"Running","_animationQueue":[["walk",0.1]],"_animationSpeed":1.089,"_zoom":16.125},{"_mousePosition":[707,422],"_rootPartCFrame":[774.662,222.699,47.288,-0.055,0,0.998,0,1,0,-0.998,0,-0.055],"_humanoidState":8,"_cameraCFrame":[780.535,239.204,46.659,-0.107,-0.925,0.364,0,0.366,0.931,-0.994,0.099,-0.039],"_shiftlockState":false,"_pose":"Running","_animationQueue":[],"_animationSpeed":1.089,"_zoom":16.125},{"_mousePosition":[707,422],"_rootPartCFrame":[774.529,222.699,47.302,-0.059,0,0.998,0,1,0,-0.998,0,-0.059],"_humanoidState":8,"_cameraCFrame":[780.402,239.204,46.673,-0.107,-0.925,0.364,0,0.366,0.931,-0.994,0.099,-0.039],"_shiftlockState":false,"_pose":"Running","_animationQueue":[],"_animationSpeed":1.089,"_zoom":16.125},{"_mousePosition":[707,422],"_rootPartCFrame":[774.132,222.7,47.345,-0.068,0,0.998,0,1,0,-0.998,0,-0.068],"_humanoidState":8,"_cameraCFrame":[780.004,239.204,46.716,-0.107,-0.925,0.364,0,0.366,0.931,-0.994,0.099,-0.039],"_shiftlockState":false,"_pose":"Running","_animationQueue":[],"_animationSpeed":1.089,"_zoom":16.125},{"_mousePosition":[708,423],"_rootPartCFrame":[773.867,222.7,47.373,-0.074,0,0.997,0,1,0,-0.997,0,-0.074],"_humanoidState":8,"_cameraCFrame":[779.739,239.204,46.744,-0.107,-0.925,0.364,0,0.366,0.931,-0.994,0.099,-0.039],"_shiftlockState":false,"_pose":"Running","_animationQueue":[],"_animationSpeed":1.089,"_zoom":16.125},{"_mousePosition":[708,423],"_rootPartCFrame":[773.602,222.7,47.402,-0.078,0,0.997,0,1,0,-0.997,0,-0.078],"_humanoidState":8,"_cameraCFrame":[779.474,239.204,46.772,-0.107,-0.925,0.364,0,0.366,0.931,-0.994,0.099,-0.039],"_shiftlockState":false,"_pose":"Running","_animationQueue":[],"_animationSpeed":1.089,"_zoom":16.125},{"_mousePosition":[708,423],"_rootPartCFrame":[773.336,222.7,47.43,-0.082,0,0.997,0,1,0,-0.997,0,-0.082],"_humanoidState":8,"_cameraCFrame":[779.209,239.204,46.801,-0.107,-0.925,0.364,0,0.366,0.931,-0.994,0.099,-0.039],"_shiftlockState":false,"_pose":"Running","_animationQueue":[["walk",0.1]],"_animationSpeed":1.089,"_zoom":16.125},{"_mousePosition":[708,423],"_rootPartCFrame":[773.071,222.7,47.458,-0.085,0,0.996,0,1,0,-0.996,0,-0.085],"_humanoidState":8,"_cameraCFrame":[778.944,239.204,46.829,-0.107,-0.925,0.364,0,0.366,0.931,-0.994,0.099,-0.039],"_shiftlockState":false,"_pose":"Running","_animationQueue":[],"_animationSpeed":1.089,"_zoom":16.125},{"_mousePosition":[708,423],"_rootPartCFrame":[772.806,222.7,47.487,-0.088,0,0.996,0,1,0,-0.996,0,-0.088],"_humanoidState":8,"_cameraCFrame":[778.679,239.204,46.858,-0.107,-0.925,0.364,0,0.366,0.931,-0.994,0.099,-0.039],"_shiftlockState":false,"_pose":"Running","_animationQueue":[],"_animationSpeed":1.089,"_zoom":16.125},{"_mousePosition":[708,423],"_rootPartCFrame":[772.541,222.7,47.515,-0.091,0,0.996,0,1,0,-0.996,0,-0.091],"_humanoidState":8,"_cameraCFrame":[778.414,239.204,46.886,-0.107,-0.925,0.364,0,0.366,0.931,-0.994,0.099,-0.039],"_shiftlockState":false,"_pose":"Running","_animationQueue":[],"_animationSpeed":1.089,"_zoom":16.125},{"_mousePosition":[708,423],"_rootPartCFrame":[772.276,222.7,47.544,-0.093,0,0.996,0,1,0,-0.996,0,-0.093],"_humanoidState":8,"_cameraCFrame":[778.148,239.204,46.914,-0.107,-0.925,0.364,0,0.366,0.931,-0.994,0.099,-0.039],"_shiftlockState":false,"_pose":"Running","_animationQueue":[],"_animationSpeed":1.089,"_zoom":16.125},{"_mousePosition":[708,423],"_rootPartCFrame":[772.143,222.7,47.558,-0.094,0,0.996,0,1,0,-0.996,0,-0.094],"_humanoidState":8,"_cameraCFrame":[778.016,239.204,46.929,-0.107,-0.925,0.364,0,0.366,0.931,-0.994,0.099,-0.039],"_shiftlockState":false,"_pose":"Running","_animationQueue":[],"_animationSpeed":1.089,"_zoom":16.125},{"_mousePosition":[708,423],"_rootPartCFrame":[771.878,222.7,47.586,-0.095,0,0.995,0,1,0,-0.995,0,-0.095],"_humanoidState":8,"_cameraCFrame":[777.751,239.204,46.957,-0.107,-0.925,0.364,0,0.366,0.931,-0.994,0.099,-0.039],"_shiftlockState":false,"_pose":"Running","_animationQueue":[],"_animationSpeed":1.089,"_zoom":16.125},{"_mousePosition":[708,423],"_rootPartCFrame":[771.613,222.7,47.615,-0.097,0,0.995,0,1,0,-0.995,0,-0.097],"_humanoidState":8,"_cameraCFrame":[777.486,239.204,46.985,-0.107,-0.925,0.364,0,0.366,0.931,-0.994,0.099,-0.039],"_shiftlockState":false,"_pose":"Running","_animationQueue":[["walk",0.1]],"_animationSpeed":1.089,"_zoom":16.125},{"_mousePosition":[708,423],"_rootPartCFrame":[771.348,222.7,47.643,-0.098,0,0.995,0,1,0,-0.995,0,-0.098],"_humanoidState":8,"_cameraCFrame":[777.221,239.204,47.014,-0.107,-0.925,0.364,0,0.366,0.931,-0.994,0.099,-0.039],"_shiftlockState":false,"_pose":"Running","_animationQueue":[],"_animationSpeed":1.089,"_zoom":16.125},{"_mousePosition":[708,423],"_rootPartCFrame":[770.95,222.7,47.686,-0.1,0,0.995,0,1,0,-0.995,0,-0.1],"_humanoidState":8,"_cameraCFrame":[776.823,239.204,47.056,-0.107,-0.925,0.364,0,0.366,0.931,-0.994,0.099,-0.039],"_shiftlockState":false,"_pose":"Running","_animationQueue":[],"_animationSpeed":1.089,"_zoom":16.125},{"_mousePosition":[708,424],"_rootPartCFrame":[770.818,222.7,47.7,-0.1,0,0.995,0,1,0,-0.995,0,-0.1],"_humanoidState":8,"_cameraCFrame":[776.69,239.204,47.071,-0.107,-0.925,0.364,0,0.366,0.931,-0.994,0.099,-0.039],"_shiftlockState":false,"_pose":"Running","_animationQueue":[],"_animationSpeed":1.089,"_zoom":16.125},{"_mousePosition":[708,424],"_rootPartCFrame":[770.42,222.7,47.743,-0.102,0,0.995,0,1,0,-0.995,0,-0.102],"_humanoidState":8,"_cameraCFrame":[776.293,239.204,47.113,-0.107,-0.925,0.364,0,0.366,0.931,-0.994,0.099,-0.039],"_shiftlockState":false,"_pose":"Running","_animationQueue":[],"_animationSpeed":1.089,"_zoom":16.125},{"_mousePosition":[708,424],"_rootPartCFrame":[770.221,222.679,47.764,-0.102,0,0.995,0,1,0,-0.995,0,-0.102],"_humanoidState":8,"_cameraCFrame":[776.094,239.184,47.135,-0.107,-0.925,0.364,0,0.366,0.931,-0.994,0.099,-0.039],"_shiftlockState":false,"_pose":"Running","_animationQueue":[],"_animationSpeed":1.089,"_zoom":16.125},{"_mousePosition":[708,424],"_rootPartCFrame":[769.89,223.749,47.799,-0.103,0,0.995,0,1,0,-0.995,0,-0.103],"_humanoidState":3,"_cameraCFrame":[775.762,240.254,47.17,-0.107,-0.925,0.364,0,0.366,0.931,-0.994,0.099,-0.039],"_shiftlockState":false,"_pose":"Jumping","_animationQueue":[["walk",0.1],["walk",0.1],["jump",0.1]],"_animationSpeed":1,"_zoom":16.125},{"_mousePosition":[708,424],"_rootPartCFrame":[769.691,224.351,47.821,-0.104,0,0.995,0,1,0,-0.995,0,-0.104],"_humanoidState":5,"_cameraCFrame":[775.563,240.855,47.191,-0.107,-0.925,0.364,0,0.366,0.931,-0.994,0.099,-0.039],"_shiftlockState":false,"_pose":"FreeFall","_animationQueue":[["jump",0.1]],"_animationSpeed":1,"_zoom":16.125},{"_mousePosition":[708,424],"_rootPartCFrame":[769.426,225.104,47.849,-0.104,0,0.995,0,1,0,-0.995,0,-0.104],"_humanoidState":5,"_cameraCFrame":[775.298,241.609,47.22,-0.107,-0.925,0.364,0,0.366,0.931,-0.994,0.099,-0.039],"_shiftlockState":false,"_pose":"FreeFall","_animationQueue":[],"_animationSpeed":1,"_zoom":16.125},{"_mousePosition":[708,424],"_rootPartCFrame":[769.16,225.804,47.877,-0.104,0,0.995,0,1,0,-0.995,0,-0.104],"_humanoidState":5,"_cameraCFrame":[775.033,242.308,47.248,-0.107,-0.925,0.364,0,0.366,0.931,-0.994,0.099,-0.039],"_shiftlockState":false,"_pose":"FreeFall","_animationQueue":[],"_animationSpeed":1,"_zoom":16.125},{"_mousePosition":[708,424],"_rootPartCFrame":[768.895,226.449,47.906,-0.105,0,0.994,0,1,0,-0.994,0,-0.105],"_humanoidState":5,"_cameraCFrame":[774.768,242.953,47.277,-0.107,-0.925,0.364,0,0.366,0.931,-0.994,0.099,-0.039],"_shiftlockState":false,"_pose":"FreeFall","_animationQueue":[],"_animationSpeed":1,"_zoom":16.125},{"_mousePosition":[708,424],"_rootPartCFrame":[768.564,227.178,47.941,-0.105,0,0.994,0,1,0,-0.994,0,-0.105],"_humanoidState":5,"_cameraCFrame":[774.437,243.683,47.312,-0.107,-0.925,0.364,0,0.366,0.931,-0.994,0.099,-0.039],"_shiftlockState":false,"_pose":"FreeFall","_animationQueue":[],"_animationSpeed":1,"_zoom":16.125},{"_mousePosition":[708,424],"_rootPartCFrame":[768.365,227.575,47.963,-0.105,0,0.994,0,1,0,-0.994,0,-0.105],"_humanoidState":5,"_cameraCFrame":[774.238,244.079,47.333,-0.107,-0.925,0.364,0,0.366,0.931,-0.994,0.099,-0.039],"_shiftlockState":false,"_pose":"FreeFall","_animationQueue":[],"_animationSpeed":1,"_zoom":16.125},{"_mousePosition":[708,425],"_rootPartCFrame":[768.034,228.168,47.998,-0.105,0,0.994,0,1,0,-0.994,0,-0.105],"_humanoidState":5,"_cameraCFrame":[773.906,244.673,47.369,-0.107,-0.925,0.364,0,0.366,0.931,-0.994,0.099,-0.039],"_shiftlockState":false,"_pose":"FreeFall","_animationQueue":[],"_animationSpeed":1,"_zoom":16.125},{"_mousePosition":[708,426],"_rootPartCFrame":[767.835,228.483,48.02,-0.106,0,0.994,0,1,0,-0.994,0,-0.106],"_humanoidState":5,"_cameraCFrame":[773.707,244.988,47.39,-0.107,-0.925,0.364,0,0.366,0.931,-0.994,0.099,-0.039],"_shiftlockState":false,"_pose":"FreeFall","_animationQueue":[],"_animationSpeed":1,"_zoom":16.125},{"_mousePosition":[708,427],"_rootPartCFrame":[767.57,228.856,48.048,-0.106,0,0.994,0,1,0,-0.994,0,-0.106],"_humanoidState":5,"_cameraCFrame":[773.442,245.36,47.419,-0.107,-0.925,0.364,0,0.366,0.931,-0.994,0.099,-0.039],"_shiftlockState":false,"_pose":"FreeFall","_animationQueue":[],"_animationSpeed":1,"_zoom":16.125},{"_mousePosition":[709,428],"_rootPartCFrame":[767.305,229.174,48.076,-0.106,0,0.994,0,1,0,-0.994,0,-0.106],"_humanoidState":5,"_cameraCFrame":[773.177,245.678,47.447,-0.107,-0.925,0.364,0,0.366,0.931,-0.994,0.099,-0.039],"_shiftlockState":false,"_pose":"FreeFall","_animationQueue":[],"_animationSpeed":1,"_zoom":16.125},{"_mousePosition":[710,430],"_rootPartCFrame":[767.039,229.437,48.105,-0.106,0,0.994,0,1,0,-0.994,0,-0.106],"_humanoidState":5,"_cameraCFrame":[772.912,245.941,47.476,-0.107,-0.925,0.364,0,0.366,0.931,-0.994,0.099,-0.039],"_shiftlockState":false,"_pose":"FreeFall","_animationQueue":[],"_animationSpeed":1,"_zoom":16.125},{"_mousePosition":[710,432],"_rootPartCFrame":[766.774,229.646,48.133,-0.106,0,0.994,0,1,0,-0.994,0,-0.106],"_humanoidState":5,"_cameraCFrame":[772.647,246.15,47.504,-0.107,-0.925,0.364,0,0.366,0.931,-0.994,0.099,-0.039],"_shiftlockState":false,"_pose":"FreeFall","_animationQueue":[],"_animationSpeed":1,"_zoom":16.125},{"_mousePosition":[712,436],"_rootPartCFrame":[766.443,229.83,48.169,-0.106,0,0.994,0,1,0,-0.994,0,-0.106],"_humanoidState":5,"_cameraCFrame":[772.315,246.335,47.539,-0.107,-0.925,0.364,0,0.366,0.931,-0.994,0.099,-0.039],"_shiftlockState":false,"_pose":"FreeFall","_animationQueue":[],"_animationSpeed":1,"_zoom":16.125},{"_mousePosition":[712,438],"_rootPartCFrame":[766.178,229.917,48.197,-0.106,0,0.994,0,1,0,-0.994,0,-0.106],"_humanoidState":5,"_cameraCFrame":[772.05,246.421,47.568,-0.107,-0.925,0.364,0,0.366,0.931,-0.994,0.099,-0.039],"_shiftlockState":false,"_pose":"FreeFall","_animationQueue":[],"_animationSpeed":1,"_zoom":16.125},{"_mousePosition":[713,440],"_rootPartCFrame":[765.913,229.948,48.226,-0.106,0,0.994,0,1,0,-0.994,0,-0.106],"_humanoidState":5,"_cameraCFrame":[771.785,246.453,47.596,-0.107,-0.925,0.364,0,0.366,0.931,-0.994,0.099,-0.039],"_shiftlockState":false,"_pose":"FreeFall","_animationQueue":[],"_animationSpeed":1,"_zoom":16.125},{"_mousePosition":[713,441],"_rootPartCFrame":[765.647,229.926,48.254,-0.106,0,0.994,0,1,0,-0.994,0,-0.106],"_humanoidState":5,"_cameraCFrame":[771.52,246.43,47.625,-0.107,-0.925,0.364,0,0.366,0.931,-0.994,0.099,-0.039],"_shiftlockState":false,"_pose":"FreeFall","_animationQueue":[],"_animationSpeed":1,"_zoom":16.125},{"_mousePosition":[714,442],"_rootPartCFrame":[765.449,229.873,48.275,-0.106,0,0.994,0,1,0,-0.994,0,-0.106],"_humanoidState":5,"_cameraCFrame":[771.321,246.377,47.646,-0.107,-0.925,0.364,0,0.366,0.931,-0.994,0.099,-0.039],"_shiftlockState":false,"_pose":"FreeFall","_animationQueue":[],"_animationSpeed":1,"_zoom":16.125},{"_mousePosition":[714,443],"_rootPartCFrame":[765.183,229.755,48.304,-0.106,0,0.994,0,1,0,-0.994,0,-0.106],"_humanoidState":5,"_cameraCFrame":[771.056,246.259,47.674,-0.107,-0.925,0.364,0,0.366,0.931,-0.994,0.099,-0.039],"_shiftlockState":false,"_pose":"FreeFall","_animationQueue":[],"_animationSpeed":1,"_zoom":16.125},{"_mousePosition":[715,444],"_rootPartCFrame":[764.918,229.582,48.332,-0.106,0,0.994,0,1,0,-0.994,0,-0.106],"_humanoidState":5,"_cameraCFrame":[770.791,246.087,47.703,-0.107,-0.925,0.364,0,0.366,0.931,-0.994,0.099,-0.039],"_shiftlockState":false,"_pose":"FreeFall","_animationQueue":[],"_animationSpeed":1,"_zoom":16.125},{"_mousePosition":[715,444],"_rootPartCFrame":[764.653,229.355,48.36,-0.106,0,0.994,0,1,0,-0.994,0,-0.106],"_humanoidState":5,"_cameraCFrame":[770.526,245.859,47.731,-0.107,-0.925,0.364,0,0.366,0.931,-0.994,0.099,-0.039],"_shiftlockState":false,"_pose":"FreeFall","_animationQueue":[["fall",0.3]],"_animationSpeed":1,"_zoom":16.125},{"_mousePosition":[715,444],"_rootPartCFrame":[764.388,229.073,48.389,-0.106,0,0.994,0,1,0,-0.994,0,-0.106],"_humanoidState":5,"_cameraCFrame":[770.261,245.578,47.76,-0.107,-0.925,0.364,0,0.366,0.931,-0.994,0.099,-0.039],"_shiftlockState":false,"_pose":"FreeFall","_animationQueue":[],"_animationSpeed":1,"_zoom":16.125},{"_mousePosition":[715,444],"_rootPartCFrame":[764.057,228.645,48.424,-0.106,0,0.994,0,1,0,-0.994,0,-0.106],"_humanoidState":5,"_cameraCFrame":[769.929,245.149,47.795,-0.107,-0.925,0.364,0,0.366,0.931,-0.994,0.099,-0.039],"_shiftlockState":false,"_pose":"FreeFall","_animationQueue":[],"_animationSpeed":1,"_zoom":16.125},{"_mousePosition":[715,444],"_rootPartCFrame":[763.791,228.241,48.453,-0.106,0,0.994,0,1,0,-0.994,0,-0.106],"_humanoidState":5,"_cameraCFrame":[769.664,244.745,47.824,-0.107,-0.925,0.364,0,0.366,0.931,-0.994,0.099,-0.039],"_shiftlockState":false,"_pose":"FreeFall","_animationQueue":[],"_animationSpeed":1,"_zoom":16.125},{"_mousePosition":[715,444],"_rootPartCFrame":[763.526,227.782,48.481,-0.106,0,0.994,0,1,0,-0.994,0,-0.106],"_humanoidState":5,"_cameraCFrame":[769.399,244.286,47.852,-0.107,-0.925,0.364,0,0.366,0.931,-0.994,0.099,-0.039],"_shiftlockState":false,"_pose":"FreeFall","_animationQueue":[],"_animationSpeed":1,"_zoom":16.125},{"_mousePosition":[715,445],"_rootPartCFrame":[763.261,227.269,48.51,-0.106,0,0.994,0,1,0,-0.994,0,-0.106],"_humanoidState":5,"_cameraCFrame":[769.134,243.773,47.88,-0.107,-0.925,0.364,0,0.366,0.931,-0.994,0.099,-0.039],"_shiftlockState":false,"_pose":"FreeFall","_animationQueue":[],"_animationSpeed":1,"_zoom":16.125},{"_mousePosition":[715,445],"_rootPartCFrame":[762.93,226.55,48.545,-0.106,0,0.994,0,1,0,-0.994,0,-0.106],"_humanoidState":5,"_cameraCFrame":[768.772,243.066,47.904,-0.109,-0.926,0.362,0,0.364,0.931,-0.994,0.102,-0.04],"_shiftlockState":false,"_pose":"FreeFall","_animationQueue":[["fall",0.3]],"_animationSpeed":1,"_zoom":16.125},{"_mousePosition":[715,445],"_rootPartCFrame":[762.665,225.915,48.574,-0.106,0,0.994,0,1,0,-0.994,0,-0.106],"_humanoidState":5,"_cameraCFrame":[768.471,242.442,47.877,-0.119,-0.925,0.36,0,0.363,0.932,-0.993,0.111,-0.043],"_shiftlockState":false,"_pose":"FreeFall","_animationQueue":[],"_animationSpeed":1,"_zoom":16.125},{"_mousePosition":[715,445],"_rootPartCFrame":[762.399,225.224,48.603,-0.107,0,0.994,0,1,0,-0.994,0,-0.107],"_humanoidState":5,"_cameraCFrame":[768.198,241.751,47.847,-0.129,-0.924,0.36,0,0.363,0.932,-0.992,0.12,-0.047],"_shiftlockState":false,"_pose":"FreeFall","_animationQueue":[],"_animationSpeed":1,"_zoom":16.125},{"_mousePosition":[715,445],"_rootPartCFrame":[762.201,224.671,48.626,-0.108,0,0.994,0,1,0,-0.994,0,-0.108],"_humanoidState":5,"_cameraCFrame":[767.985,241.198,47.768,-0.147,-0.922,0.359,0,0.363,0.932,-0.989,0.137,-0.053],"_shiftlockState":false,"_pose":"FreeFall","_animationQueue":[],"_animationSpeed":1,"_zoom":16.125},{"_mousePosition":[715,445],"_rootPartCFrame":[761.936,223.885,48.66,-0.11,0,0.994,0,1,0,-0.994,0,-0.11],"_humanoidState":5,"_cameraCFrame":[767.747,240.389,47.602,-0.179,-0.915,0.36,0,0.366,0.931,-0.984,0.167,-0.066],"_shiftlockState":false,"_pose":"FreeFall","_animationQueue":[],"_animationSpeed":1,"_zoom":16.125},{"_mousePosition":[715,445],"_rootPartCFrame":[761.672,223.045,48.698,-0.114,0,0.993,0,1,0,-0.993,0,-0.114],"_humanoidState":5,"_cameraCFrame":[767.543,239.514,47.491,-0.202,-0.909,0.364,0,0.372,0.928,-0.979,0.187,-0.075],"_shiftlockState":false,"_pose":"FreeFall","_animationQueue":[],"_animationSpeed":1,"_zoom":16.125},{"_mousePosition":[715,445],"_rootPartCFrame":[761.41,222.437,48.745,-0.122,0,0.993,0,1,0,-0.993,0,-0.122],"_humanoidState":7,"_cameraCFrame":[767.333,238.872,47.369,-0.226,-0.902,0.367,0,0.377,0.926,-0.974,0.21,-0.085],"_shiftlockState":false,"_pose":"FreeFall","_animationQueue":[["walk",0.1],["fall",0.3],["fall",0.3]],"_animationSpeed":1,"_zoom":16.125},{"_mousePosition":[715,445],"_rootPartCFrame":[761.214,222.448,48.784,-0.129,0,0.992,0,1,0,-0.992,0,-0.129],"_humanoidState":7,"_cameraCFrame":[767.213,238.834,47.23,-0.251,-0.894,0.372,0,0.384,0.923,-0.968,0.232,-0.096],"_shiftlockState":false,"_pose":"FreeFall","_animationQueue":[["fall",0.3]],"_animationSpeed":1,"_zoom":16.125},{"_mousePosition":[715,445],"_rootPartCFrame":[760.824,222.581,48.874,-0.148,0,0.989,0,1,0,-0.989,0,-0.148],"_humanoidState":8,"_cameraCFrame":[766.926,238.906,47.144,-0.273,-0.885,0.378,0,0.393,0.919,-0.962,0.251,-0.107],"_shiftlockState":false,"_pose":"Running","_animationQueue":[["walk",0.1],["fall",0.3],["walk",0.1]],"_animationSpeed":1.103,"_zoom":16.125},{"_mousePosition":[715,445],"_rootPartCFrame":[760.695,222.611,48.907,-0.155,0,0.988,0,1,0,-0.988,0,-0.155],"_humanoidState":8,"_cameraCFrame":[766.926,238.862,47.003,-0.292,-0.875,0.386,0,0.404,0.915,-0.956,0.267,-0.118],"_shiftlockState":false,"_pose":"Running","_animationQueue":[],"_animationSpeed":1.103,"_zoom":16.125},{"_mousePosition":[715,445],"_rootPartCFrame":[760.438,222.652,48.979,-0.17,0,0.985,0,1,0,-0.985,0,-0.17],"_humanoidState":8,"_cameraCFrame":[766.765,238.838,46.905,-0.312,-0.865,0.392,0,0.413,0.911,-0.95,0.284,-0.129],"_shiftlockState":false,"_pose":"Running","_animationQueue":[],"_animationSpeed":1.103,"_zoom":16.125},{"_mousePosition":[715,445],"_rootPartCFrame":[760.183,222.674,49.057,-0.187,0,0.982,0,1,0,-0.982,0,-0.187],"_humanoidState":8,"_cameraCFrame":[766.607,238.794,46.824,-0.328,-0.856,0.398,0,0.422,0.907,-0.945,0.298,-0.138],"_shiftlockState":false,"_pose":"Running","_animationQueue":[],"_animationSpeed":1.103,"_zoom":16.125},{"_mousePosition":[715,445],"_rootPartCFrame":[759.864,223.758,49.154,-0.207,0,0.978,0,1,0,-0.978,0,-0.207],"_humanoidState":3,"_cameraCFrame":[766.361,239.825,46.785,-0.343,-0.849,0.403,0,0.429,0.903,-0.939,0.309,-0.147],"_shiftlockState":false,"_pose":"Jumping","_animationQueue":[["walk",0.1],["jump",0.1]],"_animationSpeed":1,"_zoom":16.125},{"_mousePosition":[715,445],"_rootPartCFrame":[759.675,224.369,49.218,-0.219,0,0.976,0,1,0,-0.976,0,-0.219],"_humanoidState":5,"_cameraCFrame":[766.226,240.395,46.753,-0.352,-0.843,0.406,0,0.434,0.901,-0.936,0.317,-0.153],"_shiftlockState":false,"_pose":"FreeFall","_animationQueue":[["jump",0.1]],"_animationSpeed":1,"_zoom":16.125},{"_mousePosition":[715,445],"_rootPartCFrame":[759.361,225.32,49.332,-0.24,0,0.971,0,1,0,-0.971,0,-0.24],"_humanoidState":5,"_cameraCFrame":[765.94,241.333,46.857,-0.352,-0.842,0.408,0,0.436,0.9,-0.936,0.317,-0.153],"_shiftlockState":false,"_pose":"FreeFall","_animationQueue":[],"_animationSpeed":1,"_zoom":16.125},{"_mousePosition":[715,445],"_rootPartCFrame":[759.111,226.019,49.425,-0.256,0,0.967,0,1,0,-0.967,0,-0.256],"_humanoidState":5,"_cameraCFrame":[765.69,242.032,46.95,-0.352,-0.842,0.408,0,0.436,0.9,-0.936,0.317,-0.153],"_shiftlockState":false,"_pose":"FreeFall","_animationQueue":[],"_animationSpeed":1,"_zoom":16.125},{"_mousePosition":[715,445],"_rootPartCFrame":[758.924,226.508,49.496,-0.266,0,0.964,0,1,0,-0.964,0,-0.266],"_humanoidState":5,"_cameraCFrame":[765.503,242.521,47.021,-0.352,-0.842,0.408,0,0.436,0.9,-0.936,0.317,-0.153],"_shiftlockState":false,"_pose":"FreeFall","_animationQueue":[],"_animationSpeed":1,"_zoom":16.125},{"_mousePosition":[715,445],"_rootPartCFrame":[758.675,227.112,49.589,-0.278,0,0.961,0,1,0,-0.961,0,-0.278],"_humanoidState":5,"_cameraCFrame":[765.253,243.125,47.115,-0.352,-0.842,0.408,0,0.436,0.9,-0.936,0.317,-0.153],"_shiftlockState":false,"_pose":"FreeFall","_animationQueue":[],"_animationSpeed":1,"_zoom":16.125},{"_mousePosition":[715,445],"_rootPartCFrame":[758.425,227.662,49.683,-0.289,0,0.957,0,1,0,-0.957,0,-0.289],"_humanoidState":5,"_cameraCFrame":[765.004,243.674,47.209,-0.352,-0.842,0.408,0,0.436,0.9,-0.936,0.317,-0.153],"_shiftlockState":false,"_pose":"FreeFall","_animationQueue":[],"_animationSpeed":1,"_zoom":16.125},{"_mousePosition":[715,445],"_rootPartCFrame":[758.176,228.157,49.777,-0.298,0,0.955,0,1,0,-0.955,0,-0.298],"_humanoidState":5,"_cameraCFrame":[764.754,244.169,47.303,-0.352,-0.842,0.408,0,0.436,0.9,-0.936,0.317,-0.153],"_shiftlockState":false,"_pose":"FreeFall","_animationQueue":[],"_animationSpeed":1,"_zoom":16.125},{"_mousePosition":[715,445],"_rootPartCFrame":[757.864,228.699,49.895,-0.307,0,0.952,0,1,0,-0.952,0,-0.307],"_humanoidState":5,"_cameraCFrame":[764.442,244.711,47.42,-0.352,-0.842,0.408,0,0.436,0.9,-0.936,0.317,-0.153],"_shiftlockState":false,"_pose":"FreeFall","_animationQueue":[],"_animationSpeed":1,"_zoom":16.125},{"_mousePosition":[715,445],"_rootPartCFrame":[757.614,229.071,49.988,-0.314,0,0.949,0,1,0,-0.949,0,-0.314],"_humanoidState":5,"_cameraCFrame":[764.219,245.07,47.504,-0.352,-0.842,0.41,0,0.438,0.899,-0.936,0.317,-0.154],"_shiftlockState":false,"_pose":"FreeFall","_animationQueue":[],"_animationSpeed":1,"_zoom":16.125},{"_mousePosition":[715,445],"_rootPartCFrame":[757.365,229.389,50.082,-0.319,0,0.948,0,1,0,-0.948,0,-0.319],"_humanoidState":5,"_cameraCFrame":[763.996,245.374,47.588,-0.352,-0.841,0.411,0,0.439,0.898,-0.936,0.316,-0.155],"_shiftlockState":false,"_pose":"FreeFall","_animationQueue":[],"_animationSpeed":1,"_zoom":16.125},{"_mousePosition":[715,445],"_rootPartCFrame":[757.115,229.653,50.176,-0.324,0,0.946,0,1,0,-0.946,0,-0.324],"_humanoidState":5,"_cameraCFrame":[763.773,245.624,47.672,-0.352,-0.84,0.413,0,0.441,0.897,-0.936,0.316,-0.155],"_shiftlockState":false,"_pose":"FreeFall","_animationQueue":[],"_animationSpeed":1,"_zoom":16.125},{"_mousePosition":[715,445],"_rootPartCFrame":[756.866,229.861,50.27,-0.328,0,0.945,0,1,0,-0.945,0,-0.328],"_humanoidState":5,"_cameraCFrame":[763.55,245.819,47.756,-0.352,-0.839,0.415,0,0.443,0.897,-0.936,0.316,-0.156],"_shiftlockState":false,"_pose":"FreeFall","_animationQueue":[],"_animationSpeed":1,"_zoom":16.125},{"_mousePosition":[715,445],"_rootPartCFrame":[756.616,230.016,50.364,-0.331,0,0.944,0,1,0,-0.944,0,-0.331],"_humanoidState":5,"_cameraCFrame":[763.339,245.959,47.874,-0.347,-0.84,0.417,0,0.445,0.896,-0.938,0.311,-0.154],"_shiftlockState":false,"_pose":"FreeFall","_animationQueue":[],"_animationSpeed":1,"_zoom":16.125},{"_mousePosition":[715,445],"_rootPartCFrame":[756.367,230.116,50.458,-0.334,0,0.942,0,1,0,-0.942,0,-0.334],"_humanoidState":5,"_cameraCFrame":[763.123,246.045,47.975,-0.345,-0.84,0.419,0,0.446,0.895,-0.939,0.309,-0.154],"_shiftlockState":false,"_pose":"FreeFall","_animationQueue":[],"_animationSpeed":1,"_zoom":16.125},{"_mousePosition":[715,445],"_rootPartCFrame":[756.117,230.161,50.551,-0.336,0,0.942,0,1,0,-0.942,0,-0.336],"_humanoidState":5,"_cameraCFrame":[762.873,246.091,48.068,-0.345,-0.84,0.419,0,0.446,0.895,-0.939,0.309,-0.154],"_shiftlockState":false,"_pose":"FreeFall","_animationQueue":[],"_animationSpeed":1,"_zoom":16.125},{"_mousePosition":[715,445],"_rootPartCFrame":[755.929,230.159,50.62,-0.337,0,0.941,0,1,0,-0.941,0,-0.337],"_humanoidState":5,"_cameraCFrame":[762.685,246.089,48.137,-0.345,-0.84,0.419,0,0.446,0.895,-0.939,0.309,-0.154],"_shiftlockState":false,"_pose":"FreeFall","_animationQueue":[],"_animationSpeed":1,"_zoom":16.125},{"_mousePosition":[715,445],"_rootPartCFrame":[755.616,230.088,50.735,-0.339,0,0.941,0,1,0,-0.941,0,-0.339],"_humanoidState":5,"_cameraCFrame":[762.372,246.018,48.252,-0.345,-0.84,0.419,0,0.446,0.895,-0.939,0.309,-0.154],"_shiftlockState":false,"_pose":"FreeFall","_animationQueue":[],"_animationSpeed":1,"_zoom":16.125},{"_mousePosition":[715,445],"_rootPartCFrame":[755.429,230.005,50.804,-0.339,0,0.941,0,1,0,-0.941,0,-0.339],"_humanoidState":5,"_cameraCFrame":[762.191,245.934,48.338,-0.343,-0.841,0.419,0,0.446,0.895,-0.939,0.307,-0.153],"_shiftlockState":false,"_pose":"FreeFall","_animationQueue":[],"_animationSpeed":1,"_zoom":16.125},{"_mousePosition":[715,445],"_rootPartCFrame":[755.178,229.846,50.896,-0.34,0,0.94,0,1,0,-0.94,0,-0.34],"_humanoidState":5,"_cameraCFrame":[761.94,245.775,48.43,-0.343,-0.841,0.419,0,0.446,0.895,-0.939,0.307,-0.153],"_shiftlockState":false,"_pose":"FreeFall","_animationQueue":[],"_animationSpeed":1,"_zoom":16.125},{"_mousePosition":[715,445],"_rootPartCFrame":[754.928,229.632,50.987,-0.341,0,0.94,0,1,0,-0.94,0,-0.341],"_humanoidState":5,"_cameraCFrame":[761.696,245.562,48.538,-0.34,-0.841,0.42,0,0.446,0.895,-0.94,0.304,-0.152],"_shiftlockState":false,"_pose":"FreeFall","_animationQueue":[["fall",0.3]],"_animationSpeed":1,"_zoom":16.125},{"_mousePosition":[715,445],"_rootPartCFrame":[754.677,229.365,51.079,-0.341,0,0.94,0,1,0,-0.94,0,-0.341],"_humanoidState":5,"_cameraCFrame":[761.446,245.294,48.63,-0.34,-0.841,0.42,0,0.446,0.895,-0.94,0.304,-0.152],"_shiftlockState":false,"_pose":"FreeFall","_animationQueue":[],"_animationSpeed":1,"_zoom":16.125},{"_mousePosition":[715,445],"_rootPartCFrame":[754.427,229.042,51.169,-0.341,0,0.94,0,1,0,-0.94,0,-0.341],"_humanoidState":5,"_cameraCFrame":[761.228,244.957,48.728,-0.338,-0.841,0.422,0,0.448,0.894,-0.941,0.302,-0.151],"_shiftlockState":false,"_pose":"FreeFall","_animationQueue":[],"_animationSpeed":1,"_zoom":16.125},{"_mousePosition":[715,445],"_rootPartCFrame":[754.176,228.665,51.26,-0.341,0,0.94,0,1,0,-0.94,0,-0.341],"_humanoidState":5,"_cameraCFrame":[760.989,244.58,48.853,-0.333,-0.843,0.423,0,0.448,0.894,-0.943,0.298,-0.149],"_shiftlockState":false,"_pose":"FreeFall","_animationQueue":[],"_animationSpeed":1,"_zoom":16.125},{"_mousePosition":[715,445],"_rootPartCFrame":[753.925,228.234,51.35,-0.341,0,0.94,0,1,0,-0.94,0,-0.341],"_humanoidState":5,"_cameraCFrame":[760.803,244.121,48.96,-0.328,-0.843,0.427,0,0.452,0.892,-0.945,0.293,-0.148],"_shiftlockState":false,"_pose":"FreeFall","_animationQueue":[],"_animationSpeed":1,"_zoom":16.125},{"_mousePosition":[715,445],"_rootPartCFrame":[753.674,227.748,51.439,-0.34,0,0.941,0,1,0,-0.941,0,-0.34],"_humanoidState":5,"_cameraCFrame":[760.59,243.621,49.075,-0.324,-0.843,0.429,0,0.453,0.891,-0.946,0.288,-0.147],"_shiftlockState":false,"_pose":"FreeFall","_animationQueue":[],"_animationSpeed":1,"_zoom":16.125},{"_mousePosition":[715,445],"_rootPartCFrame":[753.422,227.207,51.527,-0.338,0,0.941,0,1,0,-0.941,0,-0.338],"_humanoidState":5,"_cameraCFrame":[760.383,243.066,49.206,-0.316,-0.845,0.432,0,0.455,0.89,-0.949,0.282,-0.144],"_shiftlockState":false,"_pose":"FreeFall","_animationQueue":[],"_animationSpeed":1,"_zoom":16.125},{"_mousePosition":[715,445],"_rootPartCFrame":[753.17,226.612,51.614,-0.337,0,0.942,0,1,0,-0.942,0,-0.337],"_humanoidState":5,"_cameraCFrame":[760.18,242.456,49.354,-0.307,-0.847,0.435,0,0.457,0.89,-0.952,0.273,-0.14],"_shiftlockState":false,"_pose":"FreeFall","_animationQueue":[["fall",0.3]],"_animationSpeed":1,"_zoom":16.125},{"_mousePosition":[715,445],"_rootPartCFrame":[752.917,225.963,51.698,-0.334,0,0.943,0,1,0,-0.943,0,-0.334],"_humanoidState":5,"_cameraCFrame":[760.014,241.778,49.529,-0.292,-0.849,0.44,0,0.46,0.888,-0.956,0.259,-0.134],"_shiftlockState":false,"_pose":"FreeFall","_animationQueue":[],"_animationSpeed":1,"_zoom":16.125},{"_mousePosition":[715,445],"_rootPartCFrame":[752.663,225.259,51.78,-0.331,0,0.944,0,1,0,-0.944,0,-0.331],"_humanoidState":5,"_cameraCFrame":[759.953,241.001,49.773,-0.265,-0.852,0.452,0,0.469,0.883,-0.964,0.234,-0.124],"_shiftlockState":false,"_pose":"FreeFall","_animationQueue":[],"_animationSpeed":1,"_zoom":16.125},{"_mousePosition":[715,445],"_rootPartCFrame":[752.344,224.302,51.878,-0.325,0,0.946,0,1,0,-0.946,0,-0.325],"_humanoidState":5,"_cameraCFrame":[759.763,240,50.036,-0.241,-0.855,0.46,0,0.474,0.881,-0.971,0.212,-0.114],"_shiftlockState":false,"_pose":"FreeFall","_animationQueue":[],"_animationSpeed":1,"_zoom":16.125},{"_mousePosition":[715,445],"_rootPartCFrame":[752.088,223.475,51.95,-0.318,0,0.948,0,1,0,-0.948,0,-0.318],"_humanoidState":5,"_cameraCFrame":[759.631,239.129,50.278,-0.216,-0.857,0.468,0,0.479,0.878,-0.976,0.19,-0.104],"_shiftlockState":false,"_pose":"FreeFall","_animationQueue":[],"_animationSpeed":1,"_zoom":16.125},{"_mousePosition":[715,445],"_rootPartCFrame":[751.829,222.594,52.015,-0.309,0,0.951,0,1,0,-0.951,0,-0.309],"_humanoidState":7,"_cameraCFrame":[759.494,238.202,50.519,-0.192,-0.859,0.475,0,0.484,0.875,-0.981,0.168,-0.093],"_shiftlockState":false,"_pose":"FreeFall","_animationQueue":[["walk",0.1],["fall",0.3],["fall",0.3]],"_animationSpeed":1,"_zoom":16.125},{"_mousePosition":[715,445],"_rootPartCFrame":[751.569,222.42,52.074,-0.297,0,0.955,0,1,0,-0.955,0,-0.297],"_humanoidState":7,"_cameraCFrame":[759.374,237.966,50.734,-0.169,-0.859,0.484,0,0.491,0.871,-0.986,0.147,-0.083],"_shiftlockState":false,"_pose":"FreeFall","_animationQueue":[["fall",0.3]],"_animationSpeed":1,"_zoom":16.125},{"_mousePosition":[715,445],"_rootPartCFrame":[751.242,222.54,52.139,-0.28,0,0.96,0,1,0,-0.96,0,-0.28],"_humanoidState":8,"_cameraCFrame":[759.181,238.025,50.941,-0.149,-0.858,0.492,0,0.498,0.867,-0.989,0.129,-0.074],"_shiftlockState":false,"_pose":"Running","_animationQueue":[["walk",0.1],["fall",0.3],["walk",0.1]],"_animationSpeed":1.103,"_zoom":16.125},{"_mousePosition":[715,445],"_rootPartCFrame":[750.979,222.611,52.185,-0.266,0,0.964,0,1,0,-0.964,0,-0.266],"_humanoidState":8,"_cameraCFrame":[759.043,238.033,51.093,-0.134,-0.856,0.5,0,0.505,0.863,-0.991,0.116,-0.068],"_shiftlockState":false,"_pose":"Running","_animationQueue":[],"_animationSpeed":1.103,"_zoom":16.125},{"_mousePosition":[715,445],"_rootPartCFrame":[750.716,222.651,52.225,-0.251,0,0.968,0,1,0,-0.968,0,-0.251],"_humanoidState":8,"_cameraCFrame":[758.871,238.025,51.205,-0.124,-0.854,0.506,0,0.51,0.86,-0.992,0.107,-0.063],"_shiftlockState":false,"_pose":"Running","_animationQueue":[],"_animationSpeed":1.103,"_zoom":16.125},{"_mousePosition":[715,445],"_rootPartCFrame":[750.386,222.677,52.271,-0.231,0,0.973,0,1,0,-0.973,0,-0.231],"_humanoidState":8,"_cameraCFrame":[758.604,238.018,51.327,-0.114,-0.853,0.51,0,0.513,0.858,-0.993,0.098,-0.059],"_shiftlockState":false,"_pose":"Running","_animationQueue":[],"_animationSpeed":1.103,"_zoom":16.125},{"_mousePosition":[715,445],"_rootPartCFrame":[750.121,223.55,52.307,-0.216,0,0.976,0,1,0,-0.976,0,-0.216],"_humanoidState":3,"_cameraCFrame":[758.342,238.892,51.384,-0.112,-0.853,0.51,0,0.513,0.858,-0.994,0.096,-0.057],"_shiftlockState":false,"_pose":"Jumping","_animationQueue":[["walk",0.1],["jump",0.1]],"_animationSpeed":1,"_zoom":16.125},{"_mousePosition":[715,445],"_rootPartCFrame":[749.923,224.172,52.33,-0.205,0,0.979,0,1,0,-0.979,0,-0.205],"_humanoidState":5,"_cameraCFrame":[758.144,239.513,51.407,-0.112,-0.853,0.51,0,0.513,0.858,-0.994,0.096,-0.057],"_shiftlockState":false,"_pose":"FreeFall","_animationQueue":[["jump",0.1]],"_animationSpeed":1,"_zoom":16.125},{"_mousePosition":[715,445],"_rootPartCFrame":[749.724,224.763,52.353,-0.196,0,0.981,0,1,0,-0.981,0,-0.196],"_humanoidState":5,"_cameraCFrame":[757.945,240.104,51.43,-0.112,-0.853,0.51,0,0.513,0.858,-0.994,0.096,-0.057],"_shiftlockState":false,"_pose":"FreeFall","_animationQueue":[],"_animationSpeed":1,"_zoom":16.125},{"_mousePosition":[715,445],"_rootPartCFrame":[749.459,225.503,52.382,-0.184,0,0.983,0,1,0,-0.983,0,-0.184],"_humanoidState":5,"_cameraCFrame":[757.68,240.844,51.459,-0.112,-0.853,0.51,0,0.513,0.858,-0.994,0.096,-0.057],"_shiftlockState":false,"_pose":"FreeFall","_animationQueue":[],"_animationSpeed":1,"_zoom":16.125},{"_mousePosition":[715,445],"_rootPartCFrame":[749.194,226.189,52.412,-0.174,0,0.985,0,1,0,-0.985,0,-0.174],"_humanoidState":5,"_cameraCFrame":[757.415,241.53,51.489,-0.112,-0.853,0.51,0,0.513,0.858,-0.994,0.096,-0.057],"_shiftlockState":false,"_pose":"FreeFall","_animationQueue":[],"_animationSpeed":1,"_zoom":16.125},{"_mousePosition":[715,445],"_rootPartCFrame":[748.93,226.82,52.442,-0.165,0,0.986,0,1,0,-0.986,0,-0.165],"_humanoidState":5,"_cameraCFrame":[757.15,242.161,51.519,-0.112,-0.853,0.51,0,0.513,0.858,-0.994,0.096,-0.057],"_shiftlockState":false,"_pose":"FreeFall","_animationQueue":[],"_animationSpeed":1,"_zoom":16.125},{"_mousePosition":[715,445],"_rootPartCFrame":[748.665,227.397,52.472,-0.158,0,0.988,0,1,0,-0.988,0,-0.158],"_humanoidState":5,"_cameraCFrame":[756.885,242.738,51.549,-0.112,-0.853,0.51,0,0.513,0.858,-0.994,0.096,-0.057],"_shiftlockState":false,"_pose":"FreeFall","_animationQueue":[],"_animationSpeed":1,"_zoom":16.125},{"_mousePosition":[715,445],"_rootPartCFrame":[748.333,228.041,52.509,-0.15,0,0.989,0,1,0,-0.989,0,-0.15],"_humanoidState":5,"_cameraCFrame":[756.554,243.383,51.586,-0.112,-0.853,0.51,0,0.513,0.858,-0.994,0.096,-0.057],"_shiftlockState":false,"_pose":"FreeFall","_animationQueue":[],"_animationSpeed":1,"_zoom":16.125},{"_mousePosition":[715,445],"_rootPartCFrame":[748.135,228.387,52.531,-0.145,0,0.989,0,1,0,-0.989,0,-0.145],"_humanoidState":5,"_cameraCFrame":[756.356,243.728,51.608,-0.112,-0.853,0.51,0,0.513,0.858,-0.994,0.096,-0.057],"_shiftlockState":false,"_pose":"FreeFall","_animationQueue":[],"_animationSpeed":1,"_zoom":16.125},{"_mousePosition":[715,445],"_rootPartCFrame":[747.87,228.8,52.561,-0.141,0,0.99,0,1,0,-0.99,0,-0.141],"_humanoidState":5,"_cameraCFrame":[756.091,244.142,51.638,-0.112,-0.853,0.51,0,0.513,0.858,-0.994,0.096,-0.057],"_shiftlockState":false,"_pose":"FreeFall","_animationQueue":[],"_animationSpeed":1,"_zoom":16.125},{"_mousePosition":[715,445],"_rootPartCFrame":[747.539,229.24,52.598,-0.136,0,0.991,0,1,0,-0.991,0,-0.136],"_humanoidState":5,"_cameraCFrame":[755.76,244.581,51.675,-0.112,-0.853,0.51,0,0.513,0.858,-0.994,0.096,-0.057],"_shiftlockState":false,"_pose":"FreeFall","_animationQueue":[],"_animationSpeed":1,"_zoom":16.125},{"_mousePosition":[715,445],"_rootPartCFrame":[747.34,229.463,52.62,-0.133,0,0.991,0,1,0,-0.991,0,-0.133],"_humanoidState":5,"_cameraCFrame":[755.561,244.805,51.698,-0.112,-0.853,0.51,0,0.513,0.858,-0.994,0.096,-0.057],"_shiftlockState":false,"_pose":"FreeFall","_animationQueue":[],"_animationSpeed":1,"_zoom":16.125},{"_mousePosition":[715,445],"_rootPartCFrame":[747.075,229.713,52.65,-0.13,0,0.992,0,1,0,-0.992,0,-0.13],"_humanoidState":5,"_cameraCFrame":[755.296,245.054,51.727,-0.112,-0.853,0.51,0,0.513,0.858,-0.994,0.096,-0.057],"_shiftlockState":false,"_pose":"FreeFall","_animationQueue":[],"_animationSpeed":1,"_zoom":16.125},{"_mousePosition":[715,445],"_rootPartCFrame":[746.81,229.908,52.68,-0.127,0,0.992,0,1,0,-0.992,0,-0.127],"_humanoidState":5,"_cameraCFrame":[755.031,245.25,51.757,-0.112,-0.853,0.51,0,0.513,0.858,-0.994,0.096,-0.057],"_shiftlockState":false,"_pose":"FreeFall","_animationQueue":[],"_animationSpeed":1,"_zoom":16.125},{"_mousePosition":[715,445],"_rootPartCFrame":[746.545,230.049,52.71,-0.125,0,0.992,0,1,0,-0.992,0,-0.125],"_humanoidState":5,"_cameraCFrame":[754.766,245.39,51.787,-0.112,-0.853,0.51,0,0.513,0.858,-0.994,0.096,-0.057],"_shiftlockState":false,"_pose":"FreeFall","_animationQueue":[],"_animationSpeed":1,"_zoom":16.125},{"_mousePosition":[715,445],"_rootPartCFrame":[746.281,230.135,52.739,-0.123,0,0.992,0,1,0,-0.992,0,-0.123],"_humanoidState":5,"_cameraCFrame":[754.501,245.477,51.817,-0.112,-0.853,0.51,0,0.513,0.858,-0.994,0.096,-0.057],"_shiftlockState":false,"_pose":"FreeFall","_animationQueue":[["fall",0.3]],"_animationSpeed":1,"_zoom":16.125},{"_mousePosition":[715,445],"_rootPartCFrame":[746.016,230.167,52.769,-0.122,0,0.993,0,1,0,-0.993,0,-0.122],"_humanoidState":5,"_cameraCFrame":[754.236,245.508,51.846,-0.112,-0.853,0.51,0,0.513,0.858,-0.994,0.096,-0.057],"_shiftlockState":false,"_pose":"FreeFall","_animationQueue":[],"_animationSpeed":1,"_zoom":16.125},{"_mousePosition":[715,445],"_rootPartCFrame":[745.751,230.144,52.799,-0.12,0,0.993,0,1,0,-0.993,0,-0.12],"_humanoidState":5,"_cameraCFrame":[753.974,245.486,51.897,-0.109,-0.853,0.51,0,0.513,0.858,-0.994,0.094,-0.056],"_shiftlockState":false,"_pose":"FreeFall","_animationQueue":[],"_animationSpeed":1,"_zoom":16.125},{"_mousePosition":[715,445],"_rootPartCFrame":[745.42,230.039,52.836,-0.119,0,0.993,0,1,0,-0.993,0,-0.119],"_humanoidState":5,"_cameraCFrame":[753.643,245.381,51.934,-0.109,-0.853,0.51,0,0.513,0.858,-0.994,0.094,-0.056],"_shiftlockState":false,"_pose":"FreeFall","_animationQueue":[],"_animationSpeed":1,"_zoom":16.125},{"_mousePosition":[715,445],"_rootPartCFrame":[745.221,229.935,52.858,-0.118,0,0.993,0,1,0,-0.993,0,-0.118],"_humanoidState":5,"_cameraCFrame":[753.473,245.261,51.974,-0.107,-0.852,0.512,0,0.515,0.857,-0.994,0.091,-0.055],"_shiftlockState":false,"_pose":"FreeFall","_animationQueue":[],"_animationSpeed":1,"_zoom":16.125},{"_mousePosition":[715,445],"_rootPartCFrame":[744.956,229.749,52.887,-0.117,0,0.993,0,1,0,-0.993,0,-0.117],"_humanoidState":5,"_cameraCFrame":[753.261,245.042,51.997,-0.107,-0.85,0.515,0,0.518,0.855,-0.994,0.091,-0.055],"_shiftlockState":false,"_pose":"FreeFall","_animationQueue":[],"_animationSpeed":1,"_zoom":16.125},{"_mousePosition":[715,445],"_rootPartCFrame":[744.624,229.44,52.923,-0.115,0,0.993,0,1,0,-0.993,0,-0.115],"_humanoidState":5,"_cameraCFrame":[752.93,244.732,52.033,-0.107,-0.85,0.515,0,0.518,0.855,-0.994,0.091,-0.055],"_shiftlockState":false,"_pose":"FreeFall","_animationQueue":[["fall",0.3]],"_animationSpeed":1,"_zoom":16.125},{"_mousePosition":[715,445],"_rootPartCFrame":[744.425,229.213,52.944,-0.114,0,0.993,0,1,0,-0.993,0,-0.114],"_humanoidState":5,"_cameraCFrame":[752.76,244.49,52.072,-0.104,-0.85,0.517,0,0.52,0.854,-0.995,0.089,-0.054],"_shiftlockState":false,"_pose":"FreeFall","_animationQueue":[],"_animationSpeed":1,"_zoom":16.125},{"_mousePosition":[715,445],"_rootPartCFrame":[744.16,228.863,52.972,-0.113,0,0.994,0,1,0,-0.994,0,-0.113],"_humanoidState":5,"_cameraCFrame":[752.526,244.124,52.14,-0.099,-0.849,0.519,0,0.521,0.853,-0.995,0.084,-0.052],"_shiftlockState":false,"_pose":"FreeFall","_animationQueue":[],"_animationSpeed":1,"_zoom":16.125},{"_mousePosition":[715,445],"_rootPartCFrame":[743.829,228.35,53.007,-0.112,0,0.994,0,1,0,-0.994,0,-0.112],"_humanoidState":5,"_cameraCFrame":[75