[{"_mousePosition":[573,430],"_rootPartCFrame":[776.026,222.7,47.142,0.001,0,1,0,1,0,-1,0,0.001],"_humanoidState":8,"_cameraCFrame":[786.126,236.769,47.166,0.002,-0.78,0.626,0,0.626,0.78,-1,-0.002,0.001],"_shiftlockState":false,"_pose":"Standing","_animationQueue":[],"_animationSpeed":1,"_zoom":16.125},{"_mousePosition":[573,430],"_rootPartCFrame":[775.722,222.7,47.142,0.001,0,1,0,1,0,-1,0,0.001],"_humanoidState":8,"_cameraCFrame":[785.773,236.809,47.166,0.002,-0.782,0.623,0,0.623,0.782,-1,-0.002,0.001],"_shiftlockState":false,"_pose":"Standing","_animationQueue":[],"_animationSpeed":1,"_zoom":16.125},{"_mousePosition":[573,430],"_rootPartCFrame":[775.456,222.7,47.142,0.001,0,1,0,1,0,-1,0,0.001],"_humanoidState":8,"_cameraCFrame":[785.458,236.848,47.165,0.002,-0.784,0.62,0,0.62,0.784,-1,-0.002,0.001],"_shiftlockState":false,"_pose":"Running","_animationQueue":[["walk",0.1]],"_animationSpeed":1.089,"_zoom":16.125},{"_mousePosition":[573,430],"_rootPartCFrame":[775.322,222.7,47.142,0.001,0,1,0,1,0,-1,0,0.001],"_humanoidState":8,"_cameraCFrame":[785.3,236.867,47.165,0.002,-0.786,0.619,0,0.619,0.786,-1,-0.002,0.001],"_shiftlockState":false,"_pose":"Running","_animationQueue":[],"_animationSpeed":1.089,"_zoom":16.125},{"_mousePosition":[573,430],"_rootPartCFrame":[775.056,222.7,47.141,0.001,0,1,0,1,0,-1,0,0.001],"_humanoidState":8,"_cameraCFrame":[785.008,236.887,47.164,0.002,-0.787,0.617,0,0.617,0.787,-1,-0.002,0.001],"_shiftlockState":false,"_pose":"Running","_animationQueue":[],"_animationSpeed":1.089,"_zoom":16.125},{"_mousePosition":[573,430],"_rootPartCFrame":[774.789,222.7,47.14,0.001,0,1,0,1,0,-1,0,0.001],"_humanoidState":8,"_cameraCFrame":[784.667,236.945,47.163,0.002,-0.79,0.613,0,0.613,0.79,-1,-0.002,0.001],"_shiftlockState":false,"_pose":"Running","_animationQueue":[],"_animationSpeed":1.089,"_zoom":16.125},{"_mousePosition":[573,430],"_rootPartCFrame":[774.389,222.7,47.139,0.002,0,1,0,1,0,-1,0,0.002],"_humanoidState":8,"_cameraCFrame":[784.242,236.964,47.162,0.002,-0.792,0.611,0,0.611,0.792,-1,-0.002,0.001],"_shiftlockState":false,"_pose":"Running","_animationQueue":[],"_animationSpeed":1.089,"_zoom":16.125},{"_mousePosition":[573,430],"_rootPartCFrame":[774.255,222.7,47.139,0.002,0,1,0,1,0,-1,0,0.002],"_humanoidState":8,"_cameraCFrame":[784.059,237.002,47.162,0.002,-0.794,0.608,0,0.608,0.794,-1,-0.002,0.001],"_shiftlockState":false,"_pose":"Running","_animationQueue":[],"_animationSpeed":1.089,"_zoom":16.125},{"_mousePosition":[573,430],"_rootPartCFrame":[773.989,222.7,47.138,0.002,0,1,0,1,0,-1,0,0.002],"_humanoidState":8,"_cameraCFrame":[783.718,237.059,47.137,0,-0.797,0.603,0,0.603,0.797,-1,0,0],"_shiftlockState":false,"_pose":"Running","_animationQueue":[["walk",0.1]],"_animationSpeed":1.089,"_zoom":16.125},{"_mousePosition":[573,430],"_rootPartCFrame":[773.589,222.7,47.138,0.002,0,1,0,1,0,-1,0,0.002],"_humanoidState":8,"_cameraCFrame":[783.267,237.097,47.111,-0.003,-0.8,0.6,0,0.6,0.8,-1,0.002,-0.002],"_shiftlockState":false,"_pose":"Running","_animationQueue":[],"_animationSpeed":1.089,"_zoom":16.125},{"_mousePosition":[573,430],"_rootPartCFrame":[773.455,222.7,47.138,0.002,0,1,0,1,0,-1,0,0.002],"_humanoidState":8,"_cameraCFrame":[783.109,237.116,47.111,-0.003,-0.801,0.599,0,0.599,0.801,-1,0.002,-0.002],"_shiftlockState":false,"_pose":"Running","_animationQueue":[],"_animationSpeed":1.089,"_zoom":16.125},{"_mousePosition":[573,430],"_rootPartCFrame":[773.189,222.7,47.138,0.001,0,1,0,1,0,-1,0,0.001],"_humanoidState":8,"_cameraCFrame":[782.817,237.135,47.088,-0.005,-0.802,0.597,0,0.597,0.802,-1,0.004,-0.003],"_shiftlockState":false,"_pose":"Running","_animationQueue":[],"_animationSpeed":1.089,"_zoom":16.125},{"_mousePosition":[573,430],"_rootPartCFrame":[772.922,222.7,47.139,0.001,0,1,0,1,0,-1,0,0.001],"_humanoidState":8,"_cameraCFrame":[782.55,237.135,47.088,-0.005,-0.802,0.597,0,0.597,0.802,-1,0.004,-0.003],"_shiftlockState":false,"_pose":"Running","_animationQueue":[],"_animationSpeed":1.089,"_zoom":16.125},{"_mousePosition":[573,430],"_rootPartCFrame":[772.655,222.7,47.14,0,0,1,0,1,0,-1,0,0],"_humanoidState":8,"_cameraCFrame":[782.283,237.135,47.09,-0.005,-0.802,0.597,0,0.597,0.802,-1,0.004,-0.003],"_shiftlockState":false,"_pose":"Running","_animationQueue":[],"_animationSpeed":1.089,"_zoom":16.125},{"_mousePosition":[573,430],"_rootPartCFrame":[772.388,222.7,47.142,-0.001,0,1,0,1,0,-1,0,-0.001],"_humanoidState":8,"_cameraCFrame":[782.016,237.135,47.091,-0.005,-0.802,0.597,0,0.597,0.802,-1,0.004,-0.003],"_shiftlockState":false,"_pose":"Running","_animationQueue":[["walk",0.1]],"_animationSpeed":1.089,"_zoom":16.125},{"_mousePosition":[573,430],"_rootPartCFrame":[772.122,222.7,47.143,-0.001,0,1,0,1,0,-1,0,-0.001],"_humanoidState":8,"_cameraCFrame":[781.75,237.135,47.092,-0.005,-0.802,0.597,0,0.597,0.802,-1,0.004,-0.003],"_shiftlockState":false,"_pose":"Running","_animationQueue":[],"_animationSpeed":1.089,"_zoom":16.125},{"_mousePosition":[573,430],"_rootPartCFrame":[771.855,222.7,47.144,-0.002,0,1,0,1,0,-1,0,-0.002],"_humanoidState":8,"_cameraCFrame":[781.433,237.172,47.094,-0.005,-0.804,0.594,0,0.594,0.804,-1,0.004,-0.003],"_shiftlockState":false,"_pose":"Running","_animationQueue":[],"_animationSpeed":1.089,"_zoom":16.125},{"_mousePosition":[573,430],"_rootPartCFrame":[771.522,223.783,47.146,-0.003,0,1,0,1,0,-1,0,-0.003],"_humanoidState":3,"_cameraCFrame":[781.074,238.274,47.096,-0.005,-0.806,0.592,0,0.592,0.806,-1,0.004,-0.003],"_shiftlockState":false,"_pose":"Jumping","_animationQueue":[["walk",0.1],["jump",0.1]],"_animationSpeed":1,"_zoom":16.125},{"_mousePosition":[573,430],"_rootPartCFrame":[771.255,224.592,47.148,-0.003,0,1,0,1,0,-1,0,-0.003],"_humanoidState":5,"_cameraCFrame":[780.731,239.138,47.074,-0.008,-0.809,0.588,0,0.588,0.809,-1,0.006,-0.005],"_shiftlockState":false,"_pose":"FreeFall","_animationQueue":[["jump",0.1]],"_animationSpeed":1,"_zoom":16.125},{"_mousePosition":[573,430],"_rootPartCFrame":[771.055,225.162,47.149,-0.003,0,1,0,1,0,-1,0,-0.003],"_humanoidState":5,"_cameraCFrame":[780.506,239.727,47.075,-0.008,-0.81,0.586,0,0.586,0.81,-1,0.006,-0.005],"_shiftlockState":false,"_pose":"FreeFall","_animationQueue":[],"_animationSpeed":1,"_zoom":16.125},{"_mousePosition":[573,430],"_rootPartCFrame":[770.789,225.875,47.151,-0.004,0,1,0,1,0,-1,0,-0.004],"_humanoidState":5,"_cameraCFrame":[780.239,240.44,47.077,-0.008,-0.81,0.586,0,0.586,0.81,-1,0.006,-0.005],"_shiftlockState":false,"_pose":"FreeFall","_animationQueue":[],"_animationSpeed":1,"_zoom":16.125},{"_mousePosition":[573,430],"_rootPartCFrame":[770.522,226.534,47.153,-0.004,0,1,0,1,0,-1,0,-0.004],"_humanoidState":5,"_cameraCFrame":[779.973,241.099,47.079,-0.008,-0.81,0.586,0,0.586,0.81,-1,0.006,-0.005],"_shiftlockState":false,"_pose":"FreeFall","_animationQueue":[],"_animationSpeed":1,"_zoom":16.125},{"_mousePosition":[573,430],"_rootPartCFrame":[770.189,227.28,47.155,-0.005,0,1,0,1,0,-1,0,-0.005],"_humanoidState":5,"_cameraCFrame":[779.639,241.845,47.082,-0.008,-0.81,0.586,0,0.586,0.81,-1,0.006,-0.005],"_shiftlockState":false,"_pose":"FreeFall","_animationQueue":[],"_animationSpeed":1,"_zoom":16.125},{"_mousePosition":[573,430],"_rootPartCFrame":[769.922,227.816,47.157,-0.005,0,1,0,1,0,-1,0,-0.005],"_humanoidState":5,"_cameraCFrame":[779.373,242.381,47.084,-0.008,-0.81,0.586,0,0.586,0.81,-1,0.006,-0.005],"_shiftlockState":false,"_pose":"FreeFall","_animationQueue":[],"_animationSpeed":1,"_zoom":16.125},{"_mousePosition":[573,430],"_rootPartCFrame":[769.656,228.298,47.159,-0.006,0,1,0,1,0,-1,0,-0.006],"_humanoidState":5,"_cameraCFrame":[779.106,242.863,47.086,-0.008,-0.81,0.586,0,0.586,0.81,-1,0.006,-0.005],"_shiftlockState":false,"_pose":"FreeFall","_animationQueue":[],"_animationSpeed":1,"_zoom":16.125},{"_mousePosition":[573,430],"_rootPartCFrame":[769.389,228.725,47.162,-0.006,0,1,0,1,0,-1,0,-0.006],"_humanoidState":5,"_cameraCFrame":[778.84,243.29,47.088,-0.008,-0.81,0.586,0,0.586,0.81,-1,0.006,-0.005],"_shiftlockState":false,"_pose":"FreeFall","_animationQueue":[],"_animationSpeed":1,"_zoom":16.125},{"_mousePosition":[573,430],"_rootPartCFrame":[769.122,229.097,47.164,-0.006,0,1,0,1,0,-1,0,-0.006],"_humanoidState":5,"_cameraCFrame":[778.573,243.662,47.09,-0.008,-0.81,0.586,0,0.586,0.81,-1,0.006,-0.005],"_shiftlockState":false,"_pose":"FreeFall","_animationQueue":[],"_animationSpeed":1,"_zoom":16.125},{"_mousePosition":[573,430],"_rootPartCFrame":[768.856,229.415,47.166,-0.006,0,1,0,1,0,-1,0,-0.006],"_humanoidState":5,"_cameraCFrame":[778.306,243.98,47.092,-0.008,-0.81,0.586,0,0.586,0.81,-1,0.006,-0.005],"_shiftlockState":false,"_pose":"FreeFall","_animationQueue":[],"_animationSpeed":1,"_zoom":16.125},{"_mousePosition":[573,430],"_rootPartCFrame":[768.589,229.678,47.168,-0.007,0,1,0,1,0,-1,0,-0.007],"_humanoidState":5,"_cameraCFrame":[778.04,244.243,47.094,-0.008,-0.81,0.586,0,0.586,0.81,-1,0.006,-0.005],"_shiftlockState":false,"_pose":"FreeFall","_animationQueue":[],"_animationSpeed":1,"_zoom":16.125},{"_mousePosition":[573,430],"_rootPartCFrame":[768.323,229.887,47.17,-0.007,0,1,0,1,0,-1,0,-0.007],"_humanoidState":5,"_cameraCFrame":[777.773,244.452,47.096,-0.008,-0.81,0.586,0,0.586,0.81,-1,0.006,-0.005],"_shiftlockState":false,"_pose":"FreeFall","_animationQueue":[],"_animationSpeed":1,"_zoom":16.125},{"_mousePosition":[573,430],"_rootPartCFrame":[768.123,230.008,47.171,-0.007,0,1,0,1,0,-1,0,-0.007],"_humanoidState":5,"_cameraCFrame":[777.573,244.573,47.098,-0.008,-0.81,0.586,0,0.586,0.81,-1,0.006,-0.005],"_shiftlockState":false,"_pose":"FreeFall","_animationQueue":[],"_animationSpeed":1,"_zoom":16.125},{"_mousePosition":[573,430],"_rootPartCFrame":[767.856,230.122,47.173,-0.007,0,1,0,1,0,-1,0,-0.007],"_humanoidState":5,"_cameraCFrame":[777.281,244.705,47.1,-0.008,-0.811,0.585,0,0.585,0.811,-1,0.006,-0.005],"_shiftlockState":false,"_pose":"FreeFall","_animationQueue":[],"_animationSpeed":1,"_zoom":16.125},{"_mousePosition":[573,430],"_rootPartCFrame":[767.523,230.187,47.176,-0.007,0,1,0,1,0,-1,0,-0.007],"_humanoidState":5,"_cameraCFrame":[776.948,244.77,47.103,-0.008,-0.811,0.585,0,0.585,0.811,-1,0.006,-0.005],"_shiftlockState":false,"_pose":"FreeFall","_animationQueue":[],"_animationSpeed":1,"_zoom":16.125},{"_mousePosition":[573,430],"_rootPartCFrame":[767.323,230.185,47.178,-0.007,0,1,0,1,0,-1,0,-0.007],"_humanoidState":5,"_cameraCFrame":[776.748,244.769,47.104,-0.008,-0.811,0.585,0,0.585,0.811,-1,0.006,-0.005],"_shiftlockState":false,"_pose":"FreeFall","_animationQueue":[],"_animationSpeed":1,"_zoom":16.125},{"_mousePosition":[573,430],"_rootPartCFrame":[767.056,230.135,47.18,-0.007,0,1,0,1,0,-1,0,-0.007],"_humanoidState":5,"_cameraCFrame":[776.456,244.737,47.106,-0.008,-0.812,0.583,0,0.583,0.813,-1,0.006,-0.005],"_shiftlockState":false,"_pose":"FreeFall","_animationQueue":[["fall",0.3]],"_animationSpeed":1,"_zoom":16.125},{"_mousePosition":[573,430],"_rootPartCFrame":[766.79,230.031,47.182,-0.007,0,1,0,1,0,-1,0,-0.007],"_humanoidState":5,"_cameraCFrame":[776.189,244.632,47.109,-0.008,-0.812,0.583,0,0.583,0.813,-1,0.006,-0.005],"_shiftlockState":false,"_pose":"FreeFall","_animationQueue":[],"_animationSpeed":1,"_zoom":16.125},{"_mousePosition":[573,430],"_rootPartCFrame":[766.523,229.872,47.184,-0.007,0,1,0,1,0,-1,0,-0.007],"_humanoidState":5,"_cameraCFrame":[775.923,244.473,47.111,-0.008,-0.812,0.583,0,0.583,0.813,-1,0.006,-0.005],"_shiftlockState":false,"_pose":"FreeFall","_animationQueue":[],"_animationSpeed":1,"_zoom":16.125},{"_mousePosition":[573,430],"_rootPartCFrame":[766.19,229.596,47.186,-0.007,0,1,0,1,0,-1,0,-0.007],"_humanoidState":5,"_cameraCFrame":[775.589,244.198,47.113,-0.008,-0.812,0.583,0,0.583,0.813,-1,0.006,-0.005],"_shiftlockState":false,"_pose":"FreeFall","_animationQueue":[],"_animationSpeed":1,"_zoom":16.125},{"_mousePosition":[573,430],"_rootPartCFrame":[765.99,229.39,47.188,-0.008,0,1,0,1,0,-1,0,-0.008],"_humanoidState":5,"_cameraCFrame":[775.389,243.992,47.115,-0.008,-0.812,0.583,0,0.583,0.813,-1,0.006,-0.005],"_shiftlockState":false,"_pose":"FreeFall","_animationQueue":[],"_animationSpeed":1,"_zoom":16.125},{"_mousePosition":[573,430],"_rootPartCFrame":[765.748,229.507,47.19,-0.008,0,1,0,1,0,-1,0,-0.008],"_humanoidState":12,"_cameraCFrame":[775.147,244.109,47.117,-0.008,-0.812,0.583,0,0.583,0.813,-1,0.006,-0.005],"_shiftlockState":false,"_pose":"Climbing","_animationQueue":[["walk",0.1],["fall",0.3],["climb",0.1],["climb",0]],"_animationSpeed":-1.442,"_zoom":16.125},{"_mousePosition":[573,430],"_rootPartCFrame":[765.546,229.692,47.191,-0.008,0,1,0,1,0,-1,0,-0.008],"_humanoidState":12,"_cameraCFrame":[774.945,244.294,47.118,-0.008,-0.812,0.583,0,0.583,0.813,-1,0.006,-0.005],"_shiftlockState":false,"_pose":"Climbing","_animationQueue":[["climb",0.1]],"_animationSpeed":0.886,"_zoom":16.125},{"_mousePosition":[573,430],"_rootPartCFrame":[765.567,229.85,47.192,-0.007,0,1,0,1,0,-1,0,-0.007],"_humanoidState":12,"_cameraCFrame":[774.967,244.452,47.119,-0.008,-0.812,0.583,0,0.583,0.813,-1,0.006,-0.005],"_shiftlockState":false,"_pose":"Climbing","_animationQueue":[["climb",0.1],["climb",0]],"_animationSpeed":0.932,"_zoom":16.125},{"_mousePosition":[573,430],"_rootPartCFrame":[765.611,230.035,47.193,-0.007,0,1,0,1,0,-1,0,-0.007],"_humanoidState":12,"_cameraCFrame":[775.01,244.637,47.119,-0.008,-0.812,0.583,0,0.583,0.813,-1,0.006,-0.005],"_shiftlockState":false,"_pose":"Climbing","_animationQueue":[["climb",0.1]],"_animationSpeed":0.879,"_zoom":16.125},{"_mousePosition":[573,430],"_rootPartCFrame":[765.619,230.222,47.193,-0.007,0,1,0,1,0,-1,0,-0.007],"_humanoidState":12,"_cameraCFrame":[775.019,244.823,47.119,-0.008,-0.812,0.583,0,0.583,0.813,-1,0.006,-0.005],"_shiftlockState":false,"_pose":"Climbing","_animationQueue":[["climb",0.1]],"_animationSpeed":0.932,"_zoom":16.125},{"_mousePosition":[573,430],"_rootPartCFrame":[765.619,230.408,47.193,-0.007,0,1,0,1,0,-1,0,-0.007],"_humanoidState":12,"_cameraCFrame":[775.019,245.01,47.119,-0.008,-0.812,0.583,0,0.583,0.813,-1,0.006,-0.005],"_shiftlockState":false,"_pose":"Climbing","_animationQueue":[],"_animationSpeed":0.932,"_zoom":16.125},{"_mousePosition":[573,430],"_rootPartCFrame":[765.619,230.595,47.193,-0.007,0,1,0,1,0,-1,0,-0.007],"_humanoidState":12,"_cameraCFrame":[775.019,245.197,47.119,-0.008,-0.812,0.583,0,0.583,0.813,-1,0.006,-0.005],"_shiftlockState":false,"_pose":"Climbing","_animationQueue":[],"_animationSpeed":0.932,"_zoom":16.125},{"_mousePosition":[573,430],"_rootPartCFrame":[765.619,230.781,47.193,-0.007,0,1,0,1,0,-1,0,-0.007],"_humanoidState":12,"_cameraCFrame":[775.019,245.383,47.119,-0.008,-0.812,0.583,0,0.583,0.813,-1,0.006,-0.005],"_shiftlockState":false,"_pose":"Climbing","_animationQueue":[],"_animationSpeed":0.932,"_zoom":16.125},{"_mousePosition":[573,430],"_rootPartCFrame":[765.619,230.968,47.193,-0.007,0,1,0,1,0,-1,0,-0.007],"_humanoidState":12,"_cameraCFrame":[775.019,245.57,47.119,-0.008,-0.812,0.583,0,0.583,0.813,-1,0.006,-0.005],"_shiftlockState":false,"_pose":"Climbing","_animationQueue":[],"_animationSpeed":0.932,"_zoom":16.125},{"_mousePosition":[573,430],"_rootPartCFrame":[765.619,231.155,47.193,-0.007,0,1,0,1,0,-1,0,-0.007],"_humanoidState":12,"_cameraCFrame":[775.019,245.757,47.119,-0.008,-0.812,0.583,0,0.583,0.813,-1,0.006,-0.005],"_shiftlockState":false,"_pose":"Climbing","_animationQueue":[],"_animationSpeed":0.932,"_zoom":16.125},{"_mousePosition":[573,430],"_rootPartCFrame":[765.619,231.341,47.193,-0.007,0,1,0,1,0,-1,0,-0.007],"_humanoidState":12,"_cameraCFrame":[775.019,245.943,47.119,-0.008,-0.812,0.583,0,0.583,0.813,-1,0.006,-0.005],"_shiftlockState":false,"_pose":"Climbing","_animationQueue":[],"_animationSpeed":0.932,"_zoom":16.125},{"_mousePosition":[573,430],"_rootPartCFrame":[765.619,231.528,47.193,-0.007,0,1,0,1,0,-1,0,-0.007],"_humanoidState":12,"_cameraCFrame":[775.019,246.13,47.119,-0.008,-0.812,0.583,0,0.583,0.813,-1,0.006,-0.005],"_shiftlockState":false,"_pose":"Climbing","_animationQueue":[],"_animationSpeed":0.932,"_zoom":16.125},{"_mousePosition":[573,430],"_rootPartCFrame":[765.619,231.715,47.193,-0.007,0,1,0,1,0,-1,0,-0.007],"_humanoidState":12,"_cameraCFrame":[775.019,246.317,47.119,-0.008,-0.812,0.583,0,0.583,0.813,-1,0.006,-0.005],"_shiftlockState":false,"_pose":"Climbing","_animationQueue":[],"_animationSpeed":0.932,"_zoom":16.125},{"_mousePosition":[573,430],"_rootPartCFrame":[765.619,231.901,47.193,-0.007,0,1,0,1,0,-1,0,-0.007],"_humanoidState":12,"_cameraCFrame":[775.019,246.503,47.119,-0.008,-0.812,0.583,0,0.583,0.813,-1,0.006,-0.005],"_shiftlockState":false,"_pose":"Climbing","_animationQueue":[],"_animationSpeed":0.932,"_zoom":16.125},{"_mousePosition":[573,430],"_rootPartCFrame":[765.619,232.135,47.193,-0.007,0,1,0,1,0,-1,0,-0.007],"_humanoidState":12,"_cameraCFrame":[775.019,246.736,47.119,-0.008,-0.812,0.583,0,0.583,0.813,-1,0.006,-0.005],"_shiftlockState":false,"_pose":"Climbing","_animationQueue":[],"_animationSpeed":0.932,"_zoom":16.125},{"_mousePosition":[573,430],"_rootPartCFrame":[765.619,232.275,47.193,-0.007,0,1,0,1,0,-1,0,-0.007],"_humanoidState":12,"_cameraCFrame":[775.019,246.876,47.119,-0.008,-0.812,0.583,0,0.583,0.813,-1,0.006,-0.005],"_shiftlockState":false,"_pose":"Climbing","_animationQueue":[],"_animationSpeed":0.932,"_zoom":16.125},{"_mousePosition":[573,430],"_rootPartCFrame":[765.619,232.461,47.193,-0.007,0,1,0,1,0,-1,0,-0.007],"_humanoidState":12,"_cameraCFrame":[775.019,247.063,47.119,-0.008,-0.812,0.583,0,0.583,0.813,-1,0.006,-0.005],"_shiftlockState":false,"_pose":"Climbing","_animationQueue":[],"_animationSpeed":0.932,"_zoom":16.125},{"_mousePosition":[573,430],"_rootPartCFrame":[765.619,232.648,47.193,-0.007,0,1,0,1,0,-1,0,-0.007],"_humanoidState":12,"_cameraCFrame":[775.019,247.25,47.119,-0.008,-0.812,0.583,0,0.583,0.813,-1,0.006,-0.005],"_shiftlockState":false,"_pose":"Climbing","_animationQueue":[],"_animationSpeed":0.932,"_zoom":16.125},{"_mousePosition":[573,430],"_rootPartCFrame":[765.619,232.835,47.193,-0.007,0,1,0,1,0,-1,0,-0.007],"_humanoidState":12,"_cameraCFrame":[775.019,247.436,47.119,-0.008,-0.812,0.583,0,0.583,0.813,-1,0.006,-0.005],"_shiftlockState":false,"_pose":"Climbing","_animationQueue":[],"_animationSpeed":0.932,"_zoom":16.125},{"_mousePosition":[573,430],"_rootPartCFrame":[765.619,233.021,47.193,-0.007,0,1,0,1,0,-1,0,-0.007],"_humanoidState":12,"_cameraCFrame":[775.019,247.623,47.119,-0.008,-0.812,0.583,0,0.583,0.813,-1,0.006,-0.005],"_shiftlockState":false,"_pose":"Climbing","_animationQueue":[],"_animationSpeed":0.932,"_zoom":16.125},{"_mousePosition":[573,430],"_rootPartCFrame":[765.619,233.208,47.193,-0.007,0,1,0,1,0,-1,0,-0.007],"_humanoidState":12,"_cameraCFrame":[775.019,247.81,47.119,-0.008,-0.812,0.583,0,0.583,0.813,-1,0.006,-0.005],"_shiftlockState":false,"_pose":"Climbing","_animationQueue":[],"_animationSpeed":0.932,"_zoom":16.125},{"_mousePosition":[573,430],"_rootPartCFrame":[765.619,233.441,47.193,-0.007,0,1,0,1,0,-1,0,-0.007],"_humanoidState":12,"_cameraCFrame":[775.044,248.025,47.119,-0.008,-0.811,0.585,0,0.585,0.811,-1,0.006,-0.005],"_shiftlockState":false,"_pose":"Climbing","_animationQueue":[],"_animationSpeed":0.932,"_zoom":16.125},{"_mousePosition":[573,430],"_rootPartCFrame":[765.619,233.628,47.193,-0.007,0,1,0,1,0,-1,0,-0.007],"_humanoidState":12,"_cameraCFrame":[775.07,248.193,47.119,-0.008,-0.81,0.586,0,0.586,0.81,-1,0.006,-0.005],"_shiftlockState":false,"_pose":"Climbing","_animationQueue":[],"_animationSpeed":0.932,"_zoom":16.125},{"_mousePosition":[573,430],"_rootPartCFrame":[765.619,233.814,47.193,-0.007,0,1,0,1,0,-1,0,-0.007],"_humanoidState":12,"_cameraCFrame":[775.095,248.361,47.119,-0.008,-0.809,0.588,0,0.588,0.809,-1,0.006,-0.005],"_shiftlockState":false,"_pose":"Climbing","_animationQueue":[],"_animationSpeed":0.932,"_zoom":16.125},{"_mousePosition":[573,430],"_rootPartCFrame":[765.619,234.001,47.193,-0.007,0,1,0,1,0,-1,0,-0.007],"_humanoidState":12,"_cameraCFrame":[775.121,248.529,47.119,-0.008,-0.808,0.589,0,0.589,0.808,-1,0.006,-0.005],"_shiftlockState":false,"_pose":"Climbing","_animationQueue":[],"_animationSpeed":0.932,"_zoom":16.125},{"_mousePosition":[573,430],"_rootPartCFrame":[765.619,234.141,47.193,-0.007,0,1,0,1,0,-1,0,-0.007],"_humanoidState":12,"_cameraCFrame":[775.146,248.651,47.118,-0.008,-0.807,0.591,0,0.591,0.807,-1,0.006,-0.005],"_shiftlockState":false,"_pose":"Climbing","_animationQueue":[],"_animationSpeed":0.932,"_zoom":16.125},{"_mousePosition":[573,430],"_rootPartCFrame":[765.619,234.374,47.193,-0.007,0,1,0,1,0,-1,0,-0.007],"_humanoidState":12,"_cameraCFrame":[775.146,248.884,47.118,-0.008,-0.807,0.591,0,0.591,0.807,-1,0.006,-0.005],"_shiftlockState":false,"_pose":"Climbing","_animationQueue":[],"_animationSpeed":0.932,"_zoom":16.125},{"_mousePosition":[573,430],"_rootPartCFrame":[765.619,234.561,47.193,-0.007,0,1,0,1,0,-1,0,-0.007],"_humanoidState":12,"_cameraCFrame":[775.146,249.071,47.118,-0.008,-0.807,0.591,0,0.591,0.807,-1,0.006,-0.005],"_shiftlockState":false,"_pose":"Climbing","_animationQueue":[],"_animationSpeed":0.932,"_zoom":16.125},{"_mousePosition":[573,430],"_rootPartCFrame":[765.619,234.748,47.193,-0.007,0,1,0,1,0,-1,0,-0.007],"_humanoidState":12,"_cameraCFrame":[775.146,249.257,47.118,-0.008,-0.807,0.591,0,0.591,0.807,-1,0.006,-0.005],"_shiftlockState":false,"_pose":"Climbing","_animationQueue":[],"_animationSpeed":0.932,"_zoom":16.125},{"_mousePosition":[573,430],"_rootPartCFrame":[765.619,234.934,47.193,-0.007,0,1,0,1,0,-1,0,-0.007],"_humanoidState":12,"_cameraCFrame":[775.146,249.444,47.118,-0.008,-0.807,0.591,0,0.591,0.807,-1,0.006,-0.005],"_shiftlockState":false,"_pose":"Climbing","_animationQueue":[],"_animationSpeed":0.932,"_zoom":16.125},{"_mousePosition":[573,430],"_rootPartCFrame":[765.619,235.074,47.193,-0.007,0,1,0,1,0,-1,0,-0.007],"_humanoidState":12,"_cameraCFrame":[775.146,249.584,47.118,-0.008,-0.807,0.591,0,0.591,0.807,-1,0.006,-0.005],"_shiftlockState":false,"_pose":"Climbing","_animationQueue":[],"_animationSpeed":0.932,"_zoom":16.125},{"_mousePosition":[573,430],"_rootPartCFrame":[765.619,235.261,47.193,-0.007,0,1,0,1,0,-1,0,-0.007],"_humanoidState":12,"_cameraCFrame":[775.146,249.771,47.118,-0.008,-0.807,0.591,0,0.591,0.807,-1,0.006,-0.005],"_shiftlockState":false,"_pose":"Climbing","_animationQueue":[["climb",0]],"_animationSpeed":0.932,"_zoom":16.125},{"_mousePosition":[573,430],"_rootPartCFrame":[765.619,235.448,47.193,-0.007,0,1,0,1,0,-1,0,-0.007],"_humanoidState":12,"_cameraCFrame":[775.146,249.957,47.118,-0.008,-0.807,0.591,0,0.591,0.807,-1,0.006,-0.005],"_shiftlockState":false,"_pose":"Climbing","_animationQueue":[],"_animationSpeed":0.932,"_zoom":16.125},{"_mousePosition":[573,430],"_rootPartCFrame":[765.619,235.634,47.193,-0.007,0,1,0,1,0,-1,0,-0.007],"_humanoidState":12,"_cameraCFrame":[775.146,250.144,47.118,-0.008,-0.807,0.591,0,0.591,0.807,-1,0.006,-0.005],"_shiftlockState":false,"_pose":"Climbing","_animationQueue":[],"_animationSpeed":0.932,"_zoom":16.125},{"_mousePosition":[573,430],"_rootPartCFrame":[765.619,235.821,47.193,-0.007,0,1,0,1,0,-1,0,-0.007],"_humanoidState":12,"_cameraCFrame":[775.146,250.331,47.118,-0.008,-0.807,0.591,0,0.591,0.807,-1,0.006,-0.005],"_shiftlockState":false,"_pose":"Climbing","_animationQueue":[],"_animationSpeed":0.932,"_zoom":16.125},{"_mousePosition":[573,430],"_rootPartCFrame":[765.619,236.008,47.193,-0.007,0,1,0,1,0,-1,0,-0.007],"_humanoidState":12,"_cameraCFrame":[775.146,250.517,47.118,-0.008,-0.807,0.591,0,0.591,0.807,-1,0.006,-0.005],"_shiftlockState":false,"_pose":"Climbing","_animationQueue":[],"_animationSpeed":0.932,"_zoom":16.125},{"_mousePosition":[573,430],"_rootPartCFrame":[765.619,236.194,47.193,-0.007,0,1,0,1,0,-1,0,-0.007],"_humanoidState":12,"_cameraCFrame":[775.146,250.704,47.118,-0.008,-0.807,0.591,0,0.591,0.807,-1,0.006,-0.005],"_shiftlockState":false,"_pose":"Climbing","_animationQueue":[],"_animationSpeed":0.932,"_zoom":16.125},{"_mousePosition":[573,430],"_rootPartCFrame":[765.619,236.381,47.193,-0.007,0,1,0,1,0,-1,0,-0.007],"_humanoidState":12,"_cameraCFrame":[775.146,250.89,47.118,-0.008,-0.807,0.591,0,0.591,0.807,-1,0.006,-0.005],"_shiftlockState":false,"_pose":"Climbing","_animationQueue":[],"_animationSpeed":0.932,"_zoom":16.125},{"_mousePosition":[573,430],"_rootPartCFrame":[765.619,236.567,47.193,-0.007,0,1,0,1,0,-1,0,-0.007],"_humanoidState":12,"_cameraCFrame":[775.146,251.077,47.118,-0.008,-0.807,0.591,0,0.591,0.807,-1,0.006,-0.005],"_shiftlockState":false,"_pose":"Climbing","_animationQueue":[],"_animationSpeed":0.932,"_zoom":16.125},{"_mousePosition":[573,430],"_rootPartCFrame":[765.619,236.754,47.193,-0.007,0,1,0,1,0,-1,0,-0.007],"_humanoidState":12,"_cameraCFrame":[775.146,251.264,47.118,-0.008,-0.807,0.591,0,0.591,0.807,-1,0.006,-0.005],"_shiftlockState":false,"_pose":"Climbing","_animationQueue":[],"_animationSpeed":0.932,"_zoom":16.125},{"_mousePosition":[573,430],"_rootPartCFrame":[765.619,236.941,47.193,-0.007,0,1,0,1,0,-1,0,-0.007],"_humanoidState":12,"_cameraCFrame":[775.146,251.45,47.143,-0.005,-0.807,0.591,0,0.591,0.807,-1,0.004,-0.003],"_shiftlockState":false,"_pose":"Climbing","_animationQueue":[],"_animationSpeed":0.932,"_zoom":16.125},{"_mousePosition":[573,430],"_rootPartCFrame":[765.619,237.127,47.193,-0.007,0,1,0,1,0,-1,0,-0.007],"_humanoidState":12,"_cameraCFrame":[775.121,251.656,47.167,-0.003,-0.808,0.589,0,0.589,0.808,-1,0.002,-0.002],"_shiftlockState":false,"_pose":"Climbing","_animationQueue":[],"_animationSpeed":0.932,"_zoom":16.125},{"_mousePosition":[573,430],"_rootPartCFrame":[765.619,237.314,47.193,-0.007,0,1,0,1,0,-1,0,-0.007],"_humanoidState":12,"_cameraCFrame":[775.096,251.861,47.191,0,-0.809,0.588,0,0.588,0.809,-1,0,0],"_shiftlockState":false,"_pose":"Climbing","_animationQueue":[],"_animationSpeed":0.932,"_zoom":16.125},{"_mousePosition":[573,430],"_rootPartCFrame":[765.619,237.501,47.193,-0.007,0,1,0,1,0,-1,0,-0.007],"_humanoidState":12,"_cameraCFrame":[775.045,252.084,47.191,0,-0.811,0.585,0,0.585,0.811,-1,0,0],"_shiftlockState":false,"_pose":"Climbing","_animationQueue":[],"_animationSpeed":0.932,"_zoom":16.125},{"_mousePosition":[573,430],"_rootPartCFrame":[765.619,237.687,47.193,-0.007,0,1,0,1,0,-1,0,-0.007],"_humanoidState":12,"_cameraCFrame":[775.019,252.289,47.238,0.005,-0.813,0.583,0,0.583,0.813,-1,-0.004,0.003],"_shiftlockState":false,"_pose":"Climbing","_animationQueue":[],"_animationSpeed":0.932,"_zoom":16.125},{"_mousePosition":[573,430],"_rootPartCFrame":[765.619,237.874,47.193,-0.007,0,1,0,1,0,-1,0,-0.007],"_humanoidState":12,"_cameraCFrame":[774.942,252.531,47.285,0.01,-0.816,0.578,0,0.578,0.816,-1,-0.008,0.006],"_shiftlockState":false,"_pose":"Climbing","_animationQueue":[],"_animationSpeed":0.932,"_zoom":16.125},{"_mousePosition":[573,430],"_rootPartCFrame":[765.619,238.061,47.193,-0.007,0,1,0,1,0,-1,0,-0.007],"_humanoidState":12,"_cameraCFrame":[774.838,252.789,47.331,0.015,-0.82,0.572,0,0.572,0.82,-1,-0.012,0.009],"_shiftlockState":false,"_pose":"Climbing","_animationQueue":[],"_animationSpeed":0.932,"_zoom":16.125},{"_mousePosition":[573,430],"_rootPartCFrame":[765.619,238.247,47.193,-0.007,0,1,0,1,0,-1,0,-0.007],"_humanoidState":12,"_cameraCFrame":[774.734,253.048,47.375,0.02,-0.825,0.565,0,0.565,0.825,-1,-0.017,0.011],"_shiftlockState":false,"_pose":"Climbing","_animationQueue":[],"_animationSpeed":0.932,"_zoom":16.125},{"_mousePosition":[573,430],"_rootPartCFrame":[765.619,238.434,47.193,-0.007,0,1,0,1,0,-1,0,-0.007],"_humanoidState":12,"_cameraCFrame":[774.603,253.322,47.418,0.025,-0.83,0.557,0,0.557,0.83,-1,-0.021,0.014],"_shiftlockState":false,"_pose":"Climbing","_animationQueue":[],"_animationSpeed":0.932,"_zoom":16.125},{"_mousePosition":[573,430],"_rootPartCFrame":[765.619,238.621,47.193,-0.007,0,1,0,1,0,-1,0,-0.007],"_humanoidState":12,"_cameraCFrame":[774.471,253.596,47.46,0.03,-0.835,0.549,0,0.549,0.836,-1,-0.025,0.017],"_shiftlockState":false,"_pose":"Climbing","_animationQueue":[],"_animationSpeed":0.932,"_zoom":16.125},{"_mousePosition":[573,430],"_rootPartCFrame":[765.619,238.807,47.193,-0.007,0,1,0,1,0,-1,0,-0.007],"_humanoidState":12,"_cameraCFrame":[774.365,253.851,47.501,0.035,-0.839,0.542,0,0.543,0.84,-0.999,-0.03,0.019],"_shiftlockState":false,"_pose":"Climbing","_animationQueue":[],"_animationSpeed":0.932,"_zoom":16.125},{"_mousePosition":[573,430],"_rootPartCFrame":[765.619,238.994,47.193,-0.007,0,1,0,1,0,-1,0,-0.007],"_humanoidState":12,"_cameraCFrame":[774.258,254.106,47.519,0.038,-0.844,0.536,0,0.536,0.844,-0.999,-0.032,0.02],"_shiftlockState":false,"_pose":"Climbing","_animationQueue":[],"_animationSpeed":0.932,"_zoom":16.125},{"_mousePosition":[573,430],"_rootPartCFrame":[765.619,239.181,47.193,-0.007,0,1,0,1,0,-1,0,-0.007],"_humanoidState":12,"_cameraCFrame":[774.097,254.392,47.534,0.04,-0.85,0.526,0,0.526,0.85,-0.999,-0.034,0.021],"_shiftlockState":false,"_pose":"Climbing","_animationQueue":[],"_animationSpeed":0.932,"_zoom":16.125},{"_mousePosition":[573,430],"_rootPartCFrame":[765.619,239.367,47.193,-0.007,0,1,0,1,0,-1,0,-0.007],"_humanoidState":12,"_cameraCFrame":[774.043,254.612,47.554,0.043,-0.852,0.522,0,0.523,0.852,-0.999,-0.036,0.022],"_shiftlockState":false,"_pose":"Climbing","_animationQueue":[],"_animationSpeed":0.932,"_zoom":16.125},{"_mousePosition":[573,430],"_rootPartCFrame":[765.619,239.554,47.193,-0.007,0,1,0,1,0,-1,0,-0.007],"_humanoidState":12,"_cameraCFrame":[773.963,254.848,47.55,0.043,-0.855,0.517,0,0.518,0.855,-0.999,-0.037,0.022],"_shiftlockState":false,"_pose":"Climbing","_animationQueue":[],"_animationSpeed":0.932,"_zoom":16.125},{"_mousePosition":[573,430],"_rootPartCFrame":[765.619,239.74,47.193,-0.007,0,1,0,1,0,-1,0,-0.007],"_humanoidState":12,"_cameraCFrame":[773.881,255.083,47.568,0.045,-0.858,0.512,0,0.513,0.858,-0.999,-0.039,0.023],"_shiftlockState":false,"_pose":"Climbing","_animationQueue":[],"_animationSpeed":0.932,"_zoom":16.125},{"_mousePosition":[573,430],"_rootPartCFrame":[765.619,239.927,47.193,-0.007,0,1,0,1,0,-1,0,-0.007],"_humanoidState":12,"_cameraCFrame":[773.827,255.302,47.565,0.045,-0.86,0.509,0,0.51,0.86,-0.999,-0.039,0.023],"_shiftlockState":false,"_pose":"Climbing","_animationQueue":[],"_animationSpeed":0.932,"_zoom":16.125},{"_mousePosition":[573,430],"_rootPartCFrame":[765.619,240.114,47.193,-0.007,0,1,0,1,0,-1,0,-0.007],"_humanoidState":12,"_cameraCFrame":[773.746,255.536,47.562,0.045,-0.863,0.504,0,0.505,0.863,-0.999,-0.039,0.023],"_shiftlockState":false,"_pose":"Climbing","_animationQueue":[],"_animationSpeed":0.932,"_zoom":16.125},{"_mousePosition":[573,430],"_rootPartCFrame":[765.619,240.3,47.193,-0.007,0,1,0,1,0,-1,0,-0.007],"_humanoidState":12,"_cameraCFrame":[773.664,255.77,47.558,0.045,-0.865,0.499,0,0.499,0.866,-0.999,-0.039,0.023],"_shiftlockState":false,"_pose":"Climbing","_animationQueue":[],"_animationSpeed":0.932,"_zoom":16.125},{"_mousePosition":[573,430],"_rootPartCFrame":[765.619,240.487,47.193,-0.007,0,1,0,1,0,-1,0,-0.007],"_humanoidState":12,"_cameraCFrame":[773.583,256.004,47.554,0.045,-0.868,0.494,0,0.494,0.869,-0.999,-0.039,0.022],"_shiftlockState":false,"_pose":"Climbing","_animationQueue":[],"_animationSpeed":0.932,"_zoom":16.125},{"_mousePosition":[573,430],"_rootPartCFrame":[765.619,240.674,47.193,-0.007,0,1,0,1,0,-1,0,-0.007],"_humanoidState":12,"_cameraCFrame":[773.501,256.237,47.55,0.045,-0.871,0.489,0,0.489,0.872,-0.999,-0.04,0.022],"_shiftlockState":false,"_pose":"Climbing","_animationQueue":[],"_animationSpeed":0.932,"_zoom":16.125},{"_mousePosition":[573,430],"_rootPartCFrame":[765.619,240.86,47.193,-0.007,0,1,0,1,0,-1,0,-0.007],"_humanoidState":12,"_cameraCFrame":[773.419,256.469,47.547,0.045,-0.874,0.484,0,0.484,0.875,-0.999,-0.04,0.022],"_shiftlockState":false,"_pose":"Climbing","_animationQueue":[["climb",0]],"_animationSpeed":0.932,"_zoom":16.125},{"_mousePosition":[573,430],"_rootPartCFrame":[765.619,241.047,47.193,-0.007,0,1,0,1,0,-1,0,-0.007],"_humanoidState":12,"_cameraCFrame":[773.337,256.701,47.523,0.043,-0.877,0.479,0,0.479,0.878,-0.999,-0.038,0.021],"_shiftlockState":false,"_pose":"Climbing","_animationQueue":[],"_animationSpeed":0.932,"_zoom":16.125},{"_mousePosition":[573,430],"_rootPartCFrame":[765.619,241.234,47.193,-0.007,0,1,0,1,0,-1,0,-0.007],"_humanoidState":12,"_cameraCFrame":[773.227,256.948,47.499,0.04,-0.881,0.472,0,0.472,0.881,-0.999,-0.036,0.019],"_shiftlockState":false,"_pose":"Climbing","_animationQueue":[],"_animationSpeed":0.932,"_zoom":16.125},{"_mousePosition":[573,430],"_rootPartCFrame":[765.619,241.42,47.193,-0.007,0,1,0,1,0,-1,0,-0.007],"_humanoidState":12,"_cameraCFrame":[773.118,257.193,47.438,0.033,-0.885,0.465,0,0.465,0.885,-0.999,-0.029,0.015],"_shiftlockState":false,"_pose":"Climbing","_animationQueue":[],"_animationSpeed":0.932,"_zoom":16.125},{"_mousePosition":[573,430],"_rootPartCFrame":[765.594,241.573,47.192,-0.003,0,1,0,1,0,-1,0,-0.003],"_humanoidState":8,"_cameraCFrame":[772.928,257.433,47.376,0.025,-0.89,0.455,0,0.455,0.891,-1,-0.022,0.011],"_shiftlockState":false,"_pose":"Standing","_animationQueue":[["climb",0.1],["idle",0.1],["idle",0.1]],"_animationSpeed":1,"_zoom":16.125},{"_mousePosition":[573,430],"_rootPartCFrame":[765.508,241.687,47.189,0.003,0,1,0,1,0,-1,0,0.003],"_humanoidState":5,"_cameraCFrame":[772.758,257.589,47.316,0.018,-0.893,0.45,0,0.45,0.893,-1,-0.016,0.008],"_shiftlockState":false,"_pose":"FreeFall","_animationQueue":[["walk",0.1],["fall",0.3]],"_animationSpeed":1,"_zoom":16.125},{"_mousePosition":[573,430],"_rootPartCFrame":[765.393,241.717,47.185,0.007,0,1,0,1,0,-1,0,0.007],"_humanoidState":5,"_cameraCFrame":[772.532,257.675,47.256,0.01,-0.897,0.443,0,0.443,0.897,-1,-0.009,0.004],"_shiftlockState":false,"_pose":"FreeFall","_animationQueue":[["fall",0.3]],"_animationSpeed":1,"_zoom":16.125},{"_mousePosition":[573,430],"_rootPartCFrame":[765.239,241.692,47.181,0.009,0,1,0,1,0,-1,0,0.009],"_humanoidState":5,"_cameraCFrame":[772.266,257.706,47.215,0.005,-0.9,0.436,0,0.436,0.9,-1,-0.004,0.002],"_shiftlockState":false,"_pose":"FreeFall","_animationQueue":[],"_animationSpeed":1,"_zoom":16.125},{"_mousePosition":[573,430],"_rootPartCFrame":[764.991,241.761,47.178,0.009,0,1,0,1,0,-1,0,0.009],"_humanoidState":7,"_cameraCFrame":[771.932,257.815,47.176,0,-0.903,0.43,0,0.43,0.903,-1,0,0],"_shiftlockState":false,"_pose":"FreeFall","_animationQueue":[["walk",0.1],["fall",0.3],["fall",0.3]],"_animationSpeed":1,"_zoom":16.125},{"_mousePosition":[573,430],"_rootPartCFrame":[764.791,241.813,47.177,0.009,0,1,0,1,0,-1,0,0.009],"_humanoidState":7,"_cameraCFrame":[771.647,257.908,47.141,-0.005,-0.905,0.425,0,0.425,0.905,-1,0.005,-0.002],"_shiftlockState":false,"_pose":"FreeFall","_animationQueue":[],"_animationSpeed":1,"_zoom":16.125},{"_mousePosition":[573,430],"_rootPartCFrame":[764.525,241.869,47.177,0.008,0,1,0,1,0,-1,0,0.008],"_humanoidState":7,"_cameraCFrame":[771.324,257.99,47.124,-0.008,-0.907,0.422,0,0.422,0.907,-1,0.007,-0.003],"_shiftlockState":false,"_pose":"FreeFall","_animationQueue":[],"_animationSpeed":1,"_zoom":16.125},{"_mousePosition":[573,430],"_rootPartCFrame":[764.258,241.895,47.178,0.007,0,1,0,1,0,-1,0,0.007],"_humanoidState":8,"_cameraCFrame":[771,258.042,47.108,-0.01,-0.908,0.418,0,0.418,0.908,-1,0.009,-0.004],"_shiftlockState":false,"_pose":"Running","_animationQueue":[["walk",0.1],["fall",0.3],["walk",0.1]],"_animationSpeed":1.103,"_zoom":16.125},{"_mousePosition":[573,430],"_rootPartCFrame":[763.858,241.925,47.181,0.004,0,1,0,1,0,-1,0,0.004],"_humanoidState":8,"_cameraCFrame":[770.543,258.099,47.095,-0.013,-0.91,0.415,0,0.415,0.91,-1,0.012,-0.005],"_shiftlockState":false,"_pose":"Running","_animationQueue":[],"_animationSpeed":1.103,"_zoom":16.125},{"_mousePosition":[573,430],"_rootPartCFrame":[763.592,241.919,47.184,0.002,0,1,0,1,0,-1,0,0.002],"_humanoidState":8,"_cameraCFrame":[770.219,258.119,47.082,-0.015,-0.912,0.411,0,0.411,0.912,-1,0.014,-0.006],"_shiftlockState":false,"_pose":"Running","_animationQueue":[["walk",0.1]],"_animationSpeed":1.103,"_zoom":16.125},{"_mousePosition":[573,430],"_rootPartCFrame":[763.325,241.929,47.187,0,0,1,0,1,0,-1,0,0],"_humanoidState":8,"_cameraCFrame":[769.894,258.155,47.069,-0.018,-0.913,0.407,0,0.407,0.913,-1,0.016,-0.007],"_shiftlockState":false,"_pose":"Running","_animationQueue":[],"_animationSpeed":1.103,"_zoom":16.125},{"_mousePosition":[573,430],"_rootPartCFrame":[763.192,241.934,47.189,-0.001,0,1,0,1,0,-1,0,-0.001],"_humanoidState":8,"_cameraCFrame":[769.674,258.198,47.04,-0.023,-0.915,0.402,0,0.402,0.916,-1,0.021,-0.009],"_shiftlockState":false,"_pose":"Running","_animationQueue":[],"_animationSpeed":1.103,"_zoom":16.125},{"_mousePosition":[573,430],"_rootPartCFrame":[762.925,241.941,47.194,-0.003,0,1,0,1,0,-1,0,-0.003],"_humanoidState":8,"_cameraCFrame":[769.379,258.218,47.045,-0.023,-0.916,0.4,0,0.4,0.916,-1,0.021,-0.009],"_shiftlockState":false,"_pose":"Running","_animationQueue":[],"_animationSpeed":1.103,"_zoom":16.125},{"_mousePosition":[573,430],"_rootPartCFrame":[762.659,241.945,47.2,-0.006,0,1,0,1,0,-1,0,-0.006],"_humanoidState":8,"_cameraCFrame":[769.083,258.234,47.036,-0.026,-0.917,0.398,0,0.399,0.917,-1,0.023,-0.01],"_shiftlockState":false,"_pose":"Running","_animationQueue":[],"_animationSpeed":1.103,"_zoom":16.125},{"_mousePosition":[573,430],"_rootPartCFrame":[762.392,241.908,47.206,-0.008,0,1,0,1,0,-1,0,-0.008],"_humanoidState":8,"_cameraCFrame":[768.816,258.197,47.042,-0.026,-0.917,0.398,0,0.399,0.917,-1,0.023,-0.01],"_shiftlockState":false,"_pose":"Running","_animationQueue":[],"_animationSpeed":1.103,"_zoom":16.125},{"_mousePosition":[573,430],"_rootPartCFrame":[762.125,242.781,47.212,-0.011,0,1,0,1,0,-1,0,-0.011],"_humanoidState":3,"_cameraCFrame":[768.55,259.07,47.048,-0.026,-0.917,0.398,0,0.399,0.917,-1,0.023,-0.01],"_shiftlockState":false,"_pose":"Jumping","_animationQueue":[["walk",0.1],["jump",0.1]],"_animationSpeed":1,"_zoom":16.125},{"_mousePosition":[573,430],"_rootPartCFrame":[761.859,243.603,47.219,-0.013,0,1,0,1,0,-1,0,-0.013],"_humanoidState":5,"_cameraCFrame":[768.283,259.892,47.055,-0.026,-0.917,0.398,0,0.399,0.917,-1,0.023,-0.01],"_shiftlockState":false,"_pose":"FreeFall","_animationQueue":[["jump",0.1]],"_animationSpeed":1,"_zoom":16.125},{"_mousePosition":[573,430],"_rootPartCFrame":[761.592,244.37,47.225,-0.014,0,1,0,1,0,-1,0,-0.014],"_humanoidState":5,"_cameraCFrame":[768.017,260.659,47.061,-0.026,-0.917,0.398,0,0.399,0.917,-1,0.023,-0.01],"_shiftlockState":false,"_pose":"FreeFall","_animationQueue":[],"_animationSpeed":1,"_zoom":16.125},{"_mousePosition":[573,430],"_rootPartCFrame":[761.326,245.083,47.232,-0.016,0,1,0,1,0,-1,0,-0.016],"_humanoidState":5,"_cameraCFrame":[767.75,261.372,47.068,-0.026,-0.917,0.398,0,0.399,0.917,-1,0.023,-0.01],"_shiftlockState":false,"_pose":"FreeFall","_animationQueue":[],"_animationSpeed":1,"_zoom":16.125},{"_mousePosition":[573,430],"_rootPartCFrame":[761.059,245.742,47.239,-0.017,0,1,0,1,0,-1,0,-0.017],"_humanoidState":5,"_cameraCFrame":[767.483,262.031,47.075,-0.026,-0.917,0.398,0,0.399,0.917,-1,0.023,-0.01],"_shiftlockState":false,"_pose":"FreeFall","_animationQueue":[],"_animationSpeed":1,"_zoom":16.125},{"_mousePosition":[573,430],"_rootPartCFrame":[760.792,246.346,47.246,-0.018,0,1,0,1,0,-1,0,-0.018],"_humanoidState":5,"_cameraCFrame":[767.217,262.635,47.082,-0.026,-0.917,0.398,0,0.399,0.917,-1,0.023,-0.01],"_shiftlockState":false,"_pose":"FreeFall","_animationQueue":[],"_animationSpeed":1,"_zoom":16.125},{"_mousePosition":[573,430],"_rootPartCFrame":[760.526,246.895,47.253,-0.019,0,1,0,1,0,-1,0,-0.019],"_humanoidState":5,"_cameraCFrame":[766.95,263.184,47.089,-0.026,-0.917,0.398,0,0.399,0.917,-1,0.023,-0.01],"_shiftlockState":false,"_pose":"FreeFall","_animationQueue":[],"_animationSpeed":1,"_zoom":16.125},{"_mousePosition":[573,430],"_rootPartCFrame":[760.259,247.39,47.259,-0.02,0,1,0,1,0,-1,0,-0.02],"_humanoidState":5,"_cameraCFrame":[766.684,263.679,47.095,-0.026,-0.917,0.398,0,0.399,0.917,-1,0.023,-0.01],"_shiftlockState":false,"_pose":"FreeFall","_animationQueue":[],"_animationSpeed":1,"_zoom":16.125},{"_mousePosition":[573,430],"_rootPartCFrame":[759.992,247.831,47.266,-0.021,0,1,0,1,