[{"_mousePosition":[603,496],"_rootPartCFrame":[776.028,222.7,47.142,0,0,1,0,1,0,-1,0,0],"_humanoidState":8,"_cameraCFrame":[781.222,239.465,47.156,0.003,-0.947,0.322,0,0.322,0.947,-1,-0.002,0.001],"_shiftlockState":false,"_pose":"Standing","_animationQueue":[],"_animationSpeed":1,"_zoom":16.125},{"_mousePosition":[603,496],"_rootPartCFrame":[775.856,222.7,47.142,0,0,1,0,1,0,-1,0,0],"_humanoidState":8,"_cameraCFrame":[781.05,239.465,47.155,0.003,-0.947,0.322,0,0.322,0.947,-1,-0.002,0.001],"_shiftlockState":false,"_pose":"Standing","_animationQueue":[],"_animationSpeed":1,"_zoom":16.125},{"_mousePosition":[603,496],"_rootPartCFrame":[775.591,222.7,47.141,0.001,0,1,0,1,0,-1,0,0.001],"_humanoidState":8,"_cameraCFrame":[780.756,239.475,47.155,0.003,-0.947,0.32,0,0.32,0.947,-1,-0.002,0.001],"_shiftlockState":false,"_pose":"Running","_animationQueue":[["walk",0.1]],"_animationSpeed":1.003,"_zoom":16.125},{"_mousePosition":[603,496],"_rootPartCFrame":[775.325,222.7,47.141,0.001,0,1,0,1,0,-1,0,0.001],"_humanoidState":8,"_cameraCFrame":[780.489,239.475,47.154,0.003,-0.947,0.32,0,0.32,0.947,-1,-0.002,0.001],"_shiftlockState":false,"_pose":"Running","_animationQueue":[["walk",0.1]],"_animationSpeed":1.101,"_zoom":16.125},{"_mousePosition":[603,496],"_rootPartCFrame":[775.058,222.7,47.14,0.001,0,1,0,1,0,-1,0,0.001],"_humanoidState":8,"_cameraCFrame":[780.222,239.475,47.153,0.003,-0.947,0.32,0,0.32,0.947,-1,-0.002,0.001],"_shiftlockState":false,"_pose":"Running","_animationQueue":[],"_animationSpeed":1.101,"_zoom":16.125},{"_mousePosition":[603,496],"_rootPartCFrame":[774.791,222.7,47.139,0.001,0,1,0,1,0,-1,0,0.001],"_humanoidState":8,"_cameraCFrame":[779.956,239.475,47.153,0.003,-0.947,0.32,0,0.32,0.947,-1,-0.002,0.001],"_shiftlockState":false,"_pose":"Running","_animationQueue":[],"_animationSpeed":1.101,"_zoom":16.125},{"_mousePosition":[603,496],"_rootPartCFrame":[774.524,222.7,47.138,0.001,0,1,0,1,0,-1,0,0.001],"_humanoidState":8,"_cameraCFrame":[779.659,239.485,47.139,0,-0.948,0.318,0,0.318,0.948,-1,0,0],"_shiftlockState":false,"_pose":"Running","_animationQueue":[["walk",0.1]],"_animationSpeed":1.101,"_zoom":16.125},{"_mousePosition":[603,496],"_rootPartCFrame":[774.258,222.7,47.138,0.002,0,1,0,1,0,-1,0,0.002],"_humanoidState":8,"_cameraCFrame":[779.392,239.485,47.138,0,-0.948,0.318,0,0.318,0.948,-1,0,0],"_shiftlockState":false,"_pose":"Running","_animationQueue":[],"_animationSpeed":1.101,"_zoom":16.125},{"_mousePosition":[603,496],"_rootPartCFrame":[773.991,222.7,47.138,0.001,0,1,0,1,0,-1,0,0.001],"_humanoidState":8,"_cameraCFrame":[779.126,239.485,47.125,-0.002,-0.948,0.318,0,0.318,0.948,-1,0.002,-0.001],"_shiftlockState":false,"_pose":"Running","_animationQueue":[],"_animationSpeed":1.101,"_zoom":16.125},{"_mousePosition":[603,496],"_rootPartCFrame":[773.724,222.7,47.138,0.001,0,1,0,1,0,-1,0,0.001],"_humanoidState":8,"_cameraCFrame":[778.829,239.495,47.125,-0.002,-0.949,0.317,0,0.317,0.949,-1,0.002,-0.001],"_shiftlockState":false,"_pose":"Running","_animationQueue":[],"_animationSpeed":1.101,"_zoom":16.125},{"_mousePosition":[603,496],"_rootPartCFrame":[773.458,222.7,47.138,0.001,0,1,0,1,0,-1,0,0.001],"_humanoidState":8,"_cameraCFrame":[778.562,239.495,47.113,-0.005,-0.949,0.317,0,0.317,0.949,-1,0.005,-0.002],"_shiftlockState":false,"_pose":"Running","_animationQueue":[],"_animationSpeed":1.101,"_zoom":16.125},{"_mousePosition":[603,496],"_rootPartCFrame":[773.191,222.7,47.139,0,0,1,0,1,0,-1,0,0],"_humanoidState":8,"_cameraCFrame":[778.295,239.495,47.101,-0.008,-0.949,0.317,0,0.317,0.949,-1,0.007,-0.002],"_shiftlockState":false,"_pose":"Running","_animationQueue":[],"_animationSpeed":1.101,"_zoom":16.125},{"_mousePosition":[603,496],"_rootPartCFrame":[772.924,222.7,47.14,0,0,1,0,1,0,-1,0,0],"_humanoidState":8,"_cameraCFrame":[777.999,239.505,47.089,-0.01,-0.949,0.315,0,0.315,0.949,-1,0.01,-0.003],"_shiftlockState":false,"_pose":"Running","_animationQueue":[["walk",0.1]],"_animationSpeed":1.101,"_zoom":16.125},{"_mousePosition":[603,496],"_rootPartCFrame":[772.657,222.7,47.142,-0.001,0,1,0,1,0,-1,0,-0.001],"_humanoidState":8,"_cameraCFrame":[777.732,239.505,47.078,-0.013,-0.949,0.315,0,0.315,0.949,-1,0.012,-0.004],"_shiftlockState":false,"_pose":"Running","_animationQueue":[],"_animationSpeed":1.101,"_zoom":16.125},{"_mousePosition":[603,496],"_rootPartCFrame":[772.391,222.7,47.145,-0.002,0,1,0,1,0,-1,0,-0.002],"_humanoidState":8,"_cameraCFrame":[777.405,239.525,47.056,-0.018,-0.95,0.311,0,0.311,0.95,-1,0.017,-0.005],"_shiftlockState":false,"_pose":"Running","_animationQueue":[],"_animationSpeed":1.101,"_zoom":16.125},{"_mousePosition":[603,496],"_rootPartCFrame":[772.124,223.573,47.147,-0.004,0,1,0,1,0,-1,0,-0.004],"_humanoidState":3,"_cameraCFrame":[777.139,240.398,47.046,-0.02,-0.95,0.311,0,0.311,0.95,-1,0.019,-0.006],"_shiftlockState":false,"_pose":"Jumping","_animationQueue":[["walk",0.1],["jump",0.1]],"_animationSpeed":1,"_zoom":16.125},{"_mousePosition":[603,496],"_rootPartCFrame":[771.858,224.395,47.152,-0.005,0,1,0,1,0,-1,0,-0.005],"_humanoidState":5,"_cameraCFrame":[776.872,241.22,47.038,-0.023,-0.95,0.311,0,0.311,0.95,-1,0.022,-0.007],"_shiftlockState":false,"_pose":"FreeFall","_animationQueue":[["jump",0.1]],"_animationSpeed":1,"_zoom":16.125},{"_mousePosition":[603,496],"_rootPartCFrame":[771.524,225.346,47.158,-0.008,0,1,0,1,0,-1,0,-0.008],"_humanoidState":5,"_cameraCFrame":[776.538,242.171,47.045,-0.023,-0.95,0.311,0,0.311,0.95,-1,0.022,-0.007],"_shiftlockState":false,"_pose":"FreeFall","_animationQueue":[],"_animationSpeed":1,"_zoom":16.125},{"_mousePosition":[603,496],"_rootPartCFrame":[771.324,225.875,47.163,-0.009,0,1,0,1,0,-1,0,-0.009],"_humanoidState":5,"_cameraCFrame":[776.338,242.701,47.049,-0.023,-0.95,0.311,0,0.311,0.95,-1,0.022,-0.007],"_shiftlockState":false,"_pose":"FreeFall","_animationQueue":[],"_animationSpeed":1,"_zoom":16.125},{"_mousePosition":[603,496],"_rootPartCFrame":[771.058,226.534,47.169,-0.011,0,1,0,1,0,-1,0,-0.011],"_humanoidState":5,"_cameraCFrame":[776.072,243.359,47.055,-0.023,-0.95,0.311,0,0.311,0.95,-1,0.022,-0.007],"_shiftlockState":false,"_pose":"FreeFall","_animationQueue":[],"_animationSpeed":1,"_zoom":16.125},{"_mousePosition":[603,496],"_rootPartCFrame":[770.725,227.28,47.177,-0.013,0,1,0,1,0,-1,0,-0.013],"_humanoidState":5,"_cameraCFrame":[775.739,244.106,47.063,-0.023,-0.95,0.311,0,0.311,0.95,-1,0.022,-0.007],"_shiftlockState":false,"_pose":"FreeFall","_animationQueue":[],"_animationSpeed":1,"_zoom":16.125},{"_mousePosition":[603,496],"_rootPartCFrame":[770.525,227.687,47.181,-0.014,0,1,0,1,0,-1,0,-0.014],"_humanoidState":5,"_cameraCFrame":[775.539,244.513,47.067,-0.023,-0.95,0.311,0,0.311,0.95,-1,0.022,-0.007],"_shiftlockState":false,"_pose":"FreeFall","_animationQueue":[],"_animationSpeed":1,"_zoom":16.125},{"_mousePosition":[603,496],"_rootPartCFrame":[770.191,228.298,47.189,-0.016,0,1,0,1,0,-1,0,-0.016],"_humanoidState":5,"_cameraCFrame":[775.205,245.123,47.075,-0.023,-0.95,0.311,0,0.311,0.95,-1,0.022,-0.007],"_shiftlockState":false,"_pose":"FreeFall","_animationQueue":[],"_animationSpeed":1,"_zoom":16.125},{"_mousePosition":[603,496],"_rootPartCFrame":[769.991,228.623,47.193,-0.016,0,1,0,1,0,-1,0,-0.016],"_humanoidState":5,"_cameraCFrame":[775.005,245.448,47.079,-0.023,-0.95,0.311,0,0.311,0.95,-1,0.022,-0.007],"_shiftlockState":false,"_pose":"FreeFall","_animationQueue":[],"_animationSpeed":1,"_zoom":16.125},{"_mousePosition":[603,496],"_rootPartCFrame":[769.658,229.097,47.201,-0.017,0,1,0,1,0,-1,0,-0.017],"_humanoidState":5,"_cameraCFrame":[774.672,245.922,47.087,-0.023,-0.95,0.311,0,0.311,0.95,-1,0.022,-0.007],"_shiftlockState":false,"_pose":"FreeFall","_animationQueue":[],"_animationSpeed":1,"_zoom":16.125},{"_mousePosition":[603,496],"_rootPartCFrame":[769.458,229.34,47.205,-0.018,0,1,0,1,0,-1,0,-0.018],"_humanoidState":5,"_cameraCFrame":[774.472,246.166,47.091,-0.023,-0.95,0.311,0,0.311,0.95,-1,0.022,-0.007],"_shiftlockState":false,"_pose":"FreeFall","_animationQueue":[],"_animationSpeed":1,"_zoom":16.125},{"_mousePosition":[603,496],"_rootPartCFrame":[769.192,229.617,47.211,-0.019,0,1,0,1,0,-1,0,-0.019],"_humanoidState":5,"_cameraCFrame":[774.206,246.443,47.098,-0.023,-0.95,0.311,0,0.311,0.95,-1,0.022,-0.007],"_shiftlockState":false,"_pose":"FreeFall","_animationQueue":[],"_animationSpeed":1,"_zoom":16.125},{"_mousePosition":[603,496],"_rootPartCFrame":[768.925,229.84,47.217,-0.019,0,1,0,1,0,-1,0,-0.019],"_humanoidState":5,"_cameraCFrame":[773.939,246.665,47.104,-0.023,-0.95,0.311,0,0.311,0.95,-1,0.022,-0.007],"_shiftlockState":false,"_pose":"FreeFall","_animationQueue":[],"_animationSpeed":1,"_zoom":16.125},{"_mousePosition":[603,496],"_rootPartCFrame":[768.592,230.042,47.225,-0.02,0,1,0,1,0,-1,0,-0.02],"_humanoidState":5,"_cameraCFrame":[773.606,246.867,47.111,-0.023,-0.95,0.311,0,0.311,0.95,-1,0.022,-0.007],"_shiftlockState":false,"_pose":"FreeFall","_animationQueue":[],"_animationSpeed":1,"_zoom":16.125},{"_mousePosition":[603,496],"_rootPartCFrame":[768.392,230.122,47.23,-0.02,0,1,0,1,0,-1,0,-0.02],"_humanoidState":5,"_cameraCFrame":[773.406,246.947,47.116,-0.023,-0.95,0.311,0,0.311,0.95,-1,0.022,-0.007],"_shiftlockState":false,"_pose":"FreeFall","_animationQueue":[],"_animationSpeed":1,"_zoom":16.125},{"_mousePosition":[603,496],"_rootPartCFrame":[768.125,230.181,47.236,-0.021,0,1,0,1,0,-1,0,-0.021],"_humanoidState":5,"_cameraCFrame":[773.229,246.976,47.12,-0.023,-0.948,0.316,0,0.317,0.949,-1,0.022,-0.007],"_shiftlockState":false,"_pose":"FreeFall","_animationQueue":[],"_animationSpeed":1,"_zoom":16.125},{"_mousePosition":[603,496],"_rootPartCFrame":[767.859,230.185,47.242,-0.021,0,1,0,1,0,-1,0,-0.021],"_humanoidState":5,"_cameraCFrame":[773.081,246.94,47.123,-0.023,-0.946,0.324,0,0.324,0.946,-1,0.021,-0.007],"_shiftlockState":false,"_pose":"FreeFall","_animationQueue":[["fall",0.3]],"_animationSpeed":1,"_zoom":16.125},{"_mousePosition":[603,496],"_rootPartCFrame":[767.592,230.135,47.248,-0.021,0,1,0,1,0,-1,0,-0.021],"_humanoidState":5,"_cameraCFrame":[772.904,246.86,47.127,-0.023,-0.944,0.329,0,0.329,0.944,-1,0.021,-0.007],"_shiftlockState":false,"_pose":"FreeFall","_animationQueue":[],"_animationSpeed":1,"_zoom":16.125},{"_mousePosition":[603,496],"_rootPartCFrame":[767.325,230.031,47.254,-0.021,0,1,0,1,0,-1,0,-0.021],"_humanoidState":5,"_cameraCFrame":[772.726,246.724,47.131,-0.023,-0.942,0.335,0,0.335,0.942,-1,0.021,-0.008],"_shiftlockState":false,"_pose":"FreeFall","_animationQueue":[],"_animationSpeed":1,"_zoom":16.125},{"_mousePosition":[603,496],"_rootPartCFrame":[767.059,229.872,47.26,-0.022,0,1,0,1,0,-1,0,-0.022],"_humanoidState":5,"_cameraCFrame":[772.518,246.544,47.136,-0.023,-0.941,0.339,0,0.339,0.941,-1,0.021,-0.008],"_shiftlockState":false,"_pose":"FreeFall","_animationQueue":[],"_animationSpeed":1,"_zoom":16.125},{"_mousePosition":[603,496],"_rootPartCFrame":[766.792,229.658,47.266,-0.022,0,1,0,1,0,-1,0,-0.022],"_humanoidState":5,"_cameraCFrame":[772.252,246.33,47.142,-0.023,-0.941,0.339,0,0.339,0.941,-1,0.021,-0.008],"_shiftlockState":false,"_pose":"FreeFall","_animationQueue":[],"_animationSpeed":1,"_zoom":16.125},{"_mousePosition":[603,496],"_rootPartCFrame":[766.526,229.39,47.272,-0.022,0,1,0,1,0,-1,0,-0.022],"_humanoidState":5,"_cameraCFrame":[771.985,246.062,47.148,-0.023,-0.941,0.339,0,0.339,0.941,-1,0.021,-0.008],"_shiftlockState":false,"_pose":"FreeFall","_animationQueue":[],"_animationSpeed":1,"_zoom":16.125},{"_mousePosition":[603,496],"_rootPartCFrame":[766.259,229.068,47.278,-0.022,0,1,0,1,0,-1,0,-0.022],"_humanoidState":5,"_cameraCFrame":[771.719,245.74,47.154,-0.023,-0.941,0.339,0,0.339,0.941,-1,0.021,-0.008],"_shiftlockState":false,"_pose":"FreeFall","_animationQueue":[],"_animationSpeed":1,"_zoom":16.125},{"_mousePosition":[603,496],"_rootPartCFrame":[765.992,228.691,47.284,-0.022,0,1,0,1,0,-1,0,-0.022],"_humanoidState":5,"_cameraCFrame":[771.452,245.363,47.16,-0.023,-0.941,0.339,0,0.339,0.941,-1,0.021,-0.008],"_shiftlockState":false,"_pose":"FreeFall","_animationQueue":[["fall",0.3]],"_animationSpeed":1,"_zoom":16.125},{"_mousePosition":[603,496],"_rootPartCFrame":[765.726,228.259,47.29,-0.022,0,1,0,1,0,-1,0,-0.022],"_humanoidState":5,"_cameraCFrame":[771.215,244.921,47.165,-0.023,-0.94,0.34,0,0.341,0.94,-1,0.021,-0.008],"_shiftlockState":false,"_pose":"FreeFall","_animationQueue":[],"_animationSpeed":1,"_zoom":16.125},{"_mousePosition":[603,496],"_rootPartCFrame":[765.459,227.773,47.296,-0.022,0,1,0,1,0,-1,0,-0.022],"_humanoidState":5,"_cameraCFrame":[770.948,244.435,47.172,-0.023,-0.94,0.34,0,0.341,0.94,-1,0.021,-0.008],"_shiftlockState":false,"_pose":"FreeFall","_animationQueue":[],"_animationSpeed":1,"_zoom":16.125},{"_mousePosition":[603,496],"_rootPartCFrame":[765.193,227.233,47.302,-0.022,0,1,0,1,0,-1,0,-0.022],"_humanoidState":5,"_cameraCFrame":[770.711,243.884,47.177,-0.023,-0.939,0.342,0,0.342,0.94,-1,0.021,-0.008],"_shiftlockState":false,"_pose":"FreeFall","_animationQueue":[],"_animationSpeed":1,"_zoom":16.125},{"_mousePosition":[603,496],"_rootPartCFrame":[764.926,226.638,47.308,-0.022,0,1,0,1,0,-1,0,-0.022],"_humanoidState":5,"_cameraCFrame":[770.445,243.289,47.183,-0.023,-0.939,0.342,0,0.342,0.94,-1,0.021,-0.008],"_shiftlockState":false,"_pose":"FreeFall","_animationQueue":[],"_animationSpeed":1,"_zoom":16.125},{"_mousePosition":[603,496],"_rootPartCFrame":[764.659,225.988,47.314,-0.022,0,1,0,1,0,-1,0,-0.022],"_humanoidState":5,"_cameraCFrame":[770.178,242.639,47.189,-0.023,-0.939,0.342,0,0.342,0.94,-1,0.021,-0.008],"_shiftlockState":false,"_pose":"FreeFall","_animationQueue":[],"_animationSpeed":1,"_zoom":16.125},{"_mousePosition":[603,496],"_rootPartCFrame":[764.393,225.284,47.32,-0.022,0,1,0,1,0,-1,0,-0.022],"_humanoidState":5,"_cameraCFrame":[769.911,241.935,47.195,-0.023,-0.939,0.342,0,0.342,0.94,-1,0.021,-0.008],"_shiftlockState":false,"_pose":"FreeFall","_animationQueue":[],"_animationSpeed":1,"_zoom":16.125},{"_mousePosition":[603,496],"_rootPartCFrame":[764.126,224.526,47.326,-0.022,0,1,0,1,0,-1,0,-0.022],"_humanoidState":5,"_cameraCFrame":[769.645,241.177,47.201,-0.023,-0.939,0.342,0,0.342,0.94,-1,0.021,-0.008],"_shiftlockState":false,"_pose":"FreeFall","_animationQueue":[["fall",0.3]],"_animationSpeed":1,"_zoom":16.125},{"_mousePosition":[603,496],"_rootPartCFrame":[763.86,223.82,47.333,-0.023,0,1,0,1,0,-1,0,-0.023],"_humanoidState":7,"_cameraCFrame":[769.378,240.471,47.207,-0.023,-0.939,0.342,0,0.342,0.94,-1,0.021,-0.008],"_shiftlockState":false,"_pose":"FreeFall","_animationQueue":[["walk",0.1],["fall",0.3],["fall",0.3]],"_animationSpeed":1,"_zoom":16.125},{"_mousePosition":[603,496],"_rootPartCFrame":[763.593,223.814,47.339,-0.023,0,1,0,1,0,-1,0,-0.023],"_humanoidState":7,"_cameraCFrame":[769.112,240.465,47.213,-0.023,-0.939,0.342,0,0.342,0.94,-1,0.021,-0.008],"_shiftlockState":false,"_pose":"FreeFall","_animationQueue":[],"_animationSpeed":1,"_zoom":16.125},{"_mousePosition":[603,496],"_rootPartCFrame":[763.326,223.927,47.345,-0.023,0,1,0,1,0,-1,0,-0.023],"_humanoidState":8,"_cameraCFrame":[768.875,240.566,47.219,-0.023,-0.939,0.344,0,0.344,0.939,-1,0.021,-0.008],"_shiftlockState":false,"_pose":"Running","_animationQueue":[["walk",0.1],["fall",0.3],["walk",0.1]],"_animationSpeed":1.103,"_zoom":16.125},{"_mousePosition":[603,496],"_rootPartCFrame":[763.06,224.006,47.351,-0.023,0,1,0,1,0,-1,0,-0.023],"_humanoidState":8,"_cameraCFrame":[768.608,240.646,47.225,-0.023,-0.939,0.344,0,0.344,0.939,-1,0.021,-0.008],"_shiftlockState":false,"_pose":"Running","_animationQueue":[],"_animationSpeed":1.103,"_zoom":16.125},{"_mousePosition":[603,496],"_rootPartCFrame":[762.793,224.052,47.357,-0.023,0,1,0,1,0,-1,0,-0.023],"_humanoidState":8,"_cameraCFrame":[768.341,240.692,47.231,-0.023,-0.939,0.344,0,0.344,0.939,-1,0.021,-0.008],"_shiftlockState":false,"_pose":"Running","_animationQueue":[],"_animationSpeed":1.103,"_zoom":16.125},{"_mousePosition":[603,496],"_rootPartCFrame":[762.527,224.077,47.363,-0.023,0,1,0,1,0,-1,0,-0.023],"_humanoidState":8,"_cameraCFrame":[768.104,240.706,47.236,-0.023,-0.938,0.346,0,0.346,0.938,-1,0.021,-0.008],"_shiftlockState":false,"_pose":"Running","_animationQueue":[],"_animationSpeed":1.103,"_zoom":16.125},{"_mousePosition":[603,496],"_rootPartCFrame":[762.26,224.09,47.369,-0.023,0,1,0,1,0,-1,0,-0.023],"_humanoidState":8,"_cameraCFrame":[767.838,240.719,47.242,-0.023,-0.938,0.346,0,0.346,0.938,-1,0.021,-0.008],"_shiftlockState":false,"_pose":"Running","_animationQueue":[["walk",0.1]],"_animationSpeed":1.103,"_zoom":16.125},{"_mousePosition":[603,496],"_rootPartCFrame":[761.993,224.098,47.375,-0.023,0,1,0,1,0,-1,0,-0.023],"_humanoidState":8,"_cameraCFrame":[767.601,240.716,47.248,-0.023,-0.937,0.348,0,0.348,0.938,-1,0.021,-0.008],"_shiftlockState":false,"_pose":"Running","_animationQueue":[],"_animationSpeed":1.103,"_zoom":16.125},{"_mousePosition":[603,496],"_rootPartCFrame":[761.727,224.102,47.381,-0.023,0,1,0,1,0,-1,0,-0.023],"_humanoidState":8,"_cameraCFrame":[767.363,240.709,47.253,-0.023,-0.937,0.35,0,0.35,0.937,-1,0.021,-0.008],"_shiftlockState":false,"_pose":"Running","_animationQueue":[],"_animationSpeed":1.103,"_zoom":16.125},{"_mousePosition":[603,496],"_rootPartCFrame":[761.394,224.104,47.389,-0.023,0,1,0,1,0,-1,0,-0.023],"_humanoidState":8,"_cameraCFrame":[767.06,240.7,47.26,-0.023,-0.936,0.351,0,0.351,0.936,-1,0.021,-0.008],"_shiftlockState":false,"_pose":"Running","_animationQueue":[],"_animationSpeed":1.103,"_zoom":16.125},{"_mousePosition":[603,496],"_rootPartCFrame":[761.127,224.105,47.395,-0.023,0,1,0,1,0,-1,0,-0.023],"_humanoidState":8,"_cameraCFrame":[766.823,240.69,47.28,-0.02,-0.935,0.353,0,0.353,0.936,-1,0.019,-0.007],"_shiftlockState":false,"_pose":"Running","_animationQueue":[],"_animationSpeed":1.103,"_zoom":16.125},{"_mousePosition":[603,496],"_rootPartCFrame":[760.86,224.105,47.401,-0.023,0,1,0,1,0,-1,0,-0.023],"_humanoidState":8,"_cameraCFrame":[766.585,240.679,47.285,-0.02,-0.935,0.355,0,0.355,0.935,-1,0.019,-0.007],"_shiftlockState":false,"_pose":"Running","_animationQueue":[],"_animationSpeed":1.103,"_zoom":16.125},{"_mousePosition":[603,496],"_rootPartCFrame":[760.594,224.1,47.406,-0.022,0,1,0,1,0,-1,0,-0.022],"_humanoidState":8,"_cameraCFrame":[766.349,240.663,47.305,-0.018,-0.934,0.357,0,0.357,0.934,-1,0.016,-0.006],"_shiftlockState":false,"_pose":"Running","_animationQueue":[["walk",0.1]],"_animationSpeed":1.103,"_zoom":16.125},{"_mousePosition":[603,496],"_rootPartCFrame":[760.394,224.101,47.41,-0.022,0,1,0,1,0,-1,0,-0.022],"_humanoidState":8,"_cameraCFrame":[766.207,240.641,47.322,-0.015,-0.933,0.361,0,0.361,0.933,-1,0.014,-0.005],"_shiftlockState":false,"_pose":"Running","_animationQueue":[],"_animationSpeed":1.103,"_zoom":16.125},{"_mousePosition":[603,496],"_rootPartCFrame":[760.061,225.171,47.417,-0.022,0,1,0,1,0,-1,0,-0.022],"_humanoidState":3,"_cameraCFrame":[765.903,241.7,47.329,-0.015,-0.932,0.362,0,0.362,0.932,-1,0.014,-0.005],"_shiftlockState":false,"_pose":"Jumping","_animationQueue":[["walk",0.1],["jump",0.1]],"_animationSpeed":1,"_zoom":16.125},{"_mousePosition":[603,496],"_rootPartCFrame":[759.794,225.965,47.421,-0.021,0,1,0,1,0,-1,0,-0.021],"_humanoidState":5,"_cameraCFrame":[765.666,242.483,47.332,-0.015,-0.931,0.364,0,0.364,0.931,-1,0.014,-0.006],"_shiftlockState":false,"_pose":"FreeFall","_animationQueue":[["jump",0.1]],"_animationSpeed":1,"_zoom":16.125},{"_mousePosition":[603,496],"_rootPartCFrame":[759.594,226.526,47.424,-0.021,0,1,0,1,0,-1,0,-0.021],"_humanoidState":5,"_cameraCFrame":[765.496,243.032,47.35,-0.013,-0.931,0.366,0,0.366,0.931,-1,0.012,-0.005],"_shiftlockState":false,"_pose":"FreeFall","_animationQueue":[],"_animationSpeed":1,"_zoom":16.125},{"_mousePosition":[603,496],"_rootPartCFrame":[759.261,227.391,47.429,-0.02,0,1,0,1,0,-1,0,-0.02],"_humanoidState":5,"_cameraCFrame":[765.162,243.897,47.355,-0.013,-0.931,0.366,0,0.366,0.931,-1,0.012,-0.005],"_shiftlockState":false,"_pose":"FreeFall","_animationQueue":[],"_animationSpeed":1,"_zoom":16.125},{"_mousePosition":[603,496],"_rootPartCFrame":[758.994,228.023,47.433,-0.019,0,1,0,1,0,-1,0,-0.019],"_humanoidState":5,"_cameraCFrame":[764.896,244.529,47.358,-0.013,-0.931,0.366,0,0.366,0.931,-1,0.012,-0.005],"_shiftlockState":false,"_pose":"FreeFall","_animationQueue":[],"_animationSpeed":1,"_zoom":16.125},{"_mousePosition":[603,496],"_rootPartCFrame":[758.728,228.599,47.436,-0.018,0,1,0,1,0,-1,0,-0.018],"_humanoidState":5,"_cameraCFrame":[764.659,245.094,47.376,-0.01,-0.93,0.368,0,0.368,0.93,-1,0.009,-0.004],"_shiftlockState":false,"_pose":"FreeFall","_animationQueue":[],"_animationSpeed":1,"_zoom":16.125},{"_mousePosition":[603,496],"_rootPartCFrame":[758.528,228.996,47.439,-0.017,0,1,0,1,0,-1,0,-0.017],"_humanoidState":5,"_cameraCFrame":[764.459,245.491,47.379,-0.01,-0.93,0.368,0,0.368,0.93,-1,0.009,-0.004],"_shiftlockState":false,"_pose":"FreeFall","_animationQueue":[],"_animationSpeed":1,"_zoom":16.125},{"_mousePosition":[603,496],"_rootPartCFrame":[758.261,229.478,47.441,-0.016,0,1,0,1,0,-1,0,-0.016],"_humanoidState":5,"_cameraCFrame":[764.221,245.961,47.381,-0.01,-0.929,0.37,0,0.37,0.929,-1,0.009,-0.004],"_shiftlockState":false,"_pose":"FreeFall","_animationQueue":[],"_animationSpeed":1,"_zoom":16.125},{"_mousePosition":[603,496],"_rootPartCFrame":[757.994,229.905,47.444,-0.016,0,1,0,1,0,-1,0,-0.016],"_humanoidState":5,"_cameraCFrame":[763.984,246.376,47.384,-0.01,-0.928,0.371,0,0.371,0.928,-1,0.009,-0.004],"_shiftlockState":false,"_pose":"FreeFall","_animationQueue":[],"_animationSpeed":1,"_zoom":16.125},{"_mousePosition":[603,496],"_rootPartCFrame":[757.728,230.277,47.447,-0.015,0,1,0,1,0,-1,0,-0.015],"_humanoidState":5,"_cameraCFrame":[763.747,246.737,47.401,-0.008,-0.928,0.373,0,0.373,0.928,-1,0.007,-0.003],"_shiftlockState":false,"_pose":"FreeFall","_animationQueue":[],"_animationSpeed":1,"_zoom":16.125},{"_mousePosition":[603,496],"_rootPartCFrame":[757.461,230.595,47.449,-0.014,0,1,0,1,0,-1,0,-0.014],"_humanoidState":5,"_cameraCFrame":[763.48,247.054,47.404,-0.008,-0.928,0.373,0,0.373,0.928,-1,0.007,-0.003],"_shiftlockState":false,"_pose":"FreeFall","_animationQueue":[],"_animationSpeed":1,"_zoom":16.125},{"_mousePosition":[603,496],"_rootPartCFrame":[757.195,230.858,47.451,-0.013,0,1,0,1,0,-1,0,-0.013],"_humanoidState":5,"_cameraCFrame":[763.213,247.318,47.406,-0.008,-0.928,0.373,0,0.373,0.928,-1,0.007,-0.003],"_shiftlockState":false,"_pose":"FreeFall","_animationQueue":[],"_animationSpeed":1,"_zoom":16.125},{"_mousePosition":[603,496],"_rootPartCFrame":[756.928,231.067,47.453,-0.013,0,1,0,1,0,-1,0,-0.013],"_humanoidState":5,"_cameraCFrame":[762.947,247.527,47.408,-0.008,-0.928,0.373,0,0.373,0.928,-1,0.007,-0.003],"_shiftlockState":false,"_pose":"FreeFall","_animationQueue":[],"_animationSpeed":1,"_zoom":16.125},{"_mousePosition":[603,496],"_rootPartCFrame":[756.661,231.222,47.455,-0.012,0,1,0,1,0,-1,0,-0.012],"_humanoidState":5,"_cameraCFrame":[762.68,247.681,47.41,-0.008,-0.928,0.373,0,0.373,0.928,-1,0.007,-0.003],"_shiftlockState":false,"_pose":"FreeFall","_animationQueue":[],"_animationSpeed":1,"_zoom":16.125},{"_mousePosition":[603,496],"_rootPartCFrame":[756.395,231.321,47.457,-0.011,0,1,0,1,0,-1,0,-0.011],"_humanoidState":5,"_cameraCFrame":[762.414,247.781,47.412,-0.008,-0.928,0.373,0,0.373,0.928,-1,0.007,-0.003],"_shiftlockState":false,"_pose":"FreeFall","_animationQueue":[],"_animationSpeed":1,"_zoom":16.125},{"_mousePosition":[603,496],"_rootPartCFrame":[756.128,231.367,47.459,-0.011,0,1,0,1,0,-1,0,-0.011],"_humanoidState":5,"_cameraCFrame":[762.147,247.826,47.414,-0.008,-0.928,0.373,0,0.373,0.928,-1,0.007,-0.003],"_shiftlockState":false,"_pose":"FreeFall","_animationQueue":[],"_animationSpeed":1,"_zoom":16.125},{"_mousePosition":[603,496],"_rootPartCFrame":[755.862,231.358,47.461,-0.01,0,1,0,1,0,-1,0,-0.01],"_humanoidState":5,"_cameraCFrame":[761.88,247.817,47.431,-0.005,-0.928,0.373,0,0.373,0.928,-1,0.005,-0.002],"_shiftlockState":false,"_pose":"FreeFall","_animationQueue":[],"_animationSpeed":1,"_zoom":16.125},{"_mousePosition":[603,496],"_rootPartCFrame":[755.595,231.294,47.463,-0.01,0,1,0,1,0,-1,0,-0.01],"_humanoidState":5,"_cameraCFrame":[761.643,247.742,47.433,-0.005,-0.927,0.375,0,0.375,0.927,-1,0.005,-0.002],"_shiftlockState":false,"_pose":"FreeFall","_animationQueue":[["fall",0.3]],"_animationSpeed":1,"_zoom":16.125},{"_mousePosition":[603,496],"_rootPartCFrame":[755.328,231.176,47.465,-0.009,0,1,0,1,0,-1,0,-0.009],"_humanoidState":5,"_cameraCFrame":[761.376,247.624,47.45,-0.002,-0.927,0.375,0,0.375,0.927,-1,0.002,-0.001],"_shiftlockState":false,"_pose":"FreeFall","_animationQueue":[],"_animationSpeed":1,"_zoom":16.125},{"_mousePosition":[603,496],"_rootPartCFrame":[755.062,231.003,47.466,-0.009,0,1,0,1,0,-1,0,-0.009],"_humanoidState":5,"_cameraCFrame":[761.139,247.439,47.451,-0.002,-0.926,0.377,0,0.377,0.926,-1,0.002,-0.001],"_shiftlockState":false,"_pose":"FreeFall","_animationQueue":[],"_animationSpeed":1,"_zoom":16.125},{"_mousePosition":[603,496],"_rootPartCFrame":[754.795,230.776,47.467,-0.008,0,1,0,1,0,-1,0,-0.008],"_humanoidState":5,"_cameraCFrame":[760.872,247.212,47.452,-0.002,-0.926,0.377,0,0.377,0.926,-1,0.002,-0.001],"_shiftlockState":false,"_pose":"FreeFall","_animationQueue":[],"_animationSpeed":1,"_zoom":16.125},{"_mousePosition":[603,496],"_rootPartCFrame":[754.529,230.495,47.468,-0.007,0,1,0,1,0,-1,0,-0.007],"_humanoidState":5,"_cameraCFrame":[760.635,246.919,47.453,-0.002,-0.926,0.379,0,0.379,0.926,-1,0.002,-0.001],"_shiftlockState":false,"_pose":"FreeFall","_animationQueue":[],"_animationSpeed":1,"_zoom":16.125},{"_mousePosition":[603,496],"_rootPartCFrame":[754.262,230.159,47.468,-0.007,0,1,0,1,0,-1,0,-0.007],"_humanoidState":5,"_cameraCFrame":[760.368,246.583,47.453,-0.002,-0.926,0.379,0,0.379,0.926,-1,0.002,-0.001],"_shiftlockState":false,"_pose":"FreeFall","_animationQueue":[],"_animationSpeed":1,"_zoom":16.125},{"_mousePosition":[603,496],"_rootPartCFrame":[753.995,229.768,47.469,-0.006,0,1,0,1,0,-1,0,-0.006],"_humanoidState":5,"_cameraCFrame":[760.102,246.192,47.454,-0.002,-0.926,0.379,0,0.379,0.926,-1,0.002,-0.001],"_shiftlockState":false,"_pose":"FreeFall","_animationQueue":[],"_animationSpeed":1,"_zoom":16.125},{"_mousePosition":[603,496],"_rootPartCFrame":[753.729,229.323,47.47,-0.005,0,1,0,1,0,-1,0,-0.005],"_humanoidState":5,"_cameraCFrame":[759.835,245.747,47.455,-0.002,-0.926,0.379,0,0.379,0.926,-1,0.002,-0.001],"_shiftlockState":false,"_pose":"FreeFall","_animationQueue":[["fall",0.3]],"_animationSpeed":1,"_zoom":16.125},{"_mousePosition":[603,496],"_rootPartCFrame":[753.462,228.823,47.47,-0.005,0,1,0,1,0,-1,0,-0.005],"_humanoidState":5,"_cameraCFrame":[759.568,245.247,47.455,-0.002,-0.926,0.379,0,0.379,0.926,-1,0.002,-0.001],"_shiftlockState":false,"_pose":"FreeFall","_animationQueue":[],"_animationSpeed":1,"_zoom":16.125},{"_mousePosition":[603,496],"_rootPartCFrame":[753.196,228.269,47.471,-0.005,0,1,0,1,0,-1,0,-0.005],"_humanoidState":5,"_cameraCFrame":[759.302,244.693,47.456,-0.002,-0.926,0.379,0,0.379,0.926,-1,0.002,-0.001],"_shiftlockState":false,"_pose":"FreeFall","_animationQueue":[],"_animationSpeed":1,"_zoom":16.125},{"_mousePosition":[603,496],"_rootPartCFrame":[752.929,227.661,47.472,-0.004,0,1,0,1,0,-1,0,-0.004],"_humanoidState":5,"_cameraCFrame":[759.035,244.085,47.457,-0.002,-0.926,0.379,0,0.379,0.926,-1,0.002,-0.001],"_shiftlockState":false,"_pose":"FreeFall","_animationQueue":[],"_animationSpeed":1,"_zoom":16.125},{"_mousePosition":[603,496],"_rootPartCFrame":[752.662,226.997,47.472,-0.004,0,1,0,1,0,-1,0,-0.004],"_humanoidState":5,"_cameraCFrame":[758.769,243.422,47.457,-0.002,-0.926,0.379,0,0.379,0.926,-1,0.002,-0.001],"_shiftlockState":false,"_pose":"FreeFall","_animationQueue":[],"_animationSpeed":1,"_zoom":16.125},{"_mousePosition":[603,496],"_rootPartCFrame":[752.396,226.28,47.473,-0.004,0,1,0,1,0,-1,0,-0.004],"_humanoidState":5,"_cameraCFrame":[758.502,242.704,47.458,-0.002,-0.926,0.379,0,0.379,0.926,-1,0.002,-0.001],"_shiftlockState":false,"_pose":"FreeFall","_animationQueue":[],"_animationSpeed":1,"_zoom":16.125},{"_mousePosition":[603,496],"_rootPartCFrame":[752.129,225.508,47.474,-0.004,0,1,0,1,0,-1,0,-0.004],"_humanoidState":5,"_cameraCFrame":[758.235,241.932,47.459,-0.002,-0.926,0.379,0,0.379,0.926,-1,0.002,-0.001],"_shiftlockState":false,"_pose":"FreeFall","_animationQueue":[],"_animationSpeed":1,"_zoom":16.125},{"_mousePosition":[603,496],"_rootPartCFrame":[751.863,224.681,47.474,-0.003,0,1,0,1,0,-1,0,-0.003],"_humanoidState":5,"_cameraCFrame":[757.969,241.105,47.459,-0.002,-0.926,0.379,0,0.379,0.926,-1,0.002,-0.001],"_shiftlockState":false,"_pose":"FreeFall","_animationQueue":[["fall",0.3]],"_animationSpeed":1,"_zoom":16.125},{"_mousePosition":[603,496],"_rootPartCFrame":[751.596,223.909,47.475,-0.003,0,1,0,1,0,-1,0,-0.003],"_humanoidState":7,"_cameraCFrame":[757.702,240.334,47.46,-0.002,-0.926,0.379,0,0.379,0.926,-1,0.002,-0.001],"_shiftlockState":false,"_pose":"FreeFall","_animationQueue":[["walk",0.1],["fall",0.3],["fall",0.3]],"_animationSpeed":1,"_zoom":16.125},{"_mousePosition":[603,496],"_rootPartCFrame":[751.329,223.863,47.476,-0.003,0,1,0,1,0,-1,0,-0.003],"_humanoidState":7,"_cameraCFrame":[757.436,240.287,47.461,-0.002,-0.926,0.379,0,0.379,0.926,-1,0.002,-0.001],"_shiftlockState":false,"_pose":"FreeFall","_animationQueue":[],"_animationSpeed":1,"_zoom":16.125},{"_mousePosition":[603,496],"_rootPartCFrame":[751.063,223.953,47.476,-0.003,0,1,0,1,0,-1,0,-0.003],"_humanoidState":8,"_cameraCFrame":[757.169,240.377,47.461,-0.002,-0.926,0.379,0,0.379,0.926,-1,0.002,-0.001],"_shiftlockState":false,"_pose":"Running","_animationQueue":[["walk",0.1],["fall",0.3],["walk",0.1]],"_animationSpeed":1.103,"_zoom":16.125},{"_mousePosition":[603,496],"_rootPartCFrame":[750.796,224.021,47.477,-0.003,0,1,0,1,0,-1,0,-0.003],"_humanoidState":8,"_cameraCFrame":[756.902,240.445,47.462,-0.002,-0.926,0.379,0,0.379,0.926,-1,0.002,-0.001],"_shiftlockState":false,"_pose":"Running","_animationQueue":[],"_animationSpeed":1.103,"_zoom":16.125},{"_mousePosition":[603,496],"_rootPartCFrame":[750.529,224.06,47.477,-0.003,0,1,0,1,0,-1,0,-0.003],"_humanoidState":8,"_cameraCFrame":[756.635,240.484,47.462,-0.002,-0.926,0.379,0,0.379,0.926,-1,0.002,-0.001],"_shiftlockState":false,"_pose":"Running","_animationQueue":[],"_animationSpeed":1.103,"_zoom":16.125},{"_mousePosition":[603,496],"_rootPartCFrame":[750.263,224.082,47.478,-0.003,0,1,0,1,0,-1,0,-0.003],"_humanoidState":8,"_cameraCFrame":[756.369,240.506,47.463,-0.002,-0.926,0.379,0,0.379,0.926,-1,0.002,-0.001],"_shiftlockState":false,"_pose":"Running","_animationQueue":[["walk",0.1]],"_animationSpeed":1.103,"_zoom":16.125},{"_mousePosition":[603,496],"_rootPartCFrame":[749.996,224.093,47.479,-0.003,0,1,0,1,0,-1,0,-0.003],"_humanoidState":8,"_cameraCFrame":[756.102,240.517,47.464,-0.002,-0.926,0.379,0,0.379,0.926,-1,0.002,-0.001],"_shiftlockState":false,"_pose":"Running","_animationQueue":[],"_animationSpeed":1.103,"_zoom":16.125},{"_mousePosition":[603,496],"_rootPartCFrame":[749.729,224.099,47.479,-0.003,0,1,0,1,0,-1,0,-0.003],"_humanoidState":8,"_cameraCFrame":[755.835,240.523,47.464,-0.002,-0.926,0.379,0,0.379,0.926,-1,0.002,-0.001],"_shiftlockState":false,"_pose":"Running","_animationQueue":[],"_animationSpeed":1.103,"_zoom":16.125},{"_mousePosition":[603,496],"_rootPartCFrame":[749.462,224.103,47.48,-0.003,0,1,0,1,0,-1,0,-0.003],"_humanoidState":8,"_cameraCFrame":[755.569,240.527,47.465,-0.002,-0.926,0.379,0,0.379,0.926,-1,0.002,-0.001],"_shiftlockState":false,"_pose":"Running","_animationQueue":[],"_animationSpeed":1.103,"_zoom":16.125},{"_mousePosition":[603,496],"_rootPartCFrame":[749.196,224.104,47.481,-0.003,0,1,0,1,0,-1,0,-0.003],"_humanoidState":8,"_cameraCFrame":[755.302,240.528,47.466,-0.002,-0.926,0.379,0,0.379,0.926,-1,0.002,-0.001],"_shiftlockState":false,"_pose":"Running","_animationQueue":[],"_animationSpeed":1.103,"_zoom":16.125},{"_mousePosition":[603,496],"_rootPartCFrame":[748.929,224.105,47.481,-0.003,0,1,0,1,0,-1,0,-0.003],"_humanoidState":8,"_cameraCFrame":[755.035,240.529,47.466,-0.002,-0.926,0.379,0,0.379,0.926,-1,0.002,-0.001],"_shiftlockState":false,"_pose":"Running","_animationQueue":[],"_animationSpeed":1.103,"_zoom":16.125},{"_mousePosition":[603,496],"_rootPartCFrame":[748.662,224.105,47.482,-0.003,0,1,0,1,0,-1,0,-0.003],"_humanoidState":8,"_cameraCFrame":[754.768,240.529,47.467,-0.002,-0.926,0.379,0,0.379,0.926,-1,0.002,-0.001],"_shiftlockState":false,"_pose":"Running","_animationQueue":[],"_animationSpeed":1.103,"_zoom":16.125},{"_mousePosition":[603,496],"_rootPartCFrame":[748.395,224.105,47.483,-0.003,0,1,0,1,0,-1,0,-0.003],"_humanoidState":8,"_cameraCFrame":[754.502,240.529,47.468,-0.002,-0.926,0.379,0,0.379,0.926,-1,0.002,-0.001],"_shiftlockState":false,"_pose":"Running","_animationQueue":[["walk",0.1]],"_animationSpeed":1.103,"_zoom":16.125},{"_mousePosition":[603,496],"_rootPartCFrame":[748.062,225.175,47.484,-0.003,0,1,0,1,0,-1,0,-0.003],"_humanoidState":3,"_cameraCFrame":[754.168,241.6,47.469,-0.002,-0.926,0.379,0,0.379,0.926,-1,0.002,-0.001],"_shiftlockState":false,"_pose":"Jumping","_animationQueue":[["walk",0.1],["jump",0.1]],"_animationSpeed":1,"_zoom":16.125},{"_mousePosition":[603,496],"_rootPartCFrame":[747.796,225.97,47.484,-0.003,0,1,0,1,0,-1,0,-0.003],"_humanoidState":5,"_cameraCFrame":[753.902,242.394,47.469,-0.002,-0.926,0.379,0,0.379,0.926,-1,0.002,-0.001],"_shiftlockState":false,"_pose":"FreeFall","_animationQueue":[["jump",0.1]],"_animationSpeed":1,"_zoom":16.125},{"_mousePosition":[603,496],"_rootPartCFrame":[747.529,226.711,47.485,-0.003,0,1,0,1,0,-1,0,-0.003],"_humanoidState":5,"_cameraCFrame":[753.635,243.135,47.47,-0.002,-0.926,0.379,0,0.379,0.926,-1,0.002,-0.001],"_shiftlockState":false,"_pose":"FreeFall","_animationQueue":[],"_animationSpeed":1,"_zoom":16.125},{"_mousePosition":[603,496],"_rootPartCFrame":[747.329,227.23,47.485,-0.003,0,1,0,1,0,-1,0,-0.003],"_humanoidState":5,"_cameraCFrame":[753.435,243.654,47.47,-0.002,-0.926,0.379,0,0.379,0.926,-1,0.002,-0.001],"_shiftlockState":false,"_pose":"FreeFall","_animationQueue":[],"_animationSpeed":1,"_zoom":16.125},{"_mousePosition":[603,496],"_rootPartCFrame":[747.062,227.875,47.486,-0.003,0,1,0,1,0,-1,0,-0.003],"_humanoidState":5,"_cameraCFrame":[753.169,244.299,47.471,-0.002,-0.926,0.379,0,0.379,0.926,-1,0.002,-0.001],"_shiftlockState":false,"_pose":"FreeFall","_animationQueue":[],"_animationSpeed":1,"_zoom":16.125},{"_mousePosition":[603,496],"_rootPartCFrame":[746.796,228.465,47.487,-0.003,0,1,0,1,0,-1,0,-0.003],"_humanoidState":5,"_cameraCFrame":[752.902,244.889,47.472,-0.002,-0.926,0.379,0,0.379,0.926,-1,0.002,-0.001],"_shiftlockState":false,"_pose":"FreeFall","_animationQueue":[],"_animationSpeed":1,"_zoom":16.125},{"_mousePosition":[603,496],"_rootPartCFrame":[746.529,229.001,47.487,-0.003,0,1,0,1,0,-1,0,-0.003],"_humanoidState":5,"_cameraCFrame":[752.635,245.425,47.472,-0.002,-0.926,0.379,0,0.379,0.926,-1,0.002,-0.001],"_shiftlockState":false,"_pose":"FreeFall","_animationQueue":[],"_animationSpeed":1,"_zoom":16.125},{"_mousePosition":[603,496],"_rootPartCFrame":[746.263,229.483,47.488,-0.003,0,1,0,1,0,-1,0,-0.003],"_humanoidState":5,"_cameraCFrame":[752.369,245.907,47.473,-0.002,-0.926,0.379,0,0.379,0.926,-1,0.002,-0.001],"_shiftlockState":false,"_pose":"FreeFall","_animationQueue":[],"_animationSpeed":1,"_zoom":16.125},{"_mousePosition":[603,496],"_rootPartCFrame":[745.996,229.909,47.489,-0.002,0,1,0,1,0,-1,0,-0.002],"_humanoidState":5,"_cameraCFrame":[752.102,246.334,47.474,-0.002,-0.926,0.379,0,0.379,0.926,-1,0.002,-0.001],"_shiftlockState":false,"_pose":"FreeFall","_animationQueue":[],"_animationSpeed":1,"_zoom":16.125},{"_mousePosition":[603,496],"_rootPartCFrame":[745.729,230.282,47.489,-0.002,0,1,0,1,0,-1,0,-0.002],"_humanoidState":5,"_cameraCFrame":[751.836,246.706,47.474,-0.002,-0.926,0.379,0,0.379,0.926,-1,0.002,-0.001],"_shiftlockState":false,"_pose":"FreeFall","_animationQueue":[],"_animationSpeed":1,"_zoom":16.125},{"_mousePosition":[603,496],"_rootPartCFrame":[745.463,230.6,47.49,-0.002,0,1,0,1,0,-1,0,-0.002],"_humanoidState":5,"_cameraCFrame":[751.569,247.024,47.475,-0.002,-0.926,0.379,0,0.379,0.926,-1,0.002,-0.001],"_shiftlockState":false,"_pose":"FreeFall","_animationQueue":[],"_animationSpeed":1,"_zoom":16.125},{"_mousePosition":[603,496],"_rootPartCFrame":[745.196,230.863,47.491,-0.002,0,1,0,1,0,-1,0,-0.002],"_humanoidState":5,"_cameraCFrame":[751.302,247.287,47.476,-0.002,-0.926,0.379,0,0.379,0.926,-1,0.002,-0.001],"_shiftlockState":false,"_pose":"FreeFall","_animationQueue":[],"_animationSpeed":1,"_zoom":16.125},{"_mousePosition":[603,496],"_rootPartCFrame":[744.93,231.072,47.491,-0.002,0,1,0,1,0,-1,0,-0.002],"_humanoidState":5,"_cameraCFrame":[751.036,247.496,47.476,-0.002,-0.926,0.379,0,0.379,0.926,-1,0.002,-0.001],"_shiftlockState":false,"_pose":"FreeFall","_animationQueue":[],"_animationSpeed":1,"_zoom":16.125},{"_mousePosition":[603,496],"_rootPartCFrame":[744.663,231.226,47.492,-0.002,0,1,0,1,0,-1,0,-0.002],"_humanoidState":5,"_cameraCFrame":[750.769,247.651,47.477,-0.002,-0.926,0.379,0,0.379,0.926,-1,0.002,-0.001],"_shiftlockState":false,"_pose":"FreeFall","_animationQueue":[],"_animationSpeed":1,"_zoom":16.125},{"_mousePosition":[603,496],"_rootPartCFrame":[744.396,231.326,47.493,-0.002,0,1,0,1,0,-1,0,-0.002],"_humanoidState":5,"_cameraCFrame":[750.503,247.75,47.478,-0.002,-0.926,0.379,0,0.379,0.926,-1,0.002,-0.001],"_shiftlockState":false,"_pose":"FreeFall","_animationQueue":[],"_animationSpeed":1,"_zoom":16.125},{"_mousePosition":[603,496],"_rootPartCFrame":[744.13,231.372,47.493,-0.002,0,1,0,1,0,-1,0,-0.002],"_humanoidState":5,"_cameraCFrame":[750.236,247.796,47.478,-0.002,-0.926,0.379,0,0.379,0.926,-1,0.002,-0.001],"_shiftlockState":false,"_pose":"FreeFall","_animationQueue":[],"_animationSpeed":1,"_zoom":16.125},{"_mousePosition":[603,496],"_rootPartCFrame":[743.863,231.363,47.494,-0.002,0,1,0,1,0,-1,0,-0.002],"_humanoidState":5,"_cameraCFrame":[749.969,247.787,47.479,-0.002,-0.926,0.379,0,0.379,0.926,-1,0.002,-0.001],"_shiftlockState":false,"_pose":"FreeFall","_animationQueue":[],"_animationSpeed":1,"_zoom":16.125},{"_mousePosition":[603,496],"_rootPartCFrame":[743.597,231.299,47.495,-0.002,0,1,0,1,0,-1,0,-0.002],"_humanoidState":5,"_cameraCFrame":[749.703,247.723,47.48,-0.002,-0.926,0.379,0,0.379,0.926,-1,0.002,-0.001],"_shiftlockState":false,"_pose":"FreeFall","_animationQueue":[],"_animationSpeed":1,"_zoom":16.125},{"_mousePosition":[603,496],"_rootPartCFrame":[743.33,231.181,47.495,-0.002,0,1,0,1,0,-1,0,-0.002],"_humanoidState":5,"_cameraCFrame":[749.436,247.605,47.48,-0.002,-0.926,0.379,0,0.379,0.926,-1,0.002,-0.001],"_shiftlockState":false,"_pose":"FreeFall","_animationQueue":[["fall",0.3]],"_animationSpeed":1,"_zoom":16.125},{"_mousePosition":[603,496],"_rootPartCFrame":[743.063,231.008,47.496,-0.002,0,1,0,1,0,-1,0,-0.002],"_humanoidState":5,"_cameraCFrame":[749.17,247.432,47.481,-0.002,-0.926,0.379,0,0.379,0.926,-1,0.002,-0.001],"_shiftlockState":false,"_pose":"FreeFall","_animationQueue":[],"_animationSpeed":1,"_zoom":16.125},{"_mousePosition":[603,496],"_rootPartCFrame":[742.797,230.781,47.497,-0.002,0,1,0,1,0,-1,0,-0.002],"_humanoidState":5,"_cameraCFrame":[748.903,247.205,47.481,-0.002,-0.926,0.379,0,0.379,0.926,-1,0.002,-0.001],"_shiftlockState":false,"_pose":"FreeFall","_animationQueue":[],"_animationSpeed":1,"_zoom":16.125},{"_mousePosition":[603,496],"_rootPartCFrame":[742.53,230.5,47.497,-0.002,0,1,0,1,0,-1,0,-0.002],"_humanoidState":5,"_cameraCFrame":[748.636,246.924,47.482,-0.002,-0.926,0.379,0,0.379,0.926,-1,0.002,-0.001],"_shiftlockState":false,"_pose":"FreeFall","_animationQueue":[],"_animationSpeed":1,"_zoom":16.125},{"_mousePosition":[603,496],"_rootPartCFrame":[742.264,230.163,47.498,-0.002,0,1,0,1,0,-1,0,-0.002],"_humanoidState":5,"_cameraCFrame":[748.37,246.588,47.483,-0.002,-0.926,0.379,0,0.379,0.926,-1,0.002,-0.001],"_shiftlockState":false,"_pose":"FreeFall","_animationQueue":[],"_animationSpeed":1,"_zoom":16.125},{"_mousePosition":[603,496],"_rootPartCF