[{"_mousePosition":[679,335],"_rootPartCFrame":[776.026,222.7,47.142,0.001,0,1,0,1,0,-1,0,0.001],"_humanoidState":8,"_cameraCFrame":[781.713,239.286,47.428,0.05,-0.934,0.353,0,0.353,0.936,-0.999,-0.047,0.018],"_shiftlockState":false,"_pose":"Standing","_animationQueue":[],"_animationSpeed":1,"_zoom":16.125},{"_mousePosition":[679,335],"_rootPartCFrame":[775.78,222.7,47.13,0.008,0,1,0,1,0,-1,0,0.008],"_humanoidState":8,"_cameraCFrame":[781.467,239.286,47.416,0.05,-0.934,0.353,0,0.353,0.936,-0.999,-0.047,0.018],"_shiftlockState":false,"_pose":"Standing","_animationQueue":[],"_animationSpeed":1,"_zoom":16.125},{"_mousePosition":[679,335],"_rootPartCFrame":[775.514,222.7,47.117,0.013,0,1,0,1,0,-1,0,0.013],"_humanoidState":8,"_cameraCFrame":[781.201,239.286,47.402,0.05,-0.934,0.353,0,0.353,0.936,-0.999,-0.047,0.018],"_shiftlockState":false,"_pose":"Running","_animationQueue":[["walk",0.1]],"_animationSpeed":1.066,"_zoom":16.125},{"_mousePosition":[679,335],"_rootPartCFrame":[775.248,222.7,47.103,0.018,0,1,0,1,0,-1,0,0.018],"_humanoidState":8,"_cameraCFrame":[780.935,239.286,47.389,0.05,-0.934,0.353,0,0.353,0.936,-0.999,-0.047,0.018],"_shiftlockState":false,"_pose":"Running","_animationQueue":[],"_animationSpeed":1.066,"_zoom":16.125},{"_mousePosition":[679,335],"_rootPartCFrame":[774.981,222.7,47.09,0.023,0,1,0,1,0,-1,0,0.023],"_humanoidState":8,"_cameraCFrame":[780.668,239.286,47.376,0.05,-0.934,0.353,0,0.353,0.936,-0.999,-0.047,0.018],"_shiftlockState":false,"_pose":"Running","_animationQueue":[],"_animationSpeed":1.066,"_zoom":16.125},{"_mousePosition":[679,335],"_rootPartCFrame":[774.715,222.7,47.076,0.026,0,1,0,1,0,-1,0,0.026],"_humanoidState":8,"_cameraCFrame":[780.372,239.297,47.375,0.053,-0.935,0.351,0,0.351,0.936,-0.999,-0.049,0.019],"_shiftlockState":false,"_pose":"Running","_animationQueue":[],"_animationSpeed":1.066,"_zoom":16.125},{"_mousePosition":[679,335],"_rootPartCFrame":[774.449,222.7,47.063,0.03,0,1,0,1,0,-1,0,0.03],"_humanoidState":8,"_cameraCFrame":[780.076,239.308,47.36,0.053,-0.936,0.349,0,0.349,0.937,-0.999,-0.049,0.018],"_shiftlockState":false,"_pose":"Running","_animationQueue":[["walk",0.1]],"_animationSpeed":1.066,"_zoom":16.125},{"_mousePosition":[679,335],"_rootPartCFrame":[774.182,222.7,47.049,0.033,0,0.999,0,1,0,-0.999,0,0.033],"_humanoidState":8,"_cameraCFrame":[779.78,239.319,47.345,0.053,-0.936,0.347,0,0.348,0.938,-0.999,-0.049,0.018],"_shiftlockState":false,"_pose":"Running","_animationQueue":[],"_animationSpeed":1.066,"_zoom":16.125},{"_mousePosition":[679,335],"_rootPartCFrame":[773.916,222.7,47.035,0.035,0,0.999,0,1,0,-0.999,0,0.035],"_humanoidState":8,"_cameraCFrame":[779.485,239.33,47.329,0.053,-0.937,0.345,0,0.346,0.938,-0.999,-0.049,0.018],"_shiftlockState":false,"_pose":"Running","_animationQueue":[],"_animationSpeed":1.066,"_zoom":16.125},{"_mousePosition":[679,335],"_rootPartCFrame":[773.65,222.7,47.021,0.038,0,0.999,0,1,0,-0.999,0,0.038],"_humanoidState":8,"_cameraCFrame":[779.189,239.341,47.313,0.053,-0.938,0.344,0,0.344,0.939,-0.999,-0.05,0.018],"_shiftlockState":false,"_pose":"Running","_animationQueue":[],"_animationSpeed":1.066,"_zoom":16.125},{"_mousePosition":[679,335],"_rootPartCFrame":[773.384,222.7,47.007,0.04,0,0.999,0,1,0,-0.999,0,0.04],"_humanoidState":8,"_cameraCFrame":[778.893,239.351,47.298,0.053,-0.938,0.342,0,0.342,0.94,-0.999,-0.05,0.018],"_shiftlockState":false,"_pose":"Running","_animationQueue":[],"_animationSpeed":1.066,"_zoom":16.125},{"_mousePosition":[679,335],"_rootPartCFrame":[773.117,222.7,46.993,0.042,0,0.999,0,1,0,-0.999,0,0.042],"_humanoidState":8,"_cameraCFrame":[778.598,239.362,47.282,0.053,-0.939,0.34,0,0.34,0.94,-0.999,-0.05,0.018],"_shiftlockState":false,"_pose":"Running","_animationQueue":[],"_animationSpeed":1.066,"_zoom":16.125},{"_mousePosition":[679,335],"_rootPartCFrame":[772.851,222.7,46.979,0.043,0,0.999,0,1,0,-0.999,0,0.043],"_humanoidState":8,"_cameraCFrame":[778.303,239.373,47.253,0.05,-0.94,0.338,0,0.338,0.941,-0.999,-0.047,0.017],"_shiftlockState":false,"_pose":"Running","_animationQueue":[],"_animationSpeed":1.066,"_zoom":16.125},{"_mousePosition":[679,335],"_rootPartCFrame":[772.585,222.7,46.965,0.044,0,0.999,0,1,0,-0.999,0,0.044],"_humanoidState":8,"_cameraCFrame":[778.007,239.383,47.237,0.05,-0.94,0.336,0,0.337,0.942,-0.999,-0.047,0.017],"_shiftlockState":false,"_pose":"Running","_animationQueue":[["walk",0.1]],"_animationSpeed":1.066,"_zoom":16.125},{"_mousePosition":[679,335],"_rootPartCFrame":[772.319,222.7,46.951,0.045,0,0.999,0,1,0,-0.999,0,0.045],"_humanoidState":8,"_cameraCFrame":[777.712,239.394,47.195,0.045,-0.941,0.334,0,0.335,0.942,-0.999,-0.043,0.015],"_shiftlockState":false,"_pose":"Running","_animationQueue":[],"_animationSpeed":1.066,"_zoom":16.125},{"_mousePosition":[679,335],"_rootPartCFrame":[772.052,222.7,46.938,0.046,0,0.999,0,1,0,-0.999,0,0.046],"_humanoidState":8,"_cameraCFrame":[777.417,239.404,47.167,0.043,-0.942,0.333,0,0.333,0.943,-0.999,-0.04,0.014],"_shiftlockState":false,"_pose":"Running","_animationQueue":[],"_animationSpeed":1.066,"_zoom":16.125},{"_mousePosition":[679,335],"_rootPartCFrame":[771.786,222.7,46.926,0.046,0,0.999,0,1,0,-0.999,0,0.046],"_humanoidState":8,"_cameraCFrame":[777.092,239.425,47.139,0.04,-0.943,0.329,0,0.329,0.944,-0.999,-0.038,0.013],"_shiftlockState":false,"_pose":"Running","_animationQueue":[],"_animationSpeed":1.066,"_zoom":16.125},{"_mousePosition":[679,335],"_rootPartCFrame":[771.519,222.7,46.914,0.045,0,0.999,0,1,0,-0.999,0,0.045],"_humanoidState":8,"_cameraCFrame":[776.797,239.436,47.099,0.035,-0.944,0.327,0,0.327,0.945,-0.999,-0.033,0.011],"_shiftlockState":false,"_pose":"Running","_animationQueue":[],"_animationSpeed":1.066,"_zoom":16.125},{"_mousePosition":[679,335],"_rootPartCFrame":[771.253,222.7,46.904,0.045,0,0.999,0,1,0,-0.999,0,0.045],"_humanoidState":8,"_cameraCFrame":[776.501,239.446,47.074,0.033,-0.945,0.325,0,0.326,0.945,-0.999,-0.031,0.011],"_shiftlockState":false,"_pose":"Running","_animationQueue":[],"_animationSpeed":1.066,"_zoom":16.125},{"_mousePosition":[679,335],"_rootPartCFrame":[770.986,222.7,46.894,0.044,0,0.999,0,1,0,-0.999,0,0.044],"_humanoidState":8,"_cameraCFrame":[776.234,239.446,47.065,0.033,-0.945,0.325,0,0.326,0.945,-0.999,-0.031,0.011],"_shiftlockState":false,"_pose":"Running","_animationQueue":[["walk",0.1]],"_animationSpeed":1.066,"_zoom":16.125},{"_mousePosition":[679,335],"_rootPartCFrame":[770.72,223.563,46.885,0.042,0,0.999,0,1,0,-0.999,0,0.042],"_humanoidState":3,"_cameraCFrame":[775.968,240.309,47.055,0.033,-0.945,0.325,0,0.326,0.945,-0.999,-0.031,0.011],"_shiftlockState":false,"_pose":"Jumping","_animationQueue":[["walk",0.1],["jump",0.1]],"_animationSpeed":1,"_zoom":16.125},{"_mousePosition":[679,335],"_rootPartCFrame":[770.52,224.174,46.878,0.041,0,0.999,0,1,0,-0.999,0,0.041],"_humanoidState":5,"_cameraCFrame":[775.768,240.92,47.049,0.033,-0.945,0.325,0,0.326,0.945,-0.999,-0.031,0.011],"_shiftlockState":false,"_pose":"FreeFall","_animationQueue":[["jump",0.1]],"_animationSpeed":1,"_zoom":16.125},{"_mousePosition":[679,335],"_rootPartCFrame":[770.187,225.125,46.867,0.04,0,0.999,0,1,0,-0.999,0,0.04],"_humanoidState":5,"_cameraCFrame":[775.435,241.871,47.038,0.033,-0.945,0.325,0,0.326,0.945,-0.999,-0.031,0.011],"_shiftlockState":false,"_pose":"FreeFall","_animationQueue":[],"_animationSpeed":1,"_zoom":16.125},{"_mousePosition":[679,335],"_rootPartCFrame":[769.987,225.654,46.861,0.039,0,0.999,0,1,0,-0.999,0,0.039],"_humanoidState":5,"_cameraCFrame":[775.205,242.411,47.017,0.03,-0.946,0.324,0,0.324,0.946,-1,-0.028,0.01],"_shiftlockState":false,"_pose":"FreeFall","_animationQueue":[],"_animationSpeed":1,"_zoom":16.125},{"_mousePosition":[679,335],"_rootPartCFrame":[769.653,226.469,46.85,0.038,0,0.999,0,1,0,-0.999,0,0.038],"_humanoidState":5,"_cameraCFrame":[774.843,243.236,46.992,0.027,-0.946,0.322,0,0.322,0.947,-1,-0.026,0.009],"_shiftlockState":false,"_pose":"FreeFall","_animationQueue":[],"_animationSpeed":1,"_zoom":16.125},{"_mousePosition":[679,335],"_rootPartCFrame":[769.453,226.917,46.844,0.037,0,0.999,0,1,0,-0.999,0,0.037],"_humanoidState":5,"_cameraCFrame":[774.614,243.694,46.959,0.022,-0.947,0.32,0,0.32,0.947,-1,-0.021,0.007],"_shiftlockState":false,"_pose":"FreeFall","_animationQueue":[],"_animationSpeed":1,"_zoom":16.125},{"_mousePosition":[679,335],"_rootPartCFrame":[769.12,227.595,46.835,0.036,0,0.999,0,1,0,-0.999,0,0.036],"_humanoidState":5,"_cameraCFrame":[774.251,244.382,46.937,0.02,-0.948,0.318,0,0.318,0.948,-1,-0.019,0.006],"_shiftlockState":false,"_pose":"FreeFall","_animationQueue":[],"_animationSpeed":1,"_zoom":16.125},{"_mousePosition":[679,335],"_rootPartCFrame":[768.854,228.077,46.828,0.034,0,0.999,0,1,0,-0.999,0,0.034],"_humanoidState":5,"_cameraCFrame":[773.984,244.863,46.93,0.02,-0.948,0.318,0,0.318,0.948,-1,-0.019,0.006],"_shiftlockState":false,"_pose":"FreeFall","_animationQueue":[],"_animationSpeed":1,"_zoom":16.125},{"_mousePosition":[679,335],"_rootPartCFrame":[768.654,228.402,46.824,0.033,0,0.999,0,1,0,-0.999,0,0.033],"_humanoidState":5,"_cameraCFrame":[773.725,245.209,46.899,0.015,-0.949,0.315,0,0.315,0.949,-1,-0.014,0.005],"_shiftlockState":false,"_pose":"FreeFall","_animationQueue":[],"_animationSpeed":1,"_zoom":16.125},{"_mousePosition":[679,335],"_rootPartCFrame":[768.32,228.876,46.818,0.03,0,1,0,1,0,-1,0,0.03],"_humanoidState":5,"_cameraCFrame":[773.362,245.692,46.88,0.012,-0.95,0.313,0,0.313,0.95,-1,-0.012,0.004],"_shiftlockState":false,"_pose":"FreeFall","_animationQueue":[],"_animationSpeed":1,"_zoom":16.125},{"_mousePosition":[679,335],"_rootPartCFrame":[768.054,229.194,46.814,0.028,0,1,0,1,0,-1,0,0.028],"_humanoidState":5,"_cameraCFrame":[773.066,246.02,46.862,0.01,-0.95,0.311,0,0.311,0.95,-1,-0.009,0.003],"_shiftlockState":false,"_pose":"FreeFall","_animationQueue":[],"_animationSpeed":1,"_zoom":16.125},{"_mousePosition":[679,335],"_rootPartCFrame":[767.787,229.457,46.81,0.026,0,1,0,1,0,-1,0,0.026],"_humanoidState":5,"_cameraCFrame":[772.799,246.284,46.859,0.01,-0.95,0.311,0,0.311,0.95,-1,-0.009,0.003],"_shiftlockState":false,"_pose":"FreeFall","_animationQueue":[],"_animationSpeed":1,"_zoom":16.125},{"_mousePosition":[679,335],"_rootPartCFrame":[767.587,229.619,46.808,0.025,0,1,0,1,0,-1,0,0.025],"_humanoidState":5,"_cameraCFrame":[772.599,246.445,46.857,0.01,-0.95,0.311,0,0.311,0.95,-1,-0.009,0.003],"_shiftlockState":false,"_pose":"FreeFall","_animationQueue":[],"_animationSpeed":1,"_zoom":16.125},{"_mousePosition":[679,335],"_rootPartCFrame":[767.187,229.851,46.804,0.022,0,1,0,1,0,-1,0,0.022],"_humanoidState":5,"_cameraCFrame":[772.2,246.677,46.853,0.01,-0.95,0.311,0,0.311,0.95,-1,-0.009,0.003],"_shiftlockState":false,"_pose":"FreeFall","_animationQueue":[],"_animationSpeed":1,"_zoom":16.125},{"_mousePosition":[679,335],"_rootPartCFrame":[766.987,229.921,46.802,0.02,0,1,0,1,0,-1,0,0.02],"_humanoidState":5,"_cameraCFrame":[772,246.747,46.851,0.01,-0.95,0.311,0,0.311,0.95,-1,-0.009,0.003],"_shiftlockState":false,"_pose":"FreeFall","_animationQueue":[],"_animationSpeed":1,"_zoom":16.125},{"_mousePosition":[679,335],"_rootPartCFrame":[766.721,229.966,46.8,0.019,0,1,0,1,0,-1,0,0.019],"_humanoidState":5,"_cameraCFrame":[771.733,246.792,46.849,0.01,-0.95,0.311,0,0.311,0.95,-1,-0.009,0.003],"_shiftlockState":false,"_pose":"FreeFall","_animationQueue":[],"_animationSpeed":1,"_zoom":16.125},{"_mousePosition":[679,335],"_rootPartCFrame":[766.454,229.957,46.797,0.018,0,1,0,1,0,-1,0,0.018],"_humanoidState":5,"_cameraCFrame":[771.466,246.783,46.846,0.01,-0.95,0.311,0,0.311,0.95,-1,-0.009,0.003],"_shiftlockState":false,"_pose":"FreeFall","_animationQueue":[],"_animationSpeed":1,"_zoom":16.125},{"_mousePosition":[679,335],"_rootPartCFrame":[766.188,229.893,46.795,0.016,0,1,0,1,0,-1,0,0.016],"_humanoidState":5,"_cameraCFrame":[771.2,246.719,46.843,0.01,-0.95,0.311,0,0.311,0.95,-1,-0.009,0.003],"_shiftlockState":false,"_pose":"FreeFall","_animationQueue":[],"_animationSpeed":1,"_zoom":16.125},{"_mousePosition":[679,335],"_rootPartCFrame":[765.921,229.775,46.792,0.016,0,1,0,1,0,-1,0,0.016],"_humanoidState":5,"_cameraCFrame":[770.933,246.601,46.841,0.01,-0.95,0.311,0,0.311,0.95,-1,-0.009,0.003],"_shiftlockState":false,"_pose":"FreeFall","_animationQueue":[],"_animationSpeed":1,"_zoom":16.125},{"_mousePosition":[679,335],"_rootPartCFrame":[765.654,229.603,46.789,0.015,0,1,0,1,0,-1,0,0.015],"_humanoidState":5,"_cameraCFrame":[770.667,246.429,46.838,0.01,-0.95,0.311,0,0.311,0.95,-1,-0.009,0.003],"_shiftlockState":false,"_pose":"FreeFall","_animationQueue":[],"_animationSpeed":1,"_zoom":16.125},{"_mousePosition":[679,335],"_rootPartCFrame":[765.388,229.375,46.787,0.014,0,1,0,1,0,-1,0,0.014],"_humanoidState":5,"_cameraCFrame":[770.4,246.202,46.836,0.01,-0.95,0.311,0,0.311,0.95,-1,-0.009,0.003],"_shiftlockState":false,"_pose":"FreeFall","_animationQueue":[["fall",0.3]],"_animationSpeed":1,"_zoom":16.125},{"_mousePosition":[679,335],"_rootPartCFrame":[765.121,229.094,46.784,0.013,0,1,0,1,0,-1,0,0.013],"_humanoidState":5,"_cameraCFrame":[770.133,245.92,46.846,0.012,-0.95,0.311,0,0.311,0.95,-1,-0.012,0.004],"_shiftlockState":false,"_pose":"FreeFall","_animationQueue":[],"_animationSpeed":1,"_zoom":16.125},{"_mousePosition":[679,335],"_rootPartCFrame":[764.855,228.758,46.782,0.013,0,1,0,1,0,-1,0,0.013],"_humanoidState":5,"_cameraCFrame":[769.866,245.584,46.894,0.022,-0.95,0.311,0,0.311,0.95,-1,-0.021,0.007],"_shiftlockState":false,"_pose":"FreeFall","_animationQueue":[],"_animationSpeed":1,"_zoom":16.125},{"_mousePosition":[679,335],"_rootPartCFrame":[764.588,228.367,46.778,0.013,0,1,0,1,0,-1,0,0.013],"_humanoidState":5,"_cameraCFrame":[769.596,245.193,46.979,0.04,-0.95,0.311,0,0.311,0.95,-0.999,-0.038,0.012],"_shiftlockState":false,"_pose":"FreeFall","_animationQueue":[],"_animationSpeed":1,"_zoom":16.125},{"_mousePosition":[679,335],"_rootPartCFrame":[764.321,227.922,46.773,0.014,0,1,0,1,0,-1,0,0.014],"_humanoidState":5,"_cameraCFrame":[769.324,244.748,47.088,0.063,-0.949,0.31,0,0.311,0.95,-0.998,-0.06,0.02],"_shiftlockState":false,"_pose":"FreeFall","_animationQueue":[],"_animationSpeed":1,"_zoom":16.125},{"_mousePosition":[679,335],"_rootPartCFrame":[764.055,227.422,46.763,0.016,0,1,0,1,0,-1,0,0.016],"_humanoidState":5,"_cameraCFrame":[769.077,244.239,47.22,0.091,-0.946,0.311,0,0.313,0.95,-0.996,-0.086,0.028],"_shiftlockState":false,"_pose":"FreeFall","_animationQueue":[],"_animationSpeed":1,"_zoom":16.125},{"_mousePosition":[679,335],"_rootPartCFrame":[763.789,226.868,46.747,0.022,0,1,0,1,0,-1,0,0.022],"_humanoidState":5,"_cameraCFrame":[768.824,243.675,47.36,0.121,-0.942,0.312,0,0.315,0.949,-0.993,-0.115,0.038],"_shiftlockState":false,"_pose":"FreeFall","_animationQueue":[],"_animationSpeed":1,"_zoom":16.125},{"_mousePosition":[679,335],"_rootPartCFrame":[763.523,226.26,46.724,0.03,0,1,0,1,0,-1,0,0.03],"_humanoidState":5,"_cameraCFrame":[768.567,243.056,47.494,0.151,-0.938,0.313,0,0.316,0.949,-0.989,-0.143,0.048],"_shiftlockState":false,"_pose":"FreeFall","_animationQueue":[["fall",0.3]],"_animationSpeed":1,"_zoom":16.125},{"_mousePosition":[679,335],"_rootPartCFrame":[763.258,225.597,46.693,0.041,0,0.999,0,1,0,-0.999,0,0.041],"_humanoidState":5,"_cameraCFrame":[768.305,242.383,47.621,0.181,-0.932,0.313,0,0.318,0.948,-0.984,-0.171,0.058],"_shiftlockState":false,"_pose":"FreeFall","_animationQueue":[],"_animationSpeed":1,"_zoom":16.125},{"_mousePosition":[679,335],"_rootPartCFrame":[762.995,224.879,46.654,0.055,0,0.999,0,1,0,-0.999,0,0.055],"_humanoidState":5,"_cameraCFrame":[768.032,241.656,47.779,0.218,-0.925,0.312,0,0.32,0.947,-0.976,-0.207,0.07],"_shiftlockState":false,"_pose":"FreeFall","_animationQueue":[],"_animationSpeed":1,"_zoom":16.125},{"_mousePosition":[679,335],"_rootPartCFrame":[762.732,224.107,46.607,0.071,0,0.997,0,1,0,-0.997,0,0.071],"_humanoidState":5,"_cameraCFrame":[767.716,240.883,47.948,0.26,-0.915,0.309,0,0.32,0.947,-0.966,-0.246,0.083],"_shiftlockState":false,"_pose":"FreeFall","_animationQueue":[],"_animationSpeed":1,"_zoom":16.125},{"_mousePosition":[679,335],"_rootPartCFrame":[762.474,223.383,46.551,0.09,0,0.996,0,1,0,-0.996,0,0.09],"_humanoidState":7,"_cameraCFrame":[767.342,240.159,48.266,0.332,-0.894,0.302,0,0.32,0.947,-0.943,-0.315,0.106],"_shiftlockState":false,"_pose":"FreeFall","_animationQueue":[["walk",0.1],["fall",0.3],["fall",0.3]],"_animationSpeed":1,"_zoom":16.125},{"_mousePosition":[679,335],"_rootPartCFrame":[762.225,223.32,46.486,0.111,0,0.994,0,1,0,-0.994,0,0.111],"_humanoidState":7,"_cameraCFrame":[766.996,240.096,48.457,0.382,-0.876,0.296,0,0.32,0.947,-0.924,-0.362,0.122],"_shiftlockState":false,"_pose":"FreeFall","_animationQueue":[],"_animationSpeed":1,"_zoom":16.125},{"_mousePosition":[679,335],"_rootPartCFrame":[761.993,223.346,46.407,0.14,0,0.99,0,1,0,-0.99,0,0.14],"_humanoidState":8,"_cameraCFrame":[766.657,240.123,48.617,0.428,-0.856,0.289,0,0.32,0.947,-0.904,-0.406,0.137],"_shiftlockState":false,"_pose":"Running","_animationQueue":[["walk",0.1],["fall",0.3],["walk",0.1]],"_animationSpeed":1.06,"_zoom":16.125},{"_mousePosition":[679,335],"_rootPartCFrame":[761.762,224.22,46.326,0.169,0,0.986,0,1,0,-0.986,0,0.169],"_humanoidState":3,"_cameraCFrame":[766.321,240.996,48.746,0.469,-0.837,0.283,0,0.32,0.947,-0.883,-0.444,0.15],"_shiftlockState":false,"_pose":"Jumping","_animationQueue":[["walk",0.1],["walk",0.1],["jump",0.1]],"_animationSpeed":1,"_zoom":16.125},{"_mousePosition":[679,335],"_rootPartCFrame":[761.525,225.042,46.223,0.203,0,0.979,0,1,0,-0.979,0,0.203],"_humanoidState":5,"_cameraCFrame":[765.989,241.818,48.815,0.502,-0.819,0.277,0,0.32,0.947,-0.865,-0.476,0.161],"_shiftlockState":false,"_pose":"FreeFall","_animationQueue":[["jump",0.1]],"_animationSpeed":1,"_zoom":16.125},{"_mousePosition":[679,335],"_rootPartCFrame":[761.289,225.809,46.1,0.239,0,0.971,0,1,0,-0.971,0,0.239],"_humanoidState":5,"_cameraCFrame":[765.679,242.586,48.815,0.526,-0.806,0.272,0,0.32,0.947,-0.851,-0.498,0.168],"_shiftlockState":false,"_pose":"FreeFall","_animationQueue":[],"_animationSpeed":1,"_zoom":16.125},{"_mousePosition":[679,335],"_rootPartCFrame":[761.057,226.522,45.967,0.275,0,0.961,0,1,0,-0.961,0,0.275],"_humanoidState":5,"_cameraCFrame":[765.398,243.299,48.759,0.541,-0.797,0.269,0,0.32,0.947,-0.841,-0.512,0.173],"_shiftlockState":false,"_pose":"FreeFall","_animationQueue":[],"_animationSpeed":1,"_zoom":16.125},{"_mousePosition":[679,335],"_rootPartCFrame":[760.887,227.021,45.863,0.302,0,0.953,0,1,0,-0.953,0,0.302],"_humanoidState":5,"_cameraCFrame":[765.207,243.798,48.688,0.547,-0.793,0.268,0,0.32,0.947,-0.837,-0.519,0.175],"_shiftlockState":false,"_pose":"FreeFall","_animationQueue":[],"_animationSpeed":1,"_zoom":16.125},{"_mousePosition":[679,335],"_rootPartCFrame":[760.606,227.785,45.683,0.344,0,0.939,0,1,0,-0.939,0,0.344],"_humanoidState":5,"_cameraCFrame":[764.926,244.561,48.508,0.547,-0.793,0.268,0,0.32,0.947,-0.837,-0.519,0.175],"_shiftlockState":false,"_pose":"FreeFall","_animationQueue":[],"_animationSpeed":1,"_zoom":16.125},{"_mousePosition":[679,335],"_rootPartCFrame":[760.383,228.334,45.538,0.374,0,0.927,0,1,0,-0.927,0,0.374],"_humanoidState":5,"_cameraCFrame":[764.702,245.111,48.363,0.547,-0.793,0.268,0,0.32,0.947,-0.837,-0.519,0.175],"_shiftlockState":false,"_pose":"FreeFall","_animationQueue":[],"_animationSpeed":1,"_zoom":16.125},{"_mousePosition":[679,335],"_rootPartCFrame":[760.215,228.711,45.428,0.393,0,0.919,0,1,0,-0.919,0,0.393],"_humanoidState":5,"_cameraCFrame":[764.535,245.487,48.253,0.547,-0.793,0.268,0,0.32,0.947,-0.837,-0.519,0.175],"_shiftlockState":false,"_pose":"FreeFall","_animationQueue":[],"_animationSpeed":1,"_zoom":16.125},{"_mousePosition":[679,335],"_rootPartCFrame":[759.992,229.165,45.282,0.416,0,0.909,0,1,0,-0.909,0,0.416],"_humanoidState":5,"_cameraCFrame":[764.305,245.941,48.118,0.549,-0.792,0.267,0,0.32,0.947,-0.836,-0.521,0.176],"_shiftlockState":false,"_pose":"FreeFall","_animationQueue":[],"_animationSpeed":1,"_zoom":16.125},{"_mousePosition":[679,335],"_rootPartCFrame":[759.713,229.656,45.1,0.439,0,0.898,0,1,0,-0.898,0,0.439],"_humanoidState":5,"_cameraCFrame":[764.033,246.432,47.925,0.547,-0.793,0.268,0,0.32,0.947,-0.837,-0.519,0.175],"_shiftlockState":false,"_pose":"FreeFall","_animationQueue":[],"_animationSpeed":1,"_zoom":16.125},{"_mousePosition":[679,335],"_rootPartCFrame":[759.49,229.987,44.954,0.456,0,0.89,0,1,0,-0.89,0,0.456],"_humanoidState":5,"_cameraCFrame":[763.824,246.764,47.757,0.543,-0.796,0.269,0,0.32,0.947,-0.84,-0.514,0.174],"_shiftlockState":false,"_pose":"FreeFall","_animationQueue":[],"_animationSpeed":1,"_zoom":16.125},{"_mousePosition":[679,335],"_rootPartCFrame":[759.323,230.2,44.844,0.466,0,0.885,0,1,0,-0.885,0,0.466],"_humanoidState":5,"_cameraCFrame":[763.678,246.977,47.614,0.537,-0.799,0.27,0,0.32,0.947,-0.844,-0.508,0.172],"_shiftlockState":false,"_pose":"FreeFall","_animationQueue":[],"_animationSpeed":1,"_zoom":16.125},{"_mousePosition":[679,335],"_rootPartCFrame":[759.043,230.487,44.663,0.48,0,0.877,0,1,0,-0.877,0,0.48],"_humanoidState":5,"_cameraCFrame":[763.426,247.263,47.389,0.528,-0.804,0.272,0,0.32,0.947,-0.849,-0.5,0.169],"_shiftlockState":false,"_pose":"FreeFall","_animationQueue":[],"_animationSpeed":1,"_zoom":16.125},{"_mousePosition":[679,335],"_rootPartCFrame":[758.818,230.655,44.519,0.488,0,0.873,0,1,0,-0.873,0,0.488],"_humanoidState":5,"_cameraCFrame":[763.203,247.441,47.185,0.519,-0.81,0.272,0,0.318,0.948,-0.854,-0.492,0.165],"_shiftlockState":false,"_pose":"FreeFall","_animationQueue":[],"_animationSpeed":1,"_zoom":16.125},{"_mousePosition":[679,335],"_rootPartCFrame":[758.592,230.768,44.378,0.494,0,0.869,0,1,0,-0.869,0,0.494],"_humanoidState":5,"_cameraCFrame":[763.01,247.555,46.988,0.509,-0.816,0.274,0,0.318,0.948,-0.861,-0.482,0.162],"_shiftlockState":false,"_pose":"FreeFall","_animationQueue":[],"_animationSpeed":1,"_zoom":16.125},{"_mousePosition":[679,335],"_rootPartCFrame":[758.364,230.827,44.239,0.499,0,0.867,0,1,0,-0.867,0,0.499],"_humanoidState":5,"_cameraCFrame":[762.822,247.614,46.782,0.495,-0.823,0.276,0,0.318,0.948,-0.869,-0.47,0.158],"_shiftlockState":false,"_pose":"FreeFall","_animationQueue":[],"_animationSpeed":1,"_zoom":16.125},{"_mousePosition":[679,335],"_rootPartCFrame":[758.135,230.832,44.103,0.501,0,0.866,0,1,0,-0.866,0,0.501],"_humanoidState":5,"_cameraCFrame":[762.637,247.618,46.567,0.48,-0.832,0.279,0,0.318,0.948,-0.877,-0.455,0.153],"_shiftlockState":false,"_pose":"FreeFall","_animationQueue":[],"_animationSpeed":1,"_zoom":16.125},{"_mousePosition":[679,335],"_rootPartCFrame":[757.846,230.761,43.938,0.5,0,0.866,0,1,0,-0.866,0,0.5],"_humanoidState":5,"_cameraCFrame":[762.391,247.548,46.321,0.464,-0.84,0.282,0,0.318,0.948,-0.886,-0.44,0.148],"_shiftlockState":false,"_pose":"FreeFall","_animationQueue":[],"_animationSpeed":1,"_zoom":16.125},{"_mousePosition":[679,335],"_rootPartCFrame":[757.612,230.643,43.809,0.498,0,0.867,0,1,0,-0.867,0,0.498],"_humanoidState":5,"_cameraCFrame":[762.204,247.429,46.1,0.446,-0.848,0.285,0,0.318,0.948,-0.895,-0.423,0.142],"_shiftlockState":false,"_pose":"FreeFall","_animationQueue":[],"_animationSpeed":1,"_zoom":16.125},{"_mousePosition":[679,335],"_rootPartCFrame":[757.376,230.47,43.685,0.495,0,0.869,0,1,0,-0.869,0,0.495],"_humanoidState":5,"_cameraCFrame":[762.025,247.257,45.858,0.424,-0.859,0.288,0,0.318,0.948,-0.906,-0.402,0.135],"_shiftlockState":false,"_pose":"FreeFall","_animationQueue":[["fall",0.3]],"_animationSpeed":1,"_zoom":16.125},{"_mousePosition":[679,335],"_rootPartCFrame":[757.138,230.243,43.565,0.489,0,0.872,0,1,0,-0.872,0,0.489],"_humanoidState":5,"_cameraCFrame":[761.871,247.03,45.549,0.387,-0.874,0.294,0,0.318,0.948,-0.922,-0.366,0.123],"_shiftlockState":false,"_pose":"FreeFall","_animationQueue":[],"_animationSpeed":1,"_zoom":16.125},{"_mousePosition":[679,335],"_rootPartCFrame":[756.897,229.961,43.451,0.481,0,0.877,0,1,0,-0.877,0,0.481],"_humanoidState":5,"_cameraCFrame":[761.692,246.748,45.278,0.356,-0.886,0.297,0,0.318,0.948,-0.934,-0.338,0.113],"_shiftlockState":false,"_pose":"FreeFall","_animationQueue":[],"_animationSpeed":1,"_zoom":16.125},{"_mousePosition":[679,335],"_rootPartCFrame":[756.652,229.625,43.346,0.47,0,0.883,0,1,0,-0.883,0,0.47],"_humanoidState":5,"_cameraCFrame":[761.537,246.402,45.012,0.323,-0.897,0.303,0,0.32,0.947,-0.946,-0.306,0.103],"_shiftlockState":false,"_pose":"FreeFall","_animationQueue":[],"_animationSpeed":1,"_zoom":16.125},{"_mousePosition":[679,335],"_rootPartCFrame":[756.403,229.235,43.25,0.456,0,0.89,0,1,0,-0.89,0,0.456],"_humanoidState":5,"_cameraCFrame":[761.412,245.991,44.721,0.282,-0.908,0.311,0,0.324,0.946,-0.959,-0.267,0.091],"_shiftlockState":false,"_pose":"FreeFall","_animationQueue":[],"_animationSpeed":1,"_zoom":16.125},{"_mousePosition":[679,335],"_rootPartCFrame":[756.214,228.906,43.184,0.444,0,0.896,0,1,0,-0.896,0,0.444],"_humanoidState":5,"_cameraCFrame":[761.353,245.642,44.401,0.23,-0.919,0.319,0,0.327,0.945,-0.973,-0.218,0.075],"_shiftlockState":false,"_pose":"FreeFall","_animationQueue":[],"_animationSpeed":1,"_zoom":16.125},{"_mousePosition":[679,335],"_rootPartCFrame":[755.959,228.42,43.108,0.424,0,0.906,0,1,0,-0.906,0,0.424],"_humanoidState":5,"_cameraCFrame":[761.215,245.135,44.046,0.176,-0.929,0.326,0,0.331,0.944,-0.984,-0.166,0.058],"_shiftlockState":false,"_pose":"FreeFall","_animationQueue":[],"_animationSpeed":1,"_zoom":16.125},{"_mousePosition":[679,335],"_rootPartCFrame":[755.7,227.88,43.044,0.401,0,0.916,0,1,0,-0.916,0,0.401],"_humanoidState":5,"_cameraCFrame":[761.03,244.584,43.693,0.121,-0.936,0.331,0,0.333,0.943,-0.993,-0.114,0.04],"_shiftlockState":false,"_pose":"FreeFall","_animationQueue":[["fall",0.3]],"_animationSpeed":1,"_zoom":16.125},{"_mousePosition":[679,335],"_rootPartCFrame":[755.438,227.285,42.995,0.373,0,0.928,0,1,0,-0.928,0,0.373],"_humanoidState":5,"_cameraCFrame":[760.827,243.979,43.321,0.06,-0.941,0.334,0,0.335,0.942,-0.998,-0.057,0.02],"_shiftlockState":false,"_pose":"FreeFall","_animationQueue":[],"_animationSpeed":1,"_zoom":16.125},{"_mousePosition":[679,335],"_rootPartCFrame":[755.173,226.635,42.961,0.342,0,0.94,0,1,0,-0.94,0,0.342],"_humanoidState":5,"_cameraCFrame":[760.602,243.319,42.958,0,-0.942,0.337,0,0.337,0.942,-1,0,0],"_shiftlockState":false,"_pose":"FreeFall","_animationQueue":[],"_animationSpeed":1,"_zoom":16.125},{"_mousePosition":[679,335],"_rootPartCFrame":[754.908,226.537,42.942,0.306,0,0.952,0,1,0,-0.952,0,0.306],"_humanoidState":7,"_cameraCFrame":[760.325,243.22,42.583,-0.066,-0.94,0.336,0,0.337,0.942,-0.998,0.062,-0.022],"_shiftlockState":false,"_pose":"FreeFall","_animationQueue":[["walk",0.1],["fall",0.3],["fall",0.3]],"_animationSpeed":1,"_zoom":16.125},{"_mousePosition":[679,335],"_rootPartCFrame":[754.708,226.465,42.94,0.278,0,0.961,0,1,0,-0.961,0,0.278],"_humanoidState":7,"_cameraCFrame":[760.086,243.149,42.198,-0.137,-0.933,0.334,0,0.337,0.942,-0.991,0.129,-0.046],"_shiftlockState":false,"_pose":"FreeFall","_animationQueue":[],"_animationSpeed":1,"_zoom":16.125},{"_mousePosition":[679,335],"_rootPartCFrame":[754.38,226.261,42.959,0.223,0,0.975,0,1,0,-0.975,0,0.223],"_humanoidState":8,"_cameraCFrame":[759.684,242.934,41.671,-0.236,-0.914,0.329,0,0.338,0.941,-0.972,0.222,-0.08],"_shiftlockState":false,"_pose":"Running","_animationQueue":[["walk",0.1],["fall",0.3],["walk",0.1]],"_animationSpeed":1.101,"_zoom":16.125},{"_mousePosition":[679,335],"_rootPartCFrame":[754.117,227.124,42.977,0.177,0,0.984,0,1,0,-0.984,0,0.177],"_humanoidState":3,"_cameraCFrame":[759.405,243.786,41.507,-0.268,-0.906,0.328,0,0.34,0.94,-0.963,0.252,-0.091],"_shiftlockState":false,"_pose":"Jumping","_animationQueue":[["walk",0.1],["walk",0.1],["jump",0.1]],"_animationSpeed":1,"_zoom":16.125},{"_mousePosition":[679,335],"_rootPartCFrame":[753.922,227.735,43.004,0.139,0,0.99,0,1,0,-0.99,0,0.139],"_humanoidState":5,"_cameraCFrame":[759.109,244.376,41.039,-0.354,-0.878,0.322,0,0.344,0.939,-0.935,0.333,-0.122],"_shiftlockState":false,"_pose":"FreeFall","_animationQueue":[["jump",0.1]],"_animationSpeed":1,"_zoom":16.125},{"_mousePosition":[679,335],"_rootPartCFrame":[753.6,228.686,43.088,0.071,0,0.997,0,1,0,-0.997,0,0.071],"_humanoidState":5,"_cameraCFrame":[758.729,245.305,40.825,-0.404,-0.858,0.318,0,0.348,0.938,-0.915,0.378,-0.14],"_shiftlockState":false,"_pose":"FreeFall","_animationQueue":[],"_animationSpeed":1,"_zoom":16.125},{"_mousePosition":[679,335],"_rootPartCFrame":[753.349,229.386,43.177,0.014,0,1,0,1,0,-1,0,0.014],"_humanoidState":5,"_cameraCFrame":[758.376,246.005,40.696,-0.443,-0.841,0.312,0,0.348,0.938,-0.897,0.415,-0.154],"_shiftlockState":false,"_pose":"FreeFall","_animationQueue":[],"_animationSpeed":1,"_zoom":16.125},{"_mousePosition":[679,335],"_rootPartCFrame":[753.104,230.031,43.283,-0.043,0,0.999,0,1,0,-0.999,0,-0.043],"_humanoidState":5,"_cameraCFrame":[758.026,246.65,40.6,-0.478,-0.823,0.305,0,0.348,0.938,-0.878,0.449,-0.166],"_shiftlockState":false,"_pose":"FreeFall","_animationQueue":[],"_animationSpeed":1,"_zoom":16.125},{"_mousePosition":[679,335],"_rootPartCFrame":[752.864,230.621,43.399,-0.099,0,0.995,0,1,0,-0.995,0,-0.099],"_humanoidState":5,"_cameraCFrame":[757.688,247.24,40.544,-0.509,-0.807,0.299,0,0.348,0.938,-0.861,0.478,-0.177],"_shiftlockState":false,"_pose":"FreeFall","_animationQueue":[],"_animationSpeed":1,"_zoom":16.125},{"_mousePosition":[679,335],"_rootPartCFrame":[752.629,231.157,43.525,-0.152,0,0.988,0,1,0,-0.988,0,-0.152],"_humanoidState":5,"_cameraCFrame":[757.349,247.776,40.501,-0.539,-0.789,0.293,0,0.348,0.938,-0.842,0.506,-0.188],"_shiftlockState":false,"_pose":"FreeFall","_animationQueue":[],"_animationSpeed":1,"_zoom":16.125},{"_mousePosition":[679,335],"_rootPartCFrame":[752.399,231.638,43.66,-0.203,0,0.979,0,1,0,-0.979,0,-0.203],"_humanoidState":5,"_cameraCFrame":[757.025,248.257,40.494,-0.565,-0.774,0.287,0,0.348,0.938,-0.825,0.53,-0.196],"_shiftlockState":false,"_pose":"FreeFall","_animationQueue":[],"_animationSpeed":1,"_zoom":16.125},{"_mousePosition":[679,335],"_rootPartCFrame":[752.174,232.065,43.802,-0.251,0,0.968,0,1,0,-0.968,0,-0.251],"_humanoidState":5,"_cameraCFrame":[756.678,248.695,40.515,-0.59,-0.758,0.279,0,0.346,0.938,-0.808,0.553,-0.204],"_shiftlockState":false,"_pose":"FreeFall","_animationQueue":[],"_animationSpeed":1,"_zoom":16.125},{"_mousePosition":[679,335],"_rootPartCFrame":[751.953,232.437,43.952,-0.296,0,0.955,0,1,0,-0.955,0,-0.296],"_humanoidState":5,"_cameraCFrame":[756.357,249.078,40.58,-0.608,-0.746,0.273,0,0.344,0.939,-0.794,0.571,-0.209],"_shiftlockState":false,"_pose":"FreeFall","_animationQueue":[],"_animationSpeed":1,"_zoom":16.125},{"_mousePosition":[679,335],"_rootPartCFrame":[751.791,232.681,44.069,-0.328,0,0.945,0,1,0,-0.945,0,-0.328],"_humanoidState":5,"_cameraCFrame":[756.135,249.322,40.62,-0.622,-0.735,0.269,0,0.344,0.939,-0.783,0.584,-0.214],"_shiftlockState":false,"_pose":"FreeFall","_animationQueue":[],"_animationSpeed":1,"_zoom":16.125},{"_mousePosition":[679,335],"_rootPartCFrame":[751.578,232.958,44.23,-0.369,0,0.93,0,1,0,-0.93,0,-0.369],"_humanoidState":5,"_cameraCFrame":[755.864,249.61,40.756,-0.63,-0.73,0.266,0,0.342,0.94,-0.777,0.592,-0.215],"_shiftlockState":false,"_pose":"FreeFall","_animationQueue":[],"_animationSpeed":1,"_zoom":16.125},{"_mousePosition":[679,335],"_rootPartCFrame":[751.317,233.228,44.437,-0.415,0,0.91,0,1,0,-0.91,0,-0.415],"_humanoidState":5,"_cameraCFrame":[755.594,249.879,40.952,-0.632,-0.728,0.265,0,0.342,0.94,-0.775,0.594,-0.216],"_shiftlockState":false,"_pose":"FreeFall","_animationQueue":[],"_animationSpeed":1,"_zoom":16.125},{"_mousePosition":[679,335],"_rootPartCFrame":[751.161,233.349,44.563,-0.439,0,0.898,0,1,0,-0.898,0,-0.439],"_humanoidState":5,"_cameraCFrame":[755.438,250,41.078,-0.632,-0.728,0.265,0,0.342,0.94,-0.775,0.594,-0.216],"_shiftlockState":false,"_pose":"FreeFall","_animationQueue":[],"_animationSpeed":1,"_zoom":16.125},{"_mousePosition":[679,335],"_rootPartCFrame":[750.954,233.462,44.731,-0.468,0,0.884,0,1,0,-0.884,0,-0.468],"_humanoidState":5,"_cameraCFrame":[755.232,250.114,41.246,-0.632,-0.728,0.265,0,0.342,0.94,-0.775,0.594,-0.216],"_shiftlockState":false,"_pose":"FreeFall","_animationQueue":[],"_animationSpeed":1,"_zoom":16.125},{"_mousePosition":[679,335],"_rootPartCFrame":[750.696,233.527,44.941,-0.498,0,0.867,0,1,0,-0.867,0,-0.498],"_humanoidState":5,"_cameraCFrame":[754.973,250.179,41.456,-0.632,-0.728,0.265,0,0.342,0.94,-0.775,0.594,-0.216],"_shiftlockState":false,"_pose":"FreeFall","_animationQueue":[],"_animationSpeed":1,"_zoom":16.125},{"_mousePosition":[679,335],"_rootPartCFrame":[750.541,233.526,45.068,-0.513,0,0.858,0,1,0,-0.858,0,-0.513],"_humanoidState":5,"_cameraCFrame":[754.818,250.177,41.583,-0.632,-0.728,0.265,0,0.342,0.94,-0.775,0.594,-0.216],"_shiftlockState":false,"_pose":"FreeFall","_animationQueue":[],"_animationSpeed":1,"_zoom":16.125},{"_mousePosition":[679,335],"_rootPartCFrame":[750.282,233.455,45.278,-0.534,0,0.845,0,1,0,-0.845,0,-0.534],"_humanoidState":5,"_cameraCFrame":[754.559,250.106,41.793,-0.632,-0.728,0.265,0,0.342,0.94,-0.775,0.594,-0.216],"_shiftlockState":false,"_pose":"FreeFall","_animationQueue":[],"_animationSpeed":1,"_zoom":16.125},{"_mousePosition":[679,335],"_rootPartCFrame":[750.075,233.337,45.447,-0.549,0,0.836,0,1,0,-0.836,0,-0.549],"_humanoidState":5,"_cameraCFrame":[754.353,249.988,41.962,-0.632,-0.728,0.265,0,0.342,0.94,-0.775,0.594,-0.216],"_shiftlockState":false,"_pose":"FreeFall","_animationQueue":[],"_animationSpeed":1,"_zoom":16.125},{"_mousePosition":[679,335],"_rootPartCFrame":[749.92,233.212,45.573,-0.558,0,0.83,0,1,0,-0.83,0,-0.558],"_humanoidState":5,"_cameraCFrame":[754.206,249.864,42.099,-0.63,-0.73,0.266,0,0.342,0.94,-0.777,0.592,-0.215],"_shiftlockState":false,"_pose":"FreeFall","_animationQueue":[],"_animationSpeed":1,"_zoom":16.125},{"_mousePosition":[679,335],"_rootPartCFrame":[749.662,232.937,45.784,-0.571,0,0.821,0,1,0,-0.821,0,-0.571],"_humanoidState":5,"_cameraCFrame":[754,249.589,42.375,-0.618,-0.739,0.269,0,0.342,0.94,-0.786,0.581,-0.211],"_shiftlockState":false,"_pose":"FreeFall","_animationQueue":[["fall",0.3]],"_animationSpeed":1,"_zoom":16.125},{"_mousePosition":[679,335],"_rootPartCFrame":[749.455,232.655,45.952,-0.58,0,0.815,0,1,0,-0.815,0,-0.58],"_humanoidState":5,"_cameraCFrame":[753.903,249.307,42.687,-0.592,-0.758,0.276,0,0.342,0.94,-0.806,0.556,-0.202],"_shiftlockState":false,"_pose":"FreeFall","_animationQueue":[],"_animationSpeed":1,"_zoom":16.125},{"_mousePosition":[679,335],"_rootPartCFrame":[749.245,232.319,46.117,-0.586,0,0.81,0,1,0,-0.81,0,-0.586],"_humanoidState":5,"_cameraCFrame":[753.906,248.971,43.164,-0.535,-0.794,0.289,0,0.342,0.94,-0.845,0.503,-0.183],"_shiftlockState":false,"_pose":"FreeFall","_animationQueue":[],"_animationSpeed":1,"_zoom":16.125},{"_mousePosition":[679,335],"_rootPartCFrame":[748.978,231.822,46.315,-0.588,0,0.809,0,1,0,-0.809,0,-0.588],"_humanoidState":5,"_cameraCFrame":[753.719,248.474,43.493,-0.511,-0.807,0.294,0,0.342,0.94,-0.859,0.481,-0.175],"_shiftlockState":false,"_pose":"FreeFall","_animationQueue":[],"_animationSpeed":1,"_zoom":16.125},{"_mousePosition":[679,335],"_rootPartCFrame":[748.754,231.364,46.461,-0.584,0,0.812,0,1,0,-0.812,0,-0.584],"_humanoidState":5,"_cameraCFrame":[753.658,248.015,43.932,-0.458,-0.835,0.304,0,0.342,0.94,-0.889,0.431,-0.157],"_shiftlockState":false,"_pose":"FreeFall","_animationQueue":[],"_animationSpeed":1,"_zoom":16.125},{"_mousePosition":[679,335],"_rootPartCFrame":[748.583,230.984,46.564,-0.578,0,0.816,0,1,0,-0.816,0,-0.578],"_humanoidState":5,"_cameraCFrame":[753.756,247.614,44.482,-0.373,-0.87,0.321,0,0.346,0.938,-0.928,0.35,-0.129],"_shiftlockState":false,"_pose":"FreeFall","_animationQueue":[],"_animationSpeed":1,"_zoom":16.125},{"_mousePosition":[679,335],"_rootPartCFrame":[748.288,230.283,46.719,-0.561,0,0.828,0,1,0,-0.828,0,-0.561],"_humanoidState":5,"_cameraCFrame":[753.615,246.902,44.973,-0.311,-0.891,0.33,0,0.348,0.938,-0.95,0.292,-0.108],"_shiftlockState":false,"_pose":"FreeFall","_animationQueue":[["fall",0.3]],"_animationSpeed":1,"_zoom":16.125},{"_mousePosition":[679,335],"_rootPartCFrame":[748.105,229.821,46.799,-0.545,0,0.838,0,1,0,-0.838,0,-0.545],"_humanoidState":5,"_cameraCFrame":[753.581,246.418,45.351,-0.256,-0.905,0.34,0,0.351,0.936,-0.967,0.239,-0.09],"_shiftlockState":false,"_pose":"FreeFall","_animationQueue":[],"_animationSpeed":1,"_zoom":16.125},{"_mousePosition":[679,335],"_rootPartCFrame":[747.853,229.158,46.885,-0.518,0,0.855,0,1,0,-0.855,0,-0.518],"_humanoidState":5,"_cameraCFrame":[753.43,245.744,45.738,-0.201,-0.916,0.346,0,0.353,0.936,-0.979,0.188,-0.071],"_shiftlockState":false,"_pose":"FreeFall","_animationQueue":[],"_animationSpeed":1,"_zoom":16.125},{"_mousePosition":[679,335],"_rootPartCFrame":[747.531,228.252,46.973,-0.478,0,0.878,0,1,0,-0.878,0,-0.478],"_humanoidState":5,"_cameraCFrame":[753.193,244.828,46.134,-0.147,-0.925,0.351,0,0.355,0.935,-0.989,0.137,-0.052],"_shiftlockState":false,"_pose":"FreeFall","_animationQueue":[],"_animationSpeed":1,"_zoom":16.125},{"_mousePosition":[679,335],"_rootPartCFrame":[747.336,227.668,47.015,-0.452,0,0.892,0,1,0,-0.892,0,-0.452],"_humanoidState":5,"_cameraCFrame":[753.065,244.232,46.49,-0.091,-0.93,0.355,0,0.357,0.934,-0.996,0.085,-0.033],"_shiftlockState":false,"_pose":"FreeFall","_animationQueue":[],"_animationSpeed":1,"_zoom":16.125},{"_mousePosition":[679,335],"_rootPartCFrame":[747.072,226.842,47.057,-0.415,0,0.91,0,1,0,-0.91,0,-0.415],"_humanoidState":5,"_cameraCFrame":[752.821,243.406,46.836,-0.038,-0.934,0.357,0,0.357,0.934,-0.999,0.036,-0.014],"_shiftlockState":false,"_pose":"FreeFall","_animationQueue":[],"_animationSpeed":1,"_zoom":16.125},{"_mousePosition":[679,335],"_rootPartCFrame":[746.807,225.961,47.083,-0.374,0,0.927,0,1,0,-0.927,0,-0.374],"_humanoidState":5,"_cameraCFrame":[752.618,242.502,47.125,0.007,-0.933,0.36,0,0.36,0.933,-1,-0.007,0.003],"_shiftlockState":false,"_pose":"FreeFall","_animationQueue":[],"_animationSpeed":1,"_zoom":16.125},{"_mousePosition":[679,335],"_rootPartCFrame":[746.541,225.025,47.096,-0.332,0,0.943,0,1,0,-0.943,0,-0.332],"_humanoidState":5,"_cameraCFrame":[752.406,241.544,47.346,0.043,-0.931,0.364,0,0.364,0.931,-0.999,-0.04,0.016],"_shiftlockState":false,"_pose":"FreeFall","_animationQueue":[["fall",0.3]],"_animationSpeed":1,"_zoom":16.125},{"_mousePosition":[679,335],"_rootPartCFrame":[746.341,224.288,47.096,-0.299,0,0.954,0,1,0,-0.954,0,-0.299],"_humanoidState":5,"_cameraCFrame":[752.257,240.783,47.483,0.065,-0.928,0.367,0,0.368,0.93,-0.998,-0.061,0.024],"_shiftlockState":false,"_pose":"FreeFall","_animationQueue":[],"_animationSpeed":1,"_zoom":16.125},{"_mousePosition":[679,335],"_rootPartCFrame":[746.008,222.99,47.083,-0.243,0,0.97,0,1,0,-0.97,0,-0.243],"_humanoidState":5,"_cameraCFrame":[751.978,239.463,47.535,0.075,-0.926,0.37,0,0.371,0.929,-0.997,-0.07,0.028],"_shiftlockState":false,"_pose":"FreeFall","_animationQueue":[],"_animationSpeed":1,"_zoom":16.125},{"_mousePosition":[679,335],"_rootPartCFrame":[745.742,222.547,47.067,-0.202,0,0.979,0,1,0,-0.979,0,-0.202],"_humanoidState":7,"_cameraCFrame":[751.712,239.02,47.519,0.075,-0.926,0.37,0,0.371,0.929,-0.997,-0.07,0.028],"_shiftlockState":false,"_pose":"FreeFall","_animationQueue":[["walk",0.1],["fall",0.3],["fall",0.3]],"_animationSpeed":1,"_zoom":16.125},{"_mousePosition":[679,335],"_rootPartCFrame":[745.476,222.573,47.047,-0.164,0,0.987,0,1,0,-0.987,0,-0.164],"_humanoidState":7,"_cameraCFrame":[751.475,239.034,47.501,0.075,-0.925,0.372,0,0.373,0.928,-0.997,-0.07,0.028],"_shiftlockState":false,"_pose":"FreeFall","_animationQueue":[],"_animationSpeed":1,"_zoom":16.125},{"_mousePosition":[679,335],"_rootPartCFrame":[745.21,222.622,47.027,-0.131,0,0.991,0,1,0,-0.991,0,-0.131],"_humanoidState":8,"_cameraCFrame":[751.21,239.083,47.466,0.073,-0.925,0.372,0,0.373,0.928,-0.997,-0.068,0.027],"_shiftlockState":false,"_pose":"Running","_animationQueue":[["walk",0.1],["fall",0.3],["walk",0.1]],"_animationSpeed":1.103,"_zoom":16.125},{"_mousePosition":[679,335],"_rootPartCFrame":[744.944,223.495,47.007,-0.099,0,0.995,0,1,0,-0.995