[{"_mousePosition":[536,389],"_rootPartCFrame":[776.023,222.7,47.142,0.003,0,1,0,1,0,-1,0,0.003],"_humanoidState":8,"_cameraCFrame":[781.504,239.148,49.697,0.422,-0.84,0.34,0,0.375,0.927,-0.906,-0.392,0.158],"_shiftlockState":false,"_pose":"Standing","_animationQueue":[],"_animationSpeed":1,"_zoom":16.125},{"_mousePosition":[536,389],"_rootPartCFrame":[775.868,222.695,47.069,0.046,0,0.999,0,1,0,-0.999,0,0.046],"_humanoidState":8,"_cameraCFrame":[781.308,239.167,49.572,0.418,-0.844,0.337,0,0.371,0.928,-0.908,-0.388,0.155],"_shiftlockState":false,"_pose":"Standing","_animationQueue":[],"_animationSpeed":1,"_zoom":16.125},{"_mousePosition":[536,389],"_rootPartCFrame":[775.628,222.696,46.957,0.098,0,0.995,0,1,0,-0.995,0,0.098],"_humanoidState":8,"_cameraCFrame":[781.048,239.18,49.434,0.416,-0.845,0.336,0,0.37,0.929,-0.91,-0.386,0.154],"_shiftlockState":false,"_pose":"Running","_animationQueue":[["walk",0.1]],"_animationSpeed":1.003,"_zoom":16.125},{"_mousePosition":[536,389],"_rootPartCFrame":[775.386,222.698,46.846,0.143,0,0.99,0,1,0,-0.99,0,0.143],"_humanoidState":8,"_cameraCFrame":[780.759,239.204,49.284,0.413,-0.847,0.333,0,0.366,0.931,-0.911,-0.385,0.151],"_shiftlockState":false,"_pose":"Running","_animationQueue":[["walk",0.1]],"_animationSpeed":1.101,"_zoom":16.125},{"_mousePosition":[536,389],"_rootPartCFrame":[775.143,222.699,46.735,0.181,0,0.983,0,1,0,-0.983,0,0.181],"_humanoidState":8,"_cameraCFrame":[780.448,239.239,49.11,0.409,-0.851,0.329,0,0.36,0.933,-0.913,-0.381,0.147],"_shiftlockState":false,"_pose":"Running","_animationQueue":[],"_animationSpeed":1.101,"_zoom":16.125},{"_mousePosition":[536,389],"_rootPartCFrame":[774.9,222.699,46.625,0.213,0,0.977,0,1,0,-0.977,0,0.213],"_humanoidState":8,"_cameraCFrame":[780.158,239.262,48.963,0.406,-0.854,0.326,0,0.357,0.934,-0.914,-0.38,0.145],"_shiftlockState":false,"_pose":"Running","_animationQueue":[["walk",0.1]],"_animationSpeed":1.101,"_zoom":16.125},{"_mousePosition":[536,389],"_rootPartCFrame":[774.657,222.699,46.515,0.241,0,0.971,0,1,0,-0.971,0,0.241],"_humanoidState":8,"_cameraCFrame":[779.888,239.274,48.842,0.406,-0.854,0.324,0,0.355,0.935,-0.914,-0.38,0.144],"_shiftlockState":false,"_pose":"Running","_animationQueue":[],"_animationSpeed":1.101,"_zoom":16.125},{"_mousePosition":[536,389],"_rootPartCFrame":[774.413,222.699,46.407,0.264,0,0.965,0,1,0,-0.965,0,0.264],"_humanoidState":8,"_cameraCFrame":[779.623,239.285,48.708,0.404,-0.856,0.323,0,0.353,0.936,-0.915,-0.378,0.143],"_shiftlockState":false,"_pose":"Running","_animationQueue":[],"_animationSpeed":1.101,"_zoom":16.125},{"_mousePosition":[536,389],"_rootPartCFrame":[774.17,222.7,46.299,0.283,0,0.959,0,1,0,-0.959,0,0.283],"_humanoidState":8,"_cameraCFrame":[779.337,239.307,48.55,0.399,-0.859,0.32,0,0.35,0.937,-0.917,-0.374,0.14],"_shiftlockState":false,"_pose":"Running","_animationQueue":[],"_animationSpeed":1.101,"_zoom":16.125},{"_mousePosition":[536,389],"_rootPartCFrame":[773.926,222.7,46.191,0.3,0,0.954,0,1,0,-0.954,0,0.3],"_humanoidState":8,"_cameraCFrame":[779.05,239.329,48.393,0.395,-0.862,0.318,0,0.346,0.938,-0.919,-0.37,0.137],"_shiftlockState":false,"_pose":"Running","_animationQueue":[],"_animationSpeed":1.101,"_zoom":16.125},{"_mousePosition":[536,389],"_rootPartCFrame":[773.681,222.7,46.084,0.314,0,0.949,0,1,0,-0.949,0,0.314],"_humanoidState":8,"_cameraCFrame":[778.763,239.351,48.237,0.39,-0.865,0.315,0,0.342,0.94,-0.921,-0.367,0.134],"_shiftlockState":false,"_pose":"Running","_animationQueue":[],"_animationSpeed":1.101,"_zoom":16.125},{"_mousePosition":[536,389],"_rootPartCFrame":[773.436,222.7,45.979,0.325,0,0.946,0,1,0,-0.946,0,0.325],"_humanoidState":8,"_cameraCFrame":[778.447,239.383,48.072,0.385,-0.869,0.311,0,0.337,0.942,-0.923,-0.363,0.13],"_shiftlockState":false,"_pose":"Running","_animationQueue":[],"_animationSpeed":1.101,"_zoom":16.125},{"_mousePosition":[536,389],"_rootPartCFrame":[773.191,222.7,45.875,0.334,0,0.943,0,1,0,-0.943,0,0.334],"_humanoidState":8,"_cameraCFrame":[778.157,239.404,47.92,0.381,-0.872,0.308,0,0.333,0.943,-0.925,-0.359,0.127],"_shiftlockState":false,"_pose":"Running","_animationQueue":[["walk",0.1]],"_animationSpeed":1.101,"_zoom":16.125},{"_mousePosition":[536,389],"_rootPartCFrame":[772.945,222.7,45.772,0.341,0,0.94,0,1,0,-0.94,0,0.341],"_humanoidState":8,"_cameraCFrame":[777.861,239.425,47.782,0.378,-0.874,0.305,0,0.329,0.944,-0.926,-0.357,0.125],"_shiftlockState":false,"_pose":"Running","_animationQueue":[],"_animationSpeed":1.101,"_zoom":16.125},{"_mousePosition":[536,389],"_rootPartCFrame":[772.698,222.7,45.67,0.347,0,0.938,0,1,0,-0.938,0,0.347],"_humanoidState":8,"_cameraCFrame":[777.565,239.445,47.645,0.376,-0.876,0.302,0,0.326,0.945,-0.927,-0.356,0.122],"_shiftlockState":false,"_pose":"Running","_animationQueue":[],"_animationSpeed":1.101,"_zoom":16.125},{"_mousePosition":[536,389],"_rootPartCFrame":[772.451,222.7,45.569,0.351,0,0.936,0,1,0,-0.936,0,0.351],"_humanoidState":8,"_cameraCFrame":[777.268,239.466,47.51,0.374,-0.878,0.299,0,0.322,0.947,-0.928,-0.354,0.12],"_shiftlockState":false,"_pose":"Running","_animationQueue":[],"_animationSpeed":1.101,"_zoom":16.125},{"_mousePosition":[536,389],"_rootPartCFrame":[772.204,222.7,45.469,0.354,0,0.935,0,1,0,-0.935,0,0.354],"_humanoidState":8,"_cameraCFrame":[776.97,239.486,47.375,0.371,-0.88,0.296,0,0.318,0.948,-0.928,-0.352,0.118],"_shiftlockState":false,"_pose":"Running","_animationQueue":[],"_animationSpeed":1.101,"_zoom":16.125},{"_mousePosition":[536,389],"_rootPartCFrame":[771.957,222.7,45.369,0.357,0,0.934,0,1,0,-0.934,0,0.357],"_humanoidState":8,"_cameraCFrame":[776.672,239.506,47.242,0.369,-0.882,0.292,0,0.315,0.949,-0.929,-0.35,0.116],"_shiftlockState":false,"_pose":"Running","_animationQueue":[],"_animationSpeed":1.101,"_zoom":16.125},{"_mousePosition":[536,389],"_rootPartCFrame":[771.709,222.7,45.27,0.359,0,0.933,0,1,0,-0.933,0,0.359],"_humanoidState":8,"_cameraCFrame":[776.402,239.516,47.12,0.367,-0.884,0.291,0,0.313,0.95,-0.93,-0.348,0.115],"_shiftlockState":false,"_pose":"Running","_animationQueue":[["walk",0.1]],"_animationSpeed":1.101,"_zoom":16.125},{"_mousePosition":[536,389],"_rootPartCFrame":[771.462,222.7,45.172,0.36,0,0.933,0,1,0,-0.933,0,0.36],"_humanoidState":8,"_cameraCFrame":[776.154,239.516,47.021,0.367,-0.884,0.291,0,0.313,0.95,-0.93,-0.348,0.115],"_shiftlockState":false,"_pose":"Running","_animationQueue":[],"_animationSpeed":1.101,"_zoom":16.125},{"_mousePosition":[536,389],"_rootPartCFrame":[771.214,222.7,45.074,0.361,0,0.932,0,1,0,-0.932,0,0.361],"_humanoidState":8,"_cameraCFrame":[775.906,239.516,46.923,0.367,-0.884,0.291,0,0.313,0.95,-0.93,-0.348,0.115],"_shiftlockState":false,"_pose":"Running","_animationQueue":[],"_animationSpeed":1.101,"_zoom":16.125},{"_mousePosition":[536,389],"_rootPartCFrame":[770.966,222.7,44.976,0.362,0,0.932,0,1,0,-0.932,0,0.362],"_humanoidState":8,"_cameraCFrame":[775.63,239.525,46.815,0.367,-0.884,0.289,0,0.311,0.95,-0.93,-0.349,0.114],"_shiftlockState":false,"_pose":"Running","_animationQueue":[],"_animationSpeed":1.101,"_zoom":16.125},{"_mousePosition":[536,389],"_rootPartCFrame":[770.718,222.7,44.878,0.363,0,0.932,0,1,0,-0.932,0,0.363],"_humanoidState":8,"_cameraCFrame":[775.382,239.525,46.717,0.367,-0.884,0.289,0,0.311,0.95,-0.93,-0.349,0.114],"_shiftlockState":false,"_pose":"Running","_animationQueue":[],"_animationSpeed":1.101,"_zoom":16.125},{"_mousePosition":[536,389],"_rootPartCFrame":[770.469,222.7,44.78,0.363,0,0.932,0,1,0,-0.932,0,0.363],"_humanoidState":8,"_cameraCFrame":[775.106,239.535,46.608,0.367,-0.885,0.288,0,0.309,0.951,-0.93,-0.349,0.113],"_shiftlockState":false,"_pose":"Running","_animationQueue":[],"_animationSpeed":1.101,"_zoom":16.125},{"_mousePosition":[536,389],"_rootPartCFrame":[770.221,222.7,44.683,0.364,0,0.932,0,1,0,-0.932,0,0.364],"_humanoidState":8,"_cameraCFrame":[774.835,239.545,46.488,0.364,-0.886,0.286,0,0.307,0.952,-0.931,-0.347,0.112],"_shiftlockState":false,"_pose":"Running","_animationQueue":[],"_animationSpeed":1.101,"_zoom":16.125},{"_mousePosition":[536,389],"_rootPartCFrame":[769.973,222.666,44.585,0.364,0,0.931,0,1,0,-0.931,0,0.364],"_humanoidState":8,"_cameraCFrame":[774.559,239.52,46.379,0.364,-0.887,0.284,0,0.305,0.952,-0.931,-0.347,0.111],"_shiftlockState":false,"_pose":"Running","_animationQueue":[["walk",0.1]],"_animationSpeed":1.101,"_zoom":16.125},{"_mousePosition":[536,389],"_rootPartCFrame":[769.663,223.736,44.463,0.365,0,0.931,0,1,0,-0.931,0,0.365],"_humanoidState":3,"_cameraCFrame":[774.249,240.59,46.257,0.364,-0.887,0.284,0,0.305,0.952,-0.931,-0.347,0.111],"_shiftlockState":false,"_pose":"Jumping","_animationQueue":[["walk",0.1],["jump",0.1]],"_animationSpeed":1,"_zoom":16.125},{"_mousePosition":[536,389],"_rootPartCFrame":[769.477,224.337,44.39,0.365,0,0.931,0,1,0,-0.931,0,0.365],"_humanoidState":5,"_cameraCFrame":[774.035,241.201,46.173,0.364,-0.887,0.283,0,0.304,0.953,-0.931,-0.347,0.111],"_shiftlockState":false,"_pose":"FreeFall","_animationQueue":[["jump",0.1]],"_animationSpeed":1,"_zoom":16.125},{"_mousePosition":[536,389],"_rootPartCFrame":[769.229,225.091,44.293,0.365,0,0.931,0,1,0,-0.931,0,0.365],"_humanoidState":5,"_cameraCFrame":[773.759,241.965,46.065,0.364,-0.888,0.281,0,0.302,0.953,-0.931,-0.347,0.11],"_shiftlockState":false,"_pose":"FreeFall","_animationQueue":[],"_animationSpeed":1,"_zoom":16.125},{"_mousePosition":[536,389],"_rootPartCFrame":[768.918,225.957,44.171,0.365,0,0.931,0,1,0,-0.931,0,0.365],"_humanoidState":5,"_cameraCFrame":[773.448,242.83,45.943,0.364,-0.888,0.281,0,0.302,0.953,-0.931,-0.347,0.11],"_shiftlockState":false,"_pose":"FreeFall","_animationQueue":[],"_animationSpeed":1,"_zoom":16.125},{"_mousePosition":[536,389],"_rootPartCFrame":[768.732,226.435,44.098,0.365,0,0.931,0,1,0,-0.931,0,0.365],"_humanoidState":5,"_cameraCFrame":[773.234,243.318,45.86,0.364,-0.888,0.279,0,0.3,0.954,-0.931,-0.348,0.109],"_shiftlockState":false,"_pose":"FreeFall","_animationQueue":[],"_animationSpeed":1,"_zoom":16.125},{"_mousePosition":[536,389],"_rootPartCFrame":[768.484,227.025,44.001,0.365,0,0.931,0,1,0,-0.931,0,0.365],"_humanoidState":5,"_cameraCFrame":[772.977,243.909,45.785,0.369,-0.887,0.279,0,0.3,0.954,-0.929,-0.352,0.111],"_shiftlockState":false,"_pose":"FreeFall","_animationQueue":[],"_animationSpeed":1,"_zoom":16.125},{"_mousePosition":[536,389],"_rootPartCFrame":[768.174,227.687,43.88,0.365,0,0.931,0,1,0,-0.931,0,0.365],"_humanoidState":5,"_cameraCFrame":[772.63,244.579,45.675,0.374,-0.885,0.276,0,0.298,0.955,-0.928,-0.357,0.111],"_shiftlockState":false,"_pose":"FreeFall","_animationQueue":[],"_animationSpeed":1,"_zoom":16.125},{"_mousePosition":[536,389],"_rootPartCFrame":[767.988,228.043,43.806,0.365,0,0.931,0,1,0,-0.931,0,0.365],"_humanoidState":5,"_cameraCFrame":[772.407,244.945,45.613,0.378,-0.884,0.274,0,0.296,0.955,-0.926,-0.361,0.112],"_shiftlockState":false,"_pose":"FreeFall","_animationQueue":[],"_animationSpeed":1,"_zoom":16.125},{"_mousePosition":[536,389],"_rootPartCFrame":[767.678,228.568,43.682,0.366,0,0.931,0,1,0,-0.931,0,0.366],"_humanoidState":5,"_cameraCFrame":[772.061,245.479,45.499,0.383,-0.883,0.272,0,0.294,0.956,-0.924,-0.366,0.113],"_shiftlockState":false,"_pose":"FreeFall","_animationQueue":[],"_animationSpeed":1,"_zoom":16.125},{"_mousePosition":[536,389],"_rootPartCFrame":[767.493,228.842,43.606,0.367,0,0.93,0,1,0,-0.93,0,0.367],"_humanoidState":5,"_cameraCFrame":[771.829,245.763,45.456,0.392,-0.88,0.269,0,0.292,0.956,-0.92,-0.375,0.115],"_shiftlockState":false,"_pose":"FreeFall","_animationQueue":[],"_animationSpeed":1,"_zoom":16.125},{"_mousePosition":[536,389],"_rootPartCFrame":[767.185,229.231,43.479,0.37,0,0.929,0,1,0,-0.929,0,0.37],"_humanoidState":5,"_cameraCFrame":[771.438,246.17,45.37,0.406,-0.875,0.264,0,0.289,0.957,-0.914,-0.389,0.117],"_shiftlockState":false,"_pose":"FreeFall","_animationQueue":[],"_animationSpeed":1,"_zoom":16.125},{"_mousePosition":[536,389],"_rootPartCFrame":[766.94,229.481,43.374,0.372,0,0.928,0,1,0,-0.928,0,0.372],"_humanoidState":5,"_cameraCFrame":[771.099,246.437,45.326,0.425,-0.868,0.258,0,0.285,0.959,-0.905,-0.407,0.121],"_shiftlockState":false,"_pose":"FreeFall","_animationQueue":[],"_animationSpeed":1,"_zoom":16.125},{"_mousePosition":[536,389],"_rootPartCFrame":[766.696,229.676,43.267,0.376,0,0.926,0,1,0,-0.926,0,0.376],"_humanoidState":5,"_cameraCFrame":[770.788,246.642,45.288,0.443,-0.86,0.254,0,0.283,0.959,-0.897,-0.425,0.125],"_shiftlockState":false,"_pose":"FreeFall","_animationQueue":[],"_animationSpeed":1,"_zoom":16.125},{"_mousePosition":[536,389],"_rootPartCFrame":[766.454,229.817,43.154,0.382,0,0.924,0,1,0,-0.924,0,0.382],"_humanoidState":5,"_cameraCFrame":[770.472,246.791,45.255,0.463,-0.85,0.249,0,0.281,0.96,-0.886,-0.445,0.13],"_shiftlockState":false,"_pose":"FreeFall","_animationQueue":[],"_animationSpeed":1,"_zoom":16.125},{"_mousePosition":[536,389],"_rootPartCFrame":[766.215,229.903,43.037,0.39,0,0.921,0,1,0,-0.921,0,0.39],"_humanoidState":5,"_cameraCFrame":[770.157,246.886,45.213,0.483,-0.841,0.244,0,0.279,0.96,-0.875,-0.464,0.135],"_shiftlockState":false,"_pose":"FreeFall","_animationQueue":[],"_animationSpeed":1,"_zoom":16.125},{"_mousePosition":[536,389],"_rootPartCFrame":[765.978,229.935,42.914,0.399,0,0.917,0,1,0,-0.917,0,0.399],"_humanoidState":5,"_cameraCFrame":[769.838,246.927,45.175,0.505,-0.829,0.239,0,0.277,0.961,-0.863,-0.486,0.14],"_shiftlockState":false,"_pose":"FreeFall","_animationQueue":[],"_animationSpeed":1,"_zoom":16.125},{"_mousePosition":[536,389],"_rootPartCFrame":[765.744,229.912,42.786,0.41,0,0.912,0,1,0,-0.912,0,0.41],"_humanoidState":5,"_cameraCFrame":[769.569,246.904,45.105,0.518,-0.822,0.237,0,0.277,0.961,-0.855,-0.498,0.144],"_shiftlockState":false,"_pose":"FreeFall","_animationQueue":[],"_animationSpeed":1,"_zoom":16.125},{"_mousePosition":[536,389],"_rootPartCFrame":[765.514,229.835,42.652,0.423,0,0.906,0,1,0,-0.906,0,0.423],"_humanoidState":5,"_cameraCFrame":[769.321,246.827,45,0.525,-0.818,0.236,0,0.277,0.961,-0.851,-0.504,0.146],"_shiftlockState":false,"_pose":"FreeFall","_animationQueue":[],"_animationSpeed":1,"_zoom":16.125},{"_mousePosition":[536,389],"_rootPartCFrame":[765.342,229.741,42.549,0.432,0,0.902,0,1,0,-0.902,0,0.432],"_humanoidState":5,"_cameraCFrame":[769.144,246.733,44.906,0.527,-0.816,0.236,0,0.277,0.961,-0.85,-0.506,0.146],"_shiftlockState":false,"_pose":"FreeFall","_animationQueue":[],"_animationSpeed":1,"_zoom":16.125},{"_mousePosition":[536,389],"_rootPartCFrame":[765.115,229.568,42.409,0.445,0,0.896,0,1,0,-0.896,0,0.445],"_humanoidState":5,"_cameraCFrame":[768.917,246.561,44.767,0.527,-0.816,0.236,0,0.277,0.961,-0.85,-0.506,0.146],"_shiftlockState":false,"_pose":"FreeFall","_animationQueue":[["fall",0.3]],"_animationSpeed":1,"_zoom":16.125},{"_mousePosition":[536,389],"_rootPartCFrame":[764.889,229.341,42.269,0.457,0,0.89,0,1,0,-0.89,0,0.457],"_humanoidState":5,"_cameraCFrame":[768.684,246.333,44.636,0.529,-0.815,0.235,0,0.277,0.961,-0.848,-0.508,0.147],"_shiftlockState":false,"_pose":"FreeFall","_animationQueue":[],"_animationSpeed":1,"_zoom":16.125},{"_mousePosition":[536,389],"_rootPartCFrame":[764.605,228.981,42.093,0.469,0,0.883,0,1,0,-0.883,0,0.469],"_humanoidState":5,"_cameraCFrame":[768.401,245.973,44.46,0.529,-0.815,0.235,0,0.277,0.961,-0.848,-0.508,0.147],"_shiftlockState":false,"_pose":"FreeFall","_animationQueue":[],"_animationSpeed":1,"_zoom":16.125},{"_mousePosition":[536,389],"_rootPartCFrame":[764.436,228.724,41.987,0.476,0,0.88,0,1,0,-0.88,0,0.476],"_humanoidState":5,"_cameraCFrame":[768.231,245.716,44.354,0.529,-0.815,0.235,0,0.277,0.961,-0.848,-0.508,0.147],"_shiftlockState":false,"_pose":"FreeFall","_animationQueue":[],"_animationSpeed":1,"_zoom":16.125},{"_mousePosition":[536,389],"_rootPartCFrame":[764.209,228.333,41.846,0.483,0,0.875,0,1,0,-0.875,0,0.483],"_humanoidState":5,"_cameraCFrame":[768.005,245.325,44.213,0.529,-0.815,0.235,0,0.277,0.961,-0.848,-0.508,0.147],"_shiftlockState":false,"_pose":"FreeFall","_animationQueue":[],"_animationSpeed":1,"_zoom":16.125},{"_mousePosition":[536,389],"_rootPartCFrame":[763.983,227.888,41.705,0.49,0,0.872,0,1,0,-0.872,0,0.49],"_humanoidState":5,"_cameraCFrame":[767.779,244.88,44.072,0.529,-0.815,0.235,0,0.277,0.961,-0.848,-0.508,0.147],"_shiftlockState":false,"_pose":"FreeFall","_animationQueue":[],"_animationSpeed":1,"_zoom":16.125},{"_mousePosition":[536,389],"_rootPartCFrame":[763.757,228.029,41.564,0.495,0,0.869,0,1,0,-0.869,0,0.495],"_humanoidState":7,"_cameraCFrame":[767.552,245.021,43.931,0.529,-0.815,0.235,0,0.277,0.961,-0.848,-0.508,0.147],"_shiftlockState":false,"_pose":"FreeFall","_animationQueue":[["walk",0.1],["fall",0.3],["fall",0.3]],"_animationSpeed":1,"_zoom":16.125},{"_mousePosition":[536,389],"_rootPartCFrame":[763.53,228.299,41.423,0.5,0,0.866,0,1,0,-0.866,0,0.5],"_humanoidState":7,"_cameraCFrame":[767.362,245.291,43.732,0.516,-0.823,0.238,0,0.277,0.961,-0.856,-0.496,0.143],"_shiftlockState":false,"_pose":"FreeFall","_animationQueue":[["fall",0.3]],"_animationSpeed":1,"_zoom":16.125},{"_mousePosition":[536,389],"_rootPartCFrame":[763.247,228.507,41.246,0.505,0,0.863,0,1,0,-0.863,0,0.505],"_humanoidState":8,"_cameraCFrame":[767.102,245.499,43.517,0.508,-0.828,0.239,0,0.277,0.961,-0.862,-0.488,0.141],"_shiftlockState":false,"_pose":"Running","_animationQueue":[["walk",0.1],["fall",0.3],["walk",0.1]],"_animationSpeed":1.103,"_zoom":16.125},{"_mousePosition":[536,389],"_rootPartCFrame":[763.078,229.16,41.14,0.508,0,0.861,0,1,0,-0.861,0,0.508],"_humanoidState":3,"_cameraCFrame":[767.031,246.152,43.233,0.468,-0.849,0.245,0,0.277,0.961,-0.884,-0.449,0.13],"_shiftlockState":false,"_pose":"Jumping","_animationQueue":[["walk",0.1],["jump",0.1]],"_animationSpeed":1,"_zoom":16.125},{"_mousePosition":[536,389],"_rootPartCFrame":[762.791,230.179,40.97,0.509,0,0.861,0,1,0,-0.861,0,0.509],"_humanoidState":5,"_cameraCFrame":[766.895,247.153,42.896,0.425,-0.869,0.255,0,0.281,0.96,-0.905,-0.408,0.119],"_shiftlockState":false,"_pose":"FreeFall","_animationQueue":[["jump",0.1]],"_animationSpeed":1,"_zoom":16.125},{"_mousePosition":[536,389],"_rootPartCFrame":[762.615,230.749,40.875,0.507,0,0.862,0,1,0,-0.862,0,0.507],"_humanoidState":5,"_cameraCFrame":[766.917,247.697,42.571,0.367,-0.891,0.267,0,0.287,0.958,-0.93,-0.351,0.105],"_shiftlockState":false,"_pose":"FreeFall","_animationQueue":[],"_animationSpeed":1,"_zoom":16.125},{"_mousePosition":[536,389],"_rootPartCFrame":[762.375,231.462,40.76,0.498,0,0.867,0,1,0,-0.867,0,0.498],"_humanoidState":5,"_cameraCFrame":[766.969,248.355,42.166,0.293,-0.913,0.285,0,0.298,0.955,-0.956,-0.279,0.087],"_shiftlockState":false,"_pose":"FreeFall","_animationQueue":[],"_animationSpeed":1,"_zoom":16.125},{"_mousePosition":[536,389],"_rootPartCFrame":[762.066,232.277,40.635,0.479,0,0.878,0,1,0,-0.878,0,0.479],"_humanoidState":5,"_cameraCFrame":[766.968,249.102,41.685,0.209,-0.929,0.304,0,0.311,0.95,-0.978,-0.199,0.065],"_shiftlockState":false,"_pose":"FreeFall","_animationQueue":[],"_animationSpeed":1,"_zoom":16.125},{"_mousePosition":[536,389],"_rootPartCFrame":[761.876,232.725,40.573,0.463,0,0.886,0,1,0,-0.886,0,0.463],"_humanoidState":5,"_cameraCFrame":[767.059,249.481,41.21,0.122,-0.939,0.321,0,0.324,0.946,-0.993,-0.115,0.04],"_shiftlockState":false,"_pose":"FreeFall","_animationQueue":[],"_animationSpeed":1,"_zoom":16.125},{"_mousePosition":[536,389],"_rootPartCFrame":[761.551,233.403,40.497,0.426,0,0.905,0,1,0,-0.905,0,0.426],"_humanoidState":5,"_cameraCFrame":[766.977,250.086,40.708,0.039,-0.941,0.336,0,0.337,0.942,-0.999,-0.037,0.013],"_shiftlockState":false,"_pose":"FreeFall","_animationQueue":[],"_animationSpeed":1,"_zoom":16.125},{"_mousePosition":[536,389],"_rootPartCFrame":[761.354,233.769,40.468,0.399,0,0.917,0,1,0,-0.917,0,0.399],"_humanoidState":5,"_cameraCFrame":[766.928,250.399,40.275,-0.035,-0.938,0.346,0,0.346,0.938,-0.999,0.032,-0.012],"_shiftlockState":false,"_pose":"FreeFall","_animationQueue":[],"_animationSpeed":1,"_zoom":16.125},{"_mousePosition":[536,389],"_rootPartCFrame":[761.021,234.311,40.449,0.344,0,0.939,0,1,0,-0.939,0,0.344],"_humanoidState":5,"_cameraCFrame":[766.692,250.897,39.922,-0.093,-0.932,0.352,0,0.353,0.936,-0.996,0.087,-0.033],"_shiftlockState":false,"_pose":"FreeFall","_animationQueue":[],"_animationSpeed":1,"_zoom":16.125},{"_mousePosition":[536,389],"_rootPartCFrame":[760.821,234.596,40.452,0.308,0,0.951,0,1,0,-0.951,0,0.308],"_humanoidState":5,"_cameraCFrame":[766.522,251.159,39.674,-0.135,-0.926,0.354,0,0.357,0.934,-0.991,0.126,-0.048],"_shiftlockState":false,"_pose":"FreeFall","_animationQueue":[],"_animationSpeed":1,"_zoom":16.125},{"_mousePosition":[536,389],"_rootPartCFrame":[760.489,235.002,40.481,0.244,0,0.97,0,1,0,-0.97,0,0.244],"_humanoidState":5,"_cameraCFrame":[766.173,251.565,39.586,-0.155,-0.923,0.353,0,0.357,0.934,-0.988,0.145,-0.055],"_shiftlockState":false,"_pose":"FreeFall","_animationQueue":[],"_animationSpeed":1,"_zoom":16.125},{"_mousePosition":[536,389],"_rootPartCFrame":[760.225,235.265,40.515,0.194,0,0.981,0,1,0,-0.981,0,0.194],"_humanoidState":5,"_cameraCFrame":[765.909,251.828,39.621,-0.155,-0.923,0.353,0,0.357,0.934,-0.988,0.145,-0.055],"_shiftlockState":false,"_pose":"FreeFall","_animationQueue":[],"_animationSpeed":1,"_zoom":16.125},{"_mousePosition":[536,389],"_rootPartCFrame":[760.027,235.427,40.545,0.158,0,0.987,0,1,0,-0.987,0,0.158],"_humanoidState":5,"_cameraCFrame":[765.711,251.99,39.651,-0.155,-0.923,0.353,0,0.357,0.934,-0.988,0.145,-0.055],"_shiftlockState":false,"_pose":"FreeFall","_animationQueue":[],"_animationSpeed":1,"_zoom":16.125},{"_mousePosition":[536,389],"_rootPartCFrame":[759.698,235.628,40.597,0.104,0,0.995,0,1,0,-0.995,0,0.104],"_humanoidState":5,"_cameraCFrame":[765.382,252.192,39.703,-0.155,-0.923,0.353,0,0.357,0.934,-0.988,0.145,-0.055],"_shiftlockState":false,"_pose":"FreeFall","_animationQueue":[],"_animationSpeed":1,"_zoom":16.125},{"_mousePosition":[536,389],"_rootPartCFrame":[759.5,235.708,40.628,0.076,0,0.997,0,1,0,-0.997,0,0.076],"_humanoidState":5,"_cameraCFrame":[765.18,252.272,39.705,-0.16,-0.922,0.352,0,0.357,0.934,-0.987,0.15,-0.057],"_shiftlockState":false,"_pose":"FreeFall","_animationQueue":[],"_animationSpeed":1,"_zoom":16.125},{"_mousePosition":[536,389],"_rootPartCFrame":[759.237,235.767,40.669,0.044,0,0.999,0,1,0,-0.999,0,0.044],"_humanoidState":5,"_cameraCFrame":[764.917,252.331,39.747,-0.16,-0.922,0.352,0,0.357,0.934,-0.987,0.15,-0.057],"_shiftlockState":false,"_pose":"FreeFall","_animationQueue":[],"_animationSpeed":1,"_zoom":16.125},{"_mousePosition":[536,389],"_rootPartCFrame":[758.974,235.772,40.712,0.015,0,1,0,1,0,-1,0,0.015],"_humanoidState":5,"_cameraCFrame":[764.653,252.335,39.789,-0.16,-0.922,0.352,0,0.357,0.934,-0.987,0.15,-0.057],"_shiftlockState":false,"_pose":"FreeFall","_animationQueue":[],"_animationSpeed":1,"_zoom":16.125},{"_mousePosition":[536,389],"_rootPartCFrame":[758.71,235.722,40.755,-0.01,0,1,0,1,0,-1,0,-0.01],"_humanoidState":5,"_cameraCFrame":[764.39,252.285,39.832,-0.16,-0.922,0.352,0,0.357,0.934,-0.987,0.15,-0.057],"_shiftlockState":false,"_pose":"FreeFall","_animationQueue":[],"_animationSpeed":1,"_zoom":16.125},{"_mousePosition":[536,389],"_rootPartCFrame":[758.447,235.617,40.798,-0.031,0,1,0,1,0,-1,0,-0.031],"_humanoidState":5,"_cameraCFrame":[764.127,252.181,39.875,-0.16,-0.922,0.352,0,0.357,0.934,-0.987,0.15,-0.057],"_shiftlockState":false,"_pose":"FreeFall","_animationQueue":[["fall",0.3]],"_animationSpeed":1,"_zoom":16.125},{"_mousePosition":[536,389],"_rootPartCFrame":[758.184,235.458,40.84,-0.049,0,0.999,0,1,0,-0.999,0,-0.049],"_humanoidState":5,"_cameraCFrame":[763.864,252.022,39.917,-0.16,-0.922,0.352,0,0.357,0.934,-0.987,0.15,-0.057],"_shiftlockState":false,"_pose":"FreeFall","_animationQueue":[],"_animationSpeed":1,"_zoom":16.125},{"_mousePosition":[536,389],"_rootPartCFrame":[758.03,235.225,40.789,-0.154,-0.004,0.988,-0.008,1,0.003,-0.988,-0.007,-0.154],"_humanoidState":5,"_cameraCFrame":[763.698,251.788,39.827,-0.165,-0.921,0.352,0,0.357,0.934,-0.986,0.154,-0.059],"_shiftlockState":false,"_pose":"FreeFall","_animationQueue":[],"_animationSpeed":1,"_zoom":16.125},{"_mousePosition":[536,389],"_rootPartCFrame":[757.96,234.998,40.721,-0.177,-0.003,0.984,-0.005,1,0.002,-0.984,-0.004,-0.177],"_humanoidState":5,"_cameraCFrame":[763.626,251.562,39.734,-0.17,-0.921,0.352,0,0.357,0.934,-0.985,0.159,-0.061],"_shiftlockState":false,"_pose":"FreeFall","_animationQueue":[],"_animationSpeed":1,"_zoom":16.125},{"_mousePosition":[536,389],"_rootPartCFrame":[757.877,234.72,40.653,-0.188,-0.001,0.982,-0.002,1,0.001,-0.982,-0.002,-0.188],"_humanoidState":5,"_cameraCFrame":[763.535,251.284,39.612,-0.18,-0.919,0.351,0,0.357,0.934,-0.984,0.168,-0.064],"_shiftlockState":false,"_pose":"FreeFall","_animationQueue":[],"_animationSpeed":1,"_zoom":16.125},{"_mousePosition":[536,389],"_rootPartCFrame":[757.786,234.416,40.586,-0.247,0.001,0.969,-0.008,1,-0.003,-0.969,-0.008,-0.247],"_humanoidState":7,"_cameraCFrame":[763.446,250.968,39.373,-0.208,-0.913,0.351,0,0.359,0.933,-0.978,0.194,-0.074],"_shiftlockState":false,"_pose":"FreeFall","_animationQueue":[["walk",0.1],["fall",0.3],["fall",0.3]],"_animationSpeed":1,"_zoom":16.125},{"_mousePosition":[536,389],"_rootPartCFrame":[757.634,234.024,40.548,-0.352,-0.001,0.936,-0.013,1,-0.004,-0.936,-0.014,-0.352],"_humanoidState":7,"_cameraCFrame":[763.275,250.576,39.255,-0.22,-0.911,0.35,0,0.359,0.933,-0.976,0.205,-0.079],"_shiftlockState":false,"_pose":"FreeFall","_animationQueue":[["fall",0.3]],"_animationSpeed":1,"_zoom":16.125},{"_mousePosition":[536,389],"_rootPartCFrame":[757.507,233.782,40.552,-0.387,0,0.922,-0.01,1,-0.004,-0.922,-0.011,-0.387],"_humanoidState":8,"_cameraCFrame":[763.102,250.323,38.958,-0.272,-0.898,0.347,0,0.36,0.933,-0.962,0.253,-0.098],"_shiftlockState":false,"_pose":"Running","_animationQueue":[["walk",0.1],["fall",0.3],["walk",0.1]],"_animationSpeed":0.658,"_zoom":16.125},{"_mousePosition":[536,389],"_rootPartCFrame":[757.482,234.665,40.476,-0.53,0.017,0.848,0,1,-0.02,-0.848,-0.011,-0.53],"_humanoidState":3,"_cameraCFrame":[763.088,251.182,38.638,-0.31,-0.885,0.346,0,0.364,0.931,-0.951,0.289,-0.113],"_shiftlockState":false,"_pose":"Jumping","_animationQueue":[["walk",0.1],["jump",0.1]],"_animationSpeed":1,"_zoom":16.125},{"_mousePosition":[536,389],"_rootPartCFrame":[757.448,235.54,40.396,-0.644,0.008,0.765,0.008,1,-0.004,-0.765,0.004,-0.644],"_humanoidState":3,"_cameraCFrame":[763.003,252.035,38.294,-0.356,-0.869,0.344,0,0.368,0.93,-0.935,0.331,-0.131],"_shiftlockState":false,"_pose":"Jumping","_animationQueue":[],"_animationSpeed":1,"_zoom":16.125},{"_mousePosition":[536,389],"_rootPartCFrame":[757.439,236.203,40.325,-0.711,-0.014,0.703,0.009,1,0.03,-0.703,0.028,-0.711],"_humanoidState":3,"_cameraCFrame":[762.893,252.674,37.943,-0.405,-0.849,0.34,0,0.371,0.928,-0.914,0.376,-0.15],"_shiftlockState":false,"_pose":"Jumping","_animationQueue":[],"_animationSpeed":1,"_zoom":16.125},{"_mousePosition":[536,389],"_rootPartCFrame":[757.416,237.052,40.236,-0.71,-0.014,0.704,0.005,1,0.025,-0.704,0.022,-0.71],"_humanoidState":5,"_cameraCFrame":[762.805,253.489,37.504,-0.455,-0.825,0.336,0,0.377,0.926,-0.891,0.421,-0.171],"_shiftlockState":false,"_pose":"FreeFall","_animationQueue":[["jump",0.1]],"_animationSpeed":1,"_zoom":16.125},{"_mousePosition":[536,389],"_rootPartCFrame":[757.365,237.848,40.17,-0.677,-0.005,0.736,0.002,1,0.008,-0.736,0.007,-0.677],"_humanoidState":5,"_cameraCFrame":[762.664,254.26,37.103,-0.502,-0.8,0.329,0,0.38,0.925,-0.865,0.464,-0.191],"_shiftlockState":false,"_pose":"FreeFall","_animationQueue":[],"_animationSpeed":1,"_zoom":16.125},{"_mousePosition":[536,389],"_rootPartCFrame":[757.259,238.765,40.129,-0.64,0,0.768,0,1,0,-0.768,0,-0.64],"_humanoidState":5,"_cameraCFrame":[762.443,255.153,36.743,-0.547,-0.773,0.321,0,0.384,0.923,-0.837,0.505,-0.21],"_shiftlockState":false,"_pose":"FreeFall","_animationQueue":[],"_animationSpeed":1,"_zoom":16.125},{"_mousePosition":[536,389],"_rootPartCFrame":[757.175,239.274,40.127,-0.624,0,0.781,0,1,0,-0.781,0,-0.624],"_humanoidState":5,"_cameraCFrame":[762.223,255.651,36.491,-0.584,-0.749,0.313,0,0.386,0.923,-0.811,0.539,-0.225],"_shiftlockState":false,"_pose":"FreeFall","_animationQueue":[],"_animationSpeed":1,"_zoom":16.125},{"_mousePosition":[536,389],"_rootPartCFrame":[757.003,240.055,40.164,-0.608,0,0.794,0,1,0,-0.794,0,-0.608],"_humanoidState":5,"_cameraCFrame":[761.923,256.419,36.309,-0.617,-0.726,0.305,0,0.388,0.922,-0.787,0.569,-0.239],"_shiftlockState":false,"_pose":"FreeFall","_animationQueue":[],"_animationSpeed":1,"_zoom":16.125},{"_mousePosition":[536,389],"_rootPartCFrame":[756.842,240.618,40.231,-0.603,0,0.798,0,1,0,-0.798,0,-0.603],"_humanoidState":5,"_cameraCFrame":[761.572,256.958,36.058,-0.662,-0.69,0.293,0,0.391,0.92,-0.75,0.609,-0.259],"_shiftlockState":false,"_pose":"FreeFall","_animationQueue":[],"_animationSpeed":1,"_zoom":16.125},{"_mousePosition":[536,389],"_rootPartCFrame":[756.661,241.127,40.333,-0.603,0,0.798,0,1,0,-0.798,0,-0.603],"_humanoidState":5,"_cameraCFrame":[761.317,257.467,36.076,-0.675,-0.679,0.289,0,0.391,0.92,-0.738,0.621,-0.264],"_shiftlockState":false,"_pose":"FreeFall","_animationQueue":[],"_animationSpeed":1,"_zoom":16.125},{"_mousePosition":[536,389],"_rootPartCFrame":[756.518,241.473,40.433,-0.607,0,0.795,0,1,0,-0.795,0,-0.607],"_humanoidState":5,"_cameraCFrame":[761.007,257.801,35.961,-0.706,-0.651,0.278,0,0.393,0.92,-0.708,0.649,-0.277],"_shiftlockState":false,"_pose":"FreeFall","_animationQueue":[],"_animationSpeed":1,"_zoom":16.125},{"_mousePosition":[536,389],"_rootPartCFrame":[756.274,241.981,40.646,-0.618,0,0.786,0,1,0,-0.786,0,-0.618],"_humanoidState":5,"_cameraCFrame":[760.659,258.309,36.072,-0.722,-0.636,0.272,0,0.393,0.92,-0.692,0.664,-0.284],"_shiftlockState":false,"_pose":"FreeFall","_animationQueue":[],"_animationSpeed":1,"_zoom":16.125},{"_mousePosition":[536,389],"_rootPartCFrame":[756.084,242.327,40.833,-0.629,0,0.777,0,1,0,-0.777,0,-0.629],"_humanoidState":5,"_cameraCFrame":[760.388,258.655,36.182,-0.734,-0.625,0.267,0,0.393,0.92,-0.679,0.675,-0.288],"_shiftlockState":false,"_pose":"FreeFall","_animationQueue":[],"_animationSpeed":1,"_zoom":16.125},{"_mousePosition":[536,389],"_rootPartCFrame":[755.898,242.618,41.024,-0.642,0,0.767,0,1,0,-0.767,0,-0.642],"_humanoidState":5,"_cameraCFrame":[760.107,258.945,36.287,-0.748,-0.611,0.261,0,0.393,0.92,-0.664,0.687,-0.294],"_shiftlockState":false,"_pose":"FreeFall","_animationQueue":[],"_animationSpeed":1,"_zoom":16.125},{"_mousePosition":[536,389],"_rootPartCFrame":[755.762,242.8,41.171,-0.651,0,0.759,0,1,0,-0.759,0,-0.651],"_humanoidState":5,"_cameraCFrame":[759.862,259.128,36.339,-0.762,-0.595,0.254,0,0.393,0.92,-0.647,0.701,-0.3],"_shiftlockState":false,"_pose":"FreeFall","_animationQueue":[],"_animationSpeed":1,"_zoom":16.125},{"_mousePosition":[536,389],"_rootPartCFrame":[755.54,243.036,41.419,-0.668,0,0.744,0,1,0,-0.744,0,-0.668],"_humanoidState":5,"_cameraCFrame":[759.504,259.364,36.475,-0.78,-0.575,0.246,0,0.393,0.92,-0.626,0.717,-0.307],"_shiftlockState":false,"_pose":"FreeFall","_animationQueue":[],"_animationSpeed":1,"_zoom":16.125},{"_mousePosition":[536,389],"_rootPartCFrame":[755.367,243.163,41.622,-0.681,0,0.732,0,1,0,-0.732,0,-0.681],"_humanoidState":5,"_cameraCFrame":[759.179,259.491,36.56,-0.799,-0.553,0.236,0,0.393,0.92,-0.602,0.735,-0.314],"_shiftlockState":false,"_pose":"FreeFall","_animationQueue":[],"_animationSpeed":1,"_zoom":16.125},{"_mousePosition":[536,389],"_rootPartCFrame":[755.241,243.223,41.777,-0.692,0,0.722,0,1,0,-0.722,0,-0.692],"_humanoidState":5,"_cameraCFrame":[758.897,259.551,36.602,-0.817,-0.531,0.227,0,0.393,0.92,-0.577,0.751,-0.321],"_shiftlockState":false,"_pose":"FreeFall","_animationQueue":[],"_animationSpeed":1,"_zoom":16.125},{"_mousePosition":[536,389],"_rootPartCFrame":[755.039,243.255,42.043,-0.71,0,0.704,0,1,0,-0.704,0,-0.71],"_humanoidState":5,"_cameraCFrame":[758.51,259.582,36.741,-0.837,-0.504,0.215,0,0.393,0.92,-0.548,0.769,-0.329],"_shiftlockState":false,"_pose":"FreeFall","_animationQueue":[["fall",0.3]],"_animationSpeed":1,"_zoom":16.125},{"_mousePosition":[536,389],"_rootPartCFrame":[754.885,243.218,42.26,-0.725,0,0.688,0,1,0,-0.688,0,-0.725],"_humanoidState":5,"_cameraCFrame":[758.196,259.509,36.756,-0.857,-0.473,0.205,0,0.398,0.917,-0.516,0.786,-0.341],"_shiftlockState":false,"_pose":"FreeFall","_animationQueue":[],"_animationSpeed":1,"_zoom":16.125},{"_mousePosition":[536,389],"_rootPartCFrame":[754.774,243.156,42.427,-0.737,0,0.676,0,1,0,-0.676,0,-0.737],"_humanoidState":5,"_cameraCFrame":[757.873,259.421,36.735,-0.878,-0.438,0.192,0,0.402,0.916,-0.478,0.804,-0.353],"_shiftlockState":false,"_pose":"FreeFall","_animationQueue":[],"_animationSpeed":1,"_zoom":16.125},{"_mousePosition":[536,389],"_rootPartCFrame":[754.635,243.3,42.654,-0.754,0,0.656,0,1,0,-0.656,0,-0.754],"_humanoidState":7,"_cameraCFrame":[757.314,259.527,36.658,-0.913,-0.373,0.166,0,0.407,0.913,-0.408,0.834,-0.372],"_shiftlockState":false,"_pose":"FreeFall","_animationQueue":[["walk",0.1],["fall",0.3],["fall",0.3]],"_animationSpeed":1,"_zoom":16.125},{"_mousePosition":[536,389],"_rootPartCFrame":[754.474,243.498,42.946,-0.777,0,0.629,0,1,0,-0.629,0,-0.777],"_humanoidState":7,"_cameraCFrame":[756.846,259.686,36.73,-0.934,-0.325,0.147,0,0.413,0.911,-0.357,0.851,-0.385],"_shiftlockState":false,"_pose":"FreeFall","_animationQueue":[],"_animationSpeed":1,"_zoom":16.125},{"_mousePosition":[536,389],"_rootPartCFrame":[754.363,243.588,43.188,-0.798,0,0.603,0,1,0,-0.603,0,-0.798],"_humanoidState":8,"_cameraCFrame":[756.402,259.751,36.796,-0.953,-0.276,0.126,0,0.416,0.909,-0.304,0.866,-0.396],"_shiftlockState":false,"_pose":"Running","_animationQueue":[["walk",0.1],["fall",0.3],["walk",0.1]],"_animationSpeed":1.103,"_zoom":16.125},{"_mousePosition":[536,389],"_rootPartCFrame":[754.226,244.672,43.492,-0.823,0,0.568,0,1,0,-0.568,0,-0.823],"_humanoidState":3,"_cameraCFrame":[755.905,260.808,36.936,-0.969,-0.225,0.104,0,0.42,0.908,-0.248,0.879,-0.407],"_shiftlockState":false,"_pose":"Jumping","_animationQueue":[["walk",0.1],["walk",0.1],["jump",0.1]],"_animationSpeed":1,"_zoom":16.125},{"_mousePosition":[536,389],"_rootPartCFrame":[754.137,245.48,43.743,-0.844,0,0.537,0,1,0,-0.537,0,-0.844],"_humanoidState":5,"_cameraCFrame":[755.459,261.59,37.048,-0.981,-0.176,0.082,0,0.423,0.906,-0.194,0.889,-0.415],"_shiftlockState":false,"_pose":"FreeFall","_animationQueue":[["jump",0.1]],"_animationSpeed":1,"_zoom":16.125},{"_mousePosition":[536,389],"_rootPartCFrame":[754.085,246.051,43.936,-0.86,0,0.511,0,1,0,-0.511,0,-0.86],"_humanoidState":5,"_cameraCFrame":[755.088,262.147,37.157,-0.989,-0.132,0.062,0,0.425,0.905,-0.146,0.895,-0.42],"_shiftlockState":false,"_pose":"FreeFall","_animationQueue":[],"_animationSpeed":1,"_zoom":16.125},{"_mousePosition":[536,389],"_rootPartCFrame":[754.018,246.934,44.263,-0.887,0,0.462,0,1,0,-0.462,0,-0.887],"_humanoidState":5,"_cameraCFrame":[754.734,263.003,37.39,-0.995,-0.094,0.044,0,0.429,0.904,-0.104,0.899,-0.426],"_shiftlockState":false,"_pose":"FreeFall","_animationQueue":[],"_animationSpeed":1,"_zoom":16.125},{"_mousePosition":[536,389],"_rootPartCFrame":[753.987,247.422,44.46,-0.902,0,0.432,0,1,0,-0.432,0,-0.902],"_humanoidState":5,"_cameraCFrame":[754.496,263.478,37.541,-0.997,-0.066,0.032,0,0.43,0.903,-0.073,0.9,-0.429],"_shiftlockState":false,"_pose":"FreeFall","_animationQueue":[],"_animationSpeed":1,"_zoom":16.125},{"_mousePosition":[536,389],"_rootPartCFrame":[753.957,248.026,44.725,-0.92,0,0.391,0,1,0,-0.391,0,-0.92],"_humanoidState":5,"_cameraCFrame":[754.351,264.028,37.685,-0.998,-0.05,0.024,0,0.437,0.899,-0.056,0.898,-0.437],"_shiftlockState":false,"_pose":"FreeFall","_animationQueue":[],"_animationSpeed":1,"_zoom":16.125},{"_mousePosition":[536,389],"_rootPartCFrame":[753.937,248.576,44.991,-0.937,0,0.35,0,1,0,-0.35,0,-0.937],"_humanoidState":5,"_cameraCFrame":[754.301,264.508,37.808,-0.999,-0.045,0.023,0,0.446,0.895,-0.051,0.894,-0.445],"_shiftlockState":false,"_pose":"FreeFall","_animationQueue":[],"_animationSpeed":1,"_zoom":16.125},{"_mousePosition":[536,389],"_rootPartCFrame":[753.921,249.071,45.257,-0.95,0,0.311,0,1,0,-0.311,0,-0.95],"_humanoidState":5,"_cameraCFrame":[754.289,264.975,38.018,-0.999,-0.045,0.023,0,0.45,0.893,-0.051,0.892,-0.449],"_shiftlockState":false,"_pose":"FreeFall","_animationQueue":[],"_animationSpeed":1,"_zoom":16.125},{"_mousePosition":[536,389],"_rootPartCFrame":[753.904,249.613,45.59,-0.964,0,0.267,0,1,0,-0.267,0,-0.964],"_humanoidState":5,"_cameraCFrame":[754.271,265.517,38.351,-0.999,-0.045,0.023,0,0.45,0.893,-0.051,0.892,-0.449],"_shiftlockState":false,"_pose":"FreeFall","_animationQueue":[],"_animationSpeed":1,"_zoom":16.125},{"_mousePosition":[536,389],"_rootPartCFrame":[753.89,249.986,45.857,-0.972,0,0.237,0,1,0,-0.237,0,-0.972],"_humanoidState":5,"_cameraCFrame":[754.258,265.889,38.617,-0.999,-0.045,0.023,0,0.45,0.893,-0.051,0.892,-0.449],"_shiftlockState":false,"_pose":"FreeFall","_animationQueue":[],"_animationSpeed":1,"_zoom":16.125},{"_mousePosition":[536,389],"_rootPartCFrame":[753.877,250.303,46.123,-0.978,0,0.211,0,1,0,-0.211,0,-0.978],"_humanoidState":5,"_cameraCFrame":[754.245,266.207,38.884,-0.999,-0.045,0.023,0,0.45,0.893,-0.051,0.892,-0.449],"_shiftlockState":false,"_pose":"FreeFall","_animationQueue":[],"_animationSpeed":1,"_zoom":16.125},{"_mousePosition":[536,389],"_rootPartCFrame":[753.864,250.567,46.389,-0.982,0,0.188,0,1,0,-0.188,0,-0.982],"_humanoidState":5,"_cameraCFrame":[754.231,266.471,39.15,-0.999,-0.045,0.023,0,0.45,0.893,-0.051,0.892,-0.449],"_shiftlockState":false,"_pose":"FreeFall","_animationQueue":[],"_animationSpeed":1,"_zoom":16.125},{"_mousePosition":[536,389],"_rootPartCFrame":[753.85,250.776,46.656,-0.986,0,0.169,0,1,0,-0.169,0,-0.986],"_humanoidState":5,"_cameraCFrame":[754.218,266.68,39.416,-0.999,-0.045,0.023,0,0.45,0.893,-0.051,0.892,-0.449],"_shiftlockState":false,"_pose":"FreeFall","_animationQueue":[],"_animationSpeed":1,"_zoom":16.125},{"_mousePosition":[536,389],"_rootPartCFrame":[753.837,250.93,46.922,-0.988,0,0.152,0,1,0,-0.152,0,-0.988],"_humanoidState":5,"_cameraCFrame":[754.204,266.834,39.683,-0.999,-0.045,0.023,0,0.45,0.893,-0.051,0.892,-0.449],"_shiftlockState":false,"_pose":"FreeFall","_animationQueue":[],"_animationSpeed":1,"_zoom":16.125},{"_mousePosition":[536,389],"_rootPartCFrame":[753.767,251.015,47.079,-0.997,0.005,0.079,0.005,1,0.005,-0.079,0.005,-0.997],"_humanoidState":5,"_cameraCFrame":[754.142,266.919,39.847,-0.999,-0.045,0.023,0,0.45,0.893,-0.051,0.892,-0.449],"_shiftlockState":false,"_pose":"FreeFall","_animationQueue":[],"_animationSpeed":1,"_zoom":16.125},{"_mousePosition":[536,389],"_rootPartCFrame":[753.651,251.031,47.149,-0.999,0.004,0.045,0.004,1,0.004,-0.045,0.004,-0.999],"_humanoidState":5,"_cameraCFrame":[754.027,266.906,39.86,-0.999,-0.045,0.023,0,0.453,0.892,-0.051,0.89,-0.452],"_shiftlockState":false,"_pose":"FreeFall","_animationQueue":[],"_animationSpeed":1,"_zoom":16.125},{"_mousePosition":[536,389],"_rootPartCFrame":[753.553,250.992,47.255,-0.999,0.001,0.041,0.001,1,0.001,-0.041,0.001,-0.999],"_humanoidState":5,"_cameraCFrame":[753.925,266.868,39.962,-0.999,-0.045,0.023,0,0.453,0.892,-0.051,0.89,-0.452],"_shiftlockState":false,"_pose":"FreeFall","_animationQueue":[],"_animationSpeed":1,"_zoom":16.125},{"_mousePosition":[536,389],"_rootPartCFrame":[753.477,250.929,47.337,-1,0,0.03,0,1,0.001,-0.03,0.001,-1],"_humanoidState":5,"_cameraCFrame":[753.848,266.79,40.016,-0.999,-0.045,0.023,0,0.455,0.891,-0.051,0.889,-0.454],"_shiftlockState":false,"_pose":"FreeFall","_animationQueue":[],"_animationSpeed":1,"_zoom":16.125},{"_mousePosition":[536,389],"_rootPartCFrame":[753.278,250.762,47.404,-1,-0.001,0.018,-0.001,1,0.001,-0.018,0.001,-1],"_humanoidState":5,"_cameraCFrame":[753.463,266.623,40.075,-1,-0.023,0.012,0,0.455,0.891,-0.025,0.89,-0.455],"_shiftlockState":false,"_pose":"FreeFall","_animationQueue":[],"_animationSpeed":1,"_zoom":16.125},{"_mousePosition":[536,389],"_rootPartCFrame":[753.1