[{"_mousePosition":[588,354],"_rootPartCFrame":[776.023,222.7,47.142,0.004,0,1,0,1,0,-1,0,0.004],"_humanoidState":8,"_cameraCFrame":[782.732,238.858,46.763,-0.056,-0.908,0.416,0,0.417,0.909,-0.998,0.051,-0.024],"_shiftlockState":false,"_pose":"Standing","_animationQueue":[],"_animationSpeed":1,"_zoom":16.125},{"_mousePosition":[588,354],"_rootPartCFrame":[775.778,222.695,47.167,-0.011,0,1,0,1,0,-1,0,-0.011],"_humanoidState":8,"_cameraCFrame":[782.438,238.88,46.993,-0.026,-0.91,0.413,0,0.413,0.911,-1,0.024,-0.011],"_shiftlockState":false,"_pose":"Standing","_animationQueue":[],"_animationSpeed":1,"_zoom":16.125},{"_mousePosition":[588,354],"_rootPartCFrame":[775.512,222.697,47.183,-0.018,0,1,0,1,0,-1,0,-0.018],"_humanoidState":8,"_cameraCFrame":[782.117,238.907,47.211,0.004,-0.912,0.41,0,0.41,0.912,-1,-0.004,0.002],"_shiftlockState":false,"_pose":"Running","_animationQueue":[["walk",0.1]],"_animationSpeed":1.066,"_zoom":16.125},{"_mousePosition":[588,354],"_rootPartCFrame":[775.246,222.698,47.191,-0.019,0,1,0,1,0,-1,0,-0.019],"_humanoidState":8,"_cameraCFrame":[781.789,238.934,47.417,0.035,-0.913,0.406,0,0.406,0.914,-0.999,-0.032,0.014],"_shiftlockState":false,"_pose":"Running","_animationQueue":[],"_animationSpeed":1.066,"_zoom":16.125},{"_mousePosition":[588,354],"_rootPartCFrame":[774.979,222.699,47.19,-0.017,0,1,0,1,0,-1,0,-0.017],"_humanoidState":8,"_cameraCFrame":[781.427,238.973,47.61,0.065,-0.914,0.4,0,0.401,0.916,-0.998,-0.06,0.026],"_shiftlockState":false,"_pose":"Running","_animationQueue":[],"_animationSpeed":1.066,"_zoom":16.125},{"_mousePosition":[588,354],"_rootPartCFrame":[774.713,222.699,47.182,-0.01,0,1,0,1,0,-1,0,-0.01],"_humanoidState":8,"_cameraCFrame":[781.057,239.011,47.805,0.098,-0.914,0.393,0,0.395,0.919,-0.995,-0.09,0.039],"_shiftlockState":false,"_pose":"Running","_animationQueue":[],"_animationSpeed":1.066,"_zoom":16.125},{"_mousePosition":[588,354],"_rootPartCFrame":[774.446,222.699,47.165,0,0,1,0,1,0,-1,0,0],"_humanoidState":8,"_cameraCFrame":[780.909,239.048,46.25,0.13,-0.913,0.387,0,0.39,0.921,-0.991,-0.12,0.051],"_shiftlockState":true,"_pose":"Running","_animationQueue":[],"_animationSpeed":1.066,"_zoom":16.125},{"_mousePosition":[683,384],"_rootPartCFrame":[774.181,222.7,47.14,0.139,0,0.99,0,1,0,-0.99,0,0.139],"_humanoidState":8,"_cameraCFrame":[780.644,239.048,46.225,0.13,-0.913,0.387,0,0.39,0.921,-0.991,-0.12,0.051],"_shiftlockState":true,"_pose":"Running","_animationQueue":[],"_animationSpeed":1.066,"_zoom":16.125},{"_mousePosition":[683,384],"_rootPartCFrame":[773.917,222.7,47.107,0.133,0,0.991,0,1,0,-0.991,0,0.133],"_humanoidState":8,"_cameraCFrame":[780.347,239.072,46.379,0.16,-0.91,0.381,0,0.386,0.922,-0.987,-0.148,0.062],"_shiftlockState":true,"_pose":"Running","_animationQueue":[["walk",0.1]],"_animationSpeed":1.066,"_zoom":16.125},{"_mousePosition":[683,384],"_rootPartCFrame":[773.652,222.7,47.072,0.161,0,0.987,0,1,0,-0.987,0,0.161],"_humanoidState":8,"_cameraCFrame":[780.043,239.097,46.513,0.188,-0.907,0.376,0,0.383,0.924,-0.982,-0.174,0.072],"_shiftlockState":true,"_pose":"Running","_animationQueue":[],"_animationSpeed":1.066,"_zoom":16.125},{"_mousePosition":[683,384],"_rootPartCFrame":[773.389,222.7,47.03,0.188,0,0.982,0,1,0,-0.982,0,0.188],"_humanoidState":8,"_cameraCFrame":[779.712,239.132,46.711,0.227,-0.902,0.367,0,0.377,0.926,-0.974,-0.211,0.086],"_shiftlockState":true,"_pose":"Running","_animationQueue":[],"_animationSpeed":1.066,"_zoom":16.125},{"_mousePosition":[683,384],"_rootPartCFrame":[773.127,222.7,46.981,0.227,0,0.974,0,1,0,-0.974,0,0.227],"_humanoidState":8,"_cameraCFrame":[779.425,239.144,46.735,0.24,-0.9,0.365,0,0.376,0.927,-0.971,-0.222,0.09],"_shiftlockState":true,"_pose":"Running","_animationQueue":[],"_animationSpeed":1.066,"_zoom":16.125},{"_mousePosition":[683,384],"_rootPartCFrame":[772.867,222.7,46.922,0.24,0,0.971,0,1,0,-0.971,0,0.24],"_humanoidState":8,"_cameraCFrame":[779.086,239.179,46.891,0.276,-0.893,0.356,0,0.37,0.929,-0.961,-0.257,0.102],"_shiftlockState":true,"_pose":"Running","_animationQueue":[],"_animationSpeed":1.066,"_zoom":16.125},{"_mousePosition":[683,384],"_rootPartCFrame":[772.608,222.7,46.859,0.276,0,0.961,0,1,0,-0.961,0,0.276],"_humanoidState":8,"_cameraCFrame":[778.77,239.203,46.951,0.298,-0.888,0.35,0,0.367,0.93,-0.954,-0.278,0.109],"_shiftlockState":true,"_pose":"Running","_animationQueue":[],"_animationSpeed":1.066,"_zoom":16.125},{"_mousePosition":[683,384],"_rootPartCFrame":[772.351,222.7,46.787,0.298,0,0.954,0,1,0,-0.954,0,0.298],"_humanoidState":8,"_cameraCFrame":[778.484,239.214,46.948,0.31,-0.885,0.347,0,0.365,0.931,-0.951,-0.289,0.113],"_shiftlockState":true,"_pose":"Running","_animationQueue":[],"_animationSpeed":1.066,"_zoom":16.125},{"_mousePosition":[683,384],"_rootPartCFrame":[772.096,222.7,46.708,0.31,0,0.951,0,1,0,-0.951,0,0.31],"_humanoidState":8,"_cameraCFrame":[778.229,239.214,46.869,0.31,-0.885,0.347,0,0.365,0.931,-0.951,-0.289,0.113],"_shiftlockState":true,"_pose":"Running","_animationQueue":[["walk",0.1]],"_animationSpeed":1.066,"_zoom":16.125},{"_mousePosition":[683,384],"_rootPartCFrame":[771.842,222.7,46.626,0.31,0,0.951,0,1,0,-0.951,0,0.31],"_humanoidState":8,"_cameraCFrame":[777.976,239.214,46.787,0.31,-0.885,0.347,0,0.365,0.931,-0.951,-0.289,0.113],"_shiftlockState":true,"_pose":"Running","_animationQueue":[],"_animationSpeed":1.066,"_zoom":16.125},{"_mousePosition":[683,384],"_rootPartCFrame":[771.589,222.7,46.543,0.31,0,0.951,0,1,0,-0.951,0,0.31],"_humanoidState":8,"_cameraCFrame":[777.722,239.214,46.704,0.31,-0.885,0.347,0,0.365,0.931,-0.951,-0.289,0.113],"_shiftlockState":true,"_pose":"Running","_animationQueue":[],"_animationSpeed":1.066,"_zoom":16.125},{"_mousePosition":[683,384],"_rootPartCFrame":[771.336,222.7,46.46,0.31,0,0.951,0,1,0,-0.951,0,0.31],"_humanoidState":8,"_cameraCFrame":[777.469,239.214,46.622,0.31,-0.885,0.347,0,0.365,0.931,-0.951,-0.289,0.113],"_shiftlockState":true,"_pose":"Running","_animationQueue":[],"_animationSpeed":1.066,"_zoom":16.125},{"_mousePosition":[683,384],"_rootPartCFrame":[771.019,223.77,46.357,0.31,0,0.951,0,1,0,-0.951,0,0.31],"_humanoidState":3,"_cameraCFrame":[777.152,240.284,46.518,0.31,-0.885,0.347,0,0.365,0.931,-0.951,-0.289,0.113],"_shiftlockState":true,"_pose":"Jumping","_animationQueue":[["walk",0.1],["jump",0.1]],"_animationSpeed":1,"_zoom":16.125},{"_mousePosition":[683,384],"_rootPartCFrame":[770.765,224.564,46.274,0.31,0,0.951,0,1,0,-0.951,0,0.31],"_humanoidState":5,"_cameraCFrame":[776.899,241.079,46.435,0.31,-0.885,0.347,0,0.365,0.931,-0.951,-0.289,0.113],"_shiftlockState":true,"_pose":"FreeFall","_animationQueue":[["jump",0.1]],"_animationSpeed":1,"_zoom":16.125},{"_mousePosition":[683,384],"_rootPartCFrame":[770.512,225.305,46.191,0.31,0,0.951,0,1,0,-0.951,0,0.31],"_humanoidState":5,"_cameraCFrame":[776.645,241.819,46.353,0.31,-0.885,0.347,0,0.365,0.931,-0.951,-0.289,0.113],"_shiftlockState":true,"_pose":"FreeFall","_animationQueue":[],"_animationSpeed":1,"_zoom":16.125},{"_mousePosition":[683,384],"_rootPartCFrame":[770.259,225.991,46.108,0.31,0,0.951,0,1,0,-0.951,0,0.31],"_humanoidState":5,"_cameraCFrame":[776.392,242.505,46.27,0.31,-0.885,0.347,0,0.365,0.931,-0.951,-0.289,0.113],"_shiftlockState":true,"_pose":"FreeFall","_animationQueue":[],"_animationSpeed":1,"_zoom":16.125},{"_mousePosition":[683,384],"_rootPartCFrame":[770.005,226.622,46.026,0.31,0,0.951,0,1,0,-0.951,0,0.31],"_humanoidState":5,"_cameraCFrame":[776.138,243.136,46.187,0.31,-0.885,0.347,0,0.365,0.931,-0.951,-0.289,0.113],"_shiftlockState":true,"_pose":"FreeFall","_animationQueue":[],"_animationSpeed":1,"_zoom":16.125},{"_mousePosition":[683,384],"_rootPartCFrame":[769.878,226.917,45.984,0.31,0,0.951,0,1,0,-0.951,0,0.31],"_humanoidState":5,"_cameraCFrame":[776.012,243.431,46.146,0.31,-0.885,0.347,0,0.365,0.931,-0.951,-0.289,0.113],"_shiftlockState":true,"_pose":"FreeFall","_animationQueue":[],"_animationSpeed":1,"_zoom":16.125},{"_mousePosition":[683,384],"_rootPartCFrame":[769.562,227.595,45.881,0.31,0,0.951,0,1,0,-0.951,0,0.31],"_humanoidState":5,"_cameraCFrame":[775.695,244.11,46.042,0.31,-0.885,0.347,0,0.365,0.931,-0.951,-0.289,0.113],"_shiftlockState":true,"_pose":"FreeFall","_animationQueue":[],"_animationSpeed":1,"_zoom":16.125},{"_mousePosition":[683,384],"_rootPartCFrame":[769.308,228.077,45.798,0.31,0,0.951,0,1,0,-0.951,0,0.31],"_humanoidState":5,"_cameraCFrame":[775.442,244.591,45.96,0.31,-0.885,0.347,0,0.365,0.931,-0.951,-0.289,0.113],"_shiftlockState":true,"_pose":"FreeFall","_animationQueue":[],"_animationSpeed":1,"_zoom":16.125},{"_mousePosition":[683,384],"_rootPartCFrame":[769.055,228.504,45.715,0.31,0,0.951,0,1,0,-0.951,0,0.31],"_humanoidState":5,"_cameraCFrame":[775.188,245.018,45.877,0.31,-0.885,0.347,0,0.365,0.931,-0.951,-0.289,0.113],"_shiftlockState":true,"_pose":"FreeFall","_animationQueue":[],"_animationSpeed":1,"_zoom":16.125},{"_mousePosition":[683,384],"_rootPartCFrame":[768.801,228.876,45.633,0.31,0,0.951,0,1,0,-0.951,0,0.31],"_humanoidState":5,"_cameraCFrame":[774.392,245.391,47.458,0.31,-0.885,0.347,0,0.365,0.931,-0.951,-0.289,0.113],"_shiftlockState":false,"_pose":"FreeFall","_animationQueue":[],"_animationSpeed":1,"_zoom":16.125},{"_mousePosition":[683,384],"_rootPartCFrame":[768.548,229.194,45.55,0.31,0,0.951,0,1,0,-0.951,0,0.31],"_humanoidState":5,"_cameraCFrame":[774.138,245.708,47.375,0.31,-0.885,0.347,0,0.365,0.931,-0.951,-0.289,0.113],"_shiftlockState":false,"_pose":"FreeFall","_animationQueue":[],"_animationSpeed":1,"_zoom":16.125},{"_mousePosition":[683,384],"_rootPartCFrame":[768.295,229.457,45.467,0.31,0,0.951,0,1,0,-0.951,0,0.31],"_humanoidState":5,"_cameraCFrame":[773.885,245.972,47.292,0.31,-0.885,0.347,0,0.365,0.931,-0.951,-0.289,0.113],"_shiftlockState":false,"_pose":"FreeFall","_animationQueue":[],"_animationSpeed":1,"_zoom":16.125},{"_mousePosition":[683,384],"_rootPartCFrame":[768.041,229.666,45.384,0.31,0,0.951,0,1,0,-0.951,0,0.31],"_humanoidState":5,"_cameraCFrame":[773.631,246.181,47.209,0.31,-0.885,0.347,0,0.365,0.931,-0.951,-0.289,0.113],"_shiftlockState":false,"_pose":"FreeFall","_animationQueue":[],"_animationSpeed":1,"_zoom":16.125},{"_mousePosition":[683,384],"_rootPartCFrame":[767.788,229.821,45.302,0.31,0,0.951,0,1,0,-0.951,0,0.31],"_humanoidState":5,"_cameraCFrame":[773.378,246.335,47.127,0.31,-0.885,0.347,0,0.365,0.931,-0.951,-0.289,0.113],"_shiftlockState":false,"_pose":"FreeFall","_animationQueue":[],"_animationSpeed":1,"_zoom":16.125},{"_mousePosition":[683,384],"_rootPartCFrame":[767.598,229.901,45.24,0.31,0,0.951,0,1,0,-0.951,0,0.31],"_humanoidState":5,"_cameraCFrame":[773.188,246.415,47.065,0.31,-0.885,0.347,0,0.365,0.931,-0.951,-0.289,0.113],"_shiftlockState":false,"_pose":"FreeFall","_animationQueue":[],"_animationSpeed":1,"_zoom":16.125},{"_mousePosition":[683,384],"_rootPartCFrame":[767.281,229.966,45.136,0.31,0,0.951,0,1,0,-0.951,0,0.31],"_humanoidState":5,"_cameraCFrame":[772.871,246.48,46.961,0.31,-0.885,0.347,0,0.365,0.931,-0.951,-0.289,0.113],"_shiftlockState":false,"_pose":"FreeFall","_animationQueue":[["fall",0.3]],"_animationSpeed":1,"_zoom":16.125},{"_mousePosition":[683,384],"_rootPartCFrame":[767.027,229.957,45.053,0.31,0,0.951,0,1,0,-0.951,0,0.31],"_humanoidState":5,"_cameraCFrame":[772.618,246.471,46.878,0.31,-0.885,0.347,0,0.365,0.931,-0.951,-0.289,0.113],"_shiftlockState":false,"_pose":"FreeFall","_animationQueue":[],"_animationSpeed":1,"_zoom":16.125},{"_mousePosition":[683,384],"_rootPartCFrame":[766.774,229.893,44.971,0.31,0,0.951,0,1,0,-0.951,0,0.31],"_humanoidState":5,"_cameraCFrame":[772.364,246.408,46.796,0.31,-0.885,0.347,0,0.365,0.931,-0.951,-0.289,0.113],"_shiftlockState":false,"_pose":"FreeFall","_animationQueue":[],"_animationSpeed":1,"_zoom":16.125},{"_mousePosition":[683,384],"_rootPartCFrame":[766.521,229.775,44.888,0.31,0,0.951,0,1,0,-0.951,0,0.31],"_humanoidState":5,"_cameraCFrame":[772.111,246.29,46.713,0.31,-0.885,0.347,0,0.365,0.931,-0.951,-0.289,0.113],"_shiftlockState":false,"_pose":"FreeFall","_animationQueue":[],"_animationSpeed":1,"_zoom":16.125},{"_mousePosition":[683,384],"_rootPartCFrame":[766.267,229.603,44.805,0.31,0,0.951,0,1,0,-0.951,0,0.31],"_humanoidState":5,"_cameraCFrame":[771.857,246.117,46.63,0.31,-0.885,0.347,0,0.365,0.931,-0.951,-0.289,0.113],"_shiftlockState":false,"_pose":"FreeFall","_animationQueue":[],"_animationSpeed":1,"_zoom":16.125},{"_mousePosition":[683,384],"_rootPartCFrame":[766.077,229.437,44.743,0.31,0,0.951,0,1,0,-0.951,0,0.31],"_humanoidState":5,"_cameraCFrame":[771.667,245.952,46.568,0.31,-0.885,0.347,0,0.365,0.931,-0.951,-0.289,0.113],"_shiftlockState":false,"_pose":"FreeFall","_animationQueue":[],"_animationSpeed":1,"_zoom":16.125},{"_mousePosition":[683,384],"_rootPartCFrame":[765.76,229.094,44.64,0.31,0,0.951,0,1,0,-0.951,0,0.31],"_humanoidState":5,"_cameraCFrame":[771.351,245.608,46.465,0.31,-0.885,0.347,0,0.365,0.931,-0.951,-0.289,0.113],"_shiftlockState":false,"_pose":"FreeFall","_animationQueue":[],"_animationSpeed":1,"_zoom":16.125},{"_mousePosition":[683,384],"_rootPartCFrame":[765.507,228.758,44.557,0.31,0,0.951,0,1,0,-0.951,0,0.31],"_humanoidState":5,"_cameraCFrame":[771.097,245.272,46.382,0.31,-0.885,0.347,0,0.365,0.931,-0.951,-0.289,0.113],"_shiftlockState":false,"_pose":"FreeFall","_animationQueue":[["fall",0.3]],"_animationSpeed":1,"_zoom":16.125},{"_mousePosition":[683,384],"_rootPartCFrame":[765.254,228.367,44.474,0.31,0,0.951,0,1,0,-0.951,0,0.31],"_humanoidState":5,"_cameraCFrame":[770.844,244.882,46.299,0.31,-0.885,0.347,0,0.365,0.931,-0.951,-0.289,0.113],"_shiftlockState":false,"_pose":"FreeFall","_animationQueue":[],"_animationSpeed":1,"_zoom":16.125},{"_mousePosition":[683,384],"_rootPartCFrame":[765,227.922,44.391,0.31,0,0.951,0,1,0,-0.951,0,0.31],"_humanoidState":5,"_cameraCFrame":[770.586,244.436,46.231,0.313,-0.884,0.346,0,0.365,0.931,-0.95,-0.291,0.114],"_shiftlockState":false,"_pose":"FreeFall","_animationQueue":[],"_animationSpeed":1,"_zoom":16.125},{"_mousePosition":[683,384],"_rootPartCFrame":[764.747,227.422,44.309,0.31,0,0.951,0,1,0,-0.951,0,0.31],"_humanoidState":5,"_cameraCFrame":[770.332,243.937,46.148,0.313,-0.884,0.346,0,0.365,0.931,-0.95,-0.291,0.114],"_shiftlockState":false,"_pose":"FreeFall","_animationQueue":[],"_animationSpeed":1,"_zoom":16.125},{"_mousePosition":[683,384],"_rootPartCFrame":[764.557,227.012,44.246,0.31,0,0.951,0,1,0,-0.951,0,0.31],"_humanoidState":5,"_cameraCFrame":[770.161,243.526,46.029,0.303,-0.887,0.348,0,0.365,0.931,-0.953,-0.282,0.111],"_shiftlockState":false,"_pose":"FreeFall","_animationQueue":[],"_animationSpeed":1,"_zoom":16.125},{"_mousePosition":[683,384],"_rootPartCFrame":[764.24,226.26,44.142,0.311,0,0.95,0,1,0,-0.95,0,0.311],"_humanoidState":5,"_cameraCFrame":[769.904,242.774,45.725,0.269,-0.897,0.351,0,0.365,0.931,-0.963,-0.251,0.098],"_shiftlockState":false,"_pose":"FreeFall","_animationQueue":[],"_animationSpeed":1,"_zoom":16.125},{"_mousePosition":[683,384],"_rootPartCFrame":[763.986,225.597,44.061,0.31,0,0.951,0,1,0,-0.951,0,0.31],"_humanoidState":5,"_cameraCFrame":[769.709,242.111,45.413,0.23,-0.906,0.355,0,0.365,0.931,-0.973,-0.214,0.084],"_shiftlockState":false,"_pose":"FreeFall","_animationQueue":[["fall",0.3]],"_animationSpeed":1,"_zoom":16.125},{"_mousePosition":[683,384],"_rootPartCFrame":[763.73,224.972,43.988,0.306,0,0.952,0,1,0,-0.952,0,0.306],"_humanoidState":7,"_cameraCFrame":[769.517,241.487,45.034,0.178,-0.916,0.359,0,0.365,0.931,-0.984,-0.166,0.065],"_shiftlockState":false,"_pose":"FreeFall","_animationQueue":[["walk",0.1],["fall",0.3],["fall",0.3]],"_animationSpeed":1,"_zoom":16.125},{"_mousePosition":[683,384],"_rootPartCFrame":[763.471,224.958,43.925,0.298,0,0.955,0,1,0,-0.955,0,0.298],"_humanoidState":7,"_cameraCFrame":[769.314,241.473,44.588,0.113,-0.925,0.362,0,0.365,0.931,-0.994,-0.105,0.041],"_shiftlockState":false,"_pose":"FreeFall","_animationQueue":[],"_animationSpeed":1,"_zoom":16.125},{"_mousePosition":[683,384],"_rootPartCFrame":[763.143,225.072,43.864,0.279,0,0.96,0,1,0,-0.96,0,0.279],"_humanoidState":8,"_cameraCFrame":[769.018,241.586,44.112,0.042,-0.93,0.364,0,0.365,0.931,-0.999,-0.039,0.015],"_shiftlockState":false,"_pose":"Running","_animationQueue":[["walk",0.1],["fall",0.3],["walk",0.1]],"_animationSpeed":1.103,"_zoom":16.125},{"_mousePosition":[683,384],"_rootPartCFrame":[762.881,225.945,43.816,0.264,0,0.965,0,1,0,-0.965,0,0.264],"_humanoidState":3,"_cameraCFrame":[768.76,242.459,43.707,-0.019,-0.931,0.365,0,0.365,0.931,-1,0.017,-0.007],"_shiftlockState":false,"_pose":"Jumping","_animationQueue":[["walk",0.1],["jump",0.1]],"_animationSpeed":1,"_zoom":16.125},{"_mousePosition":[683,384],"_rootPartCFrame":[762.616,226.767,43.792,0.239,0,0.971,0,1,0,-0.971,0,0.239],"_humanoidState":5,"_cameraCFrame":[768.509,243.27,43.354,-0.074,-0.928,0.365,0,0.367,0.93,-0.997,0.069,-0.027],"_shiftlockState":false,"_pose":"FreeFall","_animationQueue":[["jump",0.1]],"_animationSpeed":1,"_zoom":16.125},{"_mousePosition":[683,384],"_rootPartCFrame":[762.349,227.534,43.793,0.207,0,0.978,0,1,0,-0.978,0,0.207],"_humanoidState":5,"_cameraCFrame":[768.244,244.026,43.069,-0.122,-0.923,0.366,0,0.368,0.93,-0.993,0.113,-0.045],"_shiftlockState":false,"_pose":"FreeFall","_animationQueue":[],"_animationSpeed":1,"_zoom":16.125},{"_mousePosition":[683,384],"_rootPartCFrame":[762.083,228.247,43.811,0.171,0,0.985,0,1,0,-0.985,0,0.171],"_humanoidState":5,"_cameraCFrame":[767.973,244.727,42.844,-0.162,-0.917,0.365,0,0.37,0.929,-0.987,0.151,-0.06],"_shiftlockState":false,"_pose":"FreeFall","_animationQueue":[],"_animationSpeed":1,"_zoom":16.125},{"_mousePosition":[683,384],"_rootPartCFrame":[761.818,228.906,43.842,0.133,0,0.991,0,1,0,-0.991,0,0.133],"_humanoidState":5,"_cameraCFrame":[767.692,245.374,42.631,-0.202,-0.909,0.364,0,0.372,0.928,-0.979,0.187,-0.075],"_shiftlockState":false,"_pose":"FreeFall","_animationQueue":[],"_animationSpeed":1,"_zoom":16.125},{"_mousePosition":[683,384],"_rootPartCFrame":[761.555,229.51,43.883,0.094,0,0.996,0,1,0,-0.996,0,0.094],"_humanoidState":5,"_cameraCFrame":[767.396,245.966,42.399,-0.246,-0.899,0.362,0,0.374,0.928,-0.969,0.228,-0.092],"_shiftlockState":false,"_pose":"FreeFall","_animationQueue":[],"_animationSpeed":1,"_zoom":16.125},{"_mousePosition":[683,384],"_rootPartCFrame":[761.293,230.059,43.935,0.054,0,0.999,0,1,0,-0.999,0,0.054],"_humanoidState":5,"_cameraCFrame":[767.074,246.516,42.231,-0.283,-0.89,0.358,0,0.374,0.928,-0.959,0.262,-0.106],"_shiftlockState":false,"_pose":"FreeFall","_animationQueue":[],"_animationSpeed":1,"_zoom":16.125},{"_mousePosition":[683,384],"_rootPartCFrame":[761.035,230.554,43.999,0.014,0,1,0,1,0,-1,0,0.014],"_humanoidState":5,"_cameraCFrame":[766.732,247.011,42.033,-0.326,-0.877,0.353,0,0.374,0.928,-0.945,0.303,-0.122],"_shiftlockState":false,"_pose":"FreeFall","_animationQueue":[],"_animationSpeed":1,"_zoom":16.125},{"_mousePosition":[683,384],"_rootPartCFrame":[760.714,231.096,44.092,-0.036,0,0.999,0,1,0,-0.999,0,-0.036],"_humanoidState":5,"_cameraCFrame":[766.391,247.553,42.068,-0.336,-0.874,0.352,0,0.374,0.928,-0.942,0.311,-0.125],"_shiftlockState":false,"_pose":"FreeFall","_animationQueue":[],"_animationSpeed":1,"_zoom":16.125},{"_mousePosition":[683,384],"_rootPartCFrame":[760.462,231.469,44.177,-0.076,0,0.997,0,1,0,-0.997,0,-0.076],"_humanoidState":5,"_cameraCFrame":[766.128,247.925,42.125,-0.341,-0.872,0.351,0,0.374,0.928,-0.94,0.316,-0.127],"_shiftlockState":false,"_pose":"FreeFall","_animationQueue":[],"_animationSpeed":1,"_zoom":16.125},{"_mousePosition":[683,384],"_rootPartCFrame":[760.211,231.787,44.266,-0.112,0,0.994,0,1,0,-0.994,0,-0.112],"_humanoidState":5,"_cameraCFrame":[765.867,248.243,42.185,-0.345,-0.87,0.351,0,0.374,0.928,-0.938,0.32,-0.129],"_shiftlockState":false,"_pose":"FreeFall","_animationQueue":[],"_animationSpeed":1,"_zoom":16.125},{"_mousePosition":[683,384],"_rootPartCFrame":[759.976,232.05,44.374,-0.214,0,0.977,0,1,0,-0.977,0,-0.214],"_humanoidState":5,"_cameraCFrame":[765.616,248.507,42.25,-0.352,-0.868,0.35,0,0.374,0.928,-0.936,0.327,-0.132],"_shiftlockState":false,"_pose":"FreeFall","_animationQueue":[],"_animationSpeed":1,"_zoom":16.125},{"_mousePosition":[683,384],"_rootPartCFrame":[759.818,232.212,44.474,-0.303,0,0.953,0,1,0,-0.953,0,-0.303],"_humanoidState":5,"_cameraCFrame":[765.43,248.668,42.279,-0.364,-0.864,0.348,0,0.374,0.928,-0.931,0.338,-0.136],"_shiftlockState":false,"_pose":"FreeFall","_animationQueue":[],"_animationSpeed":1,"_zoom":16.125},{"_mousePosition":[683,384],"_rootPartCFrame":[759.63,232.38,44.634,-0.41,0,0.912,0,1,0,-0.912,0,-0.41],"_humanoidState":5,"_cameraCFrame":[765.203,248.836,42.339,-0.381,-0.858,0.346,0,0.374,0.928,-0.925,0.353,-0.142],"_shiftlockState":false,"_pose":"FreeFall","_animationQueue":[],"_animationSpeed":1,"_zoom":16.125},{"_mousePosition":[683,384],"_rootPartCFrame":[759.47,232.493,44.822,-0.501,0,0.865,0,1,0,-0.865,0,-0.501],"_humanoidState":5,"_cameraCFrame":[765.022,248.938,42.403,-0.399,-0.85,0.344,0,0.376,0.927,-0.917,0.37,-0.15],"_shiftlockState":false,"_pose":"FreeFall","_animationQueue":[],"_animationSpeed":1,"_zoom":16.125},{"_mousePosition":[683,384],"_rootPartCFrame":[759.337,232.552,45.038,-0.578,0,0.816,0,1,0,-0.816,0,-0.578],"_humanoidState":5,"_cameraCFrame":[764.871,248.997,42.578,-0.406,-0.847,0.343,0,0.376,0.927,-0.914,0.377,-0.153],"_shiftlockState":false,"_pose":"FreeFall","_animationQueue":[],"_animationSpeed":1,"_zoom":16.125},{"_mousePosition":[683,384],"_rootPartCFrame":[759.232,232.557,45.279,-0.642,0,0.767,0,1,0,-0.767,0,-0.642],"_humanoidState":5,"_cameraCFrame":[764.765,249.002,42.819,-0.406,-0.847,0.343,0,0.376,0.927,-0.914,0.377,-0.153],"_shiftlockState":false,"_pose":"FreeFall","_animationQueue":[["fall",0.3]],"_animationSpeed":1,"_zoom":16.125},{"_mousePosition":[683,384],"_rootPartCFrame":[759.136,232.507,45.528,-0.694,0,0.72,0,1,0,-0.72,0,-0.694],"_humanoidState":5,"_cameraCFrame":[764.669,248.952,43.068,-0.406,-0.847,0.343,0,0.376,0.927,-0.914,0.377,-0.153],"_shiftlockState":false,"_pose":"FreeFall","_animationQueue":[],"_animationSpeed":1,"_zoom":16.125},{"_mousePosition":[683,384],"_rootPartCFrame":[759.064,232.434,45.715,-0.727,0,0.686,0,1,0,-0.686,0,-0.727],"_humanoidState":5,"_cameraCFrame":[764.618,248.867,43.229,-0.409,-0.845,0.344,0,0.377,0.926,-0.913,0.378,-0.154],"_shiftlockState":false,"_pose":"FreeFall","_animationQueue":[],"_animationSpeed":1,"_zoom":16.125},{"_mousePosition":[683,384],"_rootPartCFrame":[758.895,232.249,45.974,-0.776,-0.008,0.63,-0.014,1,-0.006,-0.63,-0.013,-0.776],"_humanoidState":5,"_cameraCFrame":[764.464,248.67,43.456,-0.409,-0.845,0.346,0,0.379,0.925,-0.913,0.378,-0.155],"_shiftlockState":false,"_pose":"FreeFall","_animationQueue":[],"_animationSpeed":1,"_zoom":16.125},{"_mousePosition":[683,384],"_rootPartCFrame":[758.749,232.042,46.176,-0.805,-0.004,0.593,-0.008,1,-0.004,-0.593,-0.008,-0.805],"_humanoidState":5,"_cameraCFrame":[764.44,248.427,43.717,-0.395,-0.848,0.353,0,0.385,0.923,-0.919,0.364,-0.152],"_shiftlockState":false,"_pose":"FreeFall","_animationQueue":[],"_animationSpeed":1,"_zoom":16.125},{"_mousePosition":[683,384],"_rootPartCFrame":[758.606,231.782,46.391,-0.828,-0.002,0.561,-0.004,1,-0.001,-0.561,-0.003,-0.828],"_humanoidState":5,"_cameraCFrame":[763.946,248.118,42.59,-0.341,-0.865,0.368,0,0.392,0.92,-0.94,0.313,-0.133],"_shiftlockState":true,"_pose":"FreeFall","_animationQueue":[],"_animationSpeed":1,"_zoom":16.125},{"_mousePosition":[683,384],"_rootPartCFrame":[758.471,231.467,46.614,-0.423,0,0.906,-0.001,1,-0.001,-0.906,-0.001,-0.423],"_humanoidState":5,"_cameraCFrame":[763.815,247.803,42.816,-0.341,-0.865,0.368,0,0.392,0.92,-0.94,0.313,-0.133],"_shiftlockState":true,"_pose":"FreeFall","_animationQueue":[["fall",0.3]],"_animationSpeed":1,"_zoom":16.125},{"_mousePosition":[683,384],"_rootPartCFrame":[758.332,231.098,46.827,-0.371,0,0.929,0,1,0,-0.929,0,-0.371],"_humanoidState":5,"_cameraCFrame":[764.013,247.41,43.445,-0.266,-0.885,0.381,0,0.395,0.919,-0.964,0.244,-0.105],"_shiftlockState":true,"_pose":"FreeFall","_animationQueue":[],"_animationSpeed":1,"_zoom":16.125},{"_mousePosition":[683,384],"_rootPartCFrame":[758.091,230.56,46.894,-0.263,0,0.965,0,1,0,-0.965,0,-0.263],"_humanoidState":7,"_cameraCFrame":[764.098,246.847,44.003,-0.182,-0.902,0.392,0,0.399,0.917,-0.983,0.167,-0.073],"_shiftlockState":true,"_pose":"FreeFall","_animationQueue":[["walk",0.1],["fall",0.3],["fall",0.3]],"_animationSpeed":1,"_zoom":16.125},{"_mousePosition":[683,384],"_rootPartCFrame":[757.97,230.196,46.797,-0.18,0,0.984,0,1,0,-0.984,0,-0.18],"_humanoidState":7,"_cameraCFrame":[764.219,246.47,44.398,-0.102,-0.911,0.399,0,0.401,0.916,-0.995,0.093,-0.041],"_shiftlockState":true,"_pose":"FreeFall","_animationQueue":[],"_animationSpeed":1,"_zoom":16.125},{"_mousePosition":[683,384],"_rootPartCFrame":[757.893,230.108,46.487,-0.102,0,0.995,0,1,0,-0.995,0,-0.102],"_humanoidState":8,"_cameraCFrame":[764.302,246.382,44.552,-0.029,-0.916,0.401,0,0.401,0.916,-1,0.026,-0.011],"_shiftlockState":true,"_pose":"Running","_animationQueue":[["walk",0.1],["fall",0.3],["walk",0.1]],"_animationSpeed":0.895,"_zoom":16.125},{"_mousePosition":[683,384],"_rootPartCFrame":[757.844,230.971,46.226,-0.029,0,1,0,1,0,-1,0,-0.029],"_humanoidState":3,"_cameraCFrame":[764.379,247.233,44.652,0.027,-0.915,0.402,0,0.402,0.915,-1,-0.025,0.011],"_shiftlockState":true,"_pose":"Jumping","_animationQueue":[["walk",0.1],["jump",0.1]],"_animationSpeed":1,"_zoom":16.125},{"_mousePosition":[683,384],"_rootPartCFrame":[757.818,231.78,45.961,0.119,0,0.993,0,1,0,-0.993,0,0.119],"_humanoidState":5,"_cameraCFrame":[764.466,248.016,44.64,0.065,-0.912,0.405,0,0.406,0.914,-0.998,-0.059,0.026],"_shiftlockState":true,"_pose":"FreeFall","_animationQueue":[["jump",0.1]],"_animationSpeed":1,"_zoom":16.125},{"_mousePosition":[683,384],"_rootPartCFrame":[757.822,232.534,45.695,0.192,0,0.981,0,1,0,-0.981,0,0.192],"_humanoidState":5,"_cameraCFrame":[764.552,248.744,44.514,0.085,-0.909,0.408,0,0.41,0.912,-0.996,-0.078,0.035],"_shiftlockState":true,"_pose":"FreeFall","_animationQueue":[],"_animationSpeed":1,"_zoom":16.125},{"_mousePosition":[683,384],"_rootPartCFrame":[757.838,233.233,45.429,0.216,0,0.976,0,1,0,-0.976,0,0.216],"_humanoidState":5,"_cameraCFrame":[764.607,249.43,44.318,0.095,-0.907,0.41,0,0.411,0.911,-0.995,-0.087,0.039],"_shiftlockState":true,"_pose":"FreeFall","_animationQueue":[],"_animationSpeed":1,"_zoom":16.125},{"_mousePosition":[683,384],"_rootPartCFrame":[757.859,233.878,45.163,0.227,0,0.974,0,1,0,-0.974,0,0.227],"_humanoidState":5,"_cameraCFrame":[764.486,250.062,45.848,0.103,-0.906,0.411,0,0.413,0.911,-0.995,-0.094,0.042],"_shiftlockState":false,"_pose":"FreeFall","_animationQueue":[],"_animationSpeed":1,"_zoom":16.125},{"_mousePosition":[683,384],"_rootPartCFrame":[757.884,234.468,44.897,0.354,0,0.935,0,1,0,-0.935,0,0.354],"_humanoidState":5,"_cameraCFrame":[764.511,250.653,45.582,0.103,-0.906,0.411,0,0.413,0.911,-0.995,-0.094,0.042],"_shiftlockState":false,"_pose":"FreeFall","_animationQueue":[],"_animationSpeed":1,"_zoom":16.125},{"_mousePosition":[683,384],"_rootPartCFrame":[757.911,235.004,44.632,0.475,0,0.88,0,1,0,-0.88,0,0.475],"_humanoidState":5,"_cameraCFrame":[764.595,251.163,45.323,0.103,-0.904,0.414,0,0.417,0.909,-0.995,-0.093,0.043],"_shiftlockState":false,"_pose":"FreeFall","_animationQueue":[],"_animationSpeed":1,"_zoom":16.125},{"_mousePosition":[683,384],"_rootPartCFrame":[757.939,235.486,44.367,0.588,0,0.809,0,1,0,-0.809,0,0.588],"_humanoidState":5,"_cameraCFrame":[764.651,251.631,45.061,0.103,-0.903,0.416,0,0.418,0.908,-0.995,-0.093,0.043],"_shiftlockState":false,"_pose":"FreeFall","_animationQueue":[],"_animationSpeed":1,"_zoom":16.125},{"_mousePosition":[683,384],"_rootPartCFrame":[757.966,235.913,44.102,0.69,0,0.724,0,1,0,-0.724,0,0.69],"_humanoidState":5,"_cameraCFrame":[764.735,252.031,44.801,0.103,-0.902,0.42,0,0.422,0.907,-0.995,-0.093,0.043],"_shiftlockState":false,"_pose":"FreeFall","_animationQueue":[],"_animationSpeed":1,"_zoom":16.125},{"_mousePosition":[683,384],"_rootPartCFrame":[757.994,236.285,43.836,0.775,0,0.632,0,1,0,-0.632,0,0.775],"_humanoidState":5,"_cameraCFrame":[764.851,252.364,44.51,0.098,-0.9,0.425,0,0.427,0.904,-0.995,-0.088,0.042],"_shiftlockState":false,"_pose":"FreeFall","_animationQueue":[],"_animationSpeed":1,"_zoom":16.125},{"_mousePosition":[683,384],"_rootPartCFrame":[757.997,236.603,43.578,0.799,0,0.602,0,1,0,-0.602,0,0.799],"_humanoidState":5,"_cameraCFrame":[764.892,252.668,44.15,0.083,-0.9,0.428,0,0.429,0.903,-0.997,-0.075,0.035],"_shiftlockState":false,"_pose":"FreeFall","_animationQueue":[],"_animationSpeed":1,"_zoom":16.125},{"_mousePosition":[683,384],"_rootPartCFrame":[757.963,236.866,43.332,0.799,0,0.601,0,1,0,-0.601,0,0.799],"_humanoidState":5,"_cameraCFrame":[764.897,252.918,43.748,0.06,-0.901,0.43,0,0.431,0.902,-0.998,-0.054,0.026],"_shiftlockState":false,"_pose":"FreeFall","_animationQueue":[],"_animationSpeed":1,"_zoom":16.125},{"_mousePosition":[683,384],"_rootPartCFrame":[757.89,237.075,43.097,0.795,0,0.606,0,1,0,-0.606,0,0.795],"_humanoidState":5,"_cameraCFrame":[764.834,253.127,43.302,0.03,-0.902,0.431,0,0.431,0.902,-1,-0.027,0.013],"_shiftlockState":false,"_pose":"FreeFall","_animationQueue":[],"_animationSpeed":1,"_zoom":16.125},{"_mousePosition":[683,384],"_rootPartCFrame":[757.78,237.23,42.874,0.79,0,0.614,0,1,0,-0.614,0,0.79],"_humanoidState":5,"_cameraCFrame":[764.699,253.295,42.904,0.004,-0.903,0.429,0,0.429,0.903,-1,-0.004,0.002],"_shiftlockState":false,"_pose":"FreeFall","_animationQueue":[],"_animationSpeed":1,"_zoom":16.125},{"_mousePosition":[683,384],"_rootPartCFrame":[757.59,237.346,42.616,0.78,0,0.625,0,1,0,-0.625,0,0.78],"_humanoidState":5,"_cameraCFrame":[764.451,253.438,42.489,-0.019,-0.905,0.425,0,0.426,0.905,-1,0.017,-0.008],"_shiftlockState":false,"_pose":"FreeFall","_animationQueue":[["fall",0.3]],"_animationSpeed":1,"_zoom":16.125},{"_mousePosition":[683,384],"_rootPartCFrame":[757.406,237.378,42.425,0.772,0,0.636,0,1,0,-0.636,0,0.772],"_humanoidState":5,"_cameraCFrame":[764.236,253.483,42.212,-0.031,-0.905,0.424,0,0.424,0.906,-1,0.028,-0.013],"_shiftlockState":false,"_pose":"FreeFall","_animationQueue":[],"_animationSpeed":1,"_zoom":16.125},{"_mousePosition":[683,384],"_rootPartCFrame":[757.209,237.355,42.258,0.714,0,0.701,0,1,0,-0.701,0,0.714],"_humanoidState":5,"_cameraCFrame":[764.038,253.46,42.011,-0.036,-0.905,0.423,0,0.424,0.906,-0.999,0.033,-0.015],"_shiftlockState":false,"_pose":"FreeFall","_animationQueue":[],"_animationSpeed":1,"_zoom":16.125},{"_mousePosition":[683,384],"_rootPartCFrame":[757.052,237.302,42.157,0.654,0,0.757,0,1,0,-0.757,0,0.654],"_humanoidState":5,"_cameraCFrame":[763.881,253.408,41.91,-0.036,-0.905,0.423,0,0.424,0.906,-0.999,0.033,-0.015],"_shiftlockState":false,"_pose":"FreeFall","_animationQueue":[],"_animationSpeed":1,"_zoom":16.125},{"_mousePosition":[683,384],"_rootPartCFrame":[756.83,237.184,42.055,0.573,0,0.82,0,1,0,-0.82,0,0.573],"_humanoidState":5,"_cameraCFrame":[763.628,253.303,41.757,-0.044,-0.906,0.422,0,0.422,0.907,-0.999,0.04,-0.018],"_shiftlockState":false,"_pose":"FreeFall","_animationQueue":[],"_animationSpeed":1,"_zoom":16.125},{"_mousePosition":[683,384],"_rootPartCFrame":[756.593,237.011,41.99,0.496,0,0.868,0,1,0,-0.868,0,0.496],"_humanoidState":5,"_cameraCFrame":[763.36,253.143,41.642,-0.051,-0.906,0.42,0,0.42,0.907,-0.999,0.047,-0.022],"_shiftlockState":false,"_pose":"FreeFall","_animationQueue":[],"_animationSpeed":1,"_zoom":16.125},{"_mousePosition":[683,384],"_rootPartCFrame":[756.276,236.719,41.961,0.409,0,0.913,0,1,0,-0.913,0,0.409],"_humanoidState":5,"_cameraCFrame":[762.982,252.877,41.531,-0.064,-0.907,0.416,0,0.417,0.909,-0.998,0.058,-0.027],"_shiftlockState":false,"_pose":"FreeFall","_animationQueue":[["fall",0.3]],"_animationSpeed":1,"_zoom":16.125},{"_mousePosition":[683,384],"_rootPartCFrame":[756.078,236.503,41.968,0.362,0,0.932,0,1,0,-0.932,0,0.362],"_humanoidState":5,"_cameraCFrame":[762.718,252.687,41.423,-0.082,-0.908,0.412,0,0.413,0.911,-0.997,0.074,-0.034],"_shiftlockState":false,"_pose":"FreeFall","_animationQueue":[],"_animationSpeed":1,"_zoom":16.125},{"_mousePosition":[683,384],"_rootPartCFrame":[755.812,236.57,41.984,0.305,0,0.952,0,1,0,-0.952,0,0.305],"_humanoidState":7,"_cameraCFrame":[762.382,252.78,41.311,-0.102,-0.908,0.407,0,0.41,0.912,-0.995,0.093,-0.042],"_shiftlockState":false,"_pose":"FreeFall","_animationQueue":[["walk",0.1],["fall",0.3],["fall",0.3]],"_animationSpeed":1,"_zoom":16.125},{"_mousePosition":[683,384],"_rootPartCFrame":[755.546,236.722,42.005,0.253,0,0.967,0,1,0,-0.967,0,0.253],"_humanoidState":7,"_cameraCFrame":[762.042,252.957,41.19,-0.124,-0.907,0.403,0,0.406,0.914,-0.992,0.114,-0.051],"_shiftlockState":false,"_pose":"FreeFall","_animationQueue":[],"_animationSpeed":1,"_zoom":16.125},{"_mousePosition":[683,384],"_rootPartCFrame":[755.214,236.84,42.038,0.194,0,0.981,0,1,0,-0.981,0,0.194],"_humanoidState":8,"_cameraCFrame":[761.695,253.076,41.108,-0.142,-0.905,0.402,0,0.406,0.914,-0.99,0.13,-0.058],"_shiftlockState":false,"_pose":"Running","_animationQueue":[["walk",0.1],["fall",0.3],["walk",0.1]],"_animationSpeed":1.103,"_zoom":16.125},{"_mousePosition":[683,384],"_rootPartCFrame":[754.95,236.89,42.071,0.151,0,0.988,0,1,0,-0.988,0,0.151],"_humanoidState":8,"_cameraCFrame":[761.426,253.126,41.108,-0.147,-0.904,0.402,0,0.406,0.914,-0.989,0.134,-0.06],"_shiftlockState":false,"_pose":"Running","_animationQueue":[],"_animationSpeed":1.103,"_zoom":16.125},{"_mousePosition":[683,384],"_rootPartCFrame":[754.686,236.918,42.108,0.112,0,0.994,0,1,0,-0.994,0,0.112],"_humanoidState":8,"_cameraCFrame":[761.162,253.154,41.146,-0.147,-0.904,0.402,0,0.406,0.914,-0.989,0.134,-0.06],"_shiftlockState":false,"_pose":"Running","_animationQueue":[],"_animationSpeed":1.103,"_zoom":16.125},{"_mousePosition":[683,384],"_rootPartCFrame":[754.422,236.933,42.148,0.077,0,0.997,0,1,0,-0.997,0,0.077],"_humanoidState":8,"_cameraCFrame":[760.865,253.181,41.156,-0.152,-0.904,0.4,0,0.404,0.915,-0.988,0.139,-0.061],"_shiftlockState":false,"_pose":"Running","_animationQueue":[["walk",0.1]],"_animationSpeed":1.103,"_zoom":16.125},{"_mousePosition":[683,384],"_rootPartCFrame":[754.158,236.941,42.187,0.047,0,0.999,0,1,0,-0.999,0,0.047],"_humanoidState":8,"_cameraCFrame":[760.591,253.189,41.13,-0.162,-0.903,0.399,0,0.404,0.915,-0.987,0.148,-0.066],"_shiftlockState":false,"_pose":"Running","_animationQueue":[],"_animationSpeed":1.103,"_zoom":16.125},{"_mousePosition":[683,384],"_rootPartCFrame":[753.895,236.945,42.227,0.02,0,1,0,1,0,-1,0,0.02],"_humanoidState":8,"_cameraCFrame":[760.322,253.194,41.138,-0.167,-0.902,0.399,0,0.404,0.915,-0.986,0.153,-0.068],"_shiftlockState":false,"_pose":"Running","_animationQueue":[],"_animationSpeed":1.103,"_zoom":16.125},{"_mousePosition":[683,384],"_rootPartCFrame":[753.717,236.946,42.246,-0.092,-0.014,0.996,0.002,1,0.014,-0.996,0.004,-0.092],"_humanoidState":8,"_cameraCFrame":[760.097,253.195,41.017,-0.189,-0.898,0.397,0,0.404,0.915,-0.982,0.173,-0.077],"_shiftlockState":false,"_pose":"Running","_animationQueue":[],"_animationSpeed":1.103,"_zoom":16.125},{"_mousePosition":[683,384],"_rootPartCFrame":[753.626,237.829,42.243,-0.288,-0.041,0.957,0.001,0.999,0.043,-0.958,0.014,-0.287],"_humanoidState":3,"_cameraCFrame":[759.945,254.077,40.931,-0.204,-0.895,0.396,0,0.404,0.915,-0.979,0.187,-0.083],"_shiftlockState":false,"_pose":"Jumping","_animationQueue":[["walk",0.1],["jump",0.1]],"_animationSpeed":1,"_zoom":16.125},{"_mousePosition":[683,384],"_rootPartCFrame":[753.535,238.713,42.24,-0.471,-0.067,0.879,-0.007,0.997,0.072,-0.882,0.028,-0.471],"_humanoidState":3,"_cameraCFrame":[759.419,254.957,39.16,-0.217,-0.893,0.395,0,0.404,0.915,-0.976,0.198,-0.088],"_shiftlockState":true,"_pose":"Jumping","_animationQueue":[],"_animationSpeed":1,"_zoom":16.125},{"_mousePosition":[683,384],"_rootPartCFrame":[753.444,239.596,42.238,-0.404,-0.1,0.909,-0.015,0.995,0.103,-0.915,0.028,-0.404],"_humanoidState":3,"_cameraCFrame":[759.279,255.837,39.159,-0.217,-0.893,0.395,0,0.404,0.915,-0.976,0.198,-0.088],"_shiftlockState":true,"_pose":"Jumping","_animationQueue":[],"_animationSpeed":1,"_zoom":16.125},{"_mousePosition":[683,384],"_rootPartCFrame":[753.352,240.447,42.24,-0.275,-0.059,0.96,-0.008,0.998,0.059,-0.961,0.009,-0.275],"_humanoidState":5,"_cameraCFrame":[759.239,256.693,39.117,-0.219,-0.892,0.394,0,0.404,0.915,-0.976,0.2,-0.089],"_shiftlockState":true,"_pose":"FreeFall","_animationQueue":[["jump",0.1]],"_animationSpeed":1,"_zoom":16.125},{"_mousePosition":[683,384],"_rootPartCFrame":[753.221,241.243,42.254,-0.226,-0.016,0.974,-0.002,1,0.016,-0.974,0.001,-0.226],"_humanoidState":5,"_cameraCFrame":[759.15,257.492,39.074,-0.227,-0.891,0.394,0,0.404,0.915,-0.974,0.207,-0.092],"_shiftlockState":true,"_pose":"FreeFall","_animationQueue":[],"_animationSpeed":1,"_zoom":16.125},{"_mousePosition":[683,384],"_rootPartCFrame":[753.046,241.984,42.282,-0.227,-0.001,0.974,0,1,0.001,-0.974,0,-0.227],"_humanoidState":5,"_cameraCFrame":[758.957,258.233,39.026,-0.239,-0.888,0.393,0,0.404,0.915,-0.971,0.218,-0.097],"_shiftlockState":true,"_pose":"FreeFall","_animationQueue":[],"_animationSpeed":1,"_zoom":16.125},{"_mousePosition":[683,384],"_rootPartCFrame":[752.83,242.671,42.325,-0.238,0.002,0.971,0,1,-0.002,-0.971,0,-0.238],"_humanoidState":5,"_cameraCFrame":[758.669,258.92,38.935,-0.261,-0.883,0.39,0,0.404,0.915,-0.965,0.239,-0.105],"_shiftlockState":true,"_pose":"FreeFall","_animationQueue":[],"_animationSpeed":1,"_zoom":16.125},{"_mousePosition":[683,384],"_rootPartCFrame":[752.58,243.303,42.384,-0.258,0.001,0.966,0,1,-0.001,-0.966,0,-0.258],"_humanoidState":5,"_cameraCFrame":[758.339,259.552,38.862,-0.283,-0.877,0.388,0,0.404,0.915,-0.959,0.259,-0.114],"_shiftlockState":true,"_pose":"FreeFall","_animationQueue":[],"_animationSpeed":1,"_zoom":16.125},{"_mousePosition":[683,384],"_rootPartCFrame":[752.323,243.881,42.453,-0.28,0,0.96,0,1,0,-0.96,0,-0.28],"_humanoidState":5,"_cameraCFrame":[758.008,260.129,38.814,-0.302,-0.872,0.385,0,0.404,0.915,-0.953,0.276,-0.122],"_shiftlockState":true,"_pose":"FreeFall","_animationQueue":[],"_animationSpeed":1,"_zoom":16.125},{"_mousePosition":[683,384],"_rootPartCFrame":[752.066,244.404,42.527,-0.3,0,0.954,0,1,0,-0.954,0,-0.3],"_humanoidState":5,"_cameraCFrame":[757.686,260.653,38.789,-0.319,-0.867,0.383,0,0.404,0.915,-0.948,0.292,-0.129],"_shiftlockState":true,"_pose":"FreeFall","_animationQueue":[],"_animationSpeed":1,"_zoom":16.125},{"_mousePosition":[683,384],"_rootPartCFrame":[751.812,244.873,42.607,-0.317,0,0.949,0,1,0,-0.949,0,-0.317],"_humanoidState":5,"_cameraCFrame":[757.345,261.121,38.742,-0.341,-0.86,0.38,0,0.404,0.915,-0.94,0.311,-0.138],"_shiftlockState":true,"_pose":"FreeFall","_animationQueue":[],"_animationSpeed":1,"_zoom":16.125},{"_mousePosition":[683,384],"_rootPartCFrame":[751.559,245.287,42.692,-0.338,0,0.941,0,1,0,-0.941,0,-0.338],"_humanoidState":5,"_cameraCFrame":[756.99,261.497,38.545,-0.383,-0.843,0.378,0,0.41,0.912,-0.924,0.349,-0.157],"_shiftlockState":true,"_pose":"FreeFall","_animationQueue":[],"_animationSpeed":1,"_zoom":16.125},{"_mousePosition":[683,384],"_rootPartCFrame":[751.308,245.646,42.781,-0.378,0,0.926,0,1,0,-0.926,0,-0.378],"_humanoidState":5,"_cameraCFrame":[756.626,261.844,38.447,-0.413,-0.83,0.375,0,0.411,0.911,-0.911,0.377,-0.17],"_shiftlockState":true,"_pose":"FreeFall","_animationQueue":[],"_animationSpeed":1,"_zoom":16.125},{"_mousePosition":[683,384],"_rootPartCFrame":[751.061,245.952,42.882,-0.409,0,0.913,0,1,0,-0.913,0,-0.409],"_humanoidState":5,"_cameraCFrame":[756.256,262.149,38.401,-0.438,-0.819,0.37,0,0.411,0.911,-0.899,0.4,-0.18],"_shiftlockState":true,"_pose":"FreeFall","_animationQueue":[],"_animationSpeed":1,"_zoom":16.125},{"_mousePosition":[683,384],"_rootPartCFrame":[750.818,246.202,42.991,-0.435,0,0.901,0,1,0,-0.901,0,-0.435],"_humanoidState":5,"_cameraCFrame":[755.909,262.4,38.393,-0.459,-0.81,0.366,0,0.411,0.911,-0.889,0.418,-0.189],"_shiftlockState":true,"_pose":"FreeFall","_animationQueue":[],"_animation