[{"_mousePosition":[669,392],"_rootPartCFrame":[776.034,222.7,47.142,-0.002,0,1,0,1,0,-1,0,-0.002],"_humanoidState":8,"_cameraCFrame":[785.9,236.955,47.13,-0.001,-0.791,0.612,0,0.612,0.791,-1,0.001,-0.001],"_shiftlockState":false,"_pose":"Standing","_animationQueue":[],"_animationSpeed":1,"_zoom":16.125},{"_mousePosition":[669,392],"_rootPartCFrame":[775.788,222.7,47.143,-0.002,0,1,0,1,0,-1,0,-0.002],"_humanoidState":8,"_cameraCFrame":[785.653,236.955,47.13,-0.001,-0.791,0.612,0,0.612,0.791,-1,0.001,-0.001],"_shiftlockState":false,"_pose":"Standing","_animationQueue":[],"_animationSpeed":1,"_zoom":16.125},{"_mousePosition":[669,392],"_rootPartCFrame":[775.522,222.7,47.143,-0.002,0,1,0,1,0,-1,0,-0.002],"_humanoidState":8,"_cameraCFrame":[785.387,236.955,47.13,-0.001,-0.791,0.612,0,0.612,0.791,-1,0.001,-0.001],"_shiftlockState":false,"_pose":"Running","_animationQueue":[["walk",0.1]],"_animationSpeed":1.066,"_zoom":16.125},{"_mousePosition":[669,392],"_rootPartCFrame":[775.255,222.7,47.143,-0.001,0,1,0,1,0,-1,0,-0.001],"_humanoidState":8,"_cameraCFrame":[785.121,236.955,47.131,-0.001,-0.791,0.612,0,0.612,0.791,-1,0.001,-0.001],"_shiftlockState":false,"_pose":"Running","_animationQueue":[],"_animationSpeed":1.066,"_zoom":16.125},{"_mousePosition":[669,392],"_rootPartCFrame":[775.122,222.7,47.144,-0.001,0,1,0,1,0,-1,0,-0.001],"_humanoidState":8,"_cameraCFrame":[784.987,236.955,47.131,-0.001,-0.791,0.612,0,0.612,0.791,-1,0.001,-0.001],"_shiftlockState":false,"_pose":"Running","_animationQueue":[],"_animationSpeed":1.066,"_zoom":16.125},{"_mousePosition":[669,392],"_rootPartCFrame":[774.722,222.7,47.144,-0.001,0,1,0,1,0,-1,0,-0.001],"_humanoidState":8,"_cameraCFrame":[784.587,236.955,47.131,-0.001,-0.791,0.612,0,0.612,0.791,-1,0.001,-0.001],"_shiftlockState":false,"_pose":"Running","_animationQueue":[],"_animationSpeed":1.066,"_zoom":16.125},{"_mousePosition":[669,392],"_rootPartCFrame":[774.455,222.7,47.144,-0.001,0,1,0,1,0,-1,0,-0.001],"_humanoidState":8,"_cameraCFrame":[784.32,236.955,47.132,-0.001,-0.791,0.612,0,0.612,0.791,-1,0.001,-0.001],"_shiftlockState":false,"_pose":"Running","_animationQueue":[["walk",0.1]],"_animationSpeed":1.066,"_zoom":16.125},{"_mousePosition":[669,392],"_rootPartCFrame":[774.188,222.7,47.145,-0.001,0,1,0,1,0,-1,0,-0.001],"_humanoidState":8,"_cameraCFrame":[784.054,236.955,47.132,-0.001,-0.791,0.612,0,0.612,0.791,-1,0.001,-0.001],"_shiftlockState":false,"_pose":"Running","_animationQueue":[],"_animationSpeed":1.066,"_zoom":16.125},{"_mousePosition":[669,392],"_rootPartCFrame":[773.922,222.7,47.145,-0.001,0,1,0,1,0,-1,0,-0.001],"_humanoidState":8,"_cameraCFrame":[783.787,236.955,47.132,-0.001,-0.791,0.612,0,0.612,0.791,-1,0.001,-0.001],"_shiftlockState":false,"_pose":"Running","_animationQueue":[],"_animationSpeed":1.066,"_zoom":16.125},{"_mousePosition":[669,392],"_rootPartCFrame":[773.655,222.7,47.145,-0.001,0,1,0,1,0,-1,0,-0.001],"_humanoidState":8,"_cameraCFrame":[783.52,236.955,47.133,-0.001,-0.791,0.612,0,0.612,0.791,-1,0.001,-0.001],"_shiftlockState":false,"_pose":"Running","_animationQueue":[],"_animationSpeed":1.066,"_zoom":16.125},{"_mousePosition":[669,392],"_rootPartCFrame":[773.255,222.7,47.146,-0.001,0,1,0,1,0,-1,0,-0.001],"_humanoidState":8,"_cameraCFrame":[783.12,236.955,47.133,-0.001,-0.791,0.612,0,0.612,0.791,-1,0.001,-0.001],"_shiftlockState":false,"_pose":"Running","_animationQueue":[],"_animationSpeed":1.066,"_zoom":16.125},{"_mousePosition":[669,392],"_rootPartCFrame":[773.121,222.7,47.146,-0.001,0,1,0,1,0,-1,0,-0.001],"_humanoidState":8,"_cameraCFrame":[782.987,236.955,47.133,-0.001,-0.791,0.612,0,0.612,0.791,-1,0.001,-0.001],"_shiftlockState":false,"_pose":"Running","_animationQueue":[],"_animationSpeed":1.066,"_zoom":16.125},{"_mousePosition":[669,392],"_rootPartCFrame":[772.855,222.7,47.146,-0.001,0,1,0,1,0,-1,0,-0.001],"_humanoidState":8,"_cameraCFrame":[782.72,236.955,47.134,-0.001,-0.791,0.612,0,0.612,0.791,-1,0.001,-0.001],"_shiftlockState":false,"_pose":"Running","_animationQueue":[["walk",0.1]],"_animationSpeed":1.066,"_zoom":16.125},{"_mousePosition":[669,392],"_rootPartCFrame":[772.588,222.7,47.147,-0.001,0,1,0,1,0,-1,0,-0.001],"_humanoidState":8,"_cameraCFrame":[782.429,236.974,47.134,-0.001,-0.792,0.61,0,0.61,0.792,-1,0.001,-0.001],"_shiftlockState":false,"_pose":"Running","_animationQueue":[],"_animationSpeed":1.066,"_zoom":16.125},{"_mousePosition":[669,392],"_rootPartCFrame":[772.321,222.7,47.147,-0.001,0,1,0,1,0,-1,0,-0.001],"_humanoidState":8,"_cameraCFrame":[782.137,236.993,47.135,-0.001,-0.793,0.609,0,0.609,0.793,-1,0.001,-0.001],"_shiftlockState":false,"_pose":"Running","_animationQueue":[],"_animationSpeed":1.066,"_zoom":16.125},{"_mousePosition":[669,392],"_rootPartCFrame":[772.055,222.7,47.147,-0.001,0,1,0,1,0,-1,0,-0.001],"_humanoidState":8,"_cameraCFrame":[781.845,237.012,47.135,-0.001,-0.795,0.607,0,0.607,0.795,-1,0.001,-0.001],"_shiftlockState":false,"_pose":"Running","_animationQueue":[],"_animationSpeed":1.066,"_zoom":16.125},{"_mousePosition":[669,392],"_rootPartCFrame":[771.788,222.7,47.148,-0.001,0,1,0,1,0,-1,0,-0.001],"_humanoidState":8,"_cameraCFrame":[781.529,237.05,47.135,-0.001,-0.797,0.604,0,0.604,0.797,-1,0.001,-0.001],"_shiftlockState":false,"_pose":"Running","_animationQueue":[],"_animationSpeed":1.066,"_zoom":16.125},{"_mousePosition":[669,392],"_rootPartCFrame":[771.521,222.7,47.148,-0.001,0,1,0,1,0,-1,0,-0.001],"_humanoidState":8,"_cameraCFrame":[781.237,237.069,47.136,-0.001,-0.798,0.603,0,0.603,0.798,-1,0.001,-0.001],"_shiftlockState":false,"_pose":"Running","_animationQueue":[],"_animationSpeed":1.066,"_zoom":16.125},{"_mousePosition":[669,392],"_rootPartCFrame":[771.254,222.7,47.148,-0.001,0,1,0,1,0,-1,0,-0.001],"_humanoidState":8,"_cameraCFrame":[780.945,237.088,47.136,-0.001,-0.799,0.601,0,0.601,0.799,-1,0.001,-0.001],"_shiftlockState":false,"_pose":"Running","_animationQueue":[],"_animationSpeed":1.066,"_zoom":16.125},{"_mousePosition":[669,392],"_rootPartCFrame":[770.988,222.7,47.149,-0.001,0,1,0,1,0,-1,0,-0.001],"_humanoidState":8,"_cameraCFrame":[780.653,237.107,47.136,-0.001,-0.8,0.599,0,0.599,0.8,-1,0.001,-0.001],"_shiftlockState":false,"_pose":"Running","_animationQueue":[["walk",0.1]],"_animationSpeed":1.066,"_zoom":16.125},{"_mousePosition":[669,392],"_rootPartCFrame":[770.721,222.7,47.149,-0.001,0,1,0,1,0,-1,0,-0.001],"_humanoidState":8,"_cameraCFrame":[780.386,237.107,47.137,-0.001,-0.8,0.599,0,0.599,0.8,-1,0.001,-0.001],"_shiftlockState":false,"_pose":"Running","_animationQueue":[],"_animationSpeed":1.066,"_zoom":16.125},{"_mousePosition":[669,392],"_rootPartCFrame":[770.321,222.7,47.15,-0.001,0,1,0,1,0,-1,0,-0.001],"_humanoidState":8,"_cameraCFrame":[779.986,237.107,47.137,-0.001,-0.8,0.599,0,0.599,0.8,-1,0.001,-0.001],"_shiftlockState":false,"_pose":"Running","_animationQueue":[],"_animationSpeed":1.066,"_zoom":16.125},{"_mousePosition":[669,392],"_rootPartCFrame":[770.188,222.689,47.15,-0.001,0,1,0,1,0,-1,0,-0.001],"_humanoidState":8,"_cameraCFrame":[779.853,237.097,47.137,-0.001,-0.8,0.599,0,0.599,0.8,-1,0.001,-0.001],"_shiftlockState":false,"_pose":"Running","_animationQueue":[],"_animationSpeed":1.066,"_zoom":16.125},{"_mousePosition":[669,392],"_rootPartCFrame":[769.854,222.604,47.15,-0.001,0,1,0,1,0,-1,0,-0.001],"_humanoidState":8,"_cameraCFrame":[779.52,237.011,47.138,-0.001,-0.8,0.599,0,0.599,0.8,-1,0.001,-0.001],"_shiftlockState":false,"_pose":"Running","_animationQueue":[],"_animationSpeed":1.066,"_zoom":16.125},{"_mousePosition":[669,392],"_rootPartCFrame":[769.521,223.674,47.151,-0.001,0,1,0,1,0,-1,0,-0.001],"_humanoidState":3,"_cameraCFrame":[779.186,238.082,47.138,-0.001,-0.8,0.599,0,0.599,0.8,-1,0.001,-0.001],"_shiftlockState":false,"_pose":"Jumping","_animationQueue":[["walk",0.1],["jump",0.1]],"_animationSpeed":1,"_zoom":16.125},{"_mousePosition":[669,392],"_rootPartCFrame":[769.321,224.276,47.151,-0.001,0,1,0,1,0,-1,0,-0.001],"_humanoidState":5,"_cameraCFrame":[778.987,238.683,47.139,-0.001,-0.8,0.599,0,0.599,0.8,-1,0.001,-0.001],"_shiftlockState":false,"_pose":"FreeFall","_animationQueue":[["jump",0.1]],"_animationSpeed":1,"_zoom":16.125},{"_mousePosition":[669,392],"_rootPartCFrame":[769.055,225.029,47.151,-0.001,0,1,0,1,0,-1,0,-0.001],"_humanoidState":5,"_cameraCFrame":[778.72,239.437,47.139,-0.001,-0.8,0.599,0,0.599,0.8,-1,0.001,-0.001],"_shiftlockState":false,"_pose":"FreeFall","_animationQueue":[],"_animationSpeed":1,"_zoom":16.125},{"_mousePosition":[669,392],"_rootPartCFrame":[768.855,225.559,47.151,-0.001,0,1,0,1,0,-1,0,-0.001],"_humanoidState":5,"_cameraCFrame":[778.52,239.966,47.139,-0.001,-0.8,0.599,0,0.599,0.8,-1,0.001,-0.001],"_shiftlockState":false,"_pose":"FreeFall","_animationQueue":[],"_animationSpeed":1,"_zoom":16.125},{"_mousePosition":[669,392],"_rootPartCFrame":[768.588,226.218,47.152,-0.001,0,1,0,1,0,-1,0,-0.001],"_humanoidState":5,"_cameraCFrame":[778.253,240.625,47.139,-0.001,-0.8,0.599,0,0.599,0.8,-1,0.001,-0.001],"_shiftlockState":false,"_pose":"FreeFall","_animationQueue":[],"_animationSpeed":1,"_zoom":16.125},{"_mousePosition":[669,392],"_rootPartCFrame":[768.321,226.822,47.152,-0.001,0,1,0,1,0,-1,0,-0.001],"_humanoidState":5,"_cameraCFrame":[777.987,241.229,47.14,-0.001,-0.8,0.599,0,0.599,0.8,-1,0.001,-0.001],"_shiftlockState":false,"_pose":"FreeFall","_animationQueue":[],"_animationSpeed":1,"_zoom":16.125},{"_mousePosition":[669,392],"_rootPartCFrame":[768.055,227.371,47.152,-0.001,0,1,0,1,0,-1,0,-0.001],"_humanoidState":5,"_cameraCFrame":[777.72,241.778,47.14,-0.001,-0.8,0.599,0,0.599,0.8,-1,0.001,-0.001],"_shiftlockState":false,"_pose":"FreeFall","_animationQueue":[],"_animationSpeed":1,"_zoom":16.125},{"_mousePosition":[669,392],"_rootPartCFrame":[767.788,227.866,47.153,-0.001,0,1,0,1,0,-1,0,-0.001],"_humanoidState":5,"_cameraCFrame":[777.454,242.273,47.14,-0.001,-0.8,0.599,0,0.599,0.8,-1,0.001,-0.001],"_shiftlockState":false,"_pose":"FreeFall","_animationQueue":[],"_animationSpeed":1,"_zoom":16.125},{"_mousePosition":[669,392],"_rootPartCFrame":[767.522,228.307,47.153,-0.001,0,1,0,1,0,-1,0,-0.001],"_humanoidState":5,"_cameraCFrame":[777.187,242.714,47.141,-0.001,-0.8,0.599,0,0.599,0.8,-1,0.001,-0.001],"_shiftlockState":false,"_pose":"FreeFall","_animationQueue":[],"_animationSpeed":1,"_zoom":16.125},{"_mousePosition":[669,392],"_rootPartCFrame":[767.255,228.693,47.153,-0.001,0,1,0,1,0,-1,0,-0.001],"_humanoidState":5,"_cameraCFrame":[776.92,243.1,47.141,-0.001,-0.8,0.599,0,0.599,0.8,-1,0.001,-0.001],"_shiftlockState":false,"_pose":"FreeFall","_animationQueue":[],"_animationSpeed":1,"_zoom":16.125},{"_mousePosition":[669,392],"_rootPartCFrame":[767.055,228.946,47.154,-0.001,0,1,0,1,0,-1,0,-0.001],"_humanoidState":5,"_cameraCFrame":[776.72,243.354,47.141,-0.001,-0.8,0.599,0,0.599,0.8,-1,0.001,-0.001],"_shiftlockState":false,"_pose":"FreeFall","_animationQueue":[],"_animationSpeed":1,"_zoom":16.125},{"_mousePosition":[669,392],"_rootPartCFrame":[766.788,229.237,47.154,-0.001,0,1,0,1,0,-1,0,-0.001],"_humanoidState":5,"_cameraCFrame":[776.454,243.644,47.142,-0.001,-0.8,0.599,0,0.599,0.8,-1,0.001,-0.001],"_shiftlockState":false,"_pose":"FreeFall","_animationQueue":[],"_animationSpeed":1,"_zoom":16.125},{"_mousePosition":[669,392],"_rootPartCFrame":[766.522,229.473,47.154,-0.001,0,1,0,1,0,-1,0,-0.001],"_humanoidState":5,"_cameraCFrame":[776.112,243.937,47.142,-0.001,-0.804,0.595,0,0.595,0.804,-1,0.001,-0.001],"_shiftlockState":false,"_pose":"FreeFall","_animationQueue":[],"_animationSpeed":1,"_zoom":16.125},{"_mousePosition":[669,392],"_rootPartCFrame":[766.189,229.692,47.155,-0.001,0,1,0,1,0,-1,0,-0.001],"_humanoidState":5,"_cameraCFrame":[775.728,244.193,47.143,-0.001,-0.806,0.592,0,0.592,0.806,-1,0.001,-0.001],"_shiftlockState":false,"_pose":"FreeFall","_animationQueue":[],"_animationSpeed":1,"_zoom":16.125},{"_mousePosition":[669,392],"_rootPartCFrame":[765.922,229.805,47.155,-0.001,0,1,0,1,0,-1,0,-0.001],"_humanoidState":5,"_cameraCFrame":[775.41,244.343,47.143,-0.001,-0.809,0.588,0,0.588,0.809,-1,0.001,-0.001],"_shiftlockState":false,"_pose":"FreeFall","_animationQueue":[],"_animationSpeed":1,"_zoom":16.125},{"_mousePosition":[669,392],"_rootPartCFrame":[765.655,229.864,47.155,-0.001,0,1,0,1,0,-1,0,-0.001],"_humanoidState":5,"_cameraCFrame":[775.093,244.439,47.143,-0.001,-0.811,0.585,0,0.585,0.811,-1,0.001,-0.001],"_shiftlockState":false,"_pose":"FreeFall","_animationQueue":[],"_animationSpeed":1,"_zoom":16.125},{"_mousePosition":[669,392],"_rootPartCFrame":[765.389,229.869,47.156,-0.001,0,1,0,1,0,-1,0,-0.001],"_humanoidState":5,"_cameraCFrame":[774.775,244.48,47.12,-0.004,-0.813,0.582,0,0.582,0.813,-1,0.003,-0.002],"_shiftlockState":false,"_pose":"FreeFall","_animationQueue":[],"_animationSpeed":1,"_zoom":16.125},{"_mousePosition":[669,392],"_rootPartCFrame":[765.122,229.819,47.156,-0.001,0,1,0,1,0,-1,0,-0.001],"_humanoidState":5,"_cameraCFrame":[774.483,244.449,47.12,-0.004,-0.814,0.581,0,0.581,0.814,-1,0.003,-0.002],"_shiftlockState":false,"_pose":"FreeFall","_animationQueue":[],"_animationSpeed":1,"_zoom":16.125},{"_mousePosition":[669,392],"_rootPartCFrame":[764.922,229.746,47.157,-0.001,0,1,0,1,0,-1,0,-0.001],"_humanoidState":5,"_cameraCFrame":[774.232,244.412,47.121,-0.004,-0.816,0.577,0,0.577,0.816,-1,0.003,-0.002],"_shiftlockState":false,"_pose":"FreeFall","_animationQueue":[],"_animationSpeed":1,"_zoom":16.125},{"_mousePosition":[669,392],"_rootPartCFrame":[764.589,229.555,47.158,-0.002,0,1,0,1,0,-1,0,-0.002],"_humanoidState":5,"_cameraCFrame":[773.847,244.258,47.123,-0.004,-0.819,0.574,0,0.574,0.819,-1,0.003,-0.002],"_shiftlockState":false,"_pose":"FreeFall","_animationQueue":[],"_animationSpeed":1,"_zoom":16.125},{"_mousePosition":[669,392],"_rootPartCFrame":[764.322,229.342,47.159,-0.002,0,1,0,1,0,-1,0,-0.002],"_humanoidState":5,"_cameraCFrame":[773.529,244.08,47.101,-0.006,-0.821,0.571,0,0.571,0.821,-1,0.005,-0.004],"_shiftlockState":false,"_pose":"FreeFall","_animationQueue":[],"_animationSpeed":1,"_zoom":16.125},{"_mousePosition":[669,392],"_rootPartCFrame":[764.056,229.074,47.16,-0.002,0,1,0,1,0,-1,0,-0.002],"_humanoidState":5,"_cameraCFrame":[773.211,243.848,47.102,-0.006,-0.823,0.568,0,0.568,0.823,-1,0.005,-0.004],"_shiftlockState":false,"_pose":"FreeFall","_animationQueue":[["fall",0.3]],"_animationSpeed":1,"_zoom":16.125},{"_mousePosition":[669,392],"_rootPartCFrame":[763.789,228.752,47.162,-0.003,0,1,0,1,0,-1,0,-0.003],"_humanoidState":5,"_cameraCFrame":[772.892,243.561,47.104,-0.006,-0.825,0.565,0,0.565,0.825,-1,0.005,-0.004],"_shiftlockState":false,"_pose":"FreeFall","_animationQueue":[],"_animationSpeed":1,"_zoom":16.125},{"_mousePosition":[669,392],"_rootPartCFrame":[763.523,228.375,47.163,-0.003,0,1,0,1,0,-1,0,-0.003],"_humanoidState":5,"_cameraCFrame":[772.6,243.202,47.083,-0.009,-0.826,0.563,0,0.563,0.826,-1,0.007,-0.005],"_shiftlockState":false,"_pose":"FreeFall","_animationQueue":[],"_animationSpeed":1,"_zoom":16.125},{"_mousePosition":[669,392],"_rootPartCFrame":[763.323,228.056,47.165,-0.004,0,1,0,1,0,-1,0,-0.004],"_humanoidState":5,"_cameraCFrame":[772.347,242.919,47.062,-0.011,-0.829,0.56,0,0.56,0.829,-1,0.009,-0.006],"_shiftlockState":false,"_pose":"FreeFall","_animationQueue":[],"_animationSpeed":1,"_zoom":16.125},{"_mousePosition":[669,392],"_rootPartCFrame":[762.989,227.457,47.167,-0.004,0,1,0,1,0,-1,0,-0.004],"_humanoidState":5,"_cameraCFrame":[771.962,242.355,47.065,-0.011,-0.831,0.556,0,0.556,0.831,-1,0.009,-0.006],"_shiftlockState":false,"_pose":"FreeFall","_animationQueue":[],"_animationSpeed":1,"_zoom":16.125},{"_mousePosition":[669,392],"_rootPartCFrame":[762.723,226.917,47.17,-0.005,0,1,0,1,0,-1,0,-0.005],"_humanoidState":5,"_cameraCFrame":[771.669,241.832,47.046,-0.014,-0.832,0.555,0,0.555,0.832,-1,0.012,-0.008],"_shiftlockState":false,"_pose":"FreeFall","_animationQueue":[],"_animationSpeed":1,"_zoom":16.125},{"_mousePosition":[669,392],"_rootPartCFrame":[762.523,226.475,47.173,-0.006,0,1,0,1,0,-1,0,-0.006],"_humanoidState":5,"_cameraCFrame":[771.417,241.425,47.049,-0.014,-0.834,0.552,0,0.552,0.834,-1,0.012,-0.008],"_shiftlockState":false,"_pose":"FreeFall","_animationQueue":[],"_animationSpeed":1,"_zoom":16.125},{"_mousePosition":[669,392],"_rootPartCFrame":[762.19,225.672,47.177,-0.007,0,1,0,1,0,-1,0,-0.007],"_humanoidState":5,"_cameraCFrame":[771.031,240.657,47.032,-0.016,-0.836,0.548,0,0.548,0.836,-1,0.014,-0.009],"_shiftlockState":false,"_pose":"FreeFall","_animationQueue":[["fall",0.3]],"_animationSpeed":1,"_zoom":16.125},{"_mousePosition":[669,392],"_rootPartCFrame":[761.923,224.968,47.181,-0.008,0,1,0,1,0,-1,0,-0.008],"_humanoidState":5,"_cameraCFrame":[770.711,239.987,47.014,-0.019,-0.838,0.545,0,0.545,0.838,-1,0.016,-0.01],"_shiftlockState":false,"_pose":"FreeFall","_animationQueue":[],"_animationSpeed":1,"_zoom":16.125},{"_mousePosition":[669,392],"_rootPartCFrame":[761.656,224.21,47.185,-0.009,0,1,0,1,0,-1,0,-0.009],"_humanoidState":5,"_cameraCFrame":[770.391,239.263,46.997,-0.022,-0.84,0.542,0,0.542,0.84,-1,0.018,-0.012],"_shiftlockState":false,"_pose":"FreeFall","_animationQueue":[],"_animationSpeed":1,"_zoom":16.125},{"_mousePosition":[669,392],"_rootPartCFrame":[761.39,223.397,47.19,-0.01,0,1,0,1,0,-1,0,-0.01],"_humanoidState":5,"_cameraCFrame":[770.072,238.484,47.003,-0.022,-0.842,0.538,0,0.539,0.843,-1,0.018,-0.012],"_shiftlockState":false,"_pose":"FreeFall","_animationQueue":[],"_animationSpeed":1,"_zoom":16.125},{"_mousePosition":[669,392],"_rootPartCFrame":[761.123,222.529,47.196,-0.012,0,1,0,1,0,-1,0,-0.012],"_humanoidState":5,"_cameraCFrame":[769.778,237.633,46.988,-0.024,-0.843,0.537,0,0.537,0.844,-1,0.02,-0.013],"_shiftlockState":false,"_pose":"FreeFall","_animationQueue":[],"_animationSpeed":1,"_zoom":16.125},{"_mousePosition":[669,392],"_rootPartCFrame":[760.857,221.607,47.202,-0.013,0,1,0,1,0,-1,0,-0.013],"_humanoidState":5,"_cameraCFrame":[769.485,236.728,46.994,-0.024,-0.844,0.535,0,0.535,0.845,-1,0.02,-0.013],"_shiftlockState":false,"_pose":"FreeFall","_animationQueue":[],"_animationSpeed":1,"_zoom":16.125},{"_mousePosition":[669,392],"_rootPartCFrame":[760.59,220.631,47.208,-0.015,0,1,0,1,0,-1,0,-0.015],"_humanoidState":5,"_cameraCFrame":[769.218,235.751,47,-0.024,-0.844,0.535,0,0.535,0.845,-1,0.02,-0.013],"_shiftlockState":false,"_pose":"FreeFall","_animationQueue":[["fall",0.3]],"_animationSpeed":1,"_zoom":16.125},{"_mousePosition":[669,392],"_rootPartCFrame":[760.391,219.863,47.213,-0.016,0,1,0,1,0,-1,0,-0.016],"_humanoidState":7,"_cameraCFrame":[769.019,234.983,47.005,-0.024,-0.844,0.535,0,0.535,0.845,-1,0.02,-0.013],"_shiftlockState":false,"_pose":"FreeFall","_animationQueue":[["walk",0.1],["fall",0.3],["fall",0.3]],"_animationSpeed":1,"_zoom":16.125},{"_mousePosition":[669,392],"_rootPartCFrame":[760.124,219.383,47.219,-0.017,0,1,0,1,0,-1,0,-0.017],"_humanoidState":7,"_cameraCFrame":[768.753,234.503,47.011,-0.024,-0.844,0.535,0,0.535,0.845,-1,0.02,-0.013],"_shiftlockState":false,"_pose":"FreeFall","_animationQueue":[],"_animationSpeed":1,"_zoom":16.125},{"_mousePosition":[669,392],"_rootPartCFrame":[759.724,219.522,47.229,-0.018,0,1,0,1,0,-1,0,-0.018],"_humanoidState":8,"_cameraCFrame":[768.3,234.676,47.022,-0.024,-0.847,0.532,0,0.532,0.847,-1,0.02,-0.013],"_shiftlockState":false,"_pose":"Running","_animationQueue":[["walk",0.1],["fall",0.3],["walk",0.1]],"_animationSpeed":1.103,"_zoom":16.125},{"_mousePosition":[669,392],"_rootPartCFrame":[759.458,219.601,47.235,-0.019,0,1,0,1,0,-1,0,-0.019],"_humanoidState":8,"_cameraCFrame":[768.007,234.772,47.029,-0.024,-0.848,0.53,0,0.53,0.848,-1,0.02,-0.013],"_shiftlockState":false,"_pose":"Running","_animationQueue":[],"_animationSpeed":1.103,"_zoom":16.125},{"_mousePosition":[669,392],"_rootPartCFrame":[759.258,219.637,47.24,-0.02,0,1,0,1,0,-1,0,-0.02],"_humanoidState":8,"_cameraCFrame":[767.78,234.824,47.035,-0.024,-0.849,0.529,0,0.529,0.849,-1,0.02,-0.013],"_shiftlockState":false,"_pose":"Running","_animationQueue":[],"_animationSpeed":1.103,"_zoom":16.125},{"_mousePosition":[669,392],"_rootPartCFrame":[758.858,219.674,47.249,-0.021,0,1,0,1,0,-1,0,-0.021],"_humanoidState":8,"_cameraCFrame":[767.327,234.895,47.067,-0.022,-0.851,0.525,0,0.525,0.851,-1,0.018,-0.011],"_shiftlockState":false,"_pose":"Running","_animationQueue":[["walk",0.1]],"_animationSpeed":1.103,"_zoom":16.125},{"_mousePosition":[669,392],"_rootPartCFrame":[758.658,219.684,47.254,-0.021,0,1,0,1,0,-1,0,-0.021],"_humanoidState":8,"_cameraCFrame":[767.075,234.937,47.116,-0.016,-0.853,0.522,0,0.522,0.853,-1,0.014,-0.009],"_shiftlockState":false,"_pose":"Running","_animationQueue":[],"_animationSpeed":1.103,"_zoom":16.125},{"_mousePosition":[669,392],"_rootPartCFrame":[758.391,219.691,47.26,-0.021,0,1,0,1,0,-1,0,-0.021],"_humanoidState":8,"_cameraCFrame":[766.755,234.977,47.165,-0.011,-0.855,0.519,0,0.519,0.855,-1,0.01,-0.006],"_shiftlockState":false,"_pose":"Running","_animationQueue":[],"_animationSpeed":1.103,"_zoom":16.125},{"_mousePosition":[669,392],"_rootPartCFrame":[758.125,219.695,47.265,-0.021,0,1,0,1,0,-1,0,-0.021],"_humanoidState":8,"_cameraCFrame":[766.435,235.014,47.212,-0.006,-0.857,0.515,0,0.515,0.857,-1,0.005,-0.003],"_shiftlockState":false,"_pose":"Running","_animationQueue":[],"_animationSpeed":1.103,"_zoom":16.125},{"_mousePosition":[669,392],"_rootPartCFrame":[757.858,219.697,47.268,-0.02,0,1,0,1,0,-1,0,-0.02],"_humanoidState":8,"_cameraCFrame":[766.115,235.048,47.237,-0.004,-0.859,0.512,0,0.512,0.859,-1,0.003,-0.002],"_shiftlockState":false,"_pose":"Running","_animationQueue":[],"_animationSpeed":1.103,"_zoom":16.125},{"_mousePosition":[669,392],"_rootPartCFrame":[757.525,219.698,47.27,-0.018,0,1,0,1,0,-1,0,-0.018],"_humanoidState":8,"_cameraCFrame":[765.7,235.097,47.281,0.001,-0.862,0.507,0,0.507,0.862,-1,-0.001,0.001],"_shiftlockState":false,"_pose":"Running","_animationQueue":[],"_animationSpeed":1.103,"_zoom":16.125},{"_mousePosition":[669,392],"_rootPartCFrame":[757.325,219.699,47.271,-0.016,0,1,0,1,0,-1,0,-0.016],"_humanoidState":8,"_cameraCFrame":[765.446,235.13,47.322,0.006,-0.864,0.504,0,0.504,0.864,-1,-0.005,0.003],"_shiftlockState":false,"_pose":"Running","_animationQueue":[],"_animationSpeed":1.103,"_zoom":16.125},{"_mousePosition":[669,392],"_rootPartCFrame":[756.992,219.699,47.271,-0.014,0,1,0,1,0,-1,0,-0.014],"_humanoidState":8,"_cameraCFrame":[765.113,235.13,47.322,0.006,-0.864,0.504,0,0.504,0.864,-1,-0.005,0.003],"_shiftlockState":false,"_pose":"Running","_animationQueue":[["walk",0.1]],"_animationSpeed":1.103,"_zoom":16.125},{"_mousePosition":[669,392],"_rootPartCFrame":[756.792,219.699,47.27,-0.012,0,1,0,1,0,-1,0,-0.012],"_humanoidState":8,"_cameraCFrame":[764.913,235.13,47.321,0.006,-0.864,0.504,0,0.504,0.864,-1,-0.005,0.003],"_shiftlockState":false,"_pose":"Running","_animationQueue":[],"_animationSpeed":1.103,"_zoom":16.125},{"_mousePosition":[669,392],"_rootPartCFrame":[756.525,219.699,47.268,-0.009,0,1,0,1,0,-1,0,-0.009],"_humanoidState":8,"_cameraCFrame":[764.646,235.13,47.319,0.006,-0.864,0.504,0,0.504,0.864,-1,-0.005,0.003],"_shiftlockState":false,"_pose":"Running","_animationQueue":[],"_animationSpeed":1.103,"_zoom":16.125},{"_mousePosition":[669,392],"_rootPartCFrame":[756.325,219.699,47.267,-0.008,0,1,0,1,0,-1,0,-0.008],"_humanoidState":8,"_cameraCFrame":[764.446,235.13,47.318,0.006,-0.864,0.504,0,0.504,0.864,-1,-0.005,0.003],"_shiftlockState":false,"_pose":"Running","_animationQueue":[],"_animationSpeed":1.103,"_zoom":16.125},{"_mousePosition":[669,392],"_rootPartCFrame":[756.059,219.699,47.265,-0.006,0,1,0,1,0,-1,0,-0.006],"_humanoidState":8,"_cameraCFrame":[764.152,235.146,47.316,0.006,-0.865,0.502,0,0.502,0.865,-1,-0.005,0.003],"_shiftlockState":false,"_pose":"Running","_animationQueue":[],"_animationSpeed":1.103,"_zoom":16.125},{"_mousePosition":[669,392],"_rootPartCFrame":[755.725,219.699,47.263,-0.004,0,1,0,1,0,-1,0,-0.004],"_humanoidState":8,"_cameraCFrame":[763.792,235.162,47.314,0.006,-0.866,0.5,0,0.5,0.866,-1,-0.005,0.003],"_shiftlockState":false,"_pose":"Running","_animationQueue":[],"_animationSpeed":1.103,"_zoom":16.125},{"_mousePosition":[669,392],"_rootPartCFrame":[755.392,219.692,47.261,-0.002,0,1,0,1,0,-1,0,-0.002],"_humanoidState":8,"_cameraCFrame":[763.431,235.17,47.312,0.006,-0.867,0.499,0,0.499,0.867,-1,-0.005,0.003],"_shiftlockState":false,"_pose":"Running","_animationQueue":[],"_animationSpeed":1.103,"_zoom":16.125},{"_mousePosition":[669,392],"_rootPartCFrame":[755.126,219.694,47.259,-0.001,0,1,0,1,0,-1,0,-0.001],"_humanoidState":8,"_cameraCFrame":[763.165,235.172,47.31,0.006,-0.867,0.499,0,0.499,0.867,-1,-0.005,0.003],"_shiftlockState":false,"_pose":"Running","_animationQueue":[["walk",0.1]],"_animationSpeed":1.103,"_zoom":16.125},{"_mousePosition":[669,392],"_rootPartCFrame":[754.992,219.695,47.258,0,0,1,0,1,0,-1,0,0],"_humanoidState":8,"_cameraCFrame":[763.031,235.173,47.309,0.006,-0.867,0.499,0,0.499,0.867,-1,-0.005,0.003],"_shiftlockState":false,"_pose":"Running","_animationQueue":[],"_animationSpeed":1.103,"_zoom":16.125},{"_mousePosition":[669,392],"_rootPartCFrame":[754.592,219.698,47.256,0.001,0,1,0,1,0,-1,0,0.001],"_humanoidState":8,"_cameraCFrame":[762.604,235.191,47.327,0.009,-0.868,0.497,0,0.497,0.868,-1,-0.008,0.004],"_shiftlockState":false,"_pose":"Running","_animationQueue":[],"_animationSpeed":1.103,"_zoom":16.125},{"_mousePosition":[669,392],"_rootPartCFrame":[754.46,219.704,47.255,0.001,0,1,0,1,0,-1,0,0.001],"_humanoidState":8,"_cameraCFrame":[762.444,235.213,47.326,0.009,-0.869,0.495,0,0.495,0.869,-1,-0.008,0.004],"_shiftlockState":false,"_pose":"Running","_animationQueue":[],"_animationSpeed":1.103,"_zoom":16.125},{"_mousePosition":[669,392],"_rootPartCFrame":[754.068,219.745,47.252,0.003,0,1,0,1,0,-1,0,0.003],"_humanoidState":8,"_cameraCFrame":[761.998,235.285,47.322,0.009,-0.871,0.492,0,0.492,0.871,-1,-0.008,0.004],"_shiftlockState":false,"_pose":"Running","_animationQueue":[],"_animationSpeed":1.103,"_zoom":16.125},{"_mousePosition":[669,392],"_rootPartCFrame":[753.938,219.766,47.251,0.003,0,1,0,1,0,-1,0,0.003],"_humanoidState":8,"_cameraCFrame":[761.813,235.337,47.32,0.009,-0.873,0.488,0,0.488,0.873,-1,-0.008,0.004],"_shiftlockState":false,"_pose":"Running","_animationQueue":[],"_animationSpeed":1.103,"_zoom":16.125},{"_mousePosition":[669,392],"_rootPartCFrame":[753.683,219.824,47.248,0.004,0,1,0,1,0,-1,0,0.004],"_humanoidState":8,"_cameraCFrame":[761.531,235.41,47.318,0.009,-0.874,0.487,0,0.487,0.874,-1,-0.008,0.004],"_shiftlockState":false,"_pose":"Running","_animationQueue":[],"_animationSpeed":1.103,"_zoom":16.125},{"_mousePosition":[669,392],"_rootPartCFrame":[753.303,219.931,47.245,0.005,0,1,0,1,0,-1,0,0.005],"_humanoidState":8,"_cameraCFrame":[761.151,235.517,47.314,0.009,-0.874,0.487,0,0.487,0.874,-1,-0.008,0.004],"_shiftlockState":false,"_pose":"Running","_animationQueue":[["walk",0.1]],"_animationSpeed":1.103,"_zoom":16.125},{"_mousePosition":[669,392],"_rootPartCFrame":[753.181,219.979,47.244,0.005,0,1,0,1,0,-1,0,0.005],"_humanoidState":8,"_cameraCFrame":[761.028,235.565,47.313,0.009,-0.874,0.487,0,0.487,0.874,-1,-0.008,0.004],"_shiftlockState":false,"_pose":"Running","_animationQueue":[],"_animationSpeed":1.103,"_zoom":16.125},{"_mousePosition":[669,392],"_rootPartCFrame":[752.948,220.081,47.242,0.006,0,1,0,1,0,-1,0,0.006],"_humanoidState":8,"_cameraCFrame":[760.795,235.668,47.311,0.009,-0.874,0.487,0,0.487,0.874,-1,-0.008,0.004],"_shiftlockState":false,"_pose":"Running","_animationQueue":[["walk",0.1]],"_animationSpeed":1.013,"_zoom":16.125},{"_mousePosition":[669,392],"_rootPartCFrame":[752.717,220.196,47.24,0.006,0,1,0,1,0,-1,0,0.006],"_humanoidState":8,"_cameraCFrame":[760.537,235.798,47.309,0.009,-0.874,0.485,0,0.485,0.875,-1,-0.008,0.004],"_shiftlockState":false,"_pose":"Running","_animationQueue":[["walk",0.1]],"_animationSpeed":0.957,"_zoom":16.125},{"_mousePosition":[669,392],"_rootPartCFrame":[752.428,220.349,47.237,0.007,0,1,0,1,0,-1,0,0.007],"_humanoidState":8,"_cameraCFrame":[760.221,235.966,47.306,0.009,-0.875,0.483,0,0.483,0.875,-1,-0.008,0.004],"_shiftlockState":false,"_pose":"Running","_animationQueue":[],"_animationSpeed":0.957,"_zoom":16.125},{"_mousePosition":[669,392],"_rootPartCFrame":[752.255,220.445,47.236,0.007,0,1,0,1,0,-1,0,0.007],"_humanoidState":8,"_cameraCFrame":[760.02,236.077,47.304,0.009,-0.876,0.482,0,0.482,0.876,-1,-0.008,0.004],"_shiftlockState":false,"_pose":"Running","_animationQueue":[],"_animationSpeed":0.957,"_zoom":16.125},{"_mousePosition":[669,392],"_rootPartCFrame":[752.024,220.576,47.234,0.007,0,1,0,1,0,-1,0,0.007],"_humanoidState":8,"_cameraCFrame":[759.762,236.223,47.302,0.009,-0.877,0.48,0,0.48,0.877,-1,-0.008,0.004],"_shiftlockState":false,"_pose":"Running","_animationQueue":[],"_animationSpeed":0.957,"_zoom":16.125},{"_mousePosition":[669,392],"_rootPartCFrame":[751.735,220.74,47.231,0.007,0,1,0,1,0,-1,0,0.007],"_humanoidState":8,"_cameraCFrame":[759.445,236.402,47.299,0.009,-0.878,0.478,0,0.478,0.878,-1,-0.008,0.004],"_shiftlockState":false,"_pose":"Running","_animationQueue":[["walk",0.1]],"_animationSpeed":0.957,"_zoom":16.125},{"_mousePosition":[669,392],"_rootPartCFrame":[751.562,220.839,47.23,0.008,0,1,0,1,0,-1,0,0.008],"_humanoidState":8,"_cameraCFrame":[759.272,236.501,47.298,0.009,-0.878,0.478,0,0.478,0.878,-1,-0.008,0.004],"_shiftlockState":false,"_pose":"Running","_animationQueue":[],"_animationSpeed":0.957,"_zoom":16.125},{"_mousePosition":[669,392],"_rootPartCFrame":[751.331,220.973,47.227,0.008,0,1,0,1,0,-1,0,0.008],"_humanoidState":8,"_cameraCFrame":[759.041,236.635,47.296,0.009,-0.878,0.478,0,0.478,0.878,-1,-0.008,0.004],"_shiftlockState":false,"_pose":"Running","_animationQueue":[],"_animationSpeed":0.957,"_zoom":16.125},{"_mousePosition":[669,392],"_rootPartCFrame":[751.1,221.106,47.225,0.008,0,1,0,1,0,-1,0,0.008],"_humanoidState":8,"_cameraCFrame":[758.81,236.768,47.294,0.009,-0.878,0.478,0,0.478,0.878,-1,-0.008,0.004],"_shiftlockState":false,"_pose":"Running","_animationQueue":[],"_animationSpeed":0.957,"_zoom":16.125},{"_mousePosition":[669,392],"_rootPartCFrame":[750.869,221.239,47.223,0.008,0,1,0,1,0,-1,0,0.008],"_humanoidState":8,"_cameraCFrame":[758.579,236.901,47.292,0.009,-0.878,0.478,0,0.478,0.878,-1,-0.008,0.004],"_shiftlockState":false,"_pose":"Running","_animationQueue":[],"_animationSpeed":0.957,"_zoom":16.125},{"_mousePosition":[669,392],"_rootPartCFrame":[750.638,221.373,47.221,0.008,0,1,0,1,0,-1,0,0.008],"_humanoidState":8,"_cameraCFrame":[758.321,237.05,47.289,0.009,-0.879,0.476,0,0.476,0.879,-1,-0.008,0.004],"_shiftlockState":false,"_pose":"Running","_animationQueue":[],"_animationSpeed":0.957,"_zoom":16.125},{"_mousePosition":[669,392],"_rootPartCFrame":[750.349,221.538,47.219,0.008,0,1,0,1,0,-1,0,0.008],"_humanoidState":8,"_cameraCFrame":[758.004,237.23,47.287,0.009,-0.88,0.475,0,0.475,0.88,-1,-0.008,0.004],"_shiftlockState":false,"_pose":"Running","_animationQueue":[["walk",0.1]],"_animationSpeed":0.957,"_zoom":16.125},{"_mousePosition":[669,392],"_rootPartCFrame":[750.119,221.671,47.217,0.008,0,1,0,1,0,-1,0,0.008],"_humanoidState":8,"_cameraCFrame":[757.773,237.363,47.285,0.009,-0.88,0.475,0,0.475,0.88,-1,-0.008,0.004],"_shiftlockState":false,"_pose":"Running","_animationQueue":[],"_animationSpeed":0.957,"_zoom":16.125},{"_mousePosition":[669,392],"_rootPartCFrame":[749.945,221.772,47.215,0.008,0,1,0,1,0,-1,0,0.008],"_humanoidState":8,"_cameraCFrame":[757.6,237.464,47.283,0.009,-0.88,0.475,0,0.475,0.88,-1,-0.008,0.004],"_shiftlockState":false,"_pose":"Running","_animationQueue":[],"_animationSpeed":0.957,"_zoom":16.125},{"_mousePosition":[669,392],"_rootPartCFrame":[749.714,221.906,47.213,0.008,0,1,0,1,0,-1,0,0.008],"_humanoidState":8,"_cameraCFrame":[757.369,237.598,47.281,0.009,-0.88,0.475,0,0.475,0.88,-1,-0.008,0.004],"_shiftlockState":false,"_pose":"Running","_animationQueue":[],"_animationSpeed":0.957,"_zoom":16.125},{"_mousePosition":[669,392],"_rootPartCFrame":[749.483,222.039,47.211,0.009,0,1,0,1,0,-1,0,0.009],"_humanoidState":8,"_cameraCFrame":[757.138,237.732,47.279,0.009,-0.88,0.475,0,0.475,0.88,-1,-0.008,0.004],"_shiftlockState":false,"_pose":"Running","_animationQueue":[],"_animationSpeed":0.957,"_zoom":16.125},{"_mousePosition":[669,392],"_rootPartCFrame":[749.231,222.141,47.209,0.009,0,1,0,1,0,-1,0,0.009],"_humanoidState":8,"_cameraCFrame":[756.886,237.833,47.277,0.009,-0.88,0.475,0,0.475,0.88,-1,-0.008,0.004],"_shiftlockState":false,"_pose":"Running","_animationQueue":[],"_animationSpeed":0.957,"_zoom":16.125},{"_mousePosition":[669,392],"_rootPartCFrame":[748.966,222.194,47.207,0.009,0,1,0,1,0,-1,0,0.009],"_humanoidState":8,"_cameraCFrame":[756.621,237.886,47.274,0.009,-0.88,0.475,0,0.475,0.88,-1,-0.008,0.004],"_shiftlockState":false,"_pose":"Running","_animationQueue":[["walk",0.1]],"_animationSpeed":1.059,"_zoom":16.125},{"_mousePosition":[669,392],"_rootPartCFrame":[748.709,222.261,47.204,0.009,0,1,0,1,0,-1,0,0.009],"_humanoidState":8,"_cameraCFrame":[756.364,237.953,47.272,0.009,-0.88,0.475,0,0.475,0.88,-1,-0.008,0.004],"_shiftlockState":false,"_pose":"Running","_animationQueue":[["walk",0.1]],"_animationSpeed":1.059,"_zoom":16.125},{"_mousePosition":[669,392],"_rootPartCFrame":[748.388,223.345,47.201,0.009,0,1,0,1,0,-1,0,0.009],"_humanoidState":3,"_cameraCFrame":[756.043,239.037,47.269,0.009,-0.88,0.475,0,0.475,0.88,-1,-0.008,0.004],"_shiftlockState":false,"_pose":"Jumping","_animationQueue":[["walk",0.1],["jump",0.1]],"_animationSpeed":1,"_zoom":16.125},{"_mousePosition":[669,392],"_rootPartCFrame":[748.19,223.956,47.2,0.009,0,1,0,1,0,-1,0,0.009],"_humanoidState":5,"_cameraCFrame":[755.844,239.649,47.267,0.009,-0.88,0.475,0,0.475,0.88,-1,-0.008,0.004],"_shiftlockState":false,"_pose":"FreeFall","_animationQueue":[["jump",0.1]],"_animationSpeed":1,"_zoom":16.125},{"_mousePosition":[669,392],"_rootPartCFrame":[747.923,224.724,47.197,0.009,0,1,0,1,0,-1,0,0.009],"_humanoidState":5,"_cameraCFrame":[755.578,240.416,47.265,0.009,-0.88,0.475,0,0.475,0.88,-1,-0.008,0.004],"_shiftlockState":false,"_pose":"FreeFall","_animationQueue":[],"_animationSpeed":1,"_zoom":16.125},{"_mousePosition":[669,392],"_rootPartCFrame":[747.657,225.437,47.195,0.009,0,1,0,1,0,-1,0,0.009],"_humanoidState":5,"_cameraCFrame":[755.311,241.129,47.263,0.009,-0.88,0.475,0,0.475,0.88,-1,-0.008,0.004],"_shiftlockState":false,"_pose":"FreeFall","_animationQueue":[],"_animationSpeed":1,"_zoom":16.125},{"_mousePosition":[669,392],"_rootPartCFrame":[747.323,226.252,47.192,0.009,0,1,0,1,0,-1,0,0.009],"_humanoidState":5,"_cameraCFrame":[754.978,241.944,47.26,0.009,-0.88,0.475,0,0.475,0.88,-1,-0.008,0.004],"_shiftlockState":false,"_pose":"FreeFall","_animationQueue":[],"_animationSpeed":1,"_zoom":16.125},{"_mousePosition":[669,392],"_rootPartCFrame":[747.057,226.842,47.19,0.009,0,1,0,1,0,-1,0,0.009],"_humanoidState":5,"_cameraCFrame":[754.711,242.534,47.257,0.009,-0.88,0.475,0,0.475,0.88,-1,-0.008,0.004],"_shiftlockState":false,"_pose":"FreeFall","_animationQueue":[],"_animationSpeed":1,"_zoom":16.125},{"_mousePosition":[669,392],"_rootPartCFrame":[746.79,227.378,47.187,0.009,0,1,0,1,0,-1,0,0.009],"_humanoidState":5,"_cameraCFrame":[754.445,243.07,47.255,0.009,-0.88,0.475,0,0.475,0.88,-1,-0.008,0.004],"_shiftlockState":false,"_pose":"FreeFall","_animationQueue":[],"_animationSpeed":1,"_zoom":16.125},{"_mousePosition":[669,392],"_rootPartCFrame":[746.523,227.859,47.185,0.009,0,1,0,1,0,-1,0,0.009],"_humanoidState":5,"_cameraCFrame":[754.178,243.551,47.253,0.009,-0.88,0.475,0,0.475,0.88,-1,-0.008,0.004],"_shiftlockState":false,"_pose":"FreeFall","_animationQueue":[],"_animationSpeed":1,"_zoom":16.125},{"_mousePosition":[669,392],"_rootPartCFrame":[746.257,228.286,47.183,0.009,0,1,0,1,0,-1,0,0.009],"_humanoidState":5,"_cameraCFrame":[753.912,243.978,47.25,0.009,-0.88,0.475,0,0.475,0.88,-1,-0.008,0.004],"_shiftlockState":false,"_pose":"FreeFall","_animationQueue":[],"_animationSpeed":1,"_zoom":16.125},{"_mousePosition":[669,392],"_rootPartCFrame":[745.99,228.659,47.18,0.009,0,1,0,1,0,-1,0,0.009],"_humanoidState":5,"_cameraCFrame":[753.645,244.351,47.248,0.009,-0.88,0.475,0,0.475,0.88,-1,-0.008,0.004],"_shiftlockState":false,"_pose":"FreeFall","_animationQueue":[],"_animationSpeed":1,"_zoom":16.125},{"_mousePosition":[669,392],"_rootPartCFrame":[745.724,228.976,47.178,0.009,0,1,0,1,0,-1,0,0.009],"_humanoidState":5,"_cameraCFrame":[753.378,244.669,47.246,0.009,-0.88,0.475,0,0.475,0.88,-1,-0.008,0.004],"_shiftlockState":false,"_pose":"FreeFall","_animationQueue":[],"_animationSpeed":1,"_zoom":16.125},{"_mousePosition":[669,392],"_rootPartCFrame":[745.39,229.297,47.175,0.009,0,1,0,1,0,-1,0,0.009],"_humanoidState":5,"_cameraCFrame":[753.045,244.989,47.243,0.009,-0.88,0.475,0,0.475,0.88,-1,-0.008,0.004],"_shiftlockState":false,"_pose":"FreeFall","_animationQueue":[],"_animationSpeed":1,"_zoom":16.125},{"_mousePosition":[669,392],"_rootPartCFrame":[745.19,229.449,47.173,0.009,0,1,0,1,0,-1,0,0.009],"_humanoidState":5,"_cameraCFrame":[752.818,245.156,47.241,0.009,-0.881,0.473,0,0.473,0.881,-1,-0.008,0.004],"_shiftlockState":false,"_pose":"FreeFall","_animationQueue":[],"_animationSpeed":1,"_zoom":16.125},{"_mousePosition":[669,392],"_rootPartCFrame":[744.924,229.603,47.171,0.009,0,1,0,1,0,-1,0,0.009],"_humanoidState":5,"_cameraCFrame":[752.551,245.31,47.238,0.009,-0.881,0.473,0,0.473,0.881,-1,-0.008,0.004],"_shiftlockState":false,"_pose":"FreeFall","_animationQueue":[],"_animationSpeed":1,"_zoom":16.125},{"_mousePosition":[669,392],"_rootPartCFrame":[744.724,229.683,47.169,0.009,0,1,0,1,0,-1,0,0.009],"_humanoidState":5,"_cameraCFrame":[752.351,245.39,47.236,0.009,-0.881,0.473,0,0.473,0.881,-1,-0.008,0.004],"_shiftlockState":false,"_pose":"FreeFall","_animationQueue":[],"_animationSpeed":1,"_zoom":16.125},{"_mousePosition":[669,392],"_rootPartCFrame":[744.391,229.748,47.166,0.009,0,1,0,1,0,-1,0,0.009],"_humanoidState":5,"_cameraCFrame":[752.018,245.455,47.233,0.009,-0.881,0.473,0,0.473,0.881,-1,-0.008,0.004],"_shiftlockState":false,"_pose":"FreeFall","_animationQueue":[],"_animationSpeed":1,"_zoom":16.125},{"_mousePosition":[669,392],"_rootPartCFrame":[744.191,229.747,47.164,0.009,0,1,0,1,0,-1,0,0.009],"_humanoidState":5,"_cameraCFrame":[751.818,245.454,47.232,0.009,-0.881,0.473,0,0.473,0.881,-1,-0.008,0.004],"_shiftlockState":false,"_pose":"FreeFall","_animationQueue":[],"_animationSpeed":1,"_zoom":16.125},{"_mousePosition":[669,392],"_rootPartCFrame":[743.924,229.697,47.162,0.009,0,1,0,1,0,-1,0,0.009],"_humanoidState":5,"_cameraCFrame":[751.551,245.404,47.229,0.009,-0.881,0.473,0,0.473,0.881,-1,-0.008,0.004],"_shiftlockState":false,"_pose":"FreeFall","_animationQueue":[],"_animationSpeed":1,"_zoom":16.125},{"_mousePosition":[669,392],"_rootPartCFrame":[743.658,229.592,47.159,0.009,0,1,0,1,0,-1,0,0.009],"_humanoidState":5,"_cameraCFrame":[751.285,245.299,47.227,0.009,-0.881,0.473,0,0.473,0.881,-1,-0.008,0.004],"_shiftlockState":false,"_pose":"FreeFall","_animationQueue":[["fall",0.3]],"_animationSpeed":1,"_zoom":16.125},{"_mousePosition":[669,392],"_rootPartCFrame":[743.391,229.433,47.157,0.009,0,1,0,1,0,-1,0,0.009],"_humanoidState":5,"_cameraCFrame":[751.018,245.14,47.225,0.009,-0.881,0.473,0,0.473,0.881,-1,-0.008,0.004],"_shiftlockState":false,"_pose":"FreeFall","_animationQueue":[],"_animationSpeed":1,"_zoom":16.125},{"_mousePosition":[669,392],"_rootPartCFrame":[743.124,229.22,47.155,0.009,0,1,0,1,0,-1,0,0.009],"_humanoidState":5,"_cameraCFrame":[750.724,244.942,47.222,0.009,-0.882,0.471,0,0.471,0.882,-1,-0.008,0.004],"_shiftlockState":false,"_pose":"FreeFall","_animationQueue":[],"_animationSpeed":1,"_zoom":16.125},{"_mousePosition":[669,392],"_rootPartCFrame":[742.791,228.876,47.152,0.009,0,1,0,1,0,-1,0,0.009],"_humanoidState":5,"_cameraCFrame":[750.391,244.598,47.219,0.009,-0.882,0.471,0,0.471,0.882,-1,-0.008,0.004],"_shiftlockState":false,"_pose":"FreeFall","_animationQueue":[],"_animationSpeed":1,"_zoom":16.125},{"_mousePosition":[669,392],"_rootPartCFrame":[742.524,228.54,47.149,0.009,0,1,0,1,0,-1,0,0.009],"_humanoidState":5,"_cameraCFrame":[750.124,244.262,47.217,0.009,-0.882,0.471,0,0.471,0.882,