[{"_mousePosition":[675,380],"_rootPartCFrame":[776.034,222.7,47.142,-0.001,0,1,0,1,0,-1,0,-0.001],"_humanoidState":8,"_cameraCFrame":[784.34,238.021,47.19,0.006,-0.857,0.515,0,0.515,0.857,-1,-0.005,0.003],"_shiftlockState":false,"_pose":"Standing","_animationQueue":[],"_animationSpeed":1,"_zoom":16.125},{"_mousePosition":[675,380],"_rootPartCFrame":[775.862,222.695,47.141,0,0,1,0,1,0,-1,0,0],"_humanoidState":8,"_cameraCFrame":[784.141,238.032,47.168,0.003,-0.858,0.513,0,0.513,0.858,-1,-0.003,0.002],"_shiftlockState":false,"_pose":"Standing","_animationQueue":[],"_animationSpeed":1,"_zoom":16.125},{"_mousePosition":[675,380],"_rootPartCFrame":[775.597,222.696,47.139,0,0,1,0,1,0,-1,0,0],"_humanoidState":8,"_cameraCFrame":[783.822,238.066,47.146,0.001,-0.86,0.51,0,0.51,0.86,-1,-0.001,0],"_shiftlockState":false,"_pose":"Running","_animationQueue":[["walk",0.1]],"_animationSpeed":1.003,"_zoom":16.125},{"_mousePosition":[675,380],"_rootPartCFrame":[775.331,222.698,47.139,0.001,0,1,0,1,0,-1,0,0.001],"_humanoidState":8,"_cameraCFrame":[783.556,238.067,47.124,-0.002,-0.86,0.51,0,0.51,0.86,-1,0.002,-0.001],"_shiftlockState":false,"_pose":"Running","_animationQueue":[["walk",0.1]],"_animationSpeed":1.101,"_zoom":16.125},{"_mousePosition":[675,380],"_rootPartCFrame":[775.064,222.699,47.138,0.001,0,1,0,1,0,-1,0,0.001],"_humanoidState":8,"_cameraCFrame":[783.208,238.116,47.103,-0.004,-0.863,0.505,0,0.505,0.863,-1,0.004,-0.002],"_shiftlockState":false,"_pose":"Running","_animationQueue":[],"_animationSpeed":1.101,"_zoom":16.125},{"_mousePosition":[675,380],"_rootPartCFrame":[774.797,222.699,47.139,0.001,0,1,0,1,0,-1,0,0.001],"_humanoidState":8,"_cameraCFrame":[782.914,238.132,47.063,-0.009,-0.864,0.503,0,0.503,0.864,-1,0.008,-0.005],"_shiftlockState":false,"_pose":"Running","_animationQueue":[],"_animationSpeed":1.101,"_zoom":16.125},{"_mousePosition":[675,380],"_rootPartCFrame":[774.531,222.699,47.14,0,0,1,0,1,0,-1,0,0],"_humanoidState":8,"_cameraCFrame":[782.592,238.164,47.044,-0.012,-0.866,0.5,0,0.5,0.866,-1,0.01,-0.006],"_shiftlockState":false,"_pose":"Running","_animationQueue":[],"_animationSpeed":1.101,"_zoom":16.125},{"_mousePosition":[675,380],"_rootPartCFrame":[774.264,222.699,47.142,-0.001,0,1,0,1,0,-1,0,-0.001],"_humanoidState":8,"_cameraCFrame":[782.271,238.196,47.006,-0.017,-0.868,0.497,0,0.497,0.868,-1,0.015,-0.008],"_shiftlockState":false,"_pose":"Running","_animationQueue":[["walk",0.1]],"_animationSpeed":1.101,"_zoom":16.125},{"_mousePosition":[675,380],"_rootPartCFrame":[773.997,222.7,47.145,-0.003,0,1,0,1,0,-1,0,-0.003],"_humanoidState":8,"_cameraCFrame":[781.949,238.227,46.97,-0.022,-0.87,0.493,0,0.493,0.87,-1,0.019,-0.011],"_shiftlockState":false,"_pose":"Running","_animationQueue":[],"_animationSpeed":1.101,"_zoom":16.125},{"_mousePosition":[675,380],"_rootPartCFrame":[773.598,222.7,47.152,-0.005,0,1,0,1,0,-1,0,-0.005],"_humanoidState":8,"_cameraCFrame":[781.521,238.242,46.957,-0.025,-0.871,0.491,0,0.492,0.871,-1,0.021,-0.012],"_shiftlockState":false,"_pose":"Running","_animationQueue":[],"_animationSpeed":1.101,"_zoom":16.125},{"_mousePosition":[675,380],"_rootPartCFrame":[773.331,222.7,47.158,-0.008,0,1,0,1,0,-1,0,-0.008],"_humanoidState":8,"_cameraCFrame":[781.226,238.258,46.944,-0.027,-0.872,0.49,0,0.49,0.872,-1,0.024,-0.013],"_shiftlockState":false,"_pose":"Running","_animationQueue":[],"_animationSpeed":1.101,"_zoom":16.125},{"_mousePosition":[675,380],"_rootPartCFrame":[773.064,222.7,47.164,-0.01,0,1,0,1,0,-1,0,-0.01],"_humanoidState":8,"_cameraCFrame":[780.932,238.273,46.931,-0.03,-0.872,0.488,0,0.488,0.873,-1,0.026,-0.014],"_shiftlockState":false,"_pose":"Running","_animationQueue":[],"_animationSpeed":1.101,"_zoom":16.125},{"_mousePosition":[675,380],"_rootPartCFrame":[772.798,222.7,47.171,-0.012,0,1,0,1,0,-1,0,-0.012],"_humanoidState":8,"_cameraCFrame":[780.637,238.288,46.919,-0.032,-0.873,0.486,0,0.486,0.874,-0.999,0.028,-0.016],"_shiftlockState":false,"_pose":"Running","_animationQueue":[],"_animationSpeed":1.101,"_zoom":16.125},{"_mousePosition":[675,380],"_rootPartCFrame":[772.531,222.7,47.179,-0.014,0,1,0,1,0,-1,0,-0.014],"_humanoidState":8,"_cameraCFrame":[780.343,238.304,46.908,-0.035,-0.874,0.484,0,0.485,0.875,-0.999,0.03,-0.017],"_shiftlockState":false,"_pose":"Running","_animationQueue":[["walk",0.1]],"_animationSpeed":1.101,"_zoom":16.125},{"_mousePosition":[675,380],"_rootPartCFrame":[772.265,222.7,47.188,-0.017,0,1,0,1,0,-1,0,-0.017],"_humanoidState":8,"_cameraCFrame":[780.02,238.334,46.899,-0.037,-0.876,0.481,0,0.481,0.877,-0.999,0.033,-0.018],"_shiftlockState":false,"_pose":"Running","_animationQueue":[],"_animationSpeed":1.101,"_zoom":16.125},{"_mousePosition":[675,380],"_rootPartCFrame":[771.998,222.7,47.197,-0.019,0,1,0,1,0,-1,0,-0.019],"_humanoidState":8,"_cameraCFrame":[779.726,238.349,46.89,-0.04,-0.877,0.479,0,0.48,0.877,-0.999,0.035,-0.019],"_shiftlockState":false,"_pose":"Running","_animationQueue":[],"_animationSpeed":1.101,"_zoom":16.125},{"_mousePosition":[675,380],"_rootPartCFrame":[771.732,222.7,47.207,-0.022,0,1,0,1,0,-1,0,-0.022],"_humanoidState":8,"_cameraCFrame":[779.431,238.364,46.881,-0.042,-0.878,0.477,0,0.478,0.878,-0.999,0.037,-0.02],"_shiftlockState":false,"_pose":"Running","_animationQueue":[],"_animationSpeed":1.101,"_zoom":16.125},{"_mousePosition":[675,380],"_rootPartCFrame":[771.465,223.573,47.217,-0.024,0,1,0,1,0,-1,0,-0.024],"_humanoidState":3,"_cameraCFrame":[779.164,239.237,46.891,-0.042,-0.878,0.477,0,0.478,0.878,-0.999,0.037,-0.02],"_shiftlockState":false,"_pose":"Jumping","_animationQueue":[["walk",0.1],["jump",0.1]],"_animationSpeed":1,"_zoom":16.125},{"_mousePosition":[675,380],"_rootPartCFrame":[771.265,224.194,47.225,-0.026,0,1,0,1,0,-1,0,-0.026],"_humanoidState":5,"_cameraCFrame":[778.964,239.859,46.899,-0.042,-0.878,0.477,0,0.478,0.878,-0.999,0.037,-0.02],"_shiftlockState":false,"_pose":"FreeFall","_animationQueue":[["jump",0.1]],"_animationSpeed":1,"_zoom":16.125},{"_mousePosition":[675,380],"_rootPartCFrame":[770.999,224.976,47.236,-0.028,0,1,0,1,0,-1,0,-0.028],"_humanoidState":5,"_cameraCFrame":[778.698,240.64,46.911,-0.042,-0.878,0.477,0,0.478,0.878,-0.999,0.037,-0.02],"_shiftlockState":false,"_pose":"FreeFall","_animationQueue":[],"_animationSpeed":1,"_zoom":16.125},{"_mousePosition":[675,380],"_rootPartCFrame":[770.733,225.702,47.247,-0.03,0,1,0,1,0,-1,0,-0.03],"_humanoidState":5,"_cameraCFrame":[778.432,241.367,46.922,-0.042,-0.878,0.477,0,0.478,0.878,-0.999,0.037,-0.02],"_shiftlockState":false,"_pose":"FreeFall","_animationQueue":[],"_animationSpeed":1,"_zoom":16.125},{"_mousePosition":[675,380],"_rootPartCFrame":[770.466,226.374,47.259,-0.032,0,0.999,0,1,0,-0.999,0,-0.032],"_humanoidState":5,"_cameraCFrame":[778.165,242.039,46.933,-0.042,-0.878,0.477,0,0.478,0.878,-0.999,0.037,-0.02],"_shiftlockState":false,"_pose":"FreeFall","_animationQueue":[],"_animationSpeed":1,"_zoom":16.125},{"_mousePosition":[675,380],"_rootPartCFrame":[770.2,226.992,47.27,-0.033,0,0.999,0,1,0,-0.999,0,-0.033],"_humanoidState":5,"_cameraCFrame":[777.899,242.657,46.944,-0.042,-0.878,0.477,0,0.478,0.878,-0.999,0.037,-0.02],"_shiftlockState":false,"_pose":"FreeFall","_animationQueue":[],"_animationSpeed":1,"_zoom":16.125},{"_mousePosition":[675,380],"_rootPartCFrame":[769.934,227.555,47.281,-0.035,0,0.999,0,1,0,-0.999,0,-0.035],"_humanoidState":5,"_cameraCFrame":[777.633,243.22,46.956,-0.042,-0.878,0.477,0,0.478,0.878,-0.999,0.037,-0.02],"_shiftlockState":false,"_pose":"FreeFall","_animationQueue":[],"_animationSpeed":1,"_zoom":16.125},{"_mousePosition":[675,380],"_rootPartCFrame":[769.667,228.064,47.292,-0.036,0,0.999,0,1,0,-0.999,0,-0.036],"_humanoidState":5,"_cameraCFrame":[777.366,243.728,46.967,-0.042,-0.878,0.477,0,0.478,0.878,-0.999,0.037,-0.02],"_shiftlockState":false,"_pose":"FreeFall","_animationQueue":[],"_animationSpeed":1,"_zoom":16.125},{"_mousePosition":[675,380],"_rootPartCFrame":[769.401,228.518,47.304,-0.037,0,0.999,0,1,0,-0.999,0,-0.037],"_humanoidState":5,"_cameraCFrame":[777.1,244.182,46.978,-0.042,-0.878,0.477,0,0.478,0.878,-0.999,0.037,-0.02],"_shiftlockState":false,"_pose":"FreeFall","_animationQueue":[],"_animationSpeed":1,"_zoom":16.125},{"_mousePosition":[675,380],"_rootPartCFrame":[769.135,228.918,47.315,-0.037,0,0.999,0,1,0,-0.999,0,-0.037],"_humanoidState":5,"_cameraCFrame":[776.833,244.582,46.989,-0.042,-0.878,0.477,0,0.478,0.878,-0.999,0.037,-0.02],"_shiftlockState":false,"_pose":"FreeFall","_animationQueue":[],"_animationSpeed":1,"_zoom":16.125},{"_mousePosition":[675,380],"_rootPartCFrame":[768.868,229.263,47.326,-0.038,0,0.999,0,1,0,-0.999,0,-0.038],"_humanoidState":5,"_cameraCFrame":[776.567,244.927,47.001,-0.042,-0.878,0.477,0,0.478,0.878,-0.999,0.037,-0.02],"_shiftlockState":false,"_pose":"FreeFall","_animationQueue":[],"_animationSpeed":1,"_zoom":16.125},{"_mousePosition":[675,380],"_rootPartCFrame":[768.602,229.553,47.338,-0.039,0,0.999,0,1,0,-0.999,0,-0.039],"_humanoidState":5,"_cameraCFrame":[776.302,245.218,47.031,-0.04,-0.878,0.478,0,0.478,0.878,-0.999,0.035,-0.019],"_shiftlockState":false,"_pose":"FreeFall","_animationQueue":[],"_animationSpeed":1,"_zoom":16.125},{"_mousePosition":[675,380],"_rootPartCFrame":[768.269,229.84,47.352,-0.039,0,0.999,0,1,0,-0.999,0,-0.039],"_humanoidState":5,"_cameraCFrame":[775.969,245.505,47.065,-0.037,-0.878,0.478,0,0.478,0.878,-0.999,0.033,-0.018],"_shiftlockState":false,"_pose":"FreeFall","_animationQueue":[],"_animationSpeed":1,"_zoom":16.125},{"_mousePosition":[675,380],"_rootPartCFrame":[768.003,230.008,47.362,-0.039,0,0.999,0,1,0,-0.999,0,-0.039],"_humanoidState":5,"_cameraCFrame":[775.704,245.673,47.095,-0.035,-0.878,0.478,0,0.478,0.878,-0.999,0.03,-0.017],"_shiftlockState":false,"_pose":"FreeFall","_animationQueue":[],"_animationSpeed":1,"_zoom":16.125},{"_mousePosition":[675,380],"_rootPartCFrame":[767.803,230.098,47.37,-0.039,0,0.999,0,1,0,-0.999,0,-0.039],"_humanoidState":5,"_cameraCFrame":[775.504,245.763,47.103,-0.035,-0.878,0.478,0,0.478,0.878,-0.999,0.03,-0.017],"_shiftlockState":false,"_pose":"FreeFall","_animationQueue":[],"_animationSpeed":1,"_zoom":16.125},{"_mousePosition":[675,380],"_rootPartCFrame":[767.536,230.171,47.379,-0.039,0,0.999,0,1,0,-0.999,0,-0.039],"_humanoidState":5,"_cameraCFrame":[775.237,245.836,47.112,-0.035,-0.878,0.478,0,0.478,0.878,-0.999,0.03,-0.017],"_shiftlockState":false,"_pose":"FreeFall","_animationQueue":[],"_animationSpeed":1,"_zoom":16.125},{"_mousePosition":[675,380],"_rootPartCFrame":[767.269,230.189,47.388,-0.038,0,0.999,0,1,0,-0.999,0,-0.038],"_humanoidState":5,"_cameraCFrame":[774.971,245.854,47.121,-0.035,-0.878,0.478,0,0.478,0.878,-0.999,0.03,-0.017],"_shiftlockState":false,"_pose":"FreeFall","_animationQueue":[["fall",0.3]],"_animationSpeed":1,"_zoom":16.125},{"_mousePosition":[675,380],"_rootPartCFrame":[766.936,230.135,47.4,-0.038,0,0.999,0,1,0,-0.999,0,-0.038],"_humanoidState":5,"_cameraCFrame":[774.637,245.8,47.133,-0.035,-0.878,0.478,0,0.478,0.878,-0.999,0.03,-0.017],"_shiftlockState":false,"_pose":"FreeFall","_animationQueue":[],"_animationSpeed":1,"_zoom":16.125},{"_mousePosition":[675,380],"_rootPartCFrame":[766.736,230.062,47.407,-0.037,0,0.999,0,1,0,-0.999,0,-0.037],"_humanoidState":5,"_cameraCFrame":[774.438,245.726,47.14,-0.035,-0.878,0.478,0,0.478,0.878,-0.999,0.03,-0.017],"_shiftlockState":false,"_pose":"FreeFall","_animationQueue":[],"_animationSpeed":1,"_zoom":16.125},{"_mousePosition":[675,380],"_rootPartCFrame":[766.47,229.917,47.416,-0.037,0,0.999,0,1,0,-0.999,0,-0.037],"_humanoidState":5,"_cameraCFrame":[774.144,245.596,47.169,-0.032,-0.879,0.476,0,0.476,0.879,-0.999,0.028,-0.015],"_shiftlockState":false,"_pose":"FreeFall","_animationQueue":[],"_animationSpeed":1,"_zoom":16.125},{"_mousePosition":[675,380],"_rootPartCFrame":[766.203,229.717,47.425,-0.037,0,0.999,0,1,0,-0.999,0,-0.037],"_humanoidState":5,"_cameraCFrame":[773.85,245.411,47.199,-0.03,-0.88,0.474,0,0.474,0.88,-1,0.026,-0.014],"_shiftlockState":false,"_pose":"FreeFall","_animationQueue":[],"_animationSpeed":1,"_zoom":16.125},{"_mousePosition":[675,380],"_rootPartCFrame":[765.936,229.462,47.434,-0.036,0,0.999,0,1,0,-0.999,0,-0.036],"_humanoidState":5,"_cameraCFrame":[773.585,245.157,47.246,-0.025,-0.88,0.474,0,0.474,0.88,-1,0.022,-0.012],"_shiftlockState":false,"_pose":"FreeFall","_animationQueue":[],"_animationSpeed":1,"_zoom":16.125},{"_mousePosition":[675,380],"_rootPartCFrame":[765.603,229.068,47.444,-0.035,0,0.999,0,1,0,-0.999,0,-0.035],"_humanoidState":5,"_cameraCFrame":[773.224,244.777,47.257,-0.025,-0.881,0.473,0,0.473,0.881,-1,0.022,-0.012],"_shiftlockState":false,"_pose":"FreeFall","_animationQueue":[["fall",0.3]],"_animationSpeed":1,"_zoom":16.125},{"_mousePosition":[675,380],"_rootPartCFrame":[765.403,228.79,47.449,-0.034,0,0.999,0,1,0,-0.999,0,-0.034],"_humanoidState":5,"_cameraCFrame":[773.024,244.499,47.281,-0.022,-0.881,0.473,0,0.473,0.881,-1,0.019,-0.01],"_shiftlockState":false,"_pose":"FreeFall","_animationQueue":[],"_animationSpeed":1,"_zoom":16.125},{"_mousePosition":[675,380],"_rootPartCFrame":[765.137,228.372,47.456,-0.033,0,0.999,0,1,0,-0.999,0,-0.033],"_humanoidState":5,"_cameraCFrame":[772.73,244.096,47.308,-0.019,-0.882,0.471,0,0.471,0.882,-1,0.017,-0.009],"_shiftlockState":false,"_pose":"FreeFall","_animationQueue":[],"_animationSpeed":1,"_zoom":16.125},{"_mousePosition":[675,380],"_rootPartCFrame":[764.87,227.9,47.462,-0.032,0,1,0,1,0,-1,0,-0.032],"_humanoidState":5,"_cameraCFrame":[772.436,243.639,47.333,-0.017,-0.883,0.469,0,0.469,0.883,-1,0.015,-0.008],"_shiftlockState":false,"_pose":"FreeFall","_animationQueue":[],"_animationSpeed":1,"_zoom":16.125},{"_mousePosition":[675,380],"_rootPartCFrame":[764.603,227.373,47.467,-0.03,0,1,0,1,0,-1,0,-0.03],"_humanoidState":5,"_cameraCFrame":[772.143,243.127,47.377,-0.012,-0.884,0.468,0,0.468,0.884,-1,0.011,-0.006],"_shiftlockState":false,"_pose":"FreeFall","_animationQueue":[],"_animationSpeed":1,"_zoom":16.125},{"_mousePosition":[675,380],"_rootPartCFrame":[764.337,226.792,47.472,-0.028,0,1,0,1,0,-1,0,-0.028],"_humanoidState":5,"_cameraCFrame":[771.876,242.545,47.42,-0.007,-0.884,0.468,0,0.468,0.884,-1,0.006,-0.003],"_shiftlockState":false,"_pose":"FreeFall","_animationQueue":[],"_animationSpeed":1,"_zoom":16.125},{"_mousePosition":[675,380],"_rootPartCFrame":[764.07,226.156,47.475,-0.026,0,1,0,1,0,-1,0,-0.026],"_humanoidState":5,"_cameraCFrame":[771.582,241.924,47.443,-0.004,-0.885,0.466,0,0.466,0.885,-1,0.004,-0.002],"_shiftlockState":false,"_pose":"FreeFall","_animationQueue":[],"_animationSpeed":1,"_zoom":16.125},{"_mousePosition":[675,380],"_rootPartCFrame":[763.737,225.284,47.477,-0.023,0,1,0,1,0,-1,0,-0.023],"_humanoidState":5,"_cameraCFrame":[771.249,241.053,47.445,-0.004,-0.885,0.466,0,0.466,0.885,-1,0.004,-0.002],"_shiftlockState":false,"_pose":"FreeFall","_animationQueue":[["fall",0.3]],"_animationSpeed":1,"_zoom":16.125},{"_mousePosition":[675,380],"_rootPartCFrame":[763.47,224.526,47.479,-0.021,0,1,0,1,0,-1,0,-0.021],"_humanoidState":5,"_cameraCFrame":[770.982,240.294,47.446,-0.004,-0.885,0.466,0,0.466,0.885,-1,0.004,-0.002],"_shiftlockState":false,"_pose":"FreeFall","_animationQueue":[],"_animationSpeed":1,"_zoom":16.125},{"_mousePosition":[675,380],"_rootPartCFrame":[763.204,223.713,47.48,-0.018,0,1,0,1,0,-1,0,-0.018],"_humanoidState":5,"_cameraCFrame":[770.716,239.481,47.448,-0.004,-0.885,0.466,0,0.466,0.885,-1,0.004,-0.002],"_shiftlockState":false,"_pose":"FreeFall","_animationQueue":[],"_animationSpeed":1,"_zoom":16.125},{"_mousePosition":[675,380],"_rootPartCFrame":[762.937,222.845,47.481,-0.016,0,1,0,1,0,-1,0,-0.016],"_humanoidState":5,"_cameraCFrame":[770.421,238.628,47.449,-0.004,-0.886,0.464,0,0.464,0.886,-1,0.004,-0.002],"_shiftlockState":false,"_pose":"FreeFall","_animationQueue":[],"_animationSpeed":1,"_zoom":16.125},{"_mousePosition":[675,380],"_rootPartCFrame":[762.671,222.23,47.482,-0.015,0,1,0,1,0,-1,0,-0.015],"_humanoidState":7,"_cameraCFrame":[770.127,238.028,47.488,0.001,-0.887,0.462,0,0.462,0.887,-1,-0.001,0],"_shiftlockState":false,"_pose":"FreeFall","_animationQueue":[["walk",0.1],["fall",0.3],["fall",0.3]],"_animationSpeed":1,"_zoom":16.125},{"_mousePosition":[675,380],"_rootPartCFrame":[762.404,222.293,47.483,-0.013,0,1,0,1,0,-1,0,-0.013],"_humanoidState":7,"_cameraCFrame":[769.86,238.091,47.489,0.001,-0.887,0.462,0,0.462,0.887,-1,-0.001,0],"_shiftlockState":false,"_pose":"FreeFall","_animationQueue":[],"_animationSpeed":1,"_zoom":16.125},{"_mousePosition":[675,380],"_rootPartCFrame":[762.071,222.43,47.483,-0.011,0,1,0,1,0,-1,0,-0.011],"_humanoidState":8,"_cameraCFrame":[769.527,238.228,47.489,0.001,-0.887,0.462,0,0.462,0.887,-1,-0.001,0],"_shiftlockState":false,"_pose":"Running","_animationQueue":[["fall",0.3],["walk",0.1],["fall",0.3],["walk",0.1]],"_animationSpeed":1.103,"_zoom":16.125},{"_mousePosition":[675,380],"_rootPartCFrame":[761.804,222.496,47.483,-0.009,0,1,0,1,0,-1,0,-0.009],"_humanoidState":8,"_cameraCFrame":[769.26,238.293,47.489,0.001,-0.887,0.462,0,0.462,0.887,-1,-0.001,0],"_shiftlockState":false,"_pose":"Running","_animationQueue":[],"_animationSpeed":1.103,"_zoom":16.125},{"_mousePosition":[675,380],"_rootPartCFrame":[761.537,222.541,47.483,-0.008,0,1,0,1,0,-1,0,-0.008],"_humanoidState":8,"_cameraCFrame":[768.993,238.338,47.488,0.001,-0.887,0.462,0,0.462,0.887,-1,-0.001,0],"_shiftlockState":false,"_pose":"Running","_animationQueue":[],"_animationSpeed":1.103,"_zoom":16.125},{"_mousePosition":[675,380],"_rootPartCFrame":[761.404,222.56,47.483,-0.007,0,1,0,1,0,-1,0,-0.007],"_humanoidState":8,"_cameraCFrame":[768.832,238.372,47.488,0.001,-0.888,0.461,0,0.461,0.888,-1,-0.001,0],"_shiftlockState":false,"_pose":"Running","_animationQueue":[],"_animationSpeed":1.103,"_zoom":16.125},{"_mousePosition":[675,380],"_rootPartCFrame":[761.004,222.589,47.482,-0.006,0,1,0,1,0,-1,0,-0.006],"_humanoidState":8,"_cameraCFrame":[768.432,238.401,47.507,0.003,-0.888,0.461,0,0.461,0.888,-1,-0.003,0.002],"_shiftlockState":false,"_pose":"Running","_animationQueue":[],"_animationSpeed":1.103,"_zoom":16.125},{"_mousePosition":[675,380],"_rootPartCFrame":[760.87,222.595,47.482,-0.005,0,1,0,1,0,-1,0,-0.005],"_humanoidState":8,"_cameraCFrame":[768.299,238.407,47.507,0.003,-0.888,0.461,0,0.461,0.888,-1,-0.003,0.002],"_shiftlockState":false,"_pose":"Running","_animationQueue":[],"_animationSpeed":1.103,"_zoom":16.125},{"_mousePosition":[675,380],"_rootPartCFrame":[760.47,222.608,47.481,-0.004,0,1,0,1,0,-1,0,-0.004],"_humanoidState":8,"_cameraCFrame":[767.899,238.42,47.505,0.003,-0.888,0.461,0,0.461,0.888,-1,-0.003,0.002],"_shiftlockState":false,"_pose":"Running","_animationQueue":[],"_animationSpeed":1.103,"_zoom":16.125},{"_mousePosition":[675,380],"_rootPartCFrame":[760.337,222.613,47.481,-0.003,0,1,0,1,0,-1,0,-0.003],"_humanoidState":8,"_cameraCFrame":[767.737,238.44,47.505,0.003,-0.888,0.459,0,0.459,0.888,-1,-0.003,0.002],"_shiftlockState":false,"_pose":"Running","_animationQueue":[["walk",0.1]],"_animationSpeed":1.103,"_zoom":16.125},{"_mousePosition":[675,380],"_rootPartCFrame":[759.937,222.658,47.479,-0.002,0,1,0,1,0,-1,0,-0.002],"_humanoidState":8,"_cameraCFrame":[767.309,238.499,47.504,0.003,-0.889,0.457,0,0.457,0.889,-1,-0.003,0.002],"_shiftlockState":false,"_pose":"Running","_animationQueue":[],"_animationSpeed":1.103,"_zoom":16.125},{"_mousePosition":[675,380],"_rootPartCFrame":[759.737,222.658,47.479,-0.001,0,1,0,1,0,-1,0,-0.001],"_humanoidState":8,"_cameraCFrame":[767.081,238.513,47.503,0.003,-0.89,0.455,0,0.455,0.89,-1,-0.003,0.002],"_shiftlockState":false,"_pose":"Running","_animationQueue":[],"_animationSpeed":1.103,"_zoom":16.125},{"_mousePosition":[675,380],"_rootPartCFrame":[759.404,222.59,47.477,0,0,1,0,1,0,-1,0,0],"_humanoidState":8,"_cameraCFrame":[766.748,238.445,47.502,0.003,-0.89,0.455,0,0.455,0.89,-1,-0.003,0.002],"_shiftlockState":false,"_pose":"Running","_animationQueue":[],"_animationSpeed":1.103,"_zoom":16.125},{"_mousePosition":[675,380],"_rootPartCFrame":[759.204,222.508,47.477,0.001,0,1,0,1,0,-1,0,0.001],"_humanoidState":8,"_cameraCFrame":[766.548,238.363,47.501,0.003,-0.89,0.455,0,0.455,0.89,-1,-0.003,0.002],"_shiftlockState":false,"_pose":"Running","_animationQueue":[],"_animationSpeed":1.103,"_zoom":16.125},{"_mousePosition":[675,380],"_rootPartCFrame":[758.937,222.351,47.476,0.001,0,1,0,1,0,-1,0,0.001],"_humanoidState":8,"_cameraCFrame":[766.282,238.206,47.5,0.003,-0.89,0.455,0,0.455,0.89,-1,-0.003,0.002],"_shiftlockState":false,"_pose":"Running","_animationQueue":[],"_animationSpeed":1.103,"_zoom":16.125},{"_mousePosition":[675,380],"_rootPartCFrame":[758.67,222.14,47.475,0.002,0,1,0,1,0,-1,0,0.002],"_humanoidState":8,"_cameraCFrame":[766.015,237.995,47.499,0.003,-0.89,0.455,0,0.455,0.89,-1,-0.003,0.002],"_shiftlockState":false,"_pose":"Running","_animationQueue":[["walk",0.1]],"_animationSpeed":1.103,"_zoom":16.125},{"_mousePosition":[675,380],"_rootPartCFrame":[758.337,223.223,47.474,0.003,0,1,0,1,0,-1,0,0.003],"_humanoidState":3,"_cameraCFrame":[765.682,239.078,47.517,0.006,-0.89,0.455,0,0.455,0.89,-1,-0.005,0.003],"_shiftlockState":false,"_pose":"Jumping","_animationQueue":[["walk",0.1],["jump",0.1]],"_animationSpeed":1,"_zoom":16.125},{"_mousePosition":[675,380],"_rootPartCFrame":[758.071,224.032,47.473,0.004,0,1,0,1,0,-1,0,0.004],"_humanoidState":5,"_cameraCFrame":[765.415,239.887,47.516,0.006,-0.89,0.455,0,0.455,0.89,-1,-0.005,0.003],"_shiftlockState":false,"_pose":"FreeFall","_animationQueue":[["jump",0.1]],"_animationSpeed":1,"_zoom":16.125},{"_mousePosition":[675,380],"_rootPartCFrame":[757.871,224.602,47.472,0.004,0,1,0,1,0,-1,0,0.004],"_humanoidState":5,"_cameraCFrame":[765.215,240.457,47.515,0.006,-0.89,0.455,0,0.455,0.89,-1,-0.005,0.003],"_shiftlockState":false,"_pose":"FreeFall","_animationQueue":[],"_animationSpeed":1,"_zoom":16.125},{"_mousePosition":[675,380],"_rootPartCFrame":[757.604,225.315,47.47,0.004,0,1,0,1,0,-1,0,0.004],"_humanoidState":5,"_cameraCFrame":[764.949,241.17,47.513,0.006,-0.89,0.455,0,0.455,0.89,-1,-0.005,0.003],"_shiftlockState":false,"_pose":"FreeFall","_animationQueue":[],"_animationSpeed":1,"_zoom":16.125},{"_mousePosition":[675,380],"_rootPartCFrame":[757.271,226.13,47.468,0.004,0,1,0,1,0,-1,0,0.004],"_humanoidState":5,"_cameraCFrame":[764.615,241.985,47.511,0.006,-0.89,0.455,0,0.455,0.89,-1,-0.005,0.003],"_shiftlockState":false,"_pose":"FreeFall","_animationQueue":[],"_animationSpeed":1,"_zoom":16.125},{"_mousePosition":[675,380],"_rootPartCFrame":[757.071,226.578,47.467,0.004,0,1,0,1,0,-1,0,0.004],"_humanoidState":5,"_cameraCFrame":[764.415,242.433,47.51,0.006,-0.89,0.455,0,0.455,0.89,-1,-0.005,0.003],"_shiftlockState":false,"_pose":"FreeFall","_animationQueue":[],"_animationSpeed":1,"_zoom":16.125},{"_mousePosition":[675,380],"_rootPartCFrame":[756.804,227.127,47.466,0.005,0,1,0,1,0,-1,0,0.005],"_humanoidState":5,"_cameraCFrame":[764.121,242.997,47.508,0.006,-0.891,0.454,0,0.454,0.891,-1,-0.005,0.003],"_shiftlockState":false,"_pose":"FreeFall","_animationQueue":[],"_animationSpeed":1,"_zoom":16.125},{"_mousePosition":[675,380],"_rootPartCFrame":[756.538,227.622,47.464,0.005,0,1,0,1,0,-1,0,0.005],"_humanoidState":5,"_cameraCFrame":[763.854,243.492,47.507,0.006,-0.891,0.454,0,0.454,0.891,-1,-0.005,0.003],"_shiftlockState":false,"_pose":"FreeFall","_animationQueue":[],"_animationSpeed":1,"_zoom":16.125},{"_mousePosition":[675,380],"_rootPartCFrame":[756.271,228.063,47.463,0.005,0,1,0,1,0,-1,0,0.005],"_humanoidState":5,"_cameraCFrame":[763.588,243.932,47.505,0.006,-0.891,0.454,0,0.454,0.891,-1,-0.005,0.003],"_shiftlockState":false,"_pose":"FreeFall","_animationQueue":[],"_animationSpeed":1,"_zoom":16.125},{"_mousePosition":[675,380],"_rootPartCFrame":[756.004,228.449,47.461,0.005,0,1,0,1,0,-1,0,0.005],"_humanoidState":5,"_cameraCFrame":[763.321,244.318,47.504,0.006,-0.891,0.454,0,0.454,0.891,-1,-0.005,0.003],"_shiftlockState":false,"_pose":"FreeFall","_animationQueue":[],"_animationSpeed":1,"_zoom":16.125},{"_mousePosition":[675,380],"_rootPartCFrame":[755.738,228.78,47.46,0.005,0,1,0,1,0,-1,0,0.005],"_humanoidState":5,"_cameraCFrame":[763.054,244.65,47.502,0.006,-0.891,0.454,0,0.454,0.891,-1,-0.005,0.003],"_shiftlockState":false,"_pose":"FreeFall","_animationQueue":[],"_animationSpeed":1,"_zoom":16.125},{"_mousePosition":[675,380],"_rootPartCFrame":[755.471,229.057,47.458,0.005,0,1,0,1,0,-1,0,0.005],"_humanoidState":5,"_cameraCFrame":[762.788,244.927,47.501,0.006,-0.891,0.454,0,0.454,0.891,-1,-0.005,0.003],"_shiftlockState":false,"_pose":"FreeFall","_animationQueue":[],"_animationSpeed":1,"_zoom":16.125},{"_mousePosition":[675,380],"_rootPartCFrame":[755.205,229.28,47.456,0.005,0,1,0,1,0,-1,0,0.005],"_humanoidState":5,"_cameraCFrame":[762.521,245.149,47.499,0.006,-0.891,0.454,0,0.454,0.891,-1,-0.005,0.003],"_shiftlockState":false,"_pose":"FreeFall","_animationQueue":[],"_animationSpeed":1,"_zoom":16.125},{"_mousePosition":[675,380],"_rootPartCFrame":[754.938,229.448,47.455,0.005,0,1,0,1,0,-1,0,0.005],"_humanoidState":5,"_cameraCFrame":[762.255,245.317,47.497,0.006,-0.891,0.454,0,0.454,0.891,-1,-0.005,0.003],"_shiftlockState":false,"_pose":"FreeFall","_animationQueue":[],"_animationSpeed":1,"_zoom":16.125},{"_mousePosition":[675,380],"_rootPartCFrame":[754.671,229.561,47.453,0.005,0,1,0,1,0,-1,0,0.005],"_humanoidState":5,"_cameraCFrame":[761.988,245.431,47.496,0.006,-0.891,0.454,0,0.454,0.891,-1,-0.005,0.003],"_shiftlockState":false,"_pose":"FreeFall","_animationQueue":[],"_animationSpeed":1,"_zoom":16.125},{"_mousePosition":[675,380],"_rootPartCFrame":[754.405,229.62,47.452,0.006,0,1,0,1,0,-1,0,0.006],"_humanoidState":5,"_cameraCFrame":[761.721,245.49,47.494,0.006,-0.891,0.454,0,0.454,0.891,-1,-0.005,0.003],"_shiftlockState":false,"_pose":"FreeFall","_animationQueue":[],"_animationSpeed":1,"_zoom":16.125},{"_mousePosition":[675,380],"_rootPartCFrame":[754.138,229.625,47.45,0.006,0,1,0,1,0,-1,0,0.006],"_humanoidState":5,"_cameraCFrame":[761.427,245.509,47.493,0.006,-0.892,0.452,0,0.452,0.892,-1,-0.005,0.003],"_shiftlockState":false,"_pose":"FreeFall","_animationQueue":[],"_animationSpeed":1,"_zoom":16.125},{"_mousePosition":[675,380],"_rootPartCFrame":[753.805,229.554,47.448,0.006,0,1,0,1,0,-1,0,0.006],"_humanoidState":5,"_cameraCFrame":[761.093,245.438,47.491,0.006,-0.892,0.452,0,0.452,0.892,-1,-0.005,0.003],"_shiftlockState":false,"_pose":"FreeFall","_animationQueue":[],"_animationSpeed":1,"_zoom":16.125},{"_mousePosition":[675,380],"_rootPartCFrame":[753.605,229.471,47.447,0.006,0,1,0,1,0,-1,0,0.006],"_humanoidState":5,"_cameraCFrame":[760.893,245.354,47.49,0.006,-0.892,0.452,0,0.452,0.892,-1,-0.005,0.003],"_shiftlockState":false,"_pose":"FreeFall","_animationQueue":[],"_animationSpeed":1,"_zoom":16.125},{"_mousePosition":[675,380],"_rootPartCFrame":[753.272,229.263,47.445,0.006,0,1,0,1,0,-1,0,0.006],"_humanoidState":5,"_cameraCFrame":[760.56,245.147,47.488,0.006,-0.892,0.452,0,0.452,0.892,-1,-0.005,0.003],"_shiftlockState":false,"_pose":"FreeFall","_animationQueue":[["fall",0.3]],"_animationSpeed":1,"_zoom":16.125},{"_mousePosition":[675,380],"_rootPartCFrame":[753.072,229.098,47.444,0.006,0,1,0,1,0,-1,0,0.006],"_humanoidState":5,"_cameraCFrame":[760.36,244.982,47.486,0.006,-0.892,0.452,0,0.452,0.892,-1,-0.005,0.003],"_shiftlockState":false,"_pose":"FreeFall","_animationQueue":[],"_animationSpeed":1,"_zoom":16.125},{"_mousePosition":[675,380],"_rootPartCFrame":[752.739,228.755,47.442,0.006,0,1,0,1,0,-1,0,0.006],"_humanoidState":5,"_cameraCFrame":[760.027,244.638,47.484,0.006,-0.892,0.452,0,0.452,0.892,-1,-0.005,0.003],"_shiftlockState":false,"_pose":"FreeFall","_animationQueue":[],"_animationSpeed":1,"_zoom":16.125},{"_mousePosition":[675,380],"_rootPartCFrame":[752.472,228.418,47.44,0.006,0,1,0,1,0,-1,0,0.006],"_humanoidState":5,"_cameraCFrame":[759.76,244.302,47.483,0.006,-0.892,0.452,0,0.452,0.892,-1,-0.005,0.003],"_shiftlockState":false,"_pose":"FreeFall","_animationQueue":[],"_animationSpeed":1,"_zoom":16.125},{"_mousePosition":[675,380],"_rootPartCFrame":[752.205,228.028,47.439,0.006,0,1,0,1,0,-1,0,0.006],"_humanoidState":5,"_cameraCFrame":[759.494,243.912,47.481,0.006,-0.892,0.452,0,0.452,0.892,-1,-0.005,0.003],"_shiftlockState":false,"_pose":"FreeFall","_animationQueue":[],"_animationSpeed":1,"_zoom":16.125},{"_mousePosition":[675,380],"_rootPartCFrame":[751.939,227.583,47.437,0.006,0,1,0,1,0,-1,0,0.006],"_humanoidState":5,"_cameraCFrame":[759.227,243.467,47.48,0.006,-0.892,0.452,0,0.452,0.892,-1,-0.005,0.003],"_shiftlockState":false,"_pose":"FreeFall","_animationQueue":[],"_animationSpeed":1,"_zoom":16.125},{"_mousePosition":[675,380],"_rootPartCFrame":[751.672,227.083,47.436,0.006,0,1,0,1,0,-1,0,0.006],"_humanoidState":5,"_cameraCFrame":[758.961,242.967,47.478,0.006,-0.892,0.452,0,0.452,0.892,-1,-0.005,0.003],"_shiftlockState":false,"_pose":"FreeFall","_animationQueue":[["fall",0.3]],"_animationSpeed":1,"_zoom":16.125},{"_mousePosition":[675,380],"_rootPartCFrame":[751.406,226.529,47.434,0.006,0,1,0,1,0,-1,0,0.006],"_humanoidState":5,"_cameraCFrame":[758.694,242.413,47.477,0.006,-0.892,0.452,0,0.452,0.892,-1,-0.005,0.003],"_shiftlockState":false,"_pose":"FreeFall","_animationQueue":[],"_animationSpeed":1,"_zoom":16.125},{"_mousePosition":[675,380],"_rootPartCFrame":[751.139,225.92,47.433,0.006,0,1,0,1,0,-1,0,0.006],"_humanoidState":5,"_cameraCFrame":[758.427,241.804,47.475,0.006,-0.892,0.452,0,0.452,0.892,-1,-0.005,0.003],"_shiftlockState":false,"_pose":"FreeFall","_animationQueue":[],"_animationSpeed":1,"_zoom":16.125},{"_mousePosition":[675,380],"_rootPartCFrame":[750.939,225.428,47.432,0.006,0,1,0,1,0,-1,0,0.006],"_humanoidState":5,"_cameraCFrame":[758.227,241.312,47.474,0.006,-0.892,0.452,0,0.452,0.892,-1,-0.005,0.003],"_shiftlockState":false,"_pose":"FreeFall","_animationQueue":[],"_animationSpeed":1,"_zoom":16.125},{"_mousePosition":[675,380],"_rootPartCFrame":[750.672,224.724,47.43,0.006,0,1,0,1,0,-1,0,0.006],"_humanoidState":5,"_cameraCFrame":[757.961,240.608,47.472,0.006,-0.892,0.452,0,0.452,0.892,-1,-0.005,0.003],"_shiftlockState":false,"_pose":"FreeFall","_animationQueue":[],"_animationSpeed":1,"_zoom":16.125},{"_mousePosition":[675,380],"_rootPartCFrame":[750.339,223.768,47.428,0.006,0,1,0,1,0,-1,0,0.006],"_humanoidState":5,"_cameraCFrame":[757.628,239.651,47.47,0.006,-0.892,0.452,0,0.452,0.892,-1,-0.005,0.003],"_shiftlockState":false,"_pose":"FreeFall","_animationQueue":[],"_animationSpeed":1,"_zoom":16.125},{"_mousePosition":[675,380],"_rootPartCFrame":[750.139,223.153,47.427,0.006,0,1,0,1,0,-1,0,0.006],"_humanoidState":7,"_cameraCFrame":[757.428,239.037,47.469,0.006,-0.892,0.452,0,0.452,0.892,-1,-0.005,0.003],"_shiftlockState":false,"_pose":"FreeFall","_animationQueue":[["walk",0.1],["fall",0.3],["fall",0.3]],"_animationSpeed":1,"_zoom":16.125},{"_mousePosition":[675,380],"_rootPartCFrame":[749.873,222.396,47.425,0.006,0,1,0,1,0,-1,0,0.006],"_humanoidState":7,"_cameraCFrame":[757.161,238.279,47.468,0.006,-0.892,0.452,0,0.452,0.892,-1,-0.005,0.003],"_shiftlockState":false,"_pose":"FreeFall","_animationQueue":[["fall",0.3]],"_animationSpeed":1,"_zoom":16.125},{"_mousePosition":[675,380],"_rootPartCFrame":[749.606,222.361,47.424,0.006,0,1,0,1,0,-1,0,0.006],"_humanoidState":7,"_cameraCFrame":[756.894,238.245,47.466,0.006,-0.892,0.452,0,0.452,0.892,-1,-0.005,0.003],"_shiftlockState":false,"_pose":"FreeFall","_animationQueue":[],"_animationSpeed":1,"_zoom":16.125},{"_mousePosition":[675,380],"_rootPartCFrame":[749.339,222.463,47.422,0.006,0,1,0,1,0,-1,0,0.006],"_humanoidState":8,"_cameraCFrame":[756.628,238.347,47.465,0.006,-0.892,0.452,0,0.452,0.892,-1,-0.005,0.003],"_shiftlockState":false,"_pose":"Running","_animationQueue":[["walk",0.1],["fall",0.3],["walk",0.1]],"_animationSpeed":1.103,"_zoom":16.125},{"_mousePosition":[675,380],"_rootPartCFrame":[749.073,222.531,47.421,0.006,0,1,0,1,0,-1,0,0.006],"_humanoidState":8,"_cameraCFrame":[756.361,238.414,47.463,0.006,-0.892,0.452,0,0.452,0.892,-1,-0.005,0.003],"_shiftlockState":false,"_pose":"Running","_animationQueue":[],"_animationSpeed":1.103,"_zoom":16.125},{"_mousePosition":[675,380],"_rootPartCFrame":[748.806,222.563,47.419,0.006,0,1,0,1,0,-1,0,0.006],"_humanoidState":8,"_cameraCFrame":[756.095,238.447,47.462,0.006,-0.892,0.452,0,0.452,0.892,-1,-0.005,0.003],"_shiftlockState":false,"_pose":"Running","_animationQueue":[],"_animationSpeed":1.103,"_zoom":16.125},{"_mousePosition":[675,380],"_rootPartCFrame":[748.54,222.58,47.418,0.006,0,1,0,1,0,-1,0,0.006],"_humanoidState":8,"_cameraCFrame":[755.828,238.464,47.46,0.006,-0.892,0.452,0,0.452,0.892,-1,-0.005,0.003],"_shiftlockState":false,"_pose":"Running","_animationQueue":[],"_animationSpeed":1.103,"_zoom":16.125},{"_mousePosition":[675,380],"_rootPartCFrame":[748.273,222.566,47.416,0.006,0,1,0,1,0,-1,0,0.006],"_humanoidState":8,"_cameraCFrame":[755.561,238.45,47.458,0.006,-0.892,0.452,0,0.452,0.892,-1,-0.005,0.003],"_shiftlockState":false,"_pose":"Running","_animationQueue":[["walk",0.1]],"_animationSpeed":1.103,"_zoom":16.125},{"_mousePosition":[675,380],"_rootPartCFrame":[748.006,222.566,47.414,0.006,0,1,0,1,0,-1,0,0.006],"_humanoidState":8,"_cameraCFrame":[755.295,238.449,47.457,0.006,-0.892,0.452,0,0.452,0.892,-1,-0.005,0.003],"_shiftlockState":false,"_pose":"Running","_animationQueue":[],"_animationSpeed":1.103,"_zoom":16.125},{"_mousePosition":[675,380],"_rootPartCFrame":[747.74,222.569,47.413,0.006,0,1,0,1,0,-1,0,0.006],"_humanoidState":8,"_cameraCFrame":[755.028,238.453,47.455,0.006,-0.892,0.452,0,0.452,0.892,-1,-0.005,0.003],"_shiftlockState":false,"_pose":"Running","_animationQueue":[],"_animationSpeed":1.103,"_zoom":16.125},{"_mousePosition":[675,380],"_rootPartCFrame":[747.473,222.572,47.411,0.006,0,1,0,1,0,-1,0,0.006],"_humanoidState":8,"_cameraCFrame":[754.762,238.455,47.454,0.006,-0.892,0.452,0,0.452,0.892,-1,-0.005,0.003],"_shiftlockState":false,"_pose":"Running","_animationQueue":[],"_animationSpeed":1.103,"_zoom":16.125},{"_mousePosition":[675,380],"_rootPartCFrame":[747.207,222.573,47.41,0.006,0,1,0,1,0,-1,0,0.006],"_humanoidState":8,"_cameraCFrame":[754.467,238.471,47.452,0.006,-0.893,0.45,0,0.45,0.893,-1,-0.005,0.003],"_shiftlockState":false,"_pose":"Running","_animationQueue":[],"_animationSpeed":1.103,"_zoom":16.125},{"_mousePosition":[675,380],"_rootPartCFrame":[746.94,222.574,47.408,0.006,0,1,0,1,0,-1,0,0.006],"_humanoidState":8,"_cameraCFrame":[754.172,238.486,47.45,0.006,-0.894,0.449,0,0.449,0.894,-1,-0.005,0.003],"_shiftlockState":false,"_pose":"Running","_animationQueue":[],"_animationSpeed":1.103,"_zoom":16.125},{"_mousePosition":[675,380],"_rootPartCFrame":[746.673,222.574,47.407,0.006,0,1,0,1,0,-1,0,0.006],"_humanoidState":8,"_cameraCFrame":[753.878,238.5,47.449,0.006,-0.895,0.447,0,0.447,0.895,-1,-0.005,0.003],"_shiftlockState":false,"_pose":"Running","_animationQueue":[["walk",0.1]],"_animationSpeed":1.103,"_zoom":16.125},{"_mousePosition":[675,380],"_rootPartCFrame":[746.34,222.575,47.405,0.006,0,1,0,1,0,-1,0,0.006],"_humanoidState":8,"_cameraCFrame":[753.544,238.501,47.465,0.008,-0.895,0.447,0,0.447,0.895,-1,-0.007,0.004],"_shiftlockState":false,"_pose":"Running","_animationQueue":[],"_animationSpeed":1.103,"_zoom":16.125},{"_mousePosition":[675,380],"_rootPartCFrame":[746.074,222.575,47.403,0.006,0,1,0,1,0,-1,0,0.006],"_humanoidState":8,"_cameraCFrame":[753.25,238.515,47.463,0.008,-0.895,0.445,0,0.445,0.896,-1,-0.007,0.004],"_shiftlockState":false,"_pose":"Running","_animationQueue":[],"_animationSpeed":1.103,"_zoom":16.125},{"_mousePosition":[675,380],"_rootPartCFrame":[745.874,222.575,47.402,0.006,0,1,0,1,0,-1,0,0.006],"_humanoidState":8,"_cameraCFrame":[753.021,238.529,47.461,0.008,-0.896,0.443,0,0.443,0.896,-1,-0.007,0.004],"_shiftlockState":false,"_pose":"Running","_animationQueue":[],"_animationSpeed":1.103,"_zoom":16.125},{"_mousePosition":[675,380],"_rootPartCFrame":[745.607,222.582,47.399,0.006,0,1,0,1,0,-1,0,0.006],"_humanoidState":8,"_cameraCFrame":[752.755,238.537,47.459,0.008,-0.896,0.443,0,0.443,0.896,-1,-0.007,0.004],"_shiftlockState":false,"_pose":"Running","_animationQueue":[],"_animationSpeed":1.103,"_zoom":16.125},{"_mousePosition":[675,380],"_rootPartCFrame":[745.207,222.604,47.396,0.007,0,1,0,1,0,-1,0,0.007],"_humanoidState":8,"_cameraCFrame":[752.327,238.572,47.473,0.011,-0.897,0.442,0,0.442,0.897,-1,-0.01,0.005],"_shiftlockState":false,"_pose":"Running","_animationQueue":[],"_animationSpeed":1.103,"_zoom":16.125},{"_mousePosition":[675,380],"_rootPartCFrame":[745.074,222.611,47.395,0.007,0,1,0,1,0,-1,0,0.007],"_humanoidState":8,"_cameraCFrame":[752.137,238.607,47.472,0.011,-0.899,0.438,0,0.438,0.899,-1,-0.01,0.005],"_shiftlockState":false,"_pose":"Running","_animationQueue":[],"_animationSpeed":1.103,"_zoom":16.125},{"_mousePosition":[675,380],"_rootPartCFrame":[744.807,222.616,47.392,0.007,0,1,0,1,0,-1,0,0.007],"_humanoidState":8,"_cameraCFrame":[751.87,238.611,47.469,0.011,-0.899,0.438,0,0.438,0.899,-1,-0.01,0.005],"_shiftlockState":false,"_pose":"Running","_animationQueue":[["walk",0.1]],"_animationSpeed":1.103,"_zoom":16.125},{"_mousePosition":[675,380],"_rootPartCFrame":[744.541,222.631,47.389,0.008,0,1,0,1,0,-1,0,0.008],"_humanoidState":8,"_cameraCFrame":[751.575,238.64,47.466,0.011,-0.9,0.436,0,0.436,0.9,-1,-0.01,0.005],"_shiftlockState":false,"_pose":"Running","_animationQueue":[],"_animationSpeed":1.103,"_zoom":16.125},{"_mousePosition":[675,380],"_rootPartCFrame":[744.274,222.635,47.386,0.008,0,1,0,1,0,-1,0,0.008],"_humanoidState":8,"_cameraCFrame":[751.309,238.645,47.463,0.011,-0.9,0.436,0,0.436,0.9,-1,-0.01,0.005],"_shiftlockState":false,"_pose":"Running","_animationQueue":[],"_animationSpeed":1.103,"_zoom":16.125},{"_mousePosition":[675,380],"_rootPartCFrame":[744.007,222.605,47.383,0.009,0,1,0,1,0,-1,0,0.009],"_humanoidState":8,"_cameraCFrame":[751.014,238.628,47.46,0.011,-0.901,0.435,0,0.435,0.901,-1,-0.01,0.005],"_shiftlockState":false,"_pose":"Running","_animationQueue":[],"_animationSpeed":1.103,"_zoom":16.125},{"_mousePosition":[675,380],"_rootPartCFrame":[743.741,222.519,47.38,0.009,0,1,0,1,0,-1,0,0.009],"_humanoidState":8,"_cameraCFrame":[750.747,238.542,47.457,0.011,-0.901,0.435,0,0.435,0.901,-1,-0.01,0.005],"_shiftlockState":false,"_pose":"Running","_animationQueue":[],"_animationSpeed":1.103,"_zoom":16.125},{"_mousePosition":[675,380],"_rootPartCFrame":[743.474,222.379,47.377,0.009,0,1,0,1,0,-1,0,0.009],"_humanoidState":8,"_cameraCFrame":[750.452,238.416,47.453,0.011,-0.901,0.433,0,0.433,0.901,-1,-0.01,0.005],"_shiftlockState":false,"_pose":"Running","_animationQueue":[],"_animationSpeed":1.103,"_zoom":16.125},{"_mousePosition":[675,380],"_rootPartCFrame":[743.141,223.449,47.374,0.01,0,1,0,1,0,-1,0,0.01],"_humanoidState":3,"_cameraCFrame":[750.119,239.486,47.45,0.011,-0.901,0.433,0,0.433,0.901,-1,-0.01,0.005],"_shiftlockState":false,"_pose":"Jumping","_animationQueue":[["walk",0.1],["walk",0.1],["jump",0.1]],"_animationSpeed":1,"_zoom":16.125},{"_mousePosition":[675,380],"_rootPartCFrame":[742.941,224.05,47.372,0.01,0,1,0,1,0,-1,0,0.01],"_humanoidState":5,"_cameraCFrame":[749.891,240.101,47.447,0.011,-0.902,0.431,0,0.431,0.902,-1,-0.01,0.005],"_shiftlockState":false,"_pose":"FreeFall","_animationQueue":[["jump",0.1]],"_animationSpeed":1,"_zoom":16.125},{"_mousePosition":[675,380],"_rootPartCFrame":[742.674,224.804,47.369,0.01,0,1,0,1,0,-1,0,0.01],"_humanoidState":5,"_cameraCFrame":[749.624,240.854,47.444,0.011,-0.902,0.431,0,0.431,0.902,-1,-0.01,0.005],"_shiftlockState":false,"_pose":"FreeFall","_animationQueue":[],"_animationSpeed":1,"_zoom":16.125},{"_mousePosition":[675,380],"_rootPartCFrame":[742.408,225.504,47.366,0.01,0,1,0,1,0,-1,0,0.01],"_humanoidState":5,"_cameraCFrame":[749.358,241.554,47.442,0.011,-0.902,0.431,0,0.431,0.902,-1,-0.01,0.005],"_shiftlockState":false,"_pose":"FreeFall","_animationQueue":[],"_animationSpeed":1,"_zoom":16.125},{"_mousePosition":[675,380],"_rootPartCFrame":[742.075,226.301,47.362,0.01,0,1,0,1,0,-1,0,0.01],"_humanoidState":5,"_cameraCFrame":[749.024,242.351,47.438,0.011,-0.902,0.431,0,0.431,0.902,-1,-0.01,0.005],"_shiftlockState":false,