[{"_mousePosition":[649,341],"_rootPartCFrame":[776.025,222.952,47.142,0.001,0.002,1,0,1,-0.002,-1,0,0.001],"_humanoidState":8,"_cameraCFrame":[787.018,236.252,47.158,0.001,-0.732,0.682,0,0.682,0.732,-1,-0.001,0.001],"_shiftlockState":false,"_pose":"Standing","_animationQueue":[],"_animationSpeed":1,"_zoom":16.125},{"_mousePosition":[649,341],"_rootPartCFrame":[775.853,222.867,47.142,0.001,0.001,1,0,1,-0.001,-1,0,0.001],"_humanoidState":8,"_cameraCFrame":[786.798,236.209,47.158,0.001,-0.734,0.679,0,0.679,0.734,-1,-0.001,0.001],"_shiftlockState":false,"_pose":"Standing","_animationQueue":[],"_animationSpeed":1,"_zoom":16.125},{"_mousePosition":[649,341],"_rootPartCFrame":[775.588,222.72,47.141,0.001,0,1,0,1,0,-1,0,0.001],"_humanoidState":8,"_cameraCFrame":[786.463,236.127,47.157,0.001,-0.738,0.674,0,0.674,0.738,-1,-0.001,0.001],"_shiftlockState":false,"_pose":"Running","_animationQueue":[["walk",0.1]],"_animationSpeed":1.004,"_zoom":16.125},{"_mousePosition":[649,341],"_rootPartCFrame":[775.322,222.611,47.141,0.001,0,1,0,1,0,-1,0,0.001],"_humanoidState":8,"_cameraCFrame":[786.149,236.06,47.184,0.004,-0.741,0.671,0,0.671,0.741,-1,-0.003,0.003],"_shiftlockState":false,"_pose":"Running","_animationQueue":[["walk",0.1]],"_animationSpeed":1.101,"_zoom":16.125},{"_mousePosition":[649,341],"_rootPartCFrame":[775.055,222.636,47.141,0.001,0,1,0,1,0,-1,0,0.001],"_humanoidState":8,"_cameraCFrame":[785.813,236.148,47.183,0.004,-0.745,0.667,0,0.667,0.745,-1,-0.003,0.003],"_shiftlockState":false,"_pose":"Running","_animationQueue":[],"_animationSpeed":1.101,"_zoom":16.125},{"_mousePosition":[649,341],"_rootPartCFrame":[774.788,222.663,47.14,0.002,0,1,0,1,0,-1,0,0.002],"_humanoidState":8,"_cameraCFrame":[785.452,236.258,47.209,0.007,-0.75,0.661,0,0.661,0.75,-1,-0.005,0.004],"_shiftlockState":false,"_pose":"Running","_animationQueue":[],"_animationSpeed":1.101,"_zoom":16.125},{"_mousePosition":[649,341],"_rootPartCFrame":[774.522,222.68,47.139,0.002,0,1,0,1,0,-1,0,0.002],"_humanoidState":8,"_cameraCFrame":[785.066,236.378,47.261,0.012,-0.756,0.654,0,0.654,0.757,-1,-0.009,0.008],"_shiftlockState":false,"_pose":"Running","_animationQueue":[],"_animationSpeed":1.101,"_zoom":16.125},{"_mousePosition":[649,341],"_rootPartCFrame":[774.255,222.689,47.137,0.002,0,1,0,1,0,-1,0,0.002],"_humanoidState":8,"_cameraCFrame":[784.656,236.51,47.31,0.017,-0.764,0.645,0,0.645,0.764,-1,-0.013,0.011],"_shiftlockState":false,"_pose":"Running","_animationQueue":[],"_animationSpeed":1.101,"_zoom":16.125},{"_mousePosition":[649,341],"_rootPartCFrame":[773.989,222.694,47.134,0.004,0,1,0,1,0,-1,0,0.004],"_humanoidState":8,"_cameraCFrame":[784.268,236.616,47.357,0.022,-0.77,0.637,0,0.638,0.77,-1,-0.017,0.014],"_shiftlockState":false,"_pose":"Running","_animationQueue":[],"_animationSpeed":1.101,"_zoom":16.125},{"_mousePosition":[649,341],"_rootPartCFrame":[773.655,223.778,47.13,0.005,0,1,0,1,0,-1,0,0.005],"_humanoidState":3,"_cameraCFrame":[783.787,237.819,47.401,0.027,-0.777,0.628,0,0.629,0.778,-1,-0.021,0.017],"_shiftlockState":false,"_pose":"Jumping","_animationQueue":[["walk",0.1],["walk",0.1],["jump",0.1]],"_animationSpeed":1,"_zoom":16.125},{"_mousePosition":[649,341],"_rootPartCFrame":[773.455,224.389,47.126,0.006,0,1,0,1,0,-1,0,0.006],"_humanoidState":5,"_cameraCFrame":[783.438,238.548,47.469,0.034,-0.785,0.619,0,0.619,0.785,-0.999,-0.027,0.021],"_shiftlockState":false,"_pose":"FreeFall","_animationQueue":[["jump",0.1]],"_animationSpeed":1,"_zoom":16.125},{"_mousePosition":[649,341],"_rootPartCFrame":[773.189,225.157,47.119,0.009,0,1,0,1,0,-1,0,0.009],"_humanoidState":5,"_cameraCFrame":[782.968,239.47,47.579,0.047,-0.794,0.606,0,0.607,0.795,-0.999,-0.037,0.029],"_shiftlockState":false,"_pose":"FreeFall","_animationQueue":[],"_animationSpeed":1,"_zoom":16.125},{"_mousePosition":[649,341],"_rootPartCFrame":[772.922,225.87,47.11,0.012,0,1,0,1,0,-1,0,0.012],"_humanoidState":5,"_cameraCFrame":[782.492,240.334,47.706,0.062,-0.802,0.594,0,0.595,0.804,-0.998,-0.05,0.037],"_shiftlockState":false,"_pose":"FreeFall","_animationQueue":[],"_animationSpeed":1,"_zoom":16.125},{"_mousePosition":[649,341],"_rootPartCFrame":[772.656,226.528,47.098,0.016,0,1,0,1,0,-1,0,0.016],"_humanoidState":5,"_cameraCFrame":[781.931,241.195,47.888,0.085,-0.814,0.575,0,0.577,0.817,-0.996,-0.069,0.049],"_shiftlockState":false,"_pose":"FreeFall","_animationQueue":[],"_animationSpeed":1,"_zoom":16.125},{"_mousePosition":[649,341],"_rootPartCFrame":[772.39,227.132,47.082,0.022,0,1,0,1,0,-1,0,0.022],"_humanoidState":5,"_cameraCFrame":[781.496,241.907,48.021,0.103,-0.819,0.565,0,0.568,0.823,-0.995,-0.084,0.058],"_shiftlockState":false,"_pose":"FreeFall","_animationQueue":[],"_animationSpeed":1,"_zoom":16.125},{"_mousePosition":[649,341],"_rootPartCFrame":[772.124,227.682,47.061,0.03,0,1,0,1,0,-1,0,0.03],"_humanoidState":5,"_cameraCFrame":[781.086,242.545,48.122,0.118,-0.823,0.556,0,0.56,0.829,-0.993,-0.097,0.066],"_shiftlockState":false,"_pose":"FreeFall","_animationQueue":[],"_animationSpeed":1,"_zoom":16.125},{"_mousePosition":[649,341],"_rootPartCFrame":[771.859,228.177,47.034,0.039,0,0.999,0,1,0,-0.999,0,0.039],"_humanoidState":5,"_cameraCFrame":[780.703,243.11,48.195,0.13,-0.826,0.548,0,0.553,0.833,-0.991,-0.108,0.072],"_shiftlockState":false,"_pose":"FreeFall","_animationQueue":[],"_animationSpeed":1,"_zoom":16.125},{"_mousePosition":[649,341],"_rootPartCFrame":[771.594,228.617,47.003,0.049,0,0.999,0,1,0,-0.999,0,0.049],"_humanoidState":5,"_cameraCFrame":[780.374,243.585,48.246,0.14,-0.827,0.544,0,0.55,0.835,-0.99,-0.117,0.077],"_shiftlockState":false,"_pose":"FreeFall","_animationQueue":[],"_animationSpeed":1,"_zoom":16.125},{"_mousePosition":[649,341],"_rootPartCFrame":[771.329,229.003,46.969,0.06,0,0.998,0,1,0,-0.998,0,0.06],"_humanoidState":5,"_cameraCFrame":[780.08,243.988,48.231,0.143,-0.828,0.543,0,0.548,0.836,-0.99,-0.119,0.078],"_shiftlockState":false,"_pose":"FreeFall","_animationQueue":[],"_animationSpeed":1,"_zoom":16.125},{"_mousePosition":[649,341],"_rootPartCFrame":[771.065,229.335,46.932,0.071,0,0.998,0,1,0,-0.998,0,0.071],"_humanoidState":5,"_cameraCFrame":[779.816,244.32,48.194,0.143,-0.828,0.543,0,0.548,0.836,-0.99,-0.119,0.078],"_shiftlockState":false,"_pose":"FreeFall","_animationQueue":[],"_animationSpeed":1,"_zoom":16.125},{"_mousePosition":[649,341],"_rootPartCFrame":[770.801,229.612,46.894,0.08,0,0.997,0,1,0,-0.997,0,0.08],"_humanoidState":5,"_cameraCFrame":[779.552,244.597,48.156,0.143,-0.828,0.543,0,0.548,0.836,-0.99,-0.119,0.078],"_shiftlockState":false,"_pose":"FreeFall","_animationQueue":[],"_animationSpeed":1,"_zoom":16.125},{"_mousePosition":[649,341],"_rootPartCFrame":[770.537,229.834,46.856,0.089,0,0.996,0,1,0,-0.996,0,0.089],"_humanoidState":5,"_cameraCFrame":[779.288,244.819,48.118,0.143,-0.828,0.543,0,0.548,0.836,-0.99,-0.119,0.078],"_shiftlockState":false,"_pose":"FreeFall","_animationQueue":[],"_animationSpeed":1,"_zoom":16.125},{"_mousePosition":[649,341],"_rootPartCFrame":[770.273,230.002,46.818,0.097,0,0.995,0,1,0,-0.995,0,0.097],"_humanoidState":5,"_cameraCFrame":[779.024,244.987,48.08,0.143,-0.828,0.543,0,0.548,0.836,-0.99,-0.119,0.078],"_shiftlockState":false,"_pose":"FreeFall","_animationQueue":[],"_animationSpeed":1,"_zoom":16.125},{"_mousePosition":[649,341],"_rootPartCFrame":[770.009,230.116,46.78,0.103,0,0.995,0,1,0,-0.995,0,0.103],"_humanoidState":5,"_cameraCFrame":[778.76,245.101,48.041,0.143,-0.828,0.543,0,0.548,0.836,-0.99,-0.119,0.078],"_shiftlockState":false,"_pose":"FreeFall","_animationQueue":[],"_animationSpeed":1,"_zoom":16.125},{"_mousePosition":[649,341],"_rootPartCFrame":[769.679,230.181,46.732,0.11,0,0.994,0,1,0,-0.994,0,0.11],"_humanoidState":5,"_cameraCFrame":[778.43,245.166,47.994,0.143,-0.828,0.543,0,0.548,0.836,-0.99,-0.119,0.078],"_shiftlockState":false,"_pose":"FreeFall","_animationQueue":[],"_animationSpeed":1,"_zoom":16.125},{"_mousePosition":[649,341],"_rootPartCFrame":[769.416,230.172,46.694,0.115,0,0.993,0,1,0,-0.993,0,0.115],"_humanoidState":5,"_cameraCFrame":[778.166,245.157,47.956,0.143,-0.828,0.543,0,0.548,0.836,-0.99,-0.119,0.078],"_shiftlockState":false,"_pose":"FreeFall","_animationQueue":[],"_animationSpeed":1,"_zoom":16.125},{"_mousePosition":[649,341],"_rootPartCFrame":[769.152,230.108,46.656,0.119,0,0.993,0,1,0,-0.993,0,0.119],"_humanoidState":5,"_cameraCFrame":[777.902,245.093,47.918,0.143,-0.828,0.543,0,0.548,0.836,-0.99,-0.119,0.078],"_shiftlockState":false,"_pose":"FreeFall","_animationQueue":[],"_animationSpeed":1,"_zoom":16.125},{"_mousePosition":[649,341],"_rootPartCFrame":[768.888,229.99,46.618,0.122,0,0.993,0,1,0,-0.993,0,0.122],"_humanoidState":5,"_cameraCFrame":[777.638,244.975,47.88,0.143,-0.828,0.543,0,0.548,0.836,-0.99,-0.119,0.078],"_shiftlockState":false,"_pose":"FreeFall","_animationQueue":[],"_animationSpeed":1,"_zoom":16.125},{"_mousePosition":[649,341],"_rootPartCFrame":[768.624,229.818,46.58,0.125,0,0.992,0,1,0,-0.992,0,0.125],"_humanoidState":5,"_cameraCFrame":[777.375,244.803,47.842,0.143,-0.828,0.543,0,0.548,0.836,-0.99,-0.119,0.078],"_shiftlockState":false,"_pose":"FreeFall","_animationQueue":[["fall",0.3]],"_animationSpeed":1,"_zoom":16.125},{"_mousePosition":[649,341],"_rootPartCFrame":[768.36,229.59,46.542,0.128,0,0.992,0,1,0,-0.992,0,0.128],"_humanoidState":5,"_cameraCFrame":[777.111,244.576,47.804,0.143,-0.828,0.543,0,0.548,0.836,-0.99,-0.119,0.078],"_shiftlockState":false,"_pose":"FreeFall","_animationQueue":[],"_animationSpeed":1,"_zoom":16.125},{"_mousePosition":[649,341],"_rootPartCFrame":[768.096,229.309,46.504,0.13,0,0.992,0,1,0,-0.992,0,0.13],"_humanoidState":5,"_cameraCFrame":[776.847,244.294,47.766,0.143,-0.828,0.543,0,0.548,0.836,-0.99,-0.119,0.078],"_shiftlockState":false,"_pose":"FreeFall","_animationQueue":[],"_animationSpeed":1,"_zoom":16.125},{"_mousePosition":[649,341],"_rootPartCFrame":[767.898,229.062,46.475,0.131,0,0.991,0,1,0,-0.991,0,0.131],"_humanoidState":5,"_cameraCFrame":[776.649,244.047,47.737,0.143,-0.828,0.543,0,0.548,0.836,-0.99,-0.119,0.078],"_shiftlockState":false,"_pose":"FreeFall","_animationQueue":[],"_animationSpeed":1,"_zoom":16.125},{"_mousePosition":[649,341],"_rootPartCFrame":[767.634,228.685,46.437,0.133,0,0.991,0,1,0,-0.991,0,0.133],"_humanoidState":5,"_cameraCFrame":[776.391,243.67,47.655,0.138,-0.828,0.543,0,0.548,0.836,-0.99,-0.115,0.075],"_shiftlockState":false,"_pose":"FreeFall","_animationQueue":[],"_animationSpeed":1,"_zoom":16.125},{"_mousePosition":[649,341],"_rootPartCFrame":[767.37,228.253,46.399,0.134,0,0.991,0,1,0,-0.991,0,0.134],"_humanoidState":5,"_cameraCFrame":[776.136,243.239,47.55,0.13,-0.829,0.544,0,0.548,0.836,-0.991,-0.109,0.071],"_shiftlockState":false,"_pose":"FreeFall","_animationQueue":[],"_animationSpeed":1,"_zoom":16.125},{"_mousePosition":[649,341],"_rootPartCFrame":[767.04,227.637,46.353,0.135,0,0.991,0,1,0,-0.991,0,0.135],"_humanoidState":5,"_cameraCFrame":[775.82,242.623,47.393,0.118,-0.83,0.544,0,0.548,0.836,-0.993,-0.098,0.064],"_shiftlockState":false,"_pose":"FreeFall","_animationQueue":[],"_animationSpeed":1,"_zoom":16.125},{"_mousePosition":[649,341],"_rootPartCFrame":[766.776,227.083,46.318,0.135,0,0.991,0,1,0,-0.991,0,0.135],"_humanoidState":5,"_cameraCFrame":[775.577,242.068,47.158,0.095,-0.833,0.546,0,0.548,0.836,-0.995,-0.079,0.052],"_shiftlockState":false,"_pose":"FreeFall","_animationQueue":[["fall",0.3]],"_animationSpeed":1,"_zoom":16.125},{"_mousePosition":[649,341],"_rootPartCFrame":[766.577,226.632,46.294,0.134,0,0.991,0,1,0,-0.991,0,0.134],"_humanoidState":5,"_cameraCFrame":[775.401,241.617,46.844,0.062,-0.835,0.547,0,0.548,0.836,-0.998,-0.052,0.034],"_shiftlockState":false,"_pose":"FreeFall","_animationQueue":[],"_animationSpeed":1,"_zoom":16.125},{"_mousePosition":[649,341],"_rootPartCFrame":[766.312,225.983,46.268,0.129,0,0.992,0,1,0,-0.992,0,0.129],"_humanoidState":5,"_cameraCFrame":[775.151,240.968,46.438,0.019,-0.836,0.548,0,0.548,0.836,-1,-0.016,0.011],"_shiftlockState":false,"_pose":"FreeFall","_animationQueue":[],"_animationSpeed":1,"_zoom":16.125},{"_mousePosition":[649,341],"_rootPartCFrame":[766.046,225.279,46.25,0.122,0,0.993,0,1,0,-0.993,0,0.122],"_humanoidState":5,"_cameraCFrame":[774.87,240.264,45.704,-0.062,-0.835,0.547,0,0.548,0.836,-0.998,0.052,-0.034],"_shiftlockState":false,"_pose":"FreeFall","_animationQueue":[],"_animationSpeed":1,"_zoom":16.125},{"_mousePosition":[649,341],"_rootPartCFrame":[765.779,224.52,46.243,0.11,0,0.994,0,1,0,-0.994,0,0.11],"_humanoidState":5,"_cameraCFrame":[774.617,239.471,45.246,-0.112,-0.829,0.548,0,0.552,0.834,-0.994,0.094,-0.062],"_shiftlockState":false,"_pose":"FreeFall","_animationQueue":[],"_animationSpeed":1,"_zoom":16.125},{"_mousePosition":[649,341],"_rootPartCFrame":[765.446,223.495,46.259,0.084,0,0.996,0,1,0,-0.996,0,0.084],"_humanoidState":5,"_cameraCFrame":[774.292,238.411,44.919,-0.15,-0.823,0.549,0,0.555,0.832,-0.989,0.125,-0.083],"_shiftlockState":false,"_pose":"FreeFall","_animationQueue":[],"_animationSpeed":1,"_zoom":16.125},{"_mousePosition":[649,341],"_rootPartCFrame":[765.247,222.84,46.28,0.066,0,0.998,0,1,0,-0.998,0,0.066],"_humanoidState":7,"_cameraCFrame":[774.078,237.738,44.689,-0.177,-0.818,0.548,0,0.556,0.831,-0.984,0.147,-0.099],"_shiftlockState":false,"_pose":"FreeFall","_animationQueue":[["walk",0.1],["fall",0.3],["fall",0.3]],"_animationSpeed":1,"_zoom":16.125},{"_mousePosition":[649,341],"_rootPartCFrame":[764.984,222.428,46.318,0.038,0,0.999,0,1,0,-0.999,0,0.038],"_humanoidState":7,"_cameraCFrame":[773.814,237.309,44.589,-0.192,-0.814,0.548,0,0.558,0.83,-0.981,0.159,-0.107],"_shiftlockState":false,"_pose":"FreeFall","_animationQueue":[["fall",0.3]],"_animationSpeed":1,"_zoom":16.125},{"_mousePosition":[649,341],"_rootPartCFrame":[764.721,222.497,46.364,0.009,0,1,0,1,0,-1,0,0.009],"_humanoidState":7,"_cameraCFrame":[773.543,237.378,44.59,-0.197,-0.814,0.547,0,0.558,0.83,-0.98,0.164,-0.11],"_shiftlockState":false,"_pose":"FreeFall","_animationQueue":[],"_animationSpeed":1,"_zoom":16.125},{"_mousePosition":[649,341],"_rootPartCFrame":[764.459,222.58,46.415,-0.018,0,1,0,1,0,-1,0,-0.018],"_humanoidState":8,"_cameraCFrame":[773.281,237.461,44.641,-0.197,-0.814,0.547,0,0.558,0.83,-0.98,0.164,-0.11],"_shiftlockState":false,"_pose":"Running","_animationQueue":[["walk",0.1],["fall",0.3],["walk",0.1]],"_animationSpeed":1.103,"_zoom":16.125},{"_mousePosition":[649,341],"_rootPartCFrame":[764.197,223.454,46.466,-0.045,0,0.999,0,1,0,-0.999,0,-0.045],"_humanoidState":3,"_cameraCFrame":[773.019,238.334,44.692,-0.197,-0.814,0.547,0,0.558,0.83,-0.98,0.164,-0.11],"_shiftlockState":false,"_pose":"Jumping","_animationQueue":[["walk",0.1],["jump",0.1]],"_animationSpeed":1,"_zoom":16.125},{"_mousePosition":[649,341],"_rootPartCFrame":[763.936,224.276,46.518,-0.068,0,0.998,0,1,0,-0.998,0,-0.068],"_humanoidState":5,"_cameraCFrame":[772.758,239.156,44.744,-0.197,-0.814,0.547,0,0.558,0.83,-0.98,0.164,-0.11],"_shiftlockState":false,"_pose":"FreeFall","_animationQueue":[["jump",0.1]],"_animationSpeed":1,"_zoom":16.125},{"_mousePosition":[649,341],"_rootPartCFrame":[763.674,225.043,46.571,-0.086,0,0.996,0,1,0,-0.996,0,-0.086],"_humanoidState":5,"_cameraCFrame":[772.496,239.924,44.797,-0.197,-0.814,0.547,0,0.558,0.83,-0.98,0.164,-0.11],"_shiftlockState":false,"_pose":"FreeFall","_animationQueue":[],"_animationSpeed":1,"_zoom":16.125},{"_mousePosition":[649,341],"_rootPartCFrame":[763.413,225.756,46.624,-0.102,0,0.995,0,1,0,-0.995,0,-0.102],"_humanoidState":5,"_cameraCFrame":[772.235,240.637,44.849,-0.197,-0.814,0.547,0,0.558,0.83,-0.98,0.164,-0.11],"_shiftlockState":false,"_pose":"FreeFall","_animationQueue":[],"_animationSpeed":1,"_zoom":16.125},{"_mousePosition":[649,341],"_rootPartCFrame":[763.086,226.571,46.689,-0.119,0,0.993,0,1,0,-0.993,0,-0.119],"_humanoidState":5,"_cameraCFrame":[771.908,241.452,44.915,-0.197,-0.814,0.547,0,0.558,0.83,-0.98,0.164,-0.11],"_shiftlockState":false,"_pose":"FreeFall","_animationQueue":[],"_animationSpeed":1,"_zoom":16.125},{"_mousePosition":[649,341],"_rootPartCFrame":[762.89,227.019,46.729,-0.127,0,0.992,0,1,0,-0.992,0,-0.127],"_humanoidState":5,"_cameraCFrame":[771.712,241.9,44.955,-0.197,-0.814,0.547,0,0.558,0.83,-0.98,0.164,-0.11],"_shiftlockState":false,"_pose":"FreeFall","_animationQueue":[],"_animationSpeed":1,"_zoom":16.125},{"_mousePosition":[649,341],"_rootPartCFrame":[762.629,227.568,46.781,-0.137,0,0.991,0,1,0,-0.991,0,-0.137],"_humanoidState":5,"_cameraCFrame":[771.455,242.449,45.029,-0.195,-0.814,0.547,0,0.558,0.83,-0.981,0.162,-0.109],"_shiftlockState":false,"_pose":"FreeFall","_animationQueue":[],"_animationSpeed":1,"_zoom":16.125},{"_mousePosition":[649,341],"_rootPartCFrame":[762.367,228.063,46.834,-0.146,0,0.989,0,1,0,-0.989,0,-0.146],"_humanoidState":5,"_cameraCFrame":[771.202,242.944,45.127,-0.19,-0.815,0.548,0,0.558,0.83,-0.982,0.157,-0.106],"_shiftlockState":false,"_pose":"FreeFall","_animationQueue":[],"_animationSpeed":1,"_zoom":16.125},{"_mousePosition":[649,341],"_rootPartCFrame":[762.106,228.504,46.886,-0.153,0,0.988,0,1,0,-0.988,0,-0.153],"_humanoidState":5,"_cameraCFrame":[770.957,243.385,45.268,-0.18,-0.816,0.549,0,0.558,0.83,-0.984,0.149,-0.1],"_shiftlockState":false,"_pose":"FreeFall","_animationQueue":[],"_animationSpeed":1,"_zoom":16.125},{"_mousePosition":[649,341],"_rootPartCFrame":[761.844,228.89,46.937,-0.158,0,0.987,0,1,0,-0.987,0,-0.158],"_humanoidState":5,"_cameraCFrame":[770.715,243.771,45.431,-0.167,-0.818,0.55,0,0.558,0.83,-0.986,0.139,-0.093],"_shiftlockState":false,"_pose":"FreeFall","_animationQueue":[],"_animationSpeed":1,"_zoom":16.125},{"_mousePosition":[649,341],"_rootPartCFrame":[761.582,229.221,46.985,-0.162,0,0.987,0,1,0,-0.987,0,-0.162],"_humanoidState":5,"_cameraCFrame":[770.468,244.102,45.569,-0.157,-0.819,0.551,0,0.558,0.83,-0.988,0.131,-0.088],"_shiftlockState":false,"_pose":"FreeFall","_animationQueue":[],"_animationSpeed":1,"_zoom":16.125},{"_mousePosition":[649,341],"_rootPartCFrame":[761.319,229.498,47.03,-0.163,0,0.987,0,1,0,-0.987,0,-0.163],"_humanoidState":5,"_cameraCFrame":[770.248,244.362,45.723,-0.145,-0.82,0.554,0,0.56,0.829,-0.989,0.12,-0.081],"_shiftlockState":false,"_pose":"FreeFall","_animationQueue":[],"_animationSpeed":1,"_zoom":16.125},{"_mousePosition":[649,341],"_rootPartCFrame":[761.056,229.721,47.073,-0.163,0,0.987,0,1,0,-0.987,0,-0.163],"_humanoidState":5,"_cameraCFrame":[770.001,244.584,45.879,-0.132,-0.821,0.555,0,0.56,0.829,-0.991,0.11,-0.074],"_shiftlockState":false,"_pose":"FreeFall","_animationQueue":[],"_animationSpeed":1,"_zoom":16.125},{"_mousePosition":[649,341],"_rootPartCFrame":[760.792,229.889,47.112,-0.161,0,0.987,0,1,0,-0.987,0,-0.161],"_humanoidState":5,"_cameraCFrame":[769.754,244.752,46.054,-0.117,-0.823,0.556,0,0.56,0.829,-0.993,0.097,-0.066],"_shiftlockState":false,"_pose":"FreeFall","_animationQueue":[],"_animationSpeed":1,"_zoom":16.125},{"_mousePosition":[649,341],"_rootPartCFrame":[760.527,230.002,47.147,-0.158,0,0.987,0,1,0,-0.987,0,-0.158],"_humanoidState":5,"_cameraCFrame":[769.507,244.866,46.249,-0.1,-0.825,0.557,0,0.56,0.829,-0.995,0.083,-0.056],"_shiftlockState":false,"_pose":"FreeFall","_animationQueue":[],"_animationSpeed":1,"_zoom":16.125},{"_mousePosition":[649,341],"_rootPartCFrame":[760.263,230.061,47.179,-0.153,0,0.988,0,1,0,-0.988,0,-0.153],"_humanoidState":5,"_cameraCFrame":[769.257,244.925,46.44,-0.082,-0.826,0.558,0,0.56,0.829,-0.997,0.068,-0.046],"_shiftlockState":false,"_pose":"FreeFall","_animationQueue":[],"_animationSpeed":1,"_zoom":16.125},{"_mousePosition":[649,341],"_rootPartCFrame":[759.931,230.059,47.213,-0.145,0,0.989,0,1,0,-0.989,0,-0.145],"_humanoidState":5,"_cameraCFrame":[768.941,244.922,46.701,-0.057,-0.827,0.559,0,0.56,0.829,-0.998,0.047,-0.032],"_shiftlockState":false,"_pose":"FreeFall","_animationQueue":[["fall",0.3]],"_animationSpeed":1,"_zoom":16.125},{"_mousePosition":[649,341],"_rootPartCFrame":[759.665,229.995,47.236,-0.137,0,0.991,0,1,0,-0.991,0,-0.137],"_humanoidState":5,"_cameraCFrame":[768.682,244.858,46.861,-0.042,-0.828,0.559,0,0.56,0.829,-0.999,0.034,-0.023],"_shiftlockState":false,"_pose":"FreeFall","_animationQueue":[],"_animationSpeed":1,"_zoom":16.125},{"_mousePosition":[649,341],"_rootPartCFrame":[759.399,229.877,47.252,-0.127,0,0.992,0,1,0,-0.992,0,-0.127],"_humanoidState":5,"_cameraCFrame":[768.419,244.74,46.968,-0.031,-0.828,0.559,0,0.56,0.829,-1,0.026,-0.018],"_shiftlockState":false,"_pose":"FreeFall","_animationQueue":[],"_animationSpeed":1,"_zoom":16.125},{"_mousePosition":[649,341],"_rootPartCFrame":[759.133,229.704,47.264,-0.116,0,0.993,0,1,0,-0.993,0,-0.116],"_humanoidState":5,"_cameraCFrame":[768.155,244.567,47.071,-0.021,-0.829,0.56,0,0.56,0.829,-1,0.018,-0.012],"_shiftlockState":false,"_pose":"FreeFall","_animationQueue":[],"_animationSpeed":1,"_zoom":16.125},{"_mousePosition":[649,341],"_rootPartCFrame":[758.866,229.477,47.272,-0.105,0,0.995,0,1,0,-0.995,0,-0.105],"_humanoidState":5,"_cameraCFrame":[767.89,244.34,47.149,-0.014,-0.829,0.56,0,0.56,0.829,-1,0.011,-0.008],"_shiftlockState":false,"_pose":"FreeFall","_animationQueue":[],"_animationSpeed":1,"_zoom":16.125},{"_mousePosition":[649,341],"_rootPartCFrame":[758.6,229.196,47.278,-0.094,0,0.996,0,1,0,-0.996,0,-0.094],"_humanoidState":5,"_cameraCFrame":[767.624,244.059,47.223,-0.006,-0.829,0.56,0,0.56,0.829,-1,0.005,-0.003],"_shiftlockState":false,"_pose":"FreeFall","_animationQueue":[],"_animationSpeed":1,"_zoom":16.125},{"_mousePosition":[649,341],"_rootPartCFrame":[758.333,228.859,47.282,-0.083,0,0.997,0,1,0,-0.997,0,-0.083],"_humanoidState":5,"_cameraCFrame":[767.357,243.723,47.318,0.004,-0.829,0.56,0,0.56,0.829,-1,-0.003,0.002],"_shiftlockState":false,"_pose":"FreeFall","_animationQueue":[["fall",0.3]],"_animationSpeed":1,"_zoom":16.125},{"_mousePosition":[649,341],"_rootPartCFrame":[758.066,228.469,47.284,-0.072,0,0.997,0,1,0,-0.997,0,-0.072],"_humanoidState":5,"_cameraCFrame":[767.09,243.332,47.389,0.012,-0.829,0.56,0,0.56,0.829,-1,-0.01,0.006],"_shiftlockState":false,"_pose":"FreeFall","_animationQueue":[],"_animationSpeed":1,"_zoom":16.125},{"_mousePosition":[649,341],"_rootPartCFrame":[757.867,228.14,47.284,-0.065,0,0.998,0,1,0,-0.998,0,-0.065],"_humanoidState":5,"_cameraCFrame":[766.889,243.003,47.457,0.019,-0.829,0.56,0,0.56,0.829,-1,-0.016,0.011],"_shiftlockState":false,"_pose":"FreeFall","_animationQueue":[],"_animationSpeed":1,"_zoom":16.125},{"_mousePosition":[649,341],"_rootPartCFrame":[757.6,227.654,47.281,-0.055,0,0.999,0,1,0,-0.999,0,-0.055],"_humanoidState":5,"_cameraCFrame":[766.647,242.5,47.523,0.027,-0.827,0.561,0,0.561,0.828,-1,-0.022,0.015],"_shiftlockState":false,"_pose":"FreeFall","_animationQueue":[],"_animationSpeed":1,"_zoom":16.125},{"_mousePosition":[649,341],"_rootPartCFrame":[757.333,227.114,47.276,-0.045,0,0.999,0,1,0,-0.999,0,-0.045],"_humanoidState":5,"_cameraCFrame":[766.38,241.959,47.541,0.029,-0.827,0.561,0,0.561,0.828,-1,-0.024,0.016],"_shiftlockState":false,"_pose":"FreeFall","_animationQueue":[],"_animationSpeed":1,"_zoom":16.125},{"_mousePosition":[649,341],"_rootPartCFrame":[757,226.361,47.268,-0.033,0,0.999,0,1,0,-0.999,0,-0.033],"_humanoidState":5,"_cameraCFrame":[766.047,241.207,47.533,0.029,-0.827,0.561,0,0.561,0.828,-1,-0.024,0.016],"_shiftlockState":false,"_pose":"FreeFall","_animationQueue":[],"_animationSpeed":1,"_zoom":16.125},{"_mousePosition":[649,341],"_rootPartCFrame":[756.8,225.869,47.262,-0.026,0,1,0,1,0,-1,0,-0.026],"_humanoidState":7,"_cameraCFrame":[765.847,240.715,47.527,0.029,-0.827,0.561,0,0.561,0.828,-1,-0.024,0.016],"_shiftlockState":false,"_pose":"FreeFall","_animationQueue":[["walk",0.1],["fall",0.3],["fall",0.3]],"_animationSpeed":1,"_zoom":16.125},{"_mousePosition":[649,341],"_rootPartCFrame":[756.534,225.543,47.254,-0.018,0,1,0,1,0,-1,0,-0.018],"_humanoidState":7,"_cameraCFrame":[765.58,240.389,47.519,0.029,-0.827,0.561,0,0.561,0.828,-1,-0.024,0.016],"_shiftlockState":false,"_pose":"FreeFall","_animationQueue":[["fall",0.3]],"_animationSpeed":1,"_zoom":16.125},{"_mousePosition":[649,341],"_rootPartCFrame":[756.267,225.575,47.246,-0.012,0,1,0,1,0,-1,0,-0.012],"_humanoidState":7,"_cameraCFrame":[765.313,240.421,47.511,0.029,-0.827,0.561,0,0.561,0.828,-1,-0.024,0.016],"_shiftlockState":false,"_pose":"FreeFall","_animationQueue":[],"_animationSpeed":1,"_zoom":16.125},{"_mousePosition":[649,341],"_rootPartCFrame":[756,225.626,47.239,-0.006,0,1,0,1,0,-1,0,-0.006],"_humanoidState":8,"_cameraCFrame":[765.047,240.471,47.504,0.029,-0.827,0.561,0,0.561,0.828,-1,-0.024,0.016],"_shiftlockState":false,"_pose":"Running","_animationQueue":[["walk",0.1],["fall",0.3],["walk",0.1]],"_animationSpeed":1.103,"_zoom":16.125},{"_mousePosition":[649,341],"_rootPartCFrame":[755.734,226.489,47.231,0,0,1,0,1,0,-1,0,0],"_humanoidState":3,"_cameraCFrame":[764.78,241.334,47.496,0.029,-0.827,0.561,0,0.561,0.828,-1,-0.024,0.016],"_shiftlockState":false,"_pose":"Jumping","_animationQueue":[["walk",0.1],["jump",0.1]],"_animationSpeed":1,"_zoom":16.125},{"_mousePosition":[649,341],"_rootPartCFrame":[755.467,227.297,47.223,0.004,0,1,0,1,0,-1,0,0.004],"_humanoidState":5,"_cameraCFrame":[764.514,242.143,47.488,0.029,-0.827,0.561,0,0.561,0.828,-1,-0.024,0.016],"_shiftlockState":false,"_pose":"FreeFall","_animationQueue":[["jump",0.1]],"_animationSpeed":1,"_zoom":16.125},{"_mousePosition":[649,341],"_rootPartCFrame":[755.201,228.051,47.215,0.008,0,1,0,1,0,-1,0,0.008],"_humanoidState":5,"_cameraCFrame":[764.247,242.897,47.48,0.029,-0.827,0.561,0,0.561,0.828,-1,-0.024,0.016],"_shiftlockState":false,"_pose":"FreeFall","_animationQueue":[],"_animationSpeed":1,"_zoom":16.125},{"_mousePosition":[649,341],"_rootPartCFrame":[754.934,228.75,47.207,0.011,0,1,0,1,0,-1,0,0.011],"_humanoidState":5,"_cameraCFrame":[763.98,243.596,47.472,0.029,-0.827,0.561,0,0.561,0.828,-1,-0.024,0.016],"_shiftlockState":false,"_pose":"FreeFall","_animationQueue":[],"_animationSpeed":1,"_zoom":16.125},{"_mousePosition":[649,341],"_rootPartCFrame":[754.667,229.395,47.2,0.013,0,1,0,1,0,-1,0,0.013],"_humanoidState":5,"_cameraCFrame":[763.714,244.241,47.465,0.029,-0.827,0.561,0,0.561,0.828,-1,-0.024,0.016],"_shiftlockState":false,"_pose":"FreeFall","_animationQueue":[],"_animationSpeed":1,"_zoom":16.125},{"_mousePosition":[649,341],"_rootPartCFrame":[754.334,230.125,47.19,0.016,0,1,0,1,0,-1,0,0.016],"_humanoidState":5,"_cameraCFrame":[763.381,244.97,47.432,0.027,-0.827,0.561,0,0.561,0.828,-1,-0.022,0.015],"_shiftlockState":false,"_pose":"FreeFall","_animationQueue":[],"_animationSpeed":1,"_zoom":16.125},{"_mousePosition":[649,341],"_rootPartCFrame":[754.134,230.522,47.184,0.018,0,1,0,1,0,-1,0,0.018],"_humanoidState":5,"_cameraCFrame":[763.182,245.367,47.403,0.024,-0.827,0.561,0,0.561,0.828,-1,-0.02,0.014],"_shiftlockState":false,"_pose":"FreeFall","_animationQueue":[],"_animationSpeed":1,"_zoom":16.125},{"_mousePosition":[649,341],"_rootPartCFrame":[753.867,231.003,47.177,0.019,0,1,0,1,0,-1,0,0.019],"_humanoidState":5,"_cameraCFrame":[762.916,245.849,47.35,0.019,-0.827,0.561,0,0.561,0.828,-1,-0.016,0.011],"_shiftlockState":false,"_pose":"FreeFall","_animationQueue":[],"_animationSpeed":1,"_zoom":16.125},{"_mousePosition":[649,341],"_rootPartCFrame":[753.601,231.43,47.17,0.02,0,1,0,1,0,-1,0,0.02],"_humanoidState":5,"_cameraCFrame":[762.65,246.275,47.344,0.019,-0.827,0.561,0,0.561,0.828,-1,-0.016,0.011],"_shiftlockState":false,"_pose":"FreeFall","_animationQueue":[],"_animationSpeed":1,"_zoom":16.125},{"_mousePosition":[649,341],"_rootPartCFrame":[753.334,231.802,47.165,0.02,0,1,0,1,0,-1,0,0.02],"_humanoidState":5,"_cameraCFrame":[762.383,246.648,47.338,0.019,-0.827,0.561,0,0.561,0.828,-1,-0.016,0.011],"_shiftlockState":false,"_pose":"FreeFall","_animationQueue":[],"_animationSpeed":1,"_zoom":16.125},{"_mousePosition":[649,341],"_rootPartCFrame":[753.068,232.12,47.16,0.02,0,1,0,1,0,-1,0,0.02],"_humanoidState":5,"_cameraCFrame":[762.116,246.966,47.333,0.019,-0.827,0.561,0,0.561,0.828,-1,-0.016,0.011],"_shiftlockState":false,"_pose":"FreeFall","_animationQueue":[],"_animationSpeed":1,"_zoom":16.125},{"_mousePosition":[649,341],"_rootPartCFrame":[752.801,232.384,47.155,0.02,0,1,0,1,0,-1,0,0.02],"_humanoidState":5,"_cameraCFrame":[761.85,247.229,47.328,0.019,-0.827,0.561,0,0.561,0.828,-1,-0.016,0.011],"_shiftlockState":false,"_pose":"FreeFall","_animationQueue":[],"_animationSpeed":1,"_zoom":16.125},{"_mousePosition":[649,341],"_rootPartCFrame":[752.534,232.592,47.149,0.02,0,1,0,1,0,-1,0,0.02],"_humanoidState":5,"_cameraCFrame":[761.583,247.438,47.323,0.019,-0.827,0.561,0,0.561,0.828,-1,-0.016,0.011],"_shiftlockState":false,"_pose":"FreeFall","_animationQueue":[],"_animationSpeed":1,"_zoom":16.125},{"_mousePosition":[649,341],"_rootPartCFrame":[752.268,232.747,47.144,0.02,0,1,0,1,0,-1,0,0.02],"_humanoidState":5,"_cameraCFrame":[761.317,247.592,47.318,0.019,-0.827,0.561,0,0.561,0.828,-1,-0.016,0.011],"_shiftlockState":false,"_pose":"FreeFall","_animationQueue":[],"_animationSpeed":1,"_zoom":16.125},{"_mousePosition":[649,341],"_rootPartCFrame":[752.001,232.847,47.139,0.02,0,1,0,1,0,-1,0,0.02],"_humanoidState":5,"_cameraCFrame":[761.05,247.692,47.313,0.019,-0.827,0.561,0,0.561,0.828,-1,-0.016,0.011],"_shiftlockState":false,"_pose":"FreeFall","_animationQueue":[],"_animationSpeed":1,"_zoom":16.125},{"_mousePosition":[649,341],"_rootPartCFrame":[751.735,232.892,47.134,0.02,0,1,0,1,0,-1,0,0.02],"_humanoidState":5,"_cameraCFrame":[760.783,247.738,47.308,0.019,-0.827,0.561,0,0.561,0.828,-1,-0.016,0.011],"_shiftlockState":false,"_pose":"FreeFall","_animationQueue":[],"_animationSpeed":1,"_zoom":16.125},{"_mousePosition":[649,341],"_rootPartCFrame":[751.468,232.883,47.129,0.019,0,1,0,1,0,-1,0,0.019],"_humanoidState":5,"_cameraCFrame":[760.517,247.729,47.302,0.019,-0.827,0.561,0,0.561,0.828,-1,-0.016,0.011],"_shiftlockState":false,"_pose":"FreeFall","_animationQueue":[["fall",0.3]],"_animationSpeed":1,"_zoom":16.125},{"_mousePosition":[649,341],"_rootPartCFrame":[751.201,232.819,47.124,0.019,0,1,0,1,0,-1,0,0.019],"_humanoidState":5,"_cameraCFrame":[760.25,247.665,47.297,0.019,-0.827,0.561,0,0.561,0.828,-1,-0.016,0.011],"_shiftlockState":false,"_pose":"FreeFall","_animationQueue":[],"_animationSpeed":1,"_zoom":16.125},{"_mousePosition":[649,341],"_rootPartCFrame":[750.935,232.701,47.119,0.019,0,1,0,1,0,-1,0,0.019],"_humanoidState":5,"_cameraCFrame":[759.984,247.547,47.292,0.019,-0.827,0.561,0,0.561,0.828,-1,-0.016,0.011],"_shiftlockState":false,"_pose":"FreeFall","_animationQueue":[],"_animationSpeed":1,"_zoom":16.125},{"_mousePosition":[649,341],"_rootPartCFrame":[750.668,232.529,47.114,0.019,0,1,0,1,0,-1,0,0.019],"_humanoidState":5,"_cameraCFrame":[759.717,247.374,47.287,0.019,-0.827,0.561,0,0.561,0.828,-1,-0.016,0.011],"_shiftlockState":false,"_pose":"FreeFall","_animationQueue":[],"_animationSpeed":1,"_zoom":16.125},{"_mousePosition":[649,341],"_rootPartCFrame":[750.402,232.302,47.109,0.019,0,1,0,1,0,-1,0,0.019],"_humanoidState":5,"_cameraCFrame":[759.45,247.147,47.282,0.019,-0.827,0.561,0,0.561,0.828,-1,-0.016,0.011],"_shiftlockState":false,"_pose":"FreeFall","_animationQueue":[],"_animationSpeed":1,"_zoom":16.125},{"_mousePosition":[649,341],"_rootPartCFrame":[750.135,232.02,47.103,0.019,0,1,0,1,0,-1,0,0.019],"_humanoidState":5,"_cameraCFrame":[759.184,246.866,47.277,0.019,-0.827,0.561,0,0.561,0.828,-1,-0.016,0.011],"_shiftlockState":false,"_pose":"FreeFall","_animationQueue":[],"_animationSpeed":1,"_zoom":16.125},{"_mousePosition":[649,341],"_rootPartCFrame":[749.868,231.684,47.098,0.019,0,1,0,1,0,-1,0,0.019],"_humanoidState":5,"_cameraCFrame":[758.917,246.53,47.272,0.019,-0.827,0.561,0,0.561,0.828,-1,-0.016,0.011],"_shiftlockState":false,"_pose":"FreeFall","_animationQueue":[["fall",0.3]],"_animationSpeed":1,"_zoom":16.125},{"_mousePosition":[649,341],"_rootPartCFrame":[749.535,231.187,47.092,0.019,0,1,0,1,0,-1,0,0.019],"_humanoidState":5,"_cameraCFrame":[758.584,246.033,47.265,0.019,-0.827,0.561,0,0.561,0.828,-1,-0.016,0.011],"_shiftlockState":false,"_pose":"FreeFall","_animationQueue":[],"_animationSpeed":1,"_zoom":16.125},{"_mousePosition":[649,341],"_rootPartCFrame":[749.269,230.728,47.087,0.019,0,1,0,1,0,-1,0,0.019],"_humanoidState":5,"_cameraCFrame":[758.317,245.574,47.26,0.019,-0.827,0.561,0,0.561,0.828,-1,-0.016,0.011],"_shiftlockState":false,"_pose":"FreeFall","_animationQueue":[],"_animationSpeed":1,"_zoom":16.125},{"_mousePosition":[649,341],"_rootPartCFrame":[749.002,230.215,47.082,0.019,0,1,0,1,0,-1,0,0.019],"_humanoidState":5,"_cameraCFrame":[758.051,245.061,47.255,0.019,-0.827,0.561,0,0.561,0.828,-1,-0.016,0.011],"_shiftlockState":false,"_pose":"FreeFall","_animationQueue":[],"_animationSpeed":1,"_zoom":16.125},{"_mousePosition":[649,341],"_rootPartCFrame":[748.735,229.647,47.077,0.019,0,1,0,1,0,-1,0,0.019],"_humanoidState":5,"_cameraCFrame":[757.759,244.511,47.227,0.017,-0.829,0.56,0,0.56,0.829,-1,-0.014,0.009],"_shiftlockState":false,"_pose":"FreeFall","_animationQueue":[],"_animationSpeed":1,"_zoom":16.125},{"_mousePosition":[649,341],"_rootPartCFrame":[748.469,229.025,47.071,0.019,0,1,0,1,0,-1,0,0.019],"_humanoidState":5,"_cameraCFrame":[757.492,243.888,47.222,0.017,-0.829,0.56,0,0.56,0.829,-1,-0.014,0.009],"_shiftlockState":false,"_pose":"FreeFall","_animationQueue":[],"_animationSpeed":1,"_zoom":16.125},{"_mousePosition":[649,341],"_rootPartCFrame":[748.202,228.348,47.067,0.019,0,1,0,1,0,-1,0,0.019],"_humanoidState":5,"_cameraCFrame":[757.225,243.212,47.217,0.017,-0.829,0.56,0,0.56,0.829,-1,-0.014,0.009],"_shiftlockState":false,"_pose":"FreeFall","_animationQueue":[["fall",0.3]],"_animationSpeed":1,"_zoom":16.125},{"_mousePosition":[649,341],"_rootPartCFrame":[747.936,227.617,47.063,0.019,0,1,0,1,0,-1,0,0.019],"_humanoidState":5,"_cameraCFrame":[756.959,242.48,47.213,0.017,-0.829,0.56,0,0.56,0.829,-1,-0.014,0.009],"_shiftlockState":false,"_pose":"FreeFall","_animationQueue":[],"_animationSpeed":1,"_zoom":16.125},{"_mousePosition":[649,341],"_rootPartCFrame":[747.736,227.033,47.059,0.018,0,1,0,1,0,-1,0,0.018],"_humanoidState":5,"_cameraCFrame":[756.759,241.896,47.209,0.017,-0.829,0.56,0,0.56,0.829,-1,-0.014,0.009],"_shiftlockState":false,"_pose":"FreeFall","_animationQueue":[],"_animationSpeed":1,"_zoom":16.125},{"_mousePosition":[649,341],"_rootPartCFrame":[747.469,226.206,47.055,0.018,0,1,0,1,0,-1,0,0.018],"_humanoidState":5,"_cameraCFrame":[756.492,241.07,47.205,0.017,-0.829,0.56,0,0.56,0.829,-1,-0.014,0.009],"_shiftlockState":false,"_pose":"FreeFall","_animationQueue":[],"_animationSpeed":1,"_zoom":16.125},{"_mousePosition":[649,341],"_rootPartCFrame":[747.202,225.438,47.05,0.018,0,1,0,1,0,-1,0,0.018],"_humanoidState":7,"_cameraCFrame":[756.226,240.301,47.2,0.017,-0.829,0.56,0,0.56,0.829,-1,-0.014,0.009],"_shiftlockState":false,"_pose":"FreeFall","_animationQueue":[["walk",0.1],["fall",0.3],["fall",0.3]],"_animationSpeed":1,"_zoom":16.125},{"_mousePosition":[649,341],"_rootPartCFrame":[746.869,225.442,47.045,0.018,0,1,0,1,0,-1,0,0.018],"_humanoidState":7,"_cameraCFrame":[755.892,240.305,47.195,0.017,-0.829,0.56,0,0.56,0.829,-1,-0.014,0.009],"_shiftlockState":false,"_pose":"FreeFall","_animationQueue":[],"_animationSpeed":1,"_zoom":16.125},{"_mousePosition":[649,341],"_rootPartCFrame":[746.684,225.502,47.042,0.018,0,1,0,1,0,-1,0,0.018],"_humanoidState":8,"_cameraCFrame":[755.707,240.365,47.192,0.017,-0.829,0.56,0,0.56,0.829,-1,-0.014,0.009],"_shiftlockState":false,"_pose":"Running","_animationQueue":[["walk",0.1],["fall",0.3],["walk",0.1]],"_animationSpeed":1.103,"_zoom":16.125},{"_mousePosition":[649,341],"_rootPartCFrame":[746.447,226.375,47.038,0.018,0,1,0,1,0,-1,0,0.018],"_humanoidState":3,"_cameraCFrame":[755.47,241.238,47.188,0.017,-0.829,0.56,0,0.56,0.829,-1,-0.014,0.009],"_shiftlockState":false,"_pose":"Jumping","_animationQueue":[["walk",0.1],["walk",0.1],["jump",0.1]],"_animationSpeed":1,"_zoom":16.125},{"_mousePosition":[649,341],"_rootPartCFrame":[746.189,227.197,47.033,0.018,0,1,0,1,0,-1,0,0.018],"_humanoidState":5,"_cameraCFrame":[755.213,242.06,47.184,0.017,-0.829,0.56,0,0.56,0.829,-1,-0.014,0.009],"_shiftlockState":false,"_pose":"FreeFall","_animationQueue":[["jump",0.1]],"_animationSpeed":1,"_zoom":16.125},{"_mousePosition":[649,341],"_rootPartCFrame":[745.923,227.964,47.029,0.017,0,1,0,1,0,-1,0,0.017],"_humanoidState":5,"_cameraCFrame":[754.946,242.828,47.179,0.017,-0.829,0.56,0,0.56,0.829,-1,-0.014,0.009],"_shiftlockState":false,"_pose":"FreeFall","_animationQueue":[],"_animationSpeed":1,"_zoom":16.125},{"_mousePosition":[649,341],"_rootPartCFrame":[745.656,228.678,47.025,0.017,0,1,0,1,0,-1,0,0.017],"_humanoidState":5,"_cameraCFrame":[754.68,243.541,47.175,0.017,-0.829,0.56,0,0.56,0.829,-1,-0.014,0.009],"_shiftlockState":false,"_pose":"FreeFall","_animationQueue":[],"_animationSpeed":1,"_zoom":16.125},{"_mousePosition":[649,341],"_rootPartCFrame":[745.39,229.336,47.02,0.017,0,1,0,1,0,-1,0,0.017],"_humanoidState":5,"_cameraCFrame":[754.413,244.199,47.17,0.017,-0.829,0.56,0,0.56,0.829,-1,-0.014,0.009],"_shiftlockState":false,"_pose":"FreeFall","_animationQueue":[],"_animationSpeed":1,"_zoom":16.125},{"_mousePosition":[649,341],"_rootPartCFrame":[745.123,229.94,47.016,0.017,0,1,0,1,0,-1,0,0.017],"_humanoidState":5,"_cameraCFrame":[754.146,244.803,47.166,0.017,-0.829,0.56,0,0.56,0.829,-1,-0.014,0.009],"_shiftlockState":false,"_pose":"FreeFall","_animationQueue":[],"_animationSpeed":1,"_zoom":16.125},{"_mousePosition":[649,341],"_rootPartCFrame":[744.857,230.49,47.011,0.017,0,1,0,1,0,-1,0,0.017],"_humanoidState":5,"_cameraCFrame":[753.88,245.353,47.161,0.017,-0.829,0.56,0,0.56,0.829,-1,-0.014,0.009],"_shiftlockState":false,"_pose":"FreeFall","_animationQueue":[],"_animationSpeed":1,"_zoom":16.125},{"_mousePosition":[649,341],"_rootPartCFrame":[744.59,230.985,47.007,0.017,0,1,0,1,0,-1,0,0.017],"_humanoidState":5,"_cameraCFrame":[753.613,245.848,47.157,0.017,-0.829,0.56,0,0.56,0.829,-1,-0.014,0.009],"_shiftlockState":false,"_pose":"FreeFall","_animationQueue":[],"_animationSpeed":1,"_zoom":16.125},{"_mousePosition":[649,341],"_rootPartCFrame":[744.323,231.425,47.002,0.017,0,1,0,1,0,-1,0,0.017],"_humanoidState":5,"_cameraCFrame":[753.347,246.288,47.13,0.014,-0.829,0.56,0,0.56,0.829,-1,-0.012,0.008],"_shiftlockState":false,"_pose":"FreeFall","_animationQueue":[],"_animationSpeed":1,"_zoom":16.125},{"_mousePosition":[649,341],"_rootPartCFrame":[744.057,231.811,46.998,0.017,0,1,0,1,0,-1,0,0.017],"_humanoidState":5,"_cameraCFrame":[753.055,246.692,47.102,0.012,-0.83,0.558,0,0.558,0.83,-1,-0.01,0.006],"_shiftlockState":false,"_pose":"FreeFall","_animationQueue":[],"_animationSpeed":1,"_zoom":16.125},{"_mousePosition":[649,341],"_rootPartCFrame":[743.724,232.217,46.993,0.017,0,1,0,1,0,-1,0,0.017],"_humanoidState":5,"_cameraCFrame":[752.721,247.098,47.097,0.012,-0.83,0.558,0,0.558,0.83,-1,-0.01,0.006],"_shiftlockState":false,"_pose":"FreeFall","_animationQueue":[],"_animationSpeed":1,"_zoom":16.125},{"_mousePosition":[649,341],"_rootPartCFrame":[743.524,232.42,46.991,0.016,0,1,0,1,0,-1,0,0.016],"_humanoidState":5,"_cameraCFrame":[752.521,247.3,47.095,0.012,-0.83,0.558,0,0.558,0.83,-1,-0.01,0.006],"_shiftlockState":false,"_pose":"FreeFall","_animationQueue":[],"_animationSpeed":1,"_zoom":16.125},{"_mousePosition":[649,341],"_rootPartCFrame":[743.257,232.642,46.988,0.016,0,1,0,1,0,-1,0,0.016],"_humanoidState":5,"_cameraCFrame":[752.255,247.523,47.069,0.009,-0.83,0.558,0,0.558,0.83,-1,-0.008,0.005],"_shiftlockState":false,"_pose":"FreeFall","_animationQueue":[],"_animationSpeed":1,"_zoom":16.125},{"_mousePosition":[649,341],"_rootPartCFrame":[742.99,232.81,46.985,0.015,0,1,0,1,0,-1,0,0.015],"_humanoidState":5,"_cameraCFrame":[751.988,247.691,47.066,0.009,-0.83,0.558,0,0.558,0.83,-1,-0.008,0.005],"_shiftlockState":false,"_pose":"FreeFall","_animationQueue":[],"_animationSpeed":1,"_zoom":16.125},{"_mousePosition":[649,341],"_rootPartCFrame":[742.724,232.924,46.982,0.014,0,1,0,1,0,-1,0,0.014],"_humanoidState":5,"_cameraCFrame":[751.722,247.805,47.041,0.007,-0.83,0.558,0,0.558,0.83,-1,-0.005,0.004],"_shiftlockState":false,"_pose":"FreeFall","_animationQueue":[],"_animat