[{"_mousePosition":[647,331],"_rootPartCFrame":[776.034,222.7,47.142,-0.002,0,1,0,1,0,-1,0,-0.002],"_humanoidState":8,"_cameraCFrame":[783.097,238.536,49.287,0.291,-0.851,0.438,0,0.458,0.889,-0.957,-0.258,0.133],"_shiftlockState":false,"_pose":"Standing","_animationQueue":[],"_animationSpeed":1,"_zoom":16.125},{"_mousePosition":[647,331],"_rootPartCFrame":[775.87,222.695,47.092,0.027,0,1,0,1,0,-1,0,0.027],"_humanoidState":8,"_cameraCFrame":[782.933,238.531,49.237,0.291,-0.851,0.438,0,0.458,0.889,-0.957,-0.258,0.133],"_shiftlockState":false,"_pose":"Standing","_animationQueue":[],"_animationSpeed":1,"_zoom":16.125},{"_mousePosition":[647,331],"_rootPartCFrame":[775.616,222.696,47.015,0.063,0,0.998,0,1,0,-0.998,0,0.063],"_humanoidState":8,"_cameraCFrame":[782.658,238.547,49.134,0.288,-0.852,0.437,0,0.456,0.89,-0.958,-0.256,0.131],"_shiftlockState":false,"_pose":"Running","_animationQueue":[["walk",0.1]],"_animationSpeed":1.003,"_zoom":16.125},{"_mousePosition":[647,331],"_rootPartCFrame":[775.361,222.698,46.938,0.094,0,0.996,0,1,0,-0.996,0,0.094],"_humanoidState":8,"_cameraCFrame":[782.376,238.563,49.049,0.288,-0.853,0.435,0,0.454,0.891,-0.958,-0.257,0.131],"_shiftlockState":false,"_pose":"Running","_animationQueue":[["walk",0.1]],"_animationSpeed":1.101,"_zoom":16.125},{"_mousePosition":[647,331],"_rootPartCFrame":[775.106,222.699,46.861,0.121,0,0.993,0,1,0,-0.993,0,0.121],"_humanoidState":8,"_cameraCFrame":[782.121,238.563,48.972,0.288,-0.853,0.435,0,0.454,0.891,-0.958,-0.257,0.131],"_shiftlockState":false,"_pose":"Running","_animationQueue":[],"_animationSpeed":1.101,"_zoom":16.125},{"_mousePosition":[647,331],"_rootPartCFrame":[774.85,222.699,46.784,0.144,0,0.99,0,1,0,-0.99,0,0.144],"_humanoidState":8,"_cameraCFrame":[781.871,238.564,48.877,0.286,-0.854,0.435,0,0.454,0.891,-0.958,-0.255,0.13],"_shiftlockState":false,"_pose":"Running","_animationQueue":[],"_animationSpeed":1.101,"_zoom":16.125},{"_mousePosition":[647,331],"_rootPartCFrame":[774.595,222.699,46.707,0.164,0,0.987,0,1,0,-0.987,0,0.164],"_humanoidState":8,"_cameraCFrame":[781.54,238.607,48.759,0.283,-0.857,0.431,0,0.449,0.893,-0.959,-0.253,0.127],"_shiftlockState":false,"_pose":"Running","_animationQueue":[],"_animationSpeed":1.101,"_zoom":16.125},{"_mousePosition":[647,331],"_rootPartCFrame":[774.34,222.699,46.631,0.18,0,0.984,0,1,0,-0.984,0,0.18],"_humanoidState":8,"_cameraCFrame":[781.241,238.635,48.632,0.278,-0.86,0.428,0,0.446,0.895,-0.96,-0.249,0.124],"_shiftlockState":false,"_pose":"Running","_animationQueue":[["walk",0.1]],"_animationSpeed":1.101,"_zoom":16.125},{"_mousePosition":[647,331],"_rootPartCFrame":[774.084,222.7,46.555,0.195,0,0.981,0,1,0,-0.981,0,0.195],"_humanoidState":8,"_cameraCFrame":[780.941,238.663,48.506,0.274,-0.863,0.425,0,0.442,0.897,-0.962,-0.245,0.121],"_shiftlockState":false,"_pose":"Running","_animationQueue":[],"_animationSpeed":1.101,"_zoom":16.125},{"_mousePosition":[647,331],"_rootPartCFrame":[773.7,222.7,46.444,0.212,0,0.977,0,1,0,-0.977,0,0.212],"_humanoidState":8,"_cameraCFrame":[780.508,238.691,48.361,0.271,-0.865,0.422,0,0.439,0.899,-0.963,-0.244,0.119],"_shiftlockState":false,"_pose":"Running","_animationQueue":[],"_animationSpeed":1.101,"_zoom":16.125},{"_mousePosition":[647,331],"_rootPartCFrame":[773.571,222.7,46.407,0.216,0,0.976,0,1,0,-0.976,0,0.216],"_humanoidState":8,"_cameraCFrame":[780.334,238.718,48.275,0.266,-0.868,0.419,0,0.435,0.9,-0.964,-0.24,0.116],"_shiftlockState":false,"_pose":"Running","_animationQueue":[],"_animationSpeed":1.101,"_zoom":16.125},{"_mousePosition":[647,331],"_rootPartCFrame":[773.315,222.7,46.335,0.224,0,0.975,0,1,0,-0.975,0,0.224],"_humanoidState":8,"_cameraCFrame":[780.005,238.759,48.146,0.261,-0.872,0.415,0,0.43,0.903,-0.965,-0.236,0.112],"_shiftlockState":false,"_pose":"Running","_animationQueue":[],"_animationSpeed":1.101,"_zoom":16.125},{"_mousePosition":[647,331],"_rootPartCFrame":[773.058,222.7,46.264,0.229,0,0.973,0,1,0,-0.973,0,0.229],"_humanoidState":8,"_cameraCFrame":[779.698,238.786,48.044,0.259,-0.874,0.412,0,0.426,0.905,-0.966,-0.234,0.11],"_shiftlockState":false,"_pose":"Running","_animationQueue":[],"_animationSpeed":1.101,"_zoom":16.125},{"_mousePosition":[647,331],"_rootPartCFrame":[772.8,222.7,46.194,0.234,0,0.972,0,1,0,-0.972,0,0.234],"_humanoidState":8,"_cameraCFrame":[779.39,238.813,47.943,0.256,-0.876,0.409,0,0.423,0.906,-0.967,-0.232,0.108],"_shiftlockState":false,"_pose":"Running","_animationQueue":[],"_animationSpeed":1.101,"_zoom":16.125},{"_mousePosition":[647,331],"_rootPartCFrame":[772.543,222.7,46.125,0.237,0,0.971,0,1,0,-0.971,0,0.237],"_humanoidState":8,"_cameraCFrame":[779.137,238.813,47.857,0.254,-0.876,0.409,0,0.423,0.906,-0.967,-0.23,0.107],"_shiftlockState":false,"_pose":"Running","_animationQueue":[["walk",0.1]],"_animationSpeed":1.101,"_zoom":16.125},{"_mousePosition":[647,331],"_rootPartCFrame":[772.285,222.7,46.056,0.24,0,0.971,0,1,0,-0.971,0,0.24],"_humanoidState":8,"_cameraCFrame":[778.852,238.826,47.781,0.254,-0.877,0.407,0,0.421,0.907,-0.967,-0.23,0.107],"_shiftlockState":false,"_pose":"Running","_animationQueue":[],"_animationSpeed":1.101,"_zoom":16.125},{"_mousePosition":[647,331],"_rootPartCFrame":[772.027,222.7,45.989,0.242,0,0.97,0,1,0,-0.97,0,0.242],"_humanoidState":8,"_cameraCFrame":[778.594,238.826,47.713,0.254,-0.877,0.407,0,0.421,0.907,-0.967,-0.23,0.107],"_shiftlockState":false,"_pose":"Running","_animationQueue":[],"_animationSpeed":1.101,"_zoom":16.125},{"_mousePosition":[647,331],"_rootPartCFrame":[771.769,222.7,45.921,0.244,0,0.97,0,1,0,-0.97,0,0.244],"_humanoidState":8,"_cameraCFrame":[778.336,238.826,47.646,0.254,-0.877,0.407,0,0.421,0.907,-0.967,-0.23,0.107],"_shiftlockState":false,"_pose":"Running","_animationQueue":[],"_animationSpeed":1.101,"_zoom":16.125},{"_mousePosition":[647,331],"_rootPartCFrame":[771.511,222.7,45.853,0.245,0,0.97,0,1,0,-0.97,0,0.245],"_humanoidState":8,"_cameraCFrame":[778.078,238.826,47.578,0.254,-0.877,0.407,0,0.421,0.907,-0.967,-0.23,0.107],"_shiftlockState":false,"_pose":"Running","_animationQueue":[],"_animationSpeed":1.101,"_zoom":16.125},{"_mousePosition":[647,331],"_rootPartCFrame":[771.253,222.7,45.785,0.246,0,0.969,0,1,0,-0.969,0,0.246],"_humanoidState":8,"_cameraCFrame":[777.82,238.826,47.51,0.254,-0.877,0.407,0,0.421,0.907,-0.967,-0.23,0.107],"_shiftlockState":false,"_pose":"Running","_animationQueue":[],"_animationSpeed":1.101,"_zoom":16.125},{"_mousePosition":[647,331],"_rootPartCFrame":[770.995,222.7,45.718,0.247,0,0.969,0,1,0,-0.969,0,0.247],"_humanoidState":8,"_cameraCFrame":[777.562,238.826,47.442,0.254,-0.877,0.407,0,0.421,0.907,-0.967,-0.23,0.107],"_shiftlockState":false,"_pose":"Running","_animationQueue":[],"_animationSpeed":1.101,"_zoom":16.125},{"_mousePosition":[647,331],"_rootPartCFrame":[770.738,222.7,45.65,0.248,0,0.969,0,1,0,-0.969,0,0.248],"_humanoidState":8,"_cameraCFrame":[777.304,238.826,47.375,0.254,-0.877,0.407,0,0.421,0.907,-0.967,-0.23,0.107],"_shiftlockState":false,"_pose":"Running","_animationQueue":[["walk",0.1]],"_animationSpeed":1.101,"_zoom":16.125},{"_mousePosition":[647,331],"_rootPartCFrame":[770.48,222.7,45.582,0.249,0,0.969,0,1,0,-0.969,0,0.249],"_humanoidState":8,"_cameraCFrame":[777.046,238.826,47.307,0.254,-0.877,0.407,0,0.421,0.907,-0.967,-0.23,0.107],"_shiftlockState":false,"_pose":"Running","_animationQueue":[],"_animationSpeed":1.101,"_zoom":16.125},{"_mousePosition":[647,331],"_rootPartCFrame":[770.222,222.7,45.514,0.25,0,0.968,0,1,0,-0.968,0,0.25],"_humanoidState":8,"_cameraCFrame":[776.788,238.826,47.239,0.254,-0.877,0.407,0,0.421,0.907,-0.967,-0.23,0.107],"_shiftlockState":false,"_pose":"Running","_animationQueue":[],"_animationSpeed":1.101,"_zoom":16.125},{"_mousePosition":[647,331],"_rootPartCFrame":[769.964,223.563,45.447,0.25,0,0.968,0,1,0,-0.968,0,0.25],"_humanoidState":3,"_cameraCFrame":[776.53,239.689,47.171,0.254,-0.877,0.407,0,0.421,0.907,-0.967,-0.23,0.107],"_shiftlockState":false,"_pose":"Jumping","_animationQueue":[["walk",0.1],["jump",0.1]],"_animationSpeed":1,"_zoom":16.125},{"_mousePosition":[647,331],"_rootPartCFrame":[769.642,224.565,45.362,0.251,0,0.968,0,1,0,-0.968,0,0.251],"_humanoidState":5,"_cameraCFrame":[776.208,240.691,47.087,0.254,-0.877,0.407,0,0.421,0.907,-0.967,-0.23,0.107],"_shiftlockState":false,"_pose":"FreeFall","_animationQueue":[["jump",0.1]],"_animationSpeed":1,"_zoom":16.125},{"_mousePosition":[647,331],"_rootPartCFrame":[769.448,225.125,45.311,0.251,0,0.968,0,1,0,-0.968,0,0.251],"_humanoidState":5,"_cameraCFrame":[776.015,241.251,47.036,0.254,-0.877,0.407,0,0.421,0.907,-0.967,-0.23,0.107],"_shiftlockState":false,"_pose":"FreeFall","_animationQueue":[],"_animationSpeed":1,"_zoom":16.125},{"_mousePosition":[647,331],"_rootPartCFrame":[769.19,225.824,45.244,0.252,0,0.968,0,1,0,-0.968,0,0.252],"_humanoidState":5,"_cameraCFrame":[775.757,241.95,46.968,0.254,-0.877,0.407,0,0.421,0.907,-0.967,-0.23,0.107],"_shiftlockState":false,"_pose":"FreeFall","_animationQueue":[],"_animationSpeed":1,"_zoom":16.125},{"_mousePosition":[647,331],"_rootPartCFrame":[768.868,226.622,45.159,0.252,0,0.968,0,1,0,-0.968,0,0.252],"_humanoidState":5,"_cameraCFrame":[775.435,242.748,46.883,0.254,-0.877,0.407,0,0.421,0.907,-0.967,-0.23,0.107],"_shiftlockState":false,"_pose":"FreeFall","_animationQueue":[],"_animationSpeed":1,"_zoom":16.125},{"_mousePosition":[647,331],"_rootPartCFrame":[768.675,227.06,45.108,0.252,0,0.968,0,1,0,-0.968,0,0.252],"_humanoidState":5,"_cameraCFrame":[775.241,243.186,46.833,0.254,-0.877,0.407,0,0.421,0.907,-0.967,-0.23,0.107],"_shiftlockState":false,"_pose":"FreeFall","_animationQueue":[],"_animationSpeed":1,"_zoom":16.125},{"_mousePosition":[647,331],"_rootPartCFrame":[768.417,227.595,45.04,0.253,0,0.968,0,1,0,-0.968,0,0.253],"_humanoidState":5,"_cameraCFrame":[774.983,243.722,46.765,0.254,-0.877,0.407,0,0.421,0.907,-0.967,-0.23,0.107],"_shiftlockState":false,"_pose":"FreeFall","_animationQueue":[],"_animationSpeed":1,"_zoom":16.125},{"_mousePosition":[647,331],"_rootPartCFrame":[768.095,228.189,44.956,0.253,0,0.968,0,1,0,-0.968,0,0.253],"_humanoidState":5,"_cameraCFrame":[774.661,244.315,46.68,0.254,-0.877,0.407,0,0.421,0.907,-0.967,-0.23,0.107],"_shiftlockState":false,"_pose":"FreeFall","_animationQueue":[],"_animationSpeed":1,"_zoom":16.125},{"_mousePosition":[647,331],"_rootPartCFrame":[767.901,228.504,44.905,0.253,0,0.967,0,1,0,-0.967,0,0.253],"_humanoidState":5,"_cameraCFrame":[774.468,244.63,46.629,0.254,-0.877,0.407,0,0.421,0.907,-0.967,-0.23,0.107],"_shiftlockState":false,"_pose":"FreeFall","_animationQueue":[],"_animationSpeed":1,"_zoom":16.125},{"_mousePosition":[647,331],"_rootPartCFrame":[767.644,228.876,44.837,0.253,0,0.967,0,1,0,-0.967,0,0.253],"_humanoidState":5,"_cameraCFrame":[774.21,245.002,46.562,0.254,-0.877,0.407,0,0.421,0.907,-0.967,-0.23,0.107],"_shiftlockState":false,"_pose":"FreeFall","_animationQueue":[],"_animationSpeed":1,"_zoom":16.125},{"_mousePosition":[647,331],"_rootPartCFrame":[767.386,229.194,44.769,0.253,0,0.967,0,1,0,-0.967,0,0.253],"_humanoidState":5,"_cameraCFrame":[773.952,245.32,46.494,0.254,-0.877,0.407,0,0.421,0.907,-0.967,-0.23,0.107],"_shiftlockState":false,"_pose":"FreeFall","_animationQueue":[],"_animationSpeed":1,"_zoom":16.125},{"_mousePosition":[647,331],"_rootPartCFrame":[767.128,229.457,44.702,0.253,0,0.967,0,1,0,-0.967,0,0.253],"_humanoidState":5,"_cameraCFrame":[773.694,245.584,46.426,0.254,-0.877,0.407,0,0.421,0.907,-0.967,-0.23,0.107],"_shiftlockState":false,"_pose":"FreeFall","_animationQueue":[],"_animationSpeed":1,"_zoom":16.125},{"_mousePosition":[647,331],"_rootPartCFrame":[766.87,229.666,44.634,0.253,0,0.967,0,1,0,-0.967,0,0.253],"_humanoidState":5,"_cameraCFrame":[773.436,245.792,46.359,0.254,-0.877,0.407,0,0.421,0.907,-0.967,-0.23,0.107],"_shiftlockState":false,"_pose":"FreeFall","_animationQueue":[],"_animationSpeed":1,"_zoom":16.125},{"_mousePosition":[647,331],"_rootPartCFrame":[766.612,229.821,44.566,0.254,0,0.967,0,1,0,-0.967,0,0.254],"_humanoidState":5,"_cameraCFrame":[773.179,245.947,46.291,0.254,-0.877,0.407,0,0.421,0.907,-0.967,-0.23,0.107],"_shiftlockState":false,"_pose":"FreeFall","_animationQueue":[],"_animationSpeed":1,"_zoom":16.125},{"_mousePosition":[647,331],"_rootPartCFrame":[766.419,229.901,44.515,0.254,0,0.967,0,1,0,-0.967,0,0.254],"_humanoidState":5,"_cameraCFrame":[772.985,246.027,46.24,0.254,-0.877,0.407,0,0.421,0.907,-0.967,-0.23,0.107],"_shiftlockState":false,"_pose":"FreeFall","_animationQueue":[],"_animationSpeed":1,"_zoom":16.125},{"_mousePosition":[647,331],"_rootPartCFrame":[766.097,229.966,44.431,0.254,0,0.967,0,1,0,-0.967,0,0.254],"_humanoidState":5,"_cameraCFrame":[772.663,246.092,46.155,0.254,-0.877,0.407,0,0.421,0.907,-0.967,-0.23,0.107],"_shiftlockState":false,"_pose":"FreeFall","_animationQueue":[],"_animationSpeed":1,"_zoom":16.125},{"_mousePosition":[647,331],"_rootPartCFrame":[765.839,229.957,44.363,0.254,0,0.967,0,1,0,-0.967,0,0.254],"_humanoidState":5,"_cameraCFrame":[772.405,246.083,46.088,0.254,-0.877,0.407,0,0.421,0.907,-0.967,-0.23,0.107],"_shiftlockState":false,"_pose":"FreeFall","_animationQueue":[["fall",0.3]],"_animationSpeed":1,"_zoom":16.125},{"_mousePosition":[647,331],"_rootPartCFrame":[765.646,229.914,44.312,0.254,0,0.967,0,1,0,-0.967,0,0.254],"_humanoidState":5,"_cameraCFrame":[772.212,246.04,46.037,0.254,-0.877,0.407,0,0.421,0.907,-0.967,-0.23,0.107],"_shiftlockState":false,"_pose":"FreeFall","_animationQueue":[],"_animationSpeed":1,"_zoom":16.125},{"_mousePosition":[647,331],"_rootPartCFrame":[765.323,229.775,44.228,0.254,0,0.967,0,1,0,-0.967,0,0.254],"_humanoidState":5,"_cameraCFrame":[771.89,245.901,45.952,0.254,-0.877,0.407,0,0.421,0.907,-0.967,-0.23,0.107],"_shiftlockState":false,"_pose":"FreeFall","_animationQueue":[],"_animationSpeed":1,"_zoom":16.125},{"_mousePosition":[647,331],"_rootPartCFrame":[765.065,229.603,44.16,0.254,0,0.967,0,1,0,-0.967,0,0.254],"_humanoidState":5,"_cameraCFrame":[771.632,245.729,45.884,0.254,-0.877,0.407,0,0.421,0.907,-0.967,-0.23,0.107],"_shiftlockState":false,"_pose":"FreeFall","_animationQueue":[],"_animationSpeed":1,"_zoom":16.125},{"_mousePosition":[647,331],"_rootPartCFrame":[764.808,229.375,44.092,0.254,0,0.967,0,1,0,-0.967,0,0.254],"_humanoidState":5,"_cameraCFrame":[771.374,245.502,45.817,0.254,-0.877,0.407,0,0.421,0.907,-0.967,-0.23,0.107],"_shiftlockState":false,"_pose":"FreeFall","_animationQueue":[],"_animationSpeed":1,"_zoom":16.125},{"_mousePosition":[647,331],"_rootPartCFrame":[764.55,229.094,44.024,0.254,0,0.967,0,1,0,-0.967,0,0.254],"_humanoidState":5,"_cameraCFrame":[771.116,245.22,45.749,0.254,-0.877,0.407,0,0.421,0.907,-0.967,-0.23,0.107],"_shiftlockState":false,"_pose":"FreeFall","_animationQueue":[],"_animationSpeed":1,"_zoom":16.125},{"_mousePosition":[647,331],"_rootPartCFrame":[764.292,228.758,43.957,0.254,0,0.967,0,1,0,-0.967,0,0.254],"_humanoidState":5,"_cameraCFrame":[770.867,244.884,45.648,0.249,-0.878,0.408,0,0.421,0.907,-0.968,-0.226,0.105],"_shiftlockState":false,"_pose":"FreeFall","_animationQueue":[["fall",0.3]],"_animationSpeed":1,"_zoom":16.125},{"_mousePosition":[647,331],"_rootPartCFrame":[764.034,228.367,43.889,0.254,0,0.967,0,1,0,-0.967,0,0.254],"_humanoidState":5,"_cameraCFrame":[770.586,244.507,45.557,0.247,-0.88,0.406,0,0.419,0.908,-0.969,-0.224,0.103],"_shiftlockState":false,"_pose":"FreeFall","_animationQueue":[],"_animationSpeed":1,"_zoom":16.125},{"_mousePosition":[647,331],"_rootPartCFrame":[763.776,227.922,43.822,0.253,0,0.967,0,1,0,-0.967,0,0.253],"_humanoidState":5,"_cameraCFrame":[770.312,244.075,45.433,0.239,-0.882,0.405,0,0.417,0.909,-0.971,-0.217,0.1],"_shiftlockState":false,"_pose":"FreeFall","_animationQueue":[],"_animationSpeed":1,"_zoom":16.125},{"_mousePosition":[647,331],"_rootPartCFrame":[763.518,227.422,43.756,0.253,0,0.968,0,1,0,-0.968,0,0.253],"_humanoidState":5,"_cameraCFrame":[770.042,243.588,45.295,0.229,-0.885,0.405,0,0.416,0.909,-0.973,-0.209,0.095],"_shiftlockState":false,"_pose":"FreeFall","_animationQueue":[],"_animationSpeed":1,"_zoom":16.125},{"_mousePosition":[647,331],"_rootPartCFrame":[763.259,226.868,43.692,0.251,0,0.968,0,1,0,-0.968,0,0.251],"_humanoidState":5,"_cameraCFrame":[769.767,243.047,45.175,0.222,-0.888,0.404,0,0.414,0.91,-0.975,-0.202,0.092],"_shiftlockState":false,"_pose":"FreeFall","_animationQueue":[],"_animationSpeed":1,"_zoom":16.125},{"_mousePosition":[647,331],"_rootPartCFrame":[762.999,226.26,43.631,0.249,0,0.969,0,1,0,-0.969,0,0.249],"_humanoidState":5,"_cameraCFrame":[769.491,242.451,45.057,0.215,-0.89,0.403,0,0.412,0.911,-0.977,-0.196,0.088],"_shiftlockState":false,"_pose":"FreeFall","_animationQueue":[],"_animationSpeed":1,"_zoom":16.125},{"_mousePosition":[647,331],"_rootPartCFrame":[762.739,225.597,43.571,0.245,0,0.969,0,1,0,-0.969,0,0.245],"_humanoidState":5,"_cameraCFrame":[769.213,241.801,44.943,0.207,-0.892,0.401,0,0.41,0.912,-0.978,-0.189,0.085],"_shiftlockState":false,"_pose":"FreeFall","_animationQueue":[],"_animationSpeed":1,"_zoom":16.125},{"_mousePosition":[647,331],"_rootPartCFrame":[762.479,224.879,43.514,0.242,0,0.97,0,1,0,-0.97,0,0.242],"_humanoidState":5,"_cameraCFrame":[768.935,241.096,44.83,0.2,-0.894,0.4,0,0.409,0.913,-0.98,-0.182,0.082],"_shiftlockState":false,"_pose":"FreeFall","_animationQueue":[["fall",0.3]],"_animationSpeed":1,"_zoom":16.125},{"_mousePosition":[647,331],"_rootPartCFrame":[762.218,224.107,43.458,0.237,0,0.971,0,1,0,-0.971,0,0.237],"_humanoidState":5,"_cameraCFrame":[768.64,240.35,44.65,0.182,-0.899,0.398,0,0.405,0.914,-0.983,-0.167,0.074],"_shiftlockState":false,"_pose":"FreeFall","_animationQueue":[],"_animationSpeed":1,"_zoom":16.125},{"_mousePosition":[647,331],"_rootPartCFrame":[761.957,223.28,43.404,0.232,0,0.973,0,1,0,-0.973,0,0.232],"_humanoidState":5,"_cameraCFrame":[768.388,239.523,44.547,0.175,-0.9,0.399,0,0.405,0.914,-0.985,-0.16,0.071],"_shiftlockState":false,"_pose":"FreeFall","_animationQueue":[],"_animationSpeed":1,"_zoom":16.125},{"_mousePosition":[647,331],"_rootPartCFrame":[761.695,222.508,43.355,0.226,0,0.974,0,1,0,-0.974,0,0.226],"_humanoidState":7,"_cameraCFrame":[768.065,238.789,44.338,0.152,-0.906,0.395,0,0.4,0.917,-0.988,-0.14,0.061],"_shiftlockState":false,"_pose":"FreeFall","_animationQueue":[["walk",0.1],["fall",0.3],["fall",0.3]],"_animationSpeed":1,"_zoom":16.125},{"_mousePosition":[647,331],"_rootPartCFrame":[761.432,222.46,43.308,0.22,0,0.976,0,1,0,-0.976,0,0.22],"_humanoidState":7,"_cameraCFrame":[767.788,238.754,44.19,0.137,-0.909,0.394,0,0.398,0.917,-0.991,-0.126,0.055],"_shiftlockState":false,"_pose":"FreeFall","_animationQueue":[],"_animationSpeed":1,"_zoom":16.125},{"_mousePosition":[647,331],"_rootPartCFrame":[761.169,222.549,43.267,0.211,0,0.977,0,1,0,-0.977,0,0.211],"_humanoidState":8,"_cameraCFrame":[767.48,238.868,44.045,0.122,-0.912,0.391,0,0.394,0.919,-0.992,-0.112,0.048],"_shiftlockState":false,"_pose":"Running","_animationQueue":[["walk",0.1],["fall",0.3],["walk",0.1]],"_animationSpeed":1.103,"_zoom":16.125},{"_mousePosition":[647,331],"_rootPartCFrame":[760.905,222.616,43.23,0.202,0,0.979,0,1,0,-0.979,0,0.202],"_humanoidState":8,"_cameraCFrame":[767.196,238.947,43.925,0.11,-0.914,0.39,0,0.393,0.92,-0.994,-0.101,0.043],"_shiftlockState":false,"_pose":"Running","_animationQueue":[["walk",0.1]],"_animationSpeed":1.103,"_zoom":16.125},{"_mousePosition":[647,331],"_rootPartCFrame":[760.64,222.655,43.197,0.191,0,0.982,0,1,0,-0.982,0,0.191],"_humanoidState":8,"_cameraCFrame":[766.91,238.998,43.825,0.1,-0.916,0.389,0,0.391,0.92,-0.995,-0.092,0.039],"_shiftlockState":false,"_pose":"Running","_animationQueue":[],"_animationSpeed":1.103,"_zoom":16.125},{"_mousePosition":[647,331],"_rootPartCFrame":[760.375,222.676,43.167,0.18,0,0.984,0,1,0,-0.984,0,0.18],"_humanoidState":8,"_cameraCFrame":[766.645,239.019,43.796,0.1,-0.916,0.389,0,0.391,0.92,-0.995,-0.092,0.039],"_shiftlockState":false,"_pose":"Running","_animationQueue":[],"_animationSpeed":1.103,"_zoom":16.125},{"_mousePosition":[647,331],"_rootPartCFrame":[760.11,222.687,43.14,0.17,0,0.985,0,1,0,-0.985,0,0.17],"_humanoidState":8,"_cameraCFrame":[766.379,239.03,43.769,0.1,-0.916,0.389,0,0.391,0.92,-0.995,-0.092,0.039],"_shiftlockState":false,"_pose":"Running","_animationQueue":[],"_animationSpeed":1.103,"_zoom":16.125},{"_mousePosition":[647,331],"_rootPartCFrame":[759.712,222.695,43.1,0.156,0,0.988,0,1,0,-0.988,0,0.156],"_humanoidState":8,"_cameraCFrame":[765.981,239.038,43.729,0.1,-0.916,0.389,0,0.391,0.92,-0.995,-0.092,0.039],"_shiftlockState":false,"_pose":"Running","_animationQueue":[],"_animationSpeed":1.103,"_zoom":16.125},{"_mousePosition":[647,331],"_rootPartCFrame":[759.579,222.697,43.087,0.152,0,0.988,0,1,0,-0.988,0,0.152],"_humanoidState":8,"_cameraCFrame":[765.849,239.04,43.716,0.1,-0.916,0.389,0,0.391,0.92,-0.995,-0.092,0.039],"_shiftlockState":false,"_pose":"Running","_animationQueue":[],"_animationSpeed":1.103,"_zoom":16.125},{"_mousePosition":[647,331],"_rootPartCFrame":[759.314,222.699,43.06,0.145,0,0.989,0,1,0,-0.989,0,0.145],"_humanoidState":8,"_cameraCFrame":[765.583,239.042,43.689,0.1,-0.916,0.389,0,0.391,0.92,-0.995,-0.092,0.039],"_shiftlockState":false,"_pose":"Running","_animationQueue":[["walk",0.1]],"_animationSpeed":1.103,"_zoom":16.125},{"_mousePosition":[647,331],"_rootPartCFrame":[759.048,222.7,43.034,0.139,0,0.99,0,1,0,-0.99,0,0.139],"_humanoidState":8,"_cameraCFrame":[765.318,239.043,43.663,0.1,-0.916,0.389,0,0.391,0.92,-0.995,-0.092,0.039],"_shiftlockState":false,"_pose":"Running","_animationQueue":[],"_animationSpeed":1.103,"_zoom":16.125},{"_mousePosition":[647,331],"_rootPartCFrame":[758.783,222.7,43.007,0.133,0,0.991,0,1,0,-0.991,0,0.133],"_humanoidState":8,"_cameraCFrame":[765.052,239.043,43.636,0.1,-0.916,0.389,0,0.391,0.92,-0.995,-0.092,0.039],"_shiftlockState":false,"_pose":"Running","_animationQueue":[],"_animationSpeed":1.103,"_zoom":16.125},{"_mousePosition":[647,331],"_rootPartCFrame":[758.385,222.7,42.967,0.127,0,0.992,0,1,0,-0.992,0,0.127],"_humanoidState":8,"_cameraCFrame":[764.654,239.043,43.596,0.1,-0.916,0.389,0,0.391,0.92,-0.995,-0.092,0.039],"_shiftlockState":false,"_pose":"Running","_animationQueue":[],"_animationSpeed":1.103,"_zoom":16.125},{"_mousePosition":[647,331],"_rootPartCFrame":[758.12,222.687,42.941,0.123,0,0.992,0,1,0,-0.992,0,0.123],"_humanoidState":8,"_cameraCFrame":[764.389,239.03,43.569,0.1,-0.916,0.389,0,0.391,0.92,-0.995,-0.092,0.039],"_shiftlockState":false,"_pose":"Running","_animationQueue":[],"_animationSpeed":1.103,"_zoom":16.125},{"_mousePosition":[647,331],"_rootPartCFrame":[757.854,223.55,42.914,0.119,0,0.993,0,1,0,-0.993,0,0.119],"_humanoidState":3,"_cameraCFrame":[764.124,239.893,43.543,0.1,-0.916,0.389,0,0.391,0.92,-0.995,-0.092,0.039],"_shiftlockState":false,"_pose":"Jumping","_animationQueue":[["walk",0.1],["jump",0.1]],"_animationSpeed":1,"_zoom":16.125},{"_mousePosition":[647,331],"_rootPartCFrame":[757.655,224.161,42.894,0.117,0,0.993,0,1,0,-0.993,0,0.117],"_humanoidState":5,"_cameraCFrame":[763.925,240.504,43.523,0.1,-0.916,0.389,0,0.391,0.92,-0.995,-0.092,0.039],"_shiftlockState":false,"_pose":"FreeFall","_animationQueue":[["jump",0.1]],"_animationSpeed":1,"_zoom":16.125},{"_mousePosition":[647,331],"_rootPartCFrame":[757.39,224.929,42.868,0.115,0,0.993,0,1,0,-0.993,0,0.115],"_humanoidState":5,"_cameraCFrame":[763.659,241.272,43.496,0.1,-0.916,0.389,0,0.391,0.92,-0.995,-0.092,0.039],"_shiftlockState":false,"_pose":"FreeFall","_animationQueue":[],"_animationSpeed":1,"_zoom":16.125},{"_mousePosition":[647,331],"_rootPartCFrame":[757.124,225.642,42.841,0.113,0,0.994,0,1,0,-0.994,0,0.113],"_humanoidState":5,"_cameraCFrame":[763.394,241.985,43.47,0.1,-0.916,0.389,0,0.391,0.92,-0.995,-0.092,0.039],"_shiftlockState":false,"_pose":"FreeFall","_animationQueue":[],"_animationSpeed":1,"_zoom":16.125},{"_mousePosition":[647,331],"_rootPartCFrame":[756.925,226.141,42.821,0.111,0,0.994,0,1,0,-0.994,0,0.111],"_humanoidState":5,"_cameraCFrame":[763.195,242.484,43.45,0.1,-0.916,0.389,0,0.391,0.92,-0.995,-0.092,0.039],"_shiftlockState":false,"_pose":"FreeFall","_animationQueue":[],"_animationSpeed":1,"_zoom":16.125},{"_mousePosition":[647,331],"_rootPartCFrame":[756.594,226.904,42.788,0.109,0,0.994,0,1,0,-0.994,0,0.109],"_humanoidState":5,"_cameraCFrame":[762.863,243.247,43.416,0.1,-0.916,0.389,0,0.391,0.92,-0.995,-0.092,0.039],"_shiftlockState":false,"_pose":"FreeFall","_animationQueue":[],"_animationSpeed":1,"_zoom":16.125},{"_mousePosition":[647,331],"_rootPartCFrame":[756.328,227.454,42.761,0.108,0,0.994,0,1,0,-0.994,0,0.108],"_humanoidState":5,"_cameraCFrame":[762.598,243.797,43.39,0.1,-0.916,0.389,0,0.391,0.92,-0.995,-0.092,0.039],"_shiftlockState":false,"_pose":"FreeFall","_animationQueue":[],"_animationSpeed":1,"_zoom":16.125},{"_mousePosition":[647,331],"_rootPartCFrame":[756.063,227.949,42.735,0.107,0,0.994,0,1,0,-0.994,0,0.107],"_humanoidState":5,"_cameraCFrame":[762.332,244.292,43.363,0.1,-0.916,0.389,0,0.391,0.92,-0.995,-0.092,0.039],"_shiftlockState":false,"_pose":"FreeFall","_animationQueue":[],"_animationSpeed":1,"_zoom":16.125},{"_mousePosition":[647,331],"_rootPartCFrame":[755.798,228.389,42.708,0.106,0,0.994,0,1,0,-0.994,0,0.106],"_humanoidState":5,"_cameraCFrame":[762.067,244.732,43.337,0.1,-0.916,0.389,0,0.391,0.92,-0.995,-0.092,0.039],"_shiftlockState":false,"_pose":"FreeFall","_animationQueue":[],"_animationSpeed":1,"_zoom":16.125},{"_mousePosition":[647,331],"_rootPartCFrame":[755.532,228.775,42.681,0.105,0,0.994,0,1,0,-0.994,0,0.105],"_humanoidState":5,"_cameraCFrame":[761.802,245.118,43.31,0.1,-0.916,0.389,0,0.391,0.92,-0.995,-0.092,0.039],"_shiftlockState":false,"_pose":"FreeFall","_animationQueue":[],"_animationSpeed":1,"_zoom":16.125},{"_mousePosition":[647,331],"_rootPartCFrame":[755.267,229.107,42.655,0.104,0,0.995,0,1,0,-0.995,0,0.104],"_humanoidState":5,"_cameraCFrame":[761.536,245.45,43.283,0.1,-0.916,0.389,0,0.391,0.92,-0.995,-0.092,0.039],"_shiftlockState":false,"_pose":"FreeFall","_animationQueue":[],"_animationSpeed":1,"_zoom":16.125},{"_mousePosition":[647,331],"_rootPartCFrame":[755.001,229.384,42.628,0.104,0,0.995,0,1,0,-0.995,0,0.104],"_humanoidState":5,"_cameraCFrame":[761.271,245.727,43.257,0.1,-0.916,0.389,0,0.391,0.92,-0.995,-0.092,0.039],"_shiftlockState":false,"_pose":"FreeFall","_animationQueue":[],"_animationSpeed":1,"_zoom":16.125},{"_mousePosition":[647,331],"_rootPartCFrame":[754.736,229.606,42.601,0.103,0,0.995,0,1,0,-0.995,0,0.103],"_humanoidState":5,"_cameraCFrame":[761.005,245.949,43.23,0.1,-0.916,0.389,0,0.391,0.92,-0.995,-0.092,0.039],"_shiftlockState":false,"_pose":"FreeFall","_animationQueue":[],"_animationSpeed":1,"_zoom":16.125},{"_mousePosition":[647,331],"_rootPartCFrame":[754.471,229.774,42.575,0.103,0,0.995,0,1,0,-0.995,0,0.103],"_humanoidState":5,"_cameraCFrame":[760.74,246.117,43.204,0.1,-0.916,0.389,0,0.391,0.92,-0.995,-0.092,0.039],"_shiftlockState":false,"_pose":"FreeFall","_animationQueue":[],"_animationSpeed":1,"_zoom":16.125},{"_mousePosition":[647,331],"_rootPartCFrame":[754.205,229.888,42.548,0.102,0,0.995,0,1,0,-0.995,0,0.102],"_humanoidState":5,"_cameraCFrame":[760.475,246.231,43.177,0.1,-0.916,0.389,0,0.391,0.92,-0.995,-0.092,0.039],"_shiftlockState":false,"_pose":"FreeFall","_animationQueue":[],"_animationSpeed":1,"_zoom":16.125},{"_mousePosition":[647,331],"_rootPartCFrame":[753.94,229.947,42.522,0.102,0,0.995,0,1,0,-0.995,0,0.102],"_humanoidState":5,"_cameraCFrame":[760.209,246.29,43.15,0.1,-0.916,0.389,0,0.391,0.92,-0.995,-0.092,0.039],"_shiftlockState":false,"_pose":"FreeFall","_animationQueue":[["fall",0.3]],"_animationSpeed":1,"_zoom":16.125},{"_mousePosition":[647,331],"_rootPartCFrame":[753.674,229.951,42.495,0.102,0,0.995,0,1,0,-0.995,0,0.102],"_humanoidState":5,"_cameraCFrame":[759.944,246.294,43.124,0.1,-0.916,0.389,0,0.391,0.92,-0.995,-0.092,0.039],"_shiftlockState":false,"_pose":"FreeFall","_animationQueue":[],"_animationSpeed":1,"_zoom":16.125},{"_mousePosition":[647,331],"_rootPartCFrame":[753.409,229.902,42.468,0.101,0,0.995,0,1,0,-0.995,0,0.101],"_humanoidState":5,"_cameraCFrame":[759.679,246.245,43.097,0.1,-0.916,0.389,0,0.391,0.92,-0.995,-0.092,0.039],"_shiftlockState":false,"_pose":"FreeFall","_animationQueue":[],"_animationSpeed":1,"_zoom":16.125},{"_mousePosition":[647,331],"_rootPartCFrame":[753.144,229.797,42.442,0.101,0,0.995,0,1,0,-0.995,0,0.101],"_humanoidState":5,"_cameraCFrame":[759.413,246.14,43.07,0.1,-0.916,0.389,0,0.391,0.92,-0.995,-0.092,0.039],"_shiftlockState":false,"_pose":"FreeFall","_animationQueue":[],"_animationSpeed":1,"_zoom":16.125},{"_mousePosition":[647,331],"_rootPartCFrame":[752.945,229.683,42.422,0.101,0,0.995,0,1,0,-0.995,0,0.101],"_humanoidState":5,"_cameraCFrame":[759.216,246.026,43.035,0.097,-0.916,0.389,0,0.391,0.92,-0.995,-0.09,0.038],"_shiftlockState":false,"_pose":"FreeFall","_animationQueue":[],"_animationSpeed":1,"_zoom":16.125},{"_mousePosition":[647,331],"_rootPartCFrame":[752.613,229.425,42.389,0.101,0,0.995,0,1,0,-0.995,0,0.101],"_humanoidState":5,"_cameraCFrame":[758.885,245.768,42.985,0.095,-0.916,0.389,0,0.391,0.92,-0.996,-0.087,0.037],"_shiftlockState":false,"_pose":"FreeFall","_animationQueue":[],"_animationSpeed":1,"_zoom":16.125},{"_mousePosition":[647,331],"_rootPartCFrame":[752.348,229.157,42.363,0.1,0,0.995,0,1,0,-0.995,0,0.1],"_humanoidState":5,"_cameraCFrame":[758.594,245.512,42.925,0.09,-0.918,0.387,0,0.389,0.921,-0.996,-0.083,0.035],"_shiftlockState":false,"_pose":"FreeFall","_animationQueue":[["fall",0.3]],"_animationSpeed":1,"_zoom":16.125},{"_mousePosition":[647,331],"_rootPartCFrame":[752.082,228.834,42.337,0.1,0,0.995,0,1,0,-0.995,0,0.1],"_humanoidState":5,"_cameraCFrame":[758.304,245.202,42.85,0.082,-0.919,0.386,0,0.387,0.922,-0.997,-0.076,0.032],"_shiftlockState":false,"_pose":"FreeFall","_animationQueue":[],"_animationSpeed":1,"_zoom":16.125},{"_mousePosition":[647,331],"_rootPartCFrame":[751.817,228.457,42.313,0.099,0,0.995,0,1,0,-0.995,0,0.099],"_humanoidState":5,"_cameraCFrame":[758.014,244.837,42.761,0.072,-0.92,0.384,0,0.385,0.923,-0.997,-0.066,0.028],"_shiftlockState":false,"_pose":"FreeFall","_animationQueue":[],"_animationSpeed":1,"_zoom":16.125},{"_mousePosition":[647,331],"_rootPartCFrame":[751.551,228.026,42.291,0.097,0,0.995,0,1,0,-0.995,0,0.097],"_humanoidState":5,"_cameraCFrame":[757.754,244.405,42.66,0.059,-0.921,0.385,0,0.385,0.923,-0.998,-0.055,0.023],"_shiftlockState":false,"_pose":"FreeFall","_animationQueue":[],"_animationSpeed":1,"_zoom":16.125},{"_mousePosition":[647,331],"_rootPartCFrame":[751.285,227.54,42.271,0.094,0,0.996,0,1,0,-0.996,0,0.094],"_humanoidState":5,"_cameraCFrame":[757.464,243.931,42.545,0.044,-0.923,0.383,0,0.384,0.924,-0.999,-0.041,0.017],"_shiftlockState":false,"_pose":"FreeFall","_animationQueue":[],"_animationSpeed":1,"_zoom":16.125},{"_mousePosition":[647,331],"_rootPartCFrame":[751.019,226.999,42.255,0.09,0,0.996,0,1,0,-0.996,0,0.09],"_humanoidState":5,"_cameraCFrame":[757.172,243.403,42.434,0.029,-0.924,0.382,0,0.382,0.924,-1,-0.027,0.011],"_shiftlockState":false,"_pose":"FreeFall","_animationQueue":[],"_animationSpeed":1,"_zoom":16.125},{"_mousePosition":[647,331],"_rootPartCFrame":[750.753,226.404,42.243,0.084,0,0.996,0,1,0,-0.996,0,0.084],"_humanoidState":5,"_cameraCFrame":[756.908,242.808,42.328,0.014,-0.924,0.382,0,0.382,0.924,-1,-0.013,0.005],"_shiftlockState":false,"_pose":"FreeFall","_animationQueue":[["fall",0.3]],"_animationSpeed":1,"_zoom":16.125},{"_mousePosition":[647,331],"_rootPartCFrame":[750.486,225.755,42.234,0.077,0,0.997,0,1,0,-0.997,0,0.077],"_humanoidState":5,"_cameraCFrame":[756.613,242.17,42.226,-0.001,-0.925,0.38,0,0.38,0.925,-1,0.001,0],"_shiftlockState":false,"_pose":"FreeFall","_animationQueue":[],"_animationSpeed":1,"_zoom":16.125},{"_mousePosition":[647,331],"_rootPartCFrame":[750.219,225.139,42.23,0.069,0,0.998,0,1,0,-0.998,0,0.069],"_humanoidState":7,"_cameraCFrame":[756.287,241.579,42.145,-0.014,-0.926,0.376,0,0.376,0.926,-1,0.013,-0.005],"_shiftlockState":false,"_pose":"FreeFall","_animationQueue":[["walk",0.1],["fall",0.3],["fall",0.3]],"_animationSpeed":1,"_zoom":16.125},{"_mousePosition":[647,331],"_rootPartCFrame":[749.953,225.103,42.23,0.06,0,0.998,0,1,0,-0.998,0,0.06],"_humanoidState":7,"_cameraCFrame":[756.019,241.543,42.068,-0.027,-0.926,0.376,0,0.376,0.926,-1,0.025,-0.01],"_shiftlockState":false,"_pose":"FreeFall","_animationQueue":[],"_animationSpeed":1,"_zoom":16.125},{"_mousePosition":[647,331],"_rootPartCFrame":[749.553,225.207,42.235,0.046,0,0.999,0,1,0,-0.999,0,0.046],"_humanoidState":8,"_cameraCFrame":[755.617,241.646,42.012,-0.037,-0.926,0.376,0,0.376,0.926,-0.999,0.034,-0.014],"_shiftlockState":false,"_pose":"Running","_animationQueue":[["walk",0.1],["fall",0.3],["walk",0.1]],"_animationSpeed":1.103,"_zoom":16.125},{"_mousePosition":[647,331],"_rootPartCFrame":[749.286,225.249,42.241,0.036,0,0.999,0,1,0,-0.999,0,0.036],"_humanoidState":8,"_cameraCFrame":[755.348,241.688,41.957,-0.047,-0.925,0.376,0,0.376,0.926,-0.999,0.043,-0.018],"_shiftlockState":false,"_pose":"Running","_animationQueue":[],"_animationSpeed":1.103,"_zoom":16.125},{"_mousePosition":[647,331],"_rootPartCFrame":[749.02,225.272,42.251,0.026,0,1,0,1,0,-1,0,0.026],"_humanoidState":8,"_cameraCFrame":[755.081,241.712,41.952,-0.049,-0.925,0.376,0,0.376,0.926,-0.999,0.046,-0.019],"_shiftlockState":false,"_pose":"Running","_animationQueue":[["walk",0.1]],"_animationSpeed":1.103,"_zoom":16.125},{"_mousePosition":[647,331],"_rootPartCFrame":[748.753,225.285,42.263,0.016,0,1,0,1,0,-1,0,0.016],"_humanoidState":8,"_cameraCFrame":[754.815,241.724,41.964,-0.049,-0.925,0.376,0,0.376,0.926,-0.999,0.046,-0.019],"_shiftlockState":false,"_pose":"Running","_animationQueue":[],"_animationSpeed":1.103,"_zoom":16.125},{"_mousePosition":[647,331],"_rootPartCFrame":[748.487,226.148,42.276,0.007,0,1,0,1,0,-1,0,0.007],"_humanoidState":3,"_cameraCFrame":[754.548,242.587,41.976,-0.049,-0.925,0.376,0,0.376,0.926,-0.999,0.046,-0.019],"_shiftlockState":false,"_pose":"Jumping","_animationQueue":[["walk",0.1],["jump",0.1]],"_animationSpeed":1,"_zoom":16.125},{"_mousePosition":[647,331],"_rootPartCFrame":[748.221,226.956,42.289,-0.001,0,1,0,1,0,-1,0,-0.001],"_humanoidState":5,"_cameraCFrame":[754.282,243.396,41.989,-0.049,-0.925,0.376,0,0.376,0.926,-0.999,0.046,-0.019],"_shiftlockState":false,"_pose":"FreeFall","_animationQueue":[["jump",0.1]],"_animationSpeed":1,"_zoom":16.125},{"_mousePosition":[647,331],"_rootPartCFrame":[748.021,227.527,42.299,-0.007,0,1,0,1,0,-1,0,-0.007],"_humanoidState":5,"_cameraCFrame":[754.082,243.966,41.999,-0.049,-0.925,0.376,0,0.376,0.926,-0.999,0.046,-0.019],"_shiftlockState":false,"_pose":"FreeFall","_animationQueue":[],"_animationSpeed":1,"_zoom":16.125},{"_mousePosition":[647,331],"_rootPartCFrame":[747.755,228.24,42.312,-0.013,0,1,0,1,0,-1,0,-0.013],"_humanoidState":5,"_cameraCFrame":[753.815,244.679,41.997,-0.052,-0.925,0.376,0,0.376,0.926,-0.999,0.048,-0.02],"_shiftlockState":false,"_pose":"FreeFall","_animationQueue":[],"_animationSpeed":1,"_zoom":16.125},{"_mousePosition":[647,331],"_rootPartCFrame":[747.488,228.898,42.325,-0.018,0,1,0,1,0,-1,0,-0.018],"_humanoidState":5,"_cameraCFrame":[753.549,245.338,42.01,-0.052,-0.925,0.376,0,0.376,0.926,-0.999,0.048,-0.02],"_shiftlockState":false,"_pose":"FreeFall","_animationQueue":[],"_animationSpeed":1,"_zoom":16.125},{"_mousePosition":[647,331],"_rootPartCFrame":[747.288,229.356,42.335,-0.021,0,1,0,1,0,-1,0,-0.021],"_humanoidState":5,"_cameraCFrame":[753.349,245.796,42.02,-0.052,-0.925,0.376,0,0.376,0.926,-0.999,0.048,-0.02],"_shiftlockState":false,"_pose":"FreeFall","_animationQueue":[],"_animationSpeed":1,"_zoom":16.125},{"_mousePosition":[647,331],"_rootPartCFrame":[746.955,230.052,42.353,-0.027,0,1,0,1,0,-1,0,-0.027],"_humanoidState":5,"_cameraCFrame":[753.016,246.491,42.038,-0.052,-0.925,0.376,0,0.376,0.926,-0.999,0.048,-0.02],"_shiftlockState":false,"_pose":"FreeFall","_animationQueue":[],"_animationSpeed":1,"_zoom":16.125},{"_mousePosition":[647,331],"_rootPartCFrame":[746.689,230.547,42.366,-0.03,0,1,0,1,0,-1,0,-0.03],"_humanoidState":5,"_cameraCFrame":[752.749,246.986,42.036,-0.054,-0.925,0.376,0,0.376,0.926,-0.999,0.05,-0.02],"_shiftlockState":false,"_pose":"FreeFall","_animationQueue":[],"_animationSpeed":1,"_zoom":16.125},{"_mousePosition":[647,331],"_rootPartCFrame":[746.423,230.987,42.38,-0.033,0,0.999,0,1,0,-0.999,0,-0.033],"_humanoidState":5,"_cameraCFrame":[752.482,247.427,42.035,-0.057,-0.925,0.376,0,0.376,0.926,-0.998,0.053,-0.021],"_shiftlockState":false,"_pose":"FreeFall","_animationQueue":[],"_animationSpeed":1,"_zoom":16.125},{"_mousePosition":[647,331],"_rootPartCFrame":[746.156,231.373,42.395,-0.036,0,0.999,0,1,0,-0.999,0,-0.036],"_humanoidState":5,"_cameraCFrame":[752.215,247.813,42.049,-0.057,-0.925,0.376,0,0.376,0.926,-0.998,0.053,-0.021],"_shiftlockState":false,"_pose":"FreeFall","_animationQueue":[],"_animationSpeed":1,"_zoom":16.125},{"_mousePosition":[647,331],"_rootPartCFrame":[745.89,231.705,42.41,-0.039,0,0.999,0,1,0,-0.999,0,-0.039],"_humanoidState":5,"_cameraCFrame":[751.949,248.144,42.064,-0.057,-0.925,0.376,0,0.376,0.926,-0.998,0.053,-0.021],"_shiftlockState":false,"_pose":"FreeFall","_animationQueue":[],"_animationSpeed":1,"_zoom":16.125},{"_mousePosition":[647,331],"_rootPartCFrame":[745.69,231.918,42.421,-0.041,0,0.999,0,1,0,-0.999,0,-0.041],"_humanoidState":5,"_cameraCFrame":[751.749,248.357,42.076,-0.057,-0.925,0.376,0,0.376,0.926,-0.998,0.053,-0.021],"_shiftlockState":false,"_pose":"FreeFall","_animationQueue":[],"_animationSpeed":1,"_zoom":16.125},{"_mousePosition":[647,331],"_rootPartCFrame":[745.358,232.204,42.44,-0.044,0,0.999,0,1,0,-0.999,0,-0.044],"_humanoidState":5,"_cameraCFrame":[751.417,248.644,42.095,-0.057,-0.925,0.376,0,0.376,0.926,-0.998,0.053,-0.021],"_shiftlockState":false,"_pose":"FreeFall","_animationQueue":[],"_animationSpeed":1,"_zoom":16.125},{"_mousePosition":[647,331],"_rootPartCFrame":[745.092,232.372,42.455,-0.046,0,0.999,0,1,0,-0.999,0,-0.046],"_humanoidState":5,"_cameraCFrame":[751.18,248.8,42.108,-0.057,-0.924,0.378,0,0.378,0.926,-0.998,0.053,-0.022],"_shiftlockState":false,"_pose":"FreeFall","_animationQueue":[],"_animationSpeed":1,"_zoom":16.125},{"_mousePosition":[647,331],"_rootPartCFrame":[744.826,232.486,42.47,-0.047,0,0.999,0,1,0,-0.999,0,-0.047],"_humanoidState":5,"_cameraCFrame":[750.912,248.914,42.092,-0.062,-0.924,0.377,0,0.378,0.926,-0.998,0.057,-0.023],"_shiftlockState":false,"_pose":"FreeFall","_animationQueue":[],"_animationSpeed":1,"_zoom":16.125},{"_mousePosition":[647,331],"_rootPartCFrame":[744.56,232.545,42.486,-0.049,0,0.999,0,1,0,-0.999,0,-0.049],"_humanoidState":5,"_cameraCFrame":[750.675,248.961,42.106,-0.062,-0.923,0.379,0,0.38,0.925,-0.998,0.057,-0.024],"_shiftlockState":false,"_pose":"FreeFall","_animationQueue":[],"_animationSpeed":1,"_zoom":16.125},{"_mousePosition":[647,331],"_rootPartCFrame":[744.293,232.55,42.502,-0.05,0,0.999,0,1,0,-0.999,0,-0.05],"_humanoidState":5,"_cameraCFrame":[750.406,248.965,42.091,-0.067,-0.923,0.379,0,0.38,0.925,-0.998,0.062,-0.025],"_shiftlockState":false,"_pose":"FreeFall","_animationQueue":[],"_animationSpeed":1,"_zoom":16.125},{"_mousePosition":[647,331],"_rootPartCFrame":[744.027,232.5,42.519,-0.052,0,0.999,0,1,0,-0.999,0,-0.052],"_humanoidState":5,"_cameraCFrame":[750.167,248.903,42.075,-0.072,-0.922,0.381,0,0.382,0.924,-0.997,0.067,-0.028],"_shiftlockState":false,"_pose":"FreeFall","_animationQueue":[["fall",0.3]],"_animationSpeed":1,"_zoom":16.125},{"_mousePosition":[647,331],"_rootPartCFrame":[743.761,232.395,42.536,-0.054,0,0.999,0,1,0,-0.999,0,-0.054],"_humanoidState":5,"_cameraCFrame":[749.896,248.799,42.03,-0.082,-0.921,0.38,0,0.382,0.924,-0.997,0.076,-0.031],"_shiftlockState":false,"_pose":"FreeFall","_animationQueue":[],"_animationSpeed":1,"_zoom":16.125},{"_mousePosition":[647,331],"_rootPartCFrame":[743.495,232.236,42.555,-0.056,0,0.998,0,1,0,-0.998,0,-0.056],"_humanoidState":5,"_cameraCFrame":[749.683,248.616,41.982,-0.092,-0.919,0.384,0,0.385,0.923,-0.996,0.085,-0.036],"_shiftlockState":false,"_pose":"FreeFall","_animationQueue