[{"_mousePosition":[935,409],"_rootPartCFrame":[776.029,222.7,47.142,0,0,1,0,1,0,-1,0,0],"_humanoidState":8,"_cameraCFrame":[783.759,238.348,47.424,0.036,-0.877,0.479,0,0.48,0.877,-0.999,-0.032,0.017],"_shiftlockState":false,"_pose":"Standing","_animationQueue":[],"_animationSpeed":1,"_zoom":16.125},{"_mousePosition":[935,409],"_rootPartCFrame":[775.858,222.7,47.136,0.003,0,1,0,1,0,-1,0,0.003],"_humanoidState":8,"_cameraCFrame":[783.505,238.393,47.415,0.036,-0.88,0.474,0,0.475,0.88,-0.999,-0.032,0.017],"_shiftlockState":false,"_pose":"Standing","_animationQueue":[],"_animationSpeed":1,"_zoom":16.125},{"_mousePosition":[935,409],"_rootPartCFrame":[775.593,222.7,47.126,0.008,0,1,0,1,0,-1,0,0.008],"_humanoidState":8,"_cameraCFrame":[783.157,238.438,47.402,0.036,-0.882,0.469,0,0.469,0.883,-0.999,-0.032,0.017],"_shiftlockState":false,"_pose":"Running","_animationQueue":[["walk",0.1]],"_animationSpeed":1.003,"_zoom":16.125},{"_mousePosition":[935,409],"_rootPartCFrame":[775.327,222.7,47.117,0.012,0,1,0,1,0,-1,0,0.012],"_humanoidState":8,"_cameraCFrame":[782.807,238.482,47.389,0.036,-0.885,0.464,0,0.464,0.886,-0.999,-0.032,0.017],"_shiftlockState":false,"_pose":"Running","_animationQueue":[["walk",0.1]],"_animationSpeed":1.101,"_zoom":16.125},{"_mousePosition":[935,409],"_rootPartCFrame":[775.06,222.7,47.107,0.015,0,1,0,1,0,-1,0,0.015],"_humanoidState":8,"_cameraCFrame":[782.458,238.525,47.358,0.034,-0.888,0.459,0,0.459,0.888,-0.999,-0.03,0.016],"_shiftlockState":false,"_pose":"Running","_animationQueue":[],"_animationSpeed":1.101,"_zoom":16.125},{"_mousePosition":[935,409],"_rootPartCFrame":[774.794,222.7,47.097,0.018,0,1,0,1,0,-1,0,0.018],"_humanoidState":8,"_cameraCFrame":[782.109,238.568,47.308,0.029,-0.891,0.454,0,0.454,0.891,-1,-0.026,0.013],"_shiftlockState":false,"_pose":"Running","_animationQueue":[],"_animationSpeed":1.101,"_zoom":16.125},{"_mousePosition":[935,409],"_rootPartCFrame":[774.527,222.7,47.088,0.02,0,1,0,1,0,-1,0,0.02],"_humanoidState":8,"_cameraCFrame":[781.759,238.611,47.26,0.024,-0.893,0.448,0,0.449,0.894,-1,-0.021,0.011],"_shiftlockState":false,"_pose":"Running","_animationQueue":[],"_animationSpeed":1.101,"_zoom":16.125},{"_mousePosition":[935,409],"_rootPartCFrame":[774.261,222.7,47.08,0.021,0,1,0,1,0,-1,0,0.021],"_humanoidState":8,"_cameraCFrame":[781.353,238.681,47.177,0.014,-0.898,0.44,0,0.44,0.898,-1,-0.012,0.006],"_shiftlockState":false,"_pose":"Running","_animationQueue":[["walk",0.1]],"_animationSpeed":1.101,"_zoom":16.125},{"_mousePosition":[935,409],"_rootPartCFrame":[773.994,222.7,47.074,0.022,0,1,0,1,0,-1,0,0.022],"_humanoidState":8,"_cameraCFrame":[781.031,238.708,47.117,0.006,-0.9,0.436,0,0.436,0.9,-1,-0.005,0.003],"_shiftlockState":false,"_pose":"Running","_animationQueue":[],"_animationSpeed":1.101,"_zoom":16.125},{"_mousePosition":[935,409],"_rootPartCFrame":[773.728,222.7,47.07,0.021,0,1,0,1,0,-1,0,0.021],"_humanoidState":8,"_cameraCFrame":[780.708,238.736,47.077,0.001,-0.901,0.433,0,0.433,0.901,-1,-0.001,0],"_shiftlockState":false,"_pose":"Running","_animationQueue":[],"_animationSpeed":1.101,"_zoom":16.125},{"_mousePosition":[935,409],"_rootPartCFrame":[773.461,222.7,47.068,0.019,0,1,0,1,0,-1,0,0.019],"_humanoidState":8,"_cameraCFrame":[780.413,238.749,47.058,-0.002,-0.902,0.431,0,0.431,0.902,-1,0.001,-0.001],"_shiftlockState":false,"_pose":"Running","_animationQueue":[],"_animationSpeed":1.101,"_zoom":16.125},{"_mousePosition":[935,409],"_rootPartCFrame":[773.194,222.7,47.068,0.017,0,1,0,1,0,-1,0,0.017],"_humanoidState":8,"_cameraCFrame":[780.146,238.749,47.057,-0.002,-0.902,0.431,0,0.431,0.902,-1,0.001,-0.001],"_shiftlockState":false,"_pose":"Running","_animationQueue":[],"_animationSpeed":1.101,"_zoom":16.125},{"_mousePosition":[935,409],"_rootPartCFrame":[772.927,222.7,47.068,0.014,0,1,0,1,0,-1,0,0.014],"_humanoidState":8,"_cameraCFrame":[779.879,238.749,47.058,-0.002,-0.902,0.431,0,0.431,0.902,-1,0.001,-0.001],"_shiftlockState":false,"_pose":"Running","_animationQueue":[],"_animationSpeed":1.101,"_zoom":16.125},{"_mousePosition":[935,409],"_rootPartCFrame":[772.661,222.7,47.069,0.012,0,1,0,1,0,-1,0,0.012],"_humanoidState":8,"_cameraCFrame":[779.613,238.749,47.058,-0.002,-0.902,0.431,0,0.431,0.902,-1,0.001,-0.001],"_shiftlockState":false,"_pose":"Running","_animationQueue":[["walk",0.1]],"_animationSpeed":1.101,"_zoom":16.125},{"_mousePosition":[935,409],"_rootPartCFrame":[772.394,222.7,47.069,0.01,0,1,0,1,0,-1,0,0.01],"_humanoidState":8,"_cameraCFrame":[779.346,238.749,47.058,-0.002,-0.902,0.431,0,0.431,0.902,-1,0.001,-0.001],"_shiftlockState":false,"_pose":"Running","_animationQueue":[],"_animationSpeed":1.101,"_zoom":16.125},{"_mousePosition":[935,409],"_rootPartCFrame":[772.127,222.7,47.07,0.009,0,1,0,1,0,-1,0,0.009],"_humanoidState":8,"_cameraCFrame":[779.022,238.776,47.041,-0.004,-0.904,0.428,0,0.428,0.904,-1,0.004,-0.002],"_shiftlockState":false,"_pose":"Running","_animationQueue":[],"_animationSpeed":1.101,"_zoom":16.125},{"_mousePosition":[935,409],"_rootPartCFrame":[771.861,222.7,47.07,0.007,0,1,0,1,0,-1,0,0.007],"_humanoidState":8,"_cameraCFrame":[778.699,238.803,47.042,-0.004,-0.906,0.424,0,0.424,0.906,-1,0.004,-0.002],"_shiftlockState":false,"_pose":"Running","_animationQueue":[],"_animationSpeed":1.101,"_zoom":16.125},{"_mousePosition":[935,409],"_rootPartCFrame":[771.461,222.7,47.072,0.005,0,1,0,1,0,-1,0,0.005],"_humanoidState":8,"_cameraCFrame":[778.27,238.816,47.027,-0.007,-0.906,0.422,0,0.422,0.906,-1,0.006,-0.003],"_shiftlockState":false,"_pose":"Running","_animationQueue":[],"_animationSpeed":1.101,"_zoom":16.125},{"_mousePosition":[935,409],"_rootPartCFrame":[771.194,222.7,47.073,0.004,0,1,0,1,0,-1,0,0.004],"_humanoidState":8,"_cameraCFrame":[778.003,238.816,47.028,-0.007,-0.906,0.422,0,0.422,0.906,-1,0.006,-0.003],"_shiftlockState":false,"_pose":"Running","_animationQueue":[],"_animationSpeed":1.101,"_zoom":16.125},{"_mousePosition":[935,409],"_rootPartCFrame":[771.06,222.7,47.074,0.003,0,1,0,1,0,-1,0,0.003],"_humanoidState":8,"_cameraCFrame":[777.87,238.816,47.029,-0.007,-0.906,0.422,0,0.422,0.906,-1,0.006,-0.003],"_shiftlockState":false,"_pose":"Running","_animationQueue":[["walk",0.1]],"_animationSpeed":1.101,"_zoom":16.125},{"_mousePosition":[935,409],"_rootPartCFrame":[770.794,222.7,47.075,0.002,0,1,0,1,0,-1,0,0.002],"_humanoidState":8,"_cameraCFrame":[777.604,238.816,47.03,-0.007,-0.906,0.422,0,0.422,0.906,-1,0.006,-0.003],"_shiftlockState":false,"_pose":"Running","_animationQueue":[],"_animationSpeed":1.101,"_zoom":16.125},{"_mousePosition":[935,409],"_rootPartCFrame":[770.527,222.7,47.077,0.001,0,1,0,1,0,-1,0,0.001],"_humanoidState":8,"_cameraCFrame":[777.337,238.816,47.032,-0.007,-0.906,0.422,0,0.422,0.906,-1,0.006,-0.003],"_shiftlockState":false,"_pose":"Running","_animationQueue":[],"_animationSpeed":1.101,"_zoom":16.125},{"_mousePosition":[935,409],"_rootPartCFrame":[770.261,222.666,47.079,0,0,1,0,1,0,-1,0,0],"_humanoidState":8,"_cameraCFrame":[777.07,238.782,47.034,-0.007,-0.906,0.422,0,0.422,0.906,-1,0.006,-0.003],"_shiftlockState":false,"_pose":"Running","_animationQueue":[],"_animationSpeed":1.101,"_zoom":16.125},{"_mousePosition":[935,409],"_rootPartCFrame":[769.927,223.736,47.081,-0.002,0,1,0,1,0,-1,0,-0.002],"_humanoidState":3,"_cameraCFrame":[776.737,239.852,47.036,-0.007,-0.906,0.422,0,0.422,0.906,-1,0.006,-0.003],"_shiftlockState":false,"_pose":"Jumping","_animationQueue":[["walk",0.1],["jump",0.1]],"_animationSpeed":1,"_zoom":16.125},{"_mousePosition":[935,409],"_rootPartCFrame":[769.794,224.14,47.082,-0.002,0,1,0,1,0,-1,0,-0.002],"_humanoidState":5,"_cameraCFrame":[776.604,240.256,47.037,-0.007,-0.906,0.422,0,0.422,0.906,-1,0.006,-0.003],"_shiftlockState":false,"_pose":"FreeFall","_animationQueue":[["jump",0.1]],"_animationSpeed":1,"_zoom":16.125},{"_mousePosition":[935,409],"_rootPartCFrame":[769.528,224.907,47.084,-0.003,0,1,0,1,0,-1,0,-0.003],"_humanoidState":5,"_cameraCFrame":[776.337,241.024,47.039,-0.007,-0.906,0.422,0,0.422,0.906,-1,0.006,-0.003],"_shiftlockState":false,"_pose":"FreeFall","_animationQueue":[],"_animationSpeed":1,"_zoom":16.125},{"_mousePosition":[935,409],"_rootPartCFrame":[769.261,225.62,47.085,-0.003,0,1,0,1,0,-1,0,-0.003],"_humanoidState":5,"_cameraCFrame":[776.071,241.737,47.04,-0.007,-0.906,0.422,0,0.422,0.906,-1,0.006,-0.003],"_shiftlockState":false,"_pose":"FreeFall","_animationQueue":[],"_animationSpeed":1,"_zoom":16.125},{"_mousePosition":[935,409],"_rootPartCFrame":[768.994,226.279,47.087,-0.004,0,1,0,1,0,-1,0,-0.004],"_humanoidState":5,"_cameraCFrame":[775.804,242.395,47.042,-0.007,-0.906,0.422,0,0.422,0.906,-1,0.006,-0.003],"_shiftlockState":false,"_pose":"FreeFall","_animationQueue":[],"_animationSpeed":1,"_zoom":16.125},{"_mousePosition":[935,409],"_rootPartCFrame":[768.661,227.025,47.089,-0.004,0,1,0,1,0,-1,0,-0.004],"_humanoidState":5,"_cameraCFrame":[775.471,243.142,47.044,-0.007,-0.906,0.422,0,0.422,0.906,-1,0.006,-0.003],"_shiftlockState":false,"_pose":"FreeFall","_animationQueue":[],"_animationSpeed":1,"_zoom":16.125},{"_mousePosition":[935,409],"_rootPartCFrame":[768.394,227.561,47.091,-0.005,0,1,0,1,0,-1,0,-0.005],"_humanoidState":5,"_cameraCFrame":[775.204,243.678,47.046,-0.007,-0.906,0.422,0,0.422,0.906,-1,0.006,-0.003],"_shiftlockState":false,"_pose":"FreeFall","_animationQueue":[],"_animationSpeed":1,"_zoom":16.125},{"_mousePosition":[935,409],"_rootPartCFrame":[768.195,227.928,47.093,-0.005,0,1,0,1,0,-1,0,-0.005],"_humanoidState":5,"_cameraCFrame":[775.004,244.044,47.048,-0.007,-0.906,0.422,0,0.422,0.906,-1,0.006,-0.003],"_shiftlockState":false,"_pose":"FreeFall","_animationQueue":[],"_animationSpeed":1,"_zoom":16.125},{"_mousePosition":[935,409],"_rootPartCFrame":[767.928,228.368,47.094,-0.005,0,1,0,1,0,-1,0,-0.005],"_humanoidState":5,"_cameraCFrame":[774.738,244.485,47.049,-0.007,-0.906,0.422,0,0.422,0.906,-1,0.006,-0.003],"_shiftlockState":false,"_pose":"FreeFall","_animationQueue":[],"_animationSpeed":1,"_zoom":16.125},{"_mousePosition":[935,409],"_rootPartCFrame":[767.595,228.842,47.097,-0.005,0,1,0,1,0,-1,0,-0.005],"_humanoidState":5,"_cameraCFrame":[774.404,244.959,47.052,-0.007,-0.906,0.422,0,0.422,0.906,-1,0.006,-0.003],"_shiftlockState":false,"_pose":"FreeFall","_animationQueue":[],"_animationSpeed":1,"_zoom":16.125},{"_mousePosition":[935,409],"_rootPartCFrame":[767.395,229.086,47.098,-0.006,0,1,0,1,0,-1,0,-0.006],"_humanoidState":5,"_cameraCFrame":[774.204,245.202,47.053,-0.007,-0.906,0.422,0,0.422,0.906,-1,0.006,-0.003],"_shiftlockState":false,"_pose":"FreeFall","_animationQueue":[],"_animationSpeed":1,"_zoom":16.125},{"_mousePosition":[935,409],"_rootPartCFrame":[767.061,229.423,47.1,-0.006,0,1,0,1,0,-1,0,-0.006],"_humanoidState":5,"_cameraCFrame":[773.871,245.54,47.055,-0.007,-0.906,0.422,0,0.422,0.906,-1,0.006,-0.003],"_shiftlockState":false,"_pose":"FreeFall","_animationQueue":[],"_animationSpeed":1,"_zoom":16.125},{"_mousePosition":[935,409],"_rootPartCFrame":[766.795,229.632,47.102,-0.006,0,1,0,1,0,-1,0,-0.006],"_humanoidState":5,"_cameraCFrame":[773.605,245.749,47.057,-0.007,-0.906,0.422,0,0.422,0.906,-1,0.006,-0.003],"_shiftlockState":false,"_pose":"FreeFall","_animationQueue":[],"_animationSpeed":1,"_zoom":16.125},{"_mousePosition":[935,409],"_rootPartCFrame":[766.528,229.787,47.104,-0.006,0,1,0,1,0,-1,0,-0.006],"_humanoidState":5,"_cameraCFrame":[773.338,245.903,47.059,-0.007,-0.906,0.422,0,0.422,0.906,-1,0.006,-0.003],"_shiftlockState":false,"_pose":"FreeFall","_animationQueue":[],"_animationSpeed":1,"_zoom":16.125},{"_mousePosition":[935,409],"_rootPartCFrame":[766.328,229.867,47.105,-0.006,0,1,0,1,0,-1,0,-0.006],"_humanoidState":5,"_cameraCFrame":[773.138,245.983,47.06,-0.007,-0.906,0.422,0,0.422,0.906,-1,0.006,-0.003],"_shiftlockState":false,"_pose":"FreeFall","_animationQueue":[],"_animationSpeed":1,"_zoom":16.125},{"_mousePosition":[935,409],"_rootPartCFrame":[766.062,229.926,47.107,-0.006,0,1,0,1,0,-1,0,-0.006],"_humanoidState":5,"_cameraCFrame":[772.871,246.042,47.062,-0.007,-0.906,0.422,0,0.422,0.906,-1,0.006,-0.003],"_shiftlockState":false,"_pose":"FreeFall","_animationQueue":[],"_animationSpeed":1,"_zoom":16.125},{"_mousePosition":[935,409],"_rootPartCFrame":[765.795,229.93,47.108,-0.006,0,1,0,1,0,-1,0,-0.006],"_humanoidState":5,"_cameraCFrame":[772.605,246.047,47.063,-0.007,-0.906,0.422,0,0.422,0.906,-1,0.006,-0.003],"_shiftlockState":false,"_pose":"FreeFall","_animationQueue":[["fall",0.3]],"_animationSpeed":1,"_zoom":16.125},{"_mousePosition":[935,409],"_rootPartCFrame":[765.462,229.819,47.111,-0.006,0,1,0,1,0,-1,0,-0.006],"_humanoidState":7,"_cameraCFrame":[772.272,245.936,47.066,-0.007,-0.906,0.422,0,0.422,0.906,-1,0.006,-0.003],"_shiftlockState":false,"_pose":"FreeFall","_animationQueue":[["walk",0.1],["fall",0.3],["fall",0.3]],"_animationSpeed":1,"_zoom":16.125},{"_mousePosition":[935,409],"_rootPartCFrame":[765.262,229.711,47.112,-0.006,0,1,0,1,0,-1,0,-0.006],"_humanoidState":7,"_cameraCFrame":[772.072,245.827,47.067,-0.007,-0.906,0.422,0,0.422,0.906,-1,0.006,-0.003],"_shiftlockState":false,"_pose":"FreeFall","_animationQueue":[],"_animationSpeed":1,"_zoom":16.125},{"_mousePosition":[935,409],"_rootPartCFrame":[764.929,229.65,47.114,-0.006,0,1,0,1,0,-1,0,-0.006],"_humanoidState":8,"_cameraCFrame":[771.738,245.767,47.069,-0.007,-0.906,0.422,0,0.422,0.906,-1,0.006,-0.003],"_shiftlockState":false,"_pose":"Running","_animationQueue":[["walk",0.1],["fall",0.3],["walk",0.1]],"_animationSpeed":1.103,"_zoom":16.125},{"_mousePosition":[935,409],"_rootPartCFrame":[764.662,229.668,47.116,-0.006,0,1,0,1,0,-1,0,-0.006],"_humanoidState":8,"_cameraCFrame":[771.472,245.785,47.071,-0.007,-0.906,0.422,0,0.422,0.906,-1,0.006,-0.003],"_shiftlockState":false,"_pose":"Running","_animationQueue":[],"_animationSpeed":1.103,"_zoom":16.125},{"_mousePosition":[935,409],"_rootPartCFrame":[764.395,229.682,47.118,-0.006,0,1,0,1,0,-1,0,-0.006],"_humanoidState":8,"_cameraCFrame":[771.205,245.798,47.073,-0.007,-0.906,0.422,0,0.422,0.906,-1,0.006,-0.003],"_shiftlockState":false,"_pose":"Running","_animationQueue":[],"_animationSpeed":1.103,"_zoom":16.125},{"_mousePosition":[935,409],"_rootPartCFrame":[764.129,229.69,47.119,-0.006,0,1,0,1,0,-1,0,-0.006],"_humanoidState":8,"_cameraCFrame":[770.939,245.807,47.074,-0.007,-0.906,0.422,0,0.422,0.906,-1,0.006,-0.003],"_shiftlockState":false,"_pose":"Running","_animationQueue":[],"_animationSpeed":1.103,"_zoom":16.125},{"_mousePosition":[935,409],"_rootPartCFrame":[763.862,229.694,47.121,-0.006,0,1,0,1,0,-1,0,-0.006],"_humanoidState":8,"_cameraCFrame":[770.672,245.811,47.093,-0.004,-0.906,0.422,0,0.422,0.906,-1,0.004,-0.002],"_shiftlockState":false,"_pose":"Running","_animationQueue":[["walk",0.1]],"_animationSpeed":1.103,"_zoom":16.125},{"_mousePosition":[935,409],"_rootPartCFrame":[763.596,229.697,47.123,-0.006,0,1,0,1,0,-1,0,-0.006],"_humanoidState":8,"_cameraCFrame":[770.405,245.813,47.13,0.001,-0.906,0.422,0,0.422,0.906,-1,-0.001,0],"_shiftlockState":false,"_pose":"Running","_animationQueue":[],"_animationSpeed":1.103,"_zoom":16.125},{"_mousePosition":[935,409],"_rootPartCFrame":[763.329,229.698,47.124,-0.006,0,1,0,1,0,-1,0,-0.006],"_humanoidState":8,"_cameraCFrame":[770.139,245.815,47.165,0.006,-0.906,0.422,0,0.422,0.906,-1,-0.005,0.003],"_shiftlockState":false,"_pose":"Running","_animationQueue":[],"_animationSpeed":1.103,"_zoom":16.125},{"_mousePosition":[935,409],"_rootPartCFrame":[763.062,229.699,47.124,-0.005,0,1,0,1,0,-1,0,-0.005],"_humanoidState":8,"_cameraCFrame":[769.872,245.815,47.182,0.009,-0.906,0.422,0,0.422,0.906,-1,-0.008,0.004],"_shiftlockState":false,"_pose":"Running","_animationQueue":[],"_animationSpeed":1.103,"_zoom":16.125},{"_mousePosition":[935,409],"_rootPartCFrame":[762.796,229.683,47.123,-0.004,0,1,0,1,0,-1,0,-0.004],"_humanoidState":8,"_cameraCFrame":[769.605,245.8,47.198,0.011,-0.906,0.422,0,0.422,0.906,-1,-0.01,0.005],"_shiftlockState":false,"_pose":"Running","_animationQueue":[],"_animationSpeed":1.103,"_zoom":16.125},{"_mousePosition":[935,409],"_rootPartCFrame":[762.529,229.688,47.12,-0.002,0,1,0,1,0,-1,0,-0.002],"_humanoidState":8,"_cameraCFrame":[769.338,245.805,47.196,0.011,-0.906,0.422,0,0.422,0.906,-1,-0.01,0.005],"_shiftlockState":false,"_pose":"Running","_animationQueue":[],"_animationSpeed":1.103,"_zoom":16.125},{"_mousePosition":[935,409],"_rootPartCFrame":[762.262,229.693,47.117,0,0,1,0,1,0,-1,0,0],"_humanoidState":8,"_cameraCFrame":[769.072,245.809,47.193,0.011,-0.906,0.422,0,0.422,0.906,-1,-0.01,0.005],"_shiftlockState":false,"_pose":"Running","_animationQueue":[],"_animationSpeed":1.103,"_zoom":16.125},{"_mousePosition":[935,409],"_rootPartCFrame":[761.996,230.555,47.114,0.001,0,1,0,1,0,-1,0,0.001],"_humanoidState":3,"_cameraCFrame":[768.805,246.672,47.19,0.011,-0.906,0.422,0,0.422,0.906,-1,-0.01,0.005],"_shiftlockState":false,"_pose":"Jumping","_animationQueue":[["walk",0.1],["walk",0.1],["jump",0.1]],"_animationSpeed":1,"_zoom":16.125},{"_mousePosition":[935,409],"_rootPartCFrame":[761.729,231.364,47.111,0.003,0,1,0,1,0,-1,0,0.003],"_humanoidState":5,"_cameraCFrame":[768.539,247.48,47.187,0.011,-0.906,0.422,0,0.422,0.906,-1,-0.01,0.005],"_shiftlockState":false,"_pose":"FreeFall","_animationQueue":[["jump",0.1]],"_animationSpeed":1,"_zoom":16.125},{"_mousePosition":[935,409],"_rootPartCFrame":[761.463,232.118,47.109,0.004,0,1,0,1,0,-1,0,0.004],"_humanoidState":5,"_cameraCFrame":[768.272,248.234,47.184,0.011,-0.906,0.422,0,0.422,0.906,-1,-0.01,0.005],"_shiftlockState":false,"_pose":"FreeFall","_animationQueue":[],"_animationSpeed":1,"_zoom":16.125},{"_mousePosition":[935,409],"_rootPartCFrame":[761.196,232.817,47.106,0.005,0,1,0,1,0,-1,0,0.005],"_humanoidState":5,"_cameraCFrame":[768.005,248.934,47.181,0.011,-0.906,0.422,0,0.422,0.906,-1,-0.01,0.005],"_shiftlockState":false,"_pose":"FreeFall","_animationQueue":[],"_animationSpeed":1,"_zoom":16.125},{"_mousePosition":[935,409],"_rootPartCFrame":[760.929,233.462,47.103,0.006,0,1,0,1,0,-1,0,0.006],"_humanoidState":5,"_cameraCFrame":[767.739,249.579,47.178,0.011,-0.906,0.422,0,0.422,0.906,-1,-0.01,0.005],"_shiftlockState":false,"_pose":"FreeFall","_animationQueue":[],"_animationSpeed":1,"_zoom":16.125},{"_mousePosition":[935,409],"_rootPartCFrame":[760.663,234.052,47.1,0.007,0,1,0,1,0,-1,0,0.007],"_humanoidState":5,"_cameraCFrame":[767.472,250.169,47.175,0.011,-0.906,0.422,0,0.422,0.906,-1,-0.01,0.005],"_shiftlockState":false,"_pose":"FreeFall","_animationQueue":[],"_animationSpeed":1,"_zoom":16.125},{"_mousePosition":[935,409],"_rootPartCFrame":[760.396,234.588,47.097,0.007,0,1,0,1,0,-1,0,0.007],"_humanoidState":5,"_cameraCFrame":[767.206,250.705,47.172,0.011,-0.906,0.422,0,0.422,0.906,-1,-0.01,0.005],"_shiftlockState":false,"_pose":"FreeFall","_animationQueue":[],"_animationSpeed":1,"_zoom":16.125},{"_mousePosition":[935,409],"_rootPartCFrame":[760.13,235.07,47.094,0.008,0,1,0,1,0,-1,0,0.008],"_humanoidState":5,"_cameraCFrame":[766.939,251.186,47.169,0.011,-0.906,0.422,0,0.422,0.906,-1,-0.01,0.005],"_shiftlockState":false,"_pose":"FreeFall","_animationQueue":[],"_animationSpeed":1,"_zoom":16.125},{"_mousePosition":[935,409],"_rootPartCFrame":[759.796,235.595,47.09,0.008,0,1,0,1,0,-1,0,0.008],"_humanoidState":5,"_cameraCFrame":[766.606,251.711,47.166,0.011,-0.906,0.422,0,0.422,0.906,-1,-0.01,0.005],"_shiftlockState":false,"_pose":"FreeFall","_animationQueue":[],"_animationSpeed":1,"_zoom":16.125},{"_mousePosition":[935,409],"_rootPartCFrame":[759.596,235.869,47.088,0.009,0,1,0,1,0,-1,0,0.009],"_humanoidState":5,"_cameraCFrame":[766.406,251.985,47.163,0.011,-0.906,0.422,0,0.422,0.906,-1,-0.01,0.005],"_shiftlockState":false,"_pose":"FreeFall","_animationQueue":[],"_animationSpeed":1,"_zoom":16.125},{"_mousePosition":[935,409],"_rootPartCFrame":[759.33,236.187,47.085,0.009,0,1,0,1,0,-1,0,0.009],"_humanoidState":5,"_cameraCFrame":[766.139,252.303,47.16,0.011,-0.906,0.422,0,0.422,0.906,-1,-0.01,0.005],"_shiftlockState":false,"_pose":"FreeFall","_animationQueue":[],"_animationSpeed":1,"_zoom":16.125},{"_mousePosition":[935,409],"_rootPartCFrame":[759.063,236.45,47.082,0.009,0,1,0,1,0,-1,0,0.009],"_humanoidState":5,"_cameraCFrame":[765.873,252.567,47.157,0.011,-0.906,0.422,0,0.422,0.906,-1,-0.01,0.005],"_shiftlockState":false,"_pose":"FreeFall","_animationQueue":[],"_animationSpeed":1,"_zoom":16.125},{"_mousePosition":[935,409],"_rootPartCFrame":[758.797,236.659,47.079,0.01,0,1,0,1,0,-1,0,0.01],"_humanoidState":5,"_cameraCFrame":[765.606,252.776,47.155,0.011,-0.906,0.422,0,0.422,0.906,-1,-0.01,0.005],"_shiftlockState":false,"_pose":"FreeFall","_animationQueue":[],"_animationSpeed":1,"_zoom":16.125},{"_mousePosition":[935,409],"_rootPartCFrame":[758.53,236.814,47.076,0.01,0,1,0,1,0,-1,0,0.01],"_humanoidState":5,"_cameraCFrame":[765.339,252.93,47.152,0.011,-0.906,0.422,0,0.422,0.906,-1,-0.01,0.005],"_shiftlockState":false,"_pose":"FreeFall","_animationQueue":[],"_animationSpeed":1,"_zoom":16.125},{"_mousePosition":[935,409],"_rootPartCFrame":[758.263,236.913,47.073,0.01,0,1,0,1,0,-1,0,0.01],"_humanoidState":5,"_cameraCFrame":[765.073,253.03,47.149,0.011,-0.906,0.422,0,0.422,0.906,-1,-0.01,0.005],"_shiftlockState":false,"_pose":"FreeFall","_animationQueue":[],"_animationSpeed":1,"_zoom":16.125},{"_mousePosition":[935,409],"_rootPartCFrame":[757.997,236.959,47.07,0.01,0,1,0,1,0,-1,0,0.01],"_humanoidState":5,"_cameraCFrame":[764.806,253.075,47.146,0.011,-0.906,0.422,0,0.422,0.906,-1,-0.01,0.005],"_shiftlockState":false,"_pose":"FreeFall","_animationQueue":[],"_animationSpeed":1,"_zoom":16.125},{"_mousePosition":[935,409],"_rootPartCFrame":[757.797,236.957,47.068,0.01,0,1,0,1,0,-1,0,0.01],"_humanoidState":5,"_cameraCFrame":[764.606,253.074,47.143,0.011,-0.906,0.422,0,0.422,0.906,-1,-0.01,0.005],"_shiftlockState":false,"_pose":"FreeFall","_animationQueue":[],"_animationSpeed":1,"_zoom":16.125},{"_mousePosition":[935,409],"_rootPartCFrame":[757.464,236.886,47.064,0.01,0,1,0,1,0,-1,0,0.01],"_humanoidState":5,"_cameraCFrame":[764.273,253.003,47.14,0.011,-0.906,0.422,0,0.422,0.906,-1,-0.01,0.005],"_shiftlockState":false,"_pose":"FreeFall","_animationQueue":[],"_animationSpeed":1,"_zoom":16.125},{"_mousePosition":[935,409],"_rootPartCFrame":[757.197,236.768,47.061,0.01,0,1,0,1,0,-1,0,0.01],"_humanoidState":5,"_cameraCFrame":[764.006,252.885,47.137,0.011,-0.906,0.422,0,0.422,0.906,-1,-0.01,0.005],"_shiftlockState":false,"_pose":"FreeFall","_animationQueue":[],"_animationSpeed":1,"_zoom":16.125},{"_mousePosition":[935,409],"_rootPartCFrame":[756.93,236.595,47.058,0.011,0,1,0,1,0,-1,0,0.011],"_humanoidState":5,"_cameraCFrame":[763.74,252.712,47.134,0.011,-0.906,0.422,0,0.422,0.906,-1,-0.01,0.005],"_shiftlockState":false,"_pose":"FreeFall","_animationQueue":[],"_animationSpeed":1,"_zoom":16.125},{"_mousePosition":[935,409],"_rootPartCFrame":[756.664,236.368,47.055,0.011,0,1,0,1,0,-1,0,0.011],"_humanoidState":5,"_cameraCFrame":[763.473,252.485,47.131,0.011,-0.906,0.422,0,0.422,0.906,-1,-0.01,0.005],"_shiftlockState":false,"_pose":"FreeFall","_animationQueue":[["fall",0.3]],"_animationSpeed":1,"_zoom":16.125},{"_mousePosition":[935,409],"_rootPartCFrame":[756.464,236.162,47.053,0.011,0,1,0,1,0,-1,0,0.011],"_humanoidState":5,"_cameraCFrame":[763.273,252.279,47.129,0.011,-0.906,0.422,0,0.422,0.906,-1,-0.01,0.005],"_shiftlockState":false,"_pose":"FreeFall","_animationQueue":[],"_animationSpeed":1,"_zoom":16.125},{"_mousePosition":[935,409],"_rootPartCFrame":[756.197,235.84,47.05,0.011,0,1,0,1,0,-1,0,0.011],"_humanoidState":5,"_cameraCFrame":[763.007,251.956,47.126,0.011,-0.906,0.422,0,0.422,0.906,-1,-0.01,0.005],"_shiftlockState":false,"_pose":"FreeFall","_animationQueue":[],"_animationSpeed":1,"_zoom":16.125},{"_mousePosition":[935,409],"_rootPartCFrame":[755.931,235.463,47.047,0.011,0,1,0,1,0,-1,0,0.011],"_humanoidState":5,"_cameraCFrame":[762.74,251.579,47.123,0.011,-0.906,0.422,0,0.422,0.906,-1,-0.01,0.005],"_shiftlockState":false,"_pose":"FreeFall","_animationQueue":[],"_animationSpeed":1,"_zoom":16.125},{"_mousePosition":[935,409],"_rootPartCFrame":[755.664,235.031,47.044,0.011,0,1,0,1,0,-1,0,0.011],"_humanoidState":5,"_cameraCFrame":[762.473,251.148,47.12,0.011,-0.906,0.422,0,0.422,0.906,-1,-0.01,0.005],"_shiftlockState":false,"_pose":"FreeFall","_animationQueue":[],"_animationSpeed":1,"_zoom":16.125},{"_mousePosition":[935,409],"_rootPartCFrame":[755.331,234.415,47.04,0.011,0,1,0,1,0,-1,0,0.011],"_humanoidState":5,"_cameraCFrame":[762.14,250.532,47.116,0.011,-0.906,0.422,0,0.422,0.906,-1,-0.01,0.005],"_shiftlockState":false,"_pose":"FreeFall","_animationQueue":[],"_animationSpeed":1,"_zoom":16.125},{"_mousePosition":[935,409],"_rootPartCFrame":[755.064,233.861,47.037,0.011,0,1,0,1,0,-1,0,0.011],"_humanoidState":7,"_cameraCFrame":[761.874,249.978,47.113,0.011,-0.906,0.422,0,0.422,0.906,-1,-0.01,0.005],"_shiftlockState":false,"_pose":"FreeFall","_animationQueue":[["fall",0.3],["walk",0.1],["fall",0.3],["fall",0.3]],"_animationSpeed":1,"_zoom":16.125},{"_mousePosition":[935,409],"_rootPartCFrame":[754.864,233.489,47.035,0.011,0,1,0,1,0,-1,0,0.011],"_humanoidState":7,"_cameraCFrame":[761.674,249.606,47.111,0.011,-0.906,0.422,0,0.422,0.906,-1,-0.01,0.005],"_shiftlockState":false,"_pose":"FreeFall","_animationQueue":[],"_animationSpeed":1,"_zoom":16.125},{"_mousePosition":[935,409],"_rootPartCFrame":[754.531,233.524,47.032,0.011,0,1,0,1,0,-1,0,0.011],"_humanoidState":8,"_cameraCFrame":[761.34,249.641,47.107,0.011,-0.906,0.422,0,0.422,0.906,-1,-0.01,0.005],"_shiftlockState":false,"_pose":"Running","_animationQueue":[["walk",0.1],["fall",0.3],["walk",0.1]],"_animationSpeed":1.103,"_zoom":16.125},{"_mousePosition":[935,409],"_rootPartCFrame":[754.264,233.596,47.029,0.011,0,1,0,1,0,-1,0,0.011],"_humanoidState":8,"_cameraCFrame":[761.074,249.713,47.104,0.011,-0.906,0.422,0,0.422,0.906,-1,-0.01,0.005],"_shiftlockState":false,"_pose":"Running","_animationQueue":[],"_animationSpeed":1.103,"_zoom":16.125},{"_mousePosition":[935,409],"_rootPartCFrame":[753.998,233.642,47.026,0.011,0,1,0,1,0,-1,0,0.011],"_humanoidState":8,"_cameraCFrame":[760.807,249.759,47.101,0.011,-0.906,0.422,0,0.422,0.906,-1,-0.01,0.005],"_shiftlockState":false,"_pose":"Running","_animationQueue":[],"_animationSpeed":1.103,"_zoom":16.125},{"_mousePosition":[935,409],"_rootPartCFrame":[753.798,233.663,47.023,0.011,0,1,0,1,0,-1,0,0.011],"_humanoidState":8,"_cameraCFrame":[760.607,249.779,47.099,0.011,-0.906,0.422,0,0.422,0.906,-1,-0.01,0.005],"_shiftlockState":false,"_pose":"Running","_animationQueue":[],"_animationSpeed":1.103,"_zoom":16.125},{"_mousePosition":[935,409],"_rootPartCFrame":[753.531,233.679,47.02,0.011,0,1,0,1,0,-1,0,0.011],"_humanoidState":8,"_cameraCFrame":[760.341,249.796,47.096,0.011,-0.906,0.422,0,0.422,0.906,-1,-0.01,0.005],"_shiftlockState":false,"_pose":"Running","_animationQueue":[],"_animationSpeed":1.103,"_zoom":16.125},{"_mousePosition":[935,409],"_rootPartCFrame":[753.198,234.749,47.017,0.011,0,1,0,1,0,-1,0,0.011],"_humanoidState":3,"_cameraCFrame":[760.007,250.866,47.092,0.011,-0.906,0.422,0,0.422,0.906,-1,-0.01,0.005],"_shiftlockState":false,"_pose":"Jumping","_animationQueue":[["walk",0.1],["walk",0.1],["jump",0.1]],"_animationSpeed":1,"_zoom":16.125},{"_mousePosition":[935,409],"_rootPartCFrame":[752.998,235.351,47.015,0.011,0,1,0,1,0,-1,0,0.011],"_humanoidState":5,"_cameraCFrame":[759.807,251.467,47.09,0.011,-0.906,0.422,0,0.422,0.906,-1,-0.01,0.005],"_shiftlockState":false,"_pose":"FreeFall","_animationQueue":[["jump",0.1]],"_animationSpeed":1,"_zoom":16.125},{"_mousePosition":[935,409],"_rootPartCFrame":[752.731,236.105,47.012,0.011,0,1,0,1,0,-1,0,0.011],"_humanoidState":5,"_cameraCFrame":[759.541,252.221,47.087,0.011,-0.906,0.422,0,0.422,0.906,-1,-0.01,0.005],"_shiftlockState":false,"_pose":"FreeFall","_animationQueue":[],"_animationSpeed":1,"_zoom":16.125},{"_mousePosition":[935,409],"_rootPartCFrame":[752.398,236.97,47.008,0.011,0,1,0,1,0,-1,0,0.011],"_humanoidState":5,"_cameraCFrame":[759.208,253.087,47.083,0.011,-0.906,0.422,0,0.422,0.906,-1,-0.01,0.005],"_shiftlockState":false,"_pose":"FreeFall","_animationQueue":[],"_animationSpeed":1,"_zoom":16.125},{"_mousePosition":[935,409],"_rootPartCFrame":[752.132,237.602,47.005,0.011,0,1,0,1,0,-1,0,0.011],"_humanoidState":5,"_cameraCFrame":[758.941,253.718,47.081,0.011,-0.906,0.422,0,0.422,0.906,-1,-0.01,0.005],"_shiftlockState":false,"_pose":"FreeFall","_animationQueue":[],"_animationSpeed":1,"_zoom":16.125},{"_mousePosition":[935,409],"_rootPartCFrame":[751.865,238.178,47.002,0.011,0,1,0,1,0,-1,0,0.011],"_humanoidState":5,"_cameraCFrame":[758.674,254.295,47.078,0.011,-0.906,0.422,0,0.422,0.906,-1,-0.01,0.005],"_shiftlockState":false,"_pose":"FreeFall","_animationQueue":[],"_animationSpeed":1,"_zoom":16.125},{"_mousePosition":[935,409],"_rootPartCFrame":[751.598,238.701,46.999,0.011,0,1,0,1,0,-1,0,0.011],"_humanoidState":5,"_cameraCFrame":[758.408,254.817,47.075,0.011,-0.906,0.422,0,0.422,0.906,-1,-0.01,0.005],"_shiftlockState":false,"_pose":"FreeFall","_animationQueue":[],"_animationSpeed":1,"_zoom":16.125},{"_mousePosition":[935,409],"_rootPartCFrame":[751.332,239.168,46.996,0.011,0,1,0,1,0,-1,0,0.011],"_humanoidState":5,"_cameraCFrame":[758.141,255.285,47.072,0.011,-0.906,0.422,0,0.422,0.906,-1,-0.01,0.005],"_shiftlockState":false,"_pose":"FreeFall","_animationQueue":[],"_animationSpeed":1,"_zoom":16.125},{"_mousePosition":[935,409],"_rootPartCFrame":[751.065,239.582,46.993,0.011,0,1,0,1,0,-1,0,0.011],"_humanoidState":5,"_cameraCFrame":[757.875,255.698,47.069,0.011,-0.906,0.422,0,0.422,0.906,-1,-0.01,0.005],"_shiftlockState":false,"_pose":"FreeFall","_animationQueue":[],"_animationSpeed":1,"_zoom":16.125},{"_mousePosition":[935,409],"_rootPartCFrame":[750.732,240.022,46.989,0.011,0,1,0,1,0,-1,0,0.011],"_humanoidState":5,"_cameraCFrame":[757.541,256.138,47.065,0.011,-0.906,0.422,0,0.422,0.906,-1,-0.01,0.005],"_shiftlockState":false,"_pose":"FreeFall","_animationQueue":[],"_animationSpeed":1,"_zoom":16.125},{"_mousePosition":[935,409],"_rootPartCFrame":[750.465,240.312,46.986,0.011,0,1,0,1,0,-1,0,0.011],"_humanoidState":5,"_cameraCFrame":[757.275,256.429,47.062,0.011,-0.906,0.422,0,0.422,0.906,-1,-0.01,0.005],"_shiftlockState":false,"_pose":"FreeFall","_animationQueue":[],"_animationSpeed":1,"_zoom":16.125},{"_mousePosition":[935,409],"_rootPartCFrame":[750.265,240.494,46.984,0.011,0,1,0,1,0,-1,0,0.011],"_humanoidState":5,"_cameraCFrame":[757.075,256.611,47.06,0.011,-0.906,0.422,0,0.422,0.906,-1,-0.01,0.005],"_shiftlockState":false,"_pose":"FreeFall","_animationQueue":[],"_animationSpeed":1,"_zoom":16.125},{"_mousePosition":[935,409],"_rootPartCFrame":[749.999,240.69,46.981,0.011,0,1,0,1,0,-1,0,0.011],"_humanoidState":5,"_cameraCFrame":[756.808,256.806,47.04,0.009,-0.906,0.422,0,0.422,0.906,-1,-0.008,0.004],"_shiftlockState":false,"_pose":"FreeFall","_animationQueue":[],"_animationSpeed":1,"_zoom":16.125},{"_mousePosition":[935,409],"_rootPartCFrame":[749.732,240.83,46.978,0.011,0,1,0,1,0,-1,0,0.011],"_humanoidState":5,"_cameraCFrame":[756.542,256.947,47.037,0.009,-0.906,0.422,0,0.422,0.906,-1,-0.008,0.004],"_shiftlockState":false,"_pose":"FreeFall","_animationQueue":[],"_animationSpeed":1,"_zoom":16.125},{"_mousePosition":[935,409],"_rootPartCFrame":[749.466,240.917,46.976,0.011,0,1,0,1,0,-1,0,0.011],"_humanoidState":5,"_cameraCFrame":[756.275,257.033,47.034,0.009,-0.906,0.422,0,0.422,0.906,-1,-0.008,0.004],"_shiftlockState":false,"_pose":"FreeFall","_animationQueue":[],"_animationSpeed":1,"_zoom":16.125},{"_mousePosition":[935,409],"_rootPartCFrame":[749.266,240.946,46.974,0.011,0,1,0,1,0,-1,0,0.011],"_humanoidState":5,"_cameraCFrame":[756.075,257.062,47.015,0.006,-0.906,0.422,0,0.422,0.906,-1,-0.005,0.003],"_shiftlockState":false,"_pose":"FreeFall","_animationQueue":[],"_animationSpeed":1,"_zoom":16.125},{"_mousePosition":[935,409],"_rootPartCFrame":[748.932,240.926,46.971,0.01,0,1,0,1,0,-1,0,0.01],"_humanoidState":5,"_cameraCFrame":[755.742,257.042,46.978,0.001,-0.906,0.422,0,0.422,0.906,-1,-0.001,0],"_shiftlockState":false,"_pose":"FreeFall","_animationQueue":[],"_animationSpeed":1,"_zoom":16.125},{"_mousePosition":[935,409],"_rootPartCFrame":[748.666,240.849,46.97,0.01,0,1,0,1,0,-1,0,0.01],"_humanoidState":5,"_cameraCFrame":[755.476,256.965,46.976,0.001,-0.906,0.422,0,0.422,0.906,-1,-0.001,0],"_shiftlockState":false,"_pose":"FreeFall","_animationQueue":[],"_animationSpeed":1,"_zoom":16.125},{"_mousePosition":[935,409],"_rootPartCFrame":[748.466,240.755,46.969,0.009,0,1,0,1,0,-1,0,0.009],"_humanoidState":5,"_cameraCFrame":[755.276,256.871,46.941,-0.004,-0.906,0.422,0,0.422,0.906,-1,0.004,-0.002],"_shiftlockState":false,"_pose":"FreeFall","_animationQueue":[],"_animationSpeed":1,"_zoom":16.125},{"_mousePosition":[935,409],"_rootPartCFrame":[748.133,240.531,46.969,0.008,0,1,0,1,0,-1,0,0.008],"_humanoidState":5,"_cameraCFrame":[754.942,256.647,46.907,-0.009,-0.906,0.422,0,0.422,0.906,-1,0.008,-0.004],"_shiftlockState":false,"_pose":"FreeFall","_animationQueue":[["fall",0.3]],"_animationSpeed":1,"_zoom":16.125},{"_mousePosition":[935,409],"_rootPartCFrame":[747.866,240.29,46.97,0.006,0,1,0,1,0,-1,0,0.006],"_humanoidState":5,"_cameraCFrame":[754.675,256.406,46.873,-0.014,-0.906,0.422,0,0.422,0.906,-1,0.013,-0.006],"_shiftlockState":false,"_pose":"FreeFall","_animationQueue":[],"_animationSpeed":1,"_zoom":16.125},{"_mousePosition":[935,409],"_rootPartCFrame":[747.599,239.995,46.972,0.004,0,1,0,1,0,-1,0,0.004],"_humanoidState":5,"_cameraCFrame":[754.408,256.111,46.858,-0.017,-0.906,0.422,0,0.422,0.906,-1,0.015,-0.007],"_shiftlockState":false,"_pose":"FreeFall","_animationQueue":[],"_animationSpeed":1,"_zoom":16.125},{"_mousePosition":[935,409],"_rootPartCFrame":[747.333,239.645,46.976,0.002,0,1,0,1,0,-1,0,0.002],"_humanoidState":5,"_cameraCFrame":[754.142,255.761,46.862,-0.017,-0.906,0.422,0,0.422,0.906,-1,0.015,-0.007],"_shiftlockState":false,"_pose":"FreeFall","_animationQueue":[],"_animationSpeed":1,"_zoom":16.125},{"_mousePosition":[935,409],"_rootPartCFrame":[747.133,239.347,46.979,0,0,1,0,1,0,-1,0,0],"_humanoidState":5,"_cameraCFrame":[753.913,255.477,46.848,-0.019,-0.907,0.42,0,0.421,0.907,-1,0.017,-0.008],"_shiftlockState":false,"_pose":"FreeFall","_animationQueue":[],"_animationSpeed":1,"_zoom":16.125},{"_mousePosition":[935,409],"_rootPartCFrame":[746.799,238.782,46.984,-0.003,0,1,0,1,0,-1,0,-0.003],"_humanoidState":5,"_cameraCFrame":[753.579,254.912,46.837,-0.022,-0.907,0.42,0,0.421,0.907,-1,0.02,-0.009],"_shiftlockState":false,"_pose":"FreeFall","_animationQueue":[],"_animationSpeed":1,"_zoom":16.125},{"_mousePosition":[935,409],"_rootPartCFrame":[746.6,238.402,46.988,-0.004,0,1,0,1,0,-1,0,-0.004],"_humanoidState":7,"_cameraCFrame":[753.379,254.532,46.823,-0.024,-0.907,0.42,0,0.421,0.907,-1,0.022,-0.01],"_shiftlockState":false,"_pose":"FreeFall","_animationQueue":[["walk",0.1],["fall",0.3],["fall",0.3]],"_animationSpeed":1,"_zoom":16.125},{"_mousePosition":[935,409],"_rootPartCFrame":[746.266,237.701,46.995,-0.007,0,1,0,1,0,-1,0,-0.007],"_humanoidState":7,"_cameraCFrame":[753.017,253.844,46.814,-0.027,-0.908,0.419,0,0.419,0.908,-1,0.024,-0.011],"_shiftlockState":false,"_pose":"FreeFall","_animationQueue":[["fall",0.3]],"_animationSpeed":1,"_zoom":16.125},{"_mousePosition":[935,409],"_rootPartCFrame":[746,237.469,47.002,-0.01,0,1,0,1,0,-1,0,-0.01],"_humanoidState":8,"_cameraCFrame":[752.75,253.612,46.803,-0.029,-0.908,0.419,0,0.419,0.908,-1,0.027,-0.012],"_shiftlockState":false,"_pose":"Running","_animationQueue":[["walk",0.1],["fall",0.3],["walk",0.1]],"_animationSpeed":1.103,"_zoom":16.125},{"_mousePosition":[935,409],"_rootPartCFrame":[745.733,237.536,47.009,-0.012,0,1,0,1,0,-1,0,-0.012],"_humanoidState":8,"_cameraCFrame":[752.483,253.679,46.81,-0.029,-0.908,0.419,0,0.419,0.908,-1,0.027,-0.012],"_shiftlockState":false,"_pose":"Running","_animationQueue":[],"_animationSpeed":1.103,"_zoom":16.125},{"_mousePosition":[935,409],"_rootPartCFrame":[745.533,237.59,47.015,-0.014,0,1,0,1,0,-1,0,-0.014],"_humanoidState":8,"_cameraCFrame":[752.283,253.733,46.816,-0.029,-0.908,0.419,0,0.419,0.908,-1,0.027,-0.012],"_shiftlockState":false,"_pose":"Running","_animationQueue":[],"_animationSpeed":1.103,"_zoom":16.125},{"_mousePosition":[935,409],"_rootPartCFrame":[745.267,237.638,47.022,-0.016,0,1,0,1,0,-1,0,-0.016],"_humanoidState":8,"_cameraCFrame":[752.016,253.781,46.824,-0.029,-0.908,0.419,0,0.419,0.908,-1,0.027,-0.012],"_shiftlockState":false,"_pose":"Running","_animationQueue":[],"_animationSpeed":1.103,"_zoom":16.125},{"_mousePosition":[935,409],"_rootPartCFrame":[744.933,237.671,47.032,-0.018,0,1,0,1,0,-1,0,-0.018],"_humanoidState":8,"_cameraCFrame":[751.683,253.813,46.834,-0.029,-0.908,0.419,0,0.419,0.908,-1,0.027,-0.012],"_shiftlockState":false,"_pose":"Running","_animationQueue":[],"_animationSpeed":1.103,"_zoom":16.125},{"_mousePosition":[935,409],"_rootPartCFrame":[744.667,237.683,47.04,-0.02,0,1,0,1,0,-1,0,-0.02],"_humanoidState":8,"_cameraCFrame":[751.417,253.826,46.842,-0.029,-0.908,0.419,0,0.419,0.908,-1,0.027,-0.012],"_shiftlockState":false,"_pose":"Running","_animationQueue":[["walk",0.1]],"_animationSpeed":1.103,"_zoom":16.125},{"_mousePosition":[935,409],"_rootPartCFrame":[744.4,237.69,47.048,-0.021,0,1,0,1,0,-1,0,-0.021],"_humanoidState":8,"_cameraCFrame":[751.15,253.833,46.849,-0.029,-0.908,0.419,0,0.419,0.908,-1,0.027,-0.012],"_shiftlockState":false,"_pose":"Running","_animationQueue":[],"_animationSpeed":1.103,"_zoom":16.125},{"_mousePosition":[935,409],"_rootPartCFrame":[744.133,237.694,47.056,-0.022,0,1,0,1,0,-1,0,-0.022],"_humanoidState":8,"_cameraCFrame":[750.883,253.837,46.857,-0.029,-0.908,0.419,0,0.419,0.908,-1,0.027,-0.012],"_shiftlockState":false,"_pose":"Running","_animationQueue":[],"_animationSpeed":1.103,"_zoom":16.125},{"_mousePosition":[935,409],"_rootPartCFrame":[743.867,237.696,47.063,-0.023,0,1,0,1,0,-1,0,-0.023],"_humanoidState":8,"_cameraCFrame":[750.617,253.839,46.865,-0.029,-0.908,0.419,0,0.419,0.908,-1,0.027,-0.012],"_shiftlockState":false,"_pose":"Running","_animationQueue":[],"_animationSpeed":1.103,"_zoom":16.125},{"_mousePosition":[935,409],"_rootPartCFrame":[743.667,237.676,47.069,-0.024,0,1,0,1,0,-1,0,-0.024],"_humanoidState":8,"_cameraCFrame":[750.417,253.819,46.871,-0.029,-0.908,0.419,0,0.419,0.908,-1,0.027,-0.012],"_shiftlockState":false,"_pose":"Running","_animationQueue":[],"_animationSpeed":1.103,"_zoom":16.125},{"_mousePosition":[935,409],"_rootPartCFrame":[743.334,238.746,47.079,-0.025,0,1,0,1,0,-1,0,-0.025],"_humanoidState":3,"_cameraCFrame":[750.112,254.876,46.88,-0.029,-0.907,0.42,0,0.421,0.907,-1,0.027,-0.012],"_shiftlockState":false,"_pose":"Jumping","_animationQueue":[["walk",0.1],["jump",0.1]],"_animationSpeed":1,"_zoom":16.125},{"_mousePosition":[935,409],"_rootPartCFrame":[743.067,239.541,47.087,-0.026,0,1,0,1,0,-1,0,-0.026],"_humanoidState":5,"_cameraCFrame":[749.875,255.658,46.921,-0.024,-0.906,0.422,0,0.422,0.906,-1,0.022,-0.01],"_shiftlockState":false,"_pose":"FreeFall","_animationQueue":[["jump",0.1]],"_animationSpeed":1,"_zoom":16.125},{"_mousePosition":[935,409],"_rootPartCFrame":[742.8,240.281,47.095,-0.026,0,1,0,1,0,-1,0,-0.026],"_humanoidState":5,"_cameraCFrame":[749.638,256.385,46.963,-0.019,-0.905,0.424,0,0.424,0.906,-1,0.017,-0.008],"_shiftlockState":false,"_pose":"FreeFall","_animationQueue":[],"_animationSpeed":1,"_zoom":16.125},{"_mousePosition":[935,409],"_rootPartCFrame":[742.534,240.967,47.101,-0.026,0,1,0,1,0,-1,0,-0.026],"_humanoidState":5,"_cameraCFrame":[749.4,257.057,47.004,-0.014,-0.905,0.426,0,0.426,0.905,-1,0.013,-0.006],"_shiftlockState":false,"_pose":"FreeFall","_animationQueue":[],"_animationSpeed":1,"_zoom":16.125},{"_mousePosition":[935,409],"_rootPartCFrame":[742.267,241.598,47.107,-0.026,0,1,0,1,0,-1,0,-0.026],"_humanoidState":5,"_cameraCFrame":[749.162,257.675,47.009,-0.014,-0.904,0.428,0,0.428,0.904,-1,0.013,-0.006],"_shiftlockState":false,"_pose":"FreeFall","_animationQueue":[],"_animationSpeed":1,"_zoom":16.125},{"_mousePosition":[935,409],"_rootPartCFrame":[742.001,242.175,47.111,-0.024,0,1,0,1,0,-1,0,-0.024],"_hum