[{"_mousePosition":[904,394],"_rootPartCFrame":[776.025,222.7,47.142,0.001,0,1,0,1,0,-1,0,0.001],"_humanoidState":8,"_cameraCFrame":[784.361,238.003,47.167,0.003,-0.856,0.517,0,0.517,0.856,-1,-0.003,0.002],"_shiftlockState":false,"_pose":"Standing","_animationQueue":[],"_animationSpeed":1,"_zoom":16.125},{"_mousePosition":[904,394],"_rootPartCFrame":[775.853,222.7,47.142,0.002,0,1,0,1,0,-1,0,0.002],"_humanoidState":8,"_cameraCFrame":[784.189,238.003,47.188,0.005,-0.856,0.517,0,0.517,0.856,-1,-0.005,0.003],"_shiftlockState":false,"_pose":"Standing","_animationQueue":[],"_animationSpeed":1,"_zoom":16.125},{"_mousePosition":[904,394],"_rootPartCFrame":[775.589,222.7,47.141,0.002,0,1,0,1,0,-1,0,0.002],"_humanoidState":8,"_cameraCFrame":[783.925,238.003,47.187,0.005,-0.856,0.517,0,0.517,0.856,-1,-0.005,0.003],"_shiftlockState":false,"_pose":"Running","_animationQueue":[["walk",0.1]],"_animationSpeed":1.003,"_zoom":16.125},{"_mousePosition":[904,394],"_rootPartCFrame":[775.322,222.7,47.14,0.002,0,1,0,1,0,-1,0,0.002],"_humanoidState":8,"_cameraCFrame":[783.658,238.003,47.206,0.008,-0.856,0.517,0,0.517,0.856,-1,-0.007,0.004],"_shiftlockState":false,"_pose":"Running","_animationQueue":[["walk",0.1]],"_animationSpeed":1.101,"_zoom":16.125},{"_mousePosition":[904,394],"_rootPartCFrame":[775.055,222.7,47.138,0.003,0,1,0,1,0,-1,0,0.003],"_humanoidState":8,"_cameraCFrame":[783.364,238.019,47.205,0.008,-0.857,0.515,0,0.515,0.857,-1,-0.007,0.004],"_shiftlockState":false,"_pose":"Running","_animationQueue":[],"_animationSpeed":1.101,"_zoom":16.125},{"_mousePosition":[904,394],"_rootPartCFrame":[774.789,222.7,47.136,0.003,0,1,0,1,0,-1,0,0.003],"_humanoidState":8,"_cameraCFrame":[783.071,238.035,47.223,0.011,-0.858,0.514,0,0.514,0.858,-1,-0.009,0.005],"_shiftlockState":false,"_pose":"Running","_animationQueue":[],"_animationSpeed":1.101,"_zoom":16.125},{"_mousePosition":[904,394],"_rootPartCFrame":[774.522,222.7,47.134,0.004,0,1,0,1,0,-1,0,0.004],"_humanoidState":8,"_cameraCFrame":[782.804,238.035,47.242,0.013,-0.858,0.514,0,0.514,0.858,-1,-0.011,0.007],"_shiftlockState":false,"_pose":"Running","_animationQueue":[],"_animationSpeed":1.101,"_zoom":16.125},{"_mousePosition":[904,394],"_rootPartCFrame":[774.256,222.7,47.131,0.005,0,1,0,1,0,-1,0,0.005],"_humanoidState":8,"_cameraCFrame":[782.537,238.035,47.239,0.013,-0.858,0.514,0,0.514,0.858,-1,-0.011,0.007],"_shiftlockState":false,"_pose":"Running","_animationQueue":[["walk",0.1]],"_animationSpeed":1.101,"_zoom":16.125},{"_mousePosition":[904,394],"_rootPartCFrame":[773.989,222.7,47.128,0.006,0,1,0,1,0,-1,0,0.006],"_humanoidState":8,"_cameraCFrame":[782.271,238.035,47.236,0.013,-0.858,0.514,0,0.514,0.858,-1,-0.011,0.007],"_shiftlockState":false,"_pose":"Running","_animationQueue":[],"_animationSpeed":1.101,"_zoom":16.125},{"_mousePosition":[904,394],"_rootPartCFrame":[773.722,222.7,47.124,0.007,0,1,0,1,0,-1,0,0.007],"_humanoidState":8,"_cameraCFrame":[782.004,238.035,47.233,0.013,-0.858,0.514,0,0.514,0.858,-1,-0.011,0.007],"_shiftlockState":false,"_pose":"Running","_animationQueue":[],"_animationSpeed":1.101,"_zoom":16.125},{"_mousePosition":[904,394],"_rootPartCFrame":[773.456,222.7,47.121,0.008,0,1,0,1,0,-1,0,0.008],"_humanoidState":8,"_cameraCFrame":[781.737,238.035,47.229,0.013,-0.858,0.514,0,0.514,0.858,-1,-0.011,0.007],"_shiftlockState":false,"_pose":"Running","_animationQueue":[],"_animationSpeed":1.101,"_zoom":16.125},{"_mousePosition":[904,394],"_rootPartCFrame":[773.189,222.7,47.117,0.008,0,1,0,1,0,-1,0,0.008],"_humanoidState":8,"_cameraCFrame":[781.444,238.051,47.225,0.013,-0.859,0.512,0,0.512,0.859,-1,-0.011,0.007],"_shiftlockState":false,"_pose":"Running","_animationQueue":[],"_animationSpeed":1.101,"_zoom":16.125},{"_mousePosition":[904,394],"_rootPartCFrame":[772.923,222.7,47.114,0.009,0,1,0,1,0,-1,0,0.009],"_humanoidState":8,"_cameraCFrame":[781.177,238.051,47.243,0.016,-0.859,0.512,0,0.512,0.859,-1,-0.013,0.008],"_shiftlockState":false,"_pose":"Running","_animationQueue":[],"_animationSpeed":1.101,"_zoom":16.125},{"_mousePosition":[904,394],"_rootPartCFrame":[772.656,222.7,47.11,0.01,0,1,0,1,0,-1,0,0.01],"_humanoidState":8,"_cameraCFrame":[780.883,238.067,47.239,0.016,-0.86,0.51,0,0.51,0.86,-1,-0.013,0.008],"_shiftlockState":false,"_pose":"Running","_animationQueue":[["walk",0.1]],"_animationSpeed":1.101,"_zoom":16.125},{"_mousePosition":[904,394],"_rootPartCFrame":[772.389,222.7,47.106,0.01,0,1,0,1,0,-1,0,0.01],"_humanoidState":8,"_cameraCFrame":[780.617,238.067,47.235,0.016,-0.86,0.51,0,0.51,0.86,-1,-0.013,0.008],"_shiftlockState":false,"_pose":"Running","_animationQueue":[],"_animationSpeed":1.101,"_zoom":16.125},{"_mousePosition":[904,394],"_rootPartCFrame":[772.123,222.7,47.102,0.011,0,1,0,1,0,-1,0,0.011],"_humanoidState":8,"_cameraCFrame":[780.323,238.083,47.23,0.016,-0.861,0.509,0,0.509,0.861,-1,-0.013,0.008],"_shiftlockState":false,"_pose":"Running","_animationQueue":[],"_animationSpeed":1.101,"_zoom":16.125},{"_mousePosition":[904,394],"_rootPartCFrame":[771.856,222.7,47.098,0.012,0,1,0,1,0,-1,0,0.012],"_humanoidState":8,"_cameraCFrame":[780.029,238.099,47.225,0.016,-0.862,0.507,0,0.507,0.862,-1,-0.013,0.008],"_shiftlockState":false,"_pose":"Running","_animationQueue":[],"_animationSpeed":1.101,"_zoom":16.125},{"_mousePosition":[904,394],"_rootPartCFrame":[771.59,222.7,47.094,0.012,0,1,0,1,0,-1,0,0.012],"_humanoidState":8,"_cameraCFrame":[779.736,238.115,47.221,0.016,-0.863,0.505,0,0.505,0.863,-1,-0.013,0.008],"_shiftlockState":false,"_pose":"Running","_animationQueue":[],"_animationSpeed":1.101,"_zoom":16.125},{"_mousePosition":[904,394],"_rootPartCFrame":[771.323,222.7,47.09,0.013,0,1,0,1,0,-1,0,0.013],"_humanoidState":8,"_cameraCFrame":[779.442,238.131,47.216,0.016,-0.864,0.504,0,0.504,0.864,-1,-0.013,0.008],"_shiftlockState":false,"_pose":"Running","_animationQueue":[],"_animationSpeed":1.101,"_zoom":16.125},{"_mousePosition":[904,394],"_rootPartCFrame":[771.056,222.7,47.085,0.013,0,1,0,1,0,-1,0,0.013],"_humanoidState":8,"_cameraCFrame":[779.148,238.147,47.212,0.016,-0.865,0.502,0,0.502,0.865,-1,-0.013,0.008],"_shiftlockState":false,"_pose":"Running","_animationQueue":[],"_animationSpeed":1.101,"_zoom":16.125},{"_mousePosition":[904,394],"_rootPartCFrame":[770.79,222.7,47.081,0.013,0,1,0,1,0,-1,0,0.013],"_humanoidState":8,"_cameraCFrame":[778.854,238.162,47.207,0.016,-0.866,0.5,0,0.5,0.866,-1,-0.014,0.008],"_shiftlockState":false,"_pose":"Running","_animationQueue":[["walk",0.1]],"_animationSpeed":1.101,"_zoom":16.125},{"_mousePosition":[904,394],"_rootPartCFrame":[770.523,222.7,47.077,0.014,0,1,0,1,0,-1,0,0.014],"_humanoidState":8,"_cameraCFrame":[778.561,238.178,47.182,0.013,-0.867,0.498,0,0.499,0.867,-1,-0.011,0.007],"_shiftlockState":false,"_pose":"Running","_animationQueue":[],"_animationSpeed":1.101,"_zoom":16.125},{"_mousePosition":[904,394],"_rootPartCFrame":[770.257,222.666,47.073,0.014,0,1,0,1,0,-1,0,0.014],"_humanoidState":8,"_cameraCFrame":[778.267,238.16,47.178,0.013,-0.868,0.497,0,0.497,0.868,-1,-0.011,0.006],"_shiftlockState":false,"_pose":"Running","_animationQueue":[],"_animationSpeed":1.101,"_zoom":16.125},{"_mousePosition":[904,394],"_rootPartCFrame":[769.923,223.736,47.068,0.014,0,1,0,1,0,-1,0,0.014],"_humanoidState":3,"_cameraCFrame":[777.907,239.245,47.152,0.011,-0.869,0.495,0,0.495,0.869,-1,-0.009,0.005],"_shiftlockState":false,"_pose":"Jumping","_animationQueue":[["walk",0.1],["jump",0.1]],"_animationSpeed":1,"_zoom":16.125},{"_mousePosition":[904,394],"_rootPartCFrame":[769.723,224.337,47.065,0.014,0,1,0,1,0,-1,0,0.014],"_humanoidState":5,"_cameraCFrame":[777.707,239.847,47.149,0.011,-0.869,0.495,0,0.495,0.869,-1,-0.009,0.005],"_shiftlockState":false,"_pose":"FreeFall","_animationQueue":[["jump",0.1]],"_animationSpeed":1,"_zoom":16.125},{"_mousePosition":[904,394],"_rootPartCFrame":[769.39,225.271,47.061,0.014,0,1,0,1,0,-1,0,0.014],"_humanoidState":5,"_cameraCFrame":[777.346,240.796,47.125,0.008,-0.87,0.493,0,0.493,0.87,-1,-0.007,0.004],"_shiftlockState":false,"_pose":"FreeFall","_animationQueue":[],"_animationSpeed":1,"_zoom":16.125},{"_mousePosition":[904,394],"_rootPartCFrame":[769.19,225.79,47.059,0.014,0,1,0,1,0,-1,0,0.014],"_humanoidState":5,"_cameraCFrame":[777.146,241.315,47.123,0.008,-0.87,0.493,0,0.493,0.87,-1,-0.007,0.004],"_shiftlockState":false,"_pose":"FreeFall","_animationQueue":[],"_animationSpeed":1,"_zoom":16.125},{"_mousePosition":[904,394],"_rootPartCFrame":[768.857,226.588,47.057,0.013,0,1,0,1,0,-1,0,0.013],"_humanoidState":5,"_cameraCFrame":[776.813,242.113,47.12,0.008,-0.87,0.493,0,0.493,0.87,-1,-0.007,0.004],"_shiftlockState":false,"_pose":"FreeFall","_animationQueue":[],"_animationSpeed":1,"_zoom":16.125},{"_mousePosition":[904,394],"_rootPartCFrame":[768.657,227.025,47.055,0.012,0,1,0,1,0,-1,0,0.012],"_humanoidState":5,"_cameraCFrame":[776.586,242.566,47.118,0.008,-0.871,0.492,0,0.492,0.871,-1,-0.007,0.004],"_shiftlockState":false,"_pose":"FreeFall","_animationQueue":[],"_animationSpeed":1,"_zoom":16.125},{"_mousePosition":[904,394],"_rootPartCFrame":[768.39,227.561,47.053,0.012,0,1,0,1,0,-1,0,0.012],"_humanoidState":5,"_cameraCFrame":[776.292,243.118,47.096,0.005,-0.872,0.49,0,0.49,0.872,-1,-0.005,0.003],"_shiftlockState":false,"_pose":"FreeFall","_animationQueue":[],"_animationSpeed":1,"_zoom":16.125},{"_mousePosition":[904,394],"_rootPartCFrame":[768.057,228.155,47.05,0.011,0,1,0,1,0,-1,0,0.011],"_humanoidState":5,"_cameraCFrame":[775.932,243.726,47.073,0.003,-0.873,0.488,0,0.488,0.873,-1,-0.003,0.001],"_shiftlockState":false,"_pose":"FreeFall","_animationQueue":[],"_animationSpeed":1,"_zoom":16.125},{"_mousePosition":[904,394],"_rootPartCFrame":[767.791,228.568,47.049,0.01,0,1,0,1,0,-1,0,0.01],"_humanoidState":5,"_cameraCFrame":[775.665,244.139,47.072,0.003,-0.873,0.488,0,0.488,0.873,-1,-0.003,0.001],"_shiftlockState":false,"_pose":"FreeFall","_animationQueue":[],"_animationSpeed":1,"_zoom":16.125},{"_mousePosition":[904,394],"_rootPartCFrame":[767.591,228.842,47.048,0.01,0,1,0,1,0,-1,0,0.01],"_humanoidState":5,"_cameraCFrame":[775.438,244.429,47.051,0,-0.874,0.487,0,0.487,0.874,-1,0,0],"_shiftlockState":false,"_pose":"FreeFall","_animationQueue":[],"_animationSpeed":1,"_zoom":16.125},{"_mousePosition":[904,394],"_rootPartCFrame":[767.257,229.231,47.047,0.009,0,1,0,1,0,-1,0,0.009],"_humanoidState":5,"_cameraCFrame":[775.077,244.833,47.03,-0.002,-0.875,0.485,0,0.485,0.875,-1,0.002,-0.001],"_shiftlockState":false,"_pose":"FreeFall","_animationQueue":[],"_animationSpeed":1,"_zoom":16.125},{"_mousePosition":[904,394],"_rootPartCFrame":[766.991,229.481,47.047,0.008,0,1,0,1,0,-1,0,0.008],"_humanoidState":5,"_cameraCFrame":[774.783,245.098,47.03,-0.002,-0.875,0.483,0,0.483,0.875,-1,0.002,-0.001],"_shiftlockState":false,"_pose":"FreeFall","_animationQueue":[],"_animationSpeed":1,"_zoom":16.125},{"_mousePosition":[904,394],"_rootPartCFrame":[766.791,229.632,47.047,0.007,0,1,0,1,0,-1,0,0.007],"_humanoidState":5,"_cameraCFrame":[774.583,245.25,47.011,-0.005,-0.875,0.483,0,0.483,0.875,-1,0.004,-0.002],"_shiftlockState":false,"_pose":"FreeFall","_animationQueue":[],"_animationSpeed":1,"_zoom":16.125},{"_mousePosition":[904,394],"_rootPartCFrame":[766.458,229.817,47.048,0.005,0,1,0,1,0,-1,0,0.005],"_humanoidState":5,"_cameraCFrame":[774.222,245.449,46.992,-0.007,-0.876,0.482,0,0.482,0.876,-1,0.006,-0.003],"_shiftlockState":false,"_pose":"FreeFall","_animationQueue":[],"_animationSpeed":1,"_zoom":16.125},{"_mousePosition":[904,394],"_rootPartCFrame":[766.124,229.916,47.049,0.004,0,1,0,1,0,-1,0,0.004],"_humanoidState":5,"_cameraCFrame":[773.861,245.564,46.994,-0.007,-0.877,0.48,0,0.48,0.877,-1,0.006,-0.003],"_shiftlockState":false,"_pose":"FreeFall","_animationQueue":[],"_animationSpeed":1,"_zoom":16.125},{"_mousePosition":[904,394],"_rootPartCFrame":[765.924,229.935,47.051,0.003,0,1,0,1,0,-1,0,0.003],"_humanoidState":5,"_cameraCFrame":[773.661,245.582,46.995,-0.007,-0.877,0.48,0,0.48,0.877,-1,0.006,-0.003],"_shiftlockState":false,"_pose":"FreeFall","_animationQueue":[],"_animationSpeed":1,"_zoom":16.125},{"_mousePosition":[904,394],"_rootPartCFrame":[765.658,229.912,47.052,0.001,0,1,0,1,0,-1,0,0.001],"_humanoidState":5,"_cameraCFrame":[773.394,245.56,46.997,-0.007,-0.877,0.48,0,0.48,0.877,-1,0.006,-0.003],"_shiftlockState":false,"_pose":"FreeFall","_animationQueue":[["fall",0.3]],"_animationSpeed":1,"_zoom":16.125},{"_mousePosition":[904,394],"_rootPartCFrame":[765.324,229.807,47.055,0,0,1,0,1,0,-1,0,0],"_humanoidState":5,"_cameraCFrame":[773.061,245.455,46.999,-0.007,-0.877,0.48,0,0.48,0.877,-1,0.006,-0.003],"_shiftlockState":false,"_pose":"FreeFall","_animationQueue":[],"_animationSpeed":1,"_zoom":16.125},{"_mousePosition":[904,394],"_rootPartCFrame":[765.125,229.703,47.056,-0.001,0,1,0,1,0,-1,0,-0.001],"_humanoidState":5,"_cameraCFrame":[772.861,245.351,47.001,-0.007,-0.877,0.48,0,0.48,0.877,-1,0.006,-0.003],"_shiftlockState":false,"_pose":"FreeFall","_animationQueue":[],"_animationSpeed":1,"_zoom":16.125},{"_mousePosition":[904,394],"_rootPartCFrame":[764.791,229.462,47.059,-0.002,0,1,0,1,0,-1,0,-0.002],"_humanoidState":5,"_cameraCFrame":[772.528,245.109,47.003,-0.007,-0.877,0.48,0,0.48,0.877,-1,0.006,-0.003],"_shiftlockState":false,"_pose":"FreeFall","_animationQueue":[],"_animationSpeed":1,"_zoom":16.125},{"_mousePosition":[904,394],"_rootPartCFrame":[764.525,229.207,47.061,-0.003,0,1,0,1,0,-1,0,-0.003],"_humanoidState":5,"_cameraCFrame":[772.261,244.855,47.005,-0.007,-0.877,0.48,0,0.48,0.877,-1,0.006,-0.003],"_shiftlockState":false,"_pose":"FreeFall","_animationQueue":[],"_animationSpeed":1,"_zoom":16.125},{"_mousePosition":[904,394],"_rootPartCFrame":[764.391,229.06,47.062,-0.003,0,1,0,1,0,-1,0,-0.003],"_humanoidState":5,"_cameraCFrame":[772.128,244.707,47.006,-0.007,-0.877,0.48,0,0.48,0.877,-1,0.006,-0.003],"_shiftlockState":false,"_pose":"FreeFall","_animationQueue":[],"_animationSpeed":1,"_zoom":16.125},{"_mousePosition":[904,394],"_rootPartCFrame":[764.125,228.724,47.063,-0.004,0,1,0,1,0,-1,0,-0.004],"_humanoidState":5,"_cameraCFrame":[771.862,244.371,47.008,-0.007,-0.877,0.48,0,0.48,0.877,-1,0.006,-0.003],"_shiftlockState":false,"_pose":"FreeFall","_animationQueue":[],"_animationSpeed":1,"_zoom":16.125},{"_mousePosition":[904,394],"_rootPartCFrame":[763.858,228.333,47.065,-0.004,0,1,0,1,0,-1,0,-0.004],"_humanoidState":5,"_cameraCFrame":[771.595,243.981,47.01,-0.007,-0.877,0.48,0,0.48,0.877,-1,0.006,-0.003],"_shiftlockState":false,"_pose":"FreeFall","_animationQueue":[["fall",0.3]],"_animationSpeed":1,"_zoom":16.125},{"_mousePosition":[904,394],"_rootPartCFrame":[763.592,227.888,47.067,-0.005,0,1,0,1,0,-1,0,-0.005],"_humanoidState":5,"_cameraCFrame":[771.328,243.536,47.012,-0.007,-0.877,0.48,0,0.48,0.877,-1,0.006,-0.003],"_shiftlockState":false,"_pose":"FreeFall","_animationQueue":[],"_animationSpeed":1,"_zoom":16.125},{"_mousePosition":[904,394],"_rootPartCFrame":[763.325,227.388,47.069,-0.005,0,1,0,1,0,-1,0,-0.005],"_humanoidState":5,"_cameraCFrame":[771.062,243.036,47.014,-0.007,-0.877,0.48,0,0.48,0.877,-1,0.006,-0.003],"_shiftlockState":false,"_pose":"FreeFall","_animationQueue":[],"_animationSpeed":1,"_zoom":16.125},{"_mousePosition":[904,394],"_rootPartCFrame":[763.058,226.834,47.071,-0.005,0,1,0,1,0,-1,0,-0.005],"_humanoidState":5,"_cameraCFrame":[770.795,242.482,47.016,-0.007,-0.877,0.48,0,0.48,0.877,-1,0.006,-0.003],"_shiftlockState":false,"_pose":"FreeFall","_animationQueue":[],"_animationSpeed":1,"_zoom":16.125},{"_mousePosition":[904,394],"_rootPartCFrame":[762.725,226.065,47.073,-0.006,0,1,0,1,0,-1,0,-0.006],"_humanoidState":5,"_cameraCFrame":[770.462,241.713,47.018,-0.007,-0.877,0.48,0,0.48,0.877,-1,0.006,-0.003],"_shiftlockState":false,"_pose":"FreeFall","_animationQueue":[],"_animationSpeed":1,"_zoom":16.125},{"_mousePosition":[904,394],"_rootPartCFrame":[762.525,225.563,47.075,-0.006,0,1,0,1,0,-1,0,-0.006],"_humanoidState":5,"_cameraCFrame":[770.262,241.21,47.019,-0.007,-0.877,0.48,0,0.48,0.877,-1,0.006,-0.003],"_shiftlockState":false,"_pose":"FreeFall","_animationQueue":[],"_animationSpeed":1,"_zoom":16.125},{"_mousePosition":[904,394],"_rootPartCFrame":[762.192,224.657,47.077,-0.006,0,1,0,1,0,-1,0,-0.006],"_humanoidState":5,"_cameraCFrame":[769.901,240.32,47.022,-0.007,-0.878,0.478,0,0.478,0.878,-1,0.006,-0.003],"_shiftlockState":false,"_pose":"FreeFall","_animationQueue":[["fall",0.3]],"_animationSpeed":1,"_zoom":16.125},{"_mousePosition":[904,394],"_rootPartCFrame":[761.925,223.871,47.079,-0.006,0,1,0,1,0,-1,0,-0.006],"_humanoidState":5,"_cameraCFrame":[769.634,239.534,47.024,-0.007,-0.878,0.478,0,0.478,0.878,-1,0.006,-0.003],"_shiftlockState":false,"_pose":"FreeFall","_animationQueue":[],"_animationSpeed":1,"_zoom":16.125},{"_mousePosition":[904,394],"_rootPartCFrame":[761.659,223.031,47.081,-0.006,0,1,0,1,0,-1,0,-0.006],"_humanoidState":5,"_cameraCFrame":[769.368,238.694,47.026,-0.007,-0.878,0.478,0,0.478,0.878,-1,0.006,-0.003],"_shiftlockState":false,"_pose":"FreeFall","_animationQueue":[],"_animationSpeed":1,"_zoom":16.125},{"_mousePosition":[904,394],"_rootPartCFrame":[761.459,222.476,47.082,-0.006,0,1,0,1,0,-1,0,-0.006],"_humanoidState":7,"_cameraCFrame":[769.168,238.139,47.027,-0.007,-0.878,0.478,0,0.478,0.878,-1,0.006,-0.003],"_shiftlockState":false,"_pose":"FreeFall","_animationQueue":[["walk",0.1],["fall",0.3],["fall",0.3]],"_animationSpeed":1,"_zoom":16.125},{"_mousePosition":[904,394],"_rootPartCFrame":[761.192,222.439,47.084,-0.007,0,1,0,1,0,-1,0,-0.007],"_humanoidState":7,"_cameraCFrame":[768.874,238.117,47.029,-0.007,-0.879,0.476,0,0.476,0.879,-1,0.006,-0.003],"_shiftlockState":false,"_pose":"FreeFall","_animationQueue":[],"_animationSpeed":1,"_zoom":16.125},{"_mousePosition":[904,394],"_rootPartCFrame":[760.859,222.56,47.087,-0.007,0,1,0,1,0,-1,0,-0.007],"_humanoidState":8,"_cameraCFrame":[768.54,238.238,47.032,-0.007,-0.879,0.476,0,0.476,0.879,-1,0.006,-0.003],"_shiftlockState":false,"_pose":"Running","_animationQueue":[["walk",0.1],["fall",0.3],["walk",0.1]],"_animationSpeed":1.103,"_zoom":16.125},{"_mousePosition":[904,394],"_rootPartCFrame":[760.592,222.623,47.089,-0.007,0,1,0,1,0,-1,0,-0.007],"_humanoidState":8,"_cameraCFrame":[768.274,238.3,47.034,-0.007,-0.879,0.476,0,0.476,0.879,-1,0.006,-0.003],"_shiftlockState":false,"_pose":"Running","_animationQueue":[],"_animationSpeed":1.103,"_zoom":16.125},{"_mousePosition":[904,394],"_rootPartCFrame":[760.326,222.658,47.091,-0.007,0,1,0,1,0,-1,0,-0.007],"_humanoidState":8,"_cameraCFrame":[767.98,238.351,47.036,-0.007,-0.88,0.475,0,0.475,0.88,-1,0.006,-0.003],"_shiftlockState":false,"_pose":"Running","_animationQueue":[["walk",0.1]],"_animationSpeed":1.103,"_zoom":16.125},{"_mousePosition":[904,394],"_rootPartCFrame":[760.059,222.677,47.093,-0.007,0,1,0,1,0,-1,0,-0.007],"_humanoidState":8,"_cameraCFrame":[767.713,238.37,47.038,-0.007,-0.88,0.475,0,0.475,0.88,-1,0.006,-0.003],"_shiftlockState":false,"_pose":"Running","_animationQueue":[],"_animationSpeed":1.103,"_zoom":16.125},{"_mousePosition":[904,394],"_rootPartCFrame":[759.792,222.688,47.094,-0.007,0,1,0,1,0,-1,0,-0.007],"_humanoidState":8,"_cameraCFrame":[767.419,238.395,47.04,-0.007,-0.881,0.473,0,0.473,0.881,-1,0.006,-0.003],"_shiftlockState":false,"_pose":"Running","_animationQueue":[],"_animationSpeed":1.103,"_zoom":16.125},{"_mousePosition":[904,394],"_rootPartCFrame":[759.526,222.693,47.096,-0.007,0,1,0,1,0,-1,0,-0.007],"_humanoidState":8,"_cameraCFrame":[767.152,238.401,47.042,-0.007,-0.881,0.473,0,0.473,0.881,-1,0.006,-0.003],"_shiftlockState":false,"_pose":"Running","_animationQueue":[],"_animationSpeed":1.103,"_zoom":16.125},{"_mousePosition":[904,394],"_rootPartCFrame":[759.259,222.696,47.098,-0.007,0,1,0,1,0,-1,0,-0.007],"_humanoidState":8,"_cameraCFrame":[766.886,238.404,47.044,-0.007,-0.881,0.473,0,0.473,0.881,-1,0.006,-0.003],"_shiftlockState":false,"_pose":"Running","_animationQueue":[],"_animationSpeed":1.103,"_zoom":16.125},{"_mousePosition":[904,394],"_rootPartCFrame":[758.993,222.698,47.1,-0.007,0,1,0,1,0,-1,0,-0.007],"_humanoidState":8,"_cameraCFrame":[766.591,238.42,47.046,-0.007,-0.882,0.471,0,0.471,0.882,-1,0.006,-0.003],"_shiftlockState":false,"_pose":"Running","_animationQueue":[],"_animationSpeed":1.103,"_zoom":16.125},{"_mousePosition":[904,394],"_rootPartCFrame":[758.726,222.699,47.102,-0.007,0,1,0,1,0,-1,0,-0.007],"_humanoidState":8,"_cameraCFrame":[766.325,238.421,47.048,-0.007,-0.882,0.471,0,0.471,0.882,-1,0.006,-0.003],"_shiftlockState":false,"_pose":"Running","_animationQueue":[["walk",0.1]],"_animationSpeed":1.103,"_zoom":16.125},{"_mousePosition":[904,394],"_rootPartCFrame":[758.459,222.699,47.104,-0.007,0,1,0,1,0,-1,0,-0.007],"_humanoidState":8,"_cameraCFrame":[766.058,238.421,47.049,-0.007,-0.882,0.471,0,0.471,0.882,-1,0.006,-0.003],"_shiftlockState":false,"_pose":"Running","_animationQueue":[],"_animationSpeed":1.103,"_zoom":16.125},{"_mousePosition":[904,394],"_rootPartCFrame":[758.193,222.699,47.106,-0.007,0,1,0,1,0,-1,0,-0.007],"_humanoidState":8,"_cameraCFrame":[765.791,238.422,47.051,-0.007,-0.882,0.471,0,0.471,0.882,-1,0.006,-0.003],"_shiftlockState":false,"_pose":"Running","_animationQueue":[],"_animationSpeed":1.103,"_zoom":16.125},{"_mousePosition":[904,394],"_rootPartCFrame":[757.926,222.7,47.108,-0.007,0,1,0,1,0,-1,0,-0.007],"_humanoidState":8,"_cameraCFrame":[765.525,238.422,47.053,-0.007,-0.882,0.471,0,0.471,0.882,-1,0.006,-0.003],"_shiftlockState":false,"_pose":"Running","_animationQueue":[],"_animationSpeed":1.103,"_zoom":16.125},{"_mousePosition":[904,394],"_rootPartCFrame":[757.66,222.7,47.11,-0.007,0,1,0,1,0,-1,0,-0.007],"_humanoidState":8,"_cameraCFrame":[765.258,238.422,47.055,-0.007,-0.882,0.471,0,0.471,0.882,-1,0.006,-0.003],"_shiftlockState":false,"_pose":"Running","_animationQueue":[],"_animationSpeed":1.103,"_zoom":16.125},{"_mousePosition":[904,394],"_rootPartCFrame":[757.393,222.7,47.112,-0.007,0,1,0,1,0,-1,0,-0.007],"_humanoidState":8,"_cameraCFrame":[764.992,238.422,47.057,-0.007,-0.882,0.471,0,0.471,0.882,-1,0.006,-0.003],"_shiftlockState":false,"_pose":"Running","_animationQueue":[],"_animationSpeed":1.103,"_zoom":16.125},{"_mousePosition":[904,394],"_rootPartCFrame":[757.126,222.7,47.114,-0.007,0,1,0,1,0,-1,0,-0.007],"_humanoidState":8,"_cameraCFrame":[764.725,238.422,47.059,-0.007,-0.882,0.471,0,0.471,0.882,-1,0.006,-0.003],"_shiftlockState":false,"_pose":"Running","_animationQueue":[],"_animationSpeed":1.103,"_zoom":16.125},{"_mousePosition":[904,394],"_rootPartCFrame":[756.793,223.77,47.116,-0.007,0,1,0,1,0,-1,0,-0.007],"_humanoidState":3,"_cameraCFrame":[764.392,239.492,47.061,-0.007,-0.882,0.471,0,0.471,0.882,-1,0.006,-0.003],"_shiftlockState":false,"_pose":"Jumping","_animationQueue":[["walk",0.1],["walk",0.1],["jump",0.1]],"_animationSpeed":1,"_zoom":16.125},{"_mousePosition":[904,394],"_rootPartCFrame":[756.593,224.371,47.117,-0.007,0,1,0,1,0,-1,0,-0.007],"_humanoidState":5,"_cameraCFrame":[764.192,240.093,47.063,-0.007,-0.882,0.471,0,0.471,0.882,-1,0.006,-0.003],"_shiftlockState":false,"_pose":"FreeFall","_animationQueue":[["jump",0.1]],"_animationSpeed":1,"_zoom":16.125},{"_mousePosition":[904,394],"_rootPartCFrame":[756.26,225.305,47.12,-0.007,0,1,0,1,0,-1,0,-0.007],"_humanoidState":5,"_cameraCFrame":[763.859,241.027,47.065,-0.007,-0.882,0.471,0,0.471,0.882,-1,0.006,-0.003],"_shiftlockState":false,"_pose":"FreeFall","_animationQueue":[],"_animationSpeed":1,"_zoom":16.125},{"_mousePosition":[904,394],"_rootPartCFrame":[755.993,225.991,47.122,-0.007,0,1,0,1,0,-1,0,-0.007],"_humanoidState":5,"_cameraCFrame":[763.592,241.713,47.067,-0.007,-0.882,0.471,0,0.471,0.882,-1,0.006,-0.003],"_shiftlockState":false,"_pose":"FreeFall","_animationQueue":[],"_animationSpeed":1,"_zoom":16.125},{"_mousePosition":[904,394],"_rootPartCFrame":[755.727,226.622,47.124,-0.007,0,1,0,1,0,-1,0,-0.007],"_humanoidState":5,"_cameraCFrame":[763.325,242.344,47.069,-0.007,-0.882,0.471,0,0.471,0.882,-1,0.006,-0.003],"_shiftlockState":false,"_pose":"FreeFall","_animationQueue":[],"_animationSpeed":1,"_zoom":16.125},{"_mousePosition":[904,394],"_rootPartCFrame":[755.46,227.199,47.126,-0.007,0,1,0,1,0,-1,0,-0.007],"_humanoidState":5,"_cameraCFrame":[763.059,242.921,47.071,-0.007,-0.882,0.471,0,0.471,0.882,-1,0.006,-0.003],"_shiftlockState":false,"_pose":"FreeFall","_animationQueue":[],"_animationSpeed":1,"_zoom":16.125},{"_mousePosition":[904,394],"_rootPartCFrame":[755.194,227.721,47.127,-0.007,0,1,0,1,0,-1,0,-0.007],"_humanoidState":5,"_cameraCFrame":[762.792,243.443,47.073,-0.007,-0.882,0.471,0,0.471,0.882,-1,0.006,-0.003],"_shiftlockState":false,"_pose":"FreeFall","_animationQueue":[],"_animationSpeed":1,"_zoom":16.125},{"_mousePosition":[904,394],"_rootPartCFrame":[754.927,228.189,47.129,-0.007,0,1,0,1,0,-1,0,-0.007],"_humanoidState":5,"_cameraCFrame":[762.526,243.911,47.075,-0.007,-0.882,0.471,0,0.471,0.882,-1,0.006,-0.003],"_shiftlockState":false,"_pose":"FreeFall","_animationQueue":[],"_animationSpeed":1,"_zoom":16.125},{"_mousePosition":[904,394],"_rootPartCFrame":[754.66,228.602,47.131,-0.007,0,1,0,1,0,-1,0,-0.007],"_humanoidState":5,"_cameraCFrame":[762.259,244.324,47.077,-0.007,-0.882,0.471,0,0.471,0.882,-1,0.006,-0.003],"_shiftlockState":false,"_pose":"FreeFall","_animationQueue":[],"_animationSpeed":1,"_zoom":16.125},{"_mousePosition":[904,394],"_rootPartCFrame":[754.394,228.961,47.133,-0.007,0,1,0,1,0,-1,0,-0.007],"_humanoidState":5,"_cameraCFrame":[761.992,244.683,47.079,-0.007,-0.882,0.471,0,0.471,0.882,-1,0.006,-0.003],"_shiftlockState":false,"_pose":"FreeFall","_animationQueue":[],"_animationSpeed":1,"_zoom":16.125},{"_mousePosition":[904,394],"_rootPartCFrame":[754.194,229.194,47.135,-0.007,0,1,0,1,0,-1,0,-0.007],"_humanoidState":5,"_cameraCFrame":[761.792,244.916,47.08,-0.007,-0.882,0.471,0,0.471,0.882,-1,0.006,-0.003],"_shiftlockState":false,"_pose":"FreeFall","_animationQueue":[],"_animationSpeed":1,"_zoom":16.125},{"_mousePosition":[904,394],"_rootPartCFrame":[753.927,229.457,47.136,-0.007,0,1,0,1,0,-1,0,-0.007],"_humanoidState":5,"_cameraCFrame":[761.526,245.18,47.082,-0.007,-0.882,0.471,0,0.471,0.882,-1,0.006,-0.003],"_shiftlockState":false,"_pose":"FreeFall","_animationQueue":[],"_animationSpeed":1,"_zoom":16.125},{"_mousePosition":[904,394],"_rootPartCFrame":[753.594,229.71,47.139,-0.007,0,1,0,1,0,-1,0,-0.007],"_humanoidState":5,"_cameraCFrame":[761.193,245.432,47.084,-0.007,-0.882,0.471,0,0.471,0.882,-1,0.006,-0.003],"_shiftlockState":false,"_pose":"FreeFall","_animationQueue":[],"_animationSpeed":1,"_zoom":16.125},{"_mousePosition":[904,394],"_rootPartCFrame":[753.394,229.821,47.14,-0.007,0,1,0,1,0,-1,0,-0.007],"_humanoidState":5,"_cameraCFrame":[760.993,245.543,47.086,-0.007,-0.882,0.471,0,0.471,0.882,-1,0.006,-0.003],"_shiftlockState":false,"_pose":"FreeFall","_animationQueue":[],"_animationSpeed":1,"_zoom":16.125},{"_mousePosition":[904,394],"_rootPartCFrame":[753.061,229.937,47.143,-0.007,0,1,0,1,0,-1,0,-0.007],"_humanoidState":5,"_cameraCFrame":[760.659,245.659,47.088,-0.007,-0.882,0.471,0,0.471,0.882,-1,0.006,-0.003],"_shiftlockState":false,"_pose":"FreeFall","_animationQueue":[],"_animationSpeed":1,"_zoom":16.125},{"_mousePosition":[904,394],"_rootPartCFrame":[753.063,230.021,47.143,-0.007,0.002,1,0,1,-0.002,-1,0,-0.007],"_humanoidState":12,"_cameraCFrame":[760.664,245.744,47.089,-0.007,-0.882,0.471,0,0.471,0.882,-1,0.006,-0.003],"_shiftlockState":false,"_pose":"Climbing","_animationQueue":[["walk",0.1],["climb",0.1]],"_animationSpeed":0.329,"_zoom":16.125},{"_mousePosition":[904,394],"_rootPartCFrame":[753.156,230.201,47.144,-0.007,0.001,1,0,1,-0.001,-1,0,-0.007],"_humanoidState":12,"_cameraCFrame":[760.756,245.923,47.089,-0.007,-0.882,0.471,0,0.471,0.882,-1,0.006,-0.003],"_shiftlockState":false,"_pose":"Climbing","_animationQueue":[["climb",0.1]],"_animationSpeed":0.691,"_zoom":16.125},{"_mousePosition":[904,394],"_rootPartCFrame":[753.209,230.387,47.144,-0.007,0,1,0,1,0,-1,0,-0.007],"_humanoidState":12,"_cameraCFrame":[760.808,246.11,47.089,-0.007,-0.882,0.471,0,0.471,0.882,-1,0.006,-0.003],"_shiftlockState":false,"_pose":"Climbing","_animationQueue":[["climb",0.1]],"_animationSpeed":0.929,"_zoom":16.125},{"_mousePosition":[904,394],"_rootPartCFrame":[753.224,230.621,47.144,-0.007,0,1,0,1,0,-1,0,-0.007],"_humanoidState":12,"_cameraCFrame":[760.823,246.343,47.089,-0.007,-0.882,0.471,0,0.471,0.882,-1,0.006,-0.003],"_shiftlockState":false,"_pose":"Climbing","_animationQueue":[],"_animationSpeed":0.929,"_zoom":16.125},{"_mousePosition":[904,394],"_rootPartCFrame":[753.225,230.761,47.144,-0.007,0,1,0,1,0,-1,0,-0.007],"_humanoidState":12,"_cameraCFrame":[760.823,246.483,47.089,-0.007,-0.882,0.471,0,0.471,0.882,-1,0.006,-0.003],"_shiftlockState":false,"_pose":"Climbing","_animationQueue":[],"_animationSpeed":0.929,"_zoom":16.125},{"_mousePosition":[904,394],"_rootPartCFrame":[753.225,230.947,47.144,-0.007,0,1,0,1,0,-1,0,-0.007],"_humanoidState":12,"_cameraCFrame":[760.823,246.67,47.089,-0.007,-0.882,0.471,0,0.471,0.882,-1,0.006,-0.003],"_shiftlockState":false,"_pose":"Climbing","_animationQueue":[],"_animationSpeed":0.929,"_zoom":16.125},{"_mousePosition":[904,394],"_rootPartCFrame":[753.225,231.134,47.144,-0.007,0,1,0,1,0,-1,0,-0.007],"_humanoidState":12,"_cameraCFrame":[760.823,246.856,47.089,-0.007,-0.882,0.471,0,0.471,0.882,-1,0.006,-0.003],"_shiftlockState":false,"_pose":"Climbing","_animationQueue":[],"_animationSpeed":0.929,"_zoom":16.125},{"_mousePosition":[904,394],"_rootPartCFrame":[753.225,231.321,47.144,-0.007,0,1,0,1,0,-1,0,-0.007],"_humanoidState":12,"_cameraCFrame":[760.823,247.043,47.089,-0.007,-0.882,0.471,0,0.471,0.882,-1,0.006,-0.003],"_shiftlockState":false,"_pose":"Climbing","_animationQueue":[],"_animationSpeed":0.929,"_zoom":16.125},{"_mousePosition":[904,394],"_rootPartCFrame":[753.225,231.507,47.144,-0.007,0,1,0,1,0,-1,0,-0.007],"_humanoidState":12,"_cameraCFrame":[760.823,247.229,47.089,-0.007,-0.882,0.471,0,0.471,0.882,-1,0.006,-0.003],"_shiftlockState":false,"_pose":"Climbing","_animationQueue":[],"_animationSpeed":0.929,"_zoom":16.125},{"_mousePosition":[904,394],"_rootPartCFrame":[753.225,231.694,47.144,-0.007,0,1,0,1,0,-1,0,-0.007],"_humanoidState":12,"_cameraCFrame":[760.823,247.416,47.089,-0.007,-0.882,0.471,0,0.471,0.882,-1,0.006,-0.003],"_shiftlockState":false,"_pose":"Climbing","_animationQueue":[],"_animationSpeed":0.929,"_zoom":16.125},{"_mousePosition":[904,394],"_rootPartCFrame":[753.225,231.88,47.144,-0.007,0,1,0,1,0,-1,0,-0.007],"_humanoidState":12,"_cameraCFrame":[760.823,247.603,47.089,-0.007,-0.882,0.471,0,0.471,0.882,-1,0.006,-0.003],"_shiftlockState":false,"_pose":"Climbing","_animationQueue":[],"_animationSpeed":0.929,"_zoom":16.125},{"_mousePosition":[904,394],"_rootPartCFrame":[753.225,232.067,47.144,-0.007,0,1,0,1,0,-1,0,-0.007],"_humanoidState":12,"_cameraCFrame":[760.823,247.789,47.089,-0.007,-0.882,0.471,0,0.471,0.882,-1,0.006,-0.003],"_shiftlockState":false,"_pose":"Climbing","_animationQueue":[],"_animationSpeed":0.929,"_zoom":16.125},{"_mousePosition":[904,394],"_rootPartCFrame":[753.2,232.22,47.144,-0.007,0,1,0,1,0,-1,0,-0.007],"_humanoidState":8,"_cameraCFrame":[760.798,247.942,47.089,-0.007,-0.882,0.471,0,0.471,0.882,-1,0.006,-0.003],"_shiftlockState":false,"_pose":"Standing","_animationQueue":[["climb",0.1],["idle",0.1],["idle",0.1]],"_animationSpeed":1,"_zoom":16.125},{"_mousePosition":[904,394],"_rootPartCFrame":[753.135,232.318,47.144,-0.007,0,1,0,1,0,-1,0,-0.007],"_humanoidState":5,"_cameraCFrame":[760.734,248.04,47.09,-0.007,-0.882,0.471,0,0.471,0.882,-1,0.006,-0.003],"_shiftlockState":false,"_pose":"FreeFall","_animationQueue":[["walk",0.1],["fall",0.3]],"_animationSpeed":1,"_zoom":16.125},{"_mousePosition":[904,394],"_rootPartCFrame":[753.031,232.361,47.145,-0.007,0,1,0,1,0,-1,0,-0.007],"_humanoidState":5,"_cameraCFrame":[760.63,248.084,47.091,-0.007,-0.882,0.471,0,0.471,0.882,-1,0.006,-0.003],"_shiftlockState":false,"_pose":"FreeFall","_animationQueue":[],"_animationSpeed":1,"_zoom":16.125},{"_mousePosition":[904,394],"_rootPartCFrame":[752.887,232.351,47.146,-0.007,0,1,0,1,0,-1,0,-0.007],"_humanoidState":5,"_cameraCFrame":[760.486,248.073,47.092,-0.007,-0.882,0.471,0,0.471,0.882,-1,0.006,-0.003],"_shiftlockState":false,"_pose":"FreeFall","_animationQueue":[],"_animationSpeed":1,"_zoom":16.125},{"_mousePosition":[904,394],"_rootPartCFrame":[752.642,232.602,47.148,-0.007,0,1,0,1,0,-1,0,-0.007],"_humanoidState":7,"_cameraCFrame":[760.241,248.325,47.093,-0.007,-0.882,0.471,0,0.471,0.882,-1,0.006,-0.003],"_shiftlockState":false,"_pose":"FreeFall","_animationQueue":[["walk",0.1],["fall",0.3],["fall",0.3]],"_animationSpeed":1,"_zoom":16.125},{"_mousePosition":[904,394],"_rootPartCFrame":[752.376,232.853,47.15,-0.007,0,1,0,1,0,-1,0,-0.007],"_humanoidState":7,"_cameraCFrame":[759.975,248.575,47.095,-0.007,-0.882,0.471,0,0.471,0.882,-1,0.006,-0.003],"_shiftlockState":false,"_pose":"FreeFall","_animationQueue":[["fall",0.3]],"_animationSpeed":1,"_zoom":16.125},{"_mousePosition":[904,394],"_rootPartCFrame":[752.043,233.034,47.152,-0.007,0,1,0,1,0,-1,0,-0.007],"_humanoidState":8,"_cameraCFrame":[759.641,248.756,47.098,-0.007,-0.882,0.471,0,0.471,0.882,-1,0.006,-0.003],"_shiftlockState":false,"_pose":"Running","_animationQueue":[["walk",0.1],["fall",0.3],["walk",0.1]],"_animationSpeed":1.103,"_zoom":16.125},{"_mousePosition":[904,394],"_rootPartCFrame":[751.71,233.124,47.155,-0.007,0,1,0,1,0,-1,0,-0.007],"_humanoidState":8,"_cameraCFrame":[759.308,248.846,47.1,-0.007,-0.882,0.471,0,0.471,0.882,-1,0.006,-0.003],"_shiftlockState":false,"_pose":"Running","_animationQueue":[],"_animationSpeed":1.103,"_zoom":16.125},{"_mousePosition":[904,394],"_rootPartCFrame":[751.443,233.158,47.156,-0.007,0,1,0,1,0,-1,0,-0.007],"_humanoidState":8,"_cameraCFrame":[759.042,248.881,47.102,-0.007,-0.882,0.471,0,0.471,0.882,-1,0.006,-0.003],"_shiftlockState":false,"_pose":"Running","_animationQueue":[],"_animationSpeed":1.103,"_zoom":16.125},{"_mousePosition":[904,394],"_rootPartCFrame":[751.176,233.177,47.158,-0.007,0,1,0,1,0,-1,0,-0.007],"_humanoidState":8,"_cameraCFrame":[758.747,248.914,47.104,-0.007,-0.883,0.47,0,0.47,0.883,-1,0.006,-0.003],"_shiftlockState":false,"_pose":"Running","_animationQueue":[],"_animationSpeed":1.103,"_zoom":16.125},{"_mousePosition":[904,394],"_rootPartCFrame":[750.91,233.187,47.16,-0.007,0,1,0,1,0,-1,0,-0.007],"_humanoidState":8,"_cameraCFrame":[758.481,248.925,47.106,-0.007,-0.883,0.47,0,0.47,0.883,-1,0.006,-0.003],"_shiftlockState":false,"_pose":"Running","_animationQueue":[],"_animationSpeed":1.103,"_zoom":16.125},{"_mousePosition":[904,394],"_rootPartCFrame":[750.71,233.192,47.162,-0.007,0,1,0,1,0,-1,0,-0.007],"_humanoidState":8,"_cameraCFrame":[758.281,248.929,47.107,-0.007,-0.883,0.47,0,0.47,0.883,-1,0.006,-0.003],"_shiftlockState":false,"_pose":"Running","_animationQueue":[],"_animationSpeed":1.103,"_zoom":16.125},{"_mousePosition":[904,394],"_rootPartCFrame":[750.377,233.196,47.164,-0.007,0,1,0,1,0,-1,0,-0.007],"_humanoidState":8,"_cameraCFrame":[757.948,248.933,47.11,-0.007,-0.883,0.47,0,0.47,0.883,-1,0.006,-0.003],"_shiftlockState":false,"_pose":"Running","_animationQueue":[["walk",0.1]],"_animationSpeed":1.103,"_zoom":16.125},{"_mousePosition":[904,394],"_rootPartCFrame":[750.043,233.198,47.166,-0.007,0,1,0,1,0,-1,0,-0.007],"_humanoidState":8,"_cameraCFrame":[757.614,248.935,47.112,-0.007,-0.883,0.47,0,0.47,0.883,-1,0.006,-0.003],"_shiftlockState":false,"_pose":"Running","_animationQueue":[],"_animationSpeed":1.103,"_zoom":16.125},{"_mousePosition":[904,394],"_rootPartCFrame":[749.843,233.199,47.168,-0.007,0,1,0,1,0,-1,0,-0.007],"_humanoidState":8,"_cameraCFrame":[757.414,248.936,47.114,-0.007,-0.883,0.47,0,0.47,0.883,-1,0.006,-0.003],"_shiftlockState":false,"_pose":"Running","_animationQueue":[],"_animationSpeed":1.103,"_zoom":16.125},{"_mousePosition":[904,394],"_rootPartCFrame":[749.577,233.199,47.17,-0.007,0,1,0,1,0,-1,0,-0.007],"_humanoidState":8,"_cameraCFrame":[757.148,248.936,47.115,-0.007,-0.883,0.47,0,0.47,0.883,-1,0.006,-0.003],"_shiftlockState":false,"_pose":"Running","_animationQueue":[],"_animationSpeed":1.103,"_zoom":16.125},{"_mousePosition":[904,394],"_rootPartCFrame":[749.31,233.199,47.172,-0.007,0,1,0,1,0,-1,0,-0.007],"_humanoidState":8,"_cameraCFrame":[756.881,248.936,47.117,-0.007,-0.883,0.47,0,0.47,0.883,-1,0.006,-0.003],"_shiftlockState":false,"_pose":"Running","_animationQueue":[],"_animationSpeed":1.103,"_zoom":16.125},{"_mousePosition":[904,394],"_rootPartCFrame":[749.044,233.199,47.174,-0.007,0,1,0,1,0,-1,0,-0.007],"_humanoidState":8,"_cameraCFrame":[756.615,248.937,47.119,-0.007,-0.883,0.47,0,0.47,0.883,-1,0.006,-0.003],"_shiftlockState":false,"_pose":"Running","_animationQueue":[],"_animationSpeed":1.103,"_zoom":16.125},{"_mousePosition":[904,394],"_rootPartCFrame":[748.777,233.2,47.176,-0.007,0,1,0,1,0,-1,0,-0.007],"_humanoidState":8,"_cameraCFrame":[756.348,248.937,47.121,-0.007,-0.883,0.47,0,0.47,0.883,-1,0.006,-0.003],"_shiftlockState":false,"_pose":"Running","_animationQueue":[["walk",0.1]],"_animationSpeed":1.103,"_zoom":16.125},{"_mousePosition":[904,394],"_rootPartCFrame":[748.444,234.27,47.178,-0.007,0,1,0,1,0,-1,0,-0.007],"_humanoidState":3,"_cameraCFrame":[756.015,250.007,47.124,-0.007,-0.883,0.47,0,0.47,0.883,-1,0.006,-0.003],"_shiftlockState":false,"_pose":"Jumping","_animationQueue":[["walk",0.1],["jump",0.1]],"_animationSpeed":1,"_zoom":16.125},{"_mousePosition":[904,394],"_rootPartCFrame":[748.177,235.064,47.18,-0.007,0,1,0,1,0,-1,0,-0.007],"_humanoidState":5,"_cameraCFrame":[755.748,250.802,47.125,-0.007,-0.883,0.47,0,0.47,0.883,-1,0.006,-0.003],"_shiftlockState":false,"_pose":"FreeFall","_animationQueue":[["jump",0.1]],"_animationSpeed":1,"_zoom":16.125},{"_mousePosition":[904,394],"_rootPartCFrame":[748.044,235.441,47.181,-0.007,0,1,0,1,0,-1,0,-0.007],"_humanoidState":5,"_cameraCFrame":[755.615,251.178,47.126,-0.007,-0.883,0.47,0,0.47,0.883,-1,0.006,-0.003],"_shiftlockState":false,"_pose":"FreeFall","_animationQueue":[],"_animationSpeed":1,"_zoom":16.125},{"_mousePosition":[904,394],"_rootPartCFrame":[747.777,236.154,47.183,-0.007,0,1,0,1,0,-1,0,-0.007],"_humanoidState":5,"_cameraCFrame":[755.348,251.892,47.128,-0.007,-0.883,0.47,0,0.47,0.883,-1,0.006,-0.003],"_shiftlockState":false,"_pose":"FreeFall","_animationQueue":[],"_animationSpeed":1,"_zoom":16.125},{"_mousePosition":[904,394],"_rootPartCFrame":[747.444,236.969,47.185,-0.007,0,1,0,1,0,-1,0,-0.007],"_humanoidState":5,"_cameraCFrame":[755.015,252.706,47.131,-0.007,-0.883,0.47,0,0.47,0.883,-1,0.006,-0.003],"_shiftlockState":false,"_pose":"FreeFall","_animationQueue":[],"_animationSpeed":1,"_zoom":16.125},{"_mousePosition":[904,394],"_rootPartCFrame":[747.177,237.559,47.187,-0.007,0,1,0,1,0,-1,0,-0.007],"_humanoidState":5,"_cameraCFrame":[754.748,253.297,47.133,-0.007,-0.883,0.47,0,0.47,0.883,-1,0.006,-0.003],"_shiftlockState":false,"_pose":"FreeFall","_animationQueue":[],"_animationSpeed":1,"_zoom":16.125},{"_mousePosition":[904,394],"_rootPartCFrame":[746.911,238.095,47.189,-0.007,0,1,0,1,0,-1,0,-0.007],"_humanoidState":5,"_cameraCFrame":[754.482,253.832,47.135,-0.007,-0.883,0.47,0,0.47,0.883,-1,0.006,-0.003],"_shiftlockState":false,"_pose":"FreeFall","_animationQueue":[],"_animationSpeed":1,"_zoom":16.125},{"_mousePosition":[904,394],"_rootPartCFrame":[746.444,238.902,47.192,-0.007,0,1,0,1,0,-1,0,-0.007],"_humanoidState":5,"_cameraCFrame":[754.015,254.639,47.138,-0.007,-0.883,0.47,0,0.47,0.883,-1,0.006,-0.003],"_shiftlockState":false,"_pose":"FreeFall","_animationQueue":[],"_animationSpeed":1,"_zoom":16.125},{"_mousePosition":[904,394],"_rootPartCFrame":[746.311,239.102,47.193,-0.007,0,1,0,1,0,-1,0,-0.007],"_humanoidState":5,"_cameraCFrame":[753.882,254.839,47.139,-0.007,-0.883,0.47,0,0.47,0.883,-1,0.006,-0.003],"_shiftlockState":false,"_pose":"FreeFall","_animationQueue":[],"_animationSpeed":1,"_zoom":16.125},{"_mousePosition":[904,394],"_rootPartCFrame":[745.911,239.62,47.196,-0.007,0,1,0,1,0,-1,0,-0.007],"_humanoidState":5,"_cameraCFrame":[753.482,255.357,47.142,-0.007,-0.883,0.47,0,0.47,0.883,-1,0.006,-0.003],"_shi