[{"_mousePosition":[849,397],"_rootPartCFrame":[776.028,222.7,47.142,0,0,1,0,1,0,-1,0,0],"_humanoidState":8,"_cameraCFrame":[784.963,237.598,46.329,-0.091,-0.827,0.554,0,0.556,0.831,-0.996,0.075,-0.05],"_shiftlockState":false,"_pose":"Standing","_animationQueue":[],"_animationSpeed":1,"_zoom":16.125},{"_mousePosition":[849,397],"_rootPartCFrame":[775.782,222.7,47.165,-0.013,0,1,0,1,0,-1,0,-0.013],"_humanoidState":8,"_cameraCFrame":[784.693,237.616,46.377,-0.088,-0.829,0.553,0,0.555,0.832,-0.996,0.073,-0.049],"_shiftlockState":false,"_pose":"Standing","_animationQueue":[],"_animationSpeed":1,"_zoom":16.125},{"_mousePosition":[849,397],"_rootPartCFrame":[775.517,222.7,47.189,-0.023,0,1,0,1,0,-1,0,-0.023],"_humanoidState":8,"_cameraCFrame":[784.428,237.616,46.401,-0.088,-0.829,0.553,0,0.555,0.832,-0.996,0.073,-0.049],"_shiftlockState":false,"_pose":"Running","_animationQueue":[["walk",0.1]],"_animationSpeed":1.066,"_zoom":16.125},{"_mousePosition":[849,397],"_rootPartCFrame":[775.252,222.7,47.212,-0.032,0,0.999,0,1,0,-0.999,0,-0.032],"_humanoidState":8,"_cameraCFrame":[784.137,237.633,46.427,-0.088,-0.83,0.551,0,0.553,0.833,-0.996,0.073,-0.049],"_shiftlockState":false,"_pose":"Running","_animationQueue":[],"_animationSpeed":1.066,"_zoom":16.125},{"_mousePosition":[849,397],"_rootPartCFrame":[774.986,222.7,47.236,-0.04,0,0.999,0,1,0,-0.999,0,-0.04],"_humanoidState":8,"_cameraCFrame":[783.823,237.668,46.499,-0.083,-0.832,0.548,0,0.55,0.835,-0.997,0.069,-0.046],"_shiftlockState":false,"_pose":"Running","_animationQueue":[],"_animationSpeed":1.066,"_zoom":16.125},{"_mousePosition":[849,397],"_rootPartCFrame":[774.72,222.7,47.259,-0.046,0,0.999,0,1,0,-0.999,0,-0.046],"_humanoidState":8,"_cameraCFrame":[783.505,237.702,46.527,-0.083,-0.834,0.545,0,0.547,0.837,-0.997,0.07,-0.045],"_shiftlockState":false,"_pose":"Running","_animationQueue":[],"_animationSpeed":1.066,"_zoom":16.125},{"_mousePosition":[849,397],"_rootPartCFrame":[774.455,222.7,47.282,-0.051,0,0.999,0,1,0,-0.999,0,-0.051],"_humanoidState":8,"_cameraCFrame":[783.19,237.736,46.598,-0.078,-0.837,0.542,0,0.543,0.839,-0.997,0.065,-0.042],"_shiftlockState":false,"_pose":"Running","_animationQueue":[["walk",0.1]],"_animationSpeed":1.066,"_zoom":16.125},{"_mousePosition":[849,397],"_rootPartCFrame":[774.189,222.7,47.304,-0.056,0,0.998,0,1,0,-0.998,0,-0.056],"_humanoidState":8,"_cameraCFrame":[782.873,237.77,46.646,-0.075,-0.839,0.539,0,0.54,0.842,-0.997,0.064,-0.041],"_shiftlockState":false,"_pose":"Running","_animationQueue":[],"_animationSpeed":1.066,"_zoom":16.125},{"_mousePosition":[849,397],"_rootPartCFrame":[773.923,222.7,47.325,-0.059,0,0.998,0,1,0,-0.998,0,-0.059],"_humanoidState":8,"_cameraCFrame":[782.556,237.804,46.693,-0.073,-0.841,0.535,0,0.537,0.844,-0.997,0.062,-0.039],"_shiftlockState":false,"_pose":"Running","_animationQueue":[],"_animationSpeed":1.066,"_zoom":16.125},{"_mousePosition":[849,397],"_rootPartCFrame":[773.657,222.7,47.345,-0.061,0,0.998,0,1,0,-0.998,0,-0.061],"_humanoidState":8,"_cameraCFrame":[782.213,237.855,46.741,-0.07,-0.845,0.531,0,0.532,0.847,-0.998,0.06,-0.037],"_shiftlockState":false,"_pose":"Running","_animationQueue":[],"_animationSpeed":1.066,"_zoom":16.125},{"_mousePosition":[849,397],"_rootPartCFrame":[773.391,222.7,47.364,-0.063,0,0.998,0,1,0,-0.998,0,-0.063],"_humanoidState":8,"_cameraCFrame":[781.92,237.871,46.762,-0.07,-0.846,0.529,0,0.53,0.848,-0.998,0.06,-0.037],"_shiftlockState":false,"_pose":"Running","_animationQueue":[],"_animationSpeed":1.066,"_zoom":16.125},{"_mousePosition":[849,397],"_rootPartCFrame":[773.125,222.7,47.383,-0.064,0,0.998,0,1,0,-0.998,0,-0.064],"_humanoidState":8,"_cameraCFrame":[781.577,237.921,46.829,-0.065,-0.849,0.524,0,0.525,0.851,-0.998,0.056,-0.034],"_shiftlockState":false,"_pose":"Running","_animationQueue":[],"_animationSpeed":1.066,"_zoom":16.125},{"_mousePosition":[849,397],"_rootPartCFrame":[772.859,222.7,47.402,-0.065,0,0.998,0,1,0,-0.998,0,-0.065],"_humanoidState":8,"_cameraCFrame":[781.231,237.97,46.853,-0.065,-0.852,0.519,0,0.52,0.854,-0.998,0.056,-0.034],"_shiftlockState":false,"_pose":"Running","_animationQueue":[["walk",0.1]],"_animationSpeed":1.066,"_zoom":16.125},{"_mousePosition":[849,397],"_rootPartCFrame":[772.593,222.7,47.42,-0.065,0,0.998,0,1,0,-0.998,0,-0.065],"_humanoidState":8,"_cameraCFrame":[780.886,238.019,46.897,-0.063,-0.855,0.514,0,0.515,0.857,-0.998,0.054,-0.032],"_shiftlockState":false,"_pose":"Running","_animationQueue":[],"_animationSpeed":1.066,"_zoom":16.125},{"_mousePosition":[849,397],"_rootPartCFrame":[772.327,222.7,47.437,-0.065,0,0.998,0,1,0,-0.998,0,-0.065],"_humanoidState":8,"_cameraCFrame":[780.54,238.067,46.941,-0.06,-0.858,0.509,0,0.51,0.86,-0.998,0.052,-0.031],"_shiftlockState":false,"_pose":"Running","_animationQueue":[],"_animationSpeed":1.066,"_zoom":16.125},{"_mousePosition":[849,397],"_rootPartCFrame":[772.061,222.7,47.454,-0.065,0,0.998,0,1,0,-0.998,0,-0.065],"_humanoidState":8,"_cameraCFrame":[780.22,238.099,46.961,-0.06,-0.86,0.506,0,0.507,0.862,-0.998,0.052,-0.031],"_shiftlockState":false,"_pose":"Running","_animationQueue":[],"_animationSpeed":1.066,"_zoom":16.125},{"_mousePosition":[849,397],"_rootPartCFrame":[771.795,222.7,47.47,-0.064,0,0.998,0,1,0,-0.998,0,-0.064],"_humanoidState":8,"_cameraCFrame":[779.874,238.147,47.002,-0.058,-0.864,0.501,0,0.502,0.865,-0.998,0.05,-0.029],"_shiftlockState":false,"_pose":"Running","_animationQueue":[],"_animationSpeed":1.066,"_zoom":16.125},{"_mousePosition":[849,397],"_rootPartCFrame":[771.528,222.7,47.486,-0.064,0,0.998,0,1,0,-0.998,0,-0.064],"_humanoidState":8,"_cameraCFrame":[779.553,238.178,47.021,-0.058,-0.865,0.498,0,0.498,0.867,-0.998,0.05,-0.029],"_shiftlockState":false,"_pose":"Running","_animationQueue":[],"_animationSpeed":1.066,"_zoom":16.125},{"_mousePosition":[849,397],"_rootPartCFrame":[771.262,222.7,47.501,-0.063,0,0.998,0,1,0,-0.998,0,-0.063],"_humanoidState":8,"_cameraCFrame":[779.26,238.194,47.038,-0.058,-0.866,0.496,0,0.497,0.868,-0.998,0.05,-0.029],"_shiftlockState":false,"_pose":"Running","_animationQueue":[],"_animationSpeed":1.066,"_zoom":16.125},{"_mousePosition":[849,397],"_rootPartCFrame":[770.996,222.7,47.517,-0.062,0,0.998,0,1,0,-0.998,0,-0.062],"_humanoidState":8,"_cameraCFrame":[778.939,238.225,47.057,-0.058,-0.868,0.493,0,0.493,0.87,-0.998,0.05,-0.029],"_shiftlockState":false,"_pose":"Running","_animationQueue":[["walk",0.1]],"_animationSpeed":1.066,"_zoom":16.125},{"_mousePosition":[849,397],"_rootPartCFrame":[770.73,222.7,47.532,-0.062,0,0.998,0,1,0,-0.998,0,-0.062],"_humanoidState":8,"_cameraCFrame":[778.645,238.241,47.074,-0.058,-0.869,0.491,0,0.492,0.871,-0.998,0.05,-0.028],"_shiftlockState":false,"_pose":"Running","_animationQueue":[],"_animationSpeed":1.066,"_zoom":16.125},{"_mousePosition":[849,397],"_rootPartCFrame":[770.463,222.7,47.548,-0.061,0,0.998,0,1,0,-0.998,0,-0.061],"_humanoidState":8,"_cameraCFrame":[778.379,238.241,47.089,-0.058,-0.869,0.491,0,0.492,0.871,-0.998,0.05,-0.028],"_shiftlockState":false,"_pose":"Running","_animationQueue":[],"_animationSpeed":1.066,"_zoom":16.125},{"_mousePosition":[849,397],"_rootPartCFrame":[770.197,222.666,47.563,-0.061,0,0.998,0,1,0,-0.998,0,-0.061],"_humanoidState":8,"_cameraCFrame":[778.113,238.207,47.105,-0.058,-0.869,0.491,0,0.492,0.871,-0.998,0.05,-0.028],"_shiftlockState":false,"_pose":"Running","_animationQueue":[],"_animationSpeed":1.066,"_zoom":16.125},{"_mousePosition":[849,397],"_rootPartCFrame":[769.998,223.318,47.575,-0.06,0,0.998,0,1,0,-0.998,0,-0.06],"_humanoidState":3,"_cameraCFrame":[777.913,238.859,47.116,-0.058,-0.869,0.491,0,0.492,0.871,-0.998,0.05,-0.028],"_shiftlockState":false,"_pose":"Jumping","_animationQueue":[["walk",0.1],["jump",0.1]],"_animationSpeed":1,"_zoom":16.125},{"_mousePosition":[849,397],"_rootPartCFrame":[769.732,224.14,47.59,-0.06,0,0.998,0,1,0,-0.998,0,-0.06],"_humanoidState":5,"_cameraCFrame":[777.647,239.681,47.132,-0.058,-0.869,0.491,0,0.492,0.871,-0.998,0.05,-0.028],"_shiftlockState":false,"_pose":"FreeFall","_animationQueue":[["jump",0.1]],"_animationSpeed":1,"_zoom":16.125},{"_mousePosition":[849,397],"_rootPartCFrame":[769.466,224.907,47.606,-0.06,0,0.998,0,1,0,-0.998,0,-0.06],"_humanoidState":5,"_cameraCFrame":[777.354,240.464,47.149,-0.058,-0.87,0.489,0,0.49,0.872,-0.998,0.05,-0.028],"_shiftlockState":false,"_pose":"FreeFall","_animationQueue":[],"_animationSpeed":1,"_zoom":16.125},{"_mousePosition":[849,397],"_rootPartCFrame":[769.199,225.62,47.621,-0.059,0,0.998,0,1,0,-0.998,0,-0.059],"_humanoidState":5,"_cameraCFrame":[777.06,241.192,47.166,-0.058,-0.871,0.488,0,0.488,0.873,-0.998,0.05,-0.028],"_shiftlockState":false,"_pose":"FreeFall","_animationQueue":[],"_animationSpeed":1,"_zoom":16.125},{"_mousePosition":[849,397],"_rootPartCFrame":[768.933,226.279,47.636,-0.059,0,0.998,0,1,0,-0.998,0,-0.059],"_humanoidState":5,"_cameraCFrame":[776.767,241.866,47.183,-0.058,-0.872,0.486,0,0.487,0.874,-0.998,0.051,-0.028],"_shiftlockState":false,"_pose":"FreeFall","_animationQueue":[],"_animationSpeed":1,"_zoom":16.125},{"_mousePosition":[849,397],"_rootPartCFrame":[768.667,226.883,47.652,-0.059,0,0.998,0,1,0,-0.998,0,-0.059],"_humanoidState":5,"_cameraCFrame":[776.446,242.501,47.201,-0.058,-0.874,0.482,0,0.483,0.876,-0.998,0.051,-0.028],"_shiftlockState":false,"_pose":"FreeFall","_animationQueue":[],"_animationSpeed":1,"_zoom":16.125},{"_mousePosition":[849,397],"_rootPartCFrame":[768.401,227.432,47.667,-0.059,0,0.998,0,1,0,-0.998,0,-0.059],"_humanoidState":5,"_cameraCFrame":[776.152,243.065,47.218,-0.058,-0.875,0.481,0,0.482,0.876,-0.998,0.051,-0.028],"_shiftlockState":false,"_pose":"FreeFall","_animationQueue":[],"_animationSpeed":1,"_zoom":16.125},{"_mousePosition":[849,397],"_rootPartCFrame":[768.068,228.043,47.686,-0.059,0,0.998,0,1,0,-0.998,0,-0.059],"_humanoidState":5,"_cameraCFrame":[775.792,243.691,47.239,-0.058,-0.876,0.479,0,0.48,0.877,-0.998,0.051,-0.028],"_shiftlockState":false,"_pose":"FreeFall","_animationQueue":[],"_animationSpeed":1,"_zoom":16.125},{"_mousePosition":[849,397],"_rootPartCFrame":[767.802,228.47,47.702,-0.058,0,0.998,0,1,0,-0.998,0,-0.058],"_humanoidState":5,"_cameraCFrame":[775.526,244.117,47.255,-0.058,-0.876,0.479,0,0.48,0.877,-0.998,0.051,-0.028],"_shiftlockState":false,"_pose":"FreeFall","_animationQueue":[],"_animationSpeed":1,"_zoom":16.125},{"_mousePosition":[849,397],"_rootPartCFrame":[767.603,228.754,47.713,-0.058,0,0.998,0,1,0,-0.998,0,-0.058],"_humanoidState":5,"_cameraCFrame":[775.326,244.402,47.266,-0.058,-0.876,0.479,0,0.48,0.877,-0.998,0.051,-0.028],"_shiftlockState":false,"_pose":"FreeFall","_animationQueue":[],"_animationSpeed":1,"_zoom":16.125},{"_mousePosition":[849,397],"_rootPartCFrame":[767.27,229.16,47.733,-0.058,0,0.998,0,1,0,-0.998,0,-0.058],"_humanoidState":5,"_cameraCFrame":[774.994,244.808,47.285,-0.058,-0.876,0.479,0,0.48,0.877,-0.998,0.051,-0.028],"_shiftlockState":false,"_pose":"FreeFall","_animationQueue":[],"_animationSpeed":1,"_zoom":16.125},{"_mousePosition":[849,397],"_rootPartCFrame":[767.07,229.363,47.744,-0.058,0,0.998,0,1,0,-0.998,0,-0.058],"_humanoidState":5,"_cameraCFrame":[774.794,245.01,47.297,-0.058,-0.876,0.479,0,0.48,0.877,-0.998,0.051,-0.028],"_shiftlockState":false,"_pose":"FreeFall","_animationQueue":[],"_animationSpeed":1,"_zoom":16.125},{"_mousePosition":[849,397],"_rootPartCFrame":[766.804,229.585,47.76,-0.058,0,0.998,0,1,0,-0.998,0,-0.058],"_humanoidState":5,"_cameraCFrame":[774.501,245.248,47.314,-0.058,-0.877,0.477,0,0.478,0.878,-0.998,0.051,-0.028],"_shiftlockState":false,"_pose":"FreeFall","_animationQueue":[],"_animationSpeed":1,"_zoom":16.125},{"_mousePosition":[849,397],"_rootPartCFrame":[766.538,229.753,47.775,-0.058,0,0.998,0,1,0,-0.998,0,-0.058],"_humanoidState":5,"_cameraCFrame":[774.207,245.431,47.331,-0.058,-0.878,0.476,0,0.476,0.879,-0.998,0.051,-0.028],"_shiftlockState":false,"_pose":"FreeFall","_animationQueue":[],"_animationSpeed":1,"_zoom":16.125},{"_mousePosition":[849,397],"_rootPartCFrame":[766.206,229.887,47.794,-0.058,0,0.998,0,1,0,-0.998,0,-0.058],"_humanoidState":5,"_cameraCFrame":[773.874,245.564,47.35,-0.058,-0.878,0.476,0,0.476,0.879,-0.998,0.051,-0.028],"_shiftlockState":false,"_pose":"FreeFall","_animationQueue":[],"_animationSpeed":1,"_zoom":16.125},{"_mousePosition":[849,397],"_rootPartCFrame":[766.006,229.926,47.806,-0.058,0,0.998,0,1,0,-0.998,0,-0.058],"_humanoidState":5,"_cameraCFrame":[773.675,245.604,47.362,-0.058,-0.878,0.476,0,0.476,0.879,-0.998,0.051,-0.028],"_shiftlockState":false,"_pose":"FreeFall","_animationQueue":[],"_animationSpeed":1,"_zoom":16.125},{"_mousePosition":[849,397],"_rootPartCFrame":[765.74,229.93,47.821,-0.058,0,0.998,0,1,0,-0.998,0,-0.058],"_humanoidState":5,"_cameraCFrame":[773.409,245.608,47.377,-0.058,-0.878,0.476,0,0.476,0.879,-0.998,0.051,-0.028],"_shiftlockState":false,"_pose":"FreeFall","_animationQueue":[],"_animationSpeed":1,"_zoom":16.125},{"_mousePosition":[849,397],"_rootPartCFrame":[765.407,229.859,47.841,-0.058,0,0.998,0,1,0,-0.998,0,-0.058],"_humanoidState":5,"_cameraCFrame":[773.076,245.537,47.396,-0.058,-0.878,0.476,0,0.476,0.879,-0.998,0.051,-0.028],"_shiftlockState":false,"_pose":"FreeFall","_animationQueue":[["fall",0.3]],"_animationSpeed":1,"_zoom":16.125},{"_mousePosition":[849,397],"_rootPartCFrame":[765.208,229.776,47.852,-0.058,0,0.998,0,1,0,-0.998,0,-0.058],"_humanoidState":5,"_cameraCFrame":[772.876,245.454,47.408,-0.058,-0.878,0.476,0,0.476,0.879,-0.998,0.051,-0.028],"_shiftlockState":false,"_pose":"FreeFall","_animationQueue":[],"_animationSpeed":1,"_zoom":16.125},{"_mousePosition":[849,397],"_rootPartCFrame":[764.942,229.617,47.868,-0.058,0,0.998,0,1,0,-0.998,0,-0.058],"_humanoidState":5,"_cameraCFrame":[772.61,245.295,47.423,-0.058,-0.878,0.476,0,0.476,0.879,-0.998,0.051,-0.028],"_shiftlockState":false,"_pose":"FreeFall","_animationQueue":[],"_animationSpeed":1,"_zoom":16.125},{"_mousePosition":[849,397],"_rootPartCFrame":[764.675,229.403,47.883,-0.058,0,0.998,0,1,0,-0.998,0,-0.058],"_humanoidState":5,"_cameraCFrame":[772.344,245.081,47.439,-0.058,-0.878,0.476,0,0.476,0.879,-0.998,0.051,-0.028],"_shiftlockState":false,"_pose":"FreeFall","_animationQueue":[],"_animationSpeed":1,"_zoom":16.125},{"_mousePosition":[849,397],"_rootPartCFrame":[764.343,229.06,47.902,-0.058,0,0.998,0,1,0,-0.998,0,-0.058],"_humanoidState":5,"_cameraCFrame":[772.011,244.738,47.458,-0.058,-0.878,0.476,0,0.476,0.879,-0.998,0.051,-0.028],"_shiftlockState":false,"_pose":"FreeFall","_animationQueue":[],"_animationSpeed":1,"_zoom":16.125},{"_mousePosition":[849,397],"_rootPartCFrame":[764.143,228.813,47.914,-0.058,0,0.998,0,1,0,-0.998,0,-0.058],"_humanoidState":5,"_cameraCFrame":[771.784,244.506,47.471,-0.058,-0.879,0.474,0,0.475,0.88,-0.998,0.051,-0.027],"_shiftlockState":false,"_pose":"FreeFall","_animationQueue":[],"_animationSpeed":1,"_zoom":16.125},{"_mousePosition":[849,397],"_rootPartCFrame":[763.877,228.436,47.929,-0.058,0,0.998,0,1,0,-0.998,0,-0.058],"_humanoidState":5,"_cameraCFrame":[771.493,244.144,47.527,-0.053,-0.88,0.472,0,0.473,0.881,-0.999,0.046,-0.025],"_shiftlockState":false,"_pose":"FreeFall","_animationQueue":[],"_animationSpeed":1,"_zoom":16.125},{"_mousePosition":[849,397],"_rootPartCFrame":[763.544,227.888,47.948,-0.058,0,0.998,0,1,0,-0.998,0,-0.058],"_humanoidState":5,"_cameraCFrame":[771.135,243.61,47.605,-0.045,-0.881,0.471,0,0.471,0.882,-0.999,0.04,-0.021],"_shiftlockState":false,"_pose":"FreeFall","_animationQueue":[["fall",0.3]],"_animationSpeed":1,"_zoom":16.125},{"_mousePosition":[849,397],"_rootPartCFrame":[763.278,227.388,47.963,-0.057,0,0.998,0,1,0,-0.998,0,-0.057],"_humanoidState":5,"_cameraCFrame":[770.816,243.14,47.698,-0.035,-0.883,0.467,0,0.468,0.884,-0.999,0.031,-0.016],"_shiftlockState":false,"_pose":"FreeFall","_animationQueue":[],"_animationSpeed":1,"_zoom":16.125},{"_mousePosition":[849,397],"_rootPartCFrame":[763.012,226.834,47.975,-0.056,0,0.998,0,1,0,-0.998,0,-0.056],"_humanoidState":5,"_cameraCFrame":[770.525,242.601,47.826,-0.02,-0.885,0.466,0,0.466,0.885,-1,0.018,-0.009],"_shiftlockState":false,"_pose":"FreeFall","_animationQueue":[],"_animationSpeed":1,"_zoom":16.125},{"_mousePosition":[849,397],"_rootPartCFrame":[762.745,226.226,47.985,-0.054,0,0.999,0,1,0,-0.999,0,-0.054],"_humanoidState":5,"_cameraCFrame":[770.205,242.022,47.988,0,-0.887,0.463,0,0.463,0.887,-1,0,0],"_shiftlockState":false,"_pose":"FreeFall","_animationQueue":[],"_animationSpeed":1,"_zoom":16.125},{"_mousePosition":[849,397],"_rootPartCFrame":[762.479,225.563,47.991,-0.05,0,0.999,0,1,0,-0.999,0,-0.05],"_humanoidState":5,"_cameraCFrame":[769.907,241.373,48.2,0.028,-0.887,0.461,0,0.461,0.887,-1,-0.025,0.013],"_shiftlockState":false,"_pose":"FreeFall","_animationQueue":[],"_animationSpeed":1,"_zoom":16.125},{"_mousePosition":[849,397],"_rootPartCFrame":[762.212,224.845,47.991,-0.044,0,0.999,0,1,0,-0.999,0,-0.044],"_humanoidState":5,"_cameraCFrame":[769.575,240.684,48.423,0.059,-0.888,0.457,0,0.457,0.889,-0.998,-0.052,0.027],"_shiftlockState":false,"_pose":"FreeFall","_animationQueue":[],"_animationSpeed":1,"_zoom":16.125},{"_mousePosition":[849,397],"_rootPartCFrame":[761.945,224.073,47.985,-0.035,0,0.999,0,1,0,-0.999,0,-0.035],"_humanoidState":5,"_cameraCFrame":[769.292,239.912,48.64,0.089,-0.886,0.456,0,0.457,0.889,-0.996,-0.079,0.041],"_shiftlockState":false,"_pose":"FreeFall","_animationQueue":[["fall",0.3]],"_animationSpeed":1,"_zoom":16.125},{"_mousePosition":[849,397],"_rootPartCFrame":[761.679,223.246,47.971,-0.024,0,1,0,1,0,-1,0,-0.024],"_humanoidState":5,"_cameraCFrame":[769.003,239.085,48.849,0.119,-0.883,0.454,0,0.457,0.889,-0.993,-0.106,0.054],"_shiftlockState":false,"_pose":"FreeFall","_animationQueue":[],"_animationSpeed":1,"_zoom":16.125},{"_mousePosition":[849,397],"_rootPartCFrame":[761.414,223.122,47.948,-0.01,0,1,0,1,0,-1,0,-0.01],"_humanoidState":7,"_cameraCFrame":[768.71,238.961,49.03,0.147,-0.88,0.452,0,0.457,0.889,-0.989,-0.13,0.067],"_shiftlockState":false,"_pose":"FreeFall","_animationQueue":[["walk",0.1],["fall",0.3],["fall",0.3]],"_animationSpeed":1,"_zoom":16.125},{"_mousePosition":[849,397],"_rootPartCFrame":[761.149,223.119,47.918,0.007,0,1,0,1,0,-1,0,0.007],"_humanoidState":7,"_cameraCFrame":[768.391,238.973,49.16,0.169,-0.877,0.449,0,0.456,0.89,-0.986,-0.151,0.077],"_shiftlockState":false,"_pose":"FreeFall","_animationQueue":[],"_animationSpeed":1,"_zoom":16.125},{"_mousePosition":[849,397],"_rootPartCFrame":[760.951,223.119,47.889,0.02,0,1,0,1,0,-1,0,0.02],"_humanoidState":7,"_cameraCFrame":[768.176,238.973,49.223,0.182,-0.875,0.448,0,0.456,0.89,-0.983,-0.162,0.083],"_shiftlockState":false,"_pose":"FreeFall","_animationQueue":[],"_animationSpeed":1,"_zoom":16.125},{"_mousePosition":[849,397],"_rootPartCFrame":[760.622,222.993,47.834,0.045,0,0.999,0,1,0,-0.999,0,0.045],"_humanoidState":8,"_cameraCFrame":[767.834,238.847,49.241,0.192,-0.874,0.447,0,0.456,0.89,-0.981,-0.17,0.087],"_shiftlockState":false,"_pose":"Running","_animationQueue":[["walk",0.1],["fall",0.3],["walk",0.1]],"_animationSpeed":1.103,"_zoom":16.125},{"_mousePosition":[849,397],"_rootPartCFrame":[760.36,222.826,47.786,0.063,0,0.998,0,1,0,-0.998,0,0.063],"_humanoidState":8,"_cameraCFrame":[767.564,238.68,49.229,0.196,-0.873,0.447,0,0.456,0.89,-0.981,-0.175,0.09],"_shiftlockState":false,"_pose":"Running","_animationQueue":[],"_animationSpeed":1.103,"_zoom":16.125},{"_mousePosition":[849,397],"_rootPartCFrame":[760.032,223.896,47.725,0.086,0,0.996,0,1,0,-0.996,0,0.086],"_humanoidState":3,"_cameraCFrame":[767.236,239.75,49.169,0.196,-0.873,0.447,0,0.456,0.89,-0.981,-0.175,0.09],"_shiftlockState":false,"_pose":"Jumping","_animationQueue":[["walk",0.1],["walk",0.1],["jump",0.1]],"_animationSpeed":1,"_zoom":16.125},{"_mousePosition":[849,397],"_rootPartCFrame":[759.836,224.498,47.686,0.098,0,0.995,0,1,0,-0.995,0,0.098],"_humanoidState":5,"_cameraCFrame":[767.04,240.351,49.13,0.196,-0.873,0.447,0,0.456,0.89,-0.981,-0.175,0.09],"_shiftlockState":false,"_pose":"FreeFall","_animationQueue":[["jump",0.1]],"_animationSpeed":1,"_zoom":16.125},{"_mousePosition":[849,397],"_rootPartCFrame":[759.574,225.252,47.634,0.112,0,0.994,0,1,0,-0.994,0,0.112],"_humanoidState":5,"_cameraCFrame":[766.779,241.105,49.078,0.196,-0.873,0.447,0,0.456,0.89,-0.981,-0.175,0.09],"_shiftlockState":false,"_pose":"FreeFall","_animationQueue":[],"_animationSpeed":1,"_zoom":16.125},{"_mousePosition":[849,397],"_rootPartCFrame":[759.247,226.117,47.569,0.127,0,0.992,0,1,0,-0.992,0,0.127],"_humanoidState":5,"_cameraCFrame":[766.452,241.971,49.012,0.196,-0.873,0.447,0,0.456,0.89,-0.981,-0.175,0.09],"_shiftlockState":false,"_pose":"FreeFall","_animationQueue":[],"_animationSpeed":1,"_zoom":16.125},{"_mousePosition":[849,397],"_rootPartCFrame":[759.051,226.596,47.529,0.135,0,0.991,0,1,0,-0.991,0,0.135],"_humanoidState":5,"_cameraCFrame":[766.256,242.449,48.973,0.196,-0.873,0.447,0,0.456,0.89,-0.981,-0.175,0.09],"_shiftlockState":false,"_pose":"FreeFall","_animationQueue":[],"_animationSpeed":1,"_zoom":16.125},{"_mousePosition":[849,397],"_rootPartCFrame":[758.79,227.186,47.477,0.143,0,0.99,0,1,0,-0.99,0,0.143],"_humanoidState":5,"_cameraCFrame":[765.994,243.04,48.921,0.196,-0.873,0.447,0,0.456,0.89,-0.981,-0.175,0.09],"_shiftlockState":false,"_pose":"FreeFall","_animationQueue":[],"_animationSpeed":1,"_zoom":16.125},{"_mousePosition":[849,397],"_rootPartCFrame":[758.528,227.722,47.424,0.151,0,0.989,0,1,0,-0.989,0,0.151],"_humanoidState":5,"_cameraCFrame":[765.733,243.576,48.868,0.196,-0.873,0.447,0,0.456,0.89,-0.981,-0.175,0.09],"_shiftlockState":false,"_pose":"FreeFall","_animationQueue":[],"_animationSpeed":1,"_zoom":16.125},{"_mousePosition":[849,397],"_rootPartCFrame":[758.267,228.203,47.372,0.157,0,0.988,0,1,0,-0.988,0,0.157],"_humanoidState":5,"_cameraCFrame":[765.471,244.057,48.816,0.196,-0.873,0.447,0,0.456,0.89,-0.981,-0.175,0.09],"_shiftlockState":false,"_pose":"FreeFall","_animationQueue":[],"_animationSpeed":1,"_zoom":16.125},{"_mousePosition":[849,397],"_rootPartCFrame":[758.005,228.63,47.32,0.163,0,0.987,0,1,0,-0.987,0,0.163],"_humanoidState":5,"_cameraCFrame":[765.21,244.484,48.763,0.196,-0.873,0.447,0,0.456,0.89,-0.981,-0.175,0.09],"_shiftlockState":false,"_pose":"FreeFall","_animationQueue":[],"_animationSpeed":1,"_zoom":16.125},{"_mousePosition":[849,397],"_rootPartCFrame":[757.744,229.003,47.267,0.168,0,0.986,0,1,0,-0.986,0,0.168],"_humanoidState":5,"_cameraCFrame":[764.948,244.856,48.711,0.196,-0.873,0.447,0,0.456,0.89,-0.981,-0.175,0.09],"_shiftlockState":false,"_pose":"FreeFall","_animationQueue":[],"_animationSpeed":1,"_zoom":16.125},{"_mousePosition":[849,397],"_rootPartCFrame":[757.482,229.321,47.215,0.172,0,0.985,0,1,0,-0.985,0,0.172],"_humanoidState":5,"_cameraCFrame":[764.687,245.174,48.659,0.196,-0.873,0.447,0,0.456,0.89,-0.981,-0.175,0.09],"_shiftlockState":false,"_pose":"FreeFall","_animationQueue":[],"_animationSpeed":1,"_zoom":16.125},{"_mousePosition":[849,397],"_rootPartCFrame":[757.221,229.584,47.162,0.175,0,0.985,0,1,0,-0.985,0,0.175],"_humanoidState":5,"_cameraCFrame":[764.426,245.438,48.606,0.196,-0.873,0.447,0,0.456,0.89,-0.981,-0.175,0.09],"_shiftlockState":false,"_pose":"FreeFall","_animationQueue":[],"_animationSpeed":1,"_zoom":16.125},{"_mousePosition":[849,397],"_rootPartCFrame":[756.959,229.793,47.11,0.178,0,0.984,0,1,0,-0.984,0,0.178],"_humanoidState":5,"_cameraCFrame":[764.164,245.647,48.554,0.196,-0.873,0.447,0,0.456,0.89,-0.981,-0.175,0.09],"_shiftlockState":false,"_pose":"FreeFall","_animationQueue":[],"_animationSpeed":1,"_zoom":16.125},{"_mousePosition":[849,397],"_rootPartCFrame":[756.698,229.947,47.058,0.181,0,0.984,0,1,0,-0.984,0,0.181],"_humanoidState":5,"_cameraCFrame":[763.903,245.801,48.501,0.196,-0.873,0.447,0,0.456,0.89,-0.981,-0.175,0.09],"_shiftlockState":false,"_pose":"FreeFall","_animationQueue":[],"_animationSpeed":1,"_zoom":16.125},{"_mousePosition":[849,397],"_rootPartCFrame":[756.371,230.064,46.992,0.184,0,0.983,0,1,0,-0.983,0,0.184],"_humanoidState":5,"_cameraCFrame":[763.576,245.917,48.436,0.196,-0.873,0.447,0,0.456,0.89,-0.981,-0.175,0.09],"_shiftlockState":false,"_pose":"FreeFall","_animationQueue":[],"_animationSpeed":1,"_zoom":16.125},{"_mousePosition":[849,397],"_rootPartCFrame":[756.175,230.093,46.953,0.185,0,0.983,0,1,0,-0.983,0,0.185],"_humanoidState":5,"_cameraCFrame":[763.38,245.946,48.397,0.196,-0.873,0.447,0,0.456,0.89,-0.981,-0.175,0.09],"_shiftlockState":false,"_pose":"FreeFall","_animationQueue":[],"_animationSpeed":1,"_zoom":16.125},{"_mousePosition":[849,397],"_rootPartCFrame":[755.914,230.084,46.9,0.187,0,0.982,0,1,0,-0.982,0,0.187],"_humanoidState":5,"_cameraCFrame":[763.118,245.937,48.344,0.196,-0.873,0.447,0,0.456,0.89,-0.981,-0.175,0.09],"_shiftlockState":false,"_pose":"FreeFall","_animationQueue":[],"_animationSpeed":1,"_zoom":16.125},{"_mousePosition":[849,397],"_rootPartCFrame":[755.652,230.02,46.848,0.188,0,0.982,0,1,0,-0.982,0,0.188],"_humanoidState":5,"_cameraCFrame":[762.857,245.874,48.292,0.196,-0.873,0.447,0,0.456,0.89,-0.981,-0.175,0.09],"_shiftlockState":false,"_pose":"FreeFall","_animationQueue":[],"_animationSpeed":1,"_zoom":16.125},{"_mousePosition":[849,397],"_rootPartCFrame":[755.391,229.902,46.796,0.189,0,0.982,0,1,0,-0.982,0,0.189],"_humanoidState":5,"_cameraCFrame":[762.595,245.755,48.239,0.196,-0.873,0.447,0,0.456,0.89,-0.981,-0.175,0.09],"_shiftlockState":false,"_pose":"FreeFall","_animationQueue":[],"_animationSpeed":1,"_zoom":16.125},{"_mousePosition":[849,397],"_rootPartCFrame":[755.129,229.729,46.743,0.19,0,0.982,0,1,0,-0.982,0,0.19],"_humanoidState":5,"_cameraCFrame":[762.334,245.583,48.187,0.196,-0.873,0.447,0,0.456,0.89,-0.981,-0.175,0.09],"_shiftlockState":false,"_pose":"FreeFall","_animationQueue":[["fall",0.3]],"_animationSpeed":1,"_zoom":16.125},{"_mousePosition":[849,397],"_rootPartCFrame":[754.868,229.502,46.691,0.191,0,0.982,0,1,0,-0.982,0,0.191],"_humanoidState":5,"_cameraCFrame":[762.072,245.356,48.135,0.196,-0.873,0.447,0,0.456,0.89,-0.981,-0.175,0.09],"_shiftlockState":false,"_pose":"FreeFall","_animationQueue":[],"_animationSpeed":1,"_zoom":16.125},{"_mousePosition":[849,397],"_rootPartCFrame":[754.606,229.221,46.639,0.192,0,0.981,0,1,0,-0.981,0,0.192],"_humanoidState":5,"_cameraCFrame":[761.783,245.088,48.077,0.196,-0.874,0.445,0,0.454,0.891,-0.981,-0.175,0.089],"_shiftlockState":false,"_pose":"FreeFall","_animationQueue":[],"_animationSpeed":1,"_zoom":16.125},{"_mousePosition":[849,397],"_rootPartCFrame":[754.345,228.884,46.586,0.192,0,0.981,0,1,0,-0.981,0,0.192],"_humanoidState":5,"_cameraCFrame":[761.498,244.767,48.001,0.194,-0.875,0.444,0,0.452,0.892,-0.981,-0.173,0.088],"_shiftlockState":false,"_pose":"FreeFall","_animationQueue":[],"_animationSpeed":1,"_zoom":16.125},{"_mousePosition":[849,397],"_rootPartCFrame":[754.083,228.494,46.534,0.193,0,0.981,0,1,0,-0.981,0,0.193],"_humanoidState":5,"_cameraCFrame":[761.257,244.376,47.84,0.179,-0.877,0.445,0,0.452,0.892,-0.984,-0.16,0.081],"_shiftlockState":false,"_pose":"FreeFall","_animationQueue":[],"_animationSpeed":1,"_zoom":16.125},{"_mousePosition":[849,397],"_rootPartCFrame":[753.822,228.049,46.482,0.193,0,0.981,0,1,0,-0.981,0,0.193],"_humanoidState":5,"_cameraCFrame":[760.99,243.945,47.656,0.162,-0.881,0.445,0,0.45,0.893,-0.987,-0.144,0.073],"_shiftlockState":false,"_pose":"FreeFall","_animationQueue":[],"_animationSpeed":1,"_zoom":16.125},{"_mousePosition":[849,397],"_rootPartCFrame":[753.56,227.549,46.434,0.192,0,0.981,0,1,0,-0.981,0,0.192],"_humanoidState":5,"_cameraCFrame":[760.75,243.445,47.462,0.142,-0.884,0.446,0,0.45,0.893,-0.99,-0.126,0.064],"_shiftlockState":false,"_pose":"FreeFall","_animationQueue":[["fall",0.3]],"_animationSpeed":1,"_zoom":16.125},{"_mousePosition":[849,397],"_rootPartCFrame":[753.296,226.995,46.39,0.189,0,0.982,0,1,0,-0.982,0,0.189],"_humanoidState":5,"_cameraCFrame":[760.487,242.905,47.196,0.111,-0.888,0.446,0,0.449,0.894,-0.994,-0.1,0.05],"_shiftlockState":false,"_pose":"FreeFall","_animationQueue":[],"_animationSpeed":1,"_zoom":16.125},{"_mousePosition":[849,397],"_rootPartCFrame":[752.967,226.226,46.342,0.182,0,0.983,0,1,0,-0.983,0,0.182],"_humanoidState":5,"_cameraCFrame":[760.155,242.15,46.873,0.074,-0.892,0.446,0,0.447,0.895,-0.997,-0.066,0.033],"_shiftlockState":false,"_pose":"FreeFall","_animationQueue":[],"_animationSpeed":1,"_zoom":16.125},{"_mousePosition":[849,397],"_rootPartCFrame":[752.702,225.549,46.311,0.173,0,0.985,0,1,0,-0.985,0,0.173],"_humanoidState":5,"_cameraCFrame":[759.907,241.473,46.496,0.026,-0.894,0.447,0,0.447,0.895,-1,-0.023,0.011],"_shiftlockState":false,"_pose":"FreeFall","_animationQueue":[],"_animationSpeed":1,"_zoom":16.125},{"_mousePosition":[849,397],"_rootPartCFrame":[752.436,225.447,46.29,0.162,0,0.987,0,1,0,-0.987,0,0.162],"_humanoidState":7,"_cameraCFrame":[759.64,241.371,46.073,-0.03,-0.894,0.447,0,0.447,0.895,-1,0.027,-0.013],"_shiftlockState":false,"_pose":"FreeFall","_animationQueue":[["walk",0.1],["fall",0.3],["fall",0.3]],"_animationSpeed":1,"_zoom":16.125},{"_mousePosition":[849,397],"_rootPartCFrame":[752.169,225.444,46.281,0.145,0,0.989,0,1,0,-0.989,0,0.145],"_humanoidState":7,"_cameraCFrame":[759.349,241.369,45.646,-0.088,-0.891,0.445,0,0.447,0.895,-0.996,0.079,-0.039],"_shiftlockState":false,"_pose":"FreeFall","_animationQueue":[],"_animationSpeed":1,"_zoom":16.125},{"_mousePosition":[849,397],"_rootPartCFrame":[751.903,225.341,46.287,0.123,0,0.992,0,1,0,-0.992,0,0.123],"_humanoidState":8,"_cameraCFrame":[759.031,241.265,45.217,-0.148,-0.885,0.442,0,0.447,0.895,-0.989,0.133,-0.066],"_shiftlockState":false,"_pose":"Running","_animationQueue":[["fall",0.3],["walk",0.1],["fall",0.3],["walk",0.1]],"_animationSpeed":1.103,"_zoom":16.125},{"_mousePosition":[849,397],"_rootPartCFrame":[751.637,225.171,46.309,0.096,0,0.995,0,1,0,-0.995,0,0.096],"_humanoidState":8,"_cameraCFrame":[758.749,241.068,44.833,-0.203,-0.874,0.441,0,0.45,0.893,-0.979,0.181,-0.092],"_shiftlockState":false,"_pose":"Running","_animationQueue":[],"_animationSpeed":1.103,"_zoom":16.125},{"_mousePosition":[849,397],"_rootPartCFrame":[751.373,224.948,46.347,0.064,0,0.998,0,1,0,-0.998,0,0.064],"_humanoidState":8,"_cameraCFrame":[758.478,240.801,44.474,-0.255,-0.861,0.441,0,0.456,0.89,-0.967,0.227,-0.116],"_shiftlockState":false,"_pose":"Running","_animationQueue":[],"_animationSpeed":1.103,"_zoom":16.125},{"_mousePosition":[849,397],"_rootPartCFrame":[751.112,224.669,46.4,0.028,0,1,0,1,0,-1,0,0.028],"_humanoidState":8,"_cameraCFrame":[758.199,240.48,44.163,-0.301,-0.846,0.439,0,0.461,0.887,-0.954,0.267,-0.139],"_shiftlockState":false,"_pose":"Running","_animationQueue":[],"_animationSpeed":1.103,"_zoom":16.125},{"_mousePosition":[849,397],"_rootPartCFrame":[750.854,224.477,46.467,-0.01,0,1,0,1,0,-1,0,-0.01],"_humanoidState":8,"_cameraCFrame":[757.942,240.215,43.807,-0.351,-0.827,0.44,0,0.47,0.883,-0.936,0.31,-0.165],"_shiftlockState":false,"_pose":"Running","_animationQueue":[],"_animationSpeed":1.103,"_zoom":16.125},{"_mousePosition":[849,397],"_rootPartCFrame":[750.599,224.5,46.546,-0.049,0,0.999,0,1,0,-0.999,0,-0.049],"_humanoidState":8,"_cameraCFrame":[757.684,240.208,43.723,-0.37,-0.818,0.439,0,0.473,0.881,-0.929,0.326,-0.175],"_shiftlockState":false,"_pose":"Running","_animationQueue":[],"_animationSpeed":1.103,"_zoom":16.125},{"_mousePosition":[849,397],"_rootPartCFrame":[750.349,224.517,46.639,-0.09,0,0.996,0,1,0,-0.996,0,-0.09],"_humanoidState":8,"_cameraCFrame":[757.419,240.224,43.78,-0.375,-0.817,0.438,0,0.473,0.881,-0.927,0.33,-0.177],"_shiftlockState":false,"_pose":"Running","_animationQueue":[],"_animationSpeed":1.103,"_zoom":16.125},{"_mousePosition":[849,397],"_rootPartCFrame":[750.101,224.483,46.737,-0.128,0,0.992,0,1,0,-0.992,0,-0.128],"_humanoidState":8,"_cameraCFrame":[757.197,240.175,43.868,-0.375,-0.816,0.44,0,0.475,0.88,-0.927,0.33,-0.178],"_shiftlockState":false,"_pose":"Running","_animationQueue":[["walk",0.1]],"_animationSpeed":1.103,"_zoom":16.125},{"_mousePosition":[849,397],"_rootPartCFrame":[749.792,225.566,46.861,-0.176,0,0.984,0,1,0,-0.984,0,-0.176],"_humanoidState":3,"_cameraCFrame":[756.887,241.259,43.991,-0.375,-0.816,0.44,0,0.475,0.88,-0.927,0.33,-0.178],"_shiftlockState":false,"_pose":"Jumping","_animationQueue":[["walk",0.1],["jump",0.1]],"_animationSpeed":1,"_zoom":16.125},{"_mousePosition":[849,397],"_rootPartCFrame":[749.606,226.178,46.935,-0.2,0,0.98,0,1,0,-0.98,0,-0.2],"_humanoidState":5,"_cameraCFrame":[756.727,241.856,44.055,-0.375,-0.815,0.442,0,0.476,0.879,-0.927,0.33,-0.179],"_shiftlockState":false,"_pose":"FreeFall","_animationQueue":[["jump",0.1]],"_animationSpeed":1,"_zoom":16.125},{"_mousePosition":[849,397],"_rootPartCFrame":[749.297,227.129,47.06,-0.231,0,0.973,0,1,0,-0.973,0,-0.231],"_humanoidState":5,"_cameraCFrame":[756.451,242.792,44.188,-0.373,-0.815,0.444,0,0.478,0.878,-0.928,0.327,-0.178],"_shiftlockState":false,"_pose":"FreeFall","_animationQueue":[],"_animationSpeed":1,"_zoom":16.125},{"_mousePosition":[849,397],"_rootPartCFrame":[749.111,227.658,47.135,-0.247,0,0.969,0,1,0,-0.969,0,-0.247],"_humanoidState":5,"_cameraCFrame":[756.306,243.306,44.289,-0.368,-0.816,0.446,0,0.48,0.877,-0.93,0.323,-0.176],"_shiftlockState":false,"_pose":"FreeFall","_animationQueue":[],"_animationSpeed":1,"_zoom":16.125},{"_mousePosition":[849,397],"_rootPartCFrame":[748.864,228.317,47.235,-0.265,0,0.964,0,1,0,-0.964,0,-0.265],"_humanoidState":5,"_cameraCFrame":[756.138,243.934,44.442,-0.358,-0.817,0.451,0,0.483,0.876,-0.934,0.314,-0.173],"_shiftlockState":false,"_pose":"FreeFall","_animationQueue":[],"_animationSpeed":1,"_zoom":16.125},{"_mousePosition":[849,397],"_rootPartCFrame":[748.554,229.063,47.358,-0.284,0,0.959,0,1,0,-0.959,0,-0.284],"_humanoidState":5,"_cameraCFrame":[755.875,244.666,44.61,-0.351,-0.819,0.454,0,0.485,0.875,-0.936,0.307,-0.17],"_shiftlockState":false,"_pose":"FreeFall","_animationQueue":[],"_animationSpeed":1,"_zoom":16.125},{"_mousePosition":[849,397],"_rootPartCFrame":[748.305,229.599,47.454,-0.295,0,0.956,0,1,0,-0.956,0,-0.295],"_humanoidState":5,"_cameraCFrame":[755.679,245.186,44.771,-0.342,-0.821,0.457,0,0.487,0.874,-0.94,0.299,-0.166],"_shiftlockState":false,"_pose":"FreeFall","_animationQueue":[],"_animationSpeed":1,"_zoom":16.125},{"_mousePosition":[849,397],"_rootPartCFrame":[748.056,230.081,47.547,-0.303,0,0.953,0,1,0,-0.953,0,-0.303],"_humanoidState":5,"_cameraCFrame":[755.45,245.668,44.921,-0.335,-0.823,0.459,0,0.487,0.874,-0.942,0.292,-0.163],"_shiftlockState":false,"_pose":"FreeFall","_animationQueue":[],"_animationSpeed":1,"_zoom":16.125},{"_mousePosition":[849,397],"_rootPartCFrame":[747.868,230.406,47.616,-0.308,0,0.951,0,1,0,-0.951,0,-0.308],"_humanoidState":5,"_cameraCFrame":[755.275,245.993,45.027,-0.33,-0.825,0.459,0,0.487,0.874,-0.944,0.288,-0.161],"_shiftlockState":false,"_pose":"FreeFall","_animationQueue":[],"_animationSpeed":1,"_zoom":16.125},{"_mousePosition":[849,397],"_rootPartCFrame":[747.554,230.88,47.728,-0.313,0,0.95,0,1,0,-0.95,0,-0.313],"_humanoidState":5,"_cameraCFrame":[754.961,246.467,45.139,-0.33,-0.825,0.459,0,0.487,0.874,-0.944,0.288,-0.161],"_shiftlockState":false,"_pose":"FreeFall","_animationQueue":[],"_animationSpeed":1,"_zoom":16.125},{"_mousePosition":[849,397],"_rootPartCFrame":[747.365,231.124,47.794,-0.315,0,0.949,0,1,0,-0.949,0,-0.315],"_humanoidState":5,"_cameraCFrame":[754.779,246.711,45.224,-0.328,-0.825,0.46,0,0.487,0.874,-0.945,0.286,-0.159],"_shiftlockState":false,"_pose":"FreeFall","_animationQueue":[],"_animationSpeed":1,"_zoom":16.125},{"_mousePosition":[849,397],"_rootPartCFrame":[747.051,231.461,47.904,-0.318,0,0.948,0,1,0,-0.948,0,-0.318],"_humanoidState":5,"_cameraCFrame":[754.471,247.048,45.353,-0.325,-0.826,0.46,0,0.487,0.874,-0.946,0.284,-0.158],"_shiftlockState":false,"_pose":"FreeFall","_animationQueue":[],"_animationSpeed":1,"_zoom":16.125},{"_mousePosition":[849,397],"_rootPartCFrame":[746.862,231.623,47.97,-0.319,0,0.948,0,1,0,-0.948,0,-0.319],"_humanoidState":5,"_cameraCFrame":[754.288,247.21,45.437,-0.323,-0.827,0.461,0,0.487,0.874,-0.946,0.282,-0.157],"_shiftlockState":false,"_pose":"FreeFall","_animationQueue":[],"_animationSpeed":1,"_zoom":16.125},{"_mousePosition":[849,397],"_rootPartCFrame":[746.609,231.791,48.057,-0.32,0,0.947,0,1,0,-0.947,0,-0.32],"_humanoidState":5,"_cameraCFrame":[754.036,247.378,45.524,-0.323,-0.827,0.461,0,0.487,0.874,-0.946,0.282,-0.157],"_shiftlockState":false,"_pose":"FreeFall","_animationQueue":[],"_animationSpeed":1,"_zoom":16.125},{"_mousePosition":[849,397],"_rootPartCFrame":[746.357,231.905,48.143,-0.321,0,0.947,0,1,0,-0.947,0,-0.321],"_humanoidState":5,"_cameraCFrame":[753.784,247.492,45.61,-0.323,-0.827,0.461,0,0.487,0.874,-0.946,0.282,-0.157],"_shiftlockState":false,"_pose":"FreeFall","_animationQueue":[],"_animationSpeed":1,"_zoom":16.125},{"_mousePosition":[849,397],"_rootPartCFrame":[746.105,231.964,48.229,-0.321,0,0.947,0,1,0,-0.947,0,-0.321],"_humanoidState":5,"_cameraCFrame":[753.531,247.551,45.696,-0.323,-0.827,0.461,0,0.487,0.874,-0.946,0.282,-0.157],"_shiftlockState":false,"_pose":"FreeFall","_animationQueue":[],"_animationSpeed":1,"_zoom":16.125},{"_mousePosition":[849,397],"_rootPartCFrame":[745.852,231.968,48.315,-0.321,0,0.947,0,1,0,-0.947,0,-0.321],"_humanoidState":5,"_cameraCFrame":[753.279,247.555,45.782,-0.323,-0.827,0.461,0,0.487,0.874,-0.946,0.282,-0.157],"_shiftlockState":false,"_pose":"FreeFall","_animationQueue":[],"_animationSpeed":1,"_zoom":16.125},{"_mousePosition":[849,397],"_rootPartCFrame":[745.6,231.918,48.401,-0.321,0,0.947,0,1,0,-0.947,0,-0.321],"_humanoidState":5,"_cameraCFrame":[753.026,247.505,45.869,-0.323,-0.827,0.461,0,0.487,0.874,-0.946,0.282,-0.157],"_shiftlockState":false,"_pose":"FreeFall","_animationQueue":[],"_animationSpeed":1,"_zoom":16.125},{"_mousePosition":[849,397],"_rootPartCFrame":[745.347,231.814,48.487,-0.322,0,0.947,0,1,0,-0.947,0,-0.322],"_humanoidState":5,"_cameraCFrame":[752.774,247.401,45.955,-0.323,-0.827,0.461,0,0.487,0.874,-0.946,0.282,-0.157],"_shiftlockState":false,"_pose":"FreeFall","_animationQueue":[],"_animationSpeed":1,"_zoom":16.125},{"_mousePosition":[849,397],"_rootPartCFrame":[745.095,231.655,48.573,-0.322,0,0.947,0,1,0,-0.947,0,-0.322],"_humanoidState":5,"_cameraCFrame":[752.528,247.242,46.059,-0.32,-0.828,0.461,0,0.487,0.874,-0.947,0.28,-0.156],"_shiftlockState":false,"_pose":"FreeFall","_animationQueue":[["fall",0.3]],"_animationSpeed":1,"_zoom":16.125},{"_mousePosition":[849,397],"_rootPartCFrame":[744.842,231.441,48.659,-0.322,0,0.947,0,1,0,-0.947,0,-0.322],"_humanoidState":5,"_cameraCFrame":[752.282,247.028,46.164,-0.318,-0.828,0.461,0,0.487,0.874,-0.948,0.278,-0.155],"_shiftlockState":false,"_pose":"FreeFall","_animationQueue":[],"_animationSpeed":1,"_zoom":16.125},{"_mousePosition":[849,397],"_rootPartCFrame":[744.527,231.098,48.766,-0.322,0,0.947,0,1,0,-0.947,0,-0.322],"_humanoidState":5,"_cameraCFrame":[751.979,246.685,46.309,-0.313,-0.83,0.462,0,0.487,0.874,-0.95,0.274,-0.152],"_shiftlockState":false,"_pose":"FreeFall","_animationQueue":[],"_animationSpeed":1,"_zoom":16.125},{"_mousePosition":[849,397],"_rootPartCFrame":[744.337,230.851,48.83,-0.321,0,0.947,0,1,0,-0.947,0,-0.321],"_humanoidState":5,"_cameraCFrame":[751.801,246.438,46.41,-0.308,-0.831,0.463,0,0.487,0.874,-0.951,0.269,-0.15],"_shiftlockState":false,"_pose":"FreeFall","_animationQueue":[],"_animationSpeed":1,"_zoom":16.125},{"_mousePosition":[849,397],"_rootPartCFrame":[744.084,230.474,48.913,-0.321,0,0.947,0,1,0,-0.947,0,-0.321],"_humanoidState":5,"_cameraCFrame":[751.566,246.061,46.551,-0.301,-0.833,0.464,0,0.487,0.874,-0.954,0.263,-0.147],"_shiftlockState":false,"_pose":"FreeFall","_animationQueue":[],"_animationSpeed":1,"_zoom":16.125},{"_mousePosition":[849,397],"_rootPartCFrame":[743.83,230.042,48.996,-0.319,0,0.948,0,1,0,-0.948,0,-0.319],"_humanoidState":5,"_cameraCFrame":[751.342,245.629,46.728,-0.289,-0.836,0.466,0,0.487,0.874,-0.957,0.252,-0.141],"_shiftlockState":false,"_pose":"FreeFall","_animationQueue":[],"_animationSpeed":1,"_zoom":16.125},{"_mousePosition":[849,397],"_rootPartCFrame":[743.576,229.556,49.0