[{"_mousePosition":[829,378],"_rootPartCFrame":[776.028,222.7,47.142,0,0,1,0,1,0,-1,0,0],"_humanoidState":8,"_cameraCFrame":[777.386,239.827,43.406,-0.94,-0.331,0.084,0,0.247,0.969,-0.341,0.911,-0.232],"_shiftlockState":false,"_pose":"Standing","_animationQueue":[],"_animationSpeed":1,"_zoom":16.125},{"_mousePosition":[829,378],"_rootPartCFrame":[775.795,222.7,47.062,0.047,0,0.999,0,1,0,-0.999,0,0.047],"_humanoidState":8,"_cameraCFrame":[777.177,239.85,43.432,-0.935,-0.345,0.086,0,0.241,0.971,-0.356,0.907,-0.225],"_shiftlockState":false,"_pose":"Standing","_animationQueue":[],"_animationSpeed":1,"_zoom":16.125},{"_mousePosition":[829,378],"_rootPartCFrame":[775.545,222.7,46.971,0.087,0,0.996,0,1,0,-0.996,0,0.087],"_humanoidState":8,"_cameraCFrame":[776.948,239.872,43.448,-0.929,-0.359,0.087,0,0.235,0.972,-0.37,0.903,-0.219],"_shiftlockState":false,"_pose":"Running","_animationQueue":[["walk",0.1]],"_animationSpeed":1.066,"_zoom":16.125},{"_mousePosition":[829,378],"_rootPartCFrame":[775.295,222.7,46.877,0.124,0,0.992,0,1,0,-0.992,0,0.124],"_humanoidState":8,"_cameraCFrame":[776.728,239.887,43.431,-0.923,-0.374,0.089,0,0.231,0.973,-0.384,0.898,-0.214],"_shiftlockState":false,"_pose":"Running","_animationQueue":[["walk",0.1]],"_animationSpeed":1.066,"_zoom":16.125},{"_mousePosition":[829,378],"_rootPartCFrame":[775.048,222.7,46.778,0.158,0,0.987,0,1,0,-0.987,0,0.158],"_humanoidState":8,"_cameraCFrame":[776.491,239.901,43.404,-0.919,-0.383,0.09,0,0.228,0.974,-0.393,0.895,-0.209],"_shiftlockState":false,"_pose":"Running","_animationQueue":[],"_animationSpeed":1.066,"_zoom":16.125},{"_mousePosition":[829,378],"_rootPartCFrame":[774.801,222.7,46.676,0.189,0,0.982,0,1,0,-0.982,0,0.189],"_humanoidState":8,"_cameraCFrame":[776.254,239.916,43.373,-0.915,-0.392,0.09,0,0.224,0.975,-0.403,0.892,-0.205],"_shiftlockState":false,"_pose":"Running","_animationQueue":[],"_animationSpeed":1.066,"_zoom":16.125},{"_mousePosition":[829,378],"_rootPartCFrame":[774.556,222.7,46.572,0.217,0,0.976,0,1,0,-0.976,0,0.217],"_humanoidState":8,"_cameraCFrame":[776.013,239.923,43.303,-0.913,-0.397,0.09,0,0.222,0.975,-0.407,0.891,-0.203],"_shiftlockState":false,"_pose":"Running","_animationQueue":[],"_animationSpeed":1.066,"_zoom":16.125},{"_mousePosition":[829,378],"_rootPartCFrame":[774.312,222.7,46.464,0.243,0,0.97,0,1,0,-0.97,0,0.243],"_humanoidState":8,"_cameraCFrame":[775.765,239.93,43.228,-0.912,-0.399,0.09,0,0.22,0.975,-0.409,0.89,-0.201],"_shiftlockState":false,"_pose":"Running","_animationQueue":[],"_animationSpeed":1.066,"_zoom":16.125},{"_mousePosition":[829,378],"_rootPartCFrame":[774.068,222.7,46.356,0.266,0,0.964,0,1,0,-0.964,0,0.266],"_humanoidState":8,"_cameraCFrame":[775.521,239.93,43.119,-0.912,-0.399,0.09,0,0.22,0.975,-0.409,0.89,-0.201],"_shiftlockState":false,"_pose":"Running","_animationQueue":[],"_animationSpeed":1.066,"_zoom":16.125},{"_mousePosition":[829,378],"_rootPartCFrame":[773.825,222.7,46.247,0.285,0,0.958,0,1,0,-0.958,0,0.285],"_humanoidState":8,"_cameraCFrame":[775.278,239.93,43.01,-0.912,-0.399,0.09,0,0.22,0.975,-0.409,0.89,-0.201],"_shiftlockState":false,"_pose":"Running","_animationQueue":[],"_animationSpeed":1.066,"_zoom":16.125},{"_mousePosition":[829,378],"_rootPartCFrame":[773.582,222.7,46.138,0.303,0,0.953,0,1,0,-0.953,0,0.303],"_humanoidState":8,"_cameraCFrame":[775.034,239.93,42.901,-0.912,-0.399,0.09,0,0.22,0.975,-0.409,0.89,-0.201],"_shiftlockState":false,"_pose":"Running","_animationQueue":[["walk",0.1]],"_animationSpeed":1.066,"_zoom":16.125},{"_mousePosition":[829,378],"_rootPartCFrame":[773.338,222.7,46.028,0.317,0,0.948,0,1,0,-0.948,0,0.317],"_humanoidState":8,"_cameraCFrame":[774.791,239.93,42.792,-0.912,-0.399,0.09,0,0.22,0.975,-0.409,0.89,-0.201],"_shiftlockState":false,"_pose":"Running","_animationQueue":[],"_animationSpeed":1.066,"_zoom":16.125},{"_mousePosition":[829,378],"_rootPartCFrame":[773.095,222.7,45.919,0.33,0,0.944,0,1,0,-0.944,0,0.33],"_humanoidState":8,"_cameraCFrame":[774.535,239.936,42.711,-0.912,-0.4,0.089,0,0.218,0.976,-0.409,0.89,-0.199],"_shiftlockState":false,"_pose":"Running","_animationQueue":[],"_animationSpeed":1.066,"_zoom":16.125},{"_mousePosition":[829,378],"_rootPartCFrame":[772.852,222.7,45.81,0.341,0,0.94,0,1,0,-0.94,0,0.341],"_humanoidState":8,"_cameraCFrame":[774.279,239.943,42.629,-0.912,-0.4,0.089,0,0.216,0.976,-0.409,0.891,-0.197],"_shiftlockState":false,"_pose":"Running","_animationQueue":[],"_animationSpeed":1.066,"_zoom":16.125},{"_mousePosition":[829,378],"_rootPartCFrame":[772.608,222.7,45.701,0.35,0,0.937,0,1,0,-0.937,0,0.35],"_humanoidState":8,"_cameraCFrame":[773.987,239.957,42.566,-0.915,-0.393,0.086,0,0.212,0.977,-0.403,0.895,-0.194],"_shiftlockState":false,"_pose":"Running","_animationQueue":[],"_animationSpeed":1.066,"_zoom":16.125},{"_mousePosition":[829,378],"_rootPartCFrame":[772.365,222.7,45.592,0.358,0,0.934,0,1,0,-0.934,0,0.358],"_humanoidState":8,"_cameraCFrame":[773.649,239.97,42.483,-0.924,-0.373,0.08,0,0.209,0.978,-0.382,0.904,-0.193],"_shiftlockState":false,"_pose":"Running","_animationQueue":[],"_animationSpeed":1.066,"_zoom":16.125},{"_mousePosition":[829,378],"_rootPartCFrame":[772.121,222.7,45.484,0.365,0,0.931,0,1,0,-0.931,0,0.365],"_humanoidState":8,"_cameraCFrame":[773.288,239.983,42.395,-0.935,-0.346,0.072,0,0.205,0.979,-0.353,0.916,-0.192],"_shiftlockState":false,"_pose":"Running","_animationQueue":[["walk",0.1]],"_animationSpeed":1.066,"_zoom":16.125},{"_mousePosition":[829,378],"_rootPartCFrame":[771.875,222.7,45.382,0.367,0,0.93,0,1,0,-0.93,0,0.367],"_humanoidState":8,"_cameraCFrame":[772.904,239.996,42.309,-0.948,-0.311,0.064,0,0.201,0.98,-0.318,0.929,-0.191],"_shiftlockState":false,"_pose":"Running","_animationQueue":[],"_animationSpeed":1.066,"_zoom":16.125},{"_mousePosition":[829,378],"_rootPartCFrame":[771.626,222.7,45.287,0.366,0,0.931,0,1,0,-0.931,0,0.366],"_humanoidState":8,"_cameraCFrame":[772.512,240.008,42.234,-0.96,-0.273,0.055,0,0.197,0.98,-0.279,0.941,-0.189],"_shiftlockState":false,"_pose":"Running","_animationQueue":[],"_animationSpeed":1.066,"_zoom":16.125},{"_mousePosition":[829,378],"_rootPartCFrame":[771.373,222.7,45.202,0.36,0,0.933,0,1,0,-0.933,0,0.36],"_humanoidState":8,"_cameraCFrame":[772.128,240.02,42.177,-0.97,-0.238,0.047,0,0.193,0.981,-0.242,0.952,-0.188],"_shiftlockState":false,"_pose":"Running","_animationQueue":[],"_animationSpeed":1.066,"_zoom":16.125},{"_mousePosition":[829,378],"_rootPartCFrame":[771.057,223.783,45.095,0.352,0,0.936,0,1,0,-0.936,0,0.352],"_humanoidState":3,"_cameraCFrame":[771.7,241.116,42.108,-0.978,-0.206,0.04,0,0.189,0.982,-0.21,0.96,-0.185],"_shiftlockState":false,"_pose":"Jumping","_animationQueue":[["walk",0.1],["jump",0.1]],"_animationSpeed":1,"_zoom":16.125},{"_mousePosition":[829,378],"_rootPartCFrame":[770.864,224.395,45.043,0.344,0,0.939,0,1,0,-0.939,0,0.344],"_humanoidState":5,"_cameraCFrame":[771.44,241.734,42.074,-0.982,-0.187,0.036,0,0.188,0.982,-0.19,0.964,-0.184],"_shiftlockState":false,"_pose":"FreeFall","_animationQueue":[["jump",0.1]],"_animationSpeed":1,"_zoom":16.125},{"_mousePosition":[829,378],"_rootPartCFrame":[770.604,225.162,44.985,0.328,0,0.945,0,1,0,-0.945,0,0.328],"_humanoidState":5,"_cameraCFrame":[771.159,242.507,42.043,-0.983,-0.182,0.034,0,0.186,0.983,-0.185,0.966,-0.182],"_shiftlockState":false,"_pose":"FreeFall","_animationQueue":[],"_animationSpeed":1,"_zoom":16.125},{"_mousePosition":[829,378],"_rootPartCFrame":[770.342,225.875,44.934,0.31,0,0.951,0,1,0,-0.951,0,0.31],"_humanoidState":5,"_cameraCFrame":[770.898,243.22,41.992,-0.983,-0.182,0.034,0,0.186,0.983,-0.185,0.966,-0.182],"_shiftlockState":false,"_pose":"FreeFall","_animationQueue":[],"_animationSpeed":1,"_zoom":16.125},{"_mousePosition":[829,378],"_rootPartCFrame":[770.08,226.534,44.884,0.293,0,0.956,0,1,0,-0.956,0,0.293],"_humanoidState":5,"_cameraCFrame":[770.636,243.878,41.942,-0.983,-0.182,0.034,0,0.186,0.983,-0.185,0.966,-0.182],"_shiftlockState":false,"_pose":"FreeFall","_animationQueue":[],"_animationSpeed":1,"_zoom":16.125},{"_mousePosition":[829,378],"_rootPartCFrame":[769.818,227.138,44.835,0.278,0,0.961,0,1,0,-0.961,0,0.278],"_humanoidState":5,"_cameraCFrame":[770.374,244.483,41.893,-0.983,-0.182,0.034,0,0.186,0.983,-0.185,0.966,-0.182],"_shiftlockState":false,"_pose":"FreeFall","_animationQueue":[],"_animationSpeed":1,"_zoom":16.125},{"_mousePosition":[829,378],"_rootPartCFrame":[769.556,227.687,44.785,0.265,0,0.964,0,1,0,-0.964,0,0.265],"_humanoidState":5,"_cameraCFrame":[770.112,245.032,41.843,-0.983,-0.182,0.034,0,0.186,0.983,-0.185,0.966,-0.182],"_shiftlockState":false,"_pose":"FreeFall","_animationQueue":[],"_animationSpeed":1,"_zoom":16.125},{"_mousePosition":[829,378],"_rootPartCFrame":[769.294,228.182,44.736,0.254,0,0.967,0,1,0,-0.967,0,0.254],"_humanoidState":5,"_cameraCFrame":[769.85,245.527,41.794,-0.983,-0.182,0.034,0,0.186,0.983,-0.185,0.966,-0.182],"_shiftlockState":false,"_pose":"FreeFall","_animationQueue":[],"_animationSpeed":1,"_zoom":16.125},{"_mousePosition":[829,378],"_rootPartCFrame":[769.033,228.623,44.686,0.244,0,0.97,0,1,0,-0.97,0,0.244],"_humanoidState":5,"_cameraCFrame":[769.588,245.968,41.744,-0.983,-0.182,0.034,0,0.186,0.983,-0.185,0.966,-0.182],"_shiftlockState":false,"_pose":"FreeFall","_animationQueue":[],"_animationSpeed":1,"_zoom":16.125},{"_mousePosition":[829,378],"_rootPartCFrame":[768.771,229.009,44.637,0.236,0,0.972,0,1,0,-0.972,0,0.236],"_humanoidState":5,"_cameraCFrame":[769.311,246.354,41.692,-0.984,-0.177,0.034,0,0.186,0.983,-0.18,0.966,-0.183],"_shiftlockState":false,"_pose":"FreeFall","_animationQueue":[],"_animationSpeed":1,"_zoom":16.125},{"_mousePosition":[829,378],"_rootPartCFrame":[768.509,229.34,44.587,0.229,0,0.973,0,1,0,-0.973,0,0.229],"_humanoidState":5,"_cameraCFrame":[769.034,246.685,41.64,-0.984,-0.172,0.033,0,0.186,0.983,-0.176,0.967,-0.183],"_shiftlockState":false,"_pose":"FreeFall","_animationQueue":[],"_animationSpeed":1,"_zoom":16.125},{"_mousePosition":[829,378],"_rootPartCFrame":[768.246,229.617,44.539,0.222,0,0.975,0,1,0,-0.975,0,0.222],"_humanoidState":5,"_cameraCFrame":[768.737,246.968,41.617,-0.986,-0.163,0.03,0,0.184,0.983,-0.166,0.969,-0.181],"_shiftlockState":false,"_pose":"FreeFall","_animationQueue":[],"_animationSpeed":1,"_zoom":16.125},{"_mousePosition":[829,378],"_rootPartCFrame":[767.984,229.84,44.492,0.216,0,0.976,0,1,0,-0.976,0,0.216],"_humanoidState":5,"_cameraCFrame":[768.425,247.196,41.593,-0.989,-0.148,0.027,0,0.182,0.983,-0.151,0.972,-0.18],"_shiftlockState":false,"_pose":"FreeFall","_animationQueue":[],"_animationSpeed":1,"_zoom":16.125},{"_mousePosition":[829,378],"_rootPartCFrame":[767.721,230.008,44.448,0.21,0,0.978,0,1,0,-0.978,0,0.21],"_humanoidState":5,"_cameraCFrame":[768.114,247.37,41.573,-0.991,-0.133,0.024,0,0.18,0.984,-0.136,0.975,-0.178],"_shiftlockState":false,"_pose":"FreeFall","_animationQueue":[],"_animationSpeed":1,"_zoom":16.125},{"_mousePosition":[829,378],"_rootPartCFrame":[767.458,230.122,44.407,0.202,0,0.979,0,1,0,-0.979,0,0.202],"_humanoidState":5,"_cameraCFrame":[767.792,247.483,41.525,-0.993,-0.114,0.021,0,0.18,0.984,-0.115,0.977,-0.179],"_shiftlockState":false,"_pose":"FreeFall","_animationQueue":[["fall",0.3]],"_animationSpeed":1,"_zoom":16.125},{"_mousePosition":[829,378],"_rootPartCFrame":[767.193,230.181,44.37,0.194,0,0.981,0,1,0,-0.981,0,0.194],"_humanoidState":5,"_cameraCFrame":[767.474,247.548,41.514,-0.995,-0.096,0.017,0,0.178,0.984,-0.098,0.979,-0.177],"_shiftlockState":false,"_pose":"FreeFall","_animationQueue":[],"_animationSpeed":1,"_zoom":16.125},{"_mousePosition":[829,378],"_rootPartCFrame":[766.929,230.185,44.338,0.184,0,0.983,0,1,0,-0.983,0,0.184],"_humanoidState":5,"_cameraCFrame":[767.137,247.553,41.476,-0.997,-0.071,0.013,0,0.178,0.984,-0.073,0.981,-0.178],"_shiftlockState":false,"_pose":"FreeFall","_animationQueue":[],"_animationSpeed":1,"_zoom":16.125},{"_mousePosition":[829,378],"_rootPartCFrame":[766.663,230.135,44.312,0.173,0,0.985,0,1,0,-0.985,0,0.173],"_humanoidState":5,"_cameraCFrame":[766.821,247.503,41.446,-0.998,-0.054,0.01,0,0.178,0.984,-0.055,0.983,-0.178],"_shiftlockState":false,"_pose":"FreeFall","_animationQueue":[],"_animationSpeed":1,"_zoom":16.125},{"_mousePosition":[829,378],"_rootPartCFrame":[766.397,230.031,44.291,0.16,0,0.987,0,1,0,-0.987,0,0.16],"_humanoidState":5,"_cameraCFrame":[766.512,247.398,41.423,-0.999,-0.039,0.007,0,0.178,0.984,-0.04,0.983,-0.178],"_shiftlockState":false,"_pose":"FreeFall","_animationQueue":[],"_animationSpeed":1,"_zoom":16.125},{"_mousePosition":[829,378],"_rootPartCFrame":[766.065,229.823,44.272,0.143,0,0.99,0,1,0,-0.99,0,0.143],"_humanoidState":5,"_cameraCFrame":[766.135,247.191,41.403,-1,-0.024,0.004,0,0.178,0.984,-0.025,0.984,-0.178],"_shiftlockState":false,"_pose":"FreeFall","_animationQueue":[],"_animationSpeed":1,"_zoom":16.125},{"_mousePosition":[829,378],"_rootPartCFrame":[765.798,229.596,44.261,0.129,0,0.992,0,1,0,-0.992,0,0.129],"_humanoidState":5,"_cameraCFrame":[765.818,246.964,41.391,-1,-0.007,0.001,0,0.178,0.984,-0.007,0.984,-0.178],"_shiftlockState":false,"_pose":"FreeFall","_animationQueue":[["fall",0.3]],"_animationSpeed":1,"_zoom":16.125},{"_mousePosition":[829,378],"_rootPartCFrame":[765.532,229.315,44.254,0.115,0,0.993,0,1,0,-0.993,0,0.115],"_humanoidState":5,"_cameraCFrame":[765.501,246.688,41.415,-1,0.011,-0.002,0,0.176,0.984,0.011,0.984,-0.176],"_shiftlockState":false,"_pose":"FreeFall","_animationQueue":[],"_animationSpeed":1,"_zoom":16.125},{"_mousePosition":[829,378],"_rootPartCFrame":[765.265,228.979,44.251,0.101,0,0.995,0,1,0,-0.995,0,0.101],"_humanoidState":5,"_cameraCFrame":[765.178,246.357,41.444,-1,0.031,-0.005,0,0.174,0.985,0.031,0.984,-0.174],"_shiftlockState":false,"_pose":"FreeFall","_animationQueue":[],"_animationSpeed":1,"_zoom":16.125},{"_mousePosition":[829,378],"_rootPartCFrame":[764.998,228.588,44.254,0.086,0,0.996,0,1,0,-0.996,0,0.086],"_humanoidState":5,"_cameraCFrame":[764.869,245.968,41.456,-0.999,0.046,-0.008,0,0.174,0.985,0.046,0.984,-0.173],"_shiftlockState":false,"_pose":"FreeFall","_animationQueue":[],"_animationSpeed":1,"_zoom":16.125},{"_mousePosition":[829,378],"_rootPartCFrame":[764.732,228.143,44.261,0.071,0,0.997,0,1,0,-0.997,0,0.071],"_humanoidState":5,"_cameraCFrame":[764.567,245.523,41.466,-0.998,0.058,-0.01,0,0.174,0.985,0.059,0.983,-0.173],"_shiftlockState":false,"_pose":"FreeFall","_animationQueue":[],"_animationSpeed":1,"_zoom":16.125},{"_mousePosition":[829,378],"_rootPartCFrame":[764.466,227.643,44.273,0.055,0,0.998,0,1,0,-0.998,0,0.055],"_humanoidState":5,"_cameraCFrame":[764.301,245.023,41.478,-0.998,0.058,-0.01,0,0.174,0.985,0.059,0.983,-0.173],"_shiftlockState":false,"_pose":"FreeFall","_animationQueue":[],"_animationSpeed":1,"_zoom":16.125},{"_mousePosition":[829,378],"_rootPartCFrame":[764.199,227.089,44.288,0.04,0,0.999,0,1,0,-0.999,0,0.04],"_humanoidState":5,"_cameraCFrame":[764.034,244.469,41.493,-0.998,0.058,-0.01,0,0.174,0.985,0.059,0.983,-0.173],"_shiftlockState":false,"_pose":"FreeFall","_animationQueue":[["fall",0.3]],"_animationSpeed":1,"_zoom":16.125},{"_mousePosition":[829,378],"_rootPartCFrame":[764,226.638,44.3,0.03,0,1,0,1,0,-1,0,0.03],"_humanoidState":5,"_cameraCFrame":[763.835,244.018,41.505,-0.998,0.058,-0.01,0,0.174,0.985,0.059,0.983,-0.173],"_shiftlockState":false,"_pose":"FreeFall","_animationQueue":[],"_animationSpeed":1,"_zoom":16.125},{"_mousePosition":[829,378],"_rootPartCFrame":[763.734,225.988,44.315,0.017,0,1,0,1,0,-1,0,0.017],"_humanoidState":5,"_cameraCFrame":[763.569,243.368,41.52,-0.998,0.058,-0.01,0,0.174,0.985,0.059,0.983,-0.173],"_shiftlockState":false,"_pose":"FreeFall","_animationQueue":[],"_animationSpeed":1,"_zoom":16.125},{"_mousePosition":[829,378],"_rootPartCFrame":[763.468,225.284,44.331,0.007,0,1,0,1,0,-1,0,0.007],"_humanoidState":5,"_cameraCFrame":[763.303,242.664,41.536,-0.998,0.058,-0.01,0,0.174,0.985,0.059,0.983,-0.173],"_shiftlockState":false,"_pose":"FreeFall","_animationQueue":[],"_animationSpeed":1,"_zoom":16.125},{"_mousePosition":[829,378],"_rootPartCFrame":[763.201,224.526,44.347,-0.003,0,1,0,1,0,-1,0,-0.003],"_humanoidState":5,"_cameraCFrame":[763.036,241.906,41.552,-0.998,0.058,-0.01,0,0.174,0.985,0.059,0.983,-0.173],"_shiftlockState":false,"_pose":"FreeFall","_animationQueue":[],"_animationSpeed":1,"_zoom":16.125},{"_mousePosition":[829,378],"_rootPartCFrame":[762.935,223.713,44.363,-0.011,0,1,0,1,0,-1,0,-0.011],"_humanoidState":5,"_cameraCFrame":[762.77,241.093,41.567,-0.998,0.058,-0.01,0,0.174,0.985,0.059,0.983,-0.173],"_shiftlockState":false,"_pose":"FreeFall","_animationQueue":[],"_animationSpeed":1,"_zoom":16.125},{"_mousePosition":[829,378],"_rootPartCFrame":[762.669,222.845,44.378,-0.017,0,1,0,1,0,-1,0,-0.017],"_humanoidState":7,"_cameraCFrame":[762.504,240.225,41.583,-0.998,0.058,-0.01,0,0.174,0.985,0.059,0.983,-0.173],"_shiftlockState":false,"_pose":"FreeFall","_animationQueue":[["walk",0.1],["fall",0.3],["fall",0.3]],"_animationSpeed":1,"_zoom":16.125},{"_mousePosition":[829,378],"_rootPartCFrame":[762.403,222.433,44.394,-0.023,0,1,0,1,0,-1,0,-0.023],"_humanoidState":7,"_cameraCFrame":[762.238,239.813,41.599,-0.998,0.058,-0.01,0,0.174,0.985,0.059,0.983,-0.173],"_shiftlockState":false,"_pose":"FreeFall","_animationQueue":[["fall",0.3]],"_animationSpeed":1,"_zoom":16.125},{"_mousePosition":[829,378],"_rootPartCFrame":[762.07,222.531,44.414,-0.029,0,1,0,1,0,-1,0,-0.029],"_humanoidState":8,"_cameraCFrame":[761.905,239.911,41.618,-0.998,0.058,-0.01,0,0.174,0.985,0.059,0.983,-0.173],"_shiftlockState":false,"_pose":"Running","_animationQueue":[["walk",0.1],["fall",0.3],["walk",0.1]],"_animationSpeed":1.103,"_zoom":16.125},{"_mousePosition":[829,378],"_rootPartCFrame":[761.804,223.394,44.429,-0.034,0,0.999,0,1,0,-0.999,0,-0.034],"_humanoidState":3,"_cameraCFrame":[761.639,240.774,41.634,-0.998,0.058,-0.01,0,0.174,0.985,0.059,0.983,-0.173],"_shiftlockState":false,"_pose":"Jumping","_animationQueue":[["walk",0.1],["jump",0.1]],"_animationSpeed":1,"_zoom":16.125},{"_mousePosition":[829,378],"_rootPartCFrame":[761.538,224.202,44.445,-0.038,0,0.999,0,1,0,-0.999,0,-0.038],"_humanoidState":5,"_cameraCFrame":[761.373,241.582,41.65,-0.998,0.058,-0.01,0,0.174,0.985,0.059,0.983,-0.173],"_shiftlockState":false,"_pose":"FreeFall","_animationQueue":[["jump",0.1]],"_animationSpeed":1,"_zoom":16.125},{"_mousePosition":[829,378],"_rootPartCFrame":[761.272,224.956,44.461,-0.041,0,0.999,0,1,0,-0.999,0,-0.041],"_humanoidState":5,"_cameraCFrame":[761.107,242.336,41.665,-0.998,0.058,-0.01,0,0.174,0.985,0.059,0.983,-0.173],"_shiftlockState":false,"_pose":"FreeFall","_animationQueue":[],"_animationSpeed":1,"_zoom":16.125},{"_mousePosition":[829,378],"_rootPartCFrame":[761.006,225.656,44.476,-0.043,0,0.999,0,1,0,-0.999,0,-0.043],"_humanoidState":5,"_cameraCFrame":[760.841,243.036,41.681,-0.998,0.058,-0.01,0,0.174,0.985,0.059,0.983,-0.173],"_shiftlockState":false,"_pose":"FreeFall","_animationQueue":[],"_animationSpeed":1,"_zoom":16.125},{"_mousePosition":[829,378],"_rootPartCFrame":[760.74,226.3,44.492,-0.046,0,0.999,0,1,0,-0.999,0,-0.046],"_humanoidState":5,"_cameraCFrame":[760.575,243.68,41.697,-0.998,0.058,-0.01,0,0.174,0.985,0.059,0.983,-0.173],"_shiftlockState":false,"_pose":"FreeFall","_animationQueue":[],"_animationSpeed":1,"_zoom":16.125},{"_mousePosition":[829,378],"_rootPartCFrame":[760.474,226.891,44.508,-0.048,0,0.999,0,1,0,-0.999,0,-0.048],"_humanoidState":5,"_cameraCFrame":[760.304,244.69,41.639,-0.998,0.058,-0.01,0,0.174,0.985,0.059,0.983,-0.173],"_shiftlockState":false,"_pose":"FreeFall","_animationQueue":[],"_animationSpeed":1,"_zoom":16.125},{"_mousePosition":[829,378],"_rootPartCFrame":[760.141,227.552,44.527,-0.05,0,0.999,0,1,0,-0.999,0,-0.05],"_humanoidState":5,"_cameraCFrame":[759.98,246.007,41.542,-0.999,0.053,-0.009,0,0.174,0.985,0.054,0.983,-0.173],"_shiftlockState":false,"_pose":"FreeFall","_animationQueue":[],"_animationSpeed":1,"_zoom":16.125},{"_mousePosition":[829,378],"_rootPartCFrame":[759.941,227.908,44.539,-0.051,0,0.999,0,1,0,-0.999,0,-0.051],"_humanoidState":5,"_cameraCFrame":[759.805,247.136,41.416,-0.999,0.043,-0.008,0,0.174,0.985,0.044,0.984,-0.173],"_shiftlockState":false,"_pose":"FreeFall","_animationQueue":[],"_animationSpeed":1,"_zoom":16.125},{"_mousePosition":[829,378],"_rootPartCFrame":[759.675,228.335,44.554,-0.051,0,0.999,0,1,0,-0.999,0,-0.051],"_humanoidState":5,"_cameraCFrame":[759.566,248.275,41.304,-0.999,0.033,-0.006,0,0.174,0.985,0.034,0.984,-0.174],"_shiftlockState":false,"_pose":"FreeFall","_animationQueue":[],"_animationSpeed":1,"_zoom":16.125},{"_mousePosition":[829,378],"_rootPartCFrame":[759.409,228.707,44.566,-0.051,0,0.999,0,1,0,-0.999,0,-0.051],"_humanoidState":5,"_cameraCFrame":[759.33,249.153,41.226,-1,0.023,-0.004,0,0.174,0.985,0.024,0.985,-0.174],"_shiftlockState":false,"_pose":"FreeFall","_animationQueue":[],"_animationSpeed":1,"_zoom":16.125},{"_mousePosition":[829,378],"_rootPartCFrame":[759.142,229.025,44.575,-0.049,0,0.999,0,1,0,-0.999,0,-0.049],"_humanoidState":5,"_cameraCFrame":[759.079,249.861,41.166,-1,0.018,-0.003,0,0.174,0.985,0.018,0.985,-0.174],"_shiftlockState":false,"_pose":"FreeFall","_animationQueue":[],"_animationSpeed":1,"_zoom":16.125},{"_mousePosition":[829,378],"_rootPartCFrame":[758.876,229.289,44.582,-0.046,0,0.999,0,1,0,-0.999,0,-0.046],"_humanoidState":5,"_cameraCFrame":[758.812,250.428,41.12,-1,0.018,-0.003,0,0.174,0.985,0.018,0.985,-0.174],"_shiftlockState":false,"_pose":"FreeFall","_animationQueue":[],"_animationSpeed":1,"_zoom":16.125},{"_mousePosition":[829,378],"_rootPartCFrame":[758.609,229.498,44.587,-0.042,0,0.999,0,1,0,-0.999,0,-0.042],"_humanoidState":5,"_cameraCFrame":[758.544,250.845,41.088,-1,0.018,-0.003,0,0.174,0.985,0.018,0.985,-0.174],"_shiftlockState":false,"_pose":"FreeFall","_animationQueue":[],"_animationSpeed":1,"_zoom":16.125},{"_mousePosition":[829,378],"_rootPartCFrame":[758.342,229.652,44.592,-0.039,0,0.999,0,1,0,-0.999,0,-0.039],"_humanoidState":5,"_cameraCFrame":[758.295,251.165,41.063,-1,0.013,-0.002,0,0.174,0.985,0.013,0.985,-0.174],"_shiftlockState":false,"_pose":"FreeFall","_animationQueue":[],"_animationSpeed":1,"_zoom":16.125},{"_mousePosition":[829,378],"_rootPartCFrame":[758.076,229.752,44.597,-0.036,0,0.999,0,1,0,-0.999,0,-0.036],"_humanoidState":5,"_cameraCFrame":[758.082,251.367,41.05,-1,-0.002,0,0,0.174,0.985,-0.002,0.985,-0.174],"_shiftlockState":false,"_pose":"FreeFall","_animationQueue":[],"_animationSpeed":1,"_zoom":16.125},{"_mousePosition":[829,378],"_rootPartCFrame":[757.809,229.797,44.601,-0.033,0,0.999,0,1,0,-0.999,0,-0.033],"_humanoidState":5,"_cameraCFrame":[757.906,251.487,41.042,-1,-0.027,0.005,0,0.174,0.985,-0.027,0.984,-0.174],"_shiftlockState":false,"_pose":"FreeFall","_animationQueue":[],"_animationSpeed":1,"_zoom":16.125},{"_mousePosition":[829,378],"_rootPartCFrame":[757.543,229.788,44.601,-0.029,0,1,0,1,0,-1,0,-0.029],"_humanoidState":5,"_cameraCFrame":[757.747,251.526,41.038,-0.998,-0.057,0.01,0,0.174,0.985,-0.057,0.983,-0.173],"_shiftlockState":false,"_pose":"FreeFall","_animationQueue":[],"_animationSpeed":1,"_zoom":16.125},{"_mousePosition":[829,378],"_rootPartCFrame":[757.276,229.725,44.595,-0.022,0,1,0,1,0,-1,0,-0.022],"_humanoidState":5,"_cameraCFrame":[757.617,251.5,41.036,-0.995,-0.094,0.017,0,0.174,0.985,-0.095,0.98,-0.173],"_shiftlockState":false,"_pose":"FreeFall","_animationQueue":[],"_animationSpeed":1,"_zoom":16.125},{"_mousePosition":[829,378],"_rootPartCFrame":[757.01,229.607,44.58,-0.013,0,1,0,1,0,-1,0,-0.013],"_humanoidState":5,"_cameraCFrame":[757.378,251.402,41.021,-0.995,-0.101,0.018,0,0.174,0.985,-0.103,0.98,-0.173],"_shiftlockState":false,"_pose":"FreeFall","_animationQueue":[["fall",0.3]],"_animationSpeed":1,"_zoom":16.125},{"_mousePosition":[829,378],"_rootPartCFrame":[756.744,229.434,44.556,0,0,1,0,1,0,-1,0,0],"_humanoidState":5,"_cameraCFrame":[757.112,251.246,40.994,-0.995,-0.101,0.018,0,0.174,0.985,-0.103,0.98,-0.173],"_shiftlockState":false,"_pose":"FreeFall","_animationQueue":[],"_animationSpeed":1,"_zoom":16.125},{"_mousePosition":[829,378],"_rootPartCFrame":[756.479,229.207,44.529,0.014,0,1,0,1,0,-1,0,0.014],"_humanoidState":5,"_cameraCFrame":[756.847,251.029,40.965,-0.995,-0.101,0.018,0,0.174,0.985,-0.103,0.98,-0.173],"_shiftlockState":false,"_pose":"FreeFall","_animationQueue":[],"_animationSpeed":1,"_zoom":16.125},{"_mousePosition":[829,378],"_rootPartCFrame":[756.214,228.925,44.502,0.026,0,1,0,1,0,-1,0,0.026],"_humanoidState":5,"_cameraCFrame":[756.582,250.754,40.936,-0.995,-0.101,0.018,0,0.174,0.985,-0.103,0.98,-0.173],"_shiftlockState":false,"_pose":"FreeFall","_animationQueue":[],"_animationSpeed":1,"_zoom":16.125},{"_mousePosition":[829,378],"_rootPartCFrame":[755.882,228.497,44.468,0.04,0,0.999,0,1,0,-0.999,0,0.04],"_humanoidState":5,"_cameraCFrame":[756.251,250.33,40.901,-0.995,-0.101,0.018,0,0.174,0.985,-0.103,0.98,-0.173],"_shiftlockState":false,"_pose":"FreeFall","_animationQueue":[],"_animationSpeed":1,"_zoom":16.125},{"_mousePosition":[829,378],"_rootPartCFrame":[755.617,228.092,44.44,0.049,0,0.999,0,1,0,-0.999,0,0.049],"_humanoidState":5,"_cameraCFrame":[755.986,249.929,40.873,-0.995,-0.101,0.018,0,0.174,0.985,-0.103,0.98,-0.173],"_shiftlockState":false,"_pose":"FreeFall","_animationQueue":[],"_animationSpeed":1,"_zoom":16.125},{"_mousePosition":[829,378],"_rootPartCFrame":[755.352,227.634,44.413,0.056,0,0.998,0,1,0,-0.998,0,0.056],"_humanoidState":5,"_cameraCFrame":[755.721,249.472,40.846,-0.995,-0.101,0.018,0,0.174,0.985,-0.103,0.98,-0.173],"_shiftlockState":false,"_pose":"FreeFall","_animationQueue":[["fall",0.3]],"_animationSpeed":1,"_zoom":16.125},{"_mousePosition":[829,378],"_rootPartCFrame":[755.087,227.12,44.385,0.063,0,0.998,0,1,0,-0.998,0,0.063],"_humanoidState":5,"_cameraCFrame":[755.453,248.786,40.849,-0.995,-0.101,0.018,0,0.174,0.985,-0.103,0.98,-0.173],"_shiftlockState":false,"_pose":"FreeFall","_animationQueue":[],"_animationSpeed":1,"_zoom":16.125},{"_mousePosition":[829,378],"_rootPartCFrame":[754.755,226.402,44.351,0.07,0,0.998,0,1,0,-0.998,0,0.07],"_humanoidState":5,"_cameraCFrame":[755.121,248.083,40.812,-0.995,-0.101,0.018,0,0.174,0.985,-0.103,0.98,-0.173],"_shiftlockState":false,"_pose":"FreeFall","_animationQueue":[],"_animationSpeed":1,"_zoom":16.125},{"_mousePosition":[829,378],"_rootPartCFrame":[754.49,225.766,44.324,0.075,0,0.997,0,1,0,-0.997,0,0.075],"_humanoidState":7,"_cameraCFrame":[754.866,247.472,40.781,-0.994,-0.104,0.018,0,0.174,0.985,-0.105,0.979,-0.173],"_shiftlockState":false,"_pose":"FreeFall","_animationQueue":[["walk",0.1],["fall",0.3],["fall",0.3]],"_animationSpeed":1,"_zoom":16.125},{"_mousePosition":[829,378],"_rootPartCFrame":[754.291,225.477,44.303,0.078,0,0.997,0,1,0,-0.997,0,0.078],"_humanoidState":7,"_cameraCFrame":[754.667,247.214,40.755,-0.994,-0.104,0.018,0,0.174,0.985,-0.105,0.979,-0.173],"_shiftlockState":false,"_pose":"FreeFall","_animationQueue":[],"_animationSpeed":1,"_zoom":16.125},{"_mousePosition":[829,378],"_rootPartCFrame":[754.026,225.511,44.275,0.081,0,0.997,0,1,0,-0.997,0,0.081],"_humanoidState":7,"_cameraCFrame":[754.367,247.275,40.718,-0.995,-0.094,0.017,0,0.174,0.985,-0.095,0.98,-0.173],"_shiftlockState":false,"_pose":"FreeFall","_animationQueue":[],"_animationSpeed":1,"_zoom":16.125},{"_mousePosition":[829,378],"_rootPartCFrame":[753.761,225.587,44.247,0.085,0,0.996,0,1,0,-0.996,0,0.085],"_humanoidState":8,"_cameraCFrame":[754.057,247.373,40.682,-0.997,-0.081,0.014,0,0.174,0.985,-0.083,0.981,-0.173],"_shiftlockState":false,"_pose":"Running","_animationQueue":[["walk",0.1],["fall",0.3],["walk",0.1]],"_animationSpeed":1.103,"_zoom":16.125},{"_mousePosition":[829,378],"_rootPartCFrame":[753.496,225.637,44.221,0.086,0,0.996,0,1,0,-0.996,0,0.086],"_humanoidState":8,"_cameraCFrame":[753.731,247.433,40.61,-0.998,-0.064,0.011,0,0.176,0.984,-0.065,0.982,-0.175],"_shiftlockState":false,"_pose":"Running","_animationQueue":[["walk",0.1]],"_animationSpeed":1.103,"_zoom":16.125},{"_mousePosition":[829,378],"_rootPartCFrame":[753.23,225.666,44.199,0.086,0,0.996,0,1,0,-0.996,0,0.086],"_humanoidState":8,"_cameraCFrame":[753.452,247.459,40.505,-0.998,-0.059,0.011,0,0.179,0.984,-0.06,0.982,-0.179],"_shiftlockState":false,"_pose":"Running","_animationQueue":[],"_animationSpeed":1.103,"_zoom":16.125},{"_mousePosition":[829,378],"_rootPartCFrame":[752.964,225.681,44.181,0.083,0,0.997,0,1,0,-0.997,0,0.083],"_humanoidState":8,"_cameraCFrame":[753.198,247.475,40.447,-0.998,-0.061,0.011,0,0.181,0.983,-0.062,0.982,-0.181],"_shiftlockState":false,"_pose":"Running","_animationQueue":[],"_animationSpeed":1.103,"_zoom":16.125},{"_mousePosition":[829,378],"_rootPartCFrame":[752.698,225.69,44.165,0.08,0,0.997,0,1,0,-0.997,0,0.08],"_humanoidState":8,"_cameraCFrame":[752.932,247.49,40.43,-0.998,-0.061,0.011,0,0.181,0.983,-0.062,0.982,-0.181],"_shiftlockState":false,"_pose":"Running","_animationQueue":[],"_animationSpeed":1.103,"_zoom":16.125},{"_mousePosition":[829,378],"_rootPartCFrame":[752.432,225.694,44.149,0.078,0,0.997,0,1,0,-0.997,0,0.078],"_humanoidState":8,"_cameraCFrame":[752.666,247.499,40.412,-0.998,-0.061,0.011,0,0.181,0.983,-0.062,0.982,-0.181],"_shiftlockState":false,"_pose":"Running","_animationQueue":[],"_animationSpeed":1.103,"_zoom":16.125},{"_mousePosition":[829,378],"_rootPartCFrame":[752.165,225.697,44.132,0.076,0,0.997,0,1,0,-0.997,0,0.076],"_humanoidState":8,"_cameraCFrame":[752.399,247.504,40.395,-0.998,-0.061,0.011,0,0.181,0.983,-0.062,0.982,-0.181],"_shiftlockState":false,"_pose":"Running","_animationQueue":[],"_animationSpeed":1.103,"_zoom":16.125},{"_mousePosition":[829,378],"_rootPartCFrame":[751.899,225.698,44.115,0.074,0,0.997,0,1,0,-0.997,0,0.074],"_humanoidState":8,"_cameraCFrame":[752.133,247.508,40.378,-0.998,-0.061,0.011,0,0.181,0.983,-0.062,0.982,-0.181],"_shiftlockState":false,"_pose":"Running","_animationQueue":[],"_animationSpeed":1.103,"_zoom":16.125},{"_mousePosition":[829,378],"_rootPartCFrame":[751.633,225.699,44.099,0.072,0,0.997,0,1,0,-0.997,0,0.072],"_humanoidState":8,"_cameraCFrame":[751.867,247.51,40.361,-0.998,-0.061,0.011,0,0.181,0.983,-0.062,0.982,-0.181],"_shiftlockState":false,"_pose":"Running","_animationQueue":[["walk",0.1]],"_animationSpeed":1.103,"_zoom":16.125},{"_mousePosition":[829,378],"_rootPartCFrame":[751.367,225.699,44.082,0.071,0,0.997,0,1,0,-0.997,0,0.071],"_humanoidState":8,"_cameraCFrame":[751.601,247.511,40.344,-0.998,-0.061,0.011,0,0.181,0.983,-0.062,0.982,-0.181],"_shiftlockState":false,"_pose":"Running","_animationQueue":[],"_animationSpeed":1.103,"_zoom":16.125},{"_mousePosition":[829,378],"_rootPartCFrame":[751.101,225.699,44.065,0.07,0,0.998,0,1,0,-0.998,0,0.07],"_humanoidState":8,"_cameraCFrame":[751.335,247.512,40.328,-0.998,-0.061,0.011,0,0.181,0.983,-0.062,0.982,-0.181],"_shiftlockState":false,"_pose":"Running","_animationQueue":[],"_animationSpeed":1.103,"_zoom":16.125},{"_mousePosition":[829,378],"_rootPartCFrame":[750.835,225.699,44.049,0.069,0,0.998,0,1,0,-0.998,0,0.069],"_humanoidState":8,"_cameraCFrame":[751.069,247.513,40.311,-0.998,-0.061,0.011,0,0.181,0.983,-0.062,0.982,-0.181],"_shiftlockState":false,"_pose":"Running","_animationQueue":[],"_animationSpeed":1.103,"_zoom":16.125},{"_mousePosition":[829,378],"_rootPartCFrame":[750.569,225.7,44.032,0.068,0,0.998,0,1,0,-0.998,0,0.068],"_humanoidState":8,"_cameraCFrame":[750.803,247.513,40.294,-0.998,-0.061,0.011,0,0.181,0.983,-0.062,0.982,-0.181],"_shiftlockState":false,"_pose":"Running","_animationQueue":[],"_animationSpeed":1.103,"_zoom":16.125},{"_mousePosition":[829,378],"_rootPartCFrame":[750.303,225.7,44.015,0.067,0,0.998,0,1,0,-0.998,0,0.067],"_humanoidState":8,"_cameraCFrame":[750.537,247.513,40.277,-0.998,-0.061,0.011,0,0.181,0.983,-0.062,0.982,-0.181],"_shiftlockState":false,"_pose":"Running","_animationQueue":[],"_animationSpeed":1.103,"_zoom":16.125},{"_mousePosition":[829,378],"_rootPartCFrame":[750.037,225.7,43.999,0.067,0,0.998,0,1,0,-0.998,0,0.067],"_humanoidState":8,"_cameraCFrame":[750.271,247.513,40.261,-0.998,-0.061,0.011,0,0.181,0.983,-0.062,0.982,-0.181],"_shiftlockState":false,"_pose":"Running","_animationQueue":[],"_animationSpeed":1.103,"_zoom":16.125},{"_mousePosition":[829,378],"_rootPartCFrame":[749.77,225.7,43.982,0.066,0,0.998,0,1,0,-0.998,0,0.066],"_humanoidState":8,"_cameraCFrame":[750.005,247.513,40.244,-0.998,-0.061,0.011,0,0.181,0.983,-0.062,0.982,-0.181],"_shiftlockState":false,"_pose":"Running","_animationQueue":[["walk",0.1]],"_animationSpeed":1.103,"_zoom":16.125},{"_mousePosition":[829,378],"_rootPartCFrame":[749.504,225.7,43.965,0.066,0,0.998,0,1,0,-0.998,0,0.066],"_humanoidState":8,"_cameraCFrame":[749.738,247.513,40.227,-0.998,-0.061,0.011,0,0.181,0.983,-0.062,0.982,-0.181],"_shiftlockState":false,"_pose":"Running","_animationQueue":[],"_animationSpeed":1.103,"_zoom":16.125},{"_mousePosition":[829,378],"_rootPartCFrame":[749.238,225.7,43.949,0.065,0,0.998,0,1,0,-0.998,0,0.065],"_humanoidState":8,"_cameraCFrame":[749.444,247.513,40.209,-0.998,-0.054,0.01,0,0.181,0.983,-0.055,0.982,-0.181],"_shiftlockState":false,"_pose":"Running","_animationQueue":[],"_animationSpeed":1.103,"_zoom":16.125},{"_mousePosition":[829,378],"_rootPartCFrame":[748.972,225.7,43.932,0.065,0,0.998,0,1,0,-0.998,0,0.065],"_humanoidState":8,"_cameraCFrame":[749.13,247.513,40.19,-0.999,-0.042,0.008,0,0.181,0.983,-0.042,0.983,-0.181],"_shiftlockState":false,"_pose":"Running","_animationQueue":[],"_animationSpeed":1.103,"_zoom":16.125},{"_mousePosition":[829,378],"_rootPartCFrame":[748.706,225.7,43.917,0.064,0,0.998,0,1,0,-0.998,0,0.064],"_humanoidState":8,"_cameraCFrame":[748.826,247.513,40.174,-0.999,-0.032,0.006,0,0.181,0.983,-0.032,0.983,-0.181],"_shiftlockState":false,"_pose":"Running","_animationQueue":[],"_animationSpeed":1.103,"_zoom":16.125},{"_mousePosition":[829,378],"_rootPartCFrame":[748.439,225.7,43.906,0.061,0,0.998,0,1,0,-0.998,0,0.061],"_humanoidState":8,"_cameraCFrame":[748.55,247.513,40.162,-1,-0.029,0.005,0,0.181,0.983,-0.03,0.983,-0.181],"_shiftlockState":false,"_pose":"Running","_animationQueue":[],"_animationSpeed":1.103,"_zoom":16.125},{"_mousePosition":[829,378],"_rootPartCFrame":[748.173,225.7,43.897,0.057,0,0.998,0,1,0,-0.998,0,0.057],"_humanoidState":8,"_cameraCFrame":[748.273,247.521,40.193,-1,-0.027,0.005,0,0.179,0.984,-0.027,0.983,-0.179],"_shiftlockState":false,"_pose":"Running","_animationQueue":[["walk",0.1]],"_animationSpeed":1.103,"_zoom":16.125},{"_mousePosition":[829,378],"_rootPartCFrame":[747.906,225.7,43.889,0.053,0,0.999,0,1,0,-0.999,0,0.053],"_humanoidState":8,"_cameraCFrame":[748.006,247.528,40.224,-1,-0.027,0.005,0,0.177,0.984,-0.027,0.984,-0.177],"_shiftlockState":false,"_pose":"Running","_animationQueue":[],"_animationSpeed":1.103,"_zoom":16.125},{"_mousePosition":[829,378],"_rootPartCFrame":[747.64,225.666,43.881,0.05,0,0.999,0,1,0,-0.999,0,0.05],"_humanoidState":8,"_cameraCFrame":[747.73,247.494,40.216,-1,-0.024,0.004,0,0.177,0.984,-0.025,0.984,-0.177],"_shiftlockState":false,"_pose":"Running","_animationQueue":[],"_animationSpeed":1.103,"_zoom":16.125},{"_mousePosition":[829,378],"_rootPartCFrame":[747.373,225.577,43.873,0.046,0,0.999,0,1,0,-0.999,0,0.046],"_humanoidState":8,"_cameraCFrame":[747.463,247.405,40.208,-1,-0.024,0.004,0,0.177,0.984,-0.025,0.984,-0.177],"_shiftlockState":false,"_pose":"Running","_animationQueue":[],"_animationSpeed":1.103,"_zoom":16.125},{"_mousePosition":[829,378],"_rootPartCFrame":[747.107,226.45,43.865,0.042,0,0.999,0,1,0,-0.999,0,0.042],"_humanoidState":3,"_cameraCFrame":[747.197,248.278,40.2,-1,-0.024,0.004,0,0.177,0.984,-0.025,0.984,-0.177],"_shiftlockState":false,"_pose":"Jumping","_animationQueue":[["walk",0.1],["jump",0.1]],"_animationSpeed":1,"_zoom":16.125},{"_mousePosition":[829,378],"_rootPartCFrame":[746.84,227.272,43.859,0.04,0,0.999,0,1,0,-0.999,0,0.04],"_humanoidState":5,"_cameraCFrame":[746.93,249.1,40.193,-1,-0.024,0.004,0,0.177,0.984,-0.025,0.984,-0.177],"_shiftlockState":false,"_pose":"FreeFall","_animationQueue":[["jump",0.1]],"_animationSpeed":1,"_zoom":16.125},{"_mousePosition":[829,378],"_rootPartCFrame":[746.573,228.04,43.852,0.038,0,0.999,0,1,0,-0.999,0,0.038],"_humanoidState":5,"_cameraCFrame":[746.662,249.875,40.226,-1,-0.024,0.004,0,0.176,0.984,-0.025,0.984,-0.176],"_shiftlockState":false,"_pose":"FreeFall","_animationQueue":[],"_animationSpeed":1,"_zoom":16.125},{"_mousePosition":[829,378],"_rootPartCFrame":[746.307,228.753,43.845,0.036,0,0.999,0,1,0,-0.999,0,0.036],"_humanoidState":5,"_cameraCFrame":[746.396,250.588,40.22,-1,-0.024,0.004,0,0.176,0.984,-0.025,0.984,-0.176],"_shiftlockState":false,"_pose":"FreeFall","_animationQueue":[],"_animationSpeed":1,"_zoom":16.125},{"_mousePosition":[829,378],"_rootPartCFrame":[746.04,229.411,43.839,0.034,0,0.999,0,1,0,-0.999,0,0.034],"_humanoidState":5,"_cameraCFrame":[746.129,251.247,40.213,-1,-0.024,0.004,0,0.176,0.984,-0.025,0.984,-0.176],"_shiftlockState":false,"_pose":"FreeFall","_animationQueue":[],"_animationSpeed":1,"_zoom":16.125},{"_mousePosition":[829,378],"_rootPartCFrame":[745.774,230.015,43.832,0.033,0,0.999,0,1,0,-0.999,0,0.033],"_humanoidState":5,"_cameraCFrame":[745.863,251.851,40.207,-1,-0.024,0.004,0,0.176,0.984,-0.025,0.984,-0.176],"_shiftlockState":false,"_pose":"FreeFall","_animationQueue":[],"_animationSpeed":1,"_zoom":16.125},{"_mousePosition":[829,378],"_rootPartCFrame":[745.507,230.565,43.826,0.032,0,1,0,1,0,-1,0,0.032],"_humanoidState":5,"_cameraCFrame":[745.596,252.4,40.2,-1,-0.024,0.004,0,0.176,0.984,-0.025,0.984,-0.176],"_shiftlockState":false,"_pose":"FreeFall","_animationQueue":[],"_animationSpeed":1,"_zoom":16.125},{"_mousePosition":[829,378],"_rootPartCFrame":[745.24,231.06,43.819,0.031,0,1,0,1,0,-1,0,0.031],"_humanoidState":5,"_cameraCFrame":[745.329,252.895,40.194,-1,-0.024,0.004,0,0.176,0.984,-0.025,0.984,-0.176],"_shiftlockState":false,"_pose":"FreeFall","_animationQueue":[],"_animationSpeed":1,"_zoom":16.125},{"_mousePosition":[829,378],"_rootPartCFrame":[744.907,231.602,43.811,0.03,0,1,0,1,0,-1,0,0.03],"_humanoidState":5,"_cameraCFrame":[744.996,253.437,40.186,-1,-0.024,0.004,0,0.176,0.984,-0.025,0.984,-0.176],"_shiftlockState":false,"_pose":"FreeFall","_animationQueue":[],"_animationSpeed":1,"_zoom":16.125},{"_mousePosition":[829,378],"_rootPartCFrame":[744.707,231.886,43.806,0.029,0,1,0,1,0,-1,0,0.029],"_humanoidState":5,"_cameraCFrame":[744.787,253.722,40.18,-1,-0.022,0.004,0,0.176,0.984,-0.022,0.984,-0.176],"_shiftlockState":false,"_pose":"FreeFall","_animationQueue":[],"_animationSpeed":1,"_zoom":16.125},{"_mousePosition":[829,378],"_rootPartCFrame":[744.374,232.292,43.798,0.028,0,1,0,1,0,-1,0,0.028],"_humanoidState":5,"_cameraCFrame":[744.454,254.128,40.172,-1,-0.022,0.004,0,0.176,0.984,-0.022,0.984,-0.176],"_shiftlockState":false,"_pose":"FreeFall","_animationQueue":[],"_animationSpeed":1,"_zoom":16.125},{"_mousePosition":[829,378],"_rootPartCFrame":[744.107,232.556,43.792,0.027,0,1,0,1,0,-1,0,0.027],"_humanoidState":5,"_cameraCFrame":[744.186,254.398,40.206,-1,-0.022,0.004,0,0.174,0.985,-0.022,0.985,-0.174],"_shiftlockState":false,"_pose":"FreeFall","_animationQueue":[],"_animationSpeed":1,"_zoom":16.125},{"_mousePosition":[829,378],"_rootPartCFrame":[743.841,232.764,43.786,0.027,0,1,0,1,0,-1,0,0.027],"_humanoidState":5,"_cameraCFrame":[743.92,254.607,40.2,-1,-0.022,0.004,0,0.174,0.985,-0.022,0.985,-0.174],"_shiftlockState":false,"_pose":"FreeFall","_animationQueue":[],"_animationSpeed":1,"_zoom":16.125},{"_mousePosition":[829,378],"_rootPartCFrame":[743.641,232.885,43.782,0.026,0,1,0,1,0,-1,0,0.026],"_humanoidState":5,"_cameraCFrame":[743.711,254.728,40.195,-1,-0.019,0.003,0,0.174,0.985,-0.02,0.985,-0.174],"_shiftlockState":false,"_pose":"FreeFall","_animationQueue":[],"_animationSpeed":1,"_zoom":16.125},{"_mousePosition":[829,378],"_rootPartCFrame":[743.374,232.999,43.776,0.026,0,1,0,1,0,-1,0,0.026],"_humanoidState":5,"_cameraCFrame":[743.444,254.841,40.19,-1,-0.019,0.003,0,0.174,0.985,-0.02,0.985,-0.174],"_shiftlockState":false,"_pose":"FreeFall","_animationQueue":[],"_animationSpeed":1,"_zoom":16.125},{"_mousePositio