[{"_mousePosition":[719,410],"_rootPartCFrame":[776.029,222.7,47.142,0,0,1,0,1,0,-1,0,0],"_humanoidState":8,"_cameraCFrame":[781.122,244.218,47.185,0.008,-0.969,0.247,0,0.247,0.969,-1,-0.008,0.002],"_shiftlockState":false,"_pose":"Standing","_animationQueue":[],"_animationSpeed":1,"_zoom":16.125},{"_mousePosition":[719,410],"_rootPartCFrame":[775.726,222.7,47.141,0,0,1,0,1,0,-1,0,0],"_humanoidState":8,"_cameraCFrame":[780.819,244.218,47.184,0.008,-0.969,0.247,0,0.247,0.969,-1,-0.008,0.002],"_shiftlockState":false,"_pose":"Standing","_animationQueue":[],"_animationSpeed":1,"_zoom":16.125},{"_mousePosition":[719,410],"_rootPartCFrame":[775.593,222.7,47.14,0.001,0,1,0,1,0,-1,0,0.001],"_humanoidState":8,"_cameraCFrame":[780.686,244.218,47.183,0.008,-0.969,0.247,0,0.247,0.969,-1,-0.008,0.002],"_shiftlockState":false,"_pose":"Running","_animationQueue":[["walk",0.1]],"_animationSpeed":1.089,"_zoom":16.125},{"_mousePosition":[719,410],"_rootPartCFrame":[775.326,222.7,47.138,0.002,0,1,0,1,0,-1,0,0.002],"_humanoidState":8,"_cameraCFrame":[780.419,244.218,47.18,0.008,-0.969,0.247,0,0.247,0.969,-1,-0.008,0.002],"_shiftlockState":false,"_pose":"Running","_animationQueue":[],"_animationSpeed":1.089,"_zoom":16.125},{"_mousePosition":[719,410],"_rootPartCFrame":[775.06,222.7,47.136,0.003,0,1,0,1,0,-1,0,0.003],"_humanoidState":8,"_cameraCFrame":[780.153,244.218,47.178,0.008,-0.969,0.247,0,0.247,0.969,-1,-0.008,0.002],"_shiftlockState":false,"_pose":"Running","_animationQueue":[["walk",0.1]],"_animationSpeed":1.089,"_zoom":16.125},{"_mousePosition":[719,410],"_rootPartCFrame":[774.66,222.7,47.133,0.004,0,1,0,1,0,-1,0,0.004],"_humanoidState":8,"_cameraCFrame":[779.792,244.208,47.175,0.008,-0.969,0.248,0,0.248,0.969,-1,-0.008,0.002],"_shiftlockState":false,"_pose":"Running","_animationQueue":[],"_animationSpeed":1.089,"_zoom":16.125},{"_mousePosition":[719,410],"_rootPartCFrame":[774.526,222.7,47.132,0.004,0,1,0,1,0,-1,0,0.004],"_humanoidState":8,"_cameraCFrame":[779.736,244.188,47.188,0.011,-0.968,0.252,0,0.252,0.968,-1,-0.01,0.003],"_shiftlockState":false,"_pose":"Running","_animationQueue":[],"_animationSpeed":1.089,"_zoom":16.125},{"_mousePosition":[719,410],"_rootPartCFrame":[774.126,222.7,47.128,0.005,0,1,0,1,0,-1,0,0.005],"_humanoidState":8,"_cameraCFrame":[779.492,244.147,47.214,0.016,-0.966,0.26,0,0.26,0.966,-1,-0.015,0.004],"_shiftlockState":false,"_pose":"Running","_animationQueue":[],"_animationSpeed":1.089,"_zoom":16.125},{"_mousePosition":[719,410],"_rootPartCFrame":[773.86,222.7,47.125,0.006,0,1,0,1,0,-1,0,0.006],"_humanoidState":8,"_cameraCFrame":[779.418,244.094,47.284,0.029,-0.963,0.269,0,0.269,0.963,-1,-0.027,0.008],"_shiftlockState":false,"_pose":"Running","_animationQueue":[],"_animationSpeed":1.089,"_zoom":16.125},{"_mousePosition":[719,410],"_rootPartCFrame":[773.727,222.7,47.123,0.006,0,1,0,1,0,-1,0,0.006],"_humanoidState":8,"_cameraCFrame":[779.36,244.072,47.327,0.036,-0.961,0.273,0,0.273,0.962,-0.999,-0.035,0.01],"_shiftlockState":false,"_pose":"Running","_animationQueue":[],"_animationSpeed":1.089,"_zoom":16.125},{"_mousePosition":[719,410],"_rootPartCFrame":[773.327,222.7,47.112,0.011,0,1,0,1,0,-1,0,0.011],"_humanoidState":8,"_cameraCFrame":[779.037,244.05,47.333,0.039,-0.96,0.276,0,0.277,0.961,-0.999,-0.037,0.011],"_shiftlockState":false,"_pose":"Running","_animationQueue":[["walk",0.1]],"_animationSpeed":1.089,"_zoom":16.125},{"_mousePosition":[719,410],"_rootPartCFrame":[773.06,222.7,47.103,0.014,0,1,0,1,0,-1,0,0.014],"_humanoidState":8,"_cameraCFrame":[778.771,244.05,47.324,0.039,-0.96,0.276,0,0.277,0.961,-0.999,-0.037,0.011],"_shiftlockState":false,"_pose":"Running","_animationQueue":[],"_animationSpeed":1.089,"_zoom":16.125},{"_mousePosition":[719,410],"_rootPartCFrame":[772.927,222.7,47.098,0.016,0,1,0,1,0,-1,0,0.016],"_humanoidState":8,"_cameraCFrame":[778.638,244.05,47.319,0.039,-0.96,0.276,0,0.277,0.961,-0.999,-0.037,0.011],"_shiftlockState":false,"_pose":"Running","_animationQueue":[],"_animationSpeed":1.089,"_zoom":16.125},{"_mousePosition":[719,410],"_rootPartCFrame":[772.66,222.7,47.087,0.019,0,1,0,1,0,-1,0,0.019],"_humanoidState":8,"_cameraCFrame":[778.371,244.05,47.308,0.039,-0.96,0.276,0,0.277,0.961,-0.999,-0.037,0.011],"_shiftlockState":false,"_pose":"Running","_animationQueue":[],"_animationSpeed":1.089,"_zoom":16.125},{"_mousePosition":[719,410],"_rootPartCFrame":[772.261,222.7,47.072,0.023,0,1,0,1,0,-1,0,0.023],"_humanoidState":8,"_cameraCFrame":[777.971,244.05,47.293,0.039,-0.96,0.276,0,0.277,0.961,-0.999,-0.037,0.011],"_shiftlockState":false,"_pose":"Running","_animationQueue":[],"_animationSpeed":1.089,"_zoom":16.125},{"_mousePosition":[719,410],"_rootPartCFrame":[771.994,222.7,47.062,0.025,0,1,0,1,0,-1,0,0.025],"_humanoidState":8,"_cameraCFrame":[777.705,244.05,47.283,0.039,-0.96,0.276,0,0.277,0.961,-0.999,-0.037,0.011],"_shiftlockState":false,"_pose":"Running","_animationQueue":[],"_animationSpeed":1.089,"_zoom":16.125},{"_mousePosition":[719,410],"_rootPartCFrame":[771.728,222.7,47.051,0.027,0,1,0,1,0,-1,0,0.027],"_humanoidState":8,"_cameraCFrame":[777.438,244.05,47.272,0.039,-0.96,0.276,0,0.277,0.961,-0.999,-0.037,0.011],"_shiftlockState":false,"_pose":"Running","_animationQueue":[],"_animationSpeed":1.089,"_zoom":16.125},{"_mousePosition":[719,410],"_rootPartCFrame":[771.461,222.7,47.041,0.028,0,1,0,1,0,-1,0,0.028],"_humanoidState":8,"_cameraCFrame":[777.172,244.05,47.262,0.039,-0.96,0.276,0,0.277,0.961,-0.999,-0.037,0.011],"_shiftlockState":false,"_pose":"Running","_animationQueue":[["walk",0.1]],"_animationSpeed":1.089,"_zoom":16.125},{"_mousePosition":[719,410],"_rootPartCFrame":[771.195,222.7,47.031,0.03,0,1,0,1,0,-1,0,0.03],"_humanoidState":8,"_cameraCFrame":[776.906,244.05,47.252,0.039,-0.96,0.276,0,0.277,0.961,-0.999,-0.037,0.011],"_shiftlockState":false,"_pose":"Running","_animationQueue":[],"_animationSpeed":1.089,"_zoom":16.125},{"_mousePosition":[719,410],"_rootPartCFrame":[771.062,222.7,47.025,0.03,0,1,0,1,0,-1,0,0.03],"_humanoidState":8,"_cameraCFrame":[776.772,244.05,47.246,0.039,-0.96,0.276,0,0.277,0.961,-0.999,-0.037,0.011],"_shiftlockState":false,"_pose":"Running","_animationQueue":[],"_animationSpeed":1.089,"_zoom":16.125},{"_mousePosition":[719,410],"_rootPartCFrame":[770.795,222.7,47.015,0.032,0,1,0,1,0,-1,0,0.032],"_humanoidState":8,"_cameraCFrame":[776.506,244.05,47.236,0.039,-0.96,0.276,0,0.277,0.961,-0.999,-0.037,0.011],"_shiftlockState":false,"_pose":"Running","_animationQueue":[],"_animationSpeed":1.089,"_zoom":16.125},{"_mousePosition":[719,410],"_rootPartCFrame":[770.529,222.7,47.005,0.032,0,0.999,0,1,0,-0.999,0,0.032],"_humanoidState":8,"_cameraCFrame":[776.239,244.05,47.226,0.039,-0.96,0.276,0,0.277,0.961,-0.999,-0.037,0.011],"_shiftlockState":false,"_pose":"Running","_animationQueue":[],"_animationSpeed":1.089,"_zoom":16.125},{"_mousePosition":[719,410],"_rootPartCFrame":[770.262,222.666,46.995,0.033,0,0.999,0,1,0,-0.999,0,0.033],"_humanoidState":8,"_cameraCFrame":[775.973,244.016,47.215,0.039,-0.96,0.276,0,0.277,0.961,-0.999,-0.037,0.011],"_shiftlockState":false,"_pose":"Running","_animationQueue":[],"_animationSpeed":1.089,"_zoom":16.125},{"_mousePosition":[719,410],"_rootPartCFrame":[769.996,222.577,46.984,0.034,0,0.999,0,1,0,-0.999,0,0.034],"_humanoidState":8,"_cameraCFrame":[775.707,243.927,47.205,0.039,-0.96,0.276,0,0.277,0.961,-0.999,-0.037,0.011],"_shiftlockState":false,"_pose":"Running","_animationQueue":[],"_animationSpeed":1.089,"_zoom":16.125},{"_mousePosition":[719,410],"_rootPartCFrame":[769.663,223.647,46.971,0.036,0,0.999,0,1,0,-0.999,0,0.036],"_humanoidState":3,"_cameraCFrame":[775.413,244.986,47.179,0.036,-0.96,0.278,0,0.279,0.96,-0.999,-0.035,0.01],"_shiftlockState":false,"_pose":"Jumping","_animationQueue":[["walk",0.1],["walk",0.1],["jump",0.1]],"_animationSpeed":1,"_zoom":16.125},{"_mousePosition":[719,410],"_rootPartCFrame":[769.397,224.442,46.961,0.036,0,0.999,0,1,0,-0.999,0,0.036],"_humanoidState":5,"_cameraCFrame":[775.15,245.781,47.009,0.008,-0.96,0.279,0,0.279,0.96,-1,-0.008,0.002],"_shiftlockState":false,"_pose":"FreeFall","_animationQueue":[["jump",0.1]],"_animationSpeed":1,"_zoom":16.125},{"_mousePosition":[719,410],"_rootPartCFrame":[769.13,225.182,46.951,0.036,0,0.999,0,1,0,-0.999,0,0.036],"_humanoidState":5,"_cameraCFrame":[774.884,246.521,46.926,-0.004,-0.96,0.279,0,0.279,0.96,-1,0.004,-0.001],"_shiftlockState":false,"_pose":"FreeFall","_animationQueue":[],"_animationSpeed":1,"_zoom":16.125},{"_mousePosition":[719,410],"_rootPartCFrame":[768.863,225.868,46.948,0.034,0,0.999,0,1,0,-0.999,0,0.034],"_humanoidState":5,"_cameraCFrame":[774.616,247.207,46.85,-0.017,-0.96,0.279,0,0.279,0.96,-1,0.016,-0.005],"_shiftlockState":false,"_pose":"FreeFall","_animationQueue":[],"_animationSpeed":1,"_zoom":16.125},{"_mousePosition":[719,410],"_rootPartCFrame":[768.597,226.499,46.949,0.029,0,1,0,1,0,-1,0,0.029],"_humanoidState":5,"_cameraCFrame":[774.35,247.838,46.851,-0.017,-0.96,0.279,0,0.279,0.96,-1,0.016,-0.005],"_shiftlockState":false,"_pose":"FreeFall","_animationQueue":[],"_animationSpeed":1,"_zoom":16.125},{"_mousePosition":[719,410],"_rootPartCFrame":[768.33,227.076,46.953,0.023,0,1,0,1,0,-1,0,0.023],"_humanoidState":5,"_cameraCFrame":[774.083,248.415,46.84,-0.02,-0.96,0.278,0,0.279,0.96,-1,0.019,-0.005],"_shiftlockState":false,"_pose":"FreeFall","_animationQueue":[],"_animationSpeed":1,"_zoom":16.125},{"_mousePosition":[719,410],"_rootPartCFrame":[768.064,227.598,46.957,0.018,0,1,0,1,0,-1,0,0.018],"_humanoidState":5,"_cameraCFrame":[773.816,248.937,46.845,-0.02,-0.96,0.278,0,0.279,0.96,-1,0.019,-0.005],"_shiftlockState":false,"_pose":"FreeFall","_animationQueue":[],"_animationSpeed":1,"_zoom":16.125},{"_mousePosition":[719,410],"_rootPartCFrame":[767.797,228.066,46.962,0.013,0,1,0,1,0,-1,0,0.013],"_humanoidState":5,"_cameraCFrame":[773.511,249.416,46.851,-0.02,-0.961,0.277,0,0.277,0.961,-1,0.019,-0.005],"_shiftlockState":false,"_pose":"FreeFall","_animationQueue":[],"_animationSpeed":1,"_zoom":16.125},{"_mousePosition":[719,410],"_rootPartCFrame":[767.53,228.479,46.967,0.008,0,1,0,1,0,-1,0,0.008],"_humanoidState":5,"_cameraCFrame":[773.244,249.829,46.841,-0.022,-0.961,0.277,0,0.277,0.961,-1,0.021,-0.006],"_shiftlockState":false,"_pose":"FreeFall","_animationQueue":[],"_animationSpeed":1,"_zoom":16.125},{"_mousePosition":[719,410],"_rootPartCFrame":[767.264,228.838,46.973,0.004,0,1,0,1,0,-1,0,0.004],"_humanoidState":5,"_cameraCFrame":[772.977,250.188,46.847,-0.022,-0.961,0.277,0,0.277,0.961,-1,0.021,-0.006],"_shiftlockState":false,"_pose":"FreeFall","_animationQueue":[],"_animationSpeed":1,"_zoom":16.125},{"_mousePosition":[719,410],"_rootPartCFrame":[766.997,229.142,46.978,0.001,0,1,0,1,0,-1,0,0.001],"_humanoidState":5,"_cameraCFrame":[772.711,250.492,46.852,-0.022,-0.961,0.277,0,0.277,0.961,-1,0.021,-0.006],"_shiftlockState":false,"_pose":"FreeFall","_animationQueue":[],"_animationSpeed":1,"_zoom":16.125},{"_mousePosition":[719,410],"_rootPartCFrame":[766.797,229.335,46.983,-0.002,0,1,0,1,0,-1,0,-0.002],"_humanoidState":5,"_cameraCFrame":[772.472,250.696,46.858,-0.022,-0.961,0.275,0,0.275,0.962,-1,0.021,-0.006],"_shiftlockState":false,"_pose":"FreeFall","_animationQueue":[],"_animationSpeed":1,"_zoom":16.125},{"_mousePosition":[719,410],"_rootPartCFrame":[766.531,229.544,46.989,-0.005,0,1,0,1,0,-1,0,-0.005],"_humanoidState":5,"_cameraCFrame":[772.206,250.905,46.863,-0.022,-0.961,0.275,0,0.275,0.962,-1,0.021,-0.006],"_shiftlockState":false,"_pose":"FreeFall","_animationQueue":[],"_animationSpeed":1,"_zoom":16.125},{"_mousePosition":[719,410],"_rootPartCFrame":[766.264,229.698,46.995,-0.007,0,1,0,1,0,-1,0,-0.007],"_humanoidState":5,"_cameraCFrame":[771.939,251.059,46.869,-0.022,-0.961,0.275,0,0.275,0.962,-1,0.021,-0.006],"_shiftlockState":false,"_pose":"FreeFall","_animationQueue":[],"_animationSpeed":1,"_zoom":16.125},{"_mousePosition":[719,410],"_rootPartCFrame":[765.997,229.798,47,-0.009,0,1,0,1,0,-1,0,-0.009],"_humanoidState":5,"_cameraCFrame":[771.672,251.159,46.875,-0.022,-0.961,0.275,0,0.275,0.962,-1,0.021,-0.006],"_shiftlockState":false,"_pose":"FreeFall","_animationQueue":[],"_animationSpeed":1,"_zoom":16.125},{"_mousePosition":[719,410],"_rootPartCFrame":[765.731,229.843,47.006,-0.011,0,1,0,1,0,-1,0,-0.011],"_humanoidState":5,"_cameraCFrame":[771.367,251.215,46.882,-0.022,-0.962,0.273,0,0.273,0.962,-1,0.021,-0.006],"_shiftlockState":false,"_pose":"FreeFall","_animationQueue":[],"_animationSpeed":1,"_zoom":16.125},{"_mousePosition":[719,410],"_rootPartCFrame":[765.398,229.823,47.014,-0.013,0,1,0,1,0,-1,0,-0.013],"_humanoidState":5,"_cameraCFrame":[771.034,251.195,46.889,-0.022,-0.962,0.273,0,0.273,0.962,-1,0.021,-0.006],"_shiftlockState":false,"_pose":"FreeFall","_animationQueue":[],"_animationSpeed":1,"_zoom":16.125},{"_mousePosition":[719,410],"_rootPartCFrame":[765.131,229.746,47.02,-0.014,0,1,0,1,0,-1,0,-0.014],"_humanoidState":5,"_cameraCFrame":[770.767,251.118,46.895,-0.022,-0.962,0.273,0,0.273,0.962,-1,0.021,-0.006],"_shiftlockState":false,"_pose":"FreeFall","_animationQueue":[],"_animationSpeed":1,"_zoom":16.125},{"_mousePosition":[719,410],"_rootPartCFrame":[764.931,229.653,47.024,-0.015,0,1,0,1,0,-1,0,-0.015],"_humanoidState":5,"_cameraCFrame":[770.568,251.025,46.914,-0.02,-0.962,0.273,0,0.273,0.962,-1,0.019,-0.005],"_shiftlockState":false,"_pose":"FreeFall","_animationQueue":[],"_animationSpeed":1,"_zoom":16.125},{"_mousePosition":[719,410],"_rootPartCFrame":[764.598,229.428,47.031,-0.016,0,1,0,1,0,-1,0,-0.016],"_humanoidState":5,"_cameraCFrame":[770.196,250.811,46.95,-0.014,-0.962,0.271,0,0.271,0.963,-1,0.014,-0.004],"_shiftlockState":false,"_pose":"FreeFall","_animationQueue":[["fall",0.3]],"_animationSpeed":1,"_zoom":16.125},{"_mousePosition":[719,410],"_rootPartCFrame":[764.331,229.188,47.037,-0.017,0,1,0,1,0,-1,0,-0.017],"_humanoidState":5,"_cameraCFrame":[769.93,250.571,46.998,-0.007,-0.963,0.271,0,0.271,0.963,-1,0.007,-0.002],"_shiftlockState":false,"_pose":"FreeFall","_animationQueue":[],"_animationSpeed":1,"_zoom":16.125},{"_mousePosition":[719,410],"_rootPartCFrame":[764.065,228.892,47.041,-0.017,0,1,0,1,0,-1,0,-0.017],"_humanoidState":5,"_cameraCFrame":[769.625,250.286,47.073,0.006,-0.963,0.269,0,0.269,0.963,-1,-0.006,0.002],"_shiftlockState":false,"_pose":"FreeFall","_animationQueue":[],"_animationSpeed":1,"_zoom":16.125},{"_mousePosition":[719,410],"_rootPartCFrame":[763.865,228.635,47.042,-0.016,0,1,0,1,0,-1,0,-0.016],"_humanoidState":5,"_cameraCFrame":[769.384,250.04,47.186,0.026,-0.963,0.267,0,0.267,0.964,-1,-0.025,0.007],"_shiftlockState":false,"_pose":"FreeFall","_animationQueue":[],"_animationSpeed":1,"_zoom":16.125},{"_mousePosition":[719,410],"_rootPartCFrame":[763.531,228.138,47.041,-0.013,0,1,0,1,0,-1,0,-0.013],"_humanoidState":5,"_cameraCFrame":[769.007,249.554,47.322,0.051,-0.963,0.265,0,0.265,0.964,-0.999,-0.049,0.014],"_shiftlockState":false,"_pose":"FreeFall","_animationQueue":[],"_animationSpeed":1,"_zoom":16.125},{"_mousePosition":[719,410],"_rootPartCFrame":[763.265,227.68,47.035,-0.009,0,1,0,1,0,-1,0,-0.009],"_humanoidState":5,"_cameraCFrame":[768.73,249.095,47.468,0.079,-0.961,0.265,0,0.265,0.964,-0.997,-0.076,0.021],"_shiftlockState":false,"_pose":"FreeFall","_animationQueue":[],"_animationSpeed":1,"_zoom":16.125},{"_mousePosition":[719,410],"_rootPartCFrame":[762.998,227.166,47.022,-0.002,0,1,0,1,0,-1,0,-0.002],"_humanoidState":5,"_cameraCFrame":[768.394,248.592,47.74,0.132,-0.956,0.261,0,0.264,0.965,-0.991,-0.127,0.035],"_shiftlockState":false,"_pose":"FreeFall","_animationQueue":[],"_animationSpeed":1,"_zoom":16.125},{"_mousePosition":[719,410],"_rootPartCFrame":[762.732,226.599,47.002,0.008,0,1,0,1,0,-1,0,0.008],"_humanoidState":5,"_cameraCFrame":[768.057,248.035,47.932,0.172,-0.951,0.258,0,0.262,0.965,-0.985,-0.166,0.045],"_shiftlockState":false,"_pose":"FreeFall","_animationQueue":[["fall",0.3]],"_animationSpeed":1,"_zoom":16.125},{"_mousePosition":[719,410],"_rootPartCFrame":[762.468,225.976,46.969,0.023,0,1,0,1,0,-1,0,0.023],"_humanoidState":5,"_cameraCFrame":[767.668,247.434,48.123,0.217,-0.943,0.252,0,0.258,0.966,-0.976,-0.209,0.056],"_shiftlockState":false,"_pose":"FreeFall","_animationQueue":[],"_animationSpeed":1,"_zoom":16.125},{"_mousePosition":[719,410],"_rootPartCFrame":[762.205,225.3,46.925,0.042,0,0.999,0,1,0,-0.999,0,0.042],"_humanoidState":5,"_cameraCFrame":[767.272,246.778,48.294,0.261,-0.934,0.245,0,0.254,0.967,-0.965,-0.252,0.066],"_shiftlockState":false,"_pose":"FreeFall","_animationQueue":[],"_animationSpeed":1,"_zoom":16.125},{"_mousePosition":[719,410],"_rootPartCFrame":[761.944,224.568,46.869,0.064,0,0.998,0,1,0,-0.998,0,0.064],"_humanoidState":7,"_cameraCFrame":[766.825,246.077,48.457,0.309,-0.921,0.236,0,0.248,0.969,-0.951,-0.3,0.077],"_shiftlockState":false,"_pose":"FreeFall","_animationQueue":[["walk",0.1],["fall",0.3],["fall",0.3]],"_animationSpeed":1,"_zoom":16.125},{"_mousePosition":[719,410],"_rootPartCFrame":[761.686,223.883,46.801,0.089,0,0.996,0,1,0,-0.996,0,0.089],"_humanoidState":7,"_cameraCFrame":[766.403,245.411,48.618,0.359,-0.905,0.228,0,0.245,0.97,-0.933,-0.349,0.088],"_shiftlockState":false,"_pose":"FreeFall","_animationQueue":[],"_animationSpeed":1,"_zoom":16.125},{"_mousePosition":[719,410],"_rootPartCFrame":[761.369,224.044,46.7,0.126,0,0.992,0,1,0,-0.992,0,0.126],"_humanoidState":8,"_cameraCFrame":[765.916,245.591,48.721,0.406,-0.887,0.22,0,0.241,0.971,-0.914,-0.394,0.098],"_shiftlockState":false,"_pose":"Running","_animationQueue":[["walk",0.1],["fall",0.3],["walk",0.1]],"_animationSpeed":1.103,"_zoom":16.125},{"_mousePosition":[719,410],"_rootPartCFrame":[761.119,224.216,46.606,0.157,0,0.988,0,1,0,-0.988,0,0.157],"_humanoidState":8,"_cameraCFrame":[765.483,245.783,48.83,0.454,-0.866,0.211,0,0.237,0.971,-0.891,-0.441,0.108],"_shiftlockState":false,"_pose":"Running","_animationQueue":[],"_animationSpeed":1.103,"_zoom":16.125},{"_mousePosition":[719,410],"_rootPartCFrame":[760.87,225.089,46.51,0.188,0,0.982,0,1,0,-0.982,0,0.188],"_humanoidState":3,"_cameraCFrame":[765.134,246.656,48.92,0.492,-0.846,0.206,0,0.237,0.971,-0.871,-0.478,0.117],"_shiftlockState":false,"_pose":"Jumping","_animationQueue":[["walk",0.1],["walk",0.1],["jump",0.1]],"_animationSpeed":1,"_zoom":16.125},{"_mousePosition":[719,410],"_rootPartCFrame":[760.63,225.911,46.396,0.223,0,0.975,0,1,0,-0.975,0,0.223],"_humanoidState":5,"_cameraCFrame":[764.793,247.478,48.977,0.527,-0.826,0.202,0,0.237,0.971,-0.85,-0.512,0.125],"_shiftlockState":false,"_pose":"FreeFall","_animationQueue":[["jump",0.1]],"_animationSpeed":1,"_zoom":16.125},{"_mousePosition":[719,410],"_rootPartCFrame":[760.397,226.679,46.266,0.26,0,0.966,0,1,0,-0.966,0,0.26],"_humanoidState":5,"_cameraCFrame":[765.44,248.246,47.539,0.557,-0.807,0.197,0,0.237,0.971,-0.831,-0.541,0.132],"_shiftlockState":true,"_pose":"FreeFall","_animationQueue":[],"_animationSpeed":1,"_zoom":16.125},{"_mousePosition":[683,384],"_rootPartCFrame":[760.169,227.392,46.127,0.564,0,0.826,0,1,0,-0.826,0,0.564],"_humanoidState":5,"_cameraCFrame":[765.212,248.959,47.4,0.557,-0.807,0.197,0,0.237,0.971,-0.831,-0.541,0.132],"_shiftlockState":true,"_pose":"FreeFall","_animationQueue":[],"_animationSpeed":1,"_zoom":16.125},{"_mousePosition":[683,384],"_rootPartCFrame":[759.947,228.05,45.98,0.557,0,0.831,0,1,0,-0.831,0,0.557],"_humanoidState":5,"_cameraCFrame":[764.956,249.617,47.38,0.578,-0.793,0.194,0,0.237,0.971,-0.816,-0.561,0.137],"_shiftlockState":true,"_pose":"FreeFall","_animationQueue":[],"_animationSpeed":1,"_zoom":16.125},{"_mousePosition":[683,384],"_rootPartCFrame":[759.725,228.654,45.832,0.576,0,0.818,0,1,0,-0.818,0,0.576],"_humanoidState":5,"_cameraCFrame":[764.678,250.231,47.297,0.592,-0.783,0.19,0,0.235,0.972,-0.806,-0.575,0.139],"_shiftlockState":true,"_pose":"FreeFall","_animationQueue":[],"_animationSpeed":1,"_zoom":16.125},{"_mousePosition":[683,384],"_rootPartCFrame":[759.561,229.071,45.717,0.59,0,0.807,0,1,0,-0.807,0,0.59],"_humanoidState":5,"_cameraCFrame":[764.506,250.648,47.207,0.596,-0.78,0.189,0,0.235,0.972,-0.803,-0.579,0.14],"_shiftlockState":true,"_pose":"FreeFall","_animationQueue":[],"_animationSpeed":1,"_zoom":16.125},{"_mousePosition":[683,384],"_rootPartCFrame":[759.292,229.699,45.52,0.595,0,0.804,0,1,0,-0.804,0,0.595],"_humanoidState":5,"_cameraCFrame":[764.237,251.275,47.011,0.596,-0.78,0.189,0,0.235,0.972,-0.803,-0.579,0.14],"_shiftlockState":true,"_pose":"FreeFall","_animationQueue":[],"_animationSpeed":1,"_zoom":16.125},{"_mousePosition":[683,384],"_rootPartCFrame":[759.078,230.139,45.361,0.596,0,0.803,0,1,0,-0.803,0,0.596],"_humanoidState":5,"_cameraCFrame":[764.023,251.716,46.852,0.596,-0.78,0.189,0,0.235,0.972,-0.803,-0.579,0.14],"_shiftlockState":true,"_pose":"FreeFall","_animationQueue":[],"_animationSpeed":1,"_zoom":16.125},{"_mousePosition":[683,384],"_rootPartCFrame":[758.864,230.525,45.203,0.596,0,0.803,0,1,0,-0.803,0,0.596],"_humanoidState":5,"_cameraCFrame":[763.809,252.102,46.693,0.596,-0.78,0.189,0,0.235,0.972,-0.803,-0.579,0.14],"_shiftlockState":true,"_pose":"FreeFall","_animationQueue":[],"_animationSpeed":1,"_zoom":16.125},{"_mousePosition":[683,384],"_rootPartCFrame":[758.65,230.857,45.044,0.596,0,0.803,0,1,0,-0.803,0,0.596],"_humanoidState":5,"_cameraCFrame":[763.595,252.433,46.534,0.596,-0.78,0.189,0,0.235,0.972,-0.803,-0.579,0.14],"_shiftlockState":true,"_pose":"FreeFall","_animationQueue":[],"_animationSpeed":1,"_zoom":16.125},{"_mousePosition":[683,384],"_rootPartCFrame":[758.436,231.134,44.885,0.596,0,0.803,0,1,0,-0.803,0,0.596],"_humanoidState":5,"_cameraCFrame":[763.373,252.71,46.4,0.6,-0.778,0.188,0,0.235,0.972,-0.8,-0.583,0.141],"_shiftlockState":true,"_pose":"FreeFall","_animationQueue":[],"_animationSpeed":1,"_zoom":16.125},{"_mousePosition":[683,384],"_rootPartCFrame":[758.222,231.356,44.726,0.6,0,0.8,0,1,0,-0.8,0,0.6],"_humanoidState":5,"_cameraCFrame":[763.151,252.933,46.266,0.604,-0.775,0.187,0,0.235,0.972,-0.797,-0.587,0.142],"_shiftlockState":true,"_pose":"FreeFall","_animationQueue":[],"_animationSpeed":1,"_zoom":16.125},{"_mousePosition":[683,384],"_rootPartCFrame":[757.955,231.558,44.526,0.603,0,0.797,0,1,0,-0.797,0,0.603],"_humanoidState":5,"_cameraCFrame":[762.864,253.134,46.129,0.614,-0.767,0.186,0,0.235,0.972,-0.789,-0.597,0.144],"_shiftlockState":true,"_pose":"FreeFall","_animationQueue":[],"_animationSpeed":1,"_zoom":16.125},{"_mousePosition":[683,384],"_rootPartCFrame":[757.742,231.658,44.365,0.613,0,0.79,0,1,0,-0.79,0,0.613],"_humanoidState":5,"_cameraCFrame":[762.626,253.225,46.153,0.64,-0.747,0.182,0,0.237,0.971,-0.769,-0.621,0.152],"_shiftlockState":true,"_pose":"FreeFall","_animationQueue":[],"_animationSpeed":1,"_zoom":16.125},{"_mousePosition":[683,384],"_rootPartCFrame":[757.584,231.697,44.243,0.638,0,0.77,0,1,0,-0.77,0,0.638],"_humanoidState":5,"_cameraCFrame":[762.324,253.264,46.384,0.694,-0.699,0.171,0,0.237,0.971,-0.72,-0.675,0.165],"_shiftlockState":true,"_pose":"FreeFall","_animationQueue":[],"_animationSpeed":1,"_zoom":16.125},{"_mousePosition":[683,384],"_rootPartCFrame":[757.429,231.705,44.116,0.69,0,0.724,0,1,0,-0.724,0,0.69],"_humanoidState":5,"_cameraCFrame":[761.771,253.291,46.844,0.789,-0.597,0.143,0,0.233,0.972,-0.614,-0.767,0.184],"_shiftlockState":true,"_pose":"FreeFall","_animationQueue":[],"_animationSpeed":1,"_zoom":16.125},{"_mousePosition":[683,384],"_rootPartCFrame":[757.188,231.569,43.886,0.793,0,0.609,0,1,0,-0.609,0,0.793],"_humanoidState":7,"_cameraCFrame":[760.779,253.182,47.391,0.904,-0.416,0.097,0,0.228,0.974,-0.427,-0.88,0.206],"_shiftlockState":true,"_pose":"FreeFall","_animationQueue":[["walk",0.1]],"_animationSpeed":1.103,"_zoom":16.125},{"_mousePosition":[683,384],"_rootPartCFrame":[757.061,231.441,43.732,0.908,0,0.419,0,1,0,-0.419,0,0.908],"_humanoidState":7,"_cameraCFrame":[758.929,253.1,48.191,1,-0.026,0.006,0,0.218,0.976,-0.026,-0.976,0.218],"_shiftlockState":true,"_pose":"FreeFall","_animationQueue":[],"_animationSpeed":1.103,"_zoom":16.125},{"_mousePosition":[683,384],"_rootPartCFrame":[756.883,231.144,43.375,1,0,-0.011,0,1,0,0.011,0,1],"_humanoidState":8,"_cameraCFrame":[757.398,252.838,48.034,0.963,0.263,-0.057,0,0.211,0.978,0.269,-0.942,0.203],"_shiftlockState":true,"_pose":"Running","_animationQueue":[["walk",0.1],["walk",0.1]],"_animationSpeed":1.103,"_zoom":16.125},{"_mousePosition":[683,384],"_rootPartCFrame":[756.853,231.132,43.114,0.957,0,-0.289,0,1,0,0.289,0,0.957],"_humanoidState":8,"_cameraCFrame":[756.083,252.859,47.59,0.844,0.525,-0.109,0,0.203,0.979,0.536,-0.827,0.171],"_shiftlockState":true,"_pose":"Running","_animationQueue":[["walk",0.1]],"_animationSpeed":1.103,"_zoom":16.125},{"_mousePosition":[683,384],"_rootPartCFrame":[756.895,231.151,42.92,0.837,0,-0.548,0,1,0,0.548,0,0.837],"_humanoidState":8,"_cameraCFrame":[754.934,252.886,46.976,0.661,0.735,-0.151,0,0.201,0.98,0.751,-0.647,0.133],"_shiftlockState":true,"_pose":"Running","_animationQueue":[],"_animationSpeed":1.103,"_zoom":16.125},{"_mousePosition":[683,384],"_rootPartCFrame":[757.027,231.172,42.69,0.647,0,-0.763,0,1,0,0.763,0,0.647],"_humanoidState":8,"_cameraCFrame":[754.157,252.898,46.21,0.472,0.863,-0.179,0,0.203,0.979,0.882,-0.462,0.096],"_shiftlockState":true,"_pose":"Running","_animationQueue":[],"_animationSpeed":1.103,"_zoom":16.125},{"_mousePosition":[683,384],"_rootPartCFrame":[757.219,231.184,42.507,0.458,0,-0.889,0,1,0,0.889,0,0.458],"_humanoidState":8,"_cameraCFrame":[753.826,252.911,45.526,0.326,0.926,-0.192,0,0.203,0.979,0.945,-0.319,0.066],"_shiftlockState":true,"_pose":"Running","_animationQueue":[],"_animationSpeed":1.103,"_zoom":16.125},{"_mousePosition":[683,384],"_rootPartCFrame":[757.449,231.146,42.373,0.315,0,-0.949,0,1,0,0.949,0,0.315],"_humanoidState":8,"_cameraCFrame":[753.651,252.856,44.995,0.214,0.956,-0.202,0,0.207,0.978,0.977,-0.209,0.044],"_shiftlockState":true,"_pose":"Running","_animationQueue":[],"_animationSpeed":1.103,"_zoom":16.125},{"_mousePosition":[683,384],"_rootPartCFrame":[757.761,231.154,42.259,0.204,0,-0.979,0,1,0,0.979,0,0.204],"_humanoidState":8,"_cameraCFrame":[753.715,252.847,44.627,0.146,0.967,-0.208,0,0.211,0.978,0.989,-0.143,0.031],"_shiftlockState":true,"_pose":"Running","_animationQueue":[],"_animationSpeed":1.103,"_zoom":16.125},{"_mousePosition":[683,384],"_rootPartCFrame":[758.02,231.173,42.197,0.144,0,-0.99,0,1,0,0.99,0,0.144],"_humanoidState":8,"_cameraCFrame":[753.709,252.831,44.384,0.099,0.971,-0.217,0,0.218,0.976,0.995,-0.096,0.022],"_shiftlockState":true,"_pose":"Running","_animationQueue":[["walk",0.1]],"_animationSpeed":1.103,"_zoom":16.125},{"_mousePosition":[683,384],"_rootPartCFrame":[758.281,232.046,42.14,0.098,0,-0.995,0,1,0,0.995,0,0.098],"_humanoidState":3,"_cameraCFrame":[753.88,253.687,44.312,0.094,0.971,-0.221,0,0.222,0.975,0.996,-0.091,0.021],"_shiftlockState":true,"_pose":"Jumping","_animationQueue":[["walk",0.1],["jump",0.1]],"_animationSpeed":1,"_zoom":16.125},{"_mousePosition":[683,384],"_rootPartCFrame":[758.544,232.868,42.104,0.094,0,-0.996,0,1,0,0.996,0,0.094],"_humanoidState":5,"_cameraCFrame":[754.055,254.491,44.26,0.089,0.97,-0.225,0,0.226,0.974,0.996,-0.086,0.02],"_shiftlockState":true,"_pose":"FreeFall","_animationQueue":[["jump",0.1]],"_animationSpeed":1,"_zoom":16.125},{"_mousePosition":[683,384],"_rootPartCFrame":[758.743,233.449,42.084,0.089,0,-0.996,0,1,0,0.996,0,0.089],"_humanoidState":5,"_cameraCFrame":[754.17,255.053,44.237,0.086,0.97,-0.229,0,0.23,0.973,0.996,-0.084,0.02],"_shiftlockState":true,"_pose":"FreeFall","_animationQueue":[],"_animationSpeed":1,"_zoom":16.125},{"_mousePosition":[683,384],"_rootPartCFrame":[759.009,234.175,42.061,0.087,0,-0.996,0,1,0,0.996,0,0.087],"_humanoidState":5,"_cameraCFrame":[754.391,255.771,44.204,0.084,0.969,-0.231,0,0.231,0.973,0.996,-0.081,0.019],"_shiftlockState":true,"_pose":"FreeFall","_animationQueue":[],"_animationSpeed":1,"_zoom":16.125},{"_mousePosition":[683,384],"_rootPartCFrame":[759.341,235.007,42.032,0.084,0,-0.996,0,1,0,0.996,0,0.084],"_humanoidState":5,"_cameraCFrame":[754.684,256.593,44.179,0.084,0.969,-0.233,0,0.233,0.972,0.996,-0.081,0.02],"_shiftlockState":true,"_pose":"FreeFall","_animationQueue":[],"_animationSpeed":1,"_zoom":16.125},{"_mousePosition":[683,384],"_rootPartCFrame":[759.54,235.465,42.015,0.084,0,-0.996,0,1,0,0.996,0,0.084],"_humanoidState":5,"_cameraCFrame":[754.884,257.051,44.162,0.084,0.969,-0.233,0,0.233,0.972,0.996,-0.081,0.02],"_shiftlockState":true,"_pose":"FreeFall","_animationQueue":[],"_animationSpeed":1,"_zoom":16.125},{"_mousePosition":[683,384],"_rootPartCFrame":[759.806,236.028,41.993,0.084,0,-0.996,0,1,0,0.996,0,0.084],"_humanoidState":5,"_cameraCFrame":[755.149,257.614,44.14,0.084,0.969,-0.233,0,0.233,0.972,0.996,-0.081,0.02],"_shiftlockState":true,"_pose":"FreeFall","_animationQueue":[],"_animationSpeed":1,"_zoom":16.125},{"_mousePosition":[683,384],"_rootPartCFrame":[760.072,236.537,41.97,0.084,0,-0.996,0,1,0,0.996,0,0.084],"_humanoidState":5,"_cameraCFrame":[755.409,258.123,44.106,0.081,0.969,-0.233,0,0.233,0.972,0.997,-0.079,0.019],"_shiftlockState":true,"_pose":"FreeFall","_animationQueue":[],"_animationSpeed":1,"_zoom":16.125},{"_mousePosition":[683,384],"_rootPartCFrame":[760.404,237.096,41.942,0.081,0,-0.997,0,1,0,0.997,0,0.081],"_humanoidState":5,"_cameraCFrame":[755.725,258.682,44.042,0.074,0.97,-0.233,0,0.233,0.972,0.997,-0.072,0.017],"_shiftlockState":true,"_pose":"FreeFall","_animationQueue":[],"_animationSpeed":1,"_zoom":16.125},{"_mousePosition":[683,384],"_rootPartCFrame":[760.603,237.391,41.926,0.074,0,-0.997,0,1,0,0.997,0,0.074],"_humanoidState":5,"_cameraCFrame":[755.946,258.995,43.891,0.046,0.972,-0.229,0,0.23,0.973,0.999,-0.045,0.011],"_shiftlockState":true,"_pose":"FreeFall","_animationQueue":[],"_animationSpeed":1,"_zoom":16.125},{"_mousePosition":[683,384],"_rootPartCFrame":[760.935,237.814,41.901,0.049,0,-0.999,0,1,0,0.999,0,0.049],"_humanoidState":5,"_cameraCFrame":[756.351,259.455,43.652,0,0.975,-0.222,0,0.222,0.975,1,0,0],"_shiftlockState":true,"_pose":"FreeFall","_animationQueue":[],"_animationSpeed":1,"_zoom":16.125},{"_mousePosition":[683,384],"_rootPartCFrame":[761.135,238.026,41.891,0.004,0,-1,0,1,0,1,0,0.004],"_humanoidState":5,"_cameraCFrame":[756.621,259.703,43.404,-0.053,0.975,-0.214,0,0.214,0.977,0.999,0.052,-0.011],"_shiftlockState":true,"_pose":"FreeFall","_animationQueue":[],"_animationSpeed":1,"_zoom":16.125},{"_mousePosition":[683,384],"_rootPartCFrame":[761.468,238.313,41.889,-0.045,0,-0.999,0,1,0,0.999,0,-0.045],"_humanoidState":5,"_cameraCFrame":[756.972,260.006,43.215,-0.096,0.973,-0.21,0,0.211,0.978,0.995,0.094,-0.02],"_shiftlockState":true,"_pose":"FreeFall","_animationQueue":[],"_animationSpeed":1,"_zoom":16.125},{"_mousePosition":[683,384],"_rootPartCFrame":[761.735,238.481,41.901,-0.09,0,-0.996,0,1,0,0.996,0,-0.09],"_humanoidState":5,"_cameraCFrame":[757.306,260.191,43.201,-0.103,0.973,-0.206,0,0.207,0.978,0.995,0.101,-0.021],"_shiftlockState":true,"_pose":"FreeFall","_animationQueue":[],"_animationSpeed":1,"_zoom":16.125},{"_mousePosition":[683,384],"_rootPartCFrame":[762,238.595,41.925,-0.101,0,-0.995,0,1,0,0.995,0,-0.101],"_humanoidState":5,"_cameraCFrame":[757.572,260.305,43.224,-0.103,0.973,-0.206,0,0.207,0.978,0.995,0.101,-0.021],"_shiftlockState":true,"_pose":"FreeFall","_animationQueue":[],"_animationSpeed":1,"_zoom":16.125},{"_mousePosition":[683,384],"_rootPartCFrame":[762.199,238.644,41.945,-0.103,0,-0.995,0,1,0,0.995,0,-0.103],"_humanoidState":5,"_cameraCFrame":[757.771,260.354,43.245,-0.103,0.973,-0.206,0,0.207,0.978,0.995,0.101,-0.021],"_shiftlockState":true,"_pose":"FreeFall","_animationQueue":[],"_animationSpeed":1,"_zoom":16.125},{"_mousePosition":[683,384],"_rootPartCFrame":[762.464,238.662,41.973,-0.103,0,-0.995,0,1,0,0.995,0,-0.103],"_humanoidState":5,"_cameraCFrame":[758.036,260.372,43.272,-0.103,0.973,-0.206,0,0.207,0.978,0.995,0.101,-0.021],"_shiftlockState":true,"_pose":"FreeFall","_animationQueue":[],"_animationSpeed":1,"_zoom":16.125},{"_mousePosition":[683,384],"_rootPartCFrame":[762.705,238.821,41.998,-0.103,0,-0.995,0,1,0,0.995,0,-0.103],"_humanoidState":12,"_cameraCFrame":[758.277,260.531,43.297,-0.103,0.973,-0.206,0,0.207,0.978,0.995,0.101,-0.021],"_shiftlockState":true,"_pose":"Climbing","_animationQueue":[["walk",0.1],["climb",0.1]],"_animationSpeed":0,"_zoom":16.125},{"_mousePosition":[683,384],"_rootPartCFrame":[762.954,238.97,42.024,-0.103,0,-0.995,0,1,0,0.995,0,-0.103],"_humanoidState":8,"_cameraCFrame":[758.526,260.68,43.323,-0.103,0.973,-0.206,0,0.207,0.978,0.995,0.101,-0.021],"_shiftlockState":true,"_pose":"Running","_animationQueue":[["walk",0.1],["climb",0.1],["walk",0.1],["walk",0.1]],"_animationSpeed":0.939,"_zoom":16.125},{"_mousePosition":[683,384],"_rootPartCFrame":[763.352,239.103,42.065,-0.103,0,-0.995,0,1,0,0.995,0,-0.103],"_humanoidState":8,"_cameraCFrame":[758.924,260.813,43.364,-0.103,0.973,-0.206,0,0.207,0.978,0.995,0.101,-0.021],"_shiftlockState":true,"_pose":"Running","_animationQueue":[["walk",0.1],["walk",0.1]],"_animationSpeed":1.088,"_zoom":16.125},{"_mousePosition":[683,384],"_rootPartCFrame":[763.617,239.148,42.093,-0.103,0,-0.995,0,1,0,0.995,0,-0.103],"_humanoidState":8,"_cameraCFrame":[759.189,260.858,43.392,-0.103,0.973,-0.206,0,0.207,0.978,0.995,0.101,-0.021],"_shiftlockState":true,"_pose":"Running","_animationQueue":[],"_animationSpeed":1.088,"_zoom":16.125},{"_mousePosition":[683,384],"_rootPartCFrame":[763.882,239.172,42.12,-0.103,0,-0.995,0,1,0,0.995,0,-0.103],"_humanoidState":8,"_cameraCFrame":[759.454,260.882,43.42,-0.103,0.973,-0.206,0,0.207,0.978,0.995,0.101,-0.021],"_shiftlockState":true,"_pose":"Running","_animationQueue":[],"_animationSpeed":1.088,"_zoom":16.125},{"_mousePosition":[683,384],"_rootPartCFrame":[764.147,239.184,42.148,-0.103,0,-0.995,0,1,0,0.995,0,-0.103],"_humanoidState":8,"_cameraCFrame":[759.719,260.894,43.447,-0.103,0.973,-0.206,0,0.207,0.978,0.995,0.101,-0.021],"_shiftlockState":true,"_pose":"Running","_animationQueue":[],"_animationSpeed":1.088,"_zoom":16.125},{"_mousePosition":[683,384],"_rootPartCFrame":[764.412,239.191,42.175,-0.103,0,-0.995,0,1,0,0.995,0,-0.103],"_humanoidState":8,"_cameraCFrame":[759.984,260.901,43.475,-0.103,0.973,-0.206,0,0.207,0.978,0.995,0.101,-0.021],"_shiftlockState":true,"_pose":"Running","_animationQueue":[],"_animationSpeed":1.088,"_zoom":16.125},{"_mousePosition":[683,384],"_rootPartCFrame":[764.677,239.195,42.203,-0.103,0,-0.995,0,1,0,0.995,0,-0.103],"_humanoidState":8,"_cameraCFrame":[760.279,260.913,43.473,-0.111,0.973,-0.204,0,0.205,0.979,0.994,0.109,-0.023],"_shiftlockState":true,"_pose":"Running","_animationQueue":[],"_animationSpeed":1.088,"_zoom":16.125},{"_mousePosition":[683,384],"_rootPartCFrame":[764.943,239.197,42.23,-0.111,0,-0.994,0,1,0,0.994,0,-0.111],"_humanoidState":8,"_cameraCFrame":[760.607,260.94,43.317,-0.156,0.968,-0.197,0,0.199,0.98,0.988,0.153,-0.031],"_shiftlockState":true,"_pose":"Running","_animationQueue":[],"_animationSpeed":1.088,"_zoom":16.125},{"_mousePosition":[683,384],"_rootPartCFrame":[765.208,239.198,42.26,-0.156,0,-0.988,0,1,0,0.988,0,-0.156],"_humanoidState":8,"_cameraCFrame":[760.778,260.949,42.433,-0.359,0.915,-0.184,0,0.197,0.98,0.934,0.352,-0.071],"_shiftlockState":true,"_pose":"Running","_animationQueue":[["walk",0.1]],"_animationSpeed":1.088,"_zoom":16.125},{"_mousePosition":[683,384],"_rootPartCFrame":[765.471,239.199,42.299,-0.368,0,-0.93,0,1,0,0.93,0,-0.368],"_humanoidState":8,"_cameraCFrame":[761.082,260.942,41.457,-0.558,0.813,-0.165,0,0.199,0.98,0.83,0.547,-0.111],"_shiftlockState":true,"_pose":"Running","_animationQueue":[],"_animationSpeed":1.088,"_zoom":16.125},{"_mousePosition":[683,384],"_rootPartCFrame":[765.66,239.199,42.363,-0.566,0,-0.824,0,1,0,0.824,0,-0.566],"_humanoidState":8,"_cameraCFrame":[761.581,260.934,40.45,-0.743,0.656,-0.135,0,0.201,0.98,0.669,0.728,-0.149],"_shiftlockState":true,"_pose":"Running","_animationQueue":[],"_animationSpeed":1.088,"_zoom":16.125},{"_mousePosition":[683,384],"_rootPartCFrame":[765.886,239.199,42.504,-0.753,0,-0.658,0,1,0,0.658,0,-0.753],"_humanoidState":8,"_cameraCFrame":[762.36,260.926,39.64,-0.881,0.463,-0.096,0,0.203,0.979,0.473,0.863,-0.179],"_shiftlockState":true,"_pose":"Running","_animationQueue":[],"_animationSpeed":1.088,"_zoom":16.125},{"_mousePosition":[683,384],"_rootPartCFrame":[766.071,239.2,42.695,-0.888,0,-0.46,0,1,0,0.46,0,-0.888],"_humanoidState":8,"_cameraCFrame":[763.24,260.934,39.189,-0.961,0.271,-0.056,0,0.201,0.98,0.277,0.941,-0.193],"_shiftlockState":true,"_pose":"Running","_animationQueue":[],"_animationSpeed":1.088,"_zoom":16.125},{"_mousePosition":[683,384],"_rootPartCFrame":[766.205,239.2,42.924,-0.965,0,-0.263,0,1,0,0.263,0,-0.965],"_humanoidState":8,"_cameraCFrame":[764.024,260.966,39.148,-0.994,0.108,-0.021,0,0.193,0.981,0.111,0.975,-0.192],"_shiftlockState":true,"_pose":"Running","_animationQueue":[],"_animationSpeed":1.088,"_zoom":16.125},{"_mousePosition":[683,384],"_rootPartCFrame":[766.305,239.2,43.241,-0.995,0,-0.097,0,1,0,0.097,0,-0.995],"_humanoidState":8,"_cameraCFrame":[764.616,260.989,39.338,-1,-0.015,0.003,0,0.188,0.982,-0.016,0.982,-0.188],"_shiftlockState":true,"_pose":"Running","_animationQueue":[],"_animationSpeed":1.088,"_zoom":16.125},{"_mousePosition":[683,384],"_rootPartCFrame":[766.341,239.2,43.505,-1,0,0.024,0,1,0,-0.024,0,-1],"_humanoidState":8,"_cameraCFrame":[765,260.997,39.507,-0.995,-0.102,0.019,0,0.186,0.983,-0.104,0.977,-0.185],"_shiftlockState":true,"_pose":"Running","_animationQueue":[["walk",0.1]],"_animationSpeed":1.088,"_zoom":16.125},{"_mousePosition":[683,384],"_rootPartCFrame":[766.371,240.073,43.77,-0.994,0,0.112,0,1,0,-0.112,0,-0.994],"_humanoidState":3,"_cameraCFrame":[765.263,261.847,39.59,-0.988,-0.154,0.03,0,0.191,0.982,-0.157,0.969,-0.189],"_shiftlockState":true,"_pose":"Jumping","_animationQueue":[["walk",0.1],["jump",0.1]],"_animationSpeed":1,"_zoom":16.125},{"_mousePosition":[683,384],"_rootPartCFrame":[766.377,240.895,44.035,-0.988,0,0.154,0,1,0,-0.154,0,-0.988],"_humanoidState":5,"_cameraCFrame":[765.429,262.621,39.593,-0.983,-0.18,0.037,0,0.203,0.979,-0.184,0.962,-0.199],"_shiftlockState":true,"_pose":"FreeFall","_animationQueue":[["jump",0.1]],"_animationSpeed":1,"_zoom":16.125},{"_mousePosition":[683,384],"_rootPartCFrame":[766.355,241.476,44.233,-0.983,0,0.181,0,1,0,-0.181,0,-0.983],"_humanoidState":5,"_cameraCFrame":[765.487,263.177,39.663,-0.98,-0.192,0.041,0,0.209,0.978,-0.197,0.959,-0.205],"_shiftlockState":true,"_pose":"FreeFall","_animationQueue":[],"_animationSpeed":1,"_zoom":16.125},{"_mousePosition":[683,384],"_rootPartCFrame":[766.296,242.375,44.561,-0.981,0,0.194,0,1,0,-0.194,0,-0.981],"_humanoidState":5,"_cameraCFrame":[765.466,264.06,39.91,-0.979,-0.197,0.043,0,0.212,0.977,-0.202,0.957,-0.208],"_shiftlockState":true,"_pose":"FreeFall","_animationQueue":[],"_animationSpeed":1,"_zoom":16.125},{"_mousePosition":[683,384],"_rootPartCFrame":[766.257,242.874,44.757,-0.98,0,0.201,0,1,0,-0.201,0,-0.98],"_humanoidState":5,"_cameraCFrame":[765.435,264.55,40.067,-0.979,-0.197,0.043,0,0.214,0.977,-0.202,0.957,-0.21],"_shiftlockState":true,"_pose":"FreeFall","_animationQueue":[],"_animationSpeed":1,"_zoom":16.125},{"_mousePosition":[683,384],"_rootPartCFrame":[766.19,243.638,45.083,-0.98,0,0.201,0,1,0,-0.201,0,-0.98],"_humanoidState":5,"_cameraCFrame":[765.356,265.314,40.396,-0.98,-0.195,0.043,0,0.214,0.977,-0.199,0.957,-0.21],"_shiftlockState":true,"_pose":"FreeFall","_animationQueue":[],"_animationSpeed":1,"_zoom":16.125},{"_mousePosition":[683,384],"_rootPartCFrame":[766.136,244.187,45.344,-0.98,0,0.199,0,1,0,-0.199,0,-0.98],"_humanoidState":5,"_cameraCFrame":[765.303,265.864,40.657,-0.98,-0.195,0.043,0,0.214,0.977,-0.199,0.957,-0.21],"_shiftlockState":true,"_pose":"FreeFall","_animationQueue":[],"_animationSpeed":1,"_zoom":16.125},{"_mousePosition":[683,384],"_rootPartCFrame":[766.083,244.682,45.606,-0.98,0,0.199,0,1,0,-0.199,0,-0.98],"_humanoidState":5,"_cameraCFrame":[765.249,266.359,40.918,-0.98,-0.195,0.043,0,0.214,0.977,-0.199,0.957,-0.21],"_shiftlockState":true,"_pose":"FreeFa