[{"_mousePosition":[787,382],"_rootPartCFrame":[776.035,222.7,47.142,-0.002,0,1,0,1,0,-1,0,-0.002],"_humanoidState":8,"_cameraCFrame":[780.614,239.661,47.113,-0.006,-0.959,0.284,0,0.284,0.959,-1,0.006,-0.002],"_shiftlockState":false,"_pose":"Standing","_animationQueue":[],"_animationSpeed":1,"_zoom":16.125},{"_mousePosition":[787,382],"_rootPartCFrame":[775.788,222.7,47.143,-0.002,0,1,0,1,0,-1,0,-0.002],"_humanoidState":8,"_cameraCFrame":[780.277,239.687,47.103,-0.009,-0.96,0.278,0,0.278,0.96,-1,0.009,-0.002],"_shiftlockState":false,"_pose":"Standing","_animationQueue":[],"_animationSpeed":1,"_zoom":16.125},{"_mousePosition":[787,382],"_rootPartCFrame":[775.522,222.7,47.144,-0.002,0,1,0,1,0,-1,0,-0.002],"_humanoidState":8,"_cameraCFrame":[779.951,239.705,47.105,-0.009,-0.962,0.275,0,0.275,0.962,-1,0.009,-0.002],"_shiftlockState":false,"_pose":"Running","_animationQueue":[["walk",0.1]],"_animationSpeed":1.066,"_zoom":16.125},{"_mousePosition":[787,382],"_rootPartCFrame":[775.256,222.7,47.147,-0.003,0,1,0,1,0,-1,0,-0.003],"_humanoidState":8,"_cameraCFrame":[779.594,239.73,47.097,-0.011,-0.963,0.269,0,0.269,0.963,-1,0.011,-0.003],"_shiftlockState":false,"_pose":"Running","_animationQueue":[],"_animationSpeed":1.066,"_zoom":16.125},{"_mousePosition":[787,382],"_rootPartCFrame":[775.122,222.7,47.148,-0.003,0,1,0,1,0,-1,0,-0.003],"_humanoidState":8,"_cameraCFrame":[779.4,239.747,47.088,-0.014,-0.964,0.265,0,0.265,0.964,-1,0.013,-0.004],"_shiftlockState":false,"_pose":"Running","_animationQueue":[],"_animationSpeed":1.066,"_zoom":16.125},{"_mousePosition":[787,382],"_rootPartCFrame":[774.723,222.7,47.152,-0.005,0,1,0,1,0,-1,0,-0.005],"_humanoidState":8,"_cameraCFrame":[779,239.747,47.093,-0.014,-0.964,0.265,0,0.265,0.964,-1,0.013,-0.004],"_shiftlockState":false,"_pose":"Running","_animationQueue":[["walk",0.1]],"_animationSpeed":1.066,"_zoom":16.125},{"_mousePosition":[787,382],"_rootPartCFrame":[774.589,222.7,47.154,-0.006,0,1,0,1,0,-1,0,-0.006],"_humanoidState":8,"_cameraCFrame":[778.866,239.747,47.094,-0.014,-0.964,0.265,0,0.265,0.964,-1,0.013,-0.004],"_shiftlockState":false,"_pose":"Running","_animationQueue":[],"_animationSpeed":1.066,"_zoom":16.125},{"_mousePosition":[787,382],"_rootPartCFrame":[774.323,222.7,47.158,-0.007,0,1,0,1,0,-1,0,-0.007],"_humanoidState":8,"_cameraCFrame":[778.6,239.747,47.098,-0.014,-0.964,0.265,0,0.265,0.964,-1,0.013,-0.004],"_shiftlockState":false,"_pose":"Running","_animationQueue":[],"_animationSpeed":1.066,"_zoom":16.125},{"_mousePosition":[787,382],"_rootPartCFrame":[774.056,222.7,47.162,-0.008,0,1,0,1,0,-1,0,-0.008],"_humanoidState":8,"_cameraCFrame":[778.333,239.747,47.102,-0.014,-0.964,0.265,0,0.265,0.964,-1,0.013,-0.004],"_shiftlockState":false,"_pose":"Running","_animationQueue":[],"_animationSpeed":1.066,"_zoom":16.125},{"_mousePosition":[787,382],"_rootPartCFrame":[773.656,222.7,47.167,-0.009,0,1,0,1,0,-1,0,-0.009],"_humanoidState":8,"_cameraCFrame":[777.933,239.747,47.107,-0.014,-0.964,0.265,0,0.265,0.964,-1,0.013,-0.004],"_shiftlockState":false,"_pose":"Running","_animationQueue":[],"_animationSpeed":1.066,"_zoom":16.125},{"_mousePosition":[787,382],"_rootPartCFrame":[773.523,222.7,47.169,-0.009,0,1,0,1,0,-1,0,-0.009],"_humanoidState":8,"_cameraCFrame":[777.77,239.755,47.11,-0.014,-0.965,0.263,0,0.263,0.965,-1,0.013,-0.004],"_shiftlockState":false,"_pose":"Running","_animationQueue":[],"_animationSpeed":1.066,"_zoom":16.125},{"_mousePosition":[787,382],"_rootPartCFrame":[773.123,222.7,47.175,-0.01,0,1,0,1,0,-1,0,-0.01],"_humanoidState":8,"_cameraCFrame":[777.339,239.764,47.116,-0.014,-0.965,0.261,0,0.262,0.965,-1,0.013,-0.004],"_shiftlockState":false,"_pose":"Running","_animationQueue":[],"_animationSpeed":1.066,"_zoom":16.125},{"_mousePosition":[787,382],"_rootPartCFrame":[772.99,222.7,47.176,-0.011,0,1,0,1,0,-1,0,-0.011],"_humanoidState":8,"_cameraCFrame":[777.115,239.788,47.119,-0.014,-0.967,0.256,0,0.256,0.967,-1,0.014,-0.004],"_shiftlockState":false,"_pose":"Running","_animationQueue":[["walk",0.1]],"_animationSpeed":1.066,"_zoom":16.125},{"_mousePosition":[787,382],"_rootPartCFrame":[772.59,222.7,47.182,-0.011,0,1,0,1,0,-1,0,-0.011],"_humanoidState":8,"_cameraCFrame":[776.624,239.812,47.126,-0.014,-0.968,0.25,0,0.25,0.968,-1,0.014,-0.003],"_shiftlockState":false,"_pose":"Running","_animationQueue":[],"_animationSpeed":1.066,"_zoom":16.125},{"_mousePosition":[787,382],"_rootPartCFrame":[772.323,222.7,47.186,-0.012,0,1,0,1,0,-1,0,-0.012],"_humanoidState":8,"_cameraCFrame":[776.297,239.827,47.14,-0.011,-0.969,0.246,0,0.246,0.969,-1,0.011,-0.003],"_shiftlockState":false,"_pose":"Running","_animationQueue":[],"_animationSpeed":1.066,"_zoom":16.125},{"_mousePosition":[787,382],"_rootPartCFrame":[772.19,222.7,47.188,-0.012,0,1,0,1,0,-1,0,-0.012],"_humanoidState":8,"_cameraCFrame":[776.102,239.843,47.153,-0.009,-0.97,0.243,0,0.243,0.97,-1,0.009,-0.002],"_shiftlockState":false,"_pose":"Running","_animationQueue":[],"_animationSpeed":1.066,"_zoom":16.125},{"_mousePosition":[787,382],"_rootPartCFrame":[771.923,222.7,47.191,-0.012,0,1,0,1,0,-1,0,-0.012],"_humanoidState":8,"_cameraCFrame":[775.775,239.858,47.166,-0.006,-0.971,0.239,0,0.239,0.971,-1,0.006,-0.002],"_shiftlockState":false,"_pose":"Running","_animationQueue":[],"_animationSpeed":1.066,"_zoom":16.125},{"_mousePosition":[787,382],"_rootPartCFrame":[771.657,222.7,47.193,-0.011,0,1,0,1,0,-1,0,-0.011],"_humanoidState":8,"_cameraCFrame":[775.447,239.873,47.169,-0.006,-0.972,0.235,0,0.235,0.972,-1,0.006,-0.002],"_shiftlockState":false,"_pose":"Running","_animationQueue":[],"_animationSpeed":1.066,"_zoom":16.125},{"_mousePosition":[787,382],"_rootPartCFrame":[771.257,222.7,47.196,-0.01,0,1,0,1,0,-1,0,-0.01],"_humanoidState":8,"_cameraCFrame":[774.986,239.887,47.181,-0.004,-0.973,0.231,0,0.231,0.973,-1,0.004,-0.001],"_shiftlockState":false,"_pose":"Running","_animationQueue":[["walk",0.1]],"_animationSpeed":1.066,"_zoom":16.125},{"_mousePosition":[787,382],"_rootPartCFrame":[770.99,223.563,47.198,-0.01,0,1,0,1,0,-1,0,-0.01],"_humanoidState":3,"_cameraCFrame":[774.689,240.758,47.193,-0.001,-0.973,0.229,0,0.229,0.973,-1,0.001,0],"_shiftlockState":false,"_pose":"Jumping","_animationQueue":[["walk",0.1],["jump",0.1]],"_animationSpeed":1,"_zoom":16.125},{"_mousePosition":[787,382],"_rootPartCFrame":[770.724,224.371,47.199,-0.009,0,1,0,1,0,-1,0,-0.009],"_humanoidState":5,"_cameraCFrame":[774.423,241.566,47.194,-0.001,-0.973,0.229,0,0.229,0.973,-1,0.001,0],"_shiftlockState":false,"_pose":"FreeFall","_animationQueue":[["jump",0.1]],"_animationSpeed":1,"_zoom":16.125},{"_mousePosition":[786,383],"_rootPartCFrame":[770.457,225.125,47.199,-0.008,0,1,0,1,0,-1,0,-0.008],"_humanoidState":5,"_cameraCFrame":[774.244,242.692,47.194,-0.001,-0.973,0.229,0,0.229,0.973,-1,0.001,0],"_shiftlockState":false,"_pose":"FreeFall","_animationQueue":[],"_animationSpeed":1,"_zoom":16.125},{"_mousePosition":[787,382],"_rootPartCFrame":[770.19,225.824,47.199,-0.007,0,1,0,1,0,-1,0,-0.007],"_humanoidState":5,"_cameraCFrame":[774.116,244.13,47.204,0.001,-0.974,0.227,0,0.227,0.974,-1,-0.001,0],"_shiftlockState":false,"_pose":"FreeFall","_animationQueue":[],"_animationSpeed":1,"_zoom":16.125},{"_mousePosition":[787,382],"_rootPartCFrame":[769.924,226.469,47.2,-0.006,0,1,0,1,0,-1,0,-0.006],"_humanoidState":5,"_cameraCFrame":[773.984,245.501,47.215,0.004,-0.974,0.226,0,0.226,0.974,-1,-0.004,0.001],"_shiftlockState":false,"_pose":"FreeFall","_animationQueue":[],"_animationSpeed":1,"_zoom":16.125},{"_mousePosition":[787,382],"_rootPartCFrame":[769.657,227.06,47.2,-0.005,0,1,0,1,0,-1,0,-0.005],"_humanoidState":5,"_cameraCFrame":[773.809,246.813,47.247,0.011,-0.975,0.222,0,0.222,0.975,-1,-0.011,0.003],"_shiftlockState":false,"_pose":"FreeFall","_animationQueue":[],"_animationSpeed":1,"_zoom":16.125},{"_mousePosition":[787,382],"_rootPartCFrame":[769.391,227.595,47.199,-0.004,0,1,0,1,0,-1,0,-0.004],"_humanoidState":5,"_cameraCFrame":[773.583,247.867,47.289,0.021,-0.976,0.218,0,0.218,0.976,-1,-0.021,0.005],"_shiftlockState":false,"_pose":"FreeFall","_animationQueue":[],"_animationSpeed":1,"_zoom":16.125},{"_mousePosition":[787,382],"_rootPartCFrame":[769.191,227.962,47.197,-0.003,0,1,0,1,0,-1,0,-0.003],"_humanoidState":5,"_cameraCFrame":[773.393,248.636,47.34,0.034,-0.976,0.214,0,0.214,0.977,-0.999,-0.033,0.007],"_shiftlockState":false,"_pose":"FreeFall","_animationQueue":[],"_animationSpeed":1,"_zoom":16.125},{"_mousePosition":[787,382],"_rootPartCFrame":[768.924,228.402,47.191,0,0,1,0,1,0,-1,0,0],"_humanoidState":5,"_cameraCFrame":[773.115,249.398,47.388,0.047,-0.977,0.21,0,0.21,0.978,-0.999,-0.046,0.01],"_shiftlockState":false,"_pose":"FreeFall","_animationQueue":[],"_animationSpeed":1,"_zoom":16.125},{"_mousePosition":[787,382],"_rootPartCFrame":[768.657,228.788,47.183,0.004,0,1,0,1,0,-1,0,0.004],"_humanoidState":5,"_cameraCFrame":[772.816,250.018,47.43,0.059,-0.977,0.206,0,0.207,0.978,-0.998,-0.058,0.012],"_shiftlockState":false,"_pose":"FreeFall","_animationQueue":[],"_animationSpeed":1,"_zoom":16.125},{"_mousePosition":[787,382],"_rootPartCFrame":[768.391,229.12,47.171,0.009,0,1,0,1,0,-1,0,0.009],"_humanoidState":5,"_cameraCFrame":[772.537,250.504,47.481,0.075,-0.976,0.204,0,0.205,0.979,-0.997,-0.073,0.015],"_shiftlockState":false,"_pose":"FreeFall","_animationQueue":[],"_animationSpeed":1,"_zoom":16.125},{"_mousePosition":[787,382],"_rootPartCFrame":[768.125,229.397,47.156,0.016,0,1,0,1,0,-1,0,0.016],"_humanoidState":5,"_cameraCFrame":[772.29,250.895,47.53,0.09,-0.975,0.204,0,0.205,0.979,-0.996,-0.088,0.018],"_shiftlockState":false,"_pose":"FreeFall","_animationQueue":[],"_animationSpeed":1,"_zoom":16.125},{"_mousePosition":[787,382],"_rootPartCFrame":[767.792,229.666,47.131,0.025,0,1,0,1,0,-1,0,0.025],"_humanoidState":5,"_cameraCFrame":[771.925,251.242,47.577,0.107,-0.974,0.202,0,0.203,0.979,-0.994,-0.105,0.022],"_shiftlockState":false,"_pose":"FreeFall","_animationQueue":[],"_animationSpeed":1,"_zoom":16.125},{"_mousePosition":[787,382],"_rootPartCFrame":[767.593,229.787,47.114,0.031,0,1,0,1,0,-1,0,0.031],"_humanoidState":5,"_cameraCFrame":[771.727,251.411,47.634,0.125,-0.972,0.201,0,0.203,0.979,-0.992,-0.122,0.025],"_shiftlockState":false,"_pose":"FreeFall","_animationQueue":[],"_animationSpeed":1,"_zoom":16.125},{"_mousePosition":[787,382],"_rootPartCFrame":[767.328,229.901,47.086,0.041,0,0.999,0,1,0,-0.999,0,0.041],"_humanoidState":5,"_cameraCFrame":[771.421,251.567,47.675,0.142,-0.97,0.199,0,0.201,0.98,-0.99,-0.14,0.029],"_shiftlockState":false,"_pose":"FreeFall","_animationQueue":[],"_animationSpeed":1,"_zoom":16.125},{"_mousePosition":[787,382],"_rootPartCFrame":[767.063,229.96,47.054,0.052,0,0.999,0,1,0,-0.999,0,0.052],"_humanoidState":5,"_cameraCFrame":[771.15,251.65,47.716,0.16,-0.967,0.198,0,0.201,0.98,-0.987,-0.157,0.032],"_shiftlockState":false,"_pose":"FreeFall","_animationQueue":[],"_animationSpeed":1,"_zoom":16.125},{"_mousePosition":[787,382],"_rootPartCFrame":[766.799,229.964,47.016,0.064,0,0.998,0,1,0,-0.998,0,0.064],"_humanoidState":5,"_cameraCFrame":[770.878,251.669,47.741,0.175,-0.965,0.198,0,0.201,0.98,-0.985,-0.171,0.035],"_shiftlockState":false,"_pose":"FreeFall","_animationQueue":[],"_animationSpeed":1,"_zoom":16.125},{"_mousePosition":[787,382],"_rootPartCFrame":[766.536,229.914,46.974,0.076,0,0.997,0,1,0,-0.997,0,0.076],"_humanoidState":5,"_cameraCFrame":[770.561,251.638,47.784,0.197,-0.961,0.195,0,0.199,0.98,-0.98,-0.193,0.039],"_shiftlockState":false,"_pose":"FreeFall","_animationQueue":[],"_animationSpeed":1,"_zoom":16.125},{"_mousePosition":[787,382],"_rootPartCFrame":[766.208,229.775,46.917,0.093,0,0.996,0,1,0,-0.996,0,0.093],"_humanoidState":5,"_cameraCFrame":[770.223,251.505,47.778,0.21,-0.958,0.195,0,0.199,0.98,-0.978,-0.205,0.042],"_shiftlockState":false,"_pose":"FreeFall","_animationQueue":[],"_animationSpeed":1,"_zoom":16.125},{"_mousePosition":[787,382],"_rootPartCFrame":[766.012,229.651,46.878,0.103,0,0.995,0,1,0,-0.995,0,0.103],"_humanoidState":5,"_cameraCFrame":[769.978,251.394,47.781,0.222,-0.956,0.192,0,0.197,0.98,-0.975,-0.218,0.044],"_shiftlockState":false,"_pose":"FreeFall","_animationQueue":[["fall",0.3]],"_animationSpeed":1,"_zoom":16.125},{"_mousePosition":[787,382],"_rootPartCFrame":[765.686,229.375,46.809,0.121,0,0.993,0,1,0,-0.993,0,0.121],"_humanoidState":5,"_cameraCFrame":[769.643,251.121,47.752,0.232,-0.954,0.192,0,0.197,0.98,-0.973,-0.227,0.046],"_shiftlockState":false,"_pose":"FreeFall","_animationQueue":[],"_animationSpeed":1,"_zoom":16.125},{"_mousePosition":[787,382],"_rootPartCFrame":[765.491,229.169,46.765,0.131,0,0.991,0,1,0,-0.991,0,0.131],"_humanoidState":5,"_cameraCFrame":[769.437,250.917,47.758,0.244,-0.951,0.191,0,0.197,0.98,-0.97,-0.239,0.048],"_shiftlockState":false,"_pose":"FreeFall","_animationQueue":[],"_animationSpeed":1,"_zoom":16.125},{"_mousePosition":[787,382],"_rootPartCFrame":[765.166,228.758,46.688,0.148,0,0.989,0,1,0,-0.989,0,0.148],"_humanoidState":5,"_cameraCFrame":[769.059,250.515,47.731,0.259,-0.947,0.188,0,0.195,0.981,-0.966,-0.254,0.051],"_shiftlockState":false,"_pose":"FreeFall","_animationQueue":[],"_animationSpeed":1,"_zoom":16.125},{"_mousePosition":[787,382],"_rootPartCFrame":[764.972,228.47,46.639,0.158,0,0.987,0,1,0,-0.987,0,0.158],"_humanoidState":5,"_cameraCFrame":[768.802,250.235,47.76,0.281,-0.942,0.185,0,0.193,0.981,-0.96,-0.276,0.054],"_shiftlockState":false,"_pose":"FreeFall","_animationQueue":[],"_animationSpeed":1,"_zoom":16.125},{"_mousePosition":[787,382],"_rootPartCFrame":[764.65,227.922,46.554,0.175,0,0.985,0,1,0,-0.985,0,0.175],"_humanoidState":5,"_cameraCFrame":[768.313,249.711,47.809,0.324,-0.929,0.177,0,0.187,0.982,-0.946,-0.318,0.061],"_shiftlockState":false,"_pose":"FreeFall","_animationQueue":[],"_animationSpeed":1,"_zoom":16.125},{"_mousePosition":[787,382],"_rootPartCFrame":[764.394,227.422,46.48,0.189,0,0.982,0,1,0,-0.982,0,0.189],"_humanoidState":5,"_cameraCFrame":[767.96,249.227,47.773,0.341,-0.924,0.173,0,0.184,0.983,-0.94,-0.335,0.063],"_shiftlockState":false,"_pose":"FreeFall","_animationQueue":[["fall",0.3]],"_animationSpeed":1,"_zoom":16.125},{"_mousePosition":[787,382],"_rootPartCFrame":[764.141,226.868,46.395,0.206,0,0.979,0,1,0,-0.979,0,0.206],"_humanoidState":5,"_cameraCFrame":[767.545,248.695,47.778,0.376,-0.912,0.165,0,0.178,0.984,-0.926,-0.37,0.067],"_shiftlockState":false,"_pose":"FreeFall","_animationQueue":[],"_animationSpeed":1,"_zoom":16.125},{"_mousePosition":[787,382],"_rootPartCFrame":[763.953,226.417,46.327,0.219,0,0.976,0,1,0,-0.976,0,0.219],"_humanoidState":5,"_cameraCFrame":[767.226,248.259,47.794,0.409,-0.899,0.158,0,0.174,0.985,-0.913,-0.403,0.071],"_shiftlockState":false,"_pose":"FreeFall","_animationQueue":[],"_animationSpeed":1,"_zoom":16.125},{"_mousePosition":[787,382],"_rootPartCFrame":[763.705,225.768,46.229,0.24,0,0.971,0,1,0,-0.971,0,0.24],"_humanoidState":5,"_cameraCFrame":[766.9,247.61,47.859,0.455,-0.877,0.155,0,0.174,0.985,-0.891,-0.448,0.079],"_shiftlockState":false,"_pose":"FreeFall","_animationQueue":[],"_animationSpeed":1,"_zoom":16.125},{"_mousePosition":[787,382],"_rootPartCFrame":[763.4,224.879,46.094,0.268,0,0.963,0,1,0,-0.963,0,0.268],"_humanoidState":5,"_cameraCFrame":[766.544,246.721,47.82,0.481,-0.863,0.152,0,0.174,0.985,-0.876,-0.474,0.084],"_shiftlockState":false,"_pose":"FreeFall","_animationQueue":[],"_animationSpeed":1,"_zoom":16.125},{"_mousePosition":[787,382],"_rootPartCFrame":[763.162,224.107,45.974,0.293,0,0.956,0,1,0,-0.956,0,0.293],"_humanoidState":5,"_cameraCFrame":[766.252,245.949,47.796,0.508,-0.848,0.15,0,0.174,0.985,-0.861,-0.5,0.088],"_shiftlockState":false,"_pose":"FreeFall","_animationQueue":[],"_animationSpeed":1,"_zoom":16.125},{"_mousePosition":[787,382],"_rootPartCFrame":[762.986,223.492,45.879,0.312,0,0.95,0,1,0,-0.95,0,0.312],"_humanoidState":5,"_cameraCFrame":[766.024,245.334,47.786,0.532,-0.834,0.147,0,0.174,0.985,-0.847,-0.524,0.092],"_shiftlockState":false,"_pose":"FreeFall","_animationQueue":[],"_animationSpeed":1,"_zoom":16.125},{"_mousePosition":[787,382],"_rootPartCFrame":[762.756,222.625,45.745,0.339,0,0.941,0,1,0,-0.941,0,0.339],"_humanoidState":7,"_cameraCFrame":[765.735,244.467,47.743,0.557,-0.818,0.144,0,0.174,0.985,-0.83,-0.549,0.097],"_shiftlockState":false,"_pose":"FreeFall","_animationQueue":[["fall",0.3],["walk",0.1],["fall",0.3],["fall",0.3]],"_animationSpeed":1,"_zoom":16.125},{"_mousePosition":[787,382],"_rootPartCFrame":[762.473,222.465,45.568,0.372,0,0.928,0,1,0,-0.928,0,0.372],"_humanoidState":7,"_cameraCFrame":[765.4,244.307,47.641,0.578,-0.804,0.142,0,0.174,0.985,-0.816,-0.569,0.1],"_shiftlockState":false,"_pose":"FreeFall","_animationQueue":[],"_animationSpeed":1,"_zoom":16.125},{"_mousePosition":[787,382],"_rootPartCFrame":[762.306,222.536,45.458,0.392,0,0.92,0,1,0,-0.92,0,0.392],"_humanoidState":8,"_cameraCFrame":[765.186,244.378,47.597,0.596,-0.791,0.139,0,0.174,0.985,-0.803,-0.587,0.104],"_shiftlockState":false,"_pose":"Running","_animationQueue":[["walk",0.1],["fall",0.3],["walk",0.1]],"_animationSpeed":1.103,"_zoom":16.125},{"_mousePosition":[787,382],"_rootPartCFrame":[762.085,223.409,45.31,0.417,0,0.909,0,1,0,-0.909,0,0.417],"_humanoidState":3,"_cameraCFrame":[764.926,245.251,47.499,0.61,-0.78,0.138,0,0.174,0.985,-0.792,-0.601,0.106],"_shiftlockState":false,"_pose":"Jumping","_animationQueue":[["walk",0.1],["jump",0.1]],"_animationSpeed":1,"_zoom":16.125},{"_mousePosition":[787,382],"_rootPartCFrame":[761.816,224.428,45.112,0.449,0,0.894,0,1,0,-0.894,0,0.449],"_humanoidState":5,"_cameraCFrame":[764.623,246.27,47.345,0.622,-0.771,0.136,0,0.174,0.985,-0.783,-0.613,0.108],"_shiftlockState":false,"_pose":"FreeFall","_animationQueue":[["jump",0.1]],"_animationSpeed":1,"_zoom":16.125},{"_mousePosition":[787,382],"_rootPartCFrame":[761.604,225.182,44.95,0.472,0,0.882,0,1,0,-0.882,0,0.472],"_humanoidState":5,"_cameraCFrame":[764.389,247.024,47.211,0.63,-0.765,0.135,0,0.174,0.985,-0.776,-0.621,0.109],"_shiftlockState":false,"_pose":"FreeFall","_animationQueue":[],"_animationSpeed":1,"_zoom":16.125},{"_mousePosition":[787,382],"_rootPartCFrame":[761.395,225.881,44.785,0.493,0,0.87,0,1,0,-0.87,0,0.493],"_humanoidState":5,"_cameraCFrame":[764.163,247.723,47.067,0.636,-0.76,0.134,0,0.174,0.985,-0.772,-0.627,0.11],"_shiftlockState":false,"_pose":"FreeFall","_animationQueue":[],"_animationSpeed":1,"_zoom":16.125},{"_mousePosition":[787,382],"_rootPartCFrame":[761.188,226.526,44.617,0.513,0,0.858,0,1,0,-0.858,0,0.513],"_humanoidState":5,"_cameraCFrame":[763.955,248.368,46.899,0.636,-0.76,0.134,0,0.174,0.985,-0.772,-0.627,0.11],"_shiftlockState":false,"_pose":"FreeFall","_animationQueue":[],"_animationSpeed":1,"_zoom":16.125},{"_mousePosition":[787,382],"_rootPartCFrame":[760.982,227.116,44.447,0.531,0,0.848,0,1,0,-0.848,0,0.531],"_humanoidState":5,"_cameraCFrame":[763.75,248.959,46.729,0.636,-0.76,0.134,0,0.174,0.985,-0.772,-0.627,0.11],"_shiftlockState":false,"_pose":"FreeFall","_animationQueue":[],"_animationSpeed":1,"_zoom":16.125},{"_mousePosition":[787,382],"_rootPartCFrame":[760.776,227.652,44.278,0.546,0,0.838,0,1,0,-0.838,0,0.546],"_humanoidState":5,"_cameraCFrame":[763.544,249.495,46.56,0.636,-0.76,0.134,0,0.174,0.985,-0.772,-0.627,0.11],"_shiftlockState":false,"_pose":"FreeFall","_animationQueue":[],"_animationSpeed":1,"_zoom":16.125},{"_mousePosition":[787,382],"_rootPartCFrame":[760.57,228.134,44.108,0.559,0,0.829,0,1,0,-0.829,0,0.559],"_humanoidState":5,"_cameraCFrame":[763.332,249.976,46.397,0.638,-0.758,0.134,0,0.174,0.985,-0.77,-0.628,0.111],"_shiftlockState":false,"_pose":"FreeFall","_animationQueue":[],"_animationSpeed":1,"_zoom":16.125},{"_mousePosition":[787,382],"_rootPartCFrame":[760.365,228.56,43.938,0.57,0,0.821,0,1,0,-0.821,0,0.57],"_humanoidState":5,"_cameraCFrame":[763.126,250.403,46.227,0.638,-0.758,0.134,0,0.174,0.985,-0.77,-0.628,0.111],"_shiftlockState":false,"_pose":"FreeFall","_animationQueue":[],"_animationSpeed":1,"_zoom":16.125},{"_mousePosition":[787,382],"_rootPartCFrame":[760.159,228.933,43.768,0.58,0,0.814,0,1,0,-0.814,0,0.58],"_humanoidState":5,"_cameraCFrame":[762.921,250.775,46.057,0.638,-0.758,0.134,0,0.174,0.985,-0.77,-0.628,0.111],"_shiftlockState":false,"_pose":"FreeFall","_animationQueue":[],"_animationSpeed":1,"_zoom":16.125},{"_mousePosition":[787,382],"_rootPartCFrame":[759.954,229.251,43.598,0.589,0,0.808,0,1,0,-0.808,0,0.589],"_humanoidState":5,"_cameraCFrame":[762.71,251.093,45.894,0.64,-0.757,0.133,0,0.174,0.985,-0.768,-0.63,0.111],"_shiftlockState":false,"_pose":"FreeFall","_animationQueue":[],"_animationSpeed":1,"_zoom":16.125},{"_mousePosition":[787,382],"_rootPartCFrame":[759.8,229.453,43.471,0.594,0,0.804,0,1,0,-0.804,0,0.594],"_humanoidState":5,"_cameraCFrame":[762.556,251.296,45.767,0.64,-0.757,0.133,0,0.174,0.985,-0.768,-0.63,0.111],"_shiftlockState":false,"_pose":"FreeFall","_animationQueue":[],"_animationSpeed":1,"_zoom":16.125},{"_mousePosition":[787,382],"_rootPartCFrame":[759.595,229.676,43.3,0.6,0,0.8,0,1,0,-0.8,0,0.6],"_humanoidState":5,"_cameraCFrame":[762.351,251.518,45.596,0.64,-0.757,0.133,0,0.174,0.985,-0.768,-0.63,0.111],"_shiftlockState":false,"_pose":"FreeFall","_animationQueue":[],"_animationSpeed":1,"_zoom":16.125},{"_mousePosition":[787,382],"_rootPartCFrame":[759.39,229.844,43.129,0.606,0,0.795,0,1,0,-0.795,0,0.606],"_humanoidState":5,"_cameraCFrame":[762.146,251.686,45.425,0.64,-0.757,0.133,0,0.174,0.985,-0.768,-0.63,0.111],"_shiftlockState":false,"_pose":"FreeFall","_animationQueue":[],"_animationSpeed":1,"_zoom":16.125},{"_mousePosition":[787,382],"_rootPartCFrame":[759.185,229.957,42.959,0.611,0,0.792,0,1,0,-0.792,0,0.611],"_humanoidState":5,"_cameraCFrame":[761.941,251.8,45.255,0.64,-0.757,0.133,0,0.174,0.985,-0.768,-0.63,0.111],"_shiftlockState":false,"_pose":"FreeFall","_animationQueue":[],"_animationSpeed":1,"_zoom":16.125},{"_mousePosition":[787,382],"_rootPartCFrame":[758.981,230.017,42.788,0.615,0,0.788,0,1,0,-0.788,0,0.615],"_humanoidState":5,"_cameraCFrame":[761.736,251.859,45.084,0.64,-0.757,0.133,0,0.174,0.985,-0.768,-0.63,0.111],"_shiftlockState":false,"_pose":"FreeFall","_animationQueue":[],"_animationSpeed":1,"_zoom":16.125},{"_mousePosition":[787,382],"_rootPartCFrame":[758.776,230.021,42.617,0.619,0,0.786,0,1,0,-0.786,0,0.619],"_humanoidState":5,"_cameraCFrame":[761.532,251.863,44.913,0.64,-0.757,0.133,0,0.174,0.985,-0.768,-0.63,0.111],"_shiftlockState":false,"_pose":"FreeFall","_animationQueue":[],"_animationSpeed":1,"_zoom":16.125},{"_mousePosition":[787,382],"_rootPartCFrame":[758.571,229.971,42.446,0.622,0,0.783,0,1,0,-0.783,0,0.622],"_humanoidState":5,"_cameraCFrame":[761.327,251.813,44.742,0.64,-0.757,0.133,0,0.174,0.985,-0.768,-0.63,0.111],"_shiftlockState":false,"_pose":"FreeFall","_animationQueue":[["fall",0.3]],"_animationSpeed":1,"_zoom":16.125},{"_mousePosition":[787,382],"_rootPartCFrame":[758.366,229.867,42.276,0.624,0,0.781,0,1,0,-0.781,0,0.624],"_humanoidState":5,"_cameraCFrame":[761.122,251.709,44.572,0.64,-0.757,0.133,0,0.174,0.985,-0.768,-0.63,0.111],"_shiftlockState":false,"_pose":"FreeFall","_animationQueue":[],"_animationSpeed":1,"_zoom":16.125},{"_mousePosition":[787,382],"_rootPartCFrame":[758.161,229.708,42.105,0.627,0,0.779,0,1,0,-0.779,0,0.627],"_humanoidState":5,"_cameraCFrame":[760.929,251.55,44.387,0.636,-0.76,0.134,0,0.174,0.985,-0.772,-0.627,0.11],"_shiftlockState":false,"_pose":"FreeFall","_animationQueue":[],"_animationSpeed":1,"_zoom":16.125},{"_mousePosition":[787,382],"_rootPartCFrame":[757.956,229.494,41.934,0.629,0,0.778,0,1,0,-0.778,0,0.629],"_humanoidState":5,"_cameraCFrame":[760.775,251.337,44.153,0.618,-0.774,0.136,0,0.174,0.985,-0.786,-0.609,0.107],"_shiftlockState":false,"_pose":"FreeFall","_animationQueue":[],"_animationSpeed":1,"_zoom":16.125},{"_mousePosition":[787,382],"_rootPartCFrame":[757.751,229.226,41.765,0.63,0,0.777,0,1,0,-0.777,0,0.63],"_humanoidState":5,"_cameraCFrame":[760.641,251.069,43.889,0.592,-0.793,0.14,0,0.174,0.985,-0.806,-0.583,0.103],"_shiftlockState":false,"_pose":"FreeFall","_animationQueue":[],"_animationSpeed":1,"_zoom":16.125},{"_mousePosition":[787,382],"_rootPartCFrame":[757.542,228.904,41.599,0.629,0,0.777,0,1,0,-0.777,0,0.629],"_humanoidState":5,"_cameraCFrame":[760.526,250.746,43.59,0.555,-0.819,0.144,0,0.174,0.985,-0.832,-0.547,0.096],"_shiftlockState":false,"_pose":"FreeFall","_animationQueue":[],"_animationSpeed":1,"_zoom":16.125},{"_mousePosition":[787,382],"_rootPartCFrame":[757.328,228.527,41.44,0.625,0,0.78,0,1,0,-0.78,0,0.625],"_humanoidState":5,"_cameraCFrame":[760.413,250.369,43.269,0.51,-0.847,0.149,0,0.174,0.985,-0.86,-0.502,0.089],"_shiftlockState":false,"_pose":"FreeFall","_animationQueue":[],"_animationSpeed":1,"_zoom":16.125},{"_mousePosition":[787,382],"_rootPartCFrame":[757.107,228.095,41.29,0.618,0,0.786,0,1,0,-0.786,0,0.618],"_humanoidState":5,"_cameraCFrame":[760.345,249.931,42.923,0.45,-0.879,0.157,0,0.176,0.984,-0.893,-0.443,0.079],"_shiftlockState":false,"_pose":"FreeFall","_animationQueue":[["fall",0.3]],"_animationSpeed":1,"_zoom":16.125},{"_mousePosition":[787,382],"_rootPartCFrame":[756.879,227.609,41.153,0.606,0,0.796,0,1,0,-0.796,0,0.606],"_humanoidState":5,"_cameraCFrame":[760.374,249.416,42.604,0.383,-0.908,0.169,0,0.183,0.983,-0.924,-0.377,0.07],"_shiftlockState":false,"_pose":"FreeFall","_animationQueue":[],"_animationSpeed":1,"_zoom":16.125},{"_mousePosition":[787,382],"_rootPartCFrame":[756.642,227.069,41.03,0.588,0,0.809,0,1,0,-0.809,0,0.588],"_humanoidState":5,"_cameraCFrame":[760.394,248.845,42.242,0.307,-0.934,0.182,0,0.191,0.982,-0.952,-0.302,0.059],"_shiftlockState":false,"_pose":"FreeFall","_animationQueue":[],"_animationSpeed":1,"_zoom":16.125},{"_mousePosition":[787,382],"_rootPartCFrame":[756.405,226.986,40.928,0.564,0,0.826,0,1,0,-0.826,0,0.564],"_humanoidState":7,"_cameraCFrame":[760.396,248.731,41.869,0.229,-0.954,0.193,0,0.199,0.98,-0.973,-0.225,0.046],"_shiftlockState":false,"_pose":"FreeFall","_animationQueue":[["walk",0.1],["fall",0.3],["fall",0.3]],"_animationSpeed":1,"_zoom":16.125},{"_mousePosition":[787,382],"_rootPartCFrame":[756.155,226.985,40.844,0.534,0,0.845,0,1,0,-0.845,0,0.534],"_humanoidState":7,"_cameraCFrame":[760.364,248.697,41.493,0.152,-0.967,0.204,0,0.206,0.979,-0.988,-0.149,0.031],"_shiftlockState":false,"_pose":"FreeFall","_animationQueue":[],"_animationSpeed":1,"_zoom":16.125},{"_mousePosition":[787,382],"_rootPartCFrame":[755.896,226.881,40.78,0.498,0,0.867,0,1,0,-0.867,0,0.498],"_humanoidState":8,"_cameraCFrame":[760.299,248.559,41.12,0.077,-0.974,0.213,0,0.214,0.977,-0.997,-0.075,0.016],"_shiftlockState":false,"_pose":"Running","_animationQueue":[["walk",0.1],["fall",0.3],["walk",0.1]],"_animationSpeed":1.095,"_zoom":16.125},{"_mousePosition":[787,382],"_rootPartCFrame":[755.637,226.711,40.738,0.455,0,0.89,0,1,0,-0.89,0,0.455],"_humanoidState":8,"_cameraCFrame":[760.249,248.346,40.639,-0.022,-0.975,0.223,0,0.223,0.975,-1,0.021,-0.005],"_shiftlockState":false,"_pose":"Running","_animationQueue":[],"_animationSpeed":1.095,"_zoom":16.125},{"_mousePosition":[787,382],"_rootPartCFrame":[755.386,226.488,40.717,0.408,0,0.913,0,1,0,-0.913,0,0.408],"_humanoidState":8,"_cameraCFrame":[760.141,248.086,40.349,-0.077,-0.97,0.23,0,0.231,0.973,-0.997,0.075,-0.018],"_shiftlockState":false,"_pose":"Running","_animationQueue":[["walk",0.1]],"_animationSpeed":1.095,"_zoom":16.125},{"_mousePosition":[787,382],"_rootPartCFrame":[755.149,226.209,40.72,0.354,0,0.935,0,1,0,-0.935,0,0.354],"_humanoidState":8,"_cameraCFrame":[759.961,247.789,40.139,-0.12,-0.965,0.233,0,0.235,0.972,-0.993,0.117,-0.028],"_shiftlockState":false,"_pose":"Running","_animationQueue":[],"_animationSpeed":1.095,"_zoom":16.125},{"_mousePosition":[787,382],"_rootPartCFrame":[754.932,225.877,40.736,0.299,0,0.954,0,1,0,-0.954,0,0.299],"_humanoidState":8,"_cameraCFrame":[759.763,247.447,40.003,-0.15,-0.961,0.234,0,0.237,0.972,-0.989,0.146,-0.036],"_shiftlockState":false,"_pose":"Running","_animationQueue":[["walk",0.1]],"_animationSpeed":0.976,"_zoom":16.125},{"_mousePosition":[787,382],"_rootPartCFrame":[754.739,225.49,40.759,0.244,0,0.97,0,1,0,-0.97,0,0.244],"_humanoidState":8,"_cameraCFrame":[759.597,247.05,39.945,-0.165,-0.958,0.235,0,0.238,0.971,-0.986,0.16,-0.039],"_shiftlockState":false,"_pose":"Running","_animationQueue":[["walk",0.1]],"_animationSpeed":0.896,"_zoom":16.125},{"_mousePosition":[787,382],"_rootPartCFrame":[754.499,226.573,40.787,0.175,0,0.985,0,1,0,-0.985,0,0.175],"_humanoidState":3,"_cameraCFrame":[759.358,248.134,39.974,-0.165,-0.958,0.235,0,0.238,0.971,-0.986,0.16,-0.039],"_shiftlockState":false,"_pose":"Jumping","_animationQueue":[["walk",0.1],["jump",0.1]],"_animationSpeed":1,"_zoom":16.125},{"_mousePosition":[787,382],"_rootPartCFrame":[754.342,227.185,40.809,0.138,0,0.99,0,1,0,-0.99,0,0.138],"_humanoidState":5,"_cameraCFrame":[759.2,248.745,39.996,-0.165,-0.958,0.235,0,0.238,0.971,-0.986,0.16,-0.039],"_shiftlockState":false,"_pose":"FreeFall","_animationQueue":[["jump",0.1]],"_animationSpeed":1,"_zoom":16.125},{"_mousePosition":[787,382],"_rootPartCFrame":[754.098,227.952,40.847,0.096,0,0.995,0,1,0,-0.995,0,0.096],"_humanoidState":5,"_cameraCFrame":[758.956,249.513,40.034,-0.165,-0.958,0.235,0,0.238,0.971,-0.986,0.16,-0.039],"_shiftlockState":false,"_pose":"FreeFall","_animationQueue":[],"_animationSpeed":1,"_zoom":16.125},{"_mousePosition":[787,382],"_rootPartCFrame":[753.836,228.665,40.891,0.059,0,0.998,0,1,0,-0.998,0,0.059],"_humanoidState":5,"_cameraCFrame":[758.694,250.226,40.078,-0.165,-0.958,0.235,0,0.238,0.971,-0.986,0.16,-0.039],"_shiftlockState":false,"_pose":"FreeFall","_animationQueue":[],"_animationSpeed":1,"_zoom":16.125},{"_mousePosition":[787,382],"_rootPartCFrame":[753.573,229.324,40.935,0.027,0,1,0,1,0,-1,0,0.027],"_humanoidState":5,"_cameraCFrame":[758.431,250.884,40.122,-0.165,-0.958,0.235,0,0.238,0.971,-0.986,0.16,-0.039],"_shiftlockState":false,"_pose":"FreeFall","_animationQueue":[],"_animationSpeed":1,"_zoom":16.125},{"_mousePosition":[787,382],"_rootPartCFrame":[753.244,230.07,40.99,-0.006,0,1,0,1,0,-1,0,-0.006],"_humanoidState":5,"_cameraCFrame":[758.102,251.631,40.177,-0.165,-0.958,0.235,0,0.238,0.971,-0.986,0.16,-0.039],"_shiftlockState":false,"_pose":"FreeFall","_animationQueue":[],"_animationSpeed":1,"_zoom":16.125},{"_mousePosition":[787,382],"_rootPartCFrame":[752.981,230.606,41.034,-0.029,0,1,0,1,0,-1,0,-0.029],"_humanoidState":5,"_cameraCFrame":[757.839,252.166,40.221,-0.165,-0.958,0.235,0,0.238,0.971,-0.986,0.16,-0.039],"_shiftlockState":false,"_pose":"FreeFall","_animationQueue":[],"_animationSpeed":1,"_zoom":16.125},{"_mousePosition":[787,382],"_rootPartCFrame":[752.718,231.088,41.078,-0.048,0,0.999,0,1,0,-0.999,0,-0.048],"_humanoidState":5,"_cameraCFrame":[757.572,252.648,40.24,-0.17,-0.957,0.235,0,0.238,0.971,-0.985,0.165,-0.041],"_shiftlockState":false,"_pose":"FreeFall","_animationQueue":[],"_animationSpeed":1,"_zoom":16.125},{"_mousePosition":[787,382],"_rootPartCFrame":[752.455,231.514,41.122,-0.065,0,0.998,0,1,0,-0.998,0,-0.065],"_humanoidState":5,"_cameraCFrame":[757.309,253.075,40.284,-0.17,-0.957,0.235,0,0.238,0.971,-0.985,0.165,-0.041],"_shiftlockState":false,"_pose":"FreeFall","_animationQueue":[],"_animationSpeed":1,"_zoom":16.125},{"_mousePosition":[787,382],"_rootPartCFrame":[752.193,231.887,41.167,-0.08,0,0.997,0,1,0,-0.997,0,-0.08],"_humanoidState":5,"_cameraCFrame":[757.085,253.438,40.323,-0.17,-0.957,0.237,0,0.24,0.971,-0.985,0.165,-0.041],"_shiftlockState":false,"_pose":"FreeFall","_animationQueue":[],"_animationSpeed":1,"_zoom":16.125},{"_mousePosition":[787,382],"_rootPartCFrame":[751.93,232.205,41.212,-0.092,0,0.996,0,1,0,-0.996,0,-0.092],"_humanoidState":5,"_cameraCFrame":[756.82,253.755,40.356,-0.173,-0.956,0.237,0,0.24,0.971,-0.985,0.167,-0.041],"_shiftlockState":false,"_pose":"FreeFall","_animationQueue":[],"_animationSpeed":1,"_zoom":16.125},{"_mousePosition":[787,382],"_rootPartCFrame":[751.667,232.468,41.258,-0.103,0,0.995,0,1,0,-0.995,0,-0.103],"_humanoidState":5,"_cameraCFrame":[756.592,254.009,40.369,-0.178,-0.955,0.238,0,0.242,0.97,-0.984,0.172,-0.043],"_shiftlockState":false,"_pose":"FreeFall","_animationQueue":[],"_animationSpeed":1,"_zoom":16.125},{"_mousePosition":[787,382],"_rootPartCFrame":[751.404,232.677,41.304,-0.113,0,0.994,0,1,0,-0.994,0,-0.113],"_humanoidState":5,"_cameraCFrame":[756.317,254.218,40.353,-0.19,-0.953,0.238,0,0.242,0.97,-0.982,0.184,-0.046],"_shiftlockState":false,"_pose":"FreeFall","_animationQueue":[],"_animationSpeed":1,"_zoom":16.125},{"_mousePosition":[787,382],"_rootPartCFrame":[751.208,232.798,41.339,-0.12,0,0.993,0,1,0,-0.993,0,-0.12],"_humanoidState":5,"_cameraCFrame":[756.144,254.329,40.306,-0.205,-0.949,0.239,0,0.244,0.97,-0.979,0.199,-0.05],"_shiftlockState":false,"_pose":"FreeFall","_animationQueue":[],"_animationSpeed":1,"_zoom":16.125},{"_mousePosition":[787,382],"_rootPartCFrame":[750.946,232.911,41.389,-0.129,0,0.992,0,1,0,-0.992,0,-0.129],"_humanoidState":5,"_cameraCFrame":[755.904,254.433,40.273,-0.22,-0.946,0.24,0,0.246,0.969,-0.976,0.213,-0.054],"_shiftlockState":false,"_pose":"FreeFall","_animationQueue":[],"_animationSpeed":1,"_zoom":16.125},{"_mousePosition":[787,382],"_rootPartCFrame":[750.685,232.97,41.443,-0.139,0,0.99,0,1,0,-0.99,0,-0.139],"_humanoidState":5,"_cameraCFrame":[755.663,254.482,40.242,-0.234,-0.942,0.241,0,0.248,0.969,-0.972,0.227,-0.058],"_shiftlockState":false,"_pose":"FreeFall","_animationQueue":[],"_animationSpeed":1,"_zoom":16.125},{"_mousePosition":[787,382],"_rootPartCFrame":[750.359,232.968,41.516,-0.152,0,0.988,0,1,0,-0.988,0,-0.152],"_humanoidState":5,"_cameraCFrame":[755.356,254.469,40.23,-0.249,-0.938,0.242,0,0.25,0.968,-0.968,0.241,-0.062],"_shiftlockState":false,"_pose":"FreeFall","_animationQueue":[["fall",0.3]],"_animationSpeed":1,"_zoom":16.125},{"_mousePosition":[787,382],"_rootPartCFrame":[750.165,232.925,41.562,-0.16,0,0.987,0,1,0,-0.987,0,-0.16],"_humanoidState":5,"_cameraCFrame":[755.131,254.426,40.163,-0.271,-0.932,0.24,0,0.25,0.968,-0.963,0.263,-0.068],"_shiftlockState":false,"_pose":"FreeFall","_animationQueue":[],"_animationSpeed":1,"_zoom":16.125},{"_mousePosition":[787,382],"_rootPartCFrame":[749.906,232.821,41.628,-0.172,0,0.985,0,1,0,-0.985,0,-0.172],"_humanoidState":5,"_cameraCFrame":[754.903,254.302,40.055,-0.3,-0.923,0.242,0,0.254,0.967,-0.954,0.29,-0.076],"_shiftlockState":false,"_pose":"FreeFall","_animationQueue":[],"_animationSpeed":1,"_zoom":16.125},{"_mousePosition":[787,382],"_rootPartCFrame":[749.649,232.662,41.699,-0.185,0,0.983,0,1,0,-0.983,0,-0.185],"_humanoidState":5,"_cameraCFrame":[754.701,254.101,39.809,-0.351,-0.904,0.245,0,0.261,0.965,-0.937,0.338,-0.092],"_shiftlockState":false,"_pose":"FreeFall","_animationQueue":[],"_animationSpeed":1,"_zoom":16.125},{"_mousePosition":[787,382],"_rootPartCFrame":[749.395,232.448,41.778,-0.2,0,0.98,0,1,0,-0.98,0,-0.2],"_humanoidState":5,"_cameraCFrame":[754.478,253.856,39.652,-0.386,-0.889,0.246,0,0.267,0.964,-0.923,0.372,-0.103],"_shiftlockState":false,"_pose":"FreeFall","_animationQueue":[],"_animationSpeed":1,"_zoom":16.125},{"_mousePosition":[787,382],"_rootPartCFrame":[749.082,232.105,41.893,-0.224,0,0.975,0,1,0,-0.975,0,-0.224],"_humanoidState":5,"_cameraCFrame":[754.18,253.48,39.514,-0.423,-0.872,0.247,0,0.272,0.962,-0.906,0.407,-0.115],"_shiftlockState":false,"_pose":"FreeFall","_animationQueue":[],"_animationSpeed":1,"_zoom":16.125},{"_mousePosition":[787,382],"_rootPartCFrame":[748.897,231.858,41.969,-0.24,0,0.971,0,1,0,-0.971,0,-0.24],"_humanoidState":5,"_cameraCFrame":[753.964,253.211,39.35,-0.459,-0.854,0.245,0,0.276,0.961,-0.888,0.441,-0.127],"_shiftlockState":false,"_pose":"FreeFall","_animationQueue":[],"_animationSpeed":1,"_zoom":16.125},{"_mousePosition":[787,382],"_rootPartCFrame":[748.695,231.807,42.061,-0.264,0,0.965,0,1,0,-0.965,0,-0.264],"_humanoidState":7,"_cameraCFrame":[753.666,253.16,39.264,-0.49,-0.838,0.241,0,0.276,0.961,-0.872,0.471,-0.135],"_shiftlockState":false,"_pose":"FreeFall","_animationQueue":[["fall",0.3],["walk",0.1],["fall",0.3],["fall",0.3]],"_animationSpeed":1,"_zoom":16.125},{"_mousePosition":[787,382],"_rootPartCFrame":[748.483,231.806,42.169,-0.29,0,0.957,0,1,0,-0.957,0,-0.29],"_humanoidState":7,"_cameraCFrame":[753.392,253.148,39.19,-0.519,-0.821,0.238,0,0.278,0.961,-0.855,0.498,-0.144],"_shiftlockState":false,"_pose":"FreeFall","_animationQueue":[],"_animationSpeed":1,"_zoom":16.125},{"_mousePosition":[787,382],"_rootPartCFrame":[748.274,231.806,42.286,-0.317,0,0.948,0,1,0,-0.948,0,-0.317],"_humanoidState":8,"_cameraCFrame":[753.09,253.148,39.159,-0.545,-0.806,0.233,0,0.278,0.961,-0.839,0.523,-0.151],"_shiftlockState":false,"_pose":"Running","_animationQueue":[["walk",0.1],["fall",0.3],["walk",0.1]],"_animationSpeed":0.998,"_zoom":16.125},{"_mousePosition":[787,382],"_rootPartCFrame":[747.945,231.616,42.485,-0.359,0,0.933,0,1,0,-0.933,0,-0.359],"_humanoidState":8,"_cameraCFrame":[752.672,252.958,39.225,-0.568,-0.791,0.229,0,0.278,0.961,-0.823,0.545,-0.158],"_shiftlockState":false,"_pose":"Running","_animationQueue":[],"_animationSpeed":0.998,"_zoom":16.125},{"_mousePosition":[787,382],"_rootPartCFrame":[747.833,231.525,42.556,-0.372,0,0.928,0,1,0,-0.928,0,-0.372],"_humanoidState":8,"_cameraCFrame":[752.485,252.867,39.19,-0.586,-0.778,0.225,0,0.278,0.961,-0.81,0.563,-0.163],"_shiftlockState":false,"_pose":"Running","_animationQueue":[["walk",0.1]],"_animationSpeed":1.065,"_zoom":16.125},{"_mousePosition":[787,382],"_rootPartCFrame":[747.506,231.169,42.781,-0.413,0,0.911,0,1,0,-0.911,0,-0.413],"_humanoidState":8,"_cameraCFrame":[752.071,252.511,39.298,-0.607,-0.764,0.221,0,0.278,0.961,-0.795,0.583,-0.169],"_shiftlockState":false,"_pose":"Running","_animationQueue":[],"_animationSpeed":1.065,"_zoom":16.125},{"_mousePosition":[787,382],"_rootPartCFrame":[747.406,231.023,42.853,-0.425,0,0.905,0,1,0,-0.905,0,-0.425],"_humanoidState":8,"_cameraCFrame":[751.9,252.365,39.278,-0.623,-0.752,0.218,0,0.278,0.961,-0.783,0.598,-0.173],"_shiftlockState":false,"_pose":"Running","_animationQueue":[["walk",0.1]],"_animationSpeed":1.065,"_zoom":16.125},{"_mousePosition":[787,382],"_rootPartCFrame":[747.223,230.69,42.992,-0.451,0,0.893,0,1,0,-0.893,0,-0.451],"_humanoidState":8,"_cameraCFrame":[751.674,252.021,39.302,-0.638,-0.739,0.215,0,0.28,0.96,-0.77,0.613,-0.179],"_shiftlockState":false,"_pose":"Running","_animationQueue":[],"_animationSpeed":1.065,"_zoom":16.125},{"_mousePosition":[787,382],"_rootPartCFrame":[747.035,230.694,43.141,-0.475,0,0.88,0,1,0,-0.88,0,-0.475],"_humanoidState":8,"_cameraCFrame":[751.449,252.002,39.289,-0.658,-0.723,0.214,0,0.284,0.959,-0.753,0.631,-0.186],"_shiftlockState":false,"_pose":"Running","_animationQueue":[["walk",0.1]],"_animationSpeed":0.945,"_zoom":16.125},{"_mousePosition":[787,382],"_rootPartCFrame":[746.762,230.789,43.367,-0.509,0,0.861,0,1,0,-0.861,0,-0.509],"_humanoidState":8,"_cameraCFrame":[751.137,252.097,39.47,-0.665,-0.716,0.212,0,0.284,0.959,-0.747,0.638,-0.189],"_shiftlockState":false,"_pose":"Running","_animationQueue":[["walk",0.1]],"_animationSpeed":0.996,"_zoom":16.125},{"_mousePosition":[787,382],"_rootPartCFrame":[746.681,230.773,43.437,-0.52,0,0.854,0,1,0,-0.854,0,-0.52],"_humanoidState":8,"_cameraCFrame":[751.065,252.069,39.492,-0.669,-0.712,0.212,0,0.285,0.958,-0.743,0.641,-0.191],"_shiftlockState":false,"_pose":"Running","_animationQueue":[],"_animationSpeed":0.996,"_zoom":16.125},{"_mousePosition":[787,382],"_rootPartCFrame":[746.48,231.843,43.611,-0.546,0,0.838,0,1,0,-0.838,0,-0.546],"_humanoidState":3,"_cameraCFrame":[750.882,253.128,39.63,-0.671,-0.71,0.213,0,0.287,0.958,-0.742,0.642,-0.193],"_shiftlockState":false,"_pose":"Jumping","_animationQueue":[["walk",0.1],["jump",0.1]],"_animationSpeed":1,"_zoom":16.125},{"_mousePosition":[787,382],"_rootPartCFrame":[746.348,232.444,43.727,-0.56,0,0.829,0,1,0,-0.829,0,-0.56],"_humanoidState":5,"_cameraCFrame":[750.74,253.729,39.734,-0.673,-0.709,0.213,0,0.287,0.958,-0.74,0.644,-0.193],"_shiftlockState":false,"_pose":"FreeFall","_animationQueue":[["jump",0.1]],"_animationSpeed