[{"_mousePosition":[786,414],"_rootPartCFrame":[776.023,222.7,47.142,0.003,0,1,0,1,0,-1,0,0.003],"_humanoidState":8,"_cameraCFrame":[783.977,238.226,47.247,0.013,-0.87,0.493,0,0.493,0.87,-1,-0.011,0.007],"_shiftlockState":false,"_pose":"Standing","_animationQueue":[],"_animationSpeed":1,"_zoom":16.125},{"_mousePosition":[786,414],"_rootPartCFrame":[775.72,222.7,47.138,0.005,0,1,0,1,0,-1,0,0.005],"_humanoidState":8,"_cameraCFrame":[783.646,238.242,47.243,0.013,-0.871,0.492,0,0.492,0.871,-1,-0.011,0.006],"_shiftlockState":false,"_pose":"Standing","_animationQueue":[],"_animationSpeed":1,"_zoom":16.125},{"_mousePosition":[786,414],"_rootPartCFrame":[775.587,222.7,47.137,0.006,0,1,0,1,0,-1,0,0.006],"_humanoidState":8,"_cameraCFrame":[783.485,238.257,47.241,0.013,-0.872,0.49,0,0.49,0.872,-1,-0.012,0.006],"_shiftlockState":false,"_pose":"Running","_animationQueue":[["walk",0.1]],"_animationSpeed":1.089,"_zoom":16.125},{"_mousePosition":[786,414],"_rootPartCFrame":[775.32,222.7,47.133,0.007,0,1,0,1,0,-1,0,0.007],"_humanoidState":8,"_cameraCFrame":[783.191,238.273,47.237,0.013,-0.873,0.488,0,0.488,0.873,-1,-0.012,0.006],"_shiftlockState":false,"_pose":"Running","_animationQueue":[],"_animationSpeed":1.089,"_zoom":16.125},{"_mousePosition":[786,414],"_rootPartCFrame":[775.054,222.7,47.13,0.007,0,1,0,1,0,-1,0,0.007],"_humanoidState":8,"_cameraCFrame":[782.897,238.288,47.233,0.013,-0.874,0.486,0,0.486,0.874,-1,-0.012,0.006],"_shiftlockState":false,"_pose":"Running","_animationQueue":[],"_animationSpeed":1.089,"_zoom":16.125},{"_mousePosition":[786,414],"_rootPartCFrame":[774.787,222.7,47.126,0.008,0,1,0,1,0,-1,0,0.008],"_humanoidState":8,"_cameraCFrame":[782.603,238.303,47.229,0.013,-0.875,0.485,0,0.485,0.875,-1,-0.012,0.006],"_shiftlockState":false,"_pose":"Running","_animationQueue":[],"_animationSpeed":1.089,"_zoom":16.125},{"_mousePosition":[786,414],"_rootPartCFrame":[774.521,222.7,47.123,0.009,0,1,0,1,0,-1,0,0.009],"_humanoidState":8,"_cameraCFrame":[782.309,238.318,47.225,0.013,-0.876,0.483,0,0.483,0.876,-1,-0.012,0.006],"_shiftlockState":false,"_pose":"Running","_animationQueue":[["walk",0.1]],"_animationSpeed":1.089,"_zoom":16.125},{"_mousePosition":[786,414],"_rootPartCFrame":[774.254,222.7,47.119,0.01,0,1,0,1,0,-1,0,0.01],"_humanoidState":8,"_cameraCFrame":[781.988,238.349,47.221,0.013,-0.877,0.48,0,0.48,0.877,-1,-0.012,0.006],"_shiftlockState":false,"_pose":"Running","_animationQueue":[],"_animationSpeed":1.089,"_zoom":16.125},{"_mousePosition":[786,414],"_rootPartCFrame":[773.987,222.7,47.115,0.01,0,1,0,1,0,-1,0,0.01],"_humanoidState":8,"_cameraCFrame":[781.693,238.364,47.217,0.013,-0.878,0.478,0,0.478,0.878,-1,-0.012,0.006],"_shiftlockState":false,"_pose":"Running","_animationQueue":[],"_animationSpeed":1.089,"_zoom":16.125},{"_mousePosition":[786,414],"_rootPartCFrame":[773.721,222.7,47.112,0.01,0,1,0,1,0,-1,0,0.01],"_humanoidState":8,"_cameraCFrame":[781.399,238.379,47.213,0.013,-0.879,0.476,0,0.476,0.879,-1,-0.012,0.006],"_shiftlockState":false,"_pose":"Running","_animationQueue":[],"_animationSpeed":1.089,"_zoom":16.125},{"_mousePosition":[786,414],"_rootPartCFrame":[773.454,222.7,47.108,0.011,0,1,0,1,0,-1,0,0.011],"_humanoidState":8,"_cameraCFrame":[781.077,238.409,47.209,0.013,-0.881,0.473,0,0.473,0.881,-1,-0.012,0.006],"_shiftlockState":false,"_pose":"Running","_animationQueue":[],"_animationSpeed":1.089,"_zoom":16.125},{"_mousePosition":[786,414],"_rootPartCFrame":[773.188,222.7,47.105,0.011,0,1,0,1,0,-1,0,0.011],"_humanoidState":8,"_cameraCFrame":[780.755,238.438,47.205,0.013,-0.883,0.469,0,0.469,0.883,-1,-0.012,0.006],"_shiftlockState":false,"_pose":"Running","_animationQueue":[],"_animationSpeed":1.089,"_zoom":16.125},{"_mousePosition":[786,414],"_rootPartCFrame":[772.921,222.7,47.101,0.011,0,1,0,1,0,-1,0,0.011],"_humanoidState":8,"_cameraCFrame":[780.461,238.453,47.201,0.013,-0.884,0.468,0,0.468,0.884,-1,-0.012,0.006],"_shiftlockState":false,"_pose":"Running","_animationQueue":[["walk",0.1]],"_animationSpeed":1.089,"_zoom":16.125},{"_mousePosition":[786,414],"_rootPartCFrame":[772.654,222.7,47.098,0.012,0,1,0,1,0,-1,0,0.012],"_humanoidState":8,"_cameraCFrame":[780.166,238.468,47.216,0.016,-0.885,0.466,0,0.466,0.885,-1,-0.014,0.007],"_shiftlockState":false,"_pose":"Running","_animationQueue":[],"_animationSpeed":1.089,"_zoom":16.125},{"_mousePosition":[786,414],"_rootPartCFrame":[772.388,222.7,47.094,0.012,0,1,0,1,0,-1,0,0.012],"_humanoidState":8,"_cameraCFrame":[779.9,238.468,47.213,0.016,-0.885,0.466,0,0.466,0.885,-1,-0.014,0.007],"_shiftlockState":false,"_pose":"Running","_animationQueue":[],"_animationSpeed":1.089,"_zoom":16.125},{"_mousePosition":[786,414],"_rootPartCFrame":[772.121,222.7,47.09,0.012,0,1,0,1,0,-1,0,0.012],"_humanoidState":8,"_cameraCFrame":[779.633,238.468,47.208,0.016,-0.885,0.466,0,0.466,0.885,-1,-0.014,0.007],"_shiftlockState":false,"_pose":"Running","_animationQueue":[],"_animationSpeed":1.089,"_zoom":16.125},{"_mousePosition":[786,414],"_rootPartCFrame":[771.854,222.7,47.086,0.013,0,1,0,1,0,-1,0,0.013],"_humanoidState":8,"_cameraCFrame":[779.366,238.468,47.204,0.016,-0.885,0.466,0,0.466,0.885,-1,-0.014,0.007],"_shiftlockState":false,"_pose":"Running","_animationQueue":[],"_animationSpeed":1.089,"_zoom":16.125},{"_mousePosition":[786,414],"_rootPartCFrame":[771.588,222.7,47.082,0.013,0,1,0,1,0,-1,0,0.013],"_humanoidState":8,"_cameraCFrame":[779.1,238.468,47.2,0.016,-0.885,0.466,0,0.466,0.885,-1,-0.014,0.007],"_shiftlockState":false,"_pose":"Running","_animationQueue":[],"_animationSpeed":1.089,"_zoom":16.125},{"_mousePosition":[786,414],"_rootPartCFrame":[771.321,222.7,47.078,0.014,0,1,0,1,0,-1,0,0.014],"_humanoidState":8,"_cameraCFrame":[778.778,238.497,47.195,0.016,-0.887,0.462,0,0.462,0.887,-1,-0.014,0.007],"_shiftlockState":false,"_pose":"Running","_animationQueue":[],"_animationSpeed":1.089,"_zoom":16.125},{"_mousePosition":[786,414],"_rootPartCFrame":[771.055,222.7,47.073,0.014,0,1,0,1,0,-1,0,0.014],"_humanoidState":8,"_cameraCFrame":[778.482,238.511,47.228,0.021,-0.887,0.461,0,0.461,0.888,-1,-0.018,0.01],"_shiftlockState":false,"_pose":"Running","_animationQueue":[["walk",0.1]],"_animationSpeed":1.089,"_zoom":16.125},{"_mousePosition":[786,414],"_rootPartCFrame":[770.788,223.563,47.069,0.014,0,1,0,1,0,-1,0,0.014],"_humanoidState":3,"_cameraCFrame":[778.16,239.403,47.241,0.023,-0.889,0.457,0,0.457,0.889,-1,-0.021,0.011],"_shiftlockState":false,"_pose":"Jumping","_animationQueue":[["walk",0.1],["jump",0.1]],"_animationSpeed":1,"_zoom":16.125},{"_mousePosition":[786,414],"_rootPartCFrame":[770.521,224.371,47.064,0.015,0,1,0,1,0,-1,0,0.015],"_humanoidState":5,"_cameraCFrame":[777.836,240.24,47.272,0.028,-0.891,0.454,0,0.454,0.891,-1,-0.025,0.013],"_shiftlockState":false,"_pose":"FreeFall","_animationQueue":[["jump",0.1]],"_animationSpeed":1,"_zoom":16.125},{"_mousePosition":[786,414],"_rootPartCFrame":[770.255,225.125,47.058,0.016,0,1,0,1,0,-1,0,0.016],"_humanoidState":5,"_cameraCFrame":[777.54,241.008,47.302,0.033,-0.891,0.452,0,0.452,0.892,-0.999,-0.03,0.015],"_shiftlockState":false,"_pose":"FreeFall","_animationQueue":[],"_animationSpeed":1,"_zoom":16.125},{"_mousePosition":[786,414],"_rootPartCFrame":[769.988,225.824,47.05,0.017,0,1,0,1,0,-1,0,0.017],"_humanoidState":5,"_cameraCFrame":[777.216,241.736,47.329,0.038,-0.893,0.448,0,0.449,0.894,-0.999,-0.034,0.017],"_shiftlockState":false,"_pose":"FreeFall","_animationQueue":[],"_animationSpeed":1,"_zoom":16.125},{"_mousePosition":[786,414],"_rootPartCFrame":[769.722,226.469,47.042,0.019,0,1,0,1,0,-1,0,0.019],"_humanoidState":5,"_cameraCFrame":[776.92,242.395,47.356,0.044,-0.894,0.446,0,0.447,0.895,-0.999,-0.039,0.019],"_shiftlockState":false,"_pose":"FreeFall","_animationQueue":[],"_animationSpeed":1,"_zoom":16.125},{"_mousePosition":[786,414],"_rootPartCFrame":[769.455,227.06,47.032,0.022,0,1,0,1,0,-1,0,0.022],"_humanoidState":5,"_cameraCFrame":[776.653,242.985,47.364,0.046,-0.894,0.446,0,0.447,0.895,-0.999,-0.041,0.021],"_shiftlockState":false,"_pose":"FreeFall","_animationQueue":[],"_animationSpeed":1,"_zoom":16.125},{"_mousePosition":[786,414],"_rootPartCFrame":[769.189,227.595,47.02,0.025,0,1,0,1,0,-1,0,0.025],"_humanoidState":5,"_cameraCFrame":[776.386,243.521,47.37,0.049,-0.894,0.446,0,0.447,0.895,-0.999,-0.043,0.022],"_shiftlockState":false,"_pose":"FreeFall","_animationQueue":[],"_animationSpeed":1,"_zoom":16.125},{"_mousePosition":[786,414],"_rootPartCFrame":[768.923,228.077,47.008,0.027,0,1,0,1,0,-1,0,0.027],"_humanoidState":5,"_cameraCFrame":[776.117,244.002,47.395,0.054,-0.893,0.446,0,0.447,0.895,-0.999,-0.048,0.024],"_shiftlockState":false,"_pose":"FreeFall","_animationQueue":[],"_animationSpeed":1,"_zoom":16.125},{"_mousePosition":[786,414],"_rootPartCFrame":[768.656,228.504,46.995,0.03,0,1,0,1,0,-1,0,0.03],"_humanoidState":5,"_cameraCFrame":[775.821,244.443,47.417,0.059,-0.894,0.444,0,0.445,0.895,-0.998,-0.053,0.026],"_shiftlockState":false,"_pose":"FreeFall","_animationQueue":[],"_animationSpeed":1,"_zoom":16.125},{"_mousePosition":[786,414],"_rootPartCFrame":[768.39,228.876,46.981,0.033,0,0.999,0,1,0,-0.999,0,0.033],"_humanoidState":5,"_cameraCFrame":[775.522,244.83,47.473,0.069,-0.894,0.442,0,0.443,0.896,-0.998,-0.062,0.031],"_shiftlockState":false,"_pose":"FreeFall","_animationQueue":[],"_animationSpeed":1,"_zoom":16.125},{"_mousePosition":[786,414],"_rootPartCFrame":[768.124,229.194,46.966,0.037,0,0.999,0,1,0,-0.999,0,0.037],"_humanoidState":5,"_cameraCFrame":[775.221,245.162,47.546,0.081,-0.894,0.44,0,0.442,0.897,-0.997,-0.073,0.036],"_shiftlockState":false,"_pose":"FreeFall","_animationQueue":[],"_animationSpeed":1,"_zoom":16.125},{"_mousePosition":[786,414],"_rootPartCFrame":[767.858,229.457,46.948,0.041,0,0.999,0,1,0,-0.999,0,0.041],"_humanoidState":5,"_cameraCFrame":[774.917,245.439,47.633,0.097,-0.894,0.438,0,0.44,0.898,-0.995,-0.087,0.042],"_shiftlockState":false,"_pose":"FreeFall","_animationQueue":[],"_animationSpeed":1,"_zoom":16.125},{"_mousePosition":[786,414],"_rootPartCFrame":[767.592,229.666,46.926,0.046,0,0.999,0,1,0,-0.999,0,0.046],"_humanoidState":5,"_cameraCFrame":[774.612,245.661,47.715,0.112,-0.893,0.435,0,0.438,0.899,-0.994,-0.1,0.049],"_shiftlockState":false,"_pose":"FreeFall","_animationQueue":[],"_animationSpeed":1,"_zoom":16.125},{"_mousePosition":[786,414],"_rootPartCFrame":[767.326,229.821,46.901,0.052,0,0.999,0,1,0,-0.999,0,0.052],"_humanoidState":5,"_cameraCFrame":[774.31,245.83,47.758,0.122,-0.893,0.433,0,0.436,0.9,-0.993,-0.11,0.053],"_shiftlockState":false,"_pose":"FreeFall","_animationQueue":[],"_animationSpeed":1,"_zoom":16.125},{"_mousePosition":[786,414],"_rootPartCFrame":[767.061,229.921,46.872,0.06,0,0.998,0,1,0,-0.998,0,0.06],"_humanoidState":5,"_cameraCFrame":[774.038,245.929,47.782,0.129,-0.892,0.433,0,0.436,0.9,-0.992,-0.116,0.056],"_shiftlockState":false,"_pose":"FreeFall","_animationQueue":[],"_animationSpeed":1,"_zoom":16.125},{"_mousePosition":[786,414],"_rootPartCFrame":[766.796,229.966,46.84,0.068,0,0.998,0,1,0,-0.998,0,0.068],"_humanoidState":5,"_cameraCFrame":[773.774,245.975,47.75,0.129,-0.892,0.433,0,0.436,0.9,-0.992,-0.116,0.056],"_shiftlockState":false,"_pose":"FreeFall","_animationQueue":[],"_animationSpeed":1,"_zoom":16.125},{"_mousePosition":[786,414],"_rootPartCFrame":[766.532,229.957,46.806,0.076,0,0.997,0,1,0,-0.997,0,0.076],"_humanoidState":5,"_cameraCFrame":[773.509,245.966,47.715,0.129,-0.892,0.433,0,0.436,0.9,-0.992,-0.116,0.056],"_shiftlockState":false,"_pose":"FreeFall","_animationQueue":[],"_animationSpeed":1,"_zoom":16.125},{"_mousePosition":[786,414],"_rootPartCFrame":[766.268,229.893,46.771,0.083,0,0.997,0,1,0,-0.997,0,0.083],"_humanoidState":5,"_cameraCFrame":[773.24,245.902,47.716,0.134,-0.892,0.432,0,0.436,0.9,-0.991,-0.121,0.059],"_shiftlockState":false,"_pose":"FreeFall","_animationQueue":[],"_animationSpeed":1,"_zoom":16.125},{"_mousePosition":[786,414],"_rootPartCFrame":[766.003,229.775,46.737,0.09,0,0.996,0,1,0,-0.996,0,0.09],"_humanoidState":5,"_cameraCFrame":[772.943,245.798,47.713,0.139,-0.892,0.43,0,0.435,0.901,-0.99,-0.125,0.061],"_shiftlockState":false,"_pose":"FreeFall","_animationQueue":[["fall",0.3]],"_animationSpeed":1,"_zoom":16.125},{"_mousePosition":[786,414],"_rootPartCFrame":[765.673,229.551,46.692,0.097,0,0.995,0,1,0,-0.995,0,0.097],"_humanoidState":5,"_cameraCFrame":[772.61,245.573,47.686,0.142,-0.892,0.43,0,0.435,0.901,-0.99,-0.128,0.062],"_shiftlockState":false,"_pose":"FreeFall","_animationQueue":[],"_animationSpeed":1,"_zoom":16.125},{"_mousePosition":[786,414],"_rootPartCFrame":[765.475,229.375,46.665,0.102,0,0.995,0,1,0,-0.995,0,0.102],"_humanoidState":5,"_cameraCFrame":[772.345,245.425,47.72,0.152,-0.892,0.426,0,0.431,0.902,-0.988,-0.137,0.065],"_shiftlockState":false,"_pose":"FreeFall","_animationQueue":[],"_animationSpeed":1,"_zoom":16.125},{"_mousePosition":[786,414],"_rootPartCFrame":[765.211,229.094,46.627,0.107,0,0.994,0,1,0,-0.994,0,0.107],"_humanoidState":5,"_cameraCFrame":[772.014,245.171,47.743,0.162,-0.892,0.422,0,0.428,0.904,-0.987,-0.146,0.069],"_shiftlockState":false,"_pose":"FreeFall","_animationQueue":[],"_animationSpeed":1,"_zoom":16.125},{"_mousePosition":[786,414],"_rootPartCFrame":[764.947,228.758,46.587,0.113,0,0.994,0,1,0,-0.994,0,0.113],"_humanoidState":5,"_cameraCFrame":[771.68,244.861,47.779,0.174,-0.892,0.418,0,0.424,0.906,-0.985,-0.158,0.074],"_shiftlockState":false,"_pose":"FreeFall","_animationQueue":[],"_animationSpeed":1,"_zoom":16.125},{"_mousePosition":[786,414],"_rootPartCFrame":[764.684,228.367,46.544,0.119,0,0.993,0,1,0,-0.993,0,0.119],"_humanoidState":5,"_cameraCFrame":[771.314,244.51,47.822,0.189,-0.892,0.411,0,0.419,0.908,-0.982,-0.172,0.079],"_shiftlockState":false,"_pose":"FreeFall","_animationQueue":[],"_animationSpeed":1,"_zoom":16.125},{"_mousePosition":[786,414],"_rootPartCFrame":[764.356,227.802,46.487,0.128,0,0.992,0,1,0,-0.992,0,0.128],"_humanoidState":5,"_cameraCFrame":[770.854,243.998,47.841,0.204,-0.892,0.403,0,0.412,0.911,-0.979,-0.186,0.084],"_shiftlockState":false,"_pose":"FreeFall","_animationQueue":[["fall",0.3]],"_animationSpeed":1,"_zoom":16.125},{"_mousePosition":[786,414],"_rootPartCFrame":[764.094,227.289,46.437,0.136,0,0.991,0,1,0,-0.991,0,0.136],"_humanoidState":5,"_cameraCFrame":[770.518,243.51,47.861,0.216,-0.891,0.398,0,0.408,0.913,-0.976,-0.198,0.088],"_shiftlockState":false,"_pose":"FreeFall","_animationQueue":[],"_animationSpeed":1,"_zoom":16.125},{"_mousePosition":[786,414],"_rootPartCFrame":[763.898,226.868,46.397,0.143,0,0.99,0,1,0,-0.99,0,0.143],"_humanoidState":5,"_cameraCFrame":[770.255,243.115,47.857,0.224,-0.891,0.394,0,0.405,0.915,-0.975,-0.205,0.091],"_shiftlockState":false,"_pose":"FreeFall","_animationQueue":[],"_animationSpeed":1,"_zoom":16.125},{"_mousePosition":[786,414],"_rootPartCFrame":[763.637,226.26,46.339,0.152,0,0.988,0,1,0,-0.988,0,0.152],"_humanoidState":5,"_cameraCFrame":[769.963,242.519,47.809,0.226,-0.892,0.392,0,0.403,0.915,-0.974,-0.207,0.091],"_shiftlockState":false,"_pose":"FreeFall","_animationQueue":[],"_animationSpeed":1,"_zoom":16.125},{"_mousePosition":[786,414],"_rootPartCFrame":[763.377,225.597,46.28,0.162,0,0.987,0,1,0,-0.987,0,0.162],"_humanoidState":5,"_cameraCFrame":[769.703,241.856,47.75,0.226,-0.892,0.392,0,0.403,0.915,-0.974,-0.207,0.091],"_shiftlockState":false,"_pose":"FreeFall","_animationQueue":[],"_animationSpeed":1,"_zoom":16.125},{"_mousePosition":[786,414],"_rootPartCFrame":[763.182,225.064,46.235,0.169,0,0.986,0,1,0,-0.986,0,0.169],"_humanoidState":5,"_cameraCFrame":[769.508,241.323,47.705,0.226,-0.892,0.392,0,0.403,0.915,-0.974,-0.207,0.091],"_shiftlockState":false,"_pose":"FreeFall","_animationQueue":[],"_animationSpeed":1,"_zoom":16.125},{"_mousePosition":[786,414],"_rootPartCFrame":[762.858,224.107,46.159,0.179,0,0.984,0,1,0,-0.984,0,0.179],"_humanoidState":5,"_cameraCFrame":[769.183,240.366,47.629,0.226,-0.892,0.392,0,0.403,0.915,-0.974,-0.207,0.091],"_shiftlockState":false,"_pose":"FreeFall","_animationQueue":[],"_animationSpeed":1,"_zoom":16.125},{"_mousePosition":[786,414],"_rootPartCFrame":[762.598,223.28,46.099,0.185,0,0.983,0,1,0,-0.983,0,0.185],"_humanoidState":5,"_cameraCFrame":[768.924,239.54,47.569,0.226,-0.892,0.392,0,0.403,0.915,-0.974,-0.207,0.091],"_shiftlockState":false,"_pose":"FreeFall","_animationQueue":[["fall",0.3]],"_animationSpeed":1,"_zoom":16.125},{"_mousePosition":[786,414],"_rootPartCFrame":[762.403,222.625,46.054,0.19,0,0.982,0,1,0,-0.982,0,0.19],"_humanoidState":7,"_cameraCFrame":[768.729,238.884,47.524,0.226,-0.892,0.392,0,0.403,0.915,-0.974,-0.207,0.091],"_shiftlockState":false,"_pose":"FreeFall","_animationQueue":[["walk",0.1],["fall",0.3],["fall",0.3]],"_animationSpeed":1,"_zoom":16.125},{"_mousePosition":[786,414],"_rootPartCFrame":[762.078,223.974,45.978,0.197,0,0.98,0,1,0,-0.98,0,0.197],"_humanoidState":3,"_cameraCFrame":[768.404,240.234,47.448,0.226,-0.892,0.392,0,0.403,0.915,-0.974,-0.207,0.091],"_shiftlockState":false,"_pose":"Jumping","_animationQueue":[["fall",0.3],["jump",0.1]],"_animationSpeed":1,"_zoom":16.125},{"_mousePosition":[786,414],"_rootPartCFrame":[761.819,225.057,45.918,0.201,0,0.98,0,1,0,-0.98,0,0.201],"_humanoidState":5,"_cameraCFrame":[768.144,241.317,47.388,0.226,-0.892,0.392,0,0.403,0.915,-0.974,-0.207,0.091],"_shiftlockState":false,"_pose":"FreeFall","_animationQueue":[["jump",0.1]],"_animationSpeed":1,"_zoom":16.125},{"_mousePosition":[786,414],"_rootPartCFrame":[761.624,225.87,45.873,0.204,0,0.979,0,1,0,-0.979,0,0.204],"_humanoidState":5,"_cameraCFrame":[767.949,242.129,47.343,0.226,-0.892,0.392,0,0.403,0.915,-0.974,-0.207,0.091],"_shiftlockState":false,"_pose":"FreeFall","_animationQueue":[],"_animationSpeed":1,"_zoom":16.125},{"_mousePosition":[786,414],"_rootPartCFrame":[761.299,227.224,45.797,0.208,0,0.978,0,1,0,-0.978,0,0.208],"_humanoidState":5,"_cameraCFrame":[767.625,243.483,47.267,0.226,-0.892,0.392,0,0.403,0.915,-0.974,-0.207,0.091],"_shiftlockState":false,"_pose":"FreeFall","_animationQueue":[],"_animationSpeed":1,"_zoom":16.125},{"_mousePosition":[786,414],"_rootPartCFrame":[761.039,228.307,45.737,0.211,0,0.978,0,1,0,-0.978,0,0.211],"_humanoidState":5,"_cameraCFrame":[767.365,244.567,47.207,0.226,-0.892,0.392,0,0.403,0.915,-0.974,-0.207,0.091],"_shiftlockState":false,"_pose":"FreeFall","_animationQueue":[],"_animationSpeed":1,"_zoom":16.125},{"_mousePosition":[786,414],"_rootPartCFrame":[760.779,229.391,45.677,0.213,0,0.977,0,1,0,-0.977,0,0.213],"_humanoidState":5,"_cameraCFrame":[767.105,245.65,47.146,0.226,-0.892,0.392,0,0.403,0.915,-0.974,-0.207,0.091],"_shiftlockState":false,"_pose":"FreeFall","_animationQueue":[],"_animationSpeed":1,"_zoom":16.125},{"_mousePosition":[786,414],"_rootPartCFrame":[760.52,230.474,45.616,0.215,0,0.977,0,1,0,-0.977,0,0.215],"_humanoidState":5,"_cameraCFrame":[766.845,246.733,47.086,0.226,-0.892,0.392,0,0.403,0.915,-0.974,-0.207,0.091],"_shiftlockState":false,"_pose":"FreeFall","_animationQueue":[],"_animationSpeed":1,"_zoom":16.125},{"_mousePosition":[786,414],"_rootPartCFrame":[760.26,231.557,45.556,0.216,0,0.976,0,1,0,-0.976,0,0.216],"_humanoidState":5,"_cameraCFrame":[766.55,247.829,47.051,0.231,-0.891,0.39,0,0.401,0.916,-0.973,-0.212,0.093],"_shiftlockState":false,"_pose":"FreeFall","_animationQueue":[],"_animationSpeed":1,"_zoom":16.125},{"_mousePosition":[786,414],"_rootPartCFrame":[760,232.607,45.496,0.218,0,0.976,0,1,0,-0.976,0,0.218],"_humanoidState":5,"_cameraCFrame":[766.234,248.904,46.977,0.231,-0.893,0.387,0,0.397,0.918,-0.973,-0.212,0.092],"_shiftlockState":false,"_pose":"FreeFall","_animationQueue":[],"_animationSpeed":1,"_zoom":16.125},{"_mousePosition":[786,414],"_rootPartCFrame":[759.806,233.358,45.449,0.219,0,0.976,0,1,0,-0.976,0,0.219],"_humanoidState":5,"_cameraCFrame":[765.984,249.68,46.918,0.231,-0.894,0.383,0,0.394,0.919,-0.973,-0.213,0.091],"_shiftlockState":false,"_pose":"FreeFall","_animationQueue":[],"_animationSpeed":1,"_zoom":16.125},{"_mousePosition":[786,414],"_rootPartCFrame":[759.481,234.542,45.372,0.221,0,0.975,0,1,0,-0.975,0,0.221],"_humanoidState":5,"_cameraCFrame":[765.631,250.876,46.834,0.231,-0.895,0.381,0,0.392,0.92,-0.973,-0.213,0.091],"_shiftlockState":false,"_pose":"FreeFall","_animationQueue":[],"_animationSpeed":1,"_zoom":16.125},{"_mousePosition":[786,414],"_rootPartCFrame":[759.222,235.427,45.311,0.223,0,0.975,0,1,0,-0.975,0,0.223],"_humanoidState":5,"_cameraCFrame":[765.343,251.774,46.766,0.231,-0.896,0.38,0,0.39,0.921,-0.973,-0.213,0.09],"_shiftlockState":false,"_pose":"FreeFall","_animationQueue":[],"_animationSpeed":1,"_zoom":16.125},{"_mousePosition":[786,414],"_rootPartCFrame":[758.962,236.259,45.249,0.224,0,0.975,0,1,0,-0.975,0,0.224],"_humanoidState":5,"_cameraCFrame":[765.059,252.618,46.682,0.229,-0.897,0.378,0,0.388,0.921,-0.973,-0.211,0.089],"_shiftlockState":false,"_pose":"FreeFall","_animationQueue":[],"_animationSpeed":1,"_zoom":16.125},{"_mousePosition":[786,414],"_rootPartCFrame":[758.703,237.035,45.187,0.225,0,0.974,0,1,0,-0.974,0,0.225],"_humanoidState":5,"_cameraCFrame":[764.779,253.406,46.583,0.224,-0.899,0.377,0,0.387,0.922,-0.975,-0.206,0.087],"_shiftlockState":false,"_pose":"FreeFall","_animationQueue":[],"_animationSpeed":1,"_zoom":16.125},{"_mousePosition":[786,414],"_rootPartCFrame":[758.443,237.758,45.126,0.226,0,0.974,0,1,0,-0.974,0,0.226],"_humanoidState":5,"_cameraCFrame":[764.501,254.141,46.469,0.216,-0.901,0.376,0,0.385,0.923,-0.976,-0.2,0.083],"_shiftlockState":false,"_pose":"FreeFall","_animationQueue":[],"_animationSpeed":1,"_zoom":16.125},{"_mousePosition":[786,414],"_rootPartCFrame":[758.183,238.425,45.066,0.226,0,0.974,0,1,0,-0.974,0,0.226],"_humanoidState":5,"_cameraCFrame":[764.223,254.821,46.357,0.209,-0.903,0.375,0,0.383,0.924,-0.978,-0.193,0.08],"_shiftlockState":false,"_pose":"FreeFall","_animationQueue":[],"_animationSpeed":1,"_zoom":16.125},{"_mousePosition":[786,414],"_rootPartCFrame":[757.923,239.039,45.008,0.225,0,0.974,0,1,0,-0.974,0,0.225],"_humanoidState":5,"_cameraCFrame":[763.938,255.446,46.278,0.207,-0.905,0.373,0,0.381,0.924,-0.978,-0.191,0.079],"_shiftlockState":false,"_pose":"FreeFall","_animationQueue":[],"_animationSpeed":1,"_zoom":16.125},{"_mousePosition":[786,414],"_rootPartCFrame":[757.727,239.463,44.966,0.223,0,0.975,0,1,0,-0.975,0,0.223],"_humanoidState":5,"_cameraCFrame":[763.745,255.87,46.221,0.204,-0.905,0.373,0,0.381,0.924,-0.979,-0.189,0.078],"_shiftlockState":false,"_pose":"FreeFall","_animationQueue":[],"_animationSpeed":1,"_zoom":16.125},{"_mousePosition":[786,414],"_rootPartCFrame":[757.401,240.102,44.897,0.221,0,0.975,0,1,0,-0.975,0,0.221],"_humanoidState":5,"_cameraCFrame":[763.419,256.509,46.152,0.204,-0.905,0.373,0,0.381,0.924,-0.979,-0.189,0.078],"_shiftlockState":false,"_pose":"FreeFall","_animationQueue":[["fall",0.3]],"_animationSpeed":1,"_zoom":16.125},{"_mousePosition":[786,414],"_rootPartCFrame":[757.14,240.552,44.843,0.218,0,0.976,0,1,0,-0.976,0,0.218],"_humanoidState":5,"_cameraCFrame":[763.158,256.959,46.097,0.204,-0.905,0.373,0,0.381,0.924,-0.979,-0.189,0.078],"_shiftlockState":false,"_pose":"FreeFall","_animationQueue":[],"_animationSpeed":1,"_zoom":16.125},{"_mousePosition":[786,414],"_rootPartCFrame":[756.945,240.853,44.802,0.217,0,0.976,0,1,0,-0.976,0,0.217],"_humanoidState":5,"_cameraCFrame":[762.963,257.26,46.057,0.204,-0.905,0.373,0,0.381,0.924,-0.979,-0.189,0.078],"_shiftlockState":false,"_pose":"FreeFall","_animationQueue":[],"_animationSpeed":1,"_zoom":16.125},{"_mousePosition":[786,414],"_rootPartCFrame":[756.618,241.288,44.734,0.215,0,0.977,0,1,0,-0.977,0,0.215],"_humanoidState":5,"_cameraCFrame":[762.636,257.695,45.988,0.204,-0.905,0.373,0,0.381,0.924,-0.979,-0.189,0.078],"_shiftlockState":false,"_pose":"FreeFall","_animationQueue":[],"_animationSpeed":1,"_zoom":16.125},{"_mousePosition":[786,414],"_rootPartCFrame":[756.357,241.574,44.679,0.213,0,0.977,0,1,0,-0.977,0,0.213],"_humanoidState":5,"_cameraCFrame":[762.375,257.981,45.934,0.204,-0.905,0.373,0,0.381,0.924,-0.979,-0.189,0.078],"_shiftlockState":false,"_pose":"FreeFall","_animationQueue":[],"_animationSpeed":1,"_zoom":16.125},{"_mousePosition":[786,414],"_rootPartCFrame":[756.096,241.806,44.625,0.212,0,0.977,0,1,0,-0.977,0,0.212],"_humanoidState":5,"_cameraCFrame":[762.114,258.213,45.88,0.204,-0.905,0.373,0,0.381,0.924,-0.979,-0.189,0.078],"_shiftlockState":false,"_pose":"FreeFall","_animationQueue":[],"_animationSpeed":1,"_zoom":16.125},{"_mousePosition":[786,414],"_rootPartCFrame":[755.901,241.944,44.584,0.211,0,0.977,0,1,0,-0.977,0,0.211],"_humanoidState":5,"_cameraCFrame":[761.919,258.351,45.839,0.204,-0.905,0.373,0,0.381,0.924,-0.979,-0.189,0.078],"_shiftlockState":false,"_pose":"FreeFall","_animationQueue":[],"_animationSpeed":1,"_zoom":16.125},{"_mousePosition":[786,414],"_rootPartCFrame":[755.574,242.106,44.516,0.21,0,0.978,0,1,0,-0.978,0,0.21],"_humanoidState":5,"_cameraCFrame":[761.596,258.513,45.756,0.202,-0.905,0.373,0,0.381,0.924,-0.979,-0.186,0.077],"_shiftlockState":false,"_pose":"FreeFall","_animationQueue":[["fall",0.3]],"_animationSpeed":1,"_zoom":16.125},{"_mousePosition":[786,414],"_rootPartCFrame":[755.313,242.174,44.462,0.209,0,0.978,0,1,0,-0.978,0,0.209],"_humanoidState":5,"_cameraCFrame":[761.284,258.605,45.659,0.197,-0.908,0.37,0,0.378,0.926,-0.98,-0.182,0.074],"_shiftlockState":false,"_pose":"FreeFall","_animationQueue":[],"_animationSpeed":1,"_zoom":16.125},{"_mousePosition":[786,414],"_rootPartCFrame":[755.052,242.188,44.408,0.208,0,0.978,0,1,0,-0.978,0,0.208],"_humanoidState":5,"_cameraCFrame":[761,258.631,45.57,0.192,-0.91,0.369,0,0.376,0.927,-0.981,-0.178,0.072],"_shiftlockState":false,"_pose":"FreeFall","_animationQueue":[],"_animationSpeed":1,"_zoom":16.125},{"_mousePosition":[786,414],"_rootPartCFrame":[754.725,242.128,44.342,0.206,0,0.978,0,1,0,-0.978,0,0.206],"_humanoidState":5,"_cameraCFrame":[760.676,258.571,45.489,0.189,-0.91,0.369,0,0.376,0.927,-0.982,-0.175,0.071],"_shiftlockState":false,"_pose":"FreeFall","_animationQueue":[],"_animationSpeed":1,"_zoom":16.125},{"_mousePosition":[786,414],"_rootPartCFrame":[754.529,242.052,44.304,0.205,0,0.979,0,1,0,-0.979,0,0.205],"_humanoidState":5,"_cameraCFrame":[760.48,258.495,45.45,0.189,-0.91,0.369,0,0.376,0.927,-0.982,-0.175,0.071],"_shiftlockState":false,"_pose":"FreeFall","_animationQueue":[],"_animationSpeed":1,"_zoom":16.125},{"_mousePosition":[786,414],"_rootPartCFrame":[754.267,241.902,44.253,0.203,0,0.979,0,1,0,-0.979,0,0.203],"_humanoidState":5,"_cameraCFrame":[760.195,258.357,45.364,0.184,-0.912,0.368,0,0.374,0.927,-0.983,-0.171,0.069],"_shiftlockState":false,"_pose":"FreeFall","_animationQueue":[],"_animationSpeed":1,"_zoom":16.125},{"_mousePosition":[786,414],"_rootPartCFrame":[753.94,241.638,44.19,0.201,0,0.98,0,1,0,-0.98,0,0.201],"_humanoidState":5,"_cameraCFrame":[759.847,258.105,45.251,0.177,-0.914,0.366,0,0.372,0.928,-0.984,-0.164,0.066],"_shiftlockState":false,"_pose":"FreeFall","_animationQueue":[["fall",0.3]],"_animationSpeed":1,"_zoom":16.125},{"_mousePosition":[786,414],"_rootPartCFrame":[753.743,241.439,44.153,0.199,0,0.98,0,1,0,-0.98,0,0.199],"_humanoidState":5,"_cameraCFrame":[759.661,257.905,45.154,0.167,-0.915,0.367,0,0.372,0.928,-0.986,-0.155,0.062],"_shiftlockState":false,"_pose":"FreeFall","_animationQueue":[],"_animationSpeed":1,"_zoom":16.125},{"_mousePosition":[786,414],"_rootPartCFrame":[753.481,241.126,44.105,0.196,0,0.981,0,1,0,-0.981,0,0.196],"_humanoidState":5,"_cameraCFrame":[759.358,257.616,44.993,0.149,-0.919,0.364,0,0.369,0.93,-0.989,-0.139,0.055],"_shiftlockState":false,"_pose":"FreeFall","_animationQueue":[],"_animationSpeed":1,"_zoom":16.125},{"_mousePosition":[786,414],"_rootPartCFrame":[753.218,240.758,44.061,0.193,0,0.981,0,1,0,-0.981,0,0.193],"_humanoidState":5,"_cameraCFrame":[759.101,257.248,44.903,0.142,-0.92,0.365,0,0.369,0.93,-0.99,-0.132,0.052],"_shiftlockState":false,"_pose":"FreeFall","_animationQueue":[],"_animationSpeed":1,"_zoom":16.125},{"_mousePosition":[786,414],"_rootPartCFrame":[752.954,240.336,44.02,0.188,0,0.982,0,1,0,-0.982,0,0.188],"_humanoidState":5,"_cameraCFrame":[758.838,256.826,44.863,0.142,-0.92,0.365,0,0.369,0.93,-0.99,-0.132,0.052],"_shiftlockState":false,"_pose":"FreeFall","_animationQueue":[],"_animationSpeed":1,"_zoom":16.125},{"_mousePosition":[786,414],"_rootPartCFrame":[752.69,239.859,43.982,0.182,0,0.983,0,1,0,-0.983,0,0.182],"_humanoidState":5,"_cameraCFrame":[758.574,256.349,44.825,0.142,-0.92,0.365,0,0.369,0.93,-0.99,-0.132,0.052],"_shiftlockState":false,"_pose":"FreeFall","_animationQueue":[],"_animationSpeed":1,"_zoom":16.125},{"_mousePosition":[786,414],"_rootPartCFrame":[752.427,239.328,43.944,0.176,0,0.984,0,1,0,-0.984,0,0.176],"_humanoidState":5,"_cameraCFrame":[758.31,255.818,44.787,0.142,-0.92,0.365,0,0.369,0.93,-0.99,-0.132,0.052],"_shiftlockState":false,"_pose":"FreeFall","_animationQueue":[],"_animationSpeed":1,"_zoom":16.125},{"_mousePosition":[786,414],"_rootPartCFrame":[752.163,238.742,43.906,0.171,0,0.985,0,1,0,-0.985,0,0.171],"_humanoidState":5,"_cameraCFrame":[758.046,255.232,44.749,0.142,-0.92,0.365,0,0.369,0.93,-0.99,-0.132,0.052],"_shiftlockState":false,"_pose":"FreeFall","_animationQueue":[["fall",0.3]],"_animationSpeed":1,"_zoom":16.125},{"_mousePosition":[786,414],"_rootPartCFrame":[751.965,238.267,43.878,0.168,0,0.986,0,1,0,-0.986,0,0.168],"_humanoidState":7,"_cameraCFrame":[757.848,254.757,44.721,0.142,-0.92,0.365,0,0.369,0.93,-0.99,-0.132,0.052],"_shiftlockState":false,"_pose":"FreeFall","_animationQueue":[["walk",0.1],["fall",0.3],["fall",0.3]],"_animationSpeed":1,"_zoom":16.125},{"_mousePosition":[786,414],"_rootPartCFrame":[751.635,237.497,43.831,0.164,0,0.987,0,1,0,-0.987,0,0.164],"_humanoidState":7,"_cameraCFrame":[757.518,253.987,44.673,0.142,-0.92,0.365,0,0.369,0.93,-0.99,-0.132,0.052],"_shiftlockState":false,"_pose":"FreeFall","_animationQueue":[],"_animationSpeed":1,"_zoom":16.125},{"_mousePosition":[786,414],"_rootPartCFrame":[751.437,237.46,43.802,0.161,0,0.987,0,1,0,-0.987,0,0.161],"_humanoidState":7,"_cameraCFrame":[757.32,253.95,44.645,0.142,-0.92,0.365,0,0.369,0.93,-0.99,-0.132,0.052],"_shiftlockState":false,"_pose":"FreeFall","_animationQueue":[],"_animationSpeed":1,"_zoom":16.125},{"_mousePosition":[786,414],"_rootPartCFrame":[751.107,237.565,43.755,0.158,0,0.987,0,1,0,-0.987,0,0.158],"_humanoidState":8,"_cameraCFrame":[756.988,254.054,44.613,0.144,-0.92,0.365,0,0.369,0.93,-0.99,-0.134,0.053],"_shiftlockState":false,"_pose":"Running","_animationQueue":[["walk",0.1],["fall",0.3],["walk",0.1]],"_animationSpeed":1.103,"_zoom":16.125},{"_mousePosition":[786,414],"_rootPartCFrame":[750.843,237.625,43.717,0.156,0,0.988,0,1,0,-0.988,0,0.156],"_humanoidState":8,"_cameraCFrame":[756.718,254.115,44.62,0.152,-0.919,0.364,0,0.369,0.93,-0.988,-0.141,0.056],"_shiftlockState":false,"_pose":"Running","_animationQueue":[],"_animationSpeed":1.103,"_zoom":16.125},{"_mousePosition":[786,414],"_rootPartCFrame":[750.579,237.659,43.679,0.154,0,0.988,0,1,0,-0.988,0,0.154],"_humanoidState":8,"_cameraCFrame":[756.434,254.149,44.7,0.172,-0.916,0.363,0,0.369,0.93,-0.985,-0.16,0.063],"_shiftlockState":false,"_pose":"Running","_animationQueue":[],"_animationSpeed":1.103,"_zoom":16.125},{"_mousePosition":[786,414],"_rootPartCFrame":[750.315,237.678,43.639,0.154,0,0.988,0,1,0,-0.988,0,0.154],"_humanoidState":8,"_cameraCFrame":[756.143,254.156,44.946,0.219,-0.906,0.361,0,0.37,0.929,-0.976,-0.203,0.081],"_shiftlockState":false,"_pose":"Running","_animationQueue":[["walk",0.1]],"_animationSpeed":1.103,"_zoom":16.125},{"_mousePosition":[786,414],"_rootPartCFrame":[750.053,237.688,43.593,0.156,0,0.988,0,1,0,-0.988,0,0.156],"_humanoidState":8,"_cameraCFrame":[755.834,254.166,45.092,0.251,-0.899,0.359,0,0.37,0.929,-0.968,-0.233,0.093],"_shiftlockState":false,"_pose":"Running","_animationQueue":[],"_animationSpeed":1.103,"_zoom":16.125},{"_mousePosition":[786,414],"_rootPartCFrame":[749.792,237.693,43.536,0.164,0,0.987,0,1,0,-0.987,0,0.164],"_humanoidState":8,"_cameraCFrame":[755.526,254.171,45.209,0.28,-0.892,0.356,0,0.37,0.929,-0.96,-0.26,0.104],"_shiftlockState":false,"_pose":"Running","_animationQueue":[],"_animationSpeed":1.103,"_zoom":16.125},{"_mousePosition":[786,414],"_rootPartCFrame":[749.534,237.696,43.47,0.175,0,0.985,0,1,0,-0.985,0,0.175],"_humanoidState":8,"_cameraCFrame":[755.228,254.174,45.273,0.302,-0.886,0.353,0,0.37,0.929,-0.953,-0.28,0.112],"_shiftlockState":false,"_pose":"Running","_animationQueue":[],"_animationSpeed":1.103,"_zoom":16.125},{"_mousePosition":[786,414],"_rootPartCFrame":[749.278,237.698,43.396,0.189,0,0.982,0,1,0,-0.982,0,0.189],"_humanoidState":8,"_cameraCFrame":[754.958,254.176,45.242,0.309,-0.883,0.352,0,0.37,0.929,-0.951,-0.287,0.115],"_shiftlockState":false,"_pose":"Running","_animationQueue":[],"_animationSpeed":1.103,"_zoom":16.125},{"_mousePosition":[786,414],"_rootPartCFrame":[749.023,237.699,43.316,0.204,0,0.979,0,1,0,-0.979,0,0.204],"_humanoidState":8,"_cameraCFrame":[754.703,254.177,45.162,0.309,-0.883,0.352,0,0.37,0.929,-0.951,-0.287,0.115],"_shiftlockState":false,"_pose":"Running","_animationQueue":[],"_animationSpeed":1.103,"_zoom":16.125},{"_mousePosition":[786,414],"_rootPartCFrame":[748.77,237.699,43.233,0.218,0,0.976,0,1,0,-0.976,0,0.218],"_humanoidState":8,"_cameraCFrame":[754.45,254.177,45.08,0.309,-0.883,0.352,0,0.37,0.929,-0.951,-0.287,0.115],"_shiftlockState":false,"_pose":"Running","_animationQueue":[],"_animationSpeed":1.103,"_zoom":16.125},{"_mousePosition":[786,414],"_rootPartCFrame":[748.516,237.699,43.151,0.231,0,0.973,0,1,0,-0.973,0,0.231],"_humanoidState":8,"_cameraCFrame":[754.192,254.177,45.012,0.312,-0.883,0.352,0,0.37,0.929,-0.95,-0.289,0.115],"_shiftlockState":false,"_pose":"Running","_animationQueue":[["walk",0.1]],"_animationSpeed":1.103,"_zoom":16.125},{"_mousePosition":[786,414],"_rootPartCFrame":[748.263,237.7,43.068,0.242,0,0.97,0,1,0,-0.97,0,0.242],"_humanoidState":8,"_cameraCFrame":[753.938,254.178,44.929,0.312,-0.883,0.352,0,0.37,0.929,-0.95,-0.289,0.115],"_shiftlockState":false,"_pose":"Running","_animationQueue":[],"_animationSpeed":1.103,"_zoom":16.125},{"_mousePosition":[786,414],"_rootPartCFrame":[748.009,238.562,42.986,0.252,0,0.968,0,1,0,-0.968,0,0.252],"_humanoidState":3,"_cameraCFrame":[753.698,255.04,44.804,0.304,-0.885,0.353,0,0.37,0.929,-0.953,-0.283,0.113],"_shiftlockState":false,"_pose":"Jumping","_animationQueue":[["walk",0.1],["jump",0.1]],"_animationSpeed":1,"_zoom":16.125},{"_mousePosition":[786,414],"_rootPartCFrame":[747.756,239.371,42.903,0.261,0,0.965,0,1,0,-0.965,0,0.261],"_humanoidState":5,"_cameraCFrame":[753.467,255.849,44.649,0.292,-0.888,0.354,0,0.37,0.929,-0.956,-0.272,0.108],"_shiftlockState":false,"_pose":"FreeFall","_animationQueue":[["jump",0.1]],"_animationSpeed":1,"_zoom":16.125},{"_mousePosition":[786,414],"_rootPartCFrame":[747.502,240.125,42.821,0.267,0,0.964,0,1,0,-0.964,0,0.267],"_humanoidState":5,"_cameraCFrame":[753.28,256.591,44.445,0.27,-0.894,0.358,0,0.372,0.928,-0.963,-0.251,0.101],"_shiftlockState":false,"_pose":"FreeFall","_animationQueue":[],"_animationSpeed":1,"_zoom":16.125},{"_mousePosition":[786,414],"_rootPartCFrame":[747.247,240.824,42.743,0.272,0,0.962,0,1,0,-0.962,0,0.272],"_humanoidState":5,"_cameraCFrame":[753.1,257.291,44.072,0.221,-0.905,0.363,0,0.372,0.928,-0.975,-0.205,0.082],"_shiftlockState":false,"_pose":"FreeFall","_animationQueue":[],"_animationSpeed":1,"_zoom":16.125},{"_mousePosition":[786,414],"_rootPartCFrame":[746.926,241.622,42.652,0.273,0,0.962,0,1,0,-0.962,0,0.273],"_humanoidState":5,"_cameraCFrame":[752.834,258.088,43.713,0.177,-0.914,0.366,0,0.372,0.928,-0.984,-0.164,0.066],"_shiftlockState":false,"_pose":"FreeFall","_animationQueue":[],"_animationSpeed":1,"_zoom":16.125},{"_mousePosition":[786,414],"_rootPartCFrame":[746.732,242.059,42.606,0.27,0,0.963,0,1,0,-0.963,0,0.27],"_humanoidState":5,"_cameraCFrame":[752.712,258.514,43.385,0.129,-0.92,0.371,0,0.374,0.927,-0.992,-0.12,0.048],"_shiftlockState":false,"_pose":"FreeFall","_animationQueue":[],"_animationSpeed":1,"_zoom":16.125},{"_mousePosition":[786,414],"_rootPartCFrame":[746.47,242.595,42.557,0.259,0,0.966,0,1,0,-0.966,0,0.259],"_humanoidState":5,"_cameraCFrame":[752.481,259.05,43.048,0.081,-0.924,0.373,0,0.374,0.927,-0.997,-0.076,0.03],"_shiftlockState":false,"_pose":"FreeFall","_animationQueue":[],"_animationSpeed":1,"_zoom":16.125},{"_mousePosition":[786,414],"_rootPartCFrame":[746.206,243.077,42.52,0.244,0,0.97,0,1,0,-0.97,0,0.244],"_humanoidState":5,"_cameraCFrame":[752.233,259.531,42.737,0.036,-0.927,0.374,0,0.374,0.927,-0.999,-0.033,0.013],"_shiftlockState":false,"_pose":"FreeFall","_animationQueue":[],"_animationSpeed":1,"_zoom":16.125},{"_mousePosition":[786,414],"_rootPartCFrame":[745.94,243.504,42.497,0.224,0,0.975,0,1,0,-0.975,0,0.224],"_humanoidState":5,"_cameraCFrame":[752,259.946,42.454,-0.007,-0.927,0.376,0,0.376,0.927,-1,0.007,-0.003],"_shiftlockState":false,"_pose":"FreeFall","_animationQueue":[],"_animationSpeed":1,"_zoom":16.125},{"_mousePosition":[786,414],"_rootPartCFrame":[745.674,243.876,42.485,0.201,0,0.98,0,1,0,-0.98,0,0.201],"_humanoidState":5,"_cameraCFrame":[751.756,260.307,42.196,-0.048,-0.925,0.377,0,0.378,0.926,-0.999,0.044,-0.018],"_shiftlockState":false,"_pose":"FreeFall","_animationQueue":[],"_animationSpeed":1,"_zoom":16.125},{"_mousePosition":[786,414],"_rootPartCFrame":[745.407,244.194,42.486,0.174,0,0.985,0,1,0,-0.985,0,0.174],"_humanoidState":5,"_cameraCFrame":[751.528,260.601,41.914,-0.093,-0.92,0.38,0,0.381,0.924,-0.996,0.086,-0.035],"_shiftlockState":false,"_pose":"FreeFall","_animationQueue":[],"_animationSpeed":1,"_zoom":16.125},{"_mousePosition":[786,414],"_rootPartCFrame":[745.141,244.457,42.497,0.145,0,0.989,0,1,0,-0.989,0,0.145],"_humanoidState":5,"_cameraCFrame":[751.286,260.84,41.639,-0.138,-0.914,0.381,0,0.385,0.923,-0.99,0.128,-0.053],"_shiftlockState":false,"_pose":"FreeFall","_animationQueue":[],"_animationSpeed":1,"_zoom":16.125},{"_mousePosition":[786,414],"_rootPartCFrame":[744.875,244.666,42.52,0.115,0,0.993,0,1,0,-0.993,0,0.115],"_humanoidState":5,"_cameraCFrame":[751.083,260.988,41.183,-0.21,-0.899,0.385,0,0.394,0.919,-0.978,0.193,-0.083],"_shiftlockState":false,"_pose":"FreeFall","_animationQueue":[],"_animationSpeed":1,"_zoom":16.125},{"_mousePosition":[786,414],"_rootPartCFrame":[744.545,244.851,42.564,0.073,0,0.997,0,1,0,-0.997,0,0.073],"_humanoidState":5,"_cameraCFrame":[750.777,261.148,41.073,-0.233,-0.892,0.386,0,0.397,0.918,-0.973,0.214,-0.092],"_shiftlockState":false,"_pose":"FreeFall","_animationQueue":[],"_animationSpeed":1,"_zoom":16.125},{"_mousePosition":[786,414],"_rootPartCFrame":[744.283,244.937,42.616,0.037,0,0.999,0,1,0,-0.999,0,0.037],"_humanoidState":5,"_cameraCFrame":[750.496,261.209,40.827,-0.277,-0.88,0.385,0,0.401,0.916,-0.961,0.253,-0.111],"_shiftlockState":false,"_pose":"FreeFall","_animationQueue":[],"_animationSpeed":1,"_zoom":16.125},{"_mousePosition":[786,414],"_rootPartCFrame":[744.089,244.966,42.662,0.009,0,1,0,1,0,-1,0,0.009],"_humanoidState":5,"_cameraCFrame":[750.252,261.2,40.439,-0.339,-0.86,0.382,0,0.406,0.914,-0.941,0.31,-0.138],"_shiftlockState":false,"_pose":"FreeFall","_animationQueue":[],"_animationSpeed":1,"_zoom":16.125},{"_mousePosition":[786,414],"_rootPartCFrame":[743.768,244.946,42.752,-0.038,0,0.999,0,1,0,-0.999,0,-0.038],"_humanoidState":5,"_cameraCFrame":[749.911,261.167,40.395,-0.358,-0.852,0.381,0,0.408,0.913,-0.934,0.327,-0.146],"_shiftlockState":false,"_pose":"FreeFall","_animationQueue":[],"_animationSpeed":1,"_zoom":16.125},{"_mousePosition":[786,414],"_rootPartCFrame":[743.516,244.869,42.84,-0.078,0,0.997,0,1,0,-0.997,0,-0.078],"_humanoidState":5,"_cameraCFrame":[749.545,261.077,40.132,-0.41,-0.832,0.374,0,0.41,0.912,-0.912,0.374,-0.168],"_shiftlockState":false,"_pose":"FreeFall","_animationQueue":[["fall",0.3]],"_animationSpeed":1,"_zoom":16.125},{"_mousePosition":[786,414],"_rootPartCFrame":[743.267,244.737,42.935,-0.117,0,0.993,0,1,0,-0.993,0,-0.117],"_humanoidState":5,"_cameraCFrame":[749.244,260.932,40.048,-0.435,-0.821,0.371,0,0.412,0.911,-0.9,0.396,-0.179],"_shift