[{"_mousePosition":[617,376],"_rootPartCFrame":[776.031,222.7,47.142,0,0,1,0,1,0,-1,0,0],"_humanoidState":8,"_cameraCFrame":[789.191,246.994,47.221,0.006,-0.866,0.5,0,0.5,0.866,-1,-0.005,0.003],"_shiftlockState":false,"_pose":"Standing","_animationQueue":[],"_animationSpeed":1,"_zoom":26.32},{"_mousePosition":[617,376],"_rootPartCFrame":[775.784,222.695,47.141,0.001,0,1,0,1,0,-1,0,0.001],"_humanoidState":8,"_cameraCFrame":[788.945,246.989,47.219,0.006,-0.866,0.5,0,0.5,0.866,-1,-0.005,0.003],"_shiftlockState":false,"_pose":"Standing","_animationQueue":[],"_animationSpeed":1,"_zoom":26.32},{"_mousePosition":[617,376],"_rootPartCFrame":[775.518,222.697,47.139,0.002,0,1,0,1,0,-1,0,0.002],"_humanoidState":8,"_cameraCFrame":[788.679,246.99,47.218,0.006,-0.866,0.5,0,0.5,0.866,-1,-0.005,0.003],"_shiftlockState":false,"_pose":"Running","_animationQueue":[["walk",0.1]],"_animationSpeed":1.066,"_zoom":26.32},{"_mousePosition":[617,376],"_rootPartCFrame":[775.252,222.698,47.137,0.002,0,1,0,1,0,-1,0,0.002],"_humanoidState":8,"_cameraCFrame":[788.412,246.992,47.216,0.006,-0.866,0.5,0,0.5,0.866,-1,-0.005,0.003],"_shiftlockState":false,"_pose":"Running","_animationQueue":[["walk",0.1]],"_animationSpeed":1.066,"_zoom":26.32},{"_mousePosition":[617,376],"_rootPartCFrame":[774.985,222.699,47.136,0.003,0,1,0,1,0,-1,0,0.003],"_humanoidState":8,"_cameraCFrame":[788.145,246.992,47.215,0.006,-0.866,0.5,0,0.5,0.866,-1,-0.005,0.003],"_shiftlockState":false,"_pose":"Running","_animationQueue":[],"_animationSpeed":1.066,"_zoom":26.32},{"_mousePosition":[617,376],"_rootPartCFrame":[774.719,222.699,47.134,0.003,0,1,0,1,0,-1,0,0.003],"_humanoidState":8,"_cameraCFrame":[787.879,246.993,47.213,0.006,-0.866,0.5,0,0.5,0.866,-1,-0.005,0.003],"_shiftlockState":false,"_pose":"Running","_animationQueue":[],"_animationSpeed":1.066,"_zoom":26.32},{"_mousePosition":[617,376],"_rootPartCFrame":[774.452,222.699,47.133,0.004,0,1,0,1,0,-1,0,0.004],"_humanoidState":8,"_cameraCFrame":[787.612,246.993,47.211,0.006,-0.866,0.5,0,0.5,0.866,-1,-0.005,0.003],"_shiftlockState":false,"_pose":"Running","_animationQueue":[],"_animationSpeed":1.066,"_zoom":26.32},{"_mousePosition":[617,376],"_rootPartCFrame":[774.185,222.7,47.131,0.004,0,1,0,1,0,-1,0,0.004],"_humanoidState":8,"_cameraCFrame":[787.346,246.993,47.21,0.006,-0.866,0.5,0,0.5,0.866,-1,-0.005,0.003],"_shiftlockState":false,"_pose":"Running","_animationQueue":[],"_animationSpeed":1.066,"_zoom":26.32},{"_mousePosition":[617,376],"_rootPartCFrame":[773.919,222.7,47.129,0.004,0,1,0,1,0,-1,0,0.004],"_humanoidState":8,"_cameraCFrame":[787.079,246.993,47.208,0.006,-0.866,0.5,0,0.5,0.866,-1,-0.005,0.003],"_shiftlockState":false,"_pose":"Running","_animationQueue":[],"_animationSpeed":1.066,"_zoom":26.32},{"_mousePosition":[617,376],"_rootPartCFrame":[773.652,222.7,47.128,0.004,0,1,0,1,0,-1,0,0.004],"_humanoidState":8,"_cameraCFrame":[786.812,246.993,47.207,0.006,-0.866,0.5,0,0.5,0.866,-1,-0.005,0.003],"_shiftlockState":false,"_pose":"Running","_animationQueue":[],"_animationSpeed":1.066,"_zoom":26.32},{"_mousePosition":[617,376],"_rootPartCFrame":[773.386,222.7,47.126,0.005,0,1,0,1,0,-1,0,0.005],"_humanoidState":8,"_cameraCFrame":[786.546,246.993,47.205,0.006,-0.866,0.5,0,0.5,0.866,-1,-0.005,0.003],"_shiftlockState":false,"_pose":"Running","_animationQueue":[["walk",0.1]],"_animationSpeed":1.066,"_zoom":26.32},{"_mousePosition":[617,376],"_rootPartCFrame":[773.119,222.7,47.125,0.005,0,1,0,1,0,-1,0,0.005],"_humanoidState":8,"_cameraCFrame":[786.279,246.993,47.203,0.006,-0.866,0.5,0,0.5,0.866,-1,-0.005,0.003],"_shiftlockState":false,"_pose":"Running","_animationQueue":[],"_animationSpeed":1.066,"_zoom":26.32},{"_mousePosition":[617,376],"_rootPartCFrame":[772.852,222.7,47.123,0.005,0,1,0,1,0,-1,0,0.005],"_humanoidState":8,"_cameraCFrame":[786.013,246.993,47.202,0.006,-0.866,0.5,0,0.5,0.866,-1,-0.005,0.003],"_shiftlockState":false,"_pose":"Running","_animationQueue":[],"_animationSpeed":1.066,"_zoom":26.32},{"_mousePosition":[617,376],"_rootPartCFrame":[772.586,222.7,47.121,0.005,0,1,0,1,0,-1,0,0.005],"_humanoidState":8,"_cameraCFrame":[785.835,246.942,47.234,0.009,-0.864,0.503,0,0.503,0.864,-1,-0.007,0.004],"_shiftlockState":false,"_pose":"Running","_animationQueue":[],"_animationSpeed":1.066,"_zoom":26.32},{"_mousePosition":[617,376],"_rootPartCFrame":[772.319,222.7,47.12,0.005,0,1,0,1,0,-1,0,0.005],"_humanoidState":8,"_cameraCFrame":[785.656,246.89,47.267,0.011,-0.862,0.507,0,0.507,0.862,-1,-0.01,0.006],"_shiftlockState":false,"_pose":"Running","_animationQueue":[],"_animationSpeed":1.066,"_zoom":26.32},{"_mousePosition":[617,376],"_rootPartCFrame":[772.053,222.7,47.117,0.006,0,1,0,1,0,-1,0,0.006],"_humanoidState":8,"_cameraCFrame":[785.522,246.812,47.301,0.014,-0.859,0.512,0,0.512,0.859,-1,-0.012,0.007],"_shiftlockState":false,"_pose":"Running","_animationQueue":[],"_animationSpeed":1.066,"_zoom":26.32},{"_mousePosition":[617,376],"_rootPartCFrame":[771.786,222.7,47.115,0.006,0,1,0,1,0,-1,0,0.006],"_humanoidState":8,"_cameraCFrame":[785.43,246.706,47.369,0.019,-0.855,0.518,0,0.518,0.855,-1,-0.016,0.01],"_shiftlockState":false,"_pose":"Running","_animationQueue":[["walk",0.1]],"_animationSpeed":1.066,"_zoom":26.32},{"_mousePosition":[617,376],"_rootPartCFrame":[771.519,222.7,47.111,0.007,0,1,0,1,0,-1,0,0.007],"_humanoidState":8,"_cameraCFrame":[785.337,246.599,47.439,0.024,-0.851,0.525,0,0.525,0.851,-1,-0.02,0.012],"_shiftlockState":false,"_pose":"Running","_animationQueue":[],"_animationSpeed":1.066,"_zoom":26.32},{"_mousePosition":[617,376],"_rootPartCFrame":[771.253,222.7,47.106,0.009,0,1,0,1,0,-1,0,0.009],"_humanoidState":8,"_cameraCFrame":[785.329,246.436,47.511,0.029,-0.844,0.535,0,0.535,0.845,-1,-0.024,0.015],"_shiftlockState":false,"_pose":"Running","_animationQueue":[],"_animationSpeed":1.066,"_zoom":26.32},{"_mousePosition":[617,376],"_rootPartCFrame":[770.986,222.7,47.1,0.011,0,1,0,1,0,-1,0,0.011],"_humanoidState":8,"_cameraCFrame":[785.362,246.242,47.587,0.034,-0.837,0.546,0,0.547,0.837,-0.999,-0.028,0.018],"_shiftlockState":false,"_pose":"Running","_animationQueue":[],"_animationSpeed":1.066,"_zoom":26.32},{"_mousePosition":[617,376],"_rootPartCFrame":[770.72,223.563,47.094,0.013,0,1,0,1,0,-1,0,0.013],"_humanoidState":3,"_cameraCFrame":[785.434,246.878,47.666,0.039,-0.828,0.559,0,0.559,0.829,-0.999,-0.032,0.022],"_shiftlockState":false,"_pose":"Jumping","_animationQueue":[["walk",0.1],["jump",0.1]],"_animationSpeed":1,"_zoom":26.32},{"_mousePosition":[617,376],"_rootPartCFrame":[770.453,224.371,47.085,0.015,0,1,0,1,0,-1,0,0.015],"_humanoidState":5,"_cameraCFrame":[785.586,247.395,47.751,0.044,-0.817,0.575,0,0.576,0.818,-0.999,-0.036,0.025],"_shiftlockState":false,"_pose":"FreeFall","_animationQueue":[["jump",0.1]],"_animationSpeed":1,"_zoom":26.32},{"_mousePosition":[617,376],"_rootPartCFrame":[770.187,225.125,47.075,0.018,0,1,0,1,0,-1,0,0.018],"_humanoidState":5,"_cameraCFrame":[785.774,247.819,47.84,0.049,-0.804,0.592,0,0.593,0.805,-0.999,-0.039,0.029],"_shiftlockState":false,"_pose":"FreeFall","_animationQueue":[],"_animationSpeed":1,"_zoom":26.32},{"_mousePosition":[617,376],"_rootPartCFrame":[769.92,225.824,47.063,0.022,0,1,0,1,0,-1,0,0.022],"_humanoidState":5,"_cameraCFrame":[785.956,248.179,47.891,0.052,-0.791,0.609,0,0.61,0.792,-0.999,-0.041,0.031],"_shiftlockState":false,"_pose":"FreeFall","_animationQueue":[],"_animationSpeed":1,"_zoom":26.32},{"_mousePosition":[617,376],"_rootPartCFrame":[769.654,226.469,47.05,0.025,0,1,0,1,0,-1,0,0.025],"_humanoidState":5,"_cameraCFrame":[785.763,248.096,47.882,0.052,-0.779,0.625,0,0.625,0.78,-0.999,-0.04,0.032],"_shiftlockState":false,"_pose":"FreeFall","_animationQueue":[],"_animationSpeed":1,"_zoom":20.656},{"_mousePosition":[617,376],"_rootPartCFrame":[769.388,227.06,47.037,0.029,0,1,0,1,0,-1,0,0.029],"_humanoidState":5,"_cameraCFrame":[785.018,247.857,47.843,0.052,-0.776,0.629,0,0.63,0.777,-0.999,-0.04,0.032],"_shiftlockState":false,"_pose":"FreeFall","_animationQueue":[],"_animationSpeed":1,"_zoom":20.656},{"_mousePosition":[617,376],"_rootPartCFrame":[769.121,227.595,47.023,0.032,0,0.999,0,1,0,-0.999,0,0.032],"_humanoidState":5,"_cameraCFrame":[784.21,247.65,47.802,0.052,-0.774,0.631,0,0.631,0.775,-0.999,-0.04,0.033],"_shiftlockState":false,"_pose":"FreeFall","_animationQueue":[],"_animationSpeed":1,"_zoom":20.656},{"_mousePosition":[617,376],"_rootPartCFrame":[768.855,228.077,47.009,0.035,0,0.999,0,1,0,-0.999,0,0.035],"_humanoidState":5,"_cameraCFrame":[783.506,247.45,47.765,0.052,-0.772,0.634,0,0.634,0.773,-0.999,-0.04,0.033],"_shiftlockState":false,"_pose":"FreeFall","_animationQueue":[],"_animationSpeed":1,"_zoom":20.656},{"_mousePosition":[617,376],"_rootPartCFrame":[768.588,228.504,46.996,0.037,0,0.999,0,1,0,-0.999,0,0.037],"_humanoidState":5,"_cameraCFrame":[782.614,246.911,47.719,0.052,-0.768,0.638,0,0.639,0.769,-0.999,-0.04,0.033],"_shiftlockState":false,"_pose":"FreeFall","_animationQueue":[],"_animationSpeed":1,"_zoom":16.125},{"_mousePosition":[617,376],"_rootPartCFrame":[768.322,228.876,46.982,0.039,0,0.999,0,1,0,-0.999,0,0.039],"_humanoidState":5,"_cameraCFrame":[781.756,246.314,47.641,0.049,-0.763,0.644,0,0.645,0.764,-0.999,-0.037,0.032],"_shiftlockState":false,"_pose":"FreeFall","_animationQueue":[],"_animationSpeed":1,"_zoom":16.125},{"_mousePosition":[617,376],"_rootPartCFrame":[768.056,229.194,46.968,0.041,0,0.999,0,1,0,-0.999,0,0.041],"_humanoidState":5,"_cameraCFrame":[780.839,245.561,47.563,0.046,-0.757,0.652,0,0.652,0.758,-0.999,-0.035,0.03],"_shiftlockState":false,"_pose":"FreeFall","_animationQueue":[],"_animationSpeed":1,"_zoom":16.125},{"_mousePosition":[617,376],"_rootPartCFrame":[767.789,229.457,46.955,0.042,0,0.999,0,1,0,-0.999,0,0.042],"_humanoidState":5,"_cameraCFrame":[780.033,245.03,47.525,0.046,-0.753,0.656,0,0.657,0.754,-0.999,-0.035,0.031],"_shiftlockState":false,"_pose":"FreeFall","_animationQueue":[],"_animationSpeed":1,"_zoom":16.125},{"_mousePosition":[617,376],"_rootPartCFrame":[767.523,229.666,46.942,0.043,0,0.999,0,1,0,-0.999,0,0.043],"_humanoidState":5,"_cameraCFrame":[779.25,244.488,47.488,0.046,-0.749,0.66,0,0.661,0.75,-0.999,-0.035,0.031],"_shiftlockState":false,"_pose":"FreeFall","_animationQueue":[],"_animationSpeed":1,"_zoom":12.5},{"_mousePosition":[617,376],"_rootPartCFrame":[767.257,229.821,46.93,0.043,0,0.999,0,1,0,-0.999,0,0.043],"_humanoidState":5,"_cameraCFrame":[778.183,243.732,47.438,0.046,-0.749,0.66,0,0.661,0.75,-0.999,-0.035,0.031],"_shiftlockState":false,"_pose":"FreeFall","_animationQueue":[],"_animationSpeed":1,"_zoom":12.5},{"_mousePosition":[617,376],"_rootPartCFrame":[766.99,229.921,46.918,0.044,0,0.999,0,1,0,-0.999,0,0.044],"_humanoidState":5,"_cameraCFrame":[777.275,243.103,47.396,0.046,-0.749,0.66,0,0.661,0.75,-0.999,-0.035,0.031],"_shiftlockState":false,"_pose":"FreeFall","_animationQueue":[],"_animationSpeed":1,"_zoom":12.5},{"_mousePosition":[617,376],"_rootPartCFrame":[766.724,229.966,46.905,0.044,0,0.999,0,1,0,-0.999,0,0.044],"_humanoidState":5,"_cameraCFrame":[776.48,242.548,47.359,0.046,-0.749,0.66,0,0.661,0.75,-0.999,-0.035,0.031],"_shiftlockState":false,"_pose":"FreeFall","_animationQueue":[],"_animationSpeed":1,"_zoom":12.5},{"_mousePosition":[617,376],"_rootPartCFrame":[766.458,229.957,46.893,0.045,0,0.999,0,1,0,-0.999,0,0.045],"_humanoidState":5,"_cameraCFrame":[775.779,242.045,47.327,0.046,-0.749,0.66,0,0.661,0.75,-0.999,-0.035,0.031],"_shiftlockState":false,"_pose":"FreeFall","_animationQueue":[["fall",0.3]],"_animationSpeed":1,"_zoom":12.5},{"_mousePosition":[617,376],"_rootPartCFrame":[766.191,229.893,46.88,0.045,0,0.999,0,1,0,-0.999,0,0.045],"_humanoidState":5,"_cameraCFrame":[775.191,241.617,47.299,0.046,-0.749,0.66,0,0.661,0.75,-0.999,-0.035,0.031],"_shiftlockState":false,"_pose":"FreeFall","_animationQueue":[],"_animationSpeed":1,"_zoom":12.5},{"_mousePosition":[617,376],"_rootPartCFrame":[765.925,229.775,46.868,0.045,0,0.999,0,1,0,-0.999,0,0.045],"_humanoidState":5,"_cameraCFrame":[774.705,241.249,47.277,0.046,-0.749,0.66,0,0.661,0.75,-0.999,-0.035,0.031],"_shiftlockState":false,"_pose":"FreeFall","_animationQueue":[],"_animationSpeed":1,"_zoom":12.5},{"_mousePosition":[617,376],"_rootPartCFrame":[765.725,229.651,46.859,0.045,0,0.999,0,1,0,-0.999,0,0.045],"_humanoidState":5,"_cameraCFrame":[774.339,240.935,47.26,0.046,-0.749,0.66,0,0.661,0.75,-0.999,-0.035,0.031],"_shiftlockState":false,"_pose":"FreeFall","_animationQueue":[],"_animationSpeed":1,"_zoom":12.5},{"_mousePosition":[617,376],"_rootPartCFrame":[765.459,229.437,46.846,0.045,0,0.999,0,1,0,-0.999,0,0.045],"_humanoidState":5,"_cameraCFrame":[773.956,240.59,47.242,0.046,-0.749,0.66,0,0.661,0.75,-0.999,-0.035,0.031],"_shiftlockState":false,"_pose":"FreeFall","_animationQueue":[],"_animationSpeed":1,"_zoom":12.5},{"_mousePosition":[617,376],"_rootPartCFrame":[765.192,229.169,46.834,0.046,0,0.999,0,1,0,-0.999,0,0.046],"_humanoidState":5,"_cameraCFrame":[773.614,240.236,47.226,0.046,-0.749,0.66,0,0.661,0.75,-0.999,-0.035,0.031],"_shiftlockState":false,"_pose":"FreeFall","_animationQueue":[],"_animationSpeed":1,"_zoom":12.5},{"_mousePosition":[617,376],"_rootPartCFrame":[764.926,228.847,46.822,0.046,0,0.999,0,1,0,-0.999,0,0.046],"_humanoidState":5,"_cameraCFrame":[773.293,239.851,47.211,0.046,-0.749,0.66,0,0.661,0.75,-0.999,-0.035,0.031],"_shiftlockState":false,"_pose":"FreeFall","_animationQueue":[],"_animationSpeed":1,"_zoom":12.5},{"_mousePosition":[617,376],"_rootPartCFrame":[764.66,228.47,46.809,0.046,0,0.999,0,1,0,-0.999,0,0.046],"_humanoidState":5,"_cameraCFrame":[772.987,239.429,47.197,0.046,-0.749,0.66,0,0.661,0.75,-0.999,-0.035,0.031],"_shiftlockState":false,"_pose":"FreeFall","_animationQueue":[["fall",0.3]],"_animationSpeed":1,"_zoom":12.5},{"_mousePosition":[617,376],"_rootPartCFrame":[764.327,227.922,46.794,0.046,0,0.999,0,1,0,-0.999,0,0.046],"_humanoidState":5,"_cameraCFrame":[772.632,238.857,47.18,0.046,-0.749,0.66,0,0.661,0.75,-0.999,-0.035,0.031],"_shiftlockState":false,"_pose":"FreeFall","_animationQueue":[],"_animationSpeed":1,"_zoom":12.5},{"_mousePosition":[617,376],"_rootPartCFrame":[764.127,227.552,46.784,0.046,0,0.999,0,1,0,-0.999,0,0.046],"_humanoidState":5,"_cameraCFrame":[772.415,238.467,47.17,0.046,-0.749,0.66,0,0.661,0.75,-0.999,-0.035,0.031],"_shiftlockState":false,"_pose":"FreeFall","_animationQueue":[],"_animationSpeed":1,"_zoom":12.5},{"_mousePosition":[617,376],"_rootPartCFrame":[763.794,226.868,46.769,0.046,0,0.999,0,1,0,-0.999,0,0.046],"_humanoidState":5,"_cameraCFrame":[772.071,237.771,47.154,0.046,-0.749,0.66,0,0.661,0.75,-0.999,-0.035,0.031],"_shiftlockState":false,"_pose":"FreeFall","_animationQueue":[],"_animationSpeed":1,"_zoom":12.5},{"_mousePosition":[617,376],"_rootPartCFrame":[763.594,226.417,46.76,0.046,0,0.999,0,1,0,-0.999,0,0.046],"_humanoidState":5,"_cameraCFrame":[771.863,237.311,47.165,0.049,-0.749,0.66,0,0.661,0.75,-0.999,-0.037,0.032],"_shiftlockState":false,"_pose":"FreeFall","_animationQueue":[],"_animationSpeed":1,"_zoom":12.5},{"_mousePosition":[617,376],"_rootPartCFrame":[763.261,225.597,46.744,0.046,0,0.999,0,1,0,-0.999,0,0.046],"_humanoidState":5,"_cameraCFrame":[771.466,236.533,47.23,0.059,-0.753,0.656,0,0.657,0.754,-0.998,-0.045,0.039],"_shiftlockState":false,"_pose":"FreeFall","_animationQueue":[],"_animationSpeed":1,"_zoom":12.5},{"_mousePosition":[617,376],"_rootPartCFrame":[762.995,224.879,46.731,0.046,0,0.999,0,1,0,-0.999,0,0.046],"_humanoidState":5,"_cameraCFrame":[771.03,235.954,47.207,0.059,-0.764,0.642,0,0.643,0.765,-0.998,-0.045,0.038],"_shiftlockState":false,"_pose":"FreeFall","_animationQueue":[["fall",0.3]],"_animationSpeed":1,"_zoom":12.5},{"_mousePosition":[617,376],"_rootPartCFrame":[762.729,224.107,46.716,0.048,0,0.999,0,1,0,-0.999,0,0.048],"_humanoidState":5,"_cameraCFrame":[770.635,235.289,47.104,0.049,-0.773,0.632,0,0.633,0.774,-0.999,-0.038,0.031],"_shiftlockState":false,"_pose":"FreeFall","_animationQueue":[],"_animationSpeed":1,"_zoom":12.5},{"_mousePosition":[617,376],"_rootPartCFrame":[762.463,223.28,46.7,0.049,0,0.999,0,1,0,-0.999,0,0.049],"_humanoidState":5,"_cameraCFrame":[770.277,234.537,46.984,0.036,-0.78,0.625,0,0.625,0.78,-0.999,-0.028,0.023],"_shiftlockState":false,"_pose":"FreeFall","_animationQueue":[],"_animationSpeed":1,"_zoom":12.5},{"_mousePosition":[617,376],"_rootPartCFrame":[762.196,222.508,46.687,0.05,0,0.999,0,1,0,-0.999,0,0.05],"_humanoidState":7,"_cameraCFrame":[769.936,233.825,46.909,0.029,-0.785,0.619,0,0.619,0.785,-1,-0.023,0.018],"_shiftlockState":false,"_pose":"FreeFall","_animationQueue":[["walk",0.1],["fall",0.3],["fall",0.3]],"_animationSpeed":1,"_zoom":12.5},{"_mousePosition":[617,376],"_rootPartCFrame":[761.93,222.46,46.676,0.049,0,0.999,0,1,0,-0.999,0,0.049],"_humanoidState":7,"_cameraCFrame":[769.592,233.836,46.878,0.026,-0.79,0.613,0,0.613,0.79,-1,-0.021,0.016],"_shiftlockState":false,"_pose":"FreeFall","_animationQueue":[],"_animationSpeed":1,"_zoom":12.5},{"_mousePosition":[617,376],"_rootPartCFrame":[761.663,222.549,46.668,0.046,0,0.999,0,1,0,-0.999,0,0.046],"_humanoidState":8,"_cameraCFrame":[769.209,234.013,46.867,0.026,-0.797,0.604,0,0.604,0.797,-1,-0.021,0.016],"_shiftlockState":false,"_pose":"Running","_animationQueue":[["walk",0.1],["fall",0.3],["walk",0.1]],"_animationSpeed":1.103,"_zoom":12.5},{"_mousePosition":[617,376],"_rootPartCFrame":[761.397,222.615,46.661,0.044,0,0.999,0,1,0,-0.999,0,0.044],"_humanoidState":8,"_cameraCFrame":[768.826,234.167,46.838,0.024,-0.804,0.594,0,0.594,0.804,-1,-0.019,0.014],"_shiftlockState":false,"_pose":"Running","_animationQueue":[["walk",0.1]],"_animationSpeed":1.103,"_zoom":12.5},{"_mousePosition":[617,376],"_rootPartCFrame":[761.13,222.654,46.654,0.041,0,0.999,0,1,0,-0.999,0,0.041],"_humanoidState":8,"_cameraCFrame":[768.481,234.263,46.81,0.021,-0.809,0.588,0,0.588,0.809,-1,-0.017,0.012],"_shiftlockState":false,"_pose":"Running","_animationQueue":[],"_animationSpeed":1.103,"_zoom":12.5},{"_mousePosition":[617,376],"_rootPartCFrame":[760.863,222.675,46.648,0.039,0,0.999,0,1,0,-0.999,0,0.039],"_humanoidState":8,"_cameraCFrame":[768.136,234.341,46.784,0.019,-0.813,0.582,0,0.582,0.813,-1,-0.015,0.011],"_shiftlockState":false,"_pose":"Running","_animationQueue":[],"_animationSpeed":1.103,"_zoom":12.5},{"_mousePosition":[617,376],"_rootPartCFrame":[760.597,222.686,46.642,0.036,0,0.999,0,1,0,-0.999,0,0.036],"_humanoidState":8,"_cameraCFrame":[767.869,234.352,46.778,0.019,-0.813,0.582,0,0.582,0.813,-1,-0.015,0.011],"_shiftlockState":false,"_pose":"Running","_animationQueue":[],"_animationSpeed":1.103,"_zoom":12.5},{"_mousePosition":[617,376],"_rootPartCFrame":[760.33,222.693,46.637,0.034,0,0.999,0,1,0,-0.999,0,0.034],"_humanoidState":8,"_cameraCFrame":[767.603,234.358,46.773,0.019,-0.813,0.582,0,0.582,0.813,-1,-0.015,0.011],"_shiftlockState":false,"_pose":"Running","_animationQueue":[],"_animationSpeed":1.103,"_zoom":12.5},{"_mousePosition":[617,376],"_rootPartCFrame":[760.064,222.696,46.632,0.032,0,0.999,0,1,0,-0.999,0,0.032],"_humanoidState":8,"_cameraCFrame":[767.336,234.362,46.768,0.019,-0.813,0.582,0,0.582,0.813,-1,-0.015,0.011],"_shiftlockState":false,"_pose":"Running","_animationQueue":[],"_animationSpeed":1.103,"_zoom":12.5},{"_mousePosition":[617,376],"_rootPartCFrame":[759.797,222.698,46.627,0.03,0,1,0,1,0,-1,0,0.03],"_humanoidState":8,"_cameraCFrame":[767.069,234.363,46.763,0.019,-0.813,0.582,0,0.582,0.813,-1,-0.015,0.011],"_shiftlockState":false,"_pose":"Running","_animationQueue":[["walk",0.1]],"_animationSpeed":1.103,"_zoom":12.5},{"_mousePosition":[617,376],"_rootPartCFrame":[759.53,223.571,46.622,0.028,0,1,0,1,0,-1,0,0.028],"_humanoidState":3,"_cameraCFrame":[766.803,235.236,46.758,0.019,-0.813,0.582,0,0.582,0.813,-1,-0.015,0.011],"_shiftlockState":false,"_pose":"Jumping","_animationQueue":[["walk",0.1],["jump",0.1]],"_animationSpeed":1,"_zoom":12.5},{"_mousePosition":[617,376],"_rootPartCFrame":[759.33,224.192,46.619,0.027,0,1,0,1,0,-1,0,0.027],"_humanoidState":5,"_cameraCFrame":[766.603,235.858,46.754,0.019,-0.813,0.582,0,0.582,0.813,-1,-0.015,0.011],"_shiftlockState":false,"_pose":"FreeFall","_animationQueue":[["jump",0.1]],"_animationSpeed":1,"_zoom":12.5},{"_mousePosition":[617,376],"_rootPartCFrame":[758.997,225.16,46.612,0.026,0,1,0,1,0,-1,0,0.026],"_humanoidState":5,"_cameraCFrame":[766.269,236.826,46.748,0.019,-0.813,0.582,0,0.582,0.813,-1,-0.015,0.011],"_shiftlockState":false,"_pose":"FreeFall","_animationQueue":[],"_animationSpeed":1,"_zoom":12.5},{"_mousePosition":[617,376],"_rootPartCFrame":[758.797,225.7,46.609,0.025,0,1,0,1,0,-1,0,0.025],"_humanoidState":5,"_cameraCFrame":[766.07,237.366,46.744,0.019,-0.813,0.582,0,0.582,0.813,-1,-0.015,0.011],"_shiftlockState":false,"_pose":"FreeFall","_animationQueue":[],"_animationSpeed":1,"_zoom":12.5},{"_mousePosition":[617,376],"_rootPartCFrame":[758.531,226.372,46.604,0.024,0,1,0,1,0,-1,0,0.024],"_humanoidState":5,"_cameraCFrame":[765.803,238.038,46.739,0.019,-0.813,0.582,0,0.582,0.813,-1,-0.015,0.011],"_shiftlockState":false,"_pose":"FreeFall","_animationQueue":[],"_animationSpeed":1,"_zoom":12.5},{"_mousePosition":[617,376],"_rootPartCFrame":[758.264,226.99,46.599,0.023,0,1,0,1,0,-1,0,0.023],"_humanoidState":5,"_cameraCFrame":[765.536,238.656,46.734,0.019,-0.813,0.582,0,0.582,0.813,-1,-0.015,0.011],"_shiftlockState":false,"_pose":"FreeFall","_animationQueue":[],"_animationSpeed":1,"_zoom":12.5},{"_mousePosition":[617,376],"_rootPartCFrame":[757.997,227.553,46.594,0.023,0,1,0,1,0,-1,0,0.023],"_humanoidState":5,"_cameraCFrame":[765.27,239.219,46.729,0.019,-0.813,0.582,0,0.582,0.813,-1,-0.015,0.011],"_shiftlockState":false,"_pose":"FreeFall","_animationQueue":[],"_animationSpeed":1,"_zoom":12.5},{"_mousePosition":[617,376],"_rootPartCFrame":[757.664,228.18,46.588,0.022,0,1,0,1,0,-1,0,0.022],"_humanoidState":5,"_cameraCFrame":[764.936,239.846,46.723,0.019,-0.813,0.582,0,0.582,0.813,-1,-0.015,0.011],"_shiftlockState":false,"_pose":"FreeFall","_animationQueue":[],"_animationSpeed":1,"_zoom":12.5},{"_mousePosition":[617,376],"_rootPartCFrame":[757.398,228.621,46.583,0.022,0,1,0,1,0,-1,0,0.022],"_humanoidState":5,"_cameraCFrame":[764.67,240.287,46.718,0.019,-0.813,0.582,0,0.582,0.813,-1,-0.015,0.011],"_shiftlockState":false,"_pose":"FreeFall","_animationQueue":[],"_animationSpeed":1,"_zoom":12.5},{"_mousePosition":[617,376],"_rootPartCFrame":[757.131,229.007,46.578,0.021,0,1,0,1,0,-1,0,0.021],"_humanoidState":5,"_cameraCFrame":[764.403,240.673,46.713,0.019,-0.813,0.582,0,0.582,0.813,-1,-0.015,0.011],"_shiftlockState":false,"_pose":"FreeFall","_animationQueue":[],"_animationSpeed":1,"_zoom":12.5},{"_mousePosition":[617,376],"_rootPartCFrame":[756.864,229.338,46.573,0.021,0,1,0,1,0,-1,0,0.021],"_humanoidState":5,"_cameraCFrame":[764.137,241.004,46.708,0.019,-0.813,0.582,0,0.582,0.813,-1,-0.015,0.011],"_shiftlockState":false,"_pose":"FreeFall","_animationQueue":[],"_animationSpeed":1,"_zoom":12.5},{"_mousePosition":[617,376],"_rootPartCFrame":[756.664,229.551,46.569,0.021,0,1,0,1,0,-1,0,0.021],"_humanoidState":5,"_cameraCFrame":[763.937,241.217,46.705,0.019,-0.813,0.582,0,0.582,0.813,-1,-0.015,0.011],"_shiftlockState":false,"_pose":"FreeFall","_animationQueue":[],"_animationSpeed":1,"_zoom":12.5},{"_mousePosition":[617,376],"_rootPartCFrame":[756.331,229.838,46.563,0.02,0,1,0,1,0,-1,0,0.02],"_humanoidState":5,"_cameraCFrame":[763.603,241.504,46.717,0.021,-0.813,0.582,0,0.582,0.813,-1,-0.017,0.012],"_shiftlockState":false,"_pose":"FreeFall","_animationQueue":[],"_animationSpeed":1,"_zoom":12.5},{"_mousePosition":[617,376],"_rootPartCFrame":[756.065,230.006,46.558,0.02,0,1,0,1,0,-1,0,0.02],"_humanoidState":5,"_cameraCFrame":[763.336,241.672,46.712,0.021,-0.813,0.582,0,0.582,0.813,-1,-0.017,0.012],"_shiftlockState":false,"_pose":"FreeFall","_animationQueue":[],"_animationSpeed":1,"_zoom":12.5},{"_mousePosition":[617,376],"_rootPartCFrame":[755.865,230.096,46.554,0.02,0,1,0,1,0,-1,0,0.02],"_humanoidState":5,"_cameraCFrame":[763.137,241.762,46.708,0.021,-0.813,0.582,0,0.582,0.813,-1,-0.017,0.012],"_shiftlockState":false,"_pose":"FreeFall","_animationQueue":[],"_animationSpeed":1,"_zoom":12.5},{"_mousePosition":[617,376],"_rootPartCFrame":[755.531,230.179,46.547,0.02,0,1,0,1,0,-1,0,0.02],"_humanoidState":5,"_cameraCFrame":[762.803,241.844,46.719,0.024,-0.813,0.582,0,0.582,0.813,-1,-0.019,0.014],"_shiftlockState":false,"_pose":"FreeFall","_animationQueue":[],"_animationSpeed":1,"_zoom":12.5},{"_mousePosition":[617,376],"_rootPartCFrame":[755.265,230.183,46.541,0.02,0,1,0,1,0,-1,0,0.02],"_humanoidState":5,"_cameraCFrame":[762.536,241.849,46.732,0.026,-0.813,0.582,0,0.582,0.813,-1,-0.021,0.015],"_shiftlockState":false,"_pose":"FreeFall","_animationQueue":[],"_animationSpeed":1,"_zoom":12.5},{"_mousePosition":[617,376],"_rootPartCFrame":[754.998,230.475,46.535,0.021,0,1,0,1,0,-1,0,0.021],"_humanoidState":7,"_cameraCFrame":[762.269,242.141,46.744,0.029,-0.813,0.582,0,0.582,0.813,-1,-0.023,0.017],"_shiftlockState":false,"_pose":"FreeFall","_animationQueue":[["walk",0.1]],"_animationSpeed":1.103,"_zoom":12.5},{"_mousePosition":[617,376],"_rootPartCFrame":[754.732,230.76,46.528,0.021,0,1,0,1,0,-1,0,0.021],"_humanoidState":7,"_cameraCFrame":[762.002,242.425,46.755,0.031,-0.813,0.582,0,0.582,0.813,-1,-0.025,0.018],"_shiftlockState":false,"_pose":"FreeFall","_animationQueue":[],"_animationSpeed":1.103,"_zoom":12.5},{"_mousePosition":[617,376],"_rootPartCFrame":[754.465,230.933,46.52,0.022,0,1,0,1,0,-1,0,0.022],"_humanoidState":8,"_cameraCFrame":[761.734,242.599,46.785,0.036,-0.813,0.582,0,0.582,0.813,-0.999,-0.03,0.021],"_shiftlockState":false,"_pose":"Running","_animationQueue":[["fall",0.3],["walk",0.1],["fall",0.3],["walk",0.1]],"_animationSpeed":1.103,"_zoom":12.5},{"_mousePosition":[617,376],"_rootPartCFrame":[754.198,231.034,46.512,0.023,0,1,0,1,0,-1,0,0.023],"_humanoidState":8,"_cameraCFrame":[761.466,242.7,46.795,0.039,-0.813,0.581,0,0.582,0.813,-0.999,-0.032,0.023],"_shiftlockState":false,"_pose":"Running","_animationQueue":[],"_animationSpeed":1.103,"_zoom":12.5},{"_mousePosition":[617,376],"_rootPartCFrame":[753.932,231.088,46.502,0.025,0,1,0,1,0,-1,0,0.025],"_humanoidState":8,"_cameraCFrame":[761.199,242.753,46.804,0.041,-0.813,0.581,0,0.582,0.813,-0.999,-0.034,0.024],"_shiftlockState":false,"_pose":"Running","_animationQueue":[],"_animationSpeed":1.103,"_zoom":12.5},{"_mousePosition":[617,376],"_rootPartCFrame":[753.665,231.117,46.492,0.027,0,1,0,1,0,-1,0,0.027],"_humanoidState":8,"_cameraCFrame":[760.932,242.783,46.812,0.044,-0.812,0.581,0,0.582,0.813,-0.999,-0.036,0.026],"_shiftlockState":false,"_pose":"Running","_animationQueue":[],"_animationSpeed":1.103,"_zoom":12.5},{"_mousePosition":[617,376],"_rootPartCFrame":[753.399,231.133,46.481,0.029,0,1,0,1,0,-1,0,0.029],"_humanoidState":8,"_cameraCFrame":[760.665,242.798,46.819,0.046,-0.812,0.581,0,0.582,0.813,-0.999,-0.038,0.027],"_shiftlockState":false,"_pose":"Running","_animationQueue":[],"_animationSpeed":1.103,"_zoom":12.5},{"_mousePosition":[617,376],"_rootPartCFrame":[753.199,231.14,46.473,0.03,0,1,0,1,0,-1,0,0.03],"_humanoidState":8,"_cameraCFrame":[760.464,242.805,46.829,0.049,-0.812,0.581,0,0.582,0.813,-0.999,-0.04,0.029],"_shiftlockState":false,"_pose":"Running","_animationQueue":[],"_animationSpeed":1.103,"_zoom":12.5},{"_mousePosition":[617,376],"_rootPartCFrame":[752.866,231.146,46.457,0.033,0,0.999,0,1,0,-0.999,0,0.033],"_humanoidState":8,"_cameraCFrame":[760.13,242.812,46.832,0.052,-0.812,0.581,0,0.582,0.813,-0.999,-0.042,0.03],"_shiftlockState":false,"_pose":"Running","_animationQueue":[["walk",0.1]],"_animationSpeed":1.103,"_zoom":12.5},{"_mousePosition":[617,376],"_rootPartCFrame":[752.6,231.149,46.444,0.035,0,0.999,0,1,0,-0.999,0,0.035],"_humanoidState":8,"_cameraCFrame":[759.862,242.814,46.856,0.057,-0.812,0.581,0,0.582,0.813,-0.998,-0.046,0.033],"_shiftlockState":false,"_pose":"Running","_animationQueue":[],"_animationSpeed":1.103,"_zoom":12.5},{"_mousePosition":[617,376],"_rootPartCFrame":[752.334,231.15,46.431,0.037,0,0.999,0,1,0,-0.999,0,0.037],"_humanoidState":8,"_cameraCFrame":[759.593,242.816,46.879,0.062,-0.812,0.581,0,0.582,0.813,-0.998,-0.05,0.036],"_shiftlockState":false,"_pose":"Running","_animationQueue":[],"_animationSpeed":1.103,"_zoom":12.5},{"_mousePosition":[617,376],"_rootPartCFrame":[752.001,232.234,46.413,0.04,0,0.999,0,1,0,-0.999,0,0.04],"_humanoidState":3,"_cameraCFrame":[759.257,243.899,46.917,0.069,-0.811,0.58,0,0.582,0.813,-0.998,-0.056,0.04],"_shiftlockState":false,"_pose":"Jumping","_animationQueue":[["walk",0.1],["jump",0.1]],"_animationSpeed":1,"_zoom":12.5},{"_mousePosition":[617,376],"_rootPartCFrame":[751.801,232.845,46.401,0.042,0,0.999,0,1,0,-0.999,0,0.042],"_humanoidState":5,"_cameraCFrame":[759.052,244.511,46.978,0.079,-0.811,0.58,0,0.582,0.813,-0.997,-0.064,0.046],"_shiftlockState":false,"_pose":"FreeFall","_animationQueue":[["jump",0.1]],"_animationSpeed":1,"_zoom":12.5},{"_mousePosition":[617,376],"_rootPartCFrame":[751.535,233.613,46.383,0.045,0,0.999,0,1,0,-0.999,0,0.045],"_humanoidState":5,"_cameraCFrame":[758.799,245.264,47.035,0.089,-0.809,0.581,0,0.583,0.812,-0.996,-0.073,0.052],"_shiftlockState":false,"_pose":"FreeFall","_animationQueue":[],"_animationSpeed":1,"_zoom":12.5},{"_mousePosition":[617,376],"_rootPartCFrame":[751.269,234.326,46.363,0.049,0,0.999,0,1,0,-0.999,0,0.049],"_humanoidState":5,"_cameraCFrame":[758.546,245.963,47.09,0.099,-0.807,0.582,0,0.585,0.811,-0.995,-0.081,0.058],"_shiftlockState":false,"_pose":"FreeFall","_animationQueue":[],"_animationSpeed":1,"_zoom":12.5},{"_mousePosition":[617,376],"_rootPartCFrame":[751.003,234.984,46.339,0.055,0,0.999,0,1,0,-0.999,0,0.055],"_humanoidState":5,"_cameraCFrame":[758.292,246.607,47.142,0.11,-0.805,0.583,0,0.587,0.81,-0.994,-0.089,0.064],"_shiftlockState":false,"_pose":"FreeFall","_animationQueue":[],"_animationSpeed":1,"_zoom":12.5},{"_mousePosition":[617,376],"_rootPartCFrame":[750.738,235.588,46.313,0.06,0,0.998,0,1,0,-0.998,0,0.06],"_humanoidState":5,"_cameraCFrame":[758.023,247.211,47.153,0.115,-0.805,0.583,0,0.587,0.81,-0.993,-0.093,0.067],"_shiftlockState":false,"_pose":"FreeFall","_animationQueue":[],"_animationSpeed":1,"_zoom":12.5},{"_mousePosition":[617,376],"_rootPartCFrame":[750.473,236.138,46.284,0.067,0,0.998,0,1,0,-0.998,0,0.067],"_humanoidState":5,"_cameraCFrame":[757.758,247.761,47.124,0.115,-0.805,0.583,0,0.587,0.81,-0.993,-0.093,0.067],"_shiftlockState":false,"_pose":"FreeFall","_animationQueue":[],"_animationSpeed":1,"_zoom":12.5},{"_mousePosition":[617,376],"_rootPartCFrame":[750.208,236.633,46.254,0.073,0,0.997,0,1,0,-0.997,0,0.073],"_humanoidState":5,"_cameraCFrame":[757.493,248.256,47.094,0.115,-0.805,0.583,0,0.587,0.81,-0.993,-0.093,0.067],"_shiftlockState":false,"_pose":"FreeFall","_animationQueue":[],"_animationSpeed":1,"_zoom":12.5},{"_mousePosition":[617,376],"_rootPartCFrame":[749.943,237.073,46.223,0.079,0,0.997,0,1,0,-0.997,0,0.079],"_humanoidState":5,"_cameraCFrame":[757.228,248.696,47.063,0.115,-0.805,0.583,0,0.587,0.81,-0.993,-0.093,0.067],"_shiftlockState":false,"_pose":"FreeFall","_animationQueue":[],"_animationSpeed":1,"_zoom":12.5},{"_mousePosition":[617,376],"_rootPartCFrame":[749.678,237.459,46.193,0.084,0,0.996,0,1,0,-0.996,0,0.084],"_humanoidState":5,"_cameraCFrame":[756.963,249.082,47.033,0.115,-0.805,0.583,0,0.587,0.81,-0.993,-0.093,0.067],"_shiftlockState":false,"_pose":"FreeFall","_animationQueue":[],"_animationSpeed":1,"_zoom":12.5},{"_mousePosition":[617,376],"_rootPartCFrame":[749.48,237.713,46.17,0.087,0,0.996,0,1,0,-0.996,0,0.087],"_humanoidState":5,"_cameraCFrame":[756.764,249.336,47.01,0.115,-0.805,0.583,0,0.587,0.81,-0.993,-0.093,0.067],"_shiftlockState":false,"_pose":"FreeFall","_animationQueue":[],"_animationSpeed":1,"_zoom":12.5},{"_mousePosition":[617,376],"_rootPartCFrame":[749.215,238.004,46.139,0.091,0,0.996,0,1,0,-0.996,0,0.091],"_humanoidState":5,"_cameraCFrame":[756.499,249.627,46.979,0.115,-0.805,0.583,0,0.587,0.81,-0.993,-0.093,0.067],"_shiftlockState":false,"_pose":"FreeFall","_animationQueue":[],"_animationSpeed":1,"_zoom":12.5},{"_mousePosition":[617,376],"_rootPartCFrame":[748.95,238.24,46.109,0.094,0,0.996,0,1,0,-0.996,0,0.094],"_humanoidState":5,"_cameraCFrame":[756.234,249.863,46.949,0.115,-0.805,0.583,0,0.587,0.81,-0.993,-0.093,0.067],"_shiftlockState":false,"_pose":"FreeFall","_animationQueue":[],"_animationSpeed":1,"_zoom":12.5},{"_mousePosition":[617,376],"_rootPartCFrame":[748.685,238.421,46.078,0.097,0,0.995,0,1,0,-0.995,0,0.097],"_humanoidState":5,"_cameraCFrame":[755.969,250.044,46.918,0.115,-0.805,0.583,0,0.587,0.81,-0.993,-0.093,0.067],"_shiftlockState":false,"_pose":"FreeFall","_animationQueue":[],"_animationSpeed":1,"_zoom":12.5},{"_mousePosition":[617,376],"_rootPartCFrame":[748.42,238.549,46.048,0.1,0,0.995,0,1,0,-0.995,0,0.1],"_humanoidState":5,"_cameraCFrame":[755.709,250.172,46.851,0.11,-0.805,0.583,0,0.587,0.81,-0.994,-0.089,0.064],"_shiftlockState":false,"_pose":"FreeFall","_animationQueue":[],"_animationSpeed":1,"_zoom":12.5},{"_mousePosition":[617,376],"_rootPartCFrame":[748.089,238.631,46.009,0.102,0,0.995,0,1,0,-0.995,0,0.102],"_humanoidState":5,"_cameraCFrame":[755.387,250.254,46.72,0.097,-0.806,0.584,0,0.587,0.81,-0.995,-0.079,0.057],"_shiftlockState":false,"_pose":"FreeFall","_animationQueue":[],"_animationSpeed":1,"_zoom":12.5},{"_mousePosition":[617,376],"_rootPartCFrame":[747.824,238.635,45.98,0.104,0,0.995,0,1,0,-0.995,0,0.104],"_humanoidState":5,"_cameraCFrame":[755.098,250.287,46.503,0.072,-0.81,0.582,0,0.583,0.812,-0.997,-0.058,0.042],"_shiftlockState":false,"_pose":"FreeFall","_animationQueue":[],"_animationSpeed":1,"_zoom":12.5},{"_mousePosition":[617,376],"_rootPartCFrame":[747.558,238.789,45.954,0.103,0,0.995,0,1,0,-0.995,0,0.103],"_humanoidState":7,"_cameraCFrame":[754.789,250.483,46.162,0.029,-0.815,0.578,0,0.579,0.816,-1,-0.023,0.017],"_shiftlockState":false,"_pose":"FreeFall","_animationQueue":[["fall",0.3],["walk",0.1],["fall",0.3],["fall",0.3]],"_animationSpeed":1,"_zoom":12.5},{"_mousePosition":[617,376],"_rootPartCFrame":[747.293,238.941,45.934,0.1,0,0.995,0,1,0,-0.995,0,0.1],"_humanoidState":7,"_cameraCFrame":[754.423,250.705,45.706,-0.032,-0.821,0.57,0,0.571,0.821,-0.999,0.026,-0.018],"_shiftlockState":false,"_pose":"FreeFall","_animationQueue":[],"_animationSpeed":1,"_zoom":12.5},{"_mousePosition":[617,376],"_rootPartCFrame":[747.026,239.035,45.924,0.092,0,0.996,0,1,0,-0.996,0,0.092],"_humanoidState":8,"_cameraCFrame":[753.918,250.908,44.858,-0.153,-0.82,0.551,0,0.558,0.83,-0.988,0.127,-0.085],"_shiftlockState":false,"_pose":"Running","_animationQueue":[["walk",0.1],["fall",0.3],["walk",0.1]],"_animationSpeed":1.103,"_zoom":12.5},{"_mousePosition":[617,376],"_rootPartCFrame":[746.76,239.088,45.931,0.076,0,0.997,0,1,0,-0.997,0,0.076],"_humanoidState":8,"_cameraCFrame":[753.346,251.069,44.199,-0.254,-0.811,0.527,0,0.545,0.839,-0.967,0.213,-0.139],"_shiftlockState":false,"_pose":"Running","_animationQueue":[],"_animationSpeed":1.103,"_zoom":12.5},{"_mousePosition":[617,376],"_rootPartCFrame":[746.496,239.117,45.97,0.047,0,0.999,0,1,0,-0.999,0,0.047],"_humanoidState":8,"_cameraCFrame":[752.684,251.204,43.544,-0.365,-0.788,0.495,0,0.532,0.847,-0.931,0.309,-0.194],"_shiftlockState":false,"_pose":"Running","_animationQueue":[],"_animationSpeed":1.103,"_zoom":12.5},{"_mousePosition":[617,376],"_rootPartCFrame":[746.258,239.133,45.877,0.102,0,0.995,0,1,0,-0.995,0,0.102],"_humanoidState":8,"_cameraCFrame":[751.887,251.334,42.708,-0.491,-0.746,0.45,0,0.517,0.856,-0.871,0.42,-0.254],"_shiftlockState":false,"_pose":"Running","_animationQueue":[],"_animationSpeed":1.103,"_zoom":12.5},{"_mousePosition":[617,376],"_rootPartCFrame":[746.014,239.142,45.769,0.145,0,0.989,0,1,0,-0.989,0,0.145],"_humanoidState":8,"_cameraCFrame":[750.98,251.455,41.939,-0.611,-0.685,0.397,0,0.502,0.865,-0.792,0.528,-0.306],"_shiftlockState":false,"_pose":"Running","_animationQueue":[],"_animationSpeed":1.103,"_zoom":12.5},{"_mousePosition":[617,376],"_rootPartCFrame":[745.758,239.146,45.694,0.164,0,0.986,0,1,0,-0.986,0,0.164],"_humanoidState":8,"_cameraCFrame":[749.985,251.544,41.264,-0.724,-0.602,0.338,0,0.49,0.872,-0.69,0.631,-0.354],"_shiftlockState":false,"_pose":"Running","_animationQueue":[["walk",0.1]],"_animationSpeed":1.103,"_zoom":12.5},{"_mousePosition":[617,376],"_rootPartCFrame":[745.575,239.149,45.514,0.254,0,0.967,0,1,0,-0.967,0,0.254],"_humanoidState":8,"_cameraCFrame":[749.01,251.617,40.6,-0.82,-0.503,0.275,0,0.48,0.877,-0.573,0.719,-0.393],"_shiftlockState":false,"_pose":"Running","_animationQueue":[],"_animationSpeed":1.103,"_zoom":12.5},{"_mousePosition":[617,376],"_rootPartCFrame":[745.384,239.15,45.328,0.321,0,0.947,0,1,0,-0.947,0,0.321],"_humanoidState":8,"_cameraCFrame":[748.059,251.688,40.106,-0.89,-0.403,0.214,0,0.469,0.883,-0.456,0.786,-0.418],"_shiftlockState":false,"_pose":"Running","_animationQueue":[],"_animationSpeed":1.103,"_zoom":12.5},{"_mousePosition":[617,376],"_rootPartCFrame":[745.168,239.151,45.173,0.359,0,0.933,0,1,0,-0.933,0,0.359],"_humanoidState":8,"_cameraCFrame":[747.166,251.745,39.772,-0.938,-0.308,0.16,0,0.461,0.888,-0.347,0.832,-0.432],"_shiftlockState":false,"_pose":"Running","_animationQueue":[],"_animationSpeed":1.103,"_zoom":12.5},{"_mousePosition":[617,376],"_rootPartCFrame":[744.932,239.151,45.048,0.375,0,0.927,0,1,0,-0.927,0,0.375],"_humanoidState":8,"_cameraCFrame":[746.353,251.79,39.557,-0.968,-0.223,0.114,0,0.454,0.891,-0.251,0.863,-0.439],"_shiftlockState":false,"_pose":"Running","_animationQueue":[],"_animationSpeed":1.103,"_zoom":12.5},{"_mousePosition":[617,376],"_rootPartCFrame":[744.683,239.151,44.953,0.373,0,0.928,0,1,0,-0.928,0,0.373],"_humanoidState":8,"_cameraCFrame":[745.668,251.834,39.456,-0.984,-0.158,0.079,0,0.447,0.895,-0.176,0.881,-0.44],"_shiftlockState":false,"_pose":"Running","_animationQueue":[],"_animationSpeed":1.103,"_zoom":12.5},{"_mousePosition":[617,376],"_rootPartCFrame":[744.425,239.152,44.885,0.358,0,0.934,0,1,0,-0.934,0,0.358],"_humanoidState":8,"_cameraCFrame":[745.123,251.867,39.409,-0.992,-0.113,0.056,0,0.442,0.897,-0.126,0.89,-0.438],"_shiftlockState":false,"_pose":"Running","_animationQueue":[],"_animationSpeed":1.103,"_zoom":12.5},{"_mousePosition":[617,376],"_rootPartCFrame":[744.163,239.152,44.836,0.335,0,0.942,0,1,0,-0.942,0,0.335],"_humanoidState":8,"_cameraCFrame":[744.591,251.899,39.399,-0.997,-0.071,0.034,0,0.436,0.9,-0.079,0.897,-0.435],"_shiftlockState":false,"_pose":"Running","_animationQueue":[["walk",0.1]],"_animationSpeed":1.103,"_zoom":12.5},{"_mousePosition":[617,376],"_rootPartCFrame":[743.899,239.152,44.801,0.308,0,0.951,0,1,0,-0.951,0,0.308],"_humanoidState":8,"_cameraCFrame":[744.201,251.92,39.399,-0.998,-0.05,0.024,0,0.433,0.901,-0.056,0.9,-0.432],"_shiftlockState":false,"_pose":"Running","_animationQueue":[],"_animationSpeed":1.103,"_zoom":12.5},{"_mousePosition":[617,376],"_rootPartCFrame":[743.634,239.118,44.767,0.281,0,0.96,0,1,0,-0.96,0,0.281],"_humanoidState":8,"_cameraCFrame":[742.076,251.907,39.342,-0.999,-0.032,0.015,0,0.429,0.903,-0.036,0.903,-0.429],"_shiftlockState":true,"_pose":"Running","_animationQueue":[],"_animationSpeed":1.103,"_zoom":12.5},{"_mousePosition":[683,384],"_rootPartCFrame":[743.37,239.991,44.734,-1,0,0.007,0,1,0,-0.007,0,-1],"_humanoidState":3,"_cameraCFrame":[741.812,252.78,39.309,-0.999,-0.032,0.015,0,0.429,0.903,-0.036,0.903,-0.429],"_shiftlockState":true,"_pose":"Jumping","_animationQueue":[["walk",0.1],["jump",0.1]],"_animationSpeed":1,"_zoom":12.5},{"_mousePosition":[683,384],"_rootPartCFrame":[743.103,240.813,44.719,-0.993,0,0.119,0,1,0,-0.119,0,-0.993],"_humanoidState":5,"_cameraCFrame":[741.463,253.612,39.34,-1,-0.018,0.009,0,0.428,0.904,-0.02,0.904,-0.427],"_shiftlockState":true,"_pose":"FreeFall","_animationQueue":[["jump",0.1]],"_animationSpeed":1,"_zoom":12.5},{"_mousePosition":[683,384],"_rootPartCFrame":[742.837,241.58,44.709,-0.989,0,0.147,0,1,0,-0.147,0,-0.989],"_humanoidState":5,"_cameraCFrame":[741.169,254.39,39.361,-1,-0.014,0.007,0,0.426,0.905,-0.015,0.905,-0.426],"_shiftlockState"