[{"_mousePosition":[659,343],"_rootPartCFrame":[776.027,222.7,47.142,0.002,0,1,0,1,0,-1,0,0.002],"_humanoidState":8,"_cameraCFrame":[781.297,239.438,46.991,-0.029,-0.945,0.327,0,0.327,0.945,-1,0.027,-0.009],"_shiftlockState":false,"_pose":"Standing","_animationQueue":[],"_animationSpeed":1,"_zoom":16.125},{"_mousePosition":[659,343],"_rootPartCFrame":[775.855,222.7,47.147,-0.001,0,1,0,1,0,-1,0,-0.001],"_humanoidState":8,"_cameraCFrame":[781.095,239.449,46.997,-0.029,-0.945,0.325,0,0.325,0.946,-1,0.027,-0.009],"_shiftlockState":false,"_pose":"Standing","_animationQueue":[],"_animationSpeed":1,"_zoom":16.125},{"_mousePosition":[659,343],"_rootPartCFrame":[775.591,222.7,47.155,-0.004,0,1,0,1,0,-1,0,-0.004],"_humanoidState":8,"_cameraCFrame":[780.831,239.449,47.005,-0.029,-0.945,0.325,0,0.325,0.946,-1,0.027,-0.009],"_shiftlockState":false,"_pose":"Running","_animationQueue":[["walk",0.1]],"_animationSpeed":1.003,"_zoom":16.125},{"_mousePosition":[659,343],"_rootPartCFrame":[775.324,222.7,47.162,-0.008,0,1,0,1,0,-1,0,-0.008],"_humanoidState":8,"_cameraCFrame":[780.564,239.449,47.012,-0.029,-0.945,0.325,0,0.325,0.946,-1,0.027,-0.009],"_shiftlockState":false,"_pose":"Running","_animationQueue":[["walk",0.1]],"_animationSpeed":1.101,"_zoom":16.125},{"_mousePosition":[659,343],"_rootPartCFrame":[775.058,222.7,47.17,-0.011,0,1,0,1,0,-1,0,-0.011],"_humanoidState":8,"_cameraCFrame":[780.297,239.449,47.02,-0.029,-0.945,0.325,0,0.325,0.946,-1,0.027,-0.009],"_shiftlockState":false,"_pose":"Running","_animationQueue":[["walk",0.1]],"_animationSpeed":1.101,"_zoom":16.125},{"_mousePosition":[659,343],"_rootPartCFrame":[774.791,222.7,47.178,-0.013,0,1,0,1,0,-1,0,-0.013],"_humanoidState":8,"_cameraCFrame":[780.031,239.449,47.028,-0.029,-0.945,0.325,0,0.325,0.946,-1,0.027,-0.009],"_shiftlockState":false,"_pose":"Running","_animationQueue":[],"_animationSpeed":1.101,"_zoom":16.125},{"_mousePosition":[659,343],"_rootPartCFrame":[774.524,222.7,47.185,-0.015,0,1,0,1,0,-1,0,-0.015],"_humanoidState":8,"_cameraCFrame":[779.764,239.449,47.035,-0.029,-0.945,0.325,0,0.325,0.946,-1,0.027,-0.009],"_shiftlockState":false,"_pose":"Running","_animationQueue":[],"_animationSpeed":1.101,"_zoom":16.125},{"_mousePosition":[659,343],"_rootPartCFrame":[774.258,223.573,47.193,-0.017,0,1,0,1,0,-1,0,-0.017],"_humanoidState":3,"_cameraCFrame":[779.498,240.322,47.043,-0.029,-0.945,0.325,0,0.325,0.946,-1,0.027,-0.009],"_shiftlockState":false,"_pose":"Jumping","_animationQueue":[["walk",0.1],["jump",0.1]],"_animationSpeed":1,"_zoom":16.125},{"_mousePosition":[659,343],"_rootPartCFrame":[773.991,224.395,47.201,-0.019,0,1,0,1,0,-1,0,-0.019],"_humanoidState":5,"_cameraCFrame":[779.231,241.144,47.051,-0.029,-0.945,0.325,0,0.325,0.946,-1,0.027,-0.009],"_shiftlockState":false,"_pose":"FreeFall","_animationQueue":[["jump",0.1]],"_animationSpeed":1,"_zoom":16.125},{"_mousePosition":[659,343],"_rootPartCFrame":[773.725,225.162,47.208,-0.02,0,1,0,1,0,-1,0,-0.02],"_humanoidState":5,"_cameraCFrame":[778.964,241.911,47.058,-0.029,-0.945,0.325,0,0.325,0.946,-1,0.027,-0.009],"_shiftlockState":false,"_pose":"FreeFall","_animationQueue":[],"_animationSpeed":1,"_zoom":16.125},{"_mousePosition":[659,343],"_rootPartCFrame":[773.458,225.875,47.216,-0.021,0,1,0,1,0,-1,0,-0.021],"_humanoidState":5,"_cameraCFrame":[778.698,242.624,47.066,-0.029,-0.945,0.325,0,0.325,0.946,-1,0.027,-0.009],"_shiftlockState":false,"_pose":"FreeFall","_animationQueue":[],"_animationSpeed":1,"_zoom":16.125},{"_mousePosition":[659,343],"_rootPartCFrame":[773.191,226.534,47.224,-0.022,0,1,0,1,0,-1,0,-0.022],"_humanoidState":5,"_cameraCFrame":[778.401,243.293,47.074,-0.029,-0.946,0.323,0,0.323,0.946,-1,0.027,-0.009],"_shiftlockState":false,"_pose":"FreeFall","_animationQueue":[],"_animationSpeed":1,"_zoom":16.125},{"_mousePosition":[659,343],"_rootPartCFrame":[772.925,227.138,47.231,-0.023,0,1,0,1,0,-1,0,-0.023],"_humanoidState":5,"_cameraCFrame":[778.075,243.917,47.084,-0.029,-0.947,0.319,0,0.32,0.948,-1,0.027,-0.009],"_shiftlockState":false,"_pose":"FreeFall","_animationQueue":[],"_animationSpeed":1,"_zoom":16.125},{"_mousePosition":[659,343],"_rootPartCFrame":[772.658,227.687,47.239,-0.024,0,1,0,1,0,-1,0,-0.024],"_humanoidState":5,"_cameraCFrame":[777.749,244.487,47.093,-0.029,-0.948,0.316,0,0.316,0.949,-1,0.027,-0.009],"_shiftlockState":false,"_pose":"FreeFall","_animationQueue":[],"_animationSpeed":1,"_zoom":16.125},{"_mousePosition":[659,343],"_rootPartCFrame":[772.392,228.182,47.246,-0.025,0,1,0,1,0,-1,0,-0.025],"_humanoidState":5,"_cameraCFrame":[777.423,245.001,47.102,-0.029,-0.95,0.312,0,0.312,0.95,-1,0.027,-0.009],"_shiftlockState":false,"_pose":"FreeFall","_animationQueue":[],"_animationSpeed":1,"_zoom":16.125},{"_mousePosition":[659,343],"_rootPartCFrame":[772.125,228.623,47.254,-0.025,0,1,0,1,0,-1,0,-0.025],"_humanoidState":5,"_cameraCFrame":[777.097,245.461,47.124,-0.026,-0.951,0.308,0,0.308,0.951,-1,0.025,-0.008],"_shiftlockState":false,"_pose":"FreeFall","_animationQueue":[],"_animationSpeed":1,"_zoom":16.125},{"_mousePosition":[659,343],"_rootPartCFrame":[771.858,229.009,47.262,-0.026,0,1,0,1,0,-1,0,-0.026],"_humanoidState":5,"_cameraCFrame":[776.801,245.857,47.145,-0.024,-0.952,0.307,0,0.307,0.952,-1,0.022,-0.007],"_shiftlockState":false,"_pose":"FreeFall","_animationQueue":[],"_animationSpeed":1,"_zoom":16.125},{"_mousePosition":[659,343],"_rootPartCFrame":[771.592,229.34,47.269,-0.026,0,1,0,1,0,-1,0,-0.026],"_humanoidState":5,"_cameraCFrame":[776.534,246.189,47.152,-0.024,-0.952,0.307,0,0.307,0.952,-1,0.022,-0.007],"_shiftlockState":false,"_pose":"FreeFall","_animationQueue":[],"_animationSpeed":1,"_zoom":16.125},{"_mousePosition":[659,343],"_rootPartCFrame":[771.325,229.617,47.275,-0.026,0,1,0,1,0,-1,0,-0.026],"_humanoidState":5,"_cameraCFrame":[776.268,246.466,47.159,-0.024,-0.952,0.307,0,0.307,0.952,-1,0.022,-0.007],"_shiftlockState":false,"_pose":"FreeFall","_animationQueue":[],"_animationSpeed":1,"_zoom":16.125},{"_mousePosition":[659,343],"_rootPartCFrame":[771.059,229.84,47.281,-0.025,0,1,0,1,0,-1,0,-0.025],"_humanoidState":5,"_cameraCFrame":[776.001,246.688,47.165,-0.024,-0.952,0.307,0,0.307,0.952,-1,0.022,-0.007],"_shiftlockState":false,"_pose":"FreeFall","_animationQueue":[],"_animationSpeed":1,"_zoom":16.125},{"_mousePosition":[659,343],"_rootPartCFrame":[770.792,230.008,47.288,-0.025,0,1,0,1,0,-1,0,-0.025],"_humanoidState":5,"_cameraCFrame":[775.734,246.856,47.171,-0.024,-0.952,0.307,0,0.307,0.952,-1,0.022,-0.007],"_shiftlockState":false,"_pose":"FreeFall","_animationQueue":[],"_animationSpeed":1,"_zoom":16.125},{"_mousePosition":[659,343],"_rootPartCFrame":[770.525,230.122,47.294,-0.025,0,1,0,1,0,-1,0,-0.025],"_humanoidState":5,"_cameraCFrame":[775.468,246.97,47.177,-0.024,-0.952,0.307,0,0.307,0.952,-1,0.022,-0.007],"_shiftlockState":false,"_pose":"FreeFall","_animationQueue":[],"_animationSpeed":1,"_zoom":16.125},{"_mousePosition":[659,343],"_rootPartCFrame":[770.325,230.171,47.299,-0.025,0,1,0,1,0,-1,0,-0.025],"_humanoidState":5,"_cameraCFrame":[775.208,247.038,47.196,-0.021,-0.953,0.303,0,0.303,0.953,-1,0.02,-0.006],"_shiftlockState":false,"_pose":"FreeFall","_animationQueue":[],"_animationSpeed":1,"_zoom":16.125},{"_mousePosition":[659,343],"_rootPartCFrame":[769.992,230.185,47.307,-0.025,0,1,0,1,0,-1,0,-0.025],"_humanoidState":5,"_cameraCFrame":[774.815,247.071,47.217,-0.019,-0.954,0.299,0,0.299,0.954,-1,0.018,-0.006],"_shiftlockState":false,"_pose":"FreeFall","_animationQueue":[["fall",0.3]],"_animationSpeed":1,"_zoom":16.125},{"_mousePosition":[659,343],"_rootPartCFrame":[769.726,230.135,47.312,-0.024,0,1,0,1,0,-1,0,-0.024],"_humanoidState":5,"_cameraCFrame":[774.549,247.021,47.235,-0.016,-0.954,0.299,0,0.299,0.954,-1,0.015,-0.005],"_shiftlockState":false,"_pose":"FreeFall","_animationQueue":[],"_animationSpeed":1,"_zoom":16.125},{"_mousePosition":[659,343],"_rootPartCFrame":[769.459,230.031,47.317,-0.024,0,1,0,1,0,-1,0,-0.024],"_humanoidState":5,"_cameraCFrame":[774.223,246.936,47.253,-0.013,-0.955,0.295,0,0.295,0.955,-1,0.013,-0.004],"_shiftlockState":false,"_pose":"FreeFall","_animationQueue":[],"_animationSpeed":1,"_zoom":16.125},{"_mousePosition":[659,343],"_rootPartCFrame":[769.192,229.872,47.322,-0.023,0,1,0,1,0,-1,0,-0.023],"_humanoidState":5,"_cameraCFrame":[773.926,246.786,47.258,-0.013,-0.956,0.294,0,0.294,0.956,-1,0.013,-0.004],"_shiftlockState":false,"_pose":"FreeFall","_animationQueue":[],"_animationSpeed":1,"_zoom":16.125},{"_mousePosition":[659,343],"_rootPartCFrame":[768.926,229.658,47.325,-0.021,0,1,0,1,0,-1,0,-0.021],"_humanoidState":5,"_cameraCFrame":[773.659,246.572,47.274,-0.011,-0.956,0.294,0,0.294,0.956,-1,0.01,-0.003],"_shiftlockState":false,"_pose":"FreeFall","_animationQueue":[],"_animationSpeed":1,"_zoom":16.125},{"_mousePosition":[659,343],"_rootPartCFrame":[768.592,229.315,47.33,-0.02,0,1,0,1,0,-1,0,-0.02],"_humanoidState":5,"_cameraCFrame":[773.326,246.229,47.278,-0.011,-0.956,0.294,0,0.294,0.956,-1,0.01,-0.003],"_shiftlockState":false,"_pose":"FreeFall","_animationQueue":[],"_animationSpeed":1,"_zoom":16.125},{"_mousePosition":[659,343],"_rootPartCFrame":[768.393,229.068,47.332,-0.019,0,1,0,1,0,-1,0,-0.019],"_humanoidState":5,"_cameraCFrame":[773.126,245.982,47.28,-0.011,-0.956,0.294,0,0.294,0.956,-1,0.01,-0.003],"_shiftlockState":false,"_pose":"FreeFall","_animationQueue":[],"_animationSpeed":1,"_zoom":16.125},{"_mousePosition":[659,343],"_rootPartCFrame":[768.126,228.691,47.335,-0.018,0,1,0,1,0,-1,0,-0.018],"_humanoidState":5,"_cameraCFrame":[772.86,245.605,47.283,-0.011,-0.956,0.294,0,0.294,0.956,-1,0.01,-0.003],"_shiftlockState":false,"_pose":"FreeFall","_animationQueue":[["fall",0.3]],"_animationSpeed":1,"_zoom":16.125},{"_mousePosition":[659,343],"_rootPartCFrame":[767.859,228.259,47.338,-0.017,0,1,0,1,0,-1,0,-0.017],"_humanoidState":5,"_cameraCFrame":[772.563,245.183,47.287,-0.011,-0.956,0.292,0,0.292,0.957,-1,0.01,-0.003],"_shiftlockState":false,"_pose":"FreeFall","_animationQueue":[],"_animationSpeed":1,"_zoom":16.125},{"_mousePosition":[659,343],"_rootPartCFrame":[767.593,227.773,47.341,-0.016,0,1,0,1,0,-1,0,-0.016],"_humanoidState":5,"_cameraCFrame":[772.236,244.715,47.29,-0.011,-0.958,0.288,0,0.288,0.958,-1,0.01,-0.003],"_shiftlockState":false,"_pose":"FreeFall","_animationQueue":[],"_animationSpeed":1,"_zoom":16.125},{"_mousePosition":[659,343],"_rootPartCFrame":[767.326,227.233,47.344,-0.015,0,1,0,1,0,-1,0,-0.015],"_humanoidState":5,"_cameraCFrame":[771.91,244.192,47.317,-0.006,-0.959,0.284,0,0.284,0.959,-1,0.006,-0.002],"_shiftlockState":false,"_pose":"FreeFall","_animationQueue":[],"_animationSpeed":1,"_zoom":16.125},{"_mousePosition":[659,343],"_rootPartCFrame":[767.06,226.638,47.347,-0.015,0,1,0,1,0,-1,0,-0.015],"_humanoidState":5,"_cameraCFrame":[771.553,243.624,47.343,-0.001,-0.96,0.279,0,0.279,0.96,-1,0.001,0],"_shiftlockState":false,"_pose":"FreeFall","_animationQueue":[],"_animationSpeed":1,"_zoom":16.125},{"_mousePosition":[659,343],"_rootPartCFrame":[766.793,225.988,47.348,-0.014,0,1,0,1,0,-1,0,-0.014],"_humanoidState":5,"_cameraCFrame":[771.226,242.992,47.367,0.004,-0.961,0.275,0,0.275,0.961,-1,-0.004,0.001],"_shiftlockState":false,"_pose":"FreeFall","_animationQueue":[],"_animationSpeed":1,"_zoom":16.125},{"_mousePosition":[659,343],"_rootPartCFrame":[766.526,225.284,47.349,-0.012,0,1,0,1,0,-1,0,-0.012],"_humanoidState":5,"_cameraCFrame":[770.929,242.297,47.379,0.007,-0.962,0.273,0,0.273,0.962,-1,-0.007,0.002],"_shiftlockState":false,"_pose":"FreeFall","_animationQueue":[["fall",0.3]],"_animationSpeed":1,"_zoom":16.125},{"_mousePosition":[659,343],"_rootPartCFrame":[766.26,224.526,47.348,-0.01,0,1,0,1,0,-1,0,-0.01],"_humanoidState":5,"_cameraCFrame":[770.662,241.538,47.378,0.007,-0.962,0.273,0,0.273,0.962,-1,-0.007,0.002],"_shiftlockState":false,"_pose":"FreeFall","_animationQueue":[],"_animationSpeed":1,"_zoom":16.125},{"_mousePosition":[659,343],"_rootPartCFrame":[765.993,223.713,47.346,-0.008,0,1,0,1,0,-1,0,-0.008],"_humanoidState":5,"_cameraCFrame":[770.396,240.725,47.376,0.007,-0.962,0.273,0,0.273,0.962,-1,-0.007,0.002],"_shiftlockState":false,"_pose":"FreeFall","_animationQueue":[],"_animationSpeed":1,"_zoom":16.125},{"_mousePosition":[659,343],"_rootPartCFrame":[765.727,222.845,47.344,-0.006,0,1,0,1,0,-1,0,-0.006],"_humanoidState":7,"_cameraCFrame":[770.129,239.858,47.374,0.007,-0.962,0.273,0,0.273,0.962,-1,-0.007,0.002],"_shiftlockState":false,"_pose":"FreeFall","_animationQueue":[["walk",0.1],["fall",0.3],["fall",0.3]],"_animationSpeed":1,"_zoom":16.125},{"_mousePosition":[659,343],"_rootPartCFrame":[765.46,222.433,47.343,-0.004,0,1,0,1,0,-1,0,-0.004],"_humanoidState":7,"_cameraCFrame":[769.862,239.445,47.373,0.007,-0.962,0.273,0,0.273,0.962,-1,-0.007,0.002],"_shiftlockState":false,"_pose":"FreeFall","_animationQueue":[],"_animationSpeed":1,"_zoom":16.125},{"_mousePosition":[659,343],"_rootPartCFrame":[765.193,222.503,47.341,-0.003,0,1,0,1,0,-1,0,-0.003],"_humanoidState":8,"_cameraCFrame":[769.596,239.515,47.371,0.007,-0.962,0.273,0,0.273,0.962,-1,-0.007,0.002],"_shiftlockState":false,"_pose":"Running","_animationQueue":[["walk",0.1],["fall",0.3],["walk",0.1]],"_animationSpeed":1.103,"_zoom":16.125},{"_mousePosition":[659,343],"_rootPartCFrame":[764.927,222.586,47.339,-0.001,0,1,0,1,0,-1,0,-0.001],"_humanoidState":8,"_cameraCFrame":[769.299,239.606,47.369,0.007,-0.963,0.271,0,0.271,0.963,-1,-0.007,0.002],"_shiftlockState":false,"_pose":"Running","_animationQueue":[],"_animationSpeed":1.103,"_zoom":16.125},{"_mousePosition":[659,343],"_rootPartCFrame":[764.66,222.636,47.337,0,0,1,0,1,0,-1,0,0],"_humanoidState":8,"_cameraCFrame":[769.002,239.666,47.367,0.007,-0.963,0.269,0,0.269,0.963,-1,-0.007,0.002],"_shiftlockState":false,"_pose":"Running","_animationQueue":[["walk",0.1]],"_animationSpeed":1.103,"_zoom":16.125},{"_mousePosition":[659,343],"_rootPartCFrame":[764.393,222.665,47.335,0.001,0,1,0,1,0,-1,0,0.001],"_humanoidState":8,"_cameraCFrame":[768.675,239.711,47.364,0.007,-0.964,0.266,0,0.266,0.964,-1,-0.007,0.002],"_shiftlockState":false,"_pose":"Running","_animationQueue":[],"_animationSpeed":1.103,"_zoom":16.125},{"_mousePosition":[659,343],"_rootPartCFrame":[764.127,222.681,47.333,0.002,0,1,0,1,0,-1,0,0.002],"_humanoidState":8,"_cameraCFrame":[768.317,239.751,47.362,0.007,-0.966,0.26,0,0.26,0.966,-1,-0.007,0.002],"_shiftlockState":false,"_pose":"Running","_animationQueue":[],"_animationSpeed":1.103,"_zoom":16.125},{"_mousePosition":[659,343],"_rootPartCFrame":[763.86,222.689,47.332,0.002,0,1,0,1,0,-1,0,0.002],"_humanoidState":8,"_cameraCFrame":[767.99,239.776,47.328,-0.001,-0.967,0.256,0,0.256,0.967,-1,0.001,0],"_shiftlockState":false,"_pose":"Running","_animationQueue":[],"_animationSpeed":1.103,"_zoom":16.125},{"_mousePosition":[659,343],"_rootPartCFrame":[763.594,222.694,47.33,0.003,0,1,0,1,0,-1,0,0.003],"_humanoidState":8,"_cameraCFrame":[767.663,239.797,47.316,-0.003,-0.968,0.252,0,0.252,0.968,-1,0.003,-0.001],"_shiftlockState":false,"_pose":"Running","_animationQueue":[],"_animationSpeed":1.103,"_zoom":16.125},{"_mousePosition":[659,343],"_rootPartCFrame":[763.327,223.567,47.328,0.004,0,1,0,1,0,-1,0,0.004],"_humanoidState":3,"_cameraCFrame":[767.366,240.678,47.294,-0.008,-0.968,0.25,0,0.25,0.968,-1,0.008,-0.002],"_shiftlockState":false,"_pose":"Jumping","_animationQueue":[["walk",0.1],["jump",0.1]],"_animationSpeed":1,"_zoom":16.125},{"_mousePosition":[659,343],"_rootPartCFrame":[763.06,224.389,47.329,0.003,0,1,0,1,0,-1,0,0.003],"_humanoidState":5,"_cameraCFrame":[767.069,241.508,47.295,-0.008,-0.969,0.249,0,0.249,0.969,-1,0.008,-0.002],"_shiftlockState":false,"_pose":"FreeFall","_animationQueue":[["jump",0.1]],"_animationSpeed":1,"_zoom":16.125},{"_mousePosition":[659,343],"_rootPartCFrame":[762.794,225.157,47.331,0.002,0,1,0,1,0,-1,0,0.002],"_humanoidState":5,"_cameraCFrame":[766.802,242.275,47.297,-0.008,-0.969,0.249,0,0.249,0.969,-1,0.008,-0.002],"_shiftlockState":false,"_pose":"FreeFall","_animationQueue":[],"_animationSpeed":1,"_zoom":16.125},{"_mousePosition":[659,343],"_rootPartCFrame":[762.594,225.696,47.332,0.001,0,1,0,1,0,-1,0,0.001],"_humanoidState":5,"_cameraCFrame":[766.602,242.815,47.299,-0.008,-0.969,0.249,0,0.249,0.969,-1,0.008,-0.002],"_shiftlockState":false,"_pose":"FreeFall","_animationQueue":[],"_animationSpeed":1,"_zoom":16.125},{"_mousePosition":[659,343],"_rootPartCFrame":[762.261,226.528,47.335,-0.001,0,1,0,1,0,-1,0,-0.001],"_humanoidState":5,"_cameraCFrame":[766.269,243.647,47.301,-0.008,-0.969,0.249,0,0.249,0.969,-1,0.008,-0.002],"_shiftlockState":false,"_pose":"FreeFall","_animationQueue":[],"_animationSpeed":1,"_zoom":16.125},{"_mousePosition":[659,343],"_rootPartCFrame":[761.994,227.132,47.337,-0.002,0,1,0,1,0,-1,0,-0.002],"_humanoidState":5,"_cameraCFrame":[766.002,244.251,47.304,-0.008,-0.969,0.249,0,0.249,0.969,-1,0.008,-0.002],"_shiftlockState":false,"_pose":"FreeFall","_animationQueue":[],"_animationSpeed":1,"_zoom":16.125},{"_mousePosition":[659,343],"_rootPartCFrame":[761.794,227.549,47.339,-0.003,0,1,0,1,0,-1,0,-0.003],"_humanoidState":5,"_cameraCFrame":[765.802,244.668,47.305,-0.008,-0.969,0.249,0,0.249,0.969,-1,0.008,-0.002],"_shiftlockState":false,"_pose":"FreeFall","_animationQueue":[],"_animationSpeed":1,"_zoom":16.125},{"_mousePosition":[659,343],"_rootPartCFrame":[761.461,228.177,47.342,-0.004,0,1,0,1,0,-1,0,-0.004],"_humanoidState":5,"_cameraCFrame":[765.469,245.295,47.308,-0.008,-0.969,0.249,0,0.249,0.969,-1,0.008,-0.002],"_shiftlockState":false,"_pose":"FreeFall","_animationQueue":[],"_animationSpeed":1,"_zoom":16.125},{"_mousePosition":[659,343],"_rootPartCFrame":[761.194,228.617,47.344,-0.004,0,1,0,1,0,-1,0,-0.004],"_humanoidState":5,"_cameraCFrame":[765.202,245.736,47.31,-0.008,-0.969,0.249,0,0.249,0.969,-1,0.008,-0.002],"_shiftlockState":false,"_pose":"FreeFall","_animationQueue":[],"_animationSpeed":1,"_zoom":16.125},{"_mousePosition":[659,343],"_rootPartCFrame":[760.928,229.003,47.346,-0.005,0,1,0,1,0,-1,0,-0.005],"_humanoidState":5,"_cameraCFrame":[764.936,246.122,47.313,-0.008,-0.969,0.249,0,0.249,0.969,-1,0.008,-0.002],"_shiftlockState":false,"_pose":"FreeFall","_animationQueue":[],"_animationSpeed":1,"_zoom":16.125},{"_mousePosition":[659,343],"_rootPartCFrame":[760.661,229.335,47.348,-0.005,0,1,0,1,0,-1,0,-0.005],"_humanoidState":5,"_cameraCFrame":[764.669,246.453,47.315,-0.008,-0.969,0.249,0,0.249,0.969,-1,0.008,-0.002],"_shiftlockState":false,"_pose":"FreeFall","_animationQueue":[],"_animationSpeed":1,"_zoom":16.125},{"_mousePosition":[659,343],"_rootPartCFrame":[760.394,229.612,47.351,-0.006,0,1,0,1,0,-1,0,-0.006],"_humanoidState":5,"_cameraCFrame":[764.403,246.73,47.317,-0.008,-0.969,0.249,0,0.249,0.969,-1,0.008,-0.002],"_shiftlockState":false,"_pose":"FreeFall","_animationQueue":[],"_animationSpeed":1,"_zoom":16.125},{"_mousePosition":[659,343],"_rootPartCFrame":[760.195,229.784,47.352,-0.006,0,1,0,1,0,-1,0,-0.006],"_humanoidState":5,"_cameraCFrame":[764.203,246.902,47.319,-0.008,-0.969,0.249,0,0.249,0.969,-1,0.008,-0.002],"_shiftlockState":false,"_pose":"FreeFall","_animationQueue":[],"_animationSpeed":1,"_zoom":16.125},{"_mousePosition":[659,343],"_rootPartCFrame":[759.861,230.002,47.355,-0.006,0,1,0,1,0,-1,0,-0.006],"_humanoidState":5,"_cameraCFrame":[763.869,247.121,47.321,-0.008,-0.969,0.249,0,0.249,0.969,-1,0.008,-0.002],"_shiftlockState":false,"_pose":"FreeFall","_animationQueue":[],"_animationSpeed":1,"_zoom":16.125},{"_mousePosition":[659,343],"_rootPartCFrame":[759.595,230.116,47.357,-0.007,0,1,0,1,0,-1,0,-0.007],"_humanoidState":5,"_cameraCFrame":[763.603,247.234,47.324,-0.008,-0.969,0.249,0,0.249,0.969,-1,0.008,-0.002],"_shiftlockState":false,"_pose":"FreeFall","_animationQueue":[],"_animationSpeed":1,"_zoom":16.125},{"_mousePosition":[659,343],"_rootPartCFrame":[759.328,230.175,47.36,-0.007,0,1,0,1,0,-1,0,-0.007],"_humanoidState":5,"_cameraCFrame":[763.336,247.293,47.326,-0.008,-0.969,0.249,0,0.249,0.969,-1,0.008,-0.002],"_shiftlockState":false,"_pose":"FreeFall","_animationQueue":[["fall",0.3]],"_animationSpeed":1,"_zoom":16.125},{"_mousePosition":[659,343],"_rootPartCFrame":[759.061,230.179,47.362,-0.007,0,1,0,1,0,-1,0,-0.007],"_humanoidState":5,"_cameraCFrame":[763.07,247.298,47.328,-0.008,-0.969,0.249,0,0.249,0.969,-1,0.008,-0.002],"_shiftlockState":false,"_pose":"FreeFall","_animationQueue":[],"_animationSpeed":1,"_zoom":16.125},{"_mousePosition":[659,343],"_rootPartCFrame":[758.795,230.129,47.364,-0.007,0,1,0,1,0,-1,0,-0.007],"_humanoidState":5,"_cameraCFrame":[762.803,247.248,47.33,-0.008,-0.969,0.249,0,0.249,0.969,-1,0.008,-0.002],"_shiftlockState":false,"_pose":"FreeFall","_animationQueue":[],"_animationSpeed":1,"_zoom":16.125},{"_mousePosition":[659,343],"_rootPartCFrame":[758.595,230.056,47.366,-0.007,0,1,0,1,0,-1,0,-0.007],"_humanoidState":5,"_cameraCFrame":[762.603,247.175,47.332,-0.008,-0.969,0.249,0,0.249,0.969,-1,0.008,-0.002],"_shiftlockState":false,"_pose":"FreeFall","_animationQueue":[],"_animationSpeed":1,"_zoom":16.125},{"_mousePosition":[659,343],"_rootPartCFrame":[758.262,229.866,47.368,-0.008,0,1,0,1,0,-1,0,-0.008],"_humanoidState":5,"_cameraCFrame":[762.27,246.985,47.325,-0.011,-0.969,0.249,0,0.249,0.969,-1,0.011,-0.003],"_shiftlockState":false,"_pose":"FreeFall","_animationQueue":[],"_animationSpeed":1,"_zoom":16.125},{"_mousePosition":[659,343],"_rootPartCFrame":[757.995,229.652,47.371,-0.008,0,1,0,1,0,-1,0,-0.008],"_humanoidState":5,"_cameraCFrame":[762.003,246.771,47.327,-0.011,-0.969,0.249,0,0.249,0.969,-1,0.011,-0.003],"_shiftlockState":false,"_pose":"FreeFall","_animationQueue":[],"_animationSpeed":1,"_zoom":16.125},{"_mousePosition":[659,343],"_rootPartCFrame":[757.728,229.384,47.373,-0.008,0,1,0,1,0,-1,0,-0.008],"_humanoidState":5,"_cameraCFrame":[761.736,246.503,47.33,-0.011,-0.969,0.249,0,0.249,0.969,-1,0.011,-0.003],"_shiftlockState":false,"_pose":"FreeFall","_animationQueue":[],"_animationSpeed":1,"_zoom":16.125},{"_mousePosition":[659,343],"_rootPartCFrame":[757.462,229.062,47.376,-0.008,0,1,0,1,0,-1,0,-0.008],"_humanoidState":5,"_cameraCFrame":[761.47,246.181,47.333,-0.011,-0.969,0.249,0,0.249,0.969,-1,0.011,-0.003],"_shiftlockState":false,"_pose":"FreeFall","_animationQueue":[["fall",0.3]],"_animationSpeed":1,"_zoom":16.125},{"_mousePosition":[659,343],"_rootPartCFrame":[757.195,228.685,47.379,-0.009,0,1,0,1,0,-1,0,-0.009],"_humanoidState":5,"_cameraCFrame":[761.203,245.804,47.336,-0.011,-0.969,0.249,0,0.249,0.969,-1,0.011,-0.003],"_shiftlockState":false,"_pose":"FreeFall","_animationQueue":[],"_animationSpeed":1,"_zoom":16.125},{"_mousePosition":[659,343],"_rootPartCFrame":[756.929,228.253,47.382,-0.009,0,1,0,1,0,-1,0,-0.009],"_humanoidState":5,"_cameraCFrame":[760.937,245.372,47.338,-0.011,-0.969,0.249,0,0.249,0.969,-1,0.011,-0.003],"_shiftlockState":false,"_pose":"FreeFall","_animationQueue":[],"_animationSpeed":1,"_zoom":16.125},{"_mousePosition":[659,343],"_rootPartCFrame":[756.662,227.768,47.385,-0.009,0,1,0,1,0,-1,0,-0.009],"_humanoidState":5,"_cameraCFrame":[760.67,244.886,47.341,-0.011,-0.969,0.249,0,0.249,0.969,-1,0.011,-0.003],"_shiftlockState":false,"_pose":"FreeFall","_animationQueue":[],"_animationSpeed":1,"_zoom":16.125},{"_mousePosition":[659,343],"_rootPartCFrame":[756.395,227.227,47.388,-0.01,0,1,0,1,0,-1,0,-0.01],"_humanoidState":5,"_cameraCFrame":[760.373,244.353,47.345,-0.011,-0.969,0.247,0,0.247,0.969,-1,0.011,-0.003],"_shiftlockState":false,"_pose":"FreeFall","_animationQueue":[],"_animationSpeed":1,"_zoom":16.125},{"_mousePosition":[659,343],"_rootPartCFrame":[756.129,226.632,47.391,-0.01,0,1,0,1,0,-1,0,-0.01],"_humanoidState":5,"_cameraCFrame":[760.076,243.766,47.338,-0.013,-0.969,0.245,0,0.245,0.97,-1,0.013,-0.003],"_shiftlockState":false,"_pose":"FreeFall","_animationQueue":[],"_animationSpeed":1,"_zoom":16.125},{"_mousePosition":[659,343],"_rootPartCFrame":[755.862,225.983,47.394,-0.01,0,1,0,1,0,-1,0,-0.01],"_humanoidState":5,"_cameraCFrame":[759.809,243.117,47.341,-0.013,-0.969,0.245,0,0.245,0.97,-1,0.013,-0.003],"_shiftlockState":false,"_pose":"FreeFall","_animationQueue":[["fall",0.3]],"_animationSpeed":1,"_zoom":16.125},{"_mousePosition":[659,343],"_rootPartCFrame":[755.596,225.279,47.397,-0.01,0,1,0,1,0,-1,0,-0.01],"_humanoidState":5,"_cameraCFrame":[759.543,242.413,47.344,-0.013,-0.969,0.245,0,0.245,0.97,-1,0.013,-0.003],"_shiftlockState":false,"_pose":"FreeFall","_animationQueue":[],"_animationSpeed":1,"_zoom":16.125},{"_mousePosition":[659,343],"_rootPartCFrame":[755.396,224.715,47.4,-0.011,0,1,0,1,0,-1,0,-0.011],"_humanoidState":5,"_cameraCFrame":[759.343,241.849,47.347,-0.013,-0.969,0.245,0,0.245,0.97,-1,0.013,-0.003],"_shiftlockState":false,"_pose":"FreeFall","_animationQueue":[],"_animationSpeed":1,"_zoom":16.125},{"_mousePosition":[659,343],"_rootPartCFrame":[755.062,223.707,47.405,-0.011,0,1,0,1,0,-1,0,-0.011],"_humanoidState":5,"_cameraCFrame":[759.009,240.841,47.351,-0.013,-0.969,0.245,0,0.245,0.97,-1,0.013,-0.003],"_shiftlockState":false,"_pose":"FreeFall","_animationQueue":[],"_animationSpeed":1,"_zoom":16.125},{"_mousePosition":[659,343],"_rootPartCFrame":[754.796,222.84,47.408,-0.011,0,1,0,1,0,-1,0,-0.011],"_humanoidState":7,"_cameraCFrame":[758.743,239.974,47.355,-0.013,-0.969,0.245,0,0.245,0.97,-1,0.013,-0.003],"_shiftlockState":false,"_pose":"FreeFall","_animationQueue":[["walk",0.1],["fall",0.3],["fall",0.3]],"_animationSpeed":1,"_zoom":16.125},{"_mousePosition":[659,343],"_rootPartCFrame":[754.596,222.443,47.411,-0.012,0,1,0,1,0,-1,0,-0.012],"_humanoidState":7,"_cameraCFrame":[758.543,239.578,47.358,-0.013,-0.969,0.245,0,0.245,0.97,-1,0.013,-0.003],"_shiftlockState":false,"_pose":"FreeFall","_animationQueue":[],"_animationSpeed":1,"_zoom":16.125},{"_mousePosition":[659,343],"_rootPartCFrame":[754.263,222.511,47.415,-0.012,0,1,0,1,0,-1,0,-0.012],"_humanoidState":8,"_cameraCFrame":[758.21,239.645,47.362,-0.013,-0.969,0.245,0,0.245,0.97,-1,0.013,-0.003],"_shiftlockState":false,"_pose":"Running","_animationQueue":[["walk",0.1],["fall",0.3],["walk",0.1]],"_animationSpeed":1.103,"_zoom":16.125},{"_mousePosition":[659,343],"_rootPartCFrame":[753.996,223.384,47.419,-0.012,0,1,0,1,0,-1,0,-0.012],"_humanoidState":3,"_cameraCFrame":[757.943,240.518,47.366,-0.013,-0.969,0.245,0,0.245,0.97,-1,0.013,-0.003],"_shiftlockState":false,"_pose":"Jumping","_animationQueue":[["walk",0.1],["walk",0.1],["jump",0.1]],"_animationSpeed":1,"_zoom":16.125},{"_mousePosition":[659,343],"_rootPartCFrame":[753.796,224.005,47.422,-0.012,0,1,0,1,0,-1,0,-0.012],"_humanoidState":5,"_cameraCFrame":[757.743,241.14,47.368,-0.013,-0.969,0.245,0,0.245,0.97,-1,0.013,-0.003],"_shiftlockState":false,"_pose":"FreeFall","_animationQueue":[["jump",0.1]],"_animationSpeed":1,"_zoom":16.125},{"_mousePosition":[659,343],"_rootPartCFrame":[753.463,224.973,47.426,-0.013,0,1,0,1,0,-1,0,-0.013],"_humanoidState":5,"_cameraCFrame":[757.41,242.108,47.373,-0.013,-0.969,0.245,0,0.245,0.97,-1,0.013,-0.003],"_shiftlockState":false,"_pose":"FreeFall","_animationQueue":[],"_animationSpeed":1,"_zoom":16.125},{"_mousePosition":[659,343],"_rootPartCFrame":[753.196,225.686,47.43,-0.013,0,1,0,1,0,-1,0,-0.013],"_humanoidState":5,"_cameraCFrame":[757.143,242.821,47.377,-0.013,-0.969,0.245,0,0.245,0.97,-1,0.013,-0.003],"_shiftlockState":false,"_pose":"FreeFall","_animationQueue":[],"_animationSpeed":1,"_zoom":16.125},{"_mousePosition":[659,343],"_rootPartCFrame":[752.996,226.185,47.432,-0.013,0,1,0,1,0,-1,0,-0.013],"_humanoidState":5,"_cameraCFrame":[756.943,243.32,47.379,-0.013,-0.969,0.245,0,0.245,0.97,-1,0.013,-0.003],"_shiftlockState":false,"_pose":"FreeFall","_animationQueue":[],"_animationSpeed":1,"_zoom":16.125},{"_mousePosition":[659,343],"_rootPartCFrame":[752.663,226.949,47.437,-0.013,0,1,0,1,0,-1,0,-0.013],"_humanoidState":5,"_cameraCFrame":[756.61,244.083,47.384,-0.013,-0.969,0.245,0,0.245,0.97,-1,0.013,-0.003],"_shiftlockState":false,"_pose":"FreeFall","_animationQueue":[],"_animationSpeed":1,"_zoom":16.125},{"_mousePosition":[659,343],"_rootPartCFrame":[752.396,227.498,47.44,-0.013,0,1,0,1,0,-1,0,-0.013],"_humanoidState":5,"_cameraCFrame":[756.343,244.633,47.387,-0.013,-0.969,0.245,0,0.245,0.97,-1,0.013,-0.003],"_shiftlockState":false,"_pose":"FreeFall","_animationQueue":[],"_animationSpeed":1,"_zoom":16.125},{"_mousePosition":[659,343],"_rootPartCFrame":[752.196,227.875,47.443,-0.013,0,1,0,1,0,-1,0,-0.013],"_humanoidState":5,"_cameraCFrame":[756.143,245.009,47.39,-0.013,-0.969,0.245,0,0.245,0.97,-1,0.013,-0.003],"_shiftlockState":false,"_pose":"FreeFall","_animationQueue":[],"_animationSpeed":1,"_zoom":16.125},{"_mousePosition":[659,343],"_rootPartCFrame":[751.863,228.434,47.448,-0.013,0,1,0,1,0,-1,0,-0.013],"_humanoidState":5,"_cameraCFrame":[755.81,245.568,47.394,-0.013,-0.969,0.245,0,0.245,0.97,-1,0.013,-0.003],"_shiftlockState":false,"_pose":"FreeFall","_animationQueue":[],"_animationSpeed":1,"_zoom":16.125},{"_mousePosition":[659,343],"_rootPartCFrame":[751.597,228.82,47.451,-0.013,0,1,0,1,0,-1,0,-0.013],"_humanoidState":5,"_cameraCFrame":[755.544,245.954,47.398,-0.013,-0.969,0.245,0,0.245,0.97,-1,0.013,-0.003],"_shiftlockState":false,"_pose":"FreeFall","_animationQueue":[],"_animationSpeed":1,"_zoom":16.125},{"_mousePosition":[659,343],"_rootPartCFrame":[751.397,229.074,47.454,-0.013,0,1,0,1,0,-1,0,-0.013],"_humanoidState":5,"_cameraCFrame":[755.344,246.208,47.401,-0.013,-0.969,0.245,0,0.245,0.97,-1,0.013,-0.003],"_shiftlockState":false,"_pose":"FreeFall","_animationQueue":[],"_animationSpeed":1,"_zoom":16.125},{"_mousePosition":[659,343],"_rootPartCFrame":[751.063,229.429,47.458,-0.013,0,1,0,1,0,-1,0,-0.013],"_humanoidState":5,"_cameraCFrame":[755.01,246.563,47.405,-0.013,-0.969,0.245,0,0.245,0.97,-1,0.013,-0.003],"_shiftlockState":false,"_pose":"FreeFall","_animationQueue":[],"_animationSpeed":1,"_zoom":16.125},{"_mousePosition":[659,343],"_rootPartCFrame":[750.797,229.651,47.462,-0.013,0,1,0,1,0,-1,0,-0.013],"_humanoidState":5,"_cameraCFrame":[754.744,246.785,47.409,-0.013,-0.969,0.245,0,0.245,0.97,-1,0.013,-0.003],"_shiftlockState":false,"_pose":"FreeFall","_animationQueue":[],"_animationSpeed":1,"_zoom":16.125},{"_mousePosition":[659,343],"_rootPartCFrame":[750.53,229.819,47.465,-0.013,0,1,0,1,0,-1,0,-0.013],"_humanoidState":5,"_cameraCFrame":[754.477,246.953,47.412,-0.013,-0.969,0.245,0,0.245,0.97,-1,0.013,-0.003],"_shiftlockState":false,"_pose":"FreeFall","_animationQueue":[],"_animationSpeed":1,"_zoom":16.125},{"_mousePosition":[659,343],"_rootPartCFrame":[750.264,229.933,47.469,-0.013,0,1,0,1,0,-1,0,-0.013],"_humanoidState":5,"_cameraCFrame":[754.211,247.067,47.416,-0.013,-0.969,0.245,0,0.245,0.97,-1,0.013,-0.003],"_shiftlockState":false,"_pose":"FreeFall","_animationQueue":[],"_animationSpeed":1,"_zoom":16.125},{"_mousePosition":[659,343],"_rootPartCFrame":[749.997,229.992,47.473,-0.013,0,1,0,1,0,-1,0,-0.013],"_humanoidState":5,"_cameraCFrame":[753.944,247.126,47.42,-0.013,-0.969,0.245,0,0.245,0.97,-1,0.013,-0.003],"_shiftlockState":false,"_pose":"FreeFall","_animationQueue":[],"_animationSpeed":1,"_zoom":16.125},{"_mousePosition":[659,343],"_rootPartCFrame":[749.797,230,47.475,-0.013,0,1,0,1,0,-1,0,-0.013],"_humanoidState":5,"_cameraCFrame":[753.744,247.134,47.422,-0.013,-0.969,0.245,0,0.245,0.97,-1,0.013,-0.003],"_shiftlockState":false,"_pose":"FreeFall","_animationQueue":[],"_animationSpeed":1,"_zoom":16.125},{"_mousePosition":[659,343],"_rootPartCFrame":[749.464,229.946,47.48,-0.013,0,1,0,1,0,-1,0,-0.013],"_humanoidState":5,"_cameraCFrame":[753.411,247.08,47.427,-0.013,-0.969,0.245,0,0.245,0.97,-1,0.013,-0.003],"_shiftlockState":false,"_pose":"FreeFall","_animationQueue":[],"_animationSpeed":1,"_zoom":16.125},{"_mousePosition":[659,343],"_rootPartCFrame":[749.197,229.842,47.483,-0.013,0,1,0,1,0,-1,0,-0.013],"_humanoidState":5,"_cameraCFrame":[753.144,246.976,47.43,-0.013,-0.969,0.245,0,0.245,0.97,-1,0.013,-0.003],"_shiftlockState":false,"_pose":"FreeFall","_animationQueue":[],"_animationSpeed":1,"_zoom":16.125},{"_mousePosition":[659,343],"_rootPartCFrame":[748.997,229.728,47.486,-0.013,0,1,0,1,0,-1,0,-0.013],"_humanoidState":5,"_cameraCFrame":[752.944,246.862,47.433,-0.013,-0.969,0.245,0,0.245,0.97,-1,0.013,-0.003],"_shiftlockState":false,"_pose":"FreeFall","_animationQueue":[],"_animationSpeed":1,"_zoom":16.125},{"_mousePosition":[659,343],"_rootPartCFrame":[748.664,229.469,47.491,-0.013,0,1,0,1,0,-1,0,-0.013],"_humanoidState":5,"_cameraCFrame":[752.611,246.603,47.438,-0.013,-0.969,0.245,0,0.245,0.97,-1,0.013,-0.003],"_shiftlockState":false,"_pose":"FreeFall","_animationQueue":[["fall",0.3]],"_animationSpeed":1,"_zoom":16.125},{"_mousePosition":[659,343],"_rootPartCFrame":[748.397,229.201,47.494,-0.013,0,1,0,1,0,-1,0,-0.013],"_humanoidState":5,"_cameraCFrame":[752.344,246.335,47.441,-0.013,-0.969,0.245,0,0.245,0.97,-1,0.013,-0.003],"_shiftlockState":false,"_pose":"FreeFall","_animationQueue":[],"_animationSpeed":1,"_zoom":16.125},{"_mousePosition":[659,343],"_rootPartCFrame":[748.197,228.965,47.497,-0.013,0,1,0,1,0,-1,0,-0.013],"_humanoidState":5,"_cameraCFrame":[752.144,246.099,47.444,-0.013,-0.969,0.245,0,0.245,0.97,-1,0.013,-0.003],"_shiftlockState":false,"_pose":"FreeFall","_animationQueue":[],"_animationSpeed":1,"_zoom":16.125},{"_mousePosition":[659,343],"_rootPartCFrame":[747.864,228.502,47.501,-0.013,0,1,0,1,0,-1,0,-0.013],"_humanoidState":5,"_cameraCFrame":[751.811,245.636,47.448,-0.013,-0.969,0.245,0,0.245,0.97,-1,0.013,-0.003],"_shiftlockState":false,"_pose":"FreeFall","_animationQueue":[],"_animationSpeed":1,"_zoom":16.125},{"_mousePosition":[659,343],"_rootPartCFrame":[747.598,228.07,47.505,-0.013,0,1,0,1,0,-1,0,-0.013],"_humanoidState":5,"_cameraCFrame":[751.545,245.204,47.452,-0.013,-0.969,0.245,0,0.245,0.97,-1,0.013,-0.003],"_shiftlockState":false,"_pose":"FreeFall","_animationQueue":[],"_animationSpeed":1,"_zoom":16.125},{"_mousePosition":[659,343],"_rootPartCFrame":[747.398,227.711,47.508,-0.013,0,1,0,1,0,-1,0,-0.013],"_humanoidState":5,"_cameraCFrame":[751.345,244.845,47.455,-0.013,-0.969,0.245,0,0.245,0.97,-1,0.013,-0.003],"_shiftlockState":false,"_pose":"FreeFall","_animationQueue":[],"_animationSpeed":1,"_zoom":16.125},{"_mousePosition":[659,343],"_rootPartCFrame":[747.064,227.044,47.512,-0.013,0,1,0,1,0,-1,0,-0.013],"_humanoidState":5,"_cameraCFrame":[751.011,244.178,47.459,-0.013,-0.969,0.245,0,0.245,0.97,-1,0.013,-0.003],"_shiftlockState":false,"_pose":"FreeFall","_animationQueue":[],"_animationSpeed":1,"_zoom":16.125},{"_mousePosition":[659,343],"_rootPartCFrame":[746.798,226.449,47.516,-0.013,0,1,0,1,0,-1,0,-0.013],"_humanoidState":5,"_cameraCFrame":[750.745,243.583,47.463,-0.013,-0.969,0.245,0,0.245,0.97,-1,0.013,-0.003],"_shiftlockState":false,"_pose":"FreeFall","_animationQueue":[["fall",0.3]],"_animationSpeed":1,"_zoom":16.125},{"_mousePosition":[659,343],"_rootPartCFrame":[746.598,225.967,47.518,-0.013,0,1,0,1,0,-1,0,-0.013],"_humanoidState":5,"_cameraCFrame":[750.545,243.101,47.465,-0.013,-0.969,0.245,0,0.245,0.97,-1,0.013,-0.003],"_shiftlockState":false,"_pose":"FreeFall","_animationQueue":[],"_animationSpeed":1,"_zoom":16.125},{"_mousePosition":[659,343],"_rootPartCFrame":[746.265,225.095,47.523,-0.013,0,1,0,1,0,-1,0,-0.013],"_humanoidState":5,"_cameraCFrame":[750.212,242.23,47.47,-0.013,-0.969,0.245,0,0.245,0.97,-1,0.013,-0.003],"_shiftlockState":false,"_pose":"FreeFall","_animationQueue":[],"_animationSpeed":1,"_zoom":16.125},{"_mousePosition":[659,343],"_rootPartCFrame":[745.998,224.337,47.526,-0.013,0,1,0,1,0,-1,0,-0.013],"_humanoidState":5,"_cameraCFrame":[749.945,241.471,47.473,-0.013,-0.969,0.245,0,0.245,0.97,-1,0.013,-0.003],"_shiftlockState":false,"_pose":"FreeFall","_animationQueue":[],"_animationSpeed":1,"_zoom":16.125},{"_mousePosition":[659,343],"_rootPartCFrame":[745.798,223.732,47.529,-0.013,0,1,0,1,0,-1,0,-0.013],"_humanoidState":5,"_cameraCFrame":[749.745,240.867,47.476,-0.013,-0.969,0.245,0,0.245,0.97,-1,0.013,-0.003],"_shiftlockState":false,"_pose":"FreeFall","_animationQueue":[],"_animationSpeed":1,"_zoom":16.125},{"_mousePosition":[659,343],"_rootPartCFrame":[745.465,222.656,47.534,-0.013,0,1,0,1,0,-1,0,-0.013],"_humanoidState":7,"_cameraCFrame":[749.412,239.791,47.481,-0.013,-0.969,0.245,0,0.245,0.97,-1,0.013,-0.003],"_shiftlockState":false,"_pose":"FreeFall","_animationQueue":[["walk",0.1],["fall",0.3],["fall",0.3]],"_animationSpeed":1,"_zoom":16.125},{"_mousePosition":[659,343],"_rootPartCFrame":[745.198,222.466,47.537,-0.013,0,1,0,1,0,-1,0,-0.013],"_humanoidState":7,"_cameraCFrame":[749.145,239.6,47.484,-0.013,-0.969,0.245,0,0.245,0.97,-1,0.013,-0.003],"_shiftlockState":false,"_pose":"FreeFall","_animationQueue":[],"_animationSpeed":1,"_zoom":16.125},{"_mousePosition":[659,343],"_rootPartCFrame":[744.932,222.541,47.541,-0.013,0,1,0,1,0,-1,0,-0.013],"_humanoidState":8,"_cameraCFrame":[748.879,239.676,47.488,-0.013,-0.969,0.245,0,0.245,0.97,-1,0.013,-0.003],"_shiftlockState":false,"_pose":"Running","_animationQueue":[["fall",0.3],["walk",0.1],["fall",0.3],["walk",0.1]],"_animationSpeed":1.103,"_zoom":16.125},{"_mousePosition":[659,343],"_rootPartCFrame":[744.598,222.622,47.545,-0.013,0,1,0,1,0,-1,0,-0.013],"_humanoidState":8,"_cameraCFrame":[748.545,239.756,47.492,-0.013,-0.969,0.245,0,0.245,0.97,-1,0.013,-0.003],"_shiftlockState":false,"_pose":"Running","_animationQueue":[],"_animationSpeed":1.103,"_zoom":16.125},{"_mousePosition":[659,343],"_rootPartCFrame":[744.332,222.657,47.549,-0.013,0,1,0,1,0,-1,0,-0.013],"_humanoidState":8,"_cameraCFrame":[748.279,239.791,47.496,-0.013,-0.969,0.245,0,0.245,0.97,-1,0.013,-0.003],"_shiftlockState":false,"_pose":"Running","_animationQueue":[],"_animationSpeed":1.103,"_zoom":16.125},{"_mousePosition":[659,343],"_rootPartCFrame":[744.065,222.676,47.552,-0.013,0,1,0,1,0,-1,0,-0.013],"_humanoidState":8,"_cameraCFrame":[748.012,239.81,47.499,-0.013,-0.969,0.245,0,0.245,0.97,-1,0.013,-0.003],"_shiftlockState":false,"_pose":"Running","_animationQueue":[],"_animationSpeed":1.103,"_zoom":16.125},{"_mousePosition":[659,343],"_rootPartCFrame":[743.799,222.687,47.556,-0.013,0,1,0,1,0,-1,0,-0.013],"_humanoidState":8,"_cameraCFrame":[747.745,239.821,47.503,-0.013,-0.969,0.245,0,0.245,0.97,-1,0.013,-0.003],"_shiftlockState":false,"_pose":"Running","_animationQueue":[],"_animationSpeed":1.103,"_zoom":16.125},{"_mousePosition":[659,343],"_rootPartCFrame":[743.532,222.693,47.56,-0.013,0,1,0,1,0,-1,0,-0.013],"_humanoidState":8,"_cameraCFrame":[747.479,239.827,47.507,-0.013,-0.969,0.245,0,0.245,0.97,-1,0.013,-0.003],"_shiftlockState":false,"_pose":"Running","_animationQueue":[],"_animationSpeed":1.103,"_zoom":16.125},{"_mousePosition":[659,343],"_rootPartCFrame":[743.265,222.696,47.563,-0.013,0,1,0,1,0,-1,0,-0.013],"_humanoidState":8,"_cameraCFrame":[747.212,239.83,47.51,-0.013,-0.969,0.245,0,0.245,0.97,-1,0.013,-0.003],"_shiftlockState":false,"_pose":"Running","_animationQueue":[["walk",0.1]],"_animationSpeed":1.103,"_zoom":16.125},{"_mousePosition":[659,343],"_rootPartCFrame":[742.999,223.569,47.567,-0.013,0,1,0,1,0,-1,0,-0.013],"_humanoidState":3,"_cameraCFrame":[746.946,240.703,47.514,-0.013,-0.969,0.245,0,0.245,0.97,-1,0.013,-0.003],"_shiftlockState":false,"_pose":"Jumping","_animationQueue":[["walk",0.1],["jump",0.1]],"_animationSpeed":1,"_zoom":16.125},{"_mousePosition":[659,343],"_rootPartCFrame":[742.732,224.391,47.57,-0.013,0,1,0,1,0,-1,0,-0.013],"_humanoidState":5,"_cameraCFrame":[746.679,241.525,47.517,-0.013,-0.969,0.245,0,0.245,0.97,-1,0.013,-0.003],"_shiftlockState":false,"_pose":"FreeFall","_animationQueue":[["jump",0.1]],"_animationSpeed":1,"_zoom":16.125},{"_mousePosition":[659,343],"_rootPartCFrame":[742.532,224.972,47.573,-0.013,0,1,0,1,0,-1,0,-0.013],"_humanoidState":5,"_cameraCFrame":[746.479,242.106,47.52,-0.013,-0.969,0.245,0,0.245,0.97,-1,0.013,-0.003],"_shiftlockState":false,"_pose":"FreeFall","_animationQueue":[],"_animationSpeed":1,"_zoom":16.125},{"_mousePosition":[659,343],"_rootPartCFrame":[742.199,225.871,47.578,-0.013,0,1,0,1,0,-1,0,-0.013],"_humanoidState":5,"_cameraCFrame":[746.146,243.006,47.524,-0.013,-0.969,0.245,0,0.245,0.97,-1,0.013,-0.003],"_shiftlockS