[{"_mousePosition":[668,424],"_rootPartCFrame":[776.03,222.7,47.142,0,0,1,0,1,0,-1,0,0],"_humanoidState":8,"_cameraCFrame":[783.417,242.516,47.236,0.013,-0.927,0.374,0,0.374,0.927,-1,-0.012,0.005],"_shiftlockState":false,"_pose":"Standing","_animationQueue":[],"_animationSpeed":1,"_zoom":19.75},{"_mousePosition":[668,424],"_rootPartCFrame":[775.912,222.7,47.141,0.001,0,1,0,1,0,-1,0,0.001],"_humanoidState":8,"_cameraCFrame":[783.299,242.516,47.234,0.013,-0.927,0.374,0,0.374,0.927,-1,-0.012,0.005],"_shiftlockState":false,"_pose":"Standing","_animationQueue":[],"_animationSpeed":1,"_zoom":19.75},{"_mousePosition":[668,424],"_rootPartCFrame":[775.651,222.7,47.138,0.002,0,1,0,1,0,-1,0,0.002],"_humanoidState":8,"_cameraCFrame":[783.002,242.53,47.231,0.013,-0.928,0.372,0,0.372,0.928,-1,-0.012,0.005],"_shiftlockState":false,"_pose":"Running","_animationQueue":[["walk",0.1]],"_animationSpeed":0.836,"_zoom":19.75},{"_mousePosition":[668,424],"_rootPartCFrame":[775.384,222.7,47.134,0.004,0,1,0,1,0,-1,0,0.004],"_humanoidState":8,"_cameraCFrame":[782.664,242.559,47.226,0.013,-0.93,0.369,0,0.369,0.93,-1,-0.012,0.005],"_shiftlockState":false,"_pose":"Running","_animationQueue":[["walk",0.1]],"_animationSpeed":1.098,"_zoom":19.75},{"_mousePosition":[668,424],"_rootPartCFrame":[775.118,222.7,47.131,0.005,0,1,0,1,0,-1,0,0.005],"_humanoidState":8,"_cameraCFrame":[782.326,242.587,47.222,0.013,-0.931,0.365,0,0.365,0.931,-1,-0.012,0.005],"_shiftlockState":false,"_pose":"Running","_animationQueue":[],"_animationSpeed":1.098,"_zoom":19.75},{"_mousePosition":[668,424],"_rootPartCFrame":[774.851,222.7,47.127,0.006,0,1,0,1,0,-1,0,0.006],"_humanoidState":8,"_cameraCFrame":[781.952,242.629,47.217,0.013,-0.933,0.36,0,0.36,0.933,-1,-0.012,0.005],"_shiftlockState":false,"_pose":"Running","_animationQueue":[],"_animationSpeed":1.098,"_zoom":19.75},{"_mousePosition":[668,424],"_rootPartCFrame":[774.584,222.7,47.124,0.007,0,1,0,1,0,-1,0,0.007],"_humanoidState":8,"_cameraCFrame":[781.541,242.684,47.247,0.018,-0.936,0.352,0,0.352,0.936,-1,-0.017,0.006],"_shiftlockState":false,"_pose":"Running","_animationQueue":[],"_animationSpeed":1.098,"_zoom":19.75},{"_mousePosition":[668,424],"_rootPartCFrame":[774.318,222.7,47.121,0.008,0,1,0,1,0,-1,0,0.008],"_humanoidState":8,"_cameraCFrame":[781.13,242.737,47.241,0.018,-0.938,0.345,0,0.345,0.939,-1,-0.017,0.006],"_shiftlockState":false,"_pose":"Running","_animationQueue":[["walk",0.1]],"_animationSpeed":1.098,"_zoom":19.75},{"_mousePosition":[668,424],"_rootPartCFrame":[774.051,222.7,47.116,0.009,0,1,0,1,0,-1,0,0.009],"_humanoidState":8,"_cameraCFrame":[780.719,242.79,47.234,0.018,-0.941,0.338,0,0.338,0.941,-1,-0.017,0.006],"_shiftlockState":false,"_pose":"Running","_animationQueue":[],"_animationSpeed":1.098,"_zoom":19.75},{"_mousePosition":[668,424],"_rootPartCFrame":[773.785,222.7,47.111,0.01,0,1,0,1,0,-1,0,0.01],"_humanoidState":8,"_cameraCFrame":[780.234,242.867,47.242,0.02,-0.945,0.327,0,0.327,0.945,-1,-0.019,0.007],"_shiftlockState":false,"_pose":"Running","_animationQueue":[],"_animationSpeed":1.098,"_zoom":19.75},{"_mousePosition":[668,424],"_rootPartCFrame":[773.385,222.7,47.104,0.012,0,1,0,1,0,-1,0,0.012],"_humanoidState":8,"_cameraCFrame":[779.798,242.879,47.234,0.02,-0.946,0.325,0,0.325,0.946,-1,-0.019,0.007],"_shiftlockState":false,"_pose":"Running","_animationQueue":[],"_animationSpeed":1.098,"_zoom":19.75},{"_mousePosition":[668,424],"_rootPartCFrame":[773.251,222.7,47.102,0.012,0,1,0,1,0,-1,0,0.012],"_humanoidState":8,"_cameraCFrame":[779.555,242.916,47.229,0.02,-0.947,0.319,0,0.319,0.948,-1,-0.019,0.006],"_shiftlockState":false,"_pose":"Running","_animationQueue":[],"_animationSpeed":1.098,"_zoom":19.75},{"_mousePosition":[668,424],"_rootPartCFrame":[772.985,222.7,47.096,0.013,0,1,0,1,0,-1,0,0.013],"_humanoidState":8,"_cameraCFrame":[779.179,242.953,47.222,0.02,-0.949,0.314,0,0.314,0.95,-1,-0.019,0.006],"_shiftlockState":false,"_pose":"Running","_animationQueue":[],"_animationSpeed":1.098,"_zoom":19.75},{"_mousePosition":[668,424],"_rootPartCFrame":[772.718,222.7,47.091,0.014,0,1,0,1,0,-1,0,0.014],"_humanoidState":8,"_cameraCFrame":[778.839,242.977,47.215,0.02,-0.951,0.31,0,0.31,0.951,-1,-0.019,0.006],"_shiftlockState":false,"_pose":"Running","_animationQueue":[],"_animationSpeed":1.098,"_zoom":19.75},{"_mousePosition":[668,424],"_rootPartCFrame":[772.452,222.7,47.085,0.015,0,1,0,1,0,-1,0,0.015],"_humanoidState":8,"_cameraCFrame":[778.499,243,47.208,0.02,-0.952,0.306,0,0.306,0.952,-1,-0.019,0.006],"_shiftlockState":false,"_pose":"Running","_animationQueue":[["walk",0.1]],"_animationSpeed":1.098,"_zoom":19.75},{"_mousePosition":[668,424],"_rootPartCFrame":[772.185,222.7,47.08,0.016,0,1,0,1,0,-1,0,0.016],"_humanoidState":8,"_cameraCFrame":[778.196,243.012,47.202,0.02,-0.952,0.304,0,0.304,0.953,-1,-0.019,0.006],"_shiftlockState":false,"_pose":"Running","_animationQueue":[],"_animationSpeed":1.098,"_zoom":19.75},{"_mousePosition":[668,424],"_rootPartCFrame":[771.785,223.991,47.072,0.017,0,1,0,1,0,-1,0,0.017],"_humanoidState":3,"_cameraCFrame":[777.723,244.326,47.192,0.02,-0.954,0.301,0,0.301,0.954,-1,-0.019,0.006],"_shiftlockState":false,"_pose":"Jumping","_animationQueue":[["walk",0.1],["jump",0.1]],"_animationSpeed":1,"_zoom":19.75},{"_mousePosition":[668,424],"_rootPartCFrame":[771.585,224.592,47.068,0.017,0,1,0,1,0,-1,0,0.017],"_humanoidState":5,"_cameraCFrame":[777.523,244.928,47.188,0.02,-0.954,0.301,0,0.301,0.954,-1,-0.019,0.006],"_shiftlockState":false,"_pose":"FreeFall","_animationQueue":[["jump",0.1]],"_animationSpeed":1,"_zoom":19.75},{"_mousePosition":[668,424],"_rootPartCFrame":[771.319,225.346,47.062,0.018,0,1,0,1,0,-1,0,0.018],"_humanoidState":5,"_cameraCFrame":[777.22,245.693,47.182,0.02,-0.954,0.299,0,0.299,0.954,-1,-0.019,0.006],"_shiftlockState":false,"_pose":"FreeFall","_animationQueue":[],"_animationSpeed":1,"_zoom":19.75},{"_mousePosition":[668,424],"_rootPartCFrame":[771.052,226.045,47.057,0.018,0,1,0,1,0,-1,0,0.018],"_humanoidState":5,"_cameraCFrame":[776.953,246.392,47.177,0.02,-0.954,0.299,0,0.299,0.954,-1,-0.019,0.006],"_shiftlockState":false,"_pose":"FreeFall","_animationQueue":[],"_animationSpeed":1,"_zoom":19.75},{"_mousePosition":[668,424],"_rootPartCFrame":[770.785,226.69,47.052,0.018,0,1,0,1,0,-1,0,0.018],"_humanoidState":5,"_cameraCFrame":[776.686,247.037,47.171,0.02,-0.954,0.299,0,0.299,0.954,-1,-0.019,0.006],"_shiftlockState":false,"_pose":"FreeFall","_animationQueue":[],"_animationSpeed":1,"_zoom":19.75},{"_mousePosition":[668,424],"_rootPartCFrame":[770.519,227.28,47.046,0.019,0,1,0,1,0,-1,0,0.019],"_humanoidState":5,"_cameraCFrame":[776.42,247.628,47.166,0.02,-0.954,0.299,0,0.299,0.954,-1,-0.019,0.006],"_shiftlockState":false,"_pose":"FreeFall","_animationQueue":[],"_animationSpeed":1,"_zoom":19.75},{"_mousePosition":[668,424],"_rootPartCFrame":[770.252,227.816,47.041,0.019,0,1,0,1,0,-1,0,0.019],"_humanoidState":5,"_cameraCFrame":[776.153,248.164,47.16,0.02,-0.954,0.299,0,0.299,0.954,-1,-0.019,0.006],"_shiftlockState":false,"_pose":"FreeFall","_animationQueue":[],"_animationSpeed":1,"_zoom":19.75},{"_mousePosition":[668,424],"_rootPartCFrame":[769.986,228.298,47.035,0.019,0,1,0,1,0,-1,0,0.019],"_humanoidState":5,"_cameraCFrame":[775.887,248.645,47.155,0.02,-0.954,0.299,0,0.299,0.954,-1,-0.019,0.006],"_shiftlockState":false,"_pose":"FreeFall","_animationQueue":[],"_animationSpeed":1,"_zoom":19.75},{"_mousePosition":[668,424],"_rootPartCFrame":[769.719,228.725,47.03,0.019,0,1,0,1,0,-1,0,0.019],"_humanoidState":5,"_cameraCFrame":[775.62,249.072,47.15,0.02,-0.954,0.299,0,0.299,0.954,-1,-0.019,0.006],"_shiftlockState":false,"_pose":"FreeFall","_animationQueue":[],"_animationSpeed":1,"_zoom":19.75},{"_mousePosition":[668,424],"_rootPartCFrame":[769.386,229.182,47.023,0.019,0,1,0,1,0,-1,0,0.019],"_humanoidState":5,"_cameraCFrame":[775.287,249.529,47.143,0.02,-0.954,0.299,0,0.299,0.954,-1,-0.019,0.006],"_shiftlockState":false,"_pose":"FreeFall","_animationQueue":[],"_animationSpeed":1,"_zoom":19.75},{"_mousePosition":[668,424],"_rootPartCFrame":[769.186,229.415,47.019,0.019,0,1,0,1,0,-1,0,0.019],"_humanoidState":5,"_cameraCFrame":[775.087,249.762,47.139,0.02,-0.954,0.299,0,0.299,0.954,-1,-0.019,0.006],"_shiftlockState":false,"_pose":"FreeFall","_animationQueue":[],"_animationSpeed":1,"_zoom":19.75},{"_mousePosition":[668,424],"_rootPartCFrame":[768.919,229.678,47.014,0.02,0,1,0,1,0,-1,0,0.02],"_humanoidState":5,"_cameraCFrame":[774.82,250.026,47.133,0.02,-0.954,0.299,0,0.299,0.954,-1,-0.019,0.006],"_shiftlockState":false,"_pose":"FreeFall","_animationQueue":[],"_animationSpeed":1,"_zoom":19.75},{"_mousePosition":[668,424],"_rootPartCFrame":[768.653,229.887,47.008,0.02,0,1,0,1,0,-1,0,0.02],"_humanoidState":5,"_cameraCFrame":[774.554,250.235,47.128,0.02,-0.954,0.299,0,0.299,0.954,-1,-0.019,0.006],"_shiftlockState":false,"_pose":"FreeFall","_animationQueue":[],"_animationSpeed":1,"_zoom":19.75},{"_mousePosition":[668,424],"_rootPartCFrame":[768.386,230.042,47.003,0.02,0,1,0,1,0,-1,0,0.02],"_humanoidState":5,"_cameraCFrame":[774.287,250.389,47.123,0.02,-0.954,0.299,0,0.299,0.954,-1,-0.019,0.006],"_shiftlockState":false,"_pose":"FreeFall","_animationQueue":[],"_animationSpeed":1,"_zoom":19.75},{"_mousePosition":[668,424],"_rootPartCFrame":[768.119,230.141,46.998,0.02,0,1,0,1,0,-1,0,0.02],"_humanoidState":5,"_cameraCFrame":[774.02,250.489,47.117,0.02,-0.954,0.299,0,0.299,0.954,-1,-0.019,0.006],"_shiftlockState":false,"_pose":"FreeFall","_animationQueue":[],"_animationSpeed":1,"_zoom":19.75},{"_mousePosition":[668,424],"_rootPartCFrame":[767.786,230.19,46.991,0.02,0,1,0,1,0,-1,0,0.02],"_humanoidState":5,"_cameraCFrame":[773.687,250.537,47.11,0.02,-0.954,0.299,0,0.299,0.954,-1,-0.019,0.006],"_shiftlockState":false,"_pose":"FreeFall","_animationQueue":[],"_animationSpeed":1,"_zoom":19.75},{"_mousePosition":[668,424],"_rootPartCFrame":[767.586,230.178,46.987,0.02,0,1,0,1,0,-1,0,0.02],"_humanoidState":5,"_cameraCFrame":[773.487,250.525,47.106,0.02,-0.954,0.299,0,0.299,0.954,-1,-0.019,0.006],"_shiftlockState":false,"_pose":"FreeFall","_animationQueue":[],"_animationSpeed":1,"_zoom":19.75},{"_mousePosition":[668,424],"_rootPartCFrame":[767.32,230.114,46.981,0.02,0,1,0,1,0,-1,0,0.02],"_humanoidState":5,"_cameraCFrame":[773.221,250.462,47.101,0.02,-0.954,0.299,0,0.299,0.954,-1,-0.019,0.006],"_shiftlockState":false,"_pose":"FreeFall","_animationQueue":[],"_animationSpeed":1,"_zoom":19.75},{"_mousePosition":[668,424],"_rootPartCFrame":[766.986,229.958,46.975,0.02,0,1,0,1,0,-1,0,0.02],"_humanoidState":5,"_cameraCFrame":[772.887,250.305,47.094,0.02,-0.954,0.299,0,0.299,0.954,-1,-0.019,0.006],"_shiftlockState":false,"_pose":"FreeFall","_animationQueue":[["fall",0.3]],"_animationSpeed":1,"_zoom":19.75},{"_mousePosition":[668,424],"_rootPartCFrame":[766.786,229.823,46.971,0.02,0,1,0,1,0,-1,0,0.02],"_humanoidState":5,"_cameraCFrame":[772.687,250.171,47.09,0.02,-0.954,0.299,0,0.299,0.954,-1,-0.019,0.006],"_shiftlockState":false,"_pose":"FreeFall","_animationQueue":[],"_animationSpeed":1,"_zoom":19.75},{"_mousePosition":[668,424],"_rootPartCFrame":[766.52,229.596,46.965,0.02,0,1,0,1,0,-1,0,0.02],"_humanoidState":5,"_cameraCFrame":[772.42,249.944,47.1,0.023,-0.954,0.299,0,0.299,0.954,-1,-0.022,0.007],"_shiftlockState":false,"_pose":"FreeFall","_animationQueue":[],"_animationSpeed":1,"_zoom":19.75},{"_mousePosition":[668,424],"_rootPartCFrame":[766.253,229.315,46.96,0.02,0,1,0,1,0,-1,0,0.02],"_humanoidState":5,"_cameraCFrame":[772.154,249.662,47.094,0.023,-0.954,0.299,0,0.299,0.954,-1,-0.022,0.007],"_shiftlockState":false,"_pose":"FreeFall","_animationQueue":[],"_animationSpeed":1,"_zoom":19.75},{"_mousePosition":[668,424],"_rootPartCFrame":[765.987,228.979,46.954,0.02,0,1,0,1,0,-1,0,0.02],"_humanoidState":5,"_cameraCFrame":[771.887,249.326,47.118,0.028,-0.954,0.299,0,0.299,0.954,-1,-0.027,0.008],"_shiftlockState":false,"_pose":"FreeFall","_animationQueue":[],"_animationSpeed":1,"_zoom":19.75},{"_mousePosition":[668,424],"_rootPartCFrame":[765.72,228.588,46.948,0.021,0,1,0,1,0,-1,0,0.021],"_humanoidState":5,"_cameraCFrame":[771.619,248.935,47.142,0.033,-0.954,0.299,0,0.299,0.954,-0.999,-0.031,0.01],"_shiftlockState":false,"_pose":"FreeFall","_animationQueue":[],"_animationSpeed":1,"_zoom":19.75},{"_mousePosition":[668,424],"_rootPartCFrame":[765.453,228.143,46.941,0.021,0,1,0,1,0,-1,0,0.021],"_humanoidState":5,"_cameraCFrame":[771.315,248.502,47.163,0.038,-0.954,0.297,0,0.297,0.955,-0.999,-0.036,0.011],"_shiftlockState":false,"_pose":"FreeFall","_animationQueue":[],"_animationSpeed":1,"_zoom":19.75},{"_mousePosition":[668,424],"_rootPartCFrame":[765.187,227.643,46.932,0.023,0,1,0,1,0,-1,0,0.023],"_humanoidState":5,"_cameraCFrame":[771.01,248.014,47.183,0.043,-0.955,0.295,0,0.295,0.955,-0.999,-0.041,0.013],"_shiftlockState":false,"_pose":"FreeFall","_animationQueue":[["fall",0.3]],"_animationSpeed":1,"_zoom":19.75},{"_mousePosition":[668,424],"_rootPartCFrame":[764.92,227.089,46.922,0.025,0,1,0,1,0,-1,0,0.025],"_humanoidState":5,"_cameraCFrame":[770.705,247.471,47.215,0.051,-0.955,0.293,0,0.293,0.956,-0.999,-0.048,0.015],"_shiftlockState":false,"_pose":"FreeFall","_animationQueue":[],"_animationSpeed":1,"_zoom":19.75},{"_mousePosition":[668,424],"_rootPartCFrame":[764.654,226.481,46.911,0.027,0,1,0,1,0,-1,0,0.027],"_humanoidState":5,"_cameraCFrame":[770.362,246.885,47.258,0.061,-0.955,0.289,0,0.29,0.957,-0.998,-0.058,0.018],"_shiftlockState":false,"_pose":"FreeFall","_animationQueue":[],"_animationSpeed":1,"_zoom":19.75},{"_mousePosition":[668,424],"_rootPartCFrame":[764.388,225.817,46.898,0.03,0,1,0,1,0,-1,0,0.03],"_humanoidState":5,"_cameraCFrame":[770.02,246.244,47.269,0.066,-0.956,0.285,0,0.286,0.958,-0.998,-0.063,0.019],"_shiftlockState":false,"_pose":"FreeFall","_animationQueue":[],"_animationSpeed":1,"_zoom":19.75},{"_mousePosition":[668,424],"_rootPartCFrame":[764.121,225.1,46.882,0.034,0,0.999,0,1,0,-0.999,0,0.034],"_humanoidState":5,"_cameraCFrame":[769.716,245.537,47.265,0.068,-0.957,0.283,0,0.284,0.959,-0.998,-0.065,0.019],"_shiftlockState":false,"_pose":"FreeFall","_animationQueue":[],"_animationSpeed":1,"_zoom":19.75},{"_mousePosition":[668,424],"_rootPartCFrame":[763.855,224.328,46.865,0.038,0,0.999,0,1,0,-0.999,0,0.038],"_humanoidState":5,"_cameraCFrame":[769.449,244.765,47.262,0.071,-0.956,0.283,0,0.284,0.959,-0.997,-0.068,0.02],"_shiftlockState":false,"_pose":"FreeFall","_animationQueue":[],"_animationSpeed":1,"_zoom":19.75},{"_mousePosition":[668,424],"_rootPartCFrame":[763.589,223.501,46.846,0.042,0,0.999,0,1,0,-0.999,0,0.042],"_humanoidState":5,"_cameraCFrame":[769.146,243.949,47.241,0.071,-0.957,0.281,0,0.282,0.959,-0.997,-0.068,0.02],"_shiftlockState":false,"_pose":"FreeFall","_animationQueue":[["fall",0.3]],"_animationSpeed":1,"_zoom":19.75},{"_mousePosition":[668,424],"_rootPartCFrame":[763.323,222.732,46.828,0.046,0,0.999,0,1,0,-0.999,0,0.046],"_humanoidState":7,"_cameraCFrame":[768.768,243.212,47.228,0.073,-0.958,0.276,0,0.276,0.961,-0.997,-0.07,0.02],"_shiftlockState":false,"_pose":"FreeFall","_animationQueue":[["walk",0.1],["fall",0.3],["fall",0.3]],"_animationSpeed":1,"_zoom":19.75},{"_mousePosition":[668,424],"_rootPartCFrame":[763.057,222.701,46.809,0.049,0,0.999,0,1,0,-0.999,0,0.049],"_humanoidState":7,"_cameraCFrame":[768.428,243.202,47.204,0.073,-0.96,0.272,0,0.273,0.962,-0.997,-0.071,0.02],"_shiftlockState":false,"_pose":"FreeFall","_animationQueue":[],"_animationSpeed":1,"_zoom":19.75},{"_mousePosition":[668,424],"_rootPartCFrame":[762.791,222.803,46.789,0.053,0,0.999,0,1,0,-0.999,0,0.053],"_humanoidState":8,"_cameraCFrame":[768.052,243.336,47.176,0.073,-0.961,0.266,0,0.267,0.964,-0.997,-0.071,0.02],"_shiftlockState":false,"_pose":"Running","_animationQueue":[["walk",0.1],["fall",0.3],["walk",0.1]],"_animationSpeed":1.103,"_zoom":19.75},{"_mousePosition":[668,424],"_rootPartCFrame":[762.525,222.877,46.77,0.056,0,0.998,0,1,0,-0.998,0,0.056],"_humanoidState":8,"_cameraCFrame":[767.638,243.45,47.146,0.073,-0.963,0.259,0,0.26,0.966,-0.997,-0.071,0.019],"_shiftlockState":false,"_pose":"Running","_animationQueue":[],"_animationSpeed":1.103,"_zoom":19.75},{"_mousePosition":[668,424],"_rootPartCFrame":[762.259,222.918,46.75,0.058,0,0.998,0,1,0,-0.998,0,0.058],"_humanoidState":8,"_cameraCFrame":[767.224,243.531,47.103,0.071,-0.965,0.251,0,0.252,0.968,-0.997,-0.069,0.018],"_shiftlockState":false,"_pose":"Running","_animationQueue":[],"_animationSpeed":1.103,"_zoom":19.75},{"_mousePosition":[668,424],"_rootPartCFrame":[761.993,222.941,46.731,0.06,0,0.998,0,1,0,-0.998,0,0.06],"_humanoidState":8,"_cameraCFrame":[766.776,243.601,47.021,0.061,-0.968,0.242,0,0.243,0.97,-0.998,-0.059,0.015],"_shiftlockState":false,"_pose":"Running","_animationQueue":[],"_animationSpeed":1.103,"_zoom":19.75},{"_mousePosition":[668,424],"_rootPartCFrame":[761.661,222.954,46.707,0.062,0,0.998,0,1,0,-0.998,0,0.062],"_humanoidState":8,"_cameraCFrame":[766.223,243.668,46.915,0.046,-0.972,0.231,0,0.231,0.973,-0.999,-0.044,0.011],"_shiftlockState":false,"_pose":"Running","_animationQueue":[["walk",0.1]],"_animationSpeed":1.103,"_zoom":19.75},{"_mousePosition":[668,424],"_rootPartCFrame":[761.395,222.926,46.688,0.064,0,0.998,0,1,0,-0.998,0,0.064],"_humanoidState":8,"_cameraCFrame":[765.735,243.693,46.798,0.025,-0.975,0.22,0,0.22,0.976,-1,-0.025,0.006],"_shiftlockState":false,"_pose":"Running","_animationQueue":[],"_animationSpeed":1.103,"_zoom":19.75},{"_mousePosition":[668,424],"_rootPartCFrame":[761.195,222.87,46.674,0.065,0,0.998,0,1,0,-0.998,0,0.065],"_humanoidState":8,"_cameraCFrame":[765.311,243.687,46.674,0,-0.978,0.208,0,0.208,0.978,-1,0,0],"_shiftlockState":false,"_pose":"Running","_animationQueue":[],"_animationSpeed":1.103,"_zoom":19.75},{"_mousePosition":[668,424],"_rootPartCFrame":[760.929,222.748,46.655,0.066,0,0.998,0,1,0,-0.998,0,0.066],"_humanoidState":8,"_cameraCFrame":[764.893,243.596,46.555,-0.025,-0.979,0.201,0,0.201,0.98,-1,0.025,-0.005],"_shiftlockState":false,"_pose":"Running","_animationQueue":[],"_animationSpeed":1.103,"_zoom":19.75},{"_mousePosition":[668,424],"_rootPartCFrame":[760.663,222.571,46.636,0.067,0,0.998,0,1,0,-0.998,0,0.067],"_humanoidState":8,"_cameraCFrame":[764.435,243.456,46.445,-0.051,-0.98,0.191,0,0.191,0.982,-0.999,0.05,-0.01],"_shiftlockState":false,"_pose":"Running","_animationQueue":[],"_animationSpeed":1.103,"_zoom":19.75},{"_mousePosition":[668,424],"_rootPartCFrame":[760.397,222.339,46.617,0.069,0,0.998,0,1,0,-0.998,0,0.069],"_humanoidState":8,"_cameraCFrame":[764.013,243.253,46.351,-0.073,-0.98,0.183,0,0.184,0.983,-0.997,0.072,-0.013],"_shiftlockState":false,"_pose":"Running","_animationQueue":[],"_animationSpeed":1.103,"_zoom":19.75},{"_mousePosition":[668,424],"_rootPartCFrame":[760.131,223.212,46.598,0.07,0,0.998,0,1,0,-0.998,0,0.07],"_humanoidState":3,"_cameraCFrame":[763.669,244.141,46.311,-0.081,-0.98,0.179,0,0.18,0.984,-0.997,0.08,-0.015],"_shiftlockState":false,"_pose":"Jumping","_animationQueue":[["walk",0.1],["walk",0.1],["jump",0.1]],"_animationSpeed":1,"_zoom":19.75},{"_mousePosition":[668,424],"_rootPartCFrame":[759.865,224.034,46.603,0.058,0,0.998,0,1,0,-0.998,0,0.058],"_humanoidState":5,"_cameraCFrame":[763.365,244.969,46.31,-0.083,-0.981,0.177,0,0.178,0.984,-0.997,0.082,-0.015],"_shiftlockState":false,"_pose":"FreeFall","_animationQueue":[["jump",0.1]],"_animationSpeed":1,"_zoom":19.75},{"_mousePosition":[668,424],"_rootPartCFrame":[759.599,224.802,46.624,0.04,0,0.999,0,1,0,-0.999,0,0.04],"_humanoidState":5,"_cameraCFrame":[763.099,245.737,46.331,-0.083,-0.981,0.177,0,0.178,0.984,-0.997,0.082,-0.015],"_shiftlockState":false,"_pose":"FreeFall","_animationQueue":[],"_animationSpeed":1,"_zoom":19.75},{"_mousePosition":[668,424],"_rootPartCFrame":[759.333,225.515,46.646,0.023,0,1,0,1,0,-1,0,0.023],"_humanoidState":5,"_cameraCFrame":[762.795,246.457,46.356,-0.083,-0.981,0.175,0,0.176,0.984,-0.997,0.082,-0.015],"_shiftlockState":false,"_pose":"FreeFall","_animationQueue":[],"_animationSpeed":1,"_zoom":19.75},{"_mousePosition":[668,424],"_rootPartCFrame":[759.068,226.173,46.668,0.008,0,1,0,1,0,-1,0,0.008],"_humanoidState":5,"_cameraCFrame":[762.49,247.122,46.364,-0.088,-0.981,0.173,0,0.174,0.985,-0.996,0.087,-0.015],"_shiftlockState":false,"_pose":"FreeFall","_animationQueue":[],"_animationSpeed":1,"_zoom":19.75},{"_mousePosition":[668,424],"_rootPartCFrame":[758.802,226.777,46.691,-0.005,0,1,0,1,0,-1,0,-0.005],"_humanoidState":5,"_cameraCFrame":[762.217,247.727,46.37,-0.094,-0.98,0.173,0,0.174,0.985,-0.996,0.092,-0.016],"_shiftlockState":false,"_pose":"FreeFall","_animationQueue":[],"_animationSpeed":1,"_zoom":19.75},{"_mousePosition":[668,424],"_rootPartCFrame":[758.536,227.327,46.714,-0.017,0,1,0,1,0,-1,0,-0.017],"_humanoidState":5,"_cameraCFrame":[761.949,248.277,46.376,-0.099,-0.98,0.173,0,0.174,0.985,-0.995,0.097,-0.017],"_shiftlockState":false,"_pose":"FreeFall","_animationQueue":[],"_animationSpeed":1,"_zoom":19.75},{"_mousePosition":[668,424],"_rootPartCFrame":[758.271,227.822,46.739,-0.027,0,1,0,1,0,-1,0,-0.027],"_humanoidState":5,"_cameraCFrame":[761.682,248.772,46.384,-0.104,-0.98,0.173,0,0.174,0.985,-0.995,0.102,-0.018],"_shiftlockState":false,"_pose":"FreeFall","_animationQueue":[],"_animationSpeed":1,"_zoom":19.75},{"_mousePosition":[668,424],"_rootPartCFrame":[758.005,228.262,46.765,-0.037,0,0.999,0,1,0,-0.999,0,-0.037],"_humanoidState":5,"_cameraCFrame":[761.416,249.212,46.401,-0.106,-0.979,0.173,0,0.174,0.985,-0.994,0.104,-0.018],"_shiftlockState":false,"_pose":"FreeFall","_animationQueue":[],"_animationSpeed":1,"_zoom":19.75},{"_mousePosition":[668,424],"_rootPartCFrame":[757.74,228.648,46.792,-0.046,0,0.999,0,1,0,-0.999,0,-0.046],"_humanoidState":5,"_cameraCFrame":[761.151,249.598,46.428,-0.106,-0.979,0.173,0,0.174,0.985,-0.994,0.104,-0.018],"_shiftlockState":false,"_pose":"FreeFall","_animationQueue":[],"_animationSpeed":1,"_zoom":19.75},{"_mousePosition":[668,424],"_rootPartCFrame":[757.475,228.98,46.82,-0.054,0,0.999,0,1,0,-0.999,0,-0.054],"_humanoidState":5,"_cameraCFrame":[760.885,249.93,46.457,-0.106,-0.979,0.173,0,0.174,0.985,-0.994,0.104,-0.018],"_shiftlockState":false,"_pose":"FreeFall","_animationQueue":[],"_animationSpeed":1,"_zoom":19.75},{"_mousePosition":[668,424],"_rootPartCFrame":[757.21,229.257,46.849,-0.062,0,0.998,0,1,0,-0.998,0,-0.062],"_humanoidState":5,"_cameraCFrame":[760.62,250.207,46.485,-0.106,-0.979,0.173,0,0.174,0.985,-0.994,0.104,-0.018],"_shiftlockState":false,"_pose":"FreeFall","_animationQueue":[],"_animationSpeed":1,"_zoom":19.75},{"_mousePosition":[668,424],"_rootPartCFrame":[756.945,229.479,46.877,-0.068,0,0.998,0,1,0,-0.998,0,-0.068],"_humanoidState":5,"_cameraCFrame":[760.355,250.429,46.513,-0.106,-0.979,0.173,0,0.174,0.985,-0.994,0.104,-0.018],"_shiftlockState":false,"_pose":"FreeFall","_animationQueue":[],"_animationSpeed":1,"_zoom":19.75},{"_mousePosition":[668,424],"_rootPartCFrame":[756.68,229.647,46.905,-0.073,0,0.997,0,1,0,-0.997,0,-0.073],"_humanoidState":5,"_cameraCFrame":[760.09,250.597,46.541,-0.106,-0.979,0.173,0,0.174,0.985,-0.994,0.104,-0.018],"_shiftlockState":false,"_pose":"FreeFall","_animationQueue":[],"_animationSpeed":1,"_zoom":19.75},{"_mousePosition":[668,424],"_rootPartCFrame":[756.415,229.761,46.934,-0.078,0,0.997,0,1,0,-0.997,0,-0.078],"_humanoidState":5,"_cameraCFrame":[759.825,250.711,46.57,-0.106,-0.979,0.173,0,0.174,0.985,-0.994,0.104,-0.018],"_shiftlockState":false,"_pose":"FreeFall","_animationQueue":[],"_animationSpeed":1,"_zoom":19.75},{"_mousePosition":[668,424],"_rootPartCFrame":[756.149,229.82,46.962,-0.082,0,0.997,0,1,0,-0.997,0,-0.082],"_humanoidState":5,"_cameraCFrame":[759.56,250.77,46.598,-0.106,-0.979,0.173,0,0.174,0.985,-0.994,0.104,-0.018],"_shiftlockState":false,"_pose":"FreeFall","_animationQueue":[],"_animationSpeed":1,"_zoom":19.75},{"_mousePosition":[668,424],"_rootPartCFrame":[755.884,229.824,46.99,-0.085,0,0.996,0,1,0,-0.996,0,-0.085],"_humanoidState":5,"_cameraCFrame":[759.295,250.774,46.626,-0.106,-0.979,0.173,0,0.174,0.985,-0.994,0.104,-0.018],"_shiftlockState":false,"_pose":"FreeFall","_animationQueue":[],"_animationSpeed":1,"_zoom":19.75},{"_mousePosition":[668,424],"_rootPartCFrame":[755.619,229.775,47.018,-0.088,0,0.996,0,1,0,-0.996,0,-0.088],"_humanoidState":5,"_cameraCFrame":[759.029,250.724,46.655,-0.106,-0.979,0.173,0,0.174,0.985,-0.994,0.104,-0.018],"_shiftlockState":false,"_pose":"FreeFall","_animationQueue":[],"_animationSpeed":1,"_zoom":19.75},{"_mousePosition":[668,424],"_rootPartCFrame":[755.354,229.67,47.047,-0.091,0,0.996,0,1,0,-0.996,0,-0.091],"_humanoidState":5,"_cameraCFrame":[758.764,250.62,46.683,-0.106,-0.979,0.173,0,0.174,0.985,-0.994,0.104,-0.018],"_shiftlockState":false,"_pose":"FreeFall","_animationQueue":[],"_animationSpeed":1,"_zoom":19.75},{"_mousePosition":[668,424],"_rootPartCFrame":[755.089,229.511,47.075,-0.093,0,0.996,0,1,0,-0.996,0,-0.093],"_humanoidState":5,"_cameraCFrame":[758.499,250.461,46.711,-0.106,-0.979,0.173,0,0.174,0.985,-0.994,0.104,-0.018],"_shiftlockState":false,"_pose":"FreeFall","_animationQueue":[],"_animationSpeed":1,"_zoom":19.75},{"_mousePosition":[668,424],"_rootPartCFrame":[754.824,229.298,47.103,-0.095,0,0.995,0,1,0,-0.995,0,-0.095],"_humanoidState":5,"_cameraCFrame":[758.234,250.248,46.74,-0.106,-0.979,0.173,0,0.174,0.985,-0.994,0.104,-0.018],"_shiftlockState":false,"_pose":"FreeFall","_animationQueue":[],"_animationSpeed":1,"_zoom":19.75},{"_mousePosition":[668,424],"_rootPartCFrame":[754.559,229.03,47.132,-0.096,0,0.995,0,1,0,-0.995,0,-0.096],"_humanoidState":5,"_cameraCFrame":[757.969,249.98,46.768,-0.106,-0.979,0.173,0,0.174,0.985,-0.994,0.104,-0.018],"_shiftlockState":false,"_pose":"FreeFall","_animationQueue":[["fall",0.3]],"_animationSpeed":1,"_zoom":19.75},{"_mousePosition":[668,424],"_rootPartCFrame":[754.294,228.707,47.16,-0.098,0,0.995,0,1,0,-0.995,0,-0.098],"_humanoidState":5,"_cameraCFrame":[757.704,249.657,46.796,-0.106,-0.979,0.173,0,0.174,0.985,-0.994,0.104,-0.018],"_shiftlockState":false,"_pose":"FreeFall","_animationQueue":[],"_animationSpeed":1,"_zoom":19.75},{"_mousePosition":[668,424],"_rootPartCFrame":[754.028,228.33,47.188,-0.099,0,0.995,0,1,0,-0.995,0,-0.099],"_humanoidState":5,"_cameraCFrame":[757.439,249.28,46.824,-0.106,-0.979,0.173,0,0.174,0.985,-0.994,0.104,-0.018],"_shiftlockState":false,"_pose":"FreeFall","_animationQueue":[],"_animationSpeed":1,"_zoom":19.75},{"_mousePosition":[668,424],"_rootPartCFrame":[753.763,227.899,47.217,-0.1,0,0.995,0,1,0,-0.995,0,-0.1],"_humanoidState":5,"_cameraCFrame":[757.173,248.849,46.853,-0.106,-0.979,0.173,0,0.174,0.985,-0.994,0.104,-0.018],"_shiftlockState":false,"_pose":"FreeFall","_animationQueue":[],"_animationSpeed":1,"_zoom":19.75},{"_mousePosition":[668,424],"_rootPartCFrame":[753.498,227.413,47.245,-0.101,0,0.995,0,1,0,-0.995,0,-0.101],"_humanoidState":5,"_cameraCFrame":[756.908,248.363,46.881,-0.106,-0.979,0.173,0,0.174,0.985,-0.994,0.104,-0.018],"_shiftlockState":false,"_pose":"FreeFall","_animationQueue":[],"_animationSpeed":1,"_zoom":19.75},{"_mousePosition":[668,424],"_rootPartCFrame":[753.233,226.872,47.273,-0.102,0,0.995,0,1,0,-0.995,0,-0.102],"_humanoidState":5,"_cameraCFrame":[756.644,247.822,46.918,-0.104,-0.98,0.173,0,0.174,0.985,-0.995,0.102,-0.018],"_shiftlockState":false,"_pose":"FreeFall","_animationQueue":[],"_animationSpeed":1,"_zoom":19.75},{"_mousePosition":[668,424],"_rootPartCFrame":[752.902,226.12,47.308,-0.102,0,0.995,0,1,0,-0.995,0,-0.102],"_humanoidState":5,"_cameraCFrame":[756.314,247.07,46.962,-0.101,-0.98,0.173,0,0.174,0.985,-0.995,0.1,-0.018],"_shiftlockState":false,"_pose":"FreeFall","_animationQueue":[["fall",0.3]],"_animationSpeed":1,"_zoom":19.75},{"_mousePosition":[668,424],"_rootPartCFrame":[752.704,225.628,47.329,-0.103,0,0.995,0,1,0,-0.995,0,-0.103],"_humanoidState":7,"_cameraCFrame":[756.117,246.578,46.991,-0.099,-0.98,0.173,0,0.174,0.985,-0.995,0.097,-0.017],"_shiftlockState":false,"_pose":"FreeFall","_animationQueue":[["walk",0.1],["fall",0.3],["fall",0.3]],"_animationSpeed":1,"_zoom":19.75},{"_mousePosition":[668,424],"_rootPartCFrame":[752.443,224.924,47.356,-0.103,0,0.995,0,1,0,-0.995,0,-0.103],"_humanoidState":7,"_cameraCFrame":[755.855,245.874,47.018,-0.099,-0.98,0.173,0,0.174,0.985,-0.995,0.097,-0.017],"_shiftlockState":false,"_pose":"FreeFall","_animationQueue":[],"_animationSpeed":1,"_zoom":19.75},{"_mousePosition":[668,424],"_rootPartCFrame":[752.178,224.597,47.382,-0.102,0,0.995,0,1,0,-0.995,0,-0.102],"_humanoidState":7,"_cameraCFrame":[755.591,245.547,47.044,-0.099,-0.98,0.173,0,0.174,0.985,-0.995,0.097,-0.017],"_shiftlockState":false,"_pose":"FreeFall","_animationQueue":[],"_animationSpeed":1,"_zoom":19.75},{"_mousePosition":[668,424],"_rootPartCFrame":[751.933,224.626,47.406,-0.102,0,0.995,0,1,0,-0.995,0,-0.102],"_humanoidState":8,"_cameraCFrame":[755.347,245.576,47.077,-0.096,-0.98,0.173,0,0.174,0.985,-0.995,0.095,-0.017],"_shiftlockState":false,"_pose":"Running","_animationQueue":[["walk",0.1],["fall",0.3],["walk",0.1]],"_animationSpeed":1.103,"_zoom":19.75},{"_mousePosition":[668,424],"_rootPartCFrame":[751.703,224.63,47.429,-0.101,0,0.995,0,1,0,-0.995,0,-0.101],"_humanoidState":8,"_cameraCFrame":[755.117,245.58,47.1,-0.096,-0.98,0.173,0,0.174,0.985,-0.995,0.095,-0.017],"_shiftlockState":false,"_pose":"Running","_animationQueue":[["walk",0.1]],"_animationSpeed":1.006,"_zoom":19.75},{"_mousePosition":[668,424],"_rootPartCFrame":[751.492,224.537,47.449,-0.101,0,0.995,0,1,0,-0.995,0,-0.101],"_humanoidState":8,"_cameraCFrame":[754.906,245.487,47.12,-0.096,-0.98,0.173,0,0.174,0.985,-0.995,0.095,-0.017],"_shiftlockState":false,"_pose":"Running","_animationQueue":[["walk",0.1]],"_animationSpeed":0.952,"_zoom":19.75},{"_mousePosition":[668,424],"_rootPartCFrame":[751.275,224.39,47.47,-0.1,0,0.995,0,1,0,-0.995,0,-0.1],"_humanoidState":8,"_cameraCFrame":[754.689,245.34,47.15,-0.094,-0.98,0.173,0,0.174,0.985,-0.996,0.092,-0.016],"_shiftlockState":false,"_pose":"Running","_animationQueue":[["walk",0.1]],"_animationSpeed":0.872,"_zoom":19.75},{"_mousePosition":[668,424],"_rootPartCFrame":[750.975,224.066,47.499,-0.099,0,0.995,0,1,0,-0.995,0,-0.099],"_humanoidState":8,"_cameraCFrame":[754.39,245.016,47.187,-0.091,-0.981,0.173,0,0.174,0.985,-0.996,0.09,-0.016],"_shiftlockState":false,"_pose":"Running","_animationQueue":[["walk",0.1]],"_animationSpeed":0.872,"_zoom":19.75},{"_mousePosition":[668,424],"_rootPartCFrame":[750.88,224.038,47.508,-0.099,0,0.995,0,1,0,-0.995,0,-0.099],"_humanoidState":8,"_cameraCFrame":[754.297,244.988,47.214,-0.086,-0.981,0.173,0,0.174,0.985,-0.996,0.085,-0.015],"_shiftlockState":false,"_pose":"Running","_animationQueue":[["walk",0.1]],"_animationSpeed":0.826,"_zoom":19.75},{"_mousePosition":[668,424],"_rootPartCFrame":[750.702,223.941,47.525,-0.098,0,0.995,0,1,0,-0.995,0,-0.098],"_humanoidState":8,"_cameraCFrame":[754.12,244.891,47.247,-0.081,-0.982,0.173,0,0.174,0.985,-0.997,0.08,-0.014],"_shiftlockState":false,"_pose":"Running","_animationQueue":[],"_animationSpeed":0.826,"_zoom":19.75},{"_mousePosition":[668,424],"_rootPartCFrame":[750.552,223.789,47.538,-0.096,0,0.995,0,1,0,-0.995,0,-0.096],"_humanoidState":8,"_cameraCFrame":[753.972,244.739,47.278,-0.076,-0.982,0.173,0,0.174,0.985,-0.997,0.075,-0.013],"_shiftlockState":false,"_pose":"Running","_animationQueue":[["walk",0.1]],"_animationSpeed":0.737,"_zoom":19.75},{"_mousePosition":[668,424],"_rootPartCFrame":[750.401,223.669,47.55,-0.094,0,0.996,0,1,0,-0.996,0,-0.094],"_humanoidState":8,"_cameraCFrame":[753.822,244.619,47.307,-0.071,-0.982,0.173,0,0.174,0.985,-0.997,0.07,-0.012],"_shiftlockState":false,"_pose":"Running","_animationQueue":[["walk",0.1]],"_animationSpeed":0.615,"_zoom":19.75},{"_mousePosition":[668,424],"_rootPartCFrame":[750.276,223.578,47.56,-0.092,0,0.996,0,1,0,-0.996,0,-0.092],"_humanoidState":8,"_cameraCFrame":[753.736,244.521,47.332,-0.066,-0.982,0.175,0,0.176,0.984,-0.998,0.065,-0.012],"_shiftlockState":false,"_pose":"Running","_animationQueue":[],"_animationSpeed":0.615,"_zoom":19.75},{"_mousePosition":[668,424],"_rootPartCFrame":[750.153,224.441,47.569,-0.089,0,0.996,0,1,0,-0.996,0,-0.089],"_humanoidState":3,"_cameraCFrame":[753.651,245.377,47.356,-0.061,-0.982,0.177,0,0.177,0.984,-0.998,0.06,-0.011],"_shiftlockState":false,"_pose":"Jumping","_animationQueue":[["walk",0.1],["jump",0.1]],"_animationSpeed":1,"_zoom":19.75},{"_mousePosition":[668,424],"_rootPartCFrame":[750.005,225.249,47.58,-0.086,0,0.996,0,1,0,-0.996,0,-0.086],"_humanoidState":5,"_cameraCFrame":[753.542,246.179,47.383,-0.056,-0.982,0.179,0,0.179,0.984,-0.998,0.055,-0.01],"_shiftlockState":false,"_pose":"FreeFall","_animationQueue":[["jump",0.1]],"_animationSpeed":1,"_zoom":19.75},{"_mousePosition":[668,424],"_rootPartCFrame":[749.817,226.003,47.592,-0.083,0,0.997,0,1,0,-0.997,0,-0.083],"_humanoidState":5,"_cameraCFrame":[753.393,246.926,47.411,-0.051,-0.982,0.181,0,0.181,0.983,-0.999,0.05,-0.009],"_shiftlockState":false,"_pose":"FreeFall","_animationQueue":[],"_animationSpeed":1,"_zoom":19.75},{"_mousePosition":[668,424],"_rootPartCFrame":[749.59,226.703,47.606,-0.08,0,0.997,0,1,0,-0.997,0,-0.08],"_humanoidState":5,"_cameraCFrame":[753.166,247.625,47.434,-0.048,-0.982,0.181,0,0.181,0.983,-0.999,0.047,-0.009],"_shiftlockState":false,"_pose":"FreeFall","_animationQueue":[],"_animationSpeed":1,"_zoom":19.75},{"_mousePosition":[668,424],"_rootPartCFrame":[749.329,227.348,47.62,-0.076,0,0.997,0,1,0,-0.997,0,-0.076],"_humanoidState":5,"_cameraCFrame":[752.944,248.263,47.455,-0.046,-0.982,0.183,0,0.183,0.983,-0.999,0.045,-0.008],"_shiftlockState":false,"_pose":"FreeFall","_animationQueue":[],"_animationSpeed":1,"_zoom":19.75},{"_mousePosition":[668,424],"_rootPartCFrame":[749.062,227.938,47.633,-0.072,0,0.997,0,1,0,-0.997,0,-0.072],"_humanoidState":5,"_cameraCFrame":[752.678,248.854,47.468,-0.046,-0.982,0.183,0,0.183,0.983,-0.999,0.045,-0.008],"_shiftlockState":false,"_pose":"FreeFall","_animationQueue":[],"_animationSpeed":1,"_zoom":19.75},{"_mousePosition":[668,424],"_rootPartCFrame":[748.796,228.474,47.645,-0.068,0,0.998,0,1,0,-0.998,0,-0.068],"_humanoidState":5,"_cameraCFrame":[752.411,249.389,47.48,-0.046,-0.982,0.183,0,0.183,0.983,-0.999,0.045,-0.008],"_shiftlockState":false,"_pose":"FreeFall","_animationQueue":[],"_animationSpeed":1,"_zoom":19.75},{"_mousePosition":[668,424],"_rootPartCFrame":[748.53,228.955,47.657,-0.065,0,0.998,0,1,0,-0.998,0,-0.065],"_humanoidState":5,"_cameraCFrame":[752.145,249.871,47.493,-0.046,-0.982,0.183,0,0.183,0.983,-0.999,0.045,-0.008],"_shiftlockState":false,"_pose":"FreeFall","_animationQueue":[],"_animationSpeed":1,"_zoom":19.75},{"_mousePosition":[668,424],"_rootPartCFrame":[748.263,229.382,47.67,-0.062,0,0.998,0,1,0,-0.998,0,-0.062],"_humanoidState":5,"_cameraCFrame":[751.878,250.298,47.505,-0.046,-0.982,0.183,0,0.183,0.983,-0.999,0.045,-0.008],"_shiftlockState":false,"_pose":"FreeFall","_animationQueue":[],"_animationSpeed":1,"_zoom":19.75},{"_mousePosition":[668,424],"_rootPartCFrame":[747.997,229.754,47.682,-0.06,0,0.998,0,1,0,-0.998,0,-0.06],"_humanoidState":5,"_cameraCFrame":[751.612,250.67,47.517,-0.046,-0.982,0.183,0,0.183,0.983,-0.999,0.045,-0.008],"_shiftlockState":false,"_pose":"FreeFall","_animationQueue":[],"_animationSpeed":1,"_zoom":19.75},{"_mousePosition":[668,424],"_rootPartCFrame":[747.731,230.072,47.694,-0.058,0,0.998,0,1,0,-0.998,0,-0.058],"_humanoidState":5,"_cameraCFrame":[751.346,250.988,47.529,-0.046,-0.982,0.183,0,0.183,0.983,-0.999,0.045,-0.008],"_shiftlockState":false,"_pose":"FreeFall","_animationQueue":[],"_animationSpeed":1,"_zoom":19.75},{"_mousePosition":[668,424],"_rootPartCFrame":[747.464,230.336,47.706,-0.056,0,0.998,0,1,0,-0.998,0,-0.056],"_humanoidState":5,"_cameraCFrame":[751.079,251.251,47.541,-0.046,-0.982,0.183,0,0.183,0.983,-0.999,0.045,-0.008],"_shiftlockState":false,"_pose":"FreeFall","_animationQueue":[],"_animationSpeed":1,"_zoom":19.75},{"_mousePosition":[668,424],"_rootPartCFrame":[747.198,230.545,47.718,-0.055,0,0.998,0,1,0,-0.998,0,-0.055],"_humanoidState":5,"_cameraCFrame":[750.813,251.46,47.553,-0.046,-0.982,0.183,0,0.183,0.983,-0.999,0.045,-0.008],"_shiftlockState":false,"_pose":"FreeFall","_animationQueue":[],"_animationSpeed":1,"_zoom":19.75},{"_mousePosition":[668,424],"_rootPartCFrame":[746.932,230.699,47.73,-0.053,0,0.999,0,1,0,-0.999,0,-0.053],"_humanoidState":5,"_cameraCFrame":[750.547,251.615,47.565,-0.046,-0.982,0.183,0,0.183,0.983,-0.999,0.045,-0.008],"_shiftlockState":false,"_pose":"FreeFall","_animationQueue":[],"_animationSpeed":1,"_zoom":19.75},{"_mousePosition":[668,424],"_rootPartCFrame":[746.665,230.799,47.742,-0.052,0,0.999,0,1,0,-0.999,0,-0.052],"_humanoidState":5,"_cameraCFrame":[750.28,251.715,47.568,-0.048,-0.982,0.183,0,0.183,0.983,-0.999,0.047,-0.009],"_shiftlockState":false,"_pose":"FreeFall","_animationQueue":[],"_animationSpeed":1,"_zoom":19.75},{"_mousePosition":[668,424],"_rootPartCFrame":[746.399,230.844,47.755,-0.051,0,0.999,0,1,0,-0.999,0,-0.051],"_humanoidState":5,"_cameraCFrame":[750.012,251.76,47.553,-0.056,-0.982,0.183,0,0.183,0.983,-0.998,0.055,-0.01],"_shiftlockState":false,"_pose":"FreeFall","_animationQueue":[],"_animationSpeed":1,"_zoom":19.75},{"_mousePosition":[668,424],"_rootPartCFrame":[746.133,230.835,47.767,-0.051,0,0.999,0,1,0,-0.999,0,-0.051],"_humanoidState":5,"_cameraCFrame":[749.745,251.751,47.548,-0.061,-0.981,0.183,0,0.183,0.983,-0.998,0.06,-0.011],"_shiftlockState":false,"_pose":"FreeFall","_animationQueue":[],"_animationSpeed":1,"_zoom":19.75},{"_mousePosition":[668,424],"_rootPartCFrame":[745.866,230.772,47.782,-0.051,0,0.999,0,1,0,-0.999,0,-0.051],"_humanoidState":5,"_cameraCFrame":[749.477,251.687,47.544,-0.066,-0.981,0.183,0,0.183,0.983,-0.998,0.065,-0.012],"_shiftlockState":false,"_pose":"FreeFall","_animationQueue":[],"_animationSpeed":1,"_zoom":19.75},{"_mousePosition":[668,424],"_rootPartCFrame":[745.6,230.654,47.798,-0.052,0,0.999,0,1,0,-0.999,0,-0.052],"_humanoidState":5,"_cameraCFrame":[749.211,251.569,47.551,-0.068,-0.981,0.183,0,0.183,0.983,-0.998,0.067,-0.013],"_shiftlockState":false,"_pose":"FreeFall","_animationQueue":[],"_animationSpeed":1,"_zoom":19.75},{"_mousePosition":[668,424],"_rootPartCFrame":[745.334,230.481,47.815,-0.054,0,0.999,0,1,0,-0.999,0,-0.054],"_humanoidState":5,"_cameraCFrame":[748.944,251.397,47.559,-0.071,-0.981,0.183,0,0.183,0.983,-0.997,0.07,-0.013],"_shiftlockState":false,"_pose":"FreeFall","_animationQueue":[],"_animationSpeed":1,"_zoom":19.75},{"_mousePosition":[668,424],"_rootPartCFrame":[745.068,230.254,47.833,-0.056,0,0.998,0,1,0,-0.998,0,-0.056],"_humanoidState":5,"_cameraCFrame":[748.678,251.169,47.577,-0.071,-0.981,0.183,0,0.183,0.983,-0.997,0.07,-0.013],"_shiftlockState":false,"_pose":"FreeFall","_animationQueue":[],"_animationSpeed":1,"_zoom":19.75},{"_mousePosition":[668,424],"_rootPartCFrame":[744.802,229.972,47.852,-0.058,0,0.998,0,1,0,-0.998,0,-0.058],"_humanoidState":5,"_cameraCFrame":[748.411,250.888,47.596,-0.071,-0.981,0.183,0,0.183,0.983,-0.997,0.07,-0.013],"_shiftlockState":false,"_pose":"FreeFall","_animationQueue":[],"_animationSpeed":1,"_zoom":19.75},{"_mousePosition":[668,424],"_rootPartCFrame":[744.536,229.636,47.871,-0.059,0,0.998,0,1,0,-0.998,0,-0.059],"_humanoidState":5,"_cameraCFrame":[748.145,250.552,47.606,-0.073,-0.98,0.183,0,0.183,0.983,-0.997,0.072,-0.013],"_shiftlockState":false,"_pose":"FreeFall","_animationQueue":[["fall",0.3]],"_animationSpeed":1,"_zoom":19.75},{"_mousePosition":[668,424],"_rootPartCFrame":[744.269,229.246,47.89,-0.061,0,0.998,0,1,0,-0.998,0,-0.061],"_humanoidState":5,"_cameraCFrame":[747.877,250.161,47.606,-0.078,-0.98,0.183,0,0.183,0.983,-0.997,0.077,-0.014],"_shiftlockState":false,"_pose":"FreeFall","_animationQueue":[],"_animationSpeed":1,"_zoom":19.75},{"_mousePosition":[668,424],"_rootPartCFrame":[744.004,228.8,47.909,-0.063,0,0.998,0,1,0,-0.998,0,-0.063],"_humanoidState":5,"_cameraCFrame":[747.611,249.716,47.616,-0.081,-0.98,0.183,0,0.183,0.983,-0.997,0.08,-0.015],"_shiftlockState":false,"_pose":"FreeFall","_animationQueue":[],"_animationSpeed":1,"_zoom":1