[{"_mousePosition":[613,254],"_rootPartCFrame":[776.035,222.7,47.142,-0.001,0,1,0,1,0,-1,0,-0.001],"_humanoidState":8,"_cameraCFrame":[783.136,242.628,46.997,-0.021,-0.933,0.36,0,0.36,0.933,-1,0.019,-0.007],"_shiftlockState":false,"_pose":"Standing","_animationQueue":[],"_animationSpeed":1,"_zoom":19.75},{"_mousePosition":[613,254],"_rootPartCFrame":[775.863,222.7,47.146,-0.003,0,1,0,1,0,-1,0,-0.003],"_humanoidState":8,"_cameraCFrame":[782.964,242.628,47,-0.021,-0.933,0.36,0,0.36,0.933,-1,0.019,-0.007],"_shiftlockState":false,"_pose":"Standing","_animationQueue":[],"_animationSpeed":1,"_zoom":19.75},{"_mousePosition":[613,254],"_rootPartCFrame":[775.598,222.7,47.151,-0.006,0,1,0,1,0,-1,0,-0.006],"_humanoidState":8,"_cameraCFrame":[782.7,242.628,47.006,-0.021,-0.933,0.36,0,0.36,0.933,-1,0.019,-0.007],"_shiftlockState":false,"_pose":"Running","_animationQueue":[["walk",0.1]],"_animationSpeed":1.003,"_zoom":19.75},{"_mousePosition":[613,254],"_rootPartCFrame":[775.332,222.7,47.157,-0.008,0,1,0,1,0,-1,0,-0.008],"_humanoidState":8,"_cameraCFrame":[782.433,242.628,47.011,-0.021,-0.933,0.36,0,0.36,0.933,-1,0.019,-0.007],"_shiftlockState":false,"_pose":"Running","_animationQueue":[["walk",0.1],["walk",0.1]],"_animationSpeed":1.101,"_zoom":19.75},{"_mousePosition":[613,254],"_rootPartCFrame":[775.065,222.7,47.162,-0.009,0,1,0,1,0,-1,0,-0.009],"_humanoidState":8,"_cameraCFrame":[782.166,242.628,47.016,-0.021,-0.933,0.36,0,0.36,0.933,-1,0.019,-0.007],"_shiftlockState":false,"_pose":"Running","_animationQueue":[],"_animationSpeed":1.101,"_zoom":19.75},{"_mousePosition":[613,254],"_rootPartCFrame":[774.799,222.7,47.168,-0.011,0,1,0,1,0,-1,0,-0.011],"_humanoidState":8,"_cameraCFrame":[781.9,242.628,47.022,-0.021,-0.933,0.36,0,0.36,0.933,-1,0.019,-0.007],"_shiftlockState":false,"_pose":"Running","_animationQueue":[],"_animationSpeed":1.101,"_zoom":19.75},{"_mousePosition":[613,254],"_rootPartCFrame":[774.532,222.7,47.173,-0.012,0,1,0,1,0,-1,0,-0.012],"_humanoidState":8,"_cameraCFrame":[781.633,242.628,47.027,-0.021,-0.933,0.36,0,0.36,0.933,-1,0.019,-0.007],"_shiftlockState":false,"_pose":"Running","_animationQueue":[],"_animationSpeed":1.101,"_zoom":19.75},{"_mousePosition":[613,254],"_rootPartCFrame":[774.265,222.7,47.179,-0.013,0,1,0,1,0,-1,0,-0.013],"_humanoidState":8,"_cameraCFrame":[781.367,242.628,47.033,-0.021,-0.933,0.36,0,0.36,0.933,-1,0.019,-0.007],"_shiftlockState":false,"_pose":"Running","_animationQueue":[],"_animationSpeed":1.101,"_zoom":19.75},{"_mousePosition":[613,254],"_rootPartCFrame":[773.999,222.7,47.184,-0.014,0,1,0,1,0,-1,0,-0.014],"_humanoidState":8,"_cameraCFrame":[781.1,242.628,47.038,-0.021,-0.933,0.36,0,0.36,0.933,-1,0.019,-0.007],"_shiftlockState":false,"_pose":"Running","_animationQueue":[],"_animationSpeed":1.101,"_zoom":19.75},{"_mousePosition":[613,254],"_rootPartCFrame":[773.732,222.7,47.19,-0.015,0,1,0,1,0,-1,0,-0.015],"_humanoidState":8,"_cameraCFrame":[780.833,242.628,47.044,-0.021,-0.933,0.36,0,0.36,0.933,-1,0.019,-0.007],"_shiftlockState":false,"_pose":"Running","_animationQueue":[],"_animationSpeed":1.101,"_zoom":19.75},{"_mousePosition":[613,254],"_rootPartCFrame":[773.466,222.7,47.195,-0.016,0,1,0,1,0,-1,0,-0.016],"_humanoidState":8,"_cameraCFrame":[780.567,242.628,47.049,-0.021,-0.933,0.36,0,0.36,0.933,-1,0.019,-0.007],"_shiftlockState":false,"_pose":"Running","_animationQueue":[["walk",0.1]],"_animationSpeed":1.101,"_zoom":19.75},{"_mousePosition":[613,254],"_rootPartCFrame":[773.199,222.7,47.201,-0.016,0,1,0,1,0,-1,0,-0.016],"_humanoidState":8,"_cameraCFrame":[780.3,242.628,47.055,-0.021,-0.933,0.36,0,0.36,0.933,-1,0.019,-0.007],"_shiftlockState":false,"_pose":"Running","_animationQueue":[],"_animationSpeed":1.101,"_zoom":19.75},{"_mousePosition":[613,254],"_rootPartCFrame":[772.932,222.7,47.206,-0.017,0,1,0,1,0,-1,0,-0.017],"_humanoidState":8,"_cameraCFrame":[780.034,242.628,47.06,-0.021,-0.933,0.36,0,0.36,0.933,-1,0.019,-0.007],"_shiftlockState":false,"_pose":"Running","_animationQueue":[],"_animationSpeed":1.101,"_zoom":19.75},{"_mousePosition":[613,254],"_rootPartCFrame":[772.666,222.7,47.211,-0.018,0,1,0,1,0,-1,0,-0.018],"_humanoidState":8,"_cameraCFrame":[779.767,242.628,47.066,-0.021,-0.933,0.36,0,0.36,0.933,-1,0.019,-0.007],"_shiftlockState":false,"_pose":"Running","_animationQueue":[],"_animationSpeed":1.101,"_zoom":19.75},{"_mousePosition":[613,254],"_rootPartCFrame":[772.399,222.7,47.217,-0.018,0,1,0,1,0,-1,0,-0.018],"_humanoidState":8,"_cameraCFrame":[779.5,242.628,47.071,-0.021,-0.933,0.36,0,0.36,0.933,-1,0.019,-0.007],"_shiftlockState":false,"_pose":"Running","_animationQueue":[],"_animationSpeed":1.101,"_zoom":19.75},{"_mousePosition":[613,254],"_rootPartCFrame":[772.133,222.7,47.222,-0.018,0,1,0,1,0,-1,0,-0.018],"_humanoidState":8,"_cameraCFrame":[779.234,242.628,47.077,-0.021,-0.933,0.36,0,0.36,0.933,-1,0.019,-0.007],"_shiftlockState":false,"_pose":"Running","_animationQueue":[],"_animationSpeed":1.101,"_zoom":19.75},{"_mousePosition":[613,254],"_rootPartCFrame":[771.866,222.7,47.228,-0.019,0,1,0,1,0,-1,0,-0.019],"_humanoidState":8,"_cameraCFrame":[778.967,242.628,47.082,-0.021,-0.933,0.36,0,0.36,0.933,-1,0.019,-0.007],"_shiftlockState":false,"_pose":"Running","_animationQueue":[],"_animationSpeed":1.101,"_zoom":19.75},{"_mousePosition":[613,254],"_rootPartCFrame":[771.599,223.573,47.233,-0.019,0,1,0,1,0,-1,0,-0.019],"_humanoidState":3,"_cameraCFrame":[778.701,243.501,47.088,-0.021,-0.933,0.36,0,0.36,0.933,-1,0.019,-0.007],"_shiftlockState":false,"_pose":"Jumping","_animationQueue":[["walk",0.1],["walk",0.1],["jump",0.1]],"_animationSpeed":1,"_zoom":19.75},{"_mousePosition":[613,254],"_rootPartCFrame":[771.333,224.395,47.239,-0.019,0,1,0,1,0,-1,0,-0.019],"_humanoidState":5,"_cameraCFrame":[778.434,244.323,47.093,-0.021,-0.933,0.36,0,0.36,0.933,-1,0.019,-0.007],"_shiftlockState":false,"_pose":"FreeFall","_animationQueue":[["jump",0.1]],"_animationSpeed":1,"_zoom":19.75},{"_mousePosition":[613,254],"_rootPartCFrame":[771.066,225.162,47.244,-0.019,0,1,0,1,0,-1,0,-0.019],"_humanoidState":5,"_cameraCFrame":[778.167,245.091,47.099,-0.021,-0.933,0.36,0,0.36,0.933,-1,0.019,-0.007],"_shiftlockState":false,"_pose":"FreeFall","_animationQueue":[],"_animationSpeed":1,"_zoom":19.75},{"_mousePosition":[613,254],"_rootPartCFrame":[770.799,225.875,47.25,-0.019,0,1,0,1,0,-1,0,-0.019],"_humanoidState":5,"_cameraCFrame":[777.901,245.804,47.104,-0.021,-0.933,0.36,0,0.36,0.933,-1,0.019,-0.007],"_shiftlockState":false,"_pose":"FreeFall","_animationQueue":[],"_animationSpeed":1,"_zoom":19.75},{"_mousePosition":[613,254],"_rootPartCFrame":[770.533,226.534,47.255,-0.02,0,1,0,1,0,-1,0,-0.02],"_humanoidState":5,"_cameraCFrame":[777.634,246.462,47.11,-0.021,-0.933,0.36,0,0.36,0.933,-1,0.019,-0.007],"_shiftlockState":false,"_pose":"FreeFall","_animationQueue":[],"_animationSpeed":1,"_zoom":19.75},{"_mousePosition":[613,254],"_rootPartCFrame":[770.266,227.138,47.261,-0.02,0,1,0,1,0,-1,0,-0.02],"_humanoidState":5,"_cameraCFrame":[777.368,247.066,47.115,-0.021,-0.933,0.36,0,0.36,0.933,-1,0.019,-0.007],"_shiftlockState":false,"_pose":"FreeFall","_animationQueue":[],"_animationSpeed":1,"_zoom":19.75},{"_mousePosition":[613,254],"_rootPartCFrame":[770,227.687,47.266,-0.02,0,1,0,1,0,-1,0,-0.02],"_humanoidState":5,"_cameraCFrame":[777.065,247.63,47.103,-0.023,-0.934,0.358,0,0.358,0.934,-1,0.022,-0.008],"_shiftlockState":false,"_pose":"FreeFall","_animationQueue":[],"_animationSpeed":1,"_zoom":19.75},{"_mousePosition":[613,254],"_rootPartCFrame":[769.666,228.298,47.273,-0.02,0,1,0,1,0,-1,0,-0.02],"_humanoidState":5,"_cameraCFrame":[776.731,248.24,47.11,-0.023,-0.934,0.358,0,0.358,0.934,-1,0.022,-0.008],"_shiftlockState":false,"_pose":"FreeFall","_animationQueue":[],"_animationSpeed":1,"_zoom":19.75},{"_mousePosition":[613,254],"_rootPartCFrame":[769.466,228.623,47.278,-0.02,0,1,0,1,0,-1,0,-0.02],"_humanoidState":5,"_cameraCFrame":[776.531,248.565,47.115,-0.023,-0.934,0.358,0,0.358,0.934,-1,0.022,-0.008],"_shiftlockState":false,"_pose":"FreeFall","_animationQueue":[],"_animationSpeed":1,"_zoom":19.75},{"_mousePosition":[613,254],"_rootPartCFrame":[769.2,229.009,47.284,-0.021,0,1,0,1,0,-1,0,-0.021],"_humanoidState":5,"_cameraCFrame":[776.265,248.951,47.121,-0.023,-0.934,0.358,0,0.358,0.934,-1,0.022,-0.008],"_shiftlockState":false,"_pose":"FreeFall","_animationQueue":[],"_animationSpeed":1,"_zoom":19.75},{"_mousePosition":[613,254],"_rootPartCFrame":[768.933,229.34,47.29,-0.021,0,1,0,1,0,-1,0,-0.021],"_humanoidState":5,"_cameraCFrame":[775.998,249.283,47.127,-0.023,-0.934,0.358,0,0.358,0.934,-1,0.022,-0.008],"_shiftlockState":false,"_pose":"FreeFall","_animationQueue":[],"_animationSpeed":1,"_zoom":19.75},{"_mousePosition":[613,254],"_rootPartCFrame":[768.667,229.617,47.296,-0.021,0,1,0,1,0,-1,0,-0.021],"_humanoidState":5,"_cameraCFrame":[775.732,249.56,47.133,-0.023,-0.934,0.358,0,0.358,0.934,-1,0.022,-0.008],"_shiftlockState":false,"_pose":"FreeFall","_animationQueue":[],"_animationSpeed":1,"_zoom":19.75},{"_mousePosition":[613,254],"_rootPartCFrame":[768.4,229.84,47.302,-0.021,0,1,0,1,0,-1,0,-0.021],"_humanoidState":5,"_cameraCFrame":[775.465,249.782,47.139,-0.023,-0.934,0.358,0,0.358,0.934,-1,0.022,-0.008],"_shiftlockState":false,"_pose":"FreeFall","_animationQueue":[],"_animationSpeed":1,"_zoom":19.75},{"_mousePosition":[613,254],"_rootPartCFrame":[768.133,230.008,47.308,-0.022,0,1,0,1,0,-1,0,-0.022],"_humanoidState":5,"_cameraCFrame":[775.198,249.95,47.145,-0.023,-0.934,0.358,0,0.358,0.934,-1,0.022,-0.008],"_shiftlockState":false,"_pose":"FreeFall","_animationQueue":[],"_animationSpeed":1,"_zoom":19.75},{"_mousePosition":[613,254],"_rootPartCFrame":[767.867,230.122,47.314,-0.022,0,1,0,1,0,-1,0,-0.022],"_humanoidState":5,"_cameraCFrame":[774.932,250.064,47.152,-0.023,-0.934,0.358,0,0.358,0.934,-1,0.022,-0.008],"_shiftlockState":false,"_pose":"FreeFall","_animationQueue":[],"_animationSpeed":1,"_zoom":19.75},{"_mousePosition":[613,254],"_rootPartCFrame":[767.6,230.181,47.321,-0.022,0,1,0,1,0,-1,0,-0.022],"_humanoidState":5,"_cameraCFrame":[774.665,250.123,47.158,-0.023,-0.934,0.358,0,0.358,0.934,-1,0.022,-0.008],"_shiftlockState":false,"_pose":"FreeFall","_animationQueue":[],"_animationSpeed":1,"_zoom":19.75},{"_mousePosition":[613,254],"_rootPartCFrame":[767.334,230.185,47.327,-0.022,0,1,0,1,0,-1,0,-0.022],"_humanoidState":5,"_cameraCFrame":[774.399,250.127,47.164,-0.023,-0.934,0.358,0,0.358,0.934,-1,0.022,-0.008],"_shiftlockState":false,"_pose":"FreeFall","_animationQueue":[],"_animationSpeed":1,"_zoom":19.75},{"_mousePosition":[613,254],"_rootPartCFrame":[767.067,230.135,47.333,-0.022,0,1,0,1,0,-1,0,-0.022],"_humanoidState":5,"_cameraCFrame":[774.132,250.078,47.17,-0.023,-0.934,0.358,0,0.358,0.934,-1,0.022,-0.008],"_shiftlockState":false,"_pose":"FreeFall","_animationQueue":[],"_animationSpeed":1,"_zoom":19.75},{"_mousePosition":[613,254],"_rootPartCFrame":[766.8,230.031,47.339,-0.022,0,1,0,1,0,-1,0,-0.022],"_humanoidState":5,"_cameraCFrame":[773.865,249.973,47.176,-0.023,-0.934,0.358,0,0.358,0.934,-1,0.022,-0.008],"_shiftlockState":false,"_pose":"FreeFall","_animationQueue":[],"_animationSpeed":1,"_zoom":19.75},{"_mousePosition":[613,254],"_rootPartCFrame":[766.534,229.872,47.345,-0.023,0,1,0,1,0,-1,0,-0.023],"_humanoidState":5,"_cameraCFrame":[773.599,249.814,47.182,-0.023,-0.934,0.358,0,0.358,0.934,-1,0.022,-0.008],"_shiftlockState":false,"_pose":"FreeFall","_animationQueue":[],"_animationSpeed":1,"_zoom":19.75},{"_mousePosition":[613,254],"_rootPartCFrame":[766.267,229.658,47.351,-0.023,0,1,0,1,0,-1,0,-0.023],"_humanoidState":5,"_cameraCFrame":[773.332,249.601,47.188,-0.023,-0.934,0.358,0,0.358,0.934,-1,0.022,-0.008],"_shiftlockState":false,"_pose":"FreeFall","_animationQueue":[],"_animationSpeed":1,"_zoom":19.75},{"_mousePosition":[613,254],"_rootPartCFrame":[766.001,229.39,47.358,-0.023,0,1,0,1,0,-1,0,-0.023],"_humanoidState":5,"_cameraCFrame":[773.066,249.333,47.195,-0.023,-0.934,0.358,0,0.358,0.934,-1,0.022,-0.008],"_shiftlockState":false,"_pose":"FreeFall","_animationQueue":[["fall",0.3]],"_animationSpeed":1,"_zoom":19.75},{"_mousePosition":[613,254],"_rootPartCFrame":[765.734,229.068,47.364,-0.023,0,1,0,1,0,-1,0,-0.023],"_humanoidState":5,"_cameraCFrame":[772.799,249.01,47.201,-0.023,-0.934,0.358,0,0.358,0.934,-1,0.022,-0.008],"_shiftlockState":false,"_pose":"FreeFall","_animationQueue":[],"_animationSpeed":1,"_zoom":19.75},{"_mousePosition":[613,254],"_rootPartCFrame":[765.467,228.691,47.37,-0.023,0,1,0,1,0,-1,0,-0.023],"_humanoidState":5,"_cameraCFrame":[772.532,248.633,47.207,-0.023,-0.934,0.358,0,0.358,0.934,-1,0.022,-0.008],"_shiftlockState":false,"_pose":"FreeFall","_animationQueue":[],"_animationSpeed":1,"_zoom":19.75},{"_mousePosition":[613,254],"_rootPartCFrame":[765.201,228.259,47.376,-0.023,0,1,0,1,0,-1,0,-0.023],"_humanoidState":5,"_cameraCFrame":[772.266,248.202,47.213,-0.023,-0.934,0.358,0,0.358,0.934,-1,0.022,-0.008],"_shiftlockState":false,"_pose":"FreeFall","_animationQueue":[],"_animationSpeed":1,"_zoom":19.75},{"_mousePosition":[613,254],"_rootPartCFrame":[764.934,227.773,47.382,-0.023,0,1,0,1,0,-1,0,-0.023],"_humanoidState":5,"_cameraCFrame":[771.999,247.716,47.219,-0.023,-0.934,0.358,0,0.358,0.934,-1,0.022,-0.008],"_shiftlockState":false,"_pose":"FreeFall","_animationQueue":[],"_animationSpeed":1,"_zoom":19.75},{"_mousePosition":[613,254],"_rootPartCFrame":[764.668,227.233,47.388,-0.023,0,1,0,1,0,-1,0,-0.023],"_humanoidState":5,"_cameraCFrame":[771.733,247.175,47.225,-0.023,-0.934,0.358,0,0.358,0.934,-1,0.022,-0.008],"_shiftlockState":false,"_pose":"FreeFall","_animationQueue":[],"_animationSpeed":1,"_zoom":19.75},{"_mousePosition":[613,254],"_rootPartCFrame":[764.401,226.638,47.394,-0.023,0,1,0,1,0,-1,0,-0.023],"_humanoidState":5,"_cameraCFrame":[771.466,246.58,47.232,-0.023,-0.934,0.358,0,0.358,0.934,-1,0.022,-0.008],"_shiftlockState":false,"_pose":"FreeFall","_animationQueue":[["fall",0.3]],"_animationSpeed":1,"_zoom":19.75},{"_mousePosition":[613,254],"_rootPartCFrame":[764.134,225.988,47.401,-0.023,0,1,0,1,0,-1,0,-0.023],"_humanoidState":5,"_cameraCFrame":[771.199,245.931,47.238,-0.023,-0.934,0.358,0,0.358,0.934,-1,0.022,-0.008],"_shiftlockState":false,"_pose":"FreeFall","_animationQueue":[],"_animationSpeed":1,"_zoom":19.75},{"_mousePosition":[613,254],"_rootPartCFrame":[763.868,225.284,47.407,-0.023,0,1,0,1,0,-1,0,-0.023],"_humanoidState":5,"_cameraCFrame":[770.933,245.227,47.244,-0.023,-0.934,0.358,0,0.358,0.934,-1,0.022,-0.008],"_shiftlockState":false,"_pose":"FreeFall","_animationQueue":[],"_animationSpeed":1,"_zoom":19.75},{"_mousePosition":[613,254],"_rootPartCFrame":[763.601,224.526,47.413,-0.023,0,1,0,1,0,-1,0,-0.023],"_humanoidState":5,"_cameraCFrame":[770.666,244.468,47.25,-0.023,-0.934,0.358,0,0.358,0.934,-1,0.022,-0.008],"_shiftlockState":false,"_pose":"FreeFall","_animationQueue":[],"_animationSpeed":1,"_zoom":19.75},{"_mousePosition":[613,254],"_rootPartCFrame":[763.335,223.713,47.419,-0.023,0,1,0,1,0,-1,0,-0.023],"_humanoidState":5,"_cameraCFrame":[770.4,243.655,47.256,-0.023,-0.934,0.358,0,0.358,0.934,-1,0.022,-0.008],"_shiftlockState":false,"_pose":"FreeFall","_animationQueue":[],"_animationSpeed":1,"_zoom":19.75},{"_mousePosition":[613,254],"_rootPartCFrame":[763.068,222.845,47.554,-0.023,0,1,0,1,0,-1,0,-0.023],"_humanoidState":7,"_cameraCFrame":[770.133,242.788,47.391,-0.023,-0.934,0.358,0,0.358,0.934,-1,0.022,-0.008],"_shiftlockState":false,"_pose":"FreeFall","_animationQueue":[["walk",0.1],["fall",0.3],["fall",0.3]],"_animationSpeed":1,"_zoom":19.75},{"_mousePosition":[613,254],"_rootPartCFrame":[762.801,222.433,47.864,-0.023,0,1,0,1,0,-1,0,-0.023],"_humanoidState":7,"_cameraCFrame":[769.866,242.375,47.701,-0.023,-0.934,0.358,0,0.358,0.934,-1,0.022,-0.008],"_shiftlockState":false,"_pose":"FreeFall","_animationQueue":[],"_animationSpeed":1,"_zoom":19.75},{"_mousePosition":[613,254],"_rootPartCFrame":[762.535,222.503,48.203,-0.023,0,1,0,1,0,-1,0,-0.023],"_humanoidState":8,"_cameraCFrame":[769.6,242.446,48.04,-0.023,-0.934,0.358,0,0.358,0.934,-1,0.022,-0.008],"_shiftlockState":false,"_pose":"Running","_animationQueue":[["fall",0.3],["walk",0.1],["fall",0.3],["walk",0.1]],"_animationSpeed":1.103,"_zoom":19.75},{"_mousePosition":[613,254],"_rootPartCFrame":[762.268,223.377,48.542,-0.023,0,1,0,1,0,-1,0,-0.023],"_humanoidState":3,"_cameraCFrame":[769.333,243.319,48.379,-0.023,-0.934,0.358,0,0.358,0.934,-1,0.022,-0.008],"_shiftlockState":false,"_pose":"Jumping","_animationQueue":[["walk",0.1],["jump",0.1]],"_animationSpeed":1,"_zoom":19.75},{"_mousePosition":[613,254],"_rootPartCFrame":[762.002,224.199,48.857,-0.023,0,1,0,1,0,-1,0,-0.023],"_humanoidState":5,"_cameraCFrame":[769.067,244.141,48.694,-0.023,-0.934,0.358,0,0.358,0.934,-1,0.022,-0.008],"_shiftlockState":false,"_pose":"FreeFall","_animationQueue":[["jump",0.1]],"_animationSpeed":1,"_zoom":19.75},{"_mousePosition":[613,254],"_rootPartCFrame":[761.735,224.966,49.131,-0.023,0,1,0,1,0,-1,0,-0.023],"_humanoidState":5,"_cameraCFrame":[768.8,244.908,48.969,-0.023,-0.934,0.358,0,0.358,0.934,-1,0.022,-0.008],"_shiftlockState":false,"_pose":"FreeFall","_animationQueue":[],"_animationSpeed":1,"_zoom":19.75},{"_mousePosition":[613,254],"_rootPartCFrame":[761.468,225.679,49.367,-0.023,0,1,0,1,0,-1,0,-0.023],"_humanoidState":5,"_cameraCFrame":[768.533,245.621,49.204,-0.023,-0.934,0.358,0,0.358,0.934,-1,0.022,-0.008],"_shiftlockState":false,"_pose":"FreeFall","_animationQueue":[],"_animationSpeed":1,"_zoom":19.75},{"_mousePosition":[613,254],"_rootPartCFrame":[761.202,226.338,49.562,-0.023,0,1,0,1,0,-1,0,-0.023],"_humanoidState":5,"_cameraCFrame":[768.267,246.28,49.399,-0.023,-0.934,0.358,0,0.358,0.934,-1,0.022,-0.008],"_shiftlockState":false,"_pose":"FreeFall","_animationQueue":[],"_animationSpeed":1,"_zoom":19.75},{"_mousePosition":[613,254],"_rootPartCFrame":[760.935,226.942,49.718,-0.023,0,1,0,1,0,-1,0,-0.023],"_humanoidState":5,"_cameraCFrame":[768,246.884,49.555,-0.023,-0.934,0.358,0,0.358,0.934,-1,0.022,-0.008],"_shiftlockState":false,"_pose":"FreeFall","_animationQueue":[],"_animationSpeed":1,"_zoom":19.75},{"_mousePosition":[613,254],"_rootPartCFrame":[760.669,227.491,49.834,-0.023,0,1,0,1,0,-1,0,-0.023],"_humanoidState":5,"_cameraCFrame":[767.734,247.434,49.671,-0.023,-0.934,0.358,0,0.358,0.934,-1,0.022,-0.008],"_shiftlockState":false,"_pose":"FreeFall","_animationQueue":[],"_animationSpeed":1,"_zoom":19.75},{"_mousePosition":[613,254],"_rootPartCFrame":[760.402,227.986,49.91,-0.023,0,1,0,1,0,-1,0,-0.023],"_humanoidState":5,"_cameraCFrame":[767.467,247.929,49.747,-0.023,-0.934,0.358,0,0.358,0.934,-1,0.022,-0.008],"_shiftlockState":false,"_pose":"FreeFall","_animationQueue":[],"_animationSpeed":1,"_zoom":19.75},{"_mousePosition":[613,254],"_rootPartCFrame":[760.135,228.427,49.946,-0.023,0,1,0,1,0,-1,0,-0.023],"_humanoidState":5,"_cameraCFrame":[767.2,248.369,49.783,-0.023,-0.934,0.358,0,0.358,0.934,-1,0.022,-0.008],"_shiftlockState":false,"_pose":"FreeFall","_animationQueue":[],"_animationSpeed":1,"_zoom":19.75},{"_mousePosition":[613,254],"_rootPartCFrame":[759.869,228.813,49.955,-0.023,0,1,0,1,0,-1,0,-0.023],"_humanoidState":5,"_cameraCFrame":[766.934,248.755,49.792,-0.023,-0.934,0.358,0,0.358,0.934,-1,0.022,-0.008],"_shiftlockState":false,"_pose":"FreeFall","_animationQueue":[],"_animationSpeed":1,"_zoom":19.75},{"_mousePosition":[613,254],"_rootPartCFrame":[759.602,229.144,49.961,-0.023,0,1,0,1,0,-1,0,-0.023],"_humanoidState":5,"_cameraCFrame":[766.667,249.087,49.798,-0.023,-0.934,0.358,0,0.358,0.934,-1,0.022,-0.008],"_shiftlockState":false,"_pose":"FreeFall","_animationQueue":[],"_animationSpeed":1,"_zoom":19.75},{"_mousePosition":[613,254],"_rootPartCFrame":[759.336,229.421,49.967,-0.023,0,1,0,1,0,-1,0,-0.023],"_humanoidState":5,"_cameraCFrame":[766.401,249.364,49.804,-0.023,-0.934,0.358,0,0.358,0.934,-1,0.022,-0.008],"_shiftlockState":false,"_pose":"FreeFall","_animationQueue":[],"_animationSpeed":1,"_zoom":19.75},{"_mousePosition":[613,254],"_rootPartCFrame":[759.069,229.644,49.973,-0.023,0,1,0,1,0,-1,0,-0.023],"_humanoidState":5,"_cameraCFrame":[766.134,249.586,49.81,-0.023,-0.934,0.358,0,0.358,0.934,-1,0.022,-0.008],"_shiftlockState":false,"_pose":"FreeFall","_animationQueue":[],"_animationSpeed":1,"_zoom":19.75},{"_mousePosition":[613,254],"_rootPartCFrame":[758.802,229.812,49.979,-0.023,0,1,0,1,0,-1,0,-0.023],"_humanoidState":5,"_cameraCFrame":[765.867,249.754,49.817,-0.023,-0.934,0.358,0,0.358,0.934,-1,0.022,-0.008],"_shiftlockState":false,"_pose":"FreeFall","_animationQueue":[],"_animationSpeed":1,"_zoom":19.75},{"_mousePosition":[613,254],"_rootPartCFrame":[758.536,229.925,49.986,-0.023,0,1,0,1,0,-1,0,-0.023],"_humanoidState":5,"_cameraCFrame":[765.601,249.868,49.823,-0.023,-0.934,0.358,0,0.358,0.934,-1,0.022,-0.008],"_shiftlockState":false,"_pose":"FreeFall","_animationQueue":[],"_animationSpeed":1,"_zoom":19.75},{"_mousePosition":[613,254],"_rootPartCFrame":[758.269,229.984,49.992,-0.023,0,1,0,1,0,-1,0,-0.023],"_humanoidState":5,"_cameraCFrame":[765.334,249.927,49.829,-0.023,-0.934,0.358,0,0.358,0.934,-1,0.022,-0.008],"_shiftlockState":false,"_pose":"FreeFall","_animationQueue":[],"_animationSpeed":1,"_zoom":19.75},{"_mousePosition":[613,254],"_rootPartCFrame":[758.003,229.989,49.998,-0.023,0,1,0,1,0,-1,0,-0.023],"_humanoidState":5,"_cameraCFrame":[765.068,249.931,49.835,-0.023,-0.934,0.358,0,0.358,0.934,-1,0.022,-0.008],"_shiftlockState":false,"_pose":"FreeFall","_animationQueue":[],"_animationSpeed":1,"_zoom":19.75},{"_mousePosition":[613,254],"_rootPartCFrame":[757.736,229.939,50.004,-0.023,0,1,0,1,0,-1,0,-0.023],"_humanoidState":5,"_cameraCFrame":[764.801,249.881,49.841,-0.023,-0.934,0.358,0,0.358,0.934,-1,0.022,-0.008],"_shiftlockState":false,"_pose":"FreeFall","_animationQueue":[],"_animationSpeed":1,"_zoom":19.75},{"_mousePosition":[613,254],"_rootPartCFrame":[757.469,229.834,50.01,-0.023,0,1,0,1,0,-1,0,-0.023],"_humanoidState":5,"_cameraCFrame":[764.534,249.777,49.847,-0.023,-0.934,0.358,0,0.358,0.934,-1,0.022,-0.008],"_shiftlockState":false,"_pose":"FreeFall","_animationQueue":[],"_animationSpeed":1,"_zoom":19.75},{"_mousePosition":[613,254],"_rootPartCFrame":[757.203,229.675,50.016,-0.023,0,1,0,1,0,-1,0,-0.023],"_humanoidState":5,"_cameraCFrame":[764.268,249.618,49.853,-0.023,-0.934,0.358,0,0.358,0.934,-1,0.022,-0.008],"_shiftlockState":false,"_pose":"FreeFall","_animationQueue":[["fall",0.3]],"_animationSpeed":1,"_zoom":19.75},{"_mousePosition":[613,254],"_rootPartCFrame":[756.936,229.462,50.022,-0.023,0,1,0,1,0,-1,0,-0.023],"_humanoidState":5,"_cameraCFrame":[764.001,249.404,49.86,-0.023,-0.934,0.358,0,0.358,0.934,-1,0.022,-0.008],"_shiftlockState":false,"_pose":"FreeFall","_animationQueue":[],"_animationSpeed":1,"_zoom":19.75},{"_mousePosition":[613,254],"_rootPartCFrame":[756.67,229.194,50.029,-0.023,0,1,0,1,0,-1,0,-0.023],"_humanoidState":5,"_cameraCFrame":[763.735,249.136,49.866,-0.023,-0.934,0.358,0,0.358,0.934,-1,0.022,-0.008],"_shiftlockState":false,"_pose":"FreeFall","_animationQueue":[],"_animationSpeed":1,"_zoom":19.75},{"_mousePosition":[613,254],"_rootPartCFrame":[756.403,228.871,50.035,-0.023,0,1,0,1,0,-1,0,-0.023],"_humanoidState":5,"_cameraCFrame":[763.468,248.814,49.872,-0.023,-0.934,0.358,0,0.358,0.934,-1,0.022,-0.008],"_shiftlockState":false,"_pose":"FreeFall","_animationQueue":[],"_animationSpeed":1,"_zoom":19.75},{"_mousePosition":[613,254],"_rootPartCFrame":[756.136,228.494,50.041,-0.023,0,1,0,1,0,-1,0,-0.023],"_humanoidState":5,"_cameraCFrame":[763.201,248.437,49.878,-0.023,-0.934,0.358,0,0.358,0.934,-1,0.022,-0.008],"_shiftlockState":false,"_pose":"FreeFall","_animationQueue":[],"_animationSpeed":1,"_zoom":19.75},{"_mousePosition":[613,254],"_rootPartCFrame":[755.87,228.063,50.047,-0.023,0,1,0,1,0,-1,0,-0.023],"_humanoidState":5,"_cameraCFrame":[762.935,248.005,49.884,-0.023,-0.934,0.358,0,0.358,0.934,-1,0.022,-0.008],"_shiftlockState":false,"_pose":"FreeFall","_animationQueue":[],"_animationSpeed":1,"_zoom":19.75},{"_mousePosition":[613,254],"_rootPartCFrame":[755.603,227.577,50.053,-0.023,0,1,0,1,0,-1,0,-0.023],"_humanoidState":5,"_cameraCFrame":[762.668,247.519,49.89,-0.023,-0.934,0.358,0,0.358,0.934,-1,0.022,-0.008],"_shiftlockState":false,"_pose":"FreeFall","_animationQueue":[],"_animationSpeed":1,"_zoom":19.75},{"_mousePosition":[613,254],"_rootPartCFrame":[755.337,227.037,50.059,-0.023,0,1,0,1,0,-1,0,-0.023],"_humanoidState":5,"_cameraCFrame":[762.402,246.979,49.896,-0.023,-0.934,0.358,0,0.358,0.934,-1,0.022,-0.008],"_shiftlockState":false,"_pose":"FreeFall","_animationQueue":[["fall",0.3]],"_animationSpeed":1,"_zoom":19.75},{"_mousePosition":[613,254],"_rootPartCFrame":[755.07,226.442,50.066,-0.023,0,1,0,1,0,-1,0,-0.023],"_humanoidState":5,"_cameraCFrame":[762.135,246.384,49.903,-0.023,-0.934,0.358,0,0.358,0.934,-1,0.022,-0.008],"_shiftlockState":false,"_pose":"FreeFall","_animationQueue":[],"_animationSpeed":1,"_zoom":19.75},{"_mousePosition":[613,254],"_rootPartCFrame":[754.803,225.792,50.072,-0.023,0,1,0,1,0,-1,0,-0.023],"_humanoidState":5,"_cameraCFrame":[761.868,245.734,49.909,-0.023,-0.934,0.358,0,0.358,0.934,-1,0.022,-0.008],"_shiftlockState":false,"_pose":"FreeFall","_animationQueue":[],"_animationSpeed":1,"_zoom":19.75},{"_mousePosition":[613,254],"_rootPartCFrame":[754.537,225.088,50.078,-0.023,0,1,0,1,0,-1,0,-0.023],"_humanoidState":5,"_cameraCFrame":[761.602,245.031,49.915,-0.023,-0.934,0.358,0,0.358,0.934,-1,0.022,-0.008],"_shiftlockState":false,"_pose":"FreeFall","_animationQueue":[],"_animationSpeed":1,"_zoom":19.75},{"_mousePosition":[613,254],"_rootPartCFrame":[754.27,224.33,50.084,-0.023,0,1,0,1,0,-1,0,-0.023],"_humanoidState":5,"_cameraCFrame":[761.335,244.272,49.921,-0.023,-0.934,0.358,0,0.358,0.934,-1,0.022,-0.008],"_shiftlockState":false,"_pose":"FreeFall","_animationQueue":[],"_animationSpeed":1,"_zoom":19.75},{"_mousePosition":[613,254],"_rootPartCFrame":[754.004,223.517,50.09,-0.023,0,1,0,1,0,-1,0,-0.023],"_humanoidState":5,"_cameraCFrame":[761.069,243.459,49.927,-0.023,-0.934,0.358,0,0.358,0.934,-1,0.022,-0.008],"_shiftlockState":false,"_pose":"FreeFall","_animationQueue":[],"_animationSpeed":1,"_zoom":19.75},{"_mousePosition":[613,254],"_rootPartCFrame":[753.737,222.649,49.968,-0.023,0,1,0,1,0,-1,0,-0.023],"_humanoidState":7,"_cameraCFrame":[760.802,242.592,49.805,-0.023,-0.934,0.358,0,0.358,0.934,-1,0.022,-0.008],"_shiftlockState":false,"_pose":"FreeFall","_animationQueue":[["walk",0.1],["fall",0.3],["fall",0.3]],"_animationSpeed":1,"_zoom":19.75},{"_mousePosition":[613,254],"_rootPartCFrame":[753.47,222.461,49.67,-0.023,0,1,0,1,0,-1,0,-0.023],"_humanoidState":7,"_cameraCFrame":[760.535,242.404,49.507,-0.023,-0.934,0.358,0,0.358,0.934,-1,0.022,-0.008],"_shiftlockState":false,"_pose":"FreeFall","_animationQueue":[["fall",0.3]],"_animationSpeed":1,"_zoom":19.75},{"_mousePosition":[613,254],"_rootPartCFrame":[753.204,222.539,49.343,-0.023,0,1,0,1,0,-1,0,-0.023],"_humanoidState":8,"_cameraCFrame":[760.269,242.481,49.181,-0.023,-0.934,0.358,0,0.358,0.934,-1,0.022,-0.008],"_shiftlockState":false,"_pose":"Running","_animationQueue":[["walk",0.1],["fall",0.3],["walk",0.1]],"_animationSpeed":1.104,"_zoom":19.75},{"_mousePosition":[613,254],"_rootPartCFrame":[752.937,222.608,49.016,-0.023,0,1,0,1,0,-1,0,-0.023],"_humanoidState":8,"_cameraCFrame":[760.002,242.55,48.853,-0.023,-0.934,0.358,0,0.358,0.934,-1,0.022,-0.008],"_shiftlockState":false,"_pose":"Running","_animationQueue":[],"_animationSpeed":1.104,"_zoom":19.75},{"_mousePosition":[613,254],"_rootPartCFrame":[752.671,222.649,48.689,-0.023,0,1,0,1,0,-1,0,-0.023],"_humanoidState":8,"_cameraCFrame":[759.736,242.591,48.526,-0.023,-0.934,0.358,0,0.358,0.934,-1,0.022,-0.008],"_shiftlockState":false,"_pose":"Running","_animationQueue":[],"_animationSpeed":1.104,"_zoom":19.75},{"_mousePosition":[613,254],"_rootPartCFrame":[752.404,222.672,48.362,-0.023,0,1,0,1,0,-1,0,-0.023],"_humanoidState":8,"_cameraCFrame":[759.469,242.614,48.199,-0.023,-0.934,0.358,0,0.358,0.934,-1,0.022,-0.008],"_shiftlockState":false,"_pose":"Running","_animationQueue":[],"_animationSpeed":1.104,"_zoom":19.75},{"_mousePosition":[613,254],"_rootPartCFrame":[752.137,223.545,48.035,-0.023,0,1,0,1,0,-1,0,-0.023],"_humanoidState":3,"_cameraCFrame":[759.202,243.488,47.872,-0.023,-0.934,0.358,0,0.358,0.934,-1,0.022,-0.008],"_shiftlockState":false,"_pose":"Jumping","_animationQueue":[["walk",0.1],["jump",0.1]],"_animationSpeed":1,"_zoom":19.75},{"_mousePosition":[613,254],"_rootPartCFrame":[751.871,224.367,47.732,-0.023,0,1,0,1,0,-1,0,-0.023],"_humanoidState":5,"_cameraCFrame":[758.936,244.31,47.569,-0.023,-0.934,0.358,0,0.358,0.934,-1,0.022,-0.008],"_shiftlockState":false,"_pose":"FreeFall","_animationQueue":[["jump",0.1]],"_animationSpeed":1,"_zoom":19.75},{"_mousePosition":[613,254],"_rootPartCFrame":[751.604,225.135,47.47,-0.023,0,1,0,1,0,-1,0,-0.023],"_humanoidState":5,"_cameraCFrame":[758.669,245.077,47.307,-0.023,-0.934,0.358,0,0.358,0.934,-1,0.022,-0.008],"_shiftlockState":false,"_pose":"FreeFall","_animationQueue":[],"_animationSpeed":1,"_zoom":19.75},{"_mousePosition":[613,254],"_rootPartCFrame":[751.338,225.848,47.247,-0.023,0,1,0,1,0,-1,0,-0.023],"_humanoidState":5,"_cameraCFrame":[758.403,245.79,47.084,-0.023,-0.934,0.358,0,0.358,0.934,-1,0.022,-0.008],"_shiftlockState":false,"_pose":"FreeFall","_animationQueue":[],"_animationSpeed":1,"_zoom":19.75},{"_mousePosition":[613,254],"_rootPartCFrame":[751.071,226.506,47.064,-0.023,0,1,0,1,0,-1,0,-0.023],"_humanoidState":5,"_cameraCFrame":[758.136,246.449,46.901,-0.023,-0.934,0.358,0,0.358,0.934,-1,0.022,-0.008],"_shiftlockState":false,"_pose":"FreeFall","_animationQueue":[],"_animationSpeed":1,"_zoom":19.75},{"_mousePosition":[613,254],"_rootPartCFrame":[750.804,227.11,46.92,-0.023,0,1,0,1,0,-1,0,-0.023],"_humanoidState":5,"_cameraCFrame":[757.869,247.053,46.757,-0.023,-0.934,0.358,0,0.358,0.934,-1,0.022,-0.008],"_shiftlockState":false,"_pose":"FreeFall","_animationQueue":[],"_animationSpeed":1,"_zoom":19.75},{"_mousePosition":[613,254],"_rootPartCFrame":[750.538,227.66,46.816,-0.023,0,1,0,1,0,-1,0,-0.023],"_humanoidState":5,"_cameraCFrame":[757.603,247.602,46.653,-0.023,-0.934,0.358,0,0.358,0.934,-1,0.022,-0.008],"_shiftlockState":false,"_pose":"FreeFall","_animationQueue":[],"_animationSpeed":1,"_zoom":19.75},{"_mousePosition":[613,254],"_rootPartCFrame":[750.271,228.155,46.752,-0.023,0,1,0,1,0,-1,0,-0.023],"_humanoidState":5,"_cameraCFrame":[757.336,248.097,46.589,-0.023,-0.934,0.358,0,0.358,0.934,-1,0.022,-0.008],"_shiftlockState":false,"_pose":"FreeFall","_animationQueue":[],"_animationSpeed":1,"_zoom":19.75},{"_mousePosition":[613,254],"_rootPartCFrame":[750.005,228.595,46.728,-0.023,0,1,0,1,0,-1,0,-0.023],"_humanoidState":5,"_cameraCFrame":[757.07,248.538,46.565,-0.023,-0.934,0.358,0,0.358,0.934,-1,0.022,-0.008],"_shiftlockState":false,"_pose":"FreeFall","_animationQueue":[],"_animationSpeed":1,"_zoom":19.75},{"_mousePosition":[613,254],"_rootPartCFrame":[749.738,228.981,46.732,-0.023,0,1,0,1,0,-1,0,-0.023],"_humanoidState":5,"_cameraCFrame":[756.803,248.924,46.569,-0.023,-0.934,0.358,0,0.358,0.934,-1,0.022,-0.008],"_shiftlockState":false,"_pose":"FreeFall","_animationQueue":[],"_animationSpeed":1,"_zoom":19.75},{"_mousePosition":[613,254],"_rootPartCFrame":[749.471,229.313,46.738,-0.023,0,1,0,1,0,-1,0,-0.023],"_humanoidState":5,"_cameraCFrame":[756.536,249.255,46.575,-0.023,-0.934,0.358,0,0.358,0.934,-1,0.022,-0.008],"_shiftlockState":false,"_pose":"FreeFall","_animationQueue":[],"_animationSpeed":1,"_zoom":19.75},{"_mousePosition":[613,254],"_rootPartCFrame":[749.205,229.59,46.744,-0.023,0,1,0,1,0,-1,0,-0.023],"_humanoidState":5,"_cameraCFrame":[756.27,249.532,46.581,-0.023,-0.934,0.358,0,0.358,0.934,-1,0.022,-0.008],"_shiftlockState":false,"_pose":"FreeFall","_animationQueue":[],"_animationSpeed":1,"_zoom":19.75},{"_mousePosition":[613,254],"_rootPartCFrame":[748.938,229.812,46.75,-0.023,0,1,0,1,0,-1,0,-0.023],"_humanoidState":5,"_cameraCFrame":[756.003,249.755,46.587,-0.023,-0.934,0.358,0,0.358,0.934,-1,0.022,-0.008],"_shiftlockState":false,"_pose":"FreeFall","_animationQueue":[],"_animationSpeed":1,"_zoom":19.75},{"_mousePosition":[613,254],"_rootPartCFrame":[748.672,229.98,46.756,-0.023,0,1,0,1,0,-1,0,-0.023],"_humanoidState":5,"_cameraCFrame":[755.737,249.923,46.594,-0.023,-0.934,0.358,0,0.358,0.934,-1,0.022,-0.008],"_shiftlockState":false,"_pose":"FreeFall","_animationQueue":[],"_animationSpeed":1,"_zoom":19.75},{"_mousePosition":[613,254],"_rootPartCFrame":[748.405,230.094,46.763,-0.023,0,1,0,1,0,-1,0,-0.023],"_humanoidState":5,"_cameraCFrame":[755.47,250.036,46.6,-0.023,-0.934,0.358,0,0.358,0.934,-1,0.022,-0.008],"_shiftlockState":false,"_pose":"FreeFall","_animationQueue":[],"_animationSpeed":1,"_zoom":19.75},{"_mousePosition":[613,254],"_rootPartCFrame":[748.138,230.153,46.769,-0.023,0,1,0,1,0,-1,0,-0.023],"_humanoidState":5,"_cameraCFrame":[755.203,250.095,46.606,-0.023,-0.934,0.358,0,0.358,0.934,-1,0.022,-0.008],"_shiftlockState":false,"_pose":"FreeFall","_animationQueue":[["fall",0.3]],"_animationSpeed":1,"_zoom":19.75},{"_mousePosition":[613,254],"_rootPartCFrame":[747.872,230.157,46.775,-0.023,0,1,0,1,0,-1,0,-0.023],"_humanoidState":5,"_cameraCFrame":[754.937,250.1,46.612,-0.023,-0.934,0.358,0,0.358,0.934,-1,0.022,-0.008],"_shiftlockState":false,"_pose":"FreeFall","_animationQueue":[],"_animationSpeed":1,"_zoom":19.75},{"_mousePosition":[613,254],"_rootPartCFrame":[747.605,230.107,46.781,-0.023,0,1,0,1,0,-1,0,-0.023],"_humanoidState":5,"_cameraCFrame":[754.67,250.05,46.618,-0.023,-0.934,0.358,0,0.358,0.934,-1,0.022,-0.008],"_shiftlockState":false,"_pose":"FreeFall","_animationQueue":[],"_animationSpeed":1,"_zoom":19.75},{"_mousePosition":[613,254],"_rootPartCFrame":[747.339,230.003,46.787,-0.023,0,1,0,1,0,-1,0,-0.023],"_humanoidState":5,"_cameraCFrame":[754.404,249.945,46.624,-0.023,-0.934,0.358,0,0.358,0.934,-1,0.022,-0.008],"_shiftlockState":false,"_pose":"FreeFall","_animationQueue":[],"_animationSpeed":1,"_zoom":19.75},{"_mousePosition":[613,254],"_rootPartCFrame":[747.072,229.844,46.793,-0.023,0,1,0,1,0,-1,0,-0.023],"_humanoidState":5,"_cameraCFrame":[754.137,249.786,46.63,-0.023,-0.934,0.358,0,0.358,0.934,-1,0.022,-0.008],"_shiftlockState":false,"_pose":"FreeFall","_animationQueue":[],"_animationSpeed":1,"_zoom":19.75},{"_mousePosition":[613,254],"_rootPartCFrame":[746.805,229.631,46.8,-0.023,0,1,0,1,0,-1,0,-0.023],"_humanoidState":5,"_cameraCFrame":[753.87,249.573,46.637,-0.023,-0.934,0.358,0,0.358,0.934,-1,0.022,-0.008],"_shiftlockState":false,"_pose":"FreeFall","_animationQueue":[],"_animationSpeed":1,"_zoom":19.75},{"_mousePosition":[613,254],"_rootPartCFrame":[746.539,229.363,46.806,-0.023,0,1,0,1,0,-1,0,-0.023],"_humanoidState":5,"_cameraCFrame":[753.604,249.305,46.643,-0.023,-0.934,0.358,0,0.358,0.934,-1,0.022,-0.008],"_shiftlockState":false,"_pose":"FreeFall","_animationQueue":[["fall",0.3]],"_animationSpeed":1,"_zoom":19.75},{"_mousePosition":[613,254],"_rootPartCFrame":[746.272,229.04,46.812,-0.023,0,1,0,1,0,-1,0,-0.023],"_humanoidState":5,"_cameraCFrame":[753.337,248.982,46.649,-0.023,-0.934,0.358,0,0.358,0.934,-1,0.022,-0.008],"_shiftlockState":false,"_pose":"FreeFall","_animationQueue":[],"_animationSpeed":1,"_zoom":19.75},{"_mousePosition":[613,254],"_rootPartCFrame":[746.006,228.663,46.818,-0.023,0,1,0,1,0,-1,0,-0.023],"_humanoidState":5,"_cameraCFrame":[753.071,248.605,46.655,-0.023,-0.934,0.358,0,0.358,0.934,-1,0.022,-0.008],"_shiftlockState":false,"_pose":"FreeFall","_animationQueue":[],"_animationSpeed":1,"_zoom":19.75},{"_mousePosition":[613,254],"_rootPartCFrame":[745.739,228.232,46.824,-0.023,0,1,0,1,0,-1,0,-0.023],"_humanoidState":5,"_cameraCFrame":[752.804,248.174,46.661,-0.023,-0.934,0.358,0,0.358,0.934,-1,0.022,-0.008],"_shiftlockState":false,"_pose":"FreeFall","_animationQueue":[],"_animationSpeed":1,"_zoom":19.75},{"_mousePosition":[613,254],"_rootPartCFrame":[745.472,227.746,46.83,-0.023,0,1,0,1,0,-1,0,-0.023],"_humanoidState":5,"_cameraCFrame":[752.537,247.688,46.667,-0.023,-0.934,0.358,0,0.358,0.934,-1,0.022,-0.008],"_shiftlockState":false,"_pose":"FreeFall","_animationQueue":[],"_animationSpeed":1,"_zoom":19.75},{"_mousePosition":[613,254],"_rootPartCFrame":[745.206,227.205,46.836,-0.023,0,1,0,1,0,-1,0,-0.023],"_humanoidState":5,"_cameraCFrame":[752.271,247.148,46.674,-0.023,-0.934,0.358,0,0.358,0.934,-1,0.022,-0.008],"_shiftlockState":false,"_pose":"FreeFall","_animationQueue":[],"_animationSpeed":1,"_zoom":19.75},{"_mousePosition":[613,254],"_rootPartCFrame":[744.939,226.61,46.843,-0.023,0,1,0,1,0,-1,0,-0.023],"_humanoidState":5,"_cameraCFrame":[752.004,246.553,46.68,-0.023,-0.934,0.358,0,0.358,0.934,-1,0.022,-0.008],"_shiftlockState":false,"_pose":"FreeFall","_animationQueue":[],"_animationSpeed":1,"_zoom":19.75},{"_mousePosition":[613,254],"_rootPartCFrame":[744.673,225.961,46.849,-0.023,0,1,0,1,0,-1,0,-0.023],"_humanoidState":5,"_cameraCFrame":[751.738,245.903,46.686,-0.023,-0.934,0.358,0,0.358,0.934,-1,0.022,-0.008],"_shiftlockState":false,"_pose":"FreeFall","_animationQueue":[["fall",0.3]],"_animationSpeed":1,"_zoom":19.75},{"_mousePosition":[613,254],"_rootPartCFrame":[744.406,225.257,46.855,-0.023,0,1,0,1,0,-1,0,-0.023],"_humanoidState":5,"_cameraCFrame":[751.471,245.199,46.692,-0.023,-0.934,0.358,0,0.358,0.934,-1,0.022,-0.008],"_shiftlockState":false,"_pose":"FreeFall","_animationQueue":[],"_animationSpeed":1,"_zoom":19.75},{"_mousePosition":[613,254],"_rootPartCFrame":[744.139,224.498,46.861,-0.023,0,1,0,1,0,-1,0,-0.023],"_humanoidState":5,"_cameraCFrame":[751.204,244.441,46.698,-0.023,-0.934,0.358,0,0.358,0.934,-1,0.022,-0.008],"_shiftlockState":false,"_pose":"FreeFall","_animationQueue":[],"_animationSpeed":1,"_zoom":19.75},{"_mousePosition":[613,254],"_rootPartCFrame":[743.873,223.685,46.867,-0.023,0,1,0,1,0,-1,0,-0.023],"_humanoidState":5,"_cameraCFrame":[750.938,243.628,46.704,-0.023,-0.934,0.358,0,0.358,0.934,-1,0.022,-0.008],"_shiftlockState":false,"_pose":"FreeFall","_animationQueue":[],"_animationSpeed":1,"_zoom":19.75},{"_mousePosition":[613,254],"_rootPartCFrame":[743.539,222.592,47.068,-0.023,0,1,0,1,0,-1,0,-0.023],"_humanoidState":7,"_cameraCFrame":[750.604,242.535,46.905,-0.023,-0.934,0.358,0,0.358,0.934,-1,0.022,-0.008],"_shiftlockState":false,"_pose":"FreeFall","_animationQueue":[["walk",0.1],["fall",0.3],["fall",0.3]],"_animationSpeed":1,"_zoom":19.75},{"_mousePosition":[613,254],"_rootPartCFrame":[743.34,222.411,47.312,-0.023,0,1,0,1,0,-1,0,-0.023],"_humanoidState":7,"_cameraCFrame":[750.405,242.353,47.149,-0.023,-0.934,0.358,0,0.358,0.934,-1,0.022,-0.008],"_shiftlockState":false,"_pose":"FreeFall","_animationQueue":[],"_animationSpeed":1,"_zoom":19.75},{"_mousePosition":[613,254],"_rootPartCFrame":[743.073,222.491,47.651,-0.023,0,1,0,1,0,-1,0,-0.023],"_humanoidState":8,"_cameraCFrame":[750.138,242.433,47.488,-0.023,-0.934,0.358,0,0.358,0.934,-1,0.022,-0.008],"_shiftlockState":false,"_pose":"Running","_animationQueue":[["fall",0.3],["walk",0.1],["fall",0.3],["walk",0.1]],"_animationSpeed":1.103,"_zoom":19.75},{"_mousePosition":[613,254],"_rootPartCFrame":[742.806,223.353,47.99,-0.023,0,1,0,1,0,-1,0,-0.023],"_humanoidState":3,"_cameraCFrame":[749.871,243.296,47.827,-0.023,-0.934,0.358,0,0.358,0.934,-1,0.022,-0.008],"_shiftlockState":false,"_pose":"Jumping","_animationQueue":[["walk",0.1],["jump",0.1]],"_animationSpeed":1,"_zoom":19.75},{"_mousePosition":[613,254],"_rootPartCFrame":[742.54,224.162,48.305,-0.023,0,1,0,1,0,-1,0,-0.023],"_humanoidState":5,"_cameraCFrame":[749.605,244.104,48.142,-0.023,-0.934,0.358,0,0.358,0.934,-1,0.022,-0.008],"_shiftlockState":false,"_pose":"FreeFall","_animationQueue":[["jump",0.1]],"_animationSpeed":1,"_zoom":19.75},{"_mousePosition":[613,254],"_rootPartCFrame":[742.273,224.916,48.58,-0.023,0,1,0,1,0,-1,0,-0.023],"_humanoidState":5,"_cameraCFrame":[749.338,244.858,48.417,-0.023,-0.934,0.358,0,0.358,0.934,-1,0.022,-0.008],"_shiftlockState":false,"_pose":"FreeFall","_animationQueue":[],"_animationSpeed":1,"_zoom":19.75},{"_mousePosition":[6