[{"_mousePosition":[650,285],"_rootPartCFrame":[776.023,222.7,47.142,0.004,0,1,0,1,0,-1,0,0.004],"_humanoidState":8,"_cameraCFrame":[777.287,243.402,42.697,-0.962,-0.266,0.064,0,0.234,0.972,-0.274,0.935,-0.225],"_shiftlockState":false,"_pose":"Standing","_animationQueue":[],"_animationSpeed":1,"_zoom":19.75},{"_mousePosition":[650,285],"_rootPartCFrame":[775.858,222.695,47.095,0.031,0,1,0,1,0,-1,0,0.031],"_humanoidState":8,"_cameraCFrame":[777.122,243.396,42.65,-0.962,-0.266,0.064,0,0.234,0.972,-0.274,0.935,-0.225],"_shiftlockState":false,"_pose":"Standing","_animationQueue":[],"_animationSpeed":1,"_zoom":19.75},{"_mousePosition":[650,285],"_rootPartCFrame":[775.603,222.696,47.023,0.064,0,0.998,0,1,0,-0.998,0,0.064],"_humanoidState":8,"_cameraCFrame":[776.868,243.398,42.578,-0.962,-0.266,0.064,0,0.234,0.972,-0.274,0.935,-0.225],"_shiftlockState":false,"_pose":"Running","_animationQueue":[["walk",0.1]],"_animationSpeed":1.003,"_zoom":19.75},{"_mousePosition":[650,285],"_rootPartCFrame":[775.347,222.698,46.95,0.093,0,0.996,0,1,0,-0.996,0,0.093],"_humanoidState":8,"_cameraCFrame":[776.611,243.4,42.505,-0.962,-0.266,0.064,0,0.234,0.972,-0.274,0.935,-0.225],"_shiftlockState":false,"_pose":"Running","_animationQueue":[["walk",0.1]],"_animationSpeed":1.101,"_zoom":19.75},{"_mousePosition":[650,286],"_rootPartCFrame":[775.09,222.699,46.877,0.117,0,0.993,0,1,0,-0.993,0,0.117],"_humanoidState":8,"_cameraCFrame":[776.355,243.4,42.432,-0.962,-0.266,0.064,0,0.234,0.972,-0.274,0.935,-0.225],"_shiftlockState":false,"_pose":"Running","_animationQueue":[],"_animationSpeed":1.101,"_zoom":19.75},{"_mousePosition":[650,287],"_rootPartCFrame":[774.834,222.699,46.804,0.139,0,0.99,0,1,0,-0.99,0,0.139],"_humanoidState":8,"_cameraCFrame":[776.098,243.401,42.359,-0.962,-0.266,0.064,0,0.234,0.972,-0.274,0.935,-0.225],"_shiftlockState":false,"_pose":"Running","_animationQueue":[],"_animationSpeed":1.101,"_zoom":19.75},{"_mousePosition":[650,287],"_rootPartCFrame":[774.577,222.699,46.731,0.157,0,0.988,0,1,0,-0.988,0,0.157],"_humanoidState":8,"_cameraCFrame":[775.842,243.401,42.286,-0.962,-0.266,0.064,0,0.234,0.972,-0.274,0.935,-0.225],"_shiftlockState":false,"_pose":"Running","_animationQueue":[],"_animationSpeed":1.101,"_zoom":19.75},{"_mousePosition":[650,288],"_rootPartCFrame":[774.321,222.699,46.658,0.173,0,0.985,0,1,0,-0.985,0,0.173],"_humanoidState":8,"_cameraCFrame":[775.585,243.401,42.213,-0.962,-0.266,0.064,0,0.234,0.972,-0.274,0.935,-0.225],"_shiftlockState":false,"_pose":"Running","_animationQueue":[],"_animationSpeed":1.101,"_zoom":19.75},{"_mousePosition":[650,289],"_rootPartCFrame":[774.064,222.7,46.585,0.187,0,0.982,0,1,0,-0.982,0,0.187],"_humanoidState":8,"_cameraCFrame":[775.329,243.401,42.14,-0.962,-0.266,0.064,0,0.234,0.972,-0.274,0.935,-0.225],"_shiftlockState":false,"_pose":"Running","_animationQueue":[],"_animationSpeed":1.101,"_zoom":19.75},{"_mousePosition":[651,289],"_rootPartCFrame":[773.808,222.7,46.512,0.199,0,0.98,0,1,0,-0.98,0,0.199],"_humanoidState":8,"_cameraCFrame":[775.072,243.401,42.067,-0.962,-0.266,0.064,0,0.234,0.972,-0.274,0.935,-0.225],"_shiftlockState":false,"_pose":"Running","_animationQueue":[["walk",0.1]],"_animationSpeed":1.101,"_zoom":19.75},{"_mousePosition":[652,290],"_rootPartCFrame":[773.552,222.7,46.439,0.209,0,0.978,0,1,0,-0.978,0,0.209],"_humanoidState":8,"_cameraCFrame":[774.816,243.401,41.994,-0.962,-0.266,0.064,0,0.234,0.972,-0.274,0.935,-0.225],"_shiftlockState":false,"_pose":"Running","_animationQueue":[],"_animationSpeed":1.101,"_zoom":19.75},{"_mousePosition":[653,291],"_rootPartCFrame":[773.295,222.7,46.366,0.218,0,0.976,0,1,0,-0.976,0,0.218],"_humanoidState":8,"_cameraCFrame":[774.559,243.401,41.921,-0.962,-0.266,0.064,0,0.234,0.972,-0.274,0.935,-0.225],"_shiftlockState":false,"_pose":"Running","_animationQueue":[],"_animationSpeed":1.101,"_zoom":19.75},{"_mousePosition":[656,292],"_rootPartCFrame":[773.039,222.7,46.293,0.225,0,0.974,0,1,0,-0.974,0,0.225],"_humanoidState":8,"_cameraCFrame":[774.303,243.401,41.848,-0.962,-0.266,0.064,0,0.234,0.972,-0.274,0.935,-0.225],"_shiftlockState":false,"_pose":"Running","_animationQueue":[],"_animationSpeed":1.101,"_zoom":19.75},{"_mousePosition":[656,292],"_rootPartCFrame":[772.782,222.7,46.22,0.232,0,0.973,0,1,0,-0.973,0,0.232],"_humanoidState":8,"_cameraCFrame":[774.049,243.437,41.932,-0.959,-0.276,0.064,0,0.226,0.974,-0.283,0.934,-0.217],"_shiftlockState":false,"_pose":"Running","_animationQueue":[],"_animationSpeed":1.101,"_zoom":19.75},{"_mousePosition":[656,292],"_rootPartCFrame":[772.526,222.7,46.147,0.238,0,0.971,0,1,0,-0.971,0,0.238],"_humanoidState":8,"_cameraCFrame":[773.792,243.454,41.937,-0.958,-0.281,0.064,0,0.223,0.975,-0.288,0.934,-0.213],"_shiftlockState":false,"_pose":"Running","_animationQueue":[],"_animationSpeed":1.101,"_zoom":19.75},{"_mousePosition":[656,292],"_rootPartCFrame":[772.27,222.7,46.072,0.244,0,0.97,0,1,0,-0.97,0,0.244],"_humanoidState":8,"_cameraCFrame":[773.557,243.471,41.947,-0.955,-0.291,0.065,0,0.219,0.976,-0.298,0.931,-0.209],"_shiftlockState":false,"_pose":"Running","_animationQueue":[["walk",0.1]],"_animationSpeed":1.101,"_zoom":19.75},{"_mousePosition":[656,292],"_rootPartCFrame":[772.014,222.7,45.995,0.25,0,0.968,0,1,0,-0.968,0,0.25],"_humanoidState":8,"_cameraCFrame":[773.33,243.488,41.958,-0.951,-0.303,0.067,0,0.215,0.977,-0.31,0.929,-0.204],"_shiftlockState":false,"_pose":"Running","_animationQueue":[],"_animationSpeed":1.101,"_zoom":19.75},{"_mousePosition":[656,292],"_rootPartCFrame":[771.76,222.7,45.916,0.256,0,0.967,0,1,0,-0.967,0,0.256],"_humanoidState":8,"_cameraCFrame":[773.112,243.504,41.97,-0.946,-0.317,0.068,0,0.211,0.977,-0.324,0.925,-0.2],"_shiftlockState":false,"_pose":"Running","_animationQueue":[],"_animationSpeed":1.101,"_zoom":19.75},{"_mousePosition":[656,292],"_rootPartCFrame":[771.506,222.7,45.833,0.263,0,0.965,0,1,0,-0.965,0,0.263],"_humanoidState":8,"_cameraCFrame":[772.88,243.528,42.015,-0.941,-0.331,0.07,0,0.205,0.979,-0.339,0.921,-0.193],"_shiftlockState":false,"_pose":"Running","_animationQueue":[],"_animationSpeed":1.101,"_zoom":19.75},{"_mousePosition":[656,292],"_rootPartCFrame":[771.254,222.7,45.747,0.271,0,0.962,0,1,0,-0.962,0,0.271],"_humanoidState":8,"_cameraCFrame":[772.678,243.544,42.028,-0.934,-0.35,0.072,0,0.202,0.979,-0.358,0.915,-0.188],"_shiftlockState":false,"_pose":"Running","_animationQueue":[],"_animationSpeed":1.101,"_zoom":19.75},{"_mousePosition":[656,292],"_rootPartCFrame":[771.003,222.7,45.657,0.28,0,0.96,0,1,0,-0.96,0,0.28],"_humanoidState":8,"_cameraCFrame":[772.455,243.56,42.03,-0.928,-0.364,0.074,0,0.198,0.98,-0.372,0.91,-0.184],"_shiftlockState":false,"_pose":"Running","_animationQueue":[],"_animationSpeed":1.101,"_zoom":19.75},{"_mousePosition":[656,292],"_rootPartCFrame":[770.754,222.7,45.562,0.291,0,0.957,0,1,0,-0.957,0,0.291],"_humanoidState":8,"_cameraCFrame":[772.204,243.215,42.093,-0.923,-0.378,0.075,0,0.194,0.981,-0.386,0.905,-0.179],"_shiftlockState":false,"_pose":"Running","_animationQueue":[],"_animationSpeed":1.101,"_zoom":19.75},{"_mousePosition":[656,292],"_rootPartCFrame":[770.506,222.7,45.463,0.301,0,0.953,0,1,0,-0.953,0,0.301],"_humanoidState":8,"_cameraCFrame":[771.943,242.56,42.169,-0.917,-0.392,0.077,0,0.192,0.981,-0.4,0.9,-0.176],"_shiftlockState":false,"_pose":"Running","_animationQueue":[["walk",0.1]],"_animationSpeed":1.101,"_zoom":19.75},{"_mousePosition":[656,292],"_rootPartCFrame":[770.26,222.7,45.361,0.313,0,0.95,0,1,0,-0.95,0,0.313],"_humanoidState":8,"_cameraCFrame":[771.664,241.828,42.248,-0.911,-0.404,0.078,0,0.19,0.982,-0.411,0.895,-0.173],"_shiftlockState":false,"_pose":"Running","_animationQueue":[],"_animationSpeed":1.101,"_zoom":19.75},{"_mousePosition":[656,292],"_rootPartCFrame":[770.015,222.7,45.255,0.325,0,0.946,0,1,0,-0.946,0,0.325],"_humanoidState":8,"_cameraCFrame":[771.386,241.214,42.257,-0.909,-0.408,0.079,0,0.19,0.982,-0.416,0.893,-0.173],"_shiftlockState":false,"_pose":"Running","_animationQueue":[],"_animationSpeed":1.101,"_zoom":19.75},{"_mousePosition":[656,292],"_rootPartCFrame":[769.772,222.701,45.145,0.336,0,0.942,0,1,0,-0.942,0,0.336],"_humanoidState":8,"_cameraCFrame":[771.085,240.4,42.295,-0.908,-0.411,0.08,0,0.19,0.982,-0.418,0.892,-0.173],"_shiftlockState":false,"_pose":"Running","_animationQueue":[],"_animationSpeed":1.101,"_zoom":19.75},{"_mousePosition":[656,292],"_rootPartCFrame":[769.53,222.701,45.034,0.347,0,0.938,0,1,0,-0.938,0,0.347],"_humanoidState":8,"_cameraCFrame":[770.768,239.489,42.344,-0.908,-0.411,0.08,0,0.19,0.982,-0.418,0.892,-0.173],"_shiftlockState":false,"_pose":"Running","_animationQueue":[],"_animationSpeed":1.101,"_zoom":19.75},{"_mousePosition":[656,292],"_rootPartCFrame":[769.287,222.701,44.923,0.357,0,0.934,0,1,0,-0.934,0,0.357],"_humanoidState":8,"_cameraCFrame":[770.45,238.55,42.398,-0.908,-0.411,0.08,0,0.19,0.982,-0.418,0.892,-0.173],"_shiftlockState":false,"_pose":"Running","_animationQueue":[],"_animationSpeed":1.101,"_zoom":19.75},{"_mousePosition":[656,292],"_rootPartCFrame":[769.045,222.701,44.811,0.365,0,0.931,0,1,0,-0.931,0,0.365],"_humanoidState":8,"_cameraCFrame":[770.152,237.865,42.407,-0.908,-0.411,0.08,0,0.19,0.982,-0.418,0.892,-0.173],"_shiftlockState":false,"_pose":"Running","_animationQueue":[],"_animationSpeed":1.101,"_zoom":19.75},{"_mousePosition":[656,292],"_rootPartCFrame":[768.803,222.701,44.7,0.373,0,0.928,0,1,0,-0.928,0,0.373],"_humanoidState":8,"_cameraCFrame":[769.867,237.328,42.39,-0.908,-0.411,0.08,0,0.19,0.982,-0.418,0.892,-0.173],"_shiftlockState":false,"_pose":"Running","_animationQueue":[["walk",0.1]],"_animationSpeed":1.101,"_zoom":19.75},{"_mousePosition":[656,292],"_rootPartCFrame":[768.561,222.701,44.588,0.379,0,0.925,0,1,0,-0.925,0,0.379],"_humanoidState":8,"_cameraCFrame":[769.588,236.876,42.358,-0.908,-0.411,0.08,0,0.19,0.982,-0.418,0.892,-0.173],"_shiftlockState":false,"_pose":"Running","_animationQueue":[],"_animationSpeed":1.101,"_zoom":19.75},{"_mousePosition":[656,292],"_rootPartCFrame":[768.319,222.701,44.477,0.384,0,0.923,0,1,0,-0.923,0,0.384],"_humanoidState":8,"_cameraCFrame":[769.318,236.594,42.321,-0.907,-0.413,0.079,0,0.188,0.982,-0.421,0.891,-0.171],"_shiftlockState":false,"_pose":"Running","_animationQueue":[],"_animationSpeed":1.101,"_zoom":19.75},{"_mousePosition":[656,292],"_rootPartCFrame":[768.076,222.701,44.365,0.389,0,0.921,0,1,0,-0.921,0,0.389],"_humanoidState":8,"_cameraCFrame":[769.059,236.387,42.246,-0.907,-0.413,0.079,0,0.188,0.982,-0.421,0.891,-0.171],"_shiftlockState":false,"_pose":"Running","_animationQueue":[],"_animationSpeed":1.101,"_zoom":19.75},{"_mousePosition":[656,292],"_rootPartCFrame":[767.834,222.701,44.253,0.393,0,0.92,0,1,0,-0.92,0,0.393],"_humanoidState":8,"_cameraCFrame":[768.804,236.232,42.161,-0.907,-0.413,0.079,0,0.188,0.982,-0.421,0.891,-0.171],"_shiftlockState":false,"_pose":"Running","_animationQueue":[],"_animationSpeed":1.101,"_zoom":19.75},{"_mousePosition":[656,292],"_rootPartCFrame":[767.592,222.701,44.141,0.397,0,0.918,0,1,0,-0.918,0,0.397],"_humanoidState":8,"_cameraCFrame":[768.554,236.125,42.067,-0.907,-0.413,0.079,0,0.188,0.982,-0.421,0.891,-0.171],"_shiftlockState":false,"_pose":"Running","_animationQueue":[],"_animationSpeed":1.101,"_zoom":19.75},{"_mousePosition":[656,292],"_rootPartCFrame":[767.351,222.701,44.029,0.4,0,0.916,0,1,0,-0.916,0,0.4],"_humanoidState":8,"_cameraCFrame":[768.307,236.057,41.993,-0.905,-0.418,0.079,0,0.186,0.982,-0.425,0.889,-0.169],"_shiftlockState":false,"_pose":"Running","_animationQueue":[],"_animationSpeed":1.101,"_zoom":19.75},{"_mousePosition":[656,292],"_rootPartCFrame":[767.109,222.701,43.917,0.403,0,0.915,0,1,0,-0.915,0,0.403],"_humanoidState":8,"_cameraCFrame":[768.066,236.009,41.892,-0.904,-0.42,0.08,0,0.186,0.982,-0.427,0.888,-0.168],"_shiftlockState":false,"_pose":"Running","_animationQueue":[["walk",0.1]],"_animationSpeed":1.101,"_zoom":19.75},{"_mousePosition":[656,292],"_rootPartCFrame":[766.867,222.701,43.803,0.406,0,0.914,0,1,0,-0.914,0,0.406],"_humanoidState":8,"_cameraCFrame":[767.822,235.976,41.784,-0.904,-0.42,0.08,0,0.186,0.982,-0.427,0.888,-0.168],"_shiftlockState":false,"_pose":"Running","_animationQueue":[],"_animationSpeed":1.101,"_zoom":19.75},{"_mousePosition":[656,292],"_rootPartCFrame":[766.626,222.701,43.69,0.409,0,0.913,0,1,0,-0.913,0,0.409],"_humanoidState":8,"_cameraCFrame":[767.579,235.956,41.674,-0.904,-0.42,0.08,0,0.186,0.982,-0.427,0.888,-0.168],"_shiftlockState":false,"_pose":"Running","_animationQueue":[],"_animationSpeed":1.101,"_zoom":19.75},{"_mousePosition":[656,292],"_rootPartCFrame":[766.385,222.701,43.576,0.411,0,0.912,0,1,0,-0.912,0,0.411],"_humanoidState":8,"_cameraCFrame":[767.337,235.941,41.562,-0.904,-0.42,0.08,0,0.186,0.982,-0.427,0.888,-0.168],"_shiftlockState":false,"_pose":"Running","_animationQueue":[],"_animationSpeed":1.101,"_zoom":19.75},{"_mousePosition":[656,292],"_rootPartCFrame":[766.144,222.701,43.462,0.413,0,0.911,0,1,0,-0.911,0,0.413],"_humanoidState":8,"_cameraCFrame":[767.095,235.931,41.45,-0.904,-0.42,0.08,0,0.186,0.982,-0.427,0.888,-0.168],"_shiftlockState":false,"_pose":"Running","_animationQueue":[],"_animationSpeed":1.101,"_zoom":19.75},{"_mousePosition":[656,292],"_rootPartCFrame":[765.903,222.701,43.348,0.415,0,0.91,0,1,0,-0.91,0,0.415],"_humanoidState":8,"_cameraCFrame":[766.853,235.925,41.337,-0.904,-0.42,0.08,0,0.186,0.982,-0.427,0.888,-0.168],"_shiftlockState":false,"_pose":"Running","_animationQueue":[],"_animationSpeed":1.101,"_zoom":19.75},{"_mousePosition":[656,292],"_rootPartCFrame":[765.662,222.701,43.234,0.417,0,0.909,0,1,0,-0.909,0,0.417],"_humanoidState":8,"_cameraCFrame":[766.612,235.92,41.224,-0.904,-0.42,0.08,0,0.186,0.982,-0.427,0.888,-0.168],"_shiftlockState":false,"_pose":"Running","_animationQueue":[],"_animationSpeed":1.101,"_zoom":19.75},{"_mousePosition":[656,292],"_rootPartCFrame":[765.421,222.701,43.12,0.418,0,0.908,0,1,0,-0.908,0,0.418],"_humanoidState":8,"_cameraCFrame":[766.371,235.917,41.11,-0.904,-0.42,0.08,0,0.186,0.982,-0.427,0.888,-0.168],"_shiftlockState":false,"_pose":"Running","_animationQueue":[["walk",0.1]],"_animationSpeed":1.101,"_zoom":19.75},{"_mousePosition":[656,292],"_rootPartCFrame":[765.18,222.701,43.006,0.42,0,0.908,0,1,0,-0.908,0,0.42],"_humanoidState":8,"_cameraCFrame":[766.124,235.911,40.969,-0.907,-0.413,0.079,0,0.188,0.982,-0.421,0.891,-0.171],"_shiftlockState":false,"_pose":"Running","_animationQueue":[],"_animationSpeed":1.101,"_zoom":19.75},{"_mousePosition":[656,292],"_rootPartCFrame":[764.938,222.701,42.892,0.421,0,0.907,0,1,0,-0.907,0,0.421],"_humanoidState":8,"_cameraCFrame":[765.872,235.91,40.85,-0.909,-0.408,0.078,0,0.188,0.982,-0.416,0.893,-0.171],"_shiftlockState":false,"_pose":"Running","_animationQueue":[],"_animationSpeed":1.101,"_zoom":19.75},{"_mousePosition":[656,292],"_rootPartCFrame":[764.697,222.701,42.779,0.421,0,0.907,0,1,0,-0.907,0,0.421],"_humanoidState":8,"_cameraCFrame":[765.63,235.909,40.738,-0.909,-0.408,0.078,0,0.188,0.982,-0.416,0.893,-0.171],"_shiftlockState":false,"_pose":"Running","_animationQueue":[],"_animationSpeed":1.101,"_zoom":19.75},{"_mousePosition":[656,292],"_rootPartCFrame":[764.454,222.701,42.668,0.42,0,0.907,0,1,0,-0.907,0,0.42],"_humanoidState":8,"_cameraCFrame":[765.388,235.909,40.627,-0.909,-0.408,0.078,0,0.188,0.982,-0.416,0.893,-0.171],"_shiftlockState":false,"_pose":"Running","_animationQueue":[],"_animationSpeed":1.101,"_zoom":19.75},{"_mousePosition":[656,292],"_rootPartCFrame":[764.212,222.701,42.557,0.42,0,0.908,0,1,0,-0.908,0,0.42],"_humanoidState":8,"_cameraCFrame":[765.145,235.908,40.516,-0.909,-0.408,0.078,0,0.188,0.982,-0.416,0.893,-0.171],"_shiftlockState":false,"_pose":"Running","_animationQueue":[],"_animationSpeed":1.101,"_zoom":19.75},{"_mousePosition":[656,292],"_rootPartCFrame":[763.969,222.701,42.447,0.419,0,0.908,0,1,0,-0.908,0,0.419],"_humanoidState":8,"_cameraCFrame":[764.902,235.908,40.406,-0.909,-0.408,0.078,0,0.188,0.982,-0.416,0.893,-0.171],"_shiftlockState":false,"_pose":"Running","_animationQueue":[],"_animationSpeed":1.101,"_zoom":19.75},{"_mousePosition":[656,292],"_rootPartCFrame":[763.726,222.701,42.336,0.419,0,0.908,0,1,0,-0.908,0,0.419],"_humanoidState":8,"_cameraCFrame":[764.66,235.908,40.295,-0.909,-0.408,0.078,0,0.188,0.982,-0.416,0.893,-0.171],"_shiftlockState":false,"_pose":"Running","_animationQueue":[["walk",0.1]],"_animationSpeed":1.101,"_zoom":19.75},{"_mousePosition":[656,292],"_rootPartCFrame":[763.484,223.574,42.225,0.418,0,0.908,0,1,0,-0.908,0,0.418],"_humanoidState":3,"_cameraCFrame":[764.417,236.781,40.184,-0.909,-0.408,0.078,0,0.188,0.982,-0.416,0.893,-0.171],"_shiftlockState":false,"_pose":"Jumping","_animationQueue":[["walk",0.1],["jump",0.1]],"_animationSpeed":1,"_zoom":19.75},{"_mousePosition":[656,292],"_rootPartCFrame":[763.242,224.396,42.114,0.418,0,0.908,0,1,0,-0.908,0,0.418],"_humanoidState":5,"_cameraCFrame":[764.175,237.603,40.073,-0.909,-0.408,0.078,0,0.188,0.982,-0.416,0.893,-0.171],"_shiftlockState":false,"_pose":"FreeFall","_animationQueue":[["jump",0.1]],"_animationSpeed":1,"_zoom":19.75},{"_mousePosition":[656,292],"_rootPartCFrame":[762.999,225.163,42.003,0.418,0,0.909,0,1,0,-0.909,0,0.418],"_humanoidState":5,"_cameraCFrame":[763.933,238.37,39.962,-0.909,-0.408,0.078,0,0.188,0.982,-0.416,0.893,-0.171],"_shiftlockState":false,"_pose":"FreeFall","_animationQueue":[],"_animationSpeed":1,"_zoom":19.75},{"_mousePosition":[656,292],"_rootPartCFrame":[762.817,225.703,41.92,0.417,0,0.909,0,1,0,-0.909,0,0.417],"_humanoidState":5,"_cameraCFrame":[763.751,238.91,39.879,-0.909,-0.408,0.078,0,0.188,0.982,-0.416,0.893,-0.171],"_shiftlockState":false,"_pose":"FreeFall","_animationQueue":[],"_animationSpeed":1,"_zoom":19.75},{"_mousePosition":[656,292],"_rootPartCFrame":[762.514,226.535,41.781,0.417,0,0.909,0,1,0,-0.909,0,0.417],"_humanoidState":5,"_cameraCFrame":[763.448,239.742,39.74,-0.909,-0.408,0.078,0,0.188,0.982,-0.416,0.893,-0.171],"_shiftlockState":false,"_pose":"FreeFall","_animationQueue":[],"_animationSpeed":1,"_zoom":19.75},{"_mousePosition":[656,292],"_rootPartCFrame":[762.272,227.139,41.67,0.417,0,0.909,0,1,0,-0.909,0,0.417],"_humanoidState":5,"_cameraCFrame":[763.205,240.346,39.629,-0.909,-0.408,0.078,0,0.188,0.982,-0.416,0.893,-0.171],"_shiftlockState":false,"_pose":"FreeFall","_animationQueue":[],"_animationSpeed":1,"_zoom":19.75},{"_mousePosition":[656,292],"_rootPartCFrame":[762.09,227.556,41.587,0.417,0,0.909,0,1,0,-0.909,0,0.417],"_humanoidState":5,"_cameraCFrame":[763.023,240.763,39.546,-0.909,-0.408,0.078,0,0.188,0.982,-0.416,0.893,-0.171],"_shiftlockState":false,"_pose":"FreeFall","_animationQueue":[],"_animationSpeed":1,"_zoom":19.75},{"_mousePosition":[656,292],"_rootPartCFrame":[761.848,228.065,41.476,0.417,0,0.909,0,1,0,-0.909,0,0.417],"_humanoidState":5,"_cameraCFrame":[762.766,241.272,39.428,-0.913,-0.402,0.077,0,0.188,0.982,-0.409,0.896,-0.172],"_shiftlockState":false,"_pose":"FreeFall","_animationQueue":[],"_animationSpeed":1,"_zoom":19.75},{"_mousePosition":[656,292],"_rootPartCFrame":[761.545,228.624,41.337,0.417,0,0.909,0,1,0,-0.909,0,0.417],"_humanoidState":5,"_cameraCFrame":[762.447,241.831,39.283,-0.916,-0.395,0.076,0,0.188,0.982,-0.402,0.899,-0.172],"_shiftlockState":false,"_pose":"FreeFall","_animationQueue":[],"_animationSpeed":1,"_zoom":19.75},{"_mousePosition":[656,292],"_rootPartCFrame":[761.301,229.01,41.228,0.416,0,0.909,0,1,0,-0.909,0,0.416],"_humanoidState":5,"_cameraCFrame":[762.204,242.217,39.173,-0.916,-0.395,0.076,0,0.188,0.982,-0.402,0.899,-0.172],"_shiftlockState":false,"_pose":"FreeFall","_animationQueue":[],"_animationSpeed":1,"_zoom":19.75},{"_mousePosition":[656,292],"_rootPartCFrame":[761.118,229.264,41.147,0.415,0,0.91,0,1,0,-0.91,0,0.415],"_humanoidState":5,"_cameraCFrame":[762.006,242.475,39.111,-0.917,-0.393,0.074,0,0.186,0.982,-0.4,0.901,-0.171],"_shiftlockState":false,"_pose":"FreeFall","_animationQueue":[],"_animationSpeed":1,"_zoom":19.75},{"_mousePosition":[656,292],"_rootPartCFrame":[760.813,229.619,41.013,0.413,0,0.911,0,1,0,-0.911,0,0.413],"_humanoidState":5,"_cameraCFrame":[761.678,242.838,39.017,-0.918,-0.391,0.073,0,0.183,0.983,-0.397,0.902,-0.167],"_shiftlockState":false,"_pose":"FreeFall","_animationQueue":[],"_animationSpeed":1,"_zoom":19.75},{"_mousePosition":[656,292],"_rootPartCFrame":[760.569,229.841,40.907,0.411,0,0.912,0,1,0,-0.912,0,0.411],"_humanoidState":5,"_cameraCFrame":[761.41,243.069,38.95,-0.919,-0.389,0.071,0,0.179,0.984,-0.395,0.904,-0.164],"_shiftlockState":false,"_pose":"FreeFall","_animationQueue":[],"_animationSpeed":1,"_zoom":19.75},{"_mousePosition":[656,292],"_rootPartCFrame":[760.324,230.009,40.801,0.409,0,0.912,0,1,0,-0.912,0,0.409],"_humanoidState":5,"_cameraCFrame":[761.152,243.241,38.863,-0.92,-0.387,0.069,0,0.177,0.984,-0.393,0.905,-0.163],"_shiftlockState":false,"_pose":"FreeFall","_animationQueue":[],"_animationSpeed":1,"_zoom":19.75},{"_mousePosition":[656,292],"_rootPartCFrame":[760.14,230.099,40.721,0.408,0,0.913,0,1,0,-0.913,0,0.408],"_humanoidState":5,"_cameraCFrame":[760.949,243.336,38.801,-0.922,-0.382,0.068,0,0.175,0.985,-0.388,0.907,-0.161],"_shiftlockState":false,"_pose":"FreeFall","_animationQueue":[],"_animationSpeed":1,"_zoom":19.75},{"_mousePosition":[656,292],"_rootPartCFrame":[759.834,230.182,40.59,0.405,0,0.914,0,1,0,-0.914,0,0.405],"_humanoidState":5,"_cameraCFrame":[760.633,243.421,38.681,-0.923,-0.38,0.067,0,0.174,0.985,-0.386,0.909,-0.16],"_shiftlockState":false,"_pose":"FreeFall","_animationQueue":[],"_animationSpeed":1,"_zoom":19.75},{"_mousePosition":[656,292],"_rootPartCFrame":[759.65,230.19,40.513,0.404,0,0.915,0,1,0,-0.915,0,0.404],"_humanoidState":5,"_cameraCFrame":[758.827,243.429,37.93,-0.924,-0.378,0.067,0,0.174,0.985,-0.383,0.91,-0.16],"_shiftlockState":true,"_pose":"FreeFall","_animationQueue":[],"_animationSpeed":1,"_zoom":19.75},{"_mousePosition":[683,384],"_rootPartCFrame":[759.342,230.136,40.384,-0.87,0,0.493,0,1,0,-0.493,0,-0.87],"_humanoidState":5,"_cameraCFrame":[758.52,243.375,37.801,-0.924,-0.378,0.067,0,0.174,0.985,-0.383,0.91,-0.16],"_shiftlockState":true,"_pose":"FreeFall","_animationQueue":[],"_animationSpeed":1,"_zoom":19.75},{"_mousePosition":[683,384],"_rootPartCFrame":[759.096,230.032,40.282,-0.866,0,0.5,0,1,0,-0.5,0,-0.866],"_humanoidState":5,"_cameraCFrame":[758.267,243.271,37.701,-0.925,-0.375,0.066,0,0.174,0.985,-0.381,0.91,-0.161],"_shiftlockState":true,"_pose":"FreeFall","_animationQueue":[["fall",0.3]],"_animationSpeed":1,"_zoom":19.75},{"_mousePosition":[683,384],"_rootPartCFrame":[758.85,229.873,40.179,-0.866,0,0.5,0,1,0,-0.5,0,-0.866],"_humanoidState":5,"_cameraCFrame":[758.021,243.112,37.599,-0.925,-0.375,0.066,0,0.174,0.985,-0.381,0.91,-0.161],"_shiftlockState":true,"_pose":"FreeFall","_animationQueue":[],"_animationSpeed":1,"_zoom":19.75},{"_mousePosition":[683,384],"_rootPartCFrame":[758.603,229.659,40.078,-0.866,0,0.501,0,1,0,-0.501,0,-0.866],"_humanoidState":5,"_cameraCFrame":[757.774,242.898,37.497,-0.925,-0.375,0.066,0,0.174,0.985,-0.381,0.91,-0.161],"_shiftlockState":true,"_pose":"FreeFall","_animationQueue":[],"_animationSpeed":1,"_zoom":19.75},{"_mousePosition":[683,384],"_rootPartCFrame":[758.418,229.463,40.001,-0.882,0,0.471,0,1,0,-0.471,0,-0.882],"_humanoidState":5,"_cameraCFrame":[757.589,242.702,37.421,-0.925,-0.375,0.066,0,0.174,0.985,-0.381,0.91,-0.161],"_shiftlockState":true,"_pose":"FreeFall","_animationQueue":[],"_animationSpeed":1,"_zoom":19.75},{"_mousePosition":[683,384],"_rootPartCFrame":[758.172,229.155,39.9,-0.866,0,0.501,0,1,0,-0.501,0,-0.866],"_humanoidState":5,"_cameraCFrame":[757.343,242.393,37.319,-0.925,-0.375,0.066,0,0.174,0.985,-0.381,0.91,-0.161],"_shiftlockState":true,"_pose":"FreeFall","_animationQueue":[],"_animationSpeed":1,"_zoom":19.75},{"_mousePosition":[683,384],"_rootPartCFrame":[757.863,228.692,39.773,-0.849,0,0.529,0,1,0,-0.529,0,-0.849],"_humanoidState":5,"_cameraCFrame":[757.034,241.931,37.192,-0.925,-0.375,0.066,0,0.174,0.985,-0.381,0.91,-0.161],"_shiftlockState":true,"_pose":"FreeFall","_animationQueue":[],"_animationSpeed":1,"_zoom":19.75},{"_mousePosition":[683,384],"_rootPartCFrame":[757.617,228.26,39.671,-0.866,0,0.501,0,1,0,-0.501,0,-0.866],"_humanoidState":5,"_cameraCFrame":[756.788,241.499,37.09,-0.925,-0.375,0.066,0,0.174,0.985,-0.381,0.91,-0.161],"_shiftlockState":true,"_pose":"FreeFall","_animationQueue":[["fall",0.3]],"_animationSpeed":1,"_zoom":19.75},{"_mousePosition":[683,384],"_rootPartCFrame":[757.37,227.774,39.569,-0.866,0,0.501,0,1,0,-0.501,0,-0.866],"_humanoidState":5,"_cameraCFrame":[756.548,241.013,36.987,-0.924,-0.378,0.067,0,0.174,0.985,-0.383,0.91,-0.16],"_shiftlockState":true,"_pose":"FreeFall","_animationQueue":[],"_animationSpeed":1,"_zoom":19.75},{"_mousePosition":[683,384],"_rootPartCFrame":[757.124,227.234,39.468,-0.864,0,0.503,0,1,0,-0.503,0,-0.864],"_humanoidState":5,"_cameraCFrame":[756.34,240.473,36.873,-0.918,-0.391,0.069,0,0.174,0.985,-0.397,0.904,-0.159],"_shiftlockState":true,"_pose":"FreeFall","_animationQueue":[],"_animationSpeed":1,"_zoom":19.75},{"_mousePosition":[683,384],"_rootPartCFrame":[756.877,226.639,39.366,-0.857,0,0.516,0,1,0,-0.516,0,-0.857],"_humanoidState":5,"_cameraCFrame":[756.14,239.878,36.757,-0.91,-0.407,0.072,0,0.174,0.985,-0.414,0.897,-0.158],"_shiftlockState":true,"_pose":"FreeFall","_animationQueue":[],"_animationSpeed":1,"_zoom":19.75},{"_mousePosition":[683,384],"_rootPartCFrame":[756.693,226.157,39.287,-0.865,0,0.502,0,1,0,-0.502,0,-0.865],"_humanoidState":5,"_cameraCFrame":[756.023,239.396,36.66,-0.9,-0.43,0.076,0,0.174,0.985,-0.437,0.886,-0.156],"_shiftlockState":true,"_pose":"FreeFall","_animationQueue":[],"_animationSpeed":1,"_zoom":19.75},{"_mousePosition":[683,384],"_rootPartCFrame":[756.39,225.285,39.149,-0.815,0,0.58,0,1,0,-0.58,0,-0.815],"_humanoidState":5,"_cameraCFrame":[755.819,238.524,36.5,-0.882,-0.463,0.082,0,0.174,0.985,-0.47,0.869,-0.153],"_shiftlockState":true,"_pose":"FreeFall","_animationQueue":[],"_animationSpeed":1,"_zoom":19.75},{"_mousePosition":[683,384],"_rootPartCFrame":[756.149,224.527,39.034,-0.812,0,0.583,0,1,0,-0.583,0,-0.812],"_humanoidState":5,"_cameraCFrame":[755.7,237.766,36.361,-0.86,-0.502,0.089,0,0.174,0.985,-0.51,0.847,-0.149],"_shiftlockState":true,"_pose":"FreeFall","_animationQueue":[],"_animationSpeed":1,"_zoom":19.75},{"_mousePosition":[683,384],"_rootPartCFrame":[755.972,223.922,38.941,-0.805,0,0.593,0,1,0,-0.593,0,-0.805],"_humanoidState":5,"_cameraCFrame":[755.672,237.161,36.247,-0.83,-0.549,0.097,0,0.174,0.985,-0.557,0.818,-0.144],"_shiftlockState":true,"_pose":"FreeFall","_animationQueue":[["fall",0.3]],"_animationSpeed":1,"_zoom":19.75},{"_mousePosition":[683,384],"_rootPartCFrame":[755.684,222.846,38.773,-0.727,0,0.687,0,1,0,-0.687,0,-0.727],"_humanoidState":5,"_cameraCFrame":[755.535,236.085,36.066,-0.798,-0.593,0.105,0,0.174,0.985,-0.602,0.786,-0.139],"_shiftlockState":true,"_pose":"FreeFall","_animationQueue":[],"_animationSpeed":1,"_zoom":19.75},{"_mousePosition":[683,384],"_rootPartCFrame":[755.462,222.434,38.626,-0.776,0,0.631,0,1,0,-0.631,0,-0.776],"_humanoidState":7,"_cameraCFrame":[755.435,235.673,35.916,-0.77,-0.629,0.111,0,0.174,0.985,-0.638,0.758,-0.134],"_shiftlockState":true,"_pose":"FreeFall","_animationQueue":[["walk",0.1],["fall",0.3],["fall",0.3]],"_animationSpeed":1,"_zoom":19.75},{"_mousePosition":[683,384],"_rootPartCFrame":[755.301,222.477,38.507,-0.768,0,0.64,0,1,0,-0.64,0,-0.768],"_humanoidState":7,"_cameraCFrame":[755.357,235.716,35.797,-0.75,-0.651,0.115,0,0.174,0.985,-0.661,0.739,-0.13],"_shiftlockState":true,"_pose":"FreeFall","_animationQueue":[],"_animationSpeed":1,"_zoom":19.75},{"_mousePosition":[683,384],"_rootPartCFrame":[755.094,222.565,38.339,-0.75,0,0.662,0,1,0,-0.662,0,-0.75],"_humanoidState":7,"_cameraCFrame":[755.15,235.804,35.629,-0.75,-0.651,0.115,0,0.174,0.985,-0.661,0.739,-0.13],"_shiftlockState":true,"_pose":"FreeFall","_animationQueue":[],"_animationSpeed":1,"_zoom":19.75},{"_mousePosition":[683,384],"_rootPartCFrame":[754.844,222.635,38.119,-0.75,0,0.661,0,1,0,-0.661,0,-0.75],"_humanoidState":8,"_cameraCFrame":[754.797,235.874,35.409,-0.775,-0.623,0.11,0,0.174,0.985,-0.632,0.763,-0.135],"_shiftlockState":true,"_pose":"Running","_animationQueue":[["walk",0.1],["fall",0.3],["walk",0.1]],"_animationSpeed":1.103,"_zoom":19.75},{"_mousePosition":[683,384],"_rootPartCFrame":[754.644,222.665,37.943,-0.775,0,0.632,0,1,0,-0.632,0,-0.775],"_humanoidState":8,"_cameraCFrame":[754.425,235.904,35.241,-0.813,-0.573,0.101,0,0.174,0.985,-0.582,0.801,-0.141],"_shiftlockState":true,"_pose":"Running","_animationQueue":[],"_animationSpeed":1.103,"_zoom":19.75},{"_mousePosition":[683,384],"_rootPartCFrame":[754.386,222.685,37.731,-0.813,0,0.582,0,1,0,-0.582,0,-0.813],"_humanoidState":8,"_cameraCFrame":[753.991,235.924,35.049,-0.85,-0.519,0.092,0,0.174,0.985,-0.527,0.837,-0.148],"_shiftlockState":true,"_pose":"Running","_animationQueue":[["walk",0.1]],"_animationSpeed":1.103,"_zoom":19.75},{"_mousePosition":[683,384],"_rootPartCFrame":[754.171,222.692,37.574,-0.85,0,0.527,0,1,0,-0.527,0,-0.85],"_humanoidState":8,"_cameraCFrame":[753.614,235.931,34.921,-0.88,-0.468,0.082,0,0.174,0.985,-0.475,0.867,-0.153],"_shiftlockState":true,"_pose":"Running","_animationQueue":[],"_animationSpeed":1.103,"_zoom":19.75},{"_mousePosition":[683,384],"_rootPartCFrame":[754.003,222.695,37.466,-0.88,0,0.475,0,1,0,-0.475,0,-0.88],"_humanoidState":8,"_cameraCFrame":[753.285,235.934,34.852,-0.907,-0.414,0.073,0,0.174,0.985,-0.421,0.893,-0.158],"_shiftlockState":true,"_pose":"Running","_animationQueue":[],"_animationSpeed":1.103,"_zoom":19.75},{"_mousePosition":[683,384],"_rootPartCFrame":[753.72,223.779,37.289,-0.907,0,0.421,0,1,0,-0.421,0,-0.907],"_humanoidState":3,"_cameraCFrame":[752.878,237.018,34.713,-0.926,-0.371,0.065,0,0.174,0.985,-0.376,0.912,-0.161],"_shiftlockState":true,"_pose":"Jumping","_animationQueue":[["walk",0.1],["jump",0.1]],"_animationSpeed":1,"_zoom":19.75},{"_mousePosition":[683,384],"_rootPartCFrame":[753.483,224.587,37.167,-0.888,0,0.46,0,1,0,-0.46,0,-0.888],"_humanoidState":5,"_cameraCFrame":[752.544,237.826,34.625,-0.94,-0.336,0.059,0,0.174,0.985,-0.341,0.926,-0.163],"_shiftlockState":true,"_pose":"FreeFall","_animationQueue":[["jump",0.1]],"_animationSpeed":1,"_zoom":19.75},{"_mousePosition":[683,384],"_rootPartCFrame":[753.237,225.341,37.065,-0.889,0,0.459,0,1,0,-0.459,0,-0.889],"_humanoidState":5,"_cameraCFrame":[752.221,238.58,34.552,-0.95,-0.308,0.054,0,0.174,0.985,-0.312,0.936,-0.165],"_shiftlockState":true,"_pose":"FreeFall","_animationQueue":[],"_animationSpeed":1,"_zoom":19.75},{"_mousePosition":[683,384],"_rootPartCFrame":[752.987,226.041,36.973,-0.9,0,0.435,0,1,0,-0.435,0,-0.9],"_humanoidState":5,"_cameraCFrame":[751.908,239.28,34.486,-0.958,-0.284,0.05,0,0.174,0.985,-0.288,0.943,-0.166],"_shiftlockState":true,"_pose":"FreeFall","_animationQueue":[],"_animationSpeed":1,"_zoom":19.75},{"_mousePosition":[683,384],"_rootPartCFrame":[752.734,226.686,36.888,-0.911,0,0.413,0,1,0,-0.413,0,-0.911],"_humanoidState":5,"_cameraCFrame":[751.58,239.924,34.436,-0.966,-0.255,0.045,0,0.174,0.985,-0.259,0.951,-0.168],"_shiftlockState":true,"_pose":"FreeFall","_animationQueue":[],"_animationSpeed":1,"_zoom":19.75},{"_mousePosition":[683,384],"_rootPartCFrame":[752.543,227.133,36.83,-0.935,0,0.354,0,1,0,-0.354,0,-0.935],"_humanoidState":5,"_cameraCFrame":[751.309,240.372,34.417,-0.974,-0.224,0.039,0,0.174,0.985,-0.227,0.959,-0.169],"_shiftlockState":true,"_pose":"FreeFall","_animationQueue":[],"_animationSpeed":1,"_zoom":19.75},{"_mousePosition":[683,384],"_rootPartCFrame":[752.221,227.812,36.742,-0.923,0,0.385,0,1,0,-0.385,0,-0.923],"_humanoidState":5,"_cameraCFrame":[750.849,241.051,34.405,-0.985,-0.167,0.03,0,0.174,0.985,-0.17,0.97,-0.171],"_shiftlockState":true,"_pose":"FreeFall","_animationQueue":[],"_animationSpeed":1,"_zoom":19.75},{"_mousePosition":[683,384],"_rootPartCFrame":[751.897,228.405,36.665,-0.944,0,0.331,0,1,0,-0.331,0,-0.944],"_humanoidState":5,"_cameraCFrame":[750.425,241.644,34.389,-0.992,-0.126,0.022,0,0.174,0.985,-0.127,0.977,-0.172],"_shiftlockState":true,"_pose":"FreeFall","_animationQueue":[],"_animationSpeed":1,"_zoom":19.75},{"_mousePosition":[683,384],"_rootPartCFrame":[751.766,228.618,36.641,-0.981,0,0.193,0,1,0,-0.193,0,-0.981],"_humanoidState":5,"_cameraCFrame":[750.192,241.857,34.434,-0.997,-0.081,0.014,0,0.174,0.985,-0.082,0.981,-0.173],"_shiftlockState":true,"_pose":"FreeFall","_animationQueue":[],"_animationSpeed":1,"_zoom":19.75},{"_mousePosition":[683,384],"_rootPartCFrame":[751.436,229.092,36.596,-0.969,0,0.246,0,1,0,-0.246,0,-0.969],"_humanoidState":5,"_cameraCFrame":[749.763,242.331,34.463,-0.999,-0.036,0.006,0,0.174,0.985,-0.037,0.984,-0.174],"_shiftlockState":true,"_pose":"FreeFall","_animationQueue":[],"_animationSpeed":1,"_zoom":19.75},{"_mousePosition":[683,384],"_rootPartCFrame":[751.17,229.41,36.572,-0.986,0,0.169,0,1,0,-0.169,0,-0.986],"_humanoidState":5,"_cameraCFrame":[749.407,242.649,34.514,-1,0.006,-0.001,0,0.174,0.985,0.006,0.985,-0.174],"_shiftlockState":true,"_pose":"FreeFall","_animationQueue":[],"_animationSpeed":1,"_zoom":19.75},{"_mousePosition":[683,384],"_rootPartCFrame":[750.97,229.613,36.563,-0.996,0,0.094,0,1,0,-0.094,0,-0.996],"_humanoidState":5,"_cameraCFrame":[749.125,242.852,34.578,-0.999,0.046,-0.008,0,0.174,0.985,0.047,0.984,-0.173],"_shiftlockState":true,"_pose":"FreeFall","_animationQueue":[],"_animationSpeed":1,"_zoom":19.75},{"_mousePosition":[683,384],"_rootPartCFrame":[750.637,229.883,36.564,-0.993,0,0.119,0,1,0,-0.119,0,-0.993],"_humanoidState":5,"_cameraCFrame":[748.728,243.122,34.64,-0.997,0.078,-0.014,0,0.174,0.985,0.08,0.982,-0.173],"_shiftlockState":true,"_pose":"FreeFall","_animationQueue":[],"_animationSpeed":1,"_zoom":19.75},{"_mousePosition":[683,384],"_rootPartCFrame":[750.371,230.037,36.574,-0.999,0,0.054,0,1,0,-0.054,0,-0.999],"_humanoidState":5,"_cameraCFrame":[748.418,243.276,34.694,-0.995,0.101,-0.018,0,0.174,0.985,0.102,0.98,-0.173],"_shiftlockState":true,"_pose":"FreeFall","_animationQueue":[],"_animationSpeed":1,"_zoom":19.75},{"_mousePosition":[683,384],"_rootPartCFrame":[750.171,230.117,36.589,-1,0,-0.003,0,1,0,0.003,0,-1],"_humanoidState":5,"_cameraCFrame":[748.195,243.356,34.734,-0.993,0.113,-0.02,0,0.174,0.985,0.115,0.978,-0.172],"_shiftlockState":true,"_pose":"FreeFall","_animationQueue":[],"_animationSpeed":1,"_zoom":19.75},{"_mousePosition":[683,384],"_rootPartCFrame":[749.839,230.182,36.622,-0.999,0,0.051,0,1,0,-0.051,0,-0.999],"_humanoidState":5,"_cameraCFrame":[747.854,243.421,34.777,-0.993,0.118,-0.021,0,0.174,0.985,0.12,0.978,-0.172],"_shiftlockState":true,"_pose":"FreeFall","_animationQueue":[],"_animationSpeed":1,"_zoom":19.75},{"_mousePosition":[683,384],"_rootPartCFrame":[749.574,230.173,36.652,-1,0,0.013,0,1,0,-0.013,0,-1],"_humanoidState":5,"_cameraCFrame":[747.589,243.412,34.807,-0.993,0.118,-0.021,0,0.174,0.985,0.12,0.978,-0.172],"_shiftlockState":true,"_pose":"FreeFall","_animationQueue":[],"_animationSpeed":1,"_zoom":19.75},{"_mousePosition":[683,384],"_rootPartCFrame":[749.31,230.11,36.684,-1,0,0.013,0,1,0,-0.013,0,-1],"_humanoidState":5,"_cameraCFrame":[747.324,243.349,34.839,-0.993,0.118,-0.021,0,0.174,0.985,0.12,0.978,-0.172],"_shiftlockState":true,"_pose":"FreeFall","_animationQueue":[["fall",0.3]],"_animationSpeed":1,"_zoom":19.75},{"_mousePosition":[683,384],"_rootPartCFrame":[749.111,230.026,36.708,-1,0,-0.02,0,1,0,0.02,0,-1],"_humanoidState":5,"_cameraCFrame":[747.126,243.265,34.863,-0.993,0.118,-0.021,0,0.174,0.985,0.12,0.978,-0.172],"_shiftlockState":true,"_pose":"FreeFall","_animationQueue":[],"_animationSpeed":1,"_zoom":19.75},{"_mousePosition":[683,384],"_rootPartCFrame":[748.78,229.819,36.748,-0.999,0,0.046,0,1,0,-0.046,0,-0.999],"_humanoidState":5,"_cameraCFrame":[746.795,243.058,34.903,-0.993,0.118,-0.021,0,0.174,0.985,0.12,0.978,-0.172],"_shiftlockState":true,"_pose":"FreeFall","_animationQueue":[],"_animationSpeed":1,"_zoom":19.75},{"_mousePosition":[683,384],"_rootPartCFrame":[748.582,229.654,36.772,-1,0,-0.02,0,1,0,0.02,0,-1],"_humanoidState":5,"_cameraCFrame":[746.596,242.893,34.927,-0.993,0.118,-0.021,0,0.174,0.985,0.12,0.978,-0.172],"_shiftlockState":true,"_pose":"FreeFall","_animationQueue":[],"_animationSpeed":1,"_zoom":19.75},{"_mousePosition":[683,384],"_rootPartCFrame":[748.317,229.386,36.804,-1,0,0.013,0,1,0,-0.013,0,-1],"_humanoidState":5,"_cameraCFrame":[746.332,242.625,34.959,-0.993,0.118,-0.021,0,0.174,0.985,0.12,0.978,-0.172],"_shiftlockState":true,"_pose":"FreeFall","_animationQueue":[],"_animationSpeed":1,"_zoom":19.75},{"_mousePosition":[683,384],"_rootPartCFrame":[747.987,228.974,36.844,-0.999,0,0.046,0,1,0,-0.046,0,-0.999],"_humanoidState":5,"_cameraCFrame":[746.02,242.213,34.979,-0.994,0.108,-0.019,0,0.174,0.985,0.11,0.979,-0.173],"_shiftlockState":true,"_pose":"FreeFall","_animationQueue":[],"_animationSpeed":1,"_zoom":19.75},{"_mousePosition":[683,384],"_rootPartCFrame":[747.788,228.686,36.868,-1,0,-0.01,0,1,0,0.01,0,-1],"_humanoidState":5,"_cameraCFrame":[745.864,241.925,34.959,-0.996,0.086,-0.015,0,0.174,0.985,0.087,0.981,-0.173],"_shiftlockState":true,"_pose":"FreeFall","_animationQueue":[],"_animationSpeed":1,"_zoom":19.75},{"_mousePosition":[683,384],"_rootPartCFrame":[747.475,228.138,36.941,-0.999,0,0.05,0,1,0,-0.05,0,-0.999],"_humanoidState":5,"_cameraCFrame":[745.615,241.377,34.969,-0.999,0.054,-0.009,0,0.174,0.985,0.054,0.983,-0.173],"_shiftlockState":true,"_pose":"FreeFall","_animationQueue":[["fall",0.3]],"_animationSpeed":1,"_zoom":19.75},{"_mousePosition":[683,384],"_rootPartCFrame":[747.246,227.639,37.038,-0.999,0,0.047,0,1,0,-0.047,0,-0.999],"_humanoidState":5,"_cameraCFrame":[745.473,240.878,34.988,-1,0.011,-0.002,0,0.174,0.985,0.011,0.985,-0.174],"_shiftlockState":true,"_pose":"FreeFall","_animationQueue":[],"_animationSpeed":1,"_zoom":19.75},{"_mousePosition":[683,384],"_rootPartCFrame":[747.087,227.228,37.134,-0.998,0,0.063,0,1,0,-0.063,0,-0.998],"_humanoidState":5,"_cameraCFrame":[745.419,240.467,34.997,-0.999,-0.039,0.007,0,0.174,0.985,-0.039,0.984,-0.174],"_shiftlockState":true,"_pose":"FreeFall","_animationQueue":[],"_animationSpeed":1,"_zoom":19.75},{"_mousePosition":[683,384],"_rootPartCFrame":[746.84,226.476,37.34,-0.987,0,0.161,0,1,0,-0.161,0,-0.987],"_humanoidState":5,"_cameraCFrame":[745.283,239.715,35.121,-0.996,-0.088,0.016,0,0.174,0.985,-0.09,0.981,-0.173],"_shiftlockState":true,"_pose":"FreeFall","_animationQueue":[],"_animationSpeed":1,"_zoom":19.75},{"_mousePosition":[683,384],"_rootPartCFrame":[746.645,225.813,37.521,-0.982,0,0.187,0,1,0,-0.187,0,-0.982],"_humanoidState":5,"_cameraCFrame":[745.196,239.052,35.23,-0.991,-0.135,0.024,0,0.174,0.985,-0.137,0.975,-0.172],"_shiftlockState":true,"_pose":"FreeFall","_animationQueue":[],"_animationSpeed":1,"_zoom":19.75},{"_mousePosition":[683,384],"_rootPartCFrame":[746.442,225.095,37.693,-0.972,0,0.234,0,1,0,-0.234,0,-0.972],"_humanoidState":5,"_cameraCFrame":[745.093,238.334,35.342,-0.984,-0.177,0.031,0,0.174,0.985,-0.18,0.969,-0.171],"_shiftlockState":true,"_pose":"FreeFall","_animationQueue":[],"_animationSpeed":1,"_zoom":19.75},{"_mousePosition":[683,384],"_rootPartCFrame":[746.23,224.323,37.856,-0.961,0,0.276,0,1,0,-0.276,0,-0.961],"_humanoidState":5,"_cameraCFrame":[745.008,237.562,35.436,-0.973,-0.228,0.04,0,0.174,0.985,-0.232,0.958,-0.169],"_shiftlockState":true,"_pose":"FreeFall","_animationQueue":[],"_animationSpeed":1,"_zoom":19.75},{"_mousePosition":[683,384],"_rootPartCFrame":[746.012,223.497,38.009,-0.945,0,0.326,0,1,0,-0.326,0,-0.945],"_humanoidState":5,"_cameraCFrame":[744.82,236.736,35.574,-0.97,-0.241,0.042,0,0.174,0.985,-0.244,0.955,-0.168],"_shiftlockState":true,"_pose":"FreeFall","_animationQueue":[["fall",0.3]],"_animationSpeed":1,"_zoom":19.75},{"_mousePosition":[683,384],"_rootPartCFrame":[745.786,222.616,38.15,-0.962,0,0.273,0,1,0,-0.273,0,-0.962],"_humanoidState":7,"_cameraCFrame":[744.669,235.854,35.68,-0.962,-0.269,0.048,0,0.174,0.985,-0.274,0.947,-0.167],"_shiftlockState":true,"_pose":"FreeFall","_