[{"_mousePosition":[665,293],"_rootPartCFrame":[776.035,222.7,47.142,-0.001,0,1,0,1,0,-1,0,-0.001],"_humanoidState":8,"_cameraCFrame":[778.701,243.601,44.585,-0.692,-0.709,0.135,0,0.187,0.982,-0.722,0.68,-0.129],"_shiftlockState":false,"_pose":"Standing","_animationQueue":[],"_animationSpeed":1,"_zoom":19.75},{"_mousePosition":[665,293],"_rootPartCFrame":[775.863,222.7,46.966,0.11,0,0.994,0,1,0,-0.994,0,0.11],"_humanoidState":8,"_cameraCFrame":[778.542,243.601,44.422,-0.688,-0.712,0.136,0,0.187,0.982,-0.725,0.676,-0.129],"_shiftlockState":false,"_pose":"Standing","_animationQueue":[],"_animationSpeed":1,"_zoom":19.75},{"_mousePosition":[665,293],"_rootPartCFrame":[775.678,222.7,46.774,0.203,0,0.979,0,1,0,-0.979,0,0.203],"_humanoidState":8,"_cameraCFrame":[778.358,243.601,44.23,-0.688,-0.712,0.136,0,0.187,0.982,-0.725,0.676,-0.129],"_shiftlockState":false,"_pose":"Running","_animationQueue":[["walk",0.1]],"_animationSpeed":1.066,"_zoom":19.75},{"_mousePosition":[665,293],"_rootPartCFrame":[775.495,222.7,46.58,0.282,0,0.959,0,1,0,-0.959,0,0.282],"_humanoidState":8,"_cameraCFrame":[778.174,243.601,44.037,-0.688,-0.712,0.136,0,0.187,0.982,-0.725,0.676,-0.129],"_shiftlockState":false,"_pose":"Running","_animationQueue":[],"_animationSpeed":1.066,"_zoom":19.75},{"_mousePosition":[665,293],"_rootPartCFrame":[775.311,222.7,46.387,0.35,0,0.937,0,1,0,-0.937,0,0.35],"_humanoidState":8,"_cameraCFrame":[778.016,243.601,43.871,-0.681,-0.719,0.137,0,0.187,0.982,-0.732,0.669,-0.127],"_shiftlockState":false,"_pose":"Running","_animationQueue":[],"_animationSpeed":1.066,"_zoom":19.75},{"_mousePosition":[665,293],"_rootPartCFrame":[775.128,222.7,46.194,0.407,0,0.914,0,1,0,-0.914,0,0.407],"_humanoidState":8,"_cameraCFrame":[777.864,243.601,43.712,-0.672,-0.728,0.139,0,0.187,0.982,-0.741,0.66,-0.126],"_shiftlockState":false,"_pose":"Running","_animationQueue":[],"_animationSpeed":1.066,"_zoom":19.75},{"_mousePosition":[665,293],"_rootPartCFrame":[774.946,222.7,45.999,0.456,0,0.89,0,1,0,-0.89,0,0.456],"_humanoidState":8,"_cameraCFrame":[777.726,243.601,43.566,-0.659,-0.739,0.141,0,0.187,0.982,-0.753,0.647,-0.123],"_shiftlockState":false,"_pose":"Running","_animationQueue":[],"_animationSpeed":1.066,"_zoom":19.75},{"_mousePosition":[665,293],"_rootPartCFrame":[774.766,222.7,45.801,0.499,0,0.867,0,1,0,-0.867,0,0.499],"_humanoidState":8,"_cameraCFrame":[777.584,243.608,43.471,-0.637,-0.757,0.143,0,0.185,0.983,-0.771,0.626,-0.118],"_shiftlockState":false,"_pose":"Running","_animationQueue":[],"_animationSpeed":1.066,"_zoom":19.75},{"_mousePosition":[665,293],"_rootPartCFrame":[774.591,222.7,45.601,0.536,0,0.844,0,1,0,-0.844,0,0.536],"_humanoidState":8,"_cameraCFrame":[777.424,243.622,43.41,-0.612,-0.778,0.143,0,0.181,0.983,-0.791,0.602,-0.111],"_shiftlockState":false,"_pose":"Running","_animationQueue":[["walk",0.1]],"_animationSpeed":1.066,"_zoom":19.75},{"_mousePosition":[665,293],"_rootPartCFrame":[774.42,222.7,45.396,0.571,0,0.821,0,1,0,-0.821,0,0.571],"_humanoidState":8,"_cameraCFrame":[777.262,243.636,43.344,-0.585,-0.798,0.144,0,0.177,0.984,-0.811,0.576,-0.104],"_shiftlockState":false,"_pose":"Running","_animationQueue":[],"_animationSpeed":1.066,"_zoom":19.75},{"_mousePosition":[665,293],"_rootPartCFrame":[774.257,222.7,45.185,0.604,0,0.797,0,1,0,-0.797,0,0.604],"_humanoidState":8,"_cameraCFrame":[777.097,243.65,43.263,-0.56,-0.816,0.144,0,0.174,0.985,-0.828,0.552,-0.097],"_shiftlockState":false,"_pose":"Running","_animationQueue":[],"_animationSpeed":1.066,"_zoom":19.75},{"_mousePosition":[665,293],"_rootPartCFrame":[774.1,222.7,44.969,0.635,0,0.772,0,1,0,-0.772,0,0.635],"_humanoidState":8,"_cameraCFrame":[776.997,243.65,43.135,-0.535,-0.832,0.147,0,0.174,0.985,-0.845,0.527,-0.093],"_shiftlockState":false,"_pose":"Running","_animationQueue":[],"_animationSpeed":1.066,"_zoom":19.75},{"_mousePosition":[665,293],"_rootPartCFrame":[773.95,222.7,44.749,0.665,0,0.747,0,1,0,-0.747,0,0.665],"_humanoidState":8,"_cameraCFrame":[776.897,243.65,42.995,-0.511,-0.846,0.149,0,0.174,0.985,-0.859,0.504,-0.089],"_shiftlockState":false,"_pose":"Running","_animationQueue":[],"_animationSpeed":1.066,"_zoom":19.75},{"_mousePosition":[665,293],"_rootPartCFrame":[773.807,222.7,44.524,0.692,0,0.722,0,1,0,-0.722,0,0.692],"_humanoidState":8,"_cameraCFrame":[776.802,243.65,42.853,-0.487,-0.86,0.152,0,0.174,0.985,-0.873,0.48,-0.085],"_shiftlockState":false,"_pose":"Running","_animationQueue":[],"_animationSpeed":1.066,"_zoom":19.75},{"_mousePosition":[665,293],"_rootPartCFrame":[773.67,222.7,44.295,0.718,0,0.696,0,1,0,-0.696,0,0.718],"_humanoidState":8,"_cameraCFrame":[776.71,243.65,42.708,-0.463,-0.873,0.154,0,0.174,0.985,-0.887,0.456,-0.08],"_shiftlockState":false,"_pose":"Running","_animationQueue":[],"_animationSpeed":1.066,"_zoom":19.75},{"_mousePosition":[665,293],"_rootPartCFrame":[773.539,222.7,44.063,0.742,0,0.671,0,1,0,-0.671,0,0.742],"_humanoidState":8,"_cameraCFrame":[776.619,243.65,42.553,-0.44,-0.884,0.156,0,0.174,0.985,-0.898,0.433,-0.076],"_shiftlockState":false,"_pose":"Running","_animationQueue":[["walk",0.1]],"_animationSpeed":1.066,"_zoom":19.75},{"_mousePosition":[665,293],"_rootPartCFrame":[773.415,222.7,43.826,0.764,0,0.645,0,1,0,-0.645,0,0.764],"_humanoidState":8,"_cameraCFrame":[776.55,243.65,42.435,-0.406,-0.9,0.159,0,0.174,0.985,-0.914,0.4,-0.07],"_shiftlockState":false,"_pose":"Running","_animationQueue":[],"_animationSpeed":1.066,"_zoom":19.75},{"_mousePosition":[665,293],"_rootPartCFrame":[773.298,222.7,43.587,0.785,0,0.62,0,1,0,-0.62,0,0.785],"_humanoidState":8,"_cameraCFrame":[776.46,243.65,42.26,-0.387,-0.908,0.16,0,0.174,0.985,-0.922,0.381,-0.067],"_shiftlockState":false,"_pose":"Running","_animationQueue":[],"_animationSpeed":1.066,"_zoom":19.75},{"_mousePosition":[665,293],"_rootPartCFrame":[773.189,222.7,43.344,0.805,0,0.593,0,1,0,-0.593,0,0.805],"_humanoidState":8,"_cameraCFrame":[776.367,243.65,42.056,-0.375,-0.913,0.161,0,0.174,0.985,-0.927,0.37,-0.065],"_shiftlockState":false,"_pose":"Running","_animationQueue":[],"_animationSpeed":1.066,"_zoom":19.75},{"_mousePosition":[665,293],"_rootPartCFrame":[773.085,222.7,43.098,0.823,0,0.567,0,1,0,-0.567,0,0.823],"_humanoidState":8,"_cameraCFrame":[776.264,243.65,41.811,-0.375,-0.913,0.161,0,0.174,0.985,-0.927,0.37,-0.065],"_shiftlockState":false,"_pose":"Running","_animationQueue":[],"_animationSpeed":1.066,"_zoom":19.75},{"_mousePosition":[665,293],"_rootPartCFrame":[772.985,222.7,42.851,0.84,0,0.543,0,1,0,-0.543,0,0.84],"_humanoidState":8,"_cameraCFrame":[776.163,243.65,41.564,-0.375,-0.913,0.161,0,0.174,0.985,-0.927,0.37,-0.065],"_shiftlockState":false,"_pose":"Running","_animationQueue":[],"_animationSpeed":1.066,"_zoom":19.75},{"_mousePosition":[665,293],"_rootPartCFrame":[772.885,222.7,42.604,0.853,0,0.521,0,1,0,-0.521,0,0.853],"_humanoidState":8,"_cameraCFrame":[776.063,243.65,41.316,-0.375,-0.913,0.161,0,0.174,0.985,-0.927,0.37,-0.065],"_shiftlockState":false,"_pose":"Running","_animationQueue":[["walk",0.1]],"_animationSpeed":1.066,"_zoom":19.75},{"_mousePosition":[665,293],"_rootPartCFrame":[772.784,222.7,42.357,0.865,0,0.502,0,1,0,-0.502,0,0.865],"_humanoidState":8,"_cameraCFrame":[775.963,243.65,41.069,-0.375,-0.913,0.161,0,0.174,0.985,-0.927,0.37,-0.065],"_shiftlockState":false,"_pose":"Running","_animationQueue":[],"_animationSpeed":1.066,"_zoom":19.75},{"_mousePosition":[665,293],"_rootPartCFrame":[772.684,222.7,42.11,0.874,0,0.486,0,1,0,-0.486,0,0.874],"_humanoidState":8,"_cameraCFrame":[775.866,243.65,40.83,-0.373,-0.914,0.161,0,0.174,0.985,-0.928,0.367,-0.065],"_shiftlockState":false,"_pose":"Running","_animationQueue":[],"_animationSpeed":1.066,"_zoom":19.75},{"_mousePosition":[665,293],"_rootPartCFrame":[772.584,222.7,41.862,0.882,0,0.471,0,1,0,-0.471,0,0.882],"_humanoidState":8,"_cameraCFrame":[775.766,243.65,40.583,-0.373,-0.914,0.161,0,0.174,0.985,-0.928,0.367,-0.065],"_shiftlockState":false,"_pose":"Running","_animationQueue":[],"_animationSpeed":1.066,"_zoom":19.75},{"_mousePosition":[665,293],"_rootPartCFrame":[772.485,222.7,41.615,0.889,0,0.458,0,1,0,-0.458,0,0.889],"_humanoidState":8,"_cameraCFrame":[775.667,243.65,40.336,-0.373,-0.914,0.161,0,0.174,0.985,-0.928,0.367,-0.065],"_shiftlockState":false,"_pose":"Running","_animationQueue":[],"_animationSpeed":1.066,"_zoom":19.75},{"_mousePosition":[665,293],"_rootPartCFrame":[772.385,222.7,41.368,0.895,0,0.447,0,1,0,-0.447,0,0.895],"_humanoidState":8,"_cameraCFrame":[775.567,243.65,40.088,-0.373,-0.914,0.161,0,0.174,0.985,-0.928,0.367,-0.065],"_shiftlockState":false,"_pose":"Running","_animationQueue":[],"_animationSpeed":1.066,"_zoom":19.75},{"_mousePosition":[665,293],"_rootPartCFrame":[772.286,222.666,41.12,0.9,0,0.436,0,1,0,-0.436,0,0.9],"_humanoidState":8,"_cameraCFrame":[774.815,243.616,38.217,-0.373,-0.914,0.161,0,0.174,0.985,-0.928,0.367,-0.065],"_shiftlockState":true,"_pose":"Running","_animationQueue":[],"_animationSpeed":1.066,"_zoom":19.75},{"_mousePosition":[683,384],"_rootPartCFrame":[772.187,223.528,40.873,-0.361,0,0.932,0,1,0,-0.932,0,-0.361],"_humanoidState":3,"_cameraCFrame":[774.716,244.478,37.97,-0.373,-0.914,0.161,0,0.174,0.985,-0.928,0.367,-0.065],"_shiftlockState":true,"_pose":"Jumping","_animationQueue":[["walk",0.1],["walk",0.1],["jump",0.1]],"_animationSpeed":1,"_zoom":19.75},{"_mousePosition":[683,384],"_rootPartCFrame":[772.112,224.14,40.687,-0.311,0,0.95,0,1,0,-0.95,0,-0.311],"_humanoidState":5,"_cameraCFrame":[774.641,245.09,37.784,-0.373,-0.914,0.161,0,0.174,0.985,-0.928,0.367,-0.065],"_shiftlockState":true,"_pose":"FreeFall","_animationQueue":[["jump",0.1]],"_animationSpeed":1,"_zoom":19.75},{"_mousePosition":[683,384],"_rootPartCFrame":[772.013,224.907,40.44,-0.254,0,0.967,0,1,0,-0.967,0,-0.254],"_humanoidState":5,"_cameraCFrame":[774.542,245.857,37.537,-0.373,-0.914,0.161,0,0.174,0.985,-0.928,0.367,-0.065],"_shiftlockState":true,"_pose":"FreeFall","_animationQueue":[],"_animationSpeed":1,"_zoom":19.75},{"_mousePosition":[683,384],"_rootPartCFrame":[771.913,225.62,40.192,-0.247,0,0.969,0,1,0,-0.969,0,-0.247],"_humanoidState":5,"_cameraCFrame":[774.442,246.57,37.289,-0.373,-0.914,0.161,0,0.174,0.985,-0.928,0.367,-0.065],"_shiftlockState":true,"_pose":"FreeFall","_animationQueue":[],"_animationSpeed":1,"_zoom":19.75},{"_mousePosition":[683,384],"_rootPartCFrame":[771.789,226.435,39.883,-0.214,0,0.977,0,1,0,-0.977,0,-0.214],"_humanoidState":5,"_cameraCFrame":[774.318,247.385,36.98,-0.373,-0.914,0.161,0,0.174,0.985,-0.928,0.367,-0.065],"_shiftlockState":true,"_pose":"FreeFall","_animationQueue":[],"_animationSpeed":1,"_zoom":19.75},{"_mousePosition":[683,384],"_rootPartCFrame":[771.69,227.025,39.636,-0.246,0,0.969,0,1,0,-0.969,0,-0.246],"_humanoidState":5,"_cameraCFrame":[774.212,247.975,36.726,-0.375,-0.913,0.161,0,0.174,0.985,-0.927,0.37,-0.065],"_shiftlockState":true,"_pose":"FreeFall","_animationQueue":[],"_animationSpeed":1,"_zoom":19.75},{"_mousePosition":[683,384],"_rootPartCFrame":[771.59,227.561,39.388,-0.249,0,0.969,0,1,0,-0.969,0,-0.249],"_humanoidState":5,"_cameraCFrame":[774.09,248.511,36.46,-0.382,-0.91,0.16,0,0.174,0.985,-0.924,0.377,-0.066],"_shiftlockState":true,"_pose":"FreeFall","_animationQueue":[],"_animationSpeed":1,"_zoom":19.75},{"_mousePosition":[683,384],"_rootPartCFrame":[771.49,228.043,39.141,-0.256,0,0.967,0,1,0,-0.967,0,-0.256],"_humanoidState":5,"_cameraCFrame":[773.968,248.993,36.194,-0.389,-0.907,0.16,0,0.174,0.985,-0.921,0.384,-0.068],"_shiftlockState":true,"_pose":"FreeFall","_animationQueue":[],"_animationSpeed":1,"_zoom":19.75},{"_mousePosition":[683,384],"_rootPartCFrame":[771.389,228.47,38.894,-0.264,0,0.965,0,1,0,-0.965,0,-0.264],"_humanoidState":5,"_cameraCFrame":[773.851,249.42,35.935,-0.394,-0.905,0.16,0,0.174,0.985,-0.919,0.388,-0.068],"_shiftlockState":true,"_pose":"FreeFall","_animationQueue":[],"_animationSpeed":1,"_zoom":19.75},{"_mousePosition":[683,384],"_rootPartCFrame":[771.311,228.754,38.71,-0.3,0,0.954,0,1,0,-0.954,0,-0.3],"_humanoidState":5,"_cameraCFrame":[773.758,249.704,35.738,-0.399,-0.903,0.159,0,0.174,0.985,-0.917,0.393,-0.069],"_shiftlockState":true,"_pose":"FreeFall","_animationQueue":[],"_animationSpeed":1,"_zoom":19.75},{"_mousePosition":[683,384],"_rootPartCFrame":[771.18,229.16,38.404,-0.241,0,0.97,0,1,0,-0.97,0,-0.241],"_humanoidState":5,"_cameraCFrame":[773.612,250.11,35.419,-0.403,-0.901,0.159,0,0.174,0.985,-0.915,0.397,-0.07],"_shiftlockState":true,"_pose":"FreeFall","_animationQueue":[],"_animationSpeed":1,"_zoom":19.75},{"_mousePosition":[683,384],"_rootPartCFrame":[771.1,229.363,38.22,-0.31,0,0.951,0,1,0,-0.951,0,-0.31],"_humanoidState":5,"_cameraCFrame":[773.517,250.313,35.223,-0.408,-0.899,0.159,0,0.174,0.985,-0.913,0.402,-0.071],"_shiftlockState":true,"_pose":"FreeFall","_animationQueue":[],"_animationSpeed":1,"_zoom":19.75},{"_mousePosition":[683,384],"_rootPartCFrame":[770.993,229.585,37.976,-0.283,0,0.959,0,1,0,-0.959,0,-0.283],"_humanoidState":5,"_cameraCFrame":[773.372,250.535,34.949,-0.42,-0.894,0.158,0,0.174,0.985,-0.908,0.413,-0.073],"_shiftlockState":true,"_pose":"FreeFall","_animationQueue":[],"_animationSpeed":1,"_zoom":19.75},{"_mousePosition":[683,384],"_rootPartCFrame":[770.857,229.787,37.672,-0.263,0,0.965,0,1,0,-0.965,0,-0.263],"_humanoidState":5,"_cameraCFrame":[773.182,250.737,34.603,-0.436,-0.887,0.156,0,0.174,0.985,-0.9,0.429,-0.076],"_shiftlockState":true,"_pose":"FreeFall","_animationQueue":[],"_animationSpeed":1,"_zoom":19.75},{"_mousePosition":[683,384],"_rootPartCFrame":[770.746,229.887,37.429,-0.312,0,0.95,0,1,0,-0.95,0,-0.312],"_humanoidState":5,"_cameraCFrame":[772.992,250.836,34.303,-0.458,-0.875,0.154,0,0.174,0.985,-0.889,0.451,-0.08],"_shiftlockState":true,"_pose":"FreeFall","_animationQueue":[],"_animationSpeed":1,"_zoom":19.75},{"_mousePosition":[683,384],"_rootPartCFrame":[770.63,229.932,37.189,-0.336,0,0.942,0,1,0,-0.942,0,-0.336],"_humanoidState":5,"_cameraCFrame":[772.773,250.882,33.99,-0.487,-0.86,0.152,0,0.174,0.985,-0.873,0.48,-0.085],"_shiftlockState":true,"_pose":"FreeFall","_animationQueue":[],"_animationSpeed":1,"_zoom":19.75},{"_mousePosition":[683,384],"_rootPartCFrame":[770.539,229.93,37.011,-0.398,0,0.918,0,1,0,-0.918,0,-0.398],"_humanoidState":5,"_cameraCFrame":[772.559,250.88,33.733,-0.52,-0.841,0.148,0,0.174,0.985,-0.854,0.512,-0.09],"_shiftlockState":true,"_pose":"FreeFall","_animationQueue":[],"_animationSpeed":1,"_zoom":19.75},{"_mousePosition":[683,384],"_rootPartCFrame":[770.378,229.859,36.719,-0.371,0,0.929,0,1,0,-0.929,0,-0.371],"_humanoidState":5,"_cameraCFrame":[772.264,250.809,33.362,-0.554,-0.82,0.145,0,0.174,0.985,-0.832,0.546,-0.096],"_shiftlockState":true,"_pose":"FreeFall","_animationQueue":[],"_animationSpeed":1,"_zoom":19.75},{"_mousePosition":[683,384],"_rootPartCFrame":[770.241,229.741,36.491,-0.439,0,0.899,0,1,0,-0.899,0,-0.439],"_humanoidState":5,"_cameraCFrame":[771.989,250.691,33.06,-0.587,-0.797,0.141,0,0.174,0.985,-0.809,0.578,-0.102],"_shiftlockState":true,"_pose":"FreeFall","_animationQueue":[],"_animationSpeed":1,"_zoom":19.75},{"_mousePosition":[683,384],"_rootPartCFrame":[770.095,229.568,36.268,-0.475,0,0.88,0,1,0,-0.88,0,-0.475],"_humanoidState":5,"_cameraCFrame":[771.693,250.518,32.765,-0.622,-0.771,0.136,0,0.174,0.985,-0.783,0.612,-0.108],"_shiftlockState":true,"_pose":"FreeFall","_animationQueue":[],"_animationSpeed":1,"_zoom":19.75},{"_mousePosition":[683,384],"_rootPartCFrame":[769.939,229.341,36.051,-0.512,0,0.859,0,1,0,-0.859,0,-0.512],"_humanoidState":5,"_cameraCFrame":[771.404,250.291,32.49,-0.651,-0.748,0.132,0,0.174,0.985,-0.759,0.641,-0.113],"_shiftlockState":true,"_pose":"FreeFall","_animationQueue":[["fall",0.3]],"_animationSpeed":1,"_zoom":19.75},{"_mousePosition":[683,384],"_rootPartCFrame":[769.775,229.06,35.841,-0.544,0,0.839,0,1,0,-0.839,0,-0.544],"_humanoidState":5,"_cameraCFrame":[771.131,250.01,32.237,-0.674,-0.728,0.128,0,0.174,0.985,-0.739,0.663,-0.117],"_shiftlockState":true,"_pose":"FreeFall","_animationQueue":[],"_animationSpeed":1,"_zoom":19.75},{"_mousePosition":[683,384],"_rootPartCFrame":[769.602,228.724,35.638,-0.569,0,0.822,0,1,0,-0.822,0,-0.569],"_humanoidState":5,"_cameraCFrame":[770.876,249.674,32.004,-0.69,-0.713,0.126,0,0.174,0.985,-0.724,0.68,-0.12],"_shiftlockState":true,"_pose":"FreeFall","_animationQueue":[],"_animationSpeed":1,"_zoom":19.75},{"_mousePosition":[683,384],"_rootPartCFrame":[769.469,228.436,35.489,-0.615,0,0.789,0,1,0,-0.789,0,-0.615],"_humanoidState":5,"_cameraCFrame":[770.631,249.386,31.818,-0.712,-0.692,0.122,0,0.174,0.985,-0.702,0.701,-0.124],"_shiftlockState":true,"_pose":"FreeFall","_animationQueue":[],"_animationSpeed":1,"_zoom":19.75},{"_mousePosition":[683,384],"_rootPartCFrame":[769.239,227.888,35.247,-0.586,0,0.811,0,1,0,-0.811,0,-0.586],"_humanoidState":5,"_cameraCFrame":[770.308,248.838,31.548,-0.729,-0.674,0.119,0,0.174,0.985,-0.684,0.718,-0.127],"_shiftlockState":true,"_pose":"FreeFall","_animationQueue":[],"_animationSpeed":1,"_zoom":19.75},{"_mousePosition":[683,384],"_rootPartCFrame":[769.098,227.518,35.106,-0.708,0,0.707,0,1,0,-0.707,0,-0.708],"_humanoidState":7,"_cameraCFrame":[770.026,248.468,31.369,-0.755,-0.646,0.114,0,0.174,0.985,-0.656,0.743,-0.131],"_shiftlockState":true,"_pose":"FreeFall","_animationQueue":[["walk",0.1],["fall",0.3],["fall",0.3]],"_animationSpeed":1,"_zoom":19.75},{"_mousePosition":[683,384],"_rootPartCFrame":[768.904,227.048,34.923,-0.752,0,0.66,0,1,0,-0.66,0,-0.752],"_humanoidState":7,"_cameraCFrame":[769.651,247.998,31.146,-0.786,-0.609,0.107,0,0.174,0.985,-0.619,0.774,-0.136],"_shiftlockState":true,"_pose":"FreeFall","_animationQueue":[],"_animationSpeed":1,"_zoom":19.75},{"_mousePosition":[683,384],"_rootPartCFrame":[768.704,227.03,34.747,-0.785,0,0.619,0,1,0,-0.619,0,-0.785],"_humanoidState":7,"_cameraCFrame":[769.249,247.98,30.935,-0.817,-0.567,0.1,0,0.174,0.985,-0.576,0.805,-0.142],"_shiftlockState":true,"_pose":"FreeFall","_animationQueue":[["fall",0.3]],"_animationSpeed":1,"_zoom":19.75},{"_mousePosition":[683,384],"_rootPartCFrame":[768.443,227.109,34.539,-0.817,0,0.576,0,1,0,-0.576,0,-0.817],"_humanoidState":8,"_cameraCFrame":[768.746,248.059,30.701,-0.852,-0.515,0.091,0,0.174,0.985,-0.523,0.839,-0.148],"_shiftlockState":true,"_pose":"Running","_animationQueue":[["walk",0.1],["fall",0.3],["walk",0.1]],"_animationSpeed":1.103,"_zoom":19.75},{"_mousePosition":[683,384],"_rootPartCFrame":[768.226,227.15,34.384,-0.852,0,0.523,0,1,0,-0.523,0,-0.852],"_humanoidState":8,"_cameraCFrame":[768.267,248.1,30.534,-0.886,-0.457,0.081,0,0.174,0.985,-0.464,0.872,-0.154],"_shiftlockState":true,"_pose":"Running","_animationQueue":[],"_animationSpeed":1.103,"_zoom":19.75},{"_mousePosition":[683,384],"_rootPartCFrame":[767.943,227.176,34.207,-0.886,0,0.464,0,1,0,-0.464,0,-0.886],"_humanoidState":8,"_cameraCFrame":[767.692,248.126,30.365,-0.919,-0.389,0.069,0,0.174,0.985,-0.395,0.905,-0.159],"_shiftlockState":true,"_pose":"Running","_animationQueue":[],"_animationSpeed":1.103,"_zoom":19.75},{"_mousePosition":[683,384],"_rootPartCFrame":[767.768,227.185,34.112,-0.919,0,0.395,0,1,0,-0.395,0,-0.919],"_humanoidState":8,"_cameraCFrame":[767.226,248.135,30.3,-0.946,-0.32,0.056,0,0.174,0.985,-0.325,0.931,-0.164],"_shiftlockState":true,"_pose":"Running","_animationQueue":[],"_animationSpeed":1.103,"_zoom":19.75},{"_mousePosition":[683,384],"_rootPartCFrame":[767.524,227.192,34.004,-0.946,0,0.325,0,1,0,-0.325,0,-0.946],"_humanoidState":8,"_cameraCFrame":[766.694,248.142,30.244,-0.968,-0.248,0.044,0,0.174,0.985,-0.252,0.953,-0.168],"_shiftlockState":true,"_pose":"Running","_animationQueue":[],"_animationSpeed":1.103,"_zoom":19.75},{"_mousePosition":[683,384],"_rootPartCFrame":[767.21,227.196,33.893,-0.968,0,0.252,0,1,0,-0.252,0,-0.968],"_humanoidState":8,"_cameraCFrame":[766.116,248.146,30.201,-0.983,-0.18,0.032,0,0.174,0.985,-0.183,0.968,-0.171],"_shiftlockState":true,"_pose":"Running","_animationQueue":[["walk",0.1]],"_animationSpeed":1.103,"_zoom":19.75},{"_mousePosition":[683,384],"_rootPartCFrame":[767.017,227.197,33.84,-0.983,0,0.183,0,1,0,-0.183,0,-0.983],"_humanoidState":8,"_cameraCFrame":[765.71,248.147,30.218,-0.992,-0.123,0.022,0,0.174,0.985,-0.125,0.977,-0.172],"_shiftlockState":true,"_pose":"Running","_animationQueue":[],"_animationSpeed":1.103,"_zoom":19.75},{"_mousePosition":[683,384],"_rootPartCFrame":[766.755,227.198,33.788,-0.992,0,0.125,0,1,0,-0.125,0,-0.992],"_humanoidState":8,"_cameraCFrame":[765.276,248.148,30.233,-0.997,-0.076,0.013,0,0.174,0.985,-0.077,0.982,-0.173],"_shiftlockState":true,"_pose":"Running","_animationQueue":[],"_animationSpeed":1.103,"_zoom":19.75},{"_mousePosition":[683,384],"_rootPartCFrame":[766.491,227.504,33.753,-0.997,0,0.077,0,1,0,-0.077,0,-0.997],"_humanoidState":8,"_cameraCFrame":[764.852,248.454,30.269,-0.999,-0.031,0.006,0,0.174,0.985,-0.032,0.984,-0.174],"_shiftlockState":true,"_pose":"Running","_animationQueue":[],"_animationSpeed":1.103,"_zoom":19.75},{"_mousePosition":[683,384],"_rootPartCFrame":[766.161,228.588,33.71,-0.999,0,0.032,0,1,0,-0.032,0,-0.999],"_humanoidState":3,"_cameraCFrame":[764.477,249.538,30.248,-1,-0.019,0.003,0,0.174,0.985,-0.019,0.985,-0.174],"_shiftlockState":true,"_pose":"Jumping","_animationQueue":[["walk",0.1],["jump",0.1]],"_animationSpeed":1,"_zoom":19.75},{"_mousePosition":[683,384],"_rootPartCFrame":[765.895,229.396,33.696,-0.994,0,0.111,0,1,0,-0.111,0,-0.994],"_humanoidState":5,"_cameraCFrame":[764.194,250.346,30.242,-1,-0.014,0.002,0,0.174,0.985,-0.014,0.985,-0.174],"_shiftlockState":true,"_pose":"FreeFall","_animationQueue":[["jump",0.1]],"_animationSpeed":1,"_zoom":19.75},{"_mousePosition":[683,384],"_rootPartCFrame":[765.695,229.967,33.691,-0.994,0,0.11,0,1,0,-0.11,0,-0.994],"_humanoidState":5,"_cameraCFrame":[765.726,250.917,30.262,-1,-0.009,0.002,0,0.174,0.985,-0.009,0.985,-0.174],"_shiftlockState":false,"_pose":"FreeFall","_animationQueue":[],"_animationSpeed":1,"_zoom":19.75},{"_mousePosition":[683,384],"_rootPartCFrame":[765.361,230.849,33.686,-0.962,0,0.272,0,1,0,-0.272,0,-0.962],"_humanoidState":5,"_cameraCFrame":[765.393,251.799,30.257,-1,-0.009,0.002,0,0.174,0.985,-0.009,0.985,-0.174],"_shiftlockState":false,"_pose":"FreeFall","_animationQueue":[],"_animationSpeed":1,"_zoom":19.75},{"_mousePosition":[683,384],"_rootPartCFrame":[765.161,231.338,33.684,-0.93,0,0.367,0,1,0,-0.367,0,-0.93],"_humanoidState":5,"_cameraCFrame":[765.15,252.288,30.255,-1,0.003,-0.001,0,0.174,0.985,0.003,0.985,-0.174],"_shiftlockState":false,"_pose":"FreeFall","_animationQueue":[],"_animationSpeed":1,"_zoom":19.75},{"_mousePosition":[683,384],"_rootPartCFrame":[764.895,231.942,33.682,-0.873,0,0.487,0,1,0,-0.487,0,-0.873],"_humanoidState":5,"_cameraCFrame":[764.831,252.892,30.253,-1,0.018,-0.003,0,0.174,0.985,0.019,0.985,-0.174],"_shiftlockState":false,"_pose":"FreeFall","_animationQueue":[],"_animationSpeed":1,"_zoom":19.75},{"_mousePosition":[683,384],"_rootPartCFrame":[764.628,232.492,33.682,-0.801,0,0.599,0,1,0,-0.599,0,-0.801],"_humanoidState":5,"_cameraCFrame":[764.504,253.442,30.255,-0.999,0.036,-0.006,0,0.174,0.985,0.036,0.984,-0.174],"_shiftlockState":false,"_pose":"FreeFall","_animationQueue":[],"_animationSpeed":1,"_zoom":19.75},{"_mousePosition":[683,384],"_rootPartCFrame":[764.295,233.102,33.688,-0.699,0,0.716,0,1,0,-0.716,0,-0.699],"_humanoidState":5,"_cameraCFrame":[764.118,254.052,30.263,-0.999,0.051,-0.009,0,0.174,0.985,0.052,0.983,-0.173],"_shiftlockState":false,"_pose":"FreeFall","_animationQueue":[],"_animationSpeed":1,"_zoom":19.75},{"_mousePosition":[683,384],"_rootPartCFrame":[764.095,233.427,33.695,-0.639,0,0.769,0,1,0,-0.769,0,-0.639],"_humanoidState":5,"_cameraCFrame":[763.875,254.377,30.272,-0.998,0.063,-0.011,0,0.174,0.985,0.064,0.983,-0.173],"_shiftlockState":false,"_pose":"FreeFall","_animationQueue":[],"_animationSpeed":1,"_zoom":19.75},{"_mousePosition":[683,384],"_rootPartCFrame":[763.762,233.901,33.711,-0.548,0,0.836,0,1,0,-0.836,0,-0.548],"_humanoidState":5,"_cameraCFrame":[763.542,254.851,30.289,-0.998,0.063,-0.011,0,0.174,0.985,0.064,0.983,-0.173],"_shiftlockState":false,"_pose":"FreeFall","_animationQueue":[],"_animationSpeed":1,"_zoom":19.75},{"_mousePosition":[683,384],"_rootPartCFrame":[763.563,234.145,33.723,-0.5,0,0.866,0,1,0,-0.866,0,-0.5],"_humanoidState":5,"_cameraCFrame":[763.343,255.095,30.301,-0.998,0.063,-0.011,0,0.174,0.985,0.064,0.983,-0.173],"_shiftlockState":false,"_pose":"FreeFall","_animationQueue":[],"_animationSpeed":1,"_zoom":19.75},{"_mousePosition":[683,384],"_rootPartCFrame":[763.23,234.483,33.745,-0.429,0,0.903,0,1,0,-0.903,0,-0.429],"_humanoidState":5,"_cameraCFrame":[763.01,255.433,30.322,-0.998,0.063,-0.011,0,0.174,0.985,0.064,0.983,-0.173],"_shiftlockState":false,"_pose":"FreeFall","_animationQueue":[],"_animationSpeed":1,"_zoom":19.75},{"_mousePosition":[683,384],"_rootPartCFrame":[763.03,234.644,33.758,-0.392,0,0.92,0,1,0,-0.92,0,-0.392],"_humanoidState":5,"_cameraCFrame":[762.81,255.594,30.335,-0.998,0.063,-0.011,0,0.174,0.985,0.064,0.983,-0.173],"_shiftlockState":false,"_pose":"FreeFall","_animationQueue":[],"_animationSpeed":1,"_zoom":19.75},{"_mousePosition":[683,384],"_rootPartCFrame":[762.764,234.812,33.775,-0.348,0,0.938,0,1,0,-0.938,0,-0.348],"_humanoidState":5,"_cameraCFrame":[762.527,255.762,30.353,-0.998,0.068,-0.012,0,0.174,0.985,0.069,0.982,-0.173],"_shiftlockState":false,"_pose":"FreeFall","_animationQueue":[],"_animationSpeed":1,"_zoom":19.75},{"_mousePosition":[683,384],"_rootPartCFrame":[762.498,234.926,33.792,-0.309,0,0.951,0,1,0,-0.951,0,-0.309],"_humanoidState":5,"_cameraCFrame":[762.261,255.876,30.371,-0.998,0.068,-0.012,0,0.174,0.985,0.069,0.982,-0.173],"_shiftlockState":false,"_pose":"FreeFall","_animationQueue":[],"_animationSpeed":1,"_zoom":19.75},{"_mousePosition":[683,384],"_rootPartCFrame":[762.232,234.985,33.81,-0.276,0,0.961,0,1,0,-0.961,0,-0.276],"_humanoidState":5,"_cameraCFrame":[761.992,255.928,30.351,-0.998,0.068,-0.012,0,0.176,0.984,0.069,0.982,-0.175],"_shiftlockState":false,"_pose":"FreeFall","_animationQueue":[],"_animationSpeed":1,"_zoom":19.75},{"_mousePosition":[683,384],"_rootPartCFrame":[761.899,234.982,33.833,-0.24,0,0.971,0,1,0,-0.971,0,-0.24],"_humanoidState":5,"_cameraCFrame":[761.679,255.905,30.259,-0.998,0.061,-0.011,0,0.181,0.983,0.062,0.982,-0.181],"_shiftlockState":false,"_pose":"FreeFall","_animationQueue":[["fall",0.3]],"_animationSpeed":1,"_zoom":19.75},{"_mousePosition":[683,384],"_rootPartCFrame":[761.7,234.939,33.847,-0.222,0,0.975,0,1,0,-0.975,0,-0.222],"_humanoidState":5,"_cameraCFrame":[761.525,255.826,30.081,-0.999,0.046,-0.009,0,0.191,0.982,0.046,0.981,-0.191],"_shiftlockState":false,"_pose":"FreeFall","_animationQueue":[],"_animationSpeed":1,"_zoom":19.75},{"_mousePosition":[683,384],"_rootPartCFrame":[761.434,234.835,33.864,-0.2,0,0.98,0,1,0,-0.98,0,-0.2],"_humanoidState":5,"_cameraCFrame":[761.37,255.684,29.905,-1,0.016,-0.003,0,0.2,0.98,0.016,0.98,-0.2],"_shiftlockState":false,"_pose":"FreeFall","_animationQueue":[],"_animationSpeed":1,"_zoom":19.75},{"_mousePosition":[683,384],"_rootPartCFrame":[761.167,234.676,33.877,-0.179,0,0.984,0,1,0,-0.984,0,-0.179],"_humanoidState":5,"_cameraCFrame":[761.256,255.502,29.806,-1,-0.021,0.005,0,0.206,0.979,-0.022,0.978,-0.206],"_shiftlockState":false,"_pose":"FreeFall","_animationQueue":[],"_animationSpeed":1,"_zoom":19.75},{"_mousePosition":[683,384],"_rootPartCFrame":[760.901,234.463,33.882,-0.158,0,0.987,0,1,0,-0.987,0,-0.158],"_humanoidState":5,"_cameraCFrame":[761.117,255.272,29.741,-0.999,-0.051,0.011,0,0.21,0.978,-0.052,0.976,-0.21],"_shiftlockState":false,"_pose":"FreeFall","_animationQueue":[],"_animationSpeed":1,"_zoom":19.75},{"_mousePosition":[683,384],"_rootPartCFrame":[760.634,234.195,33.878,-0.135,0,0.991,0,1,0,-0.991,0,-0.135],"_humanoidState":5,"_cameraCFrame":[760.884,254.996,29.701,-0.998,-0.058,0.013,0,0.212,0.977,-0.06,0.976,-0.212],"_shiftlockState":false,"_pose":"FreeFall","_animationQueue":[],"_animationSpeed":1,"_zoom":19.75},{"_mousePosition":[683,384],"_rootPartCFrame":[760.368,233.872,33.865,-0.111,0,0.994,0,1,0,-0.994,0,-0.111],"_humanoidState":5,"_cameraCFrame":[760.618,254.674,29.688,-0.998,-0.058,0.013,0,0.212,0.977,-0.06,0.976,-0.212],"_shiftlockState":false,"_pose":"FreeFall","_animationQueue":[],"_animationSpeed":1,"_zoom":19.75},{"_mousePosition":[683,384],"_rootPartCFrame":[760.102,233.495,33.85,-0.087,0,0.996,0,1,0,-0.996,0,-0.087],"_humanoidState":5,"_cameraCFrame":[760.352,254.297,29.672,-0.998,-0.058,0.013,0,0.212,0.977,-0.06,0.976,-0.212],"_shiftlockState":false,"_pose":"FreeFall","_animationQueue":[["fall",0.3]],"_animationSpeed":1,"_zoom":19.75},{"_mousePosition":[683,384],"_rootPartCFrame":[759.836,233.064,33.834,-0.067,0,0.998,0,1,0,-0.998,0,-0.067],"_humanoidState":5,"_cameraCFrame":[760.086,253.865,29.656,-0.998,-0.058,0.013,0,0.212,0.977,-0.06,0.976,-0.212],"_shiftlockState":false,"_pose":"FreeFall","_animationQueue":[],"_animationSpeed":1,"_zoom":19.75},{"_mousePosition":[683,384],"_rootPartCFrame":[759.569,232.578,33.818,-0.049,0,0.999,0,1,0,-0.999,0,-0.049],"_humanoidState":5,"_cameraCFrame":[759.82,253.379,29.64,-0.998,-0.058,0.013,0,0.212,0.977,-0.06,0.976,-0.212],"_shiftlockState":false,"_pose":"FreeFall","_animationQueue":[],"_animationSpeed":1,"_zoom":19.75},{"_mousePosition":[683,384],"_rootPartCFrame":[759.303,232.037,33.802,-0.034,0,0.999,0,1,0,-0.999,0,-0.034],"_humanoidState":5,"_cameraCFrame":[759.553,252.839,29.624,-0.998,-0.058,0.013,0,0.212,0.977,-0.06,0.976,-0.212],"_shiftlockState":false,"_pose":"FreeFall","_animationQueue":[],"_animationSpeed":1,"_zoom":19.75},{"_mousePosition":[683,384],"_rootPartCFrame":[759.037,231.442,33.786,-0.02,0,1,0,1,0,-1,0,-0.02],"_humanoidState":7,"_cameraCFrame":[759.287,252.244,29.609,-0.998,-0.058,0.013,0,0.212,0.977,-0.06,0.976,-0.212],"_shiftlockState":false,"_pose":"FreeFall","_animationQueue":[["walk",0.1],["fall",0.3],["fall",0.3]],"_animationSpeed":1,"_zoom":19.75},{"_mousePosition":[683,384],"_rootPartCFrame":[758.771,231.004,33.77,-0.009,0,1,0,1,0,-1,0,-0.009],"_humanoidState":7,"_cameraCFrame":[759.021,251.806,29.593,-0.998,-0.058,0.013,0,0.212,0.977,-0.06,0.976,-0.212],"_shiftlockState":false,"_pose":"FreeFall","_animationQueue":[],"_animationSpeed":1,"_zoom":19.75},{"_mousePosition":[683,384],"_rootPartCFrame":[758.438,231.058,33.75,0.003,0,1,0,1,0,-1,0,0.003],"_humanoidState":8,"_cameraCFrame":[758.688,251.86,29.573,-0.998,-0.058,0.013,0,0.212,0.977,-0.06,0.976,-0.212],"_shiftlockState":false,"_pose":"Running","_animationQueue":[["fall",0.3],["walk",0.1],["fall",0.3],["walk",0.1]],"_animationSpeed":1.103,"_zoom":19.75},{"_mousePosition":[683,384],"_rootPartCFrame":[758.172,231.119,33.734,0.011,0,1,0,1,0,-1,0,0.011],"_humanoidState":8,"_cameraCFrame":[758.422,251.92,29.557,-0.998,-0.058,0.013,0,0.212,0.977,-0.06,0.976,-0.212],"_shiftlockState":false,"_pose":"Running","_animationQueue":[],"_animationSpeed":1.103,"_zoom":19.75},{"_mousePosition":[683,384],"_rootPartCFrame":[757.906,231.156,33.718,0.017,0,1,0,1,0,-1,0,0.017],"_humanoidState":8,"_cameraCFrame":[758.188,251.957,29.543,-0.998,-0.066,0.014,0,0.212,0.977,-0.067,0.975,-0.211],"_shiftlockState":false,"_pose":"Running","_animationQueue":[],"_animationSpeed":1.103,"_zoom":19.75},{"_mousePosition":[683,384],"_rootPartCFrame":[757.573,232.239,33.698,0.025,0,1,0,1,0,-1,0,0.025],"_humanoidState":3,"_cameraCFrame":[757.887,253.041,29.525,-0.997,-0.073,0.016,0,0.212,0.977,-0.075,0.975,-0.211],"_shiftlockState":false,"_pose":"Jumping","_animationQueue":[["walk",0.1],["jump",0.1]],"_animationSpeed":1,"_zoom":19.75},{"_mousePosition":[683,384],"_rootPartCFrame":[757.374,232.851,33.685,0.03,0,1,0,1,0,-1,0,0.03],"_humanoidState":5,"_cameraCFrame":[757.687,253.652,29.512,-0.997,-0.073,0.016,0,0.212,0.977,-0.075,0.975,-0.211],"_shiftlockState":false,"_pose":"FreeFall","_animationQueue":[["jump",0.1]],"_animationSpeed":1,"_zoom":19.75},{"_mousePosition":[683,384],"_rootPartCFrame":[757.108,233.618,33.665,0.036,0,0.999,0,1,0,-0.999,0,0.036],"_humanoidState":5,"_cameraCFrame":[757.421,254.42,29.492,-0.997,-0.073,0.016,0,0.212,0.977,-0.075,0.975,-0.211],"_shiftlockState":false,"_pose":"FreeFall","_animationQueue":[],"_animationSpeed":1,"_zoom":19.75},{"_mousePosition":[683,384],"_rootPartCFrame":[756.842,234.331,33.645,0.041,0,0.999,0,1,0,-0.999,0,0.041],"_humanoidState":5,"_cameraCFrame":[757.155,255.133,29.472,-0.997,-0.073,0.016,0,0.212,0.977,-0.075,0.975,-0.211],"_shiftlockState":false,"_pose":"FreeFall","_animationQueue":[],"_animationSpeed":1,"_zoom":19.75},{"_mousePosition":[683,384],"_rootPartCFrame":[756.576,234.99,33.625,0.046,0,0.999,0,1,0,-0.999,0,0.046],"_humanoidState":5,"_cameraCFrame":[756.858,255.791,29.45,-0.998,-0.066,0.014,0,0.212,0.977,-0.067,0.975,-0.211],"_shiftlockState":false,"_pose":"FreeFall","_animationQueue":[],"_animationSpeed":1,"_zoom":19.75},{"_mousePosition":[683,384],"_rootPartCFrame":[756.244,235.736,33.6,0.051,0,0.999,0,1,0,-0.999,0,0.051],"_humanoidState":5,"_cameraCFrame":[756.515,256.538,29.424,-0.998,-0.063,0.014,0,0.212,0.977,-0.065,0.975,-0.211],"_shiftlockState":false,"_pose":"FreeFall","_animationQueue":[],"_animationSpeed":1,"_zoom":19.75},{"_mousePosition":[683,384],"_rootPartCFrame":[756.044,236.143,33.587,0.053,0,0.999,0,1,0,-0.999,0,0.053],"_humanoidState":5,"_cameraCFrame":[756.292,256.953,29.447,-0.998,-0.058,0.013,0,0.21,0.978,-0.06,0.976,-0.21],"_shiftlockState":false,"_pose":"FreeFall","_animationQueue":[],"_animationSpeed":1,"_zoom":19.75},{"_mousePosition":[683,384],"_rootPartCFrame":[755.778,236.638,33.569,0.055,0,0.998,0,1,0,-0.998,0,0.055],"_humanoidState":5,"_cameraCFrame":[755.999,257.472,29.541,-0.999,-0.054,0.011,0,0.204,0.979,-0.055,0.977,-0.204],"_shiftlockState":false,"_pose":"FreeFall","_animationQueue":[],"_animationSpeed":1,"_zoom":19.75},{"_mousePosition":[683,384],"_rootPartCFrame":[755.512,237.079,33.553,0.056,0,0.998,0,1,0,-0.998,0,0.056],"_humanoidState":5,"_cameraCFrame":[755.708,257.928,29.599,-0.999,-0.049,0.01,0,0.2,0.98,-0.05,0.978,-0.2],"_shiftlockState":false,"_pose":"FreeFall","_animationQueue":[],"_animationSpeed":1,"_zoom":19.75},{"_mousePosition":[683,384],"_rootPartCFrame":[755.179,237.553,33.535,0.056,0,0.998,0,1,0,-0.998,0,0.056],"_humanoidState":5,"_cameraCFrame":[753.604,258.417,29.577,-0.999,-0.044,0.009,0,0.197,0.98,-0.045,0.98,-0.196],"_shiftlockState":true,"_pose":"FreeFall","_animationQueue":[],"_animationSpeed":1,"_zoom":19.75},{"_mousePosition":[683,384],"_rootPartCFrame":[754.913,237.871,33.521,-0.991,0,0.136,0,1,0,-0.136,0,-0.991],"_humanoidState":5,"_cameraCFrame":[753.338,258.735,29.564,-0.999,-0.044,0.009,0,0.197,0.98,-0.045,0.98,-0.196],"_shiftlockState":true,"_pose":"FreeFall","_animationQueue":[],"_animationSpeed":1,"_zoom":19.75},{"_mousePosition":[683,384],"_rootPartCFrame":[754.646,238.134,33.509,-0.985,0,0.172,0,1,0,-0.172,0,-0.985],"_humanoidState":5,"_cameraCFrame":[753.071,258.999,29.552,-0.999,-0.044,0.009,0,0.197,0.98,-0.045,0.98,-0.196],"_shiftlockState":true,"_pose":"FreeFall","_animationQueue":[],"_animationSpeed":1,"_zoom":19.75},{"_mousePosition":[683,384],"_rootPartCFrame":[754.38,238.343,33.497,-0.984,0,0.176,0,1,0,-0.176,0,-0.984],"_humanoidState":5,"_cameraCFrame":[752.805,259.207,29.54,-0.999,-0.044,0.009,0,0.197,0.98,-0.045,0.98,-0.196],"_shiftlockState":true,"_pose":"FreeFall","_animationQueue":[],"_animationSpeed":1,"_zoom":19.75},{"_mousePosition":[683,384],"_rootPartCFrame":[754.18,238.464,33.488,-0.99,0,0.144,0,1,0,-0.144,0,-0.99],"_humanoidState":5,"_cameraCFrame":[752.605,259.328,29.531,-0.999,-0.044,0.009,0,0.197,0.98,-0.045,0.98,-0.196],"_shiftlockState":true,"_pose":"FreeFall","_animationQueue":[],"_animationSpeed":1,"_zoom":19.75},{"_mousePosition":[683,384],"_rootPartCFrame":[753.914,238.577,33.476,-0.984,0,0.177,0,1,0,-0.177,0,-0.984],"_humanoidState":5,"_cameraCFrame":[752.327,259.449,29.561,-0.999,-0.041,0.008,0,0.195,0.981,-0.042,0.98,-0.195],"_shiftlockState":true,"_pose":"FreeFall","_animationQueue":[],"_animationSpeed":1,"_zoom":19.75},{"_mousePosition":[683,384],"_rootPartCFrame":[753.581,238.643,33.462,-0.978,0,0.207,0,1,0,-0.207,0,-0.978],"_humanoidState":5,"_cameraCFrame":[751.983,259.522,29.587,-0.999,-0.039,0.008,0,0.193,0.981,-0.04,0.98,-0.193],"_shiftlockState":true,"_pose":"FreeFall","_animationQueue":[],"_animationSpeed":1,"_zoom":19.75},{"_mousePosition":[683,384],"_rootPartCFrame":[753.381,238.641,33.453,-0.99,0,0.139,0,1,0,-0.139,0,-0.99],"_humanoidState":5,"_cameraCFrame":[751.772,259.528,29.621,-0.999,-0.036,0.007,0,0.191,0.982,-0.037,0.981,-0.191],"_shiftlockState":true,"_pose":"FreeFall","_animationQueue":[],"_animationSpeed":1,"_zoom":19.75},{"_mousePosition":[683,384],"_rootPartCFrame":[753.048,238.57,33.44,-0.979,0,0.202,0,1,0,-0.202,0,-0.979],"_humanoidState":5,"_cameraCFrame":[751.439,259.457,29.607,-0.999,-0.036,0.007,0,0.191,0.982,-0.037,0.981,-0.191],"_shiftlockState":true,"_pose":"FreeFall","_animationQueue":[["fall",0.3]],"_animationSpeed":1,"_zoom":19.75},{"_mousePosition":[683,384],"_rootPartCFrame":[752.848,238.487,33.432,-0.991,0,0.137,0,1,0,-0.137,0,-0.991],"_humanoidState":5,"_cameraCFrame":[751.239,259.373,29.6,-0.999,-0.036,0.007,0,0.191,0.982,-0.037,0.981,-0.191],"_shiftlockState":true,"_pose":"FreeFall","_animationQueue":[],"_animationSpeed":1,"_zoom":19.75},{"_mousePosition":[683,384],"_rootPartCFrame":[752.582,238.328,33.422,-0.986,0,0.169,0,1,0,-0.169,0,-0.986],"_humanoidState":5,"_cameraCFrame":[750.972,259.214,29.59,-0.999,-0.036,0.007,0,0.191,0.982,-0.037,0.981,-0.191],"_shiftlockState":true,"_pose":"FreeFall","_animationQueue":[],"_animationSpeed":1,"_zoom":19.75},{"_mousePosition":[683,384],"_rootPartCFrame":[752.315,238.114,33.412,-0.986,0,0.169,0,1,0,-0.169,0,-0.986],"_humanoidState":5,"_cameraCFrame":[750.706,259.001,29.58,-0.999,-0.036,0.007,0,0.191,0.982,-0.037,0.981,-0.191],"_shiftlockState":true,"_pose":"FreeFall","_animationQueue":[],"_animationSpeed":1,"_zoom":19.75},{"_mousePosition":[683,384],"_rootPartCFrame":[752.048,237.846,33.403,-0.986,0,0.169,0,1,0,-0.169,0,-0.986],"_humanoidState":5,"_cameraCFrame":[750.439,258.733,29.57,-0.999,-0.036,0.007,0,0.191,0.982,-0.037,0.981,-0.191],"_shiftlockState":true,"_pose":"FreeFall","_animationQueue":[],"_animationSpeed":1,"_zoom":19.75},{"_mousePosition":[683,384],"_rootPartCFrame":[751.782,237.524,33.393,-0.986,0,0.169,0,1,0,-0.169,0,-0.986],"_humanoidState":5,"_cameraCFrame":[750.173,258.41,29.56,-0.999,-0.036,0.007,0,0.191,0.982,-0.037,0.981,-0.191],"_shiftlockState":true,"_pose":"FreeFall","_animationQueue":[],"_animationSpeed":1,"_zoom":19.75},{"_mousePosition":[683,384],"_rootPartCFrame":[751.515,237.147,33.383,-0.986,0,0.169,0,1,0,-0.169,0,-0.986],"_humanoidState":5,"_cameraCFrame":[749.906,258.033,29.551,-0.999,-0.036,0.007,0,0.191,0.982,-0.037,0.981,-0.191],"_shiftlockState":true,"_pose":"FreeFall","_animationQueue":[],"_animationSpeed":1,"_zoom":19.75},{"_mousePosition":[683,384],"_rootPartCFrame":[751.249,236.715,33.373,-0.986,0,0.169,0,1,0,-0.169,0,-0.986],"_humanoidState":5,"_cameraCFrame":[749.628,257.609,29.583,-0.999,-0.034,0.007,0,0.189,0.982,-0.034,0.981,-0.189],"_shiftlockState":true,"_pose":"FreeFall","_animationQueue":[["fall",0.3]],"_animationSpeed":1,"_zoom":19.75},{"_mousePosition":[683,384],"_rootPartCFrame":[750.982,236.229,33.363,-0.986,0,0.167,0,1,0,-0.167,0,-0.986],"_humanoidState":5,"_cameraCFrame":[749.362,257.123,29.573,-0.999,-0.034,0.007,0,0.189,0.982,-0.034,0.981,-0.189],"_shiftlockState":true,"_pose":"FreeFall","_animationQueue":[],"_animationSpeed":1,"_zoom":19.75},{"_mousePosition":[683,384],"_rootPartCFrame":[750.715,235.689,33.354,-0.998,0,0.07,0,1,0,-0.07,0,-0.998],"_humanoidState":7,"_cameraCFrame":[749.075,256.59,29.609,-1,-0.029,0.006,0,0.187,0.982,-0.029,0.982,-0.187],"_shiftlockState":true,"_pose":"FreeFall","_animationQueue":[["walk",0.1],["fall",0.3],["fall",0.3]],"_animationSpeed":1,"_zoom":19.75},{"_mousePosition":[683,384],"_rootPartCFrame":[750.449,235.094,33.345,-0.999,0,0.032,0,1,0,-0.032,0,-0.999],"_humanoidState":7,"_cameraCFrame":[748.788,256.002,29.646,-1,-0.024,