[{"_mousePosition":[668,427],"_rootPartCFrame":[776.03,222.7,47.142,0,0,1,0,1,0,-1,0,0],"_humanoidState":8,"_cameraCFrame":[775.817,240.503,50.015,0.997,0.073,-0.013,0,0.174,0.985,0.074,-0.982,0.174],"_shiftlockState":false,"_pose":"Standing","_animationQueue":[],"_animationSpeed":1,"_zoom":16.125},{"_mousePosition":[668,427],"_rootPartCFrame":[775.784,222.7,47.124,0.01,0,1,0,1,0,-1,0,0.01],"_humanoidState":8,"_cameraCFrame":[775.573,240.358,49.965,0.997,0.073,-0.013,0,0.174,0.985,0.074,-0.982,0.173],"_shiftlockState":false,"_pose":"Standing","_animationQueue":[],"_animationSpeed":1,"_zoom":16.125},{"_mousePosition":[668,427],"_rootPartCFrame":[775.519,222.7,47.104,0.019,0,1,0,1,0,-1,0,0.019],"_humanoidState":8,"_cameraCFrame":[775.302,240.27,49.93,0.997,0.075,-0.013,0,0.174,0.985,0.077,-0.982,0.173],"_shiftlockState":false,"_pose":"Running","_animationQueue":[["walk",0.1]],"_animationSpeed":1.066,"_zoom":16.125},{"_mousePosition":[668,427],"_rootPartCFrame":[775.253,222.7,47.085,0.026,0,1,0,1,0,-1,0,0.026],"_humanoidState":8,"_cameraCFrame":[775.016,240.209,49.898,0.996,0.083,-0.015,0,0.174,0.985,0.084,-0.981,0.173],"_shiftlockState":false,"_pose":"Running","_animationQueue":[],"_animationSpeed":1.066,"_zoom":16.125},{"_mousePosition":[668,427],"_rootPartCFrame":[774.987,222.7,47.064,0.033,0,0.999,0,1,0,-0.999,0,0.033],"_humanoidState":8,"_cameraCFrame":[774.736,240.165,49.868,0.996,0.088,-0.015,0,0.174,0.985,0.089,-0.981,0.173],"_shiftlockState":false,"_pose":"Running","_animationQueue":[["walk",0.1]],"_animationSpeed":1.066,"_zoom":16.125},{"_mousePosition":[668,427],"_rootPartCFrame":[774.722,222.7,47.042,0.04,0,0.999,0,1,0,-0.999,0,0.04],"_humanoidState":8,"_cameraCFrame":[774.471,240.137,49.841,0.996,0.088,-0.015,0,0.174,0.985,0.089,-0.981,0.173],"_shiftlockState":false,"_pose":"Running","_animationQueue":[],"_animationSpeed":1.066,"_zoom":16.125},{"_mousePosition":[668,427],"_rootPartCFrame":[774.456,222.7,47.018,0.046,0,0.999,0,1,0,-0.999,0,0.046],"_humanoidState":8,"_cameraCFrame":[775.949,240.117,49.97,0.996,0.088,-0.015,0,0.174,0.985,0.089,-0.981,0.173],"_shiftlockState":true,"_pose":"Running","_animationQueue":[],"_animationSpeed":1.066,"_zoom":16.125},{"_mousePosition":[683,384],"_rootPartCFrame":[774.124,222.7,46.989,0.982,0,-0.19,0,1,0,0.19,0,0.982],"_humanoidState":8,"_cameraCFrame":[775.617,240.104,49.938,0.996,0.088,-0.015,0,0.174,0.985,0.089,-0.981,0.173],"_shiftlockState":true,"_pose":"Running","_animationQueue":[],"_animationSpeed":1.066,"_zoom":16.125},{"_mousePosition":[683,384],"_rootPartCFrame":[773.858,222.7,46.965,0.993,0,-0.116,0,1,0,0.116,0,0.993],"_humanoidState":8,"_cameraCFrame":[775.344,240.096,49.916,0.996,0.09,-0.016,0,0.174,0.985,0.092,-0.981,0.173],"_shiftlockState":true,"_pose":"Running","_animationQueue":[],"_animationSpeed":1.066,"_zoom":16.125},{"_mousePosition":[683,384],"_rootPartCFrame":[773.659,222.7,46.947,0.996,0,-0.093,0,1,0,0.093,0,0.996],"_humanoidState":8,"_cameraCFrame":[775.137,240.09,49.901,0.996,0.093,-0.016,0,0.174,0.985,0.094,-0.98,0.173],"_shiftlockState":true,"_pose":"Running","_animationQueue":[],"_animationSpeed":1.066,"_zoom":16.125},{"_mousePosition":[683,384],"_rootPartCFrame":[773.327,222.7,46.916,0.996,0,-0.095,0,1,0,0.095,0,0.996],"_humanoidState":8,"_cameraCFrame":[774.798,240.087,49.874,0.995,0.095,-0.017,0,0.174,0.985,0.097,-0.98,0.173],"_shiftlockState":true,"_pose":"Running","_animationQueue":[["walk",0.1]],"_animationSpeed":1.066,"_zoom":16.125},{"_mousePosition":[683,384],"_rootPartCFrame":[773.062,222.7,46.891,0.995,0,-0.097,0,1,0,0.097,0,0.995],"_humanoidState":8,"_cameraCFrame":[774.518,240.084,49.856,0.995,0.1,-0.018,0,0.174,0.985,0.102,-0.98,0.173],"_shiftlockState":true,"_pose":"Running","_animationQueue":[],"_animationSpeed":1.066,"_zoom":16.125},{"_mousePosition":[683,384],"_rootPartCFrame":[772.863,222.7,46.872,0.995,0,-0.102,0,1,0,0.102,0,0.995],"_humanoidState":8,"_cameraCFrame":[774.303,240.083,49.844,0.994,0.105,-0.019,0,0.174,0.985,0.107,-0.979,0.173],"_shiftlockState":true,"_pose":"Running","_animationQueue":[],"_animationSpeed":1.066,"_zoom":16.125},{"_mousePosition":[683,384],"_rootPartCFrame":[772.597,222.7,46.845,0.994,0,-0.107,0,1,0,0.107,0,0.994],"_humanoidState":8,"_cameraCFrame":[774.008,240.082,49.831,0.993,0.115,-0.02,0,0.174,0.985,0.117,-0.978,0.172],"_shiftlockState":true,"_pose":"Running","_animationQueue":[],"_animationSpeed":1.066,"_zoom":16.125},{"_mousePosition":[683,384],"_rootPartCFrame":[772.266,222.7,46.81,0.993,0,-0.117,0,1,0,0.117,0,0.993],"_humanoidState":8,"_cameraCFrame":[773.639,240.081,49.813,0.992,0.128,-0.022,0,0.174,0.985,0.129,-0.977,0.172],"_shiftlockState":true,"_pose":"Running","_animationQueue":[],"_animationSpeed":1.066,"_zoom":16.125},{"_mousePosition":[683,384],"_rootPartCFrame":[772.001,222.7,46.779,0.992,0,-0.129,0,1,0,0.129,0,0.992],"_humanoidState":8,"_cameraCFrame":[773.328,240.08,49.803,0.99,0.142,-0.025,0,0.174,0.985,0.145,-0.974,0.172],"_shiftlockState":true,"_pose":"Running","_animationQueue":[],"_animationSpeed":1.066,"_zoom":16.125},{"_mousePosition":[683,384],"_rootPartCFrame":[771.737,222.7,46.745,0.989,0,-0.145,0,1,0,0.145,0,0.989],"_humanoidState":8,"_cameraCFrame":[773.033,240.08,49.782,0.988,0.152,-0.027,0,0.174,0.985,0.155,-0.973,0.172],"_shiftlockState":true,"_pose":"Running","_animationQueue":[],"_animationSpeed":1.066,"_zoom":16.125},{"_mousePosition":[683,384],"_rootPartCFrame":[771.473,222.7,46.707,0.988,0,-0.155,0,1,0,0.155,0,0.988],"_humanoidState":8,"_cameraCFrame":[772.769,240.08,49.744,0.988,0.152,-0.027,0,0.174,0.985,0.155,-0.973,0.172],"_shiftlockState":true,"_pose":"Running","_animationQueue":[["walk",0.1]],"_animationSpeed":1.066,"_zoom":16.125},{"_mousePosition":[683,384],"_rootPartCFrame":[771.209,222.7,46.666,0.988,0,-0.155,0,1,0,0.155,0,0.988],"_humanoidState":8,"_cameraCFrame":[772.505,240.08,49.703,0.988,0.152,-0.027,0,0.174,0.985,0.155,-0.973,0.172],"_shiftlockState":true,"_pose":"Running","_animationQueue":[],"_animationSpeed":1.066,"_zoom":16.125},{"_mousePosition":[683,384],"_rootPartCFrame":[771.012,222.7,46.635,0.988,0,-0.155,0,1,0,0.155,0,0.988],"_humanoidState":8,"_cameraCFrame":[772.3,240.08,49.675,0.988,0.155,-0.027,0,0.174,0.985,0.157,-0.973,0.171],"_shiftlockState":true,"_pose":"Running","_animationQueue":[],"_animationSpeed":1.066,"_zoom":16.125},{"_mousePosition":[683,384],"_rootPartCFrame":[770.682,222.7,46.584,0.988,0,-0.157,0,1,0,0.157,0,0.988],"_humanoidState":8,"_cameraCFrame":[771.971,240.08,49.624,0.988,0.155,-0.027,0,0.174,0.985,0.157,-0.973,0.171],"_shiftlockState":true,"_pose":"Running","_animationQueue":[],"_animationSpeed":1.066,"_zoom":16.125},{"_mousePosition":[683,384],"_rootPartCFrame":[770.419,222.73,46.542,0.988,0,-0.157,0,1,0,0.157,0,0.988],"_humanoidState":8,"_cameraCFrame":[771.707,240.11,49.582,0.988,0.155,-0.027,0,0.174,0.985,0.157,-0.973,0.171],"_shiftlockState":true,"_pose":"Running","_animationQueue":[],"_animationSpeed":1.066,"_zoom":16.125},{"_mousePosition":[683,384],"_rootPartCFrame":[770.156,222.76,46.5,0.988,0,-0.157,0,1,0,0.157,0,0.988],"_humanoidState":8,"_cameraCFrame":[771.444,240.14,49.54,0.988,0.155,-0.027,0,0.174,0.985,0.157,-0.973,0.171],"_shiftlockState":true,"_pose":"Running","_animationQueue":[],"_animationSpeed":1.066,"_zoom":16.125},{"_mousePosition":[683,384],"_rootPartCFrame":[769.892,222.812,46.458,0.988,0,-0.157,0,1,0,0.157,0,0.988],"_humanoidState":8,"_cameraCFrame":[771.181,240.192,49.498,0.988,0.155,-0.027,0,0.174,0.985,0.157,-0.973,0.171],"_shiftlockState":true,"_pose":"Running","_animationQueue":[],"_animationSpeed":1.066,"_zoom":16.125},{"_mousePosition":[683,384],"_rootPartCFrame":[769.629,222.851,46.416,0.988,0,-0.157,0,1,0,0.157,0,0.988],"_humanoidState":8,"_cameraCFrame":[770.918,240.231,49.456,0.988,0.155,-0.027,0,0.174,0.985,0.157,-0.973,0.171],"_shiftlockState":true,"_pose":"Running","_animationQueue":[["walk",0.1]],"_animationSpeed":1.066,"_zoom":16.125},{"_mousePosition":[683,384],"_rootPartCFrame":[769.366,222.873,46.374,0.988,0,-0.157,0,1,0,0.157,0,0.988],"_humanoidState":8,"_cameraCFrame":[770.654,240.253,49.415,0.988,0.155,-0.027,0,0.174,0.985,0.157,-0.973,0.171],"_shiftlockState":true,"_pose":"Running","_animationQueue":[],"_animationSpeed":1.066,"_zoom":16.125},{"_mousePosition":[683,384],"_rootPartCFrame":[769.102,222.885,46.333,0.988,0,-0.157,0,1,0,0.157,0,0.988],"_humanoidState":8,"_cameraCFrame":[770.406,240.265,49.366,0.988,0.15,-0.026,0,0.174,0.985,0.152,-0.973,0.172],"_shiftlockState":true,"_pose":"Running","_animationQueue":[],"_animationSpeed":1.066,"_zoom":16.125},{"_mousePosition":[683,384],"_rootPartCFrame":[768.773,222.893,46.28,0.988,0,-0.152,0,1,0,0.152,0,0.988],"_humanoidState":8,"_cameraCFrame":[770.092,240.273,49.307,0.989,0.145,-0.026,0,0.174,0.985,0.147,-0.974,0.172],"_shiftlockState":true,"_pose":"Running","_animationQueue":[],"_animationSpeed":1.066,"_zoom":16.125},{"_mousePosition":[683,384],"_rootPartCFrame":[768.574,222.896,46.133,0.989,0,-0.147,0,1,0,0.147,0,0.989],"_humanoidState":8,"_cameraCFrame":[769.901,240.276,49.157,0.99,0.142,-0.025,0,0.174,0.985,0.145,-0.974,0.172],"_shiftlockState":true,"_pose":"Running","_animationQueue":[],"_animationSpeed":1.066,"_zoom":16.125},{"_mousePosition":[683,384],"_rootPartCFrame":[768.414,222.898,45.921,0.99,0,-0.145,0,1,0,0.145,0,0.99],"_humanoidState":8,"_cameraCFrame":[769.756,240.278,48.938,0.99,0.137,-0.024,0,0.174,0.985,0.14,-0.975,0.172],"_shiftlockState":true,"_pose":"Running","_animationQueue":[],"_animationSpeed":1.066,"_zoom":16.125},{"_mousePosition":[683,384],"_rootPartCFrame":[768.254,222.899,45.707,0.99,0,-0.14,0,1,0,0.14,0,0.99],"_humanoidState":8,"_cameraCFrame":[769.597,240.279,48.724,0.99,0.137,-0.024,0,0.174,0.985,0.14,-0.975,0.172],"_shiftlockState":true,"_pose":"Running","_animationQueue":[["walk",0.1]],"_animationSpeed":1.066,"_zoom":16.125},{"_mousePosition":[683,384],"_rootPartCFrame":[768.134,222.899,45.547,0.99,0,-0.14,0,1,0,0.14,0,0.99],"_humanoidState":8,"_cameraCFrame":[769.477,240.279,48.564,0.99,0.137,-0.024,0,0.174,0.985,0.14,-0.975,0.172],"_shiftlockState":true,"_pose":"Running","_animationQueue":[],"_animationSpeed":1.066,"_zoom":16.125},{"_mousePosition":[683,384],"_rootPartCFrame":[767.934,222.899,45.281,0.99,0,-0.14,0,1,0,0.14,0,0.99],"_humanoidState":8,"_cameraCFrame":[769.284,240.279,48.294,0.991,0.135,-0.024,0,0.174,0.985,0.137,-0.976,0.172],"_shiftlockState":true,"_pose":"Running","_animationQueue":[],"_animationSpeed":1.066,"_zoom":16.125},{"_mousePosition":[683,384],"_rootPartCFrame":[767.773,222.899,45.068,0.991,0,-0.137,0,1,0,0.137,0,0.991],"_humanoidState":8,"_cameraCFrame":[769.123,240.28,48.081,0.991,0.135,-0.024,0,0.174,0.985,0.137,-0.976,0.172],"_shiftlockState":true,"_pose":"Running","_animationQueue":[],"_animationSpeed":1.066,"_zoom":16.125},{"_mousePosition":[683,384],"_rootPartCFrame":[767.653,222.9,44.908,0.991,0,-0.137,0,1,0,0.137,0,0.991],"_humanoidState":8,"_cameraCFrame":[769.003,240.28,47.922,0.991,0.135,-0.024,0,0.174,0.985,0.137,-0.976,0.172],"_shiftlockState":true,"_pose":"Running","_animationQueue":[],"_animationSpeed":1.066,"_zoom":16.125},{"_mousePosition":[683,384],"_rootPartCFrame":[767.452,222.9,44.643,0.991,0,-0.137,0,1,0,0.137,0,0.991],"_humanoidState":8,"_cameraCFrame":[768.802,240.28,47.656,0.991,0.135,-0.024,0,0.174,0.985,0.137,-0.976,0.172],"_shiftlockState":true,"_pose":"Running","_animationQueue":[],"_animationSpeed":1.066,"_zoom":16.125},{"_mousePosition":[683,384],"_rootPartCFrame":[767.331,222.9,44.483,0.991,0,-0.137,0,1,0,0.137,0,0.991],"_humanoidState":8,"_cameraCFrame":[768.681,240.28,47.497,0.991,0.135,-0.024,0,0.174,0.985,0.137,-0.976,0.172],"_shiftlockState":true,"_pose":"Running","_animationQueue":[],"_animationSpeed":1.066,"_zoom":16.125},{"_mousePosition":[683,384],"_rootPartCFrame":[767.17,222.9,44.27,0.991,0,-0.137,0,1,0,0.137,0,0.991],"_humanoidState":8,"_cameraCFrame":[768.535,240.28,47.277,0.991,0.13,-0.023,0,0.174,0.985,0.132,-0.976,0.172],"_shiftlockState":true,"_pose":"Running","_animationQueue":[["walk",0.1]],"_animationSpeed":1.066,"_zoom":16.125},{"_mousePosition":[683,384],"_rootPartCFrame":[766.982,222.9,44.049,0.996,0,-0.094,0,1,0,0.094,0,0.996],"_humanoidState":8,"_cameraCFrame":[768.422,240.252,47.166,0.995,0.1,-0.019,0,0.183,0.983,0.102,-0.978,0.182],"_shiftlockState":true,"_pose":"Running","_animationQueue":[],"_animationSpeed":1.066,"_zoom":16.125},{"_mousePosition":[683,384],"_rootPartCFrame":[766.855,222.9,43.95,1,0,-0.01,0,1,0,0.01,0,1],"_humanoidState":8,"_cameraCFrame":[768.701,240.185,47.19,1,-0.029,0.006,0,0.204,0.979,-0.03,-0.978,0.204],"_shiftlockState":true,"_pose":"Running","_animationQueue":[["walk",0.1]],"_animationSpeed":0.469,"_zoom":16.125},{"_mousePosition":[683,384],"_rootPartCFrame":[766.74,222.899,43.954,1,0,0.006,0,1,-0.003,-0.006,0.003,1],"_humanoidState":8,"_cameraCFrame":[769.485,240.066,47.134,0.96,-0.271,0.066,0,0.237,0.972,-0.279,-0.933,0.227],"_shiftlockState":true,"_pose":"Running","_animationQueue":[["walk",0.1]],"_animationSpeed":0.672,"_zoom":16.125},{"_mousePosition":[683,384],"_rootPartCFrame":[766.684,222.899,44.13,0.974,0.002,0.225,0.002,1,-0.016,-0.225,0.016,0.974],"_humanoidState":8,"_cameraCFrame":[770.58,239.897,46.935,0.839,-0.524,0.15,0,0.276,0.961,-0.545,-0.806,0.232],"_shiftlockState":true,"_pose":"Running","_animationQueue":[["walk",0.1]],"_animationSpeed":0.446,"_zoom":16.125},{"_mousePosition":[683,384],"_rootPartCFrame":[766.622,222.898,44.328,0.874,0.006,0.485,0.003,1,-0.017,-0.485,0.016,0.874],"_humanoidState":8,"_cameraCFrame":[771.621,239.691,46.427,0.662,-0.711,0.238,0,0.317,0.948,-0.749,-0.628,0.21],"_shiftlockState":true,"_pose":"Running","_animationQueue":[["walk",0.1]],"_animationSpeed":0.258,"_zoom":16.125},{"_mousePosition":[683,384],"_rootPartCFrame":[766.557,223.777,44.483,0.711,0.011,0.703,0.014,0.999,-0.03,-0.703,0.031,0.711],"_humanoidState":3,"_cameraCFrame":[772.388,240.336,46.105,0.531,-0.792,0.303,0,0.357,0.934,-0.848,-0.496,0.19],"_shiftlockState":true,"_pose":"Jumping","_animationQueue":[["walk",0.1],["walk",0.1],["jump",0.1]],"_animationSpeed":1,"_zoom":16.125},{"_mousePosition":[683,384],"_rootPartCFrame":[766.494,224.66,44.511,0.585,0.017,0.811,0.024,0.999,-0.038,-0.811,0.042,0.584],"_humanoidState":3,"_cameraCFrame":[772.594,241.115,46.149,0.511,-0.797,0.321,0,0.374,0.928,-0.859,-0.474,0.191],"_shiftlockState":true,"_pose":"Jumping","_animationQueue":[],"_animationSpeed":1,"_zoom":16.125},{"_mousePosition":[683,384],"_rootPartCFrame":[766.431,225.543,44.502,0.566,0.019,0.824,0.033,0.998,-0.046,-0.824,0.053,0.565],"_humanoidState":3,"_cameraCFrame":[772.304,241.997,46.867,0.61,-0.735,0.296,0,0.374,0.928,-0.793,-0.565,0.228],"_shiftlockState":true,"_pose":"Jumping","_animationQueue":[],"_animationSpeed":1,"_zoom":16.125},{"_mousePosition":[683,384],"_rootPartCFrame":[766.396,226.185,44.573,0.625,0.01,0.78,0.022,0.999,-0.03,-0.78,0.036,0.625],"_humanoidState":5,"_cameraCFrame":[771.531,242.687,48.057,0.77,-0.594,0.234,0,0.367,0.93,-0.639,-0.716,0.282],"_shiftlockState":true,"_pose":"FreeFall","_animationQueue":[["jump",0.1]],"_animationSpeed":1,"_zoom":16.125},{"_mousePosition":[683,384],"_rootPartCFrame":[766.383,227.187,44.561,0.772,-0.001,0.635,0.006,1,-0.005,-0.635,0.008,0.772],"_humanoidState":5,"_cameraCFrame":[769.959,243.758,49.382,0.942,-0.315,0.12,0,0.356,0.935,-0.337,-0.88,0.335],"_shiftlockState":true,"_pose":"FreeFall","_animationQueue":[],"_animationSpeed":1,"_zoom":16.125},{"_mousePosition":[683,384],"_rootPartCFrame":[766.383,227.927,44.558,0.942,-0.002,0.336,0.002,1,0.001,-0.336,0,0.942],"_humanoidState":5,"_cameraCFrame":[769.176,244.498,49.861,0.982,-0.176,0.067,0,0.356,0.935,-0.188,-0.918,0.349],"_shiftlockState":true,"_pose":"FreeFall","_animationQueue":[],"_animationSpeed":1,"_zoom":16.125},{"_mousePosition":[683,384],"_rootPartCFrame":[766.383,228.613,44.558,0.982,0,0.188,0,1,0.001,-0.188,-0.001,0.982],"_humanoidState":5,"_cameraCFrame":[768.907,245.184,49.995,0.99,-0.129,0.049,0,0.356,0.935,-0.138,-0.926,0.352],"_shiftlockState":true,"_pose":"FreeFall","_animationQueue":[],"_animationSpeed":1,"_zoom":16.125},{"_mousePosition":[683,384],"_rootPartCFrame":[766.384,229.244,44.559,0.99,0,0.138,0,1,0,-0.138,0,0.99],"_humanoidState":5,"_cameraCFrame":[768.545,245.815,50.15,0.997,-0.068,0.026,0,0.356,0.935,-0.073,-0.932,0.355],"_shiftlockState":true,"_pose":"FreeFall","_animationQueue":[],"_animationSpeed":1,"_zoom":16.125},{"_mousePosition":[683,384],"_rootPartCFrame":[766.384,229.82,44.559,0.997,0,0.073,0,1,0,-0.073,0,0.997],"_humanoidState":5,"_cameraCFrame":[768.474,246.391,50.177,0.998,-0.056,0.021,0,0.356,0.935,-0.06,-0.933,0.355],"_shiftlockState":true,"_pose":"FreeFall","_animationQueue":[],"_animationSpeed":1,"_zoom":16.125},{"_mousePosition":[683,384],"_rootPartCFrame":[766.384,230.342,44.559,0.998,0,0.06,0,1,0,-0.06,0,0.998],"_humanoidState":5,"_cameraCFrame":[768.428,246.935,50.135,0.999,-0.049,0.018,0,0.352,0.936,-0.052,-0.935,0.351],"_shiftlockState":true,"_pose":"FreeFall","_animationQueue":[],"_animationSpeed":1,"_zoom":16.125},{"_mousePosition":[683,384],"_rootPartCFrame":[766.382,230.81,44.534,0.999,0,0.053,0,1,0,-0.053,0,0.999],"_humanoidState":5,"_cameraCFrame":[768.366,247.436,50.042,0.999,-0.04,0.015,0,0.346,0.938,-0.042,-0.937,0.346],"_shiftlockState":true,"_pose":"FreeFall","_animationQueue":[],"_animationSpeed":1,"_zoom":16.125},{"_mousePosition":[683,384],"_rootPartCFrame":[766.378,231.223,44.469,0.999,0,0.043,0,1,0,-0.043,0,0.999],"_humanoidState":5,"_cameraCFrame":[768.263,247.87,49.953,1,-0.023,0.008,0,0.343,0.939,-0.025,-0.939,0.343],"_shiftlockState":true,"_pose":"FreeFall","_animationQueue":[],"_animationSpeed":1,"_zoom":16.125},{"_mousePosition":[683,384],"_rootPartCFrame":[766.375,231.497,44.395,1,0,0.026,0,1,0,-0.026,0,1],"_humanoidState":5,"_cameraCFrame":[768.148,248.155,49.886,1,-0.004,0.001,0,0.341,0.94,-0.004,-0.94,0.341],"_shiftlockState":true,"_pose":"FreeFall","_animationQueue":[],"_animationSpeed":1,"_zoom":16.125},{"_mousePosition":[683,384],"_rootPartCFrame":[766.367,231.885,44.221,1,0,0.007,0,1,0,-0.007,0,1],"_humanoidState":5,"_cameraCFrame":[768.043,248.544,49.743,1,0.013,-0.005,0,0.341,0.94,0.013,-0.94,0.341],"_shiftlockState":true,"_pose":"FreeFall","_animationQueue":[],"_animationSpeed":1,"_zoom":16.125},{"_mousePosition":[683,384],"_rootPartCFrame":[766.363,232.135,44.038,1,0,-0.011,0,1,0,0.011,0,1],"_humanoidState":5,"_cameraCFrame":[767.983,248.793,49.576,1,0.022,-0.008,0,0.341,0.94,0.024,-0.94,0.341],"_shiftlockState":true,"_pose":"FreeFall","_animationQueue":[],"_animationSpeed":1,"_zoom":16.125},{"_mousePosition":[683,384],"_rootPartCFrame":[766.368,232.306,43.923,1,-0.004,0.012,0.004,0.999,0.033,-0.012,-0.033,0.999],"_humanoidState":5,"_cameraCFrame":[767.981,248.963,49.411,1,0.022,-0.008,0,0.341,0.94,0.024,-0.94,0.341],"_shiftlockState":true,"_pose":"FreeFall","_animationQueue":[],"_animationSpeed":1,"_zoom":16.125},{"_mousePosition":[683,384],"_rootPartCFrame":[766.392,232.373,43.95,1,-0.002,-0.025,0.003,0.999,0.037,0.025,-0.037,0.999],"_humanoidState":5,"_cameraCFrame":[768.106,249.009,49.462,1,0.005,-0.002,0,0.345,0.939,0.006,-0.939,0.345],"_shiftlockState":true,"_pose":"FreeFall","_animationQueue":[],"_animationSpeed":1,"_zoom":16.125},{"_mousePosition":[683,384],"_rootPartCFrame":[766.416,232.414,43.962,1,-0.001,-0.008,0.001,1,0.016,0.008,-0.016,1],"_humanoidState":5,"_cameraCFrame":[768.804,248.974,49.468,0.994,-0.105,0.04,0,0.357,0.934,-0.113,-0.928,0.355],"_shiftlockState":true,"_pose":"FreeFall","_animationQueue":[],"_animationSpeed":1,"_zoom":16.125},{"_mousePosition":[683,384],"_rootPartCFrame":[766.443,232.39,43.918,0.995,-0.001,0.098,0.001,1,0.002,-0.098,-0.002,0.995],"_humanoidState":5,"_cameraCFrame":[770.2,248.811,49.046,0.938,-0.32,0.131,0,0.379,0.925,-0.346,-0.868,0.356],"_shiftlockState":true,"_pose":"FreeFall","_animationQueue":[],"_animationSpeed":1,"_zoom":16.125},{"_mousePosition":[683,384],"_rootPartCFrame":[766.434,232.992,43.739,0.936,0,0.353,0,1,-0.002,-0.353,0.002,0.936],"_humanoidState":7,"_cameraCFrame":[772.881,248.92,47.397,0.685,-0.652,0.325,0,0.447,0.895,-0.729,-0.613,0.306],"_shiftlockState":true,"_pose":"FreeFall","_animationQueue":[["walk",0.1]],"_animationSpeed":0.249,"_zoom":16.125},{"_mousePosition":[683,384],"_rootPartCFrame":[766.351,233.584,43.489,0.666,0.001,0.746,0,1,-0.001,-0.746,0.001,0.666],"_humanoidState":7,"_cameraCFrame":[774.167,249.175,45.348,0.438,-0.786,0.437,0,0.486,0.874,-0.899,-0.382,0.213],"_shiftlockState":true,"_pose":"FreeFall","_animationQueue":[["fall",0.3]],"_animationSpeed":1,"_zoom":16.125},{"_mousePosition":[683,384],"_rootPartCFrame":[766.228,233.875,43.337,0.423,0,0.906,0,1,0,-0.906,0,0.423],"_humanoidState":7,"_cameraCFrame":[774.87,249.1,43.433,0.213,-0.832,0.513,0,0.525,0.851,-0.977,-0.182,0.112],"_shiftlockState":true,"_pose":"FreeFall","_animationQueue":[],"_animationSpeed":1,"_zoom":16.125},{"_mousePosition":[683,384],"_rootPartCFrame":[765.936,234.151,43.182,0.194,0,0.981,0,1,0,-0.981,0,0.194],"_humanoidState":8,"_cameraCFrame":[774.971,249.071,42.023,0.066,-0.83,0.553,0,0.554,0.832,-0.998,-0.055,0.036],"_shiftlockState":true,"_pose":"Running","_animationQueue":[["walk",0.1],["fall",0.3],["walk",0.1]],"_animationSpeed":1.094,"_zoom":16.125},{"_mousePosition":[683,384],"_rootPartCFrame":[765.743,234.245,43.13,0.058,0,0.998,0,1,0,-0.998,0,0.058],"_humanoidState":8,"_cameraCFrame":[774.947,248.988,41.404,0.003,-0.821,0.571,0,0.571,0.821,-1,-0.002,0.001],"_shiftlockState":true,"_pose":"Running","_animationQueue":[],"_animationSpeed":1.094,"_zoom":16.125},{"_mousePosition":[683,384],"_rootPartCFrame":[765.412,234.328,43.102,-0.001,0,1,0,1,0,-1,0,-0.001],"_humanoidState":8,"_cameraCFrame":[774.672,248.999,41.141,-0.023,-0.817,0.577,0,0.577,0.817,-1,0.019,-0.013],"_shiftlockState":true,"_pose":"Running","_animationQueue":[],"_animationSpeed":1.094,"_zoom":16.125},{"_mousePosition":[683,384],"_rootPartCFrame":[765.212,234.354,43.099,-0.023,0,1,0,1,0,-1,0,-0.023],"_humanoidState":8,"_cameraCFrame":[774.436,249.025,40.974,-0.04,-0.816,0.576,0,0.577,0.817,-0.999,0.033,-0.023],"_shiftlockState":true,"_pose":"Running","_animationQueue":[],"_animationSpeed":1.094,"_zoom":16.125},{"_mousePosition":[683,384],"_rootPartCFrame":[764.879,234.378,43.105,-0.041,0,0.999,0,1,0,-0.999,0,-0.041],"_humanoidState":8,"_cameraCFrame":[774.052,249.05,40.771,-0.063,-0.815,0.576,0,0.577,0.817,-0.998,0.052,-0.036],"_shiftlockState":true,"_pose":"Running","_animationQueue":[["walk",0.1]],"_animationSpeed":1.094,"_zoom":16.125},{"_mousePosition":[683,384],"_rootPartCFrame":[764.612,234.388,43.116,-0.063,0,0.998,0,1,0,-0.998,0,-0.063],"_humanoidState":8,"_cameraCFrame":[773.672,249.077,40.46,-0.099,-0.814,0.573,0,0.575,0.818,-0.995,0.081,-0.057],"_shiftlockState":true,"_pose":"Running","_animationQueue":[],"_animationSpeed":1.094,"_zoom":16.125},{"_mousePosition":[683,384],"_rootPartCFrame":[764.346,234.393,43.132,-0.099,0,0.995,0,1,0,-0.995,0,-0.099],"_humanoidState":8,"_cameraCFrame":[773.221,249.137,40.145,-0.136,-0.814,0.565,0,0.571,0.821,-0.991,0.112,-0.078],"_shiftlockState":true,"_pose":"Running","_animationQueue":[],"_animationSpeed":1.094,"_zoom":16.125},{"_mousePosition":[683,384],"_rootPartCFrame":[764.081,234.396,43.156,-0.136,0,0.991,0,1,0,-0.991,0,-0.136],"_humanoidState":8,"_cameraCFrame":[772.759,249.211,39.918,-0.166,-0.814,0.556,0,0.564,0.826,-0.986,0.137,-0.094],"_shiftlockState":true,"_pose":"Running","_animationQueue":[],"_animationSpeed":1.094,"_zoom":16.125},{"_mousePosition":[683,384],"_rootPartCFrame":[763.882,234.398,43.182,-0.166,0,0.986,0,1,0,-0.986,0,-0.166],"_humanoidState":8,"_cameraCFrame":[772.443,249.265,39.849,-0.179,-0.816,0.55,0,0.559,0.829,-0.984,0.148,-0.1],"_shiftlockState":true,"_pose":"Running","_animationQueue":[],"_animationSpeed":1.094,"_zoom":16.125},{"_mousePosition":[683,384],"_rootPartCFrame":[763.619,234.399,43.225,-0.179,0,0.984,0,1,0,-0.984,0,-0.179],"_humanoidState":8,"_cameraCFrame":[772.119,249.318,39.949,-0.174,-0.82,0.546,0,0.554,0.832,-0.985,0.145,-0.096],"_shiftlockState":true,"_pose":"Running","_animationQueue":[],"_animationSpeed":1.094,"_zoom":16.125},{"_mousePosition":[683,384],"_rootPartCFrame":[763.291,234.399,43.284,-0.174,0,0.985,0,1,0,-0.985,0,-0.174],"_humanoidState":8,"_cameraCFrame":[771.746,249.371,40.107,-0.164,-0.824,0.542,0,0.55,0.835,-0.987,0.137,-0.09],"_shiftlockState":true,"_pose":"Running","_animationQueue":[],"_animationSpeed":1.094,"_zoom":16.125},{"_mousePosition":[683,384],"_rootPartCFrame":[763.028,234.399,43.331,-0.164,0,0.987,0,1,0,-0.987,0,-0.164],"_humanoidState":8,"_cameraCFrame":[771.463,249.406,40.247,-0.154,-0.828,0.54,0,0.546,0.838,-0.988,0.129,-0.084],"_shiftlockState":true,"_pose":"Running","_animationQueue":[["walk",0.1]],"_animationSpeed":1.094,"_zoom":16.125},{"_mousePosition":[683,384],"_rootPartCFrame":[762.766,234.4,43.375,-0.154,0,0.988,0,1,0,-0.988,0,-0.154],"_humanoidState":8,"_cameraCFrame":[771.213,249.423,40.402,-0.141,-0.83,0.539,0,0.545,0.839,-0.99,0.118,-0.077],"_shiftlockState":true,"_pose":"Running","_animationQueue":[],"_animationSpeed":1.094,"_zoom":16.125},{"_mousePosition":[683,384],"_rootPartCFrame":[762.502,234.4,43.416,-0.141,0,0.99,0,1,0,-0.99,0,-0.141],"_humanoidState":8,"_cameraCFrame":[770.962,249.457,40.643,-0.119,-0.835,0.538,0,0.541,0.841,-0.993,0.1,-0.064],"_shiftlockState":true,"_pose":"Running","_animationQueue":[],"_animationSpeed":1.094,"_zoom":16.125},{"_mousePosition":[683,384],"_rootPartCFrame":[762.238,234.4,43.454,-0.119,0,0.993,0,1,0,-0.993,0,-0.119],"_humanoidState":8,"_cameraCFrame":[770.716,249.525,41.098,-0.071,-0.843,0.533,0,0.535,0.845,-0.997,0.06,-0.038],"_shiftlockState":true,"_pose":"Running","_animationQueue":[],"_animationSpeed":1.094,"_zoom":16.125},{"_mousePosition":[683,384],"_rootPartCFrame":[762.04,234.4,43.479,-0.071,0,0.997,0,1,0,-0.997,0,-0.071],"_humanoidState":8,"_cameraCFrame":[770.481,249.641,41.75,0.003,-0.852,0.523,0,0.523,0.852,-1,-0.002,0.001],"_shiftlockState":true,"_pose":"Running","_animationQueue":[],"_animationSpeed":1.094,"_zoom":16.125},{"_mousePosition":[683,384],"_rootPartCFrame":[761.707,234.395,43.504,0.003,0,1,0,1,0,-1,0,0.003],"_humanoidState":8,"_cameraCFrame":[770.061,249.767,42.573,0.099,-0.856,0.507,0,0.51,0.86,-0.995,-0.085,0.05],"_shiftlockState":true,"_pose":"Running","_animationQueue":[],"_animationSpeed":1.094,"_zoom":16.125},{"_mousePosition":[683,384],"_rootPartCFrame":[761.441,235.258,43.523,0.099,0,0.995,0,1,0,-0.995,0,0.099],"_humanoidState":3,"_cameraCFrame":[769.633,250.756,43.356,0.194,-0.852,0.487,0,0.496,0.868,-0.981,-0.168,0.096],"_shiftlockState":true,"_pose":"Jumping","_animationQueue":[["walk",0.1],["walk",0.1],["jump",0.1]],"_animationSpeed":1,"_zoom":16.125},{"_mousePosition":[683,384],"_rootPartCFrame":[761.242,235.869,43.523,0.188,0,0.982,0,1,0,-0.982,0,0.188],"_humanoidState":5,"_cameraCFrame":[769.297,251.445,43.798,0.25,-0.845,0.472,0,0.488,0.873,-0.968,-0.219,0.122],"_shiftlockState":true,"_pose":"FreeFall","_animationQueue":[["jump",0.1]],"_animationSpeed":1,"_zoom":16.125},{"_mousePosition":[683,384],"_rootPartCFrame":[760.914,236.82,43.475,0.24,0,0.971,0,1,0,-0.971,0,0.24],"_humanoidState":5,"_cameraCFrame":[768.969,252.396,43.751,0.25,-0.845,0.472,0,0.488,0.873,-0.968,-0.219,0.122],"_shiftlockState":true,"_pose":"FreeFall","_animationQueue":[],"_animationSpeed":1,"_zoom":16.125},{"_mousePosition":[683,384],"_rootPartCFrame":[760.719,237.35,43.428,0.248,0,0.969,0,1,0,-0.969,0,0.248],"_humanoidState":5,"_cameraCFrame":[768.745,252.941,43.778,0.26,-0.844,0.469,0,0.486,0.874,-0.966,-0.227,0.126],"_shiftlockState":true,"_pose":"FreeFall","_animationQueue":[],"_animationSpeed":1,"_zoom":16.125},{"_mousePosition":[683,384],"_rootPartCFrame":[760.397,238.165,43.345,0.258,0,0.966,0,1,0,-0.966,0,0.258],"_humanoidState":5,"_cameraCFrame":[768.426,253.755,43.593,0.248,-0.847,0.471,0,0.486,0.874,-0.969,-0.217,0.121],"_shiftlockState":true,"_pose":"FreeFall","_animationQueue":[],"_animationSpeed":1,"_zoom":16.125},{"_mousePosition":[683,384],"_rootPartCFrame":[760.139,238.755,43.276,0.249,0,0.969,0,1,0,-0.969,0,0.249],"_humanoidState":5,"_cameraCFrame":[768.171,254.346,43.402,0.233,-0.85,0.473,0,0.486,0.874,-0.972,-0.204,0.113],"_shiftlockState":true,"_pose":"FreeFall","_animationQueue":[],"_animationSpeed":1,"_zoom":16.125},{"_mousePosition":[683,384],"_rootPartCFrame":[759.881,239.291,43.209,0.235,0,0.972,0,1,0,-0.972,0,0.235],"_humanoidState":5,"_cameraCFrame":[767.914,254.882,43.153,0.211,-0.854,0.475,0,0.486,0.874,-0.977,-0.184,0.103],"_shiftlockState":true,"_pose":"FreeFall","_animationQueue":[],"_animationSpeed":1,"_zoom":16.125},{"_mousePosition":[683,384],"_rootPartCFrame":[759.621,239.772,43.146,0.214,0,0.977,0,1,0,-0.977,0,0.214],"_humanoidState":5,"_cameraCFrame":[767.623,255.378,42.861,0.184,-0.86,0.476,0,0.485,0.875,-0.983,-0.161,0.089],"_shiftlockState":true,"_pose":"FreeFall","_animationQueue":[],"_animationSpeed":1,"_zoom":16.125},{"_mousePosition":[683,384],"_rootPartCFrame":[759.361,240.199,43.089,0.187,0,0.982,0,1,0,-0.982,0,0.187],"_humanoidState":5,"_cameraCFrame":[767.298,255.835,42.593,0.159,-0.866,0.475,0,0.481,0.877,-0.987,-0.139,0.076],"_shiftlockState":true,"_pose":"FreeFall","_animationQueue":[],"_animationSpeed":1,"_zoom":16.125},{"_mousePosition":[683,384],"_rootPartCFrame":[759.099,240.572,43.039,0.162,0,0.987,0,1,0,-0.987,0,0.162],"_humanoidState":5,"_cameraCFrame":[766.973,256.238,42.414,0.144,-0.869,0.473,0,0.478,0.879,-0.99,-0.126,0.069],"_shiftlockState":true,"_pose":"FreeFall","_animationQueue":[],"_animationSpeed":1,"_zoom":16.125},{"_mousePosition":[683,384],"_rootPartCFrame":[758.836,240.889,42.996,0.146,0,0.989,0,1,0,-0.989,0,0.146],"_humanoidState":5,"_cameraCFrame":[766.71,256.556,42.371,0.144,-0.869,0.473,0,0.478,0.879,-0.99,-0.126,0.069],"_shiftlockState":true,"_pose":"FreeFall","_animationQueue":[],"_animationSpeed":1,"_zoom":16.125},{"_mousePosition":[683,384],"_rootPartCFrame":[758.638,241.092,42.966,0.144,0,0.99,0,1,0,-0.99,0,0.144],"_humanoidState":5,"_cameraCFrame":[766.512,256.759,42.342,0.144,-0.869,0.473,0,0.478,0.879,-0.99,-0.126,0.069],"_shiftlockState":true,"_pose":"FreeFall","_animationQueue":[],"_animationSpeed":1,"_zoom":16.125},{"_mousePosition":[683,384],"_rootPartCFrame":[758.308,241.362,42.918,0.144,0,0.99,0,1,0,-0.99,0,0.144],"_humanoidState":5,"_cameraCFrame":[766.182,257.028,42.294,0.144,-0.869,0.473,0,0.478,0.879,-0.99,-0.126,0.069],"_shiftlockState":true,"_pose":"FreeFall","_animationQueue":[],"_animationSpeed":1,"_zoom":16.125},{"_mousePosition":[683,384],"_rootPartCFrame":[758.11,241.483,42.89,0.144,0,0.99,0,1,0,-0.99,0,0.144],"_humanoidState":5,"_cameraCFrame":[765.984,257.149,42.265,0.144,-0.869,0.473,0,0.478,0.879,-0.99,-0.126,0.069],"_shiftlockState":true,"_pose":"FreeFall","_animationQueue":[],"_animationSpeed":1,"_zoom":16.125},{"_mousePosition":[683,384],"_rootPartCFrame":[757.846,241.596,42.851,0.144,0,0.99,0,1,0,-0.99,0,0.144],"_humanoidState":5,"_cameraCFrame":[765.72,257.263,42.227,0.144,-0.869,0.473,0,0.478,0.879,-0.99,-0.126,0.069],"_shiftlockState":true,"_pose":"FreeFall","_animationQueue":[],"_animationSpeed":1,"_zoom":16.125},{"_mousePosition":[683,384],"_rootPartCFrame":[757.582,241.655,42.813,0.144,0,0.99,0,1,0,-0.99,0,0.144],"_humanoidState":5,"_cameraCFrame":[765.457,257.322,42.188,0.144,-0.869,0.473,0,0.478,0.879,-0.99,-0.126,0.069],"_shiftlockState":true,"_pose":"FreeFall","_animationQueue":[],"_animationSpeed":1,"_zoom":16.125},{"_mousePosition":[683,384],"_rootPartCFrame":[757.318,241.66,42.775,0.144,0,0.99,0,1,0,-0.99,0,0.144],"_humanoidState":5,"_cameraCFrame":[765.193,257.326,42.15,0.144,-0.869,0.473,0,0.478,0.879,-0.99,-0.126,0.069],"_shiftlockState":true,"_pose":"FreeFall","_animationQueue":[],"_animationSpeed":1,"_zoom":16.125},{"_mousePosition":[683,384],"_rootPartCFrame":[757.055,241.61,42.736,0.144,0,0.99,0,1,0,-0.99,0,0.144],"_humanoidState":5,"_cameraCFrame":[764.929,257.276,42.112,0.144,-0.869,0.473,0,0.478,0.879,-0.99,-0.126,0.069],"_shiftlockState":true,"_pose":"FreeFall","_animationQueue":[],"_animationSpeed":1,"_zoom":16.125},{"_mousePosition":[683,384],"_rootPartCFrame":[756.725,241.471,42.688,0.144,0,0.99,0,1,0,-0.99,0,0.144],"_humanoidState":5,"_cameraCFrame":[764.599,257.137,42.064,0.144,-0.869,0.473,0,0.478,0.879,-0.99,-0.126,0.069],"_shiftlockState":true,"_pose":"FreeFall","_animationQueue":[],"_animationSpeed":1,"_zoom":16.125},{"_mousePosition":[683,384],"_rootPartCFrame":[756.461,241.298,42.65,0.144,0,0.99,0,1,0,-0.99,0,0.144],"_humanoidState":5,"_cameraCFrame":[764.335,256.964,42.025,0.144,-0.869,0.473,0,0.478,0.879,-0.99,-0.126,0.069],"_shiftlockState":true,"_pose":"FreeFall","_animationQueue":[],"_animationSpeed":1,"_zoom":16.125},{"_mousePosition":[683,384],"_rootPartCFrame":[756.263,241.133,42.621,0.144,0,0.99,0,1,0,-0.99,0,0.144],"_humanoidState":5,"_cameraCFrame":[764.137,256.799,41.997,0.144,-0.869,0.473,0,0.478,0.879,-0.99,-0.126,0.069],"_shiftlockState":true,"_pose":"FreeFall","_animationQueue":[["fall",0.3]],"_animationSpeed":1,"_zoom":16.125},{"_mousePosition":[683,384],"_rootPartCFrame":[755.999,240.865,42.583,0.144,0,0.99,0,1,0,-0.99,0,0.144],"_humanoidState":5,"_cameraCFrame":[763.873,256.531,41.958,0.144,-0.869,0.473,0,0.478,0.879,-0.99,-0.126,0.069],"_shiftlockState":true,"_pose":"FreeFall","_animationQueue":[],"_animationSpeed":1,"_zoom":16.125},{"_mousePosition":[683,384],"_rootPartCFrame":[755.735,240.542,42.545,0.144,0,0.99,0,1,0,-0.99,0,0.144],"_humanoidState":5,"_cameraCFrame":[763.609,256.209,41.92,0.144,-0.869,0.473,0,0.478,0.879,-0.99,-0.126,0.069],"_shiftlockState":true,"_pose":"FreeFall","_animationQueue":[],"_animationSpeed":1,"_zoom":16.125},{"_mousePosition":[683,384],"_rootPartCFrame":[755.471,240.165,42.506,0.144,0,0.99,0,1,0,-0.99,0,0.144],"_humanoidState":7,"_cameraCFrame":[763.345,255.832,41.882,0.144,-0.869,0.473,0,0.478,0.879,-0.99,-0.126,0.069],"_shiftlockState":true,"_pose":"FreeFall","_animationQueue":[["walk",0.1],["fall",0.3],["fall",0.3]],"_animationSpeed":1,"_zoom":16.125},{"_mousePosition":[683,384],"_rootPartCFrame":[755.207,239.734,42.468,0.144,0,0.99,0,1,0,-0.99,0,0.144],"_humanoidState":7,"_cameraCFrame":[763.051,255.415,41.8,0.139,-0.871,0.471,0,0.476,0.879,-0.99,-0.122,0.066],"_shiftlockState":true,"_pose":"FreeFall","_animationQueue":[],"_animationSpeed":1,"_zoom":16.125},{"_mousePosition":[683,384],"_rootPartCFrame":[754.877,239.568,42.42,0.139,0,0.99,0,1,0,-0.99,0,0.139],"_humanoidState":8,"_cameraCFrame":[762.661,255.279,41.685,0.131,-0.874,0.468,0,0.473,0.881,-0.991,-0.116,0.062],"_shiftlockState":true,"_pose":"Running","_animationQueue":[["walk",0.1],["fall",0.3],["walk",0.1]],"_animationSpeed":1.103,"_zoom":16.125},{"_mousePosition":[683,384],"_rootPartCFrame":[754.613,239.615,42.383,0.131,0,0.991,0,1,0,-0.991,0,0.131],"_humanoidState":8,"_cameraCFrame":[762.268,255.385,41.459,0.109,-0.88,0.463,0,0.466,0.885,-0.994,-0.096,0.051],"_shiftlockState":true,"_pose":"Running","_animationQueue":[["walk",0.1]],"_animationSpeed":1.103,"_zoom":16.125},{"_mousePosition":[683,384],"_rootPartCFrame":[754.349,239.652,42.348,0.109,0,0.994,0,1,0,-0.994,0,0.109],"_humanoidState":8,"_cameraCFrame":[761.768,255.523,41.12,0.071,-0.889,0.452,0,0.454,0.891,-0.997,-0.063,0.032],"_shiftlockState":true,"_pose":"Running","_animationQueue":[],"_animationSpeed":1.103,"_zoom":16.125},{"_mousePosition":[683,384],"_rootPartCFrame":[754.084,239.674,42.318,0.071,0,0.997,0,1,0,-0.997,0,0.071],"_humanoidState":8,"_cameraCFrame":[760.966,255.739,40.429,-0.02,-0.903,0.429,0,0.429,0.903,-1,0.018,-0.009],"_shiftlockState":true,"_pose":"Running","_animationQueue":[],"_animationSpeed":1.103,"_zoom":16.125},{"_mousePosition":[683,384],"_rootPartCFrame":[753.752,239.688,42.293,-0.02,0,1,0,1,0,-1,0,-0.02],"_humanoidState":8,"_cameraCFrame":[760.099,255.911,39.839,-0.109,-0.908,0.405,0,0.408,0.913,-0.994,0.099,-0.044],"_shiftlockState":true,"_pose":"Running","_animationQueue":[],"_animationSpeed":1.103,"_zoom":16.125},{"_mousePosition":[683,384],"_rootPartCFrame":[753.552,239.692,42.294,-0.109,0,0.994,0,1,0,-0.994,0,-0.109],"_humanoidState":8,"_cameraCFrame":[759.205,256.077,39.203,-0.223,-0.9,0.375,0,0.385,0.923,-0.975,0.206,-0.086],"_shiftlockState":true,"_pose":"Running","_animationQueue":[],"_animationSpeed":1.103,"_zoom":16.125},{"_mousePosition":[683,384],"_rootPartCFrame":[753.22,239.696,42.326,-0.23,0,0.973,0,1,0,-0.973,0,-0.23],"_humanoidState":8,"_cameraCFrame":[758.109,256.199,38.573,-0.359,-0.868,0.342,0,0.367,0.93,-0.933,0.334,-0.131],"_shiftlockState":true,"_pose":"Running","_animationQueue":[],"_animationSpeed":1.103,"_zoom":16.125},{"_mousePosition":[683,384],"_rootPartCFrame":[752.959,239.698,42.381,-0.367,0,0.93,0,1,0,-0.93,0,-0.367],"_humanoidState":8,"_cameraCFrame":[756.976,256.291,38.007,-0.505,-0.808,0.304,0,0.352,0.936,-0.863,0.472,-0.178],"_shiftlockState":true,"_pose":"Running","_animationQueue":[],"_animationSpeed":1.103,"_zoom":16.125},{"_mousePosition":[683,384],"_rootPartCFrame":[752.709,239.699,42.472,-0.513,0,0.858,0,1,0,-0.858,0,-0.513],"_humanoidState":8,"_cameraCFrame":[755.829,256.346,37.585,-0.641,-0.721,0.263,0,0.343,0.939,-0.767,0.602,-0.22],"_shiftlockState":true,"_pose":"Running","_animationQueue":[["walk",0.1]],"_animationSpeed":1.103,"_zoom":16.125},{"_mousePosition":[683,384],"_rootPartCFrame":[752.564,239.696,42.41,-0.565,0.005,0.825,-0.004,1,-0.009,-0.825,-0.008,-0.565],"_humanoidState":8,"_cameraCFrame":[754.845,256.376,37.155,-0.751,-0.621,0.223,0,0.337,0.941,-0.66,0.707,-0.253],"_shiftlockState":true,"_pose":"Running","_animationQueue":[],"_animationSpeed":1.103,"_zoom":16.125},{"_mousePosition":[683,384],"_rootPartCFrame":[752.528,239.698,42.194,-0.697,0.009,0.717,-0.002,1,-0.014,-0.717,-0.011,-0.697],"_humanoidState":8,"_cameraCFrame":[753.973,256.419,36.763,-0.839,-0.514,0.18,0,0.33,0.944,-0.545,0.792,-0.277],"_shiftlockState":true,"_pose":"Running","_animationQueue":[["walk",0.1]],"_animationSpeed":0.78,"_zoom":16.125},{"_mousePosition":[683,384],"_rootPartCFrame":[752.486,239.698,42.029,-0.813,0.008,0.582,0.001,1,-0.013,-0.582,-0.01,-0.813],"_humanoidState":8,"_cameraCFrame":[753.211,256.471,36.6,-0.897,-0.418,0.142,0,0.321,0.947,-0.442,0.85,-0.288],"_shiftlockState":true,"_pose":"Running","_animationQueue":[["walk",0.1]],"_animationSpeed":0.706,"_zoom":16.125},{"_mousePosition":[683,384],"_rootPartCFrame":[752.339,239.699,41.87,-0.871,0.008,0.492,0.002,1,-0.013,-0.492,-0.01,-0.87],"_humanoidState":8,"_cameraCFrame":[752.324,256.55,36.62,-0.944,-0.314,0.101,0,0.306,0.952,-0.33,0.899,-0.289],"_shiftlockState":true,"_pose":"Running","_animationQueue":[],"_animationSpeed":0.706,"_zoom":16.125},{"_mousePosition":[683,384],"_rootPartCFrame":[752.147,239.699,41.693,-0.942,0.003,0.335,0.001,1,-0.006,-0.335,-0.005,-0.942],"_humanoidState":8,"_cameraCFrame":[751.974,256.57,36.51,-0.952,-0.291,0.092,0,0.302,0.953,-0.306,0.908,-0.288],"_shiftlockState":true,"_pose":"Running","_animationQueue":[["walk",0.1]],"_animationSpeed":0.639,"_zoom":16.125},{"_mousePosition":[683,384],"_rootPartCFrame":[751.9,239.699,41.593,-0.953,0.001,0.304,0,1,-0.001,-0.304,-0.001,-0.953],"_humanoidState":8,"_cameraCFrame":[751.462,256.617,36.573,-0.964,-0.253,0.077,0,0.293,0.956,-0.264,0.922,-0.283],"_shiftlockState":true,"_pose":"Running","_animationQueue":[["walk",0.1]],"_animationSpeed":1.09,"_zoom":16.125},{"_mousePosition":[683,384],"_rootPartCFrame":[751.647,239.699,41.511,-0.965,0,0.264,0,1,0,-0.264,0,-0.965],"_humanoidState":8,"_cameraCFrame":[751.174,256.626,36.524,-0.966,-0.248,0.076,0,0.291,0.957,-0.259,0.924,-0.281],"_shiftlockState":true,"_pose":"Running","_animationQueue":[["walk",0.1]],"_animationSpeed":1.09,"_zoom":16.125},{"_mousePosition":[683,384],"_rootPartCFrame":[751.39,239.7,41.438,-0.966,0,0.259,0,1,0,-0.259,0,-0.966],"_humanoidState":8,"_cameraCFrame":[750.918,256.626,36.451,-0.966,-0.248,0.076,0,0.291,0.957,-0.259,0.924,-0.281],"_shiftlockState":