[{"_mousePosition":[700,453],"_rootPartCFrame":[776.028,222.7,47.142,0,0,1,0,1,0,-1,0,0],"_humanoidState":8,"_cameraCFrame":[781.289,239.442,47.075,-0.013,-0.945,0.326,0,0.326,0.945,-1,0.012,-0.004],"_shiftlockState":false,"_pose":"Standing","_animationQueue":[],"_animationSpeed":1,"_zoom":16.125},{"_mousePosition":[700,453],"_rootPartCFrame":[775.781,222.7,47.146,-0.002,0,1,0,1,0,-1,0,-0.002],"_humanoidState":8,"_cameraCFrame":[781.013,239.452,47.078,-0.013,-0.946,0.324,0,0.324,0.946,-1,0.012,-0.004],"_shiftlockState":false,"_pose":"Standing","_animationQueue":[],"_animationSpeed":1,"_zoom":16.125},{"_mousePosition":[700,453],"_rootPartCFrame":[775.515,222.7,47.149,-0.003,0,1,0,1,0,-1,0,-0.003],"_humanoidState":8,"_cameraCFrame":[780.717,239.462,47.095,-0.01,-0.946,0.323,0,0.323,0.947,-1,0.01,-0.003],"_shiftlockState":false,"_pose":"Running","_animationQueue":[["walk",0.1]],"_animationSpeed":1.066,"_zoom":16.125},{"_mousePosition":[700,453],"_rootPartCFrame":[775.249,222.7,47.152,-0.005,0,1,0,1,0,-1,0,-0.005],"_humanoidState":8,"_cameraCFrame":[780.421,239.472,47.099,-0.01,-0.947,0.321,0,0.321,0.947,-1,0.01,-0.003],"_shiftlockState":false,"_pose":"Running","_animationQueue":[],"_animationSpeed":1.066,"_zoom":16.125},{"_mousePosition":[700,453],"_rootPartCFrame":[774.982,222.7,47.155,-0.005,0,1,0,1,0,-1,0,-0.005],"_humanoidState":8,"_cameraCFrame":[780.154,239.473,47.102,-0.01,-0.947,0.321,0,0.321,0.947,-1,0.01,-0.003],"_shiftlockState":false,"_pose":"Running","_animationQueue":[],"_animationSpeed":1.066,"_zoom":16.125},{"_mousePosition":[700,453],"_rootPartCFrame":[774.715,222.7,47.158,-0.006,0,1,0,1,0,-1,0,-0.006],"_humanoidState":8,"_cameraCFrame":[779.858,239.483,47.105,-0.01,-0.948,0.319,0,0.319,0.948,-1,0.01,-0.003],"_shiftlockState":false,"_pose":"Running","_animationQueue":[],"_animationSpeed":1.066,"_zoom":16.125},{"_mousePosition":[700,453],"_rootPartCFrame":[774.449,222.7,47.161,-0.007,0,1,0,1,0,-1,0,-0.007],"_humanoidState":8,"_cameraCFrame":[779.561,239.493,47.108,-0.01,-0.948,0.317,0,0.317,0.948,-1,0.01,-0.003],"_shiftlockState":false,"_pose":"Running","_animationQueue":[],"_animationSpeed":1.066,"_zoom":16.125},{"_mousePosition":[700,453],"_rootPartCFrame":[774.182,222.7,47.164,-0.007,0,1,0,1,0,-1,0,-0.007],"_humanoidState":8,"_cameraCFrame":[779.295,239.493,47.111,-0.01,-0.948,0.317,0,0.317,0.948,-1,0.01,-0.003],"_shiftlockState":false,"_pose":"Running","_animationQueue":[],"_animationSpeed":1.066,"_zoom":16.125},{"_mousePosition":[700,453],"_rootPartCFrame":[773.916,222.7,47.166,-0.008,0,1,0,1,0,-1,0,-0.008],"_humanoidState":8,"_cameraCFrame":[779.028,239.493,47.113,-0.01,-0.948,0.317,0,0.317,0.948,-1,0.01,-0.003],"_shiftlockState":false,"_pose":"Running","_animationQueue":[],"_animationSpeed":1.066,"_zoom":16.125},{"_mousePosition":[700,453],"_rootPartCFrame":[773.649,222.7,47.169,-0.008,0,1,0,1,0,-1,0,-0.008],"_humanoidState":8,"_cameraCFrame":[778.762,239.493,47.116,-0.01,-0.948,0.317,0,0.317,0.948,-1,0.01,-0.003],"_shiftlockState":false,"_pose":"Running","_animationQueue":[["walk",0.1]],"_animationSpeed":1.066,"_zoom":16.125},{"_mousePosition":[700,453],"_rootPartCFrame":[773.382,222.7,47.172,-0.008,0,1,0,1,0,-1,0,-0.008],"_humanoidState":8,"_cameraCFrame":[778.495,239.493,47.119,-0.01,-0.948,0.317,0,0.317,0.948,-1,0.01,-0.003],"_shiftlockState":false,"_pose":"Running","_animationQueue":[],"_animationSpeed":1.066,"_zoom":16.125},{"_mousePosition":[700,453],"_rootPartCFrame":[773.116,222.7,47.175,-0.009,0,1,0,1,0,-1,0,-0.009],"_humanoidState":8,"_cameraCFrame":[778.199,239.502,47.135,-0.008,-0.949,0.315,0,0.315,0.949,-1,0.007,-0.002],"_shiftlockState":false,"_pose":"Running","_animationQueue":[],"_animationSpeed":1.066,"_zoom":16.125},{"_mousePosition":[700,453],"_rootPartCFrame":[772.849,222.7,47.177,-0.009,0,1,0,1,0,-1,0,-0.009],"_humanoidState":8,"_cameraCFrame":[777.932,239.502,47.138,-0.008,-0.949,0.315,0,0.315,0.949,-1,0.007,-0.002],"_shiftlockState":false,"_pose":"Running","_animationQueue":[],"_animationSpeed":1.066,"_zoom":16.125},{"_mousePosition":[700,453],"_rootPartCFrame":[772.583,222.7,47.179,-0.009,0,1,0,1,0,-1,0,-0.009],"_humanoidState":8,"_cameraCFrame":[777.666,239.502,47.14,-0.008,-0.949,0.315,0,0.315,0.949,-1,0.007,-0.002],"_shiftlockState":false,"_pose":"Running","_animationQueue":[],"_animationSpeed":1.066,"_zoom":16.125},{"_mousePosition":[700,453],"_rootPartCFrame":[772.316,222.7,47.182,-0.009,0,1,0,1,0,-1,0,-0.009],"_humanoidState":8,"_cameraCFrame":[777.399,239.502,47.142,-0.008,-0.949,0.315,0,0.315,0.949,-1,0.007,-0.002],"_shiftlockState":false,"_pose":"Running","_animationQueue":[],"_animationSpeed":1.066,"_zoom":16.125},{"_mousePosition":[700,453],"_rootPartCFrame":[772.049,222.7,47.184,-0.009,0,1,0,1,0,-1,0,-0.009],"_humanoidState":8,"_cameraCFrame":[777.132,239.502,47.144,-0.008,-0.949,0.315,0,0.315,0.949,-1,0.007,-0.002],"_shiftlockState":false,"_pose":"Running","_animationQueue":[["walk",0.1]],"_animationSpeed":1.066,"_zoom":16.125},{"_mousePosition":[700,453],"_rootPartCFrame":[771.783,222.7,47.186,-0.008,0,1,0,1,0,-1,0,-0.008],"_humanoidState":8,"_cameraCFrame":[776.866,239.502,47.146,-0.008,-0.949,0.315,0,0.315,0.949,-1,0.007,-0.002],"_shiftlockState":false,"_pose":"Running","_animationQueue":[],"_animationSpeed":1.066,"_zoom":16.125},{"_mousePosition":[700,453],"_rootPartCFrame":[771.516,222.7,47.188,-0.008,0,1,0,1,0,-1,0,-0.008],"_humanoidState":8,"_cameraCFrame":[776.569,239.512,47.148,-0.008,-0.95,0.313,0,0.313,0.95,-1,0.007,-0.002],"_shiftlockState":false,"_pose":"Running","_animationQueue":[],"_animationSpeed":1.066,"_zoom":16.125},{"_mousePosition":[700,453],"_rootPartCFrame":[771.25,222.7,47.19,-0.008,0,1,0,1,0,-1,0,-0.008],"_humanoidState":8,"_cameraCFrame":[776.303,239.512,47.163,-0.005,-0.95,0.313,0,0.313,0.95,-1,0.005,-0.002],"_shiftlockState":false,"_pose":"Running","_animationQueue":[],"_animationSpeed":1.066,"_zoom":16.125},{"_mousePosition":[700,453],"_rootPartCFrame":[770.983,222.7,47.192,-0.008,0,1,0,1,0,-1,0,-0.008],"_humanoidState":8,"_cameraCFrame":[776.036,239.512,47.191,0,-0.95,0.313,0,0.313,0.95,-1,0,0],"_shiftlockState":false,"_pose":"Running","_animationQueue":[],"_animationSpeed":1.066,"_zoom":16.125},{"_mousePosition":[700,453],"_rootPartCFrame":[770.65,223.77,47.195,-0.008,0,1,0,1,0,-1,0,-0.008],"_humanoidState":3,"_cameraCFrame":[775.733,240.573,47.193,0,-0.949,0.315,0,0.315,0.949,-1,0,0],"_shiftlockState":false,"_pose":"Jumping","_animationQueue":[["walk",0.1],["jump",0.1]],"_animationSpeed":1,"_zoom":16.125},{"_mousePosition":[700,453],"_rootPartCFrame":[770.45,224.371,47.195,-0.008,0,1,0,1,0,-1,0,-0.008],"_humanoidState":5,"_cameraCFrame":[775.533,241.174,47.194,0,-0.949,0.315,0,0.315,0.949,-1,0,0],"_shiftlockState":false,"_pose":"FreeFall","_animationQueue":[["jump",0.1]],"_animationSpeed":1,"_zoom":16.125},{"_mousePosition":[700,453],"_rootPartCFrame":[770.183,225.125,47.195,-0.007,0,1,0,1,0,-1,0,-0.007],"_humanoidState":5,"_cameraCFrame":[775.296,241.918,47.207,0.002,-0.948,0.317,0,0.317,0.948,-1,-0.002,0.001],"_shiftlockState":false,"_pose":"FreeFall","_animationQueue":[],"_animationSpeed":1,"_zoom":16.125},{"_mousePosition":[700,453],"_rootPartCFrame":[769.917,225.824,47.195,-0.006,0,1,0,1,0,-1,0,-0.006],"_humanoidState":5,"_cameraCFrame":[775.029,242.617,47.207,0.002,-0.948,0.317,0,0.317,0.948,-1,-0.002,0.001],"_shiftlockState":false,"_pose":"FreeFall","_animationQueue":[],"_animationSpeed":1,"_zoom":16.125},{"_mousePosition":[700,453],"_rootPartCFrame":[769.65,226.469,47.195,-0.005,0,1,0,1,0,-1,0,-0.005],"_humanoidState":5,"_cameraCFrame":[774.763,243.262,47.206,0.002,-0.948,0.317,0,0.317,0.948,-1,-0.002,0.001],"_shiftlockState":false,"_pose":"FreeFall","_animationQueue":[],"_animationSpeed":1,"_zoom":16.125},{"_mousePosition":[700,453],"_rootPartCFrame":[769.317,227.199,47.194,-0.004,0,1,0,1,0,-1,0,-0.004],"_humanoidState":5,"_cameraCFrame":[774.43,243.992,47.206,0.002,-0.948,0.317,0,0.317,0.948,-1,-0.002,0.001],"_shiftlockState":false,"_pose":"FreeFall","_animationQueue":[],"_animationSpeed":1,"_zoom":16.125},{"_mousePosition":[700,453],"_rootPartCFrame":[769.117,227.595,47.193,-0.003,0,1,0,1,0,-1,0,-0.003],"_humanoidState":5,"_cameraCFrame":[774.23,244.388,47.205,0.002,-0.948,0.317,0,0.317,0.948,-1,-0.002,0.001],"_shiftlockState":false,"_pose":"FreeFall","_animationQueue":[],"_animationSpeed":1,"_zoom":16.125},{"_mousePosition":[700,453],"_rootPartCFrame":[768.85,228.077,47.193,-0.002,0,1,0,1,0,-1,0,-0.002],"_humanoidState":5,"_cameraCFrame":[773.963,244.87,47.204,0.002,-0.948,0.317,0,0.317,0.948,-1,-0.002,0.001],"_shiftlockState":false,"_pose":"FreeFall","_animationQueue":[],"_animationSpeed":1,"_zoom":16.125},{"_mousePosition":[700,453],"_rootPartCFrame":[768.583,228.504,47.192,-0.002,0,1,0,1,0,-1,0,-0.002],"_humanoidState":5,"_cameraCFrame":[773.696,245.297,47.204,0.002,-0.948,0.317,0,0.317,0.948,-1,-0.002,0.001],"_shiftlockState":false,"_pose":"FreeFall","_animationQueue":[],"_animationSpeed":1,"_zoom":16.125},{"_mousePosition":[700,453],"_rootPartCFrame":[768.317,228.876,47.192,-0.001,0,1,0,1,0,-1,0,-0.001],"_humanoidState":5,"_cameraCFrame":[773.43,245.669,47.203,0.002,-0.948,0.317,0,0.317,0.948,-1,-0.002,0.001],"_shiftlockState":false,"_pose":"FreeFall","_animationQueue":[],"_animationSpeed":1,"_zoom":16.125},{"_mousePosition":[700,453],"_rootPartCFrame":[768.05,229.194,47.191,-0.001,0,1,0,1,0,-1,0,-0.001],"_humanoidState":5,"_cameraCFrame":[773.163,245.987,47.203,0.002,-0.948,0.317,0,0.317,0.948,-1,-0.002,0.001],"_shiftlockState":false,"_pose":"FreeFall","_animationQueue":[],"_animationSpeed":1,"_zoom":16.125},{"_mousePosition":[700,453],"_rootPartCFrame":[767.784,229.457,47.19,0,0,1,0,1,0,-1,0,0],"_humanoidState":5,"_cameraCFrame":[772.897,246.25,47.202,0.002,-0.948,0.317,0,0.317,0.948,-1,-0.002,0.001],"_shiftlockState":false,"_pose":"FreeFall","_animationQueue":[],"_animationSpeed":1,"_zoom":16.125},{"_mousePosition":[700,453],"_rootPartCFrame":[767.517,229.666,47.19,0,0,1,0,1,0,-1,0,0],"_humanoidState":5,"_cameraCFrame":[772.63,246.459,47.201,0.002,-0.948,0.317,0,0.317,0.948,-1,-0.002,0.001],"_shiftlockState":false,"_pose":"FreeFall","_animationQueue":[],"_animationSpeed":1,"_zoom":16.125},{"_mousePosition":[700,453],"_rootPartCFrame":[767.184,229.851,47.189,0.001,0,1,0,1,0,-1,0,0.001],"_humanoidState":5,"_cameraCFrame":[772.297,246.644,47.201,0.002,-0.948,0.317,0,0.317,0.948,-1,-0.002,0.001],"_shiftlockState":false,"_pose":"FreeFall","_animationQueue":[],"_animationSpeed":1,"_zoom":16.125},{"_mousePosition":[700,453],"_rootPartCFrame":[766.917,229.937,47.188,0.001,0,1,0,1,0,-1,0,0.001],"_humanoidState":5,"_cameraCFrame":[772.03,246.73,47.2,0.002,-0.948,0.317,0,0.317,0.948,-1,-0.002,0.001],"_shiftlockState":false,"_pose":"FreeFall","_animationQueue":[["fall",0.3]],"_animationSpeed":1,"_zoom":16.125},{"_mousePosition":[700,453],"_rootPartCFrame":[766.717,229.966,47.188,0.001,0,1,0,1,0,-1,0,0.001],"_humanoidState":5,"_cameraCFrame":[771.83,246.759,47.2,0.002,-0.948,0.317,0,0.317,0.948,-1,-0.002,0.001],"_shiftlockState":false,"_pose":"FreeFall","_animationQueue":[],"_animationSpeed":1,"_zoom":16.125},{"_mousePosition":[700,453],"_rootPartCFrame":[766.451,229.957,47.187,0.001,0,1,0,1,0,-1,0,0.001],"_humanoidState":5,"_cameraCFrame":[771.564,246.75,47.199,0.002,-0.948,0.317,0,0.317,0.948,-1,-0.002,0.001],"_shiftlockState":false,"_pose":"FreeFall","_animationQueue":[],"_animationSpeed":1,"_zoom":16.125},{"_mousePosition":[700,453],"_rootPartCFrame":[766.184,229.893,47.187,0.001,0,1,0,1,0,-1,0,0.001],"_humanoidState":5,"_cameraCFrame":[771.297,246.686,47.198,0.002,-0.948,0.317,0,0.317,0.948,-1,-0.002,0.001],"_shiftlockState":false,"_pose":"FreeFall","_animationQueue":[],"_animationSpeed":1,"_zoom":16.125},{"_mousePosition":[700,453],"_rootPartCFrame":[765.917,229.775,47.186,0.001,0,1,0,1,0,-1,0,0.001],"_humanoidState":5,"_cameraCFrame":[771.03,246.568,47.198,0.002,-0.948,0.317,0,0.317,0.948,-1,-0.002,0.001],"_shiftlockState":false,"_pose":"FreeFall","_animationQueue":[],"_animationSpeed":1,"_zoom":16.125},{"_mousePosition":[700,453],"_rootPartCFrame":[765.584,229.551,47.185,0.002,0,1,0,1,0,-1,0,0.002],"_humanoidState":5,"_cameraCFrame":[770.697,246.344,47.197,0.002,-0.948,0.317,0,0.317,0.948,-1,-0.002,0.001],"_shiftlockState":false,"_pose":"FreeFall","_animationQueue":[],"_animationSpeed":1,"_zoom":16.125},{"_mousePosition":[700,453],"_rootPartCFrame":[765.384,229.375,47.185,0.002,0,1,0,1,0,-1,0,0.002],"_humanoidState":5,"_cameraCFrame":[770.497,246.168,47.197,0.002,-0.948,0.317,0,0.317,0.948,-1,-0.002,0.001],"_shiftlockState":false,"_pose":"FreeFall","_animationQueue":[],"_animationSpeed":1,"_zoom":16.125},{"_mousePosition":[700,453],"_rootPartCFrame":[765.118,229.094,47.184,0.002,0,1,0,1,0,-1,0,0.002],"_humanoidState":5,"_cameraCFrame":[770.231,245.887,47.196,0.002,-0.948,0.317,0,0.317,0.948,-1,-0.002,0.001],"_shiftlockState":false,"_pose":"FreeFall","_animationQueue":[["fall",0.3]],"_animationSpeed":1,"_zoom":16.125},{"_mousePosition":[700,453],"_rootPartCFrame":[764.851,228.758,47.184,0.002,0,1,0,1,0,-1,0,0.002],"_humanoidState":5,"_cameraCFrame":[769.964,245.551,47.195,0.002,-0.948,0.317,0,0.317,0.948,-1,-0.002,0.001],"_shiftlockState":false,"_pose":"FreeFall","_animationQueue":[],"_animationSpeed":1,"_zoom":16.125},{"_mousePosition":[700,453],"_rootPartCFrame":[764.584,228.367,47.183,0.002,0,1,0,1,0,-1,0,0.002],"_humanoidState":5,"_cameraCFrame":[769.697,245.16,47.195,0.002,-0.948,0.317,0,0.317,0.948,-1,-0.002,0.001],"_shiftlockState":false,"_pose":"FreeFall","_animationQueue":[],"_animationSpeed":1,"_zoom":16.125},{"_mousePosition":[700,453],"_rootPartCFrame":[764.318,227.922,47.182,0.002,0,1,0,1,0,-1,0,0.002],"_humanoidState":5,"_cameraCFrame":[769.431,244.715,47.194,0.002,-0.948,0.317,0,0.317,0.948,-1,-0.002,0.001],"_shiftlockState":false,"_pose":"FreeFall","_animationQueue":[],"_animationSpeed":1,"_zoom":16.125},{"_mousePosition":[700,453],"_rootPartCFrame":[764.051,227.422,47.182,0.002,0,1,0,1,0,-1,0,0.002],"_humanoidState":5,"_cameraCFrame":[769.164,244.215,47.193,0.002,-0.948,0.317,0,0.317,0.948,-1,-0.002,0.001],"_shiftlockState":false,"_pose":"FreeFall","_animationQueue":[],"_animationSpeed":1,"_zoom":16.125},{"_mousePosition":[700,453],"_rootPartCFrame":[763.718,226.721,47.181,0.002,0,1,0,1,0,-1,0,0.002],"_humanoidState":5,"_cameraCFrame":[768.831,243.514,47.193,0.002,-0.948,0.317,0,0.317,0.948,-1,-0.002,0.001],"_shiftlockState":false,"_pose":"FreeFall","_animationQueue":[],"_animationSpeed":1,"_zoom":16.125},{"_mousePosition":[700,453],"_rootPartCFrame":[763.518,226.26,47.181,0.002,0,1,0,1,0,-1,0,0.002],"_humanoidState":5,"_cameraCFrame":[768.631,243.053,47.192,0.002,-0.948,0.317,0,0.317,0.948,-1,-0.002,0.001],"_shiftlockState":false,"_pose":"FreeFall","_animationQueue":[["fall",0.3]],"_animationSpeed":1,"_zoom":16.125},{"_mousePosition":[700,453],"_rootPartCFrame":[763.251,225.597,47.18,0.002,0,1,0,1,0,-1,0,0.002],"_humanoidState":5,"_cameraCFrame":[768.364,242.39,47.192,0.002,-0.948,0.317,0,0.317,0.948,-1,-0.002,0.001],"_shiftlockState":false,"_pose":"FreeFall","_animationQueue":[],"_animationSpeed":1,"_zoom":16.125},{"_mousePosition":[700,453],"_rootPartCFrame":[762.985,224.879,47.179,0.002,0,1,0,1,0,-1,0,0.002],"_humanoidState":5,"_cameraCFrame":[768.098,241.672,47.191,0.002,-0.948,0.317,0,0.317,0.948,-1,-0.002,0.001],"_shiftlockState":false,"_pose":"FreeFall","_animationQueue":[],"_animationSpeed":1,"_zoom":16.125},{"_mousePosition":[700,453],"_rootPartCFrame":[762.718,224.107,47.179,0.002,0,1,0,1,0,-1,0,0.002],"_humanoidState":5,"_cameraCFrame":[767.831,240.9,47.19,0.002,-0.948,0.317,0,0.317,0.948,-1,-0.002,0.001],"_shiftlockState":false,"_pose":"FreeFall","_animationQueue":[],"_animationSpeed":1,"_zoom":16.125},{"_mousePosition":[700,453],"_rootPartCFrame":[762.452,223.382,47.178,0.002,0,1,0,1,0,-1,0,0.002],"_humanoidState":7,"_cameraCFrame":[767.565,240.175,47.19,0.002,-0.948,0.317,0,0.317,0.948,-1,-0.002,0.001],"_shiftlockState":false,"_pose":"FreeFall","_animationQueue":[["walk",0.1],["fall",0.3],["fall",0.3]],"_animationSpeed":1,"_zoom":16.125},{"_mousePosition":[700,453],"_rootPartCFrame":[762.185,223.333,47.178,0.002,0,1,0,1,0,-1,0,0.002],"_humanoidState":7,"_cameraCFrame":[767.298,240.126,47.189,0.002,-0.948,0.317,0,0.317,0.948,-1,-0.002,0.001],"_shiftlockState":false,"_pose":"FreeFall","_animationQueue":[],"_animationSpeed":1,"_zoom":16.125},{"_mousePosition":[700,453],"_rootPartCFrame":[761.852,223.432,47.177,0.002,0,1,0,1,0,-1,0,0.002],"_humanoidState":8,"_cameraCFrame":[766.965,240.225,47.188,0.002,-0.948,0.317,0,0.317,0.948,-1,-0.002,0.001],"_shiftlockState":false,"_pose":"Running","_animationQueue":[["walk",0.1],["fall",0.3],["walk",0.1]],"_animationSpeed":1.103,"_zoom":16.125},{"_mousePosition":[700,453],"_rootPartCFrame":[761.585,224.295,47.176,0.002,0,1,0,1,0,-1,0,0.002],"_humanoidState":3,"_cameraCFrame":[766.698,241.088,47.188,0.002,-0.948,0.317,0,0.317,0.948,-1,-0.002,0.001],"_shiftlockState":false,"_pose":"Jumping","_animationQueue":[["walk",0.1],["walk",0.1],["jump",0.1]],"_animationSpeed":1,"_zoom":16.125},{"_mousePosition":[700,453],"_rootPartCFrame":[761.252,225.297,47.175,0.002,0,1,0,1,0,-1,0,0.002],"_humanoidState":5,"_cameraCFrame":[766.365,242.09,47.187,0.002,-0.948,0.317,0,0.317,0.948,-1,-0.002,0.001],"_shiftlockState":false,"_pose":"FreeFall","_animationQueue":[["jump",0.1]],"_animationSpeed":1,"_zoom":16.125},{"_mousePosition":[700,453],"_rootPartCFrame":[761.052,225.857,47.175,0.002,0,1,0,1,0,-1,0,0.002],"_humanoidState":5,"_cameraCFrame":[766.165,242.65,47.187,0.002,-0.948,0.317,0,0.317,0.948,-1,-0.002,0.001],"_shiftlockState":false,"_pose":"FreeFall","_animationQueue":[],"_animationSpeed":1,"_zoom":16.125},{"_mousePosition":[700,453],"_rootPartCFrame":[760.785,226.556,47.174,0.002,0,1,0,1,0,-1,0,0.002],"_humanoidState":5,"_cameraCFrame":[765.898,243.349,47.186,0.002,-0.948,0.317,0,0.317,0.948,-1,-0.002,0.001],"_shiftlockState":false,"_pose":"FreeFall","_animationQueue":[],"_animationSpeed":1,"_zoom":16.125},{"_mousePosition":[700,453],"_rootPartCFrame":[760.519,227.201,47.174,0.002,0,1,0,1,0,-1,0,0.002],"_humanoidState":5,"_cameraCFrame":[765.632,243.994,47.185,0.002,-0.948,0.317,0,0.317,0.948,-1,-0.002,0.001],"_shiftlockState":false,"_pose":"FreeFall","_animationQueue":[],"_animationSpeed":1,"_zoom":16.125},{"_mousePosition":[700,453],"_rootPartCFrame":[760.252,227.792,47.173,0.002,0,1,0,1,0,-1,0,0.002],"_humanoidState":5,"_cameraCFrame":[765.365,244.585,47.185,0.002,-0.948,0.317,0,0.317,0.948,-1,-0.002,0.001],"_shiftlockState":false,"_pose":"FreeFall","_animationQueue":[],"_animationSpeed":1,"_zoom":16.125},{"_mousePosition":[700,453],"_rootPartCFrame":[759.985,228.328,47.172,0.002,0,1,0,1,0,-1,0,0.002],"_humanoidState":5,"_cameraCFrame":[765.098,245.121,47.184,0.002,-0.948,0.317,0,0.317,0.948,-1,-0.002,0.001],"_shiftlockState":false,"_pose":"FreeFall","_animationQueue":[],"_animationSpeed":1,"_zoom":16.125},{"_mousePosition":[700,453],"_rootPartCFrame":[759.652,228.921,47.172,0.002,0,1,0,1,0,-1,0,0.002],"_humanoidState":5,"_cameraCFrame":[764.765,245.714,47.183,0.002,-0.948,0.317,0,0.317,0.948,-1,-0.002,0.001],"_shiftlockState":false,"_pose":"FreeFall","_animationQueue":[],"_animationSpeed":1,"_zoom":16.125},{"_mousePosition":[700,453],"_rootPartCFrame":[759.452,229.236,47.171,0.002,0,1,0,1,0,-1,0,0.002],"_humanoidState":5,"_cameraCFrame":[764.565,246.029,47.183,0.002,-0.948,0.317,0,0.317,0.948,-1,-0.002,0.001],"_shiftlockState":false,"_pose":"FreeFall","_animationQueue":[],"_animationSpeed":1,"_zoom":16.125},{"_mousePosition":[700,453],"_rootPartCFrame":[759.186,229.608,47.171,0.002,0,1,0,1,0,-1,0,0.002],"_humanoidState":5,"_cameraCFrame":[764.299,246.401,47.182,0.002,-0.948,0.317,0,0.317,0.948,-1,-0.002,0.001],"_shiftlockState":false,"_pose":"FreeFall","_animationQueue":[],"_animationSpeed":1,"_zoom":16.125},{"_mousePosition":[700,453],"_rootPartCFrame":[758.919,229.926,47.17,0.002,0,1,0,1,0,-1,0,0.002],"_humanoidState":5,"_cameraCFrame":[764.032,246.719,47.182,0.002,-0.948,0.317,0,0.317,0.948,-1,-0.002,0.001],"_shiftlockState":false,"_pose":"FreeFall","_animationQueue":[],"_animationSpeed":1,"_zoom":16.125},{"_mousePosition":[700,453],"_rootPartCFrame":[758.652,230.19,47.169,0.002,0,1,0,1,0,-1,0,0.002],"_humanoidState":5,"_cameraCFrame":[763.795,246.973,47.181,0.002,-0.948,0.319,0,0.319,0.948,-1,-0.002,0.001],"_shiftlockState":false,"_pose":"FreeFall","_animationQueue":[],"_animationSpeed":1,"_zoom":16.125},{"_mousePosition":[700,453],"_rootPartCFrame":[758.319,230.442,47.169,0.002,0,1,0,1,0,-1,0,0.002],"_humanoidState":5,"_cameraCFrame":[763.462,247.225,47.18,0.002,-0.948,0.319,0,0.319,0.948,-1,-0.002,0.001],"_shiftlockState":false,"_pose":"FreeFall","_animationQueue":[],"_animationSpeed":1,"_zoom":16.125},{"_mousePosition":[700,453],"_rootPartCFrame":[758.119,230.553,47.168,0.002,0,1,0,1,0,-1,0,0.002],"_humanoidState":5,"_cameraCFrame":[763.262,247.336,47.18,0.002,-0.948,0.319,0,0.319,0.948,-1,-0.002,0.001],"_shiftlockState":false,"_pose":"FreeFall","_animationQueue":[],"_animationSpeed":1,"_zoom":16.125},{"_mousePosition":[700,453],"_rootPartCFrame":[757.853,230.653,47.168,0.002,0,1,0,1,0,-1,0,0.002],"_humanoidState":5,"_cameraCFrame":[762.995,247.436,47.179,0.002,-0.948,0.319,0,0.319,0.948,-1,-0.002,0.001],"_shiftlockState":false,"_pose":"FreeFall","_animationQueue":[],"_animationSpeed":1,"_zoom":16.125},{"_mousePosition":[700,453],"_rootPartCFrame":[757.586,230.698,47.167,0.002,0,1,0,1,0,-1,0,0.002],"_humanoidState":5,"_cameraCFrame":[762.729,247.481,47.179,0.002,-0.948,0.319,0,0.319,0.948,-1,-0.002,0.001],"_shiftlockState":false,"_pose":"FreeFall","_animationQueue":[],"_animationSpeed":1,"_zoom":16.125},{"_mousePosition":[700,453],"_rootPartCFrame":[757.319,230.689,47.166,0.002,0,1,0,1,0,-1,0,0.002],"_humanoidState":5,"_cameraCFrame":[762.462,247.472,47.178,0.002,-0.948,0.319,0,0.319,0.948,-1,-0.002,0.001],"_shiftlockState":false,"_pose":"FreeFall","_animationQueue":[],"_animationSpeed":1,"_zoom":16.125},{"_mousePosition":[700,453],"_rootPartCFrame":[757.053,230.625,47.166,0.002,0,1,0,1,0,-1,0,0.002],"_humanoidState":5,"_cameraCFrame":[762.196,247.408,47.178,0.002,-0.948,0.319,0,0.319,0.948,-1,-0.002,0.001],"_shiftlockState":false,"_pose":"FreeFall","_animationQueue":[],"_animationSpeed":1,"_zoom":16.125},{"_mousePosition":[700,453],"_rootPartCFrame":[756.786,230.507,47.165,0.002,0,1,0,1,0,-1,0,0.002],"_humanoidState":5,"_cameraCFrame":[761.929,247.29,47.177,0.002,-0.948,0.319,0,0.319,0.948,-1,-0.002,0.001],"_shiftlockState":false,"_pose":"FreeFall","_animationQueue":[],"_animationSpeed":1,"_zoom":16.125},{"_mousePosition":[700,453],"_rootPartCFrame":[756.52,230.335,47.165,0.002,0,1,0,1,0,-1,0,0.002],"_humanoidState":5,"_cameraCFrame":[761.662,247.118,47.176,0.002,-0.948,0.319,0,0.319,0.948,-1,-0.002,0.001],"_shiftlockState":false,"_pose":"FreeFall","_animationQueue":[],"_animationSpeed":1,"_zoom":16.125},{"_mousePosition":[700,453],"_rootPartCFrame":[756.253,230.108,47.164,0.002,0,1,0,1,0,-1,0,0.002],"_humanoidState":5,"_cameraCFrame":[761.396,246.891,47.176,0.002,-0.948,0.319,0,0.319,0.948,-1,-0.002,0.001],"_shiftlockState":false,"_pose":"FreeFall","_animationQueue":[["fall",0.3]],"_animationSpeed":1,"_zoom":16.125},{"_mousePosition":[700,453],"_rootPartCFrame":[755.986,229.826,47.163,0.002,0,1,0,1,0,-1,0,0.002],"_humanoidState":5,"_cameraCFrame":[761.129,246.609,47.175,0.002,-0.948,0.319,0,0.319,0.948,-1,-0.002,0.001],"_shiftlockState":false,"_pose":"FreeFall","_animationQueue":[],"_animationSpeed":1,"_zoom":16.125},{"_mousePosition":[700,453],"_rootPartCFrame":[755.72,229.49,47.163,0.002,0,1,0,1,0,-1,0,0.002],"_humanoidState":5,"_cameraCFrame":[760.863,246.273,47.174,0.002,-0.948,0.319,0,0.319,0.948,-1,-0.002,0.001],"_shiftlockState":false,"_pose":"FreeFall","_animationQueue":[],"_animationSpeed":1,"_zoom":16.125},{"_mousePosition":[700,453],"_rootPartCFrame":[755.453,229.099,47.162,0.002,0,1,0,1,0,-1,0,0.002],"_humanoidState":5,"_cameraCFrame":[760.596,245.882,47.174,0.002,-0.948,0.319,0,0.319,0.948,-1,-0.002,0.001],"_shiftlockState":false,"_pose":"FreeFall","_animationQueue":[],"_animationSpeed":1,"_zoom":16.125},{"_mousePosition":[700,453],"_rootPartCFrame":[755.187,228.654,47.161,0.002,0,1,0,1,0,-1,0,0.002],"_humanoidState":5,"_cameraCFrame":[760.329,245.437,47.173,0.002,-0.948,0.319,0,0.319,0.948,-1,-0.002,0.001],"_shiftlockState":false,"_pose":"FreeFall","_animationQueue":[],"_animationSpeed":1,"_zoom":16.125},{"_mousePosition":[700,453],"_rootPartCFrame":[754.92,228.155,47.161,0.002,0,1,0,1,0,-1,0,0.002],"_humanoidState":5,"_cameraCFrame":[760.063,244.938,47.173,0.002,-0.948,0.319,0,0.319,0.948,-1,-0.002,0.001],"_shiftlockState":false,"_pose":"FreeFall","_animationQueue":[],"_animationSpeed":1,"_zoom":16.125},{"_mousePosition":[700,453],"_rootPartCFrame":[754.653,227.601,47.16,0.002,0,1,0,1,0,-1,0,0.002],"_humanoidState":5,"_cameraCFrame":[759.796,244.383,47.172,0.002,-0.948,0.319,0,0.319,0.948,-1,-0.002,0.001],"_shiftlockState":false,"_pose":"FreeFall","_animationQueue":[],"_animationSpeed":1,"_zoom":16.125},{"_mousePosition":[700,453],"_rootPartCFrame":[754.387,226.992,47.16,0.002,0,1,0,1,0,-1,0,0.002],"_humanoidState":5,"_cameraCFrame":[759.53,243.775,47.171,0.002,-0.948,0.319,0,0.319,0.948,-1,-0.002,0.001],"_shiftlockState":false,"_pose":"FreeFall","_animationQueue":[["fall",0.3]],"_animationSpeed":1,"_zoom":16.125},{"_mousePosition":[700,453],"_rootPartCFrame":[754.054,226.155,47.159,0.002,0,1,0,1,0,-1,0,0.002],"_humanoidState":5,"_cameraCFrame":[759.196,242.937,47.171,0.002,-0.948,0.319,0,0.319,0.948,-1,-0.002,0.001],"_shiftlockState":false,"_pose":"FreeFall","_animationQueue":[],"_animationSpeed":1,"_zoom":16.125},{"_mousePosition":[700,453],"_rootPartCFrame":[753.854,225.611,47.158,0.002,0,1,0,1,0,-1,0,0.002],"_humanoidState":5,"_cameraCFrame":[758.996,242.394,47.17,0.002,-0.948,0.319,0,0.319,0.948,-1,-0.002,0.001],"_shiftlockState":false,"_pose":"FreeFall","_animationQueue":[],"_animationSpeed":1,"_zoom":16.125},{"_mousePosition":[700,453],"_rootPartCFrame":[753.52,224.638,47.158,0.002,0,1,0,1,0,-1,0,0.002],"_humanoidState":5,"_cameraCFrame":[758.663,241.421,47.169,0.002,-0.948,0.319,0,0.319,0.948,-1,-0.002,0.001],"_shiftlockState":false,"_pose":"FreeFall","_animationQueue":[],"_animationSpeed":1,"_zoom":16.125},{"_mousePosition":[700,453],"_rootPartCFrame":[753.32,224.013,47.157,0.002,0,1,0,1,0,-1,0,0.002],"_humanoidState":7,"_cameraCFrame":[758.463,240.795,47.169,0.002,-0.948,0.319,0,0.319,0.948,-1,-0.002,0.001],"_shiftlockState":false,"_pose":"FreeFall","_animationQueue":[["walk",0.1],["fall",0.3],["fall",0.3]],"_animationSpeed":1,"_zoom":16.125},{"_mousePosition":[700,453],"_rootPartCFrame":[753.054,223.247,47.157,0.002,0,1,0,1,0,-1,0,0.002],"_humanoidState":7,"_cameraCFrame":[758.197,240.03,47.168,0.002,-0.948,0.319,0,0.319,0.948,-1,-0.002,0.001],"_shiftlockState":false,"_pose":"FreeFall","_animationQueue":[],"_animationSpeed":1,"_zoom":16.125},{"_mousePosition":[700,453],"_rootPartCFrame":[752.787,223.238,47.156,0.002,0,1,0,1,0,-1,0,0.002],"_humanoidState":7,"_cameraCFrame":[757.93,240.021,47.168,0.002,-0.948,0.319,0,0.319,0.948,-1,-0.002,0.001],"_shiftlockState":false,"_pose":"FreeFall","_animationQueue":[],"_animationSpeed":1,"_zoom":16.125},{"_mousePosition":[700,453],"_rootPartCFrame":[752.454,223.385,47.155,0.002,0,1,0,1,0,-1,0,0.002],"_humanoidState":8,"_cameraCFrame":[757.597,240.168,47.167,0.002,-0.948,0.319,0,0.319,0.948,-1,-0.002,0.001],"_shiftlockState":false,"_pose":"Running","_animationQueue":[["fall",0.3],["walk",0.1],["fall",0.3],["walk",0.1]],"_animationSpeed":1.103,"_zoom":16.125},{"_mousePosition":[700,453],"_rootPartCFrame":[752.254,224.037,47.155,0.002,0,1,0,1,0,-1,0,0.002],"_humanoidState":3,"_cameraCFrame":[757.397,240.82,47.167,0.002,-0.948,0.319,0,0.319,0.948,-1,-0.002,0.001],"_shiftlockState":false,"_pose":"Jumping","_animationQueue":[["walk",0.1],["jump",0.1]],"_animationSpeed":1,"_zoom":16.125},{"_mousePosition":[700,453],"_rootPartCFrame":[751.987,224.859,47.154,0.002,0,1,0,1,0,-1,0,0.002],"_humanoidState":5,"_cameraCFrame":[757.13,241.642,47.166,0.002,-0.948,0.319,0,0.319,0.948,-1,-0.002,0.001],"_shiftlockState":false,"_pose":"FreeFall","_animationQueue":[["jump",0.1]],"_animationSpeed":1,"_zoom":16.125},{"_mousePosition":[700,453],"_rootPartCFrame":[751.721,225.627,47.154,0.002,0,1,0,1,0,-1,0,0.002],"_humanoidState":5,"_cameraCFrame":[756.863,242.41,47.165,0.002,-0.948,0.319,0,0.319,0.948,-1,-0.002,0.001],"_shiftlockState":false,"_pose":"FreeFall","_animationQueue":[],"_animationSpeed":1,"_zoom":16.125},{"_mousePosition":[700,453],"_rootPartCFrame":[751.454,226.34,47.153,0.002,0,1,0,1,0,-1,0,0.002],"_humanoidState":5,"_cameraCFrame":[756.597,243.123,47.165,0.002,-0.948,0.319,0,0.319,0.948,-1,-0.002,0.001],"_shiftlockState":false,"_pose":"FreeFall","_animationQueue":[],"_animationSpeed":1,"_zoom":16.125},{"_mousePosition":[700,453],"_rootPartCFrame":[751.188,226.998,47.152,0.002,0,1,0,1,0,-1,0,0.002],"_humanoidState":5,"_cameraCFrame":[756.33,243.781,47.164,0.002,-0.948,0.319,0,0.319,0.948,-1,-0.002,0.001],"_shiftlockState":false,"_pose":"FreeFall","_animationQueue":[],"_animationSpeed":1,"_zoom":16.125},{"_mousePosition":[700,453],"_rootPartCFrame":[750.921,227.602,47.152,0.002,0,1,0,1,0,-1,0,0.002],"_humanoidState":5,"_cameraCFrame":[756.064,244.385,47.163,0.002,-0.948,0.319,0,0.319,0.948,-1,-0.002,0.001],"_shiftlockState":false,"_pose":"FreeFall","_animationQueue":[],"_animationSpeed":1,"_zoom":16.125},{"_mousePosition":[700,453],"_rootPartCFrame":[750.654,228.152,47.151,0.002,0,1,0,1,0,-1,0,0.002],"_humanoidState":5,"_cameraCFrame":[755.797,244.935,47.163,0.002,-0.948,0.319,0,0.319,0.948,-1,-0.002,0.001],"_shiftlockState":false,"_pose":"FreeFall","_animationQueue":[],"_animationSpeed":1,"_zoom":16.125},{"_mousePosition":[700,453],"_rootPartCFrame":[750.388,228.647,47.151,0.002,0,1,0,1,0,-1,0,0.002],"_humanoidState":5,"_cameraCFrame":[755.53,245.43,47.162,0.002,-0.948,0.319,0,0.319,0.948,-1,-0.002,0.001],"_shiftlockState":false,"_pose":"FreeFall","_animationQueue":[],"_animationSpeed":1,"_zoom":16.125},{"_mousePosition":[700,453],"_rootPartCFrame":[750.121,229.087,47.15,0.002,0,1,0,1,0,-1,0,0.002],"_humanoidState":5,"_cameraCFrame":[755.264,245.87,47.162,0.002,-0.948,0.319,0,0.319,0.948,-1,-0.002,0.001],"_shiftlockState":false,"_pose":"FreeFall","_animationQueue":[],"_animationSpeed":1,"_zoom":16.125},{"_mousePosition":[700,453],"_rootPartCFrame":[749.854,229.473,47.149,0.002,0,1,0,1,0,-1,0,0.002],"_humanoidState":5,"_cameraCFrame":[754.997,246.256,47.161,0.002,-0.948,0.319,0,0.319,0.948,-1,-0.002,0.001],"_shiftlockState":false,"_pose":"FreeFall","_animationQueue":[],"_animationSpeed":1,"_zoom":16.125},{"_mousePosition":[700,453],"_rootPartCFrame":[749.588,229.805,47.149,0.002,0,1,0,1,0,-1,0,0.002],"_humanoidState":5,"_cameraCFrame":[754.731,246.588,47.16,0.002,-0.948,0.319,0,0.319,0.948,-1,-0.002,0.001],"_shiftlockState":false,"_pose":"FreeFall","_animationQueue":[],"_animationSpeed":1,"_zoom":16.125},{"_mousePosition":[700,453],"_rootPartCFrame":[749.321,230.082,47.148,0.002,0,1,0,1,0,-1,0,0.002],"_humanoidState":5,"_cameraCFrame":[754.464,246.865,47.16,0.002,-0.948,0.319,0,0.319,0.948,-1,-0.002,0.001],"_shiftlockState":false,"_pose":"FreeFall","_animationQueue":[],"_animationSpeed":1,"_zoom":16.125},{"_mousePosition":[700,453],"_rootPartCFrame":[749.055,230.304,47.147,0.002,0,1,0,1,0,-1,0,0.002],"_humanoidState":5,"_cameraCFrame":[754.197,247.087,47.159,0.002,-0.948,0.319,0,0.319,0.948,-1,-0.002,0.001],"_shiftlockState":false,"_pose":"FreeFall","_animationQueue":[],"_animationSpeed":1,"_zoom":16.125},{"_mousePosition":[700,453],"_rootPartCFrame":[748.788,230.472,47.147,0.002,0,1,0,1,0,-1,0,0.002],"_humanoidState":5,"_cameraCFrame":[753.931,247.255,47.159,0.002,-0.948,0.319,0,0.319,0.948,-1,-0.002,0.001],"_shiftlockState":false,"_pose":"FreeFall","_animationQueue":[],"_animationSpeed":1,"_zoom":16.125},{"_mousePosition":[700,453],"_rootPartCFrame":[748.455,230.606,47.146,0.002,0,1,0,1,0,-1,0,0.002],"_humanoidState":5,"_cameraCFrame":[753.598,247.389,47.158,0.002,-0.948,0.319,0,0.319,0.948,-1,-0.002,0.001],"_shiftlockState":false,"_pose":"FreeFall","_animationQueue":[],"_animationSpeed":1,"_zoom":16.125},{"_mousePosition":[700,453],"_rootPartCFrame":[748.255,230.645,47.146,0.002,0,1,0,1,0,-1,0,0.002],"_humanoidState":5,"_cameraCFrame":[753.398,247.428,47.157,0.002,-0.948,0.319,0,0.319,0.948,-1,-0.002,0.001],"_shiftlockState":false,"_pose":"FreeFall","_animationQueue":[],"_animationSpeed":1,"_zoom":16.125},{"_mousePosition":[700,453],"_rootPartCFrame":[747.988,230.649,47.145,0.002,0,1,0,1,0,-1,0,0.002],"_humanoidState":5,"_cameraCFrame":[753.131,247.432,47.157,0.002,-0.948,0.319,0,0.319,0.948,-1,-0.002,0.001],"_shiftlockState":false,"_pose":"FreeFall","_animationQueue":[],"_animationSpeed":1,"_zoom":16.125},{"_mousePosition":[700,453],"_rootPartCFrame":[747.722,230.599,47.144,0.002,0,1,0,1,0,-1,0,0.002],"_humanoidState":5,"_cameraCFrame":[752.864,247.382,47.156,0.002,-0.948,0.319,0,0.319,0.948,-1,-0.002,0.001],"_shiftlockState":false,"_pose":"FreeFall","_animationQueue":[],"_animationSpeed":1,"_zoom":16.125},{"_mousePosition":[700,453],"_rootPartCFrame":[747.455,230.495,47.144,0.002,0,1,0,1,0,-1,0,0.002],"_humanoidState":5,"_cameraCFrame":[752.598,247.278,47.156,0.002,-0.948,0.319,0,0.319,0.948,-1,-0.002,0.001],"_shiftlockState":false,"_pose":"FreeFall","_animationQueue":[["fall",0.3]],"_animationSpeed":1,"_zoom":16.125},{"_mousePosition":[700,453],"_rootPartCFrame":[747.188,230.336,47.143,0.002,0,1,0,1,0,-1,0,0.002],"_humanoidState":5,"_cameraCFrame":[752.331,247.119,47.155,0.002,-0.948,0.319,0,0.319,0.948,-1,-0.002,0.001],"_shiftlockState":false,"_pose":"FreeFall","_animationQueue":[],"_animationSpeed":1,"_zoom":16.125},{"_mousePosition":[700,453],"_rootPartCFrame":[746.922,230.122,47.143,0.002,0,1,0,1,0,-1,0,0.002],"_humanoidState":5,"_cameraCFrame":[752.065,246.905,47.154,0.002,-0.948,0.319,0,0.319,0.948,-1,-0.002,0.001],"_shiftlockState":false,"_pose":"FreeFall","_animationQueue":[],"_animationSpeed":1,"_zoom":16.125},{"_mousePosition":[700,453],"_rootPartCFrame":[746.655,229.855,47.142,0.002,0,1,0,1,0,-1,0,0.002],"_humanoidState":5,"_cameraCFrame":[751.798,246.637,47.154,0.002,-0.948,0.319,0,0.319,0.948,-1,-0.002,0.001],"_shiftlockState":false,"_pose":"FreeFall","_animationQueue":[],"_animationSpeed":1,"_zoom":16.125},{"_mousePosition":[700,453],"_rootPartCFrame":[746.389,229.532,47.141,0.002,0,1,0,1,0,-1,0,0.002],"_humanoidState":5,"_cameraCFrame":[751.531,246.315,47.153,0.002,-0.948,0.319,0,0.319,0.948,-1,-0.002,0.001],"_shiftlockState":false,"_pose":"FreeFall","_animationQueue":[],"_animationSpeed":1,"_zoom":16.125},{"_mousePosition":[700,453],"_rootPartCFrame":[746.122,229.155,47.141,0.002,0,1,0,1,0,-1,0,0.002],"_humanoidState":5,"_cameraCFrame":[751.265,245.938,47.152,0.002,-0.948,0.319,0,0.319,0.948,-1,-0.002,0.001],"_shiftlockState":false,"_pose":"FreeFall","_animationQueue":[],"_animationSpeed":1,"_zoom":16.125},{"_mousePosition":[700,453],"_rootPartCFrame":[745.855,228.724,47.14,0.002,0,1,0,1,0,-1,0,0.002],"_humanoidState":5,"_cameraCFrame":[750.998,245.507,47.152,0.002,-0.948,0.319,0,0.319,0.948,-1,-0.002,0.001],"_shiftlockState":false,"_pose":"FreeFall","_animationQueue":[],"_animationSpeed":1,"_zoom":16.125},{"_mousePosition":[700,453],"_rootPartCFrame":[745.589,228.238,47.14,0.002,0,1,0,1,0,-1,0,0.002],"_humanoidState":5,"_cameraCFrame":[750.732,245.021,47.151,0.002,-0.948,0.319,0,0.319,0.948,-1,-0.002,0.001],"_shiftlockState":false,"_pose":"FreeFall","_animationQueue":[["fall",0.3]],"_animationSpeed":1,"_zoom":16.125},{"_mousePosition":[700,453],"_rootPartCFrame":[745.256,227.553,47.139,0.002,0,1,0,1,0,-1,0,0.002],"_humanoidState":5,"_cameraCFrame":[750.398,244.336,47.151,0.002,-0.948,0.319,0,0.319,0.948,-1,-0.002,0.001],"_shiftlockState":false,"_pose":"FreeFall","_animationQueue":[],"_animationSpeed":1,"_zoom":16.125},{"_mousePosition":[700,453],"_rootPartCFrame":[745.056,227.102,47.138,0.002,0,1,0,1,0,-1,0,0.002],"_humanoidState":5,"_cameraCFrame":[750.198,243.885,47.15,0.002,-0.948,0.319,0,0.319,0.948,-1,-0.002,0.001],"_shiftlockState":false,"_pose":"FreeFall","_animationQueue":[],"_animationSpeed":1,"_zoom":16.125},{"_mousePosition":[700,453],"_rootPartCFrame":[744.789,226.453,47.138,0.002,0,1,0,1,0,-1,0,0.002],"_humanoidState":5,"_cameraCFrame":[749.932,243.236,47.149,0.002,-0.948,0.319,0,0.319,0.948,-1,-0.002,0.001],"_shiftlockState":false,"_pose":"FreeFall","_animationQueue":[],"_animationSpeed":1,"_zoom":16.125},{"_mousePosition":[700,453],"_rootPartCFrame":[744.522,225.749,47.137,0.002,0,1,0,1,0,-1,0,0.002],"_humanoidState":5,"_cameraCFrame":[749.665,242.532,47.149,0.002,-0.948,0.319,0,0.319,0.948,-1,-0.002,0.001],"_shiftlockState":false,"_pose":"FreeFall","_animationQueue":[],"_animationSpeed":1,"_zoom":16.125},{"_mousePosition":[700,453],"_rootPartCFrame":[744.256,224.99,47.136,0.002,0,1,0,1,0,-1,0,0.002],"_humanoidState":5,"_cameraCFrame":[749.399,241.773,47.148,0.002,-0.948,0.319,0,0.319,0.948,-1,-0.002,0.001],"_shiftlockState":false,"_pose":"FreeFall","_animationQueue":[],"_animationSpeed":1,"_zoom":16.125},{"_mousePosition":[700,453],"_rootPartCFrame":[743.989,224.177,47.136,0.002,0,1,0,1,0,-1,0,0.002],"_humanoidState":5,"_cameraCFrame":[749.132,240.96,47.148,0.002,-0.948,0.319,0,0.319,0.948,-1,-0.002,0.001],"_shiftlockState":false,"_pose":"FreeFall","_animationQueue":[],"_animationSpeed":1,"_zoom":16.125},{"_mousePosition":[700,453],"_rootPartCFrame":[743.723,223.414,47.135,0.002,0,1,0,1,0,-1,0,0.002],"_humanoidState":7,"_cameraCFrame":[748.865,240.197,47.147,0.002,-0.948,0.319,0,0.319,0.948,-1,-0.002,0.001],"_shiftlockState":false,"_pose":"FreeFall","_animationQueue":[["fall",0.3],["walk",0.1],["fall",0.3],["fall",0.3]],"_animationSpeed":1,"_zoom":16.125},{"_mousePosition":[700,453],"_rootPartCFrame":[743.456,223.348,47.135,0.002,0,1,0,1,0,-1,0,0.002],"_humanoidState":7,"_cameraCFrame":[748.599,240.131,47.146,0.002,-0.948,0.319,0,0.319,0.948,-1,-0.002,0.001],"_shiftlockState":false,"_pose":"FreeFall","_animationQueue":[],"_animationSpeed":1,"_zoom":16.125},{"_mousePosition":[700,453],"_rootPartCFrame":[743.123,223.439,47.134,0.002,0,1,0,1,0,-1,0,0.002],"_humanoidState":8,"_cameraCFrame":[748.265,240.222,47.146,0.002,-0.948,0.319,0,0.319,0.948,-1,-0.002,0.001],"_shiftlockState":false,"_pose":"Running","_animationQueue":[["walk",0.1],["fall",0.3],["walk",0.1]],"_animationSpeed":1.103,"_zoom":16.125},{"_mousePosition":[700,453],"_rootPartCFrame":[742.856,224.312,47.133,0.002,0,1,0,1,0,-1,0,0.002],"_humanoidState":3,"_cameraCFrame":[747.999,241.095,47.145,0.002,-0.948,0.319,0,0.319,0.948,-1,-0.002,0.001],"_shiftlockState":false,"_pose":"Jumping","_animationQueue":[["walk",0.1],["jump",0.1]],"_animationSpeed":1,"_zoom":16.125},{"_mousePosition":[700,453],"_rootPartCFrame":[742.589,225.134,47.133,0.002,0,1,0,1,0,-1,0,0.002],"_humanoidState":5,"_cameraCFrame":[747.732,241.917,47.144,0.002,-0.948,0.319,0,0.319,0.948,-1,-0.002,0.001],"_shiftlockState":false,"_pose":"FreeFall","_animationQueue":[["jump",0.1]],"_animationSpeed":1,"_zoom":16.125},{"_mousePosition":[700,453],"_rootPartCFrame":[742.323,225.901,47.132,0.002,0,1,0,1,0,-1,0,0.002],"_humanoidState":5,"_cameraCFrame":[747.466,242.684,47.144,0.002,-0.948,0.319,0,0.319,0.948,-1,-0.002,0.001],"_shiftlockState":false,"_pose":"FreeFall","_animationQueue":[],"_animationSpeed":1,"_zoom":16.125},{"_mousePosition":[700,453],"_rootPartCFrame":[742.056,226.615,47.131,0.002,0,1,0,1,0,-1,0,0.002],"_humanoidState":5,"_cameraCFrame":[747.199,243.397,47.143,0.002,-0.948,0.319,0,0.319,0.948,-1,-0.002,0.001],"_shiftlockState":false,"_pose":"FreeFall","_animationQueue":[],"_animationSpeed":1,"_zoom":16.125},{"_mousePosition":[700,453],"_rootPartCFrame":[741.79,227.273,47.131,0.002,0,1,0,1,0,-1,0,0.002],"_humanoidState":5,"_cameraCFrame":[746.932,244.056,47.143,0.002,-0.948,0.319,0,0.319,0.948,-1,-0.002,0.001],"_shiftlockState":fa