[{"_mousePosition":[1168,360],"_rootPartCFrame":[776.024,222.975,47.142,0.004,0.004,1,0,1,-0.004,-1,0,0.004],"_humanoidState":8,"_cameraCFrame":[781.954,228.747,46.958,-0.031,-0.584,0.811,0,0.811,0.585,-1,0.018,-0.025],"_shiftlockState":false,"_pose":"Standing","_animationQueue":[],"_animationSpeed":1,"_zoom":7.306},{"_mousePosition":[1168,360],"_rootPartCFrame":[776.024,222.716,47.142,0.004,0,1,0,1,0,-1,0,0.004],"_humanoidState":8,"_cameraCFrame":[781.947,228.488,46.958,-0.031,-0.584,0.811,0,0.811,0.585,-1,0.018,-0.025],"_shiftlockState":false,"_pose":"Standing","_animationQueue":[],"_animationSpeed":1,"_zoom":7.306},{"_mousePosition":[1153,360],"_rootPartCFrame":[776.024,222.618,47.142,0.004,0,1,0,1,0,-1,0,0.004],"_humanoidState":8,"_cameraCFrame":[781.947,228.389,46.958,-0.031,-0.584,0.811,0,0.811,0.585,-1,0.018,-0.025],"_shiftlockState":false,"_pose":"Standing","_animationQueue":[],"_animationSpeed":1,"_zoom":7.306},{"_mousePosition":[1149,360],"_rootPartCFrame":[776.024,222.606,47.142,0.004,0,1,0,1,0,-1,0,0.004],"_humanoidState":8,"_cameraCFrame":[781.947,228.378,46.958,-0.031,-0.584,0.811,0,0.811,0.585,-1,0.018,-0.025],"_shiftlockState":false,"_pose":"Standing","_animationQueue":[],"_animationSpeed":1,"_zoom":7.306},{"_mousePosition":[1058,372],"_rootPartCFrame":[776.024,222.65,47.142,0.004,0,1,0,1,0,-1,0,0.004],"_humanoidState":8,"_cameraCFrame":[781.948,228.422,46.958,-0.031,-0.584,0.811,0,0.811,0.585,-1,0.018,-0.025],"_shiftlockState":false,"_pose":"Standing","_animationQueue":[],"_animationSpeed":1,"_zoom":7.306},{"_mousePosition":[1058,372],"_rootPartCFrame":[775.835,222.672,47.148,-0.001,0,1,0,1,0,-1,0,-0.001],"_humanoidState":8,"_cameraCFrame":[781.759,228.444,46.964,-0.031,-0.584,0.811,0,0.811,0.585,-1,0.018,-0.025],"_shiftlockState":false,"_pose":"Standing","_animationQueue":[],"_animationSpeed":1,"_zoom":7.306},{"_mousePosition":[914,375],"_rootPartCFrame":[775.571,222.685,47.156,-0.005,0,1,0,1,0,-1,0,-0.005],"_humanoidState":8,"_cameraCFrame":[781.495,228.456,46.972,-0.031,-0.584,0.811,0,0.811,0.585,-1,0.018,-0.025],"_shiftlockState":false,"_pose":"Running","_animationQueue":[["walk",0.1]],"_animationSpeed":1.003,"_zoom":7.306},{"_mousePosition":[900,374],"_rootPartCFrame":[775.304,222.692,47.165,-0.008,0,1,0,1,0,-1,0,-0.008],"_humanoidState":8,"_cameraCFrame":[781.228,228.463,46.981,-0.031,-0.584,0.811,0,0.811,0.585,-1,0.018,-0.025],"_shiftlockState":false,"_pose":"Running","_animationQueue":[["walk",0.1]],"_animationSpeed":1.101,"_zoom":7.306},{"_mousePosition":[793,370],"_rootPartCFrame":[775.038,222.695,47.173,-0.011,0,1,0,1,0,-1,0,-0.011],"_humanoidState":8,"_cameraCFrame":[780.962,228.467,46.989,-0.031,-0.584,0.811,0,0.811,0.585,-1,0.018,-0.025],"_shiftlockState":false,"_pose":"Running","_animationQueue":[],"_animationSpeed":1.101,"_zoom":7.306},{"_mousePosition":[786,370],"_rootPartCFrame":[774.771,222.697,47.181,-0.014,0,1,0,1,0,-1,0,-0.014],"_humanoidState":8,"_cameraCFrame":[780.695,228.469,46.997,-0.031,-0.584,0.811,0,0.811,0.585,-1,0.018,-0.025],"_shiftlockState":false,"_pose":"Running","_animationQueue":[],"_animationSpeed":1.101,"_zoom":7.306},{"_mousePosition":[749,367],"_rootPartCFrame":[774.505,222.698,47.19,-0.016,0,1,0,1,0,-1,0,-0.016],"_humanoidState":8,"_cameraCFrame":[780.429,228.47,47.006,-0.031,-0.584,0.811,0,0.811,0.585,-1,0.018,-0.025],"_shiftlockState":false,"_pose":"Running","_animationQueue":[],"_animationSpeed":1.101,"_zoom":7.306},{"_mousePosition":[749,367],"_rootPartCFrame":[774.238,222.699,47.198,-0.018,0,1,0,1,0,-1,0,-0.018],"_humanoidState":8,"_cameraCFrame":[780.162,228.471,47.014,-0.031,-0.584,0.811,0,0.811,0.585,-1,0.018,-0.025],"_shiftlockState":false,"_pose":"Running","_animationQueue":[],"_animationSpeed":1.101,"_zoom":7.306},{"_mousePosition":[749,367],"_rootPartCFrame":[773.972,222.699,47.206,-0.02,0,1,0,1,0,-1,0,-0.02],"_humanoidState":8,"_cameraCFrame":[779.896,228.471,47.022,-0.031,-0.584,0.811,0,0.811,0.585,-1,0.018,-0.025],"_shiftlockState":false,"_pose":"Running","_animationQueue":[["walk",0.1]],"_animationSpeed":1.101,"_zoom":7.306},{"_mousePosition":[749,367],"_rootPartCFrame":[773.705,222.699,47.214,-0.021,0,1,0,1,0,-1,0,-0.021],"_humanoidState":8,"_cameraCFrame":[779.629,228.471,47.03,-0.031,-0.584,0.811,0,0.811,0.585,-1,0.018,-0.025],"_shiftlockState":false,"_pose":"Running","_animationQueue":[],"_animationSpeed":1.101,"_zoom":7.306},{"_mousePosition":[749,367],"_rootPartCFrame":[773.572,222.7,47.218,-0.022,0,1,0,1,0,-1,0,-0.022],"_humanoidState":8,"_cameraCFrame":[779.496,228.471,47.035,-0.031,-0.584,0.811,0,0.811,0.585,-1,0.018,-0.025],"_shiftlockState":false,"_pose":"Running","_animationQueue":[],"_animationSpeed":1.101,"_zoom":7.306},{"_mousePosition":[749,367],"_rootPartCFrame":[773.306,222.7,47.227,-0.023,0,1,0,1,0,-1,0,-0.023],"_humanoidState":8,"_cameraCFrame":[779.198,228.514,47.044,-0.031,-0.59,0.807,0,0.807,0.591,-1,0.018,-0.025],"_shiftlockState":false,"_pose":"Running","_animationQueue":[],"_animationSpeed":1.101,"_zoom":7.306},{"_mousePosition":[749,367],"_rootPartCFrame":[772.906,222.7,47.239,-0.025,0,1,0,1,0,-1,0,-0.025],"_humanoidState":8,"_cameraCFrame":[778.75,228.581,47.058,-0.031,-0.599,0.8,0,0.8,0.6,-1,0.019,-0.025],"_shiftlockState":false,"_pose":"Running","_animationQueue":[],"_animationSpeed":1.101,"_zoom":7.306},{"_mousePosition":[749,367],"_rootPartCFrame":[772.64,222.7,47.247,-0.026,0,1,0,1,0,-1,0,-0.026],"_humanoidState":8,"_cameraCFrame":[778.397,228.693,47.069,-0.031,-0.615,0.788,0,0.788,0.615,-1,0.019,-0.024],"_shiftlockState":false,"_pose":"Running","_animationQueue":[],"_animationSpeed":1.101,"_zoom":7.306},{"_mousePosition":[749,367],"_rootPartCFrame":[772.373,223.573,47.256,-0.027,0,1,0,1,0,-1,0,-0.027],"_humanoidState":3,"_cameraCFrame":[778.043,229.677,47.086,-0.03,-0.63,0.776,0,0.776,0.63,-1,0.019,-0.023],"_shiftlockState":false,"_pose":"Jumping","_animationQueue":[["walk",0.1],["walk",0.1],["jump",0.1]],"_animationSpeed":1,"_zoom":7.306},{"_mousePosition":[749,367],"_rootPartCFrame":[772.106,224.395,47.264,-0.027,0,1,0,1,0,-1,0,-0.027],"_humanoidState":5,"_cameraCFrame":[777.664,230.635,47.109,-0.028,-0.649,0.761,0,0.761,0.649,-1,0.018,-0.021],"_shiftlockState":false,"_pose":"FreeFall","_animationQueue":[["jump",0.1]],"_animationSpeed":1,"_zoom":7.306},{"_mousePosition":[749,367],"_rootPartCFrame":[771.706,225.526,47.276,-0.028,0,1,0,1,0,-1,0,-0.028],"_humanoidState":5,"_cameraCFrame":[777.129,231.92,47.153,-0.023,-0.67,0.742,0,0.742,0.67,-1,0.015,-0.017],"_shiftlockState":false,"_pose":"FreeFall","_animationQueue":[],"_animationSpeed":1,"_zoom":7.306},{"_mousePosition":[749,367],"_rootPartCFrame":[771.573,225.875,47.28,-0.028,0,1,0,1,0,-1,0,-0.028],"_humanoidState":5,"_cameraCFrame":[776.864,232.413,47.188,-0.017,-0.689,0.724,0,0.724,0.69,-1,0.012,-0.013],"_shiftlockState":false,"_pose":"FreeFall","_animationQueue":[],"_animationSpeed":1,"_zoom":7.306},{"_mousePosition":[749,367],"_rootPartCFrame":[771.307,226.534,47.286,-0.028,0,1,0,1,0,-1,0,-0.028],"_humanoidState":5,"_cameraCFrame":[776.478,233.194,47.218,-0.013,-0.706,0.708,0,0.708,0.706,-1,0.009,-0.009],"_shiftlockState":false,"_pose":"FreeFall","_animationQueue":[],"_animationSpeed":1,"_zoom":7.306},{"_mousePosition":[749,367],"_rootPartCFrame":[771.04,227.138,47.291,-0.026,0,1,0,1,0,-1,0,-0.026],"_humanoidState":5,"_cameraCFrame":[776.102,233.905,47.229,-0.012,-0.721,0.693,0,0.693,0.721,-1,0.009,-0.008],"_shiftlockState":false,"_pose":"FreeFall","_animationQueue":[],"_animationSpeed":1,"_zoom":7.306},{"_mousePosition":[749,367],"_rootPartCFrame":[770.773,227.687,47.295,-0.025,0,1,0,1,0,-1,0,-0.025],"_humanoidState":5,"_cameraCFrame":[775.755,234.531,47.239,-0.011,-0.731,0.682,0,0.682,0.731,-1,0.008,-0.008],"_shiftlockState":false,"_pose":"FreeFall","_animationQueue":[],"_animationSpeed":1,"_zoom":7.306},{"_mousePosition":[749,367],"_rootPartCFrame":[770.507,228.182,47.298,-0.023,0,1,0,1,0,-1,0,-0.023],"_humanoidState":5,"_cameraCFrame":[775.414,235.094,47.248,-0.01,-0.741,0.672,0,0.672,0.741,-1,0.007,-0.007],"_shiftlockState":false,"_pose":"FreeFall","_animationQueue":[],"_animationSpeed":1,"_zoom":7.306},{"_mousePosition":[749,367],"_rootPartCFrame":[770.24,228.623,47.301,-0.021,0,1,0,1,0,-1,0,-0.021],"_humanoidState":5,"_cameraCFrame":[775.073,235.601,47.257,-0.009,-0.75,0.662,0,0.662,0.75,-1,0.007,-0.006],"_shiftlockState":false,"_pose":"FreeFall","_animationQueue":[],"_animationSpeed":1,"_zoom":7.306},{"_mousePosition":[749,367],"_rootPartCFrame":[769.974,229.009,47.304,-0.02,0,1,0,1,0,-1,0,-0.02],"_humanoidState":5,"_cameraCFrame":[774.753,236.034,47.265,-0.008,-0.756,0.654,0,0.654,0.756,-1,0.006,-0.005],"_shiftlockState":false,"_pose":"FreeFall","_animationQueue":[],"_animationSpeed":1,"_zoom":7.306},{"_mousePosition":[749,367],"_rootPartCFrame":[769.707,229.34,47.306,-0.018,0,1,0,1,0,-1,0,-0.018],"_humanoidState":5,"_cameraCFrame":[774.447,236.4,47.273,-0.007,-0.761,0.649,0,0.649,0.761,-1,0.005,-0.005],"_shiftlockState":false,"_pose":"FreeFall","_animationQueue":[],"_animationSpeed":1,"_zoom":7.306},{"_mousePosition":[749,367],"_rootPartCFrame":[769.44,229.617,47.308,-0.017,0,1,0,1,0,-1,0,-0.017],"_humanoidState":5,"_cameraCFrame":[774.153,236.7,47.276,-0.007,-0.764,0.645,0,0.645,0.764,-1,0.005,-0.004],"_shiftlockState":false,"_pose":"FreeFall","_animationQueue":[],"_animationSpeed":1,"_zoom":7.306},{"_mousePosition":[749,367],"_rootPartCFrame":[769.174,229.84,47.31,-0.016,0,1,0,1,0,-1,0,-0.016],"_humanoidState":5,"_cameraCFrame":[773.868,236.938,47.278,-0.007,-0.766,0.643,0,0.643,0.766,-1,0.005,-0.004],"_shiftlockState":false,"_pose":"FreeFall","_animationQueue":[],"_animationSpeed":1,"_zoom":7.306},{"_mousePosition":[749,367],"_rootPartCFrame":[768.974,229.971,47.312,-0.015,0,1,0,1,0,-1,0,-0.015],"_humanoidState":5,"_cameraCFrame":[773.637,237.095,47.26,-0.011,-0.77,0.638,0,0.638,0.77,-1,0.009,-0.007],"_shiftlockState":false,"_pose":"FreeFall","_animationQueue":[],"_animationSpeed":1,"_zoom":7.306},{"_mousePosition":[749,367],"_rootPartCFrame":[768.641,230.122,47.314,-0.013,0,1,0,1,0,-1,0,-0.013],"_humanoidState":5,"_cameraCFrame":[773.262,237.279,47.238,-0.016,-0.774,0.633,0,0.633,0.774,-1,0.013,-0.01],"_shiftlockState":false,"_pose":"FreeFall","_animationQueue":[],"_animationSpeed":1,"_zoom":7.306},{"_mousePosition":[749,367],"_rootPartCFrame":[768.374,230.181,47.317,-0.013,0,1,0,1,0,-1,0,-0.013],"_humanoidState":5,"_cameraCFrame":[772.9,237.383,45.464,-0.023,-0.78,0.625,0,0.625,0.781,-1,0.018,-0.014],"_shiftlockState":true,"_pose":"FreeFall","_animationQueue":[],"_animationSpeed":1,"_zoom":7.306},{"_mousePosition":[683,384],"_rootPartCFrame":[768.107,230.185,47.321,-0.022,0,1,0,1,0,-1,0,-0.022],"_humanoidState":5,"_cameraCFrame":[772.634,237.387,45.468,-0.023,-0.78,0.625,0,0.625,0.781,-1,0.018,-0.014],"_shiftlockState":true,"_pose":"FreeFall","_animationQueue":[],"_animationSpeed":1,"_zoom":7.306},{"_mousePosition":[683,384],"_rootPartCFrame":[767.774,230.114,47.328,-0.022,0,1,0,1,0,-1,0,-0.022],"_humanoidState":5,"_cameraCFrame":[772.364,237.441,45.459,-0.026,-0.782,0.622,0,0.623,0.783,-1,0.02,-0.016],"_shiftlockState":true,"_pose":"FreeFall","_animationQueue":[],"_animationSpeed":1,"_zoom":9.632},{"_mousePosition":[683,384],"_rootPartCFrame":[767.574,230.031,47.333,-0.026,0,1,0,1,0,-1,0,-0.026],"_humanoidState":5,"_cameraCFrame":[772.331,237.658,45.439,-0.03,-0.786,0.617,0,0.618,0.787,-1,0.024,-0.019],"_shiftlockState":true,"_pose":"FreeFall","_animationQueue":[],"_animationSpeed":1,"_zoom":9.632},{"_mousePosition":[683,384],"_rootPartCFrame":[767.374,229.917,47.338,-0.03,0,1,0,1,0,-1,0,-0.03],"_humanoidState":5,"_cameraCFrame":[772.339,237.919,45.412,-0.035,-0.79,0.611,0,0.612,0.791,-0.999,0.028,-0.022],"_shiftlockState":true,"_pose":"FreeFall","_animationQueue":[],"_animationSpeed":1,"_zoom":9.632},{"_mousePosition":[683,384],"_rootPartCFrame":[767.041,229.658,47.348,-0.034,0,0.999,0,1,0,-0.999,0,-0.034],"_humanoidState":5,"_cameraCFrame":[772.168,237.96,45.394,-0.039,-0.794,0.607,0,0.607,0.794,-0.999,0.031,-0.024],"_shiftlockState":true,"_pose":"FreeFall","_animationQueue":[["fall",0.3]],"_animationSpeed":1,"_zoom":9.632},{"_mousePosition":[683,384],"_rootPartCFrame":[766.774,229.39,47.357,-0.039,0,0.999,0,1,0,-0.999,0,-0.039],"_humanoidState":5,"_cameraCFrame":[772.052,237.944,45.38,-0.043,-0.796,0.604,0,0.605,0.796,-0.999,0.034,-0.026],"_shiftlockState":true,"_pose":"FreeFall","_animationQueue":[],"_animationSpeed":1,"_zoom":9.632},{"_mousePosition":[683,384],"_rootPartCFrame":[766.575,229.153,47.365,-0.042,0,0.999,0,1,0,-0.999,0,-0.042],"_humanoidState":5,"_cameraCFrame":[772.014,237.96,45.376,-0.044,-0.797,0.602,0,0.603,0.798,-0.999,0.035,-0.026],"_shiftlockState":true,"_pose":"FreeFall","_animationQueue":[],"_animationSpeed":1,"_zoom":9.632},{"_mousePosition":[683,384],"_rootPartCFrame":[766.175,228.588,47.381,-0.043,0,0.999,0,1,0,-0.999,0,-0.043],"_humanoidState":5,"_cameraCFrame":[771.664,237.46,45.39,-0.044,-0.797,0.602,0,0.603,0.798,-0.999,0.035,-0.026],"_shiftlockState":true,"_pose":"FreeFall","_animationQueue":[],"_animationSpeed":1,"_zoom":9.632},{"_mousePosition":[683,384],"_rootPartCFrame":[766.042,228.372,47.387,-0.044,0,0.999,0,1,0,-0.999,0,-0.044],"_humanoidState":5,"_cameraCFrame":[771.752,237.538,45.386,-0.044,-0.797,0.602,0,0.603,0.798,-0.999,0.035,-0.026],"_shiftlockState":true,"_pose":"FreeFall","_animationQueue":[],"_animationSpeed":1,"_zoom":12.54},{"_mousePosition":[683,384],"_rootPartCFrame":[765.709,227.773,47.402,-0.044,0,0.999,0,1,0,-0.999,0,-0.044],"_humanoidState":5,"_cameraCFrame":[771.761,237.391,45.386,-0.044,-0.797,0.602,0,0.603,0.798,-0.999,0.035,-0.026],"_shiftlockState":true,"_pose":"FreeFall","_animationQueue":[],"_animationSpeed":1,"_zoom":12.54},{"_mousePosition":[683,384],"_rootPartCFrame":[765.509,227.373,47.41,-0.044,0,0.999,0,1,0,-0.999,0,-0.044],"_humanoidState":5,"_cameraCFrame":[771.899,237.439,45.38,-0.044,-0.797,0.602,0,0.603,0.798,-0.999,0.035,-0.026],"_shiftlockState":true,"_pose":"FreeFall","_animationQueue":[],"_animationSpeed":1,"_zoom":12.54},{"_mousePosition":[683,384],"_rootPartCFrame":[765.176,226.638,47.425,-0.044,0,0.999,0,1,0,-0.999,0,-0.044],"_humanoidState":5,"_cameraCFrame":[771.839,237.064,45.383,-0.044,-0.797,0.602,0,0.603,0.798,-0.999,0.035,-0.026],"_shiftlockState":true,"_pose":"FreeFall","_animationQueue":[["fall",0.3]],"_animationSpeed":1,"_zoom":12.54},{"_mousePosition":[683,384],"_rootPartCFrame":[764.976,226.156,47.434,-0.044,0,0.999,0,1,0,-0.999,0,-0.044],"_humanoidState":5,"_cameraCFrame":[771.857,236.871,45.382,-0.044,-0.797,0.602,0,0.603,0.798,-0.999,0.035,-0.026],"_shiftlockState":true,"_pose":"FreeFall","_animationQueue":[],"_animationSpeed":1,"_zoom":12.54},{"_mousePosition":[683,384],"_rootPartCFrame":[764.71,225.465,47.445,-0.044,0,0.999,0,1,0,-0.999,0,-0.044],"_humanoidState":5,"_cameraCFrame":[771.767,236.414,45.386,-0.044,-0.797,0.602,0,0.603,0.798,-0.999,0.035,-0.026],"_shiftlockState":true,"_pose":"FreeFall","_animationQueue":[],"_animationSpeed":1,"_zoom":12.54},{"_mousePosition":[683,384],"_rootPartCFrame":[764.444,224.721,47.457,-0.044,0,0.999,0,1,0,-0.999,0,-0.044],"_humanoidState":5,"_cameraCFrame":[771.627,235.839,45.384,-0.045,-0.797,0.602,0,0.603,0.798,-0.999,0.036,-0.027],"_shiftlockState":true,"_pose":"FreeFall","_animationQueue":[],"_animationSpeed":1,"_zoom":12.54},{"_mousePosition":[683,384],"_rootPartCFrame":[764.177,223.921,47.469,-0.045,0,0.999,0,1,0,-0.999,0,-0.045],"_humanoidState":5,"_cameraCFrame":[771.387,235.194,45.341,-0.052,-0.8,0.598,0,0.599,0.801,-0.999,0.042,-0.031],"_shiftlockState":true,"_pose":"FreeFall","_animationQueue":[],"_animationSpeed":1,"_zoom":12.54},{"_mousePosition":[683,384],"_rootPartCFrame":[763.844,222.845,47.483,-0.051,0,0.999,0,1,0,-0.999,0,-0.051],"_humanoidState":5,"_cameraCFrame":[771.019,234.257,45.266,-0.065,-0.803,0.592,0,0.593,0.805,-0.998,0.052,-0.038],"_shiftlockState":true,"_pose":"FreeFall","_animationQueue":[],"_animationSpeed":1,"_zoom":12.54},{"_mousePosition":[683,384],"_rootPartCFrame":[763.578,222.433,47.497,-0.064,0,0.998,0,1,0,-0.998,0,-0.064],"_humanoidState":7,"_cameraCFrame":[770.684,233.954,45.162,-0.081,-0.807,0.585,0,0.587,0.809,-0.997,0.066,-0.048],"_shiftlockState":true,"_pose":"FreeFall","_animationQueue":[["fall",0.3],["walk",0.1],["fall",0.3],["fall",0.3]],"_animationSpeed":1,"_zoom":12.54},{"_mousePosition":[683,384],"_rootPartCFrame":[763.378,222.476,47.509,-0.081,0,0.997,0,1,0,-0.997,0,-0.081],"_humanoidState":7,"_cameraCFrame":[770.404,234.094,45.06,-0.098,-0.81,0.579,0,0.581,0.814,-0.995,0.08,-0.057],"_shiftlockState":true,"_pose":"FreeFall","_animationQueue":[],"_animationSpeed":1,"_zoom":12.54},{"_mousePosition":[683,384],"_rootPartCFrame":[762.98,222.599,47.541,-0.098,0,0.995,0,1,0,-0.995,0,-0.098],"_humanoidState":8,"_cameraCFrame":[769.946,234.284,45.037,-0.106,-0.812,0.574,0,0.577,0.817,-0.994,0.087,-0.061],"_shiftlockState":true,"_pose":"Running","_animationQueue":[["walk",0.1],["fall",0.3],["walk",0.1]],"_animationSpeed":1.103,"_zoom":12.54},{"_mousePosition":[683,384],"_rootPartCFrame":[762.714,222.645,47.567,-0.106,0,0.994,0,1,0,-0.994,0,-0.106],"_humanoidState":8,"_cameraCFrame":[769.679,234.354,45.047,-0.108,-0.813,0.573,0,0.576,0.817,-0.994,0.089,-0.062],"_shiftlockState":true,"_pose":"Running","_animationQueue":[],"_animationSpeed":1.103,"_zoom":12.54},{"_mousePosition":[683,384],"_rootPartCFrame":[762.515,222.665,47.588,-0.108,0,0.994,0,1,0,-0.994,0,-0.108],"_humanoidState":8,"_cameraCFrame":[769.499,234.382,45.066,-0.108,-0.812,0.573,0,0.577,0.817,-0.994,0.088,-0.062],"_shiftlockState":true,"_pose":"Running","_animationQueue":[],"_animationSpeed":1.103,"_zoom":12.54},{"_mousePosition":[683,384],"_rootPartCFrame":[762.25,222.681,47.616,-0.108,0,0.994,0,1,0,-0.994,0,-0.108],"_humanoidState":8,"_cameraCFrame":[769.245,234.401,45.086,-0.109,-0.811,0.574,0,0.577,0.816,-0.994,0.089,-0.063],"_shiftlockState":true,"_pose":"Running","_animationQueue":[],"_animationSpeed":1.103,"_zoom":12.54},{"_mousePosition":[683,384],"_rootPartCFrame":[761.985,222.689,47.645,-0.109,0,0.994,0,1,0,-0.994,0,-0.109],"_humanoidState":8,"_cameraCFrame":[768.984,234.416,45.115,-0.109,-0.811,0.574,0,0.577,0.816,-0.994,0.089,-0.063],"_shiftlockState":true,"_pose":"Running","_animationQueue":[],"_animationSpeed":1.103,"_zoom":12.54},{"_mousePosition":[683,384],"_rootPartCFrame":[761.72,222.694,47.674,-0.109,0,0.994,0,1,0,-0.994,0,-0.109],"_humanoidState":8,"_cameraCFrame":[768.722,234.424,45.143,-0.109,-0.811,0.574,0,0.577,0.816,-0.994,0.089,-0.063],"_shiftlockState":true,"_pose":"Running","_animationQueue":[["walk",0.1]],"_animationSpeed":1.103,"_zoom":12.54},{"_mousePosition":[683,384],"_rootPartCFrame":[761.455,222.697,47.704,-0.109,0,0.994,0,1,0,-0.994,0,-0.109],"_humanoidState":8,"_cameraCFrame":[768.458,234.429,45.172,-0.109,-0.811,0.574,0,0.577,0.816,-0.994,0.089,-0.063],"_shiftlockState":true,"_pose":"Running","_animationQueue":[],"_animationSpeed":1.103,"_zoom":12.54},{"_mousePosition":[683,384],"_rootPartCFrame":[761.19,222.698,47.733,-0.109,0,0.994,0,1,0,-0.994,0,-0.109],"_humanoidState":8,"_cameraCFrame":[768.195,234.433,45.201,-0.109,-0.811,0.574,0,0.577,0.816,-0.994,0.089,-0.063],"_shiftlockState":true,"_pose":"Running","_animationQueue":[],"_animationSpeed":1.103,"_zoom":12.54},{"_mousePosition":[683,384],"_rootPartCFrame":[760.925,222.699,47.762,-0.109,0,0.994,0,1,0,-0.994,0,-0.109],"_humanoidState":8,"_cameraCFrame":[767.933,234.435,45.238,-0.108,-0.812,0.574,0,0.577,0.816,-0.994,0.088,-0.063],"_shiftlockState":true,"_pose":"Running","_animationQueue":[],"_animationSpeed":1.103,"_zoom":12.54},{"_mousePosition":[683,384],"_rootPartCFrame":[760.593,222.699,47.798,-0.108,0,0.994,0,1,0,-0.994,0,-0.108],"_humanoidState":8,"_cameraCFrame":[767.602,234.436,45.274,-0.108,-0.812,0.574,0,0.577,0.816,-0.994,0.088,-0.063],"_shiftlockState":true,"_pose":"Running","_animationQueue":[],"_animationSpeed":1.103,"_zoom":12.54},{"_mousePosition":[683,384],"_rootPartCFrame":[760.394,222.699,47.82,-0.108,0,0.994,0,1,0,-0.994,0,-0.108],"_humanoidState":8,"_cameraCFrame":[767.406,234.436,45.303,-0.107,-0.812,0.574,0,0.577,0.816,-0.994,0.088,-0.062],"_shiftlockState":true,"_pose":"Running","_animationQueue":[],"_animationSpeed":1.103,"_zoom":12.54},{"_mousePosition":[683,384],"_rootPartCFrame":[760.063,222.7,47.856,-0.107,0,0.994,0,1,0,-0.994,0,-0.107],"_humanoidState":8,"_cameraCFrame":[767.075,234.437,45.339,-0.107,-0.812,0.574,0,0.577,0.816,-0.994,0.088,-0.062],"_shiftlockState":true,"_pose":"Running","_animationQueue":[["walk",0.1]],"_animationSpeed":1.103,"_zoom":12.54},{"_mousePosition":[683,384],"_rootPartCFrame":[759.798,222.7,47.885,-0.107,0,0.994,0,1,0,-0.994,0,-0.107],"_humanoidState":8,"_cameraCFrame":[766.81,234.437,45.368,-0.107,-0.812,0.574,0,0.577,0.816,-0.994,0.088,-0.062],"_shiftlockState":true,"_pose":"Running","_animationQueue":[],"_animationSpeed":1.103,"_zoom":12.54},{"_mousePosition":[683,384],"_rootPartCFrame":[759.599,222.7,47.906,-0.107,0,0.994,0,1,0,-0.994,0,-0.107],"_humanoidState":8,"_cameraCFrame":[766.611,234.437,45.389,-0.107,-0.812,0.574,0,0.577,0.816,-0.994,0.088,-0.062],"_shiftlockState":true,"_pose":"Running","_animationQueue":[],"_animationSpeed":1.103,"_zoom":12.54},{"_mousePosition":[683,384],"_rootPartCFrame":[759.334,222.7,47.935,-0.107,0,0.994,0,1,0,-0.994,0,-0.107],"_humanoidState":8,"_cameraCFrame":[766.346,234.437,45.418,-0.107,-0.812,0.574,0,0.577,0.816,-0.994,0.088,-0.062],"_shiftlockState":true,"_pose":"Running","_animationQueue":[],"_animationSpeed":1.103,"_zoom":12.54},{"_mousePosition":[683,384],"_rootPartCFrame":[759.069,222.7,47.963,-0.107,0,0.994,0,1,0,-0.994,0,-0.107],"_humanoidState":8,"_cameraCFrame":[766.081,234.437,45.447,-0.107,-0.812,0.574,0,0.577,0.816,-0.994,0.088,-0.062],"_shiftlockState":true,"_pose":"Running","_animationQueue":[],"_animationSpeed":1.103,"_zoom":12.54},{"_mousePosition":[683,384],"_rootPartCFrame":[758.804,222.7,47.992,-0.107,0,0.994,0,1,0,-0.994,0,-0.107],"_humanoidState":8,"_cameraCFrame":[765.816,234.437,45.475,-0.107,-0.812,0.574,0,0.577,0.816,-0.994,0.088,-0.062],"_shiftlockState":true,"_pose":"Running","_animationQueue":[],"_animationSpeed":1.103,"_zoom":12.54},{"_mousePosition":[683,384],"_rootPartCFrame":[758.406,222.7,48.035,-0.107,0,0.994,0,1,0,-0.994,0,-0.107],"_humanoidState":8,"_cameraCFrame":[765.418,234.437,45.518,-0.107,-0.812,0.574,0,0.577,0.816,-0.994,0.088,-0.062],"_shiftlockState":true,"_pose":"Running","_animationQueue":[],"_animationSpeed":1.103,"_zoom":12.54},{"_mousePosition":[683,384],"_rootPartCFrame":[758.207,222.7,48.056,-0.107,0,0.994,0,1,0,-0.994,0,-0.107],"_humanoidState":8,"_cameraCFrame":[765.222,234.437,45.547,-0.106,-0.812,0.574,0,0.577,0.816,-0.994,0.087,-0.061],"_shiftlockState":true,"_pose":"Running","_animationQueue":[["walk",0.1]],"_animationSpeed":1.103,"_zoom":12.54},{"_mousePosition":[683,384],"_rootPartCFrame":[757.876,222.7,48.092,-0.106,0,0.994,0,1,0,-0.994,0,-0.106],"_humanoidState":8,"_cameraCFrame":[764.881,234.461,45.652,-0.097,-0.814,0.572,0,0.575,0.818,-0.995,0.079,-0.056],"_shiftlockState":true,"_pose":"Running","_animationQueue":[],"_animationSpeed":1.103,"_zoom":12.54},{"_mousePosition":[683,384],"_rootPartCFrame":[757.677,222.7,48.114,-0.097,0,0.995,0,1,0,-0.995,0,-0.097],"_humanoidState":8,"_cameraCFrame":[764.675,234.496,45.802,-0.079,-0.818,0.569,0,0.571,0.821,-0.997,0.065,-0.045],"_shiftlockState":true,"_pose":"Running","_animationQueue":[],"_animationSpeed":1.103,"_zoom":12.54},{"_mousePosition":[683,384],"_rootPartCFrame":[757.345,222.7,48.146,-0.079,0,0.997,0,1,0,-0.997,0,-0.079],"_humanoidState":8,"_cameraCFrame":[764.339,234.524,45.955,-0.062,-0.822,0.566,0,0.568,0.823,-0.998,0.051,-0.035],"_shiftlockState":true,"_pose":"Running","_animationQueue":[],"_animationSpeed":1.103,"_zoom":12.54},{"_mousePosition":[683,384],"_rootPartCFrame":[757.079,222.7,48.168,-0.062,0,0.998,0,1,0,-0.998,0,-0.062],"_humanoidState":8,"_cameraCFrame":[764.053,234.564,46.105,-0.045,-0.826,0.562,0,0.563,0.827,-0.999,0.037,-0.025],"_shiftlockState":true,"_pose":"Running","_animationQueue":[],"_animationSpeed":1.103,"_zoom":12.54},{"_mousePosition":[683,384],"_rootPartCFrame":[756.813,222.7,48.185,-0.045,0,0.999,0,1,0,-0.999,0,-0.045],"_humanoidState":8,"_cameraCFrame":[763.777,234.587,46.203,-0.033,-0.828,0.56,0,0.56,0.828,-0.999,0.027,-0.019],"_shiftlockState":true,"_pose":"Running","_animationQueue":[],"_animationSpeed":1.103,"_zoom":12.54},{"_mousePosition":[683,384],"_rootPartCFrame":[756.547,223.573,48.202,-0.033,0,0.999,0,1,0,-0.999,0,-0.033],"_humanoidState":3,"_cameraCFrame":[763.498,235.471,46.235,-0.031,-0.829,0.559,0,0.559,0.829,-1,0.026,-0.017],"_shiftlockState":true,"_pose":"Jumping","_animationQueue":[["walk",0.1],["walk",0.1],["jump",0.1]],"_animationSpeed":1,"_zoom":12.54},{"_mousePosition":[683,384],"_rootPartCFrame":[756.28,224.395,48.212,-0.031,0,1,0,1,0,-1,0,-0.031],"_humanoidState":5,"_cameraCFrame":[763.223,236.299,46.246,-0.031,-0.829,0.558,0,0.558,0.83,-1,0.026,-0.017],"_shiftlockState":true,"_pose":"FreeFall","_animationQueue":[["jump",0.1]],"_animationSpeed":1,"_zoom":12.54},{"_mousePosition":[683,384],"_rootPartCFrame":[756.081,224.976,48.218,-0.031,0,1,0,1,0,-1,0,-0.031],"_humanoidState":5,"_cameraCFrame":[763.025,236.88,46.259,-0.03,-0.829,0.558,0,0.558,0.83,-1,0.025,-0.017],"_shiftlockState":true,"_pose":"FreeFall","_animationQueue":[],"_animationSpeed":1,"_zoom":12.54},{"_mousePosition":[683,384],"_rootPartCFrame":[755.814,225.702,48.227,-0.03,0,1,0,1,0,-1,0,-0.03],"_humanoidState":5,"_cameraCFrame":[762.723,237.629,46.261,-0.031,-0.831,0.555,0,0.556,0.831,-1,0.026,-0.017],"_shiftlockState":true,"_pose":"FreeFall","_animationQueue":[],"_animationSpeed":1,"_zoom":12.54},{"_mousePosition":[683,384],"_rootPartCFrame":[755.547,226.374,48.235,-0.031,0,1,0,1,0,-1,0,-0.031],"_humanoidState":5,"_cameraCFrame":[762.404,238.329,46.235,-0.036,-0.833,0.552,0,0.552,0.834,-0.999,0.03,-0.02],"_shiftlockState":true,"_pose":"FreeFall","_animationQueue":[],"_animationSpeed":1,"_zoom":12.54},{"_mousePosition":[683,384],"_rootPartCFrame":[755.214,227.138,48.245,-0.036,0,0.999,0,1,0,-0.999,0,-0.036],"_humanoidState":5,"_cameraCFrame":[762.029,239.115,46.218,-0.04,-0.835,0.549,0,0.55,0.835,-0.999,0.034,-0.022],"_shiftlockState":true,"_pose":"FreeFall","_animationQueue":[],"_animationSpeed":1,"_zoom":12.54},{"_mousePosition":[683,384],"_rootPartCFrame":[755.014,227.555,48.252,-0.04,0,0.999,0,1,0,-0.999,0,-0.04],"_humanoidState":5,"_cameraCFrame":[761.763,239.566,46.177,-0.048,-0.837,0.545,0,0.545,0.838,-0.999,0.04,-0.026],"_shiftlockState":true,"_pose":"FreeFall","_animationQueue":[],"_animationSpeed":1,"_zoom":12.54},{"_mousePosition":[683,384],"_rootPartCFrame":[754.748,228.064,48.263,-0.047,0,0.999,0,1,0,-0.999,0,-0.047],"_humanoidState":5,"_cameraCFrame":[761.424,240.107,46.12,-0.058,-0.839,0.54,0,0.541,0.841,-0.998,0.049,-0.032],"_shiftlockState":true,"_pose":"FreeFall","_animationQueue":[],"_animationSpeed":1,"_zoom":12.54},{"_mousePosition":[683,384],"_rootPartCFrame":[754.415,228.623,48.278,-0.057,0,0.998,0,1,0,-0.998,0,-0.057],"_humanoidState":5,"_cameraCFrame":[761.001,240.699,46.021,-0.076,-0.841,0.536,0,0.537,0.843,-0.997,0.064,-0.041],"_shiftlockState":true,"_pose":"FreeFall","_animationQueue":[],"_animationSpeed":1,"_zoom":12.54},{"_mousePosition":[683,384],"_rootPartCFrame":[754.149,229.009,48.293,-0.074,0,0.997,0,1,0,-0.997,0,-0.074],"_humanoidState":5,"_cameraCFrame":[760.638,241.112,45.889,-0.099,-0.841,0.531,0,0.534,0.846,-0.995,0.084,-0.053],"_shiftlockState":true,"_pose":"FreeFall","_animationQueue":[],"_animationSpeed":1,"_zoom":12.54},{"_mousePosition":[683,384],"_rootPartCFrame":[753.949,229.263,48.308,-0.097,0,0.995,0,1,0,-0.995,0,-0.097],"_humanoidState":5,"_cameraCFrame":[760.337,241.382,45.711,-0.129,-0.84,0.527,0,0.532,0.847,-0.992,0.109,-0.069],"_shiftlockState":true,"_pose":"FreeFall","_animationQueue":[],"_animationSpeed":1,"_zoom":12.54},{"_mousePosition":[683,384],"_rootPartCFrame":[753.617,229.618,48.34,-0.124,0,0.992,0,1,0,-0.992,0,-0.124],"_humanoidState":5,"_cameraCFrame":[759.924,241.748,45.593,-0.153,-0.838,0.524,0,0.531,0.848,-0.988,0.13,-0.081],"_shiftlockState":true,"_pose":"FreeFall","_animationQueue":[],"_animationSpeed":1,"_zoom":12.54},{"_mousePosition":[683,384],"_rootPartCFrame":[753.419,229.79,48.365,-0.15,0,0.989,0,1,0,-0.989,0,-0.15],"_humanoidState":5,"_cameraCFrame":[759.623,241.936,45.452,-0.18,-0.835,0.52,0,0.528,0.849,-0.984,0.153,-0.095],"_shiftlockState":true,"_pose":"FreeFall","_animationQueue":[],"_animationSpeed":1,"_zoom":12.54},{"_mousePosition":[683,384],"_rootPartCFrame":[753.089,230.008,48.415,-0.175,0,0.984,0,1,0,-0.984,0,-0.175],"_humanoidState":5,"_cameraCFrame":[759.228,242.154,45.366,-0.201,-0.832,0.518,0,0.528,0.849,-0.98,0.171,-0.106],"_shiftlockState":true,"_pose":"FreeFall","_animationQueue":[],"_animationSpeed":1,"_zoom":12.54},{"_mousePosition":[683,384],"_rootPartCFrame":[752.827,230.122,48.462,-0.198,0,0.98,0,1,0,-0.98,0,-0.198],"_humanoidState":5,"_cameraCFrame":[758.891,242.268,45.266,-0.225,-0.827,0.515,0,0.528,0.849,-0.974,0.191,-0.119],"_shiftlockState":true,"_pose":"FreeFall","_animationQueue":[],"_animationSpeed":1,"_zoom":12.54},{"_mousePosition":[683,384],"_rootPartCFrame":[752.565,230.181,48.514,-0.222,0,0.975,0,1,0,-0.975,0,-0.222],"_humanoidState":5,"_cameraCFrame":[758.573,242.321,45.196,-0.244,-0.823,0.513,0,0.529,0.849,-0.97,0.207,-0.129],"_shiftlockState":true,"_pose":"FreeFall","_animationQueue":[],"_animationSpeed":1,"_zoom":12.54},{"_mousePosition":[683,384],"_rootPartCFrame":[752.37,230.189,48.558,-0.242,0,0.97,0,1,0,-0.97,0,-0.242],"_humanoidState":5,"_cameraCFrame":[758.31,242.33,45.122,-0.264,-0.819,0.51,0,0.529,0.849,-0.965,0.224,-0.139],"_shiftlockState":true,"_pose":"FreeFall","_animationQueue":[],"_animationSpeed":1,"_zoom":12.54},{"_mousePosition":[683,384],"_rootPartCFrame":[752.047,230.135,48.639,-0.26,0,0.966,0,1,0,-0.966,0,-0.26],"_humanoidState":5,"_cameraCFrame":[757.955,242.271,45.132,-0.275,-0.815,0.509,0,0.53,0.848,-0.962,0.233,-0.145],"_shiftlockState":true,"_pose":"FreeFall","_animationQueue":[],"_animationSpeed":1,"_zoom":12.54},{"_mousePosition":[683,384],"_rootPartCFrame":[751.79,230.031,48.709,-0.273,0,0.962,0,1,0,-0.962,0,-0.273],"_humanoidState":5,"_cameraCFrame":[757.684,242.161,45.162,-0.281,-0.814,0.509,0,0.531,0.848,-0.96,0.238,-0.149],"_shiftlockState":true,"_pose":"FreeFall","_animationQueue":[],"_animationSpeed":1,"_zoom":12.54},{"_mousePosition":[683,384],"_rootPartCFrame":[751.533,229.872,48.781,-0.28,0,0.96,0,1,0,-0.96,0,-0.28],"_humanoidState":5,"_cameraCFrame":[757.417,241.996,45.201,-0.286,-0.812,0.509,0,0.531,0.847,-0.958,0.242,-0.152],"_shiftlockState":true,"_pose":"FreeFall","_animationQueue":[],"_animationSpeed":1,"_zoom":12.54},{"_mousePosition":[683,384],"_rootPartCFrame":[751.341,229.717,48.837,-0.285,0,0.958,0,1,0,-0.958,0,-0.285],"_humanoidState":5,"_cameraCFrame":[757.215,241.831,45.209,-0.293,-0.809,0.509,0,0.533,0.846,-0.956,0.248,-0.156],"_shiftlockState":true,"_pose":"FreeFall","_animationQueue":[["fall",0.3]],"_animationSpeed":1,"_zoom":12.54},{"_mousePosition":[683,384],"_rootPartCFrame":[751.085,229.462,48.913,-0.292,0,0.956,0,1,0,-0.956,0,-0.292],"_humanoidState":5,"_cameraCFrame":[756.949,241.565,45.237,-0.3,-0.807,0.509,0,0.534,0.846,-0.954,0.253,-0.16],"_shiftlockState":true,"_pose":"FreeFall","_animationQueue":[],"_animationSpeed":1,"_zoom":12.54},{"_mousePosition":[683,384],"_rootPartCFrame":[750.83,229.153,48.991,-0.299,0,0.954,0,1,0,-0.954,0,-0.299],"_humanoidState":5,"_cameraCFrame":[756.675,241.246,45.254,-0.309,-0.803,0.509,0,0.535,0.845,-0.951,0.261,-0.165],"_shiftlockState":true,"_pose":"FreeFall","_animationQueue":[],"_animationSpeed":1,"_zoom":12.54},{"_mousePosition":[683,384],"_rootPartCFrame":[750.512,228.691,49.091,-0.307,0,0.952,0,1,0,-0.952,0,-0.307],"_humanoidState":5,"_cameraCFrame":[756.342,240.772,45.3,-0.317,-0.8,0.509,0,0.537,0.844,-0.949,0.267,-0.17],"_shiftlockState":true,"_pose":"FreeFall","_animationQueue":[],"_animationSpeed":1,"_zoom":12.54},{"_mousePosition":[683,384],"_rootPartCFrame":[750.322,228.372,49.152,-0.316,0,0.949,0,1,0,-0.949,0,-0.316],"_humanoidState":5,"_cameraCFrame":[756.124,240.448,45.304,-0.326,-0.797,0.508,0,0.537,0.843,-0.946,0.275,-0.175],"_shiftlockState":true,"_pose":"FreeFall","_animationQueue":[],"_animationSpeed":1,"_zoom":12.54},{"_mousePosition":[683,384],"_rootPartCFrame":[750.069,227.9,49.236,-0.324,0,0.946,0,1,0,-0.946,0,-0.324],"_humanoidState":5,"_cameraCFrame":[755.854,239.971,45.349,-0.331,-0.795,0.508,0,0.538,0.843,-0.943,0.279,-0.178],"_shiftlockState":true,"_pose":"FreeFall","_animationQueue":[],"_animationSpeed":1,"_zoom":12.54},{"_mousePosition":[683,384],"_rootPartCFrame":[749.817,227.373,49.323,-0.331,0,0.944,0,1,0,-0.944,0,-0.331],"_humanoidState":5,"_cameraCFrame":[755.606,239.438,45.426,-0.332,-0.795,0.508,0,0.539,0.843,-0.943,0.28,-0.179],"_shiftlockState":true,"_pose":"FreeFall","_animationQueue":[["fall",0.3]],"_animationSpeed":1,"_zoom":12.54},{"_mousePosition":[683,384],"_rootPartCFrame":[749.565,226.792,49.411,-0.332,0,0.943,0,1,0,-0.943,0,-0.332],"_humanoidState":5,"_cameraCFrame":[755.37,238.846,45.509,-0.332,-0.794,0.509,0,0.54,0.842,-0.943,0.28,-0.18],"_shiftlockState":true,"_pose":"FreeFall","_animationQueue":[],"_animationSpeed":1,"_zoom":12.54},{"_mousePosition":[683,384],"_rootPartCFrame":[749.314,226.156,49.499,-0.332,0,0.943,0,1,0,-0.943,0,-0.332],"_humanoidState":5,"_cameraCFrame":[755.272,238.139,45.635,-0.321,-0.792,0.52,0,0.549,0.836,-0.947,0.268,-0.176],"_shiftlockState":true,"_pose":"FreeFall","_animationQueue":[],"_animationSpeed":1,"_zoom":12.54},{"_mousePosition":[683,384],"_rootPartCFrame":[748.999,225.284,49.61,-0.322,0,0.947,0,1,0,-0.947,0,-0.322],"_humanoidState":5,"_cameraCFrame":[755.201,237.172,45.874,-0.294,-0.792,0.536,0,0.56,0.828,-0.956,0.243,-0.165],"_shiftlockState":true,"_pose":"FreeFall","_animationQueue":[],"_animationSpeed":1,"_zoom":12.54},{"_mousePosition":[683,384],"_rootPartCFrame":[748.81,224.721,49.675,-0.296,0,0.955,0,1,0,-0.955,0,-0.296],"_humanoidState":5,"_cameraCFrame":[755.353,236.493,46.214,-0.245,-0.794,0.556,0,0.574,0.819,-0.969,0.201,-0.141],"_shiftlockState":true,"_pose":"FreeFall","_animationQueue":[],"_animationSpeed":1,"_zoom":12.54},{"_mousePosition":[683,384],"_rootPartCFrame":[748.492,223.713,49.774,-0.252,0,0.968,0,1,0,-0.968,0,-0.252],"_humanoidState":5,"_cameraCFrame":[755.4,235.374,46.716,-0.182,-0.797,0.576,0,0.586,0.81,-0.983,0.147,-0.107],"_shiftlockState":true,"_pose":"FreeFall","_animationQueue":[],"_animationSpeed":1,"_zoom":12.54},{"_mousePosition":[683,384],"_rootPartCFrame":[748.298,223.067,49.825,-0.184,0,0.983,0,1,0,-0.983,0,-0.184],"_humanoidState":7,"_cameraCFrame":[755.56,234.633,47.32,-0.102,-0.798,0.593,0,0.596,0.803,-0.995,0.082,-0.061],"_shiftlockState":true,"_pose":"FreeFall","_animationQueue":[["walk",0.1],["fall",0.3],["fall",0.3]],"_animationSpeed":1,"_zoom":12.54},{"_mousePosition":[683,384],"_rootPartCFrame":[748.037,222.452,49.876,-0.102,0,0.995,0,1,0,-0.995,0,-0.102],"_humanoidState":7,"_cameraCFrame":[755.565,233.951,47.962,-0.022,-0.797,0.603,0,0.604,0.797,-1,0.017,-0.013],"_shiftlockState":true,"_pose":"FreeFall","_animationQueue":[["fall",0.3]],"_animationSpeed":1,"_zoom":12.54},{"_mousePosition":[683,384],"_rootPartCFrame":[747.639,222.546,49.919,-0.022,0,1,0,1,0,-1,0,-0.022],"_humanoidState":8,"_cameraCFrame":[755.33,233.996,48.445,0.036,-0.793,0.608,0,0.609,0.793,-0.999,-0.029,0.022],"_shiftlockState":true,"_pose":"Running","_animationQueue":[["walk",0.1],["fall",0.3],["walk",0.1]],"_animationSpeed":1.103,"_zoom":12.54},{"_mousePosition":[683,384],"_rootPartCFrame":[747.374,223.409,49.947,0.036,0,0.999,0,1,0,-0.999,0,0.036],"_humanoidState":3,"_cameraCFrame":[755.178,234.816,48.816,0.08,-0.787,0.611,0,0.613,0.79,-0.997,-0.063,0.049],"_shiftlockState":true,"_pose":"Jumping","_animationQueue":[["walk",0.1],["jump",0.1]],"_animationSpeed":1,"_zoom":12.54},{"_mousePosition":[683,384],"_rootPartCFrame":[747.174,224.02,49.952,0.077,0,0.997,0,1,0,-0.997,0,0.077],"_humanoidState":5,"_cameraCFrame":[755.059,235.39,49.09,0.113,-0.782,0.613,0,0.617,0.787,-0.994,-0.089,0.07],"_shiftlockState":true,"_pose":"FreeFall","_animationQueue":[["jump",0.1]],"_animationSpeed":1,"_zoom":12.54},{"_mousePosition":[683,384],"_rootPartCFrame":[746.842,224.971,49.929,0.108,0,0.994,0,1,0,-0.994,0,0.108],"_humanoidState":5,"_cameraCFrame":[754.783,236.309,49.245,0.135,-0.777,0.614,0,0.62,0.785,-0.991,-0.106,0.084],"_shiftlockState":true,"_pose":"FreeFall","_animationQueue":[],"_animationSpeed":1,"_zoom":12.54},{"_mousePosition":[683,384],"_rootPartCFrame":[746.577,225.671,49.9,0.132,0,0.991,0,1,0,-0.991,0,0.132],"_humanoidState":5,"_cameraCFrame":[754.575,236.971,49.357,0.152,-0.772,0.617,0,0.624,0.782,-0.988,-0.118,0.095],"_shiftlockState":true,"_pose":"FreeFall","_animationQueue":[],"_animationSpeed":1,"_zoom":12.54},{"_mousePosition":[683,384],"_rootPartCFrame":[746.313,226.316,49.865,0.149,0,0.989,0,1,0,-0.989,0,0.149],"_humanoidState":5,"_cameraCFrame":[754.355,237.584,49.404,0.161,-0.769,0.619,0,0.627,0.779,-0.987,-0.125,0.101],"_shiftlockState":true,"_pose":"FreeFall","_animationQueue":[],"_animationSpeed":1,"_zoom":12.54},{"_mousePosition":[683,384],"_rootPartCFrame":[746.115,226.763,49.836,0.16,0,0.987,0,1,0,-0.987,0,0.16],"_humanoidState":5,"_cameraCFrame":[754.199,238,49.439,0.168,-0.765,0.621,0,0.63,0.776,-0.986,-0.131,0.106],"_shiftlockState":true,"_pose":"FreeFall","_animationQueue":[],"_animationSpeed":1,"_zoom":12.54},{"_mousePosition":[683,384],"_rootPartCFrame":[745.786,227.442,49.782,0.167,0,0.986,0,1,0,-0.986,0,0.167],"_humanoidState":5,"_cameraCFrame":[753.903,238.653,49.434,0.173,-0.763,0.623,0,0.633,0.774,-0.985,-0.134,0.11],"_shiftlockState":true,"_pose":"FreeFall","_animationQueue":[],"_animationSpeed":1,"_zoom":12.54},{"_mousePosition":[683,384],"_rootPartCFrame":[745.523,227.923,49.738,0.173,0,0.985,0,1,0,-0.985,0,0.173],"_humanoidState":5,"_cameraCFrame":[753.664,239.115,49.428,0.177,-0.761,0.624,0,0.635,0.773,-0.984,-0.137,0.113],"_shiftlockState":true,"_pose":"FreeFall","_animationQueue":[],"_animationSpeed":1,"_zoom":12.54},{"_mousePosition":[683,384],"_rootPartCFrame":[745.26,228.35,49.692,0.177,0,0.984,0,1,0,-0.984,0,0.177],"_humanoidState":5,"_cameraCFrame":[753.419,239.529,49.436,0.184,-0.759,0.625,0,0.636,0.772,-0.983,-0.142,0.117],"_shiftlockState":true,"_pose":"FreeFall","_animationQueue":[],"_animationSpeed":1,"_zoom":12.54},{"_mousePosition":[683,384],"_rootPartCFrame":[745.063,228.635,49.656,0.183,0,0.983,0,1,0,-0.983,0,0.183],"_humanoidState":5,"_cameraCFrame":[753.231,239.807,49.453,0.19,-0.757,0.625,0,0.636,0.771,-0.982,-0.146,0.121],"_shiftlockState":true,"_pose":"FreeFall","_animationQueue":[],"_animationSpeed":1,"_zoom":12.54},{"_mousePosition":[683,384],"_rootPartCFrame":[744.735,229.04,49.596,0.189,0,0.982,0,1,0,-0.982,0,0.189],"_humanoidState":5,"_cameraCFrame":[752.928,240.194,49.491,0.201,-0.754,0.625,0,0.638,0.77,-0.98,-0.155,0.128],"_shiftlockState":true,"_pose":"FreeFall","_animationQueue":[],"_animationSpeed":1,"_zoom":12.54},{"_mousePosition":[683,384],"_rootPartCFrame":[744.474,229.304,49.545,0.2,0,0.98,0,1,0,-0.98,0,0.2],"_humanoidState":5,"_cameraCFrame":[752.682,240.444,49.538,0.212,-0.751,0.625,0,0.64,0.769,-0.977,-0.163,0.136],"_shiftlockState":true,"_pose":"FreeFall","_animationQueue":[],"_animationSpeed":1,"_zoom":12.54},{"_mousePosition":[683,384],"_rootPartCFrame":[744.212,229.513,49.492,0.211,0,0.978,0,1,0,-0.978,0,0.211],"_humanoidState":5,"_cameraCFrame":[752.443,240.634,49.602,0.226,-0.747,0.625,0,0.641,0.767,-0.974,-0.173,0.145],"_shiftlockState":true,"_pose":"FreeFall","_animationQueue":[],"_animationSpeed":1,"_zoom":12.54},{"_mousePosition":[683,384],"_rootPartCFrame":[744.017,229.634,49.45,0.224,0,0.974,0,1,0,-0.974,0,0.224],"_humanoidState":5,"_cameraCFrame":[752.26,240.742,49.667,0.238,-0.744,0