[{"_mousePosition":[684,485],"_rootPartCFrame":[776.024,222.7,47.142,0.002,0,1,0,1,0,-1,0,0.002],"_humanoidState":8,"_cameraCFrame":[783.505,238.485,47.078,-0.009,-0.886,0.464,0,0.464,0.886,-1,0.008,-0.004],"_shiftlockState":false,"_pose":"Standing","_animationQueue":[],"_animationSpeed":1,"_zoom":16.125},{"_mousePosition":[684,485],"_rootPartCFrame":[775.721,222.695,47.145,0,0,1,0,1,0,-1,0,0],"_humanoidState":8,"_cameraCFrame":[783.201,238.48,47.08,-0.009,-0.886,0.464,0,0.464,0.886,-1,0.008,-0.004],"_shiftlockState":false,"_pose":"Standing","_animationQueue":[],"_animationSpeed":1,"_zoom":16.125},{"_mousePosition":[684,485],"_rootPartCFrame":[775.454,222.697,47.147,-0.001,0,1,0,1,0,-1,0,-0.001],"_humanoidState":8,"_cameraCFrame":[782.935,238.482,47.082,-0.009,-0.886,0.464,0,0.464,0.886,-1,0.008,-0.004],"_shiftlockState":false,"_pose":"Running","_animationQueue":[["walk",0.1]],"_animationSpeed":1.089,"_zoom":16.125},{"_mousePosition":[684,485],"_rootPartCFrame":[775.188,222.698,47.149,-0.002,0,1,0,1,0,-1,0,-0.002],"_humanoidState":8,"_cameraCFrame":[782.668,238.483,47.085,-0.009,-0.886,0.464,0,0.464,0.886,-1,0.008,-0.004],"_shiftlockState":false,"_pose":"Running","_animationQueue":[],"_animationSpeed":1.089,"_zoom":16.125},{"_mousePosition":[684,485],"_rootPartCFrame":[774.921,222.699,47.152,-0.003,0,1,0,1,0,-1,0,-0.003],"_humanoidState":8,"_cameraCFrame":[782.402,238.483,47.087,-0.009,-0.886,0.464,0,0.464,0.886,-1,0.008,-0.004],"_shiftlockState":false,"_pose":"Running","_animationQueue":[],"_animationSpeed":1.089,"_zoom":16.125},{"_mousePosition":[684,485],"_rootPartCFrame":[774.654,222.699,47.154,-0.004,0,1,0,1,0,-1,0,-0.004],"_humanoidState":8,"_cameraCFrame":[782.135,238.484,47.089,-0.009,-0.886,0.464,0,0.464,0.886,-1,0.008,-0.004],"_shiftlockState":false,"_pose":"Running","_animationQueue":[["walk",0.1]],"_animationSpeed":1.089,"_zoom":16.125},{"_mousePosition":[684,485],"_rootPartCFrame":[774.388,222.699,47.156,-0.004,0,1,0,1,0,-1,0,-0.004],"_humanoidState":8,"_cameraCFrame":[781.869,238.484,47.092,-0.009,-0.886,0.464,0,0.464,0.886,-1,0.008,-0.004],"_shiftlockState":false,"_pose":"Running","_animationQueue":[],"_animationSpeed":1.089,"_zoom":16.125},{"_mousePosition":[684,485],"_rootPartCFrame":[774.254,222.699,47.157,-0.005,0,1,0,1,0,-1,0,-0.005],"_humanoidState":8,"_cameraCFrame":[781.735,238.484,47.093,-0.009,-0.886,0.464,0,0.464,0.886,-1,0.008,-0.004],"_shiftlockState":false,"_pose":"Running","_animationQueue":[],"_animationSpeed":1.089,"_zoom":16.125},{"_mousePosition":[684,485],"_rootPartCFrame":[773.855,222.7,47.161,-0.005,0,1,0,1,0,-1,0,-0.005],"_humanoidState":8,"_cameraCFrame":[781.335,238.484,47.096,-0.009,-0.886,0.464,0,0.464,0.886,-1,0.008,-0.004],"_shiftlockState":false,"_pose":"Running","_animationQueue":[],"_animationSpeed":1.089,"_zoom":16.125},{"_mousePosition":[684,485],"_rootPartCFrame":[773.588,222.7,47.163,-0.006,0,1,0,1,0,-1,0,-0.006],"_humanoidState":8,"_cameraCFrame":[781.069,238.484,47.098,-0.009,-0.886,0.464,0,0.464,0.886,-1,0.008,-0.004],"_shiftlockState":false,"_pose":"Running","_animationQueue":[],"_animationSpeed":1.089,"_zoom":16.125},{"_mousePosition":[684,485],"_rootPartCFrame":[773.255,223.77,47.166,-0.006,0,1,0,1,0,-1,0,-0.006],"_humanoidState":3,"_cameraCFrame":[780.736,239.554,47.101,-0.009,-0.886,0.464,0,0.464,0.886,-1,0.008,-0.004],"_shiftlockState":false,"_pose":"Jumping","_animationQueue":[["walk",0.1],["jump",0.1]],"_animationSpeed":1,"_zoom":16.125},{"_mousePosition":[684,485],"_rootPartCFrame":[772.988,224.565,47.168,-0.007,0,1,0,1,0,-1,0,-0.007],"_humanoidState":5,"_cameraCFrame":[780.469,240.349,47.104,-0.009,-0.886,0.464,0,0.464,0.886,-1,0.008,-0.004],"_shiftlockState":false,"_pose":"FreeFall","_animationQueue":[["jump",0.1]],"_animationSpeed":1,"_zoom":16.125},{"_mousePosition":[684,485],"_rootPartCFrame":[772.788,225.125,47.17,-0.007,0,1,0,1,0,-1,0,-0.007],"_humanoidState":5,"_cameraCFrame":[780.269,240.909,47.105,-0.009,-0.886,0.464,0,0.464,0.886,-1,0.008,-0.004],"_shiftlockState":false,"_pose":"FreeFall","_animationQueue":[],"_animationSpeed":1,"_zoom":16.125},{"_mousePosition":[684,485],"_rootPartCFrame":[772.522,225.824,47.172,-0.007,0,1,0,1,0,-1,0,-0.007],"_humanoidState":5,"_cameraCFrame":[780.002,241.609,47.108,-0.009,-0.886,0.464,0,0.464,0.886,-1,0.008,-0.004],"_shiftlockState":false,"_pose":"FreeFall","_animationQueue":[],"_animationSpeed":1,"_zoom":16.125},{"_mousePosition":[684,485],"_rootPartCFrame":[772.255,226.469,47.175,-0.007,0,1,0,1,0,-1,0,-0.007],"_humanoidState":5,"_cameraCFrame":[779.736,242.254,47.11,-0.009,-0.886,0.464,0,0.464,0.886,-1,0.008,-0.004],"_shiftlockState":false,"_pose":"FreeFall","_animationQueue":[],"_animationSpeed":1,"_zoom":16.125},{"_mousePosition":[684,485],"_rootPartCFrame":[771.988,227.06,47.177,-0.008,0,1,0,1,0,-1,0,-0.008],"_humanoidState":5,"_cameraCFrame":[779.469,242.844,47.112,-0.009,-0.886,0.464,0,0.464,0.886,-1,0.008,-0.004],"_shiftlockState":false,"_pose":"FreeFall","_animationQueue":[],"_animationSpeed":1,"_zoom":16.125},{"_mousePosition":[684,485],"_rootPartCFrame":[771.722,227.595,47.179,-0.008,0,1,0,1,0,-1,0,-0.008],"_humanoidState":5,"_cameraCFrame":[779.203,243.38,47.115,-0.009,-0.886,0.464,0,0.464,0.886,-1,0.008,-0.004],"_shiftlockState":false,"_pose":"FreeFall","_animationQueue":[],"_animationSpeed":1,"_zoom":16.125},{"_mousePosition":[684,485],"_rootPartCFrame":[771.455,228.077,47.181,-0.008,0,1,0,1,0,-1,0,-0.008],"_humanoidState":5,"_cameraCFrame":[778.936,243.861,47.117,-0.009,-0.886,0.464,0,0.464,0.886,-1,0.008,-0.004],"_shiftlockState":false,"_pose":"FreeFall","_animationQueue":[],"_animationSpeed":1,"_zoom":16.125},{"_mousePosition":[684,485],"_rootPartCFrame":[771.189,228.504,47.184,-0.008,0,1,0,1,0,-1,0,-0.008],"_humanoidState":5,"_cameraCFrame":[778.669,244.288,47.119,-0.009,-0.886,0.464,0,0.464,0.886,-1,0.008,-0.004],"_shiftlockState":false,"_pose":"FreeFall","_animationQueue":[],"_animationSpeed":1,"_zoom":16.125},{"_mousePosition":[684,485],"_rootPartCFrame":[770.922,228.876,47.186,-0.008,0,1,0,1,0,-1,0,-0.008],"_humanoidState":5,"_cameraCFrame":[778.403,244.661,47.122,-0.009,-0.886,0.464,0,0.464,0.886,-1,0.008,-0.004],"_shiftlockState":false,"_pose":"FreeFall","_animationQueue":[],"_animationSpeed":1,"_zoom":16.125},{"_mousePosition":[684,485],"_rootPartCFrame":[770.655,229.194,47.188,-0.008,0,1,0,1,0,-1,0,-0.008],"_humanoidState":5,"_cameraCFrame":[778.136,244.979,47.124,-0.009,-0.886,0.464,0,0.464,0.886,-1,0.008,-0.004],"_shiftlockState":false,"_pose":"FreeFall","_animationQueue":[],"_animationSpeed":1,"_zoom":16.125},{"_mousePosition":[684,485],"_rootPartCFrame":[770.389,229.457,47.191,-0.008,0,1,0,1,0,-1,0,-0.008],"_humanoidState":5,"_cameraCFrame":[777.87,245.242,47.126,-0.009,-0.886,0.464,0,0.464,0.886,-1,0.008,-0.004],"_shiftlockState":false,"_pose":"FreeFall","_animationQueue":[],"_animationSpeed":1,"_zoom":16.125},{"_mousePosition":[684,485],"_rootPartCFrame":[770.189,229.619,47.192,-0.008,0,1,0,1,0,-1,0,-0.008],"_humanoidState":5,"_cameraCFrame":[777.67,245.404,47.128,-0.009,-0.886,0.464,0,0.464,0.886,-1,0.008,-0.004],"_shiftlockState":false,"_pose":"FreeFall","_animationQueue":[],"_animationSpeed":1,"_zoom":16.125},{"_mousePosition":[684,485],"_rootPartCFrame":[769.856,229.821,47.195,-0.008,0,1,0,1,0,-1,0,-0.008],"_humanoidState":5,"_cameraCFrame":[777.336,245.605,47.131,-0.009,-0.886,0.464,0,0.464,0.886,-1,0.008,-0.004],"_shiftlockState":false,"_pose":"FreeFall","_animationQueue":[],"_animationSpeed":1,"_zoom":16.125},{"_mousePosition":[684,485],"_rootPartCFrame":[769.589,229.921,47.198,-0.008,0,1,0,1,0,-1,0,-0.008],"_humanoidState":5,"_cameraCFrame":[777.07,245.705,47.133,-0.009,-0.886,0.464,0,0.464,0.886,-1,0.008,-0.004],"_shiftlockState":false,"_pose":"FreeFall","_animationQueue":[],"_animationSpeed":1,"_zoom":16.125},{"_mousePosition":[684,485],"_rootPartCFrame":[769.322,229.966,47.2,-0.008,0,1,0,1,0,-1,0,-0.008],"_humanoidState":5,"_cameraCFrame":[776.803,245.751,47.135,-0.009,-0.886,0.464,0,0.464,0.886,-1,0.008,-0.004],"_shiftlockState":false,"_pose":"FreeFall","_animationQueue":[],"_animationSpeed":1,"_zoom":16.125},{"_mousePosition":[684,485],"_rootPartCFrame":[769.056,229.957,47.202,-0.008,0,1,0,1,0,-1,0,-0.008],"_humanoidState":5,"_cameraCFrame":[776.537,245.741,47.138,-0.009,-0.886,0.464,0,0.464,0.886,-1,0.008,-0.004],"_shiftlockState":false,"_pose":"FreeFall","_animationQueue":[],"_animationSpeed":1,"_zoom":16.125},{"_mousePosition":[684,485],"_rootPartCFrame":[768.789,229.893,47.204,-0.008,0,1,0,1,0,-1,0,-0.008],"_humanoidState":5,"_cameraCFrame":[776.27,245.678,47.14,-0.009,-0.886,0.464,0,0.464,0.886,-1,0.008,-0.004],"_shiftlockState":false,"_pose":"FreeFall","_animationQueue":[],"_animationSpeed":1,"_zoom":16.125},{"_mousePosition":[684,485],"_rootPartCFrame":[768.589,229.81,47.206,-0.008,0,1,0,1,0,-1,0,-0.008],"_humanoidState":5,"_cameraCFrame":[776.07,245.594,47.142,-0.009,-0.886,0.464,0,0.464,0.886,-1,0.008,-0.004],"_shiftlockState":false,"_pose":"FreeFall","_animationQueue":[],"_animationSpeed":1,"_zoom":16.125},{"_mousePosition":[684,485],"_rootPartCFrame":[768.256,229.603,47.209,-0.008,0,1,0,1,0,-1,0,-0.008],"_humanoidState":5,"_cameraCFrame":[775.737,245.387,47.145,-0.009,-0.886,0.464,0,0.464,0.886,-1,0.008,-0.004],"_shiftlockState":false,"_pose":"FreeFall","_animationQueue":[],"_animationSpeed":1,"_zoom":16.125},{"_mousePosition":[684,485],"_rootPartCFrame":[767.989,229.375,47.211,-0.009,0,1,0,1,0,-1,0,-0.009],"_humanoidState":5,"_cameraCFrame":[775.47,245.16,47.147,-0.009,-0.886,0.464,0,0.464,0.886,-1,0.008,-0.004],"_shiftlockState":false,"_pose":"FreeFall","_animationQueue":[],"_animationSpeed":1,"_zoom":16.125},{"_mousePosition":[684,485],"_rootPartCFrame":[767.723,229.094,47.214,-0.009,0,1,0,1,0,-1,0,-0.009],"_humanoidState":5,"_cameraCFrame":[775.204,244.878,47.149,-0.009,-0.886,0.464,0,0.464,0.886,-1,0.008,-0.004],"_shiftlockState":false,"_pose":"FreeFall","_animationQueue":[["fall",0.3]],"_animationSpeed":1,"_zoom":16.125},{"_mousePosition":[684,485],"_rootPartCFrame":[767.456,228.758,47.216,-0.009,0,1,0,1,0,-1,0,-0.009],"_humanoidState":5,"_cameraCFrame":[774.937,244.542,47.151,-0.009,-0.886,0.464,0,0.464,0.886,-1,0.008,-0.004],"_shiftlockState":false,"_pose":"FreeFall","_animationQueue":[],"_animationSpeed":1,"_zoom":16.125},{"_mousePosition":[684,485],"_rootPartCFrame":[767.19,228.367,47.218,-0.009,0,1,0,1,0,-1,0,-0.009],"_humanoidState":5,"_cameraCFrame":[774.67,244.152,47.154,-0.009,-0.886,0.464,0,0.464,0.886,-1,0.008,-0.004],"_shiftlockState":false,"_pose":"FreeFall","_animationQueue":[],"_animationSpeed":1,"_zoom":16.125},{"_mousePosition":[684,485],"_rootPartCFrame":[766.99,228.038,47.22,-0.009,0,1,0,1,0,-1,0,-0.009],"_humanoidState":5,"_cameraCFrame":[774.47,243.823,47.156,-0.009,-0.886,0.464,0,0.464,0.886,-1,0.008,-0.004],"_shiftlockState":false,"_pose":"FreeFall","_animationQueue":[],"_animationSpeed":1,"_zoom":16.125},{"_mousePosition":[684,485],"_rootPartCFrame":[766.656,227.422,47.223,-0.009,0,1,0,1,0,-1,0,-0.009],"_humanoidState":5,"_cameraCFrame":[774.137,243.207,47.158,-0.009,-0.886,0.464,0,0.464,0.886,-1,0.008,-0.004],"_shiftlockState":false,"_pose":"FreeFall","_animationQueue":[],"_animationSpeed":1,"_zoom":16.125},{"_mousePosition":[684,485],"_rootPartCFrame":[766.39,226.868,47.225,-0.009,0,1,0,1,0,-1,0,-0.009],"_humanoidState":5,"_cameraCFrame":[773.871,242.653,47.161,-0.009,-0.886,0.464,0,0.464,0.886,-1,0.008,-0.004],"_shiftlockState":false,"_pose":"FreeFall","_animationQueue":[],"_animationSpeed":1,"_zoom":16.125},{"_mousePosition":[684,485],"_rootPartCFrame":[766.123,226.26,47.227,-0.009,0,1,0,1,0,-1,0,-0.009],"_humanoidState":5,"_cameraCFrame":[773.604,242.044,47.163,-0.009,-0.886,0.464,0,0.464,0.886,-1,0.008,-0.004],"_shiftlockState":false,"_pose":"FreeFall","_animationQueue":[["fall",0.3]],"_animationSpeed":1,"_zoom":16.125},{"_mousePosition":[684,485],"_rootPartCFrame":[765.857,225.597,47.23,-0.009,0,1,0,1,0,-1,0,-0.009],"_humanoidState":5,"_cameraCFrame":[773.337,241.381,47.165,-0.009,-0.886,0.464,0,0.464,0.886,-1,0.008,-0.004],"_shiftlockState":false,"_pose":"FreeFall","_animationQueue":[],"_animationSpeed":1,"_zoom":16.125},{"_mousePosition":[684,485],"_rootPartCFrame":[765.59,224.879,47.232,-0.009,0,1,0,1,0,-1,0,-0.009],"_humanoidState":5,"_cameraCFrame":[773.071,240.664,47.168,-0.009,-0.886,0.464,0,0.464,0.886,-1,0.008,-0.004],"_shiftlockState":false,"_pose":"FreeFall","_animationQueue":[],"_animationSpeed":1,"_zoom":16.125},{"_mousePosition":[684,485],"_rootPartCFrame":[765.39,224.305,47.234,-0.009,0,1,0,1,0,-1,0,-0.009],"_humanoidState":5,"_cameraCFrame":[772.871,240.09,47.169,-0.009,-0.886,0.464,0,0.464,0.886,-1,0.008,-0.004],"_shiftlockState":false,"_pose":"FreeFall","_animationQueue":[],"_animationSpeed":1,"_zoom":16.125},{"_mousePosition":[684,485],"_rootPartCFrame":[765.057,223.28,47.237,-0.009,0,1,0,1,0,-1,0,-0.009],"_humanoidState":5,"_cameraCFrame":[772.538,239.065,47.172,-0.009,-0.886,0.464,0,0.464,0.886,-1,0.008,-0.004],"_shiftlockState":false,"_pose":"FreeFall","_animationQueue":[],"_animationSpeed":1,"_zoom":16.125},{"_mousePosition":[684,485],"_rootPartCFrame":[764.661,222.508,47.239,-0.009,0,1,0,1,0,-1,0,-0.009],"_humanoidState":7,"_cameraCFrame":[772.142,238.293,47.175,-0.009,-0.886,0.464,0,0.464,0.886,-1,0.008,-0.004],"_shiftlockState":false,"_pose":"FreeFall","_animationQueue":[["walk",0.1],["fall",0.3],["fall",0.3]],"_animationSpeed":1,"_zoom":16.125},{"_mousePosition":[684,485],"_rootPartCFrame":[764.06,222.46,47.241,-0.009,0,1,0,1,0,-1,0,-0.009],"_humanoidState":7,"_cameraCFrame":[771.541,238.245,47.177,-0.009,-0.886,0.464,0,0.464,0.886,-1,0.008,-0.004],"_shiftlockState":false,"_pose":"FreeFall","_animationQueue":[],"_animationSpeed":1,"_zoom":16.125},{"_mousePosition":[684,485],"_rootPartCFrame":[763.114,222.57,47.244,-0.009,0,1,0,1,0,-1,0,-0.009],"_humanoidState":8,"_cameraCFrame":[770.594,238.355,47.18,-0.009,-0.886,0.464,0,0.464,0.886,-1,0.008,-0.004],"_shiftlockState":false,"_pose":"Running","_animationQueue":[["fall",0.3],["walk",0.1],["fall",0.3],["walk",0.1]],"_animationSpeed":0.739,"_zoom":16.125},{"_mousePosition":[684,485],"_rootPartCFrame":[762.348,223.433,47.246,-0.009,0,1,0,1,0,-1,0,-0.009],"_humanoidState":3,"_cameraCFrame":[769.829,239.218,47.182,-0.009,-0.886,0.464,0,0.464,0.886,-1,0.008,-0.004],"_shiftlockState":false,"_pose":"Jumping","_animationQueue":[["walk",0.1],["jump",0.1]],"_animationSpeed":1,"_zoom":16.125},{"_mousePosition":[684,485],"_rootPartCFrame":[761.788,224.044,47.248,-0.009,0,1,0,1,0,-1,0,-0.009],"_humanoidState":5,"_cameraCFrame":[769.269,239.829,47.184,-0.009,-0.886,0.464,0,0.464,0.886,-1,0.008,-0.004],"_shiftlockState":false,"_pose":"FreeFall","_animationQueue":[["jump",0.1]],"_animationSpeed":1,"_zoom":16.125},{"_mousePosition":[684,485],"_rootPartCFrame":[760.905,224.995,47.251,-0.009,0,1,0,1,0,-1,0,-0.009],"_humanoidState":5,"_cameraCFrame":[768.386,240.78,47.187,-0.009,-0.886,0.464,0,0.464,0.886,-1,0.008,-0.004],"_shiftlockState":false,"_pose":"FreeFall","_animationQueue":[],"_animationSpeed":1,"_zoom":16.125},{"_mousePosition":[684,485],"_rootPartCFrame":[760.243,225.695,47.253,-0.009,0,1,0,1,0,-1,0,-0.009],"_humanoidState":5,"_cameraCFrame":[767.724,241.479,47.189,-0.009,-0.886,0.464,0,0.464,0.886,-1,0.008,-0.004],"_shiftlockState":false,"_pose":"FreeFall","_animationQueue":[],"_animationSpeed":1,"_zoom":16.125},{"_mousePosition":[684,485],"_rootPartCFrame":[759.773,226.183,47.255,-0.009,0,1,0,1,0,-1,0,-0.009],"_humanoidState":5,"_cameraCFrame":[767.254,241.968,47.191,-0.009,-0.886,0.464,0,0.464,0.886,-1,0.008,-0.004],"_shiftlockState":false,"_pose":"FreeFall","_animationQueue":[],"_animationSpeed":1,"_zoom":16.125},{"_mousePosition":[684,485],"_rootPartCFrame":[759.039,226.93,47.258,-0.009,0,1,0,1,0,-1,0,-0.009],"_humanoidState":5,"_cameraCFrame":[766.52,242.714,47.194,-0.009,-0.886,0.464,0,0.464,0.886,-1,0.008,-0.004],"_shiftlockState":false,"_pose":"FreeFall","_animationQueue":[],"_animationSpeed":1,"_zoom":16.125},{"_mousePosition":[684,485],"_rootPartCFrame":[758.497,227.466,47.26,-0.009,0,1,0,1,0,-1,0,-0.009],"_humanoidState":5,"_cameraCFrame":[765.978,243.25,47.196,-0.009,-0.886,0.464,0,0.464,0.886,-1,0.008,-0.004],"_shiftlockState":false,"_pose":"FreeFall","_animationQueue":[],"_animationSpeed":1,"_zoom":16.125},{"_mousePosition":[684,485],"_rootPartCFrame":[757.994,227.947,47.263,-0.009,0,1,0,1,0,-1,0,-0.009],"_humanoidState":5,"_cameraCFrame":[765.475,243.732,47.198,-0.009,-0.886,0.464,0,0.464,0.886,-1,0.008,-0.004],"_shiftlockState":false,"_pose":"FreeFall","_animationQueue":[],"_animationSpeed":1,"_zoom":16.125},{"_mousePosition":[684,485],"_rootPartCFrame":[757.531,228.374,47.265,-0.009,0,1,0,1,0,-1,0,-0.009],"_humanoidState":5,"_cameraCFrame":[765.012,244.159,47.2,-0.009,-0.886,0.464,0,0.464,0.886,-1,0.008,-0.004],"_shiftlockState":false,"_pose":"FreeFall","_animationQueue":[],"_animationSpeed":1,"_zoom":16.125},{"_mousePosition":[684,485],"_rootPartCFrame":[757.108,228.747,47.267,-0.009,0,1,0,1,0,-1,0,-0.009],"_humanoidState":5,"_cameraCFrame":[764.589,244.531,47.203,-0.009,-0.886,0.464,0,0.464,0.886,-1,0.008,-0.004],"_shiftlockState":false,"_pose":"FreeFall","_animationQueue":[],"_animationSpeed":1,"_zoom":16.125},{"_mousePosition":[684,485],"_rootPartCFrame":[756.724,229.064,47.269,-0.009,0,1,0,1,0,-1,0,-0.009],"_humanoidState":5,"_cameraCFrame":[764.205,244.849,47.205,-0.009,-0.886,0.464,0,0.464,0.886,-1,0.008,-0.004],"_shiftlockState":false,"_pose":"FreeFall","_animationQueue":[],"_animationSpeed":1,"_zoom":16.125},{"_mousePosition":[684,485],"_rootPartCFrame":[756.38,229.328,47.271,-0.009,0,1,0,1,0,-1,0,-0.009],"_humanoidState":5,"_cameraCFrame":[763.861,245.112,47.207,-0.009,-0.886,0.464,0,0.464,0.886,-1,0.008,-0.004],"_shiftlockState":false,"_pose":"FreeFall","_animationQueue":[],"_animationSpeed":1,"_zoom":16.125},{"_mousePosition":[684,485],"_rootPartCFrame":[756.076,229.537,47.273,-0.009,0,1,0,1,0,-1,0,-0.009],"_humanoidState":5,"_cameraCFrame":[763.557,245.321,47.209,-0.009,-0.886,0.464,0,0.464,0.886,-1,0.008,-0.004],"_shiftlockState":false,"_pose":"FreeFall","_animationQueue":[],"_animationSpeed":1,"_zoom":16.125},{"_mousePosition":[684,485],"_rootPartCFrame":[755.812,229.691,47.275,-0.009,0,1,0,1,0,-1,0,-0.009],"_humanoidState":5,"_cameraCFrame":[763.292,245.476,47.21,-0.009,-0.886,0.464,0,0.464,0.886,-1,0.008,-0.004],"_shiftlockState":false,"_pose":"FreeFall","_animationQueue":[],"_animationSpeed":1,"_zoom":16.125},{"_mousePosition":[684,485],"_rootPartCFrame":[755.587,229.791,47.276,-0.009,0,1,0,1,0,-1,0,-0.009],"_humanoidState":5,"_cameraCFrame":[763.068,245.576,47.211,-0.009,-0.886,0.464,0,0.464,0.886,-1,0.008,-0.004],"_shiftlockState":false,"_pose":"FreeFall","_animationQueue":[],"_animationSpeed":1,"_zoom":16.125},{"_mousePosition":[684,485],"_rootPartCFrame":[755.402,229.836,47.277,-0.009,0,1,0,1,0,-1,0,-0.009],"_humanoidState":5,"_cameraCFrame":[762.883,245.621,47.212,-0.009,-0.886,0.464,0,0.464,0.886,-1,0.008,-0.004],"_shiftlockState":false,"_pose":"FreeFall","_animationQueue":[],"_animationSpeed":1,"_zoom":16.125},{"_mousePosition":[684,485],"_rootPartCFrame":[755.289,229.835,47.277,-0.009,0,1,0,1,0,-1,0,-0.009],"_humanoidState":5,"_cameraCFrame":[762.77,245.619,47.213,-0.009,-0.886,0.464,0,0.464,0.886,-1,0.008,-0.004],"_shiftlockState":false,"_pose":"FreeFall","_animationQueue":[],"_animationSpeed":1,"_zoom":16.125},{"_mousePosition":[684,485],"_rootPartCFrame":[755.151,229.764,47.278,-0.009,0,1,0,1,0,-1,0,-0.009],"_humanoidState":5,"_cameraCFrame":[762.632,245.548,47.214,-0.009,-0.886,0.464,0,0.464,0.886,-1,0.008,-0.004],"_shiftlockState":false,"_pose":"FreeFall","_animationQueue":[],"_animationSpeed":1,"_zoom":16.125},{"_mousePosition":[684,485],"_rootPartCFrame":[755.085,229.646,47.279,-0.009,0,1,0,1,0,-1,0,-0.009],"_humanoidState":5,"_cameraCFrame":[762.566,245.43,47.214,-0.009,-0.886,0.464,0,0.464,0.886,-1,0.008,-0.004],"_shiftlockState":false,"_pose":"FreeFall","_animationQueue":[],"_animationSpeed":1,"_zoom":16.125},{"_mousePosition":[684,485],"_rootPartCFrame":[755.062,229.521,47.279,-0.009,0,1,0,1,0,-1,0,-0.009],"_humanoidState":5,"_cameraCFrame":[762.543,245.306,47.214,-0.009,-0.886,0.464,0,0.464,0.886,-1,0.008,-0.004],"_shiftlockState":false,"_pose":"FreeFall","_animationQueue":[["fall",0.3]],"_animationSpeed":1,"_zoom":16.125},{"_mousePosition":[684,485],"_rootPartCFrame":[755.057,229.246,47.279,-0.009,0,1,0,1,0,-1,0,-0.009],"_humanoidState":5,"_cameraCFrame":[762.538,245.03,47.214,-0.009,-0.886,0.464,0,0.464,0.886,-1,0.008,-0.004],"_shiftlockState":false,"_pose":"FreeFall","_animationQueue":[],"_animationSpeed":1,"_zoom":16.125},{"_mousePosition":[684,485],"_rootPartCFrame":[755.057,228.964,47.279,-0.009,0,1,0,1,0,-1,0,-0.009],"_humanoidState":5,"_cameraCFrame":[762.538,244.749,47.214,-0.009,-0.886,0.464,0,0.464,0.886,-1,0.008,-0.004],"_shiftlockState":false,"_pose":"FreeFall","_animationQueue":[],"_animationSpeed":1,"_zoom":16.125},{"_mousePosition":[684,485],"_rootPartCFrame":[755.057,228.717,47.279,-0.009,0,1,0,1,0,-1,0,-0.009],"_humanoidState":5,"_cameraCFrame":[762.538,244.502,47.214,-0.009,-0.886,0.464,0,0.464,0.886,-1,0.008,-0.004],"_shiftlockState":false,"_pose":"FreeFall","_animationQueue":[],"_animationSpeed":1,"_zoom":16.125},{"_mousePosition":[684,485],"_rootPartCFrame":[755.057,228.238,47.279,-0.009,0,1,0,1,0,-1,0,-0.009],"_humanoidState":5,"_cameraCFrame":[762.538,244.022,47.214,-0.009,-0.886,0.464,0,0.464,0.886,-1,0.008,-0.004],"_shiftlockState":false,"_pose":"FreeFall","_animationQueue":[],"_animationSpeed":1,"_zoom":16.125},{"_mousePosition":[684,485],"_rootPartCFrame":[755.033,227.792,47.279,-0.009,0,1,0,1,0,-1,0,-0.009],"_humanoidState":5,"_cameraCFrame":[762.513,243.577,47.214,-0.009,-0.886,0.464,0,0.464,0.886,-1,0.008,-0.004],"_shiftlockState":false,"_pose":"FreeFall","_animationQueue":[],"_animationSpeed":1,"_zoom":16.125},{"_mousePosition":[684,485],"_rootPartCFrame":[754.968,227.293,47.28,-0.009,0,1,0,1,0,-1,0,-0.009],"_humanoidState":5,"_cameraCFrame":[762.449,243.077,47.215,-0.009,-0.886,0.464,0,0.464,0.886,-1,0.008,-0.004],"_shiftlockState":false,"_pose":"FreeFall","_animationQueue":[["fall",0.3]],"_animationSpeed":1,"_zoom":16.125},{"_mousePosition":[684,485],"_rootPartCFrame":[754.864,226.739,47.28,-0.009,0,1,0,1,0,-1,0,-0.009],"_humanoidState":5,"_cameraCFrame":[762.345,242.523,47.216,-0.009,-0.886,0.464,0,0.464,0.886,-1,0.008,-0.004],"_shiftlockState":false,"_pose":"FreeFall","_animationQueue":[],"_animationSpeed":1,"_zoom":16.125},{"_mousePosition":[684,485],"_rootPartCFrame":[754.72,226.13,47.282,-0.009,0,1,0,1,0,-1,0,-0.009],"_humanoidState":5,"_cameraCFrame":[762.201,241.915,47.217,-0.009,-0.886,0.464,0,0.464,0.886,-1,0.008,-0.004],"_shiftlockState":false,"_pose":"FreeFall","_animationQueue":[],"_animationSpeed":1,"_zoom":16.125},{"_mousePosition":[684,485],"_rootPartCFrame":[754.586,225.638,47.283,-0.009,0,1,0,1,0,-1,0,-0.009],"_humanoidState":5,"_cameraCFrame":[762.067,241.422,47.218,-0.009,-0.886,0.464,0,0.464,0.886,-1,0.008,-0.004],"_shiftlockState":false,"_pose":"FreeFall","_animationQueue":[],"_animationSpeed":1,"_zoom":16.125},{"_mousePosition":[684,485],"_rootPartCFrame":[754.313,224.749,47.285,-0.009,0,1,0,1,0,-1,0,-0.009],"_humanoidState":5,"_cameraCFrame":[761.794,240.534,47.221,-0.009,-0.886,0.464,0,0.464,0.886,-1,0.008,-0.004],"_shiftlockState":false,"_pose":"FreeFall","_animationQueue":[],"_animationSpeed":1,"_zoom":16.125},{"_mousePosition":[684,485],"_rootPartCFrame":[754.054,223.977,47.287,-0.009,0,1,0,1,0,-1,0,-0.009],"_humanoidState":5,"_cameraCFrame":[761.535,239.762,47.223,-0.009,-0.886,0.464,0,0.464,0.886,-1,0.008,-0.004],"_shiftlockState":false,"_pose":"FreeFall","_animationQueue":[],"_animationSpeed":1,"_zoom":16.125},{"_mousePosition":[684,485],"_rootPartCFrame":[753.787,223.151,47.29,-0.009,0,1,0,1,0,-1,0,-0.009],"_humanoidState":5,"_cameraCFrame":[761.268,238.935,47.225,-0.009,-0.886,0.464,0,0.464,0.886,-1,0.008,-0.004],"_shiftlockState":false,"_pose":"FreeFall","_animationQueue":[],"_animationSpeed":1,"_zoom":16.125},{"_mousePosition":[684,485],"_rootPartCFrame":[753.392,222.385,47.292,-0.009,0,1,0,1,0,-1,0,-0.009],"_humanoidState":7,"_cameraCFrame":[760.873,238.17,47.228,-0.009,-0.886,0.464,0,0.464,0.886,-1,0.008,-0.004],"_shiftlockState":false,"_pose":"FreeFall","_animationQueue":[["fall",0.3],["walk",0.1],["fall",0.3],["fall",0.3]],"_animationSpeed":1,"_zoom":16.125},{"_mousePosition":[684,485],"_rootPartCFrame":[752.791,222.381,47.294,-0.009,0,1,0,1,0,-1,0,-0.009],"_humanoidState":7,"_cameraCFrame":[760.271,238.165,47.23,-0.009,-0.886,0.464,0,0.464,0.886,-1,0.008,-0.004],"_shiftlockState":false,"_pose":"FreeFall","_animationQueue":[],"_animationSpeed":1,"_zoom":16.125},{"_mousePosition":[684,485],"_rootPartCFrame":[752.229,222.474,47.296,-0.009,0,1,0,1,0,-1,0,-0.009],"_humanoidState":7,"_cameraCFrame":[759.71,238.259,47.232,-0.009,-0.886,0.464,0,0.464,0.886,-1,0.008,-0.004],"_shiftlockState":false,"_pose":"FreeFall","_animationQueue":[],"_animationSpeed":1,"_zoom":16.125},{"_mousePosition":[684,485],"_rootPartCFrame":[751.08,222.604,47.3,-0.009,0,1,0,1,0,-1,0,-0.009],"_humanoidState":8,"_cameraCFrame":[758.561,238.389,47.235,-0.009,-0.886,0.464,0,0.464,0.886,-1,0.008,-0.004],"_shiftlockState":false,"_pose":"Running","_animationQueue":[["walk",0.1],["fall",0.3],["walk",0.1]],"_animationSpeed":1.082,"_zoom":16.125},{"_mousePosition":[684,485],"_rootPartCFrame":[750.314,223.467,47.302,-0.009,0,1,0,1,0,-1,0,-0.009],"_humanoidState":3,"_cameraCFrame":[757.794,239.251,47.237,-0.009,-0.886,0.464,0,0.464,0.886,-1,0.008,-0.004],"_shiftlockState":false,"_pose":"Jumping","_animationQueue":[["walk",0.1],["jump",0.1]],"_animationSpeed":1,"_zoom":16.125},{"_mousePosition":[684,485],"_rootPartCFrame":[749.754,224.078,47.304,-0.009,0,1,0,1,0,-1,0,-0.009],"_humanoidState":5,"_cameraCFrame":[757.234,239.863,47.239,-0.009,-0.886,0.464,0,0.464,0.886,-1,0.008,-0.004],"_shiftlockState":false,"_pose":"FreeFall","_animationQueue":[["jump",0.1]],"_animationSpeed":1,"_zoom":16.125},{"_mousePosition":[684,485],"_rootPartCFrame":[748.87,225.029,47.306,-0.009,0,1,0,1,0,-1,0,-0.009],"_humanoidState":5,"_cameraCFrame":[756.351,240.814,47.242,-0.009,-0.886,0.464,0,0.464,0.886,-1,0.008,-0.004],"_shiftlockState":false,"_pose":"FreeFall","_animationQueue":[],"_animationSpeed":1,"_zoom":16.125},{"_mousePosition":[684,485],"_rootPartCFrame":[748.207,225.729,47.309,-0.009,0,1,0,1,0,-1,0,-0.009],"_humanoidState":5,"_cameraCFrame":[755.688,241.513,47.244,-0.009,-0.886,0.464,0,0.464,0.886,-1,0.008,-0.004],"_shiftlockState":false,"_pose":"FreeFall","_animationQueue":[],"_animationSpeed":1,"_zoom":16.125},{"_mousePosition":[684,485],"_rootPartCFrame":[747.737,226.217,47.31,-0.009,0,1,0,1,0,-1,0,-0.009],"_humanoidState":5,"_cameraCFrame":[755.218,242.002,47.246,-0.009,-0.886,0.464,0,0.464,0.886,-1,0.008,-0.004],"_shiftlockState":false,"_pose":"FreeFall","_animationQueue":[],"_animationSpeed":1,"_zoom":16.125},{"_mousePosition":[684,485],"_rootPartCFrame":[747.002,226.964,47.313,-0.009,0,1,0,1,0,-1,0,-0.009],"_humanoidState":5,"_cameraCFrame":[754.483,242.748,47.249,-0.009,-0.886,0.464,0,0.464,0.886,-1,0.008,-0.004],"_shiftlockState":false,"_pose":"FreeFall","_animationQueue":[],"_animationSpeed":1,"_zoom":16.125},{"_mousePosition":[684,485],"_rootPartCFrame":[746.459,227.5,47.316,-0.009,0,1,0,1,0,-1,0,-0.009],"_humanoidState":5,"_cameraCFrame":[753.94,243.284,47.251,-0.009,-0.886,0.464,0,0.464,0.886,-1,0.008,-0.004],"_shiftlockState":false,"_pose":"FreeFall","_animationQueue":[],"_animationSpeed":1,"_zoom":16.125},{"_mousePosition":[684,485],"_rootPartCFrame":[746.077,227.866,47.317,-0.009,0,1,0,1,0,-1,0,-0.009],"_humanoidState":5,"_cameraCFrame":[753.558,243.65,47.253,-0.009,-0.886,0.464,0,0.464,0.886,-1,0.008,-0.004],"_shiftlockState":false,"_pose":"FreeFall","_animationQueue":[],"_animationSpeed":1,"_zoom":16.125},{"_mousePosition":[684,485],"_rootPartCFrame":[745.491,228.408,47.32,-0.009,0,1,0,1,0,-1,0,-0.009],"_humanoidState":5,"_cameraCFrame":[752.972,244.193,47.256,-0.009,-0.886,0.464,0,0.464,0.886,-1,0.008,-0.004],"_shiftlockState":false,"_pose":"FreeFall","_animationQueue":[],"_animationSpeed":1,"_zoom":16.125},{"_mousePosition":[684,485],"_rootPartCFrame":[745.067,228.78,47.323,-0.009,0,1,0,1,0,-1,0,-0.009],"_humanoidState":5,"_cameraCFrame":[752.548,244.565,47.258,-0.009,-0.886,0.464,0,0.464,0.886,-1,0.008,-0.004],"_shiftlockState":false,"_pose":"FreeFall","_animationQueue":[],"_animationSpeed":1,"_zoom":16.125},{"_mousePosition":[684,485],"_rootPartCFrame":[744.775,229.024,47.324,-0.009,0,1,0,1,0,-1,0,-0.009],"_humanoidState":5,"_cameraCFrame":[752.256,244.809,47.26,-0.009,-0.886,0.464,0,0.464,0.886,-1,0.008,-0.004],"_shiftlockState":false,"_pose":"FreeFall","_animationQueue":[],"_animationSpeed":1,"_zoom":16.125},{"_mousePosition":[684,485],"_rootPartCFrame":[744.339,229.362,47.327,-0.009,0,1,0,1,0,-1,0,-0.009],"_humanoidState":5,"_cameraCFrame":[751.819,245.146,47.263,-0.009,-0.886,0.464,0,0.464,0.886,-1,0.008,-0.004],"_shiftlockState":false,"_pose":"FreeFall","_animationQueue":[],"_animationSpeed":1,"_zoom":16.125},{"_mousePosition":[684,485],"_rootPartCFrame":[744.034,229.571,47.329,-0.009,0,1,0,1,0,-1,0,-0.009],"_humanoidState":5,"_cameraCFrame":[751.514,245.355,47.265,-0.009,-0.886,0.464,0,0.464,0.886,-1,0.008,-0.004],"_shiftlockState":false,"_pose":"FreeFall","_animationQueue":[],"_animationSpeed":1,"_zoom":16.125},{"_mousePosition":[684,485],"_rootPartCFrame":[743.762,229.725,47.332,-0.009,0,1,0,1,0,-1,0,-0.009],"_humanoidState":5,"_cameraCFrame":[751.243,245.51,47.267,-0.009,-0.886,0.464,0,0.464,0.886,-1,0.008,-0.004],"_shiftlockState":false,"_pose":"FreeFall","_animationQueue":[],"_animationSpeed":1,"_zoom":16.125},{"_mousePosition":[684,485],"_rootPartCFrame":[743.495,229.825,47.334,-0.009,0,1,0,1,0,-1,0,-0.009],"_humanoidState":5,"_cameraCFrame":[750.976,245.609,47.27,-0.009,-0.886,0.464,0,0.464,0.886,-1,0.008,-0.004],"_shiftlockState":false,"_pose":"FreeFall","_animationQueue":[],"_animationSpeed":1,"_zoom":16.125},{"_mousePosition":[684,485],"_rootPartCFrame":[743.228,229.87,47.336,-0.009,0,1,0,1,0,-1,0,-0.009],"_humanoidState":5,"_cameraCFrame":[750.709,245.655,47.272,-0.009,-0.886,0.464,0,0.464,0.886,-1,0.008,-0.004],"_shiftlockState":false,"_pose":"FreeFall","_animationQueue":[],"_animationSpeed":1,"_zoom":16.125},{"_mousePosition":[684,485],"_rootPartCFrame":[742.962,229.861,47.339,-0.009,0,1,0,1,0,-1,0,-0.009],"_humanoidState":5,"_cameraCFrame":[750.443,245.646,47.274,-0.009,-0.886,0.464,0,0.464,0.886,-1,0.008,-0.004],"_shiftlockState":false,"_pose":"FreeFall","_animationQueue":[["fall",0.3]],"_animationSpeed":1,"_zoom":16.125},{"_mousePosition":[684,485],"_rootPartCFrame":[742.695,229.798,47.341,-0.009,0,1,0,1,0,-1,0,-0.009],"_humanoidState":5,"_cameraCFrame":[750.176,245.582,47.276,-0.009,-0.886,0.464,0,0.464,0.886,-1,0.008,-0.004],"_shiftlockState":false,"_pose":"FreeFall","_animationQueue":[],"_animationSpeed":1,"_zoom":16.125},{"_mousePosition":[684,485],"_rootPartCFrame":[742.453,229.68,47.343,-0.009,0,1,0,1,0,-1,0,-0.009],"_humanoidState":5,"_cameraCFrame":[749.934,245.464,47.279,-0.009,-0.886,0.464,0,0.464,0.886,-1,0.008,-0.004],"_shiftlockState":false,"_pose":"FreeFall","_animationQueue":[],"_animationSpeed":1,"_zoom":16.125},{"_mousePosition":[684,485],"_rootPartCFrame":[742.298,229.555,47.344,-0.009,0,1,0,1,0,-1,0,-0.009],"_humanoidState":5,"_cameraCFrame":[749.779,245.34,47.28,-0.009,-0.886,0.464,0,0.464,0.886,-1,0.008,-0.004],"_shiftlockState":false,"_pose":"FreeFall","_animationQueue":[],"_animationSpeed":1,"_zoom":16.125},{"_mousePosition":[684,485],"_rootPartCFrame":[742.089,229.28,47.346,-0.009,0,1,0,1,0,-1,0,-0.009],"_humanoidState":5,"_cameraCFrame":[749.57,245.064,47.282,-0.009,-0.886,0.464,0,0.464,0.886,-1,0.008,-0.004],"_shiftlockState":false,"_pose":"FreeFall","_animationQueue":[],"_animationSpeed":1,"_zoom":16.125},{"_mousePosition":[684,485],"_rootPartCFrame":[741.966,228.998,47.347,-0.009,0,1,0,1,0,-1,0,-0.009],"_humanoidState":5,"_cameraCFrame":[749.447,244.783,47.283,-0.009,-0.886,0.464,0,0.464,0.886,-1,0.008,-0.004],"_shiftlockState":false,"_pose":"FreeFall","_animationQueue":[],"_animationSpeed":1,"_zoom":16.125},{"_mousePosition":[684,485],"_rootPartCFrame":[741.9,228.751,47.348,-0.009,0,1,0,1,0,-1,0,-0.009],"_humanoidState":5,"_cameraCFrame":[749.381,244.536,47.283,-0.009,-0.886,0.464,0,0.464,0.886,-1,0.008,-0.004],"_shiftlockState":false,"_pose":"FreeFall","_animationQueue":[],"_animationSpeed":1,"_zoom":16.125},{"_mousePosition":[684,485],"_rootPartCFrame":[741.84,228.272,47.348,-0.009,0,1,0,1,0,-1,0,-0.009],"_humanoidState":5,"_cameraCFrame":[749.321,244.056,47.284,-0.009,-0.886,0.464,0,0.464,0.886,-1,0.008,-0.004],"_shiftlockState":false,"_pose":"FreeFall","_animationQueue":[["fall",0.3]],"_animationSpeed":1,"_zoom":16.125},{"_mousePosition":[684,485],"_rootPartCFrame":[741.832,227.826,47.348,-0.009,0,1,0,1,0,-1,0,-0.009],"_humanoidState":5,"_cameraCFrame":[749.313,243.611,47.284,-0.009,-0.886,0.464,0,0.464,0.886,-1,0.008,-0.004],"_shiftlockState":false,"_pose":"FreeFall","_animationQueue":[],"_animationSpeed":1,"_zoom":16.125},{"_mousePosition":[684,485],"_rootPartCFrame":[741.832,227.457,47.348,-0.009,0,1,0,1,0,-1,0,-0.009],"_humanoidState":5,"_cameraCFrame":[749.313,243.241,47.284,-0.009,-0.886,0.464,0,0.464,0.886,-1,0.008,-0.004],"_shiftlockState":false,"_pose":"FreeFall","_animationQueue":[],"_animationSpeed":1,"_zoom":16.125},{"_mousePosition":[684,485],"_rootPartCFrame":[741.832,226.773,47.348,-0.009,0,1,0,1,0,-1,0,-0.009],"_humanoidState":5,"_cameraCFrame":[749.313,242.557,47.284,-0.009,-0.886,0.464,0,0.464,0.886,-1,0.008,-0.004],"_shiftlockState":false,"_pose":"FreeFall","_animationQueue":[],"_animationSpeed":1,"_zoom":16.125},{"_mousePosition":[684,485],"_rootPartCFrame":[741.832,226.164,47.348,-0.009,0,1,0,1,0,-1,0,-0.009],"_humanoidState":5,"_cameraCFrame":[749.313,241.949,47.284,-0.009,-0.886,0.464,0,0.464,0.886,-1,0.008,-0.004],"_shiftlockState":false,"_pose":"FreeFall","_animationQueue":[],"_animationSpeed":1,"_zoom":16.125},{"_mousePosition":[684,485],"_rootPartCFrame":[741.832,225.672,47.348,-0.009,0,1,0,1,0,-1,0,-0.009],"_humanoidState":5,"_cameraCFrame":[749.313,241.456,47.284,-0.009,-0.886,0.464,0,0.464,0.886,-1,0.008,-0.004],"_shiftlockState":false,"_pose":"FreeFall","_animationQueue":[],"_animationSpeed":1,"_zoom":16.125},{"_mousePosition":[684,485],"_rootPartCFrame":[741.832,224.783,47.348,-0.009,0,1,0,1,0,-1,0,-0.009],"_humanoidState":5,"_cameraCFrame":[749.313,240.568,47.284,-0.009,-0.886,0.464,0,0.464,0.886,-1,0.008,-0.004],"_shiftlockState":false,"_pose":"FreeFall","_animationQueue":[],"_animationSpeed":1,"_zoom":16.125},{"_mousePosition":[684,485],"_rootPartCFrame":[741.832,224.011,47.348,-0.009,0,1,0,1,0,-1,0,-0.009],"_humanoidState":5,"_cameraCFrame":[749.313,239.796,47.284,-0.009,-0.886,0.464,0,0.464,0.886,-1,0.008,-0.004],"_shiftlockState":false,"_pose":"FreeFall","_animationQueue":[["fall",0.3]],"_animationSpeed":1,"_zoom":16.125},{"_mousePosition":[684,485],"_rootPartCFrame":[741.832,223.396,47.348,-0.009,0,1,0,1,0,-1,0,-0.009],"_humanoidState":5,"_cameraCFrame":[749.313,239.181,47.284,-0.009,-0.886,0.464,0,0.464,0.886,-1,0.008,-0.004],"_shiftlockState":false,"_pose":"FreeFall","_animationQueue":[],"_animationSpeed":1,"_zoom":16.125},{"_mousePosition":[684,485],"_rootPartCFrame":[741.639,222.418,47.348,-0.009,0,1,0,1,0,-1,0,-0.009],"_humanoidState":7,"_cameraCFrame":[749.12,238.202,47.284,-0.009,-0.886,0.464,0,0.464,0.886,-1,0.008,-0.004],"_shiftlockState":false,"_pose":"FreeFall","_animationQueue":[["walk",0.1],["fall",0.3],["fall",0.3]],"_animationSpeed":1,"_zoom":16.125},{"_mousePosition":[684,485],"_rootPartCFrame":[741.253,222.402,47.348,-0.009,0,1,0,1,0,-1,0,-0.009],"_humanoidState":7,"_cameraCFrame":[748.733,238.186,47.284,-0.009,-0.886,0.464,0,0.464,0.886,-1,0.008,-0.004],"_shiftlockState":false,"_pose":"FreeFall","_animationQueue":[],"_animationSpeed":1,"_zoom":16.125},{"_mousePosition":[684,485],"_rootPartCFrame":[740.454,222.541,47.35,-0.009,0,1,0,1,0,-1,0,-0.009],"_humanoidState":8,"_cameraCFrame":[747.935,238.326,47.286,-0.009,-0.886,0.464,0,0.464,0.886,-1,0.008,-0.004],"_shiftlockState":false,"_pose":"Running","_animationQueue":[["walk",0.1],["fall",0.3],["walk",0.1]],"_animationSpeed":0.151,"_zoom":16.125},{"_mousePosition":[684,485],"_rootPartCFrame":[739.733,223.415,47.352,-0.009,0,1,0,1,0,-1,0,-0.009],"_humanoidState":3,"_cameraCFrame":[747.214,239.199,47.288,-0.009,-0.886,0.464,0,0.464,0.886,-1,0.008,-0.004],"_shiftlockState":false,"_pose":"Jumping","_animationQueue":[["walk",0.1],["jump",0.1]],"_animationSpeed":1,"_zoom":16.125},{"_mousePosition":[684,485],"_rootPartCFrame":[739.037,224.237,47.354,-0.009,0,1,0,1,0,-1,0,-0.009],"_humanoidState":5,"_cameraCFrame":[746.518,240.021,47.29,-0.009,-0.886,0.464,0,0.464,0.886,-1,0.008,-0.004],"_shiftlockState":false,"_pose":"FreeFall","_animationQueue":[["jump",0.1]],"_animationSpeed":1,"_zoom":16.125},{"_mousePosition":[684,485],"_rootPartCFrame":[738.541,224.817,47.355,-0.009,0,1,0,1,0,-1,0,-0.009],"_humanoidState":5,"_cameraCFrame":[746.022,240.602,47.291,-0.009,-0.886,0.464,0,0.464,0.886,-1,0.008,-0.004],"_shiftlockState":false,"_pose":"FreeFall","_animationQueue":[],"_animationSpeed":1,"_zoom":16.125},{"_mousePosition":[684,485],"_rootPartCFrame":[737.764,225.717,47.358,-0.009,0,1,0,1,0,-1,0,-0.009],"_humanoidState":5,"_cameraCFrame":[745.245,241.502,47.294,-0.009,-0.886,0.464,0,0.464,0.886,-1,0.008,-0.004],"_shiftlockState":false,"_pose":"FreeFall","_animationQueue":[],"_animationSpeed":1,"_zoom":16.125},{"_mousePosition":[684,485],"_rootPartCFrame":[737.187,226.376,47.36,-0.009,0,1,0,1,0,-1,0,-0.009],"_humanoidState":5,"_cameraCFrame":[744.667,242.16,47.296,-0.009,-0.886,0.464,0,0.464,0.886,-1,0.008,-0.004],"_shiftlockState":false,"_pose":"FreeFall","_animationQueue":[],"_animationSpeed":1,"_zoom":16.125},{"_mousePosition":[684,485],"_rootPartCFrame":[736.78,226.834,47.362,-0.009,0,1,0,1,0,-1,0,-0.009],"_humanoidState":5,"_cameraCFrame":[744.261,242.618,47.297,-0.009,-0.886,0.464,0,0.464,0.886,-1,0.008,-0.004],"_shiftlockState":false,"_pose":"FreeFall","_animationQueue":[],"_animationSpeed":1,"_zoom":16.125},{"_mousePosition":[684,485],"_rootPartCFrame":[736.152,227.529,47.364,-0.009,0,1,0,1,0,-1,0,-0.009],"_humanoidState":5,"_cameraCFrame":[743.633,243.314,47.3,-0.009,-0.886,0.464,0,0.464,0.886,-1,0.008,-0.004],"_shiftlockState":false,"_pose":"FreeFall","_animationQueue":[],"_animationSpeed":1,"_zoom":16.125},{"_mousePosition":[684,485],"_rootPartCFrame":[735.694,228.024,47.366,-0.009,0,1,0,1,0,-1,0,-0.009],"_humanoidState":5,"_cameraCFrame":[743.175,243.809,47.302,-0.009,-0.886,0.464,0,0.464,0.886,-1,0.008,-0.004],"_shiftlockState":false,"_pose":"FreeFall","_animationQueue":[],"_animationSpeed":1,"_zoom":16.125},{"_mousePosition":[684,485],"_rootPartCFrame":[735.276,228.465,47.369,-0.009,0,1,0,1,0,-1,0,-0.009],"_humanoidState":5,"_cameraCFrame":[742.757,244.249,47.304,-0.009,-0.886,0.464,0,0.464,0.886,-1,0.008,-0.004],"_shiftlockState":false,"_pose":"FreeFall","_animationQueue":[],"_animationSpeed":1,"_zoom":16.125},{"_mousePosition":[684,485],"_rootPartCFrame":[734.897,228.851,47.371,-0.009,0,1,0,1,0,-1,0,-0.009],"_humanoidState":5,"_cameraCFrame":[742.378,244.635,47.306,-0.009,-0.886,0.464,0,0.464,0.886,-1,0.008,-0.004],"_shiftlockState":false,"_pose":"FreeFall","_animationQueue":[],"_animationSpeed":1,"_zoom":16.125},{"_mousePosition":[684,485],"_rootPartCFrame":[734.559,229.182,47.373,-0.009,0,1,0,1,0,-1,0,-0.009],"_humanoidState":5,"_cameraCFrame":[742.04,244.967,47.309,-0.009,-0.886,0.464,0,0.464,0.886,-1,0.008,-0.004],"_shiftlockState":false,"_pose":"FreeFall","_animationQueue":[],"_animationSpeed":1,"_zoom":16.125},{"_mousePosition":[684,485],"_rootPartCFrame":[734.331,229.395,47.375,-0.009,0,1,0,1,0,-1,0,-0.009],"_humanoidState":5,"_cameraCFrame":[741.812,245.18,47.31,-0.009,-0.886,0.464,0,0.464,0.886,-1,