[{"_mousePosition":[703,470],"_rootPartCFrame":[776.028,222.7,47.142,0,0,1,0,1,0,-1,0,0],"_humanoidState":8,"_cameraCFrame":[776.394,244.548,43.573,-0.995,-0.1,0.018,0,0.174,0.985,-0.102,0.98,-0.173],"_shiftlockState":false,"_pose":"Standing","_animationQueue":[],"_animationSpeed":1,"_zoom":20.656},{"_mousePosition":[703,470],"_rootPartCFrame":[775.782,222.7,47.122,0.011,0,1,0,1,0,-1,0,0.011],"_humanoidState":8,"_cameraCFrame":[776.238,244.546,43.564,-0.992,-0.125,0.022,0,0.174,0.985,-0.127,0.977,-0.172],"_shiftlockState":false,"_pose":"Standing","_animationQueue":[],"_animationSpeed":1,"_zoom":20.656},{"_mousePosition":[703,470],"_rootPartCFrame":[775.65,222.7,47.109,0.017,0,1,0,1,0,-1,0,0.017],"_humanoidState":8,"_cameraCFrame":[776.214,244.545,43.566,-0.988,-0.155,0.027,0,0.174,0.985,-0.157,0.973,-0.171],"_shiftlockState":false,"_pose":"Running","_animationQueue":[["walk",0.1]],"_animationSpeed":1.066,"_zoom":20.656},{"_mousePosition":[703,470],"_rootPartCFrame":[775.253,222.7,47.059,0.039,0,0.999,0,1,0,-0.999,0,0.039],"_humanoidState":8,"_cameraCFrame":[775.942,244.544,43.538,-0.981,-0.189,0.033,0,0.174,0.985,-0.192,0.966,-0.17],"_shiftlockState":false,"_pose":"Running","_animationQueue":[],"_animationSpeed":1.066,"_zoom":20.656},{"_mousePosition":[703,470],"_rootPartCFrame":[774.99,222.7,47.017,0.055,0,0.998,0,1,0,-0.998,0,0.055],"_humanoidState":8,"_cameraCFrame":[775.803,244.543,43.524,-0.974,-0.223,0.039,0,0.174,0.985,-0.227,0.959,-0.169],"_shiftlockState":false,"_pose":"Running","_animationQueue":[],"_animationSpeed":1.066,"_zoom":20.656},{"_mousePosition":[703,470],"_rootPartCFrame":[774.728,222.7,46.967,0.073,0,0.997,0,1,0,-0.997,0,0.073],"_humanoidState":8,"_cameraCFrame":[775.656,244.543,43.502,-0.966,-0.255,0.045,0,0.174,0.985,-0.259,0.951,-0.168],"_shiftlockState":false,"_pose":"Running","_animationQueue":[],"_animationSpeed":1.066,"_zoom":20.656},{"_mousePosition":[703,470],"_rootPartCFrame":[774.598,222.7,46.937,0.083,0,0.997,0,1,0,-0.997,0,0.083],"_humanoidState":8,"_cameraCFrame":[775.639,244.543,43.505,-0.957,-0.286,0.05,0,0.174,0.985,-0.29,0.942,-0.166],"_shiftlockState":false,"_pose":"Running","_animationQueue":[],"_animationSpeed":1.066,"_zoom":20.656},{"_mousePosition":[703,470],"_rootPartCFrame":[774.211,222.7,46.835,0.118,0,0.993,0,1,0,-0.993,0,0.118],"_humanoidState":8,"_cameraCFrame":[775.356,244.542,43.435,-0.948,-0.314,0.055,0,0.174,0.985,-0.319,0.933,-0.165],"_shiftlockState":false,"_pose":"Running","_animationQueue":[],"_animationSpeed":1.066,"_zoom":20.656},{"_mousePosition":[703,470],"_rootPartCFrame":[774.083,222.7,46.797,0.13,0,0.992,0,1,0,-0.992,0,0.13],"_humanoidState":8,"_cameraCFrame":[775.314,244.542,43.427,-0.939,-0.338,0.06,0,0.174,0.985,-0.343,0.925,-0.163],"_shiftlockState":false,"_pose":"Running","_animationQueue":[],"_animationSpeed":1.066,"_zoom":20.656},{"_mousePosition":[703,470],"_rootPartCFrame":[773.831,222.7,46.712,0.155,0,0.988,0,1,0,-0.988,0,0.155],"_humanoidState":8,"_cameraCFrame":[775.138,244.542,43.372,-0.931,-0.359,0.063,0,0.174,0.985,-0.364,0.917,-0.162],"_shiftlockState":false,"_pose":"Running","_animationQueue":[["walk",0.1]],"_animationSpeed":1.066,"_zoom":20.656},{"_mousePosition":[703,470],"_rootPartCFrame":[773.455,222.7,46.576,0.194,0,0.981,0,1,0,-0.981,0,0.194],"_humanoidState":8,"_cameraCFrame":[774.829,244.542,43.262,-0.924,-0.377,0.067,0,0.174,0.985,-0.383,0.91,-0.16],"_shiftlockState":false,"_pose":"Running","_animationQueue":[],"_animationSpeed":1.066,"_zoom":20.656},{"_mousePosition":[703,470],"_rootPartCFrame":[773.206,222.7,46.479,0.217,0,0.976,0,1,0,-0.976,0,0.217],"_humanoidState":8,"_cameraCFrame":[774.631,244.542,43.187,-0.918,-0.391,0.069,0,0.174,0.985,-0.397,0.904,-0.159],"_shiftlockState":false,"_pose":"Running","_animationQueue":[],"_animationSpeed":1.066,"_zoom":20.656},{"_mousePosition":[703,470],"_rootPartCFrame":[772.96,222.7,46.377,0.24,0,0.971,0,1,0,-0.971,0,0.24],"_humanoidState":8,"_cameraCFrame":[774.384,244.542,43.085,-0.918,-0.391,0.069,0,0.174,0.985,-0.397,0.904,-0.159],"_shiftlockState":false,"_pose":"Running","_animationQueue":[],"_animationSpeed":1.066,"_zoom":20.656},{"_mousePosition":[703,470],"_rootPartCFrame":[772.715,222.7,46.271,0.261,0,0.965,0,1,0,-0.965,0,0.261],"_humanoidState":8,"_cameraCFrame":[774.139,244.542,42.98,-0.918,-0.391,0.069,0,0.174,0.985,-0.397,0.904,-0.159],"_shiftlockState":false,"_pose":"Running","_animationQueue":[],"_animationSpeed":1.066,"_zoom":20.656},{"_mousePosition":[703,470],"_rootPartCFrame":[772.47,222.7,46.166,0.28,0,0.96,0,1,0,-0.96,0,0.28],"_humanoidState":8,"_cameraCFrame":[773.895,244.542,42.874,-0.918,-0.391,0.069,0,0.174,0.985,-0.397,0.904,-0.159],"_shiftlockState":false,"_pose":"Running","_animationQueue":[],"_animationSpeed":1.066,"_zoom":20.656},{"_mousePosition":[703,470],"_rootPartCFrame":[772.348,222.7,46.113,0.288,0,0.958,0,1,0,-0.958,0,0.288],"_humanoidState":8,"_cameraCFrame":[773.772,244.542,42.821,-0.918,-0.391,0.069,0,0.174,0.985,-0.397,0.904,-0.159],"_shiftlockState":false,"_pose":"Running","_animationQueue":[],"_animationSpeed":1.066,"_zoom":20.656},{"_mousePosition":[703,470],"_rootPartCFrame":[771.98,222.7,45.954,0.31,0,0.951,0,1,0,-0.951,0,0.31],"_humanoidState":8,"_cameraCFrame":[771.799,244.542,41.967,-0.918,-0.391,0.069,0,0.174,0.985,-0.397,0.904,-0.159],"_shiftlockState":true,"_pose":"Running","_animationQueue":[["walk",0.1]],"_animationSpeed":1.066,"_zoom":20.656},{"_mousePosition":[683,384],"_rootPartCFrame":[771.736,222.7,45.848,-0.941,0,0.338,0,1,0,-0.338,0,-0.941],"_humanoidState":8,"_cameraCFrame":[771.554,244.542,41.861,-0.918,-0.391,0.069,0,0.174,0.985,-0.397,0.904,-0.159],"_shiftlockState":true,"_pose":"Running","_animationQueue":[],"_animationSpeed":1.066,"_zoom":20.656},{"_mousePosition":[683,384],"_rootPartCFrame":[771.491,222.7,45.742,-0.928,0,0.373,0,1,0,-0.373,0,-0.928],"_humanoidState":8,"_cameraCFrame":[771.31,244.542,41.755,-0.918,-0.391,0.069,0,0.174,0.985,-0.397,0.904,-0.159],"_shiftlockState":true,"_pose":"Running","_animationQueue":[],"_animationSpeed":1.066,"_zoom":20.656},{"_mousePosition":[683,384],"_rootPartCFrame":[771.308,222.7,45.663,-0.919,0,0.395,0,1,0,-0.395,0,-0.919],"_humanoidState":8,"_cameraCFrame":[771.136,244.542,41.675,-0.917,-0.393,0.069,0,0.174,0.985,-0.399,0.903,-0.159],"_shiftlockState":true,"_pose":"Running","_animationQueue":[],"_animationSpeed":1.066,"_zoom":20.656},{"_mousePosition":[683,384],"_rootPartCFrame":[771.063,222.7,45.557,-0.917,0,0.399,0,1,0,-0.399,0,-0.917],"_humanoidState":8,"_cameraCFrame":[770.892,244.542,41.569,-0.917,-0.393,0.069,0,0.174,0.985,-0.399,0.903,-0.159],"_shiftlockState":true,"_pose":"Running","_animationQueue":[],"_animationSpeed":1.066,"_zoom":20.656},{"_mousePosition":[683,384],"_rootPartCFrame":[770.758,222.7,45.424,-0.917,0,0.399,0,1,0,-0.399,0,-0.917],"_humanoidState":8,"_cameraCFrame":[770.586,244.542,41.436,-0.917,-0.393,0.069,0,0.174,0.985,-0.399,0.903,-0.159],"_shiftlockState":true,"_pose":"Running","_animationQueue":[],"_animationSpeed":1.066,"_zoom":20.656},{"_mousePosition":[683,384],"_rootPartCFrame":[770.574,222.7,45.344,-0.917,0,0.399,0,1,0,-0.399,0,-0.917],"_humanoidState":8,"_cameraCFrame":[770.383,244.542,41.357,-0.919,-0.389,0.069,0,0.174,0.985,-0.395,0.905,-0.16],"_shiftlockState":true,"_pose":"Running","_animationQueue":[],"_animationSpeed":1.066,"_zoom":20.656},{"_mousePosition":[683,384],"_rootPartCFrame":[770.269,222.7,45.211,-0.919,0,0.395,0,1,0,-0.395,0,-0.919],"_humanoidState":8,"_cameraCFrame":[770.067,244.542,41.225,-0.92,-0.387,0.068,0,0.174,0.985,-0.392,0.906,-0.16],"_shiftlockState":true,"_pose":"Running","_animationQueue":[["walk",0.1]],"_animationSpeed":1.066,"_zoom":20.656},{"_mousePosition":[683,384],"_rootPartCFrame":[770.085,222.7,45.131,-0.92,0,0.392,0,1,0,-0.392,0,-0.92],"_humanoidState":8,"_cameraCFrame":[769.863,244.542,41.146,-0.922,-0.382,0.067,0,0.174,0.985,-0.388,0.908,-0.16],"_shiftlockState":true,"_pose":"Running","_animationQueue":[],"_animationSpeed":1.066,"_zoom":20.656},{"_mousePosition":[683,384],"_rootPartCFrame":[769.84,222.7,45.027,-0.922,0,0.388,0,1,0,-0.388,0,-0.922],"_humanoidState":8,"_cameraCFrame":[769.618,244.542,41.042,-0.922,-0.382,0.067,0,0.174,0.985,-0.388,0.908,-0.16],"_shiftlockState":true,"_pose":"Running","_animationQueue":[],"_animationSpeed":1.066,"_zoom":20.656},{"_mousePosition":[683,384],"_rootPartCFrame":[769.594,222.7,44.923,-0.922,0,0.388,0,1,0,-0.388,0,-0.922],"_humanoidState":8,"_cameraCFrame":[769.372,244.542,40.938,-0.922,-0.382,0.067,0,0.174,0.985,-0.388,0.908,-0.16],"_shiftlockState":true,"_pose":"Running","_animationQueue":[],"_animationSpeed":1.066,"_zoom":20.656},{"_mousePosition":[683,384],"_rootPartCFrame":[769.348,222.7,44.82,-0.922,0,0.388,0,1,0,-0.388,0,-0.922],"_humanoidState":8,"_cameraCFrame":[769.126,244.542,40.835,-0.922,-0.382,0.067,0,0.174,0.985,-0.388,0.908,-0.16],"_shiftlockState":true,"_pose":"Running","_animationQueue":[],"_animationSpeed":1.066,"_zoom":20.656},{"_mousePosition":[683,384],"_rootPartCFrame":[769.102,222.7,44.716,-0.922,0,0.388,0,1,0,-0.388,0,-0.922],"_humanoidState":8,"_cameraCFrame":[768.881,244.542,40.731,-0.922,-0.382,0.067,0,0.174,0.985,-0.388,0.908,-0.16],"_shiftlockState":true,"_pose":"Running","_animationQueue":[],"_animationSpeed":1.066,"_zoom":20.656},{"_mousePosition":[683,384],"_rootPartCFrame":[768.857,222.7,44.613,-0.922,0,0.388,0,1,0,-0.388,0,-0.922],"_humanoidState":8,"_cameraCFrame":[768.635,244.542,40.628,-0.922,-0.382,0.067,0,0.174,0.985,-0.388,0.908,-0.16],"_shiftlockState":true,"_pose":"Running","_animationQueue":[],"_animationSpeed":1.066,"_zoom":20.656},{"_mousePosition":[683,384],"_rootPartCFrame":[768.549,222.7,44.483,-0.922,0,0.388,0,1,0,-0.388,0,-0.922],"_humanoidState":8,"_cameraCFrame":[768.327,244.542,40.499,-0.922,-0.382,0.067,0,0.174,0.985,-0.388,0.908,-0.16],"_shiftlockState":true,"_pose":"Running","_animationQueue":[["walk",0.1]],"_animationSpeed":1.066,"_zoom":20.656},{"_mousePosition":[683,384],"_rootPartCFrame":[768.303,222.7,44.38,-0.922,0,0.388,0,1,0,-0.388,0,-0.922],"_humanoidState":8,"_cameraCFrame":[768.082,244.542,40.395,-0.922,-0.382,0.067,0,0.174,0.985,-0.388,0.908,-0.16],"_shiftlockState":true,"_pose":"Running","_animationQueue":[],"_animationSpeed":1.066,"_zoom":20.656},{"_mousePosition":[683,384],"_rootPartCFrame":[768.119,222.7,44.302,-0.922,0,0.388,0,1,0,-0.388,0,-0.922],"_humanoidState":8,"_cameraCFrame":[767.897,244.542,40.318,-0.922,-0.382,0.067,0,0.174,0.985,-0.388,0.908,-0.16],"_shiftlockState":true,"_pose":"Running","_animationQueue":[],"_animationSpeed":1.066,"_zoom":20.656},{"_mousePosition":[683,384],"_rootPartCFrame":[767.75,222.7,44.147,-0.922,0,0.388,0,1,0,-0.388,0,-0.922],"_humanoidState":8,"_cameraCFrame":[767.528,244.542,40.162,-0.922,-0.382,0.067,0,0.174,0.985,-0.388,0.908,-0.16],"_shiftlockState":true,"_pose":"Running","_animationQueue":[],"_animationSpeed":1.066,"_zoom":20.656},{"_mousePosition":[683,384],"_rootPartCFrame":[767.627,222.7,44.096,-0.922,0,0.388,0,1,0,-0.388,0,-0.922],"_humanoidState":8,"_cameraCFrame":[767.406,244.542,40.111,-0.922,-0.382,0.067,0,0.174,0.985,-0.388,0.908,-0.16],"_shiftlockState":true,"_pose":"Running","_animationQueue":[],"_animationSpeed":1.066,"_zoom":20.656},{"_mousePosition":[683,384],"_rootPartCFrame":[767.382,222.7,43.992,-0.922,0,0.388,0,1,0,-0.388,0,-0.922],"_humanoidState":8,"_cameraCFrame":[767.16,244.542,40.007,-0.922,-0.382,0.067,0,0.174,0.985,-0.388,0.908,-0.16],"_shiftlockState":true,"_pose":"Running","_animationQueue":[],"_animationSpeed":1.066,"_zoom":20.656},{"_mousePosition":[683,384],"_rootPartCFrame":[767.013,222.7,43.837,-0.922,0,0.388,0,1,0,-0.388,0,-0.922],"_humanoidState":8,"_cameraCFrame":[766.791,244.542,39.852,-0.922,-0.382,0.067,0,0.174,0.985,-0.388,0.908,-0.16],"_shiftlockState":true,"_pose":"Running","_animationQueue":[],"_animationSpeed":1.066,"_zoom":20.656},{"_mousePosition":[683,384],"_rootPartCFrame":[766.767,222.7,43.734,-0.922,0,0.388,0,1,0,-0.388,0,-0.922],"_humanoidState":8,"_cameraCFrame":[766.555,244.542,39.748,-0.921,-0.384,0.068,0,0.174,0.985,-0.39,0.907,-0.16],"_shiftlockState":true,"_pose":"Running","_animationQueue":[["walk",0.1]],"_animationSpeed":1.066,"_zoom":20.656},{"_mousePosition":[683,384],"_rootPartCFrame":[766.521,222.7,43.63,-0.921,0,0.39,0,1,0,-0.39,0,-0.921],"_humanoidState":8,"_cameraCFrame":[766.319,244.542,39.644,-0.92,-0.387,0.068,0,0.174,0.985,-0.392,0.906,-0.16],"_shiftlockState":true,"_pose":"Running","_animationQueue":[],"_animationSpeed":1.066,"_zoom":20.656},{"_mousePosition":[683,384],"_rootPartCFrame":[766.275,222.7,43.526,-0.92,0,0.392,0,1,0,-0.392,0,-0.92],"_humanoidState":8,"_cameraCFrame":[766.084,244.542,39.54,-0.919,-0.389,0.069,0,0.174,0.985,-0.395,0.905,-0.16],"_shiftlockState":true,"_pose":"Running","_animationQueue":[],"_animationSpeed":1.066,"_zoom":20.656},{"_mousePosition":[683,384],"_rootPartCFrame":[766.091,222.7,43.448,-0.919,0,0.395,0,1,0,-0.395,0,-0.919],"_humanoidState":8,"_cameraCFrame":[765.9,244.542,39.461,-0.919,-0.389,0.069,0,0.174,0.985,-0.395,0.905,-0.16],"_shiftlockState":true,"_pose":"Running","_animationQueue":[],"_animationSpeed":1.066,"_zoom":20.656},{"_mousePosition":[683,384],"_rootPartCFrame":[765.846,222.7,43.343,-0.919,0,0.395,0,1,0,-0.395,0,-0.919],"_humanoidState":8,"_cameraCFrame":[765.665,244.542,39.356,-0.918,-0.391,0.069,0,0.174,0.985,-0.397,0.904,-0.159],"_shiftlockState":true,"_pose":"Running","_animationQueue":[],"_animationSpeed":1.066,"_zoom":20.656},{"_mousePosition":[683,384],"_rootPartCFrame":[765.54,222.7,43.211,-0.918,0,0.397,0,1,0,-0.397,0,-0.918],"_humanoidState":8,"_cameraCFrame":[765.379,244.542,39.223,-0.916,-0.396,0.07,0,0.174,0.985,-0.402,0.902,-0.159],"_shiftlockState":true,"_pose":"Running","_animationQueue":[],"_animationSpeed":1.066,"_zoom":20.656},{"_mousePosition":[683,384],"_rootPartCFrame":[765.295,222.7,43.105,-0.916,0,0.402,0,1,0,-0.402,0,-0.916],"_humanoidState":8,"_cameraCFrame":[765.154,244.542,39.117,-0.914,-0.4,0.071,0,0.174,0.985,-0.406,0.9,-0.159],"_shiftlockState":true,"_pose":"Running","_animationQueue":[],"_animationSpeed":1.066,"_zoom":20.656},{"_mousePosition":[683,384],"_rootPartCFrame":[765.051,222.7,42.998,-0.914,0,0.406,0,1,0,-0.406,0,-0.914],"_humanoidState":8,"_cameraCFrame":[764.93,244.542,39.009,-0.912,-0.405,0.071,0,0.174,0.985,-0.411,0.898,-0.158],"_shiftlockState":true,"_pose":"Running","_animationQueue":[["walk",0.1]],"_animationSpeed":1.066,"_zoom":20.656},{"_mousePosition":[683,384],"_rootPartCFrame":[764.807,222.7,42.89,-0.912,0,0.411,0,1,0,-0.411,0,-0.912],"_humanoidState":8,"_cameraCFrame":[764.727,244.542,38.9,-0.907,-0.414,0.073,0,0.174,0.985,-0.42,0.894,-0.158],"_shiftlockState":true,"_pose":"Running","_animationQueue":[],"_animationSpeed":1.066,"_zoom":20.656},{"_mousePosition":[683,384],"_rootPartCFrame":[764.564,222.7,42.781,-0.907,0,0.42,0,1,0,-0.42,0,-0.907],"_humanoidState":8,"_cameraCFrame":[764.534,244.542,38.79,-0.902,-0.425,0.075,0,0.174,0.985,-0.432,0.888,-0.157],"_shiftlockState":true,"_pose":"Running","_animationQueue":[],"_animationSpeed":1.066,"_zoom":20.656},{"_mousePosition":[683,384],"_rootPartCFrame":[764.322,222.7,42.669,-0.902,0,0.432,0,1,0,-0.432,0,-0.902],"_humanoidState":8,"_cameraCFrame":[764.312,244.542,38.678,-0.9,-0.43,0.076,0,0.174,0.985,-0.436,0.886,-0.156],"_shiftlockState":true,"_pose":"Running","_animationQueue":[],"_animationSpeed":1.066,"_zoom":20.656},{"_mousePosition":[683,384],"_rootPartCFrame":[764.081,222.7,42.554,-0.9,0,0.436,0,1,0,-0.436,0,-0.9],"_humanoidState":8,"_cameraCFrame":[764.071,244.542,38.563,-0.9,-0.43,0.076,0,0.174,0.985,-0.436,0.886,-0.156],"_shiftlockState":true,"_pose":"Running","_animationQueue":[],"_animationSpeed":1.066,"_zoom":20.656},{"_mousePosition":[683,384],"_rootPartCFrame":[763.841,222.7,42.438,-0.9,0,0.436,0,1,0,-0.436,0,-0.9],"_humanoidState":8,"_cameraCFrame":[763.831,244.542,38.447,-0.9,-0.43,0.076,0,0.174,0.985,-0.436,0.886,-0.156],"_shiftlockState":true,"_pose":"Running","_animationQueue":[],"_animationSpeed":1.066,"_zoom":20.656},{"_mousePosition":[683,384],"_rootPartCFrame":[763.661,222.7,42.351,-0.9,0,0.436,0,1,0,-0.436,0,-0.9],"_humanoidState":8,"_cameraCFrame":[763.641,244.542,38.36,-0.901,-0.427,0.075,0,0.174,0.985,-0.434,0.887,-0.156],"_shiftlockState":true,"_pose":"Running","_animationQueue":[],"_animationSpeed":1.066,"_zoom":20.656},{"_mousePosition":[683,384],"_rootPartCFrame":[763.361,222.7,42.205,-0.901,0,0.434,0,1,0,-0.434,0,-0.901],"_humanoidState":8,"_cameraCFrame":[763.27,244.542,38.215,-0.908,-0.412,0.073,0,0.174,0.985,-0.418,0.895,-0.158],"_shiftlockState":true,"_pose":"Running","_animationQueue":[["walk",0.1]],"_animationSpeed":1.066,"_zoom":20.656},{"_mousePosition":[683,384],"_rootPartCFrame":[763.121,222.7,42.09,-0.908,0,0.418,0,1,0,-0.418,0,-0.908],"_humanoidState":8,"_cameraCFrame":[762.919,244.542,38.104,-0.92,-0.387,0.068,0,0.174,0.985,-0.392,0.906,-0.16],"_shiftlockState":true,"_pose":"Running","_animationQueue":[],"_animationSpeed":1.066,"_zoom":20.656},{"_mousePosition":[683,384],"_rootPartCFrame":[762.939,222.7,42.006,-0.92,0,0.392,0,1,0,-0.392,0,-0.92],"_humanoidState":8,"_cameraCFrame":[762.576,244.542,38.031,-0.935,-0.35,0.062,0,0.174,0.985,-0.355,0.921,-0.162],"_shiftlockState":true,"_pose":"Running","_animationQueue":[],"_animationSpeed":1.066,"_zoom":20.656},{"_mousePosition":[683,384],"_rootPartCFrame":[762.576,223.991,41.838,-0.935,0,0.355,0,1,0,-0.355,0,-0.935],"_humanoidState":3,"_cameraCFrame":[762.003,245.833,37.888,-0.952,-0.3,0.053,0,0.174,0.985,-0.305,0.938,-0.165],"_shiftlockState":true,"_pose":"Jumping","_animationQueue":[["walk",0.1],["jump",0.1]],"_animationSpeed":1,"_zoom":20.656},{"_mousePosition":[683,384],"_rootPartCFrame":[762.39,224.592,41.764,-0.931,0,0.364,0,1,0,-0.364,0,-0.931],"_humanoidState":5,"_cameraCFrame":[761.588,246.434,37.854,-0.969,-0.245,0.043,0,0.174,0.985,-0.249,0.954,-0.168],"_shiftlockState":true,"_pose":"FreeFall","_animationQueue":[["jump",0.1]],"_animationSpeed":1,"_zoom":20.656},{"_mousePosition":[683,384],"_rootPartCFrame":[762.137,225.346,41.681,-0.93,0,0.368,0,1,0,-0.368,0,-0.93],"_humanoidState":5,"_cameraCFrame":[761.109,247.188,37.824,-0.981,-0.189,0.033,0,0.174,0.985,-0.192,0.966,-0.17],"_shiftlockState":true,"_pose":"FreeFall","_animationQueue":[],"_animationSpeed":1,"_zoom":20.656},{"_mousePosition":[683,384],"_rootPartCFrame":[761.815,226.211,41.595,-0.936,0,0.351,0,1,0,-0.351,0,-0.936],"_humanoidState":5,"_cameraCFrame":[760.564,248.054,37.806,-0.991,-0.133,0.023,0,0.174,0.985,-0.135,0.976,-0.172],"_shiftlockState":true,"_pose":"FreeFall","_animationQueue":[],"_animationSpeed":1,"_zoom":20.656},{"_mousePosition":[683,384],"_rootPartCFrame":[761.554,226.843,41.542,-0.964,0,0.265,0,1,0,-0.265,0,-0.964],"_humanoidState":5,"_cameraCFrame":[760.075,248.685,37.835,-0.997,-0.073,0.013,0,0.174,0.985,-0.074,0.982,-0.173],"_shiftlockState":true,"_pose":"FreeFall","_animationQueue":[],"_animationSpeed":1,"_zoom":20.656},{"_mousePosition":[683,384],"_rootPartCFrame":[761.29,227.419,41.504,-0.979,0,0.206,0,1,0,-0.206,0,-0.979],"_humanoidState":5,"_cameraCFrame":[759.58,249.255,37.858,-1,-0.011,0.002,0,0.176,0.984,-0.011,0.984,-0.176],"_shiftlockState":true,"_pose":"FreeFall","_animationQueue":[],"_animationSpeed":1,"_zoom":20.656},{"_mousePosition":[683,384],"_rootPartCFrame":[761.024,227.942,41.481,-0.99,0,0.144,0,1,0,-0.144,0,-0.99],"_humanoidState":5,"_cameraCFrame":[758.941,249.748,37.869,-0.996,0.089,-0.016,0,0.183,0.983,0.09,0.979,-0.182],"_shiftlockState":true,"_pose":"FreeFall","_animationQueue":[],"_animationSpeed":1,"_zoom":20.656},{"_mousePosition":[683,384],"_rootPartCFrame":[760.758,228.409,41.476,-0.999,0,0.043,0,1,0,-0.043,0,-0.999],"_humanoidState":5,"_cameraCFrame":[758.414,250.194,37.897,-0.987,0.155,-0.03,0,0.189,0.982,0.158,0.97,-0.187],"_shiftlockState":true,"_pose":"FreeFall","_animationQueue":[],"_animationSpeed":1,"_zoom":20.656},{"_mousePosition":[683,384],"_rootPartCFrame":[760.492,228.823,41.492,-1,0,-0.025,0,1,0,0.025,0,-1],"_humanoidState":5,"_cameraCFrame":[757.865,250.568,37.89,-0.974,0.22,-0.045,0,0.199,0.98,0.225,0.955,-0.193],"_shiftlockState":true,"_pose":"FreeFall","_animationQueue":[],"_animationSpeed":1,"_zoom":20.656},{"_mousePosition":[683,384],"_rootPartCFrame":[760.294,229.097,41.52,-0.992,0,-0.127,0,1,0,0.127,0,-0.992],"_humanoidState":5,"_cameraCFrame":[757.377,250.793,37.865,-0.958,0.28,-0.06,0,0.21,0.978,0.286,0.937,-0.201],"_shiftlockState":true,"_pose":"FreeFall","_animationQueue":[],"_animationSpeed":1,"_zoom":20.656},{"_mousePosition":[683,384],"_rootPartCFrame":[759.969,229.486,41.592,-0.992,0,-0.123,0,1,0,0.123,0,-0.992],"_humanoidState":5,"_cameraCFrame":[756.776,251.138,37.927,-0.94,0.333,-0.075,0,0.219,0.976,0.341,0.917,-0.206],"_shiftlockState":true,"_pose":"FreeFall","_animationQueue":[],"_animationSpeed":1,"_zoom":20.656},{"_mousePosition":[683,384],"_rootPartCFrame":[759.712,229.736,41.665,-0.977,0,-0.213,0,1,0,0.213,0,-0.977],"_humanoidState":5,"_cameraCFrame":[756.278,251.352,38.022,-0.921,0.378,-0.088,0,0.227,0.974,0.388,0.897,-0.209],"_shiftlockState":true,"_pose":"FreeFall","_animationQueue":[],"_animationSpeed":1,"_zoom":20.656},{"_mousePosition":[683,384],"_rootPartCFrame":[759.461,229.931,41.754,-0.965,0,-0.263,0,1,0,0.263,0,-0.965],"_humanoidState":5,"_cameraCFrame":[755.813,251.52,38.165,-0.903,0.418,-0.1,0,0.233,0.973,0.43,0.878,-0.21],"_shiftlockState":true,"_pose":"FreeFall","_animationQueue":[],"_animationSpeed":1,"_zoom":20.656},{"_mousePosition":[683,384],"_rootPartCFrame":[759.276,230.042,41.83,-0.941,0,-0.338,0,1,0,0.338,0,-0.941],"_humanoidState":5,"_cameraCFrame":[755.486,251.63,38.392,-0.885,0.453,-0.109,0,0.233,0.973,0.466,0.86,-0.206],"_shiftlockState":true,"_pose":"FreeFall","_animationQueue":[],"_animationSpeed":1,"_zoom":20.656},{"_mousePosition":[683,384],"_rootPartCFrame":[758.974,230.158,41.971,-0.95,0,-0.313,0,1,0,0.313,0,-0.95],"_humanoidState":5,"_cameraCFrame":[755.073,251.747,38.66,-0.869,0.481,-0.115,0,0.233,0.973,0.495,0.845,-0.202],"_shiftlockState":true,"_pose":"FreeFall","_animationQueue":[],"_animationSpeed":1,"_zoom":20.656},{"_mousePosition":[683,384],"_rootPartCFrame":[758.738,230.19,42.094,-0.927,0,-0.375,0,1,0,0.375,0,-0.927],"_humanoidState":5,"_cameraCFrame":[754.774,251.788,38.916,-0.856,0.503,-0.119,0,0.231,0.973,0.517,0.833,-0.198],"_shiftlockState":true,"_pose":"FreeFall","_animationQueue":[],"_animationSpeed":1,"_zoom":20.656},{"_mousePosition":[683,384],"_rootPartCFrame":[758.505,230.167,42.225,-0.917,0,-0.399,0,1,0,0.399,0,-0.917],"_humanoidState":5,"_cameraCFrame":[754.484,251.774,39.181,-0.843,0.524,-0.123,0,0.229,0.973,0.538,0.82,-0.193],"_shiftlockState":true,"_pose":"FreeFall","_animationQueue":[],"_animationSpeed":1,"_zoom":20.656},{"_mousePosition":[683,384],"_rootPartCFrame":[758.276,230.09,42.362,-0.907,0,-0.422,0,1,0,0.422,0,-0.907],"_humanoidState":5,"_cameraCFrame":[754.261,251.706,39.371,-0.84,0.528,-0.123,0,0.227,0.974,0.543,0.818,-0.191],"_shiftlockState":true,"_pose":"FreeFall","_animationQueue":[["fall",0.3]],"_animationSpeed":1,"_zoom":20.656},{"_mousePosition":[683,384],"_rootPartCFrame":[758.051,229.958,42.505,-0.905,0,-0.426,0,1,0,0.426,0,-0.905],"_humanoidState":5,"_cameraCFrame":[754.006,251.574,39.555,-0.834,0.537,-0.125,0,0.227,0.974,0.551,0.813,-0.19],"_shiftlockState":true,"_pose":"FreeFall","_animationQueue":[],"_animationSpeed":1,"_zoom":20.656},{"_mousePosition":[683,384],"_rootPartCFrame":[757.883,229.823,42.613,-0.885,0,-0.465,0,1,0,0.465,0,-0.885],"_humanoidState":5,"_cameraCFrame":[753.838,251.44,39.663,-0.834,0.537,-0.125,0,0.227,0.974,0.551,0.813,-0.19],"_shiftlockState":true,"_pose":"FreeFall","_animationQueue":[],"_animationSpeed":1,"_zoom":20.656},{"_mousePosition":[683,384],"_rootPartCFrame":[757.605,229.531,42.796,-0.914,0,-0.405,0,1,0,0.405,0,-0.914],"_humanoidState":5,"_cameraCFrame":[753.581,251.157,39.879,-0.834,0.537,-0.124,0,0.225,0.974,0.551,0.813,-0.188],"_shiftlockState":true,"_pose":"FreeFall","_animationQueue":[],"_animationSpeed":1,"_zoom":20.656},{"_mousePosition":[683,384],"_rootPartCFrame":[757.438,229.315,42.907,-0.885,0,-0.465,0,1,0,0.465,0,-0.885],"_humanoidState":5,"_cameraCFrame":[753.414,250.94,39.989,-0.834,0.537,-0.124,0,0.225,0.974,0.551,0.813,-0.188],"_shiftlockState":true,"_pose":"FreeFall","_animationQueue":[],"_animationSpeed":1,"_zoom":20.656},{"_mousePosition":[683,384],"_rootPartCFrame":[757.215,228.979,43.054,-0.9,0,-0.435,0,1,0,0.435,0,-0.9],"_humanoidState":5,"_cameraCFrame":[753.243,250.613,40.129,-0.84,0.529,-0.121,0,0.223,0.975,0.543,0.819,-0.188],"_shiftlockState":true,"_pose":"FreeFall","_animationQueue":[],"_animationSpeed":1,"_zoom":20.656},{"_mousePosition":[683,384],"_rootPartCFrame":[756.993,228.588,43.201,-0.905,0,-0.426,0,1,0,0.426,0,-0.905],"_humanoidState":5,"_cameraCFrame":[753.111,250.223,40.156,-0.856,0.504,-0.115,0,0.223,0.975,0.517,0.834,-0.191],"_shiftlockState":true,"_pose":"FreeFall","_animationQueue":[],"_animationSpeed":1,"_zoom":20.656},{"_mousePosition":[683,384],"_rootPartCFrame":[756.713,228.023,43.382,-0.93,0,-0.368,0,1,0,0.368,0,-0.93],"_humanoidState":5,"_cameraCFrame":[752.99,249.658,40.145,-0.881,0.461,-0.106,0,0.223,0.975,0.473,0.859,-0.197],"_shiftlockState":true,"_pose":"FreeFall","_animationQueue":[["fall",0.3]],"_animationSpeed":1,"_zoom":20.656},{"_mousePosition":[683,384],"_rootPartCFrame":[756.486,227.51,43.521,-0.936,0,-0.352,0,1,0,0.352,0,-0.936],"_humanoidState":5,"_cameraCFrame":[753.052,249.153,40.029,-0.917,0.39,-0.089,0,0.221,0.975,0.4,0.894,-0.203],"_shiftlockState":true,"_pose":"FreeFall","_animationQueue":[],"_animationSpeed":1,"_zoom":20.656},{"_mousePosition":[683,384],"_rootPartCFrame":[756.252,226.942,43.648,-0.962,0,-0.275,0,1,0,0.275,0,-0.962],"_humanoidState":5,"_cameraCFrame":[753.213,248.603,39.903,-0.952,0.298,-0.066,0,0.218,0.976,0.305,0.929,-0.207],"_shiftlockState":true,"_pose":"FreeFall","_animationQueue":[],"_animationSpeed":1,"_zoom":20.656},{"_mousePosition":[683,384],"_rootPartCFrame":[756.009,226.32,43.759,-0.984,0,-0.176,0,1,0,0.176,0,-0.984],"_humanoidState":5,"_cameraCFrame":[753.429,248.007,39.815,-0.98,0.193,-0.042,0,0.212,0.977,0.198,0.958,-0.208],"_shiftlockState":true,"_pose":"FreeFall","_animationQueue":[],"_animationSpeed":1,"_zoom":20.656},{"_mousePosition":[683,384],"_rootPartCFrame":[755.758,225.643,43.848,-0.998,0,-0.066,0,1,0,0.066,0,-0.998],"_humanoidState":5,"_cameraCFrame":[753.642,247.356,39.758,-0.996,0.086,-0.018,0,0.206,0.979,0.088,0.975,-0.205],"_shiftlockState":true,"_pose":"FreeFall","_animationQueue":[],"_animationSpeed":1,"_zoom":20.656},{"_mousePosition":[683,384],"_rootPartCFrame":[755.499,224.912,43.909,-0.999,0,0.046,0,1,0,-0.046,0,-0.999],"_humanoidState":5,"_cameraCFrame":[753.825,246.665,39.816,-1,-0.018,0.004,0,0.197,0.98,-0.019,0.98,-0.197],"_shiftlockState":true,"_pose":"FreeFall","_animationQueue":[],"_animationSpeed":1,"_zoom":20.656},{"_mousePosition":[683,384],"_rootPartCFrame":[755.235,224.126,43.942,-0.988,0,0.151,0,1,0,-0.151,0,-0.988],"_humanoidState":5,"_cameraCFrame":[754.071,245.933,39.938,-0.989,-0.147,0.027,0,0.183,0.983,-0.15,0.972,-0.181],"_shiftlockState":true,"_pose":"FreeFall","_animationQueue":[],"_animationSpeed":1,"_zoom":20.656},{"_mousePosition":[683,384],"_rootPartCFrame":[754.968,223.286,43.946,-0.96,0,0.28,0,1,0,-0.28,0,-0.96],"_humanoidState":5,"_cameraCFrame":[754.037,245.121,40.029,-0.977,-0.211,0.038,0,0.176,0.984,-0.214,0.962,-0.171],"_shiftlockState":true,"_pose":"FreeFall","_animationQueue":[["fall",0.3]],"_animationSpeed":1,"_zoom":20.656},{"_mousePosition":[683,384],"_rootPartCFrame":[754.704,222.502,43.911,-0.967,0,0.254,0,1,0,-0.254,0,-0.967],"_humanoidState":7,"_cameraCFrame":[753.942,244.345,39.994,-0.966,-0.255,0.045,0,0.174,0.985,-0.259,0.951,-0.168],"_shiftlockState":true,"_pose":"FreeFall","_animationQueue":[["walk",0.1],["fall",0.3],["fall",0.3]],"_animationSpeed":1,"_zoom":20.656},{"_mousePosition":[683,384],"_rootPartCFrame":[754.508,222.438,43.871,-0.965,0,0.263,0,1,0,-0.263,0,-0.965],"_humanoidState":7,"_cameraCFrame":[753.865,244.28,39.932,-0.958,-0.283,0.05,0,0.174,0.985,-0.288,0.943,-0.166],"_shiftlockState":true,"_pose":"FreeFall","_animationQueue":[],"_animationSpeed":1,"_zoom":20.656},{"_mousePosition":[683,384],"_rootPartCFrame":[754.25,222.523,43.804,-0.957,0,0.289,0,1,0,-0.289,0,-0.957],"_humanoidState":7,"_cameraCFrame":[753.657,244.365,39.857,-0.954,-0.295,0.052,0,0.174,0.985,-0.3,0.939,-0.166],"_shiftlockState":true,"_pose":"FreeFall","_animationQueue":[],"_animationSpeed":1,"_zoom":20.656},{"_mousePosition":[683,384],"_rootPartCFrame":[753.867,222.624,43.69,-0.954,0,0.3,0,1,0,-0.3,0,-0.954],"_humanoidState":8,"_cameraCFrame":[753.274,244.466,39.743,-0.954,-0.295,0.052,0,0.174,0.985,-0.3,0.939,-0.166],"_shiftlockState":true,"_pose":"Running","_animationQueue":[["walk",0.1],["fall",0.3],["walk",0.1]],"_animationSpeed":1.103,"_zoom":20.656},{"_mousePosition":[683,384],"_rootPartCFrame":[753.612,222.659,43.61,-0.954,0,0.3,0,1,0,-0.3,0,-0.954],"_humanoidState":8,"_cameraCFrame":[753.019,244.501,39.664,-0.954,-0.295,0.052,0,0.174,0.985,-0.3,0.939,-0.166],"_shiftlockState":true,"_pose":"Running","_animationQueue":[],"_animationSpeed":1.103,"_zoom":20.656},{"_mousePosition":[683,384],"_rootPartCFrame":[753.358,223.522,43.531,-0.954,0,0.3,0,1,0,-0.3,0,-0.954],"_humanoidState":3,"_cameraCFrame":[752.765,245.364,39.584,-0.954,-0.295,0.052,0,0.174,0.985,-0.3,0.939,-0.166],"_shiftlockState":true,"_pose":"Jumping","_animationQueue":[["walk",0.1],["walk",0.1],["jump",0.1]],"_animationSpeed":1,"_zoom":20.656},{"_mousePosition":[683,384],"_rootPartCFrame":[753.167,224.133,43.471,-0.933,0,0.359,0,1,0,-0.359,0,-0.933],"_humanoidState":5,"_cameraCFrame":[752.574,245.976,39.524,-0.954,-0.295,0.052,0,0.174,0.985,-0.3,0.939,-0.166],"_shiftlockState":true,"_pose":"FreeFall","_animationQueue":[["jump",0.1]],"_animationSpeed":1,"_zoom":20.656},{"_mousePosition":[683,384],"_rootPartCFrame":[752.913,224.901,43.391,-0.909,0,0.417,0,1,0,-0.417,0,-0.909],"_humanoidState":5,"_cameraCFrame":[752.319,246.743,39.444,-0.954,-0.295,0.052,0,0.174,0.985,-0.3,0.939,-0.166],"_shiftlockState":true,"_pose":"FreeFall","_animationQueue":[],"_animationSpeed":1,"_zoom":20.656},{"_mousePosition":[683,384],"_rootPartCFrame":[752.659,225.614,43.311,-0.906,0,0.423,0,1,0,-0.423,0,-0.906],"_humanoidState":5,"_cameraCFrame":[752.065,247.456,39.364,-0.954,-0.295,0.052,0,0.174,0.985,-0.3,0.939,-0.166],"_shiftlockState":true,"_pose":"FreeFall","_animationQueue":[],"_animationSpeed":1,"_zoom":20.656},{"_mousePosition":[683,384],"_rootPartCFrame":[752.404,226.272,43.231,-0.906,0,0.424,0,1,0,-0.424,0,-0.906],"_humanoidState":5,"_cameraCFrame":[751.821,248.115,39.282,-0.953,-0.298,0.053,0,0.174,0.985,-0.302,0.939,-0.166],"_shiftlockState":true,"_pose":"FreeFall","_animationQueue":[],"_animationSpeed":1,"_zoom":20.656},{"_mousePosition":[683,384],"_rootPartCFrame":[752.086,227.019,43.131,-0.89,0,0.456,0,1,0,-0.456,0,-0.89],"_humanoidState":5,"_cameraCFrame":[751.463,248.861,39.189,-0.956,-0.288,0.051,0,0.174,0.985,-0.293,0.942,-0.166],"_shiftlockState":true,"_pose":"FreeFall","_animationQueue":[],"_animationSpeed":1,"_zoom":20.656},{"_mousePosition":[683,384],"_rootPartCFrame":[751.832,227.555,43.05,-0.909,0,0.417,0,1,0,-0.417,0,-0.909],"_humanoidState":5,"_cameraCFrame":[751.139,249.397,39.12,-0.961,-0.272,0.048,0,0.174,0.985,-0.276,0.947,-0.167],"_shiftlockState":true,"_pose":"FreeFall","_animationQueue":[],"_animationSpeed":1,"_zoom":20.656},{"_mousePosition":[683,384],"_rootPartCFrame":[751.641,227.921,42.991,-0.929,0,0.37,0,1,0,-0.37,0,-0.929],"_humanoidState":5,"_cameraCFrame":[750.829,249.763,39.084,-0.969,-0.243,0.043,0,0.174,0.985,-0.246,0.954,-0.168],"_shiftlockState":true,"_pose":"FreeFall","_animationQueue":[],"_animationSpeed":1,"_zoom":20.656},{"_mousePosition":[683,384],"_rootPartCFrame":[751.321,228.463,42.899,-0.915,0,0.404,0,1,0,-0.404,0,-0.915],"_humanoidState":5,"_cameraCFrame":[750.351,250.305,39.027,-0.978,-0.204,0.036,0,0.174,0.985,-0.207,0.963,-0.17],"_shiftlockState":true,"_pose":"FreeFall","_animationQueue":[],"_animationSpeed":1,"_zoom":20.656},{"_mousePosition":[683,384],"_rootPartCFrame":[751.063,228.835,42.832,-0.942,0,0.335,0,1,0,-0.335,0,-0.942],"_humanoidState":5,"_cameraCFrame":[749.898,250.678,39.014,-0.988,-0.155,0.027,0,0.174,0.985,-0.157,0.973,-0.171],"_shiftlockState":true,"_pose":"FreeFall","_animationQueue":[],"_animationSpeed":1,"_zoom":20.656},{"_mousePosition":[683,384],"_rootPartCFrame":[750.802,229.153,42.775,-0.958,0,0.287,0,1,0,-0.287,0,-0.958],"_humanoidState":5,"_cameraCFrame":[749.418,250.996,39.032,-0.995,-0.098,0.017,0,0.174,0.985,-0.099,0.98,-0.173],"_shiftlockState":true,"_pose":"FreeFall","_animationQueue":[],"_animationSpeed":1,"_zoom":20.656},{"_mousePosition":[683,384],"_rootPartCFrame":[750.539,229.417,42.731,-0.973,0,0.231,0,1,0,-0.231,0,-0.973],"_humanoidState":5,"_cameraCFrame":[748.949,251.259,39.071,-0.999,-0.043,0.008,0,0.174,0.985,-0.044,0.984,-0.173],"_shiftlockState":true,"_pose":"FreeFall","_animationQueue":[],"_animationSpeed":1,"_zoom":20.656},{"_mousePosition":[683,384],"_rootPartCFrame":[750.34,229.578,42.709,-0.99,0,0.143,0,1,0,-0.143,0,-0.99],"_humanoidState":5,"_cameraCFrame":[748.549,251.421,39.143,-1,0.012,-0.002,0,0.174,0.985,0.012,0.985,-0.174],"_shiftlockState":true,"_pose":"FreeFall","_animationQueue":[],"_animationSpeed":1,"_zoom":20.656},{"_mousePosition":[683,384],"_rootPartCFrame":[750.008,229.78,42.692,-0.988,0,0.154,0,1,0,-0.154,0,-0.988],"_humanoidState":5,"_cameraCFrame":[748.02,251.622,39.231,-0.998,0.066,-0.012,0,0.174,0.985,0.067,0.983,-0.173],"_shiftlockState":true,"_pose":"FreeFall","_animationQueue":[],"_animationSpeed":1,"_zoom":20.656},{"_mousePosition":[683,384],"_rootPartCFrame":[749.741,229.88,42.693,-0.998,0,0.066,0,1,0,-0.066,0,-0.998],"_humanoidState":5,"_cameraCFrame":[747.564,251.722,39.348,-0.992,0.121,-0.021,0,0.174,0.985,0.123,0.977,-0.172],"_shiftlockState":true,"_pose":"FreeFall","_animationQueue":[],"_animationSpeed":1,"_zoom":20.656},{"_mousePosition":[683,384],"_rootPartCFrame":[749.475,229.925,42.709,-1,0,0.01,0,1,0,-0.01,0,-1],"_humanoidState":5,"_cameraCFrame":[747.093,251.754,39.418,-0.984,0.177,-0.032,0,0.177,0.984,0.18,0.968,-0.175],"_shiftlockState":true,"_pose":"FreeFall","_animationQueue":[],"_animationSpeed":1,"_zoom":20.656},{"_mousePosition":[683,384],"_rootPartCFrame":[749.21,229.916,42.739,-0.999,0,-0.048,0,1,0,0.048,0,-0.999],"_humanoidState":5,"_cameraCFrame":[746.589,251.73,39.542,-0.969,0.243,-0.045,0,0.181,0.983,0.247,0.953,-0.176],"_shiftlockState":true,"_pose":"FreeFall","_animationQueue":[],"_animationSpeed":1,"_zoom":20.656},{"_mousePosition":[683,384],"_rootPartCFrame":[748.947,229.853,42.785,-0.993,0,-0.116,0,1,0,0.116,0,-0.993],"_humanoidState":5,"_cameraCFrame":[745.911,251.621,39.669,-0.936,0.344,-0.068,0,0.193,0.981,0.351,0.919,-0.181],"_shiftlockState":true,"_pose":"FreeFall","_animationQueue":[],"_animationSpeed":1,"_zoom":20.656},{"_mousePosition":[683,384],"_rootPartCFrame":[748.688,229.734,42.847,-0.975,0,-0.223,0,1,0,0.223,0,-0.975],"_humanoidState":5,"_cameraCFrame":[745.358,251.471,39.828,-0.907,0.412,-0.084,0,0.2,0.98,0.421,0.889,-0.182],"_shiftlockState":true,"_pose":"FreeFall","_animationQueue":[],"_animationSpeed":1,"_zoom":20.656},{"_mousePosition":[683,384],"_rootPartCFrame":[748.436,229.562,42.933,-0.955,0,-0.297,0,1,0,0.297,0,-0.955],"_humanoidState":5,"_cameraCFrame":[744.81,251.266,40.037,-0.873,0.478,-0.102,0,0.208,0.978,0.488,0.854,-0.182],"_shiftlockState":true,"_pose":"FreeFall","_animationQueue":[],"_animationSpeed":1,"_zoom":20.656},{"_mousePosition":[683,384],"_rootPartCFrame":[748.192,229.335,43.041,-0.93,0,-0.368,0,1,0,0.368,0,-0.93],"_humanoidState":5,"_cameraCFrame":[744.291,251.005,40.268,-0.837,0.534,-0.118,0,0.216,0.976,0.547,0.818,-0.181],"_shiftlockState":true,"_pose":"FreeFall","_animationQueue":[["fall",0.3]],"_animationSpeed":1,"_zoom":20.656},{"_mousePosition":[683,384],"_rootPartCFrame":[747.958,229.053,43.167,-0.902,0,-0.431,0,1,0,0.431,0,-0.902],"_humanoidState":5,"_cameraCFrame":[743.818,250.697,40.552,-0.801,0.584,-0.133,0,0.221,0.975,0.599,0.781,-0.177],"_shiftlockState":true,"_pose":"FreeFall","_animationQueue":[],"_animationSpeed":1,"_zoom":20.656},{"_mousePosition":[683,384],"_rootPartCFrame":[747.788,228.806,43.274,-0.857,0,-0.516,0,1,0,0.516,0,-0.857],"_humanoidState":5,"_cameraCFrame":[743.484,250.441,40.863,-0.766,0.626,-0.143,0,0.223,0.975,0.642,0.747,-0.171],"_shiftlockState":true,"_pose":"FreeFall","_animationQueue":[],"_animationSpeed":1,"_zoom":20.656},{"_mousePosition":[683,384],"_rootPartCFrame":[747.52,228.326,43.471,-0.862,0,-0.506,0,1,0,0.506,0,-0.862],"_humanoidState":5,"_cameraCFrame":[743.121,249.961,41.236,-0.74,0.656,-0.15,0,0.223,0.975,0.673,0.721,-0.165],"_shiftlockState":true,"_pose":"FreeFall","_animationQueue":[],"_animationSpeed":1,"_zoom":20.656},{"_mousePosition":[683,384],"_rootPartCFrame":[747.314,227.881,43.64,-0.823,0,-0.569,0,1,0,0.569,0,-0.823],"_humanoidState":5,"_cameraCFrame":[742.855,249.516,41.529,-0.721,0.676,-0.155,0,0.223,0.975,0.693,0.703,-0.161],"_shiftlockState":true,"_pose":"FreeFall","_animationQueue":[],"_animationSpeed":1,"_zoom":20.656},{"_mousePosition":[683,384],"_rootPartCFrame":[747.115,227.382,43.818,-0.806,0,-0.591,0,1,0,0.591,0,-0.806],"_humanoidState":5,"_cameraCFrame":[742.63,249.016,41.763,-0.712,0.684,-0.157,0,0.223,0.975,0.702,0.694,-0.159],"_shiftlockState":true,"_pose":"FreeFall","_animationQueue":[],"_animationSpeed":1,"_zoom":20.656},{"_mousePosition":[683,384],"_rootPartCFrame":[746.922,226.828,44.002,-0.799,0,-0.601,0,1,0,0.601,0,-0.799],"_humanoidState":5,"_cameraCFrame":[742.438,248.462,41.947,-0.712,0.684,-0.157,0,0.223,0.975,0.702,0.694,-0.159],"_shiftlockState":true,"_pose":"FreeFall","_animationQueue":[["fall",0.3]],"_animationSpeed":1,"_zoom":20.656},{"_mousePosition":[683,384],"_rootPartCFrame":[746.732,226.219,44.189,-0.799,0,-0.601,0,1,0,0.601,0,-0.799],"_humanoidState":5,"_cameraCFrame":[742.247,247.854,42.134,-0.712,0.684,-0.157,0,0.223,0.975,0.702,0.694,-0.159],"_shiftlockState":true,"_pose":"FreeFall","_animationQueue":[],"_animationSpeed":1,"_zoom":20.656},{"_mousePosition":[683,384],"_rootPartCFrame":[746.542,225.556,44.377,-0.799,0,-0.601,0,1,0,0.601,0,-0.799],"_humanoidState":5,"_cameraCFrame":[742.105,247.191,42.22,-0.728,0.669,-0.153,0,0.223,0.975,0.686,0.709,-0.163],"_shiftlockState":true,"_pose":"FreeFall","_animationQueue":[],"_animationSpeed":1,"_zoom":20.656},{"_mousePosition":[683,384],"_rootPartCFrame":[746.352,224.838,44.564,-0.812,0,-0.583,0,1,0,0.583,0,-0.812],"_humanoidState":5,"_cameraCFrame":[742.042,246.473,42.164,-0.765,0.628,-0.144,0,0.223,0.975,0.644,0.745,-0.171],"_shiftlockState":true,"_pose":"FreeFall","_animationQueue":[],"_animationSpeed":1,"_zoom":20.656},{"_mousePosition":[683,384],"_rootPartCFrame":[746.159,224.066,44.747,-0.844,0,-0.537,0,1,0,0.537,0,-0.844],"_humanoidState":5,"_cameraCFrame":[742.092,245.701,41.955,-0.822,0.556,-0.127,0,0.223,0.975,0.57,0.801,-0.183],"_shiftlockState":true,"_pose":"FreeFall","_animationQueue":[],"_animationSpeed":1,"_zoom":20.656},{"_mousePosition":[683,384],"_rootPartCFrame":[745.956,223.24,44.921,-0.89,0,-0.456,0,1,0,0.456,0,-0.89],"_humanoidState":5,"_cameraCFrame":[742.283,244.874,41.628,-0.888,0.448,-0.103,0,0.223,0.975,0.459,0.866,-0.198],"_shiftlockState":true,"_pose":"FreeFall","_animationQueue":[],"_animationSpeed":1,"_zoom":20.656},{"_mousePosition":[683,384],"_rootPartCFrame":[745.794,222.584,45.038,-0.905,0,-0.426,0,1,0,0.426,0,-0.905],"_humanoidState":7,"_cameraCFrame":[742.722,244.227,41.225,-0.951,0.3,-0.068,0,0.221,0.975,0.308,0.928,-0.211],"_shiftlockState":true,"_pose":"FreeFall","_animationQueue":[["walk",0.1],["fall",0.3],["fall",0.3]],"_animationSpeed":1,"_zoom":20.656},{"_mousePosition":[683,384],"_rootPartCFrame":[745.56,222.416,45.165,-0.956,0,-0.294,0,1,0,0.294,0,-0.956],"_humanoidState":7,"_cameraCFrame":[