[{"_mousePosition":[684,339],"_rootPartCFrame":[776.023,222.7,47.142,0.004,0,1,0,1,0,-1,0,0.004],"_humanoidState":8,"_cameraCFrame":[777.855,239.285,41.745,-0.947,-0.301,0.114,0,0.353,0.935,-0.322,0.886,-0.335],"_shiftlockState":false,"_pose":"Standing","_animationQueue":[],"_animationSpeed":1,"_zoom":16.125},{"_mousePosition":[684,339],"_rootPartCFrame":[775.86,222.7,47.087,0.036,0,0.999,0,1,0,-0.999,0,0.036],"_humanoidState":8,"_cameraCFrame":[777.693,239.284,41.69,-0.947,-0.301,0.114,0,0.353,0.935,-0.322,0.886,-0.335],"_shiftlockState":false,"_pose":"Standing","_animationQueue":[],"_animationSpeed":1,"_zoom":16.125},{"_mousePosition":[684,339],"_rootPartCFrame":[775.61,222.7,47.002,0.075,0,0.997,0,1,0,-0.997,0,0.075],"_humanoidState":8,"_cameraCFrame":[777.442,239.284,41.605,-0.947,-0.301,0.114,0,0.353,0.935,-0.322,0.886,-0.335],"_shiftlockState":false,"_pose":"Running","_animationQueue":[["walk",0.1]],"_animationSpeed":1.003,"_zoom":16.125},{"_mousePosition":[684,339],"_rootPartCFrame":[775.357,222.7,46.916,0.109,0,0.994,0,1,0,-0.994,0,0.109],"_humanoidState":8,"_cameraCFrame":[777.184,239.306,41.58,-0.946,-0.303,0.113,0,0.35,0.937,-0.324,0.886,-0.331],"_shiftlockState":false,"_pose":"Running","_animationQueue":[["walk",0.1]],"_animationSpeed":1.101,"_zoom":16.125},{"_mousePosition":[684,339],"_rootPartCFrame":[775.105,222.7,46.831,0.138,0,0.99,0,1,0,-0.99,0,0.138],"_humanoidState":8,"_cameraCFrame":[776.903,239.339,41.578,-0.946,-0.304,0.112,0,0.344,0.939,-0.324,0.888,-0.326],"_shiftlockState":false,"_pose":"Running","_animationQueue":[],"_animationSpeed":1.101,"_zoom":16.125},{"_mousePosition":[684,339],"_rootPartCFrame":[774.852,222.7,46.744,0.164,0,0.987,0,1,0,-0.987,0,0.164],"_humanoidState":8,"_cameraCFrame":[776.612,239.381,41.603,-0.946,-0.305,0.109,0,0.337,0.942,-0.324,0.891,-0.319],"_shiftlockState":false,"_pose":"Running","_animationQueue":[],"_animationSpeed":1.101,"_zoom":16.125},{"_mousePosition":[684,339],"_rootPartCFrame":[774.6,222.7,46.658,0.186,0,0.983,0,1,0,-0.983,0,0.186],"_humanoidState":8,"_cameraCFrame":[776.312,239.434,41.657,-0.946,-0.306,0.106,0,0.328,0.945,-0.324,0.894,-0.31],"_shiftlockState":false,"_pose":"Running","_animationQueue":[["walk",0.1]],"_animationSpeed":1.101,"_zoom":16.125},{"_mousePosition":[684,339],"_rootPartCFrame":[774.348,222.7,46.571,0.205,0,0.979,0,1,0,-0.979,0,0.205],"_humanoidState":8,"_cameraCFrame":[776.002,239.494,41.74,-0.946,-0.307,0.103,0,0.317,0.949,-0.324,0.897,-0.3],"_shiftlockState":false,"_pose":"Running","_animationQueue":[],"_animationSpeed":1.101,"_zoom":16.125},{"_mousePosition":[684,339],"_rootPartCFrame":[774.095,222.7,46.485,0.221,0,0.975,0,1,0,-0.975,0,0.221],"_humanoidState":8,"_cameraCFrame":[775.701,239.543,41.795,-0.946,-0.308,0.1,0,0.307,0.952,-0.324,0.9,-0.291],"_shiftlockState":false,"_pose":"Running","_animationQueue":[],"_animationSpeed":1.101,"_zoom":16.125},{"_mousePosition":[684,339],"_rootPartCFrame":[773.843,222.7,46.399,0.235,0,0.972,0,1,0,-0.972,0,0.235],"_humanoidState":8,"_cameraCFrame":[775.41,239.582,41.821,-0.946,-0.309,0.097,0,0.3,0.954,-0.324,0.902,-0.284],"_shiftlockState":false,"_pose":"Running","_animationQueue":[],"_animationSpeed":1.101,"_zoom":16.125},{"_mousePosition":[684,339],"_rootPartCFrame":[773.591,222.7,46.312,0.247,0,0.969,0,1,0,-0.969,0,0.247],"_humanoidState":8,"_cameraCFrame":[775.138,239.6,41.792,-0.946,-0.309,0.096,0,0.296,0.955,-0.324,0.904,-0.28],"_shiftlockState":false,"_pose":"Running","_animationQueue":[],"_animationSpeed":1.101,"_zoom":16.125},{"_mousePosition":[684,339],"_rootPartCFrame":[773.338,222.7,46.226,0.258,0,0.966,0,1,0,-0.966,0,0.258],"_humanoidState":8,"_cameraCFrame":[774.858,239.637,41.823,-0.945,-0.312,0.094,0,0.289,0.957,-0.326,0.905,-0.273],"_shiftlockState":false,"_pose":"Running","_animationQueue":[],"_animationSpeed":1.101,"_zoom":16.125},{"_mousePosition":[684,339],"_rootPartCFrame":[773.086,222.7,46.14,0.267,0,0.964,0,1,0,-0.964,0,0.267],"_humanoidState":8,"_cameraCFrame":[774.606,239.637,41.737,-0.945,-0.312,0.094,0,0.289,0.957,-0.326,0.905,-0.273],"_shiftlockState":false,"_pose":"Running","_animationQueue":[["walk",0.1]],"_animationSpeed":1.101,"_zoom":16.125},{"_mousePosition":[684,339],"_rootPartCFrame":[772.834,222.7,46.053,0.275,0,0.961,0,1,0,-0.961,0,0.275],"_humanoidState":8,"_cameraCFrame":[774.334,239.655,41.707,-0.945,-0.313,0.093,0,0.285,0.958,-0.326,0.906,-0.27],"_shiftlockState":false,"_pose":"Running","_animationQueue":[],"_animationSpeed":1.101,"_zoom":16.125},{"_mousePosition":[684,339],"_rootPartCFrame":[772.582,222.7,45.966,0.282,0,0.959,0,1,0,-0.959,0,0.282],"_humanoidState":8,"_cameraCFrame":[774.053,239.682,41.705,-0.945,-0.313,0.091,0,0.28,0.96,-0.326,0.908,-0.264],"_shiftlockState":false,"_pose":"Running","_animationQueue":[],"_animationSpeed":1.101,"_zoom":16.125},{"_mousePosition":[684,339],"_rootPartCFrame":[772.33,222.7,45.879,0.288,0,0.958,0,1,0,-0.958,0,0.288],"_humanoidState":8,"_cameraCFrame":[773.771,239.708,41.704,-0.945,-0.314,0.089,0,0.274,0.962,-0.326,0.909,-0.259],"_shiftlockState":false,"_pose":"Running","_animationQueue":[],"_animationSpeed":1.101,"_zoom":16.125},{"_mousePosition":[684,339],"_rootPartCFrame":[772.078,222.7,45.792,0.293,0,0.956,0,1,0,-0.956,0,0.293],"_humanoidState":8,"_cameraCFrame":[773.449,239.742,41.72,-0.948,-0.308,0.085,0,0.266,0.964,-0.319,0.913,-0.252],"_shiftlockState":false,"_pose":"Running","_animationQueue":[],"_animationSpeed":1.101,"_zoom":16.125},{"_mousePosition":[684,339],"_rootPartCFrame":[771.826,222.7,45.705,0.298,0,0.955,0,1,0,-0.955,0,0.298],"_humanoidState":8,"_cameraCFrame":[773.108,239.783,41.764,-0.951,-0.299,0.08,0,0.257,0.966,-0.31,0.919,-0.244],"_shiftlockState":false,"_pose":"Running","_animationQueue":[],"_animationSpeed":1.101,"_zoom":16.125},{"_mousePosition":[684,339],"_rootPartCFrame":[771.573,222.7,45.619,0.301,0,0.954,0,1,0,-0.954,0,0.301],"_humanoidState":8,"_cameraCFrame":[772.77,239.822,41.811,-0.954,-0.291,0.074,0,0.248,0.969,-0.3,0.924,-0.236],"_shiftlockState":false,"_pose":"Running","_animationQueue":[["walk",0.1]],"_animationSpeed":1.101,"_zoom":16.125},{"_mousePosition":[684,339],"_rootPartCFrame":[771.32,222.7,45.536,0.302,0,0.953,0,1,0,-0.953,0,0.302],"_humanoidState":8,"_cameraCFrame":[772.415,239.861,41.856,-0.958,-0.277,0.068,0,0.238,0.971,-0.285,0.931,-0.228],"_shiftlockState":false,"_pose":"Running","_animationQueue":[],"_animationSpeed":1.101,"_zoom":16.125},{"_mousePosition":[684,339],"_rootPartCFrame":[771.065,222.7,45.456,0.302,0,0.953,0,1,0,-0.953,0,0.302],"_humanoidState":8,"_cameraCFrame":[772.055,239.897,41.905,-0.963,-0.261,0.061,0,0.229,0.974,-0.268,0.938,-0.22],"_shiftlockState":false,"_pose":"Running","_animationQueue":[],"_animationSpeed":1.101,"_zoom":16.125},{"_mousePosition":[684,339],"_rootPartCFrame":[770.81,222.7,45.38,0.3,0,0.954,0,1,0,-0.954,0,0.3],"_humanoidState":8,"_cameraCFrame":[769.994,239.932,41.522,-0.969,-0.243,0.055,0,0.219,0.976,-0.249,0.945,-0.212],"_shiftlockState":true,"_pose":"Running","_animationQueue":[],"_animationSpeed":1.101,"_zoom":16.125},{"_mousePosition":[683,384],"_rootPartCFrame":[770.424,222.7,45.272,-0.995,0,0.099,0,1,0,-0.099,0,-0.995],"_humanoidState":8,"_cameraCFrame":[769.609,239.932,41.414,-0.969,-0.243,0.055,0,0.219,0.976,-0.249,0.945,-0.212],"_shiftlockState":true,"_pose":"Running","_animationQueue":[],"_animationSpeed":1.101,"_zoom":16.125},{"_mousePosition":[683,384],"_rootPartCFrame":[770.231,222.7,45.222,-0.975,0,0.224,0,1,0,-0.224,0,-0.975],"_humanoidState":8,"_cameraCFrame":[769.335,239.953,41.466,-0.972,-0.229,0.05,0,0.213,0.977,-0.234,0.95,-0.208],"_shiftlockState":true,"_pose":"Running","_animationQueue":[],"_animationSpeed":1.101,"_zoom":16.125},{"_mousePosition":[683,384],"_rootPartCFrame":[769.973,222.7,45.155,-0.973,0,0.23,0,1,0,-0.23,0,-0.973],"_humanoidState":8,"_cameraCFrame":[769.016,239.966,41.471,-0.975,-0.217,0.046,0,0.21,0.978,-0.222,0.953,-0.204],"_shiftlockState":true,"_pose":"Running","_animationQueue":[["walk",0.1]],"_animationSpeed":1.101,"_zoom":16.125},{"_mousePosition":[683,384],"_rootPartCFrame":[769.714,222.666,45.089,-0.975,0,0.221,0,1,0,-0.221,0,-0.975],"_humanoidState":8,"_cameraCFrame":[768.741,239.939,41.437,-0.976,-0.214,0.046,0,0.208,0.978,-0.219,0.954,-0.203],"_shiftlockState":true,"_pose":"Running","_animationQueue":[],"_animationSpeed":1.101,"_zoom":16.125},{"_mousePosition":[683,384],"_rootPartCFrame":[769.456,222.577,45.023,-0.976,0,0.219,0,1,0,-0.219,0,-0.976],"_humanoidState":8,"_cameraCFrame":[768.483,239.85,41.371,-0.976,-0.214,0.046,0,0.208,0.978,-0.219,0.954,-0.203],"_shiftlockState":true,"_pose":"Running","_animationQueue":[],"_animationSpeed":1.101,"_zoom":16.125},{"_mousePosition":[683,384],"_rootPartCFrame":[769.198,223.44,44.956,-0.976,0,0.219,0,1,0,-0.219,0,-0.976],"_humanoidState":3,"_cameraCFrame":[768.225,240.713,41.304,-0.976,-0.214,0.046,0,0.208,0.978,-0.219,0.954,-0.203],"_shiftlockState":true,"_pose":"Jumping","_animationQueue":[["walk",0.1],["jump",0.1]],"_animationSpeed":1,"_zoom":16.125},{"_mousePosition":[683,384],"_rootPartCFrame":[768.938,224.248,44.897,-0.951,0,0.308,0,1,0,-0.308,0,-0.951],"_humanoidState":5,"_cameraCFrame":[767.965,241.521,41.245,-0.976,-0.214,0.046,0,0.208,0.978,-0.219,0.954,-0.203],"_shiftlockState":true,"_pose":"FreeFall","_animationQueue":[["jump",0.1]],"_animationSpeed":1,"_zoom":16.125},{"_mousePosition":[683,384],"_rootPartCFrame":[768.678,225.002,44.838,-0.94,0,0.342,0,1,0,-0.342,0,-0.94],"_humanoidState":5,"_cameraCFrame":[767.705,242.275,41.186,-0.976,-0.214,0.046,0,0.208,0.978,-0.219,0.954,-0.203],"_shiftlockState":true,"_pose":"FreeFall","_animationQueue":[],"_animationSpeed":1,"_zoom":16.125},{"_mousePosition":[683,384],"_rootPartCFrame":[768.417,225.702,44.78,-0.938,0,0.346,0,1,0,-0.346,0,-0.938],"_humanoidState":5,"_cameraCFrame":[767.444,242.975,41.128,-0.976,-0.214,0.046,0,0.208,0.978,-0.219,0.954,-0.203],"_shiftlockState":true,"_pose":"FreeFall","_animationQueue":[],"_animationSpeed":1,"_zoom":16.125},{"_mousePosition":[683,384],"_rootPartCFrame":[768.157,226.347,44.721,-0.938,0,0.347,0,1,0,-0.347,0,-0.938],"_humanoidState":5,"_cameraCFrame":[767.184,243.62,41.069,-0.976,-0.214,0.046,0,0.208,0.978,-0.219,0.954,-0.203],"_shiftlockState":true,"_pose":"FreeFall","_animationQueue":[],"_animationSpeed":1,"_zoom":16.125},{"_mousePosition":[683,384],"_rootPartCFrame":[767.897,226.937,44.663,-0.938,0,0.347,0,1,0,-0.347,0,-0.938],"_humanoidState":5,"_cameraCFrame":[766.931,244.203,40.981,-0.976,-0.214,0.046,0,0.21,0.978,-0.219,0.954,-0.205],"_shiftlockState":true,"_pose":"FreeFall","_animationQueue":[],"_animationSpeed":1,"_zoom":16.125},{"_mousePosition":[683,384],"_rootPartCFrame":[767.571,227.598,44.59,-0.926,0,0.378,0,1,0,-0.378,0,-0.926],"_humanoidState":5,"_cameraCFrame":[766.638,244.851,40.843,-0.975,-0.219,0.048,0,0.213,0.977,-0.224,0.952,-0.208],"_shiftlockState":true,"_pose":"FreeFall","_animationQueue":[],"_animationSpeed":1,"_zoom":16.125},{"_mousePosition":[683,384],"_rootPartCFrame":[767.376,227.954,44.546,-0.947,0,0.32,0,1,0,-0.32,0,-0.947],"_humanoidState":5,"_cameraCFrame":[766.469,245.201,40.765,-0.973,-0.224,0.049,0,0.215,0.977,-0.229,0.951,-0.21],"_shiftlockState":true,"_pose":"FreeFall","_animationQueue":[],"_animationSpeed":1,"_zoom":16.125},{"_mousePosition":[683,384],"_rootPartCFrame":[767.116,228.381,44.486,-0.934,0,0.356,0,1,0,-0.356,0,-0.934],"_humanoidState":5,"_cameraCFrame":[766.245,245.621,40.669,-0.972,-0.231,0.051,0,0.217,0.976,-0.237,0.948,-0.211],"_shiftlockState":true,"_pose":"FreeFall","_animationQueue":[],"_animationSpeed":1,"_zoom":16.125},{"_mousePosition":[683,384],"_rootPartCFrame":[766.792,228.838,44.41,-0.919,0,0.394,0,1,0,-0.394,0,-0.919],"_humanoidState":5,"_cameraCFrame":[765.937,246.071,40.56,-0.971,-0.233,0.052,0,0.219,0.976,-0.239,0.947,-0.213],"_shiftlockState":true,"_pose":"FreeFall","_animationQueue":[],"_animationSpeed":1,"_zoom":16.125},{"_mousePosition":[683,384],"_rootPartCFrame":[766.597,229.071,44.363,-0.942,0,0.335,0,1,0,-0.335,0,-0.942],"_humanoidState":5,"_cameraCFrame":[765.807,246.29,40.444,-0.968,-0.245,0.056,0,0.223,0.975,-0.251,0.944,-0.216],"_shiftlockState":true,"_pose":"FreeFall","_animationQueue":[],"_animationSpeed":1,"_zoom":16.125},{"_mousePosition":[683,384],"_rootPartCFrame":[766.338,229.335,44.299,-0.926,0,0.378,0,1,0,-0.378,0,-0.926],"_humanoidState":5,"_cameraCFrame":[765.596,246.547,40.343,-0.965,-0.254,0.059,0,0.225,0.974,-0.261,0.941,-0.217],"_shiftlockState":true,"_pose":"FreeFall","_animationQueue":[],"_animationSpeed":1,"_zoom":16.125},{"_mousePosition":[683,384],"_rootPartCFrame":[766.016,229.587,44.216,-0.909,0,0.417,0,1,0,-0.417,0,-0.909],"_humanoidState":5,"_cameraCFrame":[765.321,246.792,40.223,-0.963,-0.264,0.061,0,0.227,0.974,-0.271,0.938,-0.218],"_shiftlockState":true,"_pose":"FreeFall","_animationQueue":[],"_animationSpeed":1,"_zoom":16.125},{"_mousePosition":[683,384],"_rootPartCFrame":[765.823,229.698,44.164,-0.931,0,0.365,0,1,0,-0.365,0,-0.931],"_humanoidState":5,"_cameraCFrame":[765.177,246.896,40.135,-0.96,-0.273,0.064,0,0.229,0.974,-0.281,0.934,-0.219],"_shiftlockState":true,"_pose":"FreeFall","_animationQueue":[],"_animationSpeed":1,"_zoom":16.125},{"_mousePosition":[683,384],"_rootPartCFrame":[765.566,229.798,44.092,-0.914,0,0.406,0,1,0,-0.406,0,-0.914],"_humanoidState":5,"_cameraCFrame":[764.93,246.996,40.061,-0.959,-0.275,0.065,0,0.229,0.974,-0.283,0.934,-0.219],"_shiftlockState":true,"_pose":"FreeFall","_animationQueue":[],"_animationSpeed":1,"_zoom":16.125},{"_mousePosition":[683,384],"_rootPartCFrame":[765.31,229.843,44.018,-0.913,0,0.408,0,1,0,-0.408,0,-0.913],"_humanoidState":5,"_cameraCFrame":[764.674,247.041,39.987,-0.959,-0.275,0.065,0,0.229,0.974,-0.283,0.934,-0.219],"_shiftlockState":true,"_pose":"FreeFall","_animationQueue":[],"_animationSpeed":1,"_zoom":16.125},{"_mousePosition":[683,384],"_rootPartCFrame":[765.054,229.834,43.943,-0.913,0,0.408,0,1,0,-0.408,0,-0.913],"_humanoidState":5,"_cameraCFrame":[764.418,247.032,39.911,-0.959,-0.275,0.065,0,0.229,0.974,-0.283,0.934,-0.219],"_shiftlockState":true,"_pose":"FreeFall","_animationQueue":[],"_animationSpeed":1,"_zoom":16.125},{"_mousePosition":[683,384],"_rootPartCFrame":[764.798,229.771,43.867,-0.913,0,0.408,0,1,0,-0.408,0,-0.913],"_humanoidState":5,"_cameraCFrame":[764.162,246.968,39.836,-0.959,-0.275,0.065,0,0.229,0.974,-0.283,0.934,-0.219],"_shiftlockState":true,"_pose":"FreeFall","_animationQueue":[],"_animationSpeed":1,"_zoom":16.125},{"_mousePosition":[683,384],"_rootPartCFrame":[764.542,229.653,43.792,-0.913,0,0.408,0,1,0,-0.408,0,-0.913],"_humanoidState":5,"_cameraCFrame":[763.907,246.85,39.76,-0.959,-0.275,0.065,0,0.229,0.974,-0.283,0.934,-0.219],"_shiftlockState":true,"_pose":"FreeFall","_animationQueue":[["fall",0.3]],"_animationSpeed":1,"_zoom":16.125},{"_mousePosition":[683,384],"_rootPartCFrame":[764.286,229.48,43.716,-0.913,0,0.408,0,1,0,-0.408,0,-0.913],"_humanoidState":5,"_cameraCFrame":[763.651,246.678,39.685,-0.959,-0.275,0.065,0,0.229,0.974,-0.283,0.934,-0.219],"_shiftlockState":true,"_pose":"FreeFall","_animationQueue":[],"_animationSpeed":1,"_zoom":16.125},{"_mousePosition":[683,384],"_rootPartCFrame":[764.03,229.253,43.641,-0.913,0,0.408,0,1,0,-0.408,0,-0.913],"_humanoidState":5,"_cameraCFrame":[763.395,246.45,39.61,-0.959,-0.275,0.065,0,0.229,0.974,-0.283,0.934,-0.219],"_shiftlockState":true,"_pose":"FreeFall","_animationQueue":[],"_animationSpeed":1,"_zoom":16.125},{"_mousePosition":[683,384],"_rootPartCFrame":[763.774,228.971,43.565,-0.913,0,0.408,0,1,0,-0.408,0,-0.913],"_humanoidState":5,"_cameraCFrame":[763.139,246.169,39.534,-0.959,-0.275,0.065,0,0.229,0.974,-0.283,0.934,-0.219],"_shiftlockState":true,"_pose":"FreeFall","_animationQueue":[],"_animationSpeed":1,"_zoom":16.125},{"_mousePosition":[683,384],"_rootPartCFrame":[763.518,228.635,43.49,-0.913,0,0.408,0,1,0,-0.408,0,-0.913],"_humanoidState":5,"_cameraCFrame":[762.883,245.833,39.459,-0.959,-0.275,0.065,0,0.229,0.974,-0.283,0.934,-0.219],"_shiftlockState":true,"_pose":"FreeFall","_animationQueue":[],"_animationSpeed":1,"_zoom":16.125},{"_mousePosition":[683,384],"_rootPartCFrame":[763.263,228.245,43.415,-0.913,0,0.408,0,1,0,-0.408,0,-0.913],"_humanoidState":5,"_cameraCFrame":[762.627,245.442,39.383,-0.959,-0.275,0.065,0,0.229,0.974,-0.283,0.934,-0.219],"_shiftlockState":true,"_pose":"FreeFall","_animationQueue":[],"_animationSpeed":1,"_zoom":16.125},{"_mousePosition":[683,384],"_rootPartCFrame":[763.007,227.799,43.339,-0.913,0,0.408,0,1,0,-0.408,0,-0.913],"_humanoidState":5,"_cameraCFrame":[762.371,244.997,39.308,-0.959,-0.275,0.065,0,0.229,0.974,-0.283,0.934,-0.219],"_shiftlockState":true,"_pose":"FreeFall","_animationQueue":[["fall",0.3]],"_animationSpeed":1,"_zoom":16.125},{"_mousePosition":[683,384],"_rootPartCFrame":[762.751,227.3,43.264,-0.913,0,0.408,0,1,0,-0.408,0,-0.913],"_humanoidState":5,"_cameraCFrame":[762.116,244.497,39.232,-0.959,-0.275,0.065,0,0.229,0.974,-0.283,0.934,-0.219],"_shiftlockState":true,"_pose":"FreeFall","_animationQueue":[],"_animationSpeed":1,"_zoom":16.125},{"_mousePosition":[683,384],"_rootPartCFrame":[762.495,226.746,43.188,-0.913,0,0.408,0,1,0,-0.408,0,-0.913],"_humanoidState":5,"_cameraCFrame":[761.86,243.943,39.157,-0.959,-0.275,0.065,0,0.229,0.974,-0.283,0.934,-0.219],"_shiftlockState":true,"_pose":"FreeFall","_animationQueue":[],"_animationSpeed":1,"_zoom":16.125},{"_mousePosition":[683,384],"_rootPartCFrame":[762.239,226.137,43.113,-0.913,0,0.408,0,1,0,-0.408,0,-0.913],"_humanoidState":5,"_cameraCFrame":[761.614,243.335,39.08,-0.958,-0.278,0.065,0,0.229,0.974,-0.285,0.933,-0.219],"_shiftlockState":true,"_pose":"FreeFall","_animationQueue":[],"_animationSpeed":1,"_zoom":16.125},{"_mousePosition":[683,384],"_rootPartCFrame":[761.983,225.474,43.037,-0.912,0,0.41,0,1,0,-0.41,0,-0.912],"_humanoidState":5,"_cameraCFrame":[761.379,242.672,39.001,-0.957,-0.283,0.066,0,0.229,0.974,-0.29,0.932,-0.219],"_shiftlockState":true,"_pose":"FreeFall","_animationQueue":[],"_animationSpeed":1,"_zoom":16.125},{"_mousePosition":[683,384],"_rootPartCFrame":[761.728,224.756,42.961,-0.91,0,0.415,0,1,0,-0.415,0,-0.91],"_humanoidState":5,"_cameraCFrame":[761.154,241.954,38.921,-0.955,-0.29,0.068,0,0.229,0.974,-0.297,0.929,-0.218],"_shiftlockState":true,"_pose":"FreeFall","_animationQueue":[],"_animationSpeed":1,"_zoom":16.125},{"_mousePosition":[683,384],"_rootPartCFrame":[761.473,223.984,42.884,-0.907,0,0.422,0,1,0,-0.422,0,-0.907],"_humanoidState":5,"_cameraCFrame":[760.939,241.182,38.838,-0.952,-0.299,0.07,0,0.229,0.974,-0.307,0.926,-0.218],"_shiftlockState":true,"_pose":"FreeFall","_animationQueue":[],"_animationSpeed":1,"_zoom":16.125},{"_mousePosition":[683,384],"_rootPartCFrame":[761.218,223.158,42.805,-0.902,0,0.431,0,1,0,-0.431,0,-0.902],"_humanoidState":5,"_cameraCFrame":[760.746,240.355,38.751,-0.947,-0.313,0.074,0,0.229,0.974,-0.322,0.922,-0.217],"_shiftlockState":true,"_pose":"FreeFall","_animationQueue":[["fall",0.3]],"_animationSpeed":1,"_zoom":16.125},{"_mousePosition":[683,384],"_rootPartCFrame":[760.964,222.392,42.724,-0.935,0,0.355,0,1,0,-0.355,0,-0.935],"_humanoidState":7,"_cameraCFrame":[760.554,239.59,38.663,-0.942,-0.327,0.077,0,0.229,0.974,-0.336,0.917,-0.215],"_shiftlockState":true,"_pose":"FreeFall","_animationQueue":[["walk",0.1],["fall",0.3],["fall",0.3]],"_animationSpeed":1,"_zoom":16.125},{"_mousePosition":[683,384],"_rootPartCFrame":[760.711,222.385,42.638,-0.941,0,0.338,0,1,0,-0.338,0,-0.941],"_humanoidState":7,"_cameraCFrame":[760.384,239.575,38.543,-0.936,-0.343,0.081,0,0.231,0.973,-0.353,0.911,-0.216],"_shiftlockState":true,"_pose":"FreeFall","_animationQueue":[],"_animationSpeed":1,"_zoom":16.125},{"_mousePosition":[683,384],"_rootPartCFrame":[760.46,222.506,42.549,-0.936,0,0.353,0,1,0,-0.353,0,-0.936],"_humanoidState":8,"_cameraCFrame":[760.216,239.689,38.42,-0.929,-0.359,0.086,0,0.232,0.973,-0.369,0.904,-0.216],"_shiftlockState":true,"_pose":"Running","_animationQueue":[["walk",0.1],["fall",0.3],["walk",0.1]],"_animationSpeed":1.103,"_zoom":16.125},{"_mousePosition":[683,384],"_rootPartCFrame":[760.21,222.592,42.456,-0.929,0,0.369,0,1,0,-0.369,0,-0.929],"_humanoidState":8,"_cameraCFrame":[759.967,239.775,38.327,-0.929,-0.359,0.086,0,0.232,0.973,-0.369,0.904,-0.216],"_shiftlockState":true,"_pose":"Running","_animationQueue":[],"_animationSpeed":1.103,"_zoom":16.125},{"_mousePosition":[683,384],"_rootPartCFrame":[759.962,222.64,42.358,-0.929,0,0.369,0,1,0,-0.369,0,-0.929],"_humanoidState":8,"_cameraCFrame":[759.719,239.824,38.229,-0.929,-0.359,0.086,0,0.232,0.973,-0.369,0.904,-0.216],"_shiftlockState":true,"_pose":"Running","_animationQueue":[],"_animationSpeed":1.103,"_zoom":16.125},{"_mousePosition":[683,384],"_rootPartCFrame":[759.714,222.667,42.26,-0.929,0,0.369,0,1,0,-0.369,0,-0.929],"_humanoidState":8,"_cameraCFrame":[759.471,239.85,38.131,-0.929,-0.359,0.086,0,0.232,0.973,-0.369,0.904,-0.216],"_shiftlockState":true,"_pose":"Running","_animationQueue":[["walk",0.1]],"_animationSpeed":1.103,"_zoom":16.125},{"_mousePosition":[683,384],"_rootPartCFrame":[759.466,222.682,42.161,-0.929,0,0.369,0,1,0,-0.369,0,-0.929],"_humanoidState":8,"_cameraCFrame":[759.223,239.865,38.032,-0.929,-0.359,0.086,0,0.232,0.973,-0.369,0.904,-0.216],"_shiftlockState":true,"_pose":"Running","_animationQueue":[],"_animationSpeed":1.103,"_zoom":16.125},{"_mousePosition":[683,384],"_rootPartCFrame":[759.218,222.69,42.063,-0.929,0,0.369,0,1,0,-0.369,0,-0.929],"_humanoidState":8,"_cameraCFrame":[758.975,239.873,37.934,-0.929,-0.359,0.086,0,0.232,0.973,-0.369,0.904,-0.216],"_shiftlockState":true,"_pose":"Running","_animationQueue":[],"_animationSpeed":1.103,"_zoom":16.125},{"_mousePosition":[683,384],"_rootPartCFrame":[758.971,222.694,41.965,-0.929,0,0.369,0,1,0,-0.369,0,-0.929],"_humanoidState":8,"_cameraCFrame":[758.727,239.877,37.835,-0.929,-0.359,0.086,0,0.232,0.973,-0.369,0.904,-0.216],"_shiftlockState":true,"_pose":"Running","_animationQueue":[],"_animationSpeed":1.103,"_zoom":16.125},{"_mousePosition":[683,384],"_rootPartCFrame":[758.723,222.696,41.866,-0.929,0,0.369,0,1,0,-0.369,0,-0.929],"_humanoidState":8,"_cameraCFrame":[758.479,239.88,37.737,-0.929,-0.359,0.086,0,0.232,0.973,-0.369,0.904,-0.216],"_shiftlockState":true,"_pose":"Running","_animationQueue":[],"_animationSpeed":1.103,"_zoom":16.125},{"_mousePosition":[683,384],"_rootPartCFrame":[758.475,222.698,41.768,-0.929,0,0.369,0,1,0,-0.369,0,-0.929],"_humanoidState":8,"_cameraCFrame":[758.242,239.881,37.638,-0.928,-0.361,0.086,0,0.232,0.973,-0.371,0.903,-0.216],"_shiftlockState":true,"_pose":"Running","_animationQueue":[],"_animationSpeed":1.103,"_zoom":16.125},{"_mousePosition":[683,384],"_rootPartCFrame":[758.227,222.698,41.669,-0.928,0,0.371,0,1,0,-0.371,0,-0.928],"_humanoidState":8,"_cameraCFrame":[757.994,239.882,37.54,-0.928,-0.361,0.086,0,0.232,0.973,-0.371,0.903,-0.216],"_shiftlockState":true,"_pose":"Running","_animationQueue":[],"_animationSpeed":1.103,"_zoom":16.125},{"_mousePosition":[683,384],"_rootPartCFrame":[757.98,222.699,41.57,-0.928,0,0.371,0,1,0,-0.371,0,-0.928],"_humanoidState":8,"_cameraCFrame":[757.726,239.882,37.442,-0.93,-0.357,0.085,0,0.232,0.973,-0.367,0.905,-0.216],"_shiftlockState":true,"_pose":"Running","_animationQueue":[["walk",0.1]],"_animationSpeed":1.103,"_zoom":16.125},{"_mousePosition":[683,384],"_rootPartCFrame":[757.732,222.699,41.471,-0.93,0,0.367,0,1,0,-0.367,0,-0.93],"_humanoidState":8,"_cameraCFrame":[757.426,239.889,37.374,-0.934,-0.348,0.082,0,0.231,0.973,-0.357,0.909,-0.215],"_shiftlockState":true,"_pose":"Running","_animationQueue":[],"_animationSpeed":1.103,"_zoom":16.125},{"_mousePosition":[683,384],"_rootPartCFrame":[757.484,222.665,41.372,-0.934,0,0.357,0,1,0,-0.357,0,-0.934],"_humanoidState":8,"_cameraCFrame":[757.116,239.863,37.308,-0.938,-0.336,0.079,0,0.229,0.974,-0.345,0.914,-0.215],"_shiftlockState":true,"_pose":"Running","_animationQueue":[],"_animationSpeed":1.103,"_zoom":16.125},{"_mousePosition":[683,384],"_rootPartCFrame":[757.237,222.577,41.273,-0.938,0,0.345,0,1,0,-0.345,0,-0.938],"_humanoidState":8,"_cameraCFrame":[756.686,239.796,37.313,-0.951,-0.302,0.069,0,0.223,0.975,-0.31,0.927,-0.212],"_shiftlockState":true,"_pose":"Running","_animationQueue":[],"_animationSpeed":1.103,"_zoom":16.125},{"_mousePosition":[683,384],"_rootPartCFrame":[756.927,223.66,41.15,-0.951,0,0.31,0,1,0,-0.31,0,-0.951],"_humanoidState":3,"_cameraCFrame":[756.2,240.893,37.274,-0.963,-0.264,0.059,0,0.219,0.976,-0.271,0.939,-0.211],"_shiftlockState":true,"_pose":"Jumping","_animationQueue":[["walk",0.1],["jump",0.1]],"_animationSpeed":1,"_zoom":16.125},{"_mousePosition":[683,384],"_rootPartCFrame":[756.738,224.272,41.085,-0.944,0,0.33,0,1,0,-0.33,0,-0.944],"_humanoidState":5,"_cameraCFrame":[755.838,241.512,37.274,-0.973,-0.224,0.05,0,0.217,0.976,-0.229,0.95,-0.211],"_shiftlockState":true,"_pose":"FreeFall","_animationQueue":[["jump",0.1]],"_animationSpeed":1,"_zoom":16.125},{"_mousePosition":[683,384],"_rootPartCFrame":[756.482,225.039,41.011,-0.937,0,0.349,0,1,0,-0.349,0,-0.937],"_humanoidState":5,"_cameraCFrame":[755.413,242.286,37.273,-0.982,-0.183,0.04,0,0.215,0.977,-0.187,0.959,-0.212],"_shiftlockState":true,"_pose":"FreeFall","_animationQueue":[],"_animationSpeed":1,"_zoom":16.125},{"_mousePosition":[683,384],"_rootPartCFrame":[756.223,225.752,40.948,-0.949,0,0.315,0,1,0,-0.315,0,-0.949],"_humanoidState":5,"_cameraCFrame":[754.993,242.999,37.259,-0.989,-0.141,0.031,0,0.215,0.977,-0.145,0.966,-0.213],"_shiftlockState":true,"_pose":"FreeFall","_animationQueue":[],"_animationSpeed":1,"_zoom":16.125},{"_mousePosition":[683,384],"_rootPartCFrame":[755.961,226.411,40.897,-0.962,0,0.275,0,1,0,-0.275,0,-0.962],"_humanoidState":5,"_cameraCFrame":[754.574,243.657,37.264,-0.995,-0.1,0.022,0,0.215,0.977,-0.102,0.971,-0.214],"_shiftlockState":true,"_pose":"FreeFall","_animationQueue":[],"_animationSpeed":1,"_zoom":16.125},{"_mousePosition":[683,384],"_rootPartCFrame":[755.698,227.015,40.857,-0.972,0,0.233,0,1,0,-0.233,0,-0.972],"_humanoidState":5,"_cameraCFrame":[754.145,244.268,37.321,-0.998,-0.055,0.012,0,0.213,0.977,-0.057,0.975,-0.213],"_shiftlockState":true,"_pose":"FreeFall","_animationQueue":[],"_animationSpeed":1,"_zoom":16.125},{"_mousePosition":[683,384],"_rootPartCFrame":[755.433,227.564,40.828,-0.982,0,0.189,0,1,0,-0.189,0,-0.982],"_humanoidState":5,"_cameraCFrame":[753.703,244.818,37.376,-1,-0.006,0.001,0,0.213,0.977,-0.006,0.977,-0.213],"_shiftlockState":true,"_pose":"FreeFall","_animationQueue":[],"_animationSpeed":1,"_zoom":16.125},{"_mousePosition":[683,384],"_rootPartCFrame":[755.167,228.06,40.811,-0.99,0,0.139,0,1,0,-0.139,0,-0.99],"_humanoidState":5,"_cameraCFrame":[753.239,245.313,37.465,-0.999,0.051,-0.011,0,0.213,0.977,0.052,0.976,-0.213],"_shiftlockState":true,"_pose":"FreeFall","_animationQueue":[],"_animationSpeed":1,"_zoom":16.125},{"_mousePosition":[683,384],"_rootPartCFrame":[754.9,228.5,40.807,-0.997,0,0.081,0,1,0,-0.081,0,-0.997],"_humanoidState":5,"_cameraCFrame":[752.77,245.747,37.554,-0.994,0.11,-0.024,0,0.215,0.977,0.113,0.97,-0.214],"_shiftlockState":true,"_pose":"FreeFall","_animationQueue":[],"_animationSpeed":1,"_zoom":16.125},{"_mousePosition":[683,384],"_rootPartCFrame":[754.634,228.886,40.819,-1,0,0.02,0,1,0,-0.02,0,-1],"_humanoidState":5,"_cameraCFrame":[752.294,246.112,37.61,-0.985,0.169,-0.038,0,0.221,0.975,0.173,0.961,-0.218],"_shiftlockState":true,"_pose":"FreeFall","_animationQueue":[],"_animationSpeed":1,"_zoom":16.125},{"_mousePosition":[683,384],"_rootPartCFrame":[754.369,229.218,40.846,-0.999,0,-0.04,0,1,0,0.04,0,-0.999],"_humanoidState":5,"_cameraCFrame":[751.746,246.437,37.828,-0.966,0.253,-0.058,0,0.223,0.975,0.259,0.941,-0.215],"_shiftlockState":true,"_pose":"FreeFall","_animationQueue":[],"_animationSpeed":1,"_zoom":16.125},{"_mousePosition":[683,384],"_rootPartCFrame":[754.106,229.495,40.89,-0.992,0,-0.129,0,1,0,0.129,0,-0.992],"_humanoidState":5,"_cameraCFrame":[751.399,246.706,37.909,-0.959,0.276,-0.064,0,0.225,0.974,0.284,0.934,-0.216],"_shiftlockState":true,"_pose":"FreeFall","_animationQueue":[],"_animationSpeed":1,"_zoom":16.125},{"_mousePosition":[683,384],"_rootPartCFrame":[753.847,229.717,40.954,-0.988,0,-0.154,0,1,0,0.154,0,-0.988],"_humanoidState":5,"_cameraCFrame":[750.947,246.922,38.122,-0.939,0.335,-0.078,0,0.227,0.974,0.344,0.915,-0.213],"_shiftlockState":true,"_pose":"FreeFall","_animationQueue":[],"_animationSpeed":1,"_zoom":16.125},{"_mousePosition":[683,384],"_rootPartCFrame":[753.591,229.885,41.028,-0.976,0,-0.216,0,1,0,0.216,0,-0.976],"_humanoidState":5,"_cameraCFrame":[750.627,247.09,38.263,-0.931,0.356,-0.083,0,0.227,0.974,0.365,0.907,-0.211],"_shiftlockState":true,"_pose":"FreeFall","_animationQueue":[],"_animationSpeed":1,"_zoom":16.125},{"_mousePosition":[683,384],"_rootPartCFrame":[753.351,229.999,41.122,-0.967,0,-0.255,0,1,0,0.255,0,-0.967],"_humanoidState":5,"_cameraCFrame":[750.353,247.203,38.395,-0.926,0.367,-0.085,0,0.227,0.974,0.377,0.902,-0.21],"_shiftlockState":true,"_pose":"FreeFall","_animationQueue":[],"_animationSpeed":1,"_zoom":16.125},{"_mousePosition":[683,384],"_rootPartCFrame":[753.138,230.058,41.247,-0.961,0,-0.275,0,1,0,0.275,0,-0.961],"_humanoidState":5,"_cameraCFrame":[750.126,247.262,38.534,-0.924,0.372,-0.086,0,0.227,0.974,0.381,0.9,-0.21],"_shiftlockState":true,"_pose":"FreeFall","_animationQueue":[],"_animationSpeed":1,"_zoom":16.125},{"_mousePosition":[683,384],"_rootPartCFrame":[752.951,230.062,41.4,-0.96,0,-0.282,0,1,0,0.282,0,-0.96],"_humanoidState":5,"_cameraCFrame":[749.939,247.267,38.688,-0.924,0.372,-0.086,0,0.227,0.974,0.381,0.9,-0.21],"_shiftlockState":true,"_pose":"FreeFall","_animationQueue":[["fall",0.3]],"_animationSpeed":1,"_zoom":16.125},{"_mousePosition":[683,384],"_rootPartCFrame":[752.791,230.012,41.583,-0.959,0,-0.283,0,1,0,0.283,0,-0.959],"_humanoidState":5,"_cameraCFrame":[749.779,247.217,38.871,-0.924,0.372,-0.086,0,0.227,0.974,0.381,0.9,-0.21],"_shiftlockState":true,"_pose":"FreeFall","_animationQueue":[],"_animationSpeed":1,"_zoom":16.125},{"_mousePosition":[683,384],"_rootPartCFrame":[752.665,229.908,41.783,-0.936,0,-0.351,0,1,0,0.351,0,-0.936],"_humanoidState":5,"_cameraCFrame":[749.653,247.113,39.07,-0.924,0.372,-0.086,0,0.227,0.974,0.381,0.9,-0.21],"_shiftlockState":true,"_pose":"FreeFall","_animationQueue":[],"_animationSpeed":1,"_zoom":16.125},{"_mousePosition":[683,384],"_rootPartCFrame":[752.578,229.749,41.99,-0.926,0,-0.378,0,1,0,0.378,0,-0.926],"_humanoidState":5,"_cameraCFrame":[749.566,246.954,39.278,-0.924,0.372,-0.086,0,0.227,0.974,0.381,0.9,-0.21],"_shiftlockState":true,"_pose":"FreeFall","_animationQueue":[],"_animationSpeed":1,"_zoom":16.125},{"_mousePosition":[683,384],"_rootPartCFrame":[752.531,229.535,42.205,-0.925,0,-0.381,0,1,0,0.381,0,-0.925],"_humanoidState":5,"_cameraCFrame":[749.553,246.74,39.455,-0.929,0.36,-0.084,0,0.227,0.974,0.37,0.905,-0.211],"_shiftlockState":true,"_pose":"FreeFall","_animationQueue":[],"_animationSpeed":1,"_zoom":16.125},{"_mousePosition":[683,384],"_rootPartCFrame":[752.522,229.267,42.429,-0.929,0,-0.371,0,1,0,0.371,0,-0.929],"_humanoidState":5,"_cameraCFrame":[749.612,246.45,39.488,-0.942,0.327,-0.078,0,0.232,0.973,0.337,0.916,-0.219],"_shiftlockState":true,"_pose":"FreeFall","_animationQueue":[],"_animationSpeed":1,"_zoom":16.125},{"_mousePosition":[683,384],"_rootPartCFrame":[752.551,228.945,42.661,-0.94,0,-0.34,0,1,0,0.34,0,-0.94],"_humanoidState":5,"_cameraCFrame":[749.793,246.113,39.504,-0.959,0.276,-0.067,0,0.236,0.972,0.284,0.932,-0.227],"_shiftlockState":true,"_pose":"FreeFall","_animationQueue":[],"_animationSpeed":1,"_zoom":16.125},{"_mousePosition":[683,384],"_rootPartCFrame":[752.619,228.568,42.904,-0.957,0,-0.29,0,1,0,0.29,0,-0.957],"_humanoidState":5,"_cameraCFrame":[750.226,245.721,39.395,-0.985,0.168,-0.041,0,0.24,0.971,0.173,0.956,-0.236],"_shiftlockState":true,"_pose":"FreeFall","_animationQueue":[["fall",0.3]],"_animationSpeed":1,"_zoom":16.125},{"_mousePosition":[683,384],"_rootPartCFrame":[752.695,228.136,43.159,-0.983,0,-0.185,0,1,0,0.185,0,-0.983],"_humanoidState":5,"_cameraCFrame":[750.639,245.282,39.411,-0.997,0.078,-0.019,0,0.242,0.97,0.08,0.967,-0.241],"_shiftlockState":true,"_pose":"FreeFall","_animationQueue":[],"_animationSpeed":1,"_zoom":16.125},{"_mousePosition":[683,384],"_rootPartCFrame":[752.751,227.65,43.419,-0.996,0,-0.093,0,1,0,0.093,0,-0.996],"_humanoidState":5,"_cameraCFrame":[751.064,244.781,39.43,-1,-0.016,0.004,0,0.246,0.969,-0.016,0.969,-0.246],"_shiftlockState":true,"_pose":"FreeFall","_animationQueue":[],"_animationSpeed":1,"_zoom":16.125},{"_mousePosition":[683,384],"_rootPartCFrame":[752.778,227.11,43.684,-1,0,0.003,0,1,0,-0.003,0,-1],"_humanoidState":5,"_cameraCFrame":[751.479,244.225,39.494,-0.994,-0.106,0.027,0,0.249,0.968,-0.109,0.963,-0.248],"_shiftlockState":true,"_pose":"FreeFall","_animationQueue":[],"_animationSpeed":1,"_zoom":16.125},{"_mousePosition":[683,384],"_rootPartCFrame":[752.781,226.515,43.951,-0.995,0,0.097,0,1,0,-0.097,0,-0.995],"_humanoidState":5,"_cameraCFrame":[751.859,243.598,39.548,-0.981,-0.186,0.049,0,0.257,0.966,-0.192,0.948,-0.252],"_shiftlockState":true,"_pose":"FreeFall","_animationQueue":[],"_animationSpeed":1,"_zoom":16.125},{"_mousePosition":[683,384],"_rootPartCFrame":[752.758,225.865,44.216,-0.984,0,0.181,0,1,0,-0.181,0,-0.984],"_humanoidState":5,"_cameraCFrame":[752.202,242.908,39.611,-0.965,-0.254,0.07,0,0.266,0.964,-0.263,0.93,-0.257],"_shiftlockState":true,"_pose":"FreeFall","_animationQueue":[],"_animationSpeed":1,"_zoom":16.125},{"_mousePosition":[683,384],"_rootPartCFrame":[752.712,225.161,44.478,-0.967,0,0.254,0,1,0,-0.254,0,-0.967],"_humanoidState":5,"_cameraCFrame":[752.509,242.161,39.704,-0.945,-0.314,0.09,0,0.276,0.961,-0.326,0.909,-0.261],"_shiftlockState":true,"_pose":"FreeFall","_animationQueue":[["fall",0.3]],"_animationSpeed":1,"_zoom":16.125},{"_mousePosition":[683,384],"_rootPartCFrame":[752.646,224.403,44.737,-0.948,0,0.318,0,1,0,-0.318,0,-0.948],"_humanoidState":5,"_cameraCFrame":[752.766,241.358,39.819,-0.926,-0.363,0.108,0,0.285,0.958,-0.378,0.887,-0.264],"_shiftlockState":true,"_pose":"FreeFall","_animationQueue":[],"_animationSpeed":1,"_zoom":16.125},{"_mousePosition":[683,384],"_rootPartCFrame":[752.562,223.59,44.99,-0.929,0,0.371,0,1,0,-0.371,0,-0.929],"_humanoidState":5,"_cameraCFrame":[752.994,240.5,39.948,-0.905,-0.406,0.125,0,0.294,0.956,-0.425,0.865,-0.267],"_shiftlockState":true,"_pose":"FreeFall","_animationQueue":[],"_animationSpeed":1,"_zoom":16.125},{"_mousePosition":[683,384],"_rootPartCFrame":[752.463,222.723,45.237,-0.906,0,0.423,0,1,0,-0.423,0,-0.906],"_humanoidState":7,"_cameraCFrame":[753.219,239.595,40.12,-0.881,-0.45,0.143,0,0.302,0.953,-0.472,0.84,-0.266],"_shiftlockState":true,"_pose":"FreeFall","_animationQueue":[["walk",0.1],["fall",0.3],["fall",0.3]],"_animationSpeed":1,"_zoom":16.125},{"_mousePosition":[683,384],"_rootPartCFrame":[752.351,222.336,45.479,-0.882,0,0.472,0,1,0,-0.472,0,-0.882],"_humanoidState":7,"_cameraCFrame":[753.42,239.199,40.389,-0.852,-0.498,0.159,0,0.304,0.953,-0.523,0.812,-0.259],"_shiftlockState":true,"_pose":"FreeFall","_animationQueue":[],"_animationSpeed":1,"_zoom":16.125},{"_mousePosition":[683,384],"_rootPartCFrame":[752.227,222.446,45.715,-0.853,0,0.523,0,1,0,-0.523,0,-0.853],"_humanoidState":8,"_cameraCFrame":[753.603,239.309,40.699,-0.819,-0.546,0.174,0,0.304,0.953,-0.574,0.78,-0.249],"_shiftlockState":true,"_pose":"Running","_animationQueue":[["walk",0.1],["fall",0.3],["walk",0.1]],"_animationSpeed":1.103,"_zoom":16.125},{"_mousePosition":[683,384],"_rootPartCFrame":[752.102,223.319,45.951,-0.819,0,0.574,0,1,0,-0.574,0,-0.819],"_humanoidState":3,"_cameraCFrame":[753.977,240.182,41.099,-0.757,-0.622,0.198,0,0.304,0.953,-0.653,0.721,-0.23],"_shiftlockState":true,"_pose":"Jumping","_animationQueue":[["walk",0.1],["jump",0.1]],"_animationSpeed":1,"_zoom":16.125},{"_mousePosition":[683,384],"_rootPartCFrame":[751.957,224.141,46.174,-0.763,0,0.646,0,1,0,-0.646,0,-0.763],"_humanoidState":5,"_cameraCFrame":[754.015,241.004,41.398,-0.732,-0.649,0.207,0,0.304,0.953,-0.682,0.697,-0.222],"_shiftlockState":true,"_pose":"FreeFall","_animationQueue":[["jump",0.1]],"_animationSpeed":1,"_zoom":16.125},{"_mousePosition":[683,384],"_rootPartCFrame":[751.789,224.909,46.381,-0.737,0,0.676,0,1,0,-0.676,0,-0.737],"_humanoidState":5,"_cameraCFrame":[754.297,241.809,41.953,-0.648,-0.728,0.226,0,0.296,0.955,-0.762,0.618,-0.192],"_shiftlockState":true,"_pose":"FreeFall","_animationQueue":[],"_animationSpeed":1,"_zoom":16.125},{"_mousePosition":[683,384],"_rootPartCFrame":[751.609,225.622,46.577,-0.657,0,0.754,0,1,0,-0.754,0,-0.657],"_humanoidState":5,"_cameraCFrame":[754.365,242.568,42.469,-0.58,-0.781,0.234,0,0.287,0.958,-0.815,0.555,-0.166],"_shiftlockState":true,"_pose":"FreeFall","_animationQueue":[],"_animationSpeed":1,"_zoom":16.125},{"_mousePosition":[683,384],"_rootPartCFrame":[751.412,226.28,46.757,-0.59,0,0.808,0,1,0,-0.808,0,-0.59],"_humanoidState":5,"_cameraCFrame":[754.363,243.271,42.962,-0.512,-0.825,0.239,0,0.278,0.961,-0.859,0.492,-0.142],"_shiftlockState":true,"_pose":"FreeFall","_animationQueue":[],"_animationSpeed":1,"_zoom":16.125},{"_mousePosition":[683,384],"_rootPartCFrame":[751.198,226.884,46.916,-0.521,0,0.853,0,1,0,-0.853,0,-0.521],"_humanoidState":5,"_cameraCFrame":[754.32,243.91,43.409,-0.445,-0.862,0.242,0,0.27,0.963,-0.895,0.429,-0.12],"_shiftlockState":true,"_pose":"FreeFall","_animationQueue":[],"_animationSpeed":1,"_zoom":16.125},{"_mousePosition":[683,384],"_rootPartCFrame":[750.972,227.434,47.057,-0.455,0,0.891,0,1,0,-0.891,0,-0.455],"_humanoidState":5,"_cameraCFrame":[754.23,244.493,43.834,-0.378,-0.893,0.243,0,0.263,0.965,-0.926,0.365,-0.099],"_shiftlockState":true,"_pose":"FreeFall","_animationQueue":[],"_animationSpeed":1,"_zoom":16.125},{"_mousePosition":[683,384],"_rootPartCFrame":[750.735,227.929,47.179,-0.388,0,0.922,0,1,0,-0.922,0,-0.388],"_humanoidState":5,"_cameraCFrame":[754.104,245.012,44.198,-0.319,-0.916,0.244,0,0.257,0.966,-0.948,0.308,-0.082],"_shiftlockState":true,"_pose":"FreeFall","_animationQueue":[],"_animationSpeed":1,"_zoom":16.125},{"_mousePosition":[683,384],"_rootPartCFrame":[750.49,228.37,47.284,-0.327,0,0.945,0,1,0,-0.945,0,-0.327],"_humanoidState":5,"_cameraCFrame":[753.925,245.477,44.51,-0.268,-0.932,0.242,0,0.251,0.968,-0.963,0.26,-0.067],"_shiftlockState":true,"_pose":"FreeFall","_animationQueue":[],"_animationSpeed":1,"_zoom":16.125},{"_mousePosition":[683,384],"_rootPartCFrame":[750.238,228.756,47.372,-0.276,0,0.961,0,1,0,-0.961,0,-0.276],"_humanoidState":5,"_cameraCFrame":[753.737,245.878,44.771,-0.224,-0.944,0.241,0,0.248,0.969,-0.975,0.217,-0.055],"_shiftlockState":true,"_pose":"FreeFall","_animationQueue":[],"_animationSpeed":1,"_zoom":16.125},{"_mousePosition":[683,384],"_rootPartCFrame":[749.982,229.087,47.445,-0.23,0,0.973,0,1,0,-0.973,0,-0.23],"_humanoidState":5,"_cameraCFrame":[753.517,246.225,44.991,-0.187,-0.953,0.239,0,0.244,0.97,-0.982,0.181,-0.046],"_shiftlockState":true,"_pose":"FreeFall","_animationQueue":[],"_animationSpeed":1,"_zoom":16.125},{"_mousePosition":[683,384],"_rootPartCFrame":[749.723,229.364,47.507,-0.192,0,0.981,0,1,0,-0.981,0,-0.192],"_humanoidState":5,"_cameraCFrame":[753.281,246.525,45.238,-0.14,-0.962,0.236,0,0.238,0.971,-0.99,0.136,-0.033],"_shiftlockState":true,"_pose":"FreeFall","_animationQueue":[],"_animationSpeed":1,"_zoom":16.125},{"_mousePosition":[683,384],"_rootPartCFrame":[749.461,229.587,47.558,-0.146,0,0.989,0,1,0,-0.989,0,-0.146],"_humanoidState":5,"_cameraCFrame":[753.047,246.748,45.334,-0.127,-0.963,0.236,0,0.238,0.971,-0.992,0.123,-0.03],"_shiftlockState":true,"_pose":"FreeFall","_animationQueue":[],"_animationSpeed":1,"_zoom":16.125},{"_mousePosition":[683,384],"_rootPartCFrame":[749.197,229.755,47.597,-0.13,0,0.991,0,1,0,-0.991,0,-0.13],"_humanoidState":5,"_cameraCFrame":[752.814,246.923,45.477,-0.099,-0.967,0.235,0,0.236,0.972,-0.995,0.097,-0.023],"_shiftlockState":true,"_pose":"FreeFall","_animationQueue":[],"_anim