[{"_mousePosition":[179,334],"_rootPartCFrame":[776.023,222.967,47.142,0.004,0.005,1,0,1,-0.005,-1,0,0.004],"_humanoidState":8,"_cameraCFrame":[793.796,235.003,46.935,-0.012,-0.51,0.86,0,0.86,0.51,-1,0.006,-0.01],"_shiftlockState":false,"_pose":"Standing","_animationQueue":[],"_animationSpeed":1,"_zoom":20.656},{"_mousePosition":[180,334],"_rootPartCFrame":[775.851,222.877,47.144,0.002,0.002,1,0,1,-0.002,-1,0,0.002],"_humanoidState":8,"_cameraCFrame":[793.619,234.913,46.937,-0.012,-0.51,0.86,0,0.86,0.51,-1,0.006,-0.01],"_shiftlockState":false,"_pose":"Standing","_animationQueue":[],"_animationSpeed":1,"_zoom":20.656},{"_mousePosition":[180,334],"_rootPartCFrame":[775.586,222.726,47.147,0.001,0,1,0,1,0,-1,0,0.001],"_humanoidState":8,"_cameraCFrame":[793.352,234.762,46.94,-0.012,-0.51,0.86,0,0.86,0.51,-1,0.006,-0.01],"_shiftlockState":false,"_pose":"Running","_animationQueue":[["walk",0.1]],"_animationSpeed":1.005,"_zoom":20.656},{"_mousePosition":[180,336],"_rootPartCFrame":[775.32,222.613,47.15,-0.001,0,1,0,1,0,-1,0,-0.001],"_humanoidState":8,"_cameraCFrame":[793.085,234.649,46.944,-0.012,-0.51,0.86,0,0.86,0.51,-1,0.006,-0.01],"_shiftlockState":false,"_pose":"Running","_animationQueue":[["walk",0.1],["walk",0.1]],"_animationSpeed":1.1,"_zoom":20.656},{"_mousePosition":[181,339],"_rootPartCFrame":[775.053,222.637,47.153,-0.003,0,1,0,1,0,-1,0,-0.003],"_humanoidState":8,"_cameraCFrame":[792.819,234.673,46.947,-0.012,-0.51,0.86,0,0.86,0.51,-1,0.006,-0.01],"_shiftlockState":false,"_pose":"Running","_animationQueue":[],"_animationSpeed":1.1,"_zoom":20.656},{"_mousePosition":[184,347],"_rootPartCFrame":[774.786,222.664,47.156,-0.004,0,1,0,1,0,-1,0,-0.004],"_humanoidState":8,"_cameraCFrame":[792.552,234.699,46.95,-0.012,-0.51,0.86,0,0.86,0.51,-1,0.006,-0.01],"_shiftlockState":false,"_pose":"Running","_animationQueue":[],"_animationSpeed":1.1,"_zoom":20.656},{"_mousePosition":[189,357],"_rootPartCFrame":[774.52,222.68,47.159,-0.005,0,1,0,1,0,-1,0,-0.005],"_humanoidState":8,"_cameraCFrame":[792.286,234.716,46.953,-0.012,-0.51,0.86,0,0.86,0.51,-1,0.006,-0.01],"_shiftlockState":false,"_pose":"Running","_animationQueue":[],"_animationSpeed":1.1,"_zoom":20.656},{"_mousePosition":[194,371],"_rootPartCFrame":[774.253,222.689,47.163,-0.006,0,1,0,1,0,-1,0,-0.006],"_humanoidState":8,"_cameraCFrame":[792.019,234.725,46.956,-0.012,-0.51,0.86,0,0.86,0.51,-1,0.006,-0.01],"_shiftlockState":false,"_pose":"Running","_animationQueue":[],"_animationSpeed":1.1,"_zoom":20.656},{"_mousePosition":[198,388],"_rootPartCFrame":[773.987,222.694,47.166,-0.007,0,1,0,1,0,-1,0,-0.007],"_humanoidState":8,"_cameraCFrame":[791.753,234.73,46.959,-0.012,-0.51,0.86,0,0.86,0.51,-1,0.006,-0.01],"_shiftlockState":false,"_pose":"Running","_animationQueue":[],"_animationSpeed":1.1,"_zoom":20.656},{"_mousePosition":[202,403],"_rootPartCFrame":[773.72,222.697,47.169,-0.007,0,1,0,1,0,-1,0,-0.007],"_humanoidState":8,"_cameraCFrame":[791.486,234.732,46.962,-0.012,-0.51,0.86,0,0.86,0.51,-1,0.006,-0.01],"_shiftlockState":false,"_pose":"Running","_animationQueue":[],"_animationSpeed":1.1,"_zoom":20.656},{"_mousePosition":[207,425],"_rootPartCFrame":[773.453,222.698,47.172,-0.008,0,1,0,1,0,-1,0,-0.008],"_humanoidState":8,"_cameraCFrame":[791.219,234.734,46.965,-0.012,-0.51,0.86,0,0.86,0.51,-1,0.006,-0.01],"_shiftlockState":false,"_pose":"Running","_animationQueue":[["walk",0.1]],"_animationSpeed":1.1,"_zoom":20.656},{"_mousePosition":[208,439],"_rootPartCFrame":[773.187,222.699,47.175,-0.008,0,1,0,1,0,-1,0,-0.008],"_humanoidState":8,"_cameraCFrame":[790.953,234.734,46.968,-0.012,-0.51,0.86,0,0.86,0.51,-1,0.006,-0.01],"_shiftlockState":false,"_pose":"Running","_animationQueue":[],"_animationSpeed":1.1,"_zoom":20.656},{"_mousePosition":[208,454],"_rootPartCFrame":[772.92,222.699,47.178,-0.009,0,1,0,1,0,-1,0,-0.009],"_humanoidState":8,"_cameraCFrame":[790.686,234.735,46.971,-0.012,-0.51,0.86,0,0.86,0.51,-1,0.006,-0.01],"_shiftlockState":false,"_pose":"Running","_animationQueue":[],"_animationSpeed":1.1,"_zoom":20.656},{"_mousePosition":[208,474],"_rootPartCFrame":[772.654,222.699,47.181,-0.009,0,1,0,1,0,-1,0,-0.009],"_humanoidState":8,"_cameraCFrame":[790.42,234.735,46.975,-0.012,-0.51,0.86,0,0.86,0.51,-1,0.006,-0.01],"_shiftlockState":false,"_pose":"Running","_animationQueue":[],"_animationSpeed":1.1,"_zoom":20.656},{"_mousePosition":[208,495],"_rootPartCFrame":[772.32,223.783,47.185,-0.01,0,1,0,1,0,-1,0,-0.01],"_humanoidState":3,"_cameraCFrame":[790.086,235.819,46.978,-0.012,-0.51,0.86,0,0.86,0.51,-1,0.006,-0.01],"_shiftlockState":false,"_pose":"Jumping","_animationQueue":[["walk",0.1],["jump",0.1]],"_animationSpeed":1,"_zoom":20.656},{"_mousePosition":[207,516],"_rootPartCFrame":[772.054,224.592,47.188,-0.01,0,1,0,1,0,-1,0,-0.01],"_humanoidState":5,"_cameraCFrame":[789.82,236.627,46.982,-0.012,-0.51,0.86,0,0.86,0.51,-1,0.006,-0.01],"_shiftlockState":false,"_pose":"FreeFall","_animationQueue":[["jump",0.1]],"_animationSpeed":1,"_zoom":20.656},{"_mousePosition":[205,538],"_rootPartCFrame":[771.854,225.162,47.19,-0.01,0,1,0,1,0,-1,0,-0.01],"_humanoidState":5,"_cameraCFrame":[789.62,237.198,46.984,-0.012,-0.51,0.86,0,0.86,0.51,-1,0.006,-0.01],"_shiftlockState":false,"_pose":"FreeFall","_animationQueue":[],"_animationSpeed":1,"_zoom":20.656},{"_mousePosition":[203,557],"_rootPartCFrame":[771.587,225.875,47.194,-0.01,0,1,0,1,0,-1,0,-0.01],"_humanoidState":5,"_cameraCFrame":[789.353,237.911,46.987,-0.012,-0.51,0.86,0,0.86,0.51,-1,0.006,-0.01],"_shiftlockState":false,"_pose":"FreeFall","_animationQueue":[],"_animationSpeed":1,"_zoom":20.656},{"_mousePosition":[200,573],"_rootPartCFrame":[771.254,226.69,47.197,-0.011,0,1,0,1,0,-1,0,-0.011],"_humanoidState":5,"_cameraCFrame":[789.02,238.725,46.991,-0.012,-0.51,0.86,0,0.86,0.51,-1,0.006,-0.01],"_shiftlockState":false,"_pose":"FreeFall","_animationQueue":[],"_animationSpeed":1,"_zoom":20.656},{"_mousePosition":[199,584],"_rootPartCFrame":[771.054,227.138,47.2,-0.011,0,1,0,1,0,-1,0,-0.011],"_humanoidState":5,"_cameraCFrame":[788.82,239.173,46.993,-0.012,-0.51,0.86,0,0.86,0.51,-1,0.006,-0.01],"_shiftlockState":false,"_pose":"FreeFall","_animationQueue":[],"_animationSpeed":1,"_zoom":20.656},{"_mousePosition":[198,591],"_rootPartCFrame":[770.787,227.687,47.203,-0.011,0,1,0,1,0,-1,0,-0.011],"_humanoidState":5,"_cameraCFrame":[788.553,239.723,46.996,-0.012,-0.51,0.86,0,0.86,0.51,-1,0.006,-0.01],"_shiftlockState":false,"_pose":"FreeFall","_animationQueue":[],"_animationSpeed":1,"_zoom":20.656},{"_mousePosition":[196,599],"_rootPartCFrame":[770.454,228.297,47.207,-0.011,0,1,0,1,0,-1,0,-0.011],"_humanoidState":5,"_cameraCFrame":[788.22,240.333,47,-0.012,-0.51,0.86,0,0.86,0.51,-1,0.006,-0.01],"_shiftlockState":false,"_pose":"FreeFall","_animationQueue":[],"_animationSpeed":1,"_zoom":20.656},{"_mousePosition":[196,601],"_rootPartCFrame":[770.197,228.724,47.187,0.061,0,0.998,0,1,0,-0.998,0,0.061],"_humanoidState":5,"_cameraCFrame":[787.963,240.76,46.98,-0.012,-0.51,0.86,0,0.86,0.51,-1,0.006,-0.01],"_shiftlockState":false,"_pose":"FreeFall","_animationQueue":[],"_animationSpeed":1,"_zoom":20.656},{"_mousePosition":[195,603],"_rootPartCFrame":[770.013,229.009,47.148,0.131,0,0.991,0,1,0,-0.991,0,0.131],"_humanoidState":5,"_cameraCFrame":[787.779,241.044,46.941,-0.012,-0.51,0.86,0,0.86,0.51,-1,0.006,-0.01],"_shiftlockState":false,"_pose":"FreeFall","_animationQueue":[],"_animationSpeed":1,"_zoom":20.656},{"_mousePosition":[194,605],"_rootPartCFrame":[769.782,229.34,47.063,0.218,0,0.976,0,1,0,-0.976,0,0.218],"_humanoidState":5,"_cameraCFrame":[787.548,241.376,46.857,-0.012,-0.51,0.86,0,0.86,0.51,-1,0.006,-0.01],"_shiftlockState":false,"_pose":"FreeFall","_animationQueue":[],"_animationSpeed":1,"_zoom":20.656},{"_mousePosition":[192,609],"_rootPartCFrame":[769.565,229.617,46.942,0.293,0,0.956,0,1,0,-0.956,0,0.293],"_humanoidState":5,"_cameraCFrame":[787.331,241.653,46.735,-0.012,-0.51,0.86,0,0.86,0.51,-1,0.006,-0.01],"_shiftlockState":false,"_pose":"FreeFall","_animationQueue":[],"_animationSpeed":1,"_zoom":20.656},{"_mousePosition":[189,613],"_rootPartCFrame":[769.315,229.887,46.738,0.372,0,0.928,0,1,0,-0.928,0,0.372],"_humanoidState":5,"_cameraCFrame":[787.081,241.923,46.532,-0.012,-0.51,0.86,0,0.86,0.51,-1,0.006,-0.01],"_shiftlockState":false,"_pose":"FreeFall","_animationQueue":[],"_animationSpeed":1,"_zoom":20.656},{"_mousePosition":[184,620],"_rootPartCFrame":[769.124,230.041,46.553,0.423,0,0.906,0,1,0,-0.906,0,0.423],"_humanoidState":5,"_cameraCFrame":[786.89,242.077,46.346,-0.012,-0.51,0.86,0,0.86,0.51,-1,0.006,-0.01],"_shiftlockState":false,"_pose":"FreeFall","_animationQueue":[],"_animationSpeed":1,"_zoom":20.656},{"_mousePosition":[175,630],"_rootPartCFrame":[768.981,230.121,46.413,0.456,0,0.89,0,1,0,-0.89,0,0.456],"_humanoidState":5,"_cameraCFrame":[786.747,242.157,46.206,-0.012,-0.51,0.86,0,0.86,0.51,-1,0.006,-0.01],"_shiftlockState":false,"_pose":"FreeFall","_animationQueue":[],"_animationSpeed":1,"_zoom":20.656},{"_mousePosition":[163,641],"_rootPartCFrame":[768.79,230.18,46.227,0.493,0,0.87,0,1,0,-0.87,0,0.493],"_humanoidState":5,"_cameraCFrame":[786.556,242.216,46.02,-0.012,-0.51,0.86,0,0.86,0.51,-1,0.006,-0.01],"_shiftlockState":false,"_pose":"FreeFall","_animationQueue":[],"_animationSpeed":1,"_zoom":20.656},{"_mousePosition":[146,654],"_rootPartCFrame":[768.552,230.177,45.994,0.531,0,0.847,0,1,0,-0.847,0,0.531],"_humanoidState":5,"_cameraCFrame":[786.318,242.213,45.787,-0.012,-0.51,0.86,0,0.86,0.51,-1,0.006,-0.01],"_shiftlockState":false,"_pose":"FreeFall","_animationQueue":[["fall",0.3]],"_animationSpeed":1,"_zoom":20.656},{"_mousePosition":[122,669],"_rootPartCFrame":[768.409,230.135,45.854,0.551,0,0.835,0,1,0,-0.835,0,0.551],"_humanoidState":5,"_cameraCFrame":[786.175,242.17,45.647,-0.012,-0.51,0.86,0,0.86,0.51,-1,0.006,-0.01],"_shiftlockState":false,"_pose":"FreeFall","_animationQueue":[],"_animationSpeed":1,"_zoom":20.656},{"_mousePosition":[67,697],"_rootPartCFrame":[768.218,230.03,45.668,0.573,0,0.82,0,1,0,-0.82,0,0.573],"_humanoidState":5,"_cameraCFrame":[785.984,242.066,45.461,-0.012,-0.51,0.86,0,0.86,0.51,-1,0.006,-0.01],"_shiftlockState":false,"_pose":"FreeFall","_animationQueue":[],"_animationSpeed":1,"_zoom":20.656},{"_mousePosition":[47,706],"_rootPartCFrame":[767.98,229.823,45.435,0.596,0,0.803,0,1,0,-0.803,0,0.596],"_humanoidState":5,"_cameraCFrame":[785.746,241.859,45.228,-0.012,-0.51,0.86,0,0.86,0.51,-1,0.006,-0.01],"_shiftlockState":false,"_pose":"FreeFall","_animationQueue":[],"_animationSpeed":1,"_zoom":20.656},{"_mousePosition":[0,734],"_rootPartCFrame":[767.837,229.658,45.295,0.608,0,0.794,0,1,0,-0.794,0,0.608],"_humanoidState":5,"_cameraCFrame":[785.603,241.694,45.088,-0.012,-0.51,0.86,0,0.86,0.51,-1,0.006,-0.01],"_shiftlockState":false,"_pose":"FreeFall","_animationQueue":[],"_animationSpeed":1,"_zoom":20.656},{"_mousePosition":[0,750],"_rootPartCFrame":[767.646,229.39,45.109,0.621,0,0.784,0,1,0,-0.784,0,0.621],"_humanoidState":5,"_cameraCFrame":[785.392,241.426,43.152,-0.012,-0.51,0.86,0,0.86,0.51,-1,0.006,-0.01],"_shiftlockState":true,"_pose":"FreeFall","_animationQueue":[],"_animationSpeed":1,"_zoom":20.656},{"_mousePosition":[683,384],"_rootPartCFrame":[767.408,228.978,44.876,0.09,0,0.996,0,1,0,-0.996,0,0.09],"_humanoidState":5,"_cameraCFrame":[785.153,241.014,42.919,-0.012,-0.51,0.86,0,0.86,0.51,-1,0.006,-0.01],"_shiftlockState":true,"_pose":"FreeFall","_animationQueue":[],"_animationSpeed":1,"_zoom":20.656},{"_mousePosition":[683,384],"_rootPartCFrame":[767.217,228.588,44.689,0.091,0,0.996,0,1,0,-0.996,0,0.091],"_humanoidState":5,"_cameraCFrame":[784.653,240.899,41.715,-0.07,-0.522,0.85,0,0.852,0.523,-0.998,0.037,-0.059],"_shiftlockState":true,"_pose":"FreeFall","_animationQueue":[["fall",0.3]],"_animationSpeed":1,"_zoom":20.656},{"_mousePosition":[683,384],"_rootPartCFrame":[767.026,228.143,44.503,0.04,0,0.999,0,1,0,-0.999,0,0.04],"_humanoidState":5,"_cameraCFrame":[784.098,240.761,40.674,-0.12,-0.534,0.837,0,0.843,0.538,-0.993,0.065,-0.101],"_shiftlockState":true,"_pose":"FreeFall","_animationQueue":[],"_animationSpeed":1,"_zoom":20.656},{"_mousePosition":[683,384],"_rootPartCFrame":[766.827,227.643,44.326,-0.009,0,1,0,1,0,-1,0,-0.009],"_humanoidState":5,"_cameraCFrame":[783.51,240.531,39.668,-0.17,-0.543,0.822,0,0.834,0.551,-0.985,0.094,-0.142],"_shiftlockState":true,"_pose":"FreeFall","_animationQueue":[],"_animationSpeed":1,"_zoom":20.656},{"_mousePosition":[683,384],"_rootPartCFrame":[766.67,227.233,44.201,-0.087,0,0.996,0,1,0,-0.996,0,-0.087],"_humanoidState":5,"_cameraCFrame":[782.949,240.388,38.827,-0.215,-0.551,0.806,0,0.826,0.564,-0.977,0.121,-0.177],"_shiftlockState":true,"_pose":"FreeFall","_animationQueue":[],"_animationSpeed":1,"_zoom":20.656},{"_mousePosition":[683,384],"_rootPartCFrame":[766.454,226.638,44.046,-0.105,0,0.994,0,1,0,-0.994,0,-0.105],"_humanoidState":5,"_cameraCFrame":[782.369,239.992,38.052,-0.254,-0.555,0.792,0,0.819,0.574,-0.967,0.146,-0.208],"_shiftlockState":true,"_pose":"FreeFall","_animationQueue":[],"_animationSpeed":1,"_zoom":20.656},{"_mousePosition":[683,384],"_rootPartCFrame":[766.23,225.988,43.901,-0.146,0,0.989,0,1,0,-0.989,0,-0.146],"_humanoidState":5,"_cameraCFrame":[781.883,239.474,37.492,-0.281,-0.557,0.782,0,0.814,0.58,-0.96,0.163,-0.229],"_shiftlockState":true,"_pose":"FreeFall","_animationQueue":[],"_animationSpeed":1,"_zoom":20.656},{"_mousePosition":[683,384],"_rootPartCFrame":[766.001,225.284,43.765,-0.175,0,0.985,0,1,0,-0.985,0,-0.175],"_humanoidState":5,"_cameraCFrame":[781.565,238.803,37.205,-0.291,-0.557,0.778,0,0.813,0.582,-0.957,0.169,-0.237],"_shiftlockState":true,"_pose":"FreeFall","_animationQueue":[],"_animationSpeed":1,"_zoom":20.656},{"_mousePosition":[683,384],"_rootPartCFrame":[765.742,224.327,43.574,-0.136,0,0.991,0,1,0,-0.991,0,-0.136],"_humanoidState":5,"_cameraCFrame":[781.307,237.846,37.014,-0.291,-0.557,0.778,0,0.813,0.582,-0.957,0.169,-0.237],"_shiftlockState":true,"_pose":"FreeFall","_animationQueue":[["fall",0.3]],"_animationSpeed":1,"_zoom":20.656},{"_mousePosition":[683,384],"_rootPartCFrame":[765.634,223.501,43.343,-0.259,0,0.966,0,1,0,-0.966,0,-0.259],"_humanoidState":7,"_cameraCFrame":[781.199,237.019,36.783,-0.291,-0.557,0.778,0,0.813,0.582,-0.957,0.169,-0.237],"_shiftlockState":true,"_pose":"FreeFall","_animationQueue":[["walk",0.1],["fall",0.3],["fall",0.3]],"_animationSpeed":1,"_zoom":20.656},{"_mousePosition":[683,384],"_rootPartCFrame":[765.575,223.325,43.152,-0.289,0,0.957,0,1,0,-0.957,0,-0.289],"_humanoidState":7,"_cameraCFrame":[781.106,236.843,36.514,-0.296,-0.556,0.777,0,0.813,0.582,-0.955,0.172,-0.24],"_shiftlockState":true,"_pose":"FreeFall","_animationQueue":[],"_animationSpeed":1,"_zoom":20.656},{"_mousePosition":[683,384],"_rootPartCFrame":[765.478,223.417,42.833,-0.295,0,0.955,0,1,0,-0.955,0,-0.295],"_humanoidState":8,"_cameraCFrame":[780.924,236.935,35.999,-0.308,-0.554,0.774,0,0.813,0.582,-0.951,0.179,-0.25],"_shiftlockState":true,"_pose":"Running","_animationQueue":[["walk",0.1],["fall",0.3],["walk",0.1]],"_animationSpeed":1.103,"_zoom":20.656},{"_mousePosition":[683,384],"_rootPartCFrame":[765.419,223.471,42.642,-0.308,0,0.951,0,1,0,-0.951,0,-0.308],"_humanoidState":8,"_cameraCFrame":[780.613,236.99,35.265,-0.341,-0.547,0.764,0,0.813,0.582,-0.94,0.199,-0.278],"_shiftlockState":true,"_pose":"Running","_animationQueue":[],"_animationSpeed":1.103,"_zoom":20.656},{"_mousePosition":[683,384],"_rootPartCFrame":[765.338,223.518,42.388,-0.341,0,0.94,0,1,0,-0.94,0,-0.341],"_humanoidState":8,"_cameraCFrame":[780.18,237.036,34.327,-0.384,-0.537,0.751,0,0.813,0.582,-0.923,0.223,-0.312],"_shiftlockState":true,"_pose":"Running","_animationQueue":[],"_animationSpeed":1.103,"_zoom":20.656},{"_mousePosition":[683,384],"_rootPartCFrame":[765.248,223.544,42.137,-0.384,0,0.923,0,1,0,-0.923,0,-0.384],"_humanoidState":8,"_cameraCFrame":[779.599,237.127,33.319,-0.432,-0.528,0.731,0,0.811,0.585,-0.902,0.253,-0.351],"_shiftlockState":true,"_pose":"Running","_animationQueue":[],"_animationSpeed":1.103,"_zoom":20.656},{"_mousePosition":[683,384],"_rootPartCFrame":[765.147,223.558,41.89,-0.432,0,0.902,0,1,0,-0.902,0,-0.432],"_humanoidState":8,"_cameraCFrame":[778.923,237.239,32.321,-0.482,-0.517,0.708,0,0.808,0.59,-0.876,0.284,-0.389],"_shiftlockState":true,"_pose":"Running","_animationQueue":[["walk",0.1]],"_animationSpeed":1.103,"_zoom":20.656},{"_mousePosition":[683,384],"_rootPartCFrame":[765.034,223.566,41.649,-0.482,0,0.876,0,1,0,-0.876,0,-0.482],"_humanoidState":8,"_cameraCFrame":[778.227,237.377,31.445,-0.525,-0.507,0.683,0,0.803,0.596,-0.851,0.313,-0.422],"_shiftlockState":true,"_pose":"Running","_animationQueue":[],"_animationSpeed":1.103,"_zoom":20.656},{"_mousePosition":[683,384],"_rootPartCFrame":[764.908,223.57,41.414,-0.525,0,0.851,0,1,0,-0.851,0,-0.525],"_humanoidState":8,"_cameraCFrame":[777.522,237.542,30.688,-0.564,-0.499,0.658,0,0.797,0.604,-0.826,0.34,-0.449],"_shiftlockState":true,"_pose":"Running","_animationQueue":[],"_animationSpeed":1.103,"_zoom":20.656},{"_mousePosition":[683,384],"_rootPartCFrame":[764.734,223.572,41.13,-0.564,0,0.826,0,1,0,-0.826,0,-0.564],"_humanoidState":8,"_cameraCFrame":[776.778,237.704,29.944,-0.599,-0.49,0.634,0,0.791,0.612,-0.801,0.366,-0.474],"_shiftlockState":true,"_pose":"Running","_animationQueue":[],"_animationSpeed":1.103,"_zoom":20.656},{"_mousePosition":[683,384],"_rootPartCFrame":[764.629,224.225,40.959,-0.599,0,0.801,0,1,0,-0.801,0,-0.599],"_humanoidState":3,"_cameraCFrame":[776.007,238.547,29.303,-0.636,-0.479,0.605,0,0.784,0.621,-0.771,0.395,-0.499],"_shiftlockState":true,"_pose":"Jumping","_animationQueue":[["walk",0.1],["jump",0.1]],"_animationSpeed":1,"_zoom":20.656},{"_mousePosition":[683,384],"_rootPartCFrame":[764.474,225.047,40.743,-0.563,0,0.827,0,1,0,-0.827,0,-0.563],"_humanoidState":5,"_cameraCFrame":[774.36,239.651,28.082,-0.716,-0.443,0.539,0,0.773,0.634,-0.698,0.455,-0.554],"_shiftlockState":true,"_pose":"FreeFall","_animationQueue":[["jump",0.1]],"_animationSpeed":1,"_zoom":20.656},{"_mousePosition":[683,384],"_rootPartCFrame":[764.263,225.998,40.484,-0.595,0,0.804,0,1,0,-0.804,0,-0.595],"_humanoidState":5,"_cameraCFrame":[773.511,240.695,27.444,-0.747,-0.424,0.511,0,0.769,0.639,-0.664,0.478,-0.575],"_shiftlockState":true,"_pose":"FreeFall","_animationQueue":[],"_animationSpeed":1,"_zoom":20.656},{"_mousePosition":[683,384],"_rootPartCFrame":[764.126,226.527,40.339,-0.678,0,0.735,0,1,0,-0.735,0,-0.678],"_humanoidState":5,"_cameraCFrame":[771.111,241.471,26.189,-0.842,-0.351,0.409,0,0.759,0.651,-0.539,0.548,-0.639],"_shiftlockState":true,"_pose":"FreeFall","_animationQueue":[],"_animationSpeed":1,"_zoom":20.656},{"_mousePosition":[683,384],"_rootPartCFrame":[763.928,227.186,40.161,-0.763,0,0.646,0,1,0,-0.646,0,-0.763],"_humanoidState":5,"_cameraCFrame":[769.176,242.251,25.39,-0.899,-0.288,0.33,0,0.754,0.657,-0.438,0.59,-0.678],"_shiftlockState":true,"_pose":"FreeFall","_animationQueue":[],"_animationSpeed":1,"_zoom":20.656},{"_mousePosition":[683,384],"_rootPartCFrame":[763.715,227.79,40.003,-0.833,0,0.553,0,1,0,-0.553,0,-0.833],"_humanoidState":5,"_cameraCFrame":[767.069,242.946,24.771,-0.946,-0.214,0.243,0,0.75,0.661,-0.323,0.626,-0.71],"_shiftlockState":true,"_pose":"FreeFall","_animationQueue":[],"_animationSpeed":1,"_zoom":20.656},{"_mousePosition":[683,384],"_rootPartCFrame":[763.481,228.339,39.875,-0.895,0,0.446,0,1,0,-0.446,0,-0.895],"_humanoidState":5,"_cameraCFrame":[764.709,243.616,24.434,-0.982,-0.128,0.143,0,0.745,0.667,-0.191,0.655,-0.731],"_shiftlockState":true,"_pose":"FreeFall","_animationQueue":[],"_animationSpeed":1,"_zoom":20.656},{"_mousePosition":[683,384],"_rootPartCFrame":[763.171,228.95,39.756,-0.936,0,0.351,0,1,0,-0.351,0,-0.936],"_humanoidState":5,"_cameraCFrame":[762.161,244.346,24.406,-0.999,-0.032,0.036,0,0.74,0.673,-0.048,0.672,-0.739],"_shiftlockState":true,"_pose":"FreeFall","_animationQueue":[],"_animationSpeed":1,"_zoom":20.656},{"_mousePosition":[683,384],"_rootPartCFrame":[762.912,229.376,39.692,-0.984,0,0.181,0,1,0,-0.181,0,-0.984],"_humanoidState":5,"_cameraCFrame":[759.717,244.891,24.755,-0.995,0.065,-0.07,0,0.735,0.678,0.096,0.675,-0.731],"_shiftlockState":true,"_pose":"FreeFall","_animationQueue":[],"_animationSpeed":1,"_zoom":20.656},{"_mousePosition":[683,384],"_rootPartCFrame":[762.715,229.661,39.666,-1,0,0.004,0,1,0,-0.004,0,-1],"_humanoidState":5,"_cameraCFrame":[757.576,245.294,25.398,-0.974,0.156,-0.166,0,0.729,0.684,0.228,0.666,-0.71],"_shiftlockState":true,"_pose":"FreeFall","_animationQueue":[],"_animationSpeed":1,"_zoom":20.656},{"_mousePosition":[683,384],"_rootPartCFrame":[762.383,230.067,39.672,-0.998,0,-0.063,0,1,0,0.063,0,-0.998],"_humanoidState":5,"_cameraCFrame":[755.601,245.846,26.262,-0.939,0.238,-0.249,0,0.723,0.691,0.344,0.649,-0.678],"_shiftlockState":true,"_pose":"FreeFall","_animationQueue":[],"_animationSpeed":1,"_zoom":20.656},{"_mousePosition":[683,384],"_rootPartCFrame":[762.186,230.269,39.703,-0.969,0,-0.249,0,1,0,0.249,0,-0.969],"_humanoidState":5,"_cameraCFrame":[754.144,246.193,27.172,-0.899,0.305,-0.313,0,0.716,0.698,0.437,0.628,-0.644],"_shiftlockState":true,"_pose":"FreeFall","_animationQueue":[],"_animationSpeed":1,"_zoom":20.656},{"_mousePosition":[683,384],"_rootPartCFrame":[761.931,230.492,39.778,-0.949,0,-0.314,0,1,0,0.314,0,-0.949],"_humanoidState":5,"_cameraCFrame":[752.989,246.587,28.085,-0.861,0.359,-0.36,0,0.708,0.707,0.509,0.608,-0.609],"_shiftlockState":true,"_pose":"FreeFall","_animationQueue":[],"_animationSpeed":1,"_zoom":20.656},{"_mousePosition":[683,384],"_rootPartCFrame":[761.688,230.66,39.886,-0.921,0,-0.39,0,1,0,0.39,0,-0.921],"_humanoidState":5,"_cameraCFrame":[752.076,246.897,28.924,-0.826,0.403,-0.395,0,0.701,0.713,0.564,0.589,-0.578],"_shiftlockState":true,"_pose":"FreeFall","_animationQueue":[],"_animationSpeed":1,"_zoom":20.656},{"_mousePosition":[683,384],"_rootPartCFrame":[761.456,230.773,40.017,-0.893,0,-0.45,0,1,0,0.45,0,-0.893],"_humanoidState":5,"_cameraCFrame":[751.034,247.234,30.153,-0.771,0.461,-0.439,0,0.689,0.724,0.637,0.558,-0.531],"_shiftlockState":true,"_pose":"FreeFall","_animationQueue":[],"_animationSpeed":1,"_zoom":20.656},{"_mousePosition":[683,384],"_rootPartCFrame":[761.179,230.839,40.202,-0.866,0,-0.5,0,1,0,0.5,0,-0.866],"_humanoidState":5,"_cameraCFrame":[750.281,247.41,31.047,-0.732,0.497,-0.466,0,0.684,0.73,0.681,0.534,-0.501],"_shiftlockState":true,"_pose":"FreeFall","_animationQueue":[["fall",0.3]],"_animationSpeed":1,"_zoom":20.656},{"_mousePosition":[683,384],"_rootPartCFrame":[761.021,230.837,40.325,-0.797,0,-0.604,0,1,0,0.604,0,-0.797],"_humanoidState":5,"_cameraCFrame":[749.737,247.518,31.844,-0.695,0.528,-0.487,0,0.678,0.735,0.719,0.511,-0.471],"_shiftlockState":true,"_pose":"FreeFall","_animationQueue":[],"_animationSpeed":1,"_zoom":20.656},{"_mousePosition":[683,384],"_rootPartCFrame":[760.824,230.787,40.504,-0.785,0,-0.62,0,1,0,0.62,0,-0.785],"_humanoidState":5,"_cameraCFrame":[749.232,247.55,32.605,-0.662,0.554,-0.505,0,0.674,0.739,0.75,0.489,-0.446],"_shiftlockState":true,"_pose":"FreeFall","_animationQueue":[],"_animationSpeed":1,"_zoom":20.656},{"_mousePosition":[683,384],"_rootPartCFrame":[760.637,230.683,40.694,-0.756,0,-0.655,0,1,0,0.655,0,-0.756],"_humanoidState":5,"_cameraCFrame":[748.861,247.526,33.237,-0.637,0.573,-0.516,0,0.669,0.743,0.771,0.473,-0.426],"_shiftlockState":true,"_pose":"FreeFall","_animationQueue":[],"_animationSpeed":1,"_zoom":20.656},{"_mousePosition":[683,384],"_rootPartCFrame":[760.459,230.524,40.893,-0.734,0,-0.68,0,1,0,0.68,0,-0.734],"_humanoidState":5,"_cameraCFrame":[748.65,247.394,33.545,-0.631,0.577,-0.518,0,0.668,0.744,0.776,0.469,-0.421],"_shiftlockState":true,"_pose":"FreeFall","_animationQueue":[],"_animationSpeed":1,"_zoom":20.656},{"_mousePosition":[683,384],"_rootPartCFrame":[760.246,230.248,41.149,-0.751,0,-0.66,0,1,0,0.66,0,-0.751],"_humanoidState":5,"_cameraCFrame":[748.418,247.119,33.831,-0.629,0.579,-0.519,0,0.668,0.744,0.777,0.468,-0.42],"_shiftlockState":true,"_pose":"FreeFall","_animationQueue":[],"_animationSpeed":1,"_zoom":20.656},{"_mousePosition":[683,384],"_rootPartCFrame":[760.12,230.042,41.304,-0.703,0,-0.711,0,1,0,0.711,0,-0.703],"_humanoidState":5,"_cameraCFrame":[748.389,246.94,33.885,-0.637,0.575,-0.514,0,0.667,0.745,0.771,0.475,-0.424],"_shiftlockState":true,"_pose":"FreeFall","_animationQueue":[],"_animationSpeed":1,"_zoom":20.656},{"_mousePosition":[683,384],"_rootPartCFrame":[759.952,229.72,41.511,-0.734,0,-0.68,0,1,0,0.68,0,-0.734],"_humanoidState":5,"_cameraCFrame":[748.574,246.644,33.615,-0.669,0.555,-0.494,0,0.665,0.747,0.743,0.5,-0.445],"_shiftlockState":true,"_pose":"FreeFall","_animationQueue":[["fall",0.3]],"_animationSpeed":1,"_zoom":20.656},{"_mousePosition":[683,384],"_rootPartCFrame":[759.74,229.24,41.769,-0.783,0,-0.622,0,1,0,0.622,0,-0.783],"_humanoidState":5,"_cameraCFrame":[749.079,246.218,33.022,-0.727,0.514,-0.455,0,0.662,0.749,0.686,0.545,-0.482],"_shiftlockState":true,"_pose":"FreeFall","_animationQueue":[],"_animationSpeed":1,"_zoom":20.656},{"_mousePosition":[683,384],"_rootPartCFrame":[759.607,228.911,41.918,-0.792,0,-0.61,0,1,0,0.61,0,-0.792],"_humanoidState":5,"_cameraCFrame":[750.182,245.995,32.017,-0.807,0.446,-0.388,0,0.656,0.754,0.591,0.609,-0.529],"_shiftlockState":true,"_pose":"FreeFall","_animationQueue":[],"_animationSpeed":1,"_zoom":20.656},{"_mousePosition":[683,384],"_rootPartCFrame":[759.369,228.295,42.15,-0.893,0,-0.449,0,1,0,0.449,0,-0.893],"_humanoidState":5,"_cameraCFrame":[751.816,245.563,31.011,-0.894,0.343,-0.29,0,0.646,0.763,0.449,0.682,-0.577],"_shiftlockState":true,"_pose":"FreeFall","_animationQueue":[],"_animationSpeed":1,"_zoom":20.656},{"_mousePosition":[683,384],"_rootPartCFrame":[759.16,227.741,42.316,-0.945,0,-0.326,0,1,0,0.326,0,-0.945],"_humanoidState":5,"_cameraCFrame":[755.203,245.392,29.938,-0.985,0.136,-0.108,0,0.623,0.782,0.173,0.77,-0.614],"_shiftlockState":true,"_pose":"FreeFall","_animationQueue":[],"_animationSpeed":1,"_zoom":20.656},{"_mousePosition":[683,384],"_rootPartCFrame":[758.934,227.132,42.454,-0.999,0,-0.041,0,1,0,0.041,0,-0.999],"_humanoidState":5,"_cameraCFrame":[757.726,245.08,29.894,-0.999,-0.034,0.026,0,0.605,0.796,-0.043,0.796,-0.604],"_shiftlockState":true,"_pose":"FreeFall","_animationQueue":[],"_animationSpeed":1,"_zoom":20.656},{"_mousePosition":[683,384],"_rootPartCFrame":[758.69,226.469,42.556,-0.984,0,0.176,0,1,0,-0.176,0,-0.984],"_humanoidState":5,"_cameraCFrame":[760.154,244.704,30.41,-0.966,-0.211,0.153,0,0.586,0.81,-0.26,0.782,-0.566],"_shiftlockState":true,"_pose":"FreeFall","_animationQueue":[["fall",0.3]],"_animationSpeed":1,"_zoom":20.656},{"_mousePosition":[683,384],"_rootPartCFrame":[758.502,225.936,42.608,-0.935,0,0.355,0,1,0,-0.355,0,-0.935],"_humanoidState":5,"_cameraCFrame":[762.257,244.45,31.375,-0.891,-0.374,0.257,0,0.567,0.824,-0.454,0.734,-0.505],"_shiftlockState":true,"_pose":"FreeFall","_animationQueue":[],"_animationSpeed":1,"_zoom":20.656},{"_mousePosition":[683,384],"_rootPartCFrame":[758.184,224.98,42.644,-0.804,0,0.595,0,1,0,-0.595,0,-0.804],"_humanoidState":5,"_cameraCFrame":[763.71,243.718,32.543,-0.794,-0.507,0.335,0,0.551,0.835,-0.608,0.663,-0.438],"_shiftlockState":true,"_pose":"FreeFall","_animationQueue":[],"_animationSpeed":1,"_zoom":20.656},{"_mousePosition":[683,384],"_rootPartCFrame":[757.995,224.365,42.636,-0.73,0,0.684,0,1,0,-0.684,0,-0.73],"_humanoidState":5,"_cameraCFrame":[764.813,243.279,33.691,-0.691,-0.609,0.389,0,0.538,0.843,-0.723,0.583,-0.372],"_shiftlockState":true,"_pose":"FreeFall","_animationQueue":[],"_animationSpeed":1,"_zoom":20.656},{"_mousePosition":[683,384],"_rootPartCFrame":[757.719,223.381,42.472,-0.659,0,0.752,0,1,0,-0.752,0,-0.659],"_humanoidState":7,"_cameraCFrame":[765.353,242.402,34.444,-0.607,-0.674,0.421,0,0.53,0.848,-0.795,0.515,-0.321],"_shiftlockState":true,"_pose":"FreeFall","_animationQueue":[["walk",0.1],["fall",0.3],["fall",0.3]],"_animationSpeed":1,"_zoom":20.656},{"_mousePosition":[683,384],"_rootPartCFrame":[757.531,223.334,42.285,-0.604,0,0.797,0,1,0,-0.797,0,-0.604],"_humanoidState":7,"_cameraCFrame":[765.61,242.376,34.754,-0.557,-0.705,0.438,0,0.528,0.849,-0.83,0.473,-0.294],"_shiftlockState":true,"_pose":"FreeFall","_animationQueue":[],"_animationSpeed":1,"_zoom":20.656},{"_mousePosition":[683,384],"_rootPartCFrame":[757.366,223.423,42.075,-0.557,0,0.83,0,1,0,-0.83,0,-0.557],"_humanoidState":8,"_cameraCFrame":[765.577,242.466,34.689,-0.543,-0.713,0.443,0,0.528,0.849,-0.84,0.461,-0.286],"_shiftlockState":true,"_pose":"Running","_animationQueue":[["walk",0.1],["fall",0.3],["walk",0.1]],"_animationSpeed":1.103,"_zoom":20.656},{"_mousePosition":[683,384],"_rootPartCFrame":[757.215,223.49,41.855,-0.543,0,0.84,0,1,0,-0.84,0,-0.543],"_humanoidState":8,"_cameraCFrame":[765.284,242.511,34.265,-0.562,-0.702,0.438,0,0.53,0.848,-0.827,0.476,-0.297],"_shiftlockState":true,"_pose":"Running","_animationQueue":[["walk",0.1]],"_animationSpeed":1.103,"_zoom":20.656},{"_mousePosition":[683,384],"_rootPartCFrame":[757.07,223.528,41.632,-0.562,0,0.827,0,1,0,-0.827,0,-0.562],"_humanoidState":8,"_cameraCFrame":[764.785,242.485,33.542,-0.607,-0.672,0.425,0,0.535,0.845,-0.795,0.513,-0.324],"_shiftlockState":true,"_pose":"Running","_animationQueue":[],"_animationSpeed":1.103,"_zoom":20.656},{"_mousePosition":[683,384],"_rootPartCFrame":[756.921,223.549,41.411,-0.607,0,0.795,0,1,0,-0.795,0,-0.607],"_humanoidState":8,"_cameraCFrame":[764.048,242.485,32.754,-0.663,-0.632,0.401,0,0.536,0.844,-0.748,0.56,-0.356],"_shiftlockState":true,"_pose":"Running","_animationQueue":[],"_animationSpeed":1.103,"_zoom":20.656},{"_mousePosition":[683,384],"_rootPartCFrame":[756.76,223.561,41.197,-0.663,0,0.748,0,1,0,-0.748,0,-0.663],"_humanoidState":8,"_cameraCFrame":[763.234,242.453,31.96,-0.72,-0.584,0.374,0,0.539,0.842,-0.694,0.606,-0.388],"_shiftlockState":true,"_pose":"Running","_animationQueue":[],"_animationSpeed":1.103,"_zoom":20.656},{"_mousePosition":[683,384],"_rootPartCFrame":[756.599,223.536,40.985,-0.72,0,0.694,0,1,0,-0.694,0,-0.72],"_humanoidState":8,"_cameraCFrame":[761.996,242.275,30.815,-0.802,-0.499,0.329,0,0.551,0.835,-0.598,0.669,-0.442],"_shiftlockState":true,"_pose":"Running","_animationQueue":[],"_animationSpeed":1.103,"_zoom":20.656},{"_mousePosition":[683,384],"_rootPartCFrame":[756.437,223.456,40.773,-0.802,0,0.598,0,1,0,-0.598,0,-0.802],"_humanoidState":8,"_cameraCFrame":[761.065,242.106,30.087,-0.848,-0.441,0.296,0,0.557,0.83,-0.531,0.704,-0.472],"_shiftlockState":true,"_pose":"Running","_animationQueue":[],"_animationSpeed":1.103,"_zoom":20.656},{"_mousePosition":[683,384],"_rootPartCFrame":[756.275,223.322,40.561,-0.848,0,0.531,0,1,0,-0.531,0,-0.848],"_humanoidState":8,"_cameraCFrame":[760.169,241.882,29.446,-0.884,-0.386,0.263,0,0.564,0.826,-0.467,0.73,-0.499],"_shiftlockState":true,"_pose":"Running","_animationQueue":[],"_animationSpeed":1.103,"_zoom":20.656},{"_mousePosition":[683,384],"_rootPartCFrame":[756.113,223.134,40.349,-0.884,0,0.467,0,1,0,-0.467,0,-0.884],"_humanoidState":8,"_cameraCFrame":[759.219,241.579,28.819,-0.917,-0.327,0.228,0,0.572,0.82,-0.399,0.752,-0.524],"_shiftlockState":true,"_pose":"Running","_animationQueue":[["walk",0.1]],"_animationSpeed":1.103,"_zoom":20.656},{"_mousePosition":[683,384],"_rootPartCFrame":[755.911,224.204,40.084,-0.917,0,0.399,0,1,0,-0.399,0,-0.917],"_humanoidState":3,"_cameraCFrame":[758.237,242.556,28.239,-0.943,-0.272,0.192,0,0.578,0.816,-0.333,0.769,-0.545],"_shiftlockState":true,"_pose":"Jumping","_animationQueue":[["walk",0.1],["jump",0.1]],"_animationSpeed":1,"_zoom":20.656},{"_mousePosition":[683,384],"_rootPartCFrame":[755.78,224.805,39.937,-0.92,0,0.391,0,1,0,-0.391,0,-0.92],"_humanoidState":5,"_cameraCFrame":[757.296,243.064,27.83,-0.964,-0.215,0.155,0,0.585,0.811,-0.265,0.782,-0.564],"_shiftlockState":true,"_pose":"FreeFall","_animationQueue":[["jump",0.1]],"_animationSpeed":1,"_zoom":20.656},{"_mousePosition":[683,384],"_rootPartCFrame":[755.586,225.559,39.769,-0.924,0,0.384,0,1,0,-0.384,0,-0.924],"_humanoidState":5,"_cameraCFrame":[756.26,243.747,27.489,-0.981,-0.159,0.116,0,0.589,0.808,-0.196,0.792,-0.578],"_shiftlockState":true,"_pose":"FreeFall","_animationQueue":[],"_animationSpeed":1,"_zoom":20.656},{"_mousePosition":[683,384],"_rootPartCFrame":[755.369,226.259,39.634,-0.946,0,0.324,0,1,0,-0.324,0,-0.946],"_humanoidState":5,"_cameraCFrame":[755.189,244.351,27.208,-0.992,-0.102,0.075,0,0.596,0.803,-0.126,0.797,-0.591],"_shiftlockState":true,"_pose":"FreeFall","_animationQueue":[],"_animationSpeed":1,"_zoom":20.656},{"_mousePosition":[683,384],"_rootPartCFrame":[755.071,227.056,39.513,-0.957,0,0.289,0,1,0,-0.289,0,-0.957],"_humanoidState":5,"_cameraCFrame":[754.114,245.052,26.995,-0.998,-0.051,0.038,0,0.602,0.799,-0.063,0.797,-0.601],"_shiftlockState":true,"_pose":"FreeFall","_animationQueue":[],"_animationSpeed":1,"_zoom":20.656},{"_mousePosition":[683,384],"_rootPartCFrame":[754.88,227.494,39.468,-0.987,0,0.163,0,1,0,-0.163,0,-0.987],"_humanoidState":5,"_cameraCFrame":[753.26,245.441,26.955,-1,-0.008,0.006,0,0.605,0.796,-0.01,0.796,-0.605],"_shiftlockState":true,"_pose":"FreeFall","_animationQueue":[],"_animationSpeed":1,"_zoom":20.656},{"_mousePosition":[683,384],"_rootPartCFrame":[754.617,228.03,39.44,-0.99,0,0.143,0,1,0,-0.143,0,-0.99],"_humanoidState":5,"_cameraCFrame":[752.428,245.977,27.013,-0.999,0.028,-0.021,0,0.605,0.796,0.035,0.796,-0.605],"_shiftlockState":true,"_pose":"FreeFall","_animationQueue":[],"_animationSpeed":1,"_zoom":20.656},{"_mousePosition":[683,384],"_rootPartCFrame":[754.35,228.511,39.435,-0.995,0,0.098,0,1,0,-0.098,0,-0.995],"_humanoidState":5,"_cameraCFrame":[751.692,246.459,27.1,-0.997,0.058,-0.044,0,0.605,0.796,0.073,0.794,-0.603],"_shiftlockState":true,"_pose":"FreeFall","_animationQueue":[],"_animationSpeed":1,"_zoom":20.656},{"_mousePosition":[683,384],"_rootPartCFrame":[754.084,228.938,39.442,-0.998,0,0.06,0,1,0,-0.06,0,-0.998],"_humanoidState":5,"_cameraCFrame":[750.866,246.885,27.241,-0.993,0.094,-0.072,0,0.605,0.796,0.118,0.791,-0.601],"_shiftlockState":true,"_pose":"FreeFall","_animationQueue":[],"_animationSpeed":1,"_zoom":20.656},{"_mousePosition":[683,384],"_rootPartCFrame":[753.751,229.395,39.465,-0.999,0,0.048,0,1,0,-0.048,0,-0.999],"_humanoidState":5,"_cameraCFrame":[750.165,247.342,27.367,-0.989,0.118,-0.09,0,0.605,0.796,0.149,0.787,-0.598],"_shiftlockState":true,"_pose":"FreeFall","_animationQueue":[],"_animationSpeed":1,"_zoom":20.656},{"_mousePosition":[683,384],"_rootPartCFrame":[753.486,229.699,39.495,-1,0,-0.016,0,1,0,0.016,0,-1],"_humanoidState":5,"_cameraCFrame":[749.474,247.647,27.532,-0.983,0.146,-0.111,0,0.605,0.796,0.183,0.783,-0.595],"_shiftlockState":true,"_pose":"FreeFall","_animationQueue":[],"_animationSpeed":1,"_zoom":20.656},{"_mousePosition":[683,384],"_rootPartCFrame":[753.288,229.892,39.523,-0.996,0,-0.084,0,1,0,0.084,0,-0.996],"_humanoidState":5,"_cameraCFrame":[748.854,247.839,27.71,-0.976,0.174,-0.132,0,0.605,0.796,0.218,0.777,-0.59],"_shiftlockState":true,"_pose":"FreeFall","_animationQueue":[],"_animationSpeed":1,"_zoom":20.656},{"_mousePosition":[683,384],"_rootPartCFrame":[753.026,230.101,39.571,-0.996,0,-0.087,0,1,0,0.087,0,-0.996],"_humanoidState":5,"_cameraCFrame":[748.147,248.048,27.934,-0.967,0.203,-0.154,0,0.605,0.796,0.255,0.77,-0.585],"_shiftlockState":true,"_pose":"FreeFall","_animationQueue":[],"_animationSpeed":1,"_zoom":20.656},{"_mousePosition":[683,384],"_rootPartCFrame":[752.7,230.285,39.642,-0.996,0,-0.091,0,1,0,0.091,0,-0.996],"_humanoidState":5,"_cameraCFrame":[747.412,248.233,28.186,-0.957,0.23,-0.175,0,0.605,0.796,0.289,0.762,-0.579],"_shiftlockState":true,"_pose":"FreeFall","_animationQueue":[],"_animationSpeed":1,"_zoom":20.656},{"_mousePosition":[683,384],"_rootPartCFrame":[752.507,230.355,39.692,-0.981,0,-0.192,0,1,0,0.192,0,-0.981],"_humanoidState":5,"_cameraCFrame":[746.816,248.302,28.43,-0.946,0.257,-0.195,0,0.605,0.796,0.323,0.754,-0.573],"_shiftlockState":true,"_pose":"FreeFall","_animationQueue":[],"_animationSpeed":1,"_zoom":20.656},{"_mousePosition":[683,384],"_rootPartCFrame":[752.251,230.4,39.767,-0.981,0,-0.194,0,1,0,0.194,0,-0.981],"_humanoidState":5,"_cameraCFrame":[746.165,248.348,28.714,-0.934,0.284,-0.215,0,0.605,0.796,0.356,0.744,-0.565],"_shiftlockState":true,"_pose":"FreeFall","_animationQueue":[],"_animationSpeed":1,"_zoom":20.656},{"_mousePosition":[683,384],"_rootPartCFrame":[751.935,230.38,39.874,-0.981,0,-0.196,0,1,0,0.196,0,-0.981],"_humanoidState":5,"_cameraCFrame":[745.434,248.328,29.059,-0.92,0.312,-0.237,0,0.605,0.796,0.391,0.733,-0.557],"_shiftlockState":true,"_pose":"FreeFall","_animationQueue":[],"_animationSpeed":1,"_zoom":20.656},{"_mousePosition":[683,384],"_rootPartCFrame":[751.748,230.328,39.944,-0.955,0,-0.298,0,1,0,0.298,0,-0.955],"_humanoidState":5,"_cameraCFrame":[744.867,248.275,29.366,-0.906,0.337,-0.256,0,0.605,0.796,0.424,0.721,-0.548],"_shiftlockState":true,"_pose":"FreeFall","_animationQueue":[],"_animationSpeed":1,"_zoom":20.656},{"_mousePosition":[683,384],"_rootPartCFrame":[751.502,230.209,40.046,-0.954,0,-0.3,0,1,0,0.3,0,-0.954],"_humanoidState":5,"_cameraCFrame":[744.318,248.181,29.712,-0.892,0.36,-0.272,0,0.603,0.797,0.451,0.712,-0.539],"_shiftlockState":true,"_pose":"FreeFall","_animationQueue":[],"_animationSpeed":1,"_zoom":20.656},{"_mousePosition":[683,384],"_rootPartCFrame":[751.26,230.037,40.158,-0.945,0,-0.328,0,1,0,0.328,0,-0.945],"_humanoidState":5,"_cameraCFrame":[743.806,248.033,30.056,-0.88,0.38,-0.286,0,0.602,0.799,0.476,0.702,-0.529],"_shiftlockState":true,"_pose":"FreeFall","_animationQueue":[],"_animationSpeed":1,"_zoom":20.656},{"_mousePosition":[683,384],"_rootPartCFrame":[751.021,229.81,40.277,-0.935,0,-0.355,0,1,0,0.355,0,-0.935],"_humanoidState":5,"_cameraCFrame":[743.198,247.854,30.54,-0.86,0.409,-0.306,0,0.599,0.801,0.511,0.689,-0.515],"_shiftlockState":true,"_pose":"FreeFall","_animationQueue":[["fall",0.3]],"_animationSpeed":1,"_zoom":20.656},{"_mousePosition":[683,384],"_rootPartCFrame":[750.727,229.449,40.435,-0.932,0,-0.361,0,1,0,0.361,0,-0.932],"_humanoidState":5,"_cameraCFrame":[742.677,247.518,30.926,-0.846,0.427,-0.318,0,0.597,0.802,0.533,0.679,-0.505],"_shiftlockState":true,"_pose":"FreeFall","_animationQueue":[],"_animationSpeed":1,"_zoom":20.656},{"_mousePosition":[683,384],"_rootPartCFrame":[750.497,229.1,40.57,-0.91,0,-0.415,0,1,0,0.415,0,-0.91],"_humanoidState":5,"_cameraCFrame":[742.227,247.192,31.295,-0.833,0.445,-0.33,0,0.596,0.803,0.554,0.669,-0.496],"_shiftlockState":true,"_pose":"FreeFall","_animationQueue":[],"_animationSpeed":1,"_zoom":20.656},{"_mousePosition":[683,384],"_rootPartCFrame":[750.271,228.695,40.711,-0.899,0,-0.438,0,1,0,0.438,0,-0.899],"_humanoidState":5,"_cameraCFrame":[741.838,246.788,31.584,-0.823,0.457,-0.339,0,0.596,0.803,0.568,0.661,-0.49],"_shiftlockState":true,"_pose":"FreeFall","_animationQueue":[],"_animationSpeed":1,"_zoom":20.656},{"_mousePosition":[683,384],"_rootPartCFrame":[750.049,228.237,40.858,-0.891,0,-0.454,0,1,0,0.454,0,-0.891],"_humanoidState":5,"_cameraCFrame":[741.615,246.329,31.731,-0.823,0.457,-0.339,0,0.596,0.803,0.568,0.661,-0.49],"_shiftlockState":true,"_pose":"FreeFall","_animationQueue":[],"_animationSpeed":1,"_zoom":20.656},{"_mousePosition":[683,384],"_rootPartCFrame":[749.884,227.857,40.971,-0.875,0,-0.484,0,1,0,0.484,0,-0.875],"_humanoidState":5,"_cameraCFrame":[741.451,245.949,31.844,-0.823,0.457,-0.339,0,0.596,0.803,0.568,0.661,-0.49],"_shiftlockState":true,"_pose":"FreeFall","_animationQueue":[],"_animationSpeed":1,"_zoom":20.656},{"_mousePosition":[683,384],"_rootPartCFrame":[749.664,227.303,41.122,-0.891,0,-0.454,0,1,0,0.454,0,-0.891],"_humanoidState":5,"_cameraCFrame":[741.226,245.419,32.043,-0.821,0.459,-0.339,0,0.594,0.804,0.571,0.661,-0.488],"_shiftlockState":true,"_pose":"FreeFall","_animationQueue":[["fall",0.3]],"_animationSpeed":1,"_zoom":20.656},{"_mousePosition":[683,384],"_rootPartCFrame":[749.445,226.694,41.274,-0.89,0,-0.456,0,1,0,0.456,0,-0.89],"_humanoidState":5,"_cameraCFrame"