[{"_mousePosition":[793,387],"_rootPartCFrame":[776.028,222.7,47.142,0,0,1,0,1,0,-1,0,0],"_humanoidState":8,"_cameraCFrame":[776.917,244.542,43.667,-0.969,-0.244,0.043,0,0.174,0.985,-0.248,0.954,-0.168],"_shiftlockState":false,"_pose":"Standing","_animationQueue":[],"_animationSpeed":1,"_zoom":20.656},{"_mousePosition":[793,387],"_rootPartCFrame":[775.734,222.7,47.066,0.042,0,0.999,0,1,0,-0.999,0,0.042],"_humanoidState":8,"_cameraCFrame":[776.597,244.542,43.584,-0.971,-0.237,0.042,0,0.174,0.985,-0.24,0.956,-0.169],"_shiftlockState":false,"_pose":"Standing","_animationQueue":[],"_animationSpeed":1,"_zoom":20.656},{"_mousePosition":[793,387],"_rootPartCFrame":[775.476,222.7,47,0.07,0,0.998,0,1,0,-0.998,0,0.07],"_humanoidState":8,"_cameraCFrame":[776.321,244.542,43.514,-0.972,-0.232,0.041,0,0.174,0.985,-0.236,0.957,-0.169],"_shiftlockState":false,"_pose":"Running","_animationQueue":[["walk",0.1]],"_animationSpeed":1.089,"_zoom":20.656},{"_mousePosition":[793,387],"_rootPartCFrame":[775.088,222.7,46.903,0.105,0,0.994,0,1,0,-0.994,0,0.105],"_humanoidState":8,"_cameraCFrame":[775.933,244.542,43.417,-0.972,-0.232,0.041,0,0.174,0.985,-0.236,0.957,-0.169],"_shiftlockState":false,"_pose":"Running","_animationQueue":[],"_animationSpeed":1.089,"_zoom":20.656},{"_mousePosition":[793,387],"_rootPartCFrame":[774.829,222.7,46.84,0.123,0,0.992,0,1,0,-0.992,0,0.123],"_humanoidState":8,"_cameraCFrame":[775.674,244.542,43.354,-0.972,-0.232,0.041,0,0.174,0.985,-0.236,0.957,-0.169],"_shiftlockState":false,"_pose":"Running","_animationQueue":[],"_animationSpeed":1.089,"_zoom":20.656},{"_mousePosition":[793,387],"_rootPartCFrame":[774.699,222.7,46.809,0.131,0,0.991,0,1,0,-0.991,0,0.131],"_humanoidState":8,"_cameraCFrame":[775.544,244.542,43.323,-0.972,-0.232,0.041,0,0.174,0.985,-0.236,0.957,-0.169],"_shiftlockState":false,"_pose":"Running","_animationQueue":[],"_animationSpeed":1.089,"_zoom":20.656},{"_mousePosition":[793,387],"_rootPartCFrame":[774.57,222.7,46.777,0.138,0,0.99,0,1,0,-0.99,0,0.138],"_humanoidState":8,"_cameraCFrame":[775.415,244.542,43.292,-0.972,-0.232,0.041,0,0.174,0.985,-0.236,0.957,-0.169],"_shiftlockState":false,"_pose":"Running","_animationQueue":[],"_animationSpeed":1.089,"_zoom":20.656},{"_mousePosition":[793,387],"_rootPartCFrame":[774.31,222.7,46.715,0.151,0,0.988,0,1,0,-0.988,0,0.151],"_humanoidState":8,"_cameraCFrame":[775.155,244.542,43.229,-0.972,-0.232,0.041,0,0.174,0.985,-0.236,0.957,-0.169],"_shiftlockState":false,"_pose":"Running","_animationQueue":[["walk",0.1]],"_animationSpeed":1.089,"_zoom":20.656},{"_mousePosition":[793,387],"_rootPartCFrame":[774.051,222.7,46.652,0.163,0,0.987,0,1,0,-0.987,0,0.163],"_humanoidState":8,"_cameraCFrame":[774.896,244.542,43.166,-0.972,-0.232,0.041,0,0.174,0.985,-0.236,0.957,-0.169],"_shiftlockState":false,"_pose":"Running","_animationQueue":[],"_animationSpeed":1.089,"_zoom":20.656},{"_mousePosition":[793,387],"_rootPartCFrame":[773.792,222.7,46.589,0.173,0,0.985,0,1,0,-0.985,0,0.173],"_humanoidState":8,"_cameraCFrame":[774.628,244.542,43.101,-0.972,-0.23,0.04,0,0.174,0.985,-0.233,0.958,-0.169],"_shiftlockState":false,"_pose":"Running","_animationQueue":[],"_animationSpeed":1.089,"_zoom":20.656},{"_mousePosition":[793,387],"_rootPartCFrame":[773.533,222.7,46.526,0.181,0,0.983,0,1,0,-0.983,0,0.181],"_humanoidState":8,"_cameraCFrame":[774.434,244.491,42.769,-0.972,-0.229,0.044,0,0.187,0.982,-0.233,0.955,-0.182],"_shiftlockState":false,"_pose":"Running","_animationQueue":[],"_animationSpeed":1.089,"_zoom":20.656},{"_mousePosition":[793,387],"_rootPartCFrame":[773.274,222.7,46.464,0.188,0,0.982,0,1,0,-0.982,0,0.188],"_humanoidState":8,"_cameraCFrame":[774.28,244.436,42.448,-0.97,-0.238,0.049,0,0.2,0.98,-0.243,0.95,-0.194],"_shiftlockState":false,"_pose":"Running","_animationQueue":[],"_animationSpeed":1.089,"_zoom":20.656},{"_mousePosition":[793,387],"_rootPartCFrame":[773.014,222.7,46.402,0.194,0,0.981,0,1,0,-0.981,0,0.194],"_humanoidState":8,"_cameraCFrame":[774.09,244.404,42.241,-0.968,-0.245,0.052,0,0.208,0.978,-0.25,0.947,-0.201],"_shiftlockState":false,"_pose":"Running","_animationQueue":[],"_animationSpeed":1.089,"_zoom":20.656},{"_mousePosition":[793,387],"_rootPartCFrame":[772.756,222.7,46.337,0.201,0,0.98,0,1,0,-0.98,0,0.201],"_humanoidState":8,"_cameraCFrame":[773.832,244.404,42.176,-0.968,-0.245,0.052,0,0.208,0.978,-0.25,0.947,-0.201],"_shiftlockState":false,"_pose":"Running","_animationQueue":[["walk",0.1]],"_animationSpeed":1.089,"_zoom":20.656},{"_mousePosition":[793,387],"_rootPartCFrame":[772.562,223.359,46.289,0.206,0,0.979,0,1,0,-0.979,0,0.206],"_humanoidState":3,"_cameraCFrame":[771.943,245.063,41.689,-0.968,-0.245,0.052,0,0.208,0.978,-0.25,0.947,-0.201],"_shiftlockState":true,"_pose":"Jumping","_animationQueue":[["walk",0.1],["jump",0.1]],"_animationSpeed":1,"_zoom":20.656},{"_mousePosition":[683,384],"_rootPartCFrame":[772.303,224.194,46.222,-0.94,0,0.34,0,1,0,-0.34,0,-0.94],"_humanoidState":5,"_cameraCFrame":[771.685,245.898,41.623,-0.968,-0.245,0.052,0,0.208,0.978,-0.25,0.947,-0.201],"_shiftlockState":true,"_pose":"FreeFall","_animationQueue":[["jump",0.1]],"_animationSpeed":1,"_zoom":20.656},{"_mousePosition":[683,384],"_rootPartCFrame":[771.981,225.162,46.139,-0.915,0,0.403,0,1,0,-0.403,0,-0.915],"_humanoidState":5,"_cameraCFrame":[771.362,246.866,41.539,-0.968,-0.245,0.052,0,0.208,0.978,-0.25,0.947,-0.201],"_shiftlockState":true,"_pose":"FreeFall","_animationQueue":[],"_animationSpeed":1,"_zoom":20.656},{"_mousePosition":[683,384],"_rootPartCFrame":[771.723,225.875,46.072,-0.926,0,0.376,0,1,0,-0.376,0,-0.926],"_humanoidState":5,"_cameraCFrame":[771.104,247.579,41.473,-0.968,-0.245,0.052,0,0.208,0.978,-0.25,0.947,-0.201],"_shiftlockState":true,"_pose":"FreeFall","_animationQueue":[],"_animationSpeed":1,"_zoom":20.656},{"_mousePosition":[683,384],"_rootPartCFrame":[771.529,226.374,46.022,-0.938,0,0.346,0,1,0,-0.346,0,-0.938],"_humanoidState":5,"_cameraCFrame":[770.911,248.078,41.423,-0.968,-0.245,0.052,0,0.208,0.978,-0.25,0.947,-0.201],"_shiftlockState":true,"_pose":"FreeFall","_animationQueue":[],"_animationSpeed":1,"_zoom":20.656},{"_mousePosition":[683,384],"_rootPartCFrame":[771.271,226.992,45.955,-0.926,0,0.377,0,1,0,-0.377,0,-0.926],"_humanoidState":5,"_cameraCFrame":[770.653,248.696,41.356,-0.968,-0.245,0.052,0,0.208,0.978,-0.25,0.947,-0.201],"_shiftlockState":true,"_pose":"FreeFall","_animationQueue":[],"_animationSpeed":1,"_zoom":20.656},{"_mousePosition":[683,384],"_rootPartCFrame":[771.013,227.555,45.888,-0.926,0,0.377,0,1,0,-0.377,0,-0.926],"_humanoidState":5,"_cameraCFrame":[770.394,249.259,41.289,-0.968,-0.245,0.052,0,0.208,0.978,-0.25,0.947,-0.201],"_shiftlockState":true,"_pose":"FreeFall","_animationQueue":[],"_animationSpeed":1,"_zoom":20.656},{"_mousePosition":[683,384],"_rootPartCFrame":[770.755,228.064,45.822,-0.926,0,0.377,0,1,0,-0.377,0,-0.926],"_humanoidState":5,"_cameraCFrame":[770.136,249.768,41.222,-0.968,-0.245,0.052,0,0.208,0.978,-0.25,0.947,-0.201],"_shiftlockState":true,"_pose":"FreeFall","_animationQueue":[],"_animationSpeed":1,"_zoom":20.656},{"_mousePosition":[683,384],"_rootPartCFrame":[770.497,228.518,45.755,-0.926,0,0.377,0,1,0,-0.377,0,-0.926],"_humanoidState":5,"_cameraCFrame":[769.922,250.205,41.076,-0.967,-0.249,0.054,0,0.212,0.977,-0.255,0.945,-0.205],"_shiftlockState":true,"_pose":"FreeFall","_animationQueue":[],"_animationSpeed":1,"_zoom":20.656},{"_mousePosition":[683,384],"_rootPartCFrame":[770.174,229.009,45.671,-0.911,0,0.412,0,1,0,-0.412,0,-0.911],"_humanoidState":5,"_cameraCFrame":[769.599,250.696,40.993,-0.967,-0.249,0.054,0,0.212,0.977,-0.255,0.945,-0.205],"_shiftlockState":true,"_pose":"FreeFall","_animationQueue":[],"_animationSpeed":1,"_zoom":20.656},{"_mousePosition":[683,384],"_rootPartCFrame":[769.981,229.263,45.621,-0.937,0,0.35,0,1,0,-0.35,0,-0.937],"_humanoidState":5,"_cameraCFrame":[769.406,250.95,40.942,-0.967,-0.249,0.054,0,0.212,0.977,-0.255,0.945,-0.205],"_shiftlockState":true,"_pose":"FreeFall","_animationQueue":[],"_animationSpeed":1,"_zoom":20.656},{"_mousePosition":[683,384],"_rootPartCFrame":[769.723,229.553,45.553,-0.924,0,0.381,0,1,0,-0.381,0,-0.924],"_humanoidState":5,"_cameraCFrame":[769.158,251.232,40.836,-0.967,-0.249,0.055,0,0.214,0.977,-0.255,0.945,-0.207],"_shiftlockState":true,"_pose":"FreeFall","_animationQueue":[],"_animationSpeed":1,"_zoom":20.656},{"_mousePosition":[683,384],"_rootPartCFrame":[769.465,229.789,45.484,-0.924,0,0.381,0,1,0,-0.381,0,-0.924],"_humanoidState":5,"_cameraCFrame":[768.91,251.459,40.73,-0.967,-0.249,0.055,0,0.216,0.976,-0.255,0.944,-0.209],"_shiftlockState":true,"_pose":"FreeFall","_animationQueue":[],"_animationSpeed":1,"_zoom":20.656},{"_mousePosition":[683,384],"_rootPartCFrame":[769.207,229.971,45.416,-0.924,0,0.381,0,1,0,-0.381,0,-0.924],"_humanoidState":5,"_cameraCFrame":[768.652,251.641,40.662,-0.967,-0.249,0.055,0,0.216,0.976,-0.255,0.944,-0.209],"_shiftlockState":true,"_pose":"FreeFall","_animationQueue":[],"_animationSpeed":1,"_zoom":20.656},{"_mousePosition":[683,384],"_rootPartCFrame":[768.95,230.098,45.348,-0.924,0,0.381,0,1,0,-0.381,0,-0.924],"_humanoidState":5,"_cameraCFrame":[768.395,251.768,40.594,-0.967,-0.249,0.055,0,0.216,0.976,-0.255,0.944,-0.209],"_shiftlockState":true,"_pose":"FreeFall","_animationQueue":[],"_animationSpeed":1,"_zoom":20.656},{"_mousePosition":[683,384],"_rootPartCFrame":[768.692,230.171,45.28,-0.924,0,0.381,0,1,0,-0.381,0,-0.924],"_humanoidState":5,"_cameraCFrame":[768.137,251.841,40.526,-0.967,-0.249,0.055,0,0.216,0.976,-0.255,0.944,-0.209],"_shiftlockState":true,"_pose":"FreeFall","_animationQueue":[],"_animationSpeed":1,"_zoom":20.656},{"_mousePosition":[683,384],"_rootPartCFrame":[768.434,230.189,45.212,-0.924,0,0.381,0,1,0,-0.381,0,-0.924],"_humanoidState":5,"_cameraCFrame":[767.879,251.859,40.458,-0.967,-0.249,0.055,0,0.216,0.976,-0.255,0.944,-0.209],"_shiftlockState":true,"_pose":"FreeFall","_animationQueue":[],"_animationSpeed":1,"_zoom":20.656},{"_mousePosition":[683,384],"_rootPartCFrame":[768.176,230.153,45.144,-0.924,0,0.381,0,1,0,-0.381,0,-0.924],"_humanoidState":5,"_cameraCFrame":[767.621,251.822,40.39,-0.967,-0.249,0.055,0,0.216,0.976,-0.255,0.944,-0.209],"_shiftlockState":true,"_pose":"FreeFall","_animationQueue":[],"_animationSpeed":1,"_zoom":20.656},{"_mousePosition":[683,384],"_rootPartCFrame":[767.918,230.062,45.076,-0.924,0,0.381,0,1,0,-0.381,0,-0.924],"_humanoidState":5,"_cameraCFrame":[767.375,251.732,40.32,-0.966,-0.252,0.056,0,0.216,0.976,-0.258,0.943,-0.208],"_shiftlockState":true,"_pose":"FreeFall","_animationQueue":[],"_animationSpeed":1,"_zoom":20.656},{"_mousePosition":[683,384],"_rootPartCFrame":[767.66,229.917,45.008,-0.923,0,0.384,0,1,0,-0.384,0,-0.923],"_humanoidState":5,"_cameraCFrame":[767.13,251.586,40.251,-0.966,-0.254,0.056,0,0.216,0.976,-0.26,0.943,-0.208],"_shiftlockState":true,"_pose":"FreeFall","_animationQueue":[["fall",0.3]],"_animationSpeed":1,"_zoom":20.656},{"_mousePosition":[683,384],"_rootPartCFrame":[767.403,229.717,44.94,-0.922,0,0.386,0,1,0,-0.386,0,-0.922],"_humanoidState":5,"_cameraCFrame":[766.896,251.386,40.18,-0.964,-0.259,0.057,0,0.216,0.976,-0.265,0.942,-0.208],"_shiftlockState":true,"_pose":"FreeFall","_animationQueue":[],"_animationSpeed":1,"_zoom":20.656},{"_mousePosition":[683,384],"_rootPartCFrame":[767.145,229.462,44.87,-0.92,0,0.391,0,1,0,-0.391,0,-0.92],"_humanoidState":5,"_cameraCFrame":[766.675,251.132,40.107,-0.962,-0.266,0.059,0,0.216,0.976,-0.272,0.94,-0.208],"_shiftlockState":true,"_pose":"FreeFall","_animationQueue":[],"_animationSpeed":1,"_zoom":20.656},{"_mousePosition":[683,384],"_rootPartCFrame":[766.888,229.153,44.8,-0.918,0,0.398,0,1,0,-0.398,0,-0.918],"_humanoidState":5,"_cameraCFrame":[766.455,250.832,40.069,-0.959,-0.276,0.06,0,0.214,0.977,-0.282,0.937,-0.205],"_shiftlockState":true,"_pose":"FreeFall","_animationQueue":[],"_animationSpeed":1,"_zoom":20.656},{"_mousePosition":[683,384],"_rootPartCFrame":[766.631,228.79,44.727,-0.913,0,0.407,0,1,0,-0.407,0,-0.913],"_humanoidState":5,"_cameraCFrame":[766.235,250.486,40.067,-0.956,-0.288,0.062,0,0.21,0.978,-0.294,0.934,-0.201],"_shiftlockState":true,"_pose":"FreeFall","_animationQueue":[],"_animationSpeed":1,"_zoom":20.656},{"_mousePosition":[683,384],"_rootPartCFrame":[766.376,228.372,44.653,-0.908,0,0.419,0,1,0,-0.419,0,-0.908],"_humanoidState":5,"_cameraCFrame":[766.05,250.068,39.987,-0.951,-0.302,0.065,0,0.21,0.978,-0.309,0.93,-0.2],"_shiftlockState":true,"_pose":"FreeFall","_animationQueue":[],"_animationSpeed":1,"_zoom":20.656},{"_mousePosition":[683,384],"_rootPartCFrame":[766.121,227.9,44.575,-0.902,0,0.432,0,1,0,-0.432,0,-0.902],"_humanoidState":5,"_cameraCFrame":[765.852,249.612,39.978,-0.946,-0.318,0.067,0,0.206,0.979,-0.325,0.925,-0.195],"_shiftlockState":true,"_pose":"FreeFall","_animationQueue":[["fall",0.3]],"_animationSpeed":1,"_zoom":20.656},{"_mousePosition":[683,384],"_rootPartCFrame":[765.867,227.373,44.493,-0.894,0,0.448,0,1,0,-0.448,0,-0.894],"_humanoidState":5,"_cameraCFrame":[765.691,249.085,39.892,-0.939,-0.337,0.071,0,0.206,0.979,-0.344,0.919,-0.194],"_shiftlockState":true,"_pose":"FreeFall","_animationQueue":[],"_animationSpeed":1,"_zoom":20.656},{"_mousePosition":[683,384],"_rootPartCFrame":[765.614,226.792,44.407,-0.885,0,0.466,0,1,0,-0.466,0,-0.885],"_humanoidState":5,"_cameraCFrame":[765.564,248.512,39.839,-0.928,-0.365,0.076,0,0.204,0.979,-0.373,0.908,-0.19],"_shiftlockState":true,"_pose":"FreeFall","_animationQueue":[],"_animationSpeed":1,"_zoom":20.656},{"_mousePosition":[683,384],"_rootPartCFrame":[765.364,226.156,44.316,-0.87,0,0.493,0,1,0,-0.493,0,-0.87],"_humanoidState":5,"_cameraCFrame":[765.34,247.547,39.849,-0.922,-0.379,0.078,0,0.202,0.979,-0.387,0.903,-0.187],"_shiftlockState":true,"_pose":"FreeFall","_animationQueue":[],"_animationSpeed":1,"_zoom":16.125},{"_mousePosition":[683,384],"_rootPartCFrame":[765.116,225.465,44.217,-0.863,0,0.506,0,1,0,-0.506,0,-0.863],"_humanoidState":5,"_cameraCFrame":[765.06,246.177,39.879,-0.92,-0.383,0.079,0,0.202,0.979,-0.392,0.901,-0.186],"_shiftlockState":true,"_pose":"FreeFall","_animationQueue":[],"_animationSpeed":1,"_zoom":16.125},{"_mousePosition":[683,384],"_rootPartCFrame":[764.87,224.721,44.115,-0.86,0,0.51,0,1,0,-0.51,0,-0.86],"_humanoidState":5,"_cameraCFrame":[764.748,244.617,39.932,-0.92,-0.383,0.079,0,0.202,0.979,-0.392,0.901,-0.186],"_shiftlockState":true,"_pose":"FreeFall","_animationQueue":[],"_animationSpeed":1,"_zoom":16.125},{"_mousePosition":[683,384],"_rootPartCFrame":[764.624,223.921,44.011,-0.86,0,0.51,0,1,0,-0.51,0,-0.86],"_humanoidState":5,"_cameraCFrame":[764.454,243.217,39.942,-0.92,-0.383,0.079,0,0.202,0.979,-0.392,0.901,-0.186],"_shiftlockState":true,"_pose":"FreeFall","_animationQueue":[],"_animationSpeed":1,"_zoom":16.125},{"_mousePosition":[683,384],"_rootPartCFrame":[764.379,223.067,43.906,-0.86,0,0.51,0,1,0,-0.51,0,-0.86],"_humanoidState":5,"_cameraCFrame":[764.16,241.814,39.973,-0.919,-0.386,0.079,0,0.2,0.98,-0.394,0.901,-0.184],"_shiftlockState":true,"_pose":"FreeFall","_animationQueue":[["fall",0.3]],"_animationSpeed":1,"_zoom":16.125},{"_mousePosition":[683,384],"_rootPartCFrame":[764.134,222.449,43.802,-0.905,0,0.426,0,1,0,-0.426,0,-0.905],"_humanoidState":7,"_cameraCFrame":[763.855,240.785,40.009,-0.919,-0.386,0.077,0,0.197,0.98,-0.394,0.901,-0.181],"_shiftlockState":true,"_pose":"FreeFall","_animationQueue":[["walk",0.1],["fall",0.3],["fall",0.3]],"_animationSpeed":1,"_zoom":16.125},{"_mousePosition":[683,384],"_rootPartCFrame":[763.888,222.476,43.697,-0.918,0,0.396,0,1,0,-0.396,0,-0.918],"_humanoidState":7,"_cameraCFrame":[763.56,240.514,40.021,-0.919,-0.386,0.076,0,0.193,0.981,-0.394,0.902,-0.177],"_shiftlockState":true,"_pose":"FreeFall","_animationQueue":[],"_animationSpeed":1,"_zoom":16.125},{"_mousePosition":[683,384],"_rootPartCFrame":[763.582,222.584,43.566,-0.919,0,0.394,0,1,0,-0.394,0,-0.919],"_humanoidState":8,"_cameraCFrame":[763.184,240.411,39.991,-0.922,-0.38,0.073,0,0.189,0.982,-0.387,0.906,-0.174],"_shiftlockState":true,"_pose":"Running","_animationQueue":[["walk",0.1],["fall",0.3],["walk",0.1]],"_animationSpeed":1.103,"_zoom":16.125},{"_mousePosition":[683,384],"_rootPartCFrame":[763.337,222.636,43.461,-0.922,0,0.387,0,1,0,-0.387,0,-0.922],"_humanoidState":8,"_cameraCFrame":[762.868,240.325,39.975,-0.926,-0.371,0.07,0,0.185,0.983,-0.378,0.91,-0.171],"_shiftlockState":true,"_pose":"Running","_animationQueue":[],"_animationSpeed":1.103,"_zoom":16.125},{"_mousePosition":[683,384],"_rootPartCFrame":[763.091,222.666,43.357,-0.926,0,0.378,0,1,0,-0.378,0,-0.926],"_humanoidState":8,"_cameraCFrame":[762.556,240.255,39.955,-0.93,-0.362,0.067,0,0.181,0.983,-0.368,0.914,-0.169],"_shiftlockState":true,"_pose":"Running","_animationQueue":[],"_animationSpeed":1.103,"_zoom":16.125},{"_mousePosition":[683,384],"_rootPartCFrame":[762.844,222.681,43.256,-0.93,0,0.368,0,1,0,-0.368,0,-0.93],"_humanoidState":8,"_cameraCFrame":[762.184,240.217,39.997,-0.938,-0.342,0.06,0,0.174,0.985,-0.347,0.924,-0.163],"_shiftlockState":true,"_pose":"Running","_animationQueue":[["walk",0.1]],"_animationSpeed":1.103,"_zoom":16.125},{"_mousePosition":[683,384],"_rootPartCFrame":[762.597,222.69,43.158,-0.938,0,0.347,0,1,0,-0.347,0,-0.938],"_humanoidState":8,"_cameraCFrame":[761.9,240.174,39.914,-0.941,-0.332,0.059,0,0.174,0.985,-0.337,0.927,-0.163],"_shiftlockState":true,"_pose":"Running","_animationQueue":[],"_animationSpeed":1.103,"_zoom":16.125},{"_mousePosition":[683,384],"_rootPartCFrame":[762.347,222.694,43.064,-0.941,0,0.337,0,1,0,-0.337,0,-0.941],"_humanoidState":8,"_cameraCFrame":[761.615,240.143,39.834,-0.945,-0.323,0.057,0,0.174,0.985,-0.328,0.93,-0.164],"_shiftlockState":true,"_pose":"Running","_animationQueue":[],"_animationSpeed":1.103,"_zoom":16.125},{"_mousePosition":[683,384],"_rootPartCFrame":[762.033,222.697,42.951,-0.945,0,0.328,0,1,0,-0.328,0,-0.945],"_humanoidState":8,"_cameraCFrame":[761.292,240.125,39.726,-0.946,-0.32,0.057,0,0.174,0.985,-0.325,0.931,-0.164],"_shiftlockState":true,"_pose":"Running","_animationQueue":[],"_animationSpeed":1.103,"_zoom":16.125},{"_mousePosition":[683,384],"_rootPartCFrame":[761.844,222.698,42.885,-0.946,0,0.325,0,1,0,-0.325,0,-0.946],"_humanoidState":8,"_cameraCFrame":[761.086,240.109,39.667,-0.947,-0.316,0.056,0,0.174,0.985,-0.321,0.933,-0.164],"_shiftlockState":true,"_pose":"Running","_animationQueue":[],"_animationSpeed":1.103,"_zoom":16.125},{"_mousePosition":[683,384],"_rootPartCFrame":[761.592,222.699,42.798,-0.947,0,0.321,0,1,0,-0.321,0,-0.947],"_humanoidState":8,"_cameraCFrame":[760.817,240.099,39.586,-0.949,-0.311,0.055,0,0.174,0.985,-0.316,0.934,-0.165],"_shiftlockState":true,"_pose":"Running","_animationQueue":[],"_animationSpeed":1.103,"_zoom":16.125},{"_mousePosition":[683,384],"_rootPartCFrame":[761.34,222.699,42.713,-0.949,0,0.316,0,1,0,-0.316,0,-0.949],"_humanoidState":8,"_cameraCFrame":[760.54,240.092,39.507,-0.951,-0.304,0.054,0,0.174,0.985,-0.309,0.937,-0.165],"_shiftlockState":true,"_pose":"Running","_animationQueue":[],"_animationSpeed":1.103,"_zoom":16.125},{"_mousePosition":[683,384],"_rootPartCFrame":[761.023,222.699,42.607,-0.951,0,0.309,0,1,0,-0.309,0,-0.951],"_humanoidState":8,"_cameraCFrame":[760.191,240.088,39.411,-0.954,-0.294,0.052,0,0.174,0.985,-0.299,0.94,-0.166],"_shiftlockState":true,"_pose":"Running","_animationQueue":[["walk",0.1]],"_animationSpeed":1.103,"_zoom":16.125},{"_mousePosition":[683,384],"_rootPartCFrame":[760.833,222.7,42.545,-0.954,0,0.299,0,1,0,-0.299,0,-0.954],"_humanoidState":8,"_cameraCFrame":[759.969,240.085,39.358,-0.957,-0.285,0.05,0,0.174,0.985,-0.289,0.943,-0.166],"_shiftlockState":true,"_pose":"Running","_animationQueue":[],"_animationSpeed":1.103,"_zoom":16.125},{"_mousePosition":[683,384],"_rootPartCFrame":[760.515,222.7,42.445,-0.957,0,0.289,0,1,0,-0.289,0,-0.957],"_humanoidState":8,"_cameraCFrame":[759.602,240.083,39.272,-0.962,-0.271,0.048,0,0.174,0.985,-0.275,0.947,-0.167],"_shiftlockState":true,"_pose":"Running","_animationQueue":[],"_animationSpeed":1.103,"_zoom":16.125},{"_mousePosition":[683,384],"_rootPartCFrame":[760.324,222.7,42.387,-0.962,0,0.275,0,1,0,-0.275,0,-0.962],"_humanoidState":8,"_cameraCFrame":[759.363,240.082,39.228,-0.966,-0.256,0.045,0,0.174,0.985,-0.26,0.951,-0.168],"_shiftlockState":true,"_pose":"Running","_animationQueue":[],"_animationSpeed":1.103,"_zoom":16.125},{"_mousePosition":[683,384],"_rootPartCFrame":[760.068,222.7,42.313,-0.966,0,0.26,0,1,0,-0.26,0,-0.966],"_humanoidState":8,"_cameraCFrame":[759.067,240.081,39.166,-0.969,-0.244,0.043,0,0.174,0.985,-0.248,0.954,-0.168],"_shiftlockState":true,"_pose":"Running","_animationQueue":[],"_animationSpeed":1.103,"_zoom":16.125},{"_mousePosition":[683,384],"_rootPartCFrame":[759.746,222.7,42.226,-0.969,0,0.248,0,1,0,-0.248,0,-0.969],"_humanoidState":8,"_cameraCFrame":[758.745,240.081,39.079,-0.969,-0.244,0.043,0,0.174,0.985,-0.248,0.954,-0.168],"_shiftlockState":true,"_pose":"Running","_animationQueue":[],"_animationSpeed":1.103,"_zoom":16.125},{"_mousePosition":[683,384],"_rootPartCFrame":[759.552,222.7,42.176,-0.969,0,0.248,0,1,0,-0.248,0,-0.969],"_humanoidState":8,"_cameraCFrame":[758.551,240.08,39.029,-0.969,-0.244,0.043,0,0.174,0.985,-0.248,0.954,-0.168],"_shiftlockState":true,"_pose":"Running","_animationQueue":[],"_animationSpeed":1.103,"_zoom":16.125},{"_mousePosition":[683,384],"_rootPartCFrame":[759.23,222.7,42.093,-0.969,0,0.248,0,1,0,-0.248,0,-0.969],"_humanoidState":8,"_cameraCFrame":[758.228,240.08,38.947,-0.969,-0.244,0.043,0,0.174,0.985,-0.248,0.954,-0.168],"_shiftlockState":true,"_pose":"Running","_animationQueue":[["walk",0.1]],"_animationSpeed":1.103,"_zoom":16.125},{"_mousePosition":[683,384],"_rootPartCFrame":[758.971,222.7,42.027,-0.969,0,0.248,0,1,0,-0.248,0,-0.969],"_humanoidState":8,"_cameraCFrame":[757.994,240.08,38.873,-0.967,-0.251,0.044,0,0.174,0.985,-0.255,0.952,-0.168],"_shiftlockState":true,"_pose":"Running","_animationQueue":[],"_animationSpeed":1.103,"_zoom":16.125},{"_mousePosition":[683,384],"_rootPartCFrame":[758.713,222.7,41.961,-0.967,0,0.255,0,1,0,-0.255,0,-0.967],"_humanoidState":8,"_cameraCFrame":[757.824,240.08,38.781,-0.959,-0.278,0.049,0,0.174,0.985,-0.282,0.945,-0.167],"_shiftlockState":true,"_pose":"Running","_animationQueue":[],"_animationSpeed":1.103,"_zoom":16.125},{"_mousePosition":[683,384],"_rootPartCFrame":[758.455,222.7,41.893,-0.959,0,0.282,0,1,0,-0.282,0,-0.959],"_humanoidState":8,"_cameraCFrame":[757.728,240.08,38.672,-0.944,-0.325,0.057,0,0.174,0.985,-0.33,0.93,-0.164],"_shiftlockState":true,"_pose":"Running","_animationQueue":[],"_animationSpeed":1.103,"_zoom":16.125},{"_mousePosition":[683,384],"_rootPartCFrame":[758.199,222.7,41.819,-0.944,0,0.33,0,1,0,-0.33,0,-0.944],"_humanoidState":8,"_cameraCFrame":[757.693,240.08,38.556,-0.919,-0.388,0.068,0,0.174,0.985,-0.394,0.905,-0.16],"_shiftlockState":true,"_pose":"Running","_animationQueue":[],"_animationSpeed":1.103,"_zoom":16.125},{"_mousePosition":[683,384],"_rootPartCFrame":[757.947,222.7,41.733,-0.919,0,0.394,0,1,0,-0.394,0,-0.919],"_humanoidState":8,"_cameraCFrame":[757.715,240.08,38.439,-0.883,-0.462,0.081,0,0.174,0.985,-0.469,0.87,-0.153],"_shiftlockState":true,"_pose":"Running","_animationQueue":[],"_animationSpeed":1.103,"_zoom":16.125},{"_mousePosition":[683,384],"_rootPartCFrame":[757.701,222.7,41.63,-0.883,0,0.469,0,1,0,-0.469,0,-0.883],"_humanoidState":8,"_cameraCFrame":[757.728,240.079,38.329,-0.844,-0.529,0.093,0,0.174,0.985,-0.537,0.831,-0.146],"_shiftlockState":true,"_pose":"Running","_animationQueue":[["walk",0.1]],"_animationSpeed":1.103,"_zoom":16.125},{"_mousePosition":[683,384],"_rootPartCFrame":[757.464,222.7,41.508,-0.844,0,0.537,0,1,0,-0.537,0,-0.844],"_humanoidState":8,"_cameraCFrame":[757.666,240.079,38.213,-0.814,-0.572,0.101,0,0.174,0.985,-0.581,0.802,-0.141],"_shiftlockState":true,"_pose":"Running","_animationQueue":[],"_animationSpeed":1.103,"_zoom":16.125},{"_mousePosition":[683,384],"_rootPartCFrame":[757.237,222.7,41.368,-0.814,0,0.581,0,1,0,-0.581,0,-0.814],"_humanoidState":8,"_cameraCFrame":[757.515,240.079,38.078,-0.8,-0.59,0.104,0,0.174,0.985,-0.599,0.788,-0.139],"_shiftlockState":true,"_pose":"Running","_animationQueue":[],"_animationSpeed":1.103,"_zoom":16.125},{"_mousePosition":[683,384],"_rootPartCFrame":[757.019,222.7,41.215,-0.8,0,0.599,0,1,0,-0.599,0,-0.8],"_humanoidState":8,"_cameraCFrame":[757.263,240.079,37.922,-0.806,-0.582,0.103,0,0.174,0.985,-0.591,0.794,-0.14],"_shiftlockState":true,"_pose":"Running","_animationQueue":[],"_animationSpeed":1.103,"_zoom":16.125},{"_mousePosition":[683,384],"_rootPartCFrame":[756.802,222.666,41.06,-0.806,0,0.591,0,1,0,-0.591,0,-0.806],"_humanoidState":8,"_cameraCFrame":[756.879,240.045,37.759,-0.835,-0.541,0.095,0,0.174,0.985,-0.55,0.823,-0.145],"_shiftlockState":true,"_pose":"Running","_animationQueue":[],"_animationSpeed":1.103,"_zoom":16.125},{"_mousePosition":[683,384],"_rootPartCFrame":[756.585,222.577,40.905,-0.835,0,0.55,0,1,0,-0.55,0,-0.835],"_humanoidState":8,"_cameraCFrame":[756.27,239.957,37.618,-0.895,-0.44,0.078,0,0.174,0.985,-0.447,0.881,-0.155],"_shiftlockState":true,"_pose":"Running","_animationQueue":[],"_animationSpeed":1.103,"_zoom":16.125},{"_mousePosition":[683,384],"_rootPartCFrame":[756.368,222.434,40.75,-0.895,0,0.447,0,1,0,-0.447,0,-0.895],"_humanoidState":8,"_cameraCFrame":[755.747,239.814,37.507,-0.933,-0.356,0.063,0,0.174,0.985,-0.361,0.918,-0.162],"_shiftlockState":true,"_pose":"Running","_animationQueue":[],"_animationSpeed":1.103,"_zoom":16.125},{"_mousePosition":[683,384],"_rootPartCFrame":[756.096,223.504,40.556,-0.933,0,0.361,0,1,0,-0.361,0,-0.933],"_humanoidState":3,"_cameraCFrame":[755.167,240.884,37.388,-0.963,-0.266,0.047,0,0.174,0.985,-0.27,0.948,-0.167],"_shiftlockState":true,"_pose":"Jumping","_animationQueue":[["walk",0.1],["walk",0.1],["jump",0.1]],"_animationSpeed":1,"_zoom":16.125},{"_mousePosition":[683,384],"_rootPartCFrame":[755.927,224.105,40.453,-0.944,0,0.33,0,1,0,-0.33,0,-0.944],"_humanoidState":5,"_cameraCFrame":[754.69,241.485,37.392,-0.985,-0.171,0.03,0,0.174,0.985,-0.174,0.97,-0.171],"_shiftlockState":true,"_pose":"FreeFall","_animationQueue":[["jump",0.1]],"_animationSpeed":1,"_zoom":16.125},{"_mousePosition":[683,384],"_rootPartCFrame":[755.685,224.859,40.347,-0.955,0,0.295,0,1,0,-0.295,0,-0.955],"_humanoidState":5,"_cameraCFrame":[754.204,242.239,37.396,-0.996,-0.092,0.016,0,0.174,0.985,-0.093,0.98,-0.173],"_shiftlockState":true,"_pose":"FreeFall","_animationQueue":[],"_animationSpeed":1,"_zoom":16.125},{"_mousePosition":[683,384],"_rootPartCFrame":[755.43,225.559,40.278,-0.975,0,0.224,0,1,0,-0.224,0,-0.975],"_humanoidState":5,"_cameraCFrame":[753.773,242.938,37.422,-0.999,-0.032,0.006,0,0.174,0.985,-0.033,0.984,-0.174],"_shiftlockState":true,"_pose":"FreeFall","_animationQueue":[],"_animationSpeed":1,"_zoom":16.125},{"_mousePosition":[683,384],"_rootPartCFrame":[755.166,226.203,40.244,-0.986,0,0.165,0,1,0,-0.165,0,-0.986],"_humanoidState":5,"_cameraCFrame":[753.374,243.583,37.471,-1,0.015,-0.003,0,0.174,0.985,0.015,0.985,-0.174],"_shiftlockState":true,"_pose":"FreeFall","_animationQueue":[],"_animationSpeed":1,"_zoom":16.125},{"_mousePosition":[683,384],"_rootPartCFrame":[754.9,226.794,40.233,-0.993,0,0.118,0,1,0,-0.118,0,-0.993],"_humanoidState":5,"_cameraCFrame":[752.997,244.174,37.534,-0.998,0.055,-0.01,0,0.174,0.985,0.056,0.983,-0.173],"_shiftlockState":true,"_pose":"FreeFall","_animationQueue":[],"_animationSpeed":1,"_zoom":16.125},{"_mousePosition":[683,384],"_rootPartCFrame":[754.633,227.33,40.235,-0.997,0,0.077,0,1,0,-0.077,0,-0.997],"_humanoidState":5,"_cameraCFrame":[752.622,244.71,37.616,-0.995,0.095,-0.017,0,0.174,0.985,0.096,0.98,-0.173],"_shiftlockState":true,"_pose":"FreeFall","_animationQueue":[],"_animationSpeed":1,"_zoom":16.125},{"_mousePosition":[683,384],"_rootPartCFrame":[754.367,227.811,40.248,-0.999,0,0.037,0,1,0,-0.037,0,-0.999],"_humanoidState":5,"_cameraCFrame":[752.252,245.191,37.713,-0.991,0.134,-0.024,0,0.174,0.985,0.136,0.976,-0.172],"_shiftlockState":true,"_pose":"FreeFall","_animationQueue":[],"_animationSpeed":1,"_zoom":16.125},{"_mousePosition":[683,384],"_rootPartCFrame":[754.102,228.238,40.272,-1,0,-0.003,0,1,0,0.003,0,-1],"_humanoidState":5,"_cameraCFrame":[751.898,245.618,37.813,-0.985,0.169,-0.03,0,0.174,0.985,0.171,0.97,-0.171],"_shiftlockState":true,"_pose":"FreeFall","_animationQueue":[],"_animationSpeed":1,"_zoom":16.125},{"_mousePosition":[683,384],"_rootPartCFrame":[753.837,228.61,40.307,-0.999,0,-0.039,0,1,0,0.039,0,-0.999],"_humanoidState":5,"_cameraCFrame":[751.548,245.99,37.927,-0.979,0.203,-0.036,0,0.174,0.985,0.206,0.964,-0.17],"_shiftlockState":true,"_pose":"FreeFall","_animationQueue":[],"_animationSpeed":1,"_zoom":16.125},{"_mousePosition":[683,384],"_rootPartCFrame":[753.574,228.928,40.351,-0.997,0,-0.074,0,1,0,0.074,0,-0.997],"_humanoidState":5,"_cameraCFrame":[751.179,246.308,38.078,-0.968,0.247,-0.043,0,0.174,0.985,0.25,0.953,-0.168],"_shiftlockState":true,"_pose":"FreeFall","_animationQueue":[],"_animationSpeed":1,"_zoom":16.125},{"_mousePosition":[683,384],"_rootPartCFrame":[753.313,229.192,40.405,-0.993,0,-0.12,0,1,0,0.12,0,-0.993],"_humanoidState":5,"_cameraCFrame":[750.867,246.572,38.187,-0.962,0.268,-0.047,0,0.174,0.985,0.272,0.948,-0.167],"_shiftlockState":true,"_pose":"FreeFall","_animationQueue":[],"_animationSpeed":1,"_zoom":16.125},{"_mousePosition":[683,384],"_rootPartCFrame":[753.055,229.401,40.47,-0.99,0,-0.142,0,1,0,0.142,0,-0.99],"_humanoidState":5,"_cameraCFrame":[750.569,246.78,38.296,-0.957,0.285,-0.05,0,0.174,0.985,0.289,0.943,-0.166],"_shiftlockState":true,"_pose":"FreeFall","_animationQueue":[],"_animationSpeed":1,"_zoom":16.125},{"_mousePosition":[683,384],"_rootPartCFrame":[752.798,229.555,40.541,-0.987,0,-0.16,0,1,0,0.16,0,-0.987],"_humanoidState":5,"_cameraCFrame":[750.285,246.935,38.399,-0.953,0.297,-0.052,0,0.174,0.985,0.302,0.939,-0.166],"_shiftlockState":true,"_pose":"FreeFall","_animationQueue":[],"_animationSpeed":1,"_zoom":16.125},{"_mousePosition":[683,384],"_rootPartCFrame":[752.542,229.655,40.618,-0.985,0,-0.172,0,1,0,0.172,0,-0.985],"_humanoidState":5,"_cameraCFrame":[750.003,247.035,38.508,-0.95,0.309,-0.054,0,0.174,0.985,0.314,0.935,-0.165],"_shiftlockState":true,"_pose":"FreeFall","_animationQueue":[],"_animationSpeed":1,"_zoom":16.125},{"_mousePosition":[683,384],"_rootPartCFrame":[752.288,229.7,40.698,-0.983,0,-0.185,0,1,0,0.185,0,-0.983],"_humanoidState":5,"_cameraCFrame":[749.722,247.08,38.62,-0.946,0.321,-0.057,0,0.174,0.985,0.326,0.931,-0.164],"_shiftlockState":true,"_pose":"FreeFall","_animationQueue":[],"_animationSpeed":1,"_zoom":16.125},{"_mousePosition":[683,384],"_rootPartCFrame":[752.034,229.691,40.781,-0.98,0,-0.197,0,1,0,0.197,0,-0.98],"_humanoidState":5,"_cameraCFrame":[749.442,247.071,38.736,-0.941,0.332,-0.059,0,0.174,0.985,0.337,0.927,-0.163],"_shiftlockState":true,"_pose":"FreeFall","_animationQueue":[],"_animationSpeed":1,"_zoom":16.125},{"_mousePosition":[683,384],"_rootPartCFrame":[751.782,229.628,40.867,-0.978,0,-0.209,0,1,0,0.209,0,-0.978],"_humanoidState":5,"_cameraCFrame":[749.159,247.007,38.862,-0.936,0.346,-0.061,0,0.174,0.985,0.352,0.922,-0.163],"_shiftlockState":true,"_pose":"FreeFall","_animationQueue":[],"_animationSpeed":1,"_zoom":16.125},{"_mousePosition":[683,384],"_rootPartCFrame":[751.531,229.509,40.957,-0.975,0,-0.224,0,1,0,0.224,0,-0.975],"_humanoidState":5,"_cameraCFrame":[748.888,246.889,38.978,-0.932,0.356,-0.063,0,0.174,0.985,0.361,0.918,-0.162],"_shiftlockState":true,"_pose":"FreeFall","_animationQueue":[],"_animationSpeed":1,"_zoom":16.125},{"_mousePosition":[683,384],"_rootPartCFrame":[751.281,229.337,41.05,-0.972,0,-0.234,0,1,0,0.234,0,-0.972],"_humanoidState":5,"_cameraCFrame":[748.638,246.717,39.071,-0.932,0.356,-0.063,0,0.174,0.985,0.361,0.918,-0.162],"_shiftlockState":true,"_pose":"FreeFall","_animationQueue":[["fall",0.3]],"_animationSpeed":1,"_zoom":16.125},{"_mousePosition":[683,384],"_rootPartCFrame":[751.032,229.11,41.146,-0.972,0,-0.234,0,1,0,0.234,0,-0.972],"_humanoidState":5,"_cameraCFrame":[748.389,246.49,39.167,-0.932,0.356,-0.063,0,0.174,0.985,0.361,0.918,-0.162],"_shiftlockState":true,"_pose":"FreeFall","_animationQueue":[],"_animationSpeed":1,"_zoom":16.125},{"_mousePosition":[683,384],"_rootPartCFrame":[750.784,228.828,41.242,-0.972,0,-0.234,0,1,0,0.234,0,-0.972],"_humanoidState":5,"_cameraCFrame":[748.14,246.208,39.263,-0.932,0.356,-0.063,0,0.174,0.985,0.361,0.918,-0.162],"_shiftlockState":true,"_pose":"FreeFall","_animationQueue":[],"_animationSpeed":1,"_zoom":16.125},{"_mousePosition":[683,384],"_rootPartCFrame":[750.535,228.492,41.338,-0.972,0,-0.234,0,1,0,0.234,0,-0.972],"_humanoidState":5,"_cameraCFrame":[747.892,245.872,39.36,-0.932,0.356,-0.063,0,0.174,0.985,0.361,0.918,-0.162],"_shiftlockState":true,"_pose":"FreeFall","_animationQueue":[],"_animationSpeed":1,"_zoom":16.125},{"_mousePosition":[683,384],"_rootPartCFrame":[750.286,228.101,41.435,-0.972,0,-0.234,0,1,0,0.234,0,-0.972],"_humanoidState":5,"_cameraCFrame":[747.648,245.481,39.449,-0.933,0.353,-0.062,0,0.174,0.985,0.359,0.919,-0.162],"_shiftlockState":true,"_pose":"FreeFall","_animationQueue":[],"_animationSpeed":1,"_zoom":16.125},{"_mousePosition":[683,384],"_rootPartCFrame":[750.037,227.656,41.531,-0.973,0,-0.232,0,1,0,0.232,0,-0.973],"_humanoidState":5,"_cameraCFrame":[747.435,245.036,39.499,-0.94,0.337,-0.059,0,0.174,0.985,0.342,0.925,-0.163],"_shiftlockState":true,"_pose":"FreeFall","_animationQueue":[],"_animationSpeed":1,"_zoom":16.125},{"_mousePosition":[683,384],"_rootPartCFrame":[749.788,227.157,41.627,-0.977,0,-0.214,0,1,0,0.214,0,-0.977],"_humanoidState":5,"_cameraCFrame":[747.224,244.526,39.465,-0.949,0.311,-0.056,0,0.177,0.984,0.316,0.934,-0.168],"_shiftlockState":true,"_pose":"FreeFall","_animationQueue":[],"_animationSpeed":1,"_zoom":16.125},{"_mousePosition":[683,384],"_rootPartCFrame":[749.538,226.603,41.719,-0.982,0,-0.187,0,1,0,0.187,0,-0.982],"_humanoidState":5,"_cameraCFrame":[747.052,243.96,39.389,-0.961,0.27,-0.05,0,0.181,0.983,0.275,0.946,-0.174],"_shiftlockState":true,"_pose":"FreeFall","_animationQueue":[["fall",0.3]],"_animationSpeed":1,"_zoom":16.125},{"_mousePosition":[683,384],"_rootPartCFrame":[749.285,225.994,41.804,-0.989,0,-0.145,0,1,0,0.145,0,-0.989],"_humanoidState":5,"_cameraCFrame":[746.913,243.34,39.285,-0.975,0.22,-0.041,0,0.185,0.983,0.223,0.958,-0.18],"_shiftlockState":true,"_pose":"FreeFall","_animationQueue":[],"_animationSpeed":1,"_zoom":16.125},{"_mousePosition":[683,384],"_rootPartCFrame":[749.029,225.331,41.879,-0.996,0,-0.092,0,1,0,0.092,0,-0.996],"_humanoidState":5,"_cameraCFrame":[746.814,242.677,39.221,-0.986,0.161,-0.03,0,0.185,0.983,0.164,0.969,-0.183],"_shiftlockState":true,"_pose":"FreeFall","_animationQueue":[],"_animationSpeed":1,"_zoom":16.125},{"_mousePosition":[683,384],"_rootPartCFrame":[748.77,224.613,41.941,-1,0,-0.031,0,1,0,0.031,0,-1],"_humanoidState":5,"_cameraCFrame":[746.688,241.953,39.143,-0.994,0.112,-0.021,0,0.187,0.982,0.114,0.976,-0.186],"_shiftlockState":true,"_pose":"FreeFall","_animationQueue":[],"_animationSpeed":1,"_zoom":16.125},{"_mousePosition":[683,384],"_rootPartCFrame":[748.508,223.841,41.987,-1,0,0.019,0,1,0,-0.019,0,-1],"_humanoidState":5,"_cameraCFrame":[746.531,241.175,39.081,-0.997,0.075,-0.014,0,0.189,0.982,0.076,0.979,-0.188],"_shiftlockState":true,"_pose":"FreeFall","_animationQueue":[],"_animationSpeed":1,"_zoom":16.125},{"_mousePosition":[683,384],"_rootPartCFrame":[748.243,223.015,42.019,-0.998,0,0.057,0,1,0,-0.057,0,-0.998],"_humanoidState":5,"_cameraCFrame":[746.333,240.349,39.069,-0.999,0.052,-0.01,0,0.189,0.982,0.053,0.981,-0.189],"_shiftlockState":true,"_pose":"FreeFall","_animationQueue":[],"_animationSpeed":1,"_zoom":16.125},{"_mousePosition":[683,384],"_rootPartCFrame":[747.977,222.42,42.041,-1,0,-0.017,0,1,0,0.017,0,-1],"_humanoidState":7,"_cameraCFrame":[746.09,239.754,39.077,-0.999,0.045,-0.009,0,0.189,0.982,0.046,0.981,-0.189],"_shiftlockState":true,"_pose":"FreeFall","_animationQueue":[["walk",0.1],["fall",0.3],["fall",0.3]],"_animationSpeed":1,"_zoom":16.125},{"_mousePosition":[683,384],"_rootPartCFrame":[747.644,222.486,42.06,-0.999,0,-0.043,0,1,0,0.043,0,-0.999],"_humanoidState":7,"_cameraCFrame":[745.757,239.82,39.095,-0.999,0.045,-0.009,0,0.189,0.982,0.046,0.981,-0.189],"_shiftlockState":true,"_pose":"FreeFall","_animationQueue":[["fall",0.3]],"_animationSpeed":1,"_zoom":16.125},{"_mousePosition":[683,384],"_rootPartCFrame":[747.378,222.575,42.072,-0.999,0,-0.045,0,1,0,0.045,0,-0.999],"_humanoidState":8,"_cameraCFrame":[745.498,239.909,39.103,-0.999,0.042,-0.008,0,0.189,0.982,0.043,0.981,-0.189],"_shiftlockState":true,"_pose":"Running","_animationQueue":[["walk",0.1],["fall",0.3],["walk",0.1]],"_animationSpeed":1.103,"_zoom":16.125},{"_mousePosition":[683,384],"_rootPartCFrame":[747.112,222.631,42.084,-0.999,0,-0.043,0,1,0,0.043,0,-0.999],"_humanoidState":8,"_cameraCFrame":[745.247,239.966,39.106,-0.999,0.037,-0.007,0,0.189,0.982,0.038,0.981,-0.189],"_shiftlockState":true,"_pose":"Running","_animationQueue":[],"_animationSpeed":1.103,"_zoom":16.125},{"_mousePosition":[683,384],"_rootPartCFrame":[746.845,222.662,42.096,-0.999,0,-0.038,0,1,0,0.038,0,-0.999],"_humanoidState":8,"_cameraCFrame":[744.997,240.003,39.139,-0.999,0.032,-0.006,0,0.187,0.982,0.033,0.982,-0.187],"_shiftlockState":true,"_pose":"Running","_animationQueue":[],"_animationSpeed":1.103,"_zoom":16.125},{"_mousePosition":[683,384],"_rootPartCFrame":[746.579,222.679,42.106,-0.999,0,-0.033,0,1,0,0.033,0,-0.999],"_humanoidState":8,"_cameraCFrame":[744.754,240.025,39.166,-1,0.025,-0.005,0,0.185,0.983,0.025,0.982,-0.185],"_shiftlockState":true,"_pose":"Running","_animationQueue":[],"_animationSpeed":1.103,"_zoom":16.125},{"_mousePosition":[683,384],"_rootPartCFrame":[746.312,222.689,42.115,-1,0,-0.025,0,1,0,0.025,0,-1],"_humanoidState":8,"_cameraCFrame":[744.503,240.04,39.197,-1,0.02,-0.004,0,0.183,0.983,0.02,0.983,-0.183],"_shiftlockState":true,"_pose":"Running","_animationQueue":[],"_animationSpeed":1.103,"_zoom":16.125},{"_mousePosition":[683,384],"_rootPartCFrame":[746.046,222.694,42.122,-1,0,-0.02,0,1,0,0.02,0,-1],"_humanoidState":8,"_cameraCFrame":[744.251,240.051,39.226,-1,0.015,-0.003,0,0.181,0.983,0.015,0.983,-0.181],"_shiftlockState":true,"_pose":"Running","_animationQueue":[],"_animationSpeed":1.103,"_zoom":16.125},{"_mousePosition":[683,384],"_rootPartCFrame":[745.779,222.696,42.128,-1,0,-0.015,0,1,0,0.015,0,-1],"_humanoidState":8,"_cameraCFrame":[744,240.06,39.253,-1,0.01,-0.002,0,0.179,0.984,0.01,0.984,-0.179],"_shiftlockState":true,"_pose":"Running","_animationQueue":[["walk",0.1]],"_animationSpeed":1.103,"_zoom":16.125},{"_mousePosition":[683,384],"_rootPartCFrame":[745.512,222.698,42.132,-1,0,-0.01,0,1,0,0.01,0,-1],"_humanoidState":8,"_cameraCFrame":[743.74,240.061,39.253,-1,0.008,-0.001,0,0.179,0.984,0.008,0.984,-0.179],"_shiftlockState":true,"_pose":"Running","_animationQueue":[],"_animationSpeed":1.103,"_zoom":16.125},{"_mousePosition":[683,384],"_rootPartCFrame":[745.246,222.699,42.135,-1,0,-0.008,0,1,0,0.008,0,-1],"_humanoidState":8,"_cameraCFrame":[743.481,240.062,39.251,-1,0.005,-0.001,0,0.179,0.984,0.005,0.984,-0.179],"_shiftlockState":true,"_pose":"Running","_animationQueue":[],"_animationSpeed":1.103,"_zoom":16.125},{"_mousePosition":[683,384],"_rootPartCFrame":[744.979,222.699,42.137,-1,0,-0.005,0,1,0,0.005,0,-1],"_humanoidState":8,"_cameraCFrame":[743.229,240.062,39.244,-1,0,0,0,0.179,0.984,0,0.984,-0.179],"_shiftlockState":true,"_pose":"Running","_animationQueue":[],"_animationSpeed":1.103,"_zoom":16.125},{"_mousePosition":[683,384],"_rootPartCFrame":[744.713,222.699,42.139,-1,0,0,0,1,0,0,0,-1],"_humanoidState":8,"_cameraCFrame":[742.977,240.068,39.268,-1,-0.005,0.001,0,0.177,0.984,-0.005,0.984,-0.177],"_shiftlockState":true,"_pose":"Running","_animationQueue":[],"_animationSpeed":1.103,"_zoom":16.125},{"_mousePosition":[683,384],"_rootPartCFrame":[744.446,222.7,42.139,-1,0,0.005,0,1,0,-0.005,0,-1],"_humanoidState":8,"_cam