[{"_mousePosition":[738,362],"_rootPartCFrame":[776.027,222.7,47.142,0,0,1,0,1,0,-1,0,0],"_humanoidState":8,"_cameraCFrame":[781.574,239.341,47.061,-0.015,-0.939,0.344,0,0.344,0.939,-1,0.014,-0.005],"_shiftlockState":false,"_pose":"Standing","_animationQueue":[],"_animationSpeed":1,"_zoom":16.125},{"_mousePosition":[738,362],"_rootPartCFrame":[775.855,222.695,47.144,-0.001,0,1,0,1,0,-1,0,-0.001],"_humanoidState":8,"_cameraCFrame":[781.402,239.335,47.064,-0.015,-0.939,0.344,0,0.344,0.939,-1,0.014,-0.005],"_shiftlockState":false,"_pose":"Standing","_animationQueue":[],"_animationSpeed":1,"_zoom":16.125},{"_mousePosition":[738,362],"_rootPartCFrame":[775.591,222.696,47.148,-0.003,0,1,0,1,0,-1,0,-0.003],"_humanoidState":8,"_cameraCFrame":[781.137,239.337,47.068,-0.015,-0.939,0.344,0,0.344,0.939,-1,0.014,-0.005],"_shiftlockState":false,"_pose":"Running","_animationQueue":[["walk",0.1]],"_animationSpeed":1.003,"_zoom":16.125},{"_mousePosition":[738,362],"_rootPartCFrame":[775.324,222.698,47.152,-0.005,0,1,0,1,0,-1,0,-0.005],"_humanoidState":8,"_cameraCFrame":[780.871,239.339,47.072,-0.015,-0.939,0.344,0,0.344,0.939,-1,0.014,-0.005],"_shiftlockState":false,"_pose":"Running","_animationQueue":[["walk",0.1],["walk",0.1]],"_animationSpeed":1.101,"_zoom":16.125},{"_mousePosition":[738,362],"_rootPartCFrame":[775.057,222.699,47.156,-0.006,0,1,0,1,0,-1,0,-0.006],"_humanoidState":8,"_cameraCFrame":[780.604,239.339,47.075,-0.015,-0.939,0.344,0,0.344,0.939,-1,0.014,-0.005],"_shiftlockState":false,"_pose":"Running","_animationQueue":[],"_animationSpeed":1.101,"_zoom":16.125},{"_mousePosition":[738,362],"_rootPartCFrame":[774.791,222.699,47.16,-0.007,0,1,0,1,0,-1,0,-0.007],"_humanoidState":8,"_cameraCFrame":[780.338,239.34,47.079,-0.015,-0.939,0.344,0,0.344,0.939,-1,0.014,-0.005],"_shiftlockState":false,"_pose":"Running","_animationQueue":[],"_animationSpeed":1.101,"_zoom":16.125},{"_mousePosition":[738,362],"_rootPartCFrame":[774.524,222.699,47.164,-0.008,0,1,0,1,0,-1,0,-0.008],"_humanoidState":8,"_cameraCFrame":[780.071,239.34,47.083,-0.015,-0.939,0.344,0,0.344,0.939,-1,0.014,-0.005],"_shiftlockState":false,"_pose":"Running","_animationQueue":[],"_animationSpeed":1.101,"_zoom":16.125},{"_mousePosition":[738,362],"_rootPartCFrame":[774.258,222.699,47.168,-0.009,0,1,0,1,0,-1,0,-0.009],"_humanoidState":8,"_cameraCFrame":[779.804,239.34,47.087,-0.015,-0.939,0.344,0,0.344,0.939,-1,0.014,-0.005],"_shiftlockState":false,"_pose":"Running","_animationQueue":[],"_animationSpeed":1.101,"_zoom":16.125},{"_mousePosition":[738,362],"_rootPartCFrame":[773.991,222.7,47.172,-0.01,0,1,0,1,0,-1,0,-0.01],"_humanoidState":8,"_cameraCFrame":[779.538,239.34,47.091,-0.015,-0.939,0.344,0,0.344,0.939,-1,0.014,-0.005],"_shiftlockState":false,"_pose":"Running","_animationQueue":[],"_animationSpeed":1.101,"_zoom":16.125},{"_mousePosition":[738,362],"_rootPartCFrame":[773.724,222.7,47.175,-0.01,0,1,0,1,0,-1,0,-0.01],"_humanoidState":8,"_cameraCFrame":[779.271,239.34,47.095,-0.015,-0.939,0.344,0,0.344,0.939,-1,0.014,-0.005],"_shiftlockState":false,"_pose":"Running","_animationQueue":[["walk",0.1]],"_animationSpeed":1.101,"_zoom":16.125},{"_mousePosition":[738,362],"_rootPartCFrame":[773.458,222.7,47.179,-0.011,0,1,0,1,0,-1,0,-0.011],"_humanoidState":8,"_cameraCFrame":[779.005,239.34,47.099,-0.015,-0.939,0.344,0,0.344,0.939,-1,0.014,-0.005],"_shiftlockState":false,"_pose":"Running","_animationQueue":[],"_animationSpeed":1.101,"_zoom":16.125},{"_mousePosition":[738,362],"_rootPartCFrame":[773.191,222.7,47.183,-0.011,0,1,0,1,0,-1,0,-0.011],"_humanoidState":8,"_cameraCFrame":[778.738,239.34,47.103,-0.015,-0.939,0.344,0,0.344,0.939,-1,0.014,-0.005],"_shiftlockState":false,"_pose":"Running","_animationQueue":[],"_animationSpeed":1.101,"_zoom":16.125},{"_mousePosition":[738,362],"_rootPartCFrame":[772.925,222.7,47.187,-0.012,0,1,0,1,0,-1,0,-0.012],"_humanoidState":8,"_cameraCFrame":[778.471,239.34,47.106,-0.015,-0.939,0.344,0,0.344,0.939,-1,0.014,-0.005],"_shiftlockState":false,"_pose":"Running","_animationQueue":[],"_animationSpeed":1.101,"_zoom":16.125},{"_mousePosition":[738,362],"_rootPartCFrame":[772.658,222.7,47.191,-0.012,0,1,0,1,0,-1,0,-0.012],"_humanoidState":8,"_cameraCFrame":[778.205,239.34,47.11,-0.015,-0.939,0.344,0,0.344,0.939,-1,0.014,-0.005],"_shiftlockState":false,"_pose":"Running","_animationQueue":[],"_animationSpeed":1.101,"_zoom":16.125},{"_mousePosition":[738,362],"_rootPartCFrame":[772.391,222.7,47.195,-0.013,0,1,0,1,0,-1,0,-0.013],"_humanoidState":8,"_cameraCFrame":[777.938,239.34,47.114,-0.015,-0.939,0.344,0,0.344,0.939,-1,0.014,-0.005],"_shiftlockState":false,"_pose":"Running","_animationQueue":[],"_animationSpeed":1.101,"_zoom":16.125},{"_mousePosition":[738,362],"_rootPartCFrame":[772.125,223.573,47.199,-0.013,0,1,0,1,0,-1,0,-0.013],"_humanoidState":3,"_cameraCFrame":[777.672,240.214,47.118,-0.015,-0.939,0.344,0,0.344,0.939,-1,0.014,-0.005],"_shiftlockState":false,"_pose":"Jumping","_animationQueue":[["walk",0.1],["jump",0.1]],"_animationSpeed":1,"_zoom":16.125},{"_mousePosition":[738,362],"_rootPartCFrame":[771.858,224.395,47.203,-0.013,0,1,0,1,0,-1,0,-0.013],"_humanoidState":5,"_cameraCFrame":[777.405,241.036,47.122,-0.015,-0.939,0.344,0,0.344,0.939,-1,0.014,-0.005],"_shiftlockState":false,"_pose":"FreeFall","_animationQueue":[["jump",0.1]],"_animationSpeed":1,"_zoom":16.125},{"_mousePosition":[738,362],"_rootPartCFrame":[771.592,225.162,47.206,-0.013,0,1,0,1,0,-1,0,-0.013],"_humanoidState":5,"_cameraCFrame":[777.168,241.792,47.125,-0.015,-0.938,0.346,0,0.346,0.938,-1,0.014,-0.005],"_shiftlockState":false,"_pose":"FreeFall","_animationQueue":[],"_animationSpeed":1,"_zoom":16.125},{"_mousePosition":[738,362],"_rootPartCFrame":[771.325,225.875,47.21,-0.013,0,1,0,1,0,-1,0,-0.013],"_humanoidState":5,"_cameraCFrame":[776.931,242.494,47.129,-0.015,-0.938,0.348,0,0.348,0.938,-1,0.014,-0.005],"_shiftlockState":false,"_pose":"FreeFall","_animationQueue":[],"_animationSpeed":1,"_zoom":16.125},{"_mousePosition":[738,362],"_rootPartCFrame":[771.058,226.534,47.214,-0.014,0,1,0,1,0,-1,0,-0.014],"_humanoidState":5,"_cameraCFrame":[776.752,243.12,47.131,-0.015,-0.935,0.353,0,0.353,0.936,-1,0.014,-0.005],"_shiftlockState":false,"_pose":"FreeFall","_animationQueue":[],"_animationSpeed":1,"_zoom":16.125},{"_mousePosition":[738,362],"_rootPartCFrame":[770.792,227.138,47.218,-0.014,0,1,0,1,0,-1,0,-0.014],"_humanoidState":5,"_cameraCFrame":[776.603,243.679,47.134,-0.015,-0.933,0.36,0,0.36,0.933,-1,0.014,-0.005],"_shiftlockState":false,"_pose":"FreeFall","_animationQueue":[],"_animationSpeed":1,"_zoom":16.125},{"_mousePosition":[738,362],"_rootPartCFrame":[770.525,227.687,47.222,-0.014,0,1,0,1,0,-1,0,-0.014],"_humanoidState":5,"_cameraCFrame":[776.454,244.183,47.136,-0.015,-0.93,0.368,0,0.368,0.93,-1,0.014,-0.005],"_shiftlockState":false,"_pose":"FreeFall","_animationQueue":[],"_animationSpeed":1,"_zoom":16.125},{"_mousePosition":[738,362],"_rootPartCFrame":[770.259,228.182,47.226,-0.014,0,1,0,1,0,-1,0,-0.014],"_humanoidState":5,"_cameraCFrame":[776.362,244.607,47.137,-0.015,-0.925,0.379,0,0.379,0.926,-1,0.013,-0.006],"_shiftlockState":false,"_pose":"FreeFall","_animationQueue":[],"_animationSpeed":1,"_zoom":16.125},{"_mousePosition":[738,362],"_rootPartCFrame":[769.992,228.623,47.23,-0.014,0,1,0,1,0,-1,0,-0.014],"_humanoidState":5,"_cameraCFrame":[776.27,244.976,47.154,-0.012,-0.921,0.389,0,0.389,0.921,-1,0.011,-0.005],"_shiftlockState":false,"_pose":"FreeFall","_animationQueue":[],"_animationSpeed":1,"_zoom":16.125},{"_mousePosition":[738,362],"_rootPartCFrame":[769.725,229.009,47.234,-0.014,0,1,0,1,0,-1,0,-0.014],"_humanoidState":5,"_cameraCFrame":[776.147,245.3,47.157,-0.012,-0.917,0.398,0,0.398,0.917,-1,0.011,-0.005],"_shiftlockState":false,"_pose":"FreeFall","_animationQueue":[],"_animationSpeed":1,"_zoom":16.125},{"_mousePosition":[738,362],"_rootPartCFrame":[769.459,229.34,47.237,-0.014,0,1,0,1,0,-1,0,-0.014],"_humanoidState":5,"_cameraCFrame":[775.996,245.581,47.158,-0.012,-0.914,0.405,0,0.405,0.914,-1,0.011,-0.005],"_shiftlockState":false,"_pose":"FreeFall","_animationQueue":[],"_animationSpeed":1,"_zoom":16.125},{"_mousePosition":[738,362],"_rootPartCFrame":[769.192,229.617,47.24,-0.014,0,1,0,1,0,-1,0,-0.014],"_humanoidState":5,"_cameraCFrame":[775.844,245.806,47.177,-0.009,-0.911,0.413,0,0.413,0.911,-1,0.009,-0.004],"_shiftlockState":false,"_pose":"FreeFall","_animationQueue":[],"_animationSpeed":1,"_zoom":16.125},{"_mousePosition":[738,362],"_rootPartCFrame":[768.926,229.84,47.243,-0.013,0,1,0,1,0,-1,0,-0.013],"_humanoidState":5,"_cameraCFrame":[775.635,246.003,47.18,-0.009,-0.909,0.416,0,0.416,0.909,-1,0.009,-0.004],"_shiftlockState":false,"_pose":"FreeFall","_animationQueue":[],"_animationSpeed":1,"_zoom":16.125},{"_mousePosition":[738,362],"_rootPartCFrame":[768.659,230.008,47.246,-0.013,0,1,0,1,0,-1,0,-0.013],"_humanoidState":5,"_cameraCFrame":[775.454,246.131,47.182,-0.009,-0.907,0.421,0,0.421,0.907,-1,0.009,-0.004],"_shiftlockState":false,"_pose":"FreeFall","_animationQueue":[],"_animationSpeed":1,"_zoom":16.125},{"_mousePosition":[738,362],"_rootPartCFrame":[768.392,230.122,47.248,-0.013,0,1,0,1,0,-1,0,-0.013],"_humanoidState":5,"_cameraCFrame":[775.272,246.205,47.183,-0.009,-0.904,0.427,0,0.427,0.904,-1,0.009,-0.004],"_shiftlockState":false,"_pose":"FreeFall","_animationQueue":[],"_animationSpeed":1,"_zoom":16.125},{"_mousePosition":[738,362],"_rootPartCFrame":[768.126,230.181,47.251,-0.012,0,1,0,1,0,-1,0,-0.012],"_humanoidState":5,"_cameraCFrame":[775.119,246.21,47.185,-0.009,-0.901,0.434,0,0.434,0.901,-1,0.009,-0.004],"_shiftlockState":false,"_pose":"FreeFall","_animationQueue":[],"_animationSpeed":1,"_zoom":16.125},{"_mousePosition":[738,362],"_rootPartCFrame":[767.859,230.185,47.254,-0.012,0,1,0,1,0,-1,0,-0.012],"_humanoidState":5,"_cameraCFrame":[774.994,246.146,47.186,-0.009,-0.897,0.442,0,0.442,0.897,-1,0.008,-0.004],"_shiftlockState":false,"_pose":"FreeFall","_animationQueue":[],"_animationSpeed":1,"_zoom":16.125},{"_mousePosition":[738,362],"_rootPartCFrame":[767.593,230.135,47.256,-0.011,0,1,0,1,0,-1,0,-0.011],"_humanoidState":5,"_cameraCFrame":[774.84,246.04,47.187,-0.009,-0.893,0.449,0,0.449,0.893,-1,0.008,-0.004],"_shiftlockState":false,"_pose":"FreeFall","_animationQueue":[],"_animationSpeed":1,"_zoom":16.125},{"_mousePosition":[738,362],"_rootPartCFrame":[767.326,230.031,47.259,-0.011,0,1,0,1,0,-1,0,-0.011],"_humanoidState":5,"_cameraCFrame":[774.685,245.878,47.189,-0.009,-0.89,0.456,0,0.456,0.89,-1,0.008,-0.004],"_shiftlockState":false,"_pose":"FreeFall","_animationQueue":[],"_animationSpeed":1,"_zoom":16.125},{"_mousePosition":[738,362],"_rootPartCFrame":[767.059,229.872,47.261,-0.011,0,1,0,1,0,-1,0,-0.011],"_humanoidState":5,"_cameraCFrame":[774.558,245.647,47.209,-0.007,-0.885,0.465,0,0.465,0.885,-1,0.006,-0.003],"_shiftlockState":false,"_pose":"FreeFall","_animationQueue":[],"_animationSpeed":1,"_zoom":16.125},{"_mousePosition":[738,362],"_rootPartCFrame":[766.793,229.658,47.264,-0.011,0,1,0,1,0,-1,0,-0.011],"_humanoidState":5,"_cameraCFrame":[774.43,245.36,47.211,-0.007,-0.881,0.474,0,0.474,0.881,-1,0.006,-0.003],"_shiftlockState":false,"_pose":"FreeFall","_animationQueue":[["fall",0.3]],"_animationSpeed":1,"_zoom":16.125},{"_mousePosition":[738,362],"_rootPartCFrame":[766.526,229.39,47.266,-0.01,0,1,0,1,0,-1,0,-0.01],"_humanoidState":5,"_cameraCFrame":[774.302,245.016,47.212,-0.007,-0.876,0.482,0,0.482,0.876,-1,0.006,-0.003],"_shiftlockState":false,"_pose":"FreeFall","_animationQueue":[],"_animationSpeed":1,"_zoom":16.125},{"_mousePosition":[738,362],"_rootPartCFrame":[766.26,229.068,47.267,-0.01,0,1,0,1,0,-1,0,-0.01],"_humanoidState":5,"_cameraCFrame":[774.145,244.633,47.233,-0.004,-0.872,0.489,0,0.489,0.872,-1,0.004,-0.002],"_shiftlockState":false,"_pose":"FreeFall","_animationQueue":[],"_animationSpeed":1,"_zoom":16.125},{"_mousePosition":[738,362],"_rootPartCFrame":[765.993,228.691,47.269,-0.009,0,1,0,1,0,-1,0,-0.009],"_humanoidState":5,"_cameraCFrame":[773.988,244.194,47.254,-0.002,-0.868,0.496,0,0.496,0.868,-1,0.002,-0.001],"_shiftlockState":false,"_pose":"FreeFall","_animationQueue":[],"_animationSpeed":1,"_zoom":16.125},{"_mousePosition":[738,362],"_rootPartCFrame":[765.726,228.259,47.271,-0.009,0,1,0,1,0,-1,0,-0.009],"_humanoidState":5,"_cameraCFrame":[773.83,243.7,47.255,-0.002,-0.865,0.503,0,0.503,0.865,-1,0.002,-0.001],"_shiftlockState":false,"_pose":"FreeFall","_animationQueue":[],"_animationSpeed":1,"_zoom":16.125},{"_mousePosition":[738,362],"_rootPartCFrame":[765.46,227.773,47.271,-0.008,0,1,0,1,0,-1,0,-0.008],"_humanoidState":5,"_cameraCFrame":[773.645,243.166,47.277,0.001,-0.862,0.508,0,0.508,0.862,-1,-0.001,0],"_shiftlockState":false,"_pose":"FreeFall","_animationQueue":[],"_animationSpeed":1,"_zoom":16.125},{"_mousePosition":[738,362],"_rootPartCFrame":[765.193,227.233,47.272,-0.007,0,1,0,1,0,-1,0,-0.007],"_humanoidState":5,"_cameraCFrame":[773.433,242.594,47.298,0.003,-0.86,0.511,0,0.511,0.86,-1,-0.003,0.002],"_shiftlockState":false,"_pose":"FreeFall","_animationQueue":[],"_animationSpeed":1,"_zoom":16.125},{"_mousePosition":[738,362],"_rootPartCFrame":[764.927,226.638,47.272,-0.006,0,1,0,1,0,-1,0,-0.006],"_humanoidState":5,"_cameraCFrame":[773.3,241.918,47.341,0.008,-0.855,0.519,0,0.519,0.855,-1,-0.007,0.004],"_shiftlockState":false,"_pose":"FreeFall","_animationQueue":[["fall",0.3]],"_animationSpeed":1,"_zoom":16.125},{"_mousePosition":[738,362],"_rootPartCFrame":[764.66,225.988,47.271,-0.005,0,1,0,1,0,-1,0,-0.005],"_humanoidState":5,"_cameraCFrame":[773.14,241.203,47.384,0.013,-0.85,0.526,0,0.526,0.851,-1,-0.011,0.007],"_shiftlockState":false,"_pose":"FreeFall","_animationQueue":[],"_animationSpeed":1,"_zoom":16.125},{"_mousePosition":[738,362],"_rootPartCFrame":[764.393,225.284,47.269,-0.003,0,1,0,1,0,-1,0,-0.003],"_humanoidState":5,"_cameraCFrame":[772.98,240.432,47.427,0.018,-0.846,0.532,0,0.533,0.846,-1,-0.016,0.01],"_shiftlockState":false,"_pose":"FreeFall","_animationQueue":[],"_animationSpeed":1,"_zoom":16.125},{"_mousePosition":[738,362],"_rootPartCFrame":[764.127,224.526,47.266,-0.001,0,1,0,1,0,-1,0,-0.001],"_humanoidState":5,"_cameraCFrame":[772.818,239.606,47.469,0.023,-0.842,0.539,0,0.539,0.842,-1,-0.02,0.013],"_shiftlockState":false,"_pose":"FreeFall","_animationQueue":[],"_animationSpeed":1,"_zoom":16.125},{"_mousePosition":[738,362],"_rootPartCFrame":[763.86,223.713,47.261,0.001,0,1,0,1,0,-1,0,0.001],"_humanoidState":5,"_cameraCFrame":[772.682,238.708,47.535,0.031,-0.837,0.547,0,0.547,0.837,-1,-0.026,0.017],"_shiftlockState":false,"_pose":"FreeFall","_animationQueue":[],"_animationSpeed":1,"_zoom":16.125},{"_mousePosition":[738,362],"_rootPartCFrame":[763.594,222.845,47.255,0.004,0,1,0,1,0,-1,0,0.004],"_humanoidState":7,"_cameraCFrame":[772.545,237.754,47.578,0.036,-0.831,0.555,0,0.555,0.832,-0.999,-0.03,0.02],"_shiftlockState":false,"_pose":"FreeFall","_animationQueue":[["walk",0.1],["fall",0.3],["fall",0.3]],"_animationSpeed":1,"_zoom":16.125},{"_mousePosition":[738,362],"_rootPartCFrame":[763.327,222.45,47.247,0.007,0,1,0,1,0,-1,0,0.007],"_humanoidState":7,"_cameraCFrame":[772.38,237.288,47.62,0.041,-0.826,0.561,0,0.562,0.827,-0.999,-0.034,0.023],"_shiftlockState":false,"_pose":"FreeFall","_animationQueue":[],"_animationSpeed":1,"_zoom":16.125},{"_mousePosition":[738,362],"_rootPartCFrame":[762.994,222.578,47.235,0.012,0,1,0,1,0,-1,0,0.012],"_humanoidState":8,"_cameraCFrame":[772.151,237.345,47.612,0.041,-0.822,0.568,0,0.568,0.823,-0.999,-0.034,0.023],"_shiftlockState":false,"_pose":"Running","_animationQueue":[["fall",0.3],["walk",0.1],["fall",0.3],["walk",0.1]],"_animationSpeed":1.103,"_zoom":16.125},{"_mousePosition":[738,362],"_rootPartCFrame":[762.727,223.451,47.225,0.016,0,1,0,1,0,-1,0,0.016],"_humanoidState":3,"_cameraCFrame":[771.936,238.183,47.604,0.041,-0.82,0.571,0,0.572,0.821,-0.999,-0.034,0.024],"_shiftlockState":false,"_pose":"Jumping","_animationQueue":[["walk",0.1],["jump",0.1]],"_animationSpeed":1,"_zoom":16.125},{"_mousePosition":[738,362],"_rootPartCFrame":[762.461,224.273,47.215,0.019,0,1,0,1,0,-1,0,0.019],"_humanoidState":5,"_cameraCFrame":[771.721,238.969,47.596,0.041,-0.818,0.574,0,0.575,0.818,-0.999,-0.034,0.024],"_shiftlockState":false,"_pose":"FreeFall","_animationQueue":[["jump",0.1]],"_animationSpeed":1,"_zoom":16.125},{"_mousePosition":[738,362],"_rootPartCFrame":[762.261,224.854,47.206,0.022,0,1,0,1,0,-1,0,0.022],"_humanoidState":5,"_cameraCFrame":[771.547,239.531,47.589,0.041,-0.817,0.576,0,0.576,0.817,-0.999,-0.034,0.024],"_shiftlockState":false,"_pose":"FreeFall","_animationQueue":[],"_animationSpeed":1,"_zoom":16.125},{"_mousePosition":[738,362],"_rootPartCFrame":[761.928,225.754,47.193,0.025,0,1,0,1,0,-1,0,0.025],"_humanoidState":5,"_cameraCFrame":[771.24,240.413,47.576,0.041,-0.815,0.577,0,0.578,0.816,-0.999,-0.034,0.024],"_shiftlockState":false,"_pose":"FreeFall","_animationQueue":[],"_animationSpeed":1,"_zoom":16.125},{"_mousePosition":[738,362],"_rootPartCFrame":[761.662,226.412,47.182,0.027,0,1,0,1,0,-1,0,0.027],"_humanoidState":5,"_cameraCFrame":[770.975,241.071,47.518,0.036,-0.816,0.578,0,0.578,0.816,-0.999,-0.029,0.021],"_shiftlockState":false,"_pose":"FreeFall","_animationQueue":[],"_animationSpeed":1,"_zoom":16.125},{"_mousePosition":[738,362],"_rootPartCFrame":[761.395,227.016,47.171,0.029,0,1,0,1,0,-1,0,0.029],"_humanoidState":5,"_cameraCFrame":[770.737,241.657,47.437,0.028,-0.815,0.579,0,0.58,0.815,-1,-0.023,0.017],"_shiftlockState":false,"_pose":"FreeFall","_animationQueue":[],"_animationSpeed":1,"_zoom":16.125},{"_mousePosition":[738,362],"_rootPartCFrame":[761.129,227.566,47.161,0.031,0,1,0,1,0,-1,0,0.031],"_humanoidState":5,"_cameraCFrame":[770.523,242.17,47.357,0.021,-0.813,0.583,0,0.583,0.813,-1,-0.017,0.012],"_shiftlockState":false,"_pose":"FreeFall","_animationQueue":[],"_animationSpeed":1,"_zoom":16.125},{"_mousePosition":[738,362],"_rootPartCFrame":[760.862,228.061,47.153,0.031,0,1,0,1,0,-1,0,0.031],"_humanoidState":5,"_cameraCFrame":[770.284,242.647,47.231,0.008,-0.812,0.584,0,0.584,0.812,-1,-0.007,0.005],"_shiftlockState":false,"_pose":"FreeFall","_animationQueue":[],"_animationSpeed":1,"_zoom":16.125},{"_mousePosition":[738,362],"_rootPartCFrame":[760.596,228.501,47.147,0.03,0,1,0,1,0,-1,0,0.03],"_humanoidState":5,"_cameraCFrame":[770.043,243.069,47.129,-0.002,-0.81,0.586,0,0.586,0.81,-1,0.002,-0.001],"_shiftlockState":false,"_pose":"FreeFall","_animationQueue":[],"_animationSpeed":1,"_zoom":16.125},{"_mousePosition":[738,362],"_rootPartCFrame":[760.329,228.887,47.144,0.027,0,1,0,1,0,-1,0,0.027],"_humanoidState":5,"_cameraCFrame":[769.776,243.455,47.103,-0.004,-0.81,0.586,0,0.586,0.81,-1,0.004,-0.003],"_shiftlockState":false,"_pose":"FreeFall","_animationQueue":[],"_animationSpeed":1,"_zoom":16.125},{"_mousePosition":[738,362],"_rootPartCFrame":[760.062,229.219,47.145,0.024,0,1,0,1,0,-1,0,0.024],"_humanoidState":5,"_cameraCFrame":[769.509,243.787,47.079,-0.007,-0.81,0.586,0,0.586,0.81,-1,0.006,-0.004],"_shiftlockState":false,"_pose":"FreeFall","_animationQueue":[],"_animationSpeed":1,"_zoom":16.125},{"_mousePosition":[738,362],"_rootPartCFrame":[759.729,229.557,47.146,0.019,0,1,0,1,0,-1,0,0.019],"_humanoidState":5,"_cameraCFrame":[769.176,244.124,47.08,-0.007,-0.81,0.586,0,0.586,0.81,-1,0.006,-0.004],"_shiftlockState":false,"_pose":"FreeFall","_animationQueue":[],"_animationSpeed":1,"_zoom":16.125},{"_mousePosition":[738,362],"_rootPartCFrame":[759.529,229.718,47.147,0.016,0,1,0,1,0,-1,0,0.016],"_humanoidState":5,"_cameraCFrame":[768.976,244.286,47.082,-0.007,-0.81,0.586,0,0.586,0.81,-1,0.006,-0.004],"_shiftlockState":false,"_pose":"FreeFall","_animationQueue":[],"_animationSpeed":1,"_zoom":16.125},{"_mousePosition":[738,362],"_rootPartCFrame":[759.263,229.886,47.149,0.013,0,1,0,1,0,-1,0,0.013],"_humanoidState":5,"_cameraCFrame":[768.71,244.454,47.083,-0.007,-0.81,0.586,0,0.586,0.81,-1,0.006,-0.004],"_shiftlockState":false,"_pose":"FreeFall","_animationQueue":[],"_animationSpeed":1,"_zoom":16.125},{"_mousePosition":[738,362],"_rootPartCFrame":[758.996,230,47.151,0.01,0,1,0,1,0,-1,0,0.01],"_humanoidState":5,"_cameraCFrame":[768.443,244.568,47.085,-0.007,-0.81,0.586,0,0.586,0.81,-1,0.006,-0.004],"_shiftlockState":false,"_pose":"FreeFall","_animationQueue":[],"_animationSpeed":1,"_zoom":16.125},{"_mousePosition":[738,362],"_rootPartCFrame":[758.729,230.059,47.153,0.008,0,1,0,1,0,-1,0,0.008],"_humanoidState":5,"_cameraCFrame":[768.176,244.627,47.087,-0.007,-0.81,0.586,0,0.586,0.81,-1,0.006,-0.004],"_shiftlockState":false,"_pose":"FreeFall","_animationQueue":[],"_animationSpeed":1,"_zoom":16.125},{"_mousePosition":[738,362],"_rootPartCFrame":[758.463,230.063,47.155,0.006,0,1,0,1,0,-1,0,0.006],"_humanoidState":5,"_cameraCFrame":[767.91,244.631,47.089,-0.007,-0.81,0.586,0,0.586,0.81,-1,0.006,-0.004],"_shiftlockState":false,"_pose":"FreeFall","_animationQueue":[],"_animationSpeed":1,"_zoom":16.125},{"_mousePosition":[738,362],"_rootPartCFrame":[758.196,230.014,47.156,0.004,0,1,0,1,0,-1,0,0.004],"_humanoidState":5,"_cameraCFrame":[767.643,244.581,47.091,-0.007,-0.81,0.586,0,0.586,0.81,-1,0.006,-0.004],"_shiftlockState":false,"_pose":"FreeFall","_animationQueue":[],"_animationSpeed":1,"_zoom":16.125},{"_mousePosition":[738,362],"_rootPartCFrame":[757.93,229.909,47.158,0.002,0,1,0,1,0,-1,0,0.002],"_humanoidState":5,"_cameraCFrame":[767.377,244.477,47.093,-0.007,-0.81,0.586,0,0.586,0.81,-1,0.006,-0.004],"_shiftlockState":false,"_pose":"FreeFall","_animationQueue":[["fall",0.3]],"_animationSpeed":1,"_zoom":16.125},{"_mousePosition":[738,362],"_rootPartCFrame":[757.663,229.75,47.16,0.001,0,1,0,1,0,-1,0,0.001],"_humanoidState":5,"_cameraCFrame":[767.11,244.318,47.095,-0.007,-0.81,0.586,0,0.586,0.81,-1,0.006,-0.004],"_shiftlockState":false,"_pose":"FreeFall","_animationQueue":[],"_animationSpeed":1,"_zoom":16.125},{"_mousePosition":[738,362],"_rootPartCFrame":[757.421,229.537,47.162,0.001,0,1,0,1,0,-1,0,0.001],"_humanoidState":5,"_cameraCFrame":[766.868,244.104,47.096,-0.007,-0.81,0.586,0,0.586,0.81,-1,0.006,-0.004],"_shiftlockState":false,"_pose":"FreeFall","_animationQueue":[],"_animationSpeed":1,"_zoom":16.125},{"_mousePosition":[738,362],"_rootPartCFrame":[757.219,229.269,47.163,0.001,0,1,0,1,0,-1,0,0.001],"_humanoidState":5,"_cameraCFrame":[766.666,243.836,47.098,-0.007,-0.81,0.586,0,0.586,0.81,-1,0.006,-0.004],"_shiftlockState":false,"_pose":"FreeFall","_animationQueue":[],"_animationSpeed":1,"_zoom":16.125},{"_mousePosition":[738,362],"_rootPartCFrame":[757.057,228.946,47.164,0.001,0,1,0,1,0,-1,0,0.001],"_humanoidState":5,"_cameraCFrame":[766.504,243.514,47.099,-0.007,-0.81,0.586,0,0.586,0.81,-1,0.006,-0.004],"_shiftlockState":false,"_pose":"FreeFall","_animationQueue":[],"_animationSpeed":1,"_zoom":16.125},{"_mousePosition":[738,362],"_rootPartCFrame":[756.934,228.569,47.165,0.001,0,1,0,1,0,-1,0,0.001],"_humanoidState":5,"_cameraCFrame":[766.381,243.137,47.1,-0.007,-0.81,0.586,0,0.586,0.81,-1,0.006,-0.004],"_shiftlockState":false,"_pose":"FreeFall","_animationQueue":[],"_animationSpeed":1,"_zoom":16.125},{"_mousePosition":[738,362],"_rootPartCFrame":[756.851,228.138,47.166,0.001,0,1,0,1,0,-1,0,0.001],"_humanoidState":5,"_cameraCFrame":[766.298,242.705,47.1,-0.007,-0.81,0.586,0,0.586,0.81,-1,0.006,-0.004],"_shiftlockState":false,"_pose":"FreeFall","_animationQueue":[],"_animationSpeed":1,"_zoom":16.125},{"_mousePosition":[738,362],"_rootPartCFrame":[756.808,227.652,47.166,0.001,0,1,0,1,0,-1,0,0.001],"_humanoidState":5,"_cameraCFrame":[766.255,242.219,47.1,-0.007,-0.81,0.586,0,0.586,0.81,-1,0.006,-0.004],"_shiftlockState":false,"_pose":"FreeFall","_animationQueue":[["fall",0.3]],"_animationSpeed":1,"_zoom":16.125},{"_mousePosition":[738,362],"_rootPartCFrame":[756.8,227.111,47.166,0.001,0,1,0,1,0,-1,0,0.001],"_humanoidState":5,"_cameraCFrame":[766.247,241.679,47.101,-0.007,-0.81,0.586,0,0.586,0.81,-1,0.006,-0.004],"_shiftlockState":false,"_pose":"FreeFall","_animationQueue":[],"_animationSpeed":1,"_zoom":16.125},{"_mousePosition":[738,362],"_rootPartCFrame":[756.8,226.516,47.166,0.001,0,1,0,1,0,-1,0,0.001],"_humanoidState":5,"_cameraCFrame":[766.247,241.084,47.101,-0.007,-0.81,0.586,0,0.586,0.81,-1,0.006,-0.004],"_shiftlockState":false,"_pose":"FreeFall","_animationQueue":[],"_animationSpeed":1,"_zoom":16.125},{"_mousePosition":[738,362],"_rootPartCFrame":[756.8,225.867,47.166,0.001,0,1,0,1,0,-1,0,0.001],"_humanoidState":5,"_cameraCFrame":[766.247,240.434,47.101,-0.007,-0.81,0.586,0,0.586,0.81,-1,0.006,-0.004],"_shiftlockState":false,"_pose":"FreeFall","_animationQueue":[],"_animationSpeed":1,"_zoom":16.125},{"_mousePosition":[738,362],"_rootPartCFrame":[756.8,225.163,47.166,0.001,0,1,0,1,0,-1,0,0.001],"_humanoidState":5,"_cameraCFrame":[766.247,239.73,47.101,-0.007,-0.81,0.586,0,0.586,0.81,-1,0.006,-0.004],"_shiftlockState":false,"_pose":"FreeFall","_animationQueue":[],"_animationSpeed":1,"_zoom":16.125},{"_mousePosition":[738,362],"_rootPartCFrame":[756.775,224.404,47.166,0,0,1,0,1,0,-1,0,0],"_humanoidState":5,"_cameraCFrame":[766.222,238.972,47.101,-0.007,-0.81,0.586,0,0.586,0.81,-1,0.006,-0.004],"_shiftlockState":false,"_pose":"FreeFall","_animationQueue":[],"_animationSpeed":1,"_zoom":16.125},{"_mousePosition":[738,362],"_rootPartCFrame":[756.711,223.591,47.167,-0.001,0,1,0,1,0,-1,0,-0.001],"_humanoidState":5,"_cameraCFrame":[766.157,238.159,47.077,-0.009,-0.81,0.586,0,0.586,0.81,-1,0.008,-0.006],"_shiftlockState":false,"_pose":"FreeFall","_animationQueue":[["fall",0.3]],"_animationSpeed":1,"_zoom":16.125},{"_mousePosition":[738,362],"_rootPartCFrame":[756.51,222.724,47.168,-0.002,0,1,0,1,0,-1,0,-0.002],"_humanoidState":7,"_cameraCFrame":[765.931,237.31,47.055,-0.012,-0.811,0.584,0,0.584,0.812,-1,0.01,-0.007],"_shiftlockState":false,"_pose":"FreeFall","_animationQueue":[["walk",0.1],["fall",0.3],["fall",0.3]],"_animationSpeed":1,"_zoom":16.125},{"_mousePosition":[738,362],"_rootPartCFrame":[756.245,222.537,47.171,-0.003,0,1,0,1,0,-1,0,-0.003],"_humanoidState":7,"_cameraCFrame":[765.641,237.141,47.034,-0.015,-0.813,0.583,0,0.583,0.813,-1,0.012,-0.008],"_shiftlockState":false,"_pose":"FreeFall","_animationQueue":[],"_animationSpeed":1,"_zoom":16.125},{"_mousePosition":[738,362],"_rootPartCFrame":[755.912,222.638,47.174,-0.004,0,1,0,1,0,-1,0,-0.004],"_humanoidState":8,"_cameraCFrame":[765.281,237.261,47.015,-0.017,-0.814,0.581,0,0.581,0.814,-1,0.014,-0.01],"_shiftlockState":false,"_pose":"Running","_animationQueue":[["walk",0.1],["fall",0.3],["walk",0.1]],"_animationSpeed":1.102,"_zoom":16.125},{"_mousePosition":[738,362],"_rootPartCFrame":[755.645,223.501,47.178,-0.005,0,1,0,1,0,-1,0,-0.005],"_humanoidState":3,"_cameraCFrame":[764.989,238.142,46.995,-0.02,-0.815,0.579,0,0.58,0.815,-1,0.016,-0.011],"_shiftlockState":false,"_pose":"Jumping","_animationQueue":[["walk",0.1],["jump",0.1]],"_animationSpeed":1,"_zoom":16.125},{"_mousePosition":[738,362],"_rootPartCFrame":[755.379,224.309,47.182,-0.007,0,1,0,1,0,-1,0,-0.007],"_humanoidState":5,"_cameraCFrame":[764.696,238.969,46.999,-0.02,-0.816,0.578,0,0.578,0.816,-1,0.016,-0.011],"_shiftlockState":false,"_pose":"FreeFall","_animationQueue":[["jump",0.1]],"_animationSpeed":1,"_zoom":16.125},{"_mousePosition":[738,362],"_rootPartCFrame":[755.112,225.063,47.187,-0.009,0,1,0,1,0,-1,0,-0.009],"_humanoidState":5,"_cameraCFrame":[764.404,239.741,46.981,-0.022,-0.817,0.576,0,0.576,0.817,-1,0.018,-0.013],"_shiftlockState":false,"_pose":"FreeFall","_animationQueue":[],"_animationSpeed":1,"_zoom":16.125},{"_mousePosition":[738,362],"_rootPartCFrame":[754.846,225.763,47.192,-0.01,0,1,0,1,0,-1,0,-0.01],"_humanoidState":5,"_cameraCFrame":[764.111,240.458,46.964,-0.025,-0.818,0.575,0,0.575,0.818,-1,0.02,-0.014],"_shiftlockState":false,"_pose":"FreeFall","_animationQueue":[],"_animationSpeed":1,"_zoom":16.125},{"_mousePosition":[738,362],"_rootPartCFrame":[754.579,226.408,47.198,-0.012,0,1,0,1,0,-1,0,-0.012],"_humanoidState":5,"_cameraCFrame":[763.792,241.139,46.948,-0.027,-0.82,0.571,0,0.572,0.821,-1,0.022,-0.016],"_shiftlockState":false,"_pose":"FreeFall","_animationQueue":[],"_animationSpeed":1,"_zoom":16.125},{"_mousePosition":[738,362],"_rootPartCFrame":[754.312,226.998,47.205,-0.013,0,1,0,1,0,-1,0,-0.013],"_humanoidState":5,"_cameraCFrame":[763.5,241.747,46.955,-0.027,-0.821,0.57,0,0.57,0.822,-1,0.022,-0.015],"_shiftlockState":false,"_pose":"FreeFall","_animationQueue":[],"_animationSpeed":1,"_zoom":16.125},{"_mousePosition":[738,362],"_rootPartCFrame":[754.046,227.534,47.212,-0.015,0,1,0,1,0,-1,0,-0.015],"_humanoidState":5,"_cameraCFrame":[763.207,242.301,46.939,-0.03,-0.822,0.568,0,0.568,0.823,-1,0.024,-0.017],"_shiftlockState":false,"_pose":"FreeFall","_animationQueue":[],"_animationSpeed":1,"_zoom":16.125},{"_mousePosition":[738,362],"_rootPartCFrame":[753.779,228.015,47.219,-0.017,0,1,0,1,0,-1,0,-0.017],"_humanoidState":5,"_cameraCFrame":[762.914,242.8,46.947,-0.03,-0.824,0.567,0,0.567,0.824,-1,0.024,-0.017],"_shiftlockState":false,"_pose":"FreeFall","_animationQueue":[],"_animationSpeed":1,"_zoom":16.125},{"_mousePosition":[738,362],"_rootPartCFrame":[753.513,228.442,47.227,-0.019,0,1,0,1,0,-1,0,-0.019],"_humanoidState":5,"_cameraCFrame":[762.621,243.245,46.933,-0.032,-0.825,0.565,0,0.565,0.825,-0.999,0.027,-0.018],"_shiftlockState":false,"_pose":"FreeFall","_animationQueue":[],"_animationSpeed":1,"_zoom":16.125},{"_mousePosition":[738,362],"_rootPartCFrame":[753.246,228.815,47.235,-0.02,0,1,0,1,0,-1,0,-0.02],"_humanoidState":5,"_cameraCFrame":[762.329,243.635,46.942,-0.032,-0.826,0.563,0,0.564,0.826,-0.999,0.027,-0.018],"_shiftlockState":false,"_pose":"FreeFall","_animationQueue":[],"_animationSpeed":1,"_zoom":16.125},{"_mousePosition":[738,362],"_rootPartCFrame":[752.979,229.133,47.243,-0.022,0,1,0,1,0,-1,0,-0.022],"_humanoidState":5,"_cameraCFrame":[762.062,243.953,46.95,-0.032,-0.826,0.563,0,0.564,0.826,-0.999,0.027,-0.018],"_shiftlockState":false,"_pose":"FreeFall","_animationQueue":[],"_animationSpeed":1,"_zoom":16.125},{"_mousePosition":[738,362],"_rootPartCFrame":[752.713,229.396,47.252,-0.023,0,1,0,1,0,-1,0,-0.023],"_humanoidState":5,"_cameraCFrame":[761.795,244.216,46.959,-0.032,-0.826,0.563,0,0.564,0.826,-0.999,0.027,-0.018],"_shiftlockState":false,"_pose":"FreeFall","_animationQueue":[],"_animationSpeed":1,"_zoom":16.125},{"_mousePosition":[738,362],"_rootPartCFrame":[752.446,229.605,47.26,-0.024,0,1,0,1,0,-1,0,-0.024],"_humanoidState":5,"_cameraCFrame":[761.529,244.425,46.967,-0.032,-0.826,0.563,0,0.564,0.826,-0.999,0.027,-0.018],"_shiftlockState":false,"_pose":"FreeFall","_animationQueue":[],"_animationSpeed":1,"_zoom":16.125},{"_mousePosition":[738,362],"_rootPartCFrame":[752.18,229.759,47.269,-0.026,0,1,0,1,0,-1,0,-0.026],"_humanoidState":5,"_cameraCFrame":[761.262,244.58,46.976,-0.032,-0.826,0.563,0,0.564,0.826,-0.999,0.027,-0.018],"_shiftlockState":false,"_pose":"FreeFall","_animationQueue":[],"_animationSpeed":1,"_zoom":16.125},{"_mousePosition":[738,362],"_rootPartCFrame":[751.913,229.859,47.278,-0.026,0,1,0,1,0,-1,0,-0.026],"_humanoidState":5,"_cameraCFrame":[760.996,244.68,46.985,-0.032,-0.826,0.563,0,0.564,0.826,-0.999,0.027,-0.018],"_shiftlockState":false,"_pose":"FreeFall","_animationQueue":[],"_animationSpeed":1,"_zoom":16.125},{"_mousePosition":[738,362],"_rootPartCFrame":[751.646,229.904,47.286,-0.027,0,1,0,1,0,-1,0,-0.027],"_humanoidState":5,"_cameraCFrame":[760.729,244.725,46.993,-0.032,-0.826,0.563,0,0.564,0.826,-0.999,0.027,-0.018],"_shiftlockState":false,"_pose":"FreeFall","_animationQueue":[],"_animationSpeed":1,"_zoom":16.125},{"_mousePosition":[738,362],"_rootPartCFrame":[751.38,229.895,47.295,-0.028,0,1,0,1,0,-1,0,-0.028],"_humanoidState":5,"_cameraCFrame":[760.462,244.716,47.002,-0.032,-0.826,0.563,0,0.564,0.826,-0.999,0.027,-0.018],"_shiftlockState":false,"_pose":"FreeFall","_animationQueue":[["fall",0.3]],"_animationSpeed":1,"_zoom":16.125},{"_mousePosition":[738,362],"_rootPartCFrame":[751.113,229.832,47.303,-0.029,0,1,0,1,0,-1,0,-0.029],"_humanoidState":5,"_cameraCFrame":[760.196,244.652,47.01,-0.032,-0.826,0.563,0,0.564,0.826,-0.999,0.027,-0.018],"_shiftlockState":false,"_pose":"FreeFall","_animationQueue":[],"_animationSpeed":1,"_zoom":16.125},{"_mousePosition":[738,362],"_rootPartCFrame":[750.847,229.714,47.312,-0.029,0,1,0,1,0,-1,0,-0.029],"_humanoidState":5,"_cameraCFrame":[759.903,244.552,47.02,-0.032,-0.827,0.562,0,0.562,0.827,-0.999,0.027,-0.018],"_shiftlockState":false,"_pose":"FreeFall","_animationQueue":[],"_animationSpeed":1,"_zoom":16.125},{"_mousePosition":[738,362],"_rootPartCFrame":[750.58,229.541,47.321,-0.03,0,1,0,1,0,-1,0,-0.03],"_humanoidState":5,"_cameraCFrame":[759.637,244.379,47.028,-0.032,-0.827,0.562,0,0.562,0.827,-0.999,0.027,-0.018],"_shiftlockState":false,"_pose":"FreeFall","_animationQueue":[],"_animationSpeed":1,"_zoom":16.125},{"_mousePosition":[738,362],"_rootPartCFrame":[750.313,229.314,47.329,-0.03,0,1,0,1,0,-1,0,-0.03],"_humanoidState":5,"_cameraCFrame":[759.344,244.17,47.038,-0.032,-0.828,0.56,0,0.56,0.828,-0.999,0.027,-0.018],"_shiftlockState":false,"_pose":"FreeFall","_animationQueue":[],"_animationSpeed":1,"_zoom":16.125},{"_mousePosition":[738,362],"_rootPartCFrame":[750.047,229.032,47.338,-0.03,0,1,0,1,0,-1,0,-0.03],"_humanoidState":5,"_cameraCFrame":[759.077,243.888,47.046,-0.032,-0.828,0.56,0,0.56,0.828,-0.999,0.027,-0.018],"_shiftlockState":false,"_pose":"FreeFall","_animationQueue":[],"_animationSpeed":1,"_zoom":16.125},{"_mousePosition":[738,362],"_rootPartCFrame":[749.78,228.696,47.346,-0.031,0,1,0,1,0,-1,0,-0.031],"_humanoidState":5,"_cameraCFrame":[758.811,243.552,47.078,-0.03,-0.828,0.56,0,0.56,0.828,-1,0.025,-0.017],"_shiftlockState":false,"_pose":"FreeFall","_animationQueue":[["fall",0.3]],"_animationSpeed":1,"_zoom":16.125},{"_mousePosition":[738,362],"_rootPartCFrame":[749.514,228.306,47.355,-0.031,0,1,0,1,0,-1,0,-0.031],"_humanoidState":5,"_cameraCFrame":[758.519,243.179,47.11,-0.027,-0.829,0.559,0,0.559,0.829,-1,0.023,-0.015],"_shiftlockState":false,"_pose":"FreeFall","_animationQueue":[],"_animationSpeed":1,"_zoom":16.125},{"_mousePosition":[738,362],"_rootPartCFrame":[749.247,227.861,47.363,-0.031,0,1,0,1,0,-1,0,-0.031],"_humanoidState":5,"_cameraCFrame":[758.254,242.734,47.164,-0.022,-0.829,0.559,0,0.559,0.829,-1,0.018,-0.012],"_shiftlockState":false,"_pose":"FreeFall","_animationQueue":[],"_animationSpeed":1,"_zoom":16.125},{"_mousePosition":[738,362],"_rootPartCFrame":[748.98,227.361,47.37,-0.03,0,1,0,1,0,-1,0,-0.03],"_humanoidState":5,"_cameraCFrame":[757.988,242.234,47.194,-0.02,-0.829,0.559,0,0.559,0.829,-1,0.016,-0.011],"_shiftlockState":false,"_pose":"FreeFall","_animationQueue":[],"_animationSpeed":1,"_zoom":16.125},{"_mousePosition":[738,362],"_rootPartCFrame":[748.714,226.807,47.376,-0.029,0,1,0,1,0,-1,0,-0.029],"_humanoidState":5,"_cameraCFrame":[757.722,241.68,47.223,-0.017,-0.829,0.559,0,0.559,0.829,-1,0.014,-0.01],"_shiftlockState":false,"_pose":"FreeFall","_animationQueue":[],"_animationSpeed":1,"_zoom":16.125},{"_mousePosition":[738,362],"_rootPartCFrame":[748.447,226.198,47.382,-0.028,0,1,0,1,0,-1,0,-0.028],"_humanoidState":5,"_cameraCFrame":[757.455,241.072,47.251,-0.015,-0.829,0.559,0,0.559,0.829,-1,0.012,-0.008],"_shiftlockState":false,"_pose":"FreeFall","_animationQueue":[],"_animationSpeed":1,"_zoom":16.125},{"_mousePosition":[738,362],"_rootPartCFrame":[748.181,225.535,47.386,-0.027,0,1,0,1,0,-1,0,-0.027],"_humanoidState":5,"_cameraCFrame":[757.189,240.409,47.278,-0.012,-0.829,0.559,0,0.559,0.829,-1,0.01,-0.007],"_shiftlockState":false,"_pose":"FreeFall","_animationQueue":[],"_animationSpeed":1,"_zoom":16.125},{"_mousePosition":[738,362],"_rootPartCFrame":[747.914,224.818,47.39,-0.025,0,1,0,1,0,-1,0,-0.025],"_humanoidState":5,"_cameraCFrame":[756.923,239.691,47.305,-0.009,-0.829,0.559,0,0.559,0.829,-1,0.008,-0.005],"_shiftlockState":false,"_pose":"FreeFall","_animationQueue":[["fall",0.3]],"_animationSpeed":1,"_zoom":16.125},{"_mousePosition":[738,362],"_rootPartCFrame":[747.647,224.045,47.394,-0.024,0,1,0,1,0,-1,0,-0.024],"_humanoidState":5,"_cameraCFrame":[756.657,238.919,47.354,-0.004,-0.829,0.559,0,0.559,0.829,-1,0.004,-0.002],"_shiftlockState":false,"_pose":"FreeFall","_animationQueue":[],"_animationSpeed":1,"_zoom":16.125},{"_mousePosition":[738,362],"_rootPartCFrame":[747.381,223.219,47.396,-0.022,0,1,0,1,0,-1,0,-0.022],"_humanoidState":5,"_cameraCFrame":[756.39,238.092,47.379,-0.002,-0.829,0.559,0,0.559,0.829,-1,0.002,-0.001],"_shiftlockState":false,"_pose":"FreeFall","_animationQueue":[],"_animationSpeed":1,"_zoom":16.125},{"_mousePosition":[738,362],"_rootPartCFrame":[747.114,222.454,47.398,-0.02,0,1,0,1,0,-1,0,-0.02],"_humanoidState":7,"_cameraCFrame":[756.123,237.328,47.381,-0.002,-0.829,0.559,0,0.559,0.829,-1,0.002,-0.001],"_shiftlockState":false,"_pose":"FreeFall","_animationQueue":[["walk",0.1],["fall",0.3],["fall",0.3]],"_animationSpeed":1,"_zoom":16.125},{"_mousePosition":[738,362],"_rootPartCFrame":[746.848,222.453,47.398,-0.017,0,1,0,1,0,-1,0,-0.017],"_humanoidState":7,"_cameraCFrame":[755.857,237.326,47.381,-0.002,-0.829,0.559,0,0.559,0.829,-1,0.002,-0.001],"_shiftlockState":false,"_pose":"FreeFall","_animationQueue":[],"_animationSpeed":1,"_zoom":16.125},{"_mousePosition":[738,362],"_rootPartCFrame":[746.514,222.606,47.399,-0.015,0,1,0,1,0,-1,0,-0.015],"_humanoidState":8,"_cameraCFrame":[755.523,237.48,47.382,-0.002,-0.829,0.559,0,0.559,0.829,-1,0.002,-0.001],"_shiftlockState":false,"_pose":"Running","_animationQueue":[["walk",0.1],["fall",0.3],["walk",0.1]],"_animationSpeed":1.103,"_zoom":16.125},{"_mousePosition":[738,362],"_rootPartCFrame":[746.248,223.469,47.399,-0.013,0,1,0,1,0,-1,0,-0.013],"_humanoidState":3,"_cameraCFrame":[755.257,238.343,47.382,-0.002,-0.829,0.559,0,0.559,0.829,-1,0.002,-0.001],"_shiftlockState":false,"_pose":"Jumping","_animationQueue":[["walk",0.1],["walk",0.1],["jump",0.1]],"_animationSpeed":1,"_zoom":16.125},{"_mousePosition":[738,362],"_rootPartCFrame":[745.981,224.278,47.4,-0.011,0,1,0,1,0,-1,0,-0.011],"_humanoidState":5,"_cameraCFrame":[754.99,239.151,47.383,-0.002,-0.829,0.559,0,0.559,0.829,-1,0.002,-0.001],"_shiftlockState":false,"_pose":"FreeFall","_animationQueue":[["jump",0.1]],"_animationSpeed":1,"_zoom":16.125},{"_mousePosition":[738,362],"_rootPartCFrame":[745.714,225.032,47.4,-0.01,0,1,0,1,0,-1,0,-0.01],"_humanoidState":5,"_cameraCFrame":[754.724,239.905,47.383,-0.002,-0.829,0.559,0,0.559,0.829,-1,0.002,-0.001],"_shiftlockState":false,"_pose":"FreeFall","_animationQueue":[],"_animationSpeed":1,"_zoom":16.125},{"_mousePosition":[738,362],"_rootPartCFrame":[745.448,225.731,47.401,-0.009,0,1,0,1,0,-1,0,-0.009],"_humanoidState":5,"_cameraCFrame":[754.457,240.604,47.384,-0.002,-0.829,0.559,0,0.559,0.829,-1,0.002,-0.001],"_shiftlockState":false,"_pose":"FreeFall","_animationQueue":[],"_animationSpeed":1,"_zoom":16.125},{"_mousePosition":[738,362],"_rootPartCFrame":[745.181,226.376,47.401,-0.008,0,1,0,1,0,-1,0,-0.008],"_humanoidState":5,"_cameraCFrame":[754.19,241.249,47.384,-0.002,-0.829,0.559,0,0.559,0.829,-1,0.002,-0.001],"_shiftlockState":false,"_pose":"FreeFall","_animationQueue":[],"_animationSpeed":1,"_zoom":16.125},{"_mousePosition":[738,362],"_rootPartCFrame":[744.915,226.966,47.402,-0.007,0,1,0,1,0,-1,0,-0.007],"_humanoidState":5,"_cameraCFrame":[753.924,241.84,47.385,-0.002,-0.829,0.559,0,0.559,0.829,-1,0.002,-0.001],"_shiftlockState":false,"_pose":"FreeFall","_animationQueue":[],"_animationSpeed":1,"_zoom":16.125},{"_mousePosition":[738,362],"_rootPartCFrame":[744.648,227.502,47.402,-0.006,0,1,0,1,0,-1,0,-0.006],"_humanoidState":5,"_cameraCFrame":[753.657,242.376,47.385,-0.002,-0.829,0.559,0,0.559,0.829,-1,0.002,-0.001],"_shiftlockState":false,"_pose":"FreeFall","_animationQueue":[],"_animationSpeed":1,"_zoom":16.125},{"_mousePosition":[738,362],"_rootPartCFrame":[744.381,227.984,47.403,-0.006,0,1,0,1,0,-1,0,-0.006],"_humanoidState":5,"_cameraCFrame":[753.391,242.857,47.386,-0.002,-0.829,0.559,0,0.559,0.829,-1,0.002,-0.001],"_shiftlockState":false,"_pose":"FreeFall","_animationQueue":[],"_animationSpee