[{"_mousePosition":[478,286],"_rootPartCFrame":[776.028,222.7,47.142,0,0,1,0,1,0,-1,0,0],"_humanoidState":8,"_cameraCFrame":[784.311,238.033,47.352,0.025,-0.858,0.514,0,0.514,0.858,-1,-0.022,0.013],"_shiftlockState":false,"_pose":"Standing","_animationQueue":[],"_animationSpeed":1,"_zoom":16.125},{"_mousePosition":[478,286],"_rootPartCFrame":[775.781,222.7,47.135,0.004,0,1,0,1,0,-1,0,0.004],"_humanoidState":8,"_cameraCFrame":[784.038,238.049,47.344,0.025,-0.859,0.512,0,0.512,0.859,-1,-0.022,0.013],"_shiftlockState":false,"_pose":"Standing","_animationQueue":[],"_animationSpeed":1,"_zoom":16.125},{"_mousePosition":[478,286],"_rootPartCFrame":[775.515,222.7,47.128,0.007,0,1,0,1,0,-1,0,0.007],"_humanoidState":8,"_cameraCFrame":[783.664,238.113,47.314,0.023,-0.863,0.505,0,0.505,0.863,-1,-0.02,0.012],"_shiftlockState":false,"_pose":"Running","_animationQueue":[["walk",0.1]],"_animationSpeed":1.066,"_zoom":16.125},{"_mousePosition":[478,286],"_rootPartCFrame":[775.382,222.7,47.125,0.008,0,1,0,1,0,-1,0,0.008],"_humanoidState":8,"_cameraCFrame":[783.45,238.16,47.268,0.018,-0.866,0.5,0,0.5,0.866,-1,-0.015,0.009],"_shiftlockState":false,"_pose":"Running","_animationQueue":[],"_animationSpeed":1.066,"_zoom":16.125},{"_mousePosition":[478,286],"_rootPartCFrame":[774.982,222.7,47.116,0.011,0,1,0,1,0,-1,0,0.011],"_humanoidState":8,"_cameraCFrame":[782.942,238.223,47.236,0.015,-0.87,0.494,0,0.494,0.87,-1,-0.013,0.007],"_shiftlockState":false,"_pose":"Running","_animationQueue":[],"_animationSpeed":1.066,"_zoom":16.125},{"_mousePosition":[478,286],"_rootPartCFrame":[774.716,222.7,47.111,0.012,0,1,0,1,0,-1,0,0.012],"_humanoidState":8,"_cameraCFrame":[782.566,238.284,47.21,0.013,-0.873,0.487,0,0.487,0.873,-1,-0.011,0.006],"_shiftlockState":false,"_pose":"Running","_animationQueue":[["walk",0.1]],"_animationSpeed":1.066,"_zoom":16.125},{"_mousePosition":[478,286],"_rootPartCFrame":[774.449,222.7,47.107,0.013,0,1,0,1,0,-1,0,0.013],"_humanoidState":8,"_cameraCFrame":[782.217,238.33,47.166,0.008,-0.876,0.482,0,0.482,0.876,-1,-0.007,0.004],"_shiftlockState":false,"_pose":"Running","_animationQueue":[],"_animationSpeed":1.066,"_zoom":16.125},{"_mousePosition":[478,286],"_rootPartCFrame":[774.182,222.7,47.103,0.013,0,1,0,1,0,-1,0,0.013],"_humanoidState":8,"_cameraCFrame":[781.895,238.36,47.142,0.005,-0.878,0.478,0,0.478,0.878,-1,-0.004,0.002],"_shiftlockState":false,"_pose":"Running","_animationQueue":[],"_animationSpeed":1.066,"_zoom":16.125},{"_mousePosition":[478,286],"_rootPartCFrame":[773.916,222.7,47.101,0.012,0,1,0,1,0,-1,0,0.012],"_humanoidState":8,"_cameraCFrame":[781.574,238.39,47.14,0.005,-0.88,0.475,0,0.475,0.88,-1,-0.004,0.002],"_shiftlockState":false,"_pose":"Running","_animationQueue":[],"_animationSpeed":1.066,"_zoom":16.125},{"_mousePosition":[478,286],"_rootPartCFrame":[773.649,222.7,47.1,0.011,0,1,0,1,0,-1,0,0.011],"_humanoidState":8,"_cameraCFrame":[781.279,238.405,47.119,0.003,-0.881,0.473,0,0.473,0.881,-1,-0.002,0.001],"_shiftlockState":false,"_pose":"Running","_animationQueue":[],"_animationSpeed":1.066,"_zoom":16.125},{"_mousePosition":[478,286],"_rootPartCFrame":[773.516,222.7,47.099,0.011,0,1,0,1,0,-1,0,0.011],"_humanoidState":8,"_cameraCFrame":[781.146,238.405,47.118,0.003,-0.881,0.473,0,0.473,0.881,-1,-0.002,0.001],"_shiftlockState":false,"_pose":"Running","_animationQueue":[],"_animationSpeed":1.066,"_zoom":16.125},{"_mousePosition":[478,286],"_rootPartCFrame":[773.116,222.7,47.098,0.009,0,1,0,1,0,-1,0,0.009],"_humanoidState":8,"_cameraCFrame":[780.746,238.405,47.117,0.003,-0.881,0.473,0,0.473,0.881,-1,-0.002,0.001],"_shiftlockState":false,"_pose":"Running","_animationQueue":[["walk",0.1]],"_animationSpeed":1.066,"_zoom":16.125},{"_mousePosition":[478,286],"_rootPartCFrame":[772.849,222.7,47.097,0.008,0,1,0,1,0,-1,0,0.008],"_humanoidState":8,"_cameraCFrame":[780.451,238.42,47.116,0.003,-0.882,0.471,0,0.471,0.882,-1,-0.002,0.001],"_shiftlockState":false,"_pose":"Running","_animationQueue":[],"_animationSpeed":1.066,"_zoom":16.125},{"_mousePosition":[478,286],"_rootPartCFrame":[772.716,222.7,47.097,0.008,0,1,0,1,0,-1,0,0.008],"_humanoidState":8,"_cameraCFrame":[780.29,238.435,47.116,0.003,-0.883,0.47,0,0.47,0.883,-1,-0.002,0.001],"_shiftlockState":false,"_pose":"Running","_animationQueue":[],"_animationSpeed":1.066,"_zoom":16.125},{"_mousePosition":[478,286],"_rootPartCFrame":[772.315,222.7,47.096,0.007,0,1,0,1,0,-1,0,0.007],"_humanoidState":8,"_cameraCFrame":[779.835,238.464,47.115,0.003,-0.885,0.466,0,0.466,0.885,-1,-0.002,0.001],"_shiftlockState":false,"_pose":"Running","_animationQueue":[],"_animationSpeed":1.066,"_zoom":16.125},{"_mousePosition":[478,286],"_rootPartCFrame":[772.049,222.7,47.095,0.006,0,1,0,1,0,-1,0,0.006],"_humanoidState":8,"_cameraCFrame":[779.512,238.493,47.095,0,-0.886,0.463,0,0.463,0.886,-1,0,0],"_shiftlockState":false,"_pose":"Running","_animationQueue":[],"_animationSpeed":1.066,"_zoom":16.125},{"_mousePosition":[478,286],"_rootPartCFrame":[771.782,222.7,47.094,0.006,0,1,0,1,0,-1,0,0.006],"_humanoidState":8,"_cameraCFrame":[779.19,238.522,47.094,0,-0.888,0.459,0,0.459,0.888,-1,0,0],"_shiftlockState":false,"_pose":"Running","_animationQueue":[],"_animationSpeed":1.066,"_zoom":16.125},{"_mousePosition":[478,286],"_rootPartCFrame":[771.649,222.7,47.094,0.005,0,1,0,1,0,-1,0,0.005],"_humanoidState":8,"_cameraCFrame":[779.001,238.551,47.076,-0.003,-0.89,0.456,0,0.456,0.89,-1,0.002,-0.001],"_shiftlockState":false,"_pose":"Running","_animationQueue":[],"_animationSpeed":1.066,"_zoom":16.125},{"_mousePosition":[478,286],"_rootPartCFrame":[771.249,222.7,47.094,0.004,0,1,0,1,0,-1,0,0.004],"_humanoidState":8,"_cameraCFrame":[778.544,238.58,47.076,-0.003,-0.892,0.452,0,0.452,0.892,-1,0.002,-0.001],"_shiftlockState":false,"_pose":"Running","_animationQueue":[["walk",0.1]],"_animationSpeed":1.066,"_zoom":16.125},{"_mousePosition":[478,286],"_rootPartCFrame":[770.982,222.7,47.095,0.003,0,1,0,1,0,-1,0,0.003],"_humanoidState":8,"_cameraCFrame":[778.222,238.608,47.058,-0.005,-0.894,0.449,0,0.449,0.894,-1,0.005,-0.002],"_shiftlockState":false,"_pose":"Running","_animationQueue":[],"_animationSpeed":1.066,"_zoom":16.125},{"_mousePosition":[478,286],"_rootPartCFrame":[770.715,222.7,47.096,0.003,0,1,0,1,0,-1,0,0.003],"_humanoidState":8,"_cameraCFrame":[777.899,238.636,47.059,-0.005,-0.895,0.445,0,0.445,0.895,-1,0.005,-0.002],"_shiftlockState":false,"_pose":"Running","_animationQueue":[],"_animationSpeed":1.066,"_zoom":16.125},{"_mousePosition":[478,286],"_rootPartCFrame":[770.448,222.7,47.097,0.002,0,1,0,1,0,-1,0,0.002],"_humanoidState":8,"_cameraCFrame":[777.576,238.664,47.061,-0.005,-0.897,0.442,0,0.442,0.897,-1,0.005,-0.002],"_shiftlockState":false,"_pose":"Running","_animationQueue":[],"_animationSpeed":1.066,"_zoom":16.125},{"_mousePosition":[478,286],"_rootPartCFrame":[770.182,222.666,47.098,0.001,0,1,0,1,0,-1,0,0.001],"_humanoidState":8,"_cameraCFrame":[777.253,238.658,47.045,-0.008,-0.899,0.438,0,0.439,0.899,-1,0.007,-0.003],"_shiftlockState":false,"_pose":"Running","_animationQueue":[],"_animationSpeed":1.066,"_zoom":16.125},{"_mousePosition":[478,286],"_rootPartCFrame":[769.915,222.577,47.1,0,0,1,0,1,0,-1,0,0],"_humanoidState":8,"_cameraCFrame":[776.929,238.596,47.029,-0.01,-0.9,0.435,0,0.435,0.9,-1,0.009,-0.004],"_shiftlockState":false,"_pose":"Running","_animationQueue":[],"_animationSpeed":1.066,"_zoom":16.125},{"_mousePosition":[478,286],"_rootPartCFrame":[769.649,222.434,47.101,-0.001,0,1,0,1,0,-1,0,-0.001],"_humanoidState":8,"_cameraCFrame":[776.549,238.508,47.014,-0.013,-0.904,0.428,0,0.428,0.904,-1,0.011,-0.005],"_shiftlockState":false,"_pose":"Running","_animationQueue":[],"_animationSpeed":1.066,"_zoom":16.125},{"_mousePosition":[478,286],"_rootPartCFrame":[769.382,223.307,47.102,-0.002,0,1,0,1,0,-1,0,-0.002],"_humanoidState":3,"_cameraCFrame":[776.197,239.421,47.016,-0.013,-0.906,0.423,0,0.423,0.906,-1,0.011,-0.005],"_shiftlockState":false,"_pose":"Jumping","_animationQueue":[["walk",0.1],["walk",0.1],["jump",0.1]],"_animationSpeed":1,"_zoom":16.125},{"_mousePosition":[478,286],"_rootPartCFrame":[769.182,223.929,47.105,-0.003,0,1,0,1,0,-1,0,-0.003],"_humanoidState":5,"_cameraCFrame":[775.854,240.108,47.003,-0.015,-0.91,0.414,0,0.414,0.91,-1,0.014,-0.006],"_shiftlockState":false,"_pose":"FreeFall","_animationQueue":[["jump",0.1]],"_animationSpeed":1,"_zoom":16.125},{"_mousePosition":[478,286],"_rootPartCFrame":[768.849,224.897,47.109,-0.005,0,1,0,1,0,-1,0,-0.005],"_humanoidState":5,"_cameraCFrame":[775.463,241.102,46.992,-0.018,-0.912,0.41,0,0.41,0.912,-1,0.016,-0.007],"_shiftlockState":false,"_pose":"FreeFall","_animationQueue":[],"_animationSpeed":1,"_zoom":16.125},{"_mousePosition":[478,286],"_rootPartCFrame":[768.582,225.61,47.113,-0.006,0,1,0,1,0,-1,0,-0.006],"_humanoidState":5,"_cameraCFrame":[775.168,241.828,46.996,-0.018,-0.913,0.408,0,0.408,0.913,-1,0.016,-0.007],"_shiftlockState":false,"_pose":"FreeFall","_animationQueue":[],"_animationSpeed":1,"_zoom":16.125},{"_mousePosition":[478,286],"_rootPartCFrame":[768.382,226.109,47.116,-0.007,0,1,0,1,0,-1,0,-0.007],"_humanoidState":5,"_cameraCFrame":[774.94,242.34,47,-0.018,-0.913,0.407,0,0.407,0.914,-1,0.016,-0.007],"_shiftlockState":false,"_pose":"FreeFall","_animationQueue":[],"_animationSpeed":1,"_zoom":16.125},{"_mousePosition":[478,286],"_rootPartCFrame":[768.049,226.872,47.122,-0.009,0,1,0,1,0,-1,0,-0.009],"_humanoidState":5,"_cameraCFrame":[774.606,243.103,47.006,-0.018,-0.913,0.407,0,0.407,0.914,-1,0.016,-0.007],"_shiftlockState":false,"_pose":"FreeFall","_animationQueue":[],"_animationSpeed":1,"_zoom":16.125},{"_mousePosition":[478,286],"_rootPartCFrame":[767.782,227.422,47.127,-0.01,0,1,0,1,0,-1,0,-0.01],"_humanoidState":5,"_cameraCFrame":[774.34,243.653,47.011,-0.018,-0.913,0.407,0,0.407,0.914,-1,0.016,-0.007],"_shiftlockState":false,"_pose":"FreeFall","_animationQueue":[],"_animationSpeed":1,"_zoom":16.125},{"_mousePosition":[478,286],"_rootPartCFrame":[767.582,227.798,47.13,-0.011,0,1,0,1,0,-1,0,-0.011],"_humanoidState":5,"_cameraCFrame":[774.14,244.029,47.014,-0.018,-0.913,0.407,0,0.407,0.914,-1,0.016,-0.007],"_shiftlockState":false,"_pose":"FreeFall","_animationQueue":[],"_animationSpeed":1,"_zoom":16.125},{"_mousePosition":[478,286],"_rootPartCFrame":[767.249,228.357,47.136,-0.012,0,1,0,1,0,-1,0,-0.012],"_humanoidState":5,"_cameraCFrame":[773.806,244.588,47.02,-0.018,-0.913,0.407,0,0.407,0.914,-1,0.016,-0.007],"_shiftlockState":false,"_pose":"FreeFall","_animationQueue":[],"_animationSpeed":1,"_zoom":16.125},{"_mousePosition":[478,286],"_rootPartCFrame":[767.049,228.652,47.14,-0.013,0,1,0,1,0,-1,0,-0.013],"_humanoidState":5,"_cameraCFrame":[773.607,244.883,47.024,-0.018,-0.913,0.407,0,0.407,0.914,-1,0.016,-0.007],"_shiftlockState":false,"_pose":"FreeFall","_animationQueue":[],"_animationSpeed":1,"_zoom":16.125},{"_mousePosition":[478,286],"_rootPartCFrame":[766.783,228.997,47.145,-0.014,0,1,0,1,0,-1,0,-0.014],"_humanoidState":5,"_cameraCFrame":[773.282,245.253,47.013,-0.02,-0.915,0.403,0,0.403,0.915,-1,0.019,-0.008],"_shiftlockState":false,"_pose":"FreeFall","_animationQueue":[],"_animationSpeed":1,"_zoom":16.125},{"_mousePosition":[478,286],"_rootPartCFrame":[766.516,229.288,47.149,-0.014,0,1,0,1,0,-1,0,-0.014],"_humanoidState":5,"_cameraCFrame":[772.987,245.557,47.018,-0.02,-0.916,0.401,0,0.401,0.916,-1,0.019,-0.008],"_shiftlockState":false,"_pose":"FreeFall","_animationQueue":[],"_animationSpeed":1,"_zoom":16.125},{"_mousePosition":[478,286],"_rootPartCFrame":[766.249,229.524,47.155,-0.015,0,1,0,1,0,-1,0,-0.015],"_humanoidState":5,"_cameraCFrame":[772.691,245.806,47.024,-0.02,-0.917,0.4,0,0.4,0.917,-1,0.019,-0.008],"_shiftlockState":false,"_pose":"FreeFall","_animationQueue":[],"_animationSpeed":1,"_zoom":16.125},{"_mousePosition":[478,286],"_rootPartCFrame":[765.983,229.705,47.16,-0.016,0,1,0,1,0,-1,0,-0.016],"_humanoidState":5,"_cameraCFrame":[772.425,245.987,47.03,-0.02,-0.917,0.4,0,0.4,0.917,-1,0.019,-0.008],"_shiftlockState":false,"_pose":"FreeFall","_animationQueue":[],"_animationSpeed":1,"_zoom":16.125},{"_mousePosition":[478,286],"_rootPartCFrame":[765.65,229.856,47.167,-0.016,0,1,0,1,0,-1,0,-0.016],"_humanoidState":5,"_cameraCFrame":[772.092,246.138,47.036,-0.02,-0.917,0.4,0,0.4,0.917,-1,0.019,-0.008],"_shiftlockState":false,"_pose":"FreeFall","_animationQueue":[],"_animationSpeed":1,"_zoom":16.125},{"_mousePosition":[478,286],"_rootPartCFrame":[765.45,229.905,47.171,-0.017,0,1,0,1,0,-1,0,-0.017],"_humanoidState":5,"_cameraCFrame":[771.892,246.187,47.04,-0.02,-0.917,0.4,0,0.4,0.917,-1,0.019,-0.008],"_shiftlockState":false,"_pose":"FreeFall","_animationQueue":[],"_animationSpeed":1,"_zoom":16.125},{"_mousePosition":[478,286],"_rootPartCFrame":[765.116,229.919,47.178,-0.017,0,1,0,1,0,-1,0,-0.017],"_humanoidState":5,"_cameraCFrame":[771.558,246.201,47.047,-0.02,-0.917,0.4,0,0.4,0.917,-1,0.019,-0.008],"_shiftlockState":false,"_pose":"FreeFall","_animationQueue":[],"_animationSpeed":1,"_zoom":16.125},{"_mousePosition":[478,286],"_rootPartCFrame":[764.85,229.869,47.183,-0.018,0,1,0,1,0,-1,0,-0.018],"_humanoidState":5,"_cameraCFrame":[771.292,246.151,47.053,-0.02,-0.917,0.4,0,0.4,0.917,-1,0.019,-0.008],"_shiftlockState":false,"_pose":"FreeFall","_animationQueue":[],"_animationSpeed":1,"_zoom":16.125},{"_mousePosition":[478,286],"_rootPartCFrame":[764.583,229.765,47.188,-0.018,0,1,0,1,0,-1,0,-0.018],"_humanoidState":5,"_cameraCFrame":[771.025,246.047,47.058,-0.02,-0.917,0.4,0,0.4,0.917,-1,0.019,-0.008],"_shiftlockState":false,"_pose":"FreeFall","_animationQueue":[],"_animationSpeed":1,"_zoom":16.125},{"_mousePosition":[478,286],"_rootPartCFrame":[764.317,229.606,47.194,-0.018,0,1,0,1,0,-1,0,-0.018],"_humanoidState":5,"_cameraCFrame":[770.759,245.888,47.063,-0.02,-0.917,0.4,0,0.4,0.917,-1,0.019,-0.008],"_shiftlockState":false,"_pose":"FreeFall","_animationQueue":[["fall",0.3]],"_animationSpeed":1,"_zoom":16.125},{"_mousePosition":[478,286],"_rootPartCFrame":[764.05,229.393,47.199,-0.019,0,1,0,1,0,-1,0,-0.019],"_humanoidState":5,"_cameraCFrame":[770.492,245.674,47.052,-0.023,-0.916,0.399,0,0.4,0.917,-1,0.021,-0.009],"_shiftlockState":false,"_pose":"FreeFall","_animationQueue":[],"_animationSpeed":1,"_zoom":16.125},{"_mousePosition":[478,286],"_rootPartCFrame":[763.783,229.125,47.205,-0.019,0,1,0,1,0,-1,0,-0.019],"_humanoidState":5,"_cameraCFrame":[770.225,245.406,47.058,-0.023,-0.916,0.399,0,0.4,0.917,-1,0.021,-0.009],"_shiftlockState":false,"_pose":"FreeFall","_animationQueue":[],"_animationSpeed":1,"_zoom":16.125},{"_mousePosition":[478,286],"_rootPartCFrame":[763.517,228.802,47.211,-0.019,0,1,0,1,0,-1,0,-0.019],"_humanoidState":5,"_cameraCFrame":[769.958,245.084,47.064,-0.023,-0.916,0.399,0,0.4,0.917,-1,0.021,-0.009],"_shiftlockState":false,"_pose":"FreeFall","_animationQueue":[],"_animationSpeed":1,"_zoom":16.125},{"_mousePosition":[478,286],"_rootPartCFrame":[763.25,228.425,47.217,-0.02,0,1,0,1,0,-1,0,-0.02],"_humanoidState":5,"_cameraCFrame":[769.692,244.707,47.07,-0.023,-0.916,0.399,0,0.4,0.917,-1,0.021,-0.009],"_shiftlockState":false,"_pose":"FreeFall","_animationQueue":[],"_animationSpeed":1,"_zoom":16.125},{"_mousePosition":[478,286],"_rootPartCFrame":[763.05,228.107,47.221,-0.02,0,1,0,1,0,-1,0,-0.02],"_humanoidState":5,"_cameraCFrame":[769.492,244.388,47.074,-0.023,-0.916,0.399,0,0.4,0.917,-1,0.021,-0.009],"_shiftlockState":false,"_pose":"FreeFall","_animationQueue":[],"_animationSpeed":1,"_zoom":16.125},{"_mousePosition":[478,286],"_rootPartCFrame":[762.717,227.508,47.229,-0.021,0,1,0,1,0,-1,0,-0.021],"_humanoidState":5,"_cameraCFrame":[769.159,243.789,47.082,-0.023,-0.916,0.399,0,0.4,0.917,-1,0.021,-0.009],"_shiftlockState":false,"_pose":"FreeFall","_animationQueue":[],"_animationSpeed":1,"_zoom":16.125},{"_mousePosition":[478,286],"_rootPartCFrame":[762.45,226.967,47.235,-0.021,0,1,0,1,0,-1,0,-0.021],"_humanoidState":5,"_cameraCFrame":[768.892,243.249,47.088,-0.023,-0.916,0.399,0,0.4,0.917,-1,0.021,-0.009],"_shiftlockState":false,"_pose":"FreeFall","_animationQueue":[["fall",0.3]],"_animationSpeed":1,"_zoom":16.125},{"_mousePosition":[478,286],"_rootPartCFrame":[762.184,226.372,47.241,-0.021,0,1,0,1,0,-1,0,-0.021],"_humanoidState":5,"_cameraCFrame":[768.625,242.654,47.094,-0.023,-0.916,0.399,0,0.4,0.917,-1,0.021,-0.009],"_shiftlockState":false,"_pose":"FreeFall","_animationQueue":[],"_animationSpeed":1,"_zoom":16.125},{"_mousePosition":[478,286],"_rootPartCFrame":[761.917,225.723,47.247,-0.021,0,1,0,1,0,-1,0,-0.021],"_humanoidState":5,"_cameraCFrame":[768.359,242.004,47.1,-0.023,-0.916,0.399,0,0.4,0.917,-1,0.021,-0.009],"_shiftlockState":false,"_pose":"FreeFall","_animationQueue":[],"_animationSpeed":1,"_zoom":16.125},{"_mousePosition":[478,286],"_rootPartCFrame":[761.651,225.019,47.253,-0.022,0,1,0,1,0,-1,0,-0.022],"_humanoidState":5,"_cameraCFrame":[768.092,241.3,47.106,-0.023,-0.916,0.399,0,0.4,0.917,-1,0.021,-0.009],"_shiftlockState":false,"_pose":"FreeFall","_animationQueue":[],"_animationSpeed":1,"_zoom":16.125},{"_mousePosition":[478,286],"_rootPartCFrame":[761.384,224.26,47.259,-0.022,0,1,0,1,0,-1,0,-0.022],"_humanoidState":5,"_cameraCFrame":[767.826,240.542,47.112,-0.023,-0.916,0.399,0,0.4,0.917,-1,0.021,-0.009],"_shiftlockState":false,"_pose":"FreeFall","_animationQueue":[],"_animationSpeed":1,"_zoom":16.125},{"_mousePosition":[478,286],"_rootPartCFrame":[761.117,223.447,47.265,-0.022,0,1,0,1,0,-1,0,-0.022],"_humanoidState":5,"_cameraCFrame":[767.559,239.729,47.118,-0.023,-0.916,0.399,0,0.4,0.917,-1,0.021,-0.009],"_shiftlockState":false,"_pose":"FreeFall","_animationQueue":[],"_animationSpeed":1,"_zoom":16.125},{"_mousePosition":[478,286],"_rootPartCFrame":[760.979,222.691,47.271,-0.022,0,1,0,1,0,-1,0,-0.022],"_humanoidState":7,"_cameraCFrame":[767.421,238.973,47.125,-0.023,-0.916,0.399,0,0.4,0.917,-1,0.021,-0.009],"_shiftlockState":false,"_pose":"FreeFall","_animationQueue":[["fall",0.3],["walk",0.1],["fall",0.3],["fall",0.3]],"_animationSpeed":1,"_zoom":16.125},{"_mousePosition":[478,286],"_rootPartCFrame":[761.048,222.669,47.277,-0.022,0,1,0,1,0,-1,0,-0.022],"_humanoidState":7,"_cameraCFrame":[767.489,238.95,47.131,-0.023,-0.916,0.399,0,0.4,0.917,-1,0.021,-0.009],"_shiftlockState":false,"_pose":"FreeFall","_animationQueue":[],"_animationSpeed":1,"_zoom":16.125},{"_mousePosition":[478,286],"_rootPartCFrame":[761.327,222.8,47.285,-0.022,0,1,0,1,0,-1,0,-0.022],"_humanoidState":8,"_cameraCFrame":[767.769,239.082,47.138,-0.023,-0.916,0.399,0,0.4,0.917,-1,0.021,-0.009],"_shiftlockState":false,"_pose":"Running","_animationQueue":[["walk",0.1],["fall",0.3],["walk",0.1]],"_animationSpeed":1.467,"_zoom":16.125},{"_mousePosition":[478,286],"_rootPartCFrame":[761.56,223.663,47.291,-0.022,0,1,0,1,0,-1,0,-0.022],"_humanoidState":3,"_cameraCFrame":[768.002,239.944,47.144,-0.023,-0.916,0.399,0,0.4,0.917,-1,0.021,-0.009],"_shiftlockState":false,"_pose":"Jumping","_animationQueue":[["walk",0.1],["jump",0.1]],"_animationSpeed":1,"_zoom":16.125},{"_mousePosition":[478,286],"_rootPartCFrame":[761.72,224.274,47.296,-0.022,0,1,0,1,0,-1,0,-0.022],"_humanoidState":5,"_cameraCFrame":[768.161,240.556,47.149,-0.023,-0.916,0.399,0,0.4,0.917,-1,0.021,-0.009],"_shiftlockState":false,"_pose":"FreeFall","_animationQueue":[["jump",0.1]],"_animationSpeed":1,"_zoom":16.125},{"_mousePosition":[478,286],"_rootPartCFrame":[761.898,225.042,47.302,-0.022,0,1,0,1,0,-1,0,-0.022],"_humanoidState":5,"_cameraCFrame":[768.339,241.323,47.155,-0.023,-0.916,0.399,0,0.4,0.917,-1,0.021,-0.009],"_shiftlockState":false,"_pose":"FreeFall","_animationQueue":[],"_animationSpeed":1,"_zoom":16.125},{"_mousePosition":[478,286],"_rootPartCFrame":[762.036,225.755,47.308,-0.022,0,1,0,1,0,-1,0,-0.022],"_humanoidState":5,"_cameraCFrame":[768.478,242.036,47.161,-0.023,-0.916,0.399,0,0.4,0.917,-1,0.021,-0.009],"_shiftlockState":false,"_pose":"FreeFall","_animationQueue":[],"_animationSpeed":1,"_zoom":16.125},{"_mousePosition":[478,286],"_rootPartCFrame":[762.135,226.413,47.314,-0.023,0,1,0,1,0,-1,0,-0.023],"_humanoidState":5,"_cameraCFrame":[768.576,242.695,47.167,-0.023,-0.916,0.399,0,0.4,0.917,-1,0.021,-0.009],"_shiftlockState":false,"_pose":"FreeFall","_animationQueue":[],"_animationSpeed":1,"_zoom":16.125},{"_mousePosition":[478,286],"_rootPartCFrame":[762.194,227.017,47.32,-0.023,0,1,0,1,0,-1,0,-0.023],"_humanoidState":5,"_cameraCFrame":[768.635,243.299,47.173,-0.023,-0.916,0.399,0,0.4,0.917,-1,0.021,-0.009],"_shiftlockState":false,"_pose":"FreeFall","_animationQueue":[],"_animationSpeed":1,"_zoom":16.125},{"_mousePosition":[478,286],"_rootPartCFrame":[762.211,227.696,47.327,-0.023,0,1,0,1,0,-1,0,-0.023],"_humanoidState":5,"_cameraCFrame":[768.653,243.977,47.181,-0.023,-0.916,0.399,0,0.4,0.917,-1,0.021,-0.009],"_shiftlockState":false,"_pose":"FreeFall","_animationQueue":[],"_animationSpeed":1,"_zoom":16.125},{"_mousePosition":[478,286],"_rootPartCFrame":[762.192,228.062,47.332,-0.023,0,1,0,1,0,-1,0,-0.023],"_humanoidState":5,"_cameraCFrame":[768.605,244.356,47.186,-0.023,-0.917,0.398,0,0.398,0.917,-1,0.021,-0.009],"_shiftlockState":false,"_pose":"FreeFall","_animationQueue":[],"_animationSpeed":1,"_zoom":16.125},{"_mousePosition":[478,286],"_rootPartCFrame":[762.111,228.604,47.34,-0.023,0,1,0,1,0,-1,0,-0.023],"_humanoidState":5,"_cameraCFrame":[768.524,244.898,47.194,-0.023,-0.917,0.398,0,0.398,0.917,-1,0.021,-0.009],"_shiftlockState":false,"_pose":"FreeFall","_animationQueue":[],"_animationSpeed":1,"_zoom":16.125},{"_mousePosition":[478,286],"_rootPartCFrame":[762.001,228.976,47.346,-0.023,0,1,0,1,0,-1,0,-0.023],"_humanoidState":5,"_cameraCFrame":[768.414,245.271,47.2,-0.023,-0.917,0.398,0,0.398,0.917,-1,0.021,-0.009],"_shiftlockState":false,"_pose":"FreeFall","_animationQueue":[],"_animationSpeed":1,"_zoom":16.125},{"_mousePosition":[478,286],"_rootPartCFrame":[761.851,229.294,47.352,-0.023,0,1,0,1,0,-1,0,-0.023],"_humanoidState":5,"_cameraCFrame":[768.264,245.588,47.206,-0.023,-0.917,0.398,0,0.398,0.917,-1,0.021,-0.009],"_shiftlockState":false,"_pose":"FreeFall","_animationQueue":[],"_animationSpeed":1,"_zoom":16.125},{"_mousePosition":[478,286],"_rootPartCFrame":[761.662,229.558,47.358,-0.023,0,1,0,1,0,-1,0,-0.023],"_humanoidState":5,"_cameraCFrame":[768.075,245.852,47.212,-0.023,-0.917,0.398,0,0.398,0.917,-1,0.021,-0.009],"_shiftlockState":false,"_pose":"FreeFall","_animationQueue":[],"_animationSpeed":1,"_zoom":16.125},{"_mousePosition":[478,286],"_rootPartCFrame":[761.494,229.719,47.362,-0.023,0,1,0,1,0,-1,0,-0.023],"_humanoidState":5,"_cameraCFrame":[767.906,246.014,47.216,-0.023,-0.917,0.398,0,0.398,0.917,-1,0.021,-0.009],"_shiftlockState":false,"_pose":"FreeFall","_animationQueue":[],"_animationSpeed":1,"_zoom":16.125},{"_mousePosition":[478,286],"_rootPartCFrame":[761.237,229.887,47.368,-0.023,0,1,0,1,0,-1,0,-0.023],"_humanoidState":5,"_cameraCFrame":[767.65,246.182,47.222,-0.023,-0.917,0.398,0,0.398,0.917,-1,0.021,-0.009],"_shiftlockState":false,"_pose":"FreeFall","_animationQueue":[],"_animationSpeed":1,"_zoom":16.125},{"_mousePosition":[478,286],"_rootPartCFrame":[760.971,230.001,47.375,-0.023,0,1,0,1,0,-1,0,-0.023],"_humanoidState":5,"_cameraCFrame":[767.384,246.295,47.228,-0.023,-0.917,0.398,0,0.398,0.917,-1,0.021,-0.009],"_shiftlockState":false,"_pose":"FreeFall","_animationQueue":[],"_animationSpeed":1,"_zoom":16.125},{"_mousePosition":[478,286],"_rootPartCFrame":[760.705,230.06,47.381,-0.023,0,1,0,1,0,-1,0,-0.023],"_humanoidState":5,"_cameraCFrame":[767.117,246.354,47.235,-0.023,-0.917,0.398,0,0.398,0.917,-1,0.021,-0.009],"_shiftlockState":false,"_pose":"FreeFall","_animationQueue":[],"_animationSpeed":1,"_zoom":16.125},{"_mousePosition":[478,286],"_rootPartCFrame":[760.438,230.064,47.387,-0.023,0,1,0,1,0,-1,0,-0.023],"_humanoidState":5,"_cameraCFrame":[766.851,246.359,47.241,-0.023,-0.917,0.398,0,0.398,0.917,-1,0.021,-0.009],"_shiftlockState":false,"_pose":"FreeFall","_animationQueue":[],"_animationSpeed":1,"_zoom":16.125},{"_mousePosition":[478,286],"_rootPartCFrame":[760.171,230.014,47.393,-0.023,0,1,0,1,0,-1,0,-0.023],"_humanoidState":5,"_cameraCFrame":[766.584,246.309,47.247,-0.023,-0.917,0.398,0,0.398,0.917,-1,0.021,-0.009],"_shiftlockState":false,"_pose":"FreeFall","_animationQueue":[["fall",0.3]],"_animationSpeed":1,"_zoom":16.125},{"_mousePosition":[478,286],"_rootPartCFrame":[759.838,229.875,47.4,-0.023,0,1,0,1,0,-1,0,-0.023],"_humanoidState":5,"_cameraCFrame":[766.251,246.17,47.254,-0.023,-0.917,0.398,0,0.398,0.917,-1,0.021,-0.009],"_shiftlockState":false,"_pose":"FreeFall","_animationQueue":[],"_animationSpeed":1,"_zoom":16.125},{"_mousePosition":[478,286],"_rootPartCFrame":[759.638,229.751,47.405,-0.023,0,1,0,1,0,-1,0,-0.023],"_humanoidState":5,"_cameraCFrame":[766.051,246.045,47.259,-0.023,-0.917,0.398,0,0.398,0.917,-1,0.021,-0.009],"_shiftlockState":false,"_pose":"FreeFall","_animationQueue":[],"_animationSpeed":1,"_zoom":16.125},{"_mousePosition":[478,286],"_rootPartCFrame":[759.305,229.476,47.412,-0.023,0,1,0,1,0,-1,0,-0.023],"_humanoidState":5,"_cameraCFrame":[765.718,245.77,47.266,-0.023,-0.917,0.398,0,0.398,0.917,-1,0.021,-0.009],"_shiftlockState":false,"_pose":"FreeFall","_animationQueue":[],"_animationSpeed":1,"_zoom":16.125},{"_mousePosition":[478,286],"_rootPartCFrame":[759.038,229.194,47.419,-0.023,0,1,0,1,0,-1,0,-0.023],"_humanoidState":5,"_cameraCFrame":[765.451,245.488,47.272,-0.023,-0.917,0.398,0,0.398,0.917,-1,0.021,-0.009],"_shiftlockState":false,"_pose":"FreeFall","_animationQueue":[],"_animationSpeed":1,"_zoom":16.125},{"_mousePosition":[478,286],"_rootPartCFrame":[758.772,228.858,47.425,-0.023,0,1,0,1,0,-1,0,-0.023],"_humanoidState":5,"_cameraCFrame":[765.185,245.152,47.279,-0.023,-0.917,0.398,0,0.398,0.917,-1,0.021,-0.009],"_shiftlockState":false,"_pose":"FreeFall","_animationQueue":[],"_animationSpeed":1,"_zoom":16.125},{"_mousePosition":[478,286],"_rootPartCFrame":[758.505,228.467,47.431,-0.023,0,1,0,1,0,-1,0,-0.023],"_humanoidState":5,"_cameraCFrame":[764.918,244.762,47.285,-0.023,-0.917,0.398,0,0.398,0.917,-1,0.021,-0.009],"_shiftlockState":false,"_pose":"FreeFall","_animationQueue":[],"_animationSpeed":1,"_zoom":16.125},{"_mousePosition":[478,286],"_rootPartCFrame":[758.238,228.022,47.437,-0.023,0,1,0,1,0,-1,0,-0.023],"_humanoidState":5,"_cameraCFrame":[764.651,244.317,47.291,-0.023,-0.917,0.398,0,0.398,0.917,-1,0.021,-0.009],"_shiftlockState":false,"_pose":"FreeFall","_animationQueue":[["fall",0.3]],"_animationSpeed":1,"_zoom":16.125},{"_mousePosition":[478,286],"_rootPartCFrame":[758.039,227.653,47.441,-0.023,0,1,0,1,0,-1,0,-0.023],"_humanoidState":5,"_cameraCFrame":[764.451,243.947,47.295,-0.023,-0.917,0.398,0,0.398,0.917,-1,0.021,-0.009],"_shiftlockState":false,"_pose":"FreeFall","_animationQueue":[],"_animationSpeed":1,"_zoom":16.125},{"_mousePosition":[478,286],"_rootPartCFrame":[757.705,226.969,47.449,-0.023,0,1,0,1,0,-1,0,-0.023],"_humanoidState":5,"_cameraCFrame":[764.118,243.263,47.303,-0.023,-0.917,0.398,0,0.398,0.917,-1,0.021,-0.009],"_shiftlockState":false,"_pose":"FreeFall","_animationQueue":[],"_animationSpeed":1,"_zoom":16.125},{"_mousePosition":[478,286],"_rootPartCFrame":[757.439,226.36,47.455,-0.023,0,1,0,1,0,-1,0,-0.023],"_humanoidState":5,"_cameraCFrame":[763.852,242.654,47.309,-0.023,-0.917,0.398,0,0.398,0.917,-1,0.021,-0.009],"_shiftlockState":false,"_pose":"FreeFall","_animationQueue":[],"_animationSpeed":1,"_zoom":16.125},{"_mousePosition":[478,286],"_rootPartCFrame":[757.239,225.868,47.46,-0.023,0,1,0,1,0,-1,0,-0.023],"_humanoidState":5,"_cameraCFrame":[763.652,242.162,47.313,-0.023,-0.917,0.398,0,0.398,0.917,-1,0.021,-0.009],"_shiftlockState":false,"_pose":"FreeFall","_animationQueue":[],"_animationSpeed":1,"_zoom":16.125},{"_mousePosition":[478,286],"_rootPartCFrame":[756.972,225.164,47.466,-0.023,0,1,0,1,0,-1,0,-0.023],"_humanoidState":5,"_cameraCFrame":[763.385,241.458,47.32,-0.023,-0.917,0.398,0,0.398,0.917,-1,0.021,-0.009],"_shiftlockState":false,"_pose":"FreeFall","_animationQueue":[],"_animationSpeed":1,"_zoom":16.125},{"_mousePosition":[478,286],"_rootPartCFrame":[756.639,224.207,47.473,-0.023,0,1,0,1,0,-1,0,-0.023],"_humanoidState":5,"_cameraCFrame":[763.052,240.501,47.327,-0.023,-0.917,0.398,0,0.398,0.917,-1,0.021,-0.009],"_shiftlockState":false,"_pose":"FreeFall","_animationQueue":[],"_animationSpeed":1,"_zoom":16.125},{"_mousePosition":[478,286],"_rootPartCFrame":[756.439,223.592,47.478,-0.023,0,1,0,1,0,-1,0,-0.023],"_humanoidState":5,"_cameraCFrame":[762.852,239.887,47.332,-0.023,-0.917,0.398,0,0.398,0.917,-1,0.021,-0.009],"_shiftlockState":false,"_pose":"FreeFall","_animationQueue":[["fall",0.3]],"_animationSpeed":1,"_zoom":16.125},{"_mousePosition":[478,286],"_rootPartCFrame":[756.301,222.829,47.484,-0.023,0,1,0,1,0,-1,0,-0.023],"_humanoidState":7,"_cameraCFrame":[762.714,239.123,47.338,-0.023,-0.917,0.398,0,0.398,0.917,-1,0.021,-0.009],"_shiftlockState":false,"_pose":"FreeFall","_animationQueue":[["walk",0.1],["fall",0.3],["fall",0.3]],"_animationSpeed":1,"_zoom":16.125},{"_mousePosition":[478,286],"_rootPartCFrame":[756.419,222.772,47.491,-0.023,0,1,0,1,0,-1,0,-0.023],"_humanoidState":7,"_cameraCFrame":[762.831,239.067,47.345,-0.023,-0.917,0.398,0,0.398,0.917,-1,0.021,-0.009],"_shiftlockState":false,"_pose":"FreeFall","_animationQueue":[],"_animationSpeed":1,"_zoom":16.125},{"_mousePosition":[478,286],"_rootPartCFrame":[756.589,222.826,47.496,-0.023,0,1,0,1,0,-1,0,-0.023],"_humanoidState":8,"_cameraCFrame":[763.002,239.12,47.35,-0.023,-0.917,0.398,0,0.398,0.917,-1,0.021,-0.009],"_shiftlockState":false,"_pose":"Running","_animationQueue":[["walk",0.1],["fall",0.3],["walk",0.1]],"_animationSpeed":1.254,"_zoom":16.125},{"_mousePosition":[478,286],"_rootPartCFrame":[756.879,223.91,47.504,-0.023,0,1,0,1,0,-1,0,-0.023],"_humanoidState":3,"_cameraCFrame":[763.291,240.204,47.357,-0.023,-0.917,0.398,0,0.398,0.917,-1,0.021,-0.009],"_shiftlockState":false,"_pose":"Jumping","_animationQueue":[["walk",0.1],["jump",0.1]],"_animationSpeed":1,"_zoom":16.125},{"_mousePosition":[478,286],"_rootPartCFrame":[757.085,224.718,47.51,-0.023,0,1,0,1,0,-1,0,-0.023],"_humanoidState":5,"_cameraCFrame":[763.498,241.012,47.364,-0.023,-0.917,0.398,0,0.398,0.917,-1,0.021,-0.009],"_shiftlockState":false,"_pose":"FreeFall","_animationQueue":[["jump",0.1]],"_animationSpeed":1,"_zoom":16.125},{"_mousePosition":[478,286],"_rootPartCFrame":[757.214,225.289,47.514,-0.023,0,1,0,1,0,-1,0,-0.023],"_humanoidState":5,"_cameraCFrame":[763.627,241.583,47.368,-0.023,-0.917,0.398,0,0.398,0.917,-1,0.021,-0.009],"_shiftlockState":false,"_pose":"FreeFall","_animationQueue":[],"_animationSpeed":1,"_zoom":16.125},{"_mousePosition":[478,286],"_rootPartCFrame":[757.379,226.171,47.522,-0.023,0,1,0,1,0,-1,0,-0.023],"_humanoidState":5,"_cameraCFrame":[763.792,242.466,47.376,-0.023,-0.917,0.398,0,0.398,0.917,-1,0.021,-0.009],"_shiftlockState":false,"_pose":"FreeFall","_animationQueue":[],"_animationSpeed":1,"_zoom":16.125},{"_mousePosition":[478,286],"_rootPartCFrame":[757.449,226.66,47.526,-0.023,0,1,0,1,0,-1,0,-0.023],"_humanoidState":5,"_cameraCFrame":[763.861,242.954,47.38,-0.023,-0.917,0.398,0,0.398,0.917,-1,0.021,-0.009],"_shiftlockState":false,"_pose":"FreeFall","_animationQueue":[],"_animationSpeed":1,"_zoom":16.125},{"_mousePosition":[478,286],"_rootPartCFrame":[757.515,227.407,47.534,-0.023,0,1,0,1,0,-1,0,-0.023],"_humanoidState":5,"_cameraCFrame":[763.927,243.701,47.388,-0.023,-0.917,0.398,0,0.398,0.917,-1,0.021,-0.009],"_shiftlockState":false,"_pose":"FreeFall","_animationQueue":[],"_animationSpeed":1,"_zoom":16.125},{"_mousePosition":[478,286],"_rootPartCFrame":[757.523,227.943,47.54,-0.023,0,1,0,1,0,-1,0,-0.023],"_humanoidState":5,"_cameraCFrame":[763.935,244.237,47.394,-0.023,-0.917,0.398,0,0.398,0.917,-1,0.021,-0.009],"_shiftlockState":false,"_pose":"FreeFall","_animationQueue":[],"_animationSpeed":1,"_zoom":16.125},{"_mousePosition":[478,286],"_rootPartCFrame":[757.491,228.424,47.546,-0.023,0,1,0,1,0,-1,0,-0.023],"_humanoidState":5,"_cameraCFrame":[763.904,244.718,47.4,-0.023,-0.917,0.398,0,0.398,0.917,-1,0.021,-0.009],"_shiftlockState":false,"_pose":"FreeFall","_animationQueue":[],"_animationSpeed":1,"_zoom":16.125},{"_mousePosition":[478,286],"_rootPartCFrame":[757.42,228.851,47.552,-0.023,0,1,0,1,0,-1,0,-0.023],"_humanoidState":5,"_cameraCFrame":[763.832,245.145,47.406,-0.023,-0.917,0.398,0,0.398,0.917,-1,0.021,-0.009],"_shiftlockState":false,"_pose":"FreeFall","_animationQueue":[],"_animationSpeed":1,"_zoom":16.125},{"_mousePosition":[478,286],"_rootPartCFrame":[757.34,229.135,47.557,-0.023,0,1,0,1,0,-1,0,-0.023],"_humanoidState":5,"_cameraCFrame":[763.753,245.429,47.411,-0.023,-0.917,0.398,0,0.398,0.917,-1,0.021,-0.009],"_shiftlockState":false,"_pose":"FreeFall","_animationQueue":[],"_animationSpeed":1,"_zoom":16.125},{"_mousePosition":[478,286],"_rootPartCFrame":[757.199,229.467,47.563,-0.023,0,1,0,1,0,-1,0,-0.023],"_humanoidState":5,"_cameraCFrame":[763.612,245.761,47.417,-0.023,-0.917,0.398,0,0.398,0.917,-1,0.021,-0.009],"_shiftlockState":false,"_pose":"FreeFall","_animationQueue":[],"_animationSpeed":1,"_zoom":16.125},{"_mousePosition":[478,286],"_rootPartCFrame":[757.018,229.744,47.569,-0.023,0,1,0,1,0,-1,0,-0.023],"_humanoidState":5,"_cameraCFrame":[763.431,246.038,47.423,-0.023,-0.917,0.398,0,0.398,0.917,-1,0.021,-0.009],"_shiftlockState":false,"_pose":"FreeFall","_animationQueue":[],"_animationSpeed":1,"_zoom":16.125},{"_mousePosition":[478,286],"_rootPartCFrame":[756.737,230.013,47.576,-0.023,0,1,0,1,0,-1,0,-0.023],"_humanoidState":5,"_cameraCFrame":[763.149,246.308,47.43,-0.023,-0.917,0.398,0,0.398,0.917,-1,0.021,-0.009],"_shiftlockState":false,"_pose":"FreeFall","_animationQueue":[],"_animationSpeed":1,"_zoom":16.125},{"_mousePosition":[478,286],"_rootPartCFrame":[756.475,230.168,47.583,-0.023,0,1,0,1,0,-1,0,-0.023],"_humanoidState":5,"_cameraCFrame":[762.887,246.462,47.436,-0.023,-0.917,0.398,0,0.398,0.917,-1,0.021,-0.009],"_shiftlockState":false,"_pose":"FreeFall","_animationQueue":[],"_animationSpeed":1,"_zoom":16.125},{"_mousePosition":[478,286],"_rootPartCFrame":[756.208,230.268,47.589,-0.023,0,1,0,1,0,-1,0,-0.023],"_humanoidState":5,"_cameraCFrame":[762.621,246.562,47.443,-0.023,-0.917,0.398,0,0.398,0.917,-1,0.021,-0.009],"_shiftlockState":false,"_pose":"FreeFall","_animationQueue":[["fall",0.3]],"_animationSpeed":1,"_zoom":16.125},{"_mousePosition":[478,286],"_rootPartCFrame":[755.941,230.313,47.595,-0.023,0,1,0,1,0,-1,0,-0.023],"_humanoidState":5,"_cameraCFrame":[762.354,246.607,47.449,-0.023,-0.917,0.398,0,0.398,0.917,-1,0.021,-0.009],"_shiftlockState":false,"_pose":"FreeFall","_animationQueue":[],"_animationSpeed":1,"_zoom":16.125},{"_mousePosition":[478,286],"_rootPartCFrame":[755.741,230.311,47.599,-0.023,0,1,0,1,0,-1,0,-0.023],"_humanoidState":5,"_cameraCFrame":[762.154,246.606,47.453,-0.023,-0.917,0.398,0,0.398,0.917,-1,0.021,-0.009],"_shiftlockState":false,"_pose":"FreeFall","_animationQueue":[],"_animationSpeed":1,"_zoom":16.125},{"_mousePosition":[478,286],"_rootPartCFrame":[755.475,230.261,47.605,-0.023,0,1,0,1,0,-1,0,-0.023],"_humanoidState":5,"_cameraCFrame":[761.888,246.556,47.459,-0.023,-0.917,0.398,0,0.398,0.917,-1,0.021,-0.009],"_shiftlockState":false,"_pose":"FreeFall","_animationQueue":[],"_animationSpeed":1,"_zoom":16.125},{"_mousePosition":[478,286],"_rootPartCFrame":[755.208,230.157,47.611,-0.023,0,1,0,1,0,-1,0,-0.023],"_humanoidState":5,"_cameraCFrame":[761.621,246.451,47.465,-0.023,-0.917,0.398,0,0.398,0.917,-1,0.021,-0.009],"_shiftlockState":false,"_pose":"FreeFall","_animationQueue":[],"_animationSpeed":1,"_zoom":16.125},{"_mousePosition":[478,286],"_rootPartCFrame":[754.875,229.95,47.619,-0.023,0,1,0,1,0,-1,0,-0.023],"_humanoidState":5,"_cameraCFrame":[761.288,246.244,47.473,-0.023,-0.917,0.398,0,0.398,0.917,-1,0.021,-0.009],"_shiftlockState":false,"_pose":"FreeFall","_animationQueue":[],"_animationSpeed":1,"_zoom":16.125},{"_mousePosition":[478,286],"_rootPartCFrame":[754.608,229.723,47.625,-0.023,0,1,0,1,0,-1,0,-0.023],"_humanoidState":5,"_cameraCFrame":[761.021,246.017,47.479,-0.023,-0.917,0.398,0,0.398,0.917,-1,0.021,-0.009],"_shiftlockState":false,"_pose":"FreeFall","_animationQueue":[["fall",0.3]],"_animationSpeed":1,"_zoom":16.125},{"_mousePosition":[478,286],"_rootPartCFrame":[754.408,229.516,47.63,-0.023,0,1,0,1,0,-1,0,-0.023],"_humanoidState":5,"_cameraCFrame":[760.821,245.811,47.484,-0.023,-0.917,0.398,0,0.398,0.917,-1,0.021,-0.009],"_shiftlockState":false,"_pose":"FreeFall","_animationQueue":[],"_animationSpeed":1,"_zoom":16.125},{"_mousePosition":[478,286],"_rootPartCFrame":[754.142,229.194,47.636,-0.023,0,1,0,1,0,-1,0,-0.023],"_humanoidState":5,"_cameraCFrame":[760.555,245.488,47.49,-0.023,-0.917,0.398,0,0.398,0.917,-1,0.021,-0.009],"_shiftlockState":false,"_pose":"FreeFall","_animationQueue":[],"_animationSpeed":1,"_zoom":16.125},{"_mousePosition":[478,286],"_rootPartCFrame":[753.875,228.817,47.642,-0.023,0,1,0,1,0,-1,0,-0.023],"_humanoidState":5,"_cameraCFrame":[760.288,245.111,47.496,-0.023,-0.917,0.398,0,0.398,0.917,-1,0.021,-0.009],"_shiftlockState":false,"_pose":"FreeFall","_animationQueue":[],"_animationSpeed":1,"_zoom":16.125},{"_mousePosition":[478,286],"_rootPartCFrame":[753.609,228.386,47.648,-0.023,0,1,0,1,0,-1,0,-0.023],"_humanoidState":5,"_cameraCFrame":[760.021,244.68,47.502,-0.023,-0.917,0.398,0,0.398,0.917,-1,0.021,-0.009],"_shiftlockState":false,"_pose":"FreeFall","_animationQueue":[],"_animationSpeed":1,"_zoom":16.125},{"_mousePosition":[478,286],"_rootPartCFrame":[753.275,227.77,47.655,-0.023,0,1,0,1,0,-1,0,-0.023],"_humanoidState":5,"_cameraCFrame":[759.688,244.064,47.509,-0.023,-0.917,0.398,0,0.398,0.917,-1,0.021,-0.009],"_shiftlockState":false,"_pose":"FreeFall","_animationQueue":[],"_animationSpeed":1,"_zoom":16.125},{"_mousePosition":[478,286],"_rootPartCFrame":[753.075,227.359,47.66,-0.023,0,1,0,1,0,-1,0,-0.023],"_humanoidState":5,"_cameraCFrame":[759.488,243.653,47.514,-0.023,-0.917,0.398,0,0.398,0.917,-1,0.021,-0.009],"_shiftlockState":false,"_pose":"FreeFall","_animationQueue":[],"_animationSpeed":1,"_zoom":16.125},{"_mousePosition":[478,286],"_rootPartCFrame":[752.809,226.764,47.666,-0.023,0,1,0,1,0,-1,0,-0.023],"_humanoidState":5,"_cameraCFrame":[759.222,243.058,47.52,-0.023,-0.917,0.398,0,0.398,0.917,-1,0.021,-0.009],"_shiftlockState":false,"_pose":"FreeFall","_animationQueue":[["fall",0.3]],"_animationSpeed":1,"_zoom":16.125},{"_mousePosition":[478,286],"_rootPartCFrame":[752.476,225.944,47.674,-0.023,0,1,0,1,0,-1,0,-0.023],"_humanoidState":5,"_cameraCFrame":[758.888,242.238,47.528,-0.023,-0.917,0.398,0,0.398,0.917,-1,0.021,-0.009],"_shiftlockState":false,"_pose":"FreeFall","_animationQueue":[],"_animationSpeed":1,"_zoom":16.125},{"_mousePosition":[478,286],"_rootPartCFrame":[752.276,225.411,47.678,-0.023,0,1,0,1,0,-1,0,-0.023],"_humanoidState":5,"_cameraCFrame":[758.688,241.705,47.532,-0.023,-0.917,0.398,0,0.398,0.917,-1,0.021,-0.009],"_shiftlockState":false,"_pose":"FreeFall","_animationQueue":[],"_animationSpeed":1,"_zoom":16.125},{"_mousePosition":[478,286],"_rootPartCFrame":[751.942,224.454,47.686,-0.023,0,1,0,1,0,-1,0,-0.023],"_humanoidState":5,"_cameraCFrame":[758.355,240.748,47.54,-0.023,-0.917,0.398,0,0.398,0.917,-1,0.021,-0.009],"_shiftlockState":false,"_pose":"FreeFall","_animationQueue":[],"_animationSpeed":1,"_zoom":16.125},{"_mousePosition":[478,286],"_rootPartCFrame":[751.676,223.627,47.692,-0.023,0,1,0,1,0,-1,0,-0.023],"_humanoidState":5,"_cameraCFrame":[758.089,239.922,47.546,-0.023,-0.917,0.398,0,0.398,0.917,-1,0.021,-0.009],"_shiftlockState":false,"_pose":"FreeFall","_animationQueue":[],"_animationSpeed":1,"_zoom":16.125},{"_mousePosition":[478,286],"_rootPartCFrame":[751.553,222.972,47.696,-0.023,0,1,0,1,0,-1,0,-0.023],"_humanoidState":7,"_cameraCFrame":[757.966,239.266,47.55,-0.023,-0.917,0.398,0,0.398,0.917,-1,0.021,-0.009],"_shiftlockState":false,"_pose":"FreeFall","_animationQueue":[["walk",0.1],["fall",0.3],["fall",0.3]],"_animationSpeed":1,"_zoom":16.125},{"_mousePosition":[478,286],"_rootPartCFrame":[751.57,222.586,47.702,-0.023,0,1,0,1,0,-1,0,-0.023],"_humanoidState":7,"_cam