[{"_mousePosition":[1168,361],"_rootPartCFrame":[776.028,222.95,47.142,0,0,1,0,1,0,-1,0,0],"_humanoidState":8,"_cameraCFrame":[789.618,237.636,47.395,0.019,-0.696,0.718,0,0.718,0.696,-1,-0.013,0.013],"_shiftlockState":false,"_pose":"Standing","_animationQueue":[],"_animationSpeed":1,"_zoom":18.938},{"_mousePosition":[1164,361],"_rootPartCFrame":[776.028,222.707,47.142,0,0,1,0,1,0,-1,0,0],"_humanoidState":8,"_cameraCFrame":[789.618,237.394,47.395,0.019,-0.696,0.718,0,0.718,0.696,-1,-0.013,0.013],"_shiftlockState":false,"_pose":"Standing","_animationQueue":[],"_animationSpeed":1,"_zoom":18.938},{"_mousePosition":[1164,361],"_rootPartCFrame":[776.028,222.613,47.142,0,0,1,0,1,0,-1,0,0],"_humanoidState":8,"_cameraCFrame":[789.618,237.299,47.395,0.019,-0.696,0.718,0,0.718,0.696,-1,-0.013,0.013],"_shiftlockState":false,"_pose":"Standing","_animationQueue":[],"_animationSpeed":1,"_zoom":18.938},{"_mousePosition":[1125,358],"_rootPartCFrame":[775.839,222.615,47.139,0.002,0,1,0,1,0,-1,0,0.002],"_humanoidState":8,"_cameraCFrame":[789.429,237.301,47.391,0.019,-0.696,0.718,0,0.718,0.696,-1,-0.013,0.013],"_shiftlockState":false,"_pose":"Standing","_animationQueue":[],"_animationSpeed":1,"_zoom":18.938},{"_mousePosition":[1125,358],"_rootPartCFrame":[775.575,222.648,47.134,0.004,0,1,0,1,0,-1,0,0.004],"_humanoidState":8,"_cameraCFrame":[789.165,237.335,47.386,0.019,-0.696,0.718,0,0.718,0.696,-1,-0.013,0.013],"_shiftlockState":false,"_pose":"Running","_animationQueue":[["walk",0.1]],"_animationSpeed":1.003,"_zoom":18.938},{"_mousePosition":[1042,354],"_rootPartCFrame":[775.308,222.671,47.129,0.006,0,1,0,1,0,-1,0,0.006],"_humanoidState":8,"_cameraCFrame":[788.898,237.357,47.382,0.019,-0.696,0.718,0,0.718,0.696,-1,-0.013,0.013],"_shiftlockState":false,"_pose":"Running","_animationQueue":[["walk",0.1]],"_animationSpeed":1.101,"_zoom":18.938},{"_mousePosition":[1032,353],"_rootPartCFrame":[775.175,222.679,47.127,0.007,0,1,0,1,0,-1,0,0.007],"_humanoidState":8,"_cameraCFrame":[788.765,237.365,47.379,0.019,-0.696,0.718,0,0.718,0.696,-1,-0.013,0.013],"_shiftlockState":false,"_pose":"Running","_animationQueue":[],"_animationSpeed":1.101,"_zoom":18.938},{"_mousePosition":[930,334],"_rootPartCFrame":[774.908,222.688,47.122,0.009,0,1,0,1,0,-1,0,0.009],"_humanoidState":8,"_cameraCFrame":[788.498,237.375,47.374,0.019,-0.696,0.718,0,0.718,0.696,-1,-0.013,0.013],"_shiftlockState":false,"_pose":"Running","_animationQueue":[],"_animationSpeed":1.101,"_zoom":18.938},{"_mousePosition":[925,332],"_rootPartCFrame":[774.641,222.694,47.117,0.01,0,1,0,1,0,-1,0,0.01],"_humanoidState":8,"_cameraCFrame":[788.232,237.38,47.369,0.019,-0.696,0.718,0,0.718,0.696,-1,-0.013,0.013],"_shiftlockState":false,"_pose":"Running","_animationQueue":[["walk",0.1]],"_animationSpeed":1.101,"_zoom":18.938},{"_mousePosition":[870,326],"_rootPartCFrame":[774.375,222.696,47.112,0.011,0,1,0,1,0,-1,0,0.011],"_humanoidState":8,"_cameraCFrame":[787.965,237.383,47.364,0.019,-0.696,0.718,0,0.718,0.696,-1,-0.013,0.013],"_shiftlockState":false,"_pose":"Running","_animationQueue":[],"_animationSpeed":1.101,"_zoom":18.938},{"_mousePosition":[869,326],"_rootPartCFrame":[774.108,222.698,47.107,0.012,0,1,0,1,0,-1,0,0.012],"_humanoidState":8,"_cameraCFrame":[787.698,237.384,47.359,0.019,-0.696,0.718,0,0.718,0.696,-1,-0.013,0.013],"_shiftlockState":false,"_pose":"Running","_animationQueue":[],"_animationSpeed":1.101,"_zoom":18.938},{"_mousePosition":[869,326],"_rootPartCFrame":[773.775,223.768,47.101,0.013,0,1,0,1,0,-1,0,0.013],"_humanoidState":3,"_cameraCFrame":[787.174,238.65,47.265,0.012,-0.707,0.708,0,0.708,0.707,-1,-0.009,0.009],"_shiftlockState":false,"_pose":"Jumping","_animationQueue":[["walk",0.1],["jump",0.1]],"_animationSpeed":1,"_zoom":18.938},{"_mousePosition":[869,326],"_rootPartCFrame":[773.575,224.369,47.097,0.014,0,1,0,1,0,-1,0,0.014],"_humanoidState":5,"_cameraCFrame":[786.646,239.572,47.216,0.009,-0.724,0.69,0,0.69,0.724,-1,-0.007,0.006],"_shiftlockState":false,"_pose":"FreeFall","_animationQueue":[["jump",0.1]],"_animationSpeed":1,"_zoom":18.938},{"_mousePosition":[869,326],"_rootPartCFrame":[773.308,225.123,47.093,0.014,0,1,0,1,0,-1,0,0.014],"_humanoidState":5,"_cameraCFrame":[785.897,240.77,47.195,0.008,-0.747,0.665,0,0.665,0.747,-1,-0.006,0.005],"_shiftlockState":false,"_pose":"FreeFall","_animationQueue":[],"_animationSpeed":1,"_zoom":18.938},{"_mousePosition":[869,326],"_rootPartCFrame":[773.042,225.823,47.091,0.014,0,1,0,1,0,-1,0,0.014],"_humanoidState":5,"_cameraCFrame":[785.086,241.937,47.151,0.005,-0.772,0.636,0,0.636,0.772,-1,-0.004,0.003],"_shiftlockState":false,"_pose":"FreeFall","_animationQueue":[],"_animationSpeed":1,"_zoom":18.938},{"_mousePosition":[869,326],"_rootPartCFrame":[772.775,226.467,47.088,0.013,0,1,0,1,0,-1,0,0.013],"_humanoidState":5,"_cameraCFrame":[784.135,243.119,47.002,-0.008,-0.8,0.6,0,0.6,0.8,-1,0.006,-0.005],"_shiftlockState":false,"_pose":"FreeFall","_animationQueue":[],"_animationSpeed":1,"_zoom":18.938},{"_mousePosition":[869,326],"_rootPartCFrame":[772.509,227.058,47.087,0.012,0,1,0,1,0,-1,0,0.012],"_humanoidState":5,"_cameraCFrame":[783.272,244.138,46.892,-0.018,-0.823,0.568,0,0.568,0.823,-1,0.015,-0.01],"_shiftlockState":false,"_pose":"FreeFall","_animationQueue":[],"_animationSpeed":1,"_zoom":18.938},{"_mousePosition":[869,326],"_rootPartCFrame":[772.175,227.719,47.089,0.009,0,1,0,1,0,-1,0,0.009],"_humanoidState":5,"_cameraCFrame":[782.353,245.188,46.862,-0.022,-0.843,0.537,0,0.538,0.843,-1,0.019,-0.012],"_shiftlockState":false,"_pose":"FreeFall","_animationQueue":[],"_animationSpeed":1,"_zoom":18.938},{"_mousePosition":[869,326],"_rootPartCFrame":[771.975,228.075,47.092,0.007,0,1,0,1,0,-1,0,0.007],"_humanoidState":5,"_cameraCFrame":[781.619,245.872,46.867,-0.023,-0.86,0.509,0,0.509,0.861,-1,0.02,-0.012],"_shiftlockState":false,"_pose":"FreeFall","_animationQueue":[],"_animationSpeed":1,"_zoom":18.938},{"_mousePosition":[869,326],"_rootPartCFrame":[771.709,228.502,47.098,0.003,0,1,0,1,0,-1,0,0.003],"_humanoidState":5,"_cameraCFrame":[780.916,246.549,46.912,-0.02,-0.874,0.486,0,0.486,0.874,-1,0.018,-0.01],"_shiftlockState":false,"_pose":"FreeFall","_animationQueue":[],"_animationSpeed":1,"_zoom":18.938},{"_mousePosition":[869,326],"_rootPartCFrame":[771.442,228.874,47.104,-0.001,0,1,0,1,0,-1,0,-0.001],"_humanoidState":5,"_cameraCFrame":[780.261,247.133,46.973,-0.015,-0.885,0.466,0,0.466,0.885,-1,0.013,-0.007],"_shiftlockState":false,"_pose":"FreeFall","_animationQueue":[],"_animationSpeed":1,"_zoom":18.938},{"_mousePosition":[869,326],"_rootPartCFrame":[771.109,229.263,47.111,-0.004,0,1,0,1,0,-1,0,-0.004],"_humanoidState":5,"_cameraCFrame":[779.589,247.696,47.055,-0.007,-0.894,0.448,0,0.448,0.894,-1,0.006,-0.003],"_shiftlockState":false,"_pose":"FreeFall","_animationQueue":[],"_animationSpeed":1,"_zoom":18.938},{"_mousePosition":[869,326],"_rootPartCFrame":[770.842,229.513,47.115,-0.006,0,1,0,1,0,-1,0,-0.006],"_humanoidState":5,"_cameraCFrame":[779.035,248.087,47.122,0.001,-0.902,0.433,0,0.433,0.902,-1,-0.001,0],"_shiftlockState":false,"_pose":"FreeFall","_animationQueue":[],"_animationSpeed":1,"_zoom":18.938},{"_mousePosition":[869,326],"_rootPartCFrame":[770.601,229.708,47.119,-0.006,0,1,0,1,0,-1,0,-0.006],"_humanoidState":5,"_cameraCFrame":[778.572,248.386,47.167,0.006,-0.907,0.421,0,0.421,0.907,-1,-0.005,0.003],"_shiftlockState":false,"_pose":"FreeFall","_animationQueue":[],"_animationSpeed":1,"_zoom":18.938},{"_mousePosition":[869,326],"_rootPartCFrame":[770.445,229.819,47.121,-0.006,0,1,0,1,0,-1,0,-0.006],"_humanoidState":5,"_cameraCFrame":[778.25,248.573,47.184,0.008,-0.911,0.412,0,0.412,0.911,-1,-0.007,0.003],"_shiftlockState":false,"_pose":"FreeFall","_animationQueue":[],"_animationSpeed":1,"_zoom":18.938},{"_mousePosition":[869,326],"_rootPartCFrame":[770.236,229.935,47.124,-0.006,0,1,0,1,0,-1,0,-0.006],"_humanoidState":5,"_cameraCFrame":[777.874,248.764,47.194,0.009,-0.915,0.403,0,0.403,0.915,-1,-0.008,0.004],"_shiftlockState":false,"_pose":"FreeFall","_animationQueue":[],"_animationSpeed":1,"_zoom":18.938},{"_mousePosition":[869,326],"_rootPartCFrame":[770.14,229.964,47.126,-0.006,0,1,0,1,0,-1,0,-0.006],"_humanoidState":5,"_cameraCFrame":[777.638,248.854,47.21,0.011,-0.918,0.396,0,0.396,0.918,-1,-0.01,0.004],"_shiftlockState":false,"_pose":"FreeFall","_animationQueue":[],"_animationSpeed":1,"_zoom":18.938},{"_mousePosition":[869,326],"_rootPartCFrame":[770.048,229.955,47.127,-0.006,0,1,0,1,0,-1,0,-0.006],"_humanoidState":5,"_cameraCFrame":[777.39,248.911,47.225,0.013,-0.922,0.388,0,0.388,0.922,-1,-0.012,0.005],"_shiftlockState":false,"_pose":"FreeFall","_animationQueue":[],"_animationSpeed":1,"_zoom":18.938},{"_mousePosition":[869,326],"_rootPartCFrame":[769.913,229.867,47.128,-0.004,0,1,0,1,0,-1,0,-0.004],"_humanoidState":5,"_cameraCFrame":[777.114,248.882,47.254,0.018,-0.925,0.38,0,0.38,0.925,-1,-0.016,0.007],"_shiftlockState":false,"_pose":"FreeFall","_animationQueue":[["fall",0.3]],"_animationSpeed":1,"_zoom":18.938},{"_mousePosition":[869,326],"_rootPartCFrame":[769.802,229.773,47.128,-0.003,0,1,0,1,0,-1,0,-0.003],"_humanoidState":5,"_cameraCFrame":[776.847,248.851,47.295,0.024,-0.928,0.372,0,0.372,0.928,-1,-0.022,0.009],"_shiftlockState":false,"_pose":"FreeFall","_animationQueue":[],"_animationSpeed":1,"_zoom":18.938},{"_mousePosition":[869,326],"_rootPartCFrame":[769.568,229.549,47.125,0.001,0,1,0,1,0,-1,0,0.001],"_humanoidState":5,"_cameraCFrame":[776.527,248.661,47.327,0.029,-0.93,0.367,0,0.368,0.93,-1,-0.027,0.011],"_shiftlockState":false,"_pose":"FreeFall","_animationQueue":[],"_animationSpeed":1,"_zoom":18.938},{"_mousePosition":[869,326],"_rootPartCFrame":[769.398,229.374,47.122,0.003,0,1,0,1,0,-1,0,0.003],"_humanoidState":5,"_cameraCFrame":[776.328,248.497,47.331,0.03,-0.93,0.366,0,0.366,0.931,-1,-0.028,0.011],"_shiftlockState":false,"_pose":"FreeFall","_animationQueue":[],"_animationSpeed":1,"_zoom":18.938},{"_mousePosition":[869,326],"_rootPartCFrame":[769.14,229.092,47.116,0.006,0,1,0,1,0,-1,0,0.006],"_humanoidState":5,"_cameraCFrame":[776.07,248.215,47.324,0.03,-0.93,0.366,0,0.366,0.931,-1,-0.028,0.011],"_shiftlockState":false,"_pose":"FreeFall","_animationQueue":[],"_animationSpeed":1,"_zoom":18.938},{"_mousePosition":[869,326],"_rootPartCFrame":[768.874,228.756,47.108,0.009,0,1,0,1,0,-1,0,0.009],"_humanoidState":5,"_cameraCFrame":[775.804,247.879,47.316,0.03,-0.93,0.366,0,0.366,0.931,-1,-0.028,0.011],"_shiftlockState":false,"_pose":"FreeFall","_animationQueue":[],"_animationSpeed":1,"_zoom":18.938},{"_mousePosition":[869,326],"_rootPartCFrame":[768.607,228.365,47.1,0.012,0,1,0,1,0,-1,0,0.012],"_humanoidState":5,"_cameraCFrame":[775.537,247.488,47.308,0.03,-0.93,0.366,0,0.366,0.931,-1,-0.028,0.011],"_shiftlockState":false,"_pose":"FreeFall","_animationQueue":[],"_animationSpeed":1,"_zoom":18.938},{"_mousePosition":[869,326],"_rootPartCFrame":[768.341,227.92,47.092,0.015,0,1,0,1,0,-1,0,0.015],"_humanoidState":5,"_cameraCFrame":[775.271,247.043,47.3,0.03,-0.93,0.366,0,0.366,0.931,-1,-0.028,0.011],"_shiftlockState":false,"_pose":"FreeFall","_animationQueue":[["fall",0.3]],"_animationSpeed":1,"_zoom":18.938},{"_mousePosition":[869,326],"_rootPartCFrame":[768.074,227.421,47.084,0.017,0,1,0,1,0,-1,0,0.017],"_humanoidState":5,"_cameraCFrame":[775.004,246.544,47.292,0.03,-0.93,0.366,0,0.366,0.931,-1,-0.028,0.011],"_shiftlockState":false,"_pose":"FreeFall","_animationQueue":[],"_animationSpeed":1,"_zoom":18.938},{"_mousePosition":[869,326],"_rootPartCFrame":[767.808,226.867,47.076,0.019,0,1,0,1,0,-1,0,0.019],"_humanoidState":5,"_cameraCFrame":[774.738,245.989,47.284,0.03,-0.93,0.366,0,0.366,0.931,-1,-0.028,0.011],"_shiftlockState":false,"_pose":"FreeFall","_animationQueue":[],"_animationSpeed":1,"_zoom":18.938},{"_mousePosition":[869,326],"_rootPartCFrame":[767.541,226.258,47.068,0.02,0,1,0,1,0,-1,0,0.02],"_humanoidState":5,"_cameraCFrame":[774.471,245.381,47.276,0.03,-0.93,0.366,0,0.366,0.931,-1,-0.028,0.011],"_shiftlockState":false,"_pose":"FreeFall","_animationQueue":[],"_animationSpeed":1,"_zoom":18.938},{"_mousePosition":[869,326],"_rootPartCFrame":[767.274,225.595,47.06,0.022,0,1,0,1,0,-1,0,0.022],"_humanoidState":5,"_cameraCFrame":[774.204,244.718,47.268,0.03,-0.93,0.366,0,0.366,0.931,-1,-0.028,0.011],"_shiftlockState":false,"_pose":"FreeFall","_animationQueue":[],"_animationSpeed":1,"_zoom":18.938},{"_mousePosition":[869,326],"_rootPartCFrame":[767.008,224.877,47.052,0.023,0,1,0,1,0,-1,0,0.023],"_humanoidState":5,"_cameraCFrame":[773.938,244,47.26,0.03,-0.93,0.366,0,0.366,0.931,-1,-0.028,0.011],"_shiftlockState":false,"_pose":"FreeFall","_animationQueue":[],"_animationSpeed":1,"_zoom":18.938},{"_mousePosition":[869,326],"_rootPartCFrame":[766.741,224.105,47.044,0.024,0,1,0,1,0,-1,0,0.024],"_humanoidState":5,"_cameraCFrame":[773.671,243.228,47.252,0.03,-0.93,0.366,0,0.366,0.931,-1,-0.028,0.011],"_shiftlockState":false,"_pose":"FreeFall","_animationQueue":[["fall",0.3]],"_animationSpeed":1,"_zoom":18.938},{"_mousePosition":[869,326],"_rootPartCFrame":[766.475,223.279,47.035,0.025,0,1,0,1,0,-1,0,0.025],"_humanoidState":5,"_cameraCFrame":[773.405,242.401,47.244,0.03,-0.93,0.366,0,0.366,0.931,-1,-0.028,0.011],"_shiftlockState":false,"_pose":"FreeFall","_animationQueue":[],"_animationSpeed":1,"_zoom":18.938},{"_mousePosition":[869,326],"_rootPartCFrame":[766.141,222.454,47.025,0.026,0,1,0,1,0,-1,0,0.026],"_humanoidState":7,"_cameraCFrame":[773.072,241.577,47.22,0.028,-0.93,0.366,0,0.366,0.931,-1,-0.026,0.01],"_shiftlockState":false,"_pose":"FreeFall","_animationQueue":[["walk",0.1],["fall",0.3],["fall",0.3]],"_animationSpeed":1,"_zoom":18.938},{"_mousePosition":[869,326],"_rootPartCFrame":[765.941,222.459,47.019,0.026,0,1,0,1,0,-1,0,0.026],"_humanoidState":7,"_cameraCFrame":[772.783,241.615,45.246,-0.003,-0.932,0.362,0,0.362,0.932,-1,0.003,-0.001],"_shiftlockState":true,"_pose":"FreeFall","_animationQueue":[],"_animationSpeed":1,"_zoom":18.938},{"_mousePosition":[683,384],"_rootPartCFrame":[765.542,222.585,47.008,-0.003,0,1,0,1,0,-1,0,-0.003],"_humanoidState":8,"_cameraCFrame":[772.383,241.742,45.235,-0.003,-0.932,0.362,0,0.362,0.932,-1,0.003,-0.001],"_shiftlockState":true,"_pose":"Running","_animationQueue":[["walk",0.1],["fall",0.3],["walk",0.1]],"_animationSpeed":1.103,"_zoom":18.938},{"_mousePosition":[683,384],"_rootPartCFrame":[765.342,222.627,47.008,-0.003,0,1,0,1,0,-1,0,-0.003],"_humanoidState":8,"_cameraCFrame":[771.485,241.939,44.418,-0.133,-0.932,0.337,0,0.34,0.941,-0.991,0.125,-0.045],"_shiftlockState":true,"_pose":"Running","_animationQueue":[],"_animationSpeed":1.103,"_zoom":18.938},{"_mousePosition":[683,384],"_rootPartCFrame":[765.075,222.66,47.008,-0.139,0,0.99,0,1,0,-0.99,0,-0.139],"_humanoidState":8,"_cameraCFrame":[770.082,242.179,43.553,-0.307,-0.905,0.293,0,0.308,0.951,-0.952,0.292,-0.095],"_shiftlockState":true,"_pose":"Running","_animationQueue":[["walk",0.1]],"_animationSpeed":1.103,"_zoom":18.938},{"_mousePosition":[683,384],"_rootPartCFrame":[764.81,222.678,47.039,-0.317,0,0.948,0,1,0,-0.948,0,-0.317],"_humanoidState":8,"_cameraCFrame":[768.355,242.371,42.78,-0.527,-0.816,0.236,0,0.278,0.961,-0.85,0.506,-0.146],"_shiftlockState":true,"_pose":"Running","_animationQueue":[],"_animationSpeed":1.103,"_zoom":18.938},{"_mousePosition":[683,384],"_rootPartCFrame":[764.505,222.689,46.935,-0.542,0,0.84,0,1,0,-0.84,0,-0.542],"_humanoidState":8,"_cameraCFrame":[766.804,242.477,42.247,-0.698,-0.691,0.186,0,0.26,0.966,-0.716,0.674,-0.181],"_shiftlockState":true,"_pose":"Running","_animationQueue":[],"_animationSpeed":1.103,"_zoom":18.938},{"_mousePosition":[683,384],"_rootPartCFrame":[764.314,222.693,46.881,-0.706,0,0.708,0,1,0,-0.708,0,-0.706],"_humanoidState":8,"_cameraCFrame":[765.361,242.546,42.008,-0.842,-0.523,0.133,0,0.246,0.969,-0.54,0.816,-0.207],"_shiftlockState":true,"_pose":"Running","_animationQueue":[],"_animationSpeed":1.103,"_zoom":18.938},{"_mousePosition":[683,384],"_rootPartCFrame":[763.982,222.696,46.868,-0.851,0,0.525,0,1,0,-0.525,0,-0.851],"_humanoidState":8,"_cameraCFrame":[764.261,242.538,41.849,-0.917,-0.387,0.099,0,0.249,0.969,-0.4,0.888,-0.228],"_shiftlockState":true,"_pose":"Running","_animationQueue":[],"_animationSpeed":1.103,"_zoom":18.938},{"_mousePosition":[683,384],"_rootPartCFrame":[763.785,222.697,46.902,-0.92,0,0.392,0,1,0,-0.392,0,-0.92],"_humanoidState":8,"_cameraCFrame":[763.412,242.424,41.486,-0.967,-0.247,0.07,0,0.271,0.962,-0.257,0.93,-0.262],"_shiftlockState":true,"_pose":"Running","_animationQueue":[],"_animationSpeed":1.103,"_zoom":18.938},{"_mousePosition":[683,384],"_rootPartCFrame":[763.475,222.698,46.819,-0.97,0,0.245,0,1,0,-0.245,0,-0.97],"_humanoidState":8,"_cameraCFrame":[762.808,242.34,41.15,-0.981,-0.185,0.055,0,0.287,0.958,-0.193,0.94,-0.281],"_shiftlockState":true,"_pose":"Running","_animationQueue":[["walk",0.1]],"_animationSpeed":1.103,"_zoom":18.938},{"_mousePosition":[683,384],"_rootPartCFrame":[763.283,222.699,46.762,-0.982,0,0.191,0,1,0,-0.191,0,-0.982],"_humanoidState":8,"_cameraCFrame":[762.516,242.287,40.938,-0.985,-0.163,0.051,0,0.296,0.955,-0.171,0.941,-0.292],"_shiftlockState":true,"_pose":"Running","_animationQueue":[],"_animationSpeed":1.103,"_zoom":18.938},{"_mousePosition":[683,384],"_rootPartCFrame":[763.022,222.699,46.708,-0.985,0,0.17,0,1,0,-0.17,0,-0.985],"_humanoidState":8,"_cameraCFrame":[762.267,242.264,40.812,-0.985,-0.163,0.051,0,0.3,0.954,-0.171,0.94,-0.296],"_shiftlockState":true,"_pose":"Running","_animationQueue":[],"_animationSpeed":1.103,"_zoom":18.938},{"_mousePosition":[683,384],"_rootPartCFrame":[762.76,222.699,46.662,-0.985,0,0.171,0,1,0,-0.171,0,-0.985],"_humanoidState":8,"_cameraCFrame":[762.005,242.265,40.766,-0.985,-0.163,0.051,0,0.3,0.954,-0.171,0.94,-0.296],"_shiftlockState":true,"_pose":"Running","_animationQueue":[],"_animationSpeed":1.103,"_zoom":18.938},{"_mousePosition":[683,384],"_rootPartCFrame":[762.497,222.699,46.616,-0.985,0,0.171,0,1,0,-0.171,0,-0.985],"_humanoidState":8,"_cameraCFrame":[761.742,242.265,40.72,-0.985,-0.163,0.051,0,0.3,0.954,-0.171,0.94,-0.296],"_shiftlockState":true,"_pose":"Running","_animationQueue":[],"_animationSpeed":1.103,"_zoom":18.938},{"_mousePosition":[683,384],"_rootPartCFrame":[762.234,222.699,46.571,-0.985,0,0.171,0,1,0,-0.171,0,-0.985],"_humanoidState":8,"_cameraCFrame":[761.479,242.265,40.675,-0.985,-0.163,0.051,0,0.3,0.954,-0.171,0.94,-0.296],"_shiftlockState":true,"_pose":"Running","_animationQueue":[],"_animationSpeed":1.103,"_zoom":18.938},{"_mousePosition":[683,384],"_rootPartCFrame":[761.972,222.699,46.525,-0.985,0,0.171,0,1,0,-0.171,0,-0.985],"_humanoidState":8,"_cameraCFrame":[761.217,242.265,40.629,-0.985,-0.163,0.051,0,0.3,0.954,-0.171,0.94,-0.296],"_shiftlockState":true,"_pose":"Running","_animationQueue":[],"_animationSpeed":1.103,"_zoom":18.938},{"_mousePosition":[683,384],"_rootPartCFrame":[761.709,222.699,46.48,-0.985,0,0.171,0,1,0,-0.171,0,-0.985],"_humanoidState":8,"_cameraCFrame":[760.954,242.265,40.584,-0.985,-0.163,0.051,0,0.3,0.954,-0.171,0.94,-0.296],"_shiftlockState":true,"_pose":"Running","_animationQueue":[["walk",0.1]],"_animationSpeed":1.103,"_zoom":18.938},{"_mousePosition":[683,384],"_rootPartCFrame":[761.446,222.699,46.434,-0.985,0,0.171,0,1,0,-0.171,0,-0.985],"_humanoidState":8,"_cameraCFrame":[760.691,242.265,40.538,-0.985,-0.163,0.051,0,0.3,0.954,-0.171,0.94,-0.296],"_shiftlockState":true,"_pose":"Running","_animationQueue":[],"_animationSpeed":1.103,"_zoom":18.938},{"_mousePosition":[683,384],"_rootPartCFrame":[761.184,222.699,46.389,-0.985,0,0.171,0,1,0,-0.171,0,-0.985],"_humanoidState":8,"_cameraCFrame":[760.429,242.265,40.493,-0.985,-0.163,0.051,0,0.3,0.954,-0.171,0.94,-0.296],"_shiftlockState":true,"_pose":"Running","_animationQueue":[],"_animationSpeed":1.103,"_zoom":18.938},{"_mousePosition":[683,384],"_rootPartCFrame":[760.921,222.699,46.343,-0.985,0,0.171,0,1,0,-0.171,0,-0.985],"_humanoidState":8,"_cameraCFrame":[760.166,242.265,40.447,-0.985,-0.163,0.051,0,0.3,0.954,-0.171,0.94,-0.296],"_shiftlockState":true,"_pose":"Running","_animationQueue":[],"_animationSpeed":1.103,"_zoom":18.938},{"_mousePosition":[683,384],"_rootPartCFrame":[760.658,222.699,46.298,-0.985,0,0.171,0,1,0,-0.171,0,-0.985],"_humanoidState":8,"_cameraCFrame":[759.903,242.265,40.402,-0.985,-0.163,0.051,0,0.3,0.954,-0.171,0.94,-0.296],"_shiftlockState":true,"_pose":"Running","_animationQueue":[],"_animationSpeed":1.103,"_zoom":18.938},{"_mousePosition":[683,384],"_rootPartCFrame":[760.396,222.699,46.252,-0.985,0,0.171,0,1,0,-0.171,0,-0.985],"_humanoidState":8,"_cameraCFrame":[759.64,242.265,40.356,-0.985,-0.163,0.051,0,0.3,0.954,-0.171,0.94,-0.296],"_shiftlockState":true,"_pose":"Running","_animationQueue":[],"_animationSpeed":1.103,"_zoom":18.938},{"_mousePosition":[683,384],"_rootPartCFrame":[760.133,222.699,46.207,-0.985,0,0.171,0,1,0,-0.171,0,-0.985],"_humanoidState":8,"_cameraCFrame":[759.318,242.26,40.304,-0.987,-0.153,0.048,0,0.301,0.954,-0.16,0.941,-0.297],"_shiftlockState":true,"_pose":"Running","_animationQueue":[],"_animationSpeed":1.103,"_zoom":18.938},{"_mousePosition":[683,384],"_rootPartCFrame":[759.87,222.699,46.161,-0.987,0,0.16,0,1,0,-0.16,0,-0.987],"_humanoidState":8,"_cameraCFrame":[758.82,242.265,40.31,-0.993,-0.115,0.036,0,0.3,0.954,-0.121,0.947,-0.298],"_shiftlockState":true,"_pose":"Running","_animationQueue":[["walk",0.1]],"_animationSpeed":1.103,"_zoom":18.938},{"_mousePosition":[683,384],"_rootPartCFrame":[759.607,222.699,46.118,-0.993,0,0.121,0,1,0,-0.121,0,-0.993],"_humanoidState":8,"_cameraCFrame":[758.409,242.288,40.367,-0.995,-0.093,0.029,0,0.296,0.955,-0.097,0.951,-0.295],"_shiftlockState":true,"_pose":"Running","_animationQueue":[],"_animationSpeed":1.103,"_zoom":18.938},{"_mousePosition":[683,384],"_rootPartCFrame":[759.342,222.699,46.085,-0.995,0,0.097,0,1,0,-0.097,0,-0.995],"_humanoidState":8,"_cameraCFrame":[758.127,242.306,40.394,-0.995,-0.091,0.028,0,0.293,0.956,-0.095,0.952,-0.292],"_shiftlockState":true,"_pose":"Running","_animationQueue":[],"_animationSpeed":1.103,"_zoom":18.938},{"_mousePosition":[683,384],"_rootPartCFrame":[759.077,222.699,46.059,-0.995,0,0.095,0,1,0,-0.095,0,-0.995],"_humanoidState":8,"_cameraCFrame":[757.853,242.332,40.455,-0.995,-0.091,0.027,0,0.288,0.958,-0.095,0.953,-0.287],"_shiftlockState":true,"_pose":"Running","_animationQueue":[],"_animationSpeed":1.103,"_zoom":18.938},{"_mousePosition":[683,384],"_rootPartCFrame":[758.812,222.699,46.033,-0.995,0,0.095,0,1,0,-0.095,0,-0.995],"_humanoidState":8,"_cameraCFrame":[757.583,242.345,40.474,-0.995,-0.091,0.027,0,0.286,0.958,-0.095,0.954,-0.285],"_shiftlockState":true,"_pose":"Running","_animationQueue":[],"_animationSpeed":1.103,"_zoom":18.938},{"_mousePosition":[683,384],"_rootPartCFrame":[758.546,222.699,46.008,-0.995,0,0.095,0,1,0,-0.095,0,-0.995],"_humanoidState":8,"_cameraCFrame":[757.32,242.358,40.491,-0.995,-0.092,0.027,0,0.284,0.959,-0.096,0.954,-0.282],"_shiftlockState":true,"_pose":"Running","_animationQueue":[],"_animationSpeed":1.103,"_zoom":18.938},{"_mousePosition":[683,384],"_rootPartCFrame":[758.148,222.699,45.97,-0.995,0,0.096,0,1,0,-0.096,0,-0.995],"_humanoidState":8,"_cameraCFrame":[756.923,242.371,40.495,-0.995,-0.093,0.027,0,0.281,0.96,-0.097,0.955,-0.28],"_shiftlockState":true,"_pose":"Running","_animationQueue":[["walk",0.1]],"_animationSpeed":1.103,"_zoom":18.938},{"_mousePosition":[683,384],"_rootPartCFrame":[757.949,222.699,45.951,-0.995,0,0.097,0,1,0,-0.097,0,-0.995],"_humanoidState":8,"_cameraCFrame":[756.728,242.376,40.489,-0.995,-0.094,0.028,0,0.281,0.96,-0.098,0.955,-0.279],"_shiftlockState":true,"_pose":"Running","_animationQueue":[],"_animationSpeed":1.103,"_zoom":18.938},{"_mousePosition":[683,384],"_rootPartCFrame":[757.683,222.699,45.925,-0.995,0,0.098,0,1,0,-0.098,0,-0.995],"_humanoidState":8,"_cameraCFrame":[756.463,242.376,40.464,-0.995,-0.094,0.028,0,0.281,0.96,-0.098,0.955,-0.279],"_shiftlockState":true,"_pose":"Running","_animationQueue":[],"_animationSpeed":1.103,"_zoom":18.938},{"_mousePosition":[683,384],"_rootPartCFrame":[757.418,222.699,45.899,-0.995,0,0.098,0,1,0,-0.098,0,-0.995],"_humanoidState":8,"_cameraCFrame":[756.197,242.376,40.438,-0.995,-0.094,0.028,0,0.281,0.96,-0.098,0.955,-0.279],"_shiftlockState":true,"_pose":"Running","_animationQueue":[],"_animationSpeed":1.103,"_zoom":18.938},{"_mousePosition":[683,384],"_rootPartCFrame":[757.153,222.699,45.873,-0.995,0,0.098,0,1,0,-0.098,0,-0.995],"_humanoidState":8,"_cameraCFrame":[755.932,242.376,40.411,-0.995,-0.094,0.028,0,0.281,0.96,-0.098,0.955,-0.279],"_shiftlockState":true,"_pose":"Running","_animationQueue":[],"_animationSpeed":1.103,"_zoom":18.938},{"_mousePosition":[683,384],"_rootPartCFrame":[756.887,222.699,45.847,-0.995,0,0.098,0,1,0,-0.098,0,-0.995],"_humanoidState":8,"_cameraCFrame":[755.667,242.376,40.385,-0.995,-0.094,0.028,0,0.281,0.96,-0.098,0.955,-0.279],"_shiftlockState":true,"_pose":"Running","_animationQueue":[],"_animationSpeed":1.103,"_zoom":18.938},{"_mousePosition":[683,384],"_rootPartCFrame":[756.555,222.699,45.814,-0.995,0,0.098,0,1,0,-0.098,0,-0.995],"_humanoidState":8,"_cameraCFrame":[755.335,242.376,40.353,-0.995,-0.094,0.028,0,0.281,0.96,-0.098,0.955,-0.279],"_shiftlockState":true,"_pose":"Running","_animationQueue":[],"_animationSpeed":1.103,"_zoom":18.938},{"_mousePosition":[683,384],"_rootPartCFrame":[756.356,222.699,45.794,-0.995,0,0.098,0,1,0,-0.098,0,-0.995],"_humanoidState":8,"_cameraCFrame":[755.136,242.376,40.333,-0.995,-0.094,0.028,0,0.281,0.96,-0.098,0.955,-0.279],"_shiftlockState":true,"_pose":"Running","_animationQueue":[["walk",0.1]],"_animationSpeed":1.103,"_zoom":18.938},{"_mousePosition":[683,384],"_rootPartCFrame":[756.091,222.699,45.768,-0.995,0,0.098,0,1,0,-0.098,0,-0.995],"_humanoidState":8,"_cameraCFrame":[754.87,242.376,40.307,-0.995,-0.094,0.028,0,0.281,0.96,-0.098,0.955,-0.279],"_shiftlockState":true,"_pose":"Running","_animationQueue":[],"_animationSpeed":1.103,"_zoom":18.938},{"_mousePosition":[683,384],"_rootPartCFrame":[755.826,222.699,45.742,-0.995,0,0.098,0,1,0,-0.098,0,-0.995],"_humanoidState":8,"_cameraCFrame":[754.605,242.376,40.281,-0.995,-0.094,0.028,0,0.281,0.96,-0.098,0.955,-0.279],"_shiftlockState":true,"_pose":"Running","_animationQueue":[],"_animationSpeed":1.103,"_zoom":18.938},{"_mousePosition":[683,384],"_rootPartCFrame":[755.56,222.699,45.716,-0.995,0,0.098,0,1,0,-0.098,0,-0.995],"_humanoidState":8,"_cameraCFrame":[754.298,242.38,40.278,-0.996,-0.087,0.025,0,0.28,0.96,-0.091,0.956,-0.279],"_shiftlockState":true,"_pose":"Running","_animationQueue":[],"_animationSpeed":1.103,"_zoom":18.938},{"_mousePosition":[683,384],"_rootPartCFrame":[755.295,222.699,45.69,-0.996,0,0.091,0,1,0,-0.091,0,-0.996],"_humanoidState":8,"_cameraCFrame":[753.991,242.388,40.291,-0.997,-0.08,0.023,0,0.278,0.96,-0.083,0.957,-0.277],"_shiftlockState":true,"_pose":"Running","_animationQueue":[],"_animationSpeed":1.103,"_zoom":18.938},{"_mousePosition":[683,384],"_rootPartCFrame":[755.029,222.699,45.665,-0.997,0,0.083,0,1,0,-0.083,0,-0.997],"_humanoidState":8,"_cameraCFrame":[753.718,242.393,40.282,-0.997,-0.079,0.023,0,0.278,0.961,-0.082,0.957,-0.277],"_shiftlockState":true,"_pose":"Running","_animationQueue":[],"_animationSpeed":1.103,"_zoom":18.938},{"_mousePosition":[683,384],"_rootPartCFrame":[754.764,222.699,45.643,-0.997,0,0.082,0,1,0,-0.082,0,-0.997],"_humanoidState":8,"_cameraCFrame":[753.487,242.393,40.252,-0.996,-0.085,0.025,0,0.278,0.961,-0.089,0.957,-0.276],"_shiftlockState":true,"_pose":"Running","_animationQueue":[],"_animationSpeed":1.103,"_zoom":18.938},{"_mousePosition":[683,384],"_rootPartCFrame":[754.498,222.699,45.621,-0.996,0,0.089,0,1,0,-0.089,0,-0.996],"_humanoidState":8,"_cameraCFrame":[753.269,242.401,40.247,-0.995,-0.094,0.027,0,0.276,0.961,-0.098,0.957,-0.275],"_shiftlockState":true,"_pose":"Running","_animationQueue":[["walk",0.1]],"_animationSpeed":1.103,"_zoom":18.938},{"_mousePosition":[683,384],"_rootPartCFrame":[754.232,222.699,45.597,-0.995,0,0.098,0,1,0,-0.098,0,-0.995],"_humanoidState":8,"_cameraCFrame":[753.037,242.43,40.316,-0.994,-0.102,0.029,0,0.271,0.963,-0.106,0.957,-0.269],"_shiftlockState":true,"_pose":"Running","_animationQueue":[],"_animationSpeed":1.103,"_zoom":18.938},{"_mousePosition":[683,384],"_rootPartCFrame":[753.967,222.692,45.572,-0.994,0,0.106,0,1,0,-0.106,0,-0.994],"_humanoidState":8,"_cameraCFrame":[752.793,242.452,40.385,-0.994,-0.109,0.03,0,0.265,0.964,-0.113,0.958,-0.263],"_shiftlockState":true,"_pose":"Running","_animationQueue":[],"_animationSpeed":1.103,"_zoom":18.938},{"_mousePosition":[683,384],"_rootPartCFrame":[753.702,222.693,45.543,-0.994,0,0.113,0,1,0,-0.113,0,-0.994],"_humanoidState":8,"_cameraCFrame":[752.545,242.476,40.438,-0.993,-0.114,0.031,0,0.26,0.965,-0.118,0.959,-0.259],"_shiftlockState":true,"_pose":"Running","_animationQueue":[],"_animationSpeed":1.103,"_zoom":18.938},{"_mousePosition":[683,384],"_rootPartCFrame":[753.304,222.696,45.499,-0.993,0,0.118,0,1,0,-0.118,0,-0.993],"_humanoidState":8,"_cameraCFrame":[752.16,242.511,40.505,-0.992,-0.119,0.031,0,0.254,0.967,-0.123,0.96,-0.252],"_shiftlockState":true,"_pose":"Running","_animationQueue":[],"_animationSpeed":1.103,"_zoom":18.938},{"_mousePosition":[683,384],"_rootPartCFrame":[753.106,222.697,45.475,-0.992,0,0.123,0,1,0,-0.123,0,-0.992],"_humanoidState":8,"_cameraCFrame":[751.966,242.536,40.566,-0.992,-0.122,0.031,0,0.25,0.968,-0.126,0.961,-0.248],"_shiftlockState":true,"_pose":"Running","_animationQueue":[],"_animationSpeed":1.103,"_zoom":18.938},{"_mousePosition":[683,384],"_rootPartCFrame":[752.841,223.56,45.444,-0.992,0,0.126,0,1,0,-0.126,0,-0.992],"_humanoidState":3,"_cameraCFrame":[751.696,243.417,40.607,-0.992,-0.123,0.031,0,0.246,0.969,-0.127,0.961,-0.244],"_shiftlockState":true,"_pose":"Jumping","_animationQueue":[["walk",0.1],["jump",0.1]],"_animationSpeed":1,"_zoom":18.938},{"_mousePosition":[683,384],"_rootPartCFrame":[752.576,224.369,45.411,-0.976,0,0.218,0,1,0,-0.218,0,-0.976],"_humanoidState":5,"_cameraCFrame":[751.42,244.248,40.661,-0.992,-0.123,0.031,0,0.241,0.971,-0.127,0.963,-0.239],"_shiftlockState":true,"_pose":"FreeFall","_animationQueue":[["jump",0.1]],"_animationSpeed":1,"_zoom":18.938},{"_mousePosition":[683,384],"_rootPartCFrame":[752.312,225.123,45.377,-0.967,0,0.253,0,1,0,-0.253,0,-0.967],"_humanoidState":5,"_cameraCFrame":[751.135,245.024,40.718,-0.992,-0.122,0.03,0,0.236,0.972,-0.125,0.964,-0.234],"_shiftlockState":true,"_pose":"FreeFall","_animationQueue":[],"_animationSpeed":1,"_zoom":18.938},{"_mousePosition":[683,384],"_rootPartCFrame":[752.047,225.822,45.343,-0.967,0,0.255,0,1,0,-0.255,0,-0.967],"_humanoidState":5,"_cameraCFrame":[750.845,245.745,40.776,-0.993,-0.119,0.028,0,0.232,0.973,-0.122,0.966,-0.23],"_shiftlockState":true,"_pose":"FreeFall","_animationQueue":[],"_animationSpeed":1,"_zoom":18.938},{"_mousePosition":[683,384],"_rootPartCFrame":[751.783,226.467,45.309,-0.968,0,0.253,0,1,0,-0.253,0,-0.968],"_humanoidState":5,"_cameraCFrame":[750.551,246.411,40.837,-0.993,-0.115,0.027,0,0.227,0.974,-0.118,0.967,-0.225],"_shiftlockState":true,"_pose":"FreeFall","_animationQueue":[],"_animationSpeed":1,"_zoom":18.938},{"_mousePosition":[683,384],"_rootPartCFrame":[751.518,227.057,45.277,-0.969,0,0.249,0,1,0,-0.249,0,-0.969],"_humanoidState":5,"_cameraCFrame":[750.248,247.022,40.901,-0.994,-0.109,0.025,0,0.222,0.975,-0.112,0.969,-0.221],"_shiftlockState":true,"_pose":"FreeFall","_animationQueue":[],"_animationSpeed":1,"_zoom":18.938},{"_mousePosition":[683,384],"_rootPartCFrame":[751.253,227.593,45.245,-0.97,0,0.243,0,1,0,-0.243,0,-0.97],"_humanoidState":5,"_cameraCFrame":[749.94,247.581,40.982,-0.995,-0.102,0.023,0,0.217,0.976,-0.104,0.971,-0.215],"_shiftlockState":true,"_pose":"FreeFall","_animationQueue":[],"_animationSpeed":1,"_zoom":18.938},{"_mousePosition":[683,384],"_rootPartCFrame":[750.988,228.075,45.215,-0.972,0,0.235,0,1,0,-0.235,0,-0.972],"_humanoidState":5,"_cameraCFrame":[749.621,248.085,41.07,-0.996,-0.092,0.02,0,0.211,0.977,-0.094,0.973,-0.21],"_shiftlockState":true,"_pose":"FreeFall","_animationQueue":[],"_animationSpeed":1,"_zoom":18.938},{"_mousePosition":[683,384],"_rootPartCFrame":[750.723,228.501,45.187,-0.974,0,0.225,0,1,0,-0.225,0,-0.974],"_humanoidState":5,"_cameraCFrame":[749.295,248.534,41.164,-0.997,-0.08,0.017,0,0.206,0.979,-0.081,0.975,-0.205],"_shiftlockState":true,"_pose":"FreeFall","_animationQueue":[],"_animationSpeed":1,"_zoom":18.938},{"_mousePosition":[683,384],"_rootPartCFrame":[750.391,228.958,45.155,-0.969,0,0.245,0,1,0,-0.245,0,-0.969],"_humanoidState":5,"_cameraCFrame":[748.913,249.004,41.208,-0.998,-0.068,0.014,0,0.202,0.979,-0.07,0.977,-0.202],"_shiftlockState":true,"_pose":"FreeFall","_animationQueue":[],"_animationSpeed":1,"_zoom":18.938},{"_mousePosition":[683,384],"_rootPartCFrame":[750.192,229.192,45.139,-0.986,0,0.169,0,1,0,-0.169,0,-0.986],"_humanoidState":5,"_cameraCFrame":[748.665,249.249,41.269,-0.998,-0.057,0.012,0,0.199,0.98,-0.058,0.978,-0.199],"_shiftlockState":true,"_pose":"FreeFall","_animationQueue":[],"_animationSpeed":1,"_zoom":18.938},{"_mousePosition":[683,384],"_rootPartCFrame":[749.859,229.512,45.115,-0.975,0,0.223,0,1,0,-0.223,0,-0.975],"_humanoidState":5,"_cameraCFrame":[748.299,249.576,41.288,-0.999,-0.049,0.01,0,0.198,0.98,-0.05,0.979,-0.197],"_shiftlockState":true,"_pose":"FreeFall","_animationQueue":[],"_animationSpeed":1,"_zoom":18.938},{"_mousePosition":[683,384],"_rootPartCFrame":[749.66,229.664,45.103,-0.989,0,0.149,0,1,0,-0.149,0,-0.989],"_humanoidState":5,"_cameraCFrame":[748.074,249.734,41.315,-0.999,-0.043,0.009,0,0.196,0.981,-0.044,0.98,-0.196],"_shiftlockState":true,"_pose":"FreeFall","_animationQueue":[],"_animationSpeed":1,"_zoom":18.938},{"_mousePosition":[683,384],"_rootPartCFrame":[749.394,229.818,45.089,-0.984,0,0.176,0,1,0,-0.176,0,-0.984],"_humanoidState":5,"_cameraCFrame":[747.787,249.894,41.34,-0.999,-0.038,0.007,0,0.195,0.981,-0.038,0.98,-0.194],"_shiftlockState":true,"_pose":"FreeFall","_animationQueue":[],"_animationSpeed":1,"_zoom":18.938},{"_mousePosition":[683,384],"_rootPartCFrame":[749.127,229.918,45.077,-0.985,0,0.171,0,1,0,-0.171,0,-0.985],"_humanoidState":5,"_cameraCFrame":[747.505,249.653,41.431,-0.999,-0.035,0.007,0,0.193,0.981,-0.035,0.981,-0.193],"_shiftlockState":true,"_pose":"FreeFall","_animationQueue":[],"_animationSpeed":1,"_zoom":14.75},{"_mousePosition":[683,384],"_rootPartCFrame":[748.861,229.964,45.067,-0.986,0,0.168,0,1,0,-0.168,0,-0.986],"_humanoidState":5,"_cameraCFrame":[747.226,248.936,41.589,-0.999,-0.033,0.006,0,0.192,0.981,-0.033,0.981,-0.192],"_shiftlockState":true,"_pose":"FreeFall","_animationQueue":[],"_animationSpeed":1,"_zoom":14.75},{"_mousePosition":[683,384],"_rootPartCFrame":[748.528,229.944,45.055,-0.98,0,0.198,0,1,0,-0.198,0,-0.98],"_humanoidState":5,"_cameraCFrame":[746.881,248.332,41.695,-1,-0.031,0.006,0,0.192,0.981,-0.031,0.981,-0.192],"_shiftlockState":true,"_pose":"FreeFall","_animationQueue":[],"_animationSpeed":1,"_zoom":14.75},{"_mousePosition":[683,384],"_rootPartCFrame":[748.328,229.891,45.048,-0.991,0,0.131,0,1,0,-0.131,0,-0.991],"_humanoidState":5,"_cameraCFrame":[746.671,247.689,41.807,-1,-0.029,0.006,0,0.192,0.981,-0.029,0.981,-0.192],"_shiftlockState":true,"_pose":"FreeFall","_animationQueue":[],"_animationSpeed":1,"_zoom":14.75},{"_mousePosition":[683,384],"_rootPartCFrame":[748.061,229.773,45.04,-0.987,0,0.162,0,1,0,-0.162,0,-0.987],"_humanoidState":5,"_cameraCFrame":[746.388,247.067,41.917,-1,-0.024,0.005,0,0.191,0.982,-0.025,0.981,-0.191],"_shiftlockState":true,"_pose":"FreeFall","_animationQueue":[],"_animationSpeed":1,"_zoom":14.75},{"_mousePosition":[683,384],"_rootPartCFrame":[747.794,229.6,45.032,-0.988,0,0.157,0,1,0,-0.157,0,-0.988],"_humanoidState":5,"_cameraCFrame":[746.1,246.514,42.02,-1,-0.018,0.004,0,0.19,0.982,-0.019,0.982,-0.19],"_shiftlockState":true,"_pose":"FreeFall","_animationQueue":[],"_animationSpeed":1,"_zoom":14.75},{"_mousePosition":[683,384],"_rootPartCFrame":[747.528,229.373,45.025,-0.988,0,0.151,0,1,0,-0.151,0,-0.988],"_humanoidState":5,"_cameraCFrame":[745.811,246.008,42.105,-1,-0.011,0.002,0,0.188,0.982,-0.011,0.982,-0.188],"_shiftlockState":true,"_pose":"FreeFall","_animationQueue":[["fall",0.3]],"_animationSpeed":1,"_zoom":14.75},{"_mousePosition":[683,384],"_rootPartCFrame":[747.261,229.092,45.02,-0.99,0,0.144,0,1,0,-0.144,0,-0.99],"_humanoidState":5,"_cameraCFrame":[745.528,245.536,42.158,-1,-0.006,0.001,0,0.187,0.982,-0.006,0.982,-0.187],"_shiftlockState":true,"_pose":"FreeFall","_animationQueue":[],"_animationSpeed":1,"_zoom":14.75},{"_mousePosition":[683,384],"_rootPartCFrame":[746.995,228.755,45.017,-0.99,0,0.139,0,1,0,-0.139,0,-0.99],"_humanoidState":5,"_cameraCFrame":[745.256,245.064,42.196,-1,-0.004,0.001,0,0.187,0.982,-0.004,0.982,-0.187],"_shiftlockState":true,"_pose":"FreeFall","_animationQueue":[],"_animationSpeed":1,"_zoom":14.75},{"_mousePosition":[683,384],"_rootPartCFrame":[746.728,228.365,45.015,-0.991,0,0.137,0,1,0,-0.137,0,-0.991],"_humanoidState":5,"_cameraCFrame":[744.986,244.57,42.216,-1,-0.003,0.001,0,0.187,0.982,-0.003,0.982,-0.187],"_shiftlockState":true,"_pose":"FreeFall","_animationQueue":[],"_animationSpeed":1,"_zoom":14.75},{"_mousePosition":[683,384],"_rootPartCFrame":[746.461,227.92,45.014,-0.991,0,0.136,0,1,0,-0.136,0,-0.991],"_humanoidState":5,"_cameraCFrame":[744.719,244.055,42.228,-1,-0.003,0.001,0,0.187,0.982,-0.003,0.982,-0.187],"_shiftlockState":true,"_pose":"FreeFall","_animationQueue":[],"_animationSpeed":1,"_zoom":14.75},{"_mousePosition":[683,384],"_rootPartCFrame":[746.195,227.42,45.013,-0.991,0,0.136,0,1,0,-0.136,0,-0.991],"_humanoidState":5,"_cameraCFrame":[744.453,243.507,42.237,-1,-0.003,0.001,0,0.187,0.982,-0.003,0.982,-0.187],"_shiftlockState":true,"_pose":"FreeFall","_animationQueue":[],"_animationSpeed":1,"_zoom":14.75},{"_mousePosition":[683,384],"_rootPartCFrame":[745.928,226.866,45.012,-0.991,0,0.136,0,1,0,-0.136,0,-0.991],"_humanoidState":5,"_cameraCFrame":[744.186,242.922,42.242,-1,-0.003,0.001,0,0.187,0.982,-0.003,0.982,-0.187],"_shiftlockState":true,"_pose":"FreeFall","_animationQueue":[],"_animationSpeed":1,"_zoom":14.75},{"_mousePosition":[683,384],"_rootPartCFrame":[745.662,226.257,45.011,-0.991,0,0.136,0,1,0,-0.136,0,-0.991],"_humanoidState":5,"_cameraCFrame":[743.92,242.291,42.245,-1,-0.003,0.001,0,0.187,0.982,-0.003,0.982,-0.187],"_shiftlockState":true,"_pose":"FreeFall","_animationQueue":[["fall",0.3]],"_animationSpeed":1,"_zoom":14.75},{"_mousePosition":[683,384],"_rootPartCFrame":[745.395,225.594,45.01,-0.991,0,0.136,0,1,0,-0.136,0,-0.991],"_humanoidState":5,"_cameraCFrame":[743.662,241.614,42.242,-1,-0.006,0.001,0,0.187,0.982,-0.006,0.982,-0.187],"_shiftlockState":true,"_pose":"FreeFall","_animationQueue":[],"_animationSpeed":1,"_zoom":14.75},{"_mousePosition":[683,384],"_rootPartCFrame":[745.128,224.877,45.01,-0.99,0,0.139,0,1,0,-0.139,0,-0.99],"_humanoidState":5,"_cameraCFrame":[743.421,240.884,42.215,-1,-0.015,0.003,0,0.187,0.982,-0.015,0.982,-0.187],"_shiftlockState":true,"_pose":"FreeFall","_animationQueue":[],"_animationSpeed":1,"_zoom":14.75},{"_mousePosition":[683,384],"_rootPartCFrame":[744.862,224.105,45.008,-0.989,0,0.148,0,1,0,-0.148,0,-0.989],"_humanoidState":5,"_cameraCFrame":[743.193,240.103,42.18,-1,-0.029,0.005,0,0.188,0.982,-0.029,0.982,-0.188],"_shiftlockState":true,"_pose":"FreeFall","_animationQueue":[],"_animationSpeed":1,"_zoom":14.75},{"_mousePosition":[683,384],"_rootPartCFrame":[744.595,223.278,45.005,-0.987,0,0.162,0,1,0,-0.162,0,-0.987],"_humanoidState":5,"_cameraCFrame":[743.001,239.273,42.134,-0.998,-0.054,0.01,0,0.188,0.982,-0.055,0.981,-0.188],"_shiftlockState":true,"_pose":"FreeFall","_animationQueue":[],"_animationSpeed":1,"_zoom":14.75},{"_mousePosition":[683,384],"_rootPartCFrame":[744.329,222.506,44.997,-0.996,0,0.091,0,1,0,-0.091,0,-0.996],"_humanoidState":7,"_cameraCFrame":[742.822,238.498,42.08,-0.996,-0.084,0.016,0,0.188,0.982,-0.085,0.979,-0.188],"_shiftlockState":true,"_pose":"FreeFall","_animationQueue":[["walk",0.1],["fall",0.3],["fall",0