[{"_mousePosition":[598,338],"_rootPartCFrame":[776.023,222.7,47.142,0.003,0,1,0,1,0,-1,0,0.003],"_humanoidState":8,"_cameraCFrame":[776.394,239.662,42.579,-0.997,-0.078,0.023,0,0.284,0.959,-0.081,0.956,-0.283],"_shiftlockState":false,"_pose":"Standing","_animationQueue":[],"_animationSpeed":1,"_zoom":16.125},{"_mousePosition":[598,338],"_rootPartCFrame":[775.777,222.695,47.122,0.014,0,1,0,1,0,-1,0,0.014],"_humanoidState":8,"_cameraCFrame":[776.148,239.657,42.559,-0.997,-0.078,0.023,0,0.284,0.959,-0.081,0.956,-0.283],"_shiftlockState":false,"_pose":"Standing","_animationQueue":[],"_animationSpeed":1,"_zoom":16.125},{"_mousePosition":[598,338],"_rootPartCFrame":[775.512,222.697,47.1,0.023,0,1,0,1,0,-1,0,0.023],"_humanoidState":8,"_cameraCFrame":[775.883,239.659,42.538,-0.997,-0.078,0.023,0,0.284,0.959,-0.081,0.956,-0.283],"_shiftlockState":false,"_pose":"Running","_animationQueue":[["walk",0.1]],"_animationSpeed":1.066,"_zoom":16.125},{"_mousePosition":[598,338],"_rootPartCFrame":[775.246,222.698,47.079,0.031,0,1,0,1,0,-1,0,0.031],"_humanoidState":8,"_cameraCFrame":[775.601,239.677,42.575,-0.997,-0.075,0.022,0,0.28,0.96,-0.078,0.957,-0.279],"_shiftlockState":false,"_pose":"Running","_animationQueue":[],"_animationSpeed":1.066,"_zoom":16.125},{"_mousePosition":[598,338],"_rootPartCFrame":[774.981,222.699,47.057,0.038,0,0.999,0,1,0,-0.999,0,0.038],"_humanoidState":8,"_cameraCFrame":[775.335,239.678,42.554,-0.997,-0.075,0.022,0,0.28,0.96,-0.078,0.957,-0.279],"_shiftlockState":false,"_pose":"Running","_animationQueue":[],"_animationSpeed":1.066,"_zoom":16.125},{"_mousePosition":[598,338],"_rootPartCFrame":[774.715,222.699,47.036,0.043,0,0.999,0,1,0,-0.999,0,0.043],"_humanoidState":8,"_cameraCFrame":[775.069,239.679,42.533,-0.997,-0.075,0.022,0,0.28,0.96,-0.078,0.957,-0.279],"_shiftlockState":false,"_pose":"Running","_animationQueue":[],"_animationSpeed":1.066,"_zoom":16.125},{"_mousePosition":[598,338],"_rootPartCFrame":[774.449,222.699,47.015,0.048,0,0.999,0,1,0,-0.999,0,0.048],"_humanoidState":8,"_cameraCFrame":[774.801,239.688,42.542,-0.997,-0.075,0.022,0,0.278,0.96,-0.078,0.958,-0.277],"_shiftlockState":false,"_pose":"Running","_animationQueue":[],"_animationSpeed":1.066,"_zoom":16.125},{"_mousePosition":[598,338],"_rootPartCFrame":[774.183,222.7,46.994,0.052,0,0.999,0,1,0,-0.999,0,0.052],"_humanoidState":8,"_cameraCFrame":[774.522,239.696,42.55,-0.997,-0.073,0.021,0,0.276,0.961,-0.076,0.958,-0.276],"_shiftlockState":false,"_pose":"Running","_animationQueue":[],"_animationSpeed":1.066,"_zoom":16.125},{"_mousePosition":[598,338],"_rootPartCFrame":[773.917,222.7,46.974,0.056,0,0.998,0,1,0,-0.998,0,0.056],"_humanoidState":8,"_cameraCFrame":[774.242,239.705,42.559,-0.997,-0.071,0.02,0,0.275,0.962,-0.073,0.959,-0.274],"_shiftlockState":false,"_pose":"Running","_animationQueue":[["walk",0.1]],"_animationSpeed":1.066,"_zoom":16.125},{"_mousePosition":[598,338],"_rootPartCFrame":[773.651,222.7,46.953,0.058,0,0.998,0,1,0,-0.998,0,0.058],"_humanoidState":8,"_cameraCFrame":[773.948,239.731,42.627,-0.998,-0.066,0.018,0,0.269,0.963,-0.068,0.961,-0.268],"_shiftlockState":false,"_pose":"Running","_animationQueue":[],"_animationSpeed":1.066,"_zoom":16.125},{"_mousePosition":[598,338],"_rootPartCFrame":[773.385,222.7,46.934,0.061,0,0.998,0,1,0,-0.998,0,0.061],"_humanoidState":8,"_cameraCFrame":[773.643,239.756,42.696,-0.998,-0.059,0.016,0,0.263,0.965,-0.061,0.963,-0.263],"_shiftlockState":false,"_pose":"Running","_animationQueue":[],"_animationSpeed":1.066,"_zoom":16.125},{"_mousePosition":[598,338],"_rootPartCFrame":[773.119,222.7,46.915,0.062,0,0.998,0,1,0,-0.998,0,0.062],"_humanoidState":8,"_cameraCFrame":[773.351,239.78,42.767,-0.998,-0.054,0.014,0,0.258,0.966,-0.056,0.965,-0.257],"_shiftlockState":false,"_pose":"Running","_animationQueue":[],"_animationSpeed":1.066,"_zoom":16.125},{"_mousePosition":[598,338],"_rootPartCFrame":[772.853,222.7,46.899,0.062,0,0.998,0,1,0,-0.998,0,0.062],"_humanoidState":8,"_cameraCFrame":[773.059,239.804,42.841,-0.999,-0.049,0.013,0,0.252,0.968,-0.051,0.966,-0.252],"_shiftlockState":false,"_pose":"Running","_animationQueue":[],"_animationSpeed":1.066,"_zoom":16.125},{"_mousePosition":[598,338],"_rootPartCFrame":[772.587,222.7,46.884,0.061,0,0.998,0,1,0,-0.998,0,0.061],"_humanoidState":8,"_cameraCFrame":[772.77,239.82,42.886,-0.999,-0.044,0.011,0,0.248,0.969,-0.046,0.968,-0.248],"_shiftlockState":false,"_pose":"Running","_animationQueue":[],"_animationSpeed":1.066,"_zoom":16.125},{"_mousePosition":[598,338],"_rootPartCFrame":[772.321,222.7,46.87,0.06,0,0.998,0,1,0,-0.998,0,0.06],"_humanoidState":8,"_cameraCFrame":[772.479,239.843,42.963,-0.999,-0.039,0.01,0,0.243,0.97,-0.041,0.969,-0.242],"_shiftlockState":false,"_pose":"Running","_animationQueue":[],"_animationSpeed":1.066,"_zoom":16.125},{"_mousePosition":[598,338],"_rootPartCFrame":[772.054,222.7,46.858,0.058,0,0.998,0,1,0,-0.998,0,0.058],"_humanoidState":8,"_cameraCFrame":[772.191,239.858,43.01,-0.999,-0.035,0.008,0,0.239,0.971,-0.036,0.97,-0.239],"_shiftlockState":false,"_pose":"Running","_animationQueue":[["walk",0.1]],"_animationSpeed":1.066,"_zoom":16.125},{"_mousePosition":[598,338],"_rootPartCFrame":[771.788,222.7,46.847,0.056,0,0.998,0,1,0,-0.998,0,0.056],"_humanoidState":8,"_cameraCFrame":[771.894,239.873,43.06,-1,-0.027,0.007,0,0.235,0.972,-0.028,0.972,-0.235],"_shiftlockState":false,"_pose":"Running","_animationQueue":[],"_animationSpeed":1.066,"_zoom":16.125},{"_mousePosition":[598,338],"_rootPartCFrame":[771.521,222.7,46.837,0.053,0,0.999,0,1,0,-0.999,0,0.053],"_humanoidState":8,"_cameraCFrame":[771.616,239.888,43.111,-1,-0.025,0.006,0,0.231,0.973,-0.025,0.973,-0.231],"_shiftlockState":false,"_pose":"Running","_animationQueue":[],"_animationSpeed":1.066,"_zoom":16.125},{"_mousePosition":[598,338],"_rootPartCFrame":[771.255,222.7,46.83,0.05,0,0.999,0,1,0,-0.999,0,0.05],"_humanoidState":8,"_cameraCFrame":[771.329,239.902,43.164,-1,-0.02,0.005,0,0.227,0.974,-0.02,0.974,-0.227],"_shiftlockState":false,"_pose":"Running","_animationQueue":[],"_animationSpeed":1.066,"_zoom":16.125},{"_mousePosition":[598,338],"_rootPartCFrame":[770.988,222.7,46.823,0.046,0,0.999,0,1,0,-0.999,0,0.046],"_humanoidState":8,"_cameraCFrame":[771.043,239.916,43.218,-1,-0.015,0.003,0,0.224,0.975,-0.015,0.975,-0.224],"_shiftlockState":false,"_pose":"Running","_animationQueue":[],"_animationSpeed":1.066,"_zoom":16.125},{"_mousePosition":[598,338],"_rootPartCFrame":[770.721,222.7,46.817,0.043,0,0.999,0,1,0,-0.999,0,0.043],"_humanoidState":8,"_cameraCFrame":[770.749,239.93,43.273,-1,-0.008,0.002,0,0.22,0.976,-0.008,0.976,-0.22],"_shiftlockState":false,"_pose":"Running","_animationQueue":[],"_animationSpeed":1.066,"_zoom":16.125},{"_mousePosition":[598,338],"_rootPartCFrame":[770.455,222.7,46.813,0.039,0,0.999,0,1,0,-0.999,0,0.039],"_humanoidState":8,"_cameraCFrame":[770.446,239.951,43.361,-1,0.002,-0.001,0,0.214,0.977,0.002,0.977,-0.214],"_shiftlockState":false,"_pose":"Running","_animationQueue":[["walk",0.1]],"_animationSpeed":1.066,"_zoom":16.125},{"_mousePosition":[598,338],"_rootPartCFrame":[770.255,222.679,46.81,0.037,0,0.999,0,1,0,-0.999,0,0.037],"_humanoidState":8,"_cameraCFrame":[770.238,239.937,43.389,-1,0.005,-0.001,0,0.212,0.977,0.005,0.977,-0.212],"_shiftlockState":false,"_pose":"Running","_animationQueue":[],"_animationSpeed":1.066,"_zoom":16.125},{"_mousePosition":[598,338],"_rootPartCFrame":[769.922,222.577,46.805,0.032,0,0.999,0,1,0,-0.999,0,0.032],"_humanoidState":8,"_cameraCFrame":[768.155,239.835,43.392,-1,0.005,-0.001,0,0.212,0.977,0.005,0.977,-0.212],"_shiftlockState":true,"_pose":"Running","_animationQueue":[],"_animationSpeed":1.066,"_zoom":16.125},{"_mousePosition":[683,384],"_rootPartCFrame":[769.722,222.475,46.802,-1,0,-0.008,0,1,0,0.008,0,-1],"_humanoidState":8,"_cameraCFrame":[767.955,239.733,43.389,-1,0.005,-0.001,0,0.212,0.977,0.005,0.977,-0.212],"_shiftlockState":true,"_pose":"Running","_animationQueue":[],"_animationSpeed":1.066,"_zoom":16.125},{"_mousePosition":[683,384],"_rootPartCFrame":[769.388,223.559,46.797,-1,0,-0.01,0,1,0,0.01,0,-1],"_humanoidState":3,"_cameraCFrame":[767.621,240.816,43.384,-1,0.005,-0.001,0,0.212,0.977,0.005,0.977,-0.212],"_shiftlockState":true,"_pose":"Jumping","_animationQueue":[["walk",0.1],["jump",0.1]],"_animationSpeed":1,"_zoom":16.125},{"_mousePosition":[683,384],"_rootPartCFrame":[769.188,224.17,46.797,-0.998,0,0.057,0,1,0,-0.057,0,-0.998],"_humanoidState":5,"_cameraCFrame":[767.422,241.428,43.385,-1,0.005,-0.001,0,0.212,0.977,0.005,0.977,-0.212],"_shiftlockState":true,"_pose":"FreeFall","_animationQueue":[["jump",0.1]],"_animationSpeed":1,"_zoom":16.125},{"_mousePosition":[683,384],"_rootPartCFrame":[768.922,224.938,46.798,-0.993,0,0.12,0,1,0,-0.12,0,-0.993],"_humanoidState":5,"_cameraCFrame":[767.155,242.195,43.386,-1,0.005,-0.001,0,0.212,0.977,0.005,0.977,-0.212],"_shiftlockState":true,"_pose":"FreeFall","_animationQueue":[],"_animationSpeed":1,"_zoom":16.125},{"_mousePosition":[683,384],"_rootPartCFrame":[768.655,225.651,46.8,-0.992,0,0.127,0,1,0,-0.127,0,-0.992],"_humanoidState":5,"_cameraCFrame":[766.888,242.908,43.387,-1,0.005,-0.001,0,0.212,0.977,0.005,0.977,-0.212],"_shiftlockState":true,"_pose":"FreeFall","_animationQueue":[],"_animationSpeed":1,"_zoom":16.125},{"_mousePosition":[683,384],"_rootPartCFrame":[768.389,226.309,46.801,-0.992,0,0.128,0,1,0,-0.128,0,-0.992],"_humanoidState":5,"_cameraCFrame":[766.622,243.567,43.388,-1,0.005,-0.001,0,0.212,0.977,0.005,0.977,-0.212],"_shiftlockState":true,"_pose":"FreeFall","_animationQueue":[],"_animationSpeed":1,"_zoom":16.125},{"_mousePosition":[683,384],"_rootPartCFrame":[768.122,226.913,46.802,-0.992,0,0.128,0,1,0,-0.128,0,-0.992],"_humanoidState":5,"_cameraCFrame":[766.355,244.171,43.39,-1,0.005,-0.001,0,0.212,0.977,0.005,0.977,-0.212],"_shiftlockState":true,"_pose":"FreeFall","_animationQueue":[],"_animationSpeed":1,"_zoom":16.125},{"_mousePosition":[683,384],"_rootPartCFrame":[767.855,227.463,46.804,-0.992,0,0.128,0,1,0,-0.128,0,-0.992],"_humanoidState":5,"_cameraCFrame":[766.089,244.72,43.391,-1,0.005,-0.001,0,0.212,0.977,0.005,0.977,-0.212],"_shiftlockState":true,"_pose":"FreeFall","_animationQueue":[],"_animationSpeed":1,"_zoom":16.125},{"_mousePosition":[683,384],"_rootPartCFrame":[767.522,228.073,46.805,-0.987,0,0.161,0,1,0,-0.161,0,-0.987],"_humanoidState":5,"_cameraCFrame":[765.755,245.331,43.393,-1,0.005,-0.001,0,0.212,0.977,0.005,0.977,-0.212],"_shiftlockState":true,"_pose":"FreeFall","_animationQueue":[],"_animationSpeed":1,"_zoom":16.125},{"_mousePosition":[683,384],"_rootPartCFrame":[767.322,228.398,46.806,-0.995,0,0.095,0,1,0,-0.095,0,-0.995],"_humanoidState":5,"_cameraCFrame":[765.555,245.656,43.394,-1,0.005,-0.001,0,0.212,0.977,0.005,0.977,-0.212],"_shiftlockState":true,"_pose":"FreeFall","_animationQueue":[],"_animationSpeed":1,"_zoom":16.125},{"_mousePosition":[683,384],"_rootPartCFrame":[767.056,228.784,46.808,-0.992,0,0.128,0,1,0,-0.128,0,-0.992],"_humanoidState":5,"_cameraCFrame":[765.289,246.042,43.395,-1,0.005,-0.001,0,0.212,0.977,0.005,0.977,-0.212],"_shiftlockState":true,"_pose":"FreeFall","_animationQueue":[],"_animationSpeed":1,"_zoom":16.125},{"_mousePosition":[683,384],"_rootPartCFrame":[766.722,229.19,46.809,-0.987,0,0.161,0,1,0,-0.161,0,-0.987],"_humanoidState":5,"_cameraCFrame":[764.955,246.448,43.397,-1,0.005,-0.001,0,0.212,0.977,0.005,0.977,-0.212],"_shiftlockState":true,"_pose":"FreeFall","_animationQueue":[],"_animationSpeed":1,"_zoom":16.125},{"_mousePosition":[683,384],"_rootPartCFrame":[766.522,229.393,46.81,-0.995,0,0.095,0,1,0,-0.095,0,-0.995],"_humanoidState":5,"_cameraCFrame":[764.773,246.651,43.389,-1,0,0,0,0.212,0.977,0,0.977,-0.212],"_shiftlockState":true,"_pose":"FreeFall","_animationQueue":[],"_animationSpeed":1,"_zoom":16.125},{"_mousePosition":[683,384],"_rootPartCFrame":[766.189,229.662,46.812,-0.986,0,0.166,0,1,0,-0.166,0,-0.986],"_humanoidState":5,"_cameraCFrame":[764.457,246.92,43.382,-1,-0.005,0.001,0,0.212,0.977,-0.005,0.977,-0.212],"_shiftlockState":true,"_pose":"FreeFall","_animationQueue":[],"_animationSpeed":1,"_zoom":16.125},{"_mousePosition":[683,384],"_rootPartCFrame":[765.923,229.817,46.812,-0.99,0,0.138,0,1,0,-0.138,0,-0.99],"_humanoidState":5,"_cameraCFrame":[764.199,247.081,43.408,-1,-0.008,0.002,0,0.21,0.978,-0.008,0.978,-0.21],"_shiftlockState":true,"_pose":"FreeFall","_animationQueue":[],"_animationSpeed":1,"_zoom":16.125},{"_mousePosition":[683,384],"_rootPartCFrame":[765.723,229.897,46.811,-0.994,0,0.107,0,1,0,-0.107,0,-0.994],"_humanoidState":5,"_cameraCFrame":[764.016,247.161,43.399,-1,-0.012,0.003,0,0.21,0.978,-0.013,0.978,-0.21],"_shiftlockState":true,"_pose":"FreeFall","_animationQueue":[],"_animationSpeed":1,"_zoom":16.125},{"_mousePosition":[683,384],"_rootPartCFrame":[765.456,229.956,46.809,-0.989,0,0.146,0,1,0,-0.146,0,-0.989],"_humanoidState":5,"_cameraCFrame":[763.767,247.22,43.388,-1,-0.017,0.004,0,0.21,0.978,-0.018,0.977,-0.21],"_shiftlockState":true,"_pose":"FreeFall","_animationQueue":[],"_animationSpeed":1,"_zoom":16.125},{"_mousePosition":[683,384],"_rootPartCFrame":[765.123,229.953,46.805,-0.983,0,0.183,0,1,0,-0.183,0,-0.983],"_humanoidState":5,"_cameraCFrame":[763.45,247.224,43.406,-1,-0.022,0.005,0,0.208,0.978,-0.023,0.978,-0.208],"_shiftlockState":true,"_pose":"FreeFall","_animationQueue":[["fall",0.3]],"_animationSpeed":1,"_zoom":16.125},{"_mousePosition":[683,384],"_rootPartCFrame":[764.923,229.91,46.802,-0.992,0,0.123,0,1,0,-0.123,0,-0.992],"_humanoidState":5,"_cameraCFrame":[763.259,247.181,43.399,-1,-0.025,0.005,0,0.208,0.978,-0.025,0.978,-0.208],"_shiftlockState":true,"_pose":"FreeFall","_animationQueue":[],"_animationSpeed":1,"_zoom":16.125},{"_mousePosition":[683,384],"_rootPartCFrame":[764.656,229.806,46.796,-0.987,0,0.158,0,1,0,-0.158,0,-0.987],"_humanoidState":5,"_cameraCFrame":[763.008,247.083,43.415,-1,-0.03,0.006,0,0.206,0.978,-0.03,0.978,-0.206],"_shiftlockState":true,"_pose":"FreeFall","_animationQueue":[],"_animationSpeed":1,"_zoom":16.125},{"_mousePosition":[683,384],"_rootPartCFrame":[764.323,229.599,46.788,-0.981,0,0.196,0,1,0,-0.196,0,-0.981],"_humanoidState":5,"_cameraCFrame":[762.692,246.876,43.399,-0.999,-0.035,0.007,0,0.206,0.978,-0.036,0.978,-0.206],"_shiftlockState":true,"_pose":"FreeFall","_animationQueue":[],"_animationSpeed":1,"_zoom":16.125},{"_mousePosition":[683,384],"_rootPartCFrame":[764.056,229.371,46.78,-0.986,0,0.168,0,1,0,-0.168,0,-0.986],"_humanoidState":5,"_cameraCFrame":[762.425,246.656,43.421,-0.999,-0.035,0.007,0,0.205,0.979,-0.036,0.978,-0.204],"_shiftlockState":true,"_pose":"FreeFall","_animationQueue":[],"_animationSpeed":1,"_zoom":16.125},{"_mousePosition":[683,384],"_rootPartCFrame":[763.856,229.165,46.773,-0.991,0,0.135,0,1,0,-0.135,0,-0.991],"_humanoidState":5,"_cameraCFrame":[762.242,246.449,43.406,-0.999,-0.04,0.008,0,0.205,0.979,-0.041,0.978,-0.204],"_shiftlockState":true,"_pose":"FreeFall","_animationQueue":[],"_animationSpeed":1,"_zoom":16.125},{"_mousePosition":[683,384],"_rootPartCFrame":[763.59,228.843,46.763,-0.985,0,0.173,0,1,0,-0.173,0,-0.985],"_humanoidState":5,"_cameraCFrame":[761.974,246.133,43.427,-0.999,-0.04,0.008,0,0.203,0.979,-0.041,0.978,-0.202],"_shiftlockState":true,"_pose":"FreeFall","_animationQueue":[],"_animationSpeed":1,"_zoom":16.125},{"_mousePosition":[683,384],"_rootPartCFrame":[763.257,228.363,46.75,-0.979,0,0.206,0,1,0,-0.206,0,-0.979],"_humanoidState":5,"_cameraCFrame":[761.641,245.654,43.414,-0.999,-0.04,0.008,0,0.203,0.979,-0.041,0.978,-0.202],"_shiftlockState":true,"_pose":"FreeFall","_animationQueue":[["fall",0.3]],"_animationSpeed":1,"_zoom":16.125},{"_mousePosition":[683,384],"_rootPartCFrame":[762.991,227.918,46.739,-0.985,0,0.173,0,1,0,-0.173,0,-0.985],"_humanoidState":5,"_cameraCFrame":[761.382,245.215,43.43,-0.999,-0.042,0.009,0,0.201,0.98,-0.043,0.979,-0.201],"_shiftlockState":true,"_pose":"FreeFall","_animationQueue":[],"_animationSpeed":1,"_zoom":16.125},{"_mousePosition":[683,384],"_rootPartCFrame":[762.791,227.548,46.731,-0.99,0,0.143,0,1,0,-0.143,0,-0.99],"_humanoidState":5,"_cameraCFrame":[761.181,244.852,43.453,-0.999,-0.042,0.009,0,0.199,0.98,-0.043,0.979,-0.199],"_shiftlockState":true,"_pose":"FreeFall","_animationQueue":[],"_animationSpeed":1,"_zoom":16.125},{"_mousePosition":[683,384],"_rootPartCFrame":[762.458,226.864,46.717,-0.978,0,0.208,0,1,0,-0.208,0,-0.978],"_humanoidState":5,"_cameraCFrame":[760.855,244.174,43.465,-0.999,-0.045,0.009,0,0.197,0.98,-0.046,0.979,-0.197],"_shiftlockState":true,"_pose":"FreeFall","_animationQueue":[],"_animationSpeed":1,"_zoom":16.125},{"_mousePosition":[683,384],"_rootPartCFrame":[762.258,226.413,46.708,-0.989,0,0.145,0,1,0,-0.145,0,-0.989],"_humanoidState":5,"_cameraCFrame":[760.662,243.728,43.483,-0.999,-0.047,0.009,0,0.195,0.981,-0.048,0.98,-0.195],"_shiftlockState":true,"_pose":"FreeFall","_animationQueue":[],"_animationSpeed":1,"_zoom":16.125},{"_mousePosition":[683,384],"_rootPartCFrame":[761.925,225.593,46.693,-0.977,0,0.213,0,1,0,-0.213,0,-0.977],"_humanoidState":5,"_cameraCFrame":[760.329,242.908,43.468,-0.999,-0.047,0.009,0,0.195,0.981,-0.048,0.98,-0.195],"_shiftlockState":true,"_pose":"FreeFall","_animationQueue":[],"_animationSpeed":1,"_zoom":16.125},{"_mousePosition":[683,384],"_rootPartCFrame":[761.725,225.06,46.684,-0.989,0,0.148,0,1,0,-0.148,0,-0.989],"_humanoidState":5,"_cameraCFrame":[760.129,242.375,43.459,-0.999,-0.047,0.009,0,0.195,0.981,-0.048,0.98,-0.195],"_shiftlockState":true,"_pose":"FreeFall","_animationQueue":[],"_animationSpeed":1,"_zoom":16.125},{"_mousePosition":[683,384],"_rootPartCFrame":[761.459,224.301,46.671,-0.984,0,0.18,0,1,0,-0.18,0,-0.984],"_humanoidState":5,"_cameraCFrame":[759.862,241.617,43.446,-0.999,-0.047,0.009,0,0.195,0.981,-0.048,0.98,-0.195],"_shiftlockState":true,"_pose":"FreeFall","_animationQueue":[["fall",0.3]],"_animationSpeed":1,"_zoom":16.125},{"_mousePosition":[683,384],"_rootPartCFrame":[761.193,223.488,46.658,-0.984,0,0.18,0,1,0,-0.18,0,-0.984],"_humanoidState":5,"_cameraCFrame":[759.596,240.804,43.433,-0.999,-0.047,0.009,0,0.195,0.981,-0.048,0.98,-0.195],"_shiftlockState":true,"_pose":"FreeFall","_animationQueue":[],"_animationSpeed":1,"_zoom":16.125},{"_mousePosition":[683,384],"_rootPartCFrame":[760.926,222.621,46.645,-0.997,0,0.083,0,1,0,-0.083,0,-0.997],"_humanoidState":7,"_cameraCFrame":[759.33,239.936,43.42,-0.999,-0.047,0.009,0,0.195,0.981,-0.048,0.98,-0.195],"_shiftlockState":true,"_pose":"FreeFall","_animationQueue":[["walk",0.1],["fall",0.3],["fall",0.3]],"_animationSpeed":1,"_zoom":16.125},{"_mousePosition":[683,384],"_rootPartCFrame":[760.66,222.441,46.632,-0.999,0,0.051,0,1,0,-0.051,0,-0.999],"_humanoidState":7,"_cameraCFrame":[759.063,239.757,43.407,-0.999,-0.047,0.009,0,0.195,0.981,-0.048,0.98,-0.195],"_shiftlockState":true,"_pose":"FreeFall","_animationQueue":[],"_animationSpeed":1,"_zoom":16.125},{"_mousePosition":[683,384],"_rootPartCFrame":[760.331,222.573,46.616,-0.999,0,0.048,0,1,0,-0.048,0,-0.999],"_humanoidState":8,"_cameraCFrame":[758.75,239.895,43.414,-0.999,-0.052,0.01,0,0.193,0.981,-0.053,0.98,-0.193],"_shiftlockState":true,"_pose":"Running","_animationQueue":[["walk",0.1],["fall",0.3],["walk",0.1]],"_animationSpeed":1.103,"_zoom":16.125},{"_mousePosition":[683,384],"_rootPartCFrame":[760.004,222.689,46.601,-0.999,0,0.053,0,1,0,-0.053,0,-0.999],"_humanoidState":8,"_cameraCFrame":[758.436,240.017,43.421,-0.998,-0.057,0.011,0,0.191,0.982,-0.058,0.98,-0.191],"_shiftlockState":true,"_pose":"Running","_animationQueue":[],"_animationSpeed":1.103,"_zoom":16.125},{"_mousePosition":[683,384],"_rootPartCFrame":[759.741,222.759,46.587,-0.998,0,0.058,0,1,0,-0.058,0,-0.998],"_humanoidState":8,"_cameraCFrame":[758.188,240.093,43.43,-0.998,-0.062,0.012,0,0.189,0.982,-0.063,0.98,-0.189],"_shiftlockState":true,"_pose":"Running","_animationQueue":[["walk",0.1]],"_animationSpeed":1.103,"_zoom":16.125},{"_mousePosition":[683,384],"_rootPartCFrame":[759.479,222.819,46.572,-0.998,0,0.063,0,1,0,-0.063,0,-0.998],"_humanoidState":8,"_cameraCFrame":[757.977,240.164,43.45,-0.997,-0.08,0.015,0,0.185,0.983,-0.081,0.979,-0.185],"_shiftlockState":true,"_pose":"Running","_animationQueue":[],"_animationSpeed":1.103,"_zoom":16.125},{"_mousePosition":[683,384],"_rootPartCFrame":[759.283,222.859,46.559,-0.997,0,0.081,0,1,0,-0.081,0,-0.997],"_humanoidState":8,"_cameraCFrame":[757.876,240.205,43.393,-0.994,-0.109,0.021,0,0.185,0.983,-0.111,0.977,-0.184],"_shiftlockState":true,"_pose":"Running","_animationQueue":[],"_animationSpeed":1.103,"_zoom":16.125},{"_mousePosition":[683,384],"_rootPartCFrame":[758.955,222.922,46.534,-0.994,0,0.111,0,1,0,-0.111,0,-0.994],"_humanoidState":8,"_cameraCFrame":[757.686,240.268,43.31,-0.988,-0.151,0.029,0,0.185,0.983,-0.154,0.971,-0.183],"_shiftlockState":true,"_pose":"Running","_animationQueue":[],"_animationSpeed":1.103,"_zoom":16.125},{"_mousePosition":[683,384],"_rootPartCFrame":[758.694,222.971,46.505,-0.988,0,0.154,0,1,0,-0.154,0,-0.988],"_humanoidState":8,"_cameraCFrame":[757.6,240.322,43.246,-0.978,-0.205,0.038,0,0.184,0.983,-0.209,0.961,-0.179],"_shiftlockState":true,"_pose":"Running","_animationQueue":[],"_animationSpeed":1.103,"_zoom":16.125},{"_mousePosition":[683,384],"_rootPartCFrame":[758.499,223.006,46.477,-0.978,0,0.209,0,1,0,-0.209,0,-0.978],"_humanoidState":8,"_cameraCFrame":[757.597,240.369,43.214,-0.963,-0.266,0.049,0,0.18,0.984,-0.27,0.947,-0.173],"_shiftlockState":true,"_pose":"Running","_animationQueue":[],"_animationSpeed":1.103,"_zoom":16.125},{"_mousePosition":[683,384],"_rootPartCFrame":[758.242,223.053,46.424,-0.963,0,0.27,0,1,0,-0.27,0,-0.963],"_humanoidState":8,"_cameraCFrame":[757.535,240.427,43.168,-0.943,-0.328,0.059,0,0.176,0.984,-0.333,0.928,-0.166],"_shiftlockState":true,"_pose":"Running","_animationQueue":[],"_animationSpeed":1.103,"_zoom":16.125},{"_mousePosition":[683,384],"_rootPartCFrame":[757.988,223.099,46.356,-0.943,0,0.333,0,1,0,-0.333,0,-0.943],"_humanoidState":8,"_cameraCFrame":[757.483,240.479,43.092,-0.919,-0.388,0.068,0,0.174,0.985,-0.394,0.905,-0.16],"_shiftlockState":true,"_pose":"Running","_animationQueue":[["walk",0.1]],"_animationSpeed":1.103,"_zoom":16.125},{"_mousePosition":[683,384],"_rootPartCFrame":[757.677,223.161,46.249,-0.919,0,0.394,0,1,0,-0.394,0,-0.919],"_humanoidState":8,"_cameraCFrame":[757.371,240.541,42.961,-0.893,-0.442,0.078,0,0.174,0.985,-0.449,0.88,-0.155],"_shiftlockState":true,"_pose":"Running","_animationQueue":[],"_animationSpeed":1.103,"_zoom":16.125},{"_mousePosition":[683,384],"_rootPartCFrame":[757.503,223.204,46.176,-0.893,0,0.449,0,1,0,-0.449,0,-0.893],"_humanoidState":8,"_cameraCFrame":[757.422,240.584,42.875,-0.861,-0.501,0.088,0,0.174,0.985,-0.509,0.848,-0.149],"_shiftlockState":true,"_pose":"Running","_animationQueue":[],"_animationSpeed":1.103,"_zoom":16.125},{"_mousePosition":[683,384],"_rootPartCFrame":[757.282,223.276,46.068,-0.861,0,0.509,0,1,0,-0.509,0,-0.861],"_humanoidState":8,"_cameraCFrame":[757.327,240.656,42.767,-0.841,-0.533,0.094,0,0.174,0.985,-0.541,0.828,-0.146],"_shiftlockState":true,"_pose":"Running","_animationQueue":[["walk",0.1]],"_animationSpeed":1.037,"_zoom":16.125},{"_mousePosition":[683,384],"_rootPartCFrame":[757.075,223.364,45.949,-0.841,0,0.541,0,1,0,-0.541,0,-0.841],"_humanoidState":8,"_cameraCFrame":[757.228,240.744,42.65,-0.823,-0.56,0.099,0,0.174,0.985,-0.569,0.81,-0.143],"_shiftlockState":true,"_pose":"Running","_animationQueue":[],"_animationSpeed":1.037,"_zoom":16.125},{"_mousePosition":[683,384],"_rootPartCFrame":[756.873,223.486,45.82,-0.823,0,0.569,0,1,0,-0.569,0,-0.823],"_humanoidState":8,"_cameraCFrame":[757.101,240.866,42.526,-0.809,-0.578,0.102,0,0.174,0.985,-0.587,0.797,-0.141],"_shiftlockState":true,"_pose":"Running","_animationQueue":[],"_animationSpeed":1.037,"_zoom":16.125},{"_mousePosition":[683,384],"_rootPartCFrame":[756.674,223.615,45.684,-0.809,0,0.587,0,1,0,-0.587,0,-0.809],"_humanoidState":8,"_cameraCFrame":[756.944,240.995,42.393,-0.802,-0.588,0.104,0,0.174,0.985,-0.598,0.79,-0.139],"_shiftlockState":true,"_pose":"Running","_animationQueue":[],"_animationSpeed":1.037,"_zoom":16.125},{"_mousePosition":[683,384],"_rootPartCFrame":[756.478,223.741,45.543,-0.802,0,0.597,0,1,0,-0.597,0,-0.802],"_humanoidState":8,"_cameraCFrame":[756.748,241.121,42.252,-0.802,-0.588,0.104,0,0.174,0.985,-0.598,0.79,-0.139],"_shiftlockState":true,"_pose":"Running","_animationQueue":[["walk",0.1]],"_animationSpeed":1.037,"_zoom":16.125},{"_mousePosition":[683,384],"_rootPartCFrame":[756.284,223.851,45.399,-0.802,0,0.597,0,1,0,-0.597,0,-0.802],"_humanoidState":8,"_cameraCFrame":[756.554,241.231,42.108,-0.802,-0.588,0.104,0,0.174,0.985,-0.598,0.79,-0.139],"_shiftlockState":true,"_pose":"Running","_animationQueue":[],"_animationSpeed":1.037,"_zoom":16.125},{"_mousePosition":[683,384],"_rootPartCFrame":[756.09,223.957,45.254,-0.802,0,0.597,0,1,0,-0.597,0,-0.802],"_humanoidState":8,"_cameraCFrame":[756.368,241.337,41.964,-0.8,-0.59,0.104,0,0.174,0.985,-0.6,0.788,-0.139],"_shiftlockState":true,"_pose":"Running","_animationQueue":[],"_animationSpeed":1.037,"_zoom":16.125},{"_mousePosition":[683,384],"_rootPartCFrame":[755.847,225.041,45.073,-0.8,0,0.6,0,1,0,-0.6,0,-0.8],"_humanoidState":3,"_cameraCFrame":[756.084,242.421,41.78,-0.808,-0.58,0.102,0,0.174,0.985,-0.589,0.796,-0.14],"_shiftlockState":true,"_pose":"Jumping","_animationQueue":[["walk",0.1],["jump",0.1]],"_animationSpeed":1,"_zoom":16.125},{"_mousePosition":[683,384],"_rootPartCFrame":[755.691,225.652,44.957,-0.769,0,0.639,0,1,0,-0.639,0,-0.769],"_humanoidState":5,"_cameraCFrame":[755.844,243.032,41.659,-0.823,-0.56,0.099,0,0.174,0.985,-0.569,0.81,-0.143],"_shiftlockState":true,"_pose":"FreeFall","_animationQueue":[["jump",0.1]],"_animationSpeed":1,"_zoom":16.125},{"_mousePosition":[683,384],"_rootPartCFrame":[755.477,226.42,44.8,-0.745,0,0.667,0,1,0,-0.667,0,-0.745],"_humanoidState":5,"_cameraCFrame":[755.496,243.8,41.498,-0.845,-0.527,0.093,0,0.174,0.985,-0.535,0.832,-0.147],"_shiftlockState":true,"_pose":"FreeFall","_animationQueue":[],"_animationSpeed":1,"_zoom":16.125},{"_mousePosition":[683,384],"_rootPartCFrame":[755.258,227.133,44.647,-0.767,0,0.642,0,1,0,-0.642,0,-0.767],"_humanoidState":5,"_cameraCFrame":[755.077,244.513,41.35,-0.876,-0.475,0.084,0,0.174,0.985,-0.483,0.862,-0.152],"_shiftlockState":true,"_pose":"FreeFall","_animationQueue":[],"_animationSpeed":1,"_zoom":16.125},{"_mousePosition":[683,384],"_rootPartCFrame":[754.977,227.948,44.467,-0.784,0,0.621,0,1,0,-0.621,0,-0.784],"_humanoidState":5,"_cameraCFrame":[754.434,245.322,41.184,-0.925,-0.374,0.067,0,0.176,0.984,-0.38,0.911,-0.162],"_shiftlockState":true,"_pose":"FreeFall","_animationQueue":[],"_animationSpeed":1,"_zoom":16.125},{"_mousePosition":[683,384],"_rootPartCFrame":[754.748,228.538,44.349,-0.871,0,0.492,0,1,0,-0.492,0,-0.871],"_humanoidState":5,"_cameraCFrame":[753.926,245.907,41.097,-0.955,-0.292,0.053,0,0.177,0.984,-0.297,0.94,-0.169],"_shiftlockState":true,"_pose":"FreeFall","_animationQueue":[],"_animationSpeed":1,"_zoom":16.125},{"_mousePosition":[683,384],"_rootPartCFrame":[754.574,228.945,44.287,-0.925,0,0.38,0,1,0,-0.38,0,-0.925],"_humanoidState":5,"_cameraCFrame":[753.479,246.297,41.032,-0.978,-0.205,0.038,0,0.183,0.983,-0.209,0.961,-0.179],"_shiftlockState":true,"_pose":"FreeFall","_animationQueue":[],"_animationSpeed":1,"_zoom":16.125},{"_mousePosition":[683,384],"_rootPartCFrame":[754.282,229.555,44.232,-0.937,0,0.349,0,1,0,-0.349,0,-0.937],"_humanoidState":5,"_cameraCFrame":[752.918,246.884,40.964,-0.993,-0.119,0.023,0,0.191,0.982,-0.121,0.974,-0.189],"_shiftlockState":true,"_pose":"FreeFall","_animationQueue":[],"_animationSpeed":1,"_zoom":16.125},{"_mousePosition":[683,384],"_rootPartCFrame":[754.05,229.982,44.232,-0.972,0,0.236,0,1,0,-0.236,0,-0.972],"_humanoidState":5,"_cameraCFrame":[752.407,247.28,40.944,-0.999,-0.032,0.007,0,0.2,0.98,-0.033,0.979,-0.2],"_shiftlockState":true,"_pose":"FreeFall","_animationQueue":[],"_animationSpeed":1,"_zoom":16.125},{"_mousePosition":[683,384],"_rootPartCFrame":[753.822,230.355,44.273,-0.989,0,0.149,0,1,0,-0.149,0,-0.989],"_humanoidState":5,"_cameraCFrame":[751.876,247.613,40.963,-0.998,0.057,-0.012,0,0.212,0.977,0.058,0.976,-0.212],"_shiftlockState":true,"_pose":"FreeFall","_animationQueue":[],"_animationSpeed":1,"_zoom":16.125},{"_mousePosition":[683,384],"_rootPartCFrame":[753.602,230.673,44.352,-0.998,0,0.059,0,1,0,-0.059,0,-0.998],"_humanoidState":5,"_cameraCFrame":[751.341,247.897,41.081,-0.989,0.145,-0.033,0,0.221,0.975,0.149,0.964,-0.219],"_shiftlockState":true,"_pose":"FreeFall","_animationQueue":[],"_animationSpeed":1,"_zoom":16.125},{"_mousePosition":[683,384],"_rootPartCFrame":[753.406,230.936,44.46,-0.995,0,-0.105,0,1,0,0.105,0,-0.995],"_humanoidState":5,"_cameraCFrame":[750.828,248.125,41.254,-0.972,0.229,-0.054,0,0.231,0.973,0.236,0.946,-0.224],"_shiftlockState":true,"_pose":"FreeFall","_animationQueue":[],"_animationSpeed":1,"_zoom":16.125},{"_mousePosition":[683,384],"_rootPartCFrame":[753.242,231.145,44.591,-0.975,0,-0.22,0,1,0,0.22,0,-0.975],"_humanoidState":5,"_cameraCFrame":[750.375,248.305,41.488,-0.95,0.304,-0.075,0,0.238,0.971,0.313,0.922,-0.226],"_shiftlockState":true,"_pose":"FreeFall","_animationQueue":[],"_animationSpeed":1,"_zoom":16.125},{"_mousePosition":[683,384],"_rootPartCFrame":[753.141,231.266,44.702,-0.952,0,-0.305,0,1,0,0.305,0,-0.952],"_humanoidState":5,"_cameraCFrame":[750.02,248.403,41.733,-0.924,0.371,-0.093,0,0.244,0.97,0.382,0.896,-0.226],"_shiftlockState":true,"_pose":"FreeFall","_animationQueue":[],"_animationSpeed":1,"_zoom":16.125},{"_mousePosition":[683,384],"_rootPartCFrame":[753.038,231.379,44.867,-0.928,0,-0.373,0,1,0,0.373,0,-0.928],"_humanoidState":5,"_cameraCFrame":[749.659,248.493,42.061,-0.892,0.437,-0.113,0,0.25,0.968,0.451,0.864,-0.223],"_shiftlockState":true,"_pose":"FreeFall","_animationQueue":[],"_animationSpeed":1,"_zoom":16.125},{"_mousePosition":[683,384],"_rootPartCFrame":[752.972,231.438,45.046,-0.897,0,-0.442,0,1,0,0.442,0,-0.897],"_humanoidState":5,"_cameraCFrame":[749.278,248.528,42.52,-0.842,0.521,-0.138,0,0.255,0.967,0.539,0.814,-0.215],"_shiftlockState":true,"_pose":"FreeFall","_animationQueue":[],"_animationSpeed":1,"_zoom":16.125},{"_mousePosition":[683,384],"_rootPartCFrame":[752.942,231.435,45.289,-0.851,0,-0.526,0,1,0,0.526,0,-0.851],"_humanoidState":5,"_cameraCFrame":[749.072,248.517,42.987,-0.805,0.573,-0.153,0,0.257,0.966,0.593,0.778,-0.207],"_shiftlockState":true,"_pose":"FreeFall","_animationQueue":[],"_animationSpeed":1,"_zoom":16.125},{"_mousePosition":[683,384],"_rootPartCFrame":[753.029,231.542,45.472,-0.807,0,-0.59,0,1,0,0.59,0,-0.807],"_humanoidState":7,"_cameraCFrame":[749.031,248.624,43.399,-0.769,0.618,-0.164,0,0.257,0.966,0.639,0.743,-0.198],"_shiftlockState":true,"_pose":"FreeFall","_animationQueue":[["fall",0.3],["walk",0.1],["fall",0.3],["fall",0.3]],"_animationSpeed":1,"_zoom":16.125},{"_mousePosition":[683,384],"_rootPartCFrame":[753.148,231.752,45.638,-0.769,0,-0.639,0,1,0,0.639,0,-0.769],"_humanoidState":7,"_cameraCFrame":[749.055,248.834,43.759,-0.738,0.653,-0.174,0,0.257,0.966,0.675,0.713,-0.19],"_shiftlockState":true,"_pose":"FreeFall","_animationQueue":[],"_animationSpeed":1,"_zoom":16.125},{"_mousePosition":[683,384],"_rootPartCFrame":[753.274,231.978,45.791,-0.738,0,-0.675,0,1,0,0.675,0,-0.738],"_humanoidState":8,"_cameraCFrame":[749.112,249.06,44.069,-0.711,0.679,-0.181,0,0.257,0.966,0.703,0.687,-0.183],"_shiftlockState":true,"_pose":"Running","_animationQueue":[["walk",0.1],["fall",0.3],["walk",0.1]],"_animationSpeed":0.842,"_zoom":16.125},{"_mousePosition":[683,384],"_rootPartCFrame":[753.403,232.173,45.934,-0.711,0,-0.703,0,1,0,0.703,0,-0.711],"_humanoidState":8,"_cameraCFrame":[749.195,249.255,44.329,-0.692,0.698,-0.186,0,0.257,0.966,0.722,0.668,-0.178],"_shiftlockState":true,"_pose":"Running","_animationQueue":[],"_animationSpeed":0.842,"_zoom":16.125},{"_mousePosition":[683,384],"_rootPartCFrame":[753.588,232.32,45.973,-0.692,0,-0.722,0,1,0,0.722,0,-0.692],"_humanoidState":8,"_cameraCFrame":[749.352,249.402,44.442,-0.679,0.71,-0.189,0,0.257,0.966,0.734,0.656,-0.175],"_shiftlockState":true,"_pose":"Running","_animationQueue":[["walk",0.1]],"_animationSpeed":0.795,"_zoom":16.125},{"_mousePosition":[683,384],"_rootPartCFrame":[753.702,232.426,45.972,-0.679,0,-0.734,0,1,0,0.734,0,-0.679],"_humanoidState":8,"_cameraCFrame":[749.459,249.508,44.462,-0.675,0.713,-0.19,0,0.257,0.966,0.738,0.652,-0.174],"_shiftlockState":true,"_pose":"Running","_animationQueue":[["walk",0.1]],"_animationSpeed":0.632,"_zoom":16.125},{"_mousePosition":[683,384],"_rootPartCFrame":[753.855,232.598,45.966,-0.675,0,-0.738,0,1,0,0.738,0,-0.675],"_humanoidState":8,"_cameraCFrame":[751.231,241.442,45.937,-0.675,0.713,-0.19,0,0.257,0.966,0.738,0.652,-0.174],"_shiftlockState":true,"_pose":"Running","_animationQueue":[["walk",0.1]],"_animationSpeed":0.632,"_zoom":16.125},{"_mousePosition":[683,384],"_rootPartCFrame":[753.999,232.783,45.854,-0.675,0,-0.738,0,1,0,0.738,0,-0.675],"_humanoidState":8,"_cameraCFrame":[751.411,241.442,45.858,-0.675,0.713,-0.19,0,0.257,0.966,0.738,0.652,-0.174],"_shiftlockState":true,"_pose":"Running","_animationQueue":[],"_animationSpeed":0.632,"_zoom":16.125},{"_mousePosition":[683,384],"_rootPartCFrame":[754.139,233.656,45.707,-0.675,0,-0.738,0,1,0,0.738,0,-0.675],"_humanoidState":3,"_cameraCFrame":[751.733,241.442,45.883,-0.673,0.715,-0.189,0,0.255,0.967,0.74,0.651,-0.172],"_shiftlockState":true,"_pose":"Jumping","_animationQueue":[["walk",0.1],["jump",0.1]],"_animationSpeed":1,"_zoom":16.125},{"_mousePosition":[683,384],"_rootPartCFrame":[754.295,234.478,45.54,-0.602,0,-0.798,0,1,0,0.798,0,-0.602],"_humanoidState":5,"_cameraCFrame":[752.051,241.442,45.874,-0.669,0.718,-0.19,0,0.255,0.967,0.743,0.647,-0.171],"_shiftlockState":true,"_pose":"FreeFall","_animationQueue":[["jump",0.1]],"_animationSpeed":1,"_zoom":16.125},{"_mousePosition":[683,384],"_rootPartCFrame":[754.471,235.246,45.347,-0.569,0,-0.823,0,1,0,0.823,0,-0.569],"_humanoidState":5,"_cameraCFrame":[752.387,241.442,45.829,-0.667,0.72,-0.189,0,0.254,0.967,0.745,0.646,-0.169],"_shiftlockState":true,"_pose":"FreeFall","_animationQueue":[],"_animationSpeed":1,"_zoom":16.125},{"_mousePosition":[683,384],"_rootPartCFrame":[754.605,235.786,45.199,-0.59,0,-0.807,0,1,0,0.807,0,-0.59],"_humanoidState":5,"_cameraCFrame":[752.635,241.442,45.791,-0.664,0.724,-0.188,0,0.252,0.968,0.748,0.642,-0.167],"_shiftlockState":true,"_pose":"FreeFall","_animationQueue":[],"_animationSpeed":1,"_zoom":16.125},{"_mousePosition":[683,384],"_rootPartCFrame":[754.828,236.617,44.951,-0.53,0,-0.848,0,1,0,0.848,0,-0.53],"_humanoidState":5,"_cameraCFrame":[753.029,241.442,45.7,-0.66,0.728,-0.188,0,0.25,0.968,0.751,0.639,-0.165],"_shiftlockState":true,"_pose":"FreeFall","_animationQueue":[],"_animationSpeed":1,"_zoom":16.125},{"_mousePosition":[683,384],"_rootPartCFrame":[755.005,237.221,44.752,-0.554,0,-0.832,0,1,0,0.832,0,-0.554],"_humanoidState":5,"_cameraCFrame":[753.323,241.442,45.603,-0.66,0.728,-0.188,0,0.25,0.968,0.751,0.639,-0.165],"_shiftlockState":true,"_pose":"FreeFall","_animationQueue":[],"_animationSpeed":1,"_zoom":16.125},{"_mousePosition":[683,384],"_rootPartCFrame":[755.137,237.639,44.601,-0.582,0,-0.814,0,1,0,0.814,0,-0.582],"_humanoidState":5,"_cameraCFrame":[753.25,242.949,45.273,-0.66,0.728,-0.186,0,0.248,0.969,0.751,0.639,-0.164],"_shiftlockState":true,"_pose":"FreeFall","_animationQueue":[],"_animationSpeed":1,"_zoom":16.125},{"_mousePosition":[683,384],"_rootPartCFrame":[755.313,238.147,44.401,-0.554,0,-0.832,0,1,0,0.832,0,-0.554],"_humanoidState":5,"_cameraCFrame":[753.041,245.46,44.735,-0.66,0.728,-0.186,0,0.248,0.969,0.751,0.639,-0.164],"_shiftlockState":true,"_pose":"FreeFall","_animationQueue":[],"_animationSpeed":1,"_zoom":16.125},{"_mousePosition":[683,384],"_rootPartCFrame":[755.489,238.602,44.201,-0.554,0,-0.832,0,1,0,0.832,0,-0.554],"_humanoidState":5,"_cameraCFrame":[752.787,248.149,44.157,-0.66,0.728,-0.186,0,0.248,0.969,0.751,0.639,-0.164],"_shiftlockState":true,"_pose":"FreeFall","_animationQueue":[],"_animationSpeed":1,"_zoom":16.125},{"_mousePosition":[683,384],"_rootPartCFrame":[755.665,239.001,44,-0.554,0,-0.832,0,1,0,0.832,0,-0.554],"_humanoidState":5,"_cameraCFrame":[752.583,250.609,43.622,-0.66,0.728,-0.185,0,0.246,0.969,0.751,0.64,-0.162],"_shiftlockState":true,"_pose":"FreeFall","_animationQueue":[],"_animationSpeed":1,"_zoom":16.125},{"_mousePosition":[683,384],"_rootPartCFrame":[755.885,239.424,43.75,-0.526,0,-0.85,0,1,0,0.85,0,-0.526],"_humanoidState":5,"_cameraCFrame":[752.523,252.496,43.127,-0.66,0.728,-0.185,0,0.246,0.969,0.751,0.64,-0.162],"_shiftlockState":true,"_pose":"FreeFall","_animationQueue":[],"_animationSpeed":1,"_zoom":16.125},{"_mousePosition":[683,384],"_rootPartCFrame":[756.017,239.637,43.6,-0.582,0,-0.814,0,1,0,0.814,0,-0.582],"_humanoidState":5,"_cameraCFrame":[752.485,253.851,42.784,-0.667,0.723,-0.18,0,0.242,0.97,0.745,0.648,-0.162],"_shiftlockState":true,"_pose":"FreeFall","_animationQueue":[],"_animationSpeed":1,"_zoom":16.125},{"_mousePosition":[683,384],"_rootPartCFrame":[756.237,239.924,43.349,-0.535,0,-0.845,0,1,0,0.845,0,-0.535],"_humanoidState":5,"_cameraCFrame":[752.612,255.041,42.301,-0.692,0.702,-0.172,0,0.238,0.971,0.722,0.672,-0.165],"_shiftlockState":true,"_pose":"FreeFall","_animationQueue":[],"_animationSpeed":1,"_zoom":16.125},{"_mousePosition":[683,384],"_rootPartCFrame":[756.37,240.055,43.2,-0.616,0,-0.788,0,1,0,0.788,0,-0.616],"_humanoidState":5,"_cameraCFrame":[752.745,255.792,41.883,-0.731,0.664,-0.16,0,0.235,0.972,0.683,0.71,-0.171],"_shiftlockState":true,"_pose":"FreeFall","_animationQueue":[],"_animationSpeed":1,"_zoom":16.125},{"_mousePosition":[683,384],"_rootPartCFrame":[756.6,240.205,42.958,-0.607,0,-0.794,0,1,0,0.794,0,-0.607],"_humanoidState":5,"_cameraCFrame":[753.113,256.437,41.191,-0.804,0.579,-0.137,0,0.231,0.973,0.595,0.782,-0.186],"_shiftlockState":true,"_pose":"FreeFall","_animationQueue":[],"_animationSpeed":1,"_zoom":16.125},{"_mousePosition":[683,384],"_rootPartCFrame":[756.793,240.264,42.775,-0.717,0,-0.697,0,1,0,0.697,0,-0.717],"_humanoidState":5,"_cameraCFrame":[753.449,256.808,40.729,-0.848,0.517,-0.12,0,0.227,0.974,0.53,0.826,-0.193],"_shiftlockState":true,"_pose":"FreeFall","_animationQueue":[],"_animationSpeed":1,"_zoom":16.125},{"_mousePosition":[683,384],"_rootPartCFrame":[756.948,240.273,42.649,-0.791,0,-0.612,0,1,0,0.612,0,-0.791],"_humanoidState":5,"_cameraCFrame":[753.774,257.037,40.365,-0.885,0.453,-0.104,0,0.223,0.975,0.465,0.863,-0.198],"_shiftlockState":true,"_pose":"FreeFall","_animationQueue":[],"_animationSpeed":1,"_zoom":16.125},{"_mousePosition":[683,384],"_rootPartCFrame":[757.172,240.272,42.504,-0.87,0,-0.494,0,1,0,0.494,0,-0.87],"_humanoidState":7,"_cameraCFrame":[754.184,257.209,40.06,-0.915,0.393,-0.088,0,0.218,0.976,0.403,0.893,-0.199],"_shiftlockState":true,"_pose":"FreeFall","_animationQueue":[["walk",0.1]],"_animationSpeed":1.103,"_zoom":16.125},{"_mousePosition":[683,384],"_rootPartCFrame":[757.407,240.272,42.378,-0.916,0,-0.4,0,1,0,0.4,0,-0.916],"_humanoidState":7,"_cameraCFrame":[754.608,257.335,39.806,-0.94,0.334,-0.072,0,0.212,0.977,0.342,0.918,-0.199],"_shiftlockState":true,"_pose":"FreeFall","_animationQueue":[],"_animationSpeed":1.103,"_zoom":16.125},{"_mousePosition":[683,384],"_rootPartCFrame":[757.711,240.128,42.241,-0.94,0,-0.341,0,1,0,0.341,0,-0.94],"_humanoidState":8,"_cameraCFrame":[755.104,257.278,39.608,-0.959,0.278,-0.058,0,0.204,0.979,0.284,0.938,-0.196],"_shiftlockState":true,"_pose":"Running","_animationQueue":[["fall",0.3],["walk",0.1],["fall",0.3],["walk",0.1]],"_animationSpeed":1.103,"_zoom":16.125},{"_mousePosition":[683,384],"_rootPartCFrame":[757.953,239.946,42.283,-0.959,0,-0.284,0,1,0,0.284,0,-0.959],"_humanoidState":8,"_cameraCFrame":[755.523,257.16,39.583,-0.974,0.224,-0.045,0,0.199,0.98,0.228,0.954,-0.193],"_shiftlockState":true,"_pose":"Running","_animationQueue":[],"_animationSpeed":1.103,"_zoom":16.125},{"_mousePosition":[683,384],"_r