[{"_mousePosition":[702,383],"_rootPartCFrame":[776.028,222.7,47.142,0,0,1,0,1,0,-1,0,0],"_humanoidState":8,"_cameraCFrame":[782.594,238.78,49.222,0.302,-0.862,0.407,0,0.427,0.904,-0.953,-0.273,0.129],"_shiftlockState":false,"_pose":"Standing","_animationQueue":[],"_animationSpeed":1,"_zoom":16.125},{"_mousePosition":[702,383],"_rootPartCFrame":[775.793,222.695,47.067,0.043,0,0.999,0,1,0,-0.999,0,0.043],"_humanoidState":8,"_cameraCFrame":[782.343,238.789,49.105,0.297,-0.864,0.406,0,0.425,0.905,-0.955,-0.269,0.126],"_shiftlockState":false,"_pose":"Standing","_animationQueue":[],"_animationSpeed":1,"_zoom":16.125},{"_mousePosition":[702,383],"_rootPartCFrame":[775.54,222.697,46.987,0.079,0,0.997,0,1,0,-0.997,0,0.079],"_humanoidState":8,"_cameraCFrame":[782.072,238.804,48.983,0.292,-0.866,0.405,0,0.424,0.906,-0.956,-0.265,0.124],"_shiftlockState":false,"_pose":"Running","_animationQueue":[["walk",0.1]],"_animationSpeed":1.066,"_zoom":16.125},{"_mousePosition":[702,383],"_rootPartCFrame":[775.285,222.698,46.907,0.109,0,0.994,0,1,0,-0.994,0,0.109],"_humanoidState":8,"_cameraCFrame":[781.778,238.831,48.838,0.285,-0.87,0.403,0,0.42,0.907,-0.959,-0.259,0.12],"_shiftlockState":false,"_pose":"Running","_animationQueue":[],"_animationSpeed":1.066,"_zoom":16.125},{"_mousePosition":[702,383],"_rootPartCFrame":[775.03,222.699,46.829,0.134,0,0.991,0,1,0,-0.991,0,0.134],"_humanoidState":8,"_cameraCFrame":[781.51,238.845,48.703,0.278,-0.873,0.402,0,0.418,0.908,-0.961,-0.252,0.116],"_shiftlockState":false,"_pose":"Running","_animationQueue":[],"_animationSpeed":1.066,"_zoom":16.125},{"_mousePosition":[702,383],"_rootPartCFrame":[774.774,222.699,46.753,0.155,0,0.988,0,1,0,-0.988,0,0.155],"_humanoidState":8,"_cameraCFrame":[781.218,238.872,48.545,0.268,-0.877,0.4,0,0.415,0.91,-0.963,-0.244,0.111],"_shiftlockState":false,"_pose":"Running","_animationQueue":[],"_animationSpeed":1.066,"_zoom":16.125},{"_mousePosition":[702,383],"_rootPartCFrame":[774.518,222.699,46.679,0.172,0,0.985,0,1,0,-0.985,0,0.172],"_humanoidState":8,"_cameraCFrame":[780.924,238.898,48.391,0.258,-0.881,0.397,0,0.411,0.912,-0.966,-0.235,0.106],"_shiftlockState":false,"_pose":"Running","_animationQueue":[],"_animationSpeed":1.066,"_zoom":16.125},{"_mousePosition":[702,383],"_rootPartCFrame":[774.261,222.7,46.607,0.185,0,0.983,0,1,0,-0.983,0,0.185],"_humanoidState":8,"_cameraCFrame":[780.625,238.924,48.256,0.251,-0.884,0.395,0,0.408,0.913,-0.968,-0.229,0.102],"_shiftlockState":false,"_pose":"Running","_animationQueue":[],"_animationSpeed":1.066,"_zoom":16.125},{"_mousePosition":[702,383],"_rootPartCFrame":[774.004,222.7,46.538,0.195,0,0.981,0,1,0,-0.981,0,0.195],"_humanoidState":8,"_cameraCFrame":[780.328,238.949,48.109,0.241,-0.888,0.392,0,0.404,0.915,-0.971,-0.221,0.097],"_shiftlockState":false,"_pose":"Running","_animationQueue":[],"_animationSpeed":1.066,"_zoom":16.125},{"_mousePosition":[702,383],"_rootPartCFrame":[773.746,222.7,46.471,0.203,0,0.979,0,1,0,-0.979,0,0.203],"_humanoidState":8,"_cameraCFrame":[780.029,238.975,47.964,0.231,-0.891,0.39,0,0.401,0.916,-0.973,-0.212,0.093],"_shiftlockState":false,"_pose":"Running","_animationQueue":[["walk",0.1]],"_animationSpeed":1.066,"_zoom":16.125},{"_mousePosition":[702,383],"_rootPartCFrame":[773.487,222.7,46.407,0.208,0,0.978,0,1,0,-0.978,0,0.208],"_humanoidState":8,"_cameraCFrame":[779.726,239,47.839,0.224,-0.895,0.387,0,0.397,0.918,-0.975,-0.205,0.089],"_shiftlockState":false,"_pose":"Running","_animationQueue":[],"_animationSpeed":1.066,"_zoom":16.125},{"_mousePosition":[702,383],"_rootPartCFrame":[773.228,222.7,46.345,0.212,0,0.977,0,1,0,-0.977,0,0.212],"_humanoidState":8,"_cameraCFrame":[779.424,239.025,47.702,0.214,-0.898,0.384,0,0.393,0.919,-0.977,-0.197,0.084],"_shiftlockState":false,"_pose":"Running","_animationQueue":[],"_animationSpeed":1.066,"_zoom":16.125},{"_mousePosition":[702,383],"_rootPartCFrame":[772.968,222.7,46.285,0.213,0,0.977,0,1,0,-0.977,0,0.213],"_humanoidState":8,"_cameraCFrame":[779.114,239.049,47.599,0.209,-0.901,0.381,0,0.39,0.921,-0.978,-0.192,0.081],"_shiftlockState":false,"_pose":"Running","_animationQueue":[],"_animationSpeed":1.066,"_zoom":16.125},{"_mousePosition":[702,383],"_rootPartCFrame":[772.707,222.7,46.228,0.214,0,0.977,0,1,0,-0.977,0,0.214],"_humanoidState":8,"_cameraCFrame":[778.832,239.061,47.504,0.204,-0.902,0.38,0,0.388,0.922,-0.979,-0.188,0.079],"_shiftlockState":false,"_pose":"Running","_animationQueue":[],"_animationSpeed":1.066,"_zoom":16.125},{"_mousePosition":[702,383],"_rootPartCFrame":[772.446,222.7,46.172,0.213,0,0.977,0,1,0,-0.977,0,0.213],"_humanoidState":8,"_cameraCFrame":[778.546,239.074,47.427,0.202,-0.903,0.378,0,0.386,0.922,-0.979,-0.186,0.078],"_shiftlockState":false,"_pose":"Running","_animationQueue":[],"_animationSpeed":1.066,"_zoom":16.125},{"_mousePosition":[702,383],"_rootPartCFrame":[772.185,222.7,46.117,0.212,0,0.977,0,1,0,-0.977,0,0.212],"_humanoidState":8,"_cameraCFrame":[778.285,239.074,47.372,0.202,-0.903,0.378,0,0.386,0.922,-0.979,-0.186,0.078],"_shiftlockState":false,"_pose":"Running","_animationQueue":[["walk",0.1]],"_animationSpeed":1.066,"_zoom":16.125},{"_mousePosition":[702,383],"_rootPartCFrame":[771.924,222.7,46.063,0.211,0,0.978,0,1,0,-0.978,0,0.211],"_humanoidState":8,"_cameraCFrame":[778.024,239.074,47.319,0.202,-0.903,0.378,0,0.386,0.922,-0.979,-0.186,0.078],"_shiftlockState":false,"_pose":"Running","_animationQueue":[],"_animationSpeed":1.066,"_zoom":16.125},{"_mousePosition":[702,383],"_rootPartCFrame":[771.663,222.7,46.01,0.209,0,0.978,0,1,0,-0.978,0,0.209],"_humanoidState":8,"_cameraCFrame":[777.734,239.086,47.259,0.202,-0.904,0.377,0,0.384,0.923,-0.979,-0.186,0.077],"_shiftlockState":false,"_pose":"Running","_animationQueue":[],"_animationSpeed":1.066,"_zoom":16.125},{"_mousePosition":[702,383],"_rootPartCFrame":[771.402,222.7,45.956,0.208,0,0.978,0,1,0,-0.978,0,0.208],"_humanoidState":8,"_cameraCFrame":[777.473,239.086,47.205,0.202,-0.904,0.377,0,0.384,0.923,-0.979,-0.186,0.077],"_shiftlockState":false,"_pose":"Running","_animationQueue":[],"_animationSpeed":1.066,"_zoom":16.125},{"_mousePosition":[702,383],"_rootPartCFrame":[771.141,222.7,45.902,0.207,0,0.978,0,1,0,-0.978,0,0.207],"_humanoidState":8,"_cameraCFrame":[777.183,239.098,47.146,0.202,-0.905,0.375,0,0.383,0.924,-0.979,-0.186,0.077],"_shiftlockState":false,"_pose":"Running","_animationQueue":[],"_animationSpeed":1.066,"_zoom":16.125},{"_mousePosition":[702,383],"_rootPartCFrame":[770.879,222.7,45.848,0.207,0,0.978,0,1,0,-0.978,0,0.207],"_humanoidState":8,"_cameraCFrame":[776.922,239.098,47.092,0.202,-0.905,0.375,0,0.383,0.924,-0.979,-0.186,0.077],"_shiftlockState":false,"_pose":"Running","_animationQueue":[],"_animationSpeed":1.066,"_zoom":16.125},{"_mousePosition":[702,383],"_rootPartCFrame":[770.618,222.7,45.795,0.206,0,0.979,0,1,0,-0.979,0,0.206],"_humanoidState":8,"_cameraCFrame":[776.632,239.11,47.032,0.202,-0.906,0.373,0,0.381,0.925,-0.979,-0.186,0.077],"_shiftlockState":false,"_pose":"Running","_animationQueue":[],"_animationSpeed":1.066,"_zoom":16.125},{"_mousePosition":[702,383],"_rootPartCFrame":[770.357,222.7,45.741,0.205,0,0.979,0,1,0,-0.979,0,0.205],"_humanoidState":8,"_cameraCFrame":[776.371,239.11,46.979,0.202,-0.906,0.373,0,0.381,0.925,-0.979,-0.186,0.077],"_shiftlockState":false,"_pose":"Running","_animationQueue":[["walk",0.1]],"_animationSpeed":1.066,"_zoom":16.125},{"_mousePosition":[702,383],"_rootPartCFrame":[770.096,222.666,45.687,0.205,0,0.979,0,1,0,-0.979,0,0.205],"_humanoidState":8,"_cameraCFrame":[776.082,239.088,46.919,0.202,-0.906,0.371,0,0.379,0.925,-0.979,-0.187,0.076],"_shiftlockState":false,"_pose":"Running","_animationQueue":[],"_animationSpeed":1.066,"_zoom":16.125},{"_mousePosition":[702,383],"_rootPartCFrame":[769.834,222.577,45.633,0.204,0,0.979,0,1,0,-0.979,0,0.204],"_humanoidState":8,"_cameraCFrame":[775.76,239.023,46.868,0.204,-0.907,0.367,0,0.375,0.927,-0.979,-0.189,0.077],"_shiftlockState":false,"_pose":"Running","_animationQueue":[],"_animationSpeed":1.066,"_zoom":16.125},{"_mousePosition":[702,383],"_rootPartCFrame":[769.573,222.434,45.58,0.204,0,0.979,0,1,0,-0.979,0,0.204],"_humanoidState":8,"_cameraCFrame":[775.432,238.903,46.847,0.211,-0.907,0.363,0,0.372,0.928,-0.977,-0.196,0.079],"_shiftlockState":false,"_pose":"Running","_animationQueue":[],"_animationSpeed":1.066,"_zoom":16.125},{"_mousePosition":[702,383],"_rootPartCFrame":[769.312,223.307,45.526,0.203,0,0.979,0,1,0,-0.979,0,0.203],"_humanoidState":3,"_cameraCFrame":[775.098,239.8,46.855,0.224,-0.906,0.359,0,0.368,0.93,-0.975,-0.208,0.082],"_shiftlockState":false,"_pose":"Jumping","_animationQueue":[["walk",0.1],["jump",0.1]],"_animationSpeed":1,"_zoom":16.125},{"_mousePosition":[702,383],"_rootPartCFrame":[769.051,224.129,45.47,0.204,0,0.979,0,1,0,-0.979,0,0.204],"_humanoidState":5,"_cameraCFrame":[774.756,240.645,46.887,0.241,-0.904,0.354,0,0.365,0.931,-0.971,-0.224,0.088],"_shiftlockState":false,"_pose":"FreeFall","_animationQueue":[["jump",0.1]],"_animationSpeed":1,"_zoom":16.125},{"_mousePosition":[702,383],"_rootPartCFrame":[768.791,224.897,45.411,0.206,0,0.979,0,1,0,-0.979,0,0.206],"_humanoidState":5,"_cameraCFrame":[774.381,241.446,46.92,0.261,-0.901,0.347,0,0.359,0.933,-0.965,-0.243,0.094],"_shiftlockState":false,"_pose":"FreeFall","_animationQueue":[],"_animationSpeed":1,"_zoom":16.125},{"_mousePosition":[702,383],"_rootPartCFrame":[768.532,225.61,45.347,0.21,0,0.978,0,1,0,-0.978,0,0.21],"_humanoidState":5,"_cameraCFrame":[774.038,242.182,46.939,0.278,-0.898,0.341,0,0.355,0.935,-0.961,-0.26,0.099],"_shiftlockState":false,"_pose":"FreeFall","_animationQueue":[],"_animationSpeed":1,"_zoom":16.125},{"_mousePosition":[702,383],"_rootPartCFrame":[768.274,226.268,45.278,0.216,0,0.976,0,1,0,-0.976,0,0.216],"_humanoidState":5,"_cameraCFrame":[773.699,242.862,46.936,0.292,-0.895,0.336,0,0.352,0.936,-0.956,-0.274,0.103],"_shiftlockState":false,"_pose":"FreeFall","_animationQueue":[],"_animationSpeed":1,"_zoom":16.125},{"_mousePosition":[702,383],"_rootPartCFrame":[768.018,226.872,45.205,0.224,0,0.975,0,1,0,-0.975,0,0.224],"_humanoidState":5,"_cameraCFrame":[773.422,243.466,46.931,0.304,-0.892,0.335,0,0.352,0.936,-0.953,-0.285,0.107],"_shiftlockState":false,"_pose":"FreeFall","_animationQueue":[],"_animationSpeed":1,"_zoom":16.125},{"_mousePosition":[702,383],"_rootPartCFrame":[767.763,227.422,45.128,0.233,0,0.973,0,1,0,-0.973,0,0.233],"_humanoidState":5,"_cameraCFrame":[773.158,244.016,46.881,0.309,-0.89,0.335,0,0.352,0.936,-0.951,-0.289,0.109],"_shiftlockState":false,"_pose":"FreeFall","_animationQueue":[],"_animationSpeed":1,"_zoom":16.125},{"_mousePosition":[702,383],"_rootPartCFrame":[767.509,227.917,45.047,0.242,0,0.97,0,1,0,-0.97,0,0.242],"_humanoidState":5,"_cameraCFrame":[772.899,244.511,46.814,0.312,-0.889,0.334,0,0.352,0.936,-0.95,-0.292,0.11],"_shiftlockState":false,"_pose":"FreeFall","_animationQueue":[],"_animationSpeed":1,"_zoom":16.125},{"_mousePosition":[702,383],"_rootPartCFrame":[767.192,228.459,44.944,0.253,0,0.967,0,1,0,-0.967,0,0.253],"_humanoidState":5,"_cameraCFrame":[772.582,245.053,46.711,0.312,-0.889,0.334,0,0.352,0.936,-0.95,-0.292,0.11],"_shiftlockState":false,"_pose":"FreeFall","_animationQueue":[],"_animationSpeed":1,"_zoom":16.125},{"_mousePosition":[702,383],"_rootPartCFrame":[767.002,228.743,44.882,0.26,0,0.966,0,1,0,-0.966,0,0.26],"_humanoidState":5,"_cameraCFrame":[772.392,245.338,46.649,0.312,-0.889,0.334,0,0.352,0.936,-0.95,-0.292,0.11],"_shiftlockState":false,"_pose":"FreeFall","_animationQueue":[],"_animationSpeed":1,"_zoom":16.125},{"_mousePosition":[702,383],"_rootPartCFrame":[766.748,229.075,44.799,0.267,0,0.964,0,1,0,-0.964,0,0.267],"_humanoidState":5,"_cameraCFrame":[772.138,245.669,46.566,0.312,-0.889,0.334,0,0.352,0.936,-0.95,-0.292,0.11],"_shiftlockState":false,"_pose":"FreeFall","_animationQueue":[],"_animationSpeed":1,"_zoom":16.125},{"_mousePosition":[702,383],"_rootPartCFrame":[766.495,229.352,44.716,0.273,0,0.962,0,1,0,-0.962,0,0.273],"_humanoidState":5,"_cameraCFrame":[771.885,245.946,46.483,0.312,-0.889,0.334,0,0.352,0.936,-0.95,-0.292,0.11],"_shiftlockState":false,"_pose":"FreeFall","_animationQueue":[],"_animationSpeed":1,"_zoom":16.125},{"_mousePosition":[702,383],"_rootPartCFrame":[766.305,229.524,44.653,0.277,0,0.961,0,1,0,-0.961,0,0.277],"_humanoidState":5,"_cameraCFrame":[771.695,246.118,46.421,0.312,-0.889,0.334,0,0.352,0.936,-0.95,-0.292,0.11],"_shiftlockState":false,"_pose":"FreeFall","_animationQueue":[],"_animationSpeed":1,"_zoom":16.125},{"_mousePosition":[702,383],"_rootPartCFrame":[765.988,229.742,44.549,0.283,0,0.959,0,1,0,-0.959,0,0.283],"_humanoidState":5,"_cameraCFrame":[771.378,246.337,46.317,0.312,-0.889,0.334,0,0.352,0.936,-0.95,-0.292,0.11],"_shiftlockState":false,"_pose":"FreeFall","_animationQueue":[],"_animationSpeed":1,"_zoom":16.125},{"_mousePosition":[702,383],"_rootPartCFrame":[765.734,229.856,44.466,0.287,0,0.958,0,1,0,-0.958,0,0.287],"_humanoidState":5,"_cameraCFrame":[771.125,246.45,46.234,0.312,-0.889,0.334,0,0.352,0.936,-0.95,-0.292,0.11],"_shiftlockState":false,"_pose":"FreeFall","_animationQueue":[],"_animationSpeed":1,"_zoom":16.125},{"_mousePosition":[702,383],"_rootPartCFrame":[765.544,229.905,44.404,0.29,0,0.957,0,1,0,-0.957,0,0.29],"_humanoidState":5,"_cameraCFrame":[770.935,246.499,46.172,0.312,-0.889,0.334,0,0.352,0.936,-0.95,-0.292,0.11],"_shiftlockState":false,"_pose":"FreeFall","_animationQueue":[],"_animationSpeed":1,"_zoom":16.125},{"_mousePosition":[702,383],"_rootPartCFrame":[765.228,229.919,44.3,0.294,0,0.956,0,1,0,-0.956,0,0.294],"_humanoidState":5,"_cameraCFrame":[770.618,246.514,46.068,0.312,-0.889,0.334,0,0.352,0.936,-0.95,-0.292,0.11],"_shiftlockState":false,"_pose":"FreeFall","_animationQueue":[],"_animationSpeed":1,"_zoom":16.125},{"_mousePosition":[702,383],"_rootPartCFrame":[764.974,229.869,44.217,0.296,0,0.955,0,1,0,-0.955,0,0.296],"_humanoidState":5,"_cameraCFrame":[770.365,246.464,45.985,0.312,-0.889,0.334,0,0.352,0.936,-0.95,-0.292,0.11],"_shiftlockState":false,"_pose":"FreeFall","_animationQueue":[["fall",0.3]],"_animationSpeed":1,"_zoom":16.125},{"_mousePosition":[702,383],"_rootPartCFrame":[764.721,229.765,44.134,0.298,0,0.954,0,1,0,-0.954,0,0.298],"_humanoidState":5,"_cameraCFrame":[770.111,246.359,45.901,0.312,-0.889,0.334,0,0.352,0.936,-0.95,-0.292,0.11],"_shiftlockState":false,"_pose":"FreeFall","_animationQueue":[],"_animationSpeed":1,"_zoom":16.125},{"_mousePosition":[702,383],"_rootPartCFrame":[764.467,229.606,44.051,0.3,0,0.954,0,1,0,-0.954,0,0.3],"_humanoidState":5,"_cameraCFrame":[769.858,246.2,45.818,0.312,-0.889,0.334,0,0.352,0.936,-0.95,-0.292,0.11],"_shiftlockState":false,"_pose":"FreeFall","_animationQueue":[],"_animationSpeed":1,"_zoom":16.125},{"_mousePosition":[702,383],"_rootPartCFrame":[764.214,229.393,43.968,0.302,0,0.953,0,1,0,-0.953,0,0.302],"_humanoidState":5,"_cameraCFrame":[769.572,245.998,45.74,0.314,-0.889,0.332,0,0.35,0.937,-0.949,-0.294,0.11],"_shiftlockState":false,"_pose":"FreeFall","_animationQueue":[],"_animationSpeed":1,"_zoom":16.125},{"_mousePosition":[702,383],"_rootPartCFrame":[763.961,229.125,43.885,0.303,0,0.953,0,1,0,-0.953,0,0.303],"_humanoidState":5,"_cameraCFrame":[769.29,245.741,45.647,0.314,-0.89,0.331,0,0.348,0.937,-0.949,-0.294,0.109],"_shiftlockState":false,"_pose":"FreeFall","_animationQueue":[],"_animationSpeed":1,"_zoom":16.125},{"_mousePosition":[702,383],"_rootPartCFrame":[763.707,228.802,43.801,0.305,0,0.952,0,1,0,-0.952,0,0.305],"_humanoidState":5,"_cameraCFrame":[769.037,245.418,45.564,0.314,-0.89,0.331,0,0.348,0.937,-0.949,-0.294,0.109],"_shiftlockState":false,"_pose":"FreeFall","_animationQueue":[],"_animationSpeed":1,"_zoom":16.125},{"_mousePosition":[702,383],"_rootPartCFrame":[763.454,228.425,43.717,0.306,0,0.952,0,1,0,-0.952,0,0.306],"_humanoidState":5,"_cameraCFrame":[768.784,245.041,45.48,0.314,-0.89,0.331,0,0.348,0.937,-0.949,-0.294,0.109],"_shiftlockState":false,"_pose":"FreeFall","_animationQueue":[],"_animationSpeed":1,"_zoom":16.125},{"_mousePosition":[702,383],"_rootPartCFrame":[763.201,227.994,43.634,0.307,0,0.952,0,1,0,-0.952,0,0.307],"_humanoidState":5,"_cameraCFrame":[768.531,244.61,45.396,0.314,-0.89,0.331,0,0.348,0.937,-0.949,-0.294,0.109],"_shiftlockState":false,"_pose":"FreeFall","_animationQueue":[["fall",0.3]],"_animationSpeed":1,"_zoom":16.125},{"_mousePosition":[702,383],"_rootPartCFrame":[762.948,227.508,43.55,0.308,0,0.951,0,1,0,-0.951,0,0.308],"_humanoidState":5,"_cameraCFrame":[768.278,244.124,45.313,0.314,-0.89,0.331,0,0.348,0.937,-0.949,-0.294,0.109],"_shiftlockState":false,"_pose":"FreeFall","_animationQueue":[],"_animationSpeed":1,"_zoom":16.125},{"_mousePosition":[702,383],"_rootPartCFrame":[762.695,226.967,43.466,0.309,0,0.951,0,1,0,-0.951,0,0.309],"_humanoidState":5,"_cameraCFrame":[768.016,243.583,45.256,0.319,-0.889,0.33,0,0.348,0.937,-0.948,-0.299,0.111],"_shiftlockState":false,"_pose":"FreeFall","_animationQueue":[],"_animationSpeed":1,"_zoom":16.125},{"_mousePosition":[702,383],"_rootPartCFrame":[762.441,226.372,43.382,0.31,0,0.951,0,1,0,-0.951,0,0.31],"_humanoidState":5,"_cameraCFrame":[767.753,242.988,45.199,0.324,-0.887,0.329,0,0.348,0.937,-0.946,-0.303,0.113],"_shiftlockState":false,"_pose":"FreeFall","_animationQueue":[],"_animationSpeed":1,"_zoom":16.125},{"_mousePosition":[702,383],"_rootPartCFrame":[762.257,226.282,43.321,0.311,0,0.951,0,1,0,-0.951,0,0.311],"_humanoidState":7,"_cameraCFrame":[767.546,242.898,45.204,0.336,-0.883,0.328,0,0.348,0.937,-0.942,-0.315,0.117],"_shiftlockState":false,"_pose":"FreeFall","_animationQueue":[["walk",0.1],["fall",0.3],["fall",0.3]],"_animationSpeed":1,"_zoom":16.125},{"_mousePosition":[702,383],"_rootPartCFrame":[762.065,226.28,43.255,0.312,0,0.95,0,1,0,-0.95,0,0.312],"_humanoidState":7,"_cameraCFrame":[767.325,242.896,45.219,0.35,-0.878,0.326,0,0.348,0.937,-0.937,-0.328,0.122],"_shiftlockState":false,"_pose":"FreeFall","_animationQueue":[],"_animationSpeed":1,"_zoom":16.125},{"_mousePosition":[702,383],"_rootPartCFrame":[761.855,226.28,43.181,0.316,0,0.949,0,1,0,-0.949,0,0.316],"_humanoidState":8,"_cameraCFrame":[767.073,242.896,45.25,0.369,-0.871,0.324,0,0.348,0.937,-0.93,-0.346,0.128],"_shiftlockState":false,"_pose":"Running","_animationQueue":[["walk",0.1],["fall",0.3],["walk",0.1]],"_animationSpeed":0.852,"_zoom":16.125},{"_mousePosition":[702,383],"_rootPartCFrame":[761.704,226.28,43.124,0.32,0,0.947,0,1,0,-0.947,0,0.32],"_humanoidState":8,"_cameraCFrame":[766.885,242.896,45.286,0.385,-0.865,0.321,0,0.348,0.937,-0.923,-0.361,0.134],"_shiftlockState":false,"_pose":"Running","_animationQueue":[["walk",0.1],["walk",0.1]],"_animationSpeed":0.727,"_zoom":16.125},{"_mousePosition":[702,383],"_rootPartCFrame":[761.51,226.28,43.048,0.327,0,0.945,0,1,0,-0.945,0,0.327],"_humanoidState":8,"_cameraCFrame":[766.657,242.896,45.288,0.399,-0.86,0.319,0,0.348,0.937,-0.917,-0.374,0.139],"_shiftlockState":false,"_pose":"Running","_animationQueue":[["walk",0.1]],"_animationSpeed":0.664,"_zoom":16.125},{"_mousePosition":[702,383],"_rootPartCFrame":[761.285,226.28,42.954,0.334,0,0.942,0,1,0,-0.942,0,0.334],"_humanoidState":8,"_cameraCFrame":[766.383,242.907,45.235,0.408,-0.856,0.316,0,0.346,0.938,-0.913,-0.383,0.141],"_shiftlockState":false,"_pose":"Running","_animationQueue":[["walk",0.1]],"_animationSpeed":0.877,"_zoom":16.125},{"_mousePosition":[702,383],"_rootPartCFrame":[761.048,226.167,42.852,0.343,0,0.939,0,1,0,-0.939,0,0.343],"_humanoidState":8,"_cameraCFrame":[766.128,242.795,45.17,0.415,-0.853,0.315,0,0.346,0.938,-0.91,-0.39,0.144],"_shiftlockState":false,"_pose":"Running","_animationQueue":[["walk",0.1]],"_animationSpeed":1.014,"_zoom":16.125},{"_mousePosition":[702,383],"_rootPartCFrame":[760.811,225.998,42.746,0.352,0,0.936,0,1,0,-0.936,0,0.352],"_humanoidState":8,"_cameraCFrame":[765.891,242.625,45.065,0.415,-0.853,0.315,0,0.346,0.938,-0.91,-0.39,0.144],"_shiftlockState":false,"_pose":"Running","_animationQueue":[["walk",0.1]],"_animationSpeed":1.072,"_zoom":16.125},{"_mousePosition":[702,383],"_rootPartCFrame":[760.569,225.775,42.636,0.36,0,0.933,0,1,0,-0.933,0,0.36],"_humanoidState":8,"_cameraCFrame":[765.649,242.402,44.954,0.415,-0.853,0.315,0,0.346,0.938,-0.91,-0.39,0.144],"_shiftlockState":false,"_pose":"Running","_animationQueue":[],"_animationSpeed":1.072,"_zoom":16.125},{"_mousePosition":[702,383],"_rootPartCFrame":[760.34,225.496,42.531,0.368,0,0.93,0,1,0,-0.93,0,0.368],"_humanoidState":8,"_cameraCFrame":[765.42,242.124,44.85,0.415,-0.853,0.315,0,0.346,0.938,-0.91,-0.39,0.144],"_shiftlockState":false,"_pose":"Running","_animationQueue":[["walk",0.1]],"_animationSpeed":1.072,"_zoom":16.125},{"_mousePosition":[702,383],"_rootPartCFrame":[760.106,225.472,42.424,0.374,0,0.927,0,1,0,-0.927,0,0.374],"_humanoidState":8,"_cameraCFrame":[765.186,242.099,44.743,0.415,-0.853,0.315,0,0.346,0.938,-0.91,-0.39,0.144],"_shiftlockState":false,"_pose":"Running","_animationQueue":[],"_animationSpeed":1.072,"_zoom":16.125},{"_mousePosition":[702,383],"_rootPartCFrame":[759.872,226.345,42.318,0.381,0,0.925,0,1,0,-0.925,0,0.381],"_humanoidState":3,"_cameraCFrame":[764.953,242.972,44.636,0.415,-0.853,0.315,0,0.346,0.938,-0.91,-0.39,0.144],"_shiftlockState":false,"_pose":"Jumping","_animationQueue":[["walk",0.1],["jump",0.1]],"_animationSpeed":1,"_zoom":16.125},{"_mousePosition":[702,383],"_rootPartCFrame":[759.631,227.167,42.207,0.386,0,0.923,0,1,0,-0.923,0,0.386],"_humanoidState":5,"_cameraCFrame":[764.711,243.794,44.526,0.415,-0.853,0.315,0,0.346,0.938,-0.91,-0.39,0.144],"_shiftlockState":false,"_pose":"FreeFall","_animationQueue":[["jump",0.1]],"_animationSpeed":1,"_zoom":16.125},{"_mousePosition":[702,383],"_rootPartCFrame":[759.388,227.935,42.097,0.39,0,0.921,0,1,0,-0.921,0,0.39],"_humanoidState":5,"_cameraCFrame":[764.469,244.562,44.415,0.415,-0.853,0.315,0,0.346,0.938,-0.91,-0.39,0.144],"_shiftlockState":false,"_pose":"FreeFall","_animationQueue":[],"_animationSpeed":1,"_zoom":16.125},{"_mousePosition":[702,383],"_rootPartCFrame":[759.146,228.648,41.986,0.394,0,0.919,0,1,0,-0.919,0,0.394],"_humanoidState":5,"_cameraCFrame":[764.226,245.275,44.305,0.415,-0.853,0.315,0,0.346,0.938,-0.91,-0.39,0.144],"_shiftlockState":false,"_pose":"FreeFall","_animationQueue":[],"_animationSpeed":1,"_zoom":16.125},{"_mousePosition":[702,383],"_rootPartCFrame":[758.903,229.306,41.875,0.397,0,0.918,0,1,0,-0.918,0,0.397],"_humanoidState":5,"_cameraCFrame":[763.983,245.934,44.194,0.415,-0.853,0.315,0,0.346,0.938,-0.91,-0.39,0.144],"_shiftlockState":false,"_pose":"FreeFall","_animationQueue":[],"_animationSpeed":1,"_zoom":16.125},{"_mousePosition":[702,383],"_rootPartCFrame":[758.66,229.91,41.764,0.399,0,0.917,0,1,0,-0.917,0,0.399],"_humanoidState":5,"_cameraCFrame":[763.741,246.538,44.083,0.415,-0.853,0.315,0,0.346,0.938,-0.91,-0.39,0.144],"_shiftlockState":false,"_pose":"FreeFall","_animationQueue":[],"_animationSpeed":1,"_zoom":16.125},{"_mousePosition":[702,383],"_rootPartCFrame":[758.418,230.46,41.654,0.402,0,0.916,0,1,0,-0.916,0,0.402],"_humanoidState":5,"_cameraCFrame":[763.498,247.087,43.973,0.415,-0.853,0.315,0,0.346,0.938,-0.91,-0.39,0.144],"_shiftlockState":false,"_pose":"FreeFall","_animationQueue":[],"_animationSpeed":1,"_zoom":16.125},{"_mousePosition":[702,383],"_rootPartCFrame":[758.175,230.955,41.543,0.404,0,0.915,0,1,0,-0.915,0,0.404],"_humanoidState":5,"_cameraCFrame":[763.255,247.582,43.862,0.415,-0.853,0.315,0,0.346,0.938,-0.91,-0.39,0.144],"_shiftlockState":false,"_pose":"FreeFall","_animationQueue":[],"_animationSpeed":1,"_zoom":16.125},{"_mousePosition":[702,383],"_rootPartCFrame":[757.932,231.395,41.432,0.405,0,0.914,0,1,0,-0.914,0,0.405],"_humanoidState":5,"_cameraCFrame":[763.013,248.023,43.751,0.415,-0.853,0.315,0,0.346,0.938,-0.91,-0.39,0.144],"_shiftlockState":false,"_pose":"FreeFall","_animationQueue":[],"_animationSpeed":1,"_zoom":16.125},{"_mousePosition":[702,383],"_rootPartCFrame":[757.69,231.781,41.322,0.407,0,0.914,0,1,0,-0.914,0,0.407],"_humanoidState":5,"_cameraCFrame":[762.77,248.409,43.64,0.415,-0.853,0.315,0,0.346,0.938,-0.91,-0.39,0.144],"_shiftlockState":false,"_pose":"FreeFall","_animationQueue":[],"_animationSpeed":1,"_zoom":16.125},{"_mousePosition":[702,383],"_rootPartCFrame":[757.447,232.113,41.211,0.408,0,0.913,0,1,0,-0.913,0,0.408],"_humanoidState":5,"_cameraCFrame":[762.527,248.74,43.53,0.415,-0.853,0.315,0,0.346,0.938,-0.91,-0.39,0.144],"_shiftlockState":false,"_pose":"FreeFall","_animationQueue":[],"_animationSpeed":1,"_zoom":16.125},{"_mousePosition":[702,383],"_rootPartCFrame":[757.204,232.39,41.1,0.409,0,0.913,0,1,0,-0.913,0,0.409],"_humanoidState":5,"_cameraCFrame":[762.285,249.017,43.419,0.415,-0.853,0.315,0,0.346,0.938,-0.91,-0.39,0.144],"_shiftlockState":false,"_pose":"FreeFall","_animationQueue":[],"_animationSpeed":1,"_zoom":16.125},{"_mousePosition":[702,383],"_rootPartCFrame":[756.962,232.613,40.989,0.41,0,0.912,0,1,0,-0.912,0,0.41],"_humanoidState":5,"_cameraCFrame":[762.021,249.251,43.283,0.413,-0.855,0.314,0,0.344,0.939,-0.911,-0.388,0.142],"_shiftlockState":false,"_pose":"FreeFall","_animationQueue":[],"_animationSpeed":1,"_zoom":16.125},{"_mousePosition":[702,383],"_rootPartCFrame":[756.719,232.781,40.879,0.411,0,0.912,0,1,0,-0.912,0,0.411],"_humanoidState":5,"_cameraCFrame":[761.79,249.419,43.147,0.408,-0.857,0.314,0,0.344,0.939,-0.913,-0.383,0.141],"_shiftlockState":false,"_pose":"FreeFall","_animationQueue":[],"_animationSpeed":1,"_zoom":16.125},{"_mousePosition":[702,383],"_rootPartCFrame":[756.476,232.894,40.768,0.411,0,0.912,0,1,0,-0.912,0,0.411],"_humanoidState":5,"_cameraCFrame":[761.57,249.532,42.985,0.399,-0.861,0.316,0,0.344,0.939,-0.917,-0.375,0.137],"_shiftlockState":false,"_pose":"FreeFall","_animationQueue":[],"_animationSpeed":1,"_zoom":16.125},{"_mousePosition":[702,383],"_rootPartCFrame":[756.233,232.953,40.659,0.411,0,0.912,0,1,0,-0.912,0,0.411],"_humanoidState":5,"_cameraCFrame":[761.359,249.591,42.798,0.385,-0.866,0.318,0,0.344,0.939,-0.923,-0.362,0.133],"_shiftlockState":false,"_pose":"FreeFall","_animationQueue":[],"_animationSpeed":1,"_zoom":16.125},{"_mousePosition":[702,383],"_rootPartCFrame":[755.989,232.958,40.553,0.41,0,0.912,0,1,0,-0.912,0,0.41],"_humanoidState":5,"_cameraCFrame":[761.162,249.596,42.574,0.364,-0.874,0.321,0,0.344,0.939,-0.931,-0.342,0.125],"_shiftlockState":false,"_pose":"FreeFall","_animationQueue":[],"_animationSpeed":1,"_zoom":16.125},{"_mousePosition":[702,383],"_rootPartCFrame":[755.681,232.887,40.424,0.406,0,0.914,0,1,0,-0.914,0,0.406],"_humanoidState":5,"_cameraCFrame":[760.877,249.535,42.304,0.34,-0.883,0.322,0,0.343,0.939,-0.94,-0.32,0.117],"_shiftlockState":false,"_pose":"FreeFall","_animationQueue":[["fall",0.3]],"_animationSpeed":1,"_zoom":16.125},{"_mousePosition":[702,383],"_rootPartCFrame":[755.495,232.803,40.35,0.403,0,0.915,0,1,0,-0.915,0,0.403],"_humanoidState":5,"_cameraCFrame":[760.739,249.463,41.996,0.3,-0.897,0.325,0,0.341,0.94,-0.954,-0.282,0.102],"_shiftlockState":false,"_pose":"FreeFall","_animationQueue":[],"_animationSpeed":1,"_zoom":16.125},{"_mousePosition":[702,383],"_rootPartCFrame":[755.182,232.596,40.236,0.393,0,0.919,0,1,0,-0.919,0,0.393],"_humanoidState":5,"_cameraCFrame":[760.481,249.255,41.695,0.266,-0.906,0.329,0,0.341,0.94,-0.964,-0.25,0.091],"_shiftlockState":false,"_pose":"FreeFall","_animationQueue":[],"_animationSpeed":1,"_zoom":16.125},{"_mousePosition":[702,383],"_rootPartCFrame":[754.992,232.431,40.174,0.385,0,0.923,0,1,0,-0.923,0,0.385],"_humanoidState":5,"_cameraCFrame":[760.342,249.09,41.431,0.229,-0.915,0.332,0,0.341,0.94,-0.973,-0.215,0.078],"_shiftlockState":false,"_pose":"FreeFall","_animationQueue":[],"_animationSpeed":1,"_zoom":16.125},{"_mousePosition":[702,383],"_rootPartCFrame":[754.735,232.163,40.102,0.371,0,0.929,0,1,0,-0.929,0,0.371],"_humanoidState":5,"_cameraCFrame":[760.134,248.822,41.128,0.187,-0.924,0.335,0,0.341,0.94,-0.982,-0.176,0.064],"_shiftlockState":false,"_pose":"FreeFall","_animationQueue":[],"_animationSpeed":1,"_zoom":16.125},{"_mousePosition":[702,383],"_rootPartCFrame":[754.528,232.12,40.052,0.354,0,0.935,0,1,0,-0.935,0,0.354],"_humanoidState":7,"_cameraCFrame":[759.968,248.78,40.831,0.142,-0.931,0.337,0,0.341,0.94,-0.99,-0.133,0.048],"_shiftlockState":false,"_pose":"FreeFall","_animationQueue":[["walk",0.1],["fall",0.3],["fall",0.3]],"_animationSpeed":1,"_zoom":16.125},{"_mousePosition":[702,383],"_rootPartCFrame":[754.319,232.12,40.011,0.333,0,0.943,0,1,0,-0.943,0,0.333],"_humanoidState":7,"_cameraCFrame":[759.791,248.779,40.527,0.094,-0.936,0.339,0,0.341,0.94,-0.996,-0.088,0.032],"_shiftlockState":false,"_pose":"FreeFall","_animationQueue":[],"_animationSpeed":1,"_zoom":16.125},{"_mousePosition":[702,383],"_rootPartCFrame":[754.039,232.119,39.969,0.302,0,0.953,0,1,0,-0.953,0,0.302],"_humanoidState":8,"_cameraCFrame":[759.529,248.779,40.222,0.046,-0.939,0.34,0,0.341,0.94,-0.999,-0.043,0.016],"_shiftlockState":false,"_pose":"Running","_animationQueue":[["fall",0.3],["walk",0.1],["fall",0.3],["walk",0.1]],"_animationSpeed":0.883,"_zoom":16.125},{"_mousePosition":[702,383],"_rootPartCFrame":[753.81,232.119,39.947,0.275,0,0.961,0,1,0,-0.961,0,0.275],"_humanoidState":8,"_cameraCFrame":[759.306,248.779,39.922,-0.005,-0.94,0.341,0,0.341,0.94,-1,0.004,-0.002],"_shiftlockState":false,"_pose":"Running","_animationQueue":[["walk",0.1]],"_animationSpeed":0.945,"_zoom":16.125},{"_mousePosition":[702,383],"_rootPartCFrame":[753.568,232.119,39.935,0.246,0,0.969,0,1,0,-0.969,0,0.246],"_humanoidState":8,"_cameraCFrame":[759.056,248.779,39.646,-0.053,-0.939,0.34,0,0.341,0.94,-0.999,0.049,-0.018],"_shiftlockState":false,"_pose":"Running","_animationQueue":[],"_animationSpeed":0.945,"_zoom":16.125},{"_mousePosition":[702,383],"_rootPartCFrame":[753.316,232.007,39.935,0.213,0,0.977,0,1,0,-0.977,0,0.213],"_humanoidState":8,"_cameraCFrame":[758.786,248.667,39.41,-0.096,-0.936,0.339,0,0.341,0.94,-0.995,0.09,-0.033],"_shiftlockState":false,"_pose":"Running","_animationQueue":[["walk",0.1]],"_animationSpeed":1.005,"_zoom":16.125},{"_mousePosition":[702,383],"_rootPartCFrame":[753.056,231.838,39.948,0.178,0,0.984,0,1,0,-0.984,0,0.178],"_humanoidState":8,"_cameraCFrame":[758.505,248.497,39.229,-0.131,-0.932,0.338,0,0.341,0.94,-0.991,0.123,-0.045],"_shiftlockState":false,"_pose":"Running","_animationQueue":[],"_animationSpeed":1.005,"_zoom":16.125},{"_mousePosition":[702,383],"_rootPartCFrame":[752.792,231.614,39.972,0.142,0,0.99,0,1,0,-0.99,0,0.142],"_humanoidState":8,"_cameraCFrame":[758.273,248.252,39.065,-0.163,-0.926,0.34,0,0.344,0.939,-0.987,0.153,-0.056],"_shiftlockState":false,"_pose":"Running","_animationQueue":[["walk",0.1]],"_animationSpeed":1.078,"_zoom":16.125},{"_mousePosition":[702,383],"_rootPartCFrame":[752.529,232.487,39.997,0.106,0,0.994,0,1,0,-0.994,0,0.106],"_humanoidState":3,"_cameraCFrame":[758.039,249.104,38.927,-0.191,-0.92,0.342,0,0.348,0.937,-0.982,0.179,-0.066],"_shiftlockState":false,"_pose":"Jumping","_animationQueue":[["walk",0.1],["walk",0.1],["jump",0.1]],"_animationSpeed":1,"_zoom":16.125},{"_mousePosition":[702,383],"_rootPartCFrame":[752.331,233.109,40.026,0.079,0,0.997,0,1,0,-0.997,0,0.079],"_humanoidState":5,"_cameraCFrame":[757.905,249.681,38.693,-0.233,-0.909,0.346,0,0.355,0.935,-0.973,0.217,-0.083],"_shiftlockState":false,"_pose":"FreeFall","_animationQueue":[["jump",0.1]],"_animationSpeed":1,"_zoom":16.125},{"_mousePosition":[702,383],"_rootPartCFrame":[752.069,233.89,40.076,0.043,0,0.999,0,1,0,-0.999,0,0.043],"_humanoidState":5,"_cameraCFrame":[757.661,250.44,38.572,-0.26,-0.901,0.347,0,0.359,0.933,-0.966,0.242,-0.093],"_shiftlockState":false,"_pose":"FreeFall","_animationQueue":[],"_animationSpeed":1,"_zoom":16.125},{"_mousePosition":[702,383],"_rootPartCFrame":[751.809,234.617,40.136,0.006,0,1,0,1,0,-1,0,0.006],"_humanoidState":5,"_cameraCFrame":[757.385,251.155,38.469,-0.286,-0.894,0.346,0,0.361,0.933,-0.958,0.267,-0.103],"_shiftlockState":false,"_pose":"FreeFall","_animationQueue":[],"_animationSpeed":1,"_zoom":16.125},{"_mousePosition":[702,383],"_rootPartCFrame":[751.552,235.289,40.205,-0.03,0,1,0,1,0,-1,0,-0.03],"_humanoidState":5,"_cameraCFrame":[757.116,251.816,38.402,-0.308,-0.887,0.345,0,0.363,0.932,-0.951,0.287,-0.112],"_shiftlockState":false,"_pose":"FreeFall","_animationQueue":[],"_animationSpeed":1,"_zoom":16.125},{"_mousePosition":[702,383],"_rootPartCFrame":[751.296,235.907,40.28,-0.065,0,0.998,0,1,0,-0.998,0,-0.065],"_humanoidState":5,"_cameraCFrame":[756.817,252.434,38.351,-0.33,-0.88,0.342,0,0.363,0.932,-0.944,0.307,-0.12],"_shiftlockState":false,"_pose":"FreeFall","_animationQueue":[],"_animationSpeed":1,"_zoom":16.125},{"_mousePosition":[702,383],"_rootPartCFrame":[751.042,236.47,40.361,-0.099,0,0.995,0,1,0,-0.995,0,-0.099],"_humanoidState":5,"_cameraCFrame":[756.513,252.997,38.293,-0.354,-0.872,0.339,0,0.363,0.932,-0.935,0.329,-0.128],"_shiftlockState":false,"_pose":"FreeFall","_animationQueue":[],"_animationSpeed":1,"_zoom":16.125},{"_mousePosition":[702,383],"_rootPartCFrame":[750.79,236.978,40.448,-0.13,0,0.991,0,1,0,-0.991,0,-0.13],"_humanoidState":5,"_cameraCFrame":[756.201,253.505,38.229,-0.379,-0.862,0.336,0,0.363,0.932,-0.925,0.354,-0.138],"_shiftlockState":false,"_pose":"FreeFall","_animationQueue":[],"_animationSpeed":1,"_zoom":16.125},{"_mousePosition":[702,383],"_rootPartCFrame":[750.54,237.433,40.542,-0.161,0,0.987,0,1,0,-0.987,0,-0.161],"_humanoidState":5,"_cameraCFrame":[755.888,253.959,38.172,-0.405,-0.852,0.332,0,0.363,0.932,-0.914,0.377,-0.147],"_shiftlockState":false,"_pose":"FreeFall","_animationQueue":[],"_animationSpeed":1,"_zoom":16.125},{"_mousePosition":[702,383],"_rootPartCFrame":[750.293,237.832,40.642,-0.191,0,0.982,0,1,0,-0.982,0,-0.191],"_humanoidState":5,"_cameraCFrame":[755.566,254.359,38.111,-0.433,-0.84,0.327,0,0.363,0.932,-0.902,0.403,-0.157],"_shiftlockState":false,"_pose":"FreeFall","_animationQueue":[],"_animationSpeed":1,"_zoom":16.125},{"_mousePosition":[702,383],"_rootPartCFrame":[750.049,238.177,40.749,-0.221,0,0.975,0,1,0,-0.975,0,-0.221],"_humanoidState":5,"_cameraCFrame":[755.256,254.704,38.086,-0.455,-0.83,0.323,0,0.363,0.932,-0.89,0.424,-0.165],"_shiftlockState":false,"_pose":"FreeFall","_animationQueue":[],"_animationSpeed":1,"_zoom":16.125},{"_mousePosition":[702,383],"_rootPartCFrame":[749.808,238.468,40.863,-0.25,0,0.968,0,1,0,-0.968,0,-0.25],"_humanoidState":5,"_cameraCFrame":[754.96,254.995,38.095,-0.473,-0.821,0.32,0,0.363,0.932,-0.881,0.441,-0.172],"_shiftlockState":false,"_pose":"FreeFall","_animationQueue":[],"_animationSpeed":1,"_zoom":16.125},{"_mousePosition":[702,383],"_rootPartCFrame":[749.57,238.704,40.984,-0.278,0,0.961,0,1,0,-0.961,0,-0.278],"_humanoidState":5,"_cameraCFrame":[754.654,255.242,38.152,-0.487,-0.815,0.315,0,0.361,0.933,-0.874,0.454,-0.176],"_shiftlockState":false,"_pose":"FreeFall","_animationQueue":[],"_animationSpeed":1,"_zoom":16.125},{"_mousePosition":[702,383],"_rootPartCFrame":[749.335,238.886,41.109,-0.306,0,0.952,0,1,0,-0.952,0,-0.306],"_humanoidState":5,"_cameraCFrame":[754.419,255.424,38.277,-0.487,-0.815,0.315,0,0.361,0.933,-0.874,0.454,-0.176],"_shiftlockState":false,"_pose":"FreeFall","_animationQueue":[],"_animationSpeed":1,"_zoom":16.125},{"_mousePosition":[702,383],"_rootPartCFrame":[749.102,239.013,41.238,-0.331,0,0.944,0,1,0,-0.944,0,-0.331],"_humanoidState":5,"_cameraCFrame":[754.186,255.551,38.407,-0.487,-0.815,0.315,0,0.361,0.933,-0.874,0.454,-0.176],"_shiftlockState":false,"_pose":"FreeFall","_animationQueue":[],"_animationSpeed":1,"_zoom":16.125},{"_mousePosition":[702,383],"_rootPartCFrame":[748.869,239.086,41.368,-0.354,0,0.935,0,1,0,-0.935,0,-0.354],"_humanoidState":5,"_cameraCFrame":[753.953,255.624,38.536,-0.487,-0.815,0.315,0,0.361,0.933,-0.874,0.454,-0.176],"_shiftlockState":false,"_pose":"FreeFall","_animationQueue":[],"_animationSpeed":1,"_zoom":16.125},{"_mousePosition":[702,383],"_rootPartCFrame":[748.636,239.104,41.498,-0.373,0,0.928,0,1,0,-0.928,0,-0.373],"_humanoidState":5,"_cameraCFrame":[753.72,255.642,38.666,-0.487,-0.815,0.315,0,0.361,0.933,-0.874,0.454,-0.176],"_shiftlockState":false,"_pose":"FreeFall","_animationQueue":[],"_animationSpeed":1,"_zoom":16.125},{"_mousePosition":[702,383],"_rootPartCFrame":[748.403,239.067,41.627,-0.389,0,0.921,0,1,0,-0.921,0,-0.389],"_humanoidState":5,"_cameraCFrame":[753.487,255.606,38.796,-0.487,-0.815,0.315,0,0.361,0.933,-0.874,0.454,-0.176],"_shiftlockState":false,"_pose":"FreeFall","_animationQueue":[],"_animationSpeed":1,"_zoom":16.125},{"_mousePosition":[702,383],"_rootPartCFrame":[748.17,238.977,41.757,-0.403,0,0.915,0,1,0,-0.915,0,-0.403],"_humanoidState":5,"_cameraCFrame":[753.254,255.515,38.926,-0.487,-0.815,0.315,0,0.361,0.933,-0.874,0.454,-0.176],"_shiftlockState":false,"_pose":"FreeFall","_animationQueue":[],"_animationSpeed":1,"_zoom":16.125},{"_mousePosition":[702,383],"_rootPartCFrame":[747.937,238.831,41.887,-0.415,0,0.91,0,1,0,-0.91,0,-0.415],"_humanoidState":5,"_cameraCFrame":[753.028,255.369,39.068,-0.484,-0.816,0.316,0,0.361,0.933,-0.875,0.452,-0.175],"_shiftlockState":false,"_pose":"FreeFall","_animationQueue":[],"_animationSpeed":1,"_zoom":16.125},{"_mousePosition":[702,383],"_rootPartCFrame":[747.704,238.631,42.017,-0.426,0,0.905,0,1,0,-0.905,0,-0.426],"_humanoidState":5,"_cameraCFrame":[752.825,255.181,39.315,-0.467,-0.826,0.318,0,0.359,0.933,-0.884,0.435,-0.168],"_shiftlockState":false,"_pose":"FreeFall","_animationQueue":[["fall",0.3]],"_animationSpeed":1,"_zoom":16.125},{"_mousePosition":[702,383],"_rootPartCFrame":[747.471,238.377,42.146,-0.434,0,0.901,0,1,0,-0.901,0,-0.434],"_humanoidState":5,"_cameraCFrame":[752.683,254.938,39.693,-0.426,-0.845,0.323,0,0.357,0.934,-0.905,0.398,-0.152],"_shiftlockState":false,"_pose":"FreeFall","_animationQueue":[],"_animationSpeed":1,"_zoom":16.125},{"_mousePosition":[702,383],"_rootPartCFrame":[747.235,238.068,42.271,-0.44,0,0.898,0,1,0,-0.898,0,-0.44],"_humanoidState":5,"_cameraCFrame":[752.554,254.651,40.215,-0.361,-0.872,0.33,0,0.354,0.935,-0.933,0.337,-0.128],"_shiftlockState":false,"_pose":"FreeFall","_animationQueue":[],"_animationSpeed":1,"_zoom":16.125},{"_mousePosition":[702,383],"_rootPartCFrame":[746.995,237.705,42.386,-0.44,0,0.898,0,1,0,-0.898,0,-0.44],"_humanoidState":5,"_cameraCFrame":[752.446,254.299,40.816,-0.277,-0.9,0.338,0,0.352,0.936,-0.961,0.259,-0.097],"_shiftlockState":false,"_pose":"FreeFall","_animationQueue":[],"_animationSpeed":1,"_zoom":16.125},{"_mousePosition":[702,383],"_rootPartCFrame":[746.747,237.287,42.486,-0.432,0,0.902,0,1,0,-0.902,0,-0.432],"_humanoidState":5,"_cameraCFrame":[752.28,253.914,41.728,-0.136,-0.929,0.343,0,0.346,0.938,-0.991,0.127,-0.047],"_shiftlockState":false,"_pose":"FreeFall","_animationQueue":[],"_animationSpeed":1,"_zoom":16.125},{"_mousePosition":[702,383],"_rootPartCFrame":[746.493,236.815,42.565,-0.416,0,0.91,0,1,0,-0.91,0,-0.416],"_humanoidState":5,"_cameraCFrame":[751.985,253.474,42.373,-0.035,-0.94,0.341,0,0.341,0.94,-0.999,0.033,-0.012],"_shiftlockState":false,"_pose":"FreeFall","_animationQueue":[],"_animationSpeed":1,"_zoom":16.125},{"_mousePosition":[702,383],"_rootPartCFrame":[746.232,236.288,42.616,-0.385,0,0.923,0,1,0,-0.923,0,-0.385],"_humanoidState":5,"_cameraCFrame":[751.657,252.969,42.976,0.066,-0.939,0.336,0,0.337,0.941,-0.998,-0.062,0.022],"_shiftlockState":false,"_pose":"FreeFall","_animationQueue":[["fall",0.3]],"_animationSpeed":1,"_zoom":16.125},{"_mousePosition":[702,383],"_rootPartCFrame":[745.967,235.706,42.63,-0.343,0,0.939,0,1,0,-0.939,0,-0.343],"_humanoidState":7,"_cameraCFrame":[751.244,252.419,43.495,0.162,-0.931,0.327,0,0.332,0.943,-0.987,-0.153,0.054],"_shiftlockState":false,"_pose":"FreeFall","_animationQueue":[["walk",0.1],["fall",0.3],["fall",0.3]],"_animationSpeed":1,"_zoom":16.125},{"_mousePosition":[702,383],"_rootPartCFrame":[745.718,235.07,42.617,-0.293,0,0.956,0,1,0,-0.956,0,-0.293],"_humanoidState":7,"_cameraCFrame":[750.844,251.804,43.918,0.246,-0.916,0.318,0,0.328,0.945,-0.969,-0.232,0.081],"_shiftlockState":false,"_pose":"FreeFall","_animationQueue":[],"_animationSpeed":1,"_zoom":16.125