[{"_mousePosition":[727,388],"_rootPartCFrame":[776.028,222.7,47.142,0,0,1,0,1,0,-1,0,0],"_humanoidState":8,"_cameraCFrame":[781.399,239.393,47.723,0.107,-0.937,0.333,0,0.335,0.942,-0.994,-0.101,0.036],"_shiftlockState":false,"_pose":"Standing","_animationQueue":[],"_animationSpeed":1,"_zoom":16.125},{"_mousePosition":[727,388],"_rootPartCFrame":[775.783,222.695,47.115,0.015,0,1,0,1,0,-1,0,0.015],"_humanoidState":8,"_cameraCFrame":[781.154,239.389,47.696,0.107,-0.937,0.333,0,0.335,0.942,-0.994,-0.101,0.036],"_shiftlockState":false,"_pose":"Standing","_animationQueue":[],"_animationSpeed":1,"_zoom":16.125},{"_mousePosition":[727,388],"_rootPartCFrame":[775.518,222.697,47.087,0.028,0,1,0,1,0,-1,0,0.028],"_humanoidState":8,"_cameraCFrame":[780.889,239.39,47.668,0.107,-0.937,0.333,0,0.335,0.942,-0.994,-0.101,0.036],"_shiftlockState":false,"_pose":"Running","_animationQueue":[["walk",0.1]],"_animationSpeed":1.066,"_zoom":16.125},{"_mousePosition":[727,388],"_rootPartCFrame":[775.253,222.698,47.058,0.038,0,0.999,0,1,0,-0.999,0,0.038],"_humanoidState":8,"_cameraCFrame":[780.624,239.391,47.639,0.107,-0.937,0.333,0,0.335,0.942,-0.994,-0.101,0.036],"_shiftlockState":false,"_pose":"Running","_animationQueue":[],"_animationSpeed":1.066,"_zoom":16.125},{"_mousePosition":[727,388],"_rootPartCFrame":[774.988,222.699,47.03,0.048,0,0.999,0,1,0,-0.999,0,0.048],"_humanoidState":8,"_cameraCFrame":[780.359,239.392,47.61,0.107,-0.937,0.333,0,0.335,0.942,-0.994,-0.101,0.036],"_shiftlockState":false,"_pose":"Running","_animationQueue":[],"_animationSpeed":1.066,"_zoom":16.125},{"_mousePosition":[727,388],"_rootPartCFrame":[774.723,222.699,47.001,0.056,0,0.998,0,1,0,-0.998,0,0.056],"_humanoidState":8,"_cameraCFrame":[780.066,239.403,47.565,0.105,-0.938,0.331,0,0.333,0.943,-0.994,-0.099,0.035],"_shiftlockState":false,"_pose":"Running","_animationQueue":[],"_animationSpeed":1.066,"_zoom":16.125},{"_mousePosition":[727,388],"_rootPartCFrame":[774.458,222.699,46.972,0.063,0,0.998,0,1,0,-0.998,0,0.063],"_humanoidState":8,"_cameraCFrame":[779.771,239.414,47.533,0.105,-0.938,0.33,0,0.331,0.944,-0.994,-0.099,0.035],"_shiftlockState":false,"_pose":"Running","_animationQueue":[["walk",0.1]],"_animationSpeed":1.066,"_zoom":16.125},{"_mousePosition":[727,388],"_rootPartCFrame":[774.193,222.7,46.944,0.069,0,0.998,0,1,0,-0.998,0,0.069],"_humanoidState":8,"_cameraCFrame":[779.506,239.414,47.505,0.105,-0.938,0.33,0,0.331,0.944,-0.994,-0.099,0.035],"_shiftlockState":false,"_pose":"Running","_animationQueue":[],"_animationSpeed":1.066,"_zoom":16.125},{"_mousePosition":[727,388],"_rootPartCFrame":[773.928,222.7,46.916,0.074,0,0.997,0,1,0,-0.997,0,0.074],"_humanoidState":8,"_cameraCFrame":[779.213,239.424,47.461,0.102,-0.939,0.328,0,0.33,0.944,-0.995,-0.097,0.034],"_shiftlockState":false,"_pose":"Running","_animationQueue":[],"_animationSpeed":1.066,"_zoom":16.125},{"_mousePosition":[727,388],"_rootPartCFrame":[773.662,222.7,46.888,0.078,0,0.997,0,1,0,-0.997,0,0.078],"_humanoidState":8,"_cameraCFrame":[778.948,239.424,47.433,0.102,-0.939,0.328,0,0.33,0.944,-0.995,-0.097,0.034],"_shiftlockState":false,"_pose":"Running","_animationQueue":[],"_animationSpeed":1.066,"_zoom":16.125},{"_mousePosition":[727,388],"_rootPartCFrame":[773.397,222.7,46.861,0.081,0,0.997,0,1,0,-0.997,0,0.081],"_humanoidState":8,"_cameraCFrame":[778.684,239.424,47.392,0.1,-0.939,0.328,0,0.33,0.944,-0.995,-0.094,0.033],"_shiftlockState":false,"_pose":"Running","_animationQueue":[],"_animationSpeed":1.066,"_zoom":16.125},{"_mousePosition":[727,388],"_rootPartCFrame":[773.132,222.7,46.834,0.084,0,0.996,0,1,0,-0.996,0,0.084],"_humanoidState":8,"_cameraCFrame":[778.389,239.434,47.362,0.1,-0.94,0.326,0,0.328,0.945,-0.995,-0.094,0.033],"_shiftlockState":false,"_pose":"Running","_animationQueue":[],"_animationSpeed":1.066,"_zoom":16.125},{"_mousePosition":[727,388],"_rootPartCFrame":[772.867,222.7,46.807,0.086,0,0.996,0,1,0,-0.996,0,0.086],"_humanoidState":8,"_cameraCFrame":[778.094,239.445,47.332,0.1,-0.941,0.324,0,0.326,0.945,-0.995,-0.094,0.033],"_shiftlockState":false,"_pose":"Running","_animationQueue":[],"_animationSpeed":1.066,"_zoom":16.125},{"_mousePosition":[727,388],"_rootPartCFrame":[772.601,222.7,46.78,0.088,0,0.996,0,1,0,-0.996,0,0.088],"_humanoidState":8,"_cameraCFrame":[777.83,239.445,47.292,0.097,-0.941,0.324,0,0.326,0.945,-0.995,-0.092,0.032],"_shiftlockState":false,"_pose":"Running","_animationQueue":[["walk",0.1]],"_animationSpeed":1.066,"_zoom":16.125},{"_mousePosition":[727,388],"_rootPartCFrame":[772.336,223.573,46.754,0.09,0,0.996,0,1,0,-0.996,0,0.09],"_humanoidState":3,"_cameraCFrame":[777.535,240.328,47.262,0.097,-0.942,0.322,0,0.324,0.946,-0.995,-0.092,0.032],"_shiftlockState":false,"_pose":"Jumping","_animationQueue":[["walk",0.1],["jump",0.1]],"_animationSpeed":1,"_zoom":16.125},{"_mousePosition":[727,388],"_rootPartCFrame":[772.07,224.395,46.727,0.091,0,0.996,0,1,0,-0.996,0,0.091],"_humanoidState":5,"_cameraCFrame":[777.24,241.16,47.233,0.097,-0.942,0.321,0,0.322,0.947,-0.995,-0.092,0.031],"_shiftlockState":false,"_pose":"FreeFall","_animationQueue":[["jump",0.1]],"_animationSpeed":1,"_zoom":16.125},{"_mousePosition":[727,388],"_rootPartCFrame":[771.805,225.162,46.701,0.092,0,0.996,0,1,0,-0.996,0,0.092],"_humanoidState":5,"_cameraCFrame":[776.945,241.938,47.205,0.097,-0.943,0.319,0,0.32,0.947,-0.995,-0.092,0.031],"_shiftlockState":false,"_pose":"FreeFall","_animationQueue":[],"_animationSpeed":1,"_zoom":16.125},{"_mousePosition":[727,388],"_rootPartCFrame":[771.54,225.875,46.676,0.093,0,0.996,0,1,0,-0.996,0,0.093],"_humanoidState":5,"_cameraCFrame":[776.651,242.661,47.163,0.095,-0.944,0.317,0,0.318,0.948,-0.995,-0.09,0.03],"_shiftlockState":false,"_pose":"FreeFall","_animationQueue":[],"_animationSpeed":1,"_zoom":16.125},{"_mousePosition":[727,388],"_rootPartCFrame":[771.274,226.534,46.65,0.093,0,0.996,0,1,0,-0.996,0,0.093],"_humanoidState":5,"_cameraCFrame":[776.386,243.319,47.137,0.095,-0.944,0.317,0,0.318,0.948,-0.995,-0.09,0.03],"_shiftlockState":false,"_pose":"FreeFall","_animationQueue":[],"_animationSpeed":1,"_zoom":16.125},{"_mousePosition":[727,388],"_rootPartCFrame":[771.009,227.138,46.624,0.094,0,0.996,0,1,0,-0.996,0,0.094],"_humanoidState":5,"_cameraCFrame":[776.121,243.923,47.111,0.095,-0.944,0.317,0,0.318,0.948,-0.995,-0.09,0.03],"_shiftlockState":false,"_pose":"FreeFall","_animationQueue":[],"_animationSpeed":1,"_zoom":16.125},{"_mousePosition":[727,388],"_rootPartCFrame":[770.744,227.687,46.599,0.094,0,0.996,0,1,0,-0.996,0,0.094],"_humanoidState":5,"_cameraCFrame":[775.855,244.473,47.086,0.095,-0.944,0.317,0,0.318,0.948,-0.995,-0.09,0.03],"_shiftlockState":false,"_pose":"FreeFall","_animationQueue":[],"_animationSpeed":1,"_zoom":16.125},{"_mousePosition":[727,388],"_rootPartCFrame":[770.478,228.182,46.574,0.094,0,0.996,0,1,0,-0.996,0,0.094],"_humanoidState":5,"_cameraCFrame":[775.59,244.968,47.061,0.095,-0.944,0.317,0,0.318,0.948,-0.995,-0.09,0.03],"_shiftlockState":false,"_pose":"FreeFall","_animationQueue":[],"_animationSpeed":1,"_zoom":16.125},{"_mousePosition":[727,388],"_rootPartCFrame":[770.213,228.623,46.548,0.094,0,0.996,0,1,0,-0.996,0,0.094],"_humanoidState":5,"_cameraCFrame":[775.324,245.409,47.035,0.095,-0.944,0.317,0,0.318,0.948,-0.995,-0.09,0.03],"_shiftlockState":false,"_pose":"FreeFall","_animationQueue":[],"_animationSpeed":1,"_zoom":16.125},{"_mousePosition":[727,388],"_rootPartCFrame":[769.947,229.009,46.523,0.094,0,0.996,0,1,0,-0.996,0,0.094],"_humanoidState":5,"_cameraCFrame":[775.059,245.795,47.01,0.095,-0.944,0.317,0,0.318,0.948,-0.995,-0.09,0.03],"_shiftlockState":false,"_pose":"FreeFall","_animationQueue":[],"_animationSpeed":1,"_zoom":16.125},{"_mousePosition":[727,388],"_rootPartCFrame":[769.682,229.34,46.498,0.094,0,0.996,0,1,0,-0.996,0,0.094],"_humanoidState":5,"_cameraCFrame":[774.765,246.136,46.969,0.092,-0.945,0.315,0,0.317,0.949,-0.996,-0.088,0.029],"_shiftlockState":false,"_pose":"FreeFall","_animationQueue":[],"_animationSpeed":1,"_zoom":16.125},{"_mousePosition":[727,388],"_rootPartCFrame":[769.417,229.617,46.472,0.094,0,0.996,0,1,0,-0.996,0,0.094],"_humanoidState":5,"_cameraCFrame":[774.47,246.423,46.941,0.092,-0.945,0.313,0,0.315,0.949,-0.996,-0.088,0.029],"_shiftlockState":false,"_pose":"FreeFall","_animationQueue":[],"_animationSpeed":1,"_zoom":16.125},{"_mousePosition":[727,388],"_rootPartCFrame":[769.151,229.84,46.448,0.094,0,0.996,0,1,0,-0.996,0,0.094],"_humanoidState":5,"_cameraCFrame":[774.206,246.645,46.904,0.09,-0.945,0.313,0,0.315,0.949,-0.996,-0.085,0.028],"_shiftlockState":false,"_pose":"FreeFall","_animationQueue":[],"_animationSpeed":1,"_zoom":16.125},{"_mousePosition":[727,388],"_rootPartCFrame":[768.885,230.008,46.423,0.094,0,0.996,0,1,0,-0.996,0,0.094],"_humanoidState":5,"_cameraCFrame":[773.881,246.833,46.874,0.09,-0.947,0.31,0,0.311,0.95,-0.996,-0.085,0.028],"_shiftlockState":false,"_pose":"FreeFall","_animationQueue":[],"_animationSpeed":1,"_zoom":16.125},{"_mousePosition":[727,388],"_rootPartCFrame":[768.62,230.122,46.399,0.094,0,0.996,0,1,0,-0.996,0,0.094],"_humanoidState":5,"_cameraCFrame":[773.585,246.956,46.847,0.09,-0.947,0.308,0,0.309,0.951,-0.996,-0.085,0.028],"_shiftlockState":false,"_pose":"FreeFall","_animationQueue":[],"_animationSpeed":1,"_zoom":16.125},{"_mousePosition":[727,388],"_rootPartCFrame":[768.354,230.181,46.375,0.093,0,0.996,0,1,0,-0.996,0,0.093],"_humanoidState":5,"_cameraCFrame":[773.291,247.025,46.808,0.087,-0.948,0.306,0,0.307,0.952,-0.996,-0.083,0.027],"_shiftlockState":false,"_pose":"FreeFall","_animationQueue":[],"_animationSpeed":1,"_zoom":16.125},{"_mousePosition":[727,388],"_rootPartCFrame":[768.089,230.185,46.351,0.093,0,0.996,0,1,0,-0.996,0,0.093],"_humanoidState":5,"_cameraCFrame":[772.996,247.039,46.781,0.087,-0.949,0.304,0,0.305,0.952,-0.996,-0.083,0.027],"_shiftlockState":false,"_pose":"FreeFall","_animationQueue":[],"_animationSpeed":1,"_zoom":16.125},{"_mousePosition":[727,388],"_rootPartCFrame":[767.823,230.135,46.328,0.092,0,0.996,0,1,0,-0.996,0,0.092],"_humanoidState":5,"_cameraCFrame":[772.73,246.989,46.758,0.087,-0.949,0.304,0,0.305,0.952,-0.996,-0.083,0.027],"_shiftlockState":false,"_pose":"FreeFall","_animationQueue":[],"_animationSpeed":1,"_zoom":16.125},{"_mousePosition":[727,388],"_rootPartCFrame":[767.557,230.031,46.304,0.091,0,0.996,0,1,0,-0.996,0,0.091],"_humanoidState":5,"_cameraCFrame":[772.464,246.885,46.735,0.087,-0.949,0.304,0,0.305,0.952,-0.996,-0.083,0.027],"_shiftlockState":false,"_pose":"FreeFall","_animationQueue":[],"_animationSpeed":1,"_zoom":16.125},{"_mousePosition":[727,388],"_rootPartCFrame":[767.292,229.872,46.281,0.091,0,0.996,0,1,0,-0.996,0,0.091],"_humanoidState":5,"_cameraCFrame":[772.199,246.726,46.711,0.087,-0.949,0.304,0,0.305,0.952,-0.996,-0.083,0.027],"_shiftlockState":false,"_pose":"FreeFall","_animationQueue":[["fall",0.3]],"_animationSpeed":1,"_zoom":16.125},{"_mousePosition":[727,388],"_rootPartCFrame":[767.026,229.658,46.258,0.09,0,0.996,0,1,0,-0.996,0,0.09],"_humanoidState":5,"_cameraCFrame":[771.903,246.522,46.685,0.087,-0.949,0.302,0,0.304,0.953,-0.996,-0.083,0.027],"_shiftlockState":false,"_pose":"FreeFall","_animationQueue":[],"_animationSpeed":1,"_zoom":16.125},{"_mousePosition":[727,388],"_rootPartCFrame":[766.76,229.39,46.234,0.09,0,0.996,0,1,0,-0.996,0,0.09],"_humanoidState":5,"_cameraCFrame":[771.608,246.263,46.659,0.087,-0.95,0.301,0,0.302,0.953,-0.996,-0.083,0.026],"_shiftlockState":false,"_pose":"FreeFall","_animationQueue":[],"_animationSpeed":1,"_zoom":16.125},{"_mousePosition":[727,388],"_rootPartCFrame":[766.495,229.068,46.211,0.09,0,0.996,0,1,0,-0.996,0,0.09],"_humanoidState":5,"_cameraCFrame":[771.282,245.96,46.631,0.087,-0.951,0.297,0,0.298,0.955,-0.996,-0.083,0.026],"_shiftlockState":false,"_pose":"FreeFall","_animationQueue":[],"_animationSpeed":1,"_zoom":16.125},{"_mousePosition":[727,388],"_rootPartCFrame":[766.229,228.691,46.188,0.089,0,0.996,0,1,0,-0.996,0,0.089],"_humanoidState":5,"_cameraCFrame":[770.987,245.592,46.605,0.087,-0.951,0.295,0,0.296,0.955,-0.996,-0.083,0.026],"_shiftlockState":false,"_pose":"FreeFall","_animationQueue":[],"_animationSpeed":1,"_zoom":16.125},{"_mousePosition":[727,388],"_rootPartCFrame":[765.964,228.259,46.165,0.089,0,0.996,0,1,0,-0.996,0,0.089],"_humanoidState":5,"_cameraCFrame":[770.662,245.179,46.576,0.087,-0.953,0.291,0,0.292,0.956,-0.996,-0.084,0.026],"_shiftlockState":false,"_pose":"FreeFall","_animationQueue":[],"_animationSpeed":1,"_zoom":16.125},{"_mousePosition":[727,388],"_rootPartCFrame":[765.698,227.773,46.141,0.089,0,0.996,0,1,0,-0.996,0,0.089],"_humanoidState":5,"_cameraCFrame":[770.336,244.712,46.548,0.087,-0.954,0.288,0,0.289,0.957,-0.996,-0.084,0.025],"_shiftlockState":false,"_pose":"FreeFall","_animationQueue":[["fall",0.3]],"_animationSpeed":1,"_zoom":16.125},{"_mousePosition":[727,388],"_rootPartCFrame":[765.432,227.233,46.118,0.089,0,0.996,0,1,0,-0.996,0,0.089],"_humanoidState":5,"_cameraCFrame":[770.012,244.189,46.496,0.082,-0.955,0.284,0,0.285,0.959,-0.997,-0.079,0.023],"_shiftlockState":false,"_pose":"FreeFall","_animationQueue":[],"_animationSpeed":1,"_zoom":16.125},{"_mousePosition":[727,388],"_rootPartCFrame":[765.167,226.638,46.095,0.088,0,0.996,0,1,0,-0.996,0,0.088],"_humanoidState":5,"_cameraCFrame":[769.691,243.612,46.411,0.07,-0.957,0.281,0,0.281,0.96,-0.998,-0.067,0.02],"_shiftlockState":false,"_pose":"FreeFall","_animationQueue":[],"_animationSpeed":1,"_zoom":16.125},{"_mousePosition":[727,388],"_rootPartCFrame":[764.917,226.547,46.074,0.088,0,0.996,0,1,0,-0.996,0,0.088],"_humanoidState":7,"_cameraCFrame":[769.387,243.539,46.284,0.047,-0.96,0.277,0,0.278,0.961,-0.999,-0.045,0.013],"_shiftlockState":false,"_pose":"FreeFall","_animationQueue":[["walk",0.1],["fall",0.3],["fall",0.3]],"_animationSpeed":1,"_zoom":16.125},{"_mousePosition":[727,388],"_rootPartCFrame":[764.656,226.546,46.055,0.086,0,0.996,0,1,0,-0.996,0,0.086],"_humanoidState":7,"_cameraCFrame":[769.07,243.554,46.128,0.017,-0.962,0.274,0,0.274,0.962,-1,-0.016,0.005],"_shiftlockState":false,"_pose":"FreeFall","_animationQueue":[],"_animationSpeed":1,"_zoom":16.125},{"_mousePosition":[727,388],"_rootPartCFrame":[764.325,226.402,46.039,0.08,0,0.997,0,1,0,-0.997,0,0.08],"_humanoidState":8,"_cameraCFrame":[768.708,243.419,45.945,-0.021,-0.962,0.272,0,0.272,0.962,-1,0.021,-0.006],"_shiftlockState":false,"_pose":"Running","_animationQueue":[["walk",0.1],["fall",0.3],["walk",0.1]],"_animationSpeed":1.09,"_zoom":16.125},{"_mousePosition":[727,388],"_rootPartCFrame":[764.059,227.275,46.026,0.075,0,0.997,0,1,0,-0.997,0,0.075],"_humanoidState":3,"_cameraCFrame":[768.405,244.301,45.768,-0.059,-0.961,0.27,0,0.27,0.963,-0.998,0.057,-0.016],"_shiftlockState":false,"_pose":"Jumping","_animationQueue":[["walk",0.1],["jump",0.1]],"_animationSpeed":1,"_zoom":16.125},{"_mousePosition":[727,388],"_rootPartCFrame":[763.792,228.097,46.029,0.064,0,0.998,0,1,0,-0.998,0,0.064],"_humanoidState":5,"_cameraCFrame":[768.116,245.123,45.518,-0.117,-0.956,0.268,0,0.27,0.963,-0.993,0.113,-0.032],"_shiftlockState":false,"_pose":"FreeFall","_animationQueue":[["jump",0.1]],"_animationSpeed":1,"_zoom":16.125},{"_mousePosition":[727,388],"_rootPartCFrame":[763.526,228.864,46.043,0.049,0,0.999,0,1,0,-0.999,0,0.049],"_humanoidState":5,"_cameraCFrame":[767.84,245.89,45.456,-0.135,-0.954,0.268,0,0.27,0.963,-0.991,0.13,-0.036],"_shiftlockState":false,"_pose":"FreeFall","_animationQueue":[],"_animationSpeed":1,"_zoom":16.125},{"_mousePosition":[727,388],"_rootPartCFrame":[763.261,229.577,46.072,0.029,0,1,0,1,0,-1,0,0.029],"_humanoidState":5,"_cameraCFrame":[767.483,246.62,45.289,-0.182,-0.948,0.262,0,0.266,0.964,-0.983,0.176,-0.049],"_shiftlockState":false,"_pose":"FreeFall","_animationQueue":[],"_animationSpeed":1,"_zoom":16.125},{"_mousePosition":[727,388],"_rootPartCFrame":[762.997,230.236,46.107,0.007,0,1,0,1,0,-1,0,0.007],"_humanoidState":5,"_cameraCFrame":[767.165,247.287,45.214,-0.21,-0.943,0.259,0,0.264,0.964,-0.978,0.202,-0.055],"_shiftlockState":false,"_pose":"FreeFall","_animationQueue":[],"_animationSpeed":1,"_zoom":16.125},{"_mousePosition":[727,388],"_rootPartCFrame":[762.734,230.84,46.154,-0.017,0,1,0,1,0,-1,0,-0.017],"_humanoidState":5,"_cameraCFrame":[766.815,247.907,45.149,-0.239,-0.937,0.253,0,0.261,0.965,-0.971,0.231,-0.062],"_shiftlockState":false,"_pose":"FreeFall","_animationQueue":[],"_animationSpeed":1,"_zoom":16.125},{"_mousePosition":[727,388],"_rootPartCFrame":[762.473,231.389,46.209,-0.043,0,0.999,0,1,0,-0.999,0,-0.043],"_humanoidState":5,"_cameraCFrame":[766.495,248.465,45.098,-0.266,-0.931,0.249,0,0.259,0.966,-0.964,0.257,-0.069],"_shiftlockState":false,"_pose":"FreeFall","_animationQueue":[],"_animationSpeed":1,"_zoom":16.125},{"_mousePosition":[727,388],"_rootPartCFrame":[762.214,231.884,46.271,-0.069,0,0.998,0,1,0,-0.998,0,-0.069],"_humanoidState":5,"_cameraCFrame":[766.174,248.968,45.058,-0.293,-0.924,0.246,0,0.257,0.966,-0.956,0.283,-0.075],"_shiftlockState":false,"_pose":"FreeFall","_animationQueue":[],"_animationSpeed":1,"_zoom":16.125},{"_mousePosition":[727,388],"_rootPartCFrame":[761.957,232.325,46.341,-0.095,0,0.995,0,1,0,-0.995,0,-0.095],"_humanoidState":5,"_cameraCFrame":[765.86,249.417,45.048,-0.315,-0.918,0.242,0,0.255,0.967,-0.949,0.304,-0.08],"_shiftlockState":false,"_pose":"FreeFall","_animationQueue":[],"_animationSpeed":1,"_zoom":16.125},{"_mousePosition":[727,388],"_rootPartCFrame":[761.701,232.711,46.418,-0.122,0,0.993,0,1,0,-0.993,0,-0.122],"_humanoidState":5,"_cameraCFrame":[765.559,249.811,45.086,-0.327,-0.914,0.239,0,0.253,0.967,-0.945,0.316,-0.083],"_shiftlockState":false,"_pose":"FreeFall","_animationQueue":[],"_animationSpeed":1,"_zoom":16.125},{"_mousePosition":[727,388],"_rootPartCFrame":[761.448,233.042,46.501,-0.148,0,0.989,0,1,0,-0.989,0,-0.148],"_humanoidState":5,"_cameraCFrame":[765.27,250.15,45.159,-0.331,-0.913,0.237,0,0.251,0.968,-0.944,0.321,-0.083],"_shiftlockState":false,"_pose":"FreeFall","_animationQueue":[],"_animationSpeed":1,"_zoom":16.125},{"_mousePosition":[727,388],"_rootPartCFrame":[761.196,233.319,46.588,-0.173,0,0.985,0,1,0,-0.985,0,-0.173],"_humanoidState":5,"_cameraCFrame":[765.018,250.427,45.246,-0.331,-0.913,0.237,0,0.251,0.968,-0.944,0.321,-0.083],"_shiftlockState":false,"_pose":"FreeFall","_animationQueue":[],"_animationSpeed":1,"_zoom":16.125},{"_mousePosition":[727,388],"_rootPartCFrame":[760.944,233.542,46.676,-0.195,0,0.981,0,1,0,-0.981,0,-0.195],"_humanoidState":5,"_cameraCFrame":[764.766,250.65,45.334,-0.331,-0.913,0.237,0,0.251,0.968,-0.944,0.321,-0.083],"_shiftlockState":false,"_pose":"FreeFall","_animationQueue":[],"_animationSpeed":1,"_zoom":16.125},{"_mousePosition":[727,388],"_rootPartCFrame":[760.692,233.71,46.764,-0.215,0,0.977,0,1,0,-0.977,0,-0.215],"_humanoidState":5,"_cameraCFrame":[764.514,250.818,45.422,-0.331,-0.913,0.237,0,0.251,0.968,-0.944,0.321,-0.083],"_shiftlockState":false,"_pose":"FreeFall","_animationQueue":[],"_animationSpeed":1,"_zoom":16.125},{"_mousePosition":[727,388],"_rootPartCFrame":[760.441,233.823,46.853,-0.231,0,0.973,0,1,0,-0.973,0,-0.231],"_humanoidState":5,"_cameraCFrame":[764.263,250.931,45.511,-0.331,-0.913,0.237,0,0.251,0.968,-0.944,0.321,-0.083],"_shiftlockState":false,"_pose":"FreeFall","_animationQueue":[],"_animationSpeed":1,"_zoom":16.125},{"_mousePosition":[727,388],"_rootPartCFrame":[760.189,233.882,46.941,-0.246,0,0.969,0,1,0,-0.969,0,-0.246],"_humanoidState":5,"_cameraCFrame":[764.018,250.99,45.618,-0.327,-0.915,0.237,0,0.251,0.968,-0.945,0.316,-0.082],"_shiftlockState":false,"_pose":"FreeFall","_animationQueue":[],"_animationSpeed":1,"_zoom":16.125},{"_mousePosition":[727,388],"_rootPartCFrame":[759.937,233.887,47.03,-0.258,0,0.966,0,1,0,-0.966,0,-0.258],"_humanoidState":5,"_cameraCFrame":[763.779,250.995,45.746,-0.317,-0.918,0.238,0,0.251,0.968,-0.948,0.307,-0.08],"_shiftlockState":false,"_pose":"FreeFall","_animationQueue":[],"_animationSpeed":1,"_zoom":16.125},{"_mousePosition":[727,388],"_rootPartCFrame":[759.685,233.837,47.117,-0.268,0,0.963,0,1,0,-0.963,0,-0.268],"_humanoidState":5,"_cameraCFrame":[763.52,250.953,45.91,-0.3,-0.924,0.238,0,0.249,0.968,-0.954,0.291,-0.075],"_shiftlockState":false,"_pose":"FreeFall","_animationQueue":[],"_animationSpeed":1,"_zoom":16.125},{"_mousePosition":[727,388],"_rootPartCFrame":[759.432,233.733,47.202,-0.275,0,0.961,0,1,0,-0.961,0,-0.275],"_humanoidState":5,"_cameraCFrame":[763.265,250.856,46.091,-0.278,-0.931,0.238,0,0.247,0.969,-0.96,0.27,-0.069],"_shiftlockState":false,"_pose":"FreeFall","_animationQueue":[],"_animationSpeed":1,"_zoom":16.125},{"_mousePosition":[727,388],"_rootPartCFrame":[759.178,233.574,47.282,-0.28,0,0.96,0,1,0,-0.96,0,-0.28],"_humanoidState":5,"_cameraCFrame":[763.013,250.705,46.296,-0.249,-0.939,0.238,0,0.246,0.969,-0.968,0.241,-0.061],"_shiftlockState":false,"_pose":"FreeFall","_animationQueue":[],"_animationSpeed":1,"_zoom":16.125},{"_mousePosition":[727,388],"_rootPartCFrame":[758.922,233.36,47.357,-0.281,0,0.96,0,1,0,-0.96,0,-0.281],"_humanoidState":5,"_cameraCFrame":[762.728,250.507,46.511,-0.217,-0.947,0.236,0,0.242,0.97,-0.976,0.211,-0.052],"_shiftlockState":false,"_pose":"FreeFall","_animationQueue":[["fall",0.3]],"_animationSpeed":1,"_zoom":16.125},{"_mousePosition":[727,388],"_rootPartCFrame":[758.664,233.092,47.425,-0.278,0,0.961,0,1,0,-0.961,0,-0.278],"_humanoidState":5,"_cameraCFrame":[762.466,250.246,46.71,-0.185,-0.954,0.236,0,0.24,0.971,-0.983,0.179,-0.044],"_shiftlockState":false,"_pose":"FreeFall","_animationQueue":[],"_animationSpeed":1,"_zoom":16.125},{"_mousePosition":[727,388],"_rootPartCFrame":[758.404,232.77,47.484,-0.271,0,0.962,0,1,0,-0.962,0,-0.271],"_humanoidState":5,"_cameraCFrame":[762.165,249.939,46.895,-0.155,-0.96,0.233,0,0.236,0.972,-0.988,0.151,-0.037],"_shiftlockState":false,"_pose":"FreeFall","_animationQueue":[],"_animationSpeed":1,"_zoom":16.125},{"_mousePosition":[727,388],"_rootPartCFrame":[758.143,232.393,47.535,-0.261,0,0.965,0,1,0,-0.965,0,-0.261],"_humanoidState":5,"_cameraCFrame":[761.859,249.577,47.067,-0.125,-0.965,0.23,0,0.232,0.973,-0.992,0.121,-0.029],"_shiftlockState":false,"_pose":"FreeFall","_animationQueue":[],"_animationSpeed":1,"_zoom":16.125},{"_mousePosition":[727,388],"_rootPartCFrame":[757.879,231.961,47.577,-0.248,0,0.969,0,1,0,-0.969,0,-0.248],"_humanoidState":5,"_cameraCFrame":[761.546,249.16,47.21,-0.1,-0.969,0.227,0,0.229,0.974,-0.995,0.097,-0.023],"_shiftlockState":false,"_pose":"FreeFall","_animationQueue":[],"_animationSpeed":1,"_zoom":16.125},{"_mousePosition":[727,388],"_rootPartCFrame":[757.615,231.475,47.612,-0.233,0,0.973,0,1,0,-0.973,0,-0.233],"_humanoidState":5,"_cameraCFrame":[761.23,248.688,47.369,-0.067,-0.972,0.224,0,0.225,0.974,-0.998,0.065,-0.015],"_shiftlockState":false,"_pose":"FreeFall","_animationQueue":[],"_animationSpeed":1,"_zoom":16.125},{"_mousePosition":[727,388],"_rootPartCFrame":[757.35,230.935,47.639,-0.215,0,0.977,0,1,0,-0.977,0,-0.215],"_humanoidState":5,"_cameraCFrame":[760.967,248.147,47.434,-0.057,-0.973,0.224,0,0.225,0.974,-0.998,0.055,-0.013],"_shiftlockState":false,"_pose":"FreeFall","_animationQueue":[["fall",0.3]],"_animationSpeed":1,"_zoom":16.125},{"_mousePosition":[727,388],"_rootPartCFrame":[757.084,230.34,47.658,-0.197,0,0.98,0,1,0,-0.98,0,-0.197],"_humanoidState":5,"_cameraCFrame":[760.644,247.566,47.546,-0.031,-0.975,0.221,0,0.221,0.975,-1,0.031,-0.007],"_shiftlockState":false,"_pose":"FreeFall","_animationQueue":[],"_animationSpeed":1,"_zoom":16.125},{"_mousePosition":[727,388],"_rootPartCFrame":[756.818,229.69,47.674,-0.178,0,0.984,0,1,0,-0.984,0,-0.178],"_humanoidState":5,"_cameraCFrame":[760.379,246.917,47.616,-0.016,-0.975,0.221,0,0.221,0.975,-1,0.016,-0.004],"_shiftlockState":false,"_pose":"FreeFall","_animationQueue":[],"_animationSpeed":1,"_zoom":16.125},{"_mousePosition":[727,388],"_rootPartCFrame":[756.551,228.986,47.683,-0.159,0,0.987,0,1,0,-0.987,0,-0.159],"_humanoidState":5,"_cameraCFrame":[760.083,246.22,47.671,-0.004,-0.976,0.219,0,0.219,0.976,-1,0.004,-0.001],"_shiftlockState":false,"_pose":"FreeFall","_animationQueue":[],"_animationSpeed":1,"_zoom":16.125},{"_mousePosition":[727,388],"_rootPartCFrame":[756.284,228.228,47.688,-0.14,0,0.99,0,1,0,-0.99,0,-0.14],"_humanoidState":5,"_cameraCFrame":[759.816,245.461,47.711,0.006,-0.976,0.219,0,0.219,0.976,-1,-0.006,0.001],"_shiftlockState":false,"_pose":"FreeFall","_animationQueue":[],"_animationSpeed":1,"_zoom":16.125},{"_mousePosition":[727,388],"_rootPartCFrame":[756.018,227.415,47.69,-0.121,0,0.993,0,1,0,-0.993,0,-0.121],"_humanoidState":5,"_cameraCFrame":[759.549,244.648,47.731,0.012,-0.976,0.219,0,0.219,0.976,-1,-0.011,0.003],"_shiftlockState":false,"_pose":"FreeFall","_animationQueue":[],"_animationSpeed":1,"_zoom":16.125},{"_mousePosition":[727,388],"_rootPartCFrame":[755.778,226.547,47.689,-0.104,0,0.995,0,1,0,-0.995,0,-0.104],"_humanoidState":7,"_cameraCFrame":[759.309,243.781,47.738,0.014,-0.976,0.219,0,0.219,0.976,-1,-0.014,0.003],"_shiftlockState":false,"_pose":"FreeFall","_animationQueue":[["walk",0.1],["fall",0.3],["fall",0.3]],"_animationSpeed":1,"_zoom":16.125},{"_mousePosition":[727,388],"_rootPartCFrame":[755.56,225.922,47.686,-0.088,0,0.996,0,1,0,-0.996,0,-0.088],"_humanoidState":7,"_cameraCFrame":[759.091,243.155,47.745,0.017,-0.976,0.219,0,0.219,0.976,-1,-0.016,0.004],"_shiftlockState":false,"_pose":"FreeFall","_animationQueue":[["fall",0.3]],"_animationSpeed":1,"_zoom":16.125},{"_mousePosition":[727,388],"_rootPartCFrame":[755.32,225.874,47.683,-0.071,0,0.997,0,1,0,-0.997,0,-0.071],"_humanoidState":8,"_cameraCFrame":[758.852,243.108,47.742,0.017,-0.976,0.219,0,0.219,0.976,-1,-0.016,0.004],"_shiftlockState":false,"_pose":"Running","_animationQueue":[["walk",0.1],["fall",0.3],["walk",0.1]],"_animationSpeed":0.894,"_zoom":16.125},{"_mousePosition":[727,388],"_rootPartCFrame":[755.132,226.747,47.68,-0.057,0,0.998,0,1,0,-0.998,0,-0.057],"_humanoidState":3,"_cameraCFrame":[758.632,243.988,47.756,0.022,-0.976,0.217,0,0.217,0.976,-1,-0.021,0.005],"_shiftlockState":false,"_pose":"Jumping","_animationQueue":[["walk",0.1],["jump",0.1]],"_animationSpeed":1,"_zoom":16.125},{"_mousePosition":[727,388],"_rootPartCFrame":[754.918,227.569,47.677,-0.046,0,0.999,0,1,0,-0.999,0,-0.046],"_humanoidState":5,"_cameraCFrame":[758.418,244.81,47.771,0.027,-0.976,0.217,0,0.217,0.976,-1,-0.026,0.006],"_shiftlockState":false,"_pose":"FreeFall","_animationQueue":[["jump",0.1]],"_animationSpeed":1,"_zoom":16.125},{"_mousePosition":[727,388],"_rootPartCFrame":[754.666,228.337,47.672,-0.037,0,0.999,0,1,0,-0.999,0,-0.037],"_humanoidState":5,"_cameraCFrame":[758.134,245.584,47.8,0.037,-0.976,0.215,0,0.215,0.977,-0.999,-0.036,0.008],"_shiftlockState":false,"_pose":"FreeFall","_animationQueue":[],"_animationSpeed":1,"_zoom":16.125},{"_mousePosition":[727,388],"_rootPartCFrame":[754.4,229.05,47.665,-0.028,0,1,0,1,0,-1,0,-0.028],"_humanoidState":5,"_cameraCFrame":[757.804,246.31,47.843,0.052,-0.976,0.211,0,0.211,0.977,-0.999,-0.051,0.011],"_shiftlockState":false,"_pose":"FreeFall","_animationQueue":[],"_animationSpeed":1,"_zoom":16.125},{"_mousePosition":[727,388],"_rootPartCFrame":[754.133,229.708,47.656,-0.019,0,1,0,1,0,-1,0,-0.019],"_humanoidState":5,"_cameraCFrame":[757.505,246.976,47.866,0.062,-0.976,0.209,0,0.209,0.978,-0.998,-0.061,0.013],"_shiftlockState":false,"_pose":"FreeFall","_animationQueue":[],"_animationSpeed":1,"_zoom":16.125},{"_mousePosition":[727,388],"_rootPartCFrame":[753.933,230.167,47.646,-0.013,0,1,0,1,0,-1,0,-0.013],"_humanoidState":5,"_cameraCFrame":[757.271,247.44,47.896,0.075,-0.975,0.207,0,0.208,0.978,-0.997,-0.073,0.016],"_shiftlockState":false,"_pose":"FreeFall","_animationQueue":[],"_animationSpeed":1,"_zoom":16.125},{"_mousePosition":[727,388],"_rootPartCFrame":[753.601,230.862,47.626,0,0,1,0,1,0,-1,0,0],"_humanoidState":5,"_cameraCFrame":[756.905,248.142,47.916,0.087,-0.975,0.205,0,0.206,0.979,-0.996,-0.085,0.018],"_shiftlockState":false,"_pose":"FreeFall","_animationQueue":[],"_animationSpeed":1,"_zoom":16.125},{"_mousePosition":[727,388],"_rootPartCFrame":[753.335,231.357,47.607,0.01,0,1,0,1,0,-1,0,0.01],"_humanoidState":5,"_cameraCFrame":[756.636,248.637,47.93,0.097,-0.974,0.205,0,0.206,0.979,-0.995,-0.095,0.02],"_shiftlockState":false,"_pose":"FreeFall","_animationQueue":[],"_animationSpeed":1,"_zoom":16.125},{"_mousePosition":[727,388],"_rootPartCFrame":[753.069,231.797,47.584,0.02,0,1,0,1,0,-1,0,0.02],"_humanoidState":5,"_cameraCFrame":[756.367,249.078,47.94,0.107,-0.973,0.204,0,0.206,0.979,-0.994,-0.105,0.022],"_shiftlockState":false,"_pose":"FreeFall","_animationQueue":[],"_animationSpeed":1,"_zoom":16.125},{"_mousePosition":[727,388],"_rootPartCFrame":[752.804,232.183,47.558,0.03,0,1,0,1,0,-1,0,0.03],"_humanoidState":5,"_cameraCFrame":[756.099,249.464,47.931,0.113,-0.972,0.204,0,0.206,0.979,-0.994,-0.11,0.023],"_shiftlockState":false,"_pose":"FreeFall","_animationQueue":[],"_animationSpeed":1,"_zoom":16.125},{"_mousePosition":[727,388],"_rootPartCFrame":[752.539,232.515,47.53,0.041,0,0.999,0,1,0,-0.999,0,0.041],"_humanoidState":5,"_cameraCFrame":[755.831,249.795,47.928,0.12,-0.972,0.204,0,0.206,0.979,-0.993,-0.117,0.025],"_shiftlockState":false,"_pose":"FreeFall","_animationQueue":[],"_animationSpeed":1,"_zoom":16.125},{"_mousePosition":[727,388],"_rootPartCFrame":[752.274,232.792,47.5,0.05,0,0.999,0,1,0,-0.999,0,0.05],"_humanoidState":5,"_cameraCFrame":[755.565,250.072,47.907,0.123,-0.971,0.204,0,0.206,0.979,-0.992,-0.12,0.025],"_shiftlockState":false,"_pose":"FreeFall","_animationQueue":[],"_animationSpeed":1,"_zoom":16.125},{"_mousePosition":[727,388],"_rootPartCFrame":[752.009,233.015,47.468,0.06,0,0.998,0,1,0,-0.998,0,0.06],"_humanoidState":5,"_cameraCFrame":[755.298,250.295,47.892,0.128,-0.971,0.204,0,0.206,0.979,-0.992,-0.125,0.026],"_shiftlockState":false,"_pose":"FreeFall","_animationQueue":[],"_animationSpeed":1,"_zoom":16.125},{"_mousePosition":[727,388],"_rootPartCFrame":[751.744,233.183,47.436,0.069,0,0.998,0,1,0,-0.998,0,0.069],"_humanoidState":5,"_cameraCFrame":[755.033,250.463,47.867,0.13,-0.97,0.204,0,0.206,0.979,-0.992,-0.127,0.027],"_shiftlockState":false,"_pose":"FreeFall","_animationQueue":[],"_animationSpeed":1,"_zoom":16.125},{"_mousePosition":[727,388],"_rootPartCFrame":[751.48,233.296,47.402,0.077,0,0.997,0,1,0,-0.997,0,0.077],"_humanoidState":5,"_cameraCFrame":[754.766,250.576,47.85,0.135,-0.97,0.204,0,0.206,0.979,-0.991,-0.132,0.028],"_shiftlockState":false,"_pose":"FreeFall","_animationQueue":[],"_animationSpeed":1,"_zoom":16.125},{"_mousePosition":[727,388],"_rootPartCFrame":[751.215,233.355,47.367,0.084,0,0.996,0,1,0,-0.996,0,0.084],"_humanoidState":5,"_cameraCFrame":[754.5,250.635,47.824,0.138,-0.969,0.204,0,0.206,0.979,-0.99,-0.135,0.028],"_shiftlockState":false,"_pose":"FreeFall","_animationQueue":[],"_animationSpeed":1,"_zoom":16.125},{"_mousePosition":[727,388],"_rootPartCFrame":[750.951,233.36,47.332,0.091,0,0.996,0,1,0,-0.996,0,0.091],"_humanoidState":5,"_cameraCFrame":[754.236,250.64,47.788,0.138,-0.969,0.204,0,0.206,0.979,-0.99,-0.135,0.028],"_shiftlockState":false,"_pose":"FreeFall","_animationQueue":[],"_animationSpeed":1,"_zoom":16.125},{"_mousePosition":[727,388],"_rootPartCFrame":[750.687,233.31,47.295,0.097,0,0.995,0,1,0,-0.995,0,0.097],"_humanoidState":5,"_cameraCFrame":[753.972,250.59,47.751,0.138,-0.969,0.204,0,0.206,0.979,-0.99,-0.135,0.028],"_shiftlockState":false,"_pose":"FreeFall","_animationQueue":[],"_animationSpeed":1,"_zoom":16.125},{"_mousePosition":[727,388],"_rootPartCFrame":[750.423,233.205,47.258,0.103,0,0.995,0,1,0,-0.995,0,0.103],"_humanoidState":5,"_cameraCFrame":[753.707,250.485,47.723,0.14,-0.969,0.204,0,0.206,0.979,-0.99,-0.137,0.029],"_shiftlockState":false,"_pose":"FreeFall","_animationQueue":[["fall",0.3]],"_animationSpeed":1,"_zoom":16.125},{"_mousePosition":[727,388],"_rootPartCFrame":[750.159,233.046,47.222,0.108,0,0.994,0,1,0,-0.994,0,0.108],"_humanoidState":5,"_cameraCFrame":[753.443,250.326,47.686,0.14,-0.969,0.204,0,0.206,0.979,-0.99,-0.137,0.029],"_shiftlockState":false,"_pose":"FreeFall","_animationQueue":[],"_animationSpeed":1,"_zoom":16.125},{"_mousePosition":[727,388],"_rootPartCFrame":[749.895,232.833,47.184,0.112,0,0.994,0,1,0,-0.994,0,0.112],"_humanoidState":5,"_cameraCFrame":[753.179,250.113,47.649,0.14,-0.969,0.204,0,0.206,0.979,-0.99,-0.137,0.029],"_shiftlockState":false,"_pose":"FreeFall","_animationQueue":[],"_animationSpeed":1,"_zoom":16.125},{"_mousePosition":[727,388],"_rootPartCFrame":[749.631,232.565,47.147,0.116,0,0.993,0,1,0,-0.993,0,0.116],"_humanoidState":5,"_cameraCFrame":[752.915,249.845,47.612,0.14,-0.969,0.204,0,0.206,0.979,-0.99,-0.137,0.029],"_shiftlockState":false,"_pose":"FreeFall","_animationQueue":[],"_animationSpeed":1,"_zoom":16.125},{"_mousePosition":[727,388],"_rootPartCFrame":[749.367,232.242,47.11,0.12,0,0.993,0,1,0,-0.993,0,0.12],"_humanoidState":5,"_cameraCFrame":[752.651,249.522,47.574,0.14,-0.969,0.204,0,0.206,0.979,-0.99,-0.137,0.029],"_shiftlockState":false,"_pose":"FreeFall","_animationQueue":[],"_animationSpeed":1,"_zoom":16.125},{"_mousePosition":[727,388],"_rootPartCFrame":[749.103,231.865,47.072,0.123,0,0.992,0,1,0,-0.992,0,0.123],"_humanoidState":5,"_cameraCFrame":[752.387,249.145,47.537,0.14,-0.969,0.204,0,0.206,0.979,-0.99,-0.137,0.029],"_shiftlockState":false,"_pose":"FreeFall","_animationQueue":[],"_animationSpeed":1,"_zoom":16.125},{"_mousePosition":[727,388],"_rootPartCFrame":[748.839,231.434,47.035,0.125,0,0.992,0,1,0,-0.992,0,0.125],"_humanoidState":5,"_cameraCFrame":[752.123,248.714,47.5,0.14,-0.969,0.204,0,0.206,0.979,-0.99,-0.137,0.029],"_shiftlockState":false,"_pose":"FreeFall","_animationQueue":[["fall",0.3]],"_animationSpeed":1,"_zoom":16.125},{"_mousePosition":[727,388],"_rootPartCFrame":[748.575,230.948,46.997,0.127,0,0.992,0,1,0,-0.992,0,0.127],"_humanoidState":5,"_cameraCFrame":[751.858,248.228,47.471,0.143,-0.969,0.204,0,0.206,0.979,-0.99,-0.14,0.029],"_shiftlockState":false,"_pose":"FreeFall","_animationQueue":[],"_animationSpeed":1,"_zoom":16.125},{"_mousePosition":[727,388],"_rootPartCFrame":[748.311,230.407,46.96,0.129,0,0.992,0,1,0,-0.992,0,0.129],"_humanoidState":5,"_cameraCFrame":[751.594,247.688,47.433,0.143,-0.969,0.204,0,0.206,0.979,-0.99,-0.14,0.029],"_shiftlockState":false,"_pose":"FreeFall","_animationQueue":[],"_animationSpeed":1,"_zoom":16.125},{"_mousePosition":[727,388],"_rootPartCFrame":[748.113,229.966,46.932,0.13,0,0.991,0,1,0,-0.991,0,0.13],"_humanoidState":5,"_cameraCFrame":[751.395,247.246,47.413,0.145,-0.968,0.204,0,0.206,0.979,-0.989,-0.142,0.03],"_shiftlockState":false,"_pose":"FreeFall","_animationQueue":[],"_animationSpeed":1,"_zoom":16.125},{"_mousePosition":[727,388],"_rootPartCFrame":[747.783,229.163,46.884,0.132,0,0.991,0,1,0,-0.991,0,0.132],"_humanoidState":5,"_cameraCFrame":[751.064,246.443,47.374,0.148,-0.968,0.203,0,0.206,0.979,-0.989,-0.144,0.03],"_shiftlockState":false,"_pose":"FreeFall","_animationQueue":[],"_animationSpeed":1,"_zoom":16.125},{"_mousePosition":[727,388],"_rootPartCFrame":[747.519,228.459,46.846,0.134,0,0.991,0,1,0,-0.991,0,0.134],"_humanoidState":5,"_cameraCFrame":[750.8,245.739,47.335,0.148,-0.968,0.203,0,0.206,0.979,-0.989,-0.144,0.03],"_shiftlockState":false,"_pose":"FreeFall","_animationQueue":[],"_animationSpeed":1,"_zoom":16.125},{"_mousePosition":[727,388],"_rootPartCFrame":[747.322,227.895,46.816,0.135,0,0.991,0,1,0,-0.991,0,0.135],"_humanoidState":5,"_cameraCFrame":[750.601,245.175,47.314,0.15,-0.968,0.203,0,0.206,0.979,-0.989,-0.147,0.031],"_shiftlockState":false,"_pose":"FreeFall","_animationQueue":[],"_animationSpeed":1,"_zoom":16.125},{"_mousePosition":[727,388],"_rootPartCFrame":[746.992,226.887,46.767,0.138,0,0.99,0,1,0,-0.99,0,0.138],"_humanoidState":5,"_cameraCFrame":[750.27,244.168,47.273,0.153,-0.967,0.203,0,0.206,0.979,-0.988,-0.149,0.031],"_shiftlockState":false,"_pose":"FreeFall","_animationQueue":[["fall",0.3]],"_animationSpeed":1,"_zoom":16.125},{"_mousePosition":[727,388],"_rootPartCFrame":[746.728,226.02,46.727,0.139,0,0.99,0,1,0,-0.99,0,0.139],"_humanoidState":5,"_cameraCFrame":[750.005,243.3,47.242,0.155,-0.967,0.203,0,0.206,0.979,-0.988,-0.152,0.032],"_shiftlockState":false,"_pose":"FreeFall","_animationQueue":[],"_animationSpeed":1,"_zoom":16.125},{"_mousePosition":[727,388],"_rootPartCFrame":[746.465,225.098,46.686,0.141,0,0.99,0,1,0,-0.99,0,0.141],"_humanoidState":5,"_cameraCFrame":[749.739,242.378,47.217,0.16,-0.966,0.203,0,0.206,0.979,-0.987,-0.157,0.033],"_shiftlockState":false,"_pose":"FreeFall","_animationQueue":[],"_animationSpeed":1,"_zoom":16.125},{"_mousePosition":[727,388],"_rootPartCFrame":[746.201,224.121,46.645,0.143,0,0.99,0,1,0,-0.99,0,0.143],"_humanoidState":5,"_cameraCFrame":[749.472,241.402,47.193,0.165,-0.965,0.203,0,0.206,0.979,-0.986,-0.162,0.034],"_shiftlockState":false,"_pose":"FreeFall","_animationQueue":[],"_animationSpeed":1,"_zoom":16.125},{"_mousePosition":[727,388],"_rootPartCFrame":[745.938,223.091,46.603,0.145,0,0.989,0,1,0,-0.989,0,0.145],"_humanoidState":5,"_cameraCFrame":[749.204,240.371,47.183,0.175,-0.963,0.203,0,0.206,0.979,-0.985,-0.171,0.036],"_shiftlockState":false,"_pose":"FreeFall","_animationQueue":[],"_animationSpeed":1,"_zoom":16.125},{"_mousePosition":[727,388],"_rootPartCFrame":[745.675,222.005,46.559,0.148,0,0.989,0,1,0,-0.989,0,0.148],"_humanoidState":5,"_cameraCFrame":[748.935,239.285,47.173,0.185,-0.962,0.202,0,0.206,0.979,-0.983,-0.181,0.038],"_shiftlockState":false,"_pose":"FreeFall","_animationQueue":[],"_animationSpeed":1,"_zoom":16.125},{"_mousePosition":[727,388],"_rootPartCFrame":[745.413,220.865,46.512,0.151,0,0.989,0,1,0,-0.989,0,0.151],"_humanoidState":5,"_cameraCFrame":[748.691,238.139,47.19,0.202,-0.958,0.203,0,0.208,0.978,-0.979,-0.198,0.042],"_shiftlockState":false,"_pose":"FreeFall","_animationQueue":[],"_animationSpeed":1,"_zoom":16.125},{"_mousePosition":[727,388],"_rootPartCFrame":[745.15,219.671,46.463,0.155,0,0.988,0,1,0,-0.988,0,0.155],"_humanoidState":5,"_cameraCFrame":[748.436,236.938,47.248,0.232,-0.951,0.204,0,0.209,0.978,-0.973,-0.227,0.049],"_shiftlockState":false,"_pose":"FreeFall","_animationQueue":[["fall",0.3]],"_animationSpeed":1,"_zoom":16.125},{"_mousePosition":[727,388],"_rootPartCFrame":[745.231,219.716,46.472,0.232,-0.044,0.972,0.011,0.999,0.043,-0.973,0.001,0.232],"_humanoidState":12,"_cameraCFrame":[748.404,236.982,47.431,0.283,-0.938,0.201,0,0.209,0.978,-0.959,-0.277,0.059],"_shiftlockState":false,"_pose":"Climbing","_animationQueue":[["walk",0.1],["fall",0.3],["climb",0.1],["climb",0]],"_animationSpeed":-6.075,"_zoom":16.125},{"_mousePosition":[727,388],"_rootPartCFrame":[745.291,219.9,46.476,0.241,-0.012,0.97,0.003,1,0.011,-0.97,0,0.241],"_humanoidState":12,"_cameraCFrame":[748.307,237.18,47.818,0.405,-0.895,0.188,0,0.206,0.979,-0.915,-0.396,0.083],"_shiftlockState":false,"_pose":"Climbing","_animationQueue":[["climb",0.1]],"_animationSpeed":0.841,"_zoom":16.125},{"_mousePosition":[727,388],"_rootPartCFrame":[745.307,220.087,46.478,0.242,0.002,0.97,-0.001,1,-0.002,-0.97,0,0.242],"_humanoidState":12,"_cameraCFrame":[748.035,237.398,48.084,0.508,-0.845,0.169,0,0.196,0.981,-0.861,-0.498,0.1],"_shiftlockState":false,"_pose":"Climbing","_animationQueue":[["climb",0.1]],"_animationSpeed":0.931,"_zoom":16.125},{"_mousePosition":[727,388],"_rootPartCFrame":[745.307,220.273,46.478,0.242,0.002,0.97,0,1,-0.002,-0.97,0,0.242],"_humanoidState":12,"_cameraCFrame":[747.649,237.621,48.32,0.619,-0.772,0.145,0,0.185,0.983,-0.786,-0.608,0.114],"_shiftlockState":false,"_pose":"Climbing","_animationQueue":[],"_animationSpeed":0.931,"_zoom":16.125},{"_mousePosition":[727,388],"_rootPartCFrame":[745.307,220.46,46.478,0.242,0,0.97,0,1,0,-0.97,0,0.242],"_humanoidState":12,"_cameraCFrame":[747.293,237.83,48.527,0.718,-0.685,0.123,0,0.177,0.984,-0.696,-0.707,0.127],"_shiftlockState":false,"_pose":"Climbing","_animationQueue":[],"_animationSpeed":0.931,"_zoom":16.125},{"_mousePosition":[727,388],"_rootPartCFrame":[745.307,220.647,46.478,0.242,0,0.97,0,1,0,-0.97,0,0.242],"_humanoidState":12,"_cameraCFrame":[746.997