[{"_mousePosition":[602,318],"_rootPartCFrame":[776.028,222.7,47.142,0,0,1,0,1,0,-1,0,0],"_humanoidState":8,"_cameraCFrame":[780.629,235.814,46.692,-0.097,-0.925,0.368,0,0.37,0.929,-0.995,0.09,-0.036],"_shiftlockState":false,"_pose":"Standing","_animationQueue":[],"_animationSpeed":1,"_zoom":12.5},{"_mousePosition":[602,318],"_rootPartCFrame":[775.783,222.695,47.166,-0.014,0,1,0,1,0,-1,0,-0.014],"_humanoidState":8,"_cameraCFrame":[780.361,235.818,46.718,-0.097,-0.925,0.366,0,0.368,0.93,-0.995,0.091,-0.036],"_shiftlockState":false,"_pose":"Standing","_animationQueue":[],"_animationSpeed":1,"_zoom":12.5},{"_mousePosition":[602,318],"_rootPartCFrame":[775.518,222.697,47.192,-0.025,0,1,0,1,0,-1,0,-0.025],"_humanoidState":8,"_cameraCFrame":[780.072,235.829,46.735,-0.1,-0.926,0.364,0,0.366,0.931,-0.995,0.093,-0.037],"_shiftlockState":false,"_pose":"Running","_animationQueue":[["walk",0.1]],"_animationSpeed":1.066,"_zoom":12.5},{"_mousePosition":[602,318],"_rootPartCFrame":[775.252,222.698,47.218,-0.035,0,0.999,0,1,0,-0.999,0,-0.035],"_humanoidState":8,"_cameraCFrame":[779.807,235.83,46.761,-0.1,-0.926,0.364,0,0.366,0.931,-0.995,0.093,-0.037],"_shiftlockState":false,"_pose":"Running","_animationQueue":[],"_animationSpeed":1.066,"_zoom":12.5},{"_mousePosition":[602,318],"_rootPartCFrame":[775.12,222.699,47.231,-0.039,0,0.999,0,1,0,-0.999,0,-0.039],"_humanoidState":8,"_cameraCFrame":[779.674,235.83,46.774,-0.1,-0.926,0.364,0,0.366,0.931,-0.995,0.093,-0.037],"_shiftlockState":false,"_pose":"Running","_animationQueue":[],"_animationSpeed":1.066,"_zoom":12.5},{"_mousePosition":[602,318],"_rootPartCFrame":[774.722,222.699,47.271,-0.051,0,0.999,0,1,0,-0.999,0,-0.051],"_humanoidState":8,"_cameraCFrame":[779.276,235.831,46.814,-0.1,-0.926,0.364,0,0.366,0.931,-0.995,0.093,-0.037],"_shiftlockState":false,"_pose":"Running","_animationQueue":[],"_animationSpeed":1.066,"_zoom":12.5},{"_mousePosition":[602,318],"_rootPartCFrame":[774.456,222.699,47.298,-0.058,0,0.998,0,1,0,-0.998,0,-0.058],"_humanoidState":8,"_cameraCFrame":[778.964,235.849,46.834,-0.102,-0.927,0.361,0,0.363,0.932,-0.995,0.095,-0.037],"_shiftlockState":false,"_pose":"Running","_animationQueue":[],"_animationSpeed":1.066,"_zoom":12.5},{"_mousePosition":[602,318],"_rootPartCFrame":[774.191,222.7,47.324,-0.064,0,0.998,0,1,0,-0.998,0,-0.064],"_humanoidState":8,"_cameraCFrame":[778.676,235.858,46.863,-0.102,-0.928,0.359,0,0.361,0.933,-0.995,0.096,-0.037],"_shiftlockState":false,"_pose":"Running","_animationQueue":[],"_animationSpeed":1.066,"_zoom":12.5},{"_mousePosition":[602,318],"_rootPartCFrame":[773.926,222.7,47.352,-0.069,0,0.998,0,1,0,-0.998,0,-0.069],"_humanoidState":8,"_cameraCFrame":[778.365,235.875,46.883,-0.105,-0.929,0.355,0,0.357,0.934,-0.994,0.098,-0.037],"_shiftlockState":false,"_pose":"Running","_animationQueue":[],"_animationSpeed":1.066,"_zoom":12.5},{"_mousePosition":[602,318],"_rootPartCFrame":[773.66,222.7,47.379,-0.073,0,0.997,0,1,0,-0.997,0,-0.073],"_humanoidState":8,"_cameraCFrame":[778.053,235.893,46.904,-0.107,-0.93,0.351,0,0.353,0.935,-0.994,0.1,-0.038],"_shiftlockState":false,"_pose":"Running","_animationQueue":[["walk",0.1]],"_animationSpeed":1.066,"_zoom":12.5},{"_mousePosition":[602,318],"_rootPartCFrame":[773.395,222.7,47.407,-0.078,0,0.997,0,1,0,-0.997,0,-0.078],"_humanoidState":8,"_cameraCFrame":[777.764,235.901,46.924,-0.11,-0.93,0.349,0,0.352,0.936,-0.994,0.103,-0.039],"_shiftlockState":false,"_pose":"Running","_animationQueue":[],"_animationSpeed":1.066,"_zoom":12.5},{"_mousePosition":[602,318],"_rootPartCFrame":[773.13,222.7,47.435,-0.082,0,0.997,0,1,0,-0.997,0,-0.082],"_humanoidState":8,"_cameraCFrame":[777.452,235.918,46.946,-0.112,-0.932,0.346,0,0.348,0.938,-0.994,0.105,-0.039],"_shiftlockState":false,"_pose":"Running","_animationQueue":[],"_animationSpeed":1.066,"_zoom":12.5},{"_mousePosition":[602,318],"_rootPartCFrame":[772.865,222.7,47.465,-0.085,0,0.996,0,1,0,-0.996,0,-0.085],"_humanoidState":8,"_cameraCFrame":[777.141,235.935,46.97,-0.115,-0.933,0.342,0,0.344,0.939,-0.993,0.108,-0.04],"_shiftlockState":false,"_pose":"Running","_animationQueue":[],"_animationSpeed":1.066,"_zoom":12.5},{"_mousePosition":[602,318],"_rootPartCFrame":[772.6,222.7,47.495,-0.089,0,0.996,0,1,0,-0.996,0,-0.089],"_humanoidState":8,"_cameraCFrame":[776.829,235.952,46.994,-0.117,-0.934,0.338,0,0.341,0.94,-0.993,0.11,-0.04],"_shiftlockState":false,"_pose":"Running","_animationQueue":[],"_animationSpeed":1.066,"_zoom":12.5},{"_mousePosition":[602,318],"_rootPartCFrame":[772.335,222.7,47.525,-0.093,0,0.996,0,1,0,-0.996,0,-0.093],"_humanoidState":8,"_cameraCFrame":[776.517,235.968,47.02,-0.12,-0.935,0.335,0,0.337,0.942,-0.993,0.113,-0.04],"_shiftlockState":false,"_pose":"Running","_animationQueue":[],"_animationSpeed":1.066,"_zoom":12.5},{"_mousePosition":[602,318],"_rootPartCFrame":[772.07,222.7,47.557,-0.096,0,0.995,0,1,0,-0.995,0,-0.096],"_humanoidState":8,"_cameraCFrame":[776.228,235.977,47.043,-0.123,-0.935,0.333,0,0.335,0.942,-0.992,0.115,-0.041],"_shiftlockState":false,"_pose":"Running","_animationQueue":[],"_animationSpeed":1.066,"_zoom":12.5},{"_mousePosition":[602,318],"_rootPartCFrame":[771.806,222.7,47.588,-0.099,0,0.995,0,1,0,-0.995,0,-0.099],"_humanoidState":8,"_cameraCFrame":[775.917,235.993,47.07,-0.125,-0.936,0.329,0,0.331,0.943,-0.992,0.118,-0.041],"_shiftlockState":false,"_pose":"Running","_animationQueue":[["walk",0.1]],"_animationSpeed":1.066,"_zoom":12.5},{"_mousePosition":[602,318],"_rootPartCFrame":[771.541,222.7,47.621,-0.102,0,0.995,0,1,0,-0.995,0,-0.102],"_humanoidState":8,"_cameraCFrame":[775.606,236.009,47.109,-0.125,-0.937,0.325,0,0.328,0.945,-0.992,0.118,-0.041],"_shiftlockState":false,"_pose":"Running","_animationQueue":[],"_animationSpeed":1.066,"_zoom":12.5},{"_mousePosition":[602,318],"_rootPartCFrame":[771.409,222.7,47.638,-0.104,0,0.995,0,1,0,-0.995,0,-0.104],"_humanoidState":8,"_cameraCFrame":[775.427,236.025,47.121,-0.128,-0.938,0.321,0,0.324,0.946,-0.992,0.121,-0.041],"_shiftlockState":false,"_pose":"Running","_animationQueue":[],"_animationSpeed":1.066,"_zoom":12.5},{"_mousePosition":[602,318],"_rootPartCFrame":[771.012,222.7,47.688,-0.108,0,0.994,0,1,0,-0.994,0,-0.108],"_humanoidState":8,"_cameraCFrame":[774.983,236.041,47.167,-0.13,-0.939,0.318,0,0.32,0.947,-0.992,0.123,-0.042],"_shiftlockState":false,"_pose":"Running","_animationQueue":[],"_animationSpeed":1.066,"_zoom":12.5},{"_mousePosition":[602,318],"_rootPartCFrame":[770.747,222.7,47.722,-0.111,0,0.994,0,1,0,-0.994,0,-0.111],"_humanoidState":8,"_cameraCFrame":[774.647,236.064,47.19,-0.135,-0.94,0.312,0,0.315,0.949,-0.991,0.128,-0.043],"_shiftlockState":false,"_pose":"Running","_animationQueue":[],"_animationSpeed":1.066,"_zoom":12.5},{"_mousePosition":[602,318],"_rootPartCFrame":[770.483,223.563,47.756,-0.113,0,0.994,0,1,0,-0.994,0,-0.113],"_humanoidState":3,"_cameraCFrame":[774.36,236.934,47.227,-0.135,-0.941,0.31,0,0.313,0.95,-0.991,0.128,-0.042],"_shiftlockState":false,"_pose":"Jumping","_animationQueue":[["walk",0.1],["jump",0.1]],"_animationSpeed":1,"_zoom":12.5},{"_mousePosition":[602,318],"_rootPartCFrame":[770.219,224.371,47.791,-0.116,0,0.993,0,1,0,-0.993,0,-0.116],"_humanoidState":5,"_cameraCFrame":[774.073,237.75,47.266,-0.135,-0.942,0.308,0,0.311,0.95,-0.991,0.128,-0.042],"_shiftlockState":false,"_pose":"FreeFall","_animationQueue":[["jump",0.1]],"_animationSpeed":1,"_zoom":12.5},{"_mousePosition":[602,318],"_rootPartCFrame":[769.955,225.125,47.827,-0.119,0,0.993,0,1,0,-0.993,0,-0.119],"_humanoidState":5,"_cameraCFrame":[773.784,238.512,47.295,-0.138,-0.942,0.306,0,0.309,0.951,-0.99,0.131,-0.043],"_shiftlockState":false,"_pose":"FreeFall","_animationQueue":[],"_animationSpeed":1,"_zoom":12.5},{"_mousePosition":[602,318],"_rootPartCFrame":[769.69,225.824,47.863,-0.121,0,0.993,0,1,0,-0.993,0,-0.121],"_humanoidState":5,"_cameraCFrame":[773.497,239.219,47.335,-0.138,-0.943,0.305,0,0.307,0.952,-0.99,0.131,-0.042],"_shiftlockState":false,"_pose":"FreeFall","_animationQueue":[],"_animationSpeed":1,"_zoom":12.5},{"_mousePosition":[602,318],"_rootPartCFrame":[769.426,226.469,47.9,-0.123,0,0.992,0,1,0,-0.992,0,-0.123],"_humanoidState":5,"_cameraCFrame":[773.186,239.878,47.368,-0.14,-0.943,0.301,0,0.304,0.953,-0.99,0.133,-0.043],"_shiftlockState":false,"_pose":"FreeFall","_animationQueue":[],"_animationSpeed":1,"_zoom":12.5},{"_mousePosition":[602,318],"_rootPartCFrame":[769.228,226.917,47.927,-0.125,0,0.992,0,1,0,-0.992,0,-0.125],"_humanoidState":5,"_cameraCFrame":[772.94,240.341,47.393,-0.143,-0.944,0.297,0,0.3,0.954,-0.99,0.136,-0.043],"_shiftlockState":false,"_pose":"FreeFall","_animationQueue":[],"_animationSpeed":1,"_zoom":12.5},{"_mousePosition":[602,318],"_rootPartCFrame":[768.964,227.467,47.965,-0.127,0,0.992,0,1,0,-0.992,0,-0.127],"_humanoidState":5,"_cameraCFrame":[772.652,240.898,47.424,-0.145,-0.944,0.295,0,0.298,0.955,-0.989,0.138,-0.043],"_shiftlockState":false,"_pose":"FreeFall","_animationQueue":[],"_animationSpeed":1,"_zoom":12.5},{"_mousePosition":[602,318],"_rootPartCFrame":[768.634,228.077,48.012,-0.129,0,0.992,0,1,0,-0.992,0,-0.129],"_humanoidState":5,"_cameraCFrame":[772.275,241.523,47.469,-0.148,-0.945,0.291,0,0.294,0.956,-0.989,0.141,-0.043],"_shiftlockState":false,"_pose":"FreeFall","_animationQueue":[],"_animationSpeed":1,"_zoom":12.5},{"_mousePosition":[602,318],"_rootPartCFrame":[768.37,228.504,48.051,-0.131,0,0.991,0,1,0,-0.991,0,-0.131],"_humanoidState":5,"_cameraCFrame":[771.986,241.957,47.502,-0.15,-0.945,0.289,0,0.293,0.956,-0.989,0.144,-0.044],"_shiftlockState":false,"_pose":"FreeFall","_animationQueue":[],"_animationSpeed":1,"_zoom":12.5},{"_mousePosition":[602,318],"_rootPartCFrame":[768.107,228.876,48.09,-0.134,0,0.991,0,1,0,-0.991,0,-0.134],"_humanoidState":5,"_cameraCFrame":[771.674,242.343,47.53,-0.155,-0.946,0.285,0,0.289,0.957,-0.988,0.148,-0.045],"_shiftlockState":false,"_pose":"FreeFall","_animationQueue":[],"_animationSpeed":1,"_zoom":12.5},{"_mousePosition":[602,318],"_rootPartCFrame":[767.843,229.194,48.13,-0.136,0,0.991,0,1,0,-0.991,0,-0.136],"_humanoidState":5,"_cameraCFrame":[771.472,242.961,47.551,-0.158,-0.946,0.283,0,0.287,0.958,-0.988,0.151,-0.045],"_shiftlockState":false,"_pose":"FreeFall","_animationQueue":[],"_animationSpeed":1,"_zoom":16.125},{"_mousePosition":[602,318],"_rootPartCFrame":[767.579,229.457,48.171,-0.138,0,0.99,0,1,0,-0.99,0,-0.138],"_humanoidState":5,"_cameraCFrame":[771.353,243.807,47.559,-0.16,-0.946,0.281,0,0.285,0.958,-0.987,0.153,-0.046],"_shiftlockState":false,"_pose":"FreeFall","_animationQueue":[],"_animationSpeed":1,"_zoom":16.125},{"_mousePosition":[602,318],"_rootPartCFrame":[767.316,229.666,48.213,-0.141,0,0.99,0,1,0,-0.99,0,-0.141],"_humanoidState":5,"_cameraCFrame":[771.228,244.589,47.568,-0.163,-0.946,0.28,0,0.283,0.959,-0.987,0.156,-0.046],"_shiftlockState":false,"_pose":"FreeFall","_animationQueue":[],"_animationSpeed":1,"_zoom":16.125},{"_mousePosition":[602,318],"_rootPartCFrame":[767.053,229.821,48.256,-0.143,0,0.99,0,1,0,-0.99,0,-0.143],"_humanoidState":5,"_cameraCFrame":[771.119,245.271,47.586,-0.163,-0.946,0.28,0,0.283,0.959,-0.987,0.156,-0.046],"_shiftlockState":false,"_pose":"FreeFall","_animationQueue":[],"_animationSpeed":1,"_zoom":16.125},{"_mousePosition":[602,318],"_rootPartCFrame":[766.79,229.921,48.299,-0.146,0,0.989,0,1,0,-0.989,0,-0.146],"_humanoidState":5,"_cameraCFrame":[770.957,245.823,47.612,-0.163,-0.947,0.278,0,0.281,0.96,-0.987,0.156,-0.046],"_shiftlockState":false,"_pose":"FreeFall","_animationQueue":[],"_animationSpeed":1,"_zoom":16.125},{"_mousePosition":[602,318],"_rootPartCFrame":[766.526,229.966,48.342,-0.148,0,0.989,0,1,0,-0.989,0,-0.148],"_humanoidState":5,"_cameraCFrame":[770.776,246.151,47.642,-0.163,-0.947,0.278,0,0.281,0.96,-0.987,0.156,-0.046],"_shiftlockState":false,"_pose":"FreeFall","_animationQueue":[],"_animationSpeed":1,"_zoom":16.125},{"_mousePosition":[602,318],"_rootPartCFrame":[766.329,229.964,48.375,-0.15,0,0.989,0,1,0,-0.989,0,-0.15],"_humanoidState":5,"_cameraCFrame":[770.651,246.401,47.663,-0.163,-0.947,0.278,0,0.281,0.96,-0.987,0.156,-0.046],"_shiftlockState":false,"_pose":"FreeFall","_animationQueue":[],"_animationSpeed":1,"_zoom":16.125},{"_mousePosition":[602,318],"_rootPartCFrame":[766,229.893,48.429,-0.152,0,0.988,0,1,0,-0.988,0,-0.152],"_humanoidState":5,"_cameraCFrame":[770.371,246.498,47.709,-0.163,-0.947,0.278,0,0.281,0.96,-0.987,0.156,-0.046],"_shiftlockState":false,"_pose":"FreeFall","_animationQueue":[],"_animationSpeed":1,"_zoom":16.125},{"_mousePosition":[602,318],"_rootPartCFrame":[765.737,229.775,48.472,-0.154,0,0.988,0,1,0,-0.988,0,-0.154],"_humanoidState":5,"_cameraCFrame":[770.138,246.486,47.747,-0.163,-0.947,0.278,0,0.281,0.96,-0.987,0.156,-0.046],"_shiftlockState":false,"_pose":"FreeFall","_animationQueue":[],"_animationSpeed":1,"_zoom":16.125},{"_mousePosition":[602,318],"_rootPartCFrame":[765.539,229.651,48.505,-0.155,0,0.988,0,1,0,-0.988,0,-0.155],"_humanoidState":5,"_cameraCFrame":[769.966,246.447,47.775,-0.163,-0.947,0.278,0,0.281,0.96,-0.987,0.156,-0.046],"_shiftlockState":false,"_pose":"FreeFall","_animationQueue":[],"_animationSpeed":1,"_zoom":16.125},{"_mousePosition":[602,318],"_rootPartCFrame":[765.276,229.437,48.548,-0.156,0,0.988,0,1,0,-0.988,0,-0.156],"_humanoidState":5,"_cameraCFrame":[769.718,246.289,47.816,-0.163,-0.947,0.278,0,0.281,0.96,-0.987,0.156,-0.046],"_shiftlockState":false,"_pose":"FreeFall","_animationQueue":[],"_animationSpeed":1,"_zoom":16.125},{"_mousePosition":[602,318],"_rootPartCFrame":[765.013,229.169,48.591,-0.157,0,0.988,0,1,0,-0.988,0,-0.157],"_humanoidState":5,"_cameraCFrame":[769.467,246.062,47.858,-0.163,-0.947,0.278,0,0.281,0.96,-0.987,0.156,-0.046],"_shiftlockState":false,"_pose":"FreeFall","_animationQueue":[],"_animationSpeed":1,"_zoom":16.125},{"_mousePosition":[602,318],"_rootPartCFrame":[764.684,228.758,48.646,-0.158,0,0.987,0,1,0,-0.987,0,-0.158],"_humanoidState":5,"_cameraCFrame":[769.146,245.677,47.91,-0.163,-0.947,0.278,0,0.281,0.96,-0.987,0.156,-0.046],"_shiftlockState":false,"_pose":"FreeFall","_animationQueue":[["fall",0.3]],"_animationSpeed":1,"_zoom":16.125},{"_mousePosition":[602,318],"_rootPartCFrame":[764.487,228.47,48.678,-0.158,0,0.987,0,1,0,-0.987,0,-0.158],"_humanoidState":5,"_cameraCFrame":[768.954,245.408,47.942,-0.163,-0.947,0.278,0,0.281,0.96,-0.987,0.156,-0.046],"_shiftlockState":false,"_pose":"FreeFall","_animationQueue":[],"_animationSpeed":1,"_zoom":16.125},{"_mousePosition":[602,318],"_rootPartCFrame":[764.224,228.038,48.722,-0.159,0,0.987,0,1,0,-0.987,0,-0.159],"_humanoidState":5,"_cameraCFrame":[768.694,244.988,47.985,-0.163,-0.947,0.278,0,0.281,0.96,-0.987,0.156,-0.046],"_shiftlockState":false,"_pose":"FreeFall","_animationQueue":[],"_animationSpeed":1,"_zoom":16.125},{"_mousePosition":[602,318],"_rootPartCFrame":[763.895,227.422,48.776,-0.159,0,0.987,0,1,0,-0.987,0,-0.159],"_humanoidState":5,"_cameraCFrame":[768.367,244.381,48.039,-0.163,-0.947,0.278,0,0.281,0.96,-0.987,0.156,-0.046],"_shiftlockState":false,"_pose":"FreeFall","_animationQueue":[],"_animationSpeed":1,"_zoom":16.125},{"_mousePosition":[602,318],"_rootPartCFrame":[763.631,226.868,48.819,-0.16,0,0.987,0,1,0,-0.987,0,-0.16],"_humanoidState":5,"_cameraCFrame":[768.109,243.831,48.104,-0.158,-0.948,0.278,0,0.281,0.96,-0.988,0.151,-0.044],"_shiftlockState":false,"_pose":"FreeFall","_animationQueue":[],"_animationSpeed":1,"_zoom":16.125},{"_mousePosition":[602,318],"_rootPartCFrame":[763.368,226.26,48.862,-0.16,0,0.987,0,1,0,-0.987,0,-0.16],"_humanoidState":5,"_cameraCFrame":[767.849,243.226,48.159,-0.155,-0.948,0.278,0,0.281,0.96,-0.988,0.149,-0.044],"_shiftlockState":false,"_pose":"FreeFall","_animationQueue":[],"_animationSpeed":1,"_zoom":16.125},{"_mousePosition":[602,318],"_rootPartCFrame":[763.183,226.167,48.892,-0.16,0,0.987,0,1,0,-0.987,0,-0.16],"_humanoidState":7,"_cameraCFrame":[767.668,243.136,48.211,-0.15,-0.949,0.278,0,0.281,0.96,-0.989,0.144,-0.042],"_shiftlockState":false,"_pose":"FreeFall","_animationQueue":[["fall",0.3],["walk",0.1],["fall",0.3],["fall",0.3]],"_animationSpeed":1,"_zoom":16.125},{"_mousePosition":[602,318],"_rootPartCFrame":[762.967,226.165,48.926,-0.16,0,0.987,0,1,0,-0.987,0,-0.16],"_humanoidState":7,"_cameraCFrame":[767.456,243.136,48.268,-0.145,-0.949,0.278,0,0.281,0.96,-0.989,0.139,-0.041],"_shiftlockState":false,"_pose":"FreeFall","_animationQueue":[],"_animationSpeed":1,"_zoom":16.125},{"_mousePosition":[602,318],"_rootPartCFrame":[762.66,226.021,48.973,-0.158,0,0.987,0,1,0,-0.987,0,-0.158],"_humanoidState":8,"_cameraCFrame":[767.152,242.993,48.337,-0.14,-0.95,0.279,0,0.281,0.96,-0.99,0.134,-0.039],"_shiftlockState":false,"_pose":"Running","_animationQueue":[["walk",0.1],["fall",0.3],["walk",0.1]],"_animationSpeed":0.937,"_zoom":16.125},{"_mousePosition":[602,318],"_rootPartCFrame":[762.545,226.011,48.99,-0.157,0,0.988,0,1,0,-0.988,0,-0.157],"_humanoidState":8,"_cameraCFrame":[767.041,242.984,48.377,-0.135,-0.951,0.279,0,0.281,0.96,-0.991,0.13,-0.038],"_shiftlockState":false,"_pose":"Running","_animationQueue":[["walk",0.1]],"_animationSpeed":1.038,"_zoom":16.125},{"_mousePosition":[602,318],"_rootPartCFrame":[762.298,225.895,49.025,-0.155,0,0.988,0,1,0,-0.988,0,-0.155],"_humanoidState":8,"_cameraCFrame":[766.8,242.867,48.458,-0.125,-0.952,0.279,0,0.281,0.96,-0.992,0.12,-0.035],"_shiftlockState":false,"_pose":"Running","_animationQueue":[["walk",0.1]],"_animationSpeed":0.957,"_zoom":16.125},{"_mousePosition":[602,318],"_rootPartCFrame":[761.924,225.884,49.076,-0.151,0,0.989,0,1,0,-0.989,0,-0.151],"_humanoidState":8,"_cameraCFrame":[766.431,242.857,48.554,-0.115,-0.953,0.28,0,0.281,0.96,-0.993,0.11,-0.032],"_shiftlockState":false,"_pose":"Running","_animationQueue":[["walk",0.1]],"_animationSpeed":1.039,"_zoom":16.125},{"_mousePosition":[602,318],"_rootPartCFrame":[761.793,225.836,49.093,-0.149,0,0.989,0,1,0,-0.989,0,-0.149],"_humanoidState":8,"_cameraCFrame":[766.306,242.809,48.617,-0.105,-0.954,0.28,0,0.281,0.96,-0.994,0.101,-0.03],"_shiftlockState":false,"_pose":"Running","_animationQueue":[],"_animationSpeed":1.039,"_zoom":16.125},{"_mousePosition":[602,318],"_rootPartCFrame":[761.399,225.602,49.139,-0.143,0,0.99,0,1,0,-0.99,0,-0.143],"_humanoidState":8,"_cameraCFrame":[765.916,242.575,48.708,-0.095,-0.955,0.28,0,0.281,0.96,-0.995,0.091,-0.027],"_shiftlockState":false,"_pose":"Running","_animationQueue":[["walk",0.1]],"_animationSpeed":1.039,"_zoom":16.125},{"_mousePosition":[602,318],"_rootPartCFrame":[761.135,225.591,49.167,-0.138,0,0.99,0,1,0,-0.99,0,-0.138],"_humanoidState":8,"_cameraCFrame":[765.653,242.564,48.748,-0.092,-0.955,0.28,0,0.281,0.96,-0.996,0.089,-0.026],"_shiftlockState":false,"_pose":"Running","_animationQueue":[["walk",0.1]],"_animationSpeed":1.096,"_zoom":16.125},{"_mousePosition":[602,318],"_rootPartCFrame":[760.871,225.597,49.192,-0.132,0,0.991,0,1,0,-0.991,0,-0.132],"_humanoidState":8,"_cameraCFrame":[765.39,242.571,48.785,-0.09,-0.956,0.28,0,0.281,0.96,-0.996,0.086,-0.025],"_shiftlockState":false,"_pose":"Running","_animationQueue":[],"_animationSpeed":1.096,"_zoom":16.125},{"_mousePosition":[602,318],"_rootPartCFrame":[760.739,225.601,49.204,-0.129,0,0.992,0,1,0,-0.992,0,-0.129],"_humanoidState":8,"_cameraCFrame":[765.258,242.574,48.797,-0.09,-0.956,0.28,0,0.281,0.96,-0.996,0.086,-0.025],"_shiftlockState":false,"_pose":"Running","_animationQueue":[],"_animationSpeed":1.096,"_zoom":16.125},{"_mousePosition":[602,318],"_rootPartCFrame":[760.474,225.607,49.228,-0.124,0,0.992,0,1,0,-0.992,0,-0.124],"_humanoidState":8,"_cameraCFrame":[764.993,242.58,48.821,-0.09,-0.956,0.28,0,0.281,0.96,-0.996,0.086,-0.025],"_shiftlockState":false,"_pose":"Running","_animationQueue":[],"_animationSpeed":1.096,"_zoom":16.125},{"_mousePosition":[602,318],"_rootPartCFrame":[760.077,225.643,49.264,-0.117,0,0.993,0,1,0,-0.993,0,-0.117],"_humanoidState":8,"_cameraCFrame":[764.597,242.617,48.857,-0.09,-0.956,0.28,0,0.281,0.96,-0.996,0.086,-0.025],"_shiftlockState":false,"_pose":"Running","_animationQueue":[],"_animationSpeed":1.096,"_zoom":16.125},{"_mousePosition":[602,318],"_rootPartCFrame":[759.945,225.652,49.276,-0.115,0,0.993,0,1,0,-0.993,0,-0.115],"_humanoidState":8,"_cameraCFrame":[764.466,242.625,48.891,-0.085,-0.956,0.28,0,0.281,0.96,-0.996,0.081,-0.024],"_shiftlockState":false,"_pose":"Running","_animationQueue":[],"_animationSpeed":1.096,"_zoom":16.125},{"_mousePosition":[602,318],"_rootPartCFrame":[759.548,225.683,49.312,-0.11,0,0.994,0,1,0,-0.994,0,-0.11],"_humanoidState":8,"_cameraCFrame":[764.071,242.656,48.95,-0.08,-0.957,0.281,0,0.281,0.96,-0.997,0.076,-0.022],"_shiftlockState":false,"_pose":"Running","_animationQueue":[["walk",0.1]],"_animationSpeed":1.096,"_zoom":16.125},{"_mousePosition":[602,318],"_rootPartCFrame":[759.283,225.724,49.334,-0.107,0,0.994,0,1,0,-0.994,0,-0.107],"_humanoidState":8,"_cameraCFrame":[763.808,242.697,48.996,-0.075,-0.957,0.281,0,0.281,0.96,-0.997,0.072,-0.021],"_shiftlockState":false,"_pose":"Running","_animationQueue":[],"_animationSpeed":1.096,"_zoom":16.125},{"_mousePosition":[602,318],"_rootPartCFrame":[759.018,225.762,49.356,-0.103,0,0.995,0,1,0,-0.995,0,-0.103],"_humanoidState":8,"_cameraCFrame":[763.544,242.735,49.028,-0.072,-0.957,0.281,0,0.281,0.96,-0.997,0.069,-0.02],"_shiftlockState":false,"_pose":"Running","_animationQueue":[],"_animationSpeed":1.096,"_zoom":16.125},{"_mousePosition":[602,318],"_rootPartCFrame":[758.753,225.785,49.376,-0.099,0,0.995,0,1,0,-0.995,0,-0.099],"_humanoidState":8,"_cameraCFrame":[763.28,242.759,49.06,-0.07,-0.957,0.281,0,0.281,0.96,-0.998,0.067,-0.02],"_shiftlockState":false,"_pose":"Running","_animationQueue":[],"_animationSpeed":1.096,"_zoom":16.125},{"_mousePosition":[602,318],"_rootPartCFrame":[758.621,225.792,49.385,-0.098,0,0.995,0,1,0,-0.995,0,-0.098],"_humanoidState":8,"_cameraCFrame":[763.148,242.766,49.081,-0.067,-0.957,0.281,0,0.281,0.96,-0.998,0.064,-0.019],"_shiftlockState":false,"_pose":"Running","_animationQueue":[],"_animationSpeed":1.096,"_zoom":16.125},{"_mousePosition":[602,318],"_rootPartCFrame":[758.223,225.81,49.413,-0.092,0,0.996,0,1,0,-0.996,0,-0.092],"_humanoidState":8,"_cameraCFrame":[762.752,242.784,49.143,-0.06,-0.958,0.281,0,0.281,0.96,-0.998,0.057,-0.017],"_shiftlockState":false,"_pose":"Running","_animationQueue":[],"_animationSpeed":1.096,"_zoom":16.125},{"_mousePosition":[602,318],"_rootPartCFrame":[757.957,225.826,49.431,-0.089,0,0.996,0,1,0,-0.996,0,-0.089],"_humanoidState":8,"_cameraCFrame":[762.488,242.799,49.184,-0.054,-0.958,0.281,0,0.281,0.96,-0.999,0.052,-0.015],"_shiftlockState":false,"_pose":"Running","_animationQueue":[["walk",0.1]],"_animationSpeed":1.096,"_zoom":16.125},{"_mousePosition":[602,318],"_rootPartCFrame":[757.691,225.842,49.447,-0.085,0,0.996,0,1,0,-0.996,0,-0.085],"_humanoidState":8,"_cameraCFrame":[762.222,242.816,49.2,-0.054,-0.958,0.281,0,0.281,0.96,-0.999,0.052,-0.015],"_shiftlockState":false,"_pose":"Running","_animationQueue":[],"_animationSpeed":1.096,"_zoom":16.125},{"_mousePosition":[602,318],"_rootPartCFrame":[757.426,225.859,49.462,-0.081,0,0.997,0,1,0,-0.997,0,-0.081],"_humanoidState":8,"_cameraCFrame":[761.957,242.832,49.226,-0.052,-0.958,0.281,0,0.281,0.96,-0.999,0.05,-0.015],"_shiftlockState":false,"_pose":"Running","_animationQueue":[],"_animationSpeed":1.096,"_zoom":16.125},{"_mousePosition":[602,318],"_rootPartCFrame":[757.16,225.874,49.476,-0.077,0,0.997,0,1,0,-0.997,0,-0.077],"_humanoidState":8,"_cameraCFrame":[761.691,242.848,49.241,-0.052,-0.958,0.281,0,0.281,0.96,-0.999,0.05,-0.015],"_shiftlockState":false,"_pose":"Running","_animationQueue":[],"_animationSpeed":1.096,"_zoom":16.125},{"_mousePosition":[602,318],"_rootPartCFrame":[756.894,225.89,49.49,-0.074,0,0.997,0,1,0,-0.997,0,-0.074],"_humanoidState":8,"_cameraCFrame":[761.425,242.863,49.254,-0.052,-0.958,0.281,0,0.281,0.96,-0.999,0.05,-0.015],"_shiftlockState":false,"_pose":"Running","_animationQueue":[],"_animationSpeed":1.096,"_zoom":16.125},{"_mousePosition":[602,318],"_rootPartCFrame":[756.761,225.897,49.497,-0.072,0,0.997,0,1,0,-0.997,0,-0.072],"_humanoidState":8,"_cameraCFrame":[761.292,242.871,49.261,-0.052,-0.958,0.281,0,0.281,0.96,-0.999,0.05,-0.015],"_shiftlockState":false,"_pose":"Running","_animationQueue":[],"_animationSpeed":1.096,"_zoom":16.125},{"_mousePosition":[602,318],"_rootPartCFrame":[756.495,225.912,49.511,-0.07,0,0.998,0,1,0,-0.998,0,-0.07],"_humanoidState":8,"_cameraCFrame":[761.026,242.885,49.275,-0.052,-0.958,0.281,0,0.281,0.96,-0.999,0.05,-0.015],"_shiftlockState":false,"_pose":"Running","_animationQueue":[],"_animationSpeed":1.096,"_zoom":16.125},{"_mousePosition":[602,318],"_rootPartCFrame":[756.229,225.926,49.525,-0.067,0,0.998,0,1,0,-0.998,0,-0.067],"_humanoidState":8,"_cameraCFrame":[760.76,242.899,49.289,-0.052,-0.958,0.281,0,0.281,0.96,-0.999,0.05,-0.015],"_shiftlockState":false,"_pose":"Running","_animationQueue":[["walk",0.1]],"_animationSpeed":1.096,"_zoom":16.125},{"_mousePosition":[602,318],"_rootPartCFrame":[755.83,225.938,49.545,-0.064,0,0.998,0,1,0,-0.998,0,-0.064],"_humanoidState":8,"_cameraCFrame":[760.361,242.911,49.31,-0.052,-0.958,0.281,0,0.281,0.96,-0.999,0.05,-0.015],"_shiftlockState":false,"_pose":"Running","_animationQueue":[],"_animationSpeed":1.096,"_zoom":16.125},{"_mousePosition":[602,318],"_rootPartCFrame":[755.698,225.926,49.552,-0.063,0,0.998,0,1,0,-0.998,0,-0.063],"_humanoidState":8,"_cameraCFrame":[760.23,242.899,49.317,-0.052,-0.958,0.281,0,0.281,0.96,-0.999,0.05,-0.015],"_shiftlockState":false,"_pose":"Running","_animationQueue":[],"_animationSpeed":1.096,"_zoom":16.125},{"_mousePosition":[602,318],"_rootPartCFrame":[755.369,227.01,49.569,-0.061,0,0.998,0,1,0,-0.998,0,-0.061],"_humanoidState":3,"_cameraCFrame":[759.901,243.983,49.334,-0.052,-0.958,0.281,0,0.281,0.96,-0.999,0.05,-0.015],"_shiftlockState":false,"_pose":"Jumping","_animationQueue":[["walk",0.1],["jump",0.1]],"_animationSpeed":1,"_zoom":16.125},{"_mousePosition":[602,318],"_rootPartCFrame":[755.17,227.621,49.58,-0.06,0,0.998,0,1,0,-0.998,0,-0.06],"_humanoidState":5,"_cameraCFrame":[759.702,244.594,49.356,-0.049,-0.958,0.281,0,0.281,0.96,-0.999,0.047,-0.014],"_shiftlockState":false,"_pose":"FreeFall","_animationQueue":[["jump",0.1]],"_animationSpeed":1,"_zoom":16.125},{"_mousePosition":[602,318],"_rootPartCFrame":[754.837,228.572,49.597,-0.059,0,0.998,0,1,0,-0.998,0,-0.059],"_humanoidState":5,"_cameraCFrame":[759.369,245.545,49.373,-0.049,-0.958,0.281,0,0.281,0.96,-0.999,0.047,-0.014],"_shiftlockState":false,"_pose":"FreeFall","_animationQueue":[],"_animationSpeed":1,"_zoom":16.125},{"_mousePosition":[602,318],"_rootPartCFrame":[754.637,229.102,49.607,-0.058,0,0.998,0,1,0,-0.998,0,-0.058],"_humanoidState":5,"_cameraCFrame":[759.169,246.075,49.383,-0.049,-0.958,0.281,0,0.281,0.96,-0.999,0.047,-0.014],"_shiftlockState":false,"_pose":"FreeFall","_animationQueue":[],"_animationSpeed":1,"_zoom":16.125},{"_mousePosition":[602,318],"_rootPartCFrame":[754.371,229.76,49.62,-0.057,0,0.998,0,1,0,-0.998,0,-0.057],"_humanoidState":5,"_cameraCFrame":[758.903,246.734,49.396,-0.049,-0.958,0.281,0,0.281,0.96,-0.999,0.047,-0.014],"_shiftlockState":false,"_pose":"FreeFall","_animationQueue":[],"_animationSpeed":1,"_zoom":16.125},{"_mousePosition":[602,318],"_rootPartCFrame":[754.038,230.507,49.637,-0.055,0,0.998,0,1,0,-0.998,0,-0.055],"_humanoidState":5,"_cameraCFrame":[758.57,247.48,49.412,-0.049,-0.958,0.281,0,0.281,0.96,-0.999,0.047,-0.014],"_shiftlockState":false,"_pose":"FreeFall","_animationQueue":[],"_animationSpeed":1,"_zoom":16.125},{"_mousePosition":[602,318],"_rootPartCFrame":[753.838,230.914,49.647,-0.055,0,0.999,0,1,0,-0.999,0,-0.055],"_humanoidState":5,"_cameraCFrame":[758.37,247.887,49.422,-0.049,-0.958,0.281,0,0.281,0.96,-0.999,0.047,-0.014],"_shiftlockState":false,"_pose":"FreeFall","_animationQueue":[],"_animationSpeed":1,"_zoom":16.125},{"_mousePosition":[602,318],"_rootPartCFrame":[753.572,231.409,49.66,-0.054,0,0.999,0,1,0,-0.999,0,-0.054],"_humanoidState":5,"_cameraCFrame":[758.104,248.382,49.436,-0.049,-0.958,0.281,0,0.281,0.96,-0.999,0.047,-0.014],"_shiftlockState":false,"_pose":"FreeFall","_animationQueue":[],"_animationSpeed":1,"_zoom":16.125},{"_mousePosition":[602,318],"_rootPartCFrame":[753.306,231.849,49.673,-0.053,0,0.999,0,1,0,-0.999,0,-0.053],"_humanoidState":5,"_cameraCFrame":[757.838,248.823,49.449,-0.049,-0.958,0.281,0,0.281,0.96,-0.999,0.047,-0.014],"_shiftlockState":false,"_pose":"FreeFall","_animationQueue":[],"_animationSpeed":1,"_zoom":16.125},{"_mousePosition":[602,318],"_rootPartCFrame":[753.039,232.235,49.686,-0.053,0,0.999,0,1,0,-0.999,0,-0.053],"_humanoidState":5,"_cameraCFrame":[757.572,249.209,49.473,-0.047,-0.959,0.281,0,0.281,0.96,-0.999,0.045,-0.013],"_shiftlockState":false,"_pose":"FreeFall","_animationQueue":[],"_animationSpeed":1,"_zoom":16.125},{"_mousePosition":[602,318],"_rootPartCFrame":[752.706,232.641,49.703,-0.052,0,0.999,0,1,0,-0.999,0,-0.052],"_humanoidState":5,"_cameraCFrame":[757.239,249.614,49.49,-0.047,-0.959,0.281,0,0.281,0.96,-0.999,0.045,-0.013],"_shiftlockState":false,"_pose":"FreeFall","_animationQueue":[],"_animationSpeed":1,"_zoom":16.125},{"_mousePosition":[602,318],"_rootPartCFrame":[752.506,232.844,49.712,-0.052,0,0.999,0,1,0,-0.999,0,-0.052],"_humanoidState":5,"_cameraCFrame":[757.04,249.817,49.511,-0.044,-0.959,0.281,0,0.281,0.96,-0.999,0.043,-0.012],"_shiftlockState":false,"_pose":"FreeFall","_animationQueue":[],"_animationSpeed":1,"_zoom":16.125},{"_mousePosition":[602,318],"_rootPartCFrame":[752.24,233.066,49.725,-0.051,0,0.999,0,1,0,-0.999,0,-0.051],"_humanoidState":5,"_cameraCFrame":[756.773,250.04,49.523,-0.044,-0.959,0.281,0,0.281,0.96,-0.999,0.043,-0.012],"_shiftlockState":false,"_pose":"FreeFall","_animationQueue":[],"_animationSpeed":1,"_zoom":16.125},{"_mousePosition":[602,318],"_rootPartCFrame":[751.907,233.268,49.739,-0.05,0,0.999,0,1,0,-0.999,0,-0.05],"_humanoidState":5,"_cameraCFrame":[756.44,250.241,49.538,-0.044,-0.959,0.281,0,0.281,0.96,-0.999,0.043,-0.012],"_shiftlockState":false,"_pose":"FreeFall","_animationQueue":[],"_animationSpeed":1,"_zoom":16.125},{"_mousePosition":[602,318],"_rootPartCFrame":[751.641,233.368,49.751,-0.049,0,0.999,0,1,0,-0.999,0,-0.049],"_humanoidState":5,"_cameraCFrame":[756.174,250.341,49.55,-0.044,-0.959,0.281,0,0.281,0.96,-0.999,0.043,-0.012],"_shiftlockState":false,"_pose":"FreeFall","_animationQueue":[],"_animationSpeed":1,"_zoom":16.125},{"_mousePosition":[602,318],"_rootPartCFrame":[751.441,233.407,49.76,-0.049,0,0.999,0,1,0,-0.999,0,-0.049],"_humanoidState":5,"_cameraCFrame":[755.975,250.38,49.57,-0.042,-0.959,0.281,0,0.281,0.96,-0.999,0.04,-0.012],"_shiftlockState":false,"_pose":"FreeFall","_animationQueue":[],"_animationSpeed":1,"_zoom":16.125},{"_mousePosition":[602,318],"_rootPartCFrame":[751.108,233.404,49.775,-0.048,0,0.999,0,1,0,-0.999,0,-0.048],"_humanoidState":5,"_cameraCFrame":[755.643,250.377,49.608,-0.037,-0.959,0.281,0,0.281,0.96,-0.999,0.035,-0.01],"_shiftlockState":false,"_pose":"FreeFall","_animationQueue":[],"_animationSpeed":1,"_zoom":16.125},{"_mousePosition":[602,318],"_rootPartCFrame":[750.842,233.34,49.786,-0.047,0,0.999,0,1,0,-0.999,0,-0.047],"_humanoidState":5,"_cameraCFrame":[755.377,250.314,49.631,-0.034,-0.959,0.281,0,0.281,0.96,-0.999,0.033,-0.01],"_shiftlockState":false,"_pose":"FreeFall","_animationQueue":[["fall",0.3]],"_animationSpeed":1,"_zoom":16.125},{"_mousePosition":[602,318],"_rootPartCFrame":[750.575,233.222,49.796,-0.046,0,0.999,0,1,0,-0.999,0,-0.046],"_humanoidState":5,"_cameraCFrame":[755.11,250.196,49.641,-0.034,-0.959,0.281,0,0.281,0.96,-0.999,0.033,-0.01],"_shiftlockState":false,"_pose":"FreeFall","_animationQueue":[],"_animationSpeed":1,"_zoom":16.125},{"_mousePosition":[602,318],"_rootPartCFrame":[750.375,233.098,49.803,-0.045,0,0.999,0,1,0,-0.999,0,-0.045],"_humanoidState":5,"_cameraCFrame":[754.91,250.071,49.648,-0.034,-0.959,0.281,0,0.281,0.96,-0.999,0.033,-0.01],"_shiftlockState":false,"_pose":"FreeFall","_animationQueue":[],"_animationSpeed":1,"_zoom":16.125},{"_mousePosition":[602,318],"_rootPartCFrame":[750.042,232.823,49.815,-0.043,0,0.999,0,1,0,-0.999,0,-0.043],"_humanoidState":5,"_cameraCFrame":[754.577,249.796,49.659,-0.034,-0.959,0.281,0,0.281,0.96,-0.999,0.033,-0.01],"_shiftlockState":false,"_pose":"FreeFall","_animationQueue":[],"_animationSpeed":1,"_zoom":16.125},{"_mousePosition":[602,318],"_rootPartCFrame":[749.842,232.616,49.821,-0.042,0,0.999,0,1,0,-0.999,0,-0.042],"_humanoidState":5,"_cameraCFrame":[754.377,249.59,49.666,-0.034,-0.959,0.281,0,0.281,0.96,-0.999,0.033,-0.01],"_shiftlockState":false,"_pose":"FreeFall","_animationQueue":[],"_animationSpeed":1,"_zoom":16.125},{"_mousePosition":[602,318],"_rootPartCFrame":[749.576,232.294,49.831,-0.041,0,0.999,0,1,0,-0.999,0,-0.041],"_humanoidState":5,"_cameraCFrame":[754.111,249.267,49.675,-0.034,-0.959,0.281,0,0.281,0.96,-0.999,0.033,-0.01],"_shiftlockState":false,"_pose":"FreeFall","_animationQueue":[],"_animationSpeed":1,"_zoom":16.125},{"_mousePosition":[602,318],"_rootPartCFrame":[749.309,231.917,49.84,-0.04,0,0.999,0,1,0,-0.999,0,-0.04],"_humanoidState":5,"_cameraCFrame":[753.844,248.89,49.684,-0.034,-0.959,0.281,0,0.281,0.96,-0.999,0.033,-0.01],"_shiftlockState":false,"_pose":"FreeFall","_animationQueue":[],"_animationSpeed":1,"_zoom":16.125},{"_mousePosition":[602,318],"_rootPartCFrame":[748.976,231.369,49.851,-0.039,0,0.999,0,1,0,-0.999,0,-0.039],"_humanoidState":5,"_cameraCFrame":[753.511,248.343,49.696,-0.034,-0.959,0.281,0,0.281,0.96,-0.999,0.033,-0.01],"_shiftlockState":false,"_pose":"FreeFall","_animationQueue":[["fall",0.3]],"_animationSpeed":1,"_zoom":16.125},{"_mousePosition":[602,318],"_rootPartCFrame":[748.776,231,49.858,-0.039,0,0.999,0,1,0,-0.999,0,-0.039],"_humanoidState":5,"_cameraCFrame":[753.311,247.973,49.703,-0.034,-0.959,0.281,0,0.281,0.96,-0.999,0.033,-0.01],"_shiftlockState":false,"_pose":"FreeFall","_animationQueue":[],"_animationSpeed":1,"_zoom":16.125},{"_mousePosition":[602,318],"_rootPartCFrame":[748.509,230.459,49.867,-0.038,0,0.999,0,1,0,-0.999,0,-0.038],"_humanoidState":5,"_cameraCFrame":[753.044,247.432,49.712,-0.034,-0.959,0.281,0,0.281,0.96,-0.999,0.033,-0.01],"_shiftlockState":false,"_pose":"FreeFall","_animationQueue":[],"_animationSpeed":1,"_zoom":16.125},{"_mousePosition":[602,318],"_rootPartCFrame":[748.242,229.864,49.876,-0.037,0,0.999,0,1,0,-0.999,0,-0.037],"_humanoidState":5,"_cameraCFrame":[752.778,246.837,49.721,-0.034,-0.959,0.281,0,0.281,0.96,-0.999,0.033,-0.01],"_shiftlockState":false,"_pose":"FreeFall","_animationQueue":[],"_animationSpeed":1,"_zoom":16.125},{"_mousePosition":[602,318],"_rootPartCFrame":[747.909,229.044,49.888,-0.037,0,0.999,0,1,0,-0.999,0,-0.037],"_humanoidState":5,"_cameraCFrame":[752.445,246.017,49.744,-0.032,-0.959,0.281,0,0.281,0.96,-0.999,0.03,-0.009],"_shiftlockState":false,"_pose":"FreeFall","_animationQueue":[],"_animationSpeed":1,"_zoom":16.125},{"_mousePosition":[602,318],"_rootPartCFrame":[747.643,228.326,49.897,-0.036,0,0.999,0,1,0,-0.999,0,-0.036],"_humanoidState":5,"_cameraCFrame":[752.178,245.299,49.764,-0.029,-0.959,0.281,0,0.281,0.96,-1,0.028,-0.008],"_shiftlockState":false,"_pose":"FreeFall","_animationQueue":[],"_animationSpeed":1,"_zoom":16.125},{"_mousePosition":[602,318],"_rootPartCFrame":[747.443,227.752,49.903,-0.036,0,0.999,0,1,0,-0.999,0,-0.036],"_humanoidState":5,"_cameraCFrame":[751.978,244.726,49.771,-0.029,-0.959,0.281,0,0.281,0.96,-1,0.028,-0.008],"_shiftlockState":false,"_pose":"FreeFall","_animationQueue":[],"_animationSpeed":1,"_zoom":16.125},{"_mousePosition":[602,318],"_rootPartCFrame":[747.176,226.939,49.911,-0.035,0,0.999,0,1,0,-0.999,0,-0.035],"_humanoidState":5,"_cameraCFrame":[751.712,243.913,49.79,-0.027,-0.959,0.281,0,0.281,0.96,-1,0.026,-0.008],"_shiftlockState":false,"_pose":"FreeFall","_animationQueue":[["fall",0.3]],"_animationSpeed":1,"_zoom":16.125},{"_mousePosition":[602,318],"_rootPartCFrame":[746.909,226.072,49.919,-0.034,0,0.999,0,1,0,-0.999,0,-0.034],"_humanoidState":5,"_cameraCFrame":[751.446,243.045,49.809,-0.024,-0.959,0.281,0,0.281,0.96,-1,0.023,-0.007],"_shiftlockState":false,"_pose":"FreeFall","_animationQueue":[],"_animationSpeed":1,"_zoom":16.125},{"_mousePosition":[602,318],"_rootPartCFrame":[746.726,225.941,49.924,-0.033,0,0.999,0,1,0,-0.999,0,-0.033],"_humanoidState":7,"_cameraCFrame":[751.262,242.915,49.826,-0.022,-0.959,0.281,0,0.281,0.96,-1,0.021,-0.006],"_shiftlockState":false,"_pose":"FreeFall","_animationQueue":[["walk",0.1],["fall",0.3],["fall",0.3]],"_animationSpeed":1,"_zoom":16.125},{"_mousePosition":[602,318],"_rootPartCFrame":[746.566,225.939,49.928,-0.032,0,0.999,0,1,0,-0.999,0,-0.032],"_humanoidState":7,"_cameraCFrame":[751.103,242.912,49.853,-0.017,-0.959,0.281,0,0.281,0.96,-1,0.016,-0.005],"_shiftlockState":false,"_pose":"FreeFall","_animationQueue":[],"_animationSpeed":1,"_zoom":16.125},{"_mousePosition":[602,318],"_rootPartCFrame":[746.412,225.939,49.931,-0.03,0,1,0,1,0,-1,0,-0.03],"_humanoidState":8,"_cameraCFrame":[750.95,242.912,49.868,-0.014,-0.959,0.281,0,0.281,0.96,-1,0.013,-0.004],"_shiftlockState":false,"_pose":"Running","_animationQueue":[["walk",0.1],["fall",0.3],["walk",0.1]],"_animationSpeed":0.511,"_zoom":16.125},{"_mousePosition":[602,318],"_rootPartCFrame":[746.257,225.939,49.934,-0.028,0,1,0,1,0,-1,0,-0.028],"_humanoidState":8,"_cameraCFrame":[750.794,242.912,49.87,-0.014,-0.959,0.281,0,0.281,0.96,-1,0.013,-0.004],"_shiftlockState":false,"_pose":"Running","_animationQueue":[],"_animationSpeed":0.511,"_zoom":16.125},{"_mousePosition":[602,318],"_rootPartCFrame":[746.178,225.943,49.935,-0.028,0,1,0,1,0,-1,0,-0.028],"_humanoidState":8,"_cameraCFrame":[750.716,242.916,49.883,-0.011,-0.96,0.281,0,0.281,0.96,-1,0.011,-0.003],"_shiftlockState":false,"_pose":"Running","_animationQueue":[["walk",0.1]],"_animationSpeed":0.651,"_zoom":16.125},{"_mousePosition":[602,318],"_rootPartCFrame":[745.941,226.024,49.938,-0.025,0,1,0,1,0,-1,0,-0.025],"_humanoidState":8,"_cameraCFrame":[750.479,242.998,49.886,-0.011,-0.96,0.281,0,0.281,0.96,-1,0.011,-0.003],"_shiftlockState":false,"_pose":"Running","_animationQueue":[["walk",0.1]],"_animationSpeed":0.651,"_zoom":16.125},{"_mousePosition":[602,318],"_rootPartCFrame":[745.715,226.083,49.941,-0.023,0,1,0,1,0,-1,0,-0.023],"_humanoidState":8,"_cameraCFrame":[750.252,243.056,49.889,-0.011,-0.96,0.281,0,0.281,0.96,-1,0.011,-0.003],"_shiftlockState":false,"_pose":"Running","_animationQueue":[],"_animationSpeed":0.651,"_zoom":16.125},{"_mousePosition":[602,318],"_rootPartCFrame":[745.459,226.14,49.944,-0.021,0,1,0,1,0,-1,0,-0.021],"_humanoidState":8,"_cameraCFrame":[749.996,243.113,49.903,-0.009,-0.96,0.281,0,0.281,0.96,-1,0.009,-0.003],"_shiftlockState":false,"_pose":"Running","_animationQueue":[["walk",0.1]],"_animationSpeed":0.959,"_zoom":16.125},{"_mousePosition":[602,318],"_rootPartCFrame":[745.34,226.183,49.945,-0.021,0,1,0,1,0,-1,0,-0.021],"_humanoidState":8,"_cameraCFrame":[749.878,243.157,49.905,-0.009,-0.96,0.281,0,0.281,0.96,-1,0.009,-0.003],"_shiftlockState":false,"_pose":"Running","_animationQueue":[["walk",0.1]],"_animationSpeed":1.066,"_zoom":16.125},{"_mousePosition":[602,318],"_rootPartCFrame":[744.99,226.243,49.948,-0.018,0,1,0,1,0,-1,0,-0.018],"_humanoidState":8,"_cameraCFrame":[749.527,243.216,49.919,-0.006,-0.96,0.281,0,0.281,0.96,-1,0.006,-0.002],"_shiftlockState":false,"_pose":"Running","_animationQueue":[["walk",0.1]],"_animationSpeed":0.98,"_zoom":16.125},{"_mousePosition":[602,318],"_rootPartCFrame":[744.733,226.295,49.951,-0.017,0,1,0,1,0,-1,0,-0.017],"_humanoidState":8,"_cameraCFrame":[749.271,243.269,49.922,-0.006,-0.96,0.281,0,0.281,0.96,-1,0.006,-0.002],"_shiftlockState":false,"_pose":"Running","_animationQueue":[],"_animationSpeed":0.98,"_zoom":16.125},{"_mousePosition":[602,318],"_rootPartCFrame":[744.601,226.317,49.952,-0.016,0,1,0,1,0,-1,0,-0.016],"_humanoidState":8,"_cameraCFrame":[749.138,243.291,49.922,-0.006,-0.96,0.281,0,0.281,0.96,-1,0.006,-0.002],"_shiftlockState":false,"_pose":"Running","_animationQueue":[["walk",0.1]],"_animationSpeed":1.067