[{"_mousePosition":[527,348],"_rootPartCFrame":[776.024,222.7,47.142,0.003,0,1,0,1,0,-1,0,0.003],"_humanoidState":8,"_cameraCFrame":[780.781,239.552,48.445,0.264,-0.918,0.295,0,0.306,0.952,-0.964,-0.251,0.081],"_shiftlockState":false,"_pose":"Standing","_animationQueue":[],"_animationSpeed":1,"_zoom":16.125},{"_mousePosition":[527,348],"_rootPartCFrame":[775.732,222.7,47.061,0.047,0,0.999,0,1,0,-0.999,0,0.047],"_humanoidState":8,"_cameraCFrame":[780.434,239.571,48.336,0.262,-0.92,0.292,0,0.302,0.953,-0.965,-0.249,0.079],"_shiftlockState":false,"_pose":"Standing","_animationQueue":[],"_animationSpeed":1,"_zoom":16.125},{"_mousePosition":[527,348],"_rootPartCFrame":[775.475,222.7,46.991,0.077,0,0.997,0,1,0,-0.997,0,0.077],"_humanoidState":8,"_cameraCFrame":[780.155,239.58,48.234,0.257,-0.922,0.29,0,0.3,0.954,-0.966,-0.245,0.077],"_shiftlockState":false,"_pose":"Running","_animationQueue":[["walk",0.1]],"_animationSpeed":1.089,"_zoom":16.125},{"_mousePosition":[527,348],"_rootPartCFrame":[775.346,222.7,46.956,0.09,0,0.996,0,1,0,-0.996,0,0.09],"_humanoidState":8,"_cameraCFrame":[779.971,239.599,48.172,0.254,-0.924,0.287,0,0.297,0.955,-0.967,-0.243,0.075],"_shiftlockState":false,"_pose":"Running","_animationQueue":[],"_animationSpeed":1.089,"_zoom":16.125},{"_mousePosition":[527,348],"_rootPartCFrame":[774.96,222.7,46.853,0.124,0,0.992,0,1,0,-0.992,0,0.124],"_humanoidState":8,"_cameraCFrame":[779.53,239.618,48.043,0.252,-0.925,0.283,0,0.293,0.956,-0.968,-0.241,0.074],"_shiftlockState":false,"_pose":"Running","_animationQueue":[],"_animationSpeed":1.089,"_zoom":16.125},{"_mousePosition":[527,348],"_rootPartCFrame":[774.831,222.7,46.819,0.133,0,0.991,0,1,0,-0.991,0,0.133],"_humanoidState":8,"_cameraCFrame":[779.372,239.627,48.001,0.252,-0.926,0.282,0,0.291,0.957,-0.968,-0.241,0.073],"_shiftlockState":false,"_pose":"Running","_animationQueue":[],"_animationSpeed":1.089,"_zoom":16.125},{"_mousePosition":[527,348],"_rootPartCFrame":[774.573,222.7,46.752,0.149,0,0.989,0,1,0,-0.989,0,0.149],"_humanoidState":8,"_cameraCFrame":[779.061,239.645,47.896,0.247,-0.928,0.278,0,0.287,0.958,-0.969,-0.237,0.071],"_shiftlockState":false,"_pose":"Running","_animationQueue":[],"_animationSpeed":1.089,"_zoom":16.125},{"_mousePosition":[527,348],"_rootPartCFrame":[774.186,222.7,46.651,0.17,0,0.985,0,1,0,-0.985,0,0.17],"_humanoidState":8,"_cameraCFrame":[778.621,239.663,47.758,0.242,-0.93,0.275,0,0.284,0.959,-0.97,-0.232,0.069],"_shiftlockState":false,"_pose":"Running","_animationQueue":[["walk",0.1]],"_animationSpeed":1.089,"_zoom":16.125},{"_mousePosition":[527,348],"_rootPartCFrame":[774.057,222.7,46.618,0.176,0,0.984,0,1,0,-0.984,0,0.176],"_humanoidState":8,"_cameraCFrame":[778.437,239.681,47.699,0.24,-0.932,0.272,0,0.28,0.96,-0.971,-0.23,0.067],"_shiftlockState":false,"_pose":"Running","_animationQueue":[],"_animationSpeed":1.089,"_zoom":16.125},{"_mousePosition":[527,348],"_rootPartCFrame":[773.798,222.7,46.554,0.185,0,0.983,0,1,0,-0.983,0,0.185],"_humanoidState":8,"_cameraCFrame":[778.122,239.698,47.609,0.237,-0.934,0.268,0,0.276,0.961,-0.971,-0.228,0.065],"_shiftlockState":false,"_pose":"Running","_animationQueue":[],"_animationSpeed":1.089,"_zoom":16.125},{"_mousePosition":[527,348],"_rootPartCFrame":[773.539,222.7,46.49,0.192,0,0.981,0,1,0,-0.981,0,0.192],"_humanoidState":8,"_cameraCFrame":[777.81,239.715,47.509,0.232,-0.936,0.265,0,0.272,0.962,-0.973,-0.223,0.063],"_shiftlockState":false,"_pose":"Running","_animationQueue":[],"_animationSpeed":1.089,"_zoom":16.125},{"_mousePosition":[527,348],"_rootPartCFrame":[773.28,222.7,46.426,0.198,0,0.98,0,1,0,-0.98,0,0.198],"_humanoidState":8,"_cameraCFrame":[777.494,239.732,47.421,0.23,-0.937,0.261,0,0.269,0.963,-0.973,-0.221,0.062],"_shiftlockState":false,"_pose":"Running","_animationQueue":[],"_animationSpeed":1.089,"_zoom":16.125},{"_mousePosition":[527,348],"_rootPartCFrame":[773.021,222.7,46.364,0.203,0,0.979,0,1,0,-0.979,0,0.203],"_humanoidState":8,"_cameraCFrame":[777.235,239.732,47.359,0.23,-0.937,0.261,0,0.269,0.963,-0.973,-0.221,0.062],"_shiftlockState":false,"_pose":"Running","_animationQueue":[],"_animationSpeed":1.089,"_zoom":16.125},{"_mousePosition":[527,348],"_rootPartCFrame":[772.631,222.7,46.272,0.209,0,0.978,0,1,0,-0.978,0,0.209],"_humanoidState":8,"_cameraCFrame":[776.819,239.741,47.25,0.227,-0.939,0.26,0,0.267,0.964,-0.974,-0.219,0.061],"_shiftlockState":false,"_pose":"Running","_animationQueue":[["walk",0.1]],"_animationSpeed":1.089,"_zoom":16.125},{"_mousePosition":[527,348],"_rootPartCFrame":[772.502,222.7,46.242,0.21,0,0.978,0,1,0,-0.978,0,0.21],"_humanoidState":8,"_cameraCFrame":[776.662,239.749,47.202,0.225,-0.94,0.258,0,0.265,0.964,-0.974,-0.217,0.06],"_shiftlockState":false,"_pose":"Running","_animationQueue":[],"_animationSpeed":1.089,"_zoom":16.125},{"_mousePosition":[527,348],"_rootPartCFrame":[772.242,222.7,46.181,0.212,0,0.977,0,1,0,-0.977,0,0.212],"_humanoidState":8,"_cameraCFrame":[776.345,239.766,47.117,0.222,-0.941,0.254,0,0.261,0.965,-0.975,-0.215,0.058],"_shiftlockState":false,"_pose":"Running","_animationQueue":[],"_animationSpeed":1.089,"_zoom":16.125},{"_mousePosition":[527,348],"_rootPartCFrame":[771.982,222.7,46.121,0.214,0,0.977,0,1,0,-0.977,0,0.214],"_humanoidState":8,"_cameraCFrame":[776.058,239.774,47.04,0.22,-0.942,0.253,0,0.259,0.966,-0.976,-0.212,0.057],"_shiftlockState":false,"_pose":"Running","_animationQueue":[],"_animationSpeed":1.089,"_zoom":16.125},{"_mousePosition":[527,348],"_rootPartCFrame":[771.592,222.7,46.032,0.216,0,0.976,0,1,0,-0.976,0,0.216],"_humanoidState":8,"_cameraCFrame":[775.639,239.782,46.944,0.22,-0.943,0.251,0,0.257,0.966,-0.976,-0.213,0.057],"_shiftlockState":false,"_pose":"Running","_animationQueue":[],"_animationSpeed":1.089,"_zoom":16.125},{"_mousePosition":[527,348],"_rootPartCFrame":[771.462,222.7,46.003,0.216,0,0.976,0,1,0,-0.976,0,0.216],"_humanoidState":8,"_cameraCFrame":[775.509,239.782,46.915,0.22,-0.943,0.251,0,0.257,0.966,-0.976,-0.213,0.057],"_shiftlockState":false,"_pose":"Running","_animationQueue":[],"_animationSpeed":1.089,"_zoom":16.125},{"_mousePosition":[527,348],"_rootPartCFrame":[771.202,222.7,45.944,0.217,0,0.976,0,1,0,-0.976,0,0.217],"_humanoidState":8,"_cameraCFrame":[775.249,239.782,46.856,0.22,-0.943,0.251,0,0.257,0.966,-0.976,-0.213,0.057],"_shiftlockState":false,"_pose":"Running","_animationQueue":[],"_animationSpeed":1.089,"_zoom":16.125},{"_mousePosition":[527,348],"_rootPartCFrame":[770.942,222.7,45.885,0.217,0,0.976,0,1,0,-0.976,0,0.217],"_humanoidState":8,"_cameraCFrame":[774.988,239.782,46.798,0.22,-0.943,0.251,0,0.257,0.966,-0.976,-0.213,0.057],"_shiftlockState":false,"_pose":"Running","_animationQueue":[["walk",0.1]],"_animationSpeed":1.089,"_zoom":16.125},{"_mousePosition":[527,348],"_rootPartCFrame":[770.552,222.7,45.797,0.218,0,0.976,0,1,0,-0.976,0,0.218],"_humanoidState":8,"_cameraCFrame":[774.571,239.79,46.693,0.217,-0.944,0.249,0,0.255,0.967,-0.976,-0.21,0.056],"_shiftlockState":false,"_pose":"Running","_animationQueue":[],"_animationSpeed":1.089,"_zoom":16.125},{"_mousePosition":[527,348],"_rootPartCFrame":[770.292,222.7,45.739,0.218,0,0.976,0,1,0,-0.976,0,0.218],"_humanoidState":8,"_cameraCFrame":[774.311,239.79,46.634,0.217,-0.944,0.249,0,0.255,0.967,-0.976,-0.21,0.056],"_shiftlockState":false,"_pose":"Running","_animationQueue":[],"_animationSpeed":1.089,"_zoom":16.125},{"_mousePosition":[527,348],"_rootPartCFrame":[770.031,223.563,45.68,0.218,0,0.976,0,1,0,-0.976,0,0.218],"_humanoidState":3,"_cameraCFrame":[774.051,240.653,46.576,0.217,-0.944,0.249,0,0.255,0.967,-0.976,-0.21,0.056],"_shiftlockState":false,"_pose":"Jumping","_animationQueue":[["walk",0.1],["jump",0.1]],"_animationSpeed":1,"_zoom":16.125},{"_mousePosition":[527,348],"_rootPartCFrame":[769.836,224.174,45.637,0.218,0,0.976,0,1,0,-0.976,0,0.218],"_humanoidState":5,"_cameraCFrame":[773.846,241.264,46.573,0.227,-0.942,0.249,0,0.255,0.967,-0.974,-0.22,0.058],"_shiftlockState":false,"_pose":"FreeFall","_animationQueue":[["jump",0.1]],"_animationSpeed":1,"_zoom":16.125},{"_mousePosition":[527,348],"_rootPartCFrame":[769.511,225.125,45.564,0.218,0,0.976,0,1,0,-0.976,0,0.218],"_humanoidState":5,"_cameraCFrame":[773.562,242.199,46.586,0.245,-0.937,0.251,0,0.259,0.966,-0.97,-0.236,0.063],"_shiftlockState":false,"_pose":"FreeFall","_animationQueue":[],"_animationSpeed":1,"_zoom":16.125},{"_mousePosition":[527,348],"_rootPartCFrame":[769.251,225.824,45.504,0.219,0,0.976,0,1,0,-0.976,0,0.219],"_humanoidState":5,"_cameraCFrame":[773.337,242.882,46.634,0.267,-0.93,0.253,0,0.263,0.965,-0.964,-0.257,0.07],"_shiftlockState":false,"_pose":"FreeFall","_animationQueue":[],"_animationSpeed":1,"_zoom":16.125},{"_mousePosition":[527,348],"_rootPartCFrame":[768.992,226.469,45.439,0.222,0,0.975,0,1,0,-0.975,0,0.222],"_humanoidState":5,"_cameraCFrame":[773.042,243.527,46.693,0.296,-0.922,0.251,0,0.263,0.965,-0.955,-0.285,0.078],"_shiftlockState":false,"_pose":"FreeFall","_animationQueue":[],"_animationSpeed":1,"_zoom":16.125},{"_mousePosition":[527,348],"_rootPartCFrame":[768.735,227.06,45.369,0.227,0,0.974,0,1,0,-0.974,0,0.227],"_humanoidState":5,"_cameraCFrame":[772.77,244.109,46.765,0.327,-0.911,0.25,0,0.265,0.964,-0.945,-0.315,0.087],"_shiftlockState":false,"_pose":"FreeFall","_animationQueue":[],"_animationSpeed":1,"_zoom":16.125},{"_mousePosition":[527,348],"_rootPartCFrame":[768.544,227.467,45.311,0.233,0,0.973,0,1,0,-0.973,0,0.233],"_humanoidState":5,"_cameraCFrame":[772.555,244.508,46.86,0.36,-0.899,0.249,0,0.267,0.964,-0.933,-0.347,0.096],"_shiftlockState":false,"_pose":"FreeFall","_animationQueue":[],"_animationSpeed":1,"_zoom":16.125},{"_mousePosition":[527,348],"_rootPartCFrame":[768.228,228.077,45.203,0.247,0,0.969,0,1,0,-0.969,0,0.247],"_humanoidState":5,"_cameraCFrame":[772.195,245.118,46.863,0.386,-0.889,0.246,0,0.267,0.964,-0.922,-0.372,0.103],"_shiftlockState":false,"_pose":"FreeFall","_animationQueue":[],"_animationSpeed":1,"_zoom":16.125},{"_mousePosition":[527,348],"_rootPartCFrame":[767.979,228.504,45.109,0.262,0,0.965,0,1,0,-0.965,0,0.262],"_humanoidState":5,"_cameraCFrame":[771.924,245.545,46.819,0.398,-0.884,0.245,0,0.267,0.964,-0.918,-0.383,0.106],"_shiftlockState":false,"_pose":"FreeFall","_animationQueue":[],"_animationSpeed":1,"_zoom":16.125},{"_mousePosition":[527,348],"_rootPartCFrame":[767.794,228.788,45.032,0.274,0,0.962,0,1,0,-0.962,0,0.274],"_humanoidState":5,"_cameraCFrame":[771.739,245.829,46.742,0.398,-0.884,0.245,0,0.267,0.964,-0.918,-0.383,0.106],"_shiftlockState":false,"_pose":"FreeFall","_animationQueue":[],"_animationSpeed":1,"_zoom":16.125},{"_mousePosition":[527,348],"_rootPartCFrame":[767.488,229.194,44.9,0.295,0,0.956,0,1,0,-0.956,0,0.295],"_humanoidState":5,"_cameraCFrame":[771.424,246.235,46.63,0.402,-0.882,0.244,0,0.267,0.964,-0.915,-0.388,0.107],"_shiftlockState":false,"_pose":"FreeFall","_animationQueue":[],"_animationSpeed":1,"_zoom":16.125},{"_mousePosition":[527,348],"_rootPartCFrame":[767.305,229.397,44.821,0.306,0,0.952,0,1,0,-0.952,0,0.306],"_humanoidState":5,"_cameraCFrame":[771.237,246.438,46.561,0.405,-0.881,0.244,0,0.267,0.964,-0.914,-0.39,0.108],"_shiftlockState":false,"_pose":"FreeFall","_animationQueue":[],"_animationSpeed":1,"_zoom":16.125},{"_mousePosition":[527,348],"_rootPartCFrame":[767.06,229.619,44.714,0.319,0,0.948,0,1,0,-0.948,0,0.319],"_humanoidState":5,"_cameraCFrame":[770.992,246.66,46.454,0.405,-0.881,0.244,0,0.267,0.964,-0.914,-0.39,0.108],"_shiftlockState":false,"_pose":"FreeFall","_animationQueue":[],"_animationSpeed":1,"_zoom":16.125},{"_mousePosition":[527,348],"_rootPartCFrame":[766.816,229.787,44.606,0.331,0,0.943,0,1,0,-0.943,0,0.331],"_humanoidState":5,"_cameraCFrame":[770.693,246.845,46.321,0.405,-0.882,0.24,0,0.263,0.965,-0.914,-0.39,0.106],"_shiftlockState":false,"_pose":"FreeFall","_animationQueue":[],"_animationSpeed":1,"_zoom":16.125},{"_mousePosition":[527,348],"_rootPartCFrame":[766.573,229.901,44.498,0.342,0,0.94,0,1,0,-0.94,0,0.342],"_humanoidState":5,"_cameraCFrame":[770.43,246.967,46.182,0.4,-0.885,0.239,0,0.261,0.965,-0.917,-0.386,0.104],"_shiftlockState":false,"_pose":"FreeFall","_animationQueue":[],"_animationSpeed":1,"_zoom":16.125},{"_mousePosition":[527,348],"_rootPartCFrame":[766.268,229.966,44.363,0.353,0,0.936,0,1,0,-0.936,0,0.353],"_humanoidState":5,"_cameraCFrame":[770.082,247.048,45.994,0.393,-0.889,0.237,0,0.257,0.966,-0.92,-0.38,0.101],"_shiftlockState":false,"_pose":"FreeFall","_animationQueue":[],"_animationSpeed":1,"_zoom":16.125},{"_mousePosition":[527,348],"_rootPartCFrame":[766.084,229.964,44.283,0.358,0,0.934,0,1,0,-0.934,0,0.358],"_humanoidState":5,"_cameraCFrame":[769.855,247.063,45.861,0.386,-0.892,0.234,0,0.253,0.967,-0.922,-0.373,0.098],"_shiftlockState":false,"_pose":"FreeFall","_animationQueue":[],"_animationSpeed":1,"_zoom":16.125},{"_mousePosition":[527,348],"_rootPartCFrame":[765.839,229.914,44.178,0.364,0,0.932,0,1,0,-0.932,0,0.364],"_humanoidState":5,"_cameraCFrame":[769.517,247.044,45.662,0.374,-0.899,0.228,0,0.246,0.969,-0.927,-0.363,0.092],"_shiftlockState":false,"_pose":"FreeFall","_animationQueue":[["fall",0.3]],"_animationSpeed":1,"_zoom":16.125},{"_mousePosition":[527,348],"_rootPartCFrame":[765.594,229.81,44.075,0.367,0,0.93,0,1,0,-0.93,0,0.367],"_humanoidState":5,"_cameraCFrame":[769.208,246.962,45.47,0.36,-0.906,0.224,0,0.24,0.971,-0.933,-0.35,0.087],"_shiftlockState":false,"_pose":"FreeFall","_animationQueue":[],"_animationSpeed":1,"_zoom":16.125},{"_mousePosition":[527,348],"_rootPartCFrame":[765.285,229.603,43.949,0.369,0,0.929,0,1,0,-0.929,0,0.369],"_humanoidState":5,"_cameraCFrame":[768.862,246.77,45.269,0.346,-0.912,0.222,0,0.236,0.972,-0.938,-0.336,0.082],"_shiftlockState":false,"_pose":"FreeFall","_animationQueue":[],"_animationSpeed":1,"_zoom":16.125},{"_mousePosition":[527,348],"_rootPartCFrame":[765.098,229.437,43.877,0.369,0,0.929,0,1,0,-0.929,0,0.369],"_humanoidState":5,"_cameraCFrame":[768.635,246.62,45.13,0.334,-0.917,0.219,0,0.233,0.973,-0.943,-0.325,0.078],"_shiftlockState":false,"_pose":"FreeFall","_animationQueue":[],"_animationSpeed":1,"_zoom":16.125},{"_mousePosition":[527,348],"_rootPartCFrame":[764.848,229.169,43.784,0.367,0,0.93,0,1,0,-0.93,0,0.367],"_humanoidState":5,"_cameraCFrame":[768.342,246.366,44.973,0.322,-0.922,0.217,0,0.229,0.973,-0.947,-0.314,0.074],"_shiftlockState":false,"_pose":"FreeFall","_animationQueue":[],"_animationSpeed":1,"_zoom":16.125},{"_mousePosition":[527,348],"_rootPartCFrame":[764.534,228.758,43.672,0.362,0,0.932,0,1,0,-0.932,0,0.362],"_humanoidState":5,"_cameraCFrame":[767.988,245.969,44.789,0.308,-0.927,0.214,0,0.225,0.974,-0.951,-0.3,0.069],"_shiftlockState":false,"_pose":"FreeFall","_animationQueue":[],"_animationSpeed":1,"_zoom":16.125},{"_mousePosition":[527,348],"_rootPartCFrame":[764.282,228.367,43.586,0.357,0,0.934,0,1,0,-0.934,0,0.357],"_humanoidState":5,"_cameraCFrame":[767.731,245.585,44.615,0.286,-0.934,0.214,0,0.223,0.975,-0.958,-0.279,0.064],"_shiftlockState":false,"_pose":"FreeFall","_animationQueue":[["fall",0.3]],"_animationSpeed":1,"_zoom":16.125},{"_mousePosition":[527,348],"_rootPartCFrame":[764.028,227.922,43.503,0.351,0,0.936,0,1,0,-0.936,0,0.351],"_humanoidState":5,"_cameraCFrame":[767.485,245.14,44.506,0.279,-0.936,0.214,0,0.223,0.975,-0.96,-0.272,0.062],"_shiftlockState":false,"_pose":"FreeFall","_animationQueue":[],"_animationSpeed":1,"_zoom":16.125},{"_mousePosition":[527,348],"_rootPartCFrame":[763.773,227.422,43.426,0.343,0,0.939,0,1,0,-0.939,0,0.343],"_humanoidState":5,"_cameraCFrame":[767.22,244.648,44.351,0.259,-0.942,0.214,0,0.221,0.975,-0.966,-0.253,0.057],"_shiftlockState":false,"_pose":"FreeFall","_animationQueue":[],"_animationSpeed":1,"_zoom":16.125},{"_mousePosition":[527,348],"_rootPartCFrame":[763.581,227.012,43.37,0.337,0,0.942,0,1,0,-0.942,0,0.337],"_humanoidState":5,"_cameraCFrame":[767.054,244.237,44.19,0.23,-0.949,0.215,0,0.221,0.975,-0.973,-0.224,0.051],"_shiftlockState":false,"_pose":"FreeFall","_animationQueue":[],"_animationSpeed":1,"_zoom":16.125},{"_mousePosition":[527,348],"_rootPartCFrame":[763.324,226.417,43.3,0.327,0,0.945,0,1,0,-0.945,0,0.327],"_humanoidState":5,"_cameraCFrame":[766.815,243.642,44.041,0.208,-0.954,0.216,0,0.221,0.975,-0.978,-0.202,0.046],"_shiftlockState":false,"_pose":"FreeFall","_animationQueue":[],"_animationSpeed":1,"_zoom":16.125},{"_mousePosition":[527,348],"_rootPartCFrame":[763.065,225.768,43.238,0.315,0,0.949,0,1,0,-0.949,0,0.315],"_humanoidState":5,"_cameraCFrame":[766.571,242.993,43.899,0.185,-0.958,0.217,0,0.221,0.975,-0.983,-0.181,0.041],"_shiftlockState":false,"_pose":"FreeFall","_animationQueue":[],"_animationSpeed":1,"_zoom":16.125},{"_mousePosition":[527,348],"_rootPartCFrame":[762.804,225.064,43.181,0.301,0,0.954,0,1,0,-0.954,0,0.301],"_humanoidState":5,"_cameraCFrame":[766.323,242.289,43.771,0.165,-0.962,0.218,0,0.221,0.975,-0.986,-0.161,0.037],"_shiftlockState":false,"_pose":"FreeFall","_animationQueue":[],"_animationSpeed":1,"_zoom":16.125},{"_mousePosition":[527,348],"_rootPartCFrame":[762.542,224.305,43.131,0.287,0,0.958,0,1,0,-0.958,0,0.287],"_humanoidState":5,"_cameraCFrame":[766.073,241.53,43.649,0.145,-0.965,0.219,0,0.221,0.975,-0.989,-0.142,0.032],"_shiftlockState":false,"_pose":"FreeFall","_animationQueue":[["fall",0.3]],"_animationSpeed":1,"_zoom":16.125},{"_mousePosition":[527,348],"_rootPartCFrame":[762.213,223.28,43.075,0.267,0,0.964,0,1,0,-0.964,0,0.267],"_humanoidState":5,"_cameraCFrame":[765.754,240.505,43.522,0.125,-0.968,0.22,0,0.221,0.975,-0.992,-0.122,0.028],"_shiftlockState":false,"_pose":"FreeFall","_animationQueue":[],"_animationSpeed":1,"_zoom":16.125},{"_mousePosition":[527,348],"_rootPartCFrame":[762.016,222.731,43.045,0.255,0,0.967,0,1,0,-0.967,0,0.255],"_humanoidState":7,"_cameraCFrame":[765.597,239.949,43.406,0.1,-0.97,0.222,0,0.223,0.975,-0.995,-0.098,0.022],"_shiftlockState":false,"_pose":"FreeFall","_animationQueue":[["walk",0.1],["fall",0.3],["fall",0.3]],"_animationSpeed":1,"_zoom":16.125},{"_mousePosition":[527,348],"_rootPartCFrame":[761.751,222.674,43.011,0.238,0,0.971,0,1,0,-0.971,0,0.238],"_humanoidState":7,"_cameraCFrame":[765.34,239.893,43.281,0.075,-0.972,0.223,0,0.223,0.975,-0.997,-0.073,0.017],"_shiftlockState":false,"_pose":"FreeFall","_animationQueue":[],"_animationSpeed":1,"_zoom":16.125},{"_mousePosition":[527,348],"_rootPartCFrame":[761.486,222.754,42.983,0.22,0,0.975,0,1,0,-0.975,0,0.22],"_humanoidState":7,"_cameraCFrame":[765.112,239.965,43.145,0.045,-0.973,0.225,0,0.225,0.974,-0.999,-0.043,0.01],"_shiftlockState":false,"_pose":"FreeFall","_animationQueue":[],"_animationSpeed":1,"_zoom":16.125},{"_mousePosition":[527,348],"_rootPartCFrame":[761.22,222.814,42.962,0.201,0,0.98,0,1,0,-0.98,0,0.201],"_humanoidState":8,"_cameraCFrame":[764.85,240.026,43.014,0.014,-0.974,0.225,0,0.225,0.974,-1,-0.014,0.003],"_shiftlockState":false,"_pose":"Running","_animationQueue":[["walk",0.1],["fall",0.3],["walk",0.1]],"_animationSpeed":1.103,"_zoom":16.125},{"_mousePosition":[527,348],"_rootPartCFrame":[760.821,222.862,42.944,0.17,0,0.985,0,1,0,-0.985,0,0.17],"_humanoidState":8,"_cameraCFrame":[764.45,240.073,42.885,-0.016,-0.974,0.225,0,0.225,0.974,-1,0.016,-0.004],"_shiftlockState":false,"_pose":"Running","_animationQueue":[["walk",0.1]],"_animationSpeed":1.103,"_zoom":16.125},{"_mousePosition":[527,348],"_rootPartCFrame":[760.621,222.859,42.935,0.155,0,0.988,0,1,0,-0.988,0,0.155],"_humanoidState":8,"_cameraCFrame":[764.246,240.07,42.748,-0.052,-0.973,0.225,0,0.225,0.974,-0.999,0.05,-0.012],"_shiftlockState":false,"_pose":"Running","_animationQueue":[],"_animationSpeed":1.103,"_zoom":16.125},{"_mousePosition":[527,348],"_rootPartCFrame":[760.288,222.869,42.938,0.127,0,0.992,0,1,0,-0.992,0,0.127],"_humanoidState":8,"_cameraCFrame":[763.909,240.08,42.687,-0.069,-0.972,0.225,0,0.225,0.974,-0.998,0.067,-0.016],"_shiftlockState":false,"_pose":"Running","_animationQueue":[],"_animationSpeed":1.103,"_zoom":16.125},{"_mousePosition":[527,348],"_rootPartCFrame":[760.021,222.88,42.95,0.104,0,0.995,0,1,0,-0.995,0,0.104],"_humanoidState":8,"_cameraCFrame":[763.639,240.091,42.653,-0.082,-0.971,0.224,0,0.225,0.974,-0.997,0.08,-0.018],"_shiftlockState":false,"_pose":"Running","_animationQueue":[],"_animationSpeed":1.103,"_zoom":16.125},{"_mousePosition":[527,348],"_rootPartCFrame":[759.822,222.885,42.963,0.086,0,0.996,0,1,0,-0.996,0,0.086],"_humanoidState":8,"_cameraCFrame":[763.439,240.096,42.657,-0.084,-0.971,0.224,0,0.225,0.974,-0.996,0.082,-0.019],"_shiftlockState":false,"_pose":"Running","_animationQueue":[],"_animationSpeed":1.103,"_zoom":16.125},{"_mousePosition":[527,348],"_rootPartCFrame":[759.556,222.889,42.985,0.064,0,0.998,0,1,0,-0.998,0,0.064],"_humanoidState":8,"_cameraCFrame":[763.173,240.1,42.678,-0.084,-0.971,0.224,0,0.225,0.974,-0.996,0.082,-0.019],"_shiftlockState":false,"_pose":"Running","_animationQueue":[],"_animationSpeed":1.103,"_zoom":16.125},{"_mousePosition":[527,348],"_rootPartCFrame":[759.29,222.891,43.007,0.043,0,0.999,0,1,0,-0.999,0,0.043],"_humanoidState":8,"_cameraCFrame":[762.907,240.103,42.701,-0.084,-0.971,0.224,0,0.225,0.974,-0.996,0.082,-0.019],"_shiftlockState":false,"_pose":"Running","_animationQueue":[],"_animationSpeed":1.103,"_zoom":16.125},{"_mousePosition":[527,348],"_rootPartCFrame":[759.025,222.893,43.03,0.025,0,1,0,1,0,-1,0,0.025],"_humanoidState":8,"_cameraCFrame":[762.641,240.104,42.723,-0.084,-0.971,0.224,0,0.225,0.974,-0.996,0.082,-0.019],"_shiftlockState":false,"_pose":"Running","_animationQueue":[["walk",0.1]],"_animationSpeed":1.103,"_zoom":16.125},{"_mousePosition":[527,348],"_rootPartCFrame":[758.759,222.893,43.052,0.01,0,1,0,1,0,-1,0,0.01],"_humanoidState":8,"_cameraCFrame":[762.376,240.105,42.746,-0.084,-0.971,0.224,0,0.225,0.974,-0.996,0.082,-0.019],"_shiftlockState":false,"_pose":"Running","_animationQueue":[],"_animationSpeed":1.103,"_zoom":16.125},{"_mousePosition":[527,348],"_rootPartCFrame":[758.493,222.894,43.075,-0.004,0,1,0,1,0,-1,0,-0.004],"_humanoidState":8,"_cameraCFrame":[762.11,240.105,42.768,-0.084,-0.971,0.224,0,0.225,0.974,-0.996,0.082,-0.019],"_shiftlockState":false,"_pose":"Running","_animationQueue":[],"_animationSpeed":1.103,"_zoom":16.125},{"_mousePosition":[527,348],"_rootPartCFrame":[758.228,222.894,43.097,-0.015,0,1,0,1,0,-1,0,-0.015],"_humanoidState":8,"_cameraCFrame":[761.845,240.105,42.791,-0.084,-0.971,0.224,0,0.225,0.974,-0.996,0.082,-0.019],"_shiftlockState":false,"_pose":"Running","_animationQueue":[],"_animationSpeed":1.103,"_zoom":16.125},{"_mousePosition":[527,348],"_rootPartCFrame":[757.962,222.894,43.12,-0.025,0,1,0,1,0,-1,0,-0.025],"_humanoidState":8,"_cameraCFrame":[761.579,240.105,42.813,-0.084,-0.971,0.224,0,0.225,0.974,-0.996,0.082,-0.019],"_shiftlockState":false,"_pose":"Running","_animationQueue":[],"_animationSpeed":1.103,"_zoom":16.125},{"_mousePosition":[527,348],"_rootPartCFrame":[757.63,222.894,43.148,-0.035,0,0.999,0,1,0,-0.999,0,-0.035],"_humanoidState":8,"_cameraCFrame":[761.247,240.105,42.842,-0.084,-0.971,0.224,0,0.225,0.974,-0.996,0.082,-0.019],"_shiftlockState":false,"_pose":"Running","_animationQueue":[],"_animationSpeed":1.103,"_zoom":16.125},{"_mousePosition":[527,348],"_rootPartCFrame":[757.431,222.874,43.165,-0.041,0,0.999,0,1,0,-0.999,0,-0.041],"_humanoidState":8,"_cameraCFrame":[761.048,240.085,42.858,-0.084,-0.971,0.224,0,0.225,0.974,-0.996,0.082,-0.019],"_shiftlockState":false,"_pose":"Running","_animationQueue":[],"_animationSpeed":1.103,"_zoom":16.125},{"_mousePosition":[527,348],"_rootPartCFrame":[757.099,223.958,43.193,-0.051,0,0.999,0,1,0,-0.999,0,-0.051],"_humanoidState":3,"_cameraCFrame":[760.716,241.169,42.887,-0.084,-0.971,0.224,0,0.225,0.974,-0.996,0.082,-0.019],"_shiftlockState":false,"_pose":"Jumping","_animationQueue":[["walk",0.1],["walk",0.1],["jump",0.1]],"_animationSpeed":1,"_zoom":16.125},{"_mousePosition":[527,348],"_rootPartCFrame":[756.9,224.569,43.21,-0.055,0,0.998,0,1,0,-0.998,0,-0.055],"_humanoidState":5,"_cameraCFrame":[760.516,241.78,42.903,-0.084,-0.971,0.224,0,0.225,0.974,-0.996,0.082,-0.019],"_shiftlockState":false,"_pose":"FreeFall","_animationQueue":[["jump",0.1]],"_animationSpeed":1,"_zoom":16.125},{"_mousePosition":[527,348],"_rootPartCFrame":[756.634,225.337,43.232,-0.06,0,0.998,0,1,0,-0.998,0,-0.06],"_humanoidState":5,"_cameraCFrame":[760.282,242.541,42.933,-0.082,-0.971,0.226,0,0.227,0.974,-0.997,0.08,-0.019],"_shiftlockState":false,"_pose":"FreeFall","_animationQueue":[],"_animationSpeed":1,"_zoom":16.125},{"_mousePosition":[527,348],"_rootPartCFrame":[756.302,226.219,43.26,-0.064,0,0.998,0,1,0,-0.998,0,-0.064],"_humanoidState":5,"_cameraCFrame":[759.981,243.416,42.968,-0.079,-0.97,0.228,0,0.229,0.973,-0.997,0.077,-0.018],"_shiftlockState":false,"_pose":"FreeFall","_animationQueue":[],"_animationSpeed":1,"_zoom":16.125},{"_mousePosition":[527,348],"_rootPartCFrame":[756.103,226.708,43.277,-0.066,0,0.998,0,1,0,-0.998,0,-0.066],"_humanoidState":5,"_cameraCFrame":[759.783,243.905,42.993,-0.077,-0.971,0.228,0,0.229,0.973,-0.997,0.075,-0.018],"_shiftlockState":false,"_pose":"FreeFall","_animationQueue":[],"_animationSpeed":1,"_zoom":16.125},{"_mousePosition":[527,348],"_rootPartCFrame":[755.837,227.312,43.298,-0.068,0,0.998,0,1,0,-0.998,0,-0.068],"_humanoidState":5,"_cameraCFrame":[759.548,244.502,43.022,-0.074,-0.97,0.23,0,0.231,0.973,-0.997,0.072,-0.017],"_shiftlockState":false,"_pose":"FreeFall","_animationQueue":[],"_animationSpeed":1,"_zoom":16.125},{"_mousePosition":[527,348],"_rootPartCFrame":[755.571,227.862,43.319,-0.069,0,0.998,0,1,0,-0.998,0,-0.069],"_humanoidState":5,"_cameraCFrame":[759.282,245.051,43.042,-0.074,-0.97,0.23,0,0.231,0.973,-0.997,0.072,-0.017],"_shiftlockState":false,"_pose":"FreeFall","_animationQueue":[],"_animationSpeed":1,"_zoom":16.125},{"_mousePosition":[527,348],"_rootPartCFrame":[755.305,228.357,43.339,-0.07,0,0.998,0,1,0,-0.998,0,-0.07],"_humanoidState":5,"_cameraCFrame":[759.017,245.546,43.071,-0.072,-0.97,0.23,0,0.231,0.973,-0.997,0.07,-0.017],"_shiftlockState":false,"_pose":"FreeFall","_animationQueue":[],"_animationSpeed":1,"_zoom":16.125},{"_mousePosition":[527,348],"_rootPartCFrame":[755.039,228.797,43.358,-0.071,0,0.997,0,1,0,-0.997,0,-0.071],"_humanoidState":5,"_cameraCFrame":[758.751,245.987,43.091,-0.072,-0.97,0.23,0,0.231,0.973,-0.997,0.07,-0.017],"_shiftlockState":false,"_pose":"FreeFall","_animationQueue":[],"_animationSpeed":1,"_zoom":16.125},{"_mousePosition":[527,348],"_rootPartCFrame":[754.707,229.271,43.382,-0.071,0,0.997,0,1,0,-0.997,0,-0.071],"_humanoidState":5,"_cameraCFrame":[758.419,246.461,43.125,-0.069,-0.971,0.23,0,0.231,0.973,-0.998,0.067,-0.016],"_shiftlockState":false,"_pose":"FreeFall","_animationQueue":[],"_animationSpeed":1,"_zoom":16.125},{"_mousePosition":[527,348],"_rootPartCFrame":[754.507,229.515,43.397,-0.071,0,0.997,0,1,0,-0.997,0,-0.071],"_humanoidState":5,"_cameraCFrame":[758.22,246.704,43.139,-0.069,-0.971,0.23,0,0.231,0.973,-0.998,0.067,-0.016],"_shiftlockState":false,"_pose":"FreeFall","_animationQueue":[],"_animationSpeed":1,"_zoom":16.125},{"_mousePosition":[527,348],"_rootPartCFrame":[754.241,229.792,43.415,-0.071,0,0.997,0,1,0,-0.997,0,-0.071],"_humanoidState":5,"_cameraCFrame":[757.955,246.981,43.167,-0.067,-0.971,0.23,0,0.231,0.973,-0.998,0.065,-0.015],"_shiftlockState":false,"_pose":"FreeFall","_animationQueue":[],"_animationSpeed":1,"_zoom":16.125},{"_mousePosition":[527,348],"_rootPartCFrame":[753.909,230.061,43.438,-0.071,0,0.997,0,1,0,-0.997,0,-0.071],"_humanoidState":5,"_cameraCFrame":[757.622,247.251,43.2,-0.064,-0.971,0.23,0,0.231,0.973,-0.998,0.062,-0.015],"_shiftlockState":false,"_pose":"FreeFall","_animationQueue":[],"_animationSpeed":1,"_zoom":16.125},{"_mousePosition":[527,348],"_rootPartCFrame":[753.709,230.182,43.452,-0.07,0,0.998,0,1,0,-0.998,0,-0.07],"_humanoidState":5,"_cameraCFrame":[757.424,247.372,43.232,-0.059,-0.971,0.23,0,0.231,0.973,-0.998,0.058,-0.014],"_shiftlockState":false,"_pose":"FreeFall","_animationQueue":[],"_animationSpeed":1,"_zoom":16.125},{"_mousePosition":[527,348],"_rootPartCFrame":[753.443,230.296,43.469,-0.07,0,0.998,0,1,0,-0.998,0,-0.07],"_humanoidState":5,"_cameraCFrame":[757.159,247.485,43.268,-0.054,-0.972,0.23,0,0.231,0.973,-0.999,0.053,-0.012],"_shiftlockState":false,"_pose":"FreeFall","_animationQueue":[],"_animationSpeed":1,"_zoom":16.125},{"_mousePosition":[527,348],"_rootPartCFrame":[753.11,230.361,43.489,-0.068,0,0.998,0,1,0,-0.998,0,-0.068],"_humanoidState":5,"_cameraCFrame":[756.828,247.551,43.316,-0.047,-0.972,0.231,0,0.231,0.973,-0.999,0.045,-0.011],"_shiftlockState":false,"_pose":"FreeFall","_animationQueue":[],"_animationSpeed":1,"_zoom":16.125},{"_mousePosition":[527,348],"_rootPartCFrame":[752.911,230.359,43.5,-0.067,0,0.998,0,1,0,-0.998,0,-0.067],"_humanoidState":5,"_cameraCFrame":[756.63,247.549,43.374,-0.034,-0.972,0.231,0,0.231,0.973,-0.999,0.033,-0.008],"_shiftlockState":false,"_pose":"FreeFall","_animationQueue":[],"_animationSpeed":1,"_zoom":16.125},{"_mousePosition":[527,348],"_rootPartCFrame":[752.644,230.309,43.513,-0.064,0,0.998,0,1,0,-0.998,0,-0.064],"_humanoidState":5,"_cameraCFrame":[756.396,247.492,43.443,-0.019,-0.972,0.233,0,0.233,0.973,-1,0.018,-0.004],"_shiftlockState":false,"_pose":"FreeFall","_animationQueue":[],"_animationSpeed":1,"_zoom":16.125},{"_mousePosition":[527,348],"_rootPartCFrame":[752.378,230.205,43.522,-0.061,0,0.998,0,1,0,-0.998,0,-0.061],"_humanoidState":5,"_cameraCFrame":[756.16,247.38,43.509,-0.003,-0.972,0.235,0,0.235,0.972,-1,0.003,-0.001],"_shiftlockState":false,"_pose":"FreeFall","_animationQueue":[],"_animationSpeed":1,"_zoom":16.125},{"_mousePosition":[527,348],"_rootPartCFrame":[752.111,230.046,43.528,-0.056,0,0.998,0,1,0,-0.998,0,-0.056],"_humanoidState":5,"_cameraCFrame":[755.924,247.214,43.572,0.012,-0.972,0.236,0,0.236,0.972,-1,-0.011,0.003],"_shiftlockState":false,"_pose":"FreeFall","_animationQueue":[],"_animationSpeed":1,"_zoom":16.125},{"_mousePosition":[527,348],"_rootPartCFrame":[751.844,229.832,43.529,-0.049,0,0.999,0,1,0,-0.999,0,-0.049],"_humanoidState":5,"_cameraCFrame":[755.657,247,43.613,0.022,-0.971,0.236,0,0.236,0.972,-1,-0.021,0.005],"_shiftlockState":false,"_pose":"FreeFall","_animationQueue":[["fall",0.3]],"_animationSpeed":1,"_zoom":16.125},{"_mousePosition":[527,348],"_rootPartCFrame":[751.578,229.564,43.527,-0.042,0,0.999,0,1,0,-0.999,0,-0.042],"_humanoidState":5,"_cameraCFrame":[755.389,246.732,43.649,0.032,-0.971,0.236,0,0.236,0.972,-0.999,-0.031,0.008],"_shiftlockState":false,"_pose":"FreeFall","_animationQueue":[],"_animationSpeed":1,"_zoom":16.125},{"_mousePosition":[527,348],"_rootPartCFrame":[751.311,229.242,43.521,-0.033,0,0.999,0,1,0,-0.999,0,-0.033],"_humanoidState":5,"_cameraCFrame":[755.122,246.41,43.662,0.037,-0.971,0.236,0,0.236,0.972,-0.999,-0.036,0.009],"_shiftlockState":false,"_pose":"FreeFall","_animationQueue":[],"_animationSpeed":1,"_zoom":16.125},{"_mousePosition":[527,348],"_rootPartCFrame":[751.045,228.865,43.513,-0.025,0,1,0,1,0,-1,0,-0.025],"_humanoidState":5,"_cameraCFrame":[754.855,246.033,43.664,0.04,-0.971,0.236,0,0.236,0.972,-0.999,-0.038,0.009],"_shiftlockState":false,"_pose":"FreeFall","_animationQueue":[],"_animationSpeed":1,"_zoom":16.125},{"_mousePosition":[527,348],"_rootPartCFrame":[750.778,228.433,43.504,-0.016,0,1,0,1,0,-1,0,-0.016],"_humanoidState":5,"_cameraCFrame":[754.588,245.601,43.654,0.04,-0.971,0.236,0,0.236,0.972,-0.999,-0.038,0.009],"_shiftlockState":false,"_pose":"FreeFall","_animationQueue":[],"_animationSpeed":1,"_zoom":16.125},{"_mousePosition":[527,348],"_rootPartCFrame":[750.512,227.948,43.493,-0.009,0,1,0,1,0,-1,0,-0.009],"_humanoidState":5,"_cameraCFrame":[754.322,245.115,43.654,0.042,-0.971,0.236,0,0.236,0.972,-0.999,-0.041,0.01],"_shiftlockState":false,"_pose":"FreeFall","_animationQueue":[],"_animationSpeed":1,"_zoom":16.125},{"_mousePosition":[527,348],"_rootPartCFrame":[750.179,227.263,43.48,0,0,1,0,1,0,-1,0,0],"_humanoidState":5,"_cameraCFrame":[753.988,244.431,43.65,0.045,-0.971,0.236,0,0.236,0.972,-0.999,-0.043,0.011],"_shiftlockState":false,"_pose":"FreeFall","_animationQueue":[["fall",0.3]],"_animationSpeed":1,"_zoom":16.125},{"_mousePosition":[527,348],"_rootPartCFrame":[749.912,226.655,43.469,0.006,0,1,0,1,0,-1,0,0.006],"_humanoidState":5,"_cameraCFrame":[753.722,243.822,43.639,0.045,-0.971,0.236,0,0.236,0.972,-0.999,-0.043,0.011],"_shiftlockState":false,"_pose":"FreeFall","_animationQueue":[],"_animationSpeed":1,"_zoom":16.125},{"_mousePosition":[527,348],"_rootPartCFrame":[749.713,226.163,43.46,0.01,0,1,0,1,0,-1,0,0.01],"_humanoidState":5,"_cameraCFrame":[753.522,243.33,43.64,0.047,-0.971,0.236,0,0.236,0.972,-0.999,-0.046,0.011],"_shiftlockState":false,"_pose":"FreeFall","_animationQueue":[],"_animationSpeed":1,"_zoom":16.125},{"_mousePosition":[527,348],"_rootPartCFrame":[749.446,225.459,43.448,0.015,0,1,0,1,0,-1,0,0.015],"_humanoidState":5,"_cameraCFrame":[753.255,242.626,43.638,0.05,-0.97,0.236,0,0.236,0.972,-0.999,-0.048,0.012],"_shiftlockState":false,"_pose":"FreeFall","_animationQueue":[],"_animationSpeed":1,"_zoom":16.125},{"_mousePosition":[527,348],"_rootPartCFrame":[749.113,224.502,43.433,0.02,0,1,0,1,0,-1,0,0.02],"_humanoidState":5,"_cameraCFrame":[752.922,241.67,43.622,0.05,-0.97,0.236,0,0.236,0.972,-0.999,-0.048,0.012],"_shiftlockState":false,"_pose":"FreeFall","_animationQueue":[],"_animationSpeed":1,"_zoom":16.125},{"_mousePosition":[527,348],"_rootPartCFrame":[748.914,223.887,43.423,0.023,0,1,0,1,0,-1,0,0.023],"_humanoidState":5,"_cameraCFrame":[752.722,241.055,43.612,0.05,-0.97,0.236,0,0.236,0.972,-0.999,-0.048,0.012],"_shiftlockState":false,"_pose":"FreeFall","_animationQueue":[],"_animationSpeed":1,"_zoom":16.125},{"_mousePosition":[527,348],"_rootPartCFrame":[748.581,222.794,43.406,0.028,0,1,0,1,0,-1,0,0.028],"_humanoidState":7,"_cameraCFrame":[752.389,239.962,43.596,0.05,-0.97,0.236,0,0.236,0.972,-0.999,-0.048,0.012],"_shiftlockState":false,"_pose":"FreeFall","_animationQueue":[["walk",0.1],["fall",0.3],["fall",0.3]],"_animationSpeed":1,"_zoom":16.125},{"_mousePosition":[527,348],"_rootPartCFrame":[748.381,222.611,43.396,0.03,0,1,0,1,0,-1,0,0.03],"_humanoidState":7,"_cameraCFrame":[752.189,239.779,43.586,0.05,-0.97,0.236,0,0.236,0.972,-0.999,-0.048,0.012],"_shiftlockState":false,"_pose":"FreeFall","_animationQueue":[["fall",0.3]],"_animationSpeed":1,"_zoom":16.125},{"_mousePosition":[527,348],"_rootPartCFrame":[748.114,222.689,43.383,0.033,0,0.999,0,1,0,-0.999,0,0.033],"_humanoidState":8,"_cameraCFrame":[751.923,239.856,43.572,0.05,-0.97,0.236,0,0.236,0.972,-0.999,-0.048,0.012],"_shiftlockState":false,"_pose":"Running","_animationQueue":[["walk",0.1],["fall",0.3],["walk",0.1]],"_animationSpeed":1.103,"_zoom":16.125},{"_mousePosition":[527,348],"_rootPartCFrame":[747.848,222.775,43.37,0.035,0,0.999,0,1,0,-0.999,0,0.035],"_humanoidState":8,"_cameraCFrame":[751.657,239.943,43.559,0.05,-0.97,0.236,0,0.236,0.972,-0.999,-0.048,0.012],"_shiftlockState":false,"_pose":"Running","_animationQueue":[],"_animationSpeed":1.103,"_zoom":16.125},{"_mousePosition":[527,348],"_rootPartCFrame":[747.582,222.814,43.357,0.037,0,0.999,0,1,0,-0.999,0,0.037],"_humanoidState":8,"_cameraCFrame":[751.39,239.982,43.546,0.05,-0.97,0.236,0,0.236,0.972,-0.999,-0.048,0.012],"_shiftlockState":false,"_pose":"Running","_animationQueue":[],"_animationSpeed":1.103,"_zoom":16.125},{"_mousePosition":[527,348],"_rootPartCFrame":[747.315,222.799,43.343,0.04,0,0.999,0,1,0,-0.999,0,0.04],"_humanoidState":8,"_cameraCFrame":[751.124,239.967,43.533,0.05,-0.97,0.236,0,0.236,0.972,-0.999,-0.048,0.012],"_shiftlockState":false,"_pose":"Running","_animationQueue":[],"_animationSpeed":1.103,"_zoom":16.125},{"_mousePosition":[527,348],"_rootPartCFrame":[747.049,222.729,43.33,0.042,0,0.999,0,1,0,-0.999,0,0.042],"_humanoidState":8,"_cameraCFrame":[750.858,239.897,43.519,0.05,-0.97,0.236,0,0.236,0.972,-0.999,-0.048,0.012],"_shiftlockState":false,"_pose":"Running","_animationQueue":[],"_animationSpeed":1.103,"_zoom":16.125},{"_mousePosition":[527,348],"_rootPartCFrame":[746.783,222.605,43.317,0.044,0,0.999,0,1,0,-0.999,0,0.044],"_humanoidState":8,"_cameraCFrame":[750.591,239.773,43.506,0.05,-0.97,0.236,0,0.236,0.972,-0.999,-0.048,0.012],"_shiftlockState":false,"_pose":"Running","_animationQueue":[["walk",0.1]],"_animationSpeed":1.103,"_zoom":16.125},{"_mousePosition":[527,348],"_rootPartCFrame":[746.516,222.426,43.304,0.046,0,0.999,0,1,0,-0.999,0,0.046],"_humanoidState":8,"_cameraCFrame":[750.325,239.594,43.493,0.05,-0.97,0.236,0,0.236,0.972,-0.999,-0.048,0.012],"_shiftlockState":false,"_pose":"Running","_animationQueue":[],"_animationSpeed":1.103,"_zoom":16.125},{"_mousePosition":[527,348],"_rootPartCFrame":[746.25,223.3,43.291,0.049,0,0.999,0,1,0,-0.999,0,0.049],"_humanoidState":3,"_cameraCFrame":[750.058,240.467,43.48,0.05,-0.97,0.236,0,0.236,0.972,-0.999,-0.048,0.012],"_shiftlockState":false,"_pose":"Jumping","_animationQueue":[["walk",0.1],["jump",0.1]],"_animationSpeed":1,"_zoom":16.125},{"_mousePosition":[527,348],"_rootPartCFrame":[745.984,224.122,43.277,0.049,0,0.999,0,1,0,-0.999,0,0.049],"_humanoidState":5,"_cameraCFrame":[749.792,241.289,43.476,0.052,-0.97,0.236,0,0.236,0.972,-0.999,-0.051,0.012],"_shiftlockState":false,"_pose":"FreeFall","_animationQueue":[["jump",0.1]],"_animationSpeed":1,"_zoom":16.125},{"_mousePosition":[527,348],"_rootPartCFrame":[745.717,224.889,43.264,0.05,0,0.999,0,1,0,-0.999,0,0.05],"_humanoidState":5,"_cameraCFrame":[749.525,242.057,43.463,0.052,-0.97,0.236,0,0.236,0.972,-0.999,-0.051,0.012],"_shiftlockState":false,"_pose":"FreeFall","_animationQueue":[],"_animationSpeed":1,"_zoom":16.125},{"_mousePosition":[527,348],"_rootPartCFrame":[745.384,225.772,43.247,0.05,0,0.999,0,1,0,-0.999,0,0.05],"_humanoidState":5,"_cameraCFrame":[749.192,242.94,43.446,0.052,-0.97,0.236,0,0.236,0.972,-0.999,-0.051,0.012],"_shiftlockState":false,"_pose":"FreeFall","_animationQueue":[],"_animationSpeed":1,"_zoom":16.125},{"_mousePosition":[527,348],"_rootPartCFrame":[745.118,226.417,43.233,0.05,0,0.999,0,1,0,-0.999,0,0.05],"_humanoidState":5,"_cameraCFrame":[748.926,243.584,43.432,0.052,-0.97,0.236,0,0.236,0.972,-0.999,-0.051,0.012],"_shiftlockState":false,"_pose":"FreeFall","_animationQueue":[],"_animationSpeed":1,"_zoom":16.125},{"_mousePosition":[527,348],"_rootPartCFrame":[744.918,226.865,43.222,0.05,0,0.999,0,1,0,-0.999,0,0.05],"_humanoidState":5,"_cameraCFrame":[748.726,244.032,43.421,0.052,-0.97,0.236,0,0.236,0.972,-0.999,-0.051,0.012],"_shiftlockState":false,"_pose":"FreeFall","_animationQueue":[],"_animationSpeed":1,"_zoom":16.125},{"_mousePosition":[527,348],"_rootPartCFrame":[744.652,227.414,43.209,0.051,0,0.999,0,1,0,-0.999,0,0.051],"_humanoidState":5,"_cameraCFrame":[748.46,244.582,43.407,0.052,-0.97,0.236,0,0.236,0.972,-0.999,-0.051,0.012],"_shiftlockState":false,"_pose":"FreeFall","_animationQueue":[],"_animationSpeed":1,"_zoom":16.125},{"_mousePosition":[527,348],"_rootPartCFrame":[744.319,228.024,43.191,0.051,0,0.999,0,1,0,-0.999,0,0.051],"_humanoidState":5,"_cameraCFrame":[748.127,245.192,43.39,0.052,-0.97,0.236,0,0.236,0.972,-0.999,-0.051,0.012],"_shiftlockState":false,"_pose":"FreeFall","_animationQueue":[],"_animationSpeed":1,"_zoom":16.125},{"_mousePosition":[527,348],"_rootPartCFrame":[744.052,228.451,43.177,0.051,0,0.999,0,1,0,-0.999,0,0.051],"_humanoidState":5,"_cameraCFrame":[747.831,245.626,43.355,0.047,-0.971,0.234,0,0.235,0.972,-0.999,-0.046,0.011],"_shiftlockState":false,"_pose":"FreeFall","_animationQueue":[],"_animationSpeed":1,"_zoom":16.125},{"_mousePosition":[527,348],"_rootPartCFrame":[743.786,228.824,43.163,0.051,0,0.999,0,1,0,-0.999,0,0.051],"_humanoidState":5,"_cameraCFrame":[747.535,246.006,43.321,0.042,-0.972,0.232,0,0.233,0.973,-0.999,-0.041,0.01],"_shiftlockState":false,"_pose":"FreeFall","_animationQueue":[],"_animationSpeed":1,"_zoom":16.125},{"_mousePosition":[527,348],"_rootPartCFrame":[743.52,229.142,43.151,0.051,0,0.999,0,1,0,-0.999,0,0.051],"_humanoidState":5,"_cameraCFrame":[747.238,246.331,43.298,0.04,-0.972,0.231,0,0.231,0.973,-0.999,-0.038,0.009],"_shiftlockState":fals