[{"_mousePosition":[645,345],"_rootPartCFrame":[776.033,222.7,47.142,-0.001,0,1,0,1,0,-1,0,-0.001],"_humanoidState":8,"_cameraCFrame":[777.904,243.539,39.616,-0.97,-0.224,0.09,0,0.372,0.928,-0.241,0.901,-0.361],"_shiftlockState":false,"_pose":"Standing","_animationQueue":[],"_animationSpeed":1,"_zoom":20.656},{"_mousePosition":[645,345],"_rootPartCFrame":[775.794,222.7,47.083,0.033,0,0.999,0,1,0,-0.999,0,0.033],"_humanoidState":8,"_cameraCFrame":[777.639,243.499,39.656,-0.97,-0.224,0.089,0,0.369,0.93,-0.241,0.902,-0.358],"_shiftlockState":false,"_pose":"Standing","_animationQueue":[],"_animationSpeed":1,"_zoom":20.656},{"_mousePosition":[645,345],"_rootPartCFrame":[775.536,222.7,47.019,0.062,0,0.998,0,1,0,-0.998,0,0.062],"_humanoidState":8,"_cameraCFrame":[777.37,243.491,39.638,-0.97,-0.224,0.088,0,0.367,0.93,-0.241,0.903,-0.356],"_shiftlockState":false,"_pose":"Running","_animationQueue":[["walk",0.1]],"_animationSpeed":1.066,"_zoom":20.656},{"_mousePosition":[645,345],"_rootPartCFrame":[775.406,222.7,46.987,0.074,0,0.997,0,1,0,-0.997,0,0.074],"_humanoidState":8,"_cameraCFrame":[777.238,243.465,39.615,-0.97,-0.224,0.088,0,0.367,0.93,-0.241,0.903,-0.356],"_shiftlockState":false,"_pose":"Running","_animationQueue":[],"_animationSpeed":1.066,"_zoom":20.656},{"_mousePosition":[645,345],"_rootPartCFrame":[775.148,222.7,46.922,0.097,0,0.995,0,1,0,-0.995,0,0.097],"_humanoidState":8,"_cameraCFrame":[776.978,243.448,39.557,-0.97,-0.224,0.088,0,0.367,0.93,-0.241,0.903,-0.356],"_shiftlockState":false,"_pose":"Running","_animationQueue":[["walk",0.1]],"_animationSpeed":1.066,"_zoom":20.656},{"_mousePosition":[645,345],"_rootPartCFrame":[774.889,222.7,46.858,0.117,0,0.993,0,1,0,-0.993,0,0.117],"_humanoidState":8,"_cameraCFrame":[776.7,243.467,39.57,-0.97,-0.225,0.088,0,0.363,0.932,-0.241,0.904,-0.352],"_shiftlockState":false,"_pose":"Running","_animationQueue":[],"_animationSpeed":1.066,"_zoom":20.656},{"_mousePosition":[645,345],"_rootPartCFrame":[774.63,222.7,46.794,0.134,0,0.991,0,1,0,-0.991,0,0.134],"_humanoidState":8,"_cameraCFrame":[776.431,243.503,39.622,-0.97,-0.227,0.087,0,0.358,0.934,-0.244,0.906,-0.347],"_shiftlockState":false,"_pose":"Running","_animationQueue":[],"_animationSpeed":1.066,"_zoom":20.656},{"_mousePosition":[645,345],"_rootPartCFrame":[774.242,222.7,46.697,0.156,0,0.988,0,1,0,-0.988,0,0.156],"_humanoidState":8,"_cameraCFrame":[776.015,243.541,39.637,-0.97,-0.228,0.086,0,0.352,0.936,-0.244,0.908,-0.342],"_shiftlockState":false,"_pose":"Running","_animationQueue":[],"_animationSpeed":1.066,"_zoom":20.656},{"_mousePosition":[645,345],"_rootPartCFrame":[773.983,222.7,46.632,0.168,0,0.986,0,1,0,-0.986,0,0.168],"_humanoidState":8,"_cameraCFrame":[775.737,243.594,39.724,-0.969,-0.231,0.085,0,0.345,0.939,-0.246,0.91,-0.334],"_shiftlockState":false,"_pose":"Running","_animationQueue":[],"_animationSpeed":1.066,"_zoom":20.656},{"_mousePosition":[645,345],"_rootPartCFrame":[773.854,222.7,46.6,0.173,0,0.985,0,1,0,-0.985,0,0.173],"_humanoidState":8,"_cameraCFrame":[775.578,243.66,39.88,-0.969,-0.234,0.083,0,0.336,0.942,-0.249,0.912,-0.325],"_shiftlockState":false,"_pose":"Running","_animationQueue":[],"_animationSpeed":1.066,"_zoom":20.656},{"_mousePosition":[645,345],"_rootPartCFrame":[773.466,222.7,46.501,0.188,0,0.982,0,1,0,-0.982,0,0.188],"_humanoidState":8,"_cameraCFrame":[775.133,243.739,40.003,-0.969,-0.235,0.081,0,0.325,0.946,-0.249,0.916,-0.315],"_shiftlockState":false,"_pose":"Running","_animationQueue":[["walk",0.1]],"_animationSpeed":1.066,"_zoom":20.656},{"_mousePosition":[645,345],"_rootPartCFrame":[773.208,222.7,46.435,0.196,0,0.981,0,1,0,-0.981,0,0.196],"_humanoidState":8,"_cameraCFrame":[774.824,243.828,40.2,-0.968,-0.238,0.078,0,0.312,0.95,-0.251,0.92,-0.302],"_shiftlockState":false,"_pose":"Running","_animationQueue":[],"_animationSpeed":1.066,"_zoom":20.656},{"_mousePosition":[645,345],"_rootPartCFrame":[772.95,222.7,46.369,0.203,0,0.979,0,1,0,-0.979,0,0.203],"_humanoidState":8,"_cameraCFrame":[774.499,243.949,40.513,-0.967,-0.245,0.075,0,0.293,0.956,-0.256,0.924,-0.283],"_shiftlockState":false,"_pose":"Running","_animationQueue":[],"_animationSpeed":1.066,"_zoom":20.656},{"_mousePosition":[645,345],"_rootPartCFrame":[772.691,222.7,46.302,0.21,0,0.978,0,1,0,-0.978,0,0.21],"_humanoidState":8,"_cameraCFrame":[774.196,244.018,40.674,-0.966,-0.248,0.073,0,0.282,0.959,-0.258,0.927,-0.272],"_shiftlockState":false,"_pose":"Running","_animationQueue":[],"_animationSpeed":1.066,"_zoom":20.656},{"_mousePosition":[645,345],"_rootPartCFrame":[772.434,222.7,46.234,0.216,0,0.976,0,1,0,-0.976,0,0.216],"_humanoidState":8,"_cameraCFrame":[773.902,244.074,40.796,-0.965,-0.251,0.071,0,0.273,0.962,-0.261,0.929,-0.263],"_shiftlockState":false,"_pose":"Running","_animationQueue":[],"_animationSpeed":1.066,"_zoom":20.656},{"_mousePosition":[645,345],"_rootPartCFrame":[772.305,222.7,46.2,0.219,0,0.976,0,1,0,-0.976,0,0.219],"_humanoidState":8,"_cameraCFrame":[773.733,244.117,40.912,-0.965,-0.251,0.069,0,0.265,0.964,-0.261,0.931,-0.256],"_shiftlockState":false,"_pose":"Running","_animationQueue":[],"_animationSpeed":1.066,"_zoom":20.656},{"_mousePosition":[645,345],"_rootPartCFrame":[772.047,222.7,46.13,0.224,0,0.975,0,1,0,-0.975,0,0.224],"_humanoidState":8,"_cameraCFrame":[773.44,244.179,41.074,-0.964,-0.257,0.067,0,0.254,0.967,-0.266,0.932,-0.245],"_shiftlockState":false,"_pose":"Running","_animationQueue":[],"_animationSpeed":1.066,"_zoom":20.656},{"_mousePosition":[645,345],"_rootPartCFrame":[771.79,222.7,46.061,0.229,0,0.973,0,1,0,-0.973,0,0.229],"_humanoidState":8,"_cameraCFrame":[773.145,244.239,41.237,-0.963,-0.262,0.066,0,0.243,0.97,-0.271,0.934,-0.233],"_shiftlockState":false,"_pose":"Running","_animationQueue":[["walk",0.1]],"_animationSpeed":1.066,"_zoom":20.656},{"_mousePosition":[645,345],"_rootPartCFrame":[771.404,222.7,45.954,0.237,0,0.972,0,1,0,-0.972,0,0.237],"_humanoidState":8,"_cameraCFrame":[772.719,244.296,41.364,-0.961,-0.268,0.064,0,0.231,0.973,-0.275,0.935,-0.222],"_shiftlockState":false,"_pose":"Running","_animationQueue":[],"_animationSpeed":1.066,"_zoom":20.656},{"_mousePosition":[645,345],"_rootPartCFrame":[771.147,222.7,45.882,0.241,0,0.97,0,1,0,-0.97,0,0.241],"_humanoidState":8,"_cameraCFrame":[772.442,244.333,41.449,-0.96,-0.273,0.063,0,0.224,0.975,-0.28,0.936,-0.215],"_shiftlockState":false,"_pose":"Running","_animationQueue":[],"_animationSpeed":1.066,"_zoom":20.656},{"_mousePosition":[645,345],"_rootPartCFrame":[770.891,222.7,45.809,0.246,0,0.969,0,1,0,-0.969,0,0.246],"_humanoidState":8,"_cameraCFrame":[770.498,244.377,41.069,-0.957,-0.283,0.062,0,0.214,0.977,-0.29,0.935,-0.205],"_shiftlockState":true,"_pose":"Running","_animationQueue":[],"_animationSpeed":1.066,"_zoom":20.656},{"_mousePosition":[683,384],"_rootPartCFrame":[770.635,222.7,45.735,-0.975,0,0.224,0,1,0,-0.224,0,-0.975],"_humanoidState":8,"_cameraCFrame":[770.242,244.377,40.995,-0.957,-0.283,0.062,0,0.214,0.977,-0.29,0.935,-0.205],"_shiftlockState":true,"_pose":"Running","_animationQueue":[],"_animationSpeed":1.066,"_zoom":20.656},{"_mousePosition":[683,384],"_rootPartCFrame":[770.379,223.563,45.66,-0.979,0,0.203,0,1,0,-0.203,0,-0.979],"_humanoidState":3,"_cameraCFrame":[769.975,245.274,41.068,-0.955,-0.291,0.061,0,0.206,0.978,-0.297,0.934,-0.197],"_shiftlockState":true,"_pose":"Jumping","_animationQueue":[["walk",0.1],["jump",0.1]],"_animationSpeed":1,"_zoom":20.656},{"_mousePosition":[683,384],"_rootPartCFrame":[770.06,224.565,45.564,-0.923,0,0.386,0,1,0,-0.386,0,-0.923],"_humanoidState":5,"_cameraCFrame":[769.619,246.324,41.194,-0.953,-0.299,0.059,0,0.195,0.981,-0.304,0.934,-0.186],"_shiftlockState":true,"_pose":"FreeFall","_animationQueue":[["jump",0.1]],"_animationSpeed":1,"_zoom":20.656},{"_mousePosition":[683,384],"_rootPartCFrame":[769.741,225.481,45.465,-0.891,0,0.454,0,1,0,-0.454,0,-0.891],"_humanoidState":5,"_cameraCFrame":[769.274,247.272,41.243,-0.951,-0.304,0.058,0,0.187,0.982,-0.309,0.934,-0.178],"_shiftlockState":true,"_pose":"FreeFall","_animationQueue":[],"_animationSpeed":1,"_zoom":20.656},{"_mousePosition":[683,384],"_rootPartCFrame":[769.487,226.154,45.384,-0.902,0,0.433,0,1,0,-0.433,0,-0.902],"_humanoidState":5,"_cameraCFrame":[769.006,247.959,41.236,-0.95,-0.306,0.057,0,0.184,0.983,-0.312,0.934,-0.174],"_shiftlockState":true,"_pose":"FreeFall","_animationQueue":[],"_animationSpeed":1,"_zoom":20.656},{"_mousePosition":[683,384],"_rootPartCFrame":[769.36,226.469,45.343,-0.927,0,0.374,0,1,0,-0.374,0,-0.927],"_humanoidState":5,"_cameraCFrame":[768.837,248.31,41.381,-0.949,-0.312,0.055,0,0.174,0.985,-0.316,0.934,-0.165],"_shiftlockState":true,"_pose":"FreeFall","_animationQueue":[],"_animationSpeed":1,"_zoom":20.656},{"_mousePosition":[683,384],"_rootPartCFrame":[769.17,226.917,45.281,-0.912,0,0.41,0,1,0,-0.41,0,-0.912],"_humanoidState":5,"_cameraCFrame":[768.656,248.759,41.323,-0.948,-0.314,0.055,0,0.174,0.985,-0.319,0.933,-0.165],"_shiftlockState":true,"_pose":"FreeFall","_animationQueue":[],"_animationSpeed":1,"_zoom":20.656},{"_mousePosition":[683,384],"_rootPartCFrame":[768.917,227.467,45.196,-0.897,0,0.442,0,1,0,-0.442,0,-0.897],"_humanoidState":5,"_cameraCFrame":[768.413,249.309,41.237,-0.947,-0.316,0.056,0,0.174,0.985,-0.321,0.933,-0.164],"_shiftlockState":true,"_pose":"FreeFall","_animationQueue":[],"_animationSpeed":1,"_zoom":20.656},{"_mousePosition":[683,384],"_rootPartCFrame":[768.601,228.077,45.09,-0.881,0,0.474,0,1,0,-0.474,0,-0.881],"_humanoidState":5,"_cameraCFrame":[768.107,249.919,41.13,-0.946,-0.319,0.056,0,0.174,0.985,-0.324,0.932,-0.164],"_shiftlockState":true,"_pose":"FreeFall","_animationQueue":[],"_animationSpeed":1,"_zoom":20.656},{"_mousePosition":[683,384],"_rootPartCFrame":[768.349,228.504,45.005,-0.895,0,0.447,0,1,0,-0.447,0,-0.895],"_humanoidState":5,"_cameraCFrame":[767.854,250.346,41.044,-0.946,-0.319,0.056,0,0.174,0.985,-0.324,0.932,-0.164],"_shiftlockState":true,"_pose":"FreeFall","_animationQueue":[],"_animationSpeed":1,"_zoom":20.656},{"_mousePosition":[683,384],"_rootPartCFrame":[768.16,228.788,44.94,-0.909,0,0.416,0,1,0,-0.416,0,-0.909],"_humanoidState":5,"_cameraCFrame":[767.675,250.631,40.978,-0.945,-0.321,0.057,0,0.174,0.985,-0.326,0.931,-0.164],"_shiftlockState":true,"_pose":"FreeFall","_animationQueue":[],"_animationSpeed":1,"_zoom":20.656},{"_mousePosition":[683,384],"_rootPartCFrame":[767.907,229.12,44.854,-0.894,0,0.449,0,1,0,-0.449,0,-0.894],"_humanoidState":5,"_cameraCFrame":[767.433,250.962,40.891,-0.945,-0.323,0.057,0,0.174,0.985,-0.328,0.93,-0.164],"_shiftlockState":true,"_pose":"FreeFall","_animationQueue":[],"_animationSpeed":1,"_zoom":20.656},{"_mousePosition":[683,384],"_rootPartCFrame":[767.655,229.397,44.767,-0.893,0,0.451,0,1,0,-0.451,0,-0.893],"_humanoidState":5,"_cameraCFrame":[767.18,251.239,40.804,-0.945,-0.323,0.057,0,0.174,0.985,-0.328,0.93,-0.164],"_shiftlockState":true,"_pose":"FreeFall","_animationQueue":[],"_animationSpeed":1,"_zoom":20.656},{"_mousePosition":[683,384],"_rootPartCFrame":[767.34,229.666,44.657,-0.877,0,0.481,0,1,0,-0.481,0,-0.877],"_humanoidState":5,"_cameraCFrame":[766.866,251.509,40.695,-0.945,-0.323,0.057,0,0.174,0.985,-0.328,0.93,-0.164],"_shiftlockState":true,"_pose":"FreeFall","_animationQueue":[],"_animationSpeed":1,"_zoom":20.656},{"_mousePosition":[683,384],"_rootPartCFrame":[767.151,229.787,44.592,-0.907,0,0.421,0,1,0,-0.421,0,-0.907],"_humanoidState":5,"_cameraCFrame":[766.677,251.63,40.629,-0.945,-0.323,0.057,0,0.174,0.985,-0.328,0.93,-0.164],"_shiftlockState":true,"_pose":"FreeFall","_animationQueue":[],"_animationSpeed":1,"_zoom":20.656},{"_mousePosition":[683,384],"_rootPartCFrame":[766.836,229.921,44.482,-0.877,0,0.481,0,1,0,-0.481,0,-0.877],"_humanoidState":5,"_cameraCFrame":[766.372,251.763,40.518,-0.944,-0.326,0.057,0,0.174,0.985,-0.331,0.929,-0.164],"_shiftlockState":true,"_pose":"FreeFall","_animationQueue":[],"_animationSpeed":1,"_zoom":20.656},{"_mousePosition":[683,384],"_rootPartCFrame":[766.584,229.966,44.395,-0.891,0,0.453,0,1,0,-0.453,0,-0.891],"_humanoidState":5,"_cameraCFrame":[766.13,251.808,40.43,-0.943,-0.328,0.058,0,0.174,0.985,-0.333,0.929,-0.164],"_shiftlockState":true,"_pose":"FreeFall","_animationQueue":[],"_animationSpeed":1,"_zoom":20.656},{"_mousePosition":[683,384],"_rootPartCFrame":[766.333,229.957,44.307,-0.89,0,0.456,0,1,0,-0.456,0,-0.89],"_humanoidState":5,"_cameraCFrame":[765.878,251.799,40.341,-0.943,-0.328,0.058,0,0.174,0.985,-0.333,0.929,-0.164],"_shiftlockState":true,"_pose":"FreeFall","_animationQueue":[],"_animationSpeed":1,"_zoom":20.656},{"_mousePosition":[683,384],"_rootPartCFrame":[766.144,229.914,44.24,-0.905,0,0.426,0,1,0,-0.426,0,-0.905],"_humanoidState":5,"_cameraCFrame":[765.687,251.38,40.335,-0.941,-0.333,0.059,0,0.174,0.985,-0.338,0.927,-0.163],"_shiftlockState":true,"_pose":"FreeFall","_animationQueue":[],"_animationSpeed":1,"_zoom":16.125},{"_mousePosition":[683,384],"_rootPartCFrame":[765.83,229.775,44.129,-0.872,0,0.489,0,1,0,-0.489,0,-0.872],"_humanoidState":5,"_cameraCFrame":[765.331,250.549,40.339,-0.941,-0.333,0.059,0,0.174,0.985,-0.338,0.927,-0.163],"_shiftlockState":true,"_pose":"FreeFall","_animationQueue":[],"_animationSpeed":1,"_zoom":16.125},{"_mousePosition":[683,384],"_rootPartCFrame":[765.641,229.651,44.061,-0.903,0,0.43,0,1,0,-0.43,0,-0.903],"_humanoidState":5,"_cameraCFrame":[765.097,249.651,40.4,-0.941,-0.333,0.059,0,0.174,0.985,-0.338,0.927,-0.163],"_shiftlockState":true,"_pose":"FreeFall","_animationQueue":[],"_animationSpeed":1,"_zoom":16.125},{"_mousePosition":[683,384],"_rootPartCFrame":[765.391,229.437,43.971,-0.888,0,0.46,0,1,0,-0.46,0,-0.888],"_humanoidState":5,"_cameraCFrame":[764.792,248.525,40.461,-0.941,-0.333,0.059,0,0.174,0.985,-0.338,0.927,-0.163],"_shiftlockState":true,"_pose":"FreeFall","_animationQueue":[],"_animationSpeed":1,"_zoom":16.125},{"_mousePosition":[683,384],"_rootPartCFrame":[765.14,229.169,43.881,-0.888,0,0.46,0,1,0,-0.46,0,-0.888],"_humanoidState":5,"_cameraCFrame":[764.473,247.124,40.559,-0.941,-0.333,0.059,0,0.174,0.985,-0.338,0.927,-0.163],"_shiftlockState":true,"_pose":"FreeFall","_animationQueue":[],"_animationSpeed":1,"_zoom":16.125},{"_mousePosition":[683,384],"_rootPartCFrame":[764.889,228.847,43.791,-0.888,0,0.46,0,1,0,-0.46,0,-0.888],"_humanoidState":5,"_cameraCFrame":[764.16,245.764,40.641,-0.941,-0.333,0.059,0,0.174,0.985,-0.338,0.927,-0.163],"_shiftlockState":true,"_pose":"FreeFall","_animationQueue":[["fall",0.3]],"_animationSpeed":1,"_zoom":16.125},{"_mousePosition":[683,384],"_rootPartCFrame":[764.638,228.47,43.701,-0.888,0,0.46,0,1,0,-0.46,0,-0.888],"_humanoidState":5,"_cameraCFrame":[763.861,244.582,40.685,-0.941,-0.333,0.059,0,0.174,0.985,-0.338,0.927,-0.163],"_shiftlockState":true,"_pose":"FreeFall","_animationQueue":[],"_animationSpeed":1,"_zoom":16.125},{"_mousePosition":[683,384],"_rootPartCFrame":[764.387,228.038,43.611,-0.888,0,0.46,0,1,0,-0.46,0,-0.888],"_humanoidState":5,"_cameraCFrame":[763.571,243.486,40.705,-0.941,-0.333,0.059,0,0.174,0.985,-0.338,0.927,-0.163],"_shiftlockState":true,"_pose":"FreeFall","_animationQueue":[],"_animationSpeed":1,"_zoom":16.125},{"_mousePosition":[683,384],"_rootPartCFrame":[764.136,227.552,43.521,-0.888,0,0.46,0,1,0,-0.46,0,-0.888],"_humanoidState":5,"_cameraCFrame":[763.291,242.508,40.696,-0.941,-0.333,0.059,0,0.174,0.985,-0.338,0.927,-0.163],"_shiftlockState":true,"_pose":"FreeFall","_animationQueue":[],"_animationSpeed":1,"_zoom":16.125},{"_mousePosition":[683,384],"_rootPartCFrame":[763.885,227.012,43.431,-0.888,0,0.46,0,1,0,-0.46,0,-0.888],"_humanoidState":5,"_cameraCFrame":[763.018,241.612,40.665,-0.941,-0.333,0.059,0,0.174,0.985,-0.338,0.927,-0.163],"_shiftlockState":true,"_pose":"FreeFall","_animationQueue":[],"_animationSpeed":1,"_zoom":16.125},{"_mousePosition":[683,384],"_rootPartCFrame":[763.571,226.26,43.318,-0.872,0,0.489,0,1,0,-0.489,0,-0.872],"_humanoidState":5,"_cameraCFrame":[762.69,240.621,40.592,-0.941,-0.333,0.059,0,0.174,0.985,-0.338,0.927,-0.163],"_shiftlockState":true,"_pose":"FreeFall","_animationQueue":[],"_animationSpeed":1,"_zoom":16.125},{"_mousePosition":[683,384],"_rootPartCFrame":[763.383,225.768,43.25,-0.903,0,0.43,0,1,0,-0.43,0,-0.903],"_humanoidState":5,"_cameraCFrame":[762.492,239.96,40.553,-0.941,-0.333,0.059,0,0.174,0.985,-0.338,0.927,-0.163],"_shiftlockState":true,"_pose":"FreeFall","_animationQueue":[],"_animationSpeed":1,"_zoom":16.125},{"_mousePosition":[683,384],"_rootPartCFrame":[763.132,225.064,43.16,-0.888,0,0.46,0,1,0,-0.46,0,-0.888],"_humanoidState":5,"_cameraCFrame":[762.234,239.13,40.483,-0.941,-0.333,0.059,0,0.174,0.985,-0.338,0.927,-0.163],"_shiftlockState":true,"_pose":"FreeFall","_animationQueue":[["fall",0.3]],"_animationSpeed":1,"_zoom":16.125},{"_mousePosition":[683,384],"_rootPartCFrame":[762.881,224.305,43.07,-0.888,0,0.46,0,1,0,-0.46,0,-0.888],"_humanoidState":5,"_cameraCFrame":[761.978,238.287,40.407,-0.941,-0.333,0.059,0,0.174,0.985,-0.338,0.927,-0.163],"_shiftlockState":true,"_pose":"FreeFall","_animationQueue":[],"_animationSpeed":1,"_zoom":16.125},{"_mousePosition":[683,384],"_rootPartCFrame":[762.567,223.28,42.957,-0.872,0,0.489,0,1,0,-0.489,0,-0.872],"_humanoidState":5,"_cameraCFrame":[761.654,237.204,40.306,-0.942,-0.331,0.058,0,0.174,0.985,-0.336,0.928,-0.164],"_shiftlockState":true,"_pose":"FreeFall","_animationQueue":[],"_animationSpeed":1,"_zoom":16.125},{"_mousePosition":[683,384],"_rootPartCFrame":[762.379,222.625,42.89,-0.931,0,0.366,0,1,0,-0.366,0,-0.931],"_humanoidState":7,"_cameraCFrame":[761.463,236.51,40.245,-0.942,-0.331,0.058,0,0.174,0.985,-0.336,0.928,-0.164],"_shiftlockState":true,"_pose":"FreeFall","_animationQueue":[["walk",0.1],["fall",0.3],["fall",0.3]],"_animationSpeed":1,"_zoom":16.125},{"_mousePosition":[683,384],"_rootPartCFrame":[762.128,222.444,42.8,-0.94,0,0.341,0,1,0,-0.341,0,-0.94],"_humanoidState":7,"_cameraCFrame":[761.204,236.305,40.162,-0.943,-0.328,0.058,0,0.174,0.985,-0.333,0.929,-0.164],"_shiftlockState":true,"_pose":"FreeFall","_animationQueue":[],"_animationSpeed":1,"_zoom":16.125},{"_mousePosition":[683,384],"_rootPartCFrame":[761.876,222.527,42.711,-0.943,0,0.334,0,1,0,-0.334,0,-0.943],"_humanoidState":7,"_cameraCFrame":[760.945,236.37,40.078,-0.944,-0.326,0.057,0,0.174,0.985,-0.331,0.929,-0.164],"_shiftlockState":true,"_pose":"FreeFall","_animationQueue":[],"_animationSpeed":1,"_zoom":16.125},{"_mousePosition":[683,384],"_rootPartCFrame":[761.625,222.6,42.622,-0.944,0,0.331,0,1,0,-0.331,0,-0.944],"_humanoidState":8,"_cameraCFrame":[760.686,236.432,39.993,-0.945,-0.323,0.057,0,0.174,0.985,-0.328,0.93,-0.164],"_shiftlockState":true,"_pose":"Running","_animationQueue":[["fall",0.3],["walk",0.1],["fall",0.3],["walk",0.1]],"_animationSpeed":1.103,"_zoom":16.125},{"_mousePosition":[683,384],"_rootPartCFrame":[761.373,222.645,42.533,-0.945,0,0.328,0,1,0,-0.328,0,-0.945],"_humanoidState":8,"_cameraCFrame":[760.421,236.47,39.911,-0.946,-0.319,0.056,0,0.174,0.985,-0.324,0.932,-0.164],"_shiftlockState":true,"_pose":"Running","_animationQueue":[],"_animationSpeed":1.103,"_zoom":16.125},{"_mousePosition":[683,384],"_rootPartCFrame":[761.122,222.67,42.446,-0.946,0,0.324,0,1,0,-0.324,0,-0.946],"_humanoidState":8,"_cameraCFrame":[760.149,236.49,39.831,-0.949,-0.312,0.055,0,0.174,0.985,-0.316,0.934,-0.165],"_shiftlockState":true,"_pose":"Running","_animationQueue":[],"_animationSpeed":1.103,"_zoom":16.125},{"_mousePosition":[683,384],"_rootPartCFrame":[760.869,222.684,42.359,-0.949,0,0.316,0,1,0,-0.316,0,-0.949],"_humanoidState":8,"_cameraCFrame":[759.864,236.5,39.758,-0.953,-0.3,0.053,0,0.174,0.985,-0.304,0.938,-0.165],"_shiftlockState":true,"_pose":"Running","_animationQueue":[],"_animationSpeed":1.103,"_zoom":16.125},{"_mousePosition":[683,384],"_rootPartCFrame":[760.49,222.693,42.233,-0.953,0,0.304,0,1,0,-0.304,0,-0.953],"_humanoidState":8,"_cameraCFrame":[759.464,236.508,39.639,-0.955,-0.293,0.052,0,0.174,0.985,-0.297,0.94,-0.166],"_shiftlockState":true,"_pose":"Running","_animationQueue":[],"_animationSpeed":1.103,"_zoom":16.125},{"_mousePosition":[683,384],"_rootPartCFrame":[760.236,222.696,42.151,-0.955,0,0.297,0,1,0,-0.297,0,-0.955],"_humanoidState":8,"_cameraCFrame":[759.184,236.509,39.568,-0.958,-0.283,0.05,0,0.174,0.985,-0.288,0.943,-0.166],"_shiftlockState":true,"_pose":"Running","_animationQueue":[],"_animationSpeed":1.103,"_zoom":16.125},{"_mousePosition":[683,384],"_rootPartCFrame":[760.045,222.698,42.091,-0.958,0,0.288,0,1,0,-0.288,0,-0.958],"_humanoidState":8,"_cameraCFrame":[758.967,236.509,39.52,-0.961,-0.274,0.048,0,0.174,0.985,-0.278,0.946,-0.167],"_shiftlockState":true,"_pose":"Running","_animationQueue":[],"_animationSpeed":1.103,"_zoom":16.125},{"_mousePosition":[683,384],"_rootPartCFrame":[759.79,222.699,42.014,-0.961,0,0.278,0,1,0,-0.278,0,-0.961],"_humanoidState":8,"_cameraCFrame":[758.686,236.51,39.454,-0.963,-0.264,0.047,0,0.174,0.985,-0.268,0.949,-0.167],"_shiftlockState":true,"_pose":"Running","_animationQueue":[["walk",0.1]],"_animationSpeed":1.103,"_zoom":16.125},{"_mousePosition":[683,384],"_rootPartCFrame":[759.471,223.769,41.918,-0.963,0,0.268,0,1,0,-0.268,0,-0.963],"_humanoidState":3,"_cameraCFrame":[758.354,237.579,39.364,-0.965,-0.259,0.046,0,0.174,0.985,-0.263,0.95,-0.168],"_shiftlockState":true,"_pose":"Jumping","_animationQueue":[["walk",0.1],["jump",0.1]],"_animationSpeed":1,"_zoom":16.125},{"_mousePosition":[683,384],"_rootPartCFrame":[759.278,224.37,41.864,-0.946,0,0.323,0,1,0,-0.323,0,-0.946],"_humanoidState":5,"_cameraCFrame":[758.148,238.18,39.315,-0.966,-0.254,0.045,0,0.174,0.985,-0.258,0.951,-0.168],"_shiftlockState":true,"_pose":"FreeFall","_animationQueue":[["jump",0.1]],"_animationSpeed":1,"_zoom":16.125},{"_mousePosition":[683,384],"_rootPartCFrame":[759.021,225.124,41.794,-0.926,0,0.377,0,1,0,-0.377,0,-0.926],"_humanoidState":5,"_cameraCFrame":[757.878,238.934,39.25,-0.967,-0.25,0.044,0,0.174,0.985,-0.253,0.953,-0.168],"_shiftlockState":true,"_pose":"FreeFall","_animationQueue":[],"_animationSpeed":1,"_zoom":16.125},{"_mousePosition":[683,384],"_rootPartCFrame":[758.763,225.823,41.724,-0.925,0,0.379,0,1,0,-0.379,0,-0.925],"_humanoidState":5,"_cameraCFrame":[757.614,239.633,39.184,-0.968,-0.247,0.044,0,0.174,0.985,-0.251,0.953,-0.168],"_shiftlockState":true,"_pose":"FreeFall","_animationQueue":[],"_animationSpeed":1,"_zoom":16.125},{"_mousePosition":[683,384],"_rootPartCFrame":[758.505,226.468,41.657,-0.926,0,0.377,0,1,0,-0.377,0,-0.926],"_humanoidState":5,"_cameraCFrame":[757.343,240.278,39.122,-0.969,-0.242,0.043,0,0.174,0.985,-0.246,0.955,-0.168],"_shiftlockState":true,"_pose":"FreeFall","_animationQueue":[],"_animationSpeed":1,"_zoom":16.125},{"_mousePosition":[683,384],"_rootPartCFrame":[758.247,227.058,41.59,-0.928,0,0.373,0,1,0,-0.373,0,-0.928],"_humanoidState":5,"_cameraCFrame":[757.072,240.869,39.061,-0.97,-0.237,0.042,0,0.174,0.985,-0.241,0.956,-0.169],"_shiftlockState":true,"_pose":"FreeFall","_animationQueue":[],"_animationSpeed":1,"_zoom":16.125},{"_mousePosition":[683,384],"_rootPartCFrame":[757.924,227.72,41.507,-0.917,0,0.399,0,1,0,-0.399,0,-0.917],"_humanoidState":5,"_cameraCFrame":[756.737,241.53,38.985,-0.972,-0.233,0.041,0,0.174,0.985,-0.236,0.957,-0.169],"_shiftlockState":true,"_pose":"FreeFall","_animationQueue":[],"_animationSpeed":1,"_zoom":16.125},{"_mousePosition":[683,384],"_rootPartCFrame":[757.73,228.076,41.459,-0.943,0,0.332,0,1,0,-0.332,0,-0.943],"_humanoidState":5,"_cameraCFrame":[756.523,241.886,38.945,-0.973,-0.225,0.04,0,0.174,0.985,-0.229,0.959,-0.169],"_shiftlockState":true,"_pose":"FreeFall","_animationQueue":[],"_animationSpeed":1,"_zoom":16.125},{"_mousePosition":[683,384],"_rootPartCFrame":[757.471,228.503,41.396,-0.934,0,0.356,0,1,0,-0.356,0,-0.934],"_humanoidState":5,"_cameraCFrame":[756.252,242.313,38.888,-0.975,-0.221,0.039,0,0.174,0.985,-0.224,0.96,-0.169],"_shiftlockState":true,"_pose":"FreeFall","_animationQueue":[],"_animationSpeed":1,"_zoom":16.125},{"_mousePosition":[683,384],"_rootPartCFrame":[757.212,228.875,41.334,-0.936,0,0.351,0,1,0,-0.351,0,-0.936],"_humanoidState":5,"_cameraCFrame":[755.979,242.685,38.833,-0.976,-0.216,0.038,0,0.174,0.985,-0.219,0.961,-0.169],"_shiftlockState":true,"_pose":"FreeFall","_animationQueue":[],"_animationSpeed":1,"_zoom":16.125},{"_mousePosition":[683,384],"_rootPartCFrame":[756.952,229.193,41.275,-0.938,0,0.347,0,1,0,-0.347,0,-0.938],"_humanoidState":5,"_cameraCFrame":[755.72,243.003,38.773,-0.976,-0.216,0.038,0,0.174,0.985,-0.219,0.961,-0.169],"_shiftlockState":true,"_pose":"FreeFall","_animationQueue":[],"_animationSpeed":1,"_zoom":16.125},{"_mousePosition":[683,384],"_rootPartCFrame":[756.692,229.456,41.216,-0.938,0,0.347,0,1,0,-0.347,0,-0.938],"_humanoidState":5,"_cameraCFrame":[755.453,243.266,38.718,-0.976,-0.213,0.038,0,0.174,0.985,-0.217,0.961,-0.17],"_shiftlockState":true,"_pose":"FreeFall","_animationQueue":[],"_animationSpeed":1,"_zoom":16.125},{"_mousePosition":[683,384],"_rootPartCFrame":[756.431,229.665,41.158,-0.939,0,0.344,0,1,0,-0.344,0,-0.939],"_humanoidState":5,"_cameraCFrame":[755.187,243.475,38.663,-0.977,-0.211,0.037,0,0.174,0.985,-0.214,0.962,-0.17],"_shiftlockState":true,"_pose":"FreeFall","_animationQueue":[],"_animationSpeed":1,"_zoom":16.125},{"_mousePosition":[683,384],"_rootPartCFrame":[756.171,229.82,41.1,-0.94,0,0.342,0,1,0,-0.342,0,-0.94],"_humanoidState":5,"_cameraCFrame":[754.92,243.63,38.608,-0.977,-0.208,0.037,0,0.174,0.985,-0.212,0.963,-0.17],"_shiftlockState":true,"_pose":"FreeFall","_animationQueue":[],"_animationSpeed":1,"_zoom":16.125},{"_mousePosition":[683,384],"_rootPartCFrame":[755.911,229.919,41.043,-0.941,0,0.34,0,1,0,-0.34,0,-0.941],"_humanoidState":5,"_cameraCFrame":[754.647,243.73,38.557,-0.978,-0.203,0.036,0,0.174,0.985,-0.207,0.964,-0.17],"_shiftlockState":true,"_pose":"FreeFall","_animationQueue":[],"_animationSpeed":1,"_zoom":16.125},{"_mousePosition":[683,384],"_rootPartCFrame":[755.585,229.968,40.972,-0.931,0,0.366,0,1,0,-0.366,0,-0.931],"_humanoidState":5,"_cameraCFrame":[754.309,243.778,38.493,-0.979,-0.199,0.035,0,0.174,0.985,-0.202,0.965,-0.17],"_shiftlockState":true,"_pose":"FreeFall","_animationQueue":[],"_animationSpeed":1,"_zoom":16.125},{"_mousePosition":[683,384],"_rootPartCFrame":[755.324,229.945,40.917,-0.944,0,0.33,0,1,0,-0.33,0,-0.944],"_humanoidState":5,"_cameraCFrame":[754.035,243.755,38.444,-0.98,-0.194,0.034,0,0.174,0.985,-0.197,0.966,-0.17],"_shiftlockState":true,"_pose":"FreeFall","_animationQueue":[],"_animationSpeed":1,"_zoom":16.125},{"_mousePosition":[683,384],"_rootPartCFrame":[755.128,229.892,40.876,-0.956,0,0.294,0,1,0,-0.294,0,-0.956],"_humanoidState":5,"_cameraCFrame":[753.827,243.702,38.41,-0.981,-0.189,0.033,0,0.174,0.985,-0.192,0.967,-0.17],"_shiftlockState":true,"_pose":"FreeFall","_animationQueue":[],"_animationSpeed":1,"_zoom":16.125},{"_mousePosition":[683,384],"_rootPartCFrame":[754.801,229.736,40.81,-0.936,0,0.352,0,1,0,-0.352,0,-0.936],"_humanoidState":5,"_cameraCFrame":[753.487,243.546,38.351,-0.982,-0.184,0.032,0,0.174,0.985,-0.187,0.967,-0.171],"_shiftlockState":true,"_pose":"FreeFall","_animationQueue":[["fall",0.3]],"_animationSpeed":1,"_zoom":16.125},{"_mousePosition":[683,384],"_rootPartCFrame":[754.605,229.601,40.772,-0.959,0,0.284,0,1,0,-0.284,0,-0.959],"_humanoidState":5,"_cameraCFrame":[753.279,243.412,38.319,-0.983,-0.179,0.032,0,0.174,0.985,-0.182,0.968,-0.171],"_shiftlockState":true,"_pose":"FreeFall","_animationQueue":[],"_animationSpeed":1,"_zoom":16.125},{"_mousePosition":[683,384],"_rootPartCFrame":[754.343,229.374,40.722,-0.95,0,0.311,0,1,0,-0.311,0,-0.95],"_humanoidState":5,"_cameraCFrame":[753.011,243.184,38.273,-0.984,-0.177,0.031,0,0.174,0.985,-0.179,0.969,-0.171],"_shiftlockState":true,"_pose":"FreeFall","_animationQueue":[],"_animationSpeed":1,"_zoom":16.125},{"_mousePosition":[683,384],"_rootPartCFrame":[754.081,229.093,40.673,-0.951,0,0.308,0,1,0,-0.308,0,-0.951],"_humanoidState":5,"_cameraCFrame":[752.748,242.903,38.224,-0.984,-0.177,0.031,0,0.174,0.985,-0.179,0.969,-0.171],"_shiftlockState":true,"_pose":"FreeFall","_animationQueue":[],"_animationSpeed":1,"_zoom":16.125},{"_mousePosition":[683,384],"_rootPartCFrame":[753.818,228.757,40.625,-0.951,0,0.308,0,1,0,-0.308,0,-0.951],"_humanoidState":5,"_cameraCFrame":[752.486,242.567,38.176,-0.984,-0.177,0.031,0,0.174,0.985,-0.179,0.969,-0.171],"_shiftlockState":true,"_pose":"FreeFall","_animationQueue":[],"_animationSpeed":1,"_zoom":16.125},{"_mousePosition":[683,384],"_rootPartCFrame":[753.556,228.366,40.577,-0.951,0,0.308,0,1,0,-0.308,0,-0.951],"_humanoidState":5,"_cameraCFrame":[752.224,242.176,38.128,-0.984,-0.177,0.031,0,0.174,0.985,-0.179,0.969,-0.171],"_shiftlockState":true,"_pose":"FreeFall","_animationQueue":[],"_animationSpeed":1,"_zoom":16.125},{"_mousePosition":[683,384],"_rootPartCFrame":[753.294,227.921,40.53,-0.951,0,0.308,0,1,0,-0.308,0,-0.951],"_humanoidState":5,"_cameraCFrame":[751.961,241.731,38.08,-0.984,-0.177,0.031,0,0.174,0.985,-0.179,0.969,-0.171],"_shiftlockState":true,"_pose":"FreeFall","_animationQueue":[],"_animationSpeed":1,"_zoom":16.125},{"_mousePosition":[683,384],"_rootPartCFrame":[753.031,227.421,40.482,-0.951,0,0.308,0,1,0,-0.308,0,-0.951],"_humanoidState":5,"_cameraCFrame":[751.699,241.231,38.032,-0.984,-0.177,0.031,0,0.174,0.985,-0.179,0.969,-0.171],"_shiftlockState":true,"_pose":"FreeFall","_animationQueue":[["fall",0.3]],"_animationSpeed":1,"_zoom":16.125},{"_mousePosition":[683,384],"_rootPartCFrame":[752.769,226.867,40.434,-0.951,0,0.308,0,1,0,-0.308,0,-0.951],"_humanoidState":5,"_cameraCFrame":[751.436,240.677,37.985,-0.984,-0.177,0.031,0,0.174,0.985,-0.179,0.969,-0.171],"_shiftlockState":true,"_pose":"FreeFall","_animationQueue":[],"_animationSpeed":1,"_zoom":16.125},{"_mousePosition":[683,384],"_rootPartCFrame":[752.506,226.259,40.386,-0.951,0,0.308,0,1,0,-0.308,0,-0.951],"_humanoidState":5,"_cameraCFrame":[751.174,240.069,37.937,-0.984,-0.177,0.031,0,0.174,0.985,-0.179,0.969,-0.171],"_shiftlockState":true,"_pose":"FreeFall","_animationQueue":[],"_animationSpeed":1,"_zoom":16.125},{"_mousePosition":[683,384],"_rootPartCFrame":[752.244,225.596,40.338,-0.951,0,0.308,0,1,0,-0.308,0,-0.951],"_humanoidState":5,"_cameraCFrame":[750.924,239.406,37.882,-0.983,-0.181,0.032,0,0.174,0.985,-0.184,0.968,-0.171],"_shiftlockState":true,"_pose":"FreeFall","_animationQueue":[],"_animationSpeed":1,"_zoom":16.125},{"_mousePosition":[683,384],"_rootPartCFrame":[751.981,224.878,40.29,-0.95,0,0.313,0,1,0,-0.313,0,-0.95],"_humanoidState":5,"_cameraCFrame":[750.718,238.688,37.805,-0.978,-0.203,0.036,0,0.174,0.985,-0.207,0.964,-0.17],"_shiftlockState":true,"_pose":"FreeFall","_animationQueue":[],"_animationSpeed":1,"_zoom":16.125},{"_mousePosition":[683,384],"_rootPartCFrame":[751.719,224.106,40.241,-0.942,0,0.335,0,1,0,-0.335,0,-0.942],"_humanoidState":5,"_cameraCFrame":[750.556,237.907,37.666,-0.97,-0.237,0.043,0,0.177,0.984,-0.241,0.955,-0.172],"_shiftlockState":true,"_pose":"FreeFall","_animationQueue":[],"_animationSpeed":1,"_zoom":16.125},{"_mousePosition":[683,384],"_rootPartCFrame":[751.458,223.279,40.187,-0.93,0,0.368,0,1,0,-0.368,0,-0.93],"_humanoidState":5,"_cameraCFrame":[750.434,237.072,37.513,-0.958,-0.283,0.052,0,0.181,0.983,-0.288,0.942,-0.174],"_shiftlockState":true,"_pose":"FreeFall","_animationQueue":[["fall",0.3]],"_animationSpeed":1,"_zoom":16.125},{"_mousePosition":[683,384],"_rootPartCFrame":[751.134,222.454,40.108,-0.944,0,0.329,0,1,0,-0.329,0,-0.944],"_humanoidState":7,"_cameraCFrame":[750.33,236.247,37.36,-0.931,-0.358,0.066,0,0.181,0.983,-0.364,0.916,-0.169],"_shiftlockState":true,"_pose":"FreeFall","_animationQueue":[["walk",0.1],["fall",0.3],["fall",0.3]],"_animationSpeed":1,"_zoom":16.125},{"_mousePosition":[683,384],"_rootPartCFrame":[750.878,222.481,40.033,-0.93,0,0.367,0,1,0,-0.367,0,-0.93],"_humanoidState":7,"_cameraCFrame":[750.221,236.273,37.246,-0.911,-0.406,0.075,0,0.181,0.983,-0.413,0.896,-0.165],"_shiftlockState":true,"_pose":"FreeFall","_animationQueue":[],"_animationSpeed":1,"_zoom":16.125},{"_mousePosition":[683,384],"_rootPartCFrame":[750.691,222.548,39.963,-0.911,0,0.413,0,1,0,-0.413,0,-0.911],"_humanoidState":8,"_cameraCFrame":[750.143,236.346,37.172,-0.892,-0.444,0.081,0,0.179,0.984,-0.452,0.878,-0.16],"_shiftlockState":true,"_pose":"Running","_animationQueue":[["walk",0.1],["fall",0.3],["walk",0.1]],"_animationSpeed":1.103,"_zoom":16.125},{"_mousePosition":[683,384],"_rootPartCFrame":[750.448,222.615,39.854,-0.892,0,0.452,0,1,0,-0.452,0,-0.892],"_humanoidState":8,"_cameraCFrame":[749.966,236.417,37.07,-0.879,-0.469,0.085,0,0.177,0.984,-0.476,0.865,-0.156],"_shiftlockState":true,"_pose":"Running","_animationQueue":[],"_animationSpeed":1.103,"_zoom":16.125},{"_mousePosition":[683,384],"_rootPartCFrame":[750.21,222.654,39.734,-0.879,0,0.476,0,1,0,-0.476,0,-0.879],"_humanoidState":8,"_cameraCFrame":[749.77,236.455,36.943,-0.872,-0.482,0.087,0,0.177,0.984,-0.49,0.858,-0.155],"_shiftlockState":true,"_pose":"Running","_animationQueue":[],"_animationSpeed":1.103,"_zoom":16.125},{"_mousePosition":[683,384],"_rootPartCFrame":[749.975,222.675,39.608,-0.872,0,0.49,0,1,0,-0.49,0,-0.872],"_humanoidState":8,"_cameraCFrame":[749.536,236.477,36.817,-0.872,-0.482,0.087,0,0.177,0.984,-0.49,0.858,-0.155],"_shiftlockState":true,"_pose":"Running","_animationQueue":[],"_animationSpeed":1.103,"_zoom":16.125},{"_mousePosition":[683,384],"_rootPartCFrame":[749.626,222.69,39.412,-0.872,0,0.49,0,1,0,-0.49,0,-0.872],"_humanoidState":8,"_cameraCFrame":[749.187,236.492,36.621,-0.872,-0.482,0.087,0,0.177,0.984,-0.49,0.858,-0.155],"_shiftlockState":true,"_pose":"Running","_animationQueue":[["walk",0.1]],"_animationSpeed":1.103,"_zoom":16.125},{"_mousePosition":[683,384],"_rootPartCFrame":[749.51,222.693,39.347,-0.872,0,0.49,0,1,0,-0.49,0,-0.872],"_humanoidState":8,"_cameraCFrame":[749.078,236.494,36.555,-0.871,-0.484,0.087,0,0.177,0.984,-0.492,0.857,-0.155],"_shiftlockState":true,"_pose":"Running","_animationQueue":[],"_animationSpeed":1.103,"_zoom":16.125},{"_mousePosition":[683,384],"_rootPartCFrame":[749.219,223.776,39.184,-0.871,0,0.492,0,1,0,-0.492,0,-0.871],"_humanoidState":3,"_cameraCFrame":[748.775,237.582,36.412,-0.871,-0.484,0.086,0,0.176,0.984,-0.492,0.857,-0.153],"_shiftlockState":true,"_pose":"Jumping","_animationQueue":[["walk",0.1],["jump",0.1]],"_animationSpeed":1,"_zoom":16.125},{"_mousePosition":[683,384],"_rootPartCFrame":[748.987,224.585,39.053,-0.822,0,0.57,0,1,0,-0.57,0,-0.822],"_humanoidState":5,"_cameraCFrame":[748.536,238.391,36.282,-0.872,-0.482,0.086,0,0.176,0.984,-0.49,0.858,-0.153],"_shiftlockState":true,"_pose":"FreeFall","_animationQueue":[["jump",0.1]],"_animationSpeed":1,"_zoom":16.125},{"_mousePosition":[683,384],"_rootPartCFrame":[748.813,225.155,38.954,-0.821,0,0.571,0,1,0,-0.571,0,-0.821],"_humanoidState":5,"_cameraCFrame":[748.322,238.965,36.21,-0.877,-0.474,0.084,0,0.174,0.985,-0.481,0.863,-0.152],"_shiftlockState":true,"_pose":"FreeFall","_animationQueue":[],"_animationSpeed":1,"_zoom":16.125},{"_mousePosition":[683,384],"_rootPartCFrame":[748.58,225.868,38.824,-0.806,0,0.592,0,1,0,-0.592,0,-0.806],"_humanoidState":5,"_cameraCFrame":[748.021,239.678,36.092,-0.889,-0.452,0.08,0,0.174,0.985,-0.459,0.875,-0.154],"_shiftlockState":true,"_pose":"FreeFall","_animationQueue":[],"_animationSpeed":1,"_zoom":16.125},{"_mousePosition":[683,384],"_rootPartCFrame":[748.288,226.683,38.663,-0.8,0,0.599,0,1,0,-0.599,0,-0.8],"_humanoidState":5,"_cameraCFrame":[747.66,240.493,35.947,-0.9,-0.429,0.076,0,0.174,0.985,-0.436,0.886,-0.156],"_shiftlockState":true,"_pose":"FreeFall","_animationQueue":[],"_animationSpeed":1,"_zoom":16.125},{"_mousePosition":[683,384],"_rootPartCFrame":[748.052,227.273,38.54,-0.834,0,0.552,0,1,0,-0.552,0,-0.834],"_humanoidState":5,"_cameraCFrame":[747.334,241.083,35.846,-0.914,-0.4,0.071,0,0.174,0.985,-0.406,0.9,-0.159],"_shiftlockState":true,"_pose":"FreeFall","_animationQueue":[],"_animationSpeed":1,"_zoom":16.125},{"_mousePosition":[683,384],"_rootPartCFrame":[747.872,227.68,38.452,-0.869,0,0.495,0,1,0,-0.495,0,-0.869],"_humanoidState":5,"_cameraCFrame":[747.039,241.49,35.791,-0.93,-0.361,0.064,0,0.174,0.985,-0.366,0.916,-0.162],"_shiftlockState":true,"_pose":"FreeFall","_animationQueue":[],"_animationSpeed":1,"_zoom":16.125},{"_mousePosition":[683,384],"_rootPartCFrame":[747.629,228.175,38.342,-0.874,0,0.487,0,1,0,-0.487,0,-0.874],"_humanoidState":5,"_cameraCFrame":[746.669,241.985,35.724,-0.947,-0.316,0.056,0,0.174,0.985,-0.321,0.933,-0.164],"_shiftlockState":true,"_pose":"FreeFall","_animationQueue":[],"_animationSpeed":1,"_zoom":16.125},{"_mousePosition":[683,384],"_rootPartCFrame":[747.382,228.616,38.243,-0.896,0,0.444,0,1,0,-0.444,0,-0.896],"_humanoidState":5,"_cameraCFrame":[746.278,242.426,35.683,-0.963,-0.264,0.047,0,0.174,0.985,-0.268,0.949,-0.167],"_shiftlockState":true,"_pose":"FreeFall","_animationQueue":[],"_animationSpeed":1,"_zoom":16.125},{"_mousePosition":[683,384],"_rootPartCFrame":[747.13,229.002,38.155,-0.919,0,0.394,0,1,0,-0.394,0,-0.919],"_humanoidState":5,"_cameraCFrame":[745.885,242.812,35.661,-0.977,-0.211,0.037,0,0.174,0.985,-0.214,0.962,-0.17],"_shiftlockState":true,"_pose":"FreeFall","_animationQueue":[],"_animationSpeed":1,"_zoom":16.125},{"_mousePosition":[683,384],"_rootPartCFrame":[746.874,229.333,38.082,-0.94,0,0.342,0,1,0,-0.342,0,-0.94],"_humanoidState":5,"_cameraCFrame":[745.492,243.143,35.66,-0.987,-0.157,0.028,0,0.174,0.985,-0.159,0.972,-0.171],"_shiftlockState":true,"_pose":"FreeFall","_animationQueue":[],"_animationSpeed":1,"_zoom":16.125},{"_mousePosition":[683,384],"_rootPartCFrame":[746.614,229.61,38.023,-0.957,0,0.289,0,1,0,-0.289,0,-0.957],"_humanoidState":5,"_cameraCFrame":[745.094,243.421,35.685,-0.995,-0.1,0.018,0,0.174,0.985,-0.102,0.98,-0.173],"_shiftlockState":true,"_pose":"FreeFall","_animationQueue":[],"_animationSpeed":1,"_zoom":16.125},{"_mousePosition":[683,384],"_rootPartCFrame":[746.285,229.88,37.967,-0.964,0,0.265,0,1,0,-0.265,0,-0.964],"_humanoidState":5,"_cameraCFrame":[744.626,243.69,35.727,-0.999,-0.04,0.007,0,0.174,0.985,-0.041,0.984,-0.174],"_shiftlockState":true,"_pose":"FreeFall","_animationQueue":[],"_animationSpeed":1,"_zoom":16.125},{"_mousePosition":[683,384],"_rootPartCFrame":[746.086,230.001,37.945,-0.99,0,0.141,0,1,0,-0.141,0,-0.99],"_humanoidState":5,"_cameraCFrame":[744.3,243.811,35.804,-1,0.017,-0.003,0,0.174,0.985,0.017,0.985,-0.174],"_shiftlockState":true,"_pose":"FreeFall","_animationQueue":[],"_animationSpeed":1,"_zoom":16.125},{"_mousePosition":[683,384],"_rootPartCFrame":[745.754,230.134,37.928,-0.989,0,0.149,0,1,0,-0.149,0,-0.989],"_humanoidState":5,"_cameraCFrame":[743.856,243.944,35.886,-0.998,0.069,-0.012,0,0.174,0.985,0.07,0.982,-0.173],"_shiftlockState":true,"_pose":"FreeFall","_animationQueue":[],"_animationSpeed":1,"_zoom":16.125},{"_mousePosition":[683,384],"_rootPartCFrame":[745.554,230.174,37.929,-1,0,0.03,0,1,0,-0.03,0,-1],"_humanoidState":5,"_cameraCFrame":[743.565,243.984,35.976,-0.993,0.114,-0.02,0,0.174,0.985,0.116,0.978,-0.172],"_shiftlockState":true,"_pose":"FreeFall","_animationQueue":[],"_animationSpeed":1,"_zoom":16.125},{"_mousePosition":[683,384],"_rootPartCFrame":[745.288,230.178,37.946,-1,0,0.017,0,1,0,-0.017,0,-1],"_humanoidState":5,"_cameraCFrame":[743.197,243.988,36.1,-0.986,0.166,-0.029,0,0.174,0.985,0.168,0.971,-0.171],"_shiftlockState":true,"_pose":"FreeFall","_animationQueue":[],"_animationSpeed":1,"_zoom":16.125},{"_mousePosition":[683,384],"_rootPartCFrame":[745.022,230.128,37.975,-0.999,0,-0.036,0,1,0,0.036,0,-0.999],"_humanoidState":5,"_cameraCFrame":[742.882,243.938,36.188,-0.981,0.193,-0.034,0,0.174,0.985,0.196,0.966,-0.17],"_shiftlockState":true,"_pose":"FreeFall","_animationQueue":[["fall",0.3]],"_animationSpeed":1,"_zoom":16.125},{"_mousePosition":[683,384],"_rootPartCFrame":[744.759,230.024,38.018,-0.998,0,-0.063,0,1,0,0.063,0,-0.998],"_humanoidState":5,"_cameraCFrame":[742.587,243.834,36.269,-0.977,0.21,-0.037,0,0.174,0.985,0.213,0.962,-0.17],"_shiftlockState":true,"_pose":"FreeFall","_animationQueue":[],"_animationSpeed":1,"_zoom":16.125},{"_mousePosi