[{"_mousePosition":[697,414],"_rootPartCFrame":[776.035,222.7,47.142,-0.002,0,1,0,1,0,-1,0,-0.002],"_humanoidState":8,"_cameraCFrame":[782.345,234.989,47.3,0.025,-0.863,0.505,0,0.505,0.863,-1,-0.022,0.013],"_shiftlockState":false,"_pose":"Standing","_animationQueue":[],"_animationSpeed":1,"_zoom":12.5},{"_mousePosition":[697,414],"_rootPartCFrame":[775.732,222.695,47.134,0.003,0,1,0,1,0,-1,0,0.003],"_humanoidState":8,"_cameraCFrame":[782.041,234.985,47.292,0.025,-0.863,0.505,0,0.505,0.863,-1,-0.022,0.013],"_shiftlockState":false,"_pose":"Standing","_animationQueue":[],"_animationSpeed":1,"_zoom":12.5},{"_mousePosition":[697,414],"_rootPartCFrame":[775.599,222.696,47.13,0.004,0,1,0,1,0,-1,0,0.004],"_humanoidState":8,"_cameraCFrame":[781.908,234.986,47.288,0.025,-0.863,0.505,0,0.505,0.863,-1,-0.022,0.013],"_shiftlockState":false,"_pose":"Running","_animationQueue":[["walk",0.1]],"_animationSpeed":1.089,"_zoom":12.5},{"_mousePosition":[697,414],"_rootPartCFrame":[775.332,222.698,47.124,0.007,0,1,0,1,0,-1,0,0.007],"_humanoidState":8,"_cameraCFrame":[781.642,234.987,47.281,0.025,-0.863,0.505,0,0.505,0.863,-1,-0.022,0.013],"_shiftlockState":false,"_pose":"Running","_animationQueue":[],"_animationSpeed":1.089,"_zoom":12.5},{"_mousePosition":[697,414],"_rootPartCFrame":[775.065,222.699,47.117,0.01,0,1,0,1,0,-1,0,0.01],"_humanoidState":8,"_cameraCFrame":[781.375,234.988,47.275,0.025,-0.863,0.505,0,0.505,0.863,-1,-0.022,0.013],"_shiftlockState":false,"_pose":"Running","_animationQueue":[],"_animationSpeed":1.089,"_zoom":12.5},{"_mousePosition":[697,414],"_rootPartCFrame":[774.799,222.699,47.11,0.012,0,1,0,1,0,-1,0,0.012],"_humanoidState":8,"_cameraCFrame":[781.109,234.989,47.268,0.025,-0.863,0.505,0,0.505,0.863,-1,-0.022,0.013],"_shiftlockState":false,"_pose":"Running","_animationQueue":[],"_animationSpeed":1.089,"_zoom":12.5},{"_mousePosition":[697,414],"_rootPartCFrame":[774.532,222.699,47.104,0.014,0,1,0,1,0,-1,0,0.014],"_humanoidState":8,"_cameraCFrame":[780.821,235.001,47.261,0.025,-0.864,0.503,0,0.503,0.864,-1,-0.022,0.013],"_shiftlockState":false,"_pose":"Running","_animationQueue":[],"_animationSpeed":1.089,"_zoom":12.5},{"_mousePosition":[697,414],"_rootPartCFrame":[774.266,222.699,47.097,0.015,0,1,0,1,0,-1,0,0.015],"_humanoidState":8,"_cameraCFrame":[780.513,235.026,47.237,0.022,-0.866,0.5,0,0.5,0.866,-1,-0.019,0.011],"_shiftlockState":false,"_pose":"Running","_animationQueue":[["walk",0.1]],"_animationSpeed":1.089,"_zoom":12.5},{"_mousePosition":[697,414],"_rootPartCFrame":[773.999,222.7,47.09,0.016,0,1,0,1,0,-1,0,0.016],"_humanoidState":8,"_cameraCFrame":[780.225,235.038,47.23,0.022,-0.867,0.498,0,0.498,0.867,-1,-0.019,0.011],"_shiftlockState":false,"_pose":"Running","_animationQueue":[],"_animationSpeed":1.089,"_zoom":12.5},{"_mousePosition":[697,414],"_rootPartCFrame":[773.732,222.7,47.084,0.017,0,1,0,1,0,-1,0,0.017],"_humanoidState":8,"_cameraCFrame":[779.895,235.074,47.223,0.022,-0.87,0.493,0,0.493,0.87,-1,-0.02,0.011],"_shiftlockState":false,"_pose":"Running","_animationQueue":[],"_animationSpeed":1.089,"_zoom":12.5},{"_mousePosition":[697,414],"_rootPartCFrame":[773.333,222.7,47.075,0.018,0,1,0,1,0,-1,0,0.018],"_humanoidState":8,"_cameraCFrame":[779.453,235.098,47.213,0.022,-0.872,0.49,0,0.49,0.872,-1,-0.02,0.011],"_shiftlockState":false,"_pose":"Running","_animationQueue":[],"_animationSpeed":1.089,"_zoom":12.5},{"_mousePosition":[697,414],"_rootPartCFrame":[773.199,222.7,47.072,0.019,0,1,0,1,0,-1,0,0.019],"_humanoidState":8,"_cameraCFrame":[779.277,235.122,47.209,0.022,-0.874,0.486,0,0.486,0.874,-1,-0.02,0.011],"_shiftlockState":false,"_pose":"Running","_animationQueue":[],"_animationSpeed":1.089,"_zoom":12.5},{"_mousePosition":[697,414],"_rootPartCFrame":[772.933,222.7,47.066,0.019,0,1,0,1,0,-1,0,0.019],"_humanoidState":8,"_cameraCFrame":[778.88,235.192,47.275,0.035,-0.879,0.476,0,0.476,0.879,-0.999,-0.031,0.017],"_shiftlockState":false,"_pose":"Running","_animationQueue":[],"_animationSpeed":1.089,"_zoom":12.5},{"_mousePosition":[697,414],"_rootPartCFrame":[772.666,222.7,47.06,0.02,0,1,0,1,0,-1,0,0.02],"_humanoidState":8,"_cameraCFrame":[778.342,235.328,47.49,0.076,-0.888,0.454,0,0.455,0.89,-0.997,-0.067,0.034],"_shiftlockState":false,"_pose":"Running","_animationQueue":[["walk",0.1]],"_animationSpeed":1.089,"_zoom":12.5},{"_mousePosition":[697,414],"_rootPartCFrame":[772.4,222.7,47.051,0.022,0,1,0,1,0,-1,0,0.022],"_humanoidState":8,"_cameraCFrame":[777.73,235.479,47.824,0.143,-0.893,0.426,0,0.431,0.902,-0.99,-0.129,0.062],"_shiftlockState":false,"_pose":"Running","_animationQueue":[],"_animationSpeed":1.089,"_zoom":12.5},{"_mousePosition":[697,414],"_rootPartCFrame":[772.134,222.7,47.032,0.028,0,1,0,1,0,-1,0,0.028],"_humanoidState":8,"_cameraCFrame":[777,235.652,48.223,0.238,-0.89,0.389,0,0.401,0.916,-0.971,-0.218,0.095],"_shiftlockState":false,"_pose":"Running","_animationQueue":[],"_animationSpeed":1.089,"_zoom":12.5},{"_mousePosition":[697,414],"_rootPartCFrame":[771.87,222.7,46.995,0.043,0,0.999,0,1,0,-0.999,0,0.043],"_humanoidState":8,"_cameraCFrame":[776.152,235.829,48.627,0.356,-0.869,0.343,0,0.367,0.93,-0.934,-0.331,0.131],"_shiftlockState":false,"_pose":"Running","_animationQueue":[],"_animationSpeed":1.089,"_zoom":12.5},{"_mousePosition":[697,414],"_rootPartCFrame":[771.61,222.7,46.934,0.068,0,0.998,0,1,0,-0.998,0,0.068],"_humanoidState":8,"_cameraCFrame":[775.184,236.007,48.949,0.491,-0.823,0.286,0,0.328,0.945,-0.871,-0.464,0.161],"_shiftlockState":false,"_pose":"Running","_animationQueue":[],"_animationSpeed":1.089,"_zoom":12.5},{"_mousePosition":[697,414],"_rootPartCFrame":[771.36,222.7,46.841,0.106,0,0.994,0,1,0,-0.994,0,0.106],"_humanoidState":8,"_cameraCFrame":[773.755,236.233,49.23,0.706,-0.682,0.192,0,0.271,0.963,-0.708,-0.68,0.191],"_shiftlockState":false,"_pose":"Running","_animationQueue":[],"_animationSpeed":1.089,"_zoom":12.5},{"_mousePosition":[697,414],"_rootPartCFrame":[770.976,222.7,46.927,0.039,0,0.999,0,1,0,-0.999,0,0.039],"_humanoidState":8,"_cameraCFrame":[772.987,236.297,49.349,0.769,-0.618,0.161,0,0.252,0.968,-0.639,-0.745,0.194],"_shiftlockState":false,"_pose":"Running","_animationQueue":[["walk",0.1]],"_animationSpeed":1.089,"_zoom":12.5},{"_mousePosition":[697,414],"_rootPartCFrame":[770.843,222.7,46.932,0.033,0,0.999,0,1,0,-0.999,0,0.033],"_humanoidState":8,"_cameraCFrame":[772.162,236.41,49.258,0.87,-0.482,0.106,0,0.214,0.977,-0.493,-0.85,0.186],"_shiftlockState":false,"_pose":"Running","_animationQueue":[],"_animationSpeed":1.089,"_zoom":12.5},{"_mousePosition":[697,414],"_rootPartCFrame":[770.578,222.7,46.911,0.039,0,0.999,0,1,0,-0.999,0,0.039],"_humanoidState":8,"_cameraCFrame":[771.361,236.497,49.014,0.937,-0.343,0.063,0,0.18,0.984,-0.349,-0.922,0.168],"_shiftlockState":false,"_pose":"Running","_animationQueue":[],"_animationSpeed":1.089,"_zoom":12.5},{"_mousePosition":[697,414],"_rootPartCFrame":[770.312,222.666,46.886,0.047,0,0.999,0,1,0,-0.999,0,0.047],"_humanoidState":8,"_cameraCFrame":[770.666,236.476,49.027,0.987,-0.161,0.028,0,0.174,0.985,-0.163,-0.972,0.171],"_shiftlockState":false,"_pose":"Running","_animationQueue":[],"_animationSpeed":1.089,"_zoom":12.5},{"_mousePosition":[697,414],"_rootPartCFrame":[769.98,222.546,46.855,0.057,0,0.998,0,1,0,-0.998,0,0.057],"_humanoidState":8,"_cameraCFrame":[770.144,236.356,49.02,0.997,-0.074,0.013,0,0.174,0.985,-0.075,-0.982,0.173],"_shiftlockState":false,"_pose":"Running","_animationQueue":[],"_animationSpeed":1.089,"_zoom":12.5},{"_mousePosition":[697,414],"_rootPartCFrame":[769.781,222.434,46.837,0.062,0,0.998,0,1,0,-0.998,0,0.062],"_humanoidState":8,"_cameraCFrame":[769.818,236.244,49.007,1,-0.017,0.003,0,0.174,0.985,-0.017,-0.985,0.174],"_shiftlockState":false,"_pose":"Running","_animationQueue":[],"_animationSpeed":1.089,"_zoom":12.5},{"_mousePosition":[697,414],"_rootPartCFrame":[769.449,222.178,46.806,0.072,0,0.997,0,1,0,-0.997,0,0.072],"_humanoidState":8,"_cameraCFrame":[769.409,235.989,48.976,1,0.018,-0.003,0,0.174,0.985,0.018,-0.985,0.174],"_shiftlockState":false,"_pose":"Running","_animationQueue":[],"_animationSpeed":1.089,"_zoom":12.5},{"_mousePosition":[697,414],"_rootPartCFrame":[769.25,221.984,46.787,0.078,0,0.997,0,1,0,-0.997,0,0.078],"_humanoidState":8,"_cameraCFrame":[769.188,235.794,48.957,1,0.028,-0.005,0,0.174,0.985,0.028,-0.984,0.174],"_shiftlockState":false,"_pose":"Running","_animationQueue":[["walk",0.1]],"_animationSpeed":1.089,"_zoom":12.5},{"_mousePosition":[697,414],"_rootPartCFrame":[768.918,223.068,46.757,0.088,0,0.996,0,1,0,-0.996,0,0.088],"_humanoidState":3,"_cameraCFrame":[768.845,236.878,48.926,0.999,0.033,-0.006,0,0.174,0.985,0.033,-0.984,0.174],"_shiftlockState":false,"_pose":"Jumping","_animationQueue":[["walk",0.1],["jump",0.1]],"_animationSpeed":1,"_zoom":12.5},{"_mousePosition":[697,414],"_rootPartCFrame":[768.718,223.679,46.748,0.087,0,0.996,0,1,0,-0.996,0,0.087],"_humanoidState":5,"_cameraCFrame":[768.645,237.49,48.918,0.999,0.033,-0.006,0,0.174,0.985,0.033,-0.984,0.174],"_shiftlockState":false,"_pose":"FreeFall","_animationQueue":[["jump",0.1]],"_animationSpeed":1,"_zoom":12.5},{"_mousePosition":[697,414],"_rootPartCFrame":[768.385,224.63,46.737,0.078,0,0.997,0,1,0,-0.997,0,0.078],"_humanoidState":5,"_cameraCFrame":[768.301,238.44,48.906,0.999,0.038,-0.007,0,0.174,0.985,0.038,-0.984,0.174],"_shiftlockState":false,"_pose":"FreeFall","_animationQueue":[],"_animationSpeed":1,"_zoom":12.5},{"_mousePosition":[697,414],"_rootPartCFrame":[768.185,225.16,46.731,0.074,0,0.997,0,1,0,-0.997,0,0.074],"_humanoidState":5,"_cameraCFrame":[768.085,238.97,48.899,0.999,0.045,-0.008,0,0.174,0.985,0.046,-0.984,0.173],"_shiftlockState":false,"_pose":"FreeFall","_animationQueue":[],"_animationSpeed":1,"_zoom":12.5},{"_mousePosition":[697,414],"_rootPartCFrame":[767.852,225.975,46.718,0.067,0,0.998,0,1,0,-0.998,0,0.067],"_humanoidState":5,"_cameraCFrame":[767.724,239.785,48.885,0.998,0.058,-0.01,0,0.174,0.985,0.059,-0.983,0.173],"_shiftlockState":false,"_pose":"FreeFall","_animationQueue":[],"_animationSpeed":1,"_zoom":12.5},{"_mousePosition":[697,414],"_rootPartCFrame":[767.652,226.423,46.709,0.065,0,0.998,0,1,0,-0.998,0,0.065],"_humanoidState":5,"_cameraCFrame":[767.503,240.233,48.875,0.998,0.068,-0.012,0,0.174,0.985,0.069,-0.982,0.173],"_shiftlockState":false,"_pose":"FreeFall","_animationQueue":[],"_animationSpeed":1,"_zoom":12.5},{"_mousePosition":[697,414],"_rootPartCFrame":[767.386,226.972,46.694,0.063,0,0.998,0,1,0,-0.998,0,0.063],"_humanoidState":5,"_cameraCFrame":[767.214,240.782,48.858,0.997,0.078,-0.014,0,0.174,0.985,0.079,-0.982,0.173],"_shiftlockState":false,"_pose":"FreeFall","_animationQueue":[],"_animationSpeed":1,"_zoom":12.5},{"_mousePosition":[697,414],"_rootPartCFrame":[767.12,227.467,46.676,0.063,0,0.998,0,1,0,-0.998,0,0.063],"_humanoidState":5,"_cameraCFrame":[766.948,241.277,48.84,0.997,0.078,-0.014,0,0.174,0.985,0.079,-0.982,0.173],"_shiftlockState":false,"_pose":"FreeFall","_animationQueue":[],"_animationSpeed":1,"_zoom":12.5},{"_mousePosition":[697,414],"_rootPartCFrame":[766.854,227.908,46.655,0.065,0,0.998,0,1,0,-0.998,0,0.065],"_humanoidState":5,"_cameraCFrame":[766.682,241.718,48.819,0.997,0.078,-0.014,0,0.174,0.985,0.079,-0.982,0.173],"_shiftlockState":false,"_pose":"FreeFall","_animationQueue":[],"_animationSpeed":1,"_zoom":12.5},{"_mousePosition":[697,414],"_rootPartCFrame":[766.588,228.294,46.634,0.067,0,0.998,0,1,0,-0.998,0,0.067],"_humanoidState":5,"_cameraCFrame":[766.428,242.104,48.799,0.997,0.073,-0.013,0,0.174,0.985,0.074,-0.982,0.173],"_shiftlockState":false,"_pose":"FreeFall","_animationQueue":[],"_animationSpeed":1,"_zoom":12.5},{"_mousePosition":[697,414],"_rootPartCFrame":[766.322,228.625,46.613,0.068,0,0.998,0,1,0,-0.998,0,0.068],"_humanoidState":5,"_cameraCFrame":[766.211,242.435,48.781,0.999,0.05,-0.009,0,0.174,0.985,0.051,-0.984,0.173],"_shiftlockState":false,"_pose":"FreeFall","_animationQueue":[],"_animationSpeed":1,"_zoom":12.5},{"_mousePosition":[697,414],"_rootPartCFrame":[766.056,228.902,46.593,0.069,0,0.998,0,1,0,-0.998,0,0.069],"_humanoidState":5,"_cameraCFrame":[766.022,242.712,48.764,1,0.015,-0.003,0,0.174,0.985,0.016,-0.985,0.174],"_shiftlockState":false,"_pose":"FreeFall","_animationQueue":[],"_animationSpeed":1,"_zoom":12.5},{"_mousePosition":[697,414],"_rootPartCFrame":[765.79,229.125,46.579,0.068,0,0.998,0,1,0,-0.998,0,0.068],"_humanoidState":5,"_cameraCFrame":[765.844,242.935,48.749,1,-0.024,0.004,0,0.174,0.985,-0.025,-0.985,0.174],"_shiftlockState":false,"_pose":"FreeFall","_animationQueue":[],"_animationSpeed":1,"_zoom":12.5},{"_mousePosition":[697,414],"_rootPartCFrame":[765.456,229.326,46.572,0.061,0,0.998,0,1,0,-0.998,0,0.061],"_humanoidState":5,"_cameraCFrame":[765.582,243.136,48.739,0.998,-0.057,0.01,0,0.174,0.985,-0.058,-0.983,0.173],"_shiftlockState":false,"_pose":"FreeFall","_animationQueue":[],"_animationSpeed":1,"_zoom":12.5},{"_mousePosition":[697,414],"_rootPartCFrame":[765.257,229.406,46.576,0.054,0,0.999,0,1,0,-0.999,0,0.054],"_humanoidState":5,"_cameraCFrame":[765.42,243.216,48.74,0.997,-0.074,0.013,0,0.174,0.985,-0.075,-0.982,0.173],"_shiftlockState":false,"_pose":"FreeFall","_animationQueue":[],"_animationSpeed":1,"_zoom":12.5},{"_mousePosition":[697,414],"_rootPartCFrame":[764.99,229.465,46.59,0.04,0,0.999,0,1,0,-0.999,0,0.04],"_humanoidState":5,"_cameraCFrame":[765.165,243.275,48.753,0.997,-0.079,0.014,0,0.174,0.985,-0.08,-0.982,0.173],"_shiftlockState":false,"_pose":"FreeFall","_animationQueue":[],"_animationSpeed":1,"_zoom":12.5},{"_mousePosition":[697,414],"_rootPartCFrame":[764.724,229.47,46.609,0.025,0,1,0,1,0,-1,0,0.025],"_humanoidState":5,"_cameraCFrame":[764.899,243.28,48.773,0.997,-0.079,0.014,0,0.174,0.985,-0.08,-0.982,0.173],"_shiftlockState":false,"_pose":"FreeFall","_animationQueue":[],"_animationSpeed":1,"_zoom":12.5},{"_mousePosition":[697,414],"_rootPartCFrame":[764.458,229.42,46.63,0.011,0,1,0,1,0,-1,0,0.011],"_humanoidState":5,"_cameraCFrame":[764.633,243.23,48.794,0.997,-0.079,0.014,0,0.174,0.985,-0.08,-0.982,0.173],"_shiftlockState":false,"_pose":"FreeFall","_animationQueue":[],"_animationSpeed":1,"_zoom":12.5},{"_mousePosition":[697,414],"_rootPartCFrame":[764.193,229.315,46.652,-0.002,0,1,0,1,0,-1,0,-0.002],"_humanoidState":5,"_cameraCFrame":[764.367,243.125,48.815,0.997,-0.079,0.014,0,0.174,0.985,-0.08,-0.982,0.173],"_shiftlockState":false,"_pose":"FreeFall","_animationQueue":[],"_animationSpeed":1,"_zoom":12.5},{"_mousePosition":[697,414],"_rootPartCFrame":[763.927,229.156,46.673,-0.013,0,1,0,1,0,-1,0,-0.013],"_humanoidState":5,"_cameraCFrame":[764.101,242.966,48.837,0.997,-0.079,0.014,0,0.174,0.985,-0.08,-0.982,0.173],"_shiftlockState":false,"_pose":"FreeFall","_animationQueue":[],"_animationSpeed":1,"_zoom":12.5},{"_mousePosition":[697,414],"_rootPartCFrame":[763.661,228.943,46.695,-0.023,0,1,0,1,0,-1,0,-0.023],"_humanoidState":5,"_cameraCFrame":[763.835,242.753,48.858,0.997,-0.079,0.014,0,0.174,0.985,-0.08,-0.982,0.173],"_shiftlockState":false,"_pose":"FreeFall","_animationQueue":[["fall",0.3]],"_animationSpeed":1,"_zoom":12.5},{"_mousePosition":[697,414],"_rootPartCFrame":[763.395,228.675,46.716,-0.031,0,1,0,1,0,-1,0,-0.031],"_humanoidState":5,"_cameraCFrame":[763.569,242.485,48.88,0.997,-0.079,0.014,0,0.174,0.985,-0.08,-0.982,0.173],"_shiftlockState":false,"_pose":"FreeFall","_animationQueue":[],"_animationSpeed":1,"_zoom":12.5},{"_mousePosition":[697,414],"_rootPartCFrame":[763.129,228.352,46.737,-0.038,0,0.999,0,1,0,-0.999,0,-0.038],"_humanoidState":5,"_cameraCFrame":[763.304,242.163,48.901,0.997,-0.079,0.014,0,0.174,0.985,-0.08,-0.982,0.173],"_shiftlockState":false,"_pose":"FreeFall","_animationQueue":[],"_animationSpeed":1,"_zoom":12.5},{"_mousePosition":[697,414],"_rootPartCFrame":[762.863,227.975,46.759,-0.044,0,0.999,0,1,0,-0.999,0,-0.044],"_humanoidState":5,"_cameraCFrame":[763.038,241.786,48.922,0.997,-0.079,0.014,0,0.174,0.985,-0.08,-0.982,0.173],"_shiftlockState":false,"_pose":"FreeFall","_animationQueue":[],"_animationSpeed":1,"_zoom":12.5},{"_mousePosition":[697,414],"_rootPartCFrame":[762.597,227.544,46.78,-0.049,0,0.999,0,1,0,-0.999,0,-0.049],"_humanoidState":5,"_cameraCFrame":[762.772,241.354,48.944,0.997,-0.079,0.014,0,0.174,0.985,-0.08,-0.982,0.173],"_shiftlockState":false,"_pose":"FreeFall","_animationQueue":[],"_animationSpeed":1,"_zoom":12.5},{"_mousePosition":[697,414],"_rootPartCFrame":[762.331,227.058,46.802,-0.053,0,0.999,0,1,0,-0.999,0,-0.053],"_humanoidState":5,"_cameraCFrame":[762.506,240.868,48.965,0.997,-0.079,0.014,0,0.174,0.985,-0.08,-0.982,0.173],"_shiftlockState":false,"_pose":"FreeFall","_animationQueue":[],"_animationSpeed":1,"_zoom":12.5},{"_mousePosition":[697,414],"_rootPartCFrame":[762.066,226.518,46.823,-0.057,0,0.998,0,1,0,-0.998,0,-0.057],"_humanoidState":5,"_cameraCFrame":[762.24,240.328,48.987,0.997,-0.079,0.014,0,0.174,0.985,-0.08,-0.982,0.173],"_shiftlockState":false,"_pose":"FreeFall","_animationQueue":[],"_animationSpeed":1,"_zoom":12.5},{"_mousePosition":[697,414],"_rootPartCFrame":[761.8,225.923,46.845,-0.06,0,0.998,0,1,0,-0.998,0,-0.06],"_humanoidState":5,"_cameraCFrame":[761.974,239.733,49.008,0.997,-0.079,0.014,0,0.174,0.985,-0.08,-0.982,0.173],"_shiftlockState":false,"_pose":"FreeFall","_animationQueue":[["fall",0.3]],"_animationSpeed":1,"_zoom":12.5},{"_mousePosition":[697,414],"_rootPartCFrame":[761.534,225.273,46.866,-0.063,0,0.998,0,1,0,-0.998,0,-0.063],"_humanoidState":5,"_cameraCFrame":[763.448,239.083,48.894,0.997,-0.077,0.014,0,0.174,0.985,-0.078,-0.982,0.173],"_shiftlockState":true,"_pose":"FreeFall","_animationQueue":[],"_animationSpeed":1,"_zoom":12.5},{"_mousePosition":[683,384],"_rootPartCFrame":[761.202,225.173,46.893,1,0,-0.017,0,1,0,0.017,0,1],"_humanoidState":7,"_cameraCFrame":[763.115,238.983,48.921,0.997,-0.077,0.014,0,0.174,0.985,-0.078,-0.982,0.173],"_shiftlockState":true,"_pose":"FreeFall","_animationQueue":[["walk",0.1],["fall",0.3],["fall",0.3]],"_animationSpeed":1,"_zoom":12.5},{"_mousePosition":[683,384],"_rootPartCFrame":[761.002,225.173,46.909,0.999,0,0.051,0,1,0,-0.051,0,0.999],"_humanoidState":7,"_cameraCFrame":[762.895,238.983,48.956,0.998,-0.067,0.012,0,0.174,0.985,-0.068,-0.983,0.173],"_shiftlockState":true,"_pose":"FreeFall","_animationQueue":[],"_animationSpeed":1,"_zoom":12.5},{"_mousePosition":[683,384],"_rootPartCFrame":[760.736,225.069,46.929,0.998,0,0.063,0,1,0,-0.063,0,0.998],"_humanoidState":8,"_cameraCFrame":[762.598,238.879,49.005,0.999,-0.052,0.009,0,0.174,0.985,-0.053,-0.983,0.173],"_shiftlockState":true,"_pose":"Running","_animationQueue":[["walk",0.1],["fall",0.3],["walk",0.1]],"_animationSpeed":1.103,"_zoom":12.5},{"_mousePosition":[683,384],"_rootPartCFrame":[760.47,224.899,46.948,0.999,0,0.053,0,1,0,-0.053,0,0.999],"_humanoidState":8,"_cameraCFrame":[762.311,238.71,49.042,0.999,-0.042,0.007,0,0.174,0.985,-0.043,-0.984,0.173],"_shiftlockState":true,"_pose":"Running","_animationQueue":[],"_animationSpeed":1.103,"_zoom":12.5},{"_mousePosition":[683,384],"_rootPartCFrame":[760.204,224.676,46.962,0.999,0,0.043,0,1,0,-0.043,0,0.999],"_humanoidState":8,"_cameraCFrame":[762.034,238.486,49.066,0.999,-0.037,0.007,0,0.174,0.985,-0.037,-0.984,0.174],"_shiftlockState":true,"_pose":"Running","_animationQueue":[],"_animationSpeed":1.103,"_zoom":12.5},{"_mousePosition":[683,384],"_rootPartCFrame":[759.938,224.644,46.974,0.999,0,0.037,0,1,0,-0.037,0,0.999],"_humanoidState":8,"_cameraCFrame":[761.768,238.455,49.077,0.999,-0.037,0.007,0,0.174,0.985,-0.037,-0.984,0.174],"_shiftlockState":true,"_pose":"Running","_animationQueue":[["walk",0.1]],"_animationSpeed":1.103,"_zoom":12.5},{"_mousePosition":[683,384],"_rootPartCFrame":[759.671,224.663,46.984,0.999,0,0.037,0,1,0,-0.037,0,0.999],"_humanoidState":8,"_cameraCFrame":[761.501,238.473,49.087,0.999,-0.037,0.007,0,0.174,0.985,-0.037,-0.984,0.174],"_shiftlockState":true,"_pose":"Running","_animationQueue":[],"_animationSpeed":1.103,"_zoom":12.5},{"_mousePosition":[683,384],"_rootPartCFrame":[759.405,224.679,46.994,0.999,0,0.037,0,1,0,-0.037,0,0.999],"_humanoidState":8,"_cameraCFrame":[761.229,238.489,49.102,0.999,-0.034,0.006,0,0.174,0.985,-0.035,-0.984,0.174],"_shiftlockState":true,"_pose":"Running","_animationQueue":[],"_animationSpeed":1.103,"_zoom":12.5},{"_mousePosition":[683,384],"_rootPartCFrame":[759.138,224.688,47.004,0.999,0,0.035,0,1,0,-0.035,0,0.999],"_humanoidState":8,"_cameraCFrame":[760.963,238.499,49.112,0.999,-0.034,0.006,0,0.174,0.985,-0.035,-0.984,0.174],"_shiftlockState":true,"_pose":"Running","_animationQueue":[],"_animationSpeed":1.103,"_zoom":12.5},{"_mousePosition":[683,384],"_rootPartCFrame":[758.872,224.694,47.013,0.999,0,0.035,0,1,0,-0.035,0,0.999],"_humanoidState":8,"_cameraCFrame":[760.686,238.504,49.13,1,-0.029,0.005,0,0.174,0.985,-0.03,-0.984,0.174],"_shiftlockState":true,"_pose":"Running","_animationQueue":[],"_animationSpeed":1.103,"_zoom":12.5},{"_mousePosition":[683,384],"_rootPartCFrame":[758.605,224.696,47.022,1,0,0.03,0,1,0,-0.03,0,1],"_humanoidState":8,"_cameraCFrame":[760.409,238.506,49.149,1,-0.024,0.004,0,0.174,0.985,-0.025,-0.985,0.174],"_shiftlockState":true,"_pose":"Running","_animationQueue":[],"_animationSpeed":1.103,"_zoom":12.5},{"_mousePosition":[683,384],"_rootPartCFrame":[758.339,224.698,47.03,1,0,0.025,0,1,0,-0.025,0,1],"_humanoidState":8,"_cameraCFrame":[760.142,238.508,49.157,1,-0.024,0.004,0,0.174,0.985,-0.025,-0.985,0.174],"_shiftlockState":true,"_pose":"Running","_animationQueue":[["walk",0.1]],"_animationSpeed":1.103,"_zoom":12.5},{"_mousePosition":[683,384],"_rootPartCFrame":[758.072,224.699,47.037,1,0,0.025,0,1,0,-0.025,0,1],"_humanoidState":8,"_cameraCFrame":[759.875,238.509,49.164,1,-0.024,0.004,0,0.174,0.985,-0.025,-0.985,0.174],"_shiftlockState":true,"_pose":"Running","_animationQueue":[],"_animationSpeed":1.103,"_zoom":12.5},{"_mousePosition":[683,384],"_rootPartCFrame":[757.805,224.699,47.044,1,0,0.025,0,1,0,-0.025,0,1],"_humanoidState":8,"_cameraCFrame":[759.603,238.509,49.175,1,-0.022,0.004,0,0.174,0.985,-0.022,-0.985,0.174],"_shiftlockState":true,"_pose":"Running","_animationQueue":[],"_animationSpeed":1.103,"_zoom":12.5},{"_mousePosition":[683,384],"_rootPartCFrame":[757.539,224.699,47.05,1,0,0.022,0,1,0,-0.022,0,1],"_humanoidState":8,"_cameraCFrame":[759.337,238.509,49.181,1,-0.022,0.004,0,0.174,0.985,-0.022,-0.985,0.174],"_shiftlockState":true,"_pose":"Running","_animationQueue":[],"_animationSpeed":1.103,"_zoom":12.5},{"_mousePosition":[683,384],"_rootPartCFrame":[757.275,224.662,47.056,1,0,0.022,0,1,0,-0.022,0,1],"_humanoidState":8,"_cameraCFrame":[759.073,238.472,49.187,1,-0.022,0.004,0,0.174,0.985,-0.022,-0.985,0.174],"_shiftlockState":true,"_pose":"Running","_animationQueue":[],"_animationSpeed":1.103,"_zoom":12.5},{"_mousePosition":[683,384],"_rootPartCFrame":[757.08,224.558,47.061,1,0,0.022,0,1,0,-0.022,0,1],"_humanoidState":8,"_cameraCFrame":[758.878,238.368,49.192,1,-0.022,0.004,0,0.174,0.985,-0.022,-0.985,0.174],"_shiftlockState":true,"_pose":"Running","_animationQueue":[],"_animationSpeed":1.103,"_zoom":12.5},{"_mousePosition":[683,384],"_rootPartCFrame":[756.89,225.431,47.065,1,0,0.022,0,1,0,-0.022,0,1],"_humanoidState":3,"_cameraCFrame":[758.688,239.241,49.196,1,-0.022,0.004,0,0.174,0.985,-0.022,-0.985,0.174],"_shiftlockState":true,"_pose":"Jumping","_animationQueue":[["walk",0.1],["jump",0.1]],"_animationSpeed":1,"_zoom":12.5},{"_mousePosition":[683,384],"_rootPartCFrame":[756.676,226.253,47.07,0.993,0,0.114,0,1,0,-0.114,0,0.993],"_humanoidState":5,"_cameraCFrame":[758.468,240.063,49.205,1,-0.019,0.003,0,0.174,0.985,-0.02,-0.985,0.174],"_shiftlockState":true,"_pose":"FreeFall","_animationQueue":[["jump",0.1]],"_animationSpeed":1,"_zoom":12.5},{"_mousePosition":[683,384],"_rootPartCFrame":[756.422,227.021,47.075,0.989,0,0.148,0,1,0,-0.148,0,0.989],"_humanoidState":5,"_cameraCFrame":[758.215,240.831,49.211,1,-0.019,0.003,0,0.174,0.985,-0.02,-0.985,0.174],"_shiftlockState":true,"_pose":"FreeFall","_animationQueue":[],"_animationSpeed":1,"_zoom":12.5},{"_mousePosition":[683,384],"_rootPartCFrame":[756.156,227.734,47.081,0.988,0,0.152,0,1,0,-0.152,0,0.988],"_humanoidState":5,"_cameraCFrame":[757.949,241.544,49.216,1,-0.019,0.003,0,0.174,0.985,-0.02,-0.985,0.174],"_shiftlockState":true,"_pose":"FreeFall","_animationQueue":[],"_animationSpeed":1,"_zoom":12.5},{"_mousePosition":[683,384],"_rootPartCFrame":[755.89,228.392,47.086,0.988,0,0.152,0,1,0,-0.152,0,0.988],"_humanoidState":5,"_cameraCFrame":[757.682,242.202,49.221,1,-0.019,0.003,0,0.174,0.985,-0.02,-0.985,0.174],"_shiftlockState":true,"_pose":"FreeFall","_animationQueue":[],"_animationSpeed":1,"_zoom":12.5},{"_mousePosition":[683,384],"_rootPartCFrame":[755.623,228.996,47.091,0.988,0,0.152,0,1,0,-0.152,0,0.988],"_humanoidState":5,"_cameraCFrame":[757.415,242.806,49.227,1,-0.019,0.003,0,0.174,0.985,-0.02,-0.985,0.174],"_shiftlockState":true,"_pose":"FreeFall","_animationQueue":[],"_animationSpeed":1,"_zoom":12.5},{"_mousePosition":[683,384],"_rootPartCFrame":[755.356,229.546,47.096,0.988,0,0.152,0,1,0,-0.152,0,0.988],"_humanoidState":5,"_cameraCFrame":[757.149,243.356,49.232,1,-0.019,0.003,0,0.174,0.985,-0.02,-0.985,0.174],"_shiftlockState":true,"_pose":"FreeFall","_animationQueue":[],"_animationSpeed":1,"_zoom":12.5},{"_mousePosition":[683,384],"_rootPartCFrame":[755.09,230.041,47.102,0.988,0,0.152,0,1,0,-0.152,0,0.988],"_humanoidState":5,"_cameraCFrame":[756.882,243.851,49.237,1,-0.019,0.003,0,0.174,0.985,-0.02,-0.985,0.174],"_shiftlockState":true,"_pose":"FreeFall","_animationQueue":[],"_animationSpeed":1,"_zoom":12.5},{"_mousePosition":[683,384],"_rootPartCFrame":[754.823,230.481,47.107,0.988,0,0.152,0,1,0,-0.152,0,0.988],"_humanoidState":5,"_cameraCFrame":[756.61,244.291,49.247,1,-0.017,0.003,0,0.174,0.985,-0.017,-0.985,0.174],"_shiftlockState":true,"_pose":"FreeFall","_animationQueue":[],"_animationSpeed":1,"_zoom":12.5},{"_mousePosition":[683,384],"_rootPartCFrame":[754.557,230.867,47.112,0.989,0,0.15,0,1,0,-0.15,0,0.989],"_humanoidState":5,"_cameraCFrame":[756.344,244.677,49.252,1,-0.017,0.003,0,0.174,0.985,-0.017,-0.985,0.174],"_shiftlockState":true,"_pose":"FreeFall","_animationQueue":[],"_animationSpeed":1,"_zoom":12.5},{"_mousePosition":[683,384],"_rootPartCFrame":[754.29,231.199,47.117,0.989,0,0.15,0,1,0,-0.15,0,0.989],"_humanoidState":5,"_cameraCFrame":[756.072,245.009,49.262,1,-0.014,0.003,0,0.174,0.985,-0.015,-0.985,0.174],"_shiftlockState":true,"_pose":"FreeFall","_animationQueue":[],"_animationSpeed":1,"_zoom":12.5},{"_mousePosition":[683,384],"_rootPartCFrame":[754.023,231.476,47.121,0.989,0,0.147,0,1,0,-0.147,0,0.989],"_humanoidState":5,"_cameraCFrame":[755.805,245.286,49.266,1,-0.014,0.003,0,0.174,0.985,-0.015,-0.985,0.174],"_shiftlockState":true,"_pose":"FreeFall","_animationQueue":[],"_animationSpeed":1,"_zoom":12.5},{"_mousePosition":[683,384],"_rootPartCFrame":[753.69,231.745,47.126,0.984,0,0.18,0,1,0,-0.18,0,0.984],"_humanoidState":5,"_cameraCFrame":[755.472,245.556,49.271,1,-0.014,0.003,0,0.174,0.985,-0.015,-0.985,0.174],"_shiftlockState":true,"_pose":"FreeFall","_animationQueue":[],"_animationSpeed":1,"_zoom":12.5},{"_mousePosition":[683,384],"_rootPartCFrame":[753.424,231.9,47.13,0.989,0,0.147,0,1,0,-0.147,0,0.989],"_humanoidState":5,"_cameraCFrame":[755.205,245.71,49.275,1,-0.014,0.003,0,0.174,0.985,-0.015,-0.985,0.174],"_shiftlockState":true,"_pose":"FreeFall","_animationQueue":[],"_animationSpeed":1,"_zoom":12.5},{"_mousePosition":[683,384],"_rootPartCFrame":[753.224,231.98,47.133,0.993,0,0.114,0,1,0,-0.114,0,0.993],"_humanoidState":5,"_cameraCFrame":[755.005,245.79,49.278,1,-0.014,0.003,0,0.174,0.985,-0.015,-0.985,0.174],"_shiftlockState":true,"_pose":"FreeFall","_animationQueue":[],"_animationSpeed":1,"_zoom":12.5},{"_mousePosition":[683,384],"_rootPartCFrame":[752.957,232.039,47.137,0.989,0,0.147,0,1,0,-0.147,0,0.989],"_humanoidState":5,"_cameraCFrame":[754.739,245.849,49.282,1,-0.014,0.003,0,0.174,0.985,-0.015,-0.985,0.174],"_shiftlockState":true,"_pose":"FreeFall","_animationQueue":[],"_animationSpeed":1,"_zoom":12.5},{"_mousePosition":[683,384],"_rootPartCFrame":[752.69,232.043,47.141,0.989,0,0.147,0,1,0,-0.147,0,0.989],"_humanoidState":5,"_cameraCFrame":[754.472,245.854,49.286,1,-0.014,0.003,0,0.174,0.985,-0.015,-0.985,0.174],"_shiftlockState":true,"_pose":"FreeFall","_animationQueue":[],"_animationSpeed":1,"_zoom":12.5},{"_mousePosition":[683,384],"_rootPartCFrame":[752.424,231.993,47.145,0.989,0,0.147,0,1,0,-0.147,0,0.989],"_humanoidState":5,"_cameraCFrame":[754.205,245.804,49.29,1,-0.014,0.003,0,0.174,0.985,-0.015,-0.985,0.174],"_shiftlockState":true,"_pose":"FreeFall","_animationQueue":[],"_animationSpeed":1,"_zoom":12.5},{"_mousePosition":[683,384],"_rootPartCFrame":[752.157,231.889,47.149,0.989,0,0.147,0,1,0,-0.147,0,0.989],"_humanoidState":5,"_cameraCFrame":[753.939,245.699,49.294,1,-0.014,0.003,0,0.174,0.985,-0.015,-0.985,0.174],"_shiftlockState":true,"_pose":"FreeFall","_animationQueue":[],"_animationSpeed":1,"_zoom":12.5},{"_mousePosition":[683,384],"_rootPartCFrame":[751.891,231.73,47.153,0.989,0,0.147,0,1,0,-0.147,0,0.989],"_humanoidState":5,"_cameraCFrame":[753.672,245.54,49.298,1,-0.014,0.003,0,0.174,0.985,-0.015,-0.985,0.174],"_shiftlockState":true,"_pose":"FreeFall","_animationQueue":[],"_animationSpeed":1,"_zoom":12.5},{"_mousePosition":[683,384],"_rootPartCFrame":[751.624,231.517,47.157,0.989,0,0.147,0,1,0,-0.147,0,0.989],"_humanoidState":5,"_cameraCFrame":[753.411,245.327,49.297,1,-0.017,0.003,0,0.174,0.985,-0.017,-0.985,0.174],"_shiftlockState":true,"_pose":"FreeFall","_animationQueue":[["fall",0.3]],"_animationSpeed":1,"_zoom":12.5},{"_mousePosition":[683,384],"_rootPartCFrame":[751.357,231.249,47.161,0.989,0,0.15,0,1,0,-0.15,0,0.989],"_humanoidState":5,"_cameraCFrame":[753.166,245.059,49.283,1,-0.027,0.005,0,0.174,0.985,-0.027,-0.984,0.174],"_shiftlockState":true,"_pose":"FreeFall","_animationQueue":[],"_animationSpeed":1,"_zoom":12.5},{"_mousePosition":[683,384],"_rootPartCFrame":[751.091,230.926,47.165,0.987,0,0.16,0,1,0,-0.16,0,0.987],"_humanoidState":5,"_cameraCFrame":[752.91,244.736,49.278,0.999,-0.032,0.006,0,0.174,0.985,-0.032,-0.984,0.174],"_shiftlockState":true,"_pose":"FreeFall","_animationQueue":[],"_animationSpeed":1,"_zoom":12.5},{"_mousePosition":[683,384],"_rootPartCFrame":[750.824,230.549,47.172,0.986,0,0.165,0,1,0,-0.165,0,0.986],"_humanoidState":5,"_cameraCFrame":[752.649,244.359,49.28,0.999,-0.034,0.006,0,0.174,0.985,-0.035,-0.984,0.174],"_shiftlockState":true,"_pose":"FreeFall","_animationQueue":[],"_animationSpeed":1,"_zoom":12.5},{"_mousePosition":[683,384],"_rootPartCFrame":[750.558,230.118,47.181,0.986,0,0.167,0,1,0,-0.167,0,0.986],"_humanoidState":5,"_cameraCFrame":[752.382,243.928,49.289,0.999,-0.034,0.006,0,0.174,0.985,-0.035,-0.984,0.174],"_shiftlockState":true,"_pose":"FreeFall","_animationQueue":[],"_animationSpeed":1,"_zoom":12.5},{"_mousePosition":[683,384],"_rootPartCFrame":[750.291,229.632,47.19,0.986,0,0.167,0,1,0,-0.167,0,0.986],"_humanoidState":5,"_cameraCFrame":[752.116,243.442,49.298,0.999,-0.034,0.006,0,0.174,0.985,-0.035,-0.984,0.174],"_shiftlockState":true,"_pose":"FreeFall","_animationQueue":[],"_animationSpeed":1,"_zoom":12.5},{"_mousePosition":[683,384],"_rootPartCFrame":[750.024,229.091,47.199,0.986,0,0.167,0,1,0,-0.167,0,0.986],"_humanoidState":5,"_cameraCFrame":[751.849,242.901,49.307,0.999,-0.034,0.006,0,0.174,0.985,-0.035,-0.984,0.174],"_shiftlockState":true,"_pose":"FreeFall","_animationQueue":[],"_animationSpeed":1,"_zoom":12.5},{"_mousePosition":[683,384],"_rootPartCFrame":[749.811,229.009,47.207,0.998,0,0.07,0,1,0,-0.07,0,0.998],"_humanoidState":7,"_cameraCFrame":[751.636,242.819,49.315,0.999,-0.034,0.006,0,0.174,0.985,-0.035,-0.984,0.174],"_shiftlockState":true,"_pose":"FreeFall","_animationQueue":[["fall",0.3],["walk",0.1],["fall",0.3],["fall",0.3]],"_animationSpeed":1,"_zoom":12.5},{"_mousePosition":[683,384],"_rootPartCFrame":[749.607,229.007,47.214,0.999,0,0.037,0,1,0,-0.037,0,0.999],"_humanoidState":7,"_cameraCFrame":[751.426,242.817,49.326,0.999,-0.032,0.006,0,0.174,0.985,-0.032,-0.984,0.174],"_shiftlockState":true,"_pose":"FreeFall","_animationQueue":[],"_animationSpeed":1,"_zoom":12.5},{"_mousePosition":[683,384],"_rootPartCFrame":[749.402,229.007,47.221,0.999,0,0.033,0,1,0,-0.033,0,0.999],"_humanoidState":8,"_cameraCFrame":[751.201,242.813,49.376,1,-0.022,0.004,0,0.176,0.984,-0.022,-0.984,0.176],"_shiftlockState":true,"_pose":"Running","_animationQueue":[["walk",0.1],["fall",0.3],["walk",0.1]],"_animationSpeed":0.846,"_zoom":12.5},{"_mousePosition":[683,384],"_rootPartCFrame":[749.198,229.007,47.228,1,0,0.022,0,1,0,-0.022,0,1],"_humanoidState":8,"_cameraCFrame":[750.975,242.804,49.449,1,-0.012,0.002,0,0.179,0.984,-0.012,-0.984,0.179],"_shiftlockState":true,"_pose":"Running","_animationQueue":[],"_animationSpeed":0.846,"_zoom":12.5},{"_mousePosition":[683,384],"_rootPartCFrame":[748.994,229.007,47.232,1,0,0.012,0,1,0,-0.012,0,1],"_humanoidState":8,"_cameraCFrame":[750.743,242.8,49.5,1,0,0,0,0.181,0.983,0,-0.983,0.181],"_shiftlockState":true,"_pose":"Running","_animationQueue":[],"_animationSpeed":0.846,"_zoom":12.5},{"_mousePosition":[683,384],"_rootPartCFrame":[748.79,229.007,47.235,1,0,-0.001,0,1,0,0.001,0,1],"_humanoidState":8,"_cameraCFrame":[750.515,242.795,49.544,1,0.01,-0.002,0,0.183,0.983,0.011,-0.983,0.183],"_shiftlockState":true,"_pose":"Running","_animationQueue":[],"_animationSpeed":0.846,"_zoom":12.5},{"_mousePosition":[683,384],"_rootPartCFrame":[748.586,229.007,47.235,1,0,-0.011,0,1,0,0.011,0,1],"_humanoidState":8,"_cameraCFrame":[750.287,242.791,49.585,1,0.02,-0.004,0,0.185,0.983,0.021,-0.982,0.185],"_shiftlockState":true,"_pose":"Running","_animationQueue":[],"_animationSpeed":0.846,"_zoom":12.5},{"_mousePosition":[683,384],"_rootPartCFrame":[748.381,229.031,47.233,1,0,-0.021,0,1,0,0.021,0,1],"_humanoidState":8,"_cameraCFrame":[750.064,242.806,49.644,1,0.028,-0.005,0,0.189,0.982,0.028,-0.982,0.189],"_shiftlockState":true,"_pose":"Running","_animationQueue":[["walk",0.1]],"_animationSpeed":0.846,"_zoom":12.5},{"_mousePosition":[683,384],"_rootPartCFrame":[748.177,229.111,47.229,1,0,-0.028,0,1,0,0.028,0,1],"_humanoidState":8,"_cameraCFrame":[749.859,242.885,49.64,1,0.028,-0.005,0,0.189,0.982,0.028,-0.982,0.189],"_shiftlockState":true,"_pose":"Running","_animationQueue":[],"_animationSpeed":0.846,"_zoom":12.5},{"_mousePosition":[683,384],"_rootPartCFrame":[747.973,229.984,47.225,1,0,-0.028,0,1,0,0.028,0,1],"_humanoidState":3,"_cameraCFrame":[749.655,243.759,49.636,1,0.028,-0.005,0,0.189,0.982,0.028,-0.982,0.189],"_shiftlockState":true,"_pose":"Jumping","_animationQueue":[["walk",0.1],["jump",0.1]],"_animationSpeed":1,"_zoom":12.5},{"_mousePosition":[683,384],"_rootPartCFrame":[747.744,230.806,47.219,0.998,0,0.064,0,1,0,-0.064,0,0.998],"_humanoidState":5,"_cameraCFrame":[749.426,244.581,49.63,1,0.028,-0.005,0,0.189,0.982,0.028,-0.982,0.189],"_shiftlockState":true,"_pose":"FreeFall","_animationQueue":[["jump",0.1]],"_animationSpeed":1,"_zoom":12.5},{"_mousePosition":[683,384],"_rootPartCFrame":[747.482,231.573,47.212,0.995,0,0.1,0,1,0,-0.1,0,0.995],"_humanoidState":5,"_cameraCFrame":[749.164,245.348,49.623,1,0.028,-0.005,0,0.189,0.982,0.028,-0.982,0.189],"_shiftlockState":true,"_pose":"FreeFall","_animationQueue":[],"_animationSpeed":1,"_zoom":12.5},{"_mousePosition":[683,384],"_rootPartCFrame":[747.216,232.286,47.204,0.995,0,0.104,0,1,0,-0.104,0,0.995],"_humanoidState":5,"_cameraCFrame":[748.898,246.061,49.615,1,0.028,-0.005,0,0.189,0.982,0.028,-0.982,0.189],"_shiftlockState":true,"_pose":"FreeFall","_animationQueue":[],"_animationSpeed":1,"_zoom":12.5},{"_mousePosition":[683,384],"_rootPartCFrame":[746.949,232.945,47.197,0.995,0,0.105,0,1,0,-0.105,0,0.995],"_humanoidState":5,"_cameraCFrame":[748.631,246.72,49.608,1,0.028,-0.005,0,0.189,0.982,0.028,-0.982,0.189],"_shiftlockState":true,"_pose":"FreeFall","_animationQueue":[],"_animationSpeed":1,"_zoom":12.5},{"_mousePosition":[683,384],"_rootPartCFrame":[746.682,233.549,47.189,0.995,0,0.105,0,1,0,-0.105,0,0.995],"_humanoidState":5,"_cameraCFrame":[748.365,247.324,49.6,1,0.028,-0.005,0,0.189,0.982,0.028,-0.982,0.189],"_shiftlockState":true,"_pose":"FreeFall","_animationQueue":[],"_animationSpeed":1,"_zoom":12.5},{"_mousePosition":[683,384],"_rootPartCFrame":[746.416,234.098,47.182,0.995,0,0.105,0,1,0,-0.105,0,0.995],"_humanoidState":5,"_cameraCFrame":[748.098,247.873,49.593,1,0.028,-0.005,0,0.189,0.982,0.028,-0.982,0.189],"_shiftlockState":true,"_pose":"FreeFall","_animationQueue":[],"_animationSpeed":1,"_zoom":12.5},{"_mousePosition":[683,384],"_rootPartCFrame":[746.149,234.593,47.174,0.995,0,0.105,0,1,0,-0.105,0,0.995],"_humanoidState":5,"_cameraCFrame":[747.832,248.368,49.585,1,0.028,-0.005,0,0.189,0.982,0.028,-0.982,0.189],"_shiftlockState":true,"_pose":"FreeFall","_animationQueue":[],"_animationSpeed":1,"_zoom":12.5},{"_mousePosition":[683,384],"_rootPartCFrame":[745.883,235.034,47.167,0.995,0,0.105,0,1,0,-0.105,0,0.995],"_humanoidState":5,"_cameraCFrame":[747.565,248.809,49.577,1,0.028,-0.005,0,0.189,0.982,0.028,-0.982,0.189],"_shiftlockState":true,"_pose":"FreeFall","_animationQueue":[],"_animationSpeed":1,"_zoom":12.5},{"_mousePosition":[683,384],"_rootPartCFrame":[745.616,235.42,47.159,0.995,0,0.105,0,1,0,-0.105,0,0.995],"_humanoidState":5,"_cameraCFrame":[747.298,249.195,49.57,1,0.028,-0.005,0,0.189,0.982,0.028,-0.982,0.189],"_shiftlockState":true,"_pose":"FreeFall","_animationQueue":[],"_animationSpeed":1,"_zoom":12.5},{"_mousePosition":[683,384],"_rootPartCFrame":[745.349,235.752,47.151,0.995,0,0.105,0,1,0,-0.105,0,0.995],"_humanoidState":5,"_cameraCFrame":[747.032,249.526,49.562,1,0.028,-0.005,0,0.189,0.982,0.028,-0.982,0.189],"_shiftlockState":true,"_pose":"FreeFall","_animationQueue":[],"_animationSpeed":1,"_zoom":12.5},{"_mousePosition":[683,384],"_rootPartCFrame":[745.083,236.029,47.144,0.995,0,0.105,0,1,0,-0.105,0,0.995],"_humanoidState":5,"_cameraCFrame":[746.765,249.803,49.555,1,0.028,-0.005,0,0.189,0.982,0.028,-0.982,0.189],"_shiftlockState":true,"_pose":"FreeFall","_animationQueue":[],"_animationSpeed":1,"_zoom":12.5},{"_mousePosition":[683,384],"_rootPartCFrame":[744.816,236.251,47.136,0.995,0,0.105,0,1,0,-0.105,0,0.995],"_humanoidState":5,"_cameraCFrame":[746.517,250.026,49.534,1,0.02,-0.004,0,0.189,0.982,0.021,-0.982,0.189],"_shiftlockState":true,"_pose":"FreeFall","_animationQueue":[],"_animationSpeed":1,"_zoom":12.5},{"_mousePosition":[683,384],"_rootPartCFrame":[744.55,236.419,47.129,0.994,0,0.112,0,1,0,-0.112,0,0.994],"_humanoidState":5,"_cameraCFrame":[746.274,250.194,49.51,1,0.01,-0.002,0,0.189,0.982,0.011,-0.982,0.189],"_shiftlockState":true,"_pose":"FreeFall","_animationQueue":[],"_animationSpeed":1,"_zoom":12.5},{"_mousePosition":[683,384],"_rootPartCFrame":[744.283,236.533,47.123,0.992,0,0.122,0,1,0,-0.122,0,0.992],"_humanoidState":5,"_cameraCFrame":[746.032,250.307,49.486,1,0,0,0,0.189,0.982,0,-0.982,0.189],"_shiftlockState":true,"_pose":"FreeFall","_animationQueue":[],"_animationSpeed":1,"_zoom":12.5},{"_mousePosition":[683,384],"_rootPartCFrame":[744.016,236.592,47.12,0.991,0,0.132,0,1,0,-0.132,0,0.991],"_humanoidState":5,"_cameraCFrame":[745.789,250.366,49.465,1,-0.009,0.002,0,0.189,0.982,-0.01,-0.982,0.189],"_shiftlockState":true,"_pose":"FreeFall","_animationQueue":[],"_animationSpeed":1,"_zoom":12.5},{"_mousePosition":[683,384],"_rootPartCFrame":[743.75,236.596,47.119,0.99,0,0.142,0,1,0,-0.142,0,0.99],"_humanoidState":5,"_cameraCFrame":[745.54,250.375,49.427,1,-0.017,0.003,0,0.187,0.982,-0.017,-0.982,0.187],"_shiftlockState":true,"_pose":"FreeFall","_animationQueue":[],"_animationSpeed":1,"_zoom":12.5},{"_mousePosition":[683,384],"_rootPartCFrame":[743.483,236.546,47.121,0.989,0,0.15,0,1,0,-0.15,0,0.989],"_humanoidState":5,"_cameraCFrame":[745.279,250.33,49.401,1,-0.019,0.004,0,0.185,0.983,-0.02,-0.983,0.185],"_shiftlockState":true,"_pose":"FreeFall","_animationQueue":[],"_animationSpeed":1,"_zoom":12.5},{"_mousePosition":[683,384],"_rootPartCFrame":[743.217,236.442,47.126,0.988,0,0.152,0,1,0,-0.