[{"_mousePosition":[540,357],"_rootPartCFrame":[776.028,222.7,47.142,0,0,1,0,1,0,-1,0,0],"_humanoidState":8,"_cameraCFrame":[776.37,236.51,44.999,-0.988,-0.155,0.027,0,0.174,0.985,-0.158,0.973,-0.171],"_shiftlockState":false,"_pose":"Standing","_animationQueue":[],"_animationSpeed":1,"_zoom":12.5},{"_mousePosition":[540,357],"_rootPartCFrame":[775.728,222.7,47.095,0.026,0,1,0,1,0,-1,0,0.026],"_humanoidState":8,"_cameraCFrame":[776.07,236.51,44.951,-0.988,-0.155,0.027,0,0.174,0.985,-0.158,0.973,-0.171],"_shiftlockState":false,"_pose":"Standing","_animationQueue":[],"_animationSpeed":1,"_zoom":12.5},{"_mousePosition":[540,357],"_rootPartCFrame":[775.465,222.7,47.053,0.044,0,0.999,0,1,0,-0.999,0,0.044],"_humanoidState":8,"_cameraCFrame":[775.807,236.51,44.909,-0.988,-0.155,0.027,0,0.174,0.985,-0.158,0.973,-0.171],"_shiftlockState":false,"_pose":"Running","_animationQueue":[["walk",0.1]],"_animationSpeed":1.089,"_zoom":12.5},{"_mousePosition":[540,357],"_rootPartCFrame":[775.333,222.7,47.032,0.052,0,0.999,0,1,0,-0.999,0,0.052],"_humanoidState":8,"_cameraCFrame":[775.675,236.51,44.888,-0.988,-0.155,0.027,0,0.174,0.985,-0.158,0.973,-0.171],"_shiftlockState":false,"_pose":"Running","_animationQueue":[],"_animationSpeed":1.089,"_zoom":12.5},{"_mousePosition":[540,357],"_rootPartCFrame":[775.07,222.7,46.99,0.066,0,0.998,0,1,0,-0.998,0,0.066],"_humanoidState":8,"_cameraCFrame":[775.412,236.51,44.846,-0.988,-0.155,0.027,0,0.174,0.985,-0.158,0.973,-0.171],"_shiftlockState":false,"_pose":"Running","_animationQueue":[],"_animationSpeed":1.089,"_zoom":12.5},{"_mousePosition":[540,357],"_rootPartCFrame":[774.807,222.7,46.948,0.079,0,0.997,0,1,0,-0.997,0,0.079],"_humanoidState":8,"_cameraCFrame":[775.154,236.51,44.805,-0.987,-0.158,0.028,0,0.174,0.985,-0.16,0.972,-0.171],"_shiftlockState":false,"_pose":"Running","_animationQueue":[["walk",0.1]],"_animationSpeed":1.089,"_zoom":12.5},{"_mousePosition":[540,357],"_rootPartCFrame":[774.544,222.7,46.906,0.089,0,0.996,0,1,0,-0.996,0,0.089],"_humanoidState":8,"_cameraCFrame":[774.907,236.51,44.766,-0.986,-0.165,0.029,0,0.174,0.985,-0.168,0.971,-0.171],"_shiftlockState":false,"_pose":"Running","_animationQueue":[],"_animationSpeed":1.089,"_zoom":12.5},{"_mousePosition":[540,357],"_rootPartCFrame":[774.28,222.7,46.863,0.099,0,0.995,0,1,0,-0.995,0,0.099],"_humanoidState":8,"_cameraCFrame":[774.666,236.51,44.727,-0.984,-0.175,0.031,0,0.174,0.985,-0.178,0.969,-0.171],"_shiftlockState":false,"_pose":"Running","_animationQueue":[],"_animationSpeed":1.089,"_zoom":12.5},{"_mousePosition":[540,357],"_rootPartCFrame":[774.017,222.7,46.818,0.108,0,0.994,0,1,0,-0.994,0,0.108],"_humanoidState":8,"_cameraCFrame":[774.435,236.51,44.688,-0.981,-0.19,0.033,0,0.174,0.985,-0.192,0.966,-0.17],"_shiftlockState":false,"_pose":"Running","_animationQueue":[],"_animationSpeed":1.089,"_zoom":12.5},{"_mousePosition":[540,357],"_rootPartCFrame":[773.755,222.7,46.771,0.117,0,0.993,0,1,0,-0.993,0,0.117],"_humanoidState":8,"_cameraCFrame":[774.216,236.51,44.65,-0.977,-0.209,0.037,0,0.174,0.985,-0.212,0.962,-0.17],"_shiftlockState":false,"_pose":"Running","_animationQueue":[],"_animationSpeed":1.089,"_zoom":12.5},{"_mousePosition":[540,357],"_rootPartCFrame":[773.493,222.7,46.72,0.127,0,0.992,0,1,0,-0.992,0,0.127],"_humanoidState":8,"_cameraCFrame":[774.018,236.51,44.614,-0.97,-0.238,0.042,0,0.174,0.985,-0.242,0.956,-0.168],"_shiftlockState":false,"_pose":"Running","_animationQueue":[],"_animationSpeed":1.089,"_zoom":12.5},{"_mousePosition":[540,357],"_rootPartCFrame":[773.232,222.7,46.664,0.139,0,0.99,0,1,0,-0.99,0,0.139],"_humanoidState":8,"_cameraCFrame":[773.779,236.51,44.563,-0.968,-0.248,0.044,0,0.174,0.985,-0.252,0.953,-0.168],"_shiftlockState":false,"_pose":"Running","_animationQueue":[["walk",0.1]],"_animationSpeed":1.089,"_zoom":12.5},{"_mousePosition":[540,357],"_rootPartCFrame":[772.974,222.7,46.6,0.152,0,0.988,0,1,0,-0.988,0,0.152],"_humanoidState":8,"_cameraCFrame":[773.552,236.51,44.508,-0.964,-0.262,0.046,0,0.174,0.985,-0.266,0.949,-0.167],"_shiftlockState":false,"_pose":"Running","_animationQueue":[],"_animationSpeed":1.089,"_zoom":12.5},{"_mousePosition":[540,357],"_rootPartCFrame":[772.715,222.7,46.533,0.166,0,0.986,0,1,0,-0.986,0,0.166],"_humanoidState":8,"_cameraCFrame":[773.32,236.51,44.449,-0.96,-0.274,0.048,0,0.174,0.985,-0.278,0.946,-0.167],"_shiftlockState":false,"_pose":"Running","_animationQueue":[],"_animationSpeed":1.089,"_zoom":12.5},{"_mousePosition":[540,357],"_rootPartCFrame":[772.458,222.7,46.463,0.179,0,0.984,0,1,0,-0.984,0,0.179],"_humanoidState":8,"_cameraCFrame":[773.063,236.51,44.378,-0.96,-0.274,0.048,0,0.174,0.985,-0.278,0.946,-0.167],"_shiftlockState":false,"_pose":"Running","_animationQueue":[],"_animationSpeed":1.089,"_zoom":12.5},{"_mousePosition":[540,357],"_rootPartCFrame":[772.202,222.7,46.389,0.193,0,0.981,0,1,0,-0.981,0,0.193],"_humanoidState":8,"_cameraCFrame":[771.126,236.51,43.817,-0.96,-0.274,0.048,0,0.174,0.985,-0.278,0.946,-0.167],"_shiftlockState":true,"_pose":"Running","_animationQueue":[],"_animationSpeed":1.089,"_zoom":12.5},{"_mousePosition":[683,384],"_rootPartCFrame":[771.946,222.7,46.314,-0.981,0,0.193,0,1,0,-0.193,0,-0.981],"_humanoidState":8,"_cameraCFrame":[770.87,236.51,43.742,-0.96,-0.274,0.048,0,0.174,0.985,-0.278,0.946,-0.167],"_shiftlockState":true,"_pose":"Running","_animationQueue":[],"_animationSpeed":1.089,"_zoom":12.5},{"_mousePosition":[683,384],"_rootPartCFrame":[771.69,222.7,46.24,-0.963,0,0.27,0,1,0,-0.27,0,-0.963],"_humanoidState":8,"_cameraCFrame":[770.614,236.51,43.668,-0.96,-0.274,0.048,0,0.174,0.985,-0.278,0.946,-0.167],"_shiftlockState":true,"_pose":"Running","_animationQueue":[],"_animationSpeed":1.089,"_zoom":12.5},{"_mousePosition":[683,384],"_rootPartCFrame":[771.434,222.7,46.166,-0.961,0,0.278,0,1,0,-0.278,0,-0.961],"_humanoidState":8,"_cameraCFrame":[770.358,236.51,43.594,-0.96,-0.274,0.048,0,0.174,0.985,-0.278,0.946,-0.167],"_shiftlockState":true,"_pose":"Running","_animationQueue":[["walk",0.1]],"_animationSpeed":1.089,"_zoom":12.5},{"_mousePosition":[683,384],"_rootPartCFrame":[771.178,223.573,46.092,-0.96,0,0.278,0,1,0,-0.278,0,-0.96],"_humanoidState":3,"_cameraCFrame":[770.101,237.383,43.52,-0.96,-0.274,0.048,0,0.174,0.985,-0.278,0.946,-0.167],"_shiftlockState":true,"_pose":"Jumping","_animationQueue":[["walk",0.1],["jump",0.1]],"_animationSpeed":1,"_zoom":12.5},{"_mousePosition":[683,384],"_rootPartCFrame":[770.922,224.395,46.017,-0.931,0,0.366,0,1,0,-0.366,0,-0.931],"_humanoidState":5,"_cameraCFrame":[769.845,238.205,43.445,-0.96,-0.274,0.048,0,0.174,0.985,-0.278,0.946,-0.167],"_shiftlockState":true,"_pose":"FreeFall","_animationQueue":[["jump",0.1]],"_animationSpeed":1,"_zoom":12.5},{"_mousePosition":[683,384],"_rootPartCFrame":[770.666,225.162,45.943,-0.917,0,0.399,0,1,0,-0.399,0,-0.917],"_humanoidState":5,"_cameraCFrame":[769.602,238.972,43.366,-0.959,-0.279,0.049,0,0.174,0.985,-0.283,0.944,-0.167],"_shiftlockState":true,"_pose":"FreeFall","_animationQueue":[],"_animationSpeed":1,"_zoom":12.5},{"_mousePosition":[683,384],"_rootPartCFrame":[770.409,225.875,45.869,-0.913,0,0.408,0,1,0,-0.408,0,-0.913],"_humanoidState":5,"_cameraCFrame":[769.346,239.685,43.291,-0.959,-0.279,0.049,0,0.174,0.985,-0.283,0.944,-0.167],"_shiftlockState":true,"_pose":"FreeFall","_animationQueue":[],"_animationSpeed":1,"_zoom":12.5},{"_mousePosition":[683,384],"_rootPartCFrame":[770.154,226.534,45.793,-0.913,0,0.408,0,1,0,-0.408,0,-0.913],"_humanoidState":5,"_cameraCFrame":[769.097,240.344,43.213,-0.958,-0.281,0.05,0,0.174,0.985,-0.286,0.944,-0.166],"_shiftlockState":true,"_pose":"FreeFall","_animationQueue":[],"_animationSpeed":1,"_zoom":12.5},{"_mousePosition":[683,384],"_rootPartCFrame":[769.898,227.138,45.718,-0.912,0,0.411,0,1,0,-0.411,0,-0.912],"_humanoidState":5,"_cameraCFrame":[768.847,240.948,43.135,-0.958,-0.284,0.05,0,0.174,0.985,-0.288,0.943,-0.166],"_shiftlockState":true,"_pose":"FreeFall","_animationQueue":[],"_animationSpeed":1,"_zoom":12.5},{"_mousePosition":[683,384],"_rootPartCFrame":[769.642,227.687,45.642,-0.911,0,0.413,0,1,0,-0.413,0,-0.911],"_humanoidState":5,"_cameraCFrame":[768.612,241.497,43.051,-0.955,-0.291,0.051,0,0.174,0.985,-0.295,0.941,-0.166],"_shiftlockState":true,"_pose":"FreeFall","_animationQueue":[],"_animationSpeed":1,"_zoom":12.5},{"_mousePosition":[683,384],"_rootPartCFrame":[769.387,228.182,45.565,-0.908,0,0.42,0,1,0,-0.42,0,-0.908],"_humanoidState":5,"_cameraCFrame":[768.369,241.993,42.969,-0.954,-0.296,0.052,0,0.174,0.985,-0.3,0.939,-0.166],"_shiftlockState":true,"_pose":"FreeFall","_animationQueue":[],"_animationSpeed":1,"_zoom":12.5},{"_mousePosition":[683,384],"_rootPartCFrame":[769.132,228.623,45.487,-0.905,0,0.424,0,1,0,-0.424,0,-0.905],"_humanoidState":5,"_cameraCFrame":[768.121,242.433,42.888,-0.953,-0.298,0.053,0,0.174,0.985,-0.303,0.939,-0.166],"_shiftlockState":true,"_pose":"FreeFall","_animationQueue":[],"_animationSpeed":1,"_zoom":12.5},{"_mousePosition":[683,384],"_rootPartCFrame":[768.814,229.097,45.387,-0.89,0,0.457,0,1,0,-0.457,0,-0.89],"_humanoidState":5,"_cameraCFrame":[767.81,242.907,42.786,-0.952,-0.3,0.053,0,0.174,0.985,-0.305,0.938,-0.165],"_shiftlockState":true,"_pose":"FreeFall","_animationQueue":[],"_animationSpeed":1,"_zoom":12.5},{"_mousePosition":[683,384],"_rootPartCFrame":[768.623,229.34,45.326,-0.917,0,0.399,0,1,0,-0.399,0,-0.917],"_humanoidState":5,"_cameraCFrame":[767.625,243.151,42.723,-0.952,-0.303,0.053,0,0.174,0.985,-0.308,0.937,-0.165],"_shiftlockState":true,"_pose":"FreeFall","_animationQueue":[],"_animationSpeed":1,"_zoom":12.5},{"_mousePosition":[683,384],"_rootPartCFrame":[768.306,229.678,45.225,-0.887,0,0.461,0,1,0,-0.461,0,-0.887],"_humanoidState":5,"_cameraCFrame":[767.321,243.488,42.616,-0.95,-0.308,0.054,0,0.174,0.985,-0.312,0.936,-0.165],"_shiftlockState":true,"_pose":"FreeFall","_animationQueue":[],"_animationSpeed":1,"_zoom":12.5},{"_mousePosition":[683,384],"_rootPartCFrame":[768.115,229.84,45.163,-0.914,0,0.406,0,1,0,-0.406,0,-0.914],"_humanoidState":5,"_cameraCFrame":[767.171,243.65,42.54,-0.945,-0.322,0.057,0,0.174,0.985,-0.327,0.931,-0.164],"_shiftlockState":true,"_pose":"FreeFall","_animationQueue":[],"_animationSpeed":1,"_zoom":12.5},{"_mousePosition":[683,384],"_rootPartCFrame":[767.799,230.042,45.059,-0.878,0,0.479,0,1,0,-0.479,0,-0.878],"_humanoidState":5,"_cameraCFrame":[766.867,243.852,42.431,-0.943,-0.326,0.058,0,0.174,0.985,-0.331,0.929,-0.164],"_shiftlockState":true,"_pose":"FreeFall","_animationQueue":[],"_animationSpeed":1,"_zoom":12.5},{"_mousePosition":[683,384],"_rootPartCFrame":[767.609,230.122,44.995,-0.906,0,0.424,0,1,0,-0.424,0,-0.906],"_humanoidState":5,"_cameraCFrame":[766.718,243.932,42.353,-0.938,-0.341,0.06,0,0.174,0.985,-0.346,0.924,-0.163],"_shiftlockState":true,"_pose":"FreeFall","_animationQueue":[],"_animationSpeed":1,"_zoom":12.5},{"_mousePosition":[683,384],"_rootPartCFrame":[767.358,230.181,44.906,-0.884,0,0.467,0,1,0,-0.467,0,-0.884],"_humanoidState":5,"_cameraCFrame":[766.506,243.991,42.251,-0.933,-0.355,0.063,0,0.174,0.985,-0.36,0.919,-0.162],"_shiftlockState":true,"_pose":"FreeFall","_animationQueue":[],"_animationSpeed":1,"_zoom":12.5},{"_mousePosition":[683,384],"_rootPartCFrame":[767.107,230.185,44.815,-0.877,0,0.481,0,1,0,-0.481,0,-0.877],"_humanoidState":5,"_cameraCFrame":[766.31,243.995,42.143,-0.925,-0.373,0.066,0,0.174,0.985,-0.379,0.911,-0.161],"_shiftlockState":true,"_pose":"FreeFall","_animationQueue":[],"_animationSpeed":1,"_zoom":12.5},{"_mousePosition":[683,384],"_rootPartCFrame":[766.858,230.135,44.719,-0.867,0,0.498,0,1,0,-0.498,0,-0.867],"_humanoidState":5,"_cameraCFrame":[766.149,243.945,42.023,-0.913,-0.403,0.071,0,0.174,0.985,-0.409,0.899,-0.158],"_shiftlockState":true,"_pose":"FreeFall","_animationQueue":[],"_animationSpeed":1,"_zoom":12.5},{"_mousePosition":[683,384],"_rootPartCFrame":[766.611,230.031,44.619,-0.85,0,0.527,0,1,0,-0.527,0,-0.85],"_humanoidState":5,"_cameraCFrame":[765.985,243.841,41.902,-0.9,-0.43,0.076,0,0.174,0.985,-0.437,0.886,-0.156],"_shiftlockState":true,"_pose":"FreeFall","_animationQueue":[["fall",0.3]],"_animationSpeed":1,"_zoom":12.5},{"_mousePosition":[683,384],"_rootPartCFrame":[766.367,229.872,44.511,-0.834,0,0.552,0,1,0,-0.552,0,-0.834],"_humanoidState":5,"_cameraCFrame":[765.83,243.682,41.775,-0.885,-0.459,0.081,0,0.174,0.985,-0.466,0.871,-0.154],"_shiftlockState":true,"_pose":"FreeFall","_animationQueue":[],"_animationSpeed":1,"_zoom":12.5},{"_mousePosition":[683,384],"_rootPartCFrame":[766.127,229.658,44.396,-0.815,0,0.579,0,1,0,-0.579,0,-0.815],"_humanoidState":5,"_cameraCFrame":[765.687,243.468,41.643,-0.868,-0.489,0.086,0,0.174,0.985,-0.497,0.855,-0.151],"_shiftlockState":true,"_pose":"FreeFall","_animationQueue":[],"_animationSpeed":1,"_zoom":12.5},{"_mousePosition":[683,384],"_rootPartCFrame":[765.891,229.39,44.273,-0.794,0,0.608,0,1,0,-0.608,0,-0.794],"_humanoidState":5,"_cameraCFrame":[765.541,243.2,41.506,-0.851,-0.517,0.091,0,0.174,0.985,-0.525,0.838,-0.148],"_shiftlockState":true,"_pose":"FreeFall","_animationQueue":[],"_animationSpeed":1,"_zoom":12.5},{"_mousePosition":[683,384],"_rootPartCFrame":[765.658,229.068,44.141,-0.774,0,0.634,0,1,0,-0.634,0,-0.774],"_humanoidState":5,"_cameraCFrame":[765.401,242.878,41.365,-0.833,-0.545,0.096,0,0.174,0.985,-0.553,0.821,-0.145],"_shiftlockState":true,"_pose":"FreeFall","_animationQueue":[],"_animationSpeed":1,"_zoom":12.5},{"_mousePosition":[683,384],"_rootPartCFrame":[765.431,228.691,44.003,-0.752,0,0.659,0,1,0,-0.659,0,-0.752],"_humanoidState":5,"_cameraCFrame":[765.264,242.501,41.219,-0.815,-0.571,0.101,0,0.174,0.985,-0.58,0.802,-0.141],"_shiftlockState":true,"_pose":"FreeFall","_animationQueue":[],"_animationSpeed":1,"_zoom":12.5},{"_mousePosition":[683,384],"_rootPartCFrame":[765.208,228.259,43.856,-0.73,0,0.683,0,1,0,-0.683,0,-0.73],"_humanoidState":5,"_cameraCFrame":[765.14,242.069,41.069,-0.794,-0.599,0.106,0,0.174,0.985,-0.609,0.781,-0.138],"_shiftlockState":true,"_pose":"FreeFall","_animationQueue":[["fall",0.3]],"_animationSpeed":1,"_zoom":12.5},{"_mousePosition":[683,384],"_rootPartCFrame":[764.99,227.773,43.703,-0.706,0,0.709,0,1,0,-0.709,0,-0.706],"_humanoidState":5,"_cameraCFrame":[765.021,241.583,40.915,-0.771,-0.627,0.11,0,0.174,0.985,-0.636,0.76,-0.134],"_shiftlockState":true,"_pose":"FreeFall","_animationQueue":[],"_animationSpeed":1,"_zoom":12.5},{"_mousePosition":[683,384],"_rootPartCFrame":[764.778,227.233,43.541,-0.68,0,0.733,0,1,0,-0.733,0,-0.68],"_humanoidState":5,"_cameraCFrame":[764.914,241.043,40.757,-0.747,-0.655,0.115,0,0.174,0.985,-0.665,0.735,-0.13],"_shiftlockState":true,"_pose":"FreeFall","_animationQueue":[],"_animationSpeed":1,"_zoom":12.5},{"_mousePosition":[683,384],"_rootPartCFrame":[764.571,226.638,43.373,-0.652,0,0.758,0,1,0,-0.758,0,-0.652],"_humanoidState":5,"_cameraCFrame":[764.827,240.448,40.596,-0.717,-0.686,0.121,0,0.174,0.985,-0.697,0.707,-0.125],"_shiftlockState":true,"_pose":"FreeFall","_animationQueue":[],"_animationSpeed":1,"_zoom":12.5},{"_mousePosition":[683,384],"_rootPartCFrame":[764.371,225.988,43.197,-0.619,0,0.786,0,1,0,-0.786,0,-0.619],"_humanoidState":5,"_cameraCFrame":[764.746,239.798,40.434,-0.687,-0.716,0.126,0,0.174,0.985,-0.727,0.676,-0.119],"_shiftlockState":true,"_pose":"FreeFall","_animationQueue":[],"_animationSpeed":1,"_zoom":12.5},{"_mousePosition":[683,384],"_rootPartCFrame":[764.178,225.284,43.012,-0.584,0,0.812,0,1,0,-0.812,0,-0.584],"_humanoidState":5,"_cameraCFrame":[764.672,239.094,40.268,-0.655,-0.744,0.131,0,0.174,0.985,-0.756,0.645,-0.114],"_shiftlockState":true,"_pose":"FreeFall","_animationQueue":[],"_animationSpeed":1,"_zoom":12.5},{"_mousePosition":[683,384],"_rootPartCFrame":[763.994,224.526,42.82,-0.549,0,0.836,0,1,0,-0.836,0,-0.549],"_humanoidState":5,"_cameraCFrame":[764.633,238.336,40.106,-0.614,-0.777,0.137,0,0.174,0.985,-0.789,0.605,-0.107],"_shiftlockState":true,"_pose":"FreeFall","_animationQueue":[],"_animationSpeed":1,"_zoom":12.5},{"_mousePosition":[683,384],"_rootPartCFrame":[763.818,223.713,42.619,-0.504,0,0.864,0,1,0,-0.864,0,-0.504],"_humanoidState":5,"_cameraCFrame":[764.485,237.523,39.912,-0.606,-0.783,0.138,0,0.174,0.985,-0.796,0.597,-0.105],"_shiftlockState":true,"_pose":"FreeFall","_animationQueue":[["fall",0.3]],"_animationSpeed":1,"_zoom":12.5},{"_mousePosition":[683,384],"_rootPartCFrame":[763.653,222.845,42.41,-0.577,0,0.817,0,1,0,-0.817,0,-0.577],"_humanoidState":7,"_cameraCFrame":[764.319,236.656,39.703,-0.606,-0.783,0.138,0,0.174,0.985,-0.796,0.597,-0.105],"_shiftlockState":true,"_pose":"FreeFall","_animationQueue":[["walk",0.1],["fall",0.3],["fall",0.3]],"_animationSpeed":1,"_zoom":12.5},{"_mousePosition":[683,384],"_rootPartCFrame":[763.491,222.432,42.198,-0.604,0,0.797,0,1,0,-0.797,0,-0.604],"_humanoidState":7,"_cameraCFrame":[764.164,236.243,39.493,-0.604,-0.785,0.138,0,0.174,0.985,-0.797,0.595,-0.105],"_shiftlockState":true,"_pose":"FreeFall","_animationQueue":[],"_animationSpeed":1,"_zoom":12.5},{"_mousePosition":[683,384],"_rootPartCFrame":[763.329,222.503,41.986,-0.604,0,0.797,0,1,0,-0.797,0,-0.604],"_humanoidState":8,"_cameraCFrame":[763.968,236.313,39.272,-0.614,-0.777,0.137,0,0.174,0.985,-0.789,0.605,-0.107],"_shiftlockState":true,"_pose":"Running","_animationQueue":[["walk",0.1],["fall",0.3],["walk",0.1]],"_animationSpeed":1.103,"_zoom":12.5},{"_mousePosition":[683,384],"_rootPartCFrame":[763.168,222.585,41.773,-0.614,0,0.789,0,1,0,-0.789,0,-0.614],"_humanoidState":8,"_cameraCFrame":[763.738,236.396,39.044,-0.634,-0.762,0.134,0,0.174,0.985,-0.774,0.624,-0.11],"_shiftlockState":true,"_pose":"Running","_animationQueue":[],"_animationSpeed":1.103,"_zoom":12.5},{"_mousePosition":[683,384],"_rootPartCFrame":[762.967,223.669,41.508,-0.634,0,0.774,0,1,0,-0.774,0,-0.634],"_humanoidState":3,"_cameraCFrame":[763.433,237.479,38.759,-0.663,-0.738,0.13,0,0.174,0.985,-0.749,0.652,-0.115],"_shiftlockState":true,"_pose":"Jumping","_animationQueue":[["walk",0.1],["jump",0.1]],"_animationSpeed":1,"_zoom":12.5},{"_mousePosition":[683,384],"_rootPartCFrame":[762.841,224.281,41.352,-0.614,0,0.789,0,1,0,-0.789,0,-0.614],"_humanoidState":5,"_cameraCFrame":[763.168,238.091,38.583,-0.7,-0.704,0.124,0,0.174,0.985,-0.715,0.689,-0.121],"_shiftlockState":true,"_pose":"FreeFall","_animationQueue":[["jump",0.1]],"_animationSpeed":1,"_zoom":12.5},{"_mousePosition":[683,384],"_rootPartCFrame":[762.666,225.048,41.151,-0.605,0,0.796,0,1,0,-0.796,0,-0.605],"_humanoidState":5,"_cameraCFrame":[762.817,238.858,38.367,-0.743,-0.659,0.116,0,0.174,0.985,-0.669,0.732,-0.129],"_shiftlockState":true,"_pose":"FreeFall","_animationQueue":[],"_animationSpeed":1,"_zoom":12.5},{"_mousePosition":[683,384],"_rootPartCFrame":[762.481,225.761,40.96,-0.649,0,0.761,0,1,0,-0.761,0,-0.649],"_humanoidState":5,"_cameraCFrame":[762.434,239.571,38.172,-0.789,-0.605,0.107,0,0.174,0.985,-0.615,0.777,-0.137],"_shiftlockState":true,"_pose":"FreeFall","_animationQueue":[],"_animationSpeed":1,"_zoom":12.5},{"_mousePosition":[683,384],"_rootPartCFrame":[762.284,226.42,40.779,-0.7,0,0.714,0,1,0,-0.714,0,-0.7],"_humanoidState":5,"_cameraCFrame":[761.907,240.23,38.017,-0.856,-0.509,0.09,0,0.174,0.985,-0.517,0.843,-0.149],"_shiftlockState":true,"_pose":"FreeFall","_animationQueue":[],"_animationSpeed":1,"_zoom":12.5},{"_mousePosition":[683,384],"_rootPartCFrame":[762.076,227.024,40.612,-0.78,0,0.626,0,1,0,-0.626,0,-0.78],"_humanoidState":5,"_cameraCFrame":[761.581,240.834,37.869,-0.878,-0.472,0.083,0,0.174,0.985,-0.479,0.864,-0.152],"_shiftlockState":true,"_pose":"FreeFall","_animationQueue":[],"_animationSpeed":1,"_zoom":12.5},{"_mousePosition":[683,384],"_rootPartCFrame":[761.854,227.573,40.466,-0.806,0,0.592,0,1,0,-0.592,0,-0.806],"_humanoidState":5,"_cameraCFrame":[760.998,241.379,37.793,-0.935,-0.35,0.062,0,0.176,0.984,-0.355,0.92,-0.164],"_shiftlockState":true,"_pose":"FreeFall","_animationQueue":[],"_animationSpeed":1,"_zoom":12.5},{"_mousePosition":[683,384],"_rootPartCFrame":[761.621,228.068,40.337,-0.879,0,0.476,0,1,0,-0.476,0,-0.879],"_humanoidState":5,"_cameraCFrame":[760.524,241.861,37.692,-0.965,-0.257,0.047,0,0.181,0.983,-0.261,0.949,-0.175],"_shiftlockState":true,"_pose":"FreeFall","_animationQueue":[],"_animationSpeed":1,"_zoom":12.5},{"_mousePosition":[683,384],"_rootPartCFrame":[761.377,228.509,40.23,-0.922,0,0.387,0,1,0,-0.387,0,-0.922],"_humanoidState":5,"_cameraCFrame":[760.037,242.288,37.635,-0.986,-0.162,0.031,0,0.187,0.982,-0.165,0.969,-0.184],"_shiftlockState":true,"_pose":"FreeFall","_animationQueue":[],"_animationSpeed":1,"_zoom":12.5},{"_mousePosition":[683,384],"_rootPartCFrame":[761.122,228.895,40.153,-0.956,0,0.295,0,1,0,-0.295,0,-0.956],"_humanoidState":5,"_cameraCFrame":[759.539,242.655,37.607,-0.998,-0.066,0.013,0,0.195,0.981,-0.067,0.979,-0.194],"_shiftlockState":true,"_pose":"FreeFall","_animationQueue":[],"_animationSpeed":1,"_zoom":12.5},{"_mousePosition":[683,384],"_rootPartCFrame":[760.861,229.226,40.101,-0.98,0,0.199,0,1,0,-0.199,0,-0.98],"_humanoidState":5,"_cameraCFrame":[759.038,242.968,37.624,-1,0.028,-0.006,0,0.202,0.979,0.029,0.979,-0.202],"_shiftlockState":true,"_pose":"FreeFall","_animationQueue":[],"_animationSpeed":1,"_zoom":12.5},{"_mousePosition":[683,384],"_rootPartCFrame":[760.596,229.503,40.076,-0.995,0,0.104,0,1,0,-0.104,0,-0.995],"_humanoidState":5,"_cameraCFrame":[758.547,243.219,37.651,-0.993,0.115,-0.025,0,0.212,0.977,0.117,0.971,-0.21],"_shiftlockState":true,"_pose":"FreeFall","_animationQueue":[],"_animationSpeed":1,"_zoom":12.5},{"_mousePosition":[683,384],"_rootPartCFrame":[760.329,229.726,40.077,-1,0,0.016,0,1,0,-0.016,0,-1],"_humanoidState":5,"_cameraCFrame":[758.056,243.416,37.721,-0.979,0.197,-0.045,0,0.221,0.975,0.202,0.955,-0.217],"_shiftlockState":true,"_pose":"FreeFall","_animationQueue":[],"_animationSpeed":1,"_zoom":12.5},{"_mousePosition":[683,384],"_rootPartCFrame":[760.064,229.894,40.103,-0.998,0,-0.07,0,1,0,0.07,0,-0.998],"_humanoidState":5,"_cameraCFrame":[757.575,243.562,37.853,-0.959,0.276,-0.065,0,0.229,0.973,0.283,0.934,-0.22],"_shiftlockState":true,"_pose":"FreeFall","_animationQueue":[],"_animationSpeed":1,"_zoom":12.5},{"_mousePosition":[683,384],"_rootPartCFrame":[759.802,230.007,40.152,-0.988,0,-0.153,0,1,0,0.153,0,-0.988],"_humanoidState":5,"_cameraCFrame":[757.105,243.653,38.022,-0.933,0.35,-0.085,0,0.237,0.972,0.36,0.906,-0.221],"_shiftlockState":true,"_pose":"FreeFall","_animationQueue":[],"_animationSpeed":1,"_zoom":12.5},{"_mousePosition":[683,384],"_rootPartCFrame":[759.545,230.066,40.222,-0.973,0,-0.233,0,1,0,0.233,0,-0.973],"_humanoidState":5,"_cameraCFrame":[756.669,243.7,38.268,-0.902,0.419,-0.104,0,0.24,0.971,0.432,0.875,-0.217],"_shiftlockState":true,"_pose":"FreeFall","_animationQueue":[],"_animationSpeed":1,"_zoom":12.5},{"_mousePosition":[683,384],"_rootPartCFrame":[759.295,230.071,40.313,-0.951,0,-0.308,0,1,0,0.308,0,-0.951],"_humanoidState":5,"_cameraCFrame":[756.234,243.687,38.537,-0.864,0.488,-0.124,0,0.246,0.969,0.503,0.837,-0.213],"_shiftlockState":true,"_pose":"FreeFall","_animationQueue":[],"_animationSpeed":1,"_zoom":12.5},{"_mousePosition":[683,384],"_rootPartCFrame":[759.052,230.021,40.424,-0.923,0,-0.384,0,1,0,0.384,0,-0.923],"_humanoidState":5,"_cameraCFrame":[755.805,243.612,38.824,-0.82,0.553,-0.145,0,0.254,0.967,0.572,0.794,-0.208],"_shiftlockState":true,"_pose":"FreeFall","_animationQueue":[],"_animationSpeed":1,"_zoom":12.5},{"_mousePosition":[683,384],"_rootPartCFrame":[758.82,229.916,40.554,-0.889,0,-0.458,0,1,0,0.458,0,-0.889],"_humanoidState":5,"_cameraCFrame":[755.308,243.47,39.255,-0.745,0.643,-0.177,0,0.265,0.964,0.667,0.719,-0.197],"_shiftlockState":true,"_pose":"FreeFall","_animationQueue":[],"_animationSpeed":1,"_zoom":12.5},{"_mousePosition":[683,384],"_rootPartCFrame":[758.598,229.757,40.703,-0.827,0,-0.562,0,1,0,0.562,0,-0.827],"_humanoidState":5,"_cameraCFrame":[754.964,243.298,39.641,-0.692,0.695,-0.194,0,0.269,0.963,0.722,0.667,-0.186],"_shiftlockState":true,"_pose":"FreeFall","_animationQueue":[],"_animationSpeed":1,"_zoom":12.5},{"_mousePosition":[683,384],"_rootPartCFrame":[758.393,229.544,40.872,-0.782,0,-0.623,0,1,0,0.623,0,-0.782],"_humanoidState":5,"_cameraCFrame":[754.625,243.058,39.991,-0.643,0.736,-0.211,0,0.276,0.961,0.765,0.618,-0.178],"_shiftlockState":true,"_pose":"FreeFall","_animationQueue":[],"_animationSpeed":1,"_zoom":12.5},{"_mousePosition":[683,384],"_rootPartCFrame":[758.205,229.276,41.061,-0.739,0,-0.673,0,1,0,0.673,0,-0.739],"_humanoidState":5,"_cameraCFrame":[754.345,242.77,40.31,-0.608,0.762,-0.224,0,0.282,0.959,0.794,0.583,-0.171],"_shiftlockState":true,"_pose":"FreeFall","_animationQueue":[["fall",0.3]],"_animationSpeed":1,"_zoom":12.5},{"_mousePosition":[683,384],"_rootPartCFrame":[758.031,228.954,41.263,-0.708,0,-0.706,0,1,0,0.706,0,-0.708],"_humanoidState":5,"_cameraCFrame":[754.133,242.44,40.606,-0.586,0.777,-0.23,0,0.284,0.959,0.811,0.562,-0.166],"_shiftlockState":true,"_pose":"FreeFall","_animationQueue":[],"_animationSpeed":1,"_zoom":12.5},{"_mousePosition":[683,384],"_rootPartCFrame":[757.868,228.577,41.474,-0.688,0,-0.726,0,1,0,0.726,0,-0.688],"_humanoidState":5,"_cameraCFrame":[753.969,242.063,40.816,-0.586,0.777,-0.23,0,0.284,0.959,0.811,0.562,-0.166],"_shiftlockState":true,"_pose":"FreeFall","_animationQueue":[],"_animationSpeed":1,"_zoom":12.5},{"_mousePosition":[683,384],"_rootPartCFrame":[757.711,228.145,41.689,-0.688,0,-0.726,0,1,0,0.726,0,-0.688],"_humanoidState":5,"_cameraCFrame":[753.79,241.625,41.038,-0.581,0.78,-0.232,0,0.285,0.958,0.814,0.557,-0.166],"_shiftlockState":true,"_pose":"FreeFall","_animationQueue":[],"_animationSpeed":1,"_zoom":12.5},{"_mousePosition":[683,384],"_rootPartCFrame":[757.554,227.659,41.905,-0.684,0,-0.729,0,1,0,0.729,0,-0.684],"_humanoidState":5,"_cameraCFrame":[753.648,241.139,41.175,-0.598,0.768,-0.229,0,0.285,0.958,0.802,0.573,-0.171],"_shiftlockState":true,"_pose":"FreeFall","_animationQueue":[],"_animationSpeed":1,"_zoom":12.5},{"_mousePosition":[683,384],"_rootPartCFrame":[757.399,227.119,42.122,-0.699,0,-0.715,0,1,0,0.715,0,-0.699],"_humanoidState":5,"_cameraCFrame":[753.542,240.598,41.166,-0.643,0.734,-0.219,0,0.285,0.958,0.765,0.617,-0.184],"_shiftlockState":true,"_pose":"FreeFall","_animationQueue":[],"_animationSpeed":1,"_zoom":12.5},{"_mousePosition":[683,384],"_rootPartCFrame":[757.24,226.524,42.336,-0.739,0,-0.673,0,1,0,0.673,0,-0.739],"_humanoidState":5,"_cameraCFrame":[753.486,240.003,41.033,-0.71,0.674,-0.201,0,0.285,0.958,0.704,0.681,-0.203],"_shiftlockState":true,"_pose":"FreeFall","_animationQueue":[["fall",0.3]],"_animationSpeed":1,"_zoom":12.5},{"_mousePosition":[683,384],"_rootPartCFrame":[757.071,225.874,42.542,-0.798,0,-0.603,0,1,0,0.603,0,-0.798],"_humanoidState":5,"_cameraCFrame":[753.497,239.354,40.802,-0.789,0.589,-0.175,0,0.285,0.958,0.614,0.756,-0.225],"_shiftlockState":true,"_pose":"FreeFall","_animationQueue":[],"_animationSpeed":1,"_zoom":12.5},{"_mousePosition":[683,384],"_rootPartCFrame":[756.885,225.17,42.734,-0.864,0,-0.504,0,1,0,0.504,0,-0.864],"_humanoidState":5,"_cameraCFrame":[753.594,238.657,40.543,-0.865,0.481,-0.142,0,0.284,0.959,0.501,0.83,-0.245],"_shiftlockState":true,"_pose":"FreeFall","_animationQueue":[],"_animationSpeed":1,"_zoom":12.5},{"_mousePosition":[683,384],"_rootPartCFrame":[756.682,224.412,42.905,-0.924,0,-0.382,0,1,0,0.382,0,-0.924],"_humanoidState":5,"_cameraCFrame":[753.963,237.939,40.21,-0.951,0.298,-0.084,0,0.272,0.962,0.31,0.915,-0.259],"_shiftlockState":true,"_pose":"FreeFall","_animationQueue":[],"_animationSpeed":1,"_zoom":12.5},{"_mousePosition":[683,384],"_rootPartCFrame":[756.459,223.599,43.051,-0.984,0,-0.181,0,1,0,0.181,0,-0.984],"_humanoidState":5,"_cameraCFrame":[754.143,237.165,40.161,-0.983,0.176,-0.048,0,0.261,0.965,0.182,0.949,-0.257],"_shiftlockState":true,"_pose":"FreeFall","_animationQueue":[],"_animationSpeed":1,"_zoom":12.5},{"_mousePosition":[683,384],"_rootPartCFrame":[756.209,222.731,43.141,-0.99,0,-0.142,0,1,0,0.142,0,-0.99],"_humanoidState":7,"_cameraCFrame":[754.246,236.335,40.148,-0.998,0.067,-0.017,0,0.25,0.968,0.069,0.966,-0.249],"_shiftlockState":true,"_pose":"FreeFall","_animationQueue":[["walk",0.1],["fall",0.3],["fall",0.3]],"_animationSpeed":1,"_zoom":12.5},{"_mousePosition":[683,384],"_rootPartCFrame":[755.948,222.343,43.195,-0.998,0,-0.065,0,1,0,0.065,0,-0.998],"_humanoidState":7,"_cameraCFrame":[754.263,235.982,40.177,-1,-0.021,0.005,0,0.238,0.971,-0.022,0.971,-0.238],"_shiftlockState":true,"_pose":"FreeFall","_animationQueue":[],"_animationSpeed":1,"_zoom":12.5},{"_mousePosition":[683,384],"_rootPartCFrame":[755.683,222.45,43.218,-1,0,0.022,0,1,0,-0.022,0,-1],"_humanoidState":8,"_cameraCFrame":[754.174,236.118,40.221,-0.997,-0.08,0.019,0,0.229,0.973,-0.082,0.97,-0.228],"_shiftlockState":true,"_pose":"Running","_animationQueue":[["fall",0.3],["walk",0.1],["fall",0.3],["walk",0.1]],"_animationSpeed":1.103,"_zoom":12.5},{"_mousePosition":[683,384],"_rootPartCFrame":[755.351,223.52,43.242,-0.997,0,0.082,0,1,0,-0.082,0,-0.997],"_humanoidState":3,"_cameraCFrame":[753.926,237.205,40.272,-0.994,-0.11,0.025,0,0.223,0.975,-0.112,0.969,-0.222],"_shiftlockState":true,"_pose":"Jumping","_animationQueue":[["walk",0.1],["jump",0.1]],"_animationSpeed":1,"_zoom":12.5},{"_mousePosition":[683,384],"_rootPartCFrame":[755.151,224.122,43.241,-0.985,0,0.174,0,1,0,-0.174,0,-0.985],"_humanoidState":5,"_cameraCFrame":[753.726,237.806,40.271,-0.994,-0.11,0.025,0,0.223,0.975,-0.112,0.969,-0.222],"_shiftlockState":true,"_pose":"FreeFall","_animationQueue":[["jump",0.1]],"_animationSpeed":1,"_zoom":12.5},{"_mousePosition":[683,384],"_rootPartCFrame":[754.886,224.875,43.215,-0.972,0,0.236,0,1,0,-0.236,0,-0.972],"_humanoidState":5,"_cameraCFrame":[753.461,238.56,40.245,-0.994,-0.11,0.025,0,0.223,0.975,-0.112,0.969,-0.222],"_shiftlockState":true,"_pose":"FreeFall","_animationQueue":[],"_animationSpeed":1,"_zoom":12.5},{"_mousePosition":[683,384],"_rootPartCFrame":[754.621,225.575,43.185,-0.97,0,0.243,0,1,0,-0.243,0,-0.97],"_humanoidState":5,"_cameraCFrame":[753.196,239.259,40.215,-0.994,-0.11,0.025,0,0.223,0.975,-0.112,0.969,-0.222],"_shiftlockState":true,"_pose":"FreeFall","_animationQueue":[],"_animationSpeed":1,"_zoom":12.5},{"_mousePosition":[683,384],"_rootPartCFrame":[754.356,226.22,43.155,-0.97,0,0.243,0,1,0,-0.243,0,-0.97],"_humanoidState":5,"_cameraCFrame":[752.943,239.909,40.201,-0.993,-0.115,0.026,0,0.221,0.975,-0.117,0.968,-0.22],"_shiftlockState":true,"_pose":"FreeFall","_animationQueue":[],"_animationSpeed":1,"_zoom":12.5},{"_mousePosition":[683,384],"_rootPartCFrame":[754.091,226.81,43.125,-0.969,0,0.248,0,1,0,-0.248,0,-0.969],"_humanoidState":5,"_cameraCFrame":[752.683,240.505,40.191,-0.993,-0.117,0.026,0,0.219,0.976,-0.12,0.969,-0.218],"_shiftlockState":true,"_pose":"FreeFall","_animationQueue":[],"_animationSpeed":1,"_zoom":12.5},{"_mousePosition":[683,384],"_rootPartCFrame":[753.827,227.346,43.094,-0.968,0,0.251,0,1,0,-0.251,0,-0.968],"_humanoidState":5,"_cameraCFrame":[752.413,241.052,40.207,-0.993,-0.117,0.026,0,0.216,0.976,-0.12,0.969,-0.214],"_shiftlockState":true,"_pose":"FreeFall","_animationQueue":[],"_animationSpeed":1,"_zoom":12.5},{"_mousePosition":[683,384],"_rootPartCFrame":[753.562,227.827,43.062,-0.968,0,0.251,0,1,0,-0.251,0,-0.968],"_humanoidState":5,"_cameraCFrame":[752.111,241.549,40.261,-0.994,-0.107,0.023,0,0.21,0.978,-0.11,0.972,-0.209],"_shiftlockState":true,"_pose":"FreeFall","_animationQueue":[],"_animationSpeed":1,"_zoom":12.5},{"_mousePosition":[683,384],"_rootPartCFrame":[753.297,228.254,43.03,-0.971,0,0.241,0,1,0,-0.241,0,-0.971],"_humanoidState":5,"_cameraCFrame":[751.813,241.986,40.291,-0.995,-0.098,0.021,0,0.206,0.979,-0.1,0.974,-0.205],"_shiftlockState":true,"_pose":"FreeFall","_animationQueue":[],"_animationSpeed":1,"_zoom":12.5},{"_mousePosition":[683,384],"_rootPartCFrame":[753.032,228.627,43.001,-0.973,0,0.231,0,1,0,-0.231,0,-0.973],"_humanoidState":5,"_cameraCFrame":[751.516,242.368,40.324,-0.996,-0.088,0.018,0,0.202,0.979,-0.09,0.975,-0.202],"_shiftlockState":true,"_pose":"FreeFall","_animationQueue":[],"_animationSpeed":1,"_zoom":12.5},{"_mousePosition":[683,384],"_rootPartCFrame":[752.767,228.945,42.974,-0.975,0,0.221,0,1,0,-0.221,0,-0.975],"_humanoidState":5,"_cameraCFrame":[751.207,242.696,40.368,-0.997,-0.073,0.015,0,0.199,0.98,-0.075,0.977,-0.198],"_shiftlockState":true,"_pose":"FreeFall","_animationQueue":[],"_animationSpeed":1,"_zoom":12.5},{"_mousePosition":[683,384],"_rootPartCFrame":[752.501,229.208,42.949,-0.978,0,0.206,0,1,0,-0.206,0,-0.978],"_humanoidState":5,"_cameraCFrame":[750.893,242.969,40.42,-0.998,-0.056,0.011,0,0.195,0.981,-0.057,0.979,-0.194],"_shiftlockState":true,"_pose":"FreeFall","_animationQueue":[],"_animationSpeed":1,"_zoom":12.5},{"_mousePosition":[683,384],"_rootPartCFrame":[752.235,229.417,42.929,-0.982,0,0.189,0,1,0,-0.189,0,-0.982],"_humanoidState":5,"_cameraCFrame":[750.568,243.187,40.484,-0.999,-0.034,0.007,0,0.191,0.982,-0.034,0.981,-0.191],"_shiftlockState":true,"_pose":"FreeFall","_animationQueue":[],"_animationSpeed":1,"_zoom":12.5},{"_mousePosition":[683,384],"_rootPartCFrame":[751.969,229.571,42.913,-0.986,0,0.167,0,1,0,-0.167,0,-0.986],"_humanoidState":5,"_cameraCFrame":[750.24,243.355,40.583,-1,-0.009,0.002,0,0.185,0.983,-0.009,0.983,-0.185],"_shiftlockState":true,"_pose":"FreeFall","_animationQueue":[],"_animationSpeed":1,"_zoom":12.5},{"_mousePosition":[683,384],"_rootPartCFrame":[751.703,229.671,42.903,-0.99,0,0.142,0,1,0,-0.142,0,-0.99],"_humanoidState":5,"_cameraCFrame":[749.91,243.464,40.67,-1,0.019,-0.003,0,0.181,0.983,0.019,0.983,-0.181],"_shiftlockState":true,"_pose":"FreeFall","_animationQueue":[],"_animationSpeed":1,"_zoom":12.5},{"_mousePosition":[683,384],"_rootPartCFrame":[751.436,229.717,42.899,-0.993,0,0.114,0,1,0,-0.114,0,-0.993],"_humanoidState":5,"_cameraCFrame":[749.584,243.518,40.765,-0.999,0.046,-0.008,0,0.177,0.984,0.047,0.983,-0.177],"_shiftlockState":true,"_pose":"FreeFall","_animationQueue":[],"_animationSpeed":1,"_zoom":12.5},{"_mousePosition":[683,384],"_rootPartCFrame":[751.17,229.707,42.903,-0.996,0,0.086,0,1,0,-0.086,0,-0.996],"_humanoidState":5,"_cameraCFrame":[749.283,243.518,40.85,-0.998,0.063,-0.011,0,0.174,0.985,0.064,0.983,-0.173],"_shiftlockState":true,"_pose":"FreeFall","_animationQueue":[],"_animationSpeed":1,"_zoom":12.5},{"_mousePosition":[683,384],"_rootPartCFrame":[750.903,229.644,42.915,-0.998,0,0.069,0,1,0,-0.069,0,-0.998],"_humanoidState":5,"_cameraCFrame":[748.996,243.454,40.881,-0.997,0.073,-0.013,0,0.174,0.985,0.075,0.982,-0.173],"_shiftlockState":true,"_pose":"FreeFall","_animationQueue":[],"_animationSpeed":1,"_zoom":12.5},{"_mousePosition":[683,384],"_rootPartCFrame":[750.637,229.526,42.931,-0.998,0,0.059,0,1,0,-0.059,0,-0.998],"_humanoidState":5,"_cameraCFrame":[748.725,243.336,40.902,-0.997,0.076,-0.013,0,0.174,0.985,0.077,0.982,-0.173],"_shiftlockState":true,"_pose":"FreeFall","_animationQueue":[],"_animationSpeed":1,"_zoom":12.5},{"_mousePosition":[683,384],"_rootPartCFrame":[750.371,229.353,42.951,-0.998,0,0.056,0,1,0,-0.056,0,-0.998],"_humanoidState":5,"_cameraCFrame":[748.459,243.163,40.921,-0.997,0.076,-0.013,0,0.174,0.985,0.077,0.982,-0.173],"_shiftlockState":true,"_pose":"FreeFall","_animationQueue":[["fall",0.3]],"_animationSpeed":1,"_zoom":12.5},{"_mousePosition":[683,384],"_rootPartCFrame":[750.105,229.126,42.971,-0.998,0,0.056,0,1,0,-0.056,0,-0.998],"_humanoidState":5,"_cameraCFrame":[748.198,242.936,40.937,-0.997,0.073,-0.013,0,0.174,0.985,0.075,0.982,-0.173],"_shiftlockState":true,"_pose":"FreeFall","_animationQueue":[],"_animationSpeed":1,"_zoom":12.5},{"_mousePosition":[683,384],"_rootPartCFrame":[749.839,228.844,42.992,-0.998,0,0.059,0,1,0,-0.059,0,-0.998],"_humanoidState":5,"_cameraCFrame":[747.969,242.655,40.924,-0.998,0.056,-0.01,0,0.174,0.985,0.057,0.983,-0.173],"_shiftlockState":true,"_pose":"FreeFall","_animationQueue":[],"_animationSpeed":1,"_zoom":12.5},{"_mousePosition":[683,384],"_rootPartCFrame":[749.574,228.508,43.012,-0.997,0,0.076,0,1,0,-0.076,0,-0.997],"_humanoidState":5,"_cameraCFrame":[747.788,242.318,40.87,-1,0.016,-0.003,0,0.174,0.985,0.016,0.985,-0.174],"_shiftlockState":true,"_pose":"FreeFall","_animationQueue":[],"_animationSpeed":1,"_zoom":12.5},{"_mousePosition":[683,384],"_rootPartCFrame":[749.307,228.118,43.027,-0.993,0,0.117,0,1,0,-0.117,0,-0.993],"_humanoidState":5,"_cameraCFrame":[747.661,241.928,40.777,-0.999,-0.046,0.008,0,0.174,0.985,-0.047,0.984,-0.173],"_shiftlockState":true,"_pose":"FreeFall","_animationQueue":[],"_animationSpeed":1,"_zoom":12.5},{"_mousePosition":[683,384],"_rootPartCFrame":[749.041,227.673,43.033,-0.984,0,0.179,0,1,0,-0.179,0,-0.984],"_humanoidState":5,"_cameraCFrame":[747.624,241.483,40.632,-0.989,-0.143,0.025,0,0.174,0.985,-0.145,0.974,-0.172],"_shiftlockState":true,"_pose":"FreeFall","_animationQueue":[],"_animationSpeed":1,"_zoom":12.5},{"_mousePosition":[683,384],"_rootPartCFrame":[748.775,227.173,43.024,-0.961,0,0.275,0,1,0,-0.275,0,-0.961],"_humanoidState":5,"_cameraCFrame":[747.705,240.983,40.449,-0.96,-0.277,0.049,0,0.174,0.985,-0.281,0.945,-0.167],"_shiftlockState":true,"_pose":"FreeFall","_animationQueue":[],"_animationSpeed":1,"_zoom":12.5},{"_mousePosition":[683,384],"_rootPartCFrame":[748.51,226.619,42.992,-0.914,0,0.406,0,1,0,-0.406,0,-0.914],"_humanoidState":5,"_cameraCFrame":[747.904,240.429,40.27,-0.896,-0.437,0.077,0,0.174,0.985,-0.443,0.883,-0.156],"_shiftlockState":true,"_pose":"FreeFall","_animationQueue":[["fall",0.3]],"_animationSpeed":1,"_zoom":12.5},{"_mousePosition":[683,384],"_rootPartCFrame":[748.384,226.033,42.941,-0.829,0,0.559,0,1,0,-0.559,0,-0.829],"_humanoidState":5,"_cameraCFrame":[748.365,239.843,40.153,-0.783,-0.613,0.108,0,0.174,0.985,-0.623,0.771,-0.136],"_shiftlockState":true,"_pose":"FreeFall","_animationQueue":[],"_animationSpeed":1,"_zoom":12.5},{"_mousePosition":[683,384],"_rootPartCFrame":[748.468,225.461,42.903,-0.693,0,0.721,0,1,0,-0.721,0,-0.693],"_humanoidState":5,"_cameraCFrame":[749.127,239.271,40.194,-0.608,-0.782,0.138,0,0.174,0.985,-0.794,0.599,-0.106],"_shiftlockState":true,"_pose":"FreeFall","_animationQueue":[],"_animationSpeed":1,"_zoom":12.5},{"_mousePosition":[683,384],"_rootPartCFrame":[748.514,224.834,42.851,-0.497,0,0.868,0,1,0,-0.868,0,-0.497],"_humanoidState":5,"_cameraCFrame":[749.819,238.644,40.387,-0.394,-0.905,0.16,0,0.174,0.985,-0.919,0.388,-0.068],"_shiftlockState":true,"_pose":"FreeFall","_animationQueue":[],"_animationSpeed":1,"_zoom":12.5},{"_mousePosition":[683,384],"_rootPartCFrame":[748.527,224.152,42.777,-0.269,0,0.963,0,1,0,-0.963,0,-0.269],"_humanoidState":5,"_cameraCFrame":[750.349,237.962,40.667,-0.179,-0.969,0.171,0,0.174,0.985,-0.984,0.176,-0.031],"_shiftlockState":true,"_pose":"FreeFall","_animationQueue":[],"_animationSpeed":1,"_zoom":12.5},{"_mousePosition":[683,384],"_rootPartCFrame":[748.515,223.416,42.674,-0.047,0,0.999,0,1,0,-0.999,0,-0.047],"_humanoidState":5,"_cameraCFrame":[750.758,237.226,41.018,0.043,-0.984,0.173,0,0.174,0.985,-0.999,-0.042,0.007],"_shiftlockState":true,"_pose":"FreeFall","_animationQueue":[],"_animationSpeed":1,"_zoom":12.5},{"_mousePosition":[683,384],"_rootPartCFrame":[748.475,222.626,42.453,0.084,0,0.996,0,1,0,-0.996,0,0.084],"_humanoidState":7,"_cameraCFrame":[750.803,236.436,40.918,0.096,-0.98,0.173,0,0.174,0.985,-0.995,-0.094,0.017],"_shiftlockState":true,"_pose":"FreeFall","_animationQueue":[["fall",0.3],["walk",0.1],["fall",0.3],["fall",0.3]],"_animationSpeed":1,"_zoom":12.5},{"_mousePosition":[683,384],"_rootPartCFrame":[748.478,222.463,42.188,0.1,0,0.995,0,1,0,-0.995,0,0.1],"_humanoidState":7,"_cameraCFrame":[750.778,236.273,40.612,0.078,-0.982,0.173,0,0.174,0.985,-0.997,-0.077,0.014],"_shiftlockState":true,"_pose":"FreeFall","_animationQueue":[],"_animationSpeed":1,"_zoom":12.5},{"_mousePosition":[683,384],"_rootPartCFrame":[748.501,222.541,41.922,0.078,0,0.997,0,1,0,-0.997,0,0.078],"_humanoidState":8,"_cameraCFrame":[750.658,236.351,40.155,-0.008,-0.985,0.174,0,0.174,0.985,-1,0.008,-0.001],"_shiftlockState":true,"_pose":"Running","_anima