[{"_mousePosition":[674,399],"_rootPartCFrame":[776.028,222.7,47.142,0,0,1,0,1,0,-1,0,0],"_humanoidState":8,"_cameraCFrame":[784.535,237.878,46.398,-0.087,-0.845,0.528,0,0.53,0.848,-0.996,0.074,-0.046],"_shiftlockState":false,"_pose":"Standing","_animationQueue":[],"_animationSpeed":1,"_zoom":16.125},{"_mousePosition":[674,399],"_rootPartCFrame":[775.726,222.695,47.175,-0.018,0,1,0,1,0,-1,0,-0.018],"_humanoidState":8,"_cameraCFrame":[784.246,237.874,46.602,-0.067,-0.846,0.528,0,0.53,0.848,-0.998,0.057,-0.035],"_shiftlockState":false,"_pose":"Standing","_animationQueue":[],"_animationSpeed":1,"_zoom":16.125},{"_mousePosition":[674,399],"_rootPartCFrame":[775.594,222.696,47.187,-0.023,0,1,0,1,0,-1,0,-0.023],"_humanoidState":8,"_cameraCFrame":[784.097,237.891,46.788,-0.047,-0.848,0.527,0,0.528,0.849,-0.999,0.04,-0.025],"_shiftlockState":false,"_pose":"Running","_animationQueue":[["walk",0.1]],"_animationSpeed":1.089,"_zoom":16.125},{"_mousePosition":[674,399],"_rootPartCFrame":[775.328,222.698,47.205,-0.029,0,1,0,1,0,-1,0,-0.029],"_humanoidState":8,"_cameraCFrame":[783.809,237.909,46.937,-0.032,-0.85,0.526,0,0.526,0.85,-1,0.027,-0.017],"_shiftlockState":false,"_pose":"Running","_animationQueue":[],"_animationSpeed":1.089,"_zoom":16.125},{"_mousePosition":[674,399],"_rootPartCFrame":[775.061,222.699,47.218,-0.032,0,0.999,0,1,0,-0.999,0,-0.032],"_humanoidState":8,"_cameraCFrame":[783.519,237.927,47.057,-0.019,-0.851,0.525,0,0.525,0.851,-1,0.016,-0.01],"_shiftlockState":false,"_pose":"Running","_animationQueue":[],"_animationSpeed":1.089,"_zoom":16.125},{"_mousePosition":[674,399],"_rootPartCFrame":[774.795,222.699,47.227,-0.032,0,0.999,0,1,0,-0.999,0,-0.032],"_humanoidState":8,"_cameraCFrame":[783.253,237.927,47.109,-0.014,-0.851,0.525,0,0.525,0.851,-1,0.012,-0.007],"_shiftlockState":false,"_pose":"Running","_animationQueue":[],"_animationSpeed":1.089,"_zoom":16.125},{"_mousePosition":[674,399],"_rootPartCFrame":[774.528,222.699,47.232,-0.03,0,1,0,1,0,-1,0,-0.03],"_humanoidState":8,"_cameraCFrame":[782.987,237.927,47.114,-0.014,-0.851,0.525,0,0.525,0.851,-1,0.012,-0.007],"_shiftlockState":false,"_pose":"Running","_animationQueue":[],"_animationSpeed":1.089,"_zoom":16.125},{"_mousePosition":[674,399],"_rootPartCFrame":[774.262,222.699,47.236,-0.028,0,1,0,1,0,-1,0,-0.028],"_humanoidState":8,"_cameraCFrame":[782.72,237.928,47.118,-0.014,-0.851,0.525,0,0.525,0.851,-1,0.012,-0.007],"_shiftlockState":false,"_pose":"Running","_animationQueue":[],"_animationSpeed":1.089,"_zoom":16.125},{"_mousePosition":[674,399],"_rootPartCFrame":[773.995,222.7,47.239,-0.026,0,1,0,1,0,-1,0,-0.026],"_humanoidState":8,"_cameraCFrame":[782.453,237.928,47.122,-0.014,-0.851,0.525,0,0.525,0.851,-1,0.012,-0.007],"_shiftlockState":false,"_pose":"Running","_animationQueue":[["walk",0.1]],"_animationSpeed":1.089,"_zoom":16.125},{"_mousePosition":[674,399],"_rootPartCFrame":[773.729,222.7,47.243,-0.025,0,1,0,1,0,-1,0,-0.025],"_humanoidState":8,"_cameraCFrame":[782.161,237.944,47.19,-0.006,-0.852,0.523,0,0.523,0.852,-1,0.005,-0.003],"_shiftlockState":false,"_pose":"Running","_animationQueue":[],"_animationSpeed":1.089,"_zoom":16.125},{"_mousePosition":[674,399],"_rootPartCFrame":[773.462,222.7,47.247,-0.023,0,1,0,1,0,-1,0,-0.023],"_humanoidState":8,"_cameraCFrame":[781.867,237.961,47.236,-0.001,-0.853,0.521,0,0.521,0.853,-1,0.001,-0.001],"_shiftlockState":false,"_pose":"Running","_animationQueue":[],"_animationSpeed":1.089,"_zoom":16.125},{"_mousePosition":[674,399],"_rootPartCFrame":[773.195,222.7,47.249,-0.021,0,1,0,1,0,-1,0,-0.021],"_humanoidState":8,"_cameraCFrame":[781.574,237.977,47.259,0.001,-0.854,0.52,0,0.52,0.854,-1,-0.001,0.001],"_shiftlockState":false,"_pose":"Running","_animationQueue":[],"_animationSpeed":1.089,"_zoom":16.125},{"_mousePosition":[674,399],"_rootPartCFrame":[772.929,222.7,47.249,-0.018,0,1,0,1,0,-1,0,-0.018],"_humanoidState":8,"_cameraCFrame":[781.28,237.993,47.281,0.004,-0.855,0.518,0,0.518,0.855,-1,-0.003,0.002],"_shiftlockState":false,"_pose":"Running","_animationQueue":[],"_animationSpeed":1.089,"_zoom":16.125},{"_mousePosition":[674,399],"_rootPartCFrame":[772.662,222.7,47.249,-0.016,0,1,0,1,0,-1,0,-0.016],"_humanoidState":8,"_cameraCFrame":[780.987,238.009,47.302,0.006,-0.856,0.516,0,0.516,0.856,-1,-0.005,0.003],"_shiftlockState":false,"_pose":"Running","_animationQueue":[],"_animationSpeed":1.089,"_zoom":16.125},{"_mousePosition":[674,399],"_rootPartCFrame":[772.395,222.7,47.248,-0.013,0,1,0,1,0,-1,0,-0.013],"_humanoidState":8,"_cameraCFrame":[780.681,238.042,45.571,0.009,-0.858,0.513,0,0.513,0.858,-1,-0.008,0.005],"_shiftlockState":true,"_pose":"Running","_animationQueue":[["walk",0.1]],"_animationSpeed":1.089,"_zoom":16.125},{"_mousePosition":[683,384],"_rootPartCFrame":[772.129,222.7,47.246,0.009,0,1,0,1,0,-1,0,0.009],"_humanoidState":8,"_cameraCFrame":[780.415,238.042,45.57,0.009,-0.858,0.513,0,0.513,0.858,-1,-0.008,0.005],"_shiftlockState":true,"_pose":"Running","_animationQueue":[],"_animationSpeed":1.089,"_zoom":16.125},{"_mousePosition":[683,384],"_rootPartCFrame":[771.862,222.7,47.244,0.009,0,1,0,1,0,-1,0,0.009],"_humanoidState":8,"_cameraCFrame":[780.125,238.058,45.588,0.011,-0.859,0.511,0,0.511,0.859,-1,-0.01,0.006],"_shiftlockState":true,"_pose":"Running","_animationQueue":[],"_animationSpeed":1.089,"_zoom":16.125},{"_mousePosition":[683,384],"_rootPartCFrame":[771.595,222.7,47.242,0.011,0,1,0,1,0,-1,0,0.011],"_humanoidState":8,"_cameraCFrame":[779.805,238.09,45.585,0.011,-0.861,0.508,0,0.508,0.861,-1,-0.01,0.006],"_shiftlockState":true,"_pose":"Running","_animationQueue":[],"_animationSpeed":1.089,"_zoom":16.125},{"_mousePosition":[683,384],"_rootPartCFrame":[771.329,222.7,47.239,0.011,0,1,0,1,0,-1,0,0.011],"_humanoidState":8,"_cameraCFrame":[779.434,238.153,45.601,0.014,-0.865,0.501,0,0.501,0.865,-1,-0.012,0.007],"_shiftlockState":true,"_pose":"Running","_animationQueue":[],"_animationSpeed":1.089,"_zoom":16.125},{"_mousePosition":[683,384],"_rootPartCFrame":[771.062,223.573,47.236,0.014,0,1,0,1,0,-1,0,0.014],"_humanoidState":3,"_cameraCFrame":[779.14,239.042,45.598,0.014,-0.866,0.499,0,0.499,0.866,-1,-0.012,0.007],"_shiftlockState":true,"_pose":"Jumping","_animationQueue":[["walk",0.1],["jump",0.1]],"_animationSpeed":1,"_zoom":16.125},{"_mousePosition":[683,384],"_rootPartCFrame":[770.796,224.395,47.232,0.014,0,1,0,1,0,-1,0,0.014],"_humanoidState":5,"_cameraCFrame":[778.819,239.895,45.594,0.014,-0.868,0.496,0,0.496,0.868,-1,-0.012,0.007],"_shiftlockState":true,"_pose":"FreeFall","_animationQueue":[["jump",0.1]],"_animationSpeed":1,"_zoom":16.125},{"_mousePosition":[683,384],"_rootPartCFrame":[770.596,224.976,47.229,0.014,0,1,0,1,0,-1,0,0.014],"_humanoidState":5,"_cameraCFrame":[778.564,240.507,45.59,0.014,-0.87,0.493,0,0.493,0.87,-1,-0.012,0.007],"_shiftlockState":true,"_pose":"FreeFall","_animationQueue":[],"_animationSpeed":1,"_zoom":16.125},{"_mousePosition":[683,384],"_rootPartCFrame":[770.262,225.875,47.225,0.014,0,1,0,1,0,-1,0,0.014],"_humanoidState":5,"_cameraCFrame":[778.176,241.438,45.585,0.014,-0.872,0.489,0,0.489,0.872,-1,-0.012,0.007],"_shiftlockState":true,"_pose":"FreeFall","_animationQueue":[],"_animationSpeed":1,"_zoom":16.125},{"_mousePosition":[683,384],"_rootPartCFrame":[769.996,226.534,47.221,0.014,0,1,0,1,0,-1,0,0.014],"_humanoidState":5,"_cameraCFrame":[777.855,242.127,45.58,0.014,-0.874,0.486,0,0.486,0.874,-1,-0.012,0.007],"_shiftlockState":true,"_pose":"FreeFall","_animationQueue":[],"_animationSpeed":1,"_zoom":16.125},{"_mousePosition":[683,384],"_rootPartCFrame":[769.729,227.138,47.217,0.014,0,1,0,1,0,-1,0,0.014],"_humanoidState":5,"_cameraCFrame":[777.533,242.762,45.576,0.014,-0.876,0.482,0,0.483,0.876,-1,-0.012,0.007],"_shiftlockState":true,"_pose":"FreeFall","_animationQueue":[],"_animationSpeed":1,"_zoom":16.125},{"_mousePosition":[683,384],"_rootPartCFrame":[769.463,227.687,47.213,0.014,0,1,0,1,0,-1,0,0.014],"_humanoidState":5,"_cameraCFrame":[777.176,243.356,45.532,0.009,-0.879,0.477,0,0.477,0.879,-1,-0.008,0.004],"_shiftlockState":true,"_pose":"FreeFall","_animationQueue":[],"_animationSpeed":1,"_zoom":16.125},{"_mousePosition":[683,384],"_rootPartCFrame":[769.196,228.182,47.21,0.009,0,1,0,1,0,-1,0,0.009],"_humanoidState":5,"_cameraCFrame":[776.785,243.911,45.469,0.001,-0.882,0.471,0,0.471,0.882,-1,-0.001,0.001],"_shiftlockState":true,"_pose":"FreeFall","_animationQueue":[],"_animationSpeed":1,"_zoom":16.125},{"_mousePosition":[683,384],"_rootPartCFrame":[768.929,228.623,47.207,0.002,0,1,0,1,0,-1,0,0.002],"_humanoidState":5,"_cameraCFrame":[776.38,244.41,45.353,-0.014,-0.886,0.464,0,0.464,0.886,-1,0.012,-0.006],"_shiftlockState":true,"_pose":"FreeFall","_animationQueue":[],"_animationSpeed":1,"_zoom":16.125},{"_mousePosition":[683,384],"_rootPartCFrame":[768.729,228.918,47.207,-0.013,0,1,0,1,0,-1,0,-0.013],"_humanoidState":5,"_cameraCFrame":[776.03,244.763,45.206,-0.034,-0.889,0.456,0,0.457,0.89,-0.999,0.03,-0.016],"_shiftlockState":true,"_pose":"FreeFall","_animationQueue":[],"_animationSpeed":1,"_zoom":16.125},{"_mousePosition":[683,384],"_rootPartCFrame":[768.396,229.34,47.211,-0.031,0,1,0,1,0,-1,0,-0.031],"_humanoidState":5,"_cameraCFrame":[775.537,245.242,45.051,-0.057,-0.892,0.449,0,0.45,0.893,-0.998,0.051,-0.026],"_shiftlockState":true,"_pose":"FreeFall","_animationQueue":[],"_animationSpeed":1,"_zoom":16.125},{"_mousePosition":[683,384],"_rootPartCFrame":[768.13,229.617,47.219,-0.054,0,0.999,0,1,0,-0.999,0,-0.054],"_humanoidState":5,"_cameraCFrame":[775.136,245.562,44.904,-0.08,-0.893,0.443,0,0.445,0.896,-0.997,0.071,-0.035],"_shiftlockState":true,"_pose":"FreeFall","_animationQueue":[],"_animationSpeed":1,"_zoom":16.125},{"_mousePosition":[683,384],"_rootPartCFrame":[767.863,229.84,47.233,-0.077,0,0.997,0,1,0,-0.997,0,-0.077],"_humanoidState":5,"_cameraCFrame":[774.771,245.812,44.8,-0.097,-0.893,0.439,0,0.441,0.897,-0.995,0.087,-0.043],"_shiftlockState":true,"_pose":"FreeFall","_animationQueue":[],"_animationSpeed":1,"_zoom":16.125},{"_mousePosition":[683,384],"_rootPartCFrame":[767.899,229.997,47.228,-0.03,0.037,0.999,-0.006,0.999,-0.037,-1,-0.007,-0.029],"_humanoidState":12,"_cameraCFrame":[774.822,245.982,44.752,-0.102,-0.894,0.437,0,0.439,0.898,-0.995,0.092,-0.045],"_shiftlockState":true,"_pose":"Climbing","_animationQueue":[["walk",0.1],["climb",0.1]],"_animationSpeed":1.01,"_zoom":16.125},{"_mousePosition":[683,384],"_rootPartCFrame":[767.916,230.183,47.227,-0.094,0.009,0.996,-0.002,1,-0.009,-0.996,-0.003,-0.094],"_humanoidState":12,"_cameraCFrame":[774.781,246.182,44.795,-0.097,-0.895,0.435,0,0.438,0.899,-0.995,0.087,-0.043],"_shiftlockState":true,"_pose":"Climbing","_animationQueue":[["climb",0.1]],"_animationSpeed":0.911,"_zoom":16.125},{"_mousePosition":[683,384],"_rootPartCFrame":[767.918,230.323,47.227,-0.096,-0.001,0.995,0,1,0.001,-0.995,0,-0.096],"_humanoidState":12,"_cameraCFrame":[774.989,246.295,45.324,-0.021,-0.897,0.441,0,0.441,0.897,-1,0.019,-0.009],"_shiftlockState":true,"_pose":"Climbing","_animationQueue":[],"_animationSpeed":0.911,"_zoom":16.125},{"_mousePosition":[683,384],"_rootPartCFrame":[767.919,230.556,47.226,-0.021,-0.002,1,0,1,0.002,-1,0,-0.021],"_humanoidState":12,"_cameraCFrame":[775.372,246.458,46.943,0.197,-0.876,0.441,0,0.45,0.893,-0.98,-0.176,0.089],"_shiftlockState":true,"_pose":"Climbing","_animationQueue":[],"_animationSpeed":0.911,"_zoom":16.125},{"_mousePosition":[683,384],"_rootPartCFrame":[767.936,230.743,47.23,0.197,0,0.98,0,1,0,-0.98,0,0.197],"_humanoidState":12,"_cameraCFrame":[775.186,246.53,49.759,0.536,-0.748,0.391,0,0.464,0.886,-0.844,-0.475,0.248],"_shiftlockState":true,"_pose":"Climbing","_animationQueue":[],"_animationSpeed":0.911,"_zoom":16.125},{"_mousePosition":[683,384],"_rootPartCFrame":[768.229,230.929,47.285,0.525,0,0.851,0,1,0,-0.851,0,0.525],"_humanoidState":12,"_cameraCFrame":[774.204,246.553,52.567,0.811,-0.513,0.283,0,0.483,0.876,-0.586,-0.71,0.391],"_shiftlockState":true,"_pose":"Climbing","_animationQueue":[],"_animationSpeed":0.911,"_zoom":16.125},{"_mousePosition":[683,384],"_rootPartCFrame":[768.438,231.187,47.25,0.804,0.003,0.595,0,1,-0.006,-0.595,0.005,0.804],"_humanoidState":8,"_cameraCFrame":[773.184,246.593,54.13,0.924,-0.33,0.194,0,0.506,0.862,-0.383,-0.797,0.468],"_shiftlockState":true,"_pose":"Standing","_animationQueue":[["climb",0.1],["idle",0.1],["idle",0.1]],"_animationSpeed":1,"_zoom":16.125},{"_mousePosition":[683,384],"_rootPartCFrame":[768.501,232.069,47.18,0.92,0.01,0.392,-0.004,1,-0.016,-0.393,0.013,0.92],"_humanoidState":3,"_cameraCFrame":[772.845,247.346,54.584,0.948,-0.272,0.166,0,0.52,0.854,-0.319,-0.81,0.493],"_shiftlockState":true,"_pose":"Jumping","_animationQueue":[["walk",0.1],["jump",0.1]],"_animationSpeed":1,"_zoom":16.125},{"_mousePosition":[683,384],"_rootPartCFrame":[768.505,232.918,47.13,0.947,0.006,0.322,-0.003,1,-0.01,-0.322,0.009,0.947],"_humanoidState":5,"_cameraCFrame":[773.48,248.113,54.275,0.919,-0.335,0.208,0,0.528,0.849,-0.394,-0.78,0.485],"_shiftlockState":true,"_pose":"FreeFall","_animationQueue":[["jump",0.1]],"_animationSpeed":1,"_zoom":16.125},{"_mousePosition":[683,384],"_rootPartCFrame":[768.505,233.713,47.117,0.919,0.002,0.395,-0.001,1,-0.003,-0.395,0.002,0.919],"_humanoidState":5,"_cameraCFrame":[774.911,248.925,52.958,0.809,-0.5,0.309,0,0.526,0.85,-0.588,-0.688,0.426],"_shiftlockState":true,"_pose":"FreeFall","_animationQueue":[],"_animationSpeed":1,"_zoom":16.125},{"_mousePosition":[683,384],"_rootPartCFrame":[768.504,234.453,47.116,0.809,0.001,0.588,-0.001,1,0,-0.588,0,0.809],"_humanoidState":5,"_cameraCFrame":[776.129,249.763,50.89,0.619,-0.673,0.406,0,0.516,0.856,-0.786,-0.53,0.319],"_shiftlockState":true,"_pose":"FreeFall","_animationQueue":[],"_animationSpeed":1,"_zoom":16.125},{"_mousePosition":[683,384],"_rootPartCFrame":[768.504,235.139,47.116,0.619,0,0.786,0,1,0,-0.786,0,0.619],"_humanoidState":5,"_cameraCFrame":[776.607,250.593,48.763,0.402,-0.792,0.459,0,0.501,0.865,-0.916,-0.348,0.202],"_shiftlockState":true,"_pose":"FreeFall","_animationQueue":[],"_animationSpeed":1,"_zoom":16.125},{"_mousePosition":[683,384],"_rootPartCFrame":[768.504,235.771,47.116,0.402,0,0.916,0,1,0,-0.916,0,0.402],"_humanoidState":5,"_cameraCFrame":[776.571,251.333,46.631,0.158,-0.861,0.483,0,0.489,0.872,-0.988,-0.137,0.077],"_shiftlockState":true,"_pose":"FreeFall","_animationQueue":[],"_animationSpeed":1,"_zoom":16.125},{"_mousePosition":[683,384],"_rootPartCFrame":[768.481,236.347,47.106,0.181,0,0.984,0,1,0,-0.984,0,0.181],"_humanoidState":5,"_cameraCFrame":[776.459,251.925,45.988,0.08,-0.87,0.486,0,0.488,0.873,-0.997,-0.07,0.039],"_shiftlockState":true,"_pose":"FreeFall","_animationQueue":[],"_animationSpeed":1,"_zoom":16.125},{"_mousePosition":[683,384],"_rootPartCFrame":[768.42,236.87,47.087,0.096,0,0.995,0,1,0,-0.995,0,0.096],"_humanoidState":5,"_cameraCFrame":[776.38,252.448,45.848,0.065,-0.871,0.487,0,0.488,0.873,-0.998,-0.056,0.031],"_shiftlockState":true,"_pose":"FreeFall","_animationQueue":[],"_animationSpeed":1,"_zoom":16.125},{"_mousePosition":[683,384],"_rootPartCFrame":[768.32,237.338,47.067,0.07,0,0.998,0,1,0,-0.998,0,0.07],"_humanoidState":5,"_cameraCFrame":[776.279,252.916,45.828,0.065,-0.871,0.487,0,0.488,0.873,-0.998,-0.056,0.031],"_shiftlockState":true,"_pose":"FreeFall","_animationQueue":[],"_animationSpeed":1,"_zoom":16.125},{"_mousePosition":[683,384],"_rootPartCFrame":[768.179,237.751,47.047,0.066,0,0.998,0,1,0,-0.998,0,0.066],"_humanoidState":5,"_cameraCFrame":[776.098,253.344,45.725,0.054,-0.873,0.485,0,0.486,0.874,-0.999,-0.048,0.026],"_shiftlockState":true,"_pose":"FreeFall","_animationQueue":[],"_animationSpeed":1,"_zoom":16.125},{"_mousePosition":[683,384],"_rootPartCFrame":[767.999,238.11,47.027,0.055,0,0.998,0,1,0,-0.998,0,0.055],"_humanoidState":5,"_cameraCFrame":[775.862,253.718,45.545,0.034,-0.874,0.484,0,0.484,0.875,-0.999,-0.03,0.017],"_shiftlockState":true,"_pose":"FreeFall","_animationQueue":[],"_animationSpeed":1,"_zoom":16.125},{"_mousePosition":[683,384],"_rootPartCFrame":[767.934,238.374,47.011,0.002,0,1,0.004,1,0,-1,0.004,0.002],"_humanoidState":5,"_cameraCFrame":[775.694,253.998,45.179,-0.011,-0.876,0.482,0,0.483,0.876,-1,0.01,-0.005],"_shiftlockState":true,"_pose":"FreeFall","_animationQueue":[],"_animationSpeed":1,"_zoom":16.125},{"_mousePosition":[683,384],"_rootPartCFrame":[767.985,238.544,46.996,-0.022,0,1,0.003,1,0,-1,0.003,-0.022],"_humanoidState":5,"_cameraCFrame":[775.63,254.168,44.733,-0.067,-0.874,0.481,0,0.483,0.876,-0.998,0.059,-0.032],"_shiftlockState":true,"_pose":"FreeFall","_animationQueue":[],"_animationSpeed":1,"_zoom":16.125},{"_mousePosition":[683,384],"_rootPartCFrame":[767.995,238.66,46.981,-0.062,0,0.998,0.001,1,0,-0.998,0.001,-0.062],"_humanoidState":5,"_cameraCFrame":[775.483,254.299,44.316,-0.12,-0.871,0.477,0,0.481,0.877,-0.993,0.105,-0.058],"_shiftlockState":true,"_pose":"FreeFall","_animationQueue":[],"_animationSpeed":1,"_zoom":16.125},{"_mousePosition":[683,384],"_rootPartCFrame":[767.967,238.721,46.971,-0.113,0,0.994,0,1,0,-0.994,0,-0.113],"_humanoidState":5,"_cameraCFrame":[775.313,254.375,44.008,-0.16,-0.866,0.473,0,0.479,0.878,-0.987,0.14,-0.077],"_shiftlockState":true,"_pose":"FreeFall","_animationQueue":[],"_animationSpeed":1,"_zoom":16.125},{"_mousePosition":[683,384],"_rootPartCFrame":[767.899,238.727,46.968,-0.154,0,0.988,0,1,0,-0.988,0,-0.154],"_humanoidState":5,"_cameraCFrame":[775.105,254.411,43.811,-0.187,-0.864,0.467,0,0.476,0.88,-0.982,0.165,-0.089],"_shiftlockState":true,"_pose":"FreeFall","_animationQueue":[],"_animationSpeed":1,"_zoom":16.125},{"_mousePosition":[683,384],"_rootPartCFrame":[767.948,238.693,47.013,-0.167,-0.001,0.986,0.001,1,0.001,-0.986,0.001,-0.167],"_humanoidState":5,"_cameraCFrame":[775.05,254.406,43.76,-0.202,-0.863,0.462,0,0.472,0.881,-0.979,0.178,-0.096],"_shiftlockState":true,"_pose":"FreeFall","_animationQueue":[],"_animationSpeed":1,"_zoom":16.125},{"_mousePosition":[683,384],"_rootPartCFrame":[768.014,238.603,47.072,-0.198,0,0.98,0,1,0,-0.98,0,-0.198],"_humanoidState":5,"_cameraCFrame":[775.073,254.332,43.788,-0.207,-0.863,0.46,0,0.471,0.882,-0.978,0.183,-0.098],"_shiftlockState":true,"_pose":"FreeFall","_animationQueue":[],"_animationSpeed":1,"_zoom":16.125},{"_mousePosition":[683,384],"_rootPartCFrame":[768.044,238.459,47.121,-0.206,0,0.979,0,1,0,-0.979,0,-0.206],"_humanoidState":5,"_cameraCFrame":[775.109,254.202,43.914,-0.197,-0.866,0.46,0,0.469,0.883,-0.98,0.174,-0.093],"_shiftlockState":true,"_pose":"FreeFall","_animationQueue":[],"_animationSpeed":1,"_zoom":16.125},{"_mousePosition":[683,384],"_rootPartCFrame":[768.034,238.261,47.172,-0.198,0,0.98,0,1,0,-0.98,0,-0.198],"_humanoidState":5,"_cameraCFrame":[775.451,253.959,44.631,-0.105,-0.876,0.471,0,0.474,0.881,-0.994,0.092,-0.05],"_shiftlockState":true,"_pose":"FreeFall","_animationQueue":[],"_animationSpeed":1,"_zoom":16.125},{"_mousePosition":[683,384],"_rootPartCFrame":[768.001,238.076,47.21,-0.111,0,0.994,0,1,0,-0.994,0,-0.111],"_humanoidState":5,"_cameraCFrame":[776.079,253.623,46.504,0.13,-0.864,0.487,0,0.491,0.871,-0.992,-0.113,0.064],"_shiftlockState":true,"_pose":"FreeFall","_animationQueue":[],"_animationSpeed":1,"_zoom":16.125},{"_mousePosition":[683,384],"_rootPartCFrame":[767.896,237.7,47.27,0.098,0,0.995,0,1,0,-0.995,0,0.098],"_humanoidState":5,"_cameraCFrame":[775.973,253.026,49.855,0.495,-0.745,0.447,0,0.515,0.857,-0.869,-0.424,0.255],"_shiftlockState":true,"_pose":"FreeFall","_animationQueue":[["fall",0.3]],"_animationSpeed":1,"_zoom":16.125},{"_mousePosition":[683,384],"_rootPartCFrame":[768.208,237.634,47.258,0.44,0.063,0.896,-0.058,0.997,-0.041,-0.896,-0.034,0.442],"_humanoidState":7,"_cameraCFrame":[774.502,252.725,53.518,0.838,-0.46,0.294,0,0.538,0.843,-0.546,-0.706,0.451],"_shiftlockState":true,"_pose":"FreeFall","_animationQueue":[["walk",0.1],["fall",0.3],["fall",0.3]],"_animationSpeed":1,"_zoom":16.125},{"_mousePosition":[683,384],"_rootPartCFrame":[768.461,237.536,47.197,0.829,0.018,0.559,-0.025,1,0.004,-0.559,-0.017,0.829],"_humanoidState":7,"_cameraCFrame":[771.706,252.264,55.988,0.987,-0.133,0.092,0,0.572,0.82,-0.162,-0.81,0.564],"_shiftlockState":true,"_pose":"FreeFall","_animationQueue":[],"_animationSpeed":1,"_zoom":16.125},{"_mousePosition":[683,384],"_rootPartCFrame":[768.445,237.4,47.135,0.988,0.003,0.157,-0.004,1,0.002,-0.157,-0.002,0.988],"_humanoidState":8,"_cameraCFrame":[769.591,251.816,56.876,0.998,0.05,-0.038,0,0.599,0.801,0.063,-0.799,0.598],"_shiftlockState":true,"_pose":"Running","_animationQueue":[["walk",0.1],["fall",0.3],["walk",0.1]],"_animationSpeed":0.467,"_zoom":16.125},{"_mousePosition":[683,384],"_rootPartCFrame":[768.461,238.283,47.087,0.998,0.009,-0.07,-0.01,1,-0.007,0.07,0.008,0.998],"_humanoidState":3,"_cameraCFrame":[769.582,252.604,56.972,0.998,0.052,-0.04,0,0.606,0.795,0.065,-0.793,0.605],"_shiftlockState":true,"_pose":"Jumping","_animationQueue":[["walk",0.1],["jump",0.1]],"_animationSpeed":1,"_zoom":16.125},{"_mousePosition":[683,384],"_rootPartCFrame":[768.474,239.133,47.012,0.998,0.006,-0.067,-0.006,1,-0.006,0.067,0.006,0.998],"_humanoidState":5,"_cameraCFrame":[771.701,253.548,56.29,0.988,-0.124,0.092,0,0.599,0.801,-0.154,-0.791,0.592],"_shiftlockState":true,"_pose":"FreeFall","_animationQueue":[["jump",0.1]],"_animationSpeed":1,"_zoom":16.125},{"_mousePosition":[683,384],"_rootPartCFrame":[768.488,239.927,46.896,0.991,0.002,0.134,-0.002,1,-0.002,-0.134,0.001,0.991],"_humanoidState":5,"_cameraCFrame":[774.446,254.565,54.315,0.882,-0.384,0.274,0,0.58,0.815,-0.472,-0.718,0.511],"_shiftlockState":true,"_pose":"FreeFall","_animationQueue":[],"_animationSpeed":1,"_zoom":16.125},{"_mousePosition":[683,384],"_rootPartCFrame":[768.493,240.668,46.744,0.899,0,0.437,-0.001,1,0,-0.437,0,0.899],"_humanoidState":5,"_cameraCFrame":[777.05,255.503,50.211,0.544,-0.694,0.472,0,0.562,0.827,-0.839,-0.45,0.306],"_shiftlockState":true,"_pose":"FreeFall","_animationQueue":[],"_animationSpeed":1,"_zoom":16.125},{"_mousePosition":[683,384],"_rootPartCFrame":[768.471,241.354,46.566,0.593,0,0.805,0,1,0,-0.805,0,0.593],"_humanoidState":5,"_cameraCFrame":[777.521,256.259,47.77,0.32,-0.788,0.527,0,0.556,0.831,-0.948,-0.266,0.178],"_shiftlockState":true,"_pose":"FreeFall","_animationQueue":[],"_animationSpeed":1,"_zoom":16.125},{"_mousePosition":[683,384],"_rootPartCFrame":[768.411,241.985,46.386,0.36,0,0.933,0,1,0,-0.933,0,0.36],"_humanoidState":5,"_cameraCFrame":[777.566,256.873,46.235,0.175,-0.817,0.549,0,0.557,0.83,-0.985,-0.145,0.098],"_shiftlockState":true,"_pose":"FreeFall","_animationQueue":[],"_animationSpeed":1,"_zoom":16.125},{"_mousePosition":[683,384],"_rootPartCFrame":[768.315,242.562,46.22,0.2,0,0.98,0,1,0,-0.98,0,0.2],"_humanoidState":5,"_cameraCFrame":[777.522,257.397,45.523,0.115,-0.822,0.558,0,0.562,0.827,-0.993,-0.095,0.065],"_shiftlockState":true,"_pose":"FreeFall","_animationQueue":[],"_animationSpeed":1,"_zoom":16.125},{"_mousePosition":[683,384],"_rootPartCFrame":[768.186,243.084,46.076,0.127,0,0.992,0,1,0,-0.992,0,0.127],"_humanoidState":5,"_cameraCFrame":[777.405,257.901,45.219,0.097,-0.822,0.561,0,0.564,0.826,-0.995,-0.08,0.055],"_shiftlockState":true,"_pose":"FreeFall","_animationQueue":[],"_animationSpeed":1,"_zoom":16.125},{"_mousePosition":[683,384],"_rootPartCFrame":[768.026,243.552,45.956,0.102,0,0.995,0,1,0,-0.995,0,0.102],"_humanoidState":5,"_cameraCFrame":[777.238,258.369,45.029,0.09,-0.823,0.562,0,0.564,0.826,-0.996,-0.074,0.051],"_shiftlockState":true,"_pose":"FreeFall","_animationQueue":[],"_animationSpeed":1,"_zoom":16.125},{"_mousePosition":[683,384],"_rootPartCFrame":[767.836,243.965,45.863,0.091,0,0.996,0,1,0,-0.996,0,0.091],"_humanoidState":5,"_cameraCFrame":[777.041,258.783,44.866,0.082,-0.823,0.562,0,0.564,0.826,-0.997,-0.068,0.046],"_shiftlockState":true,"_pose":"FreeFall","_animationQueue":[],"_animationSpeed":1,"_zoom":16.125},{"_mousePosition":[683,384],"_rootPartCFrame":[767.616,244.324,45.797,0.083,0,0.997,0,1,0,-0.997,0,0.083],"_humanoidState":5,"_cameraCFrame":[776.756,259.177,44.68,0.07,-0.826,0.559,0,0.561,0.828,-0.998,-0.058,0.039],"_shiftlockState":true,"_pose":"FreeFall","_animationQueue":[],"_animationSpeed":1,"_zoom":16.125},{"_mousePosition":[683,384],"_rootPartCFrame":[767.368,244.628,45.758,0.071,0,0.997,0,1,0,-0.997,0,0.071],"_humanoidState":5,"_cameraCFrame":[776.441,259.516,44.522,0.057,-0.829,0.556,0,0.557,0.83,-0.998,-0.047,0.032],"_shiftlockState":true,"_pose":"FreeFall","_animationQueue":[],"_animationSpeed":1,"_zoom":16.125},{"_mousePosition":[683,384],"_rootPartCFrame":[767.103,244.878,45.738,0.059,0,0.998,0,1,0,-0.998,0,0.059],"_humanoidState":5,"_cameraCFrame":[776.137,259.783,44.409,0.047,-0.83,0.555,0,0.556,0.831,-0.999,-0.039,0.026],"_shiftlockState":true,"_pose":"FreeFall","_animationQueue":[],"_animationSpeed":1,"_zoom":16.125},{"_mousePosition":[683,384],"_rootPartCFrame":[766.837,245.073,45.722,0.048,0,0.999,0,1,0,-0.999,0,0.048],"_humanoidState":5,"_cameraCFrame":[775.801,260.014,44.278,0.034,-0.833,0.552,0,0.553,0.834,-0.999,-0.028,0.019],"_shiftlockState":true,"_pose":"FreeFall","_animationQueue":[],"_animationSpeed":1,"_zoom":16.125},{"_mousePosition":[683,384],"_rootPartCFrame":[766.637,245.184,45.712,0.035,0,0.999,0,1,0,-0.999,0,0.035],"_humanoidState":5,"_cameraCFrame":[775.499,260.176,44.13,0.019,-0.837,0.548,0,0.548,0.837,-1,-0.016,0.01],"_shiftlockState":true,"_pose":"FreeFall","_animationQueue":[],"_animationSpeed":1,"_zoom":16.125},{"_mousePosition":[683,384],"_rootPartCFrame":[766.371,245.284,45.703,0.021,0,1,0,1,0,-1,0,0.021],"_humanoidState":5,"_cameraCFrame":[775.129,260.327,43.986,0.004,-0.84,0.543,0,0.543,0.84,-1,-0.003,0.002],"_shiftlockState":true,"_pose":"FreeFall","_animationQueue":[],"_animationSpeed":1,"_zoom":16.125},{"_mousePosition":[683,384],"_rootPartCFrame":[766.038,245.332,45.696,0.006,0,1,0,1,0,-1,0,0.006],"_humanoidState":5,"_cameraCFrame":[774.653,260.443,43.804,-0.016,-0.844,0.536,0,0.536,0.844,-1,0.014,-0.009],"_shiftlockState":true,"_pose":"FreeFall","_animationQueue":[["fall",0.3]],"_animationSpeed":1,"_zoom":16.125},{"_mousePosition":[683,384],"_rootPartCFrame":[765.771,245.309,45.694,-0.014,0,1,0,1,0,-1,0,-0.014],"_humanoidState":5,"_cameraCFrame":[774.387,260.421,43.802,-0.016,-0.844,0.536,0,0.536,0.844,-1,0.014,-0.009],"_shiftlockState":true,"_pose":"FreeFall","_animationQueue":[],"_animationSpeed":1,"_zoom":16.125},{"_mousePosition":[683,384],"_rootPartCFrame":[765.565,245.329,45.697,-0.016,0,1,0,1,0,-1,0,-0.016],"_humanoidState":7,"_cameraCFrame":[774.154,260.458,43.805,-0.016,-0.845,0.534,0,0.535,0.845,-1,0.014,-0.009],"_shiftlockState":true,"_pose":"FreeFall","_animationQueue":[["walk",0.1],["fall",0.3],["fall",0.3]],"_animationSpeed":1,"_zoom":16.125},{"_mousePosition":[683,384],"_rootPartCFrame":[765.374,245.478,45.7,-0.016,0,1,0,1,0,-1,0,-0.016],"_humanoidState":7,"_cameraCFrame":[773.906,260.64,43.788,-0.019,-0.847,0.531,0,0.531,0.847,-1,0.016,-0.01],"_shiftlockState":true,"_pose":"FreeFall","_animationQueue":[],"_animationSpeed":1,"_zoom":16.125},{"_mousePosition":[683,384],"_rootPartCFrame":[765.171,245.569,45.703,-0.019,0,1,0,1,0,-1,0,-0.019],"_humanoidState":8,"_cameraCFrame":[773.607,260.781,43.728,-0.027,-0.85,0.526,0,0.526,0.85,-1,0.023,-0.014],"_shiftlockState":true,"_pose":"Running","_animationQueue":[["walk",0.1],["fall",0.3],["walk",0.1]],"_animationSpeed":0.784,"_zoom":16.125},{"_mousePosition":[683,384],"_rootPartCFrame":[764.952,245.631,45.707,-0.027,0,1,0,1,0,-1,0,-0.027],"_humanoidState":8,"_cameraCFrame":[773.245,260.908,43.588,-0.044,-0.854,0.519,0,0.52,0.854,-0.999,0.038,-0.023],"_shiftlockState":true,"_pose":"Running","_animationQueue":[["walk",0.1]],"_animationSpeed":0.85,"_zoom":16.125},{"_mousePosition":[683,384],"_rootPartCFrame":[764.722,245.722,45.713,-0.044,0,0.999,0,1,0,-0.999,0,-0.044],"_humanoidState":8,"_cameraCFrame":[772.836,261.08,43.435,-0.064,-0.858,0.51,0,0.511,0.859,-0.998,0.055,-0.033],"_shiftlockState":true,"_pose":"Running","_animationQueue":[["walk",0.1],["walk",0.1]],"_animationSpeed":0.908,"_zoom":16.125},{"_mousePosition":[683,384],"_rootPartCFrame":[764.482,245.823,45.723,-0.064,0,0.998,0,1,0,-0.998,0,-0.064],"_humanoidState":8,"_cameraCFrame":[772.392,261.277,43.315,-0.082,-0.862,0.499,0,0.501,0.865,-0.997,0.071,-0.041],"_shiftlockState":true,"_pose":"Running","_animationQueue":[["walk",0.1]],"_animationSpeed":0.958,"_zoom":16.125},{"_mousePosition":[683,384],"_rootPartCFrame":[764.234,245.926,45.739,-0.082,0,0.997,0,1,0,-0.997,0,-0.082],"_humanoidState":8,"_cameraCFrame":[771.904,261.489,43.191,-0.102,-0.868,0.487,0,0.489,0.872,-0.995,0.089,-0.05],"_shiftlockState":true,"_pose":"Running","_animationQueue":[],"_animationSpeed":0.958,"_zoom":16.125},{"_mousePosition":[683,384],"_rootPartCFrame":[763.98,246.023,45.759,-0.102,0,0.995,0,1,0,-0.995,0,-0.102],"_humanoidState":8,"_cameraCFrame":[771.625,261.692,44.855,-0.117,-0.873,0.474,0,0.477,0.879,-0.993,0.103,-0.056],"_shiftlockState":false,"_pose":"Running","_animationQueue":[["walk",0.1]],"_animationSpeed":1.032,"_zoom":16.125},{"_mousePosition":[683,384],"_rootPartCFrame":[763.721,246.106,45.785,-0.102,0,0.995,0,1,0,-0.995,0,-0.102],"_humanoidState":8,"_cameraCFrame":[771.366,261.775,44.881,-0.117,-0.873,0.474,0,0.477,0.879,-0.993,0.103,-0.056],"_shiftlockState":false,"_pose":"Running","_animationQueue":[],"_animationSpeed":1.032,"_zoom":16.125},{"_mousePosition":[683,384],"_rootPartCFrame":[763.459,246.173,45.815,-0.104,0,0.995,0,1,0,-0.995,0,-0.104],"_humanoidState":8,"_cameraCFrame":[771.016,261.887,44.883,-0.122,-0.875,0.469,0,0.472,0.881,-0.992,0.108,-0.058],"_shiftlockState":false,"_pose":"Running","_animationQueue":[],"_animationSpeed":1.032,"_zoom":16.125},{"_mousePosition":[683,384],"_rootPartCFrame":[763.194,246.22,45.846,-0.106,0,0.994,0,1,0,-0.994,0,-0.106],"_humanoidState":8,"_cameraCFrame":[770.752,261.934,44.914,-0.122,-0.875,0.469,0,0.472,0.881,-0.992,0.108,-0.058],"_shiftlockState":false,"_pose":"Running","_animationQueue":[["walk",0.1]],"_animationSpeed":1.094,"_zoom":16.125},{"_mousePosition":[683,384],"_rootPartCFrame":[762.93,246.246,45.879,-0.108,0,0.994,0,1,0,-0.994,0,-0.108],"_humanoidState":8,"_cameraCFrame":[770.488,261.96,44.947,-0.122,-0.875,0.469,0,0.472,0.881,-0.992,0.108,-0.058],"_shiftlockState":false,"_pose":"Running","_animationQueue":[["walk",0.1]],"_animationSpeed":1.094,"_zoom":16.125},{"_mousePosition":[683,384],"_rootPartCFrame":[762.667,246.238,45.911,-0.11,0,0.994,0,1,0,-0.994,0,-0.11],"_humanoidState":8,"_cameraCFrame":[770.197,261.967,44.982,-0.122,-0.876,0.467,0,0.471,0.882,-0.992,0.108,-0.058],"_shiftlockState":false,"_pose":"Running","_animationQueue":[],"_animationSpeed":1.094,"_zoom":16.125},{"_mousePosition":[683,384],"_rootPartCFrame":[762.408,246.182,45.943,-0.111,0,0.994,0,1,0,-0.994,0,-0.111],"_humanoidState":8,"_cameraCFrame":[769.911,261.925,45.018,-0.122,-0.877,0.465,0,0.469,0.883,-0.992,0.108,-0.057],"_shiftlockState":false,"_pose":"Running","_animationQueue":[],"_animationSpeed":1.094,"_zoom":16.125},{"_mousePosition":[683,384],"_rootPartCFrame":[762.155,246.093,45.974,-0.113,0,0.994,0,1,0,-0.994,0,-0.113],"_humanoidState":8,"_cameraCFrame":[769.63,261.851,45.052,-0.122,-0.878,0.464,0,0.467,0.884,-0.992,0.108,-0.057],"_shiftlockState":false,"_pose":"Running","_animationQueue":[],"_animationSpeed":1.094,"_zoom":16.125},{"_mousePosition":[683,384],"_rootPartCFrame":[761.91,245.978,46.005,-0.114,0,0.993,0,1,0,-0.993,0,-0.114],"_humanoidState":8,"_cameraCFrame":[769.329,261.765,45.089,-0.122,-0.879,0.46,0,0.464,0.886,-0.992,0.108,-0.057],"_shiftlockState":false,"_pose":"Running","_animationQueue":[],"_animationSpeed":1.094,"_zoom":16.125},{"_mousePosition":[683,384],"_rootPartCFrame":[761.674,245.831,46.034,-0.115,0,0.993,0,1,0,-0.993,0,-0.115],"_humanoidState":8,"_cameraCFrame":[769.043,261.648,45.163,-0.117,-0.882,0.457,0,0.46,0.888,-0.993,0.104,-0.054],"_shiftlockState":false,"_pose":"Running","_animationQueue":[["walk",0.1]],"_animationSpeed":1.019,"_zoom":16.125},{"_mousePosition":[683,384],"_rootPartCFrame":[761.45,245.662,46.061,-0.116,0,0.993,0,1,0,-0.993,0,-0.116],"_humanoidState":8,"_cameraCFrame":[768.742,261.521,45.255,-0.11,-0.885,0.452,0,0.455,0.891,-0.994,0.098,-0.05],"_shiftlockState":false,"_pose":"Running","_animationQueue":[["walk",0.1]],"_animationSpeed":1.019,"_zoom":16.125},{"_mousePosition":[683,384],"_rootPartCFrame":[761.293,245.563,46.08,-0.117,0,0.993,0,1,0,-0.993,0,-0.117],"_humanoidState":8,"_cameraCFrame":[768.509,261.465,45.356,-0.1,-0.889,0.448,0,0.45,0.893,-0.995,0.089,-0.045],"_shiftlockState":false,"_pose":"Running","_animationQueue":[["walk",0.1]],"_animationSpeed":0.926,"_zoom":16.125},{"_mousePosition":[683,384],"_rootPartCFrame":[761.048,245.33,46.107,-0.116,0,0.993,0,1,0,-0.993,0,-0.116],"_humanoidState":8,"_cameraCFrame":[768.185,261.274,45.446,-0.092,-0.892,0.443,0,0.445,0.896,-0.996,0.083,-0.041],"_shiftlockState":false,"_pose":"Running","_animationQueue":[["walk",0.1]],"_animationSpeed":0.867,"_zoom":16.125},{"_mousePosition":[683,384],"_rootPartCFrame":[760.878,245.075,46.125,-0.114,0,0.993,0,1,0,-0.993,0,-0.114],"_humanoidState":8,"_cameraCFrame":[767.937,261.061,45.525,-0.085,-0.895,0.438,0,0.439,0.898,-0.996,0.076,-0.037],"_shiftlockState":false,"_pose":"Running","_animationQueue":[["walk",0.1]],"_animationSpeed":0.81,"_zoom":16.125},{"_mousePosition":[683,384],"_rootPartCFrame":[760.693,245.079,46.142,-0.111,0,0.994,0,1,0,-0.994,0,-0.111],"_humanoidState":8,"_cameraCFrame":[767.671,261.106,45.602,-0.077,-0.898,0.433,0,0.434,0.901,-0.997,0.069,-0.033],"_shiftlockState":false,"_pose":"Running","_animationQueue":[["walk",0.1]],"_animationSpeed":0.697,"_zoom":16.125},{"_mousePosition":[683,384],"_rootPartCFrame":[760.525,245.032,46.156,-0.108,0,0.994,0,1,0,-0.994,0,-0.108],"_humanoidState":8,"_cameraCFrame":[767.422,261.1,45.676,-0.07,-0.901,0.428,0,0.429,0.903,-0.998,0.063,-0.03],"_shiftlockState":false,"_pose":"Running","_animationQueue":[["walk",0.1]],"_animationSpeed":0.775,"_zoom":16.125},{"_mousePosition":[683,384],"_rootPartCFrame":[760.355,245.037,46.169,-0.104,0,0.995,0,1,0,-0.995,0,-0.104],"_humanoidState":8,"_cameraCFrame":[767.254,261.105,45.724,-0.064,-0.902,0.428,0,0.429,0.903,-0.998,0.058,-0.028],"_shiftlockState":false,"_pose":"Running","_animationQueue":[["walk",0.1]],"_animationSpeed":0.692,"_zoom":16.125},{"_mousePosition":[683,384],"_rootPartCFrame":[760.203,244.954,46.18,-0.099,0,0.995,0,1,0,-0.995,0,-0.099],"_humanoidState":8,"_cameraCFrame":[767.104,261.021,45.769,-0.059,-0.902,0.428,0,0.429,0.903,-0.998,0.054,-0.025],"_shiftlockState":false,"_pose":"Running","_animationQueue":[["walk",0.1]],"_animationSpeed":0.692,"_zoom":16.125},{"_mousePosition":[683,384],"_rootPartCFrame":[760.014,246.037,46.193,-0.094,0,0.996,0,1,0,-0.996,0,-0.094],"_humanoidState":3,"_cameraCFrame":[766.915,262.105,45.783,-0.059,-0.902,0.428,0,0.429,0.903,-0.998,0.054,-0.025],"_shiftlockState":false,"_pose":"Jumping","_animationQueue":[["walk",0.1],["jump",0.1]],"_animationSpeed":1,"_zoom":16.125},{"_mousePosition":[683,384],"_rootPartCFrame":[759.886,246.649,46.202,-0.09,0,0.996,0,1,0,-0.996,0,-0.09],"_humanoidState":5,"_cameraCFrame":[766.787,262.716,45.791,-0.059,-0.902,0.428,0,0.429,0.903,-0.998,0.054,-0.025],"_shiftlockState":false,"_pose":"FreeFall","_animationQueue":[["jump",0.1]],"_animationSpeed":1,"_zoom":16.125},{"_mousePosition":[683,384],"_rootPartCFrame":[759.681,247.416,46.215,-0.086,0,0.996,0,1,0,-0.996,0,-0.086],"_humanoidState":5,"_cameraCFrame":[766.582,263.484,45.804,-0.059,-0.902,0.428,0,0.429,0.903,-0.998,0.054,-0.025],"_shiftlockState":false,"_pose":"FreeFall","_animationQueue":[],"_animationSpeed":1,"_zoom":16.125},{"_mousePosition":[683,384],"_rootPartCFrame":[759.436,248.129,46.23,-0.082,0,0.997,0,1,0,-0.997,0,-0.082],"_humanoidState":5,"_cameraCFrame":[766.337,264.197,45.819,-0.059,-0.902,0.428,0,0.429,0.903,-0.998,0.054,-0.025],"_shiftlockState":false,"_pose":"FreeFall","_animationQueue":[],"_animationSpeed":1,"_zoom":16.125},{"_mousePosition":[683,384],"_rootPartCFrame":[759.17,248.788,46.246,-0.079,0,0.997,0,1,0,-0.997,0,-0.079],"_humanoidState":5,"_cameraCFrame":[766.072,264.855,45.835,-0.059,-0.902,0.428,0,0.429,0.903,-0.998,0.054,-0.025],"_shiftlockState":false,"_pose":"FreeFall","_animationQueue":[],"_animationSpeed":1,"_zoom":16.125},{"_mousePosition":[683,384],"_rootPartCFrame":[758.904,249.392,46.261,-0.076,0,0.997,0,1,0,-0.997,0,-0.076],"_humanoidState":5,"_cameraCFrame":[765.806,265.459,45.851,-0.059,-0.902,0.428,0,0.429,0.903,-0.998,0.054,-0.025],"_shiftlockState":false,"_pose":"FreeFall","_animationQueue":[],"_animationSpeed":1,"_zoom":16.125},{"_mousePosition":[683,384],"_rootPartCFrame":[758.638,249.941,46.277,-0.074,0,0.997,0,1,0,-0.997,0,-0.074],"_humanoidState":5,"_cameraCFrame":[765.539,266.009,45.867,-0.059,-0.902,0.428,0,0.429,0.903,-0.998,0.054,-0.025],"_shiftlockState":false,"_pose":"FreeFall","_animationQueue":[],"_animationSpeed":1,"_zoom":16.125},{"_mousePosition":[683,384],"_rootPartCFrame":[758.372,250.436,46.293,-0.072,0,0.997,0,1,0,-0.997,0,-0.072],"_humanoidState":5,"_cameraCFrame":[765.273,266.504,45.882,-0.059,-0.902,0.428,0,0.429,0.903,-0.998,0.054,-0.025],"_shiftlockState":false,"_pose":"FreeFall","_animationQueue":[],"_animationSpeed":1,"_zoom":16.125},{"_mousePosition":[683,384],"_rootPartCFrame":[758.172,250.772,46.305,-0.07,0,0.998,0,1,0,-0.998,0,-0.07],"_humanoidState":5,"_cameraCFrame":[765.074,266.84,45.894,-0.059,-0.902,0.428,0,0.429,0.903,-0.998,0.054,-0.025],"_shiftlockState":false,"_pose":"FreeFall","_animationQueue":[],"_animationSpeed":1,"_zoom":16.125},{"_mousePosition":[683,384],"_rootPartCFrame":[757.84,251.263,46.325,-0.069,0,0.998,0,1,0,-0.998,0,-0.069],"_humanoidState":5,"_cameraCFrame":[764.657,267.371,45.936,-0.057,-0.904,0.423,0,0.423,0.906,-0.998,0.052,-0.024],"_shiftlockState":false,"_pose":"FreeFall","_animationQueue":[],"_animationSpeed":1,"_zoom":16.125},{"_mousePosition":[683,384],"_rootPartCFrame":[757.574,251.594,46.341,-0.067,0,0.998,0,1,0,-0.998,0,-0.067],"_humanoidState":5,"_cameraCFrame":[764.334,267.729,45.955,-0.057,-0.906,0.419,0,0.42,0.908,-0.998,0.052,-0.024],"_shiftlockState":false,"_pose":"FreeFall","_animationQueue":[],"_animationSpeed":1,"_zoom":16.125},{"_mousePosition":[683,384],"_rootPartCFrame":[757.307,251.871,46.356,-0.066,0,0.998,0,1,0,-0.998,0,-0.066],"_humanoidState":5,"_cameraCFrame":[764.011,268.032,45.974,-0.057,-0.908,0.416,0,0.416,0.909,-0.998,0.052,-0.024],"_shiftlockState":false,"_pose":"FreeFall","_animationQueue":[],"_animationSpeed":1,"_zoom":16.125},{"_mousePosition":[683,384],"_rootPartCFrame":[757.041,252.094,46.371,-0.065,0,0.998,0,1,0,-0.998,0,-0.065],"_humanoidState":5,"_cameraCFrame":[763.688,268.281,45.992,-0.057,-0.909,0.412,0,0.413,0.911,-0.998,0.052,-0.023],"_shiftlockState":false,"_pose":"FreeFall","_animationQueue":[],"_animationSpeed":1,"_zoom":16.125},{"_mousePosition":[683,384],"_rootPartCFrame":[756.775,252.262,46.386,-0.064,0,0.998,0,1,0,-0.998,0,-0.064],"_humanoidState":5,"_cameraCFrame":[763.364,268.474,46.011,-0.057,-0.911,0.409,0,0.409,0.912,-0.998,0.052,-0.023],"_shiftlockState":false,"_pose":"FreeFall","_animationQueue":[],"_animationSpeed":1,"_zoom":16.125},{"_mousePosition":[683,384],"_rootPartCFrame":[756.509,252.376,46.401,-0.063,0,0.998,0,1,0,-0.998,0,-0.063],"_humanoidState":5,"_cameraCFrame":[763.07,268.601,46.028,-0.057,-0.912,0.407,0,0.408,0.913,-0.998,0.052,-0.023],"_shiftlockState":false,"_pose":"FreeFall","_animationQueue":[],"_animationSpeed":1,"_zoom":16.125},{"_mousePosition":[683,384],"_rootPartCFrame":[756.243,252.435,46.417,-0.062,0,0.998,0,1,0,-0.998,0,-0.062],"_humanoidState":5,"_cameraCFrame":[762.774,268.673,46.028,-0.059,-0.912,0.405,0,0.406,0.914,-0.998,0.054,-0.024],"_shiftlockState":false,"_pose":"FreeFall","_animationQueue":[],"_animationSpeed":1,"_zoom":16.125},{"_mousePosition":[683,384],"_rootPartCFrame":[756.043,252.443,46.428,-0.061,0,0.998,0,1,0,-0.998,0,-0.061],"_humanoidState":5,"_cameraCFrame":[762.574,268.681,46.039,-0.059,-0.912,0.405,0,0.406,0.914