[{"_mousePosition":[722,376],"_rootPartCFrame":[776.025,222.7,47.142,0.002,0,1,0,1,0,-1,0,0.002],"_humanoidState":8,"_cameraCFrame":[786.463,236.483,47.554,0.039,-0.761,0.647,0,0.648,0.762,-0.999,-0.03,0.026],"_shiftlockState":false,"_pose":"Standing","_animationQueue":[],"_animationSpeed":1,"_zoom":16.125},{"_mousePosition":[722,376],"_rootPartCFrame":[775.778,222.7,47.133,0.007,0,1,0,1,0,-1,0,0.007],"_humanoidState":8,"_cameraCFrame":[786.168,236.524,47.569,0.042,-0.764,0.644,0,0.645,0.764,-0.999,-0.032,0.027],"_shiftlockState":false,"_pose":"Standing","_animationQueue":[],"_animationSpeed":1,"_zoom":16.125},{"_mousePosition":[722,376],"_rootPartCFrame":[775.513,222.7,47.123,0.011,0,1,0,1,0,-1,0,0.011],"_humanoidState":8,"_cameraCFrame":[785.83,236.585,47.556,0.042,-0.767,0.64,0,0.64,0.768,-0.999,-0.032,0.027],"_shiftlockState":false,"_pose":"Running","_animationQueue":[["walk",0.1]],"_animationSpeed":1.066,"_zoom":16.125},{"_mousePosition":[722,376],"_rootPartCFrame":[775.246,222.7,47.112,0.015,0,1,0,1,0,-1,0,0.015],"_humanoidState":8,"_cameraCFrame":[785.514,236.625,47.568,0.044,-0.77,0.637,0,0.637,0.771,-0.999,-0.034,0.028],"_shiftlockState":false,"_pose":"Running","_animationQueue":[],"_animationSpeed":1.066,"_zoom":16.125},{"_mousePosition":[722,376],"_rootPartCFrame":[774.98,222.7,47.101,0.019,0,1,0,1,0,-1,0,0.019],"_humanoidState":8,"_cameraCFrame":[785.149,236.704,47.579,0.047,-0.775,0.631,0,0.631,0.775,-0.999,-0.036,0.03],"_shiftlockState":false,"_pose":"Running","_animationQueue":[],"_animationSpeed":1.066,"_zoom":16.125},{"_mousePosition":[722,376],"_rootPartCFrame":[774.713,222.7,47.089,0.022,0,1,0,1,0,-1,0,0.022],"_humanoidState":8,"_cameraCFrame":[784.784,236.783,47.588,0.049,-0.779,0.625,0,0.625,0.78,-0.999,-0.039,0.031],"_shiftlockState":false,"_pose":"Running","_animationQueue":[],"_animationSpeed":1.066,"_zoom":16.125},{"_mousePosition":[722,376],"_rootPartCFrame":[774.447,222.7,47.076,0.025,0,1,0,1,0,-1,0,0.025],"_humanoidState":8,"_cameraCFrame":[784.418,236.862,47.596,0.052,-0.784,0.618,0,0.619,0.785,-0.999,-0.041,0.032],"_shiftlockState":false,"_pose":"Running","_animationQueue":[["walk",0.1]],"_animationSpeed":1.066,"_zoom":16.125},{"_mousePosition":[722,376],"_rootPartCFrame":[774.181,222.7,47.063,0.029,0,1,0,1,0,-1,0,0.029],"_humanoidState":8,"_cameraCFrame":[784.002,236.978,47.6,0.055,-0.791,0.609,0,0.61,0.792,-0.999,-0.043,0.033],"_shiftlockState":false,"_pose":"Running","_animationQueue":[],"_animationSpeed":1.066,"_zoom":16.125},{"_mousePosition":[722,376],"_rootPartCFrame":[773.914,222.7,47.049,0.032,0,0.999,0,1,0,-0.999,0,0.032],"_humanoidState":8,"_cameraCFrame":[783.584,237.092,47.602,0.057,-0.798,0.6,0,0.601,0.8,-0.998,-0.046,0.034],"_shiftlockState":false,"_pose":"Running","_animationQueue":[],"_animationSpeed":1.066,"_zoom":16.125},{"_mousePosition":[722,376],"_rootPartCFrame":[773.648,222.7,47.035,0.035,0,0.999,0,1,0,-0.999,0,0.035],"_humanoidState":8,"_cameraCFrame":[783.14,237.223,47.602,0.06,-0.806,0.589,0,0.59,0.808,-0.998,-0.048,0.035],"_shiftlockState":false,"_pose":"Running","_animationQueue":[],"_animationSpeed":1.066,"_zoom":16.125},{"_mousePosition":[722,376],"_rootPartCFrame":[773.382,222.7,47.02,0.038,0,0.999,0,1,0,-0.999,0,0.038],"_humanoidState":8,"_cameraCFrame":[782.64,237.387,47.643,0.067,-0.816,0.574,0,0.575,0.818,-0.998,-0.055,0.039],"_shiftlockState":false,"_pose":"Running","_animationQueue":[],"_animationSpeed":1.066,"_zoom":16.125},{"_mousePosition":[722,376],"_rootPartCFrame":[773.116,222.7,47.004,0.041,0,0.999,0,1,0,-0.999,0,0.041],"_humanoidState":8,"_cameraCFrame":[782.216,237.495,47.663,0.072,-0.822,0.564,0,0.566,0.825,-0.997,-0.06,0.041],"_shiftlockState":false,"_pose":"Running","_animationQueue":[],"_animationSpeed":1.066,"_zoom":16.125},{"_mousePosition":[722,376],"_rootPartCFrame":[772.85,222.7,46.986,0.044,0,0.999,0,1,0,-0.999,0,0.044],"_humanoidState":8,"_cameraCFrame":[781.819,237.583,47.658,0.075,-0.828,0.556,0,0.558,0.83,-0.997,-0.062,0.042],"_shiftlockState":false,"_pose":"Running","_animationQueue":[],"_animationSpeed":1.066,"_zoom":16.125},{"_mousePosition":[722,376],"_rootPartCFrame":[772.584,222.7,46.967,0.048,0,0.999,0,1,0,-0.999,0,0.048],"_humanoidState":8,"_cameraCFrame":[781.445,237.653,47.676,0.08,-0.832,0.55,0,0.551,0.834,-0.997,-0.067,0.044],"_shiftlockState":false,"_pose":"Running","_animationQueue":[["walk",0.1]],"_animationSpeed":1.066,"_zoom":16.125},{"_mousePosition":[722,376],"_rootPartCFrame":[772.318,222.7,46.947,0.052,0,0.999,0,1,0,-0.999,0,0.052],"_humanoidState":8,"_cameraCFrame":[781.072,237.722,47.67,0.082,-0.836,0.543,0,0.545,0.839,-0.997,-0.069,0.045],"_shiftlockState":false,"_pose":"Running","_animationQueue":[],"_animationSpeed":1.066,"_zoom":16.125},{"_mousePosition":[722,376],"_rootPartCFrame":[772.052,222.7,46.926,0.055,0,0.998,0,1,0,-0.998,0,0.055],"_humanoidState":8,"_cameraCFrame":[780.645,237.824,47.679,0.087,-0.842,0.533,0,0.535,0.845,-0.996,-0.074,0.047],"_shiftlockState":false,"_pose":"Running","_animationQueue":[],"_animationSpeed":1.066,"_zoom":16.125},{"_mousePosition":[722,376],"_rootPartCFrame":[771.786,222.7,46.904,0.059,0,0.998,0,1,0,-0.998,0,0.059],"_humanoidState":8,"_cameraCFrame":[780.216,237.923,47.686,0.092,-0.847,0.523,0,0.525,0.851,-0.996,-0.079,0.049],"_shiftlockState":false,"_pose":"Running","_animationQueue":[],"_animationSpeed":1.066,"_zoom":16.125},{"_mousePosition":[722,376],"_rootPartCFrame":[771.52,222.7,46.881,0.063,0,0.998,0,1,0,-0.998,0,0.063],"_humanoidState":8,"_cameraCFrame":[779.786,238.021,47.69,0.097,-0.853,0.513,0,0.515,0.857,-0.995,-0.084,0.05],"_shiftlockState":false,"_pose":"Running","_animationQueue":[],"_animationSpeed":1.066,"_zoom":16.125},{"_mousePosition":[722,376],"_rootPartCFrame":[771.255,222.7,46.856,0.067,0,0.998,0,1,0,-0.998,0,0.067],"_humanoidState":8,"_cameraCFrame":[779.355,238.118,47.691,0.102,-0.859,0.502,0,0.505,0.863,-0.995,-0.088,0.052],"_shiftlockState":false,"_pose":"Running","_animationQueue":[],"_animationSpeed":1.066,"_zoom":16.125},{"_mousePosition":[722,376],"_rootPartCFrame":[770.99,222.7,46.83,0.071,0,0.997,0,1,0,-0.997,0,0.071],"_humanoidState":8,"_cameraCFrame":[778.896,238.227,47.685,0.108,-0.865,0.49,0,0.493,0.87,-0.994,-0.094,0.053],"_shiftlockState":false,"_pose":"Running","_animationQueue":[],"_animationSpeed":1.066,"_zoom":16.125},{"_mousePosition":[722,376],"_rootPartCFrame":[770.724,222.7,46.803,0.075,0,0.997,0,1,0,-0.997,0,0.075],"_humanoidState":8,"_cameraCFrame":[778.321,238.395,47.703,0.118,-0.874,0.471,0,0.474,0.88,-0.993,-0.103,0.056],"_shiftlockState":false,"_pose":"Running","_animationQueue":[["walk",0.1]],"_animationSpeed":1.066,"_zoom":16.125},{"_mousePosition":[722,376],"_rootPartCFrame":[770.459,222.7,46.775,0.079,0,0.997,0,1,0,-0.997,0,0.079],"_humanoidState":8,"_cameraCFrame":[777.971,238.439,47.683,0.12,-0.877,0.466,0,0.469,0.883,-0.993,-0.106,0.056],"_shiftlockState":false,"_pose":"Running","_animationQueue":[],"_animationSpeed":1.066,"_zoom":16.125},{"_mousePosition":[722,376],"_rootPartCFrame":[770.26,222.679,46.753,0.083,0,0.997,0,1,0,-0.997,0,0.083],"_humanoidState":8,"_cameraCFrame":[777.493,238.563,47.647,0.123,-0.885,0.449,0,0.452,0.892,-0.992,-0.109,0.055],"_shiftlockState":false,"_pose":"Running","_animationQueue":[],"_animationSpeed":1.066,"_zoom":16.125},{"_mousePosition":[722,376],"_rootPartCFrame":[769.995,222.604,46.724,0.087,0,0.996,0,1,0,-0.996,0,0.087],"_humanoidState":8,"_cameraCFrame":[777.058,238.573,47.615,0.125,-0.89,0.438,0,0.441,0.897,-0.992,-0.112,0.055],"_shiftlockState":false,"_pose":"Running","_animationQueue":[],"_animationSpeed":1.066,"_zoom":16.125},{"_mousePosition":[722,376],"_rootPartCFrame":[769.73,222.475,46.696,0.091,0,0.996,0,1,0,-0.996,0,0.091],"_humanoidState":8,"_cameraCFrame":[776.679,238.498,47.59,0.128,-0.893,0.431,0,0.434,0.901,-0.992,-0.115,0.055],"_shiftlockState":false,"_pose":"Running","_animationQueue":[],"_animationSpeed":1.066,"_zoom":16.125},{"_mousePosition":[722,376],"_rootPartCFrame":[769.465,222.291,46.667,0.096,0,0.995,0,1,0,-0.995,0,0.096],"_humanoidState":8,"_cameraCFrame":[776.301,238.369,47.547,0.128,-0.897,0.424,0,0.427,0.904,-0.992,-0.115,0.055],"_shiftlockState":false,"_pose":"Running","_animationQueue":[],"_animationSpeed":1.066,"_zoom":16.125},{"_mousePosition":[722,376],"_rootPartCFrame":[769.133,223.361,46.631,0.101,0,0.995,0,1,0,-0.995,0,0.101],"_humanoidState":3,"_cameraCFrame":[775.911,239.465,47.521,0.13,-0.898,0.42,0,0.424,0.906,-0.991,-0.118,0.055],"_shiftlockState":false,"_pose":"Jumping","_animationQueue":[["walk",0.1],["walk",0.1],["jump",0.1]],"_animationSpeed":1,"_zoom":16.125},{"_mousePosition":[722,376],"_rootPartCFrame":[768.869,224.156,46.598,0.105,0,0.994,0,1,0,-0.994,0,0.105],"_humanoidState":5,"_cameraCFrame":[775.59,240.287,47.48,0.13,-0.9,0.417,0,0.42,0.907,-0.991,-0.118,0.055],"_shiftlockState":false,"_pose":"FreeFall","_animationQueue":[["jump",0.1]],"_animationSpeed":1,"_zoom":16.125},{"_mousePosition":[722,376],"_rootPartCFrame":[768.671,224.716,46.572,0.107,0,0.994,0,1,0,-0.994,0,0.107],"_humanoidState":5,"_cameraCFrame":[775.335,240.873,47.447,0.13,-0.901,0.413,0,0.417,0.909,-0.991,-0.118,0.054],"_shiftlockState":false,"_pose":"FreeFall","_animationQueue":[],"_animationSpeed":1,"_zoom":16.125},{"_mousePosition":[722,376],"_rootPartCFrame":[768.406,225.415,46.537,0.111,0,0.994,0,1,0,-0.994,0,0.111],"_humanoidState":5,"_cameraCFrame":[775.014,241.599,47.405,0.13,-0.903,0.41,0,0.413,0.911,-0.991,-0.118,0.054],"_shiftlockState":false,"_pose":"FreeFall","_animationQueue":[],"_animationSpeed":1,"_zoom":16.125},{"_mousePosition":[722,376],"_rootPartCFrame":[768.076,226.213,46.494,0.114,0,0.993,0,1,0,-0.993,0,0.114],"_humanoidState":5,"_cameraCFrame":[774.627,242.422,47.354,0.13,-0.904,0.406,0,0.41,0.912,-0.991,-0.119,0.053],"_shiftlockState":false,"_pose":"FreeFall","_animationQueue":[],"_animationSpeed":1,"_zoom":16.125},{"_mousePosition":[722,376],"_rootPartCFrame":[767.877,226.651,46.468,0.116,0,0.993,0,1,0,-0.993,0,0.116],"_humanoidState":5,"_cameraCFrame":[774.372,242.886,47.32,0.13,-0.906,0.403,0,0.406,0.914,-0.991,-0.119,0.053],"_shiftlockState":false,"_pose":"FreeFall","_animationQueue":[],"_animationSpeed":1,"_zoom":16.125},{"_mousePosition":[722,376],"_rootPartCFrame":[767.613,227.187,46.433,0.118,0,0.993,0,1,0,-0.993,0,0.118],"_humanoidState":5,"_cameraCFrame":[774.05,243.447,47.278,0.13,-0.908,0.399,0,0.403,0.915,-0.991,-0.119,0.052],"_shiftlockState":false,"_pose":"FreeFall","_animationQueue":[],"_animationSpeed":1,"_zoom":16.125},{"_mousePosition":[722,376],"_rootPartCFrame":[767.349,227.668,46.399,0.119,0,0.993,0,1,0,-0.993,0,0.119],"_humanoidState":5,"_cameraCFrame":[773.702,243.966,47.216,0.128,-0.91,0.394,0,0.397,0.918,-0.992,-0.117,0.051],"_shiftlockState":false,"_pose":"FreeFall","_animationQueue":[],"_animationSpeed":1,"_zoom":16.125},{"_mousePosition":[722,376],"_rootPartCFrame":[767.084,228.095,46.364,0.121,0,0.993,0,1,0,-0.993,0,0.121],"_humanoidState":5,"_cameraCFrame":[773.268,244.467,47.144,0.125,-0.915,0.383,0,0.387,0.922,-0.992,-0.115,0.048],"_shiftlockState":false,"_pose":"FreeFall","_animationQueue":[],"_animationSpeed":1,"_zoom":16.125},{"_mousePosition":[722,376],"_rootPartCFrame":[766.82,228.467,46.33,0.122,0,0.993,0,1,0,-0.993,0,0.122],"_humanoidState":5,"_cameraCFrame":[772.89,244.887,47.08,0.123,-0.918,0.376,0,0.379,0.925,-0.992,-0.113,0.047],"_shiftlockState":false,"_pose":"FreeFall","_animationQueue":[],"_animationSpeed":1,"_zoom":16.125},{"_mousePosition":[722,376],"_rootPartCFrame":[766.555,228.785,46.296,0.123,0,0.992,0,1,0,-0.992,0,0.123],"_humanoidState":5,"_cameraCFrame":[772.541,245.241,47.02,0.12,-0.921,0.371,0,0.374,0.927,-0.993,-0.111,0.045],"_shiftlockState":false,"_pose":"FreeFall","_animationQueue":[],"_animationSpeed":1,"_zoom":16.125},{"_mousePosition":[722,376],"_rootPartCFrame":[766.291,229.049,46.264,0.123,0,0.992,0,1,0,-0.992,0,0.123],"_humanoidState":5,"_cameraCFrame":[772.191,245.539,46.962,0.118,-0.923,0.366,0,0.368,0.93,-0.993,-0.109,0.043],"_shiftlockState":false,"_pose":"FreeFall","_animationQueue":[],"_animationSpeed":1,"_zoom":16.125},{"_mousePosition":[722,376],"_rootPartCFrame":[766.026,229.258,46.231,0.123,0,0.992,0,1,0,-0.992,0,0.123],"_humanoidState":5,"_cameraCFrame":[771.87,245.771,46.908,0.115,-0.925,0.362,0,0.365,0.931,-0.993,-0.107,0.042],"_shiftlockState":false,"_pose":"FreeFall","_animationQueue":[],"_animationSpeed":1,"_zoom":16.125},{"_mousePosition":[722,376],"_rootPartCFrame":[765.761,229.412,46.2,0.122,0,0.993,0,1,0,-0.993,0,0.122],"_humanoidState":5,"_cameraCFrame":[771.547,245.948,46.87,0.115,-0.926,0.359,0,0.361,0.932,-0.993,-0.107,0.042],"_shiftlockState":false,"_pose":"FreeFall","_animationQueue":[],"_animationSpeed":1,"_zoom":16.125},{"_mousePosition":[722,376],"_rootPartCFrame":[765.43,229.528,46.162,0.121,0,0.993,0,1,0,-0.993,0,0.121],"_humanoidState":5,"_cameraCFrame":[771.159,246.087,46.81,0.113,-0.928,0.355,0,0.358,0.934,-0.994,-0.105,0.04],"_shiftlockState":false,"_pose":"FreeFall","_animationQueue":[],"_animationSpeed":1,"_zoom":16.125},{"_mousePosition":[722,376],"_rootPartCFrame":[765.231,229.557,46.138,0.12,0,0.993,0,1,0,-0.993,0,0.12],"_humanoidState":5,"_cameraCFrame":[770.902,246.138,46.781,0.113,-0.929,0.352,0,0.354,0.935,-0.994,-0.105,0.04],"_shiftlockState":false,"_pose":"FreeFall","_animationQueue":[],"_animationSpeed":1,"_zoom":16.125},{"_mousePosition":[722,376],"_rootPartCFrame":[764.966,229.548,46.108,0.119,0,0.993,0,1,0,-0.993,0,0.119],"_humanoidState":5,"_cameraCFrame":[770.579,246.151,46.744,0.113,-0.931,0.348,0,0.35,0.937,-0.994,-0.105,0.039],"_shiftlockState":false,"_pose":"FreeFall","_animationQueue":[],"_animationSpeed":1,"_zoom":16.125},{"_mousePosition":[722,376],"_rootPartCFrame":[764.701,229.485,46.078,0.118,0,0.993,0,1,0,-0.993,0,0.118],"_humanoidState":5,"_cameraCFrame":[770.406,246.422,46.71,0.11,-0.932,0.346,0,0.348,0.937,-0.994,-0.103,0.038],"_shiftlockState":false,"_pose":"FreeFall","_animationQueue":[],"_animationSpeed":1,"_zoom":20.656},{"_mousePosition":[722,376],"_rootPartCFrame":[764.437,229.366,46.048,0.118,0,0.993,0,1,0,-0.993,0,0.118],"_humanoidState":5,"_cameraCFrame":[770.366,247.009,46.705,0.11,-0.932,0.345,0,0.347,0.938,-0.994,-0.103,0.038],"_shiftlockState":false,"_pose":"FreeFall","_animationQueue":[],"_animationSpeed":1,"_zoom":20.656},{"_mousePosition":[722,376],"_rootPartCFrame":[764.171,229.194,46.019,0.117,0,0.993,0,1,0,-0.993,0,0.117],"_humanoidState":5,"_cameraCFrame":[770.338,247.585,46.702,0.11,-0.933,0.343,0,0.345,0.939,-0.994,-0.103,0.038],"_shiftlockState":false,"_pose":"FreeFall","_animationQueue":[],"_animationSpeed":1,"_zoom":20.656},{"_mousePosition":[722,376],"_rootPartCFrame":[763.84,228.901,45.982,0.116,0,0.993,0,1,0,-0.993,0,0.116],"_humanoidState":5,"_cameraCFrame":[770.243,247.94,46.691,0.11,-0.933,0.343,0,0.345,0.939,-0.994,-0.103,0.038],"_shiftlockState":false,"_pose":"FreeFall","_animationQueue":[["fall",0.3]],"_animationSpeed":1,"_zoom":20.656},{"_mousePosition":[722,376],"_rootPartCFrame":[763.575,228.606,45.953,0.115,0,0.993,0,1,0,-0.993,0,0.115],"_humanoidState":5,"_cameraCFrame":[770.168,248.161,46.666,0.108,-0.933,0.343,0,0.345,0.939,-0.994,-0.101,0.037],"_shiftlockState":false,"_pose":"FreeFall","_animationQueue":[],"_animationSpeed":1,"_zoom":20.656},{"_mousePosition":[722,376],"_rootPartCFrame":[763.31,228.256,45.924,0.114,0,0.993,0,1,0,-0.993,0,0.114],"_humanoidState":5,"_cameraCFrame":[770.039,248.183,46.651,0.108,-0.933,0.343,0,0.345,0.939,-0.994,-0.101,0.037],"_shiftlockState":false,"_pose":"FreeFall","_animationQueue":[],"_animationSpeed":1,"_zoom":20.656},{"_mousePosition":[722,376],"_rootPartCFrame":[763.111,227.958,45.902,0.113,0,0.994,0,1,0,-0.994,0,0.113],"_humanoidState":5,"_cameraCFrame":[769.952,248.192,46.642,0.108,-0.933,0.343,0,0.345,0.939,-0.994,-0.101,0.037],"_shiftlockState":false,"_pose":"FreeFall","_animationQueue":[],"_animationSpeed":1,"_zoom":20.656},{"_mousePosition":[722,376],"_rootPartCFrame":[762.846,227.513,45.873,0.113,0,0.994,0,1,0,-0.994,0,0.113],"_humanoidState":5,"_cameraCFrame":[769.718,247.945,46.616,0.108,-0.934,0.341,0,0.343,0.939,-0.994,-0.101,0.037],"_shiftlockState":false,"_pose":"FreeFall","_animationQueue":[],"_animationSpeed":1,"_zoom":20.656},{"_mousePosition":[722,376],"_rootPartCFrame":[762.581,227.014,45.845,0.112,0,0.994,0,1,0,-0.994,0,0.112],"_humanoidState":5,"_cameraCFrame":[769.508,247.596,46.594,0.108,-0.934,0.341,0,0.343,0.939,-0.994,-0.101,0.037],"_shiftlockState":false,"_pose":"FreeFall","_animationQueue":[],"_animationSpeed":1,"_zoom":20.656},{"_mousePosition":[722,376],"_rootPartCFrame":[762.315,226.46,45.816,0.111,0,0.994,0,1,0,-0.994,0,0.111],"_humanoidState":5,"_cameraCFrame":[769.279,247.143,46.569,0.108,-0.934,0.341,0,0.343,0.939,-0.994,-0.101,0.037],"_shiftlockState":false,"_pose":"FreeFall","_animationQueue":[],"_animationSpeed":1,"_zoom":20.656},{"_mousePosition":[722,376],"_rootPartCFrame":[762.05,225.851,45.787,0.111,0,0.994,0,1,0,-0.994,0,0.111],"_humanoidState":5,"_cameraCFrame":[769.039,246.603,46.543,0.108,-0.934,0.341,0,0.343,0.939,-0.994,-0.101,0.037],"_shiftlockState":false,"_pose":"FreeFall","_animationQueue":[["fall",0.3]],"_animationSpeed":1,"_zoom":20.656},{"_mousePosition":[722,376],"_rootPartCFrame":[761.785,225.188,45.759,0.11,0,0.994,0,1,0,-0.994,0,0.11],"_humanoidState":5,"_cameraCFrame":[768.793,245.992,46.516,0.108,-0.934,0.341,0,0.343,0.939,-0.994,-0.101,0.037],"_shiftlockState":false,"_pose":"FreeFall","_animationQueue":[],"_animationSpeed":1,"_zoom":20.656},{"_mousePosition":[722,376],"_rootPartCFrame":[761.52,224.47,45.73,0.11,0,0.994,0,1,0,-0.994,0,0.11],"_humanoidState":5,"_cameraCFrame":[768.539,245.306,46.489,0.108,-0.934,0.341,0,0.343,0.939,-0.994,-0.101,0.037],"_shiftlockState":false,"_pose":"FreeFall","_animationQueue":[],"_animationSpeed":1,"_zoom":20.656},{"_mousePosition":[722,376],"_rootPartCFrame":[761.255,223.698,45.701,0.11,0,0.994,0,1,0,-0.994,0,0.11],"_humanoidState":5,"_cameraCFrame":[768.207,244.583,46.453,0.108,-0.935,0.337,0,0.339,0.941,-0.994,-0.101,0.036],"_shiftlockState":false,"_pose":"FreeFall","_animationQueue":[],"_animationSpeed":1,"_zoom":20.656},{"_mousePosition":[722,376],"_rootPartCFrame":[760.99,222.872,45.673,0.109,0,0.994,0,1,0,-0.994,0,0.109],"_humanoidState":7,"_cameraCFrame":[767.945,243.772,46.443,0.11,-0.935,0.337,0,0.339,0.941,-0.994,-0.104,0.037],"_shiftlockState":false,"_pose":"FreeFall","_animationQueue":[["walk",0.1],["fall",0.3],["fall",0.3]],"_animationSpeed":1,"_zoom":20.656},{"_mousePosition":[722,376],"_rootPartCFrame":[760.725,222.47,45.644,0.109,0,0.994,0,1,0,-0.994,0,0.109],"_humanoidState":7,"_cameraCFrame":[767.603,243.409,46.458,0.118,-0.935,0.333,0,0.336,0.942,-0.993,-0.111,0.039],"_shiftlockState":false,"_pose":"FreeFall","_animationQueue":[],"_animationSpeed":1,"_zoom":20.656},{"_mousePosition":[722,376],"_rootPartCFrame":[760.393,222.552,45.607,0.109,0,0.994,0,1,0,-0.994,0,0.109],"_humanoidState":8,"_cameraCFrame":[767.232,243.51,46.452,0.123,-0.936,0.331,0,0.334,0.943,-0.992,-0.116,0.041],"_shiftlockState":false,"_pose":"Running","_animationQueue":[["fall",0.3],["walk",0.1],["fall",0.3],["walk",0.1]],"_animationSpeed":1.103,"_zoom":20.656},{"_mousePosition":[722,376],"_rootPartCFrame":[760.128,222.616,45.576,0.11,0,0.994,0,1,0,-0.994,0,0.11],"_humanoidState":8,"_cameraCFrame":[766.924,243.592,46.468,0.13,-0.935,0.329,0,0.332,0.943,-0.991,-0.123,0.043],"_shiftlockState":false,"_pose":"Running","_animationQueue":[],"_animationSpeed":1.103,"_zoom":20.656},{"_mousePosition":[722,376],"_rootPartCFrame":[759.864,222.654,45.544,0.112,0,0.994,0,1,0,-0.994,0,0.112],"_humanoidState":8,"_cameraCFrame":[766.651,243.634,46.504,0.14,-0.934,0.329,0,0.332,0.943,-0.99,-0.132,0.047],"_shiftlockState":false,"_pose":"Running","_animationQueue":[],"_animationSpeed":1.103,"_zoom":20.656},{"_mousePosition":[722,376],"_rootPartCFrame":[759.599,222.675,45.509,0.114,0,0.993,0,1,0,-0.993,0,0.114],"_humanoidState":8,"_cameraCFrame":[766.38,243.656,46.521,0.148,-0.933,0.328,0,0.332,0.943,-0.989,-0.139,0.049],"_shiftlockState":false,"_pose":"Running","_animationQueue":[],"_animationSpeed":1.103,"_zoom":20.656},{"_mousePosition":[722,376],"_rootPartCFrame":[759.335,222.686,45.472,0.118,0,0.993,0,1,0,-0.993,0,0.118],"_humanoidState":8,"_cameraCFrame":[766.106,243.669,46.553,0.158,-0.931,0.328,0,0.332,0.943,-0.987,-0.149,0.052],"_shiftlockState":false,"_pose":"Running","_animationQueue":[],"_animationSpeed":1.103,"_zoom":20.656},{"_mousePosition":[722,376],"_rootPartCFrame":[759.072,222.693,45.433,0.121,0,0.993,0,1,0,-0.993,0,0.121],"_humanoidState":8,"_cameraCFrame":[765.828,243.676,46.599,0.17,-0.93,0.327,0,0.332,0.943,-0.985,-0.161,0.056],"_shiftlockState":false,"_pose":"Running","_animationQueue":[],"_animationSpeed":1.103,"_zoom":20.656},{"_mousePosition":[722,376],"_rootPartCFrame":[758.808,222.696,45.391,0.126,0,0.992,0,1,0,-0.992,0,0.126],"_humanoidState":8,"_cameraCFrame":[765.512,243.693,46.636,0.183,-0.928,0.325,0,0.33,0.944,-0.983,-0.172,0.06],"_shiftlockState":false,"_pose":"Running","_animationQueue":[["walk",0.1]],"_animationSpeed":1.103,"_zoom":20.656},{"_mousePosition":[722,376],"_rootPartCFrame":[758.545,222.698,45.346,0.132,0,0.991,0,1,0,-0.991,0,0.132],"_humanoidState":8,"_cameraCFrame":[765.233,243.695,46.676,0.195,-0.926,0.324,0,0.33,0.944,-0.981,-0.184,0.064],"_shiftlockState":false,"_pose":"Running","_animationQueue":[],"_animationSpeed":1.103,"_zoom":20.656},{"_mousePosition":[722,376],"_rootPartCFrame":[758.283,222.699,45.297,0.139,0,0.99,0,1,0,-0.99,0,0.139],"_humanoidState":8,"_cameraCFrame":[764.913,243.71,46.721,0.21,-0.924,0.321,0,0.328,0.945,-0.978,-0.198,0.069],"_shiftlockState":false,"_pose":"Running","_animationQueue":[],"_animationSpeed":1.103,"_zoom":20.656},{"_mousePosition":[722,376],"_rootPartCFrame":[758.022,222.699,45.246,0.146,0,0.989,0,1,0,-0.989,0,0.146],"_humanoidState":8,"_cameraCFrame":[764.622,243.71,46.803,0.23,-0.919,0.32,0,0.328,0.945,-0.973,-0.217,0.075],"_shiftlockState":false,"_pose":"Running","_animationQueue":[],"_animationSpeed":1.103,"_zoom":20.656},{"_mousePosition":[722,376],"_rootPartCFrame":[757.761,222.699,45.19,0.155,0,0.988,0,1,0,-0.988,0,0.155],"_humanoidState":8,"_cameraCFrame":[764.312,243.724,46.788,0.237,-0.918,0.317,0,0.326,0.945,-0.971,-0.224,0.077],"_shiftlockState":false,"_pose":"Running","_animationQueue":[],"_animationSpeed":1.103,"_zoom":20.656},{"_mousePosition":[722,376],"_rootPartCFrame":[757.501,222.699,45.129,0.164,0,0.986,0,1,0,-0.986,0,0.164],"_humanoidState":8,"_cameraCFrame":[763.982,243.737,46.85,0.257,-0.914,0.314,0,0.325,0.946,-0.967,-0.243,0.083],"_shiftlockState":false,"_pose":"Running","_animationQueue":[],"_animationSpeed":1.103,"_zoom":20.656},{"_mousePosition":[722,376],"_rootPartCFrame":[757.242,222.7,45.066,0.174,0,0.985,0,1,0,-0.985,0,0.174],"_humanoidState":8,"_cameraCFrame":[763.696,243.737,46.885,0.271,-0.91,0.312,0,0.325,0.946,-0.962,-0.257,0.088],"_shiftlockState":false,"_pose":"Running","_animationQueue":[],"_animationSpeed":1.103,"_zoom":20.656},{"_mousePosition":[722,376],"_rootPartCFrame":[756.984,222.7,44.998,0.185,0,0.983,0,1,0,-0.983,0,0.185],"_humanoidState":8,"_cameraCFrame":[763.373,243.75,46.904,0.286,-0.907,0.309,0,0.323,0.946,-0.958,-0.271,0.092],"_shiftlockState":false,"_pose":"Running","_animationQueue":[["walk",0.1]],"_animationSpeed":1.103,"_zoom":20.656},{"_mousePosition":[722,376],"_rootPartCFrame":[756.727,222.7,44.926,0.197,0,0.98,0,1,0,-0.98,0,0.197],"_humanoidState":8,"_cameraCFrame":[763.081,243.75,46.945,0.303,-0.902,0.308,0,0.323,0.946,-0.953,-0.287,0.098],"_shiftlockState":false,"_pose":"Running","_animationQueue":[],"_animationSpeed":1.103,"_zoom":20.656},{"_mousePosition":[722,376],"_rootPartCFrame":[756.472,222.7,44.85,0.209,0,0.978,0,1,0,-0.978,0,0.209],"_humanoidState":8,"_cameraCFrame":[762.789,243.75,46.981,0.32,-0.897,0.306,0,0.323,0.946,-0.948,-0.303,0.103],"_shiftlockState":false,"_pose":"Running","_animationQueue":[],"_animationSpeed":1.103,"_zoom":20.656},{"_mousePosition":[722,376],"_rootPartCFrame":[756.217,222.7,44.77,0.221,0,0.975,0,1,0,-0.975,0,0.221],"_humanoidState":8,"_cameraCFrame":[762.454,243.763,47.015,0.339,-0.891,0.302,0,0.321,0.947,-0.941,-0.321,0.109],"_shiftlockState":false,"_pose":"Running","_animationQueue":[],"_animationSpeed":1.103,"_zoom":20.656},{"_mousePosition":[722,376],"_rootPartCFrame":[755.965,222.7,44.685,0.234,0,0.972,0,1,0,-0.972,0,0.234],"_humanoidState":8,"_cameraCFrame":[762.155,243.763,47.056,0.358,-0.884,0.3,0,0.321,0.947,-0.934,-0.339,0.115],"_shiftlockState":false,"_pose":"Running","_animationQueue":[],"_animationSpeed":1.103,"_zoom":20.656},{"_mousePosition":[722,376],"_rootPartCFrame":[755.714,222.7,44.595,0.248,0,0.969,0,1,0,-0.969,0,0.248],"_humanoidState":8,"_cameraCFrame":[761.855,243.763,47.091,0.377,-0.877,0.297,0,0.321,0.947,-0.926,-0.357,0.121],"_shiftlockState":false,"_pose":"Running","_animationQueue":[],"_animationSpeed":1.103,"_zoom":20.656},{"_mousePosition":[722,376],"_rootPartCFrame":[755.464,222.7,44.5,0.263,0,0.965,0,1,0,-0.965,0,0.263],"_humanoidState":8,"_cameraCFrame":[761.519,243.776,47.105,0.395,-0.871,0.293,0,0.319,0.948,-0.919,-0.375,0.126],"_shiftlockState":false,"_pose":"Running","_animationQueue":[],"_animationSpeed":1.103,"_zoom":20.656},{"_mousePosition":[722,376],"_rootPartCFrame":[755.217,222.7,44.4,0.278,0,0.96,0,1,0,-0.96,0,0.278],"_humanoidState":8,"_cameraCFrame":[761.183,243.789,47.111,0.414,-0.863,0.289,0,0.317,0.948,-0.91,-0.392,0.131],"_shiftlockState":false,"_pose":"Running","_animationQueue":[["walk",0.1]],"_animationSpeed":1.103,"_zoom":20.656},{"_mousePosition":[722,376],"_rootPartCFrame":[754.972,222.7,44.295,0.294,0,0.956,0,1,0,-0.956,0,0.294],"_humanoidState":8,"_cameraCFrame":[760.847,243.802,47.11,0.432,-0.856,0.284,0,0.315,0.949,-0.902,-0.41,0.136],"_shiftlockState":false,"_pose":"Running","_animationQueue":[],"_animationSpeed":1.103,"_zoom":20.656},{"_mousePosition":[722,376],"_rootPartCFrame":[754.729,222.7,44.185,0.31,0,0.951,0,1,0,-0.951,0,0.31],"_humanoidState":8,"_cameraCFrame":[760.553,243.802,47.104,0.448,-0.848,0.282,0,0.315,0.949,-0.894,-0.425,0.141],"_shiftlockState":false,"_pose":"Running","_animationQueue":[],"_animationSpeed":1.103,"_zoom":20.656},{"_mousePosition":[722,376],"_rootPartCFrame":[754.489,222.7,44.07,0.327,0,0.945,0,1,0,-0.945,0,0.327],"_humanoidState":8,"_cameraCFrame":[760.252,243.802,47.106,0.466,-0.84,0.279,0,0.315,0.949,-0.885,-0.442,0.147],"_shiftlockState":false,"_pose":"Running","_animationQueue":[],"_animationSpeed":1.103,"_zoom":20.656},{"_mousePosition":[722,376],"_rootPartCFrame":[754.188,223.783,43.926,0.348,0,0.938,0,1,0,-0.938,0,0.348],"_humanoidState":3,"_cameraCFrame":[759.921,244.885,47.02,0.475,-0.835,0.278,0,0.315,0.949,-0.88,-0.451,0.15],"_shiftlockState":false,"_pose":"Jumping","_animationQueue":[["walk",0.1],["jump",0.1]],"_animationSpeed":1,"_zoom":20.656},{"_mousePosition":[722,376],"_rootPartCFrame":[754.01,224.395,43.834,0.36,0,0.933,0,1,0,-0.933,0,0.36],"_humanoidState":5,"_cameraCFrame":[759.72,245.497,46.972,0.482,-0.832,0.276,0,0.315,0.949,-0.876,-0.457,0.152],"_shiftlockState":false,"_pose":"FreeFall","_animationQueue":[["jump",0.1]],"_animationSpeed":1,"_zoom":20.656},{"_mousePosition":[722,376],"_rootPartCFrame":[753.776,225.162,43.708,0.376,0,0.927,0,1,0,-0.927,0,0.376],"_humanoidState":5,"_cameraCFrame":[759.461,246.264,46.889,0.488,-0.828,0.275,0,0.315,0.949,-0.873,-0.463,0.154],"_shiftlockState":false,"_pose":"FreeFall","_animationQueue":[],"_animationSpeed":1,"_zoom":20.656},{"_mousePosition":[722,376],"_rootPartCFrame":[753.483,226.045,43.548,0.394,0,0.919,0,1,0,-0.919,0,0.394],"_humanoidState":5,"_cameraCFrame":[759.152,247.147,46.757,0.493,-0.826,0.274,0,0.315,0.949,-0.87,-0.468,0.155],"_shiftlockState":false,"_pose":"FreeFall","_animationQueue":[],"_animationSpeed":1,"_zoom":20.656},{"_mousePosition":[722,376],"_rootPartCFrame":[753.309,226.534,43.45,0.404,0,0.915,0,1,0,-0.915,0,0.404],"_humanoidState":5,"_cameraCFrame":[758.969,247.636,46.674,0.495,-0.825,0.274,0,0.315,0.949,-0.869,-0.47,0.156],"_shiftlockState":false,"_pose":"FreeFall","_animationQueue":[],"_animationSpeed":1,"_zoom":20.656},{"_mousePosition":[722,376],"_rootPartCFrame":[753.076,227.138,43.319,0.416,0,0.909,0,1,0,-0.909,0,0.416],"_humanoidState":5,"_cameraCFrame":[758.737,248.24,46.543,0.495,-0.825,0.274,0,0.315,0.949,-0.869,-0.47,0.156],"_shiftlockState":false,"_pose":"FreeFall","_animationQueue":[],"_animationSpeed":1,"_zoom":20.656},{"_mousePosition":[722,376],"_rootPartCFrame":[752.845,227.687,43.187,0.428,0,0.904,0,1,0,-0.904,0,0.428],"_humanoidState":5,"_cameraCFrame":[758.505,248.789,46.411,0.495,-0.825,0.274,0,0.315,0.949,-0.869,-0.47,0.156],"_shiftlockState":false,"_pose":"FreeFall","_animationQueue":[],"_animationSpeed":1,"_zoom":20.656},{"_mousePosition":[722,376],"_rootPartCFrame":[752.613,228.182,43.055,0.437,0,0.899,0,1,0,-0.899,0,0.437],"_humanoidState":5,"_cameraCFrame":[758.274,249.284,46.279,0.495,-0.825,0.274,0,0.315,0.949,-0.869,-0.47,0.156],"_shiftlockState":false,"_pose":"FreeFall","_animationQueue":[],"_animationSpeed":1,"_zoom":20.656},{"_mousePosition":[722,376],"_rootPartCFrame":[752.381,228.623,42.923,0.445,0,0.895,0,1,0,-0.895,0,0.445],"_humanoidState":5,"_cameraCFrame":[758.042,249.725,46.147,0.495,-0.825,0.274,0,0.315,0.949,-0.869,-0.47,0.156],"_shiftlockState":false,"_pose":"FreeFall","_animationQueue":[],"_animationSpeed":1,"_zoom":20.656},{"_mousePosition":[722,376],"_rootPartCFrame":[752.15,229.009,42.791,0.453,0,0.892,0,1,0,-0.892,0,0.453],"_humanoidState":5,"_cameraCFrame":[757.81,250.111,46.015,0.495,-0.825,0.274,0,0.315,0.949,-0.869,-0.47,0.156],"_shiftlockState":false,"_pose":"FreeFall","_animationQueue":[],"_animationSpeed":1,"_zoom":20.656},{"_mousePosition":[722,376],"_rootPartCFrame":[751.918,229.34,42.659,0.459,0,0.889,0,1,0,-0.889,0,0.459],"_humanoidState":5,"_cameraCFrame":[757.579,250.443,45.883,0.495,-0.825,0.274,0,0.315,0.949,-0.869,-0.47,0.156],"_shiftlockState":false,"_pose":"FreeFall","_animationQueue":[],"_animationSpeed":1,"_zoom":20.656},{"_mousePosition":[722,376],"_rootPartCFrame":[751.686,229.617,42.527,0.464,0,0.886,0,1,0,-0.886,0,0.464],"_humanoidState":5,"_cameraCFrame":[757.379,250.72,45.694,0.486,-0.829,0.276,0,0.315,0.949,-0.874,-0.461,0.153],"_shiftlockState":false,"_pose":"FreeFall","_animationQueue":[],"_animationSpeed":1,"_zoom":20.656},{"_mousePosition":[722,376],"_rootPartCFrame":[751.454,229.84,42.396,0.468,0,0.884,0,1,0,-0.884,0,0.468],"_humanoidState":5,"_cameraCFrame":[757.179,250.942,45.504,0.477,-0.834,0.277,0,0.315,0.949,-0.879,-0.453,0.15],"_shiftlockState":false,"_pose":"FreeFall","_animationQueue":[],"_animationSpeed":1,"_zoom":20.656},{"_mousePosition":[722,376],"_rootPartCFrame":[751.222,230.008,42.266,0.471,0,0.882,0,1,0,-0.882,0,0.471],"_humanoidState":5,"_cameraCFrame":[756.952,251.123,45.284,0.466,-0.84,0.277,0,0.314,0.95,-0.885,-0.443,0.146],"_shiftlockState":false,"_pose":"FreeFall","_animationQueue":[],"_animationSpeed":1,"_zoom":20.656},{"_mousePosition":[722,376],"_rootPartCFrame":[750.987,230.122,42.138,0.473,0,0.881,0,1,0,-0.881,0,0.473],"_humanoidState":5,"_cameraCFrame":[756.714,251.249,45.08,0.457,-0.845,0.277,0,0.312,0.95,-0.889,-0.434,0.142],"_shiftlockState":false,"_pose":"FreeFall","_animationQueue":[],"_animationSpeed":1,"_zoom":20.656},{"_mousePosition":[722,376],"_rootPartCFrame":[750.752,230.181,42.013,0.472,0,0.881,0,1,0,-0.881,0,0.472],"_humanoidState":5,"_cameraCFrame":[756.508,251.308,44.898,0.448,-0.849,0.279,0,0.312,0.95,-0.894,-0.426,0.14],"_shiftlockState":false,"_pose":"FreeFall","_animationQueue":[],"_animationSpeed":1,"_zoom":20.656},{"_mousePosition":[722,376],"_rootPartCFrame":[750.515,230.185,41.891,0.471,0,0.882,0,1,0,-0.882,0,0.471],"_humanoidState":5,"_cameraCFrame":[756.258,251.325,44.715,0.441,-0.853,0.278,0,0.31,0.951,-0.897,-0.42,0.137],"_shiftlockState":false,"_pose":"FreeFall","_animationQueue":[],"_animationSpeed":1,"_zoom":20.656},{"_mousePosition":[722,376],"_rootPartCFrame":[750.277,230.135,41.771,0.468,0,0.884,0,1,0,-0.884,0,0.468],"_humanoidState":5,"_cameraCFrame":[756.006,251.287,44.535,0.434,-0.857,0.277,0,0.308,0.951,-0.901,-0.413,0.134],"_shiftlockState":false,"_pose":"FreeFall","_animationQueue":[],"_animationSpeed":1,"_zoom":20.656},{"_mousePosition":[722,376],"_rootPartCFrame":[750.037,230.031,41.653,0.465,0,0.885,0,1,0,-0.885,0,0.465],"_humanoidState":5,"_cameraCFrame":[755.788,251.183,44.373,0.428,-0.86,0.278,0,0.308,0.951,-0.904,-0.407,0.132],"_shiftlockState":false,"_pose":"FreeFall","_animationQueue":[],"_animationSpeed":1,"_zoom":20.656},{"_mousePosition":[722,376],"_rootPartCFrame":[749.737,229.823,41.508,0.46,0,0.888,0,1,0,-0.888,0,0.46],"_humanoidState":5,"_cameraCFrame":[755.48,250.988,44.154,0.418,-0.865,0.278,0,0.306,0.952,-0.908,-0.398,0.128],"_shiftlockState":false,"_pose":"FreeFall","_animationQueue":[],"_animationSpeed":1,"_zoom":20.656},{"_mousePosition":[722,376],"_rootPartCFrame":[749.557,229.658,41.422,0.457,0,0.89,0,1,0,-0.89,0,0.457],"_humanoidState":5,"_cameraCFrame":[755.291,250.835,43.994,0.409,-0.869,0.278,0,0.304,0.953,-0.912,-0.39,0.124],"_shiftlockState":false,"_pose":"FreeFall","_animationQueue":[],"_animationSpeed":1,"_zoom":20.656},{"_mousePosition":[722,376],"_rootPartCFrame":[749.315,229.39,41.31,0.452,0,0.892,0,1,0,-0.892,0,0.452],"_humanoidState":5,"_cameraCFrame":[755.04,250.579,43.808,0.4,-0.874,0.277,0,0.302,0.953,-0.917,-0.381,0.121],"_shiftlockState":false,"_pose":"FreeFall","_animationQueue":[["fall",0.3]],"_animationSpeed":1,"_zoom":20.656},{"_mousePosition":[722,376],"_rootPartCFrame":[749.071,229.068,41.201,0.446,0,0.895,0,1,0,-0.895,0,0.446],"_humanoidState":5,"_cameraCFrame":[754.809,250.257,43.67,0.395,-0.876,0.278,0,0.302,0.953,-0.919,-0.377,0.12],"_shiftlockState":false,"_pose":"FreeFall","_animationQueue":[],"_animationSpeed":1,"_zoom":20.656},{"_mousePosition":[722,376],"_rootPartCFrame":[748.827,228.691,41.094,0.441,0,0.898,0,1,0,-0.898,0,0.441],"_humanoidState":5,"_cameraCFrame":[754.53,249.892,43.548,0.395,-0.876,0.276,0,0.301,0.954,-0.919,-0.377,0.119],"_shiftlockState":false,"_pose":"FreeFall","_animationQueue":[],"_animationSpeed":1,"_zoom":20.656},{"_mousePosition":[722,376],"_rootPartCFrame":[748.521,228.143,40.962,0.433,0,0.901,0,1,0,-0.901,0,0.433],"_humanoidState":5,"_cameraCFrame":[754.224,249.344,43.416,0.395,-0.876,0.276,0,0.301,0.954,-0.919,-0.377,0.119],"_shiftlockState":false,"_pose":"FreeFall","_animationQueue":[],"_animationSpeed":1,"_zoom":20.656},{"_mousePosition":[722,376],"_rootPartCFrame":[748.338,227.773,40.883,0.429,0,0.903,0,1,0,-0.903,0,0.429],"_humanoidState":5,"_cameraCFrame":[754.04,248.975,43.337,0.395,-0.876,0.276,0,0.301,0.954,-0.919,-0.377,0.119],"_shiftlockState":false,"_pose":"FreeFall","_animationQueue":[],"_animationSpeed":1,"_zoom":20.656},{"_mousePosition":[722,376],"_rootPartCFrame":[748.093,227.233,40.778,0.424,0,0.906,0,1,0,-0.906,0,0.424],"_humanoidState":5,"_cameraCFrame":[753.795,248.434,43.231,0.395,-0.876,0.276,0,0.301,0.954,-0.919,-0.377,0.119],"_shiftlockState":false,"_pose":"FreeFall","_animationQueue":[],"_animationSpeed":1,"_zoom":20.656},{"_mousePosition":[722,376],"_rootPartCFrame":[747.787,226.481,40.646,0.419,0,0.908,0,1,0,-0.908,0,0.419],"_humanoidState":5,"_cameraCFrame":[753.489,247.682,43.1,0.395,-0.876,0.276,0,0.301,0.954,-0.919,-0.377,0.119],"_shiftlockState":false,"_pose":"FreeFall","_animationQueue":[["fall",0.3]],"_animationSpeed":1,"_zoom":20.656},{"_mousePosition":[722,376],"_rootPartCFrame":[747.603,225.988,40.567,0.417,0,0.909,0,1,0,-0.909,0,0.417],"_humanoidState":5,"_cameraCFrame":[753.305,247.19,43.021,0.395,-0.876,0.276,0,0.301,0.954,-0.919,-0.377,0.119],"_shiftlockState":false,"_pose":"FreeFall","_animationQueue":[],"_animationSpeed":1,"_zoom":20.656},{"_mousePosition":[722,376],"_rootPartCFrame":[747.358,225.284,40.461,0.414,0,0.91,0,1,0,-0.91,0,0.414],"_humanoidState":5,"_cameraCFrame":[753.061,246.486,42.915,0.395,-0.876,0.276,0,0.301,0.954,-0.919,-0.377,0.119],"_shiftlockState":false,"_pose":"FreeFall","_animationQueue":[],"_animationSpeed":1,"_zoom":20.656},{"_mousePosition":[722,376],"_rootPartCFrame":[747.052,224.328,40.33,0.41,0,0.912,0,1,0,-0.912,0,0.41],"_humanoidState":5,"_cameraCFrame":[752.755,245.529,42.783,0.395,-0.876,0.276,0,0.301,0.954,-0.919,-0.377,0.119],"_shiftlockState":false,"_pose":"FreeFall","_animationQueue":[],"_animationSpeed":1,"_zoom":20.656},{"_mousePosition":[722,376],"_rootPartCFrame":[746.807,223.501,40.224,0.408,0,0.913,0,1,0,-0.913,0,0.408],"_humanoidState":5,"_cameraCFrame":[752.51,244.702,42.678,0.395,-0.876,0.276,0,0.301,0.954,-0.919,-0.377,0.119],"_shiftlockState":false,"_pose":"FreeFall","_animationQueue":[],"_animationSpeed":1,"_zoom":20.656},{"_mousePosition":[722,376],"_rootPartCFrame":[746.623,223.381,40.145,0.407,0,0.913,0,1,0,-0.913,0,0.407],"_humanoidState":7,"_cameraCFrame":[752.326,244.582,42.599,0.395,-0.876,0.276,0,0.301,0.954,-0.919,-0.377,0.119],"_shiftlockState":false,"_pose":"FreeFall","_animationQueue":[["walk",0.1],["fall",0.3],["fall",0.3]],"_animationSpeed":1,"_zoom":20.656},{"_mousePosition":[722,376],"_rootPartCFrame":[746.379,223.374,40.04,0.405,0,0.914,0,1,0,-0.914,0,0.405],"_humanoidState":7,"_cameraCFrame":[752.081,244.575,42.493,0.395,-0.876,0.276,0,0.301,0.954,-0.919,-0.377,0.119],"_shiftlockState":false,"_pose":"FreeFall","_animationQueue":[],"_animationSpeed":1,"_zoom":20.656},{"_mousePosition":[722,376],"_rootPartCFrame":[746.134,223.374,39.934,0.404,0,0.915,0,1,0,-0.915,0,0.404],"_humanoidState":7,"_cameraCFrame":[751.836,244.575,42.388,0.395,-0.876,0.276,0,0.301,0.954,-0.919,-0.377,0.119],"_shiftlockState":false,"_pose":"FreeFall","_animationQueue":[["fall",0.3]],"_animationSpeed":1,"_zoom":20.656},{"_mousePosition":[722,376],"_rootPartCFrame":[745.827,223.23,39.803,0.402,0,0.915,0,1,0,-0.915,0,0.402],"_humanoidState":8,"_cameraCFrame":[751.53,244.431,42.256,0.395,-0.876,0.276,0,0.301,0.954,-0.919,-0.377,0.119],"_shiftlockState":false,"_pose":"Running","_animationQueue":[["walk",0.1],["fall",0.3],["walk",0.1]],"_animationSpeed":1.103,"_zoom":20.656},{"_mousePosition":[722,376],"_rootPartCFrame":[745.582,223.047,39.697,0.401,0,0.916,0,1,0,-0.916,0,0.401],"_humanoidState":8,"_cameraCFrame":[751.273,244.249,42.18,0.4,-0.874,0.275,0,0.301,0.954,-0.917,-0.381,0.12],"_shiftlockState":false,"_pose":"Running","_animationQueue":[],"_animationSpeed":1.103,"_zoom":20.656},{"_mousePosition":[722,376],"_rootPartCFrame":[745.337,222.81,39.592,0.401,0,0.916,0,1,0,-0.916,0,0.401],"_humanoidState":8,"_cameraCFrame":[751.015,244.011,42.103,0.405,-0.872,0.275,0,0.301,0.954,-0.915,-0.386,0.122],"_shiftlockState":false,"_pose":"Running","_animationQueue":[],"_animationSpeed":1.103,"_zoom":20.656},{"_mousePosition":[722,376],"_rootPartCFrame":[745.093,222.635,39.485,0.4,0,0.916,0,1,0,-0.916,0,0.4],"_humanoidState":8,"_cameraCFrame":[750.758,243.836,42.025,0.409,-0.87,0.274,0,0.301,0.954,-0.912,-0.39,0.123],"_shiftlockState":false,"_pose":"Running","_animationQueue":[],"_animationSpeed":1.103,"_zoom":20.656},{"_mousePosition":[722,376],"_rootPartCFrame":[744.849,222.645,39.377,0.401,0,0.916,0,1,0,-0.916,0,0.401],"_humanoidState":8,"_cameraCFrame":[750.501,243.846,41.946,0.414,-0.868,0.274,0,0.301,0.954,-0.91,-0.395,0.124],"_shiftlockState":false,"_pose":"Running","_animationQueue":[],"_animationSpeed":1.103,"_zoom":20.656},{"_mousePosition":[722,376],"_rootPartCFrame":[744.606,222.667,39.268,0.402,0,0.916,0,1,0,-0.916,0,0.402],"_humanoidState":8,"_cameraCFrame":[750.244,243.868,41.866,0.418,-0.866,0.273,0,0.301,0.954,-0.908,-0.399,0.126],"_shiftlockState":false,"_pose":"Running","_animationQueue":[["walk",0.1]],"_animationSpeed":1.103,"_zoom":20.656},{"_mousePosition":[722,376],"_rootPartCFrame":[744.363,222.682,39.158,0.403,0,0.915,0,1,0,-0.915,0,0.403],"_humanoidState":8,"_cameraCFrame":[749.988,243.883,41.784,0.423,-0.864,0.272,0,0.301,0.954,-0.906,-0.403,0.127],"