[{"_mousePosition":[538,291],"_rootPartCFrame":[776.028,222.7,47.142,0,0,1,0,1,0,-1,0,0],"_humanoidState":8,"_cameraCFrame":[778.787,244.404,43.847,-0.767,-0.628,0.134,0,0.208,0.978,-0.642,0.75,-0.16],"_shiftlockState":false,"_pose":"Standing","_animationQueue":[],"_animationSpeed":1,"_zoom":20.656},{"_mousePosition":[538,291],"_rootPartCFrame":[775.838,222.7,46.984,0.097,0,0.995,0,1,0,-0.995,0,0.097],"_humanoidState":8,"_cameraCFrame":[778.64,244.395,43.673,-0.763,-0.632,0.136,0,0.21,0.978,-0.646,0.746,-0.16],"_shiftlockState":false,"_pose":"Standing","_animationQueue":[],"_animationSpeed":1,"_zoom":20.656},{"_mousePosition":[538,291],"_rootPartCFrame":[775.634,222.7,46.814,0.177,0,0.984,0,1,0,-0.984,0,0.177],"_humanoidState":8,"_cameraCFrame":[778.495,244.387,43.501,-0.757,-0.639,0.139,0,0.212,0.977,-0.654,0.74,-0.16],"_shiftlockState":false,"_pose":"Running","_animationQueue":[["walk",0.1]],"_animationSpeed":1.066,"_zoom":20.656},{"_mousePosition":[538,291],"_rootPartCFrame":[775.431,222.7,46.642,0.246,0,0.969,0,1,0,-0.969,0,0.246],"_humanoidState":8,"_cameraCFrame":[778.325,244.387,43.358,-0.75,-0.646,0.14,0,0.212,0.977,-0.661,0.733,-0.159],"_shiftlockState":false,"_pose":"Running","_animationQueue":[],"_animationSpeed":1.066,"_zoom":20.656},{"_mousePosition":[538,291],"_rootPartCFrame":[775.229,222.7,46.467,0.306,0,0.952,0,1,0,-0.952,0,0.306],"_humanoidState":8,"_cameraCFrame":[778.14,244.387,43.199,-0.747,-0.65,0.141,0,0.212,0.977,-0.665,0.73,-0.158],"_shiftlockState":false,"_pose":"Running","_animationQueue":[],"_animationSpeed":1.066,"_zoom":20.656},{"_mousePosition":[538,291],"_rootPartCFrame":[775.029,222.7,46.291,0.359,0,0.933,0,1,0,-0.933,0,0.359],"_humanoidState":8,"_cameraCFrame":[777.939,244.387,43.023,-0.747,-0.65,0.141,0,0.212,0.977,-0.665,0.73,-0.158],"_shiftlockState":false,"_pose":"Running","_animationQueue":[],"_animationSpeed":1.066,"_zoom":20.656},{"_mousePosition":[538,291],"_rootPartCFrame":[774.829,222.7,46.114,0.404,0,0.915,0,1,0,-0.915,0,0.404],"_humanoidState":8,"_cameraCFrame":[777.74,244.387,42.846,-0.747,-0.65,0.141,0,0.212,0.977,-0.665,0.73,-0.158],"_shiftlockState":false,"_pose":"Running","_animationQueue":[],"_animationSpeed":1.066,"_zoom":20.656},{"_mousePosition":[538,291],"_rootPartCFrame":[774.63,222.7,45.937,0.442,0,0.897,0,1,0,-0.897,0,0.442],"_humanoidState":8,"_cameraCFrame":[777.541,244.387,42.668,-0.747,-0.65,0.141,0,0.212,0.977,-0.665,0.73,-0.158],"_shiftlockState":false,"_pose":"Running","_animationQueue":[["walk",0.1]],"_animationSpeed":1.066,"_zoom":20.656},{"_mousePosition":[538,291],"_rootPartCFrame":[774.431,222.7,45.759,0.475,0,0.88,0,1,0,-0.88,0,0.475],"_humanoidState":8,"_cameraCFrame":[777.342,244.387,42.491,-0.747,-0.65,0.141,0,0.212,0.977,-0.665,0.73,-0.158],"_shiftlockState":false,"_pose":"Running","_animationQueue":[],"_animationSpeed":1.066,"_zoom":20.656},{"_mousePosition":[538,291],"_rootPartCFrame":[774.232,222.7,45.582,0.502,0,0.865,0,1,0,-0.865,0,0.502],"_humanoidState":8,"_cameraCFrame":[777.151,244.387,42.321,-0.745,-0.652,0.141,0,0.212,0.977,-0.667,0.728,-0.158],"_shiftlockState":false,"_pose":"Running","_animationQueue":[],"_animationSpeed":1.066,"_zoom":20.656},{"_mousePosition":[538,291],"_rootPartCFrame":[774.033,222.7,45.405,0.525,0,0.851,0,1,0,-0.851,0,0.525],"_humanoidState":8,"_cameraCFrame":[776.926,244.395,42.173,-0.745,-0.652,0.14,0,0.21,0.978,-0.667,0.728,-0.156],"_shiftlockState":false,"_pose":"Running","_animationQueue":[],"_animationSpeed":1.066,"_zoom":20.656},{"_mousePosition":[538,291],"_rootPartCFrame":[773.834,222.7,45.227,0.546,0,0.838,0,1,0,-0.838,0,0.546],"_humanoidState":8,"_cameraCFrame":[776.674,244.412,42.054,-0.745,-0.653,0.138,0,0.206,0.979,-0.667,0.729,-0.154],"_shiftlockState":false,"_pose":"Running","_animationQueue":[],"_animationSpeed":1.066,"_zoom":20.656},{"_mousePosition":[538,291],"_rootPartCFrame":[773.635,222.7,45.049,0.563,0,0.827,0,1,0,-0.827,0,0.563],"_humanoidState":8,"_cameraCFrame":[775.098,244.428,40.76,-0.748,-0.649,0.134,0,0.202,0.979,-0.663,0.733,-0.151],"_shiftlockState":true,"_pose":"Running","_animationQueue":[],"_animationSpeed":1.066,"_zoom":20.656},{"_mousePosition":[683,384],"_rootPartCFrame":[773.437,222.7,44.871,-0.787,0,0.617,0,1,0,-0.617,0,-0.787],"_humanoidState":8,"_cameraCFrame":[774.899,244.428,40.582,-0.748,-0.649,0.134,0,0.202,0.979,-0.663,0.733,-0.151],"_shiftlockState":true,"_pose":"Running","_animationQueue":[["walk",0.1]],"_animationSpeed":1.066,"_zoom":20.656},{"_mousePosition":[683,384],"_rootPartCFrame":[773.237,222.7,44.694,-0.765,0,0.644,0,1,0,-0.644,0,-0.765],"_humanoidState":8,"_cameraCFrame":[774.589,244.452,40.483,-0.753,-0.645,0.129,0,0.197,0.98,-0.657,0.739,-0.148],"_shiftlockState":true,"_pose":"Running","_animationQueue":[],"_animationSpeed":1.066,"_zoom":20.656},{"_mousePosition":[683,384],"_rootPartCFrame":[773.038,222.7,44.517,-0.755,0,0.655,0,1,0,-0.655,0,-0.755],"_humanoidState":8,"_cameraCFrame":[774.27,244.476,40.383,-0.76,-0.638,0.124,0,0.191,0.982,-0.65,0.746,-0.145],"_shiftlockState":true,"_pose":"Running","_animationQueue":[],"_animationSpeed":1.066,"_zoom":20.656},{"_mousePosition":[683,384],"_rootPartCFrame":[772.837,222.7,44.342,-0.76,0,0.65,0,1,0,-0.65,0,-0.76],"_humanoidState":8,"_cameraCFrame":[773.951,244.499,40.286,-0.767,-0.631,0.119,0,0.185,0.983,-0.642,0.753,-0.142],"_shiftlockState":true,"_pose":"Running","_animationQueue":[],"_animationSpeed":1.066,"_zoom":20.656},{"_mousePosition":[683,384],"_rootPartCFrame":[772.635,222.7,44.168,-0.767,0,0.642,0,1,0,-0.642,0,-0.767],"_humanoidState":8,"_cameraCFrame":[773.647,244.513,40.16,-0.775,-0.622,0.115,0,0.181,0.983,-0.632,0.762,-0.14],"_shiftlockState":true,"_pose":"Running","_animationQueue":[],"_animationSpeed":1.066,"_zoom":20.656},{"_mousePosition":[683,384],"_rootPartCFrame":[772.43,222.7,43.997,-0.775,0,0.632,0,1,0,-0.632,0,-0.775],"_humanoidState":8,"_cameraCFrame":[773.328,244.535,40.071,-0.781,-0.615,0.11,0,0.176,0.984,-0.624,0.769,-0.137],"_shiftlockState":true,"_pose":"Running","_animationQueue":[],"_animationSpeed":1.066,"_zoom":20.656},{"_mousePosition":[683,384],"_rootPartCFrame":[772.224,222.7,43.828,-0.781,0,0.624,0,1,0,-0.624,0,-0.781],"_humanoidState":8,"_cameraCFrame":[773.077,244.542,39.929,-0.784,-0.611,0.108,0,0.174,0.985,-0.62,0.772,-0.136],"_shiftlockState":true,"_pose":"Running","_animationQueue":[],"_animationSpeed":1.066,"_zoom":20.656},{"_mousePosition":[683,384],"_rootPartCFrame":[772.016,222.7,43.661,-0.784,0,0.62,0,1,0,-0.62,0,-0.784],"_humanoidState":8,"_cameraCFrame":[772.869,244.542,39.762,-0.784,-0.611,0.108,0,0.174,0.985,-0.62,0.772,-0.136],"_shiftlockState":true,"_pose":"Running","_animationQueue":[["walk",0.1]],"_animationSpeed":1.066,"_zoom":20.656},{"_mousePosition":[683,384],"_rootPartCFrame":[771.807,222.7,43.495,-0.784,0,0.62,0,1,0,-0.62,0,-0.784],"_humanoidState":8,"_cameraCFrame":[772.66,244.542,39.596,-0.784,-0.611,0.108,0,0.174,0.985,-0.62,0.772,-0.136],"_shiftlockState":true,"_pose":"Running","_animationQueue":[],"_animationSpeed":1.066,"_zoom":20.656},{"_mousePosition":[683,384],"_rootPartCFrame":[771.598,222.7,43.33,-0.784,0,0.62,0,1,0,-0.62,0,-0.784],"_humanoidState":8,"_cameraCFrame":[772.441,244.542,39.429,-0.786,-0.609,0.107,0,0.174,0.985,-0.619,0.774,-0.136],"_shiftlockState":true,"_pose":"Running","_animationQueue":[],"_animationSpeed":1.066,"_zoom":20.656},{"_mousePosition":[683,384],"_rootPartCFrame":[771.389,222.7,43.164,-0.786,0,0.619,0,1,0,-0.619,0,-0.786],"_humanoidState":8,"_cameraCFrame":[772.193,244.542,39.255,-0.792,-0.601,0.106,0,0.174,0.985,-0.611,0.78,-0.138],"_shiftlockState":true,"_pose":"Running","_animationQueue":[],"_animationSpeed":1.066,"_zoom":20.656},{"_mousePosition":[683,384],"_rootPartCFrame":[771.179,222.7,42.999,-0.792,0,0.611,0,1,0,-0.611,0,-0.792],"_humanoidState":8,"_cameraCFrame":[771.934,244.542,39.08,-0.8,-0.591,0.104,0,0.174,0.985,-0.6,0.788,-0.139],"_shiftlockState":true,"_pose":"Running","_animationQueue":[],"_animationSpeed":1.066,"_zoom":20.656},{"_mousePosition":[683,384],"_rootPartCFrame":[770.968,222.7,42.836,-0.8,0,0.6,0,1,0,-0.6,0,-0.8],"_humanoidState":8,"_cameraCFrame":[771.643,244.542,38.902,-0.812,-0.575,0.101,0,0.174,0.985,-0.584,0.799,-0.141],"_shiftlockState":true,"_pose":"Running","_animationQueue":[],"_animationSpeed":1.066,"_zoom":20.656},{"_mousePosition":[683,384],"_rootPartCFrame":[770.755,222.7,42.675,-0.812,0,0.584,0,1,0,-0.584,0,-0.812],"_humanoidState":8,"_cameraCFrame":[771.32,244.542,38.725,-0.828,-0.553,0.097,0,0.174,0.985,-0.561,0.815,-0.144],"_shiftlockState":true,"_pose":"Running","_animationQueue":[],"_animationSpeed":1.066,"_zoom":20.656},{"_mousePosition":[683,384],"_rootPartCFrame":[770.539,222.7,42.519,-0.828,0,0.561,0,1,0,-0.561,0,-0.828],"_humanoidState":8,"_cameraCFrame":[770.994,244.542,38.554,-0.843,-0.53,0.093,0,0.174,0.985,-0.538,0.83,-0.146],"_shiftlockState":true,"_pose":"Running","_animationQueue":[["walk",0.1]],"_animationSpeed":1.066,"_zoom":20.656},{"_mousePosition":[683,384],"_rootPartCFrame":[770.264,222.7,42.331,-0.843,0,0.538,0,1,0,-0.538,0,-0.843],"_humanoidState":8,"_cameraCFrame":[770.608,244.542,38.355,-0.858,-0.507,0.089,0,0.174,0.985,-0.514,0.845,-0.149],"_shiftlockState":true,"_pose":"Running","_animationQueue":[],"_animationSpeed":1.066,"_zoom":20.656},{"_mousePosition":[683,384],"_rootPartCFrame":[770.04,222.7,42.187,-0.858,0,0.514,0,1,0,-0.514,0,-0.858],"_humanoidState":8,"_cameraCFrame":[770.273,244.542,38.203,-0.872,-0.483,0.085,0,0.174,0.985,-0.49,0.858,-0.151],"_shiftlockState":true,"_pose":"Running","_animationQueue":[],"_animationSpeed":1.066,"_zoom":20.656},{"_mousePosition":[683,384],"_rootPartCFrame":[769.815,222.666,42.043,-0.872,0,0.49,0,1,0,-0.49,0,-0.872],"_humanoidState":8,"_cameraCFrame":[769.877,244.508,38.053,-0.892,-0.446,0.079,0,0.174,0.985,-0.452,0.878,-0.155],"_shiftlockState":true,"_pose":"Running","_animationQueue":[],"_animationSpeed":1.066,"_zoom":20.656},{"_mousePosition":[683,384],"_rootPartCFrame":[769.59,222.577,41.9,-0.892,0,0.452,0,1,0,-0.452,0,-0.892],"_humanoidState":8,"_cameraCFrame":[769.602,244.419,37.909,-0.897,-0.434,0.077,0,0.174,0.985,-0.441,0.884,-0.156],"_shiftlockState":true,"_pose":"Running","_animationQueue":[],"_animationSpeed":1.066,"_zoom":20.656},{"_mousePosition":[683,384],"_rootPartCFrame":[769.365,222.434,41.756,-0.897,0,0.441,0,1,0,-0.441,0,-0.897],"_humanoidState":8,"_cameraCFrame":[769.276,244.276,37.766,-0.908,-0.412,0.073,0,0.174,0.985,-0.418,0.895,-0.158],"_shiftlockState":true,"_pose":"Running","_animationQueue":[],"_animationSpeed":1.066,"_zoom":20.656},{"_mousePosition":[683,384],"_rootPartCFrame":[769.084,223.518,41.577,-0.908,0,0.418,0,1,0,-0.418,0,-0.908],"_humanoidState":3,"_cameraCFrame":[768.995,245.36,37.587,-0.908,-0.412,0.073,0,0.174,0.985,-0.418,0.895,-0.158],"_shiftlockState":true,"_pose":"Jumping","_animationQueue":[["walk",0.1],["walk",0.1],["jump",0.1]],"_animationSpeed":1,"_zoom":20.656},{"_mousePosition":[683,384],"_rootPartCFrame":[768.909,224.129,41.482,-0.88,0,0.474,0,1,0,-0.474,0,-0.88],"_humanoidState":5,"_cameraCFrame":[768.819,245.971,37.492,-0.908,-0.412,0.073,0,0.174,0.985,-0.418,0.895,-0.158],"_shiftlockState":true,"_pose":"FreeFall","_animationQueue":[["jump",0.1]],"_animationSpeed":1,"_zoom":20.656},{"_mousePosition":[683,384],"_rootPartCFrame":[768.667,224.897,41.37,-0.849,0,0.528,0,1,0,-0.528,0,-0.849],"_humanoidState":5,"_cameraCFrame":[768.577,246.739,37.38,-0.908,-0.412,0.073,0,0.174,0.985,-0.418,0.895,-0.158],"_shiftlockState":true,"_pose":"FreeFall","_animationQueue":[],"_animationSpeed":1,"_zoom":20.656},{"_mousePosition":[683,384],"_rootPartCFrame":[768.425,225.61,41.258,-0.845,0,0.534,0,1,0,-0.534,0,-0.845],"_humanoidState":5,"_cameraCFrame":[768.335,247.452,37.268,-0.908,-0.412,0.073,0,0.174,0.985,-0.418,0.895,-0.158],"_shiftlockState":true,"_pose":"FreeFall","_animationQueue":[],"_animationSpeed":1,"_zoom":20.656},{"_mousePosition":[683,384],"_rootPartCFrame":[768.182,226.268,41.147,-0.845,0,0.535,0,1,0,-0.535,0,-0.845],"_humanoidState":5,"_cameraCFrame":[768.093,248.11,37.157,-0.908,-0.412,0.073,0,0.174,0.985,-0.418,0.895,-0.158],"_shiftlockState":true,"_pose":"FreeFall","_animationQueue":[],"_animationSpeed":1,"_zoom":20.656},{"_mousePosition":[683,384],"_rootPartCFrame":[767.94,226.872,41.035,-0.845,0,0.535,0,1,0,-0.535,0,-0.845],"_humanoidState":5,"_cameraCFrame":[767.851,248.714,37.045,-0.908,-0.412,0.073,0,0.174,0.985,-0.418,0.895,-0.158],"_shiftlockState":true,"_pose":"FreeFall","_animationQueue":[],"_animationSpeed":1,"_zoom":20.656},{"_mousePosition":[683,384],"_rootPartCFrame":[767.698,227.422,40.924,-0.845,0,0.535,0,1,0,-0.535,0,-0.845],"_humanoidState":5,"_cameraCFrame":[767.609,249.264,36.934,-0.908,-0.412,0.073,0,0.174,0.985,-0.418,0.895,-0.158],"_shiftlockState":true,"_pose":"FreeFall","_animationQueue":[],"_animationSpeed":1,"_zoom":20.656},{"_mousePosition":[683,384],"_rootPartCFrame":[767.456,227.917,40.812,-0.845,0,0.535,0,1,0,-0.535,0,-0.845],"_humanoidState":5,"_cameraCFrame":[767.366,249.759,36.822,-0.908,-0.412,0.073,0,0.174,0.985,-0.418,0.895,-0.158],"_shiftlockState":true,"_pose":"FreeFall","_animationQueue":[],"_animationSpeed":1,"_zoom":20.656},{"_mousePosition":[683,384],"_rootPartCFrame":[767.214,228.357,40.701,-0.845,0,0.535,0,1,0,-0.535,0,-0.845],"_humanoidState":5,"_cameraCFrame":[767.124,250.199,36.711,-0.908,-0.412,0.073,0,0.174,0.985,-0.418,0.895,-0.158],"_shiftlockState":true,"_pose":"FreeFall","_animationQueue":[],"_animationSpeed":1,"_zoom":20.656},{"_mousePosition":[683,384],"_rootPartCFrame":[766.971,228.743,40.589,-0.845,0,0.535,0,1,0,-0.535,0,-0.845],"_humanoidState":5,"_cameraCFrame":[766.892,250.585,36.599,-0.907,-0.414,0.073,0,0.174,0.985,-0.421,0.893,-0.158],"_shiftlockState":true,"_pose":"FreeFall","_animationQueue":[],"_animationSpeed":1,"_zoom":20.656},{"_mousePosition":[683,384],"_rootPartCFrame":[766.729,229.075,40.478,-0.843,0,0.537,0,1,0,-0.537,0,-0.843],"_humanoidState":5,"_cameraCFrame":[766.697,250.91,36.451,-0.904,-0.421,0.075,0,0.176,0.984,-0.427,0.89,-0.159],"_shiftlockState":true,"_pose":"FreeFall","_animationQueue":[],"_animationSpeed":1,"_zoom":20.656},{"_mousePosition":[683,384],"_rootPartCFrame":[766.487,229.352,40.366,-0.839,0,0.544,0,1,0,-0.544,0,-0.839],"_humanoidState":5,"_cameraCFrame":[766.554,251.18,36.304,-0.895,-0.439,0.079,0,0.177,0.984,-0.446,0.881,-0.159],"_shiftlockState":true,"_pose":"FreeFall","_animationQueue":[],"_animationSpeed":1,"_zoom":20.656},{"_mousePosition":[683,384],"_rootPartCFrame":[766.246,229.574,40.252,-0.828,0,0.561,0,1,0,-0.561,0,-0.828],"_humanoidState":5,"_cameraCFrame":[766.385,251.402,36.192,-0.887,-0.454,0.082,0,0.177,0.984,-0.461,0.873,-0.157],"_shiftlockState":true,"_pose":"FreeFall","_animationQueue":[],"_animationSpeed":1,"_zoom":20.656},{"_mousePosition":[683,384],"_rootPartCFrame":[766.007,229.742,40.134,-0.818,0,0.575,0,1,0,-0.575,0,-0.818],"_humanoidState":5,"_cameraCFrame":[766.227,251.563,36.042,-0.88,-0.467,0.085,0,0.179,0.984,-0.475,0.866,-0.158],"_shiftlockState":true,"_pose":"FreeFall","_animationQueue":[],"_animationSpeed":1,"_zoom":20.656},{"_mousePosition":[683,384],"_rootPartCFrame":[765.77,229.856,40.012,-0.809,0,0.588,0,1,0,-0.588,0,-0.809],"_humanoidState":5,"_cameraCFrame":[766.031,251.677,35.922,-0.875,-0.476,0.087,0,0.179,0.984,-0.484,0.861,-0.157],"_shiftlockState":true,"_pose":"FreeFall","_animationQueue":[],"_animationSpeed":1,"_zoom":20.656},{"_mousePosition":[683,384],"_rootPartCFrame":[765.535,229.915,39.885,-0.803,0,0.596,0,1,0,-0.596,0,-0.803],"_humanoidState":5,"_cameraCFrame":[765.796,251.736,35.796,-0.875,-0.476,0.087,0,0.179,0.984,-0.484,0.861,-0.157],"_shiftlockState":true,"_pose":"FreeFall","_animationQueue":[],"_animationSpeed":1,"_zoom":20.656},{"_mousePosition":[683,384],"_rootPartCFrame":[765.302,229.919,39.757,-0.803,0,0.596,0,1,0,-0.596,0,-0.803],"_humanoidState":5,"_cameraCFrame":[765.573,251.74,35.668,-0.874,-0.478,0.087,0,0.179,0.984,-0.486,0.86,-0.157],"_shiftlockState":true,"_pose":"FreeFall","_animationQueue":[],"_animationSpeed":1,"_zoom":20.656},{"_mousePosition":[683,384],"_rootPartCFrame":[765.068,229.869,39.628,-0.802,0,0.598,0,1,0,-0.598,0,-0.802],"_humanoidState":5,"_cameraCFrame":[765.308,251.69,35.537,-0.878,-0.471,0.086,0,0.179,0.984,-0.479,0.863,-0.157],"_shiftlockState":true,"_pose":"FreeFall","_animationQueue":[],"_animationSpeed":1,"_zoom":20.656},{"_mousePosition":[683,384],"_rootPartCFrame":[764.835,229.765,39.498,-0.806,0,0.592,0,1,0,-0.592,0,-0.806],"_humanoidState":5,"_cameraCFrame":[764.951,251.586,35.402,-0.892,-0.445,0.081,0,0.179,0.984,-0.452,0.877,-0.16],"_shiftlockState":true,"_pose":"FreeFall","_animationQueue":[],"_animationSpeed":1,"_zoom":20.656},{"_mousePosition":[683,384],"_rootPartCFrame":[764.604,230.315,39.372,-0.876,0,0.482,0,1,0,-0.482,0,-0.876],"_humanoidState":7,"_cameraCFrame":[764.502,252.136,35.275,-0.915,-0.398,0.073,0,0.179,0.984,-0.404,0.9,-0.164],"_shiftlockState":true,"_pose":"FreeFall","_animationQueue":[["walk",0.1]],"_animationSpeed":1.103,"_zoom":20.656},{"_mousePosition":[683,384],"_rootPartCFrame":[764.372,230.945,39.245,-0.917,0,0.399,0,1,0,-0.399,0,-0.917],"_humanoidState":7,"_cameraCFrame":[763.967,252.773,35.203,-0.941,-0.333,0.06,0,0.177,0.984,-0.339,0.926,-0.167],"_shiftlockState":true,"_pose":"FreeFall","_animationQueue":[["fall",0.3]],"_animationSpeed":1,"_zoom":20.656},{"_mousePosition":[683,384],"_rootPartCFrame":[764.163,231.521,39.131,-0.942,0,0.336,0,1,0,-0.336,0,-0.942],"_humanoidState":8,"_cameraCFrame":[763.251,253.349,35.172,-0.976,-0.214,0.039,0,0.177,0.984,-0.217,0.961,-0.173],"_shiftlockState":true,"_pose":"Running","_animationQueue":[["walk",0.1],["fall",0.3],["walk",0.1]],"_animationSpeed":1.09,"_zoom":20.656},{"_mousePosition":[683,384],"_rootPartCFrame":[763.988,232.041,39.036,-0.976,0,0.217,0,1,0,-0.217,0,-0.976],"_humanoidState":8,"_cameraCFrame":[762.907,253.87,35.12,-0.985,-0.172,0.031,0,0.177,0.984,-0.175,0.969,-0.175],"_shiftlockState":true,"_pose":"Running","_animationQueue":[["walk",0.1]],"_animationSpeed":0.926,"_zoom":20.656},{"_mousePosition":[683,384],"_rootPartCFrame":[763.849,232.508,38.959,-0.985,0,0.175,0,1,0,-0.175,0,-0.985],"_humanoidState":8,"_cameraCFrame":[762.339,254.307,35.034,-0.998,-0.061,0.011,0,0.185,0.983,-0.062,0.981,-0.185],"_shiftlockState":true,"_pose":"Running","_animationQueue":[["walk",0.1]],"_animationSpeed":0.762,"_zoom":20.656},{"_mousePosition":[683,384],"_rootPartCFrame":[763.744,232.92,38.902,-0.998,0,0.062,0,1,0,-0.062,0,-0.998],"_humanoidState":8,"_cameraCFrame":[761.968,254.68,34.891,-1,0.006,-0.001,0,0.195,0.981,0.006,0.981,-0.195],"_shiftlockState":true,"_pose":"Running","_animationQueue":[["walk",0.1]],"_animationSpeed":0.597,"_zoom":20.656},{"_mousePosition":[683,384],"_rootPartCFrame":[763.628,233.277,38.857,-0.996,0,0.086,0,1,0,-0.086,0,-0.996],"_humanoidState":5,"_cameraCFrame":[761.599,254.998,34.764,-0.998,0.066,-0.014,0,0.204,0.979,0.067,0.977,-0.204],"_shiftlockState":true,"_pose":"FreeFall","_animationQueue":[["walk",0.1],["fall",0.3]],"_animationSpeed":1,"_zoom":20.656},{"_mousePosition":[683,384],"_rootPartCFrame":[763.491,233.58,38.838,-0.999,0,0.047,0,1,0,-0.047,0,-0.999],"_humanoidState":5,"_cameraCFrame":[761.239,255.267,34.697,-0.993,0.115,-0.025,0,0.212,0.977,0.117,0.971,-0.21],"_shiftlockState":true,"_pose":"FreeFall","_animationQueue":[["fall",0.3]],"_animationSpeed":1,"_zoom":20.656},{"_mousePosition":[683,384],"_rootPartCFrame":[763.346,233.828,38.858,-1,0,-0.006,0,1,0,0.006,0,-1],"_humanoidState":5,"_cameraCFrame":[760.875,255.498,34.759,-0.986,0.164,-0.036,0,0.216,0.976,0.167,0.963,-0.213],"_shiftlockState":true,"_pose":"FreeFall","_animationQueue":[],"_animationSpeed":1,"_zoom":20.656},{"_mousePosition":[683,384],"_rootPartCFrame":[763.197,234.022,38.918,-0.998,0,-0.057,0,1,0,0.057,0,-0.998],"_humanoidState":5,"_cameraCFrame":[760.533,255.683,34.897,-0.977,0.207,-0.046,0,0.218,0.976,0.212,0.954,-0.213],"_shiftlockState":true,"_pose":"FreeFall","_animationQueue":[],"_animationSpeed":1,"_zoom":20.656},{"_mousePosition":[683,384],"_rootPartCFrame":[763.045,234.162,39.018,-0.995,0,-0.103,0,1,0,0.103,0,-0.995],"_humanoidState":5,"_cameraCFrame":[760.221,255.823,35.108,-0.968,0.246,-0.055,0,0.218,0.976,0.252,0.945,-0.211],"_shiftlockState":true,"_pose":"FreeFall","_animationQueue":[],"_animationSpeed":1,"_zoom":20.656},{"_mousePosition":[683,384],"_rootPartCFrame":[762.895,234.247,39.157,-0.99,0,-0.144,0,1,0,0.144,0,-0.99],"_humanoidState":5,"_cameraCFrame":[759.934,255.908,35.35,-0.958,0.279,-0.062,0,0.218,0.976,0.286,0.935,-0.209],"_shiftlockState":true,"_pose":"FreeFall","_animationQueue":[],"_animationSpeed":1,"_zoom":20.656},{"_mousePosition":[683,384],"_rootPartCFrame":[762.75,234.277,39.335,-0.984,0,-0.179,0,1,0,0.179,0,-0.984],"_humanoidState":5,"_cameraCFrame":[759.684,255.938,35.612,-0.95,0.305,-0.068,0,0.218,0.976,0.312,0.927,-0.207],"_shiftlockState":true,"_pose":"FreeFall","_animationQueue":[],"_animationSpeed":1,"_zoom":20.656},{"_mousePosition":[683,384],"_rootPartCFrame":[762.632,234.253,39.535,-0.961,0,-0.277,0,1,0,0.277,0,-0.961],"_humanoidState":5,"_cameraCFrame":[759.491,255.914,35.875,-0.943,0.324,-0.072,0,0.218,0.976,0.331,0.921,-0.205],"_shiftlockState":true,"_pose":"FreeFall","_animationQueue":[],"_animationSpeed":1,"_zoom":20.656},{"_mousePosition":[683,384],"_rootPartCFrame":[762.552,234.174,39.745,-0.946,0,-0.325,0,1,0,0.325,0,-0.946],"_humanoidState":5,"_cameraCFrame":[759.338,255.835,36.149,-0.937,0.342,-0.076,0,0.218,0.976,0.35,0.914,-0.204],"_shiftlockState":true,"_pose":"FreeFall","_animationQueue":[["fall",0.3]],"_animationSpeed":1,"_zoom":20.656},{"_mousePosition":[683,384],"_rootPartCFrame":[762.511,234.041,39.965,-0.938,0,-0.348,0,1,0,0.348,0,-0.938],"_humanoidState":5,"_cameraCFrame":[759.225,255.702,36.435,-0.929,0.361,-0.08,0,0.218,0.976,0.369,0.907,-0.202],"_shiftlockState":true,"_pose":"FreeFall","_animationQueue":[],"_animationSpeed":1,"_zoom":20.656},{"_mousePosition":[683,384],"_rootPartCFrame":[762.509,233.853,40.194,-0.93,0,-0.367,0,1,0,0.367,0,-0.93],"_humanoidState":5,"_cameraCFrame":[759.167,255.523,36.767,-0.922,0.379,-0.084,0,0.216,0.976,0.388,0.9,-0.199],"_shiftlockState":true,"_pose":"FreeFall","_animationQueue":[],"_animationSpeed":1,"_zoom":20.656},{"_mousePosition":[683,384],"_rootPartCFrame":[762.58,233.995,40.404,-0.922,0,-0.387,0,1,0,0.387,0,-0.922],"_humanoidState":7,"_cameraCFrame":[759.238,255.665,36.977,-0.922,0.379,-0.084,0,0.216,0.976,0.388,0.9,-0.199],"_shiftlockState":true,"_pose":"FreeFall","_animationQueue":[["walk",0.1],["fall",0.3],["fall",0.3]],"_animationSpeed":1,"_zoom":20.656},{"_mousePosition":[683,384],"_rootPartCFrame":[762.665,234.24,40.608,-0.922,0,-0.388,0,1,0,0.388,0,-0.922],"_humanoidState":7,"_cameraCFrame":[759.323,255.91,37.181,-0.922,0.379,-0.084,0,0.216,0.976,0.388,0.9,-0.199],"_shiftlockState":true,"_pose":"FreeFall","_animationQueue":[],"_animationSpeed":1,"_zoom":20.656},{"_mousePosition":[683,384],"_rootPartCFrame":[762.773,234.527,40.863,-0.922,0,-0.388,0,1,0,0.388,0,-0.922],"_humanoidState":8,"_cameraCFrame":[759.431,256.197,37.436,-0.922,0.379,-0.084,0,0.216,0.976,0.388,0.9,-0.199],"_shiftlockState":true,"_pose":"Running","_animationQueue":[["walk",0.1],["fall",0.3],["walk",0.1]],"_animationSpeed":0.917,"_zoom":20.656},{"_mousePosition":[683,384],"_rootPartCFrame":[762.859,234.68,41.067,-0.922,0,-0.388,0,1,0,0.388,0,-0.922],"_humanoidState":8,"_cameraCFrame":[759.525,256.35,37.632,-0.923,0.377,-0.083,0,0.216,0.976,0.386,0.901,-0.199],"_shiftlockState":true,"_pose":"Running","_animationQueue":[],"_animationSpeed":0.917,"_zoom":20.656},{"_mousePosition":[683,384],"_rootPartCFrame":[762.945,234.812,41.272,-0.923,0,-0.386,0,1,0,0.386,0,-0.923],"_humanoidState":8,"_cameraCFrame":[759.67,256.491,37.831,-0.927,0.365,-0.08,0,0.214,0.977,0.374,0.906,-0.198],"_shiftlockState":true,"_pose":"Running","_animationQueue":[["walk",0.1]],"_animationSpeed":0.917,"_zoom":20.656},{"_mousePosition":[683,384],"_rootPartCFrame":[763.03,234.908,41.476,-0.927,0,-0.374,0,1,0,0.374,0,-0.927],"_humanoidState":8,"_cameraCFrame":[759.848,256.595,37.998,-0.936,0.345,-0.075,0,0.212,0.977,0.353,0.914,-0.198],"_shiftlockState":true,"_pose":"Running","_animationQueue":[],"_animationSpeed":0.917,"_zoom":20.656},{"_mousePosition":[683,384],"_rootPartCFrame":[763.113,235.011,41.681,-0.936,0,-0.353,0,1,0,0.353,0,-0.936],"_humanoidState":8,"_cameraCFrame":[760.091,256.715,38.16,-0.948,0.31,-0.066,0,0.208,0.978,0.317,0.928,-0.197],"_shiftlockState":true,"_pose":"Running","_animationQueue":[],"_animationSpeed":0.917,"_zoom":20.656},{"_mousePosition":[683,384],"_rootPartCFrame":[763.211,235.162,41.939,-0.948,0,-0.317,0,1,0,0.317,0,-0.948],"_humanoidState":8,"_cameraCFrame":[760.363,256.874,38.321,-0.962,0.268,-0.056,0,0.206,0.979,0.274,0.941,-0.198],"_shiftlockState":true,"_pose":"Running","_animationQueue":[],"_animationSpeed":0.917,"_zoom":20.656},{"_mousePosition":[683,384],"_rootPartCFrame":[763.265,235.263,42.095,-0.962,0,-0.274,0,1,0,0.274,0,-0.962],"_humanoidState":8,"_cameraCFrame":[760.639,256.992,38.401,-0.976,0.215,-0.044,0,0.202,0.979,0.22,0.955,-0.197],"_shiftlockState":true,"_pose":"Running","_animationQueue":[],"_animationSpeed":0.917,"_zoom":20.656},{"_mousePosition":[683,384],"_rootPartCFrame":[763.341,235.44,42.357,-0.976,0,-0.22,0,1,0,0.22,0,-0.976],"_humanoidState":8,"_cameraCFrame":[761.039,257.193,38.581,-0.99,0.137,-0.028,0,0.197,0.98,0.14,0.971,-0.195],"_shiftlockState":true,"_pose":"Running","_animationQueue":[],"_animationSpeed":0.917,"_zoom":20.656},{"_mousePosition":[683,384],"_rootPartCFrame":[763.282,235.587,42.555,-0.99,0,-0.14,0,1,0,0.14,0,-0.99],"_humanoidState":8,"_cameraCFrame":[761.091,257.347,38.755,-0.994,0.11,-0.022,0,0.195,0.981,0.112,0.975,-0.193],"_shiftlockState":true,"_pose":"Running","_animationQueue":[["walk",0.1]],"_animationSpeed":0.917,"_zoom":20.656},{"_mousePosition":[683,384],"_rootPartCFrame":[763.182,235.698,42.695,-0.994,0,-0.112,0,1,0,0.112,0,-0.994],"_humanoidState":8,"_cameraCFrame":[761.279,257.474,38.823,-0.999,0.038,-0.007,0,0.191,0.982,0.039,0.981,-0.191],"_shiftlockState":true,"_pose":"Running","_animationQueue":[],"_animationSpeed":0.917,"_zoom":20.656},{"_mousePosition":[683,384],"_rootPartCFrame":[763.038,235.842,42.877,-0.999,0,-0.039,0,1,0,0.039,0,-0.999],"_humanoidState":8,"_cameraCFrame":[761.254,257.618,38.949,-1,0.009,-0.002,0,0.191,0.982,0.009,0.982,-0.191],"_shiftlockState":true,"_pose":"Running","_animationQueue":[],"_animationSpeed":0.917,"_zoom":20.656},{"_mousePosition":[683,384],"_rootPartCFrame":[762.756,236.006,42.961,-1,0,-0.009,0,1,0,0.009,0,-1],"_humanoidState":8,"_cameraCFrame":[761.021,257.782,39.011,-1,-0.004,0.001,0,0.191,0.982,-0.004,0.982,-0.191],"_shiftlockState":true,"_pose":"Running","_animationQueue":[],"_animationSpeed":0.917,"_zoom":20.656},{"_mousePosition":[683,384],"_rootPartCFrame":[762.557,236.08,42.965,-1,0,0.004,0,1,0,-0.004,0,-1],"_humanoidState":8,"_cameraCFrame":[760.822,257.856,39.015,-1,-0.004,0.001,0,0.191,0.982,-0.004,0.982,-0.191],"_shiftlockState":true,"_pose":"Running","_animationQueue":[["walk",0.1]],"_animationSpeed":1.086,"_zoom":20.656},{"_mousePosition":[683,384],"_rootPartCFrame":[762.29,236.145,42.964,-1,0,0.004,0,1,0,-0.004,0,-1],"_humanoidState":8,"_cameraCFrame":[760.555,257.922,39.015,-1,-0.004,0.001,0,0.191,0.982,-0.004,0.982,-0.191],"_shiftlockState":true,"_pose":"Running","_animationQueue":[],"_animationSpeed":1.086,"_zoom":20.656},{"_mousePosition":[683,384],"_rootPartCFrame":[762.024,236.183,42.963,-1,0,0.004,0,1,0,-0.004,0,-1],"_humanoidState":8,"_cameraCFrame":[760.239,257.966,39.075,-1,0.009,-0.002,0,0.189,0.982,0.009,0.982,-0.189],"_shiftlockState":true,"_pose":"Running","_animationQueue":[],"_animationSpeed":1.086,"_zoom":20.656},{"_mousePosition":[683,384],"_rootPartCFrame":[761.757,236.204,42.962,-1,0,-0.009,0,1,0,0.009,0,-1],"_humanoidState":8,"_cameraCFrame":[759.896,257.995,39.151,-1,0.029,-0.005,0,0.187,0.982,0.029,0.982,-0.187],"_shiftlockState":true,"_pose":"Running","_animationQueue":[["walk",0.1]],"_animationSpeed":1.086,"_zoom":20.656},{"_mousePosition":[683,384],"_rootPartCFrame":[761.491,237.077,42.961,-1,0,-0.029,0,1,0,0.029,0,-1],"_humanoidState":3,"_cameraCFrame":[759.556,258.883,39.267,-0.999,0.048,-0.009,0,0.183,0.983,0.049,0.982,-0.183],"_shiftlockState":true,"_pose":"Jumping","_animationQueue":[["walk",0.1],["jump",0.1]],"_animationSpeed":1,"_zoom":20.656},{"_mousePosition":[683,384],"_rootPartCFrame":[761.224,237.899,42.968,-0.999,0,0.043,0,1,0,-0.043,0,-0.999],"_humanoidState":5,"_cameraCFrame":[759.227,259.713,39.348,-0.998,0.066,-0.012,0,0.181,0.983,0.067,0.981,-0.181],"_shiftlockState":true,"_pose":"FreeFall","_animationQueue":[["jump",0.1]],"_animationSpeed":1,"_zoom":20.656},{"_mousePosition":[683,384],"_rootPartCFrame":[760.958,238.667,42.98,-0.998,0,0.061,0,1,0,-0.061,0,-0.998],"_humanoidState":5,"_cameraCFrame":[758.909,260.488,39.431,-0.997,0.081,-0.015,0,0.179,0.984,0.082,0.98,-0.179],"_shiftlockState":true,"_pose":"FreeFall","_animationQueue":[],"_animationSpeed":1,"_zoom":20.656},{"_mousePosition":[683,384],"_rootPartCFrame":[760.692,239.38,42.997,-0.999,0,0.05,0,1,0,-0.05,0,-0.999],"_humanoidState":5,"_cameraCFrame":[758.602,261.208,39.513,-0.996,0.093,-0.017,0,0.177,0.984,0.095,0.98,-0.177],"_shiftlockState":true,"_pose":"FreeFall","_animationQueue":[],"_animationSpeed":1,"_zoom":20.656},{"_mousePosition":[683,384],"_rootPartCFrame":[760.426,240.038,43.019,-0.999,0,0.038,0,1,0,-0.038,0,-0.999],"_humanoidState":5,"_cameraCFrame":[758.284,261.866,39.567,-0.994,0.108,-0.019,0,0.177,0.984,0.11,0.978,-0.176],"_shiftlockState":true,"_pose":"FreeFall","_animationQueue":[],"_animationSpeed":1,"_zoom":20.656},{"_mousePosition":[683,384],"_rootPartCFrame":[760.16,240.642,43.043,-1,0,0.023,0,1,0,-0.023,0,-1],"_humanoidState":5,"_cameraCFrame":[757.923,262.47,39.653,-0.991,0.135,-0.024,0,0.177,0.984,0.137,0.975,-0.176],"_shiftlockState":true,"_pose":"FreeFall","_animationQueue":[],"_animationSpeed":1,"_zoom":20.656},{"_mousePosition":[683,384],"_rootPartCFrame":[759.895,241.192,43.072,-1,0,-0.005,0,1,0,0.005,0,-1],"_humanoidState":5,"_cameraCFrame":[757.579,263.027,39.778,-0.987,0.16,-0.029,0,0.176,0.984,0.163,0.971,-0.173],"_shiftlockState":true,"_pose":"FreeFall","_animationQueue":[],"_animationSpeed":1,"_zoom":20.656},{"_mousePosition":[683,384],"_rootPartCFrame":[759.631,241.687,43.108,-1,0,-0.03,0,1,0,0.03,0,-1],"_humanoidState":5,"_cameraCFrame":[757.224,263.522,39.879,-0.982,0.187,-0.033,0,0.176,0.984,0.19,0.967,-0.172],"_shiftlockState":true,"_pose":"FreeFall","_animationQueue":[],"_animationSpeed":1,"_zoom":20.656},{"_mousePosition":[683,384],"_rootPartCFrame":[759.368,242.127,43.15,-0.998,0,-0.058,0,1,0,0.058,0,-0.998],"_humanoidState":5,"_cameraCFrame":[756.865,263.969,40.041,-0.975,0.219,-0.039,0,0.174,0.985,0.222,0.96,-0.169],"_shiftlockState":true,"_pose":"FreeFall","_animationQueue":[],"_animationSpeed":1,"_zoom":20.656},{"_mousePosition":[683,384],"_rootPartCFrame":[759.106,242.513,43.199,-0.996,0,-0.091,0,1,0,0.091,0,-0.996],"_humanoidState":5,"_cameraCFrame":[756.487,264.355,40.188,-0.966,0.255,-0.045,0,0.174,0.985,0.259,0.951,-0.168],"_shiftlockState":true,"_pose":"FreeFall","_animationQueue":[],"_animationSpeed":1,"_zoom":20.656},{"_mousePosition":[683,384],"_rootPartCFrame":[758.845,242.845,43.257,-0.992,0,-0.128,0,1,0,0.128,0,-0.992],"_humanoidState":5,"_cameraCFrame":[756.099,264.687,40.361,-0.954,0.296,-0.052,0,0.174,0.985,0.3,0.939,-0.166],"_shiftlockState":true,"_pose":"FreeFall","_animationQueue":[],"_animationSpeed":1,"_zoom":20.656},{"_mousePosition":[683,384],"_rootPartCFrame":[758.587,243.122,43.325,-0.985,0,-0.171,0,1,0,0.171,0,-0.985],"_humanoidState":5,"_cameraCFrame":[755.719,264.964,40.55,-0.94,0.336,-0.059,0,0.174,0.985,0.341,0.926,-0.163],"_shiftlockState":true,"_pose":"FreeFall","_animationQueue":[],"_animationSpeed":1,"_zoom":20.656},{"_mousePosition":[683,384],"_rootPartCFrame":[758.333,243.344,43.403,-0.977,0,-0.213,0,1,0,0.213,0,-0.977],"_humanoidState":5,"_cameraCFrame":[755.341,265.187,40.762,-0.924,0.378,-0.067,0,0.174,0.985,0.383,0.91,-0.16],"_shiftlockState":true,"_pose":"FreeFall","_animationQueue":[],"_animationSpeed":1,"_zoom":20.656},{"_mousePosition":[683,384],"_rootPartCFrame":[758.081,243.512,43.493,-0.966,0,-0.257,0,1,0,0.257,0,-0.966],"_humanoidState":5,"_cameraCFrame":[754.972,265.355,40.99,-0.905,0.419,-0.074,0,0.174,0.985,0.425,0.891,-0.157],"_shiftlockState":true,"_pose":"FreeFall","_animationQueue":[],"_animationSpeed":1,"_zoom":20.656},{"_mousePosition":[683,384],"_rootPartCFrame":[757.834,243.626,43.593,-0.954,0,-0.301,0,1,0,0.301,0,-0.954],"_humanoidState":5,"_cameraCFrame":[754.615,265.468,41.235,-0.885,0.459,-0.081,0,0.174,0.985,0.466,0.871,-0.154],"_shiftlockState":true,"_pose":"FreeFall","_animationQueue":[],"_animationSpeed":1,"_zoom":20.656},{"_mousePosition":[683,384],"_rootPartCFrame":[757.592,243.685,43.705,-0.939,0,-0.344,0,1,0,0.344,0,-0.939],"_humanoidState":5,"_cameraCFrame":[754.235,265.527,41.546,-0.855,0.511,-0.09,0,0.174,0.985,0.519,0.842,-0.148],"_shiftlockState":true,"_pose":"FreeFall","_animationQueue":[],"_animationSpeed":1,"_zoom":20.656},{"_mousePosition":[683,384],"_rootPartCFrame":[757.296,243.682,43.859,-0.929,0,-0.37,0,1,0,0.37,0,-0.929],"_humanoidState":5,"_cameraCFrame":[753.896,265.524,41.768,-0.844,0.528,-0.093,0,0.174,0.985,0.536,0.831,-0.147],"_shiftlockState":true,"_pose":"FreeFall","_animationQueue":[],"_animationSpeed":1,"_zoom":20.656},{"_mousePosition":[683,384],"_rootPartCFrame":[757.124,243.639,43.96,-0.894,0,-0.449,0,1,0,0.449,0,-0.894],"_humanoidState":5,"_cameraCFrame":[753.628,265.482,42.036,-0.818,0.567,-0.1,0,0.174,0.985,0.576,0.805,-0.142],"_shiftlockState":true,"_pose":"FreeFall","_animationQueue":[],"_animationSpeed":1,"_zoom":20.656},{"_mousePosition":[683,384],"_rootPartCFrame":[756.898,243.535,44.102,-0.887,0,-0.462,0,1,0,0.462,0,-0.887],"_humanoidState":5,"_cameraCFrame":[753.364,265.377,42.249,-0.806,0.583,-0.103,0,0.174,0.985,0.592,0.793,-0.14],"_shiftlockState":true,"_pose":"FreeFall","_animationQueue":[],"_animationSpeed":1,"_zoom":20.656},{"_mousePosition":[683,384],"_rootPartCFrame":[756.679,243.376,44.254,-0.877,0,-0.48,0,1,0,0.48,0,-0.877],"_humanoidState":5,"_cameraCFrame":[753.126,265.218,42.437,-0.8,0.591,-0.104,0,0.174,0.985,0.6,0.788,-0.139],"_shiftlockState":true,"_pose":"FreeFall","_animationQueue":[["fall",0.3]],"_animationSpeed":1,"_zoom":20.656},{"_mousePosition":[683,384],"_rootPartCFrame":[756.464,243.163,44.412,-0.872,0,-0.489,0,1,0,0.489,0,-0.872],"_humanoidState":5,"_cameraCFrame":[752.911,265.005,42.594,-0.8,0.591,-0.104,0,0.174,0.985,0.6,0.788,-0.139],"_shiftlockState":true,"_pose":"FreeFall","_animationQueue":[],"_animationSpeed":1,"_zoom":20.656},{"_mousePosition":[683,384],"_rootPartCFrame":[756.251,242.895,44.571,-0.872,0,-0.489,0,1,0,0.489,0,-0.872],"_humanoidState":5,"_cameraCFrame":[752.697,264.737,42.754,-0.8,0.591,-0.104,0,0.174,0.985,0.6,0.788,-0.139],"_shiftlockState":true,"_pose":"FreeFall","_animationQueue":[],"_animationSpeed":1,"_zoom":20.656},{"_mousePosition":[683,384],"_rootPartCFrame":[756.037,242.572,44.732,-0.872,0,-0.489,0,1,0,0.489,0,-0.872],"_humanoidState":5,"_cameraCFrame":[752.498,264.414,42.887,-0.804,0.585,-0.103,0,0.174,0.985,0.594,0.792,-0.14],"_shiftlockState":true,"_pose":"FreeFall","_animationQueue":[],"_animationSpeed":1,"_zoom":20.656},{"_mousePosition":[683,384],"_rootPartCFrame":[755.824,242.195,44.892,-0.876,0,-0.482,0,1,0,0.482,0,-0.876],"_humanoidState":5,"_cameraCFrame":[752.318,264.037,42.985,-0.815,0.571,-0.101,0,0.174,0.985,0.58,0.802,-0.141],"_shiftlockState":true,"_pose":"FreeFall","_animationQueue":[],"_animationSpeed":1,"_zoom":20.656},{"_mousePosition":[683,384],"_rootPartCFrame":[755.61,241.764,45.05,-0.884,0,-0.467,0,1,0,0.467,0,-0.884],"_humanoidState":5,"_cameraCFrame":[752.169,263.606,43.029,-0.833,0.545,-0.096,0,0.174,0.985,0.553,0.821,-0.145],"_shiftlockState":true,"_pose":"FreeFall","_animationQueue":[],"_animationSpeed":1,"_zoom":20.656},{"_mousePosition":[683,384],"_rootPartCFrame":[755.393,241.278,45.206,-0.899,0,-0.437,0,1,0,0.437,0,-0.899],"_humanoidState":5,"_cameraCFrame":[752.053,263.12,43.021,-0.859,0.504,-0.089,0,0.174,0.985,0.512,0.846,-0.149],"_shiftlockState":true,"_pose":"FreeFall","_animationQueue":[["fall",0.3]],"_animationSpeed":1,"_zoom":20.656},{"_mousePosition":[683,384],"_rootPartCFrame":[755.172,240.737,45.354,-0.919,0,-0.394,0,1,0,0.394,0,-0.919],"_humanoidState":5,"_cameraCFrame":[751.976,262.579,42.963,-0.89,0.45,-0.079,0,0.174,0.985,0.457,0.876,-0.154],"_shiftlockState":true,"_pose":"FreeFall","_animationQueue":[],"_animationSpeed":1,"_zoom":20.656},{"_mousePosition":[683,384],"_rootPartCFrame":[754.944,240.142,45.492,-0.94,0,-0.341,0,1,0,0.341,0,-0.94],"_humanoidState":5,"_cameraCFrame":[752.072,261.981,42.7,-0.94,0.335,-0.059,0,0.174,0.985,0.34,0.926,-0.164],"_shiftlockState":true,"_pose":"FreeFall","_animationQueue":[["fall",0.3],["fall",0.3]],"_animationSpeed":1,"_zoom":20.656},{"_mousePosition":[683,384],"_rootPartCFrame":[754.704,239.493,45.606,-0.977,0,-0.212,0,1,0,0.212,0,-0.977],"_humanoidState":5,"_cameraCFrame":[751.833,261.332,42.814,-0.94,0.335,-0.059,0,0.174,0.985,0.34,0.926,-0.164],"_shiftlockState":true,"_pose":"FreeFall","_animationQueue":[],"_animationSpeed":1,"_zoom":20.656},{"_mousePosition":[683,384],"_rootPartCFrame":[754.454,238.789,45.699,-0.977,0,-0.212,0,1,0,0.212,0,-0.977],"_humanoidState":5,"_cameraCFrame":[751.583,260.628,42.907,-0.94,0.335,-0.059,0,0.174,0.985,0.34,0.926,-0.164],"_shiftlockState":true,"_pose":"FreeFall","_animationQueue":[],"_animationSpeed":1,"_zoom":20.656},{"_mousePosition":[683,384],"_rootPartCFrame":[754.204,238.03,45.79,-0.977,0,-0.212,0,1,0,0.212,0,-0.977],"_humanoidState":5,"_cameraCFrame":[751.332,259.869,42.998,-0.94,0.335,-0.059,0,0.174,0.985,0.34,0.926,-0.164],"_shiftlockState":true,"_pose":"FreeFall","_animationQueue":[],"_animationSpeed":1,"_zoom":20.656},{"_mousePosition":[683,384],"_rootPartCFrame":[753.953,237.217,45.88,-0.952,0,-0.307,0,1,0,0.307,0,-0.952],"_humanoidState":7,"_cameraCFrame":[751.081,259.056,43.088,-0.94,0.335,-0.059,0,0.174,0.985,0.34,0.926,-0.164],"_shiftlockState":true,"_pose":"FreeFall","_animationQueue":[["walk",0.1],["fall",0.3],["fall",0.3]],"_animationSpeed":1,"_zoom":20.656},{"_mousePosition":[683,384],"_rootPartCFrame":[753.702,237.062,45.971,-0.941,0,-0.338,0,1,0,0.338,0,-0.941],"_humanoidState":7,"_cameraCFrame":[750.831,258.902,43.179,-0.94,0.335,-0.059,0,0.174,0.985,0.34,0.926,-0.164],"_shiftlockState":true,"_pose":"FreeFall","_animationQueue":[],"_animationSpeed":1,"_zoom":20.656},{"_mousePosition":[683,384],"_rootPartCFrame":[753.389,237.181,46.085,-0.94,0,-0.34,0,1,0,0.34,0,-0.94],"_humanoidState":8,"_cameraCFrame":[750.517,259.021,43.292,-0.94,0.335,-0.059,0,0.174,0.985,0.34,0.926,-0.164],"_shiftlockState":true,"_pose":"Running","_animationQueue":[["walk",0.1],["fall",0.3],["walk",0.1]],"_animationSpeed":1.103,"_zoom":20.656},{"_mousePosition":[683,384],"_rootPartCFrame":[753.138,238.054,46.175,-0.94,0,-0.34,0,1,0,0.34,0,-0.94],"_humanoidState":3,"_cameraCFrame":[750.272,259.897,43.398,-0.94,0.335,-0.059,0,0.174,0.985,0.34,0.926,-0.163],"_shiftlockState":true,"_pose":"Jumping","_animationQueue":[["walk",0.1],["walk",0.1],["jump",0.1]],"_animationSpeed":1,"_zoom":20.656},{"_mousePosition":[683,384],"_rootPartCFrame":[752.888,238.876,46.266,-0.968,0,-0.252,0,1,0,0.252,0,-0.968],"_humanoidState":5,"_cameraCFrame":[750.021,260.719,43.489,-0.94,0.335,-0.059,0,0.174,0.985,0.34,0.926,-0.163],"_shiftlockState":true,"_pose":"FreeFall","_animationQueue":[["jump",0.1]],"_animationSpeed":1,"_zoom":20.656},{"_mousePosition":[683,384],"_rootPartCFrame":[752.637,239.644,46.357,-0.976,0,-0.217,0,1,0,0.217,0,-0.976],"_humanoidState":5,"_cameraCFrame":[749.771,261.486,43.58,-0.94,0.335,-0.059,0,0.174,0.985,0.34,0.926,-0.163],"_shiftlockState":true,"_pose":"Fr