[{"_mousePosition":[742,382],"_rootPartCFrame":[776.024,222.7,47.142,0.002,0,1,0,1,0,-1,0,0.002],"_humanoidState":8,"_cameraCFrame":[777.247,244.095,41.724,-0.975,-0.212,0.059,0,0.269,0.963,-0.22,0.94,-0.262],"_shiftlockState":false,"_pose":"Standing","_animationQueue":[],"_animationSpeed":1,"_zoom":20.656},{"_mousePosition":[742,382],"_rootPartCFrame":[775.784,222.7,47.088,0.033,0,0.999,0,1,0,-0.999,0,0.033],"_humanoidState":8,"_cameraCFrame":[777.006,244.095,41.669,-0.975,-0.212,0.059,0,0.269,0.963,-0.22,0.94,-0.262],"_shiftlockState":false,"_pose":"Standing","_animationQueue":[],"_animationSpeed":1,"_zoom":20.656},{"_mousePosition":[742,382],"_rootPartCFrame":[775.524,222.7,47.03,0.058,0,0.998,0,1,0,-0.998,0,0.058],"_humanoidState":8,"_cameraCFrame":[776.738,244.105,41.649,-0.975,-0.212,0.059,0,0.267,0.964,-0.22,0.94,-0.261],"_shiftlockState":false,"_pose":"Running","_animationQueue":[["walk",0.1]],"_animationSpeed":1.066,"_zoom":20.656},{"_mousePosition":[742,382],"_rootPartCFrame":[775.264,222.7,46.971,0.08,0,0.997,0,1,0,-0.997,0,0.08],"_humanoidState":8,"_cameraCFrame":[776.461,244.127,41.666,-0.975,-0.212,0.058,0,0.263,0.965,-0.22,0.941,-0.257],"_shiftlockState":false,"_pose":"Running","_animationQueue":[],"_animationSpeed":1.066,"_zoom":20.656},{"_mousePosition":[742,382],"_rootPartCFrame":[775.004,222.7,46.912,0.099,0,0.995,0,1,0,-0.995,0,0.099],"_humanoidState":8,"_cameraCFrame":[776.193,244.137,41.645,-0.975,-0.212,0.058,0,0.261,0.965,-0.22,0.942,-0.255],"_shiftlockState":false,"_pose":"Running","_animationQueue":[["walk",0.1]],"_animationSpeed":1.066,"_zoom":20.656},{"_mousePosition":[742,382],"_rootPartCFrame":[774.744,222.7,46.853,0.116,0,0.993,0,1,0,-0.993,0,0.116],"_humanoidState":8,"_cameraCFrame":[775.915,244.158,41.662,-0.975,-0.213,0.057,0,0.258,0.966,-0.22,0.943,-0.251],"_shiftlockState":false,"_pose":"Running","_animationQueue":[],"_animationSpeed":1.066,"_zoom":20.656},{"_mousePosition":[742,382],"_rootPartCFrame":[774.484,222.7,46.795,0.13,0,0.992,0,1,0,-0.992,0,0.13],"_humanoidState":8,"_cameraCFrame":[775.638,244.179,41.679,-0.975,-0.213,0.056,0,0.254,0.967,-0.22,0.944,-0.248],"_shiftlockState":false,"_pose":"Running","_animationQueue":[],"_animationSpeed":1.066,"_zoom":20.656},{"_mousePosition":[742,382],"_rootPartCFrame":[774.224,222.7,46.736,0.142,0,0.99,0,1,0,-0.99,0,0.142],"_humanoidState":8,"_cameraCFrame":[775.352,244.209,41.734,-0.975,-0.213,0.055,0,0.248,0.969,-0.22,0.945,-0.242],"_shiftlockState":false,"_pose":"Running","_animationQueue":[],"_animationSpeed":1.066,"_zoom":20.656},{"_mousePosition":[742,382],"_rootPartCFrame":[773.964,222.7,46.677,0.153,0,0.988,0,1,0,-0.988,0,0.153],"_humanoidState":8,"_cameraCFrame":[775.075,244.229,41.752,-0.975,-0.213,0.054,0,0.244,0.97,-0.22,0.946,-0.238],"_shiftlockState":false,"_pose":"Running","_animationQueue":[],"_animationSpeed":1.066,"_zoom":20.656},{"_mousePosition":[742,382],"_rootPartCFrame":[773.703,222.7,46.619,0.162,0,0.987,0,1,0,-0.987,0,0.162],"_humanoidState":8,"_cameraCFrame":[774.798,244.249,41.769,-0.975,-0.214,0.053,0,0.241,0.971,-0.22,0.947,-0.235],"_shiftlockState":false,"_pose":"Running","_animationQueue":[],"_animationSpeed":1.066,"_zoom":20.656},{"_mousePosition":[742,382],"_rootPartCFrame":[773.443,222.7,46.56,0.17,0,0.985,0,1,0,-0.985,0,0.17],"_humanoidState":8,"_cameraCFrame":[774.512,244.277,41.825,-0.975,-0.214,0.052,0,0.235,0.972,-0.22,0.948,-0.229],"_shiftlockState":false,"_pose":"Running","_animationQueue":[["walk",0.1]],"_animationSpeed":1.066,"_zoom":20.656},{"_mousePosition":[742,382],"_rootPartCFrame":[773.183,222.7,46.501,0.177,0,0.984,0,1,0,-0.984,0,0.177],"_humanoidState":8,"_cameraCFrame":[774.234,244.296,41.843,-0.975,-0.214,0.051,0,0.231,0.973,-0.22,0.949,-0.226],"_shiftlockState":false,"_pose":"Running","_animationQueue":[],"_animationSpeed":1.066,"_zoom":20.656},{"_mousePosition":[742,382],"_rootPartCFrame":[772.923,222.7,46.443,0.183,0,0.983,0,1,0,-0.983,0,0.183],"_humanoidState":8,"_cameraCFrame":[773.945,244.314,41.858,-0.976,-0.212,0.049,0,0.227,0.974,-0.218,0.95,-0.222],"_shiftlockState":false,"_pose":"Running","_animationQueue":[],"_animationSpeed":1.066,"_zoom":20.656},{"_mousePosition":[742,382],"_rootPartCFrame":[772.663,222.7,46.384,0.188,0,0.982,0,1,0,-0.982,0,0.188],"_humanoidState":8,"_cameraCFrame":[773.645,244.333,41.871,-0.977,-0.207,0.048,0,0.224,0.975,-0.213,0.952,-0.218],"_shiftlockState":false,"_pose":"Running","_animationQueue":[],"_animationSpeed":1.066,"_zoom":20.656},{"_mousePosition":[742,382],"_rootPartCFrame":[772.403,222.7,46.326,0.192,0,0.981,0,1,0,-0.981,0,0.192],"_humanoidState":8,"_cameraCFrame":[773.349,244.359,41.925,-0.978,-0.205,0.046,0,0.218,0.976,-0.21,0.954,-0.213],"_shiftlockState":false,"_pose":"Running","_animationQueue":[],"_animationSpeed":1.066,"_zoom":20.656},{"_mousePosition":[742,382],"_rootPartCFrame":[772.142,222.7,46.269,0.195,0,0.981,0,1,0,-0.981,0,0.195],"_humanoidState":8,"_cameraCFrame":[773.05,244.377,41.941,-0.979,-0.2,0.044,0,0.214,0.977,-0.205,0.956,-0.21],"_shiftlockState":false,"_pose":"Running","_animationQueue":[],"_animationSpeed":1.066,"_zoom":20.656},{"_mousePosition":[742,382],"_rootPartCFrame":[771.881,222.7,46.213,0.197,0,0.98,0,1,0,-0.98,0,0.197],"_humanoidState":8,"_cameraCFrame":[772.751,244.394,41.957,-0.98,-0.196,0.042,0,0.21,0.978,-0.2,0.958,-0.206],"_shiftlockState":false,"_pose":"Running","_animationQueue":[],"_animationSpeed":1.066,"_zoom":20.656},{"_mousePosition":[742,382],"_rootPartCFrame":[771.62,222.7,46.158,0.198,0,0.98,0,1,0,-0.98,0,0.198],"_humanoidState":8,"_cameraCFrame":[772.443,244.411,41.973,-0.981,-0.189,0.04,0,0.206,0.978,-0.193,0.96,-0.203],"_shiftlockState":false,"_pose":"Running","_animationQueue":[["walk",0.1]],"_animationSpeed":1.066,"_zoom":20.656},{"_mousePosition":[742,382],"_rootPartCFrame":[771.359,222.7,46.105,0.198,0,0.98,0,1,0,-0.98,0,0.198],"_humanoidState":8,"_cameraCFrame":[772.118,244.435,42.028,-0.983,-0.179,0.037,0,0.201,0.98,-0.183,0.963,-0.197],"_shiftlockState":false,"_pose":"Running","_animationQueue":[],"_animationSpeed":1.066,"_zoom":20.656},{"_mousePosition":[742,382],"_rootPartCFrame":[771.098,222.7,46.053,0.198,0,0.98,0,1,0,-0.98,0,0.198],"_humanoidState":8,"_cameraCFrame":[770.071,244.459,41.782,-0.985,-0.17,0.034,0,0.195,0.981,-0.173,0.966,-0.192],"_shiftlockState":true,"_pose":"Running","_animationQueue":[],"_animationSpeed":1.066,"_zoom":20.656},{"_mousePosition":[683,384],"_rootPartCFrame":[770.835,222.7,46.004,-0.995,0,0.1,0,1,0,-0.1,0,-0.995],"_humanoidState":8,"_cameraCFrame":[769.808,244.459,41.733,-0.985,-0.17,0.034,0,0.195,0.981,-0.173,0.966,-0.192],"_shiftlockState":true,"_pose":"Running","_animationQueue":[],"_animationSpeed":1.066,"_zoom":20.656},{"_mousePosition":[683,384],"_rootPartCFrame":[770.573,222.7,45.957,-0.99,0,0.144,0,1,0,-0.144,0,-0.99],"_humanoidState":8,"_cameraCFrame":[769.483,244.482,41.814,-0.987,-0.16,0.031,0,0.189,0.982,-0.163,0.969,-0.187],"_shiftlockState":true,"_pose":"Running","_animationQueue":[],"_animationSpeed":1.066,"_zoom":20.656},{"_mousePosition":[683,384],"_rootPartCFrame":[770.31,222.7,45.911,-0.987,0,0.16,0,1,0,-0.16,0,-0.987],"_humanoidState":8,"_cameraCFrame":[769.13,244.505,41.906,-0.989,-0.143,0.027,0,0.184,0.983,-0.145,0.973,-0.182],"_shiftlockState":true,"_pose":"Running","_animationQueue":[],"_animationSpeed":1.066,"_zoom":20.656},{"_mousePosition":[683,384],"_rootPartCFrame":[770.047,222.7,45.867,-0.989,0,0.145,0,1,0,-0.145,0,-0.989],"_humanoidState":8,"_cameraCFrame":[768.801,244.527,41.995,-0.991,-0.131,0.024,0,0.178,0.984,-0.133,0.975,-0.176],"_shiftlockState":true,"_pose":"Running","_animationQueue":[["walk",0.1]],"_animationSpeed":1.066,"_zoom":20.656},{"_mousePosition":[683,384],"_rootPartCFrame":[769.718,223.77,45.813,-0.991,0,0.133,0,1,0,-0.133,0,-0.991],"_humanoidState":3,"_cameraCFrame":[768.413,245.611,42.035,-0.993,-0.119,0.021,0,0.174,0.985,-0.12,0.978,-0.173],"_shiftlockState":true,"_pose":"Jumping","_animationQueue":[["walk",0.1],["jump",0.1]],"_animationSpeed":1,"_zoom":20.656},{"_mousePosition":[683,384],"_rootPartCFrame":[769.52,224.371,45.785,-0.983,0,0.182,0,1,0,-0.182,0,-0.983],"_humanoidState":5,"_cameraCFrame":[768.157,246.213,42.034,-0.994,-0.104,0.018,0,0.174,0.985,-0.105,0.979,-0.173],"_shiftlockState":true,"_pose":"FreeFall","_animationQueue":[["jump",0.1]],"_animationSpeed":1,"_zoom":20.656},{"_mousePosition":[683,384],"_rootPartCFrame":[769.255,225.125,45.752,-0.974,0,0.229,0,1,0,-0.229,0,-0.974],"_humanoidState":5,"_cameraCFrame":[767.836,246.967,42.022,-0.996,-0.089,0.016,0,0.174,0.985,-0.09,0.981,-0.173],"_shiftlockState":true,"_pose":"FreeFall","_animationQueue":[],"_animationSpeed":1,"_zoom":20.656},{"_mousePosition":[683,384],"_rootPartCFrame":[768.99,225.824,45.724,-0.975,0,0.221,0,1,0,-0.221,0,-0.975],"_humanoidState":5,"_cameraCFrame":[767.514,247.666,42.016,-0.997,-0.074,0.013,0,0.174,0.985,-0.075,0.982,-0.173],"_shiftlockState":true,"_pose":"FreeFall","_animationQueue":[],"_animationSpeed":1,"_zoom":20.656},{"_mousePosition":[683,384],"_rootPartCFrame":[768.725,226.469,45.699,-0.978,0,0.207,0,1,0,-0.207,0,-0.978],"_humanoidState":5,"_cameraCFrame":[767.211,248.311,42.006,-0.998,-0.064,0.011,0,0.174,0.985,-0.065,0.983,-0.173],"_shiftlockState":true,"_pose":"FreeFall","_animationQueue":[],"_animationSpeed":1,"_zoom":20.656},{"_mousePosition":[683,384],"_rootPartCFrame":[768.459,227.06,45.679,-0.98,0,0.197,0,1,0,-0.197,0,-0.98],"_humanoidState":5,"_cameraCFrame":[766.908,248.902,42.001,-0.998,-0.054,0.01,0,0.174,0.985,-0.055,0.983,-0.173],"_shiftlockState":true,"_pose":"FreeFall","_animationQueue":[],"_animationSpeed":1,"_zoom":20.656},{"_mousePosition":[683,384],"_rootPartCFrame":[768.193,227.595,45.661,-0.982,0,0.187,0,1,0,-0.187,0,-0.982],"_humanoidState":5,"_cameraCFrame":[766.596,249.438,42.003,-0.999,-0.042,0.007,0,0.174,0.985,-0.042,0.984,-0.173],"_shiftlockState":true,"_pose":"FreeFall","_animationQueue":[],"_animationSpeed":1,"_zoom":20.656},{"_mousePosition":[683,384],"_rootPartCFrame":[767.926,228.077,45.646,-0.985,0,0.175,0,1,0,-0.175,0,-0.985],"_humanoidState":5,"_cameraCFrame":[766.265,249.919,42.017,-1,-0.024,0.004,0,0.174,0.985,-0.025,0.985,-0.174],"_shiftlockState":true,"_pose":"FreeFall","_animationQueue":[],"_animationSpeed":1,"_zoom":20.656},{"_mousePosition":[683,384],"_rootPartCFrame":[767.66,228.504,45.634,-0.988,0,0.157,0,1,0,-0.157,0,-0.988],"_humanoidState":5,"_cameraCFrame":[765.925,250.346,42.04,-1,-0.004,0.001,0,0.174,0.985,-0.004,0.985,-0.174],"_shiftlockState":true,"_pose":"FreeFall","_animationQueue":[],"_animationSpeed":1,"_zoom":20.656},{"_mousePosition":[683,384],"_rootPartCFrame":[767.393,228.876,45.627,-0.991,0,0.137,0,1,0,-0.137,0,-0.991],"_humanoidState":5,"_cameraCFrame":[765.595,250.718,42.064,-1,0.013,-0.002,0,0.174,0.985,0.013,0.985,-0.174],"_shiftlockState":true,"_pose":"FreeFall","_animationQueue":[],"_animationSpeed":1,"_zoom":20.656},{"_mousePosition":[683,384],"_rootPartCFrame":[767.127,229.194,45.625,-0.993,0,0.12,0,1,0,-0.12,0,-0.993],"_humanoidState":5,"_cameraCFrame":[765.23,251.036,42.113,-0.999,0.041,-0.007,0,0.174,0.985,0.041,0.984,-0.174],"_shiftlockState":true,"_pose":"FreeFall","_animationQueue":[],"_animationSpeed":1,"_zoom":20.656},{"_mousePosition":[683,384],"_rootPartCFrame":[766.86,229.457,45.628,-0.996,0,0.092,0,1,0,-0.092,0,-0.996],"_humanoidState":5,"_cameraCFrame":[764.911,251.3,42.145,-0.998,0.056,-0.01,0,0.174,0.985,0.056,0.983,-0.173],"_shiftlockState":true,"_pose":"FreeFall","_animationQueue":[],"_animationSpeed":1,"_zoom":20.656},{"_mousePosition":[683,384],"_rootPartCFrame":[766.594,229.666,45.638,-0.997,0,0.077,0,1,0,-0.077,0,-0.997],"_humanoidState":5,"_cameraCFrame":[764.592,251.508,42.185,-0.997,0.071,-0.012,0,0.174,0.985,0.072,0.982,-0.173],"_shiftlockState":true,"_pose":"FreeFall","_animationQueue":[],"_animationSpeed":1,"_zoom":20.656},{"_mousePosition":[683,384],"_rootPartCFrame":[766.327,229.821,45.652,-0.998,0,0.062,0,1,0,-0.062,0,-0.998],"_humanoidState":5,"_cameraCFrame":[764.273,251.663,42.23,-0.996,0.085,-0.015,0,0.174,0.985,0.087,0.981,-0.173],"_shiftlockState":true,"_pose":"FreeFall","_animationQueue":[],"_animationSpeed":1,"_zoom":20.656},{"_mousePosition":[683,384],"_rootPartCFrame":[766.061,229.921,45.671,-0.999,0,0.046,0,1,0,-0.046,0,-0.999],"_humanoidState":5,"_cameraCFrame":[763.955,251.763,42.28,-0.995,0.1,-0.018,0,0.174,0.985,0.102,0.98,-0.173],"_shiftlockState":true,"_pose":"FreeFall","_animationQueue":[],"_animationSpeed":1,"_zoom":20.656},{"_mousePosition":[683,384],"_rootPartCFrame":[765.796,229.966,45.693,-1,0,0.031,0,1,0,-0.031,0,-1],"_humanoidState":5,"_cameraCFrame":[763.655,251.808,42.325,-0.994,0.11,-0.019,0,0.174,0.985,0.112,0.979,-0.173],"_shiftlockState":true,"_pose":"FreeFall","_animationQueue":[],"_animationSpeed":1,"_zoom":20.656},{"_mousePosition":[683,384],"_rootPartCFrame":[765.53,229.957,45.72,-1,0,0.021,0,1,0,-0.021,0,-1],"_humanoidState":5,"_cameraCFrame":[763.373,251.799,42.362,-0.993,0.115,-0.02,0,0.174,0.985,0.117,0.978,-0.172],"_shiftlockState":true,"_pose":"FreeFall","_animationQueue":[],"_animationSpeed":1,"_zoom":20.656},{"_mousePosition":[683,384],"_rootPartCFrame":[765.265,229.893,45.749,-1,0,0.016,0,1,0,-0.016,0,-1],"_humanoidState":5,"_cameraCFrame":[763.099,251.735,42.397,-0.993,0.118,-0.021,0,0.174,0.985,0.119,0.978,-0.172],"_shiftlockState":true,"_pose":"FreeFall","_animationQueue":[],"_animationSpeed":1,"_zoom":20.656},{"_mousePosition":[683,384],"_rootPartCFrame":[765,229.775,45.78,-1,0,0.014,0,1,0,-0.014,0,-1],"_humanoidState":5,"_cameraCFrame":[762.826,251.617,42.433,-0.993,0.12,-0.021,0,0.174,0.985,0.122,0.977,-0.172],"_shiftlockState":true,"_pose":"FreeFall","_animationQueue":[],"_animationSpeed":1,"_zoom":20.656},{"_mousePosition":[683,384],"_rootPartCFrame":[764.736,229.603,45.812,-1,0,0.011,0,1,0,-0.011,0,-1],"_humanoidState":5,"_cameraCFrame":[762.544,251.445,42.476,-0.992,0.125,-0.022,0,0.174,0.985,0.127,0.977,-0.172],"_shiftlockState":true,"_pose":"FreeFall","_animationQueue":[["fall",0.3]],"_animationSpeed":1,"_zoom":20.656},{"_mousePosition":[683,384],"_rootPartCFrame":[764.471,229.375,45.844,-1,0,0.006,0,1,0,-0.006,0,-1],"_humanoidState":5,"_cameraCFrame":[762.255,251.218,42.525,-0.991,0.132,-0.023,0,0.174,0.985,0.135,0.976,-0.172],"_shiftlockState":true,"_pose":"FreeFall","_animationQueue":[],"_animationSpeed":1,"_zoom":20.656},{"_mousePosition":[683,384],"_rootPartCFrame":[764.207,229.094,45.878,-1,0,-0.002,0,1,0,0.002,0,-1],"_humanoidState":5,"_cameraCFrame":[761.948,250.936,42.587,-0.989,0.145,-0.026,0,0.174,0.985,0.147,0.974,-0.172],"_shiftlockState":true,"_pose":"FreeFall","_animationQueue":[],"_animationSpeed":1,"_zoom":20.656},{"_mousePosition":[683,384],"_rootPartCFrame":[763.942,228.758,45.913,-1,0,-0.014,0,1,0,0.014,0,-1],"_humanoidState":5,"_cameraCFrame":[761.651,250.6,42.646,-0.988,0.155,-0.027,0,0.174,0.985,0.157,0.973,-0.171],"_shiftlockState":true,"_pose":"FreeFall","_animationQueue":[],"_animationSpeed":1,"_zoom":20.656},{"_mousePosition":[683,384],"_rootPartCFrame":[763.679,228.367,45.952,-1,0,-0.024,0,1,0,0.024,0,-1],"_humanoidState":5,"_cameraCFrame":[761.354,250.209,42.708,-0.986,0.164,-0.029,0,0.174,0.985,0.167,0.971,-0.171],"_shiftlockState":true,"_pose":"FreeFall","_animationQueue":[],"_animationSpeed":1,"_zoom":20.656},{"_mousePosition":[683,384],"_rootPartCFrame":[763.415,227.922,45.994,-0.999,0,-0.035,0,1,0,0.035,0,-0.999],"_humanoidState":5,"_cameraCFrame":[761.091,249.764,42.749,-0.986,0.164,-0.029,0,0.174,0.985,0.167,0.971,-0.171],"_shiftlockState":true,"_pose":"FreeFall","_animationQueue":[],"_animationSpeed":1,"_zoom":20.656},{"_mousePosition":[683,384],"_rootPartCFrame":[763.152,227.422,46.038,-0.999,0,-0.035,0,1,0,0.035,0,-0.999],"_humanoidState":5,"_cameraCFrame":[760.828,249.265,42.794,-0.986,0.164,-0.029,0,0.174,0.985,0.167,0.971,-0.171],"_shiftlockState":true,"_pose":"FreeFall","_animationQueue":[],"_animationSpeed":1,"_zoom":20.656},{"_mousePosition":[683,384],"_rootPartCFrame":[762.889,226.868,46.082,-0.999,0,-0.035,0,1,0,0.035,0,-0.999],"_humanoidState":5,"_cameraCFrame":[760.565,248.711,42.838,-0.986,0.164,-0.029,0,0.174,0.985,0.167,0.971,-0.171],"_shiftlockState":true,"_pose":"FreeFall","_animationQueue":[["fall",0.3]],"_animationSpeed":1,"_zoom":20.656},{"_mousePosition":[683,384],"_rootPartCFrame":[762.626,226.26,46.127,-0.999,0,-0.035,0,1,0,0.035,0,-0.999],"_humanoidState":5,"_cameraCFrame":[760.302,248.102,42.883,-0.986,0.164,-0.029,0,0.174,0.985,0.167,0.971,-0.171],"_shiftlockState":true,"_pose":"FreeFall","_animationQueue":[],"_animationSpeed":1,"_zoom":20.656},{"_mousePosition":[683,384],"_rootPartCFrame":[762.363,225.597,46.171,-0.999,0,-0.035,0,1,0,0.035,0,-0.999],"_humanoidState":5,"_cameraCFrame":[760.057,247.432,42.87,-0.987,0.157,-0.028,0,0.176,0.984,0.16,0.972,-0.173],"_shiftlockState":true,"_pose":"FreeFall","_animationQueue":[],"_animationSpeed":1,"_zoom":20.656},{"_mousePosition":[683,384],"_rootPartCFrame":[762.1,224.879,46.216,-1,0,-0.027,0,1,0,0.027,0,-1],"_humanoidState":5,"_cameraCFrame":[759.85,246.7,42.791,-0.99,0.137,-0.025,0,0.179,0.984,0.14,0.974,-0.178],"_shiftlockState":true,"_pose":"FreeFall","_animationQueue":[],"_animationSpeed":1,"_zoom":20.656},{"_mousePosition":[683,384],"_rootPartCFrame":[761.837,224.107,46.259,-0.995,0,-0.104,0,1,0,0.104,0,-0.995],"_humanoidState":7,"_cameraCFrame":[759.707,245.906,42.632,-0.995,0.1,-0.019,0,0.185,0.983,0.102,0.978,-0.184],"_shiftlockState":true,"_pose":"FreeFall","_animationQueue":[["walk",0.1],["fall",0.3],["fall",0.3]],"_animationSpeed":1,"_zoom":20.656},{"_mousePosition":[683,384],"_rootPartCFrame":[761.573,223.548,46.297,-0.995,0,-0.099,0,1,0,0.099,0,-0.995],"_humanoidState":7,"_cameraCFrame":[759.613,245.324,42.454,-0.999,0.053,-0.01,0,0.191,0.982,0.054,0.98,-0.191],"_shiftlockState":true,"_pose":"FreeFall","_animationQueue":[],"_animationSpeed":1,"_zoom":20.656},{"_mousePosition":[683,384],"_rootPartCFrame":[761.242,223.618,46.332,-0.999,0,-0.054,0,1,0,0.054,0,-0.999],"_humanoidState":8,"_cameraCFrame":[759.479,245.387,42.355,-1,0.003,-0.001,0,0.193,0.981,0.003,0.981,-0.193],"_shiftlockState":true,"_pose":"Running","_animationQueue":[["walk",0.1],["fall",0.3],["walk",0.1]],"_animationSpeed":1.103,"_zoom":20.656},{"_mousePosition":[683,384],"_rootPartCFrame":[760.976,223.695,46.348,-1,0,-0.003,0,1,0,0.003,0,-1],"_humanoidState":8,"_cameraCFrame":[759.457,245.463,42.272,-0.998,-0.056,0.011,0,0.193,0.981,-0.057,0.98,-0.192],"_shiftlockState":true,"_pose":"Running","_animationQueue":[["walk",0.1]],"_animationSpeed":1.103,"_zoom":20.656},{"_mousePosition":[683,384],"_rootPartCFrame":[760.709,224.558,46.363,-0.998,0,0.057,0,1,0,-0.057,0,-0.998],"_humanoidState":3,"_cameraCFrame":[759.294,246.326,42.249,-0.997,-0.081,0.016,0,0.193,0.981,-0.083,0.978,-0.192],"_shiftlockState":true,"_pose":"Jumping","_animationQueue":[["walk",0.1],["jump",0.1]],"_animationSpeed":1,"_zoom":20.656},{"_mousePosition":[683,384],"_rootPartCFrame":[760.443,225.366,46.356,-0.985,0,0.174,0,1,0,-0.174,0,-0.985],"_humanoidState":5,"_cameraCFrame":[759.049,247.135,42.236,-0.996,-0.086,0.017,0,0.193,0.981,-0.088,0.977,-0.192],"_shiftlockState":true,"_pose":"FreeFall","_animationQueue":[["jump",0.1]],"_animationSpeed":1,"_zoom":20.656},{"_mousePosition":[683,384],"_rootPartCFrame":[760.177,226.12,46.336,-0.977,0,0.215,0,1,0,-0.215,0,-0.977],"_humanoidState":5,"_cameraCFrame":[758.783,247.889,42.215,-0.996,-0.086,0.017,0,0.193,0.981,-0.088,0.977,-0.192],"_shiftlockState":true,"_pose":"FreeFall","_animationQueue":[],"_animationSpeed":1,"_zoom":20.656},{"_mousePosition":[683,384],"_rootPartCFrame":[759.912,226.82,46.312,-0.976,0,0.219,0,1,0,-0.219,0,-0.976],"_humanoidState":5,"_cameraCFrame":[758.517,248.588,42.192,-0.996,-0.086,0.017,0,0.193,0.981,-0.088,0.977,-0.192],"_shiftlockState":true,"_pose":"FreeFall","_animationQueue":[],"_animationSpeed":1,"_zoom":20.656},{"_mousePosition":[683,384],"_rootPartCFrame":[759.646,227.465,46.289,-0.976,0,0.219,0,1,0,-0.219,0,-0.976],"_humanoidState":5,"_cameraCFrame":[758.252,249.233,42.168,-0.996,-0.086,0.017,0,0.193,0.981,-0.088,0.977,-0.192],"_shiftlockState":true,"_pose":"FreeFall","_animationQueue":[],"_animationSpeed":1,"_zoom":20.656},{"_mousePosition":[683,384],"_rootPartCFrame":[759.38,228.055,46.266,-0.976,0,0.219,0,1,0,-0.219,0,-0.976],"_humanoidState":5,"_cameraCFrame":[757.986,249.823,42.145,-0.996,-0.086,0.017,0,0.193,0.981,-0.088,0.977,-0.192],"_shiftlockState":true,"_pose":"FreeFall","_animationQueue":[],"_animationSpeed":1,"_zoom":20.656},{"_mousePosition":[683,384],"_rootPartCFrame":[759.115,228.591,46.242,-0.976,0,0.219,0,1,0,-0.219,0,-0.976],"_humanoidState":5,"_cameraCFrame":[757.721,250.359,42.122,-0.996,-0.086,0.017,0,0.193,0.981,-0.088,0.977,-0.192],"_shiftlockState":true,"_pose":"FreeFall","_animationQueue":[],"_animationSpeed":1,"_zoom":20.656},{"_mousePosition":[683,384],"_rootPartCFrame":[758.849,229.072,46.219,-0.976,0,0.219,0,1,0,-0.219,0,-0.976],"_humanoidState":5,"_cameraCFrame":[757.455,250.841,42.098,-0.996,-0.086,0.017,0,0.193,0.981,-0.088,0.977,-0.192],"_shiftlockState":true,"_pose":"FreeFall","_animationQueue":[],"_animationSpeed":1,"_zoom":20.656},{"_mousePosition":[683,384],"_rootPartCFrame":[758.583,229.499,46.195,-0.976,0,0.219,0,1,0,-0.219,0,-0.976],"_humanoidState":5,"_cameraCFrame":[757.189,251.268,42.075,-0.996,-0.086,0.017,0,0.193,0.981,-0.088,0.977,-0.192],"_shiftlockState":true,"_pose":"FreeFall","_animationQueue":[],"_animationSpeed":1,"_zoom":20.656},{"_mousePosition":[683,384],"_rootPartCFrame":[758.318,229.872,46.172,-0.976,0,0.219,0,1,0,-0.219,0,-0.976],"_humanoidState":5,"_cameraCFrame":[756.924,251.64,42.051,-0.996,-0.086,0.017,0,0.193,0.981,-0.088,0.977,-0.192],"_shiftlockState":true,"_pose":"FreeFall","_animationQueue":[],"_animationSpeed":1,"_zoom":20.656},{"_mousePosition":[683,384],"_rootPartCFrame":[758.052,230.189,46.149,-0.976,0,0.219,0,1,0,-0.219,0,-0.976],"_humanoidState":5,"_cameraCFrame":[756.658,251.958,42.028,-0.996,-0.086,0.017,0,0.193,0.981,-0.088,0.977,-0.192],"_shiftlockState":true,"_pose":"FreeFall","_animationQueue":[],"_animationSpeed":1,"_zoom":20.656},{"_mousePosition":[683,384],"_rootPartCFrame":[757.787,230.453,46.125,-0.976,0,0.219,0,1,0,-0.219,0,-0.976],"_humanoidState":5,"_cameraCFrame":[756.392,252.221,42.005,-0.996,-0.086,0.017,0,0.193,0.981,-0.088,0.977,-0.192],"_shiftlockState":true,"_pose":"FreeFall","_animationQueue":[],"_animationSpeed":1,"_zoom":20.656},{"_mousePosition":[683,384],"_rootPartCFrame":[757.521,230.662,46.102,-0.976,0,0.219,0,1,0,-0.219,0,-0.976],"_humanoidState":5,"_cameraCFrame":[756.127,252.43,41.981,-0.996,-0.086,0.017,0,0.193,0.981,-0.088,0.977,-0.192],"_shiftlockState":true,"_pose":"FreeFall","_animationQueue":[],"_animationSpeed":1,"_zoom":20.656},{"_mousePosition":[683,384],"_rootPartCFrame":[757.255,230.816,46.079,-0.976,0,0.219,0,1,0,-0.219,0,-0.976],"_humanoidState":5,"_cameraCFrame":[755.861,252.585,41.958,-0.996,-0.086,0.017,0,0.193,0.981,-0.088,0.977,-0.192],"_shiftlockState":true,"_pose":"FreeFall","_animationQueue":[],"_animationSpeed":1,"_zoom":20.656},{"_mousePosition":[683,384],"_rootPartCFrame":[756.99,230.916,46.055,-0.976,0,0.219,0,1,0,-0.219,0,-0.976],"_humanoidState":5,"_cameraCFrame":[755.596,252.684,41.935,-0.996,-0.086,0.017,0,0.193,0.981,-0.088,0.977,-0.192],"_shiftlockState":true,"_pose":"FreeFall","_animationQueue":[],"_animationSpeed":1,"_zoom":20.656},{"_mousePosition":[683,384],"_rootPartCFrame":[756.724,230.961,46.032,-0.976,0,0.219,0,1,0,-0.219,0,-0.976],"_humanoidState":5,"_cameraCFrame":[755.33,252.73,41.911,-0.996,-0.086,0.017,0,0.193,0.981,-0.088,0.977,-0.192],"_shiftlockState":true,"_pose":"FreeFall","_animationQueue":[],"_animationSpeed":1,"_zoom":20.656},{"_mousePosition":[683,384],"_rootPartCFrame":[756.458,230.952,46.008,-0.976,0,0.219,0,1,0,-0.219,0,-0.976],"_humanoidState":5,"_cameraCFrame":[755.064,252.721,41.888,-0.996,-0.086,0.017,0,0.193,0.981,-0.088,0.977,-0.192],"_shiftlockState":true,"_pose":"FreeFall","_animationQueue":[],"_animationSpeed":1,"_zoom":20.656},{"_mousePosition":[683,384],"_rootPartCFrame":[756.193,230.889,45.985,-0.976,0,0.219,0,1,0,-0.219,0,-0.976],"_humanoidState":5,"_cameraCFrame":[754.799,252.657,41.864,-0.996,-0.086,0.017,0,0.193,0.981,-0.088,0.977,-0.192],"_shiftlockState":true,"_pose":"FreeFall","_animationQueue":[],"_animationSpeed":1,"_zoom":20.656},{"_mousePosition":[683,384],"_rootPartCFrame":[755.927,230.771,45.962,-0.976,0,0.219,0,1,0,-0.219,0,-0.976],"_humanoidState":5,"_cameraCFrame":[754.533,252.539,41.841,-0.996,-0.086,0.017,0,0.193,0.981,-0.088,0.977,-0.192],"_shiftlockState":true,"_pose":"FreeFall","_animationQueue":[],"_animationSpeed":1,"_zoom":20.656},{"_mousePosition":[683,384],"_rootPartCFrame":[755.662,230.598,45.938,-0.976,0,0.219,0,1,0,-0.219,0,-0.976],"_humanoidState":5,"_cameraCFrame":[754.278,252.366,41.814,-0.996,-0.088,0.017,0,0.193,0.981,-0.09,0.977,-0.192],"_shiftlockState":true,"_pose":"FreeFall","_animationQueue":[],"_animationSpeed":1,"_zoom":20.656},{"_mousePosition":[683,384],"_rootPartCFrame":[755.396,230.371,45.915,-0.975,0,0.222,0,1,0,-0.222,0,-0.975],"_humanoidState":5,"_cameraCFrame":[754.015,252.155,41.866,-0.996,-0.091,0.018,0,0.189,0.982,-0.093,0.978,-0.188],"_shiftlockState":true,"_pose":"FreeFall","_animationQueue":[["fall",0.3]],"_animationSpeed":1,"_zoom":20.656},{"_mousePosition":[683,384],"_rootPartCFrame":[755.13,230.089,45.891,-0.975,0,0.224,0,1,0,-0.224,0,-0.975],"_humanoidState":5,"_cameraCFrame":[753.732,251.888,41.924,-0.996,-0.089,0.017,0,0.185,0.983,-0.09,0.979,-0.184],"_shiftlockState":true,"_pose":"FreeFall","_animationQueue":[],"_animationSpeed":1,"_zoom":20.656},{"_mousePosition":[683,384],"_rootPartCFrame":[754.865,229.753,45.866,-0.975,0,0.222,0,1,0,-0.222,0,-0.975],"_humanoidState":5,"_cameraCFrame":[753.407,251.574,42.036,-0.997,-0.076,0.014,0,0.179,0.984,-0.078,0.981,-0.179],"_shiftlockState":true,"_pose":"FreeFall","_animationQueue":[],"_animationSpeed":1,"_zoom":20.656},{"_mousePosition":[683,384],"_rootPartCFrame":[754.599,229.701,45.842,-0.994,0,0.112,0,1,0,-0.112,0,-0.994],"_humanoidState":7,"_cameraCFrame":[753.058,251.543,42.161,-0.998,-0.057,0.01,0,0.174,0.985,-0.057,0.983,-0.173],"_shiftlockState":true,"_pose":"FreeFall","_animationQueue":[["walk",0.1],["fall",0.3],["fall",0.3]],"_animationSpeed":1,"_zoom":20.656},{"_mousePosition":[683,384],"_rootPartCFrame":[754.333,229.7,45.821,-0.998,0,0.059,0,1,0,-0.059,0,-0.998],"_humanoidState":7,"_cameraCFrame":[752.653,251.542,42.201,-1,-0.019,0.003,0,0.174,0.985,-0.019,0.985,-0.174],"_shiftlockState":true,"_pose":"FreeFall","_animationQueue":[],"_animationSpeed":1,"_zoom":20.656},{"_mousePosition":[683,384],"_rootPartCFrame":[754,229.556,45.801,-1,0,0.02,0,1,0,-0.02,0,-1],"_humanoidState":8,"_cameraCFrame":[752.229,251.398,42.225,-1,0.006,-0.001,0,0.174,0.985,0.006,0.985,-0.174],"_shiftlockState":true,"_pose":"Running","_animationQueue":[["walk",0.1],["fall",0.3],["walk",0.1]],"_animationSpeed":1.103,"_zoom":20.656},{"_mousePosition":[683,384],"_rootPartCFrame":[753.734,229.38,45.795,-1,0,-0.006,0,1,0,0.006,0,-1],"_humanoidState":8,"_cameraCFrame":[751.882,251.222,42.259,-1,0.028,-0.005,0,0.174,0.985,0.029,0.984,-0.174],"_shiftlockState":true,"_pose":"Running","_animationQueue":[["walk",0.1]],"_animationSpeed":1.103,"_zoom":20.656},{"_mousePosition":[683,384],"_rootPartCFrame":[753.467,229.149,45.795,-1,0,-0.029,0,1,0,0.029,0,-1],"_humanoidState":8,"_cameraCFrame":[751.553,250.991,42.293,-0.999,0.046,-0.008,0,0.174,0.985,0.046,0.984,-0.173],"_shiftlockState":true,"_pose":"Running","_animationQueue":[],"_animationSpeed":1.103,"_zoom":20.656},{"_mousePosition":[683,384],"_rootPartCFrame":[753.201,228.864,45.802,-0.999,0,-0.046,0,1,0,0.046,0,-0.999],"_humanoidState":8,"_cameraCFrame":[751.269,250.706,42.31,-0.999,0.051,-0.009,0,0.174,0.985,0.051,0.984,-0.173],"_shiftlockState":true,"_pose":"Running","_animationQueue":[],"_animationSpeed":1.103,"_zoom":20.656},{"_mousePosition":[683,384],"_rootPartCFrame":[752.934,228.715,45.813,-0.999,0,-0.051,0,1,0,0.051,0,-0.999],"_humanoidState":8,"_cameraCFrame":[751.002,250.557,42.321,-0.999,0.051,-0.009,0,0.174,0.985,0.051,0.984,-0.173],"_shiftlockState":true,"_pose":"Running","_animationQueue":[],"_animationSpeed":1.103,"_zoom":20.656},{"_mousePosition":[683,384],"_rootPartCFrame":[752.668,228.735,45.827,-0.999,0,-0.051,0,1,0,0.051,0,-0.999],"_humanoidState":8,"_cameraCFrame":[750.736,250.577,42.335,-0.999,0.051,-0.009,0,0.174,0.985,0.051,0.984,-0.173],"_shiftlockState":true,"_pose":"Running","_animationQueue":[],"_animationSpeed":1.103,"_zoom":20.656},{"_mousePosition":[683,384],"_rootPartCFrame":[752.402,228.761,45.841,-0.999,0,-0.051,0,1,0,0.051,0,-0.999],"_humanoidState":8,"_cameraCFrame":[750.47,250.604,42.348,-0.999,0.051,-0.009,0,0.174,0.985,0.051,0.984,-0.173],"_shiftlockState":true,"_pose":"Running","_animationQueue":[],"_animationSpeed":1.103,"_zoom":20.656},{"_mousePosition":[683,384],"_rootPartCFrame":[752.135,228.778,45.854,-0.999,0,-0.051,0,1,0,0.051,0,-0.999],"_humanoidState":8,"_cameraCFrame":[750.212,250.621,42.357,-0.999,0.048,-0.008,0,0.174,0.985,0.049,0.984,-0.173],"_shiftlockState":true,"_pose":"Running","_animationQueue":[],"_animationSpeed":1.103,"_zoom":20.656},{"_mousePosition":[683,384],"_rootPartCFrame":[751.869,228.788,45.868,-0.999,0,-0.049,0,1,0,0.049,0,-0.999],"_humanoidState":8,"_cameraCFrame":[749.972,250.63,42.356,-0.999,0.041,-0.007,0,0.174,0.985,0.041,0.984,-0.174],"_shiftlockState":true,"_pose":"Running","_animationQueue":[["walk",0.1]],"_animationSpeed":1.103,"_zoom":20.656},{"_mousePosition":[683,384],"_rootPartCFrame":[751.603,228.793,45.881,-0.999,0,-0.041,0,1,0,0.041,0,-0.999],"_humanoidState":8,"_cameraCFrame":[749.742,250.636,42.351,-1,0.031,-0.005,0,0.174,0.985,0.031,0.984,-0.174],"_shiftlockState":true,"_pose":"Running","_animationQueue":[],"_animationSpeed":1.103,"_zoom":20.656},{"_mousePosition":[683,384],"_rootPartCFrame":[751.336,228.796,45.893,-1,0,-0.031,0,1,0,0.031,0,-1],"_humanoidState":8,"_cameraCFrame":[749.538,250.638,42.329,-1,0.013,-0.002,0,0.174,0.985,0.013,0.985,-0.174],"_shiftlockState":true,"_pose":"Running","_animationQueue":[],"_animationSpeed":1.103,"_zoom":20.656},{"_mousePosition":[683,384],"_rootPartCFrame":[751.07,228.798,45.901,-1,0,-0.013,0,1,0,0.013,0,-1],"_humanoidState":8,"_cameraCFrame":[749.38,250.64,42.285,-1,-0.017,0.003,0,0.174,0.985,-0.017,0.985,-0.174],"_shiftlockState":true,"_pose":"Running","_animationQueue":[],"_animationSpeed":1.103,"_zoom":20.656},{"_mousePosition":[683,384],"_rootPartCFrame":[750.803,228.799,45.906,-1,0,0.017,0,1,0,-0.017,0,-1],"_humanoidState":8,"_cameraCFrame":[749.188,250.641,42.256,-0.999,-0.037,0.006,0,0.174,0.985,-0.037,0.984,-0.174],"_shiftlockState":true,"_pose":"Running","_animationQueue":[],"_animationSpeed":1.103,"_zoom":20.656},{"_mousePosition":[683,384],"_rootPartCFrame":[750.536,229.662,45.909,-0.999,0,0.037,0,1,0,-0.037,0,-0.999],"_humanoidState":3,"_cameraCFrame":[748.967,251.504,42.24,-0.999,-0.049,0.009,0,0.174,0.985,-0.05,0.984,-0.173],"_shiftlockState":true,"_pose":"Jumping","_animationQueue":[["walk",0.1],["jump",0.1]],"_animationSpeed":1,"_zoom":20.656},{"_mousePosition":[683,384],"_rootPartCFrame":[750.27,230.47,45.901,-0.99,0,0.141,0,1,0,-0.141,0,-0.99],"_humanoidState":5,"_cameraCFrame":[748.719,252.312,42.224,-0.998,-0.054,0.01,0,0.174,0.985,-0.055,0.983,-0.173],"_shiftlockState":true,"_pose":"FreeFall","_animationQueue":[["jump",0.1]],"_animationSpeed":1,"_zoom":20.656},{"_mousePosition":[683,384],"_rootPartCFrame":[750.003,231.224,45.889,-0.983,0,0.182,0,1,0,-0.182,0,-0.983],"_humanoidState":5,"_cameraCFrame":[748.453,253.066,42.211,-0.998,-0.054,0.01,0,0.174,0.985,-0.055,0.983,-0.173],"_shiftlockState":true,"_pose":"FreeFall","_animationQueue":[],"_animationSpeed":1,"_zoom":20.656},{"_mousePosition":[683,384],"_rootPartCFrame":[749.737,231.923,45.874,-0.982,0,0.187,0,1,0,-0.187,0,-0.982],"_humanoidState":5,"_cameraCFrame":[748.186,253.765,42.197,-0.998,-0.054,0.01,0,0.174,0.985,-0.055,0.983,-0.173],"_shiftlockState":true,"_pose":"FreeFall","_animationQueue":[],"_animationSpeed":1,"_zoom":20.656},{"_mousePosition":[683,384],"_rootPartCFrame":[749.471,232.568,45.859,-0.982,0,0.187,0,1,0,-0.187,0,-0.982],"_humanoidState":5,"_cameraCFrame":[747.92,254.41,42.182,-0.998,-0.054,0.01,0,0.174,0.985,-0.055,0.983,-0.173],"_shiftlockState":true,"_pose":"FreeFall","_animationQueue":[],"_animationSpeed":1,"_zoom":20.656},{"_mousePosition":[683,384],"_rootPartCFrame":[749.204,233.159,45.845,-0.982,0,0.187,0,1,0,-0.187,0,-0.982],"_humanoidState":5,"_cameraCFrame":[747.654,255.001,42.167,-0.998,-0.054,0.01,0,0.174,0.985,-0.055,0.983,-0.173],"_shiftlockState":true,"_pose":"FreeFall","_animationQueue":[],"_animationSpeed":1,"_zoom":20.656},{"_mousePosition":[683,384],"_rootPartCFrame":[748.938,233.694,45.83,-0.982,0,0.187,0,1,0,-0.187,0,-0.982],"_humanoidState":5,"_cameraCFrame":[747.387,255.537,42.153,-0.998,-0.054,0.01,0,0.174,0.985,-0.055,0.983,-0.173],"_shiftlockState":true,"_pose":"FreeFall","_animationQueue":[],"_animationSpeed":1,"_zoom":20.656},{"_mousePosition":[683,384],"_rootPartCFrame":[748.672,234.176,45.816,-0.982,0,0.187,0,1,0,-0.187,0,-0.982],"_humanoidState":5,"_cameraCFrame":[747.121,256.018,42.138,-0.998,-0.054,0.01,0,0.174,0.985,-0.055,0.983,-0.173],"_shiftlockState":true,"_pose":"FreeFall","_animationQueue":[],"_animationSpeed":1,"_zoom":20.656},{"_mousePosition":[683,384],"_rootPartCFrame":[748.405,234.603,45.801,-0.982,0,0.187,0,1,0,-0.187,0,-0.982],"_humanoidState":5,"_cameraCFrame":[746.855,256.445,42.123,-0.998,-0.054,0.01,0,0.174,0.985,-0.055,0.983,-0.173],"_shiftlockState":true,"_pose":"FreeFall","_animationQueue":[],"_animationSpeed":1,"_zoom":20.656},{"_mousePosition":[683,384],"_rootPartCFrame":[748.139,234.975,45.786,-0.982,0,0.187,0,1,0,-0.187,0,-0.982],"_humanoidState":5,"_cameraCFrame":[746.588,256.817,42.109,-0.998,-0.054,0.01,0,0.174,0.985,-0.055,0.983,-0.173],"_shiftlockState":true,"_pose":"FreeFall","_animationQueue":[],"_animationSpeed":1,"_zoom":20.656},{"_mousePosition":[683,384],"_rootPartCFrame":[747.873,235.293,45.772,-0.982,0,0.187,0,1,0,-0.187,0,-0.982],"_humanoidState":5,"_cameraCFrame":[746.331,257.135,42.09,-0.998,-0.057,0.01,0,0.174,0.985,-0.057,0.983,-0.173],"_shiftlockState":true,"_pose":"FreeFall","_animationQueue":[],"_animationSpeed":1,"_zoom":20.656},{"_mousePosition":[683,384],"_rootPartCFrame":[747.606,235.556,45.757,-0.982,0,0.19,0,1,0,-0.19,0,-0.982],"_humanoidState":5,"_cameraCFrame":[746.065,257.399,42.076,-0.998,-0.057,0.01,0,0.174,0.985,-0.057,0.983,-0.173],"_shiftlockState":true,"_pose":"FreeFall","_animationQueue":[],"_animationSpeed":1,"_zoom":20.656},{"_mousePosition":[683,384],"_rootPartCFrame":[747.34,235.765,45.742,-0.982,0,0.19,0,1,0,-0.19,0,-0.982],"_humanoidState":5,"_cameraCFrame":[745.771,257.608,42.072,-0.999,-0.049,0.009,0,0.174,0.985,-0.05,0.984,-0.173],"_shiftlockState":true,"_pose":"FreeFall","_animationQueue":[],"_animationSpeed":1,"_zoom":20.656},{"_mousePosition":[683,384],"_rootPartCFrame":[747.074,235.92,45.727,-0.983,0,0.182,0,1,0,-0.182,0,-0.983],"_humanoidState":5,"_cameraCFrame":[745.477,257.762,42.069,-0.999,-0.042,0.007,0,0.174,0.985,-0.042,0.984,-0.173],"_shiftlockState":true,"_pose":"FreeFall","_animationQueue":[],"_animationSpeed":1,"_zoom":20.656},{"_mousePosition":[683,384],"_rootPartCFrame":[746.808,236.02,45.713,-0.985,0,0.175,0,1,0,-0.175,0,-0.985],"_humanoidState":5,"_cameraCFrame":[745.174,257.862,42.072,-0.999,-0.032,0.006,0,0.174,0.985,-0.032,0.984,-0.174],"_shiftlockState":true,"_pose":"FreeFall","_animationQueue":[],"_animationSpeed":1,"_zoom":20.656},{"_mousePosition":[683,384],"_rootPartCFrame":[746.541,236.065,45.701,-0.986,0,0.165,0,1,0,-0.165,0,-0.986],"_humanoidState":5,"_cameraCFrame":[744.87,257.907,42.077,-1,-0.022,0.004,0,0.174,0.985,-0.022,0.985,-0.174],"_shiftlockState":true,"_pose":"FreeFall","_animationQueue":[],"_animationSpeed":1,"_zoom":20.656},{"_mousePosition":[683,384],"_rootPartCFrame":[746.275,236.056,45.692,-0.988,0,0.155,0,1,0,-0.155,0,-0.988],"_humanoidState":5,"_cameraCFrame":[744.549,257.898,42.094,-1,-0.007,0.001,0,0.174,0.985,-0.007,0.985,-0.174],"_shiftlockState":true,"_pose":"FreeFall","_animationQueue":[],"_animationSpeed":1,"_zoom":20.656},{"_mousePosition":[683,384],"_rootPartCFrame":[746.008,235.992,45.686,-0.99,0,0.14,0,1,0,-0.14,0,-0.99],"_humanoidState":5,"_cameraCFrame":[744.237,257.834,42.11,-1,0.006,-0.001,0,0.174,0.985,0.006,0.985,-0.174],"_shiftlockState":true,"_pose":"FreeFall","_animationQueue":[],"_animationSpeed":1,"_zoom":20.656},{"_mousePosition":[683,384],"_rootPartCFrame":[745.741,235.874,45.684,-0.992,0,0.127,0,1,0,-0.127,0,-0.992],"_humanoidState":5,"_cameraCFrame":[743.925,257.716,42.13,-1,0.018,-0.003,0,0.174,0.985,0.019,0.985,-0.174],"_shiftlockState":true,"_pose":"FreeFall","_animationQueue":[],"_animationSpeed":1,"_zoom":20.656},{"_mousePosition":[683,384],"_rootPartCFrame":[745.475,235.702,45.685,-0.993,0,0.114,0,1,0,-0.114,0,-0.993],"_humanoidState":5,"_cameraCFrame":[743.605,257.544,42.159,-0.999,0.033,-0.006,0,0.174,0.985,0.034,0.984,-0.174],"_shiftlockState":true,"_pose":"FreeFall","_animationQueue":[],"_animationSpeed":1,"_zoom":20.656},{"_mousePosition":[683,384],"_rootPartCFrame":[745.208,235.474,45.689,-0.995,0,0.099,0,1,0,-0.099,0,-0.995],"_humanoidState":5,"_cameraCFrame":[743.294,257.317,42.187,-0.999,0.046,-0.008,0,0.174,0.985,0.046,0.984,-0.173],"_shiftlockState":true,"_pose":"FreeFall","_animationQueue":[["fall",0.3]],"_animationSpeed":1,"_zoom":20.656},{"_mousePosition":[683,384],"_rootPartCFrame":[744.942,235.193,45.698,-0.996,0,0.087,0,1,0,-0.087,0,-0.996],"_humanoidState":5,"_cameraCFrame":[742.983,257.035,42.22,-0.998,0.058,-0.01,0,0.174,0.985,0.059,0.983,-0.173],"_shiftlockState":true,"_pose":"FreeFall","_animationQueue":[],"_animationSpeed":1,"_zoom":20.656},{"_mousePosition":[683,384],"_rootPartCFrame":[744.675,234.857,45.709,-0.997,0,0.074,0,1,0,-0.074,0,-0.997],"_humanoidState":5,"_cameraCFrame":[742.647,256.699,42.272,-0.997,0.078,-0.014,0,0.174,0.985,0.079,0.982,-0.173],"_shiftlockState":true,"_pose":"FreeFall","_animationQueue":[],"_animationSpeed":1,"_zoom":20.656},{"_mousePosition":[683,384],"_rootPartCFrame":[744.409,234.466,45.725,-0.999,0,-0.045,0,1,0,0.045,0,-0.999],"_humanoidState":7,"_cameraCFrame":[742.329,256.308,42.319,-0.996,0.093,-0.016,0,0.174,0.985,0.094,0.98,-0.173],"_shiftlockState":true,"_pose":"FreeFall","_animationQueue":[["walk",0.1],["fall",0.3],["fall",0.3]],"_animationSpeed":1,"_zoom":20.656},{"_mousePosition":[683,384],"_rootPartCFrame":[744.143,234.021,45.745,-0.996,0,-0.092,0,1,0,0.092,0,-0.996],"_humanoidState":7,"_cameraCFrame":[742.02,255.863,42.366,-0.994,0.105,-0.019,0,0.174,0.985,0.107,0.979,-0.173],"_shiftlockState":true,"_pose":"FreeFall","_animationQueue":[],"_animationSpeed":1,"_zoom":20.656},{"_mousePosition":[683,384],"_rootPartCFrame":[743.811,233.598,45.776,-0.994,0,-0.107,0,1,0,0.107,0,-0.994],"_humanoidState":8,"_cameraCFrame":[741.645,255.44,42.424,-0.993,0.118,-0.021,0,0.174,0.985,0.119,0.978,-0.172],"_shiftlockState":true,"_pose":"Running","_animationQueue":[["walk",0.1],["fall",0.3],["walk",0.1]],"_animationSpeed":1.103,"_zoom":20.656},{"_mousePosition":[683,384],"_rootPartCFrame":[743.546,233.637,45.804,-0.993,0,-0.119,0,1,0,0.119,0,-0.993],"_humanoidState":8,"_cameraCFrame":[741.338,255.479,42.479,-0.991,0.13,-0.023,0,0.174,0.985,0.132,0.976,-0.172],"_shiftlockState":true,"_pose":"Running","_animationQueue":[["walk",0.1]],"_animationSpeed":1.103,"_zoom":20.656},{"_mousePosition":[683,384],"_rootPartCFrame":[743.281,233.703,45.835,-0.991,0,-0.132,0,1,0,0.132,0,-0.991],"_humanoidState":8,"_cameraCFrame":[741.04,255.545,42.533,-0.99,0.14,-0.025,0,0.174,0.985,0.142,0.975,-0.172],"_shiftlockState":true,"_pose":"Running","_animationQueue":[],"_animationSpeed":1.103,"_zoom":20.656},{"_mousePosition":[683,384],"_rootPartCFrame":[743.083,233.737,45.861,-0.99,0,-0.