[{"_mousePosition":[668,332],"_rootPartCFrame":[776.035,222.7,47.142,-0.002,0,1,0,1,0,-1,0,-0.002],"_humanoidState":8,"_cameraCFrame":[776.117,244.267,42.248,-1,-0.016,0.004,0,0.237,0.972,-0.017,0.971,-0.237],"_shiftlockState":false,"_pose":"Standing","_animationQueue":[],"_animationSpeed":1,"_zoom":20.656},{"_mousePosition":[668,332],"_rootPartCFrame":[775.863,222.7,47.139,0,0,1,0,1,0,-1,0,0],"_humanoidState":8,"_cameraCFrame":[775.946,244.267,42.245,-1,-0.016,0.004,0,0.237,0.972,-0.017,0.971,-0.237],"_shiftlockState":false,"_pose":"Standing","_animationQueue":[],"_animationSpeed":1,"_zoom":20.656},{"_mousePosition":[668,332],"_rootPartCFrame":[775.599,222.7,47.135,0.002,0,1,0,1,0,-1,0,0.002],"_humanoidState":8,"_cameraCFrame":[775.681,244.267,42.241,-1,-0.016,0.004,0,0.237,0.972,-0.017,0.971,-0.237],"_shiftlockState":false,"_pose":"Running","_animationQueue":[["walk",0.1]],"_animationSpeed":1.003,"_zoom":20.656},{"_mousePosition":[668,332],"_rootPartCFrame":[775.332,222.7,47.131,0.004,0,1,0,1,0,-1,0,0.004],"_humanoidState":8,"_cameraCFrame":[775.414,244.267,42.236,-1,-0.016,0.004,0,0.237,0.972,-0.017,0.971,-0.237],"_shiftlockState":false,"_pose":"Running","_animationQueue":[["walk",0.1]],"_animationSpeed":1.101,"_zoom":20.656},{"_mousePosition":[668,332],"_rootPartCFrame":[775.065,222.7,47.126,0.006,0,1,0,1,0,-1,0,0.006],"_humanoidState":8,"_cameraCFrame":[775.148,244.267,42.232,-1,-0.016,0.004,0,0.237,0.972,-0.017,0.971,-0.237],"_shiftlockState":false,"_pose":"Running","_animationQueue":[],"_animationSpeed":1.101,"_zoom":20.656},{"_mousePosition":[668,332],"_rootPartCFrame":[774.799,222.7,47.122,0.007,0,1,0,1,0,-1,0,0.007],"_humanoidState":8,"_cameraCFrame":[774.881,244.267,42.227,-1,-0.016,0.004,0,0.237,0.972,-0.017,0.971,-0.237],"_shiftlockState":false,"_pose":"Running","_animationQueue":[],"_animationSpeed":1.101,"_zoom":20.656},{"_mousePosition":[668,332],"_rootPartCFrame":[774.532,222.7,47.117,0.009,0,1,0,1,0,-1,0,0.009],"_humanoidState":8,"_cameraCFrame":[774.615,244.267,42.223,-1,-0.016,0.004,0,0.237,0.972,-0.017,0.971,-0.237],"_shiftlockState":false,"_pose":"Running","_animationQueue":[],"_animationSpeed":1.101,"_zoom":20.656},{"_mousePosition":[668,332],"_rootPartCFrame":[774.132,222.7,47.11,0.01,0,1,0,1,0,-1,0,0.01],"_humanoidState":8,"_cameraCFrame":[774.214,244.277,42.255,-1,-0.016,0.004,0,0.235,0.972,-0.017,0.972,-0.235],"_shiftlockState":false,"_pose":"Running","_animationQueue":[["walk",0.1]],"_animationSpeed":1.101,"_zoom":20.656},{"_mousePosition":[668,332],"_rootPartCFrame":[773.866,222.7,47.106,0.011,0,1,0,1,0,-1,0,0.011],"_humanoidState":8,"_cameraCFrame":[773.947,244.277,42.251,-1,-0.016,0.004,0,0.235,0.972,-0.017,0.972,-0.235],"_shiftlockState":false,"_pose":"Running","_animationQueue":[],"_animationSpeed":1.101,"_zoom":20.656},{"_mousePosition":[668,332],"_rootPartCFrame":[773.732,222.7,47.104,0.012,0,1,0,1,0,-1,0,0.012],"_humanoidState":8,"_cameraCFrame":[773.814,244.277,42.248,-1,-0.016,0.004,0,0.235,0.972,-0.017,0.972,-0.235],"_shiftlockState":false,"_pose":"Running","_animationQueue":[],"_animationSpeed":1.101,"_zoom":20.656},{"_mousePosition":[668,332],"_rootPartCFrame":[773.466,222.7,47.099,0.012,0,1,0,1,0,-1,0,0.012],"_humanoidState":8,"_cameraCFrame":[773.546,244.296,42.322,-1,-0.016,0.004,0,0.231,0.973,-0.017,0.973,-0.231],"_shiftlockState":false,"_pose":"Running","_animationQueue":[],"_animationSpeed":1.101,"_zoom":20.656},{"_mousePosition":[668,332],"_rootPartCFrame":[773.199,222.7,47.095,0.013,0,1,0,1,0,-1,0,0.013],"_humanoidState":8,"_cameraCFrame":[773.279,244.305,42.357,-1,-0.016,0.004,0,0.229,0.973,-0.017,0.973,-0.229],"_shiftlockState":false,"_pose":"Running","_animationQueue":[],"_animationSpeed":1.101,"_zoom":20.656},{"_mousePosition":[668,332],"_rootPartCFrame":[772.799,222.7,47.088,0.014,0,1,0,1,0,-1,0,0.014],"_humanoidState":8,"_cameraCFrame":[772.902,244.314,42.39,-1,-0.021,0.005,0,0.227,0.974,-0.022,0.974,-0.227],"_shiftlockState":false,"_pose":"Running","_animationQueue":[],"_animationSpeed":1.101,"_zoom":20.656},{"_mousePosition":[668,332],"_rootPartCFrame":[772.533,222.7,47.084,0.014,0,1,0,1,0,-1,0,0.014],"_humanoidState":8,"_cameraCFrame":[772.645,244.332,42.464,-1,-0.024,0.005,0,0.224,0.975,-0.024,0.974,-0.224],"_shiftlockState":false,"_pose":"Running","_animationQueue":[["walk",0.1]],"_animationSpeed":1.101,"_zoom":20.656},{"_mousePosition":[668,332],"_rootPartCFrame":[772.266,222.7,47.078,0.015,0,1,0,1,0,-1,0,0.015],"_humanoidState":8,"_cameraCFrame":[772.413,244.341,42.499,-0.999,-0.031,0.007,0,0.222,0.975,-0.032,0.975,-0.222],"_shiftlockState":false,"_pose":"Running","_animationQueue":[],"_animationSpeed":1.101,"_zoom":20.656},{"_mousePosition":[668,332],"_rootPartCFrame":[772.133,222.7,47.075,0.016,0,1,0,1,0,-1,0,0.016],"_humanoidState":8,"_cameraCFrame":[772.345,244.359,42.577,-0.999,-0.046,0.01,0,0.218,0.976,-0.047,0.975,-0.218],"_shiftlockState":false,"_pose":"Running","_animationQueue":[],"_animationSpeed":1.101,"_zoom":20.656},{"_mousePosition":[668,332],"_rootPartCFrame":[771.866,222.7,47.066,0.018,0,1,0,1,0,-1,0,0.018],"_humanoidState":8,"_cameraCFrame":[772.145,244.368,42.611,-0.998,-0.061,0.013,0,0.216,0.976,-0.062,0.974,-0.216],"_shiftlockState":false,"_pose":"Running","_animationQueue":[],"_animationSpeed":1.101,"_zoom":20.656},{"_mousePosition":[668,332],"_rootPartCFrame":[771.6,222.7,47.054,0.022,0,1,0,1,0,-1,0,0.022],"_humanoidState":8,"_cameraCFrame":[771.954,244.376,42.644,-0.997,-0.078,0.017,0,0.214,0.977,-0.08,0.974,-0.214],"_shiftlockState":false,"_pose":"Running","_animationQueue":[],"_animationSpeed":1.101,"_zoom":20.656},{"_mousePosition":[668,332],"_rootPartCFrame":[771.334,222.7,47.038,0.027,0,1,0,1,0,-1,0,0.027],"_humanoidState":8,"_cameraCFrame":[771.762,244.385,42.674,-0.995,-0.095,0.021,0,0.212,0.977,-0.098,0.973,-0.211],"_shiftlockState":false,"_pose":"Running","_animationQueue":[],"_animationSpeed":1.101,"_zoom":20.656},{"_mousePosition":[668,332],"_rootPartCFrame":[770.935,222.7,47.006,0.037,0,0.999,0,1,0,-0.999,0,0.037],"_humanoidState":8,"_cameraCFrame":[769.702,244.385,42.449,-0.993,-0.113,0.024,0,0.212,0.977,-0.115,0.971,-0.211],"_shiftlockState":true,"_pose":"Running","_animationQueue":[],"_animationSpeed":1.101,"_zoom":20.656},{"_mousePosition":[683,384],"_rootPartCFrame":[770.67,222.7,46.981,-0.999,0,0.049,0,1,0,-0.049,0,-0.999],"_humanoidState":8,"_cameraCFrame":[769.437,244.385,42.423,-0.993,-0.113,0.024,0,0.212,0.977,-0.115,0.971,-0.211],"_shiftlockState":true,"_pose":"Running","_animationQueue":[["walk",0.1]],"_animationSpeed":1.101,"_zoom":20.656},{"_mousePosition":[683,384],"_rootPartCFrame":[770.405,222.7,46.951,-0.996,0,0.088,0,1,0,-0.088,0,-0.996],"_humanoidState":8,"_cameraCFrame":[769.179,244.393,42.429,-0.993,-0.115,0.025,0,0.21,0.978,-0.118,0.971,-0.209],"_shiftlockState":true,"_pose":"Running","_animationQueue":[],"_animationSpeed":1.101,"_zoom":20.656},{"_mousePosition":[683,384],"_rootPartCFrame":[770.074,223.77,46.912,-0.994,0,0.105,0,1,0,-0.105,0,-0.994],"_humanoidState":3,"_cameraCFrame":[768.847,245.463,42.391,-0.993,-0.115,0.025,0,0.21,0.978,-0.118,0.971,-0.209],"_shiftlockState":true,"_pose":"Jumping","_animationQueue":[["walk",0.1],["jump",0.1]],"_animationSpeed":1,"_zoom":20.656},{"_mousePosition":[683,384],"_rootPartCFrame":[769.875,224.371,46.889,-0.984,0,0.177,0,1,0,-0.177,0,-0.984],"_humanoidState":5,"_cameraCFrame":[768.649,246.065,42.367,-0.993,-0.115,0.025,0,0.21,0.978,-0.118,0.971,-0.209],"_shiftlockState":true,"_pose":"FreeFall","_animationQueue":[["jump",0.1]],"_animationSpeed":1,"_zoom":20.656},{"_mousePosition":[683,384],"_rootPartCFrame":[769.676,224.941,46.865,-0.978,0,0.208,0,1,0,-0.208,0,-0.978],"_humanoidState":5,"_cameraCFrame":[768.45,246.635,42.344,-0.993,-0.115,0.025,0,0.21,0.978,-0.118,0.971,-0.209],"_shiftlockState":true,"_pose":"FreeFall","_animationQueue":[],"_animationSpeed":1,"_zoom":20.656},{"_mousePosition":[683,384],"_rootPartCFrame":[769.411,225.654,46.834,-0.969,0,0.247,0,1,0,-0.247,0,-0.969],"_humanoidState":5,"_cameraCFrame":[768.185,247.348,42.312,-0.993,-0.115,0.025,0,0.21,0.978,-0.118,0.971,-0.209],"_shiftlockState":true,"_pose":"FreeFall","_animationQueue":[],"_animationSpeed":1,"_zoom":20.656},{"_mousePosition":[683,384],"_rootPartCFrame":[769.08,226.469,46.795,-0.96,0,0.281,0,1,0,-0.281,0,-0.96],"_humanoidState":5,"_cameraCFrame":[767.854,248.163,42.273,-0.993,-0.115,0.025,0,0.21,0.978,-0.118,0.971,-0.209],"_shiftlockState":true,"_pose":"FreeFall","_animationQueue":[],"_animationSpeed":1,"_zoom":20.656},{"_mousePosition":[683,384],"_rootPartCFrame":[768.815,227.06,46.763,-0.969,0,0.249,0,1,0,-0.249,0,-0.969],"_humanoidState":5,"_cameraCFrame":[767.589,248.753,42.242,-0.993,-0.115,0.025,0,0.21,0.978,-0.118,0.971,-0.209],"_shiftlockState":true,"_pose":"FreeFall","_animationQueue":[],"_animationSpeed":1,"_zoom":20.656},{"_mousePosition":[683,384],"_rootPartCFrame":[768.617,227.467,46.74,-0.976,0,0.216,0,1,0,-0.216,0,-0.976],"_humanoidState":5,"_cameraCFrame":[767.391,249.16,42.218,-0.993,-0.115,0.025,0,0.21,0.978,-0.118,0.971,-0.209],"_shiftlockState":true,"_pose":"FreeFall","_animationQueue":[],"_animationSpeed":1,"_zoom":20.656},{"_mousePosition":[683,384],"_rootPartCFrame":[768.286,228.077,46.701,-0.96,0,0.281,0,1,0,-0.281,0,-0.96],"_humanoidState":5,"_cameraCFrame":[767.059,249.77,42.179,-0.993,-0.115,0.025,0,0.21,0.978,-0.118,0.971,-0.209],"_shiftlockState":true,"_pose":"FreeFall","_animationQueue":[],"_animationSpeed":1,"_zoom":20.656},{"_mousePosition":[683,384],"_rootPartCFrame":[768.087,228.402,46.677,-0.976,0,0.216,0,1,0,-0.216,0,-0.976],"_humanoidState":5,"_cameraCFrame":[766.861,250.096,42.155,-0.993,-0.115,0.025,0,0.21,0.978,-0.118,0.971,-0.209],"_shiftlockState":true,"_pose":"FreeFall","_animationQueue":[],"_animationSpeed":1,"_zoom":20.656},{"_mousePosition":[683,384],"_rootPartCFrame":[767.756,228.876,46.638,-0.96,0,0.281,0,1,0,-0.281,0,-0.96],"_humanoidState":5,"_cameraCFrame":[766.53,250.57,42.116,-0.993,-0.115,0.025,0,0.21,0.978,-0.118,0.971,-0.209],"_shiftlockState":true,"_pose":"FreeFall","_animationQueue":[],"_animationSpeed":1,"_zoom":20.656},{"_mousePosition":[683,384],"_rootPartCFrame":[767.491,229.194,46.606,-0.969,0,0.249,0,1,0,-0.249,0,-0.969],"_humanoidState":5,"_cameraCFrame":[766.265,250.888,42.085,-0.993,-0.115,0.025,0,0.21,0.978,-0.118,0.971,-0.209],"_shiftlockState":true,"_pose":"FreeFall","_animationQueue":[],"_animationSpeed":1,"_zoom":20.656},{"_mousePosition":[683,384],"_rootPartCFrame":[767.292,229.397,46.583,-0.976,0,0.216,0,1,0,-0.216,0,-0.976],"_humanoidState":5,"_cameraCFrame":[766.066,251.09,42.061,-0.993,-0.115,0.025,0,0.21,0.978,-0.118,0.971,-0.209],"_shiftlockState":true,"_pose":"FreeFall","_animationQueue":[],"_animationSpeed":1,"_zoom":20.656},{"_mousePosition":[683,384],"_rootPartCFrame":[767.027,229.619,46.551,-0.969,0,0.249,0,1,0,-0.249,0,-0.969],"_humanoidState":5,"_cameraCFrame":[765.801,251.313,42.03,-0.993,-0.115,0.025,0,0.21,0.978,-0.118,0.971,-0.209],"_shiftlockState":true,"_pose":"FreeFall","_animationQueue":[],"_animationSpeed":1,"_zoom":20.656},{"_mousePosition":[683,384],"_rootPartCFrame":[766.762,229.787,46.52,-0.969,0,0.249,0,1,0,-0.249,0,-0.969],"_humanoidState":5,"_cameraCFrame":[765.536,251.481,41.998,-0.993,-0.115,0.025,0,0.21,0.978,-0.118,0.971,-0.209],"_shiftlockState":true,"_pose":"FreeFall","_animationQueue":[],"_animationSpeed":1,"_zoom":20.656},{"_mousePosition":[683,384],"_rootPartCFrame":[766.497,229.901,46.489,-0.969,0,0.249,0,1,0,-0.249,0,-0.969],"_humanoidState":5,"_cameraCFrame":[765.271,251.594,41.967,-0.993,-0.115,0.025,0,0.21,0.978,-0.118,0.971,-0.209],"_shiftlockState":true,"_pose":"FreeFall","_animationQueue":[],"_animationSpeed":1,"_zoom":20.656},{"_mousePosition":[683,384],"_rootPartCFrame":[766.233,229.96,46.457,-0.969,0,0.249,0,1,0,-0.249,0,-0.969],"_humanoidState":5,"_cameraCFrame":[765.006,251.653,41.936,-0.993,-0.115,0.025,0,0.21,0.978,-0.118,0.971,-0.209],"_shiftlockState":true,"_pose":"FreeFall","_animationQueue":[],"_animationSpeed":1,"_zoom":20.656},{"_mousePosition":[683,384],"_rootPartCFrame":[765.968,229.964,46.426,-0.969,0,0.249,0,1,0,-0.249,0,-0.969],"_humanoidState":5,"_cameraCFrame":[764.742,251.658,41.904,-0.993,-0.115,0.025,0,0.21,0.978,-0.118,0.971,-0.209],"_shiftlockState":true,"_pose":"FreeFall","_animationQueue":[],"_animationSpeed":1,"_zoom":20.656},{"_mousePosition":[683,384],"_rootPartCFrame":[765.703,229.914,46.394,-0.969,0,0.249,0,1,0,-0.249,0,-0.969],"_humanoidState":5,"_cameraCFrame":[764.488,251.608,41.87,-0.993,-0.118,0.025,0,0.21,0.978,-0.12,0.971,-0.209],"_shiftlockState":true,"_pose":"FreeFall","_animationQueue":[],"_animationSpeed":1,"_zoom":20.656},{"_mousePosition":[683,384],"_rootPartCFrame":[765.372,229.775,46.355,-0.959,0,0.283,0,1,0,-0.283,0,-0.959],"_humanoidState":5,"_cameraCFrame":[764.157,251.469,41.831,-0.993,-0.118,0.025,0,0.21,0.978,-0.12,0.971,-0.209],"_shiftlockState":true,"_pose":"FreeFall","_animationQueue":[["fall",0.3]],"_animationSpeed":1,"_zoom":20.656},{"_mousePosition":[683,384],"_rootPartCFrame":[765.173,229.651,46.331,-0.976,0,0.219,0,1,0,-0.219,0,-0.976],"_humanoidState":5,"_cameraCFrame":[763.965,251.353,41.843,-0.992,-0.12,0.026,0,0.208,0.978,-0.123,0.971,-0.207],"_shiftlockState":true,"_pose":"FreeFall","_animationQueue":[],"_animationSpeed":1,"_zoom":20.656},{"_mousePosition":[683,384],"_rootPartCFrame":[764.842,229.375,46.291,-0.958,0,0.286,0,1,0,-0.286,0,-0.958],"_humanoidState":5,"_cameraCFrame":[763.646,251.078,41.799,-0.992,-0.123,0.026,0,0.208,0.978,-0.125,0.97,-0.207],"_shiftlockState":true,"_pose":"FreeFall","_animationQueue":[],"_animationSpeed":1,"_zoom":20.656},{"_mousePosition":[683,384],"_rootPartCFrame":[764.578,229.094,46.258,-0.967,0,0.256,0,1,0,-0.256,0,-0.967],"_humanoidState":5,"_cameraCFrame":[763.387,250.804,41.803,-0.992,-0.125,0.026,0,0.207,0.978,-0.128,0.97,-0.205],"_shiftlockState":true,"_pose":"FreeFall","_animationQueue":[],"_animationSpeed":1,"_zoom":20.656},{"_mousePosition":[683,384],"_rootPartCFrame":[764.313,228.758,46.225,-0.966,0,0.258,0,1,0,-0.258,0,-0.966],"_humanoidState":5,"_cameraCFrame":[763.134,250.468,41.767,-0.991,-0.127,0.027,0,0.207,0.978,-0.13,0.97,-0.205],"_shiftlockState":true,"_pose":"FreeFall","_animationQueue":[],"_animationSpeed":1,"_zoom":20.656},{"_mousePosition":[683,384],"_rootPartCFrame":[764.049,228.367,46.191,-0.965,0,0.261,0,1,0,-0.261,0,-0.965],"_humanoidState":5,"_cameraCFrame":[762.898,250.086,41.763,-0.99,-0.135,0.028,0,0.205,0.979,-0.138,0.969,-0.203],"_shiftlockState":true,"_pose":"FreeFall","_animationQueue":[],"_animationSpeed":1,"_zoom":20.656},{"_mousePosition":[683,384],"_rootPartCFrame":[763.784,227.922,46.157,-0.963,0,0.268,0,1,0,-0.268,0,-0.963],"_humanoidState":5,"_cameraCFrame":[762.639,249.649,41.764,-0.99,-0.137,0.028,0,0.203,0.979,-0.14,0.97,-0.201],"_shiftlockState":true,"_pose":"FreeFall","_animationQueue":[],"_animationSpeed":1,"_zoom":20.656},{"_mousePosition":[683,384],"_rootPartCFrame":[763.586,227.552,46.129,-0.971,0,0.238,0,1,0,-0.238,0,-0.971],"_humanoidState":5,"_cameraCFrame":[762.458,249.288,41.77,-0.989,-0.142,0.029,0,0.201,0.98,-0.145,0.969,-0.199],"_shiftlockState":true,"_pose":"FreeFall","_animationQueue":[["fall",0.3]],"_animationSpeed":1,"_zoom":20.656},{"_mousePosition":[683,384],"_rootPartCFrame":[763.322,227.012,46.092,-0.961,0,0.276,0,1,0,-0.276,0,-0.961],"_humanoidState":5,"_cameraCFrame":[762.194,248.747,41.733,-0.989,-0.142,0.029,0,0.201,0.98,-0.145,0.969,-0.199],"_shiftlockState":true,"_pose":"FreeFall","_animationQueue":[],"_animationSpeed":1,"_zoom":20.656},{"_mousePosition":[683,384],"_rootPartCFrame":[763.058,226.417,46.053,-0.961,0,0.276,0,1,0,-0.276,0,-0.961],"_humanoidState":5,"_cameraCFrame":[761.93,248.152,41.694,-0.989,-0.142,0.029,0,0.201,0.98,-0.145,0.969,-0.199],"_shiftlockState":true,"_pose":"FreeFall","_animationQueue":[],"_animationSpeed":1,"_zoom":20.656},{"_mousePosition":[683,384],"_rootPartCFrame":[762.794,225.768,46.015,-0.961,0,0.276,0,1,0,-0.276,0,-0.961],"_humanoidState":5,"_cameraCFrame":[761.666,247.503,41.656,-0.989,-0.142,0.029,0,0.201,0.98,-0.145,0.969,-0.199],"_shiftlockState":true,"_pose":"FreeFall","_animationQueue":[],"_animationSpeed":1,"_zoom":20.656},{"_mousePosition":[683,384],"_rootPartCFrame":[762.464,224.879,45.966,-0.952,0,0.307,0,1,0,-0.307,0,-0.952],"_humanoidState":5,"_cameraCFrame":[761.336,246.614,41.607,-0.989,-0.142,0.029,0,0.201,0.98,-0.145,0.969,-0.199],"_shiftlockState":true,"_pose":"FreeFall","_animationQueue":[],"_animationSpeed":1,"_zoom":20.656},{"_mousePosition":[683,384],"_rootPartCFrame":[762.266,224.305,45.937,-0.97,0,0.243,0,1,0,-0.243,0,-0.97],"_humanoidState":5,"_cameraCFrame":[761.138,246.04,41.578,-0.989,-0.142,0.029,0,0.201,0.98,-0.145,0.969,-0.199],"_shiftlockState":true,"_pose":"FreeFall","_animationQueue":[],"_animationSpeed":1,"_zoom":20.656},{"_mousePosition":[683,384],"_rootPartCFrame":[761.937,223.28,45.889,-0.952,0,0.307,0,1,0,-0.307,0,-0.952],"_humanoidState":5,"_cameraCFrame":[760.808,245.015,41.53,-0.989,-0.142,0.029,0,0.201,0.98,-0.145,0.969,-0.199],"_shiftlockState":true,"_pose":"FreeFall","_animationQueue":[["fall",0.3]],"_animationSpeed":1,"_zoom":20.656},{"_mousePosition":[683,384],"_rootPartCFrame":[761.739,222.625,45.86,-0.984,0,0.177,0,1,0,-0.177,0,-0.984],"_humanoidState":7,"_cameraCFrame":[760.61,244.36,41.501,-0.989,-0.142,0.029,0,0.201,0.98,-0.145,0.969,-0.199],"_shiftlockState":true,"_pose":"FreeFall","_animationQueue":[["walk",0.1],["fall",0.3],["fall",0.3]],"_animationSpeed":1,"_zoom":20.656},{"_mousePosition":[683,384],"_rootPartCFrame":[761.409,222.46,45.811,-0.989,0,0.151,0,1,0,-0.151,0,-0.989],"_humanoidState":7,"_cameraCFrame":[760.275,244.203,41.491,-0.989,-0.142,0.029,0,0.199,0.98,-0.145,0.97,-0.197],"_shiftlockState":true,"_pose":"FreeFall","_animationQueue":[],"_animationSpeed":1,"_zoom":20.656},{"_mousePosition":[683,384],"_rootPartCFrame":[761.079,222.57,45.763,-0.989,0,0.146,0,1,0,-0.146,0,-0.989],"_humanoidState":8,"_cameraCFrame":[759.945,244.313,41.443,-0.989,-0.142,0.029,0,0.199,0.98,-0.145,0.97,-0.197],"_shiftlockState":true,"_pose":"Running","_animationQueue":[["walk",0.1],["fall",0.3],["walk",0.1]],"_animationSpeed":1.103,"_zoom":20.656},{"_mousePosition":[683,384],"_rootPartCFrame":[760.815,223.443,45.724,-0.989,0,0.145,0,1,0,-0.145,0,-0.989],"_humanoidState":3,"_cameraCFrame":[759.675,245.194,41.443,-0.989,-0.142,0.029,0,0.197,0.98,-0.145,0.97,-0.195],"_shiftlockState":true,"_pose":"Jumping","_animationQueue":[["walk",0.1],["jump",0.1]],"_animationSpeed":1,"_zoom":20.656},{"_mousePosition":[683,384],"_rootPartCFrame":[760.551,224.265,45.685,-0.972,0,0.236,0,1,0,-0.236,0,-0.972],"_humanoidState":5,"_cameraCFrame":[759.411,246.016,41.404,-0.989,-0.142,0.029,0,0.197,0.98,-0.145,0.97,-0.195],"_shiftlockState":true,"_pose":"FreeFall","_animationQueue":[["jump",0.1]],"_animationSpeed":1,"_zoom":20.656},{"_mousePosition":[683,384],"_rootPartCFrame":[760.287,225.033,45.646,-0.963,0,0.271,0,1,0,-0.271,0,-0.963],"_humanoidState":5,"_cameraCFrame":[759.147,246.784,41.365,-0.989,-0.142,0.029,0,0.197,0.98,-0.145,0.97,-0.195],"_shiftlockState":true,"_pose":"FreeFall","_animationQueue":[],"_animationSpeed":1,"_zoom":20.656},{"_mousePosition":[683,384],"_rootPartCFrame":[760.023,225.746,45.608,-0.961,0,0.275,0,1,0,-0.275,0,-0.961],"_humanoidState":5,"_cameraCFrame":[758.883,247.497,41.327,-0.989,-0.142,0.029,0,0.197,0.98,-0.145,0.97,-0.195],"_shiftlockState":true,"_pose":"FreeFall","_animationQueue":[],"_animationSpeed":1,"_zoom":20.656},{"_mousePosition":[683,384],"_rootPartCFrame":[759.759,226.404,45.569,-0.961,0,0.275,0,1,0,-0.275,0,-0.961],"_humanoidState":5,"_cameraCFrame":[758.62,248.155,41.288,-0.989,-0.142,0.029,0,0.197,0.98,-0.145,0.97,-0.195],"_shiftlockState":true,"_pose":"FreeFall","_animationQueue":[],"_animationSpeed":1,"_zoom":20.656},{"_mousePosition":[683,384],"_rootPartCFrame":[759.495,227.008,45.53,-0.961,0,0.276,0,1,0,-0.276,0,-0.961],"_humanoidState":5,"_cameraCFrame":[758.366,248.759,41.246,-0.989,-0.145,0.029,0,0.197,0.98,-0.148,0.97,-0.195],"_shiftlockState":true,"_pose":"FreeFall","_animationQueue":[],"_animationSpeed":1,"_zoom":20.656},{"_mousePosition":[683,384],"_rootPartCFrame":[759.232,227.558,45.491,-0.961,0,0.278,0,1,0,-0.278,0,-0.961],"_humanoidState":5,"_cameraCFrame":[758.107,249.317,41.244,-0.989,-0.147,0.029,0,0.195,0.981,-0.15,0.97,-0.193],"_shiftlockState":true,"_pose":"FreeFall","_animationQueue":[],"_animationSpeed":1,"_zoom":20.656},{"_mousePosition":[683,384],"_rootPartCFrame":[759.034,227.934,45.462,-0.969,0,0.248,0,1,0,-0.248,0,-0.969],"_humanoidState":5,"_cameraCFrame":[757.936,249.701,41.245,-0.987,-0.155,0.03,0,0.193,0.981,-0.158,0.969,-0.191],"_shiftlockState":true,"_pose":"FreeFall","_animationQueue":[],"_animationSpeed":1,"_zoom":20.656},{"_mousePosition":[683,384],"_rootPartCFrame":[758.77,228.388,45.422,-0.958,0,0.288,0,1,0,-0.288,0,-0.958],"_humanoidState":5,"_cameraCFrame":[757.723,250.171,41.266,-0.985,-0.17,0.033,0,0.189,0.982,-0.173,0.967,-0.187],"_shiftlockState":true,"_pose":"FreeFall","_animationQueue":[],"_animationSpeed":1,"_zoom":20.656},{"_mousePosition":[683,384],"_rootPartCFrame":[758.441,228.879,45.37,-0.943,0,0.334,0,1,0,-0.334,0,-0.943],"_humanoidState":5,"_cameraCFrame":[757.473,250.677,41.269,-0.981,-0.192,0.036,0,0.186,0.983,-0.195,0.964,-0.182],"_shiftlockState":true,"_pose":"FreeFall","_animationQueue":[],"_animationSpeed":1,"_zoom":20.656},{"_mousePosition":[683,384],"_rootPartCFrame":[758.244,229.133,45.336,-0.956,0,0.292,0,1,0,-0.292,0,-0.956],"_humanoidState":5,"_cameraCFrame":[757.373,250.945,41.287,-0.975,-0.219,0.04,0,0.182,0.983,-0.222,0.959,-0.177],"_shiftlockState":true,"_pose":"FreeFall","_animationQueue":[],"_animationSpeed":1,"_zoom":20.656},{"_mousePosition":[683,384],"_rootPartCFrame":[757.917,229.488,45.271,-0.925,0,0.381,0,1,0,-0.381,0,-0.925],"_humanoidState":5,"_cameraCFrame":[757.149,251.314,41.275,-0.968,-0.248,0.045,0,0.178,0.984,-0.252,0.952,-0.172],"_shiftlockState":true,"_pose":"FreeFall","_animationQueue":[],"_animationSpeed":1,"_zoom":20.656},{"_mousePosition":[683,384],"_rootPartCFrame":[757.721,229.66,45.228,-0.938,0,0.347,0,1,0,-0.347,0,-0.938],"_humanoidState":5,"_cameraCFrame":[757.043,251.501,41.287,-0.96,-0.275,0.049,0,0.174,0.985,-0.279,0.946,-0.167],"_shiftlockState":true,"_pose":"FreeFall","_animationQueue":[],"_animationSpeed":1,"_zoom":20.656},{"_mousePosition":[683,384],"_rootPartCFrame":[757.463,229.842,45.162,-0.915,0,0.404,0,1,0,-0.404,0,-0.915],"_humanoidState":5,"_cameraCFrame":[756.882,251.684,41.214,-0.953,-0.298,0.053,0,0.174,0.985,-0.303,0.939,-0.165],"_shiftlockState":true,"_pose":"FreeFall","_animationQueue":[],"_animationSpeed":1,"_zoom":20.656},{"_mousePosition":[683,384],"_rootPartCFrame":[757.207,229.969,45.089,-0.904,0,0.427,0,1,0,-0.427,0,-0.904],"_humanoidState":5,"_cameraCFrame":[756.736,251.811,41.126,-0.944,-0.324,0.057,0,0.174,0.985,-0.329,0.93,-0.164],"_shiftlockState":true,"_pose":"FreeFall","_animationQueue":[],"_animationSpeed":1,"_zoom":20.656},{"_mousePosition":[683,384],"_rootPartCFrame":[756.952,230.041,45.009,-0.892,0,0.452,0,1,0,-0.452,0,-0.892],"_humanoidState":5,"_cameraCFrame":[756.522,251.884,41.041,-0.941,-0.334,0.059,0,0.174,0.985,-0.339,0.927,-0.163],"_shiftlockState":true,"_pose":"FreeFall","_animationQueue":[],"_animationSpeed":1,"_zoom":20.656},{"_mousePosition":[683,384],"_rootPartCFrame":[756.637,230.055,44.9,-0.872,0,0.49,0,1,0,-0.49,0,-0.872],"_humanoidState":5,"_cameraCFrame":[756.207,251.898,40.933,-0.941,-0.334,0.059,0,0.174,0.985,-0.339,0.927,-0.163],"_shiftlockState":true,"_pose":"FreeFall","_animationQueue":[["fall",0.3]],"_animationSpeed":1,"_zoom":20.656},{"_mousePosition":[683,384],"_rootPartCFrame":[756.449,230.023,44.833,-0.902,0,0.431,0,1,0,-0.431,0,-0.902],"_humanoidState":5,"_cameraCFrame":[756.018,251.865,40.865,-0.941,-0.334,0.059,0,0.174,0.985,-0.339,0.927,-0.163],"_shiftlockState":true,"_pose":"FreeFall","_animationQueue":[],"_animationSpeed":1,"_zoom":20.656},{"_mousePosition":[683,384],"_rootPartCFrame":[756.198,229.932,44.742,-0.887,0,0.461,0,1,0,-0.461,0,-0.887],"_humanoidState":5,"_cameraCFrame":[755.767,251.774,40.775,-0.941,-0.334,0.059,0,0.174,0.985,-0.339,0.927,-0.163],"_shiftlockState":true,"_pose":"FreeFall","_animationQueue":[],"_animationSpeed":1,"_zoom":20.656},{"_mousePosition":[683,384],"_rootPartCFrame":[755.947,229.787,44.652,-0.887,0,0.461,0,1,0,-0.461,0,-0.887],"_humanoidState":5,"_cameraCFrame":[755.526,251.629,40.683,-0.94,-0.336,0.059,0,0.174,0.985,-0.341,0.926,-0.163],"_shiftlockState":true,"_pose":"FreeFall","_animationQueue":[],"_animationSpeed":1,"_zoom":20.656},{"_mousePosition":[683,384],"_rootPartCFrame":[755.696,229.587,44.562,-0.886,0,0.463,0,1,0,-0.463,0,-0.886],"_humanoidState":5,"_cameraCFrame":[755.296,251.429,40.591,-0.938,-0.341,0.06,0,0.174,0.985,-0.346,0.924,-0.163],"_shiftlockState":true,"_pose":"FreeFall","_animationQueue":[],"_animationSpeed":1,"_zoom":20.656},{"_mousePosition":[683,384],"_rootPartCFrame":[755.445,229.333,44.471,-0.884,0,0.468,0,1,0,-0.468,0,-0.884],"_humanoidState":5,"_cameraCFrame":[755.085,251.175,40.496,-0.935,-0.35,0.062,0,0.174,0.985,-0.356,0.92,-0.162],"_shiftlockState":true,"_pose":"FreeFall","_animationQueue":[],"_animationSpeed":1,"_zoom":20.656},{"_mousePosition":[683,384],"_rootPartCFrame":[755.195,229.024,44.379,-0.879,0,0.477,0,1,0,-0.477,0,-0.879],"_humanoidState":5,"_cameraCFrame":[754.865,250.866,40.401,-0.932,-0.357,0.063,0,0.174,0.985,-0.363,0.918,-0.162],"_shiftlockState":true,"_pose":"FreeFall","_animationQueue":[],"_animationSpeed":1,"_zoom":20.656},{"_mousePosition":[683,384],"_rootPartCFrame":[754.946,228.66,44.284,-0.875,0,0.483,0,1,0,-0.483,0,-0.875],"_humanoidState":5,"_cameraCFrame":[754.656,250.503,40.304,-0.928,-0.366,0.065,0,0.174,0.985,-0.372,0.914,-0.161],"_shiftlockState":true,"_pose":"FreeFall","_animationQueue":[["fall",0.3]],"_animationSpeed":1,"_zoom":20.656},{"_mousePosition":[683,384],"_rootPartCFrame":[754.697,228.243,44.188,-0.871,0,0.492,0,1,0,-0.492,0,-0.871],"_humanoidState":5,"_cameraCFrame":[754.468,250.085,40.203,-0.922,-0.38,0.067,0,0.174,0.985,-0.386,0.908,-0.16],"_shiftlockState":true,"_pose":"FreeFall","_animationQueue":[],"_animationSpeed":1,"_zoom":20.656},{"_mousePosition":[683,384],"_rootPartCFrame":[754.388,227.644,44.064,-0.846,0,0.534,0,1,0,-0.534,0,-0.846],"_humanoidState":5,"_cameraCFrame":[754.178,249.486,40.079,-0.92,-0.385,0.068,0,0.174,0.985,-0.391,0.907,-0.16],"_shiftlockState":true,"_pose":"FreeFall","_animationQueue":[],"_animationSpeed":1,"_zoom":20.656},{"_mousePosition":[683,384],"_rootPartCFrame":[754.203,227.243,43.988,-0.877,0,0.481,0,1,0,-0.481,0,-0.877],"_humanoidState":5,"_cameraCFrame":[754.044,249.086,40,-0.915,-0.396,0.07,0,0.174,0.985,-0.402,0.902,-0.159],"_shiftlockState":true,"_pose":"FreeFall","_animationQueue":[],"_animationSpeed":1,"_zoom":20.656},{"_mousePosition":[683,384],"_rootPartCFrame":[753.957,226.662,43.884,-0.854,0,0.52,0,1,0,-0.52,0,-0.854],"_humanoidState":5,"_cameraCFrame":[753.829,248.504,39.895,-0.912,-0.403,0.071,0,0.174,0.985,-0.409,0.899,-0.158],"_shiftlockState":true,"_pose":"FreeFall","_animationQueue":[],"_animationSpeed":1,"_zoom":20.656},{"_mousePosition":[683,384],"_rootPartCFrame":[753.652,225.859,43.75,-0.832,0,0.555,0,1,0,-0.555,0,-0.832],"_humanoidState":5,"_cameraCFrame":[753.544,247.701,39.76,-0.91,-0.408,0.072,0,0.174,0.985,-0.414,0.896,-0.158],"_shiftlockState":true,"_pose":"FreeFall","_animationQueue":[],"_animationSpeed":1,"_zoom":20.656},{"_mousePosition":[683,384],"_rootPartCFrame":[753.469,225.336,43.668,-0.864,0,0.503,0,1,0,-0.503,0,-0.864],"_humanoidState":5,"_cameraCFrame":[753.402,247.178,39.678,-0.906,-0.417,0.073,0,0.174,0.985,-0.423,0.892,-0.157],"_shiftlockState":true,"_pose":"FreeFall","_animationQueue":[["fall",0.3]],"_animationSpeed":1,"_zoom":20.656},{"_mousePosition":[683,384],"_rootPartCFrame":[753.227,224.591,43.558,-0.842,0,0.54,0,1,0,-0.54,0,-0.842],"_humanoidState":5,"_cameraCFrame":[753.189,246.433,39.567,-0.903,-0.423,0.075,0,0.174,0.985,-0.43,0.889,-0.157],"_shiftlockState":true,"_pose":"FreeFall","_animationQueue":[],"_animationSpeed":1,"_zoom":20.656},{"_mousePosition":[683,384],"_rootPartCFrame":[752.985,223.792,43.446,-0.838,0,0.546,0,1,0,-0.546,0,-0.838],"_humanoidState":5,"_cameraCFrame":[752.988,245.634,39.455,-0.898,-0.432,0.076,0,0.174,0.985,-0.439,0.885,-0.156],"_shiftlockState":true,"_pose":"FreeFall","_animationQueue":[],"_animationSpeed":1,"_zoom":20.656},{"_mousePosition":[683,384],"_rootPartCFrame":[752.744,222.938,43.331,-0.882,0,0.471,0,1,0,-0.471,0,-0.882],"_humanoidState":7,"_cameraCFrame":[752.777,244.78,39.34,-0.895,-0.439,0.077,0,0.174,0.985,-0.446,0.881,-0.155],"_shiftlockState":true,"_pose":"FreeFall","_animationQueue":[["walk",0.1],["fall",0.3],["fall",0.3]],"_animationSpeed":1,"_zoom":20.656},{"_mousePosition":[683,384],"_rootPartCFrame":[752.504,222.336,43.214,-0.894,0,0.448,0,1,0,-0.448,0,-0.894],"_humanoidState":7,"_cameraCFrame":[752.548,244.178,39.224,-0.894,-0.441,0.078,0,0.174,0.985,-0.448,0.88,-0.155],"_shiftlockState":true,"_pose":"FreeFall","_animationQueue":[],"_animationSpeed":1,"_zoom":20.656},{"_mousePosition":[683,384],"_rootPartCFrame":[752.266,222.414,43.096,-0.894,0,0.448,0,1,0,-0.448,0,-0.894],"_humanoidState":8,"_cameraCFrame":[752.309,244.256,39.105,-0.894,-0.441,0.078,0,0.174,0.985,-0.448,0.88,-0.155],"_shiftlockState":true,"_pose":"Running","_animationQueue":[["walk",0.1],["fall",0.3],["walk",0.1]],"_animationSpeed":1.103,"_zoom":20.656},{"_mousePosition":[683,384],"_rootPartCFrame":[752.027,222.532,42.976,-0.894,0,0.448,0,1,0,-0.448,0,-0.894],"_humanoidState":8,"_cameraCFrame":[752.07,244.374,38.986,-0.894,-0.441,0.078,0,0.174,0.985,-0.448,0.88,-0.155],"_shiftlockState":true,"_pose":"Running","_animationQueue":[],"_animationSpeed":1.103,"_zoom":20.656},{"_mousePosition":[683,384],"_rootPartCFrame":[751.729,222.619,42.827,-0.894,0,0.448,0,1,0,-0.448,0,-0.894],"_humanoidState":8,"_cameraCFrame":[751.773,244.461,38.836,-0.894,-0.441,0.078,0,0.174,0.985,-0.448,0.88,-0.155],"_shiftlockState":true,"_pose":"Running","_animationQueue":[["walk",0.1]],"_animationSpeed":1.103,"_zoom":20.656},{"_mousePosition":[683,384],"_rootPartCFrame":[751.551,222.648,42.737,-0.894,0,0.448,0,1,0,-0.448,0,-0.894],"_humanoidState":8,"_cameraCFrame":[751.594,244.491,38.747,-0.894,-0.441,0.078,0,0.174,0.985,-0.448,0.88,-0.155],"_shiftlockState":true,"_pose":"Running","_animationQueue":[],"_animationSpeed":1.103,"_zoom":20.656},{"_mousePosition":[683,384],"_rootPartCFrame":[751.312,222.672,42.618,-0.894,0,0.448,0,1,0,-0.448,0,-0.894],"_humanoidState":8,"_cameraCFrame":[751.366,244.514,38.627,-0.893,-0.444,0.078,0,0.174,0.985,-0.45,0.879,-0.155],"_shiftlockState":true,"_pose":"Running","_animationQueue":[],"_animationSpeed":1.103,"_zoom":20.656},{"_mousePosition":[683,384],"_rootPartCFrame":[751.074,222.684,42.498,-0.893,0,0.45,0,1,0,-0.45,0,-0.893],"_humanoidState":8,"_cameraCFrame":[751.087,244.527,38.507,-0.897,-0.435,0.077,0,0.174,0.985,-0.441,0.884,-0.156],"_shiftlockState":true,"_pose":"Running","_animationQueue":[],"_animationSpeed":1.103,"_zoom":20.656},{"_mousePosition":[683,384],"_rootPartCFrame":[750.776,223.755,42.349,-0.897,0,0.441,0,1,0,-0.441,0,-0.897],"_humanoidState":3,"_cameraCFrame":[750.718,245.597,38.358,-0.905,-0.419,0.074,0,0.174,0.985,-0.425,0.891,-0.157],"_shiftlockState":true,"_pose":"Jumping","_animationQueue":[["walk",0.1],["jump",0.1]],"_animationSpeed":1,"_zoom":20.656},{"_mousePosition":[683,384],"_rootPartCFrame":[750.597,224.356,42.26,-0.877,0,0.481,0,1,0,-0.481,0,-0.877],"_humanoidState":5,"_cameraCFrame":[750.438,246.198,38.273,-0.915,-0.396,0.07,0,0.174,0.985,-0.402,0.902,-0.159],"_shiftlockState":true,"_pose":"FreeFall","_animationQueue":[["jump",0.1]],"_animationSpeed":1,"_zoom":20.656},{"_mousePosition":[683,384],"_rootPartCFrame":[750.356,225.11,42.146,-0.858,0,0.513,0,1,0,-0.513,0,-0.858],"_humanoidState":5,"_cameraCFrame":[750.066,246.952,38.166,-0.928,-0.366,0.065,0,0.174,0.985,-0.372,0.914,-0.161],"_shiftlockState":true,"_pose":"FreeFall","_animationQueue":[],"_animationSpeed":1,"_zoom":20.656},{"_mousePosition":[683,384],"_rootPartCFrame":[750.112,225.809,42.038,-0.871,0,0.491,0,1,0,-0.491,0,-0.871],"_humanoidState":5,"_cameraCFrame":[749.681,247.651,38.07,-0.941,-0.334,0.059,0,0.174,0.985,-0.339,0.927,-0.163],"_shiftlockState":true,"_pose":"FreeFall","_animationQueue":[],"_animationSpeed":1,"_zoom":20.656},{"_mousePosition":[683,384],"_rootPartCFrame":[749.803,226.607,41.913,-0.872,0,0.49,0,1,0,-0.49,0,-0.872],"_humanoidState":5,"_cameraCFrame":[749.232,248.449,37.963,-0.952,-0.301,0.053,0,0.174,0.985,-0.305,0.938,-0.165],"_shiftlockState":true,"_pose":"FreeFall","_animationQueue":[],"_animationSpeed":1,"_zoom":20.656},{"_mousePosition":[683,384],"_rootPartCFrame":[749.553,227.183,41.821,-0.903,0,0.429,0,1,0,-0.429,0,-0.903],"_humanoidState":5,"_cameraCFrame":[748.822,249.026,37.898,-0.964,-0.263,0.046,0,0.174,0.985,-0.267,0.949,-0.167],"_shiftlockState":true,"_pose":"FreeFall","_animationQueue":[],"_animationSpeed":1,"_zoom":20.656},{"_mousePosition":[683,384],"_rootPartCFrame":[749.299,227.706,41.738,-0.92,0,0.392,0,1,0,-0.392,0,-0.92],"_humanoidState":5,"_cameraCFrame":[748.411,249.548,37.848,-0.974,-0.224,0.039,0,0.174,0.985,-0.227,0.959,-0.169],"_shiftlockState":true,"_pose":"FreeFall","_animationQueue":[],"_animationSpeed":1,"_zoom":20.656},{"_mousePosition":[683,384],"_rootPartCFrame":[749.107,228.062,41.684,-0.946,0,0.323,0,1,0,-0.323,0,-0.946],"_humanoidState":5,"_cameraCFrame":[748.042,249.904,37.837,-0.983,-0.18,0.032,0,0.174,0.985,-0.183,0.968,-0.171],"_shiftlockState":true,"_pose":"FreeFall","_animationQueue":[],"_animationSpeed":1,"_zoom":20.656},{"_mousePosition":[683,384],"_rootPartCFrame":[748.848,228.488,41.621,-0.95,0,0.312,0,1,0,-0.312,0,-0.95],"_humanoidState":5,"_cameraCFrame":[747.571,250.331,37.84,-0.992,-0.126,0.022,0,0.174,0.985,-0.128,0.977,-0.172],"_shiftlockState":true,"_pose":"FreeFall","_animationQueue":[],"_animationSpeed":1,"_zoom":20.656},{"_mousePosition":[683,384],"_rootPartCFrame":[748.586,228.861,41.571,-0.966,0,0.258,0,1,0,-0.258,0,-0.966],"_humanoidState":5,"_cameraCFrame":[747.063,250.703,37.882,-0.998,-0.061,0.011,0,0.174,0.985,-0.062,0.983,-0.173],"_shiftlockState":true,"_pose":"FreeFall","_animationQueue":[],"_animationSpeed":1,"_zoom":20.656},{"_mousePosition":[683,384],"_rootPartCFrame":[748.322,229.179,41.535,-0.981,0,0.194,0,1,0,-0.194,0,-0.981],"_humanoidState":5,"_cameraCFrame":[746.407,251.021,38.033,-0.999,0.046,-0.008,0,0.174,0.985,0.046,0.984,-0.173],"_shiftlockState":true,"_pose":"FreeFall","_animationQueue":[],"_animationSpeed":1,"_zoom":20.656},{"_mousePosition":[683,384],"_rootPartCFrame":[748.056,229.442,41.515,-0.996,0,0.087,0,1,0,-0.087,0,-0.996],"_humanoidState":5,"_cameraCFrame":[745.881,251.284,38.168,-0.993,0.12,-0.021,0,0.174,0.985,0.122,0.977,-0.172],"_shiftlockState":true,"_pose":"FreeFall","_animationQueue":[],"_animationSpeed":1,"_zoom":20.656},{"_mousePosition":[683,384],"_rootPartCFrame":[747.79,229.651,41.519,-1,0,0.011,0,1,0,-0.011,0,-1],"_humanoidState":5,"_cameraCFrame":[745.383,251.493,38.335,-0.981,0.189,-0.033,0,0.174,0.985,0.192,0.966,-0.17],"_shiftlockState":true,"_pose":"FreeFall","_animationQueue":[],"_animationSpeed":1,"_zoom":20.656},{"_mousePosition":[683,384],"_rootPartCFrame":[747.458,229.836,41.555,-1,0,-0.027,0,1,0,0.027,0,-1],"_humanoidState":5,"_cameraCFrame":[744.848,251.678,38.536,-0.967,0.252,-0.044,0,0.174,0.985,0.256,0.952,-0.168],"_shiftlockState":true,"_pose":"FreeFall","_animationQueue":[],"_animationSpeed":1,"_zoom":20.656},{"_mousePosition":[683,384],"_rootPartCFrame":[747.262,229.905,41.59,-0.987,0,-0.158,0,1,0,0.158,0,-0.987],"_humanoidState":5,"_cameraCFrame":[744.473,251.748,38.735,-0.949,0.31,-0.055,0,0.174,0.985,0.314,0.935,-0.165],"_shiftlockState":true,"_pose":"FreeFall","_animationQueue":[],"_animationSpeed":1,"_zoom":20.656},{"_mousePosition":[683,384],"_rootPartCFrame":[746.939,229.954,41.672,-0.988,0,-0.153,0,1,0,0.153,0,-0.988],"_humanoidState":5,"_cameraCFrame":[744.002,251.796,38.969,-0.931,0.359,-0.063,0,0.174,0.985,0.364,0.917,-0.162],"_shiftlockState":true,"_pose":"FreeFall","_animationQueue":[],"_animationSpeed":1,"_zoom":20.656},{"_mousePosition":[683,384],"_rootPartCFrame":[746.748,229.942,41.732,-0.963,0,-0.27,0,1,0,0.27,0,-0.963],"_humanoidState":5,"_cameraCFrame":[743.679,251.784,39.182,-0.912,0.405,-0.071,0,0.174,0.985,0.411,0.898,-0.158],"_shiftlockState":true,"_pose":"FreeFall","_animationQueue":[],"_animationSpeed":1,"_zoom":20.656},{"_mousePosition":[683,384],"_rootPartCFrame":[746.437,229.854,41.852,-0.967,0,-0.254,0,1,0,0.254,0,-0.967],"_humanoidState":5,"_cameraCFrame":[743.248,251.696,39.451,-0.891,0.447,-0.079,0,0.174,0.985,0.454,0.877,-0.155],"_shiftlockState":true,"_pose":"FreeFall","_animationQueue":[["fall",0.3]],"_animationSpeed":1,"_zoom":20.656},{"_mousePosition":[683,384],"_rootPartCFrame":[746.254,229.76,41.932,-0.932,0,-0.363,0,1,0,0.363,0,-0.932],"_humanoidState":5,"_cameraCFrame":[742.954,251.602,39.688,-0.868,0.489,-0.086,0,0.174,0.985,0.497,0.855,-0.151],"_shiftlockState":true,"_pose":"FreeFall","_animationQueue":[],"_animationSpeed":1,"_zoom":20.656},{"_mousePosition":[683,384],"_rootPartCFrame":[746.016,229.587,42.051,-0.926,0,-0.377,0,1,0,0.377,0,-0.926],"_humanoidState":5,"_cameraCFrame":[742.606,251.429,39.977,-0.842,0.532,-0.094,0,0.174,0.985,0.54,0.829,-0.146],"_shiftlockState":true,"_pose":"FreeFall","_animationQueue":[],"_animationSpeed":1,"_zoom":20.656},{"_mousePosition":[683,384],"_rootPartCFrame":[745.783,229.36,42.182,-0.906,0,-0.423,0,1,0,0.423,0,-0.906],"_humanoidState":5,"_cameraCFrame":[742.268,251.202,40.292,-0.812,0.575,-0.101,0,0.174,0.985,0.584,0.8,-0.141],"_shiftlockState":true,"_pose":"FreeFall","_animationQueue":[],"_animationSpeed":1,"_zoom":20.656},{"_mousePosition":[683,384],"_rootPartCFrame":[745.558,229.079,42.324,-0.882,0,-0.471,0,1,0,0.471,0,-0.882],"_humanoidState":5,"_cameraCFrame":[741.947,250.921,40.623,-0.78,0.617,-0.109,0,0.174,0.985,0.626,0.768,-0.135],"_shiftlockState":true,"_pose":"FreeFall","_animationQueue":[],"_animationSpeed":1,"_zoom":20.656},{"_mousePosition":[683,384],"_rootPartCFrame":[745.34,228.742,42.478,-0.856,0,-0.517,0,1,0,0.517,0,-0.856],"_humanoidState":5,"_cameraCFrame":[741.604,250.585,41.075,-0.726,0.677,-0.119,0,0.174,0.985,0.687,0.715,-0.126],"_shiftlockState":true,"_pose":"FreeFall","_animationQueue":[],"_animationSpeed":1,"_zoom":20.656},{"_mousePosition":[683,384],"_rootPartCFrame":[745.131,228.352,42.644,-0.811,0,-0.585,0,1,0,0.585,0,-0.811],"_humanoidState":5,"_cameraCFrame":[741.325,250.194,41.441,-0.689,0.714,-0.126,0,0.174,0.985,0.725,0.678,-0.12],"_shiftlockState":true,"_pose":"FreeFall","_animationQueue":[],"_animationSpeed":1,"_zoom":20.656},{"_mousePosition":[683,384],"_rootPartCFrame":[744.934,227.907,42.823,-0.779,0,-0.627,0,1,0,0.627,0,-0.779],"_humanoidState":5,"_cameraCFrame":[741.07,249.749,41.824,-0.649,0.749,-0.132,0,0.174,0.985,0.76,0.64,-0.113],"_shiftlockState":true,"_pose":"FreeFall","_animationQueue":[["fall",0.3]],"_animationSpeed":1,"_zoom":20.656},{"_mousePosition":[683,384],"_rootPartCFrame":[744.749,227.407,43.015,-0.745,0,-0.667,0,1,0,0.667,0,-0.745],"_humanoidState":5,"_cameraCFrame":[740.837,249.249,42.223,-0.608,0.782,-0.138,0,0.174,0.985,0.794,0.599,-0.106],"_shiftlockState":true,"_pose":"FreeFall","_animationQueue":[],"_animationSpeed":1,"_zoom":20.656},{"_mousePosition":[683,384],"_rootPartCFrame":[744.574,226.853,43.216,-0.708,0,-0.706,0,1,0,0.706,0,-0.708],"_humanoidState":5,"_cameraCFrame":[740.627,248.695,42.623,-0.567,0.811,-0.143,0,0.174,0.985,0.824,0.559,-0.098],"_shiftlockState":true,"_pose":"FreeFall","_animationQueue":[],"_animationSpeed":1,"_zoom":20.656},{"_mousePosition":[683,384],"_rootPartCFrame":[744.369,226.084,43.48,-0.696,0,-0.718,0,1,0,0.718,0,-0.696],"_humanoidState":5,"_cameraCFrame":[740.4,247.926,43.067,-0.529,0.