[{"_mousePosition":[622,375],"_rootPartCFrame":[776.023,222.7,47.142,0.003,0,1,0,1,0,-1,0,0.003],"_humanoidState":8,"_cameraCFrame":[780.452,244.268,49.225,0.426,-0.879,0.214,0,0.237,0.972,-0.905,-0.413,0.101],"_shiftlockState":false,"_pose":"Standing","_animationQueue":[],"_animationSpeed":1,"_zoom":20.656},{"_mousePosition":[622,375],"_rootPartCFrame":[775.869,222.7,47.068,0.047,0,0.999,0,1,0,-0.999,0,0.047],"_humanoidState":8,"_cameraCFrame":[780.247,244.287,49.073,0.416,-0.884,0.212,0,0.233,0.972,-0.909,-0.405,0.097],"_shiftlockState":false,"_pose":"Standing","_animationQueue":[],"_animationSpeed":1,"_zoom":20.656},{"_mousePosition":[622,375],"_rootPartCFrame":[775.629,222.7,46.955,0.1,0,0.995,0,1,0,-0.995,0,0.1],"_humanoidState":8,"_cameraCFrame":[779.966,244.305,48.862,0.403,-0.891,0.21,0,0.229,0.973,-0.915,-0.392,0.092],"_shiftlockState":false,"_pose":"Running","_animationQueue":[["walk",0.1]],"_animationSpeed":1.003,"_zoom":20.656},{"_mousePosition":[622,375],"_rootPartCFrame":[775.387,222.7,46.844,0.144,0,0.99,0,1,0,-0.99,0,0.144],"_humanoidState":8,"_cameraCFrame":[779.643,244.332,48.639,0.389,-0.898,0.206,0,0.224,0.975,-0.921,-0.379,0.087],"_shiftlockState":false,"_pose":"Running","_animationQueue":[["walk",0.1]],"_animationSpeed":1.101,"_zoom":20.656},{"_mousePosition":[622,375],"_rootPartCFrame":[775.021,222.7,46.682,0.198,0,0.98,0,1,0,-0.98,0,0.198],"_humanoidState":8,"_cameraCFrame":[779.236,244.35,48.372,0.372,-0.905,0.204,0,0.22,0.976,-0.928,-0.363,0.082],"_shiftlockState":false,"_pose":"Running","_animationQueue":[],"_animationSpeed":1.101,"_zoom":20.656},{"_mousePosition":[622,375],"_rootPartCFrame":[774.898,222.7,46.63,0.212,0,0.977,0,1,0,-0.977,0,0.212],"_humanoidState":8,"_cameraCFrame":[779.065,244.368,48.228,0.358,-0.912,0.202,0,0.216,0.976,-0.934,-0.35,0.077],"_shiftlockState":false,"_pose":"Running","_animationQueue":[],"_animationSpeed":1.101,"_zoom":20.656},{"_mousePosition":[622,375],"_rootPartCFrame":[774.651,222.7,46.531,0.234,0,0.972,0,1,0,-0.972,0,0.234],"_humanoidState":8,"_cameraCFrame":[778.804,244.377,48.051,0.344,-0.917,0.201,0,0.214,0.977,-0.939,-0.336,0.074],"_shiftlockState":false,"_pose":"Running","_animationQueue":[],"_animationSpeed":1.101,"_zoom":20.656},{"_mousePosition":[622,375],"_rootPartCFrame":[774.402,222.7,46.435,0.251,0,0.968,0,1,0,-0.968,0,0.251],"_humanoidState":8,"_cameraCFrame":[778.545,244.385,47.869,0.327,-0.923,0.201,0,0.212,0.977,-0.945,-0.32,0.069],"_shiftlockState":false,"_pose":"Running","_animationQueue":[["walk",0.1]],"_animationSpeed":1.101,"_zoom":20.656},{"_mousePosition":[622,375],"_rootPartCFrame":[774.152,222.7,46.343,0.264,0,0.964,0,1,0,-0.964,0,0.264],"_humanoidState":8,"_cameraCFrame":[778.319,244.385,47.703,0.31,-0.929,0.202,0,0.212,0.977,-0.951,-0.303,0.066],"_shiftlockState":false,"_pose":"Running","_animationQueue":[],"_animationSpeed":1.101,"_zoom":20.656},{"_mousePosition":[622,375],"_rootPartCFrame":[773.9,222.7,46.255,0.273,0,0.962,0,1,0,-0.962,0,0.273],"_humanoidState":8,"_cameraCFrame":[778.069,244.394,47.477,0.281,-0.938,0.202,0,0.21,0.978,-0.96,-0.275,0.059],"_shiftlockState":false,"_pose":"Running","_animationQueue":[],"_animationSpeed":1.101,"_zoom":20.656},{"_mousePosition":[622,375],"_rootPartCFrame":[773.647,222.7,46.172,0.278,0,0.96,0,1,0,-0.96,0,0.278],"_humanoidState":8,"_cameraCFrame":[777.839,244.394,47.31,0.262,-0.944,0.203,0,0.21,0.978,-0.965,-0.256,0.055],"_shiftlockState":false,"_pose":"Running","_animationQueue":[],"_animationSpeed":1.101,"_zoom":20.656},{"_mousePosition":[622,375],"_rootPartCFrame":[773.391,222.7,46.096,0.279,0,0.96,0,1,0,-0.96,0,0.279],"_humanoidState":8,"_cameraCFrame":[777.6,244.394,47.17,0.247,-0.947,0.204,0,0.21,0.978,-0.969,-0.242,0.052],"_shiftlockState":false,"_pose":"Running","_animationQueue":[],"_animationSpeed":1.101,"_zoom":20.656},{"_mousePosition":[622,375],"_rootPartCFrame":[773.134,222.7,46.026,0.277,0,0.961,0,1,0,-0.961,0,0.277],"_humanoidState":8,"_cameraCFrame":[777.359,244.394,47.036,0.232,-0.951,0.205,0,0.21,0.978,-0.973,-0.227,0.049],"_shiftlockState":false,"_pose":"Running","_animationQueue":[],"_animationSpeed":1.101,"_zoom":20.656},{"_mousePosition":[622,375],"_rootPartCFrame":[772.875,222.7,45.96,0.273,0,0.962,0,1,0,-0.962,0,0.273],"_humanoidState":8,"_cameraCFrame":[777.113,244.394,46.916,0.22,-0.954,0.205,0,0.21,0.978,-0.975,-0.215,0.046],"_shiftlockState":false,"_pose":"Running","_animationQueue":[["walk",0.1]],"_animationSpeed":1.101,"_zoom":20.656},{"_mousePosition":[622,375],"_rootPartCFrame":[772.616,222.7,45.898,0.268,0,0.963,0,1,0,-0.963,0,0.268],"_humanoidState":8,"_cameraCFrame":[776.859,244.394,46.832,0.215,-0.955,0.205,0,0.21,0.978,-0.977,-0.21,0.045],"_shiftlockState":false,"_pose":"Running","_animationQueue":[],"_animationSpeed":1.101,"_zoom":20.656},{"_mousePosition":[622,375],"_rootPartCFrame":[772.356,222.7,45.839,0.262,0,0.965,0,1,0,-0.965,0,0.262],"_humanoidState":8,"_cameraCFrame":[776.603,244.394,46.752,0.21,-0.956,0.206,0,0.21,0.978,-0.978,-0.206,0.044],"_shiftlockState":false,"_pose":"Running","_animationQueue":[],"_animationSpeed":1.101,"_zoom":20.656},{"_mousePosition":[622,375],"_rootPartCFrame":[772.095,222.7,45.781,0.256,0,0.967,0,1,0,-0.967,0,0.256],"_humanoidState":8,"_cameraCFrame":[776.343,244.394,46.694,0.21,-0.956,0.206,0,0.21,0.978,-0.978,-0.206,0.044],"_shiftlockState":false,"_pose":"Running","_animationQueue":[],"_animationSpeed":1.101,"_zoom":20.656},{"_mousePosition":[622,375],"_rootPartCFrame":[771.835,222.7,45.725,0.25,0,0.968,0,1,0,-0.968,0,0.25],"_humanoidState":8,"_cameraCFrame":[776.082,244.394,46.638,0.21,-0.956,0.206,0,0.21,0.978,-0.978,-0.206,0.044],"_shiftlockState":false,"_pose":"Running","_animationQueue":[],"_animationSpeed":1.101,"_zoom":20.656},{"_mousePosition":[622,375],"_rootPartCFrame":[771.574,222.7,45.669,0.244,0,0.97,0,1,0,-0.97,0,0.244],"_humanoidState":8,"_cameraCFrame":[775.821,244.394,46.582,0.21,-0.956,0.206,0,0.21,0.978,-0.978,-0.206,0.044],"_shiftlockState":false,"_pose":"Running","_animationQueue":[],"_animationSpeed":1.101,"_zoom":20.656},{"_mousePosition":[622,375],"_rootPartCFrame":[771.313,222.7,45.613,0.24,0,0.971,0,1,0,-0.971,0,0.24],"_humanoidState":8,"_cameraCFrame":[775.561,244.394,46.526,0.21,-0.956,0.206,0,0.21,0.978,-0.978,-0.206,0.044],"_shiftlockState":false,"_pose":"Running","_animationQueue":[],"_animationSpeed":1.101,"_zoom":20.656},{"_mousePosition":[622,375],"_rootPartCFrame":[771.053,222.7,45.557,0.236,0,0.972,0,1,0,-0.972,0,0.236],"_humanoidState":8,"_cameraCFrame":[775.3,244.394,46.47,0.21,-0.956,0.206,0,0.21,0.978,-0.978,-0.206,0.044],"_shiftlockState":false,"_pose":"Running","_animationQueue":[["walk",0.1]],"_animationSpeed":1.101,"_zoom":20.656},{"_mousePosition":[622,375],"_rootPartCFrame":[770.792,222.7,45.501,0.232,0,0.973,0,1,0,-0.973,0,0.232],"_humanoidState":8,"_cameraCFrame":[775.039,244.394,46.414,0.21,-0.956,0.206,0,0.21,0.978,-0.978,-0.206,0.044],"_shiftlockState":false,"_pose":"Running","_animationQueue":[],"_animationSpeed":1.101,"_zoom":20.656},{"_mousePosition":[622,375],"_rootPartCFrame":[770.531,222.7,45.445,0.229,0,0.973,0,1,0,-0.973,0,0.229],"_humanoidState":8,"_cameraCFrame":[774.778,244.394,46.358,0.21,-0.956,0.206,0,0.21,0.978,-0.978,-0.206,0.044],"_shiftlockState":false,"_pose":"Running","_animationQueue":[],"_animationSpeed":1.101,"_zoom":20.656},{"_mousePosition":[622,375],"_rootPartCFrame":[770.27,222.7,45.389,0.227,0,0.974,0,1,0,-0.974,0,0.227],"_humanoidState":8,"_cameraCFrame":[774.518,244.394,46.302,0.21,-0.956,0.206,0,0.21,0.978,-0.978,-0.206,0.044],"_shiftlockState":false,"_pose":"Running","_animationQueue":[],"_animationSpeed":1.101,"_zoom":20.656},{"_mousePosition":[622,375],"_rootPartCFrame":[770.01,222.666,45.333,0.224,0,0.975,0,1,0,-0.975,0,0.224],"_humanoidState":8,"_cameraCFrame":[774.257,244.36,46.246,0.21,-0.956,0.206,0,0.21,0.978,-0.978,-0.206,0.044],"_shiftlockState":false,"_pose":"Running","_animationQueue":[],"_animationSpeed":1.101,"_zoom":20.656},{"_mousePosition":[622,375],"_rootPartCFrame":[769.749,222.577,45.277,0.222,0,0.975,0,1,0,-0.975,0,0.222],"_humanoidState":8,"_cameraCFrame":[773.991,244.271,46.211,0.215,-0.955,0.205,0,0.21,0.978,-0.977,-0.21,0.045],"_shiftlockState":false,"_pose":"Running","_animationQueue":[],"_animationSpeed":1.101,"_zoom":20.656},{"_mousePosition":[622,375],"_rootPartCFrame":[769.488,222.434,45.221,0.219,0,0.976,0,1,0,-0.976,0,0.219],"_humanoidState":8,"_cameraCFrame":[773.798,244.111,46.216,0.225,-0.952,0.209,0,0.214,0.977,-0.974,-0.22,0.048],"_shiftlockState":false,"_pose":"Running","_animationQueue":[["walk",0.1]],"_animationSpeed":1.101,"_zoom":20.656},{"_mousePosition":[622,375],"_rootPartCFrame":[769.227,223.307,45.164,0.217,0,0.976,0,1,0,-0.976,0,0.217],"_humanoidState":3,"_cameraCFrame":[773.562,244.975,46.224,0.237,-0.948,0.21,0,0.216,0.976,-0.971,-0.232,0.051],"_shiftlockState":false,"_pose":"Jumping","_animationQueue":[["walk",0.1],["jump",0.1]],"_animationSpeed":1,"_zoom":20.656},{"_mousePosition":[622,375],"_rootPartCFrame":[768.967,224.129,45.105,0.217,0,0.976,0,1,0,-0.976,0,0.217],"_humanoidState":5,"_cameraCFrame":[773.356,245.78,46.272,0.257,-0.943,0.212,0,0.22,0.976,-0.966,-0.251,0.056],"_shiftlockState":false,"_pose":"FreeFall","_animationQueue":[["jump",0.1]],"_animationSpeed":1,"_zoom":20.656},{"_mousePosition":[622,375],"_rootPartCFrame":[768.708,224.897,45.042,0.219,0,0.976,0,1,0,-0.976,0,0.219],"_humanoidState":5,"_cameraCFrame":[773.11,246.538,46.309,0.276,-0.937,0.213,0,0.222,0.975,-0.961,-0.27,0.061],"_shiftlockState":false,"_pose":"FreeFall","_animationQueue":[],"_animationSpeed":1,"_zoom":20.656},{"_mousePosition":[622,375],"_rootPartCFrame":[768.45,225.61,44.974,0.223,0,0.975,0,1,0,-0.975,0,0.223],"_humanoidState":5,"_cameraCFrame":[772.866,247.242,46.33,0.293,-0.932,0.214,0,0.224,0.975,-0.956,-0.286,0.066],"_shiftlockState":false,"_pose":"FreeFall","_animationQueue":[],"_animationSpeed":1,"_zoom":20.656},{"_mousePosition":[622,375],"_rootPartCFrame":[768.194,226.268,44.902,0.229,0,0.973,0,1,0,-0.973,0,0.229],"_humanoidState":5,"_cameraCFrame":[772.626,247.892,46.336,0.308,-0.927,0.215,0,0.226,0.974,-0.951,-0.3,0.069],"_shiftlockState":false,"_pose":"FreeFall","_animationQueue":[],"_animationSpeed":1,"_zoom":20.656},{"_mousePosition":[622,375],"_rootPartCFrame":[767.875,227.015,44.804,0.24,0,0.971,0,1,0,-0.971,0,0.24],"_humanoidState":5,"_cameraCFrame":[772.292,248.638,46.284,0.318,-0.924,0.214,0,0.226,0.974,-0.948,-0.309,0.072],"_shiftlockState":false,"_pose":"FreeFall","_animationQueue":[],"_animationSpeed":1,"_zoom":20.656},{"_mousePosition":[622,375],"_rootPartCFrame":[767.685,227.422,44.743,0.246,0,0.969,0,1,0,-0.969,0,0.246],"_humanoidState":5,"_cameraCFrame":[772.102,249.046,46.223,0.318,-0.924,0.214,0,0.226,0.974,-0.948,-0.309,0.072],"_shiftlockState":false,"_pose":"FreeFall","_animationQueue":[],"_animationSpeed":1,"_zoom":20.656},{"_mousePosition":[622,375],"_rootPartCFrame":[767.432,227.917,44.659,0.256,0,0.967,0,1,0,-0.967,0,0.256],"_humanoidState":5,"_cameraCFrame":[771.845,249.541,46.15,0.32,-0.923,0.214,0,0.226,0.974,-0.947,-0.312,0.072],"_shiftlockState":false,"_pose":"FreeFall","_animationQueue":[],"_animationSpeed":1,"_zoom":20.656},{"_mousePosition":[622,375],"_rootPartCFrame":[767.179,228.357,44.574,0.264,0,0.964,0,1,0,-0.964,0,0.264],"_humanoidState":5,"_cameraCFrame":[771.592,249.981,46.065,0.32,-0.923,0.214,0,0.226,0.974,-0.947,-0.312,0.072],"_shiftlockState":false,"_pose":"FreeFall","_animationQueue":[],"_animationSpeed":1,"_zoom":20.656},{"_mousePosition":[622,375],"_rootPartCFrame":[766.926,228.743,44.489,0.272,0,0.962,0,1,0,-0.962,0,0.272],"_humanoidState":5,"_cameraCFrame":[771.369,250.358,46.015,0.325,-0.921,0.215,0,0.227,0.974,-0.946,-0.316,0.074],"_shiftlockState":false,"_pose":"FreeFall","_animationQueue":[],"_animationSpeed":1,"_zoom":20.656},{"_mousePosition":[622,375],"_rootPartCFrame":[766.673,229.075,44.404,0.279,0,0.96,0,1,0,-0.96,0,0.279],"_humanoidState":5,"_cameraCFrame":[771.105,250.689,45.963,0.332,-0.919,0.215,0,0.227,0.974,-0.943,-0.323,0.075],"_shiftlockState":false,"_pose":"FreeFall","_animationQueue":[],"_animationSpeed":1,"_zoom":20.656},{"_mousePosition":[622,375],"_rootPartCFrame":[766.421,229.352,44.317,0.285,0,0.958,0,1,0,-0.958,0,0.285],"_humanoidState":5,"_cameraCFrame":[770.877,250.957,45.924,0.339,-0.916,0.216,0,0.229,0.973,-0.941,-0.33,0.078],"_shiftlockState":false,"_pose":"FreeFall","_animationQueue":[],"_animationSpeed":1,"_zoom":20.656},{"_mousePosition":[622,375],"_rootPartCFrame":[766.169,229.574,44.229,0.291,0,0.957,0,1,0,-0.957,0,0.291],"_humanoidState":5,"_cameraCFrame":[770.614,251.18,45.869,0.346,-0.913,0.215,0,0.229,0.973,-0.938,-0.337,0.079],"_shiftlockState":false,"_pose":"FreeFall","_animationQueue":[],"_animationSpeed":1,"_zoom":20.656},{"_mousePosition":[622,375],"_rootPartCFrame":[765.918,229.742,44.139,0.298,0,0.955,0,1,0,-0.955,0,0.298],"_humanoidState":5,"_cameraCFrame":[770.391,251.339,45.815,0.351,-0.911,0.217,0,0.231,0.973,-0.936,-0.341,0.081],"_shiftlockState":false,"_pose":"FreeFall","_animationQueue":[],"_animationSpeed":1,"_zoom":20.656},{"_mousePosition":[622,375],"_rootPartCFrame":[765.668,229.856,44.047,0.304,0,0.953,0,1,0,-0.953,0,0.304],"_humanoidState":5,"_cameraCFrame":[770.132,251.452,45.746,0.356,-0.909,0.216,0,0.231,0.973,-0.935,-0.346,0.082],"_shiftlockState":false,"_pose":"FreeFall","_animationQueue":[],"_animationSpeed":1,"_zoom":20.656},{"_mousePosition":[622,375],"_rootPartCFrame":[765.418,229.915,43.954,0.311,0,0.951,0,1,0,-0.951,0,0.311],"_humanoidState":5,"_cameraCFrame":[769.878,251.511,45.664,0.358,-0.908,0.216,0,0.231,0.973,-0.934,-0.348,0.083],"_shiftlockState":false,"_pose":"FreeFall","_animationQueue":[],"_animationSpeed":1,"_zoom":20.656},{"_mousePosition":[622,375],"_rootPartCFrame":[765.169,229.919,43.859,0.317,0,0.949,0,1,0,-0.949,0,0.317],"_humanoidState":5,"_cameraCFrame":[769.656,251.506,45.606,0.363,-0.906,0.217,0,0.233,0.972,-0.932,-0.353,0.085],"_shiftlockState":false,"_pose":"FreeFall","_animationQueue":[],"_animationSpeed":1,"_zoom":20.656},{"_mousePosition":[622,375],"_rootPartCFrame":[764.92,229.869,43.764,0.322,0,0.947,0,1,0,-0.947,0,0.322],"_humanoidState":5,"_cameraCFrame":[769.439,251.447,45.536,0.365,-0.905,0.219,0,0.235,0.972,-0.931,-0.355,0.086],"_shiftlockState":false,"_pose":"FreeFall","_animationQueue":[],"_animationSpeed":1,"_zoom":20.656},{"_mousePosition":[622,375],"_rootPartCFrame":[764.671,229.765,43.667,0.328,0,0.945,0,1,0,-0.945,0,0.328],"_humanoidState":5,"_cameraCFrame":[769.191,251.342,45.44,0.365,-0.905,0.219,0,0.235,0.972,-0.931,-0.355,0.086],"_shiftlockState":false,"_pose":"FreeFall","_animationQueue":[["fall",0.3]],"_animationSpeed":1,"_zoom":20.656},{"_mousePosition":[622,375],"_rootPartCFrame":[764.423,229.606,43.57,0.333,0,0.943,0,1,0,-0.943,0,0.333],"_humanoidState":5,"_cameraCFrame":[768.938,251.183,45.354,0.367,-0.904,0.219,0,0.235,0.972,-0.93,-0.357,0.086],"_shiftlockState":false,"_pose":"FreeFall","_animationQueue":[],"_animationSpeed":1,"_zoom":20.656},{"_mousePosition":[622,375],"_rootPartCFrame":[764.175,229.393,43.472,0.338,0,0.941,0,1,0,-0.941,0,0.338],"_humanoidState":5,"_cameraCFrame":[768.69,250.97,45.256,0.367,-0.904,0.219,0,0.235,0.972,-0.93,-0.357,0.086],"_shiftlockState":false,"_pose":"FreeFall","_animationQueue":[],"_animationSpeed":1,"_zoom":20.656},{"_mousePosition":[622,375],"_rootPartCFrame":[763.927,229.125,43.375,0.342,0,0.94,0,1,0,-0.94,0,0.342],"_humanoidState":5,"_cameraCFrame":[768.442,250.702,45.158,0.367,-0.904,0.219,0,0.235,0.972,-0.93,-0.357,0.086],"_shiftlockState":false,"_pose":"FreeFall","_animationQueue":[],"_animationSpeed":1,"_zoom":20.656},{"_mousePosition":[622,375],"_rootPartCFrame":[763.679,228.802,43.277,0.345,0,0.938,0,1,0,-0.938,0,0.345],"_humanoidState":5,"_cameraCFrame":[768.193,250.38,45.06,0.367,-0.904,0.219,0,0.235,0.972,-0.93,-0.357,0.086],"_shiftlockState":false,"_pose":"FreeFall","_animationQueue":[],"_animationSpeed":1,"_zoom":20.656},{"_mousePosition":[622,375],"_rootPartCFrame":[763.431,228.425,43.179,0.348,0,0.937,0,1,0,-0.937,0,0.348],"_humanoidState":5,"_cameraCFrame":[767.945,250.003,44.962,0.367,-0.904,0.219,0,0.235,0.972,-0.93,-0.357,0.086],"_shiftlockState":false,"_pose":"FreeFall","_animationQueue":[],"_animationSpeed":1,"_zoom":20.656},{"_mousePosition":[622,375],"_rootPartCFrame":[763.183,227.994,43.081,0.351,0,0.936,0,1,0,-0.936,0,0.351],"_humanoidState":5,"_cameraCFrame":[767.697,249.571,44.864,0.367,-0.904,0.219,0,0.235,0.972,-0.93,-0.357,0.086],"_shiftlockState":false,"_pose":"FreeFall","_animationQueue":[],"_animationSpeed":1,"_zoom":20.656},{"_mousePosition":[622,375],"_rootPartCFrame":[762.935,227.508,42.983,0.353,0,0.935,0,1,0,-0.935,0,0.353],"_humanoidState":5,"_cameraCFrame":[767.449,249.085,44.766,0.367,-0.904,0.219,0,0.235,0.972,-0.93,-0.357,0.086],"_shiftlockState":false,"_pose":"FreeFall","_animationQueue":[["fall",0.3]],"_animationSpeed":1,"_zoom":20.656},{"_mousePosition":[622,375],"_rootPartCFrame":[762.686,226.967,42.885,0.355,0,0.935,0,1,0,-0.935,0,0.355],"_humanoidState":5,"_cameraCFrame":[767.238,248.535,44.683,0.367,-0.904,0.22,0,0.237,0.972,-0.93,-0.357,0.087],"_shiftlockState":false,"_pose":"FreeFall","_animationQueue":[],"_animationSpeed":1,"_zoom":20.656},{"_mousePosition":[622,375],"_rootPartCFrame":[762.438,226.372,42.787,0.357,0,0.934,0,1,0,-0.934,0,0.357],"_humanoidState":5,"_cameraCFrame":[766.99,247.94,44.585,0.367,-0.904,0.22,0,0.237,0.972,-0.93,-0.357,0.087],"_shiftlockState":false,"_pose":"FreeFall","_animationQueue":[],"_animationSpeed":1,"_zoom":20.656},{"_mousePosition":[622,375],"_rootPartCFrame":[762.19,225.723,42.689,0.359,0,0.933,0,1,0,-0.933,0,0.359],"_humanoidState":5,"_cameraCFrame":[766.778,247.281,44.501,0.367,-0.903,0.222,0,0.239,0.971,-0.93,-0.357,0.088],"_shiftlockState":false,"_pose":"FreeFall","_animationQueue":[],"_animationSpeed":1,"_zoom":20.656},{"_mousePosition":[622,375],"_rootPartCFrame":[761.942,225.019,42.591,0.36,0,0.933,0,1,0,-0.933,0,0.36],"_humanoidState":5,"_cameraCFrame":[766.575,246.567,44.394,0.363,-0.904,0.224,0,0.241,0.971,-0.932,-0.352,0.087],"_shiftlockState":false,"_pose":"FreeFall","_animationQueue":[],"_animationSpeed":1,"_zoom":20.656},{"_mousePosition":[622,375],"_rootPartCFrame":[761.694,224.26,42.493,0.361,0,0.933,0,1,0,-0.933,0,0.361],"_humanoidState":5,"_cameraCFrame":[766.423,245.789,44.265,0.351,-0.908,0.229,0,0.244,0.97,-0.936,-0.34,0.086],"_shiftlockState":false,"_pose":"FreeFall","_animationQueue":[],"_animationSpeed":1,"_zoom":20.656},{"_mousePosition":[622,375],"_rootPartCFrame":[761.446,223.447,42.396,0.361,0,0.932,0,1,0,-0.932,0,0.361],"_humanoidState":5,"_cameraCFrame":[766.304,244.957,44.036,0.32,-0.918,0.235,0,0.248,0.969,-0.947,-0.31,0.079],"_shiftlockState":false,"_pose":"FreeFall","_animationQueue":[["fall",0.3]],"_animationSpeed":1,"_zoom":20.656},{"_mousePosition":[622,375],"_rootPartCFrame":[761.196,222.58,42.302,0.361,0,0.933,0,1,0,-0.933,0,0.361],"_humanoidState":7,"_cameraCFrame":[766.177,244.069,43.817,0.291,-0.926,0.241,0,0.252,0.968,-0.957,-0.282,0.073],"_shiftlockState":false,"_pose":"FreeFall","_animationQueue":[["walk",0.1],["fall",0.3],["fall",0.3]],"_animationSpeed":1,"_zoom":20.656},{"_mousePosition":[622,375],"_rootPartCFrame":[760.944,222.17,42.215,0.356,0,0.934,0,1,0,-0.934,0,0.356],"_humanoidState":7,"_cameraCFrame":[766.047,243.639,43.586,0.259,-0.934,0.247,0,0.256,0.967,-0.966,-0.251,0.066],"_shiftlockState":false,"_pose":"FreeFall","_animationQueue":[],"_animationSpeed":1,"_zoom":20.656},{"_mousePosition":[622,375],"_rootPartCFrame":[760.689,222.246,42.136,0.349,0,0.937,0,1,0,-0.937,0,0.349],"_humanoidState":8,"_cameraCFrame":[765.995,243.673,43.334,0.22,-0.941,0.257,0,0.263,0.965,-0.975,-0.212,0.058],"_shiftlockState":false,"_pose":"Running","_animationQueue":[["walk",0.1],["fall",0.3],["walk",0.1]],"_animationSpeed":1.103,"_zoom":20.656},{"_mousePosition":[622,375],"_rootPartCFrame":[760.432,222.332,42.066,0.338,0,0.941,0,1,0,-0.941,0,0.338],"_humanoidState":8,"_cameraCFrame":[765.937,243.716,43.061,0.178,-0.947,0.267,0,0.271,0.963,-0.984,-0.171,0.048],"_shiftlockState":false,"_pose":"Running","_animationQueue":[],"_animationSpeed":1.103,"_zoom":20.656},{"_mousePosition":[622,375],"_rootPartCFrame":[760.172,222.384,42.006,0.324,0,0.946,0,1,0,-0.946,0,0.324],"_humanoidState":8,"_cameraCFrame":[765.826,243.735,42.808,0.14,-0.951,0.274,0,0.276,0.961,-0.99,-0.135,0.039],"_shiftlockState":false,"_pose":"Running","_animationQueue":[],"_animationSpeed":1.103,"_zoom":20.656},{"_mousePosition":[622,375],"_rootPartCFrame":[759.91,222.414,41.957,0.306,0,0.952,0,1,0,-0.952,0,0.306],"_humanoidState":8,"_cameraCFrame":[765.666,243.742,42.566,0.105,-0.955,0.279,0,0.28,0.96,-0.994,-0.101,0.03],"_shiftlockState":false,"_pose":"Running","_animationQueue":[["walk",0.1]],"_animationSpeed":1.103,"_zoom":20.656},{"_mousePosition":[622,375],"_rootPartCFrame":[759.647,222.43,41.918,0.285,0,0.958,0,1,0,-0.958,0,0.285],"_humanoidState":8,"_cameraCFrame":[765.457,243.747,42.355,0.075,-0.957,0.281,0,0.282,0.959,-0.997,-0.072,0.021],"_shiftlockState":false,"_pose":"Running","_animationQueue":[],"_animationSpeed":1.103,"_zoom":20.656},{"_mousePosition":[622,375],"_rootPartCFrame":[759.382,222.439,41.888,0.262,0,0.965,0,1,0,-0.965,0,0.262],"_humanoidState":8,"_cameraCFrame":[765.239,243.745,42.18,0.05,-0.958,0.284,0,0.284,0.959,-0.999,-0.048,0.014],"_shiftlockState":false,"_pose":"Running","_animationQueue":[],"_animationSpeed":1.103,"_zoom":20.656},{"_mousePosition":[622,375],"_rootPartCFrame":[759.116,222.444,41.867,0.238,0,0.971,0,1,0,-0.971,0,0.238],"_humanoidState":8,"_cameraCFrame":[764.978,243.75,42.04,0.03,-0.958,0.284,0,0.284,0.959,-1,-0.028,0.008],"_shiftlockState":false,"_pose":"Running","_animationQueue":[],"_animationSpeed":1.103,"_zoom":20.656},{"_mousePosition":[622,375],"_rootPartCFrame":[758.849,222.446,41.853,0.213,0,0.977,0,1,0,-0.977,0,0.213],"_humanoidState":8,"_cameraCFrame":[764.714,243.752,41.937,0.014,-0.959,0.284,0,0.284,0.959,-1,-0.014,0.004],"_shiftlockState":false,"_pose":"Running","_animationQueue":[],"_animationSpeed":1.103,"_zoom":20.656},{"_mousePosition":[622,375],"_rootPartCFrame":[758.583,222.448,41.844,0.189,0,0.982,0,1,0,-0.982,0,0.189],"_humanoidState":8,"_cameraCFrame":[764.448,243.754,41.854,0.002,-0.959,0.284,0,0.284,0.959,-1,-0.002,0],"_shiftlockState":false,"_pose":"Running","_animationQueue":[],"_animationSpeed":1.103,"_zoom":20.656},{"_mousePosition":[622,375],"_rootPartCFrame":[758.316,222.449,41.839,0.166,0,0.986,0,1,0,-0.986,0,0.166],"_humanoidState":8,"_cameraCFrame":[764.181,243.755,41.82,-0.003,-0.959,0.284,0,0.284,0.959,-1,0.003,-0.001],"_shiftlockState":false,"_pose":"Running","_animationQueue":[],"_animationSpeed":1.103,"_zoom":20.656},{"_mousePosition":[622,375],"_rootPartCFrame":[758.05,222.449,41.838,0.143,0,0.99,0,1,0,-0.99,0,0.143],"_humanoidState":8,"_cameraCFrame":[763.915,243.755,41.819,-0.003,-0.959,0.284,0,0.284,0.959,-1,0.003,-0.001],"_shiftlockState":false,"_pose":"Running","_animationQueue":[["walk",0.1]],"_animationSpeed":1.103,"_zoom":20.656},{"_mousePosition":[622,375],"_rootPartCFrame":[757.783,222.449,41.839,0.123,0,0.992,0,1,0,-0.992,0,0.123],"_humanoidState":8,"_cameraCFrame":[763.648,243.755,41.82,-0.003,-0.959,0.284,0,0.284,0.959,-1,0.003,-0.001],"_shiftlockState":false,"_pose":"Running","_animationQueue":[],"_animationSpeed":1.103,"_zoom":20.656},{"_mousePosition":[622,375],"_rootPartCFrame":[757.517,222.45,41.84,0.105,0,0.994,0,1,0,-0.994,0,0.105],"_humanoidState":8,"_cameraCFrame":[763.382,243.755,41.821,-0.003,-0.959,0.284,0,0.284,0.959,-1,0.003,-0.001],"_shiftlockState":false,"_pose":"Running","_animationQueue":[],"_animationSpeed":1.103,"_zoom":20.656},{"_mousePosition":[622,375],"_rootPartCFrame":[757.25,222.45,41.841,0.09,0,0.996,0,1,0,-0.996,0,0.09],"_humanoidState":8,"_cameraCFrame":[763.115,243.755,41.807,-0.006,-0.959,0.284,0,0.284,0.959,-1,0.006,-0.002],"_shiftlockState":false,"_pose":"Running","_animationQueue":[],"_animationSpeed":1.103,"_zoom":20.656},{"_mousePosition":[622,375],"_rootPartCFrame":[756.983,222.45,41.842,0.077,0,0.997,0,1,0,-0.997,0,0.077],"_humanoidState":8,"_cameraCFrame":[762.848,243.755,41.793,-0.008,-0.959,0.284,0,0.284,0.959,-1,0.008,-0.002],"_shiftlockState":false,"_pose":"Running","_animationQueue":[],"_animationSpeed":1.103,"_zoom":20.656},{"_mousePosition":[622,375],"_rootPartCFrame":[756.717,222.45,41.843,0.065,0,0.998,0,1,0,-0.998,0,0.065],"_humanoidState":8,"_cameraCFrame":[762.581,243.755,41.779,-0.011,-0.959,0.284,0,0.284,0.959,-1,0.01,-0.003],"_shiftlockState":false,"_pose":"Running","_animationQueue":[],"_animationSpeed":1.103,"_zoom":20.656},{"_mousePosition":[622,375],"_rootPartCFrame":[756.45,222.45,41.845,0.056,0,0.998,0,1,0,-0.998,0,0.056],"_humanoidState":8,"_cameraCFrame":[762.315,243.755,41.767,-0.013,-0.959,0.284,0,0.284,0.959,-1,0.013,-0.004],"_shiftlockState":false,"_pose":"Running","_animationQueue":[["walk",0.1]],"_animationSpeed":1.103,"_zoom":20.656},{"_mousePosition":[622,375],"_rootPartCFrame":[756.184,222.45,41.848,0.047,0,0.999,0,1,0,-0.999,0,0.047],"_humanoidState":8,"_cameraCFrame":[762.048,243.755,41.755,-0.016,-0.959,0.284,0,0.284,0.959,-1,0.015,-0.005],"_shiftlockState":false,"_pose":"Running","_animationQueue":[],"_animationSpeed":1.103,"_zoom":20.656},{"_mousePosition":[622,375],"_rootPartCFrame":[755.917,222.45,41.852,0.038,0,0.999,0,1,0,-0.999,0,0.038],"_humanoidState":8,"_cameraCFrame":[761.781,243.755,41.743,-0.018,-0.959,0.284,0,0.284,0.959,-1,0.018,-0.005],"_shiftlockState":false,"_pose":"Running","_animationQueue":[],"_animationSpeed":1.103,"_zoom":20.656},{"_mousePosition":[622,375],"_rootPartCFrame":[755.65,222.45,41.856,0.031,0,1,0,1,0,-1,0,0.031],"_humanoidState":8,"_cameraCFrame":[761.475,243.767,41.733,-0.021,-0.959,0.282,0,0.282,0.959,-1,0.02,-0.006],"_shiftlockState":false,"_pose":"Running","_animationQueue":[],"_animationSpeed":1.103,"_zoom":20.656},{"_mousePosition":[622,375],"_rootPartCFrame":[755.384,222.45,41.861,0.024,0,1,0,1,0,-1,0,0.024],"_humanoidState":8,"_cameraCFrame":[761.209,243.767,41.738,-0.021,-0.959,0.282,0,0.282,0.959,-1,0.02,-0.006],"_shiftlockState":false,"_pose":"Running","_animationQueue":[],"_animationSpeed":1.103,"_zoom":20.656},{"_mousePosition":[622,375],"_rootPartCFrame":[755.117,222.45,41.866,0.018,0,1,0,1,0,-1,0,0.018],"_humanoidState":8,"_cameraCFrame":[760.942,243.767,41.744,-0.021,-0.959,0.282,0,0.282,0.959,-1,0.02,-0.006],"_shiftlockState":false,"_pose":"Running","_animationQueue":[],"_animationSpeed":1.103,"_zoom":20.656},{"_mousePosition":[622,375],"_rootPartCFrame":[754.851,222.45,41.872,0.013,0,1,0,1,0,-1,0,0.013],"_humanoidState":8,"_cameraCFrame":[760.676,243.767,41.75,-0.021,-0.959,0.282,0,0.282,0.959,-1,0.02,-0.006],"_shiftlockState":false,"_pose":"Running","_animationQueue":[],"_animationSpeed":1.103,"_zoom":20.656},{"_mousePosition":[622,375],"_rootPartCFrame":[754.584,222.45,41.878,0.008,0,1,0,1,0,-1,0,0.008],"_humanoidState":8,"_cameraCFrame":[760.409,243.767,41.755,-0.021,-0.959,0.282,0,0.282,0.959,-1,0.02,-0.006],"_shiftlockState":false,"_pose":"Running","_animationQueue":[["walk",0.1]],"_animationSpeed":1.103,"_zoom":20.656},{"_mousePosition":[622,375],"_rootPartCFrame":[754.317,222.45,41.883,0.004,0,1,0,1,0,-1,0,0.004],"_humanoidState":8,"_cameraCFrame":[760.142,243.767,41.761,-0.021,-0.959,0.282,0,0.282,0.959,-1,0.02,-0.006],"_shiftlockState":false,"_pose":"Running","_animationQueue":[],"_animationSpeed":1.103,"_zoom":20.656},{"_mousePosition":[622,375],"_rootPartCFrame":[754.051,222.45,41.889,0.001,0,1,0,1,0,-1,0,0.001],"_humanoidState":8,"_cameraCFrame":[759.876,243.767,41.766,-0.021,-0.959,0.282,0,0.282,0.959,-1,0.02,-0.006],"_shiftlockState":false,"_pose":"Running","_animationQueue":[],"_animationSpeed":1.103,"_zoom":20.656},{"_mousePosition":[622,375],"_rootPartCFrame":[753.784,222.45,41.894,-0.002,0,1,0,1,0,-1,0,-0.002],"_humanoidState":8,"_cameraCFrame":[759.609,243.767,41.772,-0.021,-0.959,0.282,0,0.282,0.959,-1,0.02,-0.006],"_shiftlockState":false,"_pose":"Running","_animationQueue":[],"_animationSpeed":1.103,"_zoom":20.656},{"_mousePosition":[622,375],"_rootPartCFrame":[753.518,222.45,41.9,-0.005,0,1,0,1,0,-1,0,-0.005],"_humanoidState":8,"_cameraCFrame":[759.343,243.767,41.778,-0.021,-0.959,0.282,0,0.282,0.959,-1,0.02,-0.006],"_shiftlockState":false,"_pose":"Running","_animationQueue":[],"_animationSpeed":1.103,"_zoom":20.656},{"_mousePosition":[622,375],"_rootPartCFrame":[753.251,222.45,41.906,-0.007,0,1,0,1,0,-1,0,-0.007],"_humanoidState":8,"_cameraCFrame":[759.076,243.767,41.783,-0.021,-0.959,0.282,0,0.282,0.959,-1,0.02,-0.006],"_shiftlockState":false,"_pose":"Running","_animationQueue":[],"_animationSpeed":1.103,"_zoom":20.656},{"_mousePosition":[622,375],"_rootPartCFrame":[752.984,223.323,41.911,-0.009,0,1,0,1,0,-1,0,-0.009],"_humanoidState":3,"_cameraCFrame":[758.848,244.629,41.788,-0.021,-0.959,0.284,0,0.284,0.959,-1,0.02,-0.006],"_shiftlockState":false,"_pose":"Jumping","_animationQueue":[["walk",0.1],["walk",0.1],["jump",0.1]],"_animationSpeed":1,"_zoom":20.656},{"_mousePosition":[622,375],"_rootPartCFrame":[752.718,224.145,41.917,-0.011,0,1,0,1,0,-1,0,-0.011],"_humanoidState":5,"_cameraCFrame":[758.621,245.439,41.823,-0.016,-0.958,0.286,0,0.286,0.958,-1,0.015,-0.005],"_shiftlockState":false,"_pose":"FreeFall","_animationQueue":[["jump",0.1]],"_animationSpeed":1,"_zoom":20.656},{"_mousePosition":[622,375],"_rootPartCFrame":[752.451,224.912,41.923,-0.012,0,1,0,1,0,-1,0,-0.012],"_humanoidState":5,"_cameraCFrame":[758.393,246.195,41.843,-0.013,-0.958,0.288,0,0.288,0.958,-1,0.013,-0.004],"_shiftlockState":false,"_pose":"FreeFall","_animationQueue":[],"_animationSpeed":1,"_zoom":20.656},{"_mousePosition":[622,375],"_rootPartCFrame":[752.185,225.625,41.927,-0.013,0,1,0,1,0,-1,0,-0.013],"_humanoidState":5,"_cameraCFrame":[758.165,246.897,41.862,-0.011,-0.957,0.29,0,0.29,0.957,-1,0.01,-0.003],"_shiftlockState":false,"_pose":"FreeFall","_animationQueue":[],"_animationSpeed":1,"_zoom":20.656},{"_mousePosition":[622,375],"_rootPartCFrame":[751.918,226.284,41.931,-0.013,0,1,0,1,0,-1,0,-0.013],"_humanoidState":5,"_cameraCFrame":[757.898,247.555,41.865,-0.011,-0.957,0.29,0,0.29,0.957,-1,0.01,-0.003],"_shiftlockState":false,"_pose":"FreeFall","_animationQueue":[],"_animationSpeed":1,"_zoom":20.656},{"_mousePosition":[622,375],"_rootPartCFrame":[751.651,226.888,41.934,-0.013,0,1,0,1,0,-1,0,-0.013],"_humanoidState":5,"_cameraCFrame":[757.632,248.159,41.868,-0.011,-0.957,0.29,0,0.29,0.957,-1,0.01,-0.003],"_shiftlockState":false,"_pose":"FreeFall","_animationQueue":[],"_animationSpeed":1,"_zoom":20.656},{"_mousePosition":[622,375],"_rootPartCFrame":[751.385,227.437,41.937,-0.013,0,1,0,1,0,-1,0,-0.013],"_humanoidState":5,"_cameraCFrame":[757.365,248.709,41.871,-0.011,-0.957,0.29,0,0.29,0.957,-1,0.01,-0.003],"_shiftlockState":false,"_pose":"FreeFall","_animationQueue":[],"_animationSpeed":1,"_zoom":20.656},{"_mousePosition":[622,375],"_rootPartCFrame":[751.118,227.932,41.94,-0.013,0,1,0,1,0,-1,0,-0.013],"_humanoidState":5,"_cameraCFrame":[757.098,249.204,41.874,-0.011,-0.957,0.29,0,0.29,0.957,-1,0.01,-0.003],"_shiftlockState":false,"_pose":"FreeFall","_animationQueue":[],"_animationSpeed":1,"_zoom":20.656},{"_mousePosition":[622,375],"_rootPartCFrame":[750.852,228.373,41.942,-0.012,0,1,0,1,0,-1,0,-0.012],"_humanoidState":5,"_cameraCFrame":[756.832,249.644,41.877,-0.011,-0.957,0.29,0,0.29,0.957,-1,0.01,-0.003],"_shiftlockState":false,"_pose":"FreeFall","_animationQueue":[],"_animationSpeed":1,"_zoom":20.656},{"_mousePosition":[622,375],"_rootPartCFrame":[750.585,228.759,41.945,-0.012,0,1,0,1,0,-1,0,-0.012],"_humanoidState":5,"_cameraCFrame":[756.565,250.03,41.88,-0.011,-0.957,0.29,0,0.29,0.957,-1,0.01,-0.003],"_shiftlockState":false,"_pose":"FreeFall","_animationQueue":[],"_animationSpeed":1,"_zoom":20.656},{"_mousePosition":[622,375],"_rootPartCFrame":[750.318,229.09,41.948,-0.012,0,1,0,1,0,-1,0,-0.012],"_humanoidState":5,"_cameraCFrame":[756.299,250.362,41.883,-0.011,-0.957,0.29,0,0.29,0.957,-1,0.01,-0.003],"_shiftlockState":false,"_pose":"FreeFall","_animationQueue":[],"_animationSpeed":1,"_zoom":20.656},{"_mousePosition":[622,375],"_rootPartCFrame":[750.052,229.367,41.951,-0.012,0,1,0,1,0,-1,0,-0.012],"_humanoidState":5,"_cameraCFrame":[756.032,250.639,41.886,-0.011,-0.957,0.29,0,0.29,0.957,-1,0.01,-0.003],"_shiftlockState":false,"_pose":"FreeFall","_animationQueue":[],"_animationSpeed":1,"_zoom":20.656},{"_mousePosition":[622,375],"_rootPartCFrame":[749.785,229.59,41.954,-0.012,0,1,0,1,0,-1,0,-0.012],"_humanoidState":5,"_cameraCFrame":[755.765,250.861,41.889,-0.011,-0.957,0.29,0,0.29,0.957,-1,0.01,-0.003],"_shiftlockState":false,"_pose":"FreeFall","_animationQueue":[],"_animationSpeed":1,"_zoom":20.656},{"_mousePosition":[622,375],"_rootPartCFrame":[749.518,229.758,41.957,-0.012,0,1,0,1,0,-1,0,-0.012],"_humanoidState":5,"_cameraCFrame":[755.499,251.029,41.892,-0.011,-0.957,0.29,0,0.29,0.957,-1,0.01,-0.003],"_shiftlockState":false,"_pose":"FreeFall","_animationQueue":[],"_animationSpeed":1,"_zoom":20.656},{"_mousePosition":[622,375],"_rootPartCFrame":[749.252,229.872,41.96,-0.011,0,1,0,1,0,-1,0,-0.011],"_humanoidState":5,"_cameraCFrame":[755.232,251.143,41.895,-0.011,-0.957,0.29,0,0.29,0.957,-1,0.01,-0.003],"_shiftlockState":false,"_pose":"FreeFall","_animationQueue":[],"_animationSpeed":1,"_zoom":20.656},{"_mousePosition":[622,375],"_rootPartCFrame":[748.985,229.931,41.963,-0.011,0,1,0,1,0,-1,0,-0.011],"_humanoidState":5,"_cameraCFrame":[755.043,251.178,41.897,-0.011,-0.956,0.293,0,0.293,0.956,-1,0.01,-0.003],"_shiftlockState":false,"_pose":"FreeFall","_animationQueue":[],"_animationSpeed":1,"_zoom":20.656},{"_mousePosition":[622,375],"_rootPartCFrame":[748.719,229.935,41.966,-0.011,0,1,0,1,0,-1,0,-0.011],"_humanoidState":5,"_cameraCFrame":[754.815,251.171,41.899,-0.011,-0.955,0.295,0,0.295,0.955,-1,0.01,-0.003],"_shiftlockState":false,"_pose":"FreeFall","_animationQueue":[],"_animationSpeed":1,"_zoom":20.656},{"_mousePosition":[622,375],"_rootPartCFrame":[748.452,229.885,41.969,-0.011,0,1,0,1,0,-1,0,-0.011],"_humanoidState":5,"_cameraCFrame":[754.625,251.097,41.917,-0.008,-0.954,0.299,0,0.299,0.954,-1,0.008,-0.003],"_shiftlockState":false,"_pose":"FreeFall","_animationQueue":[],"_animationSpeed":1,"_zoom":20.656},{"_mousePosition":[622,375],"_rootPartCFrame":[748.185,229.781,41.972,-0.011,0,1,0,1,0,-1,0,-0.011],"_humanoidState":5,"_cameraCFrame":[754.474,250.956,41.935,-0.006,-0.953,0.304,0,0.304,0.953,-1,0.006,-0.002],"_shiftlockState":false,"_pose":"FreeFall","_animationQueue":[],"_animationSpeed":1,"_zoom":20.656},{"_mousePosition":[622,375],"_rootPartCFrame":[747.919,229.622,41.974,-0.011,0,1,0,1,0,-1,0,-0.011],"_humanoidState":5,"_cameraCFrame":[754.36,250.748,41.953,-0.003,-0.95,0.312,0,0.312,0.95,-1,0.003,-0.001],"_shiftlockState":false,"_pose":"FreeFall","_animationQueue":[["fall",0.3]],"_animationSpeed":1,"_zoom":20.656},{"_mousePosition":[622,375],"_rootPartCFrame":[747.652,229.408,41.976,-0.01,0,1,0,1,0,-1,0,-0.01],"_humanoidState":5,"_cameraCFrame":[754.246,250.483,41.97,-0.001,-0.948,0.319,0,0.319,0.948,-1,0.001,0],"_shiftlockState":false,"_pose":"FreeFall","_animationQueue":[],"_animationSpeed":1,"_zoom":20.656},{"_mousePosition":[622,375],"_rootPartCFrame":[747.386,229.14,41.977,-0.01,0,1,0,1,0,-1,0,-0.01],"_humanoidState":5,"_cameraCFrame":[754.132,250.163,42.005,0.004,-0.945,0.327,0,0.327,0.945,-1,-0.004,0.001],"_shiftlockState":false,"_pose":"FreeFall","_animationQueue":[],"_animationSpeed":1,"_zoom":20.656},{"_mousePosition":[622,375],"_rootPartCFrame":[747.119,228.818,41.977,-0.008,0,1,0,1,0,-1,0,-0.008],"_humanoidState":5,"_cameraCFrame":[754.017,249.788,42.024,0.007,-0.943,0.334,0,0.334,0.943,-1,-0.006,0.002],"_shiftlockState":false,"_pose":"FreeFall","_animationQueue":[],"_animationSpeed":1,"_zoom":20.656},{"_mousePosition":[622,375],"_rootPartCFrame":[746.852,228.441,41.976,-0.007,0,1,0,1,0,-1,0,-0.007],"_humanoidState":5,"_cameraCFrame":[753.864,249.37,42.041,0.009,-0.941,0.339,0,0.339,0.941,-1,-0.009,0.003],"_shiftlockState":false,"_pose":"FreeFall","_animationQueue":[],"_animationSpeed":1,"_zoom":20.656},{"_mousePosition":[622,375],"_rootPartCFrame":[746.586,228.009,41.974,-0.005,0,1,0,1,0,-1,0,-0.005],"_humanoidState":5,"_cameraCFrame":[753.636,248.925,42.04,0.009,-0.94,0.341,0,0.341,0.94,-1,-0.009,0.003],"_shiftlockState":false,"_pose":"FreeFall","_animationQueue":[],"_animationSpeed":1,"_zoom":20.656},{"_mousePosition":[622,375],"_rootPartCFrame":[746.319,227.523,41.972,-0.003,0,1,0,1,0,-1,0,-0.003],"_humanoidState":5,"_cameraCFrame":[753.407,248.425,42.038,0.009,-0.939,0.343,0,0.343,0.939,-1,-0.009,0.003],"_shiftlockState":false,"_pose":"FreeFall","_animationQueue":[],"_animationSpeed":1,"_zoom":20.656},{"_mousePosition":[622,375],"_rootPartCFrame":[746.053,226.983,41.969,-0.002,0,1,0,1,0,-1,0,-0.002],"_humanoidState":5,"_cameraCFrame":[753.216,247.857,42.054,0.012,-0.938,0.347,0,0.347,0.938,-1,-0.011,0.004],"_shiftlockState":false,"_pose":"FreeFall","_animationQueue":[["fall",0.3]],"_animationSpeed":1,"_zoom":20.656},{"_mousePosition":[622,375],"_rootPartCFrame":[745.786,226.388,41.967,0,0,1,0,1,0,-1,0,0],"_humanoidState":5,"_cameraCFrame":[753.137,247.191,42.054,0.012,-0.934,0.356,0,0.356,0.935,-1,-0.011,0.004],"_shiftlockState":false,"_pose":"FreeFall","_animationQueue":[],"_animationSpeed":1,"_zoom":20.656},{"_mousePosition":[622,375],"_rootPartCFrame":[745.519,225.738,41.964,0.002,0,1,0,1,0,-1,0,0.002],"_humanoidState":5,"_cameraCFrame":[752.946,246.513,42.052,0.012,-0.933,0.36,0,0.36,0.933,-1,-0.011,0.004],"_shiftlockState":false,"_pose":"FreeFall","_animationQueue":[],"_animationSpeed":1,"_zoom":20.656},{"_mousePosition":[622,375],"_rootPartCFrame":[745.253,225.034,41.961,0.003,0,1,0,1,0,-1,0,0.003],"_humanoidState":5,"_cameraCFrame":[752.792,245.765,42.05,0.012,-0.931,0.365,0,0.365,0.931,-1,-0.011,0.004],"_shiftlockState":false,"_pose":"FreeFall","_animationQueue":[],"_animationSpeed":1,"_zoom":20.656},{"_mousePosition":[622,375],"_rootPartCFrame":[744.986,224.276,41.958,0.004,0,1,0,1,0,-1,0,0.004],"_humanoidState":5,"_cameraCFrame":[752.525,245.007,42.047,0.012,-0.931,0.365,0,0.365,0.931,-1,-0.011,0.004],"_shiftlockState":false,"_pose":"FreeFall","_animationQueue":[],"_animationSpeed":1,"_zoom":20.656},{"_mousePosition":[622,375],"_rootPartCFrame":[744.72,223.463,41.954,0.005,0,1,0,1,0,-1,0,0.005],"_humanoidState":5,"_cameraCFrame":[752.259,244.194,42.044,0.012,-0.931,0.365,0,0.365,0.931,-1,-0.011,0.004],"_shiftlockState":false,"_pose":"FreeFall","_animationQueue":[],"_animationSpeed":1,"_zoom":20.656},{"_mousePosition":[622,375],"_rootPartCFrame":[744.453,222.595,41.951,0.006,0,1,0,1,0,-1,0,0.006],"_humanoidState":7,"_cameraCFrame":[751.992,243.326,42.041,0.012,-0.931,0.365,0,0.365,0.931,-1,-0.011,0.004],"_shiftlockState":false,"_pose":"FreeFall","_animationQueue":[["fall",0.3],["walk",0.1],["fall",0.3],["fall",0.3]],"_animationSpeed":1,"_zoom":20.656},{"_mousePosition":[622,375],"_rootPartCFrame":[744.186,222.183,41.948,0.007,0,1,0,1,0,-1,0,0.007],"_humanoidState":7,"_cameraCFrame":[751.726,242.913,42.038,0.012,-0.931,0.365,0,0.365,0.931,-1,-0.011,0.004],"_shiftlockState":false,"_pose":"FreeFall","_animationQueue":[],"_animationSpeed":1,"_zoom":20.656},{"_mousePosition":[622,375],"_rootPartCFrame":[743.92,222.253,41.945,0.008,0,1,0,1,0,-1,0,0.008],"_humanoidState":8,"_cameraCFrame":[751.459,242.984,42.034,0.012,-0.931,0.365,0,0.365,0.931,-1,-0.011,0.004],"_shiftlockState":false,"_pose":"Running","_animationQueue":[["walk",0.1],["fall",0.3],["walk",0.1]],"_animationSpeed":1.103,"_zoom":20.656},{"_mousePosition":[622,375],"_rootPartCFrame":[743.653,223.116,41.942,0.008,0,1,0,1,0,-1,0,0.008],"_humanoidState":3,"_cameraCFrame":[751.192,243.847,42.031,0.012,-0.931,0.365,0,0.365,0.931,-1,-0.011,0.004],"_shiftlockState":false,"_pose":"Jumping","_animationQueue":[["walk",0.1],["jump",0.1]],"_animationSpeed":1,"_zoom":20.656},{"