[{"_mousePosition":[657,274],"_rootPartCFrame":[776.026,222.7,47.142,0.003,0,1,0,1,0,-1,0,0.003],"_humanoidState":8,"_cameraCFrame":[784.677,242.956,46.984,-0.018,-0.908,0.419,0,0.419,0.908,-1,0.017,-0.008],"_shiftlockState":false,"_pose":"Standing","_animationQueue":[],"_animationSpeed":1,"_zoom":20.656},{"_mousePosition":[657,274],"_rootPartCFrame":[775.854,222.7,47.146,0,0,1,0,1,0,-1,0,0],"_humanoidState":8,"_cameraCFrame":[784.432,242.99,46.989,-0.018,-0.91,0.415,0,0.415,0.91,-1,0.017,-0.008],"_shiftlockState":false,"_pose":"Standing","_animationQueue":[],"_animationSpeed":1,"_zoom":20.656},{"_mousePosition":[657,274],"_rootPartCFrame":[775.59,222.7,47.151,-0.002,0,1,0,1,0,-1,0,-0.002],"_humanoidState":8,"_cameraCFrame":[783.947,243.089,46.998,-0.018,-0.914,0.405,0,0.405,0.914,-1,0.017,-0.007],"_shiftlockState":false,"_pose":"Running","_animationQueue":[["walk",0.1]],"_animationSpeed":1.003,"_zoom":20.656},{"_mousePosition":[657,274],"_rootPartCFrame":[775.323,222.7,47.156,-0.004,0,1,0,1,0,-1,0,-0.004],"_humanoidState":8,"_cameraCFrame":[783.533,243.153,47.006,-0.018,-0.917,0.397,0,0.398,0.918,-1,0.017,-0.007],"_shiftlockState":false,"_pose":"Running","_animationQueue":[["walk",0.1]],"_animationSpeed":1.101,"_zoom":20.656},{"_mousePosition":[657,274],"_rootPartCFrame":[775.056,222.7,47.161,-0.006,0,1,0,1,0,-1,0,-0.006],"_humanoidState":8,"_cameraCFrame":[783.119,243.217,47.013,-0.018,-0.921,0.39,0,0.39,0.921,-1,0.017,-0.007],"_shiftlockState":false,"_pose":"Running","_animationQueue":[],"_animationSpeed":1.101,"_zoom":20.656},{"_mousePosition":[657,274],"_rootPartCFrame":[774.79,222.7,47.165,-0.008,0,1,0,1,0,-1,0,-0.008],"_humanoidState":8,"_cameraCFrame":[782.74,243.264,47,-0.021,-0.923,0.385,0,0.385,0.923,-1,0.019,-0.008],"_shiftlockState":false,"_pose":"Running","_animationQueue":[],"_animationSpeed":1.101,"_zoom":20.656},{"_mousePosition":[657,274],"_rootPartCFrame":[774.523,222.7,47.17,-0.009,0,1,0,1,0,-1,0,-0.009],"_humanoidState":8,"_cameraCFrame":[782.362,243.31,47.007,-0.021,-0.925,0.379,0,0.38,0.925,-1,0.019,-0.008],"_shiftlockState":false,"_pose":"Running","_animationQueue":[],"_animationSpeed":1.101,"_zoom":20.656},{"_mousePosition":[657,274],"_rootPartCFrame":[774.257,222.7,47.176,-0.011,0,1,0,1,0,-1,0,-0.011],"_humanoidState":8,"_cameraCFrame":[781.983,243.355,46.995,-0.023,-0.927,0.374,0,0.374,0.927,-1,0.022,-0.009],"_shiftlockState":false,"_pose":"Running","_animationQueue":[["walk",0.1]],"_animationSpeed":1.101,"_zoom":20.656},{"_mousePosition":[657,274],"_rootPartCFrame":[773.99,222.7,47.181,-0.012,0,1,0,1,0,-1,0,-0.012],"_humanoidState":8,"_cameraCFrame":[781.566,243.415,46.966,-0.028,-0.93,0.367,0,0.367,0.93,-1,0.026,-0.01],"_shiftlockState":false,"_pose":"Running","_animationQueue":[],"_animationSpeed":1.101,"_zoom":20.656},{"_mousePosition":[657,274],"_rootPartCFrame":[773.723,222.7,47.188,-0.014,0,1,0,1,0,-1,0,-0.014],"_humanoidState":8,"_cameraCFrame":[781.187,243.459,46.957,-0.031,-0.932,0.361,0,0.361,0.932,-1,0.029,-0.011],"_shiftlockState":false,"_pose":"Running","_animationQueue":[],"_animationSpeed":1.101,"_zoom":20.656},{"_mousePosition":[657,274],"_rootPartCFrame":[773.457,222.7,47.195,-0.016,0,1,0,1,0,-1,0,-0.016],"_humanoidState":8,"_cameraCFrame":[780.807,243.502,46.949,-0.033,-0.934,0.356,0,0.356,0.934,-0.999,0.031,-0.012],"_shiftlockState":false,"_pose":"Running","_animationQueue":[],"_animationSpeed":1.101,"_zoom":20.656},{"_mousePosition":[657,274],"_rootPartCFrame":[773.19,222.7,47.203,-0.018,0,1,0,1,0,-1,0,-0.018],"_humanoidState":8,"_cameraCFrame":[780.389,243.559,46.944,-0.036,-0.937,0.349,0,0.349,0.937,-0.999,0.034,-0.013],"_shiftlockState":false,"_pose":"Running","_animationQueue":[],"_animationSpeed":1.101,"_zoom":20.656},{"_mousePosition":[657,274],"_rootPartCFrame":[772.924,222.7,47.212,-0.02,0,1,0,1,0,-1,0,-0.02],"_humanoidState":8,"_cameraCFrame":[779.97,243.615,46.923,-0.041,-0.939,0.341,0,0.341,0.94,-0.999,0.039,-0.014],"_shiftlockState":false,"_pose":"Running","_animationQueue":[],"_animationSpeed":1.101,"_zoom":20.656},{"_mousePosition":[657,274],"_rootPartCFrame":[772.657,222.7,47.222,-0.022,0,1,0,1,0,-1,0,-0.022],"_humanoidState":8,"_cameraCFrame":[779.589,243.655,46.919,-0.044,-0.941,0.336,0,0.336,0.942,-0.999,0.041,-0.015],"_shiftlockState":false,"_pose":"Running","_animationQueue":[["walk",0.1]],"_animationSpeed":1.101,"_zoom":20.656},{"_mousePosition":[657,274],"_rootPartCFrame":[772.391,222.7,47.232,-0.024,0,1,0,1,0,-1,0,-0.024],"_humanoidState":8,"_cameraCFrame":[779.246,243.682,46.916,-0.046,-0.942,0.332,0,0.332,0.943,-0.999,0.043,-0.015],"_shiftlockState":false,"_pose":"Running","_animationQueue":[],"_animationSpeed":1.101,"_zoom":20.656},{"_mousePosition":[657,274],"_rootPartCFrame":[772.125,222.7,47.244,-0.027,0,1,0,1,0,-1,0,-0.027],"_humanoidState":8,"_cameraCFrame":[778.903,243.709,46.914,-0.049,-0.943,0.328,0,0.329,0.944,-0.999,0.046,-0.016],"_shiftlockState":false,"_pose":"Running","_animationQueue":[],"_animationSpeed":1.101,"_zoom":20.656},{"_mousePosition":[657,274],"_rootPartCFrame":[771.858,222.7,47.256,-0.029,0,1,0,1,0,-1,0,-0.029],"_humanoidState":8,"_cameraCFrame":[778.598,243.722,46.911,-0.051,-0.944,0.326,0,0.327,0.945,-0.999,0.048,-0.017],"_shiftlockState":false,"_pose":"Running","_animationQueue":[],"_animationSpeed":1.101,"_zoom":20.656},{"_mousePosition":[657,274],"_rootPartCFrame":[771.592,222.7,47.269,-0.032,0,0.999,0,1,0,-0.999,0,-0.032],"_humanoidState":8,"_cameraCFrame":[778.332,243.722,46.924,-0.051,-0.944,0.326,0,0.327,0.945,-0.999,0.048,-0.017],"_shiftlockState":false,"_pose":"Running","_animationQueue":[],"_animationSpeed":1.101,"_zoom":20.656},{"_mousePosition":[657,274],"_rootPartCFrame":[771.325,222.7,47.283,-0.035,0,0.999,0,1,0,-0.999,0,-0.035],"_humanoidState":8,"_cameraCFrame":[778.065,243.722,46.937,-0.051,-0.944,0.326,0,0.327,0.945,-0.999,0.048,-0.017],"_shiftlockState":false,"_pose":"Running","_animationQueue":[],"_animationSpeed":1.101,"_zoom":20.656},{"_mousePosition":[657,274],"_rootPartCFrame":[771.059,222.7,47.296,-0.037,0,0.999,0,1,0,-0.999,0,-0.037],"_humanoidState":8,"_cameraCFrame":[777.799,243.722,46.951,-0.051,-0.944,0.326,0,0.327,0.945,-0.999,0.048,-0.017],"_shiftlockState":false,"_pose":"Running","_animationQueue":[],"_animationSpeed":1.101,"_zoom":20.656},{"_mousePosition":[657,274],"_rootPartCFrame":[770.793,222.7,47.31,-0.039,0,0.999,0,1,0,-0.999,0,-0.039],"_humanoidState":8,"_cameraCFrame":[777.533,243.722,46.965,-0.051,-0.944,0.326,0,0.327,0.945,-0.999,0.048,-0.017],"_shiftlockState":false,"_pose":"Running","_animationQueue":[["walk",0.1]],"_animationSpeed":1.101,"_zoom":20.656},{"_mousePosition":[657,274],"_rootPartCFrame":[770.526,222.7,47.324,-0.04,0,0.999,0,1,0,-0.999,0,-0.04],"_humanoidState":8,"_cameraCFrame":[777.266,243.722,46.978,-0.051,-0.944,0.326,0,0.327,0.945,-0.999,0.048,-0.017],"_shiftlockState":false,"_pose":"Running","_animationQueue":[],"_animationSpeed":1.101,"_zoom":20.656},{"_mousePosition":[657,274],"_rootPartCFrame":[770.26,222.666,47.337,-0.042,0,0.999,0,1,0,-0.999,0,-0.042],"_humanoidState":8,"_cameraCFrame":[777,243.688,46.992,-0.051,-0.944,0.326,0,0.327,0.945,-0.999,0.048,-0.017],"_shiftlockState":false,"_pose":"Running","_animationQueue":[],"_animationSpeed":1.101,"_zoom":20.656},{"_mousePosition":[657,274],"_rootPartCFrame":[769.994,223.528,47.351,-0.044,0,0.999,0,1,0,-0.999,0,-0.044],"_humanoidState":3,"_cameraCFrame":[776.734,244.551,47.006,-0.051,-0.944,0.326,0,0.327,0.945,-0.999,0.048,-0.017],"_shiftlockState":false,"_pose":"Jumping","_animationQueue":[["walk",0.1],["jump",0.1]],"_animationSpeed":1,"_zoom":20.656},{"_mousePosition":[657,274],"_rootPartCFrame":[769.727,224.337,47.365,-0.045,0,0.999,0,1,0,-0.999,0,-0.045],"_humanoidState":5,"_cameraCFrame":[776.467,245.359,47.019,-0.051,-0.944,0.326,0,0.327,0.945,-0.999,0.048,-0.017],"_shiftlockState":false,"_pose":"FreeFall","_animationQueue":[["jump",0.1]],"_animationSpeed":1,"_zoom":20.656},{"_mousePosition":[657,274],"_rootPartCFrame":[769.461,225.091,47.378,-0.046,0,0.999,0,1,0,-0.999,0,-0.046],"_humanoidState":5,"_cameraCFrame":[776.201,246.113,47.033,-0.051,-0.944,0.326,0,0.327,0.945,-0.999,0.048,-0.017],"_shiftlockState":false,"_pose":"FreeFall","_animationQueue":[],"_animationSpeed":1,"_zoom":20.656},{"_mousePosition":[657,274],"_rootPartCFrame":[769.195,225.79,47.392,-0.047,0,0.999,0,1,0,-0.999,0,-0.047],"_humanoidState":5,"_cameraCFrame":[775.934,246.813,47.047,-0.051,-0.944,0.326,0,0.327,0.945,-0.999,0.048,-0.017],"_shiftlockState":false,"_pose":"FreeFall","_animationQueue":[],"_animationSpeed":1,"_zoom":20.656},{"_mousePosition":[657,274],"_rootPartCFrame":[768.928,226.435,47.406,-0.047,0,0.999,0,1,0,-0.999,0,-0.047],"_humanoidState":5,"_cameraCFrame":[775.63,247.471,47.062,-0.051,-0.945,0.324,0,0.325,0.946,-0.999,0.048,-0.017],"_shiftlockState":false,"_pose":"FreeFall","_animationQueue":[],"_animationSpeed":1,"_zoom":20.656},{"_mousePosition":[657,274],"_rootPartCFrame":[768.662,227.025,47.419,-0.048,0,0.999,0,1,0,-0.999,0,-0.048],"_humanoidState":5,"_cameraCFrame":[775.364,248.061,47.076,-0.051,-0.945,0.324,0,0.325,0.946,-0.999,0.048,-0.017],"_shiftlockState":false,"_pose":"FreeFall","_animationQueue":[],"_animationSpeed":1,"_zoom":20.656},{"_mousePosition":[657,274],"_rootPartCFrame":[768.396,227.561,47.433,-0.048,0,0.999,0,1,0,-0.999,0,-0.048],"_humanoidState":5,"_cameraCFrame":[775.021,248.623,47.093,-0.051,-0.946,0.321,0,0.321,0.947,-0.999,0.048,-0.016],"_shiftlockState":false,"_pose":"FreeFall","_animationQueue":[],"_animationSpeed":1,"_zoom":20.656},{"_mousePosition":[657,274],"_rootPartCFrame":[768.129,228.043,47.447,-0.049,0,0.999,0,1,0,-0.999,0,-0.049],"_humanoidState":5,"_cameraCFrame":[774.717,249.117,47.109,-0.051,-0.946,0.319,0,0.319,0.948,-0.999,0.048,-0.016],"_shiftlockState":false,"_pose":"FreeFall","_animationQueue":[],"_animationSpeed":1,"_zoom":20.656},{"_mousePosition":[657,274],"_rootPartCFrame":[767.863,228.47,47.46,-0.049,0,0.999,0,1,0,-0.999,0,-0.049],"_humanoidState":5,"_cameraCFrame":[774.414,249.557,47.158,-0.046,-0.947,0.317,0,0.317,0.948,-0.999,0.044,-0.015],"_shiftlockState":false,"_pose":"FreeFall","_animationQueue":[],"_animationSpeed":1,"_zoom":20.656},{"_mousePosition":[657,274],"_rootPartCFrame":[767.596,228.842,47.474,-0.049,0,0.999,0,1,0,-0.999,0,-0.049],"_humanoidState":5,"_cameraCFrame":[774.111,249.942,47.206,-0.041,-0.948,0.315,0,0.316,0.949,-0.999,0.039,-0.013],"_shiftlockState":false,"_pose":"FreeFall","_animationQueue":[],"_animationSpeed":1,"_zoom":20.656},{"_mousePosition":[657,274],"_rootPartCFrame":[767.33,229.16,47.486,-0.049,0,0.999,0,1,0,-0.999,0,-0.049],"_humanoidState":5,"_cameraCFrame":[773.808,250.273,47.253,-0.036,-0.949,0.314,0,0.314,0.949,-0.999,0.034,-0.011],"_shiftlockState":false,"_pose":"FreeFall","_animationQueue":[],"_animationSpeed":1,"_zoom":20.656},{"_mousePosition":[657,274],"_rootPartCFrame":[767.064,229.423,47.497,-0.048,0,0.999,0,1,0,-0.999,0,-0.048],"_humanoidState":5,"_cameraCFrame":[773.465,250.561,47.283,-0.033,-0.95,0.31,0,0.31,0.951,-0.999,0.032,-0.01],"_shiftlockState":false,"_pose":"FreeFall","_animationQueue":[],"_animationSpeed":1,"_zoom":20.656},{"_mousePosition":[657,274],"_rootPartCFrame":[766.864,229.585,47.505,-0.047,0,0.999,0,1,0,-0.999,0,-0.047],"_humanoidState":5,"_cameraCFrame":[773.228,250.735,47.324,-0.028,-0.951,0.308,0,0.308,0.951,-1,0.027,-0.009],"_shiftlockState":false,"_pose":"FreeFall","_animationQueue":[],"_animationSpeed":1,"_zoom":20.656},{"_mousePosition":[657,274],"_rootPartCFrame":[766.531,229.787,47.516,-0.045,0,0.999,0,1,0,-0.999,0,-0.045],"_humanoidState":5,"_cameraCFrame":[772.782,250.974,47.418,-0.016,-0.953,0.303,0,0.303,0.953,-1,0.015,-0.005],"_shiftlockState":false,"_pose":"FreeFall","_animationQueue":[],"_animationSpeed":1,"_zoom":20.656},{"_mousePosition":[657,274],"_rootPartCFrame":[766.264,229.887,47.524,-0.043,0,0.999,0,1,0,-0.999,0,-0.043],"_humanoidState":5,"_cameraCFrame":[772.439,251.098,47.505,-0.003,-0.954,0.299,0,0.299,0.954,-1,0.003,-0.001],"_shiftlockState":false,"_pose":"FreeFall","_animationQueue":[],"_animationSpeed":1,"_zoom":20.656},{"_mousePosition":[657,274],"_rootPartCFrame":[765.997,229.932,47.529,-0.04,0,0.999,0,1,0,-0.999,0,-0.04],"_humanoidState":5,"_cameraCFrame":[772.134,251.155,47.603,0.012,-0.955,0.297,0,0.297,0.955,-1,-0.012,0.004],"_shiftlockState":false,"_pose":"FreeFall","_animationQueue":[],"_animationSpeed":1,"_zoom":20.656},{"_mousePosition":[657,274],"_rootPartCFrame":[765.756,230.095,47.532,-0.039,0,0.999,0,1,0,-0.999,0,-0.039],"_humanoidState":12,"_cameraCFrame":[771.812,251.342,47.728,0.032,-0.955,0.293,0,0.293,0.956,-0.999,-0.031,0.009],"_shiftlockState":false,"_pose":"Climbing","_animationQueue":[["fall",0.3],["walk",0.1],["fall",0.3],["climb",0.1]],"_animationSpeed":0.125,"_zoom":20.656},{"_mousePosition":[657,274],"_rootPartCFrame":[765.541,230.318,47.535,-0.002,0,1,-0.004,1,0,-1,-0.004,-0.002],"_humanoidState":12,"_cameraCFrame":[771.513,251.589,47.888,0.06,-0.955,0.289,0,0.29,0.957,-0.998,-0.058,0.017],"_shiftlockState":false,"_pose":"Climbing","_animationQueue":[["climb",0.1]],"_animationSpeed":0.917,"_zoom":20.656},{"_mousePosition":[657,274],"_rootPartCFrame":[765.542,230.447,47.539,0.023,0.01,1,-0.004,1,-0.01,-1,-0.004,0.023],"_humanoidState":12,"_cameraCFrame":[771.474,251.73,48.1,0.095,-0.953,0.286,0,0.288,0.958,-0.995,-0.091,0.027],"_shiftlockState":false,"_pose":"Climbing","_animationQueue":[["climb",0.1]],"_animationSpeed":0.741,"_zoom":20.656},{"_mousePosition":[657,274],"_rootPartCFrame":[765.544,230.633,47.539,0.024,0.005,1,0,1,-0.005,-1,0,0.024],"_humanoidState":12,"_cameraCFrame":[771.364,251.938,48.335,0.136,-0.95,0.281,0,0.284,0.959,-0.991,-0.13,0.039],"_shiftlockState":false,"_pose":"Climbing","_animationQueue":[["climb",0.1]],"_animationSpeed":0.881,"_zoom":20.656},{"_mousePosition":[657,274],"_rootPartCFrame":[765.544,230.819,47.539,0.024,0,1,0,1,0,-1,0,0.024],"_humanoidState":12,"_cameraCFrame":[771.201,252.158,48.579,0.181,-0.945,0.274,0,0.278,0.96,-0.984,-0.173,0.05],"_shiftlockState":false,"_pose":"Climbing","_animationQueue":[["climb",0.1]],"_animationSpeed":0.932,"_zoom":20.656},{"_mousePosition":[657,274],"_rootPartCFrame":[765.544,231.006,47.539,0.024,-0.001,1,0,1,0.001,-1,0,0.024],"_humanoidState":12,"_cameraCFrame":[770.99,252.389,48.827,0.23,-0.937,0.264,0,0.271,0.963,-0.973,-0.222,0.062],"_shiftlockState":false,"_pose":"Climbing","_animationQueue":[],"_animationSpeed":0.932,"_zoom":20.656},{"_mousePosition":[657,274],"_rootPartCFrame":[765.544,231.193,47.539,0.024,0,1,0,1,0,-1,0,0.024],"_humanoidState":12,"_cameraCFrame":[770.769,252.619,49.058,0.279,-0.926,0.253,0,0.263,0.965,-0.96,-0.269,0.074],"_shiftlockState":false,"_pose":"Climbing","_animationQueue":[],"_animationSpeed":0.932,"_zoom":20.656},{"_mousePosition":[657,274],"_rootPartCFrame":[765.545,231.379,47.539,0.024,0,1,0,1,0,-1,0,0.024],"_humanoidState":12,"_cameraCFrame":[770.539,252.847,49.269,0.327,-0.913,0.242,0,0.256,0.967,-0.945,-0.316,0.084],"_shiftlockState":false,"_pose":"Climbing","_animationQueue":[],"_animationSpeed":0.932,"_zoom":20.656},{"_mousePosition":[657,274],"_rootPartCFrame":[765.545,231.566,47.539,0.024,0,1,0,1,0,-1,0,0.024],"_humanoidState":12,"_cameraCFrame":[770.337,253.065,49.476,0.375,-0.898,0.232,0,0.25,0.968,-0.927,-0.363,0.094],"_shiftlockState":false,"_pose":"Climbing","_animationQueue":[],"_animationSpeed":0.932,"_zoom":20.656},{"_mousePosition":[657,274],"_rootPartCFrame":[765.545,231.752,47.539,0.024,0,1,0,1,0,-1,0,0.024],"_humanoidState":12,"_cameraCFrame":[769.92,253.32,49.735,0.448,-0.868,0.212,0,0.237,0.972,-0.894,-0.436,0.106],"_shiftlockState":false,"_pose":"Climbing","_animationQueue":[],"_animationSpeed":0.932,"_zoom":20.656},{"_mousePosition":[657,274],"_rootPartCFrame":[765.545,231.939,47.539,0.024,0,1,0,1,0,-1,0,0.024],"_humanoidState":12,"_cameraCFrame":[769.65,253.544,49.907,0.5,-0.843,0.199,0,0.229,0.973,-0.866,-0.486,0.115],"_shiftlockState":false,"_pose":"Climbing","_animationQueue":[],"_animationSpeed":0.932,"_zoom":20.656},{"_mousePosition":[657,274],"_rootPartCFrame":[765.545,232.126,47.539,0.024,0,1,0,1,0,-1,0,0.024],"_humanoidState":12,"_cameraCFrame":[769.347,253.776,50.025,0.547,-0.817,0.184,0,0.22,0.976,-0.837,-0.534,0.12],"_shiftlockState":false,"_pose":"Climbing","_animationQueue":[],"_animationSpeed":0.932,"_zoom":20.656},{"_mousePosition":[657,274],"_rootPartCFrame":[765.545,232.312,47.539,0.024,0,1,0,1,0,-1,0,0.024],"_humanoidState":12,"_cameraCFrame":[769.045,254.006,50.116,0.593,-0.787,0.169,0,0.21,0.978,-0.805,-0.58,0.125],"_shiftlockState":false,"_pose":"Climbing","_animationQueue":[],"_animationSpeed":0.932,"_zoom":20.656},{"_mousePosition":[657,274],"_rootPartCFrame":[765.545,232.499,47.539,0.024,0,1,0,1,0,-1,0,0.024],"_humanoidState":12,"_cameraCFrame":[768.72,254.242,50.148,0.635,-0.757,0.154,0,0.199,0.98,-0.773,-0.622,0.126],"_shiftlockState":false,"_pose":"Climbing","_animationQueue":[],"_animationSpeed":0.932,"_zoom":20.656},{"_mousePosition":[657,274],"_rootPartCFrame":[765.545,232.686,47.539,0.024,0,1,0,1,0,-1,0,0.024],"_humanoidState":12,"_cameraCFrame":[768.425,254.468,50.187,0.677,-0.723,0.139,0,0.189,0.982,-0.736,-0.665,0.128],"_shiftlockState":false,"_pose":"Climbing","_animationQueue":[],"_animationSpeed":0.932,"_zoom":20.656},{"_mousePosition":[657,274],"_rootPartCFrame":[765.545,232.872,47.539,0.024,0,1,0,1,0,-1,0,0.024],"_humanoidState":12,"_cameraCFrame":[768.176,254.684,50.217,0.713,-0.689,0.127,0,0.182,0.983,-0.701,-0.701,0.13],"_shiftlockState":false,"_pose":"Climbing","_animationQueue":[],"_animationSpeed":0.932,"_zoom":20.656},{"_mousePosition":[657,274],"_rootPartCFrame":[765.545,233.059,47.539,0.024,0,1,0,1,0,-1,0,0.024],"_humanoidState":12,"_cameraCFrame":[767.933,254.901,50.215,0.746,-0.656,0.116,0,0.174,0.985,-0.666,-0.735,0.13],"_shiftlockState":false,"_pose":"Climbing","_animationQueue":[],"_animationSpeed":0.932,"_zoom":20.656},{"_mousePosition":[657,274],"_rootPartCFrame":[765.545,233.246,47.539,0.024,0,1,0,1,0,-1,0,0.024],"_humanoidState":12,"_cameraCFrame":[767.816,255.088,50.315,0.774,-0.624,0.11,0,0.174,0.985,-0.633,-0.762,0.134],"_shiftlockState":false,"_pose":"Climbing","_animationQueue":[],"_animationSpeed":0.932,"_zoom":20.656},{"_mousePosition":[657,274],"_rootPartCFrame":[765.545,233.432,47.539,0.024,0,1,0,1,0,-1,0,0.024],"_humanoidState":12,"_cameraCFrame":[767.709,255.274,50.4,0.797,-0.594,0.105,0,0.174,0.985,-0.603,-0.785,0.138],"_shiftlockState":false,"_pose":"Climbing","_animationQueue":[],"_animationSpeed":0.932,"_zoom":20.656},{"_mousePosition":[657,274],"_rootPartCFrame":[765.545,233.619,47.539,0.024,0,1,0,1,0,-1,0,0.024],"_humanoidState":12,"_cameraCFrame":[767.613,255.461,50.469,0.817,-0.568,0.1,0,0.174,0.985,-0.577,-0.805,0.142],"_shiftlockState":false,"_pose":"Climbing","_animationQueue":[],"_animationSpeed":0.932,"_zoom":20.656},{"_mousePosition":[657,274],"_rootPartCFrame":[765.545,233.806,47.539,0.024,0,1,0,1,0,-1,0,0.024],"_humanoidState":12,"_cameraCFrame":[767.539,255.648,50.521,0.831,-0.547,0.097,0,0.174,0.985,-0.556,-0.819,0.144],"_shiftlockState":false,"_pose":"Climbing","_animationQueue":[],"_animationSpeed":0.932,"_zoom":20.656},{"_mousePosition":[657,274],"_rootPartCFrame":[765.545,233.992,47.539,0.024,0,1,0,1,0,-1,0,0.024],"_humanoidState":12,"_cameraCFrame":[767.478,255.834,50.56,0.842,-0.531,0.094,0,0.174,0.985,-0.539,-0.83,0.146],"_shiftlockState":false,"_pose":"Climbing","_animationQueue":[],"_animationSpeed":0.932,"_zoom":20.656},{"_mousePosition":[657,274],"_rootPartCFrame":[765.545,234.179,47.539,0.024,0,1,0,1,0,-1,0,0.024],"_humanoidState":12,"_cameraCFrame":[767.416,256.021,50.599,0.853,-0.514,0.091,0,0.174,0.985,-0.522,-0.84,0.148],"_shiftlockState":false,"_pose":"Climbing","_animationQueue":[],"_animationSpeed":0.932,"_zoom":20.656},{"_mousePosition":[657,274],"_rootPartCFrame":[765.545,234.365,47.539,0.024,0,1,0,1,0,-1,0,0.024],"_humanoidState":12,"_cameraCFrame":[767.393,256.208,50.613,0.857,-0.507,0.089,0,0.174,0.985,-0.515,-0.844,0.149],"_shiftlockState":false,"_pose":"Climbing","_animationQueue":[],"_animationSpeed":0.932,"_zoom":20.656},{"_mousePosition":[657,274],"_rootPartCFrame":[765.545,234.505,47.539,0.024,0,1,0,1,0,-1,0,0.024],"_humanoidState":12,"_cameraCFrame":[767.393,256.348,50.613,0.857,-0.507,0.089,0,0.174,0.985,-0.515,-0.844,0.149],"_shiftlockState":false,"_pose":"Climbing","_animationQueue":[],"_animationSpeed":0.932,"_zoom":20.656},{"_mousePosition":[657,274],"_rootPartCFrame":[765.545,234.739,47.539,0.024,0,1,0,1,0,-1,0,0.024],"_humanoidState":12,"_cameraCFrame":[767.393,256.581,50.613,0.857,-0.507,0.089,0,0.174,0.985,-0.515,-0.844,0.149],"_shiftlockState":false,"_pose":"Climbing","_animationQueue":[],"_animationSpeed":0.932,"_zoom":20.656},{"_mousePosition":[657,274],"_rootPartCFrame":[765.545,234.925,47.539,0.024,0,1,0,1,0,-1,0,0.024],"_humanoidState":12,"_cameraCFrame":[767.393,256.768,50.613,0.857,-0.507,0.089,0,0.174,0.985,-0.515,-0.844,0.149],"_shiftlockState":false,"_pose":"Climbing","_animationQueue":[],"_animationSpeed":0.932,"_zoom":20.656},{"_mousePosition":[657,274],"_rootPartCFrame":[765.545,235.065,47.539,0.024,0,1,0,1,0,-1,0,0.024],"_humanoidState":12,"_cameraCFrame":[767.393,256.908,50.613,0.857,-0.507,0.089,0,0.174,0.985,-0.515,-0.844,0.149],"_shiftlockState":false,"_pose":"Climbing","_animationQueue":[],"_animationSpeed":0.932,"_zoom":20.656},{"_mousePosition":[657,274],"_rootPartCFrame":[765.545,235.299,47.539,0.024,0,1,0,1,0,-1,0,0.024],"_humanoidState":12,"_cameraCFrame":[767.385,257.141,50.618,0.858,-0.505,0.089,0,0.174,0.985,-0.513,-0.845,0.149],"_shiftlockState":false,"_pose":"Climbing","_animationQueue":[],"_animationSpeed":0.932,"_zoom":20.656},{"_mousePosition":[657,274],"_rootPartCFrame":[765.523,235.451,47.552,-0.028,0,1,0,1,0,-1,0,-0.028],"_humanoidState":8,"_cameraCFrame":[767.364,257.293,50.63,0.858,-0.505,0.089,0,0.174,0.985,-0.513,-0.845,0.149],"_shiftlockState":false,"_pose":"Standing","_animationQueue":[["climb",0.1],["idle",0.1],["idle",0.1]],"_animationSpeed":1,"_zoom":20.656},{"_mousePosition":[657,274],"_rootPartCFrame":[765.485,235.53,47.575,-0.079,0,0.997,0,1,0,-0.997,0,-0.079],"_humanoidState":5,"_cameraCFrame":[767.326,257.372,50.653,0.858,-0.505,0.089,0,0.174,0.985,-0.513,-0.845,0.149],"_shiftlockState":false,"_pose":"FreeFall","_animationQueue":[["walk",0.1],["fall",0.3]],"_animationSpeed":1,"_zoom":20.656},{"_mousePosition":[657,274],"_rootPartCFrame":[765.378,235.593,47.639,-0.157,0,0.988,0,1,0,-0.988,0,-0.157],"_humanoidState":5,"_cameraCFrame":[767.219,257.435,50.717,0.858,-0.505,0.089,0,0.174,0.985,-0.513,-0.845,0.149],"_shiftlockState":false,"_pose":"FreeFall","_animationQueue":[],"_animationSpeed":1,"_zoom":20.656},{"_mousePosition":[657,274],"_rootPartCFrame":[765.255,235.582,47.712,-0.21,0,0.978,0,1,0,-0.978,0,-0.21],"_humanoidState":5,"_cameraCFrame":[767.095,257.424,50.791,0.858,-0.505,0.089,0,0.174,0.985,-0.513,-0.845,0.149],"_shiftlockState":false,"_pose":"FreeFall","_animationQueue":[],"_animationSpeed":1,"_zoom":20.656},{"_mousePosition":[657,274],"_rootPartCFrame":[765.102,235.709,47.804,-0.244,0,0.97,0,1,0,-0.97,0,-0.244],"_humanoidState":7,"_cameraCFrame":[766.942,257.551,50.883,0.858,-0.505,0.089,0,0.174,0.985,-0.513,-0.845,0.149],"_shiftlockState":false,"_pose":"FreeFall","_animationQueue":[["fall",0.3],["walk",0.1],["fall",0.3],["fall",0.3]],"_animationSpeed":1,"_zoom":20.656},{"_mousePosition":[657,274],"_rootPartCFrame":[764.816,235.946,47.975,-0.293,0,0.956,0,1,0,-0.956,0,-0.293],"_humanoidState":7,"_cameraCFrame":[766.657,257.788,51.053,0.858,-0.505,0.089,0,0.174,0.985,-0.513,-0.845,0.149],"_shiftlockState":false,"_pose":"FreeFall","_animationQueue":[],"_animationSpeed":1,"_zoom":20.656},{"_mousePosition":[657,274],"_rootPartCFrame":[764.588,236.058,48.111,-0.326,0,0.946,0,1,0,-0.946,0,-0.326],"_humanoidState":8,"_cameraCFrame":[766.42,257.901,51.195,0.86,-0.503,0.089,0,0.174,0.985,-0.511,-0.847,0.149],"_shiftlockState":false,"_pose":"Running","_animationQueue":[["walk",0.1],["fall",0.3],["walk",0.1]],"_animationSpeed":1.103,"_zoom":20.656},{"_mousePosition":[657,274],"_rootPartCFrame":[764.359,236.123,48.248,-0.352,0,0.936,0,1,0,-0.936,0,-0.352],"_humanoidState":8,"_cameraCFrame":[766.191,257.965,51.332,0.86,-0.503,0.089,0,0.174,0.985,-0.511,-0.847,0.149],"_shiftlockState":false,"_pose":"Running","_animationQueue":[],"_animationSpeed":1.103,"_zoom":20.656},{"_mousePosition":[657,274],"_rootPartCFrame":[764.13,236.158,48.385,-0.374,0,0.927,0,1,0,-0.927,0,-0.374],"_humanoidState":8,"_cameraCFrame":[765.962,258,51.468,0.86,-0.503,0.089,0,0.174,0.985,-0.511,-0.847,0.149],"_shiftlockState":false,"_pose":"Running","_animationQueue":[],"_animationSpeed":1.103,"_zoom":20.656},{"_mousePosition":[657,274],"_rootPartCFrame":[763.9,236.177,48.521,-0.393,0,0.919,0,1,0,-0.919,0,-0.393],"_humanoidState":8,"_cameraCFrame":[765.733,258.02,51.604,0.86,-0.503,0.089,0,0.174,0.985,-0.511,-0.847,0.149],"_shiftlockState":false,"_pose":"Running","_animationQueue":[],"_animationSpeed":1.103,"_zoom":20.656},{"_mousePosition":[657,274],"_rootPartCFrame":[763.671,236.188,48.657,-0.41,0,0.912,0,1,0,-0.912,0,-0.41],"_humanoidState":8,"_cameraCFrame":[767.008,258.03,50.846,0.86,-0.503,0.089,0,0.174,0.985,-0.511,-0.847,0.149],"_shiftlockState":true,"_pose":"Running","_animationQueue":[["walk",0.1]],"_animationSpeed":1.103,"_zoom":20.656},{"_mousePosition":[683,384],"_rootPartCFrame":[763.442,236.193,48.793,0.9,0,0.435,0,1,0,-0.435,0,0.9],"_humanoidState":8,"_cameraCFrame":[766.779,258.035,50.982,0.86,-0.503,0.089,0,0.174,0.985,-0.511,-0.847,0.149],"_shiftlockState":true,"_pose":"Running","_animationQueue":[],"_animationSpeed":1.103,"_zoom":20.656},{"_mousePosition":[683,384],"_rootPartCFrame":[763.213,236.196,48.93,0.864,0,0.503,0,1,0,-0.503,0,0.864],"_humanoidState":8,"_cameraCFrame":[766.55,258.038,51.119,0.86,-0.503,0.089,0,0.174,0.985,-0.511,-0.847,0.149],"_shiftlockState":true,"_pose":"Running","_animationQueue":[],"_animationSpeed":1.103,"_zoom":20.656},{"_mousePosition":[683,384],"_rootPartCFrame":[763.041,236.178,49.032,0.86,0,0.51,0,1,0,-0.51,0,0.86],"_humanoidState":8,"_cameraCFrame":[766.378,258.02,51.221,0.86,-0.503,0.089,0,0.174,0.985,-0.511,-0.847,0.149],"_shiftlockState":true,"_pose":"Running","_animationQueue":[],"_animationSpeed":1.103,"_zoom":20.656},{"_mousePosition":[683,384],"_rootPartCFrame":[762.754,237.261,49.202,0.86,0,0.51,0,1,0,-0.51,0,0.86],"_humanoidState":3,"_cameraCFrame":[766.091,259.104,51.391,0.86,-0.503,0.089,0,0.174,0.985,-0.511,-0.847,0.149],"_shiftlockState":true,"_pose":"Jumping","_animationQueue":[["walk",0.1],["jump",0.1]],"_animationSpeed":1,"_zoom":20.656},{"_mousePosition":[683,384],"_rootPartCFrame":[762.525,238.07,49.338,0.809,0,0.588,0,1,0,-0.588,0,0.809],"_humanoidState":5,"_cameraCFrame":[765.867,259.912,51.519,0.858,-0.505,0.089,0,0.174,0.985,-0.513,-0.845,0.149],"_shiftlockState":true,"_pose":"FreeFall","_animationQueue":[["jump",0.1]],"_animationSpeed":1,"_zoom":20.656},{"_mousePosition":[683,384],"_rootPartCFrame":[762.296,238.824,49.475,0.785,0,0.619,0,1,0,-0.619,0,0.785],"_humanoidState":5,"_cameraCFrame":[765.638,260.666,51.655,0.858,-0.505,0.089,0,0.174,0.985,-0.513,-0.845,0.149],"_shiftlockState":true,"_pose":"FreeFall","_animationQueue":[],"_animationSpeed":1,"_zoom":20.656},{"_mousePosition":[683,384],"_rootPartCFrame":[762.067,239.523,49.611,0.783,0,0.622,0,1,0,-0.622,0,0.783],"_humanoidState":5,"_cameraCFrame":[765.409,261.365,51.792,0.858,-0.505,0.089,0,0.174,0.985,-0.513,-0.845,0.149],"_shiftlockState":true,"_pose":"FreeFall","_animationQueue":[],"_animationSpeed":1,"_zoom":20.656},{"_mousePosition":[683,384],"_rootPartCFrame":[761.838,240.168,49.748,0.783,0,0.623,0,1,0,-0.623,0,0.783],"_humanoidState":5,"_cameraCFrame":[765.18,262.01,51.929,0.858,-0.505,0.089,0,0.174,0.985,-0.513,-0.845,0.149],"_shiftlockState":true,"_pose":"FreeFall","_animationQueue":[],"_animationSpeed":1,"_zoom":20.656},{"_mousePosition":[683,384],"_rootPartCFrame":[761.666,240.616,49.851,0.803,0,0.596,0,1,0,-0.596,0,0.803],"_humanoidState":5,"_cameraCFrame":[765.009,262.458,52.032,0.858,-0.505,0.089,0,0.174,0.985,-0.513,-0.845,0.149],"_shiftlockState":true,"_pose":"FreeFall","_animationQueue":[],"_animationSpeed":1,"_zoom":20.656},{"_mousePosition":[683,384],"_rootPartCFrame":[761.38,241.294,50.022,0.761,0,0.648,0,1,0,-0.648,0,0.761],"_humanoidState":5,"_cameraCFrame":[764.723,263.137,52.203,0.858,-0.505,0.089,0,0.174,0.985,-0.513,-0.845,0.149],"_shiftlockState":true,"_pose":"FreeFall","_animationQueue":[],"_animationSpeed":1,"_zoom":20.656},{"_mousePosition":[683,384],"_rootPartCFrame":[761.151,241.776,50.159,0.783,0,0.623,0,1,0,-0.623,0,0.783],"_humanoidState":5,"_cameraCFrame":[764.494,263.618,52.339,0.858,-0.505,0.089,0,0.174,0.985,-0.513,-0.845,0.149],"_shiftlockState":true,"_pose":"FreeFall","_animationQueue":[],"_animationSpeed":1,"_zoom":20.656},{"_mousePosition":[683,384],"_rootPartCFrame":[760.923,242.203,50.296,0.783,0,0.623,0,1,0,-0.623,0,0.783],"_humanoidState":5,"_cameraCFrame":[764.265,264.045,52.476,0.858,-0.505,0.089,0,0.174,0.985,-0.513,-0.845,0.149],"_shiftlockState":true,"_pose":"FreeFall","_animationQueue":[],"_animationSpeed":1,"_zoom":20.656},{"_mousePosition":[683,384],"_rootPartCFrame":[760.694,242.575,50.432,0.783,0,0.623,0,1,0,-0.623,0,0.783],"_humanoidState":5,"_cameraCFrame":[764.036,264.417,52.613,0.858,-0.505,0.089,0,0.174,0.985,-0.513,-0.845,0.149],"_shiftlockState":true,"_pose":"FreeFall","_animationQueue":[],"_animationSpeed":1,"_zoom":20.656},{"_mousePosition":[683,384],"_rootPartCFrame":[760.465,242.893,50.569,0.783,0,0.623,0,1,0,-0.623,0,0.783],"_humanoidState":5,"_cameraCFrame":[763.797,264.735,52.767,0.861,-0.501,0.088,0,0.174,0.985,-0.509,-0.848,0.149],"_shiftlockState":true,"_pose":"FreeFall","_animationQueue":[],"_animationSpeed":1,"_zoom":20.656},{"_mousePosition":[683,384],"_rootPartCFrame":[760.236,243.156,50.706,0.786,0,0.619,0,1,0,-0.619,0,0.786],"_humanoidState":5,"_cameraCFrame":[763.545,264.999,52.937,0.866,-0.492,0.087,0,0.174,0.985,-0.5,-0.853,0.15],"_shiftlockState":true,"_pose":"FreeFall","_animationQueue":[],"_animationSpeed":1,"_zoom":20.656},{"_mousePosition":[683,384],"_rootPartCFrame":[760.007,243.365,50.842,0.792,0,0.611,0,1,0,-0.611,0,0.792],"_humanoidState":5,"_cameraCFrame":[763.287,265.207,53.115,0.872,-0.482,0.085,0,0.174,0.985,-0.489,-0.859,0.151],"_shiftlockState":true,"_pose":"FreeFall","_animationQueue":[],"_animationSpeed":1,"_zoom":20.656},{"_mousePosition":[683,384],"_rootPartCFrame":[759.776,243.52,50.976,0.8,0,0.601,0,1,0,-0.601,0,0.8],"_humanoidState":5,"_cameraCFrame":[763.016,265.362,53.306,0.881,-0.466,0.082,0,0.174,0.985,-0.474,-0.867,0.153],"_shiftlockState":true,"_pose":"FreeFall","_animationQueue":[],"_animationSpeed":1,"_zoom":20.656},{"_mousePosition":[683,384],"_rootPartCFrame":[759.544,243.619,51.107,0.81,0,0.586,0,1,0,-0.586,0,0.81],"_humanoidState":5,"_cameraCFrame":[762.73,265.462,53.51,0.891,-0.446,0.079,0,0.174,0.985,-0.453,-0.878,0.155],"_shiftlockState":true,"_pose":"FreeFall","_animationQueue":[],"_animationSpeed":1,"_zoom":20.656},{"_mousePosition":[683,384],"_rootPartCFrame":[759.309,243.665,51.233,0.823,0,0.568,0,1,0,-0.568,0,0.823],"_humanoidState":5,"_cameraCFrame":[762.389,265.507,53.772,0.91,-0.408,0.072,0,0.174,0.985,-0.415,-0.896,0.158],"_shiftlockState":true,"_pose":"FreeFall","_animationQueue":[],"_animationSpeed":1,"_zoom":20.656},{"_mousePosition":[683,384],"_rootPartCFrame":[759.072,243.656,51.355,0.847,0,0.532,0,1,0,-0.532,0,0.847],"_humanoidState":5,"_cameraCFrame":[762.073,265.498,53.986,0.922,-0.381,0.067,0,0.174,0.985,-0.387,-0.908,0.16],"_shiftlockState":true,"_pose":"FreeFall","_animationQueue":[["fall",0.3]],"_animationSpeed":1,"_zoom":20.656},{"_mousePosition":[683,384],"_rootPartCFrame":[758.83,243.592,51.467,0.863,0,0.506,0,1,0,-0.506,0,0.863],"_humanoidState":5,"_cameraCFrame":[761.75,265.434,54.188,0.933,-0.353,0.062,0,0.174,0.985,-0.359,-0.919,0.162],"_shiftlockState":true,"_pose":"FreeFall","_animationQueue":[],"_animationSpeed":1,"_zoom":20.656},{"_mousePosition":[683,384],"_rootPartCFrame":[758.584,243.474,51.571,0.878,0,0.479,0,1,0,-0.479,0,0.878],"_humanoidState":5,"_cameraCFrame":[761.413,265.316,54.387,0.945,-0.323,0.057,0,0.174,0.985,-0.328,-0.93,0.164],"_shiftlockState":true,"_pose":"FreeFall","_animationQueue":[],"_animationSpeed":1,"_zoom":20.656},{"_mousePosition":[683,384],"_rootPartCFrame":[758.336,243.301,51.668,0.893,0,0.45,0,1,0,-0.45,0,0.893],"_humanoidState":5,"_cameraCFrame":[761.063,265.144,54.582,0.956,-0.29,0.051,0,0.174,0.985,-0.294,-0.941,0.166],"_shiftlockState":true,"_pose":"FreeFall","_animationQueue":[],"_animationSpeed":1,"_zoom":20.656},{"_mousePosition":[683,384],"_rootPartCFrame":[758.085,243.074,51.757,0.908,0,0.418,0,1,0,-0.418,0,0.908],"_humanoidState":5,"_cameraCFrame":[760.707,264.917,54.765,0.966,-0.256,0.045,0,0.174,0.985,-0.26,-0.951,0.168],"_shiftlockState":true,"_pose":"FreeFall","_animationQueue":[],"_animationSpeed":1,"_zoom":20.656},{"_mousePosition":[683,384],"_rootPartCFrame":[757.83,242.793,51.837,0.923,0,0.386,0,1,0,-0.386,0,0.923],"_humanoidState":5,"_cameraCFrame":[760.328,264.635,54.949,0.975,-0.217,0.038,0,0.174,0.985,-0.221,-0.961,0.169],"_shiftlockState":true,"_pose":"FreeFall","_animationQueue":[],"_animationSpeed":1,"_zoom":20.656},{"_mousePosition":[683,384],"_rootPartCFrame":[757.573,242.457,51.907,0.937,0,0.348,0,1,0,-0.348,0,0.937],"_humanoidState":5,"_cameraCFrame":[759.951,264.299,55.112,0.983,-0.181,0.032,0,0.174,0.985,-0.183,-0.968,0.171],"_shiftlockState":true,"_pose":"FreeFall","_animationQueue":[["fall",0.3]],"_animationSpeed":1,"_zoom":20.656},{"_mousePosition":[683,384],"_rootPartCFrame":[757.313,242.066,51.968,0.95,0,0.312,0,1,0,-0.312,0,0.95],"_humanoidState":5,"_cameraCFrame":[759.577,263.908,55.255,0.989,-0.146,0.026,0,0.174,0.985,-0.149,-0.974,0.172],"_shiftlockState":true,"_pose":"FreeFall","_animationQueue":[],"_animationSpeed":1,"_zoom":20.656},{"_mousePosition":[683,384],"_rootPartCFrame":[757.052,241.621,52.018,0.96,0,0.279,0,1,0,-0.279,0,0.96],"_humanoidState":5,"_cameraCFrame":[759.214,263.463,55.372,0.993,-0.117,0.021,0,0.174,0.985,-0.118,-0.978,0.172],"_shiftlockState":true,"_pose":"FreeFall","_animationQueue":[],"_animationSpeed":1,"_zoom":20.656},{"_mousePosition":[683,384],"_rootPartCFrame":[756.788,241.121,52.059,0.968,0,0.249,0,1,0,-0.249,0,0.968],"_humanoidState":5,"_cameraCFrame":[758.874,262.964,55.462,0.995,-0.094,0.017,0,0.174,0.985,-0.096,-0.98,0.173],"_shiftlockState":true,"_pose":"FreeFall","_animationQueue":[],"_animationSpeed":1,"_zoom":20.656},{"_mousePosition":[683,384],"_rootPartCFrame":[756.523,240.567,52.092,0.974,0,0.227,0,1,0,-0.227,0,0.974],"_humanoidState":5,"_cameraCFrame":[758.548,262.409,55.531,0.997,-0.077,0.014,0,0.174,0.985,-0.078,-0.982,0.173],"_shiftlockState":true,"_pose":"FreeFall","_animationQueue":[],"_animationSpeed":1,"_zoom":20.656},{"_mousePosition":[683,384],"_rootPartCFrame":[756.203,239.798,52.096,0.976,0,0.219,0,1,0,-0.219,0,0.976],"_humanoidState":5,"_cameraCFrame":[758.228,261.64,55.535,0.997,-0.077,0.014,0,0.174,0.985,-0.078,-0.982,0.173],"_shiftlockState":true,"_pose":"FreeFall","_animationQueue":[],"_animationSpeed":1,"_zoom":20.656},{"_mousePosition":[683,384],"_rootPartCFrame":[756.019,239.296,52.07,0.988,0,0.157,0,1,0,-0.157,0,0.988],"_humanoidState":5,"_cameraCFrame":[758.044,261.138,55.509,0.997,-0.077,0.014,0,0.174,0.985,-0.078,-0.982,0.173],"_shiftlockState":true,"_pose":"FreeFall","_animationQueue":[],"_animationSpeed":1,"_zoom":20.656},{"_mousePosition":[683,384],"_rootPartCFrame":[755.784,238.578,52.002,0.983,0,0.182,0,1,0,-0.182,0,0.983],"_humanoidState":5,"_cameraCFrame":[757.809,260.42,55.441,0.997,-0.077,0.014,0,0.174,0.985,-0.078,-0.982,0.173],"_shiftlockState":true,"_pose":"FreeFall","_animationQueue":[["fall",0.3]],"_animationSpeed":1,"_zoom":20.656},{"_mousePosition":[683,384],"_rootPartCFrame":[755.561,237.806,51.895,0.983,0,0.182,0,1,0,-0.182,0,0.983],"_humanoidState":5,"_cameraCFrame":[757.577,259.648,55.34,0.997,-0.074,0.013,0,0.174,0.985,-0.076,-0.982,0.173],"_shiftlockState":true,"_pose":"FreeFall","_animationQueue":[],"_animationSpeed":1,"_zoom":20.656},{"_mousePosition":[683,384],"_rootPartCFrame":[755.349,236.979,51.751,0.984,0,0.18,0,1,0,-0.18,0,0.984],"_humanoidState":5,"_cameraCFrame":[757.339,258.821,55.211,0.998,-0.067,0.012,0,0.174,0.985,-0.068,-0.983,0.173],"_shiftlockState":true,"_pose":"FreeFall","_animationQueue":[],"_animationSpeed":1,"_zoom":20.656},{"_mousePosition":[683,384],"_rootPartCFrame":[755.146,236.098,51.58,0.985,0,0.173,0,1,0,-0.173,0,0.985],"_humanoidState":5,"_cameraCFrame":[757.101,257.94,55.059,0.998,-0.057,0.01,0,0.174,0.985,-0.058,-0.983,0.173],"_shiftlockState":true,"_pose":"FreeFall","_animationQueue":[],"_animationSpeed":1,"_zoom":20.656},{"_mousePosition":[683,384],"_rootPartCFrame":[755.042,236.125,51.49,0.996,0,0.091,0,1,0,-0.091,0,0.996],"_humanoidState":12,"_cameraCFrame":[756.944,257.967,54.999,0.999,-0.042,0.007,0,0.174,0.985,-0.043,-0.984,0.173],"_shiftlockState":true,"_pose":"Climbing","_animationQueue":[["walk",0.1],["fall",0.3],["climb",0.1],["climb",0]],"_animationSpeed":-4.508,"_zoom":20.656},{"_mousePosition":[683,384],"_rootPartCFrame":[755.035,236.308,51.484,0.999,0,0.047,0,1,0,-0.047,0,0.999],"_humanoidState":12,"_cameraCFrame":[756.883,258.15,55.022,1,-0.027,0.005,0,0.174,0.985,-0.028,-0.984,0.174],"_shiftlockState":true,"_pose":"Climbing","_animationQueue":[["climb",0.1]],"_animationSpeed":0.826,"_zoom":20.656},{"_mousePosition":[683,384],"_rootPartCFrame":[755.035,236.495,51.484,1,0,0.028,0,1,0,-0.028,0,1],"_humanoidState":12,"_cameraCFrame":[756.83,258.33,55.089,1,-0.012,0.002,0,0.176,0.984,-0.012,-0.984,0.176],"_shiftlockState":true,"_pose":"Climbing","_animationQueue":[["climb",0.1]],"_animationSpeed":0.931,"_zoom":20.656},{"_mousePosition":[683,384],"_rootPartCFrame":[755.035,236.682,51.484,1,0,0.013,0,1,0,-0.013,0,1],"_humanoidState":12,"_cameraCFrame":[756.784,258.517,55.111,1,0,0,0,0.176,0.984,0,-0.984,0.176],"_shiftlockState":true,"_pose":"Climbing","_animationQueue":[],"_animationSpeed":0.931,"_zoom":20.656},{"_mousePosition":[683,384],"_rootPartCFrame":[755.035,236.868,51.484,1,0,0,0,1,0,0,0,1],"_humanoidState":12,"_cameraCFrame":[756.747,258.696,55.168,1,0.01,-0.002,0,0.177,0.984,0.01,-0.984,0.177],"_shiftlockState":true,"_pose":"Climbing","_animationQueue":[],"_animationSpeed":0.931,"_zoom":20.656},{"_mousePosition":[683,384],"_rootPartCFrame":[755.035,237.055,51.484,1,0,-0.01,0,1,0,0.01,0,1],"_humanoidState":12,"_cameraCFrame":[756.747,258.883,55.168,1,0.01,-0.002,0,0.177,0.984,0.01,-0.984,0.177],"_shiftlockState":true,"_pose":"Climbing","_animationQueue":[["climb",0]],"_animationSpeed":0.931,"_zoom":20.656},{"_mousePosition":[683,384],"_rootPartCFrame":[755.035,237.241,51.484,1,0,-0.01,0,1,0,0.01,0,1],"_humanoidState":12,"_cameraCFrame":[756.747,259.07,55.168,1,0.01,-0.002,0,0.177,0.984,0.01,-0.984,0.177],"_shiftlockState":true,"_pose":"Climbing","_animationQueue":[],"_animationSpeed":0.931,"_zoom":20.656},{"_mousePosition":[683,384],"_rootPartCFrame":[755.035,237.428,51.484,1,0,-0.01,0,1,0,0.01,0,1],"_humanoidState":12,"_cameraCFrame":[756.747,259.256,55.168,1,0.01,-0.002,0,0.177,0.984,0.01,-0.984,0.177],"_shiftlockState":true,"_pose":"Climbing","_animationQueue":[],"_animationSpeed":0.931,"_zoom":20.656},{"_mousePosition":[683,384],"_rootPartCFrame":[755.035,237.615,51.484,1,0,-0.01,0,1,0,0.01,0,1],"_humanoidState":12,"_cameraCFrame":[756.747,259.443,55.168,1,0.01,-0.002,0,0.177,0.984,0.01,-0.984,0.177],"_shiftlockState":true,"_pose":"Climbing","_animationQueue":[],"_animationSpeed":0.931,"_zoom":20.656},{"_mousePosition":[683,384],"_rootPartCFrame":[755.035,237.755,51.484,1,0,-0.01,0,1,0,0.01,0,1],"_humanoidState":12,"_cameraCFrame":[756.747,259.583,55.168,1,0.01,-0.002,0,0.177,0.984,0.01,-0.984,0.177],"_shiftlockState":true,"_pose":"Climbing","_animationQueue":[],"_animationS