[{"_mousePosition":[487,286],"_rootPartCFrame":[776.034,222.7,47.142,-0.001,0,1,0,1,0,-1,0,-0.001],"_humanoidState":8,"_cameraCFrame":[781.937,235.207,47.639,0.084,-0.877,0.472,0,0.474,0.881,-0.996,-0.074,0.04],"_shiftlockState":false,"_pose":"Standing","_animationQueue":[],"_animationSpeed":1,"_zoom":12.5},{"_mousePosition":[487,286],"_rootPartCFrame":[775.788,222.7,47.122,0.011,0,1,0,1,0,-1,0,0.011],"_humanoidState":8,"_cameraCFrame":[781.538,235.287,47.635,0.089,-0.883,0.46,0,0.462,0.887,-0.996,-0.079,0.041],"_shiftlockState":false,"_pose":"Standing","_animationQueue":[],"_animationSpeed":1,"_zoom":12.5},{"_mousePosition":[487,286],"_rootPartCFrame":[775.656,222.7,47.111,0.016,0,1,0,1,0,-1,0,0.016],"_humanoidState":8,"_cameraCFrame":[781.276,235.353,47.612,0.089,-0.889,0.45,0,0.451,0.892,-0.996,-0.079,0.04],"_shiftlockState":false,"_pose":"Running","_animationQueue":[["walk",0.1]],"_animationSpeed":1.066,"_zoom":12.5},{"_mousePosition":[487,286],"_rootPartCFrame":[775.391,222.7,47.087,0.025,0,1,0,1,0,-1,0,0.025],"_humanoidState":8,"_cameraCFrame":[780.902,235.408,47.579,0.089,-0.893,0.441,0,0.443,0.897,-0.996,-0.08,0.039],"_shiftlockState":false,"_pose":"Running","_animationQueue":[],"_animationSpeed":1.066,"_zoom":12.5},{"_mousePosition":[487,286],"_rootPartCFrame":[775.125,222.7,47.063,0.034,0,0.999,0,1,0,-0.999,0,0.034],"_humanoidState":8,"_cameraCFrame":[780.528,235.461,47.545,0.089,-0.897,0.432,0,0.434,0.901,-0.996,-0.08,0.039],"_shiftlockState":false,"_pose":"Running","_animationQueue":[],"_animationSpeed":1.066,"_zoom":12.5},{"_mousePosition":[487,286],"_rootPartCFrame":[774.859,222.7,47.04,0.042,0,0.999,0,1,0,-0.999,0,0.042],"_humanoidState":8,"_cameraCFrame":[780.153,235.514,47.512,0.089,-0.902,0.423,0,0.425,0.905,-0.996,-0.08,0.038],"_shiftlockState":false,"_pose":"Running","_animationQueue":[],"_animationSpeed":1.066,"_zoom":12.5},{"_mousePosition":[487,286],"_rootPartCFrame":[774.594,222.7,47.016,0.048,0,0.999,0,1,0,-0.999,0,0.048],"_humanoidState":8,"_cameraCFrame":[779.755,235.575,47.476,0.089,-0.906,0.413,0,0.415,0.91,-0.996,-0.081,0.037],"_shiftlockState":false,"_pose":"Running","_animationQueue":[["walk",0.1]],"_animationSpeed":1.066,"_zoom":12.5},{"_mousePosition":[487,286],"_rootPartCFrame":[774.328,222.7,46.992,0.053,0,0.999,0,1,0,-0.999,0,0.053],"_humanoidState":8,"_cameraCFrame":[779.36,235.635,47.403,0.081,-0.912,0.403,0,0.404,0.915,-0.997,-0.074,0.033],"_shiftlockState":false,"_pose":"Running","_animationQueue":[],"_animationSpeed":1.066,"_zoom":12.5},{"_mousePosition":[487,286],"_rootPartCFrame":[774.063,222.7,46.968,0.058,0,0.998,0,1,0,-0.998,0,0.058],"_humanoidState":8,"_cameraCFrame":[778.963,235.693,47.331,0.074,-0.917,0.392,0,0.393,0.919,-0.997,-0.068,0.029],"_shiftlockState":false,"_pose":"Running","_animationQueue":[],"_animationSpeed":1.066,"_zoom":12.5},{"_mousePosition":[487,286],"_rootPartCFrame":[773.797,222.7,46.947,0.062,0,0.998,0,1,0,-0.998,0,0.062],"_humanoidState":8,"_cameraCFrame":[778.456,235.796,47.208,0.056,-0.926,0.373,0,0.373,0.928,-0.998,-0.052,0.021],"_shiftlockState":false,"_pose":"Running","_animationQueue":[],"_animationSpeed":1.066,"_zoom":12.5},{"_mousePosition":[487,286],"_rootPartCFrame":[773.531,222.7,46.927,0.063,0,0.998,0,1,0,-0.998,0,0.063],"_humanoidState":8,"_cameraCFrame":[778.013,235.867,47.11,0.041,-0.933,0.359,0,0.359,0.933,-0.999,-0.038,0.015],"_shiftlockState":false,"_pose":"Running","_animationQueue":[],"_animationSpeed":1.066,"_zoom":12.5},{"_mousePosition":[487,286],"_rootPartCFrame":[773.265,222.7,46.911,0.063,0,0.998,0,1,0,-0.998,0,0.063],"_humanoidState":8,"_cameraCFrame":[777.566,235.936,47.033,0.028,-0.939,0.344,0,0.344,0.939,-1,-0.027,0.01],"_shiftlockState":false,"_pose":"Running","_animationQueue":[],"_animationSpeed":1.066,"_zoom":12.5},{"_mousePosition":[487,286],"_rootPartCFrame":[772.998,222.7,46.9,0.06,0,0.998,0,1,0,-0.998,0,0.06],"_humanoidState":8,"_cameraCFrame":[777.117,236.001,46.954,0.013,-0.944,0.33,0,0.33,0.944,-1,-0.012,0.004],"_shiftlockState":false,"_pose":"Running","_animationQueue":[],"_animationSpeed":1.066,"_zoom":12.5},{"_mousePosition":[487,286],"_rootPartCFrame":[772.732,222.7,46.892,0.056,0,0.998,0,1,0,-0.998,0,0.056],"_humanoidState":8,"_cameraCFrame":[776.69,236.056,46.884,-0.002,-0.949,0.317,0,0.317,0.949,-1,0.002,-0.001],"_shiftlockState":false,"_pose":"Running","_animationQueue":[["walk",0.1]],"_animationSpeed":1.066,"_zoom":12.5},{"_mousePosition":[487,286],"_rootPartCFrame":[772.465,222.7,46.889,0.05,0,0.999,0,1,0,-0.999,0,0.05],"_humanoidState":8,"_cameraCFrame":[776.284,236.102,46.823,-0.017,-0.952,0.306,0,0.306,0.952,-1,0.016,-0.005],"_shiftlockState":false,"_pose":"Running","_animationQueue":[],"_animationSpeed":1.066,"_zoom":12.5},{"_mousePosition":[487,286],"_rootPartCFrame":[772.198,222.7,46.889,0.043,0,0.999,0,1,0,-0.999,0,0.043],"_humanoidState":8,"_cameraCFrame":[775.923,236.131,46.787,-0.027,-0.954,0.298,0,0.298,0.955,-1,0.026,-0.008],"_shiftlockState":false,"_pose":"Running","_animationQueue":[],"_animationSpeed":1.066,"_zoom":12.5},{"_mousePosition":[487,286],"_rootPartCFrame":[771.932,222.7,46.893,0.035,0,0.999,0,1,0,-0.999,0,0.035],"_humanoidState":8,"_cameraCFrame":[775.61,236.146,46.783,-0.03,-0.955,0.294,0,0.294,0.956,-1,0.029,-0.009],"_shiftlockState":false,"_pose":"Running","_animationQueue":[],"_animationSpeed":1.066,"_zoom":12.5},{"_mousePosition":[487,286],"_rootPartCFrame":[771.665,222.7,46.9,0.027,0,1,0,1,0,-1,0,0.027],"_humanoidState":8,"_cameraCFrame":[775.343,236.146,46.79,-0.03,-0.955,0.294,0,0.294,0.956,-1,0.029,-0.009],"_shiftlockState":false,"_pose":"Running","_animationQueue":[],"_animationSpeed":1.066,"_zoom":12.5},{"_mousePosition":[487,286],"_rootPartCFrame":[771.398,222.7,46.908,0.019,0,1,0,1,0,-1,0,0.019],"_humanoidState":8,"_cameraCFrame":[775.077,236.146,46.798,-0.03,-0.955,0.294,0,0.294,0.956,-1,0.029,-0.009],"_shiftlockState":false,"_pose":"Running","_animationQueue":[],"_animationSpeed":1.066,"_zoom":12.5},{"_mousePosition":[487,286],"_rootPartCFrame":[771.132,222.7,46.916,0.013,0,1,0,1,0,-1,0,0.013],"_humanoidState":8,"_cameraCFrame":[774.81,236.146,46.806,-0.03,-0.955,0.294,0,0.294,0.956,-1,0.029,-0.009],"_shiftlockState":false,"_pose":"Running","_animationQueue":[],"_animationSpeed":1.066,"_zoom":12.5},{"_mousePosition":[487,286],"_rootPartCFrame":[770.865,222.7,46.924,0.007,0,1,0,1,0,-1,0,0.007],"_humanoidState":8,"_cameraCFrame":[774.543,236.146,46.814,-0.03,-0.955,0.294,0,0.294,0.956,-1,0.029,-0.009],"_shiftlockState":false,"_pose":"Running","_animationQueue":[["walk",0.1]],"_animationSpeed":1.066,"_zoom":12.5},{"_mousePosition":[487,286],"_rootPartCFrame":[770.599,222.7,46.932,0.002,0,1,0,1,0,-1,0,0.002],"_humanoidState":8,"_cameraCFrame":[774.277,236.146,46.822,-0.03,-0.955,0.294,0,0.294,0.956,-1,0.029,-0.009],"_shiftlockState":false,"_pose":"Running","_animationQueue":[],"_animationSpeed":1.066,"_zoom":12.5},{"_mousePosition":[487,286],"_rootPartCFrame":[770.332,222.666,46.94,-0.003,0,1,0,1,0,-1,0,-0.003],"_humanoidState":8,"_cameraCFrame":[774.01,236.111,46.83,-0.03,-0.955,0.294,0,0.294,0.956,-1,0.029,-0.009],"_shiftlockState":false,"_pose":"Running","_animationQueue":[],"_animationSpeed":1.066,"_zoom":12.5},{"_mousePosition":[487,286],"_rootPartCFrame":[770.065,223.528,46.948,-0.008,0,1,0,1,0,-1,0,-0.008],"_humanoidState":3,"_cameraCFrame":[773.744,236.974,46.838,-0.03,-0.955,0.294,0,0.294,0.956,-1,0.029,-0.009],"_shiftlockState":false,"_pose":"Jumping","_animationQueue":[["walk",0.1],["jump",0.1]],"_animationSpeed":1,"_zoom":12.5},{"_mousePosition":[487,286],"_rootPartCFrame":[769.799,224.337,46.956,-0.011,0,1,0,1,0,-1,0,-0.011],"_humanoidState":5,"_cameraCFrame":[773.477,237.783,46.846,-0.03,-0.955,0.294,0,0.294,0.956,-1,0.029,-0.009],"_shiftlockState":false,"_pose":"FreeFall","_animationQueue":[["jump",0.1]],"_animationSpeed":1,"_zoom":12.5},{"_mousePosition":[487,286],"_rootPartCFrame":[769.599,224.907,46.962,-0.013,0,1,0,1,0,-1,0,-0.013],"_humanoidState":5,"_cameraCFrame":[773.277,238.353,46.852,-0.03,-0.955,0.294,0,0.294,0.956,-1,0.029,-0.009],"_shiftlockState":false,"_pose":"FreeFall","_animationQueue":[],"_animationSpeed":1,"_zoom":12.5},{"_mousePosition":[487,286],"_rootPartCFrame":[769.266,225.79,46.972,-0.016,0,1,0,1,0,-1,0,-0.016],"_humanoidState":5,"_cameraCFrame":[772.944,239.236,46.862,-0.03,-0.955,0.294,0,0.294,0.956,-1,0.029,-0.009],"_shiftlockState":false,"_pose":"FreeFall","_animationQueue":[],"_animationSpeed":1,"_zoom":12.5},{"_mousePosition":[487,286],"_rootPartCFrame":[769.066,226.279,46.978,-0.018,0,1,0,1,0,-1,0,-0.018],"_humanoidState":5,"_cameraCFrame":[772.744,239.725,46.868,-0.03,-0.955,0.294,0,0.294,0.956,-1,0.029,-0.009],"_shiftlockState":false,"_pose":"FreeFall","_animationQueue":[],"_animationSpeed":1,"_zoom":12.5},{"_mousePosition":[487,286],"_rootPartCFrame":[768.799,226.883,46.986,-0.02,0,1,0,1,0,-1,0,-0.02],"_humanoidState":5,"_cameraCFrame":[772.477,240.329,46.876,-0.03,-0.955,0.294,0,0.294,0.956,-1,0.029,-0.009],"_shiftlockState":false,"_pose":"FreeFall","_animationQueue":[],"_animationSpeed":1,"_zoom":12.5},{"_mousePosition":[487,286],"_rootPartCFrame":[768.532,227.432,46.994,-0.021,0,1,0,1,0,-1,0,-0.021],"_humanoidState":5,"_cameraCFrame":[772.211,240.878,46.884,-0.03,-0.955,0.294,0,0.294,0.956,-1,0.029,-0.009],"_shiftlockState":false,"_pose":"FreeFall","_animationQueue":[],"_animationSpeed":1,"_zoom":12.5},{"_mousePosition":[487,286],"_rootPartCFrame":[768.199,228.043,47.004,-0.023,0,1,0,1,0,-1,0,-0.023],"_humanoidState":5,"_cameraCFrame":[771.877,241.489,46.894,-0.03,-0.955,0.294,0,0.294,0.956,-1,0.029,-0.009],"_shiftlockState":false,"_pose":"FreeFall","_animationQueue":[],"_animationSpeed":1,"_zoom":12.5},{"_mousePosition":[487,286],"_rootPartCFrame":[767.999,228.368,47.01,-0.023,0,1,0,1,0,-1,0,-0.023],"_humanoidState":5,"_cameraCFrame":[771.677,241.814,46.9,-0.03,-0.955,0.294,0,0.294,0.956,-1,0.029,-0.009],"_shiftlockState":false,"_pose":"FreeFall","_animationQueue":[],"_animationSpeed":1,"_zoom":12.5},{"_mousePosition":[487,286],"_rootPartCFrame":[767.733,228.754,47.018,-0.024,0,1,0,1,0,-1,0,-0.024],"_humanoidState":5,"_cameraCFrame":[771.411,242.2,46.908,-0.03,-0.955,0.294,0,0.294,0.956,-1,0.029,-0.009],"_shiftlockState":false,"_pose":"FreeFall","_animationQueue":[],"_animationSpeed":1,"_zoom":12.5},{"_mousePosition":[487,286],"_rootPartCFrame":[767.466,229.086,47.026,-0.025,0,1,0,1,0,-1,0,-0.025],"_humanoidState":5,"_cameraCFrame":[771.191,242.517,46.924,-0.027,-0.954,0.298,0,0.298,0.955,-1,0.026,-0.008],"_shiftlockState":false,"_pose":"FreeFall","_animationQueue":[],"_animationSpeed":1,"_zoom":12.5},{"_mousePosition":[487,286],"_rootPartCFrame":[767.133,229.423,47.036,-0.026,0,1,0,1,0,-1,0,-0.026],"_humanoidState":5,"_cameraCFrame":[770.928,242.833,46.941,-0.025,-0.952,0.304,0,0.304,0.953,-1,0.024,-0.008],"_shiftlockState":false,"_pose":"FreeFall","_animationQueue":[],"_animationSpeed":1,"_zoom":12.5},{"_mousePosition":[487,286],"_rootPartCFrame":[766.866,229.632,47.043,-0.026,0,1,0,1,0,-1,0,-0.026],"_humanoidState":5,"_cameraCFrame":[770.731,243.019,46.967,-0.02,-0.951,0.309,0,0.309,0.951,-1,0.019,-0.006],"_shiftlockState":false,"_pose":"FreeFall","_animationQueue":[],"_animationSpeed":1,"_zoom":12.5},{"_mousePosition":[487,286],"_rootPartCFrame":[766.6,229.787,47.05,-0.026,0,1,0,1,0,-1,0,-0.026],"_humanoidState":5,"_cameraCFrame":[770.557,243.143,46.981,-0.017,-0.948,0.317,0,0.317,0.949,-1,0.016,-0.005],"_shiftlockState":false,"_pose":"FreeFall","_animationQueue":[],"_animationSpeed":1,"_zoom":12.5},{"_mousePosition":[487,286],"_rootPartCFrame":[766.333,229.887,47.055,-0.026,0,1,0,1,0,-1,0,-0.026],"_humanoidState":5,"_cameraCFrame":[770.314,243.235,46.997,-0.015,-0.948,0.318,0,0.319,0.948,-1,0.014,-0.005],"_shiftlockState":false,"_pose":"FreeFall","_animationQueue":[],"_animationSpeed":1,"_zoom":12.5},{"_mousePosition":[487,286],"_rootPartCFrame":[766.066,229.932,47.06,-0.025,0,1,0,1,0,-1,0,-0.025],"_humanoidState":5,"_cameraCFrame":[770.07,243.273,47.001,-0.015,-0.947,0.32,0,0.32,0.947,-1,0.014,-0.005],"_shiftlockState":false,"_pose":"FreeFall","_animationQueue":[],"_animationSpeed":1,"_zoom":12.5},{"_mousePosition":[487,286],"_rootPartCFrame":[765.8,229.923,47.064,-0.023,0,1,0,1,0,-1,0,-0.023],"_humanoidState":5,"_cameraCFrame":[769.804,243.264,47.005,-0.015,-0.947,0.32,0,0.32,0.947,-1,0.014,-0.005],"_shiftlockState":false,"_pose":"FreeFall","_animationQueue":[["fall",0.3]],"_animationSpeed":1,"_zoom":12.5},{"_mousePosition":[487,286],"_rootPartCFrame":[765.6,229.88,47.067,-0.022,0,1,0,1,0,-1,0,-0.022],"_humanoidState":5,"_cameraCFrame":[769.604,243.221,47.008,-0.015,-0.947,0.32,0,0.32,0.947,-1,0.014,-0.005],"_shiftlockState":false,"_pose":"FreeFall","_animationQueue":[],"_animationSpeed":1,"_zoom":12.5},{"_mousePosition":[487,286],"_rootPartCFrame":[765.333,229.776,47.071,-0.021,0,1,0,1,0,-1,0,-0.021],"_humanoidState":5,"_cameraCFrame":[769.337,243.117,47.012,-0.015,-0.947,0.32,0,0.32,0.947,-1,0.014,-0.005],"_shiftlockState":false,"_pose":"FreeFall","_animationQueue":[],"_animationSpeed":1,"_zoom":12.5},{"_mousePosition":[487,286],"_rootPartCFrame":[765.067,229.617,47.075,-0.02,0,1,0,1,0,-1,0,-0.02],"_humanoidState":5,"_cameraCFrame":[769.071,242.958,47.016,-0.015,-0.947,0.32,0,0.32,0.947,-1,0.014,-0.005],"_shiftlockState":false,"_pose":"FreeFall","_animationQueue":[],"_animationSpeed":1,"_zoom":12.5},{"_mousePosition":[487,286],"_rootPartCFrame":[764.8,229.403,47.079,-0.02,0,1,0,1,0,-1,0,-0.02],"_humanoidState":5,"_cameraCFrame":[768.804,242.744,47.02,-0.015,-0.947,0.32,0,0.32,0.947,-1,0.014,-0.005],"_shiftlockState":false,"_pose":"FreeFall","_animationQueue":[],"_animationSpeed":1,"_zoom":12.5},{"_mousePosition":[487,286],"_rootPartCFrame":[764.533,229.135,47.083,-0.019,0,1,0,1,0,-1,0,-0.019],"_humanoidState":5,"_cameraCFrame":[768.537,242.476,47.024,-0.015,-0.947,0.32,0,0.32,0.947,-1,0.014,-0.005],"_shiftlockState":false,"_pose":"FreeFall","_animationQueue":[],"_animationSpeed":1,"_zoom":12.5},{"_mousePosition":[487,286],"_rootPartCFrame":[764.267,228.813,47.087,-0.018,0,1,0,1,0,-1,0,-0.018],"_humanoidState":5,"_cameraCFrame":[768.271,242.154,47.028,-0.015,-0.947,0.32,0,0.32,0.947,-1,0.014,-0.005],"_shiftlockState":false,"_pose":"FreeFall","_animationQueue":[],"_animationSpeed":1,"_zoom":12.5},{"_mousePosition":[487,286],"_rootPartCFrame":[764,228.436,47.091,-0.018,0,1,0,1,0,-1,0,-0.018],"_humanoidState":5,"_cameraCFrame":[768.004,241.777,47.042,-0.012,-0.947,0.32,0,0.32,0.947,-1,0.012,-0.004],"_shiftlockState":false,"_pose":"FreeFall","_animationQueue":[["fall",0.3]],"_animationSpeed":1,"_zoom":12.5},{"_mousePosition":[487,286],"_rootPartCFrame":[763.734,228.004,47.095,-0.017,0,1,0,1,0,-1,0,-0.017],"_humanoidState":5,"_cameraCFrame":[767.738,241.345,47.046,-0.012,-0.947,0.32,0,0.32,0.947,-1,0.012,-0.004],"_shiftlockState":false,"_pose":"FreeFall","_animationQueue":[],"_animationSpeed":1,"_zoom":12.5},{"_mousePosition":[487,286],"_rootPartCFrame":[763.467,227.518,47.098,-0.017,0,1,0,1,0,-1,0,-0.017],"_humanoidState":5,"_cameraCFrame":[767.471,240.859,47.049,-0.012,-0.947,0.32,0,0.32,0.947,-1,0.012,-0.004],"_shiftlockState":false,"_pose":"FreeFall","_animationQueue":[],"_animationSpeed":1,"_zoom":12.5},{"_mousePosition":[487,286],"_rootPartCFrame":[763.2,226.978,47.101,-0.016,0,1,0,1,0,-1,0,-0.016],"_humanoidState":5,"_cameraCFrame":[767.204,240.319,47.052,-0.012,-0.947,0.32,0,0.32,0.947,-1,0.012,-0.004],"_shiftlockState":false,"_pose":"FreeFall","_animationQueue":[],"_animationSpeed":1,"_zoom":12.5},{"_mousePosition":[488,286],"_rootPartCFrame":[762.934,226.383,47.104,-0.016,0,1,0,1,0,-1,0,-0.016],"_humanoidState":5,"_cameraCFrame":[767.036,240.014,47.054,-0.012,-0.947,0.32,0,0.32,0.947,-1,0.012,-0.004],"_shiftlockState":false,"_pose":"FreeFall","_animationQueue":[],"_animationSpeed":1,"_zoom":16.125},{"_mousePosition":[488,286],"_rootPartCFrame":[762.601,225.563,47.109,-0.015,0,1,0,1,0,-1,0,-0.015],"_humanoidState":5,"_cameraCFrame":[766.883,239.726,47.056,-0.012,-0.947,0.32,0,0.32,0.947,-1,0.012,-0.004],"_shiftlockState":false,"_pose":"FreeFall","_animationQueue":[],"_animationSpeed":1,"_zoom":16.125},{"_mousePosition":[487,286],"_rootPartCFrame":[762.401,225.029,47.111,-0.015,0,1,0,1,0,-1,0,-0.015],"_humanoidState":5,"_cameraCFrame":[766.858,239.797,47.057,-0.012,-0.948,0.318,0,0.319,0.948,-1,0.012,-0.004],"_shiftlockState":false,"_pose":"FreeFall","_animationQueue":[],"_animationSpeed":1,"_zoom":16.125},{"_mousePosition":[487,286],"_rootPartCFrame":[762.067,224.073,47.115,-0.014,0,1,0,1,0,-1,0,-0.014],"_humanoidState":5,"_cameraCFrame":[766.691,239.334,47.059,-0.012,-0.948,0.318,0,0.319,0.948,-1,0.012,-0.004],"_shiftlockState":false,"_pose":"FreeFall","_animationQueue":[["fall",0.3]],"_animationSpeed":1,"_zoom":16.125},{"_mousePosition":[487,286],"_rootPartCFrame":[761.867,223.458,47.117,-0.014,0,1,0,1,0,-1,0,-0.014],"_humanoidState":5,"_cameraCFrame":[766.605,239.152,47.06,-0.012,-0.948,0.317,0,0.317,0.949,-1,0.012,-0.004],"_shiftlockState":false,"_pose":"FreeFall","_animationQueue":[],"_animationSpeed":1,"_zoom":16.125},{"_mousePosition":[487,286],"_rootPartCFrame":[761.341,222.476,47.122,-0.014,0,1,0,1,0,-1,0,-0.014],"_humanoidState":7,"_cameraCFrame":[766.187,238.492,47.062,-0.012,-0.948,0.317,0,0.317,0.949,-1,0.012,-0.004],"_shiftlockState":false,"_pose":"FreeFall","_animationQueue":[["walk",0.1],["fall",0.3],["fall",0.3]],"_animationSpeed":1,"_zoom":16.125},{"_mousePosition":[487,286],"_rootPartCFrame":[760.688,222.439,47.125,-0.014,0,1,0,1,0,-1,0,-0.014],"_humanoidState":7,"_cameraCFrame":[765.609,238.68,47.065,-0.012,-0.948,0.317,0,0.317,0.949,-1,0.012,-0.004],"_shiftlockState":false,"_pose":"FreeFall","_animationQueue":[],"_animationSpeed":1,"_zoom":16.125},{"_mousePosition":[487,286],"_rootPartCFrame":[759.874,222.537,47.125,-0.013,0,1,0,1,0,-1,0,-0.013],"_humanoidState":8,"_cameraCFrame":[764.823,238.961,47.065,-0.012,-0.949,0.315,0,0.315,0.949,-1,0.012,-0.004],"_shiftlockState":false,"_pose":"Running","_animationQueue":[["walk",0.1],["fall",0.3],["walk",0.1]],"_animationSpeed":0.427,"_zoom":16.125},{"_mousePosition":[487,286],"_rootPartCFrame":[759.041,222.609,47.125,-0.013,0,1,0,1,0,-1,0,-0.013],"_humanoidState":8,"_cameraCFrame":[764.001,239.164,47.065,-0.012,-0.95,0.313,0,0.313,0.95,-1,0.012,-0.004],"_shiftlockState":false,"_pose":"Standing","_animationQueue":[["idle",0.1]],"_animationSpeed":1,"_zoom":16.125},{"_mousePosition":[487,286],"_rootPartCFrame":[758.208,222.65,47.125,-0.013,0,1,0,1,0,-1,0,-0.013],"_humanoidState":8,"_cameraCFrame":[763.196,239.289,47.064,-0.012,-0.95,0.313,0,0.313,0.95,-1,0.012,-0.004],"_shiftlockState":false,"_pose":"Standing","_animationQueue":[],"_animationSpeed":1,"_zoom":16.125},{"_mousePosition":[487,286],"_rootPartCFrame":[757.374,222.673,47.125,-0.013,0,1,0,1,0,-1,0,-0.013],"_humanoidState":8,"_cameraCFrame":[762.381,239.367,47.064,-0.012,-0.95,0.313,0,0.313,0.95,-1,0.012,-0.004],"_shiftlockState":false,"_pose":"Standing","_animationQueue":[],"_animationSpeed":1,"_zoom":16.125},{"_mousePosition":[487,286],"_rootPartCFrame":[756.541,222.685,47.125,-0.013,0,1,0,1,0,-1,0,-0.013],"_humanoidState":8,"_cameraCFrame":[761.561,239.419,47.064,-0.012,-0.95,0.313,0,0.313,0.95,-1,0.012,-0.004],"_shiftlockState":false,"_pose":"Standing","_animationQueue":[],"_animationSpeed":1,"_zoom":16.125},{"_mousePosition":[487,286],"_rootPartCFrame":[755.916,222.69,47.125,-0.013,0,1,0,1,0,-1,0,-0.013],"_humanoidState":8,"_cameraCFrame":[760.914,239.46,47.064,-0.012,-0.95,0.311,0,0.311,0.95,-1,0.012,-0.004],"_shiftlockState":false,"_pose":"Standing","_animationQueue":[],"_animationSpeed":1,"_zoom":16.125},{"_mousePosition":[487,286],"_rootPartCFrame":[755.083,222.695,47.125,-0.013,0,1,0,1,0,-1,0,-0.013],"_humanoidState":8,"_cameraCFrame":[760.057,239.493,47.065,-0.012,-0.951,0.309,0,0.309,0.951,-1,0.012,-0.004],"_shiftlockState":false,"_pose":"Standing","_animationQueue":[],"_animationSpeed":1,"_zoom":16.125},{"_mousePosition":[487,286],"_rootPartCFrame":[754.041,222.697,47.125,-0.013,0,1,0,1,0,-1,0,-0.013],"_humanoidState":8,"_cameraCFrame":[759.02,239.508,47.052,-0.015,-0.951,0.309,0,0.309,0.951,-1,0.014,-0.005],"_shiftlockState":false,"_pose":"Standing","_animationQueue":[],"_animationSpeed":1,"_zoom":16.125},{"_mousePosition":[487,286],"_rootPartCFrame":[753.208,222.698,47.125,-0.013,0,1,0,1,0,-1,0,-0.013],"_humanoidState":8,"_cameraCFrame":[758.159,239.526,47.052,-0.015,-0.951,0.307,0,0.307,0.952,-1,0.014,-0.005],"_shiftlockState":false,"_pose":"Standing","_animationQueue":[],"_animationSpeed":1,"_zoom":16.125},{"_mousePosition":[487,286],"_rootPartCFrame":[752.583,222.699,47.125,-0.013,0,1,0,1,0,-1,0,-0.013],"_humanoidState":8,"_cameraCFrame":[757.536,239.532,47.052,-0.015,-0.951,0.307,0,0.307,0.952,-1,0.014,-0.005],"_shiftlockState":false,"_pose":"Standing","_animationQueue":[],"_animationSpeed":1,"_zoom":16.125},{"_mousePosition":[487,286],"_rootPartCFrame":[751.75,222.699,47.125,-0.013,0,1,0,1,0,-1,0,-0.013],"_humanoidState":8,"_cameraCFrame":[756.704,239.536,47.052,-0.015,-0.951,0.307,0,0.307,0.952,-1,0.014,-0.005],"_shiftlockState":false,"_pose":"Standing","_animationQueue":[],"_animationSpeed":1,"_zoom":16.125},{"_mousePosition":[487,286],"_rootPartCFrame":[750.917,222.699,47.125,-0.013,0,1,0,1,0,-1,0,-0.013],"_humanoidState":8,"_cameraCFrame":[755.872,239.539,47.052,-0.015,-0.951,0.307,0,0.307,0.952,-1,0.014,-0.005],"_shiftlockState":false,"_pose":"Standing","_animationQueue":[],"_animationSpeed":1,"_zoom":16.125},{"_mousePosition":[487,286],"_rootPartCFrame":[750.083,222.7,47.125,-0.013,0,1,0,1,0,-1,0,-0.013],"_humanoidState":8,"_cameraCFrame":[755.039,239.541,47.052,-0.015,-0.951,0.307,0,0.307,0.952,-1,0.014,-0.005],"_shiftlockState":false,"_pose":"Standing","_animationQueue":[],"_animationSpeed":1,"_zoom":16.125},{"_mousePosition":[487,286],"_rootPartCFrame":[750.225,222.699,47.127,-0.009,0,1,0,1,0,-1,0,-0.009],"_humanoidState":8,"_cameraCFrame":[755.181,239.542,47.054,-0.015,-0.951,0.307,0,0.307,0.952,-1,0.014,-0.005],"_shiftlockState":false,"_pose":"Standing","_animationQueue":[],"_animationSpeed":1,"_zoom":16.125},{"_mousePosition":[487,286],"_rootPartCFrame":[750.539,224.31,47.127,-0.009,0,1,0,1,0,-1,0,-0.009],"_humanoidState":3,"_cameraCFrame":[755.495,241.152,47.054,-0.015,-0.951,0.307,0,0.307,0.952,-1,0.014,-0.005],"_shiftlockState":false,"_pose":"Jumping","_animationQueue":[["walk",0.1],["jump",0.1]],"_animationSpeed":1,"_zoom":16.125},{"_mousePosition":[487,286],"_rootPartCFrame":[750.828,225.976,47.127,-0.009,0,1,0,1,0,-1,0,-0.009],"_humanoidState":5,"_cameraCFrame":[755.784,242.82,47.054,-0.015,-0.951,0.307,0,0.307,0.952,-1,0.014,-0.005],"_shiftlockState":false,"_pose":"FreeFall","_animationQueue":[["jump",0.1]],"_animationSpeed":1,"_zoom":16.125},{"_mousePosition":[487,286],"_rootPartCFrame":[751.133,228.06,47.127,-0.009,0,1,0,1,0,-1,0,-0.009],"_humanoidState":5,"_cameraCFrame":[756.089,244.903,47.054,-0.015,-0.951,0.307,0,0.307,0.952,-1,0.014,-0.005],"_shiftlockState":false,"_pose":"FreeFall","_animationQueue":[],"_animationSpeed":1,"_zoom":16.125},{"_mousePosition":[487,286],"_rootPartCFrame":[751.286,229.31,47.127,-0.009,0,1,0,1,0,-1,0,-0.009],"_humanoidState":5,"_cameraCFrame":[756.243,246.153,47.054,-0.015,-0.951,0.307,0,0.307,0.952,-1,0.014,-0.005],"_shiftlockState":false,"_pose":"FreeFall","_animationQueue":[],"_animationSpeed":1,"_zoom":16.125},{"_mousePosition":[487,286],"_rootPartCFrame":[751.492,231.393,47.127,-0.009,0,1,0,1,0,-1,0,-0.009],"_humanoidState":5,"_cameraCFrame":[756.449,248.237,47.054,-0.015,-0.951,0.307,0,0.307,0.952,-1,0.014,-0.005],"_shiftlockState":false,"_pose":"FreeFall","_animationQueue":[],"_animationSpeed":1,"_zoom":16.125},{"_mousePosition":[487,286],"_rootPartCFrame":[751.613,233.06,47.127,-0.009,0,1,0,1,0,-1,0,-0.009],"_humanoidState":5,"_cameraCFrame":[754.508,243.523,47.085,-0.015,-0.951,0.307,0,0.307,0.952,-1,0.014,-0.005],"_shiftlockState":false,"_pose":"FreeFall","_animationQueue":[],"_animationSpeed":1,"_zoom":16.125},{"_mousePosition":[487,286],"_rootPartCFrame":[751.677,234.31,47.127,-0.009,0,1,0,1,0,-1,0,-0.009],"_humanoidState":5,"_cameraCFrame":[754.168,243.523,47.09,-0.015,-0.951,0.307,0,0.307,0.952,-1,0.014,-0.005],"_shiftlockState":false,"_pose":"FreeFall","_animationQueue":[],"_animationSpeed":1,"_zoom":16.125},{"_mousePosition":[487,286],"_rootPartCFrame":[751.727,235.976,47.127,-0.009,0,1,0,1,0,-1,0,-0.009],"_humanoidState":5,"_cameraCFrame":[753.68,243.523,47.098,-0.015,-0.951,0.307,0,0.307,0.952,-1,0.014,-0.005],"_shiftlockState":false,"_pose":"FreeFall","_animationQueue":[],"_animationSpeed":1,"_zoom":16.125},{"_mousePosition":[487,286],"_rootPartCFrame":[751.74,237.609,47.127,-0.009,0,1,0,1,0,-1,0,-0.009],"_humanoidState":5,"_cameraCFrame":[753.166,243.523,47.106,-0.015,-0.951,0.307,0,0.307,0.952,-1,0.014,-0.005],"_shiftlockState":false,"_pose":"FreeFall","_animationQueue":[],"_animationSpeed":1,"_zoom":16.125},{"_mousePosition":[487,286],"_rootPartCFrame":[751.74,239.187,47.127,-0.009,0,1,0,1,0,-1,0,-0.009],"_humanoidState":5,"_cameraCFrame":[752.656,243.523,47.114,-0.015,-0.951,0.307,0,0.307,0.952,-1,0.014,-0.005],"_shiftlockState":false,"_pose":"FreeFall","_animationQueue":[],"_animationSpeed":1,"_zoom":16.125},{"_mousePosition":[487,286],"_rootPartCFrame":[751.74,240.711,47.127,-0.009,0,1,0,1,0,-1,0,-0.009],"_humanoidState":5,"_cameraCFrame":[752.164,243.523,47.121,-0.015,-0.951,0.307,0,0.307,0.952,-1,0.014,-0.005],"_shiftlockState":false,"_pose":"FreeFall","_animationQueue":[],"_animationSpeed":1,"_zoom":16.125},{"_mousePosition":[487,286],"_rootPartCFrame":[751.903,241.119,47.123,-0.01,-0.06,0.998,0.001,0.998,0.06,-1,0.001,-0.01],"_humanoidState":5,"_cameraCFrame":[752.106,243.523,47.12,-0.015,-0.951,0.307,0,0.307,0.952,-1,0.014,-0.005],"_shiftlockState":false,"_pose":"FreeFall","_animationQueue":[],"_animationSpeed":1,"_zoom":16.125},{"_mousePosition":[487,286],"_rootPartCFrame":[752.237,240.413,47.113,-0.01,-0.049,0.999,0.001,0.999,0.049,-1,0.001,-0.01],"_humanoidState":5,"_cameraCFrame":[752.659,243.444,47.107,-0.015,-0.951,0.307,0,0.307,0.952,-1,0.014,-0.005],"_shiftlockState":false,"_pose":"FreeFall","_animationQueue":[],"_animationSpeed":1,"_zoom":16.125},{"_mousePosition":[487,286],"_rootPartCFrame":[752.537,239.653,47.105,-0.01,-0.016,1,0,1,0.016,-1,0,-0.01],"_humanoidState":5,"_cameraCFrame":[753.225,243.359,47.095,-0.015,-0.951,0.307,0,0.307,0.952,-1,0.014,-0.005],"_shiftlockState":false,"_pose":"FreeFall","_animationQueue":[],"_animationSpeed":1,"_zoom":16.125},{"_mousePosition":[487,286],"_rootPartCFrame":[752.848,238.626,47.096,-0.01,-0.001,1,0,1,0.001,-1,0,-0.01],"_humanoidState":5,"_cameraCFrame":[753.849,243.227,47.081,-0.015,-0.951,0.307,0,0.307,0.952,-1,0.014,-0.005],"_shiftlockState":false,"_pose":"FreeFall","_animationQueue":[],"_animationSpeed":1,"_zoom":16.125},{"_mousePosition":[487,286],"_rootPartCFrame":[753.004,237.969,47.092,-0.01,0.001,1,0,1,-0.001,-1,0,-0.01],"_humanoidState":5,"_cameraCFrame":[754.209,243.197,47.074,-0.015,-0.951,0.307,0,0.307,0.952,-1,0.014,-0.005],"_shiftlockState":false,"_pose":"FreeFall","_animationQueue":[],"_animationSpeed":1,"_zoom":16.125},{"_mousePosition":[487,286],"_rootPartCFrame":[753.175,237.045,47.087,-0.01,0.001,1,0,1,-0.001,-1,0,-0.01],"_humanoidState":5,"_cameraCFrame":[754.697,243.253,47.065,-0.015,-0.951,0.307,0,0.307,0.952,-1,0.014,-0.005],"_shiftlockState":false,"_pose":"FreeFall","_animationQueue":[],"_animationSpeed":1,"_zoom":16.125},{"_mousePosition":[487,286],"_rootPartCFrame":[753.307,236.067,47.083,-0.01,0,1,0,1,0,-1,0,-0.01],"_humanoidState":5,"_cameraCFrame":[755.41,244.077,47.052,-0.015,-0.951,0.307,0,0.307,0.952,-1,0.014,-0.005],"_shiftlockState":false,"_pose":"FreeFall","_animationQueue":[],"_animationSpeed":1,"_zoom":16.125},{"_mousePosition":[487,286],"_rootPartCFrame":[753.399,235.034,47.081,-0.01,0,1,0,1,0,-1,0,-0.01],"_humanoidState":5,"_cameraCFrame":[756.152,245.057,47.04,-0.015,-0.951,0.307,0,0.307,0.952,-1,0.014,-0.005],"_shiftlockState":false,"_pose":"FreeFall","_animationQueue":[],"_animationSpeed":1,"_zoom":16.125},{"_mousePosition":[487,286],"_rootPartCFrame":[753.451,233.947,47.079,-0.01,0,1,0,1,0,-1,0,-0.01],"_humanoidState":5,"_cameraCFrame":[756.804,245.826,47.03,-0.015,-0.951,0.307,0,0.307,0.952,-1,0.014,-0.005],"_shiftlockState":false,"_pose":"FreeFall","_animationQueue":[],"_animationSpeed":1,"_zoom":16.125},{"_mousePosition":[487,286],"_rootPartCFrame":[753.465,232.511,47.079,-0.01,0,1,0,1,0,-1,0,-0.01],"_humanoidState":5,"_cameraCFrame":[757.244,245.708,47.023,-0.015,-0.951,0.307,0,0.307,0.952,-1,0.014,-0.005],"_shiftlockState":false,"_pose":"FreeFall","_animationQueue":[],"_animationSpeed":1,"_zoom":16.125},{"_mousePosition":[487,286],"_rootPartCFrame":[753.466,231.608,47.079,-0.01,0,1,0,1,0,-1,0,-0.01],"_humanoidState":5,"_cameraCFrame":[757.59,245.876,47.018,-0.015,-0.951,0.307,0,0.307,0.952,-1,0.014,-0.005],"_shiftlockState":false,"_pose":"FreeFall","_animationQueue":[["fall",0.3]],"_animationSpeed":1,"_zoom":16.125},{"_mousePosition":[487,286],"_rootPartCFrame":[753.466,230.357,47.079,-0.01,0,1,0,1,0,-1,0,-0.01],"_humanoidState":5,"_cameraCFrame":[757.843,245.41,47.014,-0.015,-0.951,0.307,0,0.307,0.952,-1,0.014,-0.005],"_shiftlockState":false,"_pose":"FreeFall","_animationQueue":[],"_animationSpeed":1,"_zoom":16.125},{"_mousePosition":[487,286],"_rootPartCFrame":[753.466,228.717,47.079,-0.01,0,1,0,1,0,-1,0,-0.01],"_humanoidState":5,"_cameraCFrame":[758.015,244.302,47.012,-0.015,-0.951,0.307,0,0.307,0.952,-1,0.014,-0.005],"_shiftlockState":false,"_pose":"FreeFall","_animationQueue":[],"_animationSpeed":1,"_zoom":16.125},{"_mousePosition":[487,286],"_rootPartCFrame":[753.466,227.692,47.079,-0.01,0,1,0,1,0,-1,0,-0.01],"_humanoidState":5,"_cameraCFrame":[758.145,243.68,47.01,-0.015,-0.951,0.307,0,0.307,0.952,-1,0.014,-0.005],"_shiftlockState":false,"_pose":"FreeFall","_animationQueue":[],"_animationSpeed":1,"_zoom":16.125},{"_mousePosition":[487,286],"_rootPartCFrame":[753.466,226.278,47.079,-0.01,0,1,0,1,0,-1,0,-0.01],"_humanoidState":5,"_cameraCFrame":[758.231,242.529,47.009,-0.015,-0.951,0.307,0,0.307,0.952,-1,0.014,-0.005],"_shiftlockState":false,"_pose":"FreeFall","_animationQueue":[],"_animationSpeed":1,"_zoom":16.125},{"_mousePosition":[487,286],"_rootPartCFrame":[753.466,224.809,47.079,-0.01,0,1,0,1,0,-1,0,-0.01],"_humanoidState":5,"_cameraCFrame":[758.261,241.256,47.008,-0.015,-0.952,0.306,0,0.306,0.952,-1,0.014,-0.005],"_shiftlockState":false,"_pose":"FreeFall","_animationQueue":[],"_animationSpeed":1,"_zoom":16.125},{"_mousePosition":[487,286],"_rootPartCFrame":[753.466,222.896,47.079,-0.01,0,1,0,1,0,-1,0,-0.01],"_humanoidState":5,"_cameraCFrame":[758.305,239.478,47.007,-0.015,-0.952,0.306,0,0.306,0.952,-1,0.014,-0.005],"_shiftlockState":false,"_pose":"FreeFall","_animationQueue":[["fall",0.3]],"_animationSpeed":1,"_zoom":16.125},{"_mousePosition":[487,286],"_rootPartCFrame":[753.388,222.212,47.079,-0.01,0,1,0,1,0,-1,0,-0.01],"_humanoidState":7,"_cameraCFrame":[758.227,238.895,47.007,-0.015,-0.953,0.304,0,0.304,0.953,-1,0.014,-0.004],"_shiftlockState":false,"_pose":"FreeFall","_animationQueue":[["walk",0.1],["fall",0.3],["fall",0.3]],"_animationSpeed":1,"_zoom":16.125},{"_mousePosition":[487,286],"_rootPartCFrame":[753.002,222.324,47.079,-0.01,0,1,0,1,0,-1,0,-0.01],"_humanoidState":7,"_cameraCFrame":[757.86,239.065,47.007,-0.015,-0.953,0.304,0,0.304,0.953,-1,0.014,-0.004],"_shiftlockState":false,"_pose":"FreeFall","_animationQueue":[],"_animationSpeed":1,"_zoom":16.125},{"_mousePosition":[487,286],"_rootPartCFrame":[752.616,222.446,47.079,-0.01,0,1,0,1,0,-1,0,-0.01],"_humanoidState":7,"_cameraCFrame":[757.457,239.239,47.007,-0.015,-0.953,0.302,0,0.302,0.953,-1,0.014,-0.004],"_shiftlockState":false,"_pose":"FreeFall","_animationQueue":[],"_animationSpeed":1,"_zoom":16.125},{"_mousePosition":[487,286],"_rootPartCFrame":[751.695,222.577,47.079,-0.01,0,1,0,1,0,-1,0,-0.01],"_humanoidState":8,"_cameraCFrame":[756.515,239.407,47.008,-0.015,-0.954,0.3,0,0.3,0.954,-1,0.014,-0.004],"_shiftlockState":false,"_pose":"Running","_animationQueue":[["walk",0.1],["fall",0.3],["walk",0.1]],"_animationSpeed":1.104,"_zoom":16.125},{"_mousePosition":[487,286],"_rootPartCFrame":[750.864,222.633,47.079,-0.01,0,1,0,1,0,-1,0,-0.01],"_humanoidState":8,"_cameraCFrame":[755.63,239.499,47.009,-0.015,-0.955,0.296,0,0.296,0.955,-1,0.014,-0.004],"_shiftlockState":false,"_pose":"Running","_animationQueue":[["walk",0.1]],"_animationSpeed":0.094,"_zoom":16.125},{"_mousePosition":[487,286],"_rootPartCFrame":[750.031,222.664,47.079,-0.01,0,1,0,1,0,-1,0,-0.01],"_humanoidState":8,"_cameraCFrame":[754.77,239.551,47.009,-0.015,-0.956,0.294,0,0.294,0.956,-1,0.014,-0.004],"_shiftlockState":false,"_pose":"Standing","_animationQueue":[["idle",0.1]],"_animationSpeed":1,"_zoom":16.125},{"_mousePosition":[487,286],"_rootPartCFrame":[750.401,224.216,47.114,0.119,0,0.993,-0.014,1,0.001,-0.993,-0.014,0.119],"_humanoidState":3,"_cameraCFrame":[755.113,241.12,47.023,-0.015,-0.956,0.292,0,0.293,0.956,-1,0.014,-0.004],"_shiftlockState":false,"_pose":"Jumping","_animationQueue":[["idle",0.1],["jump",0.1]],"_animationSpeed":1,"_zoom":16.125},{"_mousePosition":[487,286],"_rootPartCFrame":[750.855,226.299,47.178,0.106,0,0.994,-0.004,1,0.001,-0.994,-0.004,0.106],"_humanoidState":5,"_cameraCFrame":[755.539,243.218,47.103,-0.015,-0.957,0.291,0,0.291,0.957,-1,0.014,-0.004],"_shiftlockState":false,"_pose":"FreeFall","_animationQueue":[["jump",0.1]],"_animationSpeed":1,"_zoom":16.125},{"_mousePosition":[487,286],"_rootPartCFrame":[751.099,227.549,47.211,0.105,0,0.994,-0.001,1,0,-0.994,-0.001,0.105],"_humanoidState":5,"_cameraCFrame":[755.753,244.48,47.141,-0.015,-0.957,0.289,0,0.289,0.957,-1,0.014,-0.004],"_shiftlockState":false,"_pose":"FreeFall","_animationQueue":[],"_animationSpeed":1,"_zoom":16.125},{"_mousePosition":[487,286],"_rootPartCFrame":[751.454,229.632,47.259,0.105,0,0.994,0,1,0,-0.994,0,0.105],"_humanoidState":5,"_cameraCFrame":[756.11,246.566,47.191,-0.015,-0.957,0.289,0,0.289,0.957,-1,0.014,-0.004],"_shiftlockState":false,"_pose":"FreeFall","_animationQueue":[],"_animationSpeed":1,"_zoom":16.125},{"_mousePosition":[487,286],"_rootPartCFrame":[751.695,231.299,47.291,0.105,0,0.995,0,1,0,-0.995,0,0.105],"_humanoidState":5,"_cameraCFrame":[756.32,248.243,47.223,-0.015,-0.958,0.287,0,0.287,0.958,-1,0.014,-0.004],"_shiftlockState":false,"_pose":"FreeFall","_animationQueue":[],"_animationSpeed":1,"_zoom":16.125},{"_mousePosition":[487,286],"_rootPartCFrame":[751.849,232.549,47.312,0.105,0,0.995,0,1,0,-0.995,0,0.105],"_humanoidState":5,"_cameraCFrame":[756.445,249.503,47.244,-0.015,-0.958,0.285,0,0.285,0.959,-1,0.014,-0.004],"_shiftlockState":false,"_pose":"FreeFall","_animationQueue":[],"_animationSpeed":1,"_zoom":16.125},{"_mousePosition":[487,286],"_rootPartCFrame":[752.058,234.632,47.34,0.105,0,0.995,0,1,0,-0.995,0,0.105],"_humanoidState":5,"_cameraCFrame":[753.582,241.257,47.317,-0.015,-0.958,0.285,0,0.285,0.959,-1,0.014,-0.004],"_shiftlockState":false,"_pose":"FreeFall","_animationQueue":[],"_animationSpeed":1,"_zoom":16.125},{"_mousePosition":[487,286],"_rootPartCFrame":[752.18,236.299,47.356,0.105,0,0.995,0,1,0,-0.995,0,0.105],"_humanoidState":5,"_cameraCFrame":[753.186,241.182,47.341,-0.015,-0.958,0.285,0,0.285,0.959,-1,0.014,-0.004],"_shiftlockState":false,"_pose":"FreeFall","_animationQueue":[],"_animationSpeed":1,"_zoom":16.125},{"_mousePosition":[487,286],"_rootPartCFrame":[752.246,237.529,47.365,0.105,0,0.995,0,1,0,-0.995,0,0.105],"_humanoidState":5,"_cameraCFrame":[753.555,243.432,47.346,-0.015,-0.958,0.285,0,0.285,0.959,-1,0.014,-0.004],"_shiftlockState":false,"_pose":"FreeFall","_animationQueue":[],"_animationSpeed":1,"_zoom":16.125},{"_mousePosition":[487,286],"_rootPartCFrame":[752.299,239.12,47.372,0.105,0,0.995,0,1,0,-0.995,0,0.105],"_humanoidState":5,"_cameraCFrame":[754.223,247.134,47.344,-0.015,-0.959,0.283,0,0.283,0.959,-1,0.014,-0.004],"_shiftlockState":false,"_pose":"FreeFall","_animationQueue":[],"_animationSpeed":1,"_zoom":16.125},{"_mousePosition":[487,286],"_rootPartCFrame":[752.315,241.033,47.374,0.105,0,0.995,0,1,0,-0.995,0,0.105],"_humanoidState":5,"_cameraCFrame":[754.782,250.888,47.338,-0.015,-0.959,0.283,0,0.283,0.959,-1,0.014,-0.004],"_shiftlockState":false,"_pose":"FreeFall","_animationQueue":[],"_animationSpeed":1,"_zoom":16.125},{"_mousePosition":[487,286],"_rootPartCFrame":[752.315,242.14,47.374,0.105,0,0.995,0,1,0,-0.995,0,0.105],"_humanoidState":5,"_cameraCFrame":[755.352,253.927,47.329,-0.015,-0.959,0.283,0,0.283,0.959,-1,0.014,-0.004],"_shiftlockState":false,"_pose":"FreeFall","_animationQueue":[],"_animationSpeed":1,"_zoom":16.125},{"_mousePosition":[487,286],"_rootPartCFrame":[752.315,243.917,47.374,0.105,0,0.995,0,1,0,-0.995,0,0.105],"_humanoidState":5,"_cameraCFrame":[755.757,257.076,47.323,-0.015,-0.959,0.283,0,0.283,0.959,-1,0.014,-0.004],"_shiftlockState":false,"_pose":"FreeFall","_animationQueue":[],"_animationSpeed":1,"_zoom":16.125},{"_mousePosition":[487,286],"_rootPartCFrame":[752.315,244.942,47.374,0.105,0,0.995,0,1,0,-0.995,0,0.105],"_humanoidState":5,"_cameraCFrame":[756.087,259.217,47.319,-0.015,-0.959,0.283,0,0.283,0.959,-1,0.014,-0.004],"_shiftlockState":false,"_pose":"FreeFall","_animationQueue":[],"_animationSpeed":1,"_zoom":16.125},{"_mousePosition":[487,286],"_rootPartCFrame":[752.315,246.583,47.374,0.105,0,0.995,0,1,0,-0.995,0,0.105],"_humanoidState":5,"_cameraCFrame":[756.316,261.635,47.315,-0.015,-0.959,0.283,0,0.283,0.959,-1,0.014,-0.004],"_shiftlockState":false,"_pose":"FreeFall","_animationQueue":[],"_animationSpeed":1,"_zoom":16.125},{"_mousePosition":[487,286],"_rootPartCFrame":[752.315,247.526,47.374,0.105,0,0.995,0,1,0,-0.995,0,0.105],"_humanoidState":5,"_cameraCFrame":[756.494,263.179,47.313,-0.015,-0.959,0.283,0,0.283,0.959,-1,0.014,-0.004],"_shiftlockState":false,"_pose":"FreeFall","_animationQueue":[],"_animationSpeed":1,"_zoom":16.125},{"_mousePosition":[487,286],"_rootPartCFrame":[752.315,249.031,47.374,0.105,0,0.995,0,1,0,-0.995,0,0.105],"_humanoidState":5,"_cameraCFrame":[756.612,265.082,47.311,-0.015,-0.959,0.283,0,0.283,0.959,-1,0.014,-0.004],"_shiftlockState":false,"_pose":"FreeFall","_animationQueue":[],"_animationSpeed":1,"_zoom":16.125},{"_mousePosition":[487,286],"_rootPartCFrame":[752.315,249.892,47.374,0.105,0,0.995,0,1,0,-0.995,0,0.105],"_humanoidState":5,"_cameraCFrame":[756.699,266.241,47.31,-0.015,-0.959,0.283,0,0.283,0.959,-1,0.014,-0.004],"_shiftlockState":false,"_pose":"FreeFall","_animationQueue":[],"_animationSpeed":1,"_zoom":16.125},{"_mousePosition":[487,286],"_rootPartCFrame":[752.315,250.993,47.374,0.105,0,0.995,0,1,0,-0.995,0,0.105],"_humanoidState":5,"_cameraCFrame":[756.762,267.555,47.309,-0.015,-0.959,0.283,0,0.283,0.959,-1,0.014,-0.004],"_shiftlockState":false,"_pose":"FreeFall","_animationQueue":[],"_animationSpeed":1,"_zoom":16.125},{"_mousePosition":[487,286],"_rootPartCFrame":[752.315,252.293,47.374,0.105,0,0.995,0,1,0,-0.995,0,0.105],"_humanoidState":5,"_cameraCFrame":[756.8,268.983,47.308,-0.015,-0.959,0.283,0,0.283,0.959,-1,0.014,-0.004],"_shiftlockState":false,"_pose":"FreeFall","_animationQueue":[["fall",0.3]],"_animationSpeed":1,"_zoom":16.125},{"_mousePosition":[487,286],"_rootPartCFrame":[752.315,253.032,47.374,0.105,0,0.995,0,1,0,-0.995,0,0.105],"_humanoidState":5,"_cameraCFrame":[756.826,269.81,47.308,-0.015,-0.959,0.283,0,0.283,0.959,-1,0.014,-0.004],"_shiftlockState":false,"_pose":"FreeFall","_animationQueue":[],"_animationSpeed":1,"_zoom":16.125},{"_mousePosition":[487,286],"_rootPartCFrame":[752.315,253.97,47.374,0.105,0,0.995,0,1,0,-0.995,0,0.105],"_humanoidState":5,"_cameraCFrame":[756.846,270.814,47.307,-0.015,-0.959,0.283,0,0.283,0.959,-1,0.014,-0.004],"_shiftlockState":false,"_pose":"FreeFall","_animationQueue":[],"_animationSpeed":1,"_zoom":16.125},{"_mousePosition":[487,286],"_rootPartCFrame":[752.315,255.066,47.374,0.105,0,0.995,0,1,0,-0.995,0,0.105],"_humanoidState":5,"_cameraCFrame":[756.85