[{"_mousePosition":[536,302],"_rootPartCFrame":[776.035,222.7,47.142,-0.002,0,1,0,1,0,-1,0,-0.002],"_humanoidState":8,"_cameraCFrame":[776.116,239.869,43.337,-1,-0.021,0.005,0,0.236,0.972,-0.021,0.972,-0.236],"_shiftlockState":false,"_pose":"Standing","_animationQueue":[],"_animationSpeed":1,"_zoom":16.125},{"_mousePosition":[536,302],"_rootPartCFrame":[775.788,222.7,47.137,0.002,0,1,0,1,0,-1,0,0.002],"_humanoidState":8,"_cameraCFrame":[775.869,239.869,43.332,-1,-0.021,0.005,0,0.236,0.972,-0.021,0.972,-0.236],"_shiftlockState":false,"_pose":"Standing","_animationQueue":[],"_animationSpeed":1,"_zoom":16.125},{"_mousePosition":[536,302],"_rootPartCFrame":[775.523,222.7,47.131,0.004,0,1,0,1,0,-1,0,0.004],"_humanoidState":8,"_cameraCFrame":[775.603,239.869,43.326,-1,-0.021,0.005,0,0.236,0.972,-0.021,0.972,-0.236],"_shiftlockState":false,"_pose":"Running","_animationQueue":[["walk",0.1]],"_animationSpeed":1.066,"_zoom":16.125},{"_mousePosition":[536,302],"_rootPartCFrame":[775.256,222.7,47.126,0.007,0,1,0,1,0,-1,0,0.007],"_humanoidState":8,"_cameraCFrame":[775.337,239.869,43.321,-1,-0.021,0.005,0,0.236,0.972,-0.021,0.972,-0.236],"_shiftlockState":false,"_pose":"Running","_animationQueue":[],"_animationSpeed":1.066,"_zoom":16.125},{"_mousePosition":[536,302],"_rootPartCFrame":[774.989,222.7,47.12,0.009,0,1,0,1,0,-1,0,0.009],"_humanoidState":8,"_cameraCFrame":[775.07,239.869,43.315,-1,-0.021,0.005,0,0.236,0.972,-0.021,0.972,-0.236],"_shiftlockState":false,"_pose":"Running","_animationQueue":[["walk",0.1]],"_animationSpeed":1.066,"_zoom":16.125},{"_mousePosition":[536,302],"_rootPartCFrame":[774.723,222.7,47.114,0.01,0,1,0,1,0,-1,0,0.01],"_humanoidState":8,"_cameraCFrame":[774.812,239.876,43.34,-1,-0.023,0.006,0,0.234,0.972,-0.024,0.972,-0.234],"_shiftlockState":false,"_pose":"Running","_animationQueue":[],"_animationSpeed":1.066,"_zoom":16.125},{"_mousePosition":[536,302],"_rootPartCFrame":[774.456,222.7,47.109,0.012,0,1,0,1,0,-1,0,0.012],"_humanoidState":8,"_cameraCFrame":[774.546,239.876,43.334,-1,-0.023,0.006,0,0.234,0.972,-0.024,0.972,-0.234],"_shiftlockState":false,"_pose":"Running","_animationQueue":[],"_animationSpeed":1.066,"_zoom":16.125},{"_mousePosition":[536,302],"_rootPartCFrame":[774.19,222.7,47.103,0.013,0,1,0,1,0,-1,0,0.013],"_humanoidState":8,"_cameraCFrame":[774.279,239.876,43.328,-1,-0.023,0.006,0,0.234,0.972,-0.024,0.972,-0.234],"_shiftlockState":false,"_pose":"Running","_animationQueue":[],"_animationSpeed":1.066,"_zoom":16.125},{"_mousePosition":[536,302],"_rootPartCFrame":[773.923,222.7,47.096,0.015,0,1,0,1,0,-1,0,0.015],"_humanoidState":8,"_cameraCFrame":[774.013,239.876,43.322,-1,-0.023,0.006,0,0.234,0.972,-0.024,0.972,-0.234],"_shiftlockState":false,"_pose":"Running","_animationQueue":[],"_animationSpeed":1.066,"_zoom":16.125},{"_mousePosition":[536,302],"_rootPartCFrame":[773.656,222.7,47.09,0.016,0,1,0,1,0,-1,0,0.016],"_humanoidState":8,"_cameraCFrame":[773.746,239.876,43.315,-1,-0.023,0.006,0,0.234,0.972,-0.024,0.972,-0.234],"_shiftlockState":false,"_pose":"Running","_animationQueue":[],"_animationSpeed":1.066,"_zoom":16.125},{"_mousePosition":[536,302],"_rootPartCFrame":[773.39,222.7,47.084,0.017,0,1,0,1,0,-1,0,0.017],"_humanoidState":8,"_cameraCFrame":[773.479,239.876,43.309,-1,-0.023,0.006,0,0.234,0.972,-0.024,0.972,-0.234],"_shiftlockState":false,"_pose":"Running","_animationQueue":[],"_animationSpeed":1.066,"_zoom":16.125},{"_mousePosition":[536,302],"_rootPartCFrame":[773.123,222.7,47.077,0.018,0,1,0,1,0,-1,0,0.018],"_humanoidState":8,"_cameraCFrame":[773.213,239.876,43.303,-1,-0.023,0.006,0,0.234,0.972,-0.024,0.972,-0.234],"_shiftlockState":false,"_pose":"Running","_animationQueue":[["walk",0.1]],"_animationSpeed":1.066,"_zoom":16.125},{"_mousePosition":[536,302],"_rootPartCFrame":[772.857,222.7,47.071,0.019,0,1,0,1,0,-1,0,0.019],"_humanoidState":8,"_cameraCFrame":[772.946,239.876,43.296,-1,-0.023,0.006,0,0.234,0.972,-0.024,0.972,-0.234],"_shiftlockState":false,"_pose":"Running","_animationQueue":[],"_animationSpeed":1.066,"_zoom":16.125},{"_mousePosition":[536,302],"_rootPartCFrame":[772.59,222.7,47.065,0.019,0,1,0,1,0,-1,0,0.019],"_humanoidState":8,"_cameraCFrame":[772.68,239.876,43.29,-1,-0.023,0.006,0,0.234,0.972,-0.024,0.972,-0.234],"_shiftlockState":false,"_pose":"Running","_animationQueue":[],"_animationSpeed":1.066,"_zoom":16.125},{"_mousePosition":[536,302],"_rootPartCFrame":[772.323,222.7,47.058,0.02,0,1,0,1,0,-1,0,0.02],"_humanoidState":8,"_cameraCFrame":[772.413,239.876,43.284,-1,-0.023,0.006,0,0.234,0.972,-0.024,0.972,-0.234],"_shiftlockState":false,"_pose":"Running","_animationQueue":[],"_animationSpeed":1.066,"_zoom":16.125},{"_mousePosition":[536,302],"_rootPartCFrame":[772.057,222.7,47.052,0.02,0,1,0,1,0,-1,0,0.02],"_humanoidState":8,"_cameraCFrame":[772.146,239.876,43.277,-1,-0.023,0.006,0,0.234,0.972,-0.024,0.972,-0.234],"_shiftlockState":false,"_pose":"Running","_animationQueue":[],"_animationSpeed":1.066,"_zoom":16.125},{"_mousePosition":[536,302],"_rootPartCFrame":[771.79,222.7,47.046,0.021,0,1,0,1,0,-1,0,0.021],"_humanoidState":8,"_cameraCFrame":[771.88,239.876,43.271,-1,-0.023,0.006,0,0.234,0.972,-0.024,0.972,-0.234],"_shiftlockState":false,"_pose":"Running","_animationQueue":[],"_animationSpeed":1.066,"_zoom":16.125},{"_mousePosition":[536,302],"_rootPartCFrame":[771.523,222.7,47.039,0.021,0,1,0,1,0,-1,0,0.021],"_humanoidState":8,"_cameraCFrame":[771.613,239.876,43.265,-1,-0.023,0.006,0,0.234,0.972,-0.024,0.972,-0.234],"_shiftlockState":false,"_pose":"Running","_animationQueue":[],"_animationSpeed":1.066,"_zoom":16.125},{"_mousePosition":[536,302],"_rootPartCFrame":[771.257,222.7,47.033,0.022,0,1,0,1,0,-1,0,0.022],"_humanoidState":8,"_cameraCFrame":[771.347,239.876,43.258,-1,-0.023,0.006,0,0.234,0.972,-0.024,0.972,-0.234],"_shiftlockState":false,"_pose":"Running","_animationQueue":[["walk",0.1]],"_animationSpeed":1.066,"_zoom":16.125},{"_mousePosition":[536,302],"_rootPartCFrame":[770.99,222.7,47.027,0.022,0,1,0,1,0,-1,0,0.022],"_humanoidState":8,"_cameraCFrame":[771.079,239.884,43.283,-1,-0.023,0.006,0,0.232,0.973,-0.024,0.972,-0.232],"_shiftlockState":false,"_pose":"Running","_animationQueue":[],"_animationSpeed":1.066,"_zoom":16.125},{"_mousePosition":[536,302],"_rootPartCFrame":[770.724,222.7,47.02,0.022,0,1,0,1,0,-1,0,0.022],"_humanoidState":8,"_cameraCFrame":[769.063,239.884,43.235,-1,-0.023,0.006,0,0.232,0.973,-0.024,0.972,-0.232],"_shiftlockState":true,"_pose":"Running","_animationQueue":[],"_animationSpeed":1.066,"_zoom":16.125},{"_mousePosition":[683,384],"_rootPartCFrame":[770.39,222.7,47.012,-0.997,0,-0.073,0,1,0,0.073,0,-0.997],"_humanoidState":8,"_cameraCFrame":[768.73,239.884,43.227,-1,-0.023,0.006,0,0.232,0.973,-0.024,0.972,-0.232],"_shiftlockState":true,"_pose":"Running","_animationQueue":[],"_animationSpeed":1.066,"_zoom":16.125},{"_mousePosition":[683,384],"_rootPartCFrame":[770.124,222.7,47.006,-1,0,-0.006,0,1,0,0.006,0,-1],"_humanoidState":8,"_cameraCFrame":[768.463,239.884,43.22,-1,-0.023,0.006,0,0.232,0.973,-0.024,0.972,-0.232],"_shiftlockState":true,"_pose":"Running","_animationQueue":[],"_animationSpeed":1.066,"_zoom":16.125},{"_mousePosition":[683,384],"_rootPartCFrame":[769.924,223.352,47.001,-1,0,0.015,0,1,0,-0.015,0,-1],"_humanoidState":3,"_cameraCFrame":[768.263,240.536,43.216,-1,-0.023,0.006,0,0.232,0.973,-0.024,0.972,-0.232],"_shiftlockState":true,"_pose":"Jumping","_animationQueue":[["walk",0.1],["jump",0.1]],"_animationSpeed":1,"_zoom":16.125},{"_mousePosition":[683,384],"_rootPartCFrame":[769.657,224.174,46.995,-0.994,0,0.112,0,1,0,-0.112,0,-0.994],"_humanoidState":5,"_cameraCFrame":[768.006,241.365,43.236,-1,-0.026,0.006,0,0.23,0.973,-0.026,0.973,-0.23],"_shiftlockState":true,"_pose":"FreeFall","_animationQueue":[["jump",0.1]],"_animationSpeed":1,"_zoom":16.125},{"_mousePosition":[683,384],"_rootPartCFrame":[769.391,224.941,46.989,-0.988,0,0.154,0,1,0,-0.154,0,-0.988],"_humanoidState":5,"_cameraCFrame":[767.756,242.147,43.282,-1,-0.031,0.007,0,0.227,0.974,-0.031,0.974,-0.226],"_shiftlockState":true,"_pose":"FreeFall","_animationQueue":[],"_animationSpeed":1,"_zoom":16.125},{"_mousePosition":[683,384],"_rootPartCFrame":[769.124,225.654,46.982,-0.987,0,0.163,0,1,0,-0.163,0,-0.987],"_humanoidState":5,"_cameraCFrame":[767.506,242.874,43.328,-0.999,-0.035,0.008,0,0.223,0.975,-0.036,0.974,-0.223],"_shiftlockState":true,"_pose":"FreeFall","_animationQueue":[],"_animationSpeed":1,"_zoom":16.125},{"_mousePosition":[683,384],"_rootPartCFrame":[768.857,226.313,46.973,-0.986,0,0.169,0,1,0,-0.169,0,-0.986],"_humanoidState":5,"_cameraCFrame":[767.255,243.547,43.373,-0.999,-0.04,0.009,0,0.219,0.976,-0.041,0.975,-0.219],"_shiftlockState":true,"_pose":"FreeFall","_animationQueue":[],"_animationSpeed":1,"_zoom":16.125},{"_mousePosition":[683,384],"_rootPartCFrame":[768.591,226.917,46.964,-0.985,0,0.174,0,1,0,-0.174,0,-0.985],"_humanoidState":5,"_cameraCFrame":[767.013,244.164,43.413,-0.999,-0.048,0.011,0,0.215,0.977,-0.049,0.975,-0.215],"_shiftlockState":true,"_pose":"FreeFall","_animationQueue":[],"_animationSpeed":1,"_zoom":16.125},{"_mousePosition":[683,384],"_rootPartCFrame":[768.325,227.467,46.953,-0.983,0,0.181,0,1,0,-0.181,0,-0.983],"_humanoidState":5,"_cameraCFrame":[766.777,244.734,43.478,-0.998,-0.058,0.012,0,0.209,0.978,-0.059,0.976,-0.209],"_shiftlockState":true,"_pose":"FreeFall","_animationQueue":[],"_animationSpeed":1,"_zoom":16.125},{"_mousePosition":[683,384],"_rootPartCFrame":[768.058,227.962,46.94,-0.982,0,0.191,0,1,0,-0.191,0,-0.982],"_humanoidState":5,"_cameraCFrame":[766.555,245.255,43.565,-0.997,-0.073,0.015,0,0.202,0.979,-0.074,0.977,-0.201],"_shiftlockState":true,"_pose":"FreeFall","_animationQueue":[],"_animationSpeed":1,"_zoom":16.125},{"_mousePosition":[683,384],"_rootPartCFrame":[767.725,228.504,46.921,-0.971,0,0.239,0,1,0,-0.239,0,-0.971],"_humanoidState":5,"_cameraCFrame":[766.251,245.809,43.592,-0.996,-0.083,0.017,0,0.198,0.98,-0.084,0.977,-0.197],"_shiftlockState":true,"_pose":"FreeFall","_animationQueue":[],"_animationSpeed":1,"_zoom":16.125},{"_mousePosition":[683,384],"_rootPartCFrame":[767.526,228.788,46.907,-0.983,0,0.183,0,1,0,-0.183,0,-0.983],"_humanoidState":5,"_cameraCFrame":[766.071,246.106,43.628,-0.996,-0.09,0.018,0,0.194,0.981,-0.092,0.977,-0.193],"_shiftlockState":true,"_pose":"FreeFall","_animationQueue":[],"_animationSpeed":1,"_zoom":16.125},{"_mousePosition":[683,384],"_rootPartCFrame":[767.26,229.12,46.885,-0.975,0,0.223,0,1,0,-0.223,0,-0.975],"_humanoidState":5,"_cameraCFrame":[765.819,246.444,43.629,-0.995,-0.095,0.019,0,0.192,0.981,-0.097,0.977,-0.191],"_shiftlockState":true,"_pose":"FreeFall","_animationQueue":[],"_animationSpeed":1,"_zoom":16.125},{"_mousePosition":[683,384],"_rootPartCFrame":[766.995,229.397,46.86,-0.974,0,0.228,0,1,0,-0.228,0,-0.974],"_humanoidState":5,"_cameraCFrame":[765.562,246.721,43.601,-0.995,-0.098,0.019,0,0.192,0.981,-0.1,0.976,-0.191],"_shiftlockState":true,"_pose":"FreeFall","_animationQueue":[],"_animationSpeed":1,"_zoom":16.125},{"_mousePosition":[683,384],"_rootPartCFrame":[766.663,229.666,46.828,-0.965,0,0.263,0,1,0,-0.263,0,-0.965],"_humanoidState":5,"_cameraCFrame":[765.243,246.996,43.593,-0.995,-0.103,0.02,0,0.19,0.982,-0.105,0.976,-0.189],"_shiftlockState":true,"_pose":"FreeFall","_animationQueue":[],"_animationSpeed":1,"_zoom":16.125},{"_mousePosition":[683,384],"_rootPartCFrame":[766.464,229.787,46.809,-0.979,0,0.203,0,1,0,-0.203,0,-0.979],"_humanoidState":5,"_cameraCFrame":[765.061,247.117,43.566,-0.994,-0.108,0.021,0,0.19,0.982,-0.11,0.976,-0.189],"_shiftlockState":true,"_pose":"FreeFall","_animationQueue":[],"_animationSpeed":1,"_zoom":16.125},{"_mousePosition":[683,384],"_rootPartCFrame":[766.199,229.901,46.781,-0.971,0,0.241,0,1,0,-0.241,0,-0.971],"_humanoidState":5,"_cameraCFrame":[764.812,247.231,43.531,-0.993,-0.113,0.022,0,0.19,0.982,-0.115,0.975,-0.189],"_shiftlockState":true,"_pose":"FreeFall","_animationQueue":[],"_animationSpeed":1,"_zoom":16.125},{"_mousePosition":[683,384],"_rootPartCFrame":[765.934,229.96,46.752,-0.969,0,0.246,0,1,0,-0.246,0,-0.969],"_humanoidState":5,"_cameraCFrame":[764.568,247.296,43.522,-0.993,-0.12,0.023,0,0.188,0.982,-0.122,0.975,-0.187],"_shiftlockState":true,"_pose":"FreeFall","_animationQueue":[],"_animationSpeed":1,"_zoom":16.125},{"_mousePosition":[683,384],"_rootPartCFrame":[765.669,229.964,46.721,-0.967,0,0.253,0,1,0,-0.253,0,-0.967],"_humanoidState":5,"_cameraCFrame":[764.32,247.312,43.543,-0.992,-0.127,0.024,0,0.185,0.983,-0.13,0.975,-0.183],"_shiftlockState":true,"_pose":"FreeFall","_animationQueue":[],"_animationSpeed":1,"_zoom":16.125},{"_mousePosition":[683,384],"_rootPartCFrame":[765.404,229.914,46.689,-0.966,0,0.26,0,1,0,-0.26,0,-0.966],"_humanoidState":5,"_cameraCFrame":[764.075,247.268,43.531,-0.991,-0.135,0.025,0,0.183,0.983,-0.137,0.974,-0.181],"_shiftlockState":true,"_pose":"FreeFall","_animationQueue":[],"_animationSpeed":1,"_zoom":16.125},{"_mousePosition":[683,384],"_rootPartCFrame":[765.14,229.81,46.655,-0.964,0,0.268,0,1,0,-0.268,0,-0.964],"_humanoidState":5,"_cameraCFrame":[763.83,247.169,43.517,-0.989,-0.142,0.026,0,0.181,0.984,-0.145,0.973,-0.179],"_shiftlockState":true,"_pose":"FreeFall","_animationQueue":[],"_animationSpeed":1,"_zoom":16.125},{"_mousePosition":[683,384],"_rootPartCFrame":[764.875,229.651,46.619,-0.961,0,0.275,0,1,0,-0.275,0,-0.961],"_humanoidState":5,"_cameraCFrame":[763.604,247.021,43.522,-0.987,-0.157,0.028,0,0.177,0.984,-0.16,0.972,-0.175],"_shiftlockState":true,"_pose":"FreeFall","_animationQueue":[],"_animationSpeed":1,"_zoom":16.125},{"_mousePosition":[683,384],"_rootPartCFrame":[764.612,229.437,46.58,-0.957,0,0.289,0,1,0,-0.289,0,-0.957],"_humanoidState":5,"_cameraCFrame":[763.37,246.817,43.521,-0.985,-0.17,0.03,0,0.174,0.985,-0.172,0.97,-0.171],"_shiftlockState":true,"_pose":"FreeFall","_animationQueue":[],"_animationSpeed":1,"_zoom":16.125},{"_mousePosition":[683,384],"_rootPartCFrame":[764.348,229.169,46.538,-0.953,0,0.302,0,1,0,-0.302,0,-0.953],"_humanoidState":5,"_cameraCFrame":[763.153,246.549,43.46,-0.982,-0.184,0.032,0,0.174,0.985,-0.187,0.967,-0.171],"_shiftlockState":true,"_pose":"FreeFall","_animationQueue":[["fall",0.3]],"_animationSpeed":1,"_zoom":16.125},{"_mousePosition":[683,384],"_rootPartCFrame":[764.086,228.847,46.493,-0.949,0,0.316,0,1,0,-0.316,0,-0.949],"_humanoidState":5,"_cameraCFrame":[762.953,246.227,43.391,-0.978,-0.204,0.036,0,0.174,0.985,-0.207,0.963,-0.17],"_shiftlockState":true,"_pose":"FreeFall","_animationQueue":[],"_animationSpeed":1,"_zoom":16.125},{"_mousePosition":[683,384],"_rootPartCFrame":[763.823,228.47,46.444,-0.942,0,0.335,0,1,0,-0.335,0,-0.942],"_humanoidState":5,"_cameraCFrame":[762.762,245.85,43.317,-0.973,-0.226,0.04,0,0.174,0.985,-0.229,0.959,-0.169],"_shiftlockState":true,"_pose":"FreeFall","_animationQueue":[],"_animationSpeed":1,"_zoom":16.125},{"_mousePosition":[683,384],"_rootPartCFrame":[763.562,228.038,46.389,-0.934,0,0.357,0,1,0,-0.357,0,-0.934],"_humanoidState":5,"_cameraCFrame":[762.58,245.418,43.237,-0.967,-0.25,0.044,0,0.174,0.985,-0.254,0.953,-0.168],"_shiftlockState":true,"_pose":"FreeFall","_animationQueue":[],"_animationSpeed":1,"_zoom":16.125},{"_mousePosition":[683,384],"_rootPartCFrame":[763.303,227.552,46.329,-0.925,0,0.38,0,1,0,-0.38,0,-0.925],"_humanoidState":5,"_cameraCFrame":[762.401,244.932,43.153,-0.961,-0.274,0.048,0,0.174,0.985,-0.278,0.946,-0.167],"_shiftlockState":true,"_pose":"FreeFall","_animationQueue":[],"_animationSpeed":1,"_zoom":16.125},{"_mousePosition":[683,384],"_rootPartCFrame":[763.045,227.012,46.262,-0.915,0,0.403,0,1,0,-0.403,0,-0.915],"_humanoidState":5,"_cameraCFrame":[762.231,244.392,43.062,-0.952,-0.3,0.053,0,0.174,0.985,-0.305,0.938,-0.165],"_shiftlockState":true,"_pose":"FreeFall","_animationQueue":[],"_animationSpeed":1,"_zoom":16.125},{"_mousePosition":[683,384],"_rootPartCFrame":[762.724,226.26,46.171,-0.889,0,0.459,0,1,0,-0.459,0,-0.889],"_humanoidState":5,"_cameraCFrame":[762.008,243.64,42.947,-0.943,-0.329,0.058,0,0.174,0.985,-0.334,0.928,-0.164],"_shiftlockState":true,"_pose":"FreeFall","_animationQueue":[["fall",0.3]],"_animationSpeed":1,"_zoom":16.125},{"_mousePosition":[683,384],"_rootPartCFrame":[762.533,225.768,46.111,-0.905,0,0.426,0,1,0,-0.426,0,-0.905],"_humanoidState":5,"_cameraCFrame":[761.924,243.148,42.865,-0.931,-0.359,0.063,0,0.174,0.985,-0.364,0.917,-0.162],"_shiftlockState":true,"_pose":"FreeFall","_animationQueue":[],"_animationSpeed":1,"_zoom":16.125},{"_mousePosition":[683,384],"_rootPartCFrame":[762.281,225.064,46.023,-0.875,0,0.485,0,1,0,-0.485,0,-0.875],"_humanoidState":5,"_cameraCFrame":[761.788,242.444,42.758,-0.918,-0.391,0.069,0,0.174,0.985,-0.397,0.904,-0.159],"_shiftlockState":true,"_pose":"FreeFall","_animationQueue":[],"_animationSpeed":1,"_zoom":16.125},{"_mousePosition":[683,384],"_rootPartCFrame":[762.033,224.305,45.927,-0.857,0,0.516,0,1,0,-0.516,0,-0.857],"_humanoidState":5,"_cameraCFrame":[761.655,241.685,42.647,-0.903,-0.423,0.075,0,0.174,0.985,-0.429,0.889,-0.157],"_shiftlockState":true,"_pose":"FreeFall","_animationQueue":[],"_animationSpeed":1,"_zoom":16.125},{"_mousePosition":[683,384],"_rootPartCFrame":[761.787,223.492,45.822,-0.838,0,0.546,0,1,0,-0.546,0,-0.838],"_humanoidState":5,"_cameraCFrame":[761.551,240.872,42.529,-0.884,-0.461,0.081,0,0.174,0.985,-0.468,0.87,-0.153],"_shiftlockState":true,"_pose":"FreeFall","_animationQueue":[],"_animationSpeed":1,"_zoom":16.125},{"_mousePosition":[683,384],"_rootPartCFrame":[761.546,222.625,45.709,-0.864,0,0.504,0,1,0,-0.504,0,-0.864],"_humanoidState":7,"_cameraCFrame":[761.368,240.005,42.412,-0.875,-0.476,0.084,0,0.174,0.985,-0.483,0.862,-0.152],"_shiftlockState":true,"_pose":"FreeFall","_animationQueue":[["walk",0.1],["fall",0.3],["fall",0.3]],"_animationSpeed":1,"_zoom":16.125},{"_mousePosition":[683,384],"_rootPartCFrame":[761.31,222.429,45.586,-0.873,0,0.488,0,1,0,-0.488,0,-0.873],"_humanoidState":7,"_cameraCFrame":[761.148,239.809,42.288,-0.873,-0.48,0.085,0,0.174,0.985,-0.488,0.86,-0.152],"_shiftlockState":true,"_pose":"FreeFall","_animationQueue":[],"_animationSpeed":1,"_zoom":16.125},{"_mousePosition":[683,384],"_rootPartCFrame":[761.019,222.54,45.426,-0.873,0,0.488,0,1,0,-0.488,0,-0.873],"_humanoidState":8,"_cameraCFrame":[760.857,239.92,42.128,-0.873,-0.48,0.085,0,0.174,0.985,-0.488,0.86,-0.152],"_shiftlockState":true,"_pose":"Running","_animationQueue":[["fall",0.3],["walk",0.1],["fall",0.3],["walk",0.1]],"_animationSpeed":1.103,"_zoom":16.125},{"_mousePosition":[683,384],"_rootPartCFrame":[760.794,222.641,45.301,-0.873,0,0.488,0,1,0,-0.488,0,-0.873],"_humanoidState":8,"_cameraCFrame":[760.633,240.021,42.003,-0.873,-0.48,0.085,0,0.174,0.985,-0.488,0.86,-0.152],"_shiftlockState":true,"_pose":"Running","_animationQueue":[],"_animationSpeed":1.103,"_zoom":16.125},{"_mousePosition":[683,384],"_rootPartCFrame":[760.509,222.75,45.141,-0.873,0,0.488,0,1,0,-0.488,0,-0.873],"_humanoidState":8,"_cameraCFrame":[760.323,240.13,41.845,-0.877,-0.474,0.084,0,0.174,0.985,-0.481,0.863,-0.152],"_shiftlockState":true,"_pose":"Running","_animationQueue":[],"_animationSpeed":1.103,"_zoom":16.125},{"_mousePosition":[683,384],"_rootPartCFrame":[760.338,222.787,45.046,-0.877,0,0.481,0,1,0,-0.481,0,-0.877],"_humanoidState":8,"_cameraCFrame":[760.118,240.167,41.751,-0.881,-0.465,0.082,0,0.174,0.985,-0.472,0.868,-0.153],"_shiftlockState":true,"_pose":"Running","_animationQueue":[],"_animationSpeed":1.103,"_zoom":16.125},{"_mousePosition":[683,384],"_rootPartCFrame":[760.124,222.787,44.928,-0.881,0,0.472,0,1,0,-0.472,0,-0.881],"_humanoidState":8,"_cameraCFrame":[759.87,240.167,41.635,-0.886,-0.456,0.08,0,0.174,0.985,-0.463,0.873,-0.154],"_shiftlockState":true,"_pose":"Running","_animationQueue":[],"_animationSpeed":1.103,"_zoom":16.125},{"_mousePosition":[683,384],"_rootPartCFrame":[759.858,223.857,44.782,-0.886,0,0.463,0,1,0,-0.463,0,-0.886],"_humanoidState":3,"_cameraCFrame":[759.546,241.237,41.494,-0.894,-0.441,0.078,0,0.174,0.985,-0.448,0.881,-0.155],"_shiftlockState":true,"_pose":"Jumping","_animationQueue":[["walk",0.1],["jump",0.1]],"_animationSpeed":1,"_zoom":16.125},{"_mousePosition":[683,384],"_rootPartCFrame":[759.686,224.458,44.691,-0.864,0,0.503,0,1,0,-0.503,0,-0.864],"_humanoidState":5,"_cameraCFrame":[759.308,241.838,41.41,-0.903,-0.423,0.075,0,0.174,0.985,-0.429,0.889,-0.157],"_shiftlockState":true,"_pose":"FreeFall","_animationQueue":[["jump",0.1]],"_animationSpeed":1,"_zoom":16.125},{"_mousePosition":[683,384],"_rootPartCFrame":[759.448,225.212,44.571,-0.842,0,0.539,0,1,0,-0.539,0,-0.842],"_humanoidState":5,"_cameraCFrame":[758.921,242.592,41.311,-0.922,-0.382,0.067,0,0.174,0.985,-0.388,0.908,-0.16],"_shiftlockState":true,"_pose":"FreeFall","_animationQueue":[],"_animationSpeed":1,"_zoom":16.125},{"_mousePosition":[683,384],"_rootPartCFrame":[759.208,225.911,44.455,-0.862,0,0.506,0,1,0,-0.506,0,-0.862],"_humanoidState":5,"_cameraCFrame":[758.615,243.291,41.207,-0.929,-0.364,0.064,0,0.174,0.985,-0.369,0.915,-0.161],"_shiftlockState":true,"_pose":"FreeFall","_animationQueue":[],"_animationSpeed":1,"_zoom":16.125},{"_mousePosition":[683,384],"_rootPartCFrame":[758.963,226.556,44.35,-0.872,0,0.489,0,1,0,-0.489,0,-0.872],"_humanoidState":5,"_cameraCFrame":[758.165,243.936,41.146,-0.951,-0.305,0.054,0,0.174,0.985,-0.31,0.936,-0.165],"_shiftlockState":true,"_pose":"FreeFall","_animationQueue":[],"_animationSpeed":1,"_zoom":16.125},{"_mousePosition":[683,384],"_rootPartCFrame":[758.715,227.147,44.251,-0.901,0,0.433,0,1,0,-0.433,0,-0.901],"_humanoidState":5,"_cameraCFrame":[757.781,244.527,41.084,-0.963,-0.264,0.047,0,0.174,0.985,-0.268,0.949,-0.167],"_shiftlockState":true,"_pose":"FreeFall","_animationQueue":[],"_animationSpeed":1,"_zoom":16.125},{"_mousePosition":[683,384],"_rootPartCFrame":[758.462,227.682,44.166,-0.919,0,0.394,0,1,0,-0.394,0,-0.919],"_humanoidState":5,"_cameraCFrame":[757.401,245.062,41.039,-0.973,-0.226,0.04,0,0.174,0.985,-0.229,0.959,-0.169],"_shiftlockState":true,"_pose":"FreeFall","_animationQueue":[],"_animationSpeed":1,"_zoom":16.125},{"_mousePosition":[683,384],"_rootPartCFrame":[758.142,228.276,44.075,-0.922,0,0.387,0,1,0,-0.387,0,-0.922],"_humanoidState":5,"_cameraCFrame":[756.955,245.656,40.994,-0.982,-0.187,0.033,0,0.174,0.985,-0.19,0.967,-0.17],"_shiftlockState":true,"_pose":"FreeFall","_animationQueue":[],"_animationSpeed":1,"_zoom":16.125},{"_mousePosition":[683,384],"_rootPartCFrame":[757.947,228.591,44.027,-0.958,0,0.287,0,1,0,-0.287,0,-0.958],"_humanoidState":5,"_cameraCFrame":[756.629,245.971,41,-0.989,-0.145,0.026,0,0.174,0.985,-0.147,0.974,-0.172],"_shiftlockState":true,"_pose":"FreeFall","_animationQueue":[],"_animationSpeed":1,"_zoom":16.125},{"_mousePosition":[683,384],"_rootPartCFrame":[757.686,228.963,43.975,-0.961,0,0.277,0,1,0,-0.277,0,-0.961],"_humanoidState":5,"_cameraCFrame":[756.231,246.343,41.011,-0.995,-0.1,0.018,0,0.174,0.985,-0.102,0.98,-0.173],"_shiftlockState":true,"_pose":"FreeFall","_animationQueue":[],"_animationSpeed":1,"_zoom":16.125},{"_mousePosition":[683,384],"_rootPartCFrame":[757.423,229.281,43.934,-0.972,0,0.233,0,1,0,-0.233,0,-0.972],"_humanoidState":5,"_cameraCFrame":[755.834,246.661,41.04,-0.998,-0.056,0.01,0,0.174,0.985,-0.057,0.983,-0.173],"_shiftlockState":true,"_pose":"FreeFall","_animationQueue":[],"_animationSpeed":1,"_zoom":16.125},{"_mousePosition":[683,384],"_rootPartCFrame":[757.158,229.544,43.905,-0.982,0,0.189,0,1,0,-0.189,0,-0.982],"_humanoidState":5,"_cameraCFrame":[755.439,246.924,41.086,-1,-0.011,0.002,0,0.174,0.985,-0.011,0.985,-0.174],"_shiftlockState":true,"_pose":"FreeFall","_animationQueue":[],"_animationSpeed":1,"_zoom":16.125},{"_mousePosition":[683,384],"_rootPartCFrame":[756.891,229.753,43.888,-0.99,0,0.144,0,1,0,-0.144,0,-0.99],"_humanoidState":5,"_cameraCFrame":[755.046,247.133,41.15,-0.999,0.034,-0.006,0,0.174,0.985,0.034,0.984,-0.174],"_shiftlockState":true,"_pose":"FreeFall","_animationQueue":[],"_animationSpeed":1,"_zoom":16.125},{"_mousePosition":[683,384],"_rootPartCFrame":[756.625,229.908,43.884,-0.995,0,0.099,0,1,0,-0.099,0,-0.995],"_humanoidState":5,"_cameraCFrame":[754.657,247.288,41.232,-0.997,0.079,-0.014,0,0.174,0.985,0.08,0.982,-0.173],"_shiftlockState":true,"_pose":"FreeFall","_animationQueue":[],"_animationSpeed":1,"_zoom":16.125},{"_mousePosition":[683,384],"_rootPartCFrame":[756.358,230.008,43.891,-0.999,0,0.053,0,1,0,-0.053,0,-0.999],"_humanoidState":5,"_cameraCFrame":[754.284,247.388,41.321,-0.993,0.118,-0.021,0,0.174,0.985,0.12,0.978,-0.172],"_shiftlockState":true,"_pose":"FreeFall","_animationQueue":[],"_animationSpeed":1,"_zoom":16.125},{"_mousePosition":[683,384],"_rootPartCFrame":[756.092,230.053,43.91,-1,0,0.013,0,1,0,-0.013,0,-1],"_humanoidState":5,"_cameraCFrame":[753.91,247.433,41.433,-0.987,0.16,-0.028,0,0.174,0.985,0.163,0.972,-0.171],"_shiftlockState":true,"_pose":"FreeFall","_animationQueue":[],"_animationSpeed":1,"_zoom":16.125},{"_mousePosition":[683,384],"_rootPartCFrame":[755.827,230.044,43.941,-1,0,-0.03,0,1,0,0.03,0,-1],"_humanoidState":5,"_cameraCFrame":[753.505,247.424,41.594,-0.976,0.217,-0.038,0,0.174,0.985,0.22,0.961,-0.169],"_shiftlockState":true,"_pose":"FreeFall","_animationQueue":[],"_animationSpeed":1,"_zoom":16.125},{"_mousePosition":[683,384],"_rootPartCFrame":[755.564,229.98,43.983,-0.996,0,-0.088,0,1,0,0.088,0,-0.996],"_humanoidState":5,"_cameraCFrame":[753.16,247.36,41.72,-0.967,0.25,-0.044,0,0.174,0.985,0.254,0.952,-0.168],"_shiftlockState":true,"_pose":"FreeFall","_animationQueue":[],"_animationSpeed":1,"_zoom":16.125},{"_mousePosition":[683,384],"_rootPartCFrame":[755.304,229.862,44.039,-0.992,0,-0.124,0,1,0,0.124,0,-0.992],"_humanoidState":5,"_cameraCFrame":[752.831,247.242,41.85,-0.959,0.279,-0.049,0,0.174,0.985,0.284,0.944,-0.167],"_shiftlockState":true,"_pose":"FreeFall","_animationQueue":[],"_animationSpeed":1,"_zoom":16.125},{"_mousePosition":[683,384],"_rootPartCFrame":[755.045,229.69,44.105,-0.988,0,-0.154,0,1,0,0.154,0,-0.988],"_humanoidState":5,"_cameraCFrame":[752.518,247.07,41.98,-0.951,0.303,-0.053,0,0.174,0.985,0.308,0.937,-0.165],"_shiftlockState":true,"_pose":"FreeFall","_animationQueue":[],"_animationSpeed":1,"_zoom":16.125},{"_mousePosition":[683,384],"_rootPartCFrame":[754.789,229.462,44.18,-0.984,0,-0.179,0,1,0,0.179,0,-0.984],"_humanoidState":5,"_cameraCFrame":[752.22,246.842,42.106,-0.945,0.322,-0.057,0,0.174,0.985,0.327,0.931,-0.164],"_shiftlockState":true,"_pose":"FreeFall","_animationQueue":[],"_animationSpeed":1,"_zoom":16.125},{"_mousePosition":[683,384],"_rootPartCFrame":[754.472,229.102,44.281,-0.986,0,-0.166,0,1,0,0.166,0,-0.986],"_humanoidState":5,"_cameraCFrame":[751.866,246.482,42.253,-0.939,0.338,-0.06,0,0.174,0.985,0.344,0.925,-0.163],"_shiftlockState":true,"_pose":"FreeFall","_animationQueue":[["fall",0.3]],"_animationSpeed":1,"_zoom":16.125},{"_mousePosition":[683,384],"_rootPartCFrame":[754.282,228.845,44.346,-0.969,0,-0.248,0,1,0,0.248,0,-0.969],"_humanoidState":5,"_cameraCFrame":[751.646,246.225,42.358,-0.934,0.352,-0.062,0,0.174,0.985,0.358,0.92,-0.162],"_shiftlockState":true,"_pose":"FreeFall","_animationQueue":[],"_animationSpeed":1,"_zoom":16.125},{"_mousePosition":[683,384],"_rootPartCFrame":[754.032,228.454,44.437,-0.973,0,-0.231,0,1,0,0.231,0,-0.973],"_humanoidState":5,"_cameraCFrame":[751.366,245.834,42.489,-0.928,0.366,-0.065,0,0.174,0.985,0.372,0.914,-0.161],"_shiftlockState":true,"_pose":"FreeFall","_animationQueue":[],"_animationSpeed":1,"_zoom":16.125},{"_mousePosition":[683,384],"_rootPartCFrame":[753.72,227.889,44.556,-0.977,0,-0.213,0,1,0,0.213,0,-0.977],"_humanoidState":5,"_cameraCFrame":[751.02,245.269,42.655,-0.922,0.382,-0.067,0,0.174,0.985,0.388,0.908,-0.16],"_shiftlockState":true,"_pose":"FreeFall","_animationQueue":[],"_animationSpeed":1,"_zoom":16.125},{"_mousePosition":[683,384],"_rootPartCFrame":[753.473,227.376,44.654,-0.965,0,-0.262,0,1,0,0.262,0,-0.965],"_humanoidState":5,"_cameraCFrame":[750.744,244.756,42.795,-0.915,0.396,-0.07,0,0.174,0.985,0.402,0.902,-0.159],"_shiftlockState":true,"_pose":"FreeFall","_animationQueue":[],"_animationSpeed":1,"_zoom":16.125},{"_mousePosition":[683,384],"_rootPartCFrame":[753.288,226.955,44.731,-0.951,0,-0.309,0,1,0,0.309,0,-0.951],"_humanoidState":5,"_cameraCFrame":[750.545,244.335,42.893,-0.912,0.403,-0.071,0,0.174,0.985,0.409,0.899,-0.158],"_shiftlockState":true,"_pose":"FreeFall","_animationQueue":[],"_animationSpeed":1,"_zoom":16.125},{"_mousePosition":[683,384],"_rootPartCFrame":[753.044,226.347,44.838,-0.959,0,-0.284,0,1,0,0.284,0,-0.959],"_humanoidState":5,"_cameraCFrame":[750.301,243.727,42.999,-0.912,0.403,-0.071,0,0.174,0.985,0.409,0.899,-0.158],"_shiftlockState":true,"_pose":"FreeFall","_animationQueue":[],"_animationSpeed":1,"_zoom":16.125},{"_mousePosition":[683,384],"_rootPartCFrame":[752.8,225.684,44.947,-0.959,0,-0.284,0,1,0,0.284,0,-0.959],"_humanoidState":5,"_cameraCFrame":[750.057,243.064,43.108,-0.912,0.403,-0.071,0,0.174,0.985,0.409,0.899,-0.158],"_shiftlockState":true,"_pose":"FreeFall","_animationQueue":[["fall",0.3]],"_animationSpeed":1,"_zoom":16.125},{"_mousePosition":[683,384],"_rootPartCFrame":[752.557,224.966,45.056,-0.959,0,-0.284,0,1,0,0.284,0,-0.959],"_humanoidState":5,"_cameraCFrame":[749.833,242.346,43.19,-0.917,0.394,-0.069,0,0.174,0.985,0.4,0.903,-0.159],"_shiftlockState":true,"_pose":"FreeFall","_animationQueue":[],"_animationSpeed":1,"_zoom":16.125},{"_mousePosition":[683,384],"_rootPartCFrame":[752.313,224.194,45.165,-0.962,0,-0.275,0,1,0,0.275,0,-0.962],"_humanoidState":5,"_cameraCFrame":[749.638,241.574,43.231,-0.926,0.371,-0.065,0,0.174,0.985,0.377,0.912,-0.161],"_shiftlockState":true,"_pose":"FreeFall","_animationQueue":[],"_animationSpeed":1,"_zoom":16.125},{"_mousePosition":[683,384],"_rootPartCFrame":[752.008,223.152,45.299,-0.976,0,-0.218,0,1,0,0.218,0,-0.976],"_humanoidState":5,"_cameraCFrame":[749.397,240.527,43.235,-0.94,0.336,-0.06,0,0.176,0.984,0.341,0.925,-0.165],"_shiftlockState":true,"_pose":"FreeFall","_animationQueue":[],"_animationSpeed":1,"_zoom":16.125},{"_mousePosition":[683,384],"_rootPartCFrame":[751.823,222.486,45.375,-0.951,0,-0.31,0,1,0,0.31,0,-0.951],"_humanoidState":7,"_cameraCFrame":[749.298,239.861,43.207,-0.953,0.298,-0.053,0,0.176,0.984,0.303,0.938,-0.167],"_shiftlockState":true,"_pose":"FreeFall","_animationQueue":[["walk",0.1],["fall",0.3],["fall",0.3]],"_animationSpeed":1,"_zoom":16.125},{"_mousePosition":[683,384],"_rootPartCFrame":[751.51,222.353,45.49,-0.955,0,-0.297,0,1,0,0.297,0,-0.955],"_humanoidState":7,"_cameraCFrame":[749.052,239.728,43.247,-0.962,0.27,-0.048,0,0.176,0.984,0.274,0.947,-0.169],"_shiftlockState":true,"_pose":"FreeFall","_animationQueue":[],"_animationSpeed":1,"_zoom":16.125},{"_mousePosition":[683,384],"_rootPartCFrame":[751.32,222.439,45.552,-0.962,0,-0.273,0,1,0,0.273,0,-0.962],"_humanoidState":7,"_cameraCFrame":[748.879,239.813,43.29,-0.964,0.262,-0.047,0,0.176,0.984,0.267,0.949,-0.169],"_shiftlockState":true,"_pose":"FreeFall","_animationQueue":[],"_animationSpeed":1,"_zoom":16.125},{"_mousePosition":[683,384],"_rootPartCFrame":[751,222.546,45.645,-0.964,0,-0.266,0,1,0,0.266,0,-0.964],"_humanoidState":8,"_cameraCFrame":[748.559,239.92,43.383,-0.964,0.262,-0.047,0,0.176,0.984,0.267,0.949,-0.169],"_shiftlockState":true,"_pose":"Running","_animationQueue":[["fall",0.3],["walk",0.1],["fall",0.3],["walk",0.1]],"_animationSpeed":1.103,"_zoom":16.125},{"_mousePosition":[683,384],"_rootPartCFrame":[750.679,222.602,45.734,-0.964,0,-0.267,0,1,0,0.267,0,-0.964],"_humanoidState":8,"_cameraCFrame":[748.237,239.976,43.472,-0.964,0.262,-0.047,0,0.176,0.984,0.267,0.949,-0.169],"_shiftlockState":true,"_pose":"Running","_animationQueue":[],"_animationSpeed":1.103,"_zoom":16.125},{"_mousePosition":[683,384],"_rootPartCFrame":[750.486,222.619,45.787,-0.964,0,-0.267,0,1,0,0.267,0,-0.964],"_humanoidState":8,"_cameraCFrame":[748.056,239.994,43.513,-0.965,0.258,-0.046,0,0.176,0.984,0.262,0.95,-0.169],"_shiftlockState":true,"_pose":"Running","_animationQueue":[],"_animationSpeed":1.103,"_zoom":16.125},{"_mousePosition":[683,384],"_rootPartCFrame":[750.229,222.633,45.858,-0.965,0,-0.262,0,1,0,0.262,0,-0.965],"_humanoidState":8,"_cameraCFrame":[747.822,240.008,43.559,-0.968,0.248,-0.044,0,0.176,0.984,0.252,0.953,-0.17],"_shiftlockState":true,"_pose":"Running","_animationQueue":[],"_animationSpeed":1.103,"_zoom":16.125},{"_mousePosition":[683,384],"_rootPartCFrame":[749.907,223.717,45.947,-0.968,0,-0.252,0,1,0,0.252,0,-0.968],"_humanoidState":3,"_cameraCFrame":[747.524,241.092,43.624,-0.97,0.238,-0.042,0,0.176,0.984,0.242,0.955,-0.17],"_shiftlockState":true,"_pose":"Jumping","_animationQueue":[["walk",0.1],["jump",0.1]],"_animationSpeed":1,"_zoom":16.125},{"_mousePosition":[683,384],"_rootPartCFrame":[749.65,224.525,46.015,-0.988,0,-0.152,0,1,0,0.152,0,-0.988],"_humanoidState":5,"_cameraCFrame":[747.29,241.9,43.668,-0.973,0.229,-0.041,0,0.176,0.984,0.232,0.958,-0.171],"_shiftlockState":true,"_pose":"FreeFall","_animationQueue":[["jump",0.1]],"_animationSpeed":1,"_zoom":16.125},{"_mousePosition":[683,384],"_rootPartCFrame":[749.456,225.096,46.064,-0.99,0,-0.138,0,1,0,0.138,0,-0.99],"_humanoidState":5,"_cameraCFrame":[747.126,242.471,43.687,-0.976,0.216,-0.039,0,0.176,0.984,0.22,0.96,-0.171],"_shiftlockState":true,"_pose":"FreeFall","_animationQueue":[],"_animationSpeed":1,"_zoom":16.125},{"_mousePosition":[683,384],"_rootPartCFrame":[749.196,225.809,46.126,-0.996,0,-0.089,0,1,0,0.089,0,-0.996],"_humanoidState":5,"_cameraCFrame":[746.897,243.184,43.72,-0.978,0.204,-0.036,0,0.176,0.984,0.208,0.963,-0.172],"_shiftlockState":true,"_pose":"FreeFall","_animationQueue":[],"_animationSpeed":1,"_zoom":16.125},{"_mousePosition":[683,384],"_rootPartCFrame":[748.936,226.468,46.185,-0.997,0,-0.076,0,1,0,0.076,0,-0.997],"_humanoidState":5,"_cameraCFrame":[746.661,243.842,43.756,-0.98,0.195,-0.035,0,0.176,0.984,0.198,0.965,-0.172],"_shiftlockState":true,"_pose":"FreeFall","_animationQueue":[],"_animationSpeed":1,"_zoom":16.125},{"_mousePosition":[683,384],"_rootPartCFrame":[748.676,227.072,46.241,-0.998,0,-0.066,0,1,0,0.066,0,-0.998],"_humanoidState":5,"_cameraCFrame":[746.42,244.441,43.758,-0.982,0.185,-0.033,0,0.177,0.984,0.188,0.967,-0.174],"_shiftlockState":true,"_pose":"FreeFall","_animationQueue":[],"_animationSpeed":1,"_zoom":16.125},{"_mousePosition":[683,384],"_rootPartCFrame":[748.414,227.621,46.294,-0.998,0,-0.056,0,1,0,0.056,0,-0.998],"_humanoidState":5,"_cameraCFrame":[746.184,244.99,43.789,-0.984,0.175,-0.032,0,0.177,0.984,0.178,0.968,-0.175],"_shiftlockState":true,"_pose":"FreeFall","_animationQueue":[],"_animationSpeed":1,"_zoom":16.125},{"_mousePosition":[683,384],"_rootPartCFrame":[748.153,228.116,46.344,-0.999,0,-0.045,0,1,0,0.045,0,-0.999],"_humanoidState":5,"_cameraCFrame":[745.922,245.485,43.839,-0.984,0.175,-0.032,0,0.177,0.984,0.178,0.968,-0.175],"_shiftlockState":true,"_pose":"FreeFall","_animationQueue":[],"_animationSpeed":1,"_zoom":16.125},{"_mousePosition":[683,384],"_rootPartCFrame":[747.89,228.557,46.392,-0.999,0,-0.045,0,1,0,0.045,0,-0.999],"_humanoidState":5,"_cameraCFrame":[745.659,245.926,43.887,-0.984,0.175,-0.032,0,0.177,0.984,0.178,0.968,-0.175],"_shiftlockState":true,"_pose":"FreeFall","_animationQueue":[],"_animationSpeed":1,"_zoom":16.125},{"_mousePosition":[683,384],"_rootPartCFrame":[747.628,228.943,46.44,-0.999,0,-0.045,0,1,0,0.045,0,-0.999],"_humanoidState":5,"_cameraCFrame":[745.397,246.312,43.934,-0.984,0.175,-0.032,0,0.177,0.984,0.178,0.968,-0.175],"_shiftlockState":true,"_pose":"FreeFall","_animationQueue":[],"_animationSpeed":1,"_zoom":16.125},{"_mousePosition":[683,384],"_rootPartCFrame":[747.365,229.274,46.487,-0.999,0,-0.045,0,1,0,0.045,0,-0.999],"_humanoidState":5,"_cameraCFrame":[745.134,246.643,43.982,-0.984,0.175,-0.032,0,0.177,0.984,0.178,0.968,-0.175],"_shiftlockState":true,"_pose":"FreeFall","_animationQueue":[],"_animationSpeed":1,"_zoom":16.125},{"_mousePosition":[683,384],"_rootPartCFrame":[747.103,229.551,46.534,-0.999,0,-0.045,0,1,0,0.045,0,-0.999],"_humanoidState":5,"_cameraCFrame":[744.878,246.92,44.023,-0.985,0.172,-0.031,0,0.177,0.984,0.175,0.969,-0.175],"_shiftlockState":true,"_pose":"FreeFall","_animationQueue":[],"_animationSpeed":1,"_zoom":16.125},{"_mousePosition":[683,384],"_rootPartCFrame":[746.775,229.821,46.594,-1,0,-0.01,0,1,0,0.01,0,-1],"_humanoidState":5,"_cameraCFrame":[744.55,247.19,44.083,-0.985,0.172,-0.031,0,0.177,0.984,0.175,0.969,-0.175],"_shiftlockState":true,"_pose":"FreeFall","_animationQueue":[],"_animationSpeed":1,"_zoom":16.125},{"_mousePosition":[683,384],"_rootPartCFrame":[746.512,229.975,46.641,-0.999,0,-0.043,0,1,0,0.043,0,-0.999],"_humanoidState":5,"_cameraCFrame":[744.288,247.344,44.13,-0.985,0.172,-0.031,0,0.177,0.984,0.175,0.969,-0.175],"_shiftlockState":true,"_pose":"FreeFall","_animationQueue":[],"_animationSpeed":1,"_zoom":16.125},{"_mousePosition":[683,384],"_rootPartCFrame":[746.315,230.055,46.676,-0.997,0,-0.076,0,1,0,0.076,0,-0.997],"_humanoidState":5,"_cameraCFrame":[744.091,247.424,44.165,-0.985,0.172,-0.031,0,0.177,0.984,0.175,0.969,-0.175],"_shiftlockState":true,"_pose":"FreeFall","_animationQueue":[],"_animationSpeed":1,"_zoom":16.125},{"_mousePosition":[683,384],"_rootPartCFrame":[746.053,230.114,46.722,-0.999,0,-0.043,0,1,0,0.043,0,-0.999],"_humanoidState":5,"_cameraCFrame":[743.828,247.483,44.211,-0.985,0.172,-0.031,0,0.177,0.984,0.175,0.969,-0.175],"_shiftlockState":true,"_pose":"FreeFall","_animationQueue":[],"_animationSpeed":1,"_zoom":16.125},{"_mousePosition":[683,384],"_rootPartCFrame":[745.725,230.111,46.781,-1,0,-0.01,0,1,0,0.01,0,-1],"_humanoidState":5,"_cameraCFrame":[743.5,247.48,44.27,-0.985,0.172,-0.031,0,0.177,0.984,0.175,0.969,-0.175],"_shiftlockState":true,"_pose":"FreeFall","_animationQueue":[["fall",0.3]],"_animationSpeed":1,"_zoom":16.125},{"_mousePosition":[683,384],"_rootPartCFrame":[745.528,230.069,46.816,-0.997,0,-0.076,0,1,0,0.076,0,-0.997],"_humanoidState":5,"_cameraCFrame":[743.304,247.438,44.305,-0.985,0.172,-0.031,0,0.177,0.984,0.175,0.969,-0.175],"_shiftlockState":true,"_pose":"FreeFall","_animationQueue":[],"_animationSpeed":1,"_zoom":16.125},{"_mousePosition":[683,384],"_rootPartCFrame":[745.266,229.964,46.863,-0.999,0,-0.043,0,1,0,0.043,0,-0.999],"_humanoidState":5,"_cameraCFrame":[743.041,247.333,44.352,-0.985,0.172,-0.031,0,0.177,0.984,0.175,0.969,-0.175],"_shiftlockState":true,"_pose":"FreeFall","_animationQueue":[],"_animationSpeed":1,"_zoom":16.125},{"_mousePosition":[683,384],"_rootPartCFrame":[745.003,229.805,46.909,-0.999,0,-0.043,0,1,0,0.043,0,-0.999],"_humanoidState":5,"_cameraCFrame":[742.779,247.174,44.398,-0.985,0.172,-0.031,0,0.177,0.984,0.175,0.969,-0.175],"_shiftlockState":true,"_pose":"FreeFall","_animationQueue":[],"_animationSpeed":1,"_zoom":16.125},{"_mousePosition":[683,384],"_rootPartCFrame":[744.741,229.592,46.956,-0.999,0,-0.043,0,1,0,0.043,0,-0.999],"_humanoidState":5,"_cameraCFrame":[742.516,246.961,44.445,-0.985,0.172,-0.031,0,0.177,0.984,0.175,0.969,-0.175],"_shiftlockState":true,"_pose":"FreeFall","_animationQueue":[],"_animationSpeed":1,"_zoom":16.125},{"_mousePosition":[683,384],"_rootPartCFrame":[744.478,229.324,47.003,-0.999,0,-0.043,0,1,0,0.043,0,-0.999],"_humanoidState":5,"_cameraCFrame":[742.254,246.693,44.492,-0.985,0.172,-0.031,0,0.177,0.984,0.175,0.969,-0.175],"_shiftlockState":true,"_pose":"FreeFall","_animationQueue":[],"_animationSpeed":1,"_zoom":16.125},{"_mousePosition":[683,384],"_rootPartCFrame":[744.216,229.001,47.049,-0.999,0,-0.043,0,1,0,0.043,0,-0.999],"_humanoidState":5,"_cameraCFrame":[741.991,246.37,44.539,-0.985,0.172,-0.031,0,0.177,0.984,0.175,0.969,-0.175],"_shiftlockState":true,"_pose":"FreeFall","_animationQueue":[],"_animationSpeed":1,"_zoom":16.125},{"_mousePosition":[683,384],"_rootPartCFrame":[743.953,228.624,47.096,-0.999,0,-0.043,0,1,0,0.043,0,-0.999],"_humanoidState":5,"_cameraCFrame":[741.729,245.993,44.585,-0.985,0.172,-0.031,0,0.177,0.984,0.175,0.969,-0.175],"_shiftlockState":true,"_pose":"FreeFall","_animationQueue":[["fall",0.3]],"_animationSpeed":1,"_zoom":1