[{"_mousePosition":[689,376],"_rootPartCFrame":[776.024,222.7,47.142,0.002,0,1,0,1,0,-1,0,0.002],"_humanoidState":8,"_cameraCFrame":[776.029,239.58,42.298,-1,-0.001,0,0,0.3,0.954,-0.001,0.954,-0.3],"_shiftlockState":false,"_pose":"Standing","_animationQueue":[],"_animationSpeed":1,"_zoom":16.125},{"_mousePosition":[689,376],"_rootPartCFrame":[775.778,222.7,47.141,0.003,0,1,0,1,0,-1,0,0.003],"_humanoidState":8,"_cameraCFrame":[775.747,239.626,42.446,-1,0.006,-0.002,0,0.291,0.957,0.007,0.957,-0.291],"_shiftlockState":false,"_pose":"Standing","_animationQueue":[],"_animationSpeed":1,"_zoom":16.125},{"_mousePosition":[689,376],"_rootPartCFrame":[775.512,222.7,47.14,0.002,0,1,0,1,0,-1,0,0.002],"_humanoidState":8,"_cameraCFrame":[775.447,239.671,42.597,-1,0.014,-0.004,0,0.282,0.959,0.014,0.959,-0.282],"_shiftlockState":false,"_pose":"Running","_animationQueue":[["walk",0.1]],"_animationSpeed":1.066,"_zoom":16.125},{"_mousePosition":[689,376],"_rootPartCFrame":[775.245,222.7,47.142,0.001,0,1,0,1,0,-1,0,0.001],"_humanoidState":8,"_cameraCFrame":[775.161,239.715,42.75,-1,0.019,-0.005,0,0.272,0.962,0.019,0.962,-0.272],"_shiftlockState":false,"_pose":"Running","_animationQueue":[],"_animationSpeed":1.066,"_zoom":16.125},{"_mousePosition":[689,376],"_rootPartCFrame":[774.979,222.7,47.146,-0.001,0,1,0,1,0,-1,0,-0.001],"_humanoidState":8,"_cameraCFrame":[774.876,239.757,42.905,-1,0.023,-0.006,0,0.263,0.965,0.024,0.964,-0.263],"_shiftlockState":false,"_pose":"Running","_animationQueue":[],"_animationSpeed":1.066,"_zoom":16.125},{"_mousePosition":[689,376],"_rootPartCFrame":[774.712,222.7,47.151,-0.003,0,1,0,1,0,-1,0,-0.003],"_humanoidState":8,"_cameraCFrame":[774.602,239.789,43.032,-1,0.026,-0.007,0,0.256,0.967,0.027,0.966,-0.255],"_shiftlockState":false,"_pose":"Running","_animationQueue":[],"_animationSpeed":1.066,"_zoom":16.125},{"_mousePosition":[689,376],"_rootPartCFrame":[774.445,222.7,47.157,-0.006,0,1,0,1,0,-1,0,-0.006],"_humanoidState":8,"_cameraCFrame":[774.31,239.836,43.222,-0.999,0.033,-0.008,0,0.244,0.97,0.034,0.969,-0.244],"_shiftlockState":false,"_pose":"Running","_animationQueue":[],"_animationSpeed":1.066,"_zoom":16.125},{"_mousePosition":[689,376],"_rootPartCFrame":[774.179,222.7,47.164,-0.009,0,1,0,1,0,-1,0,-0.009],"_humanoidState":8,"_cameraCFrame":[774.037,239.859,43.32,-0.999,0.036,-0.009,0,0.239,0.971,0.037,0.97,-0.238],"_shiftlockState":false,"_pose":"Running","_animationQueue":[],"_animationSpeed":1.066,"_zoom":16.125},{"_mousePosition":[689,376],"_rootPartCFrame":[773.912,222.7,47.173,-0.012,0,1,0,1,0,-1,0,-0.012],"_humanoidState":8,"_cameraCFrame":[773.773,239.874,43.39,-0.999,0.036,-0.009,0,0.235,0.972,0.037,0.971,-0.235],"_shiftlockState":false,"_pose":"Running","_animationQueue":[["walk",0.1]],"_animationSpeed":1.066,"_zoom":16.125},{"_mousePosition":[689,376],"_rootPartCFrame":[773.646,222.7,47.183,-0.015,0,1,0,1,0,-1,0,-0.015],"_humanoidState":8,"_cameraCFrame":[773.506,239.874,43.4,-0.999,0.036,-0.009,0,0.235,0.972,0.037,0.971,-0.235],"_shiftlockState":false,"_pose":"Running","_animationQueue":[],"_animationSpeed":1.066,"_zoom":16.125},{"_mousePosition":[689,376],"_rootPartCFrame":[773.379,222.7,47.193,-0.018,0,1,0,1,0,-1,0,-0.018],"_humanoidState":8,"_cameraCFrame":[773.24,239.874,43.41,-0.999,0.036,-0.009,0,0.235,0.972,0.037,0.971,-0.235],"_shiftlockState":false,"_pose":"Running","_animationQueue":[],"_animationSpeed":1.066,"_zoom":16.125},{"_mousePosition":[689,376],"_rootPartCFrame":[773.113,222.7,47.203,-0.021,0,1,0,1,0,-1,0,-0.021],"_humanoidState":8,"_cameraCFrame":[772.973,239.874,43.42,-0.999,0.036,-0.009,0,0.235,0.972,0.037,0.971,-0.235],"_shiftlockState":false,"_pose":"Running","_animationQueue":[],"_animationSpeed":1.066,"_zoom":16.125},{"_mousePosition":[689,376],"_rootPartCFrame":[772.846,222.7,47.213,-0.023,0,1,0,1,0,-1,0,-0.023],"_humanoidState":8,"_cameraCFrame":[772.707,239.874,43.43,-0.999,0.036,-0.009,0,0.235,0.972,0.037,0.971,-0.235],"_shiftlockState":false,"_pose":"Running","_animationQueue":[],"_animationSpeed":1.066,"_zoom":16.125},{"_mousePosition":[689,376],"_rootPartCFrame":[772.58,222.7,47.222,-0.025,0,1,0,1,0,-1,0,-0.025],"_humanoidState":8,"_cameraCFrame":[772.44,239.874,43.44,-0.999,0.036,-0.009,0,0.235,0.972,0.037,0.971,-0.235],"_shiftlockState":false,"_pose":"Running","_animationQueue":[],"_animationSpeed":1.066,"_zoom":16.125},{"_mousePosition":[689,376],"_rootPartCFrame":[772.313,222.7,47.232,-0.027,0,1,0,1,0,-1,0,-0.027],"_humanoidState":8,"_cameraCFrame":[772.174,239.874,43.449,-0.999,0.036,-0.009,0,0.235,0.972,0.037,0.971,-0.235],"_shiftlockState":false,"_pose":"Running","_animationQueue":[],"_animationSpeed":1.066,"_zoom":16.125},{"_mousePosition":[689,376],"_rootPartCFrame":[772.047,222.7,47.242,-0.028,0,1,0,1,0,-1,0,-0.028],"_humanoidState":8,"_cameraCFrame":[771.907,239.874,43.459,-0.999,0.036,-0.009,0,0.235,0.972,0.037,0.971,-0.235],"_shiftlockState":false,"_pose":"Running","_animationQueue":[["walk",0.1]],"_animationSpeed":1.066,"_zoom":16.125},{"_mousePosition":[689,376],"_rootPartCFrame":[771.781,222.7,47.252,-0.029,0,1,0,1,0,-1,0,-0.029],"_humanoidState":8,"_cameraCFrame":[771.643,239.889,43.53,-0.999,0.036,-0.009,0,0.231,0.973,0.037,0.972,-0.231],"_shiftlockState":false,"_pose":"Running","_animationQueue":[],"_animationSpeed":1.066,"_zoom":16.125},{"_mousePosition":[689,376],"_rootPartCFrame":[771.514,222.7,47.262,-0.03,0,1,0,1,0,-1,0,-0.03],"_humanoidState":8,"_cameraCFrame":[771.379,239.903,43.601,-0.999,0.036,-0.008,0,0.227,0.974,0.037,0.973,-0.227],"_shiftlockState":false,"_pose":"Running","_animationQueue":[],"_animationSpeed":1.066,"_zoom":16.125},{"_mousePosition":[689,376],"_rootPartCFrame":[771.248,222.7,47.272,-0.031,0,1,0,1,0,-1,0,-0.031],"_humanoidState":8,"_cameraCFrame":[771.132,239.91,43.641,-0.999,0.031,-0.007,0,0.225,0.974,0.032,0.974,-0.225],"_shiftlockState":false,"_pose":"Running","_animationQueue":[],"_animationSpeed":1.066,"_zoom":16.125},{"_mousePosition":[689,376],"_rootPartCFrame":[770.981,222.7,47.281,-0.032,0,0.999,0,1,0,-0.999,0,-0.032],"_humanoidState":8,"_cameraCFrame":[770.875,239.917,43.681,-1,0.029,-0.007,0,0.223,0.975,0.029,0.974,-0.223],"_shiftlockState":false,"_pose":"Running","_animationQueue":[],"_animationSpeed":1.066,"_zoom":16.125},{"_mousePosition":[689,376],"_rootPartCFrame":[770.714,223.563,47.291,-0.033,0,0.999,0,1,0,-0.999,0,-0.033],"_humanoidState":3,"_cameraCFrame":[770.628,240.787,43.721,-1,0.024,-0.005,0,0.221,0.975,0.024,0.975,-0.221],"_shiftlockState":false,"_pose":"Jumping","_animationQueue":[["walk",0.1],["jump",0.1]],"_animationSpeed":1,"_zoom":16.125},{"_mousePosition":[689,376],"_rootPartCFrame":[770.448,224.371,47.299,-0.033,0,0.999,0,1,0,-0.999,0,-0.033],"_humanoidState":5,"_cameraCFrame":[770.379,241.596,43.729,-1,0.019,-0.004,0,0.221,0.975,0.019,0.975,-0.221],"_shiftlockState":false,"_pose":"FreeFall","_animationQueue":[["jump",0.1]],"_animationSpeed":1,"_zoom":16.125},{"_mousePosition":[689,376],"_rootPartCFrame":[770.181,225.125,47.306,-0.032,0,0.999,0,1,0,-0.999,0,-0.032],"_humanoidState":5,"_cameraCFrame":[770.122,242.349,43.735,-1,0.016,-0.004,0,0.221,0.975,0.017,0.975,-0.221],"_shiftlockState":false,"_pose":"FreeFall","_animationQueue":[],"_animationSpeed":1,"_zoom":16.125},{"_mousePosition":[689,376],"_rootPartCFrame":[769.915,225.824,47.311,-0.03,0,1,0,1,0,-1,0,-0.03],"_humanoidState":5,"_cameraCFrame":[769.855,243.049,43.741,-1,0.016,-0.004,0,0.221,0.975,0.017,0.975,-0.221],"_shiftlockState":false,"_pose":"FreeFall","_animationQueue":[],"_animationSpeed":1,"_zoom":16.125},{"_mousePosition":[689,376],"_rootPartCFrame":[769.648,226.469,47.316,-0.029,0,1,0,1,0,-1,0,-0.029],"_humanoidState":5,"_cameraCFrame":[769.597,243.694,43.745,-1,0.014,-0.003,0,0.221,0.975,0.014,0.975,-0.221],"_shiftlockState":false,"_pose":"FreeFall","_animationQueue":[],"_animationSpeed":1,"_zoom":16.125},{"_mousePosition":[689,376],"_rootPartCFrame":[769.381,227.06,47.32,-0.027,0,1,0,1,0,-1,0,-0.027],"_humanoidState":5,"_cameraCFrame":[769.34,244.284,43.75,-1,0.011,-0.003,0,0.221,0.975,0.012,0.975,-0.221],"_shiftlockState":false,"_pose":"FreeFall","_animationQueue":[],"_animationSpeed":1,"_zoom":16.125},{"_mousePosition":[689,376],"_rootPartCFrame":[769.115,227.595,47.324,-0.025,0,1,0,1,0,-1,0,-0.025],"_humanoidState":5,"_cameraCFrame":[769.073,244.82,43.753,-1,0.011,-0.003,0,0.221,0.975,0.012,0.975,-0.221],"_shiftlockState":false,"_pose":"FreeFall","_animationQueue":[],"_animationSpeed":1,"_zoom":16.125},{"_mousePosition":[689,376],"_rootPartCFrame":[768.848,228.077,47.328,-0.023,0,1,0,1,0,-1,0,-0.023],"_humanoidState":5,"_cameraCFrame":[768.825,245.301,43.756,-1,0.006,-0.001,0,0.221,0.975,0.007,0.975,-0.221],"_shiftlockState":false,"_pose":"FreeFall","_animationQueue":[],"_animationSpeed":1,"_zoom":16.125},{"_mousePosition":[689,376],"_rootPartCFrame":[768.582,228.504,47.331,-0.022,0,1,0,1,0,-1,0,-0.022],"_humanoidState":5,"_cameraCFrame":[768.576,245.735,43.79,-1,0.001,0,0,0.22,0.976,0.002,0.976,-0.22],"_shiftlockState":false,"_pose":"FreeFall","_animationQueue":[],"_animationSpeed":1,"_zoom":16.125},{"_mousePosition":[689,376],"_rootPartCFrame":[768.315,228.876,47.333,-0.02,0,1,0,1,0,-1,0,-0.02],"_humanoidState":5,"_cameraCFrame":[768.328,246.108,43.792,-1,-0.003,0.001,0,0.22,0.976,-0.004,0.976,-0.22],"_shiftlockState":false,"_pose":"FreeFall","_animationQueue":[],"_animationSpeed":1,"_zoom":16.125},{"_mousePosition":[689,376],"_rootPartCFrame":[768.048,229.194,47.333,-0.018,0,1,0,1,0,-1,0,-0.018],"_humanoidState":5,"_cameraCFrame":[768.079,246.426,43.793,-1,-0.008,0.002,0,0.22,0.976,-0.009,0.976,-0.22],"_shiftlockState":false,"_pose":"FreeFall","_animationQueue":[],"_animationSpeed":1,"_zoom":16.125},{"_mousePosition":[689,376],"_rootPartCFrame":[767.782,229.457,47.332,-0.015,0,1,0,1,0,-1,0,-0.015],"_humanoidState":5,"_cameraCFrame":[767.812,246.689,43.792,-1,-0.008,0.002,0,0.22,0.976,-0.009,0.976,-0.22],"_shiftlockState":false,"_pose":"FreeFall","_animationQueue":[],"_animationSpeed":1,"_zoom":16.125},{"_mousePosition":[689,376],"_rootPartCFrame":[767.515,229.666,47.33,-0.012,0,1,0,1,0,-1,0,-0.012],"_humanoidState":5,"_cameraCFrame":[767.546,246.898,43.79,-1,-0.008,0.002,0,0.22,0.976,-0.009,0.976,-0.22],"_shiftlockState":false,"_pose":"FreeFall","_animationQueue":[],"_animationSpeed":1,"_zoom":16.125},{"_mousePosition":[689,376],"_rootPartCFrame":[767.249,229.821,47.328,-0.009,0,1,0,1,0,-1,0,-0.009],"_humanoidState":5,"_cameraCFrame":[767.279,247.052,43.788,-1,-0.008,0.002,0,0.22,0.976,-0.009,0.976,-0.22],"_shiftlockState":false,"_pose":"FreeFall","_animationQueue":[],"_animationSpeed":1,"_zoom":16.125},{"_mousePosition":[689,376],"_rootPartCFrame":[766.982,229.921,47.326,-0.007,0,1,0,1,0,-1,0,-0.007],"_humanoidState":5,"_cameraCFrame":[767.013,247.152,43.785,-1,-0.008,0.002,0,0.22,0.976,-0.009,0.976,-0.22],"_shiftlockState":false,"_pose":"FreeFall","_animationQueue":[],"_animationSpeed":1,"_zoom":16.125},{"_mousePosition":[689,376],"_rootPartCFrame":[766.715,229.966,47.324,-0.004,0,1,0,1,0,-1,0,-0.004],"_humanoidState":5,"_cameraCFrame":[766.746,247.197,43.783,-1,-0.008,0.002,0,0.22,0.976,-0.009,0.976,-0.22],"_shiftlockState":false,"_pose":"FreeFall","_animationQueue":[],"_animationSpeed":1,"_zoom":16.125},{"_mousePosition":[689,376],"_rootPartCFrame":[766.449,229.957,47.321,-0.003,0,1,0,1,0,-1,0,-0.003],"_humanoidState":5,"_cameraCFrame":[766.479,247.188,43.781,-1,-0.008,0.002,0,0.22,0.976,-0.009,0.976,-0.22],"_shiftlockState":false,"_pose":"FreeFall","_animationQueue":[["fall",0.3]],"_animationSpeed":1,"_zoom":16.125},{"_mousePosition":[689,376],"_rootPartCFrame":[766.182,229.893,47.319,-0.001,0,1,0,1,0,-1,0,-0.001],"_humanoidState":5,"_cameraCFrame":[766.213,247.125,43.779,-1,-0.008,0.002,0,0.22,0.976,-0.009,0.976,-0.22],"_shiftlockState":false,"_pose":"FreeFall","_animationQueue":[],"_animationSpeed":1,"_zoom":16.125},{"_mousePosition":[689,376],"_rootPartCFrame":[765.916,229.775,47.317,0,0,1,0,1,0,-1,0,0],"_humanoidState":5,"_cameraCFrame":[765.946,247.007,43.776,-1,-0.008,0.002,0,0.22,0.976,-0.009,0.976,-0.22],"_shiftlockState":false,"_pose":"FreeFall","_animationQueue":[],"_animationSpeed":1,"_zoom":16.125},{"_mousePosition":[689,376],"_rootPartCFrame":[765.649,229.603,47.314,0.002,0,1,0,1,0,-1,0,0.002],"_humanoidState":5,"_cameraCFrame":[765.68,246.834,43.774,-1,-0.008,0.002,0,0.22,0.976,-0.009,0.976,-0.22],"_shiftlockState":false,"_pose":"FreeFall","_animationQueue":[],"_animationSpeed":1,"_zoom":16.125},{"_mousePosition":[689,376],"_rootPartCFrame":[765.382,229.375,47.312,0.003,0,1,0,1,0,-1,0,0.003],"_humanoidState":5,"_cameraCFrame":[765.413,246.614,43.802,-1,-0.008,0.002,0,0.218,0.976,-0.009,0.976,-0.218],"_shiftlockState":false,"_pose":"FreeFall","_animationQueue":[],"_animationSpeed":1,"_zoom":16.125},{"_mousePosition":[689,376],"_rootPartCFrame":[765.116,229.094,47.31,0.003,0,1,0,1,0,-1,0,0.003],"_humanoidState":5,"_cameraCFrame":[765.146,246.332,43.8,-1,-0.008,0.002,0,0.218,0.976,-0.009,0.976,-0.218],"_shiftlockState":false,"_pose":"FreeFall","_animationQueue":[],"_animationSpeed":1,"_zoom":16.125},{"_mousePosition":[689,376],"_rootPartCFrame":[764.849,228.758,47.307,0.004,0,1,0,1,0,-1,0,0.004],"_humanoidState":5,"_cameraCFrame":[764.879,246.003,43.828,-1,-0.008,0.002,0,0.216,0.976,-0.009,0.976,-0.216],"_shiftlockState":false,"_pose":"FreeFall","_animationQueue":[],"_animationSpeed":1,"_zoom":16.125},{"_mousePosition":[689,376],"_rootPartCFrame":[764.583,228.367,47.305,0.005,0,1,0,1,0,-1,0,0.005],"_humanoidState":5,"_cameraCFrame":[764.613,245.612,43.826,-1,-0.008,0.002,0,0.216,0.976,-0.009,0.976,-0.216],"_shiftlockState":false,"_pose":"FreeFall","_animationQueue":[["fall",0.3]],"_animationSpeed":1,"_zoom":16.125},{"_mousePosition":[689,376],"_rootPartCFrame":[764.316,227.922,47.303,0.005,0,1,0,1,0,-1,0,0.005],"_humanoidState":5,"_cameraCFrame":[764.346,245.167,43.824,-1,-0.008,0.002,0,0.216,0.976,-0.009,0.976,-0.216],"_shiftlockState":false,"_pose":"FreeFall","_animationQueue":[],"_animationSpeed":1,"_zoom":16.125},{"_mousePosition":[689,376],"_rootPartCFrame":[764.049,227.422,47.301,0.006,0,1,0,1,0,-1,0,0.006],"_humanoidState":5,"_cameraCFrame":[764.079,244.668,43.822,-1,-0.008,0.002,0,0.216,0.976,-0.009,0.976,-0.216],"_shiftlockState":false,"_pose":"FreeFall","_animationQueue":[],"_animationSpeed":1,"_zoom":16.125},{"_mousePosition":[689,376],"_rootPartCFrame":[763.783,226.868,47.298,0.006,0,1,0,1,0,-1,0,0.006],"_humanoidState":5,"_cameraCFrame":[763.813,244.114,43.819,-1,-0.008,0.002,0,0.216,0.976,-0.009,0.976,-0.216],"_shiftlockState":false,"_pose":"FreeFall","_animationQueue":[],"_animationSpeed":1,"_zoom":16.125},{"_mousePosition":[689,376],"_rootPartCFrame":[763.516,226.26,47.296,0.007,0,1,0,1,0,-1,0,0.007],"_humanoidState":5,"_cameraCFrame":[763.546,243.512,43.848,-1,-0.008,0.002,0,0.214,0.977,-0.009,0.977,-0.214],"_shiftlockState":false,"_pose":"FreeFall","_animationQueue":[],"_animationSpeed":1,"_zoom":16.125},{"_mousePosition":[689,376],"_rootPartCFrame":[763.25,225.597,47.294,0.007,0,1,0,1,0,-1,0,0.007],"_humanoidState":5,"_cameraCFrame":[763.27,242.855,43.876,-1,-0.006,0.001,0,0.212,0.977,-0.006,0.977,-0.212],"_shiftlockState":false,"_pose":"FreeFall","_animationQueue":[],"_animationSpeed":1,"_zoom":16.125},{"_mousePosition":[689,376],"_rootPartCFrame":[762.983,224.879,47.291,0.007,0,1,0,1,0,-1,0,0.007],"_humanoidState":5,"_cameraCFrame":[762.995,242.138,43.874,-1,-0.003,0.001,0,0.212,0.977,-0.004,0.977,-0.212],"_shiftlockState":false,"_pose":"FreeFall","_animationQueue":[["fall",0.3]],"_animationSpeed":1,"_zoom":16.125},{"_mousePosition":[689,376],"_rootPartCFrame":[762.716,224.107,47.29,0.007,0,1,0,1,0,-1,0,0.007],"_humanoidState":5,"_cameraCFrame":[762.72,241.379,43.933,-1,-0.001,0,0,0.208,0.978,-0.001,0.978,-0.208],"_shiftlockState":false,"_pose":"FreeFall","_animationQueue":[],"_animationSpeed":1,"_zoom":16.125},{"_mousePosition":[689,376],"_rootPartCFrame":[762.45,223.28,47.289,0.007,0,1,0,1,0,-1,0,0.007],"_humanoidState":5,"_cameraCFrame":[762.445,240.559,43.963,-1,0.001,0,0,0.206,0.979,0.002,0.979,-0.206],"_shiftlockState":false,"_pose":"FreeFall","_animationQueue":[],"_animationSpeed":1,"_zoom":16.125},{"_mousePosition":[689,376],"_rootPartCFrame":[762.183,222.508,47.288,0.006,0,1,0,1,0,-1,0,0.006],"_humanoidState":7,"_cameraCFrame":[762.17,239.793,43.994,-1,0.004,-0.001,0,0.204,0.979,0.004,0.979,-0.204],"_shiftlockState":false,"_pose":"FreeFall","_animationQueue":[["walk",0.1],["fall",0.3],["fall",0.3]],"_animationSpeed":1,"_zoom":16.125},{"_mousePosition":[689,376],"_rootPartCFrame":[761.917,222.46,47.289,0.005,0,1,0,1,0,-1,0,0.005],"_humanoidState":7,"_cameraCFrame":[761.895,239.745,43.994,-1,0.006,-0.001,0,0.204,0.979,0.007,0.979,-0.204],"_shiftlockState":false,"_pose":"FreeFall","_animationQueue":[],"_animationSpeed":1,"_zoom":16.125},{"_mousePosition":[689,376],"_rootPartCFrame":[761.583,222.57,47.29,0.004,0,1,0,1,0,-1,0,0.004],"_humanoidState":8,"_cameraCFrame":[761.562,239.861,44.026,-1,0.006,-0.001,0,0.202,0.979,0.007,0.979,-0.202],"_shiftlockState":false,"_pose":"Running","_animationQueue":[["walk",0.1],["fall",0.3],["walk",0.1]],"_animationSpeed":1.103,"_zoom":16.125},{"_mousePosition":[689,376],"_rootPartCFrame":[761.317,222.628,47.292,0.002,0,1,0,1,0,-1,0,0.002],"_humanoidState":8,"_cameraCFrame":[761.295,239.919,44.028,-1,0.006,-0.001,0,0.202,0.979,0.007,0.979,-0.202],"_shiftlockState":false,"_pose":"Running","_animationQueue":[["walk",0.1]],"_animationSpeed":1.103,"_zoom":16.125},{"_mousePosition":[689,376],"_rootPartCFrame":[761.05,222.661,47.293,0.001,0,1,0,1,0,-1,0,0.001],"_humanoidState":8,"_cameraCFrame":[761.029,239.952,44.029,-1,0.006,-0.001,0,0.202,0.979,0.007,0.979,-0.202],"_shiftlockState":false,"_pose":"Running","_animationQueue":[],"_animationSpeed":1.103,"_zoom":16.125},{"_mousePosition":[689,376],"_rootPartCFrame":[760.783,222.679,47.295,0,0,1,0,1,0,-1,0,0],"_humanoidState":8,"_cameraCFrame":[760.762,239.97,44.031,-1,0.006,-0.001,0,0.202,0.979,0.007,0.979,-0.202],"_shiftlockState":false,"_pose":"Running","_animationQueue":[],"_animationSpeed":1.103,"_zoom":16.125},{"_mousePosition":[689,376],"_rootPartCFrame":[760.517,222.689,47.297,-0.001,0,1,0,1,0,-1,0,-0.001],"_humanoidState":8,"_cameraCFrame":[760.495,239.98,44.033,-1,0.006,-0.001,0,0.202,0.979,0.007,0.979,-0.202],"_shiftlockState":false,"_pose":"Running","_animationQueue":[],"_animationSpeed":1.103,"_zoom":16.125},{"_mousePosition":[689,376],"_rootPartCFrame":[760.25,222.694,47.299,-0.002,0,1,0,1,0,-1,0,-0.002],"_humanoidState":8,"_cameraCFrame":[760.229,239.985,44.035,-1,0.006,-0.001,0,0.202,0.979,0.007,0.979,-0.202],"_shiftlockState":false,"_pose":"Running","_animationQueue":[],"_animationSpeed":1.103,"_zoom":16.125},{"_mousePosition":[689,376],"_rootPartCFrame":[759.984,222.664,47.3,-0.002,0,1,0,1,0,-1,0,-0.002],"_humanoidState":8,"_cameraCFrame":[759.962,239.955,44.036,-1,0.006,-0.001,0,0.202,0.979,0.007,0.979,-0.202],"_shiftlockState":false,"_pose":"Running","_animationQueue":[],"_animationSpeed":1.103,"_zoom":16.125},{"_mousePosition":[689,376],"_rootPartCFrame":[759.717,222.58,47.302,-0.003,0,1,0,1,0,-1,0,-0.003],"_humanoidState":8,"_cameraCFrame":[759.696,239.871,44.038,-1,0.006,-0.001,0,0.202,0.979,0.007,0.979,-0.202],"_shiftlockState":false,"_pose":"Running","_animationQueue":[],"_animationSpeed":1.103,"_zoom":16.125},{"_mousePosition":[689,376],"_rootPartCFrame":[759.45,222.441,47.304,-0.004,0,1,0,1,0,-1,0,-0.004],"_humanoidState":8,"_cameraCFrame":[759.429,239.732,44.04,-1,0.006,-0.001,0,0.202,0.979,0.007,0.979,-0.202],"_shiftlockState":false,"_pose":"Running","_animationQueue":[["walk",0.1]],"_animationSpeed":1.103,"_zoom":16.125},{"_mousePosition":[689,376],"_rootPartCFrame":[759.184,222.248,47.306,-0.005,0,1,0,1,0,-1,0,-0.005],"_humanoidState":8,"_cameraCFrame":[759.162,239.539,44.042,-1,0.006,-0.001,0,0.202,0.979,0.007,0.979,-0.202],"_shiftlockState":false,"_pose":"Running","_animationQueue":[],"_animationSpeed":1.103,"_zoom":16.125},{"_mousePosition":[689,376],"_rootPartCFrame":[758.917,222,47.307,-0.005,0,1,0,1,0,-1,0,-0.005],"_humanoidState":8,"_cameraCFrame":[758.896,239.291,44.043,-1,0.006,-0.001,0,0.202,0.979,0.007,0.979,-0.202],"_shiftlockState":false,"_pose":"Running","_animationQueue":[],"_animationSpeed":1.103,"_zoom":16.125},{"_mousePosition":[689,376],"_rootPartCFrame":[758.651,221.698,47.309,-0.006,0,1,0,1,0,-1,0,-0.006],"_humanoidState":8,"_cameraCFrame":[758.629,238.989,44.045,-1,0.006,-0.001,0,0.202,0.979,0.007,0.979,-0.202],"_shiftlockState":false,"_pose":"Running","_animationQueue":[],"_animationSpeed":1.103,"_zoom":16.125},{"_mousePosition":[689,376],"_rootPartCFrame":[758.384,221.341,47.311,-0.006,0,1,0,1,0,-1,0,-0.006],"_humanoidState":5,"_cameraCFrame":[758.363,238.632,44.047,-1,0.006,-0.001,0,0.202,0.979,0.007,0.979,-0.202],"_shiftlockState":false,"_pose":"FreeFall","_animationQueue":[["walk",0.1],["fall",0.3]],"_animationSpeed":1,"_zoom":16.125},{"_mousePosition":[689,376],"_rootPartCFrame":[758.117,220.93,47.313,-0.007,0,1,0,1,0,-1,0,-0.007],"_humanoidState":5,"_cameraCFrame":[758.096,238.221,44.049,-1,0.006,-0.001,0,0.202,0.979,0.007,0.979,-0.202],"_shiftlockState":false,"_pose":"FreeFall","_animationQueue":[],"_animationSpeed":1,"_zoom":16.125},{"_mousePosition":[689,376],"_rootPartCFrame":[757.851,220.464,47.314,-0.007,0,1,0,1,0,-1,0,-0.007],"_humanoidState":5,"_cameraCFrame":[757.829,237.756,44.05,-1,0.006,-0.001,0,0.202,0.979,0.007,0.979,-0.202],"_shiftlockState":false,"_pose":"FreeFall","_animationQueue":[["fall",0.3]],"_animationSpeed":1,"_zoom":16.125},{"_mousePosition":[689,376],"_rootPartCFrame":[757.584,219.944,47.316,-0.007,0,1,0,1,0,-1,0,-0.007],"_humanoidState":5,"_cameraCFrame":[757.563,237.235,44.052,-1,0.006,-0.001,0,0.202,0.979,0.007,0.979,-0.202],"_shiftlockState":false,"_pose":"FreeFall","_animationQueue":[],"_animationSpeed":1,"_zoom":16.125},{"_mousePosition":[689,376],"_rootPartCFrame":[757.318,219.369,47.318,-0.007,0,1,0,1,0,-1,0,-0.007],"_humanoidState":5,"_cameraCFrame":[757.296,236.661,44.054,-1,0.006,-0.001,0,0.202,0.979,0.007,0.979,-0.202],"_shiftlockState":false,"_pose":"FreeFall","_animationQueue":[],"_animationSpeed":1,"_zoom":16.125},{"_mousePosition":[689,376],"_rootPartCFrame":[757.051,218.74,47.32,-0.007,0,1,0,1,0,-1,0,-0.007],"_humanoidState":5,"_cameraCFrame":[757.03,236.031,44.056,-1,0.006,-0.001,0,0.202,0.979,0.007,0.979,-0.202],"_shiftlockState":false,"_pose":"FreeFall","_animationQueue":[],"_animationSpeed":1,"_zoom":16.125},{"_mousePosition":[689,376],"_rootPartCFrame":[756.784,218.057,47.321,-0.007,0,1,0,1,0,-1,0,-0.007],"_humanoidState":5,"_cameraCFrame":[756.771,235.348,44.057,-1,0.004,-0.001,0,0.202,0.979,0.004,0.979,-0.202],"_shiftlockState":false,"_pose":"FreeFall","_animationQueue":[],"_animationSpeed":1,"_zoom":16.125},{"_mousePosition":[689,376],"_rootPartCFrame":[756.518,217.318,47.323,-0.007,0,1,0,1,0,-1,0,-0.007],"_humanoidState":7,"_cameraCFrame":[756.513,234.61,44.059,-1,0.001,0,0,0.202,0.979,0.002,0.979,-0.202],"_shiftlockState":false,"_pose":"FreeFall","_animationQueue":[["walk",0.1],["fall",0.3],["fall",0.3]],"_animationSpeed":1,"_zoom":16.125},{"_mousePosition":[689,376],"_rootPartCFrame":[756.251,217.162,47.324,-0.006,0,1,0,1,0,-1,0,-0.006],"_humanoidState":7,"_cameraCFrame":[756.246,234.453,44.06,-1,0.001,0,0,0.202,0.979,0.002,0.979,-0.202],"_shiftlockState":false,"_pose":"FreeFall","_animationQueue":[["fall",0.3]],"_animationSpeed":1,"_zoom":16.125},{"_mousePosition":[689,376],"_rootPartCFrame":[755.918,217.216,47.325,-0.006,0,1,0,1,0,-1,0,-0.006],"_humanoidState":8,"_cameraCFrame":[755.913,234.508,44.061,-1,0.001,0,0,0.202,0.979,0.002,0.979,-0.202],"_shiftlockState":false,"_pose":"Running","_animationQueue":[["walk",0.1],["fall",0.3],["walk",0.1]],"_animationSpeed":1.103,"_zoom":16.125},{"_mousePosition":[689,376],"_rootPartCFrame":[755.651,217.22,47.325,-0.005,0,1,0,1,0,-1,0,-0.005],"_humanoidState":8,"_cameraCFrame":[755.646,234.511,44.061,-1,0.001,0,0,0.202,0.979,0.002,0.979,-0.202],"_shiftlockState":false,"_pose":"Running","_animationQueue":[],"_animationSpeed":1.103,"_zoom":16.125},{"_mousePosition":[689,376],"_rootPartCFrame":[755.384,217.169,47.326,-0.005,0,1,0,1,0,-1,0,-0.005],"_humanoidState":8,"_cameraCFrame":[755.379,234.46,44.062,-1,0.001,0,0,0.202,0.979,0.002,0.979,-0.202],"_shiftlockState":false,"_pose":"Running","_animationQueue":[],"_animationSpeed":1.103,"_zoom":16.125},{"_mousePosition":[689,376],"_rootPartCFrame":[755.118,217.063,47.326,-0.004,0,1,0,1,0,-1,0,-0.004],"_humanoidState":8,"_cameraCFrame":[755.113,234.354,44.062,-1,0.001,0,0,0.202,0.979,0.002,0.979,-0.202],"_shiftlockState":false,"_pose":"Running","_animationQueue":[],"_animationSpeed":1.103,"_zoom":16.125},{"_mousePosition":[689,376],"_rootPartCFrame":[754.851,216.923,47.327,-0.004,0,1,0,1,0,-1,0,-0.004],"_humanoidState":8,"_cameraCFrame":[754.846,234.214,44.062,-1,0.001,0,0,0.202,0.979,0.002,0.979,-0.202],"_shiftlockState":false,"_pose":"Running","_animationQueue":[],"_animationSpeed":1.103,"_zoom":16.125},{"_mousePosition":[689,376],"_rootPartCFrame":[754.584,216.826,47.327,-0.003,0,1,0,1,0,-1,0,-0.003],"_humanoidState":8,"_cameraCFrame":[754.579,234.117,44.063,-1,0.001,0,0,0.202,0.979,0.002,0.979,-0.202],"_shiftlockState":false,"_pose":"Running","_animationQueue":[],"_animationSpeed":1.103,"_zoom":16.125},{"_mousePosition":[689,376],"_rootPartCFrame":[754.318,216.787,47.327,-0.003,0,1,0,1,0,-1,0,-0.003],"_humanoidState":8,"_cameraCFrame":[754.313,234.078,44.063,-1,0.001,0,0,0.202,0.979,0.002,0.979,-0.202],"_shiftlockState":false,"_pose":"Running","_animationQueue":[["walk",0.1]],"_animationSpeed":1.103,"_zoom":16.125},{"_mousePosition":[689,376],"_rootPartCFrame":[754.051,216.73,47.328,-0.003,0,1,0,1,0,-1,0,-0.003],"_humanoidState":8,"_cameraCFrame":[754.046,234.022,44.064,-1,0.001,0,0,0.202,0.979,0.002,0.979,-0.202],"_shiftlockState":false,"_pose":"Running","_animationQueue":[],"_animationSpeed":1.103,"_zoom":16.125},{"_mousePosition":[689,376],"_rootPartCFrame":[753.784,216.619,47.328,-0.003,0,1,0,1,0,-1,0,-0.003],"_humanoidState":8,"_cameraCFrame":[753.779,233.91,44.064,-1,0.001,0,0,0.202,0.979,0.002,0.979,-0.202],"_shiftlockState":false,"_pose":"Running","_animationQueue":[],"_animationSpeed":1.103,"_zoom":16.125},{"_mousePosition":[689,376],"_rootPartCFrame":[753.517,216.523,47.329,-0.003,0,1,0,1,0,-1,0,-0.003],"_humanoidState":8,"_cameraCFrame":[753.512,233.815,44.065,-1,0.001,0,0,0.202,0.979,0.002,0.979,-0.202],"_shiftlockState":false,"_pose":"Running","_animationQueue":[],"_animationSpeed":1.103,"_zoom":16.125},{"_mousePosition":[689,376],"_rootPartCFrame":[753.251,216.444,47.329,-0.002,0,1,0,1,0,-1,0,-0.002],"_humanoidState":8,"_cameraCFrame":[753.246,233.735,44.065,-1,0.001,0,0,0.202,0.979,0.002,0.979,-0.202],"_shiftlockState":false,"_pose":"Running","_animationQueue":[],"_animationSpeed":1.103,"_zoom":16.125},{"_mousePosition":[689,376],"_rootPartCFrame":[752.984,216.316,47.329,-0.002,0,1,0,1,0,-1,0,-0.002],"_humanoidState":8,"_cameraCFrame":[752.979,233.608,44.065,-1,0.001,0,0,0.202,0.979,0.002,0.979,-0.202],"_shiftlockState":false,"_pose":"Running","_animationQueue":[],"_animationSpeed":1.103,"_zoom":16.125},{"_mousePosition":[689,376],"_rootPartCFrame":[752.717,216.135,47.33,-0.002,0,1,0,1,0,-1,0,-0.002],"_humanoidState":8,"_cameraCFrame":[752.712,233.426,44.066,-1,0.001,0,0,0.202,0.979,0.002,0.979,-0.202],"_shiftlockState":false,"_pose":"Running","_animationQueue":[],"_animationSpeed":1.103,"_zoom":16.125},{"_mousePosition":[689,376],"_rootPartCFrame":[752.384,217.205,47.33,-0.002,0,1,0,1,0,-1,0,-0.002],"_humanoidState":3,"_cameraCFrame":[752.379,234.496,44.066,-1,0.001,0,0,0.202,0.979,0.002,0.979,-0.202],"_shiftlockState":false,"_pose":"Jumping","_animationQueue":[["walk",0.1],["walk",0.1],["jump",0.1]],"_animationSpeed":1,"_zoom":16.125},{"_mousePosition":[689,376],"_rootPartCFrame":[752.184,217.806,47.331,-0.002,0,1,0,1,0,-1,0,-0.002],"_humanoidState":5,"_cameraCFrame":[752.179,235.097,44.067,-1,0.001,0,0,0.202,0.979,0.002,0.979,-0.202],"_shiftlockState":false,"_pose":"FreeFall","_animationQueue":[["jump",0.1]],"_animationSpeed":1,"_zoom":16.125},{"_mousePosition":[689,376],"_rootPartCFrame":[751.918,218.56,47.331,-0.002,0,1,0,1,0,-1,0,-0.002],"_humanoidState":5,"_cameraCFrame":[751.913,235.851,44.067,-1,0.001,0,0,0.202,0.979,0.002,0.979,-0.202],"_shiftlockState":false,"_pose":"FreeFall","_animationQueue":[],"_animationSpeed":1,"_zoom":16.125},{"_mousePosition":[689,376],"_rootPartCFrame":[751.651,219.259,47.331,-0.002,0,1,0,1,0,-1,0,-0.002],"_humanoidState":5,"_cameraCFrame":[751.646,236.55,44.067,-1,0.001,0,0,0.202,0.979,0.002,0.979,-0.202],"_shiftlockState":false,"_pose":"FreeFall","_animationQueue":[],"_animationSpeed":1,"_zoom":16.125},{"_mousePosition":[689,376],"_rootPartCFrame":[751.384,219.904,47.332,-0.002,0,1,0,1,0,-1,0,-0.002],"_humanoidState":5,"_cameraCFrame":[751.379,237.195,44.068,-1,0.001,0,0,0.202,0.979,0.002,0.979,-0.202],"_shiftlockState":false,"_pose":"FreeFall","_animationQueue":[],"_animationSpeed":1,"_zoom":16.125},{"_mousePosition":[689,376],"_rootPartCFrame":[751.118,220.494,47.332,-0.002,0,1,0,1,0,-1,0,-0.002],"_humanoidState":5,"_cameraCFrame":[751.113,237.786,44.068,-1,0.001,0,0,0.202,0.979,0.002,0.979,-0.202],"_shiftlockState":false,"_pose":"FreeFall","_animationQueue":[],"_animationSpeed":1,"_zoom":16.125},{"_mousePosition":[689,376],"_rootPartCFrame":[750.851,221.03,47.333,-0.002,0,1,0,1,0,-1,0,-0.002],"_humanoidState":5,"_cameraCFrame":[750.846,238.322,44.069,-1,0.001,0,0,0.202,0.979,0.002,0.979,-0.202],"_shiftlockState":false,"_pose":"FreeFall","_animationQueue":[],"_animationSpeed":1,"_zoom":16.125},{"_mousePosition":[689,376],"_rootPartCFrame":[750.585,221.512,47.333,-0.002,0,1,0,1,0,-1,0,-0.002],"_humanoidState":5,"_cameraCFrame":[750.58,238.803,44.069,-1,0.001,0,0,0.202,0.979,0.002,0.979,-0.202],"_shiftlockState":false,"_pose":"FreeFall","_animationQueue":[],"_animationSpeed":1,"_zoom":16.125},{"_mousePosition":[689,376],"_rootPartCFrame":[750.318,221.939,47.334,-0.002,0,1,0,1,0,-1,0,-0.002],"_humanoidState":5,"_cameraCFrame":[750.321,239.23,44.069,-1,-0.001,0,0,0.202,0.979,-0.001,0.979,-0.202],"_shiftlockState":false,"_pose":"FreeFall","_animationQueue":[],"_animationSpeed":1,"_zoom":16.125},{"_mousePosition":[689,376],"_rootPartCFrame":[750.051,222.311,47.334,-0.002,0,1,0,1,0,-1,0,-0.002],"_humanoidState":5,"_cameraCFrame":[750.055,239.602,44.07,-1,-0.001,0,0,0.202,0.979,-0.001,0.979,-0.202],"_shiftlockState":false,"_pose":"FreeFall","_animationQueue":[],"_animationSpeed":1,"_zoom":16.125},{"_mousePosition":[689,376],"_rootPartCFrame":[749.785,222.629,47.334,-0.001,0,1,0,1,0,-1,0,-0.001],"_humanoidState":5,"_cameraCFrame":[749.788,239.92,44.07,-1,-0.001,0,0,0.202,0.979,-0.001,0.979,-0.202],"_shiftlockState":false,"_pose":"FreeFall","_animationQueue":[],"_animationSpeed":1,"_zoom":16.125},{"_mousePosition":[689,376],"_rootPartCFrame":[749.518,222.892,47.334,-0.001,0,1,0,1,0,-1,0,-0.001],"_humanoidState":5,"_cameraCFrame":[749.521,240.184,44.069,-1,-0.001,0,0,0.202,0.979,-0.001,0.979,-0.202],"_shiftlockState":false,"_pose":"FreeFall","_animationQueue":[],"_animationSpeed":1,"_zoom":16.125},{"_mousePosition":[689,376],"_rootPartCFrame":[749.252,223.101,47.333,-0.001,0,1,0,1,0,-1,0,-0.001],"_humanoidState":5,"_cameraCFrame":[749.255,240.392,44.069,-1,-0.001,0,0,0.202,0.979,-0.001,0.979,-0.202],"_shiftlockState":false,"_pose":"FreeFall","_animationQueue":[],"_animationSpeed":1,"_zoom":16.125},{"_mousePosition":[689,376],"_rootPartCFrame":[749.373,223.167,47.333,-0.001,0,1,0,1,0,-1,0,-0.001],"_humanoidState":12,"_cameraCFrame":[749.376,240.458,44.069,-1,-0.001,0,0,0.202,0.979,-0.001,0.979,-0.202],"_shiftlockState":false,"_pose":"Climbing","_animationQueue":[["walk",0.1],["climb",0.1]],"_animationSpeed":0.942,"_zoom":16.125},{"_mousePosition":[689,376],"_rootPartCFrame":[749.451,223.351,47.333,-0.001,0,1,0,1,0,-1,0,-0.001],"_humanoidState":12,"_cameraCFrame":[749.455,240.642,44.069,-1,-0.001,0,0,0.202,0.979,-0.001,0.979,-0.202],"_shiftlockState":false,"_pose":"Climbing","_animationQueue":[["climb",0.1]],"_animationSpeed":0.859,"_zoom":16.125},{"_mousePosition":[689,376],"_rootPartCFrame":[749.49,223.538,47.333,-0.001,0,1,0,1,0,-1,0,-0.001],"_humanoidState":12,"_cameraCFrame":[749.494,240.829,44.069,-1,-0.001,0,0,0.202,0.979,-0.001,0.979,-0.202],"_shiftlockState":false,"_pose":"Climbing","_animationQueue":[["climb",0.1]],"_animationSpeed":0.932,"_zoom":16.125},{"_mousePosition":[689,376],"_rootPartCFrame":[749.49,223.69,47.333,-0.001,0,1,0,1,0,-1,0,-0.001],"_humanoidState":8,"_cameraCFrame":[749.493,240.982,44.069,-1,-0.001,0,0,0.202,0.979,-0.001,0.979,-0.202],"_shiftlockState":false,"_pose":"Running","_animationQueue":[["walk",0.1],["climb",0.1],["walk",0.1],["walk",0.1]],"_animationSpeed":0.1,"_zoom":16.125},{"_mousePosition":[689,376],"_rootPartCFrame":[749.449,223.789,47.333,0,0,1,0,1,0,-1,0,0],"_humanoidState":5,"_cameraCFrame":[749.452,241.08,44.069,-1,-0.001,0,0,0.202,0.979,-0.001,0.979,-0.202],"_shiftlockState":false,"_pose":"FreeFall","_animationQueue":[["walk",0.1]],"_animationSpeed":0.065,"_zoom":16.125},{"_mousePosition":[689,376],"_rootPartCFrame":[749.419,223.959,47.333,0,0,1,0,1,0,-1,0,0],"_humanoidState":12,"_cameraCFrame":[749.422,241.25,44.068,-1,-0.001,0,0,0.202,0.979,-0.001,0.979,-0.202],"_shiftlockState":false,"_pose":"Climbing","_animationQueue":[["walk",0.1],["climb",0.1]],"_animationSpeed":0.388,"_zoom":16.125},{"_mousePosition":[689,376],"_rootPartCFrame":[749.416,224.146,47.333,0,0,1,0,1,0,-1,0,0],"_humanoidState":12,"_cameraCFrame":[749.42,241.437,44.068,-1,-0.001,0,0,0.202,0.979,-0.001,0.979,-0.202],"_shiftlockState":false,"_pose":"Climbing","_animationQueue":[["climb",0.1]],"_animationSpeed":0.923,"_zoom":16.125},{"_mousePosition":[689,376],"_rootPartCFrame":[749.416,224.332,47.333,0,0,1,0,1,0,-1,0,0],"_humanoidState":12,"_cameraCFrame":[749.42,241.623,44.068,-1,-0.001,0,0,0.202,0.979,-0.001,0.979,-0.202],"_shiftlockState":false,"_pose":"Climbing","_animationQueue":[],"_animationSpeed":0.923,"_zoom":16.125},{"_mousePosition":[689,376],"_rootPartCFrame":[749.416,224.519,47.333,0,0,1,0,1,0,-1,0,0],"_humanoidState":12,"_cameraCFrame":[749.42,241.81,44.068,-1,-0.001,0,0,0.202,0.979,-0.001,0.979,-0.202],"_shiftlockState":false,"_pose":"Climbing","_animationQueue":[],"_animationSpeed":0.923,"_zoom":16.125},{"_mousePosition":[689,376],"_rootPartCFrame":[749.416,224.706,47.333,0,0,1,0,1,0,-1,0,0],"_humanoidState":12,"_cameraCFrame":[749.42,241.997,44.068,-1,-0.001,0,0,0.202,0.979,-0.001,0.979,-0.202],"_shiftlockState":false,"_pose":"Climbing","_animationQueue":[],"_animationSpeed":0.923,"_zoom":16.125},{"_mousePosition":[689,376],"_rootPartCFrame":[749.416,224.892,47.333,0,0,1,0,1,0,-1,0,0],"_humanoidState":12,"_cameraCFrame":[749.42,242.183,44.068,-1,-0.001,0,0,0.202,0.979,-0.001,0.979,-0.202],"_shiftlockState":false,"_pose":"Climbing","_animationQueue":[],"_animationSpeed":0.923,"_zoom":16.125},{"_mousePosition":[689,376],"_rootPartCFrame":[749.416,225.079,47.333,0,0,1,0,1,0,-1,0,0],"_humanoidState":12,"_cameraCFrame":[749.42,242.37,44.068,-1,-0.001,0,0,0.202,0.979,-0.001,0.979,-0.202],"_shiftlockState":false,"_pose":"Climbing","_animationQueue":[],"_animationSpeed":0.923,"_zoom":16.125},{"_mousePosition":[689,376],"_rootPartCFrame":[749.416,225.265,47.333,0,0,1,0,1,0,-1,0,0],"_humanoidState":12,"_cameraCFrame":[749.42,242.557,44.068,-1,-0.001,0,0,0.202,0.979,-0.001,0.979,-0.202],"_shiftlockState":false,"_pose":"Climbing","_animationQueue":[],"_animationSpeed":0.923,"_zoom":16.125},{"_mousePosition":[689,376],"_rootPartCFrame":[749.416,225.499,47.333,0,0,1,0,1,0,-1,0,0],"_humanoidState":12,"_cameraCFrame":[749.42,242.79,44.068,-1,-0.001,0,0,0.202,0.979,-0.001,0.979,-0.202],"_shiftlockState":false,"_pose":"Climbing","_animationQueue":[],"_animationSpeed":0.923,"_zoom":16.125},{"_mousePosition":[689,376],"_rootPartCFrame":[749.416,225.639,47.333,0,0,1,0,1,0,-1,0,0],"_humanoidState":12,"_cameraCFrame":[749.42,242.93,44.068,-1,-0.001,0,0,0.202,0.979,-0.001,0.979,-0.202],"_shiftlockState":false,"_pose":"Climbing","_animationQueue":[],"_animationSpeed":0.923,"_zoom":16.125},{"_mousePosition":[689,376],"_rootPartCFrame":[749.416,225.825,47.333,0,0,1,0,1,0,-1,0,0],"_humanoidState":12,"_cameraCFrame":[749.42,243.117,44.068,-1,-0.001,0,0,0.202,0.979,-0.001,0.979,-0.202],"_shiftlockState":false,"_pose":"Climbing","_animationQueue":[],"_animationSpeed":0.923,"_zoom":16.125},{"_mousePosition":[689,376],"_rootPartCFrame":[749.416,226.012,47.333,0,0,1,0,1,0,-1,0,0],"_humanoidState":12,"_cameraCFrame":[749.42,243.303,44.068,-1,-0.001,0,0,0.202,0.979,-0.001,0.979,-0.202],"_shiftlockState":false,"_pose":"Climbing","_animationQueue":[],"_animationSpeed":0.923,"_zoom":16.125},{"_mousePosition":[689,376],"_rootPartCFrame":[749.416,226.199,47.333,0,0,1,0,1,0,-1,0,0],"_humanoidState":12,"_cameraCFrame":[749.42,243.49,44.068,-1,-0.001,0,0,0.202,0.979,-0.001,0.979,-0.202],"_shiftlockState":false,"_pose":"Climbing","_animationQueue":[],"_animationSpeed":0.923,"_zoom":16.125},{"_mousePosition":[689,376],"_rootPartCFrame":[749.416,226.385,47.333,0,0,1,0,1,0,-1,0,0],"_humanoidState":12,"_cameraCFrame":[749.42,243.676,44.068,-1,-0.001,0,0,0.202,0.979,-0.001,0.979,-0.202],"_shiftlockState":false,"_pose":"Climbing","_animationQueue":[],"_animationSpeed":0.923,"_zoom":16.125},{"_mousePosition":[689,376],"_rootPartCFrame":[749.416,226.572,47.333,0,0,1,0,1,0,-1,0,0],"_humanoidState":12,"_cameraCFrame":[749.42,243.863,44.068,-1,-0.001,0,0,0.202,0.979,-0.001,0.979,-0.202],"_shiftlockState":false,"_pose":"Climbing","_animationQueue":[],"_animationSpeed":0.923,"_zoom":16.125},{"_mousePosition":[689,376],"_rootPartCFrame":[749.416,226.759,47.333,0,0,1,0,1,0,-1,0,0],"_humanoidState":12,"_cameraCFrame":[749.42,244.05,44.068,-1,-0.001,0,0,0.202,0.979,-0.001,0.979,-0.202],"_shiftlockState":false,"_pose":"Climbing","_animationQueue":[],"_animationSpeed":0.923,"_zoom":16.125},{"_mousePosition":[689,376],"_rootPartCFrame":[749.416,226.945,47.333,0,0,1,0,1,0,-1,0,0],"_humanoidState":12,"_cameraCFrame":[749.42,244.236,44.068,-1,-0.001,0,0,0.202,0.979,-0.001,0.979,-0.202],"_shiftlockState":false,"_pose":"Climbing","_animationQueue":[],"_animationSpeed":0.923,"_zoom":16.125},{"_mousePosition":[689,376],"_rootPartCFrame":[749.416,227.132,47.333,0,0,1,0,1,0,-1,0,0],"_humanoidState":12,"_cameraCFrame":[749.42,244.423,44.068,-1,-0.001,0,0,0.202,0.979,-0.001,0.979,-0.202],"_shiftlockState":false,"_pose":"Climbing","_animationQueue":[],"_animationSpeed":0.923,"_zoom":16.125},{"_mousePosition":[689,376],"_rootPartCFrame":[749.416,227.319,47.333,0,0,1,0,1,0,-1,0,0],"_humanoidState":12,"_cameraCFrame":[749.42,244.61,44.068,-1,-0.001,0,0,0.202,0.979,-0.001,0.979,-0.202],"_shiftlockState":false,"_pose":"Climbing","_animationQueue":[],"_animationSpeed":0.923,"_zoom":16.125},{"_mousePosition":[689,376],"_rootPartCFrame":[749.416,227.505,47.333,0,0,1,0,1,0,-1,0,0],"_humanoidState":12,"_cameraCFrame":[749.42,244.796,44.068,-1,-0.001,0,0,0.202,0.979,-0.001,0.979,-0.202],"_shiftlockState":false,"_pose":"Climbing","_animationQueue":[],"_animationSpeed":0.923,"_zoom":16.125},{"_mousePosition":[689,376],"_rootPartCFrame":[749.416,227.692,47.333,0,0,1,0,1,0,-1,0,0],"_humanoidState":12,"_cameraCFrame":[749.42,244.983,44.068,-1,-0.001,0,0,0.202,0.979,-0.001,0.979,-0.202],"_shiftlockState":false,"_pose":"Climbing","_animationQueue":[],"_animationSpeed":0.923,"_zoom":16.125},{"_mousePosition":[689,376],"_rootPartCFrame":[749.416,227.878,47.333,0,0,1,0,1,0,-1,0,0],"_humanoidState":12,"_cameraCFrame":[749.42,245.17,44.068,-1,-0.001,0,0,0.202,0.979,-0.001,0.979,-0.202],"_shiftlockState":false,"_pose":"Climbing","_animationQueue":[],"_animationSpeed":0.923,"_zoom":16.125},{"_mousePosition":[689,376],"_rootPartCFrame":[749.416,228.065,47.333,0,0,1,0,1,0,-1,0,0],"_humanoidState":12,"_cameraCFrame":[749.42,245.356,44.068,-1,-0.001,0,0,0.202,0.979,-0.001,0.979,-0.202],"_shiftlockState":false,"_pose":"Climbing",