[{"_mousePosition":[729,347],"_rootPartCFrame":[776.028,222.7,47.142,0,0,1,0,1,0,-1,0,0],"_humanoidState":8,"_cameraCFrame":[782.448,238.923,48.561,0.216,-0.892,0.398,0,0.408,0.913,-0.976,-0.197,0.088],"_shiftlockState":false,"_pose":"Standing","_animationQueue":[],"_animationSpeed":1,"_zoom":16.125},{"_mousePosition":[729,347],"_rootPartCFrame":[775.786,222.7,47.095,0.027,0,1,0,1,0,-1,0,0.027],"_humanoidState":8,"_cameraCFrame":[782.088,238.962,48.639,0.238,-0.889,0.391,0,0.402,0.915,-0.971,-0.218,0.096],"_shiftlockState":false,"_pose":"Standing","_animationQueue":[],"_animationSpeed":1,"_zoom":16.125},{"_mousePosition":[729,347],"_rootPartCFrame":[775.526,222.7,47.038,0.052,0,0.999,0,1,0,-0.999,0,0.052],"_humanoidState":8,"_cameraCFrame":[781.736,238.987,48.711,0.26,-0.885,0.385,0,0.399,0.917,-0.966,-0.238,0.104],"_shiftlockState":false,"_pose":"Running","_animationQueue":[["walk",0.1]],"_animationSpeed":1.066,"_zoom":16.125},{"_mousePosition":[729,347],"_rootPartCFrame":[775.267,222.7,46.975,0.077,0,0.997,0,1,0,-0.997,0,0.077],"_humanoidState":8,"_cameraCFrame":[781.386,239.012,48.757,0.28,-0.882,0.379,0,0.395,0.919,-0.96,-0.257,0.11],"_shiftlockState":false,"_pose":"Running","_animationQueue":[],"_animationSpeed":1.066,"_zoom":16.125},{"_mousePosition":[729,347],"_rootPartCFrame":[775.009,222.7,46.907,0.102,0,0.995,0,1,0,-0.995,0,0.102],"_humanoidState":8,"_cameraCFrame":[781.008,239.049,48.786,0.299,-0.879,0.372,0,0.39,0.921,-0.954,-0.275,0.117],"_shiftlockState":false,"_pose":"Running","_animationQueue":[],"_animationSpeed":1.066,"_zoom":16.125},{"_mousePosition":[729,347],"_rootPartCFrame":[774.753,222.7,46.832,0.126,0,0.992,0,1,0,-0.992,0,0.126],"_humanoidState":8,"_cameraCFrame":[780.673,239.073,48.769,0.311,-0.877,0.367,0,0.386,0.922,-0.95,-0.287,0.12],"_shiftlockState":false,"_pose":"Running","_animationQueue":[],"_animationSpeed":1.066,"_zoom":16.125},{"_mousePosition":[729,347],"_rootPartCFrame":[774.498,222.7,46.753,0.149,0,0.989,0,1,0,-0.989,0,0.149],"_humanoidState":8,"_cameraCFrame":[780.311,239.109,48.737,0.323,-0.875,0.36,0,0.381,0.925,-0.946,-0.299,0.123],"_shiftlockState":false,"_pose":"Running","_animationQueue":[],"_animationSpeed":1.066,"_zoom":16.125},{"_mousePosition":[729,347],"_rootPartCFrame":[774.245,222.7,46.67,0.171,0,0.985,0,1,0,-0.985,0,0.171],"_humanoidState":8,"_cameraCFrame":[779.955,239.145,48.684,0.333,-0.874,0.354,0,0.375,0.927,-0.943,-0.308,0.125],"_shiftlockState":false,"_pose":"Running","_animationQueue":[["walk",0.1]],"_animationSpeed":1.066,"_zoom":16.125},{"_mousePosition":[729,347],"_rootPartCFrame":[773.992,222.7,46.585,0.192,0,0.981,0,1,0,-0.981,0,0.192],"_humanoidState":8,"_cameraCFrame":[779.572,239.192,48.616,0.342,-0.874,0.346,0,0.368,0.93,-0.94,-0.318,0.126],"_shiftlockState":false,"_pose":"Running","_animationQueue":[],"_animationSpeed":1.066,"_zoom":16.125},{"_mousePosition":[729,347],"_rootPartCFrame":[773.741,222.7,46.496,0.211,0,0.977,0,1,0,-0.977,0,0.211],"_humanoidState":8,"_cameraCFrame":[779.195,239.237,48.529,0.349,-0.874,0.338,0,0.361,0.933,-0.937,-0.326,0.126],"_shiftlockState":false,"_pose":"Running","_animationQueue":[],"_animationSpeed":1.066,"_zoom":16.125},{"_mousePosition":[729,347],"_rootPartCFrame":[773.49,222.7,46.405,0.229,0,0.973,0,1,0,-0.973,0,0.229],"_humanoidState":8,"_cameraCFrame":[778.819,239.282,48.437,0.356,-0.874,0.33,0,0.354,0.935,-0.934,-0.333,0.126],"_shiftlockState":false,"_pose":"Running","_animationQueue":[],"_animationSpeed":1.066,"_zoom":16.125},{"_mousePosition":[729,347],"_rootPartCFrame":[773.24,222.7,46.312,0.245,0,0.969,0,1,0,-0.969,0,0.245],"_humanoidState":8,"_cameraCFrame":[778.411,239.337,48.344,0.366,-0.874,0.321,0,0.345,0.939,-0.931,-0.343,0.126],"_shiftlockState":false,"_pose":"Running","_animationQueue":[],"_animationSpeed":1.066,"_zoom":16.125},{"_mousePosition":[729,347],"_rootPartCFrame":[772.991,222.7,46.217,0.261,0,0.965,0,1,0,-0.965,0,0.261],"_humanoidState":8,"_cameraCFrame":[778.037,239.38,48.244,0.373,-0.874,0.313,0,0.337,0.941,-0.928,-0.351,0.126],"_shiftlockState":false,"_pose":"Running","_animationQueue":[],"_animationSpeed":1.066,"_zoom":16.125},{"_mousePosition":[729,347],"_rootPartCFrame":[772.743,222.7,46.12,0.275,0,0.961,0,1,0,-0.961,0,0.275],"_humanoidState":8,"_cameraCFrame":[777.604,239.443,48.13,0.382,-0.874,0.301,0,0.326,0.945,-0.924,-0.361,0.125],"_shiftlockState":false,"_pose":"Running","_animationQueue":[],"_animationSpeed":1.066,"_zoom":16.125},{"_mousePosition":[729,347],"_rootPartCFrame":[772.495,222.7,46.021,0.288,0,0.958,0,1,0,-0.958,0,0.288],"_humanoidState":8,"_cameraCFrame":[777.231,239.483,48.021,0.389,-0.873,0.294,0,0.319,0.948,-0.921,-0.369,0.124],"_shiftlockState":false,"_pose":"Running","_animationQueue":[["walk",0.1]],"_animationSpeed":1.066,"_zoom":16.125},{"_mousePosition":[729,347],"_rootPartCFrame":[772.249,222.7,45.919,0.301,0,0.954,0,1,0,-0.954,0,0.301],"_humanoidState":8,"_cameraCFrame":[776.837,239.533,47.885,0.394,-0.874,0.285,0,0.31,0.951,-0.919,-0.374,0.122],"_shiftlockState":false,"_pose":"Running","_animationQueue":[],"_animationSpeed":1.066,"_zoom":16.125},{"_mousePosition":[729,347],"_rootPartCFrame":[772.003,222.7,45.815,0.313,0,0.95,0,1,0,-0.95,0,0.313],"_humanoidState":8,"_cameraCFrame":[776.444,239.58,47.745,0.398,-0.875,0.275,0,0.3,0.954,-0.917,-0.38,0.12],"_shiftlockState":false,"_pose":"Running","_animationQueue":[],"_animationSpeed":1.066,"_zoom":16.125},{"_mousePosition":[729,347],"_rootPartCFrame":[771.758,222.7,45.71,0.324,0,0.946,0,1,0,-0.946,0,0.324],"_humanoidState":8,"_cameraCFrame":[776.02,239.636,47.601,0.405,-0.875,0.264,0,0.289,0.957,-0.914,-0.388,0.117],"_shiftlockState":false,"_pose":"Running","_animationQueue":[],"_animationSpeed":1.066,"_zoom":16.125},{"_mousePosition":[729,347],"_rootPartCFrame":[771.513,222.7,45.604,0.334,0,0.943,0,1,0,-0.943,0,0.334],"_humanoidState":8,"_cameraCFrame":[775.656,239.672,47.467,0.41,-0.875,0.257,0,0.282,0.96,-0.912,-0.393,0.115],"_shiftlockState":false,"_pose":"Running","_animationQueue":[],"_animationSpeed":1.066,"_zoom":16.125},{"_mousePosition":[729,347],"_rootPartCFrame":[771.269,222.7,45.496,0.344,0,0.939,0,1,0,-0.939,0,0.344],"_humanoidState":8,"_cameraCFrame":[775.329,239.698,47.322,0.41,-0.877,0.252,0,0.276,0.961,-0.912,-0.394,0.113],"_shiftlockState":false,"_pose":"Running","_animationQueue":[],"_animationSpeed":1.066,"_zoom":16.125},{"_mousePosition":[729,347],"_rootPartCFrame":[771.026,222.7,45.387,0.353,0,0.936,0,1,0,-0.936,0,0.353],"_humanoidState":8,"_cameraCFrame":[775.003,239.724,47.175,0.41,-0.878,0.247,0,0.27,0.963,-0.912,-0.395,0.111],"_shiftlockState":false,"_pose":"Running","_animationQueue":[],"_animationSpeed":1.066,"_zoom":16.125},{"_mousePosition":[729,347],"_rootPartCFrame":[770.783,222.7,45.278,0.361,0,0.933,0,1,0,-0.933,0,0.361],"_humanoidState":8,"_cameraCFrame":[774.7,239.741,47.051,0.412,-0.878,0.243,0,0.267,0.964,-0.911,-0.397,0.11],"_shiftlockState":false,"_pose":"Running","_animationQueue":[["walk",0.1]],"_animationSpeed":1.066,"_zoom":16.125},{"_mousePosition":[729,347],"_rootPartCFrame":[770.54,222.7,45.168,0.367,0,0.93,0,1,0,-0.93,0,0.367],"_humanoidState":8,"_cameraCFrame":[774.402,239.757,46.917,0.412,-0.879,0.24,0,0.263,0.965,-0.911,-0.398,0.108],"_shiftlockState":false,"_pose":"Running","_animationQueue":[],"_animationSpeed":1.066,"_zoom":16.125},{"_mousePosition":[729,347],"_rootPartCFrame":[770.297,222.7,45.059,0.373,0,0.928,0,1,0,-0.928,0,0.373],"_humanoidState":8,"_cameraCFrame":[774.131,239.766,46.794,0.412,-0.879,0.238,0,0.261,0.965,-0.911,-0.398,0.108],"_shiftlockState":false,"_pose":"Running","_animationQueue":[],"_animationSpeed":1.066,"_zoom":16.125},{"_mousePosition":[729,347],"_rootPartCFrame":[770.054,222.666,44.949,0.38,0,0.925,0,1,0,-0.925,0,0.38],"_humanoidState":8,"_cameraCFrame":[773.861,239.74,46.672,0.412,-0.88,0.236,0,0.259,0.966,-0.911,-0.398,0.107],"_shiftlockState":false,"_pose":"Running","_animationQueue":[],"_animationSpeed":1.066,"_zoom":16.125},{"_mousePosition":[729,347],"_rootPartCFrame":[769.811,222.577,44.839,0.386,0,0.923,0,1,0,-0.923,0,0.386],"_humanoidState":8,"_cameraCFrame":[773.59,239.659,46.549,0.412,-0.88,0.234,0,0.257,0.966,-0.911,-0.398,0.106],"_shiftlockState":false,"_pose":"Running","_animationQueue":[],"_animationSpeed":1.066,"_zoom":16.125},{"_mousePosition":[729,347],"_rootPartCFrame":[769.568,223.44,44.729,0.392,0,0.92,0,1,0,-0.92,0,0.392],"_humanoidState":3,"_cameraCFrame":[773.32,240.53,46.427,0.412,-0.881,0.233,0,0.255,0.967,-0.911,-0.399,0.105],"_shiftlockState":false,"_pose":"Jumping","_animationQueue":[["walk",0.1],["jump",0.1]],"_animationSpeed":1,"_zoom":16.125},{"_mousePosition":[729,347],"_rootPartCFrame":[769.325,224.248,44.619,0.395,0,0.919,0,1,0,-0.919,0,0.395],"_humanoidState":5,"_cameraCFrame":[773.077,241.339,46.317,0.412,-0.881,0.233,0,0.255,0.967,-0.911,-0.399,0.105],"_shiftlockState":false,"_pose":"FreeFall","_animationQueue":[["jump",0.1]],"_animationSpeed":1,"_zoom":16.125},{"_mousePosition":[729,347],"_rootPartCFrame":[769.082,225.002,44.509,0.398,0,0.917,0,1,0,-0.917,0,0.398],"_humanoidState":5,"_cameraCFrame":[772.834,242.093,46.207,0.412,-0.881,0.233,0,0.255,0.967,-0.911,-0.399,0.105],"_shiftlockState":false,"_pose":"FreeFall","_animationQueue":[],"_animationSpeed":1,"_zoom":16.125},{"_mousePosition":[729,347],"_rootPartCFrame":[768.839,225.702,44.399,0.4,0,0.917,0,1,0,-0.917,0,0.4],"_humanoidState":5,"_cameraCFrame":[772.591,242.792,46.097,0.412,-0.881,0.233,0,0.255,0.967,-0.911,-0.399,0.105],"_shiftlockState":false,"_pose":"FreeFall","_animationQueue":[],"_animationSpeed":1,"_zoom":16.125},{"_mousePosition":[729,347],"_rootPartCFrame":[768.596,226.347,44.289,0.402,0,0.916,0,1,0,-0.916,0,0.402],"_humanoidState":5,"_cameraCFrame":[772.348,243.437,45.987,0.412,-0.881,0.233,0,0.255,0.967,-0.911,-0.399,0.105],"_shiftlockState":false,"_pose":"FreeFall","_animationQueue":[],"_animationSpeed":1,"_zoom":16.125},{"_mousePosition":[729,347],"_rootPartCFrame":[768.354,226.937,44.179,0.403,0,0.915,0,1,0,-0.915,0,0.403],"_humanoidState":5,"_cameraCFrame":[772.105,244.027,45.877,0.412,-0.881,0.233,0,0.255,0.967,-0.911,-0.399,0.105],"_shiftlockState":false,"_pose":"FreeFall","_animationQueue":[],"_animationSpeed":1,"_zoom":16.125},{"_mousePosition":[729,347],"_rootPartCFrame":[768.111,227.473,44.069,0.404,0,0.915,0,1,0,-0.915,0,0.404],"_humanoidState":5,"_cameraCFrame":[771.862,244.563,45.767,0.412,-0.881,0.233,0,0.255,0.967,-0.911,-0.399,0.105],"_shiftlockState":false,"_pose":"FreeFall","_animationQueue":[],"_animationSpeed":1,"_zoom":16.125},{"_mousePosition":[729,347],"_rootPartCFrame":[767.868,227.954,43.959,0.406,0,0.914,0,1,0,-0.914,0,0.406],"_humanoidState":5,"_cameraCFrame":[771.564,245.06,45.632,0.412,-0.882,0.229,0,0.252,0.968,-0.911,-0.399,0.104],"_shiftlockState":false,"_pose":"FreeFall","_animationQueue":[],"_animationSpeed":1,"_zoom":16.125},{"_mousePosition":[729,347],"_rootPartCFrame":[767.625,228.381,43.849,0.407,0,0.914,0,1,0,-0.914,0,0.407],"_humanoidState":5,"_cameraCFrame":[771.266,245.503,45.497,0.412,-0.883,0.226,0,0.248,0.969,-0.911,-0.399,0.102],"_shiftlockState":false,"_pose":"FreeFall","_animationQueue":[],"_animationSpeed":1,"_zoom":16.125},{"_mousePosition":[729,347],"_rootPartCFrame":[767.382,228.753,43.739,0.407,0,0.913,0,1,0,-0.913,0,0.407],"_humanoidState":5,"_cameraCFrame":[771.003,245.883,45.356,0.408,-0.885,0.225,0,0.246,0.969,-0.913,-0.395,0.1],"_shiftlockState":false,"_pose":"FreeFall","_animationQueue":[],"_animationSpeed":1,"_zoom":16.125},{"_mousePosition":[729,347],"_rootPartCFrame":[767.139,229.071,43.629,0.408,0,0.913,0,1,0,-0.913,0,0.408],"_humanoidState":5,"_cameraCFrame":[770.748,246.209,45.197,0.398,-0.889,0.224,0,0.244,0.97,-0.917,-0.386,0.097],"_shiftlockState":false,"_pose":"FreeFall","_animationQueue":[],"_animationSpeed":1,"_zoom":16.125},{"_mousePosition":[729,347],"_rootPartCFrame":[766.896,229.335,43.52,0.408,0,0.913,0,1,0,-0.913,0,0.408],"_humanoidState":5,"_cameraCFrame":[770.485,246.48,45.058,0.394,-0.892,0.223,0,0.242,0.97,-0.919,-0.382,0.095],"_shiftlockState":false,"_pose":"FreeFall","_animationQueue":[],"_animationSpeed":1,"_zoom":16.125},{"_mousePosition":[729,347],"_rootPartCFrame":[766.651,229.544,43.414,0.407,0,0.913,0,1,0,-0.913,0,0.407],"_humanoidState":5,"_cameraCFrame":[770.196,246.704,44.901,0.387,-0.896,0.22,0,0.238,0.971,-0.922,-0.376,0.092],"_shiftlockState":false,"_pose":"FreeFall","_animationQueue":[],"_animationSpeed":1,"_zoom":16.125},{"_mousePosition":[729,347],"_rootPartCFrame":[766.345,229.728,43.282,0.405,0,0.914,0,1,0,-0.914,0,0.405],"_humanoidState":5,"_cameraCFrame":[769.893,246.888,44.76,0.384,-0.897,0.22,0,0.238,0.971,-0.923,-0.373,0.092],"_shiftlockState":false,"_pose":"FreeFall","_animationQueue":[],"_animationSpeed":1,"_zoom":16.125},{"_mousePosition":[729,347],"_rootPartCFrame":[766.161,229.798,43.204,0.404,0,0.915,0,1,0,-0.915,0,0.404],"_humanoidState":5,"_cameraCFrame":[769.713,246.958,44.673,0.382,-0.897,0.22,0,0.238,0.971,-0.924,-0.371,0.091],"_shiftlockState":false,"_pose":"FreeFall","_animationQueue":[],"_animationSpeed":1,"_zoom":16.125},{"_mousePosition":[729,347],"_rootPartCFrame":[765.914,229.843,43.102,0.401,0,0.916,0,1,0,-0.916,0,0.401],"_humanoidState":5,"_cameraCFrame":[769.474,247.003,44.553,0.377,-0.899,0.221,0,0.238,0.971,-0.926,-0.367,0.09],"_shiftlockState":false,"_pose":"FreeFall","_animationQueue":[],"_animationSpeed":1,"_zoom":16.125},{"_mousePosition":[729,347],"_rootPartCFrame":[765.668,229.834,43,0.399,0,0.917,0,1,0,-0.917,0,0.399],"_humanoidState":5,"_cameraCFrame":[769.231,246.994,44.442,0.375,-0.9,0.221,0,0.238,0.971,-0.927,-0.364,0.089],"_shiftlockState":false,"_pose":"FreeFall","_animationQueue":[],"_animationSpeed":1,"_zoom":16.125},{"_mousePosition":[729,347],"_rootPartCFrame":[765.421,229.771,42.899,0.396,0,0.918,0,1,0,-0.918,0,0.396],"_humanoidState":5,"_cameraCFrame":[768.992,246.931,44.323,0.37,-0.902,0.221,0,0.238,0.971,-0.929,-0.36,0.088],"_shiftlockState":false,"_pose":"FreeFall","_animationQueue":[],"_animationSpeed":1,"_zoom":16.125},{"_mousePosition":[729,347],"_rootPartCFrame":[765.174,229.653,42.799,0.393,0,0.919,0,1,0,-0.919,0,0.393],"_humanoidState":5,"_cameraCFrame":[768.755,246.813,44.196,0.363,-0.905,0.222,0,0.238,0.971,-0.932,-0.353,0.087],"_shiftlockState":false,"_pose":"FreeFall","_animationQueue":[],"_animationSpeed":1,"_zoom":16.125},{"_mousePosition":[729,347],"_rootPartCFrame":[764.927,229.48,42.7,0.39,0,0.921,0,1,0,-0.921,0,0.39],"_humanoidState":5,"_cameraCFrame":[768.529,246.64,44.042,0.349,-0.91,0.223,0,0.238,0.971,-0.937,-0.339,0.083],"_shiftlockState":false,"_pose":"FreeFall","_animationQueue":[],"_animationSpeed":1,"_zoom":16.125},{"_mousePosition":[729,347],"_rootPartCFrame":[764.678,229.253,42.603,0.387,0,0.922,0,1,0,-0.922,0,0.387],"_humanoidState":5,"_cameraCFrame":[768.31,246.413,43.863,0.328,-0.918,0.225,0,0.238,0.971,-0.945,-0.318,0.078],"_shiftlockState":false,"_pose":"FreeFall","_animationQueue":[],"_animationSpeed":1,"_zoom":16.125},{"_mousePosition":[729,347],"_rootPartCFrame":[764.366,228.892,42.486,0.381,0,0.925,0,1,0,-0.925,0,0.381],"_humanoidState":5,"_cameraCFrame":[768.031,246.052,43.644,0.301,-0.926,0.227,0,0.238,0.971,-0.954,-0.293,0.072],"_shiftlockState":false,"_pose":"FreeFall","_animationQueue":[["fall",0.3]],"_animationSpeed":1,"_zoom":16.125},{"_mousePosition":[729,347],"_rootPartCFrame":[764.178,228.635,42.419,0.376,0,0.926,0,1,0,-0.926,0,0.376],"_humanoidState":5,"_cameraCFrame":[767.882,245.795,43.447,0.267,-0.936,0.23,0,0.238,0.971,-0.964,-0.26,0.064],"_shiftlockState":false,"_pose":"FreeFall","_animationQueue":[],"_animationSpeed":1,"_zoom":16.125},{"_mousePosition":[729,347],"_rootPartCFrame":[763.924,228.245,42.338,0.368,0,0.93,0,1,0,-0.93,0,0.368],"_humanoidState":5,"_cameraCFrame":[767.664,245.405,43.224,0.231,-0.945,0.232,0,0.238,0.971,-0.973,-0.224,0.055],"_shiftlockState":false,"_pose":"FreeFall","_animationQueue":[],"_animationSpeed":1,"_zoom":16.125},{"_mousePosition":[729,347],"_rootPartCFrame":[763.667,227.799,42.265,0.356,0,0.935,0,1,0,-0.935,0,0.356],"_humanoidState":5,"_cameraCFrame":[767.474,244.952,42.986,0.186,-0.954,0.236,0,0.24,0.971,-0.983,-0.181,0.045],"_shiftlockState":false,"_pose":"FreeFall","_animationQueue":[],"_animationSpeed":1,"_zoom":16.125},{"_mousePosition":[729,347],"_rootPartCFrame":[763.466,227.731,42.216,0.34,0,0.94,0,1,0,-0.94,0,0.34],"_humanoidState":7,"_cameraCFrame":[767.306,244.884,42.734,0.134,-0.962,0.238,0,0.24,0.971,-0.991,-0.13,0.032],"_shiftlockState":false,"_pose":"FreeFall","_animationQueue":[["walk",0.1],["fall",0.3],["fall",0.3]],"_animationSpeed":1,"_zoom":16.125},{"_mousePosition":[729,347],"_rootPartCFrame":[763.262,227.73,42.176,0.321,0,0.947,0,1,0,-0.947,0,0.321],"_humanoidState":7,"_cameraCFrame":[767.194,244.867,42.345,0.043,-0.969,0.244,0,0.244,0.97,-0.999,-0.042,0.01],"_shiftlockState":false,"_pose":"FreeFall","_animationQueue":[],"_animationSpeed":1,"_zoom":16.125},{"_mousePosition":[729,347],"_rootPartCFrame":[762.991,227.73,42.138,0.292,0,0.956,0,1,0,-0.956,0,0.292],"_humanoidState":8,"_cameraCFrame":[767.016,244.844,42.036,-0.025,-0.968,0.25,0,0.25,0.968,-1,0.025,-0.006],"_shiftlockState":false,"_pose":"Running","_animationQueue":[["fall",0.3],["walk",0.1],["fall",0.3],["walk",0.1]],"_animationSpeed":0.865,"_zoom":16.125},{"_mousePosition":[729,347],"_rootPartCFrame":[762.772,227.73,42.127,0.26,0,0.966,0,1,0,-0.966,0,0.26],"_humanoidState":8,"_cameraCFrame":[766.87,244.82,41.731,-0.096,-0.962,0.254,0,0.255,0.967,-0.995,0.093,-0.025],"_shiftlockState":false,"_pose":"Running","_animationQueue":[["walk",0.1]],"_animationSpeed":0.911,"_zoom":16.125},{"_mousePosition":[729,347],"_rootPartCFrame":[762.539,227.763,42.132,0.223,0,0.975,0,1,0,-0.975,0,0.223],"_humanoidState":8,"_cameraCFrame":[766.66,244.837,41.436,-0.166,-0.952,0.256,0,0.259,0.966,-0.986,0.161,-0.043],"_shiftlockState":false,"_pose":"Running","_animationQueue":[],"_animationSpeed":0.911,"_zoom":16.125},{"_mousePosition":[729,347],"_rootPartCFrame":[762.299,227.83,42.154,0.182,0,0.983,0,1,0,-0.983,0,0.182],"_humanoidState":8,"_cameraCFrame":[766.426,244.887,41.185,-0.228,-0.939,0.256,0,0.263,0.965,-0.974,0.22,-0.06],"_shiftlockState":false,"_pose":"Running","_animationQueue":[["walk",0.1]],"_animationSpeed":0.965,"_zoom":16.125},{"_mousePosition":[729,347],"_rootPartCFrame":[762.047,227.895,42.195,0.136,0,0.991,0,1,0,-0.991,0,0.136],"_humanoidState":8,"_cameraCFrame":[766.184,244.937,41.023,-0.272,-0.927,0.257,0,0.267,0.964,-0.962,0.263,-0.073],"_shiftlockState":false,"_pose":"Running","_animationQueue":[],"_animationSpeed":0.965,"_zoom":16.125},{"_mousePosition":[729,347],"_rootPartCFrame":[761.794,227.919,42.253,0.088,0,0.996,0,1,0,-0.996,0,0.088],"_humanoidState":8,"_cameraCFrame":[765.926,244.952,40.957,-0.299,-0.919,0.256,0,0.269,0.963,-0.954,0.288,-0.08],"_shiftlockState":false,"_pose":"Running","_animationQueue":[["walk",0.1]],"_animationSpeed":1.058,"_zoom":16.125},{"_mousePosition":[729,347],"_rootPartCFrame":[761.549,228.016,42.321,0.039,0,0.999,0,1,0,-0.999,0,0.039],"_humanoidState":8,"_cameraCFrame":[765.68,245.049,41.026,-0.299,-0.919,0.256,0,0.269,0.963,-0.954,0.288,-0.08],"_shiftlockState":false,"_pose":"Running","_animationQueue":[],"_animationSpeed":1.058,"_zoom":16.125},{"_mousePosition":[729,347],"_rootPartCFrame":[761.301,228.099,42.398,-0.007,0,1,0,1,0,-1,0,-0.007],"_humanoidState":8,"_cameraCFrame":[765.433,245.132,41.103,-0.299,-0.919,0.256,0,0.269,0.963,-0.954,0.288,-0.08],"_shiftlockState":false,"_pose":"Running","_animationQueue":[["walk",0.1]],"_animationSpeed":1.058,"_zoom":16.125},{"_mousePosition":[729,347],"_rootPartCFrame":[761.049,228.134,42.477,-0.047,0,0.999,0,1,0,-0.999,0,-0.047],"_humanoidState":8,"_cameraCFrame":[765.181,245.166,41.182,-0.299,-0.919,0.256,0,0.269,0.963,-0.954,0.288,-0.08],"_shiftlockState":false,"_pose":"Running","_animationQueue":[],"_animationSpeed":1.058,"_zoom":16.125},{"_mousePosition":[729,347],"_rootPartCFrame":[760.797,228.996,42.556,-0.087,0,0.996,0,1,0,-0.996,0,-0.087],"_humanoidState":3,"_cameraCFrame":[764.948,246.021,41.22,-0.306,-0.916,0.257,0,0.27,0.963,-0.952,0.295,-0.083],"_shiftlockState":false,"_pose":"Jumping","_animationQueue":[["walk",0.1],["jump",0.1]],"_animationSpeed":1,"_zoom":16.125},{"_mousePosition":[729,347],"_rootPartCFrame":[760.543,229.805,42.636,-0.119,0,0.993,0,1,0,-0.993,0,-0.119],"_humanoidState":5,"_cameraCFrame":[764.687,246.829,41.279,-0.311,-0.915,0.257,0,0.27,0.963,-0.95,0.3,-0.084],"_shiftlockState":false,"_pose":"FreeFall","_animationQueue":[["jump",0.1]],"_animationSpeed":1,"_zoom":16.125},{"_mousePosition":[729,347],"_rootPartCFrame":[760.289,230.559,42.717,-0.145,0,0.989,0,1,0,-0.989,0,-0.145],"_humanoidState":5,"_cameraCFrame":[764.448,247.574,41.309,-0.321,-0.911,0.258,0,0.272,0.962,-0.947,0.309,-0.087],"_shiftlockState":false,"_pose":"FreeFall","_animationQueue":[],"_animationSpeed":1,"_zoom":16.125},{"_mousePosition":[729,347],"_rootPartCFrame":[760.036,231.258,42.8,-0.169,0,0.986,0,1,0,-0.986,0,-0.169],"_humanoidState":5,"_cameraCFrame":[764.209,248.265,41.339,-0.33,-0.908,0.259,0,0.274,0.962,-0.944,0.318,-0.091],"_shiftlockState":false,"_pose":"FreeFall","_animationQueue":[],"_animationSpeed":1,"_zoom":16.125},{"_mousePosition":[729,347],"_rootPartCFrame":[759.783,231.903,42.885,-0.19,0,0.982,0,1,0,-0.982,0,-0.19],"_humanoidState":5,"_cameraCFrame":[763.962,248.902,41.351,-0.345,-0.902,0.259,0,0.276,0.961,-0.939,0.331,-0.095],"_shiftlockState":false,"_pose":"FreeFall","_animationQueue":[],"_animationSpeed":1,"_zoom":16.125},{"_mousePosition":[729,347],"_rootPartCFrame":[759.531,232.493,42.973,-0.21,0,0.978,0,1,0,-0.978,0,-0.21],"_humanoidState":5,"_cameraCFrame":[763.714,249.483,41.364,-0.359,-0.897,0.259,0,0.278,0.961,-0.933,0.345,-0.1],"_shiftlockState":false,"_pose":"FreeFall","_animationQueue":[],"_animationSpeed":1,"_zoom":16.125},{"_mousePosition":[729,347],"_rootPartCFrame":[759.281,233.029,43.064,-0.228,0,0.974,0,1,0,-0.974,0,-0.228],"_humanoidState":5,"_cameraCFrame":[763.447,250.019,41.414,-0.368,-0.893,0.258,0,0.278,0.961,-0.93,0.354,-0.102],"_shiftlockState":false,"_pose":"FreeFall","_animationQueue":[],"_animationSpeed":1,"_zoom":16.125},{"_mousePosition":[729,347],"_rootPartCFrame":[759.032,233.511,43.159,-0.246,0,0.969,0,1,0,-0.969,0,-0.246],"_humanoidState":5,"_cameraCFrame":[763.185,250.5,41.477,-0.375,-0.89,0.258,0,0.278,0.961,-0.927,0.361,-0.104],"_shiftlockState":false,"_pose":"FreeFall","_animationQueue":[],"_animationSpeed":1,"_zoom":16.125},{"_mousePosition":[729,347],"_rootPartCFrame":[758.784,233.938,43.257,-0.263,0,0.965,0,1,0,-0.965,0,-0.263],"_humanoidState":5,"_cameraCFrame":[762.933,250.927,41.564,-0.378,-0.889,0.257,0,0.278,0.961,-0.926,0.363,-0.105],"_shiftlockState":false,"_pose":"FreeFall","_animationQueue":[],"_animationSpeed":1,"_zoom":16.125},{"_mousePosition":[729,347],"_rootPartCFrame":[758.536,234.31,43.357,-0.279,0,0.96,0,1,0,-0.96,0,-0.279],"_humanoidState":5,"_cameraCFrame":[762.686,251.3,41.664,-0.378,-0.889,0.257,0,0.278,0.961,-0.926,0.363,-0.105],"_shiftlockState":false,"_pose":"FreeFall","_animationQueue":[],"_animationSpeed":1,"_zoom":16.125},{"_mousePosition":[729,347],"_rootPartCFrame":[758.289,234.628,43.458,-0.293,0,0.956,0,1,0,-0.956,0,-0.293],"_humanoidState":5,"_cameraCFrame":[762.434,251.618,41.754,-0.38,-0.889,0.257,0,0.278,0.961,-0.925,0.365,-0.106],"_shiftlockState":false,"_pose":"FreeFall","_animationQueue":[],"_animationSpeed":1,"_zoom":16.125},{"_mousePosition":[729,347],"_rootPartCFrame":[758.043,234.891,43.558,-0.305,0,0.952,0,1,0,-0.952,0,-0.305],"_humanoidState":5,"_cameraCFrame":[762.179,251.881,41.834,-0.385,-0.887,0.257,0,0.278,0.961,-0.923,0.37,-0.107],"_shiftlockState":false,"_pose":"FreeFall","_animationQueue":[],"_animationSpeed":1,"_zoom":16.125},{"_mousePosition":[729,347],"_rootPartCFrame":[757.796,235.1,43.66,-0.315,0,0.949,0,1,0,-0.949,0,-0.315],"_humanoidState":5,"_cameraCFrame":[761.932,252.09,41.935,-0.385,-0.887,0.257,0,0.278,0.961,-0.923,0.37,-0.107],"_shiftlockState":false,"_pose":"FreeFall","_animationQueue":[],"_animationSpeed":1,"_zoom":16.125},{"_mousePosition":[729,347],"_rootPartCFrame":[757.55,235.255,43.762,-0.325,0,0.946,0,1,0,-0.946,0,-0.325],"_humanoidState":5,"_cameraCFrame":[761.686,252.244,42.038,-0.385,-0.887,0.257,0,0.278,0.961,-0.923,0.37,-0.107],"_shiftlockState":false,"_pose":"FreeFall","_animationQueue":[],"_animationSpeed":1,"_zoom":16.125},{"_mousePosition":[729,347],"_rootPartCFrame":[757.304,235.354,43.865,-0.334,0,0.943,0,1,0,-0.943,0,-0.334],"_humanoidState":5,"_cameraCFrame":[761.44,252.344,42.14,-0.385,-0.887,0.257,0,0.278,0.961,-0.923,0.37,-0.107],"_shiftlockState":false,"_pose":"FreeFall","_animationQueue":[],"_animationSpeed":1,"_zoom":16.125},{"_mousePosition":[729,347],"_rootPartCFrame":[757.058,235.4,43.967,-0.341,0,0.94,0,1,0,-0.94,0,-0.341],"_humanoidState":5,"_cameraCFrame":[761.194,252.39,42.243,-0.385,-0.887,0.257,0,0.278,0.961,-0.923,0.37,-0.107],"_shiftlockState":false,"_pose":"FreeFall","_animationQueue":[],"_animationSpeed":1,"_zoom":16.125},{"_mousePosition":[729,347],"_rootPartCFrame":[756.811,235.391,44.07,-0.347,0,0.938,0,1,0,-0.938,0,-0.347],"_humanoidState":5,"_cameraCFrame":[760.948,252.381,42.346,-0.385,-0.887,0.257,0,0.278,0.961,-0.923,0.37,-0.107],"_shiftlockState":false,"_pose":"FreeFall","_animationQueue":[],"_animationSpeed":1,"_zoom":16.125},{"_mousePosition":[729,347],"_rootPartCFrame":[756.565,235.327,44.172,-0.352,0,0.936,0,1,0,-0.936,0,-0.352],"_humanoidState":5,"_cameraCFrame":[760.702,252.317,42.448,-0.385,-0.887,0.257,0,0.278,0.961,-0.923,0.37,-0.107],"_shiftlockState":false,"_pose":"FreeFall","_animationQueue":[],"_animationSpeed":1,"_zoom":16.125},{"_mousePosition":[729,347],"_rootPartCFrame":[756.319,235.209,44.275,-0.357,0,0.934,0,1,0,-0.934,0,-0.357],"_humanoidState":5,"_cameraCFrame":[760.456,252.199,42.551,-0.385,-0.887,0.257,0,0.278,0.961,-0.923,0.37,-0.107],"_shiftlockState":false,"_pose":"FreeFall","_animationQueue":[["fall",0.3]],"_animationSpeed":1,"_zoom":16.125},{"_mousePosition":[729,347],"_rootPartCFrame":[756.135,235.085,44.352,-0.36,0,0.933,0,1,0,-0.933,0,-0.36],"_humanoidState":5,"_cameraCFrame":[760.271,252.074,42.628,-0.385,-0.887,0.257,0,0.278,0.961,-0.923,0.37,-0.107],"_shiftlockState":false,"_pose":"FreeFall","_animationQueue":[],"_animationSpeed":1,"_zoom":16.125},{"_mousePosition":[729,347],"_rootPartCFrame":[755.827,234.809,44.48,-0.364,0,0.931,0,1,0,-0.931,0,-0.364],"_humanoidState":5,"_cameraCFrame":[759.964,251.799,42.756,-0.385,-0.887,0.257,0,0.278,0.961,-0.923,0.37,-0.107],"_shiftlockState":false,"_pose":"FreeFall","_animationQueue":[],"_animationSpeed":1,"_zoom":16.125},{"_mousePosition":[729,347],"_rootPartCFrame":[755.581,234.528,44.583,-0.367,0,0.93,0,1,0,-0.93,0,-0.367],"_humanoidState":5,"_cameraCFrame":[759.717,251.518,42.859,-0.385,-0.887,0.257,0,0.278,0.961,-0.923,0.37,-0.107],"_shiftlockState":false,"_pose":"FreeFall","_animationQueue":[],"_animationSpeed":1,"_zoom":16.125},{"_mousePosition":[729,347],"_rootPartCFrame":[755.396,234.281,44.66,-0.369,0,0.929,0,1,0,-0.929,0,-0.369],"_humanoidState":5,"_cameraCFrame":[759.542,251.271,42.957,-0.38,-0.889,0.257,0,0.278,0.961,-0.925,0.365,-0.106],"_shiftlockState":false,"_pose":"FreeFall","_animationQueue":[],"_animationSpeed":1,"_zoom":16.125},{"_mousePosition":[729,347],"_rootPartCFrame":[755.089,233.801,44.788,-0.372,0,0.928,0,1,0,-0.928,0,-0.372],"_humanoidState":5,"_cameraCFrame":[759.247,250.791,43.116,-0.373,-0.891,0.258,0,0.278,0.961,-0.928,0.358,-0.104],"_shiftlockState":false,"_pose":"FreeFall","_animationQueue":[],"_animationSpeed":1,"_zoom":16.125},{"_mousePosition":[729,347],"_rootPartCFrame":[754.842,233.356,44.889,-0.373,0,0.928,0,1,0,-0.928,0,-0.373],"_humanoidState":5,"_cameraCFrame":[759.021,250.346,43.271,-0.361,-0.896,0.259,0,0.278,0.961,-0.932,0.347,-0.1],"_shiftlockState":false,"_pose":"FreeFall","_animationQueue":[["fall",0.3]],"_animationSpeed":1,"_zoom":16.125},{"_mousePosition":[729,347],"_rootPartCFrame":[754.595,232.856,44.989,-0.374,0,0.928,0,1,0,-0.928,0,-0.374],"_humanoidState":5,"_cameraCFrame":[758.769,249.855,43.444,-0.347,-0.901,0.259,0,0.276,0.961,-0.938,0.334,-0.096],"_shiftlockState":false,"_pose":"FreeFall","_animationQueue":[],"_animationSpeed":1,"_zoom":16.125},{"_mousePosition":[729,347],"_rootPartCFrame":[754.346,232.302,45.086,-0.372,0,0.928,0,1,0,-0.928,0,-0.372],"_humanoidState":5,"_cameraCFrame":[758.57,249.301,43.679,-0.316,-0.912,0.262,0,0.276,0.961,-0.949,0.304,-0.087],"_shiftlockState":false,"_pose":"FreeFall","_animationQueue":[],"_animationSpeed":1,"_zoom":16.125},{"_mousePosition":[729,347],"_rootPartCFrame":[754.097,231.694,45.179,-0.37,0,0.929,0,1,0,-0.929,0,-0.37],"_humanoidState":5,"_cameraCFrame":[758.357,248.692,43.891,-0.289,-0.92,0.264,0,0.276,0.961,-0.957,0.278,-0.08],"_shiftlockState":false,"_pose":"FreeFall","_animationQueue":[],"_animationSpeed":1,"_zoom":16.125},{"_mousePosition":[729,347],"_rootPartCFrame":[753.844,231.031,45.265,-0.364,0,0.931,0,1,0,-0.931,0,-0.364],"_humanoidState":5,"_cameraCFrame":[758.142,248.029,44.106,-0.26,-0.928,0.267,0,0.276,0.961,-0.966,0.25,-0.072],"_shiftlockState":false,"_pose":"FreeFall","_animationQueue":[],"_animationSpeed":1,"_zoom":16.125},{"_mousePosition":[729,347],"_rootPartCFrame":[753.589,230.313,45.343,-0.355,0,0.935,0,1,0,-0.935,0,-0.355],"_humanoidState":5,"_cameraCFrame":[757.923,247.311,44.326,-0.228,-0.936,0.269,0,0.276,0.961,-0.974,0.22,-0.063],"_shiftlockState":false,"_pose":"FreeFall","_animationQueue":[],"_animationSpeed":1,"_zoom":16.125},{"_mousePosition":[729,347],"_rootPartCFrame":[753.332,229.541,45.414,-0.344,0,0.939,0,1,0,-0.939,0,-0.344],"_humanoidState":5,"_cameraCFrame":[757.694,246.539,44.529,-0.199,-0.942,0.271,0,0.276,0.961,-0.98,0.191,-0.055],"_shiftlockState":false,"_pose":"FreeFall","_animationQueue":[],"_animationSpeed":1,"_zoom":16.125},{"_mousePosition":[729,347],"_rootPartCFrame":[753.073,228.714,45.476,-0.329,0,0.944,0,1,0,-0.944,0,-0.329],"_humanoidState":5,"_cameraCFrame":[757.462,245.713,44.735,-0.166,-0.948,0.272,0,0.276,0.961,-0.986,0.16,-0.046],"_shiftlockState":false,"_pose":"FreeFall","_animationQueue":[["fall",0.3]],"_animationSpeed":1,"_zoom":16.125},{"_mousePosition":[729,347],"_rootPartCFrame":[752.812,227.833,45.53,-0.313,0,0.95,0,1,0,-0.95,0,-0.313],"_humanoidState":5,"_cameraCFrame":[757.221,244.832,44.923,-0.136,-0.952,0.273,0,0.276,0.961,-0.991,0.131,-0.038],"_shiftlockState":false,"_pose":"FreeFall","_animationQueue":[],"_animationSpeed":1,"_zoom":16.125},{"_mousePosition":[729,347],"_rootPartCFrame":[752.549,226.897,45.576,-0.294,0,0.956,0,1,0,-0.956,0,-0.294],"_humanoidState":5,"_cameraCFrame":[756.945,243.905,45.106,-0.106,-0.956,0.273,0,0.274,0.962,-0.994,0.102,-0.029],"_shiftlockState":false,"_pose":"FreeFall","_animationQueue":[],"_animationSpeed":1,"_zoom":16.125},{"_mousePosition":[729,347],"_rootPartCFrame":[752.285,225.907,45.613,-0.274,0,0.962,0,1,0,-0.962,0,-0.274],"_humanoidState":5,"_cameraCFrame":[756.691,242.915,45.255,-0.081,-0.959,0.273,0,0.274,0.962,-0.997,0.078,-0.022],"_shiftlockState":false,"_pose":"FreeFall","_animationQueue":[],"_animationSpeed":1,"_zoom":16.125},{"_mousePosition":[729,347],"_rootPartCFrame":[752.046,225.759,45.64,-0.253,0,0.968,0,1,0,-0.968,0,-0.253],"_humanoidState":7,"_cameraCFrame":[756.43,242.775,45.384,-0.058,-0.961,0.272,0,0.272,0.962,-0.998,0.056,-0.016],"_shiftlockState":false,"_pose":"FreeFall","_animationQueue":[["walk",0.1],["fall",0.3],["fall",0.3]],"_animationSpeed":1,"_zoom":16.125},{"_mousePosition":[729,347],"_rootPartCFrame":[751.797,225.756,45.661,-0.23,0,0.973,0,1,0,-0.973,0,-0.23],"_humanoidState":7,"_cameraCFrame":[756.184,242.772,45.483,-0.041,-0.961,0.272,0,0.272,0.962,-0.999,0.039,-0.011],"_shiftlockState":false,"_pose":"FreeFall","_animationQueue":[],"_animationSpeed":1,"_zoom":16.125},{"_mousePosition":[729,347],"_rootPartCFrame":[751.466,225.674,45.681,-0.202,0,0.979,0,1,0,-0.979,0,-0.202],"_humanoidState":8,"_cameraCFrame":[755.825,242.698,45.57,-0.025,-0.962,0.27,0,0.27,0.963,-1,0.024,-0.007],"_shiftlockState":false,"_pose":"Running","_animationQueue":[["fall",0.3],["walk",0.1],["fall",0.3],["walk",0.1]],"_animationSpeed":1.046,"_zoom":16.125},{"_mousePosition":[729,347],"_rootPartCFrame":[751.2,226.537,45.697,-0.179,0,0.984,0,1,0,-0.984,0,-0.179],"_humanoidState":3,"_cameraCFrame":[755.56,243.561,45.619,-0.018,-0.963,0.27,0,0.27,0.963,-1,0.017,-0.005],"_shiftlockState":false,"_pose":"Jumping","_animationQueue":[["walk",0.1],["jump",0.1]],"_animationSpeed":1,"_zoom":16.125},{"_mousePosition":[729,347],"_rootPartCFrame":[750.933,227.345,45.705,-0.158,0,0.987,0,1,0,-0.987,0,-0.158],"_humanoidState":5,"_cameraCFrame":[755.293,244.369,45.627,-0.018,-0.963,0.27,0,0.27,0.963,-1,0.017,-0.005],"_shiftlockState":false,"_pose":"FreeFall","_animationQueue":[["jump",0.1]],"_animationSpeed":1,"_zoom":16.125},{"_mousePosition":[729,347],"_rootPartCFrame":[750.667,228.099,45.71,-0.139,0,0.99,0,1,0,-0.99,0,-0.139],"_humanoidState":5,"_cameraCFrame":[755.027,245.123,45.632,-0.018,-0.963,0.27,0,0.27,0.963,-1,0.017,-0.005],"_shiftlockState":false,"_pose":"FreeFall","_animationQueue":[],"_animationSpeed":1,"_zoom":16.125},{"_mousePosition":[729,347],"_rootPartCFrame":[750.4,228.798,45.715,-0.122,0,0.993,0,1,0,-0.993,0,-0.122],"_humanoidState":5,"_cameraCFrame":[754.76,245.823,45.637,-0.018,-0.963,0.27,0,0.27,0.963,-1,0.017,-0.005],"_shiftlockState":false,"_pose":"FreeFall","_animationQueue":[],"_animationSpeed":1,"_zoom":16.125},{"_mousePosition":[729,347],"_rootPartCFrame":[750.134,229.443,45.719,-0.107,0,0.994,0,1,0,-0.994,0,-0.107],"_humanoidState":5,"_cameraCFrame":[754.493,246.467,45.642,-0.018,-0.963,0.27,0,0.27,0.963,-1,0.017,-0.005],"_shiftlockState":false,"_pose":"FreeFall","_animationQueue":[],"_animationSpeed":1,"_zoom":16.125},{"_mousePosition":[729,347],"_rootPartCFrame":[749.867,230.034,45.724,-0.095,0,0.996,0,1,0,-0.996,0,-0.095],"_humanoidState":5,"_cameraCFrame":[754.227,247.058,45.646,-0.018,-0.963,0.27,0,0.27,0.963,-1,0.017,-0.005],"_shiftlockState":false,"_pose":"FreeFall","_animationQueue":[],"_animationSpeed":1,"_zoom":16.125},{"_mousePosition":[729,347],"_rootPartCFrame":[749.6,230.569,45.729,-0.084,0,0.996,0,1,0,-0.996,0,-0.084],"_humanoidState":5,"_cameraCFrame":[753.96,247.594,45.651,-0.018,-0.963,0.27,0,0.27,0.963,-1,0.017,-0.005],"_shiftlockState":false,"_pose":"FreeFall","_animationQueue":[],"_animationSpeed":1,"_zoom":16.125},{"_mousePosition":[729,347],"_rootPartCFrame":[749.334,231.051,45.734,-0.075,0,0.997,0,1,0,-0.997,0,-0.075],"_humanoidState":5,"_cameraCFrame":[753.664,248.084,45.667,-0.015,-0.963,0.269,0,0.269,0.963,-1,0.015,-0.004],"_shiftlockState":false,"_pose":"FreeFall","_animationQueue":[],"_animationSpeed":1,"_zoom":16.125},{"_mousePosition":[729,347],"_rootPartCFrame":[749.067,231.478,45.738,-0.067,0,0.998,0,1,0,-0.998,0,-0.067],"_humanoidState":5,"_cameraCFrame":[753.397,248.51,45.672,-0.015,-0.963,0.269,0,0.269,0.963,-1,0.015,-0.004],"_shiftlockState":false,"_pose":"FreeFall","_animationQueue":[],"_animationSpeed":1,"_zoom":16.125},{"_mousePosition":[729,347],"_rootPartCFrame":[748.801,231.85,45.743,-0.06,0,0.998,0,1,0,-0.998,0,-0.06],"_humanoidState":5,"_cameraCFrame":[753.1,248.891,45.677,-0.015,-0.964,0.267,0,0.267,0.964,-1,0.015,-0.004],"_shiftlockState":false,"_pose":"FreeFall","_animationQueue":[],"_animationSpeed":1,"_zoom":16.125},{"_mousePosition":[729,347],"_rootPartCFrame":[748.534,232.168,45.747,-0.053,0,0.999,0,1,0,-0.999,0,-0.053],"_humanoidState":5,"_cameraCFrame":[752.803,249.218,45.681,-0.015,-0.964,0.265,0,0.265,0.964,-1,0.015,-0.004],"_shiftlockState":false,"_pose":"FreeFall","_animationQueue":[],"_animationSpeed":1,"_zoom":16.125},{"_mousePosition":[729,347],"_rootPartCFrame":[748.267,232.431,45.751,-0.048,0,0.999,0,1,0,-0.999,0,-0.048],"_humanoidState":5,"_cameraCFrame":[752.537,249.481,45.685,-0.015,-0.964,0.265,0,0.265,0.964,-1,0.015,-0.004],"_shiftlockState":false,"_pose":"FreeFall","_animationQueue":[],"_animationSpeed":1,"_zoom":16.125},{"_mousePosition":[729,347],"_rootPartCFrame":[748.001,232.64,45.755,-0.043,0,0.999,0,1,0,-0.999,0,-0.043],"_humanoidState":5,"_cameraCFrame":[752.24,249.698,45.69,-0.015,-0.965,0.263,0,0.263,0.965,-1,0.015,-0.004],"_shiftlockState":false,"_pose":"FreeFall","_animationQueue":[],"_animationSpeed":1,"_zoom":16.125},{"_mousePosition":[729,347],"_rootPartCFrame":[747.734,232.795,45.759,-0.039,0,0.999,0,1,0,-0.999,0,-0.039],"_humanoidState":5,"_cameraCFrame":[751.973,249.852,45.694,-0.015,-0.965,0.263,0,0.263,0.965,-1,0.015,-0.004],"_shiftlockState":false,"_pose":"FreeFall","_animationQueue":[],"_animationSpeed":1,"_zoom":16.125},{"_mousePosition":[729,347],"_rootPartCFrame":[747.468,232.895,45.763,-0.036,0,0.999,0,1,0,-0.999,0,-0.036],"_humanoidState":5,"_cameraCFrame":[751.676,249.961,45.699,-0.015,-0.965,0.261,0,0.261,0.965,-1,0.015,-0.004],"_shiftlockState":false,"_pose":"FreeFall","_animationQueue":[],"_animationSpeed":1,"_zoom":16.125},{"_mousePosition":[729,347],"_rootPartCFrame":[747.201,232.94,45.767,-0.033,0,0.999,0,1,0,-0.999,0,-0.033],"_humanoidState":5,"_cameraCFrame":[751.379,250.014,45.703,-0.015,-0.966,0.259,0,0.259,0.966,-1,0.015,-0.004],"_shiftlockState":false,"_pose":"FreeFall","_animationQueue":[],"_animationSpeed":1,"_zoom":16.125},{"_mousePosition":[729,347],"_rootPartCFrame":[747.001,232.938,45.77,-0.031,0,1,0,1,0,-1,0,-0.031],"_humanoidState":5,"_cameraCFrame":[751.179,250.012,45.706,-0.015,-0.966,0.259,0,0.259,0.966,-1,0.015,-0.004],"_shiftlockState":false,"_pose":"FreeFall","_animationQueue":[],"_animationSpeed":1,"_zoom":16.125},{"_mousePosition":[729,347],"_rootPartCFrame":[746.668,232.867,45.775,-0.028,0,1,0,1,0,-1,0,-0.028],"_humanoidState":5,"_cameraCFrame":[750.816,249.95,45.712,-0.015,-0.966,0.257,0,0.257,0.966,-1,0.015,-0.004],"_shiftlockState":false,"_pose":"FreeFall","_animationQueue":[],"_animationSpeed":1,"_zoom":16.125},{"_mousePosition":[729,347],"_rootPartCFrame":[746.401,232.749,45.779,-0.027,0,1,0,1,0,-1,0,-0.027],"_humanoidState":5,"_cameraCFrame":[750.519,249.84,45.716,-0.015,-0.967,0.255,0,0.255,0.967,-1,0.015,-0.004],"_shiftlockState":false,"_pose":"FreeFall","_animationQueue":[],"_animationSpeed":1,"_zoom":16.125},{"_mousePosition":[729,347],"_rootPartCFrame":[746.135,232.577,45.783,-0.025,0,1,0,1,0,-1,0,-0.025],"_humanoidState":5,"_cameraCFrame":[750.252,249.667,45.72,-0.015,-0.967,0.255,0,0.255,0.967,-1,0.015,-0.004],"_shiftlockState":false,"_pose":"FreeFall","_animationQueue":[["fall",0.3]],"_animationSpeed":1,"_zoom":16.125},{"_mousePosition":[729,347],"_rootPartCFrame":[745.868,232.35,45.788,-0.024,0,1,0,1,0,-1,0,-0.024],"_humanoidState":5,"_cameraCFrame":[749.985,249.44,45.724,-0.015,-0.967,0.255,0,0.255,0.967,-1,0.015,-0.004],"_shiftlockState":false,"_pose":"FreeFall","_animationQueue":[],"_animationSpeed":1,"_zoom":16.125},{"_mousePosition":[729,347],"_rootPartCFrame":[745.601,232.068,45.792,-0.022,0,1,0,1,0,-1,0,-0.022],"_humanoidState":5,"_cameraCFrame":[749.688,249.166,45.729,-0.015,-0.967,0.253,0,0.253,0.967,-1,0.015,-0.004],"_shiftlockState":false,"_pose":"FreeFall","_animationQueue":[],"_animationSpeed":1,"_zoom":16.125},{"_mousePosition":[729,347],"_rootPartCFrame":[745.335,231.732,45.796,-0.021,0,1,0,1,0,-1,0,-0.021],"_humanoidState":5,"_cameraCFrame":[749.391,248.838,45.734,-0.015,-0.968,0.252,0,0.252,0.968,-1,0.015,-0.004],"_shiftlockState":false,"_pose":"FreeFall","_animationQueue":[],"_animationSpeed":1,"_zoom":16.125},{"_mousePosition":[729,347],"_rootPartCFrame":[745.068,231.341,45.8,-0.021,0,1,0,1,0,-1,0,-0.021],"_humanoidState":5,"_cameraCFrame":[749.094,248.455,45.738,-0.015,-0.968,0.25,0,0.25,0.968,-1,0.015,-0.004],"_shiftlockState":false,"_pose":"FreeFall","_animationQueue":[],"_animationSpeed":1,"_zoom":16.125},{"_mousePosition":[729,347],"_rootPartCFrame":[744.802,230.896,45.804,-0.02,0,1,0,1,0,-1,0,-0.02],"_humanoidState":5,"_cameraCFrame":[748.797,248.018,45.743,-0.015,-0.969,0.248,0,0.248,