[{"_mousePosition":[726,302],"_rootPartCFrame":[776.025,222.7,47.142,0.001,0,1,0,1,0,-1,0,0.001],"_humanoidState":8,"_cameraCFrame":[780.339,239.674,48.542,0.309,-0.913,0.268,0,0.281,0.96,-0.951,-0.296,0.087],"_shiftlockState":false,"_pose":"Standing","_animationQueue":[],"_animationSpeed":1,"_zoom":16.125},{"_mousePosition":[726,302],"_rootPartCFrame":[775.791,222.7,47.066,0.045,0,0.999,0,1,0,-0.999,0,0.045],"_humanoidState":8,"_cameraCFrame":[779.996,239.709,48.407,0.304,-0.916,0.261,0,0.274,0.962,-0.953,-0.292,0.083],"_shiftlockState":false,"_pose":"Standing","_animationQueue":[],"_animationSpeed":1,"_zoom":16.125},{"_mousePosition":[726,302],"_rootPartCFrame":[775.538,222.7,46.984,0.081,0,0.997,0,1,0,-0.997,0,0.081],"_humanoidState":8,"_cameraCFrame":[779.638,239.743,48.257,0.296,-0.921,0.254,0,0.266,0.964,-0.955,-0.286,0.079],"_shiftlockState":false,"_pose":"Running","_animationQueue":[["walk",0.1]],"_animationSpeed":1.066,"_zoom":16.125},{"_mousePosition":[726,302],"_rootPartCFrame":[775.284,222.7,46.903,0.112,0,0.994,0,1,0,-0.994,0,0.112],"_humanoidState":8,"_cameraCFrame":[779.277,239.776,48.11,0.289,-0.925,0.248,0,0.259,0.966,-0.957,-0.279,0.075],"_shiftlockState":false,"_pose":"Running","_animationQueue":[],"_animationSpeed":1.066,"_zoom":16.125},{"_mousePosition":[726,302],"_rootPartCFrame":[775.029,222.7,46.824,0.137,0,0.991,0,1,0,-0.991,0,0.137],"_humanoidState":8,"_cameraCFrame":[778.973,239.792,47.983,0.282,-0.928,0.245,0,0.255,0.967,-0.959,-0.273,0.072],"_shiftlockState":false,"_pose":"Running","_animationQueue":[],"_animationSpeed":1.066,"_zoom":16.125},{"_mousePosition":[726,302],"_rootPartCFrame":[774.774,222.7,46.747,0.158,0,0.987,0,1,0,-0.987,0,0.158],"_humanoidState":8,"_cameraCFrame":[778.666,239.808,47.869,0.277,-0.93,0.241,0,0.251,0.968,-0.961,-0.268,0.07],"_shiftlockState":false,"_pose":"Running","_animationQueue":[["walk",0.1]],"_animationSpeed":1.066,"_zoom":16.125},{"_mousePosition":[726,302],"_rootPartCFrame":[774.518,222.7,46.671,0.175,0,0.985,0,1,0,-0.985,0,0.175],"_humanoidState":8,"_cameraCFrame":[778.357,239.823,47.757,0.272,-0.932,0.238,0,0.247,0.969,-0.962,-0.264,0.067],"_shiftlockState":false,"_pose":"Running","_animationQueue":[],"_animationSpeed":1.066,"_zoom":16.125},{"_mousePosition":[726,302],"_rootPartCFrame":[774.262,222.7,46.597,0.189,0,0.982,0,1,0,-0.982,0,0.189],"_humanoidState":8,"_cameraCFrame":[778.047,239.839,47.648,0.267,-0.935,0.235,0,0.244,0.97,-0.964,-0.259,0.065],"_shiftlockState":false,"_pose":"Running","_animationQueue":[],"_animationSpeed":1.066,"_zoom":16.125},{"_mousePosition":[726,302],"_rootPartCFrame":[774.005,222.7,46.525,0.201,0,0.98,0,1,0,-0.98,0,0.201],"_humanoidState":8,"_cameraCFrame":[777.767,239.846,47.548,0.262,-0.936,0.233,0,0.242,0.97,-0.965,-0.255,0.063],"_shiftlockState":false,"_pose":"Running","_animationQueue":[],"_animationSpeed":1.066,"_zoom":16.125},{"_mousePosition":[726,302],"_rootPartCFrame":[773.748,222.7,46.453,0.21,0,0.978,0,1,0,-0.978,0,0.21],"_humanoidState":8,"_cameraCFrame":[777.51,239.846,47.476,0.262,-0.936,0.233,0,0.242,0.97,-0.965,-0.255,0.063],"_shiftlockState":false,"_pose":"Running","_animationQueue":[],"_animationSpeed":1.066,"_zoom":16.125},{"_mousePosition":[726,302],"_rootPartCFrame":[773.491,222.7,46.383,0.217,0,0.976,0,1,0,-0.976,0,0.217],"_humanoidState":8,"_cameraCFrame":[777.252,239.846,47.406,0.262,-0.936,0.233,0,0.242,0.97,-0.965,-0.255,0.063],"_shiftlockState":false,"_pose":"Running","_animationQueue":[],"_animationSpeed":1.066,"_zoom":16.125},{"_mousePosition":[726,302],"_rootPartCFrame":[773.362,222.7,46.348,0.22,0,0.975,0,1,0,-0.975,0,0.22],"_humanoidState":8,"_cameraCFrame":[777.099,239.854,47.344,0.258,-0.938,0.232,0,0.24,0.971,-0.966,-0.25,0.062],"_shiftlockState":false,"_pose":"Running","_animationQueue":[],"_animationSpeed":1.066,"_zoom":16.125},{"_mousePosition":[726,302],"_rootPartCFrame":[772.976,222.7,46.243,0.229,0,0.973,0,1,0,-0.973,0,0.229],"_humanoidState":8,"_cameraCFrame":[776.689,239.861,47.213,0.253,-0.94,0.23,0,0.238,0.971,-0.968,-0.245,0.06],"_shiftlockState":false,"_pose":"Running","_animationQueue":[["walk",0.1]],"_animationSpeed":1.066,"_zoom":16.125},{"_mousePosition":[726,302],"_rootPartCFrame":[772.719,223.573,46.173,0.234,0,0.972,0,1,0,-0.972,0,0.234],"_humanoidState":3,"_cameraCFrame":[776.38,240.749,47.099,0.245,-0.942,0.227,0,0.234,0.972,-0.969,-0.238,0.057],"_shiftlockState":false,"_pose":"Jumping","_animationQueue":[["walk",0.1],["jump",0.1]],"_animationSpeed":1,"_zoom":16.125},{"_mousePosition":[726,302],"_rootPartCFrame":[772.461,224.395,46.105,0.238,0,0.971,0,1,0,-0.971,0,0.238],"_humanoidState":5,"_cameraCFrame":[776.069,241.586,46.989,0.238,-0.945,0.224,0,0.23,0.973,-0.971,-0.232,0.055],"_shiftlockState":false,"_pose":"FreeFall","_animationQueue":[["jump",0.1]],"_animationSpeed":1,"_zoom":16.125},{"_mousePosition":[726,302],"_rootPartCFrame":[772.202,225.162,46.04,0.239,0,0.971,0,1,0,-0.971,0,0.239],"_humanoidState":5,"_cameraCFrame":[775.785,242.361,46.898,0.233,-0.947,0.222,0,0.228,0.974,-0.972,-0.227,0.053],"_shiftlockState":false,"_pose":"FreeFall","_animationQueue":[],"_animationSpeed":1,"_zoom":16.125},{"_mousePosition":[726,302],"_rootPartCFrame":[771.943,225.875,45.976,0.24,0,0.971,0,1,0,-0.971,0,0.24],"_humanoidState":5,"_cameraCFrame":[775.526,243.074,46.834,0.233,-0.947,0.222,0,0.228,0.974,-0.972,-0.227,0.053],"_shiftlockState":false,"_pose":"FreeFall","_animationQueue":[],"_animationSpeed":1,"_zoom":16.125},{"_mousePosition":[726,302],"_rootPartCFrame":[771.749,226.374,45.929,0.239,0,0.971,0,1,0,-0.971,0,0.239],"_humanoidState":5,"_cameraCFrame":[775.334,243.573,46.779,0.231,-0.947,0.222,0,0.228,0.974,-0.973,-0.224,0.053],"_shiftlockState":false,"_pose":"FreeFall","_animationQueue":[],"_animationSpeed":1,"_zoom":16.125},{"_mousePosition":[726,302],"_rootPartCFrame":[771.425,227.138,45.851,0.238,0,0.971,0,1,0,-0.971,0,0.238],"_humanoidState":5,"_cameraCFrame":[775.074,244.322,46.697,0.226,-0.948,0.226,0,0.232,0.973,-0.974,-0.219,0.052],"_shiftlockState":false,"_pose":"FreeFall","_animationQueue":[],"_animationSpeed":1,"_zoom":16.125},{"_mousePosition":[726,302],"_rootPartCFrame":[771.165,227.687,45.79,0.237,0,0.971,0,1,0,-0.971,0,0.237],"_humanoidState":5,"_cameraCFrame":[774.944,244.842,46.615,0.213,-0.948,0.234,0,0.24,0.971,-0.977,-0.207,0.051],"_shiftlockState":false,"_pose":"FreeFall","_animationQueue":[],"_animationSpeed":1,"_zoom":16.125},{"_mousePosition":[726,302],"_rootPartCFrame":[770.906,228.182,45.729,0.236,0,0.972,0,1,0,-0.972,0,0.236],"_humanoidState":5,"_cameraCFrame":[774.774,245.314,46.574,0.213,-0.947,0.24,0,0.246,0.969,-0.977,-0.207,0.052],"_shiftlockState":false,"_pose":"FreeFall","_animationQueue":[],"_animationSpeed":1,"_zoom":16.125},{"_mousePosition":[726,302],"_rootPartCFrame":[770.645,228.623,45.672,0.233,0,0.972,0,1,0,-0.972,0,0.233],"_humanoidState":5,"_cameraCFrame":[774.513,245.754,46.517,0.213,-0.947,0.24,0,0.246,0.969,-0.977,-0.207,0.052],"_shiftlockState":false,"_pose":"FreeFall","_animationQueue":[],"_animationSpeed":1,"_zoom":16.125},{"_mousePosition":[726,302],"_rootPartCFrame":[770.385,229.009,45.615,0.231,0,0.973,0,1,0,-0.973,0,0.231],"_humanoidState":5,"_cameraCFrame":[774.253,246.14,46.46,0.213,-0.947,0.24,0,0.246,0.969,-0.977,-0.207,0.052],"_shiftlockState":false,"_pose":"FreeFall","_animationQueue":[],"_animationSpeed":1,"_zoom":16.125},{"_mousePosition":[726,302],"_rootPartCFrame":[770.124,229.34,45.558,0.228,0,0.974,0,1,0,-0.974,0,0.228],"_humanoidState":5,"_cameraCFrame":[773.992,246.472,46.403,0.213,-0.947,0.24,0,0.246,0.969,-0.977,-0.207,0.052],"_shiftlockState":false,"_pose":"FreeFall","_animationQueue":[],"_animationSpeed":1,"_zoom":16.125},{"_mousePosition":[726,302],"_rootPartCFrame":[769.929,229.553,45.516,0.227,0,0.974,0,1,0,-0.974,0,0.227],"_humanoidState":5,"_cameraCFrame":[773.797,246.685,46.36,0.213,-0.947,0.24,0,0.246,0.969,-0.977,-0.207,0.052],"_shiftlockState":false,"_pose":"FreeFall","_animationQueue":[],"_animationSpeed":1,"_zoom":16.125},{"_mousePosition":[726,302],"_rootPartCFrame":[769.668,229.789,45.459,0.225,0,0.974,0,1,0,-0.974,0,0.225],"_humanoidState":5,"_cameraCFrame":[773.536,246.921,46.303,0.213,-0.947,0.24,0,0.246,0.969,-0.977,-0.207,0.052],"_shiftlockState":false,"_pose":"FreeFall","_animationQueue":[],"_animationSpeed":1,"_zoom":16.125},{"_mousePosition":[726,302],"_rootPartCFrame":[769.343,230.008,45.388,0.223,0,0.975,0,1,0,-0.975,0,0.223],"_humanoidState":5,"_cameraCFrame":[773.211,247.139,46.232,0.213,-0.947,0.24,0,0.246,0.969,-0.977,-0.207,0.052],"_shiftlockState":false,"_pose":"FreeFall","_animationQueue":[],"_animationSpeed":1,"_zoom":16.125},{"_mousePosition":[726,302],"_rootPartCFrame":[769.082,230.122,45.331,0.221,0,0.975,0,1,0,-0.975,0,0.221],"_humanoidState":5,"_cameraCFrame":[772.95,247.253,46.175,0.213,-0.947,0.24,0,0.246,0.969,-0.977,-0.207,0.052],"_shiftlockState":false,"_pose":"FreeFall","_animationQueue":[],"_animationSpeed":1,"_zoom":16.125},{"_mousePosition":[726,302],"_rootPartCFrame":[768.887,230.171,45.288,0.221,0,0.975,0,1,0,-0.975,0,0.221],"_humanoidState":5,"_cameraCFrame":[772.755,247.302,46.133,0.213,-0.947,0.24,0,0.246,0.969,-0.977,-0.207,0.052],"_shiftlockState":false,"_pose":"FreeFall","_animationQueue":[],"_animationSpeed":1,"_zoom":16.125},{"_mousePosition":[726,302],"_rootPartCFrame":[768.561,230.185,45.217,0.219,0,0.976,0,1,0,-0.976,0,0.219],"_humanoidState":5,"_cameraCFrame":[772.429,247.317,46.061,0.213,-0.947,0.24,0,0.246,0.969,-0.977,-0.207,0.052],"_shiftlockState":false,"_pose":"FreeFall","_animationQueue":[],"_animationSpeed":1,"_zoom":16.125},{"_mousePosition":[726,302],"_rootPartCFrame":[768.301,230.135,45.16,0.218,0,0.976,0,1,0,-0.976,0,0.218],"_humanoidState":5,"_cameraCFrame":[772.169,247.267,46.005,0.213,-0.947,0.24,0,0.246,0.969,-0.977,-0.207,0.052],"_shiftlockState":false,"_pose":"FreeFall","_animationQueue":[],"_animationSpeed":1,"_zoom":16.125},{"_mousePosition":[726,302],"_rootPartCFrame":[768.04,230.031,45.103,0.218,0,0.976,0,1,0,-0.976,0,0.218],"_humanoidState":5,"_cameraCFrame":[771.908,247.162,45.948,0.213,-0.947,0.24,0,0.246,0.969,-0.977,-0.207,0.052],"_shiftlockState":false,"_pose":"FreeFall","_animationQueue":[],"_animationSpeed":1,"_zoom":16.125},{"_mousePosition":[726,302],"_rootPartCFrame":[767.78,229.872,45.046,0.217,0,0.976,0,1,0,-0.976,0,0.217],"_humanoidState":5,"_cameraCFrame":[771.648,247.003,45.891,0.213,-0.947,0.24,0,0.246,0.969,-0.977,-0.207,0.052],"_shiftlockState":false,"_pose":"FreeFall","_animationQueue":[["fall",0.3]],"_animationSpeed":1,"_zoom":16.125},{"_mousePosition":[726,302],"_rootPartCFrame":[767.519,229.658,44.99,0.217,0,0.976,0,1,0,-0.976,0,0.217],"_humanoidState":5,"_cameraCFrame":[771.387,246.79,45.834,0.213,-0.947,0.24,0,0.246,0.969,-0.977,-0.207,0.052],"_shiftlockState":false,"_pose":"FreeFall","_animationQueue":[],"_animationSpeed":1,"_zoom":16.125},{"_mousePosition":[726,302],"_rootPartCFrame":[767.259,229.39,44.933,0.216,0,0.976,0,1,0,-0.976,0,0.216],"_humanoidState":5,"_cameraCFrame":[771.131,246.522,45.757,0.208,-0.948,0.24,0,0.246,0.969,-0.978,-0.202,0.051],"_shiftlockState":false,"_pose":"FreeFall","_animationQueue":[],"_animationSpeed":1,"_zoom":16.125},{"_mousePosition":[726,302],"_rootPartCFrame":[766.998,229.068,44.876,0.216,0,0.976,0,1,0,-0.976,0,0.216],"_humanoidState":5,"_cameraCFrame":[770.882,246.199,45.642,0.193,-0.951,0.241,0,0.246,0.969,-0.981,-0.188,0.048],"_shiftlockState":false,"_pose":"FreeFall","_animationQueue":[],"_animationSpeed":1,"_zoom":16.125},{"_mousePosition":[726,302],"_rootPartCFrame":[766.737,228.691,44.82,0.215,0,0.977,0,1,0,-0.977,0,0.215],"_humanoidState":5,"_cameraCFrame":[770.631,245.822,45.537,0.181,-0.953,0.241,0,0.246,0.969,-0.983,-0.175,0.044],"_shiftlockState":false,"_pose":"FreeFall","_animationQueue":[],"_animationSpeed":1,"_zoom":16.125},{"_mousePosition":[726,302],"_rootPartCFrame":[766.476,228.259,44.768,0.213,0,0.977,0,1,0,-0.977,0,0.213],"_humanoidState":5,"_cameraCFrame":[770.29,245.414,45.41,0.166,-0.957,0.237,0,0.24,0.971,-0.986,-0.161,0.04],"_shiftlockState":false,"_pose":"FreeFall","_animationQueue":[],"_animationSpeed":1,"_zoom":16.125},{"_mousePosition":[726,302],"_rootPartCFrame":[766.214,227.773,44.719,0.209,0,0.978,0,1,0,-0.978,0,0.209],"_humanoidState":5,"_cameraCFrame":[769.919,244.957,45.266,0.146,-0.962,0.23,0,0.232,0.973,-0.989,-0.142,0.034],"_shiftlockState":false,"_pose":"FreeFall","_animationQueue":[["fall",0.3]],"_animationSpeed":1,"_zoom":16.125},{"_mousePosition":[726,302],"_rootPartCFrame":[765.951,227.233,44.674,0.204,0,0.979,0,1,0,-0.979,0,0.204],"_humanoidState":5,"_cameraCFrame":[769.516,244.453,45.118,0.124,-0.967,0.221,0,0.223,0.975,-0.992,-0.12,0.028],"_shiftlockState":false,"_pose":"FreeFall","_animationQueue":[],"_animationSpeed":1,"_zoom":16.125},{"_mousePosition":[726,302],"_rootPartCFrame":[765.687,226.638,44.634,0.197,0,0.98,0,1,0,-0.98,0,0.197],"_humanoidState":5,"_cameraCFrame":[769.139,243.885,44.984,0.101,-0.972,0.214,0,0.215,0.977,-0.995,-0.099,0.022],"_shiftlockState":false,"_pose":"FreeFall","_animationQueue":[],"_animationSpeed":1,"_zoom":16.125},{"_mousePosition":[726,302],"_rootPartCFrame":[765.423,225.988,44.601,0.188,0,0.982,0,1,0,-0.982,0,0.188],"_humanoidState":5,"_cameraCFrame":[768.759,243.262,44.871,0.081,-0.975,0.207,0,0.208,0.978,-0.997,-0.079,0.017],"_shiftlockState":false,"_pose":"FreeFall","_animationQueue":[],"_animationSpeed":1,"_zoom":16.125},{"_mousePosition":[726,302],"_rootPartCFrame":[765.158,225.284,44.573,0.177,0,0.984,0,1,0,-0.984,0,0.177],"_humanoidState":5,"_cameraCFrame":[768.437,242.571,44.772,0.061,-0.977,0.203,0,0.204,0.979,-0.998,-0.059,0.012],"_shiftlockState":false,"_pose":"FreeFall","_animationQueue":[],"_animationSpeed":1,"_zoom":16.125},{"_mousePosition":[726,302],"_rootPartCFrame":[764.892,224.526,44.55,0.165,0,0.986,0,1,0,-0.986,0,0.165],"_humanoidState":7,"_cameraCFrame":[768.143,241.819,44.698,0.045,-0.978,0.202,0,0.202,0.979,-0.999,-0.044,0.009],"_shiftlockState":false,"_pose":"FreeFall","_animationQueue":[["walk",0.1],["fall",0.3],["fall",0.3]],"_animationSpeed":1,"_zoom":16.125},{"_mousePosition":[726,302],"_rootPartCFrame":[764.626,224.183,44.533,0.151,0,0.989,0,1,0,-0.989,0,0.151],"_humanoidState":7,"_cameraCFrame":[767.848,241.483,44.647,0.035,-0.979,0.2,0,0.2,0.98,-0.999,-0.035,0.007],"_shiftlockState":false,"_pose":"FreeFall","_animationQueue":[],"_animationSpeed":1,"_zoom":16.125},{"_mousePosition":[726,302],"_rootPartCFrame":[764.374,224.306,44.344,0.241,0,0.97,0,1,0,-0.97,0,0.241],"_humanoidState":8,"_cameraCFrame":[767.596,241.606,44.458,0.035,-0.979,0.2,0,0.2,0.98,-0.999,-0.035,0.007],"_shiftlockState":false,"_pose":"Running","_animationQueue":[["fall",0.3],["walk",0.1],["fall",0.3],["walk",0.1]],"_animationSpeed":1.103,"_zoom":16.125},{"_mousePosition":[726,302],"_rootPartCFrame":[764.237,224.371,44.199,0.3,0,0.954,0,1,0,-0.954,0,0.3],"_humanoidState":8,"_cameraCFrame":[767.459,241.671,44.312,0.035,-0.979,0.2,0,0.2,0.98,-0.999,-0.035,0.007],"_shiftlockState":false,"_pose":"Running","_animationQueue":[],"_animationSpeed":1.103,"_zoom":16.125},{"_mousePosition":[726,302],"_rootPartCFrame":[764.171,224.426,43.96,0.434,0,0.901,0,1,0,-0.901,0,0.434],"_humanoidState":8,"_cameraCFrame":[767.393,241.725,44.074,0.035,-0.979,0.2,0,0.2,0.98,-0.999,-0.035,0.007],"_shiftlockState":false,"_pose":"Running","_animationQueue":[],"_animationSpeed":1.103,"_zoom":16.125},{"_mousePosition":[726,302],"_rootPartCFrame":[764.176,224.45,43.761,0.537,0,0.843,0,1,0,-0.843,0,0.537],"_humanoidState":8,"_cameraCFrame":[767.368,241.755,43.834,0.023,-0.98,0.198,0,0.198,0.98,-1,-0.022,0.004],"_shiftlockState":false,"_pose":"Running","_animationQueue":[],"_animationSpeed":1.103,"_zoom":16.125},{"_mousePosition":[726,302],"_rootPartCFrame":[764.187,224.472,43.428,0.679,0,0.735,0,1,0,-0.735,0,0.679],"_humanoidState":8,"_cameraCFrame":[767.319,241.79,43.444,0.005,-0.981,0.194,0,0.194,0.981,-1,-0.005,0.001],"_shiftlockState":false,"_pose":"Running","_animationQueue":[],"_animationSpeed":1.103,"_zoom":16.125},{"_mousePosition":[726,302],"_rootPartCFrame":[764.197,224.451,43.162,0.774,0,0.634,0,1,0,-0.634,0,0.774],"_humanoidState":8,"_cameraCFrame":[767.296,241.775,43.083,-0.025,-0.981,0.192,0,0.192,0.981,-1,0.025,-0.005],"_shiftlockState":false,"_pose":"Running","_animationQueue":[],"_animationSpeed":1.103,"_zoom":16.125},{"_mousePosition":[726,302],"_rootPartCFrame":[764.206,224.375,42.895,0.854,0,0.521,0,1,0,-0.521,0,0.854],"_humanoidState":8,"_cameraCFrame":[767.149,241.705,40.939,-0.068,-0.979,0.19,0,0.19,0.982,-0.998,0.067,-0.013],"_shiftlockState":true,"_pose":"Running","_animationQueue":[],"_animationSpeed":1.103,"_zoom":16.125},{"_mousePosition":[683,384],"_rootPartCFrame":[764.216,224.245,42.629,0.07,0,0.998,0,1,0,-0.998,0,0.07],"_humanoidState":8,"_cameraCFrame":[767.159,241.575,40.673,-0.068,-0.979,0.19,0,0.19,0.982,-0.998,0.067,-0.013],"_shiftlockState":true,"_pose":"Running","_animationQueue":[["walk",0.1]],"_animationSpeed":1.103,"_zoom":16.125},{"_mousePosition":[683,384],"_rootPartCFrame":[764.225,224.061,42.362,0.07,0,0.998,0,1,0,-0.998,0,0.07],"_humanoidState":8,"_cameraCFrame":[767.039,241.391,40.224,-0.131,-0.973,0.189,0,0.19,0.982,-0.991,0.129,-0.025],"_shiftlockState":true,"_pose":"Running","_animationQueue":[],"_animationSpeed":1.103,"_zoom":16.125},{"_mousePosition":[683,384],"_rootPartCFrame":[764.235,223.821,42.096,0.007,0,1,0,1,0,-1,0,0.007],"_humanoidState":8,"_cameraCFrame":[766.89,241.152,39.764,-0.201,-0.962,0.186,0,0.19,0.982,-0.98,0.198,-0.038],"_shiftlockState":true,"_pose":"Running","_animationQueue":[],"_animationSpeed":1.103,"_zoom":16.125},{"_mousePosition":[683,384],"_rootPartCFrame":[764.244,224.695,41.829,-0.064,0,0.998,0,1,0,-0.998,0,-0.064],"_humanoidState":3,"_cameraCFrame":[766.734,242.025,39.322,-0.268,-0.946,0.183,0,0.19,0.982,-0.964,0.263,-0.051],"_shiftlockState":true,"_pose":"Jumping","_animationQueue":[["walk",0.1],["jump",0.1]],"_animationSpeed":1,"_zoom":16.125},{"_mousePosition":[683,384],"_rootPartCFrame":[764.229,225.517,41.565,-0.136,0,0.991,0,1,0,-0.991,0,-0.136],"_humanoidState":5,"_cameraCFrame":[766.535,242.847,38.887,-0.335,-0.925,0.179,0,0.19,0.982,-0.942,0.329,-0.064],"_shiftlockState":true,"_pose":"FreeFall","_animationQueue":[["jump",0.1]],"_animationSpeed":1,"_zoom":16.125},{"_mousePosition":[683,384],"_rootPartCFrame":[764.175,226.284,41.305,-0.207,0,0.978,0,1,0,-0.978,0,-0.207],"_humanoidState":5,"_cameraCFrame":[766.292,243.614,38.476,-0.399,-0.9,0.175,0,0.19,0.982,-0.917,0.391,-0.076],"_shiftlockState":true,"_pose":"FreeFall","_animationQueue":[],"_animationSpeed":1,"_zoom":16.125},{"_mousePosition":[683,384],"_rootPartCFrame":[764.091,226.997,41.053,-0.273,0,0.962,0,1,0,-0.962,0,-0.273],"_humanoidState":5,"_cameraCFrame":[766.01,244.327,38.086,-0.46,-0.871,0.169,0,0.19,0.982,-0.888,0.452,-0.088],"_shiftlockState":true,"_pose":"FreeFall","_animationQueue":[],"_animationSpeed":1,"_zoom":16.125},{"_mousePosition":[683,384],"_rootPartCFrame":[763.987,227.656,40.807,-0.338,0,0.941,0,1,0,-0.941,0,-0.338],"_humanoidState":5,"_cameraCFrame":[765.692,244.986,37.712,-0.522,-0.837,0.162,0,0.19,0.982,-0.853,0.513,-0.099],"_shiftlockState":true,"_pose":"FreeFall","_animationQueue":[],"_animationSpeed":1,"_zoom":16.125},{"_mousePosition":[683,384],"_rootPartCFrame":[763.868,228.26,40.569,-0.404,0,0.915,0,1,0,-0.915,0,-0.404],"_humanoidState":5,"_cameraCFrame":[765.234,245.59,37.31,-0.61,-0.778,0.151,0,0.19,0.982,-0.793,0.599,-0.116],"_shiftlockState":true,"_pose":"FreeFall","_animationQueue":[],"_animationSpeed":1,"_zoom":16.125},{"_mousePosition":[683,384],"_rootPartCFrame":[763.732,228.809,40.339,-0.499,0,0.867,0,1,0,-0.867,0,-0.499],"_humanoidState":5,"_cameraCFrame":[764.864,246.139,36.992,-0.664,-0.734,0.142,0,0.19,0.982,-0.748,0.652,-0.126],"_shiftlockState":true,"_pose":"FreeFall","_animationQueue":[],"_animationSpeed":1,"_zoom":16.125},{"_mousePosition":[683,384],"_rootPartCFrame":[763.576,229.304,40.124,-0.559,0,0.829,0,1,0,-0.829,0,-0.559],"_humanoidState":5,"_cameraCFrame":[764.486,246.634,36.709,-0.712,-0.689,0.134,0,0.19,0.982,-0.702,0.699,-0.136],"_shiftlockState":true,"_pose":"FreeFall","_animationQueue":[],"_animationSpeed":1,"_zoom":16.125},{"_mousePosition":[683,384],"_rootPartCFrame":[763.402,229.745,39.922,-0.612,0,0.791,0,1,0,-0.791,0,-0.612],"_humanoidState":5,"_cameraCFrame":[764.111,247.075,36.46,-0.752,-0.648,0.126,0,0.19,0.982,-0.66,0.738,-0.143],"_shiftlockState":true,"_pose":"FreeFall","_animationQueue":[],"_animationSpeed":1,"_zoom":16.125},{"_mousePosition":[683,384],"_rootPartCFrame":[763.214,230.131,39.732,-0.657,0,0.754,0,1,0,-0.754,0,-0.657],"_humanoidState":5,"_cameraCFrame":[763.73,247.461,36.236,-0.787,-0.605,0.117,0,0.19,0.982,-0.617,0.773,-0.15],"_shiftlockState":true,"_pose":"FreeFall","_animationQueue":[],"_animationSpeed":1,"_zoom":16.125},{"_mousePosition":[683,384],"_rootPartCFrame":[763.015,230.462,39.555,-0.698,0,0.716,0,1,0,-0.716,0,-0.698],"_humanoidState":5,"_cameraCFrame":[763.354,247.792,36.037,-0.817,-0.566,0.11,0,0.19,0.982,-0.576,0.802,-0.156],"_shiftlockState":true,"_pose":"FreeFall","_animationQueue":[],"_animationSpeed":1,"_zoom":16.125},{"_mousePosition":[683,384],"_rootPartCFrame":[762.807,230.739,39.388,-0.734,0,0.68,0,1,0,-0.68,0,-0.734],"_humanoidState":5,"_cameraCFrame":[762.985,248.069,35.859,-0.843,-0.528,0.102,0,0.19,0.982,-0.538,0.827,-0.16],"_shiftlockState":true,"_pose":"FreeFall","_animationQueue":[],"_animationSpeed":1,"_zoom":16.125},{"_mousePosition":[683,384],"_rootPartCFrame":[762.59,230.962,39.233,-0.764,0,0.646,0,1,0,-0.646,0,-0.764],"_humanoidState":5,"_cameraCFrame":[762.625,248.292,35.7,-0.864,-0.495,0.096,0,0.19,0.982,-0.504,0.848,-0.164],"_shiftlockState":true,"_pose":"FreeFall","_animationQueue":[],"_animationSpeed":1,"_zoom":16.125},{"_mousePosition":[683,384],"_rootPartCFrame":[762.367,231.13,39.088,-0.789,0,0.614,0,1,0,-0.614,0,-0.789],"_humanoidState":5,"_cameraCFrame":[762.276,248.46,35.556,-0.881,-0.464,0.09,0,0.19,0.982,-0.473,0.865,-0.168],"_shiftlockState":true,"_pose":"FreeFall","_animationQueue":[],"_animationSpeed":1,"_zoom":16.125},{"_mousePosition":[683,384],"_rootPartCFrame":[762.137,231.243,38.952,-0.81,0,0.586,0,1,0,-0.586,0,-0.81],"_humanoidState":5,"_cameraCFrame":[761.913,248.573,35.426,-0.898,-0.431,0.084,0,0.19,0.982,-0.439,0.882,-0.171],"_shiftlockState":true,"_pose":"FreeFall","_animationQueue":[],"_animationSpeed":1,"_zoom":16.125},{"_mousePosition":[683,384],"_rootPartCFrame":[761.903,231.302,38.825,-0.832,0,0.555,0,1,0,-0.555,0,-0.832],"_humanoidState":5,"_cameraCFrame":[761.536,248.632,35.31,-0.915,-0.395,0.077,0,0.19,0.982,-0.402,0.899,-0.174],"_shiftlockState":true,"_pose":"FreeFall","_animationQueue":[],"_animationSpeed":1,"_zoom":16.125},{"_mousePosition":[683,384],"_rootPartCFrame":[761.664,231.307,38.707,-0.854,0,0.52,0,1,0,-0.52,0,-0.854],"_humanoidState":5,"_cameraCFrame":[761.052,248.655,35.308,-0.938,-0.34,0.064,0,0.185,0.983,-0.346,0.922,-0.173],"_shiftlockState":true,"_pose":"FreeFall","_animationQueue":[],"_animationSpeed":1,"_zoom":16.125},{"_mousePosition":[683,384],"_rootPartCFrame":[761.42,231.257,38.598,-0.884,0,0.468,0,1,0,-0.468,0,-0.884],"_humanoidState":5,"_cameraCFrame":[760.672,248.605,35.226,-0.951,-0.302,0.057,0,0.185,0.983,-0.308,0.935,-0.176],"_shiftlockState":true,"_pose":"FreeFall","_animationQueue":[["fall",0.3]],"_animationSpeed":1,"_zoom":16.125},{"_mousePosition":[683,384],"_rootPartCFrame":[761.171,231.152,38.503,-0.902,0,0.431,0,1,0,-0.431,0,-0.902],"_humanoidState":5,"_cameraCFrame":[760.261,248.5,35.172,-0.965,-0.257,0.048,0,0.185,0.983,-0.262,0.949,-0.178],"_shiftlockState":true,"_pose":"FreeFall","_animationQueue":[],"_animationSpeed":1,"_zoom":16.125},{"_mousePosition":[683,384],"_rootPartCFrame":[760.918,230.993,38.42,-0.922,0,0.388,0,1,0,-0.388,0,-0.922],"_humanoidState":5,"_cameraCFrame":[759.841,248.341,35.138,-0.977,-0.209,0.039,0,0.185,0.983,-0.213,0.96,-0.18],"_shiftlockState":true,"_pose":"FreeFall","_animationQueue":[],"_animationSpeed":1,"_zoom":16.125},{"_mousePosition":[683,384],"_rootPartCFrame":[760.661,230.78,38.348,-0.94,0,0.34,0,1,0,-0.34,0,-0.94],"_humanoidState":5,"_cameraCFrame":[759.419,248.128,35.125,-0.987,-0.16,0.03,0,0.185,0.983,-0.163,0.97,-0.182],"_shiftlockState":true,"_pose":"FreeFall","_animationQueue":[],"_animationSpeed":1,"_zoom":16.125},{"_mousePosition":[683,384],"_rootPartCFrame":[760.401,230.512,38.289,-0.956,0,0.292,0,1,0,-0.292,0,-0.956],"_humanoidState":5,"_cameraCFrame":[758.998,247.86,35.134,-0.994,-0.111,0.021,0,0.185,0.983,-0.113,0.977,-0.183],"_shiftlockState":true,"_pose":"FreeFall","_animationQueue":[],"_animationSpeed":1,"_zoom":16.125},{"_mousePosition":[683,384],"_rootPartCFrame":[760.138,230.47,38.244,-0.989,0,0.145,0,1,0,-0.145,0,-0.989],"_humanoidState":7,"_cameraCFrame":[758.605,247.806,35.09,-0.998,-0.069,0.013,0,0.188,0.982,-0.07,0.98,-0.188],"_shiftlockState":true,"_pose":"FreeFall","_animationQueue":[["walk",0.1],["fall",0.3],["fall",0.3]],"_animationSpeed":1,"_zoom":16.125},{"_mousePosition":[683,384],"_rootPartCFrame":[759.874,230.367,38.212,-0.997,0,0.071,0,1,0,-0.071,0,-0.997],"_humanoidState":7,"_cameraCFrame":[758.251,247.673,34.952,-0.999,-0.039,0.008,0,0.198,0.98,-0.04,0.979,-0.198],"_shiftlockState":true,"_pose":"FreeFall","_animationQueue":[["fall",0.3]],"_animationSpeed":1,"_zoom":16.125},{"_mousePosition":[683,384],"_rootPartCFrame":[759.541,230.148,38.187,-0.999,0,0.04,0,1,0,-0.04,0,-0.999],"_humanoidState":8,"_cameraCFrame":[757.913,247.389,34.628,-0.999,-0.034,0.007,0,0.217,0.976,-0.034,0.976,-0.217],"_shiftlockState":true,"_pose":"Running","_animationQueue":[["walk",0.1],["fall",0.3],["walk",0.1]],"_animationSpeed":1.103,"_zoom":16.125},{"_mousePosition":[683,384],"_rootPartCFrame":[759.275,229.917,38.175,-0.999,0,0.034,0,1,0,-0.034,0,-0.999],"_humanoidState":8,"_cameraCFrame":[757.835,247.086,34.241,-0.997,-0.078,0.019,0,0.236,0.972,-0.08,0.969,-0.235],"_shiftlockState":true,"_pose":"Running","_animationQueue":[],"_animationSpeed":1.103,"_zoom":16.125},{"_mousePosition":[683,384],"_rootPartCFrame":[758.942,231,38.162,-0.997,0,0.08,0,1,0,-0.08,0,-0.997],"_humanoidState":3,"_cameraCFrame":[757.502,248.17,34.228,-0.997,-0.078,0.019,0,0.236,0.972,-0.08,0.969,-0.235],"_shiftlockState":true,"_pose":"Jumping","_animationQueue":[["walk",0.1],["jump",0.1]],"_animationSpeed":1,"_zoom":16.125},{"_mousePosition":[683,384],"_rootPartCFrame":[758.743,231.612,38.147,-0.99,0,0.142,0,1,0,-0.142,0,-0.99],"_humanoidState":5,"_cameraCFrame":[757.303,248.781,34.213,-0.997,-0.078,0.019,0,0.236,0.972,-0.08,0.969,-0.235],"_shiftlockState":true,"_pose":"FreeFall","_animationQueue":[["jump",0.1]],"_animationSpeed":1,"_zoom":16.125},{"_mousePosition":[683,384],"_rootPartCFrame":[758.477,232.379,38.126,-0.979,0,0.204,0,1,0,-0.204,0,-0.979],"_humanoidState":5,"_cameraCFrame":[757.037,249.549,34.192,-0.997,-0.078,0.019,0,0.236,0.972,-0.08,0.969,-0.235],"_shiftlockState":true,"_pose":"FreeFall","_animationQueue":[],"_animationSpeed":1,"_zoom":16.125},{"_mousePosition":[683,384],"_rootPartCFrame":[758.219,233.092,38.129,-0.982,0,0.191,0,1,0,-0.191,0,-0.982],"_humanoidState":5,"_cameraCFrame":[756.779,250.262,34.194,-0.997,-0.078,0.019,0,0.236,0.972,-0.08,0.969,-0.235],"_shiftlockState":true,"_pose":"FreeFall","_animationQueue":[],"_animationSpeed":1,"_zoom":16.125},{"_mousePosition":[683,384],"_rootPartCFrame":[757.913,233.907,38.185,-0.978,0,0.21,0,1,0,-0.21,0,-0.978],"_humanoidState":5,"_cameraCFrame":[756.473,251.076,34.25,-0.997,-0.078,0.019,0,0.236,0.972,-0.08,0.969,-0.235],"_shiftlockState":true,"_pose":"FreeFall","_animationQueue":[],"_animationSpeed":1,"_zoom":16.125},{"_mousePosition":[683,384],"_rootPartCFrame":[757.642,234.636,38.29,-0.993,0,0.114,0,1,0,-0.114,0,-0.993],"_humanoidState":5,"_cameraCFrame":[756.202,251.806,34.355,-0.997,-0.078,0.019,0,0.236,0.972,-0.08,0.969,-0.235],"_shiftlockState":true,"_pose":"FreeFall","_animationQueue":[],"_animationSpeed":1,"_zoom":16.125},{"_mousePosition":[683,384],"_rootPartCFrame":[757.502,235.033,38.373,-0.997,0,0.082,0,1,0,-0.082,0,-0.997],"_humanoidState":5,"_cameraCFrame":[756.062,252.203,34.439,-0.997,-0.078,0.019,0,0.236,0.972,-0.08,0.969,-0.235],"_shiftlockState":true,"_pose":"FreeFall","_animationQueue":[],"_animationSpeed":1,"_zoom":16.125},{"_mousePosition":[683,384],"_rootPartCFrame":[757.378,235.399,38.472,-0.997,0,0.08,0,1,0,-0.08,0,-0.997],"_humanoidState":5,"_cameraCFrame":[755.938,252.569,34.537,-0.997,-0.078,0.019,0,0.236,0.972,-0.08,0.969,-0.235],"_shiftlockState":true,"_pose":"FreeFall","_animationQueue":[],"_animationSpeed":1,"_zoom":16.125},{"_mousePosition":[683,384],"_rootPartCFrame":[757.237,235.84,38.627,-0.997,0,0.08,0,1,0,-0.08,0,-0.997],"_humanoidState":5,"_cameraCFrame":[755.797,253.009,34.692,-0.997,-0.078,0.019,0,0.236,0.972,-0.08,0.969,-0.235],"_shiftlockState":true,"_pose":"FreeFall","_animationQueue":[],"_animationSpeed":1,"_zoom":16.125},{"_mousePosition":[683,384],"_rootPartCFrame":[757.126,236.226,38.809,-0.997,0,0.08,0,1,0,-0.08,0,-0.997],"_humanoidState":5,"_cameraCFrame":[755.686,253.395,34.875,-0.997,-0.078,0.019,0,0.236,0.972,-0.08,0.969,-0.235],"_shiftlockState":true,"_pose":"FreeFall","_animationQueue":[],"_animationSpeed":1,"_zoom":16.125},{"_mousePosition":[683,384],"_rootPartCFrame":[757.044,236.557,39.018,-0.997,0,0.08,0,1,0,-0.08,0,-0.997],"_humanoidState":5,"_cameraCFrame":[755.624,253.727,35.077,-0.996,-0.083,0.02,0,0.236,0.972,-0.085,0.968,-0.235],"_shiftlockState":true,"_pose":"FreeFall","_animationQueue":[],"_animationSpeed":1,"_zoom":16.125},{"_mousePosition":[683,384],"_rootPartCFrame":[756.991,236.834,39.254,-0.996,0,0.085,0,1,0,-0.085,0,-0.996],"_humanoidState":5,"_cameraCFrame":[755.511,254.004,35.335,-0.998,-0.068,0.016,0,0.236,0.972,-0.07,0.969,-0.235],"_shiftlockState":true,"_pose":"FreeFall","_animationQueue":[],"_animationSpeed":1,"_zoom":16.125},{"_mousePosition":[683,384],"_rootPartCFrame":[756.963,237.057,39.515,-0.997,0,0.071,0,1,0,-0.071,0,-0.997],"_humanoidState":5,"_cameraCFrame":[755.355,254.226,35.646,-0.999,-0.036,0.009,0,0.236,0.972,-0.037,0.971,-0.236],"_shiftlockState":true,"_pose":"FreeFall","_animationQueue":[],"_animationSpeed":1,"_zoom":16.125},{"_mousePosition":[683,384],"_rootPartCFrame":[756.944,237.225,39.781,-0.999,0,0.041,0,1,0,-0.041,0,-0.999],"_humanoidState":5,"_cameraCFrame":[755.142,254.394,35.998,-1,0.013,-0.003,0,0.236,0.972,0.014,0.972,-0.236],"_shiftlockState":true,"_pose":"FreeFall","_animationQueue":[],"_animationSpeed":1,"_zoom":16.125},{"_mousePosition":[683,384],"_rootPartCFrame":[756.933,237.339,40.047,-1,0,-0.008,0,1,0,0.008,0,-1],"_humanoidState":5,"_cameraCFrame":[754.78,254.515,36.486,-0.994,0.107,-0.026,0,0.234,0.972,0.11,0.966,-0.233],"_shiftlockState":true,"_pose":"FreeFall","_animationQueue":[],"_animationSpeed":1,"_zoom":16.125},{"_mousePosition":[683,384],"_rootPartCFrame":[756.935,237.398,40.314,-0.995,0,-0.099,0,1,0,0.099,0,-0.995],"_humanoidState":5,"_cameraCFrame":[754.557,254.603,37.034,-0.984,0.175,-0.041,0,0.227,0.974,0.18,0.958,-0.223],"_shiftlockState":true,"_pose":"FreeFall","_animationQueue":[],"_animationSpeed":1,"_zoom":16.125},{"_mousePosition":[683,384],"_rootPartCFrame":[756.957,237.402,40.579,-0.986,0,-0.17,0,1,0,0.17,0,-0.986],"_humanoidState":5,"_cameraCFrame":[754.421,254.649,37.635,-0.97,0.236,-0.052,0,0.215,0.977,0.241,0.948,-0.209],"_shiftlockState":true,"_pose":"FreeFall","_animationQueue":[["fall",0.3]],"_animationSpeed":1,"_zoom":16.125},{"_mousePosition":[683,384],"_rootPartCFrame":[757.002,237.297,40.842,-0.971,0,-0.239,0,1,0,0.239,0,-0.971],"_humanoidState":7,"_cameraCFrame":[754.348,254.584,38.233,-0.954,0.294,-0.061,0,0.204,0.979,0.3,0.934,-0.194],"_shiftlockState":true,"_pose":"FreeFall","_animationQueue":[["walk",0.1],["fall",0.3],["fall",0.3]],"_animationSpeed":1,"_zoom":16.125},{"_mousePosition":[683,384],"_rootPartCFrame":[757.064,237.132,41.101,-0.954,0,-0.3,0,1,0,0.3,0,-0.954],"_humanoidState":7,"_cameraCFrame":[754.322,254.456,38.831,-0.934,0.351,-0.069,0,0.192,0.981,0.357,0.917,-0.18],"_shiftlockState":true,"_pose":"FreeFall","_animationQueue":[],"_animationSpeed":1,"_zoom":16.125},{"_mousePosition":[683,384],"_rootPartCFrame":[757.162,236.843,41.42,-0.934,0,-0.357,0,1,0,0.357,0,-0.934],"_humanoidState":8,"_cameraCFrame":[754.369,254.202,39.481,-0.912,0.404,-0.074,0,0.181,0.984,0.411,0.897,-0.165],"_shiftlockState":true,"_pose":"Running","_animationQueue":[["walk",0.1],["fall",0.3],["walk",0.1]],"_animationSpeed":1.103,"_zoom":16.125},{"_mousePosition":[683,384],"_rootPartCFrame":[757.255,236.651,41.67,-0.912,0,-0.411,0,1,0,0.411,0,-0.912],"_humanoidState":8,"_cameraCFrame":[754.424,254.031,39.971,-0.891,0.447,-0.079,0,0.174,0.985,0.454,0.877,-0.155],"_shiftlockState":true,"_pose":"Running","_animationQueue":[],"_animationSpeed":1.103,"_zoom":16.125},{"_mousePosition":[683,384],"_rootPartCFrame":[757.229,236.655,41.919,-0.891,0,-0.454,0,1,0,0.454,0,-0.891],"_humanoidState":8,"_cameraCFrame":[754.343,254.035,40.314,-0.875,0.476,-0.084,0,0.174,0.985,0.483,0.862,-0.152],"_shiftlockState":true,"_pose":"Running","_animationQueue":[],"_animationSpeed":1.103,"_zoom":16.125},{"_mousePosition":[683,384],"_rootPartCFrame":[757.147,236.68,42.172,-0.875,0,-0.483,0,1,0,0.483,0,-0.875],"_humanoidState":8,"_cameraCFrame":[754.237,254.06,40.611,-0.868,0.489,-0.086,0,0.174,0.985,0.497,0.855,-0.151],"_shiftlockState":true,"_pose":"Running","_animationQueue":[],"_animationSpeed":1.103,"_zoom":16.125},{"_mousePosition":[683,384],"_rootPartCFrame":[757.072,236.697,42.428,-0.868,0,-0.497,0,1,0,0.497,0,-0.868],"_humanoidState":8,"_cameraCFrame":[754.158,254.077,40.874,-0.867,0.491,-0.087,0,0.174,0.985,0.499,0.854,-0.15],"_shiftlockState":true,"_pose":"Running","_animationQueue":[["walk",0.1]],"_animationSpeed":1.103,"_zoom":16.125},{"_mousePosition":[683,384],"_rootPartCFrame":[756.901,236.707,42.608,-0.867,0,-0.499,0,1,0,0.499,0,-0.867],"_humanoidState":8,"_cameraCFrame":[753.987,254.087,41.054,-0.867,0.491,-0.087,0,0.174,0.985,0.499,0.854,-0.15],"_shiftlockState":true,"_pose":"Running","_animationQueue":[],"_animationSpeed":1.103,"_zoom":16.125},{"_mousePosition":[683,384],"_rootPartCFrame":[756.672,236.712,42.743,-0.867,0,-0.499,0,1,0,0.499,0,-0.867],"_humanoidState":8,"_cameraCFrame":[753.758,254.092,41.189,-0.867,0.491,-0.087,0,0.174,0.985,0.499,0.854,-0.15],"_shiftlockState":true,"_pose":"Running","_animationQueue":[],"_animationSpeed":1.103,"_zoom":16.125},{"_mousePosition":[683,384],"_rootPartCFrame":[756.44,236.715,42.876,-0.867,0,-0.499,0,1,0,0.499,0,-0.867],"_humanoidState":8,"_cameraCFrame":[753.531,254.095,41.314,-0.868,0.489,-0.086,0,0.174,0.985,0.497,0.855,-0.151],"_shiftlockState":true,"_pose":"Running","_animationQueue":[],"_animationSpeed":1.103,"_zoom":16.125},{"_mousePosition":[683,384],"_rootPartCFrame":[756.209,236.717,43.009,-0.868,0,-0.497,0,1,0,0.497,0,-0.868],"_humanoidState":8,"_cameraCFrame":[753.328,254.097,41.396,-0.877,0.474,-0.084,0,0.174,0.985,0.481,0.863,-0.152],"_shiftlockState":true,"_pose":"Running","_animationQueue":[],"_animationSpeed":1.103,"_zoom":16.125},{"_mousePosition":[683,384],"_rootPartCFrame":[755.978,236.717,43.141,-0.877,0,-0.481,0,1,0,0.481,0,-0.877],"_humanoidState":8,"_cameraCFrame":[753.121,254.097,41.485,-0.884,0.461,-0.081,0,0.174,0.985,0.468,0.87,-0.153],"_shiftlockState":true,"_pose":"Running","_animationQueue":[],"_animationSpeed":1.103,"_zoom":16.125},{"_mousePosition":[683,384],"_rootPartCFrame":[755.744,236.718,43.27,-0.884,0,-0.468,0,1,0,0.468,0,-0.884],"_humanoidState":8,"_cameraCFrame":[752.926,254.098,41.549,-0.894,0.441,-0.078,0,0.174,0.985,0.448,0.881,-0.155],"_shiftlockState":true,"_pose":"Running","_animationQueue":[],"_animationSpeed":1.103,"_zoom":16.125},{"_mousePosition":[683,384],"_rootPartCFrame":[755.509,236.718,43.395,-0.894,0,-0.448,0,1,0,0.448,0,-0.894],"_humanoidState":8,"_cameraCFrame":[752.726,254.098,41.618,-0.903,0.423,-0.075,0,0.174,0.985,0.429,0.889,-0.157],"_shiftlockState":true,"_pose":"Running","_animationQueue":[["walk",0.1]],"_animationSpeed":1.103,"_zoom":16.125},{"_mousePosition":[683,384],"_rootPartCFrame":[755.271,236.718,43.516,-0.903,0,-0.429,0,1,0,0.429,0,-0.903],"_humanoidState":8,"_cameraCFrame":[752.52,254.098,41.689,-0.911,0.407,-0.072,0,0.174,0.985,0.413,0.897,-0.158],"_shiftlockState":true,"_pose":"Running","_animationQueue":[],"_animationSpeed":1.103,"_zoom":16.125},{"_mousePosition":[683,384],"_rootPartCFrame":[755.031,236.718,43.631,-0.911,0,-0.413,0,1,0,0.413,0,-0.911],"_humanoidState":8,"_cameraCFrame":[752.303,254.098,41.77,-0.916,0.396,-0.07,0,0.174,0.985,0.402,0.902,-0.159],"_shiftlockState":true,"_pose":"Running","_animationQueue":[],"_animationSpeed":1.103,"_zoom":16.125},{"_mousePosition":[683,384],"_rootPartCFrame":[754.788,236.718,43.742,-0.916,0,-0.402,0,1,0,0.402,0,-0.916],"_humanoidState":8,"_cameraCFrame":[752.075,254.098,41.86,-0.919,0.389,-0.069,0,0.174,0.985,0.395,0.905,-0.16],"_shiftlockState":true,"_pose":"Running","_animationQueue":[],"_animationSpeed":1.103,"_zoom":16.125},{"_mousePosition":[683,384],"_rootPartCFrame":[754.544,236.718,43.849,-0.919,0,-0.395,0,1,0,0.395,0,-0.919],"_humanoidState":8,"_cameraCFrame":[751.831,254.098,41.968,-0.919,0.389,-0.069,0,0.174,0.985,0.395,0.905,-0.16],"_shiftlockState":true,"_pose":"Running","_animationQueue":[],"_animationSpeed":1.103,"_zoom":16.125},{"_mousePosition":[683,384],"_rootPartCFrame":[754.238,236.718,43.981,-0.919,0,-0.395,0,1,0,0.395,0,-0.919],"_humanoidState":8,"_cameraCFrame":[751.525,254.098,42.099,-0.919,0.389,-0.069,0,0.174,0.985,0.395,0.905,-0.16],"_shiftlockState":true,"_pose":"Running","_animationQueue":[],"_animationSpeed":1.103,"_zoom":16.125},{"_mousePosition":[683,384],"_rootPartCFrame":[754.054,236.718,44.06,-0.919,0,-0.395,0,1,0,0.395,0,-0.919],"_humanoidState":8,"_cameraCFrame":[751.341,254.098,42.178,-0.919,0.389,-0.069,0,0.174,0.985,0.395,0.905,-0.16],"_shiftlockState":true,"_pose":"Running","_animationQueue":[],"_animationSpeed":1.103,"_zoom":16.125},{"_mousePosition":[683,384],"_rootPartCFrame":[753.809,236.718,44.165,-0.919,0,-0.395,0,1,0,0.395,0,-0.919],"_humanoidState":8,"_cameraCFrame":[751.105,254.098,42.27,-0.921,0.384,-0.068,0,0.174,0.985,0.39,0.907,-0.16],"_shiftlockState":true,"_pose":"Running","_animationQueue":[["walk",0.1]],"_animationSpeed":1.103,"_zoom":16.125},{"_mousePosition":[683,384],"_rootPartCFrame":[753.503,236.718,44.297,-0.921,0,-0.39,0,1,0,0.39,0,-0.921],"_humanoidState":8,"_cameraCFrame":[750.804,254.098,42.395,-0.922,0.382,-0.067,0,0.174,0.985,0.388,0.908,-0.16],"_shiftlockState":true,"_pose":"Running","_animationQueue":[],"_animationSpeed":1.103,"_zoom":16.125},{"_mousePosition":[683,384],"_rootPartCFrame":[753.257,236.718,44.401,-0.922,0,-0.388,0,1,0,0.388,0,-0.922],"_humanoidState":8,"_cameraCFrame":[750.563,254.098,42.492,-0.923,0.38,-0.067,0,0.174,0.985,0.385,0.909,-0.16],"_shiftlockState":true,"_pose":"Running","_animationQueue":[],"_animationSpeed":1.103,"_zoom":16.125},{"_mousePosition":[683,384],"_rootPartCFrame":[753.073,236.718,44.479,-0.923,0,-0.385,0,1,0,0.385,0,-0.923],"_humanoidState":8,"_cameraCFrame":[750.379,254.098,42.57,-0.923,0.38,-0.067,0,0.174,0.985,0.385,0.909,-0.16],"_shiftlockState":true,"_pose":"Running","_animationQueue":[],"_animationSpeed":1.103,"_zoom":16.125},{"_mousePosition":[683,384],"_rootPartCFrame":[752.766,237.802,44.608,-0.923,0,-0.385,0,1,0,0.385,0,-0.923],"_humanoidState":3,"_cameraCFrame":[750.071,255.182,42.699,-0.923,0.38,-0.067,0,0.174,0.985,0.385,0.909,-0.16],"_shiftlockState":true,"_pose":"Jumping","_animationQueue":[["walk",0.1],["jump",0.1]],"_animationSpeed":1,"_zoom":16.125},{"_mousePosition":[683,384],"_rootPartCFrame":[752.52,238.61,44.711,-0.954,0,-0.299,0,1,0,0.299,0,-0.954],"_humanoidState":5,"_cameraCFrame":[749.825,255.99,42.802,-0.923,0.38,-0.067,0,0.174,0.985,0.385,0.909,-0.16],"_shiftlockState":true,"_pose":"FreeFall","_animationQueue":[["jump",0.1]],"_animationSpeed":1,"_zoom":16