[{"_mousePosition":[703,284],"_rootPartCFrame":[776.032,222.7,47.142,0,0,1,0,1,0,-1,0,0],"_humanoidState":8,"_cameraCFrame":[781.497,239.37,47.255,0.021,-0.941,0.339,0,0.339,0.941,-1,-0.019,0.007],"_shiftlockState":false,"_pose":"Standing","_animationQueue":[],"_animationSpeed":1,"_zoom":16.125},{"_mousePosition":[703,284],"_rootPartCFrame":[775.785,222.695,47.137,0.003,0,1,0,1,0,-1,0,0.003],"_humanoidState":8,"_cameraCFrame":[781.25,239.366,47.25,0.021,-0.941,0.339,0,0.339,0.941,-1,-0.019,0.007],"_shiftlockState":false,"_pose":"Standing","_animationQueue":[],"_animationSpeed":1,"_zoom":16.125},{"_mousePosition":[703,284],"_rootPartCFrame":[775.653,222.696,47.134,0.004,0,1,0,1,0,-1,0,0.004],"_humanoidState":8,"_cameraCFrame":[781.118,239.366,47.247,0.021,-0.941,0.339,0,0.339,0.941,-1,-0.019,0.007],"_shiftlockState":false,"_pose":"Running","_animationQueue":[["walk",0.1]],"_animationSpeed":1.066,"_zoom":16.125},{"_mousePosition":[703,284],"_rootPartCFrame":[775.386,222.698,47.129,0.006,0,1,0,1,0,-1,0,0.006],"_humanoidState":8,"_cameraCFrame":[780.851,239.368,47.242,0.021,-0.941,0.339,0,0.339,0.941,-1,-0.019,0.007],"_shiftlockState":false,"_pose":"Running","_animationQueue":[],"_animationSpeed":1.066,"_zoom":16.125},{"_mousePosition":[703,284],"_rootPartCFrame":[775.12,222.699,47.123,0.008,0,1,0,1,0,-1,0,0.008],"_humanoidState":8,"_cameraCFrame":[780.555,239.379,47.235,0.021,-0.941,0.337,0,0.337,0.941,-1,-0.019,0.007],"_shiftlockState":false,"_pose":"Running","_animationQueue":[],"_animationSpeed":1.066,"_zoom":16.125},{"_mousePosition":[703,284],"_rootPartCFrame":[774.72,222.699,47.115,0.011,0,1,0,1,0,-1,0,0.011],"_humanoidState":8,"_cameraCFrame":[780.125,239.391,47.24,0.023,-0.942,0.335,0,0.335,0.942,-1,-0.022,0.008],"_shiftlockState":false,"_pose":"Running","_animationQueue":[],"_animationSpeed":1.066,"_zoom":16.125},{"_mousePosition":[703,284],"_rootPartCFrame":[774.586,222.699,47.112,0.011,0,1,0,1,0,-1,0,0.011],"_humanoidState":8,"_cameraCFrame":[779.962,239.401,47.25,0.026,-0.942,0.333,0,0.333,0.943,-1,-0.024,0.009],"_shiftlockState":false,"_pose":"Running","_animationQueue":[],"_animationSpeed":1.066,"_zoom":16.125},{"_mousePosition":[703,284],"_rootPartCFrame":[774.186,222.7,47.103,0.014,0,1,0,1,0,-1,0,0.014],"_humanoidState":8,"_cameraCFrame":[779.532,239.412,47.254,0.028,-0.943,0.332,0,0.332,0.943,-1,-0.027,0.009],"_shiftlockState":false,"_pose":"Running","_animationQueue":[["walk",0.1]],"_animationSpeed":1.066,"_zoom":16.125},{"_mousePosition":[703,284],"_rootPartCFrame":[773.92,222.7,47.096,0.015,0,1,0,1,0,-1,0,0.015],"_humanoidState":8,"_cameraCFrame":[779.236,239.422,47.26,0.031,-0.944,0.33,0,0.33,0.944,-1,-0.029,0.01],"_shiftlockState":false,"_pose":"Running","_animationQueue":[],"_animationSpeed":1.066,"_zoom":16.125},{"_mousePosition":[703,284],"_rootPartCFrame":[773.653,222.7,47.089,0.017,0,1,0,1,0,-1,0,0.017],"_humanoidState":8,"_cameraCFrame":[778.939,239.433,47.265,0.033,-0.944,0.328,0,0.328,0.945,-0.999,-0.031,0.011],"_shiftlockState":false,"_pose":"Running","_animationQueue":[],"_animationSpeed":1.066,"_zoom":16.125},{"_mousePosition":[703,284],"_rootPartCFrame":[773.387,222.7,47.08,0.019,0,1,0,1,0,-1,0,0.019],"_humanoidState":8,"_cameraCFrame":[778.642,239.443,47.269,0.036,-0.945,0.326,0,0.326,0.945,-0.999,-0.034,0.012],"_shiftlockState":false,"_pose":"Running","_animationQueue":[],"_animationSpeed":1.066,"_zoom":16.125},{"_mousePosition":[703,284],"_rootPartCFrame":[773.12,222.7,47.072,0.021,0,1,0,1,0,-1,0,0.021],"_humanoidState":8,"_cameraCFrame":[778.315,239.463,47.284,0.041,-0.946,0.322,0,0.322,0.947,-0.999,-0.039,0.013],"_shiftlockState":false,"_pose":"Running","_animationQueue":[],"_animationSpeed":1.066,"_zoom":16.125},{"_mousePosition":[703,284],"_rootPartCFrame":[772.987,222.7,47.067,0.022,0,1,0,1,0,-1,0,0.022],"_humanoidState":8,"_cameraCFrame":[778.15,239.473,47.317,0.048,-0.946,0.32,0,0.321,0.947,-0.999,-0.046,0.016],"_shiftlockState":false,"_pose":"Running","_animationQueue":[],"_animationSpeed":1.066,"_zoom":16.125},{"_mousePosition":[703,284],"_rootPartCFrame":[772.587,222.7,47.051,0.026,0,1,0,1,0,-1,0,0.026],"_humanoidState":8,"_cameraCFrame":[777.689,239.494,47.337,0.056,-0.947,0.316,0,0.317,0.948,-0.998,-0.053,0.018],"_shiftlockState":false,"_pose":"Running","_animationQueue":[["walk",0.1]],"_animationSpeed":1.066,"_zoom":16.125},{"_mousePosition":[703,284],"_rootPartCFrame":[772.321,222.7,47.038,0.029,0,1,0,1,0,-1,0,0.029],"_humanoidState":8,"_cameraCFrame":[777.392,239.503,47.348,0.061,-0.947,0.314,0,0.315,0.949,-0.998,-0.058,0.019],"_shiftlockState":false,"_pose":"Running","_animationQueue":[],"_animationSpeed":1.066,"_zoom":16.125},{"_mousePosition":[703,284],"_rootPartCFrame":[772.188,222.7,47.031,0.03,0,1,0,1,0,-1,0,0.03],"_humanoidState":8,"_cameraCFrame":[777.196,239.523,47.375,0.069,-0.948,0.311,0,0.311,0.95,-0.998,-0.065,0.021],"_shiftlockState":false,"_pose":"Running","_animationQueue":[],"_animationSpeed":1.066,"_zoom":16.125},{"_mousePosition":[703,284],"_rootPartCFrame":[771.788,222.7,47.006,0.036,0,0.999,0,1,0,-0.999,0,0.036],"_humanoidState":8,"_cameraCFrame":[776.766,239.533,47.374,0.074,-0.948,0.309,0,0.31,0.951,-0.997,-0.07,0.023],"_shiftlockState":false,"_pose":"Running","_animationQueue":[],"_animationSpeed":1.066,"_zoom":16.125},{"_mousePosition":[703,284],"_rootPartCFrame":[771.655,222.7,46.997,0.039,0,0.999,0,1,0,-0.999,0,0.039],"_humanoidState":8,"_cameraCFrame":[776.538,239.562,47.42,0.086,-0.949,0.303,0,0.304,0.953,-0.996,-0.082,0.026],"_shiftlockState":false,"_pose":"Running","_animationQueue":[],"_animationSpeed":1.066,"_zoom":16.125},{"_mousePosition":[703,284],"_rootPartCFrame":[771.323,223.783,46.975,0.044,0,0.999,0,1,0,-0.999,0,0.044],"_humanoidState":3,"_cameraCFrame":[776.113,240.674,47.427,0.094,-0.95,0.297,0,0.298,0.954,-0.996,-0.09,0.028],"_shiftlockState":false,"_pose":"Jumping","_animationQueue":[["walk",0.1],["jump",0.1]],"_animationSpeed":1,"_zoom":16.125},{"_mousePosition":[703,284],"_rootPartCFrame":[771.057,224.592,46.952,0.049,0,0.999,0,1,0,-0.999,0,0.049],"_humanoidState":5,"_cameraCFrame":[775.782,241.501,47.446,0.104,-0.95,0.293,0,0.295,0.956,-0.995,-0.099,0.031],"_shiftlockState":false,"_pose":"FreeFall","_animationQueue":[["jump",0.1]],"_animationSpeed":1,"_zoom":16.125},{"_mousePosition":[703,284],"_rootPartCFrame":[770.858,225.162,46.934,0.053,0,0.999,0,1,0,-0.999,0,0.053],"_humanoidState":5,"_cameraCFrame":[775.521,242.09,47.445,0.109,-0.951,0.289,0,0.291,0.957,-0.994,-0.104,0.032],"_shiftlockState":false,"_pose":"FreeFall","_animationQueue":[],"_animationSpeed":1,"_zoom":16.125},{"_mousePosition":[703,284],"_rootPartCFrame":[770.526,226.045,46.9,0.062,0,0.998,0,1,0,-0.998,0,0.062],"_humanoidState":5,"_cameraCFrame":[775.189,242.973,47.411,0.109,-0.951,0.289,0,0.291,0.957,-0.994,-0.104,0.032],"_shiftlockState":false,"_pose":"FreeFall","_animationQueue":[],"_animationSpeed":1,"_zoom":16.125},{"_mousePosition":[703,284],"_rootPartCFrame":[770.328,226.534,46.878,0.066,0,0.998,0,1,0,-0.998,0,0.066],"_humanoidState":5,"_cameraCFrame":[774.991,243.461,47.389,0.109,-0.951,0.289,0,0.291,0.957,-0.994,-0.104,0.032],"_shiftlockState":false,"_pose":"FreeFall","_animationQueue":[],"_animationSpeed":1,"_zoom":16.125},{"_mousePosition":[703,284],"_rootPartCFrame":[770.062,227.138,46.849,0.072,0,0.997,0,1,0,-0.997,0,0.072],"_humanoidState":5,"_cameraCFrame":[774.694,244.075,47.369,0.112,-0.951,0.287,0,0.289,0.957,-0.994,-0.107,0.032],"_shiftlockState":false,"_pose":"FreeFall","_animationQueue":[],"_animationSpeed":1,"_zoom":16.125},{"_mousePosition":[703,284],"_rootPartCFrame":[769.797,227.687,46.82,0.078,0,0.997,0,1,0,-0.997,0,0.078],"_humanoidState":5,"_cameraCFrame":[774.429,244.624,47.34,0.112,-0.951,0.287,0,0.289,0.957,-0.994,-0.107,0.032],"_shiftlockState":false,"_pose":"FreeFall","_animationQueue":[],"_animationSpeed":1,"_zoom":16.125},{"_mousePosition":[703,284],"_rootPartCFrame":[769.532,228.182,46.79,0.082,0,0.997,0,1,0,-0.997,0,0.082],"_humanoidState":5,"_cameraCFrame":[774.134,245.128,47.307,0.112,-0.952,0.285,0,0.287,0.958,-0.994,-0.107,0.032],"_shiftlockState":false,"_pose":"FreeFall","_animationQueue":[],"_animationSpeed":1,"_zoom":16.125},{"_mousePosition":[703,284],"_rootPartCFrame":[769.267,228.623,46.761,0.086,0,0.996,0,1,0,-0.996,0,0.086],"_humanoidState":5,"_cameraCFrame":[773.839,245.578,47.274,0.112,-0.952,0.284,0,0.285,0.958,-0.994,-0.107,0.032],"_shiftlockState":false,"_pose":"FreeFall","_animationQueue":[],"_animationSpeed":1,"_zoom":16.125},{"_mousePosition":[703,284],"_rootPartCFrame":[768.936,229.097,46.723,0.091,0,0.996,0,1,0,-0.996,0,0.091],"_humanoidState":5,"_cameraCFrame":[773.478,246.061,47.233,0.112,-0.953,0.282,0,0.283,0.959,-0.994,-0.107,0.032],"_shiftlockState":false,"_pose":"FreeFall","_animationQueue":[],"_animationSpeed":1,"_zoom":16.125},{"_mousePosition":[703,284],"_rootPartCFrame":[768.738,229.34,46.701,0.093,0,0.996,0,1,0,-0.996,0,0.093],"_humanoidState":5,"_cameraCFrame":[773.25,246.313,47.208,0.112,-0.954,0.28,0,0.282,0.96,-0.994,-0.107,0.031],"_shiftlockState":false,"_pose":"FreeFall","_animationQueue":[],"_animationSpeed":1,"_zoom":16.125},{"_mousePosition":[703,284],"_rootPartCFrame":[768.473,229.617,46.671,0.096,0,0.995,0,1,0,-0.995,0,0.096],"_humanoidState":5,"_cameraCFrame":[772.955,246.599,47.174,0.112,-0.954,0.278,0,0.28,0.96,-0.994,-0.107,0.031],"_shiftlockState":false,"_pose":"FreeFall","_animationQueue":[],"_animationSpeed":1,"_zoom":16.125},{"_mousePosition":[703,284],"_rootPartCFrame":[768.142,229.887,46.634,0.098,0,0.995,0,1,0,-0.995,0,0.098],"_humanoidState":5,"_cameraCFrame":[772.624,246.868,47.137,0.112,-0.954,0.278,0,0.28,0.96,-0.994,-0.107,0.031],"_shiftlockState":false,"_pose":"FreeFall","_animationQueue":[],"_animationSpeed":1,"_zoom":16.125},{"_mousePosition":[703,284],"_rootPartCFrame":[767.877,230.042,46.605,0.1,0,0.995,0,1,0,-0.995,0,0.1],"_humanoidState":5,"_cameraCFrame":[772.329,247.032,47.104,0.112,-0.955,0.276,0,0.278,0.961,-0.994,-0.107,0.031],"_shiftlockState":false,"_pose":"FreeFall","_animationQueue":[],"_animationSpeed":1,"_zoom":16.125},{"_mousePosition":[703,284],"_rootPartCFrame":[767.678,230.122,46.582,0.101,0,0.995,0,1,0,-0.995,0,0.101],"_humanoidState":5,"_cameraCFrame":[772.13,247.112,47.082,0.112,-0.955,0.276,0,0.278,0.961,-0.994,-0.107,0.031],"_shiftlockState":false,"_pose":"FreeFall","_animationQueue":[],"_animationSpeed":1,"_zoom":16.125},{"_mousePosition":[703,284],"_rootPartCFrame":[767.413,230.181,46.552,0.103,0,0.995,0,1,0,-0.995,0,0.103],"_humanoidState":5,"_cameraCFrame":[771.837,247.179,47.038,0.109,-0.955,0.274,0,0.276,0.961,-0.994,-0.105,0.03],"_shiftlockState":false,"_pose":"FreeFall","_animationQueue":[["fall",0.3]],"_animationSpeed":1,"_zoom":16.125},{"_mousePosition":[703,284],"_rootPartCFrame":[767.148,230.185,46.523,0.104,0,0.995,0,1,0,-0.995,0,0.104],"_humanoidState":5,"_cameraCFrame":[771.543,247.193,46.993,0.106,-0.956,0.273,0,0.274,0.962,-0.994,-0.102,0.029],"_shiftlockState":false,"_pose":"FreeFall","_animationQueue":[],"_animationSpeed":1,"_zoom":16.125},{"_mousePosition":[703,284],"_rootPartCFrame":[766.883,230.135,46.494,0.105,0,0.994,0,1,0,-0.994,0,0.105],"_humanoidState":5,"_cameraCFrame":[771.28,247.143,46.942,0.101,-0.957,0.273,0,0.274,0.962,-0.995,-0.098,0.028],"_shiftlockState":false,"_pose":"FreeFall","_animationQueue":[],"_animationSpeed":1,"_zoom":16.125},{"_mousePosition":[703,284],"_rootPartCFrame":[766.618,230.031,46.465,0.105,0,0.994,0,1,0,-0.994,0,0.105],"_humanoidState":5,"_cameraCFrame":[770.987,247.047,46.888,0.096,-0.958,0.271,0,0.272,0.962,-0.995,-0.093,0.026],"_shiftlockState":false,"_pose":"FreeFall","_animationQueue":[],"_animationSpeed":1,"_zoom":16.125},{"_mousePosition":[703,284],"_rootPartCFrame":[766.353,229.872,46.438,0.105,0,0.994,0,1,0,-0.994,0,0.105],"_humanoidState":5,"_cameraCFrame":[770.725,246.888,46.828,0.089,-0.958,0.271,0,0.272,0.962,-0.996,-0.086,0.024],"_shiftlockState":false,"_pose":"FreeFall","_animationQueue":[],"_animationSpeed":1,"_zoom":16.125},{"_mousePosition":[703,284],"_rootPartCFrame":[766.087,229.658,46.412,0.104,0,0.995,0,1,0,-0.995,0,0.104],"_humanoidState":5,"_cameraCFrame":[770.462,246.674,46.769,0.081,-0.959,0.271,0,0.272,0.962,-0.997,-0.078,0.022],"_shiftlockState":false,"_pose":"FreeFall","_animationQueue":[],"_animationSpeed":1,"_zoom":16.125},{"_mousePosition":[703,284],"_rootPartCFrame":[765.755,229.315,46.382,0.102,0,0.995,0,1,0,-0.995,0,0.102],"_humanoidState":5,"_cameraCFrame":[770.134,246.331,46.695,0.071,-0.96,0.272,0,0.272,0.962,-0.997,-0.069,0.019],"_shiftlockState":false,"_pose":"FreeFall","_animationQueue":[["fall",0.3]],"_animationSpeed":1,"_zoom":16.125},{"_mousePosition":[703,284],"_rootPartCFrame":[765.556,229.068,46.365,0.1,0,0.995,0,1,0,-0.995,0,0.1],"_humanoidState":5,"_cameraCFrame":[769.937,246.084,46.634,0.061,-0.96,0.272,0,0.272,0.962,-0.998,-0.059,0.017],"_shiftlockState":false,"_pose":"FreeFall","_animationQueue":[],"_animationSpeed":1,"_zoom":16.125},{"_mousePosition":[703,284],"_rootPartCFrame":[765.29,228.691,46.346,0.097,0,0.995,0,1,0,-0.995,0,0.097],"_humanoidState":5,"_cameraCFrame":[769.676,245.707,46.525,0.041,-0.961,0.272,0,0.272,0.962,-0.999,-0.039,0.011],"_shiftlockState":false,"_pose":"FreeFall","_animationQueue":[],"_animationSpeed":1,"_zoom":16.125},{"_mousePosition":[703,284],"_rootPartCFrame":[764.957,228.143,46.325,0.091,0,0.996,0,1,0,-0.996,0,0.091],"_humanoidState":5,"_cameraCFrame":[769.345,245.159,46.46,0.031,-0.962,0.272,0,0.272,0.962,-1,-0.03,0.008],"_shiftlockState":false,"_pose":"FreeFall","_animationQueue":[],"_animationSpeed":1,"_zoom":16.125},{"_mousePosition":[703,284],"_rootPartCFrame":[764.758,227.773,46.316,0.087,0,0.996,0,1,0,-0.996,0,0.087],"_humanoidState":5,"_cameraCFrame":[769.146,244.789,46.407,0.021,-0.962,0.272,0,0.272,0.962,-1,-0.02,0.006],"_shiftlockState":false,"_pose":"FreeFall","_animationQueue":[],"_animationSpeed":1,"_zoom":16.125},{"_mousePosition":[703,284],"_rootPartCFrame":[764.491,227.233,46.308,0.08,0,0.997,0,1,0,-0.997,0,0.08],"_humanoidState":5,"_cameraCFrame":[768.88,244.249,46.376,0.016,-0.962,0.272,0,0.272,0.962,-1,-0.015,0.004],"_shiftlockState":false,"_pose":"FreeFall","_animationQueue":[],"_animationSpeed":1,"_zoom":16.125},{"_mousePosition":[703,284],"_rootPartCFrame":[764.224,226.638,46.302,0.072,0,0.997,0,1,0,-0.997,0,0.072],"_humanoidState":5,"_cameraCFrame":[768.614,243.654,46.359,0.013,-0.962,0.272,0,0.272,0.962,-1,-0.013,0.004],"_shiftlockState":false,"_pose":"FreeFall","_animationQueue":[],"_animationSpeed":1,"_zoom":16.125},{"_mousePosition":[703,284],"_rootPartCFrame":[763.958,225.988,46.297,0.064,0,0.998,0,1,0,-0.998,0,0.064],"_humanoidState":5,"_cameraCFrame":[768.347,243.004,46.332,0.008,-0.962,0.272,0,0.272,0.962,-1,-0.008,0.002],"_shiftlockState":false,"_pose":"FreeFall","_animationQueue":[["fall",0.3]],"_animationSpeed":1,"_zoom":16.125},{"_mousePosition":[703,284],"_rootPartCFrame":[763.691,225.284,46.294,0.057,0,0.998,0,1,0,-0.998,0,0.057],"_humanoidState":5,"_cameraCFrame":[768.111,242.292,46.273,-0.005,-0.962,0.274,0,0.274,0.962,-1,0.004,-0.001],"_shiftlockState":false,"_pose":"FreeFall","_animationQueue":[],"_animationSpeed":1,"_zoom":16.125},{"_mousePosition":[703,284],"_rootPartCFrame":[763.425,224.526,46.291,0.051,0,0.999,0,1,0,-0.999,0,0.051],"_humanoidState":5,"_cameraCFrame":[767.843,241.533,46.17,-0.027,-0.961,0.274,0,0.274,0.962,-1,0.026,-0.008],"_shiftlockState":false,"_pose":"FreeFall","_animationQueue":[],"_animationSpeed":1,"_zoom":16.125},{"_mousePosition":[703,284],"_rootPartCFrame":[763.091,223.501,46.293,0.042,0,0.999,0,1,0,-0.999,0,0.042],"_humanoidState":5,"_cameraCFrame":[767.502,240.509,46.015,-0.063,-0.96,0.274,0,0.274,0.962,-0.998,0.06,-0.017],"_shiftlockState":false,"_pose":"FreeFall","_animationQueue":[],"_animationSpeed":1,"_zoom":16.125},{"_mousePosition":[703,284],"_rootPartCFrame":[762.891,223.381,46.297,0.035,0,0.999,0,1,0,-0.999,0,0.035],"_humanoidState":7,"_cameraCFrame":[767.286,240.388,45.83,-0.106,-0.956,0.273,0,0.274,0.962,-0.994,0.102,-0.029],"_shiftlockState":false,"_pose":"FreeFall","_animationQueue":[["walk",0.1],["fall",0.3],["fall",0.3]],"_animationSpeed":1,"_zoom":16.125},{"_mousePosition":[703,284],"_rootPartCFrame":[762.559,223.374,46.317,0.02,0,1,0,1,0,-1,0,0.02],"_humanoidState":7,"_cameraCFrame":[766.928,240.382,45.65,-0.151,-0.951,0.271,0,0.274,0.962,-0.989,0.145,-0.041],"_shiftlockState":false,"_pose":"FreeFall","_animationQueue":[],"_animationSpeed":1,"_zoom":16.125},{"_mousePosition":[703,284],"_rootPartCFrame":[762.227,223.23,46.35,0,0,1,0,1,0,-1,0,0],"_humanoidState":8,"_cameraCFrame":[766.557,240.238,45.463,-0.201,-0.942,0.269,0,0.274,0.962,-0.98,0.193,-0.055],"_shiftlockState":false,"_pose":"Running","_animationQueue":[["fall",0.3],["walk",0.1],["fall",0.3],["walk",0.1]],"_animationSpeed":1.103,"_zoom":16.125},{"_mousePosition":[703,284],"_rootPartCFrame":[762.028,223.889,46.372,-0.012,0,1,0,1,0,-1,0,-0.012],"_humanoidState":3,"_cameraCFrame":[766.281,240.897,45.169,-0.272,-0.925,0.264,0,0.274,0.962,-0.962,0.262,-0.075],"_shiftlockState":false,"_pose":"Jumping","_animationQueue":[["walk",0.1],["jump",0.1]],"_animationSpeed":1,"_zoom":16.125},{"_mousePosition":[703,284],"_rootPartCFrame":[761.766,224.725,46.419,-0.035,0,0.999,0,1,0,-0.999,0,-0.035],"_humanoidState":5,"_cameraCFrame":[765.924,241.741,45.013,-0.32,-0.912,0.258,0,0.272,0.962,-0.947,0.308,-0.087],"_shiftlockState":false,"_pose":"FreeFall","_animationQueue":[["jump",0.1]],"_animationSpeed":1,"_zoom":16.125},{"_mousePosition":[703,284],"_rootPartCFrame":[761.508,225.506,46.487,-0.065,0,0.998,0,1,0,-0.998,0,-0.065],"_humanoidState":5,"_cameraCFrame":[765.534,242.539,44.895,-0.368,-0.896,0.25,0,0.268,0.963,-0.93,0.354,-0.099],"_shiftlockState":false,"_pose":"FreeFall","_animationQueue":[],"_animationSpeed":1,"_zoom":16.125},{"_mousePosition":[703,284],"_rootPartCFrame":[761.255,226.233,46.571,-0.098,0,0.995,0,1,0,-0.995,0,-0.098],"_humanoidState":5,"_cameraCFrame":[765.204,243.266,44.797,-0.41,-0.879,0.245,0,0.268,0.963,-0.912,0.395,-0.11],"_shiftlockState":false,"_pose":"FreeFall","_animationQueue":[],"_animationSpeed":1,"_zoom":16.125},{"_mousePosition":[703,284],"_rootPartCFrame":[760.945,227.064,46.692,-0.143,0,0.99,0,1,0,-0.99,0,-0.143],"_humanoidState":5,"_cameraCFrame":[764.786,244.106,44.763,-0.449,-0.861,0.238,0,0.267,0.964,-0.894,0.432,-0.12],"_shiftlockState":false,"_pose":"FreeFall","_animationQueue":[],"_animationSpeed":1,"_zoom":16.125},{"_mousePosition":[703,284],"_rootPartCFrame":[760.761,227.522,46.772,-0.171,0,0.985,0,1,0,-0.985,0,-0.171],"_humanoidState":5,"_cameraCFrame":[764.522,244.564,44.689,-0.484,-0.843,0.233,0,0.267,0.964,-0.875,0.467,-0.129],"_shiftlockState":false,"_pose":"FreeFall","_animationQueue":[],"_animationSpeed":1,"_zoom":16.125},{"_mousePosition":[703,284],"_rootPartCFrame":[760.463,228.218,46.92,-0.218,0,0.976,0,1,0,-0.976,0,-0.218],"_humanoidState":5,"_cameraCFrame":[764.121,245.268,44.721,-0.515,-0.827,0.227,0,0.265,0.964,-0.857,0.497,-0.136],"_shiftlockState":false,"_pose":"FreeFall","_animationQueue":[],"_animationSpeed":1,"_zoom":16.125},{"_mousePosition":[703,284],"_rootPartCFrame":[760.229,228.713,47.048,-0.255,0,0.967,0,1,0,-0.967,0,-0.255],"_humanoidState":5,"_cameraCFrame":[763.807,245.763,44.721,-0.545,-0.808,0.222,0,0.265,0.964,-0.838,0.526,-0.144],"_shiftlockState":false,"_pose":"FreeFall","_animationQueue":[],"_animationSpeed":1,"_zoom":16.125},{"_mousePosition":[703,284],"_rootPartCFrame":[760.057,229.048,47.149,-0.283,0,0.959,0,1,0,-0.959,0,-0.283],"_humanoidState":5,"_cameraCFrame":[763.507,246.115,44.741,-0.572,-0.792,0.214,0,0.261,0.965,-0.82,0.553,-0.149],"_shiftlockState":false,"_pose":"FreeFall","_animationQueue":[],"_animationSpeed":1,"_zoom":16.125},{"_mousePosition":[703,284],"_rootPartCFrame":[759.832,229.448,47.294,-0.319,0,0.948,0,1,0,-0.948,0,-0.319],"_humanoidState":5,"_cameraCFrame":[763.178,246.531,44.843,-0.591,-0.78,0.207,0,0.257,0.966,-0.807,0.571,-0.152],"_shiftlockState":false,"_pose":"FreeFall","_animationQueue":[],"_animationSpeed":1,"_zoom":16.125},{"_mousePosition":[703,284],"_rootPartCFrame":[759.613,229.793,47.445,-0.355,0,0.935,0,1,0,-0.935,0,-0.355],"_humanoidState":5,"_cameraCFrame":[762.885,246.892,44.997,-0.599,-0.775,0.203,0,0.253,0.967,-0.801,0.58,-0.152],"_shiftlockState":false,"_pose":"FreeFall","_animationQueue":[],"_animationSpeed":1,"_zoom":16.125},{"_mousePosition":[703,284],"_rootPartCFrame":[759.397,230.084,47.602,-0.389,0,0.921,0,1,0,-0.921,0,-0.389],"_humanoidState":5,"_cameraCFrame":[762.62,247.198,45.19,-0.599,-0.775,0.2,0,0.25,0.968,-0.801,0.58,-0.15],"_shiftlockState":false,"_pose":"FreeFall","_animationQueue":[],"_animationSpeed":1,"_zoom":16.125},{"_mousePosition":[703,284],"_rootPartCFrame":[759.184,230.32,47.761,-0.42,0,0.908,0,1,0,-0.908,0,-0.42],"_humanoidState":5,"_cameraCFrame":[762.351,247.458,45.428,-0.593,-0.781,0.196,0,0.244,0.97,-0.805,0.575,-0.145],"_shiftlockState":false,"_pose":"FreeFall","_animationQueue":[],"_animationSpeed":1,"_zoom":16.125},{"_mousePosition":[703,284],"_rootPartCFrame":[758.917,230.538,47.961,-0.453,0,0.892,0,1,0,-0.892,0,-0.453],"_humanoidState":5,"_cameraCFrame":[762.125,247.676,45.685,-0.579,-0.791,0.199,0,0.244,0.97,-0.816,0.561,-0.141],"_shiftlockState":false,"_pose":"FreeFall","_animationQueue":[],"_animationSpeed":1,"_zoom":16.125},{"_mousePosition":[703,284],"_rootPartCFrame":[758.702,230.652,48.12,-0.474,0,0.881,0,1,0,-0.881,0,-0.474],"_humanoidState":5,"_cameraCFrame":[761.984,247.79,45.95,-0.552,-0.809,0.204,0,0.244,0.97,-0.834,0.535,-0.135],"_shiftlockState":false,"_pose":"FreeFall","_animationQueue":[],"_animationSpeed":1,"_zoom":16.125},{"_mousePosition":[703,284],"_rootPartCFrame":[758.485,230.711,48.274,-0.49,0,0.872,0,1,0,-0.872,0,-0.49],"_humanoidState":5,"_cameraCFrame":[761.836,247.856,46.272,-0.513,-0.833,0.208,0,0.242,0.97,-0.858,0.498,-0.124],"_shiftlockState":false,"_pose":"FreeFall","_animationQueue":[],"_animationSpeed":1,"_zoom":16.125},{"_mousePosition":[703,284],"_rootPartCFrame":[758.319,230.72,48.386,-0.498,0,0.867,0,1,0,-0.867,0,-0.498],"_humanoidState":5,"_cameraCFrame":[761.758,247.872,46.604,-0.46,-0.862,0.213,0,0.24,0.971,-0.888,0.446,-0.11],"_shiftlockState":false,"_pose":"FreeFall","_animationQueue":[],"_animationSpeed":1,"_zoom":16.125},{"_mousePosition":[703,284],"_rootPartCFrame":[758.091,230.683,48.524,-0.502,0,0.865,0,1,0,-0.865,0,-0.502],"_humanoidState":5,"_cameraCFrame":[761.648,247.836,46.991,-0.396,-0.891,0.221,0,0.24,0.971,-0.918,0.384,-0.095],"_shiftlockState":false,"_pose":"FreeFall","_animationQueue":[],"_animationSpeed":1,"_zoom":16.125},{"_mousePosition":[703,284],"_rootPartCFrame":[757.796,230.561,48.68,-0.498,0,0.867,0,1,0,-0.867,0,-0.498],"_humanoidState":5,"_cameraCFrame":[761.427,247.722,47.421,-0.327,-0.918,0.225,0,0.238,0.971,-0.945,0.318,-0.078],"_shiftlockState":false,"_pose":"FreeFall","_animationQueue":[],"_animationSpeed":1,"_zoom":16.125},{"_mousePosition":[703,284],"_rootPartCFrame":[757.582,230.402,48.791,-0.497,0,0.868,0,1,0,-0.868,0,-0.497],"_humanoidState":5,"_cameraCFrame":[761.268,247.57,47.819,-0.255,-0.94,0.229,0,0.236,0.972,-0.967,0.248,-0.06],"_shiftlockState":false,"_pose":"FreeFall","_animationQueue":[["fall",0.3]],"_animationSpeed":1,"_zoom":16.125},{"_mousePosition":[703,284],"_rootPartCFrame":[757.444,230.247,48.863,-0.496,0,0.868,0,1,0,-0.868,0,-0.496],"_humanoidState":5,"_cameraCFrame":[761.133,247.43,48.184,-0.181,-0.957,0.229,0,0.233,0.973,-0.984,0.176,-0.042],"_shiftlockState":false,"_pose":"FreeFall","_animationQueue":[],"_animationSpeed":1,"_zoom":16.125},{"_mousePosition":[703,284],"_rootPartCFrame":[757.291,229.993,48.942,-0.496,0,0.868,0,1,0,-0.868,0,-0.496],"_humanoidState":5,"_cameraCFrame":[760.958,247.19,48.533,-0.111,-0.967,0.227,0,0.229,0.973,-0.994,0.108,-0.025],"_shiftlockState":false,"_pose":"FreeFall","_animationQueue":[],"_animationSpeed":1,"_zoom":16.125},{"_mousePosition":[703,284],"_rootPartCFrame":[757.173,229.684,49.003,-0.496,0,0.868,0,1,0,-0.868,0,-0.496],"_humanoidState":5,"_cameraCFrame":[760.768,246.902,48.859,-0.04,-0.974,0.223,0,0.223,0.975,-0.999,0.039,-0.009],"_shiftlockState":false,"_pose":"FreeFall","_animationQueue":[],"_animationSpeed":1,"_zoom":16.125},{"_mousePosition":[703,284],"_rootPartCFrame":[757.09,229.321,49.046,-0.496,0,0.868,0,1,0,-0.868,0,-0.496],"_humanoidState":5,"_cameraCFrame":[760.596,246.56,49.127,0.023,-0.976,0.217,0,0.217,0.976,-1,-0.023,0.005],"_shiftlockState":false,"_pose":"FreeFall","_animationQueue":[],"_animationSpeed":1,"_zoom":16.125},{"_mousePosition":[703,284],"_rootPartCFrame":[757.043,228.903,49.07,-0.496,0,0.868,0,1,0,-0.868,0,-0.496],"_humanoidState":5,"_cameraCFrame":[760.408,246.169,49.422,0.104,-0.972,0.209,0,0.21,0.978,-0.995,-0.102,0.022],"_shiftlockState":false,"_pose":"FreeFall","_animationQueue":[],"_animationSpeed":1,"_zoom":16.125},{"_mousePosition":[703,284],"_rootPartCFrame":[756.964,228.304,49.088,-0.437,0,0.899,0,1,0,-0.899,0,-0.437],"_humanoidState":5,"_cameraCFrame":[760.247,245.583,49.592,0.152,-0.967,0.204,0,0.206,0.979,-0.988,-0.148,0.031],"_shiftlockState":false,"_pose":"FreeFall","_animationQueue":[["fall",0.3]],"_animationSpeed":1,"_zoom":16.125},{"_mousePosition":[703,284],"_rootPartCFrame":[756.856,227.763,49.096,-0.371,0,0.928,0,1,0,-0.928,0,-0.371],"_humanoidState":5,"_cameraCFrame":[760.09,245.049,49.71,0.187,-0.962,0.201,0,0.204,0.979,-0.982,-0.183,0.038],"_shiftlockState":false,"_pose":"FreeFall","_animationQueue":[],"_animationSpeed":1,"_zoom":16.125},{"_mousePosition":[703,284],"_rootPartCFrame":[756.75,227.322,49.094,-0.321,0,0.947,0,1,0,-0.947,0,-0.321],"_humanoidState":5,"_cameraCFrame":[759.932,244.614,49.807,0.219,-0.956,0.197,0,0.202,0.979,-0.976,-0.214,0.044],"_shiftlockState":false,"_pose":"FreeFall","_animationQueue":[],"_animationSpeed":1,"_zoom":16.125},{"_mousePosition":[703,284],"_rootPartCFrame":[756.577,226.686,49.08,-0.254,0,0.967,0,1,0,-0.967,0,-0.254],"_humanoidState":5,"_cameraCFrame":[759.737,243.978,49.881,0.246,-0.949,0.196,0,0.202,0.979,-0.969,-0.241,0.05],"_shiftlockState":false,"_pose":"FreeFall","_animationQueue":[],"_animationSpeed":1,"_zoom":16.125},{"_mousePosition":[703,284],"_rootPartCFrame":[756.367,225.996,49.048,-0.191,0,0.982,0,1,0,-0.982,0,-0.191],"_humanoidState":5,"_cameraCFrame":[759.509,243.288,49.922,0.268,-0.944,0.195,0,0.202,0.979,-0.963,-0.262,0.054],"_shiftlockState":false,"_pose":"FreeFall","_animationQueue":[],"_animationSpeed":1,"_zoom":16.125},{"_mousePosition":[703,284],"_rootPartCFrame":[756.125,225.251,48.995,-0.131,0,0.991,0,1,0,-0.991,0,-0.131],"_humanoidState":5,"_cameraCFrame":[759.255,242.543,49.908,0.28,-0.94,0.194,0,0.202,0.979,-0.96,-0.274,0.057],"_shiftlockState":false,"_pose":"FreeFall","_animationQueue":[],"_animationSpeed":1,"_zoom":16.125},{"_mousePosition":[703,284],"_rootPartCFrame":[755.869,224.452,48.925,-0.076,0,0.997,0,1,0,-0.997,0,-0.076],"_humanoidState":5,"_cameraCFrame":[758.994,241.744,49.854,0.285,-0.939,0.194,0,0.202,0.979,-0.959,-0.279,0.058],"_shiftlockState":false,"_pose":"FreeFall","_animationQueue":[],"_animationSpeed":1,"_zoom":16.125},{"_mousePosition":[703,284],"_rootPartCFrame":[755.612,223.598,48.851,-0.026,0,1,0,1,0,-1,0,-0.026],"_humanoidState":5,"_cameraCFrame":[758.765,240.883,49.797,0.287,-0.938,0.195,0,0.204,0.979,-0.958,-0.281,0.059],"_shiftlockState":false,"_pose":"FreeFall","_animationQueue":[["fall",0.3]],"_animationSpeed":1,"_zoom":16.125},{"_mousePosition":[703,284],"_rootPartCFrame":[755.357,223.469,48.775,0.018,0,1,0,1,0,-1,0,0.018],"_humanoidState":7,"_cameraCFrame":[758.539,240.748,49.73,0.287,-0.937,0.197,0,0.206,0.979,-0.958,-0.281,0.059],"_shiftlockState":false,"_pose":"FreeFall","_animationQueue":[["walk",0.1],["fall",0.3],["fall",0.3]],"_animationSpeed":1,"_zoom":16.125},{"_mousePosition":[703,284],"_rootPartCFrame":[755.038,223.467,48.679,0.065,0,0.998,0,1,0,-0.998,0,0.065],"_humanoidState":7,"_cameraCFrame":[758.254,240.739,49.626,0.282,-0.938,0.199,0,0.208,0.978,-0.959,-0.276,0.059],"_shiftlockState":false,"_pose":"FreeFall","_animationQueue":[],"_animationSpeed":1,"_zoom":16.125},{"_mousePosition":[703,284],"_rootPartCFrame":[754.718,223.323,48.584,0.104,0,0.995,0,1,0,-0.995,0,0.104],"_humanoidState":8,"_cameraCFrame":[757.946,240.595,49.49,0.27,-0.942,0.2,0,0.208,0.978,-0.963,-0.264,0.056],"_shiftlockState":false,"_pose":"Running","_animationQueue":[["walk",0.1],["fall",0.3],["walk",0.1]],"_animationSpeed":1.103,"_zoom":16.125},{"_mousePosition":[703,284],"_rootPartCFrame":[754.527,223.982,48.526,0.127,0,0.992,0,1,0,-0.992,0,0.127],"_humanoidState":3,"_cameraCFrame":[757.793,241.254,49.285,0.226,-0.953,0.203,0,0.208,0.978,-0.974,-0.221,0.047],"_shiftlockState":false,"_pose":"Jumping","_animationQueue":[["walk",0.1],["jump",0.1]],"_animationSpeed":1,"_zoom":16.125},{"_mousePosition":[703,284],"_rootPartCFrame":[754.27,224.818,48.453,0.149,0,0.989,0,1,0,-0.989,0,0.149],"_humanoidState":5,"_cameraCFrame":[757.566,242.09,49.071,0.184,-0.961,0.204,0,0.208,0.978,-0.983,-0.18,0.038],"_shiftlockState":false,"_pose":"FreeFall","_animationQueue":[["jump",0.1]],"_animationSpeed":1,"_zoom":16.125},{"_mousePosition":[703,284],"_rootPartCFrame":[754.011,225.599,48.391,0.163,0,0.987,0,1,0,-0.987,0,0.163],"_humanoidState":5,"_cameraCFrame":[757.333,242.871,48.841,0.134,-0.969,0.206,0,0.208,0.978,-0.991,-0.131,0.028],"_shiftlockState":false,"_pose":"FreeFall","_animationQueue":[],"_animationSpeed":1,"_zoom":16.125},{"_mousePosition":[703,284],"_rootPartCFrame":[753.684,226.498,48.328,0.169,0,0.986,0,1,0,-0.986,0,0.169],"_humanoidState":5,"_cameraCFrame":[757.022,243.771,48.635,0.091,-0.974,0.207,0,0.208,0.978,-0.996,-0.089,0.019],"_shiftlockState":false,"_pose":"FreeFall","_animationQueue":[],"_animationSpeed":1,"_zoom":16.125},{"_mousePosition":[703,284],"_rootPartCFrame":[753.486,226.997,48.3,0.168,0,0.986,0,1,0,-0.986,0,0.168],"_humanoidState":5,"_cameraCFrame":[756.833,244.27,48.496,0.059,-0.976,0.208,0,0.208,0.978,-0.998,-0.057,0.012],"_shiftlockState":false,"_pose":"FreeFall","_animationQueue":[],"_animationSpeed":1,"_zoom":16.125},{"_mousePosition":[703,284],"_rootPartCFrame":[753.22,227.615,48.273,0.16,0,0.987,0,1,0,-0.987,0,0.16],"_humanoidState":5,"_cameraCFrame":[756.571,244.888,48.402,0.038,-0.977,0.208,0,0.208,0.978,-0.999,-0.038,0.008],"_shiftlockState":false,"_pose":"FreeFall","_animationQueue":[],"_animationSpeed":1,"_zoom":16.125},{"_mousePosition":[703,284],"_rootPartCFrame":[752.954,228.178,48.257,0.148,0,0.989,0,1,0,-0.989,0,0.148],"_humanoidState":5,"_cameraCFrame":[756.305,245.451,48.385,0.038,-0.977,0.208,0,0.208,0.978,-0.999,-0.038,0.008],"_shiftlockState":false,"_pose":"FreeFall","_animationQueue":[],"_animationSpeed":1,"_zoom":16.125},{"_mousePosition":[703,284],"_rootPartCFrame":[752.688,228.687,48.245,0.134,0,0.991,0,1,0,-0.991,0,0.134],"_humanoidState":5,"_cameraCFrame":[756.038,245.96,48.374,0.038,-0.977,0.208,0,0.208,0.978,-0.999,-0.038,0.008],"_shiftlockState":false,"_pose":"FreeFall","_animationQueue":[],"_animationSpeed":1,"_zoom":16.125},{"_mousePosition":[703,284],"_rootPartCFrame":[752.355,229.246,48.233,0.117,0,0.993,0,1,0,-0.993,0,0.117],"_humanoidState":5,"_cameraCFrame":[755.705,246.519,48.361,0.038,-0.977,0.208,0,0.208,0.978,-0.999,-0.038,0.008],"_shiftlockState":false,"_pose":"FreeFall","_animationQueue":[],"_animationSpeed":1,"_zoom":16.125},{"_mousePosition":[703,284],"_rootPartCFrame":[752.089,229.632,48.222,0.106,0,0.994,0,1,0,-0.994,0,0.106],"_humanoidState":5,"_cameraCFrame":[755.439,246.905,48.351,0.038,-0.977,0.208,0,0.208,0.978,-0.999,-0.038,0.008],"_shiftlockState":false,"_pose":"FreeFall","_animationQueue":[],"_animationSpeed":1,"_zoom":16.125},{"_mousePosition":[703,284],"_rootPartCFrame":[751.889,229.886,48.215,0.099,0,0.995,0,1,0,-0.995,0,0.099],"_humanoidState":5,"_cameraCFrame":[755.24,247.158,48.318,0.031,-0.978,0.208,0,0.208,0.978,-1,-0.03,0.006],"_shiftlockState":false,"_pose":"FreeFall","_animationQueue":[],"_animationSpeed":1,"_zoom":16.125},{"_mousePosition":[703,284],"_rootPartCFrame":[751.556,230.241,48.202,0.088,0,0.996,0,1,0,-0.996,0,0.088],"_humanoidState":5,"_cameraCFrame":[754.908,247.513,48.28,0.023,-0.978,0.208,0,0.208,0.978,-1,-0.023,0.005],"_shiftlockState":false,"_pose":"FreeFall","_animationQueue":[],"_animationSpeed":1,"_zoom":16.125},{"_mousePosition":[703,284],"_rootPartCFrame":[751.289,230.463,48.194,0.081,0,0.997,0,1,0,-0.997,0,0.081],"_humanoidState":5,"_cameraCFrame":[754.611,247.742,48.262,0.021,-0.978,0.206,0,0.206,0.979,-1,-0.02,0.004],"_shiftlockState":false,"_pose":"FreeFall","_animationQueue":[],"_animationSpeed":1,"_zoom":16.125},{"_mousePosition":[703,284],"_rootPartCFrame":[751.089,230.594,48.189,0.075,0,0.997,0,1,0,-0.997,0,0.075],"_humanoidState":5,"_cameraCFrame":[754.411,247.873,48.249,0.018,-0.978,0.206,0,0.206,0.979,-1,-0.018,0.004],"_shiftlockState":false,"_pose":"FreeFall","_animationQueue":[],"_animationSpeed":1,"_zoom":16.125},{"_mousePosition":[703,284],"_rootPartCFrame":[750.823,230.721,48.183,0.068,0,0.998,0,1,0,-0.998,0,0.068],"_humanoidState":5,"_cameraCFrame":[754.144,248.001,48.243,0.018,-0.978,0.206,0,0.206,0.979,-1,-0.018,0.004],"_shiftlockState":false,"_pose":"FreeFall","_animationQueue":[],"_animationSpeed":1,"_zoom":16.125},{"_mousePosition":[703,284],"_rootPartCFrame":[750.556,230.794,48.178,0.061,0,0.998,0,1,0,-0.998,0,0.061],"_humanoidState":5,"_cameraCFrame":[753.878,248.073,48.238,0.018,-0.978,0.206,0,0.206,0.979,-1,-0.018,0.004],"_shiftlockState":false,"_pose":"FreeFall","_animationQueue":[["fall",0.3]],"_animationSpeed":1,"_zoom":16.125},{"_mousePosition":[703,284],"_rootPartCFrame":[750.29,230.812,48.173,0.055,0,0.999,0,1,0,-0.999,0,0.055],"_humanoidState":5,"_cameraCFrame":[753.611,248.091,48.233,0.018,-0.978,0.206,0,0.206,0.979,-1,-0.018,0.004],"_shiftlockState":false,"_pose":"FreeFall","_animationQueue":[],"_animationSpeed":1,"_zoom":16.125},{"_mousePosition":[703,284],"_rootPartCFrame":[750.023,230.776,48.168,0.05,0,0.999,0,1,0,-0.999,0,0.05],"_humanoidState":5,"_cameraCFrame":[753.344,248.055,48.229,0.018,-0.978,0.206,0,0.206,0.979,-1,-0.018,0.004],"_shiftlockState":false,"_pose":"FreeFall","_animationQueue":[],"_animationSpeed":1,"_zoom":16.125},{"_mousePosition":[703,284],"_rootPartCFrame":[749.756,230.685,48.164,0.045,0,0.999,0,1,0,-0.999,0,0.045],"_humanoidState":5,"_cameraCFrame":[753.078,247.964,48.224,0.018,-0.978,0.206,0,0.206,0.979,-1,-0.018,0.004],"_shiftlockState":false,"_pose":"FreeFall","_animationQueue":[],"_animationSpeed":1,"_zoom":16.125},{"_mousePosition":[703,284],"_rootPartCFrame":[749.49,230.54,48.159,0.041,0,0.999,0,1,0,-0.999,0,0.041],"_humanoidState":5,"_cameraCFrame":[752.78,247.825,48.218,0.018,-0.979,0.204,0,0.204,0.979,-1,-0.018,0.004],"_shiftlockState":false,"_pose":"FreeFall","_animationQueue":[],"_animationSpeed":1,"_zoom":16.125},{"_mousePosition":[703,284],"_rootPartCFrame":[749.223,230.34,48.154,0.038,0,0.999,0,1,0,-0.999,0,0.038],"_humanoidState":5,"_cameraCFrame":[752.514,247.625,48.222,0.021,-0.979,0.204,0,0.204,0.979,-1,-0.02,0.004],"_shiftlockState":false,"_pose":"FreeFall","_animationQueue":[],"_animationSpeed":1,"_zoom":16.125},{"_mousePosition":[703,284],"_rootPartCFrame":[748.957,230.085,48.149,0.035,0,0.999,0,1,0,-0.999,0,0.035],"_humanoidState":5,"_cameraCFrame":[752.216,247.377,48.233,0.026,-0.979,0.202,0,0.202,0.979,-1,-0.025,0.005],"_shiftlockState":false,"_pose":"FreeFall","_animationQueue":[["fall",0.3]],"_animationSpeed":1,"_zoom":16.125},{"_mousePosition":[703,284],"_rootPartCFrame":[748.69,229.777,48.144,0.033,0,0.999,0,1,0,-0.999,0,0.033],"_humanoidState":5,"_cameraCFrame":[751.948,247.069,48.26,0.036,-0.979,0.202,0,0.202,0.979,-0.999,-0.035,0.007],"_shiftlockState":false,"_pose":"FreeFall","_animationQueue":[],"_animationSpeed":1,"_zoom":16.125},{"_mousePosition":[703,284],"_rootPartCFrame":[748.423,229.413,48.137,0.032,0,0.999,0,1,0,-0.999,0,0.032],"_humanoidState":5,"_cameraCFrame":[751.679,246.705,48.311,0.054,-0.978,0.202,0,0.202,0.979,-0.999,-0.052,0.011],"_shiftlockState":false,"_pose":"FreeFall","_animationQueue":[],"_animationSpeed":1,"_zoom":16.125},{"_mousePosition":[703,284],"_rootPartCFrame":[748.157,228.995,48.128,0.032,0,0.999,0,1,0,-0.999,0,0.032],"_humanoidState":5,"_cameraCFrame":[751.495,246.268,48.443,0.094,-0.974,0.207,0,0.208,0.978,-0.996,-0.092,0.02],"_shiftlockState":false,"_pose":"FreeFall","_animationQueue":[],"_animationSpeed":1,"_zoom":16.125},{"_mousePosition":[703,284],"_rootPartCFrame":[747.891,228.523,48.114,0.034,0,0.999,0,1,0,-0.999,0,0.034],"_humanoidState":5,"_cameraCFrame":[751.31,245.776,48.533,0.122,-0.97,0.212,0,0.214,0.977,-0.993,-0.119,0.026],"_shiftlockState":false,"_pose":"FreeFall","_animationQueue":[],"_animationSpeed":1,"_zoom":16.125},{"_mousePosition":[703,284],"_rootPartCFrame":[747.625,227.996,48.091,0.04,0,0.999,0,1,0,-0.999,0,0.04],"_humanoidState":5,"_cameraCFrame":[751.09,245.235,48.623,0.152,-0.965,0.215,0,0.217,0.976,-0.988,-0.148,0.033],"_shiftlockState":false,"_pose":"FreeFall","_animationQueue":[],"_animationSpeed":1,"_zoom":16.125},{"_mousePosition":[703,284],"_rootPartCFrame":[747.36,227.415,48.059,0.05,0,0.999,0,1,0,-0.999,0,0.05],"_humanoidState":5,"_cameraCFrame":[750.898,244.633,48.713,0.182,-0.959,0.219,0,0.223,0.975,-0.983,-0.177,0.041],"_shiftlockState":false,"_pose":"FreeFall","_animationQueue":[],"_animationSpeed":1,"_zoom":16.125},{"_mousePosition":[703,284],"_rootPartCFrame":[747.096,226.779,48.02,0.063,0,0.998,0,1,0,-0.998,0,0.063],"_humanoidState":5,"_cameraCFrame":[750.703,243.976,48.8,0.211,-0.951,0.224,0,0.229,0.973,-0.977,-0.206,0.048],"_shiftlockState":false,"_pose":"FreeFall","_animationQueue":[["fall",0.3]],"_animationSpeed":1,"_zoom":16.125},{"_mousePosition":[703,284],"_rootPartCFrame":[746.834,226.089,47.973,0.078,0,0.997,0,1,0,-0.997,0,0.078],"_humanoidState":5,"_cameraCFrame":[750.504,243.264,48.884,0.241,-0.943,0.228,0,0.235,0.972,-0.971,-0.234,0.057],"_shiftlockState":false,"_pose":"FreeFall","_animationQueue":[],"_animationSpeed":1,"_zoom":16.125},{"_mousePosition":[703,284],"_rootPartCFrame":[746.508,225.149,47.904,0.099,0,0.995,0,1,0,-0.995,0,0.099],"_humanoidState":5,"_cameraCFrame":[750.231,242.302,48.97,0.275,-0.933,0.231,0,0.24,0.971,-0.961,-0.267,0.066],"_shiftlockState":false,"_pose":"FreeFall","_animationQueue":[],"_animationSpeed":1,"_zoom":16.125},{"_mousePosition":[703,284],"_rootPartCFrame":[746.313,224.544,47.857,0.113,0,0.994,0,1,0,-0.994,0,0.113],"_humanoidState":5,"_cameraCFrame":[750.11,241.667,49.101,0.311,-0.921,0.235,0,0.248,0.969,-0.95,-0.302,0.077],"_shiftlockState":false,"_pose":"FreeFall","_animationQueue":[],"_animationSpeed":1,"_zoom":16.125},{"_mousePosition":[703,284],"_rootPartCFrame":[746.057,223.691,47.785,0.134,0,0.991,0,1,0,-0.991,0,0.134],"_humanoidState":5,"_cameraCFrame":[749.885,240.789,49.214,0.35,-0.906,0.237,0,0.253,0.967,-0.937,-0.338,0.089],"_shiftlockState":false,"_pose":"FreeFall","_animationQueue":[],"_animationSpeed":1,"_zoom":16.125},{"_mousePosition":[703,284],"_rootPartCFrame":[745.803,223.562,47.703,0.157,0,0.988,0,1,0,-0.988,0,0.157],"_humanoidState":7,"_cameraCFrame":[749.65,240.636,49.331,0.39,-0.89,0.239,0,0.259,0.966,-0.921,-0.376,0.101],"_shiftlockState":false,"_pose":"FreeFall","_animationQueue":[["walk",0.1],["fall",0.3],["fall",0.3]],"_animationSpeed":1,"_zoom":16.125},{"_mousePosition":[703,284],"_rootPartCFrame":[745.49,223.559,47.588,0.189,0,0.982,0,1,0,-0.982,0,0.189],"_humanoidState":7,"_cameraCFrame":[749.341,240.609,49.429,0.431,-0.87,0.239,0,0.265,0.964,-0.902,-0.416,0.114],"_shiftlockState":false,"_pose":"FreeFall","_animationQueue":[["fall",0.3]],"_animationSpeed":1,"_zoom":16.125},{"_mousePosition":[703,284],"_rootPartCFrame":[745.305,223.486,47.511,0.21,0,0.978,0,1,0,-0.978,0,0.21],"_humanoidState":8,"_cameraCFrame":[749.101,240.511,49.655,0.492,-0.838,0.235,0,0.27,0.963,-0.871,-0.473,0.133],"_shiftlockState":false,"_pose":"Running","_animationQueue":[["walk",0.1],["fall",0.3],["walk",0.1]],"_animati