[{"_mousePosition":[681,382],"_rootPartCFrame":[776.029,222.7,47.142,0,0,1,0,1,0,-1,0,0],"_humanoidState":8,"_cameraCFrame":[781.829,235.026,49.467,0.372,-0.804,0.464,0,0.5,0.866,-0.928,-0.322,0.186],"_shiftlockState":false,"_pose":"Standing","_animationQueue":[],"_animationSpeed":1,"_zoom":12.5},{"_mousePosition":[681,382],"_rootPartCFrame":[775.87,222.695,47.078,0.038,0,0.999,0,1,0,-0.999,0,0.038],"_humanoidState":8,"_cameraCFrame":[781.67,235.021,49.403,0.372,-0.804,0.464,0,0.5,0.866,-0.928,-0.322,0.186],"_shiftlockState":false,"_pose":"Standing","_animationQueue":[],"_animationSpeed":1,"_zoom":12.5},{"_mousePosition":[681,382],"_rootPartCFrame":[775.624,222.696,46.98,0.084,0,0.997,0,1,0,-0.997,0,0.084],"_humanoidState":8,"_cameraCFrame":[781.424,235.022,49.305,0.372,-0.804,0.464,0,0.5,0.866,-0.928,-0.322,0.186],"_shiftlockState":false,"_pose":"Running","_animationQueue":[["walk",0.1]],"_animationSpeed":1.003,"_zoom":12.5},{"_mousePosition":[681,382],"_rootPartCFrame":[775.376,222.698,46.88,0.124,0,0.992,0,1,0,-0.992,0,0.124],"_humanoidState":8,"_cameraCFrame":[781.177,235.024,49.206,0.372,-0.804,0.464,0,0.5,0.866,-0.928,-0.322,0.186],"_shiftlockState":false,"_pose":"Running","_animationQueue":[["walk",0.1]],"_animationSpeed":1.101,"_zoom":12.5},{"_mousePosition":[681,382],"_rootPartCFrame":[775.129,222.699,46.781,0.158,0,0.987,0,1,0,-0.987,0,0.158],"_humanoidState":8,"_cameraCFrame":[780.929,235.024,49.106,0.372,-0.804,0.464,0,0.5,0.866,-0.928,-0.322,0.186],"_shiftlockState":false,"_pose":"Running","_animationQueue":[],"_animationSpeed":1.101,"_zoom":12.5},{"_mousePosition":[681,382],"_rootPartCFrame":[774.881,222.699,46.682,0.188,0,0.982,0,1,0,-0.982,0,0.188],"_humanoidState":8,"_cameraCFrame":[780.682,235.025,49.007,0.372,-0.804,0.464,0,0.5,0.866,-0.928,-0.322,0.186],"_shiftlockState":false,"_pose":"Running","_animationQueue":[["walk",0.1]],"_animationSpeed":1.101,"_zoom":12.5},{"_mousePosition":[681,382],"_rootPartCFrame":[774.634,222.699,46.583,0.213,0,0.977,0,1,0,-0.977,0,0.213],"_humanoidState":8,"_cameraCFrame":[780.434,235.025,48.908,0.372,-0.804,0.464,0,0.5,0.866,-0.928,-0.322,0.186],"_shiftlockState":false,"_pose":"Running","_animationQueue":[],"_animationSpeed":1.101,"_zoom":12.5},{"_mousePosition":[681,382],"_rootPartCFrame":[774.386,222.699,46.484,0.235,0,0.972,0,1,0,-0.972,0,0.235],"_humanoidState":8,"_cameraCFrame":[780.187,235.025,48.809,0.372,-0.804,0.464,0,0.5,0.866,-0.928,-0.322,0.186],"_shiftlockState":false,"_pose":"Running","_animationQueue":[],"_animationSpeed":1.101,"_zoom":12.5},{"_mousePosition":[681,382],"_rootPartCFrame":[774.139,222.7,46.384,0.254,0,0.967,0,1,0,-0.967,0,0.254],"_humanoidState":8,"_cameraCFrame":[779.939,235.025,48.709,0.372,-0.804,0.464,0,0.5,0.866,-0.928,-0.322,0.186],"_shiftlockState":false,"_pose":"Running","_animationQueue":[],"_animationSpeed":1.101,"_zoom":12.5},{"_mousePosition":[681,382],"_rootPartCFrame":[773.891,222.7,46.285,0.27,0,0.963,0,1,0,-0.963,0,0.27],"_humanoidState":8,"_cameraCFrame":[779.691,235.025,48.61,0.372,-0.804,0.464,0,0.5,0.866,-0.928,-0.322,0.186],"_shiftlockState":false,"_pose":"Running","_animationQueue":[],"_animationSpeed":1.101,"_zoom":12.5},{"_mousePosition":[681,382],"_rootPartCFrame":[773.643,222.7,46.186,0.284,0,0.959,0,1,0,-0.959,0,0.284],"_humanoidState":8,"_cameraCFrame":[779.444,235.025,48.511,0.372,-0.804,0.464,0,0.5,0.866,-0.928,-0.322,0.186],"_shiftlockState":false,"_pose":"Running","_animationQueue":[],"_animationSpeed":1.101,"_zoom":12.5},{"_mousePosition":[681,382],"_rootPartCFrame":[773.396,222.7,46.087,0.296,0,0.955,0,1,0,-0.955,0,0.296],"_humanoidState":8,"_cameraCFrame":[779.196,235.025,48.412,0.372,-0.804,0.464,0,0.5,0.866,-0.928,-0.322,0.186],"_shiftlockState":false,"_pose":"Running","_animationQueue":[],"_animationSpeed":1.101,"_zoom":12.5},{"_mousePosition":[681,382],"_rootPartCFrame":[773.148,222.7,45.987,0.307,0,0.952,0,1,0,-0.952,0,0.307],"_humanoidState":8,"_cameraCFrame":[778.949,235.025,48.313,0.372,-0.804,0.464,0,0.5,0.866,-0.928,-0.322,0.186],"_shiftlockState":false,"_pose":"Running","_animationQueue":[["walk",0.1]],"_animationSpeed":1.101,"_zoom":12.5},{"_mousePosition":[681,382],"_rootPartCFrame":[772.901,222.7,45.888,0.316,0,0.949,0,1,0,-0.949,0,0.316],"_humanoidState":8,"_cameraCFrame":[778.701,235.025,48.213,0.372,-0.804,0.464,0,0.5,0.866,-0.928,-0.322,0.186],"_shiftlockState":false,"_pose":"Running","_animationQueue":[],"_animationSpeed":1.101,"_zoom":12.5},{"_mousePosition":[681,382],"_rootPartCFrame":[772.653,222.7,45.789,0.323,0,0.946,0,1,0,-0.946,0,0.323],"_humanoidState":8,"_cameraCFrame":[778.454,235.025,48.114,0.372,-0.804,0.464,0,0.5,0.866,-0.928,-0.322,0.186],"_shiftlockState":false,"_pose":"Running","_animationQueue":[],"_animationSpeed":1.101,"_zoom":12.5},{"_mousePosition":[681,382],"_rootPartCFrame":[772.406,222.7,45.69,0.33,0,0.944,0,1,0,-0.944,0,0.33],"_humanoidState":8,"_cameraCFrame":[778.181,235.038,48.022,0.374,-0.804,0.462,0,0.498,0.867,-0.927,-0.325,0.187],"_shiftlockState":false,"_pose":"Running","_animationQueue":[],"_animationSpeed":1.101,"_zoom":12.5},{"_mousePosition":[681,382],"_rootPartCFrame":[772.158,222.7,45.591,0.336,0,0.942,0,1,0,-0.942,0,0.336],"_humanoidState":8,"_cameraCFrame":[777.894,235.062,47.907,0.374,-0.806,0.459,0,0.495,0.869,-0.927,-0.325,0.185],"_shiftlockState":false,"_pose":"Running","_animationQueue":[],"_animationSpeed":1.101,"_zoom":12.5},{"_mousePosition":[681,382],"_rootPartCFrame":[771.911,222.7,45.491,0.341,0,0.94,0,1,0,-0.94,0,0.341],"_humanoidState":8,"_cameraCFrame":[777.641,235.062,47.821,0.377,-0.805,0.458,0,0.495,0.869,-0.926,-0.327,0.186],"_shiftlockState":false,"_pose":"Running","_animationQueue":[],"_animationSpeed":1.101,"_zoom":12.5},{"_mousePosition":[681,382],"_rootPartCFrame":[771.664,222.7,45.391,0.346,0,0.938,0,1,0,-0.938,0,0.346],"_humanoidState":8,"_cameraCFrame":[777.354,235.086,47.706,0.377,-0.807,0.455,0,0.491,0.871,-0.926,-0.328,0.185],"_shiftlockState":false,"_pose":"Running","_animationQueue":[["walk",0.1]],"_animationSpeed":1.101,"_zoom":12.5},{"_mousePosition":[681,382],"_rootPartCFrame":[771.416,222.7,45.29,0.35,0,0.937,0,1,0,-0.937,0,0.35],"_humanoidState":8,"_cameraCFrame":[777.082,235.098,47.611,0.379,-0.807,0.453,0,0.49,0.872,-0.925,-0.331,0.186],"_shiftlockState":false,"_pose":"Running","_animationQueue":[],"_animationSpeed":1.101,"_zoom":12.5},{"_mousePosition":[681,382],"_rootPartCFrame":[771.169,223.573,45.19,0.354,0,0.935,0,1,0,-0.935,0,0.354],"_humanoidState":3,"_cameraCFrame":[776.809,235.983,47.517,0.381,-0.807,0.451,0,0.488,0.873,-0.924,-0.333,0.186],"_shiftlockState":false,"_pose":"Jumping","_animationQueue":[["walk",0.1],["jump",0.1]],"_animationSpeed":1,"_zoom":12.5},{"_mousePosition":[681,382],"_rootPartCFrame":[770.923,224.395,45.089,0.358,0,0.934,0,1,0,-0.934,0,0.358],"_humanoidState":5,"_cameraCFrame":[776.542,236.817,47.408,0.381,-0.808,0.45,0,0.486,0.874,-0.924,-0.333,0.186],"_shiftlockState":false,"_pose":"FreeFall","_animationQueue":[["jump",0.1]],"_animationSpeed":1,"_zoom":12.5},{"_mousePosition":[681,382],"_rootPartCFrame":[770.676,225.162,44.987,0.361,0,0.933,0,1,0,-0.933,0,0.361],"_humanoidState":5,"_cameraCFrame":[776.264,237.596,47.327,0.386,-0.807,0.447,0,0.485,0.875,-0.922,-0.338,0.187],"_shiftlockState":false,"_pose":"FreeFall","_animationQueue":[],"_animationSpeed":1,"_zoom":12.5},{"_mousePosition":[681,382],"_rootPartCFrame":[770.429,225.875,44.886,0.364,0,0.932,0,1,0,-0.932,0,0.364],"_humanoidState":5,"_cameraCFrame":[775.967,238.333,47.237,0.391,-0.807,0.443,0,0.481,0.877,-0.92,-0.343,0.188],"_shiftlockState":false,"_pose":"FreeFall","_animationQueue":[],"_animationSpeed":1,"_zoom":12.5},{"_mousePosition":[681,382],"_rootPartCFrame":[770.183,226.534,44.783,0.367,0,0.93,0,1,0,-0.93,0,0.367],"_humanoidState":5,"_cameraCFrame":[775.695,239.003,47.139,0.393,-0.807,0.441,0,0.48,0.878,-0.919,-0.345,0.189],"_shiftlockState":false,"_pose":"FreeFall","_animationQueue":[],"_animationSpeed":1,"_zoom":12.5},{"_mousePosition":[681,382],"_rootPartCFrame":[769.938,227.138,44.679,0.37,0,0.929,0,1,0,-0.929,0,0.37],"_humanoidState":5,"_cameraCFrame":[775.443,239.607,47.049,0.395,-0.806,0.44,0,0.48,0.878,-0.918,-0.347,0.19],"_shiftlockState":false,"_pose":"FreeFall","_animationQueue":[],"_animationSpeed":1,"_zoom":12.5},{"_mousePosition":[681,382],"_rootPartCFrame":[769.693,227.687,44.574,0.373,0,0.928,0,1,0,-0.928,0,0.373],"_humanoidState":5,"_cameraCFrame":[775.173,240.168,46.95,0.398,-0.806,0.438,0,0.478,0.878,-0.917,-0.349,0.19],"_shiftlockState":false,"_pose":"FreeFall","_animationQueue":[],"_animationSpeed":1,"_zoom":12.5},{"_mousePosition":[681,382],"_rootPartCFrame":[769.448,228.182,44.469,0.376,0,0.927,0,1,0,-0.927,0,0.376],"_humanoidState":5,"_cameraCFrame":[774.928,240.663,46.845,0.398,-0.806,0.438,0,0.478,0.878,-0.917,-0.349,0.19],"_shiftlockState":false,"_pose":"FreeFall","_animationQueue":[],"_animationSpeed":1,"_zoom":12.5},{"_mousePosition":[681,382],"_rootPartCFrame":[769.203,228.623,44.363,0.379,0,0.925,0,1,0,-0.925,0,0.379],"_humanoidState":5,"_cameraCFrame":[774.657,241.115,46.744,0.4,-0.806,0.436,0,0.476,0.879,-0.916,-0.352,0.19],"_shiftlockState":false,"_pose":"FreeFall","_animationQueue":[],"_animationSpeed":1,"_zoom":12.5},{"_mousePosition":[681,382],"_rootPartCFrame":[768.958,229.009,44.257,0.382,0,0.924,0,1,0,-0.924,0,0.382],"_humanoidState":5,"_cameraCFrame":[774.393,241.513,46.629,0.4,-0.807,0.435,0,0.474,0.88,-0.916,-0.352,0.19],"_shiftlockState":false,"_pose":"FreeFall","_animationQueue":[],"_animationSpeed":1,"_zoom":12.5},{"_mousePosition":[681,382],"_rootPartCFrame":[768.714,229.34,44.15,0.384,0,0.923,0,1,0,-0.923,0,0.384],"_humanoidState":5,"_cameraCFrame":[774.143,241.844,46.536,0.402,-0.806,0.434,0,0.474,0.88,-0.915,-0.354,0.191],"_shiftlockState":false,"_pose":"FreeFall","_animationQueue":[],"_animationSpeed":1,"_zoom":12.5},{"_mousePosition":[681,382],"_rootPartCFrame":[768.47,229.617,44.043,0.386,0,0.922,0,1,0,-0.922,0,0.386],"_humanoidState":5,"_cameraCFrame":[773.879,242.133,46.421,0.402,-0.807,0.433,0,0.473,0.881,-0.915,-0.355,0.19],"_shiftlockState":false,"_pose":"FreeFall","_animationQueue":[],"_animationSpeed":1,"_zoom":12.5},{"_mousePosition":[681,382],"_rootPartCFrame":[768.225,229.84,43.936,0.389,0,0.921,0,1,0,-0.921,0,0.389],"_humanoidState":5,"_cameraCFrame":[773.609,242.367,46.319,0.405,-0.807,0.431,0,0.471,0.882,-0.914,-0.357,0.191],"_shiftlockState":false,"_pose":"FreeFall","_animationQueue":[],"_animationSpeed":1,"_zoom":12.5},{"_mousePosition":[681,382],"_rootPartCFrame":[767.981,230.008,43.829,0.39,0,0.921,0,1,0,-0.921,0,0.39],"_humanoidState":5,"_cameraCFrame":[773.339,242.546,46.216,0.407,-0.807,0.429,0,0.469,0.883,-0.913,-0.359,0.191],"_shiftlockState":false,"_pose":"FreeFall","_animationQueue":[],"_animationSpeed":1,"_zoom":12.5},{"_mousePosition":[681,382],"_rootPartCFrame":[767.737,230.122,43.721,0.392,0,0.92,0,1,0,-0.92,0,0.392],"_humanoidState":5,"_cameraCFrame":[773.095,242.66,46.109,0.407,-0.807,0.429,0,0.469,0.883,-0.913,-0.359,0.191],"_shiftlockState":false,"_pose":"FreeFall","_animationQueue":[],"_animationSpeed":1,"_zoom":12.5},{"_mousePosition":[681,382],"_rootPartCFrame":[767.494,230.181,43.613,0.394,0,0.919,0,1,0,-0.919,0,0.394],"_humanoidState":5,"_cameraCFrame":[772.832,242.73,45.991,0.407,-0.807,0.427,0,0.468,0.884,-0.913,-0.36,0.19],"_shiftlockState":false,"_pose":"FreeFall","_animationQueue":[],"_animationSpeed":1,"_zoom":12.5},{"_mousePosition":[681,382],"_rootPartCFrame":[767.25,230.185,43.504,0.396,0,0.918,0,1,0,-0.918,0,0.396],"_humanoidState":5,"_cameraCFrame":[772.588,242.735,45.883,0.407,-0.807,0.427,0,0.468,0.884,-0.913,-0.36,0.19],"_shiftlockState":false,"_pose":"FreeFall","_animationQueue":[],"_animationSpeed":1,"_zoom":12.5},{"_mousePosition":[681,382],"_rootPartCFrame":[767.006,230.135,43.395,0.398,0,0.918,0,1,0,-0.918,0,0.398],"_humanoidState":5,"_cameraCFrame":[772.344,242.685,45.774,0.407,-0.807,0.427,0,0.468,0.884,-0.913,-0.36,0.19],"_shiftlockState":false,"_pose":"FreeFall","_animationQueue":[["fall",0.3]],"_animationSpeed":1,"_zoom":12.5},{"_mousePosition":[681,382],"_rootPartCFrame":[766.763,230.031,43.287,0.399,0,0.917,0,1,0,-0.917,0,0.399],"_humanoidState":5,"_cameraCFrame":[772.101,242.58,45.666,0.407,-0.807,0.427,0,0.468,0.884,-0.913,-0.36,0.19],"_shiftlockState":false,"_pose":"FreeFall","_animationQueue":[],"_animationSpeed":1,"_zoom":12.5},{"_mousePosition":[681,382],"_rootPartCFrame":[766.519,229.872,43.178,0.4,0,0.916,0,1,0,-0.916,0,0.4],"_humanoidState":5,"_cameraCFrame":[771.857,242.421,45.557,0.407,-0.807,0.427,0,0.468,0.884,-0.913,-0.36,0.19],"_shiftlockState":false,"_pose":"FreeFall","_animationQueue":[],"_animationSpeed":1,"_zoom":12.5},{"_mousePosition":[681,382],"_rootPartCFrame":[766.275,229.658,43.07,0.401,0,0.916,0,1,0,-0.916,0,0.401],"_humanoidState":5,"_cameraCFrame":[771.607,242.208,45.462,0.409,-0.807,0.427,0,0.468,0.884,-0.912,-0.362,0.191],"_shiftlockState":false,"_pose":"FreeFall","_animationQueue":[],"_animationSpeed":1,"_zoom":12.5},{"_mousePosition":[681,382],"_rootPartCFrame":[766.032,229.39,42.961,0.402,0,0.916,0,1,0,-0.916,0,0.402],"_humanoidState":5,"_cameraCFrame":[771.344,241.951,45.345,0.409,-0.807,0.425,0,0.466,0.885,-0.912,-0.362,0.191],"_shiftlockState":false,"_pose":"FreeFall","_animationQueue":[],"_animationSpeed":1,"_zoom":12.5},{"_mousePosition":[681,382],"_rootPartCFrame":[765.788,229.068,42.852,0.403,0,0.915,0,1,0,-0.915,0,0.403],"_humanoidState":5,"_cameraCFrame":[771.081,241.64,45.227,0.409,-0.808,0.423,0,0.464,0.886,-0.912,-0.363,0.19],"_shiftlockState":false,"_pose":"FreeFall","_animationQueue":[],"_animationSpeed":1,"_zoom":12.5},{"_mousePosition":[681,382],"_rootPartCFrame":[765.545,228.691,42.743,0.404,0,0.915,0,1,0,-0.915,0,0.404],"_humanoidState":5,"_cameraCFrame":[770.832,241.263,45.131,0.412,-0.807,0.423,0,0.464,0.886,-0.911,-0.365,0.191],"_shiftlockState":false,"_pose":"FreeFall","_animationQueue":[],"_animationSpeed":1,"_zoom":12.5},{"_mousePosition":[681,382],"_rootPartCFrame":[765.302,228.259,42.634,0.405,0,0.915,0,1,0,-0.915,0,0.405],"_humanoidState":5,"_cameraCFrame":[770.549,240.854,45.004,0.412,-0.809,0.42,0,0.461,0.888,-0.911,-0.365,0.19],"_shiftlockState":false,"_pose":"FreeFall","_animationQueue":[["fall",0.3]],"_animationSpeed":1,"_zoom":12.5},{"_mousePosition":[681,382],"_rootPartCFrame":[765.059,227.773,42.524,0.405,0,0.914,0,1,0,-0.914,0,0.405],"_humanoidState":5,"_cameraCFrame":[770.3,240.368,44.908,0.414,-0.808,0.419,0,0.461,0.888,-0.91,-0.367,0.191],"_shiftlockState":false,"_pose":"FreeFall","_animationQueue":[],"_animationSpeed":1,"_zoom":12.5},{"_mousePosition":[681,382],"_rootPartCFrame":[764.816,227.233,42.414,0.406,0,0.914,0,1,0,-0.914,0,0.406],"_humanoidState":5,"_cameraCFrame":[770.031,239.839,44.802,0.416,-0.808,0.417,0,0.459,0.888,-0.909,-0.37,0.191],"_shiftlockState":false,"_pose":"FreeFall","_animationQueue":[],"_animationSpeed":1,"_zoom":12.5},{"_mousePosition":[681,382],"_rootPartCFrame":[764.573,226.638,42.304,0.407,0,0.913,0,1,0,-0.913,0,0.407],"_humanoidState":5,"_cameraCFrame":[769.737,239.266,44.7,0.421,-0.808,0.413,0,0.455,0.89,-0.907,-0.375,0.192],"_shiftlockState":false,"_pose":"FreeFall","_animationQueue":[],"_animationSpeed":1,"_zoom":12.5},{"_mousePosition":[681,382],"_rootPartCFrame":[764.33,225.988,42.193,0.408,0,0.913,0,1,0,-0.913,0,0.408],"_humanoidState":5,"_cameraCFrame":[769.469,238.628,44.593,0.423,-0.807,0.411,0,0.454,0.891,-0.906,-0.377,0.192],"_shiftlockState":false,"_pose":"FreeFall","_animationQueue":[],"_animationSpeed":1,"_zoom":12.5},{"_mousePosition":[681,382],"_rootPartCFrame":[764.088,225.284,42.081,0.41,0,0.912,0,1,0,-0.912,0,0.41],"_humanoidState":5,"_cameraCFrame":[769.195,237.935,44.498,0.428,-0.806,0.409,0,0.452,0.892,-0.904,-0.382,0.193],"_shiftlockState":false,"_pose":"FreeFall","_animationQueue":[],"_animationSpeed":1,"_zoom":12.5},{"_mousePosition":[681,382],"_rootPartCFrame":[763.847,224.526,41.968,0.412,0,0.911,0,1,0,-0.911,0,0.412],"_humanoidState":5,"_cameraCFrame":[768.889,237.198,44.417,0.437,-0.804,0.403,0,0.448,0.894,-0.9,-0.39,0.196],"_shiftlockState":false,"_pose":"FreeFall","_animationQueue":[],"_animationSpeed":1,"_zoom":12.5},{"_mousePosition":[681,382],"_rootPartCFrame":[763.606,223.713,41.855,0.414,0,0.91,0,1,0,-0.91,0,0.414],"_humanoidState":5,"_cameraCFrame":[768.61,236.396,44.332,0.444,-0.802,0.4,0,0.447,0.895,-0.896,-0.397,0.198],"_shiftlockState":false,"_pose":"FreeFall","_animationQueue":[["fall",0.3]],"_animationSpeed":1,"_zoom":12.5},{"_mousePosition":[681,382],"_rootPartCFrame":[763.366,222.845,41.738,0.416,0,0.909,0,1,0,-0.909,0,0.416],"_humanoidState":5,"_cameraCFrame":[768.306,235.55,44.247,0.453,-0.799,0.395,0,0.443,0.896,-0.892,-0.406,0.201],"_shiftlockState":false,"_pose":"FreeFall","_animationQueue":[],"_animationSpeed":1,"_zoom":12.5},{"_mousePosition":[681,382],"_rootPartCFrame":[763.126,222.715,41.62,0.42,0,0.908,0,1,0,-0.908,0,0.42],"_humanoidState":7,"_cameraCFrame":[768.028,235.431,44.156,0.459,-0.797,0.392,0,0.441,0.897,-0.888,-0.412,0.203],"_shiftlockState":false,"_pose":"FreeFall","_animationQueue":[["walk",0.1],["fall",0.3],["fall",0.3]],"_animationSpeed":1,"_zoom":12.5},{"_mousePosition":[681,382],"_rootPartCFrame":[762.888,222.712,41.5,0.424,0,0.906,0,1,0,-0.906,0,0.424],"_humanoidState":7,"_cameraCFrame":[767.758,235.439,44.05,0.464,-0.796,0.39,0,0.44,0.898,-0.886,-0.417,0.204],"_shiftlockState":false,"_pose":"FreeFall","_animationQueue":[],"_animationSpeed":1,"_zoom":12.5},{"_mousePosition":[681,382],"_rootPartCFrame":[762.651,222.608,41.378,0.429,0,0.903,0,1,0,-0.903,0,0.429],"_humanoidState":8,"_cameraCFrame":[767.482,235.346,43.955,0.471,-0.793,0.386,0,0.438,0.899,-0.882,-0.423,0.206],"_shiftlockState":false,"_pose":"Running","_animationQueue":[["walk",0.1],["fall",0.3],["walk",0.1]],"_animationSpeed":1.103,"_zoom":12.5},{"_mousePosition":[681,382],"_rootPartCFrame":[762.415,222.439,41.254,0.433,0,0.901,0,1,0,-0.901,0,0.433],"_humanoidState":8,"_cameraCFrame":[767.181,235.198,43.859,0.48,-0.79,0.381,0,0.434,0.901,-0.877,-0.432,0.208],"_shiftlockState":false,"_pose":"Running","_animationQueue":[],"_animationSpeed":1.103,"_zoom":12.5},{"_mousePosition":[681,382],"_rootPartCFrame":[762.18,222.215,41.129,0.438,0,0.899,0,1,0,-0.899,0,0.438],"_humanoidState":8,"_cameraCFrame":[766.881,234.995,43.76,0.488,-0.787,0.376,0,0.431,0.902,-0.873,-0.441,0.211],"_shiftlockState":false,"_pose":"Running","_animationQueue":[],"_animationSpeed":1.103,"_zoom":12.5},{"_mousePosition":[681,382],"_rootPartCFrame":[761.946,222.196,41.001,0.444,0,0.896,0,1,0,-0.896,0,0.444],"_humanoidState":8,"_cameraCFrame":[766.575,234.997,43.67,0.499,-0.783,0.37,0,0.427,0.904,-0.866,-0.452,0.213],"_shiftlockState":false,"_pose":"Running","_animationQueue":[["walk",0.1]],"_animationSpeed":1.103,"_zoom":12.5},{"_mousePosition":[681,382],"_rootPartCFrame":[761.713,222.197,40.871,0.45,0,0.893,0,1,0,-0.893,0,0.45],"_humanoidState":8,"_cameraCFrame":[766.289,235.008,43.587,0.51,-0.778,0.366,0,0.426,0.905,-0.86,-0.462,0.217],"_shiftlockState":false,"_pose":"Running","_animationQueue":[],"_animationSpeed":1.103,"_zoom":12.5},{"_mousePosition":[681,382],"_rootPartCFrame":[761.482,222.198,40.738,0.456,0,0.89,0,1,0,-0.89,0,0.456],"_humanoidState":8,"_cameraCFrame":[765.985,235.029,43.489,0.521,-0.774,0.36,0,0.422,0.907,-0.853,-0.472,0.22],"_shiftlockState":false,"_pose":"Running","_animationQueue":[],"_animationSpeed":1.103,"_zoom":12.5},{"_mousePosition":[681,382],"_rootPartCFrame":[761.252,222.199,40.602,0.464,0,0.886,0,1,0,-0.886,0,0.464],"_humanoidState":8,"_cameraCFrame":[765.709,235.04,43.386,0.53,-0.77,0.357,0,0.42,0.907,-0.848,-0.481,0.223],"_shiftlockState":false,"_pose":"Running","_animationQueue":[],"_animationSpeed":1.103,"_zoom":12.5},{"_mousePosition":[681,382],"_rootPartCFrame":[761.025,222.199,40.463,0.471,0,0.882,0,1,0,-0.882,0,0.471],"_humanoidState":8,"_cameraCFrame":[765.441,235.051,43.27,0.536,-0.767,0.353,0,0.419,0.908,-0.844,-0.487,0.224],"_shiftlockState":false,"_pose":"Running","_animationQueue":[],"_animationSpeed":1.103,"_zoom":12.5},{"_mousePosition":[681,382],"_rootPartCFrame":[760.798,222.199,40.322,0.479,0,0.878,0,1,0,-0.878,0,0.479],"_humanoidState":8,"_cameraCFrame":[765.175,235.061,43.15,0.543,-0.764,0.35,0,0.417,0.909,-0.84,-0.493,0.226],"_shiftlockState":false,"_pose":"Running","_animationQueue":[],"_animationSpeed":1.103,"_zoom":12.5},{"_mousePosition":[681,382],"_rootPartCFrame":[760.573,222.199,40.179,0.487,0,0.873,0,1,0,-0.873,0,0.487],"_humanoidState":8,"_cameraCFrame":[764.936,235.062,43.029,0.547,-0.761,0.349,0,0.417,0.909,-0.837,-0.497,0.228],"_shiftlockState":false,"_pose":"Running","_animationQueue":[["walk",0.1]],"_animationSpeed":1.103,"_zoom":12.5},{"_mousePosition":[681,382],"_rootPartCFrame":[760.349,222.2,40.035,0.495,0,0.869,0,1,0,-0.869,0,0.495],"_humanoidState":8,"_cameraCFrame":[764.697,235.062,42.907,0.551,-0.758,0.348,0,0.417,0.909,-0.834,-0.501,0.23],"_shiftlockState":false,"_pose":"Running","_animationQueue":[],"_animationSpeed":1.103,"_zoom":12.5},{"_mousePosition":[681,382],"_rootPartCFrame":[760.126,222.2,39.889,0.502,0,0.865,0,1,0,-0.865,0,0.502],"_humanoidState":8,"_cameraCFrame":[764.448,235.072,42.76,0.553,-0.758,0.346,0,0.415,0.91,-0.833,-0.503,0.23],"_shiftlockState":false,"_pose":"Running","_animationQueue":[],"_animationSpeed":1.103,"_zoom":12.5},{"_mousePosition":[681,382],"_rootPartCFrame":[759.903,222.2,39.742,0.508,0,0.861,0,1,0,-0.861,0,0.508],"_humanoidState":8,"_cameraCFrame":[764.211,235.072,42.635,0.557,-0.755,0.345,0,0.415,0.91,-0.83,-0.507,0.231],"_shiftlockState":false,"_pose":"Running","_animationQueue":[],"_animationSpeed":1.103,"_zoom":12.5},{"_mousePosition":[681,382],"_rootPartCFrame":[759.681,222.2,39.595,0.515,0,0.857,0,1,0,-0.857,0,0.515],"_humanoidState":8,"_cameraCFrame":[763.989,235.072,42.487,0.557,-0.755,0.345,0,0.415,0.91,-0.83,-0.507,0.231],"_shiftlockState":false,"_pose":"Running","_animationQueue":[],"_animationSpeed":1.103,"_zoom":12.5},{"_mousePosition":[681,382],"_rootPartCFrame":[759.459,223.062,39.447,0.521,0,0.854,0,1,0,-0.854,0,0.521],"_humanoidState":3,"_cameraCFrame":[763.759,235.935,42.35,0.56,-0.754,0.344,0,0.415,0.91,-0.829,-0.509,0.232],"_shiftlockState":false,"_pose":"Jumping","_animationQueue":[["walk",0.1],["jump",0.1]],"_animationSpeed":1,"_zoom":12.5},{"_mousePosition":[681,382],"_rootPartCFrame":[759.237,223.871,39.299,0.526,0,0.851,0,1,0,-0.851,0,0.526],"_humanoidState":5,"_cameraCFrame":[763.538,236.743,42.202,0.56,-0.754,0.344,0,0.415,0.91,-0.829,-0.509,0.232],"_shiftlockState":false,"_pose":"FreeFall","_animationQueue":[["jump",0.1]],"_animationSpeed":1,"_zoom":12.5},{"_mousePosition":[681,382],"_rootPartCFrame":[759.016,224.625,39.15,0.531,0,0.848,0,1,0,-0.848,0,0.531],"_humanoidState":5,"_cameraCFrame":[763.317,237.497,42.053,0.56,-0.754,0.344,0,0.415,0.91,-0.829,-0.509,0.232],"_shiftlockState":false,"_pose":"FreeFall","_animationQueue":[],"_animationSpeed":1,"_zoom":12.5},{"_mousePosition":[681,382],"_rootPartCFrame":[758.795,225.324,39,0.535,0,0.845,0,1,0,-0.845,0,0.535],"_humanoidState":5,"_cameraCFrame":[763.096,238.196,41.904,0.56,-0.754,0.344,0,0.415,0.91,-0.829,-0.509,0.232],"_shiftlockState":false,"_pose":"FreeFall","_animationQueue":[],"_animationSpeed":1,"_zoom":12.5},{"_mousePosition":[681,382],"_rootPartCFrame":[758.574,225.969,38.851,0.538,0,0.843,0,1,0,-0.843,0,0.538],"_humanoidState":5,"_cameraCFrame":[762.875,238.841,41.754,0.56,-0.754,0.344,0,0.415,0.91,-0.829,-0.509,0.232],"_shiftlockState":false,"_pose":"FreeFall","_animationQueue":[],"_animationSpeed":1,"_zoom":12.5},{"_mousePosition":[681,382],"_rootPartCFrame":[758.353,226.559,38.702,0.541,0,0.841,0,1,0,-0.841,0,0.541],"_humanoidState":5,"_cameraCFrame":[762.654,239.432,41.605,0.56,-0.754,0.344,0,0.415,0.91,-0.829,-0.509,0.232],"_shiftlockState":false,"_pose":"FreeFall","_animationQueue":[],"_animationSpeed":1,"_zoom":12.5},{"_mousePosition":[681,382],"_rootPartCFrame":[758.133,227.095,38.553,0.544,0,0.839,0,1,0,-0.839,0,0.544],"_humanoidState":5,"_cameraCFrame":[762.433,239.968,41.456,0.56,-0.754,0.344,0,0.415,0.91,-0.829,-0.509,0.232],"_shiftlockState":false,"_pose":"FreeFall","_animationQueue":[],"_animationSpeed":1,"_zoom":12.5},{"_mousePosition":[681,382],"_rootPartCFrame":[757.912,227.577,38.404,0.546,0,0.838,0,1,0,-0.838,0,0.546],"_humanoidState":5,"_cameraCFrame":[762.212,240.449,41.307,0.56,-0.754,0.344,0,0.415,0.91,-0.829,-0.509,0.232],"_shiftlockState":false,"_pose":"FreeFall","_animationQueue":[],"_animationSpeed":1,"_zoom":12.5},{"_mousePosition":[681,382],"_rootPartCFrame":[757.691,228.004,38.254,0.548,0,0.836,0,1,0,-0.836,0,0.548],"_humanoidState":5,"_cameraCFrame":[761.991,240.876,41.158,0.56,-0.754,0.344,0,0.415,0.91,-0.829,-0.509,0.232],"_shiftlockState":false,"_pose":"FreeFall","_animationQueue":[],"_animationSpeed":1,"_zoom":12.5},{"_mousePosition":[681,382],"_rootPartCFrame":[757.47,228.376,38.105,0.55,0,0.835,0,1,0,-0.835,0,0.55],"_humanoidState":5,"_cameraCFrame":[761.77,241.248,41.008,0.56,-0.754,0.344,0,0.415,0.91,-0.829,-0.509,0.232],"_shiftlockState":false,"_pose":"FreeFall","_animationQueue":[],"_animationSpeed":1,"_zoom":12.5},{"_mousePosition":[681,382],"_rootPartCFrame":[757.249,228.694,37.956,0.551,0,0.834,0,1,0,-0.834,0,0.551],"_humanoidState":5,"_cameraCFrame":[761.549,241.566,40.859,0.56,-0.754,0.344,0,0.415,0.91,-0.829,-0.509,0.232],"_shiftlockState":false,"_pose":"FreeFall","_animationQueue":[],"_animationSpeed":1,"_zoom":12.5},{"_mousePosition":[681,382],"_rootPartCFrame":[757.028,228.957,37.807,0.552,0,0.834,0,1,0,-0.834,0,0.552],"_humanoidState":5,"_cameraCFrame":[761.328,241.83,40.71,0.56,-0.754,0.344,0,0.415,0.91,-0.829,-0.509,0.232],"_shiftlockState":false,"_pose":"FreeFall","_animationQueue":[],"_animationSpeed":1,"_zoom":12.5},{"_mousePosition":[681,382],"_rootPartCFrame":[756.807,229.166,37.658,0.553,0,0.833,0,1,0,-0.833,0,0.553],"_humanoidState":5,"_cameraCFrame":[761.107,242.039,40.561,0.56,-0.754,0.344,0,0.415,0.91,-0.829,-0.509,0.232],"_shiftlockState":false,"_pose":"FreeFall","_animationQueue":[],"_animationSpeed":1,"_zoom":12.5},{"_mousePosition":[681,382],"_rootPartCFrame":[756.586,229.321,37.508,0.554,0,0.832,0,1,0,-0.832,0,0.554],"_humanoidState":5,"_cameraCFrame":[760.886,242.193,40.411,0.56,-0.754,0.344,0,0.415,0.91,-0.829,-0.509,0.232],"_shiftlockState":false,"_pose":"FreeFall","_animationQueue":[],"_animationSpeed":1,"_zoom":12.5},{"_mousePosition":[681,382],"_rootPartCFrame":[756.365,229.421,37.359,0.555,0,0.832,0,1,0,-0.832,0,0.555],"_humanoidState":5,"_cameraCFrame":[760.665,242.293,40.262,0.56,-0.754,0.344,0,0.415,0.91,-0.829,-0.509,0.232],"_shiftlockState":false,"_pose":"FreeFall","_animationQueue":[],"_animationSpeed":1,"_zoom":12.5},{"_mousePosition":[681,382],"_rootPartCFrame":[756.144,229.466,37.21,0.556,0,0.831,0,1,0,-0.831,0,0.556],"_humanoidState":5,"_cameraCFrame":[760.444,242.338,40.113,0.56,-0.754,0.344,0,0.415,0.91,-0.829,-0.509,0.232],"_shiftlockState":false,"_pose":"FreeFall","_animationQueue":[],"_animationSpeed":1,"_zoom":12.5},{"_mousePosition":[681,382],"_rootPartCFrame":[755.923,229.457,37.061,0.556,0,0.831,0,1,0,-0.831,0,0.556],"_humanoidState":5,"_cameraCFrame":[760.223,242.329,39.964,0.56,-0.754,0.344,0,0.415,0.91,-0.829,-0.509,0.232],"_shiftlockState":false,"_pose":"FreeFall","_animationQueue":[],"_animationSpeed":1,"_zoom":12.5},{"_mousePosition":[681,382],"_rootPartCFrame":[755.702,229.393,36.911,0.557,0,0.831,0,1,0,-0.831,0,0.557],"_humanoidState":5,"_cameraCFrame":[760.002,242.265,39.815,0.56,-0.754,0.344,0,0.415,0.91,-0.829,-0.509,0.232],"_shiftlockState":false,"_pose":"FreeFall","_animationQueue":[],"_animationSpeed":1,"_zoom":12.5},{"_mousePosition":[681,382],"_rootPartCFrame":[755.481,229.275,36.762,0.557,0,0.83,0,1,0,-0.83,0,0.557],"_humanoidState":5,"_cameraCFrame":[759.781,242.147,39.665,0.56,-0.754,0.344,0,0.415,0.91,-0.829,-0.509,0.232],"_shiftlockState":false,"_pose":"FreeFall","_animationQueue":[],"_animationSpeed":1,"_zoom":12.5},{"_mousePosition":[681,382],"_rootPartCFrame":[755.26,229.102,36.613,0.557,0,0.83,0,1,0,-0.83,0,0.557],"_humanoidState":5,"_cameraCFrame":[759.56,241.975,39.516,0.56,-0.754,0.344,0,0.415,0.91,-0.829,-0.509,0.232],"_shiftlockState":false,"_pose":"FreeFall","_animationQueue":[],"_animationSpeed":1,"_zoom":12.5},{"_mousePosition":[681,382],"_rootPartCFrame":[755.039,228.875,36.464,0.558,0,0.83,0,1,0,-0.83,0,0.558],"_humanoidState":5,"_cameraCFrame":[759.34,241.748,39.367,0.56,-0.754,0.344,0,0.415,0.91,-0.829,-0.509,0.232],"_shiftlockState":false,"_pose":"FreeFall","_animationQueue":[],"_animationSpeed":1,"_zoom":12.5},{"_mousePosition":[681,382],"_rootPartCFrame":[754.818,228.594,36.315,0.558,0,0.83,0,1,0,-0.83,0,0.558],"_humanoidState":5,"_cameraCFrame":[759.119,241.466,39.218,0.56,-0.754,0.344,0,0.415,0.91,-0.829,-0.509,0.232],"_shiftlockState":false,"_pose":"FreeFall","_animationQueue":[["fall",0.3]],"_animationSpeed":1,"_zoom":12.5},{"_mousePosition":[681,382],"_rootPartCFrame":[754.597,228.258,36.165,0.558,0,0.83,0,1,0,-0.83,0,0.558],"_humanoidState":5,"_cameraCFrame":[758.898,241.13,39.069,0.56,-0.754,0.344,0,0.415,0.91,-0.829,-0.509,0.232],"_shiftlockState":false,"_pose":"FreeFall","_animationQueue":[],"_animationSpeed":1,"_zoom":12.5},{"_mousePosition":[681,382],"_rootPartCFrame":[754.376,227.867,36.016,0.558,0,0.83,0,1,0,-0.83,0,0.558],"_humanoidState":5,"_cameraCFrame":[758.677,240.739,38.919,0.56,-0.754,0.344,0,0.415,0.91,-0.829,-0.509,0.232],"_shiftlockState":false,"_pose":"FreeFall","_animationQueue":[],"_animationSpeed":1,"_zoom":12.5},{"_mousePosition":[681,382],"_rootPartCFrame":[754.155,227.422,35.867,0.559,0,0.829,0,1,0,-0.829,0,0.559],"_humanoidState":5,"_cameraCFrame":[758.456,240.294,38.77,0.56,-0.754,0.344,0,0.415,0.91,-0.829,-0.509,0.232],"_shiftlockState":false,"_pose":"FreeFall","_animationQueue":[],"_animationSpeed":1,"_zoom":12.5},{"_mousePosition":[681,382],"_rootPartCFrame":[753.935,226.922,35.718,0.559,0,0.829,0,1,0,-0.829,0,0.559],"_humanoidState":5,"_cameraCFrame":[758.235,239.795,38.621,0.56,-0.754,0.344,0,0.415,0.91,-0.829,-0.509,0.232],"_shiftlockState":false,"_pose":"FreeFall","_animationQueue":[],"_animationSpeed":1,"_zoom":12.5},{"_mousePosition":[681,382],"_rootPartCFrame":[753.769,226.512,35.606,0.559,0,0.829,0,1,0,-0.829,0,0.559],"_humanoidState":5,"_cameraCFrame":[758.069,239.384,38.509,0.56,-0.754,0.344,0,0.415,0.91,-0.829,-0.509,0.232],"_shiftlockState":false,"_pose":"FreeFall","_animationQueue":[],"_animationSpeed":1,"_zoom":12.5},{"_mousePosition":[681,382],"_rootPartCFrame":[753.493,225.76,35.419,0.559,0,0.829,0,1,0,-0.829,0,0.559],"_humanoidState":5,"_cameraCFrame":[757.793,238.632,38.322,0.56,-0.754,0.344,0,0.415,0.91,-0.829,-0.509,0.232],"_shiftlockState":false,"_pose":"FreeFall","_animationQueue":[],"_animationSpeed":1,"_zoom":12.5},{"_mousePosition":[681,382],"_rootPartCFrame":[753.272,225.097,35.27,0.559,0,0.829,0,1,0,-0.829,0,0.559],"_humanoidState":5,"_cameraCFrame":[757.583,237.979,38.117,0.551,-0.76,0.345,0,0.413,0.911,-0.834,-0.502,0.228],"_shiftlockState":false,"_pose":"FreeFall","_animationQueue":[["fall",0.3]],"_animationSpeed":1,"_zoom":12.5},{"_mousePosition":[681,382],"_rootPartCFrame":[753.051,224.379,35.121,0.559,0,0.829,0,1,0,-0.829,0,0.559],"_humanoidState":5,"_cameraCFrame":[757.473,237.261,37.791,0.517,-0.78,0.354,0,0.413,0.911,-0.856,-0.471,0.214],"_shiftlockState":false,"_pose":"FreeFall","_animationQueue":[],"_animationSpeed":1,"_zoom":12.5},{"_mousePosition":[681,382],"_rootPartCFrame":[752.828,223.607,34.974,0.558,0,0.83,0,1,0,-0.83,0,0.558],"_humanoidState":5,"_cameraCFrame":[757.373,236.499,37.383,0.468,-0.805,0.364,0,0.412,0.911,-0.883,-0.427,0.193],"_shiftlockState":false,"_pose":"FreeFall","_animationQueue":[],"_animationSpeed":1,"_zoom":12.5},{"_mousePosition":[681,382],"_rootPartCFrame":[752.601,222.78,34.834,0.554,0,0.832,0,1,0,-0.832,0,0.554],"_humanoidState":5,"_cameraCFrame":[757.305,235.673,36.916,0.405,-0.833,0.376,0,0.412,0.911,-0.914,-0.369,0.167],"_shiftlockState":false,"_pose":"FreeFall","_animationQueue":[],"_animationSpeed":1,"_zoom":12.5},{"_mousePosition":[681,382],"_rootPartCFrame":[752.366,222.656,34.708,0.545,0,0.838,0,1,0,-0.838,0,0.545],"_humanoidState":7,"_cameraCFrame":[757.224,235.548,36.402,0.329,-0.861,0.389,0,0.412,0.911,-0.944,-0.3,0.136],"_shiftlockState":false,"_pose":"FreeFall","_animationQueue":[["walk",0.1],["fall",0.3],["fall",0.3]],"_animationSpeed":1,"_zoom":12.5},{"_mousePosition":[681,382],"_rootPartCFrame":[752.124,222.653,34.597,0.529,0,0.848,0,1,0,-0.848,0,0.529],"_humanoidState":7,"_cameraCFrame":[757.148,235.526,35.892,0.25,-0.881,0.402,0,0.415,0.91,-0.968,-0.227,0.104],"_shiftlockState":false,"_pose":"FreeFall","_animationQueue":[],"_animationSpeed":1,"_zoom":12.5},{"_mousePosition":[681,382],"_rootPartCFrame":[751.873,222.549,34.506,0.506,0,0.862,0,1,0,-0.862,0,0.506],"_humanoidState":8,"_cameraCFrame":[757.047,235.391,35.428,0.175,-0.893,0.414,0,0.42,0.907,-0.985,-0.159,0.074],"_shiftlockState":false,"_pose":"Running","_animationQueue":[["fall",0.3],["walk",0.1],["fall",0.3],["walk",0.1]],"_animationSpeed":1.103,"_zoom":12.5},{"_mousePosition":[681,382],"_rootPartCFrame":[751.615,222.38,34.438,0.474,0,0.88,0,1,0,-0.88,0,0.474],"_humanoidState":8,"_cameraCFrame":[756.857,235.212,35.046,0.115,-0.9,0.419,0,0.422,0.907,-0.993,-0.104,0.049],"_shiftlockState":false,"_pose":"Running","_animationQueue":[],"_animationSpeed":1.103,"_zoom":12.5},{"_mousePosition":[681,382],"_rootPartCFrame":[751.353,222.156,34.39,0.437,0,0.899,0,1,0,-0.899,0,0.437],"_humanoidState":8,"_cameraCFrame":[756.639,234.978,34.76,0.07,-0.903,0.423,0,0.424,0.906,-0.998,-0.063,0.03],"_shiftlockState":false,"_pose":"Running","_animationQueue":[],"_animationSpeed":1.103,"_zoom":12.5},{"_mousePosition":[681,382],"_rootPartCFrame":[751.091,223.029,34.343,0.399,0,0.917,0,1,0,-0.917,0,0.399],"_humanoidState":3,"_cameraCFrame":[756.407,235.84,34.567,0.042,-0.904,0.425,0,0.426,0.905,-0.999,-0.038,0.018],"_shiftlockState":false,"_pose":"Jumping","_animationQueue":[["walk",0.1],["jump",0.1]],"_animationSpeed":1,"_zoom":12.5},{"_mousePosition":[681,382],"_rootPartCFrame":[750.826,223.851,34.316,0.358,0,0.934,0,1,0,-0.934,0,0.358],"_humanoidState":5,"_cameraCFrame":[756.145,236.662,34.459,0.027,-0.905,0.426,0,0.426,0.905,-1,-0.024,0.011],"_shiftlockState":false,"_pose":"FreeFall","_animationQueue":[["jump",0.1]],"_animationSpeed":1,"_zoom":12.5},{"_mousePosition":[681,382],"_rootPartCFrame":[750.56,224.619,34.303,0.317,0,0.949,0,1,0,-0.949,0,0.317],"_humanoidState":5,"_cameraCFrame":[755.879,237.43,34.42,0.022,-0.905,0.426,0,0.426,0.905,-1,-0.02,0.009],"_shiftlockState":false,"_pose":"FreeFall","_animationQueue":[],"_animationSpeed":1,"_zoom":12.5},{"_mousePosition":[681,382],"_rootPartCFrame":[750.293,225.332,34.296,0.278,0,0.961,0,1,0,-0.961,0,0.278],"_humanoidState":5,"_cameraCFrame":[755.613,238.143,34.399,0.019,-0.905,0.426,0,0.426,0.905,-1,-0.018,0.008],"_shiftlockState":false,"_pose":"FreeFall","_animationQueue":[],"_animationSpeed":1,"_zoom":12.5},{"_mousePosition":[681,382],"_rootPartCFrame":[750.026,225.991,34.29,0.243,0,0.97,0,1,0,-0.97,0,0.243],"_humanoidState":5,"_cameraCFrame":[755.347,238.801,34.379,0.017,-0.905,0.426,0,0.426,0.905,-1,-0.015,0.007],"_shiftlockState":false,"_pose":"FreeFall","_animationQueue":[],"_animationSpeed":1,"_zoom":12.5},{"_mousePosition":[681,382],"_rootPartCFrame":[749.76,226.595,34.284,0.212,0,0.977,0,1,0,-0.977,0,0.212],"_humanoidState":5,"_cameraCFrame":[755.08,239.405,34.374,0.017,-0.905,0.426,0,0.426,0.905,-1,-0.015,0.007],"_shiftlockState":false,"_pose":"FreeFall","_animationQueue":[],"_animationSpeed":1,"_zoom":12.5},{"_mousePosition":[681,382],"_rootPartCFrame":[749.493,227.144,34.28,0.185,0,0.983,0,1,0,-0.983,0,0.185],"_humanoidState":5,"_cameraCFrame":[754.813,239.955,34.369,0.017,-0.905,0.426,0,0.426,0.905,-1,-0.015,0.007],"_shiftlockState":false,"_pose":"FreeFall","_animationQueue":[],"_animationSpeed":1,"_zoom":12.5},{"_mousePosition":[681,382],"_rootPartCFrame":[749.227,227.639,34.275,0.162,0,0.987,0,1,0,-0.987,0,0.162],"_humanoidState":5,"_cameraCFrame":[754.547,240.45,34.365,0.017,-0.905,0.426,0,0.426,0.905,-1,-0.015,0.007],"_shiftlockState":false,"_pose":"FreeFall","_animationQueue":[],"_animationSpeed":1,"_zoom":12.5},{"_mousePosition":[681,382],"_rootPartCFrame":[748.96,228.08,34.271,0.141,0,0.99,0,1,0,-0.99,0,0.141],"_humanoidState":5,"_cameraCFrame":[754.28,240.89,34.36,0.017,-0.905,0.426,0,0.426,0.905,-1,-0.015,0.007],"_shiftlockState":false,"_pose":"FreeFall","_animationQueue":[],"_animationSpeed":1,"_zoom":12.5},{"_mousePosition":[681,382],"_rootPartCFrame":[748.693,228.466,34.266,0.124,0,0.992,0,1,0,-0.992,0,0.124],"_humanoidState":5,"_cameraCFrame":[754.014,241.276,34.356,0.017,-0.905,0.426,0,0.426,0.905,-1,-0.015,0.007],"_shiftlockState":false,"_pose":"FreeFall","_animationQueue":[],"_animationSpeed":1,"_zoom":12.5},{"_mousePosition":[681,382],"_rootPartCFrame":[748.427,228.797,34.262,0.109,0,0.994,0,1,0,-0.994,0,0.109],"_humanoidState":5,"_cameraCFrame":[753.747,241.608,34.351,0.017,-0.905,0.426,0,0.426,0.905,-1,-0.015,0.007],"_shiftlockState":false,"_pose":"FreeFall","_animationQueue":[],"_animationSpeed":1,"_zoom":12.5},{"_mousePosition":[681,382],"_rootPartCFrame":[748.16,229.074,34.257,0.096,0,0.995,0,1,0,-0.995,0,0.096],"_humanoidState":5,"_cameraCFrame":[753.48,241.885,34.347,0.017,-0.905,0.426,0,0.426,0.905,-1,-0.015,0.007],"_shiftlockState":false,"_pose":"FreeFall","_animationQueue":[],"_animationSpeed":1,"_zoom":12.5},{"_mousePosition":[681,382],"_rootPartCFrame":[747.893,229.297,34.253,0.085,0,0.996,0,1,0,-0.996,0,0.085],"_humanoidState":5,"_cameraCFrame":[753.214,242.108,34.342,0.017,-0.905,0.426,0,0.426,0.905,-1,-0.015,0.007],"_shiftlockState":false,"_pose":"FreeFall","_animationQueue":[],"_animationSpeed":1,"_zoom":12.5},{"_mousePosition":[681,382],"_rootPartCFrame":[747.627,229.465,34.248,0.075,0,0.997,0,1,0,-0.997,0,0.075],"_humanoidState":5,"_cameraCFrame":[752.947,242.276,34.338,0.017,-0.905,0.426,0,0.426,0.905,-1,-0.015,0.007],"_shiftlockState":false,"_pose":"FreeFall","_animationQueue":[],"_animationSpeed":1,"_zoom":12.5},{"_mousePosition":[681,382],"_rootPartCFrame":[747.36,229.578,34.244,0.067,0,0.998,0,1,0,-0.998,0,0.067],"_humanoidState":5,"_cameraCFrame":[752.681,242.389,34.333,0.017,-0.905,0.426,0,0.426,0.905,-1,-0.015,0.007],"_shiftlockState":false,"_pose":"FreeFall","_animationQueue":[],"_animationSpeed":1,"_zoom":12.5},{"_mousePosition":[681,382],"_rootPartCFrame":[747.094,229.637,34.239,0.06,0,0.998,0,1,0,-0.998,0,0.06],"_humanoidState":5,"_cameraCFrame":[752.414,242.448,34.329,0.017,-0.905,0.426,0,0.426,0.905,-1,-0.015,0.007],"_shiftlockState":false,"_pose":"FreeFall","_animationQueue":[],"_animationSpeed":1,"_zoom":12.5},{"_mousePosition":[681,382],"_rootPartCFrame":[746.827,229.642,34.235,0.054,0,0.999,0,1,0,-0.999,0,0.054],"_humanoidState":5,"_cameraCFrame":[752.147,242.453,34.324,0.017,-0.905,0.426,0,0.426,0.905,-1,-0.015,0.007],"_shiftlockState":false,"_pose":"FreeFall","_animationQueue":[],"_animationSpeed":1,"_zoom":12.5},{"_mousePosition":[681,382],"_rootPartCFrame":[746.56,229.592,34.23,0.049,0,0.999,0,1,0,-0.999,0,0.049],"_humanoidState":5,"_cameraCFrame":[751.881,242.403,34.32,0.017,-0.905,0.426,0,0.426,0.905,-1,-0.015,0.007],"_shiftlockState":false,"_pose":"FreeFall","_animationQueue":[["fall",0.3]],"_animationSpeed":1,"_zoom":12.5},{"_mousePosition":[681,382],"_rootPartCFrame":[746.294,229.487,34.226,0.044,0,0.999,0,1,0,-0.999,0,0.044],"_humanoidState":5,"_cameraCFrame":[751.614,242.298,34.315,0.017,-0.905,0.426,0,0.426,0.905,-1,-0.015,0.007],"_shiftlockState":false,"_pose":"FreeFall","_animationQueue":[],"_animationSpeed":1,"_zoom":12.5},{"_mousePosition":[681,382],"_rootPartCFrame":[746.027,229.328,34.221,0.04,0,0.999,0,1,0,-0.999,0,0.04],"_humanoidState":5,"_cameraCFrame":[751.348,242.139,34.311,0.017,-0.905,0.426,0,0.426,0.905,-1,-0.015,0.007],"_shiftlockState":false,"_pose":"FreeFall