[{"_mousePosition":[771,339],"_rootPartCFrame":[776.034,222.7,47.142,-0.001,0,1,0,1,0,-1,0,-0.001],"_humanoidState":8,"_cameraCFrame":[776.599,239.764,42.966,-0.991,-0.129,0.035,0,0.261,0.965,-0.134,0.957,-0.259],"_shiftlockState":false,"_pose":"Standing","_animationQueue":[],"_animationSpeed":1,"_zoom":16.125},{"_mousePosition":[771,339],"_rootPartCFrame":[775.79,222.7,47.109,0.018,0,1,0,1,0,-1,0,0.018],"_humanoidState":8,"_cameraCFrame":[776.361,239.772,42.965,-0.991,-0.132,0.035,0,0.259,0.966,-0.137,0.957,-0.257],"_shiftlockState":false,"_pose":"Standing","_animationQueue":[],"_animationSpeed":1,"_zoom":16.125},{"_mousePosition":[771,339],"_rootPartCFrame":[775.526,222.7,47.074,0.034,0,0.999,0,1,0,-0.999,0,0.034],"_humanoidState":8,"_cameraCFrame":[776.114,239.781,42.962,-0.99,-0.137,0.036,0,0.258,0.966,-0.142,0.957,-0.255],"_shiftlockState":false,"_pose":"Running","_animationQueue":[["walk",0.1]],"_animationSpeed":1.066,"_zoom":16.125},{"_mousePosition":[771,339],"_rootPartCFrame":[775.262,222.7,47.037,0.047,0,0.999,0,1,0,-0.999,0,0.047],"_humanoidState":8,"_cameraCFrame":[775.852,239.797,42.987,-0.99,-0.139,0.037,0,0.254,0.967,-0.144,0.957,-0.251],"_shiftlockState":false,"_pose":"Running","_animationQueue":[],"_animationSpeed":1.066,"_zoom":16.125},{"_mousePosition":[771,339],"_rootPartCFrame":[774.998,222.7,47,0.06,0,0.998,0,1,0,-0.998,0,0.06],"_humanoidState":8,"_cameraCFrame":[775.599,239.812,43.013,-0.989,-0.144,0.037,0,0.25,0.968,-0.149,0.957,-0.247],"_shiftlockState":false,"_pose":"Running","_animationQueue":[],"_animationSpeed":1.066,"_zoom":16.125},{"_mousePosition":[771,339],"_rootPartCFrame":[774.734,222.7,46.961,0.072,0,0.997,0,1,0,-0.997,0,0.072],"_humanoidState":8,"_cameraCFrame":[775.346,239.828,43.038,-0.988,-0.149,0.038,0,0.246,0.969,-0.154,0.958,-0.243],"_shiftlockState":false,"_pose":"Running","_animationQueue":[["walk",0.1]],"_animationSpeed":1.066,"_zoom":16.125},{"_mousePosition":[771,339],"_rootPartCFrame":[774.471,222.7,46.922,0.082,0,0.997,0,1,0,-0.997,0,0.082],"_humanoidState":8,"_cameraCFrame":[775.093,239.843,43.061,-0.987,-0.154,0.039,0,0.242,0.97,-0.159,0.958,-0.239],"_shiftlockState":false,"_pose":"Running","_animationQueue":[],"_animationSpeed":1.066,"_zoom":16.125},{"_mousePosition":[771,339],"_rootPartCFrame":[774.207,222.7,46.881,0.092,0,0.996,0,1,0,-0.996,0,0.092],"_humanoidState":8,"_cameraCFrame":[774.848,239.859,43.085,-0.986,-0.162,0.04,0,0.239,0.971,-0.167,0.958,-0.235],"_shiftlockState":false,"_pose":"Running","_animationQueue":[],"_animationSpeed":1.066,"_zoom":16.125},{"_mousePosition":[771,339],"_rootPartCFrame":[773.944,222.7,46.838,0.101,0,0.995,0,1,0,-0.995,0,0.101],"_humanoidState":8,"_cameraCFrame":[774.607,239.881,43.14,-0.984,-0.172,0.041,0,0.233,0.972,-0.177,0.957,-0.229],"_shiftlockState":false,"_pose":"Running","_animationQueue":[],"_animationSpeed":1.066,"_zoom":16.125},{"_mousePosition":[771,339],"_rootPartCFrame":[773.681,222.7,46.794,0.11,0,0.994,0,1,0,-0.994,0,0.11],"_humanoidState":8,"_cameraCFrame":[774.357,239.888,43.129,-0.983,-0.177,0.042,0,0.231,0.973,-0.182,0.957,-0.227],"_shiftlockState":false,"_pose":"Running","_animationQueue":[],"_animationSpeed":1.066,"_zoom":16.125},{"_mousePosition":[771,339],"_rootPartCFrame":[773.418,222.7,46.747,0.119,0,0.993,0,1,0,-0.993,0,0.119],"_humanoidState":8,"_cameraCFrame":[774.111,239.902,43.147,-0.982,-0.184,0.043,0,0.227,0.974,-0.189,0.956,-0.223],"_shiftlockState":false,"_pose":"Running","_animationQueue":[],"_animationSpeed":1.066,"_zoom":16.125},{"_mousePosition":[771,339],"_rootPartCFrame":[773.156,222.7,46.699,0.127,0,0.992,0,1,0,-0.992,0,0.127],"_humanoidState":8,"_cameraCFrame":[773.858,239.924,43.195,-0.981,-0.192,0.044,0,0.222,0.975,-0.196,0.956,-0.217],"_shiftlockState":false,"_pose":"Running","_animationQueue":[],"_animationSpeed":1.066,"_zoom":16.125},{"_mousePosition":[771,339],"_rootPartCFrame":[772.894,222.7,46.649,0.135,0,0.991,0,1,0,-0.991,0,0.135],"_humanoidState":8,"_cameraCFrame":[773.596,239.924,43.144,-0.981,-0.192,0.044,0,0.222,0.975,-0.196,0.956,-0.217],"_shiftlockState":false,"_pose":"Running","_animationQueue":[["walk",0.1]],"_animationSpeed":1.066,"_zoom":16.125},{"_mousePosition":[771,339],"_rootPartCFrame":[772.633,222.7,46.596,0.144,0,0.99,0,1,0,-0.99,0,0.144],"_humanoidState":8,"_cameraCFrame":[773.335,239.924,43.092,-0.981,-0.192,0.044,0,0.222,0.975,-0.196,0.956,-0.217],"_shiftlockState":false,"_pose":"Running","_animationQueue":[],"_animationSpeed":1.066,"_zoom":16.125},{"_mousePosition":[771,339],"_rootPartCFrame":[772.371,222.7,46.544,0.151,0,0.989,0,1,0,-0.989,0,0.151],"_humanoidState":8,"_cameraCFrame":[773.073,239.924,43.04,-0.981,-0.192,0.044,0,0.222,0.975,-0.196,0.956,-0.217],"_shiftlockState":false,"_pose":"Running","_animationQueue":[],"_animationSpeed":1.066,"_zoom":16.125},{"_mousePosition":[771,339],"_rootPartCFrame":[772.11,222.7,46.492,0.157,0,0.988,0,1,0,-0.988,0,0.157],"_humanoidState":8,"_cameraCFrame":[772.812,239.924,42.987,-0.981,-0.192,0.044,0,0.222,0.975,-0.196,0.956,-0.217],"_shiftlockState":false,"_pose":"Running","_animationQueue":[],"_animationSpeed":1.066,"_zoom":16.125},{"_mousePosition":[771,339],"_rootPartCFrame":[771.848,222.7,46.439,0.162,0,0.987,0,1,0,-0.987,0,0.162],"_humanoidState":8,"_cameraCFrame":[772.55,239.924,42.935,-0.981,-0.192,0.044,0,0.222,0.975,-0.196,0.956,-0.217],"_shiftlockState":false,"_pose":"Running","_animationQueue":[],"_animationSpeed":1.066,"_zoom":16.125},{"_mousePosition":[771,339],"_rootPartCFrame":[771.587,222.7,46.387,0.167,0,0.986,0,1,0,-0.986,0,0.167],"_humanoidState":8,"_cameraCFrame":[772.292,239.931,42.914,-0.98,-0.194,0.044,0,0.22,0.976,-0.199,0.956,-0.215],"_shiftlockState":false,"_pose":"Running","_animationQueue":[],"_animationSpeed":1.066,"_zoom":16.125},{"_mousePosition":[771,339],"_rootPartCFrame":[771.325,222.7,46.335,0.171,0,0.985,0,1,0,-0.985,0,0.171],"_humanoidState":8,"_cameraCFrame":[772.033,239.937,42.894,-0.98,-0.197,0.044,0,0.218,0.976,-0.201,0.956,-0.213],"_shiftlockState":false,"_pose":"Running","_animationQueue":[["walk",0.1]],"_animationSpeed":1.066,"_zoom":16.125},{"_mousePosition":[771,339],"_rootPartCFrame":[771.064,222.7,46.282,0.175,0,0.985,0,1,0,-0.985,0,0.175],"_humanoidState":8,"_cameraCFrame":[771.765,239.944,42.871,-0.98,-0.197,0.043,0,0.216,0.976,-0.201,0.956,-0.212],"_shiftlockState":false,"_pose":"Running","_animationQueue":[],"_animationSpeed":1.066,"_zoom":16.125},{"_mousePosition":[771,339],"_rootPartCFrame":[770.803,222.7,46.228,0.178,0,0.984,0,1,0,-0.984,0,0.178],"_humanoidState":8,"_cameraCFrame":[771.5,239.958,42.879,-0.979,-0.199,0.043,0,0.212,0.977,-0.204,0.957,-0.208],"_shiftlockState":false,"_pose":"Running","_animationQueue":[],"_animationSpeed":1.066,"_zoom":16.125},{"_mousePosition":[771,339],"_rootPartCFrame":[770.542,222.7,46.174,0.181,0,0.983,0,1,0,-0.983,0,0.181],"_humanoidState":8,"_cameraCFrame":[769.519,239.964,42.499,-0.979,-0.199,0.043,0,0.21,0.978,-0.204,0.957,-0.206],"_shiftlockState":true,"_pose":"Running","_animationQueue":[],"_animationSpeed":1.066,"_zoom":16.125},{"_mousePosition":[683,384],"_rootPartCFrame":[770.215,222.7,46.106,-0.994,0,0.111,0,1,0,-0.111,0,-0.994],"_humanoidState":8,"_cameraCFrame":[769.193,239.964,42.431,-0.979,-0.199,0.043,0,0.21,0.978,-0.204,0.957,-0.206],"_shiftlockState":true,"_pose":"Running","_animationQueue":[],"_animationSpeed":1.066,"_zoom":16.125},{"_mousePosition":[683,384],"_rootPartCFrame":[769.954,222.7,46.052,-0.985,0,0.175,0,1,0,-0.175,0,-0.985],"_humanoidState":8,"_cameraCFrame":[768.932,239.964,42.376,-0.979,-0.199,0.043,0,0.21,0.978,-0.204,0.957,-0.206],"_shiftlockState":true,"_pose":"Running","_animationQueue":[],"_animationSpeed":1.066,"_zoom":16.125},{"_mousePosition":[683,384],"_rootPartCFrame":[769.693,222.666,45.998,-0.98,0,0.201,0,1,0,-0.201,0,-0.98],"_humanoidState":8,"_cameraCFrame":[768.665,239.937,42.352,-0.979,-0.199,0.042,0,0.208,0.978,-0.204,0.958,-0.204],"_shiftlockState":true,"_pose":"Running","_animationQueue":[],"_animationSpeed":1.066,"_zoom":16.125},{"_mousePosition":[683,384],"_rootPartCFrame":[769.432,222.577,45.943,-0.979,0,0.203,0,1,0,-0.203,0,-0.979],"_humanoidState":8,"_cameraCFrame":[768.404,239.848,42.298,-0.979,-0.199,0.042,0,0.208,0.978,-0.204,0.958,-0.204],"_shiftlockState":true,"_pose":"Running","_animationQueue":[["walk",0.1]],"_animationSpeed":1.066,"_zoom":16.125},{"_mousePosition":[683,384],"_rootPartCFrame":[769.171,222.434,45.889,-0.979,0,0.204,0,1,0,-0.204,0,-0.979],"_humanoidState":8,"_cameraCFrame":[768.143,239.705,42.243,-0.979,-0.199,0.042,0,0.208,0.978,-0.204,0.958,-0.204],"_shiftlockState":true,"_pose":"Running","_animationQueue":[],"_animationSpeed":1.066,"_zoom":16.125},{"_mousePosition":[683,384],"_rootPartCFrame":[768.91,223.307,45.834,-0.979,0,0.204,0,1,0,-0.204,0,-0.979],"_humanoidState":3,"_cameraCFrame":[767.882,240.578,42.189,-0.979,-0.199,0.042,0,0.208,0.978,-0.204,0.958,-0.204],"_shiftlockState":true,"_pose":"Jumping","_animationQueue":[["walk",0.1],["jump",0.1]],"_animationSpeed":1,"_zoom":16.125},{"_mousePosition":[683,384],"_rootPartCFrame":[768.649,224.129,45.78,-0.956,0,0.293,0,1,0,-0.293,0,-0.956],"_humanoidState":5,"_cameraCFrame":[767.621,241.4,42.135,-0.979,-0.199,0.042,0,0.208,0.978,-0.204,0.958,-0.204],"_shiftlockState":true,"_pose":"FreeFall","_animationQueue":[["jump",0.1]],"_animationSpeed":1,"_zoom":16.125},{"_mousePosition":[683,384],"_rootPartCFrame":[768.454,224.71,45.739,-0.955,0,0.296,0,1,0,-0.296,0,-0.955],"_humanoidState":5,"_cameraCFrame":[767.425,241.981,42.094,-0.979,-0.199,0.042,0,0.208,0.978,-0.204,0.958,-0.204],"_shiftlockState":true,"_pose":"FreeFall","_animationQueue":[],"_animationSpeed":1,"_zoom":16.125},{"_mousePosition":[683,384],"_rootPartCFrame":[768.127,225.61,45.671,-0.932,0,0.362,0,1,0,-0.362,0,-0.932],"_humanoidState":5,"_cameraCFrame":[767.099,242.881,42.026,-0.979,-0.199,0.042,0,0.208,0.978,-0.204,0.958,-0.204],"_shiftlockState":true,"_pose":"FreeFall","_animationQueue":[],"_animationSpeed":1,"_zoom":16.125},{"_mousePosition":[683,384],"_rootPartCFrame":[767.866,226.268,45.617,-0.943,0,0.332,0,1,0,-0.332,0,-0.943],"_humanoidState":5,"_cameraCFrame":[766.838,243.539,41.972,-0.979,-0.199,0.042,0,0.208,0.978,-0.204,0.958,-0.204],"_shiftlockState":true,"_pose":"FreeFall","_animationQueue":[],"_animationSpeed":1,"_zoom":16.125},{"_mousePosition":[683,384],"_rootPartCFrame":[767.605,226.872,45.563,-0.943,0,0.332,0,1,0,-0.332,0,-0.943],"_humanoidState":5,"_cameraCFrame":[766.577,244.143,41.917,-0.979,-0.199,0.042,0,0.208,0.978,-0.204,0.958,-0.204],"_shiftlockState":true,"_pose":"FreeFall","_animationQueue":[],"_animationSpeed":1,"_zoom":16.125},{"_mousePosition":[683,384],"_rootPartCFrame":[767.344,227.422,45.508,-0.943,0,0.332,0,1,0,-0.332,0,-0.943],"_humanoidState":5,"_cameraCFrame":[766.316,244.693,41.863,-0.979,-0.199,0.042,0,0.208,0.978,-0.204,0.958,-0.204],"_shiftlockState":true,"_pose":"FreeFall","_animationQueue":[],"_animationSpeed":1,"_zoom":16.125},{"_mousePosition":[683,384],"_rootPartCFrame":[767.149,227.798,45.467,-0.954,0,0.301,0,1,0,-0.301,0,-0.954],"_humanoidState":5,"_cameraCFrame":[766.12,245.069,41.822,-0.979,-0.199,0.042,0,0.208,0.978,-0.204,0.958,-0.204],"_shiftlockState":true,"_pose":"FreeFall","_animationQueue":[],"_animationSpeed":1,"_zoom":16.125},{"_mousePosition":[683,384],"_rootPartCFrame":[766.822,228.357,45.4,-0.932,0,0.363,0,1,0,-0.363,0,-0.932],"_humanoidState":5,"_cameraCFrame":[765.794,245.628,41.754,-0.979,-0.199,0.042,0,0.208,0.978,-0.204,0.958,-0.204],"_shiftlockState":true,"_pose":"FreeFall","_animationQueue":[],"_animationSpeed":1,"_zoom":16.125},{"_mousePosition":[683,384],"_rootPartCFrame":[766.627,228.652,45.359,-0.954,0,0.301,0,1,0,-0.301,0,-0.954],"_humanoidState":5,"_cameraCFrame":[765.592,245.93,41.743,-0.979,-0.199,0.042,0,0.206,0.978,-0.204,0.958,-0.202],"_shiftlockState":true,"_pose":"FreeFall","_animationQueue":[],"_animationSpeed":1,"_zoom":16.125},{"_mousePosition":[683,384],"_rootPartCFrame":[766.3,229.075,45.291,-0.932,0,0.363,0,1,0,-0.363,0,-0.932],"_humanoidState":5,"_cameraCFrame":[765.26,246.359,41.706,-0.979,-0.2,0.042,0,0.205,0.979,-0.204,0.958,-0.2],"_shiftlockState":true,"_pose":"FreeFall","_animationQueue":[],"_animationSpeed":1,"_zoom":16.125},{"_mousePosition":[683,384],"_rootPartCFrame":[766.039,229.352,45.236,-0.943,0,0.332,0,1,0,-0.332,0,-0.943],"_humanoidState":5,"_cameraCFrame":[764.992,246.642,41.681,-0.979,-0.2,0.041,0,0.203,0.979,-0.204,0.959,-0.198],"_shiftlockState":true,"_pose":"FreeFall","_animationQueue":[],"_animationSpeed":1,"_zoom":16.125},{"_mousePosition":[683,384],"_rootPartCFrame":[765.778,229.574,45.182,-0.943,0,0.332,0,1,0,-0.332,0,-0.943],"_humanoidState":5,"_cameraCFrame":[764.725,246.871,41.657,-0.979,-0.2,0.041,0,0.201,0.98,-0.204,0.959,-0.196],"_shiftlockState":true,"_pose":"FreeFall","_animationQueue":[],"_animationSpeed":1,"_zoom":16.125},{"_mousePosition":[683,384],"_rootPartCFrame":[765.517,229.742,45.128,-0.943,0,0.332,0,1,0,-0.332,0,-0.943],"_humanoidState":5,"_cameraCFrame":[764.449,247.046,41.636,-0.98,-0.197,0.04,0,0.199,0.98,-0.201,0.96,-0.195],"_shiftlockState":true,"_pose":"FreeFall","_animationQueue":[],"_animationSpeed":1,"_zoom":16.125},{"_mousePosition":[683,384],"_rootPartCFrame":[765.256,229.856,45.073,-0.944,0,0.33,0,1,0,-0.33,0,-0.944],"_humanoidState":5,"_cameraCFrame":[764.173,247.165,41.614,-0.98,-0.195,0.039,0,0.197,0.98,-0.199,0.961,-0.193],"_shiftlockState":true,"_pose":"FreeFall","_animationQueue":[],"_animationSpeed":1,"_zoom":16.125},{"_mousePosition":[683,384],"_rootPartCFrame":[764.995,229.915,45.02,-0.945,0,0.327,0,1,0,-0.327,0,-0.945],"_humanoidState":5,"_cameraCFrame":[763.888,247.23,41.596,-0.981,-0.19,0.038,0,0.195,0.981,-0.194,0.962,-0.191],"_shiftlockState":true,"_pose":"FreeFall","_animationQueue":[],"_animationSpeed":1,"_zoom":16.125},{"_mousePosition":[683,384],"_rootPartCFrame":[764.734,229.919,44.966,-0.947,0,0.323,0,1,0,-0.323,0,-0.947],"_humanoidState":5,"_cameraCFrame":[763.604,247.241,41.579,-0.982,-0.185,0.036,0,0.193,0.981,-0.189,0.964,-0.19],"_shiftlockState":true,"_pose":"FreeFall","_animationQueue":[],"_animationSpeed":1,"_zoom":16.125},{"_mousePosition":[683,384],"_rootPartCFrame":[764.472,229.869,44.914,-0.948,0,0.318,0,1,0,-0.318,0,-0.948],"_humanoidState":5,"_cameraCFrame":[763.305,247.203,41.596,-0.983,-0.178,0.034,0,0.189,0.982,-0.182,0.966,-0.186],"_shiftlockState":true,"_pose":"FreeFall","_animationQueue":[],"_animationSpeed":1,"_zoom":16.125},{"_mousePosition":[683,384],"_rootPartCFrame":[764.211,229.765,44.864,-0.951,0,0.311,0,1,0,-0.311,0,-0.951],"_humanoidState":5,"_cameraCFrame":[763.005,247.105,41.588,-0.985,-0.169,0.032,0,0.187,0.982,-0.172,0.968,-0.185],"_shiftlockState":true,"_pose":"FreeFall","_animationQueue":[],"_animationSpeed":1,"_zoom":16.125},{"_mousePosition":[683,384],"_rootPartCFrame":[763.948,229.606,44.815,-0.954,0,0.301,0,1,0,-0.301,0,-0.954],"_humanoidState":5,"_cameraCFrame":[762.678,246.963,41.65,-0.988,-0.154,0.028,0,0.182,0.983,-0.157,0.971,-0.179],"_shiftlockState":true,"_pose":"FreeFall","_animationQueue":[["fall",0.3]],"_animationSpeed":1,"_zoom":16.125},{"_mousePosition":[683,384],"_rootPartCFrame":[763.686,229.393,44.769,-0.958,0,0.286,0,1,0,-0.286,0,-0.958],"_humanoidState":5,"_cameraCFrame":[762.359,246.761,41.684,-0.99,-0.139,0.025,0,0.178,0.984,-0.142,0.974,-0.176],"_shiftlockState":true,"_pose":"FreeFall","_animationQueue":[],"_animationSpeed":1,"_zoom":16.125},{"_mousePosition":[683,384],"_rootPartCFrame":[763.422,229.125,44.727,-0.962,0,0.272,0,1,0,-0.272,0,-0.962],"_humanoidState":5,"_cameraCFrame":[762.034,246.504,41.727,-0.992,-0.122,0.022,0,0.174,0.985,-0.124,0.977,-0.173],"_shiftlockState":true,"_pose":"FreeFall","_animationQueue":[],"_animationSpeed":1,"_zoom":16.125},{"_mousePosition":[683,384],"_rootPartCFrame":[763.159,228.802,44.688,-0.967,0,0.255,0,1,0,-0.255,0,-0.967],"_humanoidState":5,"_cameraCFrame":[761.702,246.182,41.725,-0.995,-0.1,0.018,0,0.174,0.985,-0.101,0.98,-0.173],"_shiftlockState":true,"_pose":"FreeFall","_animationQueue":[],"_animationSpeed":1,"_zoom":16.125},{"_mousePosition":[683,384],"_rootPartCFrame":[762.894,228.425,44.655,-0.973,0,0.233,0,1,0,-0.233,0,-0.973],"_humanoidState":5,"_cameraCFrame":[761.37,245.805,41.725,-0.997,-0.078,0.014,0,0.174,0.985,-0.079,0.982,-0.173],"_shiftlockState":true,"_pose":"FreeFall","_animationQueue":[],"_animationSpeed":1,"_zoom":16.125},{"_mousePosition":[683,384],"_rootPartCFrame":[762.629,227.994,44.627,-0.978,0,0.21,0,1,0,-0.21,0,-0.978],"_humanoidState":5,"_cameraCFrame":[761.038,245.374,41.733,-0.998,-0.055,0.01,0,0.174,0.985,-0.056,0.983,-0.173],"_shiftlockState":true,"_pose":"FreeFall","_animationQueue":[],"_animationSpeed":1,"_zoom":16.125},{"_mousePosition":[683,384],"_rootPartCFrame":[762.363,227.508,44.605,-0.982,0,0.188,0,1,0,-0.188,0,-0.982],"_humanoidState":5,"_cameraCFrame":[760.714,244.888,41.744,-0.999,-0.035,0.006,0,0.174,0.985,-0.036,0.984,-0.174],"_shiftlockState":true,"_pose":"FreeFall","_animationQueue":[["fall",0.3]],"_animationSpeed":1,"_zoom":16.125},{"_mousePosition":[683,384],"_rootPartCFrame":[762.097,226.967,44.589,-0.986,0,0.168,0,1,0,-0.168,0,-0.986],"_humanoidState":5,"_cameraCFrame":[760.391,244.347,41.762,-1,-0.015,0.003,0,0.174,0.985,-0.016,0.985,-0.174],"_shiftlockState":true,"_pose":"FreeFall","_animationQueue":[],"_animationSpeed":1,"_zoom":16.125},{"_mousePosition":[683,384],"_rootPartCFrame":[761.764,226.215,44.576,-0.983,0,0.181,0,1,0,-0.181,0,-0.983],"_humanoidState":5,"_cameraCFrame":[760.015,243.595,41.775,-1,0,0,0,0.174,0.985,0,0.985,-0.174],"_shiftlockState":true,"_pose":"FreeFall","_animationQueue":[],"_animationSpeed":1,"_zoom":16.125},{"_mousePosition":[683,384],"_rootPartCFrame":[761.564,225.723,44.572,-0.995,0,0.1,0,1,0,-0.1,0,-0.995],"_humanoidState":5,"_cameraCFrame":[759.772,243.103,41.798,-1,0.015,-0.003,0,0.174,0.985,0.015,0.985,-0.174],"_shiftlockState":true,"_pose":"FreeFall","_animationQueue":[],"_animationSpeed":1,"_zoom":16.125},{"_mousePosition":[683,384],"_rootPartCFrame":[761.297,225.019,44.572,-0.993,0,0.118,0,1,0,-0.118,0,-0.993],"_humanoidState":5,"_cameraCFrame":[759.457,242.399,41.83,-0.999,0.032,-0.006,0,0.174,0.985,0.033,0.984,-0.174],"_shiftlockState":true,"_pose":"FreeFall","_animationQueue":[],"_animationSpeed":1,"_zoom":16.125},{"_mousePosition":[683,384],"_rootPartCFrame":[761.031,224.26,44.575,-0.995,0,0.101,0,1,0,-0.101,0,-0.995],"_humanoidState":5,"_cameraCFrame":[759.128,241.64,41.876,-0.998,0.054,-0.01,0,0.174,0.985,0.055,0.983,-0.173],"_shiftlockState":true,"_pose":"FreeFall","_animationQueue":[],"_animationSpeed":1,"_zoom":16.125},{"_mousePosition":[683,384],"_rootPartCFrame":[760.764,223.447,44.583,-0.997,0,0.078,0,1,0,-0.078,0,-0.997],"_humanoidState":5,"_cameraCFrame":[758.828,240.827,41.908,-0.998,0.067,-0.012,0,0.174,0.985,0.068,0.983,-0.173],"_shiftlockState":true,"_pose":"FreeFall","_animationQueue":[["fall",0.3]],"_animationSpeed":1,"_zoom":16.125},{"_mousePosition":[683,384],"_rootPartCFrame":[760.498,222.58,44.597,-0.999,0,-0.033,0,1,0,0.033,0,-0.999],"_humanoidState":7,"_cameraCFrame":[758.541,239.96,41.937,-0.997,0.074,-0.013,0,0.174,0.985,0.076,0.982,-0.173],"_shiftlockState":true,"_pose":"FreeFall","_animationQueue":[["walk",0.1],["fall",0.3],["fall",0.3]],"_animationSpeed":1,"_zoom":16.125},{"_mousePosition":[683,384],"_rootPartCFrame":[760.232,222.413,44.614,-0.997,0,-0.073,0,1,0,0.073,0,-0.997],"_humanoidState":7,"_cameraCFrame":[758.275,239.793,41.954,-0.997,0.074,-0.013,0,0.174,0.985,0.076,0.982,-0.173],"_shiftlockState":true,"_pose":"FreeFall","_animationQueue":[],"_animationSpeed":1,"_zoom":16.125},{"_mousePosition":[683,384],"_rootPartCFrame":[760.032,222.483,44.629,-0.997,0,-0.075,0,1,0,0.075,0,-0.997],"_humanoidState":7,"_cameraCFrame":[758.076,239.863,41.969,-0.997,0.074,-0.013,0,0.174,0.985,0.076,0.982,-0.173],"_shiftlockState":true,"_pose":"FreeFall","_animationQueue":[],"_animationSpeed":1,"_zoom":16.125},{"_mousePosition":[683,384],"_rootPartCFrame":[759.7,222.59,44.654,-0.997,0,-0.075,0,1,0,0.075,0,-0.997],"_humanoidState":8,"_cameraCFrame":[757.743,239.97,41.994,-0.997,0.074,-0.013,0,0.174,0.985,0.076,0.982,-0.173],"_shiftlockState":true,"_pose":"Running","_animationQueue":[["walk",0.1],["fall",0.3],["walk",0.1]],"_animationSpeed":1.103,"_zoom":16.125},{"_mousePosition":[683,384],"_rootPartCFrame":[759.434,222.639,44.674,-0.997,0,-0.076,0,1,0,0.076,0,-0.997],"_humanoidState":8,"_cameraCFrame":[757.478,240.019,42.014,-0.997,0.074,-0.013,0,0.174,0.985,0.076,0.982,-0.173],"_shiftlockState":true,"_pose":"Running","_animationQueue":[],"_animationSpeed":1.103,"_zoom":16.125},{"_mousePosition":[683,384],"_rootPartCFrame":[759.168,222.667,44.695,-0.997,0,-0.076,0,1,0,0.076,0,-0.997],"_humanoidState":8,"_cameraCFrame":[757.232,240.047,42.02,-0.998,0.067,-0.012,0,0.174,0.985,0.068,0.983,-0.173],"_shiftlockState":true,"_pose":"Running","_animationQueue":[],"_animationSpeed":1.103,"_zoom":16.125},{"_mousePosition":[683,384],"_rootPartCFrame":[758.902,222.682,44.715,-0.998,0,-0.068,0,1,0,0.068,0,-0.998],"_humanoidState":8,"_cameraCFrame":[757.027,240.062,41.997,-0.999,0.045,-0.008,0,0.174,0.985,0.045,0.984,-0.173],"_shiftlockState":true,"_pose":"Running","_animationQueue":[["walk",0.1]],"_animationSpeed":1.103,"_zoom":16.125},{"_mousePosition":[683,384],"_rootPartCFrame":[758.636,222.69,44.733,-0.999,0,-0.045,0,1,0,0.045,0,-0.999],"_humanoidState":8,"_cameraCFrame":[756.852,240.064,41.924,-1,0.012,-0.002,0,0.176,0.984,0.012,0.984,-0.176],"_shiftlockState":true,"_pose":"Running","_animationQueue":[],"_animationSpeed":1.103,"_zoom":16.125},{"_mousePosition":[683,384],"_rootPartCFrame":[758.37,222.694,44.745,-1,0,-0.012,0,1,0,0.012,0,-1],"_humanoidState":8,"_cameraCFrame":[756.694,240.063,41.84,-1,-0.025,0.005,0,0.177,0.984,-0.026,0.984,-0.177],"_shiftlockState":true,"_pose":"Running","_animationQueue":[],"_animationSpeed":1.103,"_zoom":16.125},{"_mousePosition":[683,384],"_rootPartCFrame":[758.103,222.696,44.749,-1,0,0.026,0,1,0,-0.026,0,-1],"_humanoidState":8,"_cameraCFrame":[756.533,240.06,41.755,-0.998,-0.06,0.011,0,0.179,0.984,-0.061,0.982,-0.179],"_shiftlockState":true,"_pose":"Running","_animationQueue":[],"_animationSpeed":1.103,"_zoom":16.125},{"_mousePosition":[683,384],"_rootPartCFrame":[757.837,222.697,44.743,-0.998,0,0.061,0,1,0,-0.061,0,-0.998],"_humanoidState":8,"_cameraCFrame":[756.358,240.061,41.703,-0.996,-0.09,0.016,0,0.179,0.984,-0.091,0.98,-0.179],"_shiftlockState":true,"_pose":"Running","_animationQueue":[],"_animationSpeed":1.103,"_zoom":16.125},{"_mousePosition":[683,384],"_rootPartCFrame":[757.57,223.56,44.737,-0.996,0,0.091,0,1,0,-0.091,0,-0.996],"_humanoidState":3,"_cameraCFrame":[756.092,240.924,41.696,-0.996,-0.09,0.016,0,0.179,0.984,-0.091,0.98,-0.179],"_shiftlockState":true,"_pose":"Jumping","_animationQueue":[["walk",0.1],["jump",0.1]],"_animationSpeed":1,"_zoom":16.125},{"_mousePosition":[683,384],"_rootPartCFrame":[757.371,224.172,44.722,-0.988,0,0.153,0,1,0,-0.153,0,-0.988],"_humanoidState":5,"_cameraCFrame":[755.892,241.535,41.681,-0.996,-0.09,0.016,0,0.179,0.984,-0.091,0.98,-0.179],"_shiftlockState":true,"_pose":"FreeFall","_animationQueue":[["jump",0.1]],"_animationSpeed":1,"_zoom":16.125},{"_mousePosition":[683,384],"_rootPartCFrame":[757.105,224.939,44.697,-0.977,0,0.215,0,1,0,-0.215,0,-0.977],"_humanoidState":5,"_cameraCFrame":[755.627,242.302,41.657,-0.996,-0.09,0.016,0,0.179,0.984,-0.091,0.98,-0.179],"_shiftlockState":true,"_pose":"FreeFall","_animationQueue":[],"_animationSpeed":1,"_zoom":16.125},{"_mousePosition":[683,384],"_rootPartCFrame":[756.839,225.652,44.673,-0.975,0,0.222,0,1,0,-0.222,0,-0.975],"_humanoidState":5,"_cameraCFrame":[755.361,243.016,41.632,-0.996,-0.09,0.016,0,0.179,0.984,-0.091,0.98,-0.179],"_shiftlockState":true,"_pose":"FreeFall","_animationQueue":[],"_animationSpeed":1,"_zoom":16.125},{"_mousePosition":[683,384],"_rootPartCFrame":[756.574,226.311,44.649,-0.975,0,0.223,0,1,0,-0.223,0,-0.975],"_humanoidState":5,"_cameraCFrame":[755.095,243.674,41.608,-0.996,-0.09,0.016,0,0.179,0.984,-0.091,0.98,-0.179],"_shiftlockState":true,"_pose":"FreeFall","_animationQueue":[],"_animationSpeed":1,"_zoom":16.125},{"_mousePosition":[683,384],"_rootPartCFrame":[756.308,226.915,44.624,-0.975,0,0.223,0,1,0,-0.223,0,-0.975],"_humanoidState":5,"_cameraCFrame":[754.83,244.278,41.584,-0.996,-0.09,0.016,0,0.179,0.984,-0.091,0.98,-0.179],"_shiftlockState":true,"_pose":"FreeFall","_animationQueue":[],"_animationSpeed":1,"_zoom":16.125},{"_mousePosition":[683,384],"_rootPartCFrame":[755.976,227.593,44.594,-0.967,0,0.255,0,1,0,-0.255,0,-0.967],"_humanoidState":5,"_cameraCFrame":[754.498,244.956,41.553,-0.996,-0.09,0.016,0,0.179,0.984,-0.091,0.98,-0.179],"_shiftlockState":true,"_pose":"FreeFall","_animationQueue":[],"_animationSpeed":1,"_zoom":16.125},{"_mousePosition":[683,384],"_rootPartCFrame":[755.777,227.959,44.576,-0.982,0,0.19,0,1,0,-0.19,0,-0.982],"_humanoidState":5,"_cameraCFrame":[754.298,245.323,41.535,-0.996,-0.09,0.016,0,0.179,0.984,-0.091,0.98,-0.179],"_shiftlockState":true,"_pose":"FreeFall","_animationQueue":[],"_animationSpeed":1,"_zoom":16.125},{"_mousePosition":[683,384],"_rootPartCFrame":[755.511,228.4,44.551,-0.975,0,0.223,0,1,0,-0.223,0,-0.975],"_humanoidState":5,"_cameraCFrame":[754.033,245.763,41.511,-0.996,-0.09,0.016,0,0.179,0.984,-0.091,0.98,-0.179],"_shiftlockState":true,"_pose":"FreeFall","_animationQueue":[],"_animationSpeed":1,"_zoom":16.125},{"_mousePosition":[683,384],"_rootPartCFrame":[755.179,228.874,44.521,-0.967,0,0.255,0,1,0,-0.255,0,-0.967],"_humanoidState":5,"_cameraCFrame":[753.716,246.237,41.473,-0.995,-0.095,0.017,0,0.179,0.984,-0.096,0.979,-0.179],"_shiftlockState":true,"_pose":"FreeFall","_animationQueue":[],"_animationSpeed":1,"_zoom":16.125},{"_mousePosition":[683,384],"_rootPartCFrame":[754.914,229.192,44.496,-0.974,0,0.228,0,1,0,-0.228,0,-0.974],"_humanoidState":5,"_cameraCFrame":[753.451,246.555,41.448,-0.995,-0.095,0.017,0,0.179,0.984,-0.096,0.979,-0.179],"_shiftlockState":true,"_pose":"FreeFall","_animationQueue":[],"_animationSpeed":1,"_zoom":16.125},{"_mousePosition":[683,384],"_rootPartCFrame":[754.715,229.394,44.477,-0.981,0,0.195,0,1,0,-0.195,0,-0.981],"_humanoidState":5,"_cameraCFrame":[753.241,246.763,41.464,-0.996,-0.092,0.017,0,0.177,0.984,-0.094,0.98,-0.177],"_shiftlockState":true,"_pose":"FreeFall","_animationQueue":[],"_animationSpeed":1,"_zoom":16.125},{"_mousePosition":[683,384],"_rootPartCFrame":[754.383,229.664,44.445,-0.966,0,0.258,0,1,0,-0.258,0,-0.966],"_humanoidState":5,"_cameraCFrame":[752.874,247.044,41.508,-0.996,-0.082,0.015,0,0.174,0.985,-0.084,0.981,-0.173],"_shiftlockState":true,"_pose":"FreeFall","_animationQueue":[],"_animationSpeed":1,"_zoom":16.125},{"_mousePosition":[683,384],"_rootPartCFrame":[754.118,229.818,44.42,-0.977,0,0.215,0,1,0,-0.215,0,-0.977],"_humanoidState":5,"_cameraCFrame":[752.579,247.198,41.499,-0.997,-0.073,0.013,0,0.174,0.985,-0.074,0.982,-0.173],"_shiftlockState":true,"_pose":"FreeFall","_animationQueue":[],"_animationSpeed":1,"_zoom":16.125},{"_mousePosition":[683,384],"_rootPartCFrame":[753.852,229.918,44.397,-0.979,0,0.206,0,1,0,-0.206,0,-0.979],"_humanoidState":5,"_cameraCFrame":[752.283,247.298,41.492,-0.998,-0.063,0.011,0,0.174,0.985,-0.064,0.983,-0.173],"_shiftlockState":true,"_pose":"FreeFall","_animationQueue":[],"_animationSpeed":1,"_zoom":16.125},{"_mousePosition":[683,384],"_rootPartCFrame":[753.586,229.964,44.377,-0.981,0,0.196,0,1,0,-0.196,0,-0.981],"_humanoidState":5,"_cameraCFrame":[751.974,247.344,41.496,-0.999,-0.048,0.008,0,0.174,0.985,-0.048,0.984,-0.173],"_shiftlockState":true,"_pose":"FreeFall","_animationQueue":[],"_animationSpeed":1,"_zoom":16.125},{"_mousePosition":[683,384],"_rootPartCFrame":[753.32,229.954,44.36,-0.984,0,0.181,0,1,0,-0.181,0,-0.984],"_humanoidState":5,"_cameraCFrame":[751.664,247.335,41.503,-0.999,-0.033,0.006,0,0.174,0.985,-0.033,0.984,-0.174],"_shiftlockState":true,"_pose":"FreeFall","_animationQueue":[["fall",0.3]],"_animationSpeed":1,"_zoom":16.125},{"_mousePosition":[683,384],"_rootPartCFrame":[753.054,229.891,44.346,-0.986,0,0.166,0,1,0,-0.166,0,-0.986],"_humanoidState":5,"_cameraCFrame":[751.354,247.271,41.515,-1,-0.018,0.003,0,0.174,0.985,-0.018,0.985,-0.174],"_shiftlockState":true,"_pose":"FreeFall","_animationQueue":[],"_animationSpeed":1,"_zoom":16.125},{"_mousePosition":[683,384],"_rootPartCFrame":[752.787,229.773,44.337,-0.989,0,0.151,0,1,0,-0.151,0,-0.989],"_humanoidState":5,"_cameraCFrame":[751.059,247.153,41.523,-1,-0.008,0.001,0,0.174,0.985,-0.008,0.985,-0.174],"_shiftlockState":true,"_pose":"FreeFall","_animationQueue":[],"_animationSpeed":1,"_zoom":16.125},{"_mousePosition":[683,384],"_rootPartCFrame":[752.52,229.6,44.332,-0.99,0,0.141,0,1,0,-0.141,0,-0.99],"_humanoidState":5,"_cameraCFrame":[750.75,246.98,41.544,-1,0.007,-0.001,0,0.174,0.985,0.007,0.985,-0.174],"_shiftlockState":true,"_pose":"FreeFall","_animationQueue":[],"_animationSpeed":1,"_zoom":16.125},{"_mousePosition":[683,384],"_rootPartCFrame":[752.254,229.373,44.329,-0.992,0,0.126,0,1,0,-0.126,0,-0.992],"_humanoidState":5,"_cameraCFrame":[750.441,246.753,41.569,-1,0.022,-0.004,0,0.174,0.985,0.022,0.985,-0.174],"_shiftlockState":true,"_pose":"FreeFall","_animationQueue":[],"_animationSpeed":1,"_zoom":16.125},{"_mousePosition":[683,384],"_rootPartCFrame":[751.987,229.091,44.33,-0.994,0,0.111,0,1,0,-0.111,0,-0.994],"_humanoidState":5,"_cameraCFrame":[750.126,246.472,41.603,-0.999,0.04,-0.007,0,0.174,0.985,0.04,0.984,-0.174],"_shiftlockState":true,"_pose":"FreeFall","_animationQueue":[],"_animationSpeed":1,"_zoom":16.125},{"_mousePosition":[683,384],"_rootPartCFrame":[751.721,228.755,44.336,-0.996,0,0.093,0,1,0,-0.093,0,-0.996],"_humanoidState":5,"_cameraCFrame":[749.805,246.135,41.646,-0.998,0.059,-0.01,0,0.174,0.985,0.06,0.983,-0.173],"_shiftlockState":true,"_pose":"FreeFall","_animationQueue":[["fall",0.3]],"_animationSpeed":1,"_zoom":16.125},{"_mousePosition":[683,384],"_rootPartCFrame":[751.454,228.365,44.346,-0.997,0,0.073,0,1,0,-0.073,0,-0.997],"_humanoidState":5,"_cameraCFrame":[749.484,245.745,41.696,-0.997,0.079,-0.014,0,0.174,0.985,0.081,0.982,-0.173],"_shiftlockState":true,"_pose":"FreeFall","_animationQueue":[],"_animationSpeed":1,"_zoom":16.125},{"_mousePosition":[683,384],"_rootPartCFrame":[751.188,227.92,44.361,-0.999,0,0.053,0,1,0,-0.053,0,-0.999],"_humanoidState":5,"_cameraCFrame":[749.165,245.3,41.751,-0.995,0.099,-0.017,0,0.174,0.985,0.101,0.98,-0.173],"_shiftlockState":true,"_pose":"FreeFall","_animationQueue":[],"_animationSpeed":1,"_zoom":16.125},{"_mousePosition":[683,384],"_rootPartCFrame":[750.922,227.42,44.382,-0.999,0,0.032,0,1,0,-0.032,0,-0.999],"_humanoidState":5,"_cameraCFrame":[748.834,244.8,41.824,-0.992,0.124,-0.022,0,0.174,0.985,0.126,0.977,-0.172],"_shiftlockState":true,"_pose":"FreeFall","_animationQueue":[],"_animationSpeed":1,"_zoom":16.125},{"_mousePosition":[683,384],"_rootPartCFrame":[750.657,226.866,44.408,-1,0,0.007,0,1,0,-0.007,0,-1],"_humanoidState":5,"_cameraCFrame":[748.555,244.246,41.861,-0.991,0.129,-0.023,0,0.174,0.985,0.131,0.976,-0.172],"_shiftlockState":true,"_pose":"FreeFall","_animationQueue":[],"_animationSpeed":1,"_zoom":16.125},{"_mousePosition":[683,384],"_rootPartCFrame":[750.392,226.257,44.44,-1,0,0.002,0,1,0,-0.002,0,-1],"_humanoidState":5,"_cameraCFrame":[748.291,243.637,41.893,-0.991,0.129,-0.023,0,0.174,0.985,0.131,0.976,-0.172],"_shiftlockState":true,"_pose":"FreeFall","_animationQueue":[],"_animationSpeed":1,"_zoom":16.125},{"_mousePosition":[683,384],"_rootPartCFrame":[750.128,225.594,44.475,-0.995,0,-0.096,0,1,0,0.096,0,-0.995],"_humanoidState":7,"_cameraCFrame":[748.026,242.974,41.928,-0.991,0.129,-0.023,0,0.174,0.985,0.131,0.976,-0.172],"_shiftlockState":true,"_pose":"FreeFall","_animationQueue":[["walk",0.1],["fall",0.3],["fall",0.3]],"_animationSpeed":1,"_zoom":16.125},{"_mousePosition":[683,384],"_rootPartCFrame":[749.929,225.462,44.501,-0.992,0,-0.129,0,1,0,0.129,0,-0.992],"_humanoidState":7,"_cameraCFrame":[747.828,242.842,41.954,-0.991,0.129,-0.023,0,0.174,0.985,0.131,0.976,-0.172],"_shiftlockState":true,"_pose":"FreeFall","_animationQueue":[["fall",0.3]],"_animationSpeed":1,"_zoom":16.125},{"_mousePosition":[683,384],"_rootPartCFrame":[749.599,225.554,44.545,-0.991,0,-0.131,0,1,0,0.131,0,-0.991],"_humanoidState":8,"_cameraCFrame":[747.497,242.934,41.998,-0.991,0.129,-0.023,0,0.174,0.985,0.131,0.976,-0.172],"_shiftlockState":true,"_pose":"Running","_animationQueue":[["walk",0.1],["fall",0.3],["walk",0.1]],"_animationSpeed":1.103,"_zoom":16.125},{"_mousePosition":[683,384],"_rootPartCFrame":[749.334,225.618,44.58,-0.991,0,-0.131,0,1,0,0.131,0,-0.991],"_humanoidState":8,"_cameraCFrame":[747.233,242.998,42.033,-0.991,0.129,-0.023,0,0.174,0.985,0.131,0.976,-0.172],"_shiftlockState":true,"_pose":"Running","_animationQueue":[],"_animationSpeed":1.103,"_zoom":16.125},{"_mousePosition":[683,384],"_rootPartCFrame":[749.07,225.656,44.615,-0.991,0,-0.131,0,1,0,0.131,0,-0.991],"_humanoidState":8,"_cameraCFrame":[746.969,243.036,42.068,-0.991,0.129,-0.023,0,0.174,0.985,0.131,0.976,-0.172],"_shiftlockState":true,"_pose":"Running","_animationQueue":[],"_animationSpeed":1.103,"_zoom":16.125},{"_mousePosition":[683,384],"_rootPartCFrame":[748.806,225.675,44.65,-0.991,0,-0.131,0,1,0,0.131,0,-0.991],"_humanoidState":8,"_cameraCFrame":[746.704,243.055,42.103,-0.991,0.129,-0.023,0,0.174,0.985,0.131,0.976,-0.172],"_shiftlockState":true,"_pose":"Running","_animationQueue":[],"_animationSpeed":1.103,"_zoom":16.125},{"_mousePosition":[683,384],"_rootPartCFrame":[748.541,225.686,44.684,-0.991,0,-0.131,0,1,0,0.131,0,-0.991],"_humanoidState":8,"_cameraCFrame":[746.446,243.066,42.132,-0.992,0.126,-0.022,0,0.174,0.985,0.128,0.977,-0.172],"_shiftlockState":true,"_pose":"Running","_animationQueue":[],"_animationSpeed":1.103,"_zoom":16.125},{"_mousePosition":[683,384],"_rootPartCFrame":[748.211,225.693,44.728,-0.992,0,-0.128,0,1,0,0.128,0,-0.992],"_humanoidState":8,"_cameraCFrame":[746.161,243.073,42.139,-0.994,0.109,-0.019,0,0.174,0.985,0.111,0.979,-0.173],"_shiftlockState":true,"_pose":"Running","_animationQueue":[["walk",0.1]],"_animationSpeed":1.103,"_zoom":16.125},{"_mousePosition":[683,384],"_rootPartCFrame":[747.946,225.696,44.762,-0.994,0,-0.111,0,1,0,0.111,0,-0.994],"_humanoidState":8,"_cameraCFrame":[745.994,243.07,42.067,-0.997,0.072,-0.013,0,0.176,0.984,0.073,0.982,-0.175],"_shiftlockState":true,"_pose":"Running","_animationQueue":[],"_animationSpeed":1.103,"_zoom":16.125},{"_mousePosition":[683,384],"_rootPartCFrame":[747.681,225.697,44.793,-0.997,0,-0.073,0,1,0,0.073,0,-0.997],"_humanoidState":8,"_cameraCFrame":[745.94,243.055,41.864,-1,-0.003,0.001,0,0.181,0.983,-0.003,0.983,-0.181],"_shiftlockState":true,"_pose":"Running","_animationQueue":[],"_animationSpeed":1.103,"_zoom":16.125},{"_mousePosition":[683,384],"_rootPartCFrame":[747.416,225.692,44.814,-1,0,0.003,0,1,0,-0.003,0,-1],"_humanoidState":8,"_cameraCFrame":[745.883,243.038,41.711,-0.997,-0.07,0.013,0,0.185,0.983,-0.071,0.98,-0.185],"_shiftlockState":true,"_pose":"Running","_animationQueue":[],"_animationSpeed":1.103,"_zoom":16.125},{"_mousePosition":[683,384],"_rootPartCFrame":[747.149,225.694,44.816,-0.997,0,0.071,0,1,0,-0.071,0,-0.997],"_humanoidState":8,"_cameraCFrame":[745.844,243.035,41.582,-0.99,-0.139,0.026,0,0.187,0.982,-0.142,0.972,-0.185],"_shiftlockState":true,"_pose":"Running","_animationQueue":[],"_animationSpeed":1.103,"_zoom":16.125},{"_mousePosition":[683,384],"_rootPartCFrame":[746.883,226.567,44.815,-0.99,0,0.142,0,1,0,-0.142,0,-0.99],"_humanoidState":3,"_cameraCFrame":[745.816,243.902,41.467,-0.977,-0.208,0.04,0,0.189,0.982,-0.211,0.96,-0.185],"_shiftlockState":true,"_pose":"Jumping","_animationQueue":[["walk",0.1],["jump",0.1]],"_animationSpeed":1,"_zoom":16.125},{"_mousePosition":[683,384],"_rootPartCFrame":[746.618,227.389,44.792,-0.954,0,0.3,0,1,0,-0.3,0,-0.954],"_humanoidState":5,"_cameraCFrame":[745.799,244.724,41.374,-0.959,-0.277,0.053,0,0.189,0.982,-0.282,0.942,-0.181],"_shiftlockState":true,"_pose":"FreeFall","_animationQueue":[["jump",0.1]],"_animationSpeed":1,"_zoom":16.125},{"_mousePosition":[683,384],"_rootPartCFrame":[746.356,228.157,44.74,-0.915,0,0.403,0,1,0,-0.403,0,-0.915],"_humanoidState":5,"_cameraCFrame":[745.782,245.491,41.273,-0.937,-0.343,0.066,0,0.189,0.982,-0.35,0.92,-0.177],"_shiftlockState":true,"_pose":"FreeFall","_animationQueue":[],"_animationSpeed":1,"_zoom":16.125},{"_mousePosition":[683,384],"_rootPartCFrame":[746.099,228.87,44.668,-0.882,0,0.471,0,1,0,-0.471,0,-0.882],"_humanoidState":5,"_cameraCFrame":[745.763,246.204,41.171,-0.911,-0.405,0.078,0,0.189,0.982,-0.413,0.894,-0.172],"_shiftlockState":true,"_pose":"FreeFall","_animationQueue":[],"_animationSpeed":1,"_zoom":16.125},{"_mousePosition":[683,384],"_rootPartCFrame":[745.848,229.529,44.579,-0.848,0,0.53,0,1,0,-0.53,0,-0.848],"_humanoidState":5,"_cameraCFrame":[745.734,246.863,41.067,-0.883,-0.461,0.089,0,0.189,0.982,-0.47,0.867,-0.167],"_shiftlockState":true,"_pose":"FreeFall","_animationQueue":[],"_animationSpeed":1,"_zoom":16.125},{"_mousePosition":[683,384],"_rootPartCFrame":[745.604,230.133,44.472,-0.813,0,0.583,0,1,0,-0.583,0,-0.813],"_humanoidState":5,"_cameraCFrame":[745.694,247.467,40.959,-0.854,-0.511,0.098,0,0.189,0.982,-0.52,0.839,-0.161],"_shiftlockState":true,"_pose":"FreeFall","_animationQueue":[],"_animationSpeed":1,"_zoom":16.125},{"_mousePosition":[683,384],"_rootPartCFrame":[745.367,230.682,44.349,-0.777,0,0.629,0,1,0,-0.629,0,-0.777],"_humanoidState":5,"_cameraCFrame":[745.653,248.011,40.82,-0.827,-0.552,0.107,0,0.191,0.982,-0.563,0.811,-0.158],"_shiftlockState":true,"_pose":"FreeFall","_animationQueue":[],"_animationSpeed":1,"_zoom":16.125},{"_mousePosition":[683,384],"_rootPartCFrame":[745.138,231.177,44.213,-0.745,0,0.668,0,1,0,-0.668,0,-0.745],"_humanoidState":5,"_cameraCFrame":[745.63,248.487,40.625,-0.802,-0.586,0.118,0,0.197,0.98,-0.598,0.786,-0.158],"_shiftlockState":true,"_pose":"FreeFall","_animationQueue":[],"_animationSpeed":1,"_zoom":16.125},{"_mousePosition":[683,384],"_rootPartCFrame":[744.917,231.618,44.064,-0.715,0,0.699,0,1,0,-0.699,0,-0.715],"_humanoidState":5,"_cameraCFrame":[745.603,248.909,40.426,-0.778,-0.615,0.127,0,0.202,0.979,-0.628,0.762,-0.158],"_shiftlockState":true,"_pose":"FreeFall","_animationQueue":[],"_animationSpeed":1,"_zoom":16.125},{"_mousePosition":[683,384],"_rootPartCFrame":[744.691,232.004,43.939,-0.705,0,0.709,0,1,0,-0.709,0,-0.705],"_humanoidState":5,"_cameraCFrame":[745.442,249.289,40.285,-0.77,-0.624,0.13,0,0.204,0.979,-0.637,0.754,-0.157],"_shiftlockState":true,"_pose":"FreeFall","_animationQueue":[],"_animationSpeed":1,"_zoom":16.125},{"_mousePosition":[683,384],"_rootPartCFrame":[744.455,232.335,43.852,-0.701,0,0.713,0,1,0,-0.713,0,-0.701],"_humanoidState":5,"_cameraCFrame":[745.245,249.614,40.179,-0.767,-0.628,0.132,0,0.206,0.979,-0.641,0.751,-0.158],"_shiftlockState":true,"_pose":"FreeFall","_animationQueue":[],"_animationSpeed":1,"_zoom":16.125},{"_mousePosition":[683,384],"_rootPartCFrame":[744.209,232.612,43.803,-0.697,0,0.717,0,1,0,-0.717,0,-0.697],"_humanoidState":5,"_cameraCFrame":[744.999,249.891,40.13,-0.767,-0.628,0.132,0,0.206,0.979,-0.641,0.751,-0.158],"_shiftlockState":true,"_pose":"FreeFall","_animationQueue":[],"_animationSpeed":1,"_zoom":16.125},{"_mousePosition":[683,384],"_rootPartCFrame":[743.953,232.835,43.793,-0.696,0,0.718,0,1,0,-0.718,0,-0.696],"_humanoidState":5,"_cameraCFrame":[744.743,250.113,40.12,-0.767,-0.628,0.132,0,0.206,0.979,-0.641,0.751,-0.158],"_shiftlockState":true,"_pose":"FreeFall","_animationQueue":[],"_animationSpeed":1,"_zoom":16.125},{"_mousePosition":[683,384],"_rootPartCFrame":[743.703,233.003,43.819,-0.746,0,0.666,0,1,0,-0.666,0,-0.746],"_humanoidState":5,"_cameraCFrame":[744.493,250.281,40.146,-0.767,-0.628,0.132,0,0.206,0.979,-0.641,0.751,-0.158],"_shiftlockState":true,"_pose":"FreeFall","_animationQueue":[],"_animationSpeed":1,"_zoom":16.125},{"_mousePosition":[683,384],"_rootP