[{"_mousePosition":[681,379],"_rootPartCFrame":[776.034,222.7,47.142,-0.002,0,1,0,1,0,-1,0,-0.002],"_humanoidState":8,"_cameraCFrame":[785.621,237.06,45.495,-0.169,-0.786,0.595,0,0.603,0.798,-0.986,0.135,-0.102],"_shiftlockState":false,"_pose":"Standing","_animationQueue":[],"_animationSpeed":1,"_zoom":16.125},{"_mousePosition":[681,379],"_rootPartCFrame":[775.791,222.7,47.184,-0.025,0,1,0,1,0,-1,0,-0.025],"_humanoidState":8,"_cameraCFrame":[785.129,237.248,45.58,-0.169,-0.797,0.579,0,0.588,0.809,-0.986,0.137,-0.099],"_shiftlockState":false,"_pose":"Standing","_animationQueue":[],"_animationSpeed":1,"_zoom":16.125},{"_mousePosition":[681,379],"_rootPartCFrame":[775.529,222.7,47.229,-0.045,0,0.999,0,1,0,-0.999,0,-0.045],"_humanoidState":8,"_cameraCFrame":[784.619,237.43,45.691,-0.167,-0.809,0.564,0,0.572,0.82,-0.986,0.137,-0.095],"_shiftlockState":false,"_pose":"Running","_animationQueue":[["walk",0.1]],"_animationSpeed":1.066,"_zoom":16.125},{"_mousePosition":[681,379],"_rootPartCFrame":[775.266,222.7,47.274,-0.062,0,0.998,0,1,0,-0.998,0,-0.062],"_humanoidState":8,"_cameraCFrame":[783.963,237.711,45.916,-0.154,-0.828,0.539,0,0.546,0.838,-0.988,0.129,-0.084],"_shiftlockState":false,"_pose":"Running","_animationQueue":[],"_animationSpeed":1.066,"_zoom":16.125},{"_mousePosition":[681,379],"_rootPartCFrame":[775.003,222.7,47.319,-0.076,0,0.997,0,1,0,-0.997,0,-0.076],"_humanoidState":8,"_cameraCFrame":[783.424,237.896,46.091,-0.144,-0.841,0.522,0,0.528,0.849,-0.99,0.123,-0.076],"_shiftlockState":false,"_pose":"Running","_animationQueue":[],"_animationSpeed":1.066,"_zoom":16.125},{"_mousePosition":[681,379],"_rootPartCFrame":[774.74,222.7,47.36,-0.087,0,0.996,0,1,0,-0.996,0,-0.087],"_humanoidState":8,"_cameraCFrame":[782.886,238.075,46.298,-0.129,-0.853,0.505,0,0.509,0.861,-0.992,0.111,-0.066],"_shiftlockState":false,"_pose":"Running","_animationQueue":[],"_animationSpeed":1.066,"_zoom":16.125},{"_mousePosition":[681,379],"_rootPartCFrame":[774.476,222.7,47.399,-0.095,0,0.995,0,1,0,-0.995,0,-0.095],"_humanoidState":8,"_cameraCFrame":[782.34,238.248,46.495,-0.114,-0.866,0.488,0,0.491,0.871,-0.993,0.1,-0.056],"_shiftlockState":false,"_pose":"Running","_animationQueue":[],"_animationSpeed":1.066,"_zoom":16.125},{"_mousePosition":[681,379],"_rootPartCFrame":[774.212,222.7,47.434,-0.1,0,0.995,0,1,0,-0.995,0,-0.1],"_humanoidState":8,"_cameraCFrame":[781.814,238.4,46.676,-0.099,-0.876,0.471,0,0.474,0.881,-0.995,0.087,-0.047],"_shiftlockState":false,"_pose":"Running","_animationQueue":[],"_animationSpeed":1.066,"_zoom":16.125},{"_mousePosition":[681,379],"_rootPartCFrame":[773.947,222.7,47.465,-0.102,0,0.995,0,1,0,-0.995,0,-0.102],"_humanoidState":8,"_cameraCFrame":[781.284,238.546,46.865,-0.081,-0.887,0.455,0,0.457,0.89,-0.997,0.072,-0.037],"_shiftlockState":false,"_pose":"Running","_animationQueue":[],"_animationSpeed":1.066,"_zoom":16.125},{"_mousePosition":[681,379],"_rootPartCFrame":[773.682,222.7,47.491,-0.102,0,0.995,0,1,0,-0.995,0,-0.102],"_humanoidState":8,"_cameraCFrame":[780.775,238.673,47.02,-0.066,-0.896,0.44,0,0.441,0.898,-0.998,0.06,-0.029],"_shiftlockState":false,"_pose":"Running","_animationQueue":[["walk",0.1]],"_animationSpeed":1.066,"_zoom":16.125},{"_mousePosition":[681,379],"_rootPartCFrame":[773.416,222.7,47.513,-0.099,0,0.995,0,1,0,-0.995,0,-0.099],"_humanoidState":8,"_cameraCFrame":[780.289,238.782,47.161,-0.051,-0.903,0.426,0,0.427,0.904,-0.999,0.046,-0.022],"_shiftlockState":false,"_pose":"Running","_animationQueue":[],"_animationSpeed":1.066,"_zoom":16.125},{"_mousePosition":[681,379],"_rootPartCFrame":[773.15,222.7,47.531,-0.095,0,0.995,0,1,0,-0.995,0,-0.095],"_humanoidState":8,"_cameraCFrame":[779.799,238.888,47.275,-0.039,-0.91,0.412,0,0.413,0.911,-0.999,0.035,-0.016],"_shiftlockState":false,"_pose":"Running","_animationQueue":[],"_animationSpeed":1.066,"_zoom":16.125},{"_mousePosition":[681,379],"_rootPartCFrame":[772.883,222.7,47.545,-0.089,0,0.996,0,1,0,-0.996,0,-0.089],"_humanoidState":8,"_cameraCFrame":[779.335,238.977,47.378,-0.026,-0.916,0.4,0,0.4,0.916,-1,0.024,-0.01],"_shiftlockState":false,"_pose":"Running","_animationQueue":[],"_animationSpeed":1.066,"_zoom":16.125},{"_mousePosition":[681,379],"_rootPartCFrame":[772.617,222.7,47.556,-0.083,0,0.997,0,1,0,-0.997,0,-0.083],"_humanoidState":8,"_cameraCFrame":[778.896,239.051,47.457,-0.016,-0.921,0.389,0,0.389,0.921,-1,0.015,-0.006],"_shiftlockState":false,"_pose":"Running","_animationQueue":[],"_animationSpeed":1.066,"_zoom":16.125},{"_mousePosition":[681,379],"_rootPartCFrame":[772.35,222.7,47.563,-0.075,0,0.997,0,1,0,-0.997,0,-0.075],"_humanoidState":8,"_cameraCFrame":[778.486,239.112,47.529,-0.006,-0.925,0.38,0,0.38,0.925,-1,0.005,-0.002],"_shiftlockState":false,"_pose":"Running","_animationQueue":[],"_animationSpeed":1.066,"_zoom":16.125},{"_mousePosition":[681,379],"_rootPartCFrame":[772.084,222.7,47.568,-0.067,0,0.998,0,1,0,-0.998,0,-0.067],"_humanoidState":8,"_cameraCFrame":[778.044,239.183,47.609,0.007,-0.929,0.37,0,0.37,0.929,-1,-0.007,0.003],"_shiftlockState":false,"_pose":"Running","_animationQueue":[],"_animationSpeed":1.066,"_zoom":16.125},{"_mousePosition":[681,379],"_rootPartCFrame":[771.817,222.7,47.569,-0.059,0,0.998,0,1,0,-0.998,0,-0.059],"_humanoidState":8,"_cameraCFrame":[777.66,239.229,47.669,0.017,-0.932,0.362,0,0.362,0.932,-1,-0.016,0.006],"_shiftlockState":false,"_pose":"Running","_animationQueue":[["walk",0.1]],"_animationSpeed":1.066,"_zoom":16.125},{"_mousePosition":[681,379],"_rootPartCFrame":[771.551,222.7,47.568,-0.05,0,0.999,0,1,0,-0.999,0,-0.05],"_humanoidState":8,"_cameraCFrame":[777.274,239.274,47.738,0.03,-0.934,0.355,0,0.355,0.935,-1,-0.028,0.011],"_shiftlockState":false,"_pose":"Running","_animationQueue":[],"_animationSpeed":1.066,"_zoom":16.125},{"_mousePosition":[681,379],"_rootPartCFrame":[771.284,222.7,47.563,-0.041,0,0.999,0,1,0,-0.999,0,-0.041],"_humanoidState":8,"_cameraCFrame":[776.887,239.318,47.815,0.045,-0.937,0.347,0,0.348,0.938,-0.999,-0.042,0.016],"_shiftlockState":false,"_pose":"Running","_animationQueue":[],"_animationSpeed":1.066,"_zoom":16.125},{"_mousePosition":[681,379],"_rootPartCFrame":[770.951,223.77,47.558,-0.03,0,1,0,1,0,-1,0,-0.03],"_humanoidState":3,"_cameraCFrame":[776.462,240.42,47.876,0.058,-0.938,0.342,0,0.342,0.94,-0.998,-0.054,0.02],"_shiftlockState":false,"_pose":"Jumping","_animationQueue":[["walk",0.1],["jump",0.1]],"_animationSpeed":1,"_zoom":16.125},{"_mousePosition":[681,379],"_rootPartCFrame":[770.751,224.371,47.55,-0.023,0,1,0,1,0,-1,0,-0.023],"_humanoidState":5,"_cameraCFrame":[776.2,241.043,47.906,0.065,-0.939,0.338,0,0.339,0.941,-0.998,-0.061,0.022],"_shiftlockState":false,"_pose":"FreeFall","_animationQueue":[["jump",0.1]],"_animationSpeed":1,"_zoom":16.125},{"_mousePosition":[681,379],"_rootPartCFrame":[770.418,225.305,47.531,-0.01,0,1,0,1,0,-1,0,-0.01],"_humanoidState":5,"_cameraCFrame":[775.837,241.988,47.899,0.068,-0.939,0.336,0,0.337,0.942,-0.998,-0.064,0.023],"_shiftlockState":false,"_pose":"FreeFall","_animationQueue":[],"_animationSpeed":1,"_zoom":16.125},{"_mousePosition":[681,379],"_rootPartCFrame":[770.219,225.824,47.518,-0.002,0,1,0,1,0,-1,0,-0.002],"_humanoidState":5,"_cameraCFrame":[775.638,242.507,47.886,0.068,-0.939,0.336,0,0.337,0.942,-0.998,-0.064,0.023],"_shiftlockState":false,"_pose":"FreeFall","_animationQueue":[],"_animationSpeed":1,"_zoom":16.125},{"_mousePosition":[681,379],"_rootPartCFrame":[769.886,226.622,47.496,0.01,0,1,0,1,0,-1,0,0.01],"_humanoidState":5,"_cameraCFrame":[775.305,243.305,47.864,0.068,-0.939,0.336,0,0.337,0.942,-0.998,-0.064,0.023],"_shiftlockState":false,"_pose":"FreeFall","_animationQueue":[],"_animationSpeed":1,"_zoom":16.125},{"_mousePosition":[681,379],"_rootPartCFrame":[769.686,227.06,47.482,0.016,0,1,0,1,0,-1,0,0.016],"_humanoidState":5,"_cameraCFrame":[775.105,243.742,47.85,0.068,-0.939,0.336,0,0.337,0.942,-0.998,-0.064,0.023],"_shiftlockState":false,"_pose":"FreeFall","_animationQueue":[],"_animationSpeed":1,"_zoom":16.125},{"_mousePosition":[681,379],"_rootPartCFrame":[769.42,227.595,47.464,0.023,0,1,0,1,0,-1,0,0.023],"_humanoidState":5,"_cameraCFrame":[774.839,244.278,47.832,0.068,-0.939,0.336,0,0.337,0.942,-0.998,-0.064,0.023],"_shiftlockState":false,"_pose":"FreeFall","_animationQueue":[],"_animationSpeed":1,"_zoom":16.125},{"_mousePosition":[681,379],"_rootPartCFrame":[769.088,228.189,47.442,0.031,0,1,0,1,0,-1,0,0.031],"_humanoidState":5,"_cameraCFrame":[774.476,244.882,47.821,0.07,-0.94,0.334,0,0.335,0.942,-0.998,-0.066,0.024],"_shiftlockState":false,"_pose":"FreeFall","_animationQueue":[],"_animationSpeed":1,"_zoom":16.125},{"_mousePosition":[681,379],"_rootPartCFrame":[768.888,228.504,47.428,0.035,0,0.999,0,1,0,-0.999,0,0.035],"_humanoidState":5,"_cameraCFrame":[774.217,245.218,47.803,0.07,-0.941,0.331,0,0.331,0.944,-0.998,-0.066,0.023],"_shiftlockState":false,"_pose":"FreeFall","_animationQueue":[],"_animationSpeed":1,"_zoom":16.125},{"_mousePosition":[681,379],"_rootPartCFrame":[768.622,228.876,47.41,0.04,0,0.999,0,1,0,-0.999,0,0.04],"_humanoidState":5,"_cameraCFrame":[773.922,245.601,47.783,0.07,-0.942,0.329,0,0.329,0.944,-0.998,-0.066,0.023],"_shiftlockState":false,"_pose":"FreeFall","_animationQueue":[],"_animationSpeed":1,"_zoom":16.125},{"_mousePosition":[681,379],"_rootPartCFrame":[768.289,229.265,47.386,0.045,0,0.999,0,1,0,-0.999,0,0.045],"_humanoidState":5,"_cameraCFrame":[773.531,246.01,47.742,0.068,-0.943,0.325,0,0.326,0.945,-0.998,-0.064,0.022],"_shiftlockState":false,"_pose":"FreeFall","_animationQueue":[],"_animationSpeed":1,"_zoom":16.125},{"_mousePosition":[681,379],"_rootPartCFrame":[768.09,229.457,47.372,0.048,0,0.999,0,1,0,-0.999,0,0.048],"_humanoidState":5,"_cameraCFrame":[773.273,246.223,47.698,0.063,-0.945,0.321,0,0.322,0.947,-0.998,-0.059,0.02],"_shiftlockState":false,"_pose":"FreeFall","_animationQueue":[],"_animationSpeed":1,"_zoom":16.125},{"_mousePosition":[681,379],"_rootPartCFrame":[767.757,229.71,47.35,0.051,0,0.999,0,1,0,-0.999,0,0.051],"_humanoidState":5,"_cameraCFrame":[772.884,246.496,47.619,0.053,-0.947,0.318,0,0.318,0.948,-0.999,-0.05,0.017],"_shiftlockState":false,"_pose":"FreeFall","_animationQueue":[],"_animationSpeed":1,"_zoom":16.125},{"_mousePosition":[681,379],"_rootPartCFrame":[767.491,229.851,47.333,0.053,0,0.999,0,1,0,-0.999,0,0.053],"_humanoidState":5,"_cameraCFrame":[772.561,246.656,47.548,0.042,-0.948,0.314,0,0.315,0.949,-0.999,-0.04,0.013],"_shiftlockState":false,"_pose":"FreeFall","_animationQueue":[],"_animationSpeed":1,"_zoom":16.125},{"_mousePosition":[681,379],"_rootPartCFrame":[767.291,229.921,47.322,0.054,0,0.999,0,1,0,-0.999,0,0.054],"_humanoidState":5,"_cameraCFrame":[772.305,246.746,47.458,0.027,-0.95,0.311,0,0.311,0.95,-1,-0.026,0.008],"_shiftlockState":false,"_pose":"FreeFall","_animationQueue":[],"_animationSpeed":1,"_zoom":16.125},{"_mousePosition":[681,379],"_rootPartCFrame":[767.025,229.966,47.31,0.053,0,0.999,0,1,0,-0.999,0,0.053],"_humanoidState":5,"_cameraCFrame":[771.98,246.811,47.37,0.012,-0.952,0.307,0,0.307,0.952,-1,-0.011,0.004],"_shiftlockState":false,"_pose":"FreeFall","_animationQueue":[],"_animationSpeed":1,"_zoom":16.125},{"_mousePosition":[681,379],"_rootPartCFrame":[766.758,229.957,47.302,0.05,0,0.999,0,1,0,-0.999,0,0.05],"_humanoidState":5,"_cameraCFrame":[771.654,246.821,47.262,-0.008,-0.953,0.304,0,0.304,0.953,-1,0.008,-0.002],"_shiftlockState":false,"_pose":"FreeFall","_animationQueue":[],"_animationSpeed":1,"_zoom":16.125},{"_mousePosition":[681,379],"_rootPartCFrame":[766.492,229.893,47.298,0.046,0,0.999,0,1,0,-0.999,0,0.046],"_humanoidState":5,"_cameraCFrame":[771.325,246.776,47.136,-0.033,-0.953,0.3,0,0.3,0.954,-0.999,0.032,-0.01],"_shiftlockState":false,"_pose":"FreeFall","_animationQueue":[["fall",0.3]],"_animationSpeed":1,"_zoom":16.125},{"_mousePosition":[681,379],"_rootPartCFrame":[766.225,229.775,47.3,0.039,0,0.999,0,1,0,-0.999,0,0.039],"_humanoidState":5,"_cameraCFrame":[770.992,246.677,47.007,-0.061,-0.953,0.296,0,0.296,0.955,-0.998,0.059,-0.018],"_shiftlockState":false,"_pose":"FreeFall","_animationQueue":[],"_animationSpeed":1,"_zoom":16.125},{"_mousePosition":[681,379],"_rootPartCFrame":[765.958,229.603,47.308,0.03,0,1,0,1,0,-1,0,0.03],"_humanoidState":5,"_cameraCFrame":[770.624,246.532,46.879,-0.092,-0.953,0.289,0,0.291,0.957,-0.996,0.088,-0.027],"_shiftlockState":false,"_pose":"FreeFall","_animationQueue":[],"_animationSpeed":1,"_zoom":16.125},{"_mousePosition":[681,379],"_rootPartCFrame":[765.692,229.375,47.323,0.019,0,1,0,1,0,-1,0,0.019],"_humanoidState":5,"_cameraCFrame":[770.239,246.332,46.66,-0.144,-0.948,0.282,0,0.285,0.959,-0.99,0.138,-0.041],"_shiftlockState":false,"_pose":"FreeFall","_animationQueue":[],"_animationSpeed":1,"_zoom":16.125},{"_mousePosition":[681,379],"_rootPartCFrame":[765.426,229.094,47.346,0.005,0,1,0,1,0,-1,0,0.005],"_humanoidState":5,"_cameraCFrame":[769.886,246.068,46.522,-0.182,-0.944,0.277,0,0.281,0.96,-0.983,0.174,-0.051],"_shiftlockState":false,"_pose":"FreeFall","_animationQueue":[],"_animationSpeed":1,"_zoom":16.125},{"_mousePosition":[681,379],"_rootPartCFrame":[765.096,228.665,47.392,-0.018,0,1,0,1,0,-1,0,-0.018],"_humanoidState":5,"_cameraCFrame":[769.467,245.657,46.434,-0.214,-0.938,0.271,0,0.278,0.961,-0.977,0.206,-0.059],"_shiftlockState":false,"_pose":"FreeFall","_animationQueue":[],"_animationSpeed":1,"_zoom":16.125},{"_mousePosition":[681,379],"_rootPartCFrame":[764.899,228.367,47.427,-0.034,0,0.999,0,1,0,-0.999,0,-0.034],"_humanoidState":5,"_cameraCFrame":[769.186,245.376,46.373,-0.239,-0.934,0.266,0,0.274,0.962,-0.971,0.23,-0.065],"_shiftlockState":false,"_pose":"FreeFall","_animationQueue":[],"_animationSpeed":1,"_zoom":16.125},{"_mousePosition":[681,379],"_rootPartCFrame":[764.592,227.802,47.518,-0.159,0,0.987,0,1,0,-0.987,0,-0.159],"_humanoidState":5,"_cameraCFrame":[768.825,244.82,46.375,-0.261,-0.929,0.262,0,0.272,0.962,-0.965,0.251,-0.071],"_shiftlockState":false,"_pose":"FreeFall","_animationQueue":[["fall",0.3]],"_animationSpeed":1,"_zoom":16.125},{"_mousePosition":[681,379],"_rootPartCFrame":[764.372,227.289,47.627,-0.274,0,0.962,0,1,0,-0.962,0,-0.274],"_humanoidState":5,"_cameraCFrame":[768.557,244.315,46.428,-0.275,-0.926,0.26,0,0.27,0.963,-0.961,0.265,-0.074],"_shiftlockState":false,"_pose":"FreeFall","_animationQueue":[],"_animationSpeed":1,"_zoom":16.125},{"_mousePosition":[681,379],"_rootPartCFrame":[764.174,226.721,47.769,-0.375,0,0.927,0,1,0,-0.927,0,-0.375],"_humanoidState":5,"_cameraCFrame":[768.319,243.756,46.537,-0.285,-0.923,0.257,0,0.268,0.963,-0.959,0.275,-0.076],"_shiftlockState":false,"_pose":"FreeFall","_animationQueue":[],"_animationSpeed":1,"_zoom":16.125},{"_mousePosition":[681,379],"_rootPartCFrame":[764.042,226.26,47.897,-0.44,0,0.898,0,1,0,-0.898,0,-0.44],"_humanoidState":5,"_cameraCFrame":[768.173,243.294,46.622,-0.295,-0.921,0.256,0,0.268,0.963,-0.956,0.284,-0.079],"_shiftlockState":false,"_pose":"FreeFall","_animationQueue":[],"_animationSpeed":1,"_zoom":16.125},{"_mousePosition":[681,379],"_rootPartCFrame":[763.851,225.422,48.148,-0.533,0,0.846,0,1,0,-0.846,0,-0.533],"_humanoidState":5,"_cameraCFrame":[767.941,242.465,46.841,-0.304,-0.918,0.254,0,0.266,0.964,-0.953,0.293,-0.081],"_shiftlockState":false,"_pose":"FreeFall","_animationQueue":[],"_animationSpeed":1,"_zoom":16.125},{"_mousePosition":[681,379],"_rootPartCFrame":[763.723,224.691,48.38,-0.594,0,0.804,0,1,0,-0.804,0,-0.594],"_humanoidState":5,"_cameraCFrame":[767.809,241.734,47.063,-0.307,-0.917,0.253,0,0.266,0.964,-0.952,0.296,-0.082],"_shiftlockState":false,"_pose":"FreeFall","_animationQueue":[],"_animationSpeed":1,"_zoom":16.125},{"_mousePosition":[681,379],"_rootPartCFrame":[763.631,224.107,48.557,-0.633,0,0.774,0,1,0,-0.774,0,-0.633],"_humanoidState":5,"_cameraCFrame":[767.717,241.15,47.24,-0.307,-0.917,0.253,0,0.266,0.964,-0.952,0.296,-0.082],"_shiftlockState":false,"_pose":"FreeFall","_animationQueue":[],"_animationSpeed":1,"_zoom":16.125},{"_mousePosition":[681,379],"_rootPartCFrame":[763.479,223.065,48.854,-0.686,0,0.727,0,1,0,-0.727,0,-0.686],"_humanoidState":5,"_cameraCFrame":[767.565,240.108,47.537,-0.307,-0.917,0.253,0,0.266,0.964,-0.952,0.296,-0.082],"_shiftlockState":false,"_pose":"FreeFall","_animationQueue":[["fall",0.3]],"_animationSpeed":1,"_zoom":16.125},{"_mousePosition":[681,379],"_rootPartCFrame":[763.387,222.399,49.032,-0.713,0,0.702,0,1,0,-0.702,0,-0.713],"_humanoidState":7,"_cameraCFrame":[767.474,239.442,47.715,-0.307,-0.917,0.253,0,0.266,0.964,-0.952,0.296,-0.082],"_shiftlockState":false,"_pose":"FreeFall","_animationQueue":[["walk",0.1],["fall",0.3],["fall",0.3]],"_animationSpeed":1,"_zoom":16.125},{"_mousePosition":[681,379],"_rootPartCFrame":[763.266,222.208,49.269,-0.742,0,0.67,0,1,0,-0.67,0,-0.742],"_humanoidState":7,"_cameraCFrame":[767.352,239.251,47.952,-0.307,-0.917,0.253,0,0.266,0.964,-0.952,0.296,-0.082],"_shiftlockState":false,"_pose":"FreeFall","_animationQueue":[],"_animationSpeed":1,"_zoom":16.125},{"_mousePosition":[681,379],"_rootPartCFrame":[763.144,222.284,49.507,-0.766,0,0.643,0,1,0,-0.643,0,-0.766],"_humanoidState":7,"_cameraCFrame":[767.231,239.327,48.189,-0.307,-0.917,0.253,0,0.266,0.964,-0.952,0.296,-0.082],"_shiftlockState":false,"_pose":"FreeFall","_animationQueue":[],"_animationSpeed":1,"_zoom":16.125},{"_mousePosition":[681,379],"_rootPartCFrame":[762.992,222.367,49.803,-0.79,0,0.613,0,1,0,-0.613,0,-0.79],"_humanoidState":8,"_cameraCFrame":[767.088,239.41,48.517,-0.3,-0.92,0.254,0,0.266,0.964,-0.954,0.289,-0.08],"_shiftlockState":false,"_pose":"Running","_animationQueue":[["walk",0.1],["fall",0.3],["walk",0.1]],"_animationSpeed":1.103,"_zoom":16.125},{"_mousePosition":[681,379],"_rootPartCFrame":[762.871,223.24,50.041,-0.808,0,0.589,0,1,0,-0.589,0,-0.808],"_humanoidState":3,"_cameraCFrame":[766.995,240.283,48.848,-0.278,-0.926,0.256,0,0.266,0.964,-0.961,0.268,-0.074],"_shiftlockState":false,"_pose":"Jumping","_animationQueue":[["walk",0.1],["jump",0.1]],"_animationSpeed":1,"_zoom":16.125},{"_mousePosition":[681,379],"_rootPartCFrame":[762.748,224.062,50.277,-0.822,0,0.57,0,1,0,-0.57,0,-0.822],"_humanoidState":5,"_cameraCFrame":[766.906,241.105,49.21,-0.248,-0.934,0.258,0,0.266,0.964,-0.969,0.24,-0.066],"_shiftlockState":false,"_pose":"FreeFall","_animationQueue":[["jump",0.1]],"_animationSpeed":1,"_zoom":16.125},{"_mousePosition":[681,379],"_rootPartCFrame":[762.57,225.013,50.544,-0.775,0,0.632,0,1,0,-0.632,0,-0.775],"_humanoidState":5,"_cameraCFrame":[766.798,242.048,49.64,-0.209,-0.942,0.262,0,0.268,0.963,-0.978,0.201,-0.056],"_shiftlockState":false,"_pose":"FreeFall","_animationQueue":[],"_animationSpeed":1,"_zoom":16.125},{"_mousePosition":[681,379],"_rootPartCFrame":[762.4,225.713,50.722,-0.719,0,0.695,0,1,0,-0.695,0,-0.719],"_humanoidState":5,"_cameraCFrame":[766.663,242.747,50.001,-0.167,-0.95,0.264,0,0.268,0.963,-0.986,0.161,-0.045],"_shiftlockState":false,"_pose":"FreeFall","_animationQueue":[],"_animationSpeed":1,"_zoom":16.125},{"_mousePosition":[681,379],"_rootPartCFrame":[762.256,226.201,50.835,-0.676,0,0.737,0,1,0,-0.737,0,-0.676],"_humanoidState":5,"_cameraCFrame":[766.548,243.236,50.309,-0.122,-0.956,0.266,0,0.268,0.963,-0.993,0.117,-0.033],"_shiftlockState":false,"_pose":"FreeFall","_animationQueue":[],"_animationSpeed":1,"_zoom":16.125},{"_mousePosition":[681,379],"_rootPartCFrame":[762.046,226.805,50.957,-0.616,0,0.787,0,1,0,-0.787,0,-0.616],"_humanoidState":5,"_cameraCFrame":[766.355,243.84,50.605,-0.081,-0.96,0.267,0,0.268,0.963,-0.997,0.078,-0.022],"_shiftlockState":false,"_pose":"FreeFall","_animationQueue":[],"_animationSpeed":1,"_zoom":16.125},{"_mousePosition":[681,379],"_rootPartCFrame":[761.753,227.484,51.062,-0.542,0,0.841,0,1,0,-0.841,0,-0.542],"_humanoidState":5,"_cameraCFrame":[766.071,244.518,50.852,-0.049,-0.962,0.268,0,0.268,0.963,-0.999,0.047,-0.013],"_shiftlockState":false,"_pose":"FreeFall","_animationQueue":[],"_animationSpeed":1,"_zoom":16.125},{"_mousePosition":[681,379],"_rootPartCFrame":[761.498,227.965,51.107,-0.484,0,0.875,0,1,0,-0.875,0,-0.484],"_humanoidState":5,"_cameraCFrame":[765.821,245,51.05,-0.013,-0.963,0.268,0,0.268,0.963,-1,0.013,-0.004],"_shiftlockState":false,"_pose":"FreeFall","_animationQueue":[],"_animationSpeed":1,"_zoom":16.125},{"_mousePosition":[681,379],"_rootPartCFrame":[761.232,228.392,51.123,-0.428,0,0.904,0,1,0,-0.904,0,-0.428],"_humanoidState":5,"_cameraCFrame":[765.556,245.427,51.143,0.004,-0.963,0.268,0,0.268,0.963,-1,-0.004,0.001],"_shiftlockState":false,"_pose":"FreeFall","_animationQueue":[],"_animationSpeed":1,"_zoom":16.125},{"_mousePosition":[681,379],"_rootPartCFrame":[760.966,228.764,51.128,-0.374,0,0.927,0,1,0,-0.927,0,-0.374],"_humanoidState":5,"_cameraCFrame":[765.289,245.799,51.202,0.017,-0.963,0.268,0,0.268,0.963,-1,-0.017,0.005],"_shiftlockState":false,"_pose":"FreeFall","_animationQueue":[],"_animationSpeed":1,"_zoom":16.125},{"_mousePosition":[681,379],"_rootPartCFrame":[760.699,229.082,51.128,-0.324,0,0.946,0,1,0,-0.946,0,-0.324],"_humanoidState":5,"_cameraCFrame":[765.021,246.117,51.257,0.03,-0.963,0.268,0,0.268,0.963,-1,-0.029,0.008],"_shiftlockState":false,"_pose":"FreeFall","_animationQueue":[],"_animationSpeed":1,"_zoom":16.125},{"_mousePosition":[681,379],"_rootPartCFrame":[760.433,229.346,51.124,-0.278,0,0.96,0,1,0,-0.96,0,-0.278],"_humanoidState":5,"_cameraCFrame":[764.75,246.38,51.351,0.053,-0.962,0.268,0,0.268,0.963,-0.999,-0.051,0.014],"_shiftlockState":false,"_pose":"FreeFall","_animationQueue":[],"_animationSpeed":1,"_zoom":16.125},{"_mousePosition":[681,379],"_rootPartCFrame":[760.166,229.555,51.116,-0.237,0,0.972,0,1,0,-0.972,0,-0.237],"_humanoidState":5,"_cameraCFrame":[764.446,246.598,51.461,0.08,-0.961,0.265,0,0.266,0.964,-0.997,-0.077,0.021],"_shiftlockState":false,"_pose":"FreeFall","_animationQueue":[],"_animationSpeed":1,"_zoom":16.125},{"_mousePosition":[681,379],"_rootPartCFrame":[759.9,229.709,51.103,-0.198,0,0.98,0,1,0,-0.98,0,-0.198],"_humanoidState":5,"_cameraCFrame":[764.135,246.76,51.585,0.113,-0.958,0.263,0,0.264,0.964,-0.994,-0.109,0.03],"_shiftlockState":false,"_pose":"FreeFall","_animationQueue":[],"_animationSpeed":1,"_zoom":16.125},{"_mousePosition":[681,379],"_rootPartCFrame":[759.7,229.789,51.088,-0.17,0,0.986,0,1,0,-0.986,0,-0.17],"_humanoidState":5,"_cameraCFrame":[763.916,246.84,51.72,0.148,-0.954,0.261,0,0.264,0.964,-0.989,-0.143,0.039],"_shiftlockState":false,"_pose":"FreeFall","_animationQueue":[],"_animationSpeed":1,"_zoom":16.125},{"_mousePosition":[681,379],"_rootPartCFrame":[759.369,229.854,51.052,-0.123,0,0.992,0,1,0,-0.992,0,-0.123],"_humanoidState":5,"_cameraCFrame":[763.562,246.906,51.822,0.181,-0.949,0.26,0,0.264,0.964,-0.984,-0.174,0.048],"_shiftlockState":false,"_pose":"FreeFall","_animationQueue":[["fall",0.3]],"_animationSpeed":1,"_zoom":16.125},{"_mousePosition":[681,379],"_rootPartCFrame":[759.105,229.845,51.014,-0.086,0,0.996,0,1,0,-0.996,0,-0.086],"_humanoidState":5,"_cameraCFrame":[763.277,246.896,51.89,0.205,-0.944,0.259,0,0.264,0.964,-0.979,-0.198,0.054],"_shiftlockState":false,"_pose":"FreeFall","_animationQueue":[],"_animationSpeed":1,"_zoom":16.125},{"_mousePosition":[681,379],"_rootPartCFrame":[758.843,229.782,50.967,-0.051,0,0.999,0,1,0,-0.999,0,-0.051],"_humanoidState":5,"_cameraCFrame":[762.964,246.841,51.931,0.228,-0.94,0.256,0,0.262,0.965,-0.974,-0.22,0.06],"_shiftlockState":false,"_pose":"FreeFall","_animationQueue":[],"_animationSpeed":1,"_zoom":16.125},{"_mousePosition":[681,379],"_rootPartCFrame":[758.581,229.664,50.913,-0.016,0,1,0,1,0,-1,0,-0.016],"_humanoidState":5,"_cameraCFrame":[762.685,246.723,51.95,0.245,-0.936,0.255,0,0.262,0.965,-0.97,-0.236,0.064],"_shiftlockState":false,"_pose":"FreeFall","_animationQueue":[],"_animationSpeed":1,"_zoom":16.125},{"_mousePosition":[681,379],"_rootPartCFrame":[758.322,229.491,50.853,0.017,0,1,0,1,0,-1,0,0.017],"_humanoidState":5,"_cameraCFrame":[762.401,246.55,51.983,0.267,-0.93,0.253,0,0.262,0.965,-0.964,-0.258,0.07],"_shiftlockState":false,"_pose":"FreeFall","_animationQueue":[],"_animationSpeed":1,"_zoom":16.125},{"_mousePosition":[681,379],"_rootPartCFrame":[758.063,229.264,50.789,0.049,0,0.999,0,1,0,-0.999,0,0.049],"_humanoidState":5,"_cameraCFrame":[762.127,246.323,51.97,0.279,-0.927,0.252,0,0.262,0.965,-0.96,-0.269,0.073],"_shiftlockState":false,"_pose":"FreeFall","_animationQueue":[],"_animationSpeed":1,"_zoom":16.125},{"_mousePosition":[681,379],"_rootPartCFrame":[757.806,228.982,50.718,0.079,0,0.997,0,1,0,-0.997,0,0.079],"_humanoidState":5,"_cameraCFrame":[761.858,246.042,51.941,0.289,-0.924,0.251,0,0.262,0.965,-0.957,-0.279,0.076],"_shiftlockState":false,"_pose":"FreeFall","_animationQueue":[],"_animationSpeed":1,"_zoom":16.125},{"_mousePosition":[681,379],"_rootPartCFrame":[757.613,228.735,50.663,0.1,0,0.995,0,1,0,-0.995,0,0.1],"_humanoidState":5,"_cameraCFrame":[761.656,245.795,51.916,0.296,-0.922,0.251,0,0.262,0.965,-0.955,-0.286,0.078],"_shiftlockState":false,"_pose":"FreeFall","_animationQueue":[["fall",0.3]],"_animationSpeed":1,"_zoom":16.125},{"_mousePosition":[681,379],"_rootPartCFrame":[757.294,228.684,50.567,0.132,0,0.991,0,1,0,-0.991,0,0.132],"_humanoidState":7,"_cameraCFrame":[761.327,245.744,51.851,0.303,-0.919,0.25,0,0.262,0.965,-0.953,-0.293,0.08],"_shiftlockState":false,"_pose":"FreeFall","_animationQueue":[["walk",0.1],["fall",0.3],["fall",0.3]],"_animationSpeed":1,"_zoom":16.125},{"_mousePosition":[681,379],"_rootPartCFrame":[757.039,228.684,50.489,0.155,0,0.988,0,1,0,-0.988,0,0.155],"_humanoidState":7,"_cameraCFrame":[761.063,245.743,51.803,0.311,-0.917,0.25,0,0.262,0.965,-0.951,-0.3,0.082],"_shiftlockState":false,"_pose":"FreeFall","_animationQueue":[],"_animationSpeed":1,"_zoom":16.125},{"_mousePosition":[681,379],"_rootPartCFrame":[756.785,228.58,50.408,0.176,0,0.984,0,1,0,-0.984,0,0.176],"_humanoidState":8,"_cameraCFrame":[760.788,245.639,51.783,0.325,-0.913,0.248,0,0.262,0.965,-0.946,-0.314,0.085],"_shiftlockState":false,"_pose":"Running","_animationQueue":[["walk",0.1],["fall",0.3],["walk",0.1]],"_animationSpeed":1.103,"_zoom":16.125},{"_mousePosition":[681,379],"_rootPartCFrame":[756.532,228.411,50.325,0.194,0,0.981,0,1,0,-0.981,0,0.194],"_humanoidState":8,"_cameraCFrame":[760.502,245.47,51.791,0.346,-0.905,0.246,0,0.262,0.965,-0.938,-0.334,0.091],"_shiftlockState":false,"_pose":"Running","_animationQueue":[],"_animationSpeed":1.103,"_zoom":16.125},{"_mousePosition":[681,379],"_rootPartCFrame":[756.279,228.187,50.239,0.212,0,0.977,0,1,0,-0.977,0,0.212],"_humanoidState":8,"_cameraCFrame":[760.176,245.255,51.814,0.375,-0.895,0.242,0,0.261,0.965,-0.927,-0.362,0.098],"_shiftlockState":false,"_pose":"Running","_animationQueue":[],"_animationSpeed":1.103,"_zoom":16.125},{"_mousePosition":[681,379],"_rootPartCFrame":[756.029,227.909,50.147,0.23,0,0.973,0,1,0,-0.973,0,0.23],"_humanoidState":8,"_cameraCFrame":[759.848,244.985,51.827,0.403,-0.884,0.237,0,0.259,0.966,-0.915,-0.389,0.104],"_shiftlockState":false,"_pose":"Running","_animationQueue":[["walk",0.1]],"_animationSpeed":1.103,"_zoom":16.125},{"_mousePosition":[681,379],"_rootPartCFrame":[755.781,227.576,50.048,0.25,0,0.968,0,1,0,-0.968,0,0.25],"_humanoidState":8,"_cameraCFrame":[759.548,244.652,51.843,0.43,-0.872,0.234,0,0.259,0.966,-0.903,-0.416,0.111],"_shiftlockState":false,"_pose":"Running","_animationQueue":[],"_animationSpeed":1.103,"_zoom":16.125},{"_mousePosition":[681,379],"_rootPartCFrame":[755.537,227.572,49.941,0.27,0,0.963,0,1,0,-0.963,0,0.27],"_humanoidState":8,"_cameraCFrame":[759.223,244.647,51.896,0.469,-0.853,0.229,0,0.259,0.966,-0.883,-0.453,0.121],"_shiftlockState":false,"_pose":"Running","_animationQueue":[],"_animationSpeed":1.103,"_zoom":16.125},{"_mousePosition":[681,379],"_rootPartCFrame":[755.293,228.445,49.834,0.291,0,0.957,0,1,0,-0.957,0,0.291],"_humanoidState":3,"_cameraCFrame":[758.948,245.521,51.845,0.482,-0.846,0.227,0,0.259,0.966,-0.876,-0.466,0.125],"_shiftlockState":false,"_pose":"Jumping","_animationQueue":[["walk",0.1],["jump",0.1]],"_animationSpeed":1,"_zoom":16.125},{"_mousePosition":[681,379],"_rootPartCFrame":[755.115,229.066,49.743,0.308,0,0.951,0,1,0,-0.951,0,0.308],"_humanoidState":5,"_cameraCFrame":[758.691,246.142,51.892,0.515,-0.828,0.222,0,0.259,0.966,-0.857,-0.497,0.133],"_shiftlockState":false,"_pose":"FreeFall","_animationQueue":[["jump",0.1]],"_animationSpeed":1,"_zoom":16.125},{"_mousePosition":[681,379],"_rootPartCFrame":[754.822,230.034,49.583,0.338,0,0.941,0,1,0,-0.941,0,0.338],"_humanoidState":5,"_cameraCFrame":[758.323,247.118,51.797,0.534,-0.817,0.217,0,0.257,0.966,-0.845,-0.516,0.137],"_shiftlockState":false,"_pose":"FreeFall","_animationQueue":[],"_animationSpeed":1,"_zoom":16.125},{"_mousePosition":[681,379],"_rootPartCFrame":[754.65,230.574,49.482,0.356,0,0.934,0,1,0,-0.934,0,0.356],"_humanoidState":5,"_cameraCFrame":[758.043,247.674,51.749,0.556,-0.804,0.21,0,0.253,0.967,-0.831,-0.538,0.141],"_shiftlockState":false,"_pose":"FreeFall","_animationQueue":[],"_animationSpeed":1,"_zoom":16.125},{"_mousePosition":[681,379],"_rootPartCFrame":[754.424,231.246,49.34,0.381,0,0.925,0,1,0,-0.925,0,0.381],"_humanoidState":5,"_cameraCFrame":[757.715,248.362,51.649,0.574,-0.793,0.204,0,0.249,0.968,-0.819,-0.556,0.143],"_shiftlockState":false,"_pose":"FreeFall","_animationQueue":[],"_animationSpeed":1,"_zoom":16.125},{"_mousePosition":[681,379],"_rootPartCFrame":[754.147,232.01,49.156,0.411,0,0.912,0,1,0,-0.912,0,0.411],"_humanoidState":5,"_cameraCFrame":[757.39,249.126,51.531,0.591,-0.781,0.201,0,0.249,0.968,-0.807,-0.572,0.147],"_shiftlockState":false,"_pose":"FreeFall","_animationQueue":[],"_animationSpeed":1,"_zoom":16.125},{"_mousePosition":[681,379],"_rootPartCFrame":[753.982,232.427,49.041,0.429,0,0.904,0,1,0,-0.904,0,0.429],"_humanoidState":5,"_cameraCFrame":[757.171,249.543,51.49,0.609,-0.768,0.198,0,0.249,0.968,-0.793,-0.59,0.152],"_shiftlockState":false,"_pose":"FreeFall","_animationQueue":[],"_animationSpeed":1,"_zoom":16.125},{"_mousePosition":[681,379],"_rootPartCFrame":[753.767,232.936,48.885,0.451,0,0.892,0,1,0,-0.892,0,0.451],"_humanoidState":5,"_cameraCFrame":[756.892,250.051,51.413,0.629,-0.753,0.194,0,0.249,0.968,-0.777,-0.609,0.157],"_shiftlockState":false,"_pose":"FreeFall","_animationQueue":[],"_animationSpeed":1,"_zoom":16.125},{"_mousePosition":[681,379],"_rootPartCFrame":[753.502,233.495,48.682,0.479,0,0.878,0,1,0,-0.878,0,0.479],"_humanoidState":5,"_cameraCFrame":[756.556,250.611,51.297,0.65,-0.736,0.189,0,0.249,0.968,-0.76,-0.63,0.162],"_shiftlockState":false,"_pose":"FreeFall","_animationQueue":[],"_animationSpeed":1,"_zoom":16.125},{"_mousePosition":[681,379],"_rootPartCFrame":[753.346,233.789,48.557,0.495,0,0.869,0,1,0,-0.869,0,0.495],"_humanoidState":5,"_cameraCFrame":[756.333,250.905,51.248,0.669,-0.719,0.185,0,0.249,0.968,-0.743,-0.648,0.167],"_shiftlockState":false,"_pose":"FreeFall","_animationQueue":[],"_animationSpeed":1,"_zoom":16.125},{"_mousePosition":[681,379],"_rootPartCFrame":[753.143,234.135,48.385,0.516,0,0.856,0,1,0,-0.856,0,0.516],"_humanoidState":5,"_cameraCFrame":[756.067,251.25,51.143,0.686,-0.705,0.181,0,0.249,0.968,-0.728,-0.664,0.171],"_shiftlockState":false,"_pose":"FreeFall","_animationQueue":[],"_animationSpeed":1,"_zoom":16.125},{"_mousePosition":[681,379],"_rootPartCFrame":[752.944,234.425,48.207,0.538,0,0.843,0,1,0,-0.843,0,0.538],"_humanoidState":5,"_cameraCFrame":[755.812,251.541,51.024,0.701,-0.691,0.178,0,0.249,0.968,-0.713,-0.679,0.175],"_shiftlockState":false,"_pose":"FreeFall","_animationQueue":[],"_animationSpeed":1,"_zoom":16.125},{"_mousePosition":[681,379],"_rootPartCFrame":[752.749,234.661,48.025,0.559,0,0.829,0,1,0,-0.829,0,0.559],"_humanoidState":5,"_cameraCFrame":[755.56,251.777,50.899,0.715,-0.677,0.174,0,0.249,0.968,-0.699,-0.692,0.178],"_shiftlockState":false,"_pose":"FreeFall","_animationQueue":[],"_animationSpeed":1,"_zoom":16.125},{"_mousePosition":[681,379],"_rootPartCFrame":[752.558,234.843,47.838,0.579,0,0.815,0,1,0,-0.815,0,0.579],"_humanoidState":5,"_cameraCFrame":[755.267,251.967,50.767,0.734,-0.658,0.168,0,0.247,0.969,-0.679,-0.711,0.182],"_shiftlockState":false,"_pose":"FreeFall","_animationQueue":[],"_animationSpeed":1,"_zoom":16.125},{"_mousePosition":[681,379],"_rootPartCFrame":[752.325,234.993,47.601,0.603,0,0.797,0,1,0,-0.797,0,0.603],"_humanoidState":5,"_cameraCFrame":[754.974,252.117,50.584,0.748,-0.643,0.164,0,0.247,0.969,-0.664,-0.725,0.185],"_shiftlockState":false,"_pose":"FreeFall","_animationQueue":[],"_animationSpeed":1,"_zoom":16.125},{"_mousePosition":[681,379],"_rootPartCFrame":[752.188,235.043,47.455,0.618,0,0.787,0,1,0,-0.787,0,0.618],"_humanoidState":5,"_cameraCFrame":[754.756,252.174,50.468,0.761,-0.629,0.159,0,0.246,0.969,-0.649,-0.738,0.187],"_shiftlockState":false,"_pose":"FreeFall","_animationQueue":[],"_animationSpeed":1,"_zoom":16.125},{"_mousePosition":[681,379],"_rootPartCFrame":[752.01,235.061,47.256,0.636,0,0.772,0,1,0,-0.772,0,0.636],"_humanoidState":5,"_cameraCFrame":[754.502,252.192,50.333,0.777,-0.61,0.154,0,0.246,0.969,-0.629,-0.753,0.191],"_shiftlockState":false,"_pose":"FreeFall","_animationQueue":[],"_animationSpeed":1,"_zoom":16.125},{"_mousePosition":[681,379],"_rootPartCFrame":[751.837,235.025,47.053,0.654,0,0.756,0,1,0,-0.756,0,0.654],"_humanoidState":5,"_cameraCFrame":[754.215,252.164,50.18,0.796,-0.587,0.147,0,0.244,0.97,-0.605,-0.772,0.194],"_shiftlockState":false,"_pose":"FreeFall","_animationQueue":[["fall",0.3]],"_animationSpeed":1,"_zoom":16.125},{"_mousePosition":[681,379],"_rootPartCFrame":[751.668,234.934,46.847,0.672,0,0.741,0,1,0,-0.741,0,0.672],"_humanoidState":5,"_cameraCFrame":[753.942,252.073,50.05,0.815,-0.561,0.141,0,0.244,0.97,-0.579,-0.791,0.199],"_shiftlockState":false,"_pose":"FreeFall","_animationQueue":[],"_animationSpeed":1,"_zoom":16.125},{"_mousePosition":[681,379],"_rootPartCFrame":[751.506,234.788,46.635,0.689,0,0.724,0,1,0,-0.724,0,0.689],"_humanoidState":5,"_cameraCFrame":[753.648,251.927,49.928,0.838,-0.529,0.133,0,0.244,0.97,-0.545,-0.813,0.204],"_shiftlockState":false,"_pose":"FreeFall","_animationQueue":[],"_animationSpeed":1,"_zoom":16.125},{"_mousePosition":[681,379],"_rootPartCFrame":[751.35,234.764,46.419,0.708,0,0.707,0,1,0,-0.707,0,0.708],"_humanoidState":7,"_cameraCFrame":[753.341,251.903,49.806,0.862,-0.491,0.123,0,0.244,0.97,-0.507,-0.836,0.21],"_shiftlockState":false,"_pose":"FreeFall","_animationQueue":[["walk",0.1],["fall",0.3],["fall",0.3]],"_animationSpeed":1,"_zoom":16.125},{"_mousePosition":[681,379],"_rootPartCFrame":[751.204,234.764,46.196,0.726,0,0.687,0,1,0,-0.687,0,0.726],"_humanoidState":7,"_cameraCFrame":[753.038,251.903,49.67,0.884,-0.453,0.114,0,0.244,0.97,-0.467,-0.858,0.215],"_shiftlockState":false,"_pose":"FreeFall","_animationQueue":[],"_animationSpeed":1,"_zoom":16.125},{"_mousePosition":[681,379],"_rootPartCFrame":[751.139,234.654,46.052,0.683,0.016,0.73,-0.008,1,-0.015,-0.73,0.005,0.683],"_humanoidState":8,"_cameraCFrame":[752.851,251.785,49.641,0.905,-0.413,0.105,0,0.246,0.969,-0.426,-0.877,0.222],"_shiftlockState":false,"_pose":"Running","_animationQueue":[["walk",0.1],["fall",0.3],["walk",0.1]],"_animationSpeed":1.103,"_zoom":16.125},{"_mousePosition":[681,379],"_rootPartCFrame":[751.241,234.529,45.977,0.728,0.005,0.685,-0.009,1,0.003,-0.685,-0.008,0.728],"_humanoidState":8,"_cameraCFrame":[752.815,251.637,49.7,0.922,-0.374,0.097,0,0.251,0.968,-0.387,-0.893,0.232],"_shiftlockState":false,"_pose":"Running","_animationQueue":[["walk",0.1],["walk",0.1]],"_animationSpeed":0.094,"_zoom":16.125},{"_mousePosition":[681,379],"_rootPartCFrame":[751.413,234.379,45.88,0.753,0.009,0.658,-0.008,1,-0.003,-0.658,-0.003,0.753],"_humanoidState":8,"_cameraCFrame":[752.871,251.463,49.757,0.937,-0.337,0.09,0,0.257,0.966,-0.349,-0.906,0.241],"_shiftlockState":false,"_pose":"Running","_animationQueue":[["walk",0.1]],"_animationSpeed":0.634,"_zoom":16.125},{"_mousePosition":[681,379],"_rootPartCFrame":[751.586,234.203,45.749,0.779,0.012,0.627,-0.009,1,-0.009,-0.627,0.002,0.779],"_humanoidState":8,"_cameraCFrame":[752.866,251.238,49.887,0.957,-0.281,0.078,0,0.268,0.963,-0.292,-0.922,0.256],"_shiftlockState":false,"_pose":"Running","_animationQueue":[["walk",0.1]],"_animationSpeed":0.814,"_zoom":16.125},{"_mousePosition":[681,379],"_rootPartCFrame":[751.832,235.307,45.599,0.79,0.035,0.613,0.003,0.998,-0.061,-0.614,0.05,0.788],"_humanoidState":3,"_cameraCFrame":[753.011,252.314,49.942,0.967,-0.245,0.07,0,0.274,0.962,-0.255,-0.93,0.265],"_shiftlockState":false,"_pose":"Jumping","_animationQueue":[["walk",0.1],["jump",0.1]],"_animationSpeed":1,"_zoom":16.125},{"_mousePosition":[681,379],"_rootPartCFrame":[752.021,236.191,45.473,0.798,0.053,0.6,0.011,0.995,-0.102,-0.602,0.089,0.793],"_humanoidState":3,"_cameraCFrame":[753.112,253.157,50.027,0.975,-0.214,0.063,0,0.281,0.96,-0.223,-0.935,0.274],"_shiftlockState":false,"_pose":"Jumping","_animationQueue":[],"_animationSpeed":1,"_zoom":16.125},{"_mousePosition":[681,379],"_rootPartCFrame":[752.165,236.834,45.374,0.836,0.038,0.547,0.004,0.997,-0.076,-0.549,0.066,0.833],"_humanoidState":5,"_cameraCFrame":[753.141,253.759,50.068,0.981,-0.187,0.057,0,0.291,0.957,-0.196,-0.938,0.285],"_shiftlockState":false,"_pose":"FreeFall","_animationQueue":[["jump",0.1]],"_animationSpeed":1,"_zoom":16.125},{"_mousePosition":[681,379],"_rootPartCFrame":[752.38,237.645,45.262,0.898,0.014,0.44,-0.003,1,-0.025,-0.44,0.021,0.898],"_humanoidState":5,"_cameraCFrame":[753.223,254.536,50.029,0.985,-0.163,0.051,0,0.298,0.955,-0.171,-0.94,0.294],"_shiftlockState":false,"_pose":"FreeFall","_animationQueue":[],"_animationSpeed":1,"_zoom":16.125},{"_mousePosition":[681,379],"_rootPartCFrame":[752.625,238.4,45.188,0.948,0.003,0.318,-0.002,1,-0.003,-0.318,0.002,0.948],"_humanoidState":5,"_cameraCFrame":[753.378,255.244,50.089,0.989,-0.144,0.046,0,0.307,0.952,-0.151,-0.941,0.304],"_shiftlockState":false,"_pose":"FreeFall","_animationQueue":[],"_animationSpeed":1,"_zoom":16.125},{"_mousePosition":[681,379],"_rootPartCFrame":[752.886,239.1,45.139,0.982,0,0.189,0,1,0.002,-0.189,-0.002,0.982],"_humanoidState":5,"_cameraCFrame":[753.551,255.906,50.168,0.991,-0.124,0.041,0,0.315,0.949,-0.131,-0.941,0.312],"_shiftlockState":false,"_pose":"FreeFall","_animationQueue":[],"_animationSpeed":1,"_zoom":16.125},{"_mousePosition":[681,379],"_rootPartCFrame":[753.216,239.899,45.088,1,0,0.024,0,1,0.001,-0.024,-0.001,1],"_humanoidState":5,"_cameraCFrame":[753.814,256.675,50.217,0.993,-0.11,0.037,0,0.32,0.947,-0.116,-0.941,0.318],"_shiftlockState":false,"_pose":"FreeFall","_animationQueue":[],"_animationSpeed":1,"_zoom":16.125},{"_mousePosition":[681,379],"_rootPartCFrame":[753.414,240.338,45.062,0.997,0,-0.076,0,1,0,0.076,0,0.997],"_humanoidState":5,"_cameraCFrame":[753.921,257.113,50.2,0.995,-0.093,0.031,0,0.32,0.947,-0.098,-0.943,0.319],"_shiftlockState":false,"_pose":"FreeFall","_animationQueue":[],"_animationSpeed":1,"_zoom":16.125},{"_mousePosition":[681,379],"_rootPartCFrame":[753.679,240.875,45.03,0.978,0,-0.208,0,1,0,0.208,0,0.978],"_humanoidState":5,"_cameraCFrame":[754.111,257.64,50.206,0.997,-0.079,0.027,0,0.322,0.947,-0.083,-0.943,0.321],"_shiftlockState":false,"_pose":"FreeFall","_animationQueue":[],"_animationSpeed":1,"_zoom":16.125},{"_mousePosition":[681,379],"_rootPartCFrame":[753.944,241.357,45.003,0.942,0,-0.336,0,1,0,0.336,0,0.942],"_humanoidState":5,"_cameraCFrame":[754.311,258.123,50.184,0.998,-0.067,0.023,0,0.322,0.947,-0.071,-0.944,0.321],"_shiftlockState":false,"_pose":"FreeFall","_animationQueue":[],"_animationSpeed":1,"_zoom":16.125},{"_mousePosition":[681,379],"_rootPartCFrame":[754.21,241.785,44.98,0.889,0,-0.458,0,1,0,0.458,0,0.889],"_humanoidState":5,"_cameraCFrame":[754.563,258.551,50.162,0.998,-0.064,0.022,0,0.322,0.947,-0.068,-0.945,0.321],"_shiftlockState":false,"_pose":"FreeFall","_animationQueue":[],"_animationSpeed":1,"_zoom":16.125},{"_mousePosition":[681,379],"_rootPartCFrame":[754.476,242.159,44.961,0.82,0,-0.572,0,1,0,0.572,0,0.82],"_humanoidState":5,"_cameraCFrame":[754.829,258.924,50.143,0.998,-0.064,0.022,0,0.322,0.947,-0.068,-0.945,0.321],"_shiftlockState":false,"