[{"_mousePosition":[687,385],"_rootPartCFrame":[776.034,222.7,47.142,-0.001,0,1,0,1,0,-1,0,-0.001],"_humanoidState":8,"_cameraCFrame":[781.924,239.196,46.493,-0.11,-0.924,0.365,0,0.367,0.93,-0.994,0.102,-0.04],"_shiftlockState":false,"_pose":"Standing","_animationQueue":[],"_animationSpeed":1,"_zoom":16.125},{"_mousePosition":[687,385],"_rootPartCFrame":[775.788,222.7,47.169,-0.016,0,1,0,1,0,-1,0,-0.016],"_humanoidState":8,"_cameraCFrame":[781.679,239.196,46.519,-0.11,-0.924,0.365,0,0.367,0.93,-0.994,0.102,-0.04],"_shiftlockState":false,"_pose":"Standing","_animationQueue":[],"_animationSpeed":1,"_zoom":16.125},{"_mousePosition":[687,385],"_rootPartCFrame":[775.524,222.7,47.198,-0.029,0,1,0,1,0,-1,0,-0.029],"_humanoidState":8,"_cameraCFrame":[781.414,239.196,46.549,-0.11,-0.924,0.365,0,0.367,0.93,-0.994,0.102,-0.04],"_shiftlockState":false,"_pose":"Running","_animationQueue":[["walk",0.1]],"_animationSpeed":1.066,"_zoom":16.125},{"_mousePosition":[687,385],"_rootPartCFrame":[775.259,222.7,47.227,-0.04,0,0.999,0,1,0,-0.999,0,-0.04],"_humanoidState":8,"_cameraCFrame":[781.149,239.196,46.578,-0.11,-0.924,0.365,0,0.367,0.93,-0.994,0.102,-0.04],"_shiftlockState":false,"_pose":"Running","_animationQueue":[["walk",0.1]],"_animationSpeed":1.066,"_zoom":16.125},{"_mousePosition":[687,385],"_rootPartCFrame":[774.994,222.7,47.256,-0.049,0,0.999,0,1,0,-0.999,0,-0.049],"_humanoidState":8,"_cameraCFrame":[780.884,239.196,46.607,-0.11,-0.924,0.365,0,0.367,0.93,-0.994,0.102,-0.04],"_shiftlockState":false,"_pose":"Running","_animationQueue":[],"_animationSpeed":1.066,"_zoom":16.125},{"_mousePosition":[687,385],"_rootPartCFrame":[774.729,222.7,47.285,-0.057,0,0.998,0,1,0,-0.998,0,-0.057],"_humanoidState":8,"_cameraCFrame":[780.59,239.208,46.639,-0.11,-0.925,0.363,0,0.366,0.931,-0.994,0.102,-0.04],"_shiftlockState":false,"_pose":"Running","_animationQueue":[],"_animationSpeed":1.066,"_zoom":16.125},{"_mousePosition":[687,385],"_rootPartCFrame":[774.464,222.7,47.315,-0.064,0,0.998,0,1,0,-0.998,0,-0.064],"_humanoidState":8,"_cameraCFrame":[780.267,239.231,46.675,-0.11,-0.927,0.36,0,0.362,0.932,-0.994,0.102,-0.04],"_shiftlockState":false,"_pose":"Running","_animationQueue":[],"_animationSpeed":1.066,"_zoom":16.125},{"_mousePosition":[687,385],"_rootPartCFrame":[774.199,222.7,47.344,-0.071,0,0.998,0,1,0,-0.998,0,-0.071],"_humanoidState":8,"_cameraCFrame":[779.885,239.276,46.717,-0.11,-0.929,0.353,0,0.355,0.935,-0.994,0.102,-0.039],"_shiftlockState":false,"_pose":"Running","_animationQueue":[],"_animationSpeed":1.066,"_zoom":16.125},{"_mousePosition":[687,385],"_rootPartCFrame":[773.934,222.7,47.373,-0.076,0,0.997,0,1,0,-0.997,0,-0.076],"_humanoidState":8,"_cameraCFrame":[779.473,239.331,46.748,-0.112,-0.932,0.343,0,0.346,0.938,-0.994,0.105,-0.039],"_shiftlockState":false,"_pose":"Running","_animationQueue":[],"_animationSpeed":1.066,"_zoom":16.125},{"_mousePosition":[687,385],"_rootPartCFrame":[773.669,222.7,47.402,-0.08,0,0.997,0,1,0,-0.997,0,-0.08],"_humanoidState":8,"_cameraCFrame":[779.09,239.374,46.791,-0.112,-0.935,0.336,0,0.338,0.941,-0.994,0.105,-0.038],"_shiftlockState":false,"_pose":"Running","_animationQueue":[],"_animationSpeed":1.066,"_zoom":16.125},{"_mousePosition":[687,385],"_rootPartCFrame":[773.404,222.7,47.432,-0.085,0,0.996,0,1,0,-0.996,0,-0.085],"_humanoidState":8,"_cameraCFrame":[778.678,239.426,46.837,-0.112,-0.938,0.327,0,0.329,0.944,-0.994,0.106,-0.037],"_shiftlockState":false,"_pose":"Running","_animationQueue":[["walk",0.1]],"_animationSpeed":1.066,"_zoom":16.125},{"_mousePosition":[687,385],"_rootPartCFrame":[773.139,222.7,47.462,-0.088,0,0.996,0,1,0,-0.996,0,-0.088],"_humanoidState":8,"_cameraCFrame":[778.295,239.467,46.881,-0.112,-0.941,0.32,0,0.322,0.947,-0.994,0.106,-0.036],"_shiftlockState":false,"_pose":"Running","_animationQueue":[],"_animationSpeed":1.066,"_zoom":16.125},{"_mousePosition":[687,385],"_rootPartCFrame":[772.874,222.7,47.492,-0.092,0,0.996,0,1,0,-0.996,0,-0.092],"_humanoidState":8,"_cameraCFrame":[777.941,239.497,46.92,-0.112,-0.943,0.314,0,0.316,0.949,-0.994,0.106,-0.035],"_shiftlockState":false,"_pose":"Running","_animationQueue":[],"_animationSpeed":1.066,"_zoom":16.125},{"_mousePosition":[687,385],"_rootPartCFrame":[772.609,222.7,47.522,-0.094,0,0.996,0,1,0,-0.996,0,-0.094],"_humanoidState":8,"_cameraCFrame":[777.587,239.527,46.96,-0.112,-0.945,0.309,0,0.311,0.951,-0.994,0.107,-0.035],"_shiftlockState":false,"_pose":"Running","_animationQueue":[],"_animationSpeed":1.066,"_zoom":16.125},{"_mousePosition":[687,385],"_rootPartCFrame":[772.344,222.7,47.552,-0.097,0,0.995,0,1,0,-0.995,0,-0.097],"_humanoidState":8,"_cameraCFrame":[777.263,239.546,46.997,-0.112,-0.946,0.305,0,0.307,0.952,-0.994,0.107,-0.034],"_shiftlockState":false,"_pose":"Running","_animationQueue":[],"_animationSpeed":1.066,"_zoom":16.125},{"_mousePosition":[687,385],"_rootPartCFrame":[772.079,222.7,47.582,-0.099,0,0.995,0,1,0,-0.995,0,-0.099],"_humanoidState":8,"_cameraCFrame":[776.938,239.565,47.034,-0.112,-0.947,0.301,0,0.303,0.953,-0.994,0.107,-0.034],"_shiftlockState":false,"_pose":"Running","_animationQueue":[],"_animationSpeed":1.066,"_zoom":16.125},{"_mousePosition":[687,385],"_rootPartCFrame":[771.814,222.7,47.612,-0.101,0,0.995,0,1,0,-0.995,0,-0.101],"_humanoidState":8,"_cameraCFrame":[776.615,239.584,47.082,-0.11,-0.948,0.298,0,0.3,0.954,-0.994,0.105,-0.033],"_shiftlockState":false,"_pose":"Running","_animationQueue":[],"_animationSpeed":1.066,"_zoom":16.125},{"_mousePosition":[687,385],"_rootPartCFrame":[771.549,222.7,47.641,-0.102,0,0.995,0,1,0,-0.995,0,-0.102],"_humanoidState":8,"_cameraCFrame":[776.292,239.603,47.131,-0.107,-0.95,0.294,0,0.296,0.955,-0.994,0.102,-0.032],"_shiftlockState":false,"_pose":"Running","_animationQueue":[["walk",0.1]],"_animationSpeed":1.066,"_zoom":16.125},{"_mousePosition":[687,385],"_rootPartCFrame":[771.284,222.7,47.671,-0.103,0,0.995,0,1,0,-0.995,0,-0.103],"_humanoidState":8,"_cameraCFrame":[775.969,239.621,47.19,-0.102,-0.951,0.291,0,0.292,0.956,-0.995,0.098,-0.03],"_shiftlockState":false,"_pose":"Running","_animationQueue":[],"_animationSpeed":1.066,"_zoom":16.125},{"_mousePosition":[687,385],"_rootPartCFrame":[771.019,222.7,47.699,-0.104,0,0.995,0,1,0,-0.995,0,-0.104],"_humanoidState":8,"_cameraCFrame":[775.617,239.649,47.251,-0.097,-0.954,0.285,0,0.287,0.958,-0.995,0.093,-0.028],"_shiftlockState":false,"_pose":"Running","_animationQueue":[],"_animationSpeed":1.066,"_zoom":16.125},{"_mousePosition":[687,385],"_rootPartCFrame":[770.753,222.7,47.727,-0.104,0,0.995,0,1,0,-0.995,0,-0.104],"_humanoidState":8,"_cameraCFrame":[775.294,239.667,47.307,-0.092,-0.955,0.282,0,0.283,0.959,-0.996,0.088,-0.026],"_shiftlockState":false,"_pose":"Running","_animationQueue":[],"_animationSpeed":1.066,"_zoom":16.125},{"_mousePosition":[687,385],"_rootPartCFrame":[770.488,222.7,47.753,-0.103,0,0.995,0,1,0,-0.995,0,-0.103],"_humanoidState":8,"_cameraCFrame":[774.971,239.684,47.373,-0.084,-0.957,0.278,0,0.279,0.96,-0.996,0.081,-0.024],"_shiftlockState":false,"_pose":"Running","_animationQueue":[],"_animationSpeed":1.066,"_zoom":16.125},{"_mousePosition":[687,385],"_rootPartCFrame":[770.223,222.666,47.778,-0.102,0,0.995,0,1,0,-0.995,0,-0.102],"_humanoidState":8,"_cameraCFrame":[774.618,239.676,47.44,-0.077,-0.959,0.273,0,0.273,0.962,-0.997,0.074,-0.021],"_shiftlockState":false,"_pose":"Running","_animationQueue":[],"_animationSpeed":1.066,"_zoom":16.125},{"_mousePosition":[687,385],"_rootPartCFrame":[769.957,222.577,47.804,-0.101,0,0.995,0,1,0,-0.995,0,-0.101],"_humanoidState":8,"_cameraCFrame":[774.296,239.605,47.514,-0.067,-0.961,0.269,0,0.27,0.963,-0.998,0.064,-0.018],"_shiftlockState":false,"_pose":"Running","_animationQueue":[],"_animationSpeed":1.066,"_zoom":16.125},{"_mousePosition":[687,385],"_rootPartCFrame":[769.692,222.434,47.83,-0.1,0,0.995,0,1,0,-0.995,0,-0.1],"_humanoidState":8,"_cameraCFrame":[773.973,239.478,47.587,-0.057,-0.962,0.265,0,0.266,0.964,-0.998,0.055,-0.015],"_shiftlockState":false,"_pose":"Running","_animationQueue":[["walk",0.1]],"_animationSpeed":1.066,"_zoom":16.125},{"_mousePosition":[687,385],"_rootPartCFrame":[769.427,222.236,47.856,-0.099,0,0.995,0,1,0,-0.995,0,-0.099],"_humanoidState":8,"_cameraCFrame":[773.62,239.306,47.693,-0.039,-0.965,0.26,0,0.26,0.966,-0.999,0.038,-0.01],"_shiftlockState":false,"_pose":"Running","_animationQueue":[],"_animationSpeed":1.066,"_zoom":16.125},{"_mousePosition":[687,385],"_rootPartCFrame":[769.095,223.32,47.888,-0.098,0,0.995,0,1,0,-0.995,0,-0.098],"_humanoidState":3,"_cameraCFrame":[773.26,240.398,47.768,-0.029,-0.966,0.258,0,0.258,0.966,-1,0.028,-0.007],"_shiftlockState":false,"_pose":"Jumping","_animationQueue":[["walk",0.1],["jump",0.1]],"_animationSpeed":1,"_zoom":16.125},{"_mousePosition":[687,385],"_rootPartCFrame":[768.895,223.932,47.898,-0.094,0,0.996,0,1,0,-0.996,0,-0.094],"_humanoidState":5,"_cameraCFrame":[773.03,241.017,47.811,-0.021,-0.966,0.256,0,0.256,0.967,-1,0.021,-0.005],"_shiftlockState":false,"_pose":"FreeFall","_animationQueue":[["jump",0.1]],"_animationSpeed":1,"_zoom":16.125},{"_mousePosition":[687,385],"_rootPartCFrame":[768.629,224.699,47.907,-0.086,0,0.996,0,1,0,-0.996,0,-0.086],"_humanoidState":5,"_cameraCFrame":[772.764,241.785,47.819,-0.021,-0.966,0.256,0,0.256,0.967,-1,0.021,-0.005],"_shiftlockState":false,"_pose":"FreeFall","_animationQueue":[],"_animationSpeed":1,"_zoom":16.125},{"_mousePosition":[687,385],"_rootPartCFrame":[768.362,225.412,47.913,-0.078,0,0.997,0,1,0,-0.997,0,-0.078],"_humanoidState":5,"_cameraCFrame":[772.497,242.498,47.825,-0.021,-0.966,0.256,0,0.256,0.967,-1,0.021,-0.005],"_shiftlockState":false,"_pose":"FreeFall","_animationQueue":[],"_animationSpeed":1,"_zoom":16.125},{"_mousePosition":[687,385],"_rootPartCFrame":[768.095,226.071,47.918,-0.07,0,0.998,0,1,0,-0.998,0,-0.07],"_humanoidState":5,"_cameraCFrame":[772.23,243.156,47.83,-0.021,-0.966,0.256,0,0.256,0.967,-1,0.021,-0.005],"_shiftlockState":false,"_pose":"FreeFall","_animationQueue":[],"_animationSpeed":1,"_zoom":16.125},{"_mousePosition":[687,385],"_rootPartCFrame":[767.829,226.675,47.924,-0.063,0,0.998,0,1,0,-0.998,0,-0.063],"_humanoidState":5,"_cameraCFrame":[771.964,243.76,47.836,-0.021,-0.966,0.256,0,0.256,0.967,-1,0.021,-0.005],"_shiftlockState":false,"_pose":"FreeFall","_animationQueue":[],"_animationSpeed":1,"_zoom":16.125},{"_mousePosition":[687,385],"_rootPartCFrame":[767.562,227.224,47.93,-0.057,0,0.998,0,1,0,-0.998,0,-0.057],"_humanoidState":5,"_cameraCFrame":[771.697,244.31,47.842,-0.021,-0.966,0.256,0,0.256,0.967,-1,0.021,-0.005],"_shiftlockState":false,"_pose":"FreeFall","_animationQueue":[],"_animationSpeed":1,"_zoom":16.125},{"_mousePosition":[687,385],"_rootPartCFrame":[767.296,227.719,47.935,-0.052,0,0.999,0,1,0,-0.999,0,-0.052],"_humanoidState":5,"_cameraCFrame":[771.431,244.805,47.847,-0.021,-0.966,0.256,0,0.256,0.967,-1,0.021,-0.005],"_shiftlockState":false,"_pose":"FreeFall","_animationQueue":[],"_animationSpeed":1,"_zoom":16.125},{"_mousePosition":[687,385],"_rootPartCFrame":[767.029,228.16,47.941,-0.048,0,0.999,0,1,0,-0.999,0,-0.048],"_humanoidState":5,"_cameraCFrame":[771.164,245.245,47.853,-0.021,-0.966,0.256,0,0.256,0.967,-1,0.021,-0.005],"_shiftlockState":false,"_pose":"FreeFall","_animationQueue":[],"_animationSpeed":1,"_zoom":16.125},{"_mousePosition":[687,385],"_rootPartCFrame":[766.762,228.546,47.947,-0.044,0,0.999,0,1,0,-0.999,0,-0.044],"_humanoidState":5,"_cameraCFrame":[770.897,245.631,47.859,-0.021,-0.966,0.256,0,0.256,0.967,-1,0.021,-0.005],"_shiftlockState":false,"_pose":"FreeFall","_animationQueue":[],"_animationSpeed":1,"_zoom":16.125},{"_mousePosition":[687,385],"_rootPartCFrame":[766.496,228.877,47.952,-0.041,0,0.999,0,1,0,-0.999,0,-0.041],"_humanoidState":5,"_cameraCFrame":[770.631,245.963,47.864,-0.021,-0.966,0.256,0,0.256,0.967,-1,0.021,-0.005],"_shiftlockState":false,"_pose":"FreeFall","_animationQueue":[],"_animationSpeed":1,"_zoom":16.125},{"_mousePosition":[687,385],"_rootPartCFrame":[766.229,229.154,47.958,-0.038,0,0.999,0,1,0,-0.999,0,-0.038],"_humanoidState":5,"_cameraCFrame":[770.364,246.24,47.87,-0.021,-0.966,0.256,0,0.256,0.967,-1,0.021,-0.005],"_shiftlockState":false,"_pose":"FreeFall","_animationQueue":[],"_animationSpeed":1,"_zoom":16.125},{"_mousePosition":[687,385],"_rootPartCFrame":[765.896,229.424,47.965,-0.035,0,0.999,0,1,0,-0.999,0,-0.035],"_humanoidState":5,"_cameraCFrame":[770.031,246.509,47.877,-0.021,-0.966,0.256,0,0.256,0.967,-1,0.021,-0.005],"_shiftlockState":false,"_pose":"FreeFall","_animationQueue":[],"_animationSpeed":1,"_zoom":16.125},{"_mousePosition":[687,385],"_rootPartCFrame":[765.696,229.545,47.969,-0.034,0,0.999,0,1,0,-0.999,0,-0.034],"_humanoidState":5,"_cameraCFrame":[769.831,246.63,47.881,-0.021,-0.966,0.256,0,0.256,0.967,-1,0.021,-0.005],"_shiftlockState":false,"_pose":"FreeFall","_animationQueue":[],"_animationSpeed":1,"_zoom":16.125},{"_mousePosition":[687,385],"_rootPartCFrame":[765.429,229.658,47.975,-0.032,0,0.999,0,1,0,-0.999,0,-0.032],"_humanoidState":5,"_cameraCFrame":[769.565,246.744,47.908,-0.016,-0.966,0.256,0,0.256,0.967,-1,0.016,-0.004],"_shiftlockState":false,"_pose":"FreeFall","_animationQueue":[],"_animationSpeed":1,"_zoom":16.125},{"_mousePosition":[687,385],"_rootPartCFrame":[765.163,229.717,47.98,-0.03,0,1,0,1,0,-1,0,-0.03],"_humanoidState":5,"_cameraCFrame":[769.298,246.803,47.914,-0.016,-0.966,0.256,0,0.256,0.967,-1,0.016,-0.004],"_shiftlockState":false,"_pose":"FreeFall","_animationQueue":[],"_animationSpeed":1,"_zoom":16.125},{"_mousePosition":[687,385],"_rootPartCFrame":[764.896,229.722,47.985,-0.029,0,1,0,1,0,-1,0,-0.029],"_humanoidState":5,"_cameraCFrame":[769.032,246.807,47.929,-0.014,-0.966,0.256,0,0.256,0.967,-1,0.013,-0.003],"_shiftlockState":false,"_pose":"FreeFall","_animationQueue":[],"_animationSpeed":1,"_zoom":16.125},{"_mousePosition":[687,385],"_rootPartCFrame":[764.63,229.672,47.989,-0.027,0,1,0,1,0,-1,0,-0.027],"_humanoidState":5,"_cameraCFrame":[768.735,246.765,47.933,-0.014,-0.967,0.255,0,0.255,0.967,-1,0.013,-0.003],"_shiftlockState":false,"_pose":"FreeFall","_animationQueue":[["fall",0.3]],"_animationSpeed":1,"_zoom":16.125},{"_mousePosition":[687,385],"_rootPartCFrame":[764.363,229.567,47.993,-0.025,0,1,0,1,0,-1,0,-0.025],"_humanoidState":5,"_cameraCFrame":[768.468,246.661,47.947,-0.011,-0.967,0.255,0,0.255,0.967,-1,0.011,-0.003],"_shiftlockState":false,"_pose":"FreeFall","_animationQueue":[],"_animationSpeed":1,"_zoom":16.125},{"_mousePosition":[687,385],"_rootPartCFrame":[764.096,229.408,47.997,-0.024,0,1,0,1,0,-1,0,-0.024],"_humanoidState":5,"_cameraCFrame":[768.202,246.502,47.962,-0.009,-0.967,0.255,0,0.255,0.967,-1,0.008,-0.002],"_shiftlockState":false,"_pose":"FreeFall","_animationQueue":[],"_animationSpeed":1,"_zoom":16.125},{"_mousePosition":[687,385],"_rootPartCFrame":[763.83,229.195,48,-0.022,0,1,0,1,0,-1,0,-0.022],"_humanoidState":5,"_cameraCFrame":[767.935,246.289,47.985,-0.003,-0.967,0.255,0,0.255,0.967,-1,0.003,-0.001],"_shiftlockState":false,"_pose":"FreeFall","_animationQueue":[],"_animationSpeed":1,"_zoom":16.125},{"_mousePosition":[687,385],"_rootPartCFrame":[763.496,228.851,48.003,-0.02,0,1,0,1,0,-1,0,-0.02],"_humanoidState":5,"_cameraCFrame":[767.602,245.945,48.009,0.002,-0.967,0.255,0,0.255,0.967,-1,-0.002,0],"_shiftlockState":false,"_pose":"FreeFall","_animationQueue":[],"_animationSpeed":1,"_zoom":16.125},{"_mousePosition":[687,385],"_rootPartCFrame":[763.297,228.604,48.004,-0.018,0,1,0,1,0,-1,0,-0.018],"_humanoidState":5,"_cameraCFrame":[767.402,245.698,48.02,0.004,-0.967,0.255,0,0.255,0.967,-1,-0.004,0.001],"_shiftlockState":false,"_pose":"FreeFall","_animationQueue":[],"_animationSpeed":1,"_zoom":16.125},{"_mousePosition":[687,385],"_rootPartCFrame":[763.03,228.228,48.003,-0.016,0,1,0,1,0,-1,0,-0.016],"_humanoidState":5,"_cameraCFrame":[767.135,245.321,48.041,0.009,-0.967,0.255,0,0.255,0.967,-1,-0.009,0.002],"_shiftlockState":false,"_pose":"FreeFall","_animationQueue":[],"_animationSpeed":1,"_zoom":16.125},{"_mousePosition":[687,385],"_rootPartCFrame":[762.697,227.68,48.002,-0.012,0,1,0,1,0,-1,0,-0.012],"_humanoidState":5,"_cameraCFrame":[766.772,244.781,48.039,0.009,-0.967,0.253,0,0.253,0.968,-1,-0.009,0.002],"_shiftlockState":false,"_pose":"FreeFall","_animationQueue":[["fall",0.3]],"_animationSpeed":1,"_zoom":16.125},{"_mousePosition":[687,385],"_rootPartCFrame":[762.43,227.18,48,-0.01,0,1,0,1,0,-1,0,-0.01],"_humanoidState":5,"_cameraCFrame":[766.505,244.282,48.047,0.012,-0.967,0.253,0,0.253,0.968,-1,-0.011,0.003],"_shiftlockState":false,"_pose":"FreeFall","_animationQueue":[],"_animationSpeed":1,"_zoom":16.125},{"_mousePosition":[687,385],"_rootPartCFrame":[762.23,226.77,47.998,-0.008,0,1,0,1,0,-1,0,-0.008],"_humanoidState":5,"_cameraCFrame":[766.305,243.871,48.066,0.017,-0.967,0.253,0,0.253,0.968,-1,-0.016,0.004],"_shiftlockState":false,"_pose":"FreeFall","_animationQueue":[],"_animationSpeed":1,"_zoom":16.125},{"_mousePosition":[687,385],"_rootPartCFrame":[761.897,226.017,47.994,-0.004,0,1,0,1,0,-1,0,-0.004],"_humanoidState":5,"_cameraCFrame":[765.971,243.119,48.073,0.019,-0.967,0.253,0,0.253,0.968,-1,-0.019,0.005],"_shiftlockState":false,"_pose":"FreeFall","_animationQueue":[],"_animationSpeed":1,"_zoom":16.125},{"_mousePosition":[687,385],"_rootPartCFrame":[761.63,225.354,47.99,-0.002,0,1,0,1,0,-1,0,-0.002],"_humanoidState":5,"_cameraCFrame":[765.705,242.456,48.079,0.022,-0.967,0.253,0,0.253,0.968,-1,-0.021,0.006],"_shiftlockState":false,"_pose":"FreeFall","_animationQueue":[],"_animationSpeed":1,"_zoom":16.125},{"_mousePosition":[687,385],"_rootPartCFrame":[761.364,224.637,47.985,0.001,0,1,0,1,0,-1,0,0.001],"_humanoidState":5,"_cameraCFrame":[765.438,241.738,48.074,0.022,-0.967,0.253,0,0.253,0.968,-1,-0.021,0.006],"_shiftlockState":false,"_pose":"FreeFall","_animationQueue":[],"_animationSpeed":1,"_zoom":16.125},{"_mousePosition":[687,385],"_rootPartCFrame":[761.164,224.063,47.981,0.003,0,1,0,1,0,-1,0,0.003],"_humanoidState":5,"_cameraCFrame":[765.238,241.164,48.07,0.022,-0.967,0.253,0,0.253,0.968,-1,-0.021,0.006],"_shiftlockState":false,"_pose":"FreeFall","_animationQueue":[],"_animationSpeed":1,"_zoom":16.125},{"_mousePosition":[687,385],"_rootPartCFrame":[760.897,223.25,47.975,0.006,0,1,0,1,0,-1,0,0.006],"_humanoidState":5,"_cameraCFrame":[764.971,240.351,48.064,0.022,-0.967,0.253,0,0.253,0.968,-1,-0.021,0.006],"_shiftlockState":false,"_pose":"FreeFall","_animationQueue":[["fall",0.3]],"_animationSpeed":1,"_zoom":16.125},{"_mousePosition":[687,385],"_rootPartCFrame":[760.63,223.127,47.969,0.008,0,1,0,1,0,-1,0,0.008],"_humanoidState":7,"_cameraCFrame":[764.705,240.229,48.058,0.022,-0.967,0.253,0,0.253,0.968,-1,-0.021,0.006],"_shiftlockState":false,"_pose":"FreeFall","_animationQueue":[["walk",0.1],["fall",0.3],["fall",0.3]],"_animationSpeed":1,"_zoom":16.125},{"_mousePosition":[687,385],"_rootPartCFrame":[760.364,223.125,47.963,0.01,0,1,0,1,0,-1,0,0.01],"_humanoidState":7,"_cameraCFrame":[764.438,240.226,48.052,0.022,-0.967,0.253,0,0.253,0.968,-1,-0.021,0.006],"_shiftlockState":false,"_pose":"FreeFall","_animationQueue":[],"_animationSpeed":1,"_zoom":16.125},{"_mousePosition":[687,385],"_rootPartCFrame":[760.031,222.981,47.956,0.012,0,1,0,1,0,-1,0,0.012],"_humanoidState":8,"_cameraCFrame":[764.105,240.082,48.055,0.024,-0.967,0.253,0,0.253,0.968,-1,-0.024,0.006],"_shiftlockState":false,"_pose":"Running","_animationQueue":[["walk",0.1],["fall",0.3],["walk",0.1]],"_animationSpeed":1.103,"_zoom":16.125},{"_mousePosition":[687,385],"_rootPartCFrame":[759.764,222.798,47.95,0.013,0,1,0,1,0,-1,0,0.013],"_humanoidState":8,"_cameraCFrame":[763.838,239.899,48.07,0.029,-0.967,0.253,0,0.253,0.968,-1,-0.028,0.007],"_shiftlockState":false,"_pose":"Running","_animationQueue":[],"_animationSpeed":1.103,"_zoom":16.125},{"_mousePosition":[687,385],"_rootPartCFrame":[759.497,222.56,47.944,0.015,0,1,0,1,0,-1,0,0.015],"_humanoidState":8,"_cameraCFrame":[763.54,239.67,48.073,0.032,-0.968,0.251,0,0.251,0.968,-0.999,-0.031,0.008],"_shiftlockState":false,"_pose":"Running","_animationQueue":[],"_animationSpeed":1.103,"_zoom":16.125},{"_mousePosition":[687,385],"_rootPartCFrame":[759.231,222.556,47.936,0.017,0,1,0,1,0,-1,0,0.017],"_humanoidState":8,"_cameraCFrame":[763.273,239.666,48.075,0.034,-0.967,0.251,0,0.251,0.968,-0.999,-0.033,0.009],"_shiftlockState":false,"_pose":"Running","_animationQueue":[["walk",0.1]],"_animationSpeed":1.103,"_zoom":16.125},{"_mousePosition":[687,385],"_rootPartCFrame":[758.964,222.592,47.928,0.019,0,1,0,1,0,-1,0,0.019],"_humanoidState":8,"_cameraCFrame":[763.006,239.702,48.077,0.037,-0.967,0.251,0,0.251,0.968,-0.999,-0.036,0.009],"_shiftlockState":false,"_pose":"Running","_animationQueue":[],"_animationSpeed":1.103,"_zoom":16.125},{"_mousePosition":[687,385],"_rootPartCFrame":[758.698,222.618,47.918,0.021,0,1,0,1,0,-1,0,0.021],"_humanoidState":8,"_cameraCFrame":[762.74,239.727,48.078,0.04,-0.967,0.251,0,0.251,0.968,-0.999,-0.038,0.01],"_shiftlockState":false,"_pose":"Running","_animationQueue":[],"_animationSpeed":1.103,"_zoom":16.125},{"_mousePosition":[687,385],"_rootPartCFrame":[758.431,222.632,47.909,0.023,0,1,0,1,0,-1,0,0.023],"_humanoidState":8,"_cameraCFrame":[762.473,239.742,48.068,0.04,-0.967,0.251,0,0.251,0.968,-0.999,-0.038,0.01],"_shiftlockState":false,"_pose":"Running","_animationQueue":[],"_animationSpeed":1.103,"_zoom":16.125},{"_mousePosition":[687,385],"_rootPartCFrame":[758.098,223.716,47.896,0.026,0,1,0,1,0,-1,0,0.026],"_humanoidState":3,"_cameraCFrame":[762.14,240.826,48.056,0.04,-0.967,0.251,0,0.251,0.968,-0.999,-0.038,0.01],"_shiftlockState":false,"_pose":"Jumping","_animationQueue":[["walk",0.1],["jump",0.1]],"_animationSpeed":1,"_zoom":16.125},{"_mousePosition":[687,385],"_rootPartCFrame":[757.898,224.327,47.888,0.027,0,1,0,1,0,-1,0,0.027],"_humanoidState":5,"_cameraCFrame":[761.94,241.437,48.048,0.04,-0.967,0.251,0,0.251,0.968,-0.999,-0.038,0.01],"_shiftlockState":false,"_pose":"FreeFall","_animationQueue":[["jump",0.1]],"_animationSpeed":1,"_zoom":16.125},{"_mousePosition":[687,385],"_rootPartCFrame":[757.632,225.095,47.878,0.029,0,1,0,1,0,-1,0,0.029],"_humanoidState":5,"_cameraCFrame":[761.674,242.204,48.038,0.04,-0.967,0.251,0,0.251,0.968,-0.999,-0.038,0.01],"_shiftlockState":false,"_pose":"FreeFall","_animationQueue":[],"_animationSpeed":1,"_zoom":16.125},{"_mousePosition":[687,385],"_rootPartCFrame":[757.366,225.808,47.867,0.03,0,1,0,1,0,-1,0,0.03],"_humanoidState":5,"_cameraCFrame":[761.407,242.917,48.027,0.04,-0.967,0.251,0,0.251,0.968,-0.999,-0.038,0.01],"_shiftlockState":false,"_pose":"FreeFall","_animationQueue":[],"_animationSpeed":1,"_zoom":16.125},{"_mousePosition":[687,385],"_rootPartCFrame":[757.033,226.623,47.854,0.032,0,0.999,0,1,0,-0.999,0,0.032],"_humanoidState":5,"_cameraCFrame":[761.074,243.732,48.014,0.04,-0.967,0.251,0,0.251,0.968,-0.999,-0.038,0.01],"_shiftlockState":false,"_pose":"FreeFall","_animationQueue":[],"_animationSpeed":1,"_zoom":16.125},{"_mousePosition":[687,385],"_rootPartCFrame":[756.766,227.213,47.844,0.033,0,0.999,0,1,0,-0.999,0,0.033],"_humanoidState":5,"_cameraCFrame":[760.808,244.323,48.003,0.04,-0.967,0.251,0,0.251,0.968,-0.999,-0.038,0.01],"_shiftlockState":false,"_pose":"FreeFall","_animationQueue":[],"_animationSpeed":1,"_zoom":16.125},{"_mousePosition":[687,385],"_rootPartCFrame":[756.567,227.62,47.836,0.034,0,0.999,0,1,0,-0.999,0,0.034],"_humanoidState":5,"_cameraCFrame":[760.578,244.737,47.994,0.04,-0.968,0.249,0,0.249,0.969,-0.999,-0.038,0.01],"_shiftlockState":false,"_pose":"FreeFall","_animationQueue":[],"_animationSpeed":1,"_zoom":16.125},{"_mousePosition":[687,385],"_rootPartCFrame":[756.3,228.115,47.825,0.035,0,0.999,0,1,0,-0.999,0,0.035],"_humanoidState":5,"_cameraCFrame":[760.312,245.232,47.974,0.037,-0.968,0.249,0,0.249,0.969,-0.999,-0.036,0.009],"_shiftlockState":false,"_pose":"FreeFall","_animationQueue":[],"_animationSpeed":1,"_zoom":16.125},{"_mousePosition":[687,385],"_rootPartCFrame":[756.034,228.556,47.815,0.035,0,0.999,0,1,0,-0.999,0,0.035],"_humanoidState":5,"_cameraCFrame":[760.046,245.673,47.943,0.032,-0.968,0.249,0,0.249,0.969,-0.999,-0.031,0.008],"_shiftlockState":false,"_pose":"FreeFall","_animationQueue":[],"_animationSpeed":1,"_zoom":16.125},{"_mousePosition":[687,385],"_rootPartCFrame":[755.767,228.942,47.805,0.036,0,0.999,0,1,0,-0.999,0,0.036],"_humanoidState":5,"_cameraCFrame":[759.78,246.059,47.913,0.027,-0.968,0.249,0,0.249,0.969,-1,-0.026,0.007],"_shiftlockState":false,"_pose":"FreeFall","_animationQueue":[],"_animationSpeed":1,"_zoom":16.125},{"_mousePosition":[687,385],"_rootPartCFrame":[755.501,229.273,47.796,0.035,0,0.999,0,1,0,-0.999,0,0.035],"_humanoidState":5,"_cameraCFrame":[759.484,246.398,47.873,0.019,-0.969,0.247,0,0.247,0.969,-1,-0.019,0.005],"_shiftlockState":false,"_pose":"FreeFall","_animationQueue":[],"_animationSpeed":1,"_zoom":16.125},{"_mousePosition":[687,385],"_rootPartCFrame":[755.167,229.611,47.787,0.034,0,0.999,0,1,0,-0.999,0,0.034],"_humanoidState":5,"_cameraCFrame":[759.151,246.736,47.823,0.009,-0.969,0.247,0,0.247,0.969,-1,-0.009,0.002],"_shiftlockState":false,"_pose":"FreeFall","_animationQueue":[],"_animationSpeed":1,"_zoom":16.125},{"_mousePosition":[687,385],"_rootPartCFrame":[754.968,229.773,47.783,0.033,0,0.999,0,1,0,-0.999,0,0.033],"_humanoidState":5,"_cameraCFrame":[758.951,246.898,47.779,-0.001,-0.969,0.247,0,0.247,0.969,-1,0.001,0],"_shiftlockState":false,"_pose":"FreeFall","_animationQueue":[],"_animationSpeed":1,"_zoom":16.125},{"_mousePosition":[687,385],"_rootPartCFrame":[754.701,229.941,47.78,0.03,0,1,0,1,0,-1,0,0.03],"_humanoidState":5,"_cameraCFrame":[758.685,247.066,47.726,-0.014,-0.969,0.247,0,0.247,0.969,-1,0.013,-0.003],"_shiftlockState":false,"_pose":"FreeFall","_animationQueue":[],"_animationSpeed":1,"_zoom":16.125},{"_mousePosition":[687,385],"_rootPartCFrame":[754.368,230.074,47.78,0.025,0,1,0,1,0,-1,0,0.025],"_humanoidState":5,"_cameraCFrame":[758.32,247.207,47.666,-0.029,-0.969,0.245,0,0.245,0.969,-1,0.028,-0.007],"_shiftlockState":false,"_pose":"FreeFall","_animationQueue":[],"_animationSpeed":1,"_zoom":16.125},{"_mousePosition":[687,385],"_rootPartCFrame":[754.168,230.113,47.782,0.022,0,1,0,1,0,-1,0,0.022],"_humanoidState":5,"_cameraCFrame":[758.117,247.246,47.608,-0.044,-0.969,0.245,0,0.245,0.969,-0.999,0.043,-0.011],"_shiftlockState":false,"_pose":"FreeFall","_animationQueue":[],"_animationSpeed":1,"_zoom":16.125},{"_mousePosition":[687,385],"_rootPartCFrame":[753.901,230.118,47.789,0.016,0,1,0,1,0,-1,0,0.016],"_humanoidState":5,"_cameraCFrame":[757.817,247.258,47.557,-0.059,-0.968,0.243,0,0.243,0.97,-0.998,0.057,-0.014],"_shiftlockState":false,"_pose":"FreeFall","_animationQueue":[["fall",0.3]],"_animationSpeed":1,"_zoom":16.125},{"_mousePosition":[687,385],"_rootPartCFrame":[753.635,230.068,47.8,0.008,0,1,0,1,0,-1,0,0.008],"_humanoidState":5,"_cameraCFrame":[757.517,247.216,47.511,-0.074,-0.968,0.241,0,0.241,0.97,-0.997,0.072,-0.018],"_shiftlockState":false,"_pose":"FreeFall","_animationQueue":[],"_animationSpeed":1,"_zoom":16.125},{"_mousePosition":[687,385],"_rootPartCFrame":[753.369,229.963,47.815,-0.001,0,1,0,1,0,-1,0,-0.001],"_humanoidState":5,"_cameraCFrame":[757.243,247.111,47.438,-0.097,-0.966,0.24,0,0.241,0.97,-0.995,0.094,-0.023],"_shiftlockState":false,"_pose":"FreeFall","_animationQueue":[],"_animationSpeed":1,"_zoom":16.125},{"_mousePosition":[687,385],"_rootPartCFrame":[753.103,229.804,47.834,-0.01,0,1,0,1,0,-1,0,-0.01],"_humanoidState":5,"_cameraCFrame":[756.94,246.96,47.402,-0.112,-0.965,0.238,0,0.24,0.971,-0.994,0.109,-0.027],"_shiftlockState":false,"_pose":"FreeFall","_animationQueue":[],"_animationSpeed":1,"_zoom":16.125},{"_mousePosition":[687,385],"_rootPartCFrame":[752.771,229.529,47.866,-0.024,0,1,0,1,0,-1,0,-0.024],"_humanoidState":5,"_cameraCFrame":[756.604,246.685,47.394,-0.122,-0.964,0.238,0,0.24,0.971,-0.993,0.119,-0.029],"_shiftlockState":false,"_pose":"FreeFall","_animationQueue":[],"_animationSpeed":1,"_zoom":16.125},{"_mousePosition":[687,385],"_rootPartCFrame":[752.572,229.323,47.888,-0.033,0,0.999,0,1,0,-0.999,0,-0.033],"_humanoidState":5,"_cameraCFrame":[756.4,246.479,47.377,-0.132,-0.962,0.237,0,0.24,0.971,-0.991,0.128,-0.032],"_shiftlockState":false,"_pose":"FreeFall","_animationQueue":[],"_animationSpeed":1,"_zoom":16.125},{"_mousePosition":[687,385],"_rootPartCFrame":[752.307,229,47.92,-0.045,0,0.999,0,1,0,-0.999,0,-0.045],"_humanoidState":5,"_cameraCFrame":[756.133,246.156,47.39,-0.137,-0.962,0.237,0,0.24,0.971,-0.991,0.133,-0.033],"_shiftlockState":false,"_pose":"FreeFall","_animationQueue":[],"_animationSpeed":1,"_zoom":16.125},{"_mousePosition":[687,385],"_rootPartCFrame":[752.043,228.623,47.955,-0.056,0,0.998,0,1,0,-0.998,0,-0.056],"_humanoidState":5,"_cameraCFrame":[755.867,245.779,47.415,-0.14,-0.961,0.237,0,0.24,0.971,-0.99,0.136,-0.033],"_shiftlockState":false,"_pose":"FreeFall","_animationQueue":[["fall",0.3]],"_animationSpeed":1,"_zoom":16.125},{"_mousePosition":[687,385],"_rootPartCFrame":[751.779,228.192,47.991,-0.067,0,0.998,0,1,0,-0.998,0,-0.067],"_humanoidState":5,"_cameraCFrame":[755.603,245.348,47.452,-0.14,-0.961,0.237,0,0.24,0.971,-0.99,0.136,-0.033],"_shiftlockState":false,"_pose":"FreeFall","_animationQueue":[],"_animationSpeed":1,"_zoom":16.125},{"_mousePosition":[687,385],"_rootPartCFrame":[751.515,227.706,48.028,-0.077,0,0.997,0,1,0,-0.997,0,-0.077],"_humanoidState":5,"_cameraCFrame":[755.339,244.862,47.489,-0.14,-0.961,0.237,0,0.24,0.971,-0.99,0.136,-0.033],"_shiftlockState":false,"_pose":"FreeFall","_animationQueue":[],"_animationSpeed":1,"_zoom":16.125},{"_mousePosition":[687,385],"_rootPartCFrame":[751.184,227.022,48.075,-0.088,0,0.996,0,1,0,-0.996,0,-0.088],"_humanoidState":5,"_cameraCFrame":[755.009,244.178,47.535,-0.14,-0.961,0.237,0,0.24,0.971,-0.99,0.136,-0.033],"_shiftlockState":false,"_pose":"FreeFall","_animationQueue":[],"_animationSpeed":1,"_zoom":16.125},{"_mousePosition":[687,385],"_rootPartCFrame":[750.986,226.571,48.103,-0.094,0,0.996,0,1,0,-0.996,0,-0.094],"_humanoidState":5,"_cameraCFrame":[754.81,243.726,47.563,-0.14,-0.961,0.237,0,0.24,0.971,-0.99,0.136,-0.033],"_shiftlockState":false,"_pose":"FreeFall","_animationQueue":[],"_animationSpeed":1,"_zoom":16.125},{"_mousePosition":[687,385],"_rootPartCFrame":[750.722,225.921,48.14,-0.1,0,0.995,0,1,0,-0.995,0,-0.1],"_humanoidState":5,"_cameraCFrame":[754.546,243.077,47.6,-0.14,-0.961,0.237,0,0.24,0.971,-0.99,0.136,-0.033],"_shiftlockState":false,"_pose":"FreeFall","_animationQueue":[],"_animationSpeed":1,"_zoom":16.125},{"_mousePosition":[687,385],"_rootPartCFrame":[750.392,225.033,48.187,-0.107,0,0.994,0,1,0,-0.994,0,-0.107],"_humanoidState":5,"_cameraCFrame":[754.219,242.188,47.666,-0.135,-0.962,0.237,0,0.24,0.971,-0.991,0.131,-0.032],"_shiftlockState":false,"_pose":"FreeFall","_animationQueue":[["fall",0.3]],"_animationSpeed":1,"_zoom":16.125},{"_mousePosition":[687,385],"_rootPartCFrame":[750.194,224.459,48.214,-0.111,0,0.994,0,1,0,-0.994,0,-0.111],"_humanoidState":5,"_cameraCFrame":[754.03,241.614,47.772,-0.115,-0.964,0.238,0,0.24,0.971,-0.993,0.111,-0.027],"_shiftlockState":false,"_pose":"FreeFall","_animationQueue":[],"_animationSpeed":1,"_zoom":16.125},{"_mousePosition":[687,385],"_rootPartCFrame":[749.93,223.646,48.251,-0.114,0,0.993,0,1,0,-0.993,0,-0.114],"_humanoidState":5,"_cameraCFrame":[753.773,240.801,47.866,-0.099,-0.966,0.238,0,0.24,0.971,-0.995,0.097,-0.024],"_shiftlockState":false,"_pose":"FreeFall","_animationQueue":[],"_animationSpeed":1,"_zoom":16.125},{"_mousePosition":[687,385],"_rootPartCFrame":[749.599,222.553,48.29,-0.115,0,0.993,0,1,0,-0.993,0,-0.115],"_humanoidState":7,"_cameraCFrame":[753.447,239.708,47.964,-0.084,-0.967,0.239,0,0.24,0.971,-0.996,0.082,-0.02],"_shiftlockState":false,"_pose":"FreeFall","_animationQueue":[["walk",0.1],["fall",0.3],["fall",0.3]],"_animationSpeed":1,"_zoom":16.125},{"_mousePosition":[687,385],"_rootPartCFrame":[749.4,222.369,48.31,-0.115,0,0.993,0,1,0,-0.993,0,-0.115],"_humanoidState":7,"_cameraCFrame":[753.251,239.525,48.023,-0.074,-0.968,0.239,0,0.24,0.971,-0.997,0.072,-0.018],"_shiftlockState":false,"_pose":"FreeFall","_animationQueue":[],"_animationSpeed":1,"_zoom":16.125},{"_mousePosition":[687,385],"_rootPartCFrame":[749.068,222.474,48.339,-0.11,0,0.994,0,1,0,-0.994,0,-0.11],"_humanoidState":8,"_cameraCFrame":[752.922,239.63,48.091,-0.064,-0.969,0.239,0,0.24,0.971,-0.998,0.062,-0.015],"_shiftlockState":false,"_pose":"Running","_animationQueue":[["walk",0.1],["fall",0.3],["walk",0.1]],"_animationSpeed":1.103,"_zoom":16.125},{"_mousePosition":[687,385],"_rootPartCFrame":[748.735,222.564,48.364,-0.104,0,0.995,0,1,0,-0.995,0,-0.104],"_humanoidState":8,"_cameraCFrame":[752.592,239.72,48.165,-0.052,-0.97,0.239,0,0.24,0.971,-0.999,0.05,-0.012],"_shiftlockState":false,"_pose":"Running","_animationQueue":[["walk",0.1]],"_animationSpeed":1.103,"_zoom":16.125},{"_mousePosition":[687,385],"_rootPartCFrame":[748.469,222.603,48.381,-0.099,0,0.995,0,1,0,-0.995,0,-0.099],"_humanoidState":8,"_cameraCFrame":[752.328,239.759,48.221,-0.041,-0.97,0.239,0,0.24,0.971,-0.999,0.04,-0.01],"_shiftlockState":false,"_pose":"Running","_animationQueue":[],"_animationSpeed":1.103,"_zoom":16.125},{"_mousePosition":[687,385],"_rootPartCFrame":[748.269,222.619,48.392,-0.095,0,0.996,0,1,0,-0.996,0,-0.095],"_humanoidState":8,"_cameraCFrame":[752.13,239.775,48.281,-0.029,-0.97,0.239,0,0.24,0.971,-1,0.028,-0.007],"_shiftlockState":false,"_pose":"Running","_animationQueue":[],"_animationSpeed":1.103,"_zoom":16.125},{"_mousePosition":[687,385],"_rootPartCFrame":[748.003,222.632,48.404,-0.088,0,0.996,0,1,0,-0.996,0,-0.088],"_humanoidState":8,"_cameraCFrame":[751.865,239.788,48.351,-0.014,-0.971,0.239,0,0.24,0.971,-1,0.013,-0.003],"_shiftlockState":false,"_pose":"Running","_animationQueue":[],"_animationSpeed":1.103,"_zoom":16.125},{"_mousePosition":[687,385],"_rootPartCFrame":[747.736,222.638,48.412,-0.08,0,0.997,0,1,0,-0.997,0,-0.08],"_humanoidState":8,"_cameraCFrame":[751.598,239.794,48.418,0.002,-0.971,0.24,0,0.24,0.971,-1,-0.002,0],"_shiftlockState":false,"_pose":"Running","_animationQueue":[],"_animationSpeed":1.103,"_zoom":16.125},{"_mousePosition":[687,385],"_rootPartCFrame":[747.47,222.641,48.416,-0.072,0,0.997,0,1,0,-0.997,0,-0.072],"_humanoidState":8,"_cameraCFrame":[751.331,239.797,48.491,0.019,-0.971,0.239,0,0.24,0.971,-1,-0.019,0.005],"_shiftlockState":false,"_pose":"Running","_animationQueue":[],"_animationSpeed":1.103,"_zoom":16.125},{"_mousePosition":[687,385],"_rootPartCFrame":[747.203,222.643,48.416,-0.062,0,0.998,0,1,0,-0.998,0,-0.062],"_humanoidState":8,"_cameraCFrame":[751.063,239.798,48.549,0.034,-0.97,0.239,0,0.24,0.971,-0.999,-0.033,0.008],"_shiftlockState":false,"_pose":"Running","_animationQueue":[],"_animationSpeed":1.103,"_zoom":16.125},{"_mousePosition":[687,385],"_rootPartCFrame":[746.937,222.644,48.412,-0.052,0,0.999,0,1,0,-0.999,0,-0.052],"_humanoidState":8,"_cameraCFrame":[750.792,239.799,48.633,0.057,-0.969,0.239,0,0.24,0.971,-0.998,-0.056,0.014],"_shiftlockState":false,"_pose":"Running","_animationQueue":[["walk",0.1]],"_animationSpeed":1.103,"_zoom":16.125},{"_mousePosition":[687,385],"_rootPartCFrame":[746.603,223.714,48.406,-0.038,0,0.999,0,1,0,-0.999,0,-0.038],"_humanoidState":3,"_cameraCFrame":[750.456,240.869,48.675,0.07,-0.969,0.239,0,0.24,0.971,-0.998,-0.068,0.017],"_shiftlockState":false,"_pose":"Jumping","_animationQueue":[["walk",0.1],["jump",0.1]],"_animationSpeed":1,"_zoom":16.125},{"_mousePosition":[687,385],"_rootPartCFrame":[746.337,224.509,48.392,-0.026,0,1,0,1,0,-1,0,-0.026],"_humanoidState":5,"_cameraCFrame":[750.187,241.664,48.691,0.077,-0.968,0.239,0,0.24,0.971,-0.997,-0.075,0.019],"_shiftlockState":false,"_pose":"FreeFall","_animationQueue":[["jump",0.1]],"_animationSpeed":1,"_zoom":16.125},{"_mousePosition":[687,385],"_rootPartCFrame":[746.137,225.069,48.378,-0.017,0,1,0,1,0,-1,0,-0.017],"_humanoidState":5,"_cameraCFrame":[749.987,242.225,48.687,0.08,-0.968,0.239,0,0.24,0.971,-0.997,-0.078,0.019],"_shiftlockState":false,"_pose":"FreeFall","_animationQueue":[],"_animationSpeed":1,"_zoom":16.125},{"_mousePosition":[687,385],"_rootPartCFrame":[745.871,225.768,48.358,-0.004,0,1,0,1,0,-1,0,-0.004],"_humanoidState":5,"_cameraCFrame":[749.72,242.924,48.676,0.082,-0.968,0.239,0,0.24,0.971,-0.997,-0.08,0.02],"_shiftlockState":false,"_pose":"FreeFall","_animationQueue":[],"_animationSpeed":1,"_zoom":16.125},{"_mousePosition":[687,385],"_rootPartCFrame":[745.539,226.566,48.331,0.01,0,1,0,1,0,-1,0,0.01],"_humanoidState":5,"_cameraCFrame":[749.388,243.722,48.65,0.082,-0.968,0.239,0,0.24,0.971,-0.997,-0.08,0.02],"_shiftlockState":false,"_pose":"FreeFall","_animationQueue":[],"_animationSpeed":1,"_zoom":16.125},{"_mousePosition":[687,385],"_rootPartCFrame":[745.34,227.004,48.315,0.018,0,1,0,1,0,-1,0,0.018],"_humanoidState":5,"_cameraCFrame":[749.187,244.159,48.653,0.087,-0.967,0.239,0,0.24,0.971,-0.996,-0.085,0.021],"_shiftlockState":false,"_pose":"FreeFall","_animationQueue":[],"_animationSpeed":1,"_zoom":16.125},{"_mousePosition":[687,385],"_rootPartCFrame":[745.074,227.539,48.293,0.027,0,1,0,1,0,-1,0,0.027],"_humanoidState":5,"_cameraCFrame":[748.919,244.695,48.65,0.093,-0.967,0.238,0,0.24,0.971,-0.996,-0.09,0.022],"_shiftlockState":false,"_pose":"FreeFall","_animationQueue":[],"_animationSpeed":1,"_zoom":16.125},{"_mousePosition":[687,385],"_rootPartCFrame":[744.808,228.021,48.27,0.035,0,0.999,0,1,0,-0.999,0,0.035],"_humanoidState":5,"_cameraCFrame":[748.652,245.177,48.647,0.098,-0.966,0.238,0,0.24,0.971,-0.995,-0.095,0.023],"_shiftlockState":false,"_pose":"FreeFall","_animationQueue":[],"_animationSpeed":1,"_zoom":16.125},{"_mousePosition":[687,385],"_rootPartCFrame":[744.543,228.448,48.245,0.043,0,0.999,0,1,0,-0.999,0,0.043],"_humanoidState":5,"_cameraCFrame":[748.384,245.603,48.642,0.103,-0.966,0.238,0,0.24,0.971,-0.995,-0.1,0.025],"_shiftlockState":false,"_pose":"FreeFall","_animationQueue":[],"_animationSpeed":1,"_zoom":16.125},{"_mousePosition":[687,385],"_rootPartCFrame":[744.211,228.905,48.213,0.052,0,0.999,0,1,0,-0.999,0,0.052],"_humanoidState":5,"_cameraCFrame":[748.052,246.06,48.619,0.105,-0.966,0.238,0,0.24,0.971,-0.994,-0.102,0.025],"_shiftlockState":false,"_pose":"FreeFall","_animationQueue":[],"_animationSpeed":1,"_zoom":16.125},{"_mousePosition":[687,385],"_rootPartCFrame":[744.012,229.138,48.193,0.058,0,0.998,0,1,0,-0.998,0,0.058],"_humanoidState":5,"_cameraCFrame":[747.851,246.294,48.609,0.108,-0.965,0.238,0,0.24,0.971,-0.994,-0.105,0.026],"_shiftlockState":false,"_pose":"FreeFall","_animationQueue":[],"_animationSpeed":1,"_zoom":16.125},{"_mousePosition":[687,385],"_rootPartCFrame":[743.747,229.401,48.165,0.064,0,0.998,0,1,0,-0.998,0,0.064],"_humanoidState":5,"_cameraCFrame":[747.586,246.557,48.581,0.108,-0.965,0.238,0,0.24,0.971,-0.994,-0.105,0.026],"_shiftlockState":false,"_pose":"FreeFall","_animationQueue":[],"_animationSpeed":1,"_zoom":16.125},{"_mousePosition":[687,385],"_rootPartCFrame":[743.482,229.61,48.136,0.07,0,0.998,0,1,0,-0.998,0,0.07],"_humanoidState":5,"_cameraCFrame":[747.321,246.766,48.552,0.108,-0.965,0.238,0,0.24,0.971,-0.994,-0.105,0.026],"_shiftlockState":false,"_pose":"FreeFall","_animationQueue":[],"_animationSpeed":1,"_zoom":16.125},{"_mousePosition":[687,385],"_rootPartCFrame":[743.15,229.795,48.1,0.077,0,0.997,0,1,0,-0.997,0,0.077],"_humanoidState":5,"_cameraCFrame":[746.989,246.95,48.526,0.11,-0.965,0.238,0,0.24,0.971,-0.994,-0.107,0.026],"_shiftlockState":false,"_pose":"FreeFall","_animationQueue":[],"_animationSpeed":1,"_zoom":16.125},{"_mousePosition":[687,385],"_rootPartCFrame":[742.951,229.865,48.079,0.08,0,0.997,0,1,0,-0.997,0,0.08],"_humanoidState":5,"_cameraCFrame":[746.789,247.02,48.514,0.113,-0.965,0.238,0,0.24,0.971,-0.994,-0.109,0.027],"_shiftlockState":false,"_pose":"FreeFall","_animationQueue":[],"_animationSpeed":1,"_zoom":16.125},{"_mousePosition":[687,385],"_rootPartCFrame":[742.686,229.91,48.05,0.084,0,0.996,0,1,0,-0.996,0,0.084],"_humanoidState":5,"_cameraCFrame":[746.523,247.066,48.494,0.115,-0.964,0.238,0,0.24,0.971,-0.993,-0.112,