[{"_mousePosition":[1095,377],"_rootPartCFrame":[776.03,222.952,47.142,0,-0.003,1,0,1,0.003,-1,0,0],"_humanoidState":8,"_cameraCFrame":[779.985,234.63,38.325,-0.912,-0.297,0.282,0,0.689,0.725,-0.41,0.662,-0.628],"_shiftlockState":false,"_pose":"Standing","_animationQueue":[],"_animationSpeed":1,"_zoom":14.036},{"_mousePosition":[1070,396],"_rootPartCFrame":[775.805,222.833,47.041,0.059,0,0.998,0,1,0,-0.998,0,0.059],"_humanoidState":8,"_cameraCFrame":[779.764,234.511,38.224,-0.912,-0.297,0.282,0,0.689,0.725,-0.41,0.662,-0.628],"_shiftlockState":false,"_pose":"Standing","_animationQueue":[],"_animationSpeed":1,"_zoom":14.036},{"_mousePosition":[1053,408],"_rootPartCFrame":[775.563,222.673,46.932,0.108,0,0.994,0,1,0,-0.994,0,0.108],"_humanoidState":8,"_cameraCFrame":[779.522,234.351,38.115,-0.912,-0.297,0.282,0,0.689,0.725,-0.41,0.662,-0.628],"_shiftlockState":false,"_pose":"Running","_animationQueue":[["walk",0.1]],"_animationSpeed":1.066,"_zoom":14.036},{"_mousePosition":[1015,435],"_rootPartCFrame":[775.441,222.651,46.877,0.129,0,0.992,0,1,0,-0.992,0,0.129],"_humanoidState":8,"_cameraCFrame":[779.4,234.33,38.061,-0.912,-0.297,0.282,0,0.689,0.725,-0.41,0.662,-0.628],"_shiftlockState":false,"_pose":"Running","_animationQueue":[],"_animationSpeed":1.066,"_zoom":14.036},{"_mousePosition":[983,458],"_rootPartCFrame":[775.076,222.669,46.714,0.187,0,0.982,0,1,0,-0.982,0,0.187],"_humanoidState":8,"_cameraCFrame":[779.035,234.348,37.897,-0.912,-0.297,0.282,0,0.689,0.725,-0.41,0.662,-0.628],"_shiftlockState":false,"_pose":"Running","_animationQueue":[["walk",0.1]],"_animationSpeed":1.066,"_zoom":14.036},{"_mousePosition":[918,504],"_rootPartCFrame":[774.954,222.677,46.659,0.203,0,0.979,0,1,0,-0.979,0,0.203],"_humanoidState":8,"_cameraCFrame":[778.913,234.355,37.842,-0.912,-0.297,0.282,0,0.689,0.725,-0.41,0.662,-0.628],"_shiftlockState":false,"_pose":"Running","_animationQueue":[],"_animationSpeed":1.066,"_zoom":14.036},{"_mousePosition":[875,527],"_rootPartCFrame":[774.589,222.69,46.495,0.246,0,0.969,0,1,0,-0.969,0,0.246],"_humanoidState":8,"_cameraCFrame":[778.548,234.369,37.678,-0.912,-0.297,0.282,0,0.689,0.725,-0.41,0.662,-0.628],"_shiftlockState":false,"_pose":"Running","_animationQueue":[],"_animationSpeed":1.066,"_zoom":14.036},{"_mousePosition":[817,534],"_rootPartCFrame":[774.468,222.693,46.441,0.258,0,0.966,0,1,0,-0.966,0,0.258],"_humanoidState":8,"_cameraCFrame":[778.427,234.371,37.624,-0.912,-0.297,0.282,0,0.689,0.725,-0.41,0.662,-0.628],"_shiftlockState":false,"_pose":"Running","_animationQueue":[],"_animationSpeed":1.066,"_zoom":14.036},{"_mousePosition":[817,534],"_rootPartCFrame":[773.981,222.698,46.222,0.299,0,0.954,0,1,0,-0.954,0,0.299],"_humanoidState":8,"_cameraCFrame":[777.94,234.376,37.405,-0.912,-0.297,0.282,0,0.689,0.725,-0.41,0.662,-0.628],"_shiftlockState":false,"_pose":"Running","_animationQueue":[],"_animationSpeed":1.066,"_zoom":14.036},{"_mousePosition":[817,534],"_rootPartCFrame":[773.859,222.698,46.167,0.307,0,0.952,0,1,0,-0.952,0,0.307],"_humanoidState":8,"_cameraCFrame":[777.819,234.377,37.351,-0.912,-0.297,0.282,0,0.689,0.725,-0.41,0.662,-0.628],"_shiftlockState":false,"_pose":"Running","_animationQueue":[],"_animationSpeed":1.066,"_zoom":14.036},{"_mousePosition":[817,534],"_rootPartCFrame":[773.616,222.699,46.058,0.321,0,0.947,0,1,0,-0.947,0,0.321],"_humanoidState":8,"_cameraCFrame":[777.575,234.377,37.242,-0.912,-0.297,0.282,0,0.689,0.725,-0.41,0.662,-0.628],"_shiftlockState":false,"_pose":"Running","_animationQueue":[],"_animationSpeed":1.066,"_zoom":14.036},{"_mousePosition":[817,534],"_rootPartCFrame":[773.495,222.699,46.004,0.327,0,0.945,0,1,0,-0.945,0,0.327],"_humanoidState":8,"_cameraCFrame":[777.454,234.378,37.187,-0.912,-0.297,0.282,0,0.689,0.725,-0.41,0.662,-0.628],"_shiftlockState":false,"_pose":"Running","_animationQueue":[["walk",0.1]],"_animationSpeed":1.066,"_zoom":14.036},{"_mousePosition":[817,534],"_rootPartCFrame":[773.13,222.699,45.84,0.344,0,0.939,0,1,0,-0.939,0,0.344],"_humanoidState":8,"_cameraCFrame":[777.089,234.378,37.023,-0.912,-0.297,0.282,0,0.689,0.725,-0.41,0.662,-0.628],"_shiftlockState":false,"_pose":"Running","_animationQueue":[],"_animationSpeed":1.066,"_zoom":14.036},{"_mousePosition":[817,534],"_rootPartCFrame":[773.008,222.699,45.785,0.349,0,0.937,0,1,0,-0.937,0,0.349],"_humanoidState":8,"_cameraCFrame":[776.967,234.378,36.968,-0.912,-0.297,0.282,0,0.689,0.725,-0.41,0.662,-0.628],"_shiftlockState":false,"_pose":"Running","_animationQueue":[],"_animationSpeed":1.066,"_zoom":14.036},{"_mousePosition":[817,534],"_rootPartCFrame":[772.765,222.7,45.676,0.357,0,0.934,0,1,0,-0.934,0,0.357],"_humanoidState":8,"_cameraCFrame":[776.724,234.378,36.859,-0.912,-0.297,0.282,0,0.689,0.725,-0.41,0.662,-0.628],"_shiftlockState":false,"_pose":"Running","_animationQueue":[],"_animationSpeed":1.066,"_zoom":14.036},{"_mousePosition":[817,534],"_rootPartCFrame":[772.521,222.7,45.567,0.364,0,0.931,0,1,0,-0.931,0,0.364],"_humanoidState":8,"_cameraCFrame":[776.481,234.378,36.75,-0.912,-0.297,0.282,0,0.689,0.725,-0.41,0.662,-0.628],"_shiftlockState":false,"_pose":"Running","_animationQueue":[],"_animationSpeed":1.066,"_zoom":14.036},{"_mousePosition":[817,534],"_rootPartCFrame":[772.278,222.7,45.457,0.37,0,0.929,0,1,0,-0.929,0,0.37],"_humanoidState":8,"_cameraCFrame":[776.237,234.378,36.641,-0.912,-0.297,0.282,0,0.689,0.725,-0.41,0.662,-0.628],"_shiftlockState":false,"_pose":"Running","_animationQueue":[],"_animationSpeed":1.066,"_zoom":14.036},{"_mousePosition":[817,534],"_rootPartCFrame":[772.035,222.7,45.348,0.376,0,0.927,0,1,0,-0.927,0,0.376],"_humanoidState":8,"_cameraCFrame":[774.398,234.378,35.815,-0.912,-0.297,0.282,0,0.689,0.725,-0.41,0.662,-0.628],"_shiftlockState":true,"_pose":"Running","_animationQueue":[["walk",0.1]],"_animationSpeed":1.066,"_zoom":14.036},{"_mousePosition":[683,384],"_rootPartCFrame":[771.67,222.7,45.184,-0.961,0,0.276,0,1,0,-0.276,0,-0.961],"_humanoidState":8,"_cameraCFrame":[774.033,234.378,35.651,-0.912,-0.297,0.282,0,0.689,0.725,-0.41,0.662,-0.628],"_shiftlockState":true,"_pose":"Running","_animationQueue":[],"_animationSpeed":1.066,"_zoom":14.036},{"_mousePosition":[683,384],"_rootPartCFrame":[771.488,222.7,45.102,-0.922,0,0.388,0,1,0,-0.388,0,-0.922],"_humanoidState":8,"_cameraCFrame":[773.85,234.378,35.569,-0.912,-0.297,0.282,0,0.689,0.725,-0.41,0.662,-0.628],"_shiftlockState":true,"_pose":"Running","_animationQueue":[],"_animationSpeed":1.066,"_zoom":14.036},{"_mousePosition":[683,384],"_rootPartCFrame":[771.244,222.7,44.993,-0.914,0,0.406,0,1,0,-0.406,0,-0.914],"_humanoidState":8,"_cameraCFrame":[773.607,234.378,35.46,-0.912,-0.297,0.282,0,0.689,0.725,-0.41,0.662,-0.628],"_shiftlockState":true,"_pose":"Running","_animationQueue":[],"_animationSpeed":1.066,"_zoom":14.036},{"_mousePosition":[683,384],"_rootPartCFrame":[771.001,222.7,44.884,-0.912,0,0.409,0,1,0,-0.409,0,-0.912],"_humanoidState":8,"_cameraCFrame":[773.19,234.363,35.292,-0.92,-0.284,0.271,0,0.69,0.724,-0.392,0.666,-0.634],"_shiftlockState":true,"_pose":"Running","_animationQueue":[],"_animationSpeed":1.066,"_zoom":14.036},{"_mousePosition":[683,384],"_rootPartCFrame":[770.697,222.7,44.747,-0.92,0,0.392,0,1,0,-0.392,0,-0.92],"_humanoidState":8,"_cameraCFrame":[772.532,234.548,35.281,-0.931,-0.269,0.247,0,0.676,0.737,-0.365,0.686,-0.629],"_shiftlockState":true,"_pose":"Running","_animationQueue":[],"_animationSpeed":1.066,"_zoom":14.036},{"_mousePosition":[683,384],"_rootPartCFrame":[770.452,222.7,44.642,-0.931,0,0.365,0,1,0,-0.365,0,-0.931],"_humanoidState":8,"_cameraCFrame":[772.127,234.677,35.288,-0.935,-0.265,0.236,0,0.665,0.746,-0.354,0.698,-0.622],"_shiftlockState":true,"_pose":"Running","_animationQueue":[["walk",0.1]],"_animationSpeed":1.066,"_zoom":14.036},{"_mousePosition":[683,384],"_rootPartCFrame":[770.204,222.7,44.544,-0.935,0,0.354,0,1,0,-0.354,0,-0.935],"_humanoidState":8,"_cameraCFrame":[771.763,234.797,35.305,-0.938,-0.262,0.228,0,0.656,0.755,-0.348,0.708,-0.615],"_shiftlockState":true,"_pose":"Running","_animationQueue":[],"_animationSpeed":1.066,"_zoom":14.036},{"_mousePosition":[683,384],"_rootPartCFrame":[770.018,222.678,44.472,-0.938,0,0.348,0,1,0,-0.348,0,-0.938],"_humanoidState":8,"_cameraCFrame":[771.374,234.922,35.373,-0.943,-0.255,0.214,0,0.643,0.765,-0.333,0.722,-0.607],"_shiftlockState":true,"_pose":"Running","_animationQueue":[],"_animationSpeed":1.066,"_zoom":14.036},{"_mousePosition":[683,384],"_rootPartCFrame":[769.705,222.574,44.356,-0.943,0,0.333,0,1,0,-0.333,0,-0.943],"_humanoidState":8,"_cameraCFrame":[770.817,234.934,35.361,-0.95,-0.241,0.198,0,0.634,0.774,-0.312,0.735,-0.602],"_shiftlockState":true,"_pose":"Running","_animationQueue":[],"_animationSpeed":1.066,"_zoom":14.036},{"_mousePosition":[683,384],"_rootPartCFrame":[769.454,222.517,44.267,-0.95,0,0.312,0,1,0,-0.312,0,-0.95],"_humanoidState":8,"_cameraCFrame":[770.297,234.998,35.39,-0.958,-0.225,0.179,0,0.623,0.782,-0.288,0.749,-0.596],"_shiftlockState":true,"_pose":"Running","_animationQueue":[],"_animationSpeed":1.066,"_zoom":14.036},{"_mousePosition":[683,384],"_rootPartCFrame":[769.201,222.527,44.183,-0.958,0,0.288,0,1,0,-0.288,0,-0.958],"_humanoidState":8,"_cameraCFrame":[769.91,235.07,35.373,-0.961,-0.217,0.17,0,0.617,0.787,-0.276,0.756,-0.593],"_shiftlockState":true,"_pose":"Running","_animationQueue":[],"_animationSpeed":1.066,"_zoom":14.036},{"_mousePosition":[683,384],"_rootPartCFrame":[769.009,222.536,44.124,-0.961,0,0.276,0,1,0,-0.276,0,-0.961],"_humanoidState":8,"_cameraCFrame":[769.589,235.135,35.375,-0.965,-0.209,0.162,0,0.612,0.791,-0.264,0.763,-0.59],"_shiftlockState":true,"_pose":"Running","_animationQueue":[],"_animationSpeed":1.066,"_zoom":14.036},{"_mousePosition":[683,384],"_rootPartCFrame":[768.689,222.545,44.032,-0.965,0,0.264,0,1,0,-0.264,0,-0.965],"_humanoidState":8,"_cameraCFrame":[769.184,235.179,35.322,-0.967,-0.203,0.156,0,0.609,0.793,-0.256,0.767,-0.589],"_shiftlockState":true,"_pose":"Running","_animationQueue":[["walk",0.1]],"_animationSpeed":1.066,"_zoom":14.036},{"_mousePosition":[683,384],"_rootPartCFrame":[768.496,222.549,43.978,-0.967,0,0.256,0,1,0,-0.256,0,-0.967],"_humanoidState":8,"_cameraCFrame":[768.9,235.21,35.299,-0.969,-0.196,0.15,0,0.606,0.795,-0.247,0.771,-0.588],"_shiftlockState":true,"_pose":"Running","_animationQueue":[],"_animationSpeed":1.066,"_zoom":14.036},{"_mousePosition":[683,384],"_rootPartCFrame":[768.174,222.552,43.893,-0.969,0,0.247,0,1,0,-0.247,0,-0.969],"_humanoidState":8,"_cameraCFrame":[768.499,235.234,35.236,-0.971,-0.19,0.144,0,0.604,0.797,-0.239,0.774,-0.587],"_shiftlockState":true,"_pose":"Running","_animationQueue":[],"_animationSpeed":1.066,"_zoom":14.036},{"_mousePosition":[683,384],"_rootPartCFrame":[767.98,222.553,43.843,-0.971,0,0.239,0,1,0,-0.239,0,-0.971],"_humanoidState":8,"_cameraCFrame":[768.233,235.262,35.22,-0.973,-0.185,0.139,0,0.602,0.799,-0.231,0.777,-0.586],"_shiftlockState":true,"_pose":"Running","_animationQueue":[],"_animationSpeed":1.066,"_zoom":14.036},{"_mousePosition":[683,384],"_rootPartCFrame":[767.722,222.553,43.779,-0.973,0,0.231,0,1,0,-0.231,0,-0.973],"_humanoidState":8,"_cameraCFrame":[767.912,235.29,35.19,-0.974,-0.18,0.135,0,0.599,0.801,-0.225,0.78,-0.584],"_shiftlockState":true,"_pose":"Running","_animationQueue":[],"_animationSpeed":1.066,"_zoom":14.036},{"_mousePosition":[683,384],"_rootPartCFrame":[767.333,222.554,43.686,-0.974,0,0.225,0,1,0,-0.225,0,-0.974],"_humanoidState":8,"_cameraCFrame":[767.463,235.311,35.122,-0.976,-0.176,0.131,0,0.597,0.802,-0.219,0.782,-0.583],"_shiftlockState":true,"_pose":"Running","_animationQueue":[],"_animationSpeed":1.066,"_zoom":14.036},{"_mousePosition":[683,384],"_rootPartCFrame":[767.073,222.554,43.626,-0.976,0,0.219,0,1,0,-0.219,0,-0.976],"_humanoidState":8,"_cameraCFrame":[767.156,235.318,35.07,-0.977,-0.172,0.128,0,0.597,0.802,-0.214,0.784,-0.583],"_shiftlockState":true,"_pose":"Running","_animationQueue":[],"_animationSpeed":1.066,"_zoom":14.036},{"_mousePosition":[683,384],"_rootPartCFrame":[766.878,222.554,43.582,-0.977,0,0.214,0,1,0,-0.214,0,-0.977],"_humanoidState":8,"_cameraCFrame":[766.906,235.325,35.035,-0.978,-0.167,0.124,0,0.596,0.803,-0.208,0.785,-0.583],"_shiftlockState":true,"_pose":"Running","_animationQueue":[["walk",0.1]],"_animationSpeed":1.066,"_zoom":14.036},{"_mousePosition":[683,384],"_rootPartCFrame":[766.617,222.554,43.525,-0.978,0,0.208,0,1,0,-0.208,0,-0.978],"_humanoidState":8,"_cameraCFrame":[766.592,235.325,34.978,-0.979,-0.162,0.12,0,0.596,0.803,-0.202,0.786,-0.584],"_shiftlockState":true,"_pose":"Running","_animationQueue":[],"_animationSpeed":1.066,"_zoom":14.036},{"_mousePosition":[683,384],"_rootPartCFrame":[766.357,222.554,43.469,-0.979,0,0.202,0,1,0,-0.202,0,-0.979],"_humanoidState":8,"_cameraCFrame":[766.284,235.331,34.931,-0.98,-0.158,0.117,0,0.595,0.803,-0.197,0.788,-0.584],"_shiftlockState":true,"_pose":"Running","_animationQueue":[],"_animationSpeed":1.066,"_zoom":14.036},{"_mousePosition":[683,384],"_rootPartCFrame":[766.03,222.554,43.401,-0.98,0,0.197,0,1,0,-0.197,0,-0.98],"_humanoidState":8,"_cameraCFrame":[765.94,235.331,34.864,-0.981,-0.156,0.116,0,0.595,0.803,-0.195,0.788,-0.584],"_shiftlockState":true,"_pose":"Running","_animationQueue":[],"_animationSpeed":1.066,"_zoom":14.036},{"_mousePosition":[683,384],"_rootPartCFrame":[765.769,222.554,43.349,-0.981,0,0.195,0,1,0,-0.195,0,-0.981],"_humanoidState":8,"_cameraCFrame":[765.669,235.331,34.811,-0.981,-0.156,0.115,0,0.595,0.803,-0.194,0.788,-0.584],"_shiftlockState":true,"_pose":"Running","_animationQueue":[],"_animationSpeed":1.066,"_zoom":14.036},{"_mousePosition":[683,384],"_rootPartCFrame":[765.507,222.554,43.297,-0.981,0,0.194,0,1,0,-0.194,0,-0.981],"_humanoidState":8,"_cameraCFrame":[765.397,235.338,34.768,-0.981,-0.155,0.115,0,0.595,0.804,-0.193,0.789,-0.584],"_shiftlockState":true,"_pose":"Running","_animationQueue":[],"_animationSpeed":1.066,"_zoom":14.036},{"_mousePosition":[683,384],"_rootPartCFrame":[765.311,222.554,43.258,-0.981,0,0.193,0,1,0,-0.193,0,-0.981],"_humanoidState":8,"_cameraCFrame":[765.201,235.338,34.729,-0.981,-0.155,0.115,0,0.595,0.804,-0.193,0.789,-0.584],"_shiftlockState":true,"_pose":"Running","_animationQueue":[],"_animationSpeed":1.066,"_zoom":14.036},{"_mousePosition":[683,384],"_rootPartCFrame":[765.049,222.554,43.207,-0.981,0,0.193,0,1,0,-0.193,0,-0.981],"_humanoidState":8,"_cameraCFrame":[764.939,235.338,34.678,-0.981,-0.155,0.115,0,0.595,0.804,-0.193,0.789,-0.584],"_shiftlockState":true,"_pose":"Running","_animationQueue":[["walk",0.1]],"_animationSpeed":1.066,"_zoom":14.036},{"_mousePosition":[683,384],"_rootPartCFrame":[764.722,222.554,43.142,-0.981,0,0.193,0,1,0,-0.193,0,-0.981],"_humanoidState":8,"_cameraCFrame":[764.612,235.338,34.614,-0.981,-0.155,0.115,0,0.595,0.804,-0.193,0.789,-0.584],"_shiftlockState":true,"_pose":"Running","_animationQueue":[],"_animationSpeed":1.066,"_zoom":14.036},{"_mousePosition":[683,384],"_rootPartCFrame":[764.526,222.554,43.104,-0.981,0,0.193,0,1,0,-0.193,0,-0.981],"_humanoidState":8,"_cameraCFrame":[764.416,235.338,34.575,-0.981,-0.155,0.115,0,0.595,0.804,-0.193,0.789,-0.584],"_shiftlockState":true,"_pose":"Running","_animationQueue":[],"_animationSpeed":1.066,"_zoom":14.036},{"_mousePosition":[683,384],"_rootPartCFrame":[764.264,222.554,43.053,-0.981,0,0.193,0,1,0,-0.193,0,-0.981],"_humanoidState":8,"_cameraCFrame":[764.154,235.338,34.524,-0.981,-0.155,0.115,0,0.595,0.804,-0.193,0.789,-0.584],"_shiftlockState":true,"_pose":"Running","_animationQueue":[],"_animationSpeed":1.066,"_zoom":14.036},{"_mousePosition":[683,384],"_rootPartCFrame":[764.002,222.554,43.001,-0.981,0,0.193,0,1,0,-0.193,0,-0.981],"_humanoidState":8,"_cameraCFrame":[763.892,235.338,34.473,-0.981,-0.155,0.115,0,0.595,0.804,-0.193,0.789,-0.584],"_shiftlockState":true,"_pose":"Running","_animationQueue":[],"_animationSpeed":1.066,"_zoom":14.036},{"_mousePosition":[683,384],"_rootPartCFrame":[763.74,222.554,42.95,-0.981,0,0.193,0,1,0,-0.193,0,-0.981],"_humanoidState":8,"_cameraCFrame":[763.631,235.338,34.421,-0.981,-0.155,0.115,0,0.595,0.804,-0.193,0.789,-0.584],"_shiftlockState":true,"_pose":"Running","_animationQueue":[],"_animationSpeed":1.066,"_zoom":14.036},{"_mousePosition":[683,384],"_rootPartCFrame":[763.479,222.554,42.899,-0.981,0,0.193,0,1,0,-0.193,0,-0.981],"_humanoidState":8,"_cameraCFrame":[763.369,235.338,34.37,-0.981,-0.155,0.115,0,0.595,0.804,-0.193,0.789,-0.584],"_shiftlockState":true,"_pose":"Running","_animationQueue":[["walk",0.1]],"_animationSpeed":1.066,"_zoom":14.036},{"_mousePosition":[683,384],"_rootPartCFrame":[763.217,222.554,42.847,-0.981,0,0.193,0,1,0,-0.193,0,-0.981],"_humanoidState":8,"_cameraCFrame":[763.107,235.338,34.319,-0.981,-0.155,0.115,0,0.595,0.804,-0.193,0.789,-0.584],"_shiftlockState":true,"_pose":"Running","_animationQueue":[],"_animationSpeed":1.066,"_zoom":14.036},{"_mousePosition":[683,384],"_rootPartCFrame":[762.955,222.554,42.796,-0.981,0,0.193,0,1,0,-0.193,0,-0.981],"_humanoidState":8,"_cameraCFrame":[762.826,235.142,34.41,-0.981,-0.156,0.115,0,0.595,0.804,-0.194,0.789,-0.583],"_shiftlockState":true,"_pose":"Running","_animationQueue":[],"_animationSpeed":1.066,"_zoom":10.829},{"_mousePosition":[683,384],"_rootPartCFrame":[762.694,222.554,42.745,-0.981,0,0.194,0,1,0,-0.194,0,-0.981],"_humanoidState":8,"_cameraCFrame":[762.572,234.721,34.662,-0.979,-0.162,0.12,0,0.595,0.804,-0.202,0.787,-0.583],"_shiftlockState":true,"_pose":"Running","_animationQueue":[],"_animationSpeed":1.066,"_zoom":10.829},{"_mousePosition":[683,384],"_rootPartCFrame":[762.301,222.554,42.667,-0.979,0,0.202,0,1,0,-0.202,0,-0.979],"_humanoidState":8,"_cameraCFrame":[762.166,234.3,34.889,-0.978,-0.167,0.124,0,0.595,0.804,-0.208,0.786,-0.582],"_shiftlockState":true,"_pose":"Running","_animationQueue":[],"_animationSpeed":1.066,"_zoom":10.829},{"_mousePosition":[683,384],"_rootPartCFrame":[762.105,222.554,42.627,-0.978,0,0.208,0,1,0,-0.208,0,-0.978],"_humanoidState":8,"_cameraCFrame":[761.989,233.898,35.126,-0.976,-0.175,0.13,0,0.595,0.803,-0.218,0.784,-0.581],"_shiftlockState":true,"_pose":"Running","_animationQueue":[],"_animationSpeed":1.066,"_zoom":10.829},{"_mousePosition":[683,384],"_rootPartCFrame":[761.844,222.554,42.572,-0.976,0,0.218,0,1,0,-0.218,0,-0.976],"_humanoidState":8,"_cameraCFrame":[761.781,233.564,35.311,-0.973,-0.187,0.138,0,0.595,0.803,-0.232,0.781,-0.579],"_shiftlockState":true,"_pose":"Running","_animationQueue":[],"_animationSpeed":1.066,"_zoom":10.829},{"_mousePosition":[683,384],"_rootPartCFrame":[761.519,222.554,42.5,-0.973,0,0.232,0,1,0,-0.232,0,-0.973],"_humanoidState":8,"_cameraCFrame":[761.532,233.346,35.384,-0.969,-0.199,0.148,0,0.596,0.803,-0.248,0.778,-0.577],"_shiftlockState":true,"_pose":"Running","_animationQueue":[["walk",0.1]],"_animationSpeed":1.066,"_zoom":10.829},{"_mousePosition":[683,384],"_rootPartCFrame":[761.26,222.554,42.438,-0.969,0,0.248,0,1,0,-0.248,0,-0.969],"_humanoidState":8,"_cameraCFrame":[761.38,233.159,35.447,-0.964,-0.214,0.159,0,0.597,0.802,-0.267,0.773,-0.575],"_shiftlockState":true,"_pose":"Running","_animationQueue":[],"_animationSpeed":1.066,"_zoom":10.829},{"_mousePosition":[683,384],"_rootPartCFrame":[761.066,222.554,42.389,-0.964,0,0.267,0,1,0,-0.267,0,-0.964],"_humanoidState":8,"_cameraCFrame":[761.299,233.018,35.491,-0.958,-0.229,0.171,0,0.597,0.802,-0.286,0.768,-0.572],"_shiftlockState":true,"_pose":"Running","_animationQueue":[],"_animationSpeed":1.066,"_zoom":10.829},{"_mousePosition":[683,384],"_rootPartCFrame":[760.744,222.554,42.301,-0.958,0,0.286,0,1,0,-0.286,0,-0.958],"_humanoidState":8,"_cameraCFrame":[761.06,232.938,35.464,-0.954,-0.241,0.179,0,0.597,0.802,-0.3,0.765,-0.57],"_shiftlockState":true,"_pose":"Running","_animationQueue":[],"_animationSpeed":1.066,"_zoom":10.829},{"_mousePosition":[683,384],"_rootPartCFrame":[760.552,222.554,42.245,-0.954,0,0.3,0,1,0,-0.3,0,-0.954],"_humanoidState":8,"_cameraCFrame":[760.942,232.868,35.451,-0.95,-0.25,0.187,0,0.598,0.802,-0.312,0.761,-0.568],"_shiftlockState":true,"_pose":"Running","_animationQueue":[],"_animationSpeed":1.066,"_zoom":10.829},{"_mousePosition":[683,384],"_rootPartCFrame":[760.234,222.554,42.145,-0.95,0,0.312,0,1,0,-0.312,0,-0.95],"_humanoidState":8,"_cameraCFrame":[760.677,232.824,35.387,-0.947,-0.257,0.192,0,0.598,0.802,-0.321,0.759,-0.566],"_shiftlockState":true,"_pose":"Running","_animationQueue":[],"_animationSpeed":1.066,"_zoom":10.829},{"_mousePosition":[683,384],"_rootPartCFrame":[760.044,222.554,42.083,-0.947,0,0.321,0,1,0,-0.321,0,-0.947],"_humanoidState":8,"_cameraCFrame":[760.552,232.789,35.344,-0.944,-0.265,0.198,0,0.599,0.801,-0.331,0.756,-0.565],"_shiftlockState":true,"_pose":"Running","_animationQueue":[],"_animationSpeed":1.066,"_zoom":10.829},{"_mousePosition":[683,384],"_rootPartCFrame":[759.728,222.554,41.977,-0.944,0,0.331,0,1,0,-0.331,0,-0.944],"_humanoidState":8,"_cameraCFrame":[760.318,232.763,35.252,-0.939,-0.274,0.205,0,0.599,0.801,-0.343,0.752,-0.563],"_shiftlockState":true,"_pose":"Running","_animationQueue":[["walk",0.1]],"_animationSpeed":1.066,"_zoom":10.829},{"_mousePosition":[683,384],"_rootPartCFrame":[759.476,222.554,41.889,-0.939,0,0.343,0,1,0,-0.343,0,-0.939],"_humanoidState":8,"_cameraCFrame":[760.148,232.75,35.182,-0.935,-0.284,0.212,0,0.599,0.801,-0.354,0.749,-0.56],"_shiftlockState":true,"_pose":"Running","_animationQueue":[],"_animationSpeed":1.066,"_zoom":10.829},{"_mousePosition":[683,384],"_rootPartCFrame":[759.226,222.554,41.798,-0.935,0,0.354,0,1,0,-0.354,0,-0.935],"_humanoidState":8,"_cameraCFrame":[759.988,232.736,35.1,-0.93,-0.294,0.22,0,0.6,0.8,-0.367,0.744,-0.558],"_shiftlockState":true,"_pose":"Running","_animationQueue":[],"_animationSpeed":1.066,"_zoom":10.829},{"_mousePosition":[683,384],"_rootPartCFrame":[758.976,222.554,41.704,-0.93,0,0.367,0,1,0,-0.367,0,-0.93],"_humanoidState":8,"_cameraCFrame":[759.8,232.73,35.018,-0.927,-0.301,0.226,0,0.6,0.8,-0.376,0.741,-0.556],"_shiftlockState":true,"_pose":"Running","_animationQueue":[],"_animationSpeed":1.066,"_zoom":10.829},{"_mousePosition":[683,384],"_rootPartCFrame":[758.728,222.554,41.606,-0.927,0,0.376,0,1,0,-0.376,0,-0.927],"_humanoidState":8,"_cameraCFrame":[759.607,232.726,34.93,-0.923,-0.307,0.23,0,0.6,0.8,-0.384,0.739,-0.554],"_shiftlockState":true,"_pose":"Running","_animationQueue":[],"_animationSpeed":1.066,"_zoom":10.829},{"_mousePosition":[683,384],"_rootPartCFrame":[758.542,222.554,41.531,-0.923,0,0.384,0,1,0,-0.384,0,-0.923],"_humanoidState":8,"_cameraCFrame":[759.441,232.723,34.86,-0.922,-0.309,0.232,0,0.6,0.8,-0.387,0.738,-0.553],"_shiftlockState":true,"_pose":"Running","_animationQueue":[],"_animationSpeed":1.066,"_zoom":10.829},{"_mousePosition":[683,384],"_rootPartCFrame":[758.296,222.554,41.429,-0.922,0,0.387,0,1,0,-0.387,0,-0.922],"_humanoidState":8,"_cameraCFrame":[759.195,232.721,34.759,-0.922,-0.309,0.232,0,0.6,0.8,-0.387,0.738,-0.553],"_shiftlockState":true,"_pose":"Running","_animationQueue":[],"_animationSpeed":1.066,"_zoom":10.829},{"_mousePosition":[683,384],"_rootPartCFrame":[758.05,222.52,41.327,-0.922,0,0.387,0,1,0,-0.387,0,-0.922],"_humanoidState":8,"_cameraCFrame":[758.948,232.686,34.658,-0.922,-0.309,0.232,0,0.6,0.8,-0.387,0.738,-0.553],"_shiftlockState":true,"_pose":"Running","_animationQueue":[["walk",0.1]],"_animationSpeed":1.066,"_zoom":10.829},{"_mousePosition":[683,384],"_rootPartCFrame":[757.803,222.432,41.225,-0.922,0,0.387,0,1,0,-0.387,0,-0.922],"_humanoidState":8,"_cameraCFrame":[758.701,232.597,34.556,-0.922,-0.309,0.232,0,0.6,0.8,-0.387,0.738,-0.553],"_shiftlockState":true,"_pose":"Running","_animationQueue":[],"_animationSpeed":1.066,"_zoom":10.829},{"_mousePosition":[683,384],"_rootPartCFrame":[757.557,222.289,41.123,-0.922,0,0.387,0,1,0,-0.387,0,-0.922],"_humanoidState":8,"_cameraCFrame":[758.414,232.479,34.483,-0.924,-0.307,0.228,0,0.597,0.802,-0.383,0.741,-0.551],"_shiftlockState":true,"_pose":"Running","_animationQueue":[],"_animationSpeed":1.066,"_zoom":10.829},{"_mousePosition":[683,384],"_rootPartCFrame":[757.249,223.372,40.995,-0.924,0,0.383,0,1,0,-0.383,0,-0.924],"_humanoidState":3,"_cameraCFrame":[758.033,233.61,34.407,-0.927,-0.303,0.222,0,0.591,0.807,-0.376,0.748,-0.548],"_shiftlockState":true,"_pose":"Jumping","_animationQueue":[["walk",0.1],["jump",0.1]],"_animationSpeed":1,"_zoom":10.829},{"_mousePosition":[683,384],"_rootPartCFrame":[757.064,223.984,40.918,-0.901,0,0.433,0,1,0,-0.433,0,-0.901],"_humanoidState":5,"_cameraCFrame":[757.737,234.277,34.394,-0.931,-0.296,0.213,0,0.584,0.812,-0.364,0.756,-0.544],"_shiftlockState":true,"_pose":"FreeFall","_animationQueue":[["jump",0.1]],"_animationSpeed":1,"_zoom":10.829},{"_mousePosition":[683,384],"_rootPartCFrame":[756.756,224.935,40.792,-0.862,0,0.506,0,1,0,-0.506,0,-0.862],"_humanoidState":5,"_cameraCFrame":[757.314,235.279,34.327,-0.936,-0.287,0.203,0,0.577,0.817,-0.352,0.765,-0.54],"_shiftlockState":true,"_pose":"FreeFall","_animationQueue":[],"_animationSpeed":1,"_zoom":10.829},{"_mousePosition":[683,384],"_rootPartCFrame":[756.57,225.464,40.719,-0.897,0,0.443,0,1,0,-0.443,0,-0.897],"_humanoidState":5,"_cameraCFrame":[756.902,235.873,34.327,-0.946,-0.266,0.184,0,0.569,0.823,-0.323,0.779,-0.538],"_shiftlockState":true,"_pose":"FreeFall","_animationQueue":[],"_animationSpeed":1,"_zoom":10.829},{"_mousePosition":[683,384],"_rootPartCFrame":[756.195,226.432,40.578,-0.863,0,0.504,0,1,0,-0.504,0,-0.863],"_humanoidState":5,"_cameraCFrame":[756.405,236.86,34.209,-0.952,-0.252,0.173,0,0.566,0.825,-0.306,0.785,-0.539],"_shiftlockState":true,"_pose":"FreeFall","_animationQueue":[],"_animationSpeed":1,"_zoom":10.829},{"_mousePosition":[683,384],"_rootPartCFrame":[756.006,226.869,40.512,-0.917,0,0.4,0,1,0,-0.4,0,-0.917],"_humanoidState":5,"_cameraCFrame":[756.008,237.318,34.167,-0.961,-0.228,0.155,0,0.563,0.826,-0.276,0.794,-0.541],"_shiftlockState":true,"_pose":"FreeFall","_animationQueue":[],"_animationSpeed":1,"_zoom":10.829},{"_mousePosition":[683,384],"_rootPartCFrame":[755.753,227.405,40.43,-0.916,0,0.401,0,1,0,-0.401,0,-0.916],"_humanoidState":5,"_cameraCFrame":[755.516,237.868,34.11,-0.971,-0.199,0.135,0,0.561,0.828,-0.241,0.803,-0.545],"_shiftlockState":true,"_pose":"FreeFall","_animationQueue":[],"_animationSpeed":1,"_zoom":10.829},{"_mousePosition":[683,384],"_rootPartCFrame":[755.497,227.887,40.355,-0.93,0,0.367,0,1,0,-0.367,0,-0.93],"_humanoidState":5,"_cameraCFrame":[755.026,238.359,34.063,-0.979,-0.17,0.115,0,0.56,0.829,-0.205,0.811,-0.548],"_shiftlockState":true,"_pose":"FreeFall","_animationQueue":[],"_animationSpeed":1,"_zoom":10.829},{"_mousePosition":[683,384],"_rootPartCFrame":[755.238,228.314,40.29,-0.943,0,0.333,0,1,0,-0.333,0,-0.943],"_humanoidState":5,"_cameraCFrame":[754.55,238.786,34.017,-0.985,-0.142,0.096,0,0.56,0.829,-0.171,0.816,-0.552],"_shiftlockState":true,"_pose":"FreeFall","_animationQueue":[],"_animationSpeed":1,"_zoom":10.829},{"_mousePosition":[683,384],"_rootPartCFrame":[755.043,228.598,40.247,-0.963,0,0.268,0,1,0,-0.268,0,-0.963],"_humanoidState":5,"_cameraCFrame":[754.108,239.061,33.993,-0.991,-0.109,0.074,0,0.561,0.828,-0.132,0.82,-0.556],"_shiftlockState":true,"_pose":"FreeFall","_animationQueue":[],"_animationSpeed":1,"_zoom":10.829},{"_mousePosition":[683,384],"_rootPartCFrame":[754.715,229.004,40.189,-0.956,0,0.294,0,1,0,-0.294,0,-0.956],"_humanoidState":5,"_cameraCFrame":[753.542,239.442,33.939,-0.996,-0.077,0.053,0,0.565,0.825,-0.093,0.822,-0.562],"_shiftlockState":true,"_pose":"FreeFall","_animationQueue":[],"_animationSpeed":1,"_zoom":10.829},{"_mousePosition":[683,384],"_rootPartCFrame":[754.451,229.267,40.152,-0.974,0,0.225,0,1,0,-0.225,0,-0.974],"_humanoidState":5,"_cameraCFrame":[753.071,239.676,33.902,-0.998,-0.049,0.034,0,0.569,0.823,-0.06,0.821,-0.567],"_shiftlockState":true,"_pose":"FreeFall","_animationQueue":[],"_animationSpeed":1,"_zoom":10.829},{"_mousePosition":[683,384],"_rootPartCFrame":[754.252,229.429,40.132,-0.987,0,0.159,0,1,0,-0.159,0,-0.987],"_humanoidState":5,"_cameraCFrame":[752.645,239.803,33.887,-1,-0.019,0.013,0,0.573,0.819,-0.023,0.819,-0.573],"_shiftlockState":true,"_pose":"FreeFall","_animationQueue":[],"_animationSpeed":1,"_zoom":10.829},{"_mousePosition":[683,384],"_rootPartCFrame":[753.919,229.631,40.111,-0.982,0,0.189,0,1,0,-0.189,0,-0.982],"_humanoidState":5,"_cameraCFrame":[752.163,239.969,33.856,-1,0.001,-0.001,0,0.578,0.816,0.001,0.816,-0.578],"_shiftlockState":true,"_pose":"FreeFall","_animationQueue":[],"_animationSpeed":1,"_zoom":10.829},{"_mousePosition":[683,384],"_rootPartCFrame":[753.653,229.731,40.103,-0.991,0,0.132,0,1,0,-0.132,0,-0.991],"_humanoidState":5,"_cameraCFrame":[751.771,240.039,33.842,-1,0.017,-0.012,0,0.582,0.813,0.021,0.813,-0.582],"_shiftlockState":true,"_pose":"FreeFall","_animationQueue":[],"_animationSpeed":1,"_zoom":10.829},{"_mousePosition":[683,384],"_rootPartCFrame":[753.453,229.77,40.102,-0.997,0,0.079,0,1,0,-0.079,0,-0.997],"_humanoidState":5,"_cameraCFrame":[751.445,240.032,33.816,-0.999,0.033,-0.024,0,0.588,0.809,0.041,0.808,-0.587],"_shiftlockState":true,"_pose":"FreeFall","_animationQueue":[],"_animationSpeed":1,"_zoom":10.829},{"_mousePosition":[683,384],"_rootPartCFrame":[753.186,229.774,40.107,-0.996,0,0.092,0,1,0,-0.092,0,-0.996],"_humanoidState":5,"_cameraCFrame":[751.049,239.985,33.792,-0.998,0.049,-0.036,0,0.594,0.804,0.061,0.803,-0.593],"_shiftlockState":true,"_pose":"FreeFall","_animationQueue":[],"_animationSpeed":1,"_zoom":10.829},{"_mousePosition":[683,384],"_rootPartCFrame":[752.853,229.703,40.12,-0.994,0,0.106,0,1,0,-0.106,0,-0.994],"_humanoidState":5,"_cameraCFrame":[750.585,239.856,33.772,-0.997,0.064,-0.048,0,0.601,0.799,0.081,0.796,-0.599],"_shiftlockState":true,"_pose":"FreeFall","_animationQueue":[],"_animationSpeed":1,"_zoom":10.829},{"_mousePosition":[683,384],"_rootPartCFrame":[752.587,229.585,40.135,-0.999,0,0.053,0,1,0,-0.053,0,-0.999],"_humanoidState":5,"_cameraCFrame":[750.192,239.686,33.762,-0.995,0.079,-0.06,0,0.608,0.794,0.099,0.79,-0.605],"_shiftlockState":true,"_pose":"FreeFall","_animationQueue":[["fall",0.3]],"_animationSpeed":1,"_zoom":10.829},{"_mousePosition":[683,384],"_rootPartCFrame":[752.387,229.461,40.151,-1,0,0.001,0,1,0,-0.001,0,-1],"_humanoidState":5,"_cameraCFrame":[749.885,239.508,33.747,-0.993,0.091,-0.071,0,0.614,0.789,0.115,0.784,-0.61],"_shiftlockState":true,"_pose":"FreeFall","_animationQueue":[],"_animationSpeed":1,"_zoom":10.829},{"_mousePosition":[683,384],"_rootPartCFrame":[752.073,229.185,40.21,-1,0,0.027,0,1,0,-0.027,0,-1],"_humanoidState":5,"_cameraCFrame":[749.506,239.206,33.796,-0.992,0.098,-0.077,0,0.617,0.787,0.124,0.781,-0.612],"_shiftlockState":true,"_pose":"FreeFall","_animationQueue":[],"_animationSpeed":1,"_zoom":10.829},{"_mousePosition":[683,384],"_rootPartCFrame":[751.897,228.979,40.272,-0.999,0,-0.044,0,1,0,0.044,0,-0.999],"_humanoidState":5,"_cameraCFrame":[749.323,238.994,33.854,-0.992,0.099,-0.077,0,0.618,0.786,0.125,0.78,-0.613],"_shiftlockState":true,"_pose":"FreeFall","_animationQueue":[],"_animationSpeed":1,"_zoom":10.829},{"_mousePosition":[683,384],"_rootPartCFrame":[751.681,228.657,40.385,-1,0,-0.02,0,1,0,0.02,0,-1],"_humanoidState":5,"_cameraCFrame":[749.106,238.672,33.967,-0.992,0.099,-0.077,0,0.618,0.786,0.125,0.78,-0.613],"_shiftlockState":true,"_pose":"FreeFall","_animationQueue":[],"_animationSpeed":1,"_zoom":10.829},{"_mousePosition":[683,384],"_rootPartCFrame":[751.483,228.28,40.534,-1,0,-0.021,0,1,0,0.021,0,-1],"_humanoidState":5,"_cameraCFrame":[748.908,238.295,34.115,-0.992,0.099,-0.077,0,0.618,0.786,0.125,0.78,-0.613],"_shiftlockState":true,"_pose":"FreeFall","_animationQueue":[],"_animationSpeed":1,"_zoom":10.829},{"_mousePosition":[683,384],"_rootPartCFrame":[751.304,227.848,40.716,-1,0,-0.021,0,1,0,0.021,0,-1],"_humanoidState":5,"_cameraCFrame":[748.73,237.863,34.298,-0.992,0.099,-0.077,0,0.618,0.786,0.125,0.78,-0.613],"_shiftlockState":true,"_pose":"FreeFall","_animationQueue":[],"_animationSpeed":1,"_zoom":10.829},{"_mousePosition":[683,384],"_rootPartCFrame":[751.139,227.362,40.925,-1,0,-0.021,0,1,0,0.021,0,-1],"_humanoidState":5,"_cameraCFrame":[748.565,237.377,34.506,-0.992,0.099,-0.077,0,0.618,0.786,0.125,0.78,-0.613],"_shiftlockState":true,"_pose":"FreeFall","_animationQueue":[["fall",0.3]],"_animationSpeed":1,"_zoom":10.829},{"_mousePosition":[683,384],"_rootPartCFrame":[750.976,226.822,41.135,-1,0,-0.021,0,1,0,0.021,0,-1],"_humanoidState":5,"_cameraCFrame":[748.401,236.837,34.717,-0.992,0.099,-0.077,0,0.618,0.786,0.125,0.78,-0.613],"_shiftlockState":true,"_pose":"FreeFall","_animationQueue":[],"_animationSpeed":1,"_zoom":10.829},{"_mousePosition":[683,384],"_rootPartCFrame":[750.813,226.227,41.346,-1,0,-0.021,0,1,0,0.021,0,-1],"_humanoidState":5,"_cameraCFrame":[748.238,236.242,34.928,-0.992,0.099,-0.077,0,0.618,0.786,0.125,0.78,-0.613],"_shiftlockState":true,"_pose":"FreeFall","_animationQueue":[],"_animationSpeed":1,"_zoom":10.829},{"_mousePosition":[683,384],"_rootPartCFrame":[750.608,225.407,41.61,-1,0,0.005,0,1,0,-0.005,0,-1],"_humanoidState":5,"_cameraCFrame":[748.034,235.421,35.191,-0.992,0.099,-0.077,0,0.618,0.786,0.125,0.78,-0.613],"_shiftlockState":true,"_pose":"FreeFall","_animationQueue":[],"_animationSpeed":1,"_zoom":10.829},{"_mousePosition":[683,384],"_rootPartCFrame":[750.531,224.889,41.605,-1,0.003,-0.009,0.003,1,0,0.009,0,-1],"_humanoidState":5,"_cameraCFrame":[747.962,234.903,35.186,-0.992,0.099,-0.077,0,0.618,0.786,0.125,0.78,-0.613],"_shiftlockState":true,"_pose":"FreeFall","_animationQueue":[],"_animationSpeed":1,"_zoom":10.829},{"_mousePosition":[683,384],"_rootPartCFrame":[750.471,224.15,41.563,-1,0.002,-0.01,0.002,1,0,0.01,0,-1],"_humanoidState":5,"_cameraCFrame":[747.899,234.165,35.145,-0.992,0.099,-0.077,0,0.618,0.786,0.125,0.78,-0.613],"_shiftlockState":true,"_pose":"FreeFall","_animationQueue":[],"_animationSpeed":1,"_zoom":10.829},{"_mousePosition":[683,384],"_rootPartCFrame":[750.409,223.358,41.527,-1,0.001,-0.018,0.001,1,0,0.018,0,-1],"_humanoidState":5,"_cameraCFrame":[748.055,233.34,34.982,-0.996,0.071,-0.057,0,0.622,0.783,0.091,0.78,-0.619],"_shiftlockState":true,"_pose":"FreeFall","_animationQueue":[],"_animationSpeed":1,"_zoom":10.829},{"_mousePosition":[683,384],"_rootPartCFrame":[750.3,222.29,41.553,-0.999,0,0.036,0,1,0,-0.036,0,-0.999],"_humanoidState":5,"_cameraCFrame":[749.378,232.135,34.494,-0.993,-0.091,0.075,0,0.637,0.771,-0.118,0.765,-0.633],"_shiftlockState":true,"_pose":"FreeFall","_animationQueue":[["fall",0.3]],"_animationSpeed":1,"_zoom":10.829},{"_mousePosition":[683,384],"_rootPartCFrame":[750.227,221.631,41.468,-0.992,-0.005,0.127,-0.006,1,-0.003,-0.127,-0.004,-0.992],"_humanoidState":5,"_cameraCFrame":[751.688,231.52,34.55,-0.896,-0.344,0.281,0,0.632,0.775,-0.444,0.694,-0.567],"_shiftlockState":true,"_pose":"FreeFall","_animationQueue":[],"_animationSpeed":1,"_zoom":10.829},{"_mousePosition":[683,384],"_rootPartCFrame":[750.038,221.793,41.272,-0.913,0.003,0.408,-0.002,1,-0.011,-0.408,-0.011,-0.913],"_humanoidState":7,"_cameraCFrame":[753.494,231.862,35.339,-0.706,-0.56,0.433,0,0.611,0.791,-0.708,0.559,-0.432],"_shiftlockState":true,"_pose":"FreeFall","_animationQueue":[["walk",0.1],["fall",0.3],["fall",0.3]],"_animationSpeed":1,"_zoom":10.829},{"_mousePosition":[683,384],"_rootPartCFrame":[749.861,222.074,41.088,-0.723,0.01,0.691,0.003,1,-0.011,-0.691,-0.006,-0.723],"_humanoidState":7,"_cameraCFrame":[754.266,232.28,36.053,-0.554,-0.669,0.495,0,0.595,0.804,-0.832,0.446,-0.33],"_shiftlockState":true,"_pose":"FreeFall","_animationQueue":[],"_animationSpeed":1,"_zoom":10.829},{"_mousePosition":[683,384],"_rootPartCFrame":[749.705,222.296,41.039,-0.556,0.004,0.831,0,1,-0.005,-0.831,-0.003,-0.556],"_humanoidState":8,"_cameraCFrame":[753.246,232.913,36.064,-0.615,-0.664,0.426,0,0.54,0.842,-0.789,0.517,-0.332],"_shiftlockState":true,"_pose":"Running","_animationQueue":[["walk",0.1],["fall",0.3],["walk",0.1]],"_animationSpeed":0.742,"_zoom":10.829},{"_mousePosition":[683,384],"_rootPartCFrame":[749.6,222.959,41.038,-0.615,-0.002,0.788,-0.003,1,0,-0.788,-0.002,-0.615],"_humanoidState":3,"_cameraCFrame":[751.517,233.975,35.928,-0.774,-0.557,0.302,0,0.477,0.879,-0.633,0.68,-0.369],"_shiftlockState":true,"_pose":"Jumping","_animationQueue":[["walk",0.1],["jump",0.1]],"_animationSpeed":1,"_zoom":10.829},{"_mousePosition":[683,384],"_rootPartCFrame":[749.438,223.808,41.03,-0.713,-0.003,0.702,-0.002,1,0.001,-0.702,-0.001,-0.713],"_humanoidState":5,"_cameraCFrame":[750.414,234.946,35.885,-0.863,-0.449,0.23,0,0.456,0.89,-0.505,0.768,-0.394],"_shiftlockState":true,"_pose":"FreeFall","_animationQueue":[["jump",0.1]],"_animationSpeed":1,"_zoom":10.829},{"_mousePosition":[683,384],"_rootPartCFrame":[749.239,224.603,41.028,-0.795,-0.001,0.607,-0.001,1,0.001,-0.607,0,-0.795],"_humanoidState":5,"_cameraCFrame":[750.001,235.729,35.825,-0.885,-0.414,0.213,0,0.458,0.889,-0.466,0.787,-0.405],"_shiftlockState":true,"_pose":"FreeFall","_animationQueue":[],"_animationSpeed":1,"_zoom":10.829},{"_mousePosition":[683,384],"_rootPartCFrame":[748.952,225.519,41.064,-0.809,0,0.587,0,1,0,-0.587,0,-0.809],"_humanoidState":5,"_cameraCFrame":[749.495,236.614,35.774,-0.906,-0.376,0.197,0,0.464,0.886,-0.424,0.802,-0.42],"_shiftlockState":true,"_pose":"FreeFall","_animationQueue":[],"_animationSpeed":1,"_zoom":10.829},{"_mousePosition":[683,384],"_rootPartCFrame":[748.765,226.029,41.111,-0.867,0,0.498,0,1,0,-0.498,0,-0.867],"_humanoidState":5,"_cameraCFrame":[749.032,237.09,35.742,-0.928,-0.329,0.175,0,0.469,0.883,-0.372,0.82,-0.436],"_shiftlockState":true,"_pose":"FreeFall","_animationQueue":[],"_animationSpeed":1,"_zoom":10.829},{"_mousePosition":[683,384],"_rootPartCFrame":[748.514,226.66,41.198,-0.881,0,0.473,0,1,0,-0.473,0,-0.881],"_humanoidState":5,"_cameraCFrame":[748.559,237.689,35.765,-0.944,-0.29,0.157,0,0.475,0.88,-0.33,0.831,-0.448],"_shiftlockState":true,"_pose":"FreeFall","_animationQueue":[],"_animationSpeed":1,"_zoom":10.829},{"_mousePosition":[683,384],"_rootPartCFrame":[748.272,227.233,41.272,-0.908,0.006,0.42,-0.003,1,-0.021,-0.42,-0.02,-0.907],"_humanoidState":5,"_cameraCFrame":[748.208,238.241,35.772,-0.952,-0.27,0.147,0,0.479,0.878,-0.307,0.836,-0.455],"_shiftlockState":true,"_pose":"FreeFall","_animationQueue":[],"_animationSpeed":1,"_zoom":10.829},{"_mousePosition":[683,384],"_rootPartCFrame":[748.033,227.73,41.281,-0.932,0.007,0.361,0.003,1,-0.012,-0.361,-0.01,-0.932],"_humanoidState":5,"_cameraCFrame":[747.852,238.721,35.77,-0.959,-0.25,0.137,0,0.481,0.876,-0.285,0.84,-0.461],"_shiftlockState":true,"_pose":"FreeFall","_animationQueue":[],"_animationSpeed":1,"_zoom":10.829},{"_mousePosition":[683,384],"_rootPartCFrame":[747.789,228.162,41.275,-0.929,0.002,0.37,0.003,1,0.002,-0.37,0.003,-0.929],"_humanoidState":5,"_cameraCFrame":[747.469,239.128,35.746,-0.966,-0.227,0.126,0,0.486,0.874,-0.26,0.844,-0.469],"_shiftlockState":true,"_pose":"FreeFall","_animationQueue":[],"_animationSpeed":1,"_zoom":10.829},{"_mousePosition":[683,384],"_rootPartCFrame":[747.488,228.624,41.293,-0.926,0.004,0.378,0,1,-0.01,-0.378,-0.009,-0.926],"_humanoidState":5,"_cameraCFrame":[746.99,239.547,35.687,-0.974,-0.196,0.111,0,0.493,0.87,-0.225,0.848,-0.48],"_shiftlockState":true,"_pose":"FreeFall","_animationQueue":[],"_animationSpeed":1,"_zoom":10.829},{"_mousePosition":[683,384],"_rootPartCFrame":[747.304,228.856,41.294,-0.955,0.005,0.295,0,1,-0.017,-0.295,-0.017,-0.955],"_humanoidState":5,"_cameraCFrame":[746.589,239.736,35.628,-0.983,-0.16,0.092,0,0.5,0.866,-0.184,0.851,-0.491],"_shiftlockState":true,"_pose":"FreeFall","_animationQueue":[],"_animationSpeed":1,"_zoom":10.829},{"_mousePosition":[683,384],"_rootPartCFrame":[747.062,229.118,41.337,-0.957,0.001,0.289,-0.001,1,-0.008,-0.289,-0.008,-0.957],"_humanoidState":5,"_cameraCFrame":[746.105,239.954,35.646,-0.99,-0.122,0.071,0,0.507,0.862,-0.141,0.854,-0.502],"_shiftlockState":true,"_pose":"FreeFall","_animationQueue":[],"_animationSpeed":1,"_zoom":10.829},{"_mousePosition":[683,384],"_rootPartCFrame":[746.827,229.326,41.418,-0.969,-0.001,0.249,-0.001,1,-0.002,-0.249,-0.002,