[{"_mousePosition":[577,377],"_rootPartCFrame":[776.035,222.7,47.142,-0.002,0,1,0,1,0,-1,0,-0.002],"_humanoidState":8,"_cameraCFrame":[786.583,248.311,46.795,-0.033,-0.916,0.401,0,0.401,0.916,-0.999,0.03,-0.013],"_shiftlockState":false,"_pose":"Standing","_animationQueue":[],"_animationSpeed":1,"_zoom":26.32},{"_mousePosition":[577,377],"_rootPartCFrame":[775.731,222.7,47.151,-0.006,0,1,0,1,0,-1,0,-0.006],"_humanoidState":8,"_cameraCFrame":[786.185,248.352,46.78,-0.035,-0.917,0.397,0,0.397,0.918,-0.999,0.033,-0.014],"_shiftlockState":false,"_pose":"Standing","_animationQueue":[],"_animationSpeed":1,"_zoom":26.32},{"_mousePosition":[577,377],"_rootPartCFrame":[775.465,222.7,47.159,-0.01,0,1,0,1,0,-1,0,-0.01],"_humanoidState":8,"_cameraCFrame":[785.824,248.392,46.766,-0.038,-0.919,0.394,0,0.394,0.919,-0.999,0.035,-0.015],"_shiftlockState":false,"_pose":"Running","_animationQueue":[["walk",0.1]],"_animationSpeed":1.089,"_zoom":26.32},{"_mousePosition":[577,377],"_rootPartCFrame":[775.332,222.7,47.164,-0.011,0,1,0,1,0,-1,0,-0.011],"_humanoidState":8,"_cameraCFrame":[785.595,248.433,46.748,-0.04,-0.92,0.39,0,0.39,0.921,-0.999,0.037,-0.016],"_shiftlockState":false,"_pose":"Running","_animationQueue":[],"_animationSpeed":1.089,"_zoom":26.32},{"_mousePosition":[577,377],"_rootPartCFrame":[775.065,222.7,47.174,-0.015,0,1,0,1,0,-1,0,-0.015],"_humanoidState":8,"_cameraCFrame":[785.281,248.453,46.734,-0.043,-0.921,0.388,0,0.388,0.921,-0.999,0.04,-0.017],"_shiftlockState":false,"_pose":"Running","_animationQueue":[],"_animationSpeed":1.089,"_zoom":26.32},{"_mousePosition":[577,377],"_rootPartCFrame":[774.799,222.7,47.185,-0.018,0,1,0,1,0,-1,0,-0.018],"_humanoidState":8,"_cameraCFrame":[785.014,248.453,46.745,-0.043,-0.921,0.388,0,0.388,0.921,-0.999,0.04,-0.017],"_shiftlockState":false,"_pose":"Running","_animationQueue":[["walk",0.1]],"_animationSpeed":1.089,"_zoom":26.32},{"_mousePosition":[577,377],"_rootPartCFrame":[774.532,222.7,47.196,-0.022,0,1,0,1,0,-1,0,-0.022],"_humanoidState":8,"_cameraCFrame":[784.7,248.473,46.759,-0.043,-0.921,0.386,0,0.387,0.922,-0.999,0.04,-0.017],"_shiftlockState":false,"_pose":"Running","_animationQueue":[],"_animationSpeed":1.089,"_zoom":26.32},{"_mousePosition":[577,377],"_rootPartCFrame":[774.133,222.7,47.214,-0.026,0,1,0,1,0,-1,0,-0.026],"_humanoidState":8,"_cameraCFrame":[784.301,248.473,46.776,-0.043,-0.921,0.386,0,0.387,0.922,-0.999,0.04,-0.017],"_shiftlockState":false,"_pose":"Running","_animationQueue":[],"_animationSpeed":1.089,"_zoom":26.32},{"_mousePosition":[577,377],"_rootPartCFrame":[774,222.7,47.219,-0.027,0,1,0,1,0,-1,0,-0.027],"_humanoidState":8,"_cameraCFrame":[784.12,248.492,46.784,-0.043,-0.922,0.385,0,0.385,0.923,-0.999,0.04,-0.017],"_shiftlockState":false,"_pose":"Running","_animationQueue":[],"_animationSpeed":1.089,"_zoom":26.32},{"_mousePosition":[577,377],"_rootPartCFrame":[773.733,222.7,47.231,-0.029,0,1,0,1,0,-1,0,-0.029],"_humanoidState":8,"_cameraCFrame":[783.805,248.512,46.772,-0.046,-0.923,0.383,0,0.383,0.924,-0.999,0.042,-0.017],"_shiftlockState":false,"_pose":"Running","_animationQueue":[],"_animationSpeed":1.089,"_zoom":26.32},{"_mousePosition":[577,377],"_rootPartCFrame":[773.333,222.7,47.248,-0.032,0,0.999,0,1,0,-0.999,0,-0.032],"_humanoidState":8,"_cameraCFrame":[783.358,248.532,46.791,-0.046,-0.924,0.381,0,0.381,0.924,-0.999,0.042,-0.017],"_shiftlockState":false,"_pose":"Running","_animationQueue":[],"_animationSpeed":1.089,"_zoom":26.32},{"_mousePosition":[577,377],"_rootPartCFrame":[773.067,222.7,47.26,-0.034,0,0.999,0,1,0,-0.999,0,-0.034],"_humanoidState":8,"_cameraCFrame":[783.044,248.551,46.805,-0.046,-0.924,0.379,0,0.379,0.925,-0.999,0.042,-0.017],"_shiftlockState":false,"_pose":"Running","_animationQueue":[["walk",0.1]],"_animationSpeed":1.089,"_zoom":26.32},{"_mousePosition":[577,377],"_rootPartCFrame":[772.801,222.7,47.272,-0.035,0,0.999,0,1,0,-0.999,0,-0.035],"_humanoidState":8,"_cameraCFrame":[782.731,248.571,46.82,-0.046,-0.925,0.377,0,0.378,0.926,-0.999,0.042,-0.017],"_shiftlockState":false,"_pose":"Running","_animationQueue":[],"_animationSpeed":1.089,"_zoom":26.32},{"_mousePosition":[577,377],"_rootPartCFrame":[772.534,222.7,47.284,-0.037,0,0.999,0,1,0,-0.999,0,-0.037],"_humanoidState":8,"_cameraCFrame":[782.464,248.571,46.832,-0.046,-0.925,0.377,0,0.378,0.926,-0.999,0.042,-0.017],"_shiftlockState":false,"_pose":"Running","_animationQueue":[],"_animationSpeed":1.089,"_zoom":26.32},{"_mousePosition":[577,377],"_rootPartCFrame":[772.268,223.573,47.296,-0.038,0,0.999,0,1,0,-0.999,0,-0.038],"_humanoidState":3,"_cameraCFrame":[782.198,249.444,46.844,-0.046,-0.925,0.377,0,0.378,0.926,-0.999,0.042,-0.017],"_shiftlockState":false,"_pose":"Jumping","_animationQueue":[["walk",0.1],["jump",0.1]],"_animationSpeed":1,"_zoom":26.32},{"_mousePosition":[577,377],"_rootPartCFrame":[772.068,224.194,47.306,-0.039,0,0.999,0,1,0,-0.999,0,-0.039],"_humanoidState":5,"_cameraCFrame":[781.998,250.065,46.853,-0.046,-0.925,0.377,0,0.378,0.926,-0.999,0.042,-0.017],"_shiftlockState":false,"_pose":"FreeFall","_animationQueue":[["jump",0.1]],"_animationSpeed":1,"_zoom":26.32},{"_mousePosition":[577,377],"_rootPartCFrame":[771.735,225.162,47.321,-0.04,0,0.999,0,1,0,-0.999,0,-0.04],"_humanoidState":5,"_cameraCFrame":[781.665,251.033,46.868,-0.046,-0.925,0.377,0,0.378,0.926,-0.999,0.042,-0.017],"_shiftlockState":false,"_pose":"FreeFall","_animationQueue":[],"_animationSpeed":1,"_zoom":26.32},{"_mousePosition":[577,377],"_rootPartCFrame":[771.469,225.875,47.333,-0.041,0,0.999,0,1,0,-0.999,0,-0.041],"_humanoidState":5,"_cameraCFrame":[781.352,251.766,46.882,-0.046,-0.926,0.375,0,0.376,0.927,-0.999,0.042,-0.017],"_shiftlockState":false,"_pose":"FreeFall","_animationQueue":[],"_animationSpeed":1,"_zoom":26.32},{"_mousePosition":[577,377],"_rootPartCFrame":[771.269,226.374,47.342,-0.041,0,0.999,0,1,0,-0.999,0,-0.041],"_humanoidState":5,"_cameraCFrame":[781.057,252.303,46.896,-0.046,-0.927,0.372,0,0.372,0.928,-0.999,0.042,-0.017],"_shiftlockState":false,"_pose":"FreeFall","_animationQueue":[],"_animationSpeed":1,"_zoom":26.32},{"_mousePosition":[577,377],"_rootPartCFrame":[770.936,227.138,47.357,-0.042,0,0.999,0,1,0,-0.999,0,-0.042],"_humanoidState":5,"_cameraCFrame":[780.629,253.105,46.915,-0.046,-0.929,0.368,0,0.369,0.93,-0.999,0.042,-0.017],"_shiftlockState":false,"_pose":"FreeFall","_animationQueue":[],"_animationSpeed":1,"_zoom":26.32},{"_mousePosition":[577,377],"_rootPartCFrame":[770.67,227.687,47.369,-0.043,0,0.999,0,1,0,-0.999,0,-0.043],"_humanoidState":5,"_cameraCFrame":[780.363,253.654,46.952,-0.043,-0.929,0.368,0,0.369,0.93,-0.999,0.04,-0.016],"_shiftlockState":false,"_pose":"FreeFall","_animationQueue":[],"_animationSpeed":1,"_zoom":26.32},{"_mousePosition":[577,377],"_rootPartCFrame":[770.47,228.064,47.378,-0.043,0,0.999,0,1,0,-0.999,0,-0.043],"_humanoidState":5,"_cameraCFrame":[780.116,254.049,46.963,-0.043,-0.929,0.366,0,0.367,0.93,-0.999,0.04,-0.016],"_shiftlockState":false,"_pose":"FreeFall","_animationQueue":[],"_animationSpeed":1,"_zoom":26.32},{"_mousePosition":[577,377],"_rootPartCFrame":[770.137,228.623,47.393,-0.043,0,0.999,0,1,0,-0.999,0,-0.043],"_humanoidState":5,"_cameraCFrame":[779.783,254.609,46.978,-0.043,-0.929,0.366,0,0.367,0.93,-0.999,0.04,-0.016],"_shiftlockState":false,"_pose":"FreeFall","_animationQueue":[],"_animationSpeed":1,"_zoom":26.32},{"_mousePosition":[577,377],"_rootPartCFrame":[769.871,229.009,47.404,-0.043,0,0.999,0,1,0,-0.999,0,-0.043],"_humanoidState":5,"_cameraCFrame":[779.517,254.995,46.989,-0.043,-0.929,0.366,0,0.367,0.93,-0.999,0.04,-0.016],"_shiftlockState":false,"_pose":"FreeFall","_animationQueue":[],"_animationSpeed":1,"_zoom":26.32},{"_mousePosition":[577,377],"_rootPartCFrame":[769.671,229.263,47.413,-0.043,0,0.999,0,1,0,-0.999,0,-0.043],"_humanoidState":5,"_cameraCFrame":[779.317,255.248,46.998,-0.043,-0.929,0.366,0,0.367,0.93,-0.999,0.04,-0.016],"_shiftlockState":false,"_pose":"FreeFall","_animationQueue":[],"_animationSpeed":1,"_zoom":26.32},{"_mousePosition":[577,377],"_rootPartCFrame":[769.338,229.617,47.427,-0.043,0,0.999,0,1,0,-0.999,0,-0.043],"_humanoidState":5,"_cameraCFrame":[778.984,255.603,47.012,-0.043,-0.929,0.366,0,0.367,0.93,-0.999,0.04,-0.016],"_shiftlockState":false,"_pose":"FreeFall","_animationQueue":[],"_animationSpeed":1,"_zoom":26.32},{"_mousePosition":[577,377],"_rootPartCFrame":[769.072,229.84,47.439,-0.043,0,0.999,0,1,0,-0.999,0,-0.043],"_humanoidState":5,"_cameraCFrame":[778.717,255.826,47.024,-0.043,-0.929,0.366,0,0.367,0.93,-0.999,0.04,-0.016],"_shiftlockState":false,"_pose":"FreeFall","_animationQueue":[],"_animationSpeed":1,"_zoom":26.32},{"_mousePosition":[577,377],"_rootPartCFrame":[768.872,229.971,47.447,-0.043,0,0.999,0,1,0,-0.999,0,-0.043],"_humanoidState":5,"_cameraCFrame":[778.518,255.957,47.032,-0.043,-0.929,0.366,0,0.367,0.93,-0.999,0.04,-0.016],"_shiftlockState":false,"_pose":"FreeFall","_animationQueue":[],"_animationSpeed":1,"_zoom":26.32},{"_mousePosition":[577,377],"_rootPartCFrame":[768.605,230.098,47.459,-0.043,0,0.999,0,1,0,-0.999,0,-0.043],"_humanoidState":5,"_cameraCFrame":[778.251,256.084,47.044,-0.043,-0.929,0.366,0,0.367,0.93,-0.999,0.04,-0.016],"_shiftlockState":false,"_pose":"FreeFall","_animationQueue":[],"_animationSpeed":1,"_zoom":26.32},{"_mousePosition":[577,377],"_rootPartCFrame":[768.339,230.171,47.47,-0.043,0,0.999,0,1,0,-0.999,0,-0.043],"_humanoidState":5,"_cameraCFrame":[777.985,256.156,47.055,-0.043,-0.929,0.366,0,0.367,0.93,-0.999,0.04,-0.016],"_shiftlockState":false,"_pose":"FreeFall","_animationQueue":[],"_animationSpeed":1,"_zoom":26.32},{"_mousePosition":[577,377],"_rootPartCFrame":[768.073,230.189,47.482,-0.043,0,0.999,0,1,0,-0.999,0,-0.043],"_humanoidState":5,"_cameraCFrame":[777.719,256.175,47.067,-0.043,-0.929,0.366,0,0.367,0.93,-0.999,0.04,-0.016],"_shiftlockState":false,"_pose":"FreeFall","_animationQueue":[],"_animationSpeed":1,"_zoom":26.32},{"_mousePosition":[577,377],"_rootPartCFrame":[767.9,230.387,47.389,-0.043,0,0.999,0,1,0,-0.999,0,-0.043],"_humanoidState":7,"_cameraCFrame":[777.546,256.373,46.974,-0.043,-0.929,0.366,0,0.367,0.93,-0.999,0.04,-0.016],"_shiftlockState":false,"_pose":"FreeFall","_animationQueue":[["fall",0.3],["walk",0.1],["fall",0.3],["fall",0.3]],"_animationSpeed":1,"_zoom":26.32},{"_mousePosition":[577,377],"_rootPartCFrame":[767.975,230.522,47.239,-0.326,0,0.945,0,1,0,-0.945,0,-0.326],"_humanoidState":7,"_cameraCFrame":[777.621,256.507,46.823,-0.043,-0.929,0.366,0,0.367,0.93,-0.999,0.04,-0.016],"_shiftlockState":false,"_pose":"FreeFall","_animationQueue":[],"_animationSpeed":1,"_zoom":26.32},{"_mousePosition":[577,377],"_rootPartCFrame":[768.151,230.586,47.108,-0.577,0,0.817,0,1,0,-0.817,0,-0.577],"_humanoidState":8,"_cameraCFrame":[777.797,256.571,46.693,-0.043,-0.929,0.366,0,0.367,0.93,-0.999,0.04,-0.016],"_shiftlockState":false,"_pose":"Running","_animationQueue":[["walk",0.1],["fall",0.3],["walk",0.1]],"_animationSpeed":0.627,"_zoom":26.32},{"_mousePosition":[577,377],"_rootPartCFrame":[768.416,230.637,46.931,-0.824,0,0.567,0,1,0,-0.567,0,-0.824],"_humanoidState":8,"_cameraCFrame":[778.062,256.623,46.515,-0.043,-0.929,0.366,0,0.367,0.93,-0.999,0.04,-0.016],"_shiftlockState":false,"_pose":"Running","_animationQueue":[["walk",0.1]],"_animationSpeed":1.066,"_zoom":26.32},{"_mousePosition":[577,377],"_rootPartCFrame":[768.749,230.67,46.708,-0.977,0,0.215,0,1,0,-0.215,0,-0.977],"_humanoidState":8,"_cameraCFrame":[778.395,256.656,46.293,-0.043,-0.929,0.366,0,0.367,0.93,-0.999,0.04,-0.016],"_shiftlockState":false,"_pose":"Running","_animationQueue":[],"_animationSpeed":1.066,"_zoom":26.32},{"_mousePosition":[577,377],"_rootPartCFrame":[768.949,231.323,46.574,-1,0,-0.007,0,1,0,0.007,0,-1],"_humanoidState":3,"_cameraCFrame":[778.595,257.308,46.159,-0.043,-0.929,0.366,0,0.367,0.93,-0.999,0.04,-0.016],"_shiftlockState":false,"_pose":"Jumping","_animationQueue":[["walk",0.1],["jump",0.1]],"_animationSpeed":1,"_zoom":26.32},{"_mousePosition":[577,377],"_rootPartCFrame":[769.215,232.145,46.421,-0.982,0,-0.191,0,1,0,0.191,0,-0.982],"_humanoidState":5,"_cameraCFrame":[778.786,258.13,44.257,-0.043,-0.929,0.366,0,0.367,0.93,-0.999,0.04,-0.016],"_shiftlockState":true,"_pose":"FreeFall","_animationQueue":[["jump",0.1]],"_animationSpeed":1,"_zoom":26.32},{"_mousePosition":[683,384],"_rootPartCFrame":[769.515,233.096,46.265,-0.093,0,0.996,0,1,0,-0.996,0,-0.093],"_humanoidState":5,"_cameraCFrame":[779.086,259.081,44.101,-0.043,-0.929,0.366,0,0.367,0.93,-0.999,0.04,-0.016],"_shiftlockState":true,"_pose":"FreeFall","_animationQueue":[],"_animationSpeed":1,"_zoom":26.32},{"_mousePosition":[683,384],"_rootPartCFrame":[769.715,233.795,46.161,-0.046,0,0.999,0,1,0,-0.999,0,-0.046],"_humanoidState":5,"_cameraCFrame":[779.286,259.781,43.997,-0.043,-0.929,0.366,0,0.367,0.93,-0.999,0.04,-0.016],"_shiftlockState":true,"_pose":"FreeFall","_animationQueue":[],"_animationSpeed":1,"_zoom":26.32},{"_mousePosition":[683,384],"_rootPartCFrame":[769.842,234.284,46.095,-0.043,0,0.999,0,1,0,-0.999,0,-0.043],"_humanoidState":5,"_cameraCFrame":[779.413,260.269,43.931,-0.043,-0.929,0.366,0,0.367,0.93,-0.999,0.04,-0.016],"_shiftlockState":true,"_pose":"FreeFall","_animationQueue":[],"_animationSpeed":1,"_zoom":26.32},{"_mousePosition":[683,384],"_rootPartCFrame":[769.981,234.888,46.023,-0.043,0,0.999,0,1,0,-0.999,0,-0.043],"_humanoidState":5,"_cameraCFrame":[779.552,260.873,43.859,-0.043,-0.929,0.366,0,0.367,0.93,-0.999,0.04,-0.016],"_shiftlockState":true,"_pose":"FreeFall","_animationQueue":[],"_animationSpeed":1,"_zoom":26.32},{"_mousePosition":[683,384],"_rootPartCFrame":[770.084,235.437,45.969,-0.043,0,0.999,0,1,0,-0.999,0,-0.043],"_humanoidState":5,"_cameraCFrame":[779.655,261.423,43.806,-0.043,-0.929,0.366,0,0.367,0.93,-0.999,0.04,-0.016],"_shiftlockState":true,"_pose":"FreeFall","_animationQueue":[],"_animationSpeed":1,"_zoom":26.32},{"_mousePosition":[683,384],"_rootPartCFrame":[770.16,236.048,45.917,-0.043,0,0.999,0,1,0,-0.999,0,-0.043],"_humanoidState":5,"_cameraCFrame":[779.731,262.033,43.753,-0.043,-0.929,0.366,0,0.367,0.93,-0.999,0.04,-0.016],"_shiftlockState":true,"_pose":"FreeFall","_animationQueue":[],"_animationSpeed":1,"_zoom":26.32},{"_mousePosition":[683,384],"_rootPartCFrame":[770.177,236.373,45.89,-0.043,0,0.999,0,1,0,-0.999,0,-0.043],"_humanoidState":5,"_cameraCFrame":[779.652,262.396,43.73,-0.043,-0.931,0.363,0,0.363,0.932,-0.999,0.04,-0.016],"_shiftlockState":true,"_pose":"FreeFall","_animationQueue":[],"_animationSpeed":1,"_zoom":26.32},{"_mousePosition":[683,384],"_rootPartCFrame":[770.164,236.759,45.86,-0.043,0,0.999,0,1,0,-0.999,0,-0.043],"_humanoidState":5,"_cameraCFrame":[779.639,262.782,43.7,-0.043,-0.931,0.363,0,0.363,0.932,-0.999,0.04,-0.016],"_shiftlockState":true,"_pose":"FreeFall","_animationQueue":[],"_animationSpeed":1,"_zoom":26.32},{"_mousePosition":[683,384],"_rootPartCFrame":[770.112,237.09,45.836,-0.043,0,0.999,0,1,0,-0.999,0,-0.043],"_humanoidState":5,"_cameraCFrame":[779.539,263.132,43.679,-0.043,-0.932,0.361,0,0.361,0.932,-0.999,0.04,-0.016],"_shiftlockState":true,"_pose":"FreeFall","_animationQueue":[],"_animationSpeed":1,"_zoom":26.32},{"_mousePosition":[683,384],"_rootPartCFrame":[769.992,237.428,45.816,-0.043,0,0.999,0,1,0,-0.999,0,-0.043],"_humanoidState":5,"_cameraCFrame":[779.419,263.47,43.658,-0.043,-0.932,0.361,0,0.361,0.932,-0.999,0.04,-0.016],"_shiftlockState":true,"_pose":"FreeFall","_animationQueue":[],"_animationSpeed":1,"_zoom":26.32},{"_mousePosition":[683,384],"_rootPartCFrame":[769.891,237.59,45.808,-0.043,0,0.999,0,1,0,-0.999,0,-0.043],"_humanoidState":5,"_cameraCFrame":[779.318,263.632,43.651,-0.043,-0.932,0.361,0,0.361,0.932,-0.999,0.04,-0.016],"_shiftlockState":true,"_pose":"FreeFall","_animationQueue":[],"_animationSpeed":1,"_zoom":26.32},{"_mousePosition":[683,384],"_rootPartCFrame":[769.672,237.791,45.804,-0.043,0,0.999,0,1,0,-0.999,0,-0.043],"_humanoidState":5,"_cameraCFrame":[779.1,263.833,43.646,-0.043,-0.932,0.361,0,0.361,0.932,-0.999,0.04,-0.016],"_shiftlockState":true,"_pose":"FreeFall","_animationQueue":[],"_animationSpeed":1,"_zoom":26.32},{"_mousePosition":[683,384],"_rootPartCFrame":[769.512,237.871,45.806,-0.043,0,0.999,0,1,0,-0.999,0,-0.043],"_humanoidState":5,"_cameraCFrame":[778.94,263.913,43.649,-0.043,-0.932,0.361,0,0.361,0.932,-0.999,0.04,-0.016],"_shiftlockState":true,"_pose":"FreeFall","_animationQueue":[],"_animationSpeed":1,"_zoom":26.32},{"_mousePosition":[683,384],"_rootPartCFrame":[769.265,237.93,45.814,-0.043,0,0.999,0,1,0,-0.999,0,-0.043],"_humanoidState":5,"_cameraCFrame":[778.692,263.972,43.657,-0.043,-0.932,0.361,0,0.361,0.932,-0.999,0.04,-0.016],"_shiftlockState":true,"_pose":"FreeFall","_animationQueue":[],"_animationSpeed":1,"_zoom":26.32},{"_mousePosition":[683,384],"_rootPartCFrame":[768.932,237.928,45.829,-0.043,0,0.999,0,1,0,-0.999,0,-0.043],"_humanoidState":5,"_cameraCFrame":[778.36,263.969,43.671,-0.043,-0.932,0.361,0,0.361,0.932,-0.999,0.04,-0.016],"_shiftlockState":true,"_pose":"FreeFall","_animationQueue":[["fall",0.3]],"_animationSpeed":1,"_zoom":26.32},{"_mousePosition":[683,384],"_rootPartCFrame":[768.666,237.864,45.84,-0.043,0,0.999,0,1,0,-0.999,0,-0.043],"_humanoidState":5,"_cameraCFrame":[778.094,263.906,43.683,-0.043,-0.932,0.361,0,0.361,0.932,-0.999,0.04,-0.016],"_shiftlockState":true,"_pose":"FreeFall","_animationQueue":[],"_animationSpeed":1,"_zoom":26.32},{"_mousePosition":[683,384],"_rootPartCFrame":[768.466,237.781,45.849,-0.043,0,0.999,0,1,0,-0.999,0,-0.043],"_humanoidState":5,"_cameraCFrame":[777.894,263.822,43.691,-0.043,-0.932,0.361,0,0.361,0.932,-0.999,0.04,-0.016],"_shiftlockState":true,"_pose":"FreeFall","_animationQueue":[],"_animationSpeed":1,"_zoom":26.32},{"_mousePosition":[683,384],"_rootPartCFrame":[768.2,237.622,45.86,-0.043,0,0.999,0,1,0,-0.999,0,-0.043],"_humanoidState":5,"_cameraCFrame":[777.627,263.663,43.703,-0.043,-0.932,0.361,0,0.361,0.932,-0.999,0.04,-0.016],"_shiftlockState":true,"_pose":"FreeFall","_animationQueue":[],"_animationSpeed":1,"_zoom":26.32},{"_mousePosition":[683,384],"_rootPartCFrame":[767.867,237.346,45.875,-0.043,0,0.999,0,1,0,-0.999,0,-0.043],"_humanoidState":5,"_cameraCFrame":[777.294,263.388,43.717,-0.043,-0.932,0.361,0,0.361,0.932,-0.999,0.04,-0.016],"_shiftlockState":true,"_pose":"FreeFall","_animationQueue":[],"_animationSpeed":1,"_zoom":26.32},{"_mousePosition":[683,384],"_rootPartCFrame":[767.667,237.584,45.957,-0.043,0,0.999,0,1,0,-0.999,0,-0.043],"_humanoidState":7,"_cameraCFrame":[777.095,263.625,43.8,-0.043,-0.932,0.361,0,0.361,0.932,-0.999,0.04,-0.016],"_shiftlockState":true,"_pose":"FreeFall","_animationQueue":[["walk",0.1],["fall",0.3],["fall",0.3]],"_animationSpeed":1,"_zoom":26.32},{"_mousePosition":[683,384],"_rootPartCFrame":[767.401,238.027,46.132,-0.043,0,0.999,0,1,0,-0.999,0,-0.043],"_humanoidState":7,"_cameraCFrame":[776.828,264.068,43.975,-0.043,-0.932,0.361,0,0.361,0.932,-0.999,0.04,-0.016],"_shiftlockState":true,"_pose":"FreeFall","_animationQueue":[],"_animationSpeed":1,"_zoom":26.32},{"_mousePosition":[683,384],"_rootPartCFrame":[767.001,238.419,46.399,-0.043,0,0.999,0,1,0,-0.999,0,-0.043],"_humanoidState":8,"_cameraCFrame":[776.429,264.461,44.242,-0.043,-0.932,0.361,0,0.361,0.932,-0.999,0.04,-0.016],"_shiftlockState":true,"_pose":"Running","_animationQueue":[["fall",0.3],["walk",0.1],["fall",0.3],["walk",0.1]],"_animationSpeed":1.103,"_zoom":26.32},{"_mousePosition":[683,384],"_rootPartCFrame":[766.864,238.55,46.572,-0.043,0,0.999,0,1,0,-0.999,0,-0.043],"_humanoidState":8,"_cameraCFrame":[776.291,264.591,44.414,-0.043,-0.932,0.361,0,0.361,0.932,-0.999,0.04,-0.016],"_shiftlockState":true,"_pose":"Running","_animationQueue":[],"_animationSpeed":1.103,"_zoom":26.32},{"_mousePosition":[683,384],"_rootPartCFrame":[766.932,238.618,46.736,-0.043,0,0.999,0,1,0,-0.999,0,-0.043],"_humanoidState":8,"_cameraCFrame":[776.359,264.66,44.578,-0.043,-0.932,0.361,0,0.361,0.932,-0.999,0.04,-0.016],"_shiftlockState":true,"_pose":"Running","_animationQueue":[["walk",0.1]],"_animationSpeed":0.251,"_zoom":26.32},{"_mousePosition":[683,384],"_rootPartCFrame":[767.171,238.655,46.892,-0.043,0,0.999,0,1,0,-0.999,0,-0.043],"_humanoidState":8,"_cameraCFrame":[776.598,264.697,44.734,-0.043,-0.932,0.361,0,0.361,0.932,-0.999,0.04,-0.016],"_shiftlockState":true,"_pose":"Running","_animationQueue":[["walk",0.1]],"_animationSpeed":0.601,"_zoom":26.32},{"_mousePosition":[683,384],"_rootPartCFrame":[767.437,238.676,47.047,-0.043,0,0.999,0,1,0,-0.999,0,-0.043],"_humanoidState":8,"_cameraCFrame":[776.864,264.717,44.89,-0.043,-0.932,0.361,0,0.361,0.932,-0.999,0.04,-0.016],"_shiftlockState":true,"_pose":"Running","_animationQueue":[["walk",0.1]],"_animationSpeed":1.088,"_zoom":26.32},{"_mousePosition":[683,384],"_rootPartCFrame":[767.636,238.684,47.164,-0.043,0,0.999,0,1,0,-0.999,0,-0.043],"_humanoidState":8,"_cameraCFrame":[777.064,264.726,45.006,-0.043,-0.932,0.361,0,0.361,0.932,-0.999,0.04,-0.016],"_shiftlockState":true,"_pose":"Running","_animationQueue":[],"_animationSpeed":1.088,"_zoom":26.32},{"_mousePosition":[683,384],"_rootPartCFrame":[767.903,238.691,47.319,-0.043,0,0.999,0,1,0,-0.999,0,-0.043],"_humanoidState":8,"_cameraCFrame":[777.33,264.733,45.161,-0.043,-0.932,0.361,0,0.361,0.932,-0.999,0.04,-0.016],"_shiftlockState":true,"_pose":"Running","_animationQueue":[],"_animationSpeed":1.088,"_zoom":26.32},{"_mousePosition":[683,384],"_rootPartCFrame":[768.169,239.564,47.474,-0.043,0,0.999,0,1,0,-0.999,0,-0.043],"_humanoidState":3,"_cameraCFrame":[777.596,265.606,45.316,-0.043,-0.932,0.361,0,0.361,0.932,-0.999,0.04,-0.016],"_shiftlockState":true,"_pose":"Jumping","_animationQueue":[["walk",0.1],["walk",0.1],["jump",0.1]],"_animationSpeed":1,"_zoom":26.32},{"_mousePosition":[683,384],"_rootPartCFrame":[768.47,240.583,47.649,-0.043,0,0.999,0,1,0,-0.999,0,-0.043],"_humanoidState":5,"_cameraCFrame":[777.897,266.625,45.492,-0.043,-0.932,0.361,0,0.361,0.932,-0.999,0.04,-0.016],"_shiftlockState":true,"_pose":"FreeFall","_animationQueue":[["jump",0.1]],"_animationSpeed":1,"_zoom":26.32},{"_mousePosition":[683,384],"_rootPartCFrame":[768.672,241.337,47.767,-0.043,0,0.999,0,1,0,-0.999,0,-0.043],"_humanoidState":5,"_cameraCFrame":[778.099,267.379,45.609,-0.043,-0.932,0.361,0,0.361,0.932,-0.999,0.04,-0.016],"_shiftlockState":true,"_pose":"FreeFall","_animationQueue":[],"_animationSpeed":1,"_zoom":26.32},{"_mousePosition":[683,384],"_rootPartCFrame":[768.801,241.867,47.842,-0.043,0,0.999,0,1,0,-0.999,0,-0.043],"_humanoidState":5,"_cameraCFrame":[778.228,267.909,45.685,-0.043,-0.932,0.361,0,0.361,0.932,-0.999,0.04,-0.016],"_shiftlockState":true,"_pose":"FreeFall","_animationQueue":[],"_animationSpeed":1,"_zoom":26.32},{"_mousePosition":[683,384],"_rootPartCFrame":[768.94,242.525,47.933,-0.043,0,0.999,0,1,0,-0.999,0,-0.043],"_humanoidState":5,"_cameraCFrame":[778.368,268.567,45.775,-0.043,-0.932,0.361,0,0.361,0.932,-0.999,0.04,-0.016],"_shiftlockState":true,"_pose":"FreeFall","_animationQueue":[],"_animationSpeed":1,"_zoom":26.32},{"_mousePosition":[683,384],"_rootPartCFrame":[769.059,243.272,48.035,-0.043,0,0.999,0,1,0,-0.999,0,-0.043],"_humanoidState":5,"_cameraCFrame":[778.487,269.314,45.877,-0.043,-0.932,0.361,0,0.361,0.932,-0.999,0.04,-0.016],"_shiftlockState":true,"_pose":"FreeFall","_animationQueue":[],"_animationSpeed":1,"_zoom":26.32},{"_mousePosition":[683,384],"_rootPartCFrame":[769.101,243.679,48.091,-0.043,0,0.999,0,1,0,-0.999,0,-0.043],"_humanoidState":5,"_cameraCFrame":[778.529,269.721,45.933,-0.043,-0.932,0.361,0,0.361,0.932,-0.999,0.04,-0.016],"_shiftlockState":true,"_pose":"FreeFall","_animationQueue":[],"_animationSpeed":1,"_zoom":26.32},{"_mousePosition":[683,384],"_rootPartCFrame":[769.123,244.289,48.174,-0.043,0,0.999,0,1,0,-0.999,0,-0.043],"_humanoidState":5,"_cameraCFrame":[778.55,270.331,46.017,-0.043,-0.932,0.361,0,0.361,0.932,-0.999,0.04,-0.016],"_shiftlockState":true,"_pose":"FreeFall","_animationQueue":[],"_animationSpeed":1,"_zoom":26.32},{"_mousePosition":[683,384],"_rootPartCFrame":[769.096,244.716,48.232,-0.043,0,0.999,0,1,0,-0.999,0,-0.043],"_humanoidState":5,"_cameraCFrame":[778.524,270.758,46.075,-0.043,-0.932,0.361,0,0.361,0.932,-0.999,0.04,-0.016],"_shiftlockState":true,"_pose":"FreeFall","_animationQueue":[],"_animationSpeed":1,"_zoom":26.32},{"_mousePosition":[683,384],"_rootPartCFrame":[769.051,245.001,48.271,-0.043,0,0.999,0,1,0,-0.999,0,-0.043],"_humanoidState":5,"_cameraCFrame":[778.478,271.042,46.113,-0.043,-0.932,0.361,0,0.361,0.932,-0.999,0.04,-0.016],"_shiftlockState":true,"_pose":"FreeFall","_animationQueue":[],"_animationSpeed":1,"_zoom":26.32},{"_mousePosition":[683,384],"_rootPartCFrame":[768.926,245.406,48.326,-0.043,0,0.999,0,1,0,-0.999,0,-0.043],"_humanoidState":5,"_cameraCFrame":[778.353,271.448,46.168,-0.043,-0.932,0.361,0,0.361,0.932,-0.999,0.04,-0.016],"_shiftlockState":true,"_pose":"FreeFall","_animationQueue":[],"_animationSpeed":1,"_zoom":26.32},{"_mousePosition":[683,384],"_rootPartCFrame":[768.782,245.67,48.361,-0.043,0,0.999,0,1,0,-0.999,0,-0.043],"_humanoidState":5,"_cameraCFrame":[778.21,271.711,46.204,-0.043,-0.932,0.361,0,0.361,0.932,-0.999,0.04,-0.016],"_shiftlockState":true,"_pose":"FreeFall","_animationQueue":[],"_animationSpeed":1,"_zoom":26.32},{"_mousePosition":[683,384],"_rootPartCFrame":[768.6,245.879,48.389,-0.043,0,0.999,0,1,0,-0.999,0,-0.043],"_humanoidState":5,"_cameraCFrame":[778.027,271.92,46.232,-0.043,-0.932,0.361,0,0.361,0.932,-0.999,0.04,-0.016],"_shiftlockState":true,"_pose":"FreeFall","_animationQueue":[],"_animationSpeed":1,"_zoom":26.32},{"_mousePosition":[683,384],"_rootPartCFrame":[768.437,246,48.405,-0.043,0,0.999,0,1,0,-0.999,0,-0.043],"_humanoidState":5,"_cameraCFrame":[777.865,272.041,46.247,-0.043,-0.932,0.361,0,0.361,0.932,-0.999,0.04,-0.016],"_shiftlockState":true,"_pose":"FreeFall","_animationQueue":[],"_animationSpeed":1,"_zoom":26.32},{"_mousePosition":[683,384],"_rootPartCFrame":[768.121,246.133,48.423,-0.043,0,0.999,0,1,0,-0.999,0,-0.043],"_humanoidState":5,"_cameraCFrame":[777.548,272.175,46.265,-0.043,-0.932,0.361,0,0.361,0.932,-0.999,0.04,-0.016],"_shiftlockState":true,"_pose":"FreeFall","_animationQueue":[],"_animationSpeed":1,"_zoom":26.32},{"_mousePosition":[683,384],"_rootPartCFrame":[767.921,246.172,48.431,-0.043,0,0.999,0,1,0,-0.999,0,-0.043],"_humanoidState":5,"_cameraCFrame":[777.349,272.214,46.274,-0.043,-0.932,0.361,0,0.361,0.932,-0.999,0.04,-0.016],"_shiftlockState":true,"_pose":"FreeFall","_animationQueue":[],"_animationSpeed":1,"_zoom":26.32},{"_mousePosition":[683,384],"_rootPartCFrame":[767.655,246.177,48.443,-0.043,0,0.999,0,1,0,-0.999,0,-0.043],"_humanoidState":5,"_cameraCFrame":[777.083,272.218,46.285,-0.043,-0.932,0.361,0,0.361,0.932,-0.999,0.04,-0.016],"_shiftlockState":true,"_pose":"FreeFall","_animationQueue":[],"_animationSpeed":1,"_zoom":26.32},{"_mousePosition":[683,384],"_rootPartCFrame":[767.322,246.106,48.457,-0.043,0,0.999,0,1,0,-0.999,0,-0.043],"_humanoidState":5,"_cameraCFrame":[776.75,272.147,46.3,-0.043,-0.932,0.361,0,0.361,0.932,-0.999,0.04,-0.016],"_shiftlockState":true,"_pose":"FreeFall","_animationQueue":[],"_animationSpeed":1,"_zoom":26.32},{"_mousePosition":[683,384],"_rootPartCFrame":[767.122,246.022,48.466,-0.043,0,0.999,0,1,0,-0.999,0,-0.043],"_humanoidState":5,"_cameraCFrame":[776.55,272.064,46.308,-0.043,-0.932,0.361,0,0.361,0.932,-0.999,0.04,-0.016],"_shiftlockState":true,"_pose":"FreeFall","_animationQueue":[],"_animationSpeed":1,"_zoom":26.32},{"_mousePosition":[683,384],"_rootPartCFrame":[766.856,245.863,48.477,-0.043,0,0.999,0,1,0,-0.999,0,-0.043],"_humanoidState":5,"_cameraCFrame":[776.311,271.923,48.07,-0.043,-0.932,0.359,0,0.36,0.933,-0.999,0.04,-0.015],"_shiftlockState":false,"_pose":"FreeFall","_animationQueue":[],"_animationSpeed":1,"_zoom":26.32},{"_mousePosition":[683,384],"_rootPartCFrame":[766.523,246.149,48.337,-0.043,0,0.999,0,1,0,-0.999,0,-0.043],"_humanoidState":7,"_cameraCFrame":[775.978,272.21,47.93,-0.043,-0.932,0.359,0,0.36,0.933,-0.999,0.04,-0.015],"_shiftlockState":false,"_pose":"FreeFall","_animationQueue":[["fall",0.3],["walk",0.1],["fall",0.3],["fall",0.3]],"_animationSpeed":1,"_zoom":26.32},{"_mousePosition":[683,384],"_rootPartCFrame":[766.323,246.334,48.221,-0.043,0,0.999,0,1,0,-0.999,0,-0.043],"_humanoidState":7,"_cameraCFrame":[775.778,272.394,47.814,-0.043,-0.932,0.359,0,0.36,0.933,-0.999,0.04,-0.015],"_shiftlockState":false,"_pose":"FreeFall","_animationQueue":[],"_animationSpeed":1,"_zoom":26.32},{"_mousePosition":[683,384],"_rootPartCFrame":[766.057,246.495,48.066,-0.043,0,0.999,0,1,0,-0.999,0,-0.043],"_humanoidState":8,"_cameraCFrame":[775.512,272.556,47.659,-0.043,-0.932,0.359,0,0.36,0.933,-0.999,0.04,-0.015],"_shiftlockState":false,"_pose":"Running","_animationQueue":[["walk",0.1],["fall",0.3],["walk",0.1]],"_animationSpeed":1.103,"_zoom":26.32},{"_mousePosition":[683,384],"_rootPartCFrame":[765.724,246.605,47.872,-0.043,0,0.999,0,1,0,-0.999,0,-0.043],"_humanoidState":8,"_cameraCFrame":[775.179,272.665,47.465,-0.043,-0.932,0.359,0,0.36,0.933,-0.999,0.04,-0.015],"_shiftlockState":false,"_pose":"Running","_animationQueue":[],"_animationSpeed":1.103,"_zoom":26.32},{"_mousePosition":[683,384],"_rootPartCFrame":[765.524,246.64,47.755,-0.043,0,0.999,0,1,0,-0.999,0,-0.043],"_humanoidState":8,"_cameraCFrame":[774.979,272.7,47.348,-0.043,-0.932,0.359,0,0.36,0.933,-0.999,0.04,-0.015],"_shiftlockState":false,"_pose":"Running","_animationQueue":[],"_animationSpeed":1.103,"_zoom":26.32},{"_mousePosition":[683,384],"_rootPartCFrame":[765.258,246.667,47.6,-0.043,0,0.999,0,1,0,-0.999,0,-0.043],"_humanoidState":8,"_cameraCFrame":[774.713,272.727,47.193,-0.043,-0.932,0.359,0,0.36,0.933,-0.999,0.04,-0.015],"_shiftlockState":false,"_pose":"Running","_animationQueue":[],"_animationSpeed":1.103,"_zoom":26.32},{"_mousePosition":[683,384],"_rootPartCFrame":[764.991,246.682,47.445,-0.043,0,0.999,0,1,0,-0.999,0,-0.043],"_humanoidState":8,"_cameraCFrame":[774.446,272.742,47.038,-0.043,-0.932,0.359,0,0.36,0.933,-0.999,0.04,-0.015],"_shiftlockState":false,"_pose":"Running","_animationQueue":[],"_animationSpeed":1.103,"_zoom":26.32},{"_mousePosition":[683,384],"_rootPartCFrame":[764.725,246.69,47.29,-0.043,0,0.999,0,1,0,-0.999,0,-0.043],"_humanoidState":8,"_cameraCFrame":[774.18,272.75,46.883,-0.043,-0.932,0.359,0,0.36,0.933,-0.999,0.04,-0.015],"_shiftlockState":false,"_pose":"Running","_animationQueue":[["walk",0.1]],"_animationSpeed":1.103,"_zoom":26.32},{"_mousePosition":[683,384],"_rootPartCFrame":[764.459,246.694,47.135,-0.043,0,0.999,0,1,0,-0.999,0,-0.043],"_humanoidState":8,"_cameraCFrame":[773.914,272.754,46.728,-0.043,-0.932,0.359,0,0.36,0.933,-0.999,0.04,-0.015],"_shiftlockState":false,"_pose":"Running","_animationQueue":[],"_animationSpeed":1.103,"_zoom":26.32},{"_mousePosition":[683,384],"_rootPartCFrame":[764.126,246.697,46.941,-0.043,0,0.999,0,1,0,-0.999,0,-0.043],"_humanoidState":8,"_cameraCFrame":[773.581,272.757,46.534,-0.043,-0.932,0.359,0,0.36,0.933,-0.999,0.04,-0.015],"_shiftlockState":false,"_pose":"Running","_animationQueue":[],"_animationSpeed":1.103,"_zoom":26.32},{"_mousePosition":[683,384],"_rootPartCFrame":[763.926,246.698,46.824,-0.043,0,0.999,0,1,0,-0.999,0,-0.043],"_humanoidState":8,"_cameraCFrame":[773.381,272.758,46.417,-0.043,-0.932,0.359,0,0.36,0.933,-0.999,0.04,-0.015],"_shiftlockState":false,"_pose":"Running","_animationQueue":[],"_animationSpeed":1.103,"_zoom":26.32},{"_mousePosition":[683,384],"_rootPartCFrame":[763.66,246.699,46.669,-0.043,0,0.999,0,1,0,-0.999,0,-0.043],"_humanoidState":8,"_cameraCFrame":[773.115,272.759,46.262,-0.043,-0.932,0.359,0,0.36,0.933,-0.999,0.04,-0.015],"_shiftlockState":false,"_pose":"Running","_animationQueue":[],"_animationSpeed":1.103,"_zoom":26.32},{"_mousePosition":[683,384],"_rootPartCFrame":[763.327,246.699,46.475,-0.043,0,0.999,0,1,0,-0.999,0,-0.043],"_humanoidState":8,"_cameraCFrame":[772.782,272.759,46.068,-0.043,-0.932,0.359,0,0.36,0.933,-0.999,0.04,-0.015],"_shiftlockState":false,"_pose":"Running","_animationQueue":[],"_animationSpeed":1.103,"_zoom":26.32},{"_mousePosition":[683,384],"_rootPartCFrame":[763.127,246.699,46.359,-0.043,0,0.999,0,1,0,-0.999,0,-0.043],"_humanoidState":8,"_cameraCFrame":[772.582,272.759,45.952,-0.043,-0.932,0.359,0,0.36,0.933,-0.999,0.04,-0.015],"_shiftlockState":false,"_pose":"Running","_animationQueue":[],"_animationSpeed":1.103,"_zoom":26.32},{"_mousePosition":[683,384],"_rootPartCFrame":[762.861,246.699,46.203,-0.043,0,0.999,0,1,0,-0.999,0,-0.043],"_humanoidState":8,"_cameraCFrame":[772.315,272.759,45.796,-0.043,-0.932,0.359,0,0.36,0.933,-0.999,0.04,-0.015],"_shiftlockState":false,"_pose":"Running","_animationQueue":[["walk",0.1]],"_animationSpeed":1.103,"_zoom":26.32},{"_mousePosition":[683,384],"_rootPartCFrame":[762.594,246.699,46.048,-0.043,0,0.999,0,1,0,-0.999,0,-0.043],"_humanoidState":8,"_cameraCFrame":[772.049,272.759,45.641,-0.043,-0.932,0.359,0,0.36,0.933,-0.999,0.04,-0.015],"_shiftlockState":false,"_pose":"Running","_animationQueue":[],"_animationSpeed":1.103,"_zoom":26.32},{"_mousePosition":[683,384],"_rootPartCFrame":[762.328,246.699,45.893,-0.043,0,0.999,0,1,0,-0.999,0,-0.043],"_humanoidState":8,"_cameraCFrame":[771.783,272.76,45.486,-0.043,-0.932,0.359,0,0.36,0.933,-0.999,0.04,-0.015],"_shiftlockState":false,"_pose":"Running","_animationQueue":[],"_animationSpeed":1.103,"_zoom":26.32},{"_mousePosition":[683,384],"_rootPartCFrame":[762.062,246.699,45.738,-0.043,0,0.999,0,1,0,-0.999,0,-0.043],"_humanoidState":8,"_cameraCFrame":[771.516,272.759,45.331,-0.043,-0.932,0.359,0,0.36,0.933,-0.999,0.04,-0.015],"_shiftlockState":false,"_pose":"Running","_animationQueue":[],"_animationSpeed":1.103,"_zoom":26.32},{"_mousePosition":[683,384],"_rootPartCFrame":[761.795,246.699,45.583,-0.043,0,0.999,0,1,0,-0.999,0,-0.043],"_humanoidState":8,"_cameraCFrame":[771.25,272.76,45.176,-0.043,-0.932,0.359,0,0.36,0.933,-0.999,0.04,-0.015],"_shiftlockState":false,"_pose":"Running","_animationQueue":[],"_animationSpeed":1.103,"_zoom":26.32},{"_mousePosition":[683,384],"_rootPartCFrame":[761.529,246.665,45.452,-0.043,0,0.999,0,1,0,-0.999,0,-0.043],"_humanoidState":8,"_cameraCFrame":[770.984,272.725,45.045,-0.043,-0.932,0.359,0,0.36,0.933,-0.999,0.04,-0.015],"_shiftlockState":false,"_pose":"Running","_animationQueue":[["walk",0.1]],"_animationSpeed":1.276,"_zoom":26.32},{"_mousePosition":[683,384],"_rootPartCFrame":[761.196,247.749,45.308,-0.043,0,0.999,0,1,0,-0.999,0,-0.043],"_humanoidState":3,"_cameraCFrame":[770.651,273.809,44.901,-0.043,-0.932,0.359,0,0.36,0.933,-0.999,0.04,-0.015],"_shiftlockState":false,"_pose":"Jumping","_animationQueue":[["walk",0.1],["walk",0.1],["jump",0.1]],"_animationSpeed":1,"_zoom":26.32},{"_mousePosition":[683,384],"_rootPartCFrame":[760.929,248.558,45.217,-0.043,0,0.999,0,1,0,-0.999,0,-0.043],"_humanoidState":5,"_cameraCFrame":[770.384,274.618,44.81,-0.043,-0.932,0.359,0,0.36,0.933,-0.999,0.04,-0.015],"_shiftlockState":false,"_pose":"FreeFall","_animationQueue":[["jump",0.1]],"_animationSpeed":1,"_zoom":26.32},{"_mousePosition":[683,384],"_rootPartCFrame":[760.73,249.128,45.175,-0.043,0,0.999,0,1,0,-0.999,0,-0.043],"_humanoidState":5,"_cameraCFrame":[770.185,275.188,44.768,-0.043,-0.932,0.359,0,0.36,0.933,-0.999,0.04,-0.015],"_shiftlockState":false,"_pose":"FreeFall","_animationQueue":[],"_animationSpeed":1,"_zoom":26.32},{"_mousePosition":[683,384],"_rootPartCFrame":[760.463,249.841,45.154,-0.043,0,0.999,0,1,0,-0.999,0,-0.043],"_humanoidState":5,"_cameraCFrame":[769.918,275.901,44.747,-0.043,-0.932,0.359,0,0.36,0.933,-0.999,0.04,-0.015],"_shiftlockState":false,"_pose":"FreeFall","_animationQueue":[],"_animationSpeed":1,"_zoom":26.32},{"_mousePosition":[683,384],"_rootPartCFrame":[760.13,250.656,45.165,-0.043,0,0.999,0,1,0,-0.999,0,-0.043],"_humanoidState":5,"_cameraCFrame":[769.585,276.716,44.758,-0.043,-0.932,0.359,0,0.36,0.933,-0.999,0.04,-0.015],"_shiftlockState":false,"_pose":"FreeFall","_animationQueue":[],"_animationSpeed":1,"_zoom":26.32},{"_mousePosition":[683,384],"_rootPartCFrame":[759.931,251.104,45.174,-0.043,0,0.999,0,1,0,-0.999,0,-0.043],"_humanoidState":5,"_cameraCFrame":[769.385,277.164,44.767,-0.043,-0.932,0.359,0,0.36,0.933,-0.999,0.04,-0.015],"_shiftlockState":false,"_pose":"FreeFall","_animationQueue":[],"_animationSpeed":1,"_zoom":26.32},{"_mousePosition":[683,384],"_rootPartCFrame":[759.664,251.653,45.185,-0.043,0,0.999,0,1,0,-0.999,0,-0.043],"_humanoidState":5,"_cameraCFrame":[769.119,277.713,44.778,-0.043,-0.932,0.359,0,0.36,0.933,-0.999,0.04,-0.015],"_shiftlockState":false,"_pose":"FreeFall","_animationQueue":[],"_animationSpeed":1,"_zoom":26.32},{"_mousePosition":[683,384],"_rootPartCFrame":[759.331,252.263,45.2,-0.043,0,0.999,0,1,0,-0.999,0,-0.043],"_humanoidState":5,"_cameraCFrame":[768.786,278.323,44.793,-0.043,-0.932,0.359,0,0.36,0.933,-0.999,0.04,-0.015],"_shiftlockState":false,"_pose":"FreeFall","_animationQueue":[],"_animationSpeed":1,"_zoom":26.32},{"_mousePosition":[683,384],"_rootPartCFrame":[759.131,252.589,45.208,-0.043,0,0.999,0,1,0,-0.999,0,-0.043],"_humanoidState":5,"_cameraCFrame":[768.586,278.649,44.801,-0.043,-0.932,0.359,0,0.36,0.933,-0.999,0.04,-0.015],"_shiftlockState":false,"_pose":"FreeFall","_animationQueue":[],"_animationSpeed":1,"_zoom":26.32},{"_mousePosition":[683,384],"_rootPartCFrame":[758.865,252.975,45.22,-0.043,0,0.999,0,1,0,-0.999,0,-0.043],"_humanoidState":5,"_cameraCFrame":[768.32,279.035,44.813,-0.043,-0.932,0.359,0,0.36,0.933,-0.999,0.04,-0.015],"_shiftlockState":false,"_pose":"FreeFall","_animationQueue":[],"_animationSpeed":1,"_zoom":26.32},{"_mousePosition":[683,384],"_rootPartCFrame":[758.532,253.381,45.234,-0.043,0,0.999,0,1,0,-0.999,0,-0.043],"_humanoidState":5,"_cameraCFrame":[767.987,279.441,44.827,-0.043,-0.932,0.359,0,0.36,0.933,-0.999,0.04,-0.015],"_shiftlockState":false,"_pose":"FreeFall","_animationQueue":[],"_animationSpeed":1,"_zoom":26.32},{"_mousePosition":[683,384],"_rootPartCFrame":[758.266,253.644,45.246,-0.043,0,0.999,0,1,0,-0.999,0,-0.043],"_humanoidState":5,"_cameraCFrame":[767.721,279.704,44.839,-0.043,-0.932,0.359,0,0.36,0.933,-0.999,0.04,-0.015],"_shiftlockState":false,"_pose":"FreeFall","_animationQueue":[],"_animationSpeed":1,"_zoom":26.32},{"_mousePosition":[683,384],"_rootPartCFrame":[758.066,253.806,45.254,-0.043,0,0.999,0,1,0,-0.999,0,-0.043],"_humanoidState":5,"_cameraCFrame":[767.521,279.866,44.847,-0.043,-0.932,0.359,0,0.36,0.933,-0.999,0.04,-0.015],"_shiftlockState":false,"_pose":"FreeFall","_animationQueue":[],"_animationSpeed":1,"_zoom":26.32},{"_mousePosition":[683,384],"_rootPartCFrame":[757.733,254.007,45.269,-0.043,0,0.999,0,1,0,-0.999,0,-0.043],"_humanoidState":5,"_cameraCFrame":[767.188,280.067,44.862,-0.043,-0.932,0.359,0,0.36,0.933,-0.999,0.04,-0.015],"_shiftlockState":false,"_pose":"FreeFall","_animationQueue":[],"_animationSpeed":1,"_zoom":26.32},{"_mousePosition":[683,384],"_rootPartCFrame":[757.533,254.087,45.277,-0.043,0,0.999,0,1,0,-0.999,0,-0.043],"_humanoidState":5,"_cameraCFrame":[766.988,280.147,44.87,-0.043,-0.932,0.359,0,0.36,0.933,-0.999,0.04,-0.015],"_shiftlockState":false,"_pose":"FreeFall","_animationQueue":[],"_animationSpeed":1,"_zoom":26.32},{"_mousePosition":[683,384],"_rootPartCFrame":[757.2,254.153,45.292,-0.043,0,0.999,0,1,0,-0.999,0,-0.043],"_humanoidState":5,"_cameraCFrame":[766.655,280.213,44.885,-0.043,-0.932,0.359,0,0.36,0.933,-0.999,0.04,-0.015],"_shiftlockState":false,"_pose":"FreeFall","_animationQueue":[],"_animationSpeed":1,"_zoom":26.32},{"_mousePosition":[683,384],"_rootPartCFrame":[757.001,254.151,45.3,-0.043,0,0.999,0,1,0,-0.999,0,-0.043],"_humanoidState":5,"_cameraCFrame":[766.456,280.211,44.893,-0.043,-0.932,0.359,0,0.36,0.933,-0.999,0.04,-0.015],"_shiftlockState":false,"_pose":"FreeFall","_animationQueue":[],"_animationSpeed":1,"_zoom":26.32},{"_mousePosition":[683,384],"_rootPartCFrame":[756.668,254.08,45.315,-0.043,0,0.999,0,1,0,-0.999,0,-0.043],"_humanoidState":5,"_cameraCFrame":[766.123,280.14,44.908,-0.043,-0.932,0.359,0,0.36,0.933,-0.999,0.04,-0.015],"_shiftlockState":false,"_pose":"FreeFa