[{"_mousePosition":[538,291],"_rootPartCFrame":[776.034,222.7,47.142,-0.001,0,1,0,1,0,-1,0,-0.001],"_humanoidState":8,"_cameraCFrame":[784.233,238.054,46.232,-0.11,-0.854,0.508,0,0.512,0.859,-0.994,0.095,-0.056],"_shiftlockState":false,"_pose":"Standing","_animationQueue":[],"_animationSpeed":1,"_zoom":26.32},{"_mousePosition":[538,291],"_rootPartCFrame":[775.732,222.7,47.175,-0.019,0,1,0,1,0,-1,0,-0.019],"_humanoidState":8,"_cameraCFrame":[783.846,238.102,46.232,-0.115,-0.856,0.503,0,0.507,0.862,-0.993,0.1,-0.058],"_shiftlockState":false,"_pose":"Standing","_animationQueue":[],"_animationSpeed":1,"_zoom":26.32},{"_mousePosition":[538,291],"_rootPartCFrame":[775.6,222.7,47.19,-0.025,0,1,0,1,0,-1,0,-0.025],"_humanoidState":8,"_cameraCFrame":[783.657,238.134,46.233,-0.118,-0.858,0.5,0,0.503,0.864,-0.993,0.102,-0.059],"_shiftlockState":false,"_pose":"Running","_animationQueue":[["walk",0.1]],"_animationSpeed":1.089,"_zoom":26.32},{"_mousePosition":[538,291],"_rootPartCFrame":[775.335,222.7,47.22,-0.037,0,0.999,0,1,0,-0.999,0,-0.037],"_humanoidState":8,"_cameraCFrame":[783.336,238.166,46.25,-0.12,-0.86,0.496,0,0.5,0.866,-0.993,0.104,-0.06],"_shiftlockState":false,"_pose":"Running","_animationQueue":[],"_animationSpeed":1.089,"_zoom":26.32},{"_mousePosition":[538,291],"_rootPartCFrame":[774.938,222.7,47.268,-0.054,0,0.999,0,1,0,-0.999,0,-0.054],"_humanoidState":8,"_cameraCFrame":[782.939,238.166,46.297,-0.12,-0.86,0.496,0,0.5,0.866,-0.993,0.104,-0.06],"_shiftlockState":false,"_pose":"Running","_animationQueue":[],"_animationSpeed":1.089,"_zoom":26.32},{"_mousePosition":[538,291],"_rootPartCFrame":[774.805,222.7,47.284,-0.058,0,0.998,0,1,0,-0.998,0,-0.058],"_humanoidState":8,"_cameraCFrame":[782.807,238.166,46.313,-0.12,-0.86,0.496,0,0.5,0.866,-0.993,0.104,-0.06],"_shiftlockState":false,"_pose":"Running","_animationQueue":[],"_animationSpeed":1.089,"_zoom":26.32},{"_mousePosition":[538,291],"_rootPartCFrame":[774.541,222.7,47.316,-0.067,0,0.998,0,1,0,-0.998,0,-0.067],"_humanoidState":8,"_cameraCFrame":[782.542,238.166,46.345,-0.12,-0.86,0.496,0,0.5,0.866,-0.993,0.104,-0.06],"_shiftlockState":false,"_pose":"Running","_animationQueue":[],"_animationSpeed":1.089,"_zoom":26.32},{"_mousePosition":[538,291],"_rootPartCFrame":[774.143,222.7,47.364,-0.078,0,0.997,0,1,0,-0.997,0,-0.078],"_humanoidState":8,"_cameraCFrame":[782.115,238.181,46.376,-0.123,-0.861,0.494,0,0.498,0.867,-0.992,0.107,-0.061],"_shiftlockState":false,"_pose":"Running","_animationQueue":[["walk",0.1]],"_animationSpeed":1.089,"_zoom":26.32},{"_mousePosition":[538,291],"_rootPartCFrame":[774.011,222.7,47.38,-0.081,0,0.997,0,1,0,-0.997,0,-0.081],"_humanoidState":8,"_cameraCFrame":[781.924,238.212,46.359,-0.128,-0.862,0.491,0,0.495,0.869,-0.992,0.111,-0.063],"_shiftlockState":false,"_pose":"Running","_animationQueue":[],"_animationSpeed":1.089,"_zoom":26.32},{"_mousePosition":[538,291],"_rootPartCFrame":[773.746,222.7,47.413,-0.086,0,0.996,0,1,0,-0.996,0,-0.086],"_humanoidState":8,"_cameraCFrame":[781.599,238.243,46.359,-0.133,-0.863,0.487,0,0.491,0.871,-0.991,0.116,-0.065],"_shiftlockState":false,"_pose":"Running","_animationQueue":[],"_animationSpeed":1.089,"_zoom":26.32},{"_mousePosition":[538,291],"_rootPartCFrame":[773.35,222.7,47.464,-0.095,0,0.996,0,1,0,-0.996,0,-0.095],"_humanoidState":8,"_cameraCFrame":[781.086,238.305,46.366,-0.141,-0.866,0.48,0,0.485,0.875,-0.99,0.123,-0.068],"_shiftlockState":false,"_pose":"Running","_animationQueue":[],"_animationSpeed":1.089,"_zoom":26.32},{"_mousePosition":[538,291],"_rootPartCFrame":[773.218,222.7,47.481,-0.097,0,0.995,0,1,0,-0.995,0,-0.097],"_humanoidState":8,"_cameraCFrame":[780.836,238.365,46.341,-0.148,-0.869,0.472,0,0.478,0.878,-0.989,0.13,-0.071],"_shiftlockState":false,"_pose":"Running","_animationQueue":[],"_animationSpeed":1.089,"_zoom":26.32},{"_mousePosition":[538,291],"_rootPartCFrame":[772.953,222.7,47.519,-0.103,0,0.995,0,1,0,-0.995,0,-0.103],"_humanoidState":8,"_cameraCFrame":[780.454,238.425,46.338,-0.156,-0.871,0.465,0,0.471,0.882,-0.988,0.137,-0.073],"_shiftlockState":false,"_pose":"Running","_animationQueue":[],"_animationSpeed":1.089,"_zoom":26.32},{"_mousePosition":[538,291],"_rootPartCFrame":[772.69,222.7,47.558,-0.109,0,0.994,0,1,0,-0.994,0,-0.109],"_humanoidState":8,"_cameraCFrame":[780.071,238.484,46.338,-0.163,-0.874,0.458,0,0.464,0.886,-0.987,0.144,-0.076],"_shiftlockState":false,"_pose":"Running","_animationQueue":[],"_animationSpeed":1.089,"_zoom":26.32},{"_mousePosition":[538,291],"_rootPartCFrame":[772.426,222.7,47.599,-0.115,0,0.993,0,1,0,-0.993,0,-0.115],"_humanoidState":8,"_cameraCFrame":[779.685,238.542,46.324,-0.173,-0.876,0.45,0,0.457,0.889,-0.985,0.154,-0.079],"_shiftlockState":false,"_pose":"Running","_animationQueue":[["walk",0.1]],"_animationSpeed":1.089,"_zoom":26.32},{"_mousePosition":[538,291],"_rootPartCFrame":[772.163,222.7,47.643,-0.122,0,0.993,0,1,0,-0.993,0,-0.122],"_humanoidState":8,"_cameraCFrame":[779.388,238.556,46.336,-0.178,-0.876,0.448,0,0.455,0.89,-0.984,0.158,-0.081],"_shiftlockState":false,"_pose":"Running","_animationQueue":[],"_animationSpeed":1.089,"_zoom":26.32},{"_mousePosition":[538,291],"_rootPartCFrame":[771.9,222.7,47.689,-0.128,0,0.992,0,1,0,-0.992,0,-0.128],"_humanoidState":8,"_cameraCFrame":[779.067,238.584,46.373,-0.18,-0.877,0.444,0,0.452,0.892,-0.984,0.161,-0.082],"_shiftlockState":false,"_pose":"Running","_animationQueue":[],"_animationSpeed":1.089,"_zoom":26.32},{"_mousePosition":[538,291],"_rootPartCFrame":[771.638,222.7,47.736,-0.135,0,0.991,0,1,0,-0.991,0,-0.135],"_humanoidState":8,"_cameraCFrame":[778.712,238.627,46.382,-0.188,-0.879,0.439,0,0.447,0.895,-0.982,0.168,-0.084],"_shiftlockState":false,"_pose":"Running","_animationQueue":[],"_animationSpeed":1.089,"_zoom":26.32},{"_mousePosition":[538,291],"_rootPartCFrame":[771.376,222.684,47.784,-0.141,0,0.99,0,1,0,-0.99,0,-0.141],"_humanoidState":8,"_cameraCFrame":[778.384,238.639,46.388,-0.195,-0.879,0.435,0,0.443,0.896,-0.981,0.175,-0.087],"_shiftlockState":false,"_pose":"Running","_animationQueue":[],"_animationSpeed":1.089,"_zoom":26.32},{"_mousePosition":[538,291],"_rootPartCFrame":[771.114,222.689,47.834,-0.147,0,0.989,0,1,0,-0.989,0,-0.147],"_humanoidState":8,"_cameraCFrame":[778.056,238.672,46.396,-0.203,-0.879,0.431,0,0.44,0.898,-0.979,0.182,-0.089],"_shiftlockState":false,"_pose":"Running","_animationQueue":[],"_animationSpeed":1.089,"_zoom":26.32},{"_mousePosition":[538,291],"_rootPartCFrame":[770.852,222.693,47.886,-0.154,0,0.988,0,1,0,-0.988,0,-0.154],"_humanoidState":8,"_cameraCFrame":[777.724,238.704,46.39,-0.213,-0.879,0.426,0,0.436,0.9,-0.977,0.191,-0.093],"_shiftlockState":false,"_pose":"Running","_animationQueue":[],"_animationSpeed":1.089,"_zoom":26.32},{"_mousePosition":[538,291],"_rootPartCFrame":[770.591,222.696,47.94,-0.16,0,0.987,0,1,0,-0.987,0,-0.16],"_humanoidState":8,"_cameraCFrame":[777.365,238.747,46.393,-0.223,-0.88,0.42,0,0.431,0.902,-0.975,0.201,-0.096],"_shiftlockState":false,"_pose":"Running","_animationQueue":[["walk",0.1]],"_animationSpeed":1.089,"_zoom":26.32},{"_mousePosition":[538,291],"_rootPartCFrame":[770.2,222.698,48.025,-0.171,0,0.985,0,1,0,-0.985,0,-0.171],"_humanoidState":8,"_cameraCFrame":[776.871,238.79,46.412,-0.235,-0.88,0.414,0,0.426,0.905,-0.972,0.213,-0.1],"_shiftlockState":false,"_pose":"Running","_animationQueue":[],"_animationSpeed":1.089,"_zoom":26.32},{"_mousePosition":[538,291],"_rootPartCFrame":[770.07,222.699,48.054,-0.174,0,0.985,0,1,0,-0.985,0,-0.174],"_humanoidState":8,"_cameraCFrame":[776.637,238.83,46.379,-0.247,-0.879,0.407,0,0.42,0.907,-0.969,0.224,-0.104],"_shiftlockState":false,"_pose":"Running","_animationQueue":[],"_animationSpeed":1.089,"_zoom":26.32},{"_mousePosition":[538,291],"_rootPartCFrame":[769.811,222.699,48.117,-0.182,0,0.983,0,1,0,-0.983,0,-0.182],"_humanoidState":8,"_cameraCFrame":[776.273,238.87,46.38,-0.259,-0.879,0.401,0,0.415,0.91,-0.966,0.236,-0.108],"_shiftlockState":false,"_pose":"Running","_animationQueue":[],"_animationSpeed":1.089,"_zoom":26.32},{"_mousePosition":[538,291],"_rootPartCFrame":[769.552,222.699,48.182,-0.191,0,0.982,0,1,0,-0.982,0,-0.191],"_humanoidState":8,"_cameraCFrame":[775.942,238.896,46.396,-0.269,-0.878,0.396,0,0.411,0.911,-0.963,0.245,-0.111],"_shiftlockState":false,"_pose":"Running","_animationQueue":[],"_animationSpeed":1.089,"_zoom":26.32},{"_mousePosition":[538,291],"_rootPartCFrame":[769.295,222.699,48.251,-0.2,0,0.98,0,1,0,-0.98,0,-0.2],"_humanoidState":8,"_cameraCFrame":[775.578,238.935,46.408,-0.281,-0.877,0.39,0,0.406,0.914,-0.96,0.257,-0.114],"_shiftlockState":false,"_pose":"Running","_animationQueue":[],"_animationSpeed":1.089,"_zoom":26.32},{"_mousePosition":[538,291],"_rootPartCFrame":[769.038,222.7,48.323,-0.209,0,0.978,0,1,0,-0.978,0,-0.209],"_humanoidState":8,"_cameraCFrame":[775.248,238.96,46.433,-0.291,-0.876,0.385,0,0.403,0.915,-0.957,0.266,-0.117],"_shiftlockState":false,"_pose":"Running","_animationQueue":[["walk",0.1]],"_animationSpeed":1.089,"_zoom":26.32},{"_mousePosition":[538,291],"_rootPartCFrame":[768.782,222.7,48.397,-0.219,0,0.976,0,1,0,-0.976,0,-0.219],"_humanoidState":8,"_cameraCFrame":[774.88,238.998,46.44,-0.306,-0.874,0.378,0,0.397,0.918,-0.952,0.28,-0.121],"_shiftlockState":false,"_pose":"Running","_animationQueue":[],"_animationSpeed":1.089,"_zoom":26.32},{"_mousePosition":[538,291],"_rootPartCFrame":[768.399,222.7,48.514,-0.234,0,0.972,0,1,0,-0.972,0,-0.234],"_humanoidState":8,"_cameraCFrame":[774.427,239.023,46.528,-0.313,-0.873,0.374,0,0.394,0.919,-0.95,0.288,-0.123],"_shiftlockState":false,"_pose":"Running","_animationQueue":[],"_animationSpeed":1.089,"_zoom":26.32},{"_mousePosition":[538,291],"_rootPartCFrame":[768.272,222.7,48.554,-0.238,0,0.971,0,1,0,-0.971,0,-0.238],"_humanoidState":8,"_cameraCFrame":[774.258,239.035,46.532,-0.32,-0.872,0.371,0,0.392,0.92,-0.947,0.294,-0.125],"_shiftlockState":false,"_pose":"Running","_animationQueue":[],"_animationSpeed":1.089,"_zoom":26.32},{"_mousePosition":[538,291],"_rootPartCFrame":[768.019,222.7,48.637,-0.248,0,0.969,0,1,0,-0.969,0,-0.248],"_humanoidState":8,"_cameraCFrame":[773.967,239.047,46.595,-0.325,-0.871,0.369,0,0.39,0.921,-0.946,0.299,-0.127],"_shiftlockState":false,"_pose":"Running","_animationQueue":[],"_animationSpeed":1.089,"_zoom":26.32},{"_mousePosition":[538,291],"_rootPartCFrame":[767.766,222.7,48.723,-0.258,0,0.966,0,1,0,-0.966,0,-0.258],"_humanoidState":8,"_cameraCFrame":[773.649,239.072,46.669,-0.33,-0.871,0.365,0,0.386,0.922,-0.944,0.304,-0.127],"_shiftlockState":false,"_pose":"Running","_animationQueue":[],"_animationSpeed":1.089,"_zoom":26.32},{"_mousePosition":[538,291],"_rootPartCFrame":[767.514,222.7,48.809,-0.267,0,0.964,0,1,0,-0.964,0,-0.267],"_humanoidState":8,"_cameraCFrame":[773.359,239.084,46.735,-0.334,-0.87,0.362,0,0.385,0.923,-0.942,0.309,-0.129],"_shiftlockState":false,"_pose":"Running","_animationQueue":[["walk",0.1]],"_animationSpeed":1.089,"_zoom":26.32},{"_mousePosition":[538,291],"_rootPartCFrame":[767.136,222.7,48.941,-0.28,0,0.96,0,1,0,-0.96,0,-0.28],"_humanoidState":8,"_cameraCFrame":[772.905,239.108,46.828,-0.344,-0.868,0.358,0,0.381,0.925,-0.939,0.318,-0.131],"_shiftlockState":false,"_pose":"Running","_animationQueue":[],"_animationSpeed":1.089,"_zoom":26.32},{"_mousePosition":[538,291],"_rootPartCFrame":[766.885,222.7,49.03,-0.287,0,0.958,0,1,0,-0.958,0,-0.287],"_humanoidState":8,"_cameraCFrame":[772.578,239.132,46.879,-0.353,-0.866,0.353,0,0.377,0.926,-0.935,0.327,-0.133],"_shiftlockState":false,"_pose":"Running","_animationQueue":[],"_animationSpeed":1.089,"_zoom":26.32},{"_mousePosition":[538,291],"_rootPartCFrame":[766.76,222.7,49.076,-0.291,0,0.957,0,1,0,-0.957,0,-0.291],"_humanoidState":8,"_cameraCFrame":[772.387,239.155,46.917,-0.358,-0.866,0.349,0,0.374,0.928,-0.934,0.332,-0.134],"_shiftlockState":false,"_pose":"Running","_animationQueue":[],"_animationSpeed":1.089,"_zoom":26.32},{"_mousePosition":[538,291],"_rootPartCFrame":[766.385,222.7,49.217,-0.303,0,0.953,0,1,0,-0.953,0,-0.303],"_humanoidState":8,"_cameraCFrame":[771.98,239.167,47.054,-0.36,-0.866,0.347,0,0.372,0.928,-0.933,0.335,-0.134],"_shiftlockState":false,"_pose":"Running","_animationQueue":[],"_animationSpeed":1.089,"_zoom":26.32},{"_mousePosition":[538,291],"_rootPartCFrame":[766.261,222.7,49.264,-0.307,0,0.952,0,1,0,-0.952,0,-0.307],"_humanoidState":8,"_cameraCFrame":[771.856,239.167,47.102,-0.36,-0.866,0.347,0,0.372,0.928,-0.933,0.335,-0.134],"_shiftlockState":false,"_pose":"Running","_animationQueue":[],"_animationSpeed":1.089,"_zoom":26.32},{"_mousePosition":[538,291],"_rootPartCFrame":[766.012,223.573,49.36,-0.315,0,0.949,0,1,0,-0.949,0,-0.315],"_humanoidState":3,"_cameraCFrame":[771.607,240.04,47.197,-0.36,-0.866,0.347,0,0.372,0.928,-0.933,0.335,-0.134],"_shiftlockState":false,"_pose":"Jumping","_animationQueue":[["walk",0.1],["walk",0.1],["jump",0.1]],"_animationSpeed":1,"_zoom":26.32},{"_mousePosition":[538,291],"_rootPartCFrame":[765.763,224.395,49.456,-0.321,0,0.947,0,1,0,-0.947,0,-0.321],"_humanoidState":5,"_cameraCFrame":[771.358,240.862,47.293,-0.36,-0.866,0.347,0,0.372,0.928,-0.933,0.335,-0.134],"_shiftlockState":false,"_pose":"FreeFall","_animationQueue":[["jump",0.1]],"_animationSpeed":1,"_zoom":26.32},{"_mousePosition":[538,291],"_rootPartCFrame":[765.514,225.162,49.552,-0.327,0,0.945,0,1,0,-0.945,0,-0.327],"_humanoidState":5,"_cameraCFrame":[771.109,241.63,47.39,-0.36,-0.866,0.347,0,0.372,0.928,-0.933,0.335,-0.134],"_shiftlockState":false,"_pose":"FreeFall","_animationQueue":[],"_animationSpeed":1,"_zoom":26.32},{"_mousePosition":[538,291],"_rootPartCFrame":[765.265,225.875,49.648,-0.332,0,0.943,0,1,0,-0.943,0,-0.332],"_humanoidState":5,"_cameraCFrame":[770.861,242.343,47.486,-0.36,-0.866,0.347,0,0.372,0.928,-0.933,0.335,-0.134],"_shiftlockState":false,"_pose":"FreeFall","_animationQueue":[],"_animationSpeed":1,"_zoom":26.32},{"_mousePosition":[538,291],"_rootPartCFrame":[765.017,226.534,49.744,-0.336,0,0.942,0,1,0,-0.942,0,-0.336],"_humanoidState":5,"_cameraCFrame":[770.612,243.001,47.582,-0.36,-0.866,0.347,0,0.372,0.928,-0.933,0.335,-0.134],"_shiftlockState":false,"_pose":"FreeFall","_animationQueue":[],"_animationSpeed":1,"_zoom":26.32},{"_mousePosition":[538,291],"_rootPartCFrame":[764.768,227.138,49.84,-0.339,0,0.941,0,1,0,-0.941,0,-0.339],"_humanoidState":5,"_cameraCFrame":[770.363,243.605,47.678,-0.36,-0.866,0.347,0,0.372,0.928,-0.933,0.335,-0.134],"_shiftlockState":false,"_pose":"FreeFall","_animationQueue":[],"_animationSpeed":1,"_zoom":26.32},{"_mousePosition":[538,291],"_rootPartCFrame":[764.519,227.687,49.936,-0.342,0,0.94,0,1,0,-0.94,0,-0.342],"_humanoidState":5,"_cameraCFrame":[770.114,244.155,47.774,-0.36,-0.866,0.347,0,0.372,0.928,-0.933,0.335,-0.134],"_shiftlockState":false,"_pose":"FreeFall","_animationQueue":[],"_animationSpeed":1,"_zoom":26.32},{"_mousePosition":[538,291],"_rootPartCFrame":[764.27,228.182,50.032,-0.345,0,0.939,0,1,0,-0.939,0,-0.345],"_humanoidState":5,"_cameraCFrame":[769.865,244.65,47.87,-0.36,-0.866,0.347,0,0.372,0.928,-0.933,0.335,-0.134],"_shiftlockState":false,"_pose":"FreeFall","_animationQueue":[],"_animationSpeed":1,"_zoom":26.32},{"_mousePosition":[538,291],"_rootPartCFrame":[764.021,228.623,50.129,-0.347,0,0.938,0,1,0,-0.938,0,-0.347],"_humanoidState":5,"_cameraCFrame":[769.617,245.09,47.966,-0.36,-0.866,0.347,0,0.372,0.928,-0.933,0.335,-0.134],"_shiftlockState":false,"_pose":"FreeFall","_animationQueue":[],"_animationSpeed":1,"_zoom":26.32},{"_mousePosition":[538,291],"_rootPartCFrame":[763.773,229.009,50.225,-0.349,0,0.937,0,1,0,-0.937,0,-0.349],"_humanoidState":5,"_cameraCFrame":[769.368,245.476,48.062,-0.36,-0.866,0.347,0,0.372,0.928,-0.933,0.335,-0.134],"_shiftlockState":false,"_pose":"FreeFall","_animationQueue":[],"_animationSpeed":1,"_zoom":26.32},{"_mousePosition":[538,291],"_rootPartCFrame":[763.524,229.34,50.321,-0.351,0,0.937,0,1,0,-0.937,0,-0.351],"_humanoidState":5,"_cameraCFrame":[769.119,245.808,48.159,-0.36,-0.866,0.347,0,0.372,0.928,-0.933,0.335,-0.134],"_shiftlockState":false,"_pose":"FreeFall","_animationQueue":[],"_animationSpeed":1,"_zoom":26.32},{"_mousePosition":[538,291],"_rootPartCFrame":[763.275,229.617,50.417,-0.352,0,0.936,0,1,0,-0.936,0,-0.352],"_humanoidState":5,"_cameraCFrame":[768.843,246.097,48.265,-0.36,-0.867,0.345,0,0.37,0.929,-0.933,0.335,-0.133],"_shiftlockState":false,"_pose":"FreeFall","_animationQueue":[],"_animationSpeed":1,"_zoom":26.32},{"_mousePosition":[538,291],"_rootPartCFrame":[763.026,229.84,50.513,-0.353,0,0.936,0,1,0,-0.936,0,-0.353],"_humanoidState":5,"_cameraCFrame":[768.594,246.319,48.361,-0.36,-0.867,0.345,0,0.37,0.929,-0.933,0.335,-0.133],"_shiftlockState":false,"_pose":"FreeFall","_animationQueue":[],"_animationSpeed":1,"_zoom":26.32},{"_mousePosition":[538,291],"_rootPartCFrame":[762.778,230.008,50.609,-0.354,0,0.935,0,1,0,-0.935,0,-0.354],"_humanoidState":5,"_cameraCFrame":[768.351,246.487,48.472,-0.358,-0.867,0.346,0,0.37,0.929,-0.934,0.333,-0.133],"_shiftlockState":false,"_pose":"FreeFall","_animationQueue":[],"_animationSpeed":1,"_zoom":26.32},{"_mousePosition":[538,291],"_rootPartCFrame":[762.529,230.122,50.705,-0.355,0,0.935,0,1,0,-0.935,0,-0.355],"_humanoidState":5,"_cameraCFrame":[768.091,246.612,48.62,-0.351,-0.871,0.345,0,0.368,0.93,-0.936,0.326,-0.129],"_shiftlockState":false,"_pose":"FreeFall","_animationQueue":[],"_animationSpeed":1,"_zoom":26.32},{"_mousePosition":[538,291],"_rootPartCFrame":[762.28,230.181,50.801,-0.356,0,0.935,0,1,0,-0.935,0,-0.356],"_humanoidState":5,"_cameraCFrame":[767.863,246.671,48.772,-0.342,-0.874,0.346,0,0.368,0.93,-0.94,0.317,-0.126],"_shiftlockState":false,"_pose":"FreeFall","_animationQueue":[],"_animationSpeed":1,"_zoom":26.32},{"_mousePosition":[538,291],"_rootPartCFrame":[761.968,230.178,50.918,-0.355,0,0.935,0,1,0,-0.935,0,-0.355],"_humanoidState":5,"_cameraCFrame":[767.538,246.68,48.942,-0.334,-0.877,0.345,0,0.367,0.93,-0.942,0.311,-0.123],"_shiftlockState":false,"_pose":"FreeFall","_animationQueue":[],"_animationSpeed":1,"_zoom":26.32},{"_mousePosition":[538,291],"_rootPartCFrame":[761.78,230.135,50.987,-0.354,0,0.935,0,1,0,-0.935,0,-0.354],"_humanoidState":5,"_cameraCFrame":[767.37,246.637,49.067,-0.325,-0.88,0.347,0,0.367,0.93,-0.946,0.302,-0.119],"_shiftlockState":false,"_pose":"FreeFall","_animationQueue":[],"_animationSpeed":1,"_zoom":26.32},{"_mousePosition":[538,291],"_rootPartCFrame":[761.529,230.031,51.076,-0.352,0,0.936,0,1,0,-0.936,0,-0.352],"_humanoidState":5,"_cameraCFrame":[767.138,246.533,49.213,-0.315,-0.883,0.348,0,0.367,0.93,-0.949,0.293,-0.116],"_shiftlockState":false,"_pose":"FreeFall","_animationQueue":[],"_animationSpeed":1,"_zoom":26.32},{"_mousePosition":[538,291],"_rootPartCFrame":[761.214,229.823,51.185,-0.348,0,0.938,0,1,0,-0.938,0,-0.348],"_humanoidState":5,"_cameraCFrame":[766.846,246.326,49.393,-0.303,-0.887,0.349,0,0.367,0.93,-0.953,0.282,-0.111],"_shiftlockState":false,"_pose":"FreeFall","_animationQueue":[["fall",0.3]],"_animationSpeed":1,"_zoom":26.32},{"_mousePosition":[538,291],"_rootPartCFrame":[761.024,229.658,51.248,-0.345,0,0.939,0,1,0,-0.939,0,-0.345],"_humanoidState":5,"_cameraCFrame":[766.687,246.161,49.556,-0.286,-0.891,0.351,0,0.367,0.93,-0.958,0.266,-0.105],"_shiftlockState":false,"_pose":"FreeFall","_animationQueue":[],"_animationSpeed":1,"_zoom":26.32},{"_mousePosition":[538,291],"_rootPartCFrame":[760.77,229.39,51.33,-0.34,0,0.941,0,1,0,-0.941,0,-0.34],"_humanoidState":5,"_cameraCFrame":[766.467,245.893,49.753,-0.267,-0.897,0.353,0,0.367,0.93,-0.964,0.248,-0.098],"_shiftlockState":false,"_pose":"FreeFall","_animationQueue":[],"_animationSpeed":1,"_zoom":26.32},{"_mousePosition":[538,291],"_rootPartCFrame":[760.451,228.979,51.426,-0.331,0,0.943,0,1,0,-0.943,0,-0.331],"_humanoidState":5,"_cameraCFrame":[766.178,245.481,49.964,-0.247,-0.902,0.355,0,0.367,0.93,-0.969,0.23,-0.091],"_shiftlockState":false,"_pose":"FreeFall","_animationQueue":[],"_animationSpeed":1,"_zoom":26.32},{"_mousePosition":[538,291],"_rootPartCFrame":[760.194,228.588,51.498,-0.323,0,0.946,0,1,0,-0.946,0,-0.323],"_humanoidState":5,"_cameraCFrame":[765.966,245.09,50.226,-0.215,-0.909,0.358,0,0.367,0.93,-0.977,0.2,-0.079],"_shiftlockState":false,"_pose":"FreeFall","_animationQueue":[],"_animationSpeed":1,"_zoom":26.32},{"_mousePosition":[538,291],"_rootPartCFrame":[759.936,228.143,51.564,-0.314,0,0.949,0,1,0,-0.949,0,-0.314],"_humanoidState":5,"_cameraCFrame":[765.724,244.645,50.365,-0.203,-0.911,0.359,0,0.367,0.93,-0.979,0.189,-0.074],"_shiftlockState":false,"_pose":"FreeFall","_animationQueue":[],"_animationSpeed":1,"_zoom":26.32},{"_mousePosition":[538,291],"_rootPartCFrame":[759.741,227.773,51.609,-0.305,0,0.952,0,1,0,-0.952,0,-0.305],"_humanoidState":5,"_cameraCFrame":[765.555,244.276,50.542,-0.18,-0.915,0.361,0,0.367,0.93,-0.984,0.168,-0.066],"_shiftlockState":false,"_pose":"FreeFall","_animationQueue":[],"_animationSpeed":1,"_zoom":26.32},{"_mousePosition":[538,291],"_rootPartCFrame":[759.48,227.233,51.663,-0.292,0,0.956,0,1,0,-0.956,0,-0.292],"_humanoidState":5,"_cameraCFrame":[765.326,243.735,50.788,-0.148,-0.92,0.363,0,0.367,0.93,-0.989,0.138,-0.054],"_shiftlockState":false,"_pose":"FreeFall","_animationQueue":[["fall",0.3]],"_animationSpeed":1,"_zoom":26.32},{"_mousePosition":[538,291],"_rootPartCFrame":[759.152,226.481,51.724,-0.274,0,0.962,0,1,0,-0.962,0,-0.274],"_humanoidState":5,"_cameraCFrame":[765.018,242.983,50.998,-0.123,-0.923,0.364,0,0.367,0.93,-0.992,0.114,-0.045],"_shiftlockState":false,"_pose":"FreeFall","_animationQueue":[],"_animationSpeed":1,"_zoom":26.32},{"_mousePosition":[538,291],"_rootPartCFrame":[758.955,225.988,51.755,-0.262,0,0.965,0,1,0,-0.965,0,-0.262],"_humanoidState":5,"_cameraCFrame":[764.837,242.491,51.177,-0.098,-0.926,0.365,0,0.367,0.93,-0.995,0.091,-0.036],"_shiftlockState":false,"_pose":"FreeFall","_animationQueue":[],"_animationSpeed":1,"_zoom":26.32},{"_mousePosition":[538,291],"_rootPartCFrame":[758.69,225.284,51.789,-0.244,0,0.97,0,1,0,-0.97,0,-0.244],"_humanoidState":5,"_cameraCFrame":[764.588,241.787,51.39,-0.068,-0.928,0.366,0,0.367,0.93,-0.998,0.063,-0.025],"_shiftlockState":false,"_pose":"FreeFall","_animationQueue":[],"_animationSpeed":1,"_zoom":26.32},{"_mousePosition":[538,291],"_rootPartCFrame":[758.425,224.526,51.816,-0.225,0,0.974,0,1,0,-0.974,0,-0.225],"_humanoidState":5,"_cameraCFrame":[764.332,241.028,51.611,-0.035,-0.93,0.366,0,0.367,0.93,-0.999,0.032,-0.013],"_shiftlockState":false,"_pose":"FreeFall","_animationQueue":[],"_animationSpeed":1,"_zoom":26.32},{"_mousePosition":[538,291],"_rootPartCFrame":[758.092,223.501,51.84,-0.2,0,0.98,0,1,0,-0.98,0,-0.2],"_humanoidState":5,"_cameraCFrame":[764.003,240.003,51.859,0.003,-0.93,0.367,0,0.367,0.93,-1,-0.003,0.001],"_shiftlockState":false,"_pose":"FreeFall","_animationQueue":[],"_animationSpeed":1,"_zoom":26.32},{"_mousePosition":[538,291],"_rootPartCFrame":[757.893,222.845,51.848,-0.184,0,0.983,0,1,0,-0.983,0,-0.184],"_humanoidState":7,"_cameraCFrame":[763.826,239.336,52.123,0.046,-0.929,0.368,0,0.368,0.93,-0.999,-0.043,0.017],"_shiftlockState":false,"_pose":"FreeFall","_animationQueue":[["fall",0.3],["walk",0.1],["fall",0.3],["fall",0.3]],"_animationSpeed":1,"_zoom":26.32},{"_mousePosition":[538,291],"_rootPartCFrame":[757.626,222.433,51.849,-0.16,0,0.987,0,1,0,-0.987,0,-0.16],"_humanoidState":7,"_cameraCFrame":[763.541,238.923,52.394,0.092,-0.926,0.367,0,0.368,0.93,-0.996,-0.085,0.034],"_shiftlockState":false,"_pose":"FreeFall","_animationQueue":[],"_animationSpeed":1,"_zoom":26.32},{"_mousePosition":[538,291],"_rootPartCFrame":[757.359,222.499,51.838,-0.134,0,0.991,0,1,0,-0.991,0,-0.134],"_humanoidState":7,"_cameraCFrame":[763.273,238.979,52.656,0.137,-0.92,0.367,0,0.37,0.929,-0.991,-0.127,0.051],"_shiftlockState":false,"_pose":"FreeFall","_animationQueue":[],"_animationSpeed":1,"_zoom":26.32},{"_mousePosition":[538,291],"_rootPartCFrame":[756.961,222.612,51.803,-0.09,0,0.996,0,1,0,-0.996,0,-0.09],"_humanoidState":8,"_cameraCFrame":[762.888,239.068,52.9,0.182,-0.912,0.368,0,0.374,0.928,-0.983,-0.169,0.068],"_shiftlockState":false,"_pose":"Running","_animationQueue":[["walk",0.1],["fall",0.3],["walk",0.1]],"_animationSpeed":1.103,"_zoom":26.32},{"_mousePosition":[538,291],"_rootPartCFrame":[756.697,222.652,51.768,-0.059,0,0.998,0,1,0,-0.998,0,-0.059],"_humanoidState":8,"_cameraCFrame":[762.571,239.096,53.244,0.244,-0.899,0.364,0,0.376,0.927,-0.97,-0.226,0.092],"_shiftlockState":false,"_pose":"Running","_animationQueue":[],"_animationSpeed":1.103,"_zoom":26.32},{"_mousePosition":[538,291],"_rootPartCFrame":[756.435,222.674,51.72,-0.027,0,1,0,1,0,-1,0,-0.027],"_humanoidState":8,"_cameraCFrame":[762.306,239.106,53.323,0.263,-0.893,0.364,0,0.377,0.926,-0.965,-0.244,0.099],"_shiftlockState":false,"_pose":"Running","_animationQueue":[],"_animationSpeed":1.103,"_zoom":26.32},{"_mousePosition":[538,291],"_rootPartCFrame":[756.305,222.681,51.689,-0.009,0,1,0,1,0,-1,0,-0.009],"_humanoidState":8,"_cameraCFrame":[762.078,239.113,53.616,0.317,-0.878,0.358,0,0.377,0.926,-0.949,-0.293,0.119],"_shiftlockState":false,"_pose":"Running","_animationQueue":[["walk",0.1]],"_animationSpeed":1.103,"_zoom":26.32},{"_mousePosition":[538,291],"_rootPartCFrame":[756.047,222.69,51.619,0.027,0,1,0,1,0,-1,0,0.027],"_humanoidState":8,"_cameraCFrame":[761.759,239.122,53.72,0.345,-0.869,0.354,0,0.377,0.926,-0.939,-0.32,0.13],"_shiftlockState":false,"_pose":"Running","_animationQueue":[],"_animationSpeed":1.103,"_zoom":26.32},{"_mousePosition":[538,291],"_rootPartCFrame":[755.794,222.694,51.536,0.066,0,0.998,0,1,0,-0.998,0,0.066],"_humanoidState":8,"_cameraCFrame":[761.439,239.126,53.81,0.374,-0.859,0.35,0,0.377,0.926,-0.928,-0.346,0.141],"_shiftlockState":false,"_pose":"Running","_animationQueue":[],"_animationSpeed":1.103,"_zoom":26.32},{"_mousePosition":[538,291],"_rootPartCFrame":[755.544,222.697,51.445,0.104,0,0.995,0,1,0,-0.995,0,0.104],"_humanoidState":8,"_cameraCFrame":[761.117,239.129,53.888,0.402,-0.848,0.346,0,0.377,0.926,-0.916,-0.372,0.152],"_shiftlockState":false,"_pose":"Running","_animationQueue":[],"_animationSpeed":1.103,"_zoom":26.32},{"_mousePosition":[538,291],"_rootPartCFrame":[755.296,222.698,51.346,0.141,0,0.99,0,1,0,-0.99,0,0.141],"_humanoidState":8,"_cameraCFrame":[760.786,239.13,53.971,0.431,-0.835,0.34,0,0.377,0.926,-0.902,-0.4,0.163],"_shiftlockState":false,"_pose":"Running","_animationQueue":[],"_animationSpeed":1.103,"_zoom":26.32},{"_mousePosition":[538,291],"_rootPartCFrame":[754.93,222.699,51.186,0.195,0,0.981,0,1,0,-0.981,0,0.195],"_humanoidState":8,"_cameraCFrame":[760.33,239.131,53.991,0.461,-0.822,0.335,0,0.377,0.926,-0.887,-0.427,0.174],"_shiftlockState":false,"_pose":"Running","_animationQueue":[],"_animationSpeed":1.103,"_zoom":26.32},{"_mousePosition":[538,291],"_rootPartCFrame":[754.689,222.699,51.071,0.228,0,0.974,0,1,0,-0.974,0,0.228],"_humanoidState":8,"_cameraCFrame":[759.984,239.143,54.011,0.485,-0.81,0.328,0,0.376,0.927,-0.874,-0.45,0.182],"_shiftlockState":false,"_pose":"Running","_animationQueue":[["walk",0.1]],"_animationSpeed":1.103,"_zoom":26.32},{"_mousePosition":[538,291],"_rootPartCFrame":[754.57,222.699,51.01,0.244,0,0.97,0,1,0,-0.97,0,0.244],"_humanoidState":8,"_cameraCFrame":[759.805,239.143,54.057,0.503,-0.801,0.325,0,0.376,0.927,-0.864,-0.466,0.189],"_shiftlockState":false,"_pose":"Running","_animationQueue":[],"_animationSpeed":1.103,"_zoom":26.32},{"_mousePosition":[538,291],"_rootPartCFrame":[754.337,222.7,50.881,0.277,0,0.961,0,1,0,-0.961,0,0.277],"_humanoidState":8,"_cameraCFrame":[759.524,239.144,54.007,0.516,-0.794,0.322,0,0.376,0.927,-0.857,-0.478,0.194],"_shiftlockState":false,"_pose":"Running","_animationQueue":[],"_animationSpeed":1.103,"_zoom":26.32},{"_mousePosition":[538,291],"_rootPartCFrame":[754.106,222.7,50.748,0.309,0,0.951,0,1,0,-0.951,0,0.309],"_humanoidState":8,"_cameraCFrame":[759.278,239.144,53.9,0.52,-0.791,0.321,0,0.376,0.927,-0.854,-0.482,0.195],"_shiftlockState":false,"_pose":"Running","_animationQueue":[],"_animationSpeed":1.103,"_zoom":26.32},{"_mousePosition":[538,291],"_rootPartCFrame":[753.818,223.783,50.58,0.348,0,0.938,0,1,0,-0.938,0,0.348],"_humanoidState":3,"_cameraCFrame":[758.99,240.227,53.732,0.52,-0.791,0.321,0,0.376,0.927,-0.854,-0.482,0.195],"_shiftlockState":false,"_pose":"Jumping","_animationQueue":[["walk",0.1],["jump",0.1]],"_animationSpeed":1,"_zoom":26.32},{"_mousePosition":[538,291],"_rootPartCFrame":[753.647,224.395,50.477,0.367,0,0.93,0,1,0,-0.93,0,0.367],"_humanoidState":5,"_cameraCFrame":[758.819,240.839,53.629,0.52,-0.791,0.321,0,0.376,0.927,-0.854,-0.482,0.195],"_shiftlockState":false,"_pose":"FreeFall","_animationQueue":[["jump",0.1]],"_animationSpeed":1,"_zoom":26.32},{"_mousePosition":[538,291],"_rootPartCFrame":[753.419,225.162,50.338,0.39,0,0.921,0,1,0,-0.921,0,0.39],"_humanoidState":5,"_cameraCFrame":[758.591,241.606,53.49,0.52,-0.791,0.321,0,0.376,0.927,-0.854,-0.482,0.195],"_shiftlockState":false,"_pose":"FreeFall","_animationQueue":[],"_animationSpeed":1,"_zoom":26.32},{"_mousePosition":[538,291],"_rootPartCFrame":[753.191,225.875,50.199,0.409,0,0.913,0,1,0,-0.913,0,0.409],"_humanoidState":5,"_cameraCFrame":[758.363,242.319,53.351,0.52,-0.791,0.321,0,0.376,0.927,-0.854,-0.482,0.195],"_shiftlockState":false,"_pose":"FreeFall","_animationQueue":[],"_animationSpeed":1,"_zoom":26.32},{"_mousePosition":[538,291],"_rootPartCFrame":[752.963,226.534,50.06,0.425,0,0.905,0,1,0,-0.905,0,0.425],"_humanoidState":5,"_cameraCFrame":[758.135,242.978,53.212,0.52,-0.791,0.321,0,0.376,0.927,-0.854,-0.482,0.195],"_shiftlockState":false,"_pose":"FreeFall","_animationQueue":[],"_animationSpeed":1,"_zoom":26.32},{"_mousePosition":[538,291],"_rootPartCFrame":[752.736,227.138,49.922,0.439,0,0.899,0,1,0,-0.899,0,0.439],"_humanoidState":5,"_cameraCFrame":[757.907,243.582,53.074,0.52,-0.791,0.321,0,0.376,0.927,-0.854,-0.482,0.195],"_shiftlockState":false,"_pose":"FreeFall","_animationQueue":[],"_animationSpeed":1,"_zoom":26.32},{"_mousePosition":[538,291],"_rootPartCFrame":[752.508,227.687,49.783,0.451,0,0.893,0,1,0,-0.893,0,0.451],"_humanoidState":5,"_cameraCFrame":[757.68,244.131,52.935,0.52,-0.791,0.321,0,0.376,0.927,-0.854,-0.482,0.195],"_shiftlockState":false,"_pose":"FreeFall","_animationQueue":[],"_animationSpeed":1,"_zoom":26.32},{"_mousePosition":[538,291],"_rootPartCFrame":[752.223,228.298,49.609,0.463,0,0.886,0,1,0,-0.886,0,0.463],"_humanoidState":5,"_cameraCFrame":[757.395,244.742,52.761,0.52,-0.791,0.321,0,0.376,0.927,-0.854,-0.482,0.195],"_shiftlockState":false,"_pose":"FreeFall","_animationQueue":[],"_animationSpeed":1,"_zoom":26.32},{"_mousePosition":[538,291],"_rootPartCFrame":[752.052,228.623,49.505,0.469,0,0.883,0,1,0,-0.883,0,0.469],"_humanoidState":5,"_cameraCFrame":[757.224,245.067,52.657,0.52,-0.791,0.321,0,0.376,0.927,-0.854,-0.482,0.195],"_shiftlockState":false,"_pose":"FreeFall","_animationQueue":[],"_animationSpeed":1,"_zoom":26.32},{"_mousePosition":[538,291],"_rootPartCFrame":[751.824,229.009,49.366,0.477,0,0.879,0,1,0,-0.879,0,0.477],"_humanoidState":5,"_cameraCFrame":[756.996,245.453,52.519,0.52,-0.791,0.321,0,0.376,0.927,-0.854,-0.482,0.195],"_shiftlockState":false,"_pose":"FreeFall","_animationQueue":[],"_animationSpeed":1,"_zoom":26.32},{"_mousePosition":[538,291],"_rootPartCFrame":[751.597,229.34,49.228,0.483,0,0.876,0,1,0,-0.876,0,0.483],"_humanoidState":5,"_cameraCFrame":[756.768,245.784,52.38,0.52,-0.791,0.321,0,0.376,0.927,-0.854,-0.482,0.195],"_shiftlockState":false,"_pose":"FreeFall","_animationQueue":[],"_animationSpeed":1,"_zoom":26.32},{"_mousePosition":[538,291],"_rootPartCFrame":[751.369,229.617,49.089,0.488,0,0.873,0,1,0,-0.873,0,0.488],"_humanoidState":5,"_cameraCFrame":[756.541,246.061,52.241,0.52,-0.791,0.321,0,0.376,0.927,-0.854,-0.482,0.195],"_shiftlockState":false,"_pose":"FreeFall","_animationQueue":[],"_animationSpeed":1,"_zoom":26.32},{"_mousePosition":[538,291],"_rootPartCFrame":[751.141,229.84,48.95,0.493,0,0.87,0,1,0,-0.87,0,0.493],"_humanoidState":5,"_cameraCFrame":[756.28,246.296,52.1,0.523,-0.791,0.319,0,0.374,0.928,-0.853,-0.485,0.195],"_shiftlockState":false,"_pose":"FreeFall","_animationQueue":[],"_animationSpeed":1,"_zoom":26.32},{"_mousePosition":[538,291],"_rootPartCFrame":[750.913,230.008,48.811,0.497,0,0.868,0,1,0,-0.868,0,0.497],"_humanoidState":5,"_cameraCFrame":[756.027,246.476,51.946,0.523,-0.791,0.317,0,0.372,0.928,-0.853,-0.485,0.194],"_shiftlockState":false,"_pose":"FreeFall","_animationQueue":[],"_animationSpeed":1,"_zoom":26.32},{"_mousePosition":[538,291],"_rootPartCFrame":[750.686,230.121,48.672,0.5,0,0.866,0,1,0,-0.866,0,0.5],"_humanoidState":5,"_cameraCFrame":[755.791,246.601,51.766,0.518,-0.794,0.317,0,0.37,0.929,-0.855,-0.481,0.192],"_shiftlockState":false,"_pose":"FreeFall","_animationQueue":[],"_animationSpeed":1,"_zoom":26.32},{"_mousePosition":[538,291],"_rootPartCFrame":[750.459,230.18,48.533,0.503,0,0.864,0,1,0,-0.864,0,0.503],"_humanoidState":5,"_cameraCFrame":[755.564,246.66,51.626,0.518,-0.794,0.317,0,0.37,0.929,-0.855,-0.481,0.192],"_shiftlockState":false,"_pose":"FreeFall","_animationQueue":[],"_animationSpeed":1,"_zoom":26.32},{"_mousePosition":[538,291],"_rootPartCFrame":[750.231,230.185,48.394,0.506,0,0.863,0,1,0,-0.863,0,0.506],"_humanoidState":5,"_cameraCFrame":[755.336,246.664,51.488,0.518,-0.794,0.317,0,0.37,0.929,-0.855,-0.481,0.192],"_shiftlockState":false,"_pose":"FreeFall","_animationQueue":[["fall",0.3]],"_animationSpeed":1,"_zoom":26.32},{"_mousePosition":[538,291],"_rootPartCFrame":[750.003,230.135,48.256,0.508,0,0.862,0,1,0,-0.862,0,0.508],"_humanoidState":5,"_cameraCFrame":[755.108,246.614,51.35,0.518,-0.794,0.317,0,0.37,0.929,-0.855,-0.481,0.192],"_shiftlockState":false,"_pose":"FreeFall","_animationQueue":[],"_animationSpeed":1,"_zoom":26.32},{"_mousePosition":[538,291],"_rootPartCFrame":[749.775,230.031,48.118,0.509,0,0.861,0,1,0,-0.861,0,0.509],"_humanoidState":5,"_cameraCFrame":[754.88,246.51,51.212,0.518,-0.794,0.317,0,0.37,0.929,-0.855,-0.481,0.192],"_shiftlockState":false,"_pose":"FreeFall","_animationQueue":[],"_animationSpeed":1,"_zoom":26.32},{"_mousePosition":[538,291],"_rootPartCFrame":[749.547,229.872,47.98,0.51,0,0.86,0,1,0,-0.86,0,0.51],"_humanoidState":5,"_cameraCFrame":[754.659,246.351,51.061,0.516,-0.796,0.317,0,0.37,0.929,-0.857,-0.479,0.191],"_shiftlockState":false,"_pose":"FreeFall","_animationQueue":[],"_animationSpeed":1,"_zoom":26.32},{"_mousePosition":[538,291],"_rootPartCFrame":[749.319,229.658,47.842,0.511,0,0.859,0,1,0,-0.859,0,0.511],"_humanoidState":5,"_cameraCFrame":[754.431,246.137,50.922,0.516,-0.796,0.317,0,0.37,0.929,-0.857,-0.479,0.191],"_shiftlockState":false,"_pose":"FreeFall","_animationQueue":[],"_animationSpeed":1,"_zoom":26.32},{"_mousePosition":[538,291],"_rootPartCFrame":[749.09,229.39,47.704,0.512,0,0.859,0,1,0,-0.859,0,0.512],"_humanoidState":5,"_cameraCFrame":[754.211,245.869,50.772,0.514,-0.797,0.318,0,0.37,0.929,-0.858,-0.477,0.19],"_shiftlockState":false,"_pose":"FreeFall","_animationQueue":[],"_animationSpeed":1,"_zoom":26.32},{"_mousePosition":[538,291],"_rootPartCFrame":[748.805,228.979,47.532,0.513,0,0.858,0,1,0,-0.858,0,0.513],"_humanoidState":5,"_cameraCFrame":[753.941,245.458,50.574,0.51,-0.799,0.319,0,0.37,0.929,-0.86,-0.473,0.189],"_shiftlockState":false,"_pose":"FreeFall","_animationQueue":[["fall",0.3]],"_animationSpeed":1,"_zoom":26.32},{"_mousePosition":[538,291],"_rootPartCFrame":[748.633,228.691,47.429,0.513,0,0.858,0,1,0,-0.858,0,0.513],"_humanoidState":5,"_cameraCFrame":[753.784,245.17,50.445,0.505,-0.802,0.319,0,0.37,0.929,-0.863,-0.469,0.187],"_shiftlockState":false,"_pose":"FreeFall","_animationQueue":[],"_animationSpeed":1,"_zoom":26.32},{"_mousePosition":[538,291],"_rootPartCFrame":[748.404,228.259,47.293,0.513,0,0.858,0,1,0,-0.858,0,0.513],"_humanoidState":5,"_cameraCFrame":[753.57,244.738,50.283,0.501,-0.804,0.32,0,0.37,0.929,-0.866,-0.465,0.185],"_shiftlockState":false,"_pose":"FreeFall","_animationQueue":[],"_animationSpeed":1,"_zoom":26.32},{"_mousePosition":[538,291],"_rootPartCFrame":[748.174,227.773,47.158,0.512,0,0.859,0,1,0,-0.859,0,0.512],"_humanoidState":5,"_cameraCFrame":[753.33,244.264,50.107,0.496,-0.807,0.32,0,0.368,0.93,-0.868,-0.462,0.183],"_shiftlockState":false,"_pose":"FreeFall","_animationQueue":[],"_animationSpeed":1,"_zoom":26.32},{"_mousePosition":[538,291],"_rootPartCFrame":[747.943,227.233,47.024,0.511,0,0.86,0,1,0,-0.86,0,0.511],"_humanoidState":5,"_cameraCFrame":[753.111,243.735,49.894,0.485,-0.813,0.32,0,0.367,0.93,-0.874,-0.452,0.178],"_shiftlockState":false,"_pose":"FreeFall","_animationQueue":[],"_animationSpeed":1,"_zoom":26.32},{"_mousePosition":[538,291],"_rootPartCFrame":[747.712,226.638,46.892,0.509,0,0.861,0,1,0,-0.861,0,0.509],"_humanoidState":5,"_cameraCFrame":[752.882,243.152,49.695,0.477,-0.819,0.321,0,0.365,0.931,-0.879,-0.444,0.174],"_shiftlockState":false,"_pose":"FreeFall","_animationQueue":[],"_animationSpeed":1,"_zoom":26.32},{"_mousePosition":[538,291],"_rootPartCFrame":[747.479,225.988,46.762,0.506,0,0.862,0,1,0,-0.862,0,0.506],"_humanoidState":5,"_cameraCFrame":[752.652,242.514,49.499,0.468,-0.824,0.321,0,0.363,0.932,-0.884,-0.436,0.17],"_shiftlockState":false,"_pose":"FreeFall","_animationQueue":[],"_animationSpeed":1,"_zoom":26.32},{"_mousePosition":[538,291],"_rootPartCFrame":[747.186,225.1,46.603,0.502,0,0.865,0,1,0,-0.865,0,0.502],"_humanoidState":5,"_cameraCFrame":[752.386,241.625,49.287,0.459,-0.828,0.323,0,0.363,0.932,-0.889,-0.427,0.166],"_shiftlockState":false,"_pose":"FreeFall","_animationQueue":[["fall",0.3]],"_animationSpeed":1,"_zoom":26.32},{"_mousePosition":[538,291],"_rootPartCFrame":[747.009,224.526,46.509,0.498,0,0.867,0,1,0,-0.867,0,0.498],"_humanoidState":5,"_cameraCFrame":[752.23,241.051,49.153,0.452,-0.831,0.324,0,0.363,0.932,-0.892,-0.421,0.164],"_shiftlockState":false,"_pose":"FreeFall","_animationQueue":[],"_animationSpeed":1,"_zoom":26.32},{"_mousePosition":[538,291],"_rootPartCFrame":[746.773,223.713,46.386,0.493,0,0.87,0,1,0,-0.87,0,0.493],"_humanoidState":5,"_cameraCFrame":[751.993,240.238,49.031,0.452,-0.831,0.324,0,0.363,0.932,-0.892,-0.421,0.164],"_shiftlockState":false,"_pose":"FreeFall","_animationQueue":[],"_animationSpeed":1,"_zoom":26.32},{"_mousePosition":[538,291],"_rootPartCFrame":[746.535,222.845,46.265,0.488,0,0.873,0,1,0,-0.873,0,0.488],"_humanoidState":7,"_cameraCFrame":[751.755,239.371,48.91,0.452,-0.831,0.324,0,0.363,0.932,-0.892,-0.421,0.164],"_shiftlockState":false,"_pose":"FreeFall","_animationQueue":[["walk",0.1],["fall",0.3],["fall",0.3]],"_animationSpeed":1,"_zoom":26.32},{"_mousePosition":[538,291],"_rootPartCFrame":[746.297,222.432,46.145,0.483,0,0.876,0,1,0,-0.876,0,0.483],"_humanoidState":7,"_cameraCFrame":[751.518,238.958,48.789,0.452,-0.831,0.324,0,0.363,0.932,-0.892,-0.421,0.164],"_shiftlockState":false,"_pose":"FreeFall","_animationQueue":[],"_animationSpeed":1,"_zoom":26.32},{"_mousePosition":[538,291],"_rootPartCFrame":[746.059,222.503,46.024,0.479,0,0.878,0,1,0,-0.878,0,0.479],"_humanoidState":8,"_cameraCFrame":[751.28,239.029,48.669,0.452,-0.831,0.324,0,0.363,0.932,-0.892,-0.421,0.164],"_shiftlockState":false,"_pose":"Running","_animationQueue":[["walk",0.1],["fall",0.3],["walk",0.1]],"_animationSpeed":1.103,"_zoom":26.32},{"_mousePosition":[538,291],"_rootPartCFrame":[745.821,222.586,45.904,0.475,0,0.88,0,1,0,-0.88,0,0.475],"_humanoidState":8,"_cameraCFrame":[751.016,239.122,48.535,0.452,-0.832,0.322,0,0.361,0.933,-0.892,-0.421,0.163],"_shiftlockState":false,"_pose":"Running","_animationQueue":[],"_animationSpeed":1.103,"_zoom":26.32},{"_mousePosition":[538,291],"_rootPartCFrame":[745.584,222.637,45.783,0.472,0,0.882,0,1,0,-0.882,0,0.472],"_humanoidState":8,"_cameraCFrame":[750.771,239.173,48.428,0.454,-0.831,0.322,0,0.361,0.933,-0.891,-0.424,0.164],"_shiftlockState":false,"_pose":"Running","_animationQueue":[["walk",0.1]],"_animationSpeed":1.103,"_zoom":26.32},{"_mousePosition":[538,291],"_rootPartCFrame":[745.286,222.67,45.632,0.468,0,0.884,0,1,0,-0.884,0,0.468],"_humanoidState":8,"_cameraCFrame":[750.447,239.207,48.33,0.