[{"_mousePosition":[608,336],"_rootPartCFrame":[776.028,222.7,47.142,0,0,1,0,1,0,-1,0,0],"_humanoidState":8,"_cameraCFrame":[780.924,235.7,47.197,0.011,-0.92,0.392,0,0.392,0.92,-1,-0.01,0.004],"_shiftlockState":false,"_pose":"Standing","_animationQueue":[],"_animationSpeed":1,"_zoom":26.32},{"_mousePosition":[608,336],"_rootPartCFrame":[775.856,222.7,47.14,0.001,0,1,0,1,0,-1,0,0.001],"_humanoidState":8,"_cameraCFrame":[780.752,235.7,47.195,0.011,-0.92,0.392,0,0.392,0.92,-1,-0.01,0.004],"_shiftlockState":false,"_pose":"Standing","_animationQueue":[],"_animationSpeed":1,"_zoom":26.32},{"_mousePosition":[608,336],"_rootPartCFrame":[775.591,222.7,47.138,0.002,0,1,0,1,0,-1,0,0.002],"_humanoidState":8,"_cameraCFrame":[780.488,235.7,47.192,0.011,-0.92,0.392,0,0.392,0.92,-1,-0.01,0.004],"_shiftlockState":false,"_pose":"Running","_animationQueue":[["walk",0.1]],"_animationSpeed":1.003,"_zoom":26.32},{"_mousePosition":[608,336],"_rootPartCFrame":[775.325,222.7,47.135,0.004,0,1,0,1,0,-1,0,0.004],"_humanoidState":8,"_cameraCFrame":[780.221,235.7,47.189,0.011,-0.92,0.392,0,0.392,0.92,-1,-0.01,0.004],"_shiftlockState":false,"_pose":"Running","_animationQueue":[["walk",0.1],["walk",0.1]],"_animationSpeed":1.101,"_zoom":26.32},{"_mousePosition":[608,336],"_rootPartCFrame":[775.058,222.7,47.132,0.005,0,1,0,1,0,-1,0,0.005],"_humanoidState":8,"_cameraCFrame":[779.954,235.7,47.186,0.011,-0.92,0.392,0,0.392,0.92,-1,-0.01,0.004],"_shiftlockState":false,"_pose":"Running","_animationQueue":[],"_animationSpeed":1.101,"_zoom":26.32},{"_mousePosition":[608,336],"_rootPartCFrame":[774.792,222.7,47.129,0.005,0,1,0,1,0,-1,0,0.005],"_humanoidState":8,"_cameraCFrame":[779.688,235.7,47.183,0.011,-0.92,0.392,0,0.392,0.92,-1,-0.01,0.004],"_shiftlockState":false,"_pose":"Running","_animationQueue":[],"_animationSpeed":1.101,"_zoom":26.32},{"_mousePosition":[608,336],"_rootPartCFrame":[774.525,222.7,47.126,0.006,0,1,0,1,0,-1,0,0.006],"_humanoidState":8,"_cameraCFrame":[779.421,235.7,47.18,0.011,-0.92,0.392,0,0.392,0.92,-1,-0.01,0.004],"_shiftlockState":false,"_pose":"Running","_animationQueue":[],"_animationSpeed":1.101,"_zoom":26.32},{"_mousePosition":[608,336],"_rootPartCFrame":[774.258,222.7,47.123,0.007,0,1,0,1,0,-1,0,0.007],"_humanoidState":8,"_cameraCFrame":[779.155,235.7,47.177,0.011,-0.92,0.392,0,0.392,0.92,-1,-0.01,0.004],"_shiftlockState":false,"_pose":"Running","_animationQueue":[],"_animationSpeed":1.101,"_zoom":26.32},{"_mousePosition":[608,336],"_rootPartCFrame":[773.992,222.7,47.12,0.007,0,1,0,1,0,-1,0,0.007],"_humanoidState":8,"_cameraCFrame":[778.888,235.7,47.174,0.011,-0.92,0.392,0,0.392,0.92,-1,-0.01,0.004],"_shiftlockState":false,"_pose":"Running","_animationQueue":[],"_animationSpeed":1.101,"_zoom":26.32},{"_mousePosition":[608,336],"_rootPartCFrame":[773.725,222.7,47.117,0.008,0,1,0,1,0,-1,0,0.008],"_humanoidState":8,"_cameraCFrame":[778.621,235.7,47.171,0.011,-0.92,0.392,0,0.392,0.92,-1,-0.01,0.004],"_shiftlockState":false,"_pose":"Running","_animationQueue":[],"_animationSpeed":1.101,"_zoom":26.32},{"_mousePosition":[608,336],"_rootPartCFrame":[773.458,222.7,47.114,0.008,0,1,0,1,0,-1,0,0.008],"_humanoidState":8,"_cameraCFrame":[778.355,235.7,47.168,0.011,-0.92,0.392,0,0.392,0.92,-1,-0.01,0.004],"_shiftlockState":false,"_pose":"Running","_animationQueue":[["walk",0.1]],"_animationSpeed":1.101,"_zoom":26.32},{"_mousePosition":[608,336],"_rootPartCFrame":[773.059,222.7,47.109,0.009,0,1,0,1,0,-1,0,0.009],"_humanoidState":8,"_cameraCFrame":[777.955,235.7,47.164,0.011,-0.92,0.392,0,0.392,0.92,-1,-0.01,0.004],"_shiftlockState":false,"_pose":"Running","_animationQueue":[],"_animationSpeed":1.101,"_zoom":26.32},{"_mousePosition":[608,336],"_rootPartCFrame":[772.925,222.7,47.108,0.009,0,1,0,1,0,-1,0,0.009],"_humanoidState":8,"_cameraCFrame":[777.799,235.71,47.162,0.011,-0.921,0.39,0,0.39,0.921,-1,-0.01,0.004],"_shiftlockState":false,"_pose":"Running","_animationQueue":[],"_animationSpeed":1.101,"_zoom":26.32},{"_mousePosition":[608,336],"_rootPartCFrame":[772.659,222.7,47.105,0.009,0,1,0,1,0,-1,0,0.009],"_humanoidState":8,"_cameraCFrame":[777.51,235.719,47.159,0.011,-0.922,0.388,0,0.388,0.922,-1,-0.01,0.004],"_shiftlockState":false,"_pose":"Running","_animationQueue":[],"_animationSpeed":1.101,"_zoom":26.32},{"_mousePosition":[608,336],"_rootPartCFrame":[772.392,222.7,47.102,0.01,0,1,0,1,0,-1,0,0.01],"_humanoidState":8,"_cameraCFrame":[777.221,235.729,47.156,0.011,-0.922,0.386,0,0.386,0.922,-1,-0.01,0.004],"_shiftlockState":false,"_pose":"Running","_animationQueue":[],"_animationSpeed":1.101,"_zoom":26.32},{"_mousePosition":[608,336],"_rootPartCFrame":[772.125,222.7,47.099,0.01,0,1,0,1,0,-1,0,0.01],"_humanoidState":8,"_cameraCFrame":[776.91,235.748,47.152,0.011,-0.924,0.383,0,0.383,0.924,-1,-0.01,0.004],"_shiftlockState":false,"_pose":"Running","_animationQueue":[],"_animationSpeed":1.101,"_zoom":26.32},{"_mousePosition":[608,336],"_rootPartCFrame":[771.859,222.7,47.096,0.01,0,1,0,1,0,-1,0,0.01],"_humanoidState":8,"_cameraCFrame":[776.62,235.757,47.149,0.011,-0.925,0.381,0,0.381,0.925,-1,-0.01,0.004],"_shiftlockState":false,"_pose":"Running","_animationQueue":[],"_animationSpeed":1.101,"_zoom":26.32},{"_mousePosition":[608,336],"_rootPartCFrame":[771.592,222.7,47.093,0.01,0,1,0,1,0,-1,0,0.01],"_humanoidState":8,"_cameraCFrame":[776.309,235.775,47.146,0.011,-0.926,0.377,0,0.377,0.926,-1,-0.01,0.004],"_shiftlockState":false,"_pose":"Running","_animationQueue":[["walk",0.1]],"_animationSpeed":1.101,"_zoom":26.32},{"_mousePosition":[608,336],"_rootPartCFrame":[771.192,222.7,47.089,0.01,0,1,0,1,0,-1,0,0.01],"_humanoidState":8,"_cameraCFrame":[775.864,235.794,47.141,0.011,-0.927,0.374,0,0.374,0.928,-1,-0.01,0.004],"_shiftlockState":false,"_pose":"Running","_animationQueue":[],"_animationSpeed":1.101,"_zoom":26.32},{"_mousePosition":[608,336],"_rootPartCFrame":[771.059,222.7,47.087,0.01,0,1,0,1,0,-1,0,0.01],"_humanoidState":8,"_cameraCFrame":[775.708,235.803,47.139,0.011,-0.928,0.372,0,0.372,0.928,-1,-0.01,0.004],"_shiftlockState":false,"_pose":"Running","_animationQueue":[],"_animationSpeed":1.101,"_zoom":26.32},{"_mousePosition":[608,336],"_rootPartCFrame":[770.792,222.707,47.084,0.01,0,1,0,1,0,-1,0,0.01],"_humanoidState":8,"_cameraCFrame":[775.419,235.82,47.136,0.011,-0.929,0.37,0,0.37,0.929,-1,-0.01,0.004],"_shiftlockState":false,"_pose":"Running","_animationQueue":[],"_animationSpeed":1.101,"_zoom":26.32},{"_mousePosition":[608,336],"_rootPartCFrame":[770.526,222.696,47.081,0.011,0,1,0,1,0,-1,0,0.011],"_humanoidState":8,"_cameraCFrame":[775.129,235.817,47.132,0.011,-0.93,0.368,0,0.368,0.93,-1,-0.01,0.004],"_shiftlockState":false,"_pose":"Running","_animationQueue":[],"_animationSpeed":1.101,"_zoom":26.32},{"_mousePosition":[608,336],"_rootPartCFrame":[770.259,222.651,47.078,0.011,0,1,0,1,0,-1,0,0.011],"_humanoidState":8,"_cameraCFrame":[774.863,235.772,47.129,0.011,-0.93,0.368,0,0.368,0.93,-1,-0.01,0.004],"_shiftlockState":false,"_pose":"Running","_animationQueue":[],"_animationSpeed":1.101,"_zoom":26.32},{"_mousePosition":[608,336],"_rootPartCFrame":[769.993,222.567,47.076,0.011,0,1,0,1,0,-1,0,0.011],"_humanoidState":8,"_cameraCFrame":[774.574,235.697,47.126,0.011,-0.93,0.366,0,0.366,0.93,-1,-0.01,0.004],"_shiftlockState":false,"_pose":"Running","_animationQueue":[["walk",0.1]],"_animationSpeed":1.101,"_zoom":26.32},{"_mousePosition":[608,336],"_rootPartCFrame":[769.726,222.444,47.073,0.011,0,1,0,1,0,-1,0,0.011],"_humanoidState":8,"_cameraCFrame":[774.307,235.574,47.123,0.011,-0.93,0.366,0,0.366,0.93,-1,-0.01,0.004],"_shiftlockState":false,"_pose":"Running","_animationQueue":[],"_animationSpeed":1.101,"_zoom":26.32},{"_mousePosition":[608,336],"_rootPartCFrame":[769.459,222.34,47.07,0.011,0,1,0,1,0,-1,0,0.011],"_humanoidState":8,"_cameraCFrame":[774.04,235.47,47.12,0.011,-0.93,0.366,0,0.366,0.93,-1,-0.01,0.004],"_shiftlockState":false,"_pose":"Running","_animationQueue":[],"_animationSpeed":1.101,"_zoom":26.32},{"_mousePosition":[608,336],"_rootPartCFrame":[769.193,222.255,47.067,0.011,0,1,0,1,0,-1,0,0.011],"_humanoidState":8,"_cameraCFrame":[773.751,235.394,47.117,0.011,-0.931,0.365,0,0.365,0.931,-1,-0.01,0.004],"_shiftlockState":false,"_pose":"Running","_animationQueue":[],"_animationSpeed":1.101,"_zoom":26.32},{"_mousePosition":[608,336],"_rootPartCFrame":[768.926,222.178,47.064,0.011,0,1,0,1,0,-1,0,0.011],"_humanoidState":8,"_cameraCFrame":[773.462,235.326,47.114,0.011,-0.932,0.363,0,0.363,0.932,-1,-0.01,0.004],"_shiftlockState":false,"_pose":"Running","_animationQueue":[],"_animationSpeed":1.101,"_zoom":26.32},{"_mousePosition":[608,336],"_rootPartCFrame":[768.526,222.1,47.059,0.011,0,1,0,1,0,-1,0,0.011],"_humanoidState":8,"_cameraCFrame":[773.062,235.248,47.11,0.011,-0.932,0.363,0,0.363,0.932,-1,-0.01,0.004],"_shiftlockState":false,"_pose":"Running","_animationQueue":[],"_animationSpeed":1.101,"_zoom":26.32},{"_mousePosition":[608,336],"_rootPartCFrame":[768.393,222.078,47.058,0.011,0,1,0,1,0,-1,0,0.011],"_humanoidState":8,"_cameraCFrame":[772.906,235.235,47.108,0.011,-0.932,0.361,0,0.361,0.933,-1,-0.01,0.004],"_shiftlockState":false,"_pose":"Running","_animationQueue":[],"_animationSpeed":1.101,"_zoom":26.32},{"_mousePosition":[608,336],"_rootPartCFrame":[768.126,221.994,47.055,0.011,0,1,0,1,0,-1,0,0.011],"_humanoidState":8,"_cameraCFrame":[772.639,235.15,47.105,0.011,-0.932,0.361,0,0.361,0.933,-1,-0.01,0.004],"_shiftlockState":false,"_pose":"Running","_animationQueue":[["walk",0.1]],"_animationSpeed":1.101,"_zoom":26.32},{"_mousePosition":[608,336],"_rootPartCFrame":[767.727,221.838,47.05,0.011,0,1,0,1,0,-1,0,0.011],"_humanoidState":8,"_cameraCFrame":[772.239,234.995,47.1,0.011,-0.932,0.361,0,0.361,0.933,-1,-0.01,0.004],"_shiftlockState":false,"_pose":"Running","_animationQueue":[],"_animationSpeed":1.101,"_zoom":26.32},{"_mousePosition":[608,336],"_rootPartCFrame":[767.593,221.809,47.049,0.011,0,1,0,1,0,-1,0,0.011],"_humanoidState":8,"_cameraCFrame":[772.106,234.965,47.099,0.011,-0.932,0.361,0,0.361,0.933,-1,-0.01,0.004],"_shiftlockState":false,"_pose":"Running","_animationQueue":[],"_animationSpeed":1.101,"_zoom":26.32},{"_mousePosition":[608,336],"_rootPartCFrame":[767.327,221.726,47.046,0.011,0,1,0,1,0,-1,0,0.011],"_humanoidState":8,"_cameraCFrame":[771.817,234.892,47.096,0.011,-0.933,0.359,0,0.359,0.933,-1,-0.01,0.004],"_shiftlockState":false,"_pose":"Running","_animationQueue":[],"_animationSpeed":1.101,"_zoom":26.32},{"_mousePosition":[608,336],"_rootPartCFrame":[766.993,222.81,47.042,0.011,0,1,0,1,0,-1,0,0.011],"_humanoidState":3,"_cameraCFrame":[771.483,235.976,47.092,0.011,-0.933,0.359,0,0.359,0.933,-1,-0.01,0.004],"_shiftlockState":false,"_pose":"Jumping","_animationQueue":[["walk",0.1],["jump",0.1]],"_animationSpeed":1,"_zoom":26.32},{"_mousePosition":[608,336],"_rootPartCFrame":[766.793,223.421,47.04,0.011,0,1,0,1,0,-1,0,0.011],"_humanoidState":5,"_cameraCFrame":[771.261,236.596,47.09,0.011,-0.934,0.357,0,0.357,0.934,-1,-0.01,0.004],"_shiftlockState":false,"_pose":"FreeFall","_animationQueue":[["jump",0.1]],"_animationSpeed":1,"_zoom":26.32},{"_mousePosition":[608,336],"_rootPartCFrame":[766.527,224.189,47.037,0.011,0,1,0,1,0,-1,0,0.011],"_humanoidState":5,"_cameraCFrame":[770.994,237.363,47.087,0.011,-0.934,0.357,0,0.357,0.934,-1,-0.01,0.004],"_shiftlockState":false,"_pose":"FreeFall","_animationQueue":[],"_animationSpeed":1,"_zoom":26.32},{"_mousePosition":[608,336],"_rootPartCFrame":[766.26,224.902,47.034,0.011,0,1,0,1,0,-1,0,0.011],"_humanoidState":5,"_cameraCFrame":[770.705,238.085,47.083,0.011,-0.935,0.356,0,0.356,0.935,-1,-0.01,0.004],"_shiftlockState":false,"_pose":"FreeFall","_animationQueue":[],"_animationSpeed":1,"_zoom":26.32},{"_mousePosition":[608,336],"_rootPartCFrame":[765.994,225.561,47.031,0.011,0,1,0,1,0,-1,0,0.011],"_humanoidState":5,"_cameraCFrame":[770.438,238.743,47.08,0.011,-0.935,0.356,0,0.356,0.935,-1,-0.01,0.004],"_shiftlockState":false,"_pose":"FreeFall","_animationQueue":[],"_animationSpeed":1,"_zoom":26.32},{"_mousePosition":[608,336],"_rootPartCFrame":[765.727,226.165,47.028,0.011,0,1,0,1,0,-1,0,0.011],"_humanoidState":5,"_cameraCFrame":[770.149,239.356,47.077,0.011,-0.935,0.354,0,0.354,0.935,-1,-0.01,0.004],"_shiftlockState":false,"_pose":"FreeFall","_animationQueue":[],"_animationSpeed":1,"_zoom":26.32},{"_mousePosition":[608,336],"_rootPartCFrame":[765.46,226.714,47.025,0.011,0,1,0,1,0,-1,0,0.011],"_humanoidState":5,"_cameraCFrame":[769.859,239.914,47.074,0.011,-0.936,0.352,0,0.352,0.936,-1,-0.01,0.004],"_shiftlockState":false,"_pose":"FreeFall","_animationQueue":[],"_animationSpeed":1,"_zoom":26.32},{"_mousePosition":[608,336],"_rootPartCFrame":[765.194,227.209,47.022,0.011,0,1,0,1,0,-1,0,0.011],"_humanoidState":5,"_cameraCFrame":[769.593,240.409,47.071,0.011,-0.936,0.352,0,0.352,0.936,-1,-0.01,0.004],"_shiftlockState":false,"_pose":"FreeFall","_animationQueue":[],"_animationSpeed":1,"_zoom":26.32},{"_mousePosition":[608,336],"_rootPartCFrame":[764.927,227.65,47.019,0.011,0,1,0,1,0,-1,0,0.011],"_humanoidState":5,"_cameraCFrame":[769.281,240.867,47.068,0.011,-0.937,0.348,0,0.348,0.937,-1,-0.01,0.004],"_shiftlockState":false,"_pose":"FreeFall","_animationQueue":[],"_animationSpeed":1,"_zoom":26.32},{"_mousePosition":[608,336],"_rootPartCFrame":[764.661,228.036,47.016,0.011,0,1,0,1,0,-1,0,0.011],"_humanoidState":5,"_cameraCFrame":[768.991,241.261,47.064,0.011,-0.938,0.346,0,0.346,0.938,-1,-0.01,0.004],"_shiftlockState":false,"_pose":"FreeFall","_animationQueue":[],"_animationSpeed":1,"_zoom":26.32},{"_mousePosition":[608,336],"_rootPartCFrame":[764.394,228.367,47.013,0.011,0,1,0,1,0,-1,0,0.011],"_humanoidState":5,"_cameraCFrame":[768.702,241.601,47.072,0.014,-0.939,0.345,0,0.345,0.939,-1,-0.013,0.005],"_shiftlockState":false,"_pose":"FreeFall","_animationQueue":[],"_animationSpeed":1,"_zoom":26.32},{"_mousePosition":[608,336],"_rootPartCFrame":[764.127,228.644,47.01,0.011,0,1,0,1,0,-1,0,0.011],"_humanoidState":5,"_cameraCFrame":[768.412,241.887,47.069,0.014,-0.939,0.343,0,0.343,0.939,-1,-0.013,0.005],"_shiftlockState":false,"_pose":"FreeFall","_animationQueue":[],"_animationSpeed":1,"_zoom":26.32},{"_mousePosition":[608,336],"_rootPartCFrame":[763.861,228.867,47.007,0.011,0,1,0,1,0,-1,0,0.011],"_humanoidState":5,"_cameraCFrame":[768.1,242.126,47.065,0.014,-0.941,0.339,0,0.339,0.941,-1,-0.013,0.005],"_shiftlockState":false,"_pose":"FreeFall","_animationQueue":[],"_animationSpeed":1,"_zoom":26.32},{"_mousePosition":[608,336],"_rootPartCFrame":[763.594,229.035,47.003,0.012,0,1,0,1,0,-1,0,0.012],"_humanoidState":5,"_cameraCFrame":[767.81,242.302,47.071,0.016,-0.941,0.337,0,0.337,0.941,-1,-0.015,0.005],"_shiftlockState":false,"_pose":"FreeFall","_animationQueue":[],"_animationSpeed":1,"_zoom":26.32},{"_mousePosition":[608,336],"_rootPartCFrame":[763.328,229.148,47,0.012,0,1,0,1,0,-1,0,0.012],"_humanoidState":5,"_cameraCFrame":[767.498,242.432,47.067,0.016,-0.943,0.334,0,0.334,0.943,-1,-0.015,0.005],"_shiftlockState":false,"_pose":"FreeFall","_animationQueue":[],"_animationSpeed":1,"_zoom":26.32},{"_mousePosition":[608,336],"_rootPartCFrame":[763.061,229.207,46.995,0.012,0,1,0,1,0,-1,0,0.012],"_humanoidState":5,"_cameraCFrame":[767.185,242.507,47.062,0.016,-0.944,0.33,0,0.33,0.944,-1,-0.015,0.005],"_shiftlockState":false,"_pose":"FreeFall","_animationQueue":[],"_animationSpeed":1,"_zoom":26.32},{"_mousePosition":[608,336],"_rootPartCFrame":[762.794,229.212,46.991,0.013,0,1,0,1,0,-1,0,0.013],"_humanoidState":5,"_cameraCFrame":[766.895,242.52,47.057,0.016,-0.945,0.328,0,0.328,0.945,-1,-0.015,0.005],"_shiftlockState":false,"_pose":"FreeFall","_animationQueue":[["fall",0.3]],"_animationSpeed":1,"_zoom":26.32},{"_mousePosition":[608,336],"_rootPartCFrame":[762.528,229.162,46.987,0.013,0,1,0,1,0,-1,0,0.013],"_humanoidState":5,"_cameraCFrame":[766.606,242.478,47.053,0.016,-0.945,0.326,0,0.326,0.945,-1,-0.015,0.005],"_shiftlockState":false,"_pose":"FreeFall","_animationQueue":[],"_animationSpeed":1,"_zoom":26.32},{"_mousePosition":[608,336],"_rootPartCFrame":[762.261,229.057,46.983,0.014,0,1,0,1,0,-1,0,0.014],"_humanoidState":5,"_cameraCFrame":[766.339,242.373,47.048,0.016,-0.945,0.326,0,0.326,0.945,-1,-0.015,0.005],"_shiftlockState":false,"_pose":"FreeFall","_animationQueue":[],"_animationSpeed":1,"_zoom":26.32},{"_mousePosition":[608,335],"_rootPartCFrame":[761.995,228.898,46.978,0.014,0,1,0,1,0,-1,0,0.014],"_humanoidState":5,"_cameraCFrame":[766.162,242.473,47.046,0.016,-0.945,0.326,0,0.326,0.945,-1,-0.015,0.005],"_shiftlockState":false,"_pose":"FreeFall","_animationQueue":[],"_animationSpeed":1,"_zoom":26.32},{"_mousePosition":[608,335],"_rootPartCFrame":[761.728,228.685,46.974,0.014,0,1,0,1,0,-1,0,0.014],"_humanoidState":5,"_cameraCFrame":[766.101,242.854,47.045,0.016,-0.945,0.326,0,0.326,0.945,-1,-0.015,0.005],"_shiftlockState":false,"_pose":"FreeFall","_animationQueue":[],"_animationSpeed":1,"_zoom":26.32},{"_mousePosition":[608,336],"_rootPartCFrame":[761.461,228.417,46.97,0.015,0,1,0,1,0,-1,0,0.015],"_humanoidState":5,"_cameraCFrame":[765.989,243.12,47.043,0.016,-0.946,0.324,0,0.324,0.946,-1,-0.015,0.005],"_shiftlockState":false,"_pose":"FreeFall","_animationQueue":[],"_animationSpeed":1,"_zoom":26.32},{"_mousePosition":[608,336],"_rootPartCFrame":[761.195,228.094,46.965,0.015,0,1,0,1,0,-1,0,0.015],"_humanoidState":5,"_cameraCFrame":[765.876,243.333,47.041,0.016,-0.946,0.323,0,0.323,0.947,-1,-0.015,0.005],"_shiftlockState":false,"_pose":"FreeFall","_animationQueue":[],"_animationSpeed":1,"_zoom":26.32},{"_mousePosition":[608,336],"_rootPartCFrame":[760.928,227.717,46.961,0.015,0,1,0,1,0,-1,0,0.015],"_humanoidState":5,"_cameraCFrame":[765.761,243.401,47.039,0.016,-0.946,0.323,0,0.323,0.947,-1,-0.015,0.005],"_shiftlockState":false,"_pose":"FreeFall","_animationQueue":[["fall",0.3]],"_animationSpeed":1,"_zoom":26.32},{"_mousePosition":[608,336],"_rootPartCFrame":[760.662,227.286,46.957,0.015,0,1,0,1,0,-1,0,0.015],"_humanoidState":5,"_cameraCFrame":[765.592,243.253,47.036,0.016,-0.946,0.323,0,0.323,0.947,-1,-0.015,0.005],"_shiftlockState":false,"_pose":"FreeFall","_animationQueue":[],"_animationSpeed":1,"_zoom":26.32},{"_mousePosition":[608,336],"_rootPartCFrame":[760.395,226.8,46.952,0.015,0,1,0,1,0,-1,0,0.015],"_humanoidState":5,"_cameraCFrame":[765.412,243.021,47.033,0.016,-0.946,0.323,0,0.323,0.947,-1,-0.015,0.005],"_shiftlockState":false,"_pose":"FreeFall","_animationQueue":[],"_animationSpeed":1,"_zoom":26.32},{"_mousePosition":[608,336],"_rootPartCFrame":[760.128,226.259,46.948,0.015,0,1,0,1,0,-1,0,0.015],"_humanoidState":5,"_cameraCFrame":[765.171,242.651,47.03,0.016,-0.947,0.321,0,0.321,0.947,-1,-0.015,0.005],"_shiftlockState":false,"_pose":"FreeFall","_animationQueue":[],"_animationSpeed":1,"_zoom":26.32},{"_mousePosition":[608,336],"_rootPartCFrame":[759.862,225.664,46.944,0.016,0,1,0,1,0,-1,0,0.016],"_humanoidState":5,"_cameraCFrame":[764.914,242.182,47.025,0.016,-0.948,0.319,0,0.319,0.948,-1,-0.015,0.005],"_shiftlockState":false,"_pose":"FreeFall","_animationQueue":[],"_animationSpeed":1,"_zoom":26.32},{"_mousePosition":[608,336],"_rootPartCFrame":[759.595,225.015,46.94,0.016,0,1,0,1,0,-1,0,0.016],"_humanoidState":5,"_cameraCFrame":[764.647,241.628,47.021,0.016,-0.948,0.317,0,0.317,0.948,-1,-0.015,0.005],"_shiftlockState":false,"_pose":"FreeFall","_animationQueue":[],"_animationSpeed":1,"_zoom":26.32},{"_mousePosition":[608,336],"_rootPartCFrame":[759.329,224.311,46.935,0.016,0,1,0,1,0,-1,0,0.016],"_humanoidState":5,"_cameraCFrame":[764.341,241.003,47.016,0.016,-0.95,0.313,0,0.313,0.95,-1,-0.015,0.005],"_shiftlockState":false,"_pose":"FreeFall","_animationQueue":[],"_animationSpeed":1,"_zoom":26.32},{"_mousePosition":[608,336],"_rootPartCFrame":[759.062,223.553,46.931,0.016,0,1,0,1,0,-1,0,0.016],"_humanoidState":5,"_cameraCFrame":[764.028,240.302,47.011,0.016,-0.951,0.31,0,0.31,0.951,-1,-0.015,0.005],"_shiftlockState":false,"_pose":"FreeFall","_animationQueue":[["fall",0.3]],"_animationSpeed":1,"_zoom":26.32},{"_mousePosition":[608,336],"_rootPartCFrame":[758.795,222.837,46.927,0.016,0,1,0,1,0,-1,0,0.016],"_humanoidState":7,"_cameraCFrame":[763.711,239.635,46.994,0.014,-0.952,0.306,0,0.306,0.952,-1,-0.013,0.004],"_shiftlockState":false,"_pose":"FreeFall","_animationQueue":[["walk",0.1],["fall",0.3],["fall",0.3]],"_animationSpeed":1,"_zoom":26.32},{"_mousePosition":[608,336],"_rootPartCFrame":[758.462,222.749,46.921,0.016,0,1,0,1,0,-1,0,0.016],"_humanoidState":7,"_cameraCFrame":[763.44,239.949,46.976,0.011,-0.953,0.302,0,0.302,0.953,-1,-0.011,0.003],"_shiftlockState":false,"_pose":"FreeFall","_animationQueue":[],"_animationSpeed":1,"_zoom":26.32},{"_mousePosition":[608,336],"_rootPartCFrame":[758.129,222.765,46.917,0.016,0,1,0,1,0,-1,0,0.016],"_humanoidState":8,"_cameraCFrame":[763.308,240.601,46.974,0.011,-0.953,0.302,0,0.302,0.953,-1,-0.011,0.003],"_shiftlockState":false,"_pose":"Running","_animationQueue":[["walk",0.1],["fall",0.3],["walk",0.1]],"_animationSpeed":1.103,"_zoom":26.32},{"_mousePosition":[608,336],"_rootPartCFrame":[757.996,222.754,46.915,0.015,0,1,0,1,0,-1,0,0.015],"_humanoidState":8,"_cameraCFrame":[763.382,241.359,46.975,0.011,-0.954,0.3,0,0.3,0.954,-1,-0.011,0.003],"_shiftlockState":false,"_pose":"Running","_animationQueue":[],"_animationSpeed":1.103,"_zoom":26.32},{"_mousePosition":[608,336],"_rootPartCFrame":[757.729,222.687,46.912,0.015,0,1,0,1,0,-1,0,0.015],"_humanoidState":8,"_cameraCFrame":[763.337,241.995,46.974,0.011,-0.954,0.3,0,0.3,0.954,-1,-0.011,0.003],"_shiftlockState":false,"_pose":"Running","_animationQueue":[],"_animationSpeed":1.103,"_zoom":26.32},{"_mousePosition":[608,336],"_rootPartCFrame":[757.462,222.565,46.909,0.014,0,1,0,1,0,-1,0,0.014],"_humanoidState":8,"_cameraCFrame":[763.219,242.346,46.973,0.011,-0.954,0.3,0,0.3,0.954,-1,-0.011,0.003],"_shiftlockState":false,"_pose":"Running","_animationQueue":[["walk",0.1]],"_animationSpeed":1.103,"_zoom":26.32},{"_mousePosition":[608,336],"_rootPartCFrame":[757.196,223.438,46.906,0.014,0,1,0,1,0,-1,0,0.014],"_humanoidState":3,"_cameraCFrame":[763.083,243.633,46.971,0.011,-0.954,0.3,0,0.3,0.954,-1,-0.011,0.003],"_shiftlockState":false,"_pose":"Jumping","_animationQueue":[["walk",0.1],["jump",0.1]],"_animationSpeed":1,"_zoom":26.32},{"_mousePosition":[608,336],"_rootPartCFrame":[756.929,224.26,46.903,0.013,0,1,0,1,0,-1,0,0.013],"_humanoidState":5,"_cameraCFrame":[762.917,244.775,46.97,0.011,-0.954,0.3,0,0.3,0.954,-1,-0.011,0.003],"_shiftlockState":false,"_pose":"FreeFall","_animationQueue":[["jump",0.1]],"_animationSpeed":1,"_zoom":26.32},{"_mousePosition":[608,336],"_rootPartCFrame":[756.663,225.027,46.9,0.013,0,1,0,1,0,-1,0,0.013],"_humanoidState":5,"_cameraCFrame":[762.64,245.77,46.951,0.009,-0.955,0.297,0,0.297,0.955,-1,-0.008,0.003],"_shiftlockState":false,"_pose":"FreeFall","_animationQueue":[],"_animationSpeed":1,"_zoom":26.32},{"_mousePosition":[608,336],"_rootPartCFrame":[756.396,225.74,46.897,0.013,0,1,0,1,0,-1,0,0.013],"_humanoidState":5,"_cameraCFrame":[762.268,246.676,46.903,0.001,-0.957,0.289,0,0.289,0.957,-1,-0.001,0],"_shiftlockState":false,"_pose":"FreeFall","_animationQueue":[],"_animationSpeed":1,"_zoom":26.32},{"_mousePosition":[608,336],"_rootPartCFrame":[756.129,226.399,46.895,0.012,0,1,0,1,0,-1,0,0.012],"_humanoidState":5,"_cameraCFrame":[761.844,247.501,46.872,-0.004,-0.96,0.28,0,0.28,0.96,-1,0.004,-0.001],"_shiftlockState":false,"_pose":"FreeFall","_animationQueue":[],"_animationSpeed":1,"_zoom":26.32},{"_mousePosition":[608,336],"_rootPartCFrame":[755.863,227.003,46.894,0.011,0,1,0,1,0,-1,0,0.011],"_humanoidState":5,"_cameraCFrame":[761.484,248.213,46.857,-0.007,-0.962,0.274,0,0.274,0.962,-1,0.006,-0.002],"_shiftlockState":false,"_pose":"FreeFall","_animationQueue":[],"_animationSpeed":1,"_zoom":26.32},{"_mousePosition":[608,336],"_rootPartCFrame":[755.596,227.552,46.895,0.009,0,1,0,1,0,-1,0,0.009],"_humanoidState":5,"_cameraCFrame":[761.155,248.836,46.844,-0.009,-0.963,0.27,0,0.27,0.963,-1,0.009,-0.002],"_shiftlockState":false,"_pose":"FreeFall","_animationQueue":[],"_animationSpeed":1,"_zoom":26.32},{"_mousePosition":[608,336],"_rootPartCFrame":[755.263,228.163,46.897,0.007,0,1,0,1,0,-1,0,0.007],"_humanoidState":5,"_cameraCFrame":[760.831,249.481,46.846,-0.009,-0.963,0.27,0,0.27,0.963,-1,0.009,-0.002],"_shiftlockState":false,"_pose":"FreeFall","_animationQueue":[],"_animationSpeed":1,"_zoom":26.32},{"_mousePosition":[608,336],"_rootPartCFrame":[754.996,228.589,46.9,0.005,0,1,0,1,0,-1,0,0.005],"_humanoidState":5,"_cameraCFrame":[760.571,249.93,46.849,-0.009,-0.963,0.27,0,0.27,0.963,-1,0.009,-0.002],"_shiftlockState":false,"_pose":"FreeFall","_animationQueue":[],"_animationSpeed":1,"_zoom":26.32},{"_mousePosition":[608,336],"_rootPartCFrame":[754.796,228.874,46.902,0.003,0,1,0,1,0,-1,0,0.003],"_humanoidState":5,"_cameraCFrame":[760.375,250.23,46.85,-0.009,-0.963,0.27,0,0.27,0.963,-1,0.009,-0.002],"_shiftlockState":false,"_pose":"FreeFall","_animationQueue":[],"_animationSpeed":1,"_zoom":26.32},{"_mousePosition":[608,336],"_rootPartCFrame":[754.53,229.205,46.904,0.001,0,1,0,1,0,-1,0,0.001],"_humanoidState":5,"_cameraCFrame":[760.111,250.571,46.853,-0.009,-0.963,0.27,0,0.27,0.963,-1,0.009,-0.002],"_shiftlockState":false,"_pose":"FreeFall","_animationQueue":[],"_animationSpeed":1,"_zoom":26.32},{"_mousePosition":[608,336],"_rootPartCFrame":[754.263,229.482,46.906,0,0,1,0,1,0,-1,0,0],"_humanoidState":5,"_cameraCFrame":[759.847,250.855,46.855,-0.009,-0.963,0.27,0,0.27,0.963,-1,0.009,-0.002],"_shiftlockState":false,"_pose":"FreeFall","_animationQueue":[],"_animationSpeed":1,"_zoom":26.32},{"_mousePosition":[608,336],"_rootPartCFrame":[753.997,229.705,46.909,-0.001,0,1,0,1,0,-1,0,-0.001],"_humanoidState":5,"_cameraCFrame":[759.581,251.082,46.858,-0.009,-0.963,0.27,0,0.27,0.963,-1,0.009,-0.002],"_shiftlockState":false,"_pose":"FreeFall","_animationQueue":[],"_animationSpeed":1,"_zoom":26.32},{"_mousePosition":[608,336],"_rootPartCFrame":[753.663,229.906,46.912,-0.003,0,1,0,1,0,-1,0,-0.003],"_humanoidState":5,"_cameraCFrame":[759.249,251.287,46.861,-0.009,-0.963,0.27,0,0.27,0.963,-1,0.009,-0.002],"_shiftlockState":false,"_pose":"FreeFall","_animationQueue":[],"_animationSpeed":1,"_zoom":26.32},{"_mousePosition":[608,336],"_rootPartCFrame":[753.463,229.986,46.914,-0.003,0,1,0,1,0,-1,0,-0.003],"_humanoidState":5,"_cameraCFrame":[759.011,251.38,46.863,-0.009,-0.963,0.269,0,0.269,0.963,-1,0.009,-0.002],"_shiftlockState":false,"_pose":"FreeFall","_animationQueue":[],"_animationSpeed":1,"_zoom":26.32},{"_mousePosition":[608,336],"_rootPartCFrame":[753.13,230.052,46.917,-0.004,0,1,0,1,0,-1,0,-0.004],"_humanoidState":5,"_cameraCFrame":[758.678,251.446,46.866,-0.009,-0.963,0.269,0,0.269,0.963,-1,0.009,-0.002],"_shiftlockState":false,"_pose":"FreeFall","_animationQueue":[],"_animationSpeed":1,"_zoom":26.32},{"_mousePosition":[608,336],"_rootPartCFrame":[752.864,230.043,46.919,-0.005,0,1,0,1,0,-1,0,-0.005],"_humanoidState":5,"_cameraCFrame":[758.411,251.438,46.868,-0.009,-0.963,0.269,0,0.269,0.963,-1,0.009,-0.002],"_shiftlockState":false,"_pose":"FreeFall","_animationQueue":[],"_animationSpeed":1,"_zoom":26.32},{"_mousePosition":[608,336],"_rootPartCFrame":[752.664,230,46.921,-0.006,0,1,0,1,0,-1,0,-0.006],"_humanoidState":5,"_cameraCFrame":[758.173,251.407,46.871,-0.009,-0.964,0.267,0,0.267,0.964,-1,0.009,-0.002],"_shiftlockState":false,"_pose":"FreeFall","_animationQueue":[],"_animationSpeed":1,"_zoom":26.32},{"_mousePosition":[608,336],"_rootPartCFrame":[752.33,229.861,46.924,-0.006,0,1,0,1,0,-1,0,-0.006],"_humanoidState":5,"_cameraCFrame":[757.84,251.268,46.874,-0.009,-0.964,0.267,0,0.267,0.964,-1,0.009,-0.002],"_shiftlockState":false,"_pose":"FreeFall","_animationQueue":[["fall",0.3]],"_animationSpeed":1,"_zoom":26.32},{"_mousePosition":[608,336],"_rootPartCFrame":[752.13,229.737,46.926,-0.006,0,1,0,1,0,-1,0,-0.006],"_humanoidState":5,"_cameraCFrame":[757.601,251.154,46.876,-0.009,-0.964,0.265,0,0.265,0.964,-1,0.009,-0.002],"_shiftlockState":false,"_pose":"FreeFall","_animationQueue":[],"_animationSpeed":1,"_zoom":26.32},{"_mousePosition":[608,336],"_rootPartCFrame":[751.797,229.461,46.929,-0.007,0,1,0,1,0,-1,0,-0.007],"_humanoidState":5,"_cameraCFrame":[757.229,250.89,46.879,-0.009,-0.965,0.263,0,0.263,0.965,-1,0.009,-0.002],"_shiftlockState":false,"_pose":"FreeFall","_animationQueue":[],"_animationSpeed":1,"_zoom":26.32},{"_mousePosition":[608,336],"_rootPartCFrame":[751.597,229.255,46.931,-0.007,0,1,0,1,0,-1,0,-0.007],"_humanoidState":5,"_cameraCFrame":[756.99,250.694,46.895,-0.007,-0.965,0.261,0,0.261,0.965,-1,0.006,-0.002],"_shiftlockState":false,"_pose":"FreeFall","_animationQueue":[],"_animationSpeed":1,"_zoom":26.32},{"_mousePosition":[608,336],"_rootPartCFrame":[751.331,228.933,46.933,-0.007,0,1,0,1,0,-1,0,-0.007],"_humanoidState":5,"_cameraCFrame":[756.685,250.382,46.938,0.001,-0.966,0.259,0,0.259,0.966,-1,-0.001,0],"_shiftlockState":false,"_pose":"FreeFall","_animationQueue":[],"_animationSpeed":1,"_zoom":26.32},{"_mousePosition":[608,336],"_rootPartCFrame":[751.064,228.556,46.935,-0.007,0,1,0,1,0,-1,0,-0.007],"_humanoidState":5,"_cameraCFrame":[756.379,250.016,46.994,0.011,-0.966,0.257,0,0.257,0.966,-1,-0.011,0.003],"_shiftlockState":false,"_pose":"FreeFall","_animationQueue":[],"_animationSpeed":1,"_zoom":26.32},{"_mousePosition":[608,336],"_rootPartCFrame":[750.797,228.124,46.935,-0.007,0,1,0,1,0,-1,0,-0.007],"_humanoidState":5,"_cameraCFrame":[756.073,249.595,47.06,0.024,-0.967,0.255,0,0.255,0.967,-1,-0.023,0.006],"_shiftlockState":false,"_pose":"FreeFall","_animationQueue":[],"_animationSpeed":1,"_zoom":26.32},{"_mousePosition":[608,336],"_rootPartCFrame":[750.531,227.638,46.933,-0.005,0,1,0,1,0,-1,0,-0.005],"_humanoidState":5,"_cameraCFrame":[755.725,249.129,47.148,0.041,-0.967,0.251,0,0.252,0.968,-0.999,-0.04,0.01],"_shiftlockState":false,"_pose":"FreeFall","_animationQueue":[["fall",0.3]],"_animationSpeed":1,"_zoom":26.32},{"_mousePosition":[608,336],"_rootPartCFrame":[750.264,227.098,46.927,-0.001,0,1,0,1,0,-1,0,-0.001],"_humanoidState":5,"_cameraCFrame":[755.413,248.599,47.258,0.064,-0.966,0.249,0,0.25,0.968,-0.998,-0.062,0.016],"_shiftlockState":false,"_pose":"FreeFall","_animationQueue":[],"_animationSpeed":1,"_zoom":26.32},{"_mousePosition":[608,336],"_rootPartCFrame":[749.998,226.503,46.917,0.004,0,1,0,1,0,-1,0,0.004],"_humanoidState":5,"_cameraCFrame":[755.05,248.024,47.461,0.107,-0.964,0.245,0,0.246,0.969,-0.994,-0.104,0.026],"_shiftlockState":false,"_pose":"FreeFall","_animationQueue":[],"_animationSpeed":1,"_zoom":26.32},{"_mousePosition":[608,336],"_rootPartCFrame":[749.732,225.853,46.9,0.011,0,1,0,1,0,-1,0,0.011],"_humanoidState":5,"_cameraCFrame":[754.688,247.394,47.587,0.137,-0.961,0.24,0,0.242,0.97,-0.991,-0.133,0.033],"_shiftlockState":false,"_pose":"FreeFall","_animationQueue":[],"_animationSpeed":1,"_zoom":26.32},{"_mousePosition":[608,336],"_rootPartCFrame":[749.466,225.149,46.873,0.022,0,1,0,1,0,-1,0,0.022],"_humanoidState":5,"_cameraCFrame":[754.32,246.709,47.709,0.17,-0.957,0.235,0,0.238,0.971,-0.985,-0.165,0.04],"_shiftlockState":false,"_pose":"FreeFall","_animationQueue":[],"_animationSpeed":1,"_zoom":26.32},{"_mousePosition":[608,336],"_rootPartCFrame":[749.202,224.391,46.838,0.037,0,0.999,0,1,0,-0.999,0,0.037],"_humanoidState":5,"_cameraCFrame":[753.985,245.96,47.837,0.204,-0.951,0.232,0,0.237,0.972,-0.979,-0.199,0.048],"_shiftlockState":false,"_pose":"FreeFall","_animationQueue":[],"_animationSpeed":1,"_zoom":26.32},{"_mousePosition":[608,336],"_rootPartCFrame":[748.939,223.578,46.794,0.054,0,0.999,0,1,0,-0.999,0,0.054],"_humanoidState":5,"_cameraCFrame":[753.602,245.166,47.967,0.244,-0.943,0.226,0,0.233,0.973,-0.97,-0.237,0.057],"_shiftlockState":false,"_pose":"FreeFall","_animationQueue":[],"_animationSpeed":1,"_zoom":26.32},{"_mousePosition":[608,336],"_rootPartCFrame":[748.678,222.815,46.741,0.073,0,0.997,0,1,0,-0.997,0,0.073],"_humanoidState":7,"_cameraCFrame":[753.252,244.413,48.091,0.283,-0.933,0.221,0,0.231,0.973,-0.959,-0.275,0.065],"_shiftlockState":false,"_pose":"FreeFall","_animationQueue":[["fall",0.3],["walk",0.1],["fall",0.3],["fall",0.3]],"_animationSpeed":1,"_zoom":26.32},{"_mousePosition":[608,336],"_rootPartCFrame":[748.419,222.726,46.678,0.095,0,0.995,0,1,0,-0.995,0,0.095],"_humanoidState":7,"_cameraCFrame":[752.897,244.333,48.199,0.322,-0.922,0.217,0,0.229,0.973,-0.947,-0.313,0.074],"_shiftlockState":false,"_pose":"FreeFall","_animationQueue":[],"_animationSpeed":1,"_zoom":26.32},{"_mousePosition":[608,336],"_rootPartCFrame":[748.162,222.75,46.604,0.12,0,0.993,0,1,0,-0.993,0,0.12],"_humanoidState":8,"_cameraCFrame":[752.585,244.357,48.282,0.355,-0.91,0.214,0,0.229,0.973,-0.935,-0.346,0.081],"_shiftlockState":false,"_pose":"Running","_animationQueue":[["walk",0.1],["fall",0.3],["walk",0.1]],"_animationSpeed":1.103,"_zoom":26.32},{"_mousePosition":[608,336],"_rootPartCFrame":[747.91,222.733,46.519,0.147,0,0.989,0,1,0,-0.989,0,0.147],"_humanoidState":8,"_cameraCFrame":[752.233,244.349,48.338,0.388,-0.898,0.209,0,0.227,0.974,-0.922,-0.378,0.088],"_shiftlockState":false,"_pose":"Running","_animationQueue":[],"_animationSpeed":1.103,"_zoom":26.32},{"_mousePosition":[608,336],"_rootPartCFrame":[747.66,222.661,46.425,0.175,0,0.985,0,1,0,-0.985,0,0.175],"_humanoidState":8,"_cameraCFrame":[751.891,244.287,48.358,0.416,-0.886,0.205,0,0.225,0.974,-0.91,-0.405,0.094],"_shiftlockState":false,"_pose":"Running","_animationQueue":[],"_animationSpeed":1.103,"_zoom":26.32},{"_mousePosition":[608,336],"_rootPartCFrame":[747.414,222.536,46.322,0.204,0,0.979,0,1,0,-0.979,0,0.204],"_humanoidState":8,"_cameraCFrame":[751.595,244.161,48.362,0.439,-0.876,0.202,0,0.225,0.974,-0.899,-0.427,0.099],"_shiftlockState":false,"_pose":"Running","_animationQueue":[],"_animationSpeed":1.103,"_zoom":26.32},{"_mousePosition":[608,336],"_rootPartCFrame":[747.171,222.429,46.212,0.233,0,0.972,0,1,0,-0.972,0,0.233],"_humanoidState":8,"_cameraCFrame":[751.304,244.055,48.346,0.459,-0.866,0.2,0,0.225,0.974,-0.888,-0.447,0.103],"_shiftlockState":false,"_pose":"Running","_animationQueue":[],"_animationSpeed":1.103,"_zoom":26.32},{"_mousePosition":[608,336],"_rootPartCFrame":[746.931,222.342,46.095,0.261,0,0.965,0,1,0,-0.965,0,0.261],"_humanoidState":8,"_cameraCFrame":[751.015,243.968,48.323,0.479,-0.855,0.198,0,0.225,0.974,-0.878,-0.467,0.108],"_shiftlockState":false,"_pose":"Running","_animationQueue":[["walk",0.1]],"_animationSpeed":1.103,"_zoom":26.32},{"_mousePosition":[608,336],"_rootPartCFrame":[746.692,222.208,45.978,0.289,0,0.957,0,1,0,-0.957,0,0.289],"_humanoidState":8,"_cameraCFrame":[750.752,243.833,48.248,0.488,-0.851,0.197,0,0.225,0.974,-0.873,-0.475,0.11],"_shiftlockState":false,"_pose":"Running","_animationQueue":[],"_animationSpeed":1.103,"_zoom":26.32},{"_mousePosition":[608,336],"_rootPartCFrame":[746.452,223.081,45.861,0.317,0,0.948,0,1,0,-0.948,0,0.317],"_humanoidState":3,"_cameraCFrame":[750.512,244.706,48.131,0.488,-0.851,0.197,0,0.225,0.974,-0.873,-0.475,0.11],"_shiftlockState":false,"_pose":"Jumping","_animationQueue":[["walk",0.1],["jump",0.1]],"_animationSpeed":1,"_zoom":26.32},{"_mousePosition":[608,336],"_rootPartCFrame":[746.218,223.903,45.733,0.342,0,0.94,0,1,0,-0.94,0,0.342],"_humanoidState":5,"_cameraCFrame":[750.279,245.528,48.003,0.488,-0.851,0.197,0,0.225,0.974,-0.873,-0.475,0.11],"_shiftlockState":false,"_pose":"FreeFall","_animationQueue":[["jump",0.1]],"_animationSpeed":1,"_zoom":26.32},{"_mousePosition":[608,336],"_rootPartCFrame":[745.985,224.67,45.603,0.363,0,0.932,0,1,0,-0.932,0,0.363],"_humanoidState":5,"_cameraCFrame":[750.04,246.296,47.883,0.49,-0.849,0.196,0,0.225,0.974,-0.872,-0.477,0.11],"_shiftlockState":false,"_pose":"FreeFall","_animationQueue":[],"_animationSpeed":1,"_zoom":26.32},{"_mousePosition":[608,336],"_rootPartCFrame":[745.753,225.383,45.473,0.381,0,0.925,0,1,0,-0.925,0,0.381],"_humanoidState":5,"_cameraCFrame":[749.807,247.009,47.753,0.49,-0.849,0.196,0,0.225,0.974,-0.872,-0.477,0.11],"_shiftlockState":false,"_pose":"FreeFall","_animationQueue":[],"_animationSpeed":1,"_zoom":26.32},{"_mousePosition":[608,336],"_rootPartCFrame":[745.52,226.042,45.343,0.397,0,0.918,0,1,0,-0.918,0,0.397],"_humanoidState":5,"_cameraCFrame":[749.563,247.667,47.643,0.494,-0.847,0.196,0,0.225,0.974,-0.869,-0.482,0.111],"_shiftlockState":false,"_pose":"FreeFall","_animationQueue":[],"_animationSpeed":1,"_zoom":26.32},{"_mousePosition":[608,336],"_rootPartCFrame":[745.288,226.646,45.212,0.41,0,0.912,0,1,0,-0.912,0,0.41],"_humanoidState":5,"_cameraCFrame":[749.331,248.271,47.512,0.494,-0.847,0.196,0,0.225,0.974,-0.869,-0.482,0.111],"_shiftlockState":false,"_pose":"FreeFall","_animationQueue":[],"_animationSpeed":1,"_zoom":26.32},{"_mousePosition":[608,336],"_rootPartCFrame":[745.056,227.195,45.08,0.422,0,0.907,0,1,0,-0.907,0,0.422],"_humanoidState":5,"_cameraCFrame":[749.093,248.821,47.39,0.497,-0.846,0.195,0,0.225,0.974,-0.868,-0.484,0.112],"_shiftlockState":false,"_pose":"FreeFall","_animationQueue":[],"_animationSpeed":1,"_zoom":26.32},{"_mousePosition":[608,336],"_rootPartCFrame":[744.824,227.69,44.948,0.432,0,0.902,0,1,0,-0.902,0,0.432],"_humanoidState":5,"_cameraCFrame":[748.861,249.316,47.259,0.497,-0.846,0.195,0,0.225,0.974,-0.868,-0.484,0.112],"_shiftlockState":false,"_pose":"FreeFall","_animationQueue":[],"_animationSpeed":1,"_zoom":26.32},{"_mousePosition":[608,336],"_rootPartCFrame":[744.593,228.131,44.816,0.442,0,0.897,0,1,0,-0.897,0,0.442],"_humanoidState":5,"_cameraCFrame":[748.63,249.756,47.126,0.497,-0.846,0.195,0,0.225,0.974,-0.868,-0.484,0.112],"_shiftlockState":false,"_pose":"FreeFall","_animationQueue":[],"_animationSpeed":1,"_zoom":26.32},{"_mousePosition":[608,336],"_rootPartCFrame":[744.361,228.517,44.684,0.449,0,0.893,0,1,0,-0.893,0,0.449],"_humanoidState":5,"_cameraCFrame":[748.398,250.142,46.994,0.497,-0.846,0.195,0,0.225,0.974,-0.868,-0.484,0.112],"_shiftlockState":false,"_pose":"FreeFall","_animationQueue":[],"_animationSpeed":1,"_zoom":26.32},{"_mousePosition":[608,336],"_rootPartCFrame":[744.13,228.848,44.551,0.456,0,0.89,0,1,0,-0.89,0,0.456],"_humanoidState":5,"_cameraCFrame":[748.161,250.474,46.872,0.499,-0.844,0.195,0,0.225,0.974,-0.867,-0.486,0.112],"_shiftlockState":false,"_pose":"FreeFall","_animationQueue":[],"_animationSpeed":1,"_zoom":26.32},{"_mousePosition":[608,336],"_rootPartCFrame":[743.898,229.125,44.419,0.462,0,0.887,0,1,0,-0.887,0,0.462],"_humanoidState":5,"_cameraCFrame":[747.924,250.751,46.749,0.501,-0.843,0.195,0,0.225,0.974,-0.865,-0.488,0.113],"_shiftlockState":false,"_pose":"FreeFall","_animationQueue":[],"_animationSpeed":1,"_zoom":26.32},{"_mousePosition":[608,336],"_rootPartCFrame":[743.667,229.348,44.286,0.467,0,0.884,0,1,0,-0.884,0,0.467],"_humanoidState":5,"_cameraCFrame":[747.687,250.973,46.627,0.503,-0.842,0.195,0,0.225,0.974,-0.864,-0.49,0.113],"_shiftlockState":false,"_pose":"FreeFall","_animationQueue":[],"_animationSpeed":1,"_zoom":26.32},{"_mousePosition":[608,336],"_rootPartCFrame":[743.436,229.516,44.152,0.472,0,0.882,0,1,0,-0.882,0,0.472],"_humanoidState":5,"_cameraCFrame":[747.45,251.141,46.503,0.505,-0.841,0.194,0,0.225,0.974,-0.863,-0.492,0.114],"_shiftlockState":false,"_pose":"FreeFall","_animationQueue":[],"_animationSpeed":1,"_zoom":26.32},{"_mousePosition":[608,336],"_rootPartCFrame":[743.206,229.629,44.018,0.476,0,0.879,0,1,0,-0.879,0,0.476],"_humanoidState":5,"_cameraCFrame":[747.22,251.255,46.369,0.505,-0.841,0.194,0,0.225,0.974,-0.863,-0.492,0.114],"_shiftlockState":false,"_pose":"FreeFall","_animationQueue":[],"_animationSpeed":1,"_zoom":26.32},{"_mousePosition":[608,336],"_rootPartCFrame":[742.976,229.688,43.883,0.48,0,0.877,0,1,0,-0.877,0,0.48],"_humanoidState":5,"_cameraCFrame":[746.989,251.314,46.234,0.505,-0.841,0.194,0,0.225,0.974,-0.863,-0.492,0.114],"_shiftlockState":false,"_pose":"FreeFall","_animationQueue":[],"_animationSpeed":1,"_zoom":26.32},{"_mousePosition":[608,336],"_rootPartCFrame":[742.746,229.693,43.749,0.484,0,0.875,0,1,0,-0.875,0,0.484],"_humanoidState":5,"_cameraCFrame":[746.759,251.318,46.1,0.505,-0.841,0.194,0,0.225,0.974,-0.863,-0.492,0.11