[{"_mousePosition":[694,346],"_rootPartCFrame":[776.023,222.7,47.142,0.004,0,1,0,1,0,-1,0,0.004],"_humanoidState":8,"_cameraCFrame":[782.717,238.869,47.18,0.006,-0.91,0.415,0,0.415,0.91,-1,-0.005,0.002],"_shiftlockState":false,"_pose":"Standing","_animationQueue":[],"_animationSpeed":1,"_zoom":26.32},{"_mousePosition":[694,346],"_rootPartCFrame":[775.852,222.7,47.141,0.004,0,1,0,1,0,-1,0,0.004],"_humanoidState":8,"_cameraCFrame":[782.517,238.882,47.179,0.006,-0.911,0.413,0,0.413,0.911,-1,-0.005,0.002],"_shiftlockState":false,"_pose":"Standing","_animationQueue":[],"_animationSpeed":1,"_zoom":26.32},{"_mousePosition":[694,346],"_rootPartCFrame":[775.587,222.7,47.14,0.004,0,1,0,1,0,-1,0,0.004],"_humanoidState":8,"_cameraCFrame":[782.224,238.895,47.177,0.006,-0.911,0.412,0,0.412,0.911,-1,-0.005,0.002],"_shiftlockState":false,"_pose":"Running","_animationQueue":[["walk",0.1]],"_animationSpeed":1.003,"_zoom":26.32},{"_mousePosition":[694,346],"_rootPartCFrame":[775.32,222.7,47.138,0.004,0,1,0,1,0,-1,0,0.004],"_humanoidState":8,"_cameraCFrame":[781.928,238.908,47.176,0.006,-0.912,0.41,0,0.41,0.912,-1,-0.005,0.002],"_shiftlockState":false,"_pose":"Running","_animationQueue":[["walk",0.1]],"_animationSpeed":1.101,"_zoom":26.32},{"_mousePosition":[694,346],"_rootPartCFrame":[775.054,222.7,47.137,0.005,0,1,0,1,0,-1,0,0.005],"_humanoidState":8,"_cameraCFrame":[781.633,238.921,47.174,0.006,-0.913,0.408,0,0.408,0.913,-1,-0.005,0.002],"_shiftlockState":false,"_pose":"Running","_animationQueue":[],"_animationSpeed":1.101,"_zoom":26.32},{"_mousePosition":[694,346],"_rootPartCFrame":[774.787,222.7,47.135,0.005,0,1,0,1,0,-1,0,0.005],"_humanoidState":8,"_cameraCFrame":[781.309,238.947,47.172,0.006,-0.915,0.404,0,0.404,0.915,-1,-0.005,0.002],"_shiftlockState":false,"_pose":"Running","_animationQueue":[],"_animationSpeed":1.101,"_zoom":26.32},{"_mousePosition":[694,346],"_rootPartCFrame":[774.521,222.7,47.134,0.005,0,1,0,1,0,-1,0,0.005],"_humanoidState":8,"_cameraCFrame":[780.985,238.972,47.17,0.006,-0.916,0.401,0,0.401,0.916,-1,-0.005,0.002],"_shiftlockState":false,"_pose":"Running","_animationQueue":[],"_animationSpeed":1.101,"_zoom":26.32},{"_mousePosition":[694,346],"_rootPartCFrame":[774.254,222.7,47.132,0.005,0,1,0,1,0,-1,0,0.005],"_humanoidState":8,"_cameraCFrame":[780.574,239.034,47.152,0.003,-0.92,0.392,0,0.392,0.92,-1,-0.003,0.001],"_shiftlockState":false,"_pose":"Running","_animationQueue":[],"_animationSpeed":1.101,"_zoom":26.32},{"_mousePosition":[694,346],"_rootPartCFrame":[773.987,222.7,47.131,0.005,0,1,0,1,0,-1,0,0.005],"_humanoidState":8,"_cameraCFrame":[780.221,239.071,47.15,0.003,-0.922,0.387,0,0.387,0.922,-1,-0.003,0.001],"_shiftlockState":false,"_pose":"Running","_animationQueue":[],"_animationSpeed":1.101,"_zoom":26.32},{"_mousePosition":[694,346],"_rootPartCFrame":[773.721,222.7,47.13,0.005,0,1,0,1,0,-1,0,0.005],"_humanoidState":8,"_cameraCFrame":[779.867,239.107,47.149,0.003,-0.924,0.381,0,0.381,0.925,-1,-0.003,0.001],"_shiftlockState":false,"_pose":"Running","_animationQueue":[["walk",0.1]],"_animationSpeed":1.101,"_zoom":26.32},{"_mousePosition":[694,346],"_rootPartCFrame":[773.454,222.7,47.129,0.005,0,1,0,1,0,-1,0,0.005],"_humanoidState":8,"_cameraCFrame":[779.513,239.143,47.133,0.001,-0.927,0.376,0,0.376,0.927,-1,-0.001,0],"_shiftlockState":false,"_pose":"Running","_animationQueue":[],"_animationSpeed":1.101,"_zoom":26.32},{"_mousePosition":[694,346],"_rootPartCFrame":[773.187,222.7,47.128,0.004,0,1,0,1,0,-1,0,0.004],"_humanoidState":8,"_cameraCFrame":[779.188,239.166,47.132,0.001,-0.928,0.372,0,0.372,0.928,-1,-0.001,0],"_shiftlockState":false,"_pose":"Running","_animationQueue":[],"_animationSpeed":1.101,"_zoom":26.32},{"_mousePosition":[694,346],"_rootPartCFrame":[772.92,222.7,47.128,0.004,0,1,0,1,0,-1,0,0.004],"_humanoidState":8,"_cameraCFrame":[778.863,239.19,47.116,-0.002,-0.93,0.369,0,0.369,0.93,-1,0.002,-0.001],"_shiftlockState":false,"_pose":"Running","_animationQueue":[],"_animationSpeed":1.101,"_zoom":26.32},{"_mousePosition":[694,346],"_rootPartCFrame":[772.654,222.7,47.128,0.003,0,1,0,1,0,-1,0,0.003],"_humanoidState":8,"_cameraCFrame":[778.596,239.19,47.116,-0.002,-0.93,0.369,0,0.369,0.93,-1,0.002,-0.001],"_shiftlockState":false,"_pose":"Running","_animationQueue":[],"_animationSpeed":1.101,"_zoom":26.32},{"_mousePosition":[694,346],"_rootPartCFrame":[772.387,222.7,47.128,0.003,0,1,0,1,0,-1,0,0.003],"_humanoidState":8,"_cameraCFrame":[778.329,239.19,47.117,-0.002,-0.93,0.369,0,0.369,0.93,-1,0.002,-0.001],"_shiftlockState":false,"_pose":"Running","_animationQueue":[],"_animationSpeed":1.101,"_zoom":26.32},{"_mousePosition":[694,346],"_rootPartCFrame":[772.12,222.7,47.129,0.002,0,1,0,1,0,-1,0,0.002],"_humanoidState":8,"_cameraCFrame":[778.033,239.201,47.117,-0.002,-0.93,0.367,0,0.367,0.93,-1,0.002,-0.001],"_shiftlockState":false,"_pose":"Running","_animationQueue":[],"_animationSpeed":1.101,"_zoom":26.32},{"_mousePosition":[694,346],"_rootPartCFrame":[771.854,222.7,47.129,0.002,0,1,0,1,0,-1,0,0.002],"_humanoidState":8,"_cameraCFrame":[777.767,239.201,47.118,-0.002,-0.93,0.367,0,0.367,0.93,-1,0.002,-0.001],"_shiftlockState":false,"_pose":"Running","_animationQueue":[["walk",0.1]],"_animationSpeed":1.101,"_zoom":26.32},{"_mousePosition":[694,346],"_rootPartCFrame":[771.587,222.7,47.13,0.001,0,1,0,1,0,-1,0,0.001],"_humanoidState":8,"_cameraCFrame":[777.471,239.213,47.118,-0.002,-0.931,0.365,0,0.365,0.931,-1,0.002,-0.001],"_shiftlockState":false,"_pose":"Running","_animationQueue":[],"_animationSpeed":1.101,"_zoom":26.32},{"_mousePosition":[694,346],"_rootPartCFrame":[771.32,222.7,47.131,0.001,0,1,0,1,0,-1,0,0.001],"_humanoidState":8,"_cameraCFrame":[777.175,239.224,47.104,-0.004,-0.932,0.363,0,0.363,0.932,-1,0.004,-0.002],"_shiftlockState":false,"_pose":"Running","_animationQueue":[],"_animationSpeed":1.101,"_zoom":26.32},{"_mousePosition":[694,346],"_rootPartCFrame":[771.053,222.7,47.131,0,0,1,0,1,0,-1,0,0],"_humanoidState":8,"_cameraCFrame":[776.908,239.224,47.105,-0.004,-0.932,0.363,0,0.363,0.932,-1,0.004,-0.002],"_shiftlockState":false,"_pose":"Running","_animationQueue":[],"_animationSpeed":1.101,"_zoom":26.32},{"_mousePosition":[694,346],"_rootPartCFrame":[770.787,222.7,47.132,0,0,1,0,1,0,-1,0,0],"_humanoidState":8,"_cameraCFrame":[776.641,239.224,47.106,-0.004,-0.932,0.363,0,0.363,0.932,-1,0.004,-0.002],"_shiftlockState":false,"_pose":"Running","_animationQueue":[],"_animationSpeed":1.101,"_zoom":26.32},{"_mousePosition":[694,346],"_rootPartCFrame":[770.52,223.563,47.133,-0.001,0,1,0,1,0,-1,0,-0.001],"_humanoidState":3,"_cameraCFrame":[776.375,240.087,47.107,-0.004,-0.932,0.363,0,0.363,0.932,-1,0.004,-0.002],"_shiftlockState":false,"_pose":"Jumping","_animationQueue":[["walk",0.1],["jump",0.1]],"_animationSpeed":1,"_zoom":26.32},{"_mousePosition":[694,346],"_rootPartCFrame":[770.253,224.371,47.135,-0.001,0,1,0,1,0,-1,0,-0.001],"_humanoidState":5,"_cameraCFrame":[776.108,240.895,47.108,-0.004,-0.932,0.363,0,0.363,0.932,-1,0.004,-0.002],"_shiftlockState":false,"_pose":"FreeFall","_animationQueue":[["jump",0.1]],"_animationSpeed":1,"_zoom":26.32},{"_mousePosition":[694,346],"_rootPartCFrame":[769.987,225.125,47.136,-0.002,0,1,0,1,0,-1,0,-0.002],"_humanoidState":5,"_cameraCFrame":[775.841,241.649,47.11,-0.004,-0.932,0.363,0,0.363,0.932,-1,0.004,-0.002],"_shiftlockState":false,"_pose":"FreeFall","_animationQueue":[],"_animationSpeed":1,"_zoom":26.32},{"_mousePosition":[694,346],"_rootPartCFrame":[769.72,225.824,47.137,-0.002,0,1,0,1,0,-1,0,-0.002],"_humanoidState":5,"_cameraCFrame":[775.575,242.349,47.111,-0.004,-0.932,0.363,0,0.363,0.932,-1,0.004,-0.002],"_shiftlockState":false,"_pose":"FreeFall","_animationQueue":[],"_animationSpeed":1,"_zoom":26.32},{"_mousePosition":[694,346],"_rootPartCFrame":[769.454,226.469,47.138,-0.003,0,1,0,1,0,-1,0,-0.003],"_humanoidState":5,"_cameraCFrame":[775.308,242.993,47.112,-0.004,-0.932,0.363,0,0.363,0.932,-1,0.004,-0.002],"_shiftlockState":false,"_pose":"FreeFall","_animationQueue":[],"_animationSpeed":1,"_zoom":26.32},{"_mousePosition":[694,346],"_rootPartCFrame":[769.187,227.06,47.139,-0.003,0,1,0,1,0,-1,0,-0.003],"_humanoidState":5,"_cameraCFrame":[775.042,243.584,47.113,-0.004,-0.932,0.363,0,0.363,0.932,-1,0.004,-0.002],"_shiftlockState":false,"_pose":"FreeFall","_animationQueue":[],"_animationSpeed":1,"_zoom":26.32},{"_mousePosition":[694,346],"_rootPartCFrame":[768.92,227.595,47.141,-0.003,0,1,0,1,0,-1,0,-0.003],"_humanoidState":5,"_cameraCFrame":[774.775,244.12,47.114,-0.004,-0.932,0.363,0,0.363,0.932,-1,0.004,-0.002],"_shiftlockState":false,"_pose":"FreeFall","_animationQueue":[],"_animationSpeed":1,"_zoom":26.32},{"_mousePosition":[694,346],"_rootPartCFrame":[768.654,228.077,47.142,-0.003,0,1,0,1,0,-1,0,-0.003],"_humanoidState":5,"_cameraCFrame":[774.508,244.601,47.116,-0.004,-0.932,0.363,0,0.363,0.932,-1,0.004,-0.002],"_shiftlockState":false,"_pose":"FreeFall","_animationQueue":[],"_animationSpeed":1,"_zoom":26.32},{"_mousePosition":[694,346],"_rootPartCFrame":[768.387,228.504,47.143,-0.003,0,1,0,1,0,-1,0,-0.003],"_humanoidState":5,"_cameraCFrame":[774.242,245.028,47.117,-0.004,-0.932,0.363,0,0.363,0.932,-1,0.004,-0.002],"_shiftlockState":false,"_pose":"FreeFall","_animationQueue":[],"_animationSpeed":1,"_zoom":26.32},{"_mousePosition":[694,346],"_rootPartCFrame":[768.121,228.876,47.144,-0.004,0,1,0,1,0,-1,0,-0.004],"_humanoidState":5,"_cameraCFrame":[773.975,245.4,47.118,-0.004,-0.932,0.363,0,0.363,0.932,-1,0.004,-0.002],"_shiftlockState":false,"_pose":"FreeFall","_animationQueue":[],"_animationSpeed":1,"_zoom":26.32},{"_mousePosition":[694,346],"_rootPartCFrame":[767.854,229.194,47.145,-0.004,0,1,0,1,0,-1,0,-0.004],"_humanoidState":5,"_cameraCFrame":[773.709,245.718,47.119,-0.004,-0.932,0.363,0,0.363,0.932,-1,0.004,-0.002],"_shiftlockState":false,"_pose":"FreeFall","_animationQueue":[],"_animationSpeed":1,"_zoom":26.32},{"_mousePosition":[694,346],"_rootPartCFrame":[767.587,229.457,47.147,-0.004,0,1,0,1,0,-1,0,-0.004],"_humanoidState":5,"_cameraCFrame":[773.442,245.982,47.12,-0.004,-0.932,0.363,0,0.363,0.932,-1,0.004,-0.002],"_shiftlockState":false,"_pose":"FreeFall","_animationQueue":[],"_animationSpeed":1,"_zoom":26.32},{"_mousePosition":[694,346],"_rootPartCFrame":[767.321,229.666,47.148,-0.004,0,1,0,1,0,-1,0,-0.004],"_humanoidState":5,"_cameraCFrame":[773.175,246.191,47.122,-0.004,-0.932,0.363,0,0.363,0.932,-1,0.004,-0.002],"_shiftlockState":false,"_pose":"FreeFall","_animationQueue":[],"_animationSpeed":1,"_zoom":26.32},{"_mousePosition":[694,346],"_rootPartCFrame":[767.054,229.821,47.149,-0.004,0,1,0,1,0,-1,0,-0.004],"_humanoidState":5,"_cameraCFrame":[772.909,246.345,47.123,-0.004,-0.932,0.363,0,0.363,0.932,-1,0.004,-0.002],"_shiftlockState":false,"_pose":"FreeFall","_animationQueue":[],"_animationSpeed":1,"_zoom":26.32},{"_mousePosition":[694,346],"_rootPartCFrame":[766.788,229.921,47.15,-0.004,0,1,0,1,0,-1,0,-0.004],"_humanoidState":5,"_cameraCFrame":[772.642,246.445,47.124,-0.004,-0.932,0.363,0,0.363,0.932,-1,0.004,-0.002],"_shiftlockState":false,"_pose":"FreeFall","_animationQueue":[],"_animationSpeed":1,"_zoom":26.32},{"_mousePosition":[694,346],"_rootPartCFrame":[766.521,229.966,47.151,-0.004,0,1,0,1,0,-1,0,-0.004],"_humanoidState":5,"_cameraCFrame":[772.376,246.49,47.125,-0.004,-0.932,0.363,0,0.363,0.932,-1,0.004,-0.002],"_shiftlockState":false,"_pose":"FreeFall","_animationQueue":[],"_animationSpeed":1,"_zoom":26.32},{"_mousePosition":[694,346],"_rootPartCFrame":[766.254,229.957,47.153,-0.004,0,1,0,1,0,-1,0,-0.004],"_humanoidState":5,"_cameraCFrame":[772.109,246.481,47.126,-0.004,-0.932,0.363,0,0.363,0.932,-1,0.004,-0.002],"_shiftlockState":false,"_pose":"FreeFall","_animationQueue":[["fall",0.3]],"_animationSpeed":1,"_zoom":26.32},{"_mousePosition":[694,346],"_rootPartCFrame":[765.988,229.893,47.154,-0.004,0,1,0,1,0,-1,0,-0.004],"_humanoidState":5,"_cameraCFrame":[771.813,246.429,47.113,-0.007,-0.932,0.361,0,0.361,0.932,-1,0.007,-0.003],"_shiftlockState":false,"_pose":"FreeFall","_animationQueue":[],"_animationSpeed":1,"_zoom":26.32},{"_mousePosition":[694,346],"_rootPartCFrame":[765.721,229.775,47.155,-0.004,0,1,0,1,0,-1,0,-0.004],"_humanoidState":5,"_cameraCFrame":[771.547,246.311,47.114,-0.007,-0.932,0.361,0,0.361,0.932,-1,0.007,-0.003],"_shiftlockState":false,"_pose":"FreeFall","_animationQueue":[],"_animationSpeed":1,"_zoom":26.32},{"_mousePosition":[694,346],"_rootPartCFrame":[765.455,229.603,47.157,-0.005,0,1,0,1,0,-1,0,-0.005],"_humanoidState":5,"_cameraCFrame":[771.28,246.138,47.116,-0.007,-0.932,0.361,0,0.361,0.932,-1,0.007,-0.003],"_shiftlockState":false,"_pose":"FreeFall","_animationQueue":[],"_animationSpeed":1,"_zoom":26.32},{"_mousePosition":[694,346],"_rootPartCFrame":[765.188,229.375,47.159,-0.005,0,1,0,1,0,-1,0,-0.005],"_humanoidState":5,"_cameraCFrame":[771.013,245.911,47.118,-0.007,-0.932,0.361,0,0.361,0.932,-1,0.007,-0.003],"_shiftlockState":false,"_pose":"FreeFall","_animationQueue":[],"_animationSpeed":1,"_zoom":26.32},{"_mousePosition":[694,346],"_rootPartCFrame":[764.921,229.094,47.161,-0.005,0,1,0,1,0,-1,0,-0.005],"_humanoidState":5,"_cameraCFrame":[770.747,245.63,47.12,-0.007,-0.932,0.361,0,0.361,0.932,-1,0.007,-0.003],"_shiftlockState":false,"_pose":"FreeFall","_animationQueue":[],"_animationSpeed":1,"_zoom":26.32},{"_mousePosition":[694,346],"_rootPartCFrame":[764.655,228.758,47.162,-0.005,0,1,0,1,0,-1,0,-0.005],"_humanoidState":5,"_cameraCFrame":[770.48,245.293,47.122,-0.007,-0.932,0.361,0,0.361,0.932,-1,0.007,-0.003],"_shiftlockState":false,"_pose":"FreeFall","_animationQueue":[],"_animationSpeed":1,"_zoom":26.32},{"_mousePosition":[694,346],"_rootPartCFrame":[764.388,228.367,47.164,-0.006,0,1,0,1,0,-1,0,-0.006],"_humanoidState":5,"_cameraCFrame":[770.214,244.903,47.123,-0.007,-0.932,0.361,0,0.361,0.932,-1,0.007,-0.003],"_shiftlockState":false,"_pose":"FreeFall","_animationQueue":[["fall",0.3]],"_animationSpeed":1,"_zoom":26.32},{"_mousePosition":[694,346],"_rootPartCFrame":[764.122,227.922,47.166,-0.006,0,1,0,1,0,-1,0,-0.006],"_humanoidState":5,"_cameraCFrame":[769.917,244.469,47.111,-0.01,-0.933,0.359,0,0.359,0.933,-1,0.009,-0.003],"_shiftlockState":false,"_pose":"FreeFall","_animationQueue":[],"_animationSpeed":1,"_zoom":26.32},{"_mousePosition":[694,346],"_rootPartCFrame":[763.855,227.422,47.168,-0.006,0,1,0,1,0,-1,0,-0.006],"_humanoidState":5,"_cameraCFrame":[769.621,243.981,47.084,-0.015,-0.934,0.358,0,0.358,0.934,-1,0.014,-0.005],"_shiftlockState":false,"_pose":"FreeFall","_animationQueue":[],"_animationSpeed":1,"_zoom":26.32},{"_mousePosition":[694,346],"_rootPartCFrame":[763.588,226.868,47.171,-0.006,0,1,0,1,0,-1,0,-0.006],"_humanoidState":5,"_cameraCFrame":[769.354,243.427,47.072,-0.017,-0.934,0.358,0,0.358,0.934,-1,0.016,-0.006],"_shiftlockState":false,"_pose":"FreeFall","_animationQueue":[],"_animationSpeed":1,"_zoom":26.32},{"_mousePosition":[694,346],"_rootPartCFrame":[763.322,226.26,47.174,-0.007,0,1,0,1,0,-1,0,-0.007],"_humanoidState":5,"_cameraCFrame":[769.058,242.829,47.061,-0.02,-0.934,0.356,0,0.356,0.935,-1,0.018,-0.007],"_shiftlockState":false,"_pose":"FreeFall","_animationQueue":[],"_animationSpeed":1,"_zoom":26.32},{"_mousePosition":[694,346],"_rootPartCFrame":[763.055,225.597,47.179,-0.009,0,1,0,1,0,-1,0,-0.009],"_humanoidState":5,"_cameraCFrame":[768.791,242.166,47.051,-0.022,-0.934,0.356,0,0.356,0.935,-1,0.021,-0.008],"_shiftlockState":false,"_pose":"FreeFall","_animationQueue":[],"_animationSpeed":1,"_zoom":26.32},{"_mousePosition":[694,346],"_rootPartCFrame":[762.789,224.879,47.184,-0.01,0,1,0,1,0,-1,0,-0.01],"_humanoidState":5,"_cameraCFrame":[768.495,241.46,47.043,-0.025,-0.935,0.354,0,0.354,0.935,-1,0.023,-0.009],"_shiftlockState":false,"_pose":"FreeFall","_animationQueue":[],"_animationSpeed":1,"_zoom":26.32},{"_mousePosition":[694,346],"_rootPartCFrame":[762.522,224.107,47.19,-0.012,0,1,0,1,0,-1,0,-0.012],"_humanoidState":5,"_cameraCFrame":[768.228,240.688,47.034,-0.027,-0.935,0.354,0,0.354,0.935,-1,0.026,-0.01],"_shiftlockState":false,"_pose":"FreeFall","_animationQueue":[["fall",0.3]],"_animationSpeed":1,"_zoom":26.32},{"_mousePosition":[694,346],"_rootPartCFrame":[762.255,223.28,47.196,-0.013,0,1,0,1,0,-1,0,-0.013],"_humanoidState":5,"_cameraCFrame":[767.961,239.861,47.041,-0.027,-0.935,0.354,0,0.354,0.935,-1,0.026,-0.01],"_shiftlockState":false,"_pose":"FreeFall","_animationQueue":[],"_animationSpeed":1,"_zoom":26.32},{"_mousePosition":[694,346],"_rootPartCFrame":[761.989,222.508,47.332,-0.015,0,1,0,1,0,-1,0,-0.015],"_humanoidState":7,"_cameraCFrame":[767.695,239.089,47.176,-0.027,-0.935,0.354,0,0.354,0.935,-1,0.026,-0.01],"_shiftlockState":false,"_pose":"FreeFall","_animationQueue":[["walk",0.1],["fall",0.3],["fall",0.3]],"_animationSpeed":1,"_zoom":26.32},{"_mousePosition":[694,346],"_rootPartCFrame":[761.722,222.46,47.642,-0.017,0,1,0,1,0,-1,0,-0.017],"_humanoidState":7,"_cameraCFrame":[767.428,239.041,47.487,-0.027,-0.935,0.354,0,0.354,0.935,-1,0.026,-0.01],"_shiftlockState":false,"_pose":"FreeFall","_animationQueue":[],"_animationSpeed":1,"_zoom":26.32},{"_mousePosition":[694,346],"_rootPartCFrame":[761.456,222.549,47.982,-0.018,0,1,0,1,0,-1,0,-0.018],"_humanoidState":8,"_cameraCFrame":[767.161,239.129,47.827,-0.027,-0.935,0.354,0,0.354,0.935,-1,0.026,-0.01],"_shiftlockState":false,"_pose":"Running","_animationQueue":[["walk",0.1],["fall",0.3],["walk",0.1]],"_animationSpeed":1.103,"_zoom":26.32},{"_mousePosition":[694,346],"_rootPartCFrame":[761.189,222.615,48.323,-0.019,0,1,0,1,0,-1,0,-0.019],"_humanoidState":8,"_cameraCFrame":[766.895,239.196,48.167,-0.027,-0.935,0.354,0,0.354,0.935,-1,0.026,-0.01],"_shiftlockState":false,"_pose":"Running","_animationQueue":[],"_animationSpeed":1.103,"_zoom":26.32},{"_mousePosition":[694,346],"_rootPartCFrame":[760.922,222.654,48.663,-0.021,0,1,0,1,0,-1,0,-0.021],"_humanoidState":8,"_cameraCFrame":[766.628,239.234,48.508,-0.027,-0.935,0.354,0,0.354,0.935,-1,0.026,-0.01],"_shiftlockState":false,"_pose":"Running","_animationQueue":[],"_animationSpeed":1.103,"_zoom":26.32},{"_mousePosition":[694,346],"_rootPartCFrame":[760.656,222.675,49.004,-0.021,0,1,0,1,0,-1,0,-0.021],"_humanoidState":8,"_cameraCFrame":[766.362,239.256,48.848,-0.027,-0.935,0.354,0,0.354,0.935,-1,0.026,-0.01],"_shiftlockState":false,"_pose":"Running","_animationQueue":[["walk",0.1]],"_animationSpeed":1.103,"_zoom":26.32},{"_mousePosition":[694,346],"_rootPartCFrame":[760.389,223.538,49.345,-0.022,0,1,0,1,0,-1,0,-0.022],"_humanoidState":3,"_cameraCFrame":[766.095,240.119,49.189,-0.027,-0.935,0.354,0,0.354,0.935,-1,0.026,-0.01],"_shiftlockState":false,"_pose":"Jumping","_animationQueue":[["walk",0.1],["jump",0.1]],"_animationSpeed":1,"_zoom":26.32},{"_mousePosition":[694,346],"_rootPartCFrame":[760.123,224.346,49.66,-0.023,0,1,0,1,0,-1,0,-0.023],"_humanoidState":5,"_cameraCFrame":[765.828,240.927,49.505,-0.027,-0.935,0.354,0,0.354,0.935,-1,0.026,-0.01],"_shiftlockState":false,"_pose":"FreeFall","_animationQueue":[["jump",0.1]],"_animationSpeed":1,"_zoom":26.32},{"_mousePosition":[694,346],"_rootPartCFrame":[759.856,225.1,49.936,-0.024,0,1,0,1,0,-1,0,-0.024],"_humanoidState":5,"_cameraCFrame":[765.562,241.681,49.781,-0.027,-0.935,0.354,0,0.354,0.935,-1,0.026,-0.01],"_shiftlockState":false,"_pose":"FreeFall","_animationQueue":[],"_animationSpeed":1,"_zoom":26.32},{"_mousePosition":[694,346],"_rootPartCFrame":[759.589,225.8,50.173,-0.024,0,1,0,1,0,-1,0,-0.024],"_humanoidState":5,"_cameraCFrame":[765.295,242.38,50.017,-0.027,-0.935,0.354,0,0.354,0.935,-1,0.026,-0.01],"_shiftlockState":false,"_pose":"FreeFall","_animationQueue":[],"_animationSpeed":1,"_zoom":26.32},{"_mousePosition":[694,346],"_rootPartCFrame":[759.323,226.444,50.369,-0.025,0,1,0,1,0,-1,0,-0.025],"_humanoidState":5,"_cameraCFrame":[765.029,243.025,50.214,-0.027,-0.935,0.354,0,0.354,0.935,-1,0.026,-0.01],"_shiftlockState":false,"_pose":"FreeFall","_animationQueue":[],"_animationSpeed":1,"_zoom":26.32},{"_mousePosition":[694,346],"_rootPartCFrame":[759.056,227.035,50.526,-0.025,0,1,0,1,0,-1,0,-0.025],"_humanoidState":5,"_cameraCFrame":[764.762,243.615,50.371,-0.027,-0.935,0.354,0,0.354,0.935,-1,0.026,-0.01],"_shiftlockState":false,"_pose":"FreeFall","_animationQueue":[],"_animationSpeed":1,"_zoom":26.32},{"_mousePosition":[694,346],"_rootPartCFrame":[758.79,227.571,50.643,-0.025,0,1,0,1,0,-1,0,-0.025],"_humanoidState":5,"_cameraCFrame":[764.495,244.151,50.488,-0.027,-0.935,0.354,0,0.354,0.935,-1,0.026,-0.01],"_shiftlockState":false,"_pose":"FreeFall","_animationQueue":[],"_animationSpeed":1,"_zoom":26.32},{"_mousePosition":[694,346],"_rootPartCFrame":[758.523,228.052,50.721,-0.026,0,1,0,1,0,-1,0,-0.026],"_humanoidState":5,"_cameraCFrame":[764.229,244.633,50.565,-0.027,-0.935,0.354,0,0.354,0.935,-1,0.026,-0.01],"_shiftlockState":false,"_pose":"FreeFall","_animationQueue":[],"_animationSpeed":1,"_zoom":26.32},{"_mousePosition":[694,346],"_rootPartCFrame":[758.256,228.479,50.759,-0.026,0,1,0,1,0,-1,0,-0.026],"_humanoidState":5,"_cameraCFrame":[763.962,245.06,50.603,-0.027,-0.935,0.354,0,0.354,0.935,-1,0.026,-0.01],"_shiftlockState":false,"_pose":"FreeFall","_animationQueue":[],"_animationSpeed":1,"_zoom":26.32},{"_mousePosition":[694,346],"_rootPartCFrame":[757.99,228.851,50.768,-0.026,0,1,0,1,0,-1,0,-0.026],"_humanoidState":5,"_cameraCFrame":[763.696,245.432,50.613,-0.027,-0.935,0.354,0,0.354,0.935,-1,0.026,-0.01],"_shiftlockState":false,"_pose":"FreeFall","_animationQueue":[],"_animationSpeed":1,"_zoom":26.32},{"_mousePosition":[694,346],"_rootPartCFrame":[757.723,229.169,50.775,-0.026,0,1,0,1,0,-1,0,-0.026],"_humanoidState":5,"_cameraCFrame":[763.429,245.75,50.62,-0.027,-0.935,0.354,0,0.354,0.935,-1,0.026,-0.01],"_shiftlockState":false,"_pose":"FreeFall","_animationQueue":[],"_animationSpeed":1,"_zoom":26.32},{"_mousePosition":[694,346],"_rootPartCFrame":[757.457,229.433,50.783,-0.026,0,1,0,1,0,-1,0,-0.026],"_humanoidState":5,"_cameraCFrame":[763.162,246.013,50.627,-0.027,-0.935,0.354,0,0.354,0.935,-1,0.026,-0.01],"_shiftlockState":false,"_pose":"FreeFall","_animationQueue":[],"_animationSpeed":1,"_zoom":26.32},{"_mousePosition":[694,346],"_rootPartCFrame":[757.123,229.685,50.792,-0.027,0,1,0,1,0,-1,0,-0.027],"_humanoidState":5,"_cameraCFrame":[762.829,246.266,50.636,-0.027,-0.935,0.354,0,0.354,0.935,-1,0.026,-0.01],"_shiftlockState":false,"_pose":"FreeFall","_animationQueue":[],"_animationSpeed":1,"_zoom":26.32},{"_mousePosition":[694,346],"_rootPartCFrame":[756.923,229.796,50.797,-0.027,0,1,0,1,0,-1,0,-0.027],"_humanoidState":5,"_cameraCFrame":[762.659,246.365,50.641,-0.027,-0.934,0.356,0,0.356,0.935,-1,0.025,-0.01],"_shiftlockState":false,"_pose":"FreeFall","_animationQueue":[],"_animationSpeed":1,"_zoom":26.32},{"_mousePosition":[694,346],"_rootPartCFrame":[756.657,229.896,50.805,-0.027,0,1,0,1,0,-1,0,-0.027],"_humanoidState":5,"_cameraCFrame":[762.422,246.454,50.662,-0.025,-0.934,0.358,0,0.358,0.934,-1,0.023,-0.009],"_shiftlockState":false,"_pose":"FreeFall","_animationQueue":[],"_animationSpeed":1,"_zoom":26.32},{"_mousePosition":[694,346],"_rootPartCFrame":[756.39,229.941,50.812,-0.027,0,1,0,1,0,-1,0,-0.027],"_humanoidState":5,"_cameraCFrame":[762.214,246.477,50.697,-0.02,-0.932,0.361,0,0.361,0.932,-1,0.018,-0.007],"_shiftlockState":false,"_pose":"FreeFall","_animationQueue":[],"_animationSpeed":1,"_zoom":26.32},{"_mousePosition":[694,346],"_rootPartCFrame":[756.124,229.932,50.819,-0.027,0,1,0,1,0,-1,0,-0.027],"_humanoidState":5,"_cameraCFrame":[762.007,246.445,50.747,-0.012,-0.931,0.365,0,0.365,0.931,-1,0.011,-0.004],"_shiftlockState":false,"_pose":"FreeFall","_animationQueue":[],"_animationSpeed":1,"_zoom":26.32},{"_mousePosition":[694,346],"_rootPartCFrame":[755.857,229.869,50.824,-0.026,0,1,0,1,0,-1,0,-0.026],"_humanoidState":5,"_cameraCFrame":[761.799,246.358,50.812,-0.002,-0.93,0.369,0,0.369,0.93,-1,0.002,-0.001],"_shiftlockState":false,"_pose":"FreeFall","_animationQueue":[],"_animationSpeed":1,"_zoom":26.32},{"_mousePosition":[694,346],"_rootPartCFrame":[755.59,229.75,50.828,-0.024,0,1,0,1,0,-1,0,-0.024],"_humanoidState":5,"_cameraCFrame":[761.591,246.217,50.877,0.008,-0.928,0.372,0,0.372,0.928,-1,-0.008,0.003],"_shiftlockState":false,"_pose":"FreeFall","_animationQueue":[],"_animationSpeed":1,"_zoom":26.32},{"_mousePosition":[694,346],"_rootPartCFrame":[755.324,229.578,50.828,-0.022,0,1,0,1,0,-1,0,-0.022],"_humanoidState":5,"_cameraCFrame":[761.353,246.033,50.908,0.013,-0.927,0.374,0,0.374,0.927,-1,-0.012,0.005],"_shiftlockState":false,"_pose":"FreeFall","_animationQueue":[],"_animationSpeed":1,"_zoom":26.32},{"_mousePosition":[694,346],"_rootPartCFrame":[755.057,229.351,50.827,-0.018,0,1,0,1,0,-1,0,-0.018],"_humanoidState":5,"_cameraCFrame":[761.086,245.806,50.922,0.016,-0.927,0.374,0,0.374,0.927,-1,-0.015,0.006],"_shiftlockState":false,"_pose":"FreeFall","_animationQueue":[["fall",0.3]],"_animationSpeed":1,"_zoom":26.32},{"_mousePosition":[694,346],"_rootPartCFrame":[754.791,229.069,50.823,-0.014,0,1,0,1,0,-1,0,-0.014],"_humanoidState":5,"_cameraCFrame":[760.82,245.524,50.918,0.016,-0.927,0.374,0,0.374,0.927,-1,-0.015,0.006],"_shiftlockState":false,"_pose":"FreeFall","_animationQueue":[],"_animationSpeed":1,"_zoom":26.32},{"_mousePosition":[694,346],"_rootPartCFrame":[754.524,228.733,50.819,-0.01,0,1,0,1,0,-1,0,-0.01],"_humanoidState":5,"_cameraCFrame":[760.553,245.188,50.914,0.016,-0.927,0.374,0,0.374,0.927,-1,-0.015,0.006],"_shiftlockState":false,"_pose":"FreeFall","_animationQueue":[],"_animationSpeed":1,"_zoom":26.32},{"_mousePosition":[694,346],"_rootPartCFrame":[754.257,228.342,50.815,-0.006,0,1,0,1,0,-1,0,-0.006],"_humanoidState":5,"_cameraCFrame":[760.287,244.797,50.91,0.016,-0.927,0.374,0,0.374,0.927,-1,-0.015,0.006],"_shiftlockState":false,"_pose":"FreeFall","_animationQueue":[],"_animationSpeed":1,"_zoom":26.32},{"_mousePosition":[694,346],"_rootPartCFrame":[753.991,227.897,50.811,-0.003,0,1,0,1,0,-1,0,-0.003],"_humanoidState":5,"_cameraCFrame":[760.02,244.352,50.906,0.016,-0.927,0.374,0,0.374,0.927,-1,-0.015,0.006],"_shiftlockState":false,"_pose":"FreeFall","_animationQueue":[],"_animationSpeed":1,"_zoom":26.32},{"_mousePosition":[694,346],"_rootPartCFrame":[753.724,227.398,50.807,-0.001,0,1,0,1,0,-1,0,-0.001],"_humanoidState":5,"_cameraCFrame":[759.753,243.853,50.902,0.016,-0.927,0.374,0,0.374,0.927,-1,-0.015,0.006],"_shiftlockState":false,"_pose":"FreeFall","_animationQueue":[],"_animationSpeed":1,"_zoom":26.32},{"_mousePosition":[694,346],"_rootPartCFrame":[753.458,226.844,50.803,0.002,0,1,0,1,0,-1,0,0.002],"_humanoidState":5,"_cameraCFrame":[759.487,243.298,50.897,0.016,-0.927,0.374,0,0.374,0.927,-1,-0.015,0.006],"_shiftlockState":false,"_pose":"FreeFall","_animationQueue":[],"_animationSpeed":1,"_zoom":26.32},{"_mousePosition":[694,346],"_rootPartCFrame":[753.191,226.235,50.798,0.004,0,1,0,1,0,-1,0,0.004],"_humanoidState":5,"_cameraCFrame":[759.22,242.69,50.893,0.016,-0.927,0.374,0,0.374,0.927,-1,-0.015,0.006],"_shiftlockState":false,"_pose":"FreeFall","_animationQueue":[["fall",0.3]],"_animationSpeed":1,"_zoom":26.32},{"_mousePosition":[694,346],"_rootPartCFrame":[752.924,225.572,50.794,0.005,0,1,0,1,0,-1,0,0.005],"_humanoidState":5,"_cameraCFrame":[758.954,242.027,50.889,0.016,-0.927,0.374,0,0.374,0.927,-1,-0.015,0.006],"_shiftlockState":false,"_pose":"FreeFall","_animationQueue":[],"_animationSpeed":1,"_zoom":26.32},{"_mousePosition":[694,346],"_rootPartCFrame":[752.658,224.854,50.79,0.007,0,1,0,1,0,-1,0,0.007],"_humanoidState":5,"_cameraCFrame":[758.687,241.309,50.885,0.016,-0.927,0.374,0,0.374,0.927,-1,-0.015,0.006],"_shiftlockState":false,"_pose":"FreeFall","_animationQueue":[],"_animationSpeed":1,"_zoom":26.32},{"_mousePosition":[694,346],"_rootPartCFrame":[752.391,224.082,50.786,0.008,0,1,0,1,0,-1,0,0.008],"_humanoidState":5,"_cameraCFrame":[758.42,240.537,50.881,0.016,-0.927,0.374,0,0.374,0.927,-1,-0.015,0.006],"_shiftlockState":false,"_pose":"FreeFall","_animationQueue":[],"_animationSpeed":1,"_zoom":26.32},{"_mousePosition":[694,346],"_rootPartCFrame":[752.125,223.256,50.782,0.009,0,1,0,1,0,-1,0,0.009],"_humanoidState":5,"_cameraCFrame":[758.154,239.71,50.877,0.016,-0.927,0.374,0,0.374,0.927,-1,-0.015,0.006],"_shiftlockState":false,"_pose":"FreeFall","_animationQueue":[],"_animationSpeed":1,"_zoom":26.32},{"_mousePosition":[694,346],"_rootPartCFrame":[751.858,222.485,50.649,0.01,0,1,0,1,0,-1,0,0.01],"_humanoidState":7,"_cameraCFrame":[757.887,238.94,50.744,0.016,-0.927,0.374,0,0.374,0.927,-1,-0.015,0.006],"_shiftlockState":false,"_pose":"FreeFall","_animationQueue":[["walk",0.1],["fall",0.3],["fall",0.3]],"_animationSpeed":1,"_zoom":26.32},{"_mousePosition":[694,346],"_rootPartCFrame":[751.591,222.445,50.341,0.011,0,1,0,1,0,-1,0,0.011],"_humanoidState":7,"_cameraCFrame":[757.621,238.9,50.436,0.016,-0.927,0.374,0,0.374,0.927,-1,-0.015,0.006],"_shiftlockState":false,"_pose":"FreeFall","_animationQueue":[],"_animationSpeed":1,"_zoom":26.32},{"_mousePosition":[694,346],"_rootPartCFrame":[751.325,222.54,50.004,0.012,0,1,0,1,0,-1,0,0.012],"_humanoidState":8,"_cameraCFrame":[757.354,238.995,50.099,0.016,-0.927,0.374,0,0.374,0.927,-1,-0.015,0.006],"_shiftlockState":false,"_pose":"Running","_animationQueue":[["fall",0.3],["walk",0.1],["fall",0.3],["walk",0.1]],"_animationSpeed":1.103,"_zoom":26.32},{"_mousePosition":[694,346],"_rootPartCFrame":[751.058,222.611,49.666,0.012,0,1,0,1,0,-1,0,0.012],"_humanoidState":8,"_cameraCFrame":[757.087,239.065,49.761,0.016,-0.927,0.374,0,0.374,0.927,-1,-0.015,0.006],"_shiftlockState":false,"_pose":"Running","_animationQueue":[],"_animationSpeed":1.103,"_zoom":26.32},{"_mousePosition":[694,346],"_rootPartCFrame":[750.792,222.651,49.329,0.013,0,1,0,1,0,-1,0,0.013],"_humanoidState":8,"_cameraCFrame":[756.821,239.106,49.424,0.016,-0.927,0.374,0,0.374,0.927,-1,-0.015,0.006],"_shiftlockState":false,"_pose":"Running","_animationQueue":[],"_animationSpeed":1.103,"_zoom":26.32},{"_mousePosition":[694,346],"_rootPartCFrame":[750.525,222.673,48.991,0.013,0,1,0,1,0,-1,0,0.013],"_humanoidState":8,"_cameraCFrame":[756.554,239.128,49.086,0.016,-0.927,0.374,0,0.374,0.927,-1,-0.015,0.006],"_shiftlockState":false,"_pose":"Running","_animationQueue":[],"_animationSpeed":1.103,"_zoom":26.32},{"_mousePosition":[694,346],"_rootPartCFrame":[750.258,222.685,48.654,0.013,0,1,0,1,0,-1,0,0.013],"_humanoidState":8,"_cameraCFrame":[756.288,239.14,48.749,0.016,-0.927,0.374,0,0.374,0.927,-1,-0.015,0.006],"_shiftlockState":false,"_pose":"Running","_animationQueue":[],"_animationSpeed":1.103,"_zoom":26.32},{"_mousePosition":[694,346],"_rootPartCFrame":[749.992,222.692,48.316,0.014,0,1,0,1,0,-1,0,0.014],"_humanoidState":8,"_cameraCFrame":[756.021,239.146,48.411,0.016,-0.927,0.374,0,0.374,0.927,-1,-0.015,0.006],"_shiftlockState":false,"_pose":"Running","_animationQueue":[],"_animationSpeed":1.103,"_zoom":26.32},{"_mousePosition":[694,346],"_rootPartCFrame":[749.725,222.695,47.979,0.014,0,1,0,1,0,-1,0,0.014],"_humanoidState":8,"_cameraCFrame":[755.754,239.15,48.074,0.016,-0.927,0.374,0,0.374,0.927,-1,-0.015,0.006],"_shiftlockState":false,"_pose":"Running","_animationQueue":[],"_animationSpeed":1.103,"_zoom":26.32},{"_mousePosition":[694,346],"_rootPartCFrame":[749.458,223.568,47.641,0.014,0,1,0,1,0,-1,0,0.014],"_humanoidState":3,"_cameraCFrame":[755.488,240.023,47.736,0.016,-0.927,0.374,0,0.374,0.927,-1,-0.015,0.006],"_shiftlockState":false,"_pose":"Jumping","_animationQueue":[["walk",0.1],["walk",0.1],["jump",0.1]],"_animationSpeed":1,"_zoom":26.32},{"_mousePosition":[694,346],"_rootPartCFrame":[749.192,224.39,47.328,0.015,0,1,0,1,0,-1,0,0.015],"_humanoidState":5,"_cameraCFrame":[755.221,240.845,47.423,0.016,-0.927,0.374,0,0.374,0.927,-1,-0.015,0.006],"_shiftlockState":false,"_pose":"FreeFall","_animationQueue":[["jump",0.1]],"_animationSpeed":1,"_zoom":26.32},{"_mousePosition":[694,346],"_rootPartCFrame":[748.925,225.158,47.055,0.015,0,1,0,1,0,-1,0,0.015],"_humanoidState":5,"_cameraCFrame":[754.955,241.613,47.15,0.016,-0.927,0.374,0,0.374,0.927,-1,-0.015,0.006],"_shiftlockState":false,"_pose":"FreeFall","_animationQueue":[],"_animationSpeed":1,"_zoom":26.32},{"_mousePosition":[694,346],"_rootPartCFrame":[748.659,225.871,46.822,0.015,0,1,0,1,0,-1,0,0.015],"_humanoidState":5,"_cameraCFrame":[754.688,242.326,46.917,0.016,-0.927,0.374,0,0.374,0.927,-1,-0.015,0.006],"_shiftlockState":false,"_pose":"FreeFall","_animationQueue":[],"_animationSpeed":1,"_zoom":26.32},{"_mousePosition":[694,346],"_rootPartCFrame":[748.392,226.529,46.629,0.015,0,1,0,1,0,-1,0,0.015],"_humanoidState":5,"_cameraCFrame":[754.421,242.984,46.724,0.016,-0.927,0.374,0,0.374,0.927,-1,-0.015,0.006],"_shiftlockState":false,"_pose":"FreeFall","_animationQueue":[],"_animationSpeed":1,"_zoom":26.32},{"_mousePosition":[694,346],"_rootPartCFrame":[748.125,227.133,46.475,0.015,0,1,0,1,0,-1,0,0.015],"_humanoidState":5,"_cameraCFrame":[754.155,243.588,46.57,0.016,-0.927,0.374,0,0.374,0.927,-1,-0.015,0.006],"_shiftlockState":false,"_pose":"FreeFall","_animationQueue":[],"_animationSpeed":1,"_zoom":26.32},{"_mousePosition":[694,346],"_rootPartCFrame":[747.859,227.683,46.361,0.015,0,1,0,1,0,-1,0,0.015],"_humanoidState":5,"_cameraCFrame":[753.888,244.138,46.456,0.016,-0.927,0.374,0,0.374,0.927,-1,-0.015,0.006],"_shiftlockState":false,"_pose":"FreeFall","_animationQueue":[],"_animationSpeed":1,"_zoom":26.32},{"_mousePosition":[694,346],"_rootPartCFrame":[747.659,228.059,46.301,0.015,0,1,0,1,0,-1,0,0.015],"_humanoidState":5,"_cameraCFrame":[753.688,244.514,46.396,0.016,-0.927,0.374,0,0.374,0.927,-1,-0.015,0.006],"_shiftlockState":false,"_pose":"FreeFall","_animationQueue":[],"_animationSpeed":1,"_zoom":26.32},{"_mousePosition":[694,346],"_rootPartCFrame":[747.392,228.513,46.257,0.015,0,1,0,1,0,-1,0,0.015],"_humanoidState":5,"_cameraCFrame":[753.422,244.968,46.352,0.016,-0.927,0.374,0,0.374,0.927,-1,-0.015,0.006],"_shiftlockState":false,"_pose":"FreeFall","_animationQueue":[],"_animationSpeed":1,"_zoom":26.32},{"_mousePosition":[694,346],"_rootPartCFrame":[747.059,229.005,46.245,0.015,0,1,0,1,0,-1,0,0.015],"_humanoidState":5,"_cameraCFrame":[753.088,245.459,46.34,0.016,-0.927,0.374,0,0.374,0.927,-1,-0.015,0.006],"_shiftlockState":false,"_pose":"FreeFall","_animationQueue":[],"_animationSpeed":1,"_zoom":26.32},{"_mousePosition":[694,346],"_rootPartCFrame":[746.792,229.336,46.241,0.015,0,1,0,1,0,-1,0,0.015],"_humanoidState":5,"_cameraCFrame":[752.822,245.791,46.336,0.016,-0.927,0.374,0,0.374,0.927,-1,-0.015,0.006],"_shiftlockState":false,"_pose":"FreeFall","_animationQueue":[],"_animationSpeed":1,"_zoom":26.32},{"_mousePosition":[694,346],"_rootPartCFrame":[746.526,229.613,46.237,0.015,0,1,0,1,0,-1,0,0.015],"_humanoidState":5,"_cameraCFrame":[752.555,246.068,46.332,0.016,-0.927,0.374,0,0.374,0.927,-1,-0.015,0.006],"_shiftlockState":false,"_pose":"FreeFall","_animationQueue":[],"_animationSpeed":1,"_zoom":26.32},{"_mousePosition":[694,346],"_rootPartCFrame":[746.259,229.836,46.232,0.016,0,1,0,1,0,-1,0,0.016],"_humanoidState":5,"_cameraCFrame":[752.289,246.29,46.327,0.016,-0.927,0.374,0,0.374,0.927,-1,-0.015,0.006],"_shiftlockState":false,"_pose":"FreeFall","_animationQueue":[],"_animationSpeed":1,"_zoom":26.32},{"_mousePosition":[694,346],"_rootPartCFrame":[745.993,230.004,46.228,0.016,0,1,0,1,0,-1,0,0.016],"_humanoidState":5,"_cameraCFrame":[752.022,246.458,46.323,0.016,-0.927,0.374,0,0.374,0.927,-1,-0.015,0.006],"_shiftlockState":false,"_pose":"FreeFall","_animationQueue":[],"_animationSpeed":1,"_zoom":26.32},{"_mousePosition":[694,346],"_rootPartCFrame":[745.726,230.117,46.224,0.016,0,1,0,1,0,-1,0,0.016],"_humanoidState":5,"_cameraCFrame":[751.755,246.572,46.319,0.016,-0.927,0.374,0,0.374,0.927,-1,-0.015,0.006],"_shiftlockState":false,"_pose":"FreeFall","_animationQueue":[],"_animationSpeed":1,"_zoom":26.32},{"_mousePosition":[694,346],"_rootPartCFrame":[745.459,230.176,46.22,0.016,0,1,0,1,0,-1,0,0.016],"_humanoidState":5,"_cameraCFrame":[751.489,246.631,46.315,0.016,-0.927,0.374,0,0.374,0.927,-1,-0.015,0.006],"_shiftlockState":false,"_pose":"FreeFall","_animationQueue":[],"_animationSpeed":1,"_zoom":26.32},{"_mousePosition":[694,346],"_rootPartCFrame":[745.193,230.181,46.216,0.016,0,1,0,1,0,-1,0,0.016],"_humanoidState":5,"_cameraCFrame":[751.222,246.636,46.311,0.016,-0.927,0.374,0,0.374,0.927,-1,-0.015,0.006],"_shiftlockState":false,"_pose":"FreeFall","_animationQueue":[],"_animationSpeed":1,"_zoom":26.32},{"_mousePosition":[694,346],"_rootPartCFrame":[744.926,230.131,46.211,0.016,0,1,0,1,0,-1,0,0.016],"_humanoidState":5,"_cameraCFrame":[750.956,246.586,46.306,0.016,-0.927,0.374,0,0.374,0.927,-1,-0.015,0.006],"_shiftlockState":false,"_pose":"FreeFall","_animationQueue":[],"_animationSpeed":1,"_zoom":26.32},{"_mousePosition":[694,346],"_rootPartCFrame":[744.66,230.026,46.207,0.016,0,1,0,1,0,-1,0,0.016],"_humanoidState":5,"_cameraCFrame":[750.689,246.481,46.302,0.016,-0.927,0.374,0,0.374,0.927,-1,-0.015,0.006],"_shiftlockState":false,"_pose":"FreeFall","_animationQueue":[],"_animationSpeed":1,"_zoom":26.32},{"_mousePosition":[694,346],"_rootPartCFrame":[744.393,229.867,46.203,0.016,0,1,0,1,0,-1,0,0.016],"_humanoidState":5,"_cameraCFrame":[750.422,246.322,46.298,0.016,-0.927,0.374,0,0.374,0.927,-1,-0.015,0.006],"_shiftlockState":false,"_pose":"FreeFall","_animationQueue":[],"_animationSpeed":1,"_zoom":26.32},{"_mousePosition":[694,346],"_rootPartCFrame":[744.126,229.654,46.199,0.016,0,1,0,1,0,-1,0,0.016],"_humanoidState":5,"_cameraCFrame":[750.156,246.109,46.294,0.016,-0.927,0.374,0,0.374,0.927,-1,-0.015,0.006],"_shiftlockState":false,"_pose":"FreeFall","_animationQueue":[],"_animationSpeed":1,"_zoom":26.32},{"_mousePosition":[694,346],"_rootPartCFrame":[743.86,229.386,46.195,0.016,0,1,0,1,0,-1,0,0.016],"_humanoidState":5,"_cameraCFrame":[749.889,245.841,46.29,0.016,-0.927,0.374,0,0.374,0.927,-1,-0.015,0.006],"_shiftlockState":false,"_pose":"FreeFall","_animationQueue":[["fall",0.3]],"_animationSpeed":1,"_zoom":26.32},{"_mousePosition":[694,346],"_rootPartCFrame":[743.593,229.063,46.19,0.016,0,1,0,1,0,-1,0,0.016],"_humanoidState":5,"_cameraCFrame":[749.622,245.518,46.285,0.016,-0.927,0.374,0,0.374,0.927,-1,-0.015,0.006],"_shiftlockState":false,"_pose":"FreeFall","_animationQueue":[],"_animationSpeed":1,"_zoom":26.32},{"_mousePosition":[694,346],"_rootPartCFrame":[743.327,228.686,46.186,0.016,0,1,0,1,0,-1,0,0.016],"_humanoidState":5,"_cameraCFrame":[749.356,245.141,46.281,0.016,-0.927,0.374,0,0.374,0.927,-1,-0.015,0.006],"_shiftlockState":false,"_pose":"FreeFall","_animationQueue":[],"_animationSpeed":1,"_zoom":26.32},{"_mousePosition":[694,346],"_rootPartCFrame":[743.06,228.255,46.182,0.016,0,1,0,1,0,-1,0,0.016],"_humanoidState":5,"_cameraCFrame":[749.089,244.71,46.277,0.016,-0.927,0.374,0,0.374,0.927,-1,-0.015,0.006],"_shiftlockState":false,"_pose":"FreeFall","_animationQueue":[],"_animationSpeed":1,"_zoom":26.32},{"_mousePosition":[694,346],"_rootPartCFrame":[742.793,227.769,46.178,0.016,0,1,0,1,0,-1,0,0.016],"_humanoidState":5,"_cameraCFrame":[748.823,244.224,46.273,0.016,-0.927,0.374,0,0.374,0.927,-1,-0.015,0.006],"_shiftlockState":false,"_pose":"FreeFall","_animationQueue":[],"_animationSpeed":1,"_zoom":26.32},{"_mousePosition":[694,346],"_rootPartCFrame":[742.527,227.228,46.174,0.016,0,1,0,1,0,-1,0,0.016],"_humanoidState":5,"_cameraCFrame":[748.556,243.683,46.284,0.018,-0.927,0.374,0,0.374,0.927,-1,-0.017,0.007],"_shiftlockState":false,"_pose":"FreeFall","_animationQueue":[],"_animationSpeed":1,"_zoom":26.32},{"_mousePosition":[694,346],"_rootPartCFrame":[742.194,226.476,46.168,0.016,0,1,0,1,0,-1,0,0.016],"_humanoidState":5,"_cameraCFrame":[748.223,242.931,46.279,0.018,-0.927,0.374,0,0.374,0.927,-1,-0.017,0.007],"_shiftlockState":false,"_pose":"FreeFall","_animationQueue":[["fall",0.3]],"_animationSpeed":1,"_zoom":26.32},{"_mousePosition":[694,346],"_rootPartCFrame":[741.994,225.984,46.165,0.016,0,1,0,1,0,-1,0,0.016],"_humanoidState":5,"_cameraCFrame":[748.023,242.439,46.275,0.018,-0.927,0.374,0,0.374,0.927,-1,-0.017,0.007],"_shiftlockState":false,"_pose":"FreeFall","_animationQueue":[],"_animationSpeed":1,"_zoom":26.32},