[{"_mousePosition":[1113,363],"_rootPartCFrame":[776.028,222.95,47.142,0,0,1,0,1,0,-1,0,0],"_humanoidState":8,"_cameraCFrame":[796.662,240.915,46.984,-0.008,-0.624,0.782,0,0.782,0.624,-1,0.005,-0.006],"_shiftlockState":false,"_pose":"Standing","_animationQueue":[],"_animationSpeed":1,"_zoom":26.399},{"_mousePosition":[1066,355],"_rootPartCFrame":[775.91,222.891,47.143,-0.001,0,1,0,1,0,-1,0,-0.001],"_humanoidState":8,"_cameraCFrame":[796.544,240.856,46.985,-0.008,-0.624,0.782,0,0.782,0.624,-1,0.005,-0.006],"_shiftlockState":false,"_pose":"Standing","_animationQueue":[],"_animationSpeed":1,"_zoom":26.399},{"_mousePosition":[1014,348],"_rootPartCFrame":[775.721,222.759,47.302,-0.096,0,0.995,0,1,0,-0.995,0,-0.096],"_humanoidState":8,"_cameraCFrame":[796.355,240.724,47.144,-0.008,-0.624,0.782,0,0.782,0.624,-1,0.005,-0.006],"_shiftlockState":false,"_pose":"Running","_animationQueue":[["walk",0.1]],"_animationSpeed":0.836,"_zoom":26.399},{"_mousePosition":[985,344],"_rootPartCFrame":[775.533,222.651,47.491,-0.189,0,0.982,0,1,0,-0.982,0,-0.189],"_humanoidState":8,"_cameraCFrame":[796.168,240.616,47.333,-0.008,-0.624,0.782,0,0.782,0.624,-1,0.005,-0.006],"_shiftlockState":false,"_pose":"Running","_animationQueue":[["walk",0.1]],"_animationSpeed":1.083,"_zoom":26.399},{"_mousePosition":[913,341],"_rootPartCFrame":[775.346,222.661,47.681,-0.268,0,0.963,0,1,0,-0.963,0,-0.268],"_humanoidState":8,"_cameraCFrame":[795.981,240.626,47.523,-0.008,-0.624,0.782,0,0.782,0.624,-1,0.005,-0.006],"_shiftlockState":false,"_pose":"Running","_animationQueue":[],"_animationSpeed":1.083,"_zoom":26.399},{"_mousePosition":[882,348],"_rootPartCFrame":[775.253,222.669,47.776,-0.302,0,0.953,0,1,0,-0.953,0,-0.302],"_humanoidState":8,"_cameraCFrame":[795.887,240.635,47.618,-0.008,-0.624,0.782,0,0.782,0.624,-1,0.005,-0.006],"_shiftlockState":false,"_pose":"Running","_animationQueue":[],"_animationSpeed":1.083,"_zoom":26.399},{"_mousePosition":[882,348],"_rootPartCFrame":[774.972,222.687,48.061,-0.394,0,0.919,0,1,0,-0.919,0,-0.394],"_humanoidState":8,"_cameraCFrame":[795.055,241.277,46.833,-0.061,-0.646,0.761,0,0.762,0.647,-0.998,0.04,-0.047],"_shiftlockState":false,"_pose":"Running","_animationQueue":[["walk",0.1]],"_animationSpeed":1.083,"_zoom":26.399},{"_mousePosition":[882,348],"_rootPartCFrame":[774.785,222.693,48.251,-0.442,0,0.897,0,1,0,-0.897,0,-0.442],"_humanoidState":8,"_cameraCFrame":[794.196,241.986,46.369,-0.097,-0.671,0.735,0,0.739,0.674,-0.995,0.065,-0.071],"_shiftlockState":false,"_pose":"Running","_animationQueue":[],"_animationSpeed":1.083,"_zoom":26.399},{"_mousePosition":[882,348],"_rootPartCFrame":[774.532,222.696,48.297,-0.403,0,0.915,0,1,0,-0.915,0,-0.403],"_humanoidState":8,"_cameraCFrame":[793.37,242.563,46.131,-0.114,-0.691,0.714,0,0.718,0.696,-0.993,0.079,-0.082],"_shiftlockState":false,"_pose":"Running","_animationQueue":[],"_animationSpeed":1.083,"_zoom":26.399},{"_mousePosition":[882,348],"_rootPartCFrame":[774.267,222.698,48.322,-0.364,0,0.932,0,1,0,-0.932,0,-0.364],"_humanoidState":8,"_cameraCFrame":[792.104,242.865,46.044,-0.127,-0.714,0.688,0,0.694,0.72,-0.992,0.091,-0.088],"_shiftlockState":false,"_pose":"Running","_animationQueue":[],"_animationSpeed":1.083,"_zoom":20.719},{"_mousePosition":[882,348],"_rootPartCFrame":[774.002,222.699,48.352,-0.331,0,0.944,0,1,0,-0.944,0,-0.331],"_humanoidState":8,"_cameraCFrame":[790.677,242.671,46.187,-0.129,-0.733,0.668,0,0.673,0.739,-0.992,0.095,-0.087],"_shiftlockState":false,"_pose":"Running","_animationQueue":[],"_animationSpeed":1.083,"_zoom":20.719},{"_mousePosition":[882,348],"_rootPartCFrame":[773.87,222.699,48.369,-0.317,0,0.948,0,1,0,-0.948,0,-0.317],"_humanoidState":8,"_cameraCFrame":[789.441,242.357,46.43,-0.124,-0.751,0.649,0,0.654,0.757,-0.992,0.094,-0.081],"_shiftlockState":false,"_pose":"Running","_animationQueue":[],"_animationSpeed":1.083,"_zoom":20.719},{"_mousePosition":[882,348],"_rootPartCFrame":[773.473,222.699,48.421,-0.28,0,0.96,0,1,0,-0.96,0,-0.28],"_humanoidState":8,"_cameraCFrame":[787.78,241.935,46.775,-0.114,-0.771,0.626,0,0.63,0.776,-0.993,0.089,-0.072],"_shiftlockState":false,"_pose":"Running","_animationQueue":[["walk",0.1]],"_animationSpeed":1.083,"_zoom":16.175},{"_mousePosition":[882,348],"_rootPartCFrame":[773.208,222.699,48.454,-0.259,0,0.966,0,1,0,-0.966,0,-0.259],"_humanoidState":8,"_cameraCFrame":[786.051,241.292,47.235,-0.094,-0.795,0.6,0,0.602,0.798,-0.996,0.075,-0.057],"_shiftlockState":false,"_pose":"Running","_animationQueue":[],"_animationSpeed":1.083,"_zoom":16.175},{"_mousePosition":[882,348],"_rootPartCFrame":[772.943,222.7,48.484,-0.24,0,0.971,0,1,0,-0.971,0,-0.24],"_humanoidState":8,"_cameraCFrame":[784.313,240.386,47.693,-0.069,-0.816,0.574,0,0.576,0.818,-0.998,0.057,-0.04],"_shiftlockState":false,"_pose":"Running","_animationQueue":[],"_animationSpeed":1.083,"_zoom":12.54},{"_mousePosition":[882,348],"_rootPartCFrame":[772.679,223.562,48.515,-0.22,0,0.975,0,1,0,-0.975,0,-0.22],"_humanoidState":3,"_cameraCFrame":[782.713,240.144,48.007,-0.051,-0.831,0.554,0,0.554,0.832,-0.999,0.042,-0.028],"_shiftlockState":false,"_pose":"Jumping","_animationQueue":[["walk",0.1],["jump",0.1]],"_animationSpeed":1,"_zoom":12.54},{"_mousePosition":[882,348],"_rootPartCFrame":[772.413,224.371,48.535,-0.201,0,0.98,0,1,0,-0.98,0,-0.201],"_humanoidState":5,"_cameraCFrame":[781.43,239.977,48.173,-0.04,-0.842,0.538,0,0.539,0.842,-0.999,0.034,-0.022],"_shiftlockState":false,"_pose":"FreeFall","_animationQueue":[["jump",0.1]],"_animationSpeed":1,"_zoom":12.54},{"_mousePosition":[882,348],"_rootPartCFrame":[772.213,224.941,48.546,-0.186,0,0.983,0,1,0,-0.983,0,-0.186],"_humanoidState":5,"_cameraCFrame":[780.387,239.692,48.261,-0.035,-0.85,0.525,0,0.525,0.851,-0.999,0.03,-0.018],"_shiftlockState":false,"_pose":"FreeFall","_animationQueue":[],"_animationSpeed":1,"_zoom":12.54},{"_mousePosition":[882,348],"_rootPartCFrame":[771.88,225.824,48.56,-0.162,0,0.987,0,1,0,-0.987,0,-0.162],"_humanoidState":5,"_cameraCFrame":[779.386,239.94,48.345,-0.029,-0.859,0.511,0,0.511,0.859,-1,0.025,-0.015],"_shiftlockState":false,"_pose":"FreeFall","_animationQueue":[],"_animationSpeed":1,"_zoom":12.54},{"_mousePosition":[882,348],"_rootPartCFrame":[771.613,226.469,48.569,-0.144,0,0.99,0,1,0,-0.99,0,-0.144],"_humanoidState":5,"_cameraCFrame":[778.553,240.161,48.436,-0.019,-0.869,0.495,0,0.495,0.869,-1,0.017,-0.009],"_shiftlockState":false,"_pose":"FreeFall","_animationQueue":[],"_animationSpeed":1,"_zoom":12.54},{"_mousePosition":[882,348],"_rootPartCFrame":[771.347,227.059,48.577,-0.128,0,0.992,0,1,0,-0.992,0,-0.128],"_humanoidState":5,"_cameraCFrame":[777.907,240.483,48.513,-0.01,-0.876,0.482,0,0.482,0.876,-1,0.009,-0.005],"_shiftlockState":false,"_pose":"FreeFall","_animationQueue":[],"_animationSpeed":1,"_zoom":12.54},{"_mousePosition":[882,348],"_rootPartCFrame":[771.08,227.595,48.583,-0.113,0,0.994,0,1,0,-0.994,0,-0.113],"_humanoidState":5,"_cameraCFrame":[777.318,240.787,48.561,-0.003,-0.882,0.471,0,0.471,0.882,-1,0.003,-0.002],"_shiftlockState":false,"_pose":"FreeFall","_animationQueue":[],"_animationSpeed":1,"_zoom":12.54},{"_mousePosition":[882,348],"_rootPartCFrame":[770.814,228.077,48.586,-0.099,0,0.995,0,1,0,-0.995,0,-0.099],"_humanoidState":5,"_cameraCFrame":[776.878,241.099,48.571,-0.002,-0.885,0.466,0,0.466,0.885,-1,0.002,-0.001],"_shiftlockState":false,"_pose":"FreeFall","_animationQueue":[],"_animationSpeed":1,"_zoom":12.54},{"_mousePosition":[882,348],"_rootPartCFrame":[770.547,228.504,48.587,-0.086,0,0.996,0,1,0,-0.996,0,-0.086],"_humanoidState":5,"_cameraCFrame":[776.458,241.436,48.535,-0.009,-0.888,0.459,0,0.459,0.888,-1,0.008,-0.004],"_shiftlockState":false,"_pose":"FreeFall","_animationQueue":[],"_animationSpeed":1,"_zoom":12.54},{"_mousePosition":[882,348],"_rootPartCFrame":[770.28,228.876,48.588,-0.075,0,0.997,0,1,0,-0.997,0,-0.075],"_humanoidState":5,"_cameraCFrame":[776.06,241.757,48.483,-0.018,-0.891,0.453,0,0.453,0.892,-1,0.016,-0.008],"_shiftlockState":false,"_pose":"FreeFall","_animationQueue":[],"_animationSpeed":1,"_zoom":12.54},{"_mousePosition":[882,348],"_rootPartCFrame":[770.014,229.194,48.59,-0.065,0,0.998,0,1,0,-0.998,0,-0.065],"_humanoidState":5,"_cameraCFrame":[775.664,242.05,48.404,-0.033,-0.895,0.445,0,0.446,0.895,-0.999,0.029,-0.015],"_shiftlockState":false,"_pose":"FreeFall","_animationQueue":[],"_animationSpeed":1,"_zoom":12.54},{"_mousePosition":[882,348],"_rootPartCFrame":[769.747,229.457,48.594,-0.058,0,0.998,0,1,0,-0.998,0,-0.058],"_humanoidState":5,"_cameraCFrame":[775.273,242.321,48.332,-0.047,-0.898,0.437,0,0.438,0.899,-0.999,0.043,-0.021],"_shiftlockState":false,"_pose":"FreeFall","_animationQueue":[],"_animationSpeed":1,"_zoom":12.54},{"_mousePosition":[882,348],"_rootPartCFrame":[769.481,229.666,48.602,-0.054,0,0.999,0,1,0,-0.999,0,-0.054],"_humanoidState":5,"_cameraCFrame":[774.905,242.541,48.259,-0.063,-0.9,0.43,0,0.431,0.902,-0.998,0.057,-0.027],"_shiftlockState":false,"_pose":"FreeFall","_animationQueue":[],"_animationSpeed":1,"_zoom":12.54},{"_mousePosition":[882,348],"_rootPartCFrame":[769.281,229.787,48.611,-0.052,0,0.999,0,1,0,-0.999,0,-0.052],"_humanoidState":5,"_cameraCFrame":[774.636,242.667,48.21,-0.075,-0.902,0.426,0,0.427,0.904,-0.997,0.067,-0.032],"_shiftlockState":false,"_pose":"FreeFall","_animationQueue":[],"_animationSpeed":1,"_zoom":12.54},{"_mousePosition":[882,348],"_rootPartCFrame":[769.015,229.901,48.627,-0.053,0,0.999,0,1,0,-0.999,0,-0.053],"_humanoidState":5,"_cameraCFrame":[774.344,242.776,48.206,-0.079,-0.902,0.424,0,0.425,0.905,-0.997,0.071,-0.034],"_shiftlockState":false,"_pose":"FreeFall","_animationQueue":[],"_animationSpeed":1,"_zoom":12.54},{"_mousePosition":[882,348],"_rootPartCFrame":[768.682,229.966,48.652,-0.056,0,0.998,0,1,0,-0.998,0,-0.056],"_humanoidState":5,"_cameraCFrame":[774.007,242.832,48.231,-0.079,-0.902,0.424,0,0.425,0.905,-0.997,0.071,-0.034],"_shiftlockState":false,"_pose":"FreeFall","_animationQueue":[],"_animationSpeed":1,"_zoom":12.54},{"_mousePosition":[882,348],"_rootPartCFrame":[768.416,229.957,48.673,-0.059,0,0.998,0,1,0,-0.998,0,-0.059],"_humanoidState":5,"_cameraCFrame":[773.739,242.817,48.252,-0.079,-0.902,0.424,0,0.425,0.905,-0.997,0.071,-0.034],"_shiftlockState":false,"_pose":"FreeFall","_animationQueue":[],"_animationSpeed":1,"_zoom":12.54},{"_mousePosition":[882,348],"_rootPartCFrame":[768.217,230.111,48.688,-0.061,0,0.998,0,1,0,-0.998,0,-0.061],"_humanoidState":7,"_cameraCFrame":[773.537,242.968,48.268,-0.079,-0.902,0.424,0,0.425,0.905,-0.997,0.071,-0.034],"_shiftlockState":false,"_pose":"FreeFall","_animationQueue":[["fall",0.3],["walk",0.1],["fall",0.3],["fall",0.3]],"_animationSpeed":1,"_zoom":12.54},{"_mousePosition":[882,348],"_rootPartCFrame":[767.938,230.396,48.55,0.033,0,0.999,0,1,0,-0.999,0,0.033],"_humanoidState":7,"_cameraCFrame":[773.257,243.25,48.13,-0.079,-0.902,0.424,0,0.425,0.905,-0.997,0.071,-0.034],"_shiftlockState":false,"_pose":"FreeFall","_animationQueue":[],"_animationSpeed":1,"_zoom":12.54},{"_mousePosition":[882,348],"_rootPartCFrame":[767.852,230.504,48.389,0.15,0,0.989,0,1,0,-0.989,0,0.15],"_humanoidState":7,"_cameraCFrame":[773.171,243.357,47.968,-0.079,-0.902,0.424,0,0.425,0.905,-0.997,0.071,-0.034],"_shiftlockState":false,"_pose":"FreeFall","_animationQueue":[],"_animationSpeed":1,"_zoom":12.54},{"_mousePosition":[882,348],"_rootPartCFrame":[767.825,230.592,48.126,0.323,0,0.947,0,1,0,-0.947,0,0.323],"_humanoidState":8,"_cameraCFrame":[773.143,243.443,47.706,-0.079,-0.902,0.424,0,0.425,0.905,-0.997,0.071,-0.034],"_shiftlockState":false,"_pose":"Running","_animationQueue":[["walk",0.1],["fall",0.3],["walk",0.1]],"_animationSpeed":1.033,"_zoom":12.54},{"_mousePosition":[882,348],"_rootPartCFrame":[767.804,230.641,47.861,0.467,0,0.884,0,1,0,-0.884,0,0.467],"_humanoidState":8,"_cameraCFrame":[773.121,243.492,47.44,-0.079,-0.902,0.424,0,0.425,0.905,-0.997,0.071,-0.034],"_shiftlockState":false,"_pose":"Running","_animationQueue":[["walk",0.1]],"_animationSpeed":1.102,"_zoom":12.54},{"_mousePosition":[882,348],"_rootPartCFrame":[767.777,231.725,47.528,0.629,0,0.777,0,1,0,-0.777,0,0.629],"_humanoidState":3,"_cameraCFrame":[773.076,244.584,47.109,-0.079,-0.903,0.423,0,0.424,0.906,-0.997,0.071,-0.033],"_shiftlockState":false,"_pose":"Jumping","_animationQueue":[["walk",0.1],["jump",0.1]],"_animationSpeed":1,"_zoom":12.54},{"_mousePosition":[882,348],"_rootPartCFrame":[767.756,232.533,47.262,0.719,0,0.695,0,1,0,-0.695,0,0.719],"_humanoidState":5,"_cameraCFrame":[773.019,245.409,46.846,-0.079,-0.904,0.42,0,0.421,0.907,-0.997,0.071,-0.033],"_shiftlockState":false,"_pose":"FreeFall","_animationQueue":[["jump",0.1]],"_animationSpeed":1,"_zoom":12.54},{"_mousePosition":[882,348],"_rootPartCFrame":[767.735,233.287,46.997,0.784,0,0.62,0,1,0,-0.62,0,0.784],"_humanoidState":5,"_cameraCFrame":[772.97,246.175,46.583,-0.079,-0.905,0.417,0,0.419,0.908,-0.997,0.072,-0.033],"_shiftlockState":false,"_pose":"FreeFall","_animationQueue":[],"_animationSpeed":1,"_zoom":12.54},{"_mousePosition":[882,348],"_rootPartCFrame":[767.72,233.817,46.797,0.822,0,0.569,0,1,0,-0.569,0,0.822],"_humanoidState":5,"_cameraCFrame":[772.909,246.726,46.387,-0.079,-0.907,0.414,0,0.415,0.91,-0.997,0.072,-0.033],"_shiftlockState":false,"_pose":"FreeFall","_animationQueue":[],"_animationSpeed":1,"_zoom":12.54},{"_mousePosition":[882,348],"_rootPartCFrame":[767.693,234.631,46.465,0.871,0,0.492,0,1,0,-0.492,0,0.871],"_humanoidState":5,"_cameraCFrame":[772.855,247.553,46.057,-0.079,-0.908,0.412,0,0.413,0.911,-0.997,0.072,-0.033],"_shiftlockState":false,"_pose":"FreeFall","_animationQueue":[],"_animationSpeed":1,"_zoom":12.54},{"_mousePosition":[882,348],"_rootPartCFrame":[767.673,235.205,46.273,0.918,0.005,0.398,-0.005,1,-0.002,-0.398,0,0.918],"_humanoidState":5,"_cameraCFrame":[772.834,248.131,45.866,-0.079,-0.908,0.411,0,0.412,0.911,-0.997,0.072,-0.032],"_shiftlockState":false,"_pose":"FreeFall","_animationQueue":[],"_animationSpeed":1,"_zoom":12.54},{"_mousePosition":[882,348],"_rootPartCFrame":[767.656,235.561,46.227,0.948,0.009,0.318,-0.008,1,-0.003,-0.318,0,0.948],"_humanoidState":5,"_cameraCFrame":[772.812,248.491,45.821,-0.079,-0.909,0.41,0,0.411,0.911,-0.997,0.072,-0.032],"_shiftlockState":false,"_pose":"FreeFall","_animationQueue":[],"_animationSpeed":1,"_zoom":12.54},{"_mousePosition":[882,348],"_rootPartCFrame":[767.63,235.989,46.132,0.962,0.004,0.273,-0.004,1,-0.001,-0.273,0,0.962],"_humanoidState":5,"_cameraCFrame":[772.779,248.919,45.72,-0.08,-0.909,0.41,0,0.411,0.911,-0.997,0.073,-0.033],"_shiftlockState":false,"_pose":"FreeFall","_animationQueue":[],"_animationSpeed":1,"_zoom":12.54},{"_mousePosition":[882,348],"_rootPartCFrame":[767.584,236.429,46.125,0.977,0.002,0.211,-0.003,1,0.002,-0.211,-0.002,0.977],"_humanoidState":5,"_cameraCFrame":[772.731,249.359,45.709,-0.08,-0.909,0.41,0,0.411,0.911,-0.997,0.073,-0.033],"_shiftlockState":false,"_pose":"FreeFall","_animationQueue":[],"_animationSpeed":1,"_zoom":12.54},{"_mousePosition":[882,348],"_rootPartCFrame":[767.56,236.719,46.098,0.982,0.001,0.189,-0.001,1,0.001,-0.189,-0.001,0.982],"_humanoidState":5,"_cameraCFrame":[772.704,249.649,45.685,-0.08,-0.909,0.41,0,0.411,0.911,-0.997,0.073,-0.033],"_shiftlockState":false,"_pose":"FreeFall","_animationQueue":[],"_animationSpeed":1,"_zoom":12.54},{"_mousePosition":[882,348],"_rootPartCFrame":[767.537,236.955,46.031,0.985,0,0.173,0,1,0,-0.173,0,0.985],"_humanoidState":5,"_cameraCFrame":[772.679,249.885,45.619,-0.08,-0.909,0.41,0,0.411,0.911,-0.997,0.073,-0.033],"_shiftlockState":false,"_pose":"FreeFall","_animationQueue":[],"_animationSpeed":1,"_zoom":12.54},{"_mousePosition":[882,348],"_rootPartCFrame":[767.523,237.099,45.984,0.986,0,0.169,0,1,0,-0.169,0,0.986],"_humanoidState":12,"_cameraCFrame":[772.666,250.029,45.572,-0.08,-0.909,0.41,0,0.411,0.911,-0.997,0.073,-0.033],"_shiftlockState":false,"_pose":"Climbing","_animationQueue":[["walk",0.1],["climb",0.1]],"_animationSpeed":1.077,"_zoom":12.54},{"_mousePosition":[882,348],"_rootPartCFrame":[767.508,237.253,45.906,0.987,0,0.16,0,1,0,-0.16,0,0.987],"_humanoidState":8,"_cameraCFrame":[772.65,250.183,45.494,-0.08,-0.909,0.41,0,0.411,0.911,-0.997,0.073,-0.033],"_shiftlockState":false,"_pose":"Running","_animationQueue":[["walk",0.1],["climb",0.1],["walk",0.1],["walk",0.1]],"_animationSpeed":0.229,"_zoom":12.54},{"_mousePosition":[882,348],"_rootPartCFrame":[767.488,237.725,45.697,0.989,0,0.149,0,1,0,-0.149,0,0.989],"_humanoidState":8,"_cameraCFrame":[772.631,250.655,45.285,-0.08,-0.909,0.41,0,0.411,0.911,-0.997,0.073,-0.033],"_shiftlockState":false,"_pose":"Running","_animationQueue":[["walk",0.1]],"_animationSpeed":0.391,"_zoom":12.54},{"_mousePosition":[882,348],"_rootPartCFrame":[767.467,238.139,45.433,0.99,0,0.14,0,1,0,-0.14,0,0.99],"_humanoidState":8,"_cameraCFrame":[772.61,251.069,45.021,-0.08,-0.909,0.41,0,0.411,0.911,-0.997,0.073,-0.033],"_shiftlockState":false,"_pose":"Running","_animationQueue":[["walk",0.1],["walk",0.1]],"_animationSpeed":1.063,"_zoom":12.54},{"_mousePosition":[882,348],"_rootPartCFrame":[767.446,238.39,45.167,0.991,0,0.131,0,1,0,-0.131,0,0.991],"_humanoidState":8,"_cameraCFrame":[772.588,251.32,44.755,-0.08,-0.909,0.41,0,0.411,0.911,-0.997,0.073,-0.033],"_shiftlockState":false,"_pose":"Running","_animationQueue":[],"_animationSpeed":1.063,"_zoom":12.54},{"_mousePosition":[882,348],"_rootPartCFrame":[767.424,238.53,44.901,0.992,0,0.124,0,1,0,-0.124,0,0.992],"_humanoidState":8,"_cameraCFrame":[772.567,251.46,44.489,-0.08,-0.909,0.41,0,0.411,0.911,-0.997,0.073,-0.033],"_shiftlockState":false,"_pose":"Running","_animationQueue":[],"_animationSpeed":1.063,"_zoom":12.54},{"_mousePosition":[882,348],"_rootPartCFrame":[767.414,238.607,44.776,0.993,0,0.122,0,1,0,-0.122,0,0.993],"_humanoidState":8,"_cameraCFrame":[772.567,251.532,44.374,-0.078,-0.908,0.411,0,0.412,0.911,-0.997,0.071,-0.032],"_shiftlockState":false,"_pose":"Running","_animationQueue":[],"_animationSpeed":1.063,"_zoom":12.54},{"_mousePosition":[882,348],"_rootPartCFrame":[767.414,238.649,44.771,0.993,0,0.122,0,1,0,-0.122,0,0.993],"_humanoidState":8,"_cameraCFrame":[772.588,251.567,44.411,-0.069,-0.908,0.413,0,0.414,0.91,-0.998,0.063,-0.029],"_shiftlockState":false,"_pose":"Running","_animationQueue":[["walk",0.1]],"_animationSpeed":0.251,"_zoom":12.54},{"_mousePosition":[882,348],"_rootPartCFrame":[767.414,239.733,44.77,0.993,0,0.122,0,1,0,-0.122,0,0.993],"_humanoidState":3,"_cameraCFrame":[772.609,252.642,44.447,-0.062,-0.908,0.414,0,0.415,0.91,-0.998,0.056,-0.026],"_shiftlockState":false,"_pose":"Jumping","_animationQueue":[["walk",0.1],["jump",0.1]],"_animationSpeed":1,"_zoom":12.54},{"_mousePosition":[882,348],"_rootPartCFrame":[767.415,240.344,44.784,0.983,0,0.184,0,1,0,-0.184,0,0.983],"_humanoidState":5,"_cameraCFrame":[772.621,253.249,44.498,-0.055,-0.908,0.415,0,0.416,0.909,-0.998,0.05,-0.023],"_shiftlockState":false,"_pose":"FreeFall","_animationQueue":[["jump",0.1]],"_animationSpeed":1,"_zoom":12.54},{"_mousePosition":[882,348],"_rootPartCFrame":[767.42,241.295,44.857,0.942,0,0.336,0,1,0,-0.336,0,0.942],"_humanoidState":5,"_cameraCFrame":[772.628,254.2,44.604,-0.048,-0.908,0.415,0,0.416,0.909,-0.999,0.044,-0.02],"_shiftlockState":false,"_pose":"FreeFall","_animationQueue":[],"_animationSpeed":1,"_zoom":12.54},{"_mousePosition":[882,348],"_rootPartCFrame":[767.424,241.825,44.93,0.904,0,0.428,0,1,0,-0.428,0,0.904],"_humanoidState":5,"_cameraCFrame":[772.625,254.734,44.71,-0.042,-0.909,0.415,0,0.415,0.91,-0.999,0.038,-0.018],"_shiftlockState":false,"_pose":"FreeFall","_animationQueue":[],"_animationSpeed":1,"_zoom":12.54},{"_mousePosition":[882,348],"_rootPartCFrame":[767.432,242.483,45.063,0.839,0,0.544,0,1,0,-0.544,0,0.839],"_humanoidState":5,"_cameraCFrame":[772.633,255.392,44.87,-0.037,-0.909,0.415,0,0.415,0.91,-0.999,0.034,-0.015],"_shiftlockState":false,"_pose":"FreeFall","_animationQueue":[],"_animationSpeed":1,"_zoom":12.54},{"_mousePosition":[882,348],"_rootPartCFrame":[767.441,243.087,45.235,0.759,0,0.651,0,1,0,-0.651,0,0.759],"_humanoidState":5,"_cameraCFrame":[772.634,256.001,45.076,-0.031,-0.91,0.414,0,0.414,0.91,-1,0.028,-0.013],"_shiftlockState":false,"_pose":"FreeFall","_animationQueue":[],"_animationSpeed":1,"_zoom":12.54},{"_mousePosition":[882,348],"_rootPartCFrame":[767.452,243.766,45.506,0.641,0,0.768,0,1,0,-0.768,0,0.641],"_humanoidState":5,"_cameraCFrame":[772.647,256.679,45.38,-0.024,-0.91,0.414,0,0.414,0.91,-1,0.022,-0.01],"_shiftlockState":false,"_pose":"FreeFall","_animationQueue":[],"_animationSpeed":1,"_zoom":12.54},{"_mousePosition":[882,348],"_rootPartCFrame":[767.459,244.132,45.698,0.561,0,0.828,0,1,0,-0.828,0,0.561],"_humanoidState":5,"_cameraCFrame":[772.654,257.045,45.609,-0.017,-0.91,0.414,0,0.414,0.91,-1,0.016,-0.007],"_shiftlockState":false,"_pose":"FreeFall","_animationQueue":[],"_animationSpeed":1,"_zoom":12.54},{"_mousePosition":[882,348],"_rootPartCFrame":[767.467,244.674,46.031,0.416,0,0.909,0,1,0,-0.909,0,0.416],"_humanoidState":5,"_cameraCFrame":[772.654,257.591,45.964,-0.013,-0.91,0.414,0,0.414,0.91,-1,0.012,-0.005],"_shiftlockState":false,"_pose":"FreeFall","_animationQueue":[],"_animationSpeed":1,"_zoom":12.54},{"_mousePosition":[882,348],"_rootPartCFrame":[767.471,244.958,46.231,0.323,0,0.946,0,1,0,-0.946,0,0.323],"_humanoidState":5,"_cameraCFrame":[772.657,257.876,46.169,-0.012,-0.91,0.414,0,0.414,0.91,-1,0.011,-0.005],"_shiftlockState":false,"_pose":"FreeFall","_animationQueue":[],"_animationSpeed":1,"_zoom":12.54},{"_mousePosition":[882,348],"_rootPartCFrame":[767.475,245.29,46.497,0.194,0,0.981,0,1,0,-0.981,0,0.194],"_humanoidState":5,"_cameraCFrame":[772.661,258.207,46.436,-0.012,-0.91,0.414,0,0.414,0.91,-1,0.011,-0.005],"_shiftlockState":false,"_pose":"FreeFall","_animationQueue":[],"_animationSpeed":1,"_zoom":12.54},{"_mousePosition":[882,348],"_rootPartCFrame":[767.478,245.567,46.764,0.062,0,0.998,0,1,0,-0.998,0,0.062],"_humanoidState":5,"_cameraCFrame":[772.664,258.484,46.708,-0.011,-0.91,0.414,0,0.414,0.91,-1,0.01,-0.004],"_shiftlockState":false,"_pose":"FreeFall","_animationQueue":[],"_animationSpeed":1,"_zoom":12.54},{"_mousePosition":[882,348],"_rootPartCFrame":[767.482,245.837,47.097,-0.104,0,0.995,0,1,0,-0.995,0,-0.104],"_humanoidState":5,"_cameraCFrame":[772.668,258.754,47.041,-0.011,-0.91,0.414,0,0.414,0.91,-1,0.01,-0.004],"_shiftlockState":false,"_pose":"FreeFall","_animationQueue":[],"_animationSpeed":1,"_zoom":12.54},{"_mousePosition":[882,348],"_rootPartCFrame":[767.484,245.958,47.297,-0.203,0,0.979,0,1,0,-0.979,0,-0.203],"_humanoidState":5,"_cameraCFrame":[772.67,258.875,47.241,-0.011,-0.91,0.414,0,0.414,0.91,-1,0.01,-0.004],"_shiftlockState":false,"_pose":"FreeFall","_animationQueue":[],"_animationSpeed":1,"_zoom":12.54},{"_mousePosition":[882,348],"_rootPartCFrame":[767.487,246.071,47.564,-0.331,0,0.944,0,1,0,-0.944,0,-0.331],"_humanoidState":5,"_cameraCFrame":[772.673,258.988,47.508,-0.011,-0.91,0.414,0,0.414,0.91,-1,0.01,-0.004],"_shiftlockState":false,"_pose":"FreeFall","_animationQueue":[],"_animationSpeed":1,"_zoom":12.54},{"_mousePosition":[882,348],"_rootPartCFrame":[767.49,246.13,47.831,-0.454,0,0.891,0,1,0,-0.891,0,-0.454],"_humanoidState":5,"_cameraCFrame":[772.676,259.047,47.774,-0.011,-0.91,0.414,0,0.414,0.91,-1,0.01,-0.004],"_shiftlockState":false,"_pose":"FreeFall","_animationQueue":[["fall",0.3]],"_animationSpeed":1,"_zoom":12.54},{"_mousePosition":[882,348],"_rootPartCFrame":[767.493,246.135,48.097,-0.568,0,0.823,0,1,0,-0.823,0,-0.568],"_humanoidState":5,"_cameraCFrame":[772.679,259.052,48.041,-0.011,-0.91,0.414,0,0.414,0.91,-1,0.01,-0.004],"_shiftlockState":false,"_pose":"FreeFall","_animationQueue":[],"_animationSpeed":1,"_zoom":12.54},{"_mousePosition":[882,348],"_rootPartCFrame":[767.496,246.303,48.364,-0.671,0,0.742,0,1,0,-0.742,0,-0.671],"_humanoidState":7,"_cameraCFrame":[772.682,259.221,48.308,-0.011,-0.91,0.414,0,0.414,0.91,-1,0.01,-0.004],"_shiftlockState":false,"_pose":"FreeFall","_animationQueue":[["walk",0.1],["fall",0.3],["fall",0.3]],"_animationSpeed":1,"_zoom":12.54},{"_mousePosition":[882,348],"_rootPartCFrame":[767.499,246.47,48.631,-0.754,0,0.657,0,1,0,-0.657,0,-0.754],"_humanoidState":7,"_cameraCFrame":[772.685,259.387,48.574,-0.011,-0.91,0.414,0,0.414,0.91,-1,0.01,-0.004],"_shiftlockState":false,"_pose":"FreeFall","_animationQueue":[],"_animationSpeed":1,"_zoom":12.54},{"_mousePosition":[882,348],"_rootPartCFrame":[767.502,246.572,48.897,-0.816,0,0.577,0,1,0,-0.577,0,-0.816],"_humanoidState":8,"_cameraCFrame":[772.688,259.489,48.841,-0.011,-0.91,0.414,0,0.414,0.91,-1,0.01,-0.004],"_shiftlockState":false,"_pose":"Running","_animationQueue":[["walk",0.1],["fall",0.3],["walk",0.1]],"_animationSpeed":1.103,"_zoom":12.54},{"_mousePosition":[882,348],"_rootPartCFrame":[767.503,246.64,49.037,-0.627,0,0.779,0,1,0,-0.779,0,-0.627],"_humanoidState":8,"_cameraCFrame":[772.69,259.558,48.981,-0.011,-0.91,0.414,0,0.414,0.91,-1,0.01,-0.004],"_shiftlockState":false,"_pose":"Running","_animationQueue":[],"_animationSpeed":1.103,"_zoom":12.54},{"_mousePosition":[882,348],"_rootPartCFrame":[767.503,247.514,49.047,-0.363,0,0.932,0,1,0,-0.932,0,-0.363],"_humanoidState":3,"_cameraCFrame":[772.69,260.431,48.99,-0.011,-0.91,0.414,0,0.414,0.91,-1,0.01,-0.004],"_shiftlockState":false,"_pose":"Jumping","_animationQueue":[["walk",0.1],["walk",0.1],["jump",0.1]],"_animationSpeed":1,"_zoom":12.54},{"_mousePosition":[882,348],"_rootPartCFrame":[767.503,248.135,49.038,-0.222,0,0.975,0,1,0,-0.975,0,-0.222],"_humanoidState":5,"_cameraCFrame":[772.689,261.053,48.982,-0.011,-0.91,0.414,0,0.414,0.91,-1,0.01,-0.004],"_shiftlockState":false,"_pose":"FreeFall","_animationQueue":[["jump",0.1]],"_animationSpeed":1,"_zoom":12.54},{"_mousePosition":[882,348],"_rootPartCFrame":[767.503,248.916,48.993,-0.079,0,0.997,0,1,0,-0.997,0,-0.079],"_humanoidState":5,"_cameraCFrame":[772.689,261.834,48.937,-0.011,-0.91,0.414,0,0.414,0.91,-1,0.01,-0.004],"_shiftlockState":false,"_pose":"FreeFall","_animationQueue":[],"_animationSpeed":1,"_zoom":12.54},{"_mousePosition":[882,348],"_rootPartCFrame":[767.502,249.643,48.908,0.055,0,0.998,0,1,0,-0.998,0,0.055],"_humanoidState":5,"_cameraCFrame":[772.688,262.56,48.852,-0.011,-0.91,0.414,0,0.414,0.91,-1,0.01,-0.004],"_shiftlockState":false,"_pose":"FreeFall","_animationQueue":[],"_animationSpeed":1,"_zoom":12.54},{"_mousePosition":[882,348],"_rootPartCFrame":[767.5,250.315,48.783,0.187,0,0.982,0,1,0,-0.982,0,0.187],"_humanoidState":5,"_cameraCFrame":[772.687,263.233,48.727,-0.011,-0.91,0.414,0,0.414,0.91,-1,0.01,-0.004],"_shiftlockState":false,"_pose":"FreeFall","_animationQueue":[],"_animationSpeed":1,"_zoom":12.54},{"_mousePosition":[882,348],"_rootPartCFrame":[767.498,250.933,48.618,0.316,0,0.949,0,1,0,-0.949,0,0.316],"_humanoidState":5,"_cameraCFrame":[772.685,263.85,48.562,-0.011,-0.91,0.414,0,0.414,0.91,-1,0.01,-0.004],"_shiftlockState":false,"_pose":"FreeFall","_animationQueue":[],"_animationSpeed":1,"_zoom":12.54},{"_mousePosition":[882,348],"_rootPartCFrame":[767.496,251.496,48.414,0.439,0,0.898,0,1,0,-0.898,0,0.439],"_humanoidState":5,"_cameraCFrame":[772.683,264.413,48.358,-0.011,-0.91,0.414,0,0.414,0.91,-1,0.01,-0.004],"_shiftlockState":false,"_pose":"FreeFall","_animationQueue":[],"_animationSpeed":1,"_zoom":12.54},{"_mousePosition":[882,348],"_rootPartCFrame":[767.494,252.005,48.17,0.555,0,0.832,0,1,0,-0.832,0,0.555],"_humanoidState":5,"_cameraCFrame":[772.68,264.922,48.114,-0.011,-0.91,0.414,0,0.414,0.91,-1,0.01,-0.004],"_shiftlockState":false,"_pose":"FreeFall","_animationQueue":[],"_animationSpeed":1,"_zoom":12.54},{"_mousePosition":[882,348],"_rootPartCFrame":[767.491,252.459,47.904,0.659,0,0.753,0,1,0,-0.753,0,0.659],"_humanoidState":5,"_cameraCFrame":[772.677,265.376,47.848,-0.011,-0.91,0.414,0,0.414,0.91,-1,0.01,-0.004],"_shiftlockState":false,"_pose":"FreeFall","_animationQueue":[],"_animationSpeed":1,"_zoom":12.54},{"_mousePosition":[882,348],"_rootPartCFrame":[767.488,252.858,47.638,0.742,0,0.67,0,1,0,-0.67,0,0.742],"_humanoidState":5,"_cameraCFrame":[772.674,265.776,47.582,-0.011,-0.91,0.414,0,0.414,0.91,-1,0.01,-0.004],"_shiftlockState":false,"_pose":"FreeFall","_animationQueue":[],"_animationSpeed":1,"_zoom":12.54},{"_mousePosition":[882,348],"_rootPartCFrame":[767.484,253.281,47.304,0.821,0,0.571,0,1,0,-0.571,0,0.821],"_humanoidState":5,"_cameraCFrame":[772.671,266.199,47.248,-0.011,-0.91,0.414,0,0.414,0.91,-1,0.01,-0.004],"_shiftlockState":false,"_pose":"FreeFall","_animationQueue":[],"_animationSpeed":1,"_zoom":12.54},{"_mousePosition":[882,348],"_rootPartCFrame":[767.482,253.494,47.104,0.856,0,0.517,0,1,0,-0.517,0,0.856],"_humanoidState":5,"_cameraCFrame":[772.668,266.411,47.048,-0.011,-0.91,0.414,0,0.414,0.91,-1,0.01,-0.004],"_shiftlockState":false,"_pose":"FreeFall","_animationQueue":[],"_animationSpeed":1,"_zoom":12.54},{"_mousePosition":[882,348],"_rootPartCFrame":[767.479,253.73,46.838,0.892,0,0.452,0,1,0,-0.452,0,0.892],"_humanoidState":5,"_cameraCFrame":[772.665,266.648,46.782,-0.011,-0.91,0.414,0,0.414,0.91,-1,0.01,-0.004],"_shiftlockState":false,"_pose":"FreeFall","_animationQueue":[],"_animationSpeed":1,"_zoom":12.54},{"_mousePosition":[882,348],"_rootPartCFrame":[767.476,253.912,46.571,0.919,0,0.393,0,1,0,-0.393,0,0.919],"_humanoidState":5,"_cameraCFrame":[772.662,266.829,46.515,-0.011,-0.91,0.414,0,0.414,0.91,-1,0.01,-0.004],"_shiftlockState":false,"_pose":"FreeFall","_animationQueue":[],"_animationSpeed":1,"_zoom":12.54},{"_mousePosition":[882,348],"_rootPartCFrame":[767.473,254.039,46.305,0.94,0,0.342,0,1,0,-0.342,0,0.94],"_humanoidState":5,"_cameraCFrame":[772.66,266.956,46.248,-0.011,-0.91,0.414,0,0.414,0.91,-1,0.01,-0.004],"_shiftlockState":false,"_pose":"FreeFall","_animationQueue":[],"_animationSpeed":1,"_zoom":12.54},{"_mousePosition":[882,348],"_rootPartCFrame":[767.47,254.112,46.038,0.955,0,0.296,0,1,0,-0.296,0,0.955],"_humanoidState":5,"_cameraCFrame":[772.657,267.029,45.982,-0.011,-0.91,0.414,0,0.414,0.91,-1,0.01,-0.004],"_shiftlockState":false,"_pose":"FreeFall","_animationQueue":[],"_animationSpeed":1,"_zoom":12.54},{"_mousePosition":[882,348],"_rootPartCFrame":[767.467,254.13,45.771,0.966,0,0.257,0,1,0,-0.257,0,0.966],"_humanoidState":5,"_cameraCFrame":[772.654,267.047,45.715,-0.011,-0.91,0.414,0,0.414,0.91,-1,0.01,-0.004],"_shiftlockState":false,"_pose":"FreeFall","_animationQueue":[],"_animationSpeed":1,"_zoom":12.54},{"_mousePosition":[882,348],"_rootPartCFrame":[767.464,254.303,45.505,0.975,0,0.223,0,1,0,-0.223,0,0.975],"_humanoidState":7,"_cameraCFrame":[772.651,267.221,45.448,-0.011,-0.91,0.414,0,0.414,0.91,-1,0.01,-0.004],"_shiftlockState":false,"_pose":"FreeFall","_animationQueue":[["walk",0.1]],"_animationSpeed":1.103,"_zoom":12.54},{"_mousePosition":[882,348],"_rootPartCFrame":[767.461,254.47,45.238,0.981,0,0.193,0,1,0,-0.193,0,0.981],"_humanoidState":7,"_cameraCFrame":[772.648,267.388,45.182,-0.011,-0.91,0.414,0,0.414,0.91,-1,0.01,-0.004],"_shiftlockState":false,"_pose":"FreeFall","_animationQueue":[],"_animationSpeed":1.103,"_zoom":12.54},{"_mousePosition":[882,348],"_rootPartCFrame":[767.46,254.572,45.113,0.983,0,0.186,0,1,0,-0.186,0,0.983],"_humanoidState":8,"_cameraCFrame":[772.646,267.489,45.057,-0.011,-0.91,0.414,0,0.414,0.91,-1,0.01,-0.004],"_shiftlockState":false,"_pose":"Running","_animationQueue":[["walk",0.1],["walk",0.1]],"_animationSpeed":1.103,"_zoom":12.54},{"_mousePosition":[882,348],"_rootPartCFrame":[767.459,255.445,45.052,0.983,0,0.184,0,1,0,-0.184,0,0.983],"_humanoidState":3,"_cameraCFrame":[772.646,268.362,44.996,-0.011,-0.91,0.414,0,0.414,0.91,-1,0.01,-0.004],"_shiftlockState":false,"_pose":"Jumping","_animationQueue":[["walk",0.1],["walk",0.1],["jump",0.1]],"_animationSpeed":1,"_zoom":12.54},{"_mousePosition":[882,348],"_rootPartCFrame":[767.459,256.267,45.016,0.962,0,0.273,0,1,0,-0.273,0,0.962],"_humanoidState":5,"_cameraCFrame":[772.645,269.184,44.96,-0.011,-0.91,0.414,0,0.414,0.91,-1,0.01,-0.004],"_shiftlockState":false,"_pose":"FreeFall","_animationQueue":[["jump",0.1]],"_animationSpeed":1,"_zoom":12.54},{"_mousePosition":[882,348],"_rootPartCFrame":[767.459,257.035,45.02,0.919,0,0.394,0,1,0,-0.394,0,0.919],"_humanoidState":5,"_cameraCFrame":[772.645,269.952,44.964,-0.011,-0.91,0.414,0,0.414,0.91,-1,0.01,-0.004],"_shiftlockState":false,"_pose":"FreeFall","_animationQueue":[],"_animationSpeed":1,"_zoom":12.54},{"_mousePosition":[882,348],"_rootPartCFrame":[767.459,257.748,45.064,0.859,0,0.513,0,1,0,-0.513,0,0.859],"_humanoidState":5,"_cameraCFrame":[772.646,270.665,45.008,-0.011,-0.91,0.414,0,0.414,0.91,-1,0.01,-0.004],"_shiftlockState":false,"_pose":"FreeFall","_animationQueue":[],"_animationSpeed":1,"_zoom":12.54},{"_mousePosition":[882,348],"_rootPartCFrame":[767.46,258.406,45.147,0.783,0,0.622,0,1,0,-0.622,0,0.783],"_humanoidState":5,"_cameraCFrame":[772.647,271.323,45.091,-0.011,-0.91,0.414,0,0.414,0.91,-1,0.01,-0.004],"_shiftlockState":false,"_pose":"FreeFall","_animationQueue":[],"_animationSpeed":1,"_zoom":12.54},{"_mousePosition":[882,348],"_rootPartCFrame":[767.462,259.01,45.27,0.693,0,0.721,0,1,0,-0.721,0,0.693],"_humanoidState":5,"_cameraCFrame":[772.648,271.927,45.214,-0.011,-0.91,0.414,0,0.414,0.91,-1,0.01,-0.004],"_shiftlockState":false,"_pose":"FreeFall","_animationQueue":[],"_animationSpeed":1,"_zoom":12.54},{"_mousePosition":[882,348],"_rootPartCFrame":[767.463,259.56,45.433,0.592,0,0.806,0,1,0,-0.806,0,0.592],"_humanoidState":5,"_cameraCFrame":[772.65,272.477,45.377,-0.011,-0.91,0.414,0,0.414,0.91,-1,0.01,-0.004],"_shiftlockState":false,"_pose":"FreeFall","_animationQueue":[],"_animationSpeed":1,"_zoom":12.54},{"_mousePosition":[882,348],"_rootPartCFrame":[767.466,260.17,45.692,0.45,0,0.893,0,1,0,-0.893,0,0.45],"_humanoidState":5,"_cameraCFrame":[772.653,273.087,45.636,-0.011,-0.91,0.414,0,0.414,0.91,-1,0.01,-0.004],"_shiftlockState":false,"_pose":"FreeFall","_animationQueue":[],"_animationSpeed":1,"_zoom":12.54},{"_mousePosition":[882,348],"_rootPartCFrame":[767.468,260.495,45.878,0.358,0,0.934,0,1,0,-0.934,0,0.358],"_humanoidState":5,"_cameraCFrame":[772.655,273.413,45.822,-0.011,-0.91,0.414,0,0.414,0.91,-1,0.01,-0.004],"_shiftlockState":false,"_pose":"FreeFall","_animationQueue":[],"_animationSpeed":1,"_zoom":12.54},{"_mousePosition":[882,348],"_rootPartCFrame":[767.471,260.881,46.143,0.231,0,0.973,0,1,0,-0.973,0,0.231],"_humanoidState":5,"_cameraCFrame":[772.658,273.799,46.087,-0.011,-0.91,0.414,0,0.414,0.91,-1,0.01,-0.004],"_shiftlockState":false,"_pose":"FreeFall","_animationQueue":[],"_animationSpeed":1,"_zoom":12.54},{"_mousePosition":[882,348],"_rootPartCFrame":[767.474,261.213,46.41,0.1,0,0.995,0,1,0,-0.995,0,0.1],"_humanoidState":5,"_cameraCFrame":[772.661,274.13,46.354,-0.011,-0.91,0.414,0,0.414,0.91,-1,0.01,-0.004],"_shiftlockState":false,"_pose":"FreeFall","_animationQueue":[],"_animationSpeed":1,"_zoom":12.54},{"_mousePosition":[882,348],"_rootPartCFrame":[767.477,261.49,46.676,-0.033,0,0.999,0,1,0,-0.999,0,-0.033],"_humanoidState":5,"_cameraCFrame":[772.664,274.407,46.62,-0.011,-0.91,0.414,0,0.414,0.91,-1,0.01,-0.004],"_shiftlockState":false,"_pose":"FreeFall","_animationQueue":[],"_animationSpeed":1,"_zoom":12.54},{"_mousePosition":[882,348],"_rootPartCFrame":[767.48,261.712,46.943,-0.166,0,0.986,0,1,0,-0.986,0,-0.166],"_humanoidState":5,"_cameraCFrame":[772.666,274.63,46.887,-0.011,-0.91,0.414,0,0.414,0.91,-1,0.01,-0.004],"_shiftlockState":false,"_pose":"FreeFall","_animationQueue":[],"_animationSpeed":1,"_zoom":12.54},{"_mousePosition":[882,348],"_rootPartCFrame":[767.483,261.88,47.21,-0.295,0,0.955,0,1,0,-0.955,0,-0.295],"_humanoidState":5,"_cameraCFrame":[772.669,274.798,47.154,-0.011,-0.91,0.414,0,0.414,0.91,-1,0.01,-0.004],"_shiftlockState":false,"_pose":"FreeFall","_animationQueue":[],"_animationSpeed":1,"_zoom":12.54},{"_mousePosition":[882,348],"_rootPartCFrame":[767.486,261.994,47.476,-0.42,0,0.908,0,1,0,-0.908,0,-0.42],"_humanoidState":5,"_cameraCFrame":[772.672,274.911,47.42,-0.011,-0.91,0.414,0,0.414,0.91,-1,0.01,-0.004],"_shiftlockState":false,"_pose":"FreeFall","_animationQueue":[],"_animationSpeed":1,"_zoom":12.54},{"_mousePosition":[882,348],"_rootPartCFrame":[767.489,262.053,47.743,-0.537,0,0.844,0,1,0,-0.844,0,-0.537],"_humanoidState":5,"_cameraCFrame":[772.675,274.97,47.687,-0.011,-0.91,0.414,0,0.414,0.91,-1,0.01,-0.004],"_shiftlockState":false,"_pose":"FreeFall","_animationQueue":[],"_animationSpeed":1,"_zoom":12.54},{"_mousePosition":[882,348],"_rootPartCFrame":[767.492,262.057,48.01,-0.644,0,0.765,0,1,0,-0.765,0,-0.644],"_humanoidState":5,"_cameraCFrame":[772.678,274.975,47.953,-0.011,-0.91,0.414,0,0.414,0.91,-1,0.01,-0.004],"_shiftlockState":false,"_pose":"FreeFall","_animationQueue":[],"_animationSpeed":1,"_zoom":12.54},{"_mousePosition":[882,348],"_rootPartCFrame":[767.495,262.25,48.276,-0.733,0,0.681,0,1,0,-0.681,0,-0.733],"_humanoidState":7,"_cameraCFrame":[772.681,275.167,48.22,-0.011,-0.91,0.414,0,0.414,0.91,-1,0.01,-0.004],"_shiftlockState":false,"_pose":"FreeFall","_animationQueue":[["walk",0.1]],"_animationSpeed":1.103,"_zoom":12.54},{"_mousePosition":[882,348],"_rootPartCFrame":[767.498,262.439,48.543,-0.801,0,0.599,0,1,0,-0.599,0,-0.801],"_humanoidState":7,"_cameraCFrame":[772.691,275.353,48.493,-0.01,-0.91,0.414,0,0.414,0.91,-1,0.009,-0.004],"_shiftlockState":false,"_pose":"FreeFall","_animationQueue":[["walk",0.1],["walk",0.1],["fall",0.3]],"_animationSpeed":1,"_zoom":12.54},{"_mousePosition":[882,348],"_rootPartCFrame":[767.5,262.575,48.683,-0.61,0,0.793,0,1,0,-0.793,0,-0.61],"_humanoidState":7,"_cameraCFrame":[772.692,275.49,48.633,-0.01,-0.91,0.414,0,0.414,0.91,-1,0.009,-0.004],"_shiftlockState":false,"_pose":"FreeFall","_animationQueue":[["fall",0.3]],"_animationSpeed":1,"_zoom":12.54},{"_mousePosition":[882,348],"_rootPartCFrame":[767.498,262.632,48.564,-0.351,0,0.937,0,1,0,-0.937,0,-0.351],"_humanoidState":8,"_cameraCFrame":[772.691,275.546,48.513,-0.01,-0.91,0.414,0,0.414,0.91,-1,0.009,-0.004],"_shiftlockState":false,"_pose":"Running","_animationQueue":[["walk",0.1],["fall",0.3],["walk",0.1]],"_animationSpeed":0.038,"_zoom":12.54},{"_mousePosition":[882,348],"_rootPartCFrame":[767.497,263.291,48.416,-0.136,0,0.991,0,1,0,-0.991,0,-0.136],"_humanoidState":3,"_cameraCFrame":[772.69,276.205,48.366,-0.01,-0.91,0.414,0,0.414,0.91,-1,0.009,-0.004],"_shiftlockState":false,"_pose":"Jumping","_animationQueue":[["walk",0.1],["jump",0.1]],"_animationSpeed":1,"_zoom":12.54},{"_mousePosition":[882,348],"_rootPartCFrame":[767.495,264.126,48.194,0.047,0,0.999,0,1,0,-0.999,0,0.047],"_humanoidState":5,"_cameraCFrame":[772.688,277.041,48.144,-0.01,-0.91,0.414,0,0.414,0.91,-1,0.009,-0.004],"_shiftlockState":false,"_pose":"FreeFall","_animationQueue":[["jump",0.1]],"_animationSpeed":1,"_zoom":12.54},{"_mousePosition":[882,348],"_rootPartCFrame":[767.492,264.908,47.937,0.185,0,0.983,0,1,0,-0.983,0,0.185],"_humanoidState":5,"_cameraCFrame":[772.685,277.822,47.886,-0.01,-0.91,0.414,0,0.414,0.91,-1,0.009,-0.004],"_shiftlockState":false,"_pose":"FreeFall","_animationQueue":[],"_animationSpeed":1,"_zoom":12.54},{"_mousePosition":[882,348],"_rootPartCFrame":[767.49,265.634,47.67,0.315,0,0.949,0,1,0,-0.949,0,0.315],"_humanoidState":5,"_cameraCFrame":[772.683,278.548,47.62,-0.01,-0.91,0.414,0,0.414,0.91,-1,0.009,-0.004],"_shiftlockState":false,"_pose":"FreeFall","_animationQueue":[],"_animationSpeed":1,"_zoom":12.54},{"_mousePosition":[882,348],"_rootPartCFrame":[767.487,266.306,47.403,0.438,0,0.899,0,1,0,-0.899,0,0.438],"_humanoidState":5,"_cameraCFrame":[772.68,279.221,47.353,-0.01,-0.91,0.414,0,0.414,0.91,-1,0.009,-0.004],"_shiftlockState":false,"_pose":"FreeFall","_animationQueue":[],"_animationSpeed":1,"_zoom":12.54},{"_mousePosition":[882,348],"_rootPartCFrame":[767.484,267.07,47.07,0.581,0,0.814,0,1,0,-0.814,0,0.581],"_humanoidState":5,"_cameraCFrame":[772.677,279.984,47.02,-0.01,-0.91,0.414,0,0.414,0.91,-1,0.009,-0.004],"_shiftlockState":false,"_pose":"FreeFall","_animationQueue":[],"_animationSpeed":1,"_zoom":12.54},{"_mousePosition":[882,348],"_rootPartCFrame":[767.482,267.487,46.87,0.657,0,0.754,0