[{"_mousePosition":[1117,368],"_rootPartCFrame":[776.035,222.972,47.142,-0.002,-0.008,1,0,1,0.008,-1,0,-0.002],"_humanoidState":8,"_cameraCFrame":[781.493,240.247,36.48,-0.89,-0.363,0.276,0,0.605,0.796,-0.456,0.709,-0.538],"_shiftlockState":false,"_pose":"Standing","_animationQueue":[],"_animationSpeed":1,"_zoom":19.81},{"_mousePosition":[1111,370],"_rootPartCFrame":[775.766,222.811,47.004,0.076,0,0.997,0,1,0,-0.997,0,0.076],"_humanoidState":8,"_cameraCFrame":[781.235,240.086,36.342,-0.89,-0.363,0.276,0,0.605,0.796,-0.456,0.709,-0.538],"_shiftlockState":false,"_pose":"Standing","_animationQueue":[],"_animationSpeed":1,"_zoom":19.81},{"_mousePosition":[1085,379],"_rootPartCFrame":[775.647,222.728,46.943,0.104,0,0.995,0,1,0,-0.995,0,0.104],"_humanoidState":8,"_cameraCFrame":[781.117,240.003,36.281,-0.89,-0.363,0.276,0,0.605,0.796,-0.456,0.709,-0.538],"_shiftlockState":false,"_pose":"Running","_animationQueue":[["walk",0.1]],"_animationSpeed":1.091,"_zoom":19.81},{"_mousePosition":[1081,381],"_rootPartCFrame":[775.291,222.623,46.76,0.177,0,0.984,0,1,0,-0.984,0,0.177],"_humanoidState":8,"_cameraCFrame":[780.761,239.897,36.098,-0.89,-0.363,0.276,0,0.605,0.796,-0.456,0.709,-0.538],"_shiftlockState":false,"_pose":"Running","_animationQueue":[],"_animationSpeed":1.091,"_zoom":19.81},{"_mousePosition":[1054,393],"_rootPartCFrame":[775.172,222.638,46.699,0.197,0,0.98,0,1,0,-0.98,0,0.197],"_humanoidState":8,"_cameraCFrame":[780.642,239.912,36.038,-0.89,-0.363,0.276,0,0.605,0.796,-0.456,0.709,-0.538],"_shiftlockState":false,"_pose":"Running","_animationQueue":[],"_animationSpeed":1.091,"_zoom":19.81},{"_mousePosition":[1048,397],"_rootPartCFrame":[774.816,222.673,46.517,0.252,0,0.968,0,1,0,-0.968,0,0.252],"_humanoidState":8,"_cameraCFrame":[778.729,239.948,35.056,-0.89,-0.363,0.276,0,0.605,0.796,-0.456,0.709,-0.538],"_shiftlockState":true,"_pose":"Running","_animationQueue":[],"_animationSpeed":1.091,"_zoom":19.81},{"_mousePosition":[683,384],"_rootPartCFrame":[774.638,222.683,46.426,-0.904,0,0.428,0,1,0,-0.428,0,-0.904],"_humanoidState":8,"_cameraCFrame":[778.551,239.958,34.965,-0.89,-0.363,0.276,0,0.605,0.796,-0.456,0.709,-0.538],"_shiftlockState":true,"_pose":"Running","_animationQueue":[],"_animationSpeed":1.091,"_zoom":19.81},{"_mousePosition":[683,384],"_rootPartCFrame":[774.342,222.692,46.273,-0.899,0,0.438,0,1,0,-0.438,0,-0.899],"_humanoidState":8,"_cameraCFrame":[777.8,240.148,34.919,-0.903,-0.346,0.254,0,0.593,0.805,-0.429,0.728,-0.535],"_shiftlockState":true,"_pose":"Running","_animationQueue":[],"_animationSpeed":1.091,"_zoom":19.81},{"_mousePosition":[683,384],"_rootPartCFrame":[774.164,222.695,46.182,-0.904,0,0.428,0,1,0,-0.428,0,-0.904],"_humanoidState":8,"_cameraCFrame":[777.054,240.403,35.027,-0.919,-0.323,0.227,0,0.575,0.818,-0.395,0.752,-0.528],"_shiftlockState":true,"_pose":"Running","_animationQueue":[],"_animationSpeed":1.091,"_zoom":19.81},{"_mousePosition":[683,384],"_rootPartCFrame":[773.923,222.697,46.067,-0.919,0,0.395,0,1,0,-0.395,0,-0.919],"_humanoidState":8,"_cameraCFrame":[776.374,240.614,35.113,-0.93,-0.305,0.206,0,0.56,0.829,-0.368,0.771,-0.52],"_shiftlockState":true,"_pose":"Running","_animationQueue":[["walk",0.1]],"_animationSpeed":1.091,"_zoom":19.81},{"_mousePosition":[683,384],"_rootPartCFrame":[773.618,222.698,45.934,-0.93,0,0.368,0,1,0,-0.368,0,-0.93],"_humanoidState":8,"_cameraCFrame":[775.573,240.552,35.455,-0.94,-0.288,0.185,0,0.541,0.841,-0.342,0.79,-0.508],"_shiftlockState":true,"_pose":"Running","_animationQueue":[],"_animationSpeed":1.091,"_zoom":15.448},{"_mousePosition":[683,384],"_rootPartCFrame":[773.37,222.699,45.834,-0.94,0,0.342,0,1,0,-0.342,0,-0.94],"_humanoidState":8,"_cameraCFrame":[774.894,239.864,36.095,-0.945,-0.278,0.172,0,0.527,0.85,-0.328,0.803,-0.497],"_shiftlockState":true,"_pose":"Running","_animationQueue":[],"_animationSpeed":1.091,"_zoom":11.958},{"_mousePosition":[683,384],"_rootPartCFrame":[773.12,222.699,45.742,-0.945,0,0.328,0,1,0,-0.328,0,-0.945],"_humanoidState":8,"_cameraCFrame":[774.308,238.902,36.773,-0.947,-0.274,0.166,0,0.517,0.856,-0.321,0.811,-0.49],"_shiftlockState":true,"_pose":"Running","_animationQueue":[],"_animationSpeed":1.091,"_zoom":11.958},{"_mousePosition":[683,384],"_rootPartCFrame":[772.868,222.699,45.654,-0.947,0,0.321,0,1,0,-0.321,0,-0.947],"_humanoidState":8,"_cameraCFrame":[773.689,237.726,37.589,-0.95,-0.271,0.158,0,0.505,0.863,-0.314,0.82,-0.48],"_shiftlockState":true,"_pose":"Running","_animationQueue":[],"_animationSpeed":1.091,"_zoom":9.167},{"_mousePosition":[683,384],"_rootPartCFrame":[772.616,222.7,45.568,-0.95,0,0.314,0,1,0,-0.314,0,-0.95],"_humanoidState":8,"_cameraCFrame":[773.079,236.6,38.376,-0.952,-0.265,0.15,0,0.491,0.871,-0.305,0.83,-0.468],"_shiftlockState":true,"_pose":"Running","_animationQueue":[],"_animationSpeed":1.091,"_zoom":9.167},{"_mousePosition":[683,384],"_rootPartCFrame":[772.363,222.7,45.485,-0.952,0,0.305,0,1,0,-0.305,0,-0.952],"_humanoidState":8,"_cameraCFrame":[772.52,235.468,39.08,-0.955,-0.26,0.142,0,0.48,0.877,-0.297,0.838,-0.458],"_shiftlockState":true,"_pose":"Running","_animationQueue":[["walk",0.1]],"_animationSpeed":1.091,"_zoom":9.167},{"_mousePosition":[683,384],"_rootPartCFrame":[772.109,222.7,45.403,-0.955,0,0.297,0,1,0,-0.297,0,-0.955],"_humanoidState":8,"_cameraCFrame":[772.03,234.692,39.602,-0.957,-0.255,0.135,0,0.466,0.885,-0.289,0.847,-0.446],"_shiftlockState":true,"_pose":"Running","_animationQueue":[],"_animationSpeed":1.091,"_zoom":9.167},{"_mousePosition":[683,384],"_rootPartCFrame":[771.918,222.7,45.343,-0.957,0,0.289,0,1,0,-0.289,0,-0.957],"_humanoidState":8,"_cameraCFrame":[771.627,234.08,40.067,-0.96,-0.249,0.126,0,0.451,0.893,-0.279,0.857,-0.433],"_shiftlockState":true,"_pose":"Running","_animationQueue":[],"_animationSpeed":1.091,"_zoom":9.167},{"_mousePosition":[683,384],"_rootPartCFrame":[771.663,222.7,45.266,-0.96,0,0.279,0,1,0,-0.279,0,-0.96],"_humanoidState":8,"_cameraCFrame":[771.202,233.692,40.436,-0.963,-0.244,0.116,0,0.43,0.903,-0.271,0.869,-0.414],"_shiftlockState":true,"_pose":"Running","_animationQueue":[],"_animationSpeed":1.091,"_zoom":9.167},{"_mousePosition":[683,384],"_rootPartCFrame":[771.344,223.77,45.17,-0.963,0,0.271,0,1,0,-0.271,0,-0.963],"_humanoidState":3,"_cameraCFrame":[770.748,234.458,40.726,-0.964,-0.241,0.108,0,0.41,0.912,-0.265,0.88,-0.395],"_shiftlockState":true,"_pose":"Jumping","_animationQueue":[["walk",0.1],["jump",0.1]],"_animationSpeed":1,"_zoom":9.167},{"_mousePosition":[683,384],"_rootPartCFrame":[771.087,224.564,45.097,-0.936,0,0.352,0,1,0,-0.352,0,-0.936],"_humanoidState":5,"_cameraCFrame":[770.396,235.096,40.941,-0.965,-0.24,0.102,0,0.391,0.921,-0.26,0.889,-0.377],"_shiftlockState":true,"_pose":"FreeFall","_animationQueue":[["jump",0.1]],"_animationSpeed":1,"_zoom":9.167},{"_mousePosition":[683,384],"_rootPartCFrame":[770.894,225.125,45.044,-0.936,0,0.351,0,1,0,-0.351,0,-0.936],"_humanoidState":5,"_cameraCFrame":[770.13,235.532,41.127,-0.966,-0.24,0.097,0,0.373,0.928,-0.258,0.896,-0.361],"_shiftlockState":true,"_pose":"FreeFall","_animationQueue":[],"_animationSpeed":1,"_zoom":9.167},{"_mousePosition":[683,384],"_rootPartCFrame":[770.637,225.824,44.974,-0.923,0,0.384,0,1,0,-0.384,0,-0.923],"_humanoidState":5,"_cameraCFrame":[769.817,236.167,41.28,-0.966,-0.243,0.092,0,0.355,0.935,-0.259,0.903,-0.343],"_shiftlockState":true,"_pose":"FreeFall","_animationQueue":[],"_animationSpeed":1,"_zoom":9.167},{"_mousePosition":[683,384],"_rootPartCFrame":[770.315,226.622,44.888,-0.909,0,0.416,0,1,0,-0.416,0,-0.909],"_humanoidState":5,"_cameraCFrame":[769.477,236.924,41.351,-0.964,-0.251,0.091,0,0.34,0.94,-0.267,0.906,-0.328],"_shiftlockState":true,"_pose":"FreeFall","_animationQueue":[],"_animationSpeed":1,"_zoom":9.167},{"_mousePosition":[683,384],"_rootPartCFrame":[770.122,227.059,44.836,-0.932,0,0.361,0,1,0,-0.361,0,-0.932],"_humanoidState":5,"_cameraCFrame":[769.279,237.303,41.319,-0.964,-0.251,0.091,0,0.34,0.94,-0.267,0.906,-0.328],"_shiftlockState":true,"_pose":"FreeFall","_animationQueue":[],"_animationSpeed":1,"_zoom":9.167},{"_mousePosition":[683,384],"_rootPartCFrame":[769.865,227.595,44.765,-0.92,0,0.392,0,1,0,-0.392,0,-0.92],"_humanoidState":5,"_cameraCFrame":[769.017,237.797,41.263,-0.964,-0.251,0.091,0,0.34,0.94,-0.267,0.906,-0.328],"_shiftlockState":true,"_pose":"FreeFall","_animationQueue":[],"_animationSpeed":1,"_zoom":9.167},{"_mousePosition":[683,384],"_rootPartCFrame":[769.543,228.189,44.676,-0.906,0,0.423,0,1,0,-0.423,0,-0.906],"_humanoidState":5,"_cameraCFrame":[768.693,238.363,41.184,-0.964,-0.251,0.091,0,0.34,0.94,-0.267,0.906,-0.328],"_shiftlockState":true,"_pose":"FreeFall","_animationQueue":[],"_animationSpeed":1,"_zoom":9.167},{"_mousePosition":[683,384],"_rootPartCFrame":[769.35,228.504,44.623,-0.932,0,0.361,0,1,0,-0.361,0,-0.932],"_humanoidState":5,"_cameraCFrame":[768.499,238.659,41.137,-0.964,-0.251,0.091,0,0.34,0.94,-0.267,0.906,-0.328],"_shiftlockState":true,"_pose":"FreeFall","_animationQueue":[],"_animationSpeed":1,"_zoom":9.167},{"_mousePosition":[683,384],"_rootPartCFrame":[769.093,228.876,44.552,-0.92,0,0.392,0,1,0,-0.392,0,-0.92],"_humanoidState":5,"_cameraCFrame":[768.24,239.019,41.07,-0.964,-0.251,0.091,0,0.34,0.94,-0.267,0.906,-0.328],"_shiftlockState":true,"_pose":"FreeFall","_animationQueue":[],"_animationSpeed":1,"_zoom":9.167},{"_mousePosition":[683,384],"_rootPartCFrame":[768.836,229.194,44.481,-0.92,0,0.392,0,1,0,-0.392,0,-0.92],"_humanoidState":5,"_cameraCFrame":[767.983,239.33,41.002,-0.964,-0.251,0.091,0,0.34,0.94,-0.267,0.906,-0.328],"_shiftlockState":true,"_pose":"FreeFall","_animationQueue":[],"_animationSpeed":1,"_zoom":9.167},{"_mousePosition":[683,384],"_rootPartCFrame":[768.579,229.457,44.41,-0.92,0,0.392,0,1,0,-0.392,0,-0.92],"_humanoidState":5,"_cameraCFrame":[767.725,239.587,40.933,-0.964,-0.251,0.091,0,0.34,0.94,-0.267,0.906,-0.328],"_shiftlockState":true,"_pose":"FreeFall","_animationQueue":[],"_animationSpeed":1,"_zoom":9.167},{"_mousePosition":[683,384],"_rootPartCFrame":[768.322,229.666,44.339,-0.92,0,0.392,0,1,0,-0.392,0,-0.92],"_humanoidState":5,"_cameraCFrame":[767.468,239.792,40.863,-0.964,-0.251,0.091,0,0.34,0.94,-0.267,0.906,-0.328],"_shiftlockState":true,"_pose":"FreeFall","_animationQueue":[],"_animationSpeed":1,"_zoom":9.167},{"_mousePosition":[683,384],"_rootPartCFrame":[768.065,229.821,44.268,-0.92,0,0.392,0,1,0,-0.392,0,-0.92],"_humanoidState":5,"_cameraCFrame":[767.21,239.945,40.793,-0.964,-0.251,0.091,0,0.34,0.94,-0.267,0.906,-0.328],"_shiftlockState":true,"_pose":"FreeFall","_animationQueue":[],"_animationSpeed":1,"_zoom":9.167},{"_mousePosition":[683,384],"_rootPartCFrame":[767.744,229.937,44.179,-0.906,0,0.423,0,1,0,-0.423,0,-0.906],"_humanoidState":5,"_cameraCFrame":[766.889,240.054,40.692,-0.964,-0.25,0.091,0,0.342,0.94,-0.266,0.906,-0.33],"_shiftlockState":true,"_pose":"FreeFall","_animationQueue":[],"_animationSpeed":1,"_zoom":9.167},{"_mousePosition":[683,384],"_rootPartCFrame":[767.551,229.966,44.125,-0.933,0,0.36,0,1,0,-0.36,0,-0.933],"_humanoidState":5,"_cameraCFrame":[766.695,240.036,40.527,-0.967,-0.24,0.091,0,0.355,0.935,-0.256,0.903,-0.344],"_shiftlockState":true,"_pose":"FreeFall","_animationQueue":[],"_animationSpeed":1,"_zoom":9.167},{"_mousePosition":[683,384],"_rootPartCFrame":[767.23,229.946,44.037,-0.911,0,0.413,0,1,0,-0.413,0,-0.911],"_humanoidState":5,"_cameraCFrame":[766.345,239.989,40.383,-0.97,-0.228,0.089,0,0.363,0.932,-0.244,0.904,-0.352],"_shiftlockState":true,"_pose":"FreeFall","_animationQueue":[["fall",0.3]],"_animationSpeed":1,"_zoom":9.167},{"_mousePosition":[683,384],"_rootPartCFrame":[766.972,229.869,43.968,-0.929,0,0.371,0,1,0,-0.371,0,-0.929],"_humanoidState":5,"_cameraCFrame":[766.082,239.908,40.309,-0.97,-0.226,0.088,0,0.364,0.932,-0.242,0.904,-0.353],"_shiftlockState":true,"_pose":"FreeFall","_animationQueue":[],"_animationSpeed":1,"_zoom":9.167},{"_mousePosition":[683,384],"_rootPartCFrame":[766.778,229.775,43.919,-0.941,0,0.338,0,1,0,-0.338,0,-0.941],"_humanoidState":5,"_cameraCFrame":[765.888,239.815,40.26,-0.97,-0.226,0.088,0,0.364,0.932,-0.242,0.904,-0.353],"_shiftlockState":true,"_pose":"FreeFall","_animationQueue":[],"_animationSpeed":1,"_zoom":9.167},{"_mousePosition":[683,384],"_rootPartCFrame":[766.519,229.603,43.854,-0.929,0,0.369,0,1,0,-0.369,0,-0.929],"_humanoidState":5,"_cameraCFrame":[765.626,239.647,40.209,-0.97,-0.226,0.088,0,0.362,0.932,-0.242,0.904,-0.351],"_shiftlockState":true,"_pose":"FreeFall","_animationQueue":[],"_animationSpeed":1,"_zoom":9.167},{"_mousePosition":[683,384],"_rootPartCFrame":[766.131,229.241,43.757,-0.903,0,0.43,0,1,0,-0.43,0,-0.903],"_humanoidState":5,"_cameraCFrame":[765.232,239.289,40.119,-0.97,-0.225,0.087,0,0.361,0.932,-0.241,0.905,-0.351],"_shiftlockState":true,"_pose":"FreeFall","_animationQueue":[],"_animationSpeed":1,"_zoom":9.167},{"_mousePosition":[683,384],"_rootPartCFrame":[766.002,229.094,43.725,-0.952,0,0.305,0,1,0,-0.305,0,-0.952],"_humanoidState":5,"_cameraCFrame":[765.096,239.152,40.114,-0.97,-0.225,0.086,0,0.358,0.934,-0.241,0.906,-0.348],"_shiftlockState":true,"_pose":"FreeFall","_animationQueue":[],"_animationSpeed":1,"_zoom":9.167},{"_mousePosition":[683,384],"_rootPartCFrame":[765.743,228.758,43.661,-0.93,0,0.368,0,1,0,-0.368,0,-0.93],"_humanoidState":5,"_cameraCFrame":[764.84,238.823,40.068,-0.97,-0.227,0.087,0,0.356,0.934,-0.243,0.906,-0.345],"_shiftlockState":true,"_pose":"FreeFall","_animationQueue":[],"_animationSpeed":1,"_zoom":9.167},{"_mousePosition":[683,384],"_rootPartCFrame":[765.484,228.367,43.596,-0.929,0,0.37,0,1,0,-0.37,0,-0.929],"_humanoidState":5,"_cameraCFrame":[764.613,238.441,40.014,-0.967,-0.237,0.09,0,0.354,0.935,-0.253,0.905,-0.342],"_shiftlockState":true,"_pose":"FreeFall","_animationQueue":[["fall",0.3]],"_animationSpeed":1,"_zoom":9.167},{"_mousePosition":[683,384],"_rootPartCFrame":[765.161,227.802,43.515,-0.912,0,0.41,0,1,0,-0.41,0,-0.912],"_humanoidState":5,"_cameraCFrame":[764.35,237.886,39.944,-0.962,-0.254,0.095,0,0.351,0.936,-0.272,0.901,-0.338],"_shiftlockState":true,"_pose":"FreeFall","_animationQueue":[],"_animationSpeed":1,"_zoom":9.167},{"_mousePosition":[683,384],"_rootPartCFrame":[764.967,227.422,43.465,-0.931,0,0.366,0,1,0,-0.366,0,-0.931],"_humanoidState":5,"_cameraCFrame":[764.246,237.517,39.9,-0.955,-0.279,0.104,0,0.348,0.938,-0.298,0.895,-0.332],"_shiftlockState":true,"_pose":"FreeFall","_animationQueue":[],"_animationSpeed":1,"_zoom":9.167},{"_mousePosition":[683,384],"_rootPartCFrame":[764.71,226.868,43.393,-0.907,0,0.422,0,1,0,-0.422,0,-0.907],"_humanoidState":5,"_cameraCFrame":[764.1,236.973,39.832,-0.944,-0.309,0.114,0,0.345,0.939,-0.329,0.886,-0.326],"_shiftlockState":true,"_pose":"FreeFall","_animationQueue":[],"_animationSpeed":1,"_zoom":9.167},{"_mousePosition":[683,384],"_rootPartCFrame":[764.456,226.26,43.315,-0.892,0,0.452,0,1,0,-0.452,0,-0.892],"_humanoidState":5,"_cameraCFrame":[764.01,236.374,39.754,-0.927,-0.353,0.128,0,0.342,0.94,-0.376,0.871,-0.317],"_shiftlockState":true,"_pose":"FreeFall","_animationQueue":[],"_animationSpeed":1,"_zoom":9.167},{"_mousePosition":[683,384],"_rootPartCFrame":[764.203,225.597,43.228,-0.869,0,0.495,0,1,0,-0.495,0,-0.869],"_humanoidState":5,"_cameraCFrame":[763.964,235.724,39.678,-0.902,-0.407,0.146,0,0.338,0.941,-0.432,0.849,-0.305],"_shiftlockState":true,"_pose":"FreeFall","_animationQueue":[],"_animationSpeed":1,"_zoom":9.167},{"_mousePosition":[683,384],"_rootPartCFrame":[763.955,224.879,43.13,-0.836,0,0.548,0,1,0,-0.548,0,-0.836],"_humanoidState":5,"_cameraCFrame":[763.949,235.023,39.614,-0.868,-0.468,0.165,0,0.333,0.943,-0.496,0.819,-0.289],"_shiftlockState":true,"_pose":"FreeFall","_animationQueue":[["fall",0.3]],"_animationSpeed":1,"_zoom":9.167},{"_mousePosition":[683,384],"_rootPartCFrame":[763.714,224.107,43.017,-0.795,0,0.607,0,1,0,-0.607,0,-0.795],"_humanoidState":5,"_cameraCFrame":[763.908,234.271,39.555,-0.834,-0.522,0.18,0,0.327,0.945,-0.552,0.788,-0.272],"_shiftlockState":true,"_pose":"FreeFall","_animationQueue":[],"_animationSpeed":1,"_zoom":9.167},{"_mousePosition":[683,384],"_rootPartCFrame":[763.481,223.28,42.888,-0.753,0,0.658,0,1,0,-0.658,0,-0.753],"_humanoidState":5,"_cameraCFrame":[763.859,233.459,39.477,-0.799,-0.57,0.194,0,0.322,0.947,-0.602,0.756,-0.257],"_shiftlockState":true,"_pose":"FreeFall","_animationQueue":[],"_animationSpeed":1,"_zoom":9.167},{"_mousePosition":[683,384],"_rootPartCFrame":[763.201,222.455,42.707,-0.772,0,0.636,0,1,0,-0.636,0,-0.772],"_humanoidState":7,"_cameraCFrame":[763.669,232.645,39.337,-0.779,-0.595,0.2,0,0.318,0.948,-0.627,0.738,-0.248],"_shiftlockState":true,"_pose":"FreeFall","_animationQueue":[["walk",0.1],["fall",0.3],["fall",0.3]],"_animationSpeed":1,"_zoom":9.167},{"_mousePosition":[683,384],"_rootPartCFrame":[763.04,222.46,42.588,-0.777,0,0.629,0,1,0,-0.629,0,-0.777],"_humanoidState":7,"_cameraCFrame":[763.536,232.66,39.247,-0.77,-0.605,0.201,0,0.315,0.949,-0.638,0.731,-0.243],"_shiftlockState":true,"_pose":"FreeFall","_animationQueue":[],"_animationSpeed":1,"_zoom":9.167},{"_mousePosition":[683,384],"_rootPartCFrame":[762.832,222.549,42.422,-0.77,0,0.638,0,1,0,-0.638,0,-0.77],"_humanoidState":8,"_cameraCFrame":[763.334,232.758,39.106,-0.765,-0.611,0.201,0,0.312,0.95,-0.644,0.727,-0.239],"_shiftlockState":true,"_pose":"Running","_animationQueue":[["walk",0.1],["fall",0.3],["walk",0.1]],"_animationSpeed":1.103,"_zoom":9.167},{"_mousePosition":[683,384],"_rootPartCFrame":[762.626,222.615,42.252,-0.765,0,0.644,0,1,0,-0.644,0,-0.765],"_humanoidState":8,"_cameraCFrame":[763.12,232.833,38.959,-0.763,-0.614,0.2,0,0.309,0.951,-0.646,0.726,-0.236],"_shiftlockState":true,"_pose":"Running","_animationQueue":[],"_animationSpeed":1.103,"_zoom":9.167},{"_mousePosition":[683,384],"_rootPartCFrame":[762.32,222.666,41.995,-0.763,0,0.646,0,1,0,-0.646,0,-0.763],"_humanoidState":8,"_cameraCFrame":[762.788,232.895,38.728,-0.764,-0.614,0.197,0,0.305,0.952,-0.645,0.728,-0.233],"_shiftlockState":true,"_pose":"Running","_animationQueue":[["walk",0.1]],"_animationSpeed":1.103,"_zoom":9.167},{"_mousePosition":[683,384],"_rootPartCFrame":[762.167,223.325,41.866,-0.764,0,0.645,0,1,0,-0.645,0,-0.764],"_humanoidState":3,"_cameraCFrame":[762.555,233.579,38.655,-0.77,-0.609,0.189,0,0.297,0.955,-0.638,0.735,-0.229],"_shiftlockState":true,"_pose":"Jumping","_animationQueue":[["walk",0.1],["jump",0.1]],"_animationSpeed":1,"_zoom":9.167},{"_mousePosition":[683,384],"_rootPartCFrame":[761.912,224.361,41.651,-0.686,0,0.728,0,1,0,-0.728,0,-0.686],"_humanoidState":5,"_cameraCFrame":[762.19,234.641,38.5,-0.781,-0.598,0.179,0,0.288,0.958,-0.624,0.748,-0.225],"_shiftlockState":true,"_pose":"FreeFall","_animationQueue":[["jump",0.1]],"_animationSpeed":1,"_zoom":9.167},{"_mousePosition":[683,384],"_rootPartCFrame":[761.758,224.942,41.523,-0.717,0,0.697,0,1,0,-0.697,0,-0.717],"_humanoidState":5,"_cameraCFrame":[761.903,235.251,38.445,-0.795,-0.582,0.168,0,0.277,0.961,-0.606,0.764,-0.22],"_shiftlockState":true,"_pose":"FreeFall","_animationQueue":[],"_animationSpeed":1,"_zoom":9.167},{"_mousePosition":[683,384],"_rootPartCFrame":[761.55,225.669,41.356,-0.708,0,0.706,0,1,0,-0.706,0,-0.708],"_humanoidState":5,"_cameraCFrame":[761.58,236.002,38.345,-0.808,-0.568,0.158,0,0.267,0.964,-0.589,0.779,-0.216],"_shiftlockState":true,"_pose":"FreeFall","_animationQueue":[],"_animationSpeed":1,"_zoom":9.167},{"_mousePosition":[683,384],"_rootPartCFrame":[761.339,226.341,41.194,-0.723,0,0.691,0,1,0,-0.691,0,-0.723],"_humanoidState":5,"_cameraCFrame":[761.236,236.701,38.265,-0.823,-0.55,0.146,0,0.256,0.967,-0.569,0.795,-0.211],"_shiftlockState":true,"_pose":"FreeFall","_animationQueue":[],"_animationSpeed":1,"_zoom":9.167},{"_mousePosition":[683,384],"_rootPartCFrame":[761.07,227.104,40.997,-0.717,0,0.697,0,1,0,-0.697,0,-0.717],"_humanoidState":5,"_cameraCFrame":[760.844,237.487,38.143,-0.837,-0.53,0.135,0,0.247,0.969,-0.547,0.811,-0.207],"_shiftlockState":true,"_pose":"FreeFall","_animationQueue":[],"_animationSpeed":1,"_zoom":9.167},{"_mousePosition":[683,384],"_rootPartCFrame":[760.906,227.522,40.882,-0.778,0,0.628,0,1,0,-0.628,0,-0.778],"_humanoidState":5,"_cameraCFrame":[760.57,237.922,38.096,-0.851,-0.51,0.126,0,0.239,0.971,-0.526,0.826,-0.204],"_shiftlockState":true,"_pose":"FreeFall","_animationQueue":[],"_animationSpeed":1,"_zoom":9.167},{"_mousePosition":[683,384],"_rootPartCFrame":[760.683,228.03,40.735,-0.773,0,0.634,0,1,0,-0.634,0,-0.773],"_humanoidState":5,"_cameraCFrame":[760.237,238.445,38.01,-0.866,-0.487,0.117,0,0.233,0.972,-0.501,0.842,-0.202],"_shiftlockState":true,"_pose":"FreeFall","_animationQueue":[],"_animationSpeed":1,"_zoom":9.167},{"_mousePosition":[683,384],"_rootPartCFrame":[760.457,228.484,40.594,-0.792,0,0.611,0,1,0,-0.611,0,-0.792],"_humanoidState":5,"_cameraCFrame":[759.883,238.911,37.933,-0.884,-0.454,0.106,0,0.228,0.974,-0.467,0.861,-0.201],"_shiftlockState":true,"_pose":"FreeFall","_animationQueue":[],"_animationSpeed":1,"_zoom":9.167},{"_mousePosition":[683,384],"_rootPartCFrame":[760.227,228.884,40.46,-0.815,0,0.58,0,1,0,-0.58,0,-0.815],"_humanoidState":5,"_cameraCFrame":[759.527,239.315,37.846,-0.904,-0.416,0.096,0,0.225,0.974,-0.427,0.881,-0.204],"_shiftlockState":true,"_pose":"FreeFall","_animationQueue":[],"_animationSpeed":1,"_zoom":9.167},{"_mousePosition":[683,384],"_rootPartCFrame":[759.992,229.229,40.334,-0.839,0,0.544,0,1,0,-0.544,0,-0.839],"_humanoidState":5,"_cameraCFrame":[759.161,239.659,37.753,-0.925,-0.371,0.086,0,0.226,0.974,-0.38,0.901,-0.209],"_shiftlockState":true,"_pose":"FreeFall","_animationQueue":[],"_animationSpeed":1,"_zoom":9.167},{"_mousePosition":[683,384],"_rootPartCFrame":[759.691,229.584,40.19,-0.849,0,0.528,0,1,0,-0.528,0,-0.849],"_humanoidState":5,"_cameraCFrame":[758.736,240.005,37.623,-0.944,-0.322,0.076,0,0.23,0.973,-0.33,0.919,-0.217],"_shiftlockState":true,"_pose":"FreeFall","_animationQueue":[],"_animationSpeed":1,"_zoom":9.167},{"_mousePosition":[683,384],"_rootPartCFrame":[759.507,229.756,40.112,-0.906,0,0.423,0,1,0,-0.423,0,-0.906],"_humanoidState":5,"_cameraCFrame":[758.412,240.167,37.565,-0.962,-0.266,0.064,0,0.235,0.972,-0.274,0.935,-0.226],"_shiftlockState":true,"_pose":"FreeFall","_animationQueue":[],"_animationSpeed":1,"_zoom":9.167},{"_mousePosition":[683,384],"_rootPartCFrame":[759.193,229.974,40,-0.903,0,0.429,0,1,0,-0.429,0,-0.903],"_humanoidState":5,"_cameraCFrame":[757.974,240.371,37.46,-0.975,-0.214,0.053,0,0.241,0.971,-0.221,0.947,-0.235],"_shiftlockState":true,"_pose":"FreeFall","_animationQueue":[],"_animationSpeed":1,"_zoom":9.167},{"_mousePosition":[683,384],"_rootPartCFrame":[758.944,230.088,39.937,-0.942,0,0.335,0,1,0,-0.335,0,-0.942],"_humanoidState":5,"_cameraCFrame":[757.612,240.472,37.409,-0.985,-0.168,0.043,0,0.246,0.969,-0.174,0.954,-0.243],"_shiftlockState":true,"_pose":"FreeFall","_animationQueue":[],"_animationSpeed":1,"_zoom":9.167},{"_mousePosition":[683,384],"_rootPartCFrame":[758.698,230.147,39.913,-0.959,0,0.283,0,1,0,-0.283,0,-0.959],"_humanoidState":5,"_cameraCFrame":[757.235,240.511,37.386,-0.993,-0.114,0.03,0,0.255,0.967,-0.118,0.96,-0.253],"_shiftlockState":true,"_pose":"FreeFall","_animationQueue":[],"_animationSpeed":1,"_zoom":9.167},{"_mousePosition":[683,384],"_rootPartCFrame":[758.459,230.152,39.928,-0.974,0,0.228,0,1,0,-0.228,0,-0.974],"_humanoidState":5,"_cameraCFrame":[756.856,240.489,37.392,-0.998,-0.057,0.016,0,0.266,0.964,-0.059,0.962,-0.265],"_shiftlockState":true,"_pose":"FreeFall","_animationQueue":[],"_animationSpeed":1,"_zoom":9.167},{"_mousePosition":[683,384],"_rootPartCFrame":[758.284,230.119,39.965,-0.99,0,0.143,0,1,0,-0.143,0,-0.99],"_humanoidState":5,"_cameraCFrame":[756.549,240.428,37.418,-1,-0.006,0.002,0,0.277,0.961,-0.006,0.961,-0.277],"_shiftlockState":true,"_pose":"FreeFall","_animationQueue":[],"_animationSpeed":1,"_zoom":9.167},{"_mousePosition":[683,384],"_rootPartCFrame":[758.059,230.028,40.048,-0.993,0,0.118,0,1,0,-0.118,0,-0.993],"_humanoidState":5,"_cameraCFrame":[756.173,240.299,37.478,-0.999,0.049,-0.015,0,0.291,0.957,0.052,0.956,-0.29],"_shiftlockState":true,"_pose":"FreeFall","_animationQueue":[["fall",0.3]],"_animationSpeed":1,"_zoom":9.167},{"_mousePosition":[683,384],"_rootPartCFrame":[757.846,229.883,40.169,-0.998,0,0.06,0,1,0,-0.06,0,-0.998],"_humanoidState":5,"_cameraCFrame":[755.838,240.126,37.595,-0.995,0.092,-0.029,0,0.301,0.954,0.097,0.949,-0.299],"_shiftlockState":true,"_pose":"FreeFall","_animationQueue":[],"_animationSpeed":1,"_zoom":9.167},{"_mousePosition":[683,384],"_rootPartCFrame":[757.618,229.625,40.357,-0.999,0,-0.055,0,1,0,0.055,0,-0.999],"_humanoidState":5,"_cameraCFrame":[755.482,239.829,37.756,-0.99,0.133,-0.044,0,0.314,0.95,0.14,0.94,-0.311],"_shiftlockState":true,"_pose":"FreeFall","_animationQueue":[],"_animationSpeed":1,"_zoom":9.167},{"_mousePosition":[683,384],"_rootPartCFrame":[757.474,229.357,40.529,-0.991,0,-0.132,0,1,0,0.132,0,-0.991],"_humanoidState":5,"_cameraCFrame":[755.217,239.513,37.872,-0.984,0.168,-0.058,0,0.329,0.944,0.177,0.929,-0.324],"_shiftlockState":true,"_pose":"FreeFall","_animationQueue":[],"_animationSpeed":1,"_zoom":9.167},{"_mousePosition":[683,384],"_rootPartCFrame":[757.39,229.12,40.671,-0.985,0,-0.173,0,1,0,0.173,0,-0.985],"_humanoidState":5,"_cameraCFrame":[754.99,239.217,37.945,-0.976,0.204,-0.075,0,0.347,0.938,0.217,0.915,-0.339],"_shiftlockState":true,"_pose":"FreeFall","_animationQueue":[],"_animationSpeed":1,"_zoom":9.167},{"_mousePosition":[683,384],"_rootPartCFrame":[757.309,228.757,40.874,-0.977,0,-0.212,0,1,0,0.212,0,-0.977],"_humanoidState":5,"_cameraCFrame":[754.82,238.811,38.097,-0.971,0.224,-0.086,0,0.359,0.933,0.24,0.906,-0.349],"_shiftlockState":true,"_pose":"FreeFall","_animationQueue":[],"_animationSpeed":1,"_zoom":9.167},{"_mousePosition":[683,384],"_rootPartCFrame":[757.264,228.339,41.093,-0.972,0,-0.236,0,1,0,0.236,0,-0.972],"_humanoidState":5,"_cameraCFrame":[754.726,238.361,38.262,-0.968,0.233,-0.092,0,0.368,0.93,0.25,0.9,-0.357],"_shiftlockState":true,"_pose":"FreeFall","_animationQueue":[],"_animationSpeed":1,"_zoom":9.167},{"_mousePosition":[683,384],"_rootPartCFrame":[757.256,227.866,41.325,-0.969,0,-0.248,0,1,0,0.248,0,-0.969],"_humanoidState":5,"_cameraCFrame":[754.713,237.881,38.475,-0.968,0.232,-0.093,0,0.37,0.929,0.25,0.899,-0.359],"_shiftlockState":true,"_pose":"FreeFall","_animationQueue":[["fall",0.3]],"_animationSpeed":1,"_zoom":9.167},{"_mousePosition":[683,384],"_rootPartCFrame":[757.234,227.215,41.533,-0.994,0.004,-0.113,0.005,1,0,0.113,-0.001,-0.994],"_humanoidState":5,"_cameraCFrame":[754.697,237.23,38.681,-0.968,0.232,-0.093,0,0.37,0.929,0.25,0.899,-0.359],"_shiftlockState":true,"_pose":"FreeFall","_animationQueue":[],"_animationSpeed":1,"_zoom":9.167},{"_mousePosition":[683,384],"_rootPartCFrame":[757.217,226.798,41.495,-0.988,0.004,-0.155,0.004,1,0,0.155,-0.001,-0.988],"_humanoidState":5,"_cameraCFrame":[754.68,236.812,38.644,-0.968,0.232,-0.093,0,0.37,0.929,0.25,0.899,-0.359],"_shiftlockState":true,"_pose":"FreeFall","_animationQueue":[],"_animationSpeed":1,"_zoom":9.167},{"_mousePosition":[683,384],"_rootPartCFrame":[757.211,226.194,41.474,-0.99,0.002,-0.142,0.002,1,0,0.142,-0.001,-0.99],"_humanoidState":5,"_cameraCFrame":[754.667,236.208,38.625,-0.968,0.233,-0.093,0,0.37,0.929,0.251,0.899,-0.359],"_shiftlockState":true,"_pose":"FreeFall","_animationQueue":[],"_animationSpeed":1,"_zoom":9.167},{"_mousePosition":[683,384],"_rootPartCFrame":[757.19,225.362,41.448,-0.993,0,-0.121,0,1,0,0.121,0,-0.993],"_humanoidState":5,"_cameraCFrame":[754.644,235.376,38.601,-0.968,0.233,-0.093,0,0.37,0.929,0.251,0.899,-0.359],"_shiftlockState":true,"_pose":"FreeFall","_animationQueue":[],"_animationSpeed":1,"_zoom":9.167},{"_mousePosition":[683,384],"_rootPartCFrame":[757.172,224.822,41.432,-0.985,0,-0.174,0,1,0,0.174,0,-0.985],"_humanoidState":5,"_cameraCFrame":[754.631,234.831,38.563,-0.969,0.23,-0.092,0,0.372,0.928,0.248,0.899,-0.36],"_shiftlockState":true,"_pose":"FreeFall","_animationQueue":[],"_animationSpeed":1,"_zoom":9.167},{"_mousePosition":[683,384],"_rootPartCFrame":[757.13,224.054,41.441,-0.989,0,-0.146,0,1,0,0.146,0,-0.989],"_humanoidState":5,"_cameraCFrame":[754.958,233.94,37.969,-0.993,0.107,-0.047,0,0.404,0.915,0.117,0.908,-0.401],"_shiftlockState":true,"_pose":"FreeFall","_animationQueue":[],"_animationSpeed":1,"_zoom":9.167},{"_mousePosition":[683,384],"_rootPartCFrame":[757.056,223.018,41.502,-1,0,-0.003,0,1,0,0.003,0,-1],"_humanoidState":5,"_cameraCFrame":[755.838,232.855,37.49,-0.991,-0.123,0.056,0,0.416,0.91,-0.135,0.901,-0.412],"_shiftlockState":true,"_pose":"FreeFall","_animationQueue":[["fall",0.3]],"_animationSpeed":1,"_zoom":9.167},{"_mousePosition":[683,384],"_rootPartCFrame":[756.936,222.144,41.452,-0.984,-0.001,0.178,-0.005,1,-0.024,-0.178,-0.024,-0.984],"_humanoidState":5,"_cameraCFrame":[756.702,232.065,37.4,-0.924,-0.351,0.151,0,0.395,0.919,-0.382,0.849,-0.365],"_shiftlockState":true,"_pose":"FreeFall","_animationQueue":[],"_animationSpeed":1,"_zoom":9.167},{"_mousePosition":[683,384],"_rootPartCFrame":[756.811,222.071,41.311,-0.931,-0.001,0.364,-0.007,1,-0.014,-0.364,-0.016,-0.931],"_humanoidState":7,"_cameraCFrame":[756.769,232.133,37.576,-0.887,-0.432,0.165,0,0.357,0.934,-0.462,0.828,-0.317],"_shiftlockState":true,"_pose":"FreeFall","_animationQueue":[["walk",0.1],["fall",0.3],["fall",0.3]],"_animationSpeed":1,"_zoom":9.167},{"_mousePosition":[683,384],"_rootPartCFrame":[756.601,222.149,41.27,-0.902,0.007,0.431,-0.001,1,-0.019,-0.431,-0.018,-0.902],"_humanoidState":7,"_cameraCFrame":[756.105,232.4,38.042,-0.916,-0.383,0.119,0,0.298,0.955,-0.402,0.874,-0.272],"_shiftlockState":true,"_pose":"FreeFall","_animationQueue":[],"_animationSpeed":1,"_zoom":9.167},{"_mousePosition":[683,384],"_rootPartCFrame":[756.472,222.153,41.288,-0.918,0.004,0.396,0.002,1,-0.005,-0.396,-0.004,-0.918],"_humanoidState":7,"_cameraCFrame":[755.535,232.528,38.555,-0.95,-0.304,0.078,0,0.25,0.968,-0.314,0.919,-0.238],"_shiftlockState":true,"_pose":"FreeFall","_animationQueue":[],"_animationSpeed":1,"_zoom":9.167},{"_mousePosition":[683,384],"_rootPartCFrame":[756.323,222.111,41.308,-0.95,0,0.312,0.001,1,0.004,-0.312,0.004,-0.95],"_humanoidState":8,"_cameraCFrame":[755.136,232.555,38.93,-0.968,-0.246,0.055,0,0.219,0.976,-0.252,0.944,-0.212],"_shiftlockState":true,"_pose":"Running","_animationQueue":[["walk",0.1],["fall",0.3],["walk",0.1]],"_animationSpeed":0.731,"_zoom":9.167},{"_mousePosition":[683,384],"_rootPartCFrame":[756.19,222.994,41.324,-0.968,-0.002,0.252,-0.001,1,0.005,-0.252,0.005,-0.968],"_humanoidState":3,"_cameraCFrame":[754.882,233.489,39.214,-0.974,-0.222,0.044,0,0.193,0.981,-0.226,0.956,-0.188],"_shiftlockState":true,"_pose":"Jumping","_animationQueue":[["walk",0.1],["jump",0.1]],"_animationSpeed":1,"_zoom":9.167},{"_mousePosition":[683,384],"_rootPartCFrame":[755.994,224.047,41.322,-0.939,-0.001,0.344,0,1,0.002,-0.344,0.002,-0.939],"_humanoidState":5,"_cameraCFrame":[754.649,234.556,39.293,-0.976,-0.212,0.04,0,0.185,0.983,-0.216,0.96,-0.181],"_shiftlockState":true,"_pose":"FreeFall","_animationQueue":[["jump",0.1]],"_animationSpeed":1,"_zoom":9.167},{"_mousePosition":[683,384],"_rootPartCFrame":[755.851,224.638,41.306,-0.951,0,0.31,0,1,0.001,-0.31,0.001,-0.951],"_humanoidState":5,"_cameraCFrame":[754.463,235.155,39.341,-0.98,-0.195,0.036,0,0.18,0.984,-0.198,0.964,-0.177],"_shiftlockState":true,"_pose":"FreeFall","_animationQueue":[],"_animationSpeed":1,"_zoom":9.167},{"_mousePosition":[683,384],"_rootPartCFrame":[755.568,225.555,41.256,-0.934,0,0.358,0,1,0,-0.358,0,-0.934],"_humanoidState":5,"_cameraCFrame":[754.145,236.072,39.315,-0.984,-0.178,0.033,0,0.18,0.984,-0.181,0.967,-0.177],"_shiftlockState":true,"_pose":"FreeFall","_animationQueue":[],"_animationSpeed":1,"_zoom":9.167},{"_mousePosition":[683,384],"_rootPartCFrame":[755.374,226.064,41.217,-0.961,0,0.278,0,1,0,-0.278,0,-0.961],"_humanoidState":5,"_cameraCFrame":[753.927,236.573,39.257,-0.986,-0.161,0.03,0,0.185,0.983,-0.164,0.969,-0.182],"_shiftlockState":true,"_pose":"FreeFall","_animationQueue":[],"_animationSpeed":1,"_zoom":9.167},{"_mousePosition":[683,384],"_rootPartCFrame":[755.112,226.695,41.168,-0.956,0,0.294,0,1,0,-0.294,0,-0.956],"_humanoidState":5,"_cameraCFrame":[753.644,237.189,39.154,-0.989,-0.145,0.029,0,0.194,0.981,-0.148,0.97,-0.192],"_shiftlockState":true,"_pose":"FreeFall","_animationQueue":[],"_animationSpeed":1,"_zoom":9.167},{"_mousePosition":[683,384],"_rootPartCFrame":[754.85,227.272,41.123,-0.961,0,0.278,0,1,0,-0.278,0,-0.961],"_humanoidState":5,"_cameraCFrame":[753.362,237.749,39.052,-0.991,-0.131,0.027,0,0.202,0.979,-0.133,0.971,-0.201],"_shiftlockState":true,"_pose":"FreeFall","_animationQueue":[],"_animationSpeed":1,"_zoom":9.167},{"_mousePosition":[683,384],"_rootPartCFrame":[754.52,227.917,41.073,-0.955,0,0.296,0,1,0,-0.296,0,-0.955],"_humanoidState":5,"_cameraCFrame":[753.014,238.382,38.963,-0.993,-0.118,0.025,0,0.209,0.978,-0.121,0.971,-0.207],"_shiftlockState":true,"_pose":"FreeFall","_animationQueue":[],"_animationSpeed":1,"_zoom":9.167},{"_mousePosition":[683,384],"_rootPartCFrame":[754.322,228.262,41.046,-0.976,0,0.219,0,1,0,-0.219,0,-0.976],"_humanoidState":5,"_cameraCFrame":[752.79,238.718,38.915,-0.994,-0.104,0.023,0,0.213,0.977,-0.106,0.971,-0.212],"_shiftlockState":true,"_pose":"FreeFall","_animationQueue":[],"_animationSpeed":1,"_zoom":9.167},{"_mousePosition":[683,384],"_rootPartCFrame":[753.991,228.77,41.005,-0.963,0,0.27,0,1,0,-0.27,0,-0.963],"_humanoidState":5,"_cameraCFrame":[752.435,239.224,38.885,-0.995,-0.093,0.02,0,0.214,0.977,-0.095,0.972,-0.213],"_shiftlockState":true,"_pose":"FreeFall","_animationQueue":[],"_animationSpeed":1,"_zoom":9.167},{"_mousePosition":[683,384],"_rootPartCFrame":[753.792,229.034,40.983,-0.981,0,0.194,0,1,0,-0.194,0,-0.981],"_humanoidState":5,"_cameraCFrame":[752.215,239.487,38.873,-0.996,-0.082,0.018,0,0.215,0.977,-0.084,0.973,-0.214],"_shiftlockState":true,"_pose":"FreeFall","_animationQueue":[],"_animationSpeed":1,"_zoom":9.167},{"_mousePosition":[683,384],"_rootPartCFrame":[753.527,229.339,40.958,-0.976,0,0.216,0,1,0,-0.216,0,-0.976],"_humanoidState":5,"_cameraCFrame":[751.93,239.79,38.855,-0.997,-0.073,0.016,0,0.216,0.976,-0.075,0.974,-0.215],"_shiftlockState":true,"_pose":"FreeFall","_animationQueue":[],"_animationSpeed":1,"_zoom":9.167},{"_mousePosition":[683,384],"_rootPartCFrame":[753.261,229.588,40.935,-0.978,0,0.207,0,1,0,-0.207,0,-0.978],"_humanoidState":5,"_cameraCFrame":[751.649,240.039,38.843,-0.998,-0.066,0.015,0,0.216,0.976,-0.068,0.974,-0.215],"_shiftlockState":true,"_pose":"FreeFall","_animationQueue":[],"_animationSpeed":1,"_zoom":9.167},{"_mousePosition":[683,384],"_rootPartCFrame":[752.995,229.784,40.914,-0.98,0,0.2,0,1,0,-0.2,0,-0.98],"_humanoidState":5,"_cameraCFrame":[751.368,240.235,38.835,-0.998,-0.059,0.013,0,0.216,0.976,-0.06,0.975,-0.215],"_shiftlockState":true,"_pose":"FreeFall","_animationQueue":[],"_animationSpeed":1,"_zoom":9.167},{"_mousePosition":[683,384],"_rootPartCFrame":[752.729,229.924,40.896,-0.981,0,0.192,0,1,0,-0.192,0,-0.981],"_humanoidState":5,"_cameraCFrame":[751.085,240.372,38.816,-0.999,-0.051,0.011,0,0.217,0.976,-0.052,0.975,-0.217],"_shiftlockState":true,"_pose":"FreeFall","_animationQueue":[],"_animationSpeed":1,"_zoom":9.167},{"_mousePosition":[683,384],"_rootPartCFrame":[752.463,230.011,40.88,-0.983,0,0.184,0,1,0,-0.184,0,-0.983],"_humanoidState":5,"_cameraCFrame":[750.801,240.454,38.794,-0.999,-0.042,0.009,0,0.22,0.976,-0.043,0.975,-0.219],"_shiftlockState":true,"_pose":"FreeFall","_animationQueue":[],"_animationSpeed":1,"_zoom":9.167},{"_mousePosition":[683,384],"_rootPartCFrame":[752.197,230.042,40.866,-0.985,0,0.175,0,1,0,-0.175,0,-0.985],"_humanoidState":5,"_cameraCFrame":[750.505,240.477,38.768,-1,-0.027,0.006,0,0.224,0.975,-0.028,0.974,-0.224],"_shiftlockState":true,"_pose":"FreeFall","_animationQueue":[],"_animationSpeed":1,"_zoom":9.167},{"_mousePosition":[683,384],"_rootPartCFrame":[751.931,230.02,40.854,-0.987,0,0.16,0,1,0,-0.16,0,-0.987],"_humanoidState":5,"_cameraCFrame":[750.204,240.444,38.742,-1,-0.011,0.003,0,0.228,0.974,-0.011,0.974,-0.228],"_shiftlockState":true,"_pose":"FreeFall","_animationQueue":[],"_animationSpeed":1,"_zoom":9.167},{"_mousePosition":[683,384],"_rootPartCFrame":[751.664,229.943,40.846,-0.99,0,0.144,0,1,0,-0.144,0,-0.99],"_humanoidState":5,"_cameraCFrame":[749.893,240.353,38.713,-1,0.01,-0.002,0,0.235,0.972,0.01,0.972,-0.235],"_shiftlockState":true,"_pose":"FreeFall","_animationQueue":[],"_animationSpeed":1,"_zoom":9.167},{"_mousePosition":[683,384],"_rootPartCFrame":[751.331,229.769,40.841,-0.988,0,0.156,0,1,0,-0.156,0,-0.988],"_humanoidState":5,"_cameraCFrame":[749.516,240.166,38.687,-1,0.029,-0.007,0,0.241,0.971,0.03,0.97,-0.241],"_shiftlockState":true,"_pose":"FreeFall","_animationQueue":[],"_animationSpeed":1,"_zoom":9.167},{"_mousePosition":[683,384],"_rootPartCFrame":[751.064,229.569,40.843,-0.995,0,0.103,0,1,0,-0.103,0,-0.995],"_humanoidState":5,"_cameraCFrame":[749.199,239.95,38.664,-0.999,0.05,-0.013,0,0.248,0.969,0.052,0.967,-0.248],"_shiftlockState":true,"_pose":"FreeFall","_animationQueue":[["fall",0.3]],"_animationSpeed":1,"_zoom":9.167},{"_mousePosition":[683,384],"_rootPartCFrame":[750.864,229.384,40.848,-0.999,0,0.048,0,1,0,-0.048,0,-0.999],"_humanoidState":5,"_cameraCFrame":[748.955,239.742,38.617,-0.998,0.067,-0.018,0,0.257,0.966,0.069,0.964,-0.257],"_shiftlockState":true,"_pose":"FreeFall","_animationQueue":[],"_animationSpeed":1,"_zoom":9.167},{"_mousePosition":[683,384],"_rootPartCFrame":[750.598,229.089,40.861,-0.998,0,0.064,0,1,0,-0.064,0,-0.998],"_humanoidState":5,"_cameraCFrame":[748.643,239.412,38.533,-0.996,0.082,-0.023,0,0.271,0.963,0.085,0.959,-0.27],"_shiftlockState":true,"_pose":"FreeFall","_animationQueue":[],"_animationSpeed":1,"_zoom":9.167},{"_mousePosition":[683,384],"_rootPartCFrame":[750.265,228.643,40.884,-0.997,0,0.081,0,1,0,-0.081,0,-0.997],"_humanoidState":5,"_cameraCFrame":[748.281,238.929,38.442,-0.996,0.089,-0.026,0,0.285,0.958,0.092,0.954,-0.284],"_shiftlockState":true,"_pose":"FreeFall","_animationQueue":[],"_animationSpeed":1,"_zoom":9.167},{"_mousePosition":[683,384],"_rootPartCFrame":[749.999,228.225,40.906,-0.999,0,0.041,0,1,0,-0.041,0,-0.999],"_humanoidState":5,"_cameraCFrame":[748.005,238.485,38.382,-0.996,0.089,-0.028,0,0.294,0.956,0.093,0.951,-0.293],"_shiftlockState":true,"_pose":"FreeFall","_animationQueue":[],"_animationSpeed":1,"_zoom":9.167},{"_mousePosition":[683,384],"_rootPartCFrame":[749.8,227.876,40.924,-1,0,0.006,0,1,0,-0.006,0,-1],"_humanoidState":5,"_cameraCFrame":[747.806,238.136,38.4,-0.996,0.089,-0.028,0,0.294,0.956,0.093,0.951,-0.293],"_shiftlockState":true,"_pose":"FreeFall","_animationQueue":[],"_animationSpeed":1,"_zoom":9.167},{"_mousePosition":[683,384],"_rootPartCFrame":[749.535,227.363,40.949,-0.999,0,0.04,0,1,0,-0.04,0,-0.999],"_humanoidState":5,"_cameraCFrame":[747.54,237.623,38.425,-0.996,0.089,-0.028,0,0.294,0.956,0.093,0.951,-0.293],"_shiftlockState":true,"_pose":"FreeFall","_animationQueue":[],"_animationSpeed":1,"_zoom":9.167},{"_mousePosition":[683,384],"_rootPartCFrame":[749.269,226.795,40.974,-0.999,0,0.04,0,1,0,-0.04,0,-0.999],"_humanoidState":5,"_cameraCFrame":[747.275,237.055,38.45,-0.996,0.089,-0.028,0,0.294,0.956,0.093,0.951,-0.293],"_shiftlockState":true,"_pose":"FreeFall","_animationQueue":[["fall",0.3]],"_animationSpeed":1,"_zoom":9.167},{"_mousePosition":[683,384],"_rootPartCFrame":[749.004,226.173,40.999,-0.999,0,0.04,0,1,0,-0.04,0,-0.999],"_humanoidState":5,"_cameraCFrame":[747.009,236.433,38.475,-0.996,0.089,-0.028,0,0.294,0.956,0.093,0.951,-0.293],"_shiftlockState":true,"_pose":"FreeFall","_animationQueue":[],"_animationSpeed":1,"_zoom":9.167},{"_mousePosition":[683,384],"_rootPartCFrame":[748.75,225.496,41.046,-1,0,0.02,0,1,0,-0.02,0,-1],"_humanoidState":5,"_cameraCFrame":[746.756,235.756,38.522,-0.996,0.089,-0.028,0,0.294,0.956,0.093,0.951,-0.293],"_shiftlockState":true,"_pose":"FreeFall","_animationQueue":[],"_animationSpeed":1,"_zoom":9.167},{"_mousePosition":[683,384],"_roo