[{"_mousePosition":[696,420],"_rootPartCFrame":[776.031,222.7,47.142,0,0,1,0,1,0,-1,0,0],"_humanoidState":8,"_cameraCFrame":[775.963,228.174,26.872,-1,0.001,-0.003,0,0.981,0.192,0.003,0.192,-0.981],"_shiftlockState":false,"_pose":"Standing","_animationQueue":[],"_animationSpeed":1,"_zoom":20.656},{"_mousePosition":[696,420],"_rootPartCFrame":[775.784,222.7,47.143,-0.001,0,1,0,1,0,-1,0,-0.001],"_humanoidState":8,"_cameraCFrame":[775.717,228.174,26.873,-1,0.001,-0.003,0,0.981,0.192,0.003,0.192,-0.981],"_shiftlockState":false,"_pose":"Standing","_animationQueue":[],"_animationSpeed":1,"_zoom":20.656},{"_mousePosition":[696,420],"_rootPartCFrame":[775.518,222.7,47.144,-0.001,0,1,0,1,0,-1,0,-0.001],"_humanoidState":8,"_cameraCFrame":[775.451,228.174,26.874,-1,0.001,-0.003,0,0.981,0.192,0.003,0.192,-0.981],"_shiftlockState":false,"_pose":"Running","_animationQueue":[["walk",0.1]],"_animationSpeed":1.066,"_zoom":20.656},{"_mousePosition":[696,420],"_rootPartCFrame":[775.251,222.7,47.145,-0.001,0,1,0,1,0,-1,0,-0.001],"_humanoidState":8,"_cameraCFrame":[775.184,228.174,26.875,-1,0.001,-0.003,0,0.981,0.192,0.003,0.192,-0.981],"_shiftlockState":false,"_pose":"Running","_animationQueue":[["walk",0.1]],"_animationSpeed":1.066,"_zoom":20.656},{"_mousePosition":[696,420],"_rootPartCFrame":[774.985,222.7,47.146,-0.002,0,1,0,1,0,-1,0,-0.002],"_humanoidState":8,"_cameraCFrame":[774.917,228.174,26.876,-1,0.001,-0.003,0,0.981,0.192,0.003,0.192,-0.981],"_shiftlockState":false,"_pose":"Running","_animationQueue":[],"_animationSpeed":1.066,"_zoom":20.656},{"_mousePosition":[696,420],"_rootPartCFrame":[774.718,222.7,47.147,-0.002,0,1,0,1,0,-1,0,-0.002],"_humanoidState":8,"_cameraCFrame":[774.651,228.174,26.876,-1,0.001,-0.003,0,0.981,0.192,0.003,0.192,-0.981],"_shiftlockState":false,"_pose":"Running","_animationQueue":[],"_animationSpeed":1.066,"_zoom":20.656},{"_mousePosition":[696,420],"_rootPartCFrame":[774.451,222.7,47.148,-0.002,0,1,0,1,0,-1,0,-0.002],"_humanoidState":8,"_cameraCFrame":[774.384,228.174,26.877,-1,0.001,-0.003,0,0.981,0.192,0.003,0.192,-0.981],"_shiftlockState":false,"_pose":"Running","_animationQueue":[],"_animationSpeed":1.066,"_zoom":20.656},{"_mousePosition":[696,420],"_rootPartCFrame":[774.185,222.7,47.148,-0.002,0,1,0,1,0,-1,0,-0.002],"_humanoidState":8,"_cameraCFrame":[774.117,228.174,26.878,-1,0.001,-0.003,0,0.981,0.192,0.003,0.192,-0.981],"_shiftlockState":false,"_pose":"Running","_animationQueue":[],"_animationSpeed":1.066,"_zoom":20.656},{"_mousePosition":[696,420],"_rootPartCFrame":[773.918,222.7,47.149,-0.002,0,1,0,1,0,-1,0,-0.002],"_humanoidState":8,"_cameraCFrame":[773.851,228.174,26.879,-1,0.001,-0.003,0,0.981,0.192,0.003,0.192,-0.981],"_shiftlockState":false,"_pose":"Running","_animationQueue":[],"_animationSpeed":1.066,"_zoom":20.656},{"_mousePosition":[696,420],"_rootPartCFrame":[773.651,222.7,47.15,-0.003,0,1,0,1,0,-1,0,-0.003],"_humanoidState":8,"_cameraCFrame":[773.584,228.174,26.88,-1,0.001,-0.003,0,0.981,0.192,0.003,0.192,-0.981],"_shiftlockState":false,"_pose":"Running","_animationQueue":[["walk",0.1]],"_animationSpeed":1.066,"_zoom":20.656},{"_mousePosition":[696,420],"_rootPartCFrame":[773.384,222.7,47.151,-0.003,0,1,0,1,0,-1,0,-0.003],"_humanoidState":8,"_cameraCFrame":[773.317,228.174,26.881,-1,0.001,-0.003,0,0.981,0.192,0.003,0.192,-0.981],"_shiftlockState":false,"_pose":"Running","_animationQueue":[],"_animationSpeed":1.066,"_zoom":20.656},{"_mousePosition":[696,420],"_rootPartCFrame":[773.118,222.7,47.152,-0.003,0,1,0,1,0,-1,0,-0.003],"_humanoidState":8,"_cameraCFrame":[773.05,228.174,26.882,-1,0.001,-0.003,0,0.981,0.192,0.003,0.192,-0.981],"_shiftlockState":false,"_pose":"Running","_animationQueue":[],"_animationSpeed":1.066,"_zoom":20.656},{"_mousePosition":[696,420],"_rootPartCFrame":[772.851,222.7,47.153,-0.003,0,1,0,1,0,-1,0,-0.003],"_humanoidState":8,"_cameraCFrame":[772.784,228.174,26.883,-1,0.001,-0.003,0,0.981,0.192,0.003,0.192,-0.981],"_shiftlockState":false,"_pose":"Running","_animationQueue":[],"_animationSpeed":1.066,"_zoom":20.656},{"_mousePosition":[696,420],"_rootPartCFrame":[772.584,222.7,47.154,-0.003,0,1,0,1,0,-1,0,-0.003],"_humanoidState":8,"_cameraCFrame":[772.517,228.174,26.884,-1,0.001,-0.003,0,0.981,0.192,0.003,0.192,-0.981],"_shiftlockState":false,"_pose":"Running","_animationQueue":[],"_animationSpeed":1.066,"_zoom":20.656},{"_mousePosition":[696,420],"_rootPartCFrame":[772.317,222.7,47.155,-0.003,0,1,0,1,0,-1,0,-0.003],"_humanoidState":8,"_cameraCFrame":[772.25,228.174,26.884,-1,0.001,-0.003,0,0.981,0.192,0.003,0.192,-0.981],"_shiftlockState":false,"_pose":"Running","_animationQueue":[],"_animationSpeed":1.066,"_zoom":20.656},{"_mousePosition":[696,420],"_rootPartCFrame":[772.051,222.7,47.156,-0.003,0,1,0,1,0,-1,0,-0.003],"_humanoidState":8,"_cameraCFrame":[771.984,228.174,26.885,-1,0.001,-0.003,0,0.981,0.192,0.003,0.192,-0.981],"_shiftlockState":false,"_pose":"Running","_animationQueue":[],"_animationSpeed":1.066,"_zoom":20.656},{"_mousePosition":[696,420],"_rootPartCFrame":[771.784,222.7,47.156,-0.003,0,1,0,1,0,-1,0,-0.003],"_humanoidState":8,"_cameraCFrame":[771.717,228.174,26.886,-1,0.001,-0.003,0,0.981,0.192,0.003,0.192,-0.981],"_shiftlockState":false,"_pose":"Running","_animationQueue":[["walk",0.1]],"_animationSpeed":1.066,"_zoom":20.656},{"_mousePosition":[696,420],"_rootPartCFrame":[771.517,222.7,47.157,-0.003,0,1,0,1,0,-1,0,-0.003],"_humanoidState":8,"_cameraCFrame":[771.45,228.174,26.887,-1,0.001,-0.003,0,0.981,0.192,0.003,0.192,-0.981],"_shiftlockState":false,"_pose":"Running","_animationQueue":[],"_animationSpeed":1.066,"_zoom":20.656},{"_mousePosition":[696,420],"_rootPartCFrame":[771.251,222.7,47.158,-0.003,0,1,0,1,0,-1,0,-0.003],"_humanoidState":8,"_cameraCFrame":[771.183,228.174,26.888,-1,0.001,-0.003,0,0.981,0.192,0.003,0.192,-0.981],"_shiftlockState":false,"_pose":"Running","_animationQueue":[],"_animationSpeed":1.066,"_zoom":20.656},{"_mousePosition":[696,420],"_rootPartCFrame":[770.984,222.7,47.159,-0.003,0,1,0,1,0,-1,0,-0.003],"_humanoidState":8,"_cameraCFrame":[770.917,228.174,26.889,-1,0.001,-0.003,0,0.981,0.192,0.003,0.192,-0.981],"_shiftlockState":false,"_pose":"Running","_animationQueue":[],"_animationSpeed":1.066,"_zoom":20.656},{"_mousePosition":[696,420],"_rootPartCFrame":[770.717,222.7,47.16,-0.003,0,1,0,1,0,-1,0,-0.003],"_humanoidState":8,"_cameraCFrame":[770.65,228.174,26.89,-1,0.001,-0.003,0,0.981,0.192,0.003,0.192,-0.981],"_shiftlockState":false,"_pose":"Running","_animationQueue":[],"_animationSpeed":1.066,"_zoom":20.656},{"_mousePosition":[696,420],"_rootPartCFrame":[770.45,222.7,47.161,-0.003,0,1,0,1,0,-1,0,-0.003],"_humanoidState":8,"_cameraCFrame":[770.383,228.174,26.891,-1,0.001,-0.003,0,0.981,0.192,0.003,0.192,-0.981],"_shiftlockState":false,"_pose":"Running","_animationQueue":[],"_animationSpeed":1.066,"_zoom":20.656},{"_mousePosition":[696,420],"_rootPartCFrame":[770.184,222.666,47.162,-0.003,0,1,0,1,0,-1,0,-0.003],"_humanoidState":8,"_cameraCFrame":[770.117,228.14,26.892,-1,0.001,-0.003,0,0.981,0.192,0.003,0.192,-0.981],"_shiftlockState":false,"_pose":"Running","_animationQueue":[["walk",0.1]],"_animationSpeed":1.066,"_zoom":20.656},{"_mousePosition":[696,420],"_rootPartCFrame":[769.917,222.577,47.163,-0.003,0,1,0,1,0,-1,0,-0.003],"_humanoidState":8,"_cameraCFrame":[769.85,228.051,26.892,-1,0.001,-0.003,0,0.981,0.192,0.003,0.192,-0.981],"_shiftlockState":false,"_pose":"Running","_animationQueue":[],"_animationSpeed":1.066,"_zoom":20.656},{"_mousePosition":[696,420],"_rootPartCFrame":[769.584,222.39,47.164,-0.003,0,1,0,1,0,-1,0,-0.003],"_humanoidState":8,"_cameraCFrame":[769.517,227.864,26.894,-1,0.001,-0.003,0,0.981,0.192,0.003,0.192,-0.981],"_shiftlockState":false,"_pose":"Running","_animationQueue":[],"_animationSpeed":1.066,"_zoom":20.656},{"_mousePosition":[696,420],"_rootPartCFrame":[769.384,222.236,47.164,-0.003,0,1,0,1,0,-1,0,-0.003],"_humanoidState":8,"_cameraCFrame":[769.317,227.71,26.894,-1,0.001,-0.003,0,0.981,0.192,0.003,0.192,-0.981],"_shiftlockState":false,"_pose":"Running","_animationQueue":[],"_animationSpeed":1.066,"_zoom":20.656},{"_mousePosition":[696,420],"_rootPartCFrame":[769.117,221.984,47.165,-0.003,0,1,0,1,0,-1,0,-0.003],"_humanoidState":8,"_cameraCFrame":[767.3,227.458,26.901,-1,0.001,-0.003,0,0.981,0.192,0.003,0.192,-0.981],"_shiftlockState":true,"_pose":"Running","_animationQueue":[],"_animationSpeed":1.066,"_zoom":20.656},{"_mousePosition":[683,384],"_rootPartCFrame":[768.851,221.678,47.166,-1,0,-0.003,0,1,0,0.003,0,-1],"_humanoidState":8,"_cameraCFrame":[767.034,227.152,26.902,-1,0.001,-0.003,0,0.981,0.192,0.003,0.192,-0.981],"_shiftlockState":true,"_pose":"Running","_animationQueue":[],"_animationSpeed":1.066,"_zoom":20.656},{"_mousePosition":[683,384],"_rootPartCFrame":[768.584,221.317,47.167,-0.996,0,0.089,0,1,0,-0.089,0,-0.996],"_humanoidState":5,"_cameraCFrame":[766.767,226.791,26.903,-1,0.001,-0.003,0,0.981,0.192,0.003,0.192,-0.981],"_shiftlockState":true,"_pose":"FreeFall","_animationQueue":[["walk",0.1],["walk",0.1],["fall",0.3]],"_animationSpeed":1,"_zoom":20.656},{"_mousePosition":[683,384],"_rootPartCFrame":[768.318,220.901,47.168,-0.992,0,0.125,0,1,0,-0.125,0,-0.992],"_humanoidState":5,"_cameraCFrame":[766.5,226.375,26.904,-1,0.001,-0.003,0,0.981,0.192,0.003,0.192,-0.981],"_shiftlockState":true,"_pose":"FreeFall","_animationQueue":[],"_animationSpeed":1,"_zoom":20.656},{"_mousePosition":[683,384],"_rootPartCFrame":[768.051,221.35,47.169,-1,0,0.031,0,1,0,-0.031,0,-1],"_humanoidState":7,"_cameraCFrame":[766.234,226.824,26.904,-1,0.001,-0.003,0,0.981,0.192,0.003,0.192,-0.981],"_shiftlockState":true,"_pose":"FreeFall","_animationQueue":[["walk",0.1],["fall",0.3],["fall",0.3]],"_animationSpeed":1,"_zoom":20.656},{"_mousePosition":[683,384],"_rootPartCFrame":[767.784,221.906,47.17,-1,0,-0.001,0,1,0,0.001,0,-1],"_humanoidState":7,"_cameraCFrame":[765.967,227.38,26.905,-1,0.001,-0.003,0,0.981,0.192,0.003,0.192,-0.981],"_shiftlockState":true,"_pose":"FreeFall","_animationQueue":[],"_animationSpeed":1,"_zoom":20.656},{"_mousePosition":[683,384],"_rootPartCFrame":[767.518,222.258,47.171,-1,0,-0.003,0,1,0,0.003,0,-1],"_humanoidState":8,"_cameraCFrame":[765.701,227.732,26.906,-1,0.001,-0.003,0,0.981,0.192,0.003,0.192,-0.981],"_shiftlockState":true,"_pose":"Running","_animationQueue":[["walk",0.1],["fall",0.3],["walk",0.1]],"_animationSpeed":1.103,"_zoom":20.656},{"_mousePosition":[683,384],"_rootPartCFrame":[767.251,222.458,47.172,-1,0,-0.003,0,1,0,0.003,0,-1],"_humanoidState":8,"_cameraCFrame":[765.434,227.932,26.907,-1,0.001,-0.003,0,0.981,0.192,0.003,0.192,-0.981],"_shiftlockState":true,"_pose":"Running","_animationQueue":[],"_animationSpeed":1.103,"_zoom":20.656},{"_mousePosition":[683,384],"_rootPartCFrame":[766.985,222.568,47.172,-1,0,-0.003,0,1,0,0.003,0,-1],"_humanoidState":8,"_cameraCFrame":[765.167,228.042,26.908,-1,0.001,-0.003,0,0.981,0.192,0.003,0.192,-0.981],"_shiftlockState":true,"_pose":"Running","_animationQueue":[],"_animationSpeed":1.103,"_zoom":20.656},{"_mousePosition":[683,384],"_rootPartCFrame":[766.718,222.628,47.173,-1,0,-0.003,0,1,0,0.003,0,-1],"_humanoidState":8,"_cameraCFrame":[764.901,228.102,26.909,-1,0.001,-0.003,0,0.981,0.192,0.003,0.192,-0.981],"_shiftlockState":true,"_pose":"Running","_animationQueue":[["walk",0.1]],"_animationSpeed":1.103,"_zoom":20.656},{"_mousePosition":[683,384],"_rootPartCFrame":[766.451,222.661,47.174,-1,0,-0.003,0,1,0,0.003,0,-1],"_humanoidState":8,"_cameraCFrame":[764.634,228.135,26.91,-1,0.001,-0.003,0,0.981,0.192,0.003,0.192,-0.981],"_shiftlockState":true,"_pose":"Running","_animationQueue":[],"_animationSpeed":1.103,"_zoom":20.656},{"_mousePosition":[683,384],"_rootPartCFrame":[766.118,222.681,47.175,-1,0,-0.003,0,1,0,0.003,0,-1],"_humanoidState":8,"_cameraCFrame":[764.301,228.155,26.911,-1,0.001,-0.003,0,0.981,0.192,0.003,0.192,-0.981],"_shiftlockState":true,"_pose":"Running","_animationQueue":[],"_animationSpeed":1.103,"_zoom":20.656},{"_mousePosition":[683,384],"_rootPartCFrame":[765.851,222.69,47.176,-1,0,-0.003,0,1,0,0.003,0,-1],"_humanoidState":8,"_cameraCFrame":[764.034,228.164,26.912,-1,0.001,-0.003,0,0.981,0.192,0.003,0.192,-0.981],"_shiftlockState":true,"_pose":"Running","_animationQueue":[],"_animationSpeed":1.103,"_zoom":20.656},{"_mousePosition":[683,384],"_rootPartCFrame":[765.585,222.694,47.177,-1,0,-0.003,0,1,0,0.003,0,-1],"_humanoidState":8,"_cameraCFrame":[763.767,228.168,26.913,-1,0.001,-0.003,0,0.981,0.192,0.003,0.192,-0.981],"_shiftlockState":true,"_pose":"Running","_animationQueue":[],"_animationSpeed":1.103,"_zoom":20.656},{"_mousePosition":[683,384],"_rootPartCFrame":[765.318,222.697,47.178,-1,0,-0.003,0,1,0,0.003,0,-1],"_humanoidState":8,"_cameraCFrame":[763.501,228.171,26.913,-1,0.001,-0.003,0,0.981,0.192,0.003,0.192,-0.981],"_shiftlockState":true,"_pose":"Running","_animationQueue":[],"_animationSpeed":1.103,"_zoom":20.656},{"_mousePosition":[683,384],"_rootPartCFrame":[765.051,222.698,47.179,-1,0,-0.003,0,1,0,0.003,0,-1],"_humanoidState":8,"_cameraCFrame":[763.234,228.172,26.914,-1,0.001,-0.003,0,0.981,0.192,0.003,0.192,-0.981],"_shiftlockState":true,"_pose":"Running","_animationQueue":[],"_animationSpeed":1.103,"_zoom":20.656},{"_mousePosition":[683,384],"_rootPartCFrame":[764.784,222.699,47.18,-1,0,-0.003,0,1,0,0.003,0,-1],"_humanoidState":8,"_cameraCFrame":[762.967,228.173,26.915,-1,0.001,-0.003,0,0.981,0.192,0.003,0.192,-0.981],"_shiftlockState":true,"_pose":"Running","_animationQueue":[["walk",0.1]],"_animationSpeed":1.103,"_zoom":20.656},{"_mousePosition":[683,384],"_rootPartCFrame":[764.518,222.699,47.181,-1,0,-0.003,0,1,0,0.003,0,-1],"_humanoidState":8,"_cameraCFrame":[762.7,228.173,26.916,-1,0.001,-0.003,0,0.981,0.192,0.003,0.192,-0.981],"_shiftlockState":true,"_pose":"Running","_animationQueue":[],"_animationSpeed":1.103,"_zoom":20.656},{"_mousePosition":[683,384],"_rootPartCFrame":[764.251,222.699,47.181,-1,0,-0.003,0,1,0,0.003,0,-1],"_humanoidState":8,"_cameraCFrame":[762.434,228.173,26.917,-1,0.001,-0.003,0,0.981,0.192,0.003,0.192,-0.981],"_shiftlockState":true,"_pose":"Running","_animationQueue":[],"_animationSpeed":1.103,"_zoom":20.656},{"_mousePosition":[683,384],"_rootPartCFrame":[763.984,222.7,47.182,-1,0,-0.003,0,1,0,0.003,0,-1],"_humanoidState":8,"_cameraCFrame":[762.167,228.174,26.918,-1,0.001,-0.003,0,0.981,0.192,0.003,0.192,-0.981],"_shiftlockState":true,"_pose":"Running","_animationQueue":[],"_animationSpeed":1.103,"_zoom":20.656},{"_mousePosition":[683,384],"_rootPartCFrame":[763.717,222.7,47.183,-1,0,-0.003,0,1,0,0.003,0,-1],"_humanoidState":8,"_cameraCFrame":[761.9,228.174,26.919,-1,0.001,-0.003,0,0.981,0.192,0.003,0.192,-0.981],"_shiftlockState":true,"_pose":"Running","_animationQueue":[],"_animationSpeed":1.103,"_zoom":20.656},{"_mousePosition":[683,384],"_rootPartCFrame":[763.451,222.7,47.184,-1,0,-0.003,0,1,0,0.003,0,-1],"_humanoidState":8,"_cameraCFrame":[761.634,228.174,26.92,-1,0.001,-0.003,0,0.981,0.192,0.003,0.192,-0.981],"_shiftlockState":true,"_pose":"Running","_animationQueue":[],"_animationSpeed":1.103,"_zoom":20.656},{"_mousePosition":[683,384],"_rootPartCFrame":[763.184,222.7,47.185,-1,0,-0.003,0,1,0,0.003,0,-1],"_humanoidState":8,"_cameraCFrame":[761.367,228.174,26.921,-1,0.001,-0.003,0,0.981,0.192,0.003,0.192,-0.981],"_shiftlockState":true,"_pose":"Running","_animationQueue":[["walk",0.1]],"_animationSpeed":1.103,"_zoom":20.656},{"_mousePosition":[683,384],"_rootPartCFrame":[762.917,222.7,47.186,-1,0,-0.003,0,1,0,0.003,0,-1],"_humanoidState":8,"_cameraCFrame":[761.1,228.174,26.921,-1,0.001,-0.003,0,0.981,0.192,0.003,0.192,-0.981],"_shiftlockState":true,"_pose":"Running","_animationQueue":[],"_animationSpeed":1.103,"_zoom":20.656},{"_mousePosition":[683,384],"_rootPartCFrame":[762.651,222.7,47.187,-1,0,-0.003,0,1,0,0.003,0,-1],"_humanoidState":8,"_cameraCFrame":[760.833,228.174,26.922,-1,0.001,-0.003,0,0.981,0.192,0.003,0.192,-0.981],"_shiftlockState":true,"_pose":"Running","_animationQueue":[],"_animationSpeed":1.103,"_zoom":20.656},{"_mousePosition":[683,384],"_rootPartCFrame":[762.384,222.7,47.188,-1,0,-0.003,0,1,0,0.003,0,-1],"_humanoidState":8,"_cameraCFrame":[760.567,228.174,26.923,-1,0.001,-0.003,0,0.981,0.192,0.003,0.192,-0.981],"_shiftlockState":true,"_pose":"Running","_animationQueue":[],"_animationSpeed":1.103,"_zoom":20.656},{"_mousePosition":[683,384],"_rootPartCFrame":[762.117,222.7,47.189,-1,0,-0.003,0,1,0,0.003,0,-1],"_humanoidState":8,"_cameraCFrame":[760.3,228.174,26.924,-1,0.001,-0.003,0,0.981,0.192,0.003,0.192,-0.981],"_shiftlockState":true,"_pose":"Running","_animationQueue":[],"_animationSpeed":1.103,"_zoom":20.656},{"_mousePosition":[683,384],"_rootPartCFrame":[761.917,222.679,47.189,-1,0,-0.003,0,1,0,0.003,0,-1],"_humanoidState":8,"_cameraCFrame":[760.1,228.153,26.925,-1,0.001,-0.003,0,0.981,0.192,0.003,0.192,-0.981],"_shiftlockState":true,"_pose":"Running","_animationQueue":[],"_animationSpeed":1.103,"_zoom":20.656},{"_mousePosition":[683,384],"_rootPartCFrame":[761.651,222.604,47.19,-1,0,-0.003,0,1,0,0.003,0,-1],"_humanoidState":8,"_cameraCFrame":[759.833,228.078,26.926,-1,0.001,-0.003,0,0.981,0.192,0.003,0.192,-0.981],"_shiftlockState":true,"_pose":"Running","_animationQueue":[["walk",0.1]],"_animationSpeed":1.103,"_zoom":20.656},{"_mousePosition":[683,384],"_rootPartCFrame":[761.384,222.475,47.191,-1,0,-0.003,0,1,0,0.003,0,-1],"_humanoidState":8,"_cameraCFrame":[759.567,227.949,26.927,-1,0.001,-0.003,0,0.981,0.192,0.003,0.192,-0.981],"_shiftlockState":true,"_pose":"Running","_animationQueue":[],"_animationSpeed":1.103,"_zoom":20.656},{"_mousePosition":[683,384],"_rootPartCFrame":[761.117,222.291,47.192,-1,0,-0.003,0,1,0,0.003,0,-1],"_humanoidState":8,"_cameraCFrame":[759.3,227.765,26.927,-1,0.001,-0.003,0,0.981,0.192,0.003,0.192,-0.981],"_shiftlockState":true,"_pose":"Running","_animationQueue":[],"_animationSpeed":1.103,"_zoom":20.656},{"_mousePosition":[683,384],"_rootPartCFrame":[760.784,221.984,47.193,-1,0,-0.003,0,1,0,0.003,0,-1],"_humanoidState":8,"_cameraCFrame":[758.967,227.458,26.929,-1,0.001,-0.003,0,0.981,0.192,0.003,0.192,-0.981],"_shiftlockState":true,"_pose":"Running","_animationQueue":[],"_animationSpeed":1.103,"_zoom":20.656},{"_mousePosition":[683,384],"_rootPartCFrame":[760.518,221.678,47.194,-1,0,-0.003,0,1,0,0.003,0,-1],"_humanoidState":8,"_cameraCFrame":[758.7,227.152,26.929,-1,0.001,-0.003,0,0.981,0.192,0.003,0.192,-0.981],"_shiftlockState":true,"_pose":"Running","_animationQueue":[],"_animationSpeed":1.103,"_zoom":20.656},{"_mousePosition":[683,384],"_rootPartCFrame":[760.318,221.825,47.195,-1,0,-0.003,0,1,0,0.003,0,-1],"_humanoidState":8,"_cameraCFrame":[758.5,227.299,26.93,-1,0.001,-0.003,0,0.981,0.192,0.003,0.192,-0.981],"_shiftlockState":true,"_pose":"Running","_animationQueue":[],"_animationSpeed":1.103,"_zoom":20.656},{"_mousePosition":[683,384],"_rootPartCFrame":[760.051,222.166,47.195,-1,0,-0.003,0,1,0,0.003,0,-1],"_humanoidState":8,"_cameraCFrame":[758.234,227.64,26.931,-1,0.001,-0.003,0,0.981,0.192,0.003,0.192,-0.981],"_shiftlockState":true,"_pose":"Running","_animationQueue":[],"_animationSpeed":1.103,"_zoom":20.656},{"_mousePosition":[683,384],"_rootPartCFrame":[759.784,222.4,47.196,-1,0,-0.003,0,1,0,0.003,0,-1],"_humanoidState":8,"_cameraCFrame":[757.967,227.874,26.932,-1,0.001,-0.003,0,0.981,0.192,0.003,0.192,-0.981],"_shiftlockState":true,"_pose":"Running","_animationQueue":[["walk",0.1]],"_animationSpeed":1.103,"_zoom":20.656},{"_mousePosition":[683,384],"_rootPartCFrame":[759.518,222.535,47.197,-1,0,-0.003,0,1,0,0.003,0,-1],"_humanoidState":8,"_cameraCFrame":[757.701,228.009,26.933,-1,0.001,-0.003,0,0.981,0.192,0.003,0.192,-0.981],"_shiftlockState":true,"_pose":"Running","_animationQueue":[],"_animationSpeed":1.103,"_zoom":20.656},{"_mousePosition":[683,384],"_rootPartCFrame":[759.251,222.61,47.198,-1,0,-0.003,0,1,0,0.003,0,-1],"_humanoidState":8,"_cameraCFrame":[757.434,228.084,26.934,-1,0.001,-0.003,0,0.981,0.192,0.003,0.192,-0.981],"_shiftlockState":true,"_pose":"Running","_animationQueue":[],"_animationSpeed":1.103,"_zoom":20.656},{"_mousePosition":[683,384],"_rootPartCFrame":[758.985,222.651,47.199,-1,0,-0.003,0,1,0,0.003,0,-1],"_humanoidState":8,"_cameraCFrame":[757.167,228.125,26.934,-1,0.001,-0.003,0,0.981,0.192,0.003,0.192,-0.981],"_shiftlockState":true,"_pose":"Running","_animationQueue":[],"_animationSpeed":1.103,"_zoom":20.656},{"_mousePosition":[683,384],"_rootPartCFrame":[758.718,222.673,47.2,-1,0,-0.003,0,1,0,0.003,0,-1],"_humanoidState":8,"_cameraCFrame":[756.901,228.147,26.935,-1,0.001,-0.003,0,0.981,0.192,0.003,0.192,-0.981],"_shiftlockState":true,"_pose":"Running","_animationQueue":[],"_animationSpeed":1.103,"_zoom":20.656},{"_mousePosition":[683,384],"_rootPartCFrame":[758.451,222.685,47.201,-1,0,-0.003,0,1,0,0.003,0,-1],"_humanoidState":8,"_cameraCFrame":[756.634,228.159,26.936,-1,0.001,-0.003,0,0.981,0.192,0.003,0.192,-0.981],"_shiftlockState":true,"_pose":"Running","_animationQueue":[],"_animationSpeed":1.103,"_zoom":20.656},{"_mousePosition":[683,384],"_rootPartCFrame":[758.185,222.692,47.202,-1,0,-0.003,0,1,0,0.003,0,-1],"_humanoidState":8,"_cameraCFrame":[756.368,228.166,26.937,-1,0.001,-0.003,0,0.981,0.192,0.003,0.192,-0.981],"_shiftlockState":true,"_pose":"Running","_animationQueue":[],"_animationSpeed":1.103,"_zoom":20.656},{"_mousePosition":[683,384],"_rootPartCFrame":[757.851,222.696,47.203,-1,0,-0.003,0,1,0,0.003,0,-1],"_humanoidState":8,"_cameraCFrame":[756.034,228.17,26.938,-1,0.001,-0.003,0,0.981,0.192,0.003,0.192,-0.981],"_shiftlockState":true,"_pose":"Running","_animationQueue":[["walk",0.1]],"_animationSpeed":1.103,"_zoom":20.656},{"_mousePosition":[683,384],"_rootPartCFrame":[757.585,222.698,47.204,-1,0,-0.003,0,1,0,0.003,0,-1],"_humanoidState":8,"_cameraCFrame":[755.767,228.172,26.939,-1,0.001,-0.003,0,0.981,0.192,0.003,0.192,-0.981],"_shiftlockState":true,"_pose":"Running","_animationQueue":[],"_animationSpeed":1.103,"_zoom":20.656},{"_mousePosition":[683,384],"_rootPartCFrame":[757.318,222.699,47.204,-1,0,-0.003,0,1,0,0.003,0,-1],"_humanoidState":8,"_cameraCFrame":[755.501,228.173,26.94,-1,0.001,-0.003,0,0.981,0.192,0.003,0.192,-0.981],"_shiftlockState":true,"_pose":"Running","_animationQueue":[],"_animationSpeed":1.103,"_zoom":20.656},{"_mousePosition":[683,384],"_rootPartCFrame":[757.051,222.699,47.205,-1,0,-0.003,0,1,0,0.003,0,-1],"_humanoidState":8,"_cameraCFrame":[755.234,228.173,26.941,-1,0.001,-0.003,0,0.981,0.192,0.003,0.192,-0.981],"_shiftlockState":true,"_pose":"Running","_animationQueue":[],"_animationSpeed":1.103,"_zoom":20.656},{"_mousePosition":[683,384],"_rootPartCFrame":[756.784,222.699,47.206,-1,0,-0.003,0,1,0,0.003,0,-1],"_humanoidState":8,"_cameraCFrame":[754.967,228.173,26.942,-1,0.001,-0.003,0,0.981,0.192,0.003,0.192,-0.981],"_shiftlockState":true,"_pose":"Running","_animationQueue":[],"_animationSpeed":1.103,"_zoom":20.656},{"_mousePosition":[683,384],"_rootPartCFrame":[756.518,222.699,47.207,-1,0,-0.003,0,1,0,0.003,0,-1],"_humanoidState":8,"_cameraCFrame":[754.701,228.174,26.943,-1,0.001,-0.003,0,0.981,0.192,0.003,0.192,-0.981],"_shiftlockState":true,"_pose":"Running","_animationQueue":[],"_animationSpeed":1.103,"_zoom":20.656},{"_mousePosition":[683,384],"_rootPartCFrame":[756.251,222.7,47.208,-1,0,-0.003,0,1,0,0.003,0,-1],"_humanoidState":8,"_cameraCFrame":[754.434,228.174,26.944,-1,0.001,-0.003,0,0.981,0.192,0.003,0.192,-0.981],"_shiftlockState":true,"_pose":"Running","_animationQueue":[],"_animationSpeed":1.103,"_zoom":20.656},{"_mousePosition":[683,384],"_rootPartCFrame":[755.984,222.7,47.209,-1,0,-0.003,0,1,0,0.003,0,-1],"_humanoidState":8,"_cameraCFrame":[754.167,228.174,26.944,-1,0.001,-0.003,0,0.981,0.192,0.003,0.192,-0.981],"_shiftlockState":true,"_pose":"Running","_animationQueue":[["walk",0.1]],"_animationSpeed":1.103,"_zoom":20.656},{"_mousePosition":[683,384],"_rootPartCFrame":[755.718,222.7,47.21,-1,0,-0.003,0,1,0,0.003,0,-1],"_humanoidState":8,"_cameraCFrame":[753.9,228.174,26.945,-1,0.001,-0.003,0,0.981,0.192,0.003,0.192,-0.981],"_shiftlockState":true,"_pose":"Running","_animationQueue":[],"_animationSpeed":1.103,"_zoom":20.656},{"_mousePosition":[683,384],"_rootPartCFrame":[755.451,222.7,47.211,-1,0,-0.003,0,1,0,0.003,0,-1],"_humanoidState":8,"_cameraCFrame":[753.634,228.174,26.946,-1,0.001,-0.003,0,0.981,0.192,0.003,0.192,-0.981],"_shiftlockState":true,"_pose":"Running","_animationQueue":[],"_animationSpeed":1.103,"_zoom":20.656},{"_mousePosition":[683,384],"_rootPartCFrame":[755.184,222.7,47.212,-1,0,-0.003,0,1,0,0.003,0,-1],"_humanoidState":8,"_cameraCFrame":[753.367,228.174,26.947,-1,0.001,-0.003,0,0.981,0.192,0.003,0.192,-0.981],"_shiftlockState":true,"_pose":"Running","_animationQueue":[],"_animationSpeed":1.103,"_zoom":20.656},{"_mousePosition":[683,384],"_rootPartCFrame":[754.917,222.7,47.212,-1,0,-0.003,0,1,0,0.003,0,-1],"_humanoidState":8,"_cameraCFrame":[753.1,228.174,26.948,-1,0.001,-0.003,0,0.981,0.192,0.003,0.192,-0.981],"_shiftlockState":true,"_pose":"Running","_animationQueue":[],"_animationSpeed":1.103,"_zoom":20.656},{"_mousePosition":[683,384],"_rootPartCFrame":[754.651,222.7,47.213,-1,0,-0.003,0,1,0,0.003,0,-1],"_humanoidState":8,"_cameraCFrame":[752.833,228.174,26.949,-1,0.001,-0.003,0,0.981,0.192,0.003,0.192,-0.981],"_shiftlockState":true,"_pose":"Running","_animationQueue":[],"_animationSpeed":1.103,"_zoom":20.656},{"_mousePosition":[683,384],"_rootPartCFrame":[754.384,222.7,47.214,-1,0,-0.003,0,1,0,0.003,0,-1],"_humanoidState":8,"_cameraCFrame":[752.567,228.174,26.95,-1,0.001,-0.003,0,0.981,0.192,0.003,0.192,-0.981],"_shiftlockState":true,"_pose":"Running","_animationQueue":[["walk",0.1]],"_animationSpeed":1.103,"_zoom":20.656},{"_mousePosition":[683,384],"_rootPartCFrame":[754.117,222.7,47.215,-1,0,-0.003,0,1,0,0.003,0,-1],"_humanoidState":8,"_cameraCFrame":[752.3,228.174,26.951,-1,0.001,-0.003,0,0.981,0.192,0.003,0.192,-0.981],"_shiftlockState":true,"_pose":"Running","_animationQueue":[],"_animationSpeed":1.103,"_zoom":20.656},{"_mousePosition":[683,384],"_rootPartCFrame":[753.851,222.666,47.216,-1,0,-0.003,0,1,0,0.003,0,-1],"_humanoidState":8,"_cameraCFrame":[752.033,228.14,26.952,-1,0.001,-0.003,0,0.981,0.192,0.003,0.192,-0.981],"_shiftlockState":true,"_pose":"Running","_animationQueue":[],"_animationSpeed":1.103,"_zoom":20.656},{"_mousePosition":[683,384],"_rootPartCFrame":[753.517,222.546,47.217,-1,0,-0.003,0,1,0,0.003,0,-1],"_humanoidState":8,"_cameraCFrame":[751.7,228.02,26.953,-1,0.001,-0.003,0,0.981,0.192,0.003,0.192,-0.981],"_shiftlockState":true,"_pose":"Running","_animationQueue":[],"_animationSpeed":1.103,"_zoom":20.656},{"_mousePosition":[683,384],"_rootPartCFrame":[753.317,222.434,47.218,-1,0,-0.003,0,1,0,0.003,0,-1],"_humanoidState":8,"_cameraCFrame":[751.5,227.908,26.953,-1,0.001,-0.003,0,0.981,0.192,0.003,0.192,-0.981],"_shiftlockState":true,"_pose":"Running","_animationQueue":[],"_animationSpeed":1.103,"_zoom":20.656},{"_mousePosition":[683,384],"_rootPartCFrame":[753.051,222.236,47.219,-1,0,-0.003,0,1,0,0.003,0,-1],"_humanoidState":8,"_cameraCFrame":[751.234,227.71,26.954,-1,0.001,-0.003,0,0.981,0.192,0.003,0.192,-0.981],"_shiftlockState":true,"_pose":"Running","_animationQueue":[],"_animationSpeed":1.103,"_zoom":20.656},{"_mousePosition":[683,384],"_rootPartCFrame":[752.784,221.984,47.22,-1,0,-0.003,0,1,0,0.003,0,-1],"_humanoidState":8,"_cameraCFrame":[750.967,227.458,26.955,-1,0.001,-0.003,0,0.981,0.192,0.003,0.192,-0.981],"_shiftlockState":true,"_pose":"Running","_animationQueue":[["walk",0.1]],"_animationSpeed":1.103,"_zoom":20.656},{"_mousePosition":[683,384],"_rootPartCFrame":[752.518,221.678,47.22,-1,0,-0.003,0,1,0,0.003,0,-1],"_humanoidState":8,"_cameraCFrame":[750.7,227.152,26.956,-1,0.001,-0.003,0,0.981,0.192,0.003,0.192,-0.981],"_shiftlockState":true,"_pose":"Running","_animationQueue":[],"_animationSpeed":1.103,"_zoom":20.656},{"_mousePosition":[683,384],"_rootPartCFrame":[752.251,221.915,47.221,-1,0,-0.003,0,1,0,0.003,0,-1],"_humanoidState":8,"_cameraCFrame":[750.434,227.389,26.957,-1,0.001,-0.003,0,0.981,0.192,0.003,0.192,-0.981],"_shiftlockState":true,"_pose":"Running","_animationQueue":[],"_animationSpeed":1.103,"_zoom":20.656},{"_mousePosition":[683,384],"_rootPartCFrame":[751.984,222.236,47.222,-1,0,-0.003,0,1,0,0.003,0,-1],"_humanoidState":8,"_cameraCFrame":[750.167,227.71,26.958,-1,0.001,-0.003,0,0.981,0.192,0.003,0.192,-0.981],"_shiftlockState":true,"_pose":"Running","_animationQueue":[],"_animationSpeed":1.103,"_zoom":20.656},{"_mousePosition":[683,384],"_rootPartCFrame":[751.718,222.442,47.223,-1,0,-0.003,0,1,0,0.003,0,-1],"_humanoidState":8,"_cameraCFrame":[749.901,227.916,26.959,-1,0.001,-0.003,0,0.981,0.192,0.003,0.192,-0.981],"_shiftlockState":true,"_pose":"Running","_animationQueue":[],"_animationSpeed":1.103,"_zoom":20.656},{"_mousePosition":[683,384],"_rootPartCFrame":[751.451,222.558,47.224,-1,0,-0.003,0,1,0,0.003,0,-1],"_humanoidState":8,"_cameraCFrame":[749.685,228.032,26.955,-1,0,-0.001,0,0.981,0.192,0.001,0.192,-0.981],"_shiftlockState":true,"_pose":"Running","_animationQueue":[],"_animationSpeed":1.103,"_zoom":20.656},{"_mousePosition":[683,384],"_rootPartCFrame":[751.185,222.622,47.225,-1,0,-0.001,0,1,0,0.001,0,-1],"_humanoidState":8,"_cameraCFrame":[749.419,228.097,26.956,-1,0,-0.001,0,0.981,0.192,0.001,0.192,-0.981],"_shiftlockState":true,"_pose":"Running","_animationQueue":[],"_animationSpeed":1.103,"_zoom":20.656},{"_mousePosition":[683,384],"_rootPartCFrame":[750.918,222.658,47.225,-1,0,-0.001,0,1,0,0.001,0,-1],"_humanoidState":8,"_cameraCFrame":[749.203,228.132,26.952,-1,0,0.002,0,0.981,0.192,-0.002,0.192,-0.981],"_shiftlockState":true,"_pose":"Running","_animationQueue":[["walk",0.1]],"_animationSpeed":1.103,"_zoom":20.656},{"_mousePosition":[683,384],"_rootPartCFrame":[750.651,222.677,47.225,-1,0,0.002,0,1,0,-0.002,0,-1],"_humanoidState":8,"_cameraCFrame":[748.988,228.151,26.948,-1,-0.001,0.004,0,0.981,0.192,-0.004,0.192,-0.981],"_shiftlockState":true,"_pose":"Running","_animationQueue":[],"_animationSpeed":1.103,"_zoom":20.656},{"_mousePosition":[683,384],"_rootPartCFrame":[750.385,222.687,47.225,-1,0,0.004,0,1,0,-0.004,0,-1],"_humanoidState":8,"_cameraCFrame":[748.721,228.161,26.947,-1,-0.001,0.004,0,0.981,0.192,-0.004,0.192,-0.981],"_shiftlockState":true,"_pose":"Running","_animationQueue":[],"_animationSpeed":1.103,"_zoom":20.656},{"_mousePosition":[683,384],"_rootPartCFrame":[750.118,222.693,47.224,-1,0,0.004,0,1,0,-0.004,0,-1],"_humanoidState":8,"_cameraCFrame":[748.455,228.167,26.946,-1,-0.001,0.004,0,0.981,0.192,-0.004,0.192,-0.981],"_shiftlockState":true,"_pose":"Running","_animationQueue":[],"_animationSpeed":1.103,"_zoom":20.656},{"_mousePosition":[683,384],"_rootPartCFrame":[749.785,222.696,47.223,-1,0,0.004,0,1,0,-0.004,0,-1],"_humanoidState":8,"_cameraCFrame":[748.122,228.171,26.945,-1,-0.001,0.004,0,0.981,0.192,-0.004,0.192,-0.981],"_shiftlockState":true,"_pose":"Running","_animationQueue":[],"_animationSpeed":1.103,"_zoom":20.656},{"_mousePosition":[683,384],"_rootPartCFrame":[749.518,222.698,47.221,-1,0,0.004,0,1,0,-0.004,0,-1],"_humanoidState":8,"_cameraCFrame":[747.855,228.172,26.944,-1,-0.001,0.004,0,0.981,0.192,-0.004,0.192,-0.981],"_shiftlockState":true,"_pose":"Running","_animationQueue":[],"_animationSpeed":1.103,"_zoom":20.656},{"_mousePosition":[683,384],"_rootPartCFrame":[749.251,222.699,47.22,-1,0,0.004,0,1,0,-0.004,0,-1],"_humanoidState":8,"_cameraCFrame":[747.588,228.173,26.943,-1,-0.001,0.004,0,0.981,0.192,-0.004,0.192,-0.981],"_shiftlockState":true,"_pose":"Running","_animationQueue":[["walk",0.1]],"_animationSpeed":1.103,"_zoom":20.656},{"_mousePosition":[683,384],"_rootPartCFrame":[748.985,222.699,47.219,-1,0,0.004,0,1,0,-0.004,0,-1],"_humanoidState":8,"_cameraCFrame":[747.321,228.173,26.941,-1,-0.001,0.004,0,0.981,0.192,-0.004,0.192,-0.981],"_shiftlockState":true,"_pose":"Running","_animationQueue":[],"_animationSpeed":1.103,"_zoom":20.656},{"_mousePosition":[683,384],"_rootPartCFrame":[748.718,222.699,47.218,-1,0,0.004,0,1,0,-0.004,0,-1],"_humanoidState":8,"_cameraCFrame":[747.055,228.173,26.94,-1,-0.001,0.004,0,0.981,0.192,-0.004,0.192,-0.981],"_shiftlockState":true,"_pose":"Running","_animationQueue":[],"_animationSpeed":1.103,"_zoom":20.656},{"_mousePosition":[683,384],"_rootPartCFrame":[748.451,222.7,47.217,-1,0,0.004,0,1,0,-0.004,0,-1],"_humanoidState":8,"_cameraCFrame":[746.788,228.174,26.939,-1,-0.001,0.004,0,0.981,0.192,-0.004,0.192,-0.981],"_shiftlockState":true,"_pose":"Running","_animationQueue":[],"_animationSpeed":1.103,"_zoom":20.656},{"_mousePosition":[683,384],"_rootPartCFrame":[748.185,222.7,47.216,-1,0,0.004,0,1,0,-0.004,0,-1],"_humanoidState":8,"_cameraCFrame":[746.521,228.174,26.938,-1,-0.001,0.004,0,0.981,0.192,-0.004,0.192,-0.981],"_shiftlockState":true,"_pose":"Running","_animationQueue":[],"_animationSpeed":1.103,"_zoom":20.656},{"_mousePosition":[683,384],"_rootPartCFrame":[747.918,222.7,47.215,-1,0,0.004,0,1,0,-0.004,0,-1],"_humanoidState":8,"_cameraCFrame":[746.254,228.174,26.937,-1,-0.001,0.004,0,0.981,0.192,-0.004,0.192,-0.981],"_shiftlockState":true,"_pose":"Running","_animationQueue":[],"_animationSpeed":1.103,"_zoom":20.656},{"_mousePosition":[683,384],"_rootPartCFrame":[747.651,222.7,47.213,-1,0,0.004,0,1,0,-0.004,0,-1],"_humanoidState":8,"_cameraCFrame":[746.039,228.174,26.932,-1,-0.001,0.007,0,0.981,0.192,-0.007,0.192,-0.981],"_shiftlockState":true,"_pose":"Running","_animationQueue":[],"_animationSpeed":1.103,"_zoom":20.656},{"_mousePosition":[683,384],"_rootPartCFrame":[747.384,222.7,47.212,-1,0,0.007,0,1,0,-0.007,0,-1],"_humanoidState":8,"_cameraCFrame":[745.773,228.174,26.93,-1,-0.001,0.007,0,0.981,0.192,-0.007,0.192,-0.981],"_shiftlockState":true,"_pose":"Running","_animationQueue":[["walk",0.1]],"_animationSpeed":1.103,"_zoom":20.656},{"_mousePosition":[683,384],"_rootPartCFrame":[747.118,222.7,47.211,-1,0,0.007,0,1,0,-0.007,0,-1],"_humanoidState":8,"_cameraCFrame":[745.506,228.174,26.929,-1,-0.001,0.007,0,0.981,0.192,-0.007,0.192,-0.981],"_shiftlockState":true,"_pose":"Running","_animationQueue":[],"_animationSpeed":1.103,"_zoom":20.656},{"_mousePosition":[683,384],"_rootPartCFrame":[746.851,222.7,47.209,-1,0,0.007,0,1,0,-0.007,0,-1],"_humanoidState":8,"_cameraCFrame":[745.291,228.174,26.923,-1,-0.002,0.009,0,0.981,0.192,-0.009,0.192,-0.981],"_shiftlockState":true,"_pose":"Running","_animationQueue":[],"_animationSpeed":1.103,"_zoom":20.656},{"_mousePosition":[683,384],"_rootPartCFrame":[746.585,222.7,47.207,-1,0,0.009,0,1,0,-0.009,0,-1],"_humanoidState":8,"_cameraCFrame":[745.024,228.174,26.921,-1,-0.002,0.009,0,0.981,0.192,-0.009,0.192,-0.981],"_shiftlockState":true,"_pose":"Running","_animationQueue":[],"_animationSpeed":1.103,"_zoom":20.656},{"_mousePosition":[683,384],"_rootPartCFrame":[746.318,222.7,47.205,-1,0,0.009,0,1,0,-0.009,0,-1],"_humanoidState":8,"_cameraCFrame":[744.809,228.174,26.915,-1,-0.002,0.012,0,0.981,0.192,-0.012,0.192,-0.981],"_shiftlockState":true,"_pose":"Running","_animationQueue":[],"_animationSpeed":1.103,"_zoom":20.656},{"_mousePosition":[683,384],"_rootPartCFrame":[745.985,222.7,47.201,-1,0,0.012,0,1,0,-0.012,0,-1],"_humanoidState":8,"_cameraCFrame":[744.475,228.174,26.912,-1,-0.002,0.012,0,0.981,0.192,-0.012,0.192,-0.981],"_shiftlockState":true,"_pose":"Running","_animationQueue":[],"_animationSpeed":1.103,"_zoom":20.656},{"_mousePosition":[683,384],"_rootPartCFrame":[745.785,222.679,47.2,-1,0,0.012,0,1,0,-0.012,0,-1],"_humanoidState":8,"_cameraCFrame":[744.276,228.153,26.91,-1,-0.002,0.012,0,0.981,0.192,-0.012,0.192,-0.981],"_shiftlockState":true,"_pose":"Running","_animationQueue":[],"_animationSpeed":1.103,"_zoom":20.656},{"_mousePosition":[683,384],"_rootPartCFrame":[745.518,222.604,47.197,-1,0,0.012,0,1,0,-0.012,0,-1],"_humanoidState":8,"_cameraCFrame":[744.06,228.078,26.904,-1,-0.003,0.014,0,0.981,0.192,-0.014,0.192,-0.981],"_shiftlockState":true,"_pose":"Running","_animationQueue":[["walk",0.1]],"_animationSpeed":1.103,"_zoom":20.656},{"_mousePosition":[683,384],"_rootPartCFrame":[745.252,222.475,47.195,-1,0,0.014,0,1,0,-0.014,0,-1],"_humanoidState":8,"_cameraCFrame":[743.794,227.949,26.901,-1,-0.003,0.014,0,0.981,0.192,-0.014,0.192,-0.981],"_shiftlockState":true,"_pose":"Running","_animationQueue":[],"_animationSpeed":1.103,"_zoom":20.656},{"_mousePosition":[683,384],"_rootPartCFrame":[744.985,222.291,47.192,-1,0,0.014,0,1,0,-0.014,0,-1],"_humanoidState":8,"_cameraCFrame":[743.527,227.765,26.899,-1,-0.003,0.014,0,0.981,0.192,-0.014,0.192,-0.981],"_shiftlockState":true,"_pose":"Running","_animationQueue":[],"_animationSpeed":1.103,"_zoom":20.656},{"_mousePosition":[683,384],"_rootPartCFrame":[744.652,221.984,47.189,-1,0,0.014,0,1,0,-0.014,0,-1],"_humanoidState":8,"_cameraCFrame":[743.245,227.458,26.892,-1,-0.003,0.017,0,0.981,0.192,-0.017,0.192,-0.981],"_shiftlockState":true,"_pose":"Running","_animationQueue":[],"_animationSpeed":1.103,"_zoom":20.656},{"_mousePosition":[683,384],"_rootPartCFrame":[744.385,221.678,47.187,-1,0,0.017,0,1,0,-0.017,0,-1],"_humanoidState":8,"_cameraCFrame":[742.979,227.152,26.889,-1,-0.003,0.017,0,0.981,0.192,-0.017,0.192,-0.981],"_shiftlockState":true,"_pose":"Running","_animationQueue":[],"_animationSpeed":1.103,"_zoom":20.656},{"_mousePosition":[683,384],"_rootPartCFrame":[744.185,221.825,47.183,-1,0,0.017,0,1,0,-0.017,0,-1],"_humanoidState":8,"_cameraCFrame":[742.779,227.299,26.886,-1,-0.003,0.017,0,0.981,0.192,-0.017,0.192,-0.981],"_shiftlockState":true,"_pose":"Running","_animationQueue":[],"_animationSpeed":1.103,"_zoom":20.656},{"_mousePosition":[683,384],"_rootPartCFrame":[743.919,222.166,47.179,-1,0,0.017,0,1,0,-0.017,0,-1],"_humanoidState":8,"_cameraCFrame":[742.564,227.601,26.871,-1,-0.004,0.019,0,0.982,0.19,-0.019,0.19,-0.982],"_shiftlockState":true,"_pose":"Running","_animationQueue":[],"_animationSpeed":1.103,"_zoom":20.656},{"_mousePosition":[683,384],"_rootPartCFrame":[743.652,222.4,47.174,-1,0,0.019,0,1,0,-0.019,0,-1],"_humanoidState":8,"_cameraCFrame":[742.348,227.835,26.863,-1,-0.004,0.022,0,0.982,0.19,-0.022,0.19,-0.981],"_shiftlockState":true,"_pose":"Running","_animationQueue":[["walk",0.1]],"_animationSpeed":1.103,"_zoom":20.656},{"_mousePosition":[683,384],"_rootPartCFrame":[743.385,222.535,47.169,-1,0,0.022,0,1,0,-0.022,0,-1],"_humanoidState":8,"_cameraCFrame":[742.082,227.97,26.858,-1,-0.004,0.022,0,0.982,0.19,-0.022,0.19,-0.981],"_shiftlockState":true,"_pose":"Running","_animationQueue":[],"_animationSpeed":1.103,"_zoom":20.656},{"_mousePosition":[683,384],"_rootPartCFrame":[743.052,222.622,47.162,-1,0,0.022,0,1,0,-0.022,0,-1],"_humanoidState":8,"_cameraCFrame":[741.749,228.057,26.85,-1,-0.004,0.022,0,0.982,0.19,-0.022,0.19,-0.981],"_shiftlockState":true,"_pose":"Running","_animationQueue":[],"_animationSpeed":1.103,"_zoom":20.656},{"_mousePosition":[683,384],"_rootPartCFrame":[742.786,222.658,47.156,-1,0,0.022,0,1,0,-0.022,0,-1],"_humanoidState":8,"_cameraCFrame":[741.482,228.092,26.845,-1,-0.004,0.022,0,0.982,0.19,-0.022,0.19,-0.981],"_shiftlockState":true,"_pose":"Running","_animationQueue":[],"_animationSpeed":1.103,"_zoom":20.656},{"_mousePosition":[683,384],"_rootPartCFrame":[742.519,222.677,47.15,-1,0,0.022,0,1,0,-0.022,0,-1],"_humanoidState":8,"_cameraCFrame":[741.215,228.112,26.839,-1,-0.004,0.022,0,0.982,0.19,-0.022,0.19,-0.981],"_shiftlockState":true,"_pose":"Running","_animationQueue":[],"_animationSpeed":1.103,"_zoom":20.656},{"_mousePosition":[683,384],"_rootPartCFrame":[742.252,222.688,47.144,-1,0,0.022,0,1,0,-0.022,0,-1],"_humanoidState":8,"_cameraCFrame":[740.949,228.122,26.833,-1,-0.004,0.022,0,0.982,0.19,-0.022,0.19,-0.981],"_shiftlockState":true,"_pose":"Running","_animationQueue":[],"_animationSpeed":1.103,"_zoom":20.656},{"_mousePosition":[683,384],"_rootPartCFrame":[741.986,222.693,47.139,-1,0,0.022,0,1,0,-0.022,0,-1],"_humanoidState":8,"_cameraCFrame":[740.682,228.128,26.827,-1,-0.004,0.022,0,0.982,0.19,-0.022,0.19,-0.981],"_shiftlockState":true,"_pose":"Running","_animationQueue":[["walk",0.1]],"_animationSpeed":1.103,"_zoom":20.656