[{"_mousePosition":[675,347],"_rootPartCFrame":[776.034,222.7,47.142,-0.002,0,1,0,1,0,-1,0,-0.002],"_humanoidState":8,"_cameraCFrame":[776.133,240.08,44.344,-0.999,-0.035,0.006,0,0.174,0.985,-0.035,0.984,-0.174],"_shiftlockState":false,"_pose":"Standing","_animationQueue":[],"_animationSpeed":1,"_zoom":16.125},{"_mousePosition":[675,347],"_rootPartCFrame":[775.863,222.7,47.136,0.002,0,1,0,1,0,-1,0,0.002],"_humanoidState":8,"_cameraCFrame":[775.962,240.08,44.338,-0.999,-0.035,0.006,0,0.174,0.985,-0.035,0.984,-0.174],"_shiftlockState":false,"_pose":"Standing","_animationQueue":[],"_animationSpeed":1,"_zoom":16.125},{"_mousePosition":[675,347],"_rootPartCFrame":[775.598,222.7,47.127,0.007,0,1,0,1,0,-1,0,0.007],"_humanoidState":8,"_cameraCFrame":[775.697,240.08,44.329,-0.999,-0.035,0.006,0,0.174,0.985,-0.035,0.984,-0.174],"_shiftlockState":false,"_pose":"Running","_animationQueue":[["walk",0.1]],"_animationSpeed":1.003,"_zoom":16.125},{"_mousePosition":[675,347],"_rootPartCFrame":[775.332,222.7,47.118,0.01,0,1,0,1,0,-1,0,0.01],"_humanoidState":8,"_cameraCFrame":[775.431,240.08,44.319,-0.999,-0.035,0.006,0,0.174,0.985,-0.035,0.984,-0.174],"_shiftlockState":false,"_pose":"Running","_animationQueue":[["walk",0.1]],"_animationSpeed":1.101,"_zoom":16.125},{"_mousePosition":[675,347],"_rootPartCFrame":[775.065,222.7,47.108,0.014,0,1,0,1,0,-1,0,0.014],"_humanoidState":8,"_cameraCFrame":[775.164,240.08,44.31,-0.999,-0.035,0.006,0,0.174,0.985,-0.035,0.984,-0.174],"_shiftlockState":false,"_pose":"Running","_animationQueue":[["walk",0.1]],"_animationSpeed":1.101,"_zoom":16.125},{"_mousePosition":[675,347],"_rootPartCFrame":[774.799,222.7,47.099,0.017,0,1,0,1,0,-1,0,0.017],"_humanoidState":8,"_cameraCFrame":[774.898,240.08,44.3,-0.999,-0.035,0.006,0,0.174,0.985,-0.035,0.984,-0.174],"_shiftlockState":false,"_pose":"Running","_animationQueue":[],"_animationSpeed":1.101,"_zoom":16.125},{"_mousePosition":[675,347],"_rootPartCFrame":[774.532,222.7,47.089,0.019,0,1,0,1,0,-1,0,0.019],"_humanoidState":8,"_cameraCFrame":[774.631,240.08,44.291,-0.999,-0.035,0.006,0,0.174,0.985,-0.035,0.984,-0.174],"_shiftlockState":false,"_pose":"Running","_animationQueue":[],"_animationSpeed":1.101,"_zoom":16.125},{"_mousePosition":[675,347],"_rootPartCFrame":[774.266,222.7,47.08,0.021,0,1,0,1,0,-1,0,0.021],"_humanoidState":8,"_cameraCFrame":[774.372,240.08,44.282,-0.999,-0.037,0.007,0,0.174,0.985,-0.038,0.984,-0.174],"_shiftlockState":false,"_pose":"Running","_animationQueue":[],"_animationSpeed":1.101,"_zoom":16.125},{"_mousePosition":[675,347],"_rootPartCFrame":[773.999,222.7,47.07,0.023,0,1,0,1,0,-1,0,0.023],"_humanoidState":8,"_cameraCFrame":[774.105,240.08,44.272,-0.999,-0.037,0.007,0,0.174,0.985,-0.038,0.984,-0.174],"_shiftlockState":false,"_pose":"Running","_animationQueue":[],"_animationSpeed":1.101,"_zoom":16.125},{"_mousePosition":[675,347],"_rootPartCFrame":[773.733,222.7,47.06,0.025,0,1,0,1,0,-1,0,0.025],"_humanoidState":8,"_cameraCFrame":[773.839,240.08,44.262,-0.999,-0.037,0.007,0,0.174,0.985,-0.038,0.984,-0.174],"_shiftlockState":false,"_pose":"Running","_animationQueue":[],"_animationSpeed":1.101,"_zoom":16.125},{"_mousePosition":[675,347],"_rootPartCFrame":[773.466,222.7,47.05,0.027,0,1,0,1,0,-1,0,0.027],"_humanoidState":8,"_cameraCFrame":[773.572,240.08,44.252,-0.999,-0.037,0.007,0,0.174,0.985,-0.038,0.984,-0.174],"_shiftlockState":false,"_pose":"Running","_animationQueue":[["walk",0.1]],"_animationSpeed":1.101,"_zoom":16.125},{"_mousePosition":[675,347],"_rootPartCFrame":[773.2,222.7,47.04,0.028,0,1,0,1,0,-1,0,0.028],"_humanoidState":8,"_cameraCFrame":[773.306,240.08,44.242,-0.999,-0.037,0.007,0,0.174,0.985,-0.038,0.984,-0.174],"_shiftlockState":false,"_pose":"Running","_animationQueue":[],"_animationSpeed":1.101,"_zoom":16.125},{"_mousePosition":[675,347],"_rootPartCFrame":[772.934,222.7,47.03,0.03,0,1,0,1,0,-1,0,0.03],"_humanoidState":8,"_cameraCFrame":[773.032,240.08,44.232,-0.999,-0.035,0.006,0,0.174,0.985,-0.035,0.984,-0.174],"_shiftlockState":false,"_pose":"Running","_animationQueue":[],"_animationSpeed":1.101,"_zoom":16.125},{"_mousePosition":[675,347],"_rootPartCFrame":[772.667,222.7,47.02,0.031,0,1,0,1,0,-1,0,0.031],"_humanoidState":8,"_cameraCFrame":[772.759,240.08,44.222,-0.999,-0.032,0.006,0,0.174,0.985,-0.033,0.984,-0.174],"_shiftlockState":false,"_pose":"Running","_animationQueue":[],"_animationSpeed":1.101,"_zoom":16.125},{"_mousePosition":[675,347],"_rootPartCFrame":[772.401,222.7,47.011,0.031,0,1,0,1,0,-1,0,0.031],"_humanoidState":8,"_cameraCFrame":[772.485,240.08,44.212,-1,-0.03,0.005,0,0.174,0.985,-0.03,0.984,-0.174],"_shiftlockState":false,"_pose":"Running","_animationQueue":[],"_animationSpeed":1.101,"_zoom":16.125},{"_mousePosition":[675,347],"_rootPartCFrame":[772.134,222.7,47.002,0.032,0,0.999,0,1,0,-0.999,0,0.032],"_humanoidState":8,"_cameraCFrame":[772.212,240.08,44.203,-1,-0.027,0.005,0,0.174,0.985,-0.028,0.984,-0.174],"_shiftlockState":false,"_pose":"Running","_animationQueue":[],"_animationSpeed":1.101,"_zoom":16.125},{"_mousePosition":[675,347],"_rootPartCFrame":[771.867,222.7,46.994,0.031,0,1,0,1,0,-1,0,0.031],"_humanoidState":8,"_cameraCFrame":[771.938,240.08,44.195,-1,-0.025,0.004,0,0.174,0.985,-0.025,0.984,-0.174],"_shiftlockState":false,"_pose":"Running","_animationQueue":[],"_animationSpeed":1.101,"_zoom":16.125},{"_mousePosition":[675,347],"_rootPartCFrame":[771.601,222.7,46.986,0.031,0,1,0,1,0,-1,0,0.031],"_humanoidState":8,"_cameraCFrame":[771.664,240.08,44.187,-1,-0.022,0.004,0,0.174,0.985,-0.023,0.985,-0.174],"_shiftlockState":false,"_pose":"Running","_animationQueue":[["walk",0.1]],"_animationSpeed":1.101,"_zoom":16.125},{"_mousePosition":[675,347],"_rootPartCFrame":[771.334,222.7,46.979,0.03,0,1,0,1,0,-1,0,0.03],"_humanoidState":8,"_cameraCFrame":[771.398,240.08,44.18,-1,-0.022,0.004,0,0.174,0.985,-0.023,0.985,-0.174],"_shiftlockState":false,"_pose":"Running","_animationQueue":[],"_animationSpeed":1.101,"_zoom":16.125},{"_mousePosition":[675,347],"_rootPartCFrame":[771.068,222.7,46.973,0.029,0,1,0,1,0,-1,0,0.029],"_humanoidState":8,"_cameraCFrame":[769.374,240.08,44.139,-1,-0.02,0.003,0,0.174,0.985,-0.02,0.985,-0.174],"_shiftlockState":true,"_pose":"Running","_animationQueue":[],"_animationSpeed":1.101,"_zoom":16.125},{"_mousePosition":[683,384],"_rootPartCFrame":[770.668,222.7,46.964,-0.992,0,-0.127,0,1,0,0.127,0,-0.992],"_humanoidState":8,"_cameraCFrame":[768.974,240.08,44.13,-1,-0.02,0.003,0,0.174,0.985,-0.02,0.985,-0.174],"_shiftlockState":true,"_pose":"Running","_animationQueue":[],"_animationSpeed":1.101,"_zoom":16.125},{"_mousePosition":[683,384],"_rootPartCFrame":[770.468,222.7,46.96,-1,0,-0.005,0,1,0,0.005,0,-1],"_humanoidState":8,"_cameraCFrame":[768.775,240.08,44.125,-1,-0.02,0.003,0,0.174,0.985,-0.02,0.985,-0.174],"_shiftlockState":true,"_pose":"Running","_animationQueue":[],"_animationSpeed":1.101,"_zoom":16.125},{"_mousePosition":[683,384],"_rootPartCFrame":[770.201,222.7,46.955,-1,0,0.016,0,1,0,-0.016,0,-1],"_humanoidState":8,"_cameraCFrame":[768.508,240.08,44.12,-1,-0.02,0.003,0,0.174,0.985,-0.02,0.985,-0.174],"_shiftlockState":true,"_pose":"Running","_animationQueue":[],"_animationSpeed":1.101,"_zoom":16.125},{"_mousePosition":[683,384],"_rootPartCFrame":[769.935,222.666,46.949,-1,0,0.02,0,1,0,-0.02,0,-1],"_humanoidState":8,"_cameraCFrame":[768.234,240.046,44.119,-1,-0.017,0.003,0,0.174,0.985,-0.018,0.985,-0.174],"_shiftlockState":true,"_pose":"Running","_animationQueue":[],"_animationSpeed":1.101,"_zoom":16.125},{"_mousePosition":[683,384],"_rootPartCFrame":[769.601,223.749,46.943,-1,0,0.017,0,1,0,-0.017,0,-1],"_humanoidState":3,"_cameraCFrame":[767.894,241.129,44.117,-1,-0.015,0.003,0,0.174,0.985,-0.015,0.985,-0.174],"_shiftlockState":true,"_pose":"Jumping","_animationQueue":[["walk",0.1],["walk",0.1],["jump",0.1]],"_animationSpeed":1,"_zoom":16.125},{"_mousePosition":[683,384],"_rootPartCFrame":[769.401,224.361,46.939,-0.997,0,0.078,0,1,0,-0.078,0,-0.997],"_humanoidState":5,"_cameraCFrame":[767.68,241.741,44.122,-1,-0.01,0.002,0,0.174,0.985,-0.01,0.985,-0.174],"_shiftlockState":true,"_pose":"FreeFall","_animationQueue":[["jump",0.1]],"_animationSpeed":1,"_zoom":16.125},{"_mousePosition":[683,384],"_rootPartCFrame":[769.135,225.128,46.935,-0.991,0,0.135,0,1,0,-0.135,0,-0.991],"_humanoidState":5,"_cameraCFrame":[767.392,242.508,44.131,-1,-0.002,0,0,0.174,0.985,-0.002,0.985,-0.174],"_shiftlockState":true,"_pose":"FreeFall","_animationQueue":[],"_animationSpeed":1,"_zoom":16.125},{"_mousePosition":[683,384],"_rootPartCFrame":[768.868,225.841,46.932,-0.991,0,0.134,0,1,0,-0.134,0,-0.991],"_humanoidState":5,"_cameraCFrame":[767.104,243.221,44.141,-1,0.005,-0.001,0,0.174,0.985,0.005,0.985,-0.174],"_shiftlockState":true,"_pose":"FreeFall","_animationQueue":[],"_animationSpeed":1,"_zoom":16.125},{"_mousePosition":[683,384],"_rootPartCFrame":[768.602,226.5,46.931,-0.992,0,0.128,0,1,0,-0.128,0,-0.992],"_humanoidState":5,"_cameraCFrame":[766.823,243.88,44.149,-1,0.01,-0.002,0,0.174,0.985,0.01,0.985,-0.174],"_shiftlockState":true,"_pose":"FreeFall","_animationQueue":[],"_animationSpeed":1,"_zoom":16.125},{"_mousePosition":[683,384],"_rootPartCFrame":[768.335,227.104,46.932,-0.992,0,0.123,0,1,0,-0.123,0,-0.992],"_humanoidState":5,"_cameraCFrame":[766.549,244.484,44.155,-1,0.013,-0.002,0,0.174,0.985,0.013,0.985,-0.174],"_shiftlockState":true,"_pose":"FreeFall","_animationQueue":[],"_animationSpeed":1,"_zoom":16.125},{"_mousePosition":[683,384],"_rootPartCFrame":[768.002,227.782,46.936,-0.988,0,0.153,0,1,0,-0.153,0,-0.988],"_humanoidState":5,"_cameraCFrame":[766.216,245.162,44.158,-1,0.013,-0.002,0,0.174,0.985,0.013,0.985,-0.174],"_shiftlockState":true,"_pose":"FreeFall","_animationQueue":[],"_animationSpeed":1,"_zoom":16.125},{"_mousePosition":[683,384],"_rootPartCFrame":[767.802,228.148,46.938,-0.996,0,0.087,0,1,0,-0.087,0,-0.996],"_humanoidState":5,"_cameraCFrame":[766.016,245.528,44.16,-1,0.013,-0.002,0,0.174,0.985,0.013,0.985,-0.174],"_shiftlockState":true,"_pose":"FreeFall","_animationQueue":[],"_animationSpeed":1,"_zoom":16.125},{"_mousePosition":[683,384],"_rootPartCFrame":[767.535,228.589,46.941,-0.993,0,0.12,0,1,0,-0.12,0,-0.993],"_humanoidState":5,"_cameraCFrame":[765.75,245.969,44.164,-1,0.013,-0.002,0,0.174,0.985,0.013,0.985,-0.174],"_shiftlockState":true,"_pose":"FreeFall","_animationQueue":[],"_animationSpeed":1,"_zoom":16.125},{"_mousePosition":[683,384],"_rootPartCFrame":[767.269,228.975,46.945,-0.993,0,0.12,0,1,0,-0.12,0,-0.993],"_humanoidState":5,"_cameraCFrame":[765.483,246.355,44.167,-1,0.013,-0.002,0,0.174,0.985,0.013,0.985,-0.174],"_shiftlockState":true,"_pose":"FreeFall","_animationQueue":[],"_animationSpeed":1,"_zoom":16.125},{"_mousePosition":[683,384],"_rootPartCFrame":[767.002,229.306,46.948,-0.993,0,0.12,0,1,0,-0.12,0,-0.993],"_humanoidState":5,"_cameraCFrame":[765.209,246.686,44.175,-1,0.015,-0.003,0,0.174,0.985,0.015,0.985,-0.174],"_shiftlockState":true,"_pose":"FreeFall","_animationQueue":[],"_animationSpeed":1,"_zoom":16.125},{"_mousePosition":[683,384],"_rootPartCFrame":[766.735,229.583,46.952,-0.993,0,0.118,0,1,0,-0.118,0,-0.993],"_humanoidState":5,"_cameraCFrame":[764.943,246.963,44.179,-1,0.015,-0.003,0,0.174,0.985,0.015,0.985,-0.174],"_shiftlockState":true,"_pose":"FreeFall","_animationQueue":[],"_animationSpeed":1,"_zoom":16.125},{"_mousePosition":[683,384],"_rootPartCFrame":[766.469,229.806,46.956,-0.993,0,0.118,0,1,0,-0.118,0,-0.993],"_humanoidState":5,"_cameraCFrame":[764.676,247.186,44.183,-1,0.015,-0.003,0,0.174,0.985,0.015,0.985,-0.174],"_shiftlockState":true,"_pose":"FreeFall","_animationQueue":[],"_animationSpeed":1,"_zoom":16.125},{"_mousePosition":[683,384],"_rootPartCFrame":[766.202,229.974,46.96,-0.993,0,0.118,0,1,0,-0.118,0,-0.993],"_humanoidState":5,"_cameraCFrame":[764.41,247.354,44.187,-1,0.015,-0.003,0,0.174,0.985,0.015,0.985,-0.174],"_shiftlockState":true,"_pose":"FreeFall","_animationQueue":[],"_animationSpeed":1,"_zoom":16.125},{"_mousePosition":[683,384],"_rootPartCFrame":[765.936,230.087,46.964,-0.993,0,0.118,0,1,0,-0.118,0,-0.993],"_humanoidState":5,"_cameraCFrame":[764.143,247.468,44.191,-1,0.015,-0.003,0,0.174,0.985,0.015,0.985,-0.174],"_shiftlockState":true,"_pose":"FreeFall","_animationQueue":[],"_animationSpeed":1,"_zoom":16.125},{"_mousePosition":[683,384],"_rootPartCFrame":[765.669,230.147,46.968,-0.993,0,0.118,0,1,0,-0.118,0,-0.993],"_humanoidState":5,"_cameraCFrame":[763.876,247.527,44.195,-1,0.015,-0.003,0,0.174,0.985,0.015,0.985,-0.174],"_shiftlockState":true,"_pose":"FreeFall","_animationQueue":[],"_animationSpeed":1,"_zoom":16.125},{"_mousePosition":[683,384],"_rootPartCFrame":[765.402,230.151,46.972,-0.993,0,0.118,0,1,0,-0.118,0,-0.993],"_humanoidState":5,"_cameraCFrame":[763.617,247.531,44.194,-1,0.013,-0.002,0,0.174,0.985,0.013,0.985,-0.174],"_shiftlockState":true,"_pose":"FreeFall","_animationQueue":[],"_animationSpeed":1,"_zoom":16.125},{"_mousePosition":[683,384],"_rootPartCFrame":[765.136,230.101,46.976,-0.993,0,0.12,0,1,0,-0.12,0,-0.993],"_humanoidState":5,"_cameraCFrame":[763.364,247.481,44.189,-1,0.008,-0.001,0,0.174,0.985,0.008,0.985,-0.174],"_shiftlockState":true,"_pose":"FreeFall","_animationQueue":[],"_animationSpeed":1,"_zoom":16.125},{"_mousePosition":[683,384],"_rootPartCFrame":[764.869,229.997,46.979,-0.992,0,0.125,0,1,0,-0.125,0,-0.992],"_humanoidState":5,"_cameraCFrame":[763.141,247.366,44.105,-1,-0.007,0.001,0,0.177,0.984,-0.007,0.984,-0.177],"_shiftlockState":true,"_pose":"FreeFall","_animationQueue":[],"_animationSpeed":1,"_zoom":16.125},{"_mousePosition":[683,384],"_rootPartCFrame":[764.603,229.838,46.982,-0.99,0,0.14,0,1,0,-0.14,0,-0.99],"_humanoidState":5,"_cameraCFrame":[762.904,247.201,44.059,-1,-0.017,0.003,0,0.179,0.984,-0.018,0.984,-0.179],"_shiftlockState":true,"_pose":"FreeFall","_animationQueue":[["fall",0.3]],"_animationSpeed":1,"_zoom":16.125},{"_mousePosition":[683,384],"_rootPartCFrame":[764.336,229.624,46.98,-0.989,0,0.15,0,1,0,-0.15,0,-0.989],"_humanoidState":5,"_cameraCFrame":[762.659,246.988,44.044,-1,-0.025,0.005,0,0.179,0.984,-0.025,0.983,-0.179],"_shiftlockState":true,"_pose":"FreeFall","_animationQueue":[],"_animationSpeed":1,"_zoom":16.125},{"_mousePosition":[683,384],"_rootPartCFrame":[764.069,229.356,46.976,-0.987,0,0.158,0,1,0,-0.158,0,-0.987],"_humanoidState":5,"_cameraCFrame":[762.393,246.72,44.04,-1,-0.025,0.005,0,0.179,0.984,-0.025,0.983,-0.179],"_shiftlockState":true,"_pose":"FreeFall","_animationQueue":[],"_animationSpeed":1,"_zoom":16.125},{"_mousePosition":[683,384],"_rootPartCFrame":[763.803,229.034,46.97,-0.987,0,0.158,0,1,0,-0.158,0,-0.987],"_humanoidState":5,"_cameraCFrame":[762.126,246.397,44.034,-1,-0.025,0.005,0,0.179,0.984,-0.025,0.983,-0.179],"_shiftlockState":true,"_pose":"FreeFall","_animationQueue":[],"_animationSpeed":1,"_zoom":16.125},{"_mousePosition":[683,384],"_rootPartCFrame":[763.536,228.657,46.963,-0.987,0,0.158,0,1,0,-0.158,0,-0.987],"_humanoidState":5,"_cameraCFrame":[761.867,246.02,44.023,-1,-0.027,0.005,0,0.179,0.984,-0.028,0.983,-0.179],"_shiftlockState":true,"_pose":"FreeFall","_animationQueue":[],"_animationSpeed":1,"_zoom":16.125},{"_mousePosition":[683,384],"_rootPartCFrame":[763.27,228.225,46.956,-0.987,0,0.16,0,1,0,-0.16,0,-0.987],"_humanoidState":5,"_cameraCFrame":[761.6,245.589,44.016,-1,-0.027,0.005,0,0.179,0.984,-0.028,0.983,-0.179],"_shiftlockState":true,"_pose":"FreeFall","_animationQueue":[],"_animationSpeed":1,"_zoom":16.125},{"_mousePosition":[683,384],"_rootPartCFrame":[763.003,227.739,46.949,-0.987,0,0.16,0,1,0,-0.16,0,-0.987],"_humanoidState":5,"_cameraCFrame":[761.334,245.103,44.009,-1,-0.027,0.005,0,0.179,0.984,-0.028,0.983,-0.179],"_shiftlockState":true,"_pose":"FreeFall","_animationQueue":[],"_animationSpeed":1,"_zoom":16.125},{"_mousePosition":[683,384],"_rootPartCFrame":[762.736,227.199,46.942,-0.987,0,0.16,0,1,0,-0.16,0,-0.987],"_humanoidState":5,"_cameraCFrame":[761.067,244.562,44.001,-1,-0.027,0.005,0,0.179,0.984,-0.028,0.983,-0.179],"_shiftlockState":true,"_pose":"FreeFall","_animationQueue":[["fall",0.3]],"_animationSpeed":1,"_zoom":16.125},{"_mousePosition":[683,384],"_rootPartCFrame":[762.47,226.604,46.934,-0.987,0,0.16,0,1,0,-0.16,0,-0.987],"_humanoidState":5,"_cameraCFrame":[760.801,243.967,43.994,-1,-0.027,0.005,0,0.179,0.984,-0.028,0.983,-0.179],"_shiftlockState":true,"_pose":"FreeFall","_animationQueue":[],"_animationSpeed":1,"_zoom":16.125},{"_mousePosition":[683,384],"_rootPartCFrame":[762.203,225.954,46.927,-0.987,0,0.16,0,1,0,-0.16,0,-0.987],"_humanoidState":5,"_cameraCFrame":[760.541,243.318,43.982,-1,-0.03,0.005,0,0.179,0.984,-0.03,0.983,-0.179],"_shiftlockState":true,"_pose":"FreeFall","_animationQueue":[],"_animationSpeed":1,"_zoom":16.125},{"_mousePosition":[683,384],"_rootPartCFrame":[761.937,225.25,46.919,-0.987,0,0.163,0,1,0,-0.163,0,-0.987],"_humanoidState":5,"_cameraCFrame":[760.275,242.614,43.975,-1,-0.03,0.005,0,0.179,0.984,-0.03,0.983,-0.179],"_shiftlockState":true,"_pose":"FreeFall","_animationQueue":[],"_animationSpeed":1,"_zoom":16.125},{"_mousePosition":[683,384],"_rootPartCFrame":[761.67,224.492,46.911,-0.987,0,0.163,0,1,0,-0.163,0,-0.987],"_humanoidState":5,"_cameraCFrame":[760.006,241.866,44.029,-1,-0.03,0.005,0,0.176,0.984,-0.03,0.984,-0.175],"_shiftlockState":true,"_pose":"FreeFall","_animationQueue":[],"_animationSpeed":1,"_zoom":16.125},{"_mousePosition":[683,384],"_rootPartCFrame":[761.403,223.679,46.903,-0.987,0,0.163,0,1,0,-0.163,0,-0.987],"_humanoidState":5,"_cameraCFrame":[759.739,241.059,44.052,-1,-0.03,0.005,0,0.174,0.985,-0.03,0.984,-0.174],"_shiftlockState":true,"_pose":"FreeFall","_animationQueue":[],"_animationSpeed":1,"_zoom":16.125},{"_mousePosition":[683,384],"_rootPartCFrame":[761.137,222.811,46.895,-0.998,0,0.065,0,1,0,-0.065,0,-0.998],"_humanoidState":7,"_cameraCFrame":[759.472,240.191,44.044,-1,-0.03,0.005,0,0.174,0.985,-0.03,0.984,-0.174],"_shiftlockState":true,"_pose":"FreeFall","_animationQueue":[["walk",0.1],["fall",0.3],["fall",0.3]],"_animationSpeed":1,"_zoom":16.125},{"_mousePosition":[683,384],"_rootPartCFrame":[760.87,222.617,46.887,-0.999,0,0.033,0,1,0,-0.033,0,-0.999],"_humanoidState":7,"_cameraCFrame":[759.198,239.997,44.04,-1,-0.027,0.005,0,0.174,0.985,-0.028,0.984,-0.174],"_shiftlockState":true,"_pose":"FreeFall","_animationQueue":[["fall",0.3]],"_animationSpeed":1,"_zoom":16.125},{"_mousePosition":[683,384],"_rootPartCFrame":[760.604,222.689,46.879,-1,0,0.028,0,1,0,-0.028,0,-1],"_humanoidState":8,"_cameraCFrame":[758.917,240.069,44.04,-1,-0.022,0.004,0,0.174,0.985,-0.023,0.985,-0.174],"_shiftlockState":true,"_pose":"Running","_animationQueue":[["walk",0.1],["fall",0.3],["walk",0.1]],"_animationSpeed":1.103,"_zoom":16.125},{"_mousePosition":[683,384],"_rootPartCFrame":[760.337,222.755,46.872,-1,0,0.023,0,1,0,-0.023,0,-1],"_humanoidState":8,"_cameraCFrame":[758.622,240.135,44.05,-1,-0.012,0.002,0,0.174,0.985,-0.013,0.985,-0.174],"_shiftlockState":true,"_pose":"Running","_animationQueue":[],"_animationSpeed":1.103,"_zoom":16.125},{"_mousePosition":[683,384],"_rootPartCFrame":[760.075,222.894,46.866,-1,0,0.013,0,1,0,-0.013,0,-1],"_humanoidState":8,"_cameraCFrame":[758.339,240.274,44.057,-1,-0.005,0.001,0,0.174,0.985,-0.005,0.985,-0.174],"_shiftlockState":true,"_pose":"Running","_animationQueue":[],"_animationSpeed":1.103,"_zoom":16.125},{"_mousePosition":[683,384],"_rootPartCFrame":[759.814,223.015,46.862,-1,0,0.005,0,1,0,-0.005,0,-1],"_humanoidState":8,"_cameraCFrame":[758.063,240.395,44.062,-1,0,0,0,0.174,0.985,0,0.985,-0.174],"_shiftlockState":true,"_pose":"Running","_animationQueue":[],"_animationSpeed":1.103,"_zoom":16.125},{"_mousePosition":[683,384],"_rootPartCFrame":[759.565,223.188,46.861,-1,0,0,0,1,0,0,0,-1],"_humanoidState":8,"_cameraCFrame":[757.801,240.568,44.07,-1,0.005,-0.001,0,0.174,0.985,0.005,0.985,-0.174],"_shiftlockState":true,"_pose":"Running","_animationQueue":[],"_animationSpeed":1.103,"_zoom":16.125},{"_mousePosition":[683,384],"_rootPartCFrame":[759.319,223.315,46.86,-1,0,-0.005,0,1,0,0.005,0,-1],"_humanoidState":8,"_cameraCFrame":[757.554,240.695,44.069,-1,0.005,-0.001,0,0.174,0.985,0.005,0.985,-0.174],"_shiftlockState":true,"_pose":"Running","_animationQueue":[["walk",0.1]],"_animationSpeed":1.021,"_zoom":16.125},{"_mousePosition":[683,384],"_rootPartCFrame":[759.072,223.388,46.861,-1,0,-0.005,0,1,0,0.005,0,-1],"_humanoidState":8,"_cameraCFrame":[757.301,240.768,44.075,-1,0.008,-0.001,0,0.174,0.985,0.008,0.985,-0.174],"_shiftlockState":true,"_pose":"Running","_animationQueue":[["walk",0.1]],"_animationSpeed":1.021,"_zoom":16.125},{"_mousePosition":[683,384],"_rootPartCFrame":[758.826,223.404,46.863,-1,0,-0.008,0,1,0,0.008,0,-1],"_humanoidState":8,"_cameraCFrame":[757.047,240.784,44.081,-1,0.01,-0.002,0,0.174,0.985,0.01,0.985,-0.174],"_shiftlockState":true,"_pose":"Running","_animationQueue":[],"_animationSpeed":1.021,"_zoom":16.125},{"_mousePosition":[683,384],"_rootPartCFrame":[758.58,223.466,46.865,-1,0,-0.01,0,1,0,0.01,0,-1],"_humanoidState":8,"_cameraCFrame":[756.787,240.846,44.092,-1,0.015,-0.003,0,0.174,0.985,0.015,0.985,-0.174],"_shiftlockState":true,"_pose":"Running","_animationQueue":[],"_animationSpeed":1.021,"_zoom":16.125},{"_mousePosition":[683,384],"_rootPartCFrame":[758.333,223.527,46.867,-1,0,-0.015,0,1,0,0.015,0,-1],"_humanoidState":8,"_cameraCFrame":[756.513,240.907,44.112,-1,0.025,-0.004,0,0.174,0.985,0.025,0.984,-0.174],"_shiftlockState":true,"_pose":"Running","_animationQueue":[],"_animationSpeed":1.021,"_zoom":16.125},{"_mousePosition":[683,384],"_rootPartCFrame":[758.087,223.559,46.871,-1,0,-0.025,0,1,0,0.025,0,-1],"_humanoidState":8,"_cameraCFrame":[756.259,240.939,44.121,-1,0.028,-0.005,0,0.174,0.985,0.028,0.984,-0.174],"_shiftlockState":true,"_pose":"Running","_animationQueue":[],"_animationSpeed":1.021,"_zoom":16.125},{"_mousePosition":[683,384],"_rootPartCFrame":[757.841,223.612,46.876,-1,0,-0.028,0,1,0,0.028,0,-1],"_humanoidState":8,"_cameraCFrame":[756.006,240.992,44.131,-1,0.03,-0.005,0,0.174,0.985,0.03,0.984,-0.174],"_shiftlockState":true,"_pose":"Running","_animationQueue":[],"_animationSpeed":1.021,"_zoom":16.125},{"_mousePosition":[683,384],"_rootPartCFrame":[757.594,223.686,46.883,-1,0,-0.03,0,1,0,0.03,0,-1],"_humanoidState":8,"_cameraCFrame":[755.76,241.066,44.138,-1,0.03,-0.005,0,0.174,0.985,0.03,0.984,-0.174],"_shiftlockState":true,"_pose":"Running","_animationQueue":[["walk",0.1]],"_animationSpeed":1.021,"_zoom":16.125},{"_mousePosition":[683,384],"_rootPartCFrame":[757.348,223.773,46.891,-1,0,-0.03,0,1,0,0.03,0,-1],"_humanoidState":8,"_cameraCFrame":[755.513,241.153,44.145,-1,0.03,-0.005,0,0.174,0.985,0.03,0.984,-0.174],"_shiftlockState":true,"_pose":"Running","_animationQueue":[],"_animationSpeed":1.021,"_zoom":16.125},{"_mousePosition":[683,384],"_rootPartCFrame":[757.102,223.866,46.898,-1,0,-0.03,0,1,0,0.03,0,-1],"_humanoidState":8,"_cameraCFrame":[755.267,241.246,44.153,-1,0.03,-0.005,0,0.174,0.985,0.03,0.984,-0.174],"_shiftlockState":true,"_pose":"Running","_animationQueue":[],"_animationSpeed":1.021,"_zoom":16.125},{"_mousePosition":[683,384],"_rootPartCFrame":[756.855,223.964,46.906,-1,0,-0.03,0,1,0,0.03,0,-1],"_humanoidState":8,"_cameraCFrame":[755.021,241.344,44.16,-1,0.03,-0.005,0,0.174,0.985,0.03,0.984,-0.174],"_shiftlockState":true,"_pose":"Running","_animationQueue":[],"_animationSpeed":1.021,"_zoom":16.125},{"_mousePosition":[683,384],"_rootPartCFrame":[756.609,224.063,46.913,-1,0,-0.03,0,1,0,0.03,0,-1],"_humanoidState":8,"_cameraCFrame":[754.781,241.443,44.163,-1,0.028,-0.005,0,0.174,0.985,0.028,0.984,-0.174],"_shiftlockState":true,"_pose":"Running","_animationQueue":[],"_animationSpeed":1.021,"_zoom":16.125},{"_mousePosition":[683,384],"_rootPartCFrame":[756.363,224.937,46.921,-1,0,-0.028,0,1,0,0.028,0,-1],"_humanoidState":3,"_cameraCFrame":[754.549,242.317,44.161,-1,0.023,-0.004,0,0.174,0.985,0.023,0.985,-0.174],"_shiftlockState":true,"_pose":"Jumping","_animationQueue":[["walk",0.1],["jump",0.1]],"_animationSpeed":1,"_zoom":16.125},{"_mousePosition":[683,384],"_rootPartCFrame":[756.1,225.759,46.928,-0.998,0,0.069,0,1,0,-0.069,0,-0.998],"_humanoidState":5,"_cameraCFrame":[754.307,243.139,44.155,-1,0.015,-0.003,0,0.174,0.985,0.015,0.985,-0.174],"_shiftlockState":true,"_pose":"FreeFall","_animationQueue":[["jump",0.1]],"_animationSpeed":1,"_zoom":16.125},{"_mousePosition":[683,384],"_rootPartCFrame":[755.834,226.526,46.934,-0.994,0,0.113,0,1,0,-0.113,0,-0.994],"_humanoidState":5,"_cameraCFrame":[754.069,243.906,44.144,-1,0.005,-0.001,0,0.174,0.985,0.005,0.985,-0.174],"_shiftlockState":true,"_pose":"FreeFall","_animationQueue":[],"_animationSpeed":1,"_zoom":16.125},{"_mousePosition":[683,384],"_rootPartCFrame":[755.567,227.239,46.939,-0.992,0,0.127,0,1,0,-0.127,0,-0.992],"_humanoidState":5,"_cameraCFrame":[753.81,244.619,44.143,-1,0.003,0,0,0.174,0.985,0.003,0.985,-0.174],"_shiftlockState":true,"_pose":"FreeFall","_animationQueue":[],"_animationSpeed":1,"_zoom":16.125},{"_mousePosition":[683,384],"_rootPartCFrame":[755.3,227.898,46.941,-0.991,0,0.13,0,1,0,-0.13,0,-0.991],"_humanoidState":5,"_cameraCFrame":[753.557,245.278,44.136,-1,-0.002,0,0,0.174,0.985,-0.002,0.985,-0.174],"_shiftlockState":true,"_pose":"FreeFall","_animationQueue":[],"_animationSpeed":1,"_zoom":16.125},{"_mousePosition":[683,384],"_rootPartCFrame":[755.034,228.502,46.941,-0.991,0,0.135,0,1,0,-0.135,0,-0.991],"_humanoidState":5,"_cameraCFrame":[753.298,245.882,44.133,-1,-0.005,0.001,0,0.174,0.985,-0.005,0.985,-0.174],"_shiftlockState":true,"_pose":"FreeFall","_animationQueue":[],"_animationSpeed":1,"_zoom":16.125},{"_mousePosition":[683,384],"_rootPartCFrame":[754.767,229.051,46.941,-0.99,0,0.138,0,1,0,-0.138,0,-0.99],"_humanoidState":5,"_cameraCFrame":[753.031,246.431,44.132,-1,-0.005,0.001,0,0.174,0.985,-0.005,0.985,-0.174],"_shiftlockState":true,"_pose":"FreeFall","_animationQueue":[],"_animationSpeed":1,"_zoom":16.125},{"_mousePosition":[683,384],"_rootPartCFrame":[754.501,229.546,46.94,-0.99,0,0.138,0,1,0,-0.138,0,-0.99],"_humanoidState":5,"_cameraCFrame":[752.764,246.926,44.131,-1,-0.005,0.001,0,0.174,0.985,-0.005,0.985,-0.174],"_shiftlockState":true,"_pose":"FreeFall","_animationQueue":[],"_animationSpeed":1,"_zoom":16.125},{"_mousePosition":[683,384],"_rootPartCFrame":[754.234,229.987,46.939,-0.99,0,0.138,0,1,0,-0.138,0,-0.99],"_humanoidState":5,"_cameraCFrame":[752.498,247.367,44.13,-1,-0.005,0.001,0,0.174,0.985,-0.005,0.985,-0.174],"_shiftlockState":true,"_pose":"FreeFall","_animationQueue":[],"_animationSpeed":1,"_zoom":16.125},{"_mousePosition":[683,384],"_rootPartCFrame":[753.967,230.373,46.937,-0.99,0,0.138,0,1,0,-0.138,0,-0.99],"_humanoidState":5,"_cameraCFrame":[752.231,247.753,44.129,-1,-0.005,0.001,0,0.174,0.985,-0.005,0.985,-0.174],"_shiftlockState":true,"_pose":"FreeFall","_animationQueue":[],"_animationSpeed":1,"_zoom":16.125},{"_mousePosition":[683,384],"_rootPartCFrame":[753.701,230.704,46.936,-0.99,0,0.138,0,1,0,-0.138,0,-0.99],"_humanoidState":5,"_cameraCFrame":[751.965,248.084,44.127,-1,-0.005,0.001,0,0.174,0.985,-0.005,0.985,-0.174],"_shiftlockState":true,"_pose":"FreeFall","_animationQueue":[],"_animationSpeed":1,"_zoom":16.125},{"_mousePosition":[683,384],"_rootPartCFrame":[753.434,230.981,46.935,-0.99,0,0.138,0,1,0,-0.138,0,-0.99],"_humanoidState":5,"_cameraCFrame":[751.698,248.361,44.126,-1,-0.005,0.001,0,0.174,0.985,-0.005,0.985,-0.174],"_shiftlockState":true,"_pose":"FreeFall","_animationQueue":[],"_animationSpeed":1,"_zoom":16.125},{"_mousePosition":[683,384],"_rootPartCFrame":[753.168,231.204,46.933,-0.99,0,0.138,0,1,0,-0.138,0,-0.99],"_humanoidState":5,"_cameraCFrame":[751.431,248.584,44.125,-1,-0.005,0.001,0,0.174,0.985,-0.005,0.985,-0.174],"_shiftlockState":true,"_pose":"FreeFall","_animationQueue":[],"_animationSpeed":1,"_zoom":16.125},{"_mousePosition":[683,384],"_rootPartCFrame":[752.901,231.372,46.932,-0.99,0,0.138,0,1,0,-0.138,0,-0.99],"_humanoidState":5,"_cameraCFrame":[751.165,248.752,44.123,-1,-0.005,0.001,0,0.174,0.985,-0.005,0.985,-0.174],"_shiftlockState":true,"_pose":"FreeFall","_animationQueue":[],"_animationSpeed":1,"_zoom":16.125},{"_mousePosition":[683,384],"_rootPartCFrame":[752.634,231.485,46.931,-0.99,0,0.138,0,1,0,-0.138,0,-0.99],"_humanoidState":5,"_cameraCFrame":[750.898,248.865,44.122,-1,-0.005,0.001,0,0.174,0.985,-0.005,0.985,-0.174],"_shiftlockState":true,"_pose":"FreeFall","_animationQueue":[],"_animationSpeed":1,"_zoom":16.125},{"_mousePosition":[683,384],"_rootPartCFrame":[752.368,231.544,46.929,-0.99,0,0.138,0,1,0,-0.138,0,-0.99],"_humanoidState":5,"_cameraCFrame":[750.632,248.924,44.121,-1,-0.005,0.001,0,0.174,0.985,-0.005,0.985,-0.174],"_shiftlockState":true,"_pose":"FreeFall","_animationQueue":[["fall",0.3]],"_animationSpeed":1,"_zoom":16.125},{"_mousePosition":[683,384],"_rootPartCFrame":[752.101,231.549,46.928,-0.99,0,0.138,0,1,0,-0.138,0,-0.99],"_humanoidState":5,"_cameraCFrame":[750.379,248.929,44.111,-1,-0.01,0.002,0,0.174,0.985,-0.01,0.985,-0.174],"_shiftlockState":true,"_pose":"FreeFall","_animationQueue":[],"_animationSpeed":1,"_zoom":16.125},{"_mousePosition":[683,384],"_rootPartCFrame":[751.835,231.499,46.927,-0.99,0,0.143,0,1,0,-0.143,0,-0.99],"_humanoidState":5,"_cameraCFrame":[750.156,248.873,44.053,-1,-0.025,0.004,0,0.176,0.984,-0.025,0.984,-0.176],"_shiftlockState":true,"_pose":"FreeFall","_animationQueue":[],"_animationSpeed":1,"_zoom":16.125},{"_mousePosition":[683,384],"_rootPartCFrame":[751.568,231.394,46.924,-0.987,0,0.158,0,1,0,-0.158,0,-0.987],"_humanoidState":5,"_cameraCFrame":[749.996,248.758,43.931,-0.998,-0.06,0.011,0,0.179,0.984,-0.061,0.982,-0.179],"_shiftlockState":true,"_pose":"FreeFall","_animationQueue":[],"_animationSpeed":1,"_zoom":16.125},{"_mousePosition":[683,384],"_rootPartCFrame":[751.301,231.235,46.918,-0.981,0,0.193,0,1,0,-0.193,0,-0.981],"_humanoidState":5,"_cameraCFrame":[749.93,248.599,43.828,-0.992,-0.124,0.023,0,0.179,0.984,-0.126,0.976,-0.178],"_shiftlockState":true,"_pose":"FreeFall","_animationQueue":[],"_animationSpeed":1,"_zoom":16.125},{"_mousePosition":[683,384],"_rootPartCFrame":[751.035,231.022,46.903,-0.966,0,0.257,0,1,0,-0.257,0,-0.966],"_humanoidState":5,"_cameraCFrame":[749.975,248.385,43.693,-0.975,-0.22,0.04,0,0.179,0.984,-0.223,0.959,-0.175],"_shiftlockState":true,"_pose":"FreeFall","_animationQueue":[],"_animationSpeed":1,"_zoom":16.125},{"_mousePosition":[683,384],"_rootPartCFrame":[750.771,230.754,46.872,-0.965,0,0.263,0,1,0,-0.263,0,-0.965],"_humanoidState":7,"_cameraCFrame":[750.093,248.134,43.641,-0.939,-0.339,0.06,0,0.174,0.985,-0.344,0.925,-0.163],"_shiftlockState":true,"_pose":"FreeFall","_animationQueue":[["fall",0.3],["walk",0.1],["fall",0.3],["fall",0.3]],"_animationSpeed":1,"_zoom":16.125},{"_mousePosition":[683,384],"_rootPartCFrame":[750.515,230.712,46.818,-0.937,0,0.349,0,1,0,-0.349,0,-0.937],"_humanoidState":7,"_cameraCFrame":[750.275,248.092,43.525,-0.884,-0.46,0.081,0,0.174,0.985,-0.467,0.871,-0.154],"_shiftlockState":true,"_pose":"FreeFall","_animationQueue":[],"_animationSpeed":1,"_zoom":16.125},{"_mousePosition":[683,384],"_rootPartCFrame":[750.265,230.606,46.731,-0.881,0,0.473,0,1,0,-0.473,0,-0.881],"_humanoidState":8,"_cameraCFrame":[750.409,247.986,43.432,-0.824,-0.558,0.098,0,0.174,0.985,-0.566,0.812,-0.143],"_shiftlockState":true,"_pose":"Running","_animationQueue":[["walk",0.1],["fall",0.3],["walk",0.1]],"_animationSpeed":1.083,"_zoom":16.125},{"_mousePosition":[683,384],"_rootPartCFrame":[750.041,231.48,46.641,-0.817,-0.004,0.577,-0.002,1,0.004,-0.577,0.002,-0.817],"_humanoidState":3,"_cameraCFrame":[750.462,248.86,43.369,-0.772,-0.626,0.11,0,0.174,0.985,-0.635,0.761,-0.134],"_shiftlockState":true,"_pose":"Jumping","_animationQueue":[["walk",0.1],["jump",0.1]],"_animationSpeed":1,"_zoom":16.125},{"_mousePosition":[683,384],"_rootPartCFrame":[749.82,232.3,46.525,-0.708,-0.003,0.706,-0.001,1,0.003,-0.706,0.001,-0.708],"_humanoidState":5,"_cameraCFrame":[750.416,249.68,43.28,-0.738,-0.665,0.117,0,0.174,0.985,-0.675,0.726,-0.128],"_shiftlockState":true,"_pose":"FreeFall","_animationQueue":[["jump",0.1]],"_animationSpeed":1,"_zoom":16.125},{"_mousePosition":[683,384],"_rootPartCFrame":[749.608,233.065,46.371,-0.645,-0.001,0.765,0,1,0.001,-0.765,0,-0.645],"_humanoidState":5,"_cameraCFrame":[750.297,250.445,43.143,-0.718,-0.685,0.121,0,0.174,0.985,-0.696,0.708,-0.125],"_shiftlockState":true,"_pose":"FreeFall","_animationQueue":[],"_animationSpeed":1,"_zoom":16.125},{"_mousePosition":[683,384],"_rootPartCFrame":[749.41,233.775,46.194,-0.62,0,0.785,0,1,0,-0.785,0,-0.62],"_humanoidState":5,"_cameraCFrame":[750.108,251.155,42.967,-0.717,-0.687,0.121,0,0.174,0.985,-0.697,0.706,-0.124],"_shiftlockState":true,"_pose":"FreeFall","_animationQueue":[],"_animationSpeed":1,"_zoom":16.125},{"_mousePosition":[683,384],"_rootPartCFrame":[749.217,234.431,46.009,-0.618,0,0.786,0,1,0,-0.786,0,-0.618],"_humanoidState":5,"_cameraCFrame":[749.826,251.811,42.764,-0.736,-0.667,0.118,0,0.174,0.985,-0.677,0.725,-0.128],"_shiftlockState":true,"_pose":"FreeFall","_animationQueue":[],"_animationSpeed":1,"_zoom":16.125},{"_mousePosition":[683,384],"_rootPartCFrame":[749.026,235.033,45.823,-0.639,0,0.769,0,1,0,-0.769,0,-0.639],"_humanoidState":5,"_cameraCFrame":[749.511,252.413,42.557,-0.761,-0.639,0.113,0,0.174,0.985,-0.649,0.749,-0.132],"_shiftlockState":true,"_pose":"FreeFall","_animationQueue":[],"_animationSpeed":1,"_zoom":16.125},{"_mousePosition":[683,384],"_rootPartCFrame":[748.831,235.58,45.642,-0.668,0,0.744,0,1,0,-0.744,0,-0.668],"_humanoidState":5,"_cameraCFrame":[749.158,252.96,42.356,-0.791,-0.602,0.106,0,0.174,0.985,-0.611,0.779,-0.137],"_shiftlockState":true,"_pose":"FreeFall","_animationQueue":[],"_animationSpeed":1,"_zoom":16.125},{"_mousePosition":[683,384],"_rootPartCFrame":[748.629,236.072,45.468,-0.703,0,0.711,0,1,0,-0.711,0,-0.703],"_humanoidState":5,"_cameraCFrame":[748.764,253.452,42.169,-0.826,-0.556,0.098,0,0.174,0.985,-0.564,0.813,-0.143],"_shiftlockState":true,"_pose":"FreeFall","_animationQueue":[],"_animationSpeed":1,"_zoom":16.125},{"_mousePosition":[683,384],"_rootPartCFrame":[748.419,236.51,45.303,-0.743,0,0.669,0,1,0,-0.669,0,-0.743],"_humanoidState":5,"_cameraCFrame":[748.346,253.89,42.002,-0.86,-0.503,0.089,0,0.174,0.985,-0.511,0.847,-0.149],"_shiftlockState":true,"_pose":"FreeFall","_animationQueue":[],"_animationSpeed":1,"_zoom":16.125},{"_mousePosition":[683,384],"_rootPartCFrame":[748.145,236.981,45.113,-0.763,0,0.646,0,1,0,-0.646,0,-0.763],"_humanoidState":5,"_cameraCFrame":[747.838,254.361,41.826,-0.894,-0.442,0.078,0,0.174,0.985,-0.449,0.88,-0.155],"_shiftlockState":true,"_pose":"FreeFall","_animationQueue":[],"_animationSpeed":1,"_zoom":16.125},{"_mousePosition":[683,384],"_rootPartCFrame":[747.917,237.297,44.975,-0.826,0,0.564,0,1,0,-0.564,0,-0.826],"_humanoidState":5,"_cameraCFrame":[747.362,254.677,41.72,-0.925,-0.374,0.066,0,0.174,0.985,-0.38,0.911,-0.161],"_shiftlockState":true,"_pose":"FreeFall","_animationQueue":[],"_animationSpeed":1,"_zoom":16.125},{"_mousePosition":[683,384],"_rootPartCFrame":[747.74,237.497,44.882,-0.883,0,0.47,0,1,0,-0.47,0,-0.883],"_humanoidState":5,"_cameraCFrame":[746.94,254.877,41.678,-0.951,-0.304,0.054,0,0.174,0.985,-0.309,0.937,-0.165],"_shiftlockState":true,"_pose":"FreeFall","_animationQueue":[],"_animationSpeed":1,"_zoom":16.125},{"_mousePosition":[683,384],"_rootPartCFrame":[747.434,237.764,44.751,-0.887,0,0.462,0,1,0,-0.462,0,-0.887],"_humanoidState":5,"_cameraCFrame":[746.385,255.144,41.62,-0.972,-0.23,0.04,0,0.174,0.985,-0.233,0.958,-0.169],"_shiftlockState":true,"_pose":"FreeFall","_animationQueue":[],"_animationSpeed":1,"_zoom":16.125},{"_mousePosition":[683,384],"_rootPartCFrame":[747.245,237.883,44.685,-0.944,0,0.329,0,1,0,-0.329,0,-0.944],"_humanoidState":5,"_cameraCFrame":[745.954,255.263,41.646,-0.988,-0.154,0.027,0,0.174,0.985,-0.156,0.973,-0.172],"_shiftlockState":true,"_pose":"FreeFall","_animationQueue":[],"_animationSpeed":1,"_zoom":16.125},{"_mousePosition":[683,384],"_rootPartCFrame":[746.987,237.994,44.619,-0.958,0,0.286,0,1,0,-0.286,0,-0.958],"_humanoidState":5,"_cameraCFrame":[745.454,255.374,41.694,-0.997,-0.075,0.013,0,0.174,0.985,-0.076,0.982,-0.173],"_shiftlockState":true,"_pose":"FreeFall","_animationQueue":[],"_animationSpeed":1,"_zoom":16.125},{"_mousePosition":[683,384],"_rootPartCFrame":[746.725,238.051,44.573,-0.978,0,0.208,0,1,0,-0.208,0,-0.978],"_humanoidState":5,"_cameraCFrame":[744.863,255.431,41.846,-0.999,0.04,-0.007,0,0.174,0.985,0.041,0.984,-0.174],"_shiftlockState":true,"_pose":"FreeFall","_animationQueue":[],"_animationSpeed":1,"_zoom":16.125},{"_mousePosition":[683,384],"_rootPartCFrame":[746.393,238.045,44.542,-0.992,0,0.126,0,1,0,-0.126,0,-0.992],"_humanoidState":5,"_cameraCFrame":[744.349,255.425,41.949,-0.994,0.107,-0.019,0,0.174,0.985,0.109,0.979,-0.173],"_shiftlockState":true,"_pose":"FreeFall","_animationQueue":[["fall",0.3]],"_animationSpeed":1,"_zoom":16.125},{"_mousePosition":[683,384],"_rootPartCFrame":[746.241,238.04,44.544,-0.997,0,-0.079,0,1,0,0.079,0,-0.997],"_humanoidState":7,"_cameraCFrame":[744.043,255.42,42.08,-0.986,0.166,-0.029,0,0.174,0.985,0.169,0.971,-0.171],"_shiftlockState":true,"_pose":"FreeFall","_animationQueue":[["walk",0.1],["fall",0.3],["fall",0.3]],"_animationSpeed":1,"_zoom":16.125},{"_mousePosition":[683,384],"_rootPartCFrame":[746.005,238.04,44.568,-0.986,0,-0.164,0,1,0,0.164,0,-0.986],"_humanoidState":7,"_cameraCFrame":[743.691,255.42,42.212,-0.976,0.213,-0.038,0,0.174,0.985,0.216,0.962,-0.17],"_shiftlockState":true,"_pose":"FreeFall","_animationQueue":[],"_animationSpeed":1,"_zoom":16.125},{"_mousePosition":[683,384],"_rootPartCFrame":[745.864,238.04,44.59,-0.976,0,-0.216,0,1,0,0.216,0,-0.976],"_humanoidState":7,"_cameraCFrame":[743.463,255.42,42.324,-0.967,0.249,-0.044,0,0.174,0.985,0.253,0.953,-0.168],"_shiftlockState":true,"_pose":"FreeFall","_animationQueue":[],"_animationSpeed":1,"_zoom":16.125},{"_mousePosition":[683,384],"_rootPartCFrame":[745.678,238.04,44.63,-0.967,0,-0.253,0,1,0,0.253,0,-0.967],"_humanoidState":8,"_cameraCFrame":[743.209,255.42,42.438,-0.959,0.278,-0.049,0,0.174,0.985,0.282,0.945,-0.167],"_shiftlockState":true,"_pose":"Running","_animationQueue":[["walk",0.1],["fall",0.3],["walk",0.1]],"_animationSpeed":0.786,"_zoom":16.125},{"_mousePosition":[683,384],"_rootPartCFrame":[745.492,238.903,44.671,-0.959,0,-0.282,0,1,0,0.282,0,-0.959],"_humanoidState":3,"_cameraCFrame":[742.979,256.283,42.529,-0.953,0.297,-0.052,0,0.174,0.985,0.302,0.939,-0.166],"_shiftlockState":true,"_pose":"Jumping","_animationQueue":[["walk",0.1],["jump",0.1]],"_animationSpeed":1,"_zoom":16.125},{"_mousePosition":[683,384],"_rootPartCFrame":[745.283,239.711,44.723,-0.977,0,-0.213,0,1,0,0.213,0,-0.977],"_humanoidState":5,"_cameraCFrame":[742.749,257.091,42.607,-0.95,0.306,-0.054,0,0.174,0.985,0.311,0.936,-0.165],"_shiftlockState":true,"_pose":"FreeFall","_animationQueue":[["jump",0.1]],"_animationSpeed":1,"_zoom":16.125},{"_mousePosition":[683,384],"_rootPartCFrame":[744.978,240.645,44.815,-0.988,0,-0.154,0,1,0,0.154,0,-0.988],"_humanoidState":5,"_cameraCFrame":[742.444,258.025,42.698,-0.95,0.306,-0.054,0,0.174,0.985,0.311,0.936,-0.165],"_shiftlockState":true,"_pose":"FreeFall","_animationQueue":[],"_animationSpeed":1,"_zoom":16.125},{"_mousePosition":[683,384],"_rootPartCFrame":[744.788,241.164,44.877,-0.977,0,-0.215,0,1,0,0.215,0,-0.977],"_humanoidState":5,"_cameraCFrame":[742.254,258.544,42.76,-0.95,0.306,-0.054,0,0.174,0.985,0.311,0.936,-0.165],"_shiftlockState":true,"_pose":"FreeFall","_animationQueue":[],"_animationSpeed":1,"_zoom":16.125},{"_mousePosition":[683,384],"_rootPartCFrame":[744.535,241.809,44.96,-0.983,0,-0.182,0,1,0,0.182,0,-0.983],"_humanoidState":5,"_cameraCFrame":[742,259.189,42.843,-0.95,0.306,-0.054,0,0.174,0.985,0.311,0.936,-0.165],"_shiftlockState":true,"_pose":"FreeFall","_animationQueue":[],"_animationSpeed":1,"_zoom":16.125},{"_mousePosition":[683,384],"_rootPartCFrame":[744.281,242.4,45.043,-0.983,0,-0.182,0,1,0,0.182,0,-0.983],"_humanoidState":5,"_cameraCFrame":[741.747,259.78,42.926,-0.95,0.306,-