[{"_mousePosition":[1153,365],"_rootPartCFrame":[776.031,222.954,47.142,-0.001,-0.004,1,0,1,0.004,-1,0,-0.001],"_humanoidState":8,"_cameraCFrame":[787.534,233.53,48.808,0.143,-0.609,0.78,0,0.788,0.615,-0.99,-0.088,0.113],"_shiftlockState":false,"_pose":"Standing","_animationQueue":[],"_animationSpeed":1,"_zoom":14.75},{"_mousePosition":[1153,365],"_rootPartCFrame":[776.031,222.709,47.142,-0.001,0,1,0,1,0,-1,0,-0.001],"_humanoidState":8,"_cameraCFrame":[787.54,233.285,48.808,0.143,-0.609,0.78,0,0.788,0.615,-0.99,-0.088,0.113],"_shiftlockState":false,"_pose":"Standing","_animationQueue":[],"_animationSpeed":1,"_zoom":14.75},{"_mousePosition":[1153,365],"_rootPartCFrame":[776.031,222.709,47.142,-0.001,0,1,0,1,0,-1,0,-0.001],"_humanoidState":8,"_cameraCFrame":[787.54,233.285,48.808,0.143,-0.609,0.78,0,0.788,0.615,-0.99,-0.088,0.113],"_shiftlockState":false,"_pose":"Standing","_animationQueue":[],"_animationSpeed":1,"_zoom":14.75},{"_mousePosition":[1146,362],"_rootPartCFrame":[776.031,222.611,47.142,-0.001,0,1,0,1,0,-1,0,-0.001],"_humanoidState":8,"_cameraCFrame":[787.539,233.187,48.808,0.143,-0.609,0.78,0,0.788,0.615,-0.99,-0.088,0.113],"_shiftlockState":false,"_pose":"Standing","_animationQueue":[],"_animationSpeed":1,"_zoom":14.75},{"_mousePosition":[1098,344],"_rootPartCFrame":[776.031,222.629,47.142,-0.001,0,1,0,1,0,-1,0,-0.001],"_humanoidState":8,"_cameraCFrame":[787.539,233.205,48.808,0.143,-0.609,0.78,0,0.788,0.615,-0.99,-0.088,0.113],"_shiftlockState":false,"_pose":"Standing","_animationQueue":[],"_animationSpeed":1,"_zoom":14.75},{"_mousePosition":[1065,331],"_rootPartCFrame":[775.714,222.67,47.096,0.026,0,1,0,1,0,-1,0,0.026],"_humanoidState":8,"_cameraCFrame":[787.222,233.246,48.762,0.143,-0.609,0.78,0,0.788,0.615,-0.99,-0.088,0.113],"_shiftlockState":false,"_pose":"Standing","_animationQueue":[],"_animationSpeed":1,"_zoom":14.75},{"_mousePosition":[966,293],"_rootPartCFrame":[775.583,222.677,47.077,0.034,0,0.999,0,1,0,-0.999,0,0.034],"_humanoidState":8,"_cameraCFrame":[787.091,233.253,48.743,0.143,-0.609,0.78,0,0.788,0.615,-0.99,-0.088,0.113],"_shiftlockState":false,"_pose":"Running","_animationQueue":[["walk",0.1]],"_animationSpeed":1.089,"_zoom":14.75},{"_mousePosition":[919,278],"_rootPartCFrame":[775.187,222.691,47.02,0.056,0,0.998,0,1,0,-0.998,0,0.056],"_humanoidState":8,"_cameraCFrame":[786.695,233.267,48.686,0.143,-0.609,0.78,0,0.788,0.615,-0.99,-0.088,0.113],"_shiftlockState":false,"_pose":"Running","_animationQueue":[],"_animationSpeed":1.089,"_zoom":14.75},{"_mousePosition":[835,251],"_rootPartCFrame":[775.055,222.693,47.001,0.062,0,0.998,0,1,0,-0.998,0,0.062],"_humanoidState":8,"_cameraCFrame":[786.563,233.269,48.667,0.143,-0.609,0.78,0,0.788,0.615,-0.99,-0.088,0.113],"_shiftlockState":false,"_pose":"Running","_animationQueue":[],"_animationSpeed":1.089,"_zoom":14.75},{"_mousePosition":[790,237],"_rootPartCFrame":[774.791,222.696,46.963,0.073,0,0.997,0,1,0,-0.997,0,0.073],"_humanoidState":8,"_cameraCFrame":[786.299,233.272,48.628,0.143,-0.609,0.78,0,0.788,0.615,-0.99,-0.088,0.113],"_shiftlockState":false,"_pose":"Running","_animationQueue":[],"_animationSpeed":1.089,"_zoom":14.75},{"_mousePosition":[771,231],"_rootPartCFrame":[774.527,222.698,46.925,0.083,0,0.997,0,1,0,-0.997,0,0.083],"_humanoidState":8,"_cameraCFrame":[786.035,233.274,48.59,0.143,-0.609,0.78,0,0.788,0.615,-0.99,-0.088,0.113],"_shiftlockState":false,"_pose":"Running","_animationQueue":[],"_animationSpeed":1.089,"_zoom":14.75},{"_mousePosition":[754,229],"_rootPartCFrame":[774.263,222.699,46.886,0.091,0,0.996,0,1,0,-0.996,0,0.091],"_humanoidState":8,"_cameraCFrame":[785.771,233.275,48.552,0.143,-0.609,0.78,0,0.788,0.615,-0.99,-0.088,0.113],"_shiftlockState":false,"_pose":"Running","_animationQueue":[],"_animationSpeed":1.089,"_zoom":14.75},{"_mousePosition":[750,230],"_rootPartCFrame":[773.999,222.699,46.848,0.098,0,0.995,0,1,0,-0.995,0,0.098],"_humanoidState":8,"_cameraCFrame":[785.507,233.275,48.514,0.143,-0.609,0.78,0,0.788,0.615,-0.99,-0.088,0.113],"_shiftlockState":false,"_pose":"Running","_animationQueue":[["walk",0.1]],"_animationSpeed":1.089,"_zoom":14.75},{"_mousePosition":[750,230],"_rootPartCFrame":[773.735,222.699,46.81,0.104,0,0.995,0,1,0,-0.995,0,0.104],"_humanoidState":8,"_cameraCFrame":[785.159,233.397,48.39,0.137,-0.618,0.774,0,0.782,0.624,-0.991,-0.085,0.107],"_shiftlockState":false,"_pose":"Running","_animationQueue":[],"_animationSpeed":1.089,"_zoom":14.75},{"_mousePosition":[750,230],"_rootPartCFrame":[773.471,222.7,46.772,0.11,0,0.994,0,1,0,-0.994,0,0.11],"_humanoidState":8,"_cameraCFrame":[784.714,233.637,48.231,0.129,-0.634,0.762,0,0.769,0.64,-0.992,-0.082,0.099],"_shiftlockState":false,"_pose":"Running","_animationQueue":[],"_animationSpeed":1.089,"_zoom":14.75},{"_mousePosition":[750,230],"_rootPartCFrame":[773.207,222.7,46.735,0.113,0,0.994,0,1,0,-0.994,0,0.113],"_humanoidState":8,"_cameraCFrame":[784.127,234.033,48.013,0.116,-0.662,0.74,0,0.745,0.667,-0.993,-0.077,0.087],"_shiftlockState":false,"_pose":"Running","_animationQueue":[],"_animationSpeed":1.089,"_zoom":14.75},{"_mousePosition":[750,230],"_rootPartCFrame":[772.943,222.7,46.701,0.116,0,0.993,0,1,0,-0.993,0,0.116],"_humanoidState":8,"_cameraCFrame":[783.55,234.391,47.796,0.103,-0.687,0.719,0,0.723,0.691,-0.995,-0.071,0.074],"_shiftlockState":false,"_pose":"Running","_animationQueue":[],"_animationSpeed":1.089,"_zoom":14.75},{"_mousePosition":[750,230],"_rootPartCFrame":[772.678,222.7,46.669,0.116,0,0.993,0,1,0,-0.993,0,0.116],"_humanoidState":8,"_cameraCFrame":[783.002,234.696,47.572,0.087,-0.709,0.7,0,0.703,0.712,-0.996,-0.062,0.061],"_shiftlockState":false,"_pose":"Running","_animationQueue":[],"_animationSpeed":1.089,"_zoom":14.75},{"_mousePosition":[750,230],"_rootPartCFrame":[772.413,222.7,46.642,0.114,0,0.993,0,1,0,-0.993,0,0.114],"_humanoidState":8,"_cameraCFrame":[782.41,235.025,47.305,0.066,-0.732,0.678,0,0.679,0.734,-0.998,-0.049,0.045],"_shiftlockState":false,"_pose":"Running","_animationQueue":[],"_animationSpeed":1.089,"_zoom":14.75},{"_mousePosition":[750,230],"_rootPartCFrame":[772.147,222.7,46.618,0.111,0,0.994,0,1,0,-0.994,0,0.111],"_humanoidState":8,"_cameraCFrame":[781.785,235.358,47.035,0.043,-0.756,0.653,0,0.654,0.756,-0.999,-0.033,0.028],"_shiftlockState":false,"_pose":"Running","_animationQueue":[["walk",0.1]],"_animationSpeed":1.089,"_zoom":14.75},{"_mousePosition":[750,230],"_rootPartCFrame":[771.881,222.7,46.6,0.105,0,0.994,0,1,0,-0.994,0,0.105],"_humanoidState":8,"_cameraCFrame":[781.197,235.633,46.846,0.026,-0.775,0.632,0,0.632,0.775,-1,-0.02,0.017],"_shiftlockState":false,"_pose":"Running","_animationQueue":[],"_animationSpeed":1.089,"_zoom":14.75},{"_mousePosition":[750,230],"_rootPartCFrame":[771.615,222.7,46.588,0.097,0,0.995,0,1,0,-0.995,0,0.097],"_humanoidState":8,"_cameraCFrame":[780.607,235.892,46.732,0.016,-0.793,0.61,0,0.61,0.793,-1,-0.013,0.01],"_shiftlockState":false,"_pose":"Running","_animationQueue":[],"_animationSpeed":1.089,"_zoom":14.75},{"_mousePosition":[750,230],"_rootPartCFrame":[771.348,222.7,46.581,0.088,0,0.996,0,1,0,-0.996,0,0.088],"_humanoidState":8,"_cameraCFrame":[779.969,236.169,46.646,0.008,-0.811,0.584,0,0.584,0.811,-1,-0.006,0.004],"_shiftlockState":false,"_pose":"Running","_animationQueue":[],"_animationSpeed":1.089,"_zoom":14.75},{"_mousePosition":[750,230],"_rootPartCFrame":[771.082,223.573,46.573,0.078,0,0.997,0,1,0,-0.997,0,0.078],"_humanoidState":3,"_cameraCFrame":[779.282,237.333,46.558,-0.002,-0.831,0.556,0,0.556,0.831,-1,0.002,-0.001],"_shiftlockState":false,"_pose":"Jumping","_animationQueue":[["walk",0.1],["jump",0.1]],"_animationSpeed":1,"_zoom":14.75},{"_mousePosition":[750,230],"_rootPartCFrame":[770.815,224.395,46.571,0.069,0,0.998,0,1,0,-0.998,0,0.069],"_humanoidState":5,"_cameraCFrame":[778.524,238.47,46.46,-0.014,-0.852,0.523,0,0.523,0.853,-1,0.012,-0.008],"_shiftlockState":false,"_pose":"FreeFall","_animationQueue":[["jump",0.1]],"_animationSpeed":1,"_zoom":14.75},{"_mousePosition":[750,230],"_rootPartCFrame":[770.548,225.162,46.571,0.06,0,0.998,0,1,0,-0.998,0,0.06],"_humanoidState":5,"_cameraCFrame":[777.742,239.538,46.369,-0.028,-0.873,0.488,0,0.488,0.873,-1,0.024,-0.014],"_shiftlockState":false,"_pose":"FreeFall","_animationQueue":[],"_animationSpeed":1,"_zoom":14.75},{"_mousePosition":[750,230],"_rootPartCFrame":[770.282,225.875,46.574,0.05,0,0.999,0,1,0,-0.999,0,0.05],"_humanoidState":5,"_cameraCFrame":[777.033,240.487,46.3,-0.041,-0.888,0.458,0,0.458,0.889,-0.999,0.036,-0.019],"_shiftlockState":false,"_pose":"FreeFall","_animationQueue":[],"_animationSpeed":1,"_zoom":14.75},{"_mousePosition":[750,230],"_rootPartCFrame":[770.015,226.534,46.581,0.04,0,0.999,0,1,0,-0.999,0,0.04],"_humanoidState":5,"_cameraCFrame":[776.348,241.352,46.264,-0.05,-0.902,0.429,0,0.43,0.903,-0.999,0.045,-0.021],"_shiftlockState":false,"_pose":"FreeFall","_animationQueue":[],"_animationSpeed":1,"_zoom":14.75},{"_mousePosition":[750,230],"_rootPartCFrame":[769.749,227.138,46.591,0.029,0,1,0,1,0,-1,0,0.029],"_humanoidState":5,"_cameraCFrame":[775.711,242.125,46.218,-0.063,-0.913,0.404,0,0.405,0.914,-0.998,0.057,-0.025],"_shiftlockState":false,"_pose":"FreeFall","_animationQueue":[],"_animationSpeed":1,"_zoom":14.75},{"_mousePosition":[750,230],"_rootPartCFrame":[769.482,227.687,46.604,0.019,0,1,0,1,0,-1,0,0.019],"_humanoidState":5,"_cameraCFrame":[775.153,242.796,46.142,-0.081,-0.92,0.384,0,0.386,0.923,-0.997,0.075,-0.031],"_shiftlockState":false,"_pose":"FreeFall","_animationQueue":[],"_animationSpeed":1,"_zoom":14.75},{"_mousePosition":[750,230],"_rootPartCFrame":[769.216,228.182,46.62,0.008,0,1,0,1,0,-1,0,0.008],"_humanoidState":5,"_cameraCFrame":[774.578,243.412,46.047,-0.106,-0.926,0.363,0,0.366,0.931,-0.994,0.099,-0.039],"_shiftlockState":false,"_pose":"FreeFall","_animationQueue":[],"_animationSpeed":1,"_zoom":14.75},{"_mousePosition":[750,230],"_rootPartCFrame":[768.884,228.725,46.647,-0.007,0,1,0,1,0,-1,0,-0.007],"_humanoidState":5,"_cameraCFrame":[774.053,244.027,46.05,-0.115,-0.93,0.35,0,0.353,0.936,-0.993,0.107,-0.04],"_shiftlockState":false,"_pose":"FreeFall","_animationQueue":[],"_animationSpeed":1,"_zoom":14.75},{"_mousePosition":[750,230],"_rootPartCFrame":[768.685,229.009,46.667,-0.016,0,1,0,1,0,-1,0,-0.016],"_humanoidState":5,"_cameraCFrame":[773.77,244.344,46.118,-0.107,-0.933,0.345,0,0.347,0.938,-0.994,0.101,-0.037],"_shiftlockState":false,"_pose":"FreeFall","_animationQueue":[],"_animationSpeed":1,"_zoom":14.75},{"_mousePosition":[750,230],"_rootPartCFrame":[768.42,229.34,46.697,-0.029,0,1,0,1,0,-1,0,-0.029],"_humanoidState":5,"_cameraCFrame":[773.298,244.688,44.442,-0.101,-0.934,0.343,0,0.344,0.939,-0.995,0.095,-0.035],"_shiftlockState":true,"_pose":"FreeFall","_animationQueue":[],"_animationSpeed":1,"_zoom":14.75},{"_mousePosition":[683,384],"_rootPartCFrame":[768.155,229.617,46.726,-0.106,0,0.994,0,1,0,-0.994,0,-0.106],"_humanoidState":5,"_cameraCFrame":[773.033,244.965,44.471,-0.101,-0.934,0.343,0,0.344,0.939,-0.995,0.095,-0.035],"_shiftlockState":true,"_pose":"FreeFall","_animationQueue":[],"_animationSpeed":1,"_zoom":14.75},{"_mousePosition":[683,384],"_rootPartCFrame":[767.89,229.84,46.753,-0.102,0,0.995,0,1,0,-0.995,0,-0.102],"_humanoidState":5,"_cameraCFrame":[772.767,245.188,44.499,-0.101,-0.934,0.343,0,0.344,0.939,-0.995,0.095,-0.035],"_shiftlockState":true,"_pose":"FreeFall","_animationQueue":[],"_animationSpeed":1,"_zoom":14.75},{"_mousePosition":[683,384],"_rootPartCFrame":[767.691,229.971,46.774,-0.101,0,0.995,0,1,0,-0.995,0,-0.101],"_humanoidState":5,"_cameraCFrame":[772.568,245.319,44.519,-0.101,-0.934,0.343,0,0.344,0.939,-0.995,0.095,-0.035],"_shiftlockState":true,"_pose":"FreeFall","_animationQueue":[],"_animationSpeed":1,"_zoom":14.75},{"_mousePosition":[683,384],"_rootPartCFrame":[767.359,230.122,46.807,-0.101,0,0.995,0,1,0,-0.995,0,-0.101],"_humanoidState":5,"_cameraCFrame":[772.237,245.469,44.553,-0.101,-0.934,0.343,0,0.344,0.939,-0.995,0.095,-0.035],"_shiftlockState":true,"_pose":"FreeFall","_animationQueue":[],"_animationSpeed":1,"_zoom":14.75},{"_mousePosition":[683,384],"_rootPartCFrame":[767.094,230.181,46.834,-0.101,0,0.995,0,1,0,-0.995,0,-0.101],"_humanoidState":5,"_cameraCFrame":[771.971,245.528,44.58,-0.101,-0.934,0.343,0,0.344,0.939,-0.995,0.095,-0.035],"_shiftlockState":true,"_pose":"FreeFall","_animationQueue":[],"_animationSpeed":1,"_zoom":14.75},{"_mousePosition":[683,384],"_rootPartCFrame":[766.828,230.185,46.861,-0.101,0,0.995,0,1,0,-0.995,0,-0.101],"_humanoidState":5,"_cameraCFrame":[771.706,245.533,44.606,-0.101,-0.934,0.343,0,0.344,0.939,-0.995,0.095,-0.035],"_shiftlockState":true,"_pose":"FreeFall","_animationQueue":[],"_animationSpeed":1,"_zoom":14.75},{"_mousePosition":[683,384],"_rootPartCFrame":[766.563,230.135,46.888,-0.101,0,0.995,0,1,0,-0.995,0,-0.101],"_humanoidState":5,"_cameraCFrame":[771.44,245.483,44.633,-0.101,-0.934,0.343,0,0.344,0.939,-0.995,0.095,-0.035],"_shiftlockState":true,"_pose":"FreeFall","_animationQueue":[["fall",0.3]],"_animationSpeed":1,"_zoom":14.75},{"_mousePosition":[683,384],"_rootPartCFrame":[766.297,230.031,46.915,-0.101,0,0.995,0,1,0,-0.995,0,-0.101],"_humanoidState":5,"_cameraCFrame":[771.175,245.378,44.66,-0.101,-0.934,0.343,0,0.344,0.939,-0.995,0.095,-0.035],"_shiftlockState":true,"_pose":"FreeFall","_animationQueue":[],"_animationSpeed":1,"_zoom":14.75},{"_mousePosition":[683,384],"_rootPartCFrame":[766.098,229.917,46.935,-0.101,0,0.995,0,1,0,-0.995,0,-0.101],"_humanoidState":5,"_cameraCFrame":[770.976,245.264,44.681,-0.101,-0.934,0.343,0,0.344,0.939,-0.995,0.095,-0.035],"_shiftlockState":true,"_pose":"FreeFall","_animationQueue":[],"_animationSpeed":1,"_zoom":14.75},{"_mousePosition":[683,384],"_rootPartCFrame":[765.767,229.658,46.969,-0.101,0,0.995,0,1,0,-0.995,0,-0.101],"_humanoidState":5,"_cameraCFrame":[770.644,245.006,44.714,-0.101,-0.934,0.343,0,0.344,0.939,-0.995,0.095,-0.035],"_shiftlockState":true,"_pose":"FreeFall","_animationQueue":[],"_animationSpeed":1,"_zoom":14.75},{"_mousePosition":[683,384],"_rootPartCFrame":[765.568,229.462,46.989,-0.101,0,0.995,0,1,0,-0.995,0,-0.101],"_humanoidState":5,"_cameraCFrame":[770.445,244.81,44.735,-0.101,-0.934,0.343,0,0.344,0.939,-0.995,0.095,-0.035],"_shiftlockState":true,"_pose":"FreeFall","_animationQueue":[],"_animationSpeed":1,"_zoom":14.75},{"_mousePosition":[683,384],"_rootPartCFrame":[765.302,229.153,47.016,-0.101,0,0.995,0,1,0,-0.995,0,-0.101],"_humanoidState":5,"_cameraCFrame":[770.18,244.501,44.762,-0.101,-0.934,0.343,0,0.344,0.939,-0.995,0.095,-0.035],"_shiftlockState":true,"_pose":"FreeFall","_animationQueue":[],"_animationSpeed":1,"_zoom":14.75},{"_mousePosition":[683,384],"_rootPartCFrame":[764.97,228.691,47.05,-0.101,0,0.995,0,1,0,-0.995,0,-0.101],"_humanoidState":5,"_cameraCFrame":[769.77,244.067,44.803,-0.101,-0.936,0.337,0,0.339,0.941,-0.995,0.095,-0.034],"_shiftlockState":true,"_pose":"FreeFall","_animationQueue":[["fall",0.3]],"_animationSpeed":1,"_zoom":14.75},{"_mousePosition":[683,384],"_rootPartCFrame":[764.705,228.259,47.077,-0.101,0,0.995,0,1,0,-0.995,0,-0.101],"_humanoidState":5,"_cameraCFrame":[769.245,243.722,44.826,-0.107,-0.941,0.321,0,0.322,0.947,-0.994,0.102,-0.035],"_shiftlockState":true,"_pose":"FreeFall","_animationQueue":[],"_animationSpeed":1,"_zoom":14.75},{"_mousePosition":[683,384],"_rootPartCFrame":[764.44,227.773,47.104,-0.107,0,0.994,0,1,0,-0.994,0,-0.107],"_humanoidState":5,"_cameraCFrame":[768.773,243.304,44.866,-0.109,-0.945,0.307,0,0.309,0.951,-0.994,0.104,-0.034],"_shiftlockState":true,"_pose":"FreeFall","_animationQueue":[],"_animationSpeed":1,"_zoom":14.75},{"_mousePosition":[683,384],"_rootPartCFrame":[764.175,227.233,47.132,-0.109,0,0.994,0,1,0,-0.994,0,-0.109],"_humanoidState":5,"_cameraCFrame":[768.418,242.796,44.928,-0.104,-0.948,0.3,0,0.302,0.953,-0.995,0.099,-0.031],"_shiftlockState":true,"_pose":"FreeFall","_animationQueue":[],"_animationSpeed":1,"_zoom":14.75},{"_mousePosition":[683,384],"_rootPartCFrame":[763.909,226.638,47.162,-0.105,0,0.995,0,1,0,-0.995,0,-0.105],"_humanoidState":5,"_cameraCFrame":[768.144,242.208,44.986,-0.098,-0.949,0.299,0,0.3,0.954,-0.995,0.093,-0.029],"_shiftlockState":true,"_pose":"FreeFall","_animationQueue":[],"_animationSpeed":1,"_zoom":14.75},{"_mousePosition":[683,384],"_rootPartCFrame":[763.644,225.988,47.19,-0.099,0,0.995,0,1,0,-0.995,0,-0.099],"_humanoidState":5,"_cameraCFrame":[767.861,241.566,45.025,-0.096,-0.95,0.297,0,0.299,0.954,-0.995,0.092,-0.029],"_shiftlockState":true,"_pose":"FreeFall","_animationQueue":[],"_animationSpeed":1,"_zoom":14.75},{"_mousePosition":[683,384],"_rootPartCFrame":[763.379,225.284,47.216,-0.096,0,0.995,0,1,0,-0.995,0,-0.096],"_humanoidState":5,"_cameraCFrame":[767.573,240.869,45.054,-0.096,-0.95,0.296,0,0.297,0.955,-0.995,0.092,-0.028],"_shiftlockState":true,"_pose":"FreeFall","_animationQueue":[],"_animationSpeed":1,"_zoom":14.75},{"_mousePosition":[683,384],"_rootPartCFrame":[763.114,224.526,47.242,-0.096,0,0.995,0,1,0,-0.995,0,-0.096],"_humanoidState":5,"_cameraCFrame":[767.217,240.138,45.088,-0.096,-0.952,0.29,0,0.291,0.957,-0.995,0.092,-0.028],"_shiftlockState":true,"_pose":"FreeFall","_animationQueue":[["fall",0.3]],"_animationSpeed":1,"_zoom":14.75},{"_mousePosition":[683,384],"_rootPartCFrame":[762.848,223.713,47.267,-0.096,0,0.995,0,1,0,-0.995,0,-0.096],"_humanoidState":5,"_cameraCFrame":[766.752,239.383,45.12,-0.099,-0.956,0.276,0,0.278,0.961,-0.995,0.095,-0.028],"_shiftlockState":true,"_pose":"FreeFall","_animationQueue":[],"_animationSpeed":1,"_zoom":14.75},{"_mousePosition":[683,384],"_rootPartCFrame":[762.583,222.845,47.293,-0.099,0,0.995,0,1,0,-0.995,0,-0.099],"_humanoidState":7,"_cameraCFrame":[766.275,238.573,45.154,-0.102,-0.96,0.262,0,0.264,0.965,-0.995,0.099,-0.027],"_shiftlockState":true,"_pose":"FreeFall","_animationQueue":[["walk",0.1],["fall",0.3],["fall",0.3]],"_animationSpeed":1,"_zoom":14.75},{"_mousePosition":[683,384],"_rootPartCFrame":[762.317,222.433,47.319,-0.102,0,0.995,0,1,0,-0.995,0,-0.102],"_humanoidState":7,"_cameraCFrame":[765.756,238.227,45.203,-0.103,-0.964,0.245,0,0.247,0.969,-0.995,0.1,-0.025],"_shiftlockState":true,"_pose":"FreeFall","_animationQueue":[],"_animationSpeed":1,"_zoom":14.75},{"_mousePosition":[683,384],"_rootPartCFrame":[762.052,222.503,47.346,-0.103,0,0.995,0,1,0,-0.995,0,-0.103],"_humanoidState":8,"_cameraCFrame":[765.203,238.368,45.26,-0.103,-0.969,0.226,0,0.227,0.974,-0.995,0.101,-0.023],"_shiftlockState":true,"_pose":"Running","_animationQueue":[["walk",0.1],["fall",0.3],["walk",0.1]],"_animationSpeed":1.103,"_zoom":14.75},{"_mousePosition":[683,384],"_rootPartCFrame":[761.787,222.586,47.374,-0.103,0,0.995,0,1,0,-0.995,0,-0.103],"_humanoidState":8,"_cameraCFrame":[764.695,238.508,45.329,-0.098,-0.973,0.209,0,0.21,0.978,-0.995,0.096,-0.021],"_shiftlockState":true,"_pose":"Running","_animationQueue":[],"_animationSpeed":1.103,"_zoom":14.75},{"_mousePosition":[683,384],"_rootPartCFrame":[761.522,222.636,47.401,-0.098,0,0.995,0,1,0,-0.995,0,-0.098],"_humanoidState":8,"_cameraCFrame":[764.203,238.609,45.403,-0.09,-0.977,0.192,0,0.193,0.981,-0.996,0.088,-0.017],"_shiftlockState":true,"_pose":"Running","_animationQueue":[["walk",0.1]],"_animationSpeed":1.103,"_zoom":14.75},{"_mousePosition":[683,384],"_rootPartCFrame":[761.256,222.665,47.427,-0.09,0,0.996,0,1,0,-0.996,0,-0.09],"_humanoidState":8,"_cameraCFrame":[763.688,238.688,45.476,-0.08,-0.981,0.174,0,0.175,0.985,-0.997,0.079,-0.014],"_shiftlockState":true,"_pose":"Running","_animationQueue":[],"_animationSpeed":1.103,"_zoom":14.75},{"_mousePosition":[683,384],"_rootPartCFrame":[760.991,222.681,47.452,-0.08,0,0.997,0,1,0,-0.997,0,-0.08],"_humanoidState":8,"_cameraCFrame":[763.42,238.707,45.522,-0.072,-0.982,0.173,0,0.174,0.985,-0.997,0.071,-0.012],"_shiftlockState":true,"_pose":"Running","_animationQueue":[],"_animationSpeed":1.103,"_zoom":14.75},{"_mousePosition":[683,384],"_rootPartCFrame":[760.725,222.689,47.474,-0.072,0,0.997,0,1,0,-0.997,0,-0.072],"_humanoidState":8,"_cameraCFrame":[763.166,238.716,45.559,-0.066,-0.983,0.173,0,0.174,0.985,-0.998,0.065,-0.011],"_shiftlockState":true,"_pose":"Running","_animationQueue":[],"_animationSpeed":1.103,"_zoom":14.75},{"_mousePosition":[683,384],"_rootPartCFrame":[760.459,222.694,47.493,-0.066,0,0.998,0,1,0,-0.998,0,-0.066],"_humanoidState":8,"_cameraCFrame":[762.908,238.72,45.589,-0.061,-0.983,0.173,0,0.174,0.985,-0.998,0.061,-0.011],"_shiftlockState":true,"_pose":"Running","_animationQueue":[],"_animationSpeed":1.103,"_zoom":14.75},{"_mousePosition":[683,384],"_rootPartCFrame":[760.193,222.697,47.511,-0.061,0,0.998,0,1,0,-0.998,0,-0.061],"_humanoidState":8,"_cameraCFrame":[762.646,238.723,45.612,-0.059,-0.983,0.173,0,0.174,0.985,-0.998,0.058,-0.01],"_shiftlockState":true,"_pose":"Running","_animationQueue":[],"_animationSpeed":1.103,"_zoom":14.75},{"_mousePosition":[683,384],"_rootPartCFrame":[759.927,222.698,47.527,-0.059,0,0.998,0,1,0,-0.998,0,-0.059],"_humanoidState":8,"_cameraCFrame":[762.38,238.724,45.628,-0.059,-0.983,0.173,0,0.174,0.985,-0.998,0.058,-0.01],"_shiftlockState":true,"_pose":"Running","_animationQueue":[],"_animationSpeed":1.103,"_zoom":14.75},{"_mousePosition":[683,384],"_rootPartCFrame":[759.661,222.699,47.543,-0.059,0,0.998,0,1,0,-0.998,0,-0.059],"_humanoidState":8,"_cameraCFrame":[762.114,238.725,45.644,-0.059,-0.983,0.173,0,0.174,0.985,-0.998,0.058,-0.01],"_shiftlockState":true,"_pose":"Running","_animationQueue":[["walk",0.1]],"_animationSpeed":1.103,"_zoom":14.75},{"_mousePosition":[683,384],"_rootPartCFrame":[759.395,222.699,47.559,-0.059,0,0.998,0,1,0,-0.998,0,-0.059],"_humanoidState":8,"_cameraCFrame":[761.842,238.725,45.652,-0.063,-0.983,0.173,0,0.174,0.985,-0.998,0.062,-0.011],"_shiftlockState":true,"_pose":"Running","_animationQueue":[],"_animationSpeed":1.103,"_zoom":14.75},{"_mousePosition":[683,384],"_rootPartCFrame":[759.129,222.699,47.575,-0.063,0,0.998,0,1,0,-0.998,0,-0.063],"_humanoidState":8,"_cameraCFrame":[761.57,238.726,45.661,-0.066,-0.983,0.173,0,0.174,0.985,-0.998,0.065,-0.011],"_shiftlockState":true,"_pose":"Running","_animationQueue":[],"_animationSpeed":1.103,"_zoom":14.75},{"_mousePosition":[683,384],"_rootPartCFrame":[758.862,222.699,47.592,-0.066,0,0.998,0,1,0,-0.998,0,-0.066],"_humanoidState":8,"_cameraCFrame":[761.299,238.726,45.672,-0.068,-0.983,0.173,0,0.174,0.985,-0.998,0.067,-0.012],"_shiftlockState":true,"_pose":"Running","_animationQueue":[],"_animationSpeed":1.103,"_zoom":14.75},{"_mousePosition":[683,384],"_rootPartCFrame":[758.596,222.699,47.609,-0.068,0,0.998,0,1,0,-0.998,0,-0.068],"_humanoidState":8,"_cameraCFrame":[761.031,238.726,45.687,-0.069,-0.982,0.173,0,0.174,0.985,-0.998,0.068,-0.012],"_shiftlockState":true,"_pose":"Running","_animationQueue":[],"_animationSpeed":1.103,"_zoom":14.75},{"_mousePosition":[683,384],"_rootPartCFrame":[758.33,222.7,47.627,-0.069,0,0.998,0,1,0,-0.998,0,-0.069],"_humanoidState":8,"_cameraCFrame":[760.765,238.726,45.705,-0.069,-0.982,0.173,0,0.174,0.985,-0.998,0.068,-0.012],"_shiftlockState":true,"_pose":"Running","_animationQueue":[],"_animationSpeed":1.103,"_zoom":14.75},{"_mousePosition":[683,384],"_rootPartCFrame":[758.064,222.7,47.645,-0.069,0,0.998,0,1,0,-0.998,0,-0.069],"_humanoidState":8,"_cameraCFrame":[760.501,238.726,45.726,-0.068,-0.983,0.173,0,0.174,0.985,-0.998,0.067,-0.012],"_shiftlockState":true,"_pose":"Running","_animationQueue":[["walk",0.1]],"_animationSpeed":1.103,"_zoom":14.75},{"_mousePosition":[683,384],"_rootPartCFrame":[757.798,222.7,47.664,-0.068,0,0.998,0,1,0,-0.998,0,-0.068],"_humanoidState":8,"_cameraCFrame":[760.237,238.726,45.747,-0.067,-0.983,0.173,0,0.174,0.985,-0.998,0.066,-0.012],"_shiftlockState":true,"_pose":"Running","_animationQueue":[],"_animationSpeed":1.103,"_zoom":14.75},{"_mousePosition":[683,384],"_rootPartCFrame":[757.532,222.7,47.682,-0.067,0,0.998,0,1,0,-0.998,0,-0.067],"_humanoidState":8,"_cameraCFrame":[759.971,238.726,45.765,-0.067,-0.983,0.173,0,0.174,0.985,-0.998,0.066,-0.012],"_shiftlockState":true,"_pose":"Running","_animationQueue":[],"_animationSpeed":1.103,"_zoom":14.75},{"_mousePosition":[683,384],"_rootPartCFrame":[757.42,222.7,47.689,-0.067,0,0.998,0,1,0,-0.998,0,-0.067],"_humanoidState":8,"_cameraCFrame":[759.859,238.726,45.772,-0.067,-0.983,0.173,0,0.174,0.985,-0.998,0.066,-0.012],"_shiftlockState":true,"_pose":"Running","_animationQueue":[],"_animationSpeed":1.103,"_zoom":14.75},{"_mousePosition":[683,384],"_rootPartCFrame":[757.415,222.7,47.69,-0.067,0,0.998,0,1,0,-0.998,0,-0.067],"_humanoidState":8,"_cameraCFrame":[759.854,238.726,45.773,-0.067,-0.983,0.173,0,0.174,0.985,-0.998,0.066,-0.012],"_shiftlockState":true,"_pose":"Running","_animationQueue":[["walk",0.1]],"_animationSpeed":0.251,"_zoom":14.75},{"_mousePosition":[683,384],"_rootPartCFrame":[757.415,222.7,47.69,-0.067,0,0.998,0,1,0,-0.998,0,-0.067],"_humanoidState":8,"_cameraCFrame":[759.971,238.726,47.519,-0.067,-0.983,0.173,0,0.174,0.985,-0.998,0.066,-0.012],"_shiftlockState":false,"_pose":"Standing","_animationQueue":[["idle",0.1]],"_animationSpeed":1,"_zoom":14.75},{"_mousePosition":[683,384],"_rootPartCFrame":[757.415,222.7,47.69,-0.067,0,0.998,0,1,0,-0.998,0,-0.067],"_humanoidState":8,"_cameraCFrame":[759.971,238.726,47.519,-0.067,-0.983,0.173,0,0.174,0.985,-0.998,0.066,-0.012],"_shiftlockState":false,"_pose":"Standing","_animationQueue":[],"_animationSpeed":1,"_zoom":14.75},{"_mousePosition":[683,384],"_rootPartCFrame":[757.415,222.7,47.69,-0.067,0,0.998,0,1,0,-0.998,0,-0.067],"_humanoidState":8,"_cameraCFrame":[759.971,238.726,47.521,-0.066,-0.983,0.173,0,0.174,0.985,-0.998,0.065,-0.011],"_shiftlockState":false,"_pose":"Standing","_animationQueue":[],"_animationSpeed":1,"_zoom":14.75},{"_mousePosition":[683,384],"_rootPartCFrame":[757.415,222.7,47.69,-0.067,0,0.998,0,1,0,-0.998,0,-0.067],"_humanoidState":8,"_cameraCFrame":[759.971,238.726,47.524,-0.065,-0.983,0.173,0,0.174,0.985,-0.998,0.064,-0.011],"_shiftlockState":false,"_pose":"Standing","_animationQueue":[],"_animationSpeed":1,"_zoom":14.75},{"_mousePosition":[683,384],"_rootPartCFrame":[757.415,222.7,47.69,-0.067,0,0.998,0,1,0,-0.998,0,-0.067],"_humanoidState":8,"_cameraCFrame":[759.971,238.726,47.527,-0.064,-0.983,0.173,0,0.174,0.985,-0.998,0.063,-0.011],"_shiftlockState":false,"_pose":"Standing","_animationQueue":[],"_animationSpeed":1,"_zoom":14.75},{"_mousePosition":[683,384],"_rootPartCFrame":[757.415,222.7,47.69,-0.067,0,0.998,0,1,0,-0.998,0,-0.067],"_humanoidState":8,"_cameraCFrame":[759.971,238.726,47.527,-0.064,-0.983,0.173,0,0.174,0.985,-0.998,0.063,-0.011],"_shiftlockState":false,"_pose":"Standing","_animationQueue":[],"_animationSpeed":1,"_zoom":14.75},{"_mousePosition":[683,384],"_rootPartCFrame":[757.415,222.7,47.69,-0.067,0,0.998,0,1,0,-0.998,0,-0.067],"_humanoidState":8,"_cameraCFrame":[759.972,238.726,47.529,-0.063,-0.983,0.173,0,0.174,0.985,-0.998,0.062,-0.011],"_shiftlockState":false,"_pose":"Standing","_animationQueue":[],"_animationSpeed":1,"_zoom":14.75},{"_mousePosition":[683,384],"_rootPartCFrame":[757.415,222.7,47.69,-0.067,0,0.998,0,1,0,-0.998,0,-0.067],"_humanoidState":8,"_cameraCFrame":[759.972,238.726,47.529,-0.063,-0.983,0.173,0,0.174,0.985,-0.998,0.062,-0.011],"_shiftlockState":false,"_pose":"Standing","_animationQueue":[],"_animationSpeed":1,"_zoom":14.75},{"_mousePosition":[683,384],"_rootPartCFrame":[757.415,222.7,47.69,-0.067,0,0.998,0,1,0,-0.998,0,-0.067],"_humanoidState":8,"_cameraCFrame":[759.972,238.726,47.529,-0.063,-0.983,0.173,0,0.174,0.985,-0.998,0.062,-0.011],"_shiftlockState":false,"_pose":"Standing","_animationQueue":[],"_animationSpeed":1,"_zoom":14.75},{"_mousePosition":[683,384],"_rootPartCFrame":[757.415,222.7,47.69,-0.067,0,0.998,0,1,0,-0.998,0,-0.067],"_humanoidState":8,"_cameraCFrame":[759.972,238.726,47.529,-0.063,-0.983,0.173,0,0.174,0.985,-0.998,0.062,-0.011],"_shiftlockState":false,"_pose":"Standing","_animationQueue":[],"_animationSpeed":1,"_zoom":14.75},{"_mousePosition":[683,384],"_rootPartCFrame":[757.415,222.7,47.69,-0.067,0,0.998,0,1,0,-0.998,0,-0.067],"_humanoidState":8,"_cameraCFrame":[759.972,238.726,47.529,-0.063,-0.983,0.173,0,0.174,0.985,-0.998,0.062,-0.011],"_shiftlockState":false,"_pose":"Standing","_animationQueue":[],"_animationSpeed":1,"_zoom":14.75},{"_mousePosition":[683,384],"_rootPartCFrame":[757.415,222.7,47.69,-0.067,0,0.998,0,1,0,-0.998,0,-0.067],"_humanoidState":8,"_cameraCFrame":[759.972,238.726,47.529,-0.063,-0.983,0.173,0,0.174,0.985,-0.998,0.062,-0.011],"_shiftlockState":false,"_pose":"Standing","_animationQueue":[],"_animationSpeed":1,"_zoom":14.75},{"_mousePosition":[683,384],"_rootPartCFrame":[757.415,222.7,47.69,-0.067,0,0.998,0,1,0,-0.998,0,-0.067],"_humanoidState":8,"_cameraCFrame":[759.972,238.726,47.529,-0.063,-0.983,0.173,0,0.174,0.985,-0.998,0.062,-0.011],"_shiftlockState":false,"_pose":"Standing","_animationQueue":[],"_animationSpeed":1,"_zoom":14.75},{"_mousePosition":[683,384],"_rootPartCFrame":[757.415,222.7,47.69,-0.067,0,0.998,0,1,0,-0.998,0,-0.067],"_humanoidState":8,"_cameraCFrame":[759.972,238.726,47.529,-0.063,-0.983,0.173,0,0.174,0.985,-0.998,0.062,-0.011],"_shiftlockState":false,"_pose":"Standing","_animationQueue":[],"_animationSpeed":1,"_zoom":14.75},{"_mousePosition":[683,384],"_rootPartCFrame":[757.415,222.7,47.69,-0.067,0,0.998,0,1,0,-0.998,0,-0.067],"_humanoidState":8,"_cameraCFrame":[759.972,238.726,47.529,-0.063,-0.983,0.173,0,0.174,0.985,-0.998,0.062,-0.011],"_shiftlockState":false,"_pose":"Standing","_animationQueue":[],"_animationSpeed":1,"_zoom":14.75},{"_mousePosition":[683,384],"_rootPartCFrame":[757.415,222.7,47.69,-0.067,0,0.998,0,1,0,-0.998,0,-0.067],"_humanoidState":8,"_cameraCFrame":[759.972,238.726,47.529,-0.063,-0.983,0.173,0,0.174,0.985,-0.998,0.062,-0.011],"_shiftlockState":false,"_pose":"Standing","_animationQueue":[],"_animationSpeed":1,"_zoom":14.75},{"_mousePosition":[683,384],"_rootPartCFrame":[757.415,222.7,47.69,-0.067,0,0.998,0,1,0,-0.998,0,-0.067],"_humanoidState":8,"_cameraCFrame":[759.972,238.726,47.529,-0.063,-0.983,0.173,0,0.174,0.985,-0.998,0.062,-0.011],"_shiftlockState":false,"_pose":"Standing","_animationQueue":[],"_animationSpeed":1,"_zoom":14.75},{"_mousePosition":[683,384],"_rootPartCFrame":[757.415,222.7,47.69,-0.067,0,0.998,0,1,0,-0.998,0,-0.067],"_humanoidState":8,"_cameraCFrame":[759.972,238.726,47.54,-0.058,-0.983,0.173,0,0.174,0.985,-0.998,0.057,-0.01],"_shiftlockState":false,"_pose":"Standing","_animationQueue":[],"_animationSpeed":1,"_zoom":14.75},{"_mousePosition":[683,384],"_rootPartCFrame":[757.415,222.7,47.69,-0.067,0,0.998,0,1,0,-0.998,0,-0.067],"_humanoidState":8,"_cameraCFrame":[759.973,238.726,47.556,-0.052,-0.983,0.173,0,0.174,0.985,-0.999,0.051,-0.009],"_shiftlockState":false,"_pose":"Standing","_animationQueue":[],"_animationSpeed":1,"_zoom":14.75},{"_mousePosition":[683,384],"_rootPartCFrame":[757.415,222.7,47.69,-0.067,0,0.998,0,1,0,-0.998,0,-0.067],"_humanoidState":8,"_cameraCFrame":[759.974,238.726,47.578,-0.044,-0.984,0.173,0,0.174,0.985,-0.999,0.043,-0.008],"_shiftlockState":false,"_pose":"Standing","_animationQueue":[],"_animationSpeed":1,"_zoom":14.75},{"_mousePosition":[683,384],"_rootPartCFrame":[757.415,222.7,47.69,-0.067,0,0.998,0,1,0,-0.998,0,-0.067],"_humanoidState":8,"_cameraCFrame":[759.975,238.726,47.607,-0.032,-0.984,0.174,0,0.174,0.985,-0.999,0.032,-0.006],"_shiftlockState":false,"_pose":"Standing","_animationQueue":[],"_animationSpeed":1,"_zoom":14.75},{"_mousePosition":[683,384],"_rootPartCFrame":[757.415,222.7,47.69,-0.067,0,0.998,0,1,0,-0.998,0,-0.067],"_humanoidState":8,"_cameraCFrame":[758.086,228.007,47.676,-0.02,-0.985,0.174,0,0.174,0.985,-1,0.019,-0.003],"_shiftlockState":false,"_pose":"Standing","_animationQueue":[],"_animationSpeed":1,"_zoom":14.75},{"_mousePosition":[683,384],"_rootPartCFrame":[757.415,222.7,47.69,-0.067,0,0.998,0,1,0,-0.998,0,-0.067],"_humanoidState":8,"_cameraCFrame":[758.088,228.016,47.686,-0.005,-0.985,0.174,0,0.174,0.985,-1,0.005,-0.001],"_shiftlockState":false,"_pose":"Standing","_animationQueue":[],"_animationSpeed":1,"_zoom":14.75},{"_mousePosition":[683,384],"_rootPartCFrame":[757.415,222.7,47.69,-0.067,0,0.998,0,1,0,-0.998,0,-0.067],"_humanoidState":8,"_cameraCFrame":[758.087,228.012,47.697,0.012,-0.985,0.174,0,0.174,0.985,-1,-0.012,0.002],"_shiftlockState":false,"_pose":"Standing","_animationQueue":[],"_animationSpeed":1,"_zoom":14.75},{"_mousePosition":[683,384],"_rootPartCFrame":[757.415,222.7,47.69,-0.067,0,0.998,0,1,0,-0.998,0,-0.067],"_humanoidState":8,"_cameraCFrame":[758.086,228.005,47.705,0.023,-0.985,0.174,0,0.174,0.985,-1,-0.023,0.004],"_shiftlockState":false,"_pose":"Standing","_animationQueue":[],"_animationSpeed":1,"_zoom":14.75},{"_mousePosition":[683,384],"_rootPartCFrame":[757.415,222.7,47.69,-0.067,0,0.998,0,1,0,-0.998,0,-0.067],"_humanoidState":8,"_cameraCFrame":[758.085,227.998,47.712,0.034,-0.984,0.174,0,0.174,0.985,-0.999,-0.033,0.006],"_shiftlockState":false,"_pose":"Standing","_animationQueue":[],"_animationSpeed":1,"_zoom":14.75},{"_mousePosition":[683,384],"_rootPartCFrame":[757.415,222.7,47.69,-0.067,0,0.998,0,1,0,-0.998,0,-0.067],"_humanoidState":8,"_cameraCFrame":[758.084,227.995,47.716,0.04,-0.984,0.174,0,0.174,0.985,-0.999,-0.039,0.007],"_shiftlockState":false,"_pose":"Standing","_animationQueue":[],"_animationSpeed":1,"_zoom":14.75},{"_mousePosition":[683,384],"_rootPartCFrame":[757.415,222.7,47.69,-0.067,0,0.998,0,1,0,-0.998,0,-0.067],"_humanoidState":8,"_cameraCFrame":[758.083,227.993,47.718,0.043,-0.984,0.173,0,0.174,0.985,-0.999,-0.043,0.007],"_shiftlockState":false,"_pose":"Standing","_animationQueue":[],"_animationSpeed":1,"_zoom":14.75},{"_mousePosition":[683,384],"_rootPartCFrame":[757.415,222.7,47.69,-0.067,0,0.998,0,1,0,-0.998,0,-0.067],"_humanoidState":8,"_cameraCFrame":[758.083,227.991,47.721,0.047,-0.984,0.173,0,0.174,0.985,-0.999,-0.047,0.008],"_shiftlockState":false,"_pose":"Standing","_animationQueue":[],"_animationSpeed":1,"_zoom":14.75},{"_mousePosition":[683,384],"_rootPartCFrame":[757.415,222.7,47.69,-0.067,0,0.998,0,1,0,-0.998,0,-0.067],"_humanoidState":8,"_cameraCFrame":[758.083,227.99,47.723,0.051,-0.984,0.173,0,0.174,0.985,-0.999,-0.05,0.009],"_shiftlockState":false,"_pose":"Standing","_animationQueue":[],"_animationSpeed":1,"_zoom":14.75},{"_mousePosition":[683,384],"_rootPartCFrame":[757.415,222.7,47.69,-0.067,0,0.998,0,1,0,-0.998,0,-0.067],"_humanoidState":8,"_cameraCFrame":[758.082,227.988,47.725,0.053,-0.983,0.173,0,0.174,0.985,-0.999,-0.052,0.009],"_shiftlockState":false,"_pose":"Standing","_animationQueue":[],"_animationSpeed":1,"_zoom":14.75},{"_mousePosition":[683,384],"_rootPartCFrame":[757.415,222.7,47.69,-0.067,0,0.998,0,1,0,-0.998,0,-0.067],"_humanoidState":8,"_cameraCFrame":[758.082,227.987,47.726,0.055,-0.983,0.173,0,0.174,0.985,-0.999,-0.054,0.009],"_shiftlockState":false,"_pose":"Standing","_animationQueue":[],"_animationSpeed":1,"_zoom":14.75},{"_mousePosition":[683,384],"_rootPartCFrame":[757.415,222.7,47.69,-0.067,0,0.998,0,1,0,-0.998,0,-0.067],"_humanoidState":8,"_cameraCFrame":[758.082,227.986,47.727,0.057,-0.983,0.173,0,0.174,0.985,-0.998,-0.056,0.01],"_shiftlockState":false,"_pose":"Standing","_animationQueue":[],"_animationSpeed":1,"_zoom":14.75},{"_mousePosition":[683,384],"_rootPartCFrame":[757.415,222.7,47.69,-0.067,0,0.998,0,1,0,-0.998,0,-0.067],"_humanoidState":8,"_cameraCFrame":[758.081,227.985,47.73,0.06,-0.983,0.173,0,0.174,0.985,-0.998,-0.059,0.01],"_shiftlockState":false,"_pose":"Standing","_animationQueue":[],"_animationSpeed":1,"_zoom":14.75},{"_mousePosition":[683,384],"_rootPartCFrame":[757.415,222.7,47.69,-0.067,0,0.998,0,1,0,-0.998,0,-0.067],"_humanoidState":8,"_cameraCFrame":[758.081,227.982,47.733,0.065,-0.983,0.173,0,0.174,0.985,-0.998,-0.064,0.011],"_shiftlockState":false,"_pose":"Standing","_animationQueue":[],"_animationSpeed":1,"_zoom":14.75},{"_mousePosition":[683,384],"_rootPartCFrame":[757.415,222.7,47.69,-0.067,0,0.998,0,1,0,-0.998,0,-0.067],"_humanoidState":8,"_cameraCFrame":[758.08,227.981,47.736,0.069,-0.982,0.173,0,0.174,0.985,-0.998,-0.068,0.012],"_shiftlockState":false,"_pose":"Standing","_animationQueue":[],"_animationSpeed":1,"_zoom":14.75},{"_mousePosition":[683,384],"_rootPartCFrame":[757.415,222.7,47.69,-0.067,0,0.998,0,1,0,-0.998,0,-0.067],"_humanoidState":8,"_cameraCFrame":[758.08,227.979,47.739,0.074,-0.982,0.173,0,0.174,0.985,-0.997,-0.072,0.013],"_shiftlockState":false,"_pose":"Standing","_animationQueue":[],"_animationSpeed":1,"_zoom":14.75},{"_mousePosition":[683,384],"_rootPartCFrame":[757.415,222.7,47.69,-0.067,0,0.998,0,1,0,-0.998,0,-0.067],"_humanoidState":8,"_cameraCFrame":[758.08,227.978,47.739,0.075,-0.982,0.173,0,0.174,0.985,-0.997,-0.073,0.013],"_shiftlockState":false,"_pose":"Standing","_animationQueue":[],"_animationSpeed":1,"_zoom":14.75},{"_mousePosition":[683,384],"_rootPartCFrame":[757.415,222.7,47.69,-0.067,0,0.998,0,1,0,-0.998,0,-0.067],"_humanoidState":8,"_cameraCFrame":[758.08,227.978,47.739,0.075,-0.982,0.173,0,0.174,0.985,-0.997,-0.073,0.013],"_shiftlockState":false,"_pose":"Standing","_animationQueue":[],"_animationSpeed":1,"_zoom":14.75},{"_mousePosition":[683,384],"_rootPartCFrame":[757.415,222.7,47.69,-0.067,0,0.998,0,1,0,-0.998,0,-0.067],"_humanoidState":8,"_cameraCFrame":[758.08,227.978,47.739,0.075,-0.982,0.173,0,0.174,0.985,-0.997,-0.073,0.013],"_shiftlockState":false,"_pose":"Standing","_animationQueue":[],"_animationSpeed":1,"_zoom":14.75},{"_mousePosition":[683,384],"_rootPartCFrame":[757.415,222.7,47.69,-0.067,0,0.998,0,1,0,-0.998,0,-0.067],"_humanoidState":8,"_cameraCFrame":[758.08,227.978,47.739,0.075,-0.982,0.173,0,0.174,0.985,-0.997,-0.073,0.013],"_shiftlockState":false,"_pose":"Standing","_animationQueue":[],"_animationSpeed":1,"_zoom":14.75},{"_mousePosition":[683,384],"_rootPartCFrame":[757.415,222.7,47.69,-0.067,0,0.998,0,1,0,-0.998,0,-0.067],"_humanoidState":8,"_cameraCFrame":[758.08,227.978,47.739,0.075,-0.982,0.173,0,0.174,0.985,-0.997,-0.073,0.013],"_shiftlockState":false,"_pose":"Standing","_animationQueue":[],"_animationSpeed":1,"_zoom":14.75},{"_mousePosition":[683,384],"_rootPartCFrame":[757.415,222.7,47.69,-0.067,0,0.998,0,1,0,-0.998,0,-0.067],"_humanoidState":8,"_cameraCFrame":[758.08,227.978,47.739,0.075,-0.982,0.173,0,0.174,0.985,-0.997,-0.073,0.013],"_shiftlockState":false,"_pose":"Standing","_animationQueue":[],"_animationSpeed":1,"_zoom":14.75},{"_mousePosition":[683,384],"_rootPartCFrame":[757.415,222.7,47.69,-0.067,0,0.998,0,1,0,-0.998,0,-0.067],"_humanoidState":8,"_cameraCFrame":[758.08,227.978,47.739,0.075,-0.982,0.173,0,0.174,0.985,-0.997,-0.073,0.013],"_shiftlockState":false,"_pose":"Standing","_animationQueue":[],"_animationSpeed":1,"_zoom":14.75},{"_mousePosition":[683,384],"_rootPartCFrame":[757.415,222.7,47.69,-0.067,0,0.998,0,1,0,-0.998,0,-0.067],"_humanoidState":8,"_cameraCFrame":[758.08,227.978,47.739,0.075,-0.982,0.173,0,0.174,0.985,-0.997,-0.073,0.013],"_shiftlockState":false,"_pose":"Standing","_animationQueue":[],"_animationSpeed":1,"_zoom":14.75},{"_mousePosition":[683,384],"_rootPartCFrame":[757.415,222.7,47.69,-0.067,0,0.998,0,1,0,-0.998,0,-0.067],"_humanoidState":8,"_cameraCFrame":[758.08,227.978,47.739,0.075,-0.982,0.173,0,0.174,0.985,-0.997,-0.073,0.013],"_shiftlockState":false,"_pose":"Standing","_animationQueue":[],"_animationSpeed":1,"_zoom":14.75},{"_mousePosition":[683,384],"_rootPartCFrame":[757.415,222.7,47.69,-0.067,0,0.998,0,1,0,-0.998,0,-0.067],"_humanoidState":8,"_cameraCFrame":[758.08,227.978,47.739,0.075,-0.982,0.173,0,0.174,0.985,-0.997,-0.073,0.013],"_shiftlockState":false,"_pose":"Standing","_animationQueue":[],"_animationSpeed":1,"_zoom":14.75},{"_mousePosition":[683,384],"_rootPartCFrame":[757.415,222.7,47.69,-0.067,0,0.998,0,1,0,-0.998,0,-0.067],"_humanoidState":8,"_cameraCFrame":[758.08,227.978,47.739,0.075,-0.982,0.173,0,0.174,0.985,-0.997,-0.073,0.013],"_shiftlockState":false,"_pose":"Standing","_animationQueue":[],"_animationSpeed":1,"_zoom":14.75},{"_mousePosition":[683,384],"_rootPartCFrame":[757.415,222.7,47.69,-0.067,0,0.998,0,1,0,-0.