[{"_mousePosition":[1231,371],"_rootPartCFrame":[776.026,222.951,47.142,0.001,0.002,1,0,1,-0.002,-1,0,0.001],"_humanoidState":8,"_cameraCFrame":[785.527,235.736,47.066,-0.008,-0.765,0.644,0,0.644,0.765,-1,0.006,-0.005],"_shiftlockState":false,"_pose":"Standing","_animationQueue":[],"_animationSpeed":1,"_zoom":14.75},{"_mousePosition":[1229,371],"_rootPartCFrame":[776.025,222.708,47.142,0.001,0,1,0,1,0,-1,0,0.001],"_humanoidState":8,"_cameraCFrame":[785.523,235.493,47.066,-0.008,-0.765,0.644,0,0.644,0.765,-1,0.006,-0.005],"_shiftlockState":false,"_pose":"Standing","_animationQueue":[],"_animationSpeed":1,"_zoom":14.75},{"_mousePosition":[1216,368],"_rootPartCFrame":[776.025,222.708,47.142,0.001,0,1,0,1,0,-1,0,0.001],"_humanoidState":8,"_cameraCFrame":[785.523,235.493,47.066,-0.008,-0.765,0.644,0,0.644,0.765,-1,0.006,-0.005],"_shiftlockState":false,"_pose":"Standing","_animationQueue":[],"_animationSpeed":1,"_zoom":14.75},{"_mousePosition":[1213,368],"_rootPartCFrame":[775.706,222.611,47.145,-0.001,0,1,0,1,0,-1,0,-0.001],"_humanoidState":8,"_cameraCFrame":[785.203,235.396,47.069,-0.008,-0.765,0.644,0,0.644,0.765,-1,0.006,-0.005],"_shiftlockState":false,"_pose":"Standing","_animationQueue":[],"_animationSpeed":1,"_zoom":14.75},{"_mousePosition":[1136,359],"_rootPartCFrame":[775.572,222.629,47.146,-0.001,0,1,0,1,0,-1,0,-0.001],"_humanoidState":8,"_cameraCFrame":[785.07,235.414,47.07,-0.008,-0.765,0.644,0,0.644,0.765,-1,0.006,-0.005],"_shiftlockState":false,"_pose":"Running","_animationQueue":[["walk",0.1]],"_animationSpeed":1.089,"_zoom":14.75},{"_mousePosition":[1074,355],"_rootPartCFrame":[775.306,222.659,47.148,-0.002,0,1,0,1,0,-1,0,-0.002],"_humanoidState":8,"_cameraCFrame":[784.804,235.444,47.072,-0.008,-0.765,0.644,0,0.644,0.765,-1,0.006,-0.005],"_shiftlockState":false,"_pose":"Running","_animationQueue":[],"_animationSpeed":1.089,"_zoom":14.75},{"_mousePosition":[1057,354],"_rootPartCFrame":[775.039,222.677,47.15,-0.003,0,1,0,1,0,-1,0,-0.003],"_humanoidState":8,"_cameraCFrame":[784.537,235.462,47.074,-0.008,-0.765,0.644,0,0.644,0.765,-1,0.006,-0.005],"_shiftlockState":false,"_pose":"Running","_animationQueue":[],"_animationSpeed":1.089,"_zoom":14.75},{"_mousePosition":[931,347],"_rootPartCFrame":[774.773,222.688,47.152,-0.004,0,1,0,1,0,-1,0,-0.004],"_humanoidState":8,"_cameraCFrame":[784.27,235.473,47.076,-0.008,-0.765,0.644,0,0.644,0.765,-1,0.006,-0.005],"_shiftlockState":false,"_pose":"Running","_animationQueue":[],"_animationSpeed":1.089,"_zoom":14.75},{"_mousePosition":[868,345],"_rootPartCFrame":[774.506,222.693,47.155,-0.004,0,1,0,1,0,-1,0,-0.004],"_humanoidState":8,"_cameraCFrame":[784.004,235.478,47.078,-0.008,-0.765,0.644,0,0.644,0.765,-1,0.006,-0.005],"_shiftlockState":false,"_pose":"Running","_animationQueue":[],"_animationSpeed":1.089,"_zoom":14.75},{"_mousePosition":[856,345],"_rootPartCFrame":[774.239,222.696,47.157,-0.005,0,1,0,1,0,-1,0,-0.005],"_humanoidState":8,"_cameraCFrame":[783.737,235.481,47.08,-0.008,-0.765,0.644,0,0.644,0.765,-1,0.006,-0.005],"_shiftlockState":false,"_pose":"Running","_animationQueue":[],"_animationSpeed":1.089,"_zoom":14.75},{"_mousePosition":[797,345],"_rootPartCFrame":[773.973,222.698,47.159,-0.005,0,1,0,1,0,-1,0,-0.005],"_humanoidState":8,"_cameraCFrame":[783.471,235.483,47.083,-0.008,-0.765,0.644,0,0.644,0.765,-1,0.006,-0.005],"_shiftlockState":false,"_pose":"Running","_animationQueue":[["walk",0.1]],"_animationSpeed":1.089,"_zoom":14.75},{"_mousePosition":[793,345],"_rootPartCFrame":[773.573,222.699,47.162,-0.006,0,1,0,1,0,-1,0,-0.006],"_humanoidState":8,"_cameraCFrame":[783.071,235.484,47.086,-0.008,-0.765,0.644,0,0.644,0.765,-1,0.006,-0.005],"_shiftlockState":false,"_pose":"Running","_animationQueue":[],"_animationSpeed":1.089,"_zoom":14.75},{"_mousePosition":[779,348],"_rootPartCFrame":[773.44,222.699,47.163,-0.006,0,1,0,1,0,-1,0,-0.006],"_humanoidState":8,"_cameraCFrame":[782.937,235.484,47.087,-0.008,-0.765,0.644,0,0.644,0.765,-1,0.006,-0.005],"_shiftlockState":false,"_pose":"Running","_animationQueue":[],"_animationSpeed":1.089,"_zoom":14.75},{"_mousePosition":[778,349],"_rootPartCFrame":[773.173,222.699,47.165,-0.006,0,1,0,1,0,-1,0,-0.006],"_humanoidState":8,"_cameraCFrame":[782.671,235.484,47.089,-0.008,-0.765,0.644,0,0.644,0.765,-1,0.006,-0.005],"_shiftlockState":false,"_pose":"Running","_animationQueue":[],"_animationSpeed":1.089,"_zoom":14.75},{"_mousePosition":[775,359],"_rootPartCFrame":[772.906,222.7,47.167,-0.006,0,1,0,1,0,-1,0,-0.006],"_humanoidState":8,"_cameraCFrame":[782.404,235.484,47.091,-0.008,-0.765,0.644,0,0.644,0.765,-1,0.006,-0.005],"_shiftlockState":false,"_pose":"Running","_animationQueue":[],"_animationSpeed":1.089,"_zoom":14.75},{"_mousePosition":[775,362],"_rootPartCFrame":[772.64,222.7,47.169,-0.007,0,1,0,1,0,-1,0,-0.007],"_humanoidState":8,"_cameraCFrame":[782.138,235.484,47.093,-0.008,-0.765,0.644,0,0.644,0.765,-1,0.006,-0.005],"_shiftlockState":false,"_pose":"Running","_animationQueue":[],"_animationSpeed":1.089,"_zoom":14.75},{"_mousePosition":[775,362],"_rootPartCFrame":[772.373,222.7,47.172,-0.007,0,1,0,1,0,-1,0,-0.007],"_humanoidState":8,"_cameraCFrame":[781.585,235.718,47.001,-0.018,-0.781,0.625,0,0.625,0.781,-1,0.014,-0.012],"_shiftlockState":false,"_pose":"Running","_animationQueue":[["walk",0.1]],"_animationSpeed":1.089,"_zoom":14.75},{"_mousePosition":[775,362],"_rootPartCFrame":[771.973,222.7,47.175,-0.007,0,1,0,1,0,-1,0,-0.007],"_humanoidState":8,"_cameraCFrame":[780.902,235.938,46.925,-0.028,-0.796,0.605,0,0.606,0.796,-1,0.022,-0.017],"_shiftlockState":false,"_pose":"Running","_animationQueue":[],"_animationSpeed":1.089,"_zoom":14.75},{"_mousePosition":[775,362],"_rootPartCFrame":[771.84,222.7,47.177,-0.008,0,1,0,1,0,-1,0,-0.008],"_humanoidState":8,"_cameraCFrame":[780.315,236.268,46.86,-0.037,-0.818,0.575,0,0.575,0.818,-0.999,0.031,-0.021],"_shiftlockState":false,"_pose":"Running","_animationQueue":[],"_animationSpeed":1.089,"_zoom":14.75},{"_mousePosition":[775,362],"_rootPartCFrame":[771.573,222.7,47.184,-0.01,0,1,0,1,0,-1,0,-0.01],"_humanoidState":8,"_cameraCFrame":[779.684,236.515,46.856,-0.04,-0.834,0.55,0,0.55,0.835,-0.999,0.034,-0.022],"_shiftlockState":false,"_pose":"Running","_animationQueue":[],"_animationSpeed":1.089,"_zoom":14.75},{"_mousePosition":[775,362],"_rootPartCFrame":[771.307,222.7,47.194,-0.014,0,1,0,1,0,-1,0,-0.014],"_humanoidState":8,"_cameraCFrame":[778.996,236.783,46.883,-0.04,-0.852,0.521,0,0.522,0.853,-0.999,0.035,-0.021],"_shiftlockState":false,"_pose":"Running","_animationQueue":[],"_animationSpeed":1.089,"_zoom":14.75},{"_mousePosition":[775,362],"_rootPartCFrame":[771.04,222.7,47.205,-0.017,0,1,0,1,0,-1,0,-0.017],"_humanoidState":8,"_cameraCFrame":[778.373,236.995,46.954,-0.034,-0.867,0.497,0,0.497,0.868,-0.999,0.03,-0.017],"_shiftlockState":false,"_pose":"Running","_animationQueue":[],"_animationSpeed":1.089,"_zoom":14.75},{"_mousePosition":[775,362],"_rootPartCFrame":[770.774,222.7,47.216,-0.02,0,1,0,1,0,-1,0,-0.02],"_humanoidState":8,"_cameraCFrame":[777.744,237.197,47.028,-0.027,-0.881,0.473,0,0.473,0.881,-1,0.024,-0.013],"_shiftlockState":false,"_pose":"Running","_animationQueue":[["walk",0.1]],"_animationSpeed":1.089,"_zoom":14.75},{"_mousePosition":[775,362],"_rootPartCFrame":[770.507,222.7,47.225,-0.022,0,1,0,1,0,-1,0,-0.022],"_humanoidState":8,"_cameraCFrame":[777.141,237.373,47.067,-0.024,-0.893,0.45,0,0.45,0.893,-1,0.021,-0.011],"_shiftlockState":false,"_pose":"Running","_animationQueue":[],"_animationSpeed":1.089,"_zoom":14.75},{"_mousePosition":[775,362],"_rootPartCFrame":[770.241,222.666,47.234,-0.024,0,1,0,1,0,-1,0,-0.024],"_humanoidState":8,"_cameraCFrame":[776.597,237.475,47.09,-0.023,-0.902,0.431,0,0.431,0.902,-1,0.02,-0.01],"_shiftlockState":false,"_pose":"Running","_animationQueue":[],"_animationSpeed":1.089,"_zoom":14.75},{"_mousePosition":[775,362],"_rootPartCFrame":[769.974,222.577,47.243,-0.026,0,1,0,1,0,-1,0,-0.026],"_humanoidState":8,"_cameraCFrame":[776.092,237.497,47.066,-0.029,-0.909,0.415,0,0.415,0.91,-1,0.026,-0.012],"_shiftlockState":false,"_pose":"Running","_animationQueue":[],"_animationSpeed":1.089,"_zoom":14.75},{"_mousePosition":[775,362],"_rootPartCFrame":[769.708,223.44,47.252,-0.028,0,1,0,1,0,-1,0,-0.028],"_humanoidState":3,"_cameraCFrame":[775.596,238.462,47.02,-0.039,-0.916,0.399,0,0.399,0.917,-0.999,0.036,-0.016],"_shiftlockState":false,"_pose":"Jumping","_animationQueue":[["walk",0.1],["jump",0.1]],"_animationSpeed":1,"_zoom":14.75},{"_mousePosition":[775,362],"_rootPartCFrame":[769.441,224.248,47.26,-0.029,0,1,0,1,0,-1,0,-0.029],"_humanoidState":5,"_cameraCFrame":[775.106,239.363,46.953,-0.054,-0.922,0.384,0,0.385,0.923,-0.999,0.05,-0.021],"_shiftlockState":false,"_pose":"FreeFall","_animationQueue":[["jump",0.1]],"_animationSpeed":1,"_zoom":14.75},{"_mousePosition":[775,362],"_rootPartCFrame":[769.175,225.002,47.27,-0.03,0,1,0,1,0,-1,0,-0.03],"_humanoidState":5,"_cameraCFrame":[774.59,240.216,46.857,-0.076,-0.927,0.367,0,0.368,0.93,-0.997,0.071,-0.028],"_shiftlockState":false,"_pose":"FreeFall","_animationQueue":[],"_animationSpeed":1,"_zoom":14.75},{"_mousePosition":[775,362],"_rootPartCFrame":[768.908,225.702,47.284,-0.032,0,0.999,0,1,0,-0.999,0,-0.032],"_humanoidState":5,"_cameraCFrame":[774.058,241.014,46.766,-0.1,-0.932,0.349,0,0.351,0.936,-0.995,0.094,-0.035],"_shiftlockState":false,"_pose":"FreeFall","_animationQueue":[],"_animationSpeed":1,"_zoom":14.75},{"_mousePosition":[775,362],"_rootPartCFrame":[768.642,226.347,47.303,-0.037,0,0.999,0,1,0,-0.999,0,-0.037],"_humanoidState":5,"_cameraCFrame":[773.474,241.768,46.664,-0.131,-0.936,0.328,0,0.33,0.944,-0.991,0.124,-0.043],"_shiftlockState":false,"_pose":"FreeFall","_animationQueue":[],"_animationSpeed":1,"_zoom":14.75},{"_mousePosition":[775,362],"_rootPartCFrame":[768.377,226.937,47.329,-0.045,0,0.999,0,1,0,-0.999,0,-0.045],"_humanoidState":5,"_cameraCFrame":[772.945,242.443,46.598,-0.158,-0.938,0.31,0,0.314,0.95,-0.987,0.15,-0.05],"_shiftlockState":false,"_pose":"FreeFall","_animationQueue":[],"_animationSpeed":1,"_zoom":14.75},{"_mousePosition":[775,362],"_rootPartCFrame":[768.112,227.473,47.363,-0.055,0,0.998,0,1,0,-0.998,0,-0.055],"_humanoidState":5,"_cameraCFrame":[772.425,243.055,46.551,-0.185,-0.938,0.292,0,0.298,0.955,-0.983,0.177,-0.055],"_shiftlockState":false,"_pose":"FreeFall","_animationQueue":[],"_animationSpeed":1,"_zoom":14.75},{"_mousePosition":[775,362],"_rootPartCFrame":[767.849,227.954,47.404,-0.068,0,0.998,0,1,0,-0.998,0,-0.068],"_humanoidState":5,"_cameraCFrame":[771.988,243.585,46.535,-0.206,-0.938,0.281,0,0.287,0.958,-0.979,0.197,-0.059],"_shiftlockState":false,"_pose":"FreeFall","_animationQueue":[],"_animationSpeed":1,"_zoom":14.75},{"_mousePosition":[775,362],"_rootPartCFrame":[767.587,228.381,47.452,-0.083,0,0.997,0,1,0,-0.997,0,-0.083],"_humanoidState":5,"_cameraCFrame":[771.586,244.049,46.533,-0.224,-0.936,0.271,0,0.278,0.961,-0.975,0.215,-0.062],"_shiftlockState":false,"_pose":"FreeFall","_animationQueue":[],"_animationSpeed":1,"_zoom":14.75},{"_mousePosition":[775,362],"_rootPartCFrame":[767.326,228.753,47.506,-0.099,0,0.995,0,1,0,-0.995,0,-0.099],"_humanoidState":5,"_cameraCFrame":[771.262,244.438,46.567,-0.232,-0.935,0.267,0,0.274,0.962,-0.973,0.223,-0.064],"_shiftlockState":false,"_pose":"FreeFall","_animationQueue":[],"_animationSpeed":1,"_zoom":14.75},{"_mousePosition":[775,362],"_rootPartCFrame":[767.13,228.997,47.55,-0.112,0,0.994,0,1,0,-0.994,0,-0.112],"_humanoidState":5,"_cameraCFrame":[771.04,244.688,46.6,-0.236,-0.935,0.265,0,0.273,0.962,-0.972,0.227,-0.064],"_shiftlockState":false,"_pose":"FreeFall","_animationQueue":[],"_animationSpeed":1,"_zoom":14.75},{"_mousePosition":[775,362],"_rootPartCFrame":[766.806,229.335,47.627,-0.132,0,0.991,0,1,0,-0.991,0,-0.132],"_humanoidState":5,"_cameraCFrame":[770.704,245.029,46.676,-0.237,-0.935,0.264,0,0.272,0.962,-0.971,0.228,-0.065],"_shiftlockState":false,"_pose":"FreeFall","_animationQueue":[],"_animationSpeed":1,"_zoom":14.75},{"_mousePosition":[775,362],"_rootPartCFrame":[766.547,229.544,47.69,-0.147,0,0.989,0,1,0,-0.989,0,-0.147],"_humanoidState":5,"_cameraCFrame":[770.445,245.237,46.739,-0.237,-0.935,0.264,0,0.272,0.962,-0.971,0.228,-0.065],"_shiftlockState":false,"_pose":"FreeFall","_animationQueue":[],"_animationSpeed":1,"_zoom":14.75},{"_mousePosition":[775,362],"_rootPartCFrame":[766.288,229.698,47.753,-0.16,0,0.987,0,1,0,-0.987,0,-0.16],"_humanoidState":5,"_cameraCFrame":[770.186,245.392,46.802,-0.237,-0.935,0.264,0,0.272,0.962,-0.971,0.228,-0.065],"_shiftlockState":false,"_pose":"FreeFall","_animationQueue":[],"_animationSpeed":1,"_zoom":14.75},{"_mousePosition":[775,362],"_rootPartCFrame":[766.029,229.798,47.817,-0.171,0,0.985,0,1,0,-0.985,0,-0.171],"_humanoidState":5,"_cameraCFrame":[769.925,245.492,46.857,-0.239,-0.934,0.264,0,0.272,0.962,-0.971,0.23,-0.065],"_shiftlockState":false,"_pose":"FreeFall","_animationQueue":[],"_animationSpeed":1,"_zoom":14.75},{"_mousePosition":[775,362],"_rootPartCFrame":[765.77,229.843,47.88,-0.18,0,0.984,0,1,0,-0.984,0,-0.18],"_humanoidState":5,"_cameraCFrame":[769.611,245.55,46.891,-0.249,-0.933,0.26,0,0.269,0.963,-0.968,0.24,-0.067],"_shiftlockState":false,"_pose":"FreeFall","_animationQueue":[],"_animationSpeed":1,"_zoom":14.75},{"_mousePosition":[775,362],"_rootPartCFrame":[765.576,229.842,47.928,-0.186,0,0.982,0,1,0,-0.982,0,-0.186],"_humanoidState":5,"_cameraCFrame":[769.316,245.57,46.872,-0.272,-0.928,0.254,0,0.263,0.965,-0.962,0.262,-0.072],"_shiftlockState":false,"_pose":"FreeFall","_animationQueue":[["fall",0.3]],"_animationSpeed":1,"_zoom":14.75},{"_mousePosition":[775,362],"_rootPartCFrame":[765.253,229.771,48.01,-0.197,0,0.98,0,1,0,-0.98,0,-0.197],"_humanoidState":5,"_cameraCFrame":[768.872,245.524,46.869,-0.301,-0.922,0.245,0,0.257,0.966,-0.954,0.291,-0.077],"_shiftlockState":false,"_pose":"FreeFall","_animationQueue":[],"_animationSpeed":1,"_zoom":14.75},{"_mousePosition":[775,362],"_rootPartCFrame":[764.996,229.653,48.082,-0.206,0,0.978,0,1,0,-0.978,0,-0.206],"_humanoidState":5,"_cameraCFrame":[768.478,245.43,46.825,-0.339,-0.911,0.236,0,0.251,0.968,-0.941,0.329,-0.085],"_shiftlockState":false,"_pose":"FreeFall","_animationQueue":[],"_animationSpeed":1,"_zoom":14.75},{"_mousePosition":[775,362],"_rootPartCFrame":[764.741,229.48,48.161,-0.218,0,0.976,0,1,0,-0.976,0,-0.218],"_humanoidState":5,"_cameraCFrame":[768.086,245.278,46.773,-0.383,-0.895,0.227,0,0.246,0.969,-0.924,0.372,-0.094],"_shiftlockState":false,"_pose":"FreeFall","_animationQueue":[],"_animationSpeed":1,"_zoom":14.75},{"_mousePosition":[775,362],"_rootPartCFrame":[764.49,229.253,48.25,-0.233,0,0.972,0,1,0,-0.972,0,-0.233],"_humanoidState":5,"_cameraCFrame":[767.699,245.066,46.7,-0.435,-0.874,0.218,0,0.242,0.97,-0.9,0.422,-0.105],"_shiftlockState":false,"_pose":"FreeFall","_animationQueue":[],"_animationSpeed":1,"_zoom":14.75},{"_mousePosition":[775,362],"_rootPartCFrame":[764.243,228.971,48.35,-0.252,0,0.968,0,1,0,-0.968,0,-0.252],"_humanoidState":5,"_cameraCFrame":[767.347,244.793,46.671,-0.476,-0.854,0.21,0,0.239,0.971,-0.879,0.462,-0.114],"_shiftlockState":false,"_pose":"FreeFall","_animationQueue":[],"_animationSpeed":1,"_zoom":14.75},{"_mousePosition":[775,362],"_rootPartCFrame":[764.002,228.635,48.464,-0.276,0,0.961,0,1,0,-0.961,0,-0.276],"_humanoidState":5,"_cameraCFrame":[767.036,244.459,46.684,-0.506,-0.838,0.206,0,0.239,0.971,-0.863,0.491,-0.121],"_shiftlockState":false,"_pose":"FreeFall","_animationQueue":[["fall",0.3]],"_animationSpeed":1,"_zoom":14.75},{"_mousePosition":[775,362],"_rootPartCFrame":[763.766,228.245,48.59,-0.302,0,0.953,0,1,0,-0.953,0,-0.302],"_humanoidState":5,"_cameraCFrame":[766.745,244.069,46.718,-0.532,-0.822,0.202,0,0.239,0.971,-0.847,0.517,-0.127],"_shiftlockState":false,"_pose":"FreeFall","_animationQueue":[],"_animationSpeed":1,"_zoom":14.75},{"_mousePosition":[775,362],"_rootPartCFrame":[763.536,227.799,48.723,-0.33,0,0.944,0,1,0,-0.944,0,-0.33],"_humanoidState":5,"_cameraCFrame":[766.474,243.621,46.768,-0.554,-0.808,0.199,0,0.239,0.971,-0.833,0.538,-0.133],"_shiftlockState":false,"_pose":"FreeFall","_animationQueue":[],"_animationSpeed":1,"_zoom":14.75},{"_mousePosition":[775,362],"_rootPartCFrame":[763.309,227.3,48.864,-0.358,0,0.934,0,1,0,-0.934,0,-0.358],"_humanoidState":5,"_cameraCFrame":[766.212,243.116,46.816,-0.576,-0.793,0.197,0,0.241,0.971,-0.817,0.559,-0.139],"_shiftlockState":false,"_pose":"FreeFall","_animationQueue":[],"_animationSpeed":1,"_zoom":14.75},{"_mousePosition":[775,362],"_rootPartCFrame":[763.087,226.746,49.011,-0.386,0,0.923,0,1,0,-0.923,0,-0.386],"_humanoidState":5,"_cameraCFrame":[765.961,242.55,46.845,-0.602,-0.775,0.195,0,0.244,0.97,-0.799,0.584,-0.147],"_shiftlockState":false,"_pose":"FreeFall","_animationQueue":[],"_animationSpeed":1,"_zoom":14.75},{"_mousePosition":[775,362],"_rootPartCFrame":[762.868,226.137,49.164,-0.412,0,0.911,0,1,0,-0.911,0,-0.412],"_humanoidState":5,"_cameraCFrame":[765.692,241.93,46.859,-0.632,-0.751,0.191,0,0.247,0.969,-0.775,0.613,-0.156],"_shiftlockState":false,"_pose":"FreeFall","_animationQueue":[],"_animationSpeed":1,"_zoom":14.75},{"_mousePosition":[775,362],"_rootPartCFrame":[762.655,225.474,49.323,-0.439,0,0.899,0,1,0,-0.899,0,-0.439],"_humanoidState":5,"_cameraCFrame":[765.417,241.252,46.858,-0.666,-0.722,0.187,0,0.251,0.968,-0.746,0.644,-0.167],"_shiftlockState":false,"_pose":"FreeFall","_animationQueue":[],"_animationSpeed":1,"_zoom":14.75},{"_mousePosition":[775,362],"_rootPartCFrame":[762.447,224.756,49.491,-0.466,0,0.885,0,1,0,-0.885,0,-0.466],"_humanoidState":5,"_cameraCFrame":[765.126,240.513,46.819,-0.706,-0.684,0.182,0,0.256,0.967,-0.708,0.682,-0.181],"_shiftlockState":false,"_pose":"FreeFall","_animationQueue":[["fall",0.3]],"_animationSpeed":1,"_zoom":14.75},{"_mousePosition":[775,362],"_rootPartCFrame":[762.247,223.984,49.667,-0.494,0,0.87,0,1,0,-0.87,0,-0.494],"_humanoidState":5,"_cameraCFrame":[764.813,239.722,46.794,-0.746,-0.643,0.174,0,0.261,0.965,-0.666,0.72,-0.195],"_shiftlockState":false,"_pose":"FreeFall","_animationQueue":[],"_animationSpeed":1,"_zoom":14.75},{"_mousePosition":[775,362],"_rootPartCFrame":[762.057,223.158,49.854,-0.524,0,0.852,0,1,0,-0.852,0,-0.524],"_humanoidState":5,"_cameraCFrame":[764.51,238.874,46.78,-0.782,-0.601,0.166,0,0.267,0.964,-0.624,0.753,-0.208],"_shiftlockState":false,"_pose":"FreeFall","_animationQueue":[],"_animationSpeed":1,"_zoom":14.75},{"_mousePosition":[775,362],"_rootPartCFrame":[761.877,222.749,50.051,-0.555,0,0.832,0,1,0,-0.832,0,-0.555],"_humanoidState":7,"_cameraCFrame":[764.24,238.439,46.794,-0.809,-0.565,0.16,0,0.273,0.962,-0.587,0.779,-0.221],"_shiftlockState":false,"_pose":"FreeFall","_animationQueue":[["walk",0.1],["fall",0.3],["fall",0.3]],"_animationSpeed":1,"_zoom":14.75},{"_mousePosition":[775,362],"_rootPartCFrame":[761.709,222.79,50.258,-0.588,0,0.809,0,1,0,-0.809,0,-0.588],"_humanoidState":7,"_cameraCFrame":[764.029,238.445,46.817,-0.829,-0.536,0.157,0,0.281,0.96,-0.559,0.796,-0.233],"_shiftlockState":false,"_pose":"FreeFall","_animationQueue":[],"_animationSpeed":1,"_zoom":14.75},{"_mousePosition":[775,362],"_rootPartCFrame":[761.551,222.855,50.473,-0.621,0,0.783,0,1,0,-0.783,0,-0.621],"_humanoidState":8,"_cameraCFrame":[763.839,238.479,46.888,-0.843,-0.515,0.155,0,0.288,0.958,-0.538,0.807,-0.243],"_shiftlockState":false,"_pose":"Running","_animationQueue":[["walk",0.1],["fall",0.3],["walk",0.1]],"_animationSpeed":1.103,"_zoom":14.75},{"_mousePosition":[775,362],"_rootPartCFrame":[761.402,222.897,50.693,-0.653,0,0.757,0,1,0,-0.757,0,-0.653],"_humanoidState":8,"_cameraCFrame":[763.677,238.504,47.034,-0.849,-0.505,0.154,0,0.292,0.956,-0.528,0.812,-0.248],"_shiftlockState":false,"_pose":"Running","_animationQueue":[],"_animationSpeed":1.103,"_zoom":14.75},{"_mousePosition":[775,362],"_rootPartCFrame":[761.258,222.921,50.918,-0.682,0,0.731,0,1,0,-0.731,0,-0.682],"_humanoidState":8,"_cameraCFrame":[763.536,238.525,47.247,-0.85,-0.504,0.154,0,0.293,0.956,-0.527,0.812,-0.249],"_shiftlockState":false,"_pose":"Running","_animationQueue":[["walk",0.1]],"_animationSpeed":1.103,"_zoom":14.75},{"_mousePosition":[775,362],"_rootPartCFrame":[761.117,222.934,51.144,-0.708,0,0.707,0,1,0,-0.707,0,-0.708],"_humanoidState":8,"_cameraCFrame":[763.395,238.538,47.473,-0.85,-0.504,0.154,0,0.293,0.956,-0.527,0.812,-0.249],"_shiftlockState":false,"_pose":"Running","_animationQueue":[],"_animationSpeed":1.103,"_zoom":14.75},{"_mousePosition":[775,362],"_rootPartCFrame":[760.976,222.942,51.371,-0.729,0,0.684,0,1,0,-0.684,0,-0.729],"_humanoidState":8,"_cameraCFrame":[763.254,238.545,47.7,-0.85,-0.504,0.154,0,0.293,0.956,-0.527,0.812,-0.249],"_shiftlockState":false,"_pose":"Running","_animationQueue":[],"_animationSpeed":1.103,"_zoom":14.75},{"_mousePosition":[775,362],"_rootPartCFrame":[760.835,222.945,51.597,-0.747,0,0.664,0,1,0,-0.664,0,-0.747],"_humanoidState":8,"_cameraCFrame":[763.113,238.548,47.926,-0.85,-0.504,0.154,0,0.293,0.956,-0.527,0.812,-0.249],"_shiftlockState":false,"_pose":"Running","_animationQueue":[],"_animationSpeed":1.103,"_zoom":14.75},{"_mousePosition":[775,362],"_rootPartCFrame":[760.695,222.947,51.824,-0.763,0,0.647,0,1,0,-0.647,0,-0.763],"_humanoidState":8,"_cameraCFrame":[762.973,238.55,48.153,-0.85,-0.504,0.154,0,0.293,0.956,-0.527,0.812,-0.249],"_shiftlockState":false,"_pose":"Running","_animationQueue":[],"_animationSpeed":1.103,"_zoom":14.75},{"_mousePosition":[775,362],"_rootPartCFrame":[760.554,222.948,52.05,-0.775,0,0.632,0,1,0,-0.632,0,-0.775],"_humanoidState":8,"_cameraCFrame":[762.832,238.551,48.379,-0.85,-0.504,0.154,0,0.293,0.956,-0.527,0.812,-0.249],"_shiftlockState":false,"_pose":"Running","_animationQueue":[],"_animationSpeed":1.103,"_zoom":14.75},{"_mousePosition":[775,362],"_rootPartCFrame":[760.414,222.949,52.277,-0.786,0,0.618,0,1,0,-0.618,0,-0.786],"_humanoidState":8,"_cameraCFrame":[762.692,238.552,48.606,-0.85,-0.504,0.154,0,0.293,0.956,-0.527,0.812,-0.249],"_shiftlockState":false,"_pose":"Running","_animationQueue":[],"_animationSpeed":1.103,"_zoom":14.75},{"_mousePosition":[775,362],"_rootPartCFrame":[760.273,222.949,52.504,-0.795,0,0.606,0,1,0,-0.606,0,-0.795],"_humanoidState":8,"_cameraCFrame":[762.565,238.549,48.828,-0.849,-0.506,0.155,0,0.294,0.956,-0.529,0.811,-0.249],"_shiftlockState":false,"_pose":"Running","_animationQueue":[["walk",0.1]],"_animationSpeed":1.103,"_zoom":14.75},{"_mousePosition":[775,362],"_rootPartCFrame":[760.132,222.949,52.73,-0.803,0,0.596,0,1,0,-0.596,0,-0.803],"_humanoidState":8,"_cameraCFrame":[762.432,238.549,49.059,-0.847,-0.507,0.156,0,0.294,0.956,-0.531,0.81,-0.249],"_shiftlockState":false,"_pose":"Running","_animationQueue":[],"_animationSpeed":1.103,"_zoom":14.75},{"_mousePosition":[775,362],"_rootPartCFrame":[759.991,222.95,52.956,-0.81,0,0.587,0,1,0,-0.587,0,-0.81],"_humanoidState":8,"_cameraCFrame":[762.308,238.546,49.283,-0.846,-0.51,0.157,0,0.294,0.956,-0.533,0.808,-0.249],"_shiftlockState":false,"_pose":"Running","_animationQueue":[],"_animationSpeed":1.103,"_zoom":14.75},{"_mousePosition":[775,362],"_rootPartCFrame":[759.85,222.95,53.182,-0.815,0,0.579,0,1,0,-0.579,0,-0.815],"_humanoidState":8,"_cameraCFrame":[762.2,238.542,49.516,-0.842,-0.516,0.159,0,0.295,0.955,-0.54,0.804,-0.249],"_shiftlockState":false,"_pose":"Running","_animationQueue":[],"_animationSpeed":1.103,"_zoom":14.75},{"_mousePosition":[775,362],"_rootPartCFrame":[759.708,222.95,53.408,-0.819,0,0.573,0,1,0,-0.573,0,-0.819],"_humanoidState":8,"_cameraCFrame":[762.11,238.539,49.762,-0.835,-0.526,0.163,0,0.296,0.955,-0.55,0.798,-0.247],"_shiftlockState":false,"_pose":"Running","_animationQueue":[],"_animationSpeed":1.103,"_zoom":14.75},{"_mousePosition":[775,362],"_rootPartCFrame":[759.564,222.95,53.633,-0.823,0,0.569,0,1,0,-0.569,0,-0.823],"_humanoidState":8,"_cameraCFrame":[762.034,238.539,50.033,-0.825,-0.54,0.167,0,0.296,0.955,-0.566,0.788,-0.244],"_shiftlockState":false,"_pose":"Running","_animationQueue":[],"_animationSpeed":1.103,"_zoom":14.75},{"_mousePosition":[775,362],"_rootPartCFrame":[759.417,222.95,53.855,-0.824,0,0.566,0,1,0,-0.566,0,-0.824],"_humanoidState":8,"_cameraCFrame":[761.964,238.546,50.337,-0.81,-0.56,0.173,0,0.294,0.956,-0.586,0.774,-0.239],"_shiftlockState":false,"_pose":"Running","_animationQueue":[["walk",0.1]],"_animationSpeed":1.103,"_zoom":14.75},{"_mousePosition":[775,362],"_rootPartCFrame":[759.267,222.95,54.076,-0.825,0,0.566,0,1,0,-0.566,0,-0.825],"_humanoidState":8,"_cameraCFrame":[761.87,238.556,50.641,-0.797,-0.578,0.176,0,0.292,0.956,-0.604,0.762,-0.233],"_shiftlockState":false,"_pose":"Running","_animationQueue":[],"_animationSpeed":1.103,"_zoom":14.75},{"_mousePosition":[775,362],"_rootPartCFrame":[759.111,222.95,54.292,-0.823,0,0.568,0,1,0,-0.568,0,-0.823],"_humanoidState":8,"_cameraCFrame":[761.757,238.563,50.92,-0.787,-0.591,0.179,0,0.291,0.957,-0.617,0.753,-0.229],"_shiftlockState":false,"_pose":"Running","_animationQueue":[],"_animationSpeed":1.103,"_zoom":14.75},{"_mousePosition":[775,362],"_rootPartCFrame":[758.95,222.95,54.505,-0.82,0,0.573,0,1,0,-0.573,0,-0.82],"_humanoidState":8,"_cameraCFrame":[761.623,238.58,51.227,-0.775,-0.605,0.181,0,0.287,0.958,-0.632,0.742,-0.222],"_shiftlockState":false,"_pose":"Running","_animationQueue":[],"_animationSpeed":1.103,"_zoom":14.75},{"_mousePosition":[775,362],"_rootPartCFrame":[758.786,222.95,54.715,-0.815,0,0.579,0,1,0,-0.579,0,-0.815],"_humanoidState":8,"_cameraCFrame":[761.507,238.597,51.552,-0.758,-0.625,0.184,0,0.283,0.959,-0.652,0.727,-0.214],"_shiftlockState":false,"_pose":"Running","_animationQueue":[],"_animationSpeed":1.103,"_zoom":14.75},{"_mousePosition":[775,362],"_rootPartCFrame":[758.618,222.95,54.922,-0.81,0,0.586,0,1,0,-0.586,0,-0.81],"_humanoidState":8,"_cameraCFrame":[761.392,238.621,51.913,-0.735,-0.651,0.188,0,0.277,0.961,-0.678,0.706,-0.204],"_shiftlockState":false,"_pose":"Running","_animationQueue":[],"_animationSpeed":1.103,"_zoom":14.75},{"_mousePosition":[775,362],"_rootPartCFrame":[758.444,222.95,55.124,-0.804,0,0.595,0,1,0,-0.595,0,-0.804],"_humanoidState":8,"_cameraCFrame":[761.291,238.643,52.297,-0.705,-0.683,0.193,0,0.272,0.962,-0.71,0.678,-0.192],"_shiftlockState":false,"_pose":"Running","_animationQueue":[["walk",0.1]],"_animationSpeed":1.103,"_zoom":14.75},{"_mousePosition":[775,362],"_rootPartCFrame":[758.264,222.95,55.321,-0.795,0,0.606,0,1,0,-0.606,0,-0.795],"_humanoidState":8,"_cameraCFrame":[761.185,238.659,52.654,-0.674,-0.711,0.198,0,0.268,0.963,-0.738,0.65,-0.181],"_shiftlockState":false,"_pose":"Running","_animationQueue":[],"_animationSpeed":1.103,"_zoom":14.75},{"_mousePosition":[775,362],"_rootPartCFrame":[758.075,222.95,55.509,-0.784,0,0.62,0,1,0,-0.62,0,-0.784],"_humanoidState":8,"_cameraCFrame":[761.067,238.675,53.01,-0.641,-0.74,0.203,0,0.264,0.964,-0.767,0.618,-0.169],"_shiftlockState":false,"_pose":"Running","_animationQueue":[],"_animationSpeed":1.103,"_zoom":14.75},{"_mousePosition":[775,362],"_rootPartCFrame":[757.879,222.95,55.69,-0.771,0,0.637,0,1,0,-0.637,0,-0.771],"_humanoidState":8,"_cameraCFrame":[760.938,238.688,53.349,-0.608,-0.767,0.207,0,0.261,0.965,-0.794,0.587,-0.159],"_shiftlockState":false,"_pose":"Running","_animationQueue":[],"_animationSpeed":1.103,"_zoom":14.75},{"_mousePosition":[775,362],"_rootPartCFrame":[757.675,222.95,55.861,-0.755,0,0.655,0,1,0,-0.655,0,-0.755],"_humanoidState":8,"_cameraCFrame":[760.787,238.7,53.671,-0.576,-0.79,0.211,0,0.258,0.966,-0.818,0.556,-0.149],"_shiftlockState":false,"_pose":"Running","_animationQueue":[],"_animationSpeed":1.103,"_zoom":14.75},{"_mousePosition":[775,362],"_rootPartCFrame":[757.464,222.95,56.024,-0.738,0,0.675,0,1,0,-0.675,0,-0.738],"_humanoidState":8,"_cameraCFrame":[760.596,238.712,53.945,-0.553,-0.806,0.212,0,0.255,0.967,-0.833,0.535,-0.141],"_shiftlockState":false,"_pose":"Running","_animationQueue":[],"_animationSpeed":1.103,"_zoom":14.75},{"_mousePosition":[775,362],"_rootPartCFrame":[757.246,222.95,56.178,-0.718,0,0.696,0,1,0,-0.696,0,-0.718],"_humanoidState":8,"_cameraCFrame":[760.399,238.715,54.151,-0.541,-0.814,0.214,0,0.254,0.967,-0.841,0.523,-0.137],"_shiftlockState":false,"_pose":"Running","_animationQueue":[],"_animationSpeed":1.103,"_zoom":14.75},{"_mousePosition":[775,362],"_rootPartCFrame":[757.028,223.823,56.332,-0.698,0,0.716,0,1,0,-0.716,0,-0.698],"_humanoidState":3,"_cameraCFrame":[760.174,239.591,54.314,-0.54,-0.814,0.213,0,0.253,0.967,-0.842,0.522,-0.137],"_shiftlockState":false,"_pose":"Jumping","_animationQueue":[["walk",0.1],["walk",0.1],["jump",0.1]],"_animationSpeed":1,"_zoom":14.75},{"_mousePosition":[775,362],"_rootPartCFrame":[756.805,224.645,56.478,-0.678,0,0.735,0,1,0,-0.735,0,-0.678],"_humanoidState":5,"_cameraCFrame":[759.95,240.414,54.46,-0.54,-0.814,0.213,0,0.253,0.967,-0.842,0.522,-0.137],"_shiftlockState":false,"_pose":"FreeFall","_animationQueue":[["jump",0.1]],"_animationSpeed":1,"_zoom":14.75},{"_mousePosition":[775,362],"_rootPartCFrame":[756.637,225.225,56.586,-0.664,0,0.748,0,1,0,-0.748,0,-0.664],"_humanoidState":5,"_cameraCFrame":[759.782,240.994,54.568,-0.54,-0.814,0.213,0,0.253,0.967,-0.842,0.522,-0.137],"_shiftlockState":false,"_pose":"FreeFall","_animationQueue":[],"_animationSpeed":1,"_zoom":14.75},{"_mousePosition":[775,362],"_rootPartCFrame":[756.412,225.952,56.73,-0.648,0,0.762,0,1,0,-0.762,0,-0.648],"_humanoidState":5,"_cameraCFrame":[759.548,241.724,54.718,-0.54,-0.814,0.213,0,0.253,0.968,-0.842,0.522,-0.136],"_shiftlockState":false,"_pose":"FreeFall","_animationQueue":[],"_animationSpeed":1,"_zoom":14.75},{"_mousePosition":[775,362],"_rootPartCFrame":[756.188,226.624,56.874,-0.633,0,0.774,0,1,0,-0.774,0,-0.633],"_humanoidState":5,"_cameraCFrame":[759.3,242.402,54.868,-0.542,-0.814,0.211,0,0.251,0.968,-0.841,0.524,-0.136],"_shiftlockState":false,"_pose":"FreeFall","_animationQueue":[],"_animationSpeed":1,"_zoom":14.75},{"_mousePosition":[775,362],"_rootPartCFrame":[755.908,227.388,57.054,-0.617,0,0.787,0,1,0,-0.787,0,-0.617],"_humanoidState":5,"_cameraCFrame":[759.013,243.166,55.038,-0.544,-0.812,0.211,0,0.251,0.968,-0.839,0.527,-0.137],"_shiftlockState":false,"_pose":"FreeFall","_animationQueue":[],"_animationSpeed":1,"_zoom":14.75},{"_mousePosition":[775,362],"_rootPartCFrame":[755.739,227.805,57.162,-0.609,0,0.793,0,1,0,-0.793,0,-0.609],"_humanoidState":5,"_cameraCFrame":[758.831,243.586,55.146,-0.546,-0.811,0.21,0,0.25,0.968,-0.838,0.529,-0.137],"_shiftlockState":false,"_pose":"FreeFall","_animationQueue":[],"_animationSpeed":1,"_zoom":14.75},{"_mousePosition":[775,362],"_rootPartCFrame":[755.46,228.432,57.343,-0.598,0,0.801,0,1,0,-0.801,0,-0.598],"_humanoidState":5,"_cameraCFrame":[758.55,244.213,55.324,-0.547,-0.811,0.209,0,0.25,0.968,-0.837,0.53,-0.137],"_shiftlockState":false,"_pose":"FreeFall","_animationQueue":[],"_animationSpeed":1,"_zoom":14.75},{"_mousePosition":[775,362],"_rootPartCFrame":[755.236,228.873,57.489,-0.591,0,0.807,0,1,0,-0.807,0,-0.591],"_humanoidState":5,"_cameraCFrame":[758.326,244.654,55.47,-0.547,-0.811,0.209,0,0.25,0.968,-0.837,0.53,-0.137],"_shiftlockState":false,"_pose":"FreeFall","_animationQueue":[],"_animationSpeed":1,"_zoom":14.75},{"_mousePosition":[775,362],"_rootPartCFrame":[755.013,229.259,57.635,-0.585,0,0.811,0,1,0,-0.811,0,-0.585],"_humanoidState":5,"_cameraCFrame":[758.103,245.04,55.616,-0.547,-0.811,0.209,0,0.25,0.968,-0.837,0.53,-0.137],"_shiftlockState":false,"_pose":"FreeFall","_animationQueue":[],"_animationSpeed":1,"_zoom":14.75},{"_mousePosition":[775,362],"_rootPartCFrame":[754.846,229.513,57.744,-0.581,0,0.814,0,1,0,-0.814,0,-0.581],"_humanoidState":5,"_cameraCFrame":[757.936,245.293,55.725,-0.547,-0.811,0.209,0,0.25,0.968,-0.837,0.53,-0.137],"_shiftlockState":false,"_pose":"FreeFall","_animationQueue":[],"_animationSpeed":1,"_zoom":14.75},{"_mousePosition":[775,362],"_rootPartCFrame":[754.567,229.867,57.926,-0.575,0,0.818,0,1,0,-0.818,0,-0.575],"_humanoidState":5,"_cameraCFrame":[757.657,245.648,55.908,-0.547,-0.811,0.209,0,0.25,0.968,-0.837,0.53,-0.137],"_shiftlockState":false,"_pose":"FreeFall","_animationQueue":[],"_animationSpeed":1,"_zoom":14.75},{"_mousePosition":[775,362],"_rootPartCFrame":[754.399,230.039,58.036,-0.572,0,0.82,0,1,0,-0.82,0,-0.572],"_humanoidState":5,"_cameraCFrame":[757.489,245.82,56.017,-0.547,-0.811,0.209,0,0.25,0.968,-0.837,0.53,-0.137],"_shiftlockState":false,"_pose":"FreeFall","_animationQueue":[],"_animationSpeed":1,"_zoom":14.75},{"_mousePosition":[775,362],"_rootPartCFrame":[754.176,230.221,58.182,-0.568,0,0.823,0,1,0,-0.823,0,-0.568],"_humanoidState":5,"_cameraCFrame":[757.264,246.002,56.16,-0.548,-0.81,0.209,0,0.25,0.968,-0.837,0.53,-0.137],"_shiftlockState":false,"_pose":"FreeFall","_animationQueue":[],"_animationSpeed":1,"_zoom":14.75},{"_mousePosition":[775,362],"_rootPartCFrame":[753.897,230.372,58.364,-0.565,0,0.825,0,1,0,-0.825,0,-0.565],"_humanoidState":5,"_cameraCFrame":[756.967,246.155,56.335,-0.551,-0.808,0.208,0,0.249,0.968,-0.834,0.534,-0.138],"_shiftlockState":false,"_pose":"FreeFall","_animationQueue":[],"_animationSpeed":1,"_zoom":14.75},{"_mousePosition":[775,362],"_rootPartCFrame":[753.674,230.431,58.51,-0.562,0,0.827,0,1,0,-0.827,0,-0.562],"_humanoidState":5,"_cameraCFrame":[756.728,246.217,56.478,-0.554,-0.806,0.207,0,0.249,0.969,-0.833,0.537,-0.138],"_shiftlockState":false,"_pose":"FreeFall","_animationQueue":[],"_animationSpeed":1,"_zoom":14.75},{"_mousePosition":[775,362],"_rootPartCFrame":[753.507,230.439,58.62,-0.561,0,0.828,0,1,0,-0.828,0,-0.561],"_humanoidState":5,"_cameraCFrame":[756.55,246.226,56.572,-0.558,-0.804,0.206,0,0.249,0.969,-0.83,0.541,-0.139],"_shiftlockState":false,"_pose":"FreeFall","_animationQueue":[],"_animationSpeed":1,"_zoom":14.75},{"_mousePosition":[775,362],"_rootPartCFrame":[753.23,230.385,58.805,-0.56,0,0.829,0,1,0,-0.829,0,-0.56],"_humanoidState":5,"_cameraCFrame":[756.262,246.172,56.741,-0.563,-0.801,0.206,0,0.249,0.969,-0.827,0.545,-0.14],"_shiftlockState":false,"_pose":"FreeFall","_animationQueue":[],"_animationSpeed":1,"_zoom":14.75},{"_mousePosition":[775,362],"_rootPartCFrame":[753.064,230.312,58.916,-0.559,0,0.829,0,1,0,-0.829,0,-0.559],"_humanoidState":5,"_cameraCFrame":[756.089,246.099,56.843,-0.565,-0.799,0.205,0,0.249,0.969,-0.825,0.547,-0.141],"_shiftlockState":false,"_pose":"FreeFall","_animationQueue":[],"_animationSpeed":1,"_zoom":14.75},{"_mousePosition":[775,362],"_rootPartCFrame":[752.788,230.122,59.104,-0.56,0,0.829,0,1,0,-0.829,0,-0.56],"_humanoidState":5,"_cameraCFrame":[755.81,245.908,57.024,-0.567,-0.798,0.205,0,0.249,0.969,-0.824,0.549,-0.141],"_shiftlockState":false,"_pose":"FreeFall","_animationQueue":[],"_animationSpeed":1,"_zoom":14.75},{"_mousePosition":[775,362],"_rootPartCFrame":[752.568,229.908,59.254,-0.56,0,0.828,0,1,0,-0.828,0,-0.56],"_humanoidState":5,"_cameraCFrame":[755.587,245.695,57.171,-0.568,-0.797,0.205,0,0.249,0.969,-0.823,0.55,-0.141],"_shiftlockState":false,"_pose":"FreeFall","_animationQueue":[["fall",0.3]],"_animationSpeed":1,"_zoom":14.75},{"_mousePosition":[775,362],"_rootPartCFrame":[752.348,229.64,59.405,-0.561,0,0.828,0,1,0,-0.828,0,-0.561],"_humanoidState":5,"_cameraCFrame":[755.368,245.427,57.323,-0.568,-0.797,0.205,0,0.249,0.969,-0.823,0.55,-0.141],"_shiftlockState":false,"_pose":"FreeFall","_animationQueue":[],"_animationSpeed":1,"_zoom":14.75},{"_mousePosition":[775,362],"_rootPartCFrame":[752.129,229.318,59.557,-0.562,0,0.827,0,1,0,-0.827,0,-0.562],"_humanoidState":5,"_cameraCFrame":[755.158,245.101,57.467,-0.568,-0.797,0.205,0,0.249,0.968,-0.823,0.55,-0.142],"_shiftlockState":false,"_pose":"FreeFall","_animationQueue":[],"_animationSpeed":1,"_zoom":14.75},{"_mousePosition":[775,362],"_rootPartCFrame":[751.909,228.941,59.708,-0.563,0,0.827,0,1,0,-0.827,0,-0.563],"_humanoidState":5,"_cameraCFrame":[754.957,244.718,57.606,-0.568,-0.797,0.207,0,0.251,0.968,-0.823,0.55,-0.143],"_shiftlockState":false,"_pose":"FreeFall","_animationQueue":[],"_animationSpeed":1,"_zoom":14.75},{"_mousePosition":[775,362],"_rootPartCFrame":[751.69,228.509,59.86,-0.563,0,0.826,0,1,0,-0.826,0,-0.563],"_humanoidState":5,"_cameraCFrame":[754.78,244.275,57.737,-0.566,-0.797,0.209,0,0.254,0.967,-0.824,0.548,-0.144],"_shiftlockState":false,"_pose":"FreeFall","_animationQueue":[],"_animationSpeed":1,"_zoom":14.75},{"_mousePosition":[775,362],"_rootPartCFrame":[751.47,228.023,60.011,-0.564,0,0.826,0,1,0,-0.826,0,-0.564],"_humanoidState":5,"_cameraCFrame":[754.584,243.783,57.882,-0.564,-0.798,0.211,0,0.256,0.967,-0.826,0.546,-0.144],"_shiftlockState":false,"_pose":"FreeFall","_animationQueue":[],"_animationSpeed":1,"_zoom":14.75},{"_mousePosition":[775,362],"_rootPartCFrame":[751.251,227.483,60.162,-0.564,0,0.825,0,1,0,-0.825,0,-0.564],"_humanoidState":5,"_cameraCFrame":[754.402,243.233,58.027,-0.561,-0.8,0.214,0,0.258,0.966,-0.828,0.542,-0.145],"_shiftlockState":false,"_pose":"FreeFall","_animationQueue":[],"_animationSpeed":1,"_zoom":14.75},{"_mousePosition":[775,362],"_rootPartCFrame":[751.031,226.888,60.313,-0.565,0,0.825,0,1,0,-0.825,0,-0.565],"_humanoidState":5,"_cameraCFrame":[754.212,242.632,58.181,-0.557,-0.802,0.216,0,0.26,0.966,-0.831,0.538,-0.144],"_shiftlockState":false,"_pose":"FreeFall","_animationQueue":[["fall",0.3]],"_animationSpeed":1,"_zoom":14.75},{"_mousePosition":[775,362],"_rootPartCFrame":[750.81,226.238,60.462,-0.564,0,0.826,0,1,0,-0.826,0,-0.564],"_humanoidState":5,"_cameraCFrame":[754.032,241.976,58.352,-0.548,-0.808,0.218,0,0.261,0.965,-0.837,0.529,-0.143],"_shiftlockState":false,"_pose":"FreeFall","_animationQueue":[],"_animationSpeed":1,"_zoom":14.75},{"_mousePosition":[775,362],"_rootPartCFrame":[750.589,225.534,60.611,-0.563,0,0.826,0,1,0,-0.826,0,-0.563],"_humanoidState":5,"_cameraCFrame":[753.856,241.269,58.549,-0.534,-0.816,0.221,0,0.262,0.965,-0.846,0.515,-0.14],"_shiftlockState":false,"_pose":"FreeFall","_animationQueue":[],"_animationSpeed":1,"_zoom":14.75},{"_mousePosition":[775,362],"_rootPartCFrame":[750.366,224.776,60.757,-0.562,0,0.827,0,1,0,-0.827,0,-0.562],"_humanoidState":5,"_cameraCFrame":[753.689,240.508,58.765,-0.514,-0.828,0.225,0,0.263,0.965,-0.858,0.496,-0.135],"_shiftlockState":false,"_pose":"FreeFall","_animationQueue":[],"_animationSpeed":1,"_zoom":14.75},{"_mousePosition":[775,362],"_rootPartCFrame":[750.141,223.963,60.9,-0.559,0,0.829,0,1,0,-0.829,0,-0.559],"_humanoidState":5,"_cameraCFrame":[753.539,239.689,58.992,-0.49,-0.841,0.23,0,0.264,0.964,-0.872,0.472,-0.129],"_shiftlockState":false,"_pose":"FreeFall","_animationQueue":[],"_animationSpeed":1,"_zoom":14.75},{"_mousePosition":[775,362],"_rootPartCFrame":[749.912,223.095,61.038,-0.553,0,0.833,0,1,0,-0.833,0,-0.553],"_humanoidState":7,"_cameraCFrame":[753.413,238.812,59.247,-0.456,-0.858,0.237,0,0.267,0.964,-0.89,0.439,-0.121],"_shiftlockState":false,"_pose":"FreeFall","_animationQueue":[["walk",0.1],["fall",0.3],["fall",0.3]],"_animationSpeed":1,"_zoom":14.75},{"_mousePosition":[775,362],"_rootPartCFrame":[749.68,222.683,61.17,-0.546,0,0.838,0,1,0,-0.838,0,-0.546],"_humanoidState":7,"_cameraCFrame":[753.286,238.386,59.488,-0.423,-0.873,0.244,0,0.27,0.963,-0.906,0.407,-0.114],"_shiftlockState":false,"_pose":"FreeFall","_animationQueue":[["fall",0.3]],"_animationSpeed":1,"_zoom":14.75},{"_mousePosition":[775,362],"_rootPartCFrame":[749.444,222.753,61.292,-0.535,0,0.845,0,1,0,-0.845,0,-0.535],"_humanoidState":8,"_cameraCFrame":[753.168,238.444,59.769,-0.378,-0.891,0.253,0,0.273,0.962,-0.926,0.364,-0.103],"_shiftlockState":false,"_pose":"Running","_animationQueue":[["walk",0.1],["fall",0.3],["walk",0.1]],"_animationSpeed":1.103,"_zoom":14.75},{"_mousePosition":[775,362],"_rootPartCFrame":[749.203,222.836,61.406,-0.522,0,0.853,0,1,0,-0.853,0,-0.522],"_humanoidState":8,"_cameraCFrame":[753.008,238.52,60.029,-0.34,-0.904,0.258,0,0.274,0.962,-0.94,0.327,-0.093],"_shiftlockState":false,"_pose":"Running","_animationQueue":[],"_animationSpeed":1.103,"_zoom":14.75},{"_mousePosition":[775,362],"_rootPartCFrame":[748.957,222.886,61.509,-0.504,0,0.863,0,1,0,-0.863,0,-0.504],"_humanoidState":8,"_cameraCFrame":[752.861,238.561,60.323,-0.291,-0.919,0.26