[{"_mousePosition":[1124,356],"_rootPartCFrame":[776.023,222.969,47.142,0.004,0.005,1,0,1,-0.005,-1,0,0.004],"_humanoidState":8,"_cameraCFrame":[775.667,232.38,44.688,-0.989,0.14,-0.044,0,0.299,0.954,0.146,0.944,-0.296],"_shiftlockState":false,"_pose":"Standing","_animationQueue":[],"_animationSpeed":1,"_zoom":8.291},{"_mousePosition":[1109,356],"_rootPartCFrame":[776.023,222.692,47.142,0.004,0,1,0,1,0,-1,0,0.004],"_humanoidState":8,"_cameraCFrame":[775.66,232.104,44.688,-0.989,0.14,-0.044,0,0.299,0.954,0.146,0.944,-0.296],"_shiftlockState":false,"_pose":"Standing","_animationQueue":[],"_animationSpeed":1,"_zoom":8.291},{"_mousePosition":[1092,357],"_rootPartCFrame":[776.023,222.653,47.142,0.004,0,1,0,1,0,-1,0,0.004],"_humanoidState":8,"_cameraCFrame":[775.66,232.065,44.688,-0.989,0.14,-0.044,0,0.299,0.954,0.146,0.944,-0.296],"_shiftlockState":false,"_pose":"Standing","_animationQueue":[],"_animationSpeed":1,"_zoom":8.291},{"_mousePosition":[1027,358],"_rootPartCFrame":[775.973,222.656,47.15,-0.002,0,1,0,1,0,-1,0,-0.002],"_humanoidState":8,"_cameraCFrame":[775.61,232.068,44.696,-0.989,0.14,-0.044,0,0.299,0.954,0.146,0.944,-0.296],"_shiftlockState":false,"_pose":"Standing","_animationQueue":[],"_animationSpeed":1,"_zoom":8.291},{"_mousePosition":[955,358],"_rootPartCFrame":[775.8,222.668,47.175,-0.014,0,1,0,1,0,-1,0,-0.014],"_humanoidState":8,"_cameraCFrame":[775.437,232.079,44.721,-0.989,0.14,-0.044,0,0.299,0.954,0.146,0.944,-0.296],"_shiftlockState":false,"_pose":"Running","_animationQueue":[["walk",0.1]],"_animationSpeed":0.557,"_zoom":8.291},{"_mousePosition":[856,357],"_rootPartCFrame":[775.537,222.681,47.214,-0.032,0,0.999,0,1,0,-0.999,0,-0.032],"_humanoidState":8,"_cameraCFrame":[775.174,232.093,44.76,-0.989,0.14,-0.044,0,0.299,0.954,0.146,0.944,-0.296],"_shiftlockState":false,"_pose":"Running","_animationQueue":[["walk",0.1]],"_animationSpeed":1.066,"_zoom":8.291},{"_mousePosition":[773,352],"_rootPartCFrame":[775.273,222.69,47.253,-0.048,0,0.999,0,1,0,-0.999,0,-0.048],"_humanoidState":8,"_cameraCFrame":[774.911,232.101,44.799,-0.989,0.14,-0.044,0,0.299,0.954,0.146,0.944,-0.296],"_shiftlockState":false,"_pose":"Running","_animationQueue":[],"_animationSpeed":1.066,"_zoom":8.291},{"_mousePosition":[704,349],"_rootPartCFrame":[775.01,222.694,47.292,-0.062,0,0.998,0,1,0,-0.998,0,-0.062],"_humanoidState":8,"_cameraCFrame":[774.647,232.106,44.838,-0.989,0.14,-0.044,0,0.299,0.954,0.146,0.944,-0.296],"_shiftlockState":false,"_pose":"Running","_animationQueue":[],"_animationSpeed":1.066,"_zoom":8.291},{"_mousePosition":[674,349],"_rootPartCFrame":[774.746,222.697,47.331,-0.074,0,0.997,0,1,0,-0.997,0,-0.074],"_humanoidState":8,"_cameraCFrame":[774.383,232.108,44.877,-0.989,0.14,-0.044,0,0.299,0.954,0.146,0.944,-0.296],"_shiftlockState":false,"_pose":"Running","_animationQueue":[],"_animationSpeed":1.066,"_zoom":8.291},{"_mousePosition":[674,349],"_rootPartCFrame":[774.548,222.698,47.36,-0.082,0,0.997,0,1,0,-0.997,0,-0.082],"_humanoidState":8,"_cameraCFrame":[774.185,232.109,44.906,-0.989,0.14,-0.044,0,0.299,0.954,0.146,0.944,-0.296],"_shiftlockState":false,"_pose":"Running","_animationQueue":[["walk",0.1]],"_animationSpeed":1.066,"_zoom":8.291},{"_mousePosition":[674,349],"_rootPartCFrame":[774.218,222.699,47.409,-0.093,0,0.996,0,1,0,-0.996,0,-0.093],"_humanoidState":8,"_cameraCFrame":[773.877,232.118,44.978,-0.99,0.133,-0.041,0,0.296,0.955,0.139,0.946,-0.293],"_shiftlockState":false,"_pose":"Running","_animationQueue":[],"_animationSpeed":1.066,"_zoom":8.291},{"_mousePosition":[674,349],"_rootPartCFrame":[773.954,222.699,47.448,-0.101,0,0.995,0,1,0,-0.995,0,-0.101],"_humanoidState":8,"_cameraCFrame":[773.689,232.138,45.072,-0.994,0.106,-0.032,0,0.288,0.958,0.111,0.952,-0.287],"_shiftlockState":false,"_pose":"Running","_animationQueue":[],"_animationSpeed":1.066,"_zoom":8.291},{"_mousePosition":[674,349],"_rootPartCFrame":[773.69,222.699,47.486,-0.106,0,0.994,0,1,0,-0.994,0,-0.106],"_humanoidState":8,"_cameraCFrame":[773.511,232.163,45.185,-0.997,0.075,-0.022,0,0.278,0.96,0.078,0.958,-0.278],"_shiftlockState":false,"_pose":"Running","_animationQueue":[],"_animationSpeed":1.066,"_zoom":8.291},{"_mousePosition":[674,349],"_rootPartCFrame":[773.425,222.7,47.516,-0.108,0,0.994,0,1,0,-0.994,0,-0.108],"_humanoidState":8,"_cameraCFrame":[773.332,232.19,45.307,-0.999,0.041,-0.011,0,0.267,0.964,0.042,0.963,-0.266],"_shiftlockState":false,"_pose":"Running","_animationQueue":[],"_animationSpeed":1.066,"_zoom":8.291},{"_mousePosition":[674,349],"_rootPartCFrame":[773.159,222.7,47.538,-0.106,0,0.994,0,1,0,-0.994,0,-0.106],"_humanoidState":8,"_cameraCFrame":[773.163,232.217,45.424,-1,-0.002,0,0,0.255,0.967,-0.002,0.967,-0.255],"_shiftlockState":false,"_pose":"Running","_animationQueue":[],"_animationSpeed":1.066,"_zoom":8.291},{"_mousePosition":[674,349],"_rootPartCFrame":[772.893,222.7,47.551,-0.099,0,0.995,0,1,0,-0.995,0,-0.099],"_humanoidState":8,"_cameraCFrame":[773.043,232.254,45.591,-0.997,-0.074,0.018,0,0.237,0.971,-0.076,0.969,-0.236],"_shiftlockState":false,"_pose":"Running","_animationQueue":[["walk",0.1]],"_animationSpeed":1.066,"_zoom":8.291},{"_mousePosition":[674,349],"_rootPartCFrame":[772.626,222.7,47.551,-0.086,0,0.996,0,1,0,-0.996,0,-0.086],"_humanoidState":8,"_cameraCFrame":[772.891,232.278,45.702,-0.99,-0.138,0.032,0,0.225,0.974,-0.142,0.964,-0.223],"_shiftlockState":false,"_pose":"Running","_animationQueue":[],"_animationSpeed":1.066,"_zoom":8.291},{"_mousePosition":[674,349],"_rootPartCFrame":[772.36,222.7,47.533,-0.065,0,0.998,0,1,0,-0.998,0,-0.065],"_humanoidState":8,"_cameraCFrame":[771.023,232.295,45.417,-0.978,-0.204,0.045,0,0.216,0.976,-0.209,0.955,-0.211],"_shiftlockState":true,"_pose":"Running","_animationQueue":[],"_animationSpeed":1.066,"_zoom":8.291},{"_mousePosition":[683,384],"_rootPartCFrame":[772.096,222.7,47.496,-0.991,0,0.134,0,1,0,-0.134,0,-0.991],"_humanoidState":8,"_cameraCFrame":[770.758,232.295,45.381,-0.978,-0.204,0.045,0,0.216,0.976,-0.209,0.955,-0.211],"_shiftlockState":true,"_pose":"Running","_animationQueue":[],"_animationSpeed":1.066,"_zoom":8.291},{"_mousePosition":[683,384],"_rootPartCFrame":[771.835,222.7,47.442,-0.98,0,0.201,0,1,0,-0.201,0,-0.98],"_humanoidState":8,"_cameraCFrame":[770.58,232.3,45.293,-0.969,-0.243,0.053,0,0.213,0.977,-0.249,0.946,-0.207],"_shiftlockState":true,"_pose":"Running","_animationQueue":[],"_animationSpeed":1.066,"_zoom":8.291},{"_mousePosition":[683,384],"_rootPartCFrame":[771.574,222.7,47.386,-0.969,0,0.248,0,1,0,-0.248,0,-0.969],"_humanoidState":8,"_cameraCFrame":[770.377,232.303,45.215,-0.961,-0.27,0.058,0,0.212,0.977,-0.276,0.939,-0.204],"_shiftlockState":true,"_pose":"Running","_animationQueue":[],"_animationSpeed":1.066,"_zoom":8.291},{"_mousePosition":[683,384],"_rootPartCFrame":[771.316,222.7,47.321,-0.961,0,0.276,0,1,0,-0.276,0,-0.961],"_humanoidState":8,"_cameraCFrame":[770.148,232.304,45.138,-0.957,-0.283,0.061,0,0.211,0.977,-0.29,0.935,-0.202],"_shiftlockState":true,"_pose":"Running","_animationQueue":[],"_animationSpeed":1.066,"_zoom":8.291},{"_mousePosition":[683,384],"_rootPartCFrame":[771.06,222.7,47.248,-0.957,0,0.29,0,1,0,-0.29,0,-0.957],"_humanoidState":8,"_cameraCFrame":[769.894,232.304,45.064,-0.957,-0.284,0.061,0,0.211,0.977,-0.291,0.935,-0.202],"_shiftlockState":true,"_pose":"Running","_animationQueue":[["walk",0.1]],"_animationSpeed":1.066,"_zoom":8.291},{"_mousePosition":[683,384],"_rootPartCFrame":[770.804,222.7,47.171,-0.957,0,0.291,0,1,0,-0.291,0,-0.957],"_humanoidState":8,"_cameraCFrame":[769.639,232.304,44.987,-0.957,-0.284,0.061,0,0.211,0.977,-0.291,0.935,-0.202],"_shiftlockState":true,"_pose":"Running","_animationQueue":[],"_animationSpeed":1.066,"_zoom":8.291},{"_mousePosition":[683,384],"_rootPartCFrame":[770.549,222.7,47.094,-0.957,0,0.291,0,1,0,-0.291,0,-0.957],"_humanoidState":8,"_cameraCFrame":[769.369,232.307,44.928,-0.958,-0.28,0.06,0,0.21,0.978,-0.286,0.937,-0.201],"_shiftlockState":true,"_pose":"Running","_animationQueue":[],"_animationSpeed":1.066,"_zoom":8.291},{"_mousePosition":[683,384],"_rootPartCFrame":[770.23,222.7,46.997,-0.958,0,0.286,0,1,0,-0.286,0,-0.958],"_humanoidState":8,"_cameraCFrame":[769.042,232.31,44.846,-0.959,-0.278,0.059,0,0.208,0.978,-0.284,0.938,-0.199],"_shiftlockState":true,"_pose":"Running","_animationQueue":[],"_animationSpeed":1.066,"_zoom":8.291},{"_mousePosition":[683,384],"_rootPartCFrame":[769.975,222.7,46.92,-0.959,0,0.284,0,1,0,-0.284,0,-0.959],"_humanoidState":8,"_cameraCFrame":[768.782,232.311,44.777,-0.959,-0.277,0.059,0,0.207,0.978,-0.283,0.938,-0.199],"_shiftlockState":true,"_pose":"Running","_animationQueue":[],"_animationSpeed":1.066,"_zoom":8.291},{"_mousePosition":[683,384],"_rootPartCFrame":[769.783,222.679,46.863,-0.959,0,0.283,0,1,0,-0.283,0,-0.959],"_humanoidState":8,"_cameraCFrame":[768.582,232.293,44.735,-0.96,-0.275,0.058,0,0.206,0.979,-0.281,0.939,-0.197],"_shiftlockState":true,"_pose":"Running","_animationQueue":[],"_animationSpeed":1.066,"_zoom":8.291},{"_mousePosition":[683,384],"_rootPartCFrame":[769.527,222.604,46.787,-0.96,0,0.281,0,1,0,-0.281,0,-0.96],"_humanoidState":8,"_cameraCFrame":[768.314,232.221,44.677,-0.961,-0.271,0.056,0,0.204,0.979,-0.277,0.941,-0.196],"_shiftlockState":true,"_pose":"Running","_animationQueue":[],"_animationSpeed":1.066,"_zoom":8.291},{"_mousePosition":[683,384],"_rootPartCFrame":[769.208,222.434,46.691,-0.961,0,0.277,0,1,0,-0.277,0,-0.961],"_humanoidState":8,"_cameraCFrame":[767.977,232.052,44.597,-0.963,-0.264,0.055,0,0.203,0.979,-0.27,0.943,-0.196],"_shiftlockState":true,"_pose":"Running","_animationQueue":[["walk",0.1]],"_animationSpeed":1.066,"_zoom":8.291},{"_mousePosition":[683,384],"_rootPartCFrame":[769.016,222.291,46.634,-0.963,0,0.27,0,1,0,-0.27,0,-0.963],"_humanoidState":8,"_cameraCFrame":[767.76,231.91,44.56,-0.966,-0.253,0.052,0,0.202,0.979,-0.259,0.946,-0.196],"_shiftlockState":true,"_pose":"Running","_animationQueue":[],"_animationSpeed":1.066,"_zoom":8.291},{"_mousePosition":[683,384],"_rootPartCFrame":[768.697,221.984,46.539,-0.966,0,0.259,0,1,0,-0.259,0,-0.966],"_humanoidState":8,"_cameraCFrame":[767.417,231.605,44.484,-0.969,-0.243,0.05,0,0.202,0.979,-0.249,0.949,-0.195],"_shiftlockState":true,"_pose":"Running","_animationQueue":[],"_animationSpeed":1.066,"_zoom":8.291},{"_mousePosition":[683,384],"_rootPartCFrame":[768.441,221.678,46.463,-0.969,0,0.249,0,1,0,-0.249,0,-0.969],"_humanoidState":8,"_cameraCFrame":[767.143,231.3,44.425,-0.971,-0.235,0.048,0,0.201,0.98,-0.24,0.951,-0.195],"_shiftlockState":true,"_pose":"Running","_animationQueue":[],"_animationSpeed":1.066,"_zoom":8.291},{"_mousePosition":[683,384],"_rootPartCFrame":[768.248,221.412,46.412,-0.954,0,0.301,0,1,0,-0.301,0,-0.954],"_humanoidState":5,"_cameraCFrame":[766.943,231.034,44.378,-0.971,-0.233,0.048,0,0.201,0.98,-0.237,0.952,-0.195],"_shiftlockState":true,"_pose":"FreeFall","_animationQueue":[["walk",0.1],["fall",0.3]],"_animationSpeed":1,"_zoom":8.291},{"_mousePosition":[683,384],"_rootPartCFrame":[767.924,220.901,46.331,-0.922,0,0.387,0,1,0,-0.387,0,-0.922],"_humanoidState":5,"_cameraCFrame":[766.617,230.523,44.299,-0.972,-0.232,0.047,0,0.201,0.98,-0.236,0.952,-0.195],"_shiftlockState":true,"_pose":"FreeFall","_animationQueue":[],"_animationSpeed":1,"_zoom":8.291},{"_mousePosition":[683,384],"_rootPartCFrame":[767.75,220.74,46.318,-0.94,0.063,0.335,0.059,0.998,-0.021,-0.336,0,-0.942],"_humanoidState":5,"_cameraCFrame":[766.539,230.36,44.284,-0.971,-0.233,0.048,0,0.201,0.98,-0.237,0.952,-0.195],"_shiftlockState":true,"_pose":"FreeFall","_animationQueue":[["fall",0.3]],"_animationSpeed":1,"_zoom":8.291},{"_mousePosition":[683,384],"_rootPartCFrame":[767.598,220.798,46.338,-0.935,0.051,0.352,0.046,0.999,-0.021,-0.352,-0.003,-0.936],"_humanoidState":5,"_cameraCFrame":[766.404,230.414,44.262,-0.968,-0.246,0.051,0,0.203,0.979,-0.252,0.948,-0.197],"_shiftlockState":true,"_pose":"FreeFall","_animationQueue":[],"_animationSpeed":1,"_zoom":8.291},{"_mousePosition":[683,384],"_rootPartCFrame":[767.408,220.801,46.334,-0.926,0.016,0.377,0.013,1,-0.009,-0.377,-0.004,-0.926],"_humanoidState":5,"_cameraCFrame":[766.221,230.418,44.217,-0.961,-0.272,0.057,0,0.204,0.979,-0.278,0.94,-0.196],"_shiftlockState":true,"_pose":"FreeFall","_animationQueue":[],"_animationSpeed":1,"_zoom":8.291},{"_mousePosition":[683,384],"_rootPartCFrame":[767.159,221.377,46.275,-0.95,-0.008,0.312,-0.008,1,0.003,-0.312,0.001,-0.95],"_humanoidState":7,"_cameraCFrame":[766.017,230.996,44.131,-0.949,-0.309,0.064,0,0.202,0.979,-0.316,0.929,-0.192],"_shiftlockState":true,"_pose":"FreeFall","_animationQueue":[["walk",0.1],["fall",0.3],["fall",0.3]],"_animationSpeed":1,"_zoom":8.291},{"_mousePosition":[683,384],"_rootPartCFrame":[766.906,221.933,46.202,-0.948,-0.007,0.318,-0.006,1,0.004,-0.318,0.002,-0.948],"_humanoidState":7,"_cameraCFrame":[765.86,231.558,44.032,-0.933,-0.354,0.072,0,0.199,0.98,-0.361,0.914,-0.186],"_shiftlockState":true,"_pose":"FreeFall","_animationQueue":[],"_animationSpeed":1,"_zoom":8.291},{"_mousePosition":[683,384],"_rootPartCFrame":[766.652,222.273,46.119,-0.932,-0.001,0.361,-0.001,1,0.001,-0.361,0,-0.932],"_humanoidState":8,"_cameraCFrame":[765.729,231.904,43.92,-0.91,-0.406,0.081,0,0.195,0.981,-0.414,0.893,-0.178],"_shiftlockState":true,"_pose":"Running","_animationQueue":[["walk",0.1],["fall",0.3],["walk",0.1]],"_animationSpeed":1.096,"_zoom":8.291},{"_mousePosition":[683,384],"_rootPartCFrame":[766.403,222.469,46.024,-0.91,0.001,0.414,0.001,1,0,-0.414,0,-0.91],"_humanoidState":8,"_cameraCFrame":[765.595,232.11,43.814,-0.883,-0.46,0.089,0,0.19,0.982,-0.469,0.867,-0.168],"_shiftlockState":true,"_pose":"Running","_animationQueue":[],"_animationSpeed":1.096,"_zoom":8.291},{"_mousePosition":[683,384],"_rootPartCFrame":[766.098,222.592,45.889,-0.883,0,0.469,0,1,0,-0.469,0,-0.883],"_humanoidState":8,"_cameraCFrame":[765.405,232.243,43.676,-0.852,-0.515,0.096,0,0.183,0.983,-0.524,0.837,-0.156],"_shiftlockState":true,"_pose":"Running","_animationQueue":[["walk",0.1]],"_animationSpeed":1.096,"_zoom":8.291},{"_mousePosition":[683,384],"_rootPartCFrame":[765.92,222.632,45.797,-0.852,0,0.524,0,1,0,-0.524,0,-0.852],"_humanoidState":8,"_cameraCFrame":[765.344,232.297,43.605,-0.811,-0.576,0.102,0,0.174,0.985,-0.585,0.799,-0.141],"_shiftlockState":true,"_pose":"Running","_animationQueue":[],"_animationSpeed":1.096,"_zoom":8.291},{"_mousePosition":[683,384],"_rootPartCFrame":[765.692,222.663,45.659,-0.811,0,0.585,0,1,0,-0.585,0,-0.811],"_humanoidState":8,"_cameraCFrame":[765.268,232.328,43.433,-0.769,-0.63,0.111,0,0.174,0.985,-0.64,0.757,-0.133],"_shiftlockState":true,"_pose":"Running","_animationQueue":[],"_animationSpeed":1.096,"_zoom":8.291},{"_mousePosition":[683,384],"_rootPartCFrame":[765.474,222.679,45.506,-0.769,0,0.64,0,1,0,-0.64,0,-0.769],"_humanoidState":8,"_cameraCFrame":[765.158,232.345,43.262,-0.737,-0.666,0.117,0,0.174,0.985,-0.676,0.726,-0.128],"_shiftlockState":true,"_pose":"Running","_animationQueue":[],"_animationSpeed":1.096,"_zoom":8.291},{"_mousePosition":[683,384],"_rootPartCFrame":[765.268,222.689,45.337,-0.737,0,0.676,0,1,0,-0.676,0,-0.737],"_humanoidState":8,"_cameraCFrame":[764.991,232.354,43.088,-0.725,-0.679,0.12,0,0.174,0.985,-0.689,0.714,-0.126],"_shiftlockState":true,"_pose":"Running","_animationQueue":[],"_animationSpeed":1.096,"_zoom":8.291},{"_mousePosition":[683,384],"_rootPartCFrame":[765.096,222.693,45.165,-0.725,0.024,0.688,0.019,1,-0.014,-0.688,0.003,-0.725],"_humanoidState":8,"_cameraCFrame":[764.849,232.358,42.921,-0.727,-0.676,0.119,0,0.174,0.985,-0.687,0.716,-0.126],"_shiftlockState":true,"_pose":"Running","_animationQueue":[],"_animationSpeed":1.096,"_zoom":8.291},{"_mousePosition":[683,384],"_rootPartCFrame":[765.107,222.681,45.037,-0.72,0.005,0.694,0.005,1,-0.002,-0.694,0.002,-0.72],"_humanoidState":8,"_cameraCFrame":[764.776,232.346,42.798,-0.743,-0.659,0.116,0,0.174,0.985,-0.669,0.732,-0.129],"_shiftlockState":true,"_pose":"Running","_animationQueue":[["walk",0.1]],"_animationSpeed":0.738,"_zoom":8.291},{"_mousePosition":[683,384],"_rootPartCFrame":[765.107,222.685,44.941,-0.744,0.005,0.668,0.004,1,-0.003,-0.668,0.001,-0.744],"_humanoidState":8,"_cameraCFrame":[764.676,232.35,42.719,-0.773,-0.625,0.11,0,0.174,0.985,-0.635,0.761,-0.134],"_shiftlockState":true,"_pose":"Running","_animationQueue":[["walk",0.1],["walk",0.1]],"_animationSpeed":0.528,"_zoom":8.291},{"_mousePosition":[683,384],"_rootPartCFrame":[765.056,222.691,44.772,-0.777,0.01,0.629,0.008,1,-0.005,-0.629,0.001,-0.777],"_humanoidState":8,"_cameraCFrame":[764.505,232.353,42.566,-0.811,-0.576,0.103,0,0.176,0.984,-0.585,0.798,-0.143],"_shiftlockState":true,"_pose":"Running","_animationQueue":[],"_animationSpeed":0.528,"_zoom":8.291},{"_mousePosition":[683,384],"_rootPartCFrame":[764.917,222.694,44.642,-0.811,0.005,0.585,0.004,1,-0.003,-0.585,0,-0.811],"_humanoidState":8,"_cameraCFrame":[764.202,232.347,42.449,-0.857,-0.507,0.094,0,0.182,0.983,-0.516,0.842,-0.156],"_shiftlockState":true,"_pose":"Running","_animationQueue":[["walk",0.1]],"_animationSpeed":0.82,"_zoom":8.291},{"_mousePosition":[683,384],"_rootPartCFrame":[764.724,222.697,44.451,-0.856,0.001,0.517,0,1,-0.002,-0.517,-0.002,-0.856],"_humanoidState":8,"_cameraCFrame":[763.815,232.336,42.275,-0.904,-0.419,0.081,0,0.19,0.982,-0.427,0.888,-0.172],"_shiftlockState":true,"_pose":"Running","_animationQueue":[["walk",0.1]],"_animationSpeed":1.088,"_zoom":8.291},{"_mousePosition":[683,384],"_rootPartCFrame":[764.453,222.698,44.25,-0.907,0,0.422,0,1,-0.001,-0.422,-0.001,-0.907],"_humanoidState":8,"_cameraCFrame":[763.343,232.329,42.135,-0.943,-0.326,0.065,0,0.196,0.981,-0.333,0.925,-0.185],"_shiftlockState":true,"_pose":"Running","_animationQueue":[],"_animationSpeed":1.088,"_zoom":8.291},{"_mousePosition":[683,384],"_rootPartCFrame":[764.215,222.699,44.13,-0.944,0,0.331,0,1,0,-0.331,0,-0.944],"_humanoidState":8,"_cameraCFrame":[762.897,232.327,42.129,-0.972,-0.23,0.046,0,0.197,0.98,-0.234,0.953,-0.192],"_shiftlockState":true,"_pose":"Running","_animationQueue":[],"_animationSpeed":1.088,"_zoom":8.291},{"_mousePosition":[683,384],"_rootPartCFrame":[763.965,222.699,44.038,-0.973,0,0.23,0,1,0,-0.23,0,-0.973],"_humanoidState":8,"_cameraCFrame":[762.494,232.327,42.146,-0.988,-0.154,0.031,0,0.197,0.98,-0.157,0.968,-0.195],"_shiftlockState":true,"_pose":"Running","_animationQueue":[["walk",0.1]],"_animationSpeed":1.088,"_zoom":8.291},{"_mousePosition":[683,384],"_rootPartCFrame":[763.651,222.645,43.927,-0.989,0,0.149,0,1,0,-0.149,0,-0.989],"_humanoidState":8,"_cameraCFrame":[762.071,232.273,42.124,-0.995,-0.097,0.02,0,0.197,0.98,-0.099,0.975,-0.196],"_shiftlockState":true,"_pose":"Running","_animationQueue":[],"_animationSpeed":1.088,"_zoom":8.291},{"_mousePosition":[683,384],"_rootPartCFrame":[763.399,222.543,43.838,-0.996,0,0.092,0,1,0,-0.092,0,-0.996],"_humanoidState":8,"_cameraCFrame":[761.728,232.172,42.127,-0.999,-0.046,0.009,0,0.197,0.98,-0.047,0.979,-0.196],"_shiftlockState":true,"_pose":"Running","_animationQueue":[],"_animationSpeed":1.088,"_zoom":8.291},{"_mousePosition":[683,384],"_rootPartCFrame":[763.148,222.387,43.749,-0.999,0,0.04,0,1,0,-0.04,0,-0.999],"_humanoidState":8,"_cameraCFrame":[761.428,232.016,42.087,-1,-0.018,0.004,0,0.197,0.98,-0.019,0.98,-0.197],"_shiftlockState":true,"_pose":"Running","_animationQueue":[],"_animationSpeed":1.088,"_zoom":8.291},{"_mousePosition":[683,384],"_rootPartCFrame":[762.896,223.26,43.661,-1,0,0.012,0,1,0,-0.012,0,-1],"_humanoidState":3,"_cameraCFrame":[761.163,232.892,42.025,-1,-0.01,0.002,0,0.195,0.981,-0.01,0.981,-0.195],"_shiftlockState":true,"_pose":"Jumping","_animationQueue":[["walk",0.1],["jump",0.1]],"_animationSpeed":1,"_zoom":8.291},{"_mousePosition":[683,384],"_rootPartCFrame":[762.64,224.082,43.596,-0.995,0,0.1,0,1,0,-0.1,0,-0.995],"_humanoidState":5,"_cameraCFrame":[760.907,233.714,41.961,-1,-0.01,0.002,0,0.195,0.981,-0.01,0.981,-0.195],"_shiftlockState":true,"_pose":"FreeFall","_animationQueue":[["jump",0.1]],"_animationSpeed":1,"_zoom":8.291},{"_mousePosition":[683,384],"_rootPartCFrame":[762.444,224.663,43.574,-0.994,0,0.106,0,1,0,-0.106,0,-0.994],"_humanoidState":5,"_cameraCFrame":[760.711,234.296,41.945,-1,-0.01,0.002,0,0.194,0.981,-0.01,0.981,-0.194],"_shiftlockState":true,"_pose":"FreeFall","_animationQueue":[],"_animationSpeed":1,"_zoom":8.291},{"_mousePosition":[683,384],"_rootPartCFrame":[762.111,225.562,43.567,-0.985,0,0.175,0,1,0,-0.175,0,-0.985],"_humanoidState":5,"_cameraCFrame":[760.379,235.197,41.943,-1,-0.011,0.002,0,0.193,0.981,-0.011,0.981,-0.193],"_shiftlockState":true,"_pose":"FreeFall","_animationQueue":[],"_animationSpeed":1,"_zoom":8.291},{"_mousePosition":[683,384],"_rootPartCFrame":[761.844,226.221,43.564,-0.99,0,0.144,0,1,0,-0.144,0,-0.99],"_humanoidState":5,"_cameraCFrame":[760.113,235.857,41.947,-1,-0.011,0.002,0,0.193,0.981,-0.011,0.981,-0.193],"_shiftlockState":true,"_pose":"FreeFall","_animationQueue":[],"_animationSpeed":1,"_zoom":8.291},{"_mousePosition":[683,384],"_rootPartCFrame":[761.578,226.825,43.562,-0.99,0,0.144,0,1,0,-0.144,0,-0.99],"_humanoidState":5,"_cameraCFrame":[759.848,236.462,41.949,-1,-0.012,0.002,0,0.192,0.981,-0.012,0.981,-0.192],"_shiftlockState":true,"_pose":"FreeFall","_animationQueue":[],"_animationSpeed":1,"_zoom":8.291},{"_mousePosition":[683,384],"_rootPartCFrame":[761.311,227.374,43.558,-0.989,0,0.145,0,1,0,-0.145,0,-0.989],"_humanoidState":5,"_cameraCFrame":[759.581,237.013,41.953,-1,-0.012,0.002,0,0.191,0.982,-0.012,0.981,-0.191],"_shiftlockState":true,"_pose":"FreeFall","_animationQueue":[],"_animationSpeed":1,"_zoom":8.291},{"_mousePosition":[683,384],"_rootPartCFrame":[761.045,227.869,43.555,-0.989,0,0.145,0,1,0,-0.145,0,-0.989],"_humanoidState":5,"_cameraCFrame":[759.314,237.512,41.969,-1,-0.012,0.002,0,0.189,0.982,-0.012,0.982,-0.189],"_shiftlockState":true,"_pose":"FreeFall","_animationQueue":[],"_animationSpeed":1,"_zoom":8.291},{"_mousePosition":[683,384],"_rootPartCFrame":[760.778,228.31,43.552,-0.989,0,0.145,0,1,0,-0.145,0,-0.989],"_humanoidState":5,"_cameraCFrame":[759.046,237.957,41.994,-1,-0.011,0.002,0,0.186,0.983,-0.011,0.983,-0.186],"_shiftlockState":true,"_pose":"FreeFall","_animationQueue":[],"_animationSpeed":1,"_zoom":8.291},{"_mousePosition":[683,384],"_rootPartCFrame":[760.511,228.696,43.549,-0.99,0,0.144,0,1,0,-0.144,0,-0.99],"_humanoidState":5,"_cameraCFrame":[758.772,238.348,42.024,-1,-0.007,0.001,0,0.182,0.983,-0.007,0.983,-0.182],"_shiftlockState":true,"_pose":"FreeFall","_animationQueue":[],"_animationSpeed":1,"_zoom":8.291},{"_mousePosition":[683,384],"_rootPartCFrame":[760.245,229.027,43.546,-0.99,0,0.14,0,1,0,-0.14,0,-0.99],"_humanoidState":5,"_cameraCFrame":[758.493,238.687,42.075,-1,0.001,0,0,0.178,0.984,0.001,0.984,-0.178],"_shiftlockState":true,"_pose":"FreeFall","_animationQueue":[],"_animationSpeed":1,"_zoom":8.291},{"_mousePosition":[683,384],"_rootPartCFrame":[759.978,229.305,43.543,-0.991,0,0.132,0,1,0,-0.132,0,-0.991],"_humanoidState":5,"_cameraCFrame":[758.217,238.969,42.11,-1,0.007,-0.001,0,0.174,0.985,0.008,0.985,-0.174],"_shiftlockState":true,"_pose":"FreeFall","_animationQueue":[],"_animationSpeed":1,"_zoom":8.291},{"_mousePosition":[683,384],"_rootPartCFrame":[759.712,229.527,43.543,-0.992,0,0.125,0,1,0,-0.125,0,-0.992],"_humanoidState":5,"_cameraCFrame":[757.943,239.192,42.126,-1,0.013,-0.002,0,0.174,0.985,0.013,0.985,-0.174],"_shiftlockState":true,"_pose":"FreeFall","_animationQueue":[],"_animationSpeed":1,"_zoom":8.291},{"_mousePosition":[683,384],"_rootPartCFrame":[759.445,229.695,43.545,-0.993,0,0.12,0,1,0,-0.12,0,-0.993],"_humanoidState":5,"_cameraCFrame":[757.674,239.36,42.132,-1,0.015,-0.003,0,0.174,0.985,0.015,0.985,-0.174],"_shiftlockState":true,"_pose":"FreeFall","_animationQueue":[],"_animationSpeed":1,"_zoom":8.291},{"_mousePosition":[683,384],"_rootPartCFrame":[759.178,229.809,43.548,-0.993,0,0.118,0,1,0,-0.118,0,-0.993],"_humanoidState":5,"_cameraCFrame":[757.404,239.474,42.139,-1,0.017,-0.003,0,0.174,0.985,0.017,0.985,-0.174],"_shiftlockState":true,"_pose":"FreeFall","_animationQueue":[],"_animationSpeed":1,"_zoom":8.291},{"_mousePosition":[683,384],"_rootPartCFrame":[758.912,229.868,43.552,-0.993,0,0.116,0,1,0,-0.116,0,-0.993],"_humanoidState":5,"_cameraCFrame":[757.136,239.533,42.144,-1,0.018,-0.003,0,0.174,0.985,0.018,0.985,-0.174],"_shiftlockState":true,"_pose":"FreeFall","_animationQueue":[],"_animationSpeed":1,"_zoom":8.291},{"_mousePosition":[683,384],"_rootPartCFrame":[758.645,229.872,43.557,-0.993,0,0.115,0,1,0,-0.115,0,-0.993],"_humanoidState":5,"_cameraCFrame":[756.868,239.537,42.151,-1,0.019,-0.003,0,0.174,0.985,0.019,0.985,-0.174],"_shiftlockState":true,"_pose":"FreeFall","_animationQueue":[["fall",0.3]],"_animationSpeed":1,"_zoom":8.291},{"_mousePosition":[683,384],"_rootPartCFrame":[758.379,229.822,43.561,-0.993,0,0.114,0,1,0,-0.114,0,-0.993],"_humanoidState":5,"_cameraCFrame":[756.597,239.487,42.161,-1,0.022,-0.004,0,0.174,0.985,0.022,0.985,-0.174],"_shiftlockState":true,"_pose":"FreeFall","_animationQueue":[],"_animationSpeed":1,"_zoom":8.291},{"_mousePosition":[683,384],"_rootPartCFrame":[758.112,229.718,43.567,-0.994,0,0.111,0,1,0,-0.111,0,-0.994],"_humanoidState":5,"_cameraCFrame":[756.323,239.383,42.175,-1,0.027,-0.005,0,0.174,0.985,0.027,0.984,-0.174],"_shiftlockState":true,"_pose":"FreeFall","_animationQueue":[],"_animationSpeed":1,"_zoom":8.291},{"_mousePosition":[683,384],"_rootPartCFrame":[757.845,229.559,43.572,-0.994,0,0.106,0,1,0,-0.106,0,-0.994],"_humanoidState":5,"_cameraCFrame":[756.045,239.224,42.196,-0.999,0.035,-0.006,0,0.174,0.985,0.036,0.984,-0.174],"_shiftlockState":true,"_pose":"FreeFall","_animationQueue":[],"_animationSpeed":1,"_zoom":8.291},{"_mousePosition":[683,384],"_rootPartCFrame":[757.579,229.345,43.579,-0.995,0,0.097,0,1,0,-0.097,0,-0.995],"_humanoidState":5,"_cameraCFrame":[755.763,239.01,42.224,-0.999,0.047,-0.008,0,0.174,0.985,0.047,0.984,-0.173],"_shiftlockState":true,"_pose":"FreeFall","_animationQueue":[],"_animationSpeed":1,"_zoom":8.291},{"_mousePosition":[683,384],"_rootPartCFrame":[757.312,229.077,43.589,-0.996,0,0.086,0,1,0,-0.086,0,-0.996],"_humanoidState":5,"_cameraCFrame":[755.485,238.742,42.249,-0.998,0.055,-0.01,0,0.174,0.985,0.056,0.983,-0.173],"_shiftlockState":true,"_pose":"FreeFall","_animationQueue":[],"_animationSpeed":1,"_zoom":8.291},{"_mousePosition":[683,384],"_rootPartCFrame":[757.112,228.84,43.598,-0.999,0,0.044,0,1,0,-0.044,0,-0.999],"_humanoidState":5,"_cameraCFrame":[755.277,238.506,42.269,-0.998,0.061,-0.011,0,0.174,0.985,0.062,0.983,-0.173],"_shiftlockState":true,"_pose":"FreeFall","_animationQueue":[],"_animationSpeed":1,"_zoom":8.291},{"_mousePosition":[683,384],"_rootPartCFrame":[756.779,228.378,43.616,-0.995,0,0.104,0,1,0,-0.104,0,-0.995],"_humanoidState":5,"_cameraCFrame":[754.937,238.043,42.297,-0.998,0.066,-0.012,0,0.174,0.985,0.067,0.983,-0.173],"_shiftlockState":true,"_pose":"FreeFall","_animationQueue":[["fall",0.3]],"_animationSpeed":1,"_zoom":8.291},{"_mousePosition":[683,384],"_rootPartCFrame":[756.513,227.946,43.632,-0.998,0,0.066,0,1,0,-0.066,0,-0.998],"_humanoidState":5,"_cameraCFrame":[754.657,237.612,42.332,-0.997,0.076,-0.013,0,0.174,0.985,0.078,0.982,-0.173],"_shiftlockState":true,"_pose":"FreeFall","_animationQueue":[],"_animationSpeed":1,"_zoom":8.291},{"_mousePosition":[683,384],"_rootPartCFrame":[756.247,227.46,43.65,-0.998,0,0.056,0,1,0,-0.056,0,-0.998],"_humanoidState":5,"_cameraCFrame":[754.372,237.126,42.378,-0.996,0.091,-0.016,0,0.174,0.985,0.092,0.981,-0.173],"_shiftlockState":true,"_pose":"FreeFall","_animationQueue":[],"_animationSpeed":1,"_zoom":8.291},{"_mousePosition":[683,384],"_rootPartCFrame":[756.048,227.06,43.665,-1,0,0.008,0,1,0,-0.008,0,-1],"_humanoidState":5,"_cameraCFrame":[754.137,236.725,42.446,-0.993,0.118,-0.021,0,0.174,0.985,0.12,0.978,-0.172],"_shiftlockState":true,"_pose":"FreeFall","_animationQueue":[],"_animationSpeed":1,"_zoom":8.291},{"_mousePosition":[683,384],"_rootPartCFrame":[755.716,226.325,43.695,-0.999,0,0.046,0,1,0,-0.046,0,-0.999],"_humanoidState":5,"_cameraCFrame":[753.764,235.99,42.543,-0.988,0.152,-0.027,0,0.174,0.985,0.155,0.973,-0.172],"_shiftlockState":true,"_pose":"FreeFall","_animationQueue":[],"_animationSpeed":1,"_zoom":8.291},{"_mousePosition":[683,384],"_rootPartCFrame":[755.385,225.504,43.734,-1,0,0.011,0,1,0,-0.011,0,-1],"_humanoidState":5,"_cameraCFrame":[753.39,235.17,42.658,-0.981,0.19,-0.033,0,0.174,0.985,0.193,0.966,-0.17],"_shiftlockState":true,"_pose":"FreeFall","_animationQueue":[],"_animationSpeed":1,"_zoom":8.291},{"_mousePosition":[683,384],"_rootPartCFrame":[755.121,224.787,43.774,-0.998,0,-0.061,0,1,0,0.061,0,-0.998],"_humanoidState":5,"_cameraCFrame":[753.093,234.452,42.764,-0.974,0.221,-0.039,0,0.174,0.985,0.224,0.96,-0.169],"_shiftlockState":true,"_pose":"FreeFall","_animationQueue":[["fall",0.3]],"_animationSpeed":1,"_zoom":8.291},{"_mousePosition":[683,384],"_rootPartCFrame":[754.99,224.408,43.798,-0.987,0,-0.159,0,1,0,0.159,0,-0.987],"_humanoidState":5,"_cameraCFrame":[752.907,234.073,42.906,-0.96,0.276,-0.049,0,0.174,0.985,0.28,0.945,-0.167],"_shiftlockState":true,"_pose":"FreeFall","_animationQueue":[],"_animationSpeed":1,"_zoom":8.291},{"_mousePosition":[683,384],"_rootPartCFrame":[754.665,223.4,43.872,-0.993,0,-0.117,0,1,0,0.117,0,-0.993],"_humanoidState":5,"_cameraCFrame":[752.517,233.065,43.148,-0.935,0.35,-0.062,0,0.174,0.985,0.356,0.92,-0.162],"_shiftlockState":true,"_pose":"FreeFall","_animationQueue":[],"_animationSpeed":1,"_zoom":8.291},{"_mousePosition":[683,384],"_rootPartCFrame":[754.487,222.754,43.904,-0.966,0,-0.26,0,1,0,0.26,0,-0.966],"_humanoidState":5,"_cameraCFrame":[752.219,232.407,43.448,-0.871,0.484,-0.09,0,0.182,0.983,0.492,0.856,-0.159],"_shiftlockState":true,"_pose":"FreeFall","_animationQueue":[],"_animationSpeed":1,"_zoom":8.291},{"_mousePosition":[683,384],"_rootPartCFrame":[754.212,222.367,43.945,-0.886,0,-0.464,0,1,0,0.464,0,-0.886],"_humanoidState":7,"_cameraCFrame":[751.811,231.992,43.804,-0.766,0.63,-0.128,0,0.199,0.98,0.642,0.751,-0.153],"_shiftlockState":true,"_pose":"FreeFall","_animationQueue":[["walk",0.1],["fall",0.3],["fall",0.3]],"_animationSpeed":1,"_zoom":8.291},{"_mousePosition":[683,384],"_rootPartCFrame":[753.886,222.489,44.064,-0.759,0,-0.651,0,1,0,0.651,0,-0.759],"_humanoidState":7,"_cameraCFrame":[751.419,232.093,44.292,-0.638,0.753,-0.163,0,0.212,0.977,0.77,0.624,-0.135],"_shiftlockState":true,"_pose":"FreeFall","_animationQueue":[],"_animationSpeed":1,"_zoom":8.291},{"_mousePosition":[683,384],"_rootPartCFrame":[753.674,222.579,44.226,-0.629,0,-0.777,0,1,0,0.777,0,-0.629],"_humanoidState":8,"_cameraCFrame":[751.174,232.158,44.768,-0.514,0.836,-0.193,0,0.225,0.974,0.858,0.501,-0.116],"_shiftlockState":true,"_pose":"Running","_animationQueue":[["walk",0.1],["fall",0.3],["walk",0.1]],"_animationSpeed":1.103,"_zoom":8.291},{"_mousePosition":[683,384],"_rootPartCFrame":[753.501,222.634,44.429,-0.506,0,-0.862,0,1,0,0.862,0,-0.506],"_humanoidState":8,"_cameraCFrame":[750.956,232.189,45.089,-0.457,0.864,-0.211,0,0.237,0.972,0.89,0.444,-0.108],"_shiftlockState":true,"_pose":"Running","_animationQueue":[["walk",0.1]],"_animationSpeed":1.103,"_zoom":8.291},{"_mousePosition":[683,384],"_rootPartCFrame":[753.361,222.664,44.656,-0.456,0,-0.89,0,1,0,0.89,0,-0.456],"_humanoidState":8,"_cameraCFrame":[750.684,232.187,45.182,-0.482,0.848,-0.221,0,0.252,0.968,0.876,0.466,-0.122],"_shiftlockState":true,"_pose":"Running","_animationQueue":[],"_animationSpeed":1.103,"_zoom":8.291},{"_mousePosition":[683,384],"_rootPartCFrame":[753.238,222.68,44.892,-0.482,0,-0.876,0,1,0,0.876,0,-0.482],"_humanoidState":8,"_cameraCFrame":[750.344,232.145,44.887,-0.606,0.764,-0.221,0,0.278,0.961,0.795,0.582,-0.169],"_shiftlockState":true,"_pose":"Running","_animationQueue":[],"_animationSpeed":1.103,"_zoom":8.291},{"_mousePosition":[683,384],"_rootPartCFrame":[753.077,223.553,45.084,-0.573,-0.001,-0.82,0,1,-0.001,0.82,-0.001,-0.573],"_humanoidState":3,"_cameraCFrame":[750.181,233.006,44.666,-0.706,0.679,-0.2,0,0.283,0.959,0.708,0.677,-0.2],"_shiftlockState":true,"_pose":"Jumping","_animationQueue":[["walk",0.1],["jump",0.1]],"_animationSpeed":1,"_zoom":8.291},{"_mousePosition":[683,384],"_rootPartCFrame":[752.843,224.375,45.295,-0.759,-0.001,-0.651,0,1,-0.001,0.651,-0.001,-0.759],"_humanoidState":5,"_cameraCFrame":[750.041,233.851,44.695,-0.763,0.622,-0.177,0,0.273,0.962,0.646,0.734,-0.209],"_shiftlockState":true,"_pose":"FreeFall","_animationQueue":[["jump",0.1]],"_animationSpeed":1,"_zoom":8.291},{"_mousePosition":[683,384],"_rootPartCFrame":[752.705,225.143,45.514,-0.823,0,-0.567,0,1,0,0.567,0,-0.823],"_humanoidState":5,"_cameraCFrame":[749.89,234.615,44.935,-0.756,0.629,-0.18,0,0.275,0.961,0.654,0.727,-0.208],"_shiftlockState":true,"_pose":"FreeFall","_animationQueue":[],"_animationSpeed":1,"_zoom":8.291},{"_mousePosition":[683,384],"_rootPartCFrame":[752.605,225.856,45.748,-0.819,0,-0.573,0,1,0,0.573,0,-0.819],"_humanoidState":5,"_cameraCFrame":[749.715,235.311,45.327,-0.708,0.677,-0.199,0,0.282,0.959,0.706,0.68,-0.2],"_shiftlockState":true,"_pose":"FreeFall","_animationQueue":[],"_animationSpeed":1,"_zoom":8.291},{"_mousePosition":[683,384],"_rootPartCFrame":[752.541,226.514,45.997,-0.782,0,-0.623,0,1,0,0.623,0,-0.782],"_humanoidState":5,"_cameraCFrame":[749.535,235.937,45.878,-0.614,0.754,-0.233,0,0.295,0.955,0.79,0.586,-0.181],"_shiftlockState":true,"_pose":"FreeFall","_animationQueue":[],"_animationSpeed":1,"_zoom":8.291},{"_mousePosition":[683,384],"_rootPartCFrame":[752.515,227.119,46.244,-0.65,0,-0.76,0,1,0,0.76,0,-0.65],"_humanoidState":5,"_cameraCFrame":[749.33,236.468,46.453,-0.493,0.824,-0.28,0,0.322,0.947,0.87,0.466,-0.159],"_shiftlockState":true,"_pose":"FreeFall","_animationQueue":[],"_animationSpeed":1,"_zoom":8.291},{"_mousePosition":[683,384],"_rootPartCFrame":[752.527,227.668,46.48,-0.512,0,-0.859,0,1,0,0.859,0,-0.512],"_humanoidState":5,"_cameraCFrame":[749.104,236.899,47.048,-0.356,0.871,-0.338,0,0.361,0.932,0.934,0.332,-0.129],"_shiftlockState":true,"_pose":"FreeFall","_animationQueue":[],"_animationSpeed":1,"_zoom":8.291},{"_mousePosition":[683,384],"_rootPartCFrame":[752.575,228.163,46.699,-0.375,0,-0.927,0,1,0,0.927,0,-0.375],"_humanoidState":5,"_cameraCFrame":[748.917,237.251,47.621,-0.233,0.89,-0.392,0,0.403,0.915,0.972,0.213,-0.094],"_shiftlockState":true,"_pose":"FreeFall","_animationQueue":[],"_animationSpeed":1,"_zoom":8.291},{"_mousePosition":[683,384],"_rootPartCFrame":[752.658,228.604,46.899,-0.251,0,-0.968,0,1,0,0.968,0,-0.251],"_humanoidState":5,"_cameraCFrame":[748.776,237.536,48.122,-0.139,0.888,-0.439,0,0.443,0.896,0.99,0.124,-0.061],"_shiftlockState":true,"_pose":"FreeFall","_animationQueue":[],"_animationSpeed":1,"_zoom":8.291},{"_mousePosition":[683,384],"_rootPartCFrame":[752.741,228.898,47.033,-0.149,0,-0.989,0,1,0,0.989,0,-0.149],"_humanoidState":5,"_cameraCFrame":[748.577,237.618,48.564,-0.053,0.87,-0.491,0,0.492,0.871,0.999,0.046,-0.026],"_shiftlockState":true,"_pose":"FreeFall","_animationQueue":[],"_animationSpeed":1,"_zoom":8.291},{"_mousePosition":[683,384],"_rootPartCFrame":[752.916,229.321,47.224,-0.068,0,-0.998,0,1,0,0.998,0,-0.068],"_humanoidState":5,"_cameraCFrame":[748.522,237.85,48.984,0.002,0.848,-0.53,0,0.53,0.848,1,-0.002,0.001],"_shiftlockState":true,"_pose":"FreeFall","_animationQueue":[],"_animationSpeed":1,"_zoom":8.291},{"_mousePosition":[683,384],"_rootPartCFrame":[753.087,229.598,47.345,-0.006,0,-1,0,1,0,1,0,-0.006],"_humanoidState":5,"_cameraCFrame":[748.477,237.932,49.306,0.045,0.823,-0.566,0,0.566,0.824,0.999,-0.037,0.026],"_shiftlockState":true,"_pose":"FreeFall","_animationQueue":[],"_animationSpeed":1,"_zoom":8.291},{"_mousePosition":[683,384],"_rootPartCFrame":[753.247,229.795,47.442,0.043,0,-0.999,0,1,0,0.999,0,0.043],"_humanoidState":12,"_cameraCFrame":[748.467,237.978,49.513,0.066,0.804,-0.591,0,0.592,0.806,0.998,-0.053,0.039],"_shiftlockState":true,"_pose":"Climbing","_animationQueue":[["walk",0.1],["climb",0.1]],"_animationSpeed":1.283,"_zoom":8.291},{"_mousePosition":[683,384],"_rootPartCFrame":[753.345,229.935,47.501,0.066,0,-0.998,0,1,0,0.998,0,0.066],"_humanoidState":12,"_cameraCFrame":[748.238,237.957,47.866,0.071,0.785,-0.616,0,0.618,0.787,0.997,-0.056,0.044],"_shiftlockState":false,"_pose":"Climbing","_animationQueue":[["climb",0.1]],"_animationSpeed":0.94,"_zoom":8.291},{"_mousePosition":[683,384],"_rootPartCFrame":[753.466,230.169,47.574,0.066,0,-0.998,0,1,0,0.998,0,0.066],"_humanoidState":12,"_cameraCFrame":[748.359,238.19,47.939,0.071,0.785,-0.616,0,0.618,0.787,0.997,-0.056,0.044],"_shiftlockState":false,"_pose":"Climbing","_animationQueue":[],"_animationSpeed":0.94,"_zoom":8.291},{"_mousePosition":[683,384],"_rootPartCFrame":[753.491,230.35,47.604,0.041,0,-0.999,-0.002,1,0,0.999,0.002,0.041],"_humanoidState":12,"_cameraCFrame":[748.225,238.246,47.935,0.062,0.77,-0.635,0,0.636,0.771,0.998,-0.048,0.039],"_shiftlockState":false,"_pose":"Climbing","_animationQueue":[],"_animationSpeed":0.94,"_zoom":8.291},{"_mousePosition":[683,384],"_rootPartCFrame":[753.493,230.49,47.607,0.036,0,-0.999,-0.001,1,0,0.999,0.001,0.036],"_humanoidState":12,"_cameraCFrame":[748.151,238.325,47.862,0.047,0.763,-0.644,0,0.645,0.764,0.999,-0.036,0.031],"_shiftlockState":false,"_pose":"Climbing","_animationQueue":[],"_animationSpeed":0.94,"_zoom":8.291},{"_mousePosition":[683,384],"_rootPartCFrame":[753.493,230.723,47.607,0.035,0,-0.999,0,1,0,0.999,0,0.035],"_humanoidState":12,"_cameraCFrame":[748.141,238.554,47.726,0.022,0.763,-0.645,0,0.646,0.764,1,-0.017,0.014],"_shiftlockState":false,"_pose":"Climbing","_animationQueue":[],"_animationSpeed":0.94,"_zoom":8.291},{"_mousePosition":[683,384],"_rootPartCFrame":[753.493,230.91,47.607,0.035,0,-0.999,0,1,0,0.999,0,0.035],"_humanoidState":12,"_cameraCFrame":[748.141,238.741,47.726,0.022,0.763,-0.645,0,0.646,0.764,1,-0.017,0.014],"_shiftlockState":false,"_pose":"Climbing","_animationQueue":[],"_animationSpeed":0.94,"_zoom":8.291},{"_mousePosition":[683,384],"_rootPartCFrame":[753.493,231.05,47.607,0.035,0,-0.999,0,1,0,0.999,0,0.035],"_humanoidState":12,"_cameraCFrame":[748.141,238.881,47.726,0.022,0.763,-0.645,0,0.646,0.764,1,-0.017,0.014],"_shiftlockState":false,"_pose":"Climbing","_animationQueue":[],"_animationSpeed":0.94,"_zoom":8.291},{"_mousePosition":[683,384],"_rootPartCFrame":[753.493,231.236,47.607,0.035,0,-0.999,0,1,0,0.999,0,0.035],"_humanoidState":12,"_cameraCFrame":[748.141,239.068,47.726,0.022,0.763,-0.645,0,0.646,0.764,1,-0.017,0.014],"_shiftlockState":false,"_pose":"Climbing","_animationQueue":[],"_animationSpeed":0.94,"_zoom":8.291},{"_mousePosition":[683,384],"_rootPartCFrame":[753.493,231.47,47.607,0.035,0,-0.999,0,1,0,0.999,0,0.035],"_humanoidState":12,"_cameraCFrame":[748.141,239.301,47.726,0.022,0.763,-0.645,0,0.646,0.764,1,-0.017,0.014],"_shiftlockState":false,"_pose":"Climbing","_animationQueue":[],"_animationSpeed":0.94,"_zoom":8.291},{"_mousePosition":[683,384],"_rootPartCFrame":[753.493,231.61,47.607,0.035,0,-0.999,0,1,0,0.999,0,0.035],"_humanoidState":12,"_cameraCFrame":[748.141,239.441,47.726,0.022,0.763,-0.645,0,0.646,0.764,1,-0.017,0.014],"_shiftlockState":false,"_pose":"Climbing","_animationQueue":[],"_animationSpeed":0.94,"_zoom":8.291},{"_mousePosition":[683,384],"_rootPartCFrame":[753.493,231.843,47.607,0.035,0,-0.999,0,1,0,0.999,0,0.035],"_humanoidState":12,"_cameraCFrame":[748.141,239.674,47.726,0.022,0.763,-0.645,0,0.646,0.764,1,-0.017,0.014],"_shiftlockState":false,"_pose":"Climbing","_animationQueue":[],"_animationSpeed":0.94,"_zoom":8.291},{"_mousePosition":[683,384],"_rootPartCFrame":[753.493,231.983,47.607,0.035,0,-0.999,0,1,0,0.999,0,0.035],"_humanoidState":12,"_cameraCFrame":[748.141,239.814,47.726,0.022,0.763,-0.645,0,0.646,0.764,1,-0.017,0.014],"_shiftlockState":false,"_pose":"Climbing","_animationQueue":[],"_animationSpeed":0.94,"_zoom":8.291},{"_mousePosition":[683,384],"_rootPartCFrame":[753.493,232.17,47.607,0.035,0,-0.999,0,1,0,0.999,0,0.035],"_humanoidState":12,"_cameraCFrame":[748.141,240