[{"_mousePosition":[543,365],"_rootPartCFrame":[776.034,222.7,47.142,-0.002,0,1,0,1,0,-1,0,-0.002],"_humanoidState":8,"_cameraCFrame":[780.407,232.616,48.628,0.322,-0.83,0.455,0,0.481,0.877,-0.947,-0.282,0.155],"_shiftlockState":false,"_pose":"Standing","_animationQueue":[],"_animationSpeed":1,"_zoom":9.6},{"_mousePosition":[543,365],"_rootPartCFrame":[775.801,222.7,47.064,0.044,0,0.999,0,1,0,-0.999,0,0.044],"_humanoidState":8,"_cameraCFrame":[780.111,232.651,48.528,0.322,-0.834,0.449,0,0.474,0.88,-0.947,-0.283,0.153],"_shiftlockState":false,"_pose":"Standing","_animationQueue":[],"_animationSpeed":1,"_zoom":9.6},{"_mousePosition":[543,365],"_rootPartCFrame":[775.549,222.7,46.978,0.082,0,0.997,0,1,0,-0.997,0,0.082],"_humanoidState":8,"_cameraCFrame":[779.809,232.678,48.438,0.324,-0.835,0.444,0,0.469,0.883,-0.946,-0.286,0.152],"_shiftlockState":false,"_pose":"Running","_animationQueue":[["walk",0.1]],"_animationSpeed":1.066,"_zoom":9.6},{"_mousePosition":[543,365],"_rootPartCFrame":[775.296,222.7,46.892,0.115,0,0.993,0,1,0,-0.993,0,0.115],"_humanoidState":8,"_cameraCFrame":[779.49,232.713,48.341,0.327,-0.838,0.437,0,0.462,0.887,-0.945,-0.29,0.151],"_shiftlockState":false,"_pose":"Running","_animationQueue":[["walk",0.1]],"_animationSpeed":1.066,"_zoom":9.6},{"_mousePosition":[543,365],"_rootPartCFrame":[775.044,222.7,46.806,0.144,0,0.99,0,1,0,-0.99,0,0.144],"_humanoidState":8,"_cameraCFrame":[779.171,232.747,48.243,0.329,-0.841,0.43,0,0.455,0.89,-0.944,-0.293,0.15],"_shiftlockState":false,"_pose":"Running","_animationQueue":[],"_animationSpeed":1.066,"_zoom":9.6},{"_mousePosition":[543,365],"_rootPartCFrame":[774.792,222.7,46.719,0.169,0,0.986,0,1,0,-0.986,0,0.169],"_humanoidState":8,"_cameraCFrame":[778.852,232.781,48.145,0.331,-0.843,0.423,0,0.448,0.894,-0.944,-0.296,0.149],"_shiftlockState":false,"_pose":"Running","_animationQueue":[],"_animationSpeed":1.066,"_zoom":9.6},{"_mousePosition":[543,365],"_rootPartCFrame":[774.54,222.7,46.631,0.191,0,0.982,0,1,0,-0.982,0,0.191],"_humanoidState":8,"_cameraCFrame":[778.534,232.814,48.045,0.334,-0.846,0.416,0,0.441,0.897,-0.943,-0.299,0.147],"_shiftlockState":false,"_pose":"Running","_animationQueue":[],"_animationSpeed":1.066,"_zoom":9.6},{"_mousePosition":[543,365],"_rootPartCFrame":[774.288,222.7,46.543,0.21,0,0.978,0,1,0,-0.978,0,0.21],"_humanoidState":8,"_cameraCFrame":[778.215,232.847,47.944,0.336,-0.848,0.409,0,0.434,0.901,-0.942,-0.303,0.146],"_shiftlockState":false,"_pose":"Running","_animationQueue":[],"_animationSpeed":1.066,"_zoom":9.6},{"_mousePosition":[543,365],"_rootPartCFrame":[774.037,222.7,46.454,0.227,0,0.974,0,1,0,-0.974,0,0.227],"_humanoidState":8,"_cameraCFrame":[777.897,232.879,47.842,0.338,-0.851,0.402,0,0.427,0.904,-0.941,-0.306,0.145],"_shiftlockState":false,"_pose":"Running","_animationQueue":[],"_animationSpeed":1.066,"_zoom":9.6},{"_mousePosition":[543,365],"_rootPartCFrame":[773.786,222.7,46.364,0.242,0,0.97,0,1,0,-0.97,0,0.242],"_humanoidState":8,"_cameraCFrame":[777.562,232.919,47.733,0.341,-0.854,0.393,0,0.418,0.908,-0.94,-0.31,0.143],"_shiftlockState":false,"_pose":"Running","_animationQueue":[["walk",0.1]],"_animationSpeed":1.066,"_zoom":9.6},{"_mousePosition":[543,365],"_rootPartCFrame":[773.535,222.7,46.274,0.255,0,0.967,0,1,0,-0.967,0,0.255],"_humanoidState":8,"_cameraCFrame":[777.247,232.95,47.62,0.341,-0.857,0.387,0,0.411,0.911,-0.94,-0.311,0.14],"_shiftlockState":false,"_pose":"Running","_animationQueue":[],"_animationSpeed":1.066,"_zoom":9.6},{"_mousePosition":[543,365],"_rootPartCFrame":[773.284,222.7,46.183,0.267,0,0.964,0,1,0,-0.964,0,0.267],"_humanoidState":8,"_cameraCFrame":[776.913,232.988,47.509,0.343,-0.86,0.378,0,0.402,0.915,-0.939,-0.314,0.138],"_shiftlockState":false,"_pose":"Running","_animationQueue":[],"_animationSpeed":1.066,"_zoom":9.6},{"_mousePosition":[543,365],"_rootPartCFrame":[773.033,222.7,46.093,0.277,0,0.961,0,1,0,-0.961,0,0.277],"_humanoidState":8,"_cameraCFrame":[776.581,233.025,47.389,0.343,-0.863,0.37,0,0.394,0.919,-0.939,-0.316,0.135],"_shiftlockState":false,"_pose":"Running","_animationQueue":[],"_animationSpeed":1.066,"_zoom":9.6},{"_mousePosition":[543,365],"_rootPartCFrame":[772.783,222.7,46.001,0.286,0,0.958,0,1,0,-0.958,0,0.286],"_humanoidState":8,"_cameraCFrame":[776.247,233.061,47.277,0.346,-0.866,0.361,0,0.385,0.923,-0.938,-0.319,0.133],"_shiftlockState":false,"_pose":"Running","_animationQueue":[],"_animationSpeed":1.066,"_zoom":9.6},{"_mousePosition":[543,365],"_rootPartCFrame":[772.532,222.7,45.91,0.294,0,0.956,0,1,0,-0.956,0,0.294],"_humanoidState":8,"_cameraCFrame":[775.899,233.104,47.149,0.346,-0.87,0.351,0,0.374,0.928,-0.938,-0.321,0.129],"_shiftlockState":false,"_pose":"Running","_animationQueue":[],"_animationSpeed":1.066,"_zoom":9.6},{"_mousePosition":[543,365],"_rootPartCFrame":[772.282,222.7,45.817,0.301,0,0.954,0,1,0,-0.954,0,0.301],"_humanoidState":8,"_cameraCFrame":[775.567,233.139,47.027,0.346,-0.874,0.342,0,0.365,0.931,-0.938,-0.322,0.126],"_shiftlockState":false,"_pose":"Running","_animationQueue":[["walk",0.1]],"_animationSpeed":1.066,"_zoom":9.6},{"_mousePosition":[543,365],"_rootPartCFrame":[772.032,222.7,45.725,0.307,0,0.952,0,1,0,-0.952,0,0.307],"_humanoidState":8,"_cameraCFrame":[775.251,233.166,46.911,0.346,-0.876,0.335,0,0.357,0.934,-0.938,-0.323,0.124],"_shiftlockState":false,"_pose":"Running","_animationQueue":[],"_animationSpeed":1.066,"_zoom":9.6},{"_mousePosition":[543,365],"_rootPartCFrame":[771.782,222.7,45.633,0.312,0,0.95,0,1,0,-0.95,0,0.312],"_humanoidState":8,"_cameraCFrame":[774.922,233.199,46.781,0.343,-0.88,0.327,0,0.348,0.937,-0.939,-0.322,0.12],"_shiftlockState":false,"_pose":"Running","_animationQueue":[],"_animationSpeed":1.066,"_zoom":9.6},{"_mousePosition":[543,365],"_rootPartCFrame":[771.531,222.7,45.541,0.317,0,0.949,0,1,0,-0.949,0,0.317],"_humanoidState":8,"_cameraCFrame":[774.609,233.224,46.657,0.341,-0.884,0.321,0,0.341,0.94,-0.94,-0.32,0.116],"_shiftlockState":false,"_pose":"Running","_animationQueue":[],"_animationSpeed":1.066,"_zoom":9.6},{"_mousePosition":[543,365],"_rootPartCFrame":[771.281,222.7,45.449,0.32,0,0.947,0,1,0,-0.947,0,0.32],"_humanoidState":8,"_cameraCFrame":[774.295,233.25,46.533,0.338,-0.887,0.314,0,0.334,0.943,-0.941,-0.319,0.113],"_shiftlockState":false,"_pose":"Running","_animationQueue":[],"_animationSpeed":1.066,"_zoom":9.6},{"_mousePosition":[543,365],"_rootPartCFrame":[771.03,222.7,45.358,0.323,0,0.946,0,1,0,-0.946,0,0.323],"_humanoidState":8,"_cameraCFrame":[774.011,233.262,46.43,0.338,-0.888,0.31,0,0.33,0.944,-0.941,-0.319,0.112],"_shiftlockState":false,"_pose":"Running","_animationQueue":[],"_animationSpeed":1.066,"_zoom":9.6},{"_mousePosition":[543,365],"_rootPartCFrame":[770.779,222.7,45.268,0.325,0,0.946,0,1,0,-0.946,0,0.325],"_humanoidState":8,"_cameraCFrame":[773.729,233.274,46.321,0.336,-0.89,0.307,0,0.326,0.945,-0.942,-0.318,0.11],"_shiftlockState":false,"_pose":"Running","_animationQueue":[],"_animationSpeed":1.066,"_zoom":9.6},{"_mousePosition":[543,365],"_rootPartCFrame":[770.528,222.7,45.178,0.327,0,0.945,0,1,0,-0.945,0,0.327],"_humanoidState":8,"_cameraCFrame":[773.536,233.512,46.251,0.336,-0.891,0.306,0,0.324,0.946,-0.942,-0.318,0.109],"_shiftlockState":false,"_pose":"Running","_animationQueue":[["walk",0.1]],"_animationSpeed":1.066,"_zoom":12.5},{"_mousePosition":[543,365],"_rootPartCFrame":[770.277,222.7,45.088,0.328,0,0.945,0,1,0,-0.945,0,0.328],"_humanoidState":8,"_cameraCFrame":[773.423,233.937,46.211,0.336,-0.891,0.306,0,0.324,0.946,-0.942,-0.318,0.109],"_shiftlockState":false,"_pose":"Running","_animationQueue":[],"_animationSpeed":1.066,"_zoom":12.5},{"_mousePosition":[543,365],"_rootPartCFrame":[770.026,223.563,44.999,0.33,0,0.944,0,1,0,-0.944,0,0.33],"_humanoidState":3,"_cameraCFrame":[773.328,235.276,46.167,0.334,-0.892,0.306,0,0.324,0.946,-0.943,-0.316,0.108],"_shiftlockState":false,"_pose":"Jumping","_animationQueue":[["walk",0.1],["jump",0.1]],"_animationSpeed":1,"_zoom":12.5},{"_mousePosition":[543,365],"_rootPartCFrame":[769.775,224.371,44.909,0.331,0,0.944,0,1,0,-0.944,0,0.331],"_humanoidState":5,"_cameraCFrame":[773.211,236.501,46.125,0.334,-0.892,0.306,0,0.324,0.946,-0.943,-0.316,0.108],"_shiftlockState":false,"_pose":"FreeFall","_animationQueue":[["jump",0.1]],"_animationSpeed":1,"_zoom":12.5},{"_mousePosition":[543,365],"_rootPartCFrame":[769.523,225.125,44.82,0.331,0,0.944,0,1,0,-0.944,0,0.331],"_humanoidState":5,"_cameraCFrame":[773.042,237.578,46.065,0.334,-0.892,0.304,0,0.323,0.947,-0.943,-0.316,0.108],"_shiftlockState":false,"_pose":"FreeFall","_animationQueue":[],"_animationSpeed":1,"_zoom":12.5},{"_mousePosition":[543,365],"_rootPartCFrame":[769.272,225.824,44.731,0.331,0,0.943,0,1,0,-0.943,0,0.331],"_humanoidState":5,"_cameraCFrame":[772.859,238.542,45.98,0.329,-0.894,0.303,0,0.321,0.947,-0.944,-0.312,0.105],"_shiftlockState":false,"_pose":"FreeFall","_animationQueue":[],"_animationSpeed":1,"_zoom":12.5},{"_mousePosition":[543,365],"_rootPartCFrame":[769.021,226.469,44.642,0.332,0,0.943,0,1,0,-0.943,0,0.332],"_humanoidState":5,"_cameraCFrame":[772.653,239.383,45.887,0.324,-0.897,0.302,0,0.319,0.948,-0.946,-0.307,0.103],"_shiftlockState":false,"_pose":"FreeFall","_animationQueue":[],"_animationSpeed":1,"_zoom":12.5},{"_mousePosition":[543,365],"_rootPartCFrame":[768.769,227.06,44.554,0.332,0,0.943,0,1,0,-0.943,0,0.332],"_humanoidState":5,"_cameraCFrame":[772.428,240.11,45.787,0.319,-0.899,0.3,0,0.317,0.948,-0.948,-0.303,0.101],"_shiftlockState":false,"_pose":"FreeFall","_animationQueue":[],"_animationSpeed":1,"_zoom":12.5},{"_mousePosition":[543,365],"_rootPartCFrame":[768.517,227.595,44.467,0.331,0,0.944,0,1,0,-0.944,0,0.331],"_humanoidState":5,"_cameraCFrame":[772.175,240.758,45.659,0.31,-0.903,0.298,0,0.313,0.95,-0.951,-0.294,0.097],"_shiftlockState":false,"_pose":"FreeFall","_animationQueue":[],"_animationSpeed":1,"_zoom":12.5},{"_mousePosition":[543,365],"_rootPartCFrame":[768.264,228.077,44.382,0.329,0,0.944,0,1,0,-0.944,0,0.329],"_humanoidState":5,"_cameraCFrame":[771.912,241.322,45.53,0.3,-0.907,0.295,0,0.31,0.951,-0.954,-0.285,0.093],"_shiftlockState":false,"_pose":"FreeFall","_animationQueue":[],"_animationSpeed":1,"_zoom":12.5},{"_mousePosition":[543,365],"_rootPartCFrame":[768.011,228.504,44.299,0.327,0,0.945,0,1,0,-0.945,0,0.327],"_humanoidState":5,"_cameraCFrame":[771.643,241.808,45.391,0.288,-0.912,0.293,0,0.306,0.952,-0.958,-0.274,0.088],"_shiftlockState":false,"_pose":"FreeFall","_animationQueue":[],"_animationSpeed":1,"_zoom":12.5},{"_mousePosition":[543,365],"_rootPartCFrame":[767.756,228.876,44.219,0.324,0,0.946,0,1,0,-0.946,0,0.324],"_humanoidState":5,"_cameraCFrame":[771.37,242.227,45.246,0.273,-0.917,0.291,0,0.302,0.953,-0.962,-0.261,0.083],"_shiftlockState":false,"_pose":"FreeFall","_animationQueue":[],"_animationSpeed":1,"_zoom":12.5},{"_mousePosition":[543,365],"_rootPartCFrame":[767.501,229.194,44.141,0.32,0,0.948,0,1,0,-0.948,0,0.32],"_humanoidState":5,"_cameraCFrame":[771.035,242.604,45.05,0.249,-0.926,0.284,0,0.293,0.956,-0.969,-0.238,0.073],"_shiftlockState":false,"_pose":"FreeFall","_animationQueue":[],"_animationSpeed":1,"_zoom":12.5},{"_mousePosition":[543,365],"_rootPartCFrame":[767.245,229.457,44.068,0.314,0,0.949,0,1,0,-0.949,0,0.314],"_humanoidState":5,"_cameraCFrame":[770.73,242.902,44.898,0.232,-0.932,0.279,0,0.287,0.958,-0.973,-0.222,0.067],"_shiftlockState":false,"_pose":"FreeFall","_animationQueue":[],"_animationSpeed":1,"_zoom":12.5},{"_mousePosition":[543,365],"_rootPartCFrame":[766.987,229.666,44.001,0.306,0,0.952,0,1,0,-0.952,0,0.306],"_humanoidState":5,"_cameraCFrame":[770.44,243.134,44.777,0.219,-0.936,0.277,0,0.284,0.959,-0.976,-0.21,0.062],"_shiftlockState":false,"_pose":"FreeFall","_animationQueue":[],"_animationSpeed":1,"_zoom":12.5},{"_mousePosition":[543,365],"_rootPartCFrame":[766.728,229.821,43.938,0.297,0,0.955,0,1,0,-0.955,0,0.297],"_humanoidState":5,"_cameraCFrame":[770.144,243.309,44.67,0.21,-0.939,0.274,0,0.28,0.96,-0.978,-0.201,0.059],"_shiftlockState":false,"_pose":"FreeFall","_animationQueue":[],"_animationSpeed":1,"_zoom":12.5},{"_mousePosition":[543,365],"_rootPartCFrame":[766.468,229.921,43.879,0.287,0,0.958,0,1,0,-0.958,0,0.287],"_humanoidState":5,"_cameraCFrame":[769.87,243.42,44.572,0.2,-0.941,0.272,0,0.278,0.961,-0.98,-0.192,0.055],"_shiftlockState":false,"_pose":"FreeFall","_animationQueue":[],"_animationSpeed":1,"_zoom":12.5},{"_mousePosition":[543,365],"_rootPartCFrame":[766.207,229.966,43.823,0.277,0,0.961,0,1,0,-0.961,0,0.277],"_humanoidState":5,"_cameraCFrame":[769.615,243.468,44.49,0.192,-0.943,0.273,0,0.278,0.961,-0.981,-0.185,0.053],"_shiftlockState":false,"_pose":"FreeFall","_animationQueue":[],"_animationSpeed":1,"_zoom":12.5},{"_mousePosition":[543,365],"_rootPartCFrame":[765.946,229.957,43.769,0.266,0,0.964,0,1,0,-0.964,0,0.266],"_humanoidState":5,"_cameraCFrame":[769.338,243.467,44.398,0.182,-0.945,0.271,0,0.276,0.961,-0.983,-0.175,0.05],"_shiftlockState":false,"_pose":"FreeFall","_animationQueue":[],"_animationSpeed":1,"_zoom":12.5},{"_mousePosition":[543,365],"_rootPartCFrame":[765.684,229.893,43.718,0.256,0,0.967,0,1,0,-0.967,0,0.256],"_humanoidState":5,"_cameraCFrame":[769.058,243.412,44.317,0.175,-0.947,0.27,0,0.274,0.962,-0.985,-0.168,0.048],"_shiftlockState":false,"_pose":"FreeFall","_animationQueue":[],"_animationSpeed":1,"_zoom":12.5},{"_mousePosition":[543,365],"_rootPartCFrame":[765.422,229.775,43.669,0.247,0,0.969,0,1,0,-0.969,0,0.247],"_humanoidState":5,"_cameraCFrame":[768.799,243.294,44.251,0.17,-0.948,0.27,0,0.274,0.962,-0.985,-0.163,0.047],"_shiftlockState":false,"_pose":"FreeFall","_animationQueue":[["fall",0.3]],"_animationSpeed":1,"_zoom":12.5},{"_mousePosition":[543,365],"_rootPartCFrame":[765.159,229.603,43.622,0.237,0,0.972,0,1,0,-0.972,0,0.237],"_humanoidState":5,"_cameraCFrame":[768.537,243.122,44.204,0.17,-0.948,0.27,0,0.274,0.962,-0.985,-0.163,0.047],"_shiftlockState":false,"_pose":"FreeFall","_animationQueue":[],"_animationSpeed":1,"_zoom":12.5},{"_mousePosition":[543,365],"_rootPartCFrame":[764.897,229.375,43.576,0.228,0,0.974,0,1,0,-0.974,0,0.228],"_humanoidState":5,"_cameraCFrame":[768.274,242.896,44.158,0.17,-0.948,0.27,0,0.274,0.962,-0.985,-0.163,0.047],"_shiftlockState":false,"_pose":"FreeFall","_animationQueue":[],"_animationSpeed":1,"_zoom":12.5},{"_mousePosition":[543,365],"_rootPartCFrame":[764.634,229.094,43.531,0.22,0,0.976,0,1,0,-0.976,0,0.22],"_humanoidState":5,"_cameraCFrame":[768.012,242.614,44.113,0.17,-0.948,0.27,0,0.274,0.962,-0.985,-0.163,0.047],"_shiftlockState":false,"_pose":"FreeFall","_animationQueue":[],"_animationSpeed":1,"_zoom":12.5},{"_mousePosition":[543,365],"_rootPartCFrame":[764.371,228.758,43.486,0.213,0,0.977,0,1,0,-0.977,0,0.213],"_humanoidState":5,"_cameraCFrame":[767.749,242.278,44.068,0.17,-0.948,0.27,0,0.274,0.962,-0.985,-0.163,0.047],"_shiftlockState":false,"_pose":"FreeFall","_animationQueue":[],"_animationSpeed":1,"_zoom":12.5},{"_mousePosition":[543,365],"_rootPartCFrame":[764.109,228.367,43.44,0.207,0,0.978,0,1,0,-0.978,0,0.207],"_humanoidState":5,"_cameraCFrame":[767.489,241.888,44.005,0.165,-0.949,0.27,0,0.274,0.962,-0.986,-0.159,0.045],"_shiftlockState":false,"_pose":"FreeFall","_animationQueue":[],"_animationSpeed":1,"_zoom":12.5},{"_mousePosition":[543,365],"_rootPartCFrame":[763.846,227.922,43.395,0.202,0,0.979,0,1,0,-0.979,0,0.202],"_humanoidState":5,"_cameraCFrame":[767.23,241.443,43.943,0.16,-0.949,0.271,0,0.274,0.962,-0.987,-0.154,0.044],"_shiftlockState":false,"_pose":"FreeFall","_animationQueue":[["fall",0.3]],"_animationSpeed":1,"_zoom":12.5},{"_mousePosition":[543,365],"_rootPartCFrame":[763.583,227.422,43.351,0.197,0,0.98,0,1,0,-0.98,0,0.197],"_humanoidState":5,"_cameraCFrame":[766.948,240.95,43.87,0.152,-0.951,0.269,0,0.272,0.962,-0.988,-0.147,0.041],"_shiftlockState":false,"_pose":"FreeFall","_animationQueue":[],"_animationSpeed":1,"_zoom":12.5},{"_mousePosition":[543,365],"_rootPartCFrame":[763.254,226.721,43.297,0.191,0,0.982,0,1,0,-0.982,0,0.191],"_humanoidState":5,"_cameraCFrame":[766.603,240.255,43.762,0.137,-0.954,0.268,0,0.27,0.963,-0.991,-0.132,0.037],"_shiftlockState":false,"_pose":"FreeFall","_animationQueue":[],"_animationSpeed":1,"_zoom":12.5},{"_mousePosition":[543,365],"_rootPartCFrame":[763.057,226.26,43.267,0.187,0,0.982,0,1,0,-0.982,0,0.187],"_humanoidState":5,"_cameraCFrame":[766.365,239.807,43.674,0.122,-0.957,0.265,0,0.267,0.964,-0.992,-0.118,0.033],"_shiftlockState":false,"_pose":"FreeFall","_animationQueue":[],"_animationSpeed":1,"_zoom":12.5},{"_mousePosition":[543,365],"_rootPartCFrame":[762.792,225.597,43.23,0.181,0,0.984,0,1,0,-0.984,0,0.181],"_humanoidState":5,"_cameraCFrame":[766.105,239.144,43.604,0.112,-0.958,0.265,0,0.267,0.964,-0.994,-0.108,0.03],"_shiftlockState":false,"_pose":"FreeFall","_animationQueue":[],"_animationSpeed":1,"_zoom":12.5},{"_mousePosition":[543,365],"_rootPartCFrame":[762.329,224.305,43.172,0.168,0,0.986,0,1,0,-0.986,0,0.168],"_humanoidState":5,"_cameraCFrame":[765.602,237.865,43.483,0.095,-0.96,0.262,0,0.263,0.965,-0.996,-0.091,0.025],"_shiftlockState":false,"_pose":"FreeFall","_animationQueue":[],"_animationSpeed":1,"_zoom":12.5},{"_mousePosition":[543,365],"_rootPartCFrame":[762.263,224.107,43.164,0.166,0,0.986,0,1,0,-0.986,0,0.166],"_humanoidState":5,"_cameraCFrame":[765.604,237.998,43.422,0.077,-0.962,0.26,0,0.261,0.965,-0.997,-0.074,0.02],"_shiftlockState":false,"_pose":"FreeFall","_animationQueue":[["fall",0.3]],"_animationSpeed":1,"_zoom":16.125},{"_mousePosition":[543,365],"_rootPartCFrame":[761.931,223.065,43.132,0.154,0,0.988,0,1,0,-0.988,0,0.154],"_humanoidState":5,"_cameraCFrame":[765.394,237.495,43.364,0.067,-0.964,0.259,0,0.259,0.966,-0.998,-0.065,0.017],"_shiftlockState":false,"_pose":"FreeFall","_animationQueue":[],"_animationSpeed":1,"_zoom":16.125},{"_mousePosition":[543,365],"_rootPartCFrame":[761.732,222.508,43.116,0.147,0,0.989,0,1,0,-0.989,0,0.147],"_humanoidState":7,"_cameraCFrame":[765.33,237.548,43.347,0.064,-0.964,0.257,0,0.257,0.966,-0.998,-0.062,0.017],"_shiftlockState":false,"_pose":"FreeFall","_animationQueue":[["walk",0.1],["fall",0.3],["fall",0.3]],"_animationSpeed":1,"_zoom":16.125},{"_mousePosition":[543,365],"_rootPartCFrame":[761.466,222.46,43.097,0.137,0,0.991,0,1,0,-0.991,0,0.137],"_humanoidState":7,"_cameraCFrame":[765.204,238.027,43.338,0.064,-0.964,0.257,0,0.257,0.966,-0.998,-0.062,0.017],"_shiftlockState":false,"_pose":"FreeFall","_animationQueue":[],"_animationSpeed":1,"_zoom":16.125},{"_mousePosition":[543,365],"_rootPartCFrame":[761.2,222.548,43.08,0.127,0,0.992,0,1,0,-0.992,0,0.127],"_humanoidState":7,"_cameraCFrame":[765.044,238.514,43.328,0.064,-0.964,0.257,0,0.257,0.966,-0.998,-0.062,0.017],"_shiftlockState":false,"_pose":"FreeFall","_animationQueue":[],"_animationSpeed":1,"_zoom":16.125},{"_mousePosition":[543,365],"_rootPartCFrame":[760.867,222.625,43.059,0.116,0,0.993,0,1,0,-0.993,0,0.116],"_humanoidState":8,"_cameraCFrame":[764.793,238.9,43.312,0.064,-0.964,0.257,0,0.257,0.966,-0.998,-0.062,0.017],"_shiftlockState":false,"_pose":"Running","_animationQueue":[["walk",0.1],["fall",0.3],["walk",0.1]],"_animationSpeed":1.103,"_zoom":16.125},{"_mousePosition":[543,365],"_rootPartCFrame":[760.601,222.659,43.042,0.109,0,0.994,0,1,0,-0.994,0,0.109],"_humanoidState":8,"_cameraCFrame":[764.592,239.178,43.299,0.064,-0.964,0.257,0,0.257,0.966,-0.998,-0.062,0.017],"_shiftlockState":false,"_pose":"Running","_animationQueue":[],"_animationSpeed":1.103,"_zoom":16.125},{"_mousePosition":[543,365],"_rootPartCFrame":[760.335,222.678,43.024,0.103,0,0.995,0,1,0,-0.995,0,0.103],"_humanoidState":8,"_cameraCFrame":[764.374,239.376,43.285,0.064,-0.964,0.257,0,0.257,0.966,-0.998,-0.062,0.017],"_shiftlockState":false,"_pose":"Running","_animationQueue":[["walk",0.1]],"_animationSpeed":1.103,"_zoom":16.125},{"_mousePosition":[543,365],"_rootPartCFrame":[760.069,222.688,43.007,0.098,0,0.995,0,1,0,-0.995,0,0.098],"_humanoidState":8,"_cameraCFrame":[764.138,239.503,43.27,0.064,-0.964,0.257,0,0.257,0.966,-0.998,-0.062,0.017],"_shiftlockState":false,"_pose":"Running","_animationQueue":[],"_animationSpeed":1.103,"_zoom":16.125},{"_mousePosition":[543,365],"_rootPartCFrame":[759.803,222.693,42.99,0.093,0,0.996,0,1,0,-0.996,0,0.093],"_humanoidState":8,"_cameraCFrame":[763.896,239.599,43.254,0.064,-0.964,0.257,0,0.257,0.966,-0.998,-0.062,0.017],"_shiftlockState":false,"_pose":"Running","_animationQueue":[],"_animationSpeed":1.103,"_zoom":16.125},{"_mousePosition":[543,365],"_rootPartCFrame":[759.537,222.696,42.973,0.089,0,0.996,0,1,0,-0.996,0,0.089],"_humanoidState":8,"_cameraCFrame":[763.645,239.657,43.238,0.064,-0.964,0.257,0,0.257,0.966,-0.998,-0.062,0.017],"_shiftlockState":false,"_pose":"Running","_animationQueue":[],"_animationSpeed":1.103,"_zoom":16.125},{"_mousePosition":[543,365],"_rootPartCFrame":[759.271,222.698,42.956,0.086,0,0.996,0,1,0,-0.996,0,0.086],"_humanoidState":8,"_cameraCFrame":[763.391,239.699,43.2,0.059,-0.965,0.257,0,0.257,0.966,-0.998,-0.057,0.015],"_shiftlockState":false,"_pose":"Running","_animationQueue":[],"_animationSpeed":1.103,"_zoom":16.125},{"_mousePosition":[543,365],"_rootPartCFrame":[759.005,222.698,42.939,0.083,0,0.997,0,1,0,-0.997,0,0.083],"_humanoidState":8,"_cameraCFrame":[763.102,239.734,43.172,0.057,-0.965,0.255,0,0.255,0.967,-0.998,-0.055,0.014],"_shiftlockState":false,"_pose":"Running","_animationQueue":[],"_animationSpeed":1.103,"_zoom":16.125},{"_mousePosition":[543,365],"_rootPartCFrame":[758.738,222.699,42.923,0.08,0,0.997,0,1,0,-0.997,0,0.08],"_humanoidState":8,"_cameraCFrame":[762.812,239.76,43.123,0.049,-0.966,0.253,0,0.254,0.967,-0.999,-0.048,0.012],"_shiftlockState":false,"_pose":"Running","_animationQueue":[["walk",0.1]],"_animationSpeed":1.103,"_zoom":16.125},{"_mousePosition":[543,365],"_rootPartCFrame":[758.472,222.699,42.908,0.077,0,0.997,0,1,0,-0.997,0,0.077],"_humanoidState":8,"_cameraCFrame":[762.55,239.773,43.088,0.044,-0.966,0.253,0,0.254,0.967,-0.999,-0.043,0.011],"_shiftlockState":false,"_pose":"Running","_animationQueue":[],"_animationSpeed":1.103,"_zoom":16.125},{"_mousePosition":[543,365],"_rootPartCFrame":[758.206,222.699,42.894,0.073,0,0.997,0,1,0,-0.997,0,0.073],"_humanoidState":8,"_cameraCFrame":[762.256,239.789,43.063,0.042,-0.967,0.251,0,0.252,0.968,-0.999,-0.04,0.01],"_shiftlockState":false,"_pose":"Running","_animationQueue":[],"_animationSpeed":1.103,"_zoom":16.125},{"_mousePosition":[543,365],"_rootPartCFrame":[757.939,222.699,42.883,0.069,0,0.998,0,1,0,-0.998,0,0.069],"_humanoidState":8,"_cameraCFrame":[761.991,239.795,43.041,0.039,-0.967,0.251,0,0.252,0.968,-0.999,-0.038,0.01],"_shiftlockState":false,"_pose":"Running","_animationQueue":[],"_animationSpeed":1.103,"_zoom":16.125},{"_mousePosition":[543,365],"_rootPartCFrame":[757.673,222.699,42.871,0.066,0,0.998,0,1,0,-0.998,0,0.066],"_humanoidState":8,"_cameraCFrame":[761.696,239.806,43.018,0.036,-0.968,0.25,0,0.25,0.968,-0.999,-0.035,0.009],"_shiftlockState":false,"_pose":"Running","_animationQueue":[],"_animationSpeed":1.103,"_zoom":16.125},{"_mousePosition":[543,365],"_rootPartCFrame":[757.54,222.692,42.866,0.064,0,0.998,0,1,0,-0.998,0,0.064],"_humanoidState":8,"_cameraCFrame":[761.564,239.801,42.993,0.031,-0.968,0.25,0,0.25,0.968,-1,-0.03,0.008],"_shiftlockState":false,"_pose":"Running","_animationQueue":[],"_animationSpeed":1.103,"_zoom":16.125},{"_mousePosition":[543,365],"_rootPartCFrame":[757.14,222.694,42.851,0.058,0,0.998,0,1,0,-0.998,0,0.058],"_humanoidState":8,"_cameraCFrame":[761.105,239.82,42.936,0.021,-0.969,0.246,0,0.246,0.969,-1,-0.021,0.005],"_shiftlockState":false,"_pose":"Running","_animationQueue":[],"_animationSpeed":1.103,"_zoom":16.125},{"_mousePosition":[543,365],"_rootPartCFrame":[756.873,222.696,42.843,0.055,0,0.998,0,1,0,-0.998,0,0.055],"_humanoidState":8,"_cameraCFrame":[760.809,239.831,42.887,0.011,-0.97,0.244,0,0.244,0.97,-1,-0.011,0.003],"_shiftlockState":false,"_pose":"Running","_animationQueue":[["walk",0.1]],"_animationSpeed":1.103,"_zoom":16.125},{"_mousePosition":[543,365],"_rootPartCFrame":[756.607,222.697,42.837,0.05,0,0.999,0,1,0,-0.999,0,0.05],"_humanoidState":8,"_cameraCFrame":[760.512,239.841,42.841,0.001,-0.97,0.242,0,0.242,0.97,-1,-0.001,0],"_shiftlockState":false,"_pose":"Running","_animationQueue":[],"_animationSpeed":1.103,"_zoom":16.125},{"_mousePosition":[543,365],"_rootPartCFrame":[756.34,222.698,42.834,0.045,0,0.999,0,1,0,-0.999,0,0.045],"_humanoidState":8,"_cameraCFrame":[760.246,239.842,42.808,-0.007,-0.97,0.242,0,0.242,0.97,-1,0.006,-0.002],"_shiftlockState":false,"_pose":"Running","_animationQueue":[],"_animationSpeed":1.103,"_zoom":16.125},{"_mousePosition":[543,365],"_rootPartCFrame":[756.073,222.699,42.833,0.039,0,0.999,0,1,0,-0.999,0,0.039],"_humanoidState":8,"_cameraCFrame":[759.948,239.85,42.779,-0.014,-0.971,0.24,0,0.24,0.971,-1,0.014,-0.003],"_shiftlockState":false,"_pose":"Running","_animationQueue":[],"_animationSpeed":1.103,"_zoom":16.125},{"_mousePosition":[543,365],"_rootPartCFrame":[755.807,222.699,42.835,0.033,0,0.999,0,1,0,-0.999,0,0.033],"_humanoidState":8,"_cameraCFrame":[759.62,239.866,42.752,-0.022,-0.971,0.236,0,0.237,0.972,-1,0.021,-0.005],"_shiftlockState":false,"_pose":"Running","_animationQueue":[],"_animationSpeed":1.103,"_zoom":16.125},{"_mousePosition":[543,365],"_rootPartCFrame":[755.54,222.699,42.839,0.027,0,1,0,1,0,-1,0,0.027],"_humanoidState":8,"_cameraCFrame":[759.353,239.866,42.746,-0.024,-0.971,0.236,0,0.237,0.972,-1,0.024,-0.006],"_shiftlockState":false,"_pose":"Running","_animationQueue":[],"_animationSpeed":1.103,"_zoom":16.125},{"_mousePosition":[543,365],"_rootPartCFrame":[755.274,222.699,42.844,0.021,0,1,0,1,0,-1,0,0.021],"_humanoidState":8,"_cameraCFrame":[759.087,239.866,42.752,-0.024,-0.971,0.236,0,0.237,0.972,-1,0.024,-0.006],"_shiftlockState":false,"_pose":"Running","_animationQueue":[["walk",0.1]],"_animationSpeed":1.103,"_zoom":16.125},{"_mousePosition":[543,365],"_rootPartCFrame":[755.007,223.572,42.85,0.014,0,1,0,1,0,-1,0,0.014],"_humanoidState":3,"_cameraCFrame":[758.82,240.739,42.757,-0.024,-0.971,0.236,0,0.237,0.972,-1,0.024,-0.006],"_shiftlockState":false,"_pose":"Jumping","_animationQueue":[["walk",0.1],["jump",0.1]],"_animationSpeed":1,"_zoom":16.125},{"_mousePosition":[543,365],"_rootPartCFrame":[754.74,224.394,42.856,0.009,0,1,0,1,0,-1,0,0.009],"_humanoidState":5,"_cameraCFrame":[758.553,241.561,42.764,-0.024,-0.971,0.236,0,0.237,0.972,-1,0.024,-0.006],"_shiftlockState":false,"_pose":"FreeFall","_animationQueue":[["jump",0.1]],"_animationSpeed":1,"_zoom":16.125},{"_mousePosition":[543,365],"_rootPartCFrame":[754.474,225.162,42.863,0.004,0,1,0,1,0,-1,0,0.004],"_humanoidState":5,"_cameraCFrame":[758.287,242.329,42.77,-0.024,-0.971,0.236,0,0.237,0.972,-1,0.024,-0.006],"_shiftlockState":false,"_pose":"FreeFall","_animationQueue":[],"_animationSpeed":1,"_zoom":16.125},{"_mousePosition":[543,365],"_rootPartCFrame":[754.207,225.875,42.869,0,0,1,0,1,0,-1,0,0],"_humanoidState":5,"_cameraCFrame":[758.02,243.042,42.777,-0.024,-0.971,0.236,0,0.237,0.972,-1,0.024,-0.006],"_shiftlockState":false,"_pose":"FreeFall","_animationQueue":[],"_animationSpeed":1,"_zoom":16.125},{"_mousePosition":[543,365],"_rootPartCFrame":[753.941,226.533,42.876,-0.003,0,1,0,1,0,-1,0,-0.003],"_humanoidState":5,"_cameraCFrame":[757.845,243.678,42.781,-0.024,-0.97,0.242,0,0.242,0.97,-1,0.024,-0.006],"_shiftlockState":false,"_pose":"FreeFall","_animationQueue":[],"_animationSpeed":1,"_zoom":16.125},{"_mousePosition":[543,365],"_rootPartCFrame":[753.674,227.137,42.882,-0.006,0,1,0,1,0,-1,0,-0.006],"_humanoidState":5,"_cameraCFrame":[757.609,244.274,42.797,-0.022,-0.97,0.244,0,0.244,0.97,-1,0.021,-0.005],"_shiftlockState":false,"_pose":"FreeFall","_animationQueue":[],"_animationSpeed":1,"_zoom":16.125},{"_mousePosition":[543,365],"_rootPartCFrame":[753.407,227.687,42.889,-0.009,0,1,0,1,0,-1,0,-0.009],"_humanoidState":5,"_cameraCFrame":[757.404,244.808,42.822,-0.017,-0.969,0.248,0,0.248,0.969,-1,0.016,-0.004],"_shiftlockState":false,"_pose":"FreeFall","_animationQueue":[],"_animationSpeed":1,"_zoom":16.125},{"_mousePosition":[548,366],"_rootPartCFrame":[753.141,228.182,42.894,-0.011,0,1,0,1,0,-1,0,-0.011],"_humanoidState":5,"_cameraCFrame":[757.137,245.303,42.828,-0.017,-0.969,0.248,0,0.248,0.969,-1,0.016,-0.004],"_shiftlockState":false,"_pose":"FreeFall","_animationQueue":[],"_animationSpeed":1,"_zoom":16.125},{"_mousePosition":[549,366],"_rootPartCFrame":[752.874,228.622,42.899,-0.012,0,1,0,1,0,-1,0,-0.012],"_humanoidState":5,"_cameraCFrame":[756.871,245.744,42.833,-0.017,-0.969,0.248,0,0.248,0.969,-1,0.016,-0.004],"_shiftlockState":false,"_pose":"FreeFall","_animationQueue":[],"_animationSpeed":1,"_zoom":16.125},{"_mousePosition":[553,365],"_rootPartCFrame":[752.608,229.008,42.903,-0.013,0,1,0,1,0,-1,0,-0.013],"_humanoidState":5,"_cameraCFrame":[756.604,246.13,42.837,-0.017,-0.969,0.248,0,0.248,0.969,-1,0.016,-0.004],"_shiftlockState":false,"_pose":"FreeFall","_animationQueue":[],"_animationSpeed":1,"_zoom":16.125},{"_mousePosition":[559,365],"_rootPartCFrame":[752.341,229.34,42.908,-0.013,0,1,0,1,0,-1,0,-0.013],"_humanoidState":5,"_cameraCFrame":[756.338,246.461,42.841,-0.017,-0.969,0.248,0,0.248,0.969,-1,0.016,-0.004],"_shiftlockState":false,"_pose":"FreeFall","_animationQueue":[],"_animationSpeed":1,"_zoom":16.125},{"_mousePosition":[572,365],"_rootPartCFrame":[752.074,229.617,42.912,-0.014,0,1,0,1,0,-1,0,-0.014],"_humanoidState":5,"_cameraCFrame":[756.071,246.738,42.846,-0.017,-0.969,0.248,0,0.248,0.969,-1,0.016,-0.004],"_shiftlockState":false,"_pose":"FreeFall","_animationQueue":[],"_animationSpeed":1,"_zoom":16.125},{"_mousePosition":[590,365],"_rootPartCFrame":[751.808,229.839,42.917,-0.014,0,1,0,1,0,-1,0,-0.014],"_humanoidState":5,"_cameraCFrame":[755.804,246.961,42.85,-0.017,-0.969,0.248,0,0.248,0.969,-1,0.016,-0.004],"_shiftlockState":false,"_pose":"FreeFall","_animationQueue":[],"_animationSpeed":1,"_zoom":16.125},{"_mousePosition":[618,368],"_rootPartCFrame":[751.541,230.007,42.921,-0.014,0,1,0,1,0,-1,0,-0.014],"_humanoidState":5,"_cameraCFrame":[755.538,247.129,42.855,-0.017,-0.969,0.248,0,0.248,0.969,-1,0.016,-0.004],"_shiftlockState":false,"_pose":"FreeFall","_animationQueue":[],"_animationSpeed":1,"_zoom":16.125},{"_mousePosition":[639,372],"_rootPartCFrame":[751.275,230.121,42.926,-0.015,0,1,0,1,0,-1,0,-0.015],"_humanoidState":5,"_cameraCFrame":[755.271,247.242,42.859,-0.017,-0.969,0.248,0,0.248,0.969,-1,0.016,-0.004],"_shiftlockState":false,"_pose":"FreeFall","_animationQueue":[],"_animationSpeed":1,"_zoom":16.125},{"_mousePosition":[656,377],"_rootPartCFrame":[751.008,230.18,42.93,-0.015,0,1,0,1,0,-1,0,-0.015],"_humanoidState":5,"_cameraCFrame":[755.005,247.301,42.864,-0.017,-0.969,0.248,0,0.248,0.969,-1,0.016,-0.004],"_shiftlockState":false,"_pose":"FreeFall","_animationQueue":[],"_animationSpeed":1,"_zoom":16.125},{"_mousePosition":[670,380],"_rootPartCFrame":[750.741,230.184,42.935,-0.015,0,1,0,1,0,-1,0,-0.015],"_humanoidState":5,"_cameraCFrame":[754.738,247.306,42.868,-0.017,-0.969,0.248,0,0.248,0.969,-1,0.016,-0.004],"_shiftlockState":false,"_pose":"FreeFall","_animationQueue":[],"_animationSpeed":1,"_zoom":16.125},{"_mousePosition":[678,382],"_rootPartCFrame":[750.475,230.134,42.939,-0.015,0,1,0,1,0,-1,0,-0.015],"_humanoidState":5,"_cameraCFrame":[754.471,247.256,42.872,-0.017,-0.969,0.248,0,0.248,0.969,-1,0.016,-0.004],"_shiftlockState":false,"_pose":"FreeFall","_animationQueue":[],"_animationSpeed":1,"_zoom":16.125},{"_mousePosition":[683,384],"_rootPartCFrame":[750.208,230.03,42.943,-0.016,0,1,0,1,0,-1,0,-0.016],"_humanoidState":5,"_cameraCFrame":[754.205,247.152,42.877,-0.017,-0.969,0.248,0,0.248,0.969,-1,0.016,-0.004],"_shiftlockState":false,"_pose":"FreeFall","_animationQueue":[["fall",0.3]],"_animationSpeed":1,"_zoom":16.125},{"_mousePosition":[685,386],"_rootPartCFrame":[749.942,229.871,42.948,-0.016,0,1,0,1,0,-1,0,-0.016],"_humanoidState":5,"_cameraCFrame":[753.938,246.993,42.881,-0.017,-0.969,0.248,0,0.248,0.969,-1,0.016,-0.004],"_shiftlockState":false,"_pose":"FreeFall","_animationQueue":[],"_animationSpeed":1,"_zoom":16.125},{"_mousePosition":[685,386],"_rootPartCFrame":[749.675,229.658,42.952,-0.016,0,1,0,1,0,-1,0,-0.016],"_humanoidState":5,"_cameraCFrame":[753.641,246.787,42.886,-0.017,-0.969,0.246,0,0.246,0.969,-1,0.016,-0.004],"_shiftlockState":false,"_pose":"FreeFall","_animationQueue":[],"_animationSpeed":1,"_zoom":16.125},{"_mousePosition":[685,386],"_rootPartCFrame":[749.408,229.39,42.957,-0.016,0,1,0,1,0,-1,0,-0.016],"_humanoidState":5,"_cameraCFrame":[753.344,246.527,42.891,-0.017,-0.97,0.244,0,0.244,0.97,-1,0.016,-0.004],"_shiftlockState":false,"_pose":"FreeFall","_animationQueue":[],"_animationSpeed":1,"_zoom":16.125},{"_mousePosition":[685,386],"_rootPartCFrame":[749.142,229.067,42.961,-0.016,0,1,0,1,0,-1,0,-0.016],"_humanoidState":5,"_cameraCFrame":[753.047,246.212,42.896,-0.017,-0.97,0.242,0,0.242,0.97,-1,0.016,-0.004],"_shiftlockState":false,"_pose":"FreeFall","_animationQueue":[],"_animationSpeed":1,"_zoom":16.125},{"_mousePosition":[685,386],"_rootPartCFrame":[748.875,228.69,42.966,-0.016,0,1,0,1,0,-1,0,-0.016],"_humanoidState":5,"_cameraCFrame":[752.75,245.842,42.901,-0.017,-0.971,0.24,0,0.24,0.971,-1,0.016,-0.004],"_shiftlockState":false,"_pose":"FreeFall","_animationQueue":[],"_animationSpeed":1,"_zoom":16.125},{"_mousePosition":[685,386],"_rootPartCFrame":[748.609,228.259,42.97,-0.016,0,1,0,1,0,-1,0,-0.016],"_humanoidState":5,"_cameraCFrame":[752.392,245.433,42.898,-0.019,-0.972,0.235,0,0.235,0.972,-1,0.019,-0.004],"_shiftlockState":false,"_pose":"FreeFall","_animationQueue":[],"_animationSpeed":1,"_zoom":16.125},{"_mousePosition":[685,386],"_rootPartCFrame":[748.275,227.643,42.976,-0.016,0,1,0,1,0,-1,0,-0.016],"_humanoidState":5,"_cameraCFrame":[751.996,244.832,42.867,-0.029,-0.973,0.231,0,0.231,0.973,-1,0.028,-0.007],"_shiftlockState":false,"_pose":"FreeFall","_animationQueue":[["fall",0.3]],"_animationSpeed":1,"_zoom":16.125},{"_mousePosition":[685,386],"_rootPartCFrame":[748.075,227.232,42.979,-0.016,0,1,0,1,0,-1,0,-0.016],"_humanoidState":5,"_cameraCFrame":[751.703,244.443,42.818,-0.044,-0.973,0.225,0,0.225,0.974,-0.999,0.043,-0.01],"_shiftlockState":false,"_pose":"FreeFall","_animationQueue":[],"_animationSpeed":1,"_zoom":16.125},{"_mousePosition":[685,386],"_rootPartCFrame":[747.809,226.637,42.987,-0.018,0,1,0,1,0,-1,0,-0.018],"_humanoidState":5,"_cameraCFrame":[751.341,243.869,42.776,-0.06,-0.974,0.219,0,0.219,0.976,-0.998,0.058,-0.013],"_shiftlockState":false,"_pose":"FreeFall","_animationQueue":[],"_animationSpeed":1,"_zoom":16.125},{"_mousePosition":[685,386],"_rootPartCFrame":[747.542,225.988,42.998,-0.021,0,1,0,1,0,-1,0,-0.021],"_humanoidState":5,"_cameraCFrame":[751.01,243.233,42.738,-0.075,-0.974,0.215,0,0.216,0.976,-0.997,0.073,-0.016],"_shiftlockState":false,"_pose":"FreeFall","_animationQueue":[],"_animationSpeed":1,"_zoom":16.125},{"_mousePosition":[685,386],"_rootPartCFrame":[747.276,225.284,43.013,-0.025,0,1,0,1,0,-1,0,-0.025],"_humanoidState":5,"_cameraCFrame":[750.679,242.543,42.715,-0.087,-0.974,0.211,0,0.212,0.977,-0.996,0.085,-0.019],"_shiftlockState":false,"_pose":"FreeFall","_animationQueue":[],"_animationSpeed":1,"_zoom":16.125},{"_mousePosition":[685,386],"_rootPartCFrame":[747.01,224.525,43.033,-0.031,0,1,0,1,0,-1,0,-0.031],"_humanoidState":7,"_cameraCFrame":[750.349,241.797,42.706,-0.097,-0.973,0.207,0,0.208,0.978,-0.995,0.095,-0.02],"_shiftlockState":false,"_pose":"FreeFall","_animationQueue":[["walk",0.1],["fall",0.3],["fall",0.3]],"_animationSpeed":1,"_zoom":16.125},{"_mousePosition":[685,386],"_rootPartCFrame":[746.745,224.385,43.055,-0.039,0,0.999,0,1,0,-0.999,0,-0.039],"_humanoidState":7,"_cameraCFrame":[750.081,241.657,42.703,-0.105,-0.973,0.207,0,0.208,0.978,-0.994,0.103,-0.022],"_shiftlockState":false,"_pose":"FreeFall","_animationQueue":[],"_animationSpeed":1,"_zoom":16.125},{"_mousePosition":[685,386],"_rootPartCFrame":[746.413,224.501,43.088,-0.048,0,0.999,0,1,0,-0.999,0,-0.048],"_humanoidState":8,"_cameraCFrame":[749.717,241.779,42.722,-0.11,-0.973,0.205,0,0.206,0.979,-0.994,0.108,-0.023],"_shiftlockState":false,"_pose":"Running","_animationQueue":[["fall",0.3],["walk",0.1],["fall",0.3],["walk",0.1]],"_animationSpeed":1.103,"_zoom":16.125},{"_mousePosition":[685,386],"_rootPartCFrame":[746.148,224.563,43.115,-0.056,0,0.998,0,1,0,-0.998,0,-0.056],"_humanoidState":8,"_cameraCFrame":[749.45,241.841,42.733,-0.115,-0.972,0.205,0,0.206,0.979,-0.993,0.113,-0.024],"_shiftlockState":false,"_pose":"Running","_animationQueue":[],"_animationSpeed":1.103,"_zoom":16.125},{"_mousePosition":[685,386],"_rootPartCFrame":[745.883,224.608,43.145,-0.063,0,0.998,0,1,0,-0.998,0,-0.063],"_humanoidState":8,"_cameraCFrame":[749.152,241.893,42.749,-0.12,-0.972,0.203,0,0.204,0.979,-0.993,0.118,-0.025],"_shiftlockState":false,"_pose":"Running","_animationQueue":[],"_animationSpeed":1.103,"_zoom":16.125},{"_mousePosition":[685,386],"_rootPartCFrame":[745.618,224.617,43.175,-0.07,0,0.998,0,1,0,-0.998,0,-0.07],"_humanoidState":8,"_cameraCFrame":[748.886,241.902,42.771,-0.123,-0.972,0.203,0,0.204,0.979,-0.992,0.12,-0.025],"_shiftlockState":false,"_pose":"Running","_animationQueue":[],"_animationSpeed":1.103,"_zoom":16.125},{"_mousePosition":[685,386],"_rootPartCFrame":[745.287,225.701,43.214,-0.079,0,0.997,0,1,0,-0.997,0,-0.079],"_humanoidState":3,"_cameraCFrame":[748.555,242.986,42.81,-0.123,-0.972,0.203,0,0.204,0.979,-0.992,0.12,-0.025],"_shiftlockState":false,"_pose":"Jumping","_animationQueue":[["walk",0.1],["jump",0.1]],"_animationSpeed":1,"_zoom":16.125},{"_mousePosition":[685,386],"_rootPartCFrame":[745.088,226.313,43.238,-0.083,0,0.997,0,1,0,-0.997,0,-0.083],"_humanoidState":5,"_cameraCFrame":[748.357,243.598,42.834,-0.123,-0.972,0.203,0,0.204,0.979,-0.992,0.12,-0.025],"_shiftlockState":false,"_pose":"FreeFall","_animationQueue":[["jump",0.1]],"_animationSpeed":1,"_zoom":16.125},{"_mousePosition":[685,386],"_rootPartCFrame":[744.824,227.08,43.27,-0.089,0,0.996,0,1,0,-0.996,0,-0.089],"_humanoidState":5,"_cameraCFrame":[748.092,244.365,42.867,-0.123,-0.972,0.203,0,0.204,0.979,-0.992,0.12,-0.025],"_shiftlockState":false,"_pose":"FreeFall","_animationQueue":[],"_animationSpeed":1,"_zoom":16.125},{"_mousePosition":[685,386],"_rootPartCFrame":[744.559,227.793,43.303,-0.094,0,0.996,0,1,0,-0.996,0,-0.094],"_humanoidState":5,"_cameraCFrame":[747.827,245.078,42.899,-0.123,-0.972,0.203,0,0.204,0.979,-0.992,0.12,-0.025],"_shiftlockState":false,"_pose":"FreeFall","_animationQueue":[],"_animationSpeed":1,"_zoom":16.125},{"_mousePosition":[685,386],"_rootPartCFrame":[744.294,228.452,43.336,-0.098,0,0.995,0,1,0,-0.995,0,-0.098],"_humanoidState":5,"_cameraCFrame":[747.563,245.737,42.932,-0.123,-0.972,0.203,0,0.204,0.979,-0.992,0.12,-0.025],"_shiftlockState":false,"_pose":"FreeFall","_animationQueue":[],"_animationSpeed":1,"_zoom":16.125},{"_mousePosition":[685,386],"_rootPartCFrame":[744.03,229.056,43.369,-0.101,0,0.995,0,1,0,-0.995,0,-0.101],"_humanoidState":5,"_cameraCFrame":[747.299,246.341,42.973,-0.12,-0.972,0.203,0,0.204,0.979,-0.993,0.118,-0.025],"_shiftlockState":false,"_pose":"FreeFall","_animationQueue":[],"_animationSpeed":1,"_zoom":16.125},{"_mousePosition":[685,386],"_rootPartCFrame":[743.765,229.605,43.401,-0.104,0,0.995,0,1,0,-0.995,0,-0.104],"_humanoidState":5,"_cameraCFrame":[747.036,246.89,43.022,-0.115,-0.972,0.203,0,0.204,0.979,-0.993,0.113,-0.024],"_shiftlockState":false,"_pose":"FreeFall","_animationQueue":[],"_animationSpeed":1,"_zoom":16.125},{"_mousePosition":[685,386],"_rootPartCFrame":[743.5,230.1,43.433,-0.107,0,0.994,0,1,0,-0.994,0,-0.107],"_humanoidState":5,"_cameraCFrame":[746.804,247.379,43.068,-0.11,-0.973,0.205,0,0.206,0.979,-0.994,0.108,-0.023],"_shiftlockState":false,"_pose":"FreeFall","_animationQueue":[],"_animationSpeed":1,"_zoom":16.125},{"_mousePosition":[685,386],"_rootPartCFrame":[743.235,230.541,43.464,-0.108,0,0.994,0,1,0,-0.994,0,-0.108],"_humanoidState":5,"_cameraCFrame":[746.541,247.819,43.115,-0.105,-0.973,0.205,0,0.206,0.979,-