[{"_mousePosition":[1218,368],"_rootPartCFrame":[776.024,222.973,47.142,0.004,0.004,1,0,1,-0.004,-1,0,0.004],"_humanoidState":8,"_cameraCFrame":[786.78,238.02,46.859,-0.026,-0.783,0.622,0,0.622,0.783,-1,0.021,-0.016],"_shiftlockState":false,"_pose":"Standing","_animationQueue":[],"_animationSpeed":1,"_zoom":17.296},{"_mousePosition":[1189,365],"_rootPartCFrame":[776.023,222.694,47.142,0.004,0,1,0,1,0,-1,0,0.004],"_humanoidState":8,"_cameraCFrame":[786.773,237.74,46.859,-0.026,-0.783,0.622,0,0.622,0.783,-1,0.021,-0.016],"_shiftlockState":false,"_pose":"Standing","_animationQueue":[],"_animationSpeed":1,"_zoom":17.296},{"_mousePosition":[1160,361],"_rootPartCFrame":[776.023,222.658,47.142,0.004,0,1,0,1,0,-1,0,0.004],"_humanoidState":8,"_cameraCFrame":[786.773,237.705,46.859,-0.026,-0.783,0.622,0,0.622,0.783,-1,0.021,-0.016],"_shiftlockState":false,"_pose":"Standing","_animationQueue":[],"_animationSpeed":1,"_zoom":17.296},{"_mousePosition":[1160,361],"_rootPartCFrame":[776.023,222.654,47.142,0.004,0,1,0,1,0,-1,0,0.004],"_humanoidState":8,"_cameraCFrame":[786.773,237.701,46.859,-0.026,-0.783,0.622,0,0.622,0.783,-1,0.021,-0.016],"_shiftlockState":false,"_pose":"Standing","_animationQueue":[],"_animationSpeed":1,"_zoom":17.296},{"_mousePosition":[1022,329],"_rootPartCFrame":[776.023,222.668,47.142,0.004,0,1,0,1,0,-1,0,0.004],"_humanoidState":8,"_cameraCFrame":[786.774,237.715,46.859,-0.026,-0.783,0.622,0,0.622,0.783,-1,0.021,-0.016],"_shiftlockState":false,"_pose":"Standing","_animationQueue":[],"_animationSpeed":1,"_zoom":17.296},{"_mousePosition":[945,311],"_rootPartCFrame":[775.862,222.682,47.147,0.001,0,1,0,1,0,-1,0,0.001],"_humanoidState":8,"_cameraCFrame":[786.612,237.728,46.863,-0.026,-0.783,0.622,0,0.622,0.783,-1,0.021,-0.016],"_shiftlockState":false,"_pose":"Standing","_animationQueue":[],"_animationSpeed":1,"_zoom":17.296},{"_mousePosition":[878,298],"_rootPartCFrame":[775.599,222.69,47.154,-0.003,0,1,0,1,0,-1,0,-0.003],"_humanoidState":8,"_cameraCFrame":[786.349,237.736,46.87,-0.026,-0.783,0.622,0,0.622,0.783,-1,0.021,-0.016],"_shiftlockState":false,"_pose":"Running","_animationQueue":[["walk",0.1]],"_animationSpeed":1.003,"_zoom":17.296},{"_mousePosition":[868,296],"_rootPartCFrame":[775.332,222.694,47.161,-0.006,0,1,0,1,0,-1,0,-0.006],"_humanoidState":8,"_cameraCFrame":[786.083,237.741,46.877,-0.026,-0.783,0.622,0,0.622,0.783,-1,0.021,-0.016],"_shiftlockState":false,"_pose":"Running","_animationQueue":[["walk",0.1]],"_animationSpeed":1.101,"_zoom":17.296},{"_mousePosition":[798,282],"_rootPartCFrame":[775.066,222.697,47.168,-0.009,0,1,0,1,0,-1,0,-0.009],"_humanoidState":8,"_cameraCFrame":[785.816,237.743,46.884,-0.026,-0.783,0.622,0,0.622,0.783,-1,0.021,-0.016],"_shiftlockState":false,"_pose":"Running","_animationQueue":[["walk",0.1]],"_animationSpeed":1.101,"_zoom":17.296},{"_mousePosition":[781,278],"_rootPartCFrame":[774.799,222.698,47.175,-0.011,0,1,0,1,0,-1,0,-0.011],"_humanoidState":8,"_cameraCFrame":[785.549,237.744,46.891,-0.026,-0.783,0.622,0,0.622,0.783,-1,0.021,-0.016],"_shiftlockState":false,"_pose":"Running","_animationQueue":[],"_animationSpeed":1.101,"_zoom":17.296},{"_mousePosition":[779,278],"_rootPartCFrame":[774.532,222.699,47.182,-0.013,0,1,0,1,0,-1,0,-0.013],"_humanoidState":8,"_cameraCFrame":[785.283,237.745,46.898,-0.026,-0.783,0.622,0,0.622,0.783,-1,0.021,-0.016],"_shiftlockState":false,"_pose":"Running","_animationQueue":[],"_animationSpeed":1.101,"_zoom":17.296},{"_mousePosition":[779,278],"_rootPartCFrame":[774.266,222.699,47.189,-0.015,0,1,0,1,0,-1,0,-0.015],"_humanoidState":8,"_cameraCFrame":[785.016,237.746,46.905,-0.026,-0.783,0.622,0,0.622,0.783,-1,0.021,-0.016],"_shiftlockState":false,"_pose":"Running","_animationQueue":[],"_animationSpeed":1.101,"_zoom":17.296},{"_mousePosition":[779,278],"_rootPartCFrame":[773.999,222.699,47.196,-0.017,0,1,0,1,0,-1,0,-0.017],"_humanoidState":8,"_cameraCFrame":[784.75,237.746,46.912,-0.026,-0.783,0.622,0,0.622,0.783,-1,0.021,-0.016],"_shiftlockState":false,"_pose":"Running","_animationQueue":[],"_animationSpeed":1.101,"_zoom":17.296},{"_mousePosition":[779,278],"_rootPartCFrame":[773.799,222.699,47.201,-0.018,0,1,0,1,0,-1,0,-0.018],"_humanoidState":8,"_cameraCFrame":[784.55,237.746,46.918,-0.026,-0.783,0.622,0,0.622,0.783,-1,0.021,-0.016],"_shiftlockState":false,"_pose":"Running","_animationQueue":[],"_animationSpeed":1.101,"_zoom":17.296},{"_mousePosition":[779,278],"_rootPartCFrame":[773.466,222.7,47.21,-0.019,0,1,0,1,0,-1,0,-0.019],"_humanoidState":8,"_cameraCFrame":[784.216,237.746,46.927,-0.026,-0.783,0.622,0,0.622,0.783,-1,0.021,-0.016],"_shiftlockState":false,"_pose":"Running","_animationQueue":[],"_animationSpeed":1.101,"_zoom":17.296},{"_mousePosition":[779,278],"_rootPartCFrame":[773.199,222.7,47.217,-0.02,0,1,0,1,0,-1,0,-0.02],"_humanoidState":8,"_cameraCFrame":[783.95,237.746,46.934,-0.026,-0.783,0.622,0,0.622,0.783,-1,0.021,-0.016],"_shiftlockState":false,"_pose":"Running","_animationQueue":[["walk",0.1]],"_animationSpeed":1.101,"_zoom":17.296},{"_mousePosition":[779,278],"_rootPartCFrame":[772.933,222.7,47.224,-0.021,0,1,0,1,0,-1,0,-0.021],"_humanoidState":8,"_cameraCFrame":[783.683,237.746,46.941,-0.026,-0.783,0.622,0,0.622,0.783,-1,0.021,-0.016],"_shiftlockState":false,"_pose":"Running","_animationQueue":[],"_animationSpeed":1.101,"_zoom":17.296},{"_mousePosition":[779,278],"_rootPartCFrame":[772.666,222.7,47.231,-0.022,0,1,0,1,0,-1,0,-0.022],"_humanoidState":8,"_cameraCFrame":[783.406,237.755,46.948,-0.026,-0.783,0.621,0,0.621,0.784,-1,0.021,-0.016],"_shiftlockState":false,"_pose":"Running","_animationQueue":[],"_animationSpeed":1.101,"_zoom":17.296},{"_mousePosition":[779,278],"_rootPartCFrame":[772.4,222.7,47.238,-0.022,0,1,0,1,0,-1,0,-0.022],"_humanoidState":8,"_cameraCFrame":[783.063,237.815,46.979,-0.024,-0.787,0.617,0,0.617,0.787,-1,0.019,-0.015],"_shiftlockState":false,"_pose":"Running","_animationQueue":[],"_animationSpeed":1.101,"_zoom":17.296},{"_mousePosition":[779,278],"_rootPartCFrame":[772.133,222.7,47.245,-0.023,0,1,0,1,0,-1,0,-0.023],"_humanoidState":8,"_cameraCFrame":[782.632,237.943,47.034,-0.02,-0.794,0.607,0,0.607,0.795,-1,0.016,-0.012],"_shiftlockState":false,"_pose":"Running","_animationQueue":[],"_animationSpeed":1.101,"_zoom":17.296},{"_mousePosition":[779,278],"_rootPartCFrame":[771.866,222.7,47.251,-0.023,0,1,0,1,0,-1,0,-0.023],"_humanoidState":8,"_cameraCFrame":[782.21,238.061,47.066,-0.018,-0.801,0.598,0,0.598,0.801,-1,0.014,-0.011],"_shiftlockState":false,"_pose":"Running","_animationQueue":[],"_animationSpeed":1.101,"_zoom":17.296},{"_mousePosition":[779,278],"_rootPartCFrame":[771.6,222.7,47.257,-0.023,0,1,0,1,0,-1,0,-0.023],"_humanoidState":8,"_cameraCFrame":[781.764,238.193,47.074,-0.018,-0.809,0.588,0,0.588,0.809,-1,0.015,-0.011],"_shiftlockState":false,"_pose":"Running","_animationQueue":[],"_animationSpeed":1.101,"_zoom":17.296},{"_mousePosition":[779,278],"_rootPartCFrame":[771.333,223.573,47.262,-0.022,0,1,0,1,0,-1,0,-0.022],"_humanoidState":3,"_cameraCFrame":[781.395,239.14,47.081,-0.018,-0.813,0.582,0,0.582,0.813,-1,0.015,-0.01],"_shiftlockState":false,"_pose":"Jumping","_animationQueue":[["walk",0.1],["walk",0.1],["jump",0.1]],"_animationSpeed":1,"_zoom":17.296},{"_mousePosition":[779,278],"_rootPartCFrame":[771.133,224.194,47.266,-0.022,0,1,0,1,0,-1,0,-0.022],"_humanoidState":5,"_cameraCFrame":[781.104,239.826,47.087,-0.018,-0.817,0.576,0,0.577,0.817,-1,0.015,-0.01],"_shiftlockState":false,"_pose":"FreeFall","_animationQueue":[["jump",0.1]],"_animationSpeed":1,"_zoom":17.296},{"_mousePosition":[779,278],"_rootPartCFrame":[770.8,225.162,47.272,-0.021,0,1,0,1,0,-1,0,-0.021],"_humanoidState":5,"_cameraCFrame":[780.702,240.842,47.073,-0.02,-0.82,0.573,0,0.573,0.82,-1,0.016,-0.011],"_shiftlockState":false,"_pose":"FreeFall","_animationQueue":[],"_animationSpeed":1,"_zoom":17.296},{"_mousePosition":[779,278],"_rootPartCFrame":[770.533,225.875,47.277,-0.021,0,1,0,1,0,-1,0,-0.021],"_humanoidState":5,"_cameraCFrame":[780.33,241.626,46.967,-0.032,-0.824,0.566,0,0.567,0.824,-1,0.026,-0.018],"_shiftlockState":false,"_pose":"FreeFall","_animationQueue":[],"_animationSpeed":1,"_zoom":17.296},{"_mousePosition":[779,278],"_rootPartCFrame":[770.267,226.534,47.282,-0.021,0,1,0,1,0,-1,0,-0.021],"_humanoidState":5,"_cameraCFrame":[779.956,242.356,46.874,-0.042,-0.827,0.56,0,0.561,0.828,-0.999,0.035,-0.024],"_shiftlockState":false,"_pose":"FreeFall","_animationQueue":[],"_animationSpeed":1,"_zoom":17.296},{"_mousePosition":[779,278],"_rootPartCFrame":[770.067,226.992,47.288,-0.021,0,1,0,1,0,-1,0,-0.021],"_humanoidState":5,"_cameraCFrame":[779.62,242.845,45.064,-0.049,-0.829,0.557,0,0.558,0.83,-0.999,0.041,-0.028],"_shiftlockState":true,"_pose":"FreeFall","_animationQueue":[],"_animationSpeed":1,"_zoom":17.296},{"_mousePosition":[683,384],"_rootPartCFrame":[769.734,227.687,47.301,-0.049,0,0.999,0,1,0,-0.999,0,-0.049],"_humanoidState":5,"_cameraCFrame":[779.287,243.54,45.077,-0.049,-0.829,0.557,0,0.558,0.83,-0.999,0.041,-0.028],"_shiftlockState":true,"_pose":"FreeFall","_animationQueue":[],"_animationSpeed":1,"_zoom":17.296},{"_mousePosition":[683,384],"_rootPartCFrame":[769.476,228.182,47.289,0.023,0,1,0,1,0,-1,0,0.023],"_humanoidState":5,"_cameraCFrame":[779.029,244.035,45.065,-0.049,-0.829,0.557,0,0.558,0.83,-0.999,0.041,-0.028],"_shiftlockState":true,"_pose":"FreeFall","_animationQueue":[],"_animationSpeed":1,"_zoom":17.296},{"_mousePosition":[683,384],"_rootPartCFrame":[769.291,228.518,47.255,0.026,0,1,0,1,0,-1,0,0.026],"_humanoidState":5,"_cameraCFrame":[778.844,244.371,45.031,-0.049,-0.829,0.557,0,0.558,0.83,-0.999,0.041,-0.028],"_shiftlockState":true,"_pose":"FreeFall","_animationQueue":[],"_animationSpeed":1,"_zoom":17.296},{"_mousePosition":[683,384],"_rootPartCFrame":[769.057,228.918,47.178,0.055,0,0.999,0,1,0,-0.999,0,0.055],"_humanoidState":5,"_cameraCFrame":[778.61,244.771,44.954,-0.049,-0.829,0.557,0,0.558,0.83,-0.999,0.041,-0.028],"_shiftlockState":true,"_pose":"FreeFall","_animationQueue":[],"_animationSpeed":1,"_zoom":17.296},{"_mousePosition":[683,384],"_rootPartCFrame":[768.783,229.34,47.028,0.081,0,0.997,0,1,0,-0.997,0,0.081],"_humanoidState":5,"_cameraCFrame":[778.336,245.193,44.804,-0.049,-0.829,0.557,0,0.558,0.83,-0.999,0.041,-0.028],"_shiftlockState":true,"_pose":"FreeFall","_animationQueue":[],"_animationSpeed":1,"_zoom":17.296},{"_mousePosition":[683,384],"_rootPartCFrame":[768.629,229.553,46.911,0.029,0,1,0,1,0,-1,0,0.029],"_humanoidState":5,"_cameraCFrame":[778.182,245.406,44.687,-0.049,-0.829,0.557,0,0.558,0.83,-0.999,0.041,-0.028],"_shiftlockState":true,"_pose":"FreeFall","_animationQueue":[],"_animationSpeed":1,"_zoom":17.296},{"_mousePosition":[683,384],"_rootPartCFrame":[768.431,229.789,46.734,0.055,0,0.998,0,1,0,-0.998,0,0.055],"_humanoidState":5,"_cameraCFrame":[777.984,245.642,44.51,-0.049,-0.829,0.557,0,0.558,0.83,-0.999,0.041,-0.028],"_shiftlockState":true,"_pose":"FreeFall","_animationQueue":[],"_animationSpeed":1,"_zoom":17.296},{"_mousePosition":[683,384],"_rootPartCFrame":[768.233,229.971,46.555,0.055,0,0.998,0,1,0,-0.998,0,0.055],"_humanoidState":5,"_cameraCFrame":[777.786,245.824,44.331,-0.049,-0.829,0.557,0,0.558,0.83,-0.999,0.041,-0.028],"_shiftlockState":true,"_pose":"FreeFall","_animationQueue":[],"_animationSpeed":1,"_zoom":17.296},{"_mousePosition":[683,384],"_rootPartCFrame":[768.035,230.098,46.376,0.055,0,0.998,0,1,0,-0.998,0,0.055],"_humanoidState":5,"_cameraCFrame":[777.588,245.951,44.151,-0.049,-0.829,0.557,0,0.558,0.83,-0.999,0.041,-0.028],"_shiftlockState":true,"_pose":"FreeFall","_animationQueue":[],"_animationSpeed":1,"_zoom":17.296},{"_mousePosition":[683,384],"_rootPartCFrame":[767.837,230.171,46.197,0.055,0,0.998,0,1,0,-0.998,0,0.055],"_humanoidState":5,"_cameraCFrame":[777.39,246.024,43.972,-0.049,-0.829,0.557,0,0.558,0.83,-0.999,0.041,-0.028],"_shiftlockState":true,"_pose":"FreeFall","_animationQueue":[],"_animationSpeed":1,"_zoom":17.296},{"_mousePosition":[683,384],"_rootPartCFrame":[767.64,230.189,46.018,0.055,0,0.998,0,1,0,-0.998,0,0.055],"_humanoidState":5,"_cameraCFrame":[777.193,246.042,43.793,-0.049,-0.829,0.557,0,0.558,0.83,-0.999,0.041,-0.028],"_shiftlockState":true,"_pose":"FreeFall","_animationQueue":[],"_animationSpeed":1,"_zoom":17.296},{"_mousePosition":[683,384],"_rootPartCFrame":[767.442,230.153,45.839,0.055,0,0.998,0,1,0,-0.998,0,0.055],"_humanoidState":5,"_cameraCFrame":[776.995,246.006,43.614,-0.049,-0.829,0.557,0,0.558,0.83,-0.999,0.041,-0.028],"_shiftlockState":true,"_pose":"FreeFall","_animationQueue":[],"_animationSpeed":1,"_zoom":17.296},{"_mousePosition":[683,384],"_rootPartCFrame":[767.244,230.062,45.66,0.055,0,0.998,0,1,0,-0.998,0,0.055],"_humanoidState":5,"_cameraCFrame":[776.797,245.915,43.435,-0.049,-0.829,0.557,0,0.558,0.83,-0.999,0.041,-0.028],"_shiftlockState":true,"_pose":"FreeFall","_animationQueue":[],"_animationSpeed":1,"_zoom":17.296},{"_mousePosition":[683,384],"_rootPartCFrame":[767.046,229.917,45.48,0.055,0,0.998,0,1,0,-0.998,0,0.055],"_humanoidState":5,"_cameraCFrame":[776.599,245.77,43.256,-0.049,-0.829,0.557,0,0.558,0.83,-0.999,0.041,-0.028],"_shiftlockState":true,"_pose":"FreeFall","_animationQueue":[],"_animationSpeed":1,"_zoom":17.296},{"_mousePosition":[683,384],"_rootPartCFrame":[766.849,229.717,45.301,0.055,0,0.998,0,1,0,-0.998,0,0.055],"_humanoidState":5,"_cameraCFrame":[776.401,245.57,43.077,-0.049,-0.829,0.557,0,0.558,0.83,-0.999,0.041,-0.028],"_shiftlockState":true,"_pose":"FreeFall","_animationQueue":[["fall",0.3]],"_animationSpeed":1,"_zoom":17.296},{"_mousePosition":[683,384],"_rootPartCFrame":[766.651,229.462,45.122,0.055,0,0.998,0,1,0,-0.998,0,0.055],"_humanoidState":5,"_cameraCFrame":[776.204,245.315,42.898,-0.049,-0.829,0.557,0,0.558,0.83,-0.999,0.041,-0.028],"_shiftlockState":true,"_pose":"FreeFall","_animationQueue":[],"_animationSpeed":1,"_zoom":17.296},{"_mousePosition":[683,384],"_rootPartCFrame":[766.453,229.153,44.943,0.055,0,0.998,0,1,0,-0.998,0,0.055],"_humanoidState":5,"_cameraCFrame":[776.041,244.991,42.768,-0.044,-0.828,0.559,0,0.559,0.829,-0.999,0.037,-0.025],"_shiftlockState":true,"_pose":"FreeFall","_animationQueue":[],"_animationSpeed":1,"_zoom":17.296},{"_mousePosition":[683,384],"_rootPartCFrame":[766.206,228.691,44.72,0.086,0,0.996,0,1,0,-0.996,0,0.086],"_humanoidState":5,"_cameraCFrame":[775.927,244.442,42.569,-0.041,-0.823,0.566,0,0.567,0.824,-0.999,0.034,-0.023],"_shiftlockState":true,"_pose":"FreeFall","_animationQueue":[],"_animationSpeed":1,"_zoom":17.296},{"_mousePosition":[683,384],"_rootPartCFrame":[766.009,228.259,44.54,0.063,0,0.998,0,1,0,-0.998,0,0.063],"_humanoidState":5,"_cameraCFrame":[775.942,243.875,42.465,-0.033,-0.816,0.578,0,0.578,0.816,-0.999,0.027,-0.019],"_shiftlockState":true,"_pose":"FreeFall","_animationQueue":[],"_animationSpeed":1,"_zoom":17.296},{"_mousePosition":[683,384],"_rootPartCFrame":[765.862,227.9,44.404,0.045,0,0.999,0,1,0,-0.999,0,0.045],"_humanoidState":5,"_cameraCFrame":[776.087,243.336,42.546,-0.011,-0.806,0.592,0,0.592,0.806,-1,0.009,-0.006],"_shiftlockState":true,"_pose":"FreeFall","_animationQueue":[],"_animationSpeed":1,"_zoom":17.296},{"_mousePosition":[683,384],"_rootPartCFrame":[765.618,227.233,44.177,0.117,0,0.993,0,1,0,-0.993,0,0.117],"_humanoidState":5,"_cameraCFrame":[776.198,242.425,42.503,0.007,-0.792,0.611,0,0.611,0.792,-1,-0.006,0.004],"_shiftlockState":true,"_pose":"FreeFall","_animationQueue":[["fall",0.3]],"_animationSpeed":1,"_zoom":17.296},{"_mousePosition":[683,384],"_rootPartCFrame":[765.427,226.638,43.991,0.109,0,0.994,0,1,0,-0.994,0,0.109],"_humanoidState":5,"_cameraCFrame":[776.409,241.527,42.457,0.02,-0.774,0.633,0,0.633,0.774,-1,-0.015,0.012],"_shiftlockState":true,"_pose":"FreeFall","_animationQueue":[],"_animationSpeed":1,"_zoom":17.296},{"_mousePosition":[683,384],"_rootPartCFrame":[765.193,225.817,43.754,0.148,0,0.989,0,1,0,-0.989,0,0.148],"_humanoidState":5,"_cameraCFrame":[776.541,240.41,42.334,0.029,-0.757,0.653,0,0.653,0.757,-1,-0.022,0.019],"_shiftlockState":true,"_pose":"FreeFall","_animationQueue":[],"_animationSpeed":1,"_zoom":17.296},{"_mousePosition":[683,384],"_rootPartCFrame":[765.054,225.284,43.61,0.106,0,0.994,0,1,0,-0.994,0,0.106],"_humanoidState":5,"_cameraCFrame":[776.787,239.544,42.287,0.036,-0.737,0.675,0,0.675,0.738,-0.999,-0.027,0.025],"_shiftlockState":true,"_pose":"FreeFall","_animationQueue":[],"_animationSpeed":1,"_zoom":17.296},{"_mousePosition":[683,384],"_rootPartCFrame":[764.87,224.526,43.416,0.14,0,0.99,0,1,0,-0.99,0,0.14],"_humanoidState":5,"_cameraCFrame":[776.908,238.509,42.193,0.044,-0.721,0.692,0,0.692,0.722,-0.999,-0.032,0.03],"_shiftlockState":true,"_pose":"FreeFall","_animationQueue":[],"_animationSpeed":1,"_zoom":17.296},{"_mousePosition":[683,384],"_rootPartCFrame":[764.689,223.713,43.221,0.147,0,0.989,0,1,0,-0.989,0,0.147],"_humanoidState":5,"_cameraCFrame":[776.893,237.54,42.081,0.05,-0.712,0.701,0,0.701,0.713,-0.999,-0.036,0.035],"_shiftlockState":true,"_pose":"FreeFall","_animationQueue":[],"_animationSpeed":1,"_zoom":17.296},{"_mousePosition":[683,384],"_rootPartCFrame":[764.508,222.845,43.025,0.153,0,0.988,0,1,0,-0.988,0,0.153],"_humanoidState":5,"_cameraCFrame":[776.735,236.653,41.911,0.052,-0.711,0.702,0,0.703,0.712,-0.999,-0.037,0.037],"_shiftlockState":true,"_pose":"FreeFall","_animationQueue":[],"_animationSpeed":1,"_zoom":17.296},{"_mousePosition":[683,384],"_rootPartCFrame":[764.374,222.449,42.877,0.078,0,0.997,0,1,0,-0.997,0,0.078],"_humanoidState":7,"_cameraCFrame":[776.603,236.256,41.789,0.054,-0.711,0.702,0,0.703,0.712,-0.999,-0.039,0.038],"_shiftlockState":true,"_pose":"FreeFall","_animationQueue":[["fall",0.3],["walk",0.1],["fall",0.3],["fall",0.3]],"_animationSpeed":1,"_zoom":17.296},{"_mousePosition":[683,384],"_rootPartCFrame":[764.076,222.499,42.785,0.059,0,0.998,0,1,0,-0.998,0,0.059],"_humanoidState":7,"_cameraCFrame":[776.305,236.307,41.698,0.054,-0.711,0.702,0,0.703,0.712,-0.999,-0.039,0.038],"_shiftlockState":true,"_pose":"FreeFall","_animationQueue":[],"_animationSpeed":1,"_zoom":17.296},{"_mousePosition":[683,384],"_rootPartCFrame":[763.877,222.564,42.774,0.055,0,0.999,0,1,0,-0.999,0,0.055],"_humanoidState":7,"_cameraCFrame":[776.088,236.391,41.71,0.056,-0.712,0.7,0,0.701,0.713,-0.998,-0.04,0.04],"_shiftlockState":true,"_pose":"FreeFall","_animationQueue":[],"_animationSpeed":1,"_zoom":17.296},{"_mousePosition":[683,384],"_rootPartCFrame":[763.544,222.634,42.756,0.056,0,0.998,0,1,0,-0.998,0,0.056],"_humanoidState":8,"_cameraCFrame":[775.72,236.5,41.741,0.061,-0.714,0.698,0,0.699,0.715,-0.998,-0.043,0.042],"_shiftlockState":true,"_pose":"Running","_animationQueue":[["walk",0.1],["fall",0.3],["walk",0.1]],"_animationSpeed":1.103,"_zoom":17.296},{"_mousePosition":[683,384],"_rootPartCFrame":[763.211,222.67,42.737,0.061,0,0.998,0,1,0,-0.998,0,0.061],"_humanoidState":8,"_cameraCFrame":[775.353,236.575,41.783,0.066,-0.716,0.695,0,0.697,0.717,-0.998,-0.047,0.046],"_shiftlockState":true,"_pose":"Running","_animationQueue":[],"_animationSpeed":1.103,"_zoom":17.296},{"_mousePosition":[683,384],"_rootPartCFrame":[763.012,222.681,42.725,0.066,0,0.998,0,1,0,-0.998,0,0.066],"_humanoidState":8,"_cameraCFrame":[775.119,236.625,41.845,0.072,-0.718,0.693,0,0.695,0.719,-0.997,-0.052,0.05],"_shiftlockState":true,"_pose":"Running","_animationQueue":[],"_animationSpeed":1.103,"_zoom":17.296},{"_mousePosition":[683,384],"_rootPartCFrame":[762.745,222.689,42.708,0.072,0,0.997,0,1,0,-0.997,0,0.072],"_humanoidState":8,"_cameraCFrame":[774.835,236.653,41.864,0.075,-0.719,0.691,0,0.693,0.721,-0.997,-0.054,0.052],"_shiftlockState":true,"_pose":"Running","_animationQueue":[["walk",0.1]],"_animationSpeed":1.103,"_zoom":17.296},{"_mousePosition":[683,384],"_rootPartCFrame":[762.413,222.695,42.684,0.075,0,0.997,0,1,0,-0.997,0,0.075],"_humanoidState":8,"_cameraCFrame":[774.485,236.678,41.877,0.078,-0.719,0.69,0,0.692,0.722,-0.997,-0.057,0.054],"_shiftlockState":true,"_pose":"Running","_animationQueue":[],"_animationSpeed":1.103,"_zoom":17.296},{"_mousePosition":[683,384],"_rootPartCFrame":[762.147,222.697,42.664,0.078,0,0.997,0,1,0,-0.997,0,0.078],"_humanoidState":8,"_cameraCFrame":[774.22,236.68,41.857,0.078,-0.719,0.69,0,0.692,0.722,-0.997,-0.057,0.054],"_shiftlockState":true,"_pose":"Running","_animationQueue":[],"_animationSpeed":1.103,"_zoom":17.296},{"_mousePosition":[683,384],"_rootPartCFrame":[761.948,222.698,42.648,0.078,0,0.997,0,1,0,-0.997,0,0.078],"_humanoidState":8,"_cameraCFrame":[774.011,236.69,41.853,0.079,-0.72,0.689,0,0.692,0.722,-0.997,-0.057,0.055],"_shiftlockState":true,"_pose":"Running","_animationQueue":[],"_animationSpeed":1.103,"_zoom":17.296},{"_mousePosition":[683,384],"_rootPartCFrame":[761.682,222.699,42.628,0.079,0,0.997,0,1,0,-0.997,0,0.079],"_humanoidState":8,"_cameraCFrame":[773.727,236.71,41.868,0.082,-0.721,0.688,0,0.69,0.723,-0.997,-0.06,0.057],"_shiftlockState":true,"_pose":"Running","_animationQueue":[],"_animationSpeed":1.103,"_zoom":17.296},{"_mousePosition":[683,384],"_rootPartCFrame":[761.35,222.699,42.601,0.082,0,0.997,0,1,0,-0.997,0,0.082],"_humanoidState":8,"_cameraCFrame":[773.367,236.74,41.877,0.086,-0.722,0.686,0,0.689,0.725,-0.996,-0.062,0.059],"_shiftlockState":true,"_pose":"Running","_animationQueue":[],"_animationSpeed":1.103,"_zoom":17.296},{"_mousePosition":[683,384],"_rootPartCFrame":[761.084,222.699,42.579,0.086,0,0.996,0,1,0,-0.996,0,0.086],"_humanoidState":8,"_cameraCFrame":[773.081,236.759,41.854,0.086,-0.723,0.685,0,0.688,0.726,-0.996,-0.062,0.059],"_shiftlockState":true,"_pose":"Running","_animationQueue":[["walk",0.1]],"_animationSpeed":1.103,"_zoom":17.296},{"_mousePosition":[683,384],"_rootPartCFrame":[760.884,222.7,42.562,0.086,0,0.996,0,1,0,-0.996,0,0.086],"_humanoidState":8,"_cameraCFrame":[772.791,236.845,41.829,0.086,-0.728,0.68,0,0.682,0.731,-0.996,-0.063,0.058],"_shiftlockState":true,"_pose":"Running","_animationQueue":[],"_animationSpeed":1.103,"_zoom":17.296},{"_mousePosition":[683,384],"_rootPartCFrame":[760.552,222.7,42.534,0.086,0,0.996,0,1,0,-0.996,0,0.086],"_humanoidState":8,"_cameraCFrame":[772.192,237.09,41.777,0.086,-0.743,0.664,0,0.667,0.745,-0.996,-0.064,0.057],"_shiftlockState":true,"_pose":"Running","_animationQueue":[],"_animationSpeed":1.103,"_zoom":17.296},{"_mousePosition":[683,384],"_rootPartCFrame":[760.287,222.7,42.511,0.086,0,0.996,0,1,0,-0.996,0,0.086],"_humanoidState":8,"_cameraCFrame":[771.601,237.374,41.715,0.085,-0.759,0.646,0,0.648,0.762,-0.996,-0.064,0.055],"_shiftlockState":true,"_pose":"Running","_animationQueue":[],"_animationSpeed":1.103,"_zoom":17.296},{"_mousePosition":[683,384],"_rootPartCFrame":[760.021,222.7,42.488,0.085,0,0.996,0,1,0,-0.996,0,0.085],"_humanoidState":8,"_cameraCFrame":[771.035,237.624,41.655,0.084,-0.773,0.628,0,0.631,0.776,-0.997,-0.065,0.053],"_shiftlockState":true,"_pose":"Running","_animationQueue":[],"_animationSpeed":1.103,"_zoom":17.296},{"_mousePosition":[683,384],"_rootPartCFrame":[759.756,222.7,42.465,0.084,0,0.997,0,1,0,-0.997,0,0.084],"_humanoidState":8,"_cameraCFrame":[770.554,237.798,41.626,0.085,-0.783,0.616,0,0.618,0.786,-0.996,-0.066,0.052],"_shiftlockState":true,"_pose":"Running","_animationQueue":[],"_animationSpeed":1.103,"_zoom":17.296},{"_mousePosition":[683,384],"_rootPartCFrame":[759.556,222.7,42.449,0.085,0,0.996,0,1,0,-0.996,0,0.085],"_humanoidState":8,"_cameraCFrame":[770.178,237.935,41.583,0.084,-0.791,0.606,0,0.608,0.794,-0.997,-0.066,0.051],"_shiftlockState":true,"_pose":"Running","_animationQueue":[],"_animationSpeed":1.103,"_zoom":17.296},{"_mousePosition":[683,384],"_rootPartCFrame":[759.224,222.7,42.421,0.084,0,0.997,0,1,0,-0.997,0,0.084],"_humanoidState":8,"_cameraCFrame":[769.711,238.036,41.522,0.081,-0.797,0.598,0,0.6,0.8,-0.997,-0.065,0.049],"_shiftlockState":true,"_pose":"Running","_animationQueue":[["walk",0.1]],"_animationSpeed":1.103,"_zoom":17.296},{"_mousePosition":[683,384],"_rootPartCFrame":[758.958,222.7,42.398,0.081,0,0.997,0,1,0,-0.997,0,0.081],"_humanoidState":8,"_cameraCFrame":[769.319,238.127,41.457,0.078,-0.803,0.591,0,0.593,0.805,-0.997,-0.063,0.046],"_shiftlockState":true,"_pose":"Running","_animationQueue":[],"_animationSpeed":1.103,"_zoom":17.296},{"_mousePosition":[683,384],"_rootPartCFrame":[758.693,222.7,42.376,0.078,0,0.997,0,1,0,-0.997,0,0.078],"_humanoidState":8,"_cameraCFrame":[768.939,238.209,41.405,0.076,-0.808,0.585,0,0.586,0.81,-0.997,-0.062,0.045],"_shiftlockState":true,"_pose":"Running","_animationQueue":[],"_animationSpeed":1.103,"_zoom":17.296},{"_mousePosition":[683,384],"_rootPartCFrame":[758.427,222.7,42.356,0.076,0,0.997,0,1,0,-0.997,0,0.076],"_humanoidState":8,"_cameraCFrame":[768.549,238.299,41.374,0.076,-0.813,0.578,0,0.579,0.815,-0.997,-0.062,0.044],"_shiftlockState":true,"_pose":"Running","_animationQueue":[],"_animationSpeed":1.103,"_zoom":17.296},{"_mousePosition":[683,384],"_rootPartCFrame":[758.161,222.7,42.335,0.076,0,0.997,0,1,0,-0.997,0,0.076],"_humanoidState":8,"_cameraCFrame":[768.146,238.395,41.333,0.075,-0.818,0.57,0,0.571,0.821,-0.997,-0.062,0.043],"_shiftlockState":true,"_pose":"Running","_animationQueue":[],"_animationSpeed":1.103,"_zoom":17.296},{"_mousePosition":[683,384],"_rootPartCFrame":[757.895,223.573,42.315,0.075,0,0.997,0,1,0,-0.997,0,0.075],"_humanoidState":3,"_cameraCFrame":[767.752,239.355,41.282,0.073,-0.824,0.562,0,0.564,0.826,-0.997,-0.06,0.041],"_shiftlockState":true,"_pose":"Jumping","_animationQueue":[["walk",0.1],["jump",0.1]],"_animationSpeed":1,"_zoom":17.296},{"_mousePosition":[683,384],"_rootPartCFrame":[757.629,224.395,42.295,0.073,0,0.997,0,1,0,-0.997,0,0.073],"_humanoidState":5,"_cameraCFrame":[767.357,240.263,41.233,0.071,-0.829,0.555,0,0.557,0.831,-0.997,-0.059,0.04],"_shiftlockState":true,"_pose":"FreeFall","_animationQueue":[["jump",0.1]],"_animationSpeed":1,"_zoom":17.296},{"_mousePosition":[683,384],"_rootPartCFrame":[757.43,224.976,42.28,0.071,0,0.997,0,1,0,-0.997,0,0.071],"_humanoidState":5,"_cameraCFrame":[767.038,240.921,41.18,0.068,-0.833,0.549,0,0.55,0.835,-0.998,-0.057,0.037],"_shiftlockState":true,"_pose":"FreeFall","_animationQueue":[],"_animationSpeed":1,"_zoom":17.296},{"_mousePosition":[683,384],"_rootPartCFrame":[757.031,226.045,42.252,0.068,0,0.998,0,1,0,-0.998,0,0.068],"_humanoidState":5,"_cameraCFrame":[766.543,242.052,41.115,0.065,-0.837,0.543,0,0.545,0.839,-0.998,-0.054,0.035],"_shiftlockState":true,"_pose":"FreeFall","_animationQueue":[],"_animationSpeed":1,"_zoom":17.296},{"_mousePosition":[683,384],"_rootPartCFrame":[756.831,226.534,42.238,0.065,0,0.998,0,1,0,-0.998,0,0.065],"_humanoidState":5,"_cameraCFrame":[766.259,242.594,41.076,0.063,-0.84,0.539,0,0.54,0.842,-0.998,-0.053,0.034],"_shiftlockState":true,"_pose":"FreeFall","_animationQueue":[],"_animationSpeed":1,"_zoom":17.296},{"_mousePosition":[683,384],"_rootPartCFrame":[756.565,227.138,42.22,0.063,0,0.998,0,1,0,-0.998,0,0.063],"_humanoidState":5,"_cameraCFrame":[765.956,243.22,41.047,0.062,-0.841,0.537,0,0.538,0.843,-0.998,-0.052,0.033],"_shiftlockState":true,"_pose":"FreeFall","_animationQueue":[],"_animationSpeed":1,"_zoom":17.296},{"_mousePosition":[683,384],"_rootPartCFrame":[756.365,227.555,42.208,0.062,0,0.998,0,1,0,-0.998,0,0.062],"_humanoidState":5,"_cameraCFrame":[765.755,243.637,41.024,0.061,-0.842,0.537,0,0.538,0.843,-0.998,-0.051,0.033],"_shiftlockState":true,"_pose":"FreeFall","_animationQueue":[],"_animationSpeed":1,"_zoom":17.296},{"_mousePosition":[683,384],"_rootPartCFrame":[756.033,228.182,42.187,0.061,0,0.998,0,1,0,-0.998,0,0.061],"_humanoidState":5,"_cameraCFrame":[765.423,244.265,41.004,0.061,-0.842,0.537,0,0.538,0.843,-0.998,-0.051,0.033],"_shiftlockState":true,"_pose":"FreeFall","_animationQueue":[],"_animationSpeed":1,"_zoom":17.296},{"_mousePosition":[683,384],"_rootPartCFrame":[755.767,228.623,42.171,0.061,0,0.998,0,1,0,-0.998,0,0.061],"_humanoidState":5,"_cameraCFrame":[765.145,244.713,40.987,0.061,-0.842,0.536,0,0.537,0.844,-0.998,-0.051,0.033],"_shiftlockState":true,"_pose":"FreeFall","_animationQueue":[],"_animationSpeed":1,"_zoom":17.296},{"_mousePosition":[683,384],"_rootPartCFrame":[755.501,229.009,42.155,0.061,0,0.998,0,1,0,-0.998,0,0.061],"_humanoidState":5,"_cameraCFrame":[764.879,245.099,40.971,0.061,-0.842,0.536,0,0.537,0.844,-0.998,-0.051,0.033],"_shiftlockState":true,"_pose":"FreeFall","_animationQueue":[],"_animationSpeed":1,"_zoom":17.296},{"_mousePosition":[683,384],"_rootPartCFrame":[755.301,229.263,42.143,0.061,0,0.998,0,1,0,-0.998,0,0.061],"_humanoidState":5,"_cameraCFrame":[764.679,245.352,40.959,0.061,-0.842,0.536,0,0.537,0.844,-0.998,-0.051,0.033],"_shiftlockState":true,"_pose":"FreeFall","_animationQueue":[],"_animationSpeed":1,"_zoom":17.296},{"_mousePosition":[683,384],"_rootPartCFrame":[754.968,229.618,42.123,0.061,0,0.998,0,1,0,-0.998,0,0.061],"_humanoidState":5,"_cameraCFrame":[764.297,245.737,40.916,0.058,-0.844,0.533,0,0.534,0.845,-0.998,-0.049,0.031],"_shiftlockState":true,"_pose":"FreeFall","_animationQueue":[],"_animationSpeed":1,"_zoom":17.296},{"_mousePosition":[683,384],"_rootPartCFrame":[754.769,229.79,42.111,0.059,0,0.998,0,1,0,-0.998,0,0.059],"_humanoidState":5,"_cameraCFrame":[763.873,246.042,40.806,0.049,-0.852,0.521,0,0.522,0.853,-0.999,-0.042,0.026],"_shiftlockState":true,"_pose":"FreeFall","_animationQueue":[],"_animationSpeed":1,"_zoom":17.296},{"_mousePosition":[683,384],"_rootPartCFrame":[754.104,230.141,42.071,0.052,0,0.999,0,1,0,-0.999,0,0.052],"_humanoidState":5,"_cameraCFrame":[763.143,246.43,40.726,0.045,-0.854,0.518,0,0.519,0.855,-0.999,-0.038,0.023],"_shiftlockState":true,"_pose":"FreeFall","_animationQueue":[],"_animationSpeed":1,"_zoom":17.296},{"_mousePosition":[683,384],"_rootPartCFrame":[753.97,230.171,42.065,0.045,0,0.999,0,1,0,-0.999,0,0.045],"_humanoidState":5,"_cameraCFrame":[762.944,246.495,40.679,0.041,-0.856,0.515,0,0.515,0.857,-0.999,-0.035,0.021],"_shiftlockState":true,"_pose":"FreeFall","_animationQueue":[],"_animationSpeed":1,"_zoom":17.296},{"_mousePosition":[683,384],"_rootPartCFrame":[753.704,230.189,42.052,0.041,0,0.999,0,1,0,-0.999,0,0.041],"_humanoidState":5,"_cameraCFrame":[762.666,246.521,40.666,0.041,-0.857,0.514,0,0.514,0.858,-0.999,-0.035,0.021],"_shiftlockState":true,"_pose":"FreeFall","_animationQueue":[],"_animationSpeed":1,"_zoom":17.296},{"_mousePosition":[683,384],"_rootPartCFrame":[753.371,230.135,42.039,0.041,0,0.999,0,1,0,-0.999,0,0.041],"_humanoidState":5,"_cameraCFrame":[762.333,246.467,40.652,0.041,-0.857,0.514,0,0.514,0.858,-0.999,-0.035,0.021],"_shiftlockState":true,"_pose":"FreeFall","_animationQueue":[],"_animationSpeed":1,"_zoom":17.296},{"_mousePosition":[683,384],"_rootPartCFrame":[753.105,230.031,42.028,0.041,0,0.999,0,1,0,-0.999,0,0.041],"_humanoidState":5,"_cameraCFrame":[762.066,246.362,40.641,0.041,-0.857,0.514,0,0.514,0.858,-0.999,-0.035,0.021],"_shiftlockState":true,"_pose":"FreeFall","_animationQueue":[],"_animationSpeed":1,"_zoom":17.296},{"_mousePosition":[683,384],"_rootPartCFrame":[752.905,229.917,42.02,0.041,0,0.999,0,1,0,-0.999,0,0.041],"_humanoidState":5,"_cameraCFrame":[761.867,246.248,40.633,0.041,-0.857,0.514,0,0.514,0.858,-0.999,-0.035,0.021],"_shiftlockState":true,"_pose":"FreeFall","_animationQueue":[],"_animationSpeed":1,"_zoom":17.296},{"_mousePosition":[683,384],"_rootPartCFrame":[752.588,229.658,41.972,0.137,0,0.991,0,1,0,-0.991,0,0.137],"_humanoidState":5,"_cameraCFrame":[761.549,245.99,40.586,0.041,-0.857,0.514,0,0.514,0.858,-0.999,-0.035,0.021],"_shiftlockState":true,"_pose":"FreeFall","_animationQueue":[],"_animationSpeed":1,"_zoom":17.296},{"_mousePosition":[683,384],"_rootPartCFrame":[752.352,229.39,41.894,0.143,0,0.99,0,1,0,-0.99,0,0.143],"_humanoidState":5,"_cameraCFrame":[761.314,245.722,40.507,0.041,-0.857,0.514,0,0.514,0.858,-0.999,-0.035,0.021],"_shiftlockState":true,"_pose":"FreeFall","_animationQueue":[["fall",0.3]],"_animationSpeed":1,"_zoom":17.296},{"_mousePosition":[683,384],"_rootPartCFrame":[752.187,229.153,41.811,0.119,0,0.993,0,1,0,-0.993,0,0.119],"_humanoidState":5,"_cameraCFrame":[761.149,245.485,40.425,0.041,-0.857,0.514,0,0.514,0.858,-0.999,-0.035,0.021],"_shiftlockState":true,"_pose":"FreeFall","_animationQueue":[],"_animationSpeed":1,"_zoom":17.296},{"_mousePosition":[683,384],"_rootPartCFrame":[751.932,228.691,41.629,0.171,0,0.985,0,1,0,-0.985,0,0.171],"_humanoidState":5,"_cameraCFrame":[760.894,245.022,40.242,0.041,-0.857,0.514,0,0.514,0.858,-0.999,-0.035,0.021],"_shiftlockState":true,"_pose":"FreeFall","_animationQueue":[],"_animationSpeed":1,"_zoom":17.296},{"_mousePosition":[683,384],"_rootPartCFrame":[751.792,228.372,41.492,0.119,0,0.993,0,1,0,-0.993,0,0.119],"_humanoidState":5,"_cameraCFrame":[760.577,244.466,40.09,0.04,-0.858,0.513,0,0.513,0.858,-0.999,-0.034,0.02],"_shiftlockState":true,"_pose":"FreeFall","_animationQueue":[],"_animationSpeed":1,"_zoom":13.437},{"_mousePosition":[683,384],"_rootPartCFrame":[751.565,227.773,41.248,0.17,0,0.985,0,1,0,-0.985,0,0.17],"_humanoidState":5,"_cameraCFrame":[760.001,243.388,39.823,0.039,-0.859,0.51,0,0.51,0.86,-0.999,-0.033,0.02],"_shiftlockState":true,"_pose":"FreeFall","_animationQueue":[],"_animationSpeed":1,"_zoom":13.437},{"_mousePosition":[683,384],"_rootPartCFrame":[751.43,227.373,41.101,0.117,0,0.993,0,1,0,-0.993,0,0.117],"_humanoidState":5,"_cameraCFrame":[759.513,242.417,39.662,0.039,-0.86,0.509,0,0.51,0.86,-0.999,-0.033,0.02],"_shiftlockState":true,"_pose":"FreeFall","_animationQueue":[],"_animationSpeed":1,"_zoom":13.437},{"_mousePosition":[683,384],"_rootPartCFrame":[751.249,226.792,40.905,0.143,0,0.99,0,1,0,-0.99,0,0.143],"_humanoidState":5,"_cameraCFrame":[759.034,241.36,39.447,0.038,-0.86,0.509,0,0.509,0.861,-0.999,-0.032,0.019],"_shiftlockState":true,"_pose":"FreeFall","_animationQueue":[],"_animationSpeed":1,"_zoom":13.437},{"_mousePosition":[683,384],"_rootPartCFrame":[751.067,226.156,40.71,0.065,0,0.998,0,1,0,-0.998,0,0.065],"_humanoidState":7,"_cameraCFrame":[758.595,240.287,39.241,0.038,-0.86,0.509,0,0.509,0.861,-0.999,-0.032,0.019],"_shiftlockState":true,"_pose":"FreeFall","_animationQueue":[["fall",0.3],["walk",0.1],["fall",0.3],["fall",0.3]],"_animationSpeed":1,"_zoom":13.437},{"_mousePosition":[683,384],"_rootPartCFrame":[750.841,226.03,40.465,0.039,0,0.999,0,1,0,-0.999,0,0.039],"_humanoidState":7,"_cameraCFrame":[758.194,239.865,38.99,0.038,-0.86,0.509,0,0.509,0.861,-0.999,-0.032,0.019],"_shiftlockState":true,"_pose":"FreeFall","_animationQueue":[],"_animationSpeed":1,"_zoom":13.437},{"_mousePosition":[683,384],"_rootPartCFrame":[750.659,226.092,40.27,0.038,0,0.999,0,1,0,-0.999,0,0.038],"_humanoidState":8,"_cameraCFrame":[757.875,239.695,38.79,0.038,-0.86,0.509,0,0.509,0.861,-0.999,-0.032,0.019],"_shiftlockState":true,"_pose":"Running","_animationQueue":[["walk",0.1],["fall",0.3],["walk",0.1]],"_animationSpeed":1.103,"_zoom":13.437},{"_mousePosition":[683,384],"_rootPartCFrame":[750.478,226.14,40.074,0.038,0,0.999,0,1,0,-0.999,0,0.038],"_humanoidState":8,"_cameraCFrame":[757.609,239.6,38.591,0.038,-0.86,0.509,0,0.509,0.861,-0.999,-0.032,0.019],"_shiftlockState":true,"_pose":"Running","_animationQueue":[],"_animationSpeed":1.103,"_zoom":13.437},{"_mousePosition":[683,384],"_rootPartCFrame":[750.297,226.167,39.879,0.038,0,0.999,0,1,0,-0.999,0,0.038],"_humanoidState":8,"_cameraCFrame":[757.347,239.49,38.392,0.038,-0.86,0.509,0,0.509,0.861,-0.999,-0.032,0.019],"_shiftlockState":true,"_pose":"Running","_animationQueue":[],"_animationSpeed":1.103,"_zoom":13.437},{"_mousePosition":[683,384],"_rootPartCFrame":[750.115,226.182,39.683,0.038,0,0.999,0,1,0,-0.999,0,0.038],"_humanoidState":8,"_cameraCFrame":[757.109,239.431,38.195,0.038,-0.861,0.508,0,0.508,0.861,-0.999,-0.032,0.019],"_shiftlockState":true,"_pose":"Running","_animationQueue":[],"_animationSpeed":1.103,"_zoom":13.437},{"_mousePosition":[683,384],"_rootPartCFrame":[749.934,226.19,39.488,0.038,0,0.999,0,1,0,-0.999,0,0.038],"_humanoidState":8,"_cameraCFrame":[756.846,239.412,37.989,0.036,-0.863,0.504,0,0.505,0.863,-0.999,-0.032,0.018],"_shiftlockState":true,"_pose":"Running","_animationQueue":[["walk",0.1]],"_animationSpeed":1.103,"_zoom":13.437},{"_mousePosition":[683,384],"_rootPartCFrame":[749.752,226.194,39.292,0.036,0,0.999,0,1,0,-0.999,0,0.036],"_humanoidState":8,"_cameraCFrame":[756.6,239.398,37.777,0.034,-0.864,0.502,0,0.502,0.865,-0.999,-0.03,0.017],"_shiftlockState":true,"_pose":"Running","_animationQueue":[],"_animationSpeed":1.103,"_zoom":13.437},{"_mousePosition":[683,384],"_rootPartCFrame":[749.571,226.197,39.097,0.034,0,0.999,0,1,0,-0.999,0,0.034],"_humanoidState":8,"_cameraCFrame":[756.342,239.405,37.558,0.031,-0.867,0.498,0,0.498,0.867,-1,-0.027,0.016],"_shiftlockState":true,"_pose":"Running","_animationQueue":[],"_animationSpeed":1.103,"_zoom":13.437},{"_mousePosition":[683,384],"_rootPartCFrame":[749.389,226.198,38.902,0.031,0,1,0,1,0,-1,0,0.031],"_humanoidState":8,"_cameraCFrame":[756.099,239.415,37.347,0.029,-0.869,0.494,0,0.494,0.869,-1,-0.025,0.014],"_shiftlockState":true,"_pose":"Running","_animationQueue":[],"_animationSpeed":1.103,"_zoom":13.437},{"_mousePosition":[683,384],"_rootPartCFrame":[749.206,226.199,38.707,0.029,0,1,0,1,0,-1,0,0.029],"_humanoidState":8,"_cameraCFrame":[755.868,239.425,37.137,0.027,-0.871,0.491,0,0.491,0.871,-1,-0.024,0.013],"_shiftlockState":true,"_pose":"Running","_animationQueue":[],"_animationSpeed":1.103,"_zoom":13.437},{"_mousePosition":[683,384],"_rootPartCFrame":[749.023,226.199,38.513,0.027,0,1,0,1,0,-1,0,0.027],"_humanoidState":8,"_cameraCFrame":[755.67,239.422,36.936,0.026,-0.871,0.491,0,0.491,0.871,-1,-0.023,0.013],"_shiftlockState":true,"_pose":"Running","_animationQueue":[],"_animationSpeed":1.103,"_zoom":13.437},{"_mousePosition":[683,384],"_rootPartCFrame":[748.794,226.199,38.271,0.026,0,1,0,1,0,-1,0,0.026],"_humanoidState":8,"_cameraCFrame":[755.437,239.417,36.694,0.026,-0.871,0.491,0,0.491,0.871,-1,-0.023,0.013],"_shiftlockState":true,"_pose":"Running","_animationQueue":[["walk",0.1]],"_animationSpeed":1.103,"_zoom":13.437},{"_mousePosition":[683,384],"_rootPartCFrame":[748.657,226.2,38.126,0.026,0,1,0,1,0,-1,0,0.026],"_humanoidState":8,"_cameraCFrame":[755.298,239.414,36.549,0.026,-0.871,0.491,0,0.491,0.871,-1,-0.023,0.013],"_shiftlockState":true,"_pose":"Running","_animationQueue":[],"_animationSpeed":1.103,"_zoom":13.437},{"_mousePosition":[683,384],"_rootPartCFrame":[748.357,226.2,38.043,0.026,0,1,0,1,0,-1,0,0.026],"_humanoidState":8,"_cameraCFrame":[754.997,239.411,36.465,0.026,-0.871,0.491,0,0.491,0.871,-1,-0.023,0.013],"_shiftlockState":true,"_pose":"Running","_animationQueue":[],"_animationSpeed":1.103,"_zoom":13.437},{"_mousePosition":[683,384],"_rootPartCFrame":[748.091,226.2,38.035,0.026,0,1,0,1,0,-1,0,0.026],"_humanoidState":8,"_cameraCFrame":[754.72,239.415,36.457,0.026,-0.871,0.49,0,0.49,0.872,-1,-0.023,0.013],"_shiftlockState":true,"_pose":"Running","_animationQueue":[],"_animationSpeed":1.103,"_zoom":13.437},{"_mousePosition":[683,384],"_rootPartCFrame":[747.824,226.2,38.028,0.026,0,1,0,1,0,-1,0,0.026],"_humanoidState":8,"_cameraCFrame":[754.423,239.43,36.442,0.025,-0.873,0.488,0,0.488,0.873,-1,-0.022,0.012],"_shiftlockState":true,"_pose":"Running","_animationQueue":[],"_animationSpeed":1.103,"_zoom":13.437},{"_mousePosition":[683,384],"_rootPartCFrame":[747.557,226.2,38.021,0.025,0,1,0,1,0,-1,0,0.025],"_humanoidState":8,"_cameraCFrame":[754.096,239.461,36.42,0.023,-0.875,0.484,0,0.484,0.875,-1,-0.02,0.011],"_shiftlockState":true,"_pose":"Running","_animationQueue":[],"_animationSpeed":1.103,"_zoom":13.437},{"_mousePosition":[683,384],"_rootPartCFrame":[747.445,226.2,38.018,0.023,0,1,0,1,0,-1,0,0.023],"_humanoidState":8,"_cameraCFrame":[753.868,239.502,38.151,0.021,-0.878,0.478,0,0.478,0.878,-1,-0.018,0.01],"_shiftlockState":false,"_pose":"Running","_animationQueue":[["walk",0.1]],"_animationSpeed":1.103,"_zoom":13.437},{"_mousePosition":[683,384],"_rootPartCFrame":[747.44,226.2,38.018,0.023,0,1,0,1,0,-1,0,0.023],"_humanoidState":8,"_cameraCFrame":[753.863,239.502,38.151,0.021,-0.878,0.478,0,0.478,0.878,-1,-0.018,0.01],"_shiftlockState":false,"_pose":