[{"_mousePosition":[1212,358],"_rootPartCFrame":[776.034,222.961,47.142,-0.001,-0.006,1,0,1,0.006,-1,0,-0.001],"_humanoidState":8,"_cameraCFrame":[787.74,237.086,50.468,0.273,-0.692,0.668,0,0.694,0.72,-0.962,-0.197,0.19],"_shiftlockState":false,"_pose":"Standing","_animationQueue":[],"_animationSpeed":1,"_zoom":17.542},{"_mousePosition":[1211,358],"_rootPartCFrame":[776.034,222.774,47.142,-0.001,0,1,0,1,0,-1,0,-0.001],"_humanoidState":8,"_cameraCFrame":[787.75,236.899,50.468,0.273,-0.692,0.668,0,0.694,0.72,-0.962,-0.197,0.19],"_shiftlockState":false,"_pose":"Standing","_animationQueue":[],"_animationSpeed":1,"_zoom":17.542},{"_mousePosition":[1193,357],"_rootPartCFrame":[776.034,222.69,47.142,-0.001,0,1,0,1,0,-1,0,-0.001],"_humanoidState":8,"_cameraCFrame":[787.75,236.815,50.468,0.273,-0.692,0.668,0,0.694,0.72,-0.962,-0.197,0.19],"_shiftlockState":false,"_pose":"Standing","_animationQueue":[],"_animationSpeed":1,"_zoom":17.542},{"_mousePosition":[1153,351],"_rootPartCFrame":[776.034,222.652,47.142,-0.001,0,1,0,1,0,-1,0,-0.001],"_humanoidState":8,"_cameraCFrame":[787.75,236.777,50.468,0.273,-0.692,0.668,0,0.694,0.72,-0.962,-0.197,0.19],"_shiftlockState":false,"_pose":"Standing","_animationQueue":[],"_animationSpeed":1,"_zoom":17.542},{"_mousePosition":[1112,345],"_rootPartCFrame":[776.034,222.663,47.142,-0.001,0,1,0,1,0,-1,0,-0.001],"_humanoidState":8,"_cameraCFrame":[787.749,236.788,50.468,0.273,-0.692,0.668,0,0.694,0.72,-0.962,-0.197,0.19],"_shiftlockState":false,"_pose":"Standing","_animationQueue":[],"_animationSpeed":1,"_zoom":17.542},{"_mousePosition":[975,327],"_rootPartCFrame":[775.816,222.681,47.081,0.033,0,0.999,0,1,0,-0.999,0,0.033],"_humanoidState":8,"_cameraCFrame":[787.532,236.806,50.407,0.273,-0.692,0.668,0,0.694,0.72,-0.962,-0.197,0.19],"_shiftlockState":false,"_pose":"Standing","_animationQueue":[],"_animationSpeed":1,"_zoom":17.542},{"_mousePosition":[856,314],"_rootPartCFrame":[775.625,222.688,47.026,0.058,0,0.998,0,1,0,-0.998,0,0.058],"_humanoidState":8,"_cameraCFrame":[787.341,236.813,50.352,0.273,-0.692,0.668,0,0.694,0.72,-0.962,-0.197,0.19],"_shiftlockState":false,"_pose":"Running","_animationQueue":[["walk",0.1]],"_animationSpeed":1.066,"_zoom":17.542},{"_mousePosition":[745,303],"_rootPartCFrame":[775.305,222.694,46.935,0.095,0,0.995,0,1,0,-0.995,0,0.095],"_humanoidState":8,"_cameraCFrame":[787.02,236.819,50.261,0.273,-0.692,0.668,0,0.694,0.72,-0.962,-0.197,0.19],"_shiftlockState":false,"_pose":"Running","_animationQueue":[],"_animationSpeed":1.066,"_zoom":17.542},{"_mousePosition":[697,299],"_rootPartCFrame":[775.112,222.696,46.881,0.115,0,0.993,0,1,0,-0.993,0,0.115],"_humanoidState":8,"_cameraCFrame":[786.828,236.821,50.207,0.273,-0.692,0.668,0,0.694,0.72,-0.962,-0.197,0.19],"_shiftlockState":false,"_pose":"Running","_animationQueue":[],"_animationSpeed":1.066,"_zoom":17.542},{"_mousePosition":[633,296],"_rootPartCFrame":[774.856,222.698,46.808,0.137,0,0.991,0,1,0,-0.991,0,0.137],"_humanoidState":8,"_cameraCFrame":[786.571,236.823,50.134,0.273,-0.692,0.668,0,0.694,0.72,-0.962,-0.197,0.19],"_shiftlockState":false,"_pose":"Running","_animationQueue":[],"_animationSpeed":1.066,"_zoom":17.542},{"_mousePosition":[623,296],"_rootPartCFrame":[774.599,222.699,46.735,0.157,0,0.988,0,1,0,-0.988,0,0.157],"_humanoidState":8,"_cameraCFrame":[786.315,236.824,50.061,0.273,-0.692,0.668,0,0.694,0.72,-0.962,-0.197,0.19],"_shiftlockState":false,"_pose":"Running","_animationQueue":[],"_animationSpeed":1.066,"_zoom":17.542},{"_mousePosition":[621,300],"_rootPartCFrame":[774.342,222.699,46.662,0.173,0,0.985,0,1,0,-0.985,0,0.173],"_humanoidState":8,"_cameraCFrame":[786.058,236.824,49.988,0.273,-0.692,0.668,0,0.694,0.72,-0.962,-0.197,0.19],"_shiftlockState":false,"_pose":"Running","_animationQueue":[],"_animationSpeed":1.066,"_zoom":17.542},{"_mousePosition":[624,310],"_rootPartCFrame":[774.086,222.699,46.589,0.187,0,0.982,0,1,0,-0.982,0,0.187],"_humanoidState":8,"_cameraCFrame":[785.801,236.824,49.915,0.273,-0.692,0.668,0,0.694,0.72,-0.962,-0.197,0.19],"_shiftlockState":false,"_pose":"Running","_animationQueue":[["walk",0.1]],"_animationSpeed":1.066,"_zoom":17.542},{"_mousePosition":[624,310],"_rootPartCFrame":[773.829,222.699,46.517,0.2,0,0.98,0,1,0,-0.98,0,0.2],"_humanoidState":8,"_cameraCFrame":[785.113,237.239,49.733,0.274,-0.715,0.643,0,0.669,0.743,-0.962,-0.204,0.183],"_shiftlockState":false,"_pose":"Running","_animationQueue":[],"_animationSpeed":1.066,"_zoom":17.542},{"_mousePosition":[624,310],"_rootPartCFrame":[773.573,222.7,46.444,0.21,0,0.978,0,1,0,-0.978,0,0.21],"_humanoidState":8,"_cameraCFrame":[784.149,237.889,49.351,0.265,-0.752,0.603,0,0.625,0.78,-0.964,-0.207,0.166],"_shiftlockState":false,"_pose":"Running","_animationQueue":[],"_animationSpeed":1.066,"_zoom":17.542},{"_mousePosition":[624,310],"_rootPartCFrame":[773.316,222.7,46.371,0.219,0,0.976,0,1,0,-0.976,0,0.219],"_humanoidState":8,"_cameraCFrame":[783.041,238.6,48.772,0.24,-0.797,0.554,0,0.571,0.821,-0.971,-0.197,0.137],"_shiftlockState":false,"_pose":"Running","_animationQueue":[],"_animationSpeed":1.066,"_zoom":17.542},{"_mousePosition":[624,310],"_rootPartCFrame":[772.995,222.7,46.282,0.227,0,0.974,0,1,0,-0.974,0,0.227],"_humanoidState":8,"_cameraCFrame":[781.725,239.31,48.063,0.2,-0.844,0.498,0,0.508,0.861,-0.98,-0.172,0.102],"_shiftlockState":false,"_pose":"Running","_animationQueue":[],"_animationSpeed":1.066,"_zoom":17.542},{"_mousePosition":[624,310],"_rootPartCFrame":[772.674,223.783,46.194,0.235,0,0.972,0,1,0,-0.972,0,0.235],"_humanoidState":3,"_cameraCFrame":[780.641,240.853,47.542,0.167,-0.875,0.454,0,0.461,0.888,-0.986,-0.148,0.077],"_shiftlockState":false,"_pose":"Jumping","_animationQueue":[["walk",0.1],["jump",0.1]],"_animationSpeed":1,"_zoom":17.542},{"_mousePosition":[624,310],"_rootPartCFrame":[772.478,224.395,46.151,0.235,0,0.972,0,1,0,-0.972,0,0.235],"_humanoidState":5,"_cameraCFrame":[779.446,241.97,47.017,0.123,-0.909,0.397,0,0.4,0.916,-0.992,-0.113,0.049],"_shiftlockState":false,"_pose":"FreeFall","_animationQueue":[["jump",0.1]],"_animationSpeed":1,"_zoom":17.542},{"_mousePosition":[624,310],"_rootPartCFrame":[772.15,225.346,46.094,0.225,0,0.974,0,1,0,-0.974,0,0.225],"_humanoidState":5,"_cameraCFrame":[778.18,243.311,46.588,0.082,-0.935,0.344,0,0.345,0.939,-0.997,-0.077,0.028],"_shiftlockState":false,"_pose":"FreeFall","_animationQueue":[],"_animationSpeed":1,"_zoom":17.542},{"_mousePosition":[624,310],"_rootPartCFrame":[771.952,225.875,46.067,0.217,0,0.976,0,1,0,-0.976,0,0.217],"_humanoidState":5,"_cameraCFrame":[777.222,244.105,46.245,0.034,-0.953,0.3,0,0.301,0.954,-0.999,-0.032,0.01],"_shiftlockState":false,"_pose":"FreeFall","_animationQueue":[],"_animationSpeed":1,"_zoom":17.542},{"_mousePosition":[624,310],"_rootPartCFrame":[771.62,226.69,46.038,0.196,0,0.981,0,1,0,-0.981,0,0.196],"_humanoidState":5,"_cameraCFrame":[776.487,245.043,45.978,-0.012,-0.961,0.277,0,0.277,0.961,-1,0.012,-0.003],"_shiftlockState":false,"_pose":"FreeFall","_animationQueue":[],"_animationSpeed":1,"_zoom":17.542},{"_mousePosition":[624,310],"_rootPartCFrame":[771.42,227.138,46.03,0.181,0,0.983,0,1,0,-0.983,0,0.181],"_humanoidState":5,"_cameraCFrame":[776.229,245.506,45.844,-0.039,-0.961,0.274,0,0.274,0.962,-0.999,0.037,-0.011],"_shiftlockState":false,"_pose":"FreeFall","_animationQueue":[],"_animationSpeed":1,"_zoom":17.542},{"_mousePosition":[624,310],"_rootPartCFrame":[771.163,227.687,45.997,0.228,0,0.974,0,1,0,-0.974,0,0.228],"_humanoidState":5,"_cameraCFrame":[776.111,246.016,45.9,-0.02,-0.959,0.282,0,0.282,0.959,-1,0.019,-0.006],"_shiftlockState":false,"_pose":"FreeFall","_animationQueue":[],"_animationSpeed":1,"_zoom":17.542},{"_mousePosition":[624,310],"_rootPartCFrame":[770.922,228.182,45.928,0.294,0,0.956,0,1,0,-0.956,0,0.294],"_humanoidState":5,"_cameraCFrame":[775.831,246.515,44.107,-0.015,-0.96,0.281,0,0.281,0.96,-1,0.014,-0.004],"_shiftlockState":true,"_pose":"FreeFall","_animationQueue":[],"_animationSpeed":1,"_zoom":17.542},{"_mousePosition":[683,384],"_rootPartCFrame":[770.642,228.725,45.79,0.104,0,0.995,0,1,0,-0.995,0,0.104],"_humanoidState":5,"_cameraCFrame":[775.551,247.058,43.969,-0.015,-0.96,0.281,0,0.281,0.96,-1,0.014,-0.004],"_shiftlockState":true,"_pose":"FreeFall","_animationQueue":[],"_animationSpeed":1,"_zoom":17.542},{"_mousePosition":[683,384],"_rootPartCFrame":[770.485,229.009,45.68,0.063,0,0.998,0,1,0,-0.998,0,0.063],"_humanoidState":5,"_cameraCFrame":[775.395,247.342,43.859,-0.015,-0.96,0.281,0,0.281,0.96,-1,0.014,-0.004],"_shiftlockState":true,"_pose":"FreeFall","_animationQueue":[],"_animationSpeed":1,"_zoom":17.542},{"_mousePosition":[683,384],"_rootPartCFrame":[770.29,229.34,45.504,0.09,0,0.996,0,1,0,-0.996,0,0.09],"_humanoidState":5,"_cameraCFrame":[775.2,247.673,43.683,-0.015,-0.96,0.281,0,0.281,0.96,-1,0.014,-0.004],"_shiftlockState":true,"_pose":"FreeFall","_animationQueue":[],"_animationSpeed":1,"_zoom":17.542},{"_mousePosition":[683,384],"_rootPartCFrame":[770.098,229.617,45.318,0.09,0,0.996,0,1,0,-0.996,0,0.09],"_humanoidState":5,"_cameraCFrame":[775.008,247.951,43.497,-0.015,-0.96,0.281,0,0.281,0.96,-1,0.014,-0.004],"_shiftlockState":true,"_pose":"FreeFall","_animationQueue":[],"_animationSpeed":1,"_zoom":17.542},{"_mousePosition":[683,384],"_rootPartCFrame":[769.907,229.84,45.133,0.09,0,0.996,0,1,0,-0.996,0,0.09],"_humanoidState":5,"_cameraCFrame":[774.817,248.173,43.311,-0.015,-0.96,0.281,0,0.281,0.96,-1,0.014,-0.004],"_shiftlockState":true,"_pose":"FreeFall","_animationQueue":[],"_animationSpeed":1,"_zoom":17.542},{"_mousePosition":[683,384],"_rootPartCFrame":[769.716,230.008,44.947,0.09,0,0.996,0,1,0,-0.996,0,0.09],"_humanoidState":5,"_cameraCFrame":[774.626,248.341,43.125,-0.015,-0.96,0.281,0,0.281,0.96,-1,0.014,-0.004],"_shiftlockState":true,"_pose":"FreeFall","_animationQueue":[],"_animationSpeed":1,"_zoom":17.542},{"_mousePosition":[683,384],"_rootPartCFrame":[769.525,230.122,44.761,0.09,0,0.996,0,1,0,-0.996,0,0.09],"_humanoidState":5,"_cameraCFrame":[774.435,248.455,42.94,-0.015,-0.96,0.281,0,0.281,0.96,-1,0.014,-0.004],"_shiftlockState":true,"_pose":"FreeFall","_animationQueue":[],"_animationSpeed":1,"_zoom":17.542},{"_mousePosition":[683,384],"_rootPartCFrame":[769.334,230.181,44.575,0.09,0,0.996,0,1,0,-0.996,0,0.09],"_humanoidState":5,"_cameraCFrame":[774.243,248.514,42.754,-0.015,-0.96,0.281,0,0.281,0.96,-1,0.014,-0.004],"_shiftlockState":true,"_pose":"FreeFall","_animationQueue":[],"_animationSpeed":1,"_zoom":17.542},{"_mousePosition":[683,384],"_rootPartCFrame":[769.143,230.185,44.389,0.09,0,0.996,0,1,0,-0.996,0,0.09],"_humanoidState":5,"_cameraCFrame":[774.056,248.51,42.506,-0.027,-0.959,0.283,0,0.283,0.959,-1,0.026,-0.008],"_shiftlockState":true,"_pose":"FreeFall","_animationQueue":[],"_animationSpeed":1,"_zoom":17.542},{"_mousePosition":[683,384],"_rootPartCFrame":[768.951,230.135,44.204,0.079,0,0.997,0,1,0,-0.997,0,0.079],"_humanoidState":5,"_cameraCFrame":[773.52,248.527,42.064,-0.084,-0.96,0.269,0,0.27,0.963,-0.997,0.08,-0.023],"_shiftlockState":true,"_pose":"FreeFall","_animationQueue":[["fall",0.3]],"_animationSpeed":1,"_zoom":17.542},{"_mousePosition":[683,384],"_rootPartCFrame":[768.758,230.031,44.02,0.027,0,1,0,1,0,-1,0,0.027],"_humanoidState":5,"_cameraCFrame":[772.948,248.507,41.779,-0.114,-0.961,0.25,0,0.252,0.968,-0.994,0.11,-0.029],"_shiftlockState":true,"_pose":"FreeFall","_animationQueue":[],"_animationSpeed":1,"_zoom":17.542},{"_mousePosition":[683,384],"_rootPartCFrame":[768.556,229.872,43.846,-0.004,0,1,0,1,0,-1,0,-0.004],"_humanoidState":5,"_cameraCFrame":[772.339,248.434,41.532,-0.143,-0.963,0.23,0,0.232,0.973,-0.99,0.139,-0.033],"_shiftlockState":true,"_pose":"FreeFall","_animationQueue":[],"_animationSpeed":1,"_zoom":17.542},{"_mousePosition":[683,384],"_rootPartCFrame":[768.348,229.658,43.679,-0.035,0,0.999,0,1,0,-0.999,0,-0.035],"_humanoidState":5,"_cameraCFrame":[771.759,248.287,41.28,-0.179,-0.961,0.212,0,0.216,0.976,-0.984,0.175,-0.039],"_shiftlockState":true,"_pose":"FreeFall","_animationQueue":[],"_animationSpeed":1,"_zoom":17.542},{"_mousePosition":[683,384],"_rootPartCFrame":[768.135,229.39,43.519,-0.071,0,0.998,0,1,0,-0.998,0,-0.071],"_humanoidState":5,"_cameraCFrame":[771.263,248.063,41.054,-0.211,-0.957,0.199,0,0.204,0.979,-0.978,0.206,-0.043],"_shiftlockState":true,"_pose":"FreeFall","_animationQueue":[],"_animationSpeed":1,"_zoom":17.542},{"_mousePosition":[683,384],"_rootPartCFrame":[767.862,228.979,43.328,-0.076,0,0.997,0,1,0,-0.997,0,-0.076],"_humanoidState":5,"_cameraCFrame":[770.677,247.365,40.828,-0.24,-0.952,0.188,0,0.194,0.981,-0.971,0.236,-0.047],"_shiftlockState":true,"_pose":"FreeFall","_animationQueue":[],"_animationSpeed":1,"_zoom":13.633},{"_mousePosition":[683,384],"_rootPartCFrame":[767.639,228.588,43.182,-0.134,0,0.991,0,1,0,-0.991,0,-0.134],"_humanoidState":5,"_cameraCFrame":[770.122,246.409,40.682,-0.266,-0.948,0.178,0,0.184,0.983,-0.964,0.261,-0.049],"_shiftlockState":true,"_pose":"FreeFall","_animationQueue":[["fall",0.3]],"_animationSpeed":1,"_zoom":13.633},{"_mousePosition":[683,384],"_rootPartCFrame":[767.483,228.259,43.065,-0.175,0,0.985,0,1,0,-0.985,0,-0.175],"_humanoidState":5,"_cameraCFrame":[769.689,245.434,40.571,-0.289,-0.942,0.17,0,0.178,0.984,-0.957,0.284,-0.051],"_shiftlockState":true,"_pose":"FreeFall","_animationQueue":[],"_animationSpeed":1,"_zoom":13.633},{"_mousePosition":[683,384],"_rootPartCFrame":[767.303,227.773,42.888,-0.161,0,0.987,0,1,0,-0.987,0,-0.161],"_humanoidState":5,"_cameraCFrame":[769.285,244.376,40.393,-0.313,-0.935,0.165,0,0.174,0.985,-0.95,0.308,-0.054],"_shiftlockState":true,"_pose":"FreeFall","_animationQueue":[],"_animationSpeed":1,"_zoom":13.633},{"_mousePosition":[683,384],"_rootPartCFrame":[767.155,227.233,42.687,-0.184,0,0.983,0,1,0,-0.983,0,-0.184],"_humanoidState":5,"_cameraCFrame":[769.013,243.392,40.179,-0.332,-0.929,0.164,0,0.174,0.985,-0.943,0.327,-0.058],"_shiftlockState":true,"_pose":"FreeFall","_animationQueue":[],"_animationSpeed":1,"_zoom":13.633},{"_mousePosition":[683,384],"_rootPartCFrame":[767.038,226.638,42.462,-0.203,0,0.979,0,1,0,-0.979,0,-0.203],"_humanoidState":5,"_cameraCFrame":[768.791,242.436,39.943,-0.348,-0.923,0.163,0,0.174,0.985,-0.937,0.343,-0.061],"_shiftlockState":true,"_pose":"FreeFall","_animationQueue":[],"_animationSpeed":1,"_zoom":13.633},{"_mousePosition":[683,384],"_rootPartCFrame":[766.946,225.988,42.214,-0.221,0,0.975,0,1,0,-0.975,0,-0.221],"_humanoidState":5,"_cameraCFrame":[768.618,241.535,39.684,-0.363,-0.918,0.162,0,0.174,0.985,-0.932,0.358,-0.063],"_shiftlockState":true,"_pose":"FreeFall","_animationQueue":[],"_animationSpeed":1,"_zoom":13.633},{"_mousePosition":[683,384],"_rootPartCFrame":[766.853,225.284,41.964,-0.236,0,0.972,0,1,0,-0.972,0,-0.236],"_humanoidState":5,"_cameraCFrame":[768.457,240.637,39.423,-0.377,-0.912,0.161,0,0.174,0.985,-0.926,0.371,-0.065],"_shiftlockState":true,"_pose":"FreeFall","_animationQueue":[],"_animationSpeed":1,"_zoom":13.633},{"_mousePosition":[683,384],"_rootPartCFrame":[766.757,224.526,41.715,-0.25,0,0.968,0,1,0,-0.968,0,-0.25],"_humanoidState":5,"_cameraCFrame":[768.301,239.743,39.16,-0.39,-0.907,0.16,0,0.174,0.985,-0.921,0.384,-0.068],"_shiftlockState":true,"_pose":"FreeFall","_animationQueue":[["fall",0.3]],"_animationSpeed":1,"_zoom":13.633},{"_mousePosition":[683,384],"_rootPartCFrame":[766.657,223.713,41.468,-0.264,0,0.964,0,1,0,-0.964,0,-0.264],"_humanoidState":5,"_cameraCFrame":[768.135,238.835,38.889,-0.409,-0.899,0.158,0,0.174,0.985,-0.913,0.402,-0.071],"_shiftlockState":true,"_pose":"FreeFall","_animationQueue":[],"_animationSpeed":1,"_zoom":13.633},{"_mousePosition":[683,384],"_rootPartCFrame":[766.554,222.845,41.222,-0.377,0,0.926,0,1,0,-0.926,0,-0.377],"_humanoidState":7,"_cameraCFrame":[767.937,237.906,38.602,-0.438,-0.885,0.156,0,0.174,0.985,-0.899,0.431,-0.076],"_shiftlockState":true,"_pose":"FreeFall","_animationQueue":[["walk",0.1],["fall",0.3],["fall",0.3]],"_animationSpeed":1,"_zoom":13.633},{"_mousePosition":[683,384],"_rootPartCFrame":[766.445,222.674,40.978,-0.436,0,0.9,0,1,0,-0.9,0,-0.436],"_humanoidState":7,"_cameraCFrame":[767.671,237.69,38.288,-0.488,-0.86,0.152,0,0.174,0.985,-0.873,0.481,-0.085],"_shiftlockState":true,"_pose":"FreeFall","_animationQueue":[],"_animationSpeed":1,"_zoom":13.633},{"_mousePosition":[683,384],"_rootPartCFrame":[766.3,222.793,40.678,-0.488,0,0.873,0,1,0,-0.873,0,-0.488],"_humanoidState":8,"_cameraCFrame":[767.313,237.778,37.905,-0.553,-0.82,0.145,0,0.174,0.985,-0.833,0.545,-0.096],"_shiftlockState":true,"_pose":"Running","_animationQueue":[["walk",0.1],["fall",0.3],["walk",0.1]],"_animationSpeed":1.103,"_zoom":13.633},{"_mousePosition":[683,384],"_rootPartCFrame":[766.14,222.875,40.386,-0.553,0,0.833,0,1,0,-0.833,0,-0.553],"_humanoidState":8,"_cameraCFrame":[766.908,237.841,37.538,-0.623,-0.771,0.136,0,0.174,0.985,-0.782,0.613,-0.108],"_shiftlockState":true,"_pose":"Running","_animationQueue":[],"_animationSpeed":1.103,"_zoom":13.633},{"_mousePosition":[683,384],"_rootPartCFrame":[765.995,222.909,40.163,-0.623,0,0.782,0,1,0,-0.782,0,-0.623],"_humanoidState":8,"_cameraCFrame":[766.517,237.862,37.261,-0.687,-0.716,0.126,0,0.174,0.985,-0.727,0.676,-0.119],"_shiftlockState":true,"_pose":"Running","_animationQueue":[],"_animationSpeed":1.103,"_zoom":13.633},{"_mousePosition":[683,384],"_rootPartCFrame":[765.884,222.908,39.996,-0.687,0,0.727,0,1,0,-0.727,0,-0.687],"_humanoidState":8,"_cameraCFrame":[766.158,237.852,37.062,-0.746,-0.656,0.116,0,0.174,0.985,-0.666,0.735,-0.13],"_shiftlockState":true,"_pose":"Running","_animationQueue":[["walk",0.1]],"_animationSpeed":1.103,"_zoom":13.633},{"_mousePosition":[683,384],"_rootPartCFrame":[765.7,222.839,39.718,-0.746,0,0.666,0,1,0,-0.666,0,-0.746],"_humanoidState":8,"_cameraCFrame":[765.767,237.777,36.773,-0.791,-0.603,0.106,0,0.174,0.985,-0.612,0.779,-0.137],"_shiftlockState":true,"_pose":"Running","_animationQueue":[],"_animationSpeed":1.103,"_zoom":13.633},{"_mousePosition":[683,384],"_rootPartCFrame":[765.589,223.492,39.552,-0.791,0,0.612,0,1,0,-0.612,0,-0.791],"_humanoidState":3,"_cameraCFrame":[765.495,238.426,36.608,-0.823,-0.56,0.099,0,0.174,0.985,-0.568,0.81,-0.143],"_shiftlockState":true,"_pose":"Jumping","_animationQueue":[["walk",0.1],["jump",0.1]],"_animationSpeed":1,"_zoom":13.633},{"_mousePosition":[683,384],"_rootPartCFrame":[765.424,224.314,39.347,-0.767,0,0.641,0,1,0,-0.641,0,-0.767],"_humanoidState":5,"_cameraCFrame":[765.16,239.245,36.414,-0.854,-0.512,0.09,0,0.174,0.985,-0.52,0.841,-0.148],"_shiftlockState":true,"_pose":"FreeFall","_animationQueue":[["jump",0.1]],"_animationSpeed":1,"_zoom":13.633},{"_mousePosition":[683,384],"_rootPartCFrame":[765.23,225.081,39.169,-0.781,0,0.625,0,1,0,-0.625,0,-0.781],"_humanoidState":5,"_cameraCFrame":[764.764,240.011,36.262,-0.888,-0.453,0.08,0,0.174,0.985,-0.46,0.875,-0.154],"_shiftlockState":true,"_pose":"FreeFall","_animationQueue":[],"_animationSpeed":1,"_zoom":13.633},{"_mousePosition":[683,384],"_rootPartCFrame":[765.01,225.794,39.02,-0.819,0,0.573,0,1,0,-0.573,0,-0.819],"_humanoidState":5,"_cameraCFrame":[764.354,240.723,36.15,-0.916,-0.394,0.069,0,0.174,0.985,-0.4,0.903,-0.159],"_shiftlockState":true,"_pose":"FreeFall","_animationQueue":[],"_animationSpeed":1,"_zoom":13.633},{"_mousePosition":[683,384],"_rootPartCFrame":[764.776,226.453,38.894,-0.855,0,0.518,0,1,0,-0.518,0,-0.855],"_humanoidState":5,"_cameraCFrame":[763.87,241.38,36.093,-0.948,-0.313,0.055,0,0.174,0.985,-0.318,0.934,-0.165],"_shiftlockState":true,"_pose":"FreeFall","_animationQueue":[],"_animationSpeed":1,"_zoom":13.633},{"_mousePosition":[683,384],"_rootPartCFrame":[764.533,227.057,38.784,-0.897,0,0.441,0,1,0,-0.441,0,-0.897],"_humanoidState":5,"_cameraCFrame":[763.41,241.984,36.063,-0.97,-0.239,0.042,0,0.174,0.985,-0.243,0.955,-0.168],"_shiftlockState":true,"_pose":"FreeFall","_animationQueue":[],"_animationSpeed":1,"_zoom":13.633},{"_mousePosition":[683,384],"_rootPartCFrame":[764.282,227.606,38.695,-0.929,0,0.369,0,1,0,-0.369,0,-0.929],"_humanoidState":5,"_cameraCFrame":[762.952,242.533,36.068,-0.986,-0.164,0.029,0,0.174,0.985,-0.167,0.971,-0.171],"_shiftlockState":true,"_pose":"FreeFall","_animationQueue":[],"_animationSpeed":1,"_zoom":13.633},{"_mousePosition":[683,384],"_rootPartCFrame":[764.024,228.101,38.625,-0.955,0,0.296,0,1,0,-0.296,0,-0.955],"_humanoidState":5,"_cameraCFrame":[762.505,243.028,36.103,-0.996,-0.093,0.016,0,0.174,0.985,-0.094,0.98,-0.173],"_shiftlockState":true,"_pose":"FreeFall","_animationQueue":[],"_animationSpeed":1,"_zoom":13.633},{"_mousePosition":[683,384],"_rootPartCFrame":[763.762,228.542,38.577,-0.974,0,0.226,0,1,0,-0.226,0,-0.974],"_humanoidState":5,"_cameraCFrame":[762.058,243.465,36.155,-1,-0.019,0.003,0,0.175,0.985,-0.019,0.984,-0.175],"_shiftlockState":true,"_pose":"FreeFall","_animationQueue":[],"_animationSpeed":1,"_zoom":13.633},{"_mousePosition":[683,384],"_rootPartCFrame":[763.431,229.016,38.541,-0.983,0,0.185,0,1,0,-0.185,0,-0.983],"_humanoidState":5,"_cameraCFrame":[761.558,243.935,36.225,-0.999,0.051,-0.009,0,0.177,0.984,0.052,0.983,-0.177],"_shiftlockState":true,"_pose":"FreeFall","_animationQueue":[],"_animationSpeed":1,"_zoom":13.633},{"_mousePosition":[683,384],"_rootPartCFrame":[763.231,229.259,38.533,-0.999,0,0.048,0,1,0,-0.048,0,-0.999],"_humanoidState":5,"_cameraCFrame":[761.199,244.176,36.344,-0.993,0.12,-0.022,0,0.178,0.984,0.122,0.977,-0.176],"_shiftlockState":true,"_pose":"FreeFall","_animationQueue":[],"_animationSpeed":1,"_zoom":13.633},{"_mousePosition":[683,384],"_rootPartCFrame":[762.898,229.597,38.547,-0.999,0,0.044,0,1,0,-0.044,0,-0.999],"_humanoidState":5,"_cameraCFrame":[760.737,244.514,36.484,-0.983,0.179,-0.032,0,0.178,0.984,0.182,0.968,-0.175],"_shiftlockState":true,"_pose":"FreeFall","_animationQueue":[],"_animationSpeed":1,"_zoom":13.633},{"_mousePosition":[683,384],"_rootPartCFrame":[762.7,229.759,38.568,-0.997,0,-0.083,0,1,0,0.083,0,-0.997],"_humanoidState":5,"_cameraCFrame":[760.39,244.679,36.7,-0.966,0.254,-0.045,0,0.176,0.984,0.258,0.951,-0.17],"_shiftlockState":true,"_pose":"FreeFall","_animationQueue":[],"_animationSpeed":1,"_zoom":13.633},{"_mousePosition":[683,384],"_rootPartCFrame":[762.371,229.96,38.625,-0.996,0,-0.094,0,1,0,0.094,0,-0.996],"_humanoidState":5,"_cameraCFrame":[759.987,244.885,36.884,-0.954,0.296,-0.052,0,0.174,0.985,0.301,0.939,-0.166],"_shiftlockState":true,"_pose":"FreeFall","_animationQueue":[],"_animationSpeed":1,"_zoom":13.633},{"_mousePosition":[683,384],"_rootPartCFrame":[762.177,230.041,38.673,-0.979,0,-0.204,0,1,0,0.204,0,-0.979],"_humanoidState":5,"_cameraCFrame":[759.722,244.967,37.048,-0.94,0.337,-0.059,0,0.174,0.985,0.343,0.925,-0.163],"_shiftlockState":true,"_pose":"FreeFall","_animationQueue":[],"_animationSpeed":1,"_zoom":13.633},{"_mousePosition":[683,384],"_rootPartCFrame":[761.922,230.1,38.751,-0.977,0,-0.215,0,1,0,0.215,0,-0.977],"_humanoidState":5,"_cameraCFrame":[759.422,245.026,37.196,-0.929,0.363,-0.064,0,0.174,0.985,0.369,0.915,-0.161],"_shiftlockState":true,"_pose":"FreeFall","_animationQueue":[],"_animationSpeed":1,"_zoom":13.633},{"_mousePosition":[683,384],"_rootPartCFrame":[761.671,230.104,38.841,-0.97,0,-0.242,0,1,0,0.242,0,-0.97],"_humanoidState":5,"_cameraCFrame":[759.141,245.03,37.336,-0.922,0.381,-0.067,0,0.174,0.985,0.387,0.908,-0.16],"_shiftlockState":true,"_pose":"FreeFall","_animationQueue":[],"_animationSpeed":1,"_zoom":13.633},{"_mousePosition":[683,384],"_rootPartCFrame":[761.361,230.033,38.963,-0.973,0,-0.229,0,1,0,0.229,0,-0.973],"_humanoidState":5,"_cameraCFrame":[758.815,244.959,37.485,-0.918,0.391,-0.069,0,0.174,0.985,0.397,0.904,-0.159],"_shiftlockState":true,"_pose":"FreeFall","_animationQueue":[["fall",0.3]],"_animationSpeed":1,"_zoom":13.633},{"_mousePosition":[683,384],"_rootPartCFrame":[761.177,229.95,39.04,-0.953,0,-0.303,0,1,0,0.303,0,-0.953],"_humanoidState":5,"_cameraCFrame":[758.624,244.876,37.572,-0.916,0.395,-0.07,0,0.174,0.985,0.401,0.902,-0.159],"_shiftlockState":true,"_pose":"FreeFall","_animationQueue":[],"_animationSpeed":1,"_zoom":13.633},{"_mousePosition":[683,384],"_rootPartCFrame":[760.932,229.791,39.145,-0.961,0,-0.276,0,1,0,0.276,0,-0.961],"_humanoidState":5,"_cameraCFrame":[758.379,244.717,37.678,-0.916,0.395,-0.07,0,0.174,0.985,0.401,0.902,-0.159],"_shiftlockState":true,"_pose":"FreeFall","_animationQueue":[],"_animationSpeed":1,"_zoom":13.633},{"_mousePosition":[683,384],"_rootPartCFrame":[760.705,229.577,39.268,-0.956,0,-0.295,0,1,0,0.295,0,-0.956],"_humanoidState":5,"_cameraCFrame":[758.152,244.503,37.801,-0.916,0.395,-0.07,0,0.174,0.985,0.401,0.902,-0.159],"_shiftlockState":true,"_pose":"FreeFall","_animationQueue":[],"_animationSpeed":1,"_zoom":13.633},{"_mousePosition":[683,384],"_rootPartCFrame":[760.506,229.309,39.419,-0.953,0,-0.302,0,1,0,0.302,0,-0.953],"_humanoidState":5,"_cameraCFrame":[757.948,244.226,37.875,-0.92,0.385,-0.069,0,0.178,0.984,0.391,0.906,-0.163],"_shiftlockState":true,"_pose":"FreeFall","_animationQueue":[],"_animationSpeed":1,"_zoom":13.633},{"_mousePosition":[683,384],"_rootPartCFrame":[760.337,228.987,39.597,-0.956,0,-0.294,0,1,0,0.294,0,-0.956],"_humanoidState":5,"_cameraCFrame":[757.801,243.887,37.888,-0.933,0.354,-0.066,0,0.184,0.983,0.36,0.917,-0.172],"_shiftlockState":true,"_pose":"FreeFall","_animationQueue":[],"_animationSpeed":1,"_zoom":13.633},{"_mousePosition":[683,384],"_rootPartCFrame":[760.195,228.61,39.803,-0.965,0,-0.264,0,1,0,0.264,0,-0.965],"_humanoidState":5,"_cameraCFrame":[757.737,243.481,37.781,-0.955,0.29,-0.058,0,0.195,0.981,0.296,0.937,-0.186],"_shiftlockState":true,"_pose":"FreeFall","_animationQueue":[],"_animationSpeed":1,"_zoom":13.633},{"_mousePosition":[683,384],"_rootPartCFrame":[760.079,228.178,40.037,-0.979,0,-0.202,0,1,0,0.202,0,-0.979],"_humanoidState":5,"_cameraCFrame":[757.808,243.01,37.579,-0.981,0.19,-0.041,0,0.209,0.978,0.194,0.959,-0.205],"_shiftlockState":true,"_pose":"FreeFall","_animationQueue":[["fall",0.3]],"_animationSpeed":1,"_zoom":13.633},{"_mousePosition":[683,384],"_rootPartCFrame":[759.957,227.692,40.274,-0.995,0,-0.103,0,1,0,0.103,0,-0.995],"_humanoidState":5,"_cameraCFrame":[758.007,242.491,37.397,-0.998,0.066,-0.015,0,0.22,0.975,0.068,0.973,-0.22],"_shiftlockState":true,"_pose":"FreeFall","_animationQueue":[],"_animationSpeed":1,"_zoom":13.633},{"_mousePosition":[683,384],"_rootPartCFrame":[759.778,227.008,40.555,-0.999,0,0.043,0,1,0,-0.043,0,-0.999],"_humanoidState":5,"_cameraCFrame":[759.97,241.784,37.462,-0.998,-0.06,0.014,0,0.227,0.974,-0.062,0.972,-0.227],"_shiftlockState":false,"_pose":"FreeFall","_animationQueue":[],"_animationSpeed":1,"_zoom":13.633},{"_mousePosition":[683,384],"_rootPartCFrame":[759.612,226.4,40.763,-0.991,0,0.132,0,1,0,-0.132,0,-0.991],"_humanoidState":5,"_cameraCFrame":[759.804,241.176,37.67,-0.998,-0.06,0.014,0,0.227,0.974,-0.062,0.972,-0.227],"_shiftlockState":false,"_pose":"FreeFall","_animationQueue":[],"_animationSpeed":1,"_zoom":13.633},{"_mousePosition":[683,384],"_rootPartCFrame":[759.471,225.907,40.904,-0.98,0,0.201,0,1,0,-0.201,0,-0.98],"_humanoidState":5,"_cameraCFrame":[759.968,240.676,37.812,-0.987,-0.154,0.036,0,0.23,0.973,-0.159,0.961,-0.227],"_shiftlockState":false,"_pose":"FreeFall","_animationQueue":[],"_animationSpeed":1,"_zoom":13.633},{"_mousePosition":[683,384],"_rootPartCFrame":[759.272,225.203,41.082,-0.958,0,0.286,0,1,0,-0.286,0,-0.958],"_humanoidState":5,"_cameraCFrame":[760.054,239.967,38.027,-0.969,-0.241,0.057,0,0.231,0.973,-0.248,0.943,-0.224],"_shiftlockState":false,"_pose":"FreeFall","_animationQueue":[],"_animationSpeed":1,"_zoom":13.633},{"_mousePosition":[683,384],"_rootPartCFrame":[759.055,224.247,41.32,-0.955,0,0.298,0,1,0,-0.298,0,-0.955],"_humanoidState":5,"_cameraCFrame":[760.021,239.005,38.296,-0.953,-0.296,0.071,0,0.233,0.973,-0.304,0.926,-0.222],"_shiftlockState":false,"_pose":"FreeFall","_animationQueue":[["fall",0.3]],"_animationSpeed":1,"_zoom":13.633},{"_mousePosition":[683,384],"_rootPartCFrame":[758.951,223.632,41.479,-0.956,0,0.292,0,1,0,-0.292,0,-0.956],"_humanoidState":5,"_cameraCFrame":[760.057,238.378,38.447,-0.939,-0.333,0.081,0,0.237,0.972,-0.343,0.913,-0.222],"_shiftlockState":false,"_pose":"FreeFall","_animationQueue":[],"_animationSpeed":1,"_zoom":13.633},{"_mousePosition":[683,384],"_rootPartCFrame":[758.862,222.764,41.727,-0.957,0,0.291,0,1,0,-0.291,0,-0.957],"_humanoidState":7,"_cameraCFrame":[760.075,237.502,38.702,-0.928,-0.361,0.089,0,0.239,0.971,-0.372,0.901,-0.222],"_shiftlockState":false,"_pose":"FreeFall","_animationQueue":[["walk",0.1],["fall",0.3],["fall",0.3]],"_animationSpeed":1,"_zoom":13.633},{"_mousePosition":[683,384],"_rootPartCFrame":[758.772,222.617,41.978,-0.955,0,0.296,0,1,0,-0.296,0,-0.955],"_humanoidState":7,"_cameraCFrame":[760.064,237.347,38.95,-0.92,-0.381,0.095,0,0.241,0.97,-0.392,0.893,-0.222],"_shiftlockState":false,"_pose":"FreeFall","_animationQueue":[],"_animationSpeed":1,"_zoom":13.633},{"_mousePosition":[683,384],"_rootPartCFrame":[758.649,222.765,42.288,-0.951,0,0.308,0,1,0,-0.308,0,-0.951],"_humanoidState":8,"_cameraCFrame":[760.043,237.486,39.27,-0.908,-0.407,0.102,0,0.244,0.97,-0.419,0.88,-0.221],"_shiftlockState":false,"_pose":"Running","_animationQueue":[["walk",0.1],["fall",0.3],["walk",0.1]],"_animationSpeed":1.103,"_zoom":13.633},{"_mousePosition":[683,384],"_rootPartCFrame":[758.696,222.862,42.597,-0.973,0,0.229,0,1,0,-0.229,0,-0.973],"_humanoidState":8,"_cameraCFrame":[760.195,237.576,39.595,-0.895,-0.433,0.11,0,0.246,0.969,-0.447,0.867,-0.22],"_shiftlockState":false,"_pose":"Running","_animationQueue":[],"_animationSpeed":1.103,"_zoom":13.633},{"_mousePosition":[683,384],"_rootPartCFrame":[758.765,222.894,42.785,-0.986,0,0.17,0,1,0,-0.17,0,-0.986],"_humanoidState":8,"_cameraCFrame":[760.427,237.594,39.808,-0.873,-0.472,0.122,0,0.25,0.968,-0.487,0.845,-0.218],"_shiftlockState":false,"_pose":"Running","_animationQueue":[],"_animationSpeed":1.103,"_zoom":13.633},{"_mousePosition":[683,384],"_rootPartCFrame":[758.872,222.923,43.1,-0.996,0,0.084,0,1,0,-0.084,0,-0.996],"_humanoidState":8,"_cameraCFrame":[760.688,237.61,40.152,-0.851,-0.507,0.133,0,0.254,0.967,-0.524,0.824,-0.216],"_shiftlockState":false,"_pose":"Running","_animationQueue":[["walk",0.1]],"_animationSpeed":1.103,"_zoom":13.633},{"_mousePosition":[683,384],"_rootPartCFrame":[758.928,222.933,43.292,-0.999,0,0.043,0,1,0,-0.043,0,-0.999],"_humanoidState":8,"_cameraCFrame":[760.914,237.605,40.391,-0.825,-0.546,0.146,0,0.258,0.966,-0.565,0.797,-0.213],"_shiftlockState":false,"_pose":"Running","_animationQueue":[],"_animationSpeed":1.103,"_zoom":13.633},{"_mousePosition":[683,384],"_rootPartCFrame":[758.992,222.94,43.551,-1,0,0.001,0,1,0,-0.001,0,-1],"_humanoidState":8,"_cameraCFrame":[761.177,237.593,40.704,-0.793,-0.587,0.16,0,0.263,0.965,-0.609,0.765,-0.209],"_shiftlockState":false,"_pose":"Running","_animationQueue":[],"_animationSpeed":1.103,"_zoom":13.633},{"_mousePosition":[683,384],"_rootPartCFrame":[759.043,222.945,43.813,-1,0,-0.028,0,1,0,0.028,0,-1],"_humanoidState":8,"_cameraCFrame":[761.396,237.576,41.005,-0.766,-0.619,0.173,0,0.269,0.963,-0.642,0.738,-0.206],"_shiftlockState":false,"_pose":"Running","_animationQueue":[],"_animationSpeed":1.103,"_zoom":13.633},{"_mousePosition":[683,384],"_rootPartCFrame":[759.08,222.947,44.077,-0.999,0,-0.045,0,1,0,0.045,0,-0.999],"_humanoidState":8,"_cameraCFrame":[761.567,237.564,41.315,-0.743,-0.644,0.182,0,0.273,0.962,-0.669,0.715,-0.203],"_shiftlockState":false,"_pose":"Running","_animationQueue":[],"_animationSpeed":1.103,"_zoom":13.633},{"_mousePosition":[683,384],"_rootPartCFrame":[759.105,222.948,44.343,-0.999,0,-0.054,0,1,0,0.054,0,-0.999],"_humanoidState":8,"_cameraCFrame":[761.692,237.55,41.6,-0.727,-0.659,0.19,0,0.277,0.961,-0.686,0.699,-0.201],"_shiftlockState":false,"_pose":"Running","_animationQueue":[],"_animationSpeed":1.103,"_zoom":13.633},{"_mousePosition":[683,384],"_rootPartCFrame":[759.124,222.949,44.675,-0.998,0,-0.056,0,1,0,0.056,0,-0.998],"_humanoidState":8,"_cameraCFrame":[761.742,237.544,41.934,-0.723,-0.663,0.192,0,0.278,0.961,-0.691,0.695,-0.201],"_shiftlockState":false,"_pose":"Running","_animationQueue":[],"_animationSpeed":1.103,"_zoom":13.633},{"_mousePosition":[683,384],"_rootPartCFrame":[759.13,222.949,44.875,-0.999,0,-0.054,0,1,0,0.054,0,-0.999],"_humanoidState":8,"_cameraCFrame":[761.749,237.545,42.134,-0.723,-0.663,0.192,0,0.278,0.961,-0.691,0.695,-0.201],"_shiftlockState":false,"_pose":"Running","_animationQueue":[["walk",0.1]],"_animationSpeed":1.103,"_zoom":13.633},{"_mousePosition":[683,384],"_rootPartCFrame":[759.137,222.949,45.142,-0.999,0,-0.051,0,1,0,0.051,0,-0.999],"_humanoidState":8,"_cameraCFrame":[761.755,237.545,42.401,-0.723,-0.663,0.192,0,0.278,0.961,-0.691,0.695,-0.201],"_shiftlockState":false,"_pose":"Running","_animationQueue":[],"_animationSpeed":1.103,"_zoom":13.633},{"_mousePosition":[683,384],"_rootPartCFrame":[759.143,222.949,45.408,-0.999,0,-0.047,0,1,0,0.047,0,-0.999],"_humanoidState":8,"_cameraCFrame":[761.761,237.545,42.667,-0.723,-0.663,0.192,0,0.278,0.961,-0.691,0.695,-0.201],"_shiftlockState":false,"_pose":"Running","_animationQueue":[],"_animationSpeed":1.103,"_zoom":13.633},{"_mousePosition":[683,384],"_rootPartCFrame":[759.149,222.949,45.675,-0.999,0,-0.043,0,1,0,0.043,0,-0.999],"_humanoidState":8,"_cameraCFrame":[761.767,237.545,42.934,-0.723,-0.663,0.192,0,0.278,0.961,-0.691,0.695,-0.201],"_shiftlockState":false,"_pose":"Running","_animationQueue":[],"_animationSpeed":1.103,"_zoom":13.633},{"_mousePosition":[683,384],"_rootPartCFrame":[759.155,222.949,45.942,-0.999,0,-0.041,0,1,0,0.041,0,-0.999],"_humanoidState":8,"_cameraCFrame":[761.773,237.545,43.2,-0.723,-0.663,0.192,0,0.278,0.961,-0.691,0.695,-0.201],"_shiftlockState":false,"_pose":"Running","_animationQueue":[],"_animationSpeed":1.103,"_zoom":13.633},{"_mousePosition":[683,384],"_rootPartCFrame":[759.161,222.949,46.208,-0.999,0,-0.038,0,1,0,0.038,0,-0.999],"_humanoidState":8,"_cameraCFrame":[761.78,237.545,43.467,-0.723,-0.663,0.192,0,0.278,0.961,-0.691,0.695,-0.201],"_shiftlockState":false,"_pose":"Running","_animationQueue":[],"_animationSpeed":1.103,"_zoom":13.633},{"_mousePosition":[683,384],"_rootPartCFrame":[759.169,222.949,46.541,-0.999,0,-0.035,0,1,0,0.035,0,-0.999],"_humanoidState":8,"_cameraCFrame":[761.783,237.548,43.811,-0.722,-0.664,0.192,0,0.277,0.961,-0.691,0.694,-0.2],"_shiftlockState":false,"_pose":"Running","_animationQueue":[["walk",0.1]],"_animationSpeed":1.103,"_zoom":13.633},{"_mousePosition":[683,384],"_rootPartCFrame":[759.175,222.949,46.808,-0.999,0,-0.034,0,1,0,0.034,0,-0.999],"_humanoidState":8,"_cameraCFrame":[761.748,237.575,44.17,-0.716,-0.672,0.189,0,0.27,0.963,-0.698,0.689,-0.193],"_shiftlockState":false,"_pose":"Running","_animationQueue":[],"_animationSpeed":1.103,"_zoom":13.633},{"_mousePosition":[683,384],"_rootPartCFrame":[759.181,222.949,47.075,-0.999,0,-0.032,0,1,0,0.032,0,-0.999],"_humanoidState":8,"_cameraCFrame":[761.792,237.587,44.534,-0.697,-0.691,0.192,0,0.267,0.964,-0.717,0.672,-0.186],"_shiftlockState":false,"_pose":"Running","_animationQueue":[],"_animationSpeed":1.103,"_zoom":13.633},{"_mousePosition":[683,384],"_rootPartCFrame":[759.184,222.949,47.341,-1,0,-0.03,0,1,0,0.03,0,-1],"_humanoidState":8,"_cameraCFrame":[761.868,237.593,44.91,-0.671,-0.715,0.197,0,0.266,0.964,-0.741,0.647,-0.178],"_shiftlockState":false,"_pose":"Running","_animationQueue":[],"_animationSpeed":1.103,"_zoom":13.633},{"_mousePosition":[683,384],"_rootPartCFrame":[759.181,222.949,47.608,-1,0,-0.024,0,1,0,0.024,0,-1],"_humanoidState":8,"_cameraCFrame":[761.957,237.593,45.282,-0.642,-0.739,0.204,0,0.266,0.964,-0.767,0.619,-0.171],"_shiftlockState":false,"_pose":"Running","_animationQueue":[],"_animationSpeed":1.103,"_zoom":13.633},{"_mousePosition":[683,384],"_rootPartCFrame":[759.169,222.949,47.874,-1,0,-0.015,0,1,0,0.015,0,-1],"_humanoidState":8,"_cameraCFrame":[762.045,237.593,45.673,-0.608,-0.766,0.211,0,0.266,0.964,-0.794,0.586,-0.161],"_shiftlockState":false,"_pose":"Running","_animationQueue":[],"_animationSpeed":1.103,"_zoom":13.633},{"_mousePosition":[683,384],"_rootPartCFrame":[759.146,222.949,48.14,-1,0,-0.001,0,1,0,0.001,0,-1],"_humanoidState":8,"_cameraCFrame":[762.12,237.593,46.073,-0.571,-0.792,0.218,0,0.266,0.964,-0.821,0.55,-0.152],"_shiftlockState":false,"_pose":"Running","_animationQueue":[["walk",0.1]],"_animationSpeed":1.103,"_zoom":13.633},{"_mousePosition":[683,384],"_rootPartCFrame":[759.112,222.949,48.404,-1,0,0.016,0,1,0,-0.016,0,-1],"_humanoidState":8,"_cameraCFrame":[762.188,237.593,46.493,-0.528,-0.819,0.226,0,0.266,0.964,-0.849,0.509,-0.14],"_shiftlockState":false,"_pose":"Running","_animationQueue":[],"_animationSpeed":1.103,"_zoom":13.633},{"_mousePosition":[683,384],"_rootPartCFrame":[759.066,222.949,48.667,-0.999,0,0.037,0,1,0,-0.037,0,-0.999],"_humanoidState":8,"_cameraCFrame":[762.223,237.596,46.915,-0.485,-0.843,0.232,0,0.265,0.964,-0.874,0.468,-0.129],"_shiftlockState":false,"_pose":"Running","_animationQueue":[],"_animationSpeed":1.103,"_zoom":13.633},{"_mousePosition":[683,384],"_rootPartCFrame":[758.896,222.949,48.846,-0.988,0,0.156,0,1,0,-0.156,0,-0.988],"_humanoidState":8,"_cameraCFrame":[762.137,237.593,47.23,-0.446,-0.863,0.238,0,0.266,0.964,-0.895,0.43,-0.119],"_shiftlockState":false,"_pose":"Running","_animationQueue":[],"_animationSpeed":1.103,"_zoom":13.633},{"_mousePosition":[683,384],"_rootPartCFrame":[758.665,222.949,48.978,-0.961,0,0.275,0,1,0,-0.275,0,-0.961],"_humanoidState":8,"_cameraCFrame":[762.008,237.581,47.477,-0.409,-0.879,0.245,0,0.269,0.963,-0.912,0.394,-0.11],"_shiftlockState":false,"_pose":"Running","_animationQueue":[],"_animationSpeed":1.103,"_zoom":13.633},{"_mousePosition":[683,384],"_rootPartCFrame":[758.427,222.949,49.098,-0.925,0,0.38,0,1,0,-0.38,0,-0.925],"_humanoidState":8,"_cameraCFrame":[761.886,237.56,47.682,-0.379,-0.89,0.254,0,0.274,0.962,-0.926,0.364,-0.104],"_shiftlockState":false,"_pose":"Running","_animationQueue":[],"_animationSpeed":1.103,"_zoom":13.633},{"_mousePosition":[683,384],"_rootPartCFrame":[758.184,222.949,49.208,-0.881,0,0.472,0,1,0,-0.472,0,-0.881],"_humanoidState":8,"_cameraCFrame":[761.795,237.527,47.861,-0.349,-0.899,0.265,0,0.283,0.959,-0.937,0.335,-0.099],"_shiftlockState":false,"_pose":"Running","_animationQueue":[["walk",0.1]],"_animationSpeed":1.103,"_zoom":13.633},{"_mousePosition":[683,384],"_rootPartCFrame":[757.814,222.949,49.36,-0.807,0,0.59,0,1,0,-0.59,0,-0.807],"_humanoidState":8,"_cameraCFrame":[761.598,237.486,48.091,-0.318,-0.907,0.278,0,0.293,0.956,-0.948,0.304,-0.093],"_shiftlockState":false,"_pose":"Running","_animationQueue":[],"_animationSpeed":1.103,"_zoom":13.633},{"_mousePosition":[683,384],"_rootPartCFrame":[757.689,222.949,49.407,-0.783,0,0.622,0,1,0,-0.622,0,-0.783],"_humanoidState":8,"_cameraCFrame":[761.676,237.433,48.222,-0.285,-0.913,0.292,0,0.305,0.952,-0.959,0.271,-0.087],"_shiftlockState":false,"_pose":"Running","_animationQueue":[],"_animationSpeed":1.103,"_zoom":13.633},{"_mousePosition":[683,384],"_rootPartCFrame":[757.437,222.949,49.492,-0.733,0,0.68,0,1,0,-0.68,0,-0.733],"_humanoidState":8,"_cameraCFrame":[761.599,237.385,48.392,-0.256,-0.917,0.305,0,0.316,0.949,-0.967,0.243,-0.081],"_shiftlockState":false,"_pose":"Running","_animationQueue":[],"_animationSpeed":1.103,"_zoom":13.633},{"_mousePosition":[683,384],"_rootPartCFrame":[757.181,222.949,49.569,-0.682,0,0.731,0,1,0,-0.731,0,-0.682],"_humanoidState":8,"_cameraCFrame":[761.576,237.318,48.587,-0.218,-0.921,0.322,0,0.33,0.944,-0.976,0.206,-0.072],"_shiftlockState":false,"_pose":"Running","_animationQueue":[],"_animationSpeed":1.103,"_zoom":13.633},{"_mousePosition":[683,384],"_rootPartCFrame":[756.924,222.949,49.638,-0.632,0,0.775,0,1,0,-0.775,0,-0.632],"_humanoidState":8,"_cameraCFrame":[761.462,237.274,48.733,-0.195,-0.922,0.333,0,0.339,0.941,-0.981,0.184,-0.066],"_shiftlockState":false,"_pose":"Running","_animationQueue":[],"_animationSpeed":1.103,"_zoom":13.633},{"_mousePosition":[683,384],"_rootPartCFrame":[756.664,222.949,49.697,-0.583,0,0.812